1535160510403 0.234 0.923018 -0.30542 -0.536141 -0.93935 0.295653 0.173811 -0.197631 0.250729 0.246225 0.93622 0.428486 0.307823 -0.27122 0.911967 0.342104 -0.93984 -0.235922 0.247068 -0.491131 0.148143 -0.933156 -0.327525 0.472999 
1535160510420 0.235528 0.92332 -0.303326 -0.546041 -0.939152 0.296529 0.173391 -0.202184 0.25004 0.244031 0.936979 0.423169 0.290358 -0.258735 0.921275 0.346237 -0.949232 -0.199656 0.243097 -0.49044 0.121041 -0.945089 -0.303572 0.469717 
1535160510425 0.237055 0.923616 -0.301229 -0.555946 -0.938952 0.297404 0.172973 -0.206739 0.249347 0.241835 0.937732 0.417851 0.273217 -0.245476 0.930104 0.350368 -0.957413 -0.163215 0.238162 -0.489745 0.0933442 -0.955564 -0.279615 0.466435 
1535160511368 0.238579 0.923906 -0.299129 -0.565852 -0.938751 0.29828 0.172557 -0.211294 0.24865 0.239639 0.938481 0.412533 0.256431 -0.231464 0.938439 0.354499 -0.964368 -0.126662 0.232275 -0.48905 0.0651012 -0.964563 -0.255696 0.463153 
1535160511375 0.240101 0.924189 -0.297028 -0.575757 -0.938548 0.299157 0.172142 -0.215849 0.24795 0.237443 0.939224 0.407215 0.240027 -0.216724 0.946265 0.358631 -0.970085 -0.0900578 0.225443 -0.488356 0.0363598 -0.97207 -0.231857 0.459871 
1535160511544 0.241622 0.924467 -0.294924 -0.585661 -0.938343 0.300034 0.17173 -0.220404 0.247246 0.235246 0.939962 0.401897 0.224034 -0.20128 0.953569 0.362762 -0.974555 -0.0534661 0.217679 -0.487662 0.00716912 -0.978073 -0.208137 0.456588 
1535160512296 0.243141 0.924738 -0.292818 -0.595566 -0.938137 0.300912 0.17132 -0.224959 0.246538 0.233048 0.940695 0.396579 0.208481 -0.185161 0.960339 0.366893 -0.977769 -0.0169493 0.208997 -0.486967 -0.022421 -0.982562 -0.184578 0.453306 
1535160512924 0.244657 0.925003 -0.290709 -0.605472 -0.93793 0.30179 0.170911 -0.229514 0.245827 0.23085 0.941423 0.391261 0.193392 -0.168392 0.966563 0.371025 -0.979723 0.0194305 0.199411 -0.486273 -0.05236 -0.985529 -0.16122 0.450024 
1535160513249 0.246172 0.925262 -0.288599 -0.615376 -0.93772 0.302669 0.170505 -0.234069 0.245112 0.228651 0.942146 0.385944 0.178795 -0.151003 0.97223 0.375156 -0.980413 0.0556109 0.188937 -0.485579 -0.0825966 -0.986968 -0.138102 0.446741 
1535160514062 0.247686 0.925514 -0.286488 -0.625271 -0.937509 0.30355 0.1701 -0.238619 0.244393 0.226454 0.942863 0.380628 0.164713 -0.133023 0.97733 0.379288 -0.979838 0.0915302 0.177594 -0.484885 -0.113079 -0.986877 -0.115265 0.443459 
1535160515265 0.248409 0.92525 -0.286714 -0.625082 -0.937321 0.304278 0.169834 -0.238737 0.244379 0.226555 0.942842 0.381129 0.16446 -0.133786 0.977269 0.379002 -0.980024 0.0901672 0.177267 -0.485197 -0.111833 -0.9869 -0.116285 0.443492 
1535160515277 0.248488 0.925301 -0.286481 -0.626088 -0.937319 0.304293 0.16982 -0.239179 0.244309 0.226326 0.942916 0.380548 0.165776 -0.131704 0.977329 0.379439 -0.980141 0.0873535 0.178025 -0.485417 -0.10882 -0.987433 -0.114607 0.443391 
1535160515284 0.248567 0.925352 -0.286247 -0.627098 -0.937316 0.304308 0.169806 -0.239623 0.244238 0.226095 0.942989 0.379966 0.167085 -0.129617 0.977385 0.379877 -0.980249 0.0845402 0.178786 -0.485638 -0.105802 -0.987954 -0.112932 0.443289 
1535160515623 0.248646 0.925404 -0.286012 -0.62811 -0.937314 0.304323 0.169793 -0.240068 0.244167 0.225865 0.943063 0.379383 0.168387 -0.127526 0.977437 0.380314 -0.980348 0.0817277 0.179552 -0.485859 -0.102781 -0.988462 -0.111258 0.443188 
1535160515704 0.248724 0.925455 -0.285778 -0.629121 -0.937312 0.304338 0.169779 -0.240513 0.244096 0.225635 0.943136 0.378801 0.169684 -0.125431 0.977484 0.380751 -0.980437 0.078916 0.180323 -0.48608 -0.0997572 -0.988959 -0.109586 0.443086 
1535160515712 0.248803 0.925506 -0.285544 -0.630131 -0.937309 0.304353 0.169766 -0.240957 0.244025 0.225405 0.94321 0.378219 0.170973 -0.123332 0.977526 0.381189 -0.980516 0.0761054 0.181098 -0.486301 -0.0967301 -0.989443 -0.107917 0.442985 
1535160515890 0.248882 0.925557 -0.285309 -0.631142 -0.937307 0.304368 0.169752 -0.241401 0.243955 0.225174 0.943283 0.377637 0.172256 -0.121228 0.977564 0.381626 -0.980586 0.0732958 0.181878 -0.486521 -0.0937001 -0.989915 -0.106249 0.442884 
1535160515897 0.24896 0.925609 -0.285075 -0.632154 -0.937304 0.304383 0.169739 -0.241846 0.243884 0.224944 0.943356 0.377054 0.173532 -0.119121 0.977597 0.382064 -0.980646 0.0704872 0.182662 -0.486742 -0.090667 -0.990375 -0.104584 0.442782 
1535160516238 0.249039 0.92566 -0.284841 -0.633164 -0.937302 0.304398 0.169725 -0.24229 0.243813 0.224713 0.94343 0.376472 0.174802 -0.117009 0.977626 0.382501 -0.980696 0.0676797 0.183451 -0.486963 -0.0876309 -0.990822 -0.10292 0.442681 
1535160516394 0.249117 0.925711 -0.284606 -0.634175 -0.9373 0.304413 0.169712 -0.242735 0.243742 0.224483 0.943503 0.37589 0.176065 -0.114894 0.977651 0.382938 -0.980737 0.0648733 0.184244 -0.487184 -0.084592 -0.991257 -0.101259 0.442579 
1535160516781 0.249755 0.925406 -0.285037 -0.632936 -0.937071 0.305155 0.169641 -0.24243 0.243967 0.224731 0.943385 0.376777 0.175662 -0.115695 0.977629 0.382711 -0.980735 0.0656345 0.183987 -0.487064 -0.0854525 -0.991114 -0.101936 0.44262 
1535160516793 0.24916 0.925225 -0.286142 -0.633074 -0.937092 0.304918 0.169955 -0.242552 0.244497 0.225795 0.942994 0.37681 0.176877 -0.114049 0.977603 0.382868 -0.98103 0.0596355 0.184454 -0.487219 -0.0793366 -0.991684 -0.101337 0.442595 
1535160517069 0.248605 0.925028 -0.287262 -0.633196 -0.937097 0.304725 0.170268 -0.242687 0.245039 0.226863 0.942597 0.376858 0.178083 -0.112396 0.977575 0.383025 -0.981288 0.0536351 0.184926 -0.487376 -0.0732172 -0.992215 -0.100741 0.44257 
1535160517166 0.248049 0.924829 -0.288382 -0.633317 -0.937103 0.304532 0.170582 -0.242821 0.24558 0.227931 0.942198 0.376906 0.179279 -0.110735 0.977546 0.383183 -0.981508 0.0476334 0.185401 -0.487534 -0.0670942 -0.992708 -0.100148 0.442545 
1535160517172 0.247492 0.924628 -0.289501 -0.633439 -0.937108 0.30434 0.170895 -0.242956 0.246121 0.228998 0.941798 0.376954 0.180464 -0.109067 0.977516 0.383341 -0.98169 0.0416307 0.18588 -0.487693 -0.060968 -0.993162 -0.0995573 0.44252 
1535160517391 0.246935 0.924426 -0.290619 -0.633561 -0.937113 0.304148 0.171209 -0.243091 0.246661 0.230066 0.941397 0.377002 0.181639 -0.107392 0.977484 0.3835 -0.981835 0.0356272 0.186362 -0.487852 -0.0548388 -0.993578 -0.0989698 0.442496 
1535160517500 0.246377 0.924223 -0.291737 -0.633682 -0.937118 0.303956 0.171522 -0.243225 0.2472 0.231133 0.940994 0.37705 0.182804 -0.105709 0.97745 0.383657 -0.981942 0.0296233 0.186847 -0.48801 -0.0487068 -0.993956 -0.0983852 0.442471 
1535160517506 0.245818 0.924018 -0.292854 -0.633804 -0.937123 0.303765 0.171837 -0.24336 0.247739 0.2322 0.940589 0.377098 0.183957 -0.10402 0.977415 0.383815 -0.982012 0.0236191 0.187336 -0.488167 -0.0425723 -0.994295 -0.0978035 0.442446 
1535160517760 0.245258 0.923812 -0.293971 -0.633926 -0.937127 0.303574 0.172151 -0.243495 0.248277 0.233267 0.940183 0.377146 0.185101 -0.102323 0.977378 0.383974 -0.982044 0.0176148 0.187829 -0.488327 -0.0364355 -0.994595 -0.0972249 0.442421 
1535160517888 0.244698 0.923605 -0.295087 -0.634047 -0.937131 0.303383 0.172465 -0.243629 0.248814 0.234334 0.939776 0.377194 0.186234 -0.100619 0.97734 0.384131 -0.982038 0.0116107 0.188324 -0.488484 -0.0302966 -0.994857 -0.0966492 0.442396 
1535160518445 0.245409 0.923743 -0.294064 -0.633917 -0.937072 0.303749 0.172142 -0.243592 0.248336 0.233314 0.940156 0.377114 0.185746 -0.10113 0.97738 0.383983 -0.982086 0.0129833 0.187984 -0.488459 -0.0317004 -0.994789 -0.0969065 0.44239 
1535160518455 0.244572 0.9239 -0.294267 -0.633993 -0.937071 0.303197 0.173118 -0.243774 0.249164 0.233409 0.939913 0.377151 0.185685 -0.102036 0.977297 0.383957 -0.982099 0.0127852 0.187932 -0.488469 -0.0316709 -0.994699 -0.0978358 0.4425 
1535160518464 0.243735 0.924057 -0.294468 -0.634072 -0.937068 0.302645 0.174094 -0.243958 0.249992 0.233504 0.93967 0.377188 0.185625 -0.102943 0.977214 0.383931 -0.982111 0.0125865 0.187881 -0.48848 -0.0316407 -0.994608 -0.0987647 0.44261 
1535160518654 0.242897 0.924214 -0.294668 -0.634152 -0.937065 0.302093 0.17507 -0.244141 0.25082 0.233599 0.939426 0.377225 0.185563 -0.10385 0.977129 0.383905 -0.982124 0.0123885 0.187828 -0.48849 -0.0316111 -0.994516 -0.0996946 0.442721 
1535160518660 0.24206 0.92437 -0.294868 -0.634232 -0.93706 0.30154 0.176046 -0.244325 0.251647 0.233695 0.939181 0.377261 0.185502 -0.104756 0.977044 0.383879 -0.982136 0.0121901 0.187776 -0.4885 -0.031581 -0.994423 -0.100624 0.442831 
1535160518699 0.241222 0.924526 -0.295066 -0.634312 -0.937054 0.300988 0.177023 -0.244509 0.252473 0.233791 0.938935 0.377298 0.185442 -0.105663 0.976958 0.383852 -0.982149 0.0119918 0.187724 -0.48851 -0.0315509 -0.99433 -0.101553 0.442941 
1535160518865 0.240383 0.924681 -0.295264 -0.634391 -0.937046 0.300435 0.177999 -0.244693 0.2533 0.233888 0.938688 0.377335 0.185381 -0.106569 0.976871 0.383826 -0.982161 0.0117936 0.187671 -0.488521 -0.0315208 -0.994235 -0.102482 0.443051 
1535160518869 0.239545 0.924836 -0.295461 -0.634472 -0.937037 0.299883 0.178975 -0.244877 0.254126 0.233985 0.938441 0.377371 0.18532 -0.107476 0.976783 0.3838 -0.982174 0.0115958 0.187618 -0.488531 -0.031491 -0.99414 -0.103411 0.443161 
1535160518990 0.238706 0.92499 -0.295657 -0.634551 -0.937027 0.29933 0.179951 -0.245061 0.254952 0.234083 0.938192 0.377408 0.185259 -0.108383 0.976695 0.383774 -0.982186 0.0113977 0.187565 -0.488541 -0.0314609 -0.994044 -0.10434 0.443272 
1535160519120 0.237866 0.925144 -0.295852 -0.634632 -0.937015 0.298777 0.180927 -0.245245 0.255777 0.234181 0.937943 0.377444 0.185198 -0.109289 0.976605 0.383748 -0.982198 0.0111996 0.187512 -0.488552 -0.0314305 -0.993947 -0.105269 0.443382 
1535160519478 0.238481 0.925031 -0.29571 -0.634573 -0.937032 0.299175 0.180182 -0.245141 0.255143 0.23412 0.938131 0.377431 0.185154 -0.108346 0.976719 0.383762 -0.982199 0.0116393 0.187484 -0.488571 -0.0316814 -0.994045 -0.104262 0.443262 
1535160519490 0.238261 0.925206 -0.295339 -0.634626 -0.937265 0.298731 0.179706 -0.245197 0.254492 0.233994 0.938339 0.377398 0.185073 -0.109274 0.97663 0.383748 -0.982232 0.0109028 0.187355 -0.488603 -0.0311211 -0.993952 -0.105315 0.443393 
1535160519500 0.238039 0.925382 -0.294966 -0.634683 -0.937498 0.298285 0.179229 -0.245255 0.25384 0.233867 0.938548 0.377364 0.184993 -0.110203 0.976541 0.383734 -0.982264 0.0101673 0.187225 -0.488635 -0.0305616 -0.993857 -0.106368 0.443525 
1535160519513 0.237817 0.925558 -0.294594 -0.634742 -0.937731 0.297839 0.178753 -0.245314 0.253188 0.233739 0.938755 0.37733 0.184914 -0.111133 0.976451 0.383721 -0.982297 0.00943192 0.187095 -0.488667 -0.0300021 -0.993761 -0.107421 0.443656 
1535160519678 0.237594 0.925733 -0.294222 -0.634799 -0.937963 0.297394 0.178276 -0.245371 0.252536 0.233612 0.938963 0.377296 0.184836 -0.112062 0.97636 0.383707 -0.982328 0.00869659 0.186964 -0.488699 -0.0294425 -0.993663 -0.108474 0.443787 
1535160519693 0.237372 0.925909 -0.293849 -0.634857 -0.938195 0.296948 0.1778 -0.24543 0.251884 0.233483 0.93917 0.377262 0.184757 -0.112991 0.976267 0.383693 -0.98236 0.00796142 0.186832 -0.488731 -0.0288827 -0.993564 -0.109526 0.443918 
1535160519709 0.237148 0.926084 -0.293477 -0.634915 -0.938426 0.296503 0.177323 -0.245488 0.251232 0.233355 0.939376 0.377228 0.18468 -0.11392 0.976174 0.38368 -0.982391 0.00722633 0.186699 -0.488763 -0.0283228 -0.993464 -0.110579 0.44405 
1535160519812 0.236925 0.926259 -0.293105 -0.634973 -0.938656 0.296057 0.176845 -0.245546 0.25058 0.233226 0.939582 0.377194 0.184603 -0.114848 0.97608 0.383666 -0.982421 0.00649139 0.186566 -0.488795 -0.0277629 -0.993362 -0.111631 0.444181 
1535160519928 0.236702 0.926434 -0.292733 -0.635031 -0.938887 0.295612 0.176368 -0.245605 0.249928 0.233097 0.939788 0.37716 0.184527 -0.115777 0.975984 0.383652 -0.982451 0.00575646 0.186432 -0.488827 -0.0272028 -0.993259 -0.112683 0.444312 
1535160519961 0.236478 0.926608 -0.292361 -0.635088 -0.939117 0.295166 0.17589 -0.245663 0.249276 0.232967 0.939993 0.377126 0.18445 -0.116706 0.975888 0.383639 -0.982481 0.00502184 0.186297 -0.488859 -0.0266427 -0.993154 -0.113735 0.444444 
1535160520224 0.236871 0.926275 -0.293097 -0.634992 -0.938694 0.295982 0.176771 -0.245551 0.25049 0.233257 0.939599 0.377155 0.184748 -0.115685 0.975953 0.383711 -0.982412 0.00565039 0.186641 -0.488718 -0.0271061 -0.99327 -0.112607 0.444388 
1535160520236 0.237419 0.926338 -0.292455 -0.634997 -0.938779 0.296172 0.175999 -0.245525 0.249651 0.232765 0.939944 0.377094 0.184429 -0.116231 0.975949 0.3837 -0.982382 0.00870252 0.186681 -0.488793 -0.0301913 -0.993184 -0.112578 0.444365 
1535160520412 0.237966 0.926401 -0.291811 -0.635004 -0.938863 0.296363 0.175228 -0.2455 0.248813 0.232272 0.940288 0.377033 0.184106 -0.116777 0.975945 0.383689 -0.982343 0.0117554 0.186719 -0.488865 -0.0332771 -0.993089 -0.112551 0.444344 
1535160520428 0.238513 0.926463 -0.291166 -0.635011 -0.938946 0.296554 0.174458 -0.245475 0.247975 0.231778 0.940631 0.376972 0.18378 -0.117322 0.975941 0.383678 -0.982295 0.0148083 0.186757 -0.488935 -0.0363627 -0.992984 -0.112523 0.444324 
1535160520568 0.239059 0.926525 -0.290521 -0.635019 -0.939028 0.296747 0.173687 -0.24545 0.247136 0.231286 0.940973 0.37691 0.183453 -0.117866 0.975937 0.383667 -0.982237 0.017861 0.186794 -0.489005 -0.0394479 -0.992869 -0.112496 0.444303 
1535160520606 0.239605 0.926586 -0.289875 -0.635028 -0.93911 0.296938 0.172916 -0.245425 0.246297 0.230793 0.941314 0.376849 0.183124 -0.118409 0.975933 0.383656 -0.982169 0.0209135 0.186831 -0.489075 -0.0425327 -0.992745 -0.112468 0.444282 
1535160520613 0.240149 0.926647 -0.289229 -0.635035 -0.939191 0.29713 0.172146 -0.2454 0.245457 0.2303 0.941654 0.376788 0.182794 -0.118951 0.975929 0.383645 -0.982092 0.0239655 0.186869 -0.489146 -0.0456169 -0.992611 -0.11244 0.444261 
1535160520704 0.240693 0.926708 -0.288582 -0.635042 -0.939271 0.297323 0.171375 -0.245374 0.244617 0.229808 0.941993 0.376727 0.182462 -0.119492 0.975925 0.383634 -0.982006 0.0270174 0.186907 -0.489218 -0.0487008 -0.992468 -0.112412 0.44424 
1535160520709 0.241236 0.926768 -0.287935 -0.63505 -0.93935 0.297516 0.170604 -0.24535 0.243776 0.229315 0.942331 0.376665 0.182128 -0.120031 0.975921 0.383623 -0.98191 0.0300691 0.186944 -0.489287 -0.0517842 -0.992315 -0.112384 0.444219 
1535160520771 0.241779 0.926827 -0.287287 -0.635058 -0.939428 0.29771 0.169834 -0.245325 0.242935 0.228823 0.942668 0.376604 0.181793 -0.12057 0.975917 0.383612 -0.981805 0.0331204 0.186981 -0.489358 -0.0548671 -0.992152 -0.112355 0.444197 
1535160521147 0.240961 0.926736 -0.288266 -0.635018 -0.93927 0.297456 0.171147 -0.245355 0.244355 0.22952 0.942131 0.376716 0.182436 -0.119553 0.975922 0.383663 -0.981932 0.0285963 0.187063 -0.489164 -0.0502716 -0.992416 -0.112176 0.444225 
1535160521159 0.241705 0.926649 -0.287925 -0.634834 -0.939194 0.297994 0.170626 -0.245225 0.243911 0.229176 0.94233 0.37675 0.183377 -0.119486 0.975754 0.383708 -0.981866 0.0262854 0.187745 -0.489357 -0.0480808 -0.992488 -0.112499 0.444226 
1535160521308 0.24245 0.92656 -0.287583 -0.634644 -0.939118 0.298532 0.170104 -0.245093 0.243465 0.228833 0.942529 0.376784 0.184318 -0.119417 0.975585 0.383754 -0.981795 0.0239746 0.188426 -0.489554 -0.0458905 -0.992555 -0.112824 0.444228 
1535160521319 0.243194 0.926471 -0.287241 -0.634453 -0.939041 0.299071 0.169583 -0.24496 0.243019 0.22849 0.942727 0.376819 0.185259 -0.119345 0.975416 0.383801 -0.981718 0.0216638 0.189107 -0.489752 -0.0437002 -0.992616 -0.11315 0.44423 
1535160521326 0.243938 0.926382 -0.286899 -0.634264 -0.938964 0.299609 0.169061 -0.244827 0.242572 0.228147 0.942925 0.376854 0.1862 -0.119272 0.975246 0.383847 -0.981635 0.0193529 0.189787 -0.489948 -0.04151 -0.992673 -0.113478 0.444231 
1535160521466 0.244681 0.926292 -0.286556 -0.634075 -0.938886 0.300147 0.16854 -0.244695 0.242126 0.227805 0.943122 0.376888 0.18714 -0.119196 0.975075 0.383893 -0.981546 0.017042 0.190465 -0.490145 -0.03932 -0.992724 -0.113807 0.444233 
1535160521743 0.245425 0.926201 -0.286213 -0.633885 -0.938807 0.300686 0.168018 -0.244563 0.241679 0.227463 0.94332 0.376923 0.18808 -0.119118 0.974903 0.38394 -0.981452 0.014731 0.191144 -0.490341 -0.03713 -0.992771 -0.114138 0.444234 
1535160521749 0.246168 0.92611 -0.285869 -0.633696 -0.938727 0.301224 0.167497 -0.244431 0.241231 0.227121 0.943517 0.376957 0.18902 -0.119038 0.974731 0.383986 -0.981351 0.01242 0.19182 -0.490538 -0.0349402 -0.992812 -0.114471 0.444236 
1535160521757 0.246911 0.926019 -0.285525 -0.633505 -0.938647 0.301763 0.166976 -0.244298 0.240784 0.226779 0.943713 0.376992 0.18996 -0.118956 0.974559 0.384032 -0.981245 0.0101089 0.192498 -0.490734 -0.0327504 -0.992848 -0.114805 0.444238 
1535160521910 0.247653 0.925927 -0.285181 -0.633316 -0.938566 0.302301 0.166455 -0.244166 0.240336 0.226438 0.943909 0.377027 0.190899 -0.118872 0.974386 0.384078 -0.981134 0.00779797 0.193172 -0.490931 -0.0305609 -0.992879 -0.11514 0.444239 
1535160522325 0.247259 0.925943 -0.285471 -0.633502 -0.938527 0.302112 0.167022 -0.244303 0.240897 0.226624 0.943722 0.377007 0.190565 -0.118881 0.97445 0.384099 -0.981163 0.00898151 0.192973 -0.490751 -0.0316929 -0.992868 -0.11493 0.444277 
1535160522334 0.247494 0.925868 -0.285509 -0.633159 -0.93847 0.302339 0.166932 -0.244179 0.240877 0.226627 0.943726 0.377132 0.191225 -0.118782 0.974333 0.38414 -0.981112 0.00640593 0.193336 -0.490946 -0.0292063 -0.9929 -0.115313 0.444251 
1535160522341 0.247729 0.925792 -0.285549 -0.632809 -0.938412 0.302566 0.166842 -0.244052 0.240859 0.226631 0.943729 0.377258 0.191886 -0.11868 0.974215 0.384182 -0.981053 0.0038315 0.1937 -0.491143 -0.0267211 -0.992925 -0.115697 0.444225 
1535160522580 0.247965 0.925717 -0.285589 -0.632461 -0.938355 0.302794 0.166752 -0.243926 0.24084 0.226635 0.943733 0.377383 0.192546 -0.118577 0.974097 0.384224 -0.980989 0.00125721 0.194061 -0.49134 -0.024236 -0.992944 -0.116081 0.444199 
1535160522587 0.2482 0.925642 -0.285629 -0.632112 -0.938297 0.303022 0.166662 -0.2438 0.240821 0.22664 0.943737 0.377509 0.193206 -0.118473 0.973979 0.384266 -0.980917 -0.00131699 0.194422 -0.491536 -0.021751 -0.992956 -0.116466 0.444173 
1535160522856 0.248436 0.925566 -0.285669 -0.631764 -0.93824 0.303249 0.166572 -0.243674 0.240802 0.226644 0.943741 0.377635 0.193866 -0.118366 0.973861 0.384308 -0.980839 -0.00389125 0.194782 -0.491733 -0.0192661 -0.992962 -0.116853 0.444147 
1535160523024 0.248672 0.925491 -0.285709 -0.631415 -0.938182 0.303476 0.166482 -0.243547 0.240784 0.226648 0.943745 0.37776 0.194525 -0.118258 0.973743 0.38435 -0.980754 -0.00646535 0.19514 -0.49193 -0.0167813 -0.992962 -0.11724 0.444121 
1535160523052 0.248907 0.925415 -0.285749 -0.631067 -0.938125 0.303704 0.166392 -0.243421 0.240765 0.226652 0.943749 0.377886 0.195184 -0.118148 0.973624 0.384392 -0.980662 -0.00903947 0.195498 -0.492126 -0.0142967 -0.992955 -0.117628 0.444095 
1535160523210 0.249143 0.925339 -0.285789 -0.630718 -0.938067 0.303931 0.166302 -0.243295 0.240746 0.226656 0.943752 0.378012 0.195843 -0.118037 0.973506 0.384434 -0.980564 -0.0116134 0.195855 -0.492323 -0.0118123 -0.992941 -0.118017 0.444069 
1535160523217 0.249378 0.925264 -0.285829 -0.630369 -0.938009 0.304159 0.166212 -0.243169 0.240727 0.22666 0.943756 0.378137 0.196501 -0.117923 0.973387 0.384476 -0.980459 -0.0141872 0.19621 -0.492519 -0.00932809 -0.992921 -0.118407 0.444043 
1535160523601 0.248852 0.92541 -0.285812 -0.630621 -0.938103 0.303697 0.166528 -0.243116 0.240907 0.22668 0.943706 0.378051 0.196072 -0.117844 0.973483 0.384467 -0.980532 -0.0127709 0.195946 -0.492378 -0.0106588 -0.99295 -0.118054 0.444124 
1535160523613 0.248756 0.92539 -0.285961 -0.630127 -0.938001 0.303751 0.167 -0.242958 0.241401 0.22669 0.943577 0.378197 0.196305 -0.118368 0.973372 0.384518 -0.980484 -0.0127838 0.196184 -0.492504 -0.0107786 -0.992887 -0.118568 0.444127 
1535160523634 0.24866 0.925369 -0.286111 -0.629628 -0.937899 0.303807 0.167471 -0.242798 0.241895 0.2267 0.943448 0.378343 0.196539 -0.118892 0.973261 0.384568 -0.980435 -0.0127971 0.196424 -0.492631 -0.0108984 -0.992825 -0.119081 0.444129 
1535160523756 0.248565 0.925349 -0.286261 -0.62913 -0.937797 0.303862 0.167942 -0.242637 0.242389 0.22671 0.943319 0.37849 0.196773 -0.119416 0.97315 0.384619 -0.980387 -0.0128105 0.196664 -0.492758 -0.0110184 -0.992762 -0.119595 0.444132 
1535160523820 0.24847 0.925328 -0.286411 -0.62863 -0.937694 0.303918 0.168413 -0.242477 0.242882 0.226721 0.943189 0.378637 0.197007 -0.11994 0.973038 0.38467 -0.980339 -0.012824 0.196904 -0.492884 -0.0111384 -0.992698 -0.120108 0.444135 
1535160523827 0.248374 0.925307 -0.286561 -0.628131 -0.937592 0.303974 0.168884 -0.242316 0.243376 0.226731 0.943059 0.378784 0.19724 -0.120464 0.972926 0.384721 -0.980291 -0.0128376 0.197144 -0.493011 -0.0112586 -0.992635 -0.120622 0.444137 
1535160523968 0.248279 0.925286 -0.286711 -0.627633 -0.937489 0.304029 0.169355 -0.242156 0.24387 0.226741 0.94293 0.37893 0.197474 -0.120988 0.972813 0.384772 -0.980242 -0.0128515 0.197384 -0.493138 -0.0113789 -0.992571 -0.121135 0.44414 
1535160523974 0.248183 0.925265 -0.286861 -0.627133 -0.937386 0.304085 0.169825 -0.241995 0.244363 0.226751 0.942799 0.379077 0.197707 -0.121511 0.972701 0.384822 -0.980194 -0.0128654 0.197623 -0.493265 -0.0114993 -0.992507 -0.121648 0.444143 
1535160524151 0.248087 0.925245 -0.28701 -0.626635 -0.937282 0.304141 0.170296 -0.241835 0.244857 0.226761 0.942669 0.379224 0.197941 -0.122035 0.972588 0.384873 -0.980145 -0.0128794 0.197863 -0.493391 -0.0116199 -0.992442 -0.122162 0.444146 
1535160524196 0.247991 0.925224 -0.28716 -0.626136 -0.937178 0.304196 0.170767 -0.241675 0.245351 0.226771 0.942538 0.37937 0.198174 -0.122559 0.972474 0.384924 -0.980096 -0.0128936 0.198103 -0.493518 -0.0117405 -0.992377 -0.122675 0.444148 
1535160524664 0.248155 0.925225 -0.287017 -0.626327 -0.937159 0.304303 0.17068 -0.241775 0.245258 0.226625 0.942597 0.379362 0.198062 -0.121895 0.972581 0.384901 -0.98012 -0.0128447 0.197987 -0.493301 -0.0116411 -0.99246 -0.122015 0.444098 
1535160524678 0.2482 0.925187 -0.287099 -0.626091 -0.937043 0.304458 0.171041 -0.24166 0.245655 0.226571 0.942507 0.379419 0.19846 -0.122394 0.972437 0.384973 -0.98004 -0.0130087 0.198374 -0.493448 -0.0116296 -0.992396 -0.122532 0.444103 
1535160524685 0.24826 0.925151 -0.287161 -0.625894 -0.936937 0.30461 0.171354 -0.241562 0.246001 0.226511 0.942431 0.379474 0.19886 -0.122892 0.972292 0.385046 -0.979959 -0.0131731 0.198763 -0.493598 -0.0116182 -0.992333 -0.123049 0.444107 
1535160524691 0.24832 0.925116 -0.287223 -0.625698 -0.93683 0.304763 0.171667 -0.241464 0.246347 0.226451 0.942355 0.379529 0.199259 -0.12339 0.972147 0.385119 -0.979878 -0.0133377 0.199151 -0.493747 -0.0116071 -0.992269 -0.123565 0.444112 
1535160524699 0.24838 0.925081 -0.287286 -0.625502 -0.936723 0.304915 0.17198 -0.241366 0.246693 0.226391 0.942279 0.379584 0.199659 -0.123889 0.972002 0.385192 -0.979797 -0.0135025 0.199539 -0.493896 -0.0115962 -0.992204 -0.124082 0.444117 
1535160524910 0.24844 0.925045 -0.287348 -0.625306 -0.936616 0.305067 0.172293 -0.241269 0.24704 0.22633 0.942203 0.379639 0.200058 -0.124387 0.971856 0.385265 -0.979716 -0.0136674 0.199927 -0.494045 -0.0115855 -0.99214 -0.124598 0.444122 
1535160524931 0.2485 0.92501 -0.287411 -0.625109 -0.936508 0.30522 0.172606 -0.241171 0.247386 0.22627 0.942126 0.379694 0.200458 -0.124885 0.97171 0.385338 -0.979634 -0.0138326 0.200315 -0.494194 -0.011575 -0.992075 -0.125114 0.444127 
1535160524999 0.24856 0.924974 -0.287473 -0.624914 -0.936401 0.305372 0.172919 -0.241073 0.247732 0.226209 0.94205 0.379749 0.200857 -0.125383 0.971563 0.385411 -0.979552 -0.013998 0.200702 -0.494343 -0.0115647 -0.99201 -0.125631 0.444131 
1535160525165 0.24862 0.924939 -0.287536 -0.624716 -0.936294 0.305524 0.173232 -0.240975 0.248078 0.226149 0.941973 0.379804 0.201257 -0.125881 0.971416 0.385484 -0.97947 -0.0141637 0.20109 -0.494492 -0.0115546 -0.991944 -0.126147 0.444136 
1535160525200 0.248679 0.924903 -0.287598 -0.624521 -0.936186 0.305676 0.173544 -0.240877 0.248424 0.226088 0.941897 0.379859 0.201656 -0.126378 0.971269 0.385556 -0.979388 -0.0143293 0.201477 -0.494641 -0.0115447 -0.991879 -0.126663 0.444141 
1535160525441 0.248447 0.924986 -0.287532 -0.624789 -0.936382 0.30532 0.173112 -0.240846 0.247915 0.226231 0.941997 0.3797 0.201258 -0.125937 0.971409 0.385474 -0.979468 -0.0139955 0.201113 -0.494492 -0.0117323 -0.991939 -0.126168 0.44407 
1535160525454 0.248436 0.92491 -0.287787 -0.624377 -0.93633 0.305408 0.173243 -0.240691 0.248126 0.226423 0.941895 0.379822 0.201494 -0.125555 0.971409 0.385518 -0.979428 -0.0146809 0.201259 -0.494585 -0.0110079 -0.991978 -0.12593 0.444012 
1535160525459 0.248433 0.924832 -0.288039 -0.623973 -0.936278 0.305501 0.17336 -0.240542 0.248325 0.226617 0.941796 0.379944 0.201729 -0.125172 0.97141 0.385562 -0.979387 -0.015366 0.201405 -0.494678 -0.0102836 -0.992016 -0.125692 0.443954 
1535160525474 0.248431 0.924754 -0.288292 -0.623568 -0.936225 0.305594 0.173477 -0.240393 0.248524 0.22681 0.941697 0.380065 0.201964 -0.124789 0.97141 0.385606 -0.979346 -0.0160511 0.201552 -0.494772 -0.00955926 -0.992053 -0.125453 0.443896 
1535160525698 0.248428 0.924676 -0.288545 -0.623165 -0.936173 0.305687 0.173594 -0.240244 0.248723 0.227003 0.941598 0.380186 0.202198 -0.124406 0.971411 0.385651 -0.979305 -0.016736 0.201698 -0.494865 -0.00883483 -0.99209 -0.125215 0.443838 
1535160525733 0.248425 0.924598 -0.288798 -0.622761 -0.936121 0.30578 0.173712 -0.240095 0.248922 0.227196 0.941499 0.380308 0.202433 -0.124022 0.971411 0.385695 -0.979263 -0.0174209 0.201845 -0.494959 -0.00811033 -0.992127 -0.124977 0.443779 
1535160525745 0.248422 0.924519 -0.289051 -0.622356 -0.936069 0.305873 0.173829 -0.239945 0.249121 0.227389 0.9414 0.380429 0.202667 -0.123638 0.971411 0.385739 -0.97922 -0.0181057 0.201991 -0.495052 -0.00738577 -0.992162 -0.124739 0.443721 
1535160525924 0.248419 0.924441 -0.289304 -0.621953 -0.936017 0.305966 0.173946 -0.239796 0.24932 0.227582 0.9413 0.38055 0.202901 -0.123255 0.971411 0.385783 -0.979177 -0.0187906 0.202139 -0.495145 -0.00666115 -0.992197 -0.124501 0.443663 
1535160526003 0.248416 0.924363 -0.289556 -0.62155 -0.935965 0.306059 0.174063 -0.239648 0.249519 0.227774 0.941201 0.380671 0.203134 -0.122871 0.971411 0.385827 -0.979133 -0.0194753 0.202286 -0.495239 -0.00593647 -0.992232 -0.124263 0.443605 
1535160526148 0.248413 0.924284 -0.289809 -0.621145 -0.935912 0.306153 0.17418 -0.239498 0.249718 0.227967 0.941101 0.380793 0.203367 -0.122486 0.971411 0.385872 -0.979089 -0.0201599 0.202433 -0.495332 -0.00521173 -0.992265 -0.124025 0.443547 
1535160526490 0.248035 0.924449 -0.289609 -0.621394 -0.936094 0.30568 0.174032 -0.239444 0.249411 0.227935 0.941191 0.380673 0.203153 -0.123005 0.97139 0.385855 -0.979129 -0.0194812 0.202305 -0.495211 -0.0059607 -0.992215 -0.124396 0.443618 
1535160526501 0.247984 0.924448 -0.289655 -0.621048 -0.936044 0.305698 0.174269 -0.239316 0.24965 0.227914 0.941132 0.38078 0.203137 -0.122488 0.971459 0.385867 -0.979133 -0.0194795 0.202286 -0.495265 -0.00585406 -0.992279 -0.123889 0.443561 
1535160526518 0.247933 0.924447 -0.289702 -0.620698 -0.935994 0.305717 0.174506 -0.239187 0.249888 0.227893 0.941074 0.380887 0.203121 -0.121971 0.971527 0.38588 -0.979137 -0.0194791 0.202267 -0.49532 -0.00574618 -0.992343 -0.123383 0.443504 
1535160526607 0.247883 0.924446 -0.289749 -0.620348 -0.935944 0.305736 0.174743 -0.239058 0.250127 0.227873 0.941016 0.380995 0.203106 -0.121453 0.971595 0.385892 -0.979141 -0.0194787 0.202248 -0.495375 -0.0056383 -0.992406 -0.122876 0.443446 
1535160526618 0.247833 0.924444 -0.289796 -0.619997 -0.935893 0.305755 0.17498 -0.238928 0.250365 0.227852 0.940957 0.381102 0.203091 -0.120935 0.971663 0.385905 -0.979144 -0.0194783 0.20223 -0.495429 -0.00553043 -0.992469 -0.122369 0.443389 
1535160526722 0.247782 0.924443 -0.289842 -0.619648 -0.935843 0.305774 0.175216 -0.238799 0.250604 0.227831 0.940899 0.38121 0.203075 -0.120418 0.97173 0.385917 -0.979148 -0.0194779 0.202212 -0.495484 -0.00542256 -0.992532 -0.121862 0.443332 
1535160526839 0.247732 0.924442 -0.289889 -0.619297 -0.935792 0.305793 0.175453 -0.23867 0.250842 0.227811 0.94084 0.381317 0.20306 -0.1199 0.971798 0.385929 -0.979152 -0.0194775 0.202193 -0.495538 -0.00531472 -0.992595 -0.121355 0.443275 
1535160526847 0.247682 0.924441 -0.289936 -0.618948 -0.935741 0.305812 0.17569 -0.23854 0.251081 0.22779 0.940782 0.381425 0.203045 -0.119382 0.971865 0.385942 -0.979156 -0.0194773 0.202175 -0.495593 -0.00520686 -0.992657 -0.120849 0.443218 
1535160527032 0.247632 0.92444 -0.289983 -0.618598 -0.935691 0.305831 0.175927 -0.238411 0.251319 0.227769 0.940723 0.381532 0.203028 -0.118864 0.971931 0.385954 -0.97916 -0.0194768 0.202156 -0.495648 -0.00509904 -0.992719 -0.120342 0.44316 
1535160527038 0.247581 0.924438 -0.290029 -0.618247 -0.93564 0.30585 0.176163 -0.238281 0.251558 0.227748 0.940664 0.38164 0.203012 -0.118347 0.971998 0.385967 -0.979163 -0.0194765 0.202138 -0.495702 -0.00499122 -0.992781 -0.119835 0.443103 
1535160527378 0.247568 0.924449 -0.290006 -0.618473 -0.935711 0.305771 0.175921 -0.23837 0.251306 0.227809 0.940717 0.381588 0.203106 -0.119353 0.971855 0.385938 -0.979142 -0.0193491 0.202253 -0.49559 -0.00533484 -0.992663 -0.120793 0.443211 
1535160527386 0.247532 0.9244 -0.290196 -0.618257 -0.935645 0.305842 0.176153 -0.23829 0.251589 0.227917 0.940615 0.381683 0.20308 -0.118156 0.972007 0.385915 -0.979148 -0.0191835 0.20224 -0.495657 -0.00524945 -0.99281 -0.119588 0.443051 
1535160527400 0.247496 0.924349 -0.290386 -0.618035 -0.935578 0.305914 0.176383 -0.238207 0.251872 0.228024 0.940513 0.38178 0.203051 -0.116953 0.972159 0.385891 -0.979154 -0.0190111 0.202225 -0.495725 -0.00516905 -0.992956 -0.118375 0.442891 
1535160527407 0.247461 0.924299 -0.290576 -0.617814 -0.935511 0.305985 0.176613 -0.238125 0.252155 0.228132 0.940411 0.381876 0.203023 -0.115749 0.972309 0.385868 -0.979161 -0.0188387 0.202211 -0.495793 -0.00508865 -0.9931 -0.117162 0.442731 
1535160527605 0.247425 0.924249 -0.290765 -0.617592 -0.935444 0.306057 0.176844 -0.238042 0.252438 0.228239 0.940309 0.381972 0.202993 -0.114545 0.972457 0.385844 -0.979167 -0.0186663 0.202195 -0.495861 -0.00500834 -0.993243 -0.115948 0.442571 
1535160527617 0.24739 0.924199 -0.290955 -0.61737 -0.935377 0.306128 0.177074 -0.23796 0.252721 0.228347 0.940207 0.382069 0.202964 -0.113341 0.972604 0.385821 -0.979174 -0.018494 0.20218 -0.495929 -0.00492802 -0.993384 -0.114734 0.44241 
1535160527762 0.247354 0.924149 -0.291145 -0.61715 -0.93531 0.3062 0.177305 -0.237878 0.253004 0.228454 0.940105 0.382165 0.202935 -0.112137 0.97275 0.385798 -0.97918 -0.0183216 0.202164 -0.495997 -0.00484776 -0.993524 -0.11352 0.44225 
1535160527769 0.247318 0.924098 -0.291335 -0.616927 -0.935243 0.306271 0.177535 -0.237795 0.253287 0.228562 0.940003 0.382261 0.202907 -0.110933 0.972894 0.385774 -0.979187 -0.0181494 0.202149 -0.496065 -0.00476749 -0.993662 -0.112306 0.44209 
1535160527830 0.247282 0.924048 -0.291525 -0.616707 -0.935176 0.306343 0.177765 -0.237712 0.25357 0.228669 0.9399 0.382357 0.202877 -0.109728 0.973037 0.385751 -0.979193 -0.017977 0.202133 -0.496134 -0.00468733 -0.993799 -0.111092 0.44193 
1535160528022 0.247246 0.923998 -0.291715 -0.616484 -0.935108 0.306414 0.177995 -0.237629 0.253853 0.228776 0.939798 0.382454 0.202847 -0.108523 0.973178 0.385727 -0.9792 -0.0178047 0.202117 -0.496202 -0.00460718 -0.993934 -0.109878 0.44177 
1535160528265 0.247446 0.924017 -0.291485 -0.61667 -0.935105 0.306516 0.17784 -0.237772 0.253672 0.228563 0.939899 0.382418 0.202804 -0.109557 0.973071 0.385751 -0.979208 -0.0179516 0.202062 -0.496153 -0.00466902 -0.993818 -0.11092 0.441842 
1535160528276 0.247546 0.923943 -0.291632 -0.616553 -0.935123 0.306599 0.1776 -0.237716 0.253506 0.228748 0.939898 0.382453 0.202827 -0.108757 0.973156 0.385726 -0.9792 -0.0170727 0.202179 -0.49624 -0.00537401 -0.993922 -0.109958 0.441708 
1535160528282 0.247647 0.92387 -0.291779 -0.616432 -0.935141 0.306683 0.177359 -0.237658 0.253341 0.228932 0.939898 0.382489 0.202853 -0.107958 0.97324 0.385701 -0.97919 -0.0161944 0.202297 -0.496328 -0.0060785 -0.994024 -0.108996 0.441573 
1535160528291 0.247748 0.923796 -0.291927 -0.616311 -0.93516 0.306766 0.177119 -0.2376 0.253175 0.229117 0.939898 0.382524 0.202879 -0.107158 0.973323 0.385676 -0.97918 -0.015316 0.202414 -0.496415 -0.00678297 -0.994124 -0.108035 0.441439 
1535160528296 0.247849 0.923723 -0.292074 -0.616189 -0.935178 0.30685 0.176878 -0.237541 0.253009 0.229302 0.939897 0.38256 0.202906 -0.106359 0.973405 0.385651 -0.97917 -0.0144374 0.20253 -0.496503 -0.00748741 -0.994223 -0.107073 0.441305 
1535160528304 0.24795 0.923649 -0.292221 -0.616068 -0.935196 0.306934 0.176638 -0.237482 0.252844 0.229487 0.939897 0.382596 0.202933 -0.10556 0.973486 0.385626 -0.979158 -0.0135587 0.202645 -0.496591 -0.00819183 -0.994321 -0.106111 0.44117 
1535160528540 0.248051 0.923576 -0.292368 -0.615947 -0.935214 0.307017 0.176397 -0.237425 0.252678 0.229671 0.939896 0.382631 0.202961 -0.10476 0.973567 0.385601 -0.979146 -0.01268 0.202759 -0.496678 -0.0088962 -0.994417 -0.105149 0.441036 
1535160528571 0.248152 0.923502 -0.292515 -0.615825 -0.935232 0.307101 0.176157 -0.237366 0.252513 0.229856 0.939896 0.382667 0.202989 -0.10396 0.973647 0.385576 -0.979134 -0.0118012 0.202873 -0.496766 -0.00960056 -0.994511 -0.104187 0.440902 
1535160528577 0.248253 0.923428 -0.292662 -0.615704 -0.935249 0.307184 0.175916 -0.237308 0.252347 0.230041 0.939895 0.382703 0.203018 -0.103161 0.973726 0.385552 -0.979121 -0.0109222 0.202985 -0.496854 -0.0103049 -0.994605 -0.103224 0.440768 
1535160528593 0.248354 0.923354 -0.292809 -0.615583 -0.935267 0.307267 0.175676 -0.23725 0.252181 0.230225 0.939894 0.382738 0.203047 -0.102361 0.973804 0.385527 -0.979107 -0.0100432 0.203097 -0.496942 -0.0110091 -0.994697 -0.102262 0.440633 
1535160528917 0.248075 0.923528 -0.292499 -0.615745 -0.935276 0.307002 0.176091 -0.237324 0.252423 0.229883 0.939913 0.382691 0.202952 -0.103373 0.973717 0.385508 -0.979133 -0.0108357 0.202931 -0.49686 -0.0104266 -0.994584 -0.103415 0.440694 
1535160528929 0.248114 0.923502 -0.292547 -0.615511 -0.935248 0.307065 0.176131 -0.237217 0.252488 0.229904 0.93989 0.382765 0.203008 -0.103451 0.973697 0.385504 -0.979132 -0.0118844 0.202878 -0.496954 -0.00941625 -0.994564 -0.103705 0.44073 
1535160528935 0.248154 0.923476 -0.292596 -0.615271 -0.93522 0.307128 0.176172 -0.237108 0.252555 0.229924 0.939867 0.382841 0.203064 -0.10353 0.973677 0.3855 -0.979129 -0.012933 0.202826 -0.497049 -0.00840596 -0.994542 -0.103995 0.440766 
1535160528949 0.248193 0.923449 -0.292646 -0.615031 -0.935191 0.307191 0.176212 -0.236999 0.252621 0.229945 0.939845 0.382916 0.203121 -0.103608 0.973657 0.385496 -0.979126 -0.0139816 0.202774 -0.497145 -0.00739569 -0.99452 -0.104285 0.440803 
1535160529108 0.248232 0.923423 -0.292695 -0.614792 -0.935163 0.307254 0.176252 -0.23689 0.252687 0.229966 0.939822 0.382992 0.203177 -0.103686 0.973637 0.385492 -0.979121 -0.0150301 0.202721 -0.49724 -0.00638543 -0.994496 -0.104575 0.440839 
1535160529123 0.248272 0.923397 -0.292744 -0.614552 -0.935135 0.307317 0.176293 -0.236781 0.252754 0.229987 0.939799 0.383067 0.203234 -0.103764 0.973616 0.385488 -0.979116 -0.0160787 0.202668 -0.497336 -0.00537517 -0.994472 -0.104865 0.440875 
1535160529131 0.248311 0.923371 -0.292793 -0.614314 -0.935106 0.30738 0.176333 -0.236672 0.25282 0.230007 0.939776 0.383142 0.203291 -0.103842 0.973596 0.385484 -0.979109 -0.0171273 0.202615 -0.497431 -0.00436491 -0.994446 -0.105155 0.440912 
1535160529140 0.24835 0.923345 -0.292842 -0.614073 -0.935078 0.307444 0.176374 -0.236562 0.252886 0.230028 0.939753 0.383218 0.203347 -0.10392 0.973576 0.38548 -0.979101 -0.0181758 0.202561 -0.497526 -0.00335469 -0.99442 -0.105445 0.440948 
1535160529286 0.248389 0.923319 -0.292892 -0.613835 -0.93505 0.307507 0.176414 -0.236454 0.252952 0.230049 0.93973 0.383293 0.203404 -0.103998 0.973556 0.385476 -0.979092 -0.0192243 0.202507 -0.497621 -0.00234447 -0.994392 -0.105734 0.440984 
1535160529479 0.248429 0.923292 -0.292941 -0.613594 -0.935021 0.30757 0.176454 -0.236344 0.253019 0.23007 0.939707 0.383369 0.203461 -0.104076 0.973536 0.385473 -0.979082 -0.0202728 0.202453 -0.497717 -0.00133425 -0.994363 -0.106024 0.441021 
1535160529710 0.248415 0.923255 -0.293072 -0.61382 -0.935038 0.307569 0.176364 -0.236463 0.252969 0.230222 0.939683 0.383234 0.203357 -0.103985 0.973567 0.385499 -0.9791 -0.0185177 0.202535 -0.497543 -0.00303231 -0.994406 -0.105577 0.440919 
1535160529720 0.248485 0.92326 -0.292994 -0.613458 -0.934902 0.307728 0.176808 -0.236336 0.253403 0.229987 0.939624 0.383336 0.203366 -0.104513 0.973509 0.385505 -0.979102 -0.0205597 0.202327 -0.497673 -0.00113075 -0.994311 -0.10651 0.441025 
1535160529727 0.248556 0.923266 -0.292918 -0.613091 -0.934766 0.307887 0.177252 -0.236207 0.253836 0.229752 0.939564 0.383439 0.203398 -0.105046 0.973445 0.385511 -0.979096 -0.0227608 0.202122 -0.497809 0.000924237 -0.994207 -0.107479 0.441142 
1535160529742 0.248627 0.923271 -0.292841 -0.612725 -0.934629 0.308046 0.177696 -0.236078 0.25427 0.229518 0.939504 0.383542 0.20343 -0.105579 0.97338 0.385517 -0.979085 -0.0249617 0.201915 -0.497944 0.00297919 -0.994098 -0.108449 0.441259 
1535160529942 0.248697 0.923276 -0.292765 -0.612358 -0.934492 0.308206 0.17814 -0.235948 0.254704 0.229283 0.939444 0.383644 0.203464 -0.106112 0.973315 0.385523 -0.97907 -0.0271623 0.201706 -0.49808 0.00503407 -0.993983 -0.109418 0.441376 
1535160529949 0.248769 0.923281 -0.292688 -0.611991 -0.934355 0.308365 0.178583 -0.235819 0.255137 0.229049 0.939384 0.383747 0.203499 -0.106645 0.97325 0.385529 -0.97905 -0.0293627 0.201494 -0.498216 0.00708892 -0.993864 -0.110386 0.441493 
1535160530131 0.248839 0.923286 -0.292612 -0.611625 -0.934218 0.308524 0.179027 -0.23569 0.255571 0.228814 0.939323 0.38385 0.203535 -0.107178 0.973184 0.385535 -0.979025 -0.0315629 0.20128 -0.498351 0.00914369 -0.993739 -0.111354 0.44161 
1535160530230 0.248911 0.923291 -0.292536 -0.611257 -0.93408 0.308683 0.179471 -0.23556 0.256004 0.228579 0.939262 0.383953 0.203572 -0.107711 0.973117 0.385541 -0.978996 -0.0337628 0.201065 -0.498487 0.0111984 -0.993609 -0.112321 0.441727 
1535160530238 0.248982 0.923296 -0.292459 -0.610891 -0.933942 0.308841 0.179914 -0.235431 0.256438 0.228345 0.939201 0.384056 0.20361 -0.108243 0.97305 0.385547 -0.978962 -0.0359625 0.200847 -0.498622 0.013253 -0.993474 -0.113288 0.441844 
1535160530335 0.249053 0.923301 -0.292383 -0.610525 -0.933804 0.309 0.180358 -0.235302 0.256871 0.228109 0.93914 0.384158 0.20365 -0.108775 0.972982 0.385553 -0.978924 -0.0381619 0.200627 -0.498757 0.0153075 -0.993334 -0.114254 0.441961 
1535160530540 0.248809 0.923308 -0.292568 -0.611158 -0.934108 0.308591 0.17948 -0.235515 0.255999 0.228634 0.93925 0.383975 0.203477 -0.108128 0.973091 0.385526 -0.978993 -0.0357133 0.200742 -0.498668 0.0130464 -0.993495 -0.113123 0.441814 
1535160530560 0.249126 0.923335 -0.292213 -0.610827 -0.934023 0.308824 0.179523 -0.235376 0.256002 0.22821 0.939352 0.38403 0.203477 -0.10912 0.97298 0.385549 -0.979 -0.0353449 0.200772 -0.4988 0.0124817 -0.9934 -0.11402 0.441927 
1535160530684 0.249442 0.923362 -0.291859 -0.610493 -0.933939 0.309056 0.179564 -0.235236 0.256003 0.227787 0.939455 0.384085 0.203479 -0.110111 0.972868 0.385572 -0.979007 -0.0349761 0.200804 -0.498934 0.0119164 -0.993304 -0.114916 0.442041 
1535160530706 0.249758 0.923389 -0.291504 -0.610158 -0.933854 0.309288 0.179606 -0.235096 0.256004 0.227364 0.939557 0.38414 0.203479 -0.111103 0.972755 0.385596 -0.979013 -0.0346073 0.200836 -0.499067 0.0113511 -0.993206 -0.115813 0.442154 
1535160530724 0.250074 0.923415 -0.291149 -0.609823 -0.933769 0.30952 0.179647 -0.234955 0.256006 0.226941 0.939659 0.384196 0.203479 -0.112094 0.972641 0.385619 -0.97902 -0.0342386 0.200868 -0.499201 0.0107858 -0.993108 -0.116709 0.442267 
