1534334946343 0.0994674 0.863358 -0.494691 -0.594784 -0.961086 0.212125 0.176965 -0.232372 0.25772 0.457839 0.850861 0.408469 0.16008 -0.304787 0.938871 0.370831 -0.775623 0.549475 0.310623 -0.528794 -0.61056 -0.777934 -0.14844 0.432481 
1534334946354 0.102026 0.863228 -0.494397 -0.596362 -0.961006 0.213933 0.175215 -0.231764 0.257019 0.457242 0.851394 0.408422 0.316241 -0.38488 0.867098 0.400864 -0.930001 -0.306251 0.203246 -0.504429 0.187325 -0.870677 -0.454788 0.485926 
1534334946361 0.104582 0.863093 -0.494098 -0.59794 -0.960919 0.215741 0.173467 -0.231155 0.256315 0.456647 0.851925 0.408374 0.316241 -0.38488 0.867098 0.400864 -0.930001 -0.306251 0.203246 -0.504429 0.187325 -0.870677 -0.454788 0.485926 
1534334946699 0.107138 0.862953 -0.493795 -0.599518 -0.960825 0.217549 0.171719 -0.230547 0.25561 0.456053 0.852455 0.408327 0.316241 -0.38488 0.867098 0.400864 -0.930001 -0.306251 0.203246 -0.504429 0.187325 -0.870677 -0.454788 0.485926 
1534334946926 0.109692 0.862809 -0.493486 -0.601096 -0.960725 0.219356 0.169972 -0.229938 0.254903 0.45546 0.852983 0.408279 0.316241 -0.38488 0.867098 0.400864 -0.930001 -0.306251 0.203246 -0.504429 0.187325 -0.870677 -0.454788 0.485926 
1534334946932 0.112245 0.862659 -0.493173 -0.602673 -0.960618 0.221164 0.168225 -0.22933 0.254193 0.454869 0.853511 0.408232 0.316241 -0.38488 0.867098 0.400864 -0.930001 -0.306251 0.203246 -0.504429 0.187325 -0.870677 -0.454788 0.485926 
1534334947284 0.114798 0.862505 -0.492856 -0.604251 -0.960504 0.222972 0.166478 -0.228721 0.253481 0.454279 0.854036 0.408184 0.316241 -0.38488 0.867098 0.400864 -0.930001 -0.306251 0.203246 -0.504429 0.187325 -0.870677 -0.454788 0.485926 
1534334947538 0.11735 0.862346 -0.492533 -0.605829 -0.960384 0.224779 0.164732 -0.228113 0.252767 0.45369 0.854561 0.408137 0.316241 -0.38488 0.867098 0.400864 -0.930001 -0.306251 0.203246 -0.504429 0.187325 -0.870677 -0.454788 0.485926 
1534334947777 0.119901 0.862181 -0.492206 -0.607407 -0.960257 0.226587 0.162986 -0.227504 0.252051 0.453102 0.855084 0.408089 0.316241 -0.38488 0.867098 0.400864 -0.930001 -0.306251 0.203246 -0.504429 0.187325 -0.870677 -0.454788 0.485926 
1534334948011 0.12246 0.862009 -0.491878 -0.608852 -0.960122 0.228403 0.161237 -0.226836 0.251334 0.452518 0.855604 0.408053 0.316531 -0.385118 0.866887 0.401814 -0.929976 -0.306103 0.20358 -0.50615 0.186955 -0.870623 -0.455042 0.486735 
1534334948268 0.122052 0.86208 -0.491855 -0.608495 -0.960078 0.228219 0.161762 -0.227103 0.251702 0.452476 0.855518 0.408093 0.316531 -0.385118 0.866887 0.401814 -0.929976 -0.306103 0.20358 -0.50615 0.186955 -0.870623 -0.455042 0.486735 
1534334948281 0.122426 0.862235 -0.49149 -0.608603 -0.960003 0.228523 0.161776 -0.227096 0.251806 0.452026 0.855725 0.407935 0.316221 -0.384863 0.867113 0.400797 -0.930002 -0.306262 0.203223 -0.504308 0.187351 -0.87068 -0.45477 0.485869 
1534334948297 0.12295 0.862407 -0.491058 -0.608798 -0.95991 0.228943 0.161735 -0.227052 0.251906 0.451486 0.855981 0.407775 0.316221 -0.384863 0.867113 0.400797 -0.930002 -0.306262 0.203223 -0.504308 0.187351 -0.87068 -0.45477 0.485869 
1534334948404 0.123473 0.862578 -0.490626 -0.608992 -0.959816 0.229363 0.161695 -0.227008 0.252007 0.450946 0.856236 0.407616 0.316221 -0.384863 0.867113 0.400797 -0.930002 -0.306262 0.203223 -0.504308 0.187351 -0.87068 -0.45477 0.485869 
1534334948469 0.123996 0.862748 -0.490194 -0.609187 -0.959722 0.229783 0.161656 -0.226963 0.252107 0.450405 0.856491 0.407457 0.316221 -0.384863 0.867113 0.400797 -0.930002 -0.306262 0.203223 -0.504308 0.187351 -0.87068 -0.45477 0.485869 
1534334948577 0.12452 0.862918 -0.489762 -0.609382 -0.959628 0.230203 0.161616 -0.226919 0.252206 0.449865 0.856746 0.407298 0.316221 -0.384863 0.867113 0.400797 -0.930002 -0.306262 0.203223 -0.504308 0.187351 -0.87068 -0.45477 0.485869 
1534334948629 0.125044 0.863088 -0.489329 -0.609577 -0.959534 0.230623 0.161577 -0.226875 0.252306 0.449324 0.857 0.407138 0.316221 -0.384863 0.867113 0.400797 -0.930002 -0.306262 0.203223 -0.504308 0.187351 -0.87068 -0.45477 0.485869 
1534334948737 0.125567 0.863257 -0.488897 -0.609772 -0.95944 0.231043 0.161538 -0.226831 0.252405 0.448783 0.857255 0.406979 0.316221 -0.384863 0.867113 0.400797 -0.930002 -0.306262 0.203223 -0.504308 0.187351 -0.87068 -0.45477 0.485869 
1534334948799 0.12609 0.863426 -0.488464 -0.609967 -0.959345 0.231462 0.161499 -0.226787 0.252503 0.448242 0.857509 0.40682 0.316221 -0.384863 0.867113 0.400797 -0.930002 -0.306262 0.203223 -0.504308 0.187351 -0.87068 -0.45477 0.485869 
1534334948896 0.126614 0.863594 -0.488031 -0.610161 -0.95925 0.231882 0.16146 -0.226743 0.252602 0.447701 0.857763 0.40666 0.316221 -0.384863 0.867113 0.400797 -0.930002 -0.306262 0.203223 -0.504308 0.187351 -0.87068 -0.45477 0.485869 
1534334948956 0.125756 0.863401 -0.488593 -0.609962 -0.959387 0.2312 0.161628 -0.22674 0.252513 0.448424 0.857411 0.406892 0.316221 -0.384863 0.867113 0.400797 -0.930002 -0.306262 0.203223 -0.504308 0.187351 -0.87068 -0.45477 0.485869 
1534334948969 0.125809 0.863567 -0.488287 -0.609996 -0.959312 0.231309 0.161915 -0.226754 0.25277 0.44805 0.857531 0.406822 0.31622 -0.384863 0.867113 0.400795 -0.930002 -0.306262 0.203222 -0.504305 0.187352 -0.87068 -0.454769 0.485867 
1534334948976 0.125861 0.863733 -0.487979 -0.610034 -0.959237 0.231417 0.162203 -0.22677 0.253027 0.447673 0.857652 0.40675 0.31622 -0.384863 0.867113 0.400795 -0.930002 -0.306262 0.203222 -0.504304 0.187351 -0.87068 -0.454769 0.485867 
1534334948991 0.125914 0.863899 -0.487672 -0.610072 -0.959163 0.231525 0.162491 -0.226786 0.253284 0.447297 0.857772 0.406678 0.31622 -0.384863 0.867113 0.400795 -0.930002 -0.306262 0.203222 -0.504304 0.187351 -0.87068 -0.454769 0.485867 
1534334949008 0.125968 0.864064 -0.487365 -0.61011 -0.959088 0.231634 0.162778 -0.226802 0.253541 0.446921 0.857892 0.406607 0.31622 -0.384863 0.867113 0.400795 -0.930002 -0.306262 0.203222 -0.504304 0.187351 -0.87068 -0.454769 0.485867 
1534334949099 0.126021 0.86423 -0.487057 -0.610147 -0.959013 0.231741 0.163066 -0.226818 0.253798 0.446544 0.858012 0.406535 0.31622 -0.384863 0.867113 0.400795 -0.930002 -0.306262 0.203222 -0.504304 0.187351 -0.87068 -0.454769 0.485867 
1534334949123 0.126074 0.864396 -0.48675 -0.610186 -0.958938 0.23185 0.163354 -0.226834 0.254055 0.446168 0.858132 0.406464 0.31622 -0.384863 0.867113 0.400795 -0.930002 -0.306262 0.203222 -0.504304 0.187351 -0.87068 -0.454769 0.485867 
1534334949145 0.126127 0.864561 -0.486442 -0.610223 -0.958862 0.231957 0.163642 -0.226849 0.254312 0.445792 0.858251 0.406393 0.31622 -0.384863 0.867113 0.400795 -0.930002 -0.306262 0.203222 -0.504304 0.187351 -0.87068 -0.454769 0.485867 
1534334949152 0.126181 0.864726 -0.486135 -0.610261 -0.958787 0.232065 0.16393 -0.226865 0.254569 0.445415 0.858371 0.406321 0.31622 -0.384863 0.867113 0.400795 -0.930002 -0.306262 0.203222 -0.504304 0.187351 -0.87068 -0.454769 0.485867 
1534334949236 0.126234 0.864891 -0.485827 -0.6103 -0.958712 0.232172 0.164218 -0.226882 0.254826 0.445038 0.85849 0.40625 0.31622 -0.384863 0.867113 0.400795 -0.930002 -0.306262 0.203222 -0.504304 0.187351 -0.87068 -0.454769 0.485867 
1534334949267 0.126269 0.864444 -0.486614 -0.610169 -0.958883 0.232044 0.163397 -0.226931 0.254163 0.445974 0.858201 0.406513 0.31622 -0.384863 0.867113 0.400795 -0.930002 -0.306262 0.203222 -0.504304 0.187351 -0.87068 -0.454769 0.485867 
1534334949278 0.125909 0.864479 -0.486645 -0.610129 -0.95893 0.231738 0.163558 -0.22707 0.254167 0.446065 0.858153 0.406519 0.31622 -0.384863 0.867113 0.400795 -0.930002 -0.306262 0.203222 -0.504304 0.187351 -0.87068 -0.454769 0.485867 
1534334949295 0.125547 0.864514 -0.486675 -0.610091 -0.958976 0.231431 0.163719 -0.22721 0.254169 0.446156 0.858104 0.406526 0.31622 -0.384863 0.867113 0.400795 -0.930002 -0.306262 0.203222 -0.504304 0.187351 -0.87068 -0.454769 0.485867 
1534334949409 0.125185 0.86455 -0.486706 -0.610055 -0.959023 0.231123 0.163881 -0.227351 0.254172 0.446247 0.858056 0.406532 0.31622 -0.384863 0.867113 0.400795 -0.930002 -0.306262 0.203222 -0.504304 0.187351 -0.87068 -0.454769 0.485867 
1534334949441 0.124823 0.864585 -0.486736 -0.610019 -0.95907 0.230815 0.164042 -0.227492 0.254174 0.446337 0.858008 0.406539 0.31622 -0.384863 0.867113 0.400795 -0.930002 -0.306262 0.203222 -0.504304 0.187351 -0.87068 -0.454769 0.485867 
1534334949510 0.124461 0.86462 -0.486766 -0.609983 -0.959116 0.230507 0.164204 -0.227634 0.254177 0.446428 0.85796 0.406545 0.31622 -0.384863 0.867113 0.400795 -0.930002 -0.306262 0.203222 -0.504304 0.187351 -0.87068 -0.454769 0.485867 
1534334949561 0.124099 0.864655 -0.486797 -0.609946 -0.959162 0.2302 0.164365 -0.227774 0.254179 0.446519 0.857912 0.406552 0.31622 -0.384863 0.867113 0.400795 -0.930002 -0.306262 0.203222 -0.504304 0.187351 -0.87068 -0.454769 0.485867 
1534334949610 0.123737 0.86469 -0.486827 -0.60991 -0.959208 0.229892 0.164526 -0.227916 0.254182 0.44661 0.857864 0.406558 0.31622 -0.384863 0.867113 0.400795 -0.930002 -0.306262 0.203222 -0.504304 0.187351 -0.87068 -0.454769 0.485867 
1534334949674 0.123375 0.864725 -0.486857 -0.609873 -0.959254 0.229585 0.164688 -0.228056 0.254184 0.446701 0.857816 0.406565 0.31622 -0.384863 0.867113 0.400795 -0.930002 -0.306262 0.203222 -0.504304 0.187351 -0.87068 -0.454769 0.485867 
1534334949712 0.123013 0.864759 -0.486887 -0.609836 -0.9593 0.229277 0.164849 -0.228197 0.254187 0.446792 0.857768 0.406571 0.31622 -0.384863 0.867113 0.400795 -0.930002 -0.306262 0.203222 -0.504304 0.187351 -0.87068 -0.454769 0.485867 
1534334949776 0.123646 0.864726 -0.486786 -0.609895 -0.95924 0.22977 0.164513 -0.227882 0.254107 0.446603 0.85789 0.406602 0.31622 -0.384863 0.867113 0.400795 -0.930002 -0.306262 0.203222 -0.504304 0.187351 -0.87068 -0.454769 0.485867 
1534334949785 0.123197 0.864675 -0.48699 -0.609783 -0.959334 0.229355 0.164542 -0.22811 0.253969 0.446915 0.857769 0.406596 0.31622 -0.384863 0.867113 0.400795 -0.930002 -0.306262 0.203222 -0.504304 0.187351 -0.87068 -0.454769 0.485867 
1534334949802 0.122747 0.864624 -0.487194 -0.609672 -0.959429 0.228938 0.164572 -0.22834 0.25383 0.447227 0.857647 0.406593 0.31622 -0.384863 0.867113 0.400795 -0.930002 -0.306262 0.203222 -0.504304 0.187351 -0.87068 -0.454769 0.485867 
1534334949840 0.122298 0.864573 -0.487397 -0.60956 -0.959523 0.228522 0.164601 -0.228568 0.253691 0.447539 0.857526 0.406588 0.31622 -0.384863 0.867113 0.400795 -0.930002 -0.306262 0.203222 -0.504304 0.187351 -0.87068 -0.454769 0.485867 
1534334949847 0.121849 0.864522 -0.487601 -0.609449 -0.959617 0.228105 0.164631 -0.228799 0.253551 0.447851 0.857404 0.406584 0.31622 -0.384863 0.867113 0.400795 -0.930002 -0.306262 0.203222 -0.504304 0.187351 -0.87068 -0.454769 0.485867 
1534334950093 0.121399 0.86447 -0.487805 -0.609338 -0.959711 0.227689 0.16466 -0.229028 0.253412 0.448162 0.857282 0.40658 0.31622 -0.384863 0.867113 0.400795 -0.930002 -0.306262 0.203222 -0.504304 0.187351 -0.87068 -0.454769 0.485867 
1534334950140 0.120951 0.864418 -0.488009 -0.609228 -0.959804 0.227273 0.16469 -0.229259 0.253272 0.448474 0.857161 0.406577 0.31622 -0.384863 0.867113 0.400795 -0.930002 -0.306262 0.203222 -0.504304 0.187351 -0.87068 -0.454769 0.485867 
1534334950245 0.1205 0.864366 -0.488213 -0.609117 -0.959898 0.226856 0.16472 -0.229489 0.253132 0.448786 0.857039 0.406572 0.31622 -0.384863 0.867113 0.400795 -0.930002 -0.306262 0.203222 -0.504304 0.187351 -0.87068 -0.454769 0.485867 
1534334950300 0.120051 0.864313 -0.488416 -0.609005 -0.959991 0.226439 0.164749 -0.229718 0.252992 0.449097 0.856917 0.406568 0.31622 -0.384863 0.867113 0.400795 -0.930002 -0.306262 0.203222 -0.504304 0.187351 -0.87068 -0.454769 0.485867 
1534334950405 0.119602 0.86426 -0.48862 -0.608896 -0.960084 0.226023 0.164779 -0.229949 0.252852 0.449408 0.856795 0.406564 0.31622 -0.384863 0.867113 0.400795 -0.930002 -0.306262 0.203222 -0.504304 0.187351 -0.87068 -0.454769 0.485867 
1534334950464 0.120181 0.864373 -0.488278 -0.609077 -0.959993 0.226494 0.164666 -0.229624 0.252925 0.448953 0.857012 0.406538 0.31622 -0.384863 0.867113 0.400795 -0.930002 -0.306262 0.203222 -0.504304 0.187351 -0.87068 -0.454769 0.485867 
1534334950476 0.119806 0.864412 -0.488301 -0.608802 -0.959965 0.226305 0.165084 -0.229754 0.253206 0.448974 0.856918 0.406523 0.31622 -0.384863 0.867113 0.400795 -0.930002 -0.306262 0.203222 -0.504304 0.187351 -0.87068 -0.45477 0.485867 
1534334950491 0.119432 0.86445 -0.488325 -0.608523 -0.959938 0.226116 0.165502 -0.229883 0.253487 0.448995 0.856824 0.406507 0.31622 -0.384863 0.867113 0.400795 -0.930002 -0.306262 0.203222 -0.504304 0.187351 -0.87068 -0.45477 0.485867 
1534334950604 0.119058 0.864489 -0.488349 -0.608244 -0.95991 0.225928 0.16592 -0.230011 0.253767 0.449017 0.85673 0.406492 0.31622 -0.384863 0.867113 0.400795 -0.930002 -0.306262 0.203222 -0.504304 0.187351 -0.87068 -0.45477 0.485867 
1534334950666 0.118684 0.864527 -0.488373 -0.607966 -0.959882 0.225739 0.166338 -0.23014 0.254048 0.449038 0.856635 0.406477 0.31622 -0.384863 0.867113 0.400795 -0.930002 -0.306262 0.203222 -0.504304 0.187351 -0.87068 -0.45477 0.485867 
1534334950671 0.11831 0.864565 -0.488396 -0.607686 -0.959854 0.225551 0.166756 -0.230268 0.254329 0.44906 0.856541 0.406462 0.31622 -0.384863 0.867113 0.400795 -0.930002 -0.306262 0.203222 -0.504304 0.187351 -0.87068 -0.45477 0.485867 
1534334950798 0.117936 0.864603 -0.488419 -0.607408 -0.959825 0.225362 0.167174 -0.230397 0.25461 0.449081 0.856446 0.406447 0.31622 -0.384863 0.867113 0.400795 -0.930002 -0.306262 0.203222 -0.504304 0.187351 -0.87068 -0.45477 0.485867 
1534334950835 0.117562 0.864641 -0.488442 -0.607128 -0.959797 0.225173 0.167592 -0.230525 0.254891 0.449103 0.856351 0.406432 0.31622 -0.384863 0.867113 0.400795 -0.930002 -0.306262 0.203222 -0.504304 0.187351 -0.87068 -0.45477 0.485867 
1534334950930 0.117188 0.864678 -0.488465 -0.606849 -0.959768 0.224985 0.168009 -0.230654 0.255171 0.449125 0.856256 0.406417 0.31622 -0.384863 0.867113 0.400795 -0.930002 -0.306262 0.203222 -0.504304 0.187351 -0.87068 -0.45477 0.485867 
1534334950989 0.116814 0.864716 -0.488488 -0.606571 -0.959739 0.224797 0.168427 -0.230783 0.255452 0.449146 0.856161 0.406402 0.31622 -0.384863 0.867113 0.400795 -0.930002 -0.306262 0.203222 -0.504304 0.187351 -0.87068 -0.45477 0.485867 
1534334951074 0.117453 0.864577 -0.488581 -0.606995 -0.959774 0.22517 0.167726 -0.230626 0.255026 0.449228 0.856245 0.406402 0.31622 -0.384863 0.867113 0.400795 -0.930002 -0.306262 0.203222 -0.504304 0.187351 -0.87068 -0.45477 0.485867 
1534334951081 0.117107 0.864577 -0.488665 -0.60668 -0.959845 0.224836 0.16777 -0.230695 0.25492 0.449395 0.856189 0.406452 0.31622 -0.384863 0.867113 0.400795 -0.930002 -0.306262 0.203222 -0.504304 0.187351 -0.87068 -0.45477 0.485867 
1534334951088 0.116762 0.864575 -0.48875 -0.606361 -0.959915 0.224504 0.167814 -0.230762 0.254814 0.449564 0.856132 0.406503 0.31622 -0.384863 0.867113 0.400795 -0.930002 -0.306262 0.203222 -0.504304 0.187351 -0.87068 -0.45477 0.485867 
1534334951230 0.116416 0.864574 -0.488835 -0.606044 -0.959985 0.224171 0.167857 -0.230829 0.254707 0.449733 0.856075 0.406553 0.31622 -0.384863 0.867113 0.400795 -0.930002 -0.306262 0.203222 -0.504304 0.187351 -0.87068 -0.45477 0.485867 
1534334951331 0.116071 0.864572 -0.48892 -0.605725 -0.960055 0.223839 0.1679 -0.230896 0.254601 0.449902 0.856018 0.406603 0.31622 -0.384863 0.867113 0.400795 -0.930002 -0.306262 0.203222 -0.504304 0.187351 -0.87068 -0.45477 0.485867 
1534334951426 0.115725 0.86457 -0.489005 -0.605406 -0.960125 0.223506 0.167944 -0.230963 0.254495 0.45007 0.855961 0.406654 0.31622 -0.384863 0.867113 0.400795 -0.930002 -0.306262 0.203222 -0.504304 0.187351 -0.87068 -0.45477 0.485867 
1534334951539 0.11538 0.864568 -0.48909 -0.605088 -0.960195 0.223173 0.167987 -0.23103 0.254388 0.450239 0.855904 0.406704 0.31622 -0.384863 0.867113 0.400795 -0.930002 -0.306262 0.203222 -0.504304 0.187351 -0.87068 -0.45477 0.485867 
1534334951626 0.115035 0.864566 -0.489175 -0.604769 -0.960264 0.22284 0.168031 -0.231097 0.254282 0.450408 0.855847 0.406755 0.31622 -0.384863 0.867113 0.400795 -0.930002 -0.306262 0.203222 -0.504304 0.187351 -0.87068 -0.45477 0.485867 
1534334951738 0.114689 0.864564 -0.48926 -0.604451 -0.960334 0.222507 0.168075 -0.231164 0.254175 0.450576 0.85579 0.406805 0.31622 -0.384863 0.867113 0.400795 -0.930002 -0.306262 0.203222 -0.504304 0.187351 -0.87068 -0.45477 0.485867 
1534334951804 0.114344 0.864562 -0.489345 -0.604133 -0.960403 0.222175 0.168118 -0.231231 0.254069 0.450745 0.855732 0.406855 0.31622 -0.384863 0.867113 0.400795 -0.930002 -0.306262 0.203222 -0.504304 0.187351 -0.87068 -0.45477 0.485867 
1534334951933 0.114684 0.864574 -0.489244 -0.604488 -0.960346 0.22248 0.168045 -0.231096 0.254134 0.450571 0.855805 0.406812 0.31622 -0.384863 0.867113 0.400795 -0.930002 -0.306262 0.203222 -0.504304 0.187351 -0.87068 -0.45477 0.485867 
1534334951946 0.114373 0.86459 -0.489288 -0.604284 -0.960366 0.222249 0.168233 -0.231121 0.254196 0.450654 0.855742 0.40684 0.31622 -0.384863 0.867113 0.400795 -0.930002 -0.306262 0.203222 -0.504304 0.187351 -0.87068 -0.45477 0.485867 
1534334951963 0.114063 0.864606 -0.489333 -0.604078 -0.960387 0.222018 0.16842 -0.231145 0.254258 0.450738 0.85568 0.406868 0.31622 -0.384863 0.867113 0.400795 -0.930002 -0.306262 0.203222 -0.504304 0.187351 -0.87068 -0.45477 0.485867 
1534334951980 0.113753 0.864621 -0.489377 -0.603871 -0.960407 0.221787 0.168608 -0.231169 0.254319 0.450822 0.855617 0.406896 0.31622 -0.384863 0.867113 0.400795 -0.930002 -0.306262 0.203222 -0.504304 0.187351 -0.87068 -0.45477 0.485867 
1534334951996 0.113443 0.864637 -0.489422 -0.603663 -0.960428 0.221556 0.168795 -0.231192 0.254381 0.450906 0.855555 0.406925 0.31622 -0.384863 0.867113 0.400795 -0.930002 -0.306262 0.203222 -0.504304 0.187351 -0.87068 -0.45477 0.485867 
1534334952003 0.113132 0.864652 -0.489467 -0.603454 -0.960448 0.221325 0.168983 -0.231216 0.254443 0.45099 0.855492 0.406953 0.31622 -0.384863 0.867113 0.400795 -0.930002 -0.306262 0.203222 -0.504304 0.187351 -0.87068 -0.45477 0.485867 
1534334952190 0.112822 0.864668 -0.489511 -0.603248 -0.960468 0.221094 0.16917 -0.23124 0.254504 0.451074 0.85543 0.406981 0.31622 -0.384863 0.867113 0.400795 -0.930002 -0.306262 0.203222 -0.504304 0.187351 -0.87068 -0.45477 0.485867 
1534334952222 0.112512 0.864683 -0.489556 -0.603041 -0.960488 0.220863 0.169358 -0.231264 0.254566 0.451158 0.855367 0.40701 0.31622 -0.384863 0.867113 0.400795 -0.930002 -0.306262 0.203222 -0.504304 0.187351 -0.87068 -0.45477 0.485867 
1534334952337 0.112202 0.864698 -0.4896 -0.602832 -0.960508 0.220632 0.169546 -0.231286 0.254627 0.451241 0.855305 0.407038 0.31622 -0.384863 0.867113 0.400795 -0.930002 -0.306262 0.203222 -0.504304 0.187351 -0.87068 -0.45477 0.485867 
1534334952375 0.111892 0.864713 -0.489644 -0.602625 -0.960528 0.220401 0.169733 -0.23131 0.254689 0.451325 0.855242 0.407066 0.31622 -0.384863 0.867113 0.400795 -0.930002 -0.306262 0.203222 -0.504304 0.187351 -0.87068 -0.45477 0.485867 
1534334952486 0.112298 0.864718 -0.489542 -0.602944 -0.960486 0.220722 0.169551 -0.231249 0.254667 0.451158 0.855337 0.406983 0.31622 -0.384863 0.867113 0.400795 -0.930002 -0.306262 0.203222 -0.504304 0.187351 -0.87068 -0.45477 0.485867 
1534334952499 0.112187 0.864643 -0.4897 -0.602793 -0.96058 0.220514 0.169291 -0.231251 0.254362 0.451404 0.855298 0.40703 0.31622 -0.384863 0.867113 0.400795 -0.930002 -0.306262 0.203222 -0.504304 0.187351 -0.87068 -0.45477 0.485867 
1534334952514 0.112076 0.864568 -0.489859 -0.602636 -0.960674 0.220306 0.169032 -0.23125 0.254058 0.45165 0.855258 0.407078 0.31622 -0.384863 0.867113 0.400795 -0.930002 -0.306262 0.203222 -0.504304 0.187351 -0.87068 -0.45477 0.485867 
1534334952531 0.111965 0.864492 -0.490017 -0.60248 -0.960767 0.220098 0.168772 -0.23125 0.253754 0.451896 0.855219 0.407126 0.31622 -0.384863 0.867113 0.400795 -0.930002 -0.306262 0.203222 -0.504304 0.187351 -0.87068 -0.45477 0.485867 
1534334952547 0.111853 0.864417 -0.490175 -0.602323 -0.96086 0.219889 0.168512 -0.231249 0.253449 0.452141 0.855179 0.407174 0.31622 -0.384863 0.867113 0.400795 -0.930002 -0.306262 0.203222 -0.504304 0.187351 -0.87068 -0.45477 0.485867 
1534334952554 0.111743 0.864341 -0.490334 -0.602168 -0.960953 0.219681 0.168253 -0.23125 0.253145 0.452387 0.85514 0.407222 0.31622 -0.384863 0.867113 0.400795 -0.930002 -0.306262 0.203222 -0.504304 0.187351 -0.87068 -0.45477 0.485867 
1534334952733 0.111632 0.864266 -0.490492 -0.602011 -0.961046 0.219473 0.167993 -0.231249 0.252841 0.452632 0.8551 0.40727 0.31622 -0.384863 0.867113 0.400795 -0.930002 -0.306262 0.203222 -0.504304 0.187351 -0.87068 -0.45477 0.485867 
1534334952762 0.111521 0.86419 -0.490651 -0.601855 -0.961139 0.219264 0.167734 -0.231249 0.252536 0.452878 0.85506 0.407317 0.31622 -0.384863 0.867113 0.400795 -0.930002 -0.306262 0.203222 -0.504304 0.187351 -0.87068 -0.45477 0.485867 
1534334952879 0.11141 0.864114 -0.490809 -0.6017 -0.961232 0.219056 0.167474 -0.231249 0.252231 0.453123 0.85502 0.407365 0.31622 -0.384863 0.867113 0.400795 -0.930002 -0.306262 0.203222 -0.504304 0.187351 -0.87068 -0.45477 0.485867 
1534334952929 0.111299 0.864039 -0.490968 -0.601543 -0.961325 0.218847 0.167215 -0.231248 0.251927 0.453369 0.854979 0.407413 0.31622 -0.384863 0.867113 0.400795 -0.930002 -0.306262 0.203222 -0.504304 0.187351 -0.87068 -0.45477 0.485867 
1534334953029 0.111444 0.864128 -0.490778 -0.601799 -0.961195 0.219138 0.167578 -0.231243 0.252357 0.453058 0.855017 0.407322 0.31622 -0.384863 0.867113 0.400795 -0.930002 -0.306262 0.203222 -0.504304 0.187351 -0.87068 -0.45477 0.485867 
1534334953040 0.111266 0.864128 -0.490818 -0.601676 -0.961205 0.21901 0.167687 -0.231271 0.252397 0.453119 0.854973 0.407332 0.31622 -0.384863 0.867113 0.400795 -0.930002 -0.306262 0.203222 -0.504304 0.187351 -0.87068 -0.45477 0.485867 
1534334953057 0.111087 0.864129 -0.490857 -0.601547 -0.961215 0.218882 0.167796 -0.231297 0.252437 0.45318 0.854929 0.407342 0.31622 -0.384863 0.867113 0.400795 -0.930002 -0.306262 0.203222 -0.504304 0.187351 -0.87068 -0.45477 0.485867 
1534334953074 0.110909 0.864129 -0.490897 -0.601419 -0.961226 0.218755 0.167904 -0.231322 0.252477 0.453241 0.854885 0.407352 0.31622 -0.384863 0.867113 0.400795 -0.930002 -0.306262 0.203222 -0.504304 0.187351 -0.87068 -0.45477 0.485867 
1534334953090 0.110731 0.86413 -0.490936 -0.60129 -0.961236 0.218627 0.168013 -0.231348 0.252517 0.453301 0.854841 0.407362 0.31622 -0.384863 0.867113 0.400795 -0.930002 -0.306262 0.203222 -0.504304 0.187351 -0.87068 -0.45477 0.485867 
1534334953107 0.110553 0.86413 -0.490976 -0.601163 -0.961246 0.218499 0.168122 -0.231374 0.252557 0.453362 0.854797 0.407372 0.31622 -0.384863 0.867113 0.400795 -0.930002 -0.306262 0.203222 -0.504304 0.187351 -0.87068 -0.45477 0.485867 
1534334953129 0.110374 0.864131 -0.491015 -0.601034 -0.961256 0.218371 0.168231 -0.231399 0.252597 0.453423 0.854753 0.407382 0.31622 -0.384863 0.867113 0.400795 -0.930002 -0.306262 0.203222 -0.504304 0.187351 -0.87068 -0.45477 0.485867 
1534334953258 0.110196 0.864131 -0.491055 -0.600906 -0.961266 0.218244 0.168339 -0.231426 0.252637 0.453484 0.854709 0.407392 0.31622 -0.384863 0.867113 0.400795 -0.930002 -0.306262 0.203222 -0.504304 0.187351 -0.87068 -0.45477 0.485867 
1534334953274 0.110017 0.864131 -0.491094 -0.600779 -0.961276 0.218116 0.168448 -0.231452 0.252677 0.453545 0.854665 0.407402 0.31622 -0.384863 0.867113 0.400795 -0.930002 -0.306262 0.203222 -0.504304 0.187351 -0.87068 -0.45477 0.485867 
1534334953300 0.109839 0.864132 -0.491133 -0.60065 -0.961285 0.217988 0.168557 -0.231477 0.252717 0.453605 0.854621 0.407413 0.31622 -0.384863 0.867113 0.400795 -0.930002 -0.306262 0.203222 -0.504304 0.187351 -0.87068 -0.45477 0.485867 
1534334953385 0.110416 0.864191 -0.4909 -0.600957 -0.961207 0.218464 0.168388 -0.231446 0.252764 0.453264 0.854788 0.407449 0.31622 -0.384863 0.867113 0.400795 -0.930002 -0.306262 0.203222 -0.504304 0.187351 -0.87068 -0.45477 0.485867 
1534334953396 0.110233 0.864211 -0.490906 -0.600845 -0.961186 0.218382 0.168615 -0.231452 0.252924 0.453265 0.85474 0.40742 0.31622 -0.384863 0.867113 0.400795 -0.930002 -0.306262 0.203222 -0.504304 0.187351 -0.87068 -0.45477 0.485867 
1534334953415 0.11005 0.864231 -0.490911 -0.600727 -0.961165 0.2183 0.168841 -0.231455 0.253083 0.453266 0.854692 0.407392 0.31622 -0.384863 0.867113 0.400795 -0.930002 -0.306262 0.203222 -0.504304 0.187351 -0.87068 -0.45477 0.485867 
1534334953430 0.109866 0.864252 -0.490916 -0.60061 -0.961144 0.218218 0.169067 -0.231459 0.253243 0.453266 0.854645 0.407363 0.31622 -0.384863 0.867113 0.400795 -0.930002 -0.306262 0.203222 -0.504304 0.187351 -0.87068 -0.45477 0.485867 
1534334953436 0.109684 0.864272 -0.490921 -0.600492 -0.961123 0.218136 0.169292 -0.231463 0.253402 0.453267 0.854597 0.407334 0.31622 -0.384863 0.867113 0.400795 -0.930002 -0.306262 0.203222 -0.504304 0.187351 -0.87068 -0.45477 0.485867 
1534334953450 0.109501 0.864292 -0.490927 -0.600376 -0.961101 0.218054 0.169518 -0.231467 0.253562 0.453268 0.854549 0.407306 0.31622 -0.384863 0.867113 0.400795 -0.930002 -0.306262 0.203222 -0.504304 0.187351 -0.87068 -0.45477 0.485867 
1534334953466 0.109317 0.864312 -0.490932 -0.600258 -0.96108 0.217972 0.169744 -0.23147 0.253721 0.453269 0.854502 0.407277 0.31622 -0.384863 0.867113 0.400795 -0.930002 -0.306262 0.203222 -0.504304 0.187351 -0.87068 -0.45477 0.485867 
1534334953599 0.109135 0.864333 -0.490937 -0.600142 -0.961059 0.21789 0.16997 -0.231474 0.253881 0.45327 0.854454 0.407248 0.31622 -0.384863 0.867113 0.400795 -0.930002 -0.306262 0.203222 -0.504304 0.187351 -0.87068 -0.45477 0.485867 
1534334953623 0.108952 0.864353 -0.490942 -0.600025 -0.961038 0.217808 0.170196 -0.231479 0.25404 0.45327 0.854406 0.40722 0.31622 -0.384863 0.867113 0.400795 -0.930002 -0.306262 0.203222 -0.504304 0.187351 -0.87068 -0.45477 0.485867 
1534334953640 0.108768 0.864373 -0.490947 -0.599907 -0.961016 0.217726 0.170422 -0.231482 0.2542 0.453271 0.854358 0.407191 0.31622 -0.384863 0.867113 0.400795 -0.930002 -0.306262 0.203222 -0.504304 0.187351 -0.87068 -0.45477 0.485867 
1534334953681 0.109043 0.864302 -0.491012 -0.600325 -0.961166 0.217653 0.169669 -0.23135 0.253515 0.453442 0.854471 0.407196 0.31622 -0.384863 0.867113 0.400795 -0.930002 -0.306262 0.203222 -0.504304 0.187351 -0.87068 -0.45477 0.485867 
1534334953693 0.108876 0.864406 -0.490865 -0.600238 -0.961162 0.217521 0.169861 -0.23137 0.253602 0.453307 0.854517 0.407166 0.31622 -0.384863 0.867113 0.400795 -0.930002 -0.306262 0.203222 -0.504304 0.187351 -0.87068 -0.45477 0.485867 
1534334953709 0.108709 0.86451 -0.490718 -0.600146 -0.961157 0.217389 0.170054 -0.231389 0.25369 0.453171 0.854563 0.407135 0.31622 -0.384863 0.867113 0.400795 -0.930002 -0.306262 0.203222 -0.504304 0.187351 -0.87068 -0.45477 0.485867 
1534334953716 0.108542 0.864615 -0.490571 -0.600054 -0.961153 0.217257 0.170246 -0.231408 0.253778 0.453035 0.854609 0.407105 0.31622 -0.384863 0.867113 0.400795 -0.930002 -0.306262 0.203222 -0.504304 0.187351 -0.87068 -0.45477 0.485867 
1534334953728 0.108376 0.864719 -0.490425 -0.599963 -0.961149 0.217126 0.170439 -0.231427 0.253865 0.4529 0.854654 0.407074 0.31622 -0.384863 0.867113 0.400795 -0.930002 -0.306262 0.203222 -0.504304 0.187351 -0.87068 -0.45477 0.485867 
1534334953746 0.108209 0.864823 -0.490278 -0.599871 -0.961144 0.216994 0.170631 -0.231445 0.253953 0.452764 0.8547 0.407044 0.31622 -0.384863 0.867113 0.400795 -0.930002 -0.306262 0.203222 -0.504304 0.187351 -0.87068 -0.45477 0.485867 
1534334953816 0.108043 0.864927 -0.490131 -0.59978 -0.96114 0.216862 0.170823 -0.231464 0.254041 0.452629 0.854746 0.407014 0.31622 -0.384863 0.867113 0.400795 -0.930002 -0.306262 0.203222 -0.504304 0.187351 -0.87068 -0.45477 0.485867 
1534334953867 0.107876 0.865031 -0.489984 -0.599688 -0.961136 0.21673 0.171016 -0.231482 0.254128 0.452493 0.854792 0.406984 0.31622 -0.384863 0.867113 0.400795 -0.930002 -0.306262 0.203222 -0.504304 0.187351 -0.87068 -0.45477 0.485867 
1534334953895 0.107709 0.865135 -0.489838 -0.599596 -0.961131 0.216599 0.171208 -0.231501 0.254216 0.452357 0.854837 0.406953 0.31622 -0.384863 0.867113 0.400795 -0.930002 -0.306262 0.203222 -0.504304 0.187351 -0.87068 -0.45477 0.485867 
1534334953917 0.107543 0.865238 -0.489691 -0.599505 -0.961127 0.216467 0.1714 -0.23152 0.254304 0.452222 0.854883 0.406923 0.31622 -0.384863 0.867113 0.400795 -0.930002 -0.306262 0.203222 -0.504304 0.187351 -0.87068 -0.45477 0.485867 
1534334953963 0.107903 0.865012 -0.490012 -0.599822 -0.961185 0.216666 0.17082 -0.231382 0.25393 0.45256 0.854815 0.407054 0.31622 -0.384863 0.867113 0.400795 -0.930002 -0.306262 0.203222 -0.504304 0.187351 -0.87068 -0.45477 0.485867 
1534334953976 0.107796 0.865144 -0.489802 -0.599756 -0.961164 0.21659 0.171032 -0.23142 0.254053 0.452343 0.854893 0.407039 0.31622 -0.384863 0.867113 0.400795 -0.930002 -0.306262 0.203222 -0.504304 0.187351 -0.87068 -0.45477 0.485867 
1534334953993 0.107689 0.865277 -0.489591 -0.599685 -0.961143 0.216514 0.171245 -0.231456 0.254178 0.452126 0.854971 0.407022 0.31622 -0.384863 0.867113 0.400795 -0.930002 -0.306262 0.203222 -0.504304 0.187351 -0.87068 -0.45477 0.485867 
1534334954011 0.107582 0.86541 -0.489379 -0.599616 -0.961122 0.216439 0.171459 -0.231493 0.254303 0.451907 0.85505 0.407007 0.31622 -0.384863 0.867113 0.400795 -0.930002 -0.306262 0.203222 -0.504304 0.187351 -0.87068 -0.45477 0.485867 
1534334954026 0.107476 0.865542 -0.489168 -0.599546 -0.961101 0.216363 0.171672 -0.231529 0.254427 0.45169 0.855128 0.406991 0.31622 -0.384863 0.867113 0.400795 -0.930002 -0.306262 0.203222 -0.504304 0.187351 -0.87068 -0.45477 0.485867 
1534334954043 0.107369 0.865675 -0.488957 -0.599475 -0.96108 0.216287 0.171885 -0.231565 0.254551 0.451472 0.855206 0.406975 0.31622 -0.384863 0.867113 0.400795 -0.930002 -0.306262 0.203222 -0.504304 0.187351 -0.87068 -0.45477 0.485867 
1534334954065 0.107263 0.865807 -0.488746 -0.599405 -0.961059 0.216212 0.172097 -0.231602 0.254676 0.451254 0.855283 0.406959 0.31622 -0.384863 0.867113 0.400795 -0.930002 -0.306262 0.203222 -0.504304 0.187351 -0.87068 -0.45477 0.485867 
1534334954175 0.107156 0.865939 -0.488535 -0.599334 -0.961038 0.216136 0.172311 -0.231638 0.2548 0.451037 0.855361 0.406943 0.31622 -0.384863 0.867113 0.400795 -0.930002 -0.306262 0.203222 -0.504304 0.187351 -0.87068 -0.45477 0.485867 
1534334954191 0.107049 0.866072 -0.488324 -0.599264 -0.961017 0.21606 0.172523 -0.231674 0.254925 0.450819 0.855439 0.406927 0.31622 -0.384863 0.867113 0.400795 -0.930002 -0.306262 0.203222 -0.504304 0.187351 -0.87068 -0.45477 0.485867 
1534334954217 0.106943 0.866204 -0.488113 -0.599194 -0.960996 0.215985 0.172736 -0.231711 0.25505 0.450601 0.855516 0.406912 0.31622 -0.384863 0.867113 0.400795 -0.930002 -0.306262 0.203222 -0.504304 0.187351 -0.87068 -0.45477 0.485867 
1534334954257 0.107152 0.865898 -0.48861 -0.599457 -0.961099 0.21604 0.17209 -0.231516 0.254572 0.451163 0.855363 0.40698 0.31622 -0.384863 0.867113 0.400795 -0.930002 -0.306262 0.203222 -0.504304 0.187351 -0.87068 -0.45477 0.485867 
1534334954267 0.107157 0.865965 -0.48849 -0.599402 -0.961139 0.21595 0.171983 -0.231542 0.25442 0.451078 0.855453 0.406981 0.31622 -0.384863 0.867113 0.400795 -0.930002 -0.306262 0.203222 -0.504304 0.187351 -0.87068 -0.45477 0.485867 
1534334954284 0.107163 0.866032 -0.48837 -0.599342 -0.961178 0.215859 0.171874 -0.231565 0.254268 0.450992 0.855543 0.406982 0.31622 -0.384863 0.867113 0.400795 -0.930002 -0.306262 0.203222 -0.504304 0.187351 -0.87068 -0.45477 0.485867 
1534334954303 0.107169 0.866099 -0.488249 -0.599282 -0.961218 0.215769 0.171766 -0.231589 0.254115 0.450906 0.855634 0.406984 0.31622 -0.384863 0.867113 0.400795 -0.930002 -0.306262 0.203222 -0.504304 0.187351 -0.87068 -0.45477 0.485867 
1534334954317 0.107175 0.866166 -0.488129 -0.599222 -0.961258 0.215679 0.171657 -0.231612 0.253963 0.45082 0.855724 0.406985 0.31622 -0.384863 0.867113 0.400795 -0.930002 -0.306262 0.203222 -0.504304 0.187351 -0.87068 -0.45477 0.485867 
1534334954325 0.107181 0.866233 -0.488009 -0.599163 -0.961297 0.215589 0.171549 -0.231637 0.25381 0.450735 0.855815 0.406986 0.31622 -0.384863 0.867113 0.400795 -0.930002 -0.306262 0.203222 -0.504304 0.187351 -0.87068 -0.45477 0.485867 
1534334954339 0.107186 0.8663 -0.487888 -0.599102 -0.961337 0.215498 0.17144 -0.23166 0.253658 0.450649 0.855905 0.406988 0.31622 -0.384863 0.867113 0.400795 -0.930002 -0.306262 0.203222 -0.504304 0.187351 -0.87068 -0.45477 0.485867 
1534334954361 0.107192 0.866367 -0.487768 -0.599043 -0.961377 0.215408 0.171332 -0.231684 0.253505 0.450563 0.855995 0.406989 0.31622 -0.384863 0.867113 0.400795 -0.930002 -0.306262 0.203222 -0.504304 0.187351 -0.87068 -0.45477 0.485867 
1534334954372 0.107198 0.866434 -0.487647 -0.598984 -0.961416 0.215318 0.171223 -0.231708 0.253353 0.450477 0.856086 0.40699 0.31622 -0.384863 0.867113 0.400795 -0.930002 -0.306262 0.203222 -0.504304 0.187351 -0.87068 -0.45477 0.485867 
1534334954389 0.107204 0.866502 -0.487527 -0.598923 -0.961456 0.215227 0.171114 -0.231731 0.2532 0.450391 0.856176 0.406991 0.31622 -0.384863 0.867113 0.400795 -0.930002 -0.306262 0.203222 -0.504304 0.187351 -0.87068 -0.45477 0.485867 
1534334954414 0.106973 0.866234 -0.488053 -0.599235 -0.961057 0.215884 0.172519 -0.231692 0.254805 0.450592 0.855594 0.406937 0.31622 -0.384863 0.867113 0.400795 -0.930002 -0.306262 0.203222 -0.504304 0.187351 -0.87068 -0.45477 0.485867 
1534334954425 0.106724 0.866245 -0.488088 -0.599108 -0.961076 0.215692 0.172658 -0.231742 0.254841 0.450663 0.855546 0.406947 0.31622 -0.384863 0.867113 0.400795 -0.930002 -0.306262 0.203222 -0.504304 0.187351 -0.87068 -0.45477 0.485867 
1534334954442 0.106475 0.866255 -0.488124 -0.598977 -0.961094 0.215501 0.172796 -0.23179 0.254877 0.450734 0.855498 0.406957 0.31622 -0.384863 0.867113 0.400795 -0.930002 -0.306262 0.203222 -0.504304 0.187351 -0.87068 -0.45477 0.485867 
1534334954458 0.106227 0.866266 -0.488159 -0.598847 -0.961111 0.21531 0.172935 -0.231839 0.254913 0.450805 0.85545 0.406967 0.31622 -0.384863 0.867113 0.400795 -0.930002 -0.306262 0.203222 -0.504304 0.187351 -0.87068 -0.45477 0.485867 
1534334954561 0.105979 0.866277 -0.488194 -0.598717 -0.961129 0.215119 0.173073 -0.231887 0.254949 0.450875 0.855402 0.406977 0.31622 -0.384863 0.867113 0.400795 -0.930002 -0.306262 0.203222 -0.504304 0.187351 -0.87068 -0.45477 0.485867 
1534334954577 0.10573 0.866287 -0.488229 -0.598586 -0.961147 0.214927 0.173212 -0.231935 0.254985 0.450946 0.855354 0.406987 0.31622 -0.384863 0.867113 0.400795 -0.930002 -0.306262 0.203222 -0.504304 0.187351 -0.87068 -0.45477 0.485867 
1534334954584 0.105482 0.866298 -0.488264 -0.598456 -0.961165 0.214737 0.17335 -0.231984 0.255021 0.451017 0.855306 0.406997 0.31622 -0.384863 0.867113 0.400795 -0.930002 -0.306262 0.203222 -0.504304 0.187351 -0.87068 -0.45477 0.485867 
1534334954648 0.105233 0.866308 -0.488299 -0.598324 -0.961183 0.214545 0.173489 -0.232032 0.255057 0.451088 0.855258 0.407007 0.31622 -0.384863 0.867113 0.400795 -0.930002 -0.306262 0.203222 -0.504304 0.187351 -0.87068 -0.45477 0.485867 
1534334954713 0.104984 0.866319 -0.488334 -0.598194 -0.9612 0.214354 0.173627 -0.23208 0.255093 0.451159 0.85521 0.407017 0.31622 -0.384863 0.867113 0.400795 -0.930002 -0.306262 0.203222 -0.504304 0.187351 -0.87068 -0.45477 0.485867 
1534334954730 0.104736 0.866329 -0.488369 -0.598064 -0.961218 0.214163 0.173766 -0.232129 0.255129 0.451229 0.855162 0.407028 0.31622 -0.384863 0.867113 0.400795 -0.930002 -0.306262 0.203222 -0.504304 0.187351 -0.87068 -0.45477 0.485867 
1534334954770 0.10538 0.866216 -0.488432 -0.598519 -0.961204 0.214632 0.17326 -0.231861 0.254914 0.451225 0.855228 0.406911 0.31622 -0.384863 0.867113 0.400795 -0.930002 -0.306262 0.203222 -0.504304 0.187351 -0.87068 -0.45477 0.485867 
1534334954783 0.105175 0.866206 -0.488494 -0.598349 -0.961234 0.214455 0.173318 -0.231932 0.254889 0.451328 0.855181 0.406915 0.31622 -0.384863 0.867113 0.400795 -0.930002 -0.306262 0.203222 -0.504304 0.187351 -0.87068 -0.45477 0.485867 
1534334954800 0.104969 0.866196 -0.488555 -0.598174 -0.961263 0.214278 0.173376 -0.232002 0.254864 0.45143 0.855135 0.406919 0.31622 -0.384863 0.867113 0.400795 -0.930002 -0.306262 0.203222 -0.504304 0.187351 -0.87068 -0.45477 0.485867 
1534334954821 0.104764 0.866186 -0.488616 -0.598001 -0.961292 0.214101 0.173434 -0.232072 0.254839 0.451533 0.855088 0.406923 0.31622 -0.384863 0.867113 0.400795 -0.930002 -0.306262 0.203222 -0.504304 0.187351 -0.87068 -0.45477 0.485867 
1534334954837 0.104559 0.866177 -0.488677 -0.597826 -0.961321 0.213924 0.173492 -0.232141 0.254814 0.451635 0.855041 0.406927 0.31622 -0.384863 0.867113 0.400795 -0.930002 -0.306262 0.203222 -0.504304 0.187351 -0.87068 -0.45477 0.485867 
1534334954904 0.104353 0.866167 -0.488738 -0.597652 -0.961349 0.213746 0.17355 -0.232211 0.254789 0.451738 0.854994 0.406932 0.31622 -0.384863 0.867113 0.400795 -0.930002 -0.306262 0.203222 -0.504304 0.187351 -0.87068 -0.45477 0.485867 
1534334954970 0.104148 0.866157 -0.4888 -0.597478 -0.961378 0.21357 0.173608 -0.232281 0.254764 0.45184 0.854948 0.406936 0.31622 -0.384863 0.867113 0.400795 -0.930002 -0.306262 0.203222 -0.504304 0.187351 -0.87068 -0.45477 0.485867 
1534334955011 0.103942 0.866147 -0.488861 -0.597303 -0.961407 0.213392 0.173666 -0.23235 0.254739 0.451943 0.854901 0.40694 0.31622 -0.384863 0.867113 0.400795 -0.930002 -0.306262 0.203222 -0.504304 0.187351 -0.87068 -0.45477 0.485867 
1534334955049 0.103737 0.866138 -0.488922 -0.597129 -0.961436 0.213215 0.173724 -0.23242 0.254715 0.452045 0.854854 0.406944 0.31622 -0.384863 0.867113 0.400795 -0.930002 -0.306262 0.203222 -0.504304 0.187351 -0.87068 -0.45477 0.485867 
1534334955128 0.103532 0.866128 -0.488983 -0.596955 -0.961465 0.213038 0.173782 -0.232489 0.25469 0.452148 0.854807 0.406948 0.31622 -0.384863 0.867113 0.400795 -0.930002 -0.306262 0.203222 -0.504304 0.187351 -0.87068 -0.45477 0.485867 
1534334955173 0.10384 0.86622 -0.488753 -0.597354 -0.961435 0.213254 0.173685 -0.232254 0.254678 0.451869 0.854958 0.406955 0.31622 -0.384863 0.867113 0.400795 -0.930002 -0.306262 0.203222 -0.504304 0.187351 -0.87068 -0.45477 0.485867 
1534334955184 0.103647 0.866409 -0.48846 -0.597191 -0.961451 0.213035 0.173861 -0.232295 0.254694 0.451611 0.85509 0.406921 0.31622 -0.384863 0.867113 0.400795 -0.930002 -0.306262 0.203222 -0.504304 0.187351 -0.87068 -0.45477 0.485867 
1534334955206 0.103454 0.866597 -0.488167 -0.597025 -0.961468 0.212817 0.174037 -0.232335 0.25471 0.451352 0.855222 0.406887 0.31622 -0.384863 0.867113 0.400795 -0.930002 -0.306262 0.203222 -0.504304 0.187351 -0.87068 -0.45477 0.485867 
1534334955231 0.103261 0.866785 -0.487874 -0.596858 -0.961484 0.212599 0.174212 -0.232375 0.254726 0.451093 0.855353 0.406854 0.31622 -0.384863 0.867113 0.400795 -0.930002 -0.306262 0.203222 -0.504304 0.187351 -0.87068 -0.45477 0.485867 
1534334955347 0.103069 0.866973 -0.48758 -0.596691 -0.961501 0.212381 0.174387 -0.232414 0.254742 0.450835 0.855485 0.40682 0.31622 -0.384863 0.867113 0.400795 -0.930002 -0.306262 0.203222 -0.504304 0.187351 -0.87068 -0.45477 0.485867 
1534334955394 0.102876 0.867161 -0.487287 -0.596524 -0.961517 0.212162 0.174563 -0.232453 0.254758 0.450576 0.855617 0.406786 0.31622 -0.384863 0.867113 0.400795 -0.930002 -0.306262 0.203222 -0.504304 0.187351 -0.87068 -0.45477 0.485867 
1534334955464 0.102683 0.867349 -0.486993 -0.596358 -0.961533 0.211944 0.174738 -0.232493 0.254774 0.450317 0.855748 0.406752 0.31622 -0.384863 0.867113 0.400795 -0.930002 -0.306262 0.203222 -0.504304 0.187351 -0.87068 -0.45477 0.485867 
1534334955516 0.10249 0.867537 -0.486699 -0.596192 -0.96155 0.211725 0.174913 -0.232533 0.25479 0.450059 0.855879 0.406719 0.31622 -0.384863 0.867113 0.400795 -0.930002 -0.306262 0.203222 -0.504304 0.187351 -0.87068 -0.45477 0.485867 
