1535143710112 0.209687 0.917599 -0.337702 -0.472402 -0.94447 0.27945 0.172873 -0.171681 0.252999 0.2827 0.925242 0.475177 0.192086 -0.0199912 0.981174 0.379972 -0.980925 -0.0342846 0.191339 -0.50025 0.0298141 -0.999212 -0.0261955 0.424368 
1535143710126 0.214327 0.918571 -0.3321 -0.488625 -0.943868 0.282263 0.171583 -0.178714 0.251351 0.276684 0.927507 0.464948 0.189379 -0.0302356 0.981438 0.380412 -0.981837 -0.0175534 0.188915 -0.498731 0.0115156 -0.999389 -0.0330107 0.42584 
1535143710132 0.218953 0.919496 -0.326477 -0.504849 -0.943251 0.285081 0.170311 -0.185748 0.249672 0.27066 0.929735 0.454718 0.186481 -0.0404295 0.981626 0.38085 -0.982435 -0.000792002 0.186602 -0.497205 -0.00676678 -0.999182 -0.039867 0.427311 
1535143710142 0.223567 0.920371 -0.320836 -0.521073 -0.94262 0.287903 0.169055 -0.192782 0.247963 0.264631 0.931925 0.444488 0.183396 -0.0505694 0.981738 0.381289 -0.982721 0.015993 0.184403 -0.49568 -0.0250261 -0.998592 -0.0467625 0.428783 
1535143711234 0.228167 0.921197 -0.315176 -0.537296 -0.941973 0.290729 0.167817 -0.199816 0.246223 0.258597 0.934078 0.434258 0.180125 -0.0606514 0.981772 0.381727 -0.982692 0.0327952 0.182319 -0.494154 -0.0432553 -0.99762 -0.0536944 0.430255 
1535143711734 0.232753 0.921974 -0.309498 -0.55352 -0.941312 0.29356 0.166596 -0.20685 0.244453 0.252559 0.936193 0.424029 0.176669 -0.0706716 0.98173 0.382165 -0.98235 0.0496078 0.180351 -0.492627 -0.0614472 -0.996265 -0.0606601 0.431727 
1535143711904 0.237325 0.922703 -0.303803 -0.569742 -0.940636 0.296394 0.165392 -0.213883 0.242653 0.246516 0.938269 0.413799 0.17303 -0.0806259 0.981611 0.382604 -0.981695 0.0664243 0.1785 -0.491103 -0.0795946 -0.994529 -0.0676567 0.433198 
1535143711915 0.241884 0.923382 -0.29809 -0.585966 -0.939945 0.299232 0.164206 -0.220917 0.240823 0.240469 0.940308 0.40357 0.169208 -0.0905107 0.981416 0.383042 -0.980727 0.0832384 0.176766 -0.489576 -0.0976907 -0.992411 -0.0746817 0.43467 
1535143713011 0.246427 0.924013 -0.29236 -0.60219 -0.939239 0.302073 0.163037 -0.227951 0.238962 0.234419 0.942308 0.39334 0.165206 -0.100322 0.981144 0.38348 -0.979446 0.100043 0.175149 -0.488048 -0.115728 -0.989913 -0.0817323 0.436142 
1535143713018 0.250956 0.924594 -0.286613 -0.618414 -0.938519 0.304918 0.161886 -0.234985 0.237072 0.228365 0.94427 0.38311 0.161025 -0.110056 0.980795 0.383918 -0.977852 0.116832 0.173652 -0.486521 -0.1337 -0.987035 -0.0888055 0.437613 
1535143715053 0.252124 0.924259 -0.286668 -0.618187 -0.938218 0.306031 0.161527 -0.235288 0.237022 0.228232 0.944315 0.383859 0.161223 -0.109705 0.980802 0.383934 -0.977929 0.116069 0.173734 -0.486627 -0.1329 -0.987164 -0.0885704 0.437602 
1535143715064 0.25246 0.924347 -0.286088 -0.619828 -0.938175 0.306206 0.16145 -0.235959 0.236838 0.22764 0.944504 0.382762 0.164868 -0.111005 0.980049 0.383946 -0.978489 0.106517 0.17667 -0.487016 -0.124003 -0.988095 -0.0910561 0.438119 
1535143715436 0.252795 0.924435 -0.285506 -0.621473 -0.938132 0.306379 0.161372 -0.236632 0.236651 0.227048 0.944693 0.381664 0.168525 -0.112269 0.979283 0.383959 -0.978954 0.0969516 0.179583 -0.487411 -0.115105 -0.988937 -0.0935678 0.438636 
1535143715441 0.25313 0.924523 -0.284925 -0.623119 -0.938088 0.306552 0.161295 -0.237306 0.236465 0.226456 0.944882 0.380566 0.172191 -0.113498 0.978503 0.383973 -0.979321 0.0873739 0.18247 -0.487807 -0.106206 -0.989689 -0.0961056 0.439154 
1535143715459 0.253464 0.924611 -0.284343 -0.624765 -0.938045 0.306726 0.161217 -0.237979 0.236278 0.225864 0.94507 0.379468 0.175866 -0.11469 0.97771 0.383986 -0.979593 0.0777851 0.18533 -0.488202 -0.0973067 -0.990351 -0.0986693 0.439671 
1535143715466 0.253799 0.924698 -0.283762 -0.626411 -0.938002 0.306899 0.161139 -0.238653 0.236091 0.225272 0.945258 0.37837 0.17955 -0.115845 0.976904 0.384 -0.979768 0.0681861 0.188163 -0.488597 -0.088409 -0.990924 -0.101259 0.440188 
1535143715940 0.254133 0.924784 -0.28318 -0.628055 -0.937958 0.307072 0.161062 -0.239325 0.235904 0.22468 0.945446 0.377273 0.183242 -0.116964 0.976085 0.384013 -0.979847 0.058578 0.190968 -0.488991 -0.0795135 -0.991407 -0.103873 0.440706 
1535143716236 0.254467 0.92487 -0.282598 -0.629701 -0.937915 0.307246 0.160985 -0.239999 0.235717 0.224087 0.945633 0.376175 0.186943 -0.118047 0.975252 0.384026 -0.979829 0.0489614 0.193746 -0.489386 -0.0706209 -0.9918 -0.106513 0.441223 
1535143716570 0.254801 0.924956 -0.282016 -0.631346 -0.937871 0.307419 0.160907 -0.240672 0.235529 0.223495 0.94582 0.375077 0.19065 -0.119093 0.974407 0.38404 -0.979715 0.0393376 0.196497 -0.48978 -0.0617322 -0.992104 -0.109178 0.44174 
1535143716773 0.255135 0.925041 -0.281434 -0.632992 -0.937827 0.307593 0.16083 -0.241345 0.235342 0.222903 0.946007 0.373979 0.194365 -0.120102 0.973549 0.384053 -0.979505 0.0297074 0.199219 -0.490176 -0.0528483 -0.992317 -0.111867 0.442258 
1535143717433 0.255707 0.92481 -0.281675 -0.632745 -0.937615 0.308235 0.160838 -0.241489 0.235567 0.222975 0.945934 0.374204 0.193938 -0.120048 0.973641 0.383975 -0.979525 0.0309698 0.198929 -0.490072 -0.0540344 -0.992285 -0.111583 0.442041 
1535143717447 0.255268 0.924711 -0.282395 -0.633011 -0.93762 0.308049 0.161165 -0.241698 0.236022 0.223639 0.945663 0.374146 0.195198 -0.121204 0.973246 0.384062 -0.979453 0.0271898 0.199829 -0.490163 -0.0506825 -0.992255 -0.113406 0.442356 
1535143717451 0.25483 0.924613 -0.283113 -0.63328 -0.937625 0.307864 0.161492 -0.241908 0.236478 0.224301 0.945393 0.374087 0.196464 -0.122355 0.972847 0.38415 -0.979368 0.0234076 0.200725 -0.490261 -0.0473318 -0.99221 -0.115232 0.442672 
1535143717458 0.254391 0.924513 -0.283832 -0.63355 -0.937629 0.30768 0.161819 -0.242119 0.236933 0.224964 0.945121 0.374028 0.197733 -0.123501 0.972445 0.384239 -0.979269 0.019624 0.201613 -0.49036 -0.0439828 -0.99215 -0.117061 0.442987 
1535143717650 0.253952 0.924413 -0.28455 -0.633818 -0.937633 0.307495 0.162146 -0.242329 0.237388 0.225626 0.944849 0.373969 0.199006 -0.124642 0.97204 0.384327 -0.979155 0.0158393 0.202494 -0.490456 -0.0406358 -0.992075 -0.118892 0.443303 
1535143717859 0.253512 0.924313 -0.285268 -0.634088 -0.937637 0.30731 0.162474 -0.24254 0.237842 0.226289 0.944576 0.37391 0.200282 -0.125778 0.971631 0.384416 -0.979028 0.0120532 0.203367 -0.490554 -0.0372905 -0.991985 -0.120726 0.443619 
1535143717880 0.253073 0.924211 -0.285986 -0.634358 -0.93764 0.307127 0.162801 -0.242751 0.238296 0.226952 0.944303 0.373851 0.201563 -0.126909 0.971219 0.384504 -0.978887 0.00826596 0.204234 -0.490653 -0.0339472 -0.99188 -0.122563 0.443934 
1535143718010 0.252632 0.92411 -0.286703 -0.634627 -0.937644 0.306942 0.163129 -0.242961 0.23875 0.227613 0.944029 0.373792 0.202846 -0.128034 0.970804 0.384592 -0.978732 0.00447772 0.205093 -0.49075 -0.0306059 -0.99176 -0.124403 0.44425 
1535143718223 0.252191 0.924007 -0.28742 -0.634896 -0.937647 0.306758 0.163457 -0.243172 0.239203 0.228276 0.943754 0.373733 0.204133 -0.129154 0.970386 0.384681 -0.978563 0.000688425 0.205945 -0.490846 -0.0272667 -0.991624 -0.126245 0.444565 
1535143718274 0.25175 0.923904 -0.288136 -0.635166 -0.937649 0.306575 0.163785 -0.243383 0.239657 0.228938 0.943479 0.373674 0.205424 -0.130269 0.969964 0.384769 -0.978381 -0.00310203 0.206789 -0.490945 -0.0239294 -0.991474 -0.12809 0.444881 
1535143718666 0.252227 0.923968 -0.287513 -0.634915 -0.937594 0.306851 0.163588 -0.243238 0.239373 0.228309 0.943703 0.373745 0.205149 -0.129934 0.970068 0.384699 -0.978401 -0.00147796 0.206713 -0.490846 -0.0254253 -0.991522 -0.127431 0.444669 
1535143718680 0.251619 0.92416 -0.287429 -0.634959 -0.937751 0.306262 0.163792 -0.24335 0.239398 0.228324 0.943693 0.373784 0.201131 -0.129354 0.970986 0.384628 -0.978979 0.0077213 0.203815 -0.490416 -0.0338617 -0.991568 -0.125082 0.444179 
1535143718784 0.251012 0.924351 -0.287345 -0.635004 -0.937907 0.305673 0.163995 -0.243463 0.239423 0.228339 0.943683 0.373823 0.197115 -0.128737 0.971891 0.384557 -0.979467 0.0169181 0.200892 -0.489981 -0.0423048 -0.991534 -0.122759 0.44369 
1535143718985 0.250405 0.924542 -0.287261 -0.635048 -0.938063 0.305084 0.164198 -0.243576 0.239447 0.228353 0.943674 0.373862 0.193101 -0.128081 0.972783 0.384485 -0.979865 0.0261117 0.197945 -0.489546 -0.050754 -0.99142 -0.12046 0.4432 
1535143719077 0.249798 0.924733 -0.287177 -0.635093 -0.938219 0.304495 0.164401 -0.243688 0.239471 0.228368 0.943664 0.373902 0.189091 -0.127388 0.973662 0.384413 -0.980173 0.0353011 0.194974 -0.489111 -0.0592087 -0.991225 -0.118187 0.44271 
1535143719099 0.24919 0.924923 -0.287092 -0.635137 -0.938374 0.303906 0.164604 -0.243801 0.239495 0.228382 0.943654 0.373941 0.185086 -0.126656 0.974526 0.384342 -0.98039 0.0444854 0.191981 -0.488677 -0.0676678 -0.990949 -0.115939 0.44222 
1535143719295 0.248583 0.925112 -0.287008 -0.635182 -0.938529 0.303318 0.164806 -0.243914 0.239519 0.228397 0.943645 0.37398 0.181083 -0.125888 0.975377 0.384269 -0.980517 0.0536641 0.188963 -0.488241 -0.0761309 -0.990592 -0.113717 0.44173 
1535143719413 0.247975 0.925302 -0.286923 -0.635226 -0.938684 0.302728 0.165009 -0.244026 0.239543 0.228411 0.943635 0.374019 0.177086 -0.125081 0.976215 0.384198 -0.980553 0.0628358 0.185924 -0.487807 -0.0845968 -0.990155 -0.111521 0.44124 
1535143719544 0.247367 0.925491 -0.286838 -0.635271 -0.938838 0.302139 0.165212 -0.244139 0.239567 0.228427 0.943625 0.374058 0.173093 -0.124237 0.977038 0.384126 -0.980499 0.0720002 0.182861 -0.487371 -0.0930651 -0.989637 -0.109352 0.44075 
1535143719651 0.246759 0.925679 -0.286753 -0.635316 -0.938992 0.30155 0.165415 -0.244252 0.239591 0.228441 0.943616 0.374097 0.169105 -0.123356 0.977848 0.384054 -0.980354 0.081156 0.179777 -0.486937 -0.101535 -0.989038 -0.107208 0.44026 
1535143720581 0.247456 0.92548 -0.286798 -0.635262 -0.938852 0.302181 0.165054 -0.244201 0.239419 0.228417 0.943665 0.374041 0.169676 -0.123151 0.977775 0.384154 -0.980354 0.0801689 0.18022 -0.487024 -0.100581 -0.989144 -0.107129 0.440489 
1535143720594 0.247176 0.925685 -0.286377 -0.635235 -0.93903 0.301739 0.16485 -0.244259 0.23901 0.228169 0.943829 0.374043 0.168758 -0.123307 0.977914 0.384123 -0.980399 0.0813446 0.179443 -0.486969 -0.101675 -0.989029 -0.107162 0.440428 
1535143720615 0.246896 0.92589 -0.285955 -0.63521 -0.939208 0.301297 0.164646 -0.244318 0.238601 0.227921 0.943992 0.374045 0.167838 -0.123462 0.978053 0.384092 -0.980443 0.0825216 0.178665 -0.486909 -0.102769 -0.988912 -0.107198 0.440366 
1535143720710 0.246615 0.926095 -0.285533 -0.635185 -0.939386 0.300854 0.164441 -0.244376 0.238192 0.227672 0.944156 0.374047 0.166917 -0.123616 0.978191 0.38406 -0.980485 0.0836986 0.177886 -0.486848 -0.103863 -0.988794 -0.107233 0.440305 
1535143720861 0.246334 0.9263 -0.285111 -0.63516 -0.939563 0.300412 0.164236 -0.244435 0.237783 0.227423 0.944319 0.374048 0.165997 -0.12377 0.978328 0.384028 -0.980525 0.0848756 0.177107 -0.486787 -0.104957 -0.988674 -0.10727 0.440243 
1535143720897 0.246052 0.926504 -0.284689 -0.635135 -0.93974 0.29997 0.164032 -0.244494 0.237374 0.227174 0.944482 0.37405 0.165075 -0.123922 0.978465 0.383996 -0.980563 0.0860527 0.176328 -0.486726 -0.10605 -0.988554 -0.107308 0.440182 
1535143721030 0.245771 0.926709 -0.284267 -0.635109 -0.939917 0.299527 0.163826 -0.244552 0.236965 0.226924 0.944644 0.374052 0.164155 -0.124073 0.978601 0.383964 -0.980599 0.0872296 0.175549 -0.486666 -0.107144 -0.988432 -0.107346 0.44012 
1535143721087 0.245489 0.926913 -0.283846 -0.635085 -0.940094 0.299085 0.163621 -0.244611 0.236556 0.226674 0.944807 0.374053 0.163233 -0.124223 0.978736 0.383932 -0.980632 0.0884067 0.17477 -0.486604 -0.108237 -0.988308 -0.107386 0.440059 
1535143721105 0.245207 0.927116 -0.283423 -0.635059 -0.94027 0.298643 0.163415 -0.24467 0.236147 0.226424 0.944969 0.374055 0.162311 -0.124371 0.97887 0.3839 -0.980664 0.0895837 0.173991 -0.486544 -0.10933 -0.988183 -0.107426 0.439997 
1535143721112 0.244925 0.92732 -0.283002 -0.635034 -0.940446 0.2982 0.163209 -0.244729 0.235739 0.226174 0.945131 0.374057 0.161389 -0.124519 0.979004 0.383868 -0.980694 0.0907608 0.173211 -0.486482 -0.110423 -0.988057 -0.107467 0.439936 
1535143721499 0.245417 0.926914 -0.283903 -0.635057 -0.940107 0.299032 0.163644 -0.244632 0.23658 0.226738 0.944786 0.374089 0.16202 -0.124251 0.978934 0.383962 -0.980631 0.0903721 0.173771 -0.48657 -0.110059 -0.988127 -0.107202 0.439999 
1535143721522 0.245889 0.926838 -0.283743 -0.634982 -0.940061 0.299381 0.16327 -0.244588 0.236272 0.226589 0.944898 0.37407 0.165404 -0.124902 0.978285 0.384014 -0.980711 0.0839237 0.17653 -0.487031 -0.10415 -0.988613 -0.108611 0.440349 
1535143721605 0.246362 0.926761 -0.283584 -0.634907 -0.940014 0.29973 0.162896 -0.244544 0.235965 0.226442 0.94501 0.374052 0.168793 -0.125531 0.977625 0.384067 -0.980743 0.0774693 0.179279 -0.487498 -0.098241 -0.98906 -0.110038 0.440699 
1535143721788 0.246834 0.926684 -0.283425 -0.634833 -0.939967 0.30008 0.162523 -0.2445 0.235658 0.226294 0.945122 0.374033 0.172184 -0.126138 0.976955 0.38412 -0.980728 0.0710102 0.182017 -0.487964 -0.092333 -0.989468 -0.11148 0.441049 
1535143721824 0.247307 0.926606 -0.283267 -0.634758 -0.93992 0.30043 0.162149 -0.244455 0.23535 0.226147 0.945234 0.374014 0.175577 -0.126722 0.976276 0.384174 -0.980665 0.0645465 0.184744 -0.48843 -0.0864265 -0.989836 -0.112939 0.4414 
1535143721867 0.247779 0.926529 -0.283107 -0.634683 -0.939873 0.300779 0.161776 -0.244411 0.235043 0.226 0.945346 0.373995 0.178971 -0.127284 0.975586 0.384227 -0.980554 0.0580789 0.18746 -0.488895 -0.0805217 -0.990164 -0.114415 0.44175 
1535143721981 0.248251 0.926451 -0.282948 -0.634608 -0.939825 0.301129 0.161402 -0.244367 0.234735 0.225853 0.945457 0.373977 0.182367 -0.127824 0.974886 0.38428 -0.980395 0.0516073 0.190164 -0.489363 -0.0746188 -0.990453 -0.115906 0.4421 
1535143722141 0.248723 0.926373 -0.282789 -0.634533 -0.939777 0.301478 0.161029 -0.244323 0.234427 0.225707 0.945569 0.373958 0.185764 -0.128341 0.974177 0.384333 -0.980188 0.0451324 0.192857 -0.489828 -0.0687183 -0.990703 -0.117414 0.44245 
1535143722188 0.249195 0.926295 -0.282628 -0.634458 -0.939729 0.301828 0.160656 -0.244279 0.23412 0.225559 0.94568 0.373939 0.189163 -0.128835 0.973457 0.384386 -0.979934 0.0386543 0.195538 -0.490294 -0.0628204 -0.990912 -0.118938 0.4428 
1535143722313 0.249667 0.926217 -0.282469 -0.634383 -0.93968 0.302178 0.160282 -0.244235 0.233812 0.225413 0.945791 0.373921 0.192563 -0.129307 0.972728 0.38444 -0.979632 0.0321732 0.198207 -0.490761 -0.0569253 -0.991083 -0.120478 0.44315 
1535143722587 0.24901 0.926275 -0.282859 -0.634543 -0.93969 0.301776 0.160981 -0.244282 0.234473 0.225714 0.945556 0.373926 0.178406 -0.12763 0.975644 0.384163 -0.980603 0.0587392 0.186997 -0.488798 -0.081175 -0.990081 -0.114675 0.441611 
1535143722625 0.249621 0.926152 -0.282723 -0.634321 -0.939559 0.302305 0.160748 -0.244174 0.234346 0.225509 0.945636 0.373994 0.180156 -0.128657 0.975188 0.384231 -0.980555 0.0549494 0.188397 -0.489099 -0.0778246 -0.990166 -0.116256 0.441871 
1535143722701 0.250231 0.926029 -0.282587 -0.634096 -0.939429 0.302835 0.160514 -0.244066 0.234218 0.225305 0.945717 0.374062 0.181912 -0.129676 0.974727 0.3843 -0.98049 0.0511572 0.189793 -0.489406 -0.0744759 -0.990236 -0.11784 0.44213 
1535143722903 0.250842 0.925905 -0.282451 -0.633872 -0.939298 0.303364 0.16028 -0.243957 0.234089 0.2251 0.945797 0.37413 0.18367 -0.130688 0.974262 0.384368 -0.980411 0.0473629 0.191182 -0.489713 -0.0711291 -0.990292 -0.119429 0.44239 
1535143722927 0.251453 0.925781 -0.282314 -0.633647 -0.939167 0.303894 0.160046 -0.243848 0.233961 0.224896 0.945877 0.374199 0.185431 -0.131693 0.973793 0.384437 -0.980317 0.0435665 0.192565 -0.49002 -0.0677843 -0.990333 -0.121022 0.44265 
1535143723150 0.252063 0.925657 -0.282177 -0.633424 -0.939035 0.304423 0.159812 -0.243739 0.233833 0.224691 0.945958 0.374267 0.187195 -0.132691 0.97332 0.384506 -0.980207 0.0397683 0.193941 -0.490325 -0.0644415 -0.990359 -0.12262 0.44291 
1535143723156 0.252673 0.925532 -0.28204 -0.633199 -0.938903 0.304952 0.159578 -0.24363 0.233704 0.224487 0.946038 0.374335 0.188963 -0.133681 0.972842 0.384575 -0.980082 0.035968 0.195311 -0.490633 -0.0611006 -0.990371 -0.124222 0.44317 
1535143723265 0.253283 0.925407 -0.281903 -0.632975 -0.938771 0.305481 0.159345 -0.243522 0.233575 0.224283 0.946118 0.374404 0.190732 -0.134665 0.972361 0.384644 -0.979941 0.0321659 0.196674 -0.490939 -0.057762 -0.990369 -0.125829 0.44343 
1535143723372 0.253894 0.925281 -0.281767 -0.63275 -0.938638 0.306011 0.159111 -0.243413 0.233446 0.22408 0.946198 0.374472 0.192506 -0.135641 0.971876 0.384713 -0.979785 0.0283619 0.198031 -0.491247 -0.0544255 -0.990352 -0.12744 0.44369 
1535143723592 0.254503 0.925156 -0.281629 -0.632525 -0.938505 0.30654 0.158878 -0.243304 0.233317 0.223876 0.946278 0.37454 0.194281 -0.136611 0.971387 0.384782 -0.979614 0.0245564 0.19938 -0.491553 -0.0510912 -0.99032 -0.129055 0.44395 
1535143723771 0.254053 0.925295 -0.281578 -0.632704 -0.938618 0.306109 0.159039 -0.243406 0.233352 0.22389 0.946266 0.374546 0.190431 -0.134689 0.972417 0.384595 -0.979932 0.0333471 0.196521 -0.490782 -0.0588966 -0.990327 -0.125636 0.443121 
1535143723794 0.254064 0.925227 -0.28179 -0.632349 -0.938536 0.306232 0.159286 -0.243303 0.233669 0.224002 0.946162 0.374684 0.188556 -0.134256 0.972842 0.384582 -0.98008 0.0371801 0.195089 -0.490712 -0.0623624 -0.990249 -0.124572 0.442812 
1535143723809 0.254076 0.925159 -0.282004 -0.631991 -0.938454 0.306356 0.159532 -0.243199 0.233986 0.224115 0.946057 0.374823 0.18668 -0.133817 0.973264 0.384567 -0.980213 0.0410134 0.193652 -0.490636 -0.0658307 -0.990157 -0.123513 0.442502 
1535143724028 0.254088 0.92509 -0.282218 -0.631632 -0.938372 0.30648 0.159777 -0.243094 0.234302 0.224227 0.945952 0.374962 0.184805 -0.13337 0.973683 0.384552 -0.980329 0.0448454 0.192209 -0.49056 -0.0693002 -0.990051 -0.122459 0.442192 
1535143724118 0.2541 0.925022 -0.282431 -0.631274 -0.938289 0.306604 0.160023 -0.242989 0.234619 0.22434 0.945846 0.375102 0.182931 -0.132916 0.974099 0.384538 -0.980429 0.0486762 0.190762 -0.490484 -0.0727707 -0.989931 -0.12141 0.441882 
1535143724208 0.254112 0.924953 -0.282645 -0.630914 -0.938207 0.306728 0.160269 -0.242884 0.234936 0.224453 0.945741 0.375241 0.181059 -0.132454 0.974512 0.384523 -0.980513 0.0525056 0.18931 -0.490407 -0.0762423 -0.989797 -0.120367 0.441572 
1535143724461 0.254124 0.924885 -0.282858 -0.630556 -0.938124 0.306852 0.160514 -0.24278 0.235253 0.224566 0.945635 0.37538 0.179188 -0.131985 0.974921 0.384508 -0.98058 0.0563335 0.187854 -0.490333 -0.0797147 -0.98965 -0.119328 0.441263 
1535143724630 0.254136 0.924816 -0.283072 -0.630197 -0.938042 0.306976 0.16076 -0.242675 0.23557 0.224678 0.94553 0.375519 0.177317 -0.131509 0.975328 0.384493 -0.980632 0.0601602 0.186393 -0.490255 -0.0831882 -0.989488 -0.118294 0.440953 
1535143724713 0.254147 0.924748 -0.283285 -0.629839 -0.937959 0.3071 0.161005 -0.24257 0.235886 0.224791 0.945424 0.375658 0.175448 -0.131025 0.975731 0.384479 -0.980667 0.0639851 0.184928 -0.49018 -0.0866624 -0.989312 -0.117266 0.440643 
1535143724820 0.254159 0.924679 -0.283499 -0.629479 -0.937876 0.307225 0.161251 -0.242465 0.236203 0.224904 0.945318 0.375797 0.17358 -0.130534 0.976131 0.384464 -0.980686 0.0678086 0.183458 -0.490103 -0.0901375 -0.989122 -0.116243 0.440333 
1535143725249 0.254037 0.924764 -0.283333 -0.629721 -0.937948 0.307041 0.161179 -0.242445 0.236048 0.224806 0.94538 0.375706 0.175937 -0.130882 0.975662 0.384554 -0.98068 0.0627909 0.185265 -0.490263 -0.0855106 -0.989407 -0.117307 0.440949 
1535143725262 0.254103 0.924747 -0.283328 -0.629236 -0.937897 0.307135 0.161296 -0.242247 0.236178 0.224747 0.945362 0.375848 0.17908 -0.132899 0.974817 0.384685 -0.980587 0.0563296 0.18782 -0.490682 -0.079872 -0.989528 -0.120231 0.441428 
1535143725268 0.254167 0.924734 -0.283312 -0.628763 -0.937851 0.307221 0.161401 -0.242051 0.236292 0.224682 0.945349 0.375983 0.182235 -0.134893 0.973958 0.384817 -0.980448 0.0498603 0.190355 -0.491106 -0.0742392 -0.989605 -0.123169 0.441907 
1535143725490 0.254231 0.924722 -0.283295 -0.62829 -0.937805 0.307306 0.161506 -0.241856 0.236406 0.224616 0.945336 0.376119 0.185399 -0.136865 0.973085 0.384949 -0.980265 0.0433839 0.192869 -0.491531 -0.0686133 -0.989639 -0.126121 0.442387 
1535143725544 0.254295 0.924709 -0.283279 -0.627816 -0.937759 0.307392 0.16161 -0.241661 0.23652 0.224551 0.945323 0.376254 0.188573 -0.138816 0.972199 0.385081 -0.980037 0.0369009 0.195362 -0.491956 -0.0629943 -0.98963 -0.129086 0.442866 
1535143725811 0.254359 0.924696 -0.283263 -0.627342 -0.937713 0.307478 0.161714 -0.241465 0.236634 0.224486 0.94531 0.37639 0.191756 -0.140745 0.971298 0.385213 -0.979764 0.0304115 0.197834 -0.492381 -0.0573828 -0.989579 -0.132065 0.443346 
1535143726018 0.254422 0.924684 -0.283246 -0.626869 -0.937667 0.307563 0.161819 -0.24127 0.236748 0.22442 0.945297 0.376525 0.194949 -0.142652 0.970384 0.385345 -0.979446 0.0239162 0.200285 -0.492805 -0.0517789 -0.989484 -0.135057 0.443825 
1535143726097 0.254487 0.924671 -0.28323 -0.626395 -0.937621 0.307648 0.161924 -0.241074 0.236862 0.224355 0.945284 0.37666 0.198151 -0.144536 0.969456 0.385477 -0.979083 0.0174151 0.202715 -0.493231 -0.0461829 -0.989346 -0.138062 0.444304 
1535143726231 0.25455 0.924659 -0.283213 -0.625922 -0.937575 0.307733 0.162028 -0.240879 0.236975 0.22429 0.945271 0.376796 0.201361 -0.146399 0.968515 0.385609 -0.978675 0.0109088 0.205123 -0.493655 -0.0405951 -0.989165 -0.141081 0.444784 
1535143726493 0.254614 0.924647 -0.283197 -0.625449 -0.937529 0.307819 0.162133 -0.240684 0.237089 0.224224 0.945258 0.376931 0.204581 -0.14824 0.96756 0.385741 -0.978223 0.00439753 0.207509 -0.494079 -0.0350159 -0.988942 -0.144112 0.445263 
1535143726719 0.254641 0.924619 -0.283264 -0.62566 -0.937503 0.307874 0.162179 -0.240823 0.237163 0.224263 0.94523 0.37689 0.197642 -0.144701 0.969536 0.385328 -0.979129 0.01866 0.202382 -0.493141 -0.0473764 -0.9893 -0.137993 0.443908 
1535143726737 0.254604 0.924569 -0.283459 -0.625252 -0.937414 0.307967 0.162517 -0.240644 0.237554 0.224341 0.945113 0.377012 0.195798 -0.143472 0.970092 0.385345 -0.97934 0.022399 0.200977 -0.493043 -0.0505637 -0.989401 -0.136123 0.443497 
1535143726756 0.254567 0.92452 -0.283654 -0.624841 -0.937325 0.308059 0.162856 -0.240463 0.237946 0.224418 0.944997 0.377134 0.193954 -0.142237 0.970644 0.385361 -0.979537 0.0261377 0.199561 -0.492939 -0.0537553 -0.989488 -0.134256 0.443086 
1535143726999 0.254529 0.92447 -0.283849 -0.624429 -0.937235 0.308151 0.163195 -0.240281 0.238337 0.224495 0.94488 0.377256 0.192114 -0.140993 0.971192 0.385377 -0.979719 0.0298743 0.198138 -0.492835 -0.0569498 -0.98956 -0.132395 0.442675 
1535143727154 0.254492 0.92442 -0.284043 -0.624018 -0.937146 0.308244 0.163534 -0.2401 0.238729 0.224572 0.944762 0.377379 0.190278 -0.139743 0.971734 0.385393 -0.979886 0.0336087 0.196707 -0.49273 -0.0601471 -0.989617 -0.130537 0.442264 
1535143727187 0.254455 0.924371 -0.284238 -0.623606 -0.937056 0.308336 0.163873 -0.239919 0.23912 0.224649 0.944645 0.377501 0.188445 -0.138485 0.972271 0.385409 -0.980039 0.0373409 0.195269 -0.492626 -0.0633473 -0.98966 -0.128684 0.441853 
1535143727194 0.254417 0.924321 -0.284433 -0.623195 -0.936967 0.308429 0.164211 -0.239738 0.239512 0.224726 0.944528 0.377624 0.186616 -0.13722 0.972803 0.385425 -0.980176 0.0410706 0.193823 -0.492523 -0.06655 -0.989689 -0.126835 0.441442 
1535143727511 0.254379 0.924272 -0.284628 -0.622782 -0.936877 0.308521 0.16455 -0.239556 0.239903 0.224803 0.94441 0.377746 0.184789 -0.135948 0.97333 0.385441 -0.980299 0.0447981 0.19237 -0.492418 -0.0697555 -0.989703 -0.124991 0.441031 
1535143727702 0.254341 0.924222 -0.284823 -0.622371 -0.936787 0.308614 0.164889 -0.239375 0.240294 0.22488 0.944292 0.377868 0.182968 -0.134668 0.973852 0.385457 -0.980408 0.0485229 0.190909 -0.492314 -0.0729635 -0.989702 -0.123151 0.44062 
1535143727881 0.254303 0.924173 -0.285017 -0.621959 -0.936697 0.308706 0.165228 -0.239194 0.240685 0.224957 0.944174 0.377991 0.181149 -0.133381 0.974369 0.385472 -0.980501 0.0522455 0.189441 -0.492209 -0.0761741 -0.989687 -0.121316 0.440209 
1535143728361 0.254229 0.924253 -0.284823 -0.62217 -0.936811 0.308512 0.164939 -0.239249 0.240317 0.224893 0.944283 0.377937 0.181583 -0.133504 0.974271 0.385535 -0.980524 0.0508195 0.189712 -0.492297 -0.0748394 -0.989744 -0.121676 0.440569 
1535143728372 0.254337 0.92413 -0.285125 -0.621899 -0.936794 0.308657 0.164766 -0.239114 0.240271 0.225197 0.944223 0.378033 0.181423 -0.133111 0.974355 0.385555 -0.980547 0.0510057 0.189544 -0.492332 -0.074928 -0.989788 -0.121268 0.440439 
1535143728380 0.254445 0.924007 -0.285427 -0.621624 -0.936776 0.308803 0.164592 -0.238977 0.240225 0.225502 0.944162 0.37813 0.181262 -0.132718 0.974438 0.385575 -0.98057 0.0511916 0.189374 -0.492366 -0.0750165 -0.989831 -0.12086 0.440309 
1535143728384 0.254553 0.923884 -0.28573 -0.62135 -0.936759 0.308949 0.164417 -0.23884 0.240178 0.225807 0.9441 0.378227 0.1811 -0.132325 0.974522 0.385595 -0.980593 0.0513775 0.189205 -0.492401 -0.075105 -0.989874 -0.120452 0.44018 
1535143728392 0.254661 0.92376 -0.286032 -0.621075 -0.936741 0.309095 0.164242 -0.238702 0.240132 0.226112 0.944039 0.378325 0.18094 -0.131931 0.974605 0.385615 -0.980615 0.051563 0.189036 -0.492435 -0.0751934 -0.989917 -0.120044 0.44005 
1535143728553 0.254769 0.923637 -0.286335 -0.620801 -0.936724 0.309241 0.164068 -0.238566 0.240086 0.226417 0.943978 0.378421 0.180779 -0.131538 0.974688 0.385636 -0.980638 0.0517488 0.188866 -0.492469 -0.0752821 -0.989959 -0.119636 0.43992 
1535143728589 0.254877 0.923513 -0.286637 -0.620525 -0.936706 0.309387 0.163893 -0.238428 0.240039 0.226722 0.943916 0.378519 0.180618 -0.131145 0.974771 0.385656 -0.980661 0.0519345 0.188697 -0.492504 -0.0753708 -0.990002 -0.119228 0.43979 
1535143728617 0.254985 0.92339 -0.28694 -0.620251 -0.936689 0.309532 0.163719 -0.238291 0.239993 0.227027 0.943855 0.378616 0.180457 -0.130751 0.974853 0.385676 -0.980684 0.05212 0.188527 -0.492538 -0.0754595 -0.990044 -0.11882 0.43966 
1535143728678 0.255093 0.923266 -0.287242 -0.619975 -0.936671 0.309678 0.163544 -0.238153 0.239947 0.227332 0.943793 0.378713 0.180297 -0.130358 0.974936 0.385696 -0.980707 0.0523053 0.188358 -0.492572 -0.0755483 -0.990086 -0.118412 0.439531 
1535143728719 0.255202 0.923142 -0.287544 -0.619701 -0.936654 0.309824 0.163369 -0.238016 0.239901 0.227637 0.943731 0.37881 0.180136 -0.129964 0.975018 0.385716 -0.980729 0.0524908 0.188188 -0.492607 -0.0756372 -0.990128 -0.118004 0.439401 
1535143729021 0.254444 0.923536 -0.286948 -0.620223 -0.936824 0.309028 0.163895 -0.238016 0.240038 0.227117 0.943822 0.378567 0.180433 -0.130759 0.974857 0.385667 -0.980689 0.0521155 0.188502 -0.492555 -0.0754535 -0.990044 -0.11883 0.439756 
1535143729141 0.254444 0.923485 -0.287115 -0.619978 -0.936759 0.30912 0.164098 -0.237942 0.240295 0.227203 0.943736 0.378641 0.183731 -0.129724 0.974379 0.38574 -0.980734 0.0427342 0.190619 -0.492957 -0.0663672 -0.990629 -0.119373 0.439943 
1535143729175 0.254443 0.923433 -0.287281 -0.619732 -0.936693 0.309211 0.164302 -0.237867 0.240552 0.227289 0.943649 0.378716 0.18702 -0.128658 0.973895 0.385815 -0.980685 0.0333509 0.19273 -0.493365 -0.0572765 -0.991128 -0.119935 0.44013 
1535143729199 0.254442 0.923381 -0.287448 -0.619486 -0.936627 0.309303 0.164505 -0.237793 0.24081 0.227375 0.943563 0.37879 0.190298 -0.127559 0.973404 0.385889 -0.980543 0.0239671 0.194835 -0.493772 -0.0481827 -0.991541 -0.120517 0.440317 
1535143729233 0.254442 0.923329 -0.287615 -0.61924 -0.936561 0.309394 0.164709 -0.237718 0.241067 0.22746 0.943477 0.378864 0.193565 -0.12643 0.972907 0.385964 -0.980309 0.0145835 0.196933 -0.49418 -0.0390866 -0.991868 -0.121118 0.440504 
1535143729408 0.254441 0.923277 -0.287782 -0.618995 -0.936495 0.309486 0.164912 -0.237644 0.241324 0.227546 0.94339 0.378939 0.196819 -0.12527 0.972404 0.386038 -0.979981 0.00520128 0.199023 -0.494586 -0.0299892 -0.992109 -0.121738 0.440691 
1535143729552 0.25444 0.923226 -0.287949 -0.618749 -0.936429 0.309577 0.165116 -0.237569 0.241582 0.227632 0.943304 0.379013 0.200062 -0.124078 0.971895 0.386113 -0.979561 -0.0041791 0.201106 -0.494994 -0.0208912 -0.992264 -0.122378 0.440878 
1535143729558 0.254439 0.923174 -0.288116 -0.618503 -0.936362 0.309669 0.165319 -0.237495 0.241839 0.227718 0.943217 0.379088 0.203291 -0.122856 0.97138 0.386187 -0.979047 -0.0135564 0.203182 -0.495401 -0.0117936 -0.992332 -0.123037 0.441065 
1535143729758 0.254438 0.923122 -0.288283 -0.618257 -0.936296 0.309761 0.165522 -0.23742 0.242096 0.227803 0.943131 0.379162 0.206509 -0.121603 0.970859 0.386262 -0.978441 -0.02293 0.20525 -0.495809 -0.00269712 -0.992314 -0.123716 0.441252 
1535143729909 0.254438 0.92307 -0.28845 -0.618012 -0.93623 0.309853 0.165725 -0.237346 0.242353 0.227889 0.943044 0.379236 0.209713 -0.120319 0.970332 0.386336 -0.977742 -0.0322987 0.207309 -0.496216 0.00639726 -0.99221 -0.124414 0.441439 
1535143730527 0.254374 0.923181 -0.288151 -0.618217 -0.936311 0.309678 0.165594 -0.237429 0.242107 0.227676 0.943159 0.379221 0.202995 -0.123186 0.9714 0.386125 -0.979098 -0.0127033 0.202992 -0.495178 -0.0126658 -0.992302 -0.12319 0.440979 
1535143730644 0.254487 0.923125 -0.28823 -0.617964 -0.936231 0.309847 0.165733 -0.237355 0.242299 0.227673 0.94311 0.379294 0.204077 -0.124806 0.970966 0.386176 -0.978867 -0.0127329 0.204101 -0.49539 -0.0131099 -0.992099 -0.124767 0.441256 
1535143730653 0.2546 0.923069 -0.288309 -0.617708 -0.93615 0.310016 0.165872 -0.23728 0.242492 0.22767 0.943061 0.379367 0.20516 -0.126425 0.970529 0.386228 -0.978635 -0.0127646 0.205211 -0.495607 -0.0135554 -0.991894 -0.126343 0.441533 
1535143730659 0.254713 0.923013 -0.288389 -0.617452 -0.936069 0.310185 0.166011 -0.237205 0.242684 0.227667 0.943012 0.37944 0.206242 -0.128044 0.970087 0.38628 -0.978401 -0.0127981 0.20632 -0.495823 -0.0140027 -0.991686 -0.127918 0.44181 
1535143730876 0.254826 0.922957 -0.288469 -0.617195 -0.935989 0.310354 0.166149 -0.23713 0.242876 0.227664 0.942963 0.379513 0.207323 -0.129662 0.969642 0.386332 -0.978166 -0.0128335 0.207429 -0.49604 -0.0144518 -0.991475 -0.129492 0.442087 
1535143730883 0.25494 0.9229 -0.288549 -0.61694 -0.935908 0.310524 0.166288 -0.237056 0.243069 0.227662 0.942914 0.379586 0.208402 -0.13128 0.969193 0.386384 -0.97793 -0.0128706 0.208537 -0.496256 -0.0149027 -0.991262 -0.131065 0.442364 
1535143731083 0.255053 0.922844 -0.288629 -0.616683 -0.935827 0.310692 0.166427 -0.23698 0.243261 0.227659 0.942866 0.37966 0.209481 -0.132897 0.968739 0.386436 -0.977692 -0.0129098 0.209646 -0.496474 -0.0153552 -0.991046 -0.132637 0.442641 
1535143731090 0.255166 0.922788 -0.288709 -0.616428 -0.935746 0.310862 0.166566 -0.236906 0.243453 0.227656 0.942817 0.379733 0.210559 -0.134514 0.968283 0.386488 -0.977453 -0.0129506 0.210754 -0.49669 -0.0158095 -0.990827 -0.134208 0.442918 
1535143731335 0.255279 0.922732 -0.288788 -0.616171 -0.935665 0.311031 0.166705 -0.23683 0.243646 0.227653 0.942768 0.379806 0.211636 -0.136131 0.967822 0.38654 -0.977213 -0.0129935 0.211862 -0.496908 -0.0162655 -0.990606 -0.135779 0.443195 
1535143731485 0.255392 0.922676 -0.288868 -0.615915 -0.935584 0.3112 0.166843 -0.236755 0.243838 0.22765 0.942719 0.379879 0.212711 -0.137747 0.967357 0.386592 -0.976972 -0.013038 0.212969 -0.497124 -0.0167234 -0.990382 -0.137348 0.443472 
1535143731710 0.255138 0.922834 -0.288586 -0.616162 -0.935694 0.310869 0.166847 -0.236723 0.243685 0.227459 0.942804 0.379865 0.210522 -0.133302 0.968458 0.386518 -0.977483 -0.014092 0.210544 -0.496544 -0.0144184 -0.990975 -0.133267 0.442896 
1535143731721 0.255133 0.922815 -0.288651 -0.615972 -0.935627 0.31094 0.16709 -0.236664 0.243947 0.227439 0.942742 0.379925 0.208717 -0.132417 0.96897 0.386462 -0.977824 -0.0107915 0.209149 -0.496459 -0.0172383 -0.991135 -0.131733 0.442583 
1535143731739 0.25513 0.922796 -0.288716 -0.61578 -0.935559 0.311012 0.167332 -0.236604 0.244208 0.22742 0.942678 0.379985 0.206912 -0.131525 0.969478 0.386405 -0.978154 -0.00749211 0.207747 -0.496368 -0.0200605 -0.991285 -0.130202 0.442269 
1535143731755 0.255126 0.922776 -0.288782 -0.615589 -0.935492 0.311084 0.167574 -0.236544 0.244469 0.227401 0.942615 0.380045 0.20511 -0.130626 0.969983 0.386348 -0.978471 -0.00419398 0.20634 -0.496277 -0.0228854 -0.991423 -0.128674 0.441955 
1535143731946 0.255122 0.922757 -0.288848 -0.615397 -0.935425 0.311155 0.167816 -0.236484 0.24473 0.227382 0.942552 0.380106 0.203309 -0.129722 0.970483 0.38629 -0.978777 -0.000897059 0.204927 -0.496186 -0.0257129 -0.99155 -0.127151 0.441642 
1535143731957 0.255118 0.922737 -0.288913 -0.615206 -0.935358 0.311227 0.168058 -0.236424 0.244991 0.227363 0.942489 0.380166 0.20151 -0.128811 0.97098 0.386233 -0.97907 0.00239857 0.203508 -0.496095 -0.028543 -0.991666 -0.125632 0.441328 
1535143732013 0.255114 0.922718 -0.288979 -0.615014 -0.93529 0.311299 0.1683 -0.236364 0.245252 0.227344 0.942426 0.380226 0.199714 -0.127894 0.971472 0.386176 -0.979352 0.0056927 0.202084 -0.496005 -0.0313755 -0.991772 -0.124116 0.441014 
1535143732115 0.25511 0.922698 -0.289044 -0.614823 -0.935223 0.31137 0.168542 -0.236304 0.245513 0.227324 0.942362 0.380286 0.197919 -0.12697 0.97196 0.386118 -0.979621 0.00898559 0.200653 -0.495913 -0.0342107 -0.991866 -0.122604 0.4407 
1535143732294 0.255106 0.922679 -0.28911 -0.614631 -0.935155 0.311442 0.168784 -0.236244 0.245774 0.227305 0.942299 0.380346 0.196127 -0.126041 0.972444 0.386061 -0.979878 0.0122769 0.199218 -0.495823 -0.0370482 -0.991949 -0.121097 0.440387 
1535143732300 0.255102 0.922659 -0.289176 -0.61444 -0.935088 0.311514 0.169025 -0.236184 0.246035 0.227286 0.942235 0.380407 0.194338 -0.125105 0.972924 0.386004 -0.980123 0.0155667 0.197777 -0.495732 -0.0398881 -0.992021 -0.119593 0.440073 
1535143732657 0.255104 0.922686 -0.289089 -0.61466 -0.935197 0.311399 0.168636 -0.236268 0.24562 0.227335 0.942332 0.380311 0.200148 -0.127842 0.971389 0.386239 -0.979297 0.00457526 0.202379 -0.496159 -0.0303169 -0.991784 -0.124279 0.441476 
1535143732664 0.255093 0.922583 -0.289427 -0.614372 -0.935129 0.311516 0.168796 -0.236165 0.24589 0.227593 0.942199 0.380418 0.199329 -0.127484 0.971605 0.386211 -0.979422 0.00609987 0.201733 -0.496188 -0.0316443 -0.991822 -0.123645 0.441295 
1535143732671 0.255084 0.922479 -0.289765 -0.614079 -0.93506 0.311635 0.168956 -0.23606 0.246159 0.22785 0.942067 0.380525 0.198508 -0.127125 0.97182 0.386181 -0.979545 0.00762451 0.201083 -0.496213 -0.0329723 -0.991857 -0.123011 0.441113 
1535143732869 0.255074 0.922376 -0.290103 -0.613786 -0.934992 0.311753 0.169116 -0.235955 0.246429 0.228107 0.941934 0.380633 0.197688 -0.126765 0.972034 0.386151 -0.979665 0.00914888 0.200433 -0.496238 -0.0343008 -0.991891 -0.122378 0.440932 
1535143732881 0.255064 0.922272 -0.290442 -0.613493 -0.934923 0.311872 0.169276 -0.23585 0.246699 0.228364 0.941801 0.38074 0.196868 -0.126403 0.972248 0.386122 -0.979782 0.010673 0.199781 -0.496263 -0.0356297 -0.991922 -0.121746 0.44075 
1535143733088 0.255055 0.922168 -0.29078 -0.613199 -0.934855 0.31199 0.169436 -0.235745 0.246969 0.228622 0.941668 0.380848 0.196048 -0.12604 0.97246 0.386092 -0.979898 0.0121969 0.199128 -0.496287 -0.0369592 -0.99195 -0.121115 0.440569 
1535143733094 0.255045 0.922064 -0.291118 -0.612907 -0.934786 0.312109 0.169595 -0.23564 0.247238 0.228879 0.941535 0.380955 0.195229 -0.125676 0.972672 0.386063 -0.98001 0.0137205 0.198474 -0.496313 -0.038289 -0.991976 -0.120485 0.440387 
1535143733118 0.255035 0.92196 -0.291456 -0.612613 -0.934718 0.312228 0.169755 -0.235535 0.247508 0.229136 0.941401 0.381063 0.19441 -0.12531 0.972883 0.386033 -0.98012 0.0152439 0.197819 -0.496337 -0.0396193 -0.992 -0.119856 0.440206 
1535143733308 0.255024 0.921856 -0.291794 -0.61232 -0.934649 0.312346 0.169915 -0.23543 0.247778 0.229392 0.941268 0.38117 0.193591 -0.124944 0.973094 0.386003 -0.980227 0.0167668 0.197163 -0.496362 -0.04095 -0.992022 -0.119227 0.440024 
1535143733390 0.255014 0.921752 -0.292132 -0.612028 -0.93458 0.312465 0.170074 -0.235325 0.248047 0.229649 0.941134 0.381278 0.192774 -0.124575 0.973303 0.385974 -0.980332 0.0182896 0.196507 -0.496387 -0.0422812 -0.992042 -0.1186 0.439843 
1535143733722 0.254706 0.921953 -0.291766 -0.612285 -0.934694 0.312076 0.170162 -0.235236 0.247935 0.229371 0.941232 0.381222 0.193374 -0.124912 0.973141 0.385969 -0.98026 0.0170467 0.196977 -0.496385 -0.0411937 -0.992021 -0.11915 0.43995 
1535143733733 0.254891 0.921995 -0.29147 -0.612033 -0.93471 0.312137 0.169964 -0.235123 0.247685 0.229118 0.941359 0.38126 0.193205 -0.124745 0.973196 0.385969 -0.980287 0.0172605 0.196825 -0.496486 -0.0413509 -0.992039 -0.118951 0.439888 
1535143733740 0.255078 0.922037 -0.291175 -0.611776 -0.934725 0.312199 0.169765 -0.235008 0.247434 0.228866 0.941487 0.381299 0.193037 -0.124579 0.973251 0.385969 -0.980313 0.0174749 0.196674 -0.496587 -0.0415089 -0.992056 -0.118753 0.439826 
1535143733764 0.255264 0.922079 -0.29088 -0.61152 -0.934741 0.312261 0.169565 -0.234893 0.247183 0.228613 0.941614 0.381337 0.192869 -0.124412 0.973305 0.385969 -0.98034 0.0176894 0.196524 -0.496689 -0.041667 -0.992073 -0.118554 0.439764 
1535143733771 0.255451 0.92212 -0.290585 -0.611263 -0.934756 0.312323 0.169366 -0.234778 0.246932 0.228361 0.941741 0.381376 0.192701 -0.124245 0.97336 0.38597 -0.980366 0.0179037 0.196373 -0.49679 -0.0418252 -0.99209 -0.118356 0.439702 
1535143733867 0.255638 0.922161 -0.290289 -0.611006 -0.934772 0.312386 0.169166 -0.234662 0.246681 0.228109 0.941868 0.381415 0.192532 -0.124079 0.973415 0.38597 -0.980392 0.0181182 0.196222 -0.496892 -0.0419834 -0.992107 -0.118157 0.43964 
1535143733881 0.255824 0.922203 -0.289994 -0.61075 -0.934787 0.312448 0.168966 -0.234548 0.246429 0.227857 0.941995 0.381453 0.192364 -0.123912 0.973469 0.38597 -0.980418 0.0183324 0.196071 -0.496993 -0.0421416 -0.992124 -0.117959 0.439579 
1535143733910 0.256011 0.922244 -0.289699 -0.610493 -0.934802 0.31251 0.168767 -0.234432 0.246178 0.227605 0.942121 0.381492 0.192196 -0.123745 0.973523 0.38597 -0.980444 0.0185468 0.19592 -0.497095 -0.0422999 -0.992141 -0.11776 0.439517 
1535143733932 0.256197 0.922285 -0.289403 -0.610236 -0.934817 0.312573 0.168567 -0.234317 0.245927 0.227353 0.942248 0.381531 0.192029 -0.123578 0.973578 0.38597 -0.98047 0.018761 0.195769 -0.497196 -0.0424581 -0.992158 -0.117562 0.439455 
1535143733956 0.256383 0.922326 -0.289107 -0.60998 -0.934832 0.312635 0.168368 -0.234202 0.245675 0.2271 0.942374 0.381569 0.191861 -0.123411 0.973632 0.385971 -0.980496 0.0189753 0.195618 -0.497298 -0.0426164 -0.992174 -0.117363 0.439393 
1535143734176 0.255446 0.922205 -0.290319 -0.611034 -0.934787 0.312243 0.169347 -0.234552 0.246823 0.228127 0.941826 0.381429 0.192563 -0.124335 0.973376 0.385941 -0.980394 0.017873 0.196234 -0.496864 -0.0417958 -0.992079 -0.118455 0.43967 
1535143734186 0.255619 0.922146 -0.290353 -0.610699 -0.934696 0.312455 0.169458 -0.234452 0.246987 0.228075 0.941796 0.381515 0.194722 -0.124837 0.972882 0.385992 -0.980133 0.0133902 0.197891 -0.497276 -0.0377312 -0.992087 -0.119749 0.439921 
1535143734198 0.255794 0.922087 -0.290388 -0.610361 -0.934605 0.312667 0.169567 -0.234351 0.24715 0.228024 0.941765 0.381601 0.196885 -0.125328 0.972383 0.386045 -0.979848 0.00890611 0.199544 -0.497697 -0.0336686 -0.992075 -0.121049 0.440173 
1535143734284 0.255968 0.922028 -0.290423 -0.610024 -0.934514 0.312879 0.169675 -0.234251 0.247313 0.227972 0.941735 0.381687 0.199048 -0.125809 0.971881 0.386098 -0.979542 0.00442122 0.20119 -0.498116 -0.0296084 -0.992045 -0.122355 0.440425 
1535143734291 0.256143 0.921968 -0.290458 -0.609687 -0.934423 0.313092 0.169784 -0.23415 0.247476 0.227921 0.941705 0.381772 0.201213 -0.12628 0.971374 0.386151 -0.979214 -6.45991e-05 0.202829 -0.498535 -0.0255505 -0.991995 -0.123668 0.440677 
1535143734392 0.256317 0.921909 -0.290493 -0.609351 -0.934332 0.313304 0.169893 -0.23405 0.247638 0.22787 0.941674 0.381858 0.203379 -0.126741 0.970862 0.386203 -0.978864 -0.00455109 0.204461 -0.498953 -0.0214952 -0.991925 -0.124988 0.440929 
