1533740194021 0.27972 0.852706 -0.44119 -0.520027 -0.938034 0.340647 0.0636589 -0.186564 0.204573 0.396045 0.895153 0.37217 0.16008 -0.304787 0.938871 0.370831 -0.775623 0.549475 0.310623 -0.528794 -0.61056 -0.777934 -0.14844 0.432481 
1533740194032 0.278517 0.853085 -0.441219 -0.527748 -0.938259 0.339818 0.0647579 -0.186679 0.205178 0.395941 0.89506 0.372411 0.316231 -0.384871 0.867106 0.40083 -0.930001 -0.306257 0.203234 -0.504368 0.187338 -0.870678 -0.454779 0.485897 
1533740195121 0.27736 0.853448 -0.441245 -0.535348 -0.938482 0.339005 0.0657836 -0.186671 0.205727 0.395855 0.894972 0.372509 0.316231 -0.384871 0.867106 0.40083 -0.930001 -0.306257 0.203234 -0.504368 0.187338 -0.870678 -0.454779 0.485897 
1533740195640 0.276203 0.85381 -0.441271 -0.542946 -0.938703 0.338193 0.0668079 -0.186661 0.206276 0.395769 0.894884 0.372604 0.316231 -0.384871 0.867106 0.40083 -0.930001 -0.306257 0.203234 -0.504368 0.187338 -0.870678 -0.454779 0.485897 
1533740196161 0.275046 0.854171 -0.441295 -0.550539 -0.938922 0.33738 0.0678307 -0.186648 0.206823 0.395685 0.894795 0.372697 0.316231 -0.384871 0.867106 0.40083 -0.930001 -0.306257 0.203234 -0.504368 0.187338 -0.870678 -0.454779 0.485897 
1533740196683 0.273891 0.85453 -0.441318 -0.558128 -0.939139 0.336567 0.0688516 -0.186633 0.207369 0.395601 0.894705 0.372786 0.316231 -0.384871 0.867106 0.40083 -0.930001 -0.306257 0.203234 -0.504368 0.187338 -0.870678 -0.454779 0.485897 
1533740197211 0.272736 0.854888 -0.441341 -0.565712 -0.939355 0.335754 0.0698705 -0.186615 0.207914 0.395519 0.894615 0.372872 0.316231 -0.384871 0.867106 0.40083 -0.930001 -0.306257 0.203234 -0.504368 0.187338 -0.870678 -0.454779 0.485897 
1533740197740 0.271582 0.855244 -0.441363 -0.57329 -0.939569 0.334942 0.070887 -0.186593 0.208456 0.395439 0.894525 0.372953 0.316231 -0.384871 0.867106 0.40083 -0.930001 -0.306257 0.203234 -0.504368 0.187338 -0.870678 -0.454779 0.485897 
1533740198278 0.270429 0.855598 -0.441384 -0.58086 -0.939781 0.334129 0.0719009 -0.186566 0.208997 0.39536 0.894433 0.37303 0.316231 -0.384871 0.867106 0.40083 -0.930001 -0.306257 0.203234 -0.504368 0.187338 -0.870678 -0.454779 0.485897 
1533740198811 0.269351 0.855863 -0.44153 -0.587969 -0.939972 0.333391 0.0728255 -0.186265 0.209531 0.39541 0.894286 0.373317 0.316442 -0.385045 0.866951 0.401525 -0.929984 -0.306148 0.203478 -0.505625 0.187068 -0.87064 -0.454964 0.486487 
1533740199345 0.269634 0.855572 -0.441921 -0.587663 -0.939908 0.333647 0.0724742 -0.186372 0.209452 0.395823 0.894122 0.373119 0.316442 -0.385045 0.866951 0.401525 -0.929984 -0.306148 0.203478 -0.505625 0.187068 -0.87064 -0.454964 0.486487 
1533740199357 0.269484 0.855646 -0.44187 -0.588502 -0.939937 0.333534 0.072622 -0.18639 0.209517 0.395759 0.894135 0.37313 0.316221 -0.384863 0.867113 0.400797 -0.930002 -0.306262 0.203223 -0.504308 0.187351 -0.87068 -0.45477 0.485869 
1533740199523 0.269333 0.855719 -0.441819 -0.589341 -0.939965 0.333421 0.0727701 -0.186409 0.209583 0.395695 0.894148 0.37314 0.316221 -0.384863 0.867113 0.400797 -0.930002 -0.306262 0.203223 -0.504308 0.187351 -0.87068 -0.45477 0.485869 
1533740199713 0.269182 0.855793 -0.441769 -0.59018 -0.939994 0.333308 0.0729182 -0.186427 0.209648 0.395632 0.894161 0.373151 0.316221 -0.384863 0.867113 0.400797 -0.930002 -0.306262 0.203223 -0.504308 0.187351 -0.87068 -0.45477 0.485869 
1533740199903 0.269031 0.855866 -0.441718 -0.591019 -0.940023 0.333195 0.0730662 -0.186446 0.209713 0.395568 0.894174 0.373162 0.316221 -0.384863 0.867113 0.400797 -0.930002 -0.306262 0.203223 -0.504308 0.187351 -0.87068 -0.45477 0.485869 
1533740200082 0.268881 0.85594 -0.441668 -0.591858 -0.940051 0.333082 0.0732142 -0.186464 0.209778 0.395504 0.894186 0.373172 0.316221 -0.384863 0.867113 0.400797 -0.930002 -0.306262 0.203223 -0.504308 0.187351 -0.87068 -0.45477 0.485869 
1533740200270 0.268729 0.856014 -0.441617 -0.592699 -0.94008 0.332968 0.0733627 -0.186484 0.209844 0.39544 0.894199 0.373182 0.31622 -0.384863 0.867113 0.400797 -0.930002 -0.306262 0.203222 -0.504307 0.187351 -0.87068 -0.45477 0.485868 
1533740200458 0.268579 0.856087 -0.441566 -0.593539 -0.940108 0.332855 0.0735107 -0.186503 0.209909 0.395377 0.894212 0.373193 0.31622 -0.384863 0.867113 0.400797 -0.930002 -0.306262 0.203222 -0.504307 0.187351 -0.87068 -0.45477 0.485868 
1533740200644 0.268428 0.856161 -0.441515 -0.59438 -0.940137 0.332742 0.0736592 -0.186522 0.209974 0.395312 0.894225 0.373203 0.316221 -0.384863 0.867113 0.400796 -0.930002 -0.306262 0.203223 -0.504306 0.187351 -0.87068 -0.45477 0.485868 
1533740200651 0.268277 0.856234 -0.441464 -0.595219 -0.940165 0.332628 0.0738073 -0.186541 0.21004 0.395249 0.894238 0.373213 0.316221 -0.384863 0.867113 0.400796 -0.930002 -0.306262 0.203223 -0.504306 0.187351 -0.87068 -0.45477 0.485868 
1533740200920 0.268723 0.855992 -0.441662 -0.594895 -0.940037 0.333051 0.0735387 -0.186688 0.210045 0.395417 0.894162 0.373147 0.316221 -0.384863 0.867113 0.400796 -0.930002 -0.306262 0.203223 -0.504306 0.187351 -0.87068 -0.45477 0.485868 
1533740200933 0.269204 0.85575 -0.441839 -0.595025 -0.93995 0.333405 0.0730423 -0.186708 0.209817 0.395643 0.894116 0.373064 0.31622 -0.384863 0.867113 0.400795 -0.930002 -0.306262 0.203222 -0.504304 0.187351 -0.87068 -0.454769 0.485867 
1533740200950 0.269686 0.855507 -0.442014 -0.595156 -0.939863 0.333759 0.0725446 -0.186724 0.209589 0.395868 0.89407 0.372983 0.31622 -0.384863 0.867113 0.400795 -0.930002 -0.306262 0.203222 -0.504304 0.187351 -0.87068 -0.454769 0.485867 
1533740200956 0.270168 0.855265 -0.44219 -0.595288 -0.939775 0.334113 0.0720465 -0.18674 0.20936 0.396094 0.894023 0.372903 0.31622 -0.384863 0.867113 0.400795 -0.930002 -0.306262 0.203222 -0.504304 0.187351 -0.87068 -0.454769 0.485867 
1533740201091 0.27065 0.855021 -0.442365 -0.595419 -0.939688 0.334467 0.0715482 -0.186755 0.209132 0.396321 0.893976 0.372823 0.31622 -0.384863 0.867113 0.400795 -0.930002 -0.306262 0.203222 -0.504304 0.187351 -0.87068 -0.454769 0.485867 
1533740201119 0.271131 0.854778 -0.44254 -0.59555 -0.939599 0.33482 0.0710504 -0.186772 0.208904 0.396547 0.89393 0.372742 0.31622 -0.384863 0.867113 0.400795 -0.930002 -0.306262 0.203222 -0.504304 0.187351 -0.87068 -0.454769 0.485867 
1533740201205 0.271613 0.854535 -0.442715 -0.59568 -0.939511 0.335174 0.0705525 -0.186789 0.208676 0.396772 0.893883 0.372661 0.31622 -0.384863 0.867113 0.400795 -0.930002 -0.306262 0.203222 -0.504304 0.187351 -0.87068 -0.454769 0.485867 
1533740201246 0.272094 0.854291 -0.44289 -0.595811 -0.939422 0.335527 0.0700538 -0.186804 0.208448 0.396999 0.893835 0.372581 0.31622 -0.384863 0.867113 0.400795 -0.930002 -0.306262 0.203222 -0.504304 0.187351 -0.87068 -0.454769 0.485867 
1533740201252 0.272576 0.854047 -0.443064 -0.595942 -0.939333 0.33588 0.0695556 -0.186821 0.20822 0.397225 0.893788 0.372501 0.31622 -0.384863 0.867113 0.400795 -0.930002 -0.306262 0.203222 -0.504304 0.187351 -0.87068 -0.454769 0.485867 
1533740201345 0.273057 0.853803 -0.443237 -0.596073 -0.939244 0.336232 0.0690573 -0.186837 0.207992 0.397451 0.89374 0.37242 0.31622 -0.384863 0.867113 0.400795 -0.930002 -0.306262 0.203222 -0.504304 0.187351 -0.87068 -0.454769 0.485867 
1533740201394 0.272369 0.854198 -0.4429 -0.595817 -0.939316 0.335826 0.0700404 -0.186864 0.208566 0.396946 0.893831 0.372605 0.31622 -0.384863 0.867113 0.400795 -0.930002 -0.306262 0.203222 -0.504304 0.187351 -0.87068 -0.454769 0.485867 
1533740201400 0.272922 0.854157 -0.442638 -0.595854 -0.93925 0.336125 0.0694953 -0.186866 0.208142 0.396781 0.894003 0.372536 0.31622 -0.384863 0.867113 0.400795 -0.930002 -0.306262 0.203222 -0.504304 0.187351 -0.87068 -0.454769 0.485867 
1533740201407 0.273474 0.854117 -0.442376 -0.595891 -0.939183 0.336423 0.0689508 -0.186869 0.207717 0.396616 0.894175 0.372467 0.31622 -0.384863 0.867113 0.400795 -0.930002 -0.306262 0.203222 -0.504304 0.187351 -0.87068 -0.454769 0.485867 
1533740201423 0.274026 0.854076 -0.442114 -0.59593 -0.939116 0.336721 0.0684054 -0.186868 0.207293 0.396451 0.894347 0.372399 0.31622 -0.384863 0.867113 0.400795 -0.930002 -0.306262 0.203222 -0.504304 0.187351 -0.87068 -0.454769 0.485867 
1533740201538 0.274578 0.854034 -0.441851 -0.595968 -0.939049 0.33702 0.0678608 -0.18687 0.206868 0.396286 0.894518 0.37233 0.31622 -0.384863 0.867113 0.400795 -0.930002 -0.306262 0.203222 -0.504304 0.187351 -0.87068 -0.454769 0.485867 
1533740201543 0.27513 0.853993 -0.441588 -0.596007 -0.938981 0.337318 0.0673153 -0.186869 0.206443 0.396122 0.894689 0.372262 0.31622 -0.384863 0.867113 0.400795 -0.930002 -0.306262 0.203222 -0.504304 0.187351 -0.87068 -0.454769 0.485867 
1533740201636 0.275682 0.853951 -0.441325 -0.596045 -0.938912 0.337617 0.0667707 -0.18687 0.206018 0.395958 0.89486 0.372194 0.31622 -0.384863 0.867113 0.400795 -0.930002 -0.306262 0.203222 -0.504304 0.187351 -0.87068 -0.454769 0.485867 
1533740201683 0.276233 0.853909 -0.441061 -0.596083 -0.938844 0.337915 0.066226 -0.186871 0.205592 0.395793 0.89503 0.372125 0.31622 -0.384863 0.867113 0.400795 -0.930002 -0.306262 0.203222 -0.504304 0.187351 -0.87068 -0.454769 0.485867 
1533740201740 0.276784 0.853867 -0.440797 -0.596121 -0.938774 0.338214 0.0656815 -0.186872 0.205167 0.395629 0.895201 0.372057 0.31622 -0.384863 0.867113 0.400795 -0.930002 -0.306262 0.203222 -0.504304 0.187351 -0.87068 -0.454769 0.485867 
1533740201778 0.277335 0.853824 -0.440533 -0.59616 -0.938705 0.338513 0.0651363 -0.186871 0.204741 0.395465 0.89537 0.37199 0.31622 -0.384863 0.867113 0.400795 -0.930002 -0.306262 0.203222 -0.504304 0.187351 -0.87068 -0.454769 0.485867 
1533740201835 0.276392 0.853856 -0.441064 -0.596066 -0.938798 0.338056 0.0661477 -0.186953 0.205585 0.395788 0.895035 0.372166 0.31622 -0.384863 0.867113 0.400795 -0.930002 -0.306262 0.203222 -0.504304 0.187351 -0.87068 -0.454769 0.485867 
1533740201847 0.276502 0.853898 -0.440913 -0.596068 -0.938789 0.338099 0.0660556 -0.186963 0.205477 0.39566 0.895116 0.372197 0.31622 -0.384863 0.867113 0.400795 -0.930002 -0.306262 0.203222 -0.504304 0.187351 -0.87068 -0.454769 0.485867 
1533740201863 0.276614 0.85394 -0.440761 -0.596073 -0.93878 0.338142 0.0659627 -0.186974 0.205368 0.395532 0.895197 0.372229 0.31622 -0.384863 0.867113 0.400795 -0.930002 -0.306262 0.203222 -0.504304 0.187351 -0.87068 -0.454769 0.485867 
1533740201880 0.276725 0.853983 -0.440609 -0.596079 -0.938771 0.338185 0.06587 -0.186984 0.20526 0.395404 0.895279 0.37226 0.31622 -0.384863 0.867113 0.400795 -0.930002 -0.306262 0.203222 -0.504304 0.187351 -0.87068 -0.454769 0.485867 
1533740201897 0.276836 0.854025 -0.440457 -0.596086 -0.938762 0.338228 0.0657774 -0.186995 0.205151 0.395275 0.895361 0.37229 0.31622 -0.384863 0.867113 0.400795 -0.930002 -0.306262 0.203222 -0.504304 0.187351 -0.87068 -0.454769 0.485867 
1533740201913 0.276947 0.854068 -0.440305 -0.596092 -0.938753 0.338271 0.0656848 -0.187007 0.205042 0.395146 0.895442 0.372321 0.31622 -0.384863 0.867113 0.400795 -0.930002 -0.306262 0.203222 -0.504304 0.187351 -0.87068 -0.454769 0.485867 
1533740201930 0.277059 0.85411 -0.440153 -0.596098 -0.938744 0.338314 0.0655922 -0.187017 0.204933 0.395018 0.895524 0.372352 0.31622 -0.384863 0.867113 0.400795 -0.930002 -0.306262 0.203222 -0.504304 0.187351 -0.87068 -0.454769 0.485867 
1533740201947 0.27717 0.854153 -0.440001 -0.596105 -0.938735 0.338357 0.0654997 -0.187029 0.204824 0.39489 0.895606 0.372383 0.31622 -0.384863 0.867113 0.400795 -0.930002 -0.306262 0.203222 -0.504304 0.187351 -0.87068 -0.454769 0.485867 
1533740201963 0.277281 0.854195 -0.439848 -0.59611 -0.938726 0.3384 0.0654071 -0.18704 0.204715 0.394761 0.895687 0.372414 0.31622 -0.384863 0.867113 0.400795 -0.930002 -0.306262 0.203222 -0.504304 0.187351 -0.87068 -0.454769 0.485867 
1533740201980 0.277392 0.854237 -0.439696 -0.596116 -0.938717 0.338443 0.0653144 -0.187051 0.204606 0.394633 0.895768 0.372445 0.31622 -0.384863 0.867113 0.400795 -0.930002 -0.306262 0.203222 -0.504304 0.187351 -0.87068 -0.454769 0.485867 
1533740202004 0.27699 0.853912 -0.44058 -0.596142 -0.938772 0.338271 0.0654205 -0.186925 0.204899 0.395484 0.895326 0.37211 0.31622 -0.384863 0.867113 0.400795 -0.930002 -0.306262 0.203222 -0.504304 0.187351 -0.87068 -0.454769 0.485867 
1533740202017 0.277056 0.853918 -0.440528 -0.596136 -0.938732 0.338366 0.0655023 -0.186931 0.204993 0.39539 0.895346 0.372109 0.31622 -0.384863 0.867113 0.400795 -0.930002 -0.306262 0.203222 -0.504304 0.187351 -0.87068 -0.45477 0.485867 
1533740202033 0.27712 0.853925 -0.440473 -0.596132 -0.938692 0.33846 0.0655856 -0.18694 0.205088 0.395294 0.895367 0.372103 0.31622 -0.384863 0.867113 0.400795 -0.930002 -0.306262 0.203222 -0.504304 0.187351 -0.87068 -0.45477 0.485867 
1533740202050 0.277185 0.853932 -0.440419 -0.596127 -0.938653 0.338554 0.0656688 -0.186949 0.205182 0.395198 0.895388 0.372098 0.31622 -0.384863 0.867113 0.400795 -0.930002 -0.306262 0.203222 -0.504304 0.187351 -0.87068 -0.45477 0.485867 
1533740202067 0.27725 0.853939 -0.440364 -0.596123 -0.938613 0.338648 0.0657515 -0.186957 0.205276 0.395102 0.895408 0.372094 0.31622 -0.384863 0.867113 0.400795 -0.930002 -0.306262 0.203222 -0.504304 0.187351 -0.87068 -0.45477 0.485867 
1533740202083 0.277314 0.853946 -0.44031 -0.596119 -0.938573 0.338742 0.0658348 -0.186967 0.205371 0.395006 0.895429 0.372088 0.31622 -0.384863 0.867113 0.400795 -0.930002 -0.306262 0.203222 -0.504304 0.187351 -0.87068 -0.45477 0.485867 
1533740202101 0.277379 0.853953 -0.440255 -0.596115 -0.938533 0.338836 0.0659177 -0.186976 0.205465 0.39491 0.89545 0.372084 0.31622 -0.384863 0.867113 0.400795 -0.930002 -0.306262 0.203222 -0.504304 0.187351 -0.87068 -0.45477 0.485867 
1533740202117 0.277444 0.85396 -0.440201 -0.596112 -0.938494 0.33893 0.0660011 -0.186986 0.20556 0.394814 0.89547 0.372079 0.31622 -0.384863 0.867113 0.400795 -0.930002 -0.306262 0.203222 -0.504304 0.187351 -0.87068 -0.45477 0.485867 
1533740202133 0.277509 0.853967 -0.440146 -0.596108 -0.938454 0.339024 0.0660841 -0.186994 0.205654 0.394718 0.895491 0.372074 0.31622 -0.384863 0.867113 0.400795 -0.930002 -0.306262 0.203222 -0.504304 0.187351 -0.87068 -0.45477 0.485867 
1533740202150 0.277573 0.853975 -0.440092 -0.596105 -0.938414 0.339118 0.0661675 -0.187004 0.205748 0.394622 0.895512 0.372069 0.31622 -0.384863 0.867113 0.400795 -0.930002 -0.306262 0.203222 -0.504304 0.187351 -0.87068 -0.45477 0.485867 
1533740202176 0.277258 0.854113 -0.440022 -0.59611 -0.938672 0.338511 0.0656157 -0.186945 0.204996 0.394844 0.895586 0.372245 0.31622 -0.384863 0.867113 0.400795 -0.930002 -0.306262 0.203222 -0.504304 0.187351 -0.87068 -0.45477 0.485867 
1533740202187 0.277198 0.854012 -0.440256 -0.5961 -0.938681 0.338492 0.0655873 -0.18696 0.205035 0.395079 0.895474 0.372312 0.31622 -0.384863 0.867113 0.400795 -0.930002 -0.306262 0.203222 -0.504304 0.187351 -0.87068 -0.45477 0.485867 
1533740202203 0.27714 0.853909 -0.440491 -0.596086 -0.93869 0.338473 0.0655569 -0.186972 0.205074 0.395316 0.89536 0.372381 0.31622 -0.384863 0.867113 0.400795 -0.930002 -0.306262 0.203222 -0.504304 0.187351 -0.87068 -0.45477 0.485867 
1533740202220 0.277081 0.853807 -0.440726 -0.596072 -0.938698 0.338454 0.0655266 -0.186985 0.205113 0.395553 0.895247 0.372449 0.31622 -0.384863 0.867113 0.400795 -0.930002 -0.306262 0.203222 -0.504304 0.187351 -0.87068 -0.45477 0.485867 
1533740202321 0.277022 0.853705 -0.440962 -0.596057 -0.938707 0.338436 0.0654962 -0.186997 0.205152 0.39579 0.895133 0.372518 0.31622 -0.384863 0.867113 0.400795 -0.930002 -0.306262 0.203222 -0.504304 0.187351 -0.87068 -0.45477 0.485867 
1533740202366 0.276964 0.853602 -0.441197 -0.596042 -0.938716 0.338417 0.0654657 -0.187008 0.20519 0.396027 0.895019 0.372588 0.31622 -0.384863 0.867113 0.400795 -0.930002 -0.306262 0.203222 -0.504304 0.187351 -0.87068 -0.45477 0.485867 
1533740202383 0.276905 0.8535 -0.441432 -0.596028 -0.938725 0.338398 0.0654356 -0.187021 0.205229 0.396264 0.894906 0.372656 0.31622 -0.384863 0.867113 0.400795 -0.930002 -0.306262 0.203222 -0.504304 0.187351 -0.87068 -0.45477 0.485867 
1533740202427 0.276846 0.853397 -0.441667 -0.596013 -0.938734 0.33838 0.0654051 -0.187033 0.205268 0.396501 0.894792 0.372725 0.31622 -0.384863 0.867113 0.400795 -0.930002 -0.306262 0.203222 -0.504304 0.187351 -0.87068 -0.45477 0.485867 
1533740202470 0.276787 0.853294 -0.441902 -0.595999 -0.938743 0.338361 0.0653749 -0.187045 0.205306 0.396738 0.894678 0.372794 0.31622 -0.384863 0.867113 0.400795 -0.930002 -0.306262 0.203222 -0.504304 0.187351 -0.87068 -0.45477 0.485867 
1533740202501 0.276728 0.853192 -0.442137 -0.595985 -0.938752 0.338342 0.0653448 -0.187058 0.205345 0.396974 0.894564 0.372862 0.31622 -0.384863 0.867113 0.400795 -0.930002 -0.306262 0.203222 -0.504304 0.187351 -0.87068 -0.45477 0.485867 
1533740202545 0.276896 0.853455 -0.441523 -0.596053 -0.938744 0.338366 0.0653336 -0.187008 0.205156 0.396387 0.894868 0.372646 0.31622 -0.384863 0.867113 0.400795 -0.930002 -0.306262 0.203222 -0.504304 0.187351 -0.87068 -0.45477 0.485867 
1533740202558 0.276894 0.8534 -0.44163 -0.596055 -0.938758 0.338347 0.0652331 -0.187018 0.205094 0.396521 0.894822 0.372706 0.31622 -0.384863 0.867113 0.400795 -0.930002 -0.306262 0.203222 -0.504304 0.187351 -0.87068 -0.45477 0.485867 
1533740202575 0.276894 0.853345 -0.441738 -0.596054 -0.938771 0.338329 0.0651315 -0.187025 0.205033 0.396656 0.894777 0.37277 0.31622 -0.384863 0.867113 0.400795 -0.930002 -0.306262 0.203222 -0.504304 0.187351 -0.87068 -0.45477 0.485867 
1533740202594 0.276894 0.853289 -0.441846 -0.596052 -0.938785 0.338311 0.0650301 -0.187031 0.204971 0.396792 0.894731 0.372832 0.31622 -0.384863 0.867113 0.400795 -0.930002 -0.306262 0.203222 -0.504304 0.187351 -0.87068 -0.45477 0.485867 
1533740202608 0.276894 0.853233 -0.441953 -0.59605 -0.938798 0.338293 0.0649286 -0.187038 0.204909 0.396927 0.894685 0.372895 0.31622 -0.384863 0.867113 0.400795 -0.930002 -0.306262 0.203222 -0.504304 0.187351 -0.87068 -0.45477 0.485867 
1533740202625 0.276893 0.853178 -0.442061 -0.59605 -0.938812 0.338274 0.0648275 -0.187045 0.204847 0.397062 0.894639 0.372958 0.31622 -0.384863 0.867113 0.400795 -0.930002 -0.306262 0.203222 -0.504304 0.187351 -0.87068 -0.45477 0.485867 
1533740202642 0.276893 0.853122 -0.442169 -0.596047 -0.938825 0.338256 0.0647258 -0.187052 0.204785 0.397197 0.894593 0.373021 0.31622 -0.384863 0.867113 0.400795 -0.930002 -0.306262 0.203222 -0.504304 0.187351 -0.87068 -0.45477 0.485867 
1533740202658 0.276893 0.853066 -0.442276 -0.596046 -0.938839 0.338238 0.0646246 -0.187059 0.204724 0.397332 0.894548 0.373084 0.31622 -0.384863 0.867113 0.400795 -0.930002 -0.306262 0.203222 -0.504304 0.187351 -0.87068 -0.45477 0.485867 
1533740202675 0.276893 0.853011 -0.442384 -0.596043 -0.938853 0.33822 0.064523 -0.187065 0.204662 0.397467 0.894502 0.373147 0.31622 -0.384863 0.867113 0.400795 -0.930002 -0.306262 0.203222 -0.504304 0.187351 -0.87068 -0.45477 0.485867 
1533740202737 0.276892 0.852955 -0.442491 -0.596042 -0.938866 0.338202 0.0644217 -0.187072 0.2046 0.397602 0.894456 0.373209 0.31622 -0.384863 0.867113 0.400795 -0.930002 -0.306262 0.203222 -0.504304 0.187351 -0.87068 -0.45477 0.485867 
1533740202778 0.277132 0.853149 -0.441966 -0.596015 -0.938778 0.338413 0.0646009 -0.187153 0.204681 0.397005 0.894703 0.373028 0.31622 -0.384863 0.867113 0.400795 -0.930002 -0.306262 0.203222 -0.504304 0.187351 -0.87068 -0.45477 0.485867 
1533740202790 0.277142 0.853205 -0.441851 -0.596011 -0.938797 0.33837 0.0645437 -0.187137 0.204578 0.396921 0.894763 0.373008 0.31622 -0.384863 0.867113 0.400795 -0.930002 -0.306262 0.203222 -0.504304 0.187351 -0.87068 -0.45477 0.485867 
1533740202806 0.277152 0.853263 -0.441735 -0.596011 -0.938817 0.338326 0.0644883 -0.187123 0.204476 0.396835 0.894825 0.372985 0.31622 -0.384863 0.867113 0.400795 -0.930002 -0.306262 0.203222 -0.504304 0.187351 -0.87068 -0.45477 0.485867 
1533740202918 0.277161 0.85332 -0.441618 -0.59601 -0.938836 0.338283 0.0644328 -0.187109 0.204374 0.396749 0.894887 0.372962 0.31622 -0.384863 0.867113 0.400795 -0.930002 -0.306262 0.203222 -0.504304 0.187351 -0.87068 -0.45477 0.485867 
1533740202935 0.27717 0.853378 -0.441501 -0.59601 -0.938856 0.338239 0.0643773 -0.187095 0.204271 0.396662 0.894948 0.372939 0.31622 -0.384863 0.867113 0.400795 -0.930002 -0.306262 0.203222 -0.504304 0.187351 -0.87068 -0.45477 0.485867 
1533740202941 0.27718 0.853435 -0.441385 -0.596009 -0.938875 0.338196 0.0643216 -0.187081 0.204169 0.396577 0.89501 0.372917 0.31622 -0.384863 0.867113 0.400795 -0.930002 -0.306262 0.203222 -0.504304 0.187351 -0.87068 -0.45477 0.485867 
1533740202955 0.277189 0.853492 -0.441268 -0.59601 -0.938895 0.338152 0.0642663 -0.187068 0.204066 0.39649 0.895071 0.372894 0.31622 -0.384863 0.867113 0.400795 -0.930002 -0.306262 0.203222 -0.504304 0.187351 -0.87068 -0.45477 0.485867 
1533740202971 0.277198 0.853549 -0.441152 -0.596009 -0.938914 0.338108 0.0642106 -0.187053 0.203964 0.396405 0.895132 0.372872 0.31622 -0.384863 0.867113 0.400795 -0.930002 -0.306262 0.203222 -0.504304 0.187351 -0.87068 -0.45477 0.485867 
1533740202989 0.277207 0.853607 -0.441035 -0.59601 -0.938934 0.338065 0.0641553 -0.18704 0.203862 0.396318 0.895194 0.372849 0.31622 -0.384863 0.867113 0.400795 -0.930002 -0.306262 0.203222 -0.504304 0.187351 -0.87068 -0.45477 0.485867 
1533740203005 0.277217 0.853664 -0.440918 -0.596009 -0.938953 0.338021 0.0640996 -0.187026 0.203759 0.396232 0.895255 0.372826 0.31622 -0.384863 0.867113 0.400795 -0.930002 -0.306262 0.203222 -0.504304 0.187351 -0.87068 -0.45477 0.485867 
1533740203031 0.27718 0.853366 -0.441517 -0.595976 -0.938822 0.338309 0.0645005 -0.187144 0.204412 0.396628 0.894931 0.373028 0.31622 -0.384863 0.867113 0.400795 -0.930002 -0.306262 0.203222 -0.504304 0.187351 -0.87068 -0.45477 0.485867 
1533740203043 0.277219 0.853466 -0.441299 -0.59598 -0.938813 0.338322 0.0645581 -0.187135 0.204399 0.396401 0.895035 0.372984 0.31622 -0.384863 0.867113 0.400795 -0.930002 -0.306262 0.203222 -0.504304 0.187351 -0.87068 -0.45477 0.485867 
1533740203058 0.277257 0.853568 -0.441079 -0.595989 -0.938805 0.338335 0.0646175 -0.18713 0.204388 0.396172 0.895139 0.372937 0.31622 -0.384863 0.867113 0.400795 -0.930002 -0.306262 0.203222 -0.504304 0.187351 -0.87068 -0.45477 0.485867 
1533740203075 0.277295 0.853669 -0.44086 -0.595997 -0.938796 0.338348 0.0646768 -0.187124 0.204377 0.395943 0.895243 0.372891 0.31622 -0.384863 0.867113 0.400795 -0.930002 -0.306262 0.203222 -0.504304 0.187351 -0.87068 -0.45477 0.485867 
1533740203091 0.277333 0.85377 -0.44064 -0.596006 -0.938787 0.338361 0.0647362 -0.187118 0.204365 0.395714 0.895347 0.372844 0.31622 -0.384863 0.867113 0.400795 -0.930002 -0.306262 0.203222 -0.504304 0.187351 -0.87068 -0.45477 0.485867 
1533740203108 0.277371 0.853871 -0.44042 -0.596014 -0.938778 0.338374 0.0647954 -0.187112 0.204354 0.395485 0.89545 0.372798 0.31622 -0.384863 0.867113 0.400795 -0.930002 -0.306262 0.203222 -0.504304 0.187351 -0.87068 -0.45477 0.485867 
1533740203149 0.277409 0.853972 -0.4402 -0.596023 -0.93877 0.338386 0.0648549 -0.187107 0.204342 0.395255 0.895554 0.372751 0.31622 -0.384863 0.867113 0.400795 -0.930002 -0.306262 0.203222 -0.504304 0.187351 -0.87068 -0.45477 0.485867 
1533740203246 0.277447 0.854072 -0.439981 -0.596031 -0.938761 0.338399 0.0649141 -0.1871 0.204331 0.395027 0.895658 0.372705 0.31622 -0.384863 0.867113 0.400795 -0.930002 -0.306262 0.203222 -0.504304 0.187351 -0.87068 -0.45477 0.485867 
1533740203267 0.277485 0.854174 -0.439761 -0.596041 -0.938752 0.338412 0.0649737 -0.187095 0.204319 0.394797 0.895762 0.372658 0.31622 -0.384863 0.867113 0.400795 -0.930002 -0.306262 0.203222 -0.504304 0.187351 -0.87068 -0.45477 0.485867 
1533740203284 0.277523 0.854274 -0.439541 -0.596049 -0.938743 0.338425 0.065033 -0.187089 0.204308 0.394568 0.895865 0.372612 0.31622 -0.384863 0.867113 0.400795 -0.930002 -0.306262 0.203222 -0.504304 0.187351 -0.87068 -0.45477 0.485867 
1533740203323 0.277631 0.853908 -0.440184 -0.59601 -0.938706 0.338582 0.0647553 -0.187186 0.204334 0.395225 0.89557 0.372763 0.31622 -0.384863 0.867113 0.400795 -0.930002 -0.306262 0.203222 -0.504304 0.187351 -0.87068 -0.45477 0.485867 
1533740203336 0.277715 0.854046 -0.439864 -0.596019 -0.938722 0.338555 0.0646656 -0.18716 0.204145 0.394952 0.895733 0.37271 0.31622 -0.384863 0.867113 0.400795 -0.930002 -0.306262 0.203222 -0.504304 0.187351 -0.87068 -0.45477 0.485867 
1533740203342 0.277798 0.854184 -0.439543 -0.596033 -0.938739 0.338526 0.0645761 -0.187137 0.203957 0.394677 0.895897 0.372655 0.31622 -0.384863 0.867113 0.400795 -0.930002 -0.306262 0.203222 -0.504304 0.187351 -0.87068 -0.45477 0.485867 
1533740203355 0.277881 0.854322 -0.439222 -0.596047 -0.938755 0.338497 0.0644865 -0.187114 0.203768 0.394403 0.896061 0.3726 0.31622 -0.384863 0.867113 0.400795 -0.930002 -0.306262 0.203222 -0.504304 0.187351 -0.87068 -0.45477 0.485867 
1533740203372 0.277963 0.85446 -0.438901 -0.596062 -0.938772 0.338469 0.0643969 -0.187092 0.203579 0.394128 0.896225 0.372545 0.31622 -0.384863 0.867113 0.400795 -0.930002 -0.306262 0.203222 -0.504304 0.187351 -0.87068 -0.45477 0.485867 
1533740203420 0.278046 0.854598 -0.43858 -0.596076 -0.938788 0.33844 0.0643074 -0.187069 0.20339 0.393853 0.896389 0.37249 0.31622 -0.384863 0.867113 0.400795 -0.930002 -0.306262 0.203222 -0.504304 0.187351 -0.87068 -0.45477 0.485867 
1533740203466 0.278129 0.854736 -0.438258 -0.596089 -0.938804 0.338412 0.0642176 -0.187046 0.203201 0.393578 0.896552 0.372435 0.31622 -0.384863 0.867113 0.400795 -0.930002 -0.306262 0.203222 -0.504304 0.187351 -0.87068 -0.45477 0.485867 
1533740203499 0.278211 0.854874 -0.437937 -0.596104 -0.938821 0.338383 0.0641282 -0.187023 0.203012 0.393303 0.896716 0.37238 0.31622 -0.384863 0.867113 0.400795 -0.930002 -0.306262 0.203222 -0.504304 0.187351 -0.87068 -0.45477 0.485867 
1533740203537 0.278294 0.855012 -0.437616 -0.596118 -0.938837 0.338355 0.0640384 -0.187 0.202823 0.393028 0.896879 0.372325 0.31622 -0.384863 0.867113 0.400795 -0.930002 -0.306262 0.203222 -0.504304 0.187351 -0.87068 -0.45477 0.485867 
1533740203543 0.278377 0.855149 -0.437294 -0.596131 -0.938854 0.338326 0.0639486 -0.186977 0.202634 0.392753 0.897042 0.372271 0.31622 -0.384863 0.867113 0.400795 -0.930002 -0.306262 0.203222 -0.504304 0.187351 -0.87068 -0.45477 0.485867 
1533740203637 0.278084 0.854892 -0.437984 -0.596098 -0.93884 0.338307 0.0642461 -0.186929 0.203096 0.393331 0.896684 0.372342 0.31622 -0.384863 0.867113 0.400795 -0.930002 -0.306262 0.203222 -0.504304 0.187351 -0.87068 -0.45477 0.485867 
1533740203649 0.278162 0.854868 -0.437979 -0.596108 -0.938853 0.338308 0.0640581 -0.186902 0.202933 0.39338 0.8967 0.37233 0.31622 -0.384863 0.867113 0.400795 -0.930002 -0.306262 0.203222 -0.504304 0.187351 -0.87068 -0.45477 0.485867 
1533740203665 0.27824 0.854845 -0.437976 -0.596116 -0.938864 0.338311 0.0638694 -0.18687 0.202771 0.393429 0.896715 0.372321 0.31622 -0.384863 0.867113 0.400795 -0.930002 -0.306262 0.203222 -0.504304 0.187351 -0.87068 -0.45477 0.485867 
1533740203682 0.278319 0.854821 -0.437973 -0.596123 -0.938876 0.338313 0.0636809 -0.186839 0.202608 0.393479 0.89673 0.372312 0.31622 -0.384863 0.867113 0.400795 -0.930002 -0.306262 0.203222 -0.504304 0.187351 -0.87068 -0.45477 0.485867 
1533740203699 0.278397 0.854797 -0.437969 -0.596132 -0.938888 0.338316 0.0634927 -0.186809 0.202445 0.393528 0.896745 0.372302 0.31622 -0.384863 0.867113 0.400795 -0.930002 -0.306262 0.203222 -0.504304 0.187351 -0.87068 -0.45477 0.485867 
1533740203715 0.278475 0.854773 -0.437966 -0.596138 -0.9389 0.338318 0.063304 -0.186777 0.202282 0.393578 0.89676 0.372293 0.31622 -0.384863 0.867113 0.400795 -0.930002 -0.306262 0.203222 -0.504304 0.187351 -0.87068 -0.45477 0.485867 
1533740203781 0.278553 0.85475 -0.437962 -0.596146 -0.938912 0.33832 0.0631157 -0.186747 0.20212 0.393627 0.896775 0.372283 0.31622 -0.384863 0.867113 0.400795 -0.930002 -0.306262 0.203222 -0.504304 0.187351 -0.87068 -0.45477 0.485867 
1533740203797 0.278632 0.854726 -0.437959 -0.596153 -0.938924 0.338323 0.0629269 -0.186715 0.201957 0.393677 0.89679 0.372274 0.31622 -0.384863 0.867113 0.400795 -0.930002 -0.306262 0.203222 -0.504304 0.187351 -0.87068 -0.45477 0.485867 
1533740203814 0.27871 0.854702 -0.437956 -0.59616 -0.938936 0.338325 0.0627386 -0.186684 0.201794 0.393726 0.896805 0.372265 0.31622 -0.384863 0.867113 0.400795 -0.930002 -0.306262 0.203222 -0.504304 0.187351 -0.87068 -0.45477 0.485867 
1533740203830 0.278788 0.854678 -0.437953 -0.596167 -0.938947 0.338328 0.0625498 -0.186653 0.201632 0.393776 0.896819 0.372256 0.31622 -0.384863 0.867113 0.400795 -0.930002 -0.306262 0.203222 -0.504304 0.187351 -0.87068 -0.45477 0.485867 
1533740203854 0.27846 0.854733 -0.438054 -0.596153 -0.93886 0.338399 0.0634746 -0.186781 0.202491 0.393596 0.896705 0.372315 0.31622 -0.384863 0.867113 0.400795 -0.930002 -0.306262 0.203222 -0.504304 0.187351 -0.87068 -0.45477 0.485867 
1533740203867 0.278479 0.854775 -0.43796 -0.596153 -0.938849 0.338417 0.0635248 -0.186774 0.202513 0.393488 0.896747 0.372291 0.31622 -0.384863 0.867113 0.400795 -0.930002 -0.306262 0.203222 -0.504304 0.187351 -0.87068 -0.45477 0.485867 
1533740203884 0.278496 0.854819 -0.437864 -0.596158 -0.93884 0.338435 0.0635768 -0.18677 0.202535 0.393378 0.89679 0.372264 0.31622 -0.384863 0.867113 0.400795 -0.930002 -0.306262 0.203222 -0.504304 0.187351 -0.87068 -0.45477 0.485867 
1533740203900 0.278513 0.854863 -0.437768 -0.596162 -0.93883 0.338453 0.0636287 -0.186766 0.202558 0.393268 0.896834 0.372237 0.31622 -0.384863 0.867113 0.400795 -0.930002 -0.306262 0.203222 -0.504304 0.187351 -0.87068 -0.45477 0.485867 
1533740203917 0.27853 0.854906 -0.437672 -0.596167 -0.93882 0.33847 0.0636807 -0.186763 0.20258 0.393158 0.896877 0.372211 0.31622 -0.384863 0.867113 0.400795 -0.930002 -0.306262 0.203222 -0.504304 0.187351 -0.87068 -0.45477 0.485867 
1533740203934 0.278547 0.85495 -0.437576 -0.59617 -0.93881 0.338488 0.0637324 -0.186758 0.202602 0.393048 0.89692 0.372185 0.31622 -0.384863 0.867113 0.400795 -0.930002 -0.306262 0.203222 -0.504304 0.187351 -0.87068 -0.45477 0.485867 
1533740203996 0.278564 0.854994 -0.437479 -0.596176 -0.9388 0.338505 0.0637845 -0.186755 0.202625 0.392938 0.896963 0.372158 0.31622 -0.384863 0.867113 0.400795 -0.930002 -0.306262 0.203222 -0.504304 0.187351 -0.87068 -0.45477 0.485867 
1533740204012 0.278581 0.855037 -0.437383 -0.596179 -0.93879 0.338523 0.0638363 -0.186751 0.202647 0.392828 0.897007 0.372132 0.31622 -0.384863 0.867113 0.400795 -0.930002 -0.306262 0.203222 -0.504304 0.187351 -0.87068 -0.45477 0.485867 
1533740204029 0.278598 0.855081 -0.437287 -0.596185 -0.93878 0.338541 0.0638884 -0.186747 0.202669 0.392717 0.89705 0.372105 0.31622 -0.384863 0.867113 0.400795 -0.930002 -0.306262 0.203222 -0.504304 0.187351 -0.87068 -0.45477 0.485867 
1533740204045 0.278615 0.855124 -0.437191 -0.596189 -0.93877 0.338558 0.0639402 -0.186743 0.202691 0.392607 0.897093 0.372078 0.31622 -0.384863 0.867113 0.400795 -0.930002 -0.306262 0.203222 -0.504304 0.187351 -0.87068 -0.45477 0.485867 
1533740204066 0.278568 0.855005 -0.437455 -0.59615 -0.938842 0.338424 0.0636016 -0.186711 0.202425 0.392984 0.896988 0.372217 0.31622 -0.384863 0.867113 0.400795 -0.930002 -0.306262 0.203222 -0.504304 0.187351 -0.87068 -0.45477 0.485867 
1533740204082 0.27851 0.855023 -0.437456 -0.596149 -0.938838 0.338412 0.0637187 -0.186722 0.202522 0.392954 0.896979 0.372216 0.31622 -0.384863 0.867113 0.400795 -0.930002 -0.306262 0.203222 -0.504304 0.187351 -0.87068 -0.45477 0.485867 
1533740204099 0.278453 0.855042 -0.437455 -0.596148 -0.938834 0.338401 0.0638363 -0.186734 0.202618 0.392923 0.896971 0.372214 0.31622 -0.384863 0.867113 0.400795 -0.930002 -0.306262 0.203222 -0.504304 0.187351 -0.87068 -0.45477 0.485867 
1533740204116 0.278395 0.855061 -0.437454 -0.596149 -0.938831 0.338389 0.0639541 -0.186748 0.202714 0.392891 0.896963 0.372211 0.31622 -0.384863 0.867113 0.400795 -0.930002 -0.306262 0.203222 -0.504304 0.187351 -0.87068 -0.45477 0.485867 
1533740204132 0.278337 0.855081 -0.437453 -0.59615 -0.938827 0.338377 0.064072 -0.186761 0.202811 0.392859 0.896956 0.372208 0.31622 -0.384863 0.867113 0.400795 -0.930002 -0.306262 0.203222 -0.504304 0.187351 -0.87068 -0.45477 0.485867 
1533740204149 0.27828 0.8551 -0.437453 -0.596151 -0.938823 0.338365 0.0641895 -0.186774 0.202907 0.392828 0.896947 0.372205 0.31622 -0.384863 0.867113 0.400795 -0.930002 -0.306262 0.203222 -0.504304 0.187351 -0.87068 -0.45477 0.485867 
1533740204166 0.278222 0.855119 -0.437452 -0.596152 -0.93882 0.338353 0.0643075 -0.186788 0.203003 0.392796 0.89694 0.372202 0.31622 -0.384863 0.867113 0.400795 -0.930002 -0.306262 0.203222 -0.504304 0.187351 -0.87068 -0.45477 0.485867 
1533740204182 0.278164 0.855138 -0.437451 -0.596153 -0.938816 0.338341 0.0644251 -0.186801 0.2031 0.392765 0.896932 0.3722 0.31622 -0.384863 0.867113 0.400795 -0.930002 -0.306262 0.203222 -0.504304 0.187351 -0.87068 -0.45477 0.485867 
1533740204199 0.278107 0.855158 -0.43745 -0.596155 -0.938812 0.338328 0.0645431 -0.186815 0.203196 0.392733 0.896924 0.372196 0.31622 -0.384863 0.867113 0.400795 -0.930002 -0.306262 0.203222 -0.504304 0.187351 -0.87068 -0.45477 0.485867 
1533740204216 0.278049 0.855177 -0.437449 -0.596155 -0.938808 0.338316 0.0646607 -0.186828 0.203292 0.392702 0.896916 0.372194 0.31622 -0.384863 0.867113 0.400795 -0.930002 -0.306262 0.203222 -0.504304 0.187351 -0.87068 -0.45477 0.485867 
1533740204236 0.27843 0.855088 -0.43738 -0.596189 -0.938798 0.338458 0.064068 -0.186706 0.202818 0.392773 0.896992 0.372148 0.31622 -0.384863 0.867113 0.400795 -0.930002 -0.306262 0.203222 -0.504304 0.187351 -0.87068 -0.45477 0.485867 
1533740204249 0.278424 0.855032 -0.437493 -0.596186 -0.938775 0.338508 0.0641346 -0.186716 0.202932 0.392851 0.896932 0.37215 0.31622 -0.384863 0.867113 0.400795 -0.930002 -0.306262 0.203222 -0.504304 0.187351 -0.87068 -0.45477 0.485867 
1533740204266 0.278419 0.854975 -0.437608 -0.596178 -0.938752 0.33856 0.0641995 -0.186724 0.203046 0.392931 0.896871 0.372154 0.31622 -0.384863 0.867113 0.400795 -0.930002 -0.306262 0.203222 -0.504304 0.187351 -0.87068 -0.45477 0.485867 
1533740204282 0.278414 0.854918 -0.437723 -0.59617 -0.938729 0.338612 0.0642645 -0.186732 0.203159 0.393011 0.89681 0.372158 0.31622 -0.384863 0.867113 0.400795 -0.930002 -0.306262 0.203222 -0.504304 0.187351 -0.87068 -0.45477 0.485867 
1533740204299 0.278409 0.854861 -0.437838 -0.596161 -0.938706 0.338663 0.0643294 -0.186739 0.203272 0.393091 0.89675 0.372162 0.31622 -0.384863 0.867113 0.400795 -0.930002 -0.306262 0.203222 -0.504304 0.187351 -0.87068 -0.45477 0.485867 
1533740204316 0.278404 0.854803 -0.437953 -0.596152 -0.938683 0.338715 0.0643942 -0.186747 0.203386 0.393171 0.896689 0.372166 0.31622 -0.384863 0.867113 0.400795 -0.930002 -0.306262 0.203222 -0.504304 0.187351 -0.87068 -0.45477 0.485867 
1533740204332 0.278399 0.854746 -0.438067 -0.596145 -0.93866 0.338767 0.0644592 -0.186755 0.203499 0.393251 0.896628 0.37217 0.31622 -0.384863 0.867113 0.400795 -0.930002 -0.306262 0.203222 -0.504304 0.187351 -0.87068 -0.45477 0.485867 
1533740204349 0.278395 0.854689 -0.438182 -0.596136 -0.938637 0.338819 0.064524 -0.186762 0.203612 0.393331 0.896567 0.372174 0.31622 -0.384863 0.867113 0.400795 -0.930002 -0.306262 0.203222 -0.504304 0.187351 -0.87068 -0.45477 0.485867 
1533740204366 0.27839 0.854631 -0.438297 -0.596129 -0.938613 0.33887 0.064589 -0.18677 0.203726 0.393411 0.896507 0.372178 0.31622 -0.384863 0.867113 0.400795 -0.930002 -0.306262 0.203222 -0.504304 0.187351 -0.87068 -0.45477 0.485867 
1533740204382 0.278385 0.854574 -0.438412 -0.596121 -0.93859 0.338922 0.064654 -0.186778 0.203839 0.39349 0.896446 0.372181 0.31622 -0.384863 0.867113 0.400795 -0.930002 -0.306262 0.203222 -0.504304 0.187351 -0.87068 -0.45477 0.485867 
1533740204414 0.278251 0.85505 -0.437568 -0.596136 -0.938726 0.338552 0.0646223 -0.18672 0.203395 0.392776 0.89686 0.372192 0.31622 -0.384863 0.867113 0.400795 -0.930002 -0.306262 0.203222 -0.504304 0.187351 -0.87068 -0.45477 0.485867 
1533740204427 0.278204 0.855 -0.437695 -0.596136 -0.938743 0.338513 0.06458 -0.18673 0.203381 0.392917 0.896801 0.372208 0.31622 -0.384863 0.867113 0.400795 -0.930002 -0.306262 0.203222 -0.504304 0.187351 -0.87068 -0.45477 0.485867 
1533740204443 0.278157 0.85495 -0.437822 -0.596132 -0.93876 0.338474 0.0645368 -0.186738 0.203367 0.393059 0.896742 0.372227 0.31622 -0.384863 0.867113 0.400795 -0.930002 -0.306262 0.203222 -0.504304 0.187351 -0.87068 -0.45477 0.485867 
1533740204460 0.27811 0.854901 -0.437949 -0.596127 -0.938777 0.338435 0.0644937 -0.186746 0.203353 0.3932 0.896683 0.372245 0.31622 -0.384863 0.867113 0.400795 -0.930002 -0.306262 0.203222 -0.504304 0.187351 -0.87068 -0.45477 0.485867 
1533740204477 0.278064 0.854851 -0.438077 -0.596123 -0.938794 0.338397 0.0644504 -0.186753 0.203339 0.393342 0.896624 0.372263 0.31622 -0.384863 0.867113 0.400795 -0.930002 -0.306262 0.203222 -0.504304 0.187351 -0.87068 -0.45477 0.485867 
1533740204493 0.278017 0.854801 -0.438203 -0.59612 -0.938811 0.338358 0.0644075 -0.186761 0.203325 0.393484 0.896565 0.372281 0.31622 -0.384863 0.867113 0.400795 -0.930002 -0.306262 0.203222 -0.504304 0.187351 -0.87068 -0.45477 0.485867 
1533740204510 0.27797 0.854751 -0.438331 -0.596114 -0.938828 0.33832 0.0643642 -0.186768 0.203311 0.393626 0.896506 0.3723 0.31622 -0.384863 0.867113 0.400795 -0.930002 -0.306262 0.203222 -0.504304 0.187351 -0.87068 -0.45477 0.485867 
1533740204527 0.277923 0.854701 -0.438458 -0.596111 -0.938844 0.338281 0.0643212 -0.186776 0.203297 0.393767 0.896447 0.372317 0.31622 -0.384863 0.867113 0.400795 -0.930002 -0.306262 0.203222 -0.504304 0.187351 -0.87068 -0.45477 0.485867 
1533740204543 0.277877 0.854651 -0.438585 -0.596106 -0.938861 0.338242 0.0642778 -0.186783 0.203283 0.393909 0.896388 0.372336 0.31622 -0.384863 0.867113 0.400795 -0.930002 -0.306262 0.203222 -0.504304 0.187351 -0.87068 -0.45477 0.485867 
1533740204560 0.27783 0.854601 -0.438712 -0.596102 -0.938878 0.338204 0.0642348 -0.186791 0.203269 0.394051 0.896329 0.372354 0.31622 -0.384863 0.867113 0.400795 -0.930002 -0.306262 0.203222 -0.504304 0.187351 -0.87068 -0.45477 0.485867 
1533740204638 0.278102 0.854884 -0.437987 -0.596063 -0.938804 0.338382 0.0643719 -0.186773 0.203238 0.393282 0.896674 0.372216 0.31622 -0.384863 0.867113 0.400795 -0.930002 -0.306262 0.203222 -0.504304 0.187351 -0.87068 -0.45477 0.485867 
1533740204649 0.278064 0.854771 -0.438232 -0.596059 -0.93881 0.338377 0.0643162 -0.18679 0.203263 0.393533 0.896558 0.372235 0.31622 -0.384863 0.867113 0.400795 -0.930002 -0.306262 0.203222 -0.504304 0.187351 -0.87068 -0.45477 0.485867 
1533740204665 0.278026 0.854656 -0.438479 -0.59605 -0.938816 0.338372 0.0642602 -0.186804 0.20329 0.393785 0.896441 0.372256 0.31622 -0.384863 0.867113 0.400795 -0.930002 -0.306262 0.203222 -0.504304 0.187351 -0.87068 -0.45477 0.485867 
1533740204682 0.277988 0.854542 -0.438725 -0.596042 -0.938821 0.338368 0.0642043 -0.186818 0.203316 0.394037 0.896325 0.372276 0.31622 -0.384863 0.867113 0.400795 -0.930002 -0.306262 0.203222 -0.504304 0.187351 -0.87068 -0.45477 0.485867 
1533740204699 0.277951 0.854428 -0.438972 -0.596033 -0.938827 0.338363 0.0641483 -0.186832 0.203342 0.394289 0.896208 0.372297 0.31622 -0.384863 0.867113 0.400795 -0.930002 -0.306262 0.203222 -0.504304 0.187351 -0.87068 -0.45477 0.485867 
1533740204715 0.277913 0.854314 -0.439219 -0.596025 -0.938832 0.338358 0.0640926 -0.186847 0.203368 0.39454 0.896091 0.372317 0.31622 -0.384863 0.867113 0.400795 -0.930002 -0.306262 0.203222 -0.504304 0.187351 -0.87068 -0.45477 0.485867 
1533740204733 0.277875 0.854199 -0.439465 -0.596016 -0.938838 0.338354 0.0640365 -0.186861 0.203395 0.394792 0.895974 0.372338 0.31622 -0.384863 0.867113 0.400795 -0.930002 -0.306262 0.203222 -0.504304 0.187351 -0.87068 -0.45477 0.485867 
1533740204749 0.277837 0.854084 -0.439712 -0.596008 -0.938843 0.338349 0.0639807 -0.186875 0.203421 0.395044 0.895857 0.372358 0.31622 -0.384863 0.867113 0.400795 -0.930002 -0.306262 0.203222 -0.504304 0.187351 -0.87068 -0.45477 0.485867 
