1535387155331 0.213638 0.919554 -0.329816 -0.472496 -0.943899 0.281325 0.172947 -0.171249 0.25182 0.274365 0.928068 0.473997 0.202968 -0.109649 0.973027 0.381835 -0.979011 -0.00396795 0.203769 -0.501448 -0.0184821 -0.993962 -0.108153 0.441705 
1535387155352 0.217241 0.920444 -0.324944 -0.488992 -0.943622 0.283211 0.171375 -0.178256 0.249769 0.269395 0.930076 0.463874 0.197803 -0.11091 0.973947 0.381795 -0.979707 0.0104458 0.200163 -0.499586 -0.0323737 -0.993776 -0.106593 0.441409 
1535387156304 0.22083 0.921302 -0.320056 -0.505489 -0.943335 0.285103 0.169812 -0.185266 0.247697 0.26442 0.932056 0.453749 0.192616 -0.112095 0.974851 0.381755 -0.980183 0.0248629 0.196528 -0.497724 -0.0462673 -0.993386 -0.105084 0.441113 
1535387157274 0.224408 0.922128 -0.315153 -0.521987 -0.943037 0.287002 0.168259 -0.192278 0.245606 0.259443 0.934006 0.443624 0.187409 -0.113203 0.975737 0.381715 -0.980438 0.039279 0.192869 -0.495862 -0.0601594 -0.992795 -0.103627 0.440817 
1535387158231 0.227973 0.92292 -0.310237 -0.538484 -0.94273 0.288906 0.166715 -0.199288 0.243494 0.254463 0.935927 0.4335 0.182183 -0.114235 0.976606 0.381675 -0.980473 0.0536912 0.189184 -0.494 -0.0740467 -0.992002 -0.102223 0.440522 
1535387159223 0.231524 0.92368 -0.305305 -0.554982 -0.942412 0.290817 0.165182 -0.206299 0.241363 0.24948 0.937819 0.423375 0.17694 -0.115191 0.977458 0.381634 -0.980286 0.0680961 0.185477 -0.492138 -0.0879262 -0.991007 -0.100871 0.440226 
1535387160184 0.235064 0.924408 -0.300359 -0.57148 -0.942084 0.292734 0.163657 -0.213309 0.239212 0.244494 0.939681 0.41325 0.171681 -0.116069 0.978291 0.381594 -0.979879 0.0824905 0.181747 -0.490275 -0.101795 -0.98981 -0.0995716 0.43993 
1535387161158 0.23859 0.925102 -0.295399 -0.587979 -0.941747 0.294657 0.162143 -0.22032 0.237041 0.239506 0.941514 0.403125 0.166406 -0.11687 0.979107 0.381554 -0.979252 0.0968713 0.177994 -0.488413 -0.11565 -0.988411 -0.0983255 0.439634 
1535387162200 0.242103 0.925764 -0.290426 -0.604476 -0.941399 0.296586 0.160639 -0.22733 0.23485 0.234516 0.943317 0.393 0.161118 -0.117594 0.979904 0.381513 -0.978404 0.111235 0.17422 -0.486551 -0.129487 -0.986812 -0.0971329 0.439338 
1535387163344 0.245602 0.926393 -0.285439 -0.620974 -0.941041 0.298521 0.159144 -0.234341 0.23264 0.229524 0.945091 0.382876 0.155817 -0.118241 0.980683 0.381473 -0.977336 0.125579 0.170426 -0.484688 -0.143305 -0.985012 -0.095994 0.439042 
1535387164461 0.246268 0.926018 -0.286083 -0.62078 -0.940917 0.299218 0.158567 -0.23452 0.232437 0.23013 0.944994 0.383033 0.156285 -0.11807 0.98063 0.381529 -0.977356 0.124905 0.170802 -0.484911 -0.142652 -0.985118 -0.0958755 0.439118 
1535387164477 0.246551 0.926116 -0.28552 -0.622445 -0.940893 0.299343 0.158477 -0.235201 0.232236 0.229571 0.945179 0.382006 0.158851 -0.118835 0.980125 0.381547 -0.977741 0.118889 0.172879 -0.485205 -0.13707 -0.985771 -0.097304 0.439456 
1535387164853 0.246833 0.926215 -0.284956 -0.624114 -0.940869 0.299467 0.158386 -0.235884 0.232034 0.229011 0.945365 0.380977 0.161421 -0.119584 0.979614 0.381565 -0.978087 0.112866 0.174947 -0.485499 -0.131486 -0.986388 -0.098745 0.439794 
1535387165247 0.247115 0.926313 -0.284391 -0.625785 -0.940844 0.299591 0.158295 -0.236568 0.231832 0.228451 0.94555 0.379949 0.163995 -0.120318 0.979096 0.381583 -0.978394 0.106837 0.177006 -0.485794 -0.125901 -0.98697 -0.100198 0.440133 
1535387165636 0.247397 0.926411 -0.283827 -0.627455 -0.94082 0.299715 0.158204 -0.237252 0.231629 0.227891 0.945734 0.378921 0.166571 -0.121036 0.978573 0.381601 -0.978661 0.100804 0.179054 -0.486088 -0.120316 -0.987517 -0.101662 0.440471 
1535387166026 0.247679 0.926508 -0.283263 -0.629123 -0.940796 0.299839 0.158113 -0.237934 0.231426 0.227331 0.945919 0.377893 0.169151 -0.121738 0.978043 0.381619 -0.97889 0.0947648 0.181093 -0.486382 -0.11473 -0.988028 -0.103138 0.440809 
1535387166419 0.247961 0.926605 -0.282698 -0.630793 -0.940772 0.299963 0.158022 -0.238618 0.231223 0.226771 0.946103 0.376864 0.171734 -0.122423 0.977507 0.381637 -0.979079 0.0887215 0.183122 -0.486677 -0.109144 -0.988504 -0.104625 0.441147 
1535387166776 0.248243 0.926702 -0.282133 -0.632463 -0.940747 0.300087 0.157932 -0.239302 0.23102 0.226211 0.946287 0.375836 0.17432 -0.123093 0.976965 0.381655 -0.979228 0.0826736 0.185141 -0.486971 -0.103559 -0.988946 -0.106124 0.441485 
1535387167152 0.248524 0.926798 -0.281569 -0.634132 -0.940723 0.300212 0.157841 -0.239985 0.230817 0.225651 0.94647 0.374808 0.176909 -0.123746 0.976417 0.381673 -0.979339 0.0766215 0.187149 -0.487265 -0.0979736 -0.989351 -0.107635 0.441824 
1535387167589 0.248806 0.926894 -0.281003 -0.635802 -0.940698 0.300336 0.15775 -0.240668 0.230613 0.22509 0.946653 0.373779 0.179501 -0.124384 0.975863 0.381691 -0.97941 0.0705654 0.189148 -0.487559 -0.0923891 -0.989722 -0.109156 0.442162 
1535387167999 0.249363 0.926619 -0.281417 -0.63555 -0.940551 0.300939 0.157479 -0.24084 0.230613 0.225417 0.946575 0.37386 0.178926 -0.124292 0.97598 0.381639 -0.979369 0.0721947 0.188741 -0.487478 -0.0939196 -0.989616 -0.108811 0.442082 
1535387168015 0.24885 0.926501 -0.282258 -0.635696 -0.940615 0.300661 0.157626 -0.240965 0.230905 0.226271 0.9463 0.373881 0.180305 -0.123172 0.975868 0.381661 -0.979535 0.0677394 0.189532 -0.487559 -0.0894499 -0.990071 -0.108438 0.442042 
1535387168296 0.248335 0.926382 -0.2831 -0.635844 -0.94068 0.300383 0.157772 -0.241091 0.231196 0.227126 0.946024 0.373902 0.18168 -0.122045 0.975755 0.381685 -0.979679 0.0632821 0.190326 -0.487645 -0.0849762 -0.990505 -0.108068 0.442002 
1535387168600 0.24782 0.926262 -0.283942 -0.635992 -0.940744 0.300104 0.15792 -0.241217 0.231487 0.227981 0.945748 0.373922 0.183049 -0.120912 0.97564 0.381709 -0.979802 0.0588243 0.19112 -0.48773 -0.0805002 -0.990919 -0.107702 0.441962 
1535387168875 0.247305 0.926142 -0.284783 -0.63614 -0.940808 0.299826 0.158067 -0.241344 0.231778 0.228835 0.94547 0.373943 0.184413 -0.119773 0.975524 0.381733 -0.979904 0.0543663 0.191916 -0.487816 -0.0760221 -0.991312 -0.10734 0.441922 
1535387169134 0.24679 0.926021 -0.285623 -0.636287 -0.940872 0.299547 0.158215 -0.241469 0.232068 0.229689 0.945192 0.373964 0.185772 -0.118627 0.975406 0.381756 -0.979985 0.0499082 0.192714 -0.487901 -0.0715419 -0.991684 -0.106982 0.441883 
1535387169432 0.246274 0.925898 -0.286464 -0.636436 -0.940935 0.299269 0.158362 -0.241596 0.232357 0.230543 0.944913 0.373984 0.187125 -0.117476 0.975286 0.38178 -0.980044 0.0454499 0.193513 -0.487987 -0.0670597 -0.992035 -0.106626 0.441843 
1535387169719 0.245758 0.925775 -0.287303 -0.636583 -0.940999 0.298991 0.158511 -0.241722 0.232646 0.231396 0.944633 0.374005 0.188473 -0.116318 0.975166 0.381804 -0.980083 0.0409917 0.194313 -0.488072 -0.0625757 -0.992366 -0.106275 0.441803 
1535387170027 0.245241 0.925651 -0.288143 -0.636731 -0.941062 0.298713 0.158659 -0.241848 0.232935 0.23225 0.944352 0.374026 0.189815 -0.115153 0.975044 0.381828 -0.9801 0.0365336 0.195114 -0.488156 -0.0580899 -0.992676 -0.105927 0.441763 
1535387170297 0.244725 0.925527 -0.288982 -0.63688 -0.941125 0.298435 0.158808 -0.241974 0.233223 0.233104 0.944071 0.374046 0.191153 -0.113983 0.97492 0.381852 -0.980096 0.0320756 0.195918 -0.488243 -0.0536025 -0.992965 -0.105583 0.441723 
1535387170631 0.245212 0.925649 -0.288174 -0.636757 -0.941099 0.298661 0.158538 -0.241839 0.232817 0.232325 0.944363 0.374041 0.190889 -0.114402 0.974922 0.381886 -0.980091 0.0330543 0.19578 -0.488165 -0.054623 -0.992884 -0.105815 0.441752 
1535387170658 0.244797 0.92589 -0.287754 -0.63679 -0.941214 0.298186 0.15875 -0.241932 0.23279 0.231976 0.944455 0.374051 0.191157 -0.114342 0.974877 0.38185 -0.980102 0.0318638 0.195919 -0.488189 -0.053465 -0.99293 -0.105976 0.441783 
1535387170801 0.244382 0.926131 -0.287332 -0.63683 -0.941328 0.297711 0.158964 -0.242028 0.232763 0.231625 0.944548 0.374061 0.191423 -0.114281 0.974832 0.381815 -0.980113 0.0306733 0.196056 -0.488214 -0.0523068 -0.992975 -0.106137 0.441814 
1535387170938 0.243968 0.926371 -0.286909 -0.636869 -0.941442 0.297236 0.159177 -0.242123 0.232737 0.231275 0.944641 0.37407 0.19169 -0.11422 0.974786 0.38178 -0.980122 0.0294827 0.196194 -0.488238 -0.0511486 -0.993018 -0.106298 0.441845 
1535387171019 0.243553 0.92661 -0.286487 -0.636908 -0.941556 0.296761 0.15939 -0.242219 0.23271 0.230924 0.944733 0.374079 0.191957 -0.114158 0.974741 0.381744 -0.980129 0.028292 0.196332 -0.488263 -0.0499903 -0.99306 -0.106459 0.441876 
1535387171152 0.243138 0.92685 -0.286064 -0.636948 -0.94167 0.296286 0.159602 -0.242314 0.232684 0.230573 0.944825 0.374088 0.192224 -0.114096 0.974696 0.381709 -0.980135 0.0271014 0.196469 -0.488288 -0.048832 -0.9931 -0.10662 0.441907 
1535387171217 0.242724 0.927089 -0.285642 -0.636986 -0.941783 0.295811 0.159814 -0.242409 0.232658 0.230222 0.944917 0.374098 0.192491 -0.114034 0.97465 0.381673 -0.98014 0.0259107 0.196607 -0.488312 -0.0476737 -0.993139 -0.106782 0.441939 
1535387171369 0.242309 0.927328 -0.285219 -0.637026 -0.941896 0.295335 0.160027 -0.242505 0.232632 0.229871 0.945009 0.374107 0.192757 -0.113971 0.974605 0.381638 -0.980143 0.02472 0.196744 -0.488337 -0.0465154 -0.993176 -0.106943 0.44197 
1535387171475 0.241894 0.927566 -0.284796 -0.637064 -0.942009 0.294859 0.160238 -0.2426 0.232607 0.22952 0.9451 0.374117 0.193024 -0.113908 0.97456 0.381603 -0.980145 0.0235293 0.19688 -0.488361 -0.045357 -0.993213 -0.107105 0.442001 
1535387171602 0.241479 0.927804 -0.284373 -0.637104 -0.942122 0.294384 0.16045 -0.242696 0.232581 0.229169 0.945192 0.374126 0.193291 -0.113845 0.974514 0.381567 -0.980146 0.0223385 0.197017 -0.488386 -0.0441986 -0.993247 -0.107267 0.442032 
1535387171744 0.242099 0.927476 -0.284914 -0.637068 -0.941973 0.295059 0.160082 -0.242675 0.232539 0.229626 0.945091 0.37409 0.192975 -0.113946 0.974565 0.381666 -0.980145 0.0237475 0.196856 -0.488314 -0.0455746 -0.993203 -0.107101 0.441996 
1535387171761 0.241636 0.927704 -0.284564 -0.637097 -0.942092 0.294556 0.160307 -0.242805 0.232538 0.229349 0.945159 0.374078 0.192804 -0.114739 0.974506 0.381645 -0.98025 0.0220142 0.196532 -0.488319 -0.0440028 -0.993152 -0.108228 0.442141 
1535387171939 0.24117 0.927934 -0.284211 -0.63713 -0.942212 0.29405 0.160535 -0.242936 0.232538 0.229071 0.945226 0.374065 0.192633 -0.115532 0.974446 0.381625 -0.980353 0.0202822 0.196205 -0.488325 -0.0424319 -0.993097 -0.109355 0.442286 
1535387172034 0.240704 0.928163 -0.283859 -0.637162 -0.942331 0.293544 0.160762 -0.243068 0.232538 0.228793 0.945294 0.374052 0.192462 -0.116326 0.974385 0.381604 -0.980453 0.0185504 0.195876 -0.48833 -0.0408607 -0.993038 -0.110482 0.44243 
1535387172194 0.240238 0.928391 -0.283506 -0.637195 -0.94245 0.293037 0.160989 -0.2432 0.232539 0.228514 0.945361 0.374039 0.192294 -0.11712 0.974323 0.381584 -0.980551 0.0168187 0.195545 -0.488336 -0.0392891 -0.992975 -0.111608 0.442575 
1535387172280 0.239771 0.92862 -0.283153 -0.637228 -0.942568 0.292531 0.161216 -0.243332 0.232539 0.228236 0.945428 0.374026 0.192126 -0.117914 0.974261 0.381563 -0.980645 0.0150874 0.195211 -0.488341 -0.0377172 -0.992909 -0.112733 0.44272 
1535387172432 0.239305 0.928847 -0.282799 -0.637261 -0.942687 0.292024 0.161443 -0.243464 0.23254 0.227957 0.945495 0.374013 0.19196 -0.118708 0.974197 0.381542 -0.980737 0.0133562 0.194876 -0.488346 -0.036145 -0.992839 -0.113858 0.442865 
1535387172555 0.238839 0.929075 -0.282446 -0.637293 -0.942805 0.291517 0.161669 -0.243596 0.232541 0.227679 0.945562 0.374 0.191795 -0.119503 0.974132 0.381522 -0.980826 0.0116253 0.194539 -0.488352 -0.0345725 -0.992766 -0.114982 0.44301 
1535387172689 0.238372 0.929302 -0.282093 -0.637327 -0.942923 0.29101 0.161896 -0.243728 0.232542 0.2274 0.945629 0.373987 0.191632 -0.120297 0.974067 0.381501 -0.980912 0.00989457 0.1942 -0.488357 -0.0329998 -0.992689 -0.116105 0.443154 
1535387172823 0.237906 0.929529 -0.281739 -0.637359 -0.94304 0.290503 0.162122 -0.24386 0.232543 0.227122 0.945695 0.373974 0.191469 -0.121092 0.974 0.381481 -0.980995 0.00816423 0.193859 -0.488363 -0.0314268 -0.992608 -0.117228 0.443299 
1535387172984 0.23851 0.929286 -0.282028 -0.637322 -0.942896 0.291123 0.16185 -0.243793 0.23251 0.22732 0.945656 0.374015 0.191579 -0.120234 0.974085 0.381481 -0.980922 0.00990714 0.194147 -0.488338 -0.0329935 -0.992696 -0.116042 0.443187 
1535387173003 0.238684 0.929318 -0.281777 -0.637306 -0.942849 0.291248 0.161896 -0.243817 0.23252 0.227032 0.945723 0.373971 0.191563 -0.121911 0.97388 0.381495 -0.980882 0.0108667 0.1943 -0.488425 -0.0342703 -0.992482 -0.117499 0.443352 
1535387173189 0.238857 0.929349 -0.281528 -0.637292 -0.942803 0.291372 0.161943 -0.243841 0.23253 0.226744 0.945789 0.373926 0.191545 -0.123588 0.973672 0.38151 -0.98084 0.0118259 0.194456 -0.488515 -0.035547 -0.992263 -0.118955 0.443519 
1535387173381 0.23903 0.92938 -0.281278 -0.637279 -0.942756 0.291496 0.161989 -0.243866 0.232541 0.226456 0.945855 0.373882 0.191525 -0.125265 0.973461 0.381526 -0.980797 0.0127848 0.194613 -0.488606 -0.0368237 -0.992041 -0.120411 0.443685 
1535387173573 0.239203 0.929411 -0.281028 -0.637266 -0.94271 0.29162 0.162035 -0.243891 0.232551 0.226168 0.945922 0.373837 0.191503 -0.126941 0.973248 0.381542 -0.980752 0.0137433 0.194772 -0.488697 -0.0381003 -0.991815 -0.121866 0.443852 
1535387173771 0.239376 0.929443 -0.280777 -0.637254 -0.942664 0.291744 0.162082 -0.243917 0.232561 0.22588 0.945988 0.373792 0.191479 -0.128617 0.973033 0.381558 -0.980706 0.0147016 0.194932 -0.488789 -0.0393768 -0.991585 -0.123321 0.444018 
1535387173967 0.239549 0.929473 -0.280528 -0.63724 -0.942617 0.291868 0.162128 -0.243942 0.232571 0.225593 0.946054 0.373747 0.191453 -0.130293 0.972815 0.381573 -0.98066 0.0156596 0.195094 -0.488879 -0.0406532 -0.991352 -0.124775 0.444185 
1535387174151 0.239721 0.929504 -0.280277 -0.637228 -0.942571 0.291992 0.162175 -0.243967 0.232581 0.225305 0.94612 0.373702 0.191424 -0.131968 0.972595 0.381589 -0.980611 0.0166172 0.195257 -0.488971 -0.0419296 -0.991115 -0.126229 0.444351 
1535387174365 0.239894 0.929535 -0.280027 -0.637215 -0.942524 0.292117 0.162221 -0.243992 0.232591 0.225017 0.946187 0.373658 0.191394 -0.133643 0.972372 0.381604 -0.980562 0.0175746 0.195421 -0.489061 -0.0432058 -0.990874 -0.127682 0.444518 
1535387174562 0.240067 0.929566 -0.279777 -0.637203 -0.942478 0.29224 0.162268 -0.244018 0.232601 0.224729 0.946253 0.373613 0.191361 -0.135318 0.972147 0.38162 -0.980511 0.0185316 0.195587 -0.489153 -0.0444819 -0.990629 -0.129135 0.444684 
1535387174777 0.23967 0.929536 -0.280217 -0.637251 -0.942589 0.291928 0.162185 -0.243925 0.23256 0.225259 0.946137 0.373637 0.191381 -0.134367 0.972275 0.381603 -0.980534 0.018132 0.195513 -0.4891 -0.0438997 -0.990766 -0.128281 0.444553 
1535387174809 0.24032 0.92941 -0.280076 -0.637061 -0.942463 0.292487 0.161912 -0.243816 0.232401 0.22505 0.946225 0.373693 0.191437 -0.13566 0.972085 0.381669 -0.980503 0.0182993 0.195648 -0.48921 -0.0443301 -0.990586 -0.129512 0.44469 
1535387174978 0.240971 0.929284 -0.279935 -0.636867 -0.942336 0.293047 0.161638 -0.243705 0.232242 0.224843 0.946314 0.373751 0.191492 -0.136953 0.971892 0.381735 -0.980473 0.0184653 0.195785 -0.489321 -0.0447595 -0.990405 -0.130743 0.444828 
1535387175142 0.241622 0.929158 -0.279795 -0.636672 -0.942208 0.293607 0.161365 -0.243594 0.232083 0.224636 0.946402 0.373808 0.191547 -0.138246 0.971698 0.381801 -0.980443 0.018631 0.195922 -0.489432 -0.045189 -0.990223 -0.131973 0.444965 
1535387175302 0.242272 0.929031 -0.279654 -0.636478 -0.942081 0.294166 0.161091 -0.243483 0.231923 0.224429 0.94649 0.373865 0.191601 -0.139538 0.971503 0.381867 -0.980412 0.0187966 0.196058 -0.489543 -0.0456185 -0.990038 -0.133203 0.445103 
1535387175469 0.242923 0.928903 -0.279513 -0.636282 -0.941952 0.294726 0.160818 -0.243371 0.231764 0.224222 0.946578 0.373923 0.191655 -0.14083 0.971306 0.381933 -0.980381 0.018962 0.196195 -0.489654 -0.0460481 -0.989852 -0.134433 0.44524 
1535387175662 0.243573 0.928775 -0.279372 -0.636087 -0.941824 0.295286 0.160545 -0.24326 0.231604 0.224015 0.946666 0.37398 0.191708 -0.142122 0.971107 0.381999 -0.980351 0.0191272 0.196333 -0.489764 -0.0464778 -0.989664 -0.135663 0.445377 
1535387175826 0.244223 0.928647 -0.279231 -0.635893 -0.941694 0.295846 0.160271 -0.243149 0.231445 0.223808 0.946754 0.374037 0.191761 -0.143414 0.970907 0.382065 -0.98032 0.0192922 0.19647 -0.489875 -0.0469076 -0.989475 -0.136892 0.445515 
1535387175992 0.244873 0.928518 -0.279089 -0.635699 -0.941565 0.296405 0.159998 -0.243038 0.231285 0.223601 0.946842 0.374094 0.191814 -0.144706 0.970705 0.382132 -0.980289 0.0194571 0.196608 -0.489986 -0.0473374 -0.989283 -0.138121 0.445652 
1535387176191 0.245523 0.928389 -0.278948 -0.635503 -0.941435 0.296965 0.159725 -0.242926 0.231125 0.223395 0.94693 0.374152 0.191865 -0.145997 0.970501 0.382198 -0.980258 0.0196218 0.196746 -0.490097 -0.0477672 -0.98909 -0.13935 0.44579 
1535387176390 0.244988 0.928502 -0.279042 -0.63564 -0.941579 0.296465 0.159804 -0.243046 0.231105 0.22359 0.946889 0.374084 0.191809 -0.144759 0.970698 0.382137 -0.980295 0.0193457 0.196591 -0.489995 -0.0472371 -0.989278 -0.138196 0.445705 
1535387176424 0.245225 0.928402 -0.279166 -0.635284 -0.941541 0.29669 0.159611 -0.242906 0.231009 0.223706 0.946885 0.374213 0.192201 -0.14436 0.97068 0.382176 -0.980198 0.0197967 0.19703 -0.49015 -0.0476595 -0.989327 -0.137696 0.445566 
1535387176599 0.245462 0.928302 -0.279292 -0.634923 -0.941503 0.296916 0.159417 -0.242765 0.230913 0.223823 0.94688 0.374342 0.192593 -0.143962 0.970661 0.382216 -0.9801 0.0202476 0.197469 -0.490307 -0.0480815 -0.989376 -0.137197 0.445426 
1535387176819 0.245699 0.928201 -0.279417 -0.63456 -0.941464 0.297141 0.159224 -0.242622 0.230818 0.22394 0.946876 0.374472 0.192985 -0.143564 0.970642 0.382255 -0.980002 0.0206986 0.197907 -0.490463 -0.0485033 -0.989425 -0.136698 0.445287 
1535387177033 0.245936 0.928101 -0.279542 -0.634199 -0.941426 0.297367 0.15903 -0.24248 0.230722 0.224057 0.946871 0.374602 0.193377 -0.143166 0.970623 0.382294 -0.979904 0.0211498 0.198346 -0.490619 -0.0489249 -0.989473 -0.136199 0.445148 
1535387177251 0.246173 0.928001 -0.279667 -0.633838 -0.941387 0.297592 0.158836 -0.242338 0.230627 0.224174 0.946867 0.374731 0.19377 -0.142768 0.970603 0.382334 -0.979805 0.0216012 0.198784 -0.490775 -0.0493462 -0.98952 -0.135699 0.445008 
1535387177453 0.24641 0.9279 -0.279793 -0.633476 -0.941349 0.297817 0.158642 -0.242196 0.230531 0.224291 0.946863 0.374861 0.194162 -0.142371 0.970583 0.382373 -0.979706 0.0220528 0.199222 -0.490931 -0.0497674 -0.989568 -0.1352 0.444869 
1535387177674 0.246647 0.927799 -0.279917 -0.633115 -0.94131 0.298042 0.158448 -0.242054 0.230436 0.224408 0.946858 0.374991 0.194555 -0.141973 0.970563 0.382413 -0.979607 0.0225045 0.19966 -0.491087 -0.0501883 -0.989615 -0.1347 0.44473 
1535387177888 0.246884 0.927699 -0.280043 -0.632753 -0.941271 0.298268 0.158254 -0.241911 0.23034 0.224526 0.946854 0.375121 0.194948 -0.141576 0.970542 0.382452 -0.979507 0.0229564 0.200097 -0.491244 -0.0506091 -0.989661 -0.134199 0.444591 
1535387178099 0.24712 0.927598 -0.280167 -0.632392 -0.941233 0.298493 0.158061 -0.24177 0.230245 0.224643 0.946849 0.37525 0.19534 -0.141179 0.970521 0.382491 -0.979407 0.0234085 0.200534 -0.4914 -0.0510296 -0.989707 -0.133699 0.444451 
1535387178349 0.246847 0.927693 -0.280094 -0.632614 -0.941269 0.298254 0.158296 -0.241759 0.230389 0.224568 0.946831 0.375162 0.194992 -0.141639 0.970524 0.382468 -0.979508 0.022736 0.200116 -0.491183 -0.0504101 -0.989657 -0.134304 0.44466 
1535387178484 0.246814 0.927642 -0.280291 -0.632143 -0.941125 0.298404 0.158867 -0.241613 0.231011 0.224578 0.946678 0.3753 0.195473 -0.140483 0.970595 0.382519 -0.979455 0.0220616 0.200451 -0.491318 -0.0495728 -0.989837 -0.133284 0.444442 
1535387178713 0.246781 0.927591 -0.280489 -0.631665 -0.940981 0.298554 0.159436 -0.241464 0.231633 0.224589 0.946523 0.37544 0.195954 -0.139325 0.970665 0.38257 -0.979401 0.0213876 0.200787 -0.491454 -0.0487349 -0.990016 -0.132264 0.444225 
1535387178934 0.246747 0.92754 -0.280687 -0.631188 -0.940837 0.298705 0.160006 -0.241316 0.232254 0.2246 0.946368 0.375579 0.196434 -0.138167 0.970734 0.382621 -0.979347 0.0207139 0.201125 -0.49159 -0.0478964 -0.990192 -0.131244 0.444007 
1535387179172 0.246714 0.927489 -0.280885 -0.630711 -0.940692 0.298855 0.160575 -0.241167 0.232876 0.22461 0.946213 0.375719 0.196913 -0.137008 0.970801 0.382673 -0.979291 0.0200405 0.201463 -0.491726 -0.0470574 -0.990367 -0.130225 0.44379 
1535387179387 0.246679 0.927438 -0.281083 -0.630235 -0.940547 0.299005 0.161145 -0.241019 0.233497 0.224621 0.946057 0.375858 0.197391 -0.135849 0.970867 0.382724 -0.979235 0.0193675 0.201802 -0.491862 -0.0462179 -0.99054 -0.129205 0.443572 
1535387179604 0.246645 0.927387 -0.281281 -0.629758 -0.940401 0.299155 0.161714 -0.24087 0.234118 0.224631 0.945901 0.375997 0.197867 -0.134689 0.970931 0.382775 -0.979178 0.018695 0.202141 -0.491998 -0.0453778 -0.990712 -0.128186 0.443355 
1535387179820 0.246611 0.927336 -0.281479 -0.629281 -0.940255 0.299306 0.162283 -0.240722 0.23474 0.224641 0.945745 0.376137 0.198343 -0.133529 0.970994 0.382826 -0.97912 0.0180229 0.202481 -0.492134 -0.0445372 -0.990881 -0.127166 0.443137 
1535387180045 0.246577 0.927285 -0.281677 -0.628804 -0.940109 0.299456 0.162853 -0.240573 0.235361 0.224652 0.945588 0.376276 0.198818 -0.132368 0.971056 0.382877 -0.979062 0.0173511 0.202822 -0.49227 -0.0436961 -0.991049 -0.126147 0.44292 
1535387180265 0.246542 0.927234 -0.281875 -0.628327 -0.939963 0.299606 0.163422 -0.240425 0.235982 0.224662 0.945431 0.376416 0.199292 -0.131207 0.971117 0.382929 -0.979003 0.0166797 0.203164 -0.492406 -0.0428545 -0.991215 -0.125128 0.442702 
1535387180500 0.246411 0.927312 -0.281732 -0.62858 -0.940103 0.299355 0.163076 -0.24043 0.235561 0.224674 0.945533 0.376329 0.19917 -0.132002 0.971034 0.382952 -0.979019 0.0167314 0.203082 -0.492255 -0.0430541 -0.991108 -0.1259 0.442832 
1535387180521 0.246403 0.927236 -0.28199 -0.628148 -0.94004 0.299454 0.163255 -0.240256 0.235818 0.224855 0.945426 0.376481 0.199808 -0.131198 0.971012 0.383009 -0.97902 0.0136878 0.203305 -0.492376 -0.0399642 -0.991262 -0.12571 0.442743 
1535387180764 0.246396 0.92716 -0.282247 -0.627711 -0.939977 0.299555 0.163432 -0.240079 0.236076 0.225037 0.945318 0.376633 0.200444 -0.130391 0.970989 0.383067 -0.979011 0.0106443 0.20353 -0.492498 -0.0368739 -0.991406 -0.12552 0.442655 
1535387180998 0.246389 0.927083 -0.282505 -0.627273 -0.939914 0.299655 0.16361 -0.239901 0.236334 0.225218 0.94521 0.376786 0.201078 -0.129582 0.970967 0.383125 -0.978992 0.00760081 0.203755 -0.49262 -0.033783 -0.99154 -0.125331 0.442566 
1535387181228 0.246383 0.927007 -0.282762 -0.626835 -0.939851 0.299756 0.163787 -0.239724 0.236592 0.2254 0.945103 0.376939 0.20171 -0.128771 0.970943 0.383182 -0.978964 0.00455744 0.203981 -0.492742 -0.0306917 -0.991664 -0.125143 0.442478 
1535387181463 0.246376 0.92693 -0.28302 -0.626399 -0.939788 0.299857 0.163965 -0.239548 0.23685 0.225581 0.944995 0.377091 0.202339 -0.127957 0.97092 0.38324 -0.978927 0.00151425 0.204207 -0.492864 -0.0276 -0.991778 -0.124955 0.442389 
1535387181706 0.246369 0.926853 -0.283277 -0.625961 -0.939725 0.299958 0.164143 -0.23937 0.237107 0.225763 0.944887 0.377244 0.202965 -0.127142 0.970896 0.383297 -0.978879 -0.00152881 0.204434 -0.492986 -0.0245079 -0.991883 -0.124767 0.4423 
1535387181948 0.246361 0.926776 -0.283535 -0.625524 -0.939662 0.300058 0.16432 -0.239194 0.237365 0.225944 0.944779 0.377396 0.203589 -0.126325 0.970872 0.383355 -0.978822 -0.00457163 0.204661 -0.493108 -0.0214155 -0.991978 -0.124581 0.442212 
1535387182179 0.246354 0.926699 -0.283792 -0.625086 -0.939598 0.300159 0.164498 -0.239016 0.237623 0.226126 0.944671 0.377549 0.204211 -0.125506 0.970848 0.383413 -0.978755 -0.00761425 0.20489 -0.49323 -0.0183227 -0.992064 -0.124395 0.442123 
1535387182410 0.246347 0.926622 -0.28405 -0.624649 -0.939535 0.30026 0.164675 -0.238839 0.23788 0.226307 0.944562 0.377701 0.204829 -0.124686 0.970824 0.38347 -0.978679 -0.0106566 0.205118 -0.493352 -0.0152296 -0.992139 -0.12421 0.442035 
1535387182676 0.246249 0.926684 -0.283934 -0.624874 -0.939583 0.300125 0.16465 -0.238869 0.237794 0.226235 0.944601 0.377603 0.204622 -0.12511 0.970813 0.383459 -0.978706 -0.00970156 0.205035 -0.493264 -0.0162336 -0.992095 -0.124431 0.442055 
1535387182692 0.246269 0.926537 -0.284396 -0.624573 -0.939461 0.300337 0.164957 -0.238771 0.238253 0.226555 0.944409 0.377735 0.204818 -0.125365 0.970739 0.383494 -0.978637 -0.00812703 0.205434 -0.493379 -0.0178651 -0.992077 -0.124352 0.44203 
1535387182862 0.246288 0.92639 -0.284859 -0.624267 -0.93934 0.300549 0.165263 -0.238671 0.238712 0.226877 0.944216 0.377869 0.205013 -0.12562 0.970664 0.383528 -0.978565 -0.00655243 0.205834 -0.493495 -0.0194966 -0.992057 -0.124271 0.442004 
1535387183063 0.246308 0.926242 -0.285321 -0.62396 -0.939218 0.300761 0.165568 -0.23857 0.23917 0.227198 0.944023 0.378002 0.205208 -0.125875 0.97059 0.383563 -0.97849 -0.00497796 0.206233 -0.493611 -0.0211281 -0.992034 -0.124189 0.441979 
1535387183252 0.246328 0.926094 -0.285783 -0.623654 -0.939096 0.300973 0.165874 -0.238469 0.239628 0.227519 0.943829 0.378136 0.205403 -0.126131 0.970516 0.383598 -0.978413 -0.00340361 0.206632 -0.493726 -0.0227594 -0.992008 -0.124107 0.441953 
1535387183464 0.246347 0.925946 -0.286245 -0.623349 -0.938974 0.301185 0.16618 -0.238369 0.240086 0.227839 0.943635 0.378269 0.205598 -0.126387 0.970441 0.383633 -0.978333 -0.00182938 0.207032 -0.493842 -0.0243907 -0.991979 -0.124024 0.441928 
1535387183663 0.246366 0.925798 -0.286708 -0.623042 -0.938852 0.301397 0.166485 -0.238269 0.240544 0.22816 0.943441 0.378403 0.205792 -0.126643 0.970367 0.383668 -0.97825 -0.000255177 0.207431 -0.493958 -0.0260219 -0.991948 -0.123941 0.441903 
1535387183869 0.246384 0.92565 -0.28717 -0.622736 -0.938729 0.30161 0.16679 -0.238169 0.241002 0.22848 0.943247 0.378536 0.205986 -0.126899 0.970292 0.383702 -0.978164 0.00131885 0.20783 -0.494073 -0.0276531 -0.991915 -0.123856 0.441877 
1535387184064 0.246403 0.925502 -0.287632 -0.622429 -0.938607 0.301822 0.167095 -0.238068 0.24146 0.228801 0.943052 0.378669 0.206179 -0.127156 0.970217 0.383737 -0.978076 0.00289283 0.208228 -0.494189 -0.0292841 -0.991879 -0.123772 0.441852 
1535387184255 0.246421 0.925353 -0.288094 -0.622124 -0.938484 0.302035 0.1674 -0.237968 0.241918 0.229121 0.942857 0.378803 0.206372 -0.127413 0.970143 0.383772 -0.977985 0.00446668 0.208627 -0.494305 -0.030915 -0.99184 -0.123686 0.441826 
1535387184470 0.24645 0.925408 -0.287893 -0.622338 -0.938539 0.301967 0.167214 -0.238029 0.241675 0.228989 0.942951 0.37871 0.206026 -0.127104 0.970256 0.383683 -0.978116 0.0026587 0.208044 -0.494228 -0.0290229 -0.991886 -0.123775 0.441864 
1535387184488 0.246562 0.925346 -0.287997 -0.622103 -0.938535 0.302069 0.167052 -0.237915 0.241576 0.229107 0.942948 0.378786 0.205904 -0.127748 0.970198 0.383699 -0.978146 0.00237531 0.207904 -0.494266 -0.0288639 -0.991804 -0.124468 0.441955 
1535387184504 0.246675 0.925283 -0.288102 -0.621863 -0.938531 0.302171 0.166889 -0.237799 0.241476 0.229226 0.942945 0.378862 0.205783 -0.128394 0.970138 0.383715 -0.978177 0.00209233 0.207764 -0.494304 -0.0287055 -0.991721 -0.125161 0.442047 
1535387184705 0.246787 0.92522 -0.288208 -0.621622 -0.938527 0.302272 0.166727 -0.237682 0.241377 0.229345 0.942941 0.37894 0.205661 -0.129039 0.970079 0.38373 -0.978207 0.0018094 0.207625 -0.494342 -0.028547 -0.991638 -0.125855 0.442138 
1535387184863 0.2469 0.925157 -0.288313 -0.621382 -0.938523 0.302374 0.166565 -0.237566 0.241277 0.229464 0.942938 0.379016 0.205541 -0.129684 0.970018 0.383746 -0.978237 0.00152647 0.207486 -0.49438 -0.0283884 -0.991554 -0.126548 0.442229 
1535387185030 0.247012 0.925095 -0.288418 -0.621143 -0.938519 0.302476 0.166403 -0.23745 0.241178 0.229582 0.942934 0.379093 0.20542 -0.130329 0.969957 0.383762 -0.978267 0.00124366 0.207347 -0.494418 -0.0282297 -0.99147 -0.127241 0.44232 
1535387185198 0.247124 0.925032 -0.288523 -0.620902 -0.938515 0.302578 0.16624 -0.237333 0.241078 0.229701 0.942931 0.37917 0.205299 -0.130974 0.969896 0.383778 -0.978297 0.000961087 0.207207 -0.494456 -0.0280709 -0.991385 -0.127934 0.442412 
1535387185362 0.247236 0.924969 -0.288628 -0.620662 -0.938511 0.302679 0.166078 -0.237217 0.240979 0.22982 0.942927 0.379247 0.205178 -0.131619 0.969834 0.383794 -0.978327 0.000678521 0.207066 -0.494494 -0.027912 -0.9913 -0.128628 0.442503 
1535387185543 0.247349 0.924906 -0.288733 -0.620421 -0.938507 0.302781 0.165916 -0.237101 0.240879 0.229939 0.942924 0.379324 0.205058 -0.132265 0.969772 0.383809 -0.978356 0.00039593 0.206927 -0.494532 -0.0277531 -0.991214 -0.129321 0.442594 
1535387185718 0.247461 0.924843 -0.288838 -0.620182 -0.938503 0.302883 0.165753 -0.236985 0.24078 0.230058 0.94292 0.3794 0.204937 -0.13291 0.969709 0.383825 -0.978386 0.000113612 0.206786 -0.49457 -0.027594 -0.991128 -0.130014 0.442686 
1535387185874 0.247258 0.924923 -0.288757 -0.620413 -0.938509 0.30272 0.166017 -0.237019 0.240966 0.229952 0.942898 0.379352 0.205145 -0.132054 0.969782 0.38381 -0.978332 0.000656463 0.207043 -0.494508 -0.0279775 -0.991242 -0.129058 0.442521 
1535387185892 0.247354 0.924897 -0.288758 -0.620207 -0.93846 0.302834 0.166084 -0.236955 0.241057 0.229907 0.942886 0.379395 0.205297 -0.132026 0.969754 0.383812 -0.97831 0.000296075 0.207148 -0.494597 -0.0276361 -0.991246 -0.129101 0.44253 
1535387185910 0.24745 0.924871 -0.288761 -0.619997 -0.938412 0.302948 0.166151 -0.236888 0.241148 0.229862 0.942874 0.379438 0.205449 -0.13198 0.969728 0.383814 -0.978287 -5.37451e-05 0.207255 -0.494687 -0.0273014 -0.991252 -0.129125 0.442533 
1535387186065 0.247546 0.924844 -0.288763 -0.619785 -0.938363 0.303063 0.166218 -0.236821 0.241239 0.229818 0.942861 0.379482 0.205601 -0.131934 0.969702 0.383816 -0.978264 -0.00040352 0.207361 -0.494778 -0.0269667 -0.991258 -0.129149 0.442537 
1535387186159 0.247642 0.924818 -0.288765 -0.619576 -0.938314 0.303177 0.166285 -0.236754 0.241331 0.229773 0.942849 0.379526 0.205753 -0.131888 0.969676 0.383818 -0.978242 -0.000753361 0.207468 -0.494868 -0.026632 -0.991264 -0.129173 0.44254 
1535387186293 0.247738 0.924791 -0.288768 -0.619364 -0.938265 0.303291 0.166352 -0.236687 0.241422 0.229729 0.942836 0.37957 0.205905 -0.131842 0.96965 0.38382 -0.978219 -0.00110311 0.207574 -0.494959 -0.0262974 -0.99127 -0.129197 0.442543 
1535387186344 0.247834 0.924765 -0.28877 -0.619153 -0.938216 0.303406 0.166419 -0.23662 0.241513 0.229684 0.942824 0.379613 0.206057 -0.131796 0.969624 0.383821 -0.978196 -0.00145292 0.207681 -0.49505 -0.0259627 -0.991276 -0.129221 0.442547 
1535387186490 0.24793 0.924738 -0.288772 -0.618943 -0.938167 0.30352 0.166486 -0.236554 0.241605 0.22964 0.942811 0.379657 0.206209 -0.13175 0.969598 0.383823 -0.978172 -0.00180269 0.207787 -0.49514 -0.025628 -0.991281 -0.129246 0.44255 
1535387186537 0.248026 0.924712 -0.288775 -0.618731 -0.938118 0.303635 0.166553 -0.236487 0.241696 0.229595 0.942799 0.379701 0.20636 -0.131703 0.969572 0.383825 -0.978149 -0.00215244 0.207894 -0.495231 -0.0252933 -0.991287 -0.12927 0.442553 
1535387186693 0.248122 0.924685 -0.288777 -0.618521 -0.938069 0.303749 0.16662 -0.23642 0.241787 0.229551 0.942786 0.379744 0.206513 -0.131657 0.969546 0.383827 -0.978126 -0.00250226 0.208 -0.495321 -0.0249587 -0.991292 -0.129294 0.442557 
1535387186760 0.247911 0.92481 -0.28856 -0.61878 -0.938141 0.303493 0.166684 -0.236403 0.241727 0.229387 0.942841 0.379769 0.20624 -0.131743 0.969592 0.383791 -0.978173 -0.00208205 0.207783 -0.495237 -0.0253551 -0.991282 -0.129296 0.442537 
1535387186784 0.248002 0.924796 -0.288525 -0.618594 -0.938121 0.30357 0.166654 -0.236317 0.241709 0.229341 0.942857 0.379817 0.205982 -0.132123 0.969595 0.383786 -0.978215 -0.00166169 0.207587 -0.495297 -0.0258159 -0.991232 -0.129587 0.442586 
1535387186813 0.248094 0.924783 -0.28849 -0.618404 -0.938102 0.303646 0.166625 -0.236229 0.241691 0.229294 0.942873 0.379866 0.205724 -0.132504 0.969598 0.383781 -0.978257 -0.00124173 0.207391 -0.495357 -0.0262762 -0.991182 -0.129878 0.442634 
1535387186958 0.248186 0.924769 -0.288455 -0.618214 -0.938082 0.303723 0.166596 -0.236141 0.241673 0.229248 0.942889 0.379914 0.205464 -0.132885 0.969601 0.383776 -0.978299 -0.000821557 0.207195 -0.495416 -0.0267366 -0.991131 -0.13017 0.442683 
1535387187044 0.248277 0.924755 -0.28842 -0.618023 -0.938062 0.3038 0.166567 -0.236053 0.241656 0.229201 0.942905 0.379963 0.205205 -0.133266 0.969604 0.383771 -0.978341 -0.00040139 0.206999 -0.495476 -0.0271967 -0.99108 -0.130462 0.442731 
1535387187162 0.248369 0.924741 -0.288385 -0.617832 -0.938043 0.303877 0.166537 -0.235965 0.241638 0.229155 0.942921 0.380012 0.204946 -0.133647 0.969606 0.383766 -0.978383 1.87322e-05 0.206803 -0.495536 -0.0276568 -0.991029 -0.130754 0.44278 
1535387187249 0.248461 0.924728 -0.28835 -0.617642 -0.938023 0.303954 0.166508 -0.235877 0.24162 0.229108 0.942936 0.380061 0.204686 -0.134027 0.969608 0.383761 -0.978424 0.000438917 0.206608 -0.495596 -0.0281167 -0.990978 -0.131045 0.442829 
1535387187361 0.248553 0.924714 -0.288315 -0.617451 -0.938003 0.304031 0.166479 -0.235789 0.241602 0.229062 0.942952 0.38011 0.204427 -0.134408 0.96961 0.383756 -0.978465 0.000859208 0.206413 -0.495656 -0.0285765 -0.990926 -0.131337 0.442877 
1535387187439 0.248644 0.9247 -0.28828 -0.617261 -0.937983 0.304108 0.16645 -0.235701 0.241584 0.229015 0.942968 0.380158 0.204167 -0.134788 0.969612 0.383751 -0.978505 0.00127968 0.206217 -0.495715 -0.0290364 -0.990874 -0.131629 0.442926 
1535387187560 0.248736 0.924686 -0.288246 -0.61707 -0.937964 0.304185 0.16642 -0.235612 0.241567 0.228969 0.942984 0.380207 0.203907 -0.135168 0.969614 0.383746 -0.978546 0.00170014 0.206022 -0.495775 -0.029496 -0.990821 -0.131921 0.442974 
1535387187663 0.248255 0.924823 -0.288223 -0.617345 -0.938065 0.303747 0.166652 -0.235566 0.24167 0.228999 0.94295 0.380147 0.204477 -0.134455 0.969593 0.38378 -0.978447 0.00108052 0.206494 -0.495633 -0.0288117 -0.990919 -0.131336 0.442851 
1535387187686 0.248353 0.924841 -0.288079 -0.617111 -0.938074 0.303782 0.166537 -0.235493 0.241533 0.228879 0.943014 0.380202 0.20463 -0.134777 0.969516 0.383783 -0.978406 0.00130346 0.206687 -0.495779 -0.0291205 -0.990875 -0.1316 0.442898 
1535387187701 0.248452 0.924859 -0.287937 -0.616871 -0.938083 0.303816 0.166422 -0.235418 0.241397 0.228761 0.943078 0.380257 0.204785 -0.1351 0.969439 0.383787 -0.978365 0.00152657 0.206883 -0.495927 -0.0294298 -0.990831 -0.131865 0.442944 
1535387187870 0.24855 0.924877 -0.287794 -0.616631 -0.938092 0.303851 0.166307 -0.235342 0.24126 0.228642 0.943142 0.380313 0.20494 -0.135423 0.969361 0.383791 -0.978323 0.0017495 0.207079 -0.496076 -0.0297392 -0.990786 -0.132129 0.442991 
1535387187951 0.248648 0.924895 -0.287652 -0.616392 -0.938101 0.303886 0.166192 -0.235268 0.241124 0.228523 0.943205 0.380368 0.205094 -0.135746 0.969283 0.383795 -0.978281 0.00197261 0.207274 -0.496224 -0.0300486 -0.990742 -0.132393 0.443038 
1535387188080 0.248746 0.924913 -0.287509 -0.616152 -0.93811 0.303921 0.166077 -0.235192 0.240987 0.228404 0.943269 0.380424 0.205249 -0.136069 0.969205 0.383798 -0.978239 0.00219543 0.20747 -0.496372 -0.030358 -0.990697 -0.132657 0.443085 
1535387188147 0.248844 0.924931 -0.287367 -0.615912 -0.938119 0.303956 0.165962 -0.235117 0.240851 0.228286 0.943333 0.38048 0.205403 -0.136392 0.969127 0.383802 -0.978197 0.00241828 0.207666 -0.49652 -0.0306675 -0.990652 -0.132921 0.443132 
1535387188294 0.248943 0.924948 -0.287224 -0.615673 -0.938128 0.30399 0.165848 -0.235042 0.240714 0.228167 0.943396 0.380535 0.205557 -0.136715 0.969049 0.383806 -0.978155 0.00264109 0.207861 -0.496668 -0.030977 -0.990607 -0.133185 0.443178 
1535387188368 0.249041 0.924966 -0.287082 -0.615435 -0.938137 0.304025 0.165733 -0.234967 0.240577 0.228048 0.94346 0.380591 0.205711 -0.137037 0.96897 0.38381 -0.978113 0.00286384 0.208057 -0.496816 -0.0312865 -0.990562 -0.133449 0.443225 
1535387188500 0.249139 0.924984 -0.28694 -0.615194 -0.938146 0.30406 0.165618 -0.234891 0.240441 0.227929 0.943523 0.380647 0.205865 -0.13736 0.968892 0.383814 -0.97807 0.00308649 0.208252 -0.496965 -0.0315961 -0.990516 -0.133713 0.443272 
1535387188592 0.248836 0.92504 -0.287023 -0.615481 -0.938167 0.303842 0.165899 -0.234853 0.240673 0.227994 0.943449 0.380606 0.205885 -0.13682 0.968964 0.383834 -0.978085 0.00259957 0.20819 -0.496672 -0.0310035 -0.990593 -0.133286 0.443194 
1535387188606 0.248853 0.925015 -0.287088 -0.615127 -0.938061 0.303967 0.166272 -0.234778 0.24107 0.227928 0.943363 0.380702 0.205923 -0.135978 0.969075 0.383821 -0.978086 0.00248102 0.208186 -0.49682 -0.0307131 -0.990709 -0.132488 0.443059 
1535387188760 0.248872 0.92499 -0.287153 -0.614768 -0.937954 0.304092 0.166644 -0.2347 0.241465 0.227863 0.943278 0.380799 0.205961 -0.135136 0.969184 0.383808 -0.978087 0.00236148 0.208183 -0.496969 -0.0304216 -0.990824 -0.131688 0.442924 
1535387188933 0.24889 0.924964 -0.287219 -0.614408 -0.937847 0.304218 0.167015 -0.234621 0.24186 0.227799 0.943192 0.380896 0.205999 -0.134293 0.969293 0.383795 -0.978088 0.00224198 0.208179 -0.497118 -0.0301301 -0.990939 -0.130889 0.442789 
1535387189118 0.248908 0.924939 -0.287284 -0.614049 -0.93774 0.304343 0.167387 -0.234543 0.242256 0.227734 0.943106 0.380993 0.206037 -0.13345 0.969402 0.383782 -0.978089 0.00212244 0.208175 -0.497266 -0.0298386 -0.991053 -0.130089 0.442654 
1535387189321 0.248927 0.924914 -0.28735 -0.61369 -0.937633 0.304468 0.167758 -0.234465 0.242651 0.227669 0.94302 0.38109 0.206074 -0.132607 0.96951 0.383769 -0.97809 0.00200293 0.208172 -0.497415 -0.029547 -0.991167 -0.129289 0.442519 
1535387189504 0.248945 0.924889 -0.287415 -0.613331 -0.937526 0.304594 0.16813 -0.234386 0.243046 0.227604 0.942934 0.381187 0.206111 -0.131764 0.969617 0.383756 -0.978091 0.00188338 0.208169 -0.497564 -0.0292554 -0.991279 -0.128489 0.442384 
1535387189684 0.248963 0.924863 -0.287481 -0.612972 -0.937419 0.304719 0.168501 -0.234309 0.243442 0.227539 0.942848 0.381283 0.206148 -0.130921 0.969723 0.383743 -0.978092 0.00176386 0.208165 -0.497712 -0.0289637 -0.991391 -0.12769 0.442249 
1535387189877 0.248981 0.924838 -0.287546 -0.612614 -0.937311 0.304844 0.168873 -0.234231 0.243837 0.227474 0.942761 0.38138 0.206185 -0.130078 0.969829 0.38373 -0.978093 0.00164433 0.208162 -0.497861 -0.0286721 -0.991502 -0.12689 0.442114 
1535387190063 0.248999 0.924813 -0.287612 -0.612253 -0.937203 0.30497 0.169244 -0.234152 0.244232 0.227409 0.942675 0.381477 0.206221 -0.129235 0.969934 0.383717 -0.978094 0.00152476 0.208159 -0.49801 -0.0283804 -0.991613 -0.126089 0.441979 
1535387190275 0.24895 0.924847 -0.287545 -0.612514 -0.937276 0.304855 0.169046 -0.234166 0.244002 0.227425 0.942731 0.381424 0.206219 -0.130196 0.969805 0.383744 -0.978084 0.00167523 0.208204 -0.497831 -0.0287321 -0.991487 -0.126998 0.442064 
1535387190286 0.249133 0.924766 -0.287647 -0.61218 -0.937208 0.305066 0.169045 -0.234035 0.244079 0.227471 0.9427 0.381517 0.20597 -0.129517 0.969949 0.383733 -0.978145 0.00156119 0.207919 -0.497929 -0.0284433 -0.991576 -0.126365 0.441946 
1535387190303 0.249316 0.924684 -0.28775 -0.611841 -0.937139 0.305278 0.169044 -0.233902 0.244156 0.227517 0.942668 0.381611 0.205722 -0.128849 0.970091 0.383722 -0.978206 0.00142924 0.207633 -0.498025 -0.0281398 -0.991663 -0.125747 0.441833 
1535387190533 0.249498 0.924603 -0.287854 -0.611503 -0.93707 0.30549 0.169043 -0.23377 0.244234 0.227563 0.942637 0.381704 0.205473 -0.128183 0.970232 0.383712 -0.978267 0.00129751 0.207346 -0.49812 -0.0278371 -0.99175 -0.12513 0.441719 
1535387190721 0.249681 0.924522 -0.287957 -0.611165 -0.937001 0.305702 0.169042 -0.233637 0.244312 0.227609 0.942606 0.381798 0.205225 -0.127515 0.970372 0.383701 -0.978327 0.00116508 0.207061 -0.498215 -0.0275339 -0.991836 -0.124512 0.441605 
1535387190909 0.249864 0.92444 -0.28806 -0.610827 -0.936932 0.305914 0.169041 -0.233504 0.24439 0.227655 0.942575 0.381892 0.204976 -0.126848 0.970512 0.383691 -0.978388 0.00103286 0.206775 -0.49831 -0.0272313 -0.991922 -0.123895 0.441491 
