1535379192759 0.239882 0.928814 -0.28242 -0.637196 -0.939873 0.295041 0.172015 -0.242695 0.243096 0.224175 0.943743 0.373542 0.173859 -0.109301 0.978686 0.381209 -0.981149 0.0659333 0.18166 -0.485461 -0.0843836 -0.99182 -0.0957775 0.440542 
1535379192785 0.240484 0.928726 -0.282197 -0.637265 -0.93976 0.295537 0.171782 -0.242643 0.242938 0.223887 0.943852 0.373562 0.171163 -0.110239 0.979056 0.381182 -0.981073 0.0722548 0.179651 -0.485123 -0.0905462 -0.991275 -0.0957855 0.440454 
1535379193075 0.241087 0.928637 -0.281974 -0.637334 -0.939646 0.296034 0.171548 -0.242591 0.24278 0.223598 0.943961 0.373581 0.168459 -0.11116 0.979421 0.381154 -0.980953 0.0785755 0.177641 -0.484779 -0.096705 -0.990691 -0.0958057 0.440366 
1535379193352 0.24169 0.928548 -0.281751 -0.637403 -0.939532 0.296531 0.171315 -0.242539 0.242622 0.223309 0.94407 0.373601 0.165749 -0.112063 0.97978 0.381126 -0.980789 0.0848949 0.17563 -0.484436 -0.10286 -0.990068 -0.0958386 0.440277 
1535379193359 0.242293 0.928459 -0.281528 -0.637473 -0.939418 0.297028 0.171081 -0.242487 0.242464 0.223021 0.944178 0.37362 0.163032 -0.112948 0.980134 0.381097 -0.98058 0.0912127 0.173618 -0.484092 -0.10901 -0.989405 -0.0958842 0.440189 
1535379193773 0.242895 0.928369 -0.281305 -0.637542 -0.939303 0.297524 0.170848 -0.242435 0.242305 0.222733 0.944287 0.37364 0.16031 -0.113816 0.980483 0.38107 -0.980326 0.0975287 0.171605 -0.48375 -0.115157 -0.988703 -0.0959424 0.440101 
1535379194106 0.243498 0.928279 -0.281082 -0.637611 -0.939188 0.298021 0.170615 -0.242383 0.242146 0.222444 0.944396 0.373659 0.157581 -0.114667 0.980826 0.381042 -0.980028 0.103842 0.169593 -0.483407 -0.121298 -0.987962 -0.0960132 0.440013 
1535379194114 0.2441 0.928189 -0.280858 -0.63768 -0.939073 0.298518 0.170382 -0.242331 0.241988 0.222156 0.944504 0.373679 0.154845 -0.1155 0.981164 0.381013 -0.979685 0.110154 0.167579 -0.483063 -0.127434 -0.987181 -0.0960966 0.439924 
1535379194426 0.244702 0.928098 -0.280634 -0.637749 -0.938957 0.299014 0.170149 -0.242279 0.241829 0.221867 0.944613 0.373698 0.152104 -0.116315 0.981496 0.380985 -0.979298 0.116463 0.165565 -0.482721 -0.133566 -0.986361 -0.0961927 0.439836 
1535379194817 0.245304 0.928006 -0.280411 -0.637819 -0.938841 0.299511 0.169916 -0.242227 0.241669 0.22158 0.944721 0.373718 0.149357 -0.117113 0.981823 0.380957 -0.978866 0.122769 0.163551 -0.482378 -0.139691 -0.985501 -0.0963014 0.439748 
1535379195172 0.244752 0.928083 -0.280639 -0.637773 -0.938952 0.299056 0.170105 -0.242257 0.241798 0.221873 0.944619 0.373712 0.14986 -0.11681 0.981783 0.380972 -0.978941 0.121694 0.163905 -0.482498 -0.138623 -0.98567 -0.0961135 0.439786 
1535379195198 0.244104 0.928086 -0.281192 -0.637705 -0.938904 0.298736 0.170925 -0.242328 0.242636 0.222289 0.944307 0.37378 0.1519 -0.116355 0.981523 0.380974 -0.97942 0.115808 0.165303 -0.482735 -0.132902 -0.986433 -0.0963692 0.439931 
1535379195469 0.243455 0.92809 -0.281743 -0.637635 -0.938856 0.298417 0.171747 -0.242399 0.243473 0.222703 0.943994 0.373847 0.153939 -0.115888 0.981261 0.380978 -0.979862 0.109918 0.1667 -0.482978 -0.127177 -0.987162 -0.0966337 0.440077 
1535379195742 0.242807 0.928092 -0.282294 -0.637566 -0.938807 0.298099 0.172567 -0.24247 0.24431 0.223119 0.943679 0.373915 0.155974 -0.115409 0.980996 0.380982 -0.980267 0.104025 0.168096 -0.48322 -0.121447 -0.987856 -0.0969063 0.440223 
1535379196024 0.242157 0.928094 -0.282844 -0.637497 -0.938756 0.29778 0.173388 -0.242541 0.245146 0.223535 0.943364 0.373983 0.158006 -0.114918 0.980728 0.380986 -0.980635 0.0981284 0.169489 -0.483463 -0.115715 -0.988516 -0.0971872 0.440369 
1535379196316 0.241506 0.928096 -0.283393 -0.637428 -0.938705 0.297462 0.17421 -0.242611 0.245982 0.22395 0.943048 0.37405 0.160035 -0.114414 0.980458 0.38099 -0.980966 0.0922295 0.17088 -0.483704 -0.109978 -0.989143 -0.0974762 0.440515 
1535379196587 0.240856 0.928097 -0.283943 -0.637359 -0.938653 0.297144 0.17503 -0.242682 0.246817 0.224367 0.942731 0.374118 0.162061 -0.113898 0.980185 0.380994 -0.98126 0.0863281 0.17227 -0.483947 -0.104239 -0.989735 -0.0977734 0.44066 
1535379196890 0.240205 0.928099 -0.284491 -0.63729 -0.9386 0.296827 0.175852 -0.242753 0.247652 0.224782 0.942412 0.374186 0.164082 -0.11337 0.97991 0.380998 -0.981517 0.0804245 0.173656 -0.484189 -0.0984962 -0.990292 -0.0980788 0.440806 
1535379197177 0.239553 0.928099 -0.285038 -0.637221 -0.938546 0.296509 0.176673 -0.242824 0.248487 0.225199 0.942093 0.374253 0.166101 -0.11283 0.979633 0.381001 -0.981737 0.0745189 0.17504 -0.48443 -0.092751 -0.990816 -0.0983923 0.440952 
1535379197481 0.238901 0.928099 -0.285585 -0.637151 -0.938491 0.296192 0.177494 -0.242895 0.24932 0.225616 0.941773 0.374321 0.168116 -0.112278 0.979352 0.381006 -0.98192 0.0686113 0.176423 -0.484674 -0.0870031 -0.991305 -0.0987139 0.441098 
