1533764240262 0.0617464 0.877127 -0.476273 -0.469778 -0.995415 0.0890396 0.034929 -0.225239 0.0730443 0.471932 0.878604 0.380033 0.16008 -0.304787 0.938871 0.370831 -0.775623 0.549475 0.310623 -0.528794 -0.61056 -0.777934 -0.14844 0.432481 
1533764240277 0.0661094 0.871125 -0.486591 -0.48534 -0.993408 0.103232 0.0498446 -0.2254 0.0936524 0.480088 0.872207 0.383939 0.316231 -0.384871 0.867106 0.40083 -0.930001 -0.306257 0.203234 -0.504368 0.187338 -0.870678 -0.454779 0.485897 
1533764241487 0.0702724 0.864953 -0.496909 -0.500814 -0.990968 0.117566 0.0645021 -0.225427 0.114211 0.487888 0.865402 0.387728 0.316231 -0.384871 0.867106 0.40083 -0.930001 -0.306257 0.203234 -0.504368 0.187338 -0.870678 -0.454779 0.485897 
1533764242195 0.0741945 0.858612 -0.507228 -0.516265 -0.988098 0.132023 0.0789497 -0.225428 0.134753 0.495333 0.858188 0.391504 0.316231 -0.384871 0.867106 0.40083 -0.930001 -0.306257 0.203234 -0.504368 0.187338 -0.870678 -0.454779 0.485897 
1533764242201 0.0778562 0.852109 -0.517541 -0.531726 -0.984797 0.146589 0.0932041 -0.225447 0.155286 0.502417 0.850567 0.395303 0.316231 -0.384871 0.867106 0.40083 -0.930001 -0.306257 0.203234 -0.504368 0.187338 -0.870678 -0.454779 0.485897 
1533764243224 0.0812518 0.845448 -0.52784 -0.547209 -0.981067 0.161253 0.107262 -0.225494 0.1758 0.509132 0.842543 0.399123 0.316231 -0.384871 0.867106 0.40083 -0.930001 -0.306257 0.203234 -0.504368 0.187338 -0.870678 -0.454779 0.485897 
1533764243952 0.0843905 0.838633 -0.53812 -0.562689 -0.976911 0.176011 0.1211 -0.225539 0.196273 0.515476 0.834123 0.402943 0.316231 -0.384871 0.867106 0.40083 -0.930001 -0.306257 0.203234 -0.504368 0.187338 -0.870678 -0.454779 0.485897 
1533764244697 0.0872709 0.831666 -0.548376 -0.578165 -0.972331 0.190855 0.134709 -0.225581 0.216694 0.521447 0.82531 0.406763 0.316231 -0.384871 0.867106 0.40083 -0.930001 -0.306257 0.203234 -0.504368 0.187338 -0.870678 -0.454779 0.485897 
1533764245437 0.0898916 0.824551 -0.558602 -0.593637 -0.96733 0.205778 0.148083 -0.22562 0.237049 0.527041 0.81611 0.410585 0.316231 -0.384871 0.867106 0.40083 -0.930001 -0.306257 0.203234 -0.504368 0.187338 -0.870678 -0.454779 0.485897 
1533764246212 0.0925778 0.817051 -0.569084 -0.608026 -0.961923 0.221004 0.160818 -0.224666 0.257166 0.532526 0.8064 0.414772 0.316442 -0.385045 0.866951 0.401525 -0.929984 -0.306148 0.203478 -0.505625 0.187068 -0.87064 -0.454964 0.486487 
1533764247002 0.0929768 0.817221 -0.568776 -0.607651 -0.962093 0.220836 0.160027 -0.224862 0.256383 0.532336 0.806775 0.414541 0.316442 -0.385045 0.866951 0.401525 -0.929984 -0.306148 0.203478 -0.505625 0.187068 -0.87064 -0.454964 0.486487 
1533764247017 0.0931273 0.816495 -0.569792 -0.609348 -0.961511 0.222333 0.161446 -0.22495 0.258503 0.532826 0.805774 0.414908 0.316221 -0.384863 0.867113 0.400797 -0.930002 -0.306262 0.203223 -0.504308 0.187351 -0.87068 -0.45477 0.485869 
1533764247300 0.0932732 0.815769 -0.570807 -0.611049 -0.960924 0.223829 0.162865 -0.225041 0.260624 0.533312 0.804769 0.415273 0.316221 -0.384863 0.867113 0.400796 -0.930002 -0.306262 0.203223 -0.504306 0.187351 -0.87068 -0.45477 0.485868 
1533764247636 0.0934164 0.815041 -0.571822 -0.61275 -0.960333 0.225327 0.164281 -0.225133 0.262743 0.533793 0.80376 0.415639 0.31622 -0.384863 0.867113 0.400796 -0.930002 -0.306262 0.203222 -0.504306 0.187351 -0.87068 -0.454769 0.485868 
1533764247916 0.0935566 0.814313 -0.572837 -0.614451 -0.959737 0.226824 0.165695 -0.225225 0.264861 0.534271 0.802747 0.416004 0.31622 -0.384863 0.867113 0.400796 -0.930002 -0.306262 0.203222 -0.504305 0.187351 -0.87068 -0.45477 0.485867 
1533764248184 0.093694 0.813583 -0.57385 -0.616153 -0.959137 0.228323 0.167107 -0.225317 0.266978 0.534744 0.80173 0.41637 0.316221 -0.384863 0.867113 0.400795 -0.930002 -0.306262 0.203223 -0.504305 0.187351 -0.87068 -0.45477 0.485867 
1533764248461 0.0938286 0.812852 -0.574863 -0.617854 -0.958532 0.229822 0.168515 -0.225409 0.269094 0.535213 0.800709 0.416735 0.31622 -0.384863 0.867113 0.400795 -0.930002 -0.306262 0.203222 -0.504305 0.187352 -0.87068 -0.454769 0.485867 
1533764248741 0.0939609 0.81212 -0.575876 -0.619555 -0.957923 0.231322 0.169921 -0.2255 0.271209 0.535679 0.799683 0.417101 0.31622 -0.384863 0.867113 0.400795 -0.930002 -0.306262 0.203222 -0.504305 0.187352 -0.87068 -0.454769 0.485867 
1533764249017 0.0940899 0.811386 -0.576888 -0.621257 -0.95731 0.232822 0.171325 -0.225593 0.273323 0.53614 0.798654 0.417466 0.31622 -0.384863 0.867113 0.400795 -0.930002 -0.306262 0.203222 -0.504304 0.187352 -0.87068 -0.454769 0.485867 
1533764249023 0.0942166 0.810651 -0.5779 -0.622957 -0.956691 0.234323 0.172726 -0.225684 0.275435 0.536598 0.79762 0.417831 0.31622 -0.384863 0.867113 0.400795 -0.930002 -0.306262 0.203222 -0.504304 0.187352 -0.87068 -0.454769 0.485867 
1533764249436 0.0945948 0.810678 -0.577799 -0.6226 -0.95687 0.234187 0.17192 -0.225862 0.274685 0.536616 0.797867 0.417675 0.31622 -0.384863 0.867113 0.400795 -0.930002 -0.306262 0.203222 -0.504304 0.187352 -0.87068 -0.454769 0.485867 
1533764249443 0.0953643 0.811001 -0.577221 -0.622938 -0.956626 0.235013 0.172148 -0.225871 0.275266 0.535768 0.798237 0.417606 0.31622 -0.384863 0.867113 0.400795 -0.930002 -0.306262 0.203222 -0.504304 0.187351 -0.87068 -0.454769 0.485867 
1533764249583 0.096132 0.811322 -0.576641 -0.62328 -0.956382 0.235836 0.172378 -0.225884 0.275847 0.534918 0.798606 0.417537 0.31622 -0.384863 0.867113 0.400795 -0.930002 -0.306262 0.203222 -0.504304 0.187351 -0.87068 -0.454769 0.485867 
1533764249724 0.0968996 0.811643 -0.576061 -0.623624 -0.956137 0.236659 0.17261 -0.225899 0.276428 0.534067 0.798974 0.417466 0.31622 -0.384863 0.867113 0.400795 -0.930002 -0.306262 0.203222 -0.504304 0.187351 -0.87068 -0.454769 0.485867 
1533764249869 0.0976678 0.811962 -0.575481 -0.623967 -0.955891 0.237482 0.172841 -0.225912 0.277007 0.533216 0.799342 0.417396 0.31622 -0.384863 0.867113 0.400795 -0.930002 -0.306262 0.203222 -0.504304 0.187351 -0.87068 -0.454769 0.485867 
1533764250014 0.0984367 0.81228 -0.574901 -0.624309 -0.955645 0.238305 0.173073 -0.225925 0.277586 0.532364 0.799709 0.417326 0.31622 -0.384863 0.867113 0.400795 -0.930002 -0.306262 0.203222 -0.504304 0.187351 -0.87068 -0.454769 0.485867 
1533764250172 0.0992055 0.812597 -0.57432 -0.624653 -0.955397 0.239127 0.173306 -0.225939 0.278164 0.531511 0.800076 0.417256 0.31622 -0.384863 0.867113 0.400795 -0.930002 -0.306262 0.203222 -0.504304 0.187351 -0.87068 -0.454769 0.485867 
1533764250328 0.0999745 0.812913 -0.57374 -0.624997 -0.955149 0.239948 0.17354 -0.225953 0.278741 0.530657 0.800442 0.417186 0.31622 -0.384863 0.867113 0.400795 -0.930002 -0.306262 0.203222 -0.504304 0.187351 -0.87068 -0.454769 0.485867 
1533764250476 0.100744 0.813228 -0.573159 -0.625339 -0.954899 0.24077 0.173774 -0.225966 0.279317 0.529803 0.800807 0.417116 0.31622 -0.384863 0.867113 0.400795 -0.930002 -0.306262 0.203222 -0.504304 0.187351 -0.87068 -0.454769 0.485867 
1533764250634 0.101515 0.813541 -0.572578 -0.625681 -0.954649 0.241591 0.174008 -0.225979 0.279892 0.528947 0.801171 0.417046 0.31622 -0.384863 0.867113 0.400795 -0.930002 -0.306262 0.203222 -0.504304 0.187351 -0.87068 -0.454769 0.485867 
1533764250798 0.101074 0.813427 -0.572818 -0.625464 -0.954786 0.241114 0.17392 -0.22593 0.279585 0.52934 0.801019 0.417164 0.31622 -0.384863 0.867113 0.400795 -0.930002 -0.306262 0.203222 -0.504304 0.187351 -0.87068 -0.454769 0.485867 
1533764250813 0.1014 0.814213 -0.571642 -0.625395 -0.954668 0.241284 0.174328 -0.225967 0.279869 0.528052 0.80177 0.417034 0.31622 -0.384863 0.867113 0.400795 -0.930002 -0.306262 0.203222 -0.504304 0.187351 -0.87068 -0.45477 0.485867 
1533764250962 0.101724 0.814998 -0.570465 -0.625331 -0.954551 0.241453 0.174739 -0.226008 0.280152 0.526762 0.802519 0.416902 0.31622 -0.384863 0.867113 0.400795 -0.930002 -0.306262 0.203222 -0.504304 0.187351 -0.87068 -0.45477 0.485867 
1533764251129 0.102049 0.815782 -0.569286 -0.625266 -0.954433 0.24162 0.17515 -0.226049 0.280435 0.525471 0.803266 0.416771 0.31622 -0.384863 0.867113 0.400795 -0.930002 -0.306262 0.203222 -0.504304 0.187351 -0.87068 -0.45477 0.485867 
1533764251297 0.102374 0.816563 -0.568106 -0.625203 -0.954315 0.241787 0.175561 -0.226091 0.280718 0.524179 0.804011 0.416639 0.31622 -0.384863 0.867113 0.400795 -0.930002 -0.306262 0.203222 -0.504304 0.187351 -0.87068 -0.45477 0.485867 
1533764251464 0.102699 0.817343 -0.566925 -0.625139 -0.954197 0.241953 0.175973 -0.226133 0.281 0.522885 0.804755 0.416507 0.31622 -0.384863 0.867113 0.400795 -0.930002 -0.306262 0.203222 -0.504304 0.187351 -0.87068 -0.45477 0.485867 
1533764251704 0.103025 0.818121 -0.565742 -0.625076 -0.954079 0.242119 0.176385 -0.226175 0.281281 0.521591 0.805496 0.416375 0.31622 -0.384863 0.867113 0.400795 -0.930002 -0.306262 0.203222 -0.504304 0.187351 -0.87068 -0.45477 0.485867 
1533764251871 0.103351 0.818896 -0.564559 -0.625011 -0.953961 0.242284 0.176797 -0.226216 0.281562 0.520295 0.806235 0.416244 0.31622 -0.384863 0.867113 0.400795 -0.930002 -0.306262 0.203222 -0.504304 0.187351 -0.87068 -0.45477 0.485867 
1533764252035 0.103678 0.819671 -0.563375 -0.624948 -0.953843 0.242448 0.17721 -0.226258 0.281843 0.518998 0.806973 0.416112 0.31622 -0.384863 0.867113 0.400795 -0.930002 -0.306262 0.203222 -0.504304 0.187351 -0.87068 -0.45477 0.485867 
1533764252200 0.104005 0.820443 -0.562189 -0.624884 -0.953724 0.242612 0.177622 -0.226299 0.282123 0.5177 0.807709 0.41598 0.31622 -0.384863 0.867113 0.400795 -0.930002 -0.306262 0.203222 -0.504304 0.187351 -0.87068 -0.45477 0.485867 
1533764252382 0.103799 0.820006 -0.562864 -0.624889 -0.95381 0.242473 0.177351 -0.226315 0.281908 0.518457 0.807298 0.416016 0.31622 -0.384863 0.867113 0.400795 -0.930002 -0.306262 0.203222 -0.504304 0.187351 -0.87068 -0.45477 0.485867 
1533764252395 0.103252 0.819797 -0.563269 -0.624785 -0.953816 0.242211 0.177679 -0.226463 0.28209 0.518909 0.806944 0.416055 0.31622 -0.384863 0.867113 0.400795 -0.930002 -0.306262 0.203222 -0.504304 0.187351 -0.87068 -0.45477 0.485867 
1533764252529 0.102703 0.819589 -0.563672 -0.624682 -0.953821 0.241948 0.178008 -0.226614 0.282273 0.51936 0.806589 0.416093 0.31622 -0.384863 0.867113 0.400795 -0.930002 -0.306262 0.203222 -0.504304 0.187351 -0.87068 -0.45477 0.485867 
1533764252581 0.102153 0.81938 -0.564075 -0.624579 -0.953826 0.241686 0.178338 -0.226765 0.282456 0.519811 0.806235 0.416131 0.31622 -0.384863 0.867113 0.400795 -0.930002 -0.306262 0.203222 -0.504304 0.187351 -0.87068 -0.45477 0.485867 
1533764252587 0.101603 0.819172 -0.564477 -0.624476 -0.95383 0.241423 0.178669 -0.226917 0.282638 0.520262 0.80588 0.416169 0.31622 -0.384863 0.867113 0.400795 -0.930002 -0.306262 0.203222 -0.504304 0.187351 -0.87068 -0.45477 0.485867 
1533764252720 0.101053 0.818963 -0.564879 -0.624374 -0.953835 0.24116 0.178999 -0.227069 0.28282 0.520713 0.805525 0.416207 0.31622 -0.384863 0.867113 0.400795 -0.930002 -0.306262 0.203222 -0.504304 0.187351 -0.87068 -0.45477 0.485867 
1533764252774 0.100504 0.818753 -0.565281 -0.624271 -0.953839 0.240898 0.179329 -0.22722 0.283002 0.521164 0.80517 0.416245 0.31622 -0.384863 0.867113 0.400795 -0.930002 -0.306262 0.203222 -0.504304 0.187351 -0.87068 -0.45477 0.485867 
1533764252877 0.0999536 0.818543 -0.565682 -0.62417 -0.953843 0.240636 0.17966 -0.227373 0.283183 0.521614 0.804814 0.416282 0.31622 -0.384863 0.867113 0.400795 -0.930002 -0.306262 0.203222 -0.504304 0.187351 -0.87068 -0.45477 0.485867 
1533764252955 0.0994038 0.818333 -0.566083 -0.624067 -0.953847 0.240374 0.179991 -0.227524 0.283364 0.522065 0.804459 0.41632 0.31622 -0.384863 0.867113 0.400795 -0.930002 -0.306262 0.203222 -0.504304 0.187351 -0.87068 -0.45477 0.485867 
1533764253038 0.0988533 0.818123 -0.566483 -0.623966 -0.95385 0.240112 0.180322 -0.227676 0.283545 0.522515 0.804102 0.416358 0.31622 -0.384863 0.867113 0.400795 -0.930002 -0.306262 0.203222 -0.504304 0.187351 -0.87068 -0.45477 0.485867 
1533764253133 0.0995813 0.818285 -0.566121 -0.624082 -0.953833 0.240518 0.17987 -0.227558 0.283348 0.522074 0.804458 0.416293 0.31622 -0.384863 0.867113 0.400795 -0.930002 -0.306262 0.203222 -0.504304 0.187351 -0.87068 -0.45477 0.485867 
1533764253145 0.0992414 0.818477 -0.565904 -0.623942 -0.95383 0.240264 0.180226 -0.227756 0.283477 0.52189 0.804532 0.416247 0.31622 -0.384863 0.867113 0.400795 -0.930002 -0.306262 0.203222 -0.504304 0.187351 -0.87068 -0.45477 0.485867 
1533764253162 0.0989003 0.81867 -0.565685 -0.623807 -0.953827 0.240008 0.180583 -0.227959 0.283607 0.521705 0.804606 0.416199 0.31622 -0.384863 0.867113 0.400795 -0.930002 -0.306262 0.203222 -0.504304 0.187351 -0.87068 -0.45477 0.485867 
1533764253297 0.0985589 0.818862 -0.565465 -0.623673 -0.953824 0.239751 0.180941 -0.228163 0.283736 0.52152 0.80468 0.416151 0.31622 -0.384863 0.867113 0.400795 -0.930002 -0.306262 0.203222 -0.504304 0.187351 -0.87068 -0.45477 0.485867 
1533764253408 0.0982177 0.819055 -0.565245 -0.623538 -0.95382 0.239495 0.181298 -0.228366 0.283866 0.521336 0.804754 0.416103 0.31622 -0.384863 0.867113 0.400795 -0.930002 -0.306262 0.203222 -0.504304 0.187351 -0.87068 -0.45477 0.485867 
1533764253522 0.0978769 0.819247 -0.565026 -0.623403 -0.953817 0.239239 0.181654 -0.228568 0.283996 0.521151 0.804828 0.416056 0.31622 -0.384863 0.867113 0.400795 -0.930002 -0.306262 0.203222 -0.504304 0.187351 -0.87068 -0.45477 0.485867 
1533764253642 0.0975356 0.81944 -0.564806 -0.623268 -0.953813 0.238982 0.182011 -0.228771 0.284125 0.520966 0.804902 0.416008 0.31622 -0.384863 0.867113 0.400795 -0.930002 -0.306262 0.203222 -0.504304 0.187351 -0.87068 -0.45477 0.485867 
1533764253770 0.0971947 0.819632 -0.564586 -0.623133 -0.953809 0.238726 0.182367 -0.228973 0.284255 0.520782 0.804975 0.41596 0.31622 -0.384863 0.867113 0.400795 -0.930002 -0.306262 0.203222 -0.504304 0.187351 -0.87068 -0.45477 0.485867 
1533764253775 0.0968534 0.819824 -0.564365 -0.622999 -0.953805 0.238469 0.182724 -0.229177 0.284385 0.520597 0.805049 0.415912 0.31622 -0.384863 0.867113 0.400795 -0.930002 -0.306262 0.203222 -0.504304 0.187351 -0.87068 -0.45477 0.485867 
1533764253962 0.0965126 0.820016 -0.564145 -0.622863 -0.953801 0.238212 0.183081 -0.229379 0.284515 0.520412 0.805122 0.415864 0.31622 -0.384863 0.867113 0.400795 -0.930002 -0.306262 0.203222 -0.504304 0.187351 -0.87068 -0.45477 0.485867 
1533764254099 0.0968971 0.819824 -0.564358 -0.62295 -0.953744 0.238606 0.182862 -0.229252 0.284574 0.520535 0.805022 0.415909 0.31622 -0.384863 0.867113 0.400795 -0.930002 -0.306262 0.203222 -0.504304 0.187351 -0.87068 -0.45477 0.485867 
1533764254110 0.0965249 0.819831 -0.564412 -0.622673 -0.953801 0.23828 0.182993 -0.229345 0.284511 0.520673 0.804955 0.415916 0.31622 -0.384863 0.867113 0.400795 -0.930002 -0.306262 0.203222 -0.504304 0.187351 -0.87068 -0.45477 0.485867 
1533764254127 0.0961534 0.819837 -0.564467 -0.622391 -0.953857 0.237954 0.183123 -0.229435 0.284448 0.520813 0.804887 0.415924 0.31622 -0.384863 0.867113 0.400795 -0.930002 -0.306262 0.203222 -0.504304 0.187351 -0.87068 -0.45477 0.485867 
1533764254271 0.0957818 0.819842 -0.564522 -0.62211 -0.953913 0.237629 0.183254 -0.229525 0.284386 0.520952 0.804819 0.415932 0.31622 -0.384863 0.867113 0.400795 -0.930002 -0.306262 0.203222 -0.504304 0.187351 -0.87068 -0.45477 0.485867 
1533764254325 0.0954104 0.819848 -0.564576 -0.621828 -0.953969 0.237304 0.183384 -0.229615 0.284323 0.521092 0.804751 0.41594 0.31622 -0.384863 0.867113 0.400795 -0.930002 -0.306262 0.203222 -0.504304 0.187351 -0.87068 -0.45477 0.485867 
1533764254437 0.0950391 0.819853 -0.564631 -0.621546 -0.954025 0.236978 0.183514 -0.229704 0.28426 0.521232 0.804683 0.415948 0.31622 -0.384863 0.867113 0.400795 -0.930002 -0.306262 0.203222 -0.504304 0.187351 -0.87068 -0.45477 0.485867 
1533764254492 0.0946675 0.819858 -0.564686 -0.621266 -0.954081 0.236653 0.183644 -0.229795 0.284197 0.521371 0.804614 0.415956 0.31622 -0.384863 0.867113 0.400795 -0.930002 -0.306262 0.203222 -0.504304 0.187351 -0.87068 -0.45477 0.485867 
1533764254597 0.0942963 0.819863 -0.564741 -0.620983 -0.954136 0.236328 0.183774 -0.229884 0.284134 0.521511 0.804546 0.415964 0.31622 -0.384863 0.867113 0.400795 -0.930002 -0.306262 0.203222 -0.504304 0.187351 -0.87068 -0.45477 0.485867 
1533764254663 0.0939246 0.819868 -0.564796 -0.620702 -0.954192 0.236002 0.183905 -0.229974 0.284071 0.52165 0.804478 0.415972 0.31622 -0.384863 0.867113 0.400795 -0.930002 -0.306262 0.203222 -0.504304 0.187351 -0.87068 -0.45477 0.485867 
1533764254762 0.0935535 0.819873 -0.56485 -0.62042 -0.954247 0.235677 0.184035 -0.230063 0.284007 0.52179 0.80441 0.41598 0.31622 -0.384863 0.867113 0.400795 -0.930002 -0.306262 0.203222 -0.504304 0.187351 -0.87068 -0.45477 0.485867 
1533764254830 0.0940463 0.819939 -0.564673 -0.620758 -0.954167 0.236098 0.183912 -0.229908 0.284115 0.521496 0.804562 0.416032 0.31622 -0.384863 0.867113 0.400795 -0.930002 -0.306262 0.203222 -0.504304 0.187351 -0.87068 -0.45477 0.485867 
1533764254842 0.0936921 0.82002 -0.564614 -0.620488 -0.954166 0.235861 0.18422 -0.229986 0.284234 0.521475 0.804534 0.416063 0.31622 -0.384863 0.867113 0.400795 -0.930002 -0.306262 0.203222 -0.504304 0.187351 -0.87068 -0.45477 0.485867 
1533764254858 0.0933371 0.820101 -0.564556 -0.620212 -0.954165 0.235624 0.184528 -0.230063 0.284354 0.521456 0.804504 0.416092 0.31622 -0.384863 0.867113 0.400795 -0.930002 -0.306262 0.203222 -0.504304 0.187351 -0.87068 -0.45477 0.485867 
1533764254909 0.0929824 0.820181 -0.564497 -0.619938 -0.954164 0.235386 0.184835 -0.23014 0.284473 0.521436 0.804474 0.416122 0.31622 -0.384863 0.867113 0.400795 -0.930002 -0.306262 0.203222 -0.504304 0.187351 -0.87068 -0.45477 0.485867 
1533764254995 0.0926278 0.820262 -0.564439 -0.619662 -0.954163 0.235149 0.185143 -0.230217 0.284593 0.521417 0.804445 0.416153 0.31622 -0.384863 0.867113 0.400795 -0.930002 -0.306262 0.203222 -0.504304 0.187351 -0.87068 -0.45477 0.485867 
1533764255050 0.0922731 0.820342 -0.56438 -0.619388 -0.954162 0.234912 0.185451 -0.230294 0.284713 0.521397 0.804415 0.416183 0.31622 -0.384863 0.867113 0.400795 -0.930002 -0.306262 0.203222 -0.504304 0.187351 -0.87068 -0.45477 0.485867 
1533764255145 0.0919186 0.820422 -0.564321 -0.619112 -0.95416 0.234675 0.185758 -0.23037 0.284832 0.521378 0.804385 0.416213 0.31622 -0.384863 0.867113 0.400795 -0.930002 -0.306262 0.203222 -0.504304 0.187351 -0.87068 -0.45477 0.485867 
1533764255208 0.091564 0.820503 -0.564262 -0.618838 -0.954159 0.234437 0.186066 -0.230447 0.284952 0.521358 0.804356 0.416244 0.31622 -0.384863 0.867113 0.400795 -0.930002 -0.306262 0.203222 -0.504304 0.187351 -0.87068 -0.45477 0.485867 
1533764255293 0.0912096 0.820582 -0.564203 -0.618562 -0.954157 0.2342 0.186373 -0.230523 0.285071 0.521339 0.804326 0.416274 0.31622 -0.384863 0.867113 0.400795 -0.930002 -0.306262 0.203222 -0.504304 0.187351 -0.87068 -0.45477 0.485867 
1533764255369 0.090855 0.820663 -0.564144 -0.618287 -0.954155 0.233963 0.186681 -0.2306 0.285191 0.52132 0.804296 0.416304 0.31622 -0.384863 0.867113 0.400795 -0.930002 -0.306262 0.203222 -0.504304 0.187351 -0.87068 -0.45477 0.485867 
1533764255457 0.091432 0.820573 -0.564181 -0.618659 -0.954156 0.234338 0.186202 -0.230513 0.285001 0.521292 0.804381 0.416246 0.31622 -0.384863 0.867113 0.400795 -0.930002 -0.306262 0.203222 -0.504304 0.187351 -0.87068 -0.45477 0.485867 
1533764255471 0.0909094 0.820641 -0.564166 -0.618435 -0.954112 0.234082 0.186752 -0.230555 0.285318 0.5213 0.804264 0.416287 0.31622 -0.384863 0.867113 0.400795 -0.930002 -0.306262 0.203222 -0.504304 0.187351 -0.87068 -0.45477 0.485867 
1533764255486 0.0903863 0.82071 -0.56415 -0.61821 -0.954067 0.233824 0.187304 -0.230599 0.285634 0.521307 0.804147 0.416327 0.31622 -0.384863 0.867113 0.400795 -0.930002 -0.306262 0.203222 -0.504304 0.187351 -0.87068 -0.45477 0.485867 
1533764255510 0.0898628 0.820779 -0.564134 -0.617985 -0.954021 0.233567 0.187855 -0.230644 0.285951 0.521315 0.804029 0.416366 0.31622 -0.384863 0.867113 0.400795 -0.930002 -0.306262 0.203222 -0.504304 0.187351 -0.87068 -0.45477 0.485867 
1533764255628 0.0893393 0.820847 -0.564117 -0.61776 -0.953976 0.233309 0.188407 -0.230689 0.286267 0.521322 0.803912 0.416405 0.31622 -0.384863 0.867113 0.400795 -0.930002 -0.306262 0.203222 -0.504304 0.187351 -0.87068 -0.45477 0.485867 
1533764255692 0.0888162 0.820916 -0.5641 -0.617536 -0.95393 0.233052 0.188958 -0.230734 0.286584 0.521329 0.803794 0.416445 0.31622 -0.384863 0.867113 0.400795 -0.930002 -0.306262 0.203222 -0.504304 0.187351 -0.87068 -0.45477 0.485867 
1533764255698 0.0882926 0.820984 -0.564083 -0.617312 -0.953883 0.232794 0.18951 -0.230779 0.2869 0.521337 0.803677 0.416484 0.31622 -0.384863 0.867113 0.400795 -0.930002 -0.306262 0.203222 -0.504304 0.187351 -0.87068 -0.45477 0.485867 
1533764255823 0.0877694 0.821052 -0.564066 -0.617087 -0.953836 0.232537 0.190061 -0.230824 0.287216 0.521345 0.803559 0.416524 0.31622 -0.384863 0.867113 0.400795 -0.930002 -0.306262 0.203222 -0.504304 0.187351 -0.87068 -0.45477 0.485867 
1533764255887 0.0872462 0.82112 -0.564048 -0.616862 -0.953789 0.232279 0.190613 -0.230868 0.287532 0.521352 0.803441 0.416564 0.31622 -0.384863 0.867113 0.400795 -0.930002 -0.306262 0.203222 -0.504304 0.187351 -0.87068 -0.45477 0.485867 
1533764255976 0.0867224 0.821188 -0.56403 -0.616639 -0.953741 0.232021 0.191164 -0.230914 0.287849 0.52136 0.803322 0.416603 0.31622 -0.384863 0.867113 0.400795 -0.930002 -0.306262 0.203222 -0.504304 0.187351 -0.87068 -0.45477 0.485867 
1533764256038 0.0876498 0.821109 -0.564002 -0.616944 -0.953837 0.232443 0.190172 -0.23097 0.287251 0.521297 0.803577 0.416569 0.31622 -0.384863 0.867113 0.400795 -0.930002 -0.306262 0.203222 -0.504304 0.187351 -0.87068 -0.45477 0.485867 
1533764256050 0.0875768 0.821088 -0.564044 -0.616785 -0.953917 0.232259 0.189993 -0.230991 0.287005 0.521412 0.80359 0.416598 0.31622 -0.384863 0.867113 0.400795 -0.930002 -0.306262 0.203222 -0.504304 0.187351 -0.87068 -0.45477 0.485867 
1533764256069 0.0875048 0.821065 -0.564088 -0.616622 -0.953998 0.232077 0.189812 -0.231009 0.28676 0.52153 0.803602 0.416627 0.31622 -0.384863 0.867113 0.400795 -0.930002 -0.306262 0.203222 -0.504304 0.187351 -0.87068 -0.45477 0.485867 
1533764256083 0.0874327 0.821042 -0.564133 -0.616459 -0.954078 0.231894 0.189631 -0.231026 0.286514 0.521647 0.803613 0.416657 0.31622 -0.384863 0.867113 0.400795 -0.930002 -0.306262 0.203222 -0.504304 0.187351 -0.87068 -0.45477 0.485867 
1533764256225 0.0873609 0.821019 -0.564177 -0.616295 -0.954159 0.231711 0.18945 -0.231043 0.286268 0.521764 0.803625 0.416687 0.31622 -0.384863 0.867113 0.400795 -0.930002 -0.306262 0.203222 -0.504304 0.187351 -0.87068 -0.45477 0.485867 
1533764256244 0.0872892 0.820996 -0.564222 -0.616131 -0.954239 0.231529 0.189268 -0.23106 0.286022 0.521881 0.803636 0.416717 0.31622 -0.384863 0.867113 0.400795 -0.930002 -0.306262 0.203222 -0.504304 0.187351 -0.87068 -0.45477 0.485867 
1533764256325 0.0872175 0.820973 -0.564266 -0.615967 -0.954319 0.231346 0.189087 -0.231077 0.285776 0.521998 0.803648 0.416747 0.31622 -0.384863 0.867113 0.400795 -0.930002 -0.306262 0.203222 -0.504304 0.187351 -0.87068 -0.45477 0.485867 
1533764256399 0.0871454 0.82095 -0.56431 -0.615804 -0.954399 0.231163 0.188906 -0.231094 0.28553 0.522115 0.803659 0.416777 0.31622 -0.384863 0.867113 0.400795 -0.930002 -0.306262 0.203222 -0.504304 0.187351 -0.87068 -0.45477 0.485867 
1533764256447 0.0870734 0.820928 -0.564355 -0.615642 -0.954479 0.23098 0.188725 -0.231112 0.285285 0.522232 0.803671 0.416806 0.31622 -0.384863 0.867113 0.400795 -0.930002 -0.306262 0.203222 -0.504304 0.187351 -0.87068 -0.45477 0.485867 
1533764256500 0.0870019 0.820904 -0.564399 -0.615477 -0.954559 0.230797 0.188544 -0.231128 0.285038 0.522349 0.803682 0.416837 0.31622 -0.384863 0.867113 0.400795 -0.930002 -0.306262 0.203222 -0.504304 0.187351 -0.87068 -0.45477 0.485867 
1533764256588 0.0869813 0.820963 -0.564317 -0.615789 -0.954435 0.230993 0.188934 -0.231032 0.285461 0.52217 0.803648 0.416793 0.31622 -0.384863 0.867113 0.400795 -0.930002 -0.306262 0.203222 -0.504304 0.187351 -0.87068 -0.45477 0.485867 
1533764256601 0.0867493 0.820678 -0.564768 -0.615653 -0.954542 0.230751 0.18869 -0.231038 0.285174 0.522725 0.803389 0.416867 0.31622 -0.384863 0.867113 0.400795 -0.930002 -0.306262 0.203222 -0.504304 0.187351 -0.87068 -0.45477 0.485867 
1533764256618 0.0865196 0.820391 -0.56522 -0.615511 -0.954649 0.23051 0.188444 -0.231038 0.284887 0.523282 0.803128 0.416942 0.31622 -0.384863 0.867113 0.400795 -0.930002 -0.306262 0.203222 -0.504304 0.187351 -0.87068 -0.45477 0.485867 
1533764256755 0.0862896 0.820103 -0.565672 -0.615371 -0.954755 0.230269 0.188199 -0.23104 0.2846 0.523838 0.802868 0.417017 0.31622 -0.384863 0.867113 0.400795 -0.930002 -0.306262 0.203222 -0.504304 0.187351 -0.87068 -0.45477 0.485867 
1533764256815 0.08606 0.819816 -0.566124 -0.615229 -0.954861 0.230028 0.187954 -0.23104 0.284312 0.524394 0.802607 0.417093 0.31622 -0.384863 0.867113 0.400795 -0.930002 -0.306262 0.203222 -0.504304 0.187351 -0.87068 -0.45477 0.485867 
1533764256914 0.0858306 0.819528 -0.566575 -0.615088 -0.954968 0.229787 0.187709 -0.231041 0.284024 0.52495 0.802345 0.417168 0.31622 -0.384863 0.867113 0.400795 -0.930002 -0.306262 0.203222 -0.504304 0.187351 -0.87068 -0.45477 0.485867 
1533764256980 0.0856009 0.819239 -0.567027 -0.614948 -0.955074 0.229545 0.187464 -0.231043 0.283736 0.525505 0.802083 0.417243 0.31622 -0.384863 0.867113 0.400795 -0.930002 -0.306262 0.203222 -0.504304 0.187351 -0.87068 -0.45477 0.485867 
1533764257077 0.085372 0.81895 -0.567478 -0.614806 -0.95518 0.229304 0.187219 -0.231043 0.283448 0.526061 0.801821 0.417319 0.31622 -0.384863 0.867113 0.400795 -0.930002 -0.306262 0.203222 -0.504304 0.187351 -0.87068 -0.45477 0.485867 
1533764257085 0.0851427 0.818662 -0.567929 -0.614665 -0.955286 0.229062 0.186975 -0.231045 0.28316 0.526616 0.801559 0.417394 0.31622 -0.384863 0.867113 0.400795 -0.930002 -0.306262 0.203222 -0.504304 0.187351 -0.87068 -0.45477 0.485867 
1533764257242 0.0849141 0.818372 -0.568381 -0.614524 -0.955392 0.22882 0.18673 -0.231045 0.282871 0.52717 0.801296 0.417469 0.31622 -0.384863 0.867113 0.400795 -0.930002 -0.306262 0.203222 -0.504304 0.187351 -0.87068 -0.45477 0.485867 
1533764257302 0.0851312 0.818684 -0.567898 -0.61473 -0.955256 0.229103 0.187077 -0.231057 0.283264 0.526562 0.801557 0.417366 0.31622 -0.384863 0.867113 0.400795 -0.930002 -0.306262 0.203222 -0.504304 0.187351 -0.87068 -0.45477 0.485867 
1533764257316 0.0851016 0.818808 -0.567724 -0.614639 -0.955272 0.229014 0.187104 -0.231065 0.283219 0.526408 0.801674 0.417365 0.31622 -0.384863 0.867113 0.400795 -0.930002 -0.306262 0.203222 -0.504304 0.187351 -0.87068 -0.45477 0.485867 
1533764257331 0.0850709 0.818933 -0.567549 -0.614544 -0.955288 0.228925 0.187132 -0.231074 0.283175 0.526253 0.801791 0.417362 0.31622 -0.384863 0.867113 0.400795 -0.930002 -0.306262 0.203222 -0.504304 0.187351 -0.87068 -0.45477 0.485867 
1533764257348 0.0850405 0.819057 -0.567374 -0.614449 -0.955304 0.228835 0.18716 -0.231084 0.28313 0.526099 0.801909 0.41736 0.31622 -0.384863 0.867113 0.400795 -0.930002 -0.306262 0.203222 -0.504304 0.187351 -0.87068 -0.45477 0.485867 
1533764257366 0.0850094 0.819182 -0.567199 -0.614356 -0.95532 0.228746 0.187189 -0.231093 0.283086 0.525944 0.802026 0.417358 0.31622 -0.384863 0.867113 0.400795 -0.930002 -0.306262 0.203222 -0.504304 0.187351 -0.87068 -0.45477 0.485867 
1533764257516 0.0849787 0.819306 -0.567024 -0.614262 -0.955336 0.228657 0.187217 -0.231101 0.283042 0.525789 0.802143 0.417356 0.31622 -0.384863 0.867113 0.400795 -0.930002 -0.306262 0.203222 -0.504304 0.187351 -0.87068 -0.45477 0.485867 
1533764257533 0.0849481 0.81943 -0.566849 -0.614166 -0.955351 0.228567 0.187245 -0.231111 0.282997 0.525634 0.80226 0.417353 0.31622 -0.384863 0.867113 0.400795 -0.930002 -0.306262 0.203222 -0.504304 0.187351 -0.87068 -0.45477 0.485867 
1533764257550 0.0849175 0.819555 -0.566674 -0.614072 -0.955367 0.228478 0.187273 -0.23112 0.282953 0.525479 0.802378 0.41735 0.31622 -0.384863 0.867113 0.400795 -0.930002 -0.306262 0.203222 -0.504304 0.187351 -0.87068 -0.45477 0.485867 
1533764257566 0.0848868 0.819679 -0.566499 -0.613978 -0.955383 0.228388 0.187301 -0.231129 0.282908 0.525324 0.802495 0.417348 0.31622 -0.384863 0.867113 0.400795 -0.930002 -0.306262 0.203222 -0.504304 0.187351 -0.87068 -0.45477 0.485867 
1533764257582 0.0848554 0.819803 -0.566324 -0.613882 -0.955399 0.228299 0.18733 -0.231138 0.282864 0.525169 0.802611 0.417345 0.31622 -0.384863 0.867113 0.400795 -0.930002 -0.306262 0.203222 -0.504304 0.187351 -0.87068 -0.45477 0.485867 
1533764257631 0.0849526 0.819212 -0.567164 -0.614331 -0.955326 0.22869 0.187227 -0.23108 0.283083 0.525921 0.802042 0.417291 0.31622 -0.384863 0.867113 0.400795 -0.930002 -0.306262 0.203222 -0.504304 0.187351 -0.87068 -0.45477 0.485867 
1533764257643 0.084498 0.819109 -0.567381 -0.614221 -0.955266 0.228555 0.187693 -0.231113 0.283418 0.52614 0.801779 0.417342 0.31622 -0.384863 0.867113 0.400795 -0.930002 -0.306262 0.203222 -0.504304 0.187351 -0.87068 -0.45477 0.485867 
1533764257661 0.0840418 0.819006 -0.567597 -0.61411 -0.955207 0.228419 0.18816 -0.231149 0.283754 0.526359 0.801517 0.417391 0.31622 -0.384863 0.867113 0.400795 -0.930002 -0.306262 0.203222 -0.504304 0.187351 -0.87068 -0.45477 0.485867 
1533764257794 0.0835852 0.818904 -0.567812 -0.614 -0.955147 0.228283 0.188629 -0.231186 0.28409 0.526577 0.801255 0.41744 0.31622 -0.384863 0.867113 0.400795 -0.930002 -0.306262 0.203222 -0.504304 0.187351 -0.87068 -0.45477 0.485867 
1533764257811 0.0831283 0.818801 -0.568027 -0.613889 -0.955087 0.228147 0.189097 -0.231223 0.284426 0.526796 0.800992 0.417489 0.31622 -0.384863 0.867113 0.400795 -0.930002 -0.306262 0.203222 -0.504304 0.187351 -0.87068 -0.45477 0.485867 
1533764257915 0.0826714 0.818699 -0.568241 -0.613779 -0.955027 0.228011 0.189565 -0.231261 0.284762 0.527014 0.800729 0.417538 0.31622 -0.384863 0.867113 0.400795 -0.930002 -0.306262 0.203222 -0.504304 0.187351 -0.87068 -0.45477 0.485867 
1533764257959 0.0822148 0.818596 -0.568456 -0.613669 -0.954966 0.227875 0.190033 -0.231297 0.285097 0.527233 0.800466 0.417587 0.31622 -0.384863 0.867113 0.400795 -0.930002 -0.306262 0.203222 -0.504304 0.187351 -0.87068 -0.45477 0.485867 
1533764258024 0.0817582 0.818492 -0.56867 -0.613558 -0.954905 0.22774 0.190501 -0.231333 0.285432 0.527451 0.800202 0.417637 0.31622 -0.384863 0.867113 0.400795 -0.930002 -0.306262 0.203222 -0.504304 0.187351 -0.87068 -0.45477 0.485867 
1533764258030 0.0813008 0.81839 -0.568884 -0.613448 -0.954844 0.227604 0.190969 -0.231371 0.285767 0.527669 0.799939 0.417685 0.31622 -0.384863 0.867113 0.400795 -0.930002 -0.306262 0.203222 -0.504304 0.187351 -0.87068 -0.45477 0.485867 
1533764258137 0.0808439 0.818286 -0.569097 -0.613338 -0.954783 0.227469 0.191437 -0.231407 0.286102 0.527888 0.799675 0.417735 0.31622 -0.384863 0.867113 0.400795 -0.930002 -0.306262 0.203222 -0.504304 0.187351 -0.87068 -0.45477 0.485867 
1533764258202 0.0816335 0.818423 -0.568788 -0.613506 -0.954905 0.227687 0.190567 -0.231368 0.28547 0.527581 0.800103 0.417594 0.31622 -0.384863 0.867113 0.400795 -0.930002 -0.306262 0.203222 -0.504304 0.187351 -0.87068 -0.45477 0.485867 
1533764258213 0.0815018 0.818475 -0.568732 -0.613429 -0.954899 0.227598 0.1907 -0.231389 0.285526 0.52754 0.80011 0.417604 0.31622 -0.384863 0.867113 0.400795 -0.930002 -0.306262 0.203222 -0.504304 0.187351 -0.87068 -0.45477 0.485867 
1533764258230 0.0813678 0.818527 -0.568676 -0.613349 -0.954894 0.227508 0.190836 -0.231415 0.285583 0.527497 0.800118 0.417611 0.31622 -0.384863 0.867113 0.400795 -0.930002 -0.306262 0.203222 -0.504304 0.187351 -0.87068 -0.45477 0.485867 
1533764258246 0.0812349 0.818579 -0.56862 -0.613271 -0.954888 0.227418 0.19097 -0.231438 0.285639 0.527455 0.800126 0.417619 0.31622 -0.384863 0.867113 0.400795 -0.930002 -0.306262 0.203222 -0.504304 0.187351 -0.87068 -0.45477 0.485867 
1533764258263 0.081101 0.818632 -0.568564 -0.613192 -0.954883 0.227328 0.191106 -0.231464 0.285695 0.527413 0.800134 0.417627 0.31622 -0.384863 0.867113 0.400795 -0.930002 -0.306262 0.203222 -0.504304 0.187351 -0.87068 -0.45477 0.485867 
1533764258279 0.0809672 0.818684 -0.568507 -0.613114 -0.954877 0.227237 0.191241 -0.231489 0.285752 0.52737 0.800142 0.417634 0.31622 -0.384863 0.867113 0.400795 -0.930002 -0.306262 0.203222 -0.504304 0.187351 -0.87068 -0.45477 0.485867 
1533764258296 0.0808339 0.818736 -0.568451 -0.613036 -0.954871 0.227147 0.191376 -0.231513 0.285808 0.527328 0.800149 0.417642 0.31622 -0.384863 0.867113 0.400795 -0.930002 -0.306262 0.203222 -0.504304 0.187351 -0.87068 -0.45477 0.485867 
1533764258313 0.0807 0.818789 -0.568394 -0.612958 -0.954866 0.227057 0.191511 -0.231539 0.285865 0.527285 0.800157 0.417649 0.31622 -0.384863 0.867113 0.400795 -0.930002 -0.306262 0.203222 -0.504304 0.187351 -0.87068 -0.45477 0.485867 
1533764258329 0.0805666 0.818841 -0.568338 -0.61288 -0.95486 0.226967 0.191646 -0.231564 0.285921 0.527243 0.800165 0.417657 0.31622 -0.384863 0.867113 0.400795 -0.930002 -0.306262 0.203222 -0.504304 0.187351 -0.87068 -0.45477 0.485867 
1533764258432 0.0804333 0.818893 -0.568282 -0.612801 -0.954855 0.226876 0.191781 -0.231588 0.285978 0.527201 0.800173 0.417665 0.31622 -0.384863 0.867113 0.400795 -0.930002 -0.306262 0.203222 -0.504304 0.187351 -0.87068 -0.45477 0.485867 
1533764258458 0.0811104 0.818716 -0.568441 -0.613044 -0.954867 0.227334 0.191176 -0.23156 0.285744 0.527279 0.800204 0.41764 0.31622 -0.384863 0.867113 0.400795 -0.930002 -0.306262 0.203222 -0.504304 0.187351 -0.87068 -0.45477 0.485867 
1533764258472 0.0810338 0.81865 -0.568548 -0.612984 -0.954892 0.227263 0.191136 -0.231575 0.285684 0.527413 0.800138 0.417658 0.31622 -0.384863 0.867113 0.400795 -0.930002 -0.306262 0.203222 -0.504304 0.187351 -0.87068 -0.45477 0.485867 
1533764258478 0.0809591 0.818582 -0.568655 -0.612917 -0.954917 0.227194 0.191095 -0.231584 0.285622 0.527548 0.800071 0.417678 0.31622 -0.384863 0.867113 0.400795 -0.930002 -0.306262 0.203222 -0.504304 0.187351 -0.87068 -0.45477 0.485867 
1533764258492 0.080884 0.818515 -0.568763 -0.612852 -0.954941 0.227124 0.191055 -0.231594 0.285561 0.527682 0.800004 0.417697 0.31622 -0.384863 0.867113 0.400795 -0.930002 -0.306262 0.203222 -0.504304 0.187351 -0.87068 -0.45477 0.485867 
1533764258509 0.0808091 0.818448 -0.56887 -0.612786 -0.954966 0.227054 0.191014 -0.231604 0.285499 0.527816 0.799938 0.417716 0.31622 -0.384863 0.867113 0.400795 -0.930002 -0.306262 0.203222 -0.504304 0.187351 -0.87068 -0.45477 0.485867 
1533764258615 0.0807338 0.818381 -0.568977 -0.612722 -0.954991 0.226984 0.190974 -0.231615 0.285438 0.52795 0.799871 0.417735 0.31622 -0.384863 0.867113 0.400795 -0.930002 -0.306262 0.203222 -0.504304 0.187351 -0.87068 -0.45477 0.485867 
1533764258632 0.080659 0.818313 -0.569085 -0.612655 -0.955015 0.226915 0.190933 -0.231625 0.285377 0.528085 0.799804 0.417755 0.31622 -0.384863 0.867113 0.400795 -0.930002 -0.306262 0.203222 -0.504304 0.187351 -0.87068 -0.45477 0.485867 
1533764258649 0.0805843 0.818246 -0.569193 -0.612589 -0.95504 0.226846 0.190892 -0.231634 0.285315 0.528219 0.799737 0.417774 0.31622 -0.384863 0.867113 0.400795 -0.930002 -0.306262 0.203222 -0.504304 0.187351 -0.87068 -0.45477 0.485867 
1533764258673 0.0805092 0.818178 -0.5693 -0.612524 -0.955065 0.226776 0.190851 -0.231645 0.285254 0.528353 0.799671 0.417794 0.31622 -0.384863 0.867113 0.400795 -0.930002 -0.306262 0.203222 -0.504304 0.187351 -0.87068 -0.45477 0.485867 
1533764258718 0.0804342 0.818111 -0.569407 -0.612459 -0.955089 0.226706 0.190811 -0.231655 0.285192 0.528487 0.799604 0.417813 0.31622 -0.384863 0.867113 0.400795 -0.930002 -0.306262 0.203222 -0.504304 0.187351 -0.87068 -0.45477 0.485867 
1533764258762 0.0807065 0.818413 -0.568935 -0.612724 -0.955022 0.226898 0.190918 -0.23158 0.28534 0.527938 0.799915 0.417736 0.31622 -0.384863 0.867113 0.400795 -0.930002 -0.306262 0.203222 -0.504304 0.187351 -0.87068 -0.45477 0.485867 
1533764258769 0.0801244 0.818332 -0.569133 -0.612619 -0.954902 0.226785 0.191651 -0.231639 0.285905 0.52811 0.799598 0.417782 0.31622 -0.384863 0.867113 0.400795 -0.930002 -0.306262 0.203222 -0.504304 0.187351 -0.87068 -0.45477 0.485867 
1533764258775 0.0795412 0.818253 -0.569329 -0.612518 -0.954782 0.226672 0.192385 -0.231703 0.28647 0.528282 0.799283 0.417827 0.31622 -0.384863 0.867113 0.400795 -0.930002 -0.306262 0.203222 -0.504304 0.187351 -0.87068 -0.45477 0.485867 
1533764258945 0.0789573 0.818173 -0.569524 -0.612418 -0.95466 0.226558 0.193119 -0.231768 0.287035 0.528454 0.798966 0.417871 0.31622 -0.384863 0.867113 0.400795 -0.930002 -0.306262 0.203222 -0.504304 0.187351 -0.87068 -0.45477 0.485867 
1533764259028 0.0783742 0.818093 -0.56972 -0.612316 -0.954539 0.226444 0.193852 -0.23183 0.287599 0.528627 0.798649 0.417917 0.31622 -0.384863 0.867113 0.400795 -0.930002 -0.306262 0.203222 -0.504304 0.187351 -0.87068 -0.45477 0.485867 
1533764259135 0.0777903 0.818014 -0.569914 -0.612216 -0.954416 0.226331 0.194586 -0.231894 0.288164 0.528798 0.798332 0.417961 0.31622 -0.384863 0.867113 0.400795 -0.930002 -0.306262 0.203222 -0.504304 0.187351 -0.87068 -0.45477 0.485867 
1533764259201 0.0772062 0.817934 -0.570108 -0.612116 -0.954293 0.226218 0.19532 -0.231959 0.288728 0.52897 0.798014 0.418006 0.31622 -0.384863 0.867113 0.400795 -0.930002 -0.306262 0.203222 -0.504304 0.187351 -0.87068 -0.45477 0.485867 
1533764259305 0.0766224 0.817854 -0.570302 -0.612014 -0.95417 0.226105 0.196054 -0.232022 0.289291 0.529143 0.797696 0.418051 0.31622 -0.384863 0.867113 0.400795 -0.930002 -0.306262 0.203222 -0.504304 0.187351 -0.87068 -0.45477 0.485867 
1533764259387 0.0760379 0.817774 -0.570495 -0.611915 -0.954045 0.225991 0.196788 -0.232087 0.289855 0.529315 0.797377 0.418095 0.31622 -0.384863 0.867113 0.400795 -0.930002 -0.306262 0.203222 -0.504304 0.187351 -0.87068 -0.45477 0.485867 
1533764259492 0.0754537 0.817693 -0.570687 -0.611813 -0.953921 0.225879 0.197521 -0.23215 0.290418 0.529487 0.797058 0.41814 0.31622 -0.384863 0.867113 0.400795 -0.930002 -0.306262 0.203222 -0.504304 0.187351 -0.87068 -0.45477 0.485867 
1533764259578 0.0761938 0.817839 -0.57038 -0.611901 -0.954081 0.226002 0.196603 -0.232141 0.289697 0.529209 0.797505 0.418119 0.31622 -0.384863 0.867113 0.400795 -0.930002 -0.306262 0.203222 -0.504304 0.187351 -0.87068 -0.45477 0.485867 
1533764259589 0.0761228 0.817759 -0.570505 -0.611763 -0.954153 0.225853 0.196423 -0.23217 0.289477 0.529397 0.79746 0.418131 0.31622 -0.384863 0.867113 0.400795 -0.930002 -0.306262 0.203222 -0.504304 0.187351 -0.87068 -0.45477 0.485867 
1533764259606 0.0760532 0.817678 -0.57063 -0.611621 -0.954226 0.225704 0.196242 -0.232196 0.289256 0.529585 0.797415 0.418144 0.31622 -0.384863 0.867113 0.400795 -0.930002 -0.306262 0.203222 -0.504304 0.187351 -0.87068 -0.45477 0.485867 
1533764259623 0.0759836 0.817597 -0.570755 -0.611479 -0.954298 0.225556 0.196061 -0.232222 0.289036 0.529773 0.79737 0.418157 0.31622 -0.384863 0.867113 0.400795 -0.930002 -0.306262 0.203222 -0.504304 0.187351 -0.87068 -0.45477 0.485867 
1533764259751 0.0759143 0.817516 -0.570881 -0.611336 -0.95437 0.225407 0.195879 -0.232248 0.288815 0.529962 0.797325 0.41817 0.31622 -0.384863 0.867113 0.400795 -0.930002 -0.306262 0.203222 -0.504304 0.187351 -0.87068 -0.45477 0.485867 
1533764259780 0.0758451 0.817435 -0.571006 -0.611193 -0.954443 0.225259 0.195697 -0.232273 0.288594 0.53015 0.797279 0.418183 0.31622 -0.384863 0.867113 0.400795 -0.930002 -0.306262 0.203222 -0.504304 0.187351 -0.87068 -0.45477 0.485867 
1533764259834 0.0757755 0.817354 -0.571132 -0.611052 -0.954515 0.22511 0.195516 -0.232299 0.288373 0.530338 0.797234 0.418196 0.31622 -0.384863 0.867113 0.400795 -0.930002 -0.306262 0.203222 -0.504304 0.187351 -0.87068 -0.45477 0.485867 
1533764259907 0.0757064 0.817272 -0.571257 -0.610908 -0.954587 0.224961 0.195335 -0.232324 0.288152 0.530527 0.797189 0.418209 0.31622 -0.384863 0.867113 0.400795 -0.930002 -0.306262 0.203222 -0.504304 0.187351 -0.87068 -0.45477 0.485867 
