1535168063501 0.230495 0.923872 -0.305504 -0.496158 -0.937802 0.294671 0.183564 -0.233102 0.259613 0.244192 0.934329 0.390319 0.287256 -0.31091 0.905991 0.363429 -0.944254 -0.250741 0.213341 -0.483236 0.160839 -0.916768 -0.365605 0.498685 
1535168063514 0.23255 0.924114 -0.303206 -0.510052 -0.937787 0.295699 0.18198 -0.234104 0.257828 0.242024 0.935387 0.388787 0.27122 -0.294719 0.916286 0.36545 -0.953372 -0.213176 0.21363 -0.483377 0.13237 -0.931502 -0.338795 0.49287 
1535168063521 0.2346 0.924348 -0.300904 -0.52395 -0.937768 0.29673 0.180397 -0.235109 0.256037 0.239857 0.936437 0.387254 0.255669 -0.277722 0.926015 0.367468 -0.961234 -0.175337 0.212807 -0.483513 0.103263 -0.944525 -0.311784 0.487054 
1535168064595 0.236644 0.924575 -0.298596 -0.537847 -0.937742 0.297764 0.178817 -0.236113 0.254241 0.23769 0.937478 0.385721 0.240636 -0.259952 0.935157 0.369486 -0.967823 -0.137296 0.210876 -0.483649 0.0735753 -0.955811 -0.284626 0.481239 
1535168064750 0.238684 0.924795 -0.296283 -0.551745 -0.937712 0.298801 0.177239 -0.237119 0.252439 0.235524 0.938511 0.384188 0.226149 -0.241443 0.943696 0.371504 -0.973127 -0.099126 0.207841 -0.483784 0.0433631 -0.965339 -0.257372 0.475423 
1535168065365 0.240718 0.925008 -0.293965 -0.565642 -0.937677 0.299841 0.175663 -0.238123 0.250632 0.233359 0.939535 0.382655 0.212235 -0.222231 0.951614 0.373522 -0.977136 -0.0609014 0.203705 -0.48392 0.0126851 -0.97309 -0.230075 0.469607 
1535168065607 0.242748 0.925212 -0.291643 -0.579539 -0.937637 0.300883 0.174088 -0.239127 0.248819 0.231195 0.940552 0.381122 0.198923 -0.202353 0.958897 0.37554 -0.979842 -0.0226961 0.198479 -0.484056 -0.0183996 -0.97905 -0.202789 0.463791 
1535168066471 0.244773 0.92541 -0.289315 -0.593436 -0.937591 0.301929 0.172516 -0.240132 0.247001 0.229032 0.94156 0.37959 0.186238 -0.181848 0.965529 0.377559 -0.98124 0.0154162 0.192172 -0.484192 -0.0498309 -0.983206 -0.175565 0.457975 
1535168066477 0.246792 0.9256 -0.286982 -0.607335 -0.93754 0.302978 0.170947 -0.241137 0.245177 0.226869 0.94256 0.378057 0.174205 -0.160755 0.971499 0.379577 -0.981327 0.0533618 0.184797 -0.484328 -0.081548 -0.985551 -0.148457 0.452159 
1535168066497 0.248814 0.925777 -0.284655 -0.621159 -0.937483 0.304038 0.169373 -0.242106 0.243347 0.224716 0.943549 0.376538 0.162847 -0.139115 0.976795 0.381598 -0.980102 0.0910672 0.176369 -0.484472 -0.113489 -0.98608 -0.121517 0.446345 
1535168068142 0.249576 0.925453 -0.28504 -0.620875 -0.937002 0.305092 0.170135 -0.242244 0.244415 0.224621 0.943296 0.37677 0.163339 -0.139924 0.976597 0.381559 -0.98015 0.0897348 0.17679 -0.48442 -0.112372 -0.986088 -0.122489 0.446519 
1535168068156 0.249701 0.925504 -0.284767 -0.622296 -0.937044 0.305091 0.169903 -0.242332 0.244126 0.224415 0.94342 0.376593 0.163348 -0.139694 0.976629 0.381476 -0.9809 0.082973 0.17593 -0.484106 -0.10561 -0.986712 -0.123472 0.446853 
1535168068389 0.249825 0.925555 -0.284493 -0.623723 -0.937087 0.30509 0.169671 -0.242423 0.243836 0.224207 0.943544 0.376415 0.163345 -0.139445 0.976665 0.381394 -0.981603 0.0762357 0.175055 -0.48379 -0.0988673 -0.987291 -0.124427 0.447182 
1535168068441 0.249949 0.925605 -0.284219 -0.625148 -0.937129 0.305089 0.169439 -0.242513 0.243546 0.223999 0.943668 0.376237 0.16334 -0.139196 0.976701 0.381312 -0.98226 0.0694947 0.174174 -0.483474 -0.0921198 -0.987823 -0.125375 0.447511 
1535168068626 0.250073 0.925656 -0.283946 -0.626574 -0.937172 0.305088 0.169207 -0.242603 0.243256 0.223792 0.943792 0.376059 0.163334 -0.138947 0.976737 0.38123 -0.98287 0.0627501 0.173286 -0.483159 -0.0853679 -0.98831 -0.126318 0.44784 
1535168068853 0.250197 0.925706 -0.283671 -0.628 -0.937214 0.305087 0.168975 -0.242694 0.242965 0.223584 0.943916 0.375881 0.163326 -0.138698 0.976774 0.381149 -0.983435 0.0560025 0.172391 -0.482843 -0.0786121 -0.98875 -0.127254 0.448169 
1535168068932 0.25032 0.925757 -0.283398 -0.629425 -0.937256 0.305086 0.168742 -0.242784 0.242675 0.223376 0.94404 0.375703 0.163317 -0.138449 0.976811 0.381067 -0.983954 0.0492518 0.171492 -0.482528 -0.0718526 -0.989144 -0.128184 0.448497 
1535168069267 0.250444 0.925807 -0.283123 -0.630852 -0.937298 0.305085 0.16851 -0.242875 0.242385 0.223169 0.944164 0.375525 0.163306 -0.138201 0.976848 0.380985 -0.984426 0.0424986 0.170585 -0.482212 -0.0650896 -0.989492 -0.129108 0.448826 
1535168069484 0.250568 0.925857 -0.282849 -0.632277 -0.93734 0.305084 0.168278 -0.242965 0.242094 0.222961 0.944287 0.375347 0.163292 -0.137952 0.976885 0.380903 -0.984852 0.0357433 0.169672 -0.481896 -0.0583237 -0.989794 -0.130026 0.449155 
1535168069675 0.250691 0.925908 -0.282575 -0.633703 -0.937382 0.305083 0.168046 -0.243055 0.241804 0.222753 0.944411 0.375169 0.163278 -0.137704 0.976923 0.380821 -0.985232 0.028986 0.168752 -0.481581 -0.0515549 -0.990049 -0.130938 0.449484 
1535168070105 0.250586 0.925928 -0.282602 -0.633472 -0.937398 0.304999 0.168108 -0.24299 0.24185 0.222785 0.944392 0.375151 0.163265 -0.137776 0.976915 0.380825 -0.985126 0.0310159 0.169011 -0.48173 -0.0535855 -0.989978 -0.130663 0.449334 
1535168070116 0.250027 0.925784 -0.283567 -0.63365 -0.937478 0.304704 0.168196 -0.243045 0.242118 0.223784 0.944087 0.375292 0.161917 -0.136406 0.977331 0.380983 -0.985481 0.0289227 0.167304 -0.481632 -0.0510884 -0.990231 -0.129743 0.449092 
1535168070123 0.249467 0.925639 -0.284531 -0.63383 -0.937559 0.304408 0.168285 -0.243101 0.242385 0.224783 0.943781 0.375432 0.160564 -0.135039 0.977744 0.38114 -0.985828 0.026828 0.165597 -0.48153 -0.0485929 -0.990477 -0.128817 0.448849 
1535168070299 0.248906 0.925493 -0.285496 -0.63401 -0.937639 0.304112 0.168373 -0.243157 0.242651 0.225783 0.943474 0.375573 0.159208 -0.133674 0.978153 0.381296 -0.986168 0.0247307 0.163892 -0.481428 -0.0460985 -0.990717 -0.127888 0.448606 
1535168070411 0.248346 0.925346 -0.28646 -0.634189 -0.937718 0.303817 0.168462 -0.243213 0.242917 0.226782 0.943166 0.375713 0.157847 -0.132312 0.978559 0.381454 -0.9865 0.0226308 0.162188 -0.481328 -0.0436051 -0.99095 -0.126954 0.448363 
1535168070426 0.247784 0.925198 -0.287423 -0.634369 -0.937798 0.303521 0.168551 -0.243269 0.243182 0.22778 0.942857 0.375854 0.156483 -0.130953 0.978961 0.38161 -0.986825 0.0205286 0.160486 -0.481225 -0.0411127 -0.991176 -0.126015 0.44812 
1535168070517 0.247223 0.925048 -0.288386 -0.634548 -0.937878 0.303226 0.16864 -0.243325 0.243447 0.228779 0.942546 0.375994 0.155115 -0.129596 0.979359 0.381767 -0.987141 0.0184238 0.158785 -0.481124 -0.0386214 -0.991396 -0.125072 0.447877 
1535168070705 0.246661 0.924898 -0.289349 -0.634729 -0.937957 0.30293 0.16873 -0.243381 0.243711 0.229778 0.942235 0.376134 0.153742 -0.128242 0.979754 0.381923 -0.98745 0.0163166 0.157086 -0.481022 -0.0361313 -0.991609 -0.124124 0.447634 
1535168070773 0.246099 0.924746 -0.290311 -0.634908 -0.938036 0.302635 0.16882 -0.243437 0.243974 0.230776 0.941923 0.376275 0.152367 -0.126891 0.980144 0.38208 -0.987751 0.0142069 0.155389 -0.48092 -0.0336423 -0.991815 -0.123172 0.447391 
1535168070802 0.245537 0.924593 -0.291274 -0.635088 -0.938115 0.302339 0.16891 -0.243493 0.244237 0.231774 0.94161 0.376415 0.150987 -0.125543 0.980531 0.382237 -0.988045 0.0120948 0.153693 -0.480819 -0.0311544 -0.992014 -0.122216 0.447148 
1535168071140 0.245996 0.924734 -0.290437 -0.634908 -0.938068 0.302555 0.168788 -0.243409 0.243957 0.230929 0.94189 0.376218 0.152589 -0.127288 0.980058 0.381973 -0.987669 0.0155002 0.155787 -0.481056 -0.035021 -0.991745 -0.123354 0.44754 
1535168071246 0.245443 0.924854 -0.290521 -0.634929 -0.938151 0.302102 0.169138 -0.243518 0.244195 0.231038 0.941801 0.376292 0.152535 -0.126652 0.980149 0.382084 -0.987398 0.0227929 0.156608 -0.481375 -0.0421753 -0.991685 -0.121579 0.446991 
1535168071262 0.244889 0.924975 -0.290603 -0.634957 -0.938233 0.301648 0.16949 -0.24363 0.244434 0.231147 0.941713 0.376364 0.152487 -0.126016 0.980239 0.382197 -0.987074 0.0300843 0.157417 -0.4817 -0.0493269 -0.991572 -0.1198 0.446443 
1535168071268 0.244334 0.925096 -0.290685 -0.634983 -0.938315 0.301194 0.169843 -0.243742 0.244673 0.231256 0.941624 0.376436 0.152442 -0.12538 0.980327 0.38231 -0.986697 0.0373746 0.158213 -0.482024 -0.0564761 -0.991405 -0.118014 0.445895 
1535168071348 0.24378 0.925217 -0.290767 -0.63501 -0.938397 0.30074 0.170195 -0.243854 0.244913 0.231365 0.941535 0.376509 0.152402 -0.124743 0.980415 0.382423 -0.986269 0.0446636 0.158995 -0.482348 -0.0636223 -0.991183 -0.116223 0.445346 
1535168071465 0.243226 0.925337 -0.290849 -0.635035 -0.938479 0.300286 0.170547 -0.243965 0.245151 0.231474 0.941446 0.376582 0.152367 -0.124105 0.980501 0.382535 -0.985787 0.0519505 0.159764 -0.48267 -0.0707651 -0.990908 -0.114426 0.444798 
1535168071653 0.242671 0.925457 -0.29093 -0.635062 -0.93856 0.299832 0.1709 -0.244077 0.24539 0.231583 0.941357 0.376654 0.152336 -0.123467 0.980586 0.382648 -0.985254 0.0592353 0.16052 -0.482994 -0.0779043 -0.990579 -0.112623 0.444249 
1535168071730 0.242117 0.925577 -0.291011 -0.635089 -0.93864 0.299378 0.171252 -0.244189 0.245629 0.231692 0.941268 0.376726 0.152311 -0.122829 0.98067 0.382761 -0.984667 0.0665174 0.161263 -0.483318 -0.0850394 -0.990196 -0.110815 0.443701 
1535168071797 0.241562 0.925696 -0.291092 -0.635115 -0.938721 0.298923 0.171604 -0.2443 0.245868 0.231801 0.941179 0.376799 0.152289 -0.122191 0.980753 0.382873 -0.984029 0.0737964 0.161992 -0.483641 -0.09217 -0.989759 -0.109001 0.443153 
1535168071847 0.241007 0.925815 -0.291173 -0.635141 -0.938801 0.298469 0.171957 -0.244412 0.246107 0.231911 0.941089 0.376872 0.152272 -0.121552 0.980835 0.382986 -0.983338 0.081072 0.162708 -0.483965 -0.0992957 -0.989269 -0.107182 0.442604 
1535168072222 0.24161 0.925735 -0.290928 -0.635096 -0.938722 0.298925 0.171592 -0.244265 0.245815 0.231643 0.941232 0.376857 0.152145 -0.122233 0.980771 0.382781 -0.9843 0.0710964 0.161553 -0.483502 -0.0894764 -0.989952 -0.109497 0.443468 
1535168072329 0.24146 0.925917 -0.290472 -0.635114 -0.938802 0.298659 0.171618 -0.244364 0.245656 0.231257 0.941368 0.376814 0.151691 -0.122326 0.980829 0.382799 -0.9842 0.0729874 0.161315 -0.483574 -0.0913212 -0.989803 -0.109321 0.443337 
1535168072336 0.24131 0.9261 -0.290015 -0.635138 -0.938882 0.298392 0.171645 -0.244467 0.245498 0.230871 0.941504 0.376769 0.151237 -0.122417 0.980888 0.382816 -0.984097 0.0748798 0.161077 -0.483644 -0.0931674 -0.98965 -0.109146 0.443206 
1535168072420 0.241159 0.926282 -0.289559 -0.635161 -0.938962 0.298125 0.171671 -0.244569 0.245341 0.230485 0.941639 0.376725 0.150783 -0.122509 0.980947 0.382833 -0.98399 0.0767719 0.160839 -0.483715 -0.0950133 -0.989494 -0.108971 0.443075 
1535168072479 0.241008 0.926464 -0.289102 -0.635184 -0.939042 0.297858 0.171697 -0.244671 0.245183 0.230099 0.941775 0.37668 0.150329 -0.122599 0.981005 0.38285 -0.98388 0.0786638 0.1606 -0.483785 -0.096859 -0.989334 -0.108797 0.442944 
1535168072485 0.240858 0.926645 -0.288646 -0.635206 -0.939122 0.297592 0.171723 -0.244772 0.245025 0.229713 0.94191 0.376636 0.149874 -0.122688 0.981063 0.382868 -0.983766 0.0805555 0.160361 -0.483856 -0.0987044 -0.989171 -0.108623 0.442814 
1535168072629 0.240707 0.926826 -0.288189 -0.63523 -0.939202 0.297325 0.171749 -0.244875 0.244867 0.229326 0.942045 0.376592 0.149419 -0.122776 0.981122 0.382885 -0.983648 0.0824469 0.160122 -0.483927 -0.10055 -0.989004 -0.108449 0.442683 
1535168072635 0.240556 0.927008 -0.287732 -0.635254 -0.939282 0.297058 0.171775 -0.244977 0.24471 0.22894 0.94218 0.376547 0.148965 -0.122864 0.98118 0.382902 -0.983527 0.084338 0.159882 -0.483997 -0.102394 -0.988833 -0.108276 0.442552 
1535168072650 0.240405 0.927188 -0.287275 -0.635277 -0.939361 0.296791 0.171801 -0.245079 0.244552 0.228554 0.942315 0.376503 0.148509 -0.12295 0.981238 0.38292 -0.983402 0.0862288 0.159641 -0.484068 -0.104239 -0.98866 -0.108104 0.442421 
1535168072824 0.240254 0.927369 -0.286819 -0.635299 -0.939441 0.296524 0.171826 -0.24518 0.244395 0.228167 0.942449 0.376458 0.148054 -0.123036 0.981296 0.382937 -0.983273 0.0881194 0.159401 -0.484139 -0.106083 -0.988482 -0.107932 0.44229 
1535168072911 0.240536 0.927105 -0.287436 -0.635256 -0.939278 0.296992 0.17191 -0.24499 0.244745 0.228632 0.942246 0.37657 0.149442 -0.122803 0.981115 0.382837 -0.983627 0.0826115 0.160165 -0.483936 -0.10072 -0.988987 -0.108447 0.442654 
1535168072922 0.24096 0.927151 -0.286933 -0.635236 -0.939282 0.297198 0.171531 -0.244986 0.24431 0.228179 0.942469 0.376506 0.148505 -0.122963 0.981237 0.382799 -0.984232 0.0780355 0.158737 -0.483723 -0.0960902 -0.989338 -0.109435 0.442921 
1535168072939 0.241383 0.927196 -0.28643 -0.635216 -0.939286 0.297403 0.171152 -0.244982 0.243876 0.227726 0.94269 0.376442 0.147568 -0.123127 0.981358 0.38276 -0.984814 0.0734578 0.157304 -0.483507 -0.0914569 -0.989668 -0.110418 0.443188 
1535168073065 0.241806 0.927241 -0.285926 -0.635196 -0.93929 0.297608 0.170773 -0.244979 0.243442 0.227273 0.942912 0.376379 0.14663 -0.123296 0.981477 0.382721 -0.985374 0.0688788 0.155865 -0.48329 -0.0868206 -0.989977 -0.111393 0.443455 
1535168073085 0.242229 0.927286 -0.285422 -0.635176 -0.939294 0.297814 0.170395 -0.244975 0.243007 0.22682 0.943133 0.376315 0.145694 -0.12347 0.981595 0.382681 -0.985911 0.0642986 0.154422 -0.483073 -0.0821816 -0.990263 -0.112362 0.443721 
1535168073092 0.242652 0.927331 -0.284918 -0.635156 -0.939297 0.298019 0.170016 -0.244971 0.242572 0.226368 0.943354 0.376251 0.144757 -0.123647 0.981711 0.382641 -0.986424 0.0597172 0.152974 -0.482855 -0.0775399 -0.990528 -0.113324 0.443988 
1535168073254 0.243074 0.927375 -0.284413 -0.635136 -0.9393 0.298225 0.169637 -0.244968 0.242137 0.225915 0.943574 0.376187 0.143822 -0.123829 0.981826 0.382602 -0.986915 0.0551348 0.151522 -0.482639 -0.0728955 -0.990771 -0.114279 0.444255 
1535168073260 0.243496 0.927419 -0.283908 -0.635115 -0.939303 0.298431 0.169259 -0.244964 0.241701 0.225462 0.943794 0.376124 0.142888 -0.124015 0.981939 0.382563 -0.987383 0.0505514 0.150065 -0.482423 -0.0682487 -0.990992 -0.115228 0.444521 
1535168073370 0.243918 0.927462 -0.283404 -0.635096 -0.939306 0.298638 0.168881 -0.24496 0.241266 0.22501 0.944014 0.37606 0.141953 -0.124206 0.98205 0.382523 -0.987828 0.0459672 0.148602 -0.482205 -0.0635994 -0.991191 -0.116169 0.444788 
1535168073419 0.24434 0.927505 -0.282899 -0.635075 -0.939308 0.298844 0.168503 -0.244956 0.24083 0.224557 0.944233 0.375996 0.14102 -0.124401 0.98216 0.382484 -0.98825 0.0413823 0.147136 -0.481989 -0.0589479 -0.991369 -0.117103 0.445055 
1535168073840 0.243589 0.927379 -0.283958 -0.635096 -0.939294 0.298515 0.169164 -0.245053 0.241644 0.225513 0.943796 0.376096 0.141434 -0.124444 0.982095 0.382479 -0.988047 0.0436969 0.147829 -0.4821 -0.0613108 -0.991264 -0.116776 0.444894 
1535168073860 0.244206 0.927236 -0.283896 -0.634894 -0.939218 0.299014 0.168703 -0.244968 0.241316 0.225442 0.943898 0.376151 0.141993 -0.124487 0.982009 0.382551 -0.987706 0.0477168 0.148865 -0.482418 -0.0653901 -0.991073 -0.116181 0.444617 
1535168073953 0.244824 0.927092 -0.283833 -0.634688 -0.939141 0.299514 0.168241 -0.24488 0.240987 0.22537 0.943999 0.376207 0.142552 -0.124533 0.981922 0.382624 -0.987346 0.0517366 0.149902 -0.482738 -0.069469 -0.990866 -0.115582 0.444341 
1535168074031 0.245442 0.926948 -0.283771 -0.634482 -0.939064 0.300014 0.16778 -0.244793 0.240659 0.225298 0.9441 0.376263 0.143111 -0.124581 0.981834 0.382697 -0.98697 0.0557555 0.150935 -0.483057 -0.0735464 -0.990642 -0.114979 0.444064 
1535168074153 0.246061 0.926803 -0.283708 -0.634276 -0.938987 0.300514 0.167319 -0.244706 0.24033 0.225227 0.9442 0.37632 0.14367 -0.124632 0.981746 0.38277 -0.986577 0.0597735 0.151965 -0.483377 -0.0776221 -0.990401 -0.114371 0.443787 
1535168074265 0.246679 0.926658 -0.283645 -0.634069 -0.938909 0.301014 0.166858 -0.244618 0.240001 0.225156 0.944301 0.376376 0.144229 -0.124685 0.981658 0.382843 -0.986166 0.0637904 0.152993 -0.483696 -0.0816963 -0.990144 -0.113759 0.443511 
1535168074350 0.247296 0.926513 -0.283581 -0.633864 -0.93883 0.301513 0.166396 -0.244532 0.239672 0.225085 0.944401 0.376432 0.144787 -0.12474 0.981569 0.382916 -0.985739 0.0678062 0.154019 -0.484016 -0.0857687 -0.98987 -0.113143 0.443234 
1535168074498 0.247914 0.926367 -0.283517 -0.633657 -0.938751 0.302013 0.165935 -0.244444 0.239343 0.225015 0.944502 0.376488 0.145344 -0.124797 0.981479 0.382989 -0.985294 0.0718208 0.155041 -0.484336 -0.0898393 -0.989579 -0.112523 0.442958 
1535168074504 0.248532 0.926221 -0.283453 -0.633451 -0.938672 0.302513 0.165474 -0.244357 0.239014 0.224944 0.944602 0.376544 0.145902 -0.124856 0.981389 0.383062 -0.984832 0.0758341 0.156062 -0.484655 -0.093908 -0.989273 -0.111898 0.442681 
1535168074560 0.249149 0.926075 -0.283389 -0.633245 -0.938592 0.303012 0.165013 -0.24427 0.238684 0.224874 0.944702 0.3766 0.146459 -0.124918 0.981298 0.383135 -0.984353 0.0798461 0.157079 -0.484974 -0.0979749 -0.988949 -0.111269 0.442404 
1535168074934 0.248732 0.926166 -0.283459 -0.63345 -0.938574 0.302747 0.165597 -0.244336 0.239187 0.224858 0.944578 0.37657 0.146076 -0.124854 0.981363 0.383071 -0.984654 0.0773991 0.156413 -0.484822 -0.0954854 -0.989152 -0.111632 0.442655 
1535168074947 0.248734 0.92615 -0.28351 -0.633142 -0.938545 0.302785 0.165693 -0.24422 0.2393 0.224874 0.944546 0.376689 0.146216 -0.124803 0.981349 0.383079 -0.985089 0.072547 0.155999 -0.484808 -0.090663 -0.989526 -0.112334 0.442769 
1535168074953 0.248736 0.926134 -0.283562 -0.632829 -0.938516 0.302823 0.165789 -0.244103 0.239412 0.224889 0.944514 0.376809 0.146357 -0.124751 0.981334 0.383087 -0.985501 0.0676927 0.155583 -0.484795 -0.0858383 -0.989876 -0.113035 0.442884 
1535168075154 0.248738 0.926117 -0.283613 -0.632516 -0.938487 0.302861 0.165885 -0.243985 0.239524 0.224905 0.944482 0.376929 0.146497 -0.124699 0.98132 0.383096 -0.985888 0.0628367 0.155164 -0.484781 -0.0810117 -0.990203 -0.113733 0.442998 
1535168075231 0.24874 0.926101 -0.283664 -0.632203 -0.938458 0.302899 0.165981 -0.243867 0.239637 0.22492 0.94445 0.377049 0.146637 -0.124645 0.981306 0.383104 -0.986252 0.0579793 0.154741 -0.484768 -0.0761832 -0.990506 -0.11443 0.443113 
1535168075318 0.248742 0.926085 -0.283715 -0.631889 -0.938428 0.302937 0.166077 -0.243749 0.239749 0.224936 0.944417 0.37717 0.146777 -0.124592 0.981292 0.383112 -0.986593 0.0531204 0.154314 -0.484754 -0.0713529 -0.990785 -0.115124 0.443227 
1535168075511 0.248744 0.926069 -0.283766 -0.631577 -0.938399 0.302975 0.166173 -0.243632 0.239862 0.224951 0.944385 0.37729 0.146917 -0.124537 0.981278 0.383121 -0.98691 0.0482603 0.153885 -0.484741 -0.0665211 -0.991041 -0.115817 0.443341 
1535168075550 0.248746 0.926053 -0.283817 -0.631263 -0.93837 0.303013 0.166269 -0.243514 0.239974 0.224967 0.944353 0.37741 0.147057 -0.124482 0.981264 0.383129 -0.987203 0.0433988 0.153452 -0.484727 -0.0616877 -0.991272 -0.116507 0.443456 
1535168075778 0.248748 0.926036 -0.283868 -0.63095 -0.938341 0.303051 0.166365 -0.243396 0.240087 0.224982 0.944321 0.37753 0.147195 -0.124426 0.98125 0.383137 -0.987472 0.0385365 0.153015 -0.484714 -0.056853 -0.99148 -0.117195 0.44357 
1535168075796 0.24875 0.92602 -0.283919 -0.630636 -0.938311 0.303089 0.166461 -0.243278 0.240199 0.224998 0.944288 0.37765 0.147334 -0.124369 0.981236 0.383146 -0.987718 0.0336732 0.152575 -0.4847 -0.052017 -0.991664 -0.117881 0.443685 
1535168076165 0.248897 0.925973 -0.283945 -0.630823 -0.938306 0.303202 0.166286 -0.243427 0.240069 0.225039 0.944311 0.37751 0.147235 -0.124479 0.981237 0.383094 -0.987631 0.0355794 0.152708 -0.484746 -0.0539207 -0.991584 -0.1177 0.443573 
1535168076175 0.248841 0.925956 -0.284047 -0.630354 -0.938147 0.30333 0.166947 -0.243267 0.240746 0.224935 0.944164 0.377673 0.14731 -0.125202 0.981134 0.383144 -0.987764 0.0327285 0.152482 -0.48474 -0.0512021 -0.991591 -0.118849 0.443743 
1535168076182 0.248785 0.92594 -0.28415 -0.629882 -0.937988 0.303458 0.167608 -0.243104 0.241422 0.224831 0.944016 0.377837 0.147389 -0.125925 0.98103 0.383194 -0.98789 0.0298772 0.152254 -0.484735 -0.0484831 -0.99159 -0.119996 0.443914 
1535168076189 0.24873 0.925923 -0.284252 -0.629409 -0.937828 0.303585 0.168268 -0.242942 0.242098 0.224727 0.943868 0.378001 0.147468 -0.126647 0.980925 0.383244 -0.988008 0.027026 0.152022 -0.484729 -0.0457637 -0.99158 -0.121143 0.444084 
1535168076195 0.248674 0.925907 -0.284355 -0.628935 -0.937668 0.303712 0.168929 -0.242779 0.242775 0.224622 0.943719 0.378165 0.147549 -0.12737 0.980819 0.383294 -0.988118 0.0241749 0.151786 -0.484724 -0.0430441 -0.991561 -0.122289 0.444255 
1535168076429 0.248618 0.92589 -0.284457 -0.628462 -0.937508 0.30384 0.16959 -0.242617 0.243451 0.224518 0.943569 0.37833 0.147632 -0.128091 0.980713 0.383344 -0.98822 0.0213236 0.151548 -0.484719 -0.0403243 -0.991533 -0.123434 0.444425 
1535168076435 0.248562 0.925874 -0.28456 -0.627989 -0.937347 0.303967 0.17025 -0.242454 0.244127 0.224414 0.94342 0.378494 0.147718 -0.128813 0.980605 0.383395 -0.988314 0.0184724 0.151306 -0.484713 -0.0376042 -0.991497 -0.124579 0.444596 
1535168076620 0.248506 0.925858 -0.284662 -0.627516 -0.937185 0.304094 0.17091 -0.242292 0.244803 0.224309 0.943269 0.378658 0.147806 -0.129534 0.980497 0.383445 -0.988401 0.0156211 0.151061 -0.484708 -0.0348839 -0.991452 -0.125722 0.444766 
1535168076741 0.248449 0.925841 -0.284765 -0.627043 -0.937024 0.304221 0.171571 -0.242129 0.245478 0.224204 0.943119 0.378822 0.147895 -0.130254 0.980388 0.383495 -0.98848 0.01277 0.150812 -0.484703 -0.0321635 -0.991398 -0.126865 0.444937 
1535168076791 0.248393 0.925825 -0.284867 -0.62657 -0.936861 0.304348 0.172231 -0.241967 0.246154 0.2241 0.942967 0.378986 0.147986 -0.130975 0.980278 0.383545 -0.988551 0.00991892 0.15056 -0.484697 -0.0294429 -0.991336 -0.128007 0.445107 
1535168077116 0.248266 0.925906 -0.284715 -0.626817 -0.936997 0.304105 0.171922 -0.241962 0.245767 0.224094 0.94307 0.378942 0.147802 -0.13029 0.980397 0.383464 -0.988505 0.0124157 0.150675 -0.484711 -0.0318037 -0.991398 -0.126957 0.444973 
1535168077133 0.248375 0.925824 -0.284885 -0.62639 -0.936927 0.304278 0.171994 -0.241804 0.24592 0.224198 0.943005 0.379055 0.147981 -0.129855 0.980428 0.383515 -0.988478 0.0124728 0.150848 -0.484767 -0.031817 -0.991455 -0.126513 0.444893 
1535168077210 0.248484 0.925742 -0.285057 -0.62596 -0.936858 0.30445 0.172065 -0.241645 0.246074 0.224302 0.94294 0.379168 0.14816 -0.129421 0.980458 0.383567 -0.988451 0.0125301 0.151022 -0.484823 -0.0318306 -0.991511 -0.12607 0.444813 
1535168077253 0.248593 0.92566 -0.285228 -0.625529 -0.936789 0.304623 0.172136 -0.241485 0.246227 0.224407 0.942875 0.379281 0.14834 -0.128987 0.980489 0.383618 -0.988424 0.0125874 0.151196 -0.484879 -0.0318441 -0.991566 -0.125626 0.444734 
1535168077315 0.248702 0.925578 -0.2854 -0.625098 -0.93672 0.304796 0.172207 -0.241325 0.24638 0.224512 0.94281 0.379394 0.14852 -0.128552 0.980518 0.383669 -0.988396 0.0126447 0.151371 -0.484936 -0.0318575 -0.991622 -0.125183 0.444654 
1535168077434 0.248811 0.925496 -0.285572 -0.624668 -0.936651 0.304968 0.172278 -0.241166 0.246533 0.224616 0.942745 0.379507 0.148699 -0.128118 0.980548 0.38372 -0.988369 0.0127022 0.151545 -0.484992 -0.0318708 -0.991678 -0.124739 0.444574 
1535168077490 0.24892 0.925413 -0.285743 -0.624237 -0.936581 0.305141 0.172349 -0.241006 0.246686 0.224721 0.94268 0.379621 0.148879 -0.127684 0.980577 0.383772 -0.988341 0.0127597 0.151719 -0.485048 -0.031884 -0.991733 -0.124296 0.444494 
1535168077496 0.249029 0.925331 -0.285915 -0.623807 -0.936512 0.305314 0.17242 -0.240847 0.24684 0.224825 0.942615 0.379734 0.149059 -0.12725 0.980606 0.383823 -0.988314 0.0128174 0.151894 -0.485104 -0.0318972 -0.991788 -0.123852 0.444414 
1535168077509 0.249138 0.925248 -0.286087 -0.623375 -0.936443 0.305486 0.172491 -0.240686 0.246993 0.22493 0.94255 0.379848 0.149239 -0.126815 0.980635 0.383874 -0.988286 0.012875 0.152068 -0.48516 -0.0319102 -0.991843 -0.123408 0.444335 
1535168077609 0.249247 0.925166 -0.286258 -0.622944 -0.936373 0.305659 0.172562 -0.240527 0.247146 0.225034 0.942485 0.379961 0.149418 -0.126381 0.980664 0.383926 -0.988259 0.0129328 0.152242 -0.485217 -0.0319232 -0.991897 -0.122965 0.444255 
1535168077923 0.248508 0.925496 -0.285833 -0.623653 -0.93665 0.304802 0.172578 -0.240545 0.246843 0.224838 0.942611 0.379743 0.149136 -0.127169 0.980605 0.383812 -0.988292 0.0131364 0.152009 -0.485102 -0.0322125 -0.991794 -0.123721 0.444353 
1535168078021 0.248602 0.925399 -0.286064 -0.623362 -0.936617 0.304942 0.172507 -0.240438 0.246871 0.225047 0.942554 0.379838 0.149181 -0.126904 0.980633 0.383861 -0.988303 0.0126279 0.151982 -0.485156 -0.0316704 -0.991835 -0.123536 0.444298 
1535168078038 0.248697 0.925303 -0.286295 -0.623067 -0.936585 0.305082 0.172436 -0.24033 0.246899 0.225255 0.942497 0.379933 0.149226 -0.126639 0.98066 0.383909 -0.988313 0.012118 0.151955 -0.485211 -0.031127 -0.991875 -0.12335 0.444243 
1535168078056 0.248792 0.925206 -0.286525 -0.622773 -0.936552 0.305222 0.172364 -0.240221 0.246927 0.225463 0.94244 0.380028 0.149271 -0.126373 0.980688 0.383958 -0.988323 0.011608 0.151929 -0.485266 -0.0305836 -0.991915 -0.123165 0.444188 
1535168078091 0.248887 0.925109 -0.286756 -0.622478 -0.936519 0.305363 0.172293 -0.240113 0.246954 0.225671 0.942383 0.380123 0.149316 -0.126108 0.980715 0.384007 -0.988333 0.011098 0.151903 -0.485321 -0.0300402 -0.991954 -0.12298 0.444133 
1535168078185 0.248982 0.925012 -0.286986 -0.622184 -0.936487 0.305503 0.172222 -0.240004 0.246982 0.225879 0.942326 0.380219 0.149361 -0.125843 0.980742 0.384055 -0.988343 0.010588 0.151877 -0.485375 -0.0294967 -0.991994 -0.122794 0.444077 
1535168078308 0.249077 0.924915 -0.287217 -0.621889 -0.936454 0.305643 0.17215 -0.239895 0.24701 0.226087 0.942269 0.380314 0.149405 -0.125577 0.980769 0.384104 -0.988352 0.0100781 0.151851 -0.48543 -0.0289532 -0.992033 -0.122609 0.444022 
1535168078315 0.249172 0.924818 -0.287447 -0.621594 -0.936422 0.305783 0.172079 -0.239787 0.247038 0.226294 0.942212 0.380409 0.14945 -0.125312 0.980796 0.384153 -0.988361 0.00956802 0.151825 -0.485485 -0.0284097 -0.992071 -0.122423 0.443967 
1535168078322 0.249267 0.92472 -0.287677 -0.621299 -0.936389 0.305923 0.172007 -0.239678 0.247066 0.226502 0.942155 0.380505 0.149494 -0.125046 0.980824 0.384202 -0.98837 0.00905803 0.151799 -0.485539 -0.0278662 -0.99211 -0.122238 0.443912 
1535168078431 0.249362 0.924623 -0.287908 -0.621004 -0.936356 0.306063 0.171935 -0.23957 0.247093 0.22671 0.942097 0.3806 0.149538 -0.124781 0.980851 0.38425 -0.988378 0.00854803 0.151773 -0.485594 -0.0273227 -0.992148 -0.122052 0.443857 
1535168078656 0.248957 0.924837 -0.28757 -0.621547 -0.93649 0.305591 0.172049 -0.239617 0.246996 0.226473 0.94218 0.380346 0.149335 -0.125066 0.980845 0.384149 -0.98838 0.00955712 0.151701 -0.485543 -0.0283466 -0.992102 -0.122185 0.443953 
1535168078668 0.249004 0.924817 -0.287593 -0.621291 -0.936413 0.305699 0.172275 -0.239509 0.24724 0.226409 0.942131 0.380431 0.149502 -0.124946 0.980835 0.384182 -0.988406 0.00769746 0.151637 -0.485616 -0.0264963 -0.992134 -0.122346 0.443972 
1535168078687 0.249052 0.924797 -0.287617 -0.621032 -0.936336 0.305808 0.172502 -0.239399 0.247485 0.226344 0.942082 0.380517 0.14967 -0.124826 0.980825 0.384215 -0.988429 0.00583875 0.151573 -0.485689 -0.024647 -0.992162 -0.122507 0.443992 
1535168078799 0.249099 0.924777 -0.287641 -0.620772 -0.936258 0.305917 0.172729 -0.23929 0.24773 0.22628 0.942033 0.380603 0.149837 -0.124705 0.980815 0.384249 -0.988448 0.00398004 0.151509 -0.485762 -0.0227977 -0.992186 -0.122668 0.444011 
1535168078827 0.249146 0.924757 -0.287665 -0.620512 -0.936181 0.306026 0.172956 -0.23918 0.247975 0.226216 0.941984 0.380688 0.150004 -0.124585 0.980804 0.384282 -0.988463 0.0021213 0.151445 -0.485836 -0.0209483 -0.992207 -0.122829 0.44403 
1535168078881 0.249193 0.924736 -0.287689 -0.620253 -0.936103 0.306135 0.173183 -0.239071 0.24822 0.226151 0.941935 0.380774 0.150171 -0.124464 0.980794 0.384315 -0.988476 0.000262567 0.15138 -0.485909 -0.0190989 -0.992224 -0.12299 0.444049 
1535168079026 0.249241 0.924716 -0.287714 -0.619993 -0.936026 0.306243 0.17341 -0.23896 0.248465 0.226087 0.941886 0.38086 0.150337 -0.124343 0.980784 0.384349 -0.988484 -0.00159621 0.151315 -0.485983 -0.0172494 -0.992238 -0.123151 0.444069 
1535168079032 0.249288 0.924696 -0.287738 -0.619734 -0.935948 0.306352 0.173637 -0.238851 0.24871 0.226022 0.941837 0.380946 0.150504 -0.124221 0.980774 0.384382 -0.988489 -0.00345496 0.15125 -0.486056 -0.0153999 -0.992249 -0.123311 0.444088 
1535168079059 0.249336 0.924675 -0.287762 -0.619473 -0.93587 0.306461 0.173863 -0.238741 0.248955 0.225958 0.941788 0.381032 0.15067 -0.124099 0.980764 0.384415 -0.988491 -0.00531368 0.151184 -0.48613 -0.0135504 -0.992256 -0.123472 0.444107 
1535168079257 0.249383 0.924655 -0.287786 -0.619213 -0.935793 0.30657 0.17409 -0.238631 0.2492 0.225893 0.941739 0.381117 0.150836 -0.123977 0.980754 0.384448 -0.98849 -0.00717248 0.151119 -0.486203 -0.0117009 -0.992259 -0.123632 0.444127 
1535168079467 0.249607 0.924568 -0.287872 -0.619423 -0.935791 0.306747 0.173786 -0.238807 0.248981 0.22601 0.941769 0.381047 0.150746 -0.124199 0.98074 0.384444 -0.988484 -0.00569637 0.151215 -0.486146 -0.0131942 -0.992241 -0.123628 0.444093 
1535168079479 0.249598 0.924527 -0.288013 -0.619198 -0.935734 0.306818 0.173966 -0.238687 0.249204 0.226082 0.941692 0.38112 0.151059 -0.122649 0.980886 0.384432 -0.98845 -0.00655578 0.151404 -0.486245 -0.0121392 -0.992428 -0.122223 0.443891 
1535168079486 0.249588 0.924486 -0.288153 -0.61897 -0.935677 0.306889 0.174146 -0.238565 0.249427 0.226153 0.941616 0.381194 0.151371 -0.121099 0.981031 0.38442 -0.988415 -0.00741479 0.151595 -0.486344 -0.0110838 -0.992613 -0.120818 0.443689 
1535168079647 0.249579 0.924444 -0.288294 -0.618742 -0.93562 0.306961 0.174326 -0.238443 0.24965 0.226225 0.94154 0.381268 0.151681 -0.119548 0.981173 0.384408 -0.988379 -0.00827355 0.151787 -0.486444 -0.010028 -0.992794 -0.119413 0.443487 
1535168079722 0.249569 0.924403 -0.288434 -0.618513 -0.935563 0.307032 0.174506 -0.238321 0.249873 0.226297 0.941463 0.381341 0.15199 -0.117996 0.981313 0.384396 -0.988341 -0.00913201 0.15198 -0.486544 -0.00897168 -0.992972 -0.118008 0.443285 
1535168079745 0.249559 0.924362 -0.288574 -0.618285 -0.935507 0.307103 0.174686 -0.2382 0.250095 0.226368 0.941387 0.381415 0.152297 -0.116444 0.981451 0.384385 -0.988303 -0.00999019 0.152175 -0.486643 -0.00791493 -0.993147 -0.116603 0.443083 
1535168079927 0.249549 0.924321 -0.288715 -0.618056 -0.93545 0.307174 0.174866 -0.238078 0.250318 0.22644 0.941311 0.381489 0.152602 -0.114891 0.981587 0.384373 -0.988264 -0.010848 0.15237 -0.486743 -0.00685776 -0.993319 -0.115198 0.442881 
1535168079934 0.249539 0.92428 -0.288855 -0.617828 -0.935393 0.307245 0.175046 -0.237956 0.250541 0.226512 0.941234 0.381563 0.152906 -0.113338 0.98172 0.384361 -0.988224 -0.0117055 0.152567 -0.486843 -0.00580012 -0.993488 -0.113793 0.442679 
1535168079968 0.24953 0.924238 -0.288995 -0.617599 -0.935335 0.307316 0.175226 -0.237834 0.250764 0.226584 0.941157 0.381637 0.153207 -0.111784 0.981851 0.384349 -0.988183 -0.0125626 0.152765 -0.486943 -0.00474207 -0.993653 -0.112388 0.442477 
1535168080111 0.24952 0.924197 -0.289136 -0.617371 -0.935278 0.307387 0.175406 -0.237712 0.250987 0.226655 0.941081 0.38171 0.153508 -0.11023 0.98198 0.384337 -0.988141 -0.0134195 0.152964 -0.487042 -0.00368357 -0.993816 -0.110983 0.442275 
1535168080318 0.249391 0.92427 -0.289013 -0.61759 -0.93538 0.30718 0.175225 -0.23777 0.250734 0.226638 0.941152 0.381593 0.152889 -0.112791 0.981786 0.384286 -0.988227 -0.0117136 0.152546 -0.486969 -0.00570563 -0.99355 -0.113254 0.442419 
1535168080330 0.249511 0.924204 -0.289123 -0.617351 -0.935325 0.307336 0.175245 -0.237702 0.25082 0.226699 0.941115 0.381678 0.153065 -0.112915 0.981744 0.384284 -0.988207 -0.0130989 0.152566 -0.487019 -0.00436716 -0.993518 -0.113588 0.44248 
1535168080336 0.249631 0.924137 -0.289233 -0.617108 -0.93527 0.307493 0.175266 -0.237632 0.250906 0.226759 0.941077 0.381764 0.153241 -0.113037 0.981702 0.384281 -0.988184 -0.014484 0.152586 -0.487069 -0.00302886 -0.993485 -0.113921 0.442541 
1535168080466 0.249752 0.92407 -0.289343 -0.616865 -0.935215 0.307649 0.175286 -0.237563 0.250992 0.22682 0.94104 0.381851 0.153418 -0.11316 0.981661 0.384279 -0.98816 -0.015869 0.152604 -0.487119 -0.00169065 -0.99345 -0.114254 0.442602 
1535168080517 0.249872 0.924003 -0.289452 -0.616622 -0.93516 0.307805 0.175306 -0.237493 0.251079 0.22688 0.941002 0.381937 0.153595 -0.113281 0.981619 0.384277 -0.988134 -0.0172541 0.152623 -0.48717 -0.000352464 -0.993413 -0.114587 0.442663 
1535168080699 0.249992 0.923936 -0.289562 -0.61638 -0.935104 0.307962 0.175327 -0.237424 0.251165 0.22694 0.940965 0.382023 0.153772 -0.113403 0.981577 0.384275 -0.988106 -0.0186391 0.152642 -0.48722 0.000985662 -0.993374 -0.114921 0.442724 
1535168080720 0.250113 0.923869 -0.289672 -0.616136 -0.935049 0.308118 0.175347 -0.237354 0.251251 0.227001 0.940927 0.382109 0.153949 -0.113525 0.981535 0.384273 -0.988076 -0.020024 0.152659 -0.48727 0.00232371 -0.993333 -0.115254 0.442786 
1535168080727 0.250233 0.923802 -0.289782 -0.615894 -0.934994 0.308275 0.175367 -0.237284 0.251337 0.227061 0.940889 0.382195 0.154127 -0.113646 0.981494 0.38427 -0.988044 -0.021409 0.152677 -0.48732 0.00366171 -0.993291 -0.115587 0.442847 
1535168080845 0.250353 0.923735 -0.289891 -0.615651 -0.934938 0.308431 0.175388 -0.237215 0.251423 0.227122 0.940852 0.382281 0.154305 -0.113767 0.981452 0.384268 -0.988011 -0.0227939 0.152694 -0.487371 0.00499963 -0.993246 -0.11592 0.442908 
1535168080957 0.250474 0.923668 -0.290001 -0.615407 -0.934883 0.308588 0.175408 -0.237145 0.251509 0.227182 0.940814 0.382367 0.154482 -0.113887 0.98141 0.384266 -0.987975 -0.0241787 0.15271 -0.487421 0.00633748 -0.993199 -0.116253 0.442969 
1535168081174 0.250397 0.92377 -0.289742 -0.61563 -0.934914 0.308456 0.175475 -0.237163 0.251471 0.226945 0.940882 0.382347 0.15415 -0.113656 0.981489 0.384223 -0.988038 -0.0221544 0.152613 -0.487346 0.00439895 -0.993273 -0.115712 0.442817 
1535168081186 0.250432 0.923722 -0.289863 -0.615391 -0.934901 0.308515 0.175437 -0.237087 0.251482 0.227058 0.940851 0.382412 0.154153 -0.113563 0.981499 0.384216 -0.988037 -0.0220641 0.152627 -0.487433 0.00432311 -0.993286 -0.115605 0.442795 
1535168081193 0.250468 0.923674 -0.289986 -0.615147 -0.934889 0.308575 0.175399 -0.237009 0.251494 0.227173 0.940821 0.382479 0.154157 -0.11347 0.981509 0.38421 -0.988037 -0.0219747 0.152642 -0.487522 0.00424812 -0.993298 -0.1155 0.442772 
1535168081200 0.250503 0.923626 -0.290109 -0.614902 -0.934876 0.308635 0.175361 -0.236929 0.251506 0.227287 0.94079 0.382545 0.154161 -0.113377 0.981519 0.384204 -0.988037 -0.0218854 0.152657 -0.48761 0.00417312 -0.993311 -0.115395 0.44275 
1535168081206 0.250539 0.923578 -0.290232 -0.614659 -0.934863 0.308695 0.175324 -0.236851 0.251518 0.227402 0.940759 0.382612 0.154164 -0.113285 0.981529 0.384198 -0.988037 -0.021796 0.152671 -0.487698 0.00409812 -0.993323 -0.115289 0.442727 
1535168081285 0.250574 0.923529 -0.290355 -0.614415 -0.93485 0.308755 0.175286 -0.236773 0.25153 0.227517 0.940728 0.382678 0.154168 -0.113192 0.981539 0.384191 -0.988036 -0.0217066 0.152686 -0.487787 0.00402313 -0.993336 -0.115184 0.442705 
1535168081312 0.25061 0.923481 -0.290478 -0.61417 -0.934838 0.308815 0.175248 -0.236694 0.251542 0.227631 0.940697 0.382745 0.154172 -0.113099 0.98155 0.384185 -0.988036 -0.0216172 0.1527 -0.487875 0.00394813 -0.993349 -0.115079 0.442683 
1535168081320 0.250645 0.923433 -0.290601 -0.613927 -0.934825 0.308875 0.17521 -0.236616 0.251554 0.227746 0.940666 0.382811 0.154176 -0.113006 0.98156 0.384179 -0.988036 -0.0215279 0.152715 -0.487963 0.00387315 -0.993361 -0.114973 0.44266 
1535168081365 0.250681 0.923384 -0.290724 -0.613684 -0.934812 0.308935 0.175172 -0.236537 0.251566 0.22786 0.940635 0.382877 0.15418 -0.112914 0.98157 0.384172 -0.988036 -0.0214385 0.152729 -0.488051 0.00379815 -0.993373 -0.114868 0.442638 
1535168081372 0.250716 0.923336 -0.290848 -0.613439 -0.934799 0.308996 0.175134 -0.236458 0.251578 0.227975 0.940604 0.382944 0.154184 -0.112821 0.98158 0.384166 -0.988035 -0.0213491 0.152744 -0.488139 0.00372316 -0.993386 -0.114763 0.442615 
1535168081732 0.250268 0.923575 -0.290474 -0.613683 -0.934921 0.308497 0.175365 -0.236337 0.251573 0.227682 0.940676 0.382878 0.15418 -0.113416 0.981512 0.384155 -0.988035 -0.0216053 0.152708 -0.487789 0.00388626 -0.993313 -0.11539 0.442679 
1535168081744 0.250408 0.923622 -0.290204 -0.613454 -0.934828 0.308629 0.175629 -0.236276 0.25178 0.227312 0.94071 0.382926 0.154176 -0.113698 0.98148 0.384158 -0.988038 -0.0209345 0.152781 -0.487936 0.00317586 -0.993295 -0.115566 0.442682 
1535168081750 0.250549 0.923668 -0.289936 -0.613219 -0.934734 0.308763 0.175893 -0.236212 0.251988 0.226943 0.940744 0.382975 0.154173 -0.113981 0.981447 0.384162 -0.988041 -0.0202643 0.152855 -0.488086 0.00246573 -0.993276 -0.115742 0.442685 
1535168081764 0.25069 0.923714 -0.289667 -0.612984 -0.93464 0.308897 0.176157 -0.236148 0.252196 0.226574 0.940777 0.383025 0.154171 -0.114264 0.981415 0.384167 -0.988043 -0.0195943 0.152931 -0.488235 0.00175563 -0.993257 -0.115919 0.442688 
1535168081825 0.250831 0.92376 -0.289399 -0.61275 -0.934546 0.30903 0.176422 -0.236085 0.252404 0.226204 0.94081 0.383073 0.154167 -0.114547 0.981382 0.38417 -0.988044 -0.0189241 0.153005 -0.488384 0.00104549 -0.993238 -0.116095 0.44269 
1535168081931 0.250972 0.923805 -0.28913 -0.612515 -0.934452 0.309163 0.176686 -0.236021 0.252612 0.225835 0.940843 0.383123 0.154164 -0.11483 0.98135 0.384175 -0.988045 -0.0182541 0.15308 -0.488533 0.000335388 -0.993217 -0.116272 0.442693 
1535168082027 0.251114 0.923851 -0.288862 -0.612282 -0.934358 0.309297 0.17695 -0.235958 0.25282 0.225465 0.940876 0.383172 0.15416 -0.115113 0.981317 0.384178 -0.988046 -0.0175839 0.153155 -0.488682 -0.00037475 -0.993197 -0.116448 0.442696 
1535168082097 0.251255 0.923897 -0.288593 -0.612046 -0.934263 0.30943 0.177215 -0.235894 0.253027 0.225096 0.940909 0.383221 0.154157 -0.115396 0.981285 0.384183 -0.988046 -0.0169139 0.15323 -0.488831 -0.00108485 -0.993176 -0.116624 0.442699 
1535168082104 0.251396 0.923942 -0.288325 -0.611813 -0.934169 0.309563 0.177479 -0.235831 0.253235 0.224727 0.940941 0.38327 0.154153 -0.115679 0.981252 0.384187 -0.988045 -0.0162438 0.153305 -0.48898 -0.00179497 -0.993154 -0.1168 0.442702 
1535168082217 0.251538 0.923987 -0.288057 -0.611577 -0.934075 0.309696 0.177743 -0.235766 0.253443 0.224357 0.940973 0.383319 0.154149 -0.115962 0.981219 0.384191 -0.988044 -0.0155738 0.153381 -0.48913 -0.00250509 -0.993132 -0.116976 0.442705 
1535168082319 0.250992 0.923938 -0.288691 -0.612141 -0.934374 0.309163 0.1771 -0.235802 0.252881 0.225295 0.9409 0.383185 0.154069 -0.115397 0.981298 0.384128 -0.988059 -0.0166996 0.153167 -0.488883 -0.0012878 -0.993179 -0.116592 0.442678 
1535168082329 0.251197 0.923841 -0.288821 -0.611787 -0.934299 0.309401 0.17708 -0.235661 0.252955 0.225363 0.940864 0.383285 0.153582 -0.11606 0.981296 0.384138 -0.988132 -0.0152274 0.152851 -0.488978 -0.00279721 -0.993125 -0.117021 0.442717 
1535168082342 0.251403 0.923744 -0.288951 -0.61143 -0.934223 0.30964 0.17706 -0.235518 0.253029 0.225432 0.940828 0.383386 0.153091 -0.116721 0.981295 0.384148 -0.988203 -0.013755 0.152533 -0.489072 -0.00430613 -0.993069 -0.11745 0.442757 
1535168082348 0.251609 0.923647 -0.289082 -0.61107 -0.934147 0.30988 0.177041 -0.235374 0.253104 0.2255 0.940791 0.383487 0.1526 -0.117382 0.981292 0.384158 -0.988271 -0.0122824 0.152216 -0.489167 -0.00581484 -0.993011 -0.11788 0.442796 
1535168082541 0.251815 0.92355 -0.289212 -0.610714 -0.934072 0.310119 0.177021 -0.235231 0.253178 0.225568 0.940755 0.383587 0.152107 -0.118042 0.98129 0.384168 -0.988337 -0.0108095 0.151899 -0.489261 -0.00732333 -0.99295 -0.11831 0.442836 
1535168082580 0.252021 0.923453 -0.289343 -0.610355 -0.933996 0.310358 0.177002 -0.235088 0.253252 0.225637 0.940719 0.383688 0.151614 -0.118702 0.981287 0.384178 -0.9884 -0.00933637 0.151583 -0.489356 -0.00883156 -0.992886 -0.11874 0.442875 
