1535378733077 0.250895 0.927339 -0.277659 -0.637452 -0.936713 0.304932 0.172003 -0.241762 0.244172 0.216932 0.945156 0.374078 0.150957 -0.120705 0.981143 0.38142 -0.978373 0.123739 0.165754 -0.482777 -0.141413 -0.984946 -0.0994156 0.440734 
1535378733080 0.250637 0.927278 -0.278093 -0.637468 -0.936793 0.304756 0.171878 -0.241767 0.244129 0.217437 0.945051 0.374072 0.15081 -0.120293 0.981217 0.381395 -0.978366 0.12403 0.165577 -0.482738 -0.141619 -0.98496 -0.0989861 0.440613 
1535378733114 0.25038 0.927217 -0.278529 -0.637482 -0.936873 0.304581 0.171753 -0.241771 0.244087 0.217943 0.944946 0.374065 0.150662 -0.119882 0.98129 0.381369 -0.978359 0.124322 0.165401 -0.482696 -0.141824 -0.984973 -0.0985571 0.440492 
1535378733136 0.250122 0.927156 -0.278964 -0.637495 -0.936953 0.304405 0.171628 -0.241774 0.244044 0.218449 0.94484 0.374059 0.150515 -0.119471 0.981362 0.381342 -0.978352 0.124613 0.165223 -0.482653 -0.14203 -0.984986 -0.0981281 0.440371 
1535378733278 0.249865 0.927094 -0.2794 -0.637508 -0.937033 0.304229 0.171503 -0.241778 0.244001 0.218955 0.944734 0.374053 0.150367 -0.119059 0.981435 0.381316 -0.978345 0.124905 0.165046 -0.482609 -0.142236 -0.984999 -0.0976992 0.44025 
1535378733308 0.249607 0.927032 -0.279835 -0.637522 -0.937113 0.304054 0.171378 -0.241781 0.243958 0.21946 0.944628 0.374047 0.15022 -0.118647 0.981507 0.381289 -0.978337 0.125196 0.164869 -0.482567 -0.142442 -0.985012 -0.0972703 0.440129 
1535378733369 0.249349 0.92697 -0.28027 -0.637535 -0.937193 0.303878 0.171253 -0.241785 0.243914 0.219966 0.944522 0.374041 0.150072 -0.118236 0.98158 0.381263 -0.97833 0.125487 0.164691 -0.482523 -0.142648 -0.985024 -0.0968414 0.440008 
1535378733409 0.249092 0.926908 -0.280706 -0.637548 -0.937273 0.303702 0.171128 -0.241788 0.243871 0.220471 0.944415 0.374035 0.149925 -0.117824 0.981652 0.381236 -0.978323 0.125779 0.164513 -0.482481 -0.142854 -0.985037 -0.0964125 0.439887 
1535378733457 0.248834 0.926845 -0.281141 -0.63756 -0.937353 0.303526 0.171003 -0.241791 0.243827 0.220977 0.944308 0.374029 0.149777 -0.117412 0.981724 0.381209 -0.978315 0.12607 0.164335 -0.482437 -0.14306 -0.985049 -0.0959837 0.439766 
1535378733622 0.248577 0.926782 -0.281576 -0.637574 -0.937432 0.30335 0.170879 -0.241795 0.243783 0.221482 0.944201 0.374023 0.14963 -0.117 0.981795 0.381183 -0.978307 0.126361 0.164157 -0.482394 -0.143267 -0.98506 -0.0955548 0.439644 
1535378733688 0.249076 0.926829 -0.280981 -0.637546 -0.937282 0.303732 0.171022 -0.241867 0.243851 0.220761 0.944352 0.374013 0.149755 -0.117619 0.981702 0.381179 -0.978379 0.125618 0.164299 -0.482547 -0.142644 -0.985082 -0.0962644 0.440012 
1535378733700 0.248243 0.926846 -0.281659 -0.637484 -0.937237 0.303304 0.172026 -0.24196 0.24487 0.221276 0.943968 0.374045 0.152183 -0.117535 0.981339 0.38118 -0.978805 0.119753 0.166133 -0.482864 -0.137044 -0.985822 -0.0968195 0.4402 
1535378734000 0.247411 0.926862 -0.282336 -0.637422 -0.937191 0.302876 0.173032 -0.242053 0.24589 0.221793 0.943582 0.374077 0.154665 -0.11748 0.980957 0.381193 -0.979187 0.113854 0.168021 -0.483182 -0.131425 -0.986527 -0.0974253 0.440401 
1535378734006 0.246578 0.926878 -0.283014 -0.63736 -0.937142 0.302449 0.174037 -0.242146 0.246908 0.22231 0.943194 0.374108 0.157145 -0.117409 0.980571 0.381206 -0.97953 0.107952 0.169904 -0.4835 -0.125803 -0.987199 -0.0980419 0.440603 
1535378734402 0.245744 0.926893 -0.28369 -0.637299 -0.937092 0.302023 0.175043 -0.242239 0.247926 0.222828 0.942804 0.37414 0.159625 -0.117324 0.980181 0.381219 -0.979835 0.102047 0.171783 -0.483816 -0.120179 -0.987837 -0.0986694 0.440805 
1535378734415 0.244909 0.926907 -0.284364 -0.637237 -0.937041 0.301597 0.176048 -0.242332 0.248944 0.223345 0.942414 0.374172 0.162103 -0.117224 0.979786 0.381233 -0.980102 0.0961381 0.173658 -0.484135 -0.114552 -0.988441 -0.0993076 0.441007 
1535378734817 0.244074 0.92692 -0.285038 -0.637175 -0.936989 0.301171 0.177054 -0.242425 0.24996 0.223863 0.942022 0.374204 0.16458 -0.11711 0.979387 0.381245 -0.980331 0.0902262 0.175527 -0.484451 -0.108922 -0.989012 -0.0999567 0.441209 
1535378734824 0.243238 0.926933 -0.285711 -0.637113 -0.936935 0.300746 0.17806 -0.242518 0.250976 0.224382 0.941628 0.374236 0.167056 -0.11698 0.978983 0.381259 -0.980522 0.0843115 0.177393 -0.48477 -0.103291 -0.989549 -0.100617 0.441411 
1535378735101 0.2424 0.926945 -0.286383 -0.637051 -0.936879 0.300321 0.179066 -0.242611 0.251991 0.224901 0.941233 0.374267 0.169529 -0.116835 0.978575 0.381272 -0.980675 0.0783942 0.179253 -0.485087 -0.0976576 -0.990052 -0.101287 0.441613 
1535378735112 0.241562 0.926956 -0.287055 -0.636989 -0.936822 0.299897 0.180072 -0.242704 0.253006 0.22542 0.940837 0.374299 0.172001 -0.116675 0.978163 0.381285 -0.980789 0.0724745 0.181108 -0.485404 -0.0920227 -0.990522 -0.101968 0.441815 
1535378735512 0.242463 0.926922 -0.286406 -0.637096 -0.936922 0.300332 0.178822 -0.242588 0.251771 0.224982 0.941273 0.374192 0.169218 -0.117034 0.978605 0.38126 -0.980612 0.0795661 0.179081 -0.484911 -0.0988224 -0.989935 -0.101301 0.441553 
1535378735783 0.242094 0.926884 -0.286839 -0.63709 -0.93695 0.300125 0.179026 -0.242643 0.252024 0.225413 0.941102 0.374286 0.170737 -0.115916 0.978474 0.381277 -0.980936 0.0735395 0.179879 -0.485119 -0.0928073 -0.990533 -0.10115 0.441559 
1535378735801 0.241725 0.926846 -0.287274 -0.637084 -0.936977 0.299919 0.17923 -0.242698 0.252277 0.225844 0.940931 0.37438 0.172251 -0.114788 0.978342 0.381295 -0.981222 0.0675105 0.180679 -0.485331 -0.0867881 -0.991093 -0.101004 0.441564 
1535378736005 0.241356 0.926807 -0.287707 -0.637078 -0.937004 0.299713 0.179434 -0.242752 0.252531 0.226275 0.940759 0.374474 0.173757 -0.11365 0.978209 0.381314 -0.981471 0.0614799 0.181479 -0.485542 -0.0807654 -0.991617 -0.100862 0.44157 
1535378736012 0.240986 0.926769 -0.28814 -0.637072 -0.937031 0.299506 0.179639 -0.242807 0.252784 0.226706 0.940588 0.374568 0.175256 -0.112504 0.978074 0.381332 -0.981682 0.0554481 0.18228 -0.485753 -0.0747395 -0.992103 -0.100725 0.441576 
1535378736413 0.240617 0.92673 -0.288574 -0.637066 -0.937057 0.2993 0.179843 -0.242862 0.253036 0.227137 0.940415 0.374662 0.176748 -0.111348 0.977938 0.381351 -0.981855 0.049415 0.183082 -0.485965 -0.0687105 -0.992552 -0.100593 0.441582 
1535378736419 0.240247 0.926691 -0.289008 -0.63706 -0.937084 0.299093 0.180048 -0.242917 0.253289 0.227569 0.940243 0.374756 0.178232 -0.110182 0.9778 0.381369 -0.98199 0.0433811 0.183884 -0.486176 -0.0626789 -0.992964 -0.100466 0.441588 
1535378736947 0.239877 0.926651 -0.289441 -0.637054 -0.93711 0.298887 0.180253 -0.242971 0.253542 0.227999 0.940071 0.374851 0.179709 -0.109008 0.977661 0.381387 -0.982088 0.0373465 0.184687 -0.486389 -0.0566447 -0.993339 -0.100344 0.441594 
1535378736953 0.239508 0.926611 -0.289874 -0.637048 -0.937136 0.298681 0.180457 -0.243026 0.253794 0.228431 0.939898 0.374945 0.181179 -0.107825 0.977521 0.381406 -0.982147 0.0313115 0.18549 -0.4866 -0.0506082 -0.993677 -0.100227 0.4416 
1535378737384 0.239138 0.926571 -0.290307 -0.637042 -0.937163 0.298475 0.180662 -0.243081 0.254046 0.228862 0.939725 0.375039 0.182641 -0.106633 0.97738 0.381424 -0.982169 0.0252764 0.186294 -0.486811 -0.0445696 -0.993977 -0.100115 0.441606 
