1534965523958 0.365126 0.921317 0.133634 -0.531278 -0.923616 0.340503 0.176045 -0.249059 0.116691 -0.187705 0.975269 0.326858 0.16008 -0.304787 0.938871 0.370831 -0.775623 0.549475 0.310623 -0.528794 -0.61056 -0.777934 -0.14844 0.432481 
1534965523971 0.357288 0.930158 0.0845688 -0.541115 -0.924378 0.339198 0.174556 -0.249245 0.133679 -0.14054 0.981009 0.33271 0.316241 -0.38488 0.867098 0.400864 -0.930001 -0.306251 0.203246 -0.504429 0.187325 -0.870677 -0.454788 0.485926 
1534965524743 0.348603 0.936607 0.0352746 -0.550953 -0.925149 0.337818 0.173142 -0.249432 0.150249 -0.0929921 0.984265 0.338563 0.316241 -0.38488 0.867098 0.400864 -0.930001 -0.306251 0.203246 -0.504429 0.187325 -0.870677 -0.454788 0.485926 
1534965525541 0.339092 0.940647 -0.0141232 -0.56079 -0.925927 0.336365 0.171807 -0.249619 0.16636 -0.0451811 0.985029 0.344415 0.316241 -0.38488 0.867098 0.400864 -0.930001 -0.306251 0.203246 -0.504429 0.187325 -0.870677 -0.454788 0.485926 
1534965526340 0.328779 0.94227 -0.0634989 -0.570628 -0.92671 0.334844 0.170553 -0.249806 0.181969 0.00277076 0.9833 0.350267 0.316241 -0.38488 0.867098 0.400864 -0.930001 -0.306251 0.203246 -0.504429 0.187325 -0.870677 -0.454788 0.485926 
1534965526347 0.317692 0.941469 -0.112727 -0.580466 -0.927496 0.333258 0.169384 -0.249992 0.197037 0.0507413 0.979082 0.356119 0.316241 -0.38488 0.867098 0.400864 -0.930001 -0.306251 0.203246 -0.504429 0.187325 -0.870677 -0.454788 0.485926 
1534965527469 0.305857 0.938249 -0.161681 -0.590303 -0.928282 0.331611 0.168304 -0.250179 0.211526 0.0986084 0.972385 0.361971 0.316241 -0.38488 0.867098 0.400864 -0.930001 -0.306251 0.203246 -0.504429 0.187325 -0.870677 -0.454788 0.485926 
1534965528273 0.293306 0.932616 -0.210237 -0.60014 -0.929068 0.329907 0.167314 -0.250365 0.225399 0.14625 0.963227 0.367823 0.316241 -0.38488 0.867098 0.400864 -0.930001 -0.306251 0.203246 -0.504429 0.187325 -0.870677 -0.454788 0.485926 
1534965528280 0.28007 0.924585 -0.258271 -0.609976 -0.92985 0.328152 0.166418 -0.250551 0.23862 0.193544 0.951631 0.373676 0.316241 -0.38488 0.867098 0.400864 -0.930001 -0.306251 0.203246 -0.504429 0.187325 -0.870677 -0.454788 0.485926 
1534965529084 0.266242 0.914133 -0.305738 -0.619248 -0.930611 0.326418 0.165571 -0.250455 0.251152 0.240441 0.937609 0.37963 0.316531 -0.385118 0.866887 0.401814 -0.929976 -0.306103 0.20358 -0.50615 0.186955 -0.870623 -0.455042 0.486735 
1534965530251 0.26687 0.91424 -0.30487 -0.618894 -0.930511 0.326781 0.165417 -0.250453 0.250857 0.23954 0.937919 0.379348 0.316531 -0.385118 0.866887 0.401814 -0.929976 -0.306103 0.20358 -0.50615 0.186955 -0.870623 -0.455042 0.486735 
1534965530265 0.26533 0.913363 -0.308817 -0.61958 -0.930623 0.326349 0.16564 -0.250498 0.252071 0.243444 0.936587 0.379756 0.316221 -0.384863 0.867113 0.400797 -0.930002 -0.306262 0.203223 -0.504308 0.187351 -0.87068 -0.45477 0.485869 
1534965530652 0.263785 0.912469 -0.312759 -0.620265 -0.930735 0.325918 0.165864 -0.250543 0.25328 0.247343 0.935238 0.380165 0.316221 -0.384863 0.867113 0.400797 -0.930002 -0.306262 0.203223 -0.504308 0.187351 -0.87068 -0.45477 0.485869 
1534965530888 0.262235 0.911558 -0.316695 -0.620951 -0.930845 0.325487 0.16609 -0.250589 0.254481 0.251239 0.933873 0.380573 0.316221 -0.384863 0.867113 0.400797 -0.930002 -0.306262 0.203223 -0.504308 0.187351 -0.87068 -0.45477 0.485869 
1534965531135 0.260681 0.910629 -0.320625 -0.621637 -0.930954 0.325058 0.166318 -0.250634 0.255676 0.255131 0.93249 0.380982 0.316221 -0.384863 0.867113 0.400797 -0.930002 -0.306262 0.203223 -0.504308 0.187351 -0.87068 -0.45477 0.485869 
1534965531380 0.25912 0.909684 -0.324548 -0.622323 -0.931063 0.324629 0.166548 -0.250679 0.256864 0.259019 0.931091 0.38139 0.316221 -0.384863 0.867113 0.400797 -0.930002 -0.306262 0.203223 -0.504308 0.187351 -0.87068 -0.45477 0.485869 
1534965531621 0.257555 0.908722 -0.328466 -0.623008 -0.93117 0.324201 0.166779 -0.250725 0.258045 0.262903 0.929675 0.381799 0.316221 -0.384863 0.867113 0.400797 -0.930002 -0.306262 0.203223 -0.504308 0.187351 -0.87068 -0.45477 0.485869 
1534965531872 0.255984 0.907743 -0.332377 -0.623694 -0.931277 0.323774 0.167013 -0.25077 0.25922 0.266782 0.928242 0.382207 0.316221 -0.384863 0.867113 0.400797 -0.930002 -0.306262 0.203223 -0.504308 0.187351 -0.87068 -0.45477 0.485869 
1534965532107 0.254409 0.906748 -0.336281 -0.62438 -0.931383 0.323347 0.167248 -0.250815 0.260388 0.270657 0.926792 0.382616 0.316221 -0.384863 0.867113 0.400797 -0.930002 -0.306262 0.203223 -0.504308 0.187351 -0.87068 -0.45477 0.485869 
1534965532353 0.252828 0.905735 -0.34018 -0.625065 -0.931488 0.322922 0.167485 -0.25086 0.261549 0.274529 0.925325 0.383024 0.316221 -0.384863 0.867113 0.400797 -0.930002 -0.306262 0.203223 -0.504308 0.187351 -0.87068 -0.45477 0.485869 
1534965532614 0.253324 0.905928 -0.339295 -0.624883 -0.931461 0.323111 0.16727 -0.250867 0.261165 0.273666 0.925689 0.382851 0.316221 -0.384863 0.867113 0.400797 -0.930002 -0.306262 0.203223 -0.504308 0.187351 -0.87068 -0.45477 0.485869 
1534965532625 0.252834 0.90547 -0.340879 -0.625235 -0.931458 0.323086 0.167335 -0.250892 0.26165 0.275207 0.925095 0.383158 0.31622 -0.384863 0.867113 0.400795 -0.930002 -0.306262 0.203222 -0.504304 0.187351 -0.87068 -0.454769 0.485867 
1534965532678 0.252342 0.90501 -0.342463 -0.625591 -0.931455 0.323061 0.167401 -0.25092 0.262136 0.276746 0.924498 0.383464 0.31622 -0.384863 0.867113 0.400795 -0.930002 -0.306262 0.203222 -0.504304 0.187351 -0.87068 -0.454769 0.485867 
1534965532833 0.251849 0.904547 -0.344045 -0.625947 -0.931452 0.323036 0.167466 -0.250947 0.26262 0.278285 0.923898 0.38377 0.31622 -0.384863 0.867113 0.400795 -0.930002 -0.306262 0.203222 -0.504304 0.187351 -0.87068 -0.454769 0.485867 
1534965532988 0.251356 0.904081 -0.345627 -0.626304 -0.931449 0.323012 0.167531 -0.250975 0.263103 0.279823 0.923296 0.384076 0.31622 -0.384863 0.867113 0.400795 -0.930002 -0.306262 0.203222 -0.504304 0.187351 -0.87068 -0.454769 0.485867 
1534965533147 0.250862 0.903612 -0.347207 -0.626659 -0.931445 0.322987 0.167597 -0.251001 0.263586 0.281361 0.922691 0.384382 0.31622 -0.384863 0.867113 0.400795 -0.930002 -0.306262 0.203222 -0.504304 0.187351 -0.87068 -0.454769 0.485867 
1534965533308 0.250367 0.903141 -0.348786 -0.627016 -0.931442 0.322963 0.167663 -0.251029 0.264068 0.282897 0.922083 0.384688 0.31622 -0.384863 0.867113 0.400795 -0.930002 -0.306262 0.203222 -0.504304 0.187351 -0.87068 -0.454769 0.485867 
1534965533474 0.249871 0.902668 -0.350365 -0.627371 -0.931439 0.322938 0.167728 -0.251056 0.264549 0.284433 0.921473 0.384995 0.31622 -0.384863 0.867113 0.400795 -0.930002 -0.306262 0.203222 -0.504304 0.187351 -0.87068 -0.454769 0.485867 
1534965533630 0.249375 0.902191 -0.351942 -0.627728 -0.931435 0.322914 0.167794 -0.251084 0.265029 0.285967 0.92086 0.385301 0.31622 -0.384863 0.867113 0.400795 -0.930002 -0.306262 0.203222 -0.504304 0.187351 -0.87068 -0.454769 0.485867 
1534965533793 0.248877 0.901712 -0.353518 -0.628084 -0.931432 0.32289 0.167859 -0.251111 0.265508 0.287502 0.920244 0.385607 0.31622 -0.384863 0.867113 0.400795 -0.930002 -0.306262 0.203222 -0.504304 0.187351 -0.87068 -0.454769 0.485867 
1534965533972 0.249124 0.901926 -0.352799 -0.627878 -0.931432 0.322915 0.16781 -0.251131 0.265276 0.286803 0.920529 0.385449 0.31622 -0.384863 0.867113 0.400795 -0.930002 -0.306262 0.203222 -0.504304 0.187351 -0.87068 -0.454769 0.485867 
1534965533983 0.248689 0.901959 -0.353021 -0.628034 -0.931555 0.322542 0.167843 -0.251198 0.265252 0.287118 0.920437 0.385553 0.31622 -0.384863 0.867113 0.400795 -0.930002 -0.306262 0.203222 -0.504304 0.187351 -0.87068 -0.454769 0.485867 
1534965533999 0.248254 0.901992 -0.353242 -0.628194 -0.931678 0.322169 0.167877 -0.251268 0.265228 0.287432 0.920346 0.385656 0.31622 -0.384863 0.867113 0.400795 -0.930002 -0.306262 0.203222 -0.504304 0.187351 -0.87068 -0.454769 0.485867 
1534965534115 0.247818 0.902026 -0.353463 -0.628356 -0.931801 0.321795 0.167911 -0.251338 0.265203 0.287745 0.920255 0.385759 0.31622 -0.384863 0.867113 0.400795 -0.930002 -0.306262 0.203222 -0.504304 0.187351 -0.87068 -0.454769 0.485867 
1534965534165 0.247383 0.902059 -0.353683 -0.628516 -0.931924 0.321422 0.167945 -0.251407 0.265178 0.288059 0.920164 0.385863 0.31622 -0.384863 0.867113 0.400795 -0.930002 -0.306262 0.203222 -0.504304 0.187351 -0.87068 -0.454769 0.485867 
1534965534268 0.246947 0.902092 -0.353904 -0.628677 -0.932047 0.321048 0.16798 -0.251477 0.265153 0.288373 0.920073 0.385966 0.31622 -0.384863 0.867113 0.400795 -0.930002 -0.306262 0.203222 -0.504304 0.187351 -0.87068 -0.454769 0.485867 
1534965534335 0.246511 0.902124 -0.354124 -0.628839 -0.932169 0.320674 0.168014 -0.251547 0.265128 0.288687 0.919982 0.386069 0.31622 -0.384863 0.867113 0.400795 -0.930002 -0.306262 0.203222 -0.504304 0.187351 -0.87068 -0.454769 0.485867 
1534965534341 0.246076 0.902156 -0.354345 -0.628999 -0.932291 0.320301 0.168048 -0.251616 0.265103 0.289 0.919891 0.386172 0.31622 -0.384863 0.867113 0.400795 -0.930002 -0.306262 0.203222 -0.504304 0.187351 -0.87068 -0.454769 0.485867 
1534965534477 0.24564 0.902189 -0.354566 -0.629161 -0.932413 0.319927 0.168083 -0.251687 0.265077 0.289314 0.9198 0.386275 0.31622 -0.384863 0.867113 0.400795 -0.930002 -0.306262 0.203222 -0.504304 0.187351 -0.87068 -0.454769 0.485867 
1534965534521 0.245204 0.90222 -0.354786 -0.629321 -0.932535 0.319553 0.168117 -0.251756 0.265052 0.289627 0.919708 0.386379 0.31622 -0.384863 0.867113 0.400795 -0.930002 -0.306262 0.203222 -0.504304 0.187351 -0.87068 -0.454769 0.485867 
1534965534638 0.245679 0.902216 -0.354468 -0.629098 -0.93242 0.319928 0.168048 -0.251638 0.26502 0.289226 0.919844 0.386234 0.31622 -0.384863 0.867113 0.400795 -0.930002 -0.306262 0.203222 -0.504304 0.187351 -0.87068 -0.454769 0.485867 
1534965534651 0.245407 0.902241 -0.354593 -0.629175 -0.932433 0.31976 0.168291 -0.251766 0.265224 0.289334 0.919751 0.386273 0.31622 -0.384863 0.867113 0.400795 -0.930002 -0.306262 0.203222 -0.504304 0.187351 -0.87068 -0.45477 0.485867 
1534965534668 0.245133 0.902267 -0.354717 -0.629256 -0.932447 0.31959 0.168535 -0.251895 0.265428 0.289441 0.919659 0.386312 0.31622 -0.384863 0.867113 0.400795 -0.930002 -0.306262 0.203222 -0.504304 0.187351 -0.87068 -0.45477 0.485867 
1534965534683 0.244859 0.902293 -0.354841 -0.629337 -0.932461 0.31942 0.168779 -0.252025 0.265631 0.289548 0.919566 0.38635 0.31622 -0.384863 0.867113 0.400795 -0.930002 -0.306262 0.203222 -0.504304 0.187351 -0.87068 -0.45477 0.485867 
1534965534823 0.244584 0.902319 -0.354964 -0.629419 -0.932475 0.319251 0.169022 -0.252155 0.265835 0.289655 0.919474 0.386389 0.31622 -0.384863 0.867113 0.400795 -0.930002 -0.306262 0.203222 -0.504304 0.187351 -0.87068 -0.45477 0.485867 
1534965534862 0.24431 0.902344 -0.355088 -0.629501 -0.932489 0.319081 0.169266 -0.252285 0.266038 0.289762 0.919381 0.386427 0.31622 -0.384863 0.867113 0.400795 -0.930002 -0.306262 0.203222 -0.504304 0.187351 -0.87068 -0.45477 0.485867 
1534965534949 0.244036 0.90237 -0.355212 -0.629582 -0.932503 0.318912 0.16951 -0.252414 0.266242 0.28987 0.919288 0.386466 0.31622 -0.384863 0.867113 0.400795 -0.930002 -0.306262 0.203222 -0.504304 0.187351 -0.87068 -0.45477 0.485867 
1534965535003 0.243762 0.902395 -0.355335 -0.629664 -0.932517 0.318742 0.169753 -0.252545 0.266445 0.289977 0.919196 0.386504 0.31622 -0.384863 0.867113 0.400795 -0.930002 -0.306262 0.203222 -0.504304 0.187351 -0.87068 -0.45477 0.485867 
1534965535010 0.243487 0.902421 -0.355459 -0.629745 -0.93253 0.318572 0.169997 -0.252674 0.266648 0.290084 0.919103 0.386543 0.31622 -0.384863 0.867113 0.400795 -0.930002 -0.306262 0.203222 -0.504304 0.187351 -0.87068 -0.45477 0.485867 
1534965535128 0.243213 0.902446 -0.355582 -0.629825 -0.932544 0.318403 0.170241 -0.252803 0.266852 0.290191 0.91901 0.386581 0.31622 -0.384863 0.867113 0.400795 -0.930002 -0.306262 0.203222 -0.504304 0.187351 -0.87068 -0.45477 0.485867 
1534965535172 0.243524 0.902438 -0.35539 -0.62971 -0.932604 0.318503 0.169722 -0.25258 0.266356 0.290106 0.91918 0.386501 0.31622 -0.384863 0.867113 0.400795 -0.930002 -0.306262 0.203222 -0.504304 0.187351 -0.87068 -0.45477 0.485867 
1534965535184 0.243814 0.902396 -0.355297 -0.629711 -0.932467 0.318823 0.169872 -0.252598 0.266569 0.289886 0.919188 0.386491 0.31622 -0.384863 0.867113 0.400795 -0.930002 -0.306262 0.203222 -0.504304 0.187351 -0.87068 -0.45477 0.485867 
1534965535204 0.244106 0.902354 -0.355204 -0.629711 -0.93233 0.319143 0.170022 -0.252615 0.266781 0.289664 0.919197 0.386482 0.31622 -0.384863 0.867113 0.400795 -0.930002 -0.306262 0.203222 -0.504304 0.187351 -0.87068 -0.45477 0.485867 
1534965535221 0.244398 0.902312 -0.355111 -0.629713 -0.932193 0.319464 0.170172 -0.252631 0.266994 0.289442 0.919205 0.38647 0.31622 -0.384863 0.867113 0.400795 -0.930002 -0.306262 0.203222 -0.504304 0.187351 -0.87068 -0.45477 0.485867 
1534965535361 0.24469 0.902269 -0.355017 -0.629714 -0.932056 0.319785 0.170322 -0.252648 0.267206 0.28922 0.919213 0.38646 0.31622 -0.384863 0.867113 0.400795 -0.930002 -0.306262 0.203222 -0.504304 0.187351 -0.87068 -0.45477 0.485867 
1534965535375 0.244981 0.902227 -0.354924 -0.629715 -0.931918 0.320105 0.170472 -0.252666 0.267418 0.288998 0.919221 0.386449 0.31622 -0.384863 0.867113 0.400795 -0.930002 -0.306262 0.203222 -0.504304 0.187351 -0.87068 -0.45477 0.485867 
1534965535394 0.245273 0.902184 -0.354831 -0.629716 -0.931781 0.320425 0.170622 -0.252683 0.26763 0.288776 0.91923 0.386439 0.31622 -0.384863 0.867113 0.400795 -0.930002 -0.306262 0.203222 -0.504304 0.187351 -0.87068 -0.45477 0.485867 
1534965535410 0.245565 0.902141 -0.354738 -0.629717 -0.931643 0.320746 0.170773 -0.2527 0.267842 0.288553 0.919238 0.386429 0.31622 -0.384863 0.867113 0.400795 -0.930002 -0.306262 0.203222 -0.504304 0.187351 -0.87068 -0.45477 0.485867 
1534965535448 0.245856 0.902099 -0.354645 -0.629718 -0.931505 0.321066 0.170923 -0.252717 0.268054 0.288331 0.919246 0.386418 0.31622 -0.384863 0.867113 0.400795 -0.930002 -0.306262 0.203222 -0.504304 0.187351 -0.87068 -0.45477 0.485867 
1534965535494 0.246149 0.902056 -0.354551 -0.629719 -0.931367 0.321387 0.171073 -0.252732 0.268265 0.288108 0.919254 0.386406 0.31622 -0.384863 0.867113 0.400795 -0.930002 -0.306262 0.203222 -0.504304 0.187351 -0.87068 -0.45477 0.485867 
1534965535531 0.244801 0.902273 -0.354932 -0.629706 -0.931958 0.319946 0.170553 -0.252583 0.267444 0.28903 0.919204 0.386435 0.31622 -0.384863 0.867113 0.400795 -0.930002 -0.306262 0.203222 -0.504304 0.187351 -0.87068 -0.45477 0.485867 
1534965535544 0.245475 0.902255 -0.35451 -0.629542 -0.931826 0.320448 0.170335 -0.252492 0.267288 0.288529 0.919407 0.386501 0.31622 -0.384863 0.867113 0.400795 -0.930002 -0.306262 0.203222 -0.504304 0.187351 -0.87068 -0.45477 0.485867 
1534965535561 0.246148 0.902237 -0.354089 -0.629373 -0.931693 0.320949 0.170118 -0.252398 0.267132 0.288028 0.919609 0.386567 0.31622 -0.384863 0.867113 0.400795 -0.930002 -0.306262 0.203222 -0.504304 0.187351 -0.87068 -0.45477 0.485867 
1534965535712 0.246821 0.902218 -0.353668 -0.629204 -0.93156 0.321449 0.169902 -0.252305 0.266975 0.287528 0.919811 0.386634 0.31622 -0.384863 0.867113 0.400795 -0.930002 -0.306262 0.203222 -0.504304 0.187351 -0.87068 -0.45477 0.485867 
1534965535823 0.247494 0.902199 -0.353247 -0.629035 -0.931426 0.32195 0.169686 -0.252211 0.266818 0.287027 0.920013 0.3867 0.31622 -0.384863 0.867113 0.400795 -0.930002 -0.306262 0.203222 -0.504304 0.187351 -0.87068 -0.45477 0.485867 
1534965535916 0.248167 0.902179 -0.352825 -0.628865 -0.931292 0.322451 0.169469 -0.252117 0.266661 0.286527 0.920214 0.386767 0.31622 -0.384863 0.867113 0.400795 -0.930002 -0.306262 0.203222 -0.504304 0.187351 -0.87068 -0.45477 0.485867 
1534965536016 0.248839 0.902159 -0.352403 -0.628697 -0.931158 0.322952 0.169254 -0.252023 0.266503 0.286026 0.920416 0.386833 0.31622 -0.384863 0.867113 0.400795 -0.930002 -0.306262 0.203222 -0.504304 0.187351 -0.87068 -0.45477 0.485867 
1534965536107 0.249512 0.902138 -0.351981 -0.628527 -0.931023 0.323453 0.169038 -0.251929 0.266345 0.285526 0.920617 0.3869 0.31622 -0.384863 0.867113 0.400795 -0.930002 -0.306262 0.203222 -0.504304 0.187351 -0.87068 -0.45477 0.485867 
1534965536210 0.250184 0.902117 -0.351559 -0.628359 -0.930888 0.323954 0.168823 -0.251836 0.266187 0.285025 0.920818 0.386966 0.31622 -0.384863 0.867113 0.400795 -0.930002 -0.306262 0.203222 -0.504304 0.187351 -0.87068 -0.45477 0.485867 
1534965536217 0.250856 0.902095 -0.351136 -0.628189 -0.930753 0.324455 0.168607 -0.251742 0.266028 0.284525 0.921018 0.387033 0.31622 -0.384863 0.867113 0.400795 -0.930002 -0.306262 0.203222 -0.504304 0.187351 -0.87068 -0.45477 0.485867 
1534965536419 0.250256 0.902069 -0.35163 -0.628329 -0.930827 0.32408 0.16892 -0.251862 0.266333 0.285033 0.920773 0.386982 0.31622 -0.384863 0.867113 0.400795 -0.930002 -0.306262 0.203222 -0.504304 0.187351 -0.87068 -0.45477 0.485867 
1534965536432 0.250383 0.902012 -0.351686 -0.627995 -0.930781 0.324221 0.168899 -0.251749 0.266373 0.285053 0.920755 0.387157 0.31622 -0.384863 0.867113 0.400795 -0.930002 -0.306262 0.203222 -0.504304 0.187351 -0.87068 -0.45477 0.485867 
1534965536466 0.250518 0.901954 -0.351739 -0.627654 -0.930734 0.324369 0.168875 -0.251633 0.266411 0.285069 0.920739 0.387333 0.31622 -0.384863 0.867113 0.400795 -0.930002 -0.306262 0.203222 -0.504304 0.187351 -0.87068 -0.45477 0.485867 
1534965536472 0.250653 0.901895 -0.351792 -0.627314 -0.930687 0.324517 0.168852 -0.251517 0.266449 0.285085 0.920723 0.38751 0.31622 -0.384863 0.867113 0.400795 -0.930002 -0.306262 0.203222 -0.504304 0.187351 -0.87068 -0.45477 0.485867 
1534965536689 0.250788 0.901837 -0.351845 -0.626973 -0.93064 0.324664 0.168828 -0.251401 0.266487 0.285101 0.920707 0.387687 0.31622 -0.384863 0.867113 0.400795 -0.930002 -0.306262 0.203222 -0.504304 0.187351 -0.87068 -0.45477 0.485867 
1534965536837 0.250923 0.901779 -0.351898 -0.626631 -0.930592 0.324812 0.168804 -0.251284 0.266525 0.285117 0.920692 0.387863 0.31622 -0.384863 0.867113 0.400795 -0.930002 -0.306262 0.203222 -0.504304 0.187351 -0.87068 -0.45477 0.485867 
1534965536844 0.251058 0.901721 -0.351951 -0.626291 -0.930545 0.32496 0.16878 -0.251169 0.266563 0.285133 0.920676 0.38804 0.31622 -0.384863 0.867113 0.400795 -0.930002 -0.306262 0.203222 -0.504304 0.187351 -0.87068 -0.45477 0.485867 
1534965537047 0.251193 0.901662 -0.352004 -0.62595 -0.930498 0.325108 0.168756 -0.251052 0.2666 0.285149 0.92066 0.388217 0.31622 -0.384863 0.867113 0.400795 -0.930002 -0.306262 0.203222 -0.504304 0.187351 -0.87068 -0.45477 0.485867 
1534965537194 0.251328 0.901604 -0.352057 -0.62561 -0.93045 0.325256 0.168732 -0.250936 0.266638 0.285164 0.920644 0.388393 0.31622 -0.384863 0.867113 0.400795 -0.930002 -0.306262 0.203222 -0.504304 0.187351 -0.87068 -0.45477 0.485867 
1534965537347 0.251463 0.901546 -0.35211 -0.62527 -0.930403 0.325404 0.168708 -0.250821 0.266676 0.28518 0.920628 0.38857 0.31622 -0.384863 0.867113 0.400795 -0.930002 -0.306262 0.203222 -0.504304 0.187351 -0.87068 -0.45477 0.485867 
1534965537516 0.251322 0.901569 -0.35215 -0.625493 -0.930435 0.325285 0.168759 -0.250886 0.266697 0.28524 0.920603 0.388416 0.31622 -0.384863 0.867113 0.400795 -0.930002 -0.306262 0.203222 -0.504304 0.187351 -0.87068 -0.45477 0.485867 
1534965537527 0.251407 0.901485 -0.352305 -0.625082 -0.930351 0.32546 0.16889 -0.250686 0.266913 0.285307 0.92052 0.388601 0.31622 -0.384863 0.867113 0.400795 -0.930002 -0.306262 0.203222 -0.504304 0.187351 -0.87068 -0.45477 0.485867 
1534965537567 0.251492 0.901401 -0.35246 -0.624666 -0.930266 0.325635 0.16902 -0.250483 0.267128 0.285374 0.920437 0.388788 0.31622 -0.384863 0.867113 0.400795 -0.930002 -0.306262 0.203222 -0.504304 0.187351 -0.87068 -0.45477 0.485867 
1534965537757 0.251578 0.901316 -0.352615 -0.624249 -0.930181 0.32581 0.16915 -0.250279 0.267343 0.285442 0.920354 0.388974 0.31622 -0.384863 0.867113 0.400795 -0.930002 -0.306262 0.203222 -0.504304 0.187351 -0.87068 -0.45477 0.485867 
1534965537923 0.251663 0.901232 -0.35277 -0.623835 -0.930096 0.325984 0.169281 -0.250077 0.267559 0.285509 0.92027 0.38916 0.31622 -0.384863 0.867113 0.400795 -0.930002 -0.306262 0.203222 -0.504304 0.187351 -0.87068 -0.45477 0.485867 
1534965538101 0.251748 0.901147 -0.352926 -0.623418 -0.930011 0.326159 0.169411 -0.249874 0.267774 0.285576 0.920187 0.389347 0.31622 -0.384863 0.867113 0.400795 -0.930002 -0.306262 0.203222 -0.504304 0.187351 -0.87068 -0.45477 0.485867 
1534965538271 0.251833 0.901063 -0.353081 -0.623001 -0.929926 0.326334 0.169541 -0.249671 0.267989 0.285643 0.920103 0.389533 0.31622 -0.384863 0.867113 0.400795 -0.930002 -0.306262 0.203222 -0.504304 0.187351 -0.87068 -0.45477 0.485867 
1534965538447 0.251918 0.900978 -0.353236 -0.622586 -0.929841 0.326509 0.169671 -0.249468 0.268205 0.28571 0.92002 0.389719 0.31622 -0.384863 0.867113 0.400795 -0.930002 -0.306262 0.203222 -0.504304 0.187351 -0.87068 -0.45477 0.485867 
1534965538617 0.252003 0.900893 -0.353392 -0.622171 -0.929755 0.326684 0.169801 -0.249265 0.26842 0.285777 0.919936 0.389906 0.31622 -0.384863 0.867113 0.400795 -0.930002 -0.306262 0.203222 -0.504304 0.187351 -0.87068 -0.45477 0.485867 
1534965538785 0.252088 0.900809 -0.353547 -0.621754 -0.92967 0.326859 0.169931 -0.249062 0.268635 0.285844 0.919852 0.390092 0.31622 -0.384863 0.867113 0.400795 -0.930002 -0.306262 0.203222 -0.504304 0.187351 -0.87068 -0.45477 0.485867 
1534965538978 0.251949 0.900854 -0.353532 -0.621971 -0.929754 0.326677 0.169823 -0.249135 0.268477 0.285911 0.919878 0.389943 0.31622 -0.384863 0.867113 0.400795 -0.930002 -0.306262 0.203222 -0.504304 0.187351 -0.87068 -0.45477 0.485867 
1534965538989 0.252007 0.900809 -0.353604 -0.621609 -0.929694 0.326792 0.16993 -0.248989 0.26863 0.28592 0.919831 0.390095 0.31622 -0.384863 0.867113 0.400795 -0.930002 -0.306262 0.203222 -0.504304 0.187351 -0.87068 -0.45477 0.485867 
1534965539007 0.252064 0.900764 -0.353677 -0.621243 -0.929634 0.326907 0.170037 -0.24884 0.268782 0.285929 0.919783 0.390247 0.31622 -0.384863 0.867113 0.400795 -0.930002 -0.306262 0.203222 -0.504304 0.187351 -0.87068 -0.45477 0.485867 
1534965539187 0.252122 0.90072 -0.353749 -0.620877 -0.929574 0.327021 0.170144 -0.248692 0.268935 0.285939 0.919735 0.3904 0.31622 -0.384863 0.867113 0.400795 -0.930002 -0.306262 0.203222 -0.504304 0.187351 -0.87068 -0.45477 0.485867 
1534965539344 0.25218 0.900675 -0.353822 -0.620511 -0.929514 0.327136 0.170251 -0.248543 0.269088 0.285949 0.919687 0.390553 0.31622 -0.384863 0.867113 0.400795 -0.930002 -0.306262 0.203222 -0.504304 0.187351 -0.87068 -0.45477 0.485867 
1534965539509 0.252238 0.90063 -0.353895 -0.620146 -0.929454 0.327251 0.170357 -0.248395 0.269241 0.285959 0.919639 0.390705 0.31622 -0.384863 0.867113 0.400795 -0.930002 -0.306262 0.203222 -0.504304 0.187351 -0.87068 -0.45477 0.485867 
1534965539658 0.252295 0.900585 -0.353968 -0.619779 -0.929394 0.327366 0.170464 -0.248246 0.269394 0.285968 0.919592 0.390858 0.31622 -0.384863 0.867113 0.400795 -0.930002 -0.306262 0.203222 -0.504304 0.187351 -0.87068 -0.45477 0.485867 
1534965539816 0.252353 0.90054 -0.354041 -0.619414 -0.929334 0.32748 0.170571 -0.248098 0.269547 0.285978 0.919544 0.39101 0.31622 -0.384863 0.867113 0.400795 -0.930002 -0.306262 0.203222 -0.504304 0.187351 -0.87068 -0.45477 0.485867 
1534965539971 0.252411 0.900496 -0.354114 -0.619047 -0.929274 0.327595 0.170677 -0.247949 0.2697 0.285988 0.919496 0.391163 0.31622 -0.384863 0.867113 0.400795 -0.930002 -0.306262 0.203222 -0.504304 0.187351 -0.87068 -0.45477 0.485867 
1534965540118 0.252469 0.900451 -0.354186 -0.618681 -0.929214 0.32771 0.170784 -0.247801 0.269853 0.285997 0.919448 0.391316 0.31622 -0.384863 0.867113 0.400795 -0.930002 -0.306262 0.203222 -0.504304 0.187351 -0.87068 -0.45477 0.485867 
1534965540276 0.252267 0.900572 -0.354022 -0.618925 -0.929279 0.32748 0.170873 -0.247799 0.269819 0.28588 0.919495 0.391263 0.31622 -0.384863 0.867113 0.400795 -0.930002 -0.306262 0.203222 -0.504304 0.187351 -0.87068 -0.45477 0.485867 
1534965540288 0.252316 0.900642 -0.35381 -0.618643 -0.929239 0.327513 0.171024 -0.247684 0.269909 0.285622 0.919549 0.391338 0.31622 -0.384863 0.867113 0.400795 -0.930002 -0.306262 0.203222 -0.504304 0.187351 -0.87068 -0.45477 0.485867 
1534965540295 0.252367 0.900711 -0.353597 -0.618356 -0.929199 0.327548 0.171175 -0.247567 0.269999 0.285363 0.919602 0.391414 0.31622 -0.384863 0.867113 0.400795 -0.930002 -0.306262 0.203222 -0.504304 0.187351 -0.87068 -0.45477 0.485867 
1534965540455 0.252419 0.90078 -0.353385 -0.618068 -0.929159 0.327584 0.171325 -0.247449 0.270089 0.285105 0.919656 0.391491 0.31622 -0.384863 0.867113 0.400795 -0.930002 -0.306262 0.203222 -0.504304 0.187351 -0.87068 -0.45477 0.485867 
1534965540541 0.25247 0.900849 -0.353172 -0.617782 -0.929119 0.327619 0.171476 -0.247332 0.270179 0.284847 0.919709 0.391567 0.31622 -0.384863 0.867113 0.400795 -0.930002 -0.306262 0.203222 -0.504304 0.187351 -0.87068 -0.45477 0.485867 
1534965540651 0.252521 0.900918 -0.35296 -0.617495 -0.929079 0.327654 0.171626 -0.247214 0.27027 0.284588 0.919763 0.391643 0.31622 -0.384863 0.867113 0.400795 -0.930002 -0.306262 0.203222 -0.504304 0.187351 -0.87068 -0.45477 0.485867 
1534965540658 0.252572 0.900987 -0.352747 -0.617209 -0.929039 0.327689 0.171777 -0.247097 0.27036 0.28433 0.919816 0.391719 0.31622 -0.384863 0.867113 0.400795 -0.930002 -0.306262 0.203222 -0.504304 0.187351 -0.87068 -0.45477 0.485867 
1534965540840 0.252624 0.901055 -0.352535 -0.616921 -0.928998 0.327724 0.171927 -0.246979 0.27045 0.284071 0.91987 0.391795 0.31622 -0.384863 0.867113 0.400795 -0.930002 -0.306262 0.203222 -0.504304 0.187351 -0.87068 -0.45477 0.485867 
1534965540940 0.252675 0.901124 -0.352322 -0.616635 -0.928958 0.327759 0.172078 -0.246862 0.27054 0.283813 0.919923 0.391871 0.31622 -0.384863 0.867113 0.400795 -0.930002 -0.306262 0.203222 -0.504304 0.187351 -0.87068 -0.45477 0.485867 
1534965541044 0.252726 0.901193 -0.35211 -0.616347 -0.928918 0.327794 0.172228 -0.246744 0.27063 0.283555 0.919976 0.391947 0.31622 -0.384863 0.867113 0.400795 -0.930002 -0.306262 0.203222 -0.504304 0.187351 -0.87068 -0.45477 0.485867 
1534965541153 0.252499 0.901218 -0.352208 -0.61663 -0.929047 0.32753 0.172037 -0.246788 0.270401 0.283778 0.919974 0.39192 0.31622 -0.384863 0.867113 0.400795 -0.930002 -0.306262 0.203222 -0.504304 0.187351 -0.87068 -0.45477 0.485867 
1534965541164 0.252548 0.901271 -0.352038 -0.616376 -0.92904 0.327536 0.172061 -0.246653 0.270378 0.283603 0.920035 0.391992 0.31622 -0.384863 0.867113 0.400795 -0.930002 -0.306262 0.203222 -0.504304 0.187351 -0.87068 -0.45477 0.485867 
1534965541180 0.252596 0.901324 -0.351868 -0.616118 -0.929033 0.327542 0.172085 -0.246516 0.270356 0.283429 0.920095 0.392066 0.31622 -0.384863 0.867113 0.400795 -0.930002 -0.306262 0.203222 -0.504304 0.187351 -0.87068 -0.45477 0.485867 
1534965541275 0.252645 0.901376 -0.351698 -0.615859 -0.929026 0.327549 0.17211 -0.246378 0.270334 0.283254 0.920156 0.392139 0.31622 -0.384863 0.867113 0.400795 -0.930002 -0.306262 0.203222 -0.504304 0.187351 -0.87068 -0.45477 0.485867 
1534965541379 0.252694 0.901429 -0.351528 -0.6156 -0.92902 0.327555 0.172134 -0.246241 0.270311 0.28308 0.920216 0.392212 0.31622 -0.384863 0.867113 0.400795 -0.930002 -0.306262 0.203222 -0.504304 0.187351 -0.87068 -0.45477 0.485867 
1534965541472 0.252743 0.901481 -0.351359 -0.615341 -0.929013 0.327562 0.172158 -0.246103 0.270289 0.282905 0.920276 0.392286 0.31622 -0.384863 0.867113 0.400795 -0.930002 -0.306262 0.203222 -0.504304 0.187351 -0.87068 -0.45477 0.485867 
1534965541576 0.252792 0.901534 -0.351189 -0.615083 -0.929006 0.327568 0.172182 -0.245966 0.270266 0.28273 0.920337 0.392359 0.31622 -0.384863 0.867113 0.400795 -0.930002 -0.306262 0.203222 -0.504304 0.187351 -0.87068 -0.45477 0.485867 
1534965541675 0.252841 0.901586 -0.351019 -0.614824 -0.928999 0.327575 0.172207 -0.245828 0.270244 0.282556 0.920397 0.392432 0.31622 -0.384863 0.867113 0.400795 -0.930002 -0.306262 0.203222 -0.504304 0.187351 -0.87068 -0.45477 0.485867 
1534965541784 0.25289 0.901638 -0.350849 -0.614566 -0.928993 0.327581 0.172231 -0.245691 0.270222 0.282381 0.920457 0.392506 0.31622 -0.384863 0.867113 0.400795 -0.930002 -0.306262 0.203222 -0.504304 0.187351 -0.87068 -0.45477 0.485867 
1534965541881 0.252938 0.901691 -0.350679 -0.614308 -0.928986 0.327587 0.172255 -0.245554 0.270199 0.282206 0.920517 0.392579 0.31622 -0.384863 0.867113 0.400795 -0.930002 -0.306262 0.203222 -0.504304 0.187351 -0.87068 -0.45477 0.485867 
1534965541995 0.252754 0.901653 -0.350909 -0.614556 -0.929024 0.327472 0.172271 -0.245648 0.270242 0.282461 0.920427 0.392436 0.31622 -0.384863 0.867113 0.400795 -0.930002 -0.306262 0.203222 -0.504304 0.187351 -0.87068 -0.45477 0.485867 
1534965542006 0.252916 0.901615 -0.350889 -0.614354 -0.92902 0.327577 0.17209 -0.245558 0.270103 0.282459 0.920468 0.392507 0.31622 -0.384863 0.867113 0.400795 -0.930002 -0.306262 0.203222 -0.504304 0.187351 -0.87068 -0.45477 0.485867 
1534965542023 0.253078 0.901578 -0.35087 -0.614147 -0.929017 0.327682 0.171908 -0.245466 0.269962 0.282458 0.92051 0.392579 0.31622 -0.384863 0.867113 0.400795 -0.930002 -0.306262 0.203222 -0.504304 0.187351 -0.87068 -0.45477 0.485867 
1534965542039 0.25324 0.90154 -0.35085 -0.61394 -0.929013 0.327787 0.171726 -0.245374 0.269822 0.282456 0.920551 0.392651 0.31622 -0.384863 0.867113 0.400795 -0.930002 -0.306262 0.203222 -0.504304 0.187351 -0.87068 -0.45477 0.485867 
1534965542186 0.253402 0.901502 -0.35083 -0.613733 -0.92901 0.327892 0.171544 -0.245282 0.269681 0.282455 0.920593 0.392722 0.31622 -0.384863 0.867113 0.400795 -0.930002 -0.306262 0.203222 -0.504304 0.187351 -0.87068 -0.45477 0.485867 
1534965542240 0.253563 0.901464 -0.35081 -0.613528 -0.929007 0.327997 0.171362 -0.24519 0.269541 0.282454 0.920634 0.392794 0.31622 -0.384863 0.867113 0.400795 -0.930002 -0.306262 0.203222 -0.504304 0.187351 -0.87068 -0.45477 0.485867 
1534965542354 0.253725 0.901426 -0.350791 -0.61332 -0.929003 0.328102 0.171179 -0.245098 0.269401 0.282453 0.920676 0.392866 0.31622 -0.384863 0.867113 0.400795 -0.930002 -0.306262 0.203222 -0.504304 0.187351 -0.87068 -0.45477 0.485867 
1534965542404 0.253887 0.901388 -0.350771 -0.613114 -0.929 0.328207 0.170997 -0.245006 0.26926 0.282452 0.920717 0.392938 0.31622 -0.384863 0.867113 0.400795 -0.930002 -0.306262 0.203222 -0.504304 0.187351 -0.87068 -0.45477 0.485867 
1534965542411 0.254049 0.90135 -0.350751 -0.612906 -0.928996 0.328312 0.170815 -0.244913 0.26912 0.282451 0.920758 0.39301 0.31622 -0.384863 0.867113 0.400795 -0.930002 -0.306262 0.203222 -0.504304 0.187351 -0.87068 -0.45477 0.485867 
1534965542561 0.254211 0.901313 -0.350731 -0.6127 -0.928992 0.328417 0.170633 -0.244821 0.268979 0.28245 0.9208 0.393081 0.31622 -0.384863 0.867113 0.400795 -0.930002 -0.306262 0.203222 -0.504304 0.187351 -0.87068 -0.45477 0.485867 
1534965542637 0.253835 0.90146 -0.350625 -0.612942 -0.929036 0.328107 0.170989 -0.244826 0.269183 0.28234 0.920774 0.393015 0.31622 -0.384863 0.867113 0.400795 -0.930002 -0.306262 0.203222 -0.504304 0.187351 -0.87068 -0.45477 0.485867 
1534965542650 0.253911 0.901375 -0.350789 -0.612766 -0.929015 0.32821 0.17091 -0.244722 0.269186 0.282492 0.920726 0.393089 0.31622 -0.384863 0.867113 0.400795 -0.930002 -0.306262 0.203222 -0.504304 0.187351 -0.87068 -0.45477 0.485867 
1534965542670 0.253996 0.901287 -0.350952 -0.612583 -0.928991 0.328321 0.170825 -0.244621 0.269187 0.282642 0.92068 0.393165 0.31622 -0.384863 0.867113 0.400795 -0.930002 -0.306262 0.203222 -0.504304 0.187351 -0.87068 -0.45477 0.485867 
1534965542742 0.254081 0.9012 -0.351115 -0.6124 -0.928967 0.328432 0.17074 -0.24452 0.269188 0.282792 0.920634 0.393242 0.31622 -0.384863 0.867113 0.400795 -0.930002 -0.306262 0.203222 -0.504304 0.187351 -0.87068 -0.45477 0.485867 
1534965542826 0.254167 0.901112 -0.351278 -0.612216 -0.928944 0.328543 0.170654 -0.244419 0.269189 0.282943 0.920587 0.393318 0.31622 -0.384863 0.867113 0.400795 -0.930002 -0.306262 0.203222 -0.504304 0.187351 -0.87068 -0.45477 0.485867 
1534965542923 0.254252 0.901025 -0.351441 -0.612034 -0.92892 0.328653 0.170569 -0.244319 0.269189 0.283093 0.920541 0.393395 0.31622 -0.384863 0.867113 0.400795 -0.930002 -0.306262 0.203222 -0.504304 0.187351 -0.87068 -0.45477 0.485867 
1534965543004 0.254337 0.900937 -0.351604 -0.61185 -0.928897 0.328764 0.170484 -0.244218 0.26919 0.283244 0.920494 0.393471 0.31622 -0.384863 0.867113 0.400795 -0.930002 -0.306262 0.203222 -0.504304 0.187351 -0.87068 -0.45477 0.485867 
1534965543107 0.254422 0.900849 -0.351767 -0.611667 -0.928873 0.328875 0.170399 -0.244117 0.269191 0.283394 0.920448 0.393548 0.31622 -0.384863 0.867113 0.400795 -0.930002 -0.306262 0.203222 -0.504304 0.187351 -0.87068 -0.45477 0.485867 
1534965543180 0.254508 0.900761 -0.35193 -0.611483 -0.92885 0.328986 0.170313 -0.244016 0.269192 0.283544 0.920401 0.393624 0.31622 -0.384863 0.867113 0.400795 -0.930002 -0.306262 0.203222 -0.504304 0.187351 -0.87068 -0.45477 0.485867 
1534965543296 0.254593 0.900673 -0.352093 -0.6113 -0.928826 0.329097 0.170228 -0.243915 0.269193 0.283695 0.920355 0.393701 0.31622 -0.384863 0.867113 0.400795 -0.930002 -0.306262 0.203222 -0.504304 0.187351 -0.87068 -0.45477 0.485867 
1534965543364 0.254185 0.900861 -0.351909 -0.611522 -0.928926 0.328693 0.170463 -0.243923 0.269233 0.283568 0.920382 0.393544 0.31622 -0.384863 0.867113 0.400795 -0.930002 -0.306262 0.203222 -0.504304 0.187351 -0.87068 -0.45477 0.485867 
1534965543376 0.254341 0.900947 -0.351575 -0.611325 -0.928946 0.328709 0.17032 -0.243834 0.269015 0.283274 0.920536 0.393594 0.31622 -0.384863 0.867113 0.400795 -0.930002 -0.306262 0.203222 -0.504304 0.187351 -0.87068 -0.45477 0.485867 
1534965543395 0.254498 0.901033 -0.351241 -0.611123 -0.928966 0.328727 0.170178 -0.243743 0.268798 0.282981 0.920689 0.393645 0.31622 -0.384863 0.867113 0.400795 -0.930002 -0.306262 0.203222 -0.504304 0.187351 -0.87068 -0.45477 0.485867 
1534965543442 0.254655 0.901118 -0.350908 -0.610921 -0.928986 0.328744 0.170036 -0.243652 0.268581 0.282688 0.920843 0.393696 0.31622 -0.384863 0.867113 0.400795 -0.930002 -0.306262 0.203222 -0.504304 0.187351 -0.87068 -0.45477 0.485867 
1534965543500 0.254812 0.901204 -0.350575 -0.610719 -0.929006 0.328762 0.169893 -0.24356 0.268364 0.282395 0.920996 0.393747 0.31622 -0.384863 0.867113 0.400795 -0.930002 -0.306262 0.203222 -0.504304 0.187351 -0.87068 -0.45477 0.485867 
1534965543566 0.254968 0.901289 -0.350241 -0.610517 -0.929025 0.32878 0.169751 -0.243469 0.268147 0.282102 0.921149 0.393798 0.31622 -0.384863 0.867113 0.400795 -0.930002 -0.306262 0.203222 -0.504304 0.187351 -0.87068 -0.45477 0.485867 
1534965543648 0.255125 0.901374 -0.349908 -0.610316 -0.929045 0.328798 0.169609 -0.243378 0.26793 0.281809 0.921302 0.393849 0.31622 -0.384863 0.867113 0.400795 -0.930002 -0.306262 0.203222 -0.504304 0.187351 -0.87068 -0.45477 0.485867 
1534965543653 0.255281 0.90146 -0.349574 -0.610114 -0.929065 0.328815 0.169467 -0.243287 0.267713 0.281515 0.921455 0.393899 0.31622 -0.384863 0.867113 0.400795 -0.930002 -0.306262 0.203222 -0.504304 0.187351 -0.87068 -0.45477 0.485867 
1534965543703 0.255437 0.901545 -0.349241 -0.609912 -0.929084 0.328833 0.169324 -0.243195 0.267495 0.281222 0.921607 0.39395 0.31622 -0.384863 0.867113 0.400795 -0.930002 -0.306262 0.203222 -0.504304 0.187351 -0.87068 -0.45477 0.485867 
1534965543834 0.255594 0.90163 -0.348907 -0.60971 -0.929104 0.328851 0.169182 -0.243105 0.267278 0.280929 0.92176 0.394001 0.31622 -0.384863 0.867113 0.400795 -0.930002 -0.306262 0.203222 -0.504304 0.187351 -0.87068 -0.45477 0.485867 
1534965543890 0.255182 0.90151 -0.349516 -0.610014 -0.929104 0.328699 0.169477 -0.243154 0.26767 0.28149 0.921475 0.393915 0.31622 -0.384863 0.867113 0.400795 -0.930002 -0.306262 0.203222 -0.504304 0.187351 -0.87068 -0.45477 0.485867 
1534965543902 0.255459 0.90157 -0.349159 -0.609713 -0.929089 0.328827 0.169312 -0.243027 0.26746 0.281147 0.921641 0.394003 0.31622 -0.384863 0.867113 0.400795 -0.930002 -0.306262 0.203222 -0.504304 0.187351 -0.87068 -0.45477 0.485867 
1534965543919 0.255736 0.90163 -0.348802 -0.609407 -0.929073 0.328956 0.169148 -0.242897 0.267249 0.280805 0.921806 0.394092 0.31622 -0.384863 0.867113 0.400795 -0.930002 -0.306262 0.203222 -0.504304 0.187351 -0.87068 -0.45477 0.485867 
1534965543926 0.256012 0.90169 -0.348444 -0.609102 -0.929058 0.329084 0.168984 -0.242767 0.267038 0.280463 0.921971 0.394181 0.31622 -0.384863 0.867113 0.400795 -0.930002 -0.306262 0.203222 -0.504304 0.187351 -0.87068 -0.45477 0.485867 
1534965544098 0.256289 0.901749 -0.348087 -0.608795 -0.929042 0.329213 0.168819 -0.242637 0.266827 0.280121 0.922136 0.39427 0.31622 -0.384863 0.867113 0.400795 -0.930002 -0.306262 0.203222 -0.504304 0.187351 -0.87068 -0.45477 0.485867 
1534965544210 0.256566 0.901808 -0.347729 -0.608489 -0.929026 0.329341 0.168655 -0.242507 0.266616 0.279778 0.922301 0.394359 0.31622 -0.384863 0.867113 0.400795 -0.930002 -0.306262 0.203222 -0.504304 0.187351 -0.87068 -0.45477 0.485867 
1534965544216 0.256842 0.901867 -0.347372 -0.608184 -0.92901 0.32947 0.168491 -0.242377 0.266405 0.279436 0.922466 0.394448 0.31622 -0.384863 0.867113 0.400795 -0.930002 -0.306262 0.203222 -0.504304 0.187351 -0.87068 -0.45477 0.485867 
1534965544395 0.257119 0.901926 -0.347014 -0.607877 -0.928994 0.329599 0.168327 -0.242247 0.266194 0.279094 0.922631 0.394537 0.31622 -0.384863 0.867113 0.400795 -0.930002 -0.306262 0.203222 -0.504304 0.187351 -0.87068 -0.45477 0.485867 
1534965544496 0.257395 0.901985 -0.346656 -0.607572 -0.928978 0.329728 0.168163 -0.242117 0.265982 0.278752 0.922795 0.394626 0.31622 -0.384863 0.867113 0.400795 -0.930002 -0.306262 0.203222 -0.504304 0.187351 -0.87068 -0.45477 0.485867 
1534965544600 0.257672 0.902044 -0.346298 -0.607267 -0.928962 0.329856 0.167999 -0.241987 0.265771 0.278409 0.922959 0.394715 0.31622 -0.384863 0.867113 0.400795 -0.930002 -0.306262 0.203222 -0.504304 0.187351 -0.87068 -0.45477 0.485867 
1534965544720 0.257454 0.901947 -0.346711 -0.607521 -0.928942 0.329814 0.168194 -0.242135 0.266053 0.278772 0.922769 0.394643 0.31622 -0.384863 0.867113 0.400795 -0.930002 -0.306262 0.203222 -0.504304 0.187351 -0.87068 -0.45477 0.485867 
1534965544733 0.257727 0.902078 -0.346169 -0.607233 -0.928947 0.329884 0.16803 -0.241973 0.265772 0.278267 0.923002 0.394686 0.31622 -0.384863 0.867113 0.400795 -0.930002 -0.306262 0.203222 -0.504304 0.187351 -0.87068 -0.45477 0.485867 
1534965544739 0.257999 0.902208 -0.345627 -0.60694 -0.928952 0.329954 0.167866 -0.241808 0.265491 0.277761 0.923235 0.39473 0.31622 -0.384863 0.867113 0.400795 -0.930002 -0.306262 0.203222 -0.504304 0.187351 -0.87068 -0.45477 0.485867 
1534965544899 0.258271 0.902337 -0.345084 -0.606647 -0.928956 0.330025 0.167701 -0.241643 0.26521 0.277256 0.923468 0.394773 0.31622 -0.384863 0.867113 0.400795 -0.930002 -0.306262 0.203222 -0.504304 0.187351 -0.87068 -0.45477 0.485867 
1534965544996 0.258543 0.902467 -0.344542 -0.606354 -0.928961 0.330095 0.167537 -0.241479 0.264928 0.27675 0.9237 0.394817 0.31622 -0.384863 0.867113 0.400795 -0.930002 -0.306262 0.203222 -0.504304 0.187351 -0.87068 -0.45477 0.485867 
1534965545099 0.258815 0.902596 -0.343999 -0.606062 -0.928966 0.330166 0.167373 -0.241315 0.264647 0.276245 0.923932 0.394861 0.31622 -0.384863 0.867113 0.400795 -0.930002 -0.306262 0.203222 -0.504304 0.187351 -0.87068 -0.45477 0.485867 
1534965545193 0.259086 0.902725 -0.343456 -0.605768 -0.92897 0.330236 0.167209 -0.241149 0.264365 0.275739 0.924164 0.394904 0.31622 -0.384863 0.867113 0.400795 -0.930002 -0.306262 0.203222 -0.504304 0.187351 -0.87068 -0.45477 0.485867 
1534965545298 0.259358 0.902853 -0.342913 -0.605476 -0.928974 0.330307 0.167045 -0.240985 0.264083 0.275233 0.924395 0.394948 0.31622 -0.384863 0.867113 0.400795 -0.930002 -0.306262 0.203222 -0.504304 0.187351 -0.87068 -0.45477 0.485867 
