1537362127160 0.20095 0.926503 -0.318137 -0.640756 -0.956414 0.255801 0.140846 -0.263187 0.211874 0.275968 0.937524 0.380482 0.162155 -0.0875617 0.982873 0.374745 -0.98481 0.0483149 0.166779 -0.500176 -0.0620908 -0.994987 -0.0783971 0.436615 
1537362127179 0.199348 0.926053 -0.320446 -0.640508 -0.955626 0.256092 0.145589 -0.265216 0.216886 0.277203 0.936012 0.380358 0.156452 -0.0832227 0.984173 0.375155 -0.985235 0.0569956 0.161441 -0.501046 -0.069529 -0.9949 -0.0730768 0.435119 
1537362127664 0.197733 0.925601 -0.322744 -0.640266 -0.954812 0.25639 0.150326 -0.267248 0.22189 0.278436 0.934472 0.380233 0.150774 -0.0788323 0.98542 0.375563 -0.985565 0.0656486 0.156048 -0.501909 -0.0769931 -0.994724 -0.0677963 0.433623 
1537362128145 0.196106 0.925146 -0.325034 -0.640023 -0.953973 0.256693 0.155058 -0.26928 0.226886 0.279666 0.932904 0.380108 0.145125 -0.0743903 0.986613 0.375972 -0.9858 0.0742729 0.150606 -0.502774 -0.0844822 -0.994459 -0.0625551 0.432126 
1537362128621 0.194466 0.924688 -0.327314 -0.639781 -0.953109 0.257003 0.159786 -0.271312 0.231873 0.280893 0.931308 0.379983 0.139505 -0.0698974 0.987751 0.376381 -0.985939 0.0828677 0.145113 -0.503638 -0.0919957 -0.994106 -0.0573542 0.43063 
1537362129083 0.192815 0.924228 -0.329584 -0.639539 -0.95222 0.257319 0.164509 -0.273344 0.236852 0.282117 0.929683 0.379859 0.133914 -0.0653542 0.988836 0.37679 -0.985982 0.0914318 0.139571 -0.504502 -0.0995325 -0.993664 -0.052194 0.429134 
1537362129540 0.191151 0.923764 -0.331845 -0.639297 -0.951306 0.257642 0.169226 -0.275376 0.241822 0.283339 0.928031 0.379734 0.128354 -0.060761 0.989865 0.377199 -0.985929 0.0999643 0.13398 -0.505365 -0.107092 -0.993134 -0.0470752 0.427638 
1537362130033 0.189476 0.923297 -0.334097 -0.639055 -0.950367 0.25797 0.173938 -0.277408 0.246784 0.284558 0.92635 0.379609 0.122826 -0.0561186 0.99084 0.377607 -0.985781 0.108464 0.128342 -0.506229 -0.114673 -0.992515 -0.0419985 0.426142 
1537362130480 0.187788 0.922828 -0.336339 -0.638812 -0.949402 0.258305 0.178644 -0.279439 0.251736 0.285774 0.924642 0.379484 0.117329 -0.0514273 0.991761 0.378016 -0.985537 0.11693 0.122656 -0.507094 -0.122274 -0.991808 -0.0369643 0.424645 
1537362130953 0.186088 0.922356 -0.338572 -0.638571 -0.948413 0.258646 0.183345 -0.281471 0.25668 0.286987 0.922905 0.379359 0.111865 -0.046688 0.992626 0.378425 -0.985197 0.125361 0.116924 -0.507958 -0.129896 -0.991012 -0.0319734 0.423149 
1537362131424 0.186083 0.922521 -0.338125 -0.638643 -0.948722 0.258208 0.182362 -0.281026 0.255539 0.286852 0.923264 0.37942 0.112411 -0.0469798 0.992551 0.378415 -0.985238 0.124522 0.117477 -0.507854 -0.129113 -0.991104 -0.0322886 0.423303 
1537362131432 0.185913 0.922457 -0.338393 -0.638611 -0.948591 0.258286 0.182931 -0.281274 0.256148 0.286987 0.923053 0.379401 0.114371 -0.0464066 0.992354 0.377919 -0.98558 0.120089 0.119206 -0.508355 -0.124703 -0.991678 -0.0320027 0.423515 
1537362131819 0.185743 0.922393 -0.33866 -0.63858 -0.94846 0.258364 0.183499 -0.281522 0.256756 0.287122 0.922842 0.379383 0.11633 -0.0458246 0.992153 0.377424 -0.985899 0.115655 0.120939 -0.508863 -0.120289 -0.992232 -0.0317242 0.423728 
1537362132169 0.185572 0.922329 -0.338927 -0.638549 -0.948329 0.258442 0.184067 -0.281769 0.257364 0.287256 0.922631 0.379364 0.118287 -0.0452337 0.991949 0.376929 -0.986196 0.111219 0.122672 -0.50937 -0.115873 -0.992766 -0.0314535 0.42394 
1537362132521 0.185401 0.922266 -0.339194 -0.638518 -0.948197 0.25852 0.184635 -0.282017 0.257971 0.287391 0.922419 0.379345 0.12024 -0.0446341 0.991741 0.376434 -0.986469 0.106783 0.124407 -0.509878 -0.111454 -0.99328 -0.0311905 0.424152 
1537362132900 0.185231 0.922201 -0.339462 -0.638487 -0.948065 0.258599 0.185203 -0.282266 0.258578 0.287526 0.922207 0.379327 0.122191 -0.0440256 0.99153 0.375939 -0.986719 0.102345 0.126142 -0.510386 -0.107031 -0.993774 -0.0309352 0.424364 
1537362133280 0.18506 0.922138 -0.339728 -0.638456 -0.947932 0.258677 0.185771 -0.282513 0.259186 0.28766 0.921995 0.379308 0.124138 -0.0434084 0.991315 0.375444 -0.986946 0.0979063 0.127878 -0.510893 -0.102607 -0.994248 -0.0306879 0.424576 
1537362133703 0.184888 0.922074 -0.339994 -0.638425 -0.947799 0.258755 0.186339 -0.282761 0.259793 0.287795 0.921782 0.379289 0.126082 -0.0427824 0.991097 0.37495 -0.987149 0.0934666 0.129615 -0.511401 -0.0981797 -0.994703 -0.0304481 0.424789 
1537362134108 0.184717 0.92201 -0.340261 -0.638394 -0.947666 0.258833 0.186906 -0.283009 0.2604 0.287929 0.921569 0.379271 0.128023 -0.0421477 0.990875 0.374455 -0.98733 0.0890263 0.131352 -0.511908 -0.0937502 -0.995137 -0.0302163 0.425001 
1537362134555 0.184546 0.921946 -0.340528 -0.638363 -0.947533 0.258912 0.187473 -0.283257 0.261007 0.288064 0.921355 0.379252 0.12996 -0.0415043 0.99065 0.373959 -0.987488 0.0845854 0.133089 -0.512415 -0.0893183 -0.995551 -0.0299923 0.425213 
1537362134970 0.184626 0.921999 -0.340341 -0.638428 -0.947628 0.258826 0.187108 -0.282987 0.260603 0.287972 0.921498 0.379272 0.129604 -0.0416757 0.99069 0.374043 -0.987493 0.0850358 0.132763 -0.512277 -0.0897771 -0.995506 -0.0301335 0.425201 
1537362134983 0.184832 0.921916 -0.340451 -0.638473 -0.947706 0.25891 0.186596 -0.283031 0.260172 0.288159 0.921561 0.379316 0.13113 -0.042483 0.990455 0.373761 -0.987639 0.0809483 0.134229 -0.512645 -0.0858781 -0.995813 -0.0313431 0.425472 
1537362135271 0.18504 0.921834 -0.340561 -0.638518 -0.947784 0.258995 0.186083 -0.283075 0.259741 0.288346 0.921624 0.379361 0.132647 -0.0432883 0.990218 0.373483 -0.987765 0.0768872 0.135679 -0.513015 -0.0820084 -0.9961 -0.0325598 0.425739 
1537362135621 0.185247 0.921752 -0.340671 -0.638563 -0.947862 0.259079 0.185569 -0.283118 0.25931 0.288533 0.921687 0.379405 0.134166 -0.0440873 0.989978 0.373204 -0.987873 0.0728237 0.137124 -0.513384 -0.0781392 -0.99637 -0.0337822 0.426007 
1537362135922 0.185454 0.92167 -0.34078 -0.638607 -0.947939 0.259163 0.185056 -0.283162 0.258878 0.28872 0.92175 0.379449 0.135689 -0.04488 0.989734 0.372926 -0.987964 0.0687577 0.138564 -0.513755 -0.0742707 -0.996623 -0.0350102 0.426274 
1537362136199 0.185661 0.921588 -0.34089 -0.638652 -0.948016 0.259247 0.184543 -0.283206 0.258447 0.288907 0.921812 0.379493 0.137214 -0.0456664 0.989488 0.372648 -0.988036 0.0646896 0.139999 -0.514125 -0.0704028 -0.99686 -0.0362437 0.426542 
1537362136536 0.185869 0.921505 -0.341 -0.638697 -0.948093 0.259331 0.18403 -0.28325 0.258016 0.289094 0.921874 0.379538 0.138742 -0.0464465 0.989239 0.37237 -0.988091 0.0606193 0.141427 -0.514494 -0.0665358 -0.99708 -0.0374829 0.426809 
1537362136830 0.186076 0.921423 -0.341109 -0.638742 -0.94817 0.259415 0.183516 -0.283294 0.257585 0.289281 0.921936 0.379582 0.140273 -0.0472202 0.988986 0.372092 -0.988127 0.0565469 0.142851 -0.514865 -0.0626695 -0.997283 -0.0387275 0.427077 
1537362137144 0.186284 0.921341 -0.341218 -0.638787 -0.948246 0.259499 0.183003 -0.283338 0.257154 0.289468 0.921998 0.379626 0.141807 -0.0479876 0.988731 0.371814 -0.988146 0.0524725 0.14427 -0.515234 -0.0588043 -0.997469 -0.0399778 0.427344 
1537362137451 0.186491 0.921258 -0.341327 -0.638831 -0.948322 0.259582 0.182489 -0.283381 0.256722 0.289656 0.922059 0.379671 0.143343 -0.0487486 0.988472 0.371536 -0.988147 0.0483963 0.145682 -0.515603 -0.0549402 -0.997638 -0.0412335 0.427612 
1537362137813 0.186414 0.921266 -0.341347 -0.638789 -0.948233 0.259632 0.182882 -0.283394 0.257107 0.289585 0.921974 0.379613 0.14322 -0.0487398 0.98849 0.371586 -0.988123 0.0491565 0.145591 -0.515478 -0.0556868 -0.997601 -0.0411208 0.427477 
1537362137843 0.186289 0.921389 -0.341085 -0.638836 -0.948372 0.259334 0.182582 -0.283452 0.256684 0.289462 0.922131 0.379646 0.143934 -0.0486913 0.988389 0.371457 -0.988064 0.0483202 0.146267 -0.515598 -0.0548811 -0.997644 -0.0411552 0.427518 
1537362137861 0.186163 0.921512 -0.340821 -0.638887 -0.948511 0.259035 0.182284 -0.283512 0.256262 0.289338 0.922287 0.379679 0.144651 -0.0486425 0.988286 0.37133 -0.988004 0.0474835 0.146947 -0.515726 -0.0540752 -0.997687 -0.0411904 0.42756 
1537362138103 0.186037 0.921634 -0.340559 -0.638936 -0.94865 0.258737 0.181986 -0.283572 0.255839 0.289215 0.922443 0.379712 0.145367 -0.0485931 0.988184 0.371202 -0.987943 0.0466471 0.147625 -0.515852 -0.0532694 -0.997729 -0.0412263 0.427601 
1537362138305 0.185911 0.921757 -0.340296 -0.638986 -0.948788 0.258439 0.181687 -0.283632 0.255417 0.289091 0.922599 0.379745 0.146083 -0.0485432 0.988081 0.371075 -0.98788 0.0458105 0.148304 -0.515979 -0.0524636 -0.99777 -0.0412627 0.427642 
1537362138493 0.185785 0.92188 -0.340033 -0.639036 -0.948927 0.25814 0.181388 -0.283691 0.254994 0.288967 0.922755 0.379778 0.146799 -0.0484927 0.987977 0.370947 -0.987817 0.0449741 0.148982 -0.516104 -0.0516579 -0.99781 -0.0412998 0.427683 
1537362138711 0.185658 0.922002 -0.33977 -0.639086 -0.949065 0.257842 0.181089 -0.283751 0.254572 0.288843 0.92291 0.379811 0.147515 -0.0484415 0.987873 0.37082 -0.987752 0.0441375 0.149661 -0.516232 -0.0508521 -0.99785 -0.0413372 0.427725 
1537362138905 0.185531 0.922124 -0.339507 -0.639135 -0.949203 0.257543 0.180791 -0.283811 0.254149 0.288719 0.923065 0.379844 0.14823 -0.0483898 0.987768 0.370692 -0.987686 0.0433011 0.150339 -0.516357 -0.0500463 -0.997889 -0.0413754 0.427766 
1537362139104 0.185405 0.922246 -0.339245 -0.639186 -0.949341 0.257245 0.180491 -0.283871 0.253726 0.288595 0.92322 0.379877 0.148946 -0.0483373 0.987663 0.370565 -0.987619 0.0424645 0.151018 -0.516485 -0.0492404 -0.997928 -0.0414139 0.427807 
1537362139281 0.185278 0.922369 -0.338981 -0.639236 -0.949478 0.256946 0.180192 -0.28393 0.253304 0.28847 0.923376 0.37991 0.149662 -0.0482844 0.987558 0.370437 -0.98755 0.0416281 0.151696 -0.516611 -0.0484346 -0.997966 -0.0414532 0.427849 
1537362139498 0.185545 0.922177 -0.339357 -0.639166 -0.949273 0.257444 0.180563 -0.283902 0.253876 0.28864 0.923165 0.379859 0.149286 -0.0484995 0.987604 0.370544 -0.987586 0.0420372 0.151348 -0.516546 -0.0488564 -0.997938 -0.0416219 0.427755 
1537362139523 0.185452 0.922303 -0.339064 -0.639199 -0.949396 0.25718 0.180293 -0.283976 0.253486 0.28847 0.923325 0.379836 0.14866 -0.0494315 0.987652 0.37048 -0.987673 0.042087 0.15077 -0.51651 -0.0490201 -0.99789 -0.0425655 0.427898 
1537362139733 0.185358 0.922431 -0.338769 -0.639235 -0.949519 0.256916 0.180024 -0.284051 0.253095 0.288298 0.923486 0.379812 0.148032 -0.0503636 0.987699 0.370415 -0.987759 0.042137 0.150189 -0.516469 -0.0491828 -0.997842 -0.0435095 0.42804 
1537362139924 0.185263 0.922558 -0.338474 -0.63927 -0.949641 0.256652 0.179754 -0.284126 0.252704 0.288127 0.923647 0.379788 0.147403 -0.0512955 0.987745 0.370351 -0.987845 0.0421876 0.149609 -0.516427 -0.0493448 -0.997792 -0.0444534 0.428183 
1537362140108 0.185169 0.922685 -0.33818 -0.639306 -0.949764 0.256387 0.179484 -0.284202 0.252312 0.287956 0.923807 0.379765 0.146775 -0.0522274 0.98779 0.370286 -0.98793 0.0422387 0.149029 -0.516386 -0.0495064 -0.997742 -0.0453975 0.428326 
1537362140299 0.185075 0.922812 -0.337885 -0.639343 -0.949886 0.256123 0.179214 -0.284277 0.251921 0.287784 0.923967 0.379741 0.146145 -0.0531593 0.987834 0.370221 -0.988016 0.0422905 0.148448 -0.516343 -0.0496673 -0.99769 -0.0463417 0.428469 
1537362140476 0.18498 0.922938 -0.337591 -0.639378 -0.950008 0.255859 0.178944 -0.284352 0.25153 0.287613 0.924127 0.379717 0.145516 -0.054091 0.987876 0.370156 -0.9881 0.0423426 0.147868 -0.516303 -0.0498276 -0.997638 -0.0472858 0.428611 
1537362140676 0.184885 0.923065 -0.337296 -0.639415 -0.95013 0.255595 0.178674 -0.284428 0.251139 0.287441 0.924287 0.379693 0.144887 -0.0550227 0.987917 0.370091 -0.988185 0.0423955 0.147287 -0.51626 -0.0499874 -0.997585 -0.0482301 0.428754 
1537362140884 0.18479 0.923191 -0.337002 -0.63945 -0.950252 0.255331 0.178404 -0.284503 0.250748 0.287269 0.924447 0.379669 0.144257 -0.0559542 0.987957 0.370026 -0.988269 0.0424488 0.146707 -0.516219 -0.0501464 -0.997531 -0.0491743 0.428897 
1537362141074 0.184695 0.923318 -0.336707 -0.639486 -0.950373 0.255067 0.178133 -0.284579 0.250356 0.287097 0.924606 0.379646 0.143628 -0.0568857 0.987995 0.369961 -0.988352 0.0425026 0.146127 -0.516179 -0.0503049 -0.997476 -0.0501186 0.429039 
1537362141293 0.184825 0.923128 -0.337156 -0.639427 -0.950204 0.25544 0.178501 -0.284481 0.250902 0.287376 0.924372 0.379663 0.143975 -0.0561965 0.987984 0.37 -0.988299 0.0426506 0.146447 -0.516236 -0.0503679 -0.997508 -0.0493983 0.428937 
1537362141301 0.185221 0.9231 -0.337016 -0.639403 -0.95017 0.255734 0.17826 -0.284469 0.250738 0.287205 0.924469 0.379639 0.143999 -0.0553479 0.988029 0.369983 -0.988408 0.0404937 0.146323 -0.516272 -0.0481076 -0.997646 -0.0488752 0.428854 
1537362141548 0.185618 0.923071 -0.336878 -0.639378 -0.950136 0.256029 0.178019 -0.284456 0.250574 0.287036 0.924566 0.379615 0.144023 -0.0544991 0.988073 0.369967 -0.988512 0.0383373 0.146201 -0.516313 -0.0458479 -0.997778 -0.0483516 0.428772 
1537362141776 0.186015 0.923041 -0.336739 -0.639353 -0.950102 0.256324 0.177777 -0.284443 0.25041 0.286867 0.924663 0.379592 0.144044 -0.0536503 0.988116 0.369951 -0.988611 0.0361806 0.146081 -0.516355 -0.043588 -0.997904 -0.0478277 0.428689 
1537362142026 0.186412 0.923012 -0.336599 -0.639328 -0.950067 0.256619 0.177536 -0.28443 0.250246 0.286697 0.92476 0.379568 0.144064 -0.0528014 0.988159 0.369935 -0.988705 0.0340237 0.145962 -0.516397 -0.0413278 -0.998025 -0.0473034 0.428607 
1537362142307 0.186808 0.922983 -0.33646 -0.639302 -0.950033 0.256914 0.177295 -0.284417 0.250082 0.286528 0.924857 0.379545 0.144083 -0.0519524 0.988201 0.36992 -0.988794 0.0318664 0.145844 -0.516439 -0.0390673 -0.998141 -0.0467788 0.428524 
1537362142551 0.187205 0.922953 -0.33632 -0.639277 -0.949998 0.257208 0.177054 -0.284404 0.249917 0.286358 0.924954 0.379521 0.144098 -0.0511034 0.988243 0.369904 -0.988879 0.029709 0.145727 -0.51648 -0.0368068 -0.998251 -0.046254 0.428441 
1537362142805 0.187602 0.922924 -0.336181 -0.639251 -0.949963 0.257503 0.176813 -0.284391 0.249753 0.286189 0.925051 0.379497 0.144113 -0.0502542 0.988284 0.369888 -0.988958 0.0275511 0.145612 -0.516523 -0.034546 -0.998356 -0.0457289 0.428359 
1537362143055 0.187998 0.922894 -0.336041 -0.639226 -0.949928 0.257798 0.176572 -0.284378 0.249588 0.28602 0.925148 0.379474 0.144125 -0.0494051 0.988325 0.369872 -0.989033 0.0253932 0.145497 -0.516564 -0.0322851 -0.998456 -0.0452035 0.428276 
1537362143292 0.188395 0.922864 -0.335902 -0.639201 -0.949892 0.258093 0.176331 -0.284365 0.249423 0.285851 0.925244 0.37945 0.144135 -0.0485559 0.988366 0.369857 -0.989102 0.0232349 0.145384 -0.516607 -0.0300239 -0.99855 -0.0446777 0.428194 
1537362143568 0.188014 0.922835 -0.336195 -0.639238 -0.949922 0.257844 0.176532 -0.284396 0.249596 0.286168 0.9251 0.379442 0.144098 -0.0489903 0.98835 0.369862 -0.989081 0.0240452 0.145397 -0.51661 -0.0308881 -0.99851 -0.0449905 0.428271 
1537362143583 0.18854 0.922785 -0.336038 -0.639058 -0.949861 0.258258 0.176259 -0.284318 0.249434 0.285957 0.925209 0.379511 0.143798 -0.0486641 0.98841 0.369892 -0.98912 0.0242655 0.145096 -0.516657 -0.0310453 -0.99852 -0.0446453 0.42819 
1537362143610 0.189066 0.922734 -0.335882 -0.638874 -0.949799 0.258672 0.175986 -0.284237 0.249272 0.285747 0.925317 0.379581 0.143497 -0.048326 0.98847 0.369922 -0.98916 0.0244525 0.144793 -0.516705 -0.0311678 -0.998532 -0.0442932 0.428109 
1537362143833 0.189592 0.922682 -0.335726 -0.638689 -0.949736 0.259086 0.175713 -0.284155 0.249109 0.285537 0.925426 0.37965 0.143196 -0.0479879 0.98853 0.369951 -0.9892 0.0246395 0.144489 -0.516753 -0.0312906 -0.998544 -0.0439413 0.428027 
1537362144019 0.190118 0.922631 -0.33557 -0.638504 -0.949674 0.2595 0.17544 -0.284074 0.248947 0.285328 0.925534 0.37972 0.142895 -0.0476496 0.98859 0.369981 -0.989239 0.0248262 0.144185 -0.5168 -0.0314133 -0.998556 -0.0435894 0.427946 
1537362144129 0.190644 0.922579 -0.335414 -0.638319 -0.949611 0.259913 0.175168 -0.283993 0.248784 0.285118 0.925642 0.37979 0.142594 -0.0473112 0.98865 0.370011 -0.989279 0.0250127 0.143882 -0.516848 -0.031536 -0.998567 -0.0432373 0.427864 
1537362144278 0.191169 0.922528 -0.335257 -0.638135 -0.949548 0.260327 0.174895 -0.283912 0.248622 0.284908 0.925751 0.37986 0.142293 -0.0469729 0.988709 0.37004 -0.989318 0.0251993 0.143578 -0.516896 -0.0316591 -0.998578 -0.0428855 0.427782 
1537362144410 0.191695 0.922475 -0.335101 -0.63795 -0.949485 0.260741 0.174622 -0.283831 0.248459 0.284699 0.925859 0.37993 0.141993 -0.0466343 0.988769 0.37007 -0.989357 0.0253856 0.143275 -0.516943 -0.031782 -0.998589 -0.0425335 0.427701 
1537362144508 0.19222 0.922423 -0.334944 -0.637766 -0.949421 0.261155 0.17435 -0.28375 0.248296 0.284489 0.925967 0.379999 0.141691 -0.046296 0.988828 0.3701 -0.989397 0.0255721 0.14297 -0.516991 -0.0319054 -0.9986 -0.0421817 0.427619 
1537362144673 0.192746 0.92237 -0.334787 -0.63758 -0.949357 0.261569 0.174077 -0.283669 0.248133 0.28428 0.926075 0.380069 0.141391 -0.0459573 0.988887 0.370129 -0.989436 0.0257583 0.142666 -0.517039 -0.0320286 -0.998611 -0.0418298 0.427538 
1537362144836 0.192172 0.922413 -0.335 -0.637752 -0.949451 0.261098 0.174274 -0.283755 0.24822 0.284575 0.925961 0.379947 0.141863 -0.0463347 0.988801 0.370119 -0.989371 0.0255913 0.143144 -0.51694 -0.0319373 -0.998598 -0.0422117 0.427654 
1537362144848 0.192339 0.922396 -0.33495 -0.63743 -0.949426 0.261234 0.174202 -0.283656 0.248184 0.284504 0.925993 0.380084 0.141591 -0.0477003 0.988775 0.370159 -0.989266 0.0296202 0.14309 -0.517031 -0.0361132 -0.998422 -0.0429944 0.427703 
1537362145149 0.192506 0.922379 -0.334901 -0.637102 -0.949402 0.26137 0.17413 -0.283554 0.248147 0.284434 0.926024 0.380223 0.141313 -0.0490654 0.988748 0.370197 -0.989145 0.0336491 0.143039 -0.517117 -0.0402888 -0.998229 -0.0437778 0.427752 
1537362145516 0.192673 0.922362 -0.334851 -0.636776 -0.949378 0.261506 0.174059 -0.283453 0.248111 0.284364 0.926055 0.380361 0.141029 -0.0504293 0.98872 0.370236 -0.989006 0.0376775 0.142992 -0.517205 -0.0444635 -0.998017 -0.0445613 0.4278 
1537362145845 0.19284 0.922345 -0.334802 -0.636448 -0.949353 0.261642 0.173987 -0.283351 0.248075 0.284294 0.926086 0.3805 0.14074 -0.0517919 0.988691 0.370275 -0.988851 0.0417053 0.142948 -0.517292 -0.0486372 -0.997787 -0.0453449 0.427849 
1537362146110 0.193007 0.922328 -0.334753 -0.636121 -0.949329 0.261778 0.173916 -0.283249 0.248039 0.284223 0.926118 0.380638 0.140445 -0.0531534 0.988661 0.370314 -0.988679 0.0457324 0.142906 -0.517379 -0.0528098 -0.997539 -0.0461287 0.427898 
1537362146437 0.193173 0.922311 -0.334703 -0.635794 -0.949304 0.261914 0.173845 -0.283148 0.248002 0.284153 0.926149 0.380776 0.140145 -0.0545135 0.988629 0.370352 -0.98849 0.0497588 0.142869 -0.517467 -0.0569813 -0.997272 -0.0469126 0.427947 
1537362146714 0.19334 0.922294 -0.334654 -0.635466 -0.94928 0.262051 0.173773 -0.283046 0.247966 0.284083 0.92618 0.380915 0.139838 -0.0558723 0.988597 0.370391 -0.988284 0.0537845 0.142834 -0.517554 -0.0611516 -0.996988 -0.0476966 0.427996 
1537362147067 0.193507 0.922277 -0.334604 -0.63514 -0.949255 0.262187 0.173702 -0.282945 0.24793 0.284013 0.926211 0.381053 0.139526 -0.0572298 0.988563 0.37043 -0.988062 0.0578092 0.142802 -0.517641 -0.0653206 -0.996686 -0.0484807 0.428044 
1537362147427 0.193674 0.92226 -0.334555 -0.634812 -0.949231 0.262323 0.17363 -0.282842 0.247893 0.283943 0.926243 0.381192 0.139208 -0.058586 0.988529 0.370469 -0.987822 0.061833 0.142774 -0.517728 -0.0694882 -0.996366 -0.0492649 0.428093 
1537362147773 0.193481 0.922296 -0.334567 -0.635035 -0.94927 0.262144 0.173685 -0.282862 0.247894 0.28399 0.926228 0.381128 0.139448 -0.058281 0.988513 0.370497 -0.987856 0.0608901 0.142945 -0.517654 -0.0685217 -0.996442 -0.0490822 0.428015 
1537362147779 0.19354 0.922284 -0.334566 -0.634594 -0.949174 0.262296 0.17398 -0.28272 0.248214 0.28389 0.926173 0.381277 0.139761 -0.0570953 0.988538 0.370538 -0.987934 0.0592411 0.143097 -0.517766 -0.0667323 -0.99661 -0.0481268 0.427835 
1537362148088 0.193599 0.922272 -0.334566 -0.634148 -0.949078 0.262447 0.174276 -0.282574 0.248535 0.283789 0.926118 0.381427 0.140073 -0.0559089 0.988561 0.37058 -0.988009 0.0575918 0.143252 -0.517881 -0.0649421 -0.996773 -0.0471715 0.427656 
1537362148384 0.193658 0.92226 -0.334565 -0.6337 -0.948982 0.262598 0.174571 -0.282427 0.248856 0.283689 0.926062 0.381578 0.140383 -0.0547219 0.988584 0.370622 -0.988081 0.0559425 0.143408 -0.517997 -0.0631514 -0.996933 -0.0462163 0.427476 
1537362148713 0.193717 0.922247 -0.334565 -0.633253 -0.948886 0.262749 0.174867 -0.282281 0.249177 0.283589 0.926006 0.381729 0.14069 -0.0535344 0.988605 0.370664 -0.98815 0.0542934 0.143565 -0.518112 -0.0613604 -0.997089 -0.0452615 0.427297 
1537362148996 0.193776 0.922235 -0.334564 -0.632807 -0.948789 0.262901 0.175163 -0.282135 0.249499 0.283488 0.925951 0.381879 0.140996 -0.0523462 0.988625 0.370705 -0.988216 0.052644 0.143725 -0.518226 -0.0595686 -0.99724 -0.0443068 0.427117 
1537362149273 0.193835 0.922223 -0.334564 -0.632359 -0.948693 0.263052 0.175459 -0.281989 0.24982 0.283388 0.925895 0.38203 0.141299 -0.0511574 0.988644 0.370747 -0.988279 0.0509947 0.143886 -0.518342 -0.0577765 -0.997388 -0.0433523 0.426937 
1537362149570 0.193894 0.922211 -0.334563 -0.631913 -0.948596 0.263203 0.175755 -0.281843 0.250141 0.283287 0.925839 0.38218 0.141601 -0.0499682 0.988662 0.370789 -0.98834 0.0493456 0.144048 -0.518456 -0.0559839 -0.997531 -0.0423982 0.426758 
1537362149811 0.193954 0.922198 -0.334563 -0.631466 -0.948499 0.263354 0.17605 -0.281696 0.250462 0.283187 0.925783 0.382331 0.1419 -0.0487783 0.988678 0.370831 -0.988397 0.0476964 0.144212 -0.518572 -0.0541909 -0.99767 -0.0414442 0.426578 
1537362150061 0.194013 0.922186 -0.334562 -0.631019 -0.948402 0.263505 0.176346 -0.28155 0.250783 0.283086 0.925727 0.382481 0.142197 -0.0475879 0.988694 0.370873 -0.988451 0.0460474 0.144378 -0.518686 -0.0523974 -0.997805 -0.0404905 0.426399 
1537362150313 0.193783 0.922285 -0.334422 -0.631177 -0.94853 0.263172 0.176156 -0.281497 0.250477 0.283073 0.925814 0.382467 0.141967 -0.0479554 0.988709 0.37078 -0.988463 0.0463896 0.144182 -0.518663 -0.0527802 -0.997772 -0.0408164 0.426558 
1537362150322 0.193819 0.922276 -0.334427 -0.630806 -0.948435 0.263306 0.17647 -0.281385 0.25081 0.282979 0.925752 0.382584 0.142397 -0.0483422 0.988628 0.37085 -0.988531 0.0437984 0.144524 -0.518765 -0.050287 -0.99787 -0.0415511 0.426607 
1537362150556 0.193855 0.922267 -0.334432 -0.63043 -0.948339 0.26344 0.176782 -0.281271 0.251143 0.282885 0.925691 0.382702 0.142828 -0.0487282 0.988547 0.370921 -0.988593 0.0412064 0.144866 -0.51887 -0.0477935 -0.997962 -0.042287 0.426656 
1537362150839 0.193891 0.922257 -0.334437 -0.630053 -0.948244 0.263574 0.177095 -0.281156 0.251476 0.282791 0.925629 0.382821 0.143261 -0.049113 0.988466 0.370993 -0.988648 0.0386138 0.145206 -0.518977 -0.0452999 -0.998047 -0.0430236 0.426705 
1537362151077 0.193927 0.922248 -0.334442 -0.629677 -0.948148 0.263707 0.177407 -0.281041 0.251809 0.282697 0.925567 0.382939 0.143694 -0.0494967 0.988384 0.371064 -0.988696 0.0360209 0.145544 -0.519083 -0.0428064 -0.998125 -0.0437612 0.426754 
1537362151299 0.193962 0.922238 -0.334447 -0.629302 -0.948052 0.263841 0.17772 -0.280928 0.252141 0.282603 0.925506 0.383057 0.144129 -0.0498793 0.988301 0.371135 -0.988737 0.0334278 0.145879 -0.519188 -0.0403131 -0.998196 -0.0444997 0.426803 
1537362151546 0.193998 0.922229 -0.334453 -0.628926 -0.947957 0.263975 0.178033 -0.280813 0.252474 0.282509 0.925444 0.383175 0.144564 -0.0502607 0.988218 0.371206 -0.988772 0.0308342 0.146213 -0.519294 -0.0378197 -0.99826 -0.0452389 0.426853 
1537362151783 0.194034 0.92222 -0.334458 -0.628551 -0.947861 0.264109 0.178345 -0.280699 0.252807 0.282414 0.925382 0.383293 0.145 -0.050641 0.988135 0.371277 -0.988801 0.0282403 0.146545 -0.519399 -0.0353264 -0.998318 -0.045979 0.426902 
1537362152029 0.19407 0.92221 -0.334463 -0.628174 -0.947764 0.264242 0.178658 -0.280584 0.253139 0.28232 0.925319 0.383412 0.145437 -0.05102 0.988051 0.371348 -0.988822 0.0256461 0.146875 -0.519505 -0.0328332 -0.998368 -0.0467198 0.426951 
1537362152302 0.194106 0.922201 -0.334468 -0.627798 -0.947668 0.264376 0.17897 -0.280469 0.253472 0.282226 0.925257 0.38353 0.145875 -0.051398 0.987967 0.371419 -0.988838 0.0230516 0.147203 -0.519611 -0.0303401 -0.998412 -0.0474616 0.427 
1537362152598 0.19384 0.922254 -0.334476 -0.628085 -0.947785 0.264059 0.178822 -0.280426 0.25324 0.282348 0.925283 0.38345 0.145617 -0.05112 0.988019 0.371349 -0.98884 0.0242469 0.146993 -0.519599 -0.0314707 -0.998398 -0.0470187 0.426956 
1537362152613 0.193879 0.922242 -0.334484 -0.627782 -0.947704 0.264179 0.179072 -0.280348 0.253512 0.282274 0.925231 0.383548 0.145893 -0.0506306 0.988004 0.371373 -0.988831 0.0232927 0.147208 -0.51969 -0.0304665 -0.998446 -0.0466669 0.426884 
1537362152629 0.193911 0.922235 -0.334485 -0.627468 -0.947623 0.264292 0.179333 -0.280258 0.253789 0.282191 0.925181 0.383649 0.146169 -0.0501417 0.987988 0.371398 -0.988821 0.0223385 0.147426 -0.519784 -0.0294624 -0.998492 -0.0463159 0.426812 
1537362152866 0.193944 0.922228 -0.334487 -0.627153 -0.947542 0.264405 0.179594 -0.280167 0.254066 0.282109 0.92513 0.383751 0.146446 -0.0496523 0.987972 0.371424 -0.988809 0.0213843 0.147645 -0.519879 -0.028458 -0.998538 -0.045965 0.42674 
1537362153115 0.193976 0.922221 -0.334488 -0.626838 -0.947461 0.264518 0.179854 -0.280077 0.254343 0.282027 0.925079 0.383853 0.146722 -0.0491628 0.987955 0.371449 -0.988797 0.0204303 0.147863 -0.519973 -0.0274536 -0.998582 -0.0456144 0.426668 
1537362153345 0.194008 0.922214 -0.334488 -0.626525 -0.94738 0.264631 0.180115 -0.279987 0.254621 0.281944 0.925028 0.383954 0.146997 -0.048673 0.987939 0.371474 -0.988783 0.0194765 0.148082 -0.520066 -0.0264491 -0.998625 -0.0452641 0.426596 
1537362153570 0.194041 0.922207 -0.33449 -0.626209 -0.947299 0.264744 0.180376 -0.279896 0.254898 0.281861 0.924976 0.384056 0.147271 -0.0481828 0.987922 0.371499 -0.988769 0.0185226 0.148301 -0.520161 -0.0254444 -0.998667 -0.0449138 0.426525 
1537362153782 0.194073 0.922199 -0.334491 -0.625894 -0.947218 0.264857 0.180636 -0.279805 0.255175 0.281779 0.924925 0.384157 0.147546 -0.0476924 0.987905 0.371524 -0.988753 0.0175688 0.148521 -0.520256 -0.0244396 -0.998708 -0.0445638 0.426453 
1537362153987 0.194105 0.922192 -0.334492 -0.62558 -0.947136 0.264969 0.180897 -0.279715 0.255452 0.281696 0.924874 0.384259 0.147819 -0.0472018 0.987887 0.371549 -0.988737 0.0166152 0.14874 -0.52035 -0.0234347 -0.998747 -0.0442141 0.426381 
1537362154204 0.194138 0.922185 -0.334493 -0.625266 -0.947055 0.265082 0.181158 -0.279625 0.255729 0.281613 0.924822 0.38436 0.148092 -0.0467109 0.98787 0.371574 -0.988719 0.0156617 0.14896 -0.520443 -0.0224298 -0.998786 -0.0438646 0.426309 
1537362154447 0.19413 0.922204 -0.334444 -0.625492 -0.94714 0.264974 0.180873 -0.279699 0.255421 0.281652 0.924896 0.384292 0.147925 -0.0470791 0.987877 0.371623 -0.98873 0.0162461 0.148827 -0.520389 -0.0230558 -0.998759 -0.0441453 0.426296 
1537362154457 0.194135 0.922203 -0.334444 -0.625244 -0.947072 0.265052 0.181112 -0.27962 0.255668 0.281583 0.924849 0.384374 0.147778 -0.046717 0.987917 0.37163 -0.98872 0.0176578 0.148733 -0.520445 -0.0243928 -0.998752 -0.0435806 0.426222 
1537362154643 0.194142 0.922201 -0.334446 -0.62499 -0.947004 0.265132 0.18135 -0.279536 0.255914 0.281514 0.924802 0.384457 0.14763 -0.046355 0.987956 0.371636 -0.988708 0.0190702 0.148637 -0.5205 -0.0257306 -0.998743 -0.0430163 0.426148 
1537362154781 0.194149 0.922199 -0.334448 -0.624737 -0.946936 0.265212 0.181588 -0.279454 0.25616 0.281445 0.924754 0.384539 0.147483 -0.0459929 0.987995 0.371642 -0.988694 0.0204825 0.148541 -0.520555 -0.0270684 -0.998732 -0.0424521 0.426074 
1537362154922 0.194155 0.922197 -0.334449 -0.624484 -0.946868 0.265292 0.181826 -0.279371 0.256406 0.281377 0.924707 0.384622 0.147337 -0.0456306 0.988033 0.371648 -0.988678 0.0218948 0.148444 -0.52061 -0.0284064 -0.998718 -0.0418881 0.426 
1537362155017 0.194162 0.922195 -0.334451 -0.624231 -0.9468 0.265371 0.182064 -0.279288 0.256652 0.281308 0.92466 0.384705 0.147191 -0.045268 0.988072 0.371655 -0.988661 0.023307 0.148346 -0.520665 -0.0297444 -0.998703 -0.0413242 0.425926 
1537362155160 0.194169 0.922193 -0.334452 -0.623979 -0.946732 0.265451 0.182301 -0.279206 0.256898 0.281239 0.924612 0.384788 0.147045 -0.0449052 0.98811 0.371661 -0.988641 0.0247191 0.148248 -0.52072 -0.0310823 -0.998685 -0.0407604 0.425852 
1537362155338 0.194176 0.922191 -0.334454 -0.623725 -0.946664 0.265531 0.182539 -0.279123 0.257144 0.281171 0.924565 0.384871 0.1469 -0.0445423 0.988148 0.371667 -0.98862 0.0261312 0.148148 -0.520775 -0.0324203 -0.998666 -0.0401967 0.425778 
1537362155411 0.194183 0.922189 -0.334455 -0.623472 -0.946596 0.26561 0.182777 -0.279041 0.25739 0.281102 0.924517 0.384953 0.146755 -0.0441791 0.988186 0.371674 -0.988597 0.0275431 0.148048 -0.52083 -0.0337584 -0.998644 -0.0396332 0.425704 
1537362155566 0.194189 0.922187 -0.334457 -0.62322 -0.946528 0.26569 0.183015 -0.278959 0.257636 0.281033 0.92447 0.385036 0.146611 -0.0438156 0.988223 0.37168 -0.988571 0.028955 0.147947 -0.520885 -0.0350964 -0.99862 -0.0390697 0.42563 
1537362155704 0.194266 0.922159 -0.334489 -0.623436 -0.946599 0.265673 0.182669 -0.279086 0.257315 0.28114 0.924526 0.384948 0.146826 -0.0444409 0.988163 0.371657 -0.988604 0.0269743 0.148105 -0.520779 -0.033237 -0.998648 -0.0399739 0.42575 
1537362155716 0.194262 0.922163 -0.334481 -0.623229 -0.946545 0.265728 0.182871 -0.279013 0.257518 0.281076 0.924489 0.385018 0.146391 -0.0451552 0.988196 0.371652 -0.988575 0.0295901 0.147799 -0.520833 -0.0359147 -0.998542 -0.0403076 0.425808 
1537362155930 0.194258 0.922166 -0.334474 -0.623019 -0.94649 0.265783 0.183073 -0.278938 0.257721 0.281013 0.924452 0.385088 0.145952 -0.0458694 0.988228 0.371646 -0.988539 0.0322059 0.147493 -0.520881 -0.0385922 -0.998428 -0.0406432 0.425865 
1537362156213 0.194255 0.92217 -0.334467 -0.622808 -0.946436 0.265839 0.183274 -0.278863 0.257924 0.280949 0.924415 0.385159 0.145511 -0.0465824 0.988259 0.371639 -0.988495 0.0348217 0.147188 -0.52093 -0.0412692 -0.998307 -0.0409796 0.425923 
1537362156490 0.194251 0.922173 -0.33446 -0.622597 -0.946381 0.265894 0.183476 -0.278787 0.258127 0.280886 0.924377 0.385229 0.145068 -0.0472943 0.988291 0.371633 -0.988445 0.0374375 0.146883 -0.520978 -0.0439458 -0.998179 -0.0413169 0.425981 
1537362156747 0.194247 0.922176 -0.334453 -0.622386 -0.946326 0.26595 0.183677 -0.278711 0.258331 0.280823 0.92434 0.3853 0.144623 -0.0480051 0.988322 0.371626 -0.988388 0.0400533 0.146579 -0.521025 -0.046622 -0.998044 -0.041655 0.426039 
1537362157034 0.194244 0.92218 -0.334446 -0.622176 -0.946271 0.266005 0.183879 -0.278636 0.258534 0.280759 0.924302 0.385371 0.144177 -0.0487145 0.988352 0.37162 -0.988323 0.0426688 0.146276 -0.521074 -0.0492976 -0.997901 -0.0419938 0.426096 
1537362157290 0.19424 0.922183 -0.334439 -0.621964 -0.946217 0.266061 0.18408 -0.27856 0.258737 0.280696 0.924265 0.385441 0.143728 -0.0494229 0.988382 0.371613 -0.988252 0.0452845 0.145973 -0.521121 -0.0519728 -0.997751 -0.0423336 0.426154 
1537362157593 0.194237 0.922186 -0.334431 -0.621753 -0.946162 0.266116 0.184282 -0.278485 0.25894 0.280632 0.924227 0.385512 0.143278 -0.0501299 0.988412 0.371607 -0.988173 0.0478999 0.145672 -0.52117 -0.0546474 -0.997593 -0.042674 0.426212 
1537362157850 0.194233 0.92219 -0.334425 -0.621541 -0.946107 0.266172 0.184483 -0.278409 0.259143 0.280569 0.924189 0.385583 0.142825 -0.0508359 0.988442 0.371601 -0.988087 0.0505154 0.145372 -0.521217 -0.0573216 -0.997429 -0.0430154 0.426269 
1537362158143 0.19403 0.922259 -0.334351 -0.621765 -0.946217 0.265894 0.184321 -0.278387 0.258894 0.280604 0.924248 0.385495 0.142995 -0.0506998 0.988424 0.371593 -0.98811 0.0496972 0.145498 -0.521186 -0.0564987 -0.997477 -0.0429905 0.426172 
1537362158164 0.194057 0.922254 -0.334349 -0.621589 -0.946166 0.265967 0.184475 -0.278338 0.259059 0.280551 0.924218 0.385554 0.142635 -0.0509529 0.988463 0.371582 -0.98806 0.051436 0.145229 -0.521216 -0.0582424 -0.997376 -0.043008 0.426194 
1537362158213 0.194084 0.922248 -0.334349 -0.621409 -0.946115 0.266042 0.184628 -0.278287 0.259224 0.280499 0.924188 0.385614 0.142273 -0.0512058 0.988502 0.371569 -0.988008 0.0531745 0.144957 -0.521242 -0.0599858 -0.997271 -0.0430265 0.426215 
1537362158461 0.194112 0.922243 -0.334349 -0.621227 -0.946065 0.266116 0.184781 -0.278235 0.259389 0.280448 0.924157 0.385674 0.14191 -0.0514582 0.988541 0.371556 -0.987953 0.0549131 0.144684 -0.521265 -0.061729 -0.997164 -0.0430455 0.426237 
1537362158675 0.194139 0.922237 -0.334349 -0.621046 -0.946014 0.26619 0.184934 -0.278183 0.259554 0.280396 0.924127 0.385733 0.141547 -0.0517098 0.98858 0.371544 -0.987895 0.0566514 0.144412 -0.52129 -0.063472 -0.997054 -0.043065 0.426258 
1537362158881 0.194166 0.922231 -0.334349 -0.620867 -0.945963 0.266264 0.185087 -0.278133 0.259718 0.280344 0.924096 0.385793 0.141183 -0.0519607 0.988619 0.371531 -0.987833 0.0583895 0.14414 -0.521316 -0.0652146 -0.996941 -0.0430849 0.42628 
1537362159073 0.194193 0.922226 -0.334349 -0.620685 -0.945912 0.266339 0.18524 -0.278081 0.259883 0.280292 0.924065 0.385853 0.140819 -0.0522111 0.988658 0.371518 -0.987769 0.0601277 0.143868 -0.52134 -0.0669572 -0.996824 -0.0431053 0.426302 
1537362159263 0.19422 0.92222 -0.334349 -0.620505 -0.945861 0.266413 0.185393 -0.27803 0.260048 0.28024 0.924035 0.385913 0.140455 -0.0524607 0.988696 0.371506 -0.987701 0.0618656 0.143596 -0.521365 -0.0686995 -0.996705 -0.0431262 0.426323 
1537362159466 0.194247 0.922214 -0.334349 -0.620324 -0.94581 0.266487 0.185546 -0.277978 0.260213 0.280189 0.924004 0.385973 0.14009 -0.0527098 0.988735 0.371493 -0.98763 0.0636036 0.143324 -0.521389 -0.0704416 -0.996582 -0.0431476 0.426345 
1537362159713 0.194274 0.922209 -0.334348 -0.620144 -0.945759 0.266561 0.1857 -0.277926 0.260378 0.280137 0.923973 0.386032 0.139724 -0.0529582 0.988773 0.371481 -0.987556 0.0653413 0.143052 -0.521414 -0.0721835 -0.996457 -0.0431694 0.426366 
1537362160006 0.19439 0.92222 -0.334249 -0.620271 -0.945791 0.26659 0.185498 -0.278017 0.260177 0.280071 0.92405 0.385966 0.139812 -0.0527666 0.988771 0.371498 -0.98757 0.0650051 0.143111 -0.521438 -0.0718267 -0.996489 -0.0430222 0.426324 
1537362160031 0.194411 0.922221 -0.334234 -0.620049 -0.945745 0.266651 0.185642 -0.277941 0.260327 0.280009 0.924026 0.386044 0.140554 -0.0522975 0.988691 0.371505 -0.98763 0.0627022 0.14372 -0.521605 -0.0695093 -0.996661 -0.0428375 0.426287 
1537362160332 0.194432 0.922222 -0.334218 -0.619825 -0.9457 0.266712 0.185786 -0.277865 0.260476 0.279947 0.924003 0.386122 0.141298 -0.0518262 0.98861 0.371514 -0.987684 0.0603983 0.144332 -0.521777 -0.0671905 -0.996828 -0.0426538 0.42625 
1537362160630 0.194454 0.922223 -0.334203 -0.619601 -0.945654 0.266773 0.185929 -0.277788 0.260625 0.279886 0.92398 0.386201 0.14204 -0.0513532 0.988528 0.371523 -0.987733 0.0580943 0.144944 -0.521949 -0.0648712 -0.996989 -0.0424715 0.426213 
1537362160936 0.194476 0.922224 -0.334188 -0.619376 -0.945609 0.266834 0.186072 -0.277711 0.260773 0.279824 0.923956 0.386279 0.142782 -0.0508784 0.988446 0.371531 -0.987776 0.0557902 0.145557 -0.522122 -0.0625513 -0.997145 -0.0422907 0.426176 
1537362161243 0.194498 0.922225 -0.334173 -0.619151 -0.945564 0.266896 0.186216 -0.277634 0.260922 0.279763 0.923933 0.386358 0.143522 -0.0504019 0.988363 0.37154 -0.987813 0.0534861 0.14617 -0.522295 -0.0602309 -0.997296 -0.0421112 0.426138 
1537362161561 0.19452 0.922226 -0.334158 -0.618928 -0.945518 0.266957 0.186359 -0.277557 0.261071 0.279702 0.92391 0.386436 0.144261 -0.0499237 0.98828 0.371549 -0.987844 0.0511822 0.146782 -0.522466 -0.0579102 -0.997441 -0.0419333 0.426101 
1537362161825 0.194541 0.922227 -0.334142 -0.618703 -0.945472 0.267018 0.186502 -0.27748 0.26122 0.27964 0.923886 0.386514 0.144999 -0.0494437 0.988196 0.371558 -0.987869 0.0488781 0.147396 -0.52264 -0.0555889 -0.99758 -0.0417567 0.426064 
1537362162083 0.194563 0.922228 -0.334127 -0.618479 -0.945427 0.267079 0.186646 -0.277403 0.261368 0.279578 0.923863 0.386593 0.145735 -0.0489621 0.988111 0.371566 -0.987889 0.0465742 0.14801 -0.522812 -0.0532673 -0.997714 -0.0415816 0.426027 
1537362162361 0.194584 0.922229 -0.334112 -0.618254 -0.945381 0.267141 0.186789 -0.277326 0.261517 0.279517 0.923839 0.386671 0.146471 -0.0484786 0.988026 0.371575 -0.987902 0.0442701 0.148624 -0.522985 -0.0509452 -0.997843 -0.0414079 0.42599 
1537362162636 0.194619 0.92223 -0.334088 -0.618456 -0.94539 0.267152 0.186731 -0.277405 0.261461 0.279502 0.92386 0.386634 0.146138 -0.0485982 0.98807 0.371537 -0.987911 0.0450585 0.14833 -0.522924 -0.0517295 -0.997802 -0.0414259 0.425986 
1537362162651 0.194666 0.922242 -0.334029 -0.618144 -0.945328 0.26724 0.186919 -0.277311 0.26165 0.27938 0.923843 0.386736 0.146837 -0.047225 0.988033 0.371539 -0.987946 0.0424781 0.148854 -0.523115 -0.0489994 -0.997981 -0.0404185 0.425823 
1537362162953 0.194714 0.922253 -0.33397 -0.617829 -0.945266 0.267328 0.187106 -0.277215 0.261839 0.279258 0.923827 0.386839 0.147515 -0.0458805 0.987995 0.371547 -0.987972 0.0400043 0.149369 -0.523303 -0.0463772 -0.998146 -0.0394275 0.425653 
1537362163228 0.194761 0.922265 -0.33391 -0.617513 -0.945204 0.267415 0.187294 -0.277118 0.262027 0.279135 0.92381 0.386942 0.14819 -0.0445342 0.987956 0.371556 -0.987991 0.0375307 0.149887 -0.523493 -0.0437538 -0.998303 -0.0384377 0.425483 
1537362163490 0.194809 0.922276 -0.333851 -0.617199 -0.945141 0.267504 0.187481 -0.277023 0.262216 0.279013 0.923793 0.387045 0.14886 -0.0431863 0.987915 0.371564 -0.988003 0.0350579 0.150406 -0.52368 -0.0411297 -0.998452 -0.0374494 0.425313 
1537362163762 0.194856 0.922288 -0.333791 -0.616883 -0.945079 0.267592 0.187669 -0.276927 0.262405 0.278891 0.923777 0.387148 0.149528 -0.0418365 0.987872 0.371572 -0.988008 0.0325854 0.150928 -0.523869 -0.0385045 -0.998593 -0.0364623 0.425143 
1537362164040 0.194903 0.922299 -0.333732 -0.616568 -0.945017 0.26768 0.187857 -0.27683 0.262593 0.278768 0.92376 0.387251 0.150192 -0.0404849 0.987828 0.371581 -0.988006 0.0301134 0.151453 -0.524058 -0.0358784 -0.998726 -0.0354766 0.424973 
1537362164325 0.194951 0.92231 -0.333673 -0.616253 -0.944955 0.267768 0.188044 -0.276735 0.262782 0.278646 0.923743 0.387354 0.150851 -0.0391318 0.987782 0.371589 -0.987997 0.027642 0.151979 -0.524246 -0.0332515 -0.998852 -0.0344923 0.424803 
1537362164643 0.194998 0.922322 -0.333613 -0.615937 -0.944893 0.267855 0.188232 -0.276638 0.26297 0.278524 0.923727 0.387457 0.151508 -0.0377769 0.987734 0.371597 -0.987982 0.025171 0.152509 -0.524435 -0.0306235 -0.998969 -0.0335092 0.424633 
1537362164925 0.195046 0.922333 -0.333554 -0.615622 -0.94483 0.267944 0.188419 -0.276543 0.263159 0.278402 0.92371 0.38756 0.152161 -0.0364203 0.987684 0.371605 -0.987959 0.0227007 0.15304 -0.524623 -0.0279949 -0.999079 -0.0325277 0.424463 
1537362165249 0.195016 0.922359 -0.3335 -0.615865 -0.944897 0.267841 0.188233 -0.276604 0.262944 0.278414 0.923767 0.387526 0.151845 -0.0366971 0.987723 0.371567 -0.987998 0.0229995 0.152742 -0.524573 -0.0283223 -0.999062 -0.0327643 0.424577 
1537362165262 0.195138 0.922336 -0.333492 -0.615537 -0.944797 0.268032 0.188459 -0.276489 0.263209 0.278307 0.923724 0.38762 0.152068 -0.0371576 0.987671 0.371578 -0.987985 0.0221869 0.152951 -0.524706 -0.0275966 -0.999063 -0.0333372 0.424627 
1537362165283 0.195261 0.922313 -0.333485 -0.615204 -0.944698 0.268224 0.188684 -0.276372 0.263474 0.2782 0.923681 0.387715 0.152292 -0.0376184 0.987619 0.371589 -0.98797 0.021374 0.15316 -0.524841 -0.026871 -0.999064 -0.0339108 0.424677 
1537362165509 0.195385 0.922289 -0.333478 -0.614872 -0.944599 0.268416 0.188909 -0.276255 0.263739 0.278093 0.923637 0.38781 0.152516 -0.0380791 0.987567 0.3716 -0.987955 0.020561 0.153368 -0.524976 -0.0261455 -0.999063 -0.0344845 0.424727 
1537362165724 0.195508 0.922265 -0.333471 -0.614539 -0.944499 0.268608 0.189133 -0.276138 0.264004 0.277986 0.923594 0.387905 0.15274 -0.0385395 0.987515 0.371611 -0.987939 0.0197479 0.153577 -0.525112 -0.0254201 -0.999062 -0.0350584 0.424777 
