1535392709317 0.229666 0.918635 -0.321501 -0.515474 -0.939832 0.295169 0.172022 -0.188065 0.252923 0.26265 0.931153 0.445864 0.276955 -0.26174 0.924548 0.429962 -0.958068 -0.148816 0.244866 -0.491323 0.0734963 -0.953596 -0.29198 0.464417 
1535392709331 0.232606 0.919209 -0.317726 -0.527013 -0.939732 0.296595 0.170101 -0.193274 0.250594 0.259011 0.9328 0.438525 0.263987 -0.249316 0.931747 0.425772 -0.963152 -0.119694 0.240857 -0.490646 0.0514749 -0.960997 -0.271727 0.461813 
1535392710149 0.235534 0.919764 -0.31394 -0.538553 -0.939624 0.298026 0.168187 -0.198486 0.248254 0.255372 0.934428 0.431185 0.251286 -0.236425 0.938594 0.42158 -0.967474 -0.0905432 0.236211 -0.489964 0.0291372 -0.967422 -0.251487 0.459208 
1535392710985 0.238451 0.9203 -0.310142 -0.550094 -0.939507 0.299463 0.166278 -0.203697 0.245902 0.251732 0.936036 0.423846 0.238867 -0.223081 0.945081 0.417388 -0.971031 -0.0613965 0.230933 -0.489283 0.00650786 -0.972864 -0.231284 0.456603 
1535392711809 0.241358 0.920818 -0.306334 -0.561634 -0.939381 0.300906 0.164374 -0.208908 0.243536 0.248091 0.937625 0.416506 0.226743 -0.209299 0.9512 0.413195 -0.973817 -0.0322859 0.22503 -0.488601 -0.0163882 -0.977319 -0.211139 0.453997 
1535392712637 0.244254 0.921317 -0.302515 -0.573174 -0.939246 0.302356 0.162475 -0.214118 0.241158 0.244451 0.939195 0.409166 0.214929 -0.195094 0.956945 0.409003 -0.97583 -0.00324375 0.218509 -0.48792 -0.0395257 -0.980779 -0.191076 0.451392 
1535392713460 0.247139 0.921797 -0.298685 -0.584714 -0.939102 0.303811 0.160582 -0.219329 0.238767 0.24081 0.940745 0.401827 0.203436 -0.180481 0.96231 0.404811 -0.977067 0.025698 0.211376 -0.487237 -0.0628788 -0.983243 -0.171115 0.448787 
1535392714279 0.250013 0.922258 -0.294846 -0.596254 -0.938949 0.305272 0.158693 -0.22454 0.236364 0.237169 0.942275 0.394487 0.192279 -0.165478 0.967288 0.400618 -0.977528 0.0545072 0.203639 -0.486554 -0.0864219 -0.984706 -0.151279 0.446182 
1535392715081 0.252877 0.9227 -0.290995 -0.607794 -0.938787 0.30674 0.156811 -0.229751 0.233949 0.233529 0.943786 0.387147 0.181468 -0.1501 0.971874 0.396426 -0.977211 0.083152 0.195307 -0.485872 -0.110129 -0.985168 -0.13159 0.443576 
1535392715969 0.255729 0.923123 -0.287135 -0.619334 -0.938616 0.308213 0.154933 -0.234961 0.231521 0.229888 0.945277 0.379808 0.171017 -0.134365 0.976063 0.392234 -0.976117 0.111601 0.186389 -0.485189 -0.133973 -0.984628 -0.11207 0.440971 
1535392716885 0.256434 0.922767 -0.28765 -0.619095 -0.938493 0.308904 0.154301 -0.235189 0.23124 0.230389 0.945224 0.379957 0.171412 -0.135094 0.975893 0.392514 -0.97629 0.109622 0.186657 -0.485201 -0.132195 -0.98475 -0.1131 0.441145 
1535392716891 0.256649 0.922844 -0.287213 -0.620269 -0.938488 0.308983 0.154176 -0.235685 0.231024 0.229977 0.945377 0.379209 0.173932 -0.132357 0.975822 0.39186 -0.976504 0.104848 0.188274 -0.485541 -0.127232 -0.985641 -0.111011 0.440866 
1535392716898 0.256863 0.92292 -0.286775 -0.621447 -0.938482 0.309062 0.154052 -0.236184 0.230809 0.229563 0.945531 0.37846 0.176437 -0.129607 0.975742 0.391207 -0.976689 0.100075 0.189902 -0.485885 -0.12226 -0.986502 -0.108929 0.440587 
1535392717356 0.257077 0.922997 -0.286336 -0.622625 -0.938477 0.30914 0.153928 -0.236682 0.230593 0.229149 0.945684 0.377711 0.178928 -0.126845 0.975651 0.390553 -0.976847 0.0953049 0.191538 -0.486229 -0.11728 -0.987333 -0.106855 0.440308 
1535392717741 0.25729 0.923073 -0.285897 -0.623803 -0.938471 0.309219 0.153804 -0.237181 0.230377 0.228734 0.945837 0.376962 0.181405 -0.124069 0.975551 0.3899 -0.976976 0.090537 0.193184 -0.486573 -0.112292 -0.988135 -0.104789 0.440029 
1535392718096 0.257504 0.92315 -0.285459 -0.624982 -0.938465 0.309298 0.15368 -0.23768 0.230161 0.22832 0.945989 0.376213 0.183867 -0.121281 0.97544 0.389247 -0.977078 0.0857716 0.19484 -0.486917 -0.107295 -0.988906 -0.10273 0.43975 
1535392718512 0.257717 0.923226 -0.28502 -0.626161 -0.93846 0.309376 0.153556 -0.238178 0.229946 0.227905 0.946142 0.375464 0.186314 -0.11848 0.97532 0.388594 -0.977151 0.0810088 0.196504 -0.487261 -0.102291 -0.989646 -0.10068 0.439471 
1535392718857 0.257931 0.923301 -0.284581 -0.627339 -0.938454 0.309455 0.153432 -0.238676 0.229729 0.227491 0.946294 0.374715 0.188745 -0.115666 0.97519 0.38794 -0.977196 0.0762489 0.198177 -0.487604 -0.0972797 -0.990357 -0.098637 0.439192 
1535392719214 0.258144 0.923377 -0.284142 -0.628518 -0.938448 0.309534 0.153309 -0.239175 0.229513 0.227077 0.946446 0.373966 0.191162 -0.11284 0.975051 0.387287 -0.977213 0.0714919 0.19986 -0.487948 -0.0922605 -0.991038 -0.0966024 0.438913 
1535392719582 0.258357 0.923452 -0.283703 -0.629696 -0.938442 0.309613 0.153185 -0.239674 0.229297 0.226662 0.946598 0.373217 0.193564 -0.110002 0.974901 0.386634 -0.977202 0.0667382 0.201551 -0.488292 -0.0872341 -0.991688 -0.0945759 0.438634 
1535392719965 0.258889 0.923148 -0.284209 -0.629456 -0.938253 0.310248 0.153059 -0.239803 0.229471 0.227035 0.946466 0.373288 0.193063 -0.110578 0.974936 0.386772 -0.977271 0.0670059 0.201125 -0.488228 -0.0875664 -0.991606 -0.0951281 0.43868 
1535392719978 0.258129 0.922734 -0.286236 -0.630021 -0.938338 0.309981 0.153083 -0.23987 0.229982 0.229071 0.945851 0.373516 0.194104 -0.109232 0.974881 0.386342 -0.977413 0.0631447 0.201683 -0.488397 -0.0835887 -0.992009 -0.0945078 0.438632 
1535392720248 0.257366 0.922318 -0.288259 -0.630589 -0.938422 0.309712 0.153108 -0.239939 0.230491 0.231104 0.945233 0.373744 0.195141 -0.107881 0.974824 0.385914 -0.977539 0.0592825 0.202245 -0.488572 -0.0796084 -0.992395 -0.0938894 0.438584 
1535392720552 0.256602 0.921896 -0.290281 -0.631157 -0.938507 0.309443 0.153134 -0.240007 0.230999 0.233136 0.94461 0.373972 0.196173 -0.106526 0.974766 0.385486 -0.977649 0.0554201 0.20281 -0.488746 -0.0756262 -0.992764 -0.0932732 0.438537 
1535392720834 0.255837 0.92147 -0.292301 -0.631724 -0.938591 0.309174 0.15316 -0.240075 0.231504 0.235167 0.943982 0.3742 0.197199 -0.105167 0.974706 0.385058 -0.977742 0.0515576 0.203376 -0.488921 -0.0716421 -0.993117 -0.0926593 0.438489 
1535392721107 0.25507 0.92104 -0.29432 -0.632292 -0.938675 0.308905 0.153187 -0.240144 0.232008 0.237197 0.94335 0.374427 0.19822 -0.103804 0.974645 0.38463 -0.97782 0.0476951 0.203946 -0.489097 -0.0676562 -0.993454 -0.0920475 0.438441 
1535392721382 0.254303 0.920606 -0.296337 -0.63286 -0.938759 0.308636 0.153215 -0.240212 0.232511 0.239226 0.942714 0.374655 0.199235 -0.102437 0.974583 0.384201 -0.977881 0.0438327 0.204516 -0.489271 -0.0636687 -0.993773 -0.0914381 0.438393 
1535392721673 0.253534 0.920166 -0.298353 -0.633428 -0.938843 0.308368 0.153243 -0.240281 0.233012 0.241255 0.942073 0.374883 0.200245 -0.101066 0.974519 0.383773 -0.977927 0.0399703 0.20509 -0.489447 -0.0596794 -0.994077 -0.0908308 0.438346 
1535392721976 0.252764 0.919723 -0.300367 -0.633995 -0.938926 0.308099 0.153272 -0.240349 0.233511 0.243281 0.941428 0.375111 0.201249 -0.0996902 0.974454 0.383345 -0.977956 0.0361082 0.205666 -0.489621 -0.0556887 -0.994363 -0.0902259 0.438298 
1535392722272 0.251994 0.919274 -0.302381 -0.634564 -0.93901 0.30783 0.153301 -0.240417 0.234008 0.245308 0.940779 0.375339 0.202247 -0.0983108 0.974388 0.382917 -0.977969 0.0322462 0.206244 -0.489797 -0.0516963 -0.994633 -0.0896232 0.43825 
1535392722581 0.252396 0.91944 -0.301541 -0.634237 -0.938971 0.308 0.153199 -0.24044 0.233732 0.244472 0.941065 0.375086 0.202173 -0.0985403 0.97438 0.383074 -0.977946 0.0329387 0.206244 -0.489692 -0.0524182 -0.994588 -0.0897077 0.438233 
1535392722589 0.251635 0.919465 -0.302098 -0.634509 -0.939063 0.307486 0.153665 -0.240546 0.23418 0.245022 0.94081 0.37521 0.20271 -0.0981344 0.974309 0.382856 -0.977973 0.0302813 0.206522 -0.489746 -0.0497703 -0.994712 -0.0898345 0.438253 
1535392722802 0.250874 0.919491 -0.302652 -0.634785 -0.939155 0.306972 0.154132 -0.240654 0.234628 0.24557 0.940556 0.375333 0.203247 -0.0977268 0.974238 0.382638 -0.977993 0.027623 0.206801 -0.489805 -0.0471214 -0.99483 -0.0899618 0.438273 
1535392723027 0.250112 0.919516 -0.303206 -0.635063 -0.939246 0.306457 0.154599 -0.240762 0.235076 0.246118 0.940301 0.375456 0.203783 -0.0973177 0.974167 0.382421 -0.978005 0.0249645 0.20708 -0.489864 -0.0444721 -0.99494 -0.0900898 0.438293 
1535392723230 0.24935 0.91954 -0.30376 -0.63534 -0.939337 0.305943 0.155067 -0.240871 0.235523 0.246667 0.940045 0.375579 0.204319 -0.0969071 0.974096 0.382204 -0.978011 0.022306 0.207359 -0.489923 -0.0418227 -0.995043 -0.0902187 0.438314 
1535392723434 0.248588 0.919564 -0.304313 -0.635616 -0.939427 0.305429 0.155534 -0.240978 0.23597 0.247216 0.939789 0.375703 0.204852 -0.0964952 0.974025 0.381987 -0.978009 0.0196475 0.207637 -0.489981 -0.0391731 -0.99514 -0.0903483 0.438334 
1535392723657 0.247825 0.919587 -0.304865 -0.635894 -0.939516 0.304914 0.156003 -0.241087 0.236416 0.247764 0.939532 0.375826 0.205385 -0.0960817 0.973953 0.381769 -0.977999 0.0169889 0.207914 -0.49004 -0.0365232 -0.995228 -0.0904786 0.438354 
1535392723868 0.247062 0.919609 -0.305417 -0.636172 -0.939605 0.3044 0.156471 -0.241195 0.236861 0.248313 0.939275 0.375949 0.205917 -0.0956668 0.973882 0.381552 -0.977983 0.0143303 0.208192 -0.490099 -0.0338731 -0.99531 -0.0906097 0.438374 
1535392724092 0.246298 0.919631 -0.305969 -0.636448 -0.939693 0.303887 0.15694 -0.241303 0.237306 0.248863 0.939017 0.376072 0.206447 -0.0952505 0.97381 0.381335 -0.977959 0.0116718 0.208469 -0.490158 -0.0312229 -0.995385 -0.0907415 0.438394 
1535392724307 0.245535 0.919651 -0.30652 -0.636724 -0.93978 0.303373 0.157409 -0.241411 0.237751 0.249412 0.938759 0.376195 0.206977 -0.0948328 0.973739 0.381117 -0.977929 0.0090133 0.208745 -0.490216 -0.0285725 -0.995452 -0.0908742 0.438415 
1535392724535 0.246042 0.919672 -0.306051 -0.636515 -0.939712 0.303707 0.157171 -0.241252 0.237496 0.248929 0.938952 0.376139 0.206645 -0.094904 0.973802 0.381209 -0.97797 0.0100044 0.208504 -0.490225 -0.0295302 -0.995436 -0.0907459 0.438456 
1535392724547 0.245738 0.919807 -0.305888 -0.63659 -0.939825 0.303355 0.157174 -0.241336 0.237362 0.248858 0.939004 0.376148 0.206656 -0.095594 0.973732 0.381139 -0.97796 0.0101266 0.208548 -0.490263 -0.0297965 -0.995369 -0.0913943 0.438557 
1535392724700 0.245433 0.919943 -0.305726 -0.63667 -0.939939 0.303003 0.157177 -0.241421 0.237229 0.248787 0.939057 0.376156 0.206668 -0.0962835 0.973662 0.381068 -0.977949 0.010248 0.208591 -0.490302 -0.030062 -0.995301 -0.0920425 0.438657 
1535392724725 0.245128 0.920078 -0.305563 -0.636749 -0.940052 0.30265 0.15718 -0.241507 0.237096 0.248716 0.939109 0.376164 0.206678 -0.0969732 0.973591 0.380998 -0.977939 0.0103694 0.208634 -0.49034 -0.0303275 -0.995233 -0.0926907 0.438758 
1535392724852 0.244823 0.920213 -0.3054 -0.636829 -0.940165 0.302297 0.157182 -0.241593 0.236963 0.248645 0.939162 0.376172 0.206689 -0.0976626 0.97352 0.380927 -0.977928 0.0104907 0.208678 -0.490378 -0.0305929 -0.995164 -0.0933387 0.438859 
1535392724896 0.244518 0.920348 -0.305237 -0.636909 -0.940278 0.301944 0.157185 -0.241679 0.23683 0.248573 0.939214 0.37618 0.2067 -0.098352 0.973448 0.380857 -0.977918 0.0106119 0.208721 -0.490417 -0.0308583 -0.995095 -0.0939867 0.43896 
1535392725010 0.244213 0.920483 -0.305074 -0.63699 -0.940391 0.301591 0.157188 -0.241765 0.236697 0.248502 0.939267 0.376188 0.20671 -0.0990415 0.973376 0.380787 -0.977907 0.0107333 0.208764 -0.490455 -0.0311239 -0.995025 -0.0946347 0.43906 
1535392725064 0.243908 0.920618 -0.304912 -0.637069 -0.940503 0.301238 0.157191 -0.24185 0.236564 0.24843 0.939319 0.376196 0.20672 -0.0997309 0.973304 0.380716 -0.977896 0.0108545 0.208808 -0.490493 -0.0313893 -0.994955 -0.0952826 0.439161 
1535392725165 0.243603 0.920753 -0.304749 -0.63715 -0.940616 0.300885 0.157194 -0.241936 0.236431 0.248359 0.939371 0.376204 0.20673 -0.10042 0.973231 0.380646 -0.977886 0.0109759 0.208851 -0.490532 -0.031655 -0.994885 -0.0959306 0.439262 
1535392725224 0.243298 0.920888 -0.304586 -0.637229 -0.940728 0.300532 0.157196 -0.242022 0.236298 0.248287 0.939424 0.376212 0.20674 -0.10111 0.973157 0.380575 -0.977875 0.011097 0.208895 -0.49057 -0.0319204 -0.994813 -0.0965783 0.439362 
1535392725337 0.243703 0.920675 -0.304902 -0.637139 -0.940526 0.301074 0.157369 -0.241849 0.236684 0.248417 0.939292 0.376186 0.206694 -0.0998383 0.973299 0.380664 -0.977907 0.0106829 0.208768 -0.490488 -0.0312407 -0.994946 -0.0954244 0.439283 
1535392725348 0.243958 0.920713 -0.304587 -0.637144 -0.940535 0.301184 0.157109 -0.241845 0.236388 0.248146 0.939438 0.37615 0.206636 -0.100565 0.973236 0.380629 -0.977858 0.0124296 0.208901 -0.490565 -0.0331051 -0.994853 -0.0957701 0.439319 
1535392725365 0.244211 0.92075 -0.30427 -0.637151 -0.940543 0.301293 0.156848 -0.241843 0.236092 0.247875 0.939584 0.376114 0.206574 -0.101292 0.973174 0.380593 -0.977806 0.0141772 0.209033 -0.490637 -0.0349703 -0.994756 -0.0961152 0.439355 
1535392725559 0.244465 0.920787 -0.303954 -0.637159 -0.940551 0.301402 0.156588 -0.241841 0.235796 0.247604 0.93973 0.376077 0.206511 -0.102018 0.973111 0.380558 -0.977751 0.0159247 0.209165 -0.490709 -0.0368352 -0.994655 -0.09646 0.439391 
1535392725717 0.244718 0.920824 -0.303637 -0.637168 -0.94056 0.301511 0.156327 -0.241839 0.2355 0.247333 0.939876 0.37604 0.206446 -0.102745 0.973049 0.380522 -0.977692 0.017672 0.209297 -0.490781 -0.0386999 -0.994551 -0.0968045 0.439428 
1535392725886 0.244972 0.920861 -0.303321 -0.637175 -0.940568 0.301621 0.156067 -0.241837 0.235204 0.247062 0.940021 0.376004 0.206381 -0.103471 0.972986 0.380486 -0.977631 0.019419 0.209431 -0.490854 -0.0405644 -0.994443 -0.0971486 0.439464 
1535392726061 0.245225 0.920898 -0.303004 -0.637183 -0.940576 0.30173 0.155807 -0.241835 0.234908 0.246791 0.940166 0.375967 0.206313 -0.104197 0.972922 0.38045 -0.977566 0.0211661 0.209565 -0.490924 -0.0424289 -0.994331 -0.0974926 0.4395 
1535392726228 0.245478 0.920935 -0.302687 -0.637191 -0.940584 0.301839 0.155547 -0.241833 0.234611 0.24652 0.940311 0.375931 0.206245 -0.104923 0.972859 0.380415 -0.977497 0.0229128 0.209699 -0.490997 -0.0442931 -0.994216 -0.0978361 0.439536 
1535392726392 0.245731 0.920972 -0.30237 -0.6372 -0.940592 0.301949 0.155286 -0.241832 0.234315 0.246248 0.940456 0.375894 0.206174 -0.105649 0.972795 0.380379 -0.977426 0.0246595 0.209834 -0.491068 -0.0461573 -0.994098 -0.0981795 0.439572 
1535392726561 0.245984 0.921008 -0.302053 -0.637208 -0.9406 0.302058 0.155026 -0.241829 0.234018 0.245977 0.940601 0.375858 0.206103 -0.106374 0.972731 0.380343 -0.977351 0.0264059 0.20997 -0.49114 -0.0480212 -0.993975 -0.0985226 0.439608 
1535392726740 0.245592 0.920994 -0.302414 -0.637224 -0.94063 0.301822 0.155303 -0.241761 0.234308 0.246318 0.94044 0.375915 0.206173 -0.10586 0.972773 0.380322 -0.977389 0.0254157 0.209917 -0.491088 -0.0469454 -0.994056 -0.0982259 0.439575 
1535392726756 0.246126 0.920885 -0.302311 -0.637034 -0.940499 0.302304 0.155159 -0.241699 0.234273 0.246135 0.940497 0.375987 0.206191 -0.106336 0.972717 0.380372 -0.977421 0.0245514 0.209872 -0.49117 -0.0461985 -0.994027 -0.0988725 0.439625 
1535392726911 0.246661 0.920775 -0.30221 -0.636839 -0.940367 0.302787 0.155014 -0.241634 0.234239 0.245952 0.940553 0.376061 0.20621 -0.106819 0.97266 0.380422 -0.977451 0.0237067 0.209829 -0.491255 -0.0454722 -0.993996 -0.0995214 0.439675 
1535392726953 0.247197 0.920665 -0.302108 -0.636643 -0.940235 0.30327 0.15487 -0.241569 0.234204 0.24577 0.940609 0.376135 0.20623 -0.107301 0.972603 0.380473 -0.97748 0.0228618 0.209786 -0.49134 -0.0447458 -0.993964 -0.10017 0.439725 
1535392727089 0.247732 0.920555 -0.302007 -0.636447 -0.940103 0.303753 0.154726 -0.241504 0.234169 0.245587 0.940666 0.376208 0.206249 -0.107784 0.972545 0.380523 -0.977509 0.0220171 0.209742 -0.491425 -0.0440195 -0.99393 -0.100819 0.439775 
1535392727175 0.248266 0.920444 -0.301905 -0.636253 -0.939971 0.304236 0.154582 -0.241439 0.234135 0.245404 0.940722 0.376281 0.206269 -0.108267 0.972487 0.380574 -0.977537 0.0211725 0.209697 -0.491509 -0.0432932 -0.993896 -0.101468 0.439824 
1535392727295 0.248801 0.920333 -0.301803 -0.636057 -0.939838 0.304719 0.154438 -0.241374 0.2341 0.245222 0.940778 0.376355 0.206289 -0.10875 0.972429 0.380624 -0.977565 0.0203278 0.209651 -0.491594 -0.0425669 -0.993861 -0.102117 0.439874 
1535392727377 0.249336 0.920221 -0.301702 -0.635861 -0.939705 0.305202 0.154294 -0.241309 0.234065 0.24504 0.940834 0.376429 0.206309 -0.109232 0.972371 0.380675 -0.977592 0.0194832 0.209605 -0.491679 -0.0418406 -0.993825 -0.102765 0.439924 
1535392727497 0.249871 0.92011 -0.3016 -0.635666 -0.939572 0.305684 0.15415 -0.241244 0.23403 0.244857 0.940891 0.376502 0.20633 -0.109715 0.972312 0.380725 -0.977618 0.0186385 0.209559 -0.491763 -0.0411142 -0.993788 -0.103414 0.439974 
1535392727586 0.250405 0.919998 -0.301498 -0.635471 -0.939438 0.306167 0.154007 -0.24118 0.233994 0.244674 0.940947 0.376575 0.206351 -0.110198 0.972253 0.380775 -0.977644 0.0177938 0.209512 -0.491848 -0.0403878 -0.99375 -0.104062 0.440024 
1535392727708 0.249726 0.920175 -0.301522 -0.635717 -0.939614 0.30553 0.154201 -0.241161 0.234015 0.244806 0.940908 0.3765 0.206336 -0.109229 0.972365 0.380733 -0.977589 0.0194226 0.209626 -0.491657 -0.0417832 -0.993827 -0.102774 0.439971 
1535392727719 0.249979 0.920138 -0.301424 -0.635362 -0.939592 0.305707 0.153982 -0.241036 0.233833 0.244724 0.940974 0.376631 0.206575 -0.109005 0.97234 0.380775 -0.97755 0.0191696 0.209831 -0.491784 -0.041512 -0.993856 -0.102598 0.439882 
1535392727753 0.250234 0.9201 -0.301328 -0.635002 -0.939569 0.305886 0.153763 -0.240908 0.23365 0.244641 0.941041 0.376763 0.206815 -0.108781 0.972314 0.380817 -0.97751 0.0189167 0.210037 -0.491913 -0.0412409 -0.993886 -0.102422 0.439793 
1535392727943 0.25049 0.920062 -0.301231 -0.634643 -0.939547 0.306065 0.153544 -0.240781 0.233466 0.244559 0.941108 0.376895 0.207054 -0.108556 0.972288 0.38086 -0.977471 0.018664 0.210242 -0.492042 -0.0409699 -0.993915 -0.102246 0.439704 
1535392728123 0.250745 0.920025 -0.301134 -0.634283 -0.939524 0.306244 0.153325 -0.240653 0.233283 0.244477 0.941175 0.377027 0.207295 -0.108332 0.972262 0.380902 -0.977432 0.0184111 0.210448 -0.492171 -0.0406987 -0.993944 -0.102071 0.439616 
1535392728298 0.251 0.919987 -0.301037 -0.633923 -0.939502 0.306423 0.153106 -0.240525 0.2331 0.244396 0.941241 0.377159 0.207534 -0.108108 0.972236 0.380945 -0.977392 0.0181583 0.210654 -0.4923 -0.0404275 -0.993973 -0.101895 0.439527 
1535392728484 0.251255 0.919949 -0.300941 -0.633562 -0.939479 0.306602 0.152887 -0.240397 0.232917 0.244314 0.941308 0.377291 0.207774 -0.107883 0.972209 0.380987 -0.977352 0.0179056 0.21086 -0.492429 -0.0401562 -0.994002 -0.10172 0.439438 
1535392728658 0.25151 0.919911 -0.300844 -0.633203 -0.939456 0.306781 0.152668 -0.240269 0.232734 0.244232 0.941374 0.377422 0.208013 -0.107659 0.972183 0.38103 -0.977312 0.0176529 0.211066 -0.492557 -0.039885 -0.994031 -0.101544 0.439349 
1535392728834 0.251765 0.919873 -0.300746 -0.632844 -0.939433 0.30696 0.152449 -0.240142 0.232551 0.24415 0.941441 0.377554 0.208253 -0.107434 0.972157 0.381072 -0.977272 0.0174003 0.211272 -0.492686 -0.0396137 -0.99406 -0.101369 0.439261 
1535392729013 0.25202 0.919835 -0.30065 -0.632483 -0.93941 0.30714 0.15223 -0.240014 0.232367 0.244068 0.941507 0.377686 0.208492 -0.10721 0.97213 0.381114 -0.977232 0.0171477 0.211478 -0.492815 -0.0393423 -0.994089 -0.101193 0.439172 
1535392729197 0.252034 0.919817 -0.300692 -0.632664 -0.939356 0.307213 0.152414 -0.240176 0.232569 0.244043 0.941464 0.377618 0.20815 -0.107533 0.972168 0.381056 -0.977294 0.0173933 0.211171 -0.492672 -0.0396171 -0.994049 -0.101471 0.439239 
1535392729211 0.252023 0.91978 -0.300813 -0.632232 -0.939207 0.307382 0.152993 -0.240023 0.233185 0.243968 0.941331 0.377741 0.208186 -0.107804 0.97213 0.38111 -0.977259 0.0180256 0.211283 -0.492767 -0.0403004 -0.994009 -0.1016 0.439202 
1535392729363 0.252013 0.919743 -0.300935 -0.631795 -0.939056 0.307553 0.153573 -0.239868 0.233801 0.243892 0.941198 0.377864 0.208224 -0.108075 0.972092 0.381164 -0.977222 0.0186581 0.211397 -0.492863 -0.0409842 -0.993968 -0.101728 0.439166 
1535392729552 0.252002 0.919707 -0.301056 -0.631359 -0.938906 0.307723 0.154152 -0.239712 0.234417 0.243817 0.941064 0.377988 0.208263 -0.108346 0.972053 0.381218 -0.977185 0.0192904 0.211512 -0.492958 -0.0416678 -0.993926 -0.101857 0.439129 
1535392729738 0.251992 0.91967 -0.301178 -0.630922 -0.938754 0.307893 0.154732 -0.239557 0.235033 0.243741 0.94093 0.378111 0.208299 -0.108617 0.972015 0.381272 -0.977148 0.0199231 0.211625 -0.493054 -0.0423517 -0.993884 -0.101985 0.439092 
1535392729928 0.251981 0.919633 -0.3013 -0.630484 -0.938603 0.308063 0.155311 -0.239401 0.235648 0.243666 0.940796 0.378235 0.208337 -0.108888 0.971977 0.381326 -0.97711 0.0205555 0.21174 -0.493149 -0.0430355 -0.993841 -0.102114 0.439055 
1535392730114 0.25197 0.919596 -0.301422 -0.630047 -0.938451 0.308234 0.15589 -0.239245 0.236264 0.24359 0.940661 0.378359 0.208375 -0.10916 0.971938 0.381381 -0.977071 0.0211877 0.211855 -0.493245 -0.0437191 -0.993798 -0.102242 0.439019 
1535392730302 0.251959 0.919559 -0.301543 -0.629611 -0.938299 0.308404 0.156469 -0.23909 0.23688 0.243514 0.940526 0.378482 0.208411 -0.109431 0.9719 0.381435 -0.977033 0.0218202 0.211968 -0.49334 -0.0444029 -0.993755 -0.10237 0.438982 
1535392730488 0.251948 0.919522 -0.301665 -0.629174 -0.938146 0.308574 0.157048 -0.238935 0.237495 0.243438 0.94039 0.378606 0.208448 -0.109702 0.971862 0.381489 -0.976994 0.0224525 0.212083 -0.493436 -0.0450866 -0.993711 -0.102498 0.438945 
1535392730677 0.251937 0.919485 -0.301787 -0.628736 -0.937993 0.308744 0.157627 -0.238779 0.23811 0.243362 0.940254 0.378729 0.208484 -0.109973 0.971823 0.381543 -0.976954 0.0230847 0.212198 -0.493531 -0.0457703 -0.993666 -0.102626 0.438909 
1535392730891 0.25184 0.919572 -0.301602 -0.628991 -0.938091 0.308545 0.15743 -0.238792 0.237826 0.243283 0.940347 0.378735 0.208427 -0.109623 0.971875 0.381482 -0.977006 0.0222901 0.212041 -0.493414 -0.0449077 -0.993723 -0.102456 0.439001 
1535392730901 0.251981 0.919443 -0.301877 -0.628597 -0.938051 0.30873 0.157312 -0.238623 0.237837 0.243536 0.940278 0.378881 0.208382 -0.11005 0.971836 0.381547 -0.976983 0.0229306 0.212082 -0.493499 -0.0456243 -0.993662 -0.102738 0.438992 
1535392730942 0.252122 0.919314 -0.302153 -0.628199 -0.93801 0.308915 0.157192 -0.238451 0.237849 0.243791 0.940209 0.379027 0.208336 -0.110476 0.971798 0.381611 -0.976959 0.0235706 0.212122 -0.493585 -0.0463404 -0.993599 -0.10302 0.438983 
1535392730949 0.252264 0.919184 -0.30243 -0.627799 -0.937969 0.3091 0.157073 -0.238279 0.23786 0.244046 0.94014 0.379174 0.208291 -0.110903 0.971759 0.381676 -0.976934 0.0242107 0.212163 -0.493671 -0.0470564 -0.993536 -0.103302 0.438974 
1535392731197 0.252406 0.919054 -0.302706 -0.627402 -0.937928 0.309285 0.156954 -0.238108 0.237872 0.244301 0.940071 0.379321 0.208245 -0.111329 0.97172 0.381741 -0.976909 0.0248506 0.212204 -0.493756 -0.0477723 -0.993473 -0.103583 0.438965 
1535392731386 0.252548 0.918924 -0.302983 -0.627002 -0.937887 0.30947 0.156835 -0.237936 0.237883 0.244555 0.940002 0.379467 0.208199 -0.111755 0.971681 0.381805 -0.976884 0.0254905 0.212245 -0.493842 -0.0484882 -0.993409 -0.103865 0.438955 
1535392731581 0.252689 0.918794 -0.303259 -0.626603 -0.937846 0.309655 0.156715 -0.237763 0.237895 0.24481 0.939933 0.379614 0.208152 -0.112182 0.971642 0.38187 -0.976858 0.0261306 0.212286 -0.493927 -0.0492042 -0.993344 -0.104147 0.438946 
1535392731784 0.252831 0.918664 -0.303536 -0.626205 -0.937804 0.30984 0.156596 -0.237592 0.237906 0.245065 0.939864 0.379761 0.208105 -0.112608 0.971603 0.381935 -0.976832 0.0267703 0.212328 -0.494013 -0.04992 -0.993279 -0.104428 0.438937 
1535392731978 0.252973 0.918533 -0.303812 -0.625805 -0.937763 0.310025 0.156476 -0.23742 0.237918 0.245319 0.939794 0.379908 0.208058 -0.113034 0.971563 0.382 -0.976805 0.0274103 0.21237 -0.494099 -0.0506358 -0.993213 -0.104709 0.438928 
1535392732171 0.253114 0.918403 -0.304088 -0.625406 -0.937722 0.310209 0.156357 -0.237248 0.237929 0.245574 0.939725 0.380054 0.20801 -0.11346 0.971524 0.382064 -0.976778 0.0280502 0.212411 -0.494184 -0.0513517 -0.993146 -0.104991 0.438919 
1535392732379 0.253091 0.918482 -0.303869 -0.625587 -0.937756 0.310122 0.156329 -0.237375 0.237822 0.245389 0.9398 0.380019 0.208197 -0.112913 0.971547 0.382033 -0.976779 0.0273401 0.212496 -0.494022 -0.0505558 -0.993229 -0.104599 0.438939 
1535392732395 0.253168 0.918422 -0.303987 -0.62529 -0.93771 0.31024 0.156366 -0.237251 0.237919 0.245465 0.939756 0.380105 0.208091 -0.112245 0.971648 0.382048 -0.976825 0.0270397 0.212324 -0.494075 -0.0501053 -0.993313 -0.104017 0.438821 
1535392732533 0.253243 0.918361 -0.304107 -0.624989 -0.937665 0.310358 0.156403 -0.237125 0.238016 0.245542 0.939711 0.380192 0.207986 -0.111576 0.971747 0.382062 -0.976871 0.0267385 0.212153 -0.494129 -0.0496542 -0.993396 -0.103434 0.438703 
1535392732697 0.253319 0.9183 -0.304227 -0.624689 -0.93762 0.310476 0.15644 -0.236999 0.238114 0.24562 0.939666 0.380278 0.207882 -0.110907 0.971846 0.382077 -0.976916 0.026437 0.211983 -0.494182 -0.0492031 -0.993479 -0.102851 0.438585 
1535392732843 0.253395 0.91824 -0.304347 -0.624387 -0.937575 0.310594 0.156476 -0.236872 0.238211 0.245698 0.939621 0.380365 0.207776 -0.110238 0.971945 0.382092 -0.976961 0.0261358 0.211812 -0.494236 -0.0487523 -0.993562 -0.102268 0.438467 
1535392733011 0.253471 0.918179 -0.304467 -0.624086 -0.93753 0.310712 0.156513 -0.236746 0.238308 0.245775 0.939576 0.380452 0.20767 -0.109569 0.972043 0.382106 -0.977006 0.0258343 0.211642 -0.494289 -0.0483014 -0.993643 -0.101684 0.438349 
1535392733169 0.253546 0.918118 -0.304587 -0.623785 -0.937484 0.31083 0.15655 -0.23662 0.238406 0.245853 0.939531 0.380539 0.207565 -0.1089 0.972141 0.382121 -0.97705 0.0255325 0.211473 -0.494342 -0.0478505 -0.993725 -0.101101 0.438232 
1535392733331 0.253622 0.918057 -0.304707 -0.623483 -0.937439 0.310948 0.156586 -0.236493 0.238503 0.245931 0.939486 0.380626 0.207458 -0.10823 0.972238 0.382136 -0.977095 0.0252309 0.211303 -0.494396 -0.0473998 -0.993806 -0.100517 0.438114 
1535392733497 0.253698 0.917997 -0.304827 -0.623183 -0.937394 0.311066 0.156623 -0.236367 0.238601 0.246008 0.939441 0.380712 0.207351 -0.107561 0.972335 0.38215 -0.977139 0.024929 0.211133 -0.49445 -0.0469491 -0.993886 -0.0999335 0.437996 
1535392733662 0.253774 0.917936 -0.304947 -0.62288 -0.937349 0.311184 0.156659 -0.23624 0.238698 0.246086 0.939396 0.380799 0.207244 -0.106892 0.972432 0.382165 -0.977184 0.024627 0.210964 -0.494503 -0.0464985 -0.993966 -0.0993496 0.437878 
1535392733856 0.254044 0.917871 -0.304918 -0.62305 -0.937308 0.311402 0.156468 -0.236435 0.238569 0.246052 0.939438 0.380712 0.207425 -0.107771 0.972296 0.38213 -0.977127 0.0248064 0.211206 -0.494408 -0.0468809 -0.993866 -0.10016 0.438092 
1535392733875 0.253964 0.917831 -0.305105 -0.622809 -0.937245 0.311445 0.156759 -0.236315 0.238902 0.246147 0.939328 0.380789 0.20747 -0.108063 0.972254 0.382156 -0.977218 0.022559 0.211036 -0.494471 -0.0447383 -0.993888 -0.100921 0.438181 
1535392734004 0.253873 0.917793 -0.305296 -0.622559 -0.937184 0.311479 0.157055 -0.236185 0.239237 0.246246 0.939217 0.380869 0.207515 -0.108354 0.972212 0.382182 -0.977304 0.0203109 0.210866 -0.494536 -0.0425947 -0.993905 -0.10168 0.438271 
1535392734138 0.253782 0.917754 -0.305486 -0.622307 -0.937123 0.311514 0.157351 -0.236054 0.239572 0.246346 0.939105 0.380949 0.207561 -0.108646 0.97217 0.382209 -0.977385 0.0180629 0.210693 -0.494602 -0.0404511 -0.993916 -0.10244 0.438361 
1535392734300 0.25369 0.917716 -0.305676 -0.622058 -0.937062 0.311548 0.157646 -0.235924 0.239908 0.246445 0.938994 0.381029 0.207609 -0.108937 0.972127 0.382235 -0.977462 0.0158146 0.21052 -0.494667 -0.0383071 -0.993923 -0.103198 0.43845 
1535392734467 0.253599 0.917678 -0.305867 -0.621807 -0.937001 0.311582 0.157942 -0.235793 0.240243 0.246544 0.938882 0.381109 0.207656 -0.109228 0.972084 0.382262 -0.977533 0.0135663 0.210345 -0.494732 -0.0361631 -0.993924 -0.103956 0.43854 
1535392734614 0.253508 0.91764 -0.306057 -0.621556 -0.93694 0.311616 0.158238 -0.235662 0.240578 0.246643 0.93877 0.381189 0.207704 -0.109519 0.972042 0.382288 -0.9776 0.0113183 0.210167 -0.494798 -0.034019 -0.99392 -0.104714 0.438629 
1535392734763 0.253417 0.917602 -0.306247 -0.621307 -0.936878 0.31165 0.158533 -0.235532 0.240913 0.246742 0.938658 0.381269 0.207753 -0.109809 0.971998 0.382315 -0.977662 0.00907009 0.209988 -0.494863 -0.0318747 -0.993911 -0.105472 0.438719 
1535392734925 0.253325 0.917563 -0.306437 -0.621057 -0.936817 0.311685 0.158829 -0.235402 0.241248 0.24684 0.938546 0.381349 0.207803 -0.1101 0.971955 0.382341 -0.977719 0.00682168 0.209808 -0.494928 -0.0297302 -0.993897 -0.106229 0.438809 
1535392735074 0.253234 0.917525 -0.306628 -0.620806 -0.936755 0.311719 0.159125 -0.235271 0.241582 0.24694 0.938434 0.381429 0.207852 -0.11039 0.971911 0.382368 -0.977771 0.00457363 0.209625 -0.494994 -0.0275857 -0.993878 -0.106986 0.438898 
1535392735231 0.253257 0.917564 -0.306492 -0.620996 -0.936815 0.31165 0.158908 -0.235416 0.241326 0.246882 0.938515 0.381333 0.207858 -0.110133 0.971939 0.382376 -0.977723 0.00626387 0.209805 -0.494921 -0.0291946 -0.993897 -0.106378 0.438846 
1535392735243 0.253477 0.917543 -0.306371 -0.620814 -0.936811 0.311781 0.158672 -0.235294 0.241109 0.246792 0.938595 0.381382 0.208236 -0.110067 0.971866 0.382393 -0.977659 0.00566451 0.210119 -0.495027 -0.0286323 -0.993908 -0.106429 0.438848 
1535392735258 0.253698 0.917523 -0.306251 -0.620627 -0.936808 0.311913 0.158436 -0.23517 0.240892 0.246704 0.938674 0.381431 0.208615 -0.11 0.971792 0.382412 -0.977595 0.00506443 0.210434 -0.495138 -0.0280693 -0.993919 -0.106479 0.438851 
1535392735382 0.253919 0.917501 -0.306131 -0.620438 -0.936804 0.312045 0.158199 -0.235045 0.240675 0.246615 0.938753 0.381482 0.208996 -0.109932 0.971718 0.38243 -0.97753 0.00446427 0.210751 -0.495251 -0.0275063 -0.993929 -0.106529 0.438854 
1535392735480 0.25414 0.91748 -0.306011 -0.620251 -0.936799 0.312177 0.157963 -0.234921 0.240458 0.246526 0.938832 0.381531 0.209375 -0.109865 0.971644 0.382449 -0.977464 0.00386422 0.211066 -0.495362 -0.0269434 -0.993939 -0.10658 0.438857 
1535392735586 0.25436 0.917459 -0.305891 -0.620064 -0.936795 0.312309 0.157727 -0.234797 0.24024 0.246437 0.938911 0.381581 0.209755 -0.109797 0.97157 0.382467 -0.977398 0.00326428 0.211382 -0.495473 -0.0263805 -0.993949 -0.106631 0.438859 
1535392735680 0.254581 0.917438 -0.30577 -0.619876 -0.936791 0.312441 0.15749 -0.234672 0.240023 0.246349 0.938989 0.381631 0.210134 -0.109729 0.971495 0.382485 -0.977332 0.00266423 0.211698 -0.495584 -0.0258176 -0.993958 -0.106682 0.438862 
1535392735777 0.254802 0.917417 -0.30565 -0.619689 -0.936787 0.312573 0.157254 -0.234548 0.239806 0.24626 0.939068 0.381681 0.210513 -0.109661 0.971421 0.382504 -0.977265 0.00206431 0.212013 -0.495695 -0.0252548 -0.993967 -0.106733 0.438865 
1535392735897 0.255023 0.917396 -0.30553 -0.619501 -0.936782 0.312705 0.157018 -0.234424 0.239588 0.246172 0.939147 0.381731 0.210893 -0.109592 0.971346 0.382522 -0.977197 0.00146429 0.212329 -0.495807 -0.0246918 -0.993976 -0.106784 0.438867 
1535392735984 0.255243 0.917375 -0.305409 -0.619314 -0.936778 0.312837 0.156782 -0.2343 0.239371 0.246083 0.939226 0.38178 0.211272 -0.109523 0.971272 0.382541 -0.977129 0.000864397 0.212644 -0.495918 -0.024129 -0.993984 -0.106836 0.43887 
1535392736120 0.254998 0.917388 -0.305573 -0.619516 -0.936755 0.312724 0.157143 -0.234438 0.239721 0.246176 0.939112 0.381721 0.210877 -0.109674 0.971341 0.382529 -0.977204 0.00130497 0.212297 -0.495778 -0.0245511 -0.993967 -0.106899 0.438889 
1535392736135 0.255005 0.917408 -0.305508 -0.619318 -0.93669 0.312785 0.157411 -0.234361 0.239968 0.246025 0.939088 0.381775 0.211211 -0.109378 0.971301 0.382535 -0.977178 -0.000589281 0.212422 -0.495869 -0.0226619 -0.994 -0.107006 0.438893 
1535392736181 0.255013 0.917427 -0.305443 -0.619115 -0.936624 0.312846 0.157679 -0.234283 0.240215 0.245876 0.939064 0.381831 0.211546 -0.109079 0.971262 0.382542 -0.977147 -0.00248393 0.212549 -0.495965 -0.0207722 -0.99403 -0.107112 0.438897 
1535392736363 0.255021 0.917446 -0.305379 -0.618913 -0.936559 0.312907 0.157946 -0.234204 0.240462 0.245726 0.93904 0.381886 0.211881 -0.108781 0.971223 0.382549 -0.977113 -0.00437851 0.212675 -0.496061 -0.0188824 -0.994056 -0.107219 0.438901 
1535392736544 0.25503 0.917465 -0.305315 -0.61871 -0.936493 0.312969 0.158213 -0.234125 0.240709 0.245576 0.939016 0.381941 0.212215 -0.108481 0.971183 0.382556 -0.977075 -0.00627308 0.212802 -0.496158 -0.0169926 -0.994079 -0.107325 0.438905 
1535392736718 0.255038 0.917484 -0.305251 -0.618507 -0.936427 0.31303 0.15848 -0.234046 0.240956 0.245427 0.938992 0.381996 0.212549 -0.108181 0.971144 0.382563 -0.977034 -0.00816762 0.212928 -0.496255 -0.0151028 -0.994098 -0.107432 0.438909 
1535392736733 0.255046 0.917504 -0.305186 -0.618305 -0.936361 0.313092 0.158748 -0.233968 0.241203 0.245277 0.938968 0.382051 0.212882 -0.10788 0.971104 0.38257 -0.976989 -0.010062 0.213054 -0.49635 -0.013213 -0.994113 -0.10754 0.438913 
1535392736902 0.255054 0.917523 -0.305122 -0.618102 -0.936296 0.313153 0.159015 -0.233889 0.24145 0.245127 0.938943 0.382107 0.213214 -0.107579 0.971065 0.382577 -0.97694 -0.0119564 0.21318 -0.496448 -0.0113231 -0.994125 -0.107647 0.438917 
1535392737152 0.255062 0.917542 -0.305058 -0.6179 -0.93623 0.313214 0.159282 -0.233811 0.241696 0.244977 0.938919 0.382162 0.213546 -0.107276 0.971025 0.382584 -0.976887 -0.0138506 0.213305 -0.496543 -0.00943334 -0.994133 -0.107755 0.438921 
1535392737162 0.255071 0.917561 -0.304993 -0.617698 -0.936164 0.313275 0.159549 -0.233732 0.241943 0.244827 0.938895 0.382217 0.213877 -0.106974 0.970986 0.382591 -0.976831 -0.0157447 0.21343 -0.496639 -0.00754353 -0.994137 -0.107863 0.438925 
1535392737417 0.254895 0.917576 -0.305094 -0.617977 -0.936266 0.313071 0.159352 -0.233744 0.241734 0.245031 0.938895 0.382163 0.213553 -0.107026 0.971051 0.382565 -0.976893 -0.0145898 0.21323 -0.496637 -0.00865364 -0.994149 -0.107668 0.438912 
1535392737430 0.254863 0.917568 -0.305144 -0.61773 -0.936248 0.313077 0.159446 -0.233674 0.241837 0.245054 0.938863 0.382248 0.213495 -0.10744 0.971018 0.382558 -0.976906 -0.0147132 0.213162 -0.496719 -0.00861542 -0.994103 -0.1081 0.438967 
1535392737447 0.254834 0.917559 -0.305196 -0.61748 -0.936229 0.313085 0.15954 -0.233601 0.24194 0.245077 0.93883 0.382334 0.213439 -0.107854 0.970985 0.382551 -0.976919 -0.0148355 0.213095 -0.496802 -0.00857819 -0.994056 -0.108531 0.439022 
1535392737601 0.254804 0.917551 -0.305247 -0.617229 -0.93621 0.313092 0.159634 -0.233529 0.242043 0.2451 0.938798 0.38242 0.213382 -0.108268 0.970951 0.382543 -0.976932 -0.0149578 0.213028 -0.496884 -0.00854093 -0.994009 -0.108962 0.439077 
1535392737692 0.254774 0.917542 -0.305299 -0.616978 -0.936192 0.3131 0.159728 -0.233457 0.242147 0.245124 0.938765 0.382506 0.213325 -0.108682 0.970917 0.382536 -0.976944 -0.0150801 0.212962 -0.496967 -0.00850364 -0.993962 -0.109394 0.439132 
1535392737824 0.254745 0.917533 -0.30535 -0.616728 -0.936173 0.313108 0.159822 -0.233385 0.24225 0.245147 0.938732 0.382591 0.213269 -0.109096 0.970883 0.382529 -0.976957 -0.0152024 0.212895 -0.49705 -0.00846628 -0.993915 -0.109825 0.439186 
1535392738036 0.254715 0.917524 -0.305402 -0.616477 -0.936154 0.313116 0.159916 -0.233312 0.242353 0.24517 0.938699 0.382677 0.213212 -0.10951 0.970849 0.382522 -0.97697 -0.0153246 0.212828 -0.497133 -0.00842899 -0.993868 -0.110256 0.439241 
1535392738165 0.254685 0.917515 -0.305453 -0.616227 -0.936136 0.313124 0.16001 -0.23324 0.242456 0.245193 0.938667 0.382763 0.213156 -0.109924 0.970815 0.382515 -0.976982 -0.0154468 0.212761 -0.497215 -0.00839157 -0.99382 -0.110687 0.439296 
1535392738268 0.254656 0.917506 -0.305505 -0.615975 -0.936117 0.313132 0.160104 -0.233167 0.24256 0.245217 0.938634 0.382849 0.213099 -0.110338 0.97078 0.382508 -0.976995 -0.0155689 0.212694 -0.497298 -0.00835423 -0.993772 -0.111118 0.439351 
1535392738394 0.254626 0.917497 -0.305556 -0.615725 -0.936098 0.313139 0.160198 -0.233095 0.242663 0.24524 0.938601 0.382935 0.213043 -0.110752 0.970745 0.382501 -0.977008 -0.0156912 0.212627 -0.497381 -0.00831676 -0.993724 -0.111549 0.439406 
1535392738504 0.254707 0.917503 -0.30547 -0.615951 -0.936113 0.313165 0.160064 -0.233203 0.242522 0.245185 0.938652 0.3829 0.213035 -0.110016 0.970831 0.3825 -0.977009 -0.0155664 0.212627 -0.497288 -0.00828011 -0.993808 -0.110803 0.439404 
1535392738515 0.25486 0.91751 -0.305323 -0.615647 -0.936075 0.31328 0.160058 -0.233068 0.242506 0.245013 0.938701 0.382993 0.213341 -0.10992 0.970774 0.382507 -0.976955 -0.0171496 0.212757 -0.497415 -0.00673801 -0.993792 -0.111046 0.43941 
1535392738685 0.255013 0.917516 -0.305176 -0.615338 -0.936038 0.313396 0.16005 -0.23293 0.242489 0.244842 0.93875 0.383086 0.213649 -0.109823 0.970718 0.382515 -0.976897 -0.018733 0.212889 -0.497547 -0.00519576 -0.993775 -0.111288 0.439416 
1535392738845 0.255167 0.917522 -0.30503 -0.615029 -0.936001 0.313511 0.160042 -0.232792 0.242472 0.24467 0.938799 0.38318 0.213956 -0.109726 0.970661 0.382523 -0.976836 -0.0203164 0.213021 -0.497678 -0.00365359 -0.993754 -0.111531 0.439422 
1535392739007 0.25532 0.917528 -0.304883 -0.614719 -0.935963 0.313627 0.160034 -0.232654 0.242455 0.244499 0.938848 0.383273 0.214263 -0.109628 0.970604 0.382531 -0.976774 -0.0218998 0.213152 -0.49781 -0.00211147 -0.993731 -0.111774 0.439429 
1535392739190 0.255473 0.917534 -0.304736 -0.61441 -0.935926 0.313743 0.160026 -0.232516 0.242438 0.244328 0.938897 0.383367 0.214571 -0.10953 0.970548 0.38254 -0.976708 -0.0234831 0.213283 -0.497942 -0.000569398 -0.993706 -0.112018 0.439435 
1535392739353 0.255626 0.91754 -0.30459 -0.614101 -0.935888 0.313858 0.160018 -0.232379 0.242421 0.244157 0.938946 0.38346 0.214878 -0.109431 0.970491 0.382547 -0.976641 -0.0250662 0.213413 -0.498073 0.000972528 -0.993678 -0.112261 0.439441 
1535392739530 0.255779 0.917546 -0.304443 -0.613791 -0.935851 0.313974 0.16001 -0.232241 0.242404 0.243986 0.938995 0.383554 0.215185 -0.109332 0.970434 0.382556 -0.97657 -0.0266494 0.213543 -0.498205 0.00251446 -0.993648 -0.112505 0.439447 
1535392739696 0.255932 0.917552 -0.304297 -0.613483 -0.935814 0.314089 0.160003 -0.232103 0.242387 0.243815 0.939044 0.383648 0.215491 -0.109232 0.970377 0.382564 -0.976497 -0.0282324 0.213672 -0.498336 0.00405623 -0.993615 -0.112749 0.439453 
1535392739861 0.256086 0.917558 -0.30415 -0.613172 -0.935776 0.314205 0.159995 -0.231965 0.24237 0.243644 0.939092 0.383742 0.215798 -0.109132 0.97032 0.382572 -0.976422 -0.0298155 0.213801 -0.498468 0.00559799 -0.99358 -0.112993 0.43946 
1535392740041 0.256184 0.91746 -0.304363 -0.61339 -0.935729 0.314356 0.159974 -0.232151 0.242448 0.243818 0.939027 0.383685 0.215635 -0.109173 0.970352 0.382575 -0.976463 -0.0289011 0.213741 -0.498373 0.00470946 -0.993603 -0.112836 0.439496 
1535392740053 0.256465 0.917501 -0.304002 -0.613087 -0.935697 0.314515 0.15985 -0.231988 0.242275 0.243458 0.939165 0.383731 0.215657 -0.108929 0.970375 0.382579 -0.976463 -0.0276292 0.213908 -0.498527 0.00350988 -0.993666 -0.112323 0.439389 
1535392740072 0.256747 0.917541 -0.303642 -0.61278 -0.935664 0.314676 0.159724 -0.231823 0.242102 0.243099 0.939303 0.383777 0.21568 -0.108685 0.970397 0.382583 -0.976461 -0.0263572 0.214076 -0.498682 0.00231015 -0.993727 -0.111811 0.439281 
1535392740249 0.257029 0.917582 -0.303282 -0.612473 -0.935632 0.314836 0.159599 -0.231659 0.241929 0.242739 0.93944 0.383824 0.215704 -0.108441 0.970419 0.382588 -0.976458 -0.025085 0.214243 -0.498837 0.00111034 -0.993786 -0.111299 0.439174 
1535392740379 0.25731 0.917622 -0.302923 -0.612166 -0.935599 0.314996 0.159473 -0.231494 0.241755 0.24238 0.939578 0.383871 0.215728 -0.108197 0.970441 0.382592 -0.976453 -0.023813 0.21441 -0.498992 -8.92669e-05 -0.993844 -0.110786 0.439067 
