1533550696108 0.102742 0.943861 -0.313959 -0.603829 -0.958038 0.178807 0.224035 -0.226341 0.267596 0.277767 0.922626 0.380997 1 0 0 0 0 1 0 0 0 0 1 1.306 
1533550696118 0.102684 0.943938 -0.313746 -0.603836 -0.958036 0.17871 0.224119 -0.226346 0.267624 0.277567 0.922678 0.380995 0.313239 -0.3866 0.867422 0.386189 -0.93126 -0.304042 0.200784 -0.500185 0.18611 -0.870689 -0.455263 0.505382 
1533550696125 0.102626 0.944015 -0.313533 -0.603843 -0.958034 0.178614 0.224203 -0.22635 0.267653 0.277366 0.92273 0.380992 0.316244 -0.384866 0.867103 0.400216 -0.929998 -0.306258 0.203249 -0.504049 0.187334 -0.87068 -0.454777 0.486145 
1533550696328 0.102568 0.944093 -0.313319 -0.60385 -0.958032 0.178518 0.224288 -0.226355 0.267682 0.277165 0.922782 0.38099 0.316258 -0.384857 0.867102 0.400836 -0.929992 -0.306267 0.203261 -0.504368 0.187338 -0.870681 -0.454774 0.485921 
1533550696520 0.10251 0.944169 -0.313106 -0.603857 -0.958031 0.178422 0.224373 -0.226359 0.267711 0.276965 0.922833 0.380988 0.316239 -0.384881 0.867098 0.400855 -0.93 -0.306257 0.203241 -0.504361 0.187331 -0.870674 -0.454789 0.485943 
1533550696676 0.102452 0.944247 -0.312893 -0.603864 -0.958029 0.178326 0.224457 -0.226364 0.26774 0.276764 0.922885 0.380986 0.316214 -0.384899 0.867099 0.400827 -0.930009 -0.306245 0.203216 -0.504329 0.187327 -0.87067 -0.454799 0.48594 
1533550696802 0.102394 0.944323 -0.31268 -0.603872 -0.958027 0.17823 0.224542 -0.226369 0.267769 0.276564 0.922937 0.380983 0.3162 -0.384907 0.867101 0.400798 -0.930014 -0.306239 0.203202 -0.504306 0.187326 -0.870669 -0.454801 0.485922 
1533550696809 0.102337 0.9444 -0.312467 -0.603879 -0.958025 0.178134 0.224626 -0.226373 0.267798 0.276364 0.922988 0.380981 0.316197 -0.384904 0.867103 0.400778 -0.930014 -0.30624 0.2032 -0.504292 0.187329 -0.87067 -0.454799 0.485903 
1533550696946 0.102279 0.944477 -0.312254 -0.603886 -0.958023 0.178037 0.224711 -0.226378 0.267827 0.276163 0.92304 0.380979 0.316201 -0.384895 0.867106 0.400765 -0.930012 -0.306246 0.203202 -0.504277 0.187337 -0.870672 -0.454792 0.485883 
1533550697105 0.102221 0.944553 -0.312041 -0.60389 -0.958021 0.177941 0.224795 -0.226381 0.267856 0.275963 0.923091 0.380978 0.316123 -0.384928 0.86712 0.40068 -0.93004 -0.30621 0.20313 -0.504145 0.18733 -0.87067 -0.454798 0.485852 
1533550697251 0.102249 0.944536 -0.312086 -0.603897 -0.95803 0.177965 0.224738 -0.22637 0.267813 0.276009 0.92309 0.380977 1 0 0 0 0 1 0 0 0 0 1 1.306 
1533550697262 0.102242 0.944545 -0.312059 -0.603897 -0.958028 0.177956 0.224752 -0.226372 0.267821 0.275983 0.923096 0.380977 0.313239 -0.3866 0.867422 0.386189 -0.93126 -0.304042 0.200784 -0.500185 0.18611 -0.870689 -0.455263 0.505382 
1533550697279 0.102236 0.944554 -0.312034 -0.603898 -0.958027 0.177946 0.224766 -0.226374 0.267829 0.275957 0.923101 0.380976 0.316244 -0.384866 0.867103 0.400216 -0.929998 -0.306258 0.203249 -0.504049 0.187334 -0.87068 -0.454777 0.486145 
1533550697296 0.102229 0.944564 -0.312007 -0.603898 -0.958025 0.177935 0.224781 -0.226375 0.267837 0.275931 0.923106 0.380976 0.316258 -0.384857 0.867102 0.400836 -0.929992 -0.306267 0.203261 -0.504368 0.187338 -0.870681 -0.454774 0.485921 
1533550697312 0.102222 0.944573 -0.311981 -0.603899 -0.958024 0.177925 0.224796 -0.226377 0.267846 0.275906 0.923111 0.380976 0.316239 -0.384881 0.867098 0.400855 -0.93 -0.306257 0.203241 -0.504361 0.187331 -0.870674 -0.454789 0.485943 
1533550697329 0.102216 0.944582 -0.311955 -0.603899 -0.958022 0.177915 0.224811 -0.226379 0.267854 0.275881 0.923117 0.380976 0.316214 -0.384899 0.867099 0.400827 -0.930009 -0.306245 0.203216 -0.504329 0.187327 -0.87067 -0.454799 0.48594 
1533550697346 0.102209 0.944592 -0.311929 -0.603899 -0.958021 0.177905 0.224825 -0.226381 0.267862 0.275855 0.923122 0.380975 0.3162 -0.384907 0.867101 0.400798 -0.930014 -0.306239 0.203202 -0.504306 0.187326 -0.870669 -0.454801 0.485922 
1533550697392 0.102202 0.944601 -0.311903 -0.6039 -0.958019 0.177895 0.22484 -0.226383 0.26787 0.27583 0.923127 0.380975 0.316197 -0.384904 0.867103 0.400778 -0.930014 -0.30624 0.2032 -0.504292 0.187329 -0.87067 -0.454799 0.485903 
1533550697467 0.102196 0.94461 -0.311878 -0.6039 -0.958017 0.177885 0.224854 -0.226384 0.267878 0.275805 0.923132 0.380975 0.316201 -0.384895 0.867106 0.400765 -0.930012 -0.306246 0.203202 -0.504277 0.187337 -0.870672 -0.454792 0.485883 
1533550697523 0.102189 0.944619 -0.311852 -0.6039 -0.958016 0.177875 0.224868 -0.226386 0.267886 0.27578 0.923137 0.380974 0.316123 -0.384928 0.86712 0.40068 -0.93004 -0.30621 0.20313 -0.504145 0.18733 -0.87067 -0.454798 0.485852 
1533550697592 0.102386 0.944559 -0.311971 -0.60391 -0.957987 0.178095 0.224818 -0.22645 0.267915 0.275846 0.923109 0.380965 1 0 0 0 0 1 0 0 0 0 1 1.306 
1533550697604 0.102435 0.944517 -0.31208 -0.603907 -0.958051 0.178096 0.224546 -0.22644 0.267668 0.275987 0.923139 0.380961 0.313239 -0.3866 0.867422 0.386189 -0.93126 -0.304042 0.200784 -0.500185 0.18611 -0.870689 -0.455263 0.505382 
1533550697792 0.102485 0.944476 -0.31219 -0.603903 -0.958114 0.178097 0.224273 -0.226429 0.267421 0.276129 0.923168 0.380957 0.316244 -0.384866 0.867103 0.400216 -0.929998 -0.306258 0.203249 -0.504049 0.187334 -0.87068 -0.454777 0.486145 
1533550697984 0.102534 0.944434 -0.312299 -0.6039 -0.958178 0.178097 0.224001 -0.226419 0.267174 0.27627 0.923197 0.380954 0.316258 -0.384857 0.867102 0.400836 -0.929992 -0.306267 0.203261 -0.504368 0.187338 -0.870681 -0.454774 0.485921 
1533550698197 0.102583 0.944393 -0.312408 -0.603896 -0.958241 0.178097 0.223729 -0.226408 0.266927 0.276412 0.923226 0.38095 0.316239 -0.384881 0.867098 0.400855 -0.93 -0.306257 0.203241 -0.504361 0.187331 -0.870674 -0.454789 0.485943 
1533550698381 0.102632 0.944352 -0.312517 -0.603892 -0.958305 0.178097 0.223458 -0.226398 0.266681 0.276553 0.923255 0.380946 0.316214 -0.384899 0.867099 0.400827 -0.930009 -0.306245 0.203216 -0.504329 0.187327 -0.87067 -0.454799 0.48594 
1533550698387 0.102681 0.94431 -0.312626 -0.603889 -0.958368 0.178098 0.223185 -0.226388 0.266434 0.276694 0.923284 0.380942 0.3162 -0.384907 0.867101 0.400798 -0.930014 -0.306239 0.203202 -0.504306 0.187326 -0.870669 -0.454801 0.485922 
1533550698587 0.10273 0.944269 -0.312735 -0.603886 -0.958431 0.178098 0.222913 -0.226377 0.266187 0.276835 0.923313 0.380938 0.316197 -0.384904 0.867103 0.400778 -0.930014 -0.30624 0.2032 -0.504292 0.187329 -0.87067 -0.454799 0.485903 
1533550698748 0.102779 0.944227 -0.312844 -0.603882 -0.958495 0.178098 0.222641 -0.226367 0.265941 0.276977 0.923341 0.380935 0.316201 -0.384895 0.867106 0.400765 -0.930012 -0.306246 0.203202 -0.504277 0.187337 -0.870672 -0.454792 0.485883 
1533550698878 0.102828 0.944186 -0.312953 -0.60388 -0.958558 0.178099 0.22237 -0.226358 0.265695 0.277118 0.92337 0.38093 0.316123 -0.384928 0.86712 0.40068 -0.93004 -0.30621 0.20313 -0.504145 0.18733 -0.87067 -0.454798 0.485852 
1533550699024 0.102737 0.944253 -0.312779 -0.603888 -0.958552 0.177989 0.222483 -0.226304 0.265752 0.276958 0.923402 0.380974 1 0 0 0 0 1 0 0 0 0 1 1.306 
1533550699036 0.102728 0.944238 -0.312828 -0.603887 -0.958558 0.177986 0.222457 -0.226307 0.265731 0.277012 0.923391 0.380961 0.313239 -0.3866 0.867422 0.386189 -0.93126 -0.304042 0.200784 -0.500185 0.18611 -0.870689 -0.455263 0.505382 
1533550699043 0.10272 0.944222 -0.312879 -0.603886 -0.958565 0.177985 0.222429 -0.226311 0.26571 0.277067 0.923381 0.380949 0.316244 -0.384866 0.867103 0.400216 -0.929998 -0.306258 0.203249 -0.504049 0.187334 -0.87068 -0.454777 0.486145 
1533550699055 0.102712 0.944206 -0.312929 -0.603886 -0.958572 0.177983 0.222402 -0.226315 0.265689 0.277122 0.92337 0.380936 0.316258 -0.384857 0.867102 0.400836 -0.929992 -0.306267 0.203261 -0.504368 0.187338 -0.870681 -0.454774 0.485921 
1533550699072 0.102703 0.944191 -0.312979 -0.603885 -0.958578 0.177981 0.222375 -0.226318 0.265669 0.277176 0.92336 0.380923 0.316239 -0.384881 0.867098 0.400855 -0.93 -0.306257 0.203241 -0.504361 0.187331 -0.870674 -0.454789 0.485943 
1533550699315 0.102695 0.944175 -0.31303 -0.603884 -0.958585 0.177979 0.222348 -0.226322 0.265648 0.277231 0.923349 0.38091 0.316214 -0.384899 0.867099 0.400827 -0.930009 -0.306245 0.203216 -0.504329 0.187327 -0.87067 -0.454799 0.48594 
1533550699437 0.102687 0.944159 -0.31308 -0.603883 -0.958591 0.177978 0.22232 -0.226325 0.265627 0.277286 0.923339 0.380898 0.3162 -0.384907 0.867101 0.400798 -0.930014 -0.306239 0.203202 -0.504306 0.187326 -0.870669 -0.454801 0.485922 
1533550699532 0.102679 0.944143 -0.31313 -0.603882 -0.958598 0.177976 0.222293 -0.226329 0.265606 0.277341 0.923328 0.380885 0.316197 -0.384904 0.867103 0.400778 -0.930014 -0.30624 0.2032 -0.504292 0.187329 -0.87067 -0.454799 0.485903 
1533550699656 0.102671 0.944128 -0.31318 -0.603882 -0.958605 0.177974 0.222266 -0.226332 0.265585 0.277395 0.923318 0.380872 0.316201 -0.384895 0.867106 0.400765 -0.930012 -0.306246 0.203202 -0.504277 0.187337 -0.870672 -0.454792 0.485883 
1533550699788 0.102663 0.944112 -0.31323 -0.603881 -0.958611 0.177972 0.222239 -0.226336 0.265565 0.27745 0.923308 0.38086 0.316123 -0.384928 0.86712 0.40068 -0.93004 -0.30621 0.20313 -0.504145 0.18733 -0.87067 -0.454798 0.485852 
1533550699841 0.102607 0.944184 -0.31303 -0.603887 -0.958626 0.177865 0.222263 -0.226286 0.265534 0.277273 0.923369 0.380916 1 0 0 0 0 1 0 0 0 0 1 1.306 
1533550699852 0.102535 0.944141 -0.313183 -0.603879 -0.958584 0.177885 0.222426 -0.226302 0.265712 0.277406 0.923278 0.380921 0.313239 -0.3866 0.867422 0.386189 -0.93126 -0.304042 0.200784 -0.500185 0.18611 -0.870689 -0.455263 0.505382 
1533550700113 0.102462 0.944098 -0.313338 -0.60387 -0.958542 0.177905 0.22259 -0.226318 0.265891 0.27754 0.923186 0.380926 0.316244 -0.384866 0.867103 0.400216 -0.929998 -0.306258 0.203249 -0.504049 0.187334 -0.87068 -0.454777 0.486145 
1533550700256 0.102389 0.944055 -0.313491 -0.603862 -0.958501 0.177925 0.222754 -0.226334 0.26607 0.277674 0.923095 0.380931 0.316258 -0.384857 0.867102 0.400836 -0.929992 -0.306267 0.203261 -0.504368 0.187338 -0.870681 -0.454774 0.485921 
1533550700367 0.102317 0.944012 -0.313644 -0.603854 -0.958459 0.177946 0.222917 -0.22635 0.266248 0.277807 0.923003 0.380936 0.316239 -0.384881 0.867098 0.400855 -0.93 -0.306257 0.203241 -0.504361 0.187331 -0.870674 -0.454789 0.485943 
1533550700511 0.102243 0.943969 -0.313798 -0.603846 -0.958417 0.177966 0.223082 -0.226365 0.266427 0.277941 0.922911 0.380941 0.316214 -0.384899 0.867099 0.400827 -0.930009 -0.306245 0.203216 -0.504329 0.187327 -0.87067 -0.454799 0.48594 
1533550700601 0.102171 0.943926 -0.313951 -0.603837 -0.958375 0.177987 0.223245 -0.226381 0.266606 0.278074 0.92282 0.380946 0.3162 -0.384907 0.867101 0.400798 -0.930014 -0.306239 0.203202 -0.504306 0.187326 -0.870669 -0.454801 0.485922 
1533550700716 0.102098 0.943883 -0.314105 -0.603829 -0.958333 0.178007 0.223409 -0.226397 0.266784 0.278207 0.922728 0.380951 0.316197 -0.384904 0.867103 0.400778 -0.930014 -0.30624 0.2032 -0.504292 0.187329 -0.87067 -0.454799 0.485903 
1533550700831 0.102025 0.943839 -0.314258 -0.603821 -0.958291 0.178027 0.223573 -0.226413 0.266963 0.278341 0.922636 0.380956 0.316201 -0.384895 0.867106 0.400765 -0.930012 -0.306246 0.203202 -0.504277 0.187337 -0.870672 -0.454792 0.485883 
1533550700949 0.101952 0.943796 -0.314412 -0.603814 -0.958249 0.178048 0.223736 -0.226429 0.267142 0.278474 0.922544 0.38096 0.316123 -0.384928 0.86712 0.40068 -0.93004 -0.30621 0.20313 -0.504145 0.18733 -0.87067 -0.454798 0.485852 
1533550701128 0.101829 0.943816 -0.314391 -0.603828 -0.958309 0.177879 0.223614 -0.226388 0.266975 0.278514 0.92258 0.380931 1 0 0 0 0 1 0 0 0 0 1 1.306 
1533550701139 0.101807 0.943803 -0.314438 -0.603826 -0.958312 0.17787 0.223609 -0.226395 0.266972 0.278564 0.922566 0.380937 0.313239 -0.3866 0.867422 0.386189 -0.93126 -0.304042 0.200784 -0.500185 0.18611 -0.870689 -0.455263 0.505382 
1533550701156 0.101786 0.94379 -0.314485 -0.603825 -0.958315 0.17786 0.223603 -0.226403 0.266968 0.278616 0.922551 0.380943 0.316244 -0.384866 0.867103 0.400216 -0.929998 -0.306258 0.203249 -0.504049 0.187334 -0.87068 -0.454777 0.486145 
1533550701163 0.101765 0.943776 -0.314531 -0.603823 -0.958318 0.177851 0.223597 -0.22641 0.266965 0.278667 0.922537 0.380949 0.316258 -0.384857 0.867102 0.400836 -0.929992 -0.306267 0.203261 -0.504368 0.187338 -0.870681 -0.454774 0.485921 
1533550701261 0.101744 0.943763 -0.314578 -0.603821 -0.958321 0.177841 0.22359 -0.226417 0.266961 0.278718 0.922523 0.380955 0.316239 -0.384881 0.867098 0.400855 -0.93 -0.306257 0.203241 -0.504361 0.187331 -0.870674 -0.454789 0.485943 
1533550701413 0.101723 0.94375 -0.314624 -0.60382 -0.958325 0.177832 0.223584 -0.226425 0.266958 0.278769 0.922508 0.38096 0.316214 -0.384899 0.867099 0.400827 -0.930009 -0.306245 0.203216 -0.504329 0.187327 -0.87067 -0.454799 0.48594 
1533550701498 0.101703 0.943737 -0.314671 -0.603818 -0.958328 0.177823 0.223578 -0.226432 0.266954 0.278819 0.922494 0.380966 0.3162 -0.384907 0.867101 0.400798 -0.930014 -0.306239 0.203202 -0.504306 0.187326 -0.870669 -0.454801 0.485922 
1533550701515 0.101682 0.943723 -0.314717 -0.603816 -0.958331 0.177813 0.223572 -0.226439 0.266951 0.27887 0.92248 0.380972 0.316197 -0.384904 0.867103 0.400778 -0.930014 -0.30624 0.2032 -0.504292 0.187329 -0.87067 -0.454799 0.485903 
1533550701572 0.101661 0.94371 -0.314764 -0.603814 -0.958334 0.177804 0.223566 -0.226446 0.266948 0.278921 0.922465 0.380978 0.316201 -0.384895 0.867106 0.400765 -0.930012 -0.306246 0.203202 -0.504277 0.187337 -0.870672 -0.454792 0.485883 
1533550701579 0.10164 0.943697 -0.31481 -0.603813 -0.958337 0.177795 0.22356 -0.226454 0.266944 0.278972 0.922451 0.380984 0.316123 -0.384928 0.86712 0.40068 -0.93004 -0.30621 0.20313 -0.504145 0.18733 -0.87067 -0.454798 0.485852 
1533550701709 0.101631 0.943709 -0.314778 -0.603802 -0.958339 0.177778 0.223566 -0.226439 0.266942 0.278943 0.92246 0.380927 1 0 0 0 0 1 0 0 0 0 1 1.306 
1533550701722 0.101807 0.943738 -0.314634 -0.603811 -0.958417 0.177805 0.223207 -0.226417 0.266592 0.278827 0.922596 0.38091 0.313239 -0.3866 0.867422 0.386189 -0.93126 -0.304042 0.200784 -0.500185 0.18611 -0.870689 -0.455263 0.505382 
1533550701729 0.101983 0.943767 -0.31449 -0.603819 -0.958496 0.177834 0.222847 -0.226394 0.266243 0.278711 0.922732 0.380892 0.316244 -0.384866 0.867103 0.400216 -0.929998 -0.306258 0.203249 -0.504049 0.187334 -0.87068 -0.454777 0.486145 
1533550702036 0.102158 0.943795 -0.314347 -0.603828 -0.958574 0.177861 0.222489 -0.226371 0.265894 0.278595 0.922868 0.380875 0.316258 -0.384857 0.867102 0.400836 -0.929992 -0.306267 0.203261 -0.504368 0.187338 -0.870681 -0.454774 0.485921 
1533550702287 0.102334 0.943824 -0.314203 -0.603836 -0.958652 0.17789 0.22213 -0.226349 0.265545 0.278479 0.923003 0.380857 0.316239 -0.384881 0.867098 0.400855 -0.93 -0.306257 0.203241 -0.504361 0.187331 -0.870674 -0.454789 0.485943 
1533550702460 0.10251 0.943853 -0.314059 -0.603845 -0.95873 0.177918 0.221771 -0.226327 0.265196 0.278364 0.923138 0.38084 0.316214 -0.384899 0.867099 0.400827 -0.930009 -0.306245 0.203216 -0.504329 0.187327 -0.87067 -0.454799 0.48594 
1533550702610 0.102686 0.943882 -0.313915 -0.603853 -0.958807 0.177946 0.221412 -0.226304 0.264847 0.278248 0.923274 0.380823 0.3162 -0.384907 0.867101 0.400798 -0.930014 -0.306239 0.203202 -0.504306 0.187326 -0.870669 -0.454801 0.485922 
1533550702769 0.102861 0.943911 -0.313771 -0.603861 -0.958885 0.177975 0.221053 -0.226282 0.264498 0.278132 0.923409 0.380805 0.316197 -0.384904 0.867103 0.400778 -0.930014 -0.30624 0.2032 -0.504292 0.187329 -0.87067 -0.454799 0.485903 
1533550702907 0.103037 0.94394 -0.313627 -0.60387 -0.958962 0.178003 0.220695 -0.226259 0.264149 0.278016 0.923543 0.380788 0.316201 -0.384895 0.867106 0.400765 -0.930012 -0.306246 0.203202 -0.504277 0.187337 -0.870672 -0.454792 0.485883 
1533550703062 0.103212 0.943968 -0.313482 -0.603877 -0.95904 0.178031 0.220336 -0.226238 0.2638 0.277901 0.923678 0.380771 0.316123 -0.384928 0.86712 0.40068 -0.93004 -0.30621 0.20313 -0.504145 0.18733 -0.87067 -0.454798 0.485852 
1533550703262 0.10313 0.944018 -0.313359 -0.60386 -0.959031 0.177945 0.220444 -0.22619 0.263864 0.277787 0.923694 0.380839 1 0 0 0 0 1 0 0 0 0 1 1.306 
1533550703274 0.103126 0.944018 -0.313361 -0.603861 -0.95901 0.177964 0.22052 -0.226195 0.263942 0.277775 0.923675 0.380836 0.313239 -0.3866 0.867422 0.386189 -0.93126 -0.304042 0.200784 -0.500185 0.18611 -0.870689 -0.455263 0.505382 
1533550703290 0.103121 0.944018 -0.313363 -0.603863 -0.958988 0.177983 0.220598 -0.2262 0.264021 0.277764 0.923656 0.380834 0.316244 -0.384866 0.867103 0.400216 -0.929998 -0.306258 0.203249 -0.504049 0.187334 -0.87068 -0.454777 0.486145 
1533550703541 0.103116 0.944017 -0.313366 -0.603864 -0.958967 0.178002 0.220674 -0.226204 0.2641 0.277752 0.923637 0.380831 0.316258 -0.384857 0.867102 0.400836 -0.929992 -0.306267 0.203261 -0.504368 0.187338 -0.870681 -0.454774 0.485921 
1533550703660 0.103112 0.944017 -0.313368 -0.603865 -0.958946 0.178021 0.220751 -0.226209 0.264178 0.277741 0.923618 0.380829 0.316239 -0.384881 0.867098 0.400855 -0.93 -0.306257 0.203241 -0.504361 0.187331 -0.870674 -0.454789 0.485943 
1533550703834 0.103107 0.944017 -0.31337 -0.603866 -0.958925 0.178039 0.220828 -0.226214 0.264257 0.27773 0.923599 0.380826 0.316214 -0.384899 0.867099 0.400827 -0.930009 -0.306245 0.203216 -0.504329 0.187327 -0.87067 -0.454799 0.48594 
1533550703946 0.103102 0.944017 -0.313373 -0.603868 -0.958904 0.178058 0.220904 -0.226219 0.264336 0.277719 0.923579 0.380823 0.3162 -0.384907 0.867101 0.400798 -0.930014 -0.306239 0.203202 -0.504306 0.187326 -0.870669 -0.454801 0.485922 
1533550704149 0.103097 0.944017 -0.313375 -0.603869 -0.958883 0.178077 0.220981 -0.226224 0.264414 0.277707 0.92356 0.380821 0.316197 -0.384904 0.867103 0.400778 -0.930014 -0.30624 0.2032 -0.504292 0.187329 -0.87067 -0.454799 0.485903 
1533550704295 0.103092 0.944016 -0.313377 -0.60387 -0.958862 0.178096 0.221057 -0.226228 0.264493 0.277696 0.923541 0.380818 0.316201 -0.384895 0.867106 0.400765 -0.930012 -0.306246 0.203202 -0.504277 0.187337 -0.870672 -0.454792 0.485883 
1533550704402 0.103087 0.944016 -0.313379 -0.603871 -0.95884 0.178115 0.221134 -0.226233 0.264571 0.277685 0.923522 0.380816 0.316123 -0.384928 0.86712 0.40068 -0.93004 -0.30621 0.20313 -0.504145 0.18733 -0.87067 -0.454798 0.485852 
1533550704445 0.103084 0.944036 -0.31332 -0.603873 -0.958873 0.178063 0.221032 -0.226182 0.264453 0.277649 0.923567 0.380811 1 0 0 0 0 1 0 0 0 0 1 1.306 
1533550704457 0.103011 0.944035 -0.313346 -0.603872 -0.958836 0.178049 0.221205 -0.2262 0.264616 0.277661 0.923516 0.380818 0.313239 -0.3866 0.867422 0.386189 -0.93126 -0.304042 0.200784 -0.500185 0.18611 -0.870689 -0.455263 0.505382 
1533550704617 0.102938 0.944035 -0.313373 -0.603871 -0.958799 0.178035 0.221379 -0.226219 0.264781 0.277673 0.923466 0.380826 0.316244 -0.384866 0.867103 0.400216 -0.929998 -0.306258 0.203249 -0.504049 0.187334 -0.87068 -0.454777 0.486145 
1533550704809 0.102866 0.944034 -0.313399 -0.60387 -0.958761 0.178021 0.221552 -0.226237 0.264944 0.277685 0.923415 0.380833 0.316258 -0.384857 0.867102 0.400836 -0.929992 -0.306267 0.203261 -0.504368 0.187338 -0.870681 -0.454774 0.485921 
1533550705093 0.102793 0.944033 -0.313426 -0.603869 -0.958724 0.178007 0.221725 -0.226256 0.265108 0.277697 0.923365 0.380841 0.316239 -0.384881 0.867098 0.400855 -0.93 -0.306257 0.203241 -0.504361 0.187331 -0.870674 -0.454789 0.485943 
1533550705243 0.102721 0.944032 -0.313452 -0.603868 -0.958686 0.177993 0.221898 -0.226274 0.265271 0.277709 0.923314 0.380848 0.316214 -0.384899 0.867099 0.400827 -0.930009 -0.306245 0.203216 -0.504329 0.187327 -0.87067 -0.454799 0.48594 
1533550705249 0.102648 0.944031 -0.313479 -0.603868 -0.958649 0.17798 0.222071 -0.226292 0.265435 0.277721 0.923263 0.380855 0.3162 -0.384907 0.867101 0.400798 -0.930014 -0.306239 0.203202 -0.504306 0.187326 -0.870669 -0.454801 0.485922 
1533550705500 0.102575 0.94403 -0.313505 -0.603867 -0.958611 0.177965 0.222245 -0.226311 0.265599 0.277733 0.923213 0.380863 0.316197 -0.384904 0.867103 0.400778 -0.930014 -0.30624 0.2032 -0.504292 0.187329 -0.87067 -0.454799 0.485903 
1533550705723 0.102503 0.944029 -0.313532 -0.603866 -0.958574 0.177952 0.222418 -0.226329 0.265762 0.277745 0.923162 0.38087 0.316201 -0.384895 0.867106 0.400765 -0.930012 -0.306246 0.203202 -0.504277 0.187337 -0.870672 -0.454792 0.485883 
1533550705862 0.10243 0.944028 -0.313558 -0.603865 -0.958536 0.177938 0.222591 -0.226347 0.265926 0.277757 0.923111 0.380878 0.316123 -0.384928 0.86712 0.40068 -0.93004 -0.30621 0.20313 -0.504145 0.18733 -0.87067 -0.454798 0.485852 
1533550706129 0.102636 0.944048 -0.313432 -0.603851 -0.958491 0.178123 0.222637 -0.226412 0.266009 0.277571 0.923143 0.380914 1 0 0 0 0 1 0 0 0 0 1 1.306 
1533550706140 0.102636 0.944058 -0.313402 -0.603854 -0.958522 0.178084 0.222534 -0.226408 0.265897 0.277562 0.923178 0.380904 0.313239 -0.3866 0.867422 0.386189 -0.93126 -0.304042 0.200784 -0.500185 0.18611 -0.870689 -0.455263 0.505382 
1533550706157 0.102638 0.944068 -0.31337 -0.603858 -0.958553 0.178046 0.22243 -0.226405 0.265783 0.277552 0.923214 0.380895 0.316244 -0.384866 0.867103 0.400216 -0.929998 -0.306258 0.203249 -0.504049 0.187334 -0.87068 -0.454777 0.486145 
1533550706328 0.10264 0.944078 -0.313339 -0.603861 -0.958585 0.178007 0.222326 -0.226402 0.26567 0.277543 0.92325 0.380885 0.316258 -0.384857 0.867102 0.400836 -0.929992 -0.306267 0.203261 -0.504368 0.187338 -0.870681 -0.454774 0.485921 
1533550706580 0.102642 0.944088 -0.313308 -0.603864 -0.958616 0.177969 0.222222 -0.226398 0.265556 0.277533 0.923285 0.380876 0.316239 -0.384881 0.867098 0.400855 -0.93 -0.306257 0.203241 -0.504361 0.187331 -0.870674 -0.454789 0.485943 
1533550706731 0.102644 0.944098 -0.313277 -0.603867 -0.958647 0.17793 0.222118 -0.226395 0.265443 0.277523 0.923321 0.380866 0.316214 -0.384899 0.867099 0.400827 -0.930009 -0.306245 0.203216 -0.504329 0.187327 -0.87067 -0.454799 0.48594 
1533550706933 0.102645 0.944108 -0.313246 -0.603871 -0.958678 0.177892 0.222014 -0.226391 0.26533 0.277513 0.923356 0.380856 0.3162 -0.384907 0.867101 0.400798 -0.930014 -0.306239 0.203202 -0.504306 0.187326 -0.870669 -0.454801 0.485922 
1533550707022 0.102647 0.944119 -0.313215 -0.603874 -0.95871 0.177853 0.221911 -0.226388 0.265216 0.277504 0.923392 0.380847 0.316197 -0.384904 0.867103 0.400778 -0.930014 -0.30624 0.2032 -0.504292 0.187329 -0.87067 -0.454799 0.485903 
1533550707267 0.102649 0.944129 -0.313184 -0.603877 -0.958741 0.177815 0.221807 -0.226384 0.265103 0.277494 0.923427 0.380837 0.316201 -0.384895 0.867106 0.400765 -0.930012 -0.306246 0.203202 -0.504277 0.187337 -0.870672 -0.454792 0.485883 
1533550707468 0.10265 0.944139 -0.313153 -0.60388 -0.958772 0.177776 0.221703 -0.226381 0.26499 0.277484 0.923463 0.380828 0.316123 -0.384928 0.86712 0.40068 -0.93004 -0.30621 0.20313 -0.504145 0.18733 -0.87067 -0.454798 0.485852 
1533550707628 0.102508 0.944098 -0.313322 -0.603892 -0.958782 0.177688 0.221728 -0.226372 0.265006 0.277679 0.923399 0.380766 1 0 0 0 0 1 0 0 0 0 1 1.306 
1533550707640 0.102511 0.944058 -0.313442 -0.603887 -0.958781 0.17772 0.221709 -0.226366 0.265011 0.277795 0.923363 0.380778 0.313239 -0.3866 0.867422 0.386189 -0.93126 -0.304042 0.200784 -0.500185 0.18611 -0.870689 -0.455263 0.505382 
1533550707846 0.102515 0.944018 -0.313562 -0.603881 -0.958779 0.177754 0.22169 -0.226361 0.265016 0.277911 0.923327 0.38079 0.316244 -0.384866 0.867103 0.400216 -0.929998 -0.306258 0.203249 -0.504049 0.187334 -0.87068 -0.454777 0.486145 
1533550707984 0.102519 0.943977 -0.313682 -0.603876 -0.958777 0.177787 0.221671 -0.226355 0.265022 0.278026 0.92329 0.380801 0.316258 -0.384857 0.867102 0.400836 -0.929992 -0.306267 0.203261 -0.504368 0.187338 -0.870681 -0.454774 0.485921 
1533550708117 0.102523 0.943937 -0.313803 -0.603871 -0.958775 0.177821 0.221652 -0.22635 0.265027 0.278142 0.923254 0.380813 0.316239 -0.384881 0.867098 0.400855 -0.93 -0.306257 0.203241 -0.504361 0.187331 -0.870674 -0.454789 0.485943 
1533550708208 0.102528 0.943896 -0.313923 -0.603865 -0.958773 0.177855 0.221634 -0.226344 0.265032 0.278258 0.923218 0.380825 0.316214 -0.384899 0.867099 0.400827 -0.930009 -0.306245 0.203216 -0.504329 0.187327 -0.87067 -0.454799 0.48594 
1533550708438 0.102532 0.943856 -0.314044 -0.60386 -0.958771 0.177889 0.221615 -0.226339 0.265038 0.278374 0.923181 0.380837 0.3162 -0.384907 0.867101 0.400798 -0.930014 -0.306239 0.203202 -0.504306 0.187326 -0.870669 -0.454801 0.485922 
1533550708589 0.102536 0.943815 -0.314164 -0.603855 -0.958769 0.177923 0.221596 -0.226334 0.265043 0.278489 0.923145 0.380849 0.316197 -0.384904 0.867103 0.400778 -0.930014 -0.30624 0.2032 -0.504292 0.187329 -0.87067 -0.454799 0.485903 
1533550708737 0.10254 0.943775 -0.314284 -0.60385 -0.958767 0.177956 0.221578 -0.226328 0.265048 0.278605 0.923108 0.38086 0.316201 -0.384895 0.867106 0.400765 -0.930012 -0.306246 0.203202 -0.504277 0.187337 -0.870672 -0.454792 0.485883 
1533550708836 0.102545 0.943734 -0.314405 -0.603846 -0.958765 0.17799 0.221559 -0.226323 0.265054 0.278721 0.923072 0.380871 0.316123 -0.384928 0.86712 0.40068 -0.93004 -0.30621 0.20313 -0.504145 0.18733 -0.87067 -0.454798 0.485852 
1533550708981 0.102399 0.943781 -0.314311 -0.603846 -0.958814 0.177798 0.221505 -0.226254 0.264936 0.278684 0.923116 0.380848 1 0 0 0 0 1 0 0 0 0 1 1.306 
1533550708992 0.102464 0.943739 -0.314416 -0.60384 -0.95882 0.17787 0.221421 -0.226246 0.264889 0.27878 0.923101 0.380854 0.313239 -0.3866 0.867422 0.386189 -0.93126 -0.304042 0.200784 -0.500185 0.18611 -0.870689 -0.455263 0.505382 
1533550709066 0.10253 0.943697 -0.314521 -0.603835 -0.958825 0.177943 0.221338 -0.226238 0.264843 0.278877 0.923085 0.38086 0.316244 -0.384866 0.867103 0.400216 -0.929998 -0.306258 0.203249 -0.504049 0.187334 -0.87068 -0.454777 0.486145 
1533550709218 0.102596 0.943655 -0.314627 -0.60383 -0.958831 0.178016 0.221254 -0.22623 0.264796 0.278974 0.923069 0.380866 0.316258 -0.384857 0.867102 0.400836 -0.929992 -0.306267 0.203261 -0.504368 0.187338 -0.870681 -0.454774 0.485921 
1533550709352 0.102662 0.943612 -0.314732 -0.603824 -0.958837 0.178088 0.221171 -0.226222 0.26475 0.27907 0.923053 0.380872 0.316239 -0.384881 0.867098 0.400855 -0.93 -0.306257 0.203241 -0.504361 0.187331 -0.870674 -0.454789 0.485943 
1533550709471 0.102728 0.94357 -0.314837 -0.603818 -0.958842 0.17816 0.221088 -0.226213 0.264704 0.279167 0.923037 0.380878 0.316214 -0.384899 0.867099 0.400827 -0.930009 -0.306245 0.203216 -0.504329 0.187327 -0.87067 -0.454799 0.48594 
1533550709478 0.102794 0.943528 -0.314942 -0.603813 -0.958848 0.178233 0.221005 -0.226205 0.264657 0.279264 0.923021 0.380883 0.3162 -0.384907 0.867101 0.400798 -0.930014 -0.306239 0.203202 -0.504306 0.187326 -0.870669 -0.454801 0.485922 
1533550709769 0.10286 0.943486 -0.315047 -0.603808 -0.958854 0.178305 0.220922 -0.226197 0.264611 0.27936 0.923005 0.380889 0.316197 -0.384904 0.867103 0.400778 -0.930014 -0.30624 0.2032 -0.504292 0.187329 -0.87067 -0.454799 0.485903 
1533550709928 0.102926 0.943443 -0.315152 -0.603802 -0.95886 0.178378 0.220839 -0.226189 0.264565 0.279457 0.922989 0.380895 0.316201 -0.384895 0.867106 0.400765 -0.930012 -0.306246 0.203202 -0.504277 0.187337 -0.870672 -0.454792 0.485883 
1533550710149 0.102991 0.943401 -0.315256 -0.603798 -0.958865 0.17845 0.220756 -0.226182 0.264519 0.279552 0.922974 0.3809 0.316123 -0.384928 0.86712 0.40068 -0.93004 -0.30621 0.20313 -0.504145 0.18733 -0.87067 -0.454798 0.485852 
1533550710256 0.10293 0.943405 -0.315265 -0.603833 -0.958834 0.178434 0.220904 -0.226153 0.264656 0.279549 0.922935 0.380899 1 0 0 0 0 1 0 0 0 0 1 1.306 
1533550710268 0.103029 0.943471 -0.315035 -0.603844 -0.958884 0.178409 0.220709 -0.226146 0.264438 0.279342 0.92306 0.380875 0.313239 -0.3866 0.867422 0.386189 -0.93126 -0.304042 0.200784 -0.500185 0.18611 -0.870689 -0.455263 0.505382 
1533550710552 0.103129 0.943538 -0.314803 -0.603854 -0.958933 0.178385 0.220513 -0.22614 0.264219 0.279134 0.923186 0.380851 0.316244 -0.384866 0.867103 0.400216 -0.929998 -0.306258 0.203249 -0.504049 0.187334 -0.87068 -0.454777 0.486145 
1533550710761 0.103229 0.943604 -0.314573 -0.603865 -0.958983 0.17836 0.220318 -0.226133 0.264 0.278927 0.923311 0.380827 0.316258 -0.384857 0.867102 0.400836 -0.929992 -0.306267 0.203261 -0.504368 0.187338 -0.870681 -0.454774 0.485921 
1533550710915 0.103329 0.94367 -0.314341 -0.603875 -0.959032 0.178335 0.220122 -0.226127 0.263781 0.278718 0.923437 0.380803 0.316239 -0.384881 0.867098 0.400855 -0.93 -0.306257 0.203241 -0.504361 0.187331 -0.870674 -0.454789 0.485943 
1533550711092 0.103429 0.943736 -0.31411 -0.603886 -0.959082 0.17831 0.219927 -0.22612 0.263562 0.27851 0.923562 0.380779 0.316214 -0.384899 0.867099 0.400827 -0.930009 -0.306245 0.203216 -0.504329 0.187327 -0.87067 -0.454799 0.48594 
1533550711267 0.103528 0.943802 -0.313878 -0.603897 -0.959131 0.178285 0.219731 -0.226113 0.263343 0.278302 0.923688 0.380754 0.3162 -0.384907 0.867101 0.400798 -0.930014 -0.306239 0.203202 -0.504306 0.187326 -0.870669 -0.454801 0.485922 
1533550711438 0.103628 0.943868 -0.313647 -0.603907 -0.95918 0.178261 0.219536 -0.226107 0.263124 0.278094 0.923813 0.38073 0.316197 -0.384904 0.867103 0.400778 -0.930014 -0.30624 0.2032 -0.504292 0.187329 -0.87067 -0.454799 0.485903 
1533550711591 0.103728 0.943934 -0.313415 -0.603918 -0.95923 0.178236 0.21934 -0.2261 0.262904 0.277885 0.923938 0.380706 0.316201 -0.384895 0.867106 0.400765 -0.930012 -0.306246 0.203202 -0.504277 0.187337 -0.870672 -0.454792 0.485883 
1533550711750 0.103827 0.944 -0.313184 -0.603925 -0.959279 0.178212 0.219145 -0.226094 0.262686 0.277678 0.924062 0.380684 0.316123 -0.384928 0.86712 0.40068 -0.93004 -0.30621 0.20313 -0.504145 0.18733 -0.87067 -0.454798 0.485852 
1533550711911 0.103768 0.944005 -0.313187 -0.603938 -0.959267 0.178177 0.219227 -0.22607 0.262754 0.277681 0.924042 0.380712 1 0 0 0 0 1 0 0 0 0 1 1.306 
1533550711922 0.103713 0.944042 -0.313096 -0.60394 -0.959241 0.178138 0.219373 -0.226082 0.262871 0.277582 0.924038 0.380705 0.313239 -0.3866 0.867422 0.386189 -0.93126 -0.304042 0.200784 -0.500185 0.18611 -0.870689 -0.455263 0.505382 
1533550712102 0.103658 0.944078 -0.313004 -0.603943 -0.959214 0.1781 0.219518 -0.226094 0.262989 0.277483 0.924035 0.380697 0.316244 -0.384866 0.867103 0.400216 -0.929998 -0.306258 0.203249 -0.504049 0.187334 -0.87068 -0.454777 0.486145 
1533550712265 0.103603 0.944114 -0.312913 -0.603945 -0.959188 0.178062 0.219664 -0.226106 0.263106 0.277384 0.924031 0.38069 0.316258 -0.384857 0.867102 0.400836 -0.929992 -0.306267 0.203261 -0.504368 0.187338 -0.870681 -0.454774 0.485921 
1533550712444 0.103548 0.944151 -0.312822 -0.603947 -0.959162 0.178023 0.21981 -0.226118 0.263223 0.277286 0.924027 0.380683 0.316239 -0.384881 0.867098 0.400855 -0.93 -0.306257 0.203241 -0.504361 0.187331 -0.870674 -0.454789 0.485943 
1533550712594 0.103494 0.944187 -0.312731 -0.60395 -0.959136 0.177985 0.219955 -0.226131 0.26334 0.277187 0.924023 0.380675 0.316214 -0.384899 0.867099 0.400827 -0.930009 -0.306245 0.203216 -0.504329 0.187327 -0.87067 -0.454799 0.48594 
1533550712601 0.103439 0.944223 -0.312639 -0.603952 -0.959109 0.177947 0.220101 -0.226143 0.263458 0.277088 0.92402 0.380668 0.3162 -0.384907 0.867101 0.400798 -0.930014 -0.306239 0.203202 -0.504306 0.187326 -0.870669 -0.454801 0.485922 
1533550712741 0.103384 0.944259 -0.312548 -0.603954 -0.959083 0.177908 0.220247 -0.226155 0.263575 0.276989 0.924016 0.380661 0.316197 -0.384904 0.867103 0.400778 -0.930014 -0.30624 0.2032 -0.504292 0.187329 -0.87067 -0.454799 0.485903 
1533550712840 0.103329 0.944296 -0.312456 -0.603956 -0.959057 0.17787 0.220393 -0.226167 0.263692 0.27689 0.924012 0.380654 0.316201 -0.384895 0.867106 0.400765 -0.930012 -0.306246 0.203202 -0.504277 0.187337 -0.870672 -0.454792 0.485883 
1533550712847 0.103275 0.944331 -0.312366 -0.603957 -0.95903 0.177832 0.220537 -0.226178 0.263809 0.276792 0.924008 0.380647 0.316123 -0.384928 0.86712 0.40068 -0.93004 -0.30621 0.20313 -0.504145 0.18733 -0.87067 -0.454798 0.485852 
1533550713011 0.103176 0.944348 -0.31235 -0.603956 -0.95908 0.177695 0.220431 -0.226116 0.263666 0.276825 0.924039 0.380629 1 0 0 0 0 1 0 0 0 0 1 1.306 
1533550713023 0.103128 0.944358 -0.312334 -0.603951 -0.95905 0.177683 0.220572 -0.226135 0.263796 0.276797 0.924011 0.380632 0.313239 -0.3866 0.867422 0.386189 -0.93126 -0.304042 0.200784 -0.500185 0.18611 -0.870689 -0.455263 0.505382 
1533550713040 0.103077 0.944369 -0.312317 -0.603945 -0.95902 0.17767 0.220714 -0.226153 0.263925 0.276768 0.923982 0.380635 0.316244 -0.384866 0.867103 0.400216 -0.929998 -0.306258 0.203249 -0.504049 0.187334 -0.87068 -0.454777 0.486145 
1533550713150 0.103028 0.94438 -0.312301 -0.60394 -0.95899 0.177657 0.220855 -0.226172 0.264053 0.276739 0.923954 0.380637 0.316258 -0.384857 0.867102 0.400836 -0.929992 -0.306267 0.203261 -0.504368 0.187338 -0.870681 -0.454774 0.485921 
1533550713329 0.102978 0.944391 -0.312284 -0.603934 -0.95896 0.177644 0.220996 -0.22619 0.264182 0.27671 0.923926 0.38064 0.316239 -0.384881 0.867098 0.400855 -0.93 -0.306257 0.203241 -0.504361 0.187331 -0.870674 -0.454789 0.485943 
1533550713475 0.102928 0.944402 -0.312268 -0.603929 -0.958929 0.177631 0.221137 -0.226209 0.264311 0.276682 0.923898 0.380643 0.316214 -0.384899 0.867099 0.400827 -0.930009 -0.306245 0.203216 -0.504329 0.187327 -0.87067 -0.454799 0.48594 
1533550713618 0.102879 0.944412 -0.312252 -0.603924 -0.958899 0.177618 0.221278 -0.226228 0.264439 0.276653 0.92387 0.380646 0.3162 -0.384907 0.867101 0.400798 -0.930014 -0.306239 0.203202 -0.504306 0.187326 -0.870669 -0.454801 0.485922 
1533550713777 0.102828 0.944423 -0.312235 -0.603918 -0.958869 0.177604 0.221419 -0.226246 0.264568 0.276624 0.923841 0.380649 0.316197 -0.384904 0.867103 0.400778 -0.930014 -0.30624 0.2032 -0.504292 0.187329 -0.87067 -0.454799 0.485903 
1533550713913 0.102779 0.944434 -0.312219 -0.603913 -0.958839 0.177591 0.22156 -0.226265 0.264696 0.276596 0.923813 0.380651 0.316201 -0.384895 0.867106 0.400765 -0.930012 -0.306246 0.203202 -0.504277 0.187337 -0.870672 -0.454792 0.485883 
1533550714052 0.102729 0.944445 -0.312202 -0.603907 -0.958809 0.177578 0.221701 -0.226282 0.264825 0.276567 0.923785 0.380654 0.316123 -0.384928 0.86712 0.40068 -0.93004 -0.30621 0.20313 -0.504145 0.18733 -0.87067 -0.454798 0.485852 
1533550714214 0.102878 0.944384 -0.312339 -0.603902 -0.958802 0.17774 0.221602 -0.22635 0.264793 0.276673 0.923762 0.380624 1 0 0 0 0 1 0 0 0 0 1 1.306 
1533550714226 0.102946 0.944332 -0.312473 -0.603896 -0.958783 0.177847 0.221597 -0.226345 0.264834 0.276781 0.923718 0.380644 0.313239 -0.3866 0.867422 0.386189 -0.93126 -0.304042 0.200784 -0.500185 0.18611 -0.870689 -0.455263 0.505382 
1533550714490 0.103015 0.94428 -0.312608 -0.603889 -0.958765 0.177954 0.221591 -0.226341 0.264874 0.27689 0.923674 0.380664 0.316244 -0.384866 0.867103 0.400216 -0.929998 -0.306258 0.203249 -0.504049 0.187334 -0.87068 -0.454777 0.486145 
