1535379286236 0.238852 0.928133 -0.285514 -0.637136 -0.938526 0.296113 0.177445 -0.242894 0.249237 0.225579 0.941804 0.374381 0.168221 -0.112192 0.979344 0.381042 -0.981924 0.0683668 0.176496 -0.484626 -0.086756 -0.991332 -0.0986631 0.441299 
1535379286247 0.240125 0.928072 -0.284644 -0.637182 -0.938348 0.297026 0.176856 -0.242793 0.248682 0.224627 0.942178 0.374317 0.166513 -0.113264 0.979512 0.381084 -0.981704 0.074004 0.175443 -0.484466 -0.0923593 -0.990805 -0.0988693 0.44126 
1535379286518 0.241396 0.928009 -0.283773 -0.637229 -0.938169 0.29794 0.176268 -0.242692 0.248126 0.223676 0.942551 0.374253 0.164797 -0.114327 0.979679 0.381123 -0.981451 0.0796402 0.174389 -0.484301 -0.0979594 -0.990246 -0.0990822 0.441221 
1535379286642 0.242667 0.927944 -0.282902 -0.637275 -0.937989 0.298853 0.175681 -0.242591 0.247568 0.222727 0.942923 0.37419 0.163076 -0.115381 0.979844 0.381164 -0.981164 0.0852749 0.173337 -0.484138 -0.103556 -0.989654 -0.0993011 0.441182 
1535379286770 0.243937 0.927877 -0.282029 -0.637322 -0.937807 0.299767 0.175094 -0.24249 0.247009 0.221776 0.943293 0.374126 0.161348 -0.116424 0.980006 0.381204 -0.980843 0.0909081 0.172286 -0.483973 -0.109149 -0.98903 -0.0995259 0.441143 
1535379287185 0.245205 0.927807 -0.281154 -0.637368 -0.937623 0.300681 0.174509 -0.242389 0.246448 0.220827 0.943663 0.374062 0.159614 -0.117458 0.980167 0.381244 -0.980489 0.0965394 0.171235 -0.483808 -0.114738 -0.988374 -0.0997568 0.441104 
1535379287461 0.246473 0.927736 -0.28028 -0.637415 -0.937439 0.301595 0.173924 -0.242288 0.245886 0.219877 0.944031 0.373998 0.157874 -0.118481 0.980326 0.381284 -0.980101 0.102169 0.170185 -0.483644 -0.120322 -0.987686 -0.0999936 0.441065 
1535379287586 0.24774 0.927663 -0.279404 -0.637461 -0.937252 0.302509 0.173339 -0.242188 0.245323 0.218929 0.944398 0.373934 0.156128 -0.119494 0.980482 0.381325 -0.97968 0.107796 0.169137 -0.48348 -0.125903 -0.986966 -0.100236 0.441027 
1535379287723 0.249007 0.927587 -0.278527 -0.637508 -0.937064 0.303424 0.172756 -0.242087 0.244758 0.21798 0.944764 0.373871 0.154375 -0.120498 0.980637 0.381364 -0.979225 0.11342 0.168089 -0.483315 -0.131479 -0.986213 -0.100485 0.440987 
1535379287864 0.250272 0.92751 -0.277649 -0.637554 -0.936875 0.304339 0.172174 -0.241986 0.244192 0.217032 0.945128 0.373807 0.152617 -0.121491 0.980789 0.381404 -0.978737 0.119042 0.167043 -0.483151 -0.13705 -0.985428 -0.10074 0.440948 
1535379288144 0.249302 0.927603 -0.27821 -0.637531 -0.937052 0.303588 0.172531 -0.242042 0.244501 0.217685 0.944898 0.37387 0.154662 -0.120093 0.980641 0.381308 -0.979337 0.112275 0.168206 -0.483454 -0.130302 -0.986393 -0.100247 0.441026 
1535379288428 0.248808 0.927579 -0.278732 -0.637457 -0.936925 0.303443 0.173475 -0.242101 0.245491 0.217989 0.944571 0.373929 0.156962 -0.119729 0.98032 0.381336 -0.979888 0.104961 0.169712 -0.483707 -0.123215 -0.987243 -0.100846 0.441248 
1535379288435 0.248314 0.927555 -0.279254 -0.637382 -0.936797 0.303299 0.174418 -0.24216 0.246479 0.218294 0.944243 0.373989 0.159261 -0.119348 0.979996 0.381365 -0.980383 0.0976415 0.171215 -0.483962 -0.116122 -0.98804 -0.101457 0.441471 
1535379288969 0.247818 0.92753 -0.279775 -0.637307 -0.936667 0.303155 0.175361 -0.242218 0.247468 0.218599 0.943914 0.374048 0.161557 -0.11895 0.979668 0.381394 -0.980823 0.0903173 0.172713 -0.484218 -0.109025 -0.988784 -0.102078 0.441694 
1535379289310 0.247323 0.927505 -0.280297 -0.637232 -0.936537 0.303011 0.176304 -0.242277 0.248455 0.218904 0.943584 0.374107 0.163849 -0.118535 0.979338 0.381424 -0.981206 0.0829889 0.174206 -0.484476 -0.101924 -0.989476 -0.10271 0.441916 
1535379289325 0.246826 0.92748 -0.280817 -0.637157 -0.936405 0.302867 0.177246 -0.242335 0.249443 0.21921 0.943253 0.374167 0.166138 -0.118103 0.979004 0.381453 -0.981533 0.0756567 0.175694 -0.484733 -0.0948184 -0.990115 -0.103353 0.442139 
1535379289626 0.246329 0.927454 -0.281337 -0.637082 -0.936273 0.302724 0.178189 -0.242394 0.25043 0.219515 0.94292 0.374226 0.168423 -0.117654 0.978668 0.381482 -0.981805 0.0683212 0.177176 -0.484988 -0.0877094 -0.990702 -0.104007 0.442362 
1535379290108 0.245832 0.927428 -0.281857 -0.637007 -0.936139 0.302581 0.179131 -0.242453 0.251416 0.219821 0.942586 0.374286 0.170704 -0.117188 0.978329 0.381512 -0.98202 0.0609827 0.178653 -0.485246 -0.0805972 -0.991236 -0.104671 0.442585 
1535379290420 0.245334 0.927402 -0.282375 -0.636932 -0.936004 0.302439 0.180074 -0.242511 0.252402 0.220126 0.942251 0.374345 0.172981 -0.116705 0.977986 0.381541 -0.98218 0.0536417 0.180124 -0.485502 -0.0734823 -0.991717 -0.105347 0.442807 
1535379290427 0.244836 0.927376 -0.282894 -0.636857 -0.935869 0.302296 0.181016 -0.24257 0.253388 0.220433 0.941915 0.374404 0.175254 -0.116205 0.977641 0.38157 -0.982284 0.0462986 0.18159 -0.485758 -0.0663651 -0.992146 -0.106033 0.44303 
1535379290896 0.24576 0.927424 -0.281933 -0.636997 -0.9361 0.302578 0.179341 -0.242469 0.251632 0.219842 0.942524 0.374302 0.174692 -0.116446 0.977713 0.381545 -0.982286 0.0477677 0.181199 -0.485669 -0.067803 -0.992048 -0.106039 0.442954 
1535379290903 0.24556 0.927412 -0.282149 -0.637006 -0.936202 0.302386 0.179134 -0.242505 0.251449 0.22016 0.942498 0.374382 0.176326 -0.116516 0.977411 0.381604 -0.982263 0.0435179 0.182389 -0.485885 -0.0637862 -0.992235 -0.106776 0.443106 
1535379291119 0.24536 0.927398 -0.282367 -0.637014 -0.936303 0.302194 0.178926 -0.24254 0.251265 0.22048 0.942473 0.374462 0.177962 -0.116579 0.977107 0.381664 -0.982221 0.0392668 0.183578 -0.486106 -0.0597693 -0.992405 -0.107518 0.443259 
1535379291364 0.24516 0.927385 -0.282584 -0.637023 -0.936405 0.302002 0.178718 -0.242575 0.251082 0.220798 0.942447 0.374543 0.179597 -0.116635 0.976801 0.381724 -0.982159 0.035015 0.184764 -0.486326 -0.0557526 -0.992557 -0.108266 0.443412 
1535379291598 0.24496 0.927371 -0.282801 -0.637031 -0.936507 0.30181 0.178511 -0.242611 0.250898 0.221117 0.942421 0.374623 0.181233 -0.116684 0.976493 0.381785 -0.982078 0.0307625 0.185946 -0.486547 -0.0517363 -0.992693 -0.109018 0.443565 
1535379291604 0.24476 0.927358 -0.283018 -0.637039 -0.936608 0.301618 0.178304 -0.242646 0.250715 0.221436 0.942395 0.374703 0.182868 -0.116726 0.976184 0.381845 -0.981979 0.0265094 0.187123 -0.486767 -0.0477203 -0.99281 -0.109775 0.443717 
1535379291940 0.24456 0.927344 -0.283236 -0.637048 -0.936709 0.301425 0.178096 -0.242682 0.250531 0.221755 0.942369 0.374784 0.184503 -0.116761 0.975872 0.381905 -0.98186 0.0222558 0.188298 -0.486988 -0.0437047 -0.992911 -0.110537 0.44387 
1535379292195 0.24436 0.927331 -0.283453 -0.637056 -0.936811 0.301233 0.177889 -0.242717 0.250347 0.222073 0.942343 0.374864 0.186138 -0.116789 0.975558 0.381965 -0.981722 0.0180018 0.189469 -0.487208 -0.0396896 -0.992994 -0.111303 0.444023 
1535379292415 0.244161 0.927317 -0.283671 -0.637065 -0.936912 0.301041 0.177681 -0.242753 0.250163 0.222392 0.942316 0.374944 0.187772 -0.116809 0.975242 0.382026 -0.981564 0.0137474 0.190636 -0.487428 -0.0356752 -0.993059 -0.112074 0.444176 
1535379292422 0.243961 0.927303 -0.283888 -0.637073 -0.937013 0.300848 0.177474 -0.242788 0.249979 0.22271 0.94229 0.375025 0.189407 -0.116823 0.974924 0.382086 -0.981388 0.00949275 0.1918 -0.48765 -0.0316614 -0.993107 -0.112851 0.444329 
1535379292792 0.244238 0.927348 -0.283503 -0.637078 -0.936858 0.301112 0.177843 -0.242699 0.250289 0.222166 0.942336 0.374873 0.188926 -0.116777 0.975023 0.382029 -0.981432 0.0110479 0.191491 -0.48754 -0.0331337 -0.993097 -0.112521 0.444234 
1535379292799 0.243857 0.927417 -0.283604 -0.637091 -0.93695 0.300774 0.177929 -0.242792 0.250315 0.222334 0.94229 0.374942 0.189388 -0.117739 0.974818 0.382019 -0.981324 0.0113604 0.192024 -0.487636 -0.0336831 -0.99298 -0.113388 0.444331 
1535379292952 0.243475 0.927487 -0.283704 -0.637107 -0.937042 0.300436 0.178016 -0.242885 0.250342 0.2225 0.942243 0.375011 0.18985 -0.1187 0.974611 0.382011 -0.981216 0.0116718 0.192559 -0.487737 -0.0342321 -0.992862 -0.114254 0.444428 
1535379292958 0.243093 0.927557 -0.283803 -0.637123 -0.937134 0.300097 0.178103 -0.242979 0.250369 0.222666 0.942197 0.37508 0.190312 -0.119661 0.974404 0.382002 -0.981107 0.0119826 0.193093 -0.487838 -0.0347816 -0.992742 -0.11512 0.444526 
1535379293170 0.242712 0.927626 -0.283903 -0.637139 -0.937226 0.299759 0.17819 -0.243073 0.250396 0.222833 0.94215 0.375149 0.190773 -0.120622 0.974195 0.381994 -0.980998 0.0122929 0.193628 -0.487939 -0.0353314 -0.992622 -0.115985 0.444623 
1535379293318 0.24233 0.927695 -0.284003 -0.637154 -0.937318 0.299421 0.178277 -0.243167 0.250423 0.222999 0.942104 0.375217 0.191234 -0.121583 0.973985 0.381986 -0.980888 0.0126027 0.194162 -0.488039 -0.0358817 -0.992501 -0.11685 0.44472 
1535379293325 0.241948 0.927764 -0.284103 -0.637171 -0.937409 0.299083 0.178364 -0.243261 0.25045 0.223166 0.942057 0.375286 0.191694 -0.122544 0.973774 0.381978 -0.980778 0.0129118 0.194698 -0.488141 -0.0364323 -0.992379 -0.117714 0.444818 
1535379293531 0.241566 0.927833 -0.284203 -0.637186 -0.9375 0.298744 0.178451 -0.243355 0.250477 0.223332 0.942011 0.375355 0.192153 -0.123506 0.973562 0.381969 -0.980668 0.0132206 0.195233 -0.488241 -0.0369834 -0.992256 -0.118578 0.444915 
1535379293680 0.241185 0.927902 -0.284302 -0.637203 -0.937592 0.298406 0.178538 -0.243449 0.250503 0.223499 0.941964 0.375423 0.192612 -0.124467 0.973349 0.381961 -0.980557 0.0135287 0.195769 -0.488344 -0.0375349 -0.992132 -0.119441 0.445013 
1535379293852 0.240803 0.927971 -0.284402 -0.637219 -0.937683 0.298067 0.178625 -0.243543 0.25053 0.223665 0.941918 0.375492 0.193071 -0.125428 0.973135 0.381953 -0.980445 0.0138363 0.196304 -0.488444 -0.0380867 -0.992006 -0.120304 0.44511 
1535379294031 0.241373 0.92791 -0.284118 -0.637175 -0.937557 0.298538 0.178501 -0.243479 0.250453 0.223291 0.942027 0.375483 0.192689 -0.12477 0.973295 0.381981 -0.980536 0.0136187 0.195868 -0.488364 -0.0376934 -0.992092 -0.119717 0.445044 
1535379294038 0.241142 0.928133 -0.283585 -0.637219 -0.937695 0.298144 0.17843 -0.243592 0.250156 0.22289 0.942201 0.375442 0.192391 -0.125988 0.973197 0.381973 -0.980566 0.014133 0.195678 -0.488399 -0.0384074 -0.991931 -0.120821 0.445178 
1535379294066 0.24091 0.928356 -0.283052 -0.637269 -0.937834 0.297751 0.178358 -0.243708 0.249859 0.222487 0.942375 0.3754 0.192089 -0.127189 0.973101 0.381964 -0.980598 0.0146341 0.195481 -0.488432 -0.0391034 -0.991771 -0.12191 0.445309 
1535379294270 0.240679 0.928578 -0.282518 -0.637318 -0.937973 0.297357 0.178287 -0.243823 0.249562 0.222085 0.942548 0.375358 0.191785 -0.128388 0.973003 0.381956 -0.98063 0.0151354 0.195285 -0.488464 -0.0397991 -0.991608 -0.122999 0.445439 
1535379294276 0.240447 0.9288 -0.281985 -0.637368 -0.938111 0.296963 0.178215 -0.243939 0.249265 0.221682 0.942722 0.375316 0.19148 -0.129588 0.972904 0.381947 -0.980661 0.0156369 0.19509 -0.488497 -0.0404945 -0.991445 -0.124088 0.44557 
1535379294504 0.240215 0.929022 -0.281452 -0.637418 -0.938249 0.29657 0.178143 -0.244055 0.248968 0.221279 0.942895 0.375273 0.191174 -0.130787 0.972804 0.381939 -0.980691 0.0161387 0.194894 -0.48853 -0.0411895 -0.991279 -0.125177 0.445701 
1535379294671 0.239982 0.929243 -0.280918 -0.637466 -0.938387 0.296176 0.17807 -0.24417 0.248672 0.220877 0.943067 0.375231 0.190868 -0.131986 0.972702 0.38193 -0.980722 0.0166407 0.1947 -0.488562 -0.0418841 -0.991112 -0.126265 0.445832 
1535379294688 0.23975 0.929465 -0.280385 -0.637516 -0.938525 0.295782 0.177997 -0.244286 0.248375 0.220473 0.94324 0.375189 0.190561 -0.133185 0.972599 0.381922 -0.980752 0.017143 0.194506 -0.488595 -0.0425784 -0.990943 -0.127354 0.445963 
1535379294831 0.239517 0.929685 -0.279851 -0.637565 -0.938663 0.295389 0.177924 -0.244401 0.248079 0.22007 0.943412 0.375147 0.190252 -0.134383 0.972494 0.381913 -0.980781 0.0176455 0.194312 -0.488628 -0.0432723 -0.990772 -0.128443 0.446093 
1535379295072 0.239284 0.929906 -0.279318 -0.637615 -0.938801 0.294995 0.177851 -0.244517 0.247782 0.219666 0.943584 0.375105 0.189943 -0.135581 0.972388 0.381905 -0.98081 0.0181482 0.194119 -0.48866 -0.0439659 -0.9906 -0.129532 0.446224 
1535379295249 0.239607 0.929663 -0.27985 -0.637535 -0.938652 0.295464 0.177861 -0.24449 0.248036 0.220065 0.943424 0.375093 0.190131 -0.134741 0.972469 0.381866 -0.980786 0.0180052 0.194252 -0.488666 -0.0436831 -0.990717 -0.128729 0.446056 
1535379295260 0.239957 0.929647 -0.279601 -0.637526 -0.938594 0.295722 0.177736 -0.244462 0.247916 0.219783 0.943522 0.375056 0.189629 -0.135806 0.972418 0.381866 -0.980822 0.0192328 0.193954 -0.488701 -0.0450425 -0.990549 -0.129555 0.446164 
1535379295290 0.240307 0.929632 -0.279352 -0.637516 -0.938536 0.29598 0.17761 -0.244434 0.247795 0.219501 0.943619 0.375018 0.189124 -0.136873 0.972367 0.381866 -0.980856 0.0204616 0.193656 -0.488731 -0.0464024 -0.990377 -0.130383 0.446273 
1535379295398 0.240657 0.929616 -0.279102 -0.637506 -0.938478 0.296239 0.177485 -0.244405 0.247674 0.219218 0.943717 0.374981 0.188618 -0.137939 0.972315 0.381865 -0.980888 0.0216906 0.193358 -0.488761 -0.0477616 -0.990203 -0.131211 0.446382 
1535379295479 0.241007 0.9296 -0.278853 -0.637497 -0.93842 0.296497 0.17736 -0.244377 0.247553 0.218937 0.943814 0.374944 0.18811 -0.139003 0.972262 0.381864 -0.980919 0.0229198 0.193062 -0.488792 -0.0491203 -0.990027 -0.13204 0.44649 
1535379295489 0.241357 0.929584 -0.278604 -0.637487 -0.938363 0.296755 0.177235 -0.244349 0.247432 0.218654 0.943911 0.374907 0.187601 -0.140067 0.972207 0.381863 -0.980947 0.0241494 0.192767 -0.488822 -0.0504785 -0.989847 -0.132868 0.446599 
1535379295726 0.241707 0.929568 -0.278354 -0.637477 -0.938304 0.297013 0.17711 -0.244321 0.247311 0.218373 0.944008 0.374869 0.18709 -0.141131 0.972152 0.381863 -0.980974 0.0253792 0.192472 -0.488853 -0.0518362 -0.989666 -0.133697 0.446707 
1535379295973 0.242056 0.929552 -0.278105 -0.637467 -0.938246 0.297271 0.176985 -0.244292 0.24719 0.21809 0.944105 0.374832 0.186578 -0.142193 0.972096 0.381862 -0.980999 0.0266093 0.192179 -0.488882 -0.0531933 -0.989481 -0.134527 0.446816 
1535379296161 0.242406 0.929535 -0.277855 -0.637457 -0.938188 0.29753 0.17686 -0.244264 0.247068 0.217809 0.944202 0.374795 0.186064 -0.143255 0.972038 0.381861 -0.981022 0.0278397 0.191887 -0.488913 -0.0545499 -0.989294 -0.135356 0.446924 
1535379296351 0.242756 0.929519 -0.277606 -0.637447 -0.93813 0.297788 0.176736 -0.244236 0.246947 0.217527 0.944298 0.374758 0.185549 -0.144316 0.97198 0.381861 -0.981043 0.0290703 0.191595 -0.488944 -0.055906 -0.989105 -0.136186 0.447033 
