1534965626401 0.176385 0.889072 -0.422421 -0.501806 -0.946662 0.270791 0.174651 -0.235151 0.269665 0.369085 0.889414 0.442179 0.16008 -0.304787 0.938871 0.370831 -0.775623 0.549475 0.310623 -0.528794 -0.61056 -0.777934 -0.14844 0.432481 
1534965626414 0.183942 0.890685 -0.415748 -0.514591 -0.945255 0.276279 0.173675 -0.236728 0.269552 0.361041 0.892743 0.436538 0.316231 -0.384871 0.867106 0.40083 -0.930001 -0.306257 0.203234 -0.504368 0.187338 -0.870678 -0.454779 0.485897 
1534965627194 0.191491 0.892198 -0.40904 -0.527375 -0.943806 0.281763 0.172741 -0.238305 0.269372 0.352976 0.896017 0.430897 0.316231 -0.384871 0.867106 0.40083 -0.930001 -0.306257 0.203234 -0.504368 0.187338 -0.870678 -0.454779 0.485897 
1534965627969 0.19903 0.893612 -0.402298 -0.540159 -0.942316 0.287243 0.17185 -0.239881 0.269125 0.344889 0.899235 0.425257 0.316231 -0.384871 0.867106 0.40083 -0.930001 -0.306257 0.203234 -0.504368 0.187338 -0.870678 -0.454779 0.485897 
1534965628739 0.206558 0.894926 -0.395525 -0.552942 -0.940784 0.292719 0.171 -0.241458 0.26881 0.336782 0.902396 0.419616 0.316231 -0.384871 0.867106 0.40083 -0.930001 -0.306257 0.203234 -0.504368 0.187338 -0.870678 -0.454779 0.485897 
1534965629518 0.214075 0.896141 -0.388721 -0.565723 -0.939211 0.298189 0.170193 -0.243033 0.268429 0.328657 0.9055 0.413976 0.316231 -0.384871 0.867106 0.40083 -0.930001 -0.306257 0.203234 -0.504368 0.187338 -0.870678 -0.454779 0.485897 
1534965630342 0.22158 0.897254 -0.381886 -0.578503 -0.937597 0.303654 0.169428 -0.244608 0.267981 0.320514 0.908547 0.408336 0.316231 -0.384871 0.867106 0.40083 -0.930001 -0.306257 0.203234 -0.504368 0.187338 -0.870678 -0.454779 0.485897 
1534965631136 0.229072 0.898268 -0.375022 -0.59128 -0.935942 0.309113 0.168705 -0.246181 0.267467 0.312353 0.911536 0.402696 0.316231 -0.384871 0.867106 0.40083 -0.930001 -0.306257 0.203234 -0.504368 0.187338 -0.870678 -0.454779 0.485897 
1534965631953 0.23655 0.89918 -0.368129 -0.604052 -0.934246 0.314565 0.168025 -0.247752 0.266885 0.304177 0.914466 0.397058 0.316231 -0.384871 0.867106 0.40083 -0.930001 -0.306257 0.203234 -0.504368 0.187338 -0.870678 -0.454779 0.485897 
1534965632779 0.244172 0.899874 -0.361396 -0.615484 -0.932474 0.320186 0.16725 -0.248618 0.266217 0.296155 0.91729 0.391664 0.316442 -0.385045 0.866951 0.401525 -0.929984 -0.306148 0.203478 -0.505625 0.187068 -0.87064 -0.454964 0.486487 
1534965633586 0.244776 0.899545 -0.361807 -0.615241 -0.932236 0.320915 0.167182 -0.248798 0.266497 0.296367 0.91714 0.39204 0.316442 -0.385045 0.866951 0.401525 -0.929984 -0.306148 0.203478 -0.505625 0.187068 -0.87064 -0.454964 0.486487 
1534965633598 0.245446 0.899665 -0.361054 -0.61668 -0.932087 0.321368 0.167141 -0.249009 0.266402 0.295509 0.917444 0.391413 0.316221 -0.384863 0.867113 0.400797 -0.930002 -0.306262 0.203223 -0.504308 0.187351 -0.87068 -0.45477 0.485869 
1534965633889 0.246114 0.899785 -0.360299 -0.61812 -0.931938 0.321821 0.167102 -0.249221 0.266307 0.29465 0.917748 0.390787 0.31622 -0.384863 0.867113 0.400797 -0.930002 -0.306262 0.203222 -0.504307 0.187351 -0.87068 -0.45477 0.485868 
1534965634188 0.246782 0.899904 -0.359544 -0.619562 -0.931789 0.322273 0.167063 -0.249434 0.266211 0.293791 0.918052 0.39016 0.316221 -0.384863 0.867113 0.400796 -0.930002 -0.306262 0.203223 -0.504306 0.187351 -0.87068 -0.45477 0.485868 
1534965634476 0.24745 0.900022 -0.358788 -0.621004 -0.931639 0.322725 0.167024 -0.249647 0.266115 0.292931 0.918354 0.389532 0.31622 -0.384863 0.867113 0.400796 -0.930002 -0.306262 0.203222 -0.504306 0.187351 -0.87068 -0.454769 0.485868 
1534965634482 0.248118 0.900139 -0.358032 -0.622446 -0.931489 0.323178 0.166985 -0.24986 0.266018 0.292071 0.918656 0.388905 0.31622 -0.384863 0.867113 0.400796 -0.930002 -0.306262 0.203222 -0.504305 0.187351 -0.87068 -0.45477 0.485867 
1534965634902 0.248785 0.900255 -0.357276 -0.623889 -0.931339 0.32363 0.166947 -0.250073 0.26592 0.291211 0.918957 0.388278 0.316221 -0.384863 0.867113 0.400795 -0.930002 -0.306262 0.203223 -0.504305 0.187351 -0.87068 -0.45477 0.485867 
1534965635213 0.249453 0.90037 -0.35652 -0.62533 -0.931188 0.324082 0.166909 -0.250286 0.265822 0.290351 0.919258 0.387651 0.316221 -0.384863 0.867113 0.400795 -0.930002 -0.306262 0.203223 -0.504305 0.187351 -0.87068 -0.45477 0.485867 
1534965635517 0.25012 0.900484 -0.355763 -0.626772 -0.931038 0.324534 0.166872 -0.250499 0.265723 0.289491 0.919558 0.387024 0.31622 -0.384863 0.867113 0.400795 -0.930002 -0.306262 0.203222 -0.504305 0.187352 -0.87068 -0.454769 0.485867 
1534965635833 0.250787 0.900598 -0.355007 -0.628213 -0.930887 0.324986 0.166835 -0.250712 0.265624 0.288631 0.919857 0.386397 0.31622 -0.384863 0.867113 0.400795 -0.930002 -0.306262 0.203222 -0.504305 0.187352 -0.87068 -0.454769 0.485867 
1534965636157 0.251179 0.900428 -0.35516 -0.62795 -0.930774 0.325388 0.166679 -0.250849 0.265647 0.288708 0.919826 0.386582 0.31622 -0.384863 0.867113 0.400795 -0.930002 -0.306262 0.203222 -0.504305 0.187352 -0.87068 -0.454769 0.485867 
1534965636167 0.251059 0.900402 -0.35531 -0.628131 -0.930747 0.325369 0.166868 -0.250902 0.265855 0.28881 0.919734 0.386576 0.31622 -0.384863 0.867113 0.400795 -0.930002 -0.306262 0.203222 -0.504304 0.187351 -0.87068 -0.454769 0.485867 
1534965636186 0.250938 0.900377 -0.35546 -0.628316 -0.93072 0.325348 0.167058 -0.250957 0.266064 0.288912 0.919641 0.386569 0.31622 -0.384863 0.867113 0.400795 -0.930002 -0.306262 0.203222 -0.504304 0.187351 -0.87068 -0.454769 0.485867 
1534965636201 0.250818 0.900351 -0.355609 -0.628501 -0.930693 0.325328 0.167249 -0.251012 0.266272 0.289014 0.919549 0.386562 0.31622 -0.384863 0.867113 0.400795 -0.930002 -0.306262 0.203222 -0.504304 0.187351 -0.87068 -0.454769 0.485867 
1534965636327 0.250697 0.900326 -0.355758 -0.628687 -0.930666 0.325307 0.167439 -0.251067 0.266481 0.289116 0.919456 0.386556 0.31622 -0.384863 0.867113 0.400795 -0.930002 -0.306262 0.203222 -0.504304 0.187351 -0.87068 -0.454769 0.485867 
1534965636376 0.250576 0.900301 -0.355908 -0.628871 -0.930639 0.325287 0.167629 -0.251122 0.266689 0.289218 0.919364 0.386549 0.31622 -0.384863 0.867113 0.400795 -0.930002 -0.306262 0.203222 -0.504304 0.187351 -0.87068 -0.454769 0.485867 
1534965636481 0.250455 0.900275 -0.356057 -0.629057 -0.930612 0.325267 0.16782 -0.251177 0.266898 0.28932 0.919271 0.386542 0.31622 -0.384863 0.867113 0.400795 -0.930002 -0.306262 0.203222 -0.504304 0.187351 -0.87068 -0.454769 0.485867 
1534965636534 0.250334 0.90025 -0.356207 -0.629241 -0.930584 0.325247 0.16801 -0.251232 0.267106 0.289422 0.919179 0.386535 0.31622 -0.384863 0.867113 0.400795 -0.930002 -0.306262 0.203222 -0.504304 0.187351 -0.87068 -0.454769 0.485867 
1534965636642 0.250213 0.900224 -0.356356 -0.629427 -0.930557 0.325226 0.168201 -0.251288 0.267315 0.289523 0.919086 0.386528 0.31622 -0.384863 0.867113 0.400795 -0.930002 -0.306262 0.203222 -0.504304 0.187351 -0.87068 -0.454769 0.485867 
1534965636693 0.250092 0.900199 -0.356505 -0.629612 -0.93053 0.325206 0.168391 -0.251342 0.267523 0.289625 0.918993 0.386522 0.31622 -0.384863 0.867113 0.400795 -0.930002 -0.306262 0.203222 -0.504304 0.187351 -0.87068 -0.454769 0.485867 
1534965636816 0.250178 0.900227 -0.356375 -0.629392 -0.930567 0.325197 0.168205 -0.251209 0.267314 0.289549 0.919078 0.386459 0.31622 -0.384863 0.867113 0.400795 -0.930002 -0.306262 0.203222 -0.504304 0.187351 -0.87068 -0.454769 0.485867 
1534965636826 0.249575 0.900341 -0.356509 -0.629446 -0.930592 0.324807 0.168817 -0.251319 0.26779 0.289632 0.918914 0.386523 0.31622 -0.384863 0.867113 0.400795 -0.930002 -0.306262 0.203222 -0.504304 0.187351 -0.87068 -0.45477 0.485867 
1534965636843 0.248971 0.900455 -0.356642 -0.629505 -0.930617 0.324416 0.16943 -0.251432 0.268265 0.289714 0.918749 0.386587 0.31622 -0.384863 0.867113 0.400795 -0.930002 -0.306262 0.203222 -0.504304 0.187351 -0.87068 -0.45477 0.485867 
1534965636986 0.248367 0.900569 -0.356776 -0.629563 -0.930641 0.324025 0.170043 -0.251545 0.26874 0.289797 0.918584 0.386651 0.31622 -0.384863 0.867113 0.400795 -0.930002 -0.306262 0.203222 -0.504304 0.187351 -0.87068 -0.45477 0.485867 
1534965636993 0.247762 0.900683 -0.356908 -0.629623 -0.930665 0.323634 0.170656 -0.251658 0.269214 0.28988 0.918419 0.386714 0.31622 -0.384863 0.867113 0.400795 -0.930002 -0.306262 0.203222 -0.504304 0.187351 -0.87068 -0.45477 0.485867 
1534965637162 0.247158 0.900797 -0.35704 -0.629682 -0.930688 0.323243 0.171269 -0.251771 0.269689 0.289963 0.918253 0.386778 0.31622 -0.384863 0.867113 0.400795 -0.930002 -0.306262 0.203222 -0.504304 0.187351 -0.87068 -0.45477 0.485867 
1534965637168 0.246553 0.900911 -0.357172 -0.629741 -0.930711 0.322852 0.171882 -0.251884 0.270164 0.290046 0.918088 0.386841 0.31622 -0.384863 0.867113 0.400795 -0.930002 -0.306262 0.203222 -0.504304 0.187351 -0.87068 -0.45477 0.485867 
1534965637344 0.245948 0.901024 -0.357304 -0.6298 -0.930733 0.322461 0.172494 -0.251996 0.270638 0.29013 0.917922 0.386905 0.31622 -0.384863 0.867113 0.400795 -0.930002 -0.306262 0.203222 -0.504304 0.187351 -0.87068 -0.45477 0.485867 
1534965637434 0.245344 0.901136 -0.357435 -0.629858 -0.930755 0.32207 0.173107 -0.252109 0.271112 0.290213 0.917755 0.386969 0.31622 -0.384863 0.867113 0.400795 -0.930002 -0.306262 0.203222 -0.504304 0.187351 -0.87068 -0.45477 0.485867 
1534965637441 0.244739 0.901249 -0.357565 -0.629918 -0.930776 0.321679 0.17372 -0.252222 0.271586 0.290297 0.917588 0.387032 0.31622 -0.384863 0.867113 0.400795 -0.930002 -0.306262 0.203222 -0.504304 0.187351 -0.87068 -0.45477 0.485867 
1534965637616 0.245349 0.901152 -0.357391 -0.629813 -0.930848 0.321966 0.172801 -0.252141 0.270788 0.29028 0.91783 0.386929 0.31622 -0.384863 0.867113 0.400795 -0.930002 -0.306262 0.203222 -0.504304 0.187351 -0.87068 -0.45477 0.485867 
1534965637629 0.245099 0.901293 -0.357207 -0.629837 -0.930969 0.321638 0.172758 -0.252218 0.270597 0.290206 0.91791 0.386941 0.31622 -0.384863 0.867113 0.400795 -0.930002 -0.306262 0.203222 -0.504304 0.187351 -0.87068 -0.45477 0.485867 
1534965637645 0.244848 0.901435 -0.357022 -0.629866 -0.93109 0.321309 0.172716 -0.252297 0.270407 0.290131 0.917989 0.386952 0.31622 -0.384863 0.867113 0.400795 -0.930002 -0.306262 0.203222 -0.504304 0.187351 -0.87068 -0.45477 0.485867 
1534965637662 0.244597 0.901576 -0.356838 -0.629895 -0.931212 0.320981 0.172674 -0.252377 0.270217 0.290056 0.918069 0.386964 0.31622 -0.384863 0.867113 0.400795 -0.930002 -0.306262 0.203222 -0.504304 0.187351 -0.87068 -0.45477 0.485867 
1534965637679 0.244346 0.901717 -0.356654 -0.629924 -0.931333 0.320652 0.172632 -0.252456 0.270027 0.289981 0.918148 0.386975 0.31622 -0.384863 0.867113 0.400795 -0.930002 -0.306262 0.203222 -0.504304 0.187351 -0.87068 -0.45477 0.485867 
1534965637823 0.244095 0.901858 -0.356469 -0.629953 -0.931454 0.320323 0.172589 -0.252536 0.269836 0.289906 0.918228 0.386986 0.31622 -0.384863 0.867113 0.400795 -0.930002 -0.306262 0.203222 -0.504304 0.187351 -0.87068 -0.45477 0.485867 
1534965637857 0.243844 0.901998 -0.356285 -0.629981 -0.931575 0.319995 0.172547 -0.252615 0.269646 0.289832 0.918307 0.386997 0.31622 -0.384863 0.867113 0.400795 -0.930002 -0.306262 0.203222 -0.504304 0.187351 -0.87068 -0.45477 0.485867 
1534965637927 0.243592 0.902139 -0.356101 -0.630011 -0.931695 0.319666 0.172505 -0.252695 0.269456 0.289756 0.918387 0.387008 0.31622 -0.384863 0.867113 0.400795 -0.930002 -0.306262 0.203222 -0.504304 0.187351 -0.87068 -0.45477 0.485867 
1534965637987 0.243341 0.90228 -0.355916 -0.630039 -0.931816 0.319337 0.172462 -0.252774 0.269266 0.289681 0.918466 0.38702 0.31622 -0.384863 0.867113 0.400795 -0.930002 -0.306262 0.203222 -0.504304 0.187351 -0.87068 -0.45477 0.485867 
1534965638030 0.24309 0.90242 -0.355732 -0.630069 -0.931936 0.319008 0.17242 -0.252854 0.269076 0.289606 0.918546 0.387031 0.31622 -0.384863 0.867113 0.400795 -0.930002 -0.306262 0.203222 -0.504304 0.187351 -0.87068 -0.45477 0.485867 
1534965638119 0.243648 0.902108 -0.356141 -0.630007 -0.931724 0.319678 0.172325 -0.252791 0.269307 0.289839 0.918405 0.386986 0.31622 -0.384863 0.867113 0.400795 -0.930002 -0.306262 0.203222 -0.504304 0.187351 -0.87068 -0.45477 0.485867 
1534965638132 0.243944 0.902071 -0.356034 -0.629984 -0.931645 0.319935 0.172274 -0.252781 0.269311 0.289672 0.918456 0.386975 0.31622 -0.384863 0.867113 0.400795 -0.930002 -0.306262 0.203222 -0.504304 0.187351 -0.87068 -0.45477 0.485867 
1534965638149 0.24424 0.902033 -0.355926 -0.629956 -0.931566 0.320192 0.172223 -0.252768 0.269316 0.289506 0.918507 0.386965 0.31622 -0.384863 0.867113 0.400795 -0.930002 -0.306262 0.203222 -0.504304 0.187351 -0.87068 -0.45477 0.485867 
1534965638285 0.244535 0.901995 -0.355819 -0.629927 -0.931488 0.320449 0.172172 -0.252754 0.26932 0.289339 0.918559 0.386955 0.31622 -0.384863 0.867113 0.400795 -0.930002 -0.306262 0.203222 -0.504304 0.187351 -0.87068 -0.45477 0.485867 
1534965638300 0.244831 0.901957 -0.355712 -0.629898 -0.931409 0.320706 0.172121 -0.252741 0.269324 0.289172 0.91861 0.386945 0.31622 -0.384863 0.867113 0.400795 -0.930002 -0.306262 0.203222 -0.504304 0.187351 -0.87068 -0.45477 0.485867 
1534965638326 0.245127 0.901919 -0.355604 -0.629871 -0.93133 0.320963 0.17207 -0.252729 0.269328 0.289005 0.918661 0.386935 0.31622 -0.384863 0.867113 0.400795 -0.930002 -0.306262 0.203222 -0.504304 0.187351 -0.87068 -0.45477 0.485867 
1534965638332 0.245423 0.901881 -0.355496 -0.629842 -0.931251 0.32122 0.172018 -0.252715 0.269333 0.288839 0.918712 0.386925 0.31622 -0.384863 0.867113 0.400795 -0.930002 -0.306262 0.203222 -0.504304 0.187351 -0.87068 -0.45477 0.485867 
1534965638427 0.245718 0.901843 -0.355388 -0.629815 -0.931171 0.321476 0.171968 -0.252703 0.269337 0.288672 0.918763 0.386914 0.31622 -0.384863 0.867113 0.400795 -0.930002 -0.306262 0.203222 -0.504304 0.187351 -0.87068 -0.45477 0.485867 
1534965638457 0.246014 0.901805 -0.355281 -0.629785 -0.931092 0.321733 0.171916 -0.252689 0.269341 0.288505 0.918815 0.386904 0.31622 -0.384863 0.867113 0.400795 -0.930002 -0.306262 0.203222 -0.504304 0.187351 -0.87068 -0.45477 0.485867 
1534965638491 0.24631 0.901767 -0.355173 -0.629758 -0.931013 0.32199 0.171866 -0.252676 0.269345 0.288339 0.918866 0.386894 0.31622 -0.384863 0.867113 0.400795 -0.930002 -0.306262 0.203222 -0.504304 0.187351 -0.87068 -0.45477 0.485867 
1534965638562 0.245468 0.901862 -0.355514 -0.629811 -0.931254 0.321249 0.171945 -0.252718 0.269279 0.288866 0.918719 0.386883 0.31622 -0.384863 0.867113 0.400795 -0.930002 -0.306262 0.203222 -0.504304 0.187351 -0.87068 -0.45477 0.485867 
1534965638574 0.246099 0.901789 -0.355263 -0.629631 -0.931107 0.321769 0.171769 -0.252623 0.269212 0.288516 0.918849 0.386961 0.31622 -0.384863 0.867113 0.400795 -0.930002 -0.306262 0.203222 -0.504304 0.187351 -0.87068 -0.45477 0.485867 
1534965638591 0.24673 0.901715 -0.355013 -0.629447 -0.930959 0.322289 0.171593 -0.252527 0.269145 0.288165 0.918979 0.387039 0.31622 -0.384863 0.867113 0.400795 -0.930002 -0.306262 0.203222 -0.504304 0.187351 -0.87068 -0.45477 0.485867 
1534965638722 0.24736 0.901641 -0.354762 -0.629264 -0.930812 0.322809 0.171417 -0.25243 0.269077 0.287815 0.919108 0.387117 0.31622 -0.384863 0.867113 0.400795 -0.930002 -0.306262 0.203222 -0.504304 0.187351 -0.87068 -0.45477 0.485867 
1534965638821 0.247991 0.901566 -0.354511 -0.629079 -0.930663 0.32333 0.171241 -0.252333 0.269009 0.287464 0.919238 0.387195 0.31622 -0.384863 0.867113 0.400795 -0.930002 -0.306262 0.203222 -0.504304 0.187351 -0.87068 -0.45477 0.485867 
1534965638913 0.248622 0.901491 -0.35426 -0.628897 -0.930515 0.32385 0.171066 -0.252237 0.268941 0.287114 0.919367 0.387274 0.31622 -0.384863 0.867113 0.400795 -0.930002 -0.306262 0.203222 -0.504304 0.187351 -0.87068 -0.45477 0.485867 
1534965639016 0.249252 0.901416 -0.354009 -0.628712 -0.930366 0.32437 0.17089 -0.25214 0.268873 0.286763 0.919497 0.387352 0.31622 -0.384863 0.867113 0.400795 -0.930002 -0.306262 0.203222 -0.504304 0.187351 -0.87068 -0.45477 0.485867 
1534965639112 0.249883 0.90134 -0.353758 -0.628529 -0.930217 0.32489 0.170715 -0.252044 0.268804 0.286413 0.919626 0.38743 0.31622 -0.384863 0.867113 0.400795 -0.930002 -0.306262 0.203222 -0.504304 0.187351 -0.87068 -0.45477 0.485867 
1534965639214 0.250513 0.901264 -0.353507 -0.628344 -0.930067 0.325411 0.170539 -0.251947 0.268736 0.286063 0.919755 0.387509 0.31622 -0.384863 0.867113 0.400795 -0.930002 -0.306262 0.203222 -0.504304 0.187351 -0.87068 -0.45477 0.485867 
1534965639326 0.251143 0.901187 -0.353255 -0.628161 -0.929917 0.325931 0.170364 -0.25185 0.268667 0.285712 0.919884 0.387587 0.31622 -0.384863 0.867113 0.400795 -0.930002 -0.306262 0.203222 -0.504304 0.187351 -0.87068 -0.45477 0.485867 
1534965639436 0.250653 0.90121 -0.353543 -0.628364 -0.930011 0.325568 0.170545 -0.251956 0.268799 0.286051 0.91974 0.387509 0.31622 -0.384863 0.867113 0.400795 -0.930002 -0.306262 0.203222 -0.504304 0.187351 -0.87068 -0.45477 0.485867 
1534965639449 0.250725 0.901202 -0.353513 -0.628044 -0.930003 0.325617 0.170495 -0.251826 0.268761 0.286021 0.919761 0.387672 0.31622 -0.384863 0.867113 0.400795 -0.930002 -0.306262 0.203222 -0.504304 0.187351 -0.87068 -0.45477 0.485867 
1534965639475 0.250796 0.901194 -0.353484 -0.62772 -0.929994 0.325666 0.170446 -0.251694 0.268723 0.285991 0.919781 0.387836 0.31622 -0.384863 0.867113 0.400795 -0.930002 -0.306262 0.203222 -0.504304 0.187351 -0.87068 -0.45477 0.485867 
1534965639642 0.250867 0.901186 -0.353455 -0.627395 -0.929986 0.325715 0.170396 -0.251562 0.268684 0.285961 0.919801 0.388 0.31622 -0.384863 0.867113 0.400795 -0.930002 -0.306262 0.203222 -0.504304 0.187351 -0.87068 -0.45477 0.485867 
1534965639799 0.250938 0.901177 -0.353426 -0.627071 -0.929978 0.325764 0.170347 -0.251429 0.268646 0.285932 0.919822 0.388164 0.31622 -0.384863 0.867113 0.400795 -0.930002 -0.306262 0.203222 -0.504304 0.187351 -0.87068 -0.45477 0.485867 
1534965639959 0.251009 0.901169 -0.353396 -0.626748 -0.92997 0.325813 0.170298 -0.251298 0.268608 0.285902 0.919842 0.388328 0.31622 -0.384863 0.867113 0.400795 -0.930002 -0.306262 0.203222 -0.504304 0.187351 -0.87068 -0.45477 0.485867 
1534965640107 0.25108 0.901161 -0.353367 -0.626423 -0.929962 0.325862 0.170248 -0.251165 0.26857 0.285872 0.919863 0.388492 0.31622 -0.384863 0.867113 0.400795 -0.930002 -0.306262 0.203222 -0.504304 0.187351 -0.87068 -0.45477 0.485867 
1534965640114 0.251151 0.901153 -0.353337 -0.626099 -0.929954 0.325911 0.170199 -0.251033 0.268532 0.285842 0.919883 0.388656 0.31622 -0.384863 0.867113 0.400795 -0.930002 -0.306262 0.203222 -0.504304 0.187351 -0.87068 -0.45477 0.485867 
1534965640327 0.251222 0.901144 -0.353308 -0.625774 -0.929946 0.325961 0.170149 -0.2509 0.268493 0.285812 0.919904 0.38882 0.31622 -0.384863 0.867113 0.400795 -0.930002 -0.306262 0.203222 -0.504304 0.187351 -0.87068 -0.45477 0.485867 
1534965640476 0.251293 0.901136 -0.353279 -0.62545 -0.929938 0.32601 0.1701 -0.250769 0.268455 0.285783 0.919924 0.388984 0.31622 -0.384863 0.867113 0.400795 -0.930002 -0.306262 0.203222 -0.504304 0.187351 -0.87068 -0.45477 0.485867 
1534965640651 0.251259 0.90114 -0.353293 -0.625674 -0.929918 0.326011 0.170203 -0.250853 0.268554 0.285768 0.9199 0.388919 0.31622 -0.384863 0.867113 0.400795 -0.930002 -0.306262 0.203222 -0.504304 0.187351 -0.87068 -0.45477 0.485867 
1534965640661 0.251353 0.901077 -0.353388 -0.62525 -0.929857 0.326154 0.170261 -0.250656 0.268677 0.285805 0.919852 0.389113 0.31622 -0.384863 0.867113 0.400795 -0.930002 -0.306262 0.203222 -0.504304 0.187351 -0.87068 -0.45477 0.485867 
1534965640711 0.251446 0.901013 -0.353482 -0.62482 -0.929797 0.326297 0.170318 -0.250456 0.268799 0.285841 0.919805 0.389307 0.31622 -0.384863 0.867113 0.400795 -0.930002 -0.306262 0.203222 -0.504304 0.187351 -0.87068 -0.45477 0.485867 
1534965640896 0.25154 0.90095 -0.353577 -0.624389 -0.929736 0.326441 0.170375 -0.250255 0.268922 0.285877 0.919758 0.389502 0.31622 -0.384863 0.867113 0.400795 -0.930002 -0.306262 0.203222 -0.504304 0.187351 -0.87068 -0.45477 0.485867 
1534965641078 0.251634 0.900887 -0.353672 -0.623961 -0.929675 0.326583 0.170433 -0.250055 0.269044 0.285913 0.919711 0.389696 0.31622 -0.384863 0.867113 0.400795 -0.930002 -0.306262 0.203222 -0.504304 0.187351 -0.87068 -0.45477 0.485867 
1534965641257 0.251727 0.900823 -0.353766 -0.623531 -0.929614 0.326727 0.17049 -0.249855 0.269166 0.285949 0.919664 0.389891 0.31622 -0.384863 0.867113 0.400795 -0.930002 -0.306262 0.203222 -0.504304 0.187351 -0.87068 -0.45477 0.485867 
1534965641430 0.251821 0.90076 -0.353861 -0.6231 -0.929554 0.32687 0.170547 -0.249654 0.269289 0.285986 0.919617 0.390086 0.31622 -0.384863 0.867113 0.400795 -0.930002 -0.306262 0.203222 -0.504304 0.187351 -0.87068 -0.45477 0.485867 
1534965641437 0.251914 0.900697 -0.353956 -0.622671 -0.929493 0.327013 0.170605 -0.249455 0.269411 0.286022 0.91957 0.39028 0.31622 -0.384863 0.867113 0.400795 -0.930002 -0.306262 0.203222 -0.504304 0.187351 -0.87068 -0.45477 0.485867 
1534965641682 0.252008 0.900633 -0.35405 -0.622242 -0.929432 0.327155 0.170662 -0.249255 0.269534 0.286058 0.919523 0.390475 0.31622 -0.384863 0.867113 0.400795 -0.930002 -0.306262 0.203222 -0.504304 0.187351 -0.87068 -0.45477 0.485867 
1534965641689 0.252101 0.90057 -0.354145 -0.621812 -0.929371 0.327299 0.170719 -0.249054 0.269656 0.286094 0.919476 0.39067 0.31622 -0.384863 0.867113 0.400795 -0.930002 -0.306262 0.203222 -0.504304 0.187351 -0.87068 -0.45477 0.485867 
1534965641952 0.251804 0.900682 -0.354071 -0.62207 -0.929474 0.326983 0.170761 -0.249016 0.269577 0.286102 0.919497 0.390537 0.31622 -0.384863 0.867113 0.400795 -0.930002 -0.306262 0.203222 -0.504304 0.187351 -0.87068 -0.45477 0.485867 
1534965641965 0.251809 0.900642 -0.354169 -0.621676 -0.929384 0.3271 0.171027 -0.248851 0.269883 0.286093 0.91941 0.390673 0.31622 -0.384863 0.867113 0.400795 -0.930002 -0.306262 0.203222 -0.504304 0.187351 -0.87068 -0.45477 0.485867 
1534965641981 0.251815 0.900602 -0.354268 -0.621278 -0.929294 0.327218 0.171291 -0.248683 0.270187 0.286086 0.919322 0.390809 0.31622 -0.384863 0.867113 0.400795 -0.930002 -0.306262 0.203222 -0.504304 0.187351 -0.87068 -0.45477 0.485867 
1534965642179 0.25182 0.900561 -0.354366 -0.620881 -0.929204 0.327335 0.171555 -0.248516 0.270492 0.286078 0.919235 0.390945 0.31622 -0.384863 0.867113 0.400795 -0.930002 -0.306262 0.203222 -0.504304 0.187351 -0.87068 -0.45477 0.485867 
1534965642352 0.251826 0.900521 -0.354465 -0.620483 -0.929114 0.327453 0.171818 -0.248349 0.270797 0.28607 0.919148 0.391081 0.31622 -0.384863 0.867113 0.400795 -0.930002 -0.306262 0.203222 -0.504304 0.187351 -0.87068 -0.45477 0.485867 
1534965642520 0.251831 0.900481 -0.354563 -0.620086 -0.929024 0.327571 0.172082 -0.248182 0.271101 0.286062 0.919061 0.391218 0.31622 -0.384863 0.867113 0.400795 -0.930002 -0.306262 0.203222 -0.504304 0.187351 -0.87068 -0.45477 0.485867 
1534965642684 0.251837 0.900441 -0.354662 -0.619687 -0.928933 0.327689 0.172346 -0.248014 0.271406 0.286054 0.918973 0.391354 0.31622 -0.384863 0.867113 0.400795 -0.930002 -0.306262 0.203222 -0.504304 0.187351 -0.87068 -0.45477 0.485867 
1534965642852 0.251842 0.9004 -0.35476 -0.61929 -0.928843 0.327806 0.17261 -0.247847 0.271711 0.286046 0.918886 0.39149 0.31622 -0.384863 0.867113 0.400795 -0.930002 -0.306262 0.203222 -0.504304 0.187351 -0.87068 -0.45477 0.485867 
1534965643019 0.251847 0.90036 -0.354859 -0.618891 -0.928752 0.327924 0.172873 -0.247679 0.272015 0.286038 0.918798 0.391627 0.31622 -0.384863 0.867113 0.400795 -0.930002 -0.306262 0.203222 -0.504304 0.187351 -0.87068 -0.45477 0.485867 
1534965643191 0.251853 0.90032 -0.354958 -0.618493 -0.928662 0.328042 0.173137 -0.247512 0.27232 0.28603 0.91871 0.391763 0.31622 -0.384863 0.867113 0.400795 -0.930002 -0.306262 0.203222 -0.504304 0.187351 -0.87068 -0.45477 0.485867 
1534965643382 0.25197 0.900346 -0.354809 -0.618702 -0.928707 0.328041 0.172895 -0.247638 0.272057 0.285949 0.918813 0.391716 0.31622 -0.384863 0.867113 0.400795 -0.930002 -0.306262 0.203222 -0.504304 0.187351 -0.87068 -0.45477 0.485867 
1534965643392 0.252043 0.900348 -0.354751 -0.618439 -0.928682 0.328103 0.172908 -0.247521 0.272072 0.285871 0.918833 0.391803 0.31622 -0.384863 0.867113 0.400795 -0.930002 -0.306262 0.203222 -0.504304 0.187351 -0.87068 -0.45477 0.485867 
1534965643409 0.252117 0.900349 -0.354695 -0.618171 -0.928658 0.328166 0.172919 -0.247402 0.272087 0.285794 0.918853 0.391891 0.31622 -0.384863 0.867113 0.400795 -0.930002 -0.306262 0.203222 -0.504304 0.187351 -0.87068 -0.45477 0.485867 
1534965643564 0.252191 0.900351 -0.354638 -0.617905 -0.928634 0.328229 0.172931 -0.247282 0.272101 0.285717 0.918872 0.391978 0.31622 -0.384863 0.867113 0.400795 -0.930002 -0.306262 0.203222 -0.504304 0.187351 -0.87068 -0.45477 0.485867 
1534965643684 0.252265 0.900352 -0.354581 -0.617639 -0.928609 0.328292 0.172943 -0.247164 0.272116 0.28564 0.918892 0.392065 0.31622 -0.384863 0.867113 0.400795 -0.930002 -0.306262 0.203222 -0.504304 0.187351 -0.87068 -0.45477 0.485867 
1534965643789 0.252339 0.900354 -0.354525 -0.617371 -0.928585 0.328354 0.172955 -0.247044 0.27213 0.285563 0.918912 0.392153 0.31622 -0.384863 0.867113 0.400795 -0.930002 -0.306262 0.203222 -0.504304 0.187351 -0.87068 -0.45477 0.485867 
1534965643795 0.252413 0.900355 -0.354468 -0.617103 -0.928561 0.328417 0.172967 -0.246925 0.272145 0.285486 0.918931 0.392241 0.31622 -0.384863 0.867113 0.400795 -0.930002 -0.306262 0.203222 -0.504304 0.187351 -0.87068 -0.45477 0.485867 
1534965643977 0.252487 0.900357 -0.354412 -0.616837 -0.928536 0.32848 0.172978 -0.246806 0.272159 0.285409 0.918951 0.392328 0.31622 -0.384863 0.867113 0.400795 -0.930002 -0.306262 0.203222 -0.504304 0.187351 -0.87068 -0.45477 0.485867 
1534965644111 0.252561 0.900358 -0.354355 -0.61657 -0.928512 0.328543 0.17299 -0.246687 0.272174 0.285332 0.918971 0.392416 0.31622 -0.384863 0.867113 0.400795 -0.930002 -0.306262 0.203222 -0.504304 0.187351 -0.87068 -0.45477 0.485867 
1534965644227 0.252636 0.90036 -0.354298 -0.616302 -0.928487 0.328606 0.173002 -0.246567 0.272188 0.285255 0.91899 0.392504 0.31622 -0.384863 0.867113 0.400795 -0.930002 -0.306262 0.203222 -0.504304 0.187351 -0.87068 -0.45477 0.485867 
1534965644349 0.252426 0.900414 -0.354311 -0.616558 -0.92854 0.328417 0.173079 -0.246605 0.272204 0.285302 0.918971 0.392433 0.31622 -0.384863 0.867113 0.400795 -0.930002 -0.306262 0.203222 -0.504304 0.187351 -0.87068 -0.45477 0.485867 
1534965644362 0.25244 0.900425 -0.354271 -0.616321 -0.928544 0.328415 0.173062 -0.246489 0.272177 0.285269 0.918989 0.392504 0.31622 -0.384863 0.867113 0.400795 -0.930002 -0.306262 0.203222 -0.504304 0.187351 -0.87068 -0.45477 0.485867 
1534965644379 0.252455 0.900437 -0.354232 -0.616079 -0.928548 0.328412 0.173046 -0.24637 0.272151 0.285235 0.919008 0.392576 0.31622 -0.384863 0.867113 0.400795 -0.930002 -0.306262 0.203222 -0.504304 0.187351 -0.87068 -0.45477 0.485867 
1534965644546 0.252469 0.900449 -0.354192 -0.615837 -0.928551 0.32841 0.17303 -0.246252 0.272124 0.285201 0.919026 0.392647 0.31622 -0.384863 0.867113 0.400795 -0.930002 -0.306262 0.203222 -0.504304 0.187351 -0.87068 -0.45477 0.485867 
1534965644627 0.252483 0.90046 -0.354152 -0.615594 -0.928555 0.328407 0.173013 -0.246133 0.272098 0.285167 0.919045 0.392719 0.31622 -0.384863 0.867113 0.400795 -0.930002 -0.306262 0.203222 -0.504304 0.187351 -0.87068 -0.45477 0.485867 
1534965644744 0.252498 0.900472 -0.354112 -0.615352 -0.928559 0.328405 0.172997 -0.246014 0.272071 0.285133 0.919063 0.392791 0.31622 -0.384863 0.867113 0.400795 -0.930002 -0.306262 0.203222 -0.504304 0.187351 -0.87068 -0.45477 0.485867 
1534965644751 0.252512 0.900483 -0.354072 -0.615111 -0.928563 0.328403 0.172981 -0.245896 0.272045 0.285099 0.919081 0.392862 0.31622 -0.384863 0.867113 0.400795 -0.930002 -0.306262 0.203222 -0.504304 0.187351 -0.87068 -0.45477 0.485867 
1534965644941 0.252527 0.900495 -0.354033 -0.614868 -0.928567 0.3284 0.172964 -0.245777 0.272018 0.285065 0.9191 0.392934 0.31622 -0.384863 0.867113 0.400795 -0.930002 -0.306262 0.203222 -0.504304 0.187351 -0.87068 -0.45477 0.485867 
1534965645061 0.252541 0.900507 -0.353993 -0.614626 -0.928571 0.328398 0.172948 -0.245658 0.271991 0.285031 0.919118 0.393006 0.31622 -0.384863 0.867113 0.400795 -0.930002 -0.306262 0.203222 -0.504304 0.187351 -0.87068 -0.45477 0.485867 
1534965645068 0.252555 0.900518 -0.353953 -0.614385 -0.928575 0.328395 0.172932 -0.24554 0.271965 0.284997 0.919137 0.393077 0.31622 -0.384863 0.867113 0.400795 -0.930002 -0.306262 0.203222 -0.504304 0.187351 -0.87068 -0.45477 0.485867 
1534965645272 0.252534 0.900552 -0.353882 -0.614605 -0.928594 0.328348 0.172919 -0.245592 0.271919 0.284945 0.919166 0.393006 0.31622 -0.384863 0.867113 0.400795 -0.930002 -0.306262 0.203222 -0.504304 0.187351 -0.87068 -0.45477 0.485867 
1534965645285 0.252761 0.900525 -0.35379 -0.6144 -0.928585 0.328487 0.172702 -0.245479 0.271738 0.284871 0.919243 0.393058 0.31622 -0.384863 0.867113 0.400795 -0.930002 -0.306262 0.203222 -0.504304 0.187351 -0.87068 -0.45477 0.485867 
1534965645305 0.252989 0.900497 -0.353698 -0.61419 -0.928576 0.328626 0.172484 -0.245364 0.271556 0.284799 0.919319 0.393111 0.31622 -0.384863 0.867113 0.400795 -0.930002 -0.306262 0.203222 -0.504304 0.187351 -0.87068 -0.45477 0.485867 
1534965645412 0.253217 0.900469 -0.353606 -0.61398 -0.928567 0.328766 0.172266 -0.245248 0.271373 0.284726 0.919395 0.393164 0.31622 -0.384863 0.867113 0.400795 -0.930002 -0.306262 0.203222 -0.504304 0.187351 -0.87068 -0.45477 0.485867 
1534965645419 0.253445 0.900441 -0.353514 -0.61377 -0.928559 0.328905 0.172047 -0.245133 0.271191 0.284654 0.919471 0.393216 0.31622 -0.384863 0.867113 0.400795 -0.930002 -0.306262 0.203222 -0.504304 0.187351 -0.87068 -0.45477 0.485867 
1534965645577 0.253673 0.900413 -0.353422 -0.613561 -0.92855 0.329045 0.171829 -0.245018 0.271009 0.284581 0.919548 0.393269 0.31622 -0.384863 0.867113 0.400795 -0.930002 -0.306262 0.203222 -0.504304 0.187351 -0.87068 -0.45477 0.485867 
1534965645635 0.253901 0.900385 -0.35333 -0.61335 -0.928541 0.329184 0.171611 -0.244902 0.270826 0.284509 0.919624 0.393322 0.31622 -0.384863 0.867113 0.400795 -0.930002 -0.306262 0.203222 -0.504304 0.187351 -0.87068 -0.45477 0.485867 
1534965645751 0.254128 0.900357 -0.353237 -0.613141 -0.928531 0.329323 0.171393 -0.244787 0.270644 0.284436 0.9197 0.393375 0.31622 -0.384863 0.867113 0.400795 -0.930002 -0.306262 0.203222 -0.504304 0.187351 -0.87068 -0.45477 0.485867 
1534965645804 0.254356 0.900328 -0.353145 -0.612931 -0.928522 0.329463 0.171175 -0.244672 0.270462 0.284364 0.919776 0.393428 0.31622 -0.384863 0.867113 0.400795 -0.930002 -0.306262 0.203222 -0.504304 0.187351 -0.87068 -0.45477 0.485867 
1534965645925 0.254584 0.9003 -0.353053 -0.612721 -0.928513 0.329602 0.170957 -0.244557 0.270279 0.284292 0.919852 0.39348 0.31622 -0.384863 0.867113 0.400795 -0.930002 -0.306262 0.203222 -0.504304 0.187351 -0.87068 -0.45477 0.485867 
1534965645990 0.254172 0.90032 -0.353298 -0.612958 -0.928526 0.329369 0.171336 -0.244649 0.270623 0.284498 0.919687 0.393342 0.31622 -0.384863 0.867113 0.400795 -0.930002 -0.306262 0.203222 -0.504304 0.187351 -0.87068 -0.45477 0.485867 
1534965646000 0.254254 0.900339 -0.353191 -0.612788 -0.928484 0.329445 0.171414 -0.244581 0.270688 0.284349 0.919714 0.393405 0.31622 -0.384863 0.867113 0.400795 -0.930002 -0.306262 0.203222 -0.504304 0.187351 -0.87068 -0.45477 0.485867 
1534965646017 0.254337 0.900358 -0.353084 -0.612614 -0.928443 0.329522 0.171492 -0.244511 0.270753 0.284201 0.91974 0.39347 0.31622 -0.384863 0.867113 0.400795 -0.930002 -0.306262 0.203222 -0.504304 0.187351 -0.87068 -0.45477 0.485867 
1534965646075 0.254419 0.900377 -0.352977 -0.612441 -0.928401 0.329599 0.17157 -0.244441 0.270818 0.284053 0.919767 0.393534 0.31622 -0.384863 0.867113 0.400795 -0.930002 -0.306262 0.203222 -0.504304 0.187351 -0.87068 -0.45477 0.485867 
1534965646132 0.254502 0.900395 -0.35287 -0.612266 -0.928359 0.329675 0.171647 -0.244371 0.270883 0.283905 0.919794 0.393598 0.31622 -0.384863 0.867113 0.400795 -0.930002 -0.306262 0.203222 -0.504304 0.187351 -0.87068 -0.45477 0.485867 
1534965646211 0.254584 0.900414 -0.352762 -0.612093 -0.928318 0.329752 0.171725 -0.244301 0.270948 0.283757 0.91982 0.393662 0.31622 -0.384863 0.867113 0.400795 -0.930002 -0.306262 0.203222 -0.504304 0.187351 -0.87068 -0.45477 0.485867 
1534965646217 0.254667 0.900433 -0.352655 -0.611919 -0.928276 0.329829 0.171803 -0.244231 0.271013 0.283609 0.919847 0.393726 0.31622 -0.384863 0.867113 0.400795 -0.930002 -0.306262 0.203222 -0.504304 0.187351 -0.87068 -0.45477 0.485867 
1534965646354 0.254749 0.900451 -0.352548 -0.611745 -0.928235 0.329905 0.171881 -0.244161 0.271078 0.283461 0.919873 0.393791 0.31622 -0.384863 0.867113 0.400795 -0.930002 -0.306262 0.203222 -0.504304 0.187351 -0.87068 -0.45477 0.485867 
1534965646415 0.254832 0.90047 -0.352441 -0.611571 -0.928193 0.329982 0.171959 -0.24409 0.271143 0.283313 0.9199 0.393855 0.31622 -0.384863 0.867113 0.400795 -0.930002 -0.306262 0.203222 -0.504304 0.187351 -0.87068 -0.45477 0.485867 
1534965646496 0.254914 0.900488 -0.352334 -0.611397 -0.928151 0.330058 0.172037 -0.24402 0.271208 0.283165 0.919926 0.393919 0.31622 -0.384863 0.867113 0.400795 -0.930002 -0.306262 0.203222 -0.504304 0.187351 -0.87068 -0.45477 0.485867 
1534965646575 0.254583 0.90051 -0.352518 -0.611671 -0.92825 0.329776 0.172047 -0.244055 0.271182 0.283425 0.919854 0.393792 0.31622 -0.384863 0.867113 0.400795 -0.930002 -0.306262 0.203222 -0.504304 0.187351 -0.87068 -0.45477 0.485867 
1534965646589 0.254691 0.900564 -0.352301 -0.611454 -0.928244 0.32981 0.172011 -0.243968 0.2711 0.283212 0.919944 0.39386 0.31622 -0.384863 0.867113 0.400795 -0.930002 -0.306262 0.203222 -0.504304 0.187351 -0.87068 -0.45477 0.485867 
1534965646596 0.254801 0.900619 -0.352084 -0.611232 -0.928238 0.329846 0.171974 -0.243879 0.271017 0.282998 0.920034 0.393928 0.31622 -0.384863 0.867113 0.400795 -0.930002 -0.306262 0.203222 -0.504304 0.187351 -0.87068 -0.45477 0.485867 
1534965646639 0.25491 0.900673 -0.351866 -0.61101 -0.928233 0.329881 0.171938 -0.24379 0.270933 0.282785 0.920124 0.393997 0.31622 -0.384863 0.867113 0.400795 -0.930002 -0.306262 0.203222 -0.504304 0.187351 -0.87068 -0.45477 0.485867 
1534965646645 0.255019 0.900727 -0.351649 -0.610788 -0.928227 0.329916 0.171901 -0.2437 0.27085 0.282572 0.920214 0.394066 0.31622 -0.384863 0.867113 0.400795 -0.930002 -0.306262 0.203222 -0.504304 0.187351 -0.87068 -0.45477 0.485867 
1534965646796 0.255128 0.90078 -0.351432 -0.610566 -0.928221 0.329951 0.171864 -0.243611 0.270767 0.282359 0.920304 0.394134 0.31622 -0.384863 0.867113 0.400795 -0.930002 -0.306262 0.203222 -0.504304 0.187351 -0.87068 -0.45477 0.485867 
1534965646846 0.255237 0.900834 -0.351214 -0.610345 -0.928216 0.329987 0.171827 -0.243522 0.270683 0.282146 0.920393 0.394203 0.31622 -0.384863 0.867113 0.400795 -0.930002 -0.306262 0.203222 -0.504304 0.187351 -0.87068 -0.45477 0.485867 
1534965646962 0.255347 0.900888 -0.350997 -0.610122 -0.92821 0.330022 0.17179 -0.243432 0.2706 0.281933 0.920483 0.394271 0.31622 -0.384863 0.867113 0.400795 -0.930002 -0.306262 0.203222 -0.504304 0.187351 -0.87068 -0.45477 0.485867 
1534965646969 0.255456 0.900942 -0.350779 -0.6099 -0.928204 0.330057 0.171753 -0.243343 0.270517 0.28172 0.920573 0.39434 0.31622 -0.384863 0.867113 0.400795 -0.930002 -0.306262 0.203222 -0.504304 0.187351 -0.87068 -0.45477 0.485867 
1534965647134 0.255565 0.900996 -0.350562 -0.609679 -0.928199 0.330092 0.171716 -0.243254 0.270433 0.281506 0.920663 0.394408 0.31622 -0.384863 0.867113 0.400795 -0.930002 -0.306262 0.203222 -0.504304 0.187351 -0.87068 -0.45477 0.485867 
1534965647197 0.255288 0.900949 -0.350883 -0.609934 -0.928239 0.329932 0.171805 -0.243361 0.270555 0.281844 0.920524 0.394298 0.31622 -0.384863 0.867113 0.400795 -0.930002 -0.306262 0.203222 -0.504304 0.187351 -0.87068 -0.45477 0.485867 
1534965647210 0.25557 0.901033 -0.350463 -0.609648 -0.928253 0.33002 0.171559 -0.243223 0.27024 0.281473 0.92073 0.394375 0.31622 -0.384863 0.867113 0.400795 -0.930002 -0.306262 0.203222 -0.504304 0.187351 -0.87068 -0.45477 0.485867 
1534965647227 0.255853 0.901116 -0.350043 -0.609358 -0.928267 0.330109 0.171312 -0.243082 0.269924 0.281103 0.920936 0.394453 0.31622 -0.384863 0.867113 0.400795 -0.930002 -0.306262 0.203222 -0.504304 0.187351 -0.87068 -0.45477 0.485867 
1534965647346 0.256136 0.901198 -0.349622 -0.609067 -0.928281 0.330198 0.171064 -0.242942 0.269608 0.280732 0.921141 0.394531 0.31622 -0.384863 0.867113 0.400795 -0.930002 -0.306262 0.203222 -0.504304 0.187351 -0.87068 -0.45477 0.485867 
1534965647475 0.256418 0.901281 -0.349202 -0.608776 -0.928295 0.330287 0.170817 -0.242801 0.269291 0.280362 0.921346 0.394608 0.31622 -0.384863 0.867113 0.400795 -0.930002 -0.306262 0.203222 -0.504304 0.187351 -0.87068 -0.45477 0.485867 
1534965647573 0.256701 0.901363 -0.348782 -0.608485 -0.928309 0.330376 0.17057 -0.24266 0.268975 0.279992 0.921551 0.394686 0.31622 -0.384863 0.867113 0.400795 -0.930002 -0.306262 0.203222 -0.504304 0.187351 -0.87068 -0.45477 0.485867 
1534965647581 0.256983 0.901446 -0.348361 -0.608195 -0.928322 0.330466 0.170323 -0.24252 0.268658 0.279622 0.921756 0.394764 0.31622 -0.384863 0.867113 0.400795 -0.930002 -0.306262 0.203222 -0.504304 0.187351 -0.87068 -0.45477 0.485867 
1534965647748 0.257265 0.901528 -0.347941 -0.607904 -0.928336 0.330555 0.170075 -0.242379 0.268341 0.279251 0.921961 0.394842 0.31622 -0.384863 0.867113 0.400795 -0.930002 -0.306262 0.203222 -0.504304 0.187351 -0.87068 -0.45477 0.485867 
1534965647879 0.257547 0.901609 -0.34752 -0.607614 -0.928349 0.330645 0.169828 -0.242238 0.268024 0.278881 0.922165 0.39492 0.31622 -0.384863 0.867113 0.400795 -0.930002 -0.306262 0.203222 -0.504304 0.187351 -0.87068 -0.45477 0.485867 
1534965647974 0.257829 0.901691 -0.347099 -0.607324 -0.928363 0.330734 0.169581 -0.242098 0.267707 0.278511 0.922369 0.394997 0.31622 -0.384863 0.867113 0.400795 -0.930002 -0.306262 0.203222 -0.504304 0.187351 -0.87068 -0.45477 0.485867 
1534965648103 0.257808 0.901586 -0.347388 -0.607537 -0.928256 0.330886 0.169868 -0.242292 0.268096 0.278672 0.922207 0.394978 0.31622 -0.384863 0.867113 0.400795 -0.930002 -0.306262 0.203222 -0.504304 0.187351 -0.87068 -0.45477 0.485867 
1534965648117 0.258034 0.901641 -0.347076 -0.607237 -0.928243 0.330987 0.169742 -0.242114 0.267924 0.278371 0.922348 0.395056 0.31622 -0.384863 0.867113 0.400795 -0.930002 -0.306262 0.203222 -0.504304 0.187351 -0.87068 -0.45477 0.485867 
1534965648124 0.25826 0.901696 -0.346764 -0.606932 -0.92823 0.331089 0.169615 -0.241933 0.267751 0.278072 0.922489 0.395136 0.31622 -0.384863 0.867113 0.400795 -0.930002 -0.306262 0.203222 -0.504304 0.187351 -0.87068 -0.45477 0.485867 
1534965648309 0.258486 0.901751 -0.346452 -0.606628 -0.928217 0.33119 0.169489 -0.241752 0.267579 0.277772 0.922629 0.395215 0.31622 -0.384863 0.867113 0.400795 -0.930002 -0.306262 0.203222 -0.504304 0.187351 -0.87068 -0.45477 0.485867 
1534965648454 0.258712 0.901806 -0.346141 -0.606323 -0.928204 0.331292 0.169363 -0.241571 0.267406 0.277473 0.922769 0.395294 0.31622 -0.384863 0.867113 0.400795 -0.930002 -0.306262 0.203222 -0.504304 0.187351 -0.87068 -0.45477 0.485867 
1534965648460 0.258938 0.901861 -0.345829 -0.606017 -0.92819 0.331394 0.169236 -0.24139 0.267233 0.277174 0.922909 0.395373 0.31622 -0.384863 0.867113 0.400795 -0.930002 -0.306262 0.203222 -0.504304 0.187351 -0.87068 -0.45477 0.485867 
1534965648652 0.259164 0.901916 -0.345517 -0.605713 -0.928177 0.331495 0.16911 -0.241209 0.26706 0.276874 0.923049 0.395452 0.31622 -0.384863 0.867113 0.400795 -0.930002 -0.306262 0.203222 -0.504304 0.187351 -0.87068 -0.45477 0.485867 
1534965648789 0.25939 0.90197 -0.345206 -0.605408 -0.928164 0.331597 0.168984 -0.241028 0.266887 0.276575 0.923189 0.395532 0.31622 -0.384863 0.867113 0.400795 -0.930002 -0.306262 0.203222 -0.504304 0.187351 -0.87068 -0.45477 0.485867 
