1535113844206 0.249387 0.926471 -0.281882 -0.64083 -0.937694 0.303745 0.168729 -0.251899 0.241943 0.22224 0.944496 0.373732 0.150425 -0.11694 0.981681 0.378114 -0.977983 0.127681 0.165067 -0.492771 -0.144645 -0.984897 -0.0951592 0.438466 
1535113844221 0.249385 0.926471 -0.281885 -0.64083 -0.937604 0.303826 0.169081 -0.251903 0.242292 0.222131 0.944432 0.373758 0.150417 -0.116933 0.981683 0.378122 -0.978029 0.127374 0.16503 -0.492764 -0.144338 -0.984938 -0.0952048 0.438481 
1535113844227 0.249381 0.926471 -0.281887 -0.640836 -0.937514 0.303906 0.169434 -0.251912 0.242643 0.22202 0.944368 0.373783 0.150412 -0.116926 0.981685 0.378132 -0.978075 0.127066 0.164993 -0.492765 -0.14403 -0.984979 -0.0952501 0.438494 
1535113844234 0.249378 0.926471 -0.28189 -0.640841 -0.937424 0.303986 0.169787 -0.251919 0.242994 0.221909 0.944304 0.373808 0.150405 -0.116919 0.981687 0.378141 -0.978122 0.126758 0.164956 -0.492763 -0.143723 -0.985019 -0.0952956 0.438508 
1535113844240 0.249374 0.926471 -0.281892 -0.640847 -0.937334 0.304066 0.170141 -0.251926 0.243345 0.221799 0.94424 0.373833 0.150399 -0.116911 0.981688 0.37815 -0.978168 0.12645 0.164918 -0.492762 -0.143416 -0.985059 -0.0953411 0.438522 
1535113844247 0.249371 0.926472 -0.281895 -0.640852 -0.937244 0.304146 0.170494 -0.251934 0.243695 0.221688 0.944175 0.373858 0.150392 -0.116904 0.98169 0.378159 -0.978214 0.126143 0.164881 -0.492761 -0.143108 -0.9851 -0.0953865 0.438536 
1535113844254 0.249367 0.926472 -0.281897 -0.640859 -0.937154 0.304226 0.170847 -0.251942 0.244046 0.221577 0.944111 0.373883 0.150386 -0.116897 0.981692 0.378169 -0.97826 0.125835 0.164844 -0.492761 -0.142801 -0.98514 -0.095432 0.43855 
1535113844261 0.249364 0.926472 -0.2819 -0.640863 -0.937064 0.304306 0.171201 -0.251949 0.244396 0.221467 0.944046 0.373908 0.150379 -0.11689 0.981694 0.378178 -0.978306 0.125527 0.164807 -0.492759 -0.142494 -0.98518 -0.0954775 0.438564 
1535113844267 0.24936 0.926472 -0.281902 -0.64087 -0.936973 0.304386 0.171554 -0.251957 0.244747 0.221356 0.943981 0.373933 0.150373 -0.116883 0.981696 0.378187 -0.978351 0.12522 0.16477 -0.492758 -0.142186 -0.98522 -0.0955229 0.438578 
1535113844341 0.249357 0.926472 -0.281905 -0.640874 -0.936882 0.304466 0.171907 -0.251964 0.245097 0.221245 0.943916 0.373958 0.150366 -0.116876 0.981698 0.378196 -0.978397 0.124912 0.164732 -0.492757 -0.141879 -0.98526 -0.0955684 0.438592 
