1534195594503 -0.365712 0.861347 -0.352614 -0.349379 -0.929563 -0.319076 0.18467 -0.275085 0.0465547 0.395313 0.917366 0.377424 0.16008 -0.304787 0.938871 0.370831 -0.775623 0.549475 0.310623 -0.528794 -0.61056 -0.777934 -0.14844 0.432481 
1534195594518 -0.317243 0.872364 -0.371939 -0.377536 -0.946171 -0.264621 0.186375 -0.27207 0.0641638 0.411044 0.909355 0.380937 0.316225 -0.384867 0.86711 0.400813 -0.930002 -0.30626 0.203228 -0.504337 0.187345 -0.870679 -0.454774 0.485882 
1534195595972 -0.268064 0.880297 -0.391433 -0.403958 -0.959871 -0.209294 0.186663 -0.267449 0.0823946 0.425763 0.901075 0.384876 0.316225 -0.384867 0.86711 0.400813 -0.930002 -0.30626 0.203228 -0.504337 0.187345 -0.870679 -0.454774 0.485882 
1534195596985 -0.21849 0.885198 -0.410714 -0.431258 -0.970542 -0.153327 0.185845 -0.263599 0.101537 0.439221 0.892623 0.38857 0.316225 -0.384867 0.86711 0.400813 -0.930002 -0.30626 0.203228 -0.504337 0.187345 -0.870679 -0.454774 0.485882 
1534195596992 -0.168648 0.887021 -0.429827 -0.45857 -0.97817 -0.0968962 0.183834 -0.259756 0.121416 0.451447 0.883999 0.392269 0.316225 -0.384867 0.86711 0.400813 -0.930002 -0.30626 0.203228 -0.504337 0.187345 -0.870679 -0.454774 0.485882 
1534195598348 -0.118702 0.885761 -0.448707 -0.485895 -0.982729 -0.0401912 0.180635 -0.255918 0.141965 0.462399 0.875233 0.395971 0.316225 -0.384867 0.86711 0.400813 -0.930002 -0.30626 0.203228 -0.504337 0.187345 -0.870679 -0.454774 0.485882 
1534195599297 -0.0688185 0.881421 -0.467292 -0.513228 -0.984205 0.0165989 0.176254 -0.252075 0.163111 0.47204 0.866356 0.399671 0.316225 -0.384867 0.86711 0.400813 -0.930002 -0.30626 0.203228 -0.504337 0.187345 -0.870679 -0.454774 0.485882 
1534195600228 -0.019158 0.874016 -0.48552 -0.540557 -0.982594 0.0732855 0.170698 -0.248213 0.184774 0.480339 0.857399 0.40336 0.316225 -0.384867 0.86711 0.400813 -0.930002 -0.30626 0.203228 -0.504337 0.187345 -0.870679 -0.454774 0.485882 
1534195601177 0.0301226 0.863567 -0.503333 -0.567855 -0.977904 0.129682 0.163971 -0.244308 0.206873 0.487272 0.848392 0.407021 0.316225 -0.384867 0.86711 0.400813 -0.930002 -0.30626 0.203228 -0.504337 0.187345 -0.870679 -0.454774 0.485882 
1534195602105 0.0786336 0.850151 -0.520635 -0.595464 -0.970114 0.185514 0.156408 -0.240912 0.229555 0.492776 0.839331 0.41098 0.316379 -0.384993 0.866998 0.401317 -0.929989 -0.306181 0.203405 -0.505249 0.187149 -0.870651 -0.454908 0.48631 
1534195603105 0.0773665 0.850483 -0.520282 -0.595083 -0.970446 0.183881 0.156276 -0.240944 0.22858 0.492815 0.839574 0.410887 0.316379 -0.384993 0.866998 0.401317 -0.929989 -0.306181 0.203405 -0.505249 0.187149 -0.870651 -0.454908 0.48631 
1534195603120 0.0823644 0.848941 -0.52203 -0.597784 -0.969483 0.189617 0.155399 -0.240468 0.23091 0.4933 0.838651 0.411208 0.31622 -0.384863 0.867113 0.400795 -0.930002 -0.306262 0.203222 -0.504304 0.187351 -0.87068 -0.454769 0.485867 
1534195603468 0.0873551 0.847367 -0.523773 -0.600479 -0.968487 0.195345 0.154507 -0.239986 0.233241 0.493771 0.837728 0.411525 0.31622 -0.384863 0.867113 0.400795 -0.930002 -0.306262 0.203222 -0.504304 0.187351 -0.87068 -0.454769 0.485867 
1534195603475 0.0923399 0.84576 -0.525512 -0.603169 -0.96746 0.201067 0.153601 -0.239499 0.235573 0.494228 0.836806 0.411838 0.316221 -0.384863 0.867113 0.400797 -0.930002 -0.306262 0.203223 -0.504308 0.187351 -0.87068 -0.45477 0.485869 
1534195603909 0.0973152 0.844123 -0.527244 -0.605862 -0.9664 0.206781 0.152686 -0.239016 0.23791 0.49467 0.835883 0.412156 0.316221 -0.384863 0.867113 0.400797 -0.930002 -0.306262 0.203223 -0.504308 0.187351 -0.87068 -0.45477 0.485869 
1534195604209 0.102282 0.842454 -0.52897 -0.608555 -0.965308 0.212486 0.15176 -0.238533 0.240249 0.495097 0.834961 0.412474 0.316221 -0.384863 0.867113 0.400797 -0.930002 -0.306262 0.203223 -0.504308 0.187351 -0.87068 -0.45477 0.485869 
1534195604523 0.10724 0.840754 -0.53069 -0.611251 -0.964183 0.218183 0.150822 -0.238051 0.242592 0.495508 0.834039 0.412791 0.31622 -0.384863 0.867113 0.400797 -0.930002 -0.306262 0.203222 -0.504307 0.187351 -0.87068 -0.45477 0.485868 
1534195604837 0.112189 0.839023 -0.532404 -0.613947 -0.963026 0.223872 0.149873 -0.237569 0.244937 0.495904 0.833117 0.413108 0.316221 -0.384863 0.867113 0.400796 -0.930002 -0.306262 0.203223 -0.504306 0.187351 -0.87068 -0.45477 0.485868 
1534195605143 0.117129 0.837261 -0.534111 -0.616643 -0.961837 0.229552 0.148913 -0.237088 0.247285 0.496286 0.832196 0.413425 0.31622 -0.384863 0.867113 0.400796 -0.930002 -0.306262 0.203222 -0.504306 0.187351 -0.87068 -0.454769 0.485868 
1534195605461 0.12206 0.835468 -0.535812 -0.619337 -0.960616 0.235224 0.147941 -0.236606 0.249636 0.496652 0.831275 0.413743 0.31622 -0.384863 0.867113 0.400796 -0.930002 -0.306262 0.203222 -0.504306 0.187351 -0.87068 -0.454769 0.485868 
1534195605785 0.121259 0.835664 -0.535688 -0.619027 -0.96081 0.234343 0.148082 -0.236654 0.249281 0.496738 0.83133 0.413596 0.31622 -0.384863 0.867113 0.400796 -0.930002 -0.306262 0.203222 -0.504306 0.187351 -0.87068 -0.454769 0.485868 
1534195605798 0.122346 0.836316 -0.534422 -0.619279 -0.960579 0.235219 0.148187 -0.236636 0.249637 0.495224 0.832126 0.413372 0.31622 -0.384863 0.867113 0.400795 -0.930002 -0.306262 0.203222 -0.504304 0.187351 -0.87068 -0.454769 0.485867 
1534195605976 0.123433 0.836966 -0.533153 -0.619535 -0.960348 0.236094 0.148295 -0.236622 0.249992 0.493707 0.832921 0.413146 0.31622 -0.384863 0.867113 0.400795 -0.930002 -0.306262 0.203222 -0.504304 0.187351 -0.87068 -0.454769 0.485867 
1534195606161 0.124521 0.837613 -0.531882 -0.619791 -0.960116 0.236969 0.148404 -0.236608 0.250345 0.492189 0.833713 0.412921 0.31622 -0.384863 0.867113 0.400795 -0.930002 -0.306262 0.203222 -0.504304 0.187351 -0.87068 -0.454769 0.485867 
1534195606344 0.125609 0.838257 -0.53061 -0.620048 -0.959882 0.237843 0.148515 -0.236594 0.250696 0.490669 0.834504 0.412695 0.31622 -0.384863 0.867113 0.400795 -0.930002 -0.306262 0.203222 -0.504304 0.187351 -0.87068 -0.454769 0.485867 
1534195606520 0.126698 0.838898 -0.529337 -0.620304 -0.959648 0.238717 0.148627 -0.23658 0.251045 0.489147 0.835292 0.412469 0.31622 -0.384863 0.867113 0.400795 -0.930002 -0.306262 0.203222 -0.504304 0.187351 -0.87068 -0.454769 0.485867 
1534195606702 0.127787 0.839536 -0.528063 -0.62056 -0.959413 0.23959 0.14874 -0.236565 0.251392 0.487623 0.836078 0.412244 0.31622 -0.384863 0.867113 0.400795 -0.930002 -0.306262 0.203222 -0.504304 0.187351 -0.87068 -0.454769 0.485867 
1534195606876 0.128876 0.84017 -0.526787 -0.620817 -0.959177 0.240463 0.148856 -0.236552 0.251737 0.486098 0.836862 0.412018 0.31622 -0.384863 0.867113 0.400795 -0.930002 -0.306262 0.203222 -0.504304 0.187351 -0.87068 -0.454769 0.485867 
1534195607065 0.129965 0.840802 -0.525511 -0.621073 -0.958939 0.241335 0.148971 -0.236537 0.25208 0.484572 0.837643 0.411793 0.31622 -0.384863 0.867113 0.400795 -0.930002 -0.306262 0.203222 -0.504304 0.187351 -0.87068 -0.454769 0.485867 
1534195607252 0.131055 0.84143 -0.524233 -0.62133 -0.958701 0.242207 0.149089 -0.236524 0.252421 0.483044 0.838423 0.411567 0.31622 -0.384863 0.867113 0.400795 -0.930002 -0.306262 0.203222 -0.504304 0.187351 -0.87068 -0.454769 0.485867 
1534195607452 0.13055 0.841228 -0.524682 -0.621151 -0.958821 0.24176 0.149045 -0.236553 0.252228 0.483618 0.838149 0.41174 0.31622 -0.384863 0.867113 0.400795 -0.930002 -0.306262 0.203222 -0.504304 0.187351 -0.87068 -0.454769 0.485867 
1534195607462 0.130331 0.841306 -0.524612 -0.621118 -0.958735 0.241783 0.149559 -0.23671 0.252667 0.483471 0.838102 0.411773 0.31622 -0.384863 0.867113 0.400795 -0.930002 -0.306262 0.203222 -0.504304 0.187351 -0.87068 -0.45477 0.485867 
1534195607479 0.13011 0.841385 -0.524541 -0.621089 -0.958649 0.241804 0.150074 -0.23687 0.253106 0.483324 0.838054 0.411805 0.31622 -0.384863 0.867113 0.400795 -0.930002 -0.306262 0.203222 -0.504304 0.187351 -0.87068 -0.45477 0.485867 
1534195607636 0.129889 0.841463 -0.524469 -0.62106 -0.958563 0.241825 0.15059 -0.23703 0.253545 0.483177 0.838006 0.411836 0.31622 -0.384863 0.867113 0.400795 -0.930002 -0.306262 0.203222 -0.504304 0.187351 -0.87068 -0.45477 0.485867 
1534195607722 0.129669 0.841542 -0.524398 -0.621032 -0.958477 0.241846 0.151105 -0.237191 0.253984 0.48303 0.837958 0.411868 0.31622 -0.384863 0.867113 0.400795 -0.930002 -0.306262 0.203222 -0.504304 0.187351 -0.87068 -0.45477 0.485867 
1534195607827 0.129448 0.841621 -0.524326 -0.621004 -0.95839 0.241866 0.15162 -0.237352 0.254424 0.482882 0.83791 0.411899 0.31622 -0.384863 0.867113 0.400795 -0.930002 -0.306262 0.203222 -0.504304 0.187351 -0.87068 -0.45477 0.485867 
1534195607909 0.129227 0.841699 -0.524254 -0.620976 -0.958303 0.241887 0.152135 -0.237513 0.254863 0.482735 0.837862 0.41193 0.31622 -0.384863 0.867113 0.400795 -0.930002 -0.306262 0.203222 -0.504304 0.187351 -0.87068 -0.45477 0.485867 
1534195608010 0.129006 0.841778 -0.524183 -0.620947 -0.958216 0.241908 0.15265 -0.237674 0.255301 0.482587 0.837813 0.411962 0.31622 -0.384863 0.867113 0.400795 -0.930002 -0.306262 0.203222 -0.504304 0.187351 -0.87068 -0.45477 0.485867 
1534195608091 0.128785 0.841857 -0.52411 -0.620919 -0.958129 0.241928 0.153166 -0.237835 0.255741 0.48244 0.837764 0.411993 0.31622 -0.384863 0.867113 0.400795 -0.930002 -0.306262 0.203222 -0.504304 0.187351 -0.87068 -0.45477 0.485867 
1534195608190 0.128565 0.841935 -0.524038 -0.62089 -0.958041 0.241949 0.15368 -0.237995 0.256179 0.482293 0.837715 0.412025 0.31622 -0.384863 0.867113 0.400795 -0.930002 -0.306262 0.203222 -0.504304 0.187351 -0.87068 -0.45477 0.485867 
1534195608278 0.128679 0.841826 -0.524185 -0.620939 -0.958191 0.241762 0.153043 -0.237779 0.255563 0.482576 0.83774 0.411954 0.31622 -0.384863 0.867113 0.400795 -0.930002 -0.306262 0.203222 -0.504304 0.187351 -0.87068 -0.45477 0.485867 
1534195608290 0.128293 0.841752 -0.5244 -0.620812 -0.95823 0.241497 0.153216 -0.238002 0.25561 0.482839 0.837574 0.41198 0.31622 -0.384863 0.867113 0.400795 -0.930002 -0.306262 0.203222 -0.504304 0.187351 -0.87068 -0.45477 0.485867 
1534195608306 0.127907 0.841678 -0.524613 -0.620687 -0.958269 0.241232 0.15339 -0.238228 0.255658 0.483101 0.837408 0.412004 0.31622 -0.384863 0.867113 0.400795 -0.930002 -0.306262 0.203222 -0.504304 0.187351 -0.87068 -0.45477 0.485867 
1534195608368 0.12752 0.841603 -0.524826 -0.620562 -0.958307 0.240967 0.153565 -0.238454 0.255706 0.483362 0.837243 0.412028 0.31622 -0.384863 0.867113 0.400795 -0.930002 -0.306262 0.203222 -0.504304 0.187351 -0.87068 -0.45477 0.485867 
1534195608466 0.127134 0.841529 -0.525039 -0.620438 -0.958346 0.240702 0.15374 -0.238682 0.255754 0.483623 0.837077 0.412052 0.31622 -0.384863 0.867113 0.400795 -0.930002 -0.306262 0.203222 -0.504304 0.187351 -0.87068 -0.45477 0.485867 
1534195608472 0.126747 0.841455 -0.525251 -0.620314 -0.958384 0.240437 0.153915 -0.238909 0.255802 0.483884 0.836912 0.412075 0.31622 -0.384863 0.867113 0.400795 -0.930002 -0.306262 0.203222 -0.504304 0.187351 -0.87068 -0.45477 0.485867 
1534195608628 0.12636 0.841381 -0.525463 -0.620191 -0.958423 0.240171 0.15409 -0.239137 0.25585 0.484145 0.836746 0.412099 0.31622 -0.384863 0.867113 0.400795 -0.930002 -0.306262 0.203222 -0.504304 0.187351 -0.87068 -0.45477 0.485867 
1534195608634 0.125974 0.841306 -0.525676 -0.620066 -0.958461 0.239907 0.154265 -0.239363 0.255897 0.484406 0.836581 0.412123 0.31622 -0.384863 0.867113 0.400795 -0.930002 -0.306262 0.203222 -0.504304 0.187351 -0.87068 -0.45477 0.485867 
1534195608805 0.125587 0.841231 -0.525888 -0.619943 -0.958499 0.239641 0.154441 -0.239591 0.255945 0.484667 0.836415 0.412147 0.31622 -0.384863 0.867113 0.400795 -0.930002 -0.306262 0.203222 -0.504304 0.187351 -0.87068 -0.45477 0.485867 
1534195608864 0.125201 0.841156 -0.5261 -0.619818 -0.958537 0.239377 0.154616 -0.239817 0.255992 0.484928 0.836249 0.412171 0.31622 -0.384863 0.867113 0.400795 -0.930002 -0.306262 0.203222 -0.504304 0.187351 -0.87068 -0.45477 0.485867 
1534195608980 0.125731 0.841187 -0.525925 -0.619958 -0.958477 0.239775 0.154368 -0.239625 0.255956 0.484678 0.836405 0.412117 0.31622 -0.384863 0.867113 0.400795 -0.930002 -0.306262 0.203222 -0.504304 0.187351 -0.87068 -0.45477 0.485867 
1534195608992 0.125446 0.841167 -0.526024 -0.619676 -0.958531 0.239521 0.154428 -0.239732 0.255894 0.484838 0.836331 0.412136 0.31622 -0.384863 0.867113 0.400795 -0.930002 -0.306262 0.203222 -0.504304 0.187351 -0.87068 -0.45477 0.485867 
1534195609008 0.125161 0.841146 -0.526126 -0.619389 -0.958585 0.239267 0.154488 -0.239835 0.255832 0.485 0.836257 0.412156 0.31622 -0.384863 0.867113 0.400795 -0.930002 -0.306262 0.203222 -0.504304 0.187351 -0.87068 -0.45477 0.485867 
1534195609138 0.124877 0.841125 -0.526227 -0.619103 -0.958639 0.239012 0.154548 -0.239939 0.255769 0.485162 0.836182 0.412175 0.31622 -0.384863 0.867113 0.400795 -0.930002 -0.306262 0.203222 -0.504304 0.187351 -0.87068 -0.45477 0.485867 
1534195609205 0.124592 0.841103 -0.526329 -0.618816 -0.958692 0.238758 0.154608 -0.240042 0.255707 0.485324 0.836107 0.412195 0.31622 -0.384863 0.867113 0.400795 -0.930002 -0.306262 0.203222 -0.504304 0.187351 -0.87068 -0.45477 0.485867 
1534195609306 0.124308 0.841082 -0.52643 -0.618529 -0.958746 0.238504 0.154668 -0.240145 0.255644 0.485486 0.836032 0.412215 0.31622 -0.384863 0.867113 0.400795 -0.930002 -0.306262 0.203222 -0.504304 0.187351 -0.87068 -0.45477 0.485867 
1534195609352 0.124023 0.841061 -0.526531 -0.618243 -0.958799 0.23825 0.154728 -0.240249 0.255582 0.485648 0.835957 0.412235 0.31622 -0.384863 0.867113 0.400795 -0.930002 -0.306262 0.203222 -0.504304 0.187351 -0.87068 -0.45477 0.485867 
1534195609465 0.123739 0.841039 -0.526633 -0.617955 -0.958853 0.237996 0.154788 -0.240352 0.255519 0.48581 0.835882 0.412255 0.31622 -0.384863 0.867113 0.400795 -0.930002 -0.306262 0.203222 -0.504304 0.187351 -0.87068 -0.45477 0.485867 
1534195609513 0.123455 0.841017 -0.526734 -0.617669 -0.958906 0.237742 0.154848 -0.240456 0.255456 0.485972 0.835807 0.412275 0.31622 -0.384863 0.867113 0.400795 -0.930002 -0.306262 0.203222 -0.504304 0.187351 -0.87068 -0.45477 0.485867 
1534195609629 0.12317 0.840995 -0.526836 -0.617381 -0.958959 0.237488 0.154907 -0.240558 0.255394 0.486134 0.835732 0.412295 0.31622 -0.384863 0.867113 0.400795 -0.930002 -0.306262 0.203222 -0.504304 0.187351 -0.87068 -0.45477 0.485867 
1534195609692 0.123409 0.841089 -0.52663 -0.617712 -0.958865 0.237772 0.155052 -0.240337 0.255631 0.485832 0.835835 0.412318 0.31622 -0.384863 0.867113 0.400795 -0.930002 -0.306262 0.203222 -0.504304 0.187351 -0.87068 -0.45477 0.485867 
1534195609707 0.12286 0.841226 -0.52654 -0.617436 -0.958885 0.237387 0.15552 -0.240411 0.255821 0.485784 0.835805 0.412361 0.31622 -0.384863 0.867113 0.400795 -0.930002 -0.306262 0.203222 -0.504304 0.187351 -0.87068 -0.45477 0.485867 
1534195609723 0.12231 0.841363 -0.526449 -0.617158 -0.958904 0.237001 0.155989 -0.240486 0.256013 0.485735 0.835774 0.412403 0.31622 -0.384863 0.867113 0.400795 -0.930002 -0.306262 0.203222 -0.504304 0.187351 -0.87068 -0.45477 0.485867 
1534195609849 0.12176 0.8415 -0.526358 -0.616879 -0.958923 0.236616 0.156459 -0.240562 0.256205 0.485686 0.835744 0.412444 0.31622 -0.384863 0.867113 0.400795 -0.930002 -0.306262 0.203222 -0.504304 0.187351 -0.87068 -0.45477 0.485867 
1534195609920 0.121211 0.841636 -0.526266 -0.616601 -0.958942 0.23623 0.156928 -0.240637 0.256396 0.485637 0.835714 0.412485 0.31622 -0.384863 0.867113 0.400795 -0.930002 -0.306262 0.203222 -0.504304 0.187351 -0.87068 -0.45477 0.485867 
1534195610011 0.12066 0.841773 -0.526175 -0.616322 -0.95896 0.235844 0.157398 -0.240713 0.256588 0.485588 0.835683 0.412526 0.31622 -0.384863 0.867113 0.400795 -0.930002 -0.306262 0.203222 -0.504304 0.187351 -0.87068 -0.45477 0.485867 
1534195610018 0.120111 0.841909 -0.526083 -0.616044 -0.958977 0.235458 0.157867 -0.240788 0.25678 0.48554 0.835652 0.412568 0.31622 -0.384863 0.867113 0.400795 -0.930002 -0.306262 0.203222 -0.504304 0.187351 -0.87068 -0.45477 0.485867 
1534195610177 0.119561 0.842045 -0.525991 -0.615765 -0.958995 0.235073 0.158336 -0.240863 0.256972 0.485491 0.835622 0.41261 0.31622 -0.384863 0.867113 0.400795 -0.930002 -0.306262 0.203222 -0.504304 0.187351 -0.87068 -0.45477 0.485867 
1534195610228 0.119011 0.84218 -0.525898 -0.615487 -0.959012 0.234687 0.158805 -0.240938 0.257164 0.485443 0.835591 0.412651 0.31622 -0.384863 0.867113 0.400795 -0.930002 -0.306262 0.203222 -0.504304 0.187351 -0.87068 -0.45477 0.485867 
1534195610340 0.118462 0.842316 -0.525805 -0.615209 -0.959028 0.234301 0.159274 -0.241013 0.257355 0.485394 0.83556 0.412693 0.31622 -0.384863 0.867113 0.400795 -0.930002 -0.306262 0.203222 -0.504304 0.187351 -0.87068 -0.45477 0.485867 
1534195610413 0.119053 0.842206 -0.525847 -0.615524 -0.959045 0.234639 0.158671 -0.240903 0.257018 0.485421 0.835649 0.412673 0.31622 -0.384863 0.867113 0.400795 -0.930002 -0.306262 0.203222 -0.504304 0.187351 -0.87068 -0.45477 0.485867 
1534195610426 0.118614 0.842225 -0.525916 -0.615317 -0.959085 0.234309 0.158922 -0.240954 0.257075 0.485548 0.835557 0.412727 0.31622 -0.384863 0.867113 0.400795 -0.930002 -0.306262 0.203222 -0.504304 0.187351 -0.87068 -0.45477 0.485867 
1534195610443 0.118175 0.842243 -0.525986 -0.615106 -0.959123 0.233979 0.159173 -0.241004 0.257132 0.485676 0.835465 0.412782 0.31622 -0.384863 0.867113 0.400795 -0.930002 -0.306262 0.203222 -0.504304 0.187351 -0.87068 -0.45477 0.485867 
1534195610459 0.117736 0.842261 -0.526056 -0.614895 -0.959162 0.23365 0.159423 -0.241054 0.257189 0.485803 0.835373 0.412836 0.31622 -0.384863 0.867113 0.400795 -0.930002 -0.306262 0.203222 -0.504304 0.187351 -0.87068 -0.45477 0.485867 
1534195610466 0.117297 0.842278 -0.526126 -0.614684 -0.959201 0.23332 0.159674 -0.241103 0.257246 0.485932 0.835282 0.412891 0.31622 -0.384863 0.867113 0.400795 -0.930002 -0.306262 0.203222 -0.504304 0.187351 -0.87068 -0.45477 0.485867 
1534195610606 0.116858 0.842296 -0.526196 -0.614474 -0.959239 0.23299 0.159925 -0.241153 0.257303 0.486059 0.83519 0.412946 0.31622 -0.384863 0.867113 0.400795 -0.930002 -0.306262 0.203222 -0.504304 0.187351 -0.87068 -0.45477 0.485867 
1534195610654 0.116419 0.842313 -0.526266 -0.614262 -0.959277 0.232661 0.160175 -0.241202 0.257359 0.486188 0.835098 0.413001 0.31622 -0.384863 0.867113 0.400795 -0.930002 -0.306262 0.203222 -0.504304 0.187351 -0.87068 -0.45477 0.485867 
1534195610734 0.11598 0.84233 -0.526336 -0.614052 -0.959315 0.232331 0.160426 -0.241251 0.257416 0.486316 0.835006 0.413055 0.31622 -0.384863 0.867113 0.400795 -0.930002 -0.306262 0.203222 -0.504304 0.187351 -0.87068 -0.45477 0.485867 
1534195610788 0.115541 0.842346 -0.526405 -0.61384 -0.959353 0.232002 0.160676 -0.2413 0.257472 0.486444 0.834913 0.41311 0.31622 -0.384863 0.867113 0.400795 -0.930002 -0.306262 0.203222 -0.504304 0.187351 -0.87068 -0.45477 0.485867 
1534195610850 0.115102 0.842363 -0.526475 -0.61363 -0.959391 0.231672 0.160927 -0.24135 0.257529 0.486572 0.834821 0.413165 0.31622 -0.384863 0.867113 0.400795 -0.930002 -0.306262 0.203222 -0.504304 0.187351 -0.87068 -0.45477 0.485867 
1534195610927 0.115812 0.842429 -0.526214 -0.613949 -0.959367 0.232106 0.160441 -0.241279 0.257297 0.486252 0.835079 0.413135 0.31622 -0.384863 0.867113 0.400795 -0.930002 -0.306262 0.203222 -0.504304 0.187351 -0.87068 -0.45477 0.485867 
1534195610940 0.115599 0.842405 -0.526299 -0.613783 -0.959395 0.231937 0.160517 -0.241305 0.257288 0.486373 0.835011 0.413161 0.31622 -0.384863 0.867113 0.400795 -0.930002 -0.306262 0.203222 -0.504304 0.187351 -0.87068 -0.45477 0.485867 
1534195610957 0.115387 0.842381 -0.526385 -0.613612 -0.959423 0.23177 0.160592 -0.241329 0.25728 0.486495 0.834943 0.413187 0.31622 -0.384863 0.867113 0.400795 -0.930002 -0.306262 0.203222 -0.504304 0.187351 -0.87068 -0.45477 0.485867 
1534195610973 0.115175 0.842356 -0.52647 -0.613442 -0.959451 0.231602 0.160668 -0.241352 0.257271 0.486617 0.834874 0.413213 0.31622 -0.384863 0.867113 0.400795 -0.930002 -0.306262 0.203222 -0.504304 0.187351 -0.87068 -0.45477 0.485867 
1534195610990 0.114963 0.842332 -0.526556 -0.613271 -0.959479 0.231435 0.160743 -0.241375 0.257262 0.48674 0.834806 0.41324 0.31622 -0.384863 0.867113 0.400795 -0.930002 -0.306262 0.203222 -0.504304 0.187351 -0.87068 -0.45477 0.485867 
1534195611127 0.114751 0.842307 -0.526641 -0.613099 -0.959507 0.231267 0.160818 -0.241398 0.257253 0.486862 0.834737 0.413267 0.31622 -0.384863 0.867113 0.400795 -0.930002 -0.306262 0.203222 -0.504304 0.187351 -0.87068 -0.45477 0.485867 
1534195611162 0.114539 0.842283 -0.526727 -0.612929 -0.959534 0.2311 0.160894 -0.241422 0.257244 0.486984 0.834669 0.413293 0.31622 -0.384863 0.867113 0.400795 -0.930002 -0.306262 0.203222 -0.504304 0.187351 -0.87068 -0.45477 0.485867 
1534195611242 0.114327 0.842258 -0.526812 -0.612758 -0.959562 0.230932 0.160969 -0.241445 0.257235 0.487106 0.8346 0.41332 0.31622 -0.384863 0.867113 0.400795 -0.930002 -0.306262 0.203222 -0.504304 0.187351 -0.87068 -0.45477 0.485867 
1534195611304 0.114115 0.842233 -0.526898 -0.612588 -0.95959 0.230765 0.161044 -0.241468 0.257226 0.487228 0.834532 0.413346 0.31622 -0.384863 0.867113 0.400795 -0.930002 -0.306262 0.203222 -0.504304 0.187351 -0.87068 -0.45477 0.485867 
1534195611351 0.113904 0.842208 -0.526983 -0.612416 -0.959617 0.230598 0.161119 -0.241491 0.257217 0.48735 0.834463 0.413373 0.31622 -0.384863 0.867113 0.400795 -0.930002 -0.306262 0.203222 -0.504304 0.187351 -0.87068 -0.45477 0.485867 
1534195611416 0.114461 0.842292 -0.526729 -0.612697 -0.959518 0.231082 0.161015 -0.241484 0.257339 0.486977 0.834644 0.413393 0.31622 -0.384863 0.867113 0.400795 -0.930002 -0.306262 0.203222 -0.504304 0.187351 -0.87068 -0.45477 0.485867 
1534195611426 0.114368 0.842295 -0.526743 -0.612574 -0.95952 0.231024 0.161088 -0.241489 0.257373 0.486997 0.834621 0.413403 0.31622 -0.384863 0.867113 0.400795 -0.930002 -0.306262 0.203222 -0.504304 0.187351 -0.87068 -0.45477 0.485867 
1534195611443 0.114276 0.842299 -0.526757 -0.612447 -0.959522 0.230966 0.161159 -0.241491 0.257407 0.487019 0.834598 0.413413 0.31622 -0.384863 0.867113 0.400795 -0.930002 -0.306262 0.203222 -0.504304 0.187351 -0.87068 -0.45477 0.485867 
1534195611460 0.114185 0.842302 -0.526772 -0.612321 -0.959524 0.230909 0.161231 -0.241494 0.257441 0.48704 0.834575 0.413424 0.31622 -0.384863 0.867113 0.400795 -0.930002 -0.306262 0.203222 -0.504304 0.187351 -0.87068 -0.45477 0.485867 
1534195611476 0.114093 0.842306 -0.526786 -0.612194 -0.959526 0.230851 0.161302 -0.241495 0.257475 0.487061 0.834553 0.413434 0.31622 -0.384863 0.867113 0.400795 -0.930002 -0.306262 0.203222 -0.504304 0.187351 -0.87068 -0.45477 0.485867 
1534195611493 0.114002 0.842309 -0.526801 -0.612066 -0.959527 0.230794 0.161374 -0.241497 0.257509 0.487083 0.83453 0.413445 0.31622 -0.384863 0.867113 0.400795 -0.930002 -0.306262 0.203222 -0.504304 0.187351 -0.87068 -0.45477 0.485867 
1534195611599 0.11391 0.842313 -0.526815 -0.61194 -0.959529 0.230736 0.161445 -0.241499 0.257543 0.487104 0.834507 0.413456 0.31622 -0.384863 0.867113 0.400795 -0.930002 -0.306262 0.203222 -0.504304 0.187351 -0.87068 -0.45477 0.485867 
1534195611638 0.113819 0.842316 -0.52683 -0.611812 -0.959531 0.230679 0.161517 -0.241501 0.257576 0.487126 0.834484 0.413467 0.31622 -0.384863 0.867113 0.400795 -0.930002 -0.306262 0.203222 -0.504304 0.187351 -0.87068 -0.45477 0.485867 
1534195611672 0.113727 0.842319 -0.526844 -0.611685 -0.959533 0.230621 0.161588 -0.241503 0.25761 0.487147 0.834461 0.413477 0.31622 -0.384863 0.867113 0.400795 -0.930002 -0.306262 0.203222 -0.504304 0.187351 -0.87068 -0.45477 0.485867 
1534195611704 0.113636 0.842322 -0.526858 -0.611557 -0.959534 0.230564 0.161659 -0.241504 0.257644 0.487168 0.834438 0.413488 0.31622 -0.384863 0.867113 0.400795 -0.930002 -0.306262 0.203222 -0.504304 0.187351 -0.87068 -0.45477 0.485867 
1534195611773 0.114014 0.842295 -0.52682 -0.611829 -0.95949 0.230877 0.16148 -0.241596 0.257644 0.487067 0.834497 0.413535 0.31622 -0.384863 0.867113 0.400795 -0.930002 -0.306262 0.203222 -0.504304 0.187351 -0.87068 -0.45477 0.485867 
1534195611784 0.113904 0.842366 -0.52673 -0.611726 -0.95949 0.230791 0.161602 -0.241589 0.257692 0.486985 0.83453 0.413508 0.31622 -0.384863 0.867113 0.400795 -0.930002 -0.306262 0.203222 -0.504304 0.187351 -0.87068 -0.45477 0.485867 
1534195611800 0.113794 0.842437 -0.526641 -0.61162 -0.95949 0.230705 0.161724 -0.241582 0.257741 0.486904 0.834562 0.413481 0.31622 -0.384863 0.867113 0.400795 -0.930002 -0.306262 0.203222 -0.504304 0.187351 -0.87068 -0.45477 0.485867 
1534195611817 0.113684 0.842507 -0.526553 -0.611513 -0.95949 0.23062 0.161846 -0.241575 0.25779 0.486823 0.834594 0.413453 0.31622 -0.384863 0.867113 0.400795 -0.930002 -0.306262 0.203222 -0.504304 0.187351 -0.87068 -0.45477 0.485867 
1534195611834 0.113573 0.842577 -0.526465 -0.611406 -0.959489 0.230535 0.161968 -0.241568 0.257839 0.486742 0.834626 0.413425 0.31622 -0.384863 0.867113 0.400795 -0.930002 -0.306262 0.203222 -0.504304 0.187351 -0.87068 -0.45477 0.485867 
1534195611850 0.113463 0.842647 -0.526376 -0.6113 -0.959489 0.230449 0.16209 -0.241561 0.257888 0.486661 0.834659 0.413398 0.31622 -0.384863 0.867113 0.400795 -0.930002 -0.306262 0.203222 -0.504304 0.187351 -0.87068 -0.45477 0.485867 
1534195611867 0.113353 0.842717 -0.526288 -0.611192 -0.959489 0.230364 0.162212 -0.241553 0.257937 0.48658 0.834691 0.413371 0.31622 -0.384863 0.867113 0.400795 -0.930002 -0.306262 0.203222 -0.504304 0.187351 -0.87068 -0.45477 0.485867 
1534195611884 0.113243 0.842787 -0.526199 -0.611086 -0.959489 0.230278 0.162334 -0.241546 0.257986 0.486499 0.834723 0.413343 0.31622 -0.384863 0.867113 0.400795 -0.930002 -0.306262 0.203222 -0.504304 0.187351 -0.87068 -0.45477 0.485867 
1534195611982 0.113133 0.842857 -0.526111 -0.610979 -0.959489 0.230193 0.162456 -0.241538 0.258034 0.486418 0.834755 0.413316 0.31622 -0.384863 0.867113 0.400795 -0.930002 -0.306262 0.203222 -0.504304 0.187351 -0.87068 -0.45477 0.485867 
1534195611998 0.113023 0.842927 -0.526022 -0.610872 -0.959489 0.230108 0.162578 -0.241531 0.258083 0.486337 0.834787 0.413289 0.31622 -0.384863 0.867113 0.400795 -0.930002 -0.306262 0.203222 -0.504304 0.187351 -0.87068 -0.45477 0.485867 
1534195612026 0.113317 0.84278 -0.526195 -0.611235 -0.959484 0.230333 0.162286 -0.241507 0.257972 0.486486 0.834735 0.413423 0.31622 -0.384863 0.867113 0.400795 -0.930002 -0.306262 0.203222 -0.504304 0.187351 -0.87068 -0.45477 0.485867 
1534195612038 0.113253 0.84271 -0.526321 -0.611148 -0.959552 0.23019 0.16209 -0.241502 0.257749 0.486675 0.834693 0.413419 0.31622 -0.384863 0.867113 0.400795 -0.930002 -0.306262 0.203222 -0.504304 0.187351 -0.87068 -0.45477 0.485867 
1534195612054 0.11319 0.842639 -0.526448 -0.611055 -0.959619 0.230047 0.161892 -0.241491 0.257525 0.486865 0.834652 0.413418 0.31622 -0.384863 0.867113 0.400795 -0.930002 -0.306262 0.203222 -0.504304 0.187351 -0.87068 -0.45477 0.485867 
1534195612071 0.113127 0.842568 -0.526575 -0.610964 -0.959687 0.229905 0.161695 -0.241481 0.257301 0.487055 0.83461 0.413415 0.31622 -0.384863 0.867113 0.400795 -0.930002 -0.306262 0.203222 -0.504304 0.187351 -0.87068 -0.45477 0.485867 
1534195612167 0.113064 0.842498 -0.526701 -0.610871 -0.959754 0.229762 0.161498 -0.241471 0.257077 0.487244 0.834568 0.413413 0.31622 -0.384863 0.867113 0.400795 -0.930002 -0.306262 0.203222 -0.504304 0.187351 -0.87068 -0.45477 0.485867 
1534195612190 0.113001 0.842427 -0.526828 -0.610779 -0.959821 0.22962 0.1613 -0.241461 0.256854 0.487434 0.834526 0.413411 0.31622 -0.384863 0.867113 0.400795 -0.930002 -0.306262 0.203222 -0.504304 0.187351 -0.87068 -0.45477 0.485867 
1534195612218 0.112937 0.842356 -0.526955 -0.610688 -0.959889 0.229477 0.161103 -0.241452 0.25663 0.487623 0.834485 0.413409 0.31622 -0.384863 0.867113 0.400795 -0.930002 -0.306262 0.203222 -0.504304 0.187351 -0.87068 -0.45477 0.485867 
1534195612291 0.112874 0.842285 -0.527082 -0.610595 -0.959956 0.229334 0.160905 -0.241441 0.256406 0.487813 0.834443 0.413407 0.31622 -0.384863 0.867113 0.400795 -0.930002 -0.306262 0.203222 -0.504304 0.187351 -0.87068 -0.45477 0.485867 
1534195612328 0.112811 0.842214 -0.527208 -0.610504 -0.960023 0.229191 0.160708 -0.241432 0.256182 0.488002 0.834401 0.413405 0.31622 -0.384863 0.867113 0.400795 -0.930002 -0.306262 0.203222 -0.504304 0.187351 -0.87068 -0.45477 0.485867 
1534195612361 0.112748 0.842144 -0.527335 -0.610412 -0.96009 0.229048 0.160511 -0.241423 0.255959 0.488192 0.834359 0.413402 0.31622 -0.384863 0.867113 0.400795 -0.930002 -0.306262 0.203222 -0.504304 0.187351 -0.87068 -0.45477 0.485867 
1534195612410 0.112724 0.84244 -0.526866 -0.610657 -0.95995 0.229211 0.161118 -0.241351 0.256496 0.487603 0.834538 0.41343 0.31622 -0.384863 0.867113 0.400795 -0.930002 -0.306262 0.203222 -0.504304 0.187351 -0.87068 -0.45477 0.485867 
1534195612421 0.112446 0.842361 -0.527052 -0.610586 -0.959938 0.229096 0.161352 -0.241361 0.256662 0.487794 0.834375 0.413423 0.31622 -0.384863 0.867113 0.400795 -0.930002 -0.306262 0.203222 -0.504304 0.187351 -0.87068 -0.45477 0.485867 
1534195612438 0.112167 0.842282 -0.527238 -0.610512 -0.959926 0.228981 0.161587 -0.241372 0.256829 0.487985 0.834212 0.413416 0.31622 -0.384863 0.867113 0.400795 -0.930002 -0.306262 0.203222 -0.504304 0.187351 -0.87068 -0.45477 0.485867 
1534195612445 0.111888 0.842202 -0.527425 -0.610437 -0.959913 0.228866 0.161822 -0.241383 0.256997 0.488176 0.834048 0.413408 0.31622 -0.384863 0.867113 0.400795 -0.930002 -0.306262 0.203222 -0.504304 0.187351 -0.87068 -0.45477 0.485867 
1534195612574 0.111609 0.842123 -0.527611 -0.610361 -0.959901 0.228752 0.162058 -0.241393 0.257164 0.488367 0.833885 0.413401 0.31622 -0.384863 0.867113 0.400795 -0.930002 -0.306262 0.203222 -0.504304 0.187351 -0.87068 -0.45477 0.485867 
1534195612591 0.11133 0.842043 -0.527796 -0.610287 -0.959889 0.228637 0.162293 -0.241403 0.257331 0.488557 0.833722 0.413394 0.31622 -0.384863 0.867113 0.400795 -0.930002 -0.306262 0.203222 -0.504304 0.187351 -0.87068 -0.45477 0.485867 
1534195612597 0.111052 0.841963 -0.527982 -0.610211 -0.959876 0.228522 0.162528 -0.241413 0.257498 0.488748 0.833558 0.413386 0.31622 -0.384863 0.867113 0.400795 -0.930002 -0.306262 0.203222 -0.504304 0.187351 -0.87068 -0.45477 0.485867 
1534195612634 0.110773 0.841884 -0.528168 -0.610137 -0.959864 0.228408 0.162763 -0.241424 0.257665 0.488939 0.833395 0.413379 0.31622 -0.384863 0.867113 0.400795 -0.930002 -0.306262 0.203222 -0.504304 0.187351 -0.87068 -0.45477 0.485867 
1534195612692 0.110494 0.841804 -0.528353 -0.610062 -0.959851 0.228293 0.162998 -0.241434 0.257832 0.48913 0.833232 0.413372 0.31622 -0.384863 0.867113 0.400795 -0.930002 -0.306262 0.203222 -0.504304 0.187351 -0.87068 -0.45477 0.485867 
1534195612731 0.110215 0.841724 -0.528539 -0.609986 -0.959838 0.228179 0.163233 -0.241444 0.257998 0.489321 0.833068 0.413364 0.31622 -0.384863 0.867113 0.400795 -0.930002 -0.306262 0.203222 -0.504304 0.187351 -0.87068 -0.45477 0.485867 
1534195612765 0.111159 0.841988 -0.52792 -0.61022 -0.959909 0.228516 0.162345 -0.241451 0.25733 0.488708 0.833634 0.413364 0.31622 -0.384863 0.867113 0.400795 -0.930002 -0.306262 0.203222 -0.504304 0.187351 -0.87068 -0.45477 0.485867 
1534195612776 0.110895 0.841953 -0.528032 -0.610153 -0.959905 0.22838 0.16256 -0.241495 0.25746 0.488833 0.833521 0.41337 0.31622 -0.384863 0.867113 0.400795 -0.930002 -0.306262 0.203222 -0.504304 0.187351 -0.87068 -0.45477 0.485867 
1534195612793 0.11063 0.841918 -0.528143 -0.610085 -0.9599 0.228244 0.162777 -0.241541 0.25759 0.488957 0.833408 0.413375 0.31622 -0.384863 0.867113 0.400795 -0.930002 -0.306262 0.203222 -0.504304 0.187351 -0.87068 -0.45477 0.485867 
1534195612800 0.110364 0.841883 -0.528255 -0.610018 -0.959896 0.228108 0.162994 -0.241588 0.257721 0.489081 0.833295 0.413379 0.31622 -0.384863 0.867113 0.400795 -0.930002 -0.306262 0.203222 -0.504304 0.187351 -0.87068 -0.45477 0.485867 
1534195612813 0.110098 0.841848 -0.528366 -0.609951 -0.959891 0.227972 0.163212 -0.241636 0.257852 0.489204 0.833181 0.413382 0.31622 -0.384863 0.867113 0.400795 -0.930002 -0.306262 0.203222 -0.504304 0.187351 -0.87068 -0.45477 0.485867 
1534195612840 0.109833 0.841813 -0.528477 -0.609884 -0.959886 0.227836 0.163429 -0.241682 0.257983 0.489328 0.833068 0.413387 0.31622 -0.384863 0.867113 0.400795 -0.930002 -0.306262 0.203222 -0.504304 0.187351 -0.87068 -0.45477 0.485867 
1534195612846 0.109567 0.841778 -0.528588 -0.609817 -0.959881 0.2277 0.163646 -0.24173 0.258114 0.489452 0.832955 0.41339 0.31622 -0.384863 0.867113 0.400795 -0.930002 -0.306262 0.203222 -0.504304 0.187351 -0.87068 -0.45477 0.485867 
1534195612974 0.109302 0.841742 -0.528699 -0.60975 -0.959877 0.227565 0.163864 -0.241776 0.258244 0.489575 0.832842 0.413395 0.31622 -0.384863 0.867113 0.400795 -0.930002 -0.306262 0.203222 -0.504304 0.187351 -0.87068 -0.45477 0.485867 
1534195612999 0.109036 0.841707 -0.52881 -0.609684 -0.959872 0.227428 0.164081 -0.241824 0.258375 0.489699 0.832729 0.413399 0.31622 -0.384863 0.867113 0.400795 -0.930002 -0.306262 0.203222 -0.504304 0.187351 -0.87068 -0.45477 0.485867 
1534195613024 0.10877 0.841672 -0.528921 -0.609617 -0.959867 0.227293 0.164299 -0.241871 0.258505 0.489823 0.832616 0.413403 0.31622 -0.384863 0.867113 0.400795 -0.930002 -0.306262 0.203222 -0.504304 0.187351 -0.87068 -0.45477 0.485867 
1534195613115 0.109526 0.841743 -0.528652 -0.609755 -0.959892 0.227666 0.16363 -0.24184 0.25809 0.489527 0.832918 0.413346 0.31622 -0.384863 0.867113 0.400795 -0.930002 -0.306262 0.203222 -0.504304 0.187351 -0.87068 -0.45477 0.485867 
1534195613126 0.109342 0.841666 -0.528812 -0.609656 -0.959914 0.227541 0.163678 -0.241875 0.258088 0.489718 0.832807 0.413363 0.31622 -0.384863 0.867113 0.400795 -0.930002 -0.306262 0.203222 -0.504304 0.187351 -0.87068 -0.45477 0.485867 
1534195613143 0.109159 0.841588 -0.528974 -0.609553 -0.959935 0.227417 0.163724 -0.241907 0.258086 0.489909 0.832695 0.413381 0.31622 -0.384863 0.867113 0.400795 -0.930002 -0.306262 0.203222 -0.504304 0.187351 -0.87068 -0.45477 0.485867 
1534195613160 0.108976 0.841511 -0.529135 -0.609451 -0.959957 0.227292 0.163771 -0.241939 0.258084 0.4901 0.832583 0.413399 0.31622 -0.384863 0.867113 0.400795 -0.930002 -0.306262 0.203222 -0.504304 0.187351 -0.87068 -0.45477 0.485867 
1534195613176 0.108793 0.841433 -0.529297 -0.609347 -0.959978 0.227168 0.163818 -0.24197 0.258081 0.490291 0.832471 0.413417 0.31622 -0.384863 0.867113 0.400795 -0.930002 -0.306262 0.203222 -0.504304 0.187351 -0.87068 -0.45477 0.485867 
1534195613217 0.10861 0.841355 -0.529458 -0.609245 -0.96 0.227044 0.163865 -0.242003 0.258079 0.490482 0.83236 0.413435 0.31622 -0.384863 0.867113 0.400795 -0.930002 -0.306262 0.203222 -0.504304 0.187351 -0.87068 -0.45477 0.485867 
1534195613293 0.108427 0.841277 -0.52962 -0.609142 -0.960021 0.22692 0.163911 -0.242034 0.258076 0.490674 0.832248 0.413453 0.31622 -0.384863 0.867113 0.400795 -0.930002 -0.306262 0.203222 -0.504304 0.187351 -0.87068 -0.45477 0.485867 
1534195613321 0.108244 0.841198 -0.529781 -0.609038 -0.960042 0.226796 0.163958 -0.242065 0.258074 0.490865 0.832135 0.413471 0.31622 -0.384863 0.867113 0.400795 -0.930002 -0.306262 0.203222 -0.504304 0.187351 -0.87068 -0.45477 0.485867 
1534195613359 0.108061 0.84112 -0.529943 -0.608936 -0.960064 0.226672 0.164005 -0.242097 0.258071 0.491056 0.832024 0.413489 0.31622 -0.384863 0.867113 0.400795 -0.930002 -0.306262 0.203222 -0.504304 0.187351 -0.87068 -0.45477 0.485867 
1534195613387 0.107878 0.841042 -0.530104 -0.608833 -0.960085 0.226548 0.164052 -0.242129 0.258068 0.491247 0.831912 0.413507 0.31622 -0.384863 0.867113 0.400795 -0.930002 -0.306262 0.203222 -0.504304 0.187351 -0.87068 -0.45477 0.485867 
1534195613456 0.108571 0.841223 -0.529675 -0.609095 -0.960018 0.227028 0.163782 -0.242121 0.258028 0.490715 0.832238 0.41343 0.31622 -0.384863 0.867113 0.400795 -0.930002 -0.306262 0.203222 -0.504304 0.187351 -0.87068 -0.45477 0.485867 
1534195613468 0.10815 0.841269 -0.529689 -0.608927 -0.95998 0.226838 0.164265 -0.242175 0.258344 0.490726 0.832134 0.413445 0.31622 -0.384863 0.867113 0.400795 -0.930002 -0.306262 0.203222 -0.504304 0.187351 -0.87068 -0.45477 0.485867 
1534195613484 0.107728 0.841315 -0.529702 -0.608759 -0.959942 0.226646 0.164751 -0.242235 0.258662 0.490735 0.832029 0.413456 0.31622 -0.384863 0.867113 0.400795 -0.930002 -0.306262 0.203222 -0.504304 0.187351 -0.87068 -0.45477 0.485867 
1534195613513 0.107305 0.841361 -0.529715 -0.608592 -0.959904 0.226455 0.165236 -0.242294 0.25898 0.490745 0.831925 0.413469 0.31622 -0.384863 0.867113 0.400795 -0.930002 -0.306262 0.203222 -0.504304 0.187351 -0.87068 -0.45477 0.485867 
1534195613637 0.106882 0.841407 -0.529727 -0.608425 -0.959865 0.226263 0.165722 -0.242353 0.259297 0.490754 0.83182 0.413481 0.31622 -0.384863 0.867113 0.400795 -0.930002 -0.306262 0.203222 -0.504304 0.187351 -0.87068 -0.45477 0.485867 
1534195613686 0.10646 0.841452 -0.52974 -0.608257 -0.959826 0.226072 0.166207 -0.242411 0.259615 0.490764 0.831716 0.413493 0.31622 -0.384863 0.867113 0.400795 -0.930002 -0.306262 0.203222 -0.504304 0.187351 -0.87068 -0.45477 0.485867 
1534195613781 0.106036 0.841498 -0.529752 -0.608091 -0.959787 0.225881 0.166693 -0.242471 0.259932 0.490774 0.831611 0.413505 0.31622 -0.384863 0.867113 0.400795 -0.930002 -0.306262 0.203222 -0.504304 0.187351 -0.87068 -0.45477 0.485867 
1534195613834 0.105614 0.841544 -0.529764 -0.607924 -0.959748 0.225689 0.167178 -0.242529 0.260249 0.490784 0.831506 0.413518 0.31622 -0.384863 0.867113 0.400795 -0.930002 -0.306262 0.203222 -0.504304 0.187351 -0.87068 -0.45477 0.485867 
1534195613918 0.105191 0.84159 -0.529775 -0.607758 -0.959708 0.225498 0.167663 -0.242589 0.260567 0.490793 0.831401 0.413529 0.31622 -0.384863 0.867113 0.400795 -0.930002 -0.306262 0.203222 -0.504304 0.187351 -0.87068 -0.45477 0.485867 
1534195613978 0.104768 0.841635 -0.529787 -0.607591 -0.959668 0.225306 0.168149 -0.242648 0.260884 0.490803 0.831295 0.413542 0.31622 -0.384863 0.867113 0.400795 -0.930002 -0.306262 0.203222 -0.504304 0.187351 -0.87068 -0.45477 0.485867 
1534195614082 0.105413 0.841521 -0.52984 -0.607826 -0.959707 0.225654 0.167461 -0.242613 0.260482 0.490839 0.8314 0.413482 0.31622 -0.384863 0.867113 0.400795 -0.930002 -0.306262 0.203222 -0.504304 0.187351 -0.87068 -0.45477 0.485867 
1534195614094 0.105336 0.841686 -0.529594 -0.607694 -0.959758 0.22546 0.167428 -0.2426 0.260324 0.490646 0.831564 0.413488 0.31622 -0.384863 0.867113 0.400795 -0.930002 -0.306262 0.203222 -0.504304 0.187351 -0.87068 -0.45477 0.485867 
1534195614110 0.105259 0.84185 -0.529347 -0.60756 -0.95981 0.225265 0.167396 -0.242586 0.260166 0.490453 0.831727 0.413495 0.31622 -0.384863 0.867113 0.400795 -0.930002 -0.306262 0.203222 -0.504304 0.187351 -0.87068 -0.45477 0.485867 
1534195614127 0.105182 0.842015 -0.529101 -0.607423 -0.959861 0.22507 0.167363 -0.24257 0.260007 0.49026 0.83189 0.413502 0.31622 -0.384863 0.867113 0.400795 -0.930002 -0.306262 0.203222 -0.504304 0.187351 -0.87068 -0.45477 0.485867 
1534195614144 0.105104 0.842179 -0.528854 -0.607288 -0.959912 0.224874 0.167331 -0.242555 0.259848 0.490067 0.832054 0.413508 0.31622 -0.384863 0.867113 0.400795 -0.930002 -0.306262 0.203222 -0.504304 0.187351 -0.87068 -0.45477 0.485867 
1534195614160 0.105027 0.842344 -0.528608 -0.607152 -0.959964 0.224679 0.167298 -0.242539 0.25969 0.489874 0.832217 0.413515 0.31622 -0.384863 0.867113 0.400795 -0.930002 -0.306262 0.203222 -0.504304 0.187351 -0.87068 -0.45477 0.485867 
1534195614242 0.10495 0.842508 -0.528362 -0.607015 -0.960015 0.224484 0.167265 -0.242523 0.259531 0.489681 0.83238 0.413522 0.31622 -0.384863 0.867113 0.400795 -0.930002 -0.306262 0.203222 -0.504304 0.187351 -0.87068 -0.45477 0.485867 
1534195614280 0.104872 0.842672 -0.528115 -0.60688 -0.960067 0.224289 0.167232 -0.242509 0.259372 0.489488 0.832543 0.413529 0.31622 -0.384863 0.867113 0.400795 -0.930002 -0.306262 0.203222 -0.504304 0.187351 -0.87068 -0.45477 0.485867 
