1535136179175 0.246722 0.930013 -0.272406 -0.587346 -0.940814 0.297269 0.162789 -0.224394 0.232373 0.21612 0.948312 0.392095 0.210398 -0.13129 0.96876 0.384324 -0.977386 -0.0497445 0.205529 -0.501715 0.0212065 -0.990095 -0.138787 0.444264 
1535136179186 0.247139 0.929879 -0.272483 -0.592183 -0.940713 0.297675 0.162631 -0.226231 0.232339 0.216135 0.948317 0.390111 0.204321 -0.13131 0.970057 0.384252 -0.978897 -0.0311445 0.201967 -0.499957 0.00369175 -0.990852 -0.134902 0.443886 
1535136179193 0.247557 0.929746 -0.272557 -0.597024 -0.940612 0.29808 0.162474 -0.22807 0.232304 0.216149 0.948322 0.388126 0.198237 -0.131214 0.971332 0.384178 -0.980056 -0.0125333 0.198325 -0.498194 -0.013849 -0.991275 -0.131081 0.443508 
1535136179948 0.247975 0.929613 -0.272632 -0.601864 -0.94051 0.298485 0.162317 -0.229909 0.232269 0.216163 0.948327 0.386141 0.192152 -0.131002 0.972582 0.384104 -0.980862 0.0060815 0.194607 -0.496431 -0.0314087 -0.991363 -0.127327 0.44313 
1535136180069 0.248392 0.92948 -0.272707 -0.606705 -0.940409 0.29889 0.16216 -0.231748 0.232234 0.216177 0.948333 0.384157 0.186066 -0.130675 0.973809 0.38403 -0.981316 0.0246933 0.190814 -0.494668 -0.0489812 -0.991118 -0.123639 0.442752 
1535136180478 0.24881 0.929346 -0.272781 -0.611545 -0.940307 0.299295 0.162002 -0.233587 0.232199 0.216191 0.948338 0.382172 0.179983 -0.130232 0.975011 0.383957 -0.981415 0.0432953 0.186949 -0.492904 -0.0665601 -0.990538 -0.12002 0.442374 
1535136180883 0.249227 0.929212 -0.272856 -0.616386 -0.940205 0.2997 0.161845 -0.235426 0.232163 0.216204 0.948344 0.380187 0.173905 -0.129674 0.976187 0.383883 -0.981161 0.0618808 0.183011 -0.49114 -0.0841391 -0.989624 -0.11647 0.441996 
1535136181291 0.249645 0.929078 -0.27293 -0.621227 -0.940103 0.300105 0.161688 -0.237265 0.232128 0.216218 0.948349 0.378202 0.167833 -0.129001 0.977339 0.383809 -0.980554 0.0804431 0.179003 -0.489377 -0.101712 -0.988376 -0.112992 0.441618 
1535136181729 0.250062 0.928944 -0.273005 -0.626068 -0.940001 0.30051 0.161531 -0.239104 0.232093 0.216232 0.948355 0.376218 0.16177 -0.128213 0.978464 0.383735 -0.979594 0.0989754 0.174926 -0.487613 -0.119272 -0.986795 -0.109586 0.44124 
1535136182064 0.250479 0.92881 -0.273079 -0.630909 -0.939898 0.300915 0.161373 -0.240943 0.232058 0.216246 0.94836 0.374233 0.155718 -0.127311 0.979563 0.383661 -0.978281 0.117471 0.170782 -0.485849 -0.136813 -0.984882 -0.106253 0.440862 
1535136183166 0.251183 0.928387 -0.273869 -0.630685 -0.939718 0.30172 0.160922 -0.241149 0.232029 0.216938 0.948209 0.374157 0.156056 -0.127269 0.979515 0.383686 -0.978303 0.116893 0.171051 -0.486006 -0.136268 -0.984956 -0.106266 0.440956 
1535136183181 0.250477 0.928269 -0.274914 -0.630533 -0.939695 0.301422 0.161612 -0.241168 0.232884 0.217855 0.947789 0.3743 0.155425 -0.127173 0.979627 0.383677 -0.97815 0.118801 0.170613 -0.48582 -0.138079 -0.98474 -0.10593 0.440909 
1535136183346 0.24977 0.92815 -0.275959 -0.630378 -0.939671 0.301126 0.162302 -0.241184 0.233739 0.218773 0.947367 0.374444 0.154791 -0.127077 0.97974 0.383667 -0.977993 0.12071 0.170171 -0.485629 -0.139889 -0.984521 -0.105595 0.440862 
1535136183353 0.249061 0.928029 -0.277005 -0.630221 -0.939646 0.30083 0.162992 -0.241201 0.234593 0.219691 0.946943 0.374588 0.154155 -0.126978 0.979853 0.383657 -0.977833 0.122618 0.169728 -0.485435 -0.1417 -0.984297 -0.105261 0.440815 
1535136183546 0.248352 0.927906 -0.278048 -0.630066 -0.93962 0.300535 0.163683 -0.241218 0.235446 0.220609 0.946518 0.374732 0.153522 -0.126879 0.979966 0.383648 -0.977669 0.124526 0.169284 -0.485244 -0.14351 -0.984071 -0.104928 0.440767 
1535136183571 0.247642 0.927783 -0.279092 -0.62991 -0.939594 0.30024 0.164374 -0.241235 0.236298 0.221527 0.946091 0.374876 0.152887 -0.126778 0.980078 0.383638 -0.977501 0.126433 0.16884 -0.485051 -0.145319 -0.98384 -0.104596 0.44072 
1535136183788 0.24693 0.927658 -0.280134 -0.629754 -0.939567 0.299947 0.165065 -0.241251 0.237149 0.222445 0.945663 0.37502 0.152253 -0.126676 0.98019 0.383628 -0.977329 0.12834 0.168394 -0.484858 -0.147129 -0.983607 -0.104264 0.440673 
1535136183923 0.246218 0.927533 -0.281176 -0.629599 -0.939539 0.299653 0.165756 -0.241268 0.238 0.223363 0.945233 0.375164 0.151619 -0.126573 0.980301 0.383618 -0.977154 0.130246 0.167949 -0.484667 -0.148938 -0.983369 -0.103934 0.440626 
1535136183943 0.245505 0.927406 -0.282217 -0.629442 -0.93951 0.29936 0.166448 -0.241284 0.238849 0.224282 0.944801 0.375308 0.150985 -0.126469 0.980413 0.383608 -0.976974 0.132152 0.167502 -0.484473 -0.150747 -0.983128 -0.103604 0.440579 
1535136184159 0.24479 0.927277 -0.283257 -0.629287 -0.93948 0.299068 0.16714 -0.241301 0.239698 0.2252 0.944368 0.375452 0.150351 -0.126363 0.980524 0.383598 -0.976791 0.134057 0.167055 -0.484282 -0.152555 -0.982884 -0.103275 0.440531 
1535136184496 0.245248 0.927377 -0.282534 -0.62942 -0.939501 0.299243 0.166707 -0.241267 0.239146 0.224556 0.944661 0.375378 0.150649 -0.126433 0.980469 0.383561 -0.976837 0.133421 0.167296 -0.484398 -0.151966 -0.982962 -0.103405 0.440546 
1535136184508 0.244767 0.927298 -0.283209 -0.62975 -0.939502 0.299022 0.167099 -0.24148 0.239636 0.225175 0.944389 0.375367 0.153727 -0.129045 0.979651 0.383633 -0.977325 0.126248 0.169992 -0.484766 -0.145616 -0.983569 -0.106712 0.441147 
1535136184515 0.244285 0.927219 -0.283883 -0.630082 -0.939503 0.298801 0.16749 -0.241694 0.240124 0.225794 0.944117 0.375357 0.156823 -0.131634 0.978815 0.383706 -0.977758 0.119062 0.172665 -0.48514 -0.139268 -0.984122 -0.110034 0.441749 
1535136184716 0.243803 0.927139 -0.284557 -0.630414 -0.939503 0.29858 0.167882 -0.241907 0.240613 0.226412 0.943845 0.375346 0.159934 -0.134198 0.977963 0.383778 -0.978137 0.111863 0.175312 -0.485514 -0.132925 -0.98462 -0.113373 0.442351 
1535136184884 0.243321 0.927059 -0.28523 -0.630746 -0.939503 0.29836 0.168273 -0.242121 0.241101 0.22703 0.943572 0.375335 0.16306 -0.136738 0.977095 0.383851 -0.978462 0.104652 0.177934 -0.485888 -0.126585 -0.985064 -0.116729 0.442952 
1535136184962 0.242839 0.926978 -0.285904 -0.631077 -0.939502 0.29814 0.168665 -0.242335 0.241588 0.227649 0.943298 0.375324 0.166202 -0.139254 0.97621 0.383924 -0.978732 0.0974294 0.180529 -0.486264 -0.120251 -0.985452 -0.1201 0.443554 
1535136185035 0.242356 0.926897 -0.286576 -0.631409 -0.939502 0.29792 0.169057 -0.242548 0.242075 0.228267 0.943024 0.375314 0.169357 -0.141746 0.975308 0.383997 -0.978948 0.0901958 0.183098 -0.486637 -0.113922 -0.985785 -0.123487 0.444156 
1535136185263 0.241873 0.926815 -0.287249 -0.631741 -0.939501 0.297701 0.169449 -0.242762 0.242562 0.228886 0.942749 0.375303 0.172528 -0.144213 0.97439 0.38407 -0.97911 0.0829511 0.185641 -0.487012 -0.107599 -0.986064 -0.126889 0.444758 
1535136185408 0.241389 0.926732 -0.287921 -0.632073 -0.939499 0.297481 0.169841 -0.242976 0.243048 0.229504 0.942473 0.375292 0.175713 -0.146655 0.973456 0.384143 -0.979218 0.0756964 0.188157 -0.487386 -0.101281 -0.986287 -0.130307 0.445359 
1535136185555 0.240905 0.926649 -0.288593 -0.632404 -0.939498 0.297262 0.170233 -0.243189 0.243534 0.230123 0.942197 0.375281 0.178912 -0.149073 0.972506 0.384216 -0.979271 0.0684318 0.190646 -0.48776 -0.0949705 -0.986455 -0.133739 0.445961 
1535136186247 0.24125 0.926734 -0.288031 -0.632169 -0.939484 0.297417 0.170038 -0.242991 0.243245 0.229579 0.942404 0.375313 0.178457 -0.149107 0.972584 0.384166 -0.979273 0.0693278 0.190313 -0.487646 -0.0958042 -0.986388 -0.133645 0.445616 
1535136186263 0.241007 0.926894 -0.287722 -0.632465 -0.939662 0.29702 0.169751 -0.24315 0.2428 0.22945 0.94255 0.37523 0.180277 -0.147145 0.972547 0.384124 -0.979542 0.0630371 0.191111 -0.487811 -0.0894277 -0.987104 -0.132771 0.445478 
1535136186369 0.240763 0.927053 -0.287413 -0.632765 -0.939839 0.296622 0.169463 -0.24331 0.242354 0.229321 0.942696 0.375147 0.182087 -0.14517 0.972507 0.384083 -0.979769 0.0567447 0.191917 -0.487983 -0.0830453 -0.987778 -0.131901 0.44534 
1535136186604 0.240519 0.927212 -0.287103 -0.633065 -0.940016 0.296224 0.169176 -0.243471 0.241909 0.229192 0.942842 0.375063 0.183884 -0.143183 0.972464 0.384043 -0.979954 0.0504515 0.192728 -0.488156 -0.0766577 -0.988409 -0.131036 0.445202 
1535136186623 0.240274 0.927371 -0.286794 -0.633364 -0.940193 0.295826 0.168888 -0.243631 0.241463 0.229062 0.942988 0.374979 0.185666 -0.141185 0.972417 0.384002 -0.980097 0.0441581 0.193544 -0.488326 -0.0702655 -0.988998 -0.130176 0.445064 
1535136186776 0.24003 0.92753 -0.286485 -0.633664 -0.94037 0.295428 0.168601 -0.243791 0.241018 0.228933 0.943133 0.374896 0.187437 -0.139174 0.972367 0.383961 -0.980198 0.0378643 0.194366 -0.488498 -0.0638688 -0.989544 -0.129321 0.444926 
1535136187002 0.239785 0.927689 -0.286176 -0.633964 -0.940547 0.29503 0.168313 -0.243952 0.240572 0.228803 0.943278 0.374812 0.189194 -0.137153 0.972314 0.383921 -0.980257 0.0315707 0.195193 -0.488671 -0.0574678 -0.990047 -0.128472 0.444788 
1535136187158 0.23954 0.927847 -0.285867 -0.634263 -0.940723 0.294632 0.168025 -0.244112 0.240127 0.228673 0.943424 0.374729 0.190937 -0.135119 0.972258 0.38388 -0.980273 0.0252776 0.196024 -0.488842 -0.051063 -0.990507 -0.127628 0.44465 
1535136187237 0.239295 0.928006 -0.285558 -0.634562 -0.940899 0.294234 0.167736 -0.244272 0.239681 0.228542 0.943568 0.374645 0.192666 -0.133075 0.972199 0.383839 -0.980248 0.0189853 0.19686 -0.489013 -0.0446546 -0.990924 -0.126788 0.444512 
1535136187330 0.23905 0.928164 -0.285249 -0.634862 -0.941075 0.293836 0.167448 -0.244433 0.239236 0.228412 0.943713 0.374561 0.194383 -0.131019 0.972136 0.383798 -0.98018 0.0126937 0.197702 -0.489186 -0.0382427 -0.991299 -0.125955 0.444374 
1535136187920 0.239207 0.928012 -0.285612 -0.634691 -0.94094 0.294142 0.167667 -0.244307 0.239608 0.228637 0.943564 0.374532 0.192274 -0.133418 0.97223 0.383853 -0.980301 0.0194921 0.196545 -0.488952 -0.0451735 -0.990868 -0.127042 0.444567 
1535136187935 0.239023 0.928146 -0.28533 -0.63477 -0.941005 0.293898 0.167729 -0.24444 0.239535 0.228406 0.943638 0.374492 0.193945 -0.134159 0.971796 0.38389 -0.980166 0.0146466 0.197637 -0.489178 -0.0407482 -0.990852 -0.128657 0.444844 
1535136187952 0.238838 0.92828 -0.285049 -0.63485 -0.941071 0.293653 0.167791 -0.244574 0.239463 0.228176 0.943713 0.374452 0.19562 -0.13489 0.971359 0.383928 -0.980007 0.0097994 0.198722 -0.48941 -0.0363244 -0.990812 -0.130276 0.445122 
1535136187976 0.238653 0.928414 -0.284767 -0.634931 -0.941136 0.293408 0.167854 -0.244708 0.239391 0.227946 0.943786 0.374411 0.197298 -0.135613 0.970918 0.383966 -0.979824 0.00495121 0.199799 -0.489642 -0.0319026 -0.99075 -0.1319 0.4454 
1535136188121 0.238467 0.928548 -0.284485 -0.635011 -0.941201 0.293163 0.167916 -0.244842 0.239319 0.227715 0.94386 0.374371 0.198979 -0.136327 0.970475 0.384004 -0.979618 0.000102055 0.200868 -0.489875 -0.0274828 -0.990664 -0.133528 0.445678 
1535136188194 0.238282 0.928682 -0.284203 -0.635092 -0.941267 0.292917 0.167979 -0.244976 0.239247 0.227484 0.943934 0.37433 0.200663 -0.137033 0.970029 0.384042 -0.979389 -0.00474792 0.201928 -0.490108 -0.0230653 -0.990555 -0.135161 0.445956 
1535136188254 0.238097 0.928816 -0.283922 -0.635172 -0.941332 0.292672 0.16804 -0.24511 0.239175 0.227254 0.944008 0.37429 0.202349 -0.13773 0.96958 0.38408 -0.979136 -0.00959838 0.20298 -0.490339 -0.0186501 -0.990423 -0.136799 0.446233 
1535136188273 0.237911 0.928949 -0.283639 -0.635253 -0.941397 0.292427 0.168103 -0.245244 0.239103 0.227023 0.944082 0.37425 0.204039 -0.138419 0.969128 0.384118 -0.978859 -0.0144496 0.204024 -0.490572 -0.0142373 -0.990268 -0.138441 0.446511 
1535136188280 0.237726 0.929083 -0.283358 -0.635333 -0.941462 0.292182 0.168165 -0.245378 0.239031 0.226793 0.944155 0.374209 0.20573 -0.1391 0.968672 0.384156 -0.978559 -0.019301 0.205059 -0.490804 -0.00982717 -0.99009 -0.140088 0.446789 
1535136188491 0.237541 0.929216 -0.283076 -0.635414 -0.941527 0.291936 0.168227 -0.245512 0.238959 0.226563 0.944229 0.374169 0.207425 -0.139771 0.968214 0.384194 -0.978236 -0.0241528 0.206085 -0.491035 -0.00541969 -0.989889 -0.141739 0.447067 
1535136188951 0.237877 0.929009 -0.283473 -0.635322 -0.941441 0.29233 0.168023 -0.245378 0.238963 0.226904 0.944146 0.374236 0.205269 -0.138848 0.968807 0.384046 -0.978647 -0.0183071 0.20473 -0.490701 -0.0106903 -0.990144 -0.139641 0.44654 
1535136189058 0.238444 0.929104 -0.282685 -0.635344 -0.941474 0.292561 0.167433 -0.245365 0.238266 0.226217 0.944487 0.374149 0.205336 -0.139354 0.968719 0.384056 -0.978626 -0.0178032 0.204875 -0.490766 -0.0113039 -0.990083 -0.140031 0.446616 
1535136189134 0.23901 0.929198 -0.281896 -0.63537 -0.941507 0.292793 0.166844 -0.245354 0.237568 0.22553 0.944827 0.374061 0.205404 -0.139861 0.968632 0.384066 -0.978605 -0.0172991 0.205021 -0.490833 -0.0119181 -0.99002 -0.140422 0.446693 
1535136189239 0.239576 0.929292 -0.281106 -0.635396 -0.941539 0.293024 0.166254 -0.245343 0.23687 0.224842 0.945166 0.373974 0.205471 -0.140368 0.968544 0.384076 -0.978583 -0.0167949 0.205167 -0.490899 -0.0125323 -0.989957 -0.140813 0.44677 
1535136189275 0.240141 0.929384 -0.280316 -0.635422 -0.941571 0.293257 0.165665 -0.245333 0.236171 0.224154 0.945504 0.373886 0.205539 -0.140875 0.968456 0.384086 -0.978561 -0.016291 0.205314 -0.490966 -0.0131464 -0.989893 -0.141203 0.446846 
1535136189473 0.240705 0.929477 -0.279525 -0.635449 -0.941602 0.293489 0.165076 -0.245322 0.235471 0.223467 0.945841 0.373798 0.205606 -0.141382 0.968368 0.384096 -0.978538 -0.0157872 0.205461 -0.491033 -0.0137606 -0.989829 -0.141593 0.446923 
1535136189533 0.241269 0.929568 -0.278733 -0.635475 -0.941632 0.293722 0.164487 -0.245312 0.234772 0.222779 0.946178 0.37371 0.205673 -0.141889 0.96828 0.384106 -0.978515 -0.0152833 0.205608 -0.491099 -0.0143748 -0.989765 -0.141983 0.447 
1535136189597 0.241832 0.929659 -0.277941 -0.635501 -0.941662 0.293955 0.163898 -0.245301 0.234071 0.222091 0.946513 0.373622 0.20574 -0.142395 0.968192 0.384116 -0.978492 -0.0147795 0.205755 -0.491166 -0.0149891 -0.9897 -0.142374 0.447076 
1535136189666 0.242394 0.929749 -0.277149 -0.635526 -0.941692 0.294189 0.163309 -0.24529 0.23337 0.221404 0.946847 0.373535 0.205805 -0.142902 0.968103 0.384126 -0.978469 -0.0142757 0.205901 -0.491232 -0.0156035 -0.989634 -0.142763 0.447153 
1535136189816 0.242956 0.929839 -0.276356 -0.635554 -0.941721 0.294423 0.16272 -0.245279 0.232669 0.220716 0.94718 0.373447 0.205871 -0.143409 0.968014 0.384137 -0.978445 -0.0137722 0.206049 -0.491299 -0.0162177 -0.989568 -0.143153 0.447229 
1535136189961 0.242204 0.929771 -0.277242 -0.635526 -0.941721 0.294041 0.163405 -0.245233 0.233449 0.221507 0.946803 0.373532 0.205772 -0.142438 0.968178 0.384102 -0.978486 -0.0148234 0.205782 -0.491177 -0.0149594 -0.989693 -0.142423 0.447167 
1535136189974 0.243027 0.929703 -0.276749 -0.635335 -0.94166 0.2946 0.162752 -0.245107 0.232841 0.22105 0.94706 0.373564 0.201688 -0.142072 0.969091 0.384034 -0.979178 -0.00594967 0.202915 -0.49088 -0.0230628 -0.989838 -0.140314 0.446647 
1535136190137 0.243851 0.929634 -0.276257 -0.635143 -0.941597 0.29516 0.162098 -0.244981 0.232232 0.220595 0.947315 0.373597 0.197602 -0.14167 0.969991 0.383964 -0.979787 0.00292353 0.200024 -0.490578 -0.0311732 -0.98991 -0.138229 0.446127 
1535136190313 0.244674 0.929564 -0.275764 -0.634951 -0.941534 0.295719 0.161445 -0.244855 0.231622 0.220139 0.94757 0.37363 0.193516 -0.141231 0.970879 0.383894 -0.98031 0.0117952 0.197112 -0.490276 -0.03929 -0.989906 -0.136167 0.445607 
1535136190362 0.245497 0.929493 -0.27527 -0.634759 -0.941469 0.296279 0.160792 -0.244729 0.231012 0.219684 0.947825 0.373662 0.189432 -0.140755 0.971753 0.383824 -0.980748 0.0206647 0.194179 -0.489973 -0.0474126 -0.989829 -0.13413 0.445087 
1535136190461 0.246319 0.929422 -0.274776 -0.634567 -0.941404 0.296839 0.16014 -0.244603 0.230402 0.21923 0.948079 0.373695 0.18535 -0.140241 0.972614 0.383754 -0.981102 0.0295313 0.191225 -0.489669 -0.0555401 -0.989677 -0.132117 0.444567 
1535136190703 0.247141 0.92935 -0.274281 -0.634375 -0.941338 0.297399 0.159487 -0.244477 0.22979 0.218775 0.948332 0.373727 0.181269 -0.139691 0.973462 0.383684 -0.98137 0.038394 0.188251 -0.489366 -0.063672 -0.989451 -0.130129 0.444047 
1535136190862 0.247963 0.929277 -0.273786 -0.634183 -0.941271 0.297959 0.158835 -0.244351 0.229179 0.218322 0.948585 0.37376 0.177191 -0.139103 0.974296 0.383615 -0.981553 0.0472519 0.185257 -0.489064 -0.0718073 -0.98915 -0.128165 0.443527 
1535136191012 0.248783 0.929204 -0.273289 -0.633991 -0.941203 0.29852 0.158183 -0.244225 0.228567 0.217868 0.948837 0.373793 0.173116 -0.138479 0.975118 0.383545 -0.981651 0.0561048 0.182243 -0.488761 -0.0799457 -0.988775 -0.126226 0.443007 
1535136191094 0.249604 0.92913 -0.272793 -0.633799 -0.941135 0.299081 0.157531 -0.244099 0.227954 0.217415 0.949088 0.373825 0.169044 -0.137818 0.975925 0.383475 -0.981664 0.0649513 0.17921 -0.488459 -0.088086 -0.988326 -0.124312 0.442486 
1535136191926 0.248869 0.929209 -0.273193 -0.633968 -0.941228 0.29854 0.157998 -0.244131 0.228372 0.217816 0.948895 0.373794 0.169633 -0.137681 0.975842 0.383526 -0.981614 0.0643288 0.179712 -0.488578 -0.0875178 -0.988385 -0.124238 0.44277 
1535136191940 0.248964 0.929147 -0.273319 -0.633615 -0.941144 0.298709 0.158181 -0.244003 0.228616 0.217851 0.948828 0.373924 0.169396 -0.137805 0.975866 0.383542 -0.981593 0.0650244 0.179573 -0.48864 -0.0882012 -0.988323 -0.124254 0.442665 
1535136191947 0.249059 0.929084 -0.273447 -0.633258 -0.941059 0.298879 0.158363 -0.243873 0.22886 0.217888 0.948761 0.374055 0.169158 -0.137929 0.97589 0.383558 -0.981573 0.0657209 0.179432 -0.488702 -0.0888852 -0.988259 -0.12427 0.442559 
1535136191955 0.249154 0.92902 -0.273575 -0.632899 -0.940975 0.299048 0.158545 -0.243742 0.229104 0.217925 0.948694 0.374186 0.16892 -0.138052 0.975914 0.383574 -0.981551 0.0664174 0.179292 -0.488763 -0.0895691 -0.988196 -0.124286 0.442454 
1535136191965 0.24925 0.928957 -0.273703 -0.632541 -0.94089 0.299218 0.158728 -0.243611 0.229348 0.217962 0.948626 0.374317 0.168682 -0.138175 0.975938 0.383589 -0.98153 0.0671139 0.179151 -0.488825 -0.090253 -0.988131 -0.124302 0.442348 
1535136192045 0.249345 0.928894 -0.273831 -0.632184 -0.940805 0.299388 0.15891 -0.243481 0.229592 0.217998 0.948559 0.374448 0.168443 -0.138297 0.975961 0.383605 -0.981508 0.0678105 0.179009 -0.488887 -0.090937 -0.988067 -0.124318 0.442243 
1535136192049 0.24944 0.928831 -0.273959 -0.631825 -0.940721 0.299557 0.159092 -0.24335 0.229836 0.218035 0.948491 0.374579 0.168205 -0.13842 0.975985 0.383621 -0.981485 0.0685068 0.178869 -0.488948 -0.0916206 -0.988001 -0.124334 0.442137 
1535136192056 0.249535 0.928767 -0.274087 -0.631468 -0.940636 0.299727 0.159274 -0.24322 0.23008 0.218072 0.948424 0.37471 0.167966 -0.138542 0.976009 0.383637 -0.981462 0.0692035 0.178728 -0.48901 -0.0923045 -0.987936 -0.12435 0.442032 
1535136192237 0.24963 0.928704 -0.274215 -0.631109 -0.940551 0.299896 0.159457 -0.243089 0.230324 0.218108 0.948356 0.374841 0.167728 -0.138664 0.976033 0.383653 -0.981438 0.0698997 0.178588 -0.489071 -0.0929881 -0.98787 -0.124366 0.441926 
1535136192268 0.249725 0.928641 -0.274343 -0.630752 -0.940466 0.300066 0.159639 -0.242959 0.230568 0.218145 0.948289 0.374972 0.167489 -0.138786 0.976056 0.383668 -0.981414 0.0705963 0.178446 -0.489133 -0.0936719 -0.987803 -0.124383 0.441821 
1535136192539 0.249066 0.929038 -0.273595 -0.631706 -0.94085 0.299107 0.159171 -0.243152 0.22971 0.217768 0.948583 0.374737 0.167876 -0.138558 0.976022 0.383669 -0.981468 0.0693103 0.178652 -0.489038 -0.0924021 -0.987926 -0.124355 0.442008 
1535136192549 0.24905 0.928969 -0.273844 -0.631284 -0.940667 0.299313 0.159868 -0.243041 0.230478 0.21778 0.948394 0.374858 0.170999 -0.140624 0.975184 0.383823 -0.981439 0.0628991 0.181166 -0.489488 -0.0868146 -0.988063 -0.127259 0.442482 
1535136192802 0.249036 0.928899 -0.274093 -0.63086 -0.940482 0.29952 0.160566 -0.242928 0.231246 0.217793 0.948204 0.374979 0.174134 -0.142669 0.974332 0.383979 -0.981366 0.0564804 0.183662 -0.489945 -0.0812335 -0.988158 -0.130175 0.442957 
1535136192836 0.249021 0.92883 -0.274342 -0.630436 -0.940297 0.299727 0.161263 -0.242816 0.232014 0.217805 0.948014 0.3751 0.177279 -0.144692 0.973466 0.384134 -0.981248 0.0500545 0.186136 -0.490401 -0.0756588 -0.98821 -0.133105 0.443432 
1535136192912 0.249006 0.92876 -0.274592 -0.630012 -0.940111 0.299934 0.16196 -0.242703 0.232782 0.217818 0.947823 0.375221 0.180434 -0.146694 0.972586 0.38429 -0.981087 0.0436215 0.188591 -0.490858 -0.0700907 -0.98822 -0.136048 0.443906 
1535136193039 0.248991 0.92869 -0.274842 -0.629587 -0.939925 0.300141 0.162657 -0.242591 0.233549 0.217831 0.947631 0.375342 0.183599 -0.148674 0.971693 0.384445 -0.980881 0.0371819 0.191024 -0.491315 -0.0645296 -0.988187 -0.139005 0.444381 
1535136193296 0.248975 0.928621 -0.275091 -0.629163 -0.939738 0.300348 0.163354 -0.242479 0.234317 0.217842 0.947439 0.375463 0.186773 -0.150632 0.970786 0.384601 -0.980631 0.0307362 0.193437 -0.49177 -0.058976 -0.988112 -0.141974 0.444856 
1535136193469 0.24896 0.92855 -0.275341 -0.628739 -0.93955 0.300555 0.16405 -0.242366 0.235084 0.217855 0.947246 0.375584 0.189957 -0.152568 0.969865 0.384756 -0.980337 0.0242843 0.195829 -0.492228 -0.0534297 -0.987995 -0.144956 0.44533 
1535136193478 0.248944 0.928481 -0.27559 -0.628315 -0.939362 0.300762 0.164747 -0.242254 0.235851 0.217866 0.947052 0.375705 0.19315 -0.154483 0.968931 0.384912 -0.98 0.0178269 0.198199 -0.492684 -0.0478915 -0.987835 -0.14795 0.445805 
1535136193730 0.248928 0.928411 -0.27584 -0.627891 -0.939173 0.300969 0.165443 -0.242142 0.236619 0.217878 0.946858 0.375826 0.196352 -0.156376 0.967984 0.385067 -0.979618 0.0113643 0.200548 -0.493139 -0.0423613 -0.987632 -0.150957 0.44628 
1535136194133 0.248957 0.928458 -0.275655 -0.628135 -0.939258 0.300879 0.165128 -0.242154 0.236253 0.217802 0.946967 0.375786 0.192405 -0.154462 0.969083 0.38478 -0.980104 0.0188188 0.197592 -0.492674 -0.0487574 -0.98782 -0.147768 0.445398 
1535136194143 0.248944 0.928431 -0.275758 -0.62764 -0.939173 0.300965 0.165452 -0.24199 0.236604 0.217796 0.946881 0.375925 0.190627 -0.153157 0.969641 0.384777 -0.980288 0.0225597 0.196283 -0.492538 -0.0519369 -0.987944 -0.145837 0.445004 
1535136194344 0.248931 0.928404 -0.275861 -0.627141 -0.939087 0.301053 0.165777 -0.241825 0.236956 0.21779 0.946794 0.376065 0.188851 -0.151844 0.970195 0.384774 -0.980458 0.0262995 0.194965 -0.492397 -0.0551199 -0.988054 -0.14391 0.44461 
1535136194473 0.248918 0.928377 -0.275964 -0.626641 -0.939002 0.301141 0.166101 -0.24166 0.237308 0.217785 0.946707 0.376205 0.187079 -0.150525 0.970744 0.38477 -0.980613 0.0300371 0.193638 -0.492257 -0.0583058 -0.98815 -0.141988 0.444216 
1535136194539 0.248905 0.92835 -0.276067 -0.626142 -0.938916 0.301229 0.166426 -0.241494 0.237661 0.217779 0.94662 0.376345 0.18531 -0.149199 0.971288 0.384766 -0.980754 0.0337726 0.192304 -0.492116 -0.0614944 -0.98823 -0.140069 0.443822 
1535136194811 0.248892 0.928323 -0.27617 -0.625642 -0.938831 0.301316 0.16675 -0.241328 0.238013 0.217774 0.946533 0.376486 0.183545 -0.147865 0.971827 0.384763 -0.980881 0.0375059 0.190962 -0.491974 -0.0646858 -0.988296 -0.138154 0.443428 
1535136195020 0.248879 0.928296 -0.276273 -0.625143 -0.938745 0.301404 0.167075 -0.241163 0.238365 0.217768 0.946446 0.376626 0.181785 -0.146524 0.972361 0.384759 -0.980993 0.0412368 0.189612 -0.491835 -0.0678798 -0.988347 -0.136243 0.443034 
1535136195028 0.248866 0.928268 -0.276376 -0.624643 -0.938659 0.301492 0.167399 -0.240997 0.238716 0.217763 0.946358 0.376766 0.180027 -0.145176 0.972889 0.384755 -0.98109 0.0449654 0.188255 -0.491693 -0.0710765 -0.988383 -0.134336 0.44264 
1535136195291 0.248853 0.928241 -0.276479 -0.624144 -0.938573 0.30158 0.167724 -0.240832 0.239068 0.217757 0.946271 0.376906 0.178275 -0.143821 0.973413 0.384752 -0.981173 0.0486914 0.18689 -0.491553 -0.0742757 -0.988405 -0.132433 0.442246 
1535136195497 0.24884 0.928214 -0.276582 -0.623645 -0.938486 0.301667 0.168048 -0.240666 0.23942 0.217751 0.946183 0.377046 0.176526 -0.14246 0.973932 0.384748 -0.981242 0.052415 0.185518 -0.491413 -0.0774774 -0.988412 -0.130535 0.441852 
1535136195862 0.248551 0.928335 -0.276436 -0.623913 -0.938616 0.301316 0.167955 -0.240591 0.239214 0.217722 0.946242 0.377027 0.177078 -0.142768 0.973787 0.384776 -0.981209 0.0514319 0.185968 -0.491467 -0.076634 -0.988419 -0.130977 0.442047 
1535136195872 0.248575 0.928238 -0.276738 -0.623508 -0.938548 0.30145 0.168095 -0.24043 0.239455 0.217948 0.946129 0.377157 0.178937 -0.143939 0.973274 0.384861 -0.981273 0.045585 0.18715 -0.491701 -0.0713048 -0.988536 -0.133087 0.442417 
1535136195879 0.2486 0.928142 -0.27704 -0.623098 -0.938479 0.301585 0.168235 -0.240268 0.239697 0.218173 0.946016 0.377287 0.180806 -0.145098 0.972757 0.384948 -0.981303 0.039734 0.188321 -0.491944 -0.0659766 -0.988619 -0.135201 0.442789 
1535136196143 0.248626 0.928044 -0.277342 -0.622689 -0.938411 0.301721 0.168374 -0.240106 0.239938 0.218399 0.945902 0.377417 0.182679 -0.146246 0.972235 0.385034 -0.9813 0.0338806 0.189478 -0.492184 -0.0606504 -0.988668 -0.137322 0.44316 
1535136196323 0.248651 0.927948 -0.277644 -0.62228 -0.938342 0.301856 0.168513 -0.239943 0.24018 0.218624 0.945789 0.377548 0.184558 -0.147383 0.971708 0.38512 -0.981263 0.0280247 0.190623 -0.492425 -0.0553264 -0.988682 -0.139449 0.443531 
1535136196329 0.248676 0.92785 -0.277947 -0.621872 -0.938274 0.301991 0.168652 -0.239781 0.240421 0.21885 0.945676 0.377678 0.186442 -0.148508 0.971177 0.385207 -0.981193 0.0221667 0.191755 -0.492665 -0.0500048 -0.988663 -0.141582 0.443901 
1535136196604 0.248701 0.927753 -0.278249 -0.621462 -0.938205 0.302127 0.168791 -0.239619 0.240663 0.219076 0.945562 0.377808 0.188333 -0.149621 0.970641 0.385293 -0.981088 0.0163064 0.192873 -0.492907 -0.0446856 -0.988609 -0.14372 0.444273 
1535136196811 0.248726 0.927655 -0.278551 -0.621054 -0.938137 0.302262 0.16893 -0.239457 0.240904 0.219301 0.945448 0.377938 0.190228 -0.150723 0.970101 0.385379 -0.98095 0.0104446 0.193979 -0.493147 -0.0393693 -0.988521 -0.145865 0.444643 
1535136196862 0.248751 0.927558 -0.278853 -0.620644 -0.938068 0.302397 0.169069 -0.239294 0.241146 0.219527 0.945334 0.378069 0.19213 -0.151812 0.969556 0.385466 -0.980778 0.004581 0.195071 -0.493389 -0.0340558 -0.988399 -0.148014 0.445015 
1535136196998 0.248776 0.927461 -0.279155 -0.620235 -0.937999 0.302533 0.169208 -0.239132 0.241387 0.219752 0.94522 0.378199 0.194037 -0.152891 0.969007 0.385552 -0.980573 -0.00128379 0.19615 -0.493629 -0.0287455 -0.988242 -0.15017 0.445385 
1535136197418 0.248738 0.92758 -0.278791 -0.620411 -0.93806 0.302384 0.169138 -0.239207 0.24119 0.219452 0.94534 0.378165 0.191669 -0.151484 0.969699 0.385368 -0.980829 0.00585194 0.194783 -0.493328 -0.0351811 -0.988442 -0.147458 0.444828 
1535136197428 0.248684 0.927526 -0.279019 -0.620169 -0.938025 0.302419 0.16927 -0.239122 0.241383 0.219632 0.945249 0.378247 0.193967 -0.151178 0.969289 0.385437 -0.980579 -0.00067034 0.196122 -0.493567 -0.0289995 -0.988506 -0.148372 0.445035 
1535136197449 0.248632 0.927473 -0.279241 -0.619939 -0.937993 0.302451 0.16939 -0.239046 0.241561 0.21981 0.945162 0.378322 0.196265 -0.150856 0.968877 0.385506 -0.980285 -0.00719281 0.197456 -0.493812 -0.0228185 -0.98853 -0.149293 0.445242 
1535136197614 0.24858 0.92742 -0.279463 -0.619709 -0.937961 0.302484 0.169509 -0.23897 0.241739 0.219989 0.945075 0.378396 0.19856 -0.150518 0.968462 0.385576 -0.979947 -0.0137145 0.198784 -0.494056 -0.0166386 -0.988512 -0.150223 0.44545 
1535136197721 0.248528 0.927367 -0.279684 -0.619479 -0.937928 0.302517 0.169628 -0.238894 0.241917 0.220167 0.944988 0.37847 0.200853 -0.150166 0.968044 0.385646 -0.979566 -0.0202352 0.200104 -0.494301 -0.0104603 -0.988454 -0.151162 0.445657 
1535136197729 0.248477 0.927314 -0.279906 -0.619249 -0.937896 0.30255 0.169748 -0.238818 0.242095 0.220345 0.944901 0.378545 0.203142 -0.149798 0.967623 0.385716 -0.97914 -0.0267546 0.201418 -0.494546 -0.00428375 -0.988355 -0.152108 0.445865 
1535136197735 0.248425 0.927261 -0.280128 -0.61902 -0.937864 0.302583 0.169867 -0.238742 0.242273 0.220523 0.944814 0.378619 0.205429 -0.149416 0.967199 0.385786 -0.97867 -0.0332723 0.202725 -0.49479 0.00189065 -0.988215 -0.153064 0.446072 
1535136197844 0.248373 0.927208 -0.280349 -0.61879 -0.937832 0.302615 0.169986 -0.238666 0.242451 0.220701 0.944727 0.378694 0.207712 -0.149017 0.966773 0.385856 -0.978157 -0.0397882 0.204025 -0.495035 0.00806281 -0.988034 -0.154027 0.446279 
1535136198110 0.248321 0.927155 -0.280571 -0.61856 -0.9378 0.302648 0.170106 -0.238591 0.242629 0.220879 0.944639 0.378768 0.209992 -0.148604 0.966344 0.385926 -0.977599 -0.0463017 0.205318 -0.495279 0.0142323 -0.987812 -0.154998 0.446487 
1535136198231 0.248269 0.927102 -0.280793 -0.618331 -0.937767 0.302681 0.170225 -0.238515 0.242807 0.221057 0.944552 0.378842 0.212269 -0.148176 0.965912 0.385996 -0.976998 -0.0528128 0.206604 -0.495523 0.0203988 -0.98755 -0.155978 0.446694 
1535136198533 0.248169 0.927183 -0.280611 -0.618564 -0.937809 0.302539 0.17025 -0.238526 0.242748 0.220909 0.944602 0.378766 0.20495 -0.149517 0.967285 0.38577 -0.978771 -0.0327712 0.202318 -0.494677 0.0014491 -0.988216 -0.153059 0.44606 
1535136198544 0.248298 0.92713 -0.280675 -0.618338 -0.937706 0.302736 0.170464 -0.23845 0.243012 0.220865 0.944544 0.37883 0.206331 -0.147847 0.967248 0.385783 -0.978468 -0.0365189 0.203143 -0.494862 0.00528888 -0.988336 -0.152198 0.445972 
1535136198646 0.248426 0.927076 -0.280741 -0.61811 -0.937604 0.302933 0.170677 -0.238373 0.243276 0.220823 0.944486 0.378894 0.207707 -0.146171 0.967208 0.385798 -0.978148 -0.0402649 0.203972 -0.495056 0.0091299 -0.98844 -0.15134 0.445885 
1535136198846 0.248554 0.927022 -0.280806 -0.617882 -0.937502 0.303129 0.170891 -0.238297 0.24354 0.22078 0.944428 0.378958 0.209076 -0.144489 0.967166 0.385813 -0.977813 -0.0440086 0.204803 -0.495247 0.0129719 -0.988527 -0.150484 0.445798 
1535136198853 0.248682 0.926968 -0.280871 -0.617654 -0.937399 0.303325 0.171105 -0.23822 0.243804 0.220737 0.94437 0.379022 0.210438 -0.142802 0.967121 0.385828 -0.977463 -0.0477503 0.205638 -0.495439 0.0168149 -0.988599 -0.149632 0.445711 
1535136199048 0.24881 0.926914 -0.280935 -0.617426 -0.937296 0.303521 0.171319 -0.238143 0.244068 0.220694 0.944312 0.379086 0.211793 -0.14111 0.967074 0.385842 -0.977096 -0.0514897 0.206475 -0.495629 0.0206588 -0.988654 -0.148783 0.445624 
1535136199106 0.248938 0.926859 -0.281001 -0.617198 -0.937194 0.303718 0.171533 -0.238067 0.244332 0.220651 0.944254 0.37915 0.213141 -0.139412 0.967024 0.385857 -0.976714 -0.055227 0.207315 -0.495822 0.0245037 -0.988693 -0.147936 0.445537 
1535136199256 0.249065 0.926806 -0.281066 -0.61697 -0.937091 0.303914 0.171747 -0.23799 0.244596 0.220608 0.944195 0.379214 0.214482 -0.137708 0.966971 0.385872 -0.976316 -0.0589619 0.208158 -0.496013 0.0283493 -0.988716 -0.147093 0.44545 
1535136199305 0.249193 0.926751 -0.281131 -0.616742 -0.936988 0.30411 0.171961 -0.237913 0.24486 0.220565 0.944137 0.379278 0.215817 -0.136 0.966916 0.385887 -0.975903 -0.0626946 0.209005 -0.496206 0.0321957 -0.988723 -0.146253 0.445363 
1535136199377 0.249321 0.926697 -0.281197 -0.616514 -0.936885 0.304307 0.172175 -0.237837 0.245124 0.220522 0.944079 0.379342 0.217145 -0.134286 0.966859 0.385902 -0.975474 -0.0664246 0.209854 -0.496397 0.0360428 -0.988714 -0.145416 0.445276 
1535136200053 0.249164 0.926778 -0.281071 -0.61672 -0.937007 0.304061 0.171945 -0.237911 0.244817 0.220523 0.944158 0.37932 0.216653 -0.134673 0.966915 0.385839 -0.975596 -0.0660874 0.209394 -0.496338 0.0357012 -0.988684 -0.145705 0.445344 
1535136200063 0.249317 0.92672 -0.281125 -0.616559 -0.93705 0.304142 0.171568 -0.237795 0.244497 0.220653 0.94421 0.379369 0.214473 -0.134899 0.967369 0.385794 -0.976283 -0.0595735 0.208142 -0.496246 0.0295515 -0.989067 -0.144476 0.445075 
1535136200069 0.249471 0.926662 -0.28118 -0.616396 -0.937092 0.304224 0.171191 -0.237678 0.244178 0.220784 0.944262 0.379418 0.212288 -0.135111 0.967822 0.385748 -0.976927 -0.0530561 0.206879 -0.496148 0.0233972 -0.989409 -0.143257 0.444805 
1535136200086 0.249625 0.926604 -0.281235 -0.616232 -0.937134 0.304306 0.170815 -0.237561 0.243859 0.220915 0.944314 0.379467 0.210101 -0.135309 0.968271 0.385701 -0.977528 -0.0465359 0.205606 -0.496049 0.0172391 -0.98971 -0.142045 0.444535 
1535136200283 0.249778 0.926546 -0.28129 -0.61607 -0.937176 0.304388 0.170439 -0.237444 0.24354 0.221046 0.944366 0.379516 0.207913 -0.135491 0.968718 0.385655 -0.978085 -0.040014 0.204327 -0.495952 0.0110777 -0.98997 -0.140841 0.444265 
1535136200344 0.249932 0.926487 -0.281345 -0.615907 -0.937218 0.304469 0.170062 -0.237327 0.243221 0.221177 0.944417 0.379565 0.205722 -0.13566 0.969162 0.385609 -0.978598 -0.0334899 0.203038 -0.495854 0.00491305 -0.990189 -0.139646 0.443995 
1535136200484 0.250086 0.926429 -0.281399 -0.615743 -0.93726 0.304551 0.169686 -0.23721 0.242902 0.221308 0.944469 0.379614 0.20353 -0.135813 0.969603 0.385562 -0.979068 -0.0269641 0.20174 -0.495755 -0.00125454 -0.990367 -0.138459 0.443725 
1535136200490 0.25024 0.926371 -0.281454 -0.61558 -0.937301 0.304633 0.169309 -0.237093 0.242583 0.221439 0.94452 0.379663 0.201337 -0.135953 0.970041 0.385516 -0.979494 -0.0204372 0.200435 -0.495658 -0.00742465 -0.990505 -0.137279 0.443455 
1535136200524 0.250394 0.926313 -0.281509 -0.615417 -0.937343 0.304714 0.168933 -0.236976 0.242264 0.22157 0.944571 0.379713 0.199142 -0.136077 0.970477 0.385469 -0.979876 -0.0139091 0.19912 -0.495558 -0.0135972 -0.990601 -0.136109 0.443185 
1535136200686 0.250547 0.926255 -0.281563 -0.615254 -0.937384 0.304795 0.168556 -0.236859 0.241945 0.221701 0.944622 0.379762 0.196946 -0.136187 0.97091 0.385423 -0.980215 -0.00738045 0.197798 -0.495461 -0.0197718 -0.990656 -0.134946 0.442915 
1535136201346 0.250497 0.92629 -0.281491 -0.615399 -0.937355 0.304773 0.168758 -0.237064 0.24211 0.221583 0.944608 0.379721 0.199572 -0.13615 0.970378 0.385468 -0.9798 -0.0148395 0.199428 -0.495675 -0.0127523 -0.990577 -0.136362 0.443321 
1535136201357 0.250582 0.926239 -0.281585 -0.615153 -0.937342 0.304862 0.168669 -0.236933 0.242072 0.221676 0.944596 0.379824 0.199031 -0.136171 0.970487 0.385459 -0.979891 -0.0133458 0.199087 -0.495724 -0.014158 -0.990595 -0.136089 0.443245 
1535136201364 0.250661 0.926184 -0.281696 -0.614932 -0.937323 0.304956 0.168605 -0.236849 0.242064 0.221778 0.944574 0.379903 0.198488 -0.136192 0.970595 0.38545 -0.97998 -0.0118511 0.198744 -0.49577 -0.0155647 -0.990612 -0.135817 0.443169 
1535136201566 0.250741 0.926128 -0.281808 -0.614712 -0.937303 0.305051 0.168541 -0.236764 0.242056 0.221879 0.944552 0.379981 0.197945 -0.136211 0.970703 0.385441 -0.980066 -0.0103565 0.198401 -0.495816 -0.0169714 -0.990626 -0.135546 0.443093 
1535136201649 0.25082 0.926073 -0.28192 -0.614491 -0.937284 0.305145 0.168477 -0.23668 0.242049 0.221981 0.94453 0.38006 0.197402 -0.13623 0.970811 0.385431 -0.98015 -0.00886182 0.198058 -0.495861 -0.0183783 -0.990638 -0.135276 0.443017 
1535136201664 0.2509 0.926017 -0.282031 -0.614269 -0.937265 0.30524 0.168414 -0.236595 0.242041 0.222083 0.944508 0.380139 0.196859 -0.136248 0.970919 0.385422 -0.980232 -0.00736708 0.197714 -0.495906 -0.0197854 -0.990647 -0.135005 0.442941 
1535136201772 0.250979 0.925962 -0.282143 -0.61405 -0.937246 0.305334 0.16835 -0.236511 0.242033 0.222185 0.944486 0.380218 0.196317 -0.136266 0.971026 0.385413 -0.980312 -0.00587242 0.19737 -0.495952 -0.0211925 -0.990655 -0.134736 0.442865 
1535136201884 0.251059 0.925906 -0.282254 -0.613828 -0.937226 0.305429 0.168286 -0.236426 0.242026 0.222286 0.944464 0.380297 0.195773 -0.136282 0.971133 0.385403 -0.980389 -0.00437761 0.197025 -0.495997 -0.0225997 -0.99066 -0.134467 0.442789 
1535136201988 0.251138 0.92585 -0.282366 -0.613608 -0.937207 0.305523 0.168222 -0.236342 0.242018 0.222388 0.944442 0.380375 0.195231 -0.136298 0.97124 0.385394 -0.980464 -0.0028829 0.19668 -0.496043 -0.024007 -0.990664 -0.134198 0.442713 
1535136202133 0.251218 0.925795 -0.282477 -0.613388 -0.937188 0.305618 0.168159 -0.236258 0.24201 0.22249 0.94442 0.380454 0.194688 -0.136313 0.971347 0.385384 -0.980536 -0.00138817 0.196334 -0.49609 -0.0254144 -0.990665 -0.13393 0.442637 
1535136202378 0.251169 0.925847 -0.282349 -0.613594 -0.937186 0.305561 0.168272 -0.236354 0.242069 0.222348 0.944438 0.380383 0.195141 -0.136348 0.971251 0.385421 -0.98047 -0.0024113 0.196655 -0.496066 -0.0244716 -0.990658 -0.134156 0.442683 
1535136202391 0.251319 0.925823 -0.282295 -0.613269 -0.937142 0.305698 0.168266 -0.236227 0.242082 0.222262 0.944455 0.380461 0.195015 -0.136249 0.97129 0.385419 -0.980491 -0.00222182 0.196551 -0.496172 -0.0246219 -0.990672 -0.134025 0.44264 
1535136202399 0.25147 0.925798 -0.282242 -0.612939 -0.937099 0.305835 0.168259 -0.236098 0.242093 0.222177 0.944472 0.380541 0.19489 -0.136151 0.971329 0.385417 -0.980512 -0.00203226 0.196448 -0.496278 -0.0247727 -0.990686 -0.133894 0.442596 
1535136202404 0.251621 0.925773 -0.28219 -0.61261 -0.937055 0.305972 0.168251 -0.235969 0.242105 0.222092 0.94449 0.38062 0.194766 -0.136053 0.971368 0.385415 -0.980533 -0.00184269 0.196345 -0.496385 -0.0249235 -0.9907 -0.133764 0.442553 
1535136202411 0.251771 0.925748 -0.282137 -0.61228 -0.937012 0.30611 0.168244 -0.23584 0.242116 0.222007 0.944507 0.380699 0.194641 -0.135955 0.971407 0.385413 -0.980554 -0.00165317 0.196242 -0.496491 -0.0250743 -0.990714 -0.133633 0.44251 
1535136202551 0.251922 0.925723 -0.282084 -0.611952 -0.936968 0.306247 0.168237 -0.235712 0.242128 0.221921 0.944524 0.380778 0.194516 -0.135857 0.971445 0.385411 -0.980575 -0.00146372 0.19614 -0.496598 -0.025225 -0.990727 -0.133503 0.442466 
1535136202558 0.252073 0.925698 -0.282032 -0.611622 -0.936925 0.306384 0.168229 -0.235582 0.242139 0.221836 0.944541 0.380857 0.194391 -0.135759 0.971484 0.385409 -0.980596 -0.00127412 0.196036 -0.496704 -0.0253759 -0.990741 -0.133372 0.442423 
1535136202590 0.252223 0.925673 -0.281979 -0.611293 -0.936881 0.306521 0.168222 -0.235454 0.242151 0.221751 0.944558 0.380936 0.194267 -0.135661 0.971523 0.385407 -0.980617 -0.0010847 0.195934 -0.496811 -0.0255267 -0.990755 -0.133242 0.44238 
1535136202598 0.252374 0.925648 -0.281926 -0.610962 -0.936838 0.306658 0.168214 -0.235324 0.242162 0.221666 0.944575 0.381016 0.194142 -0.135563 0.971561 0.385405 -0.980637 -0.000895135 0.19583 -0.496917 -0.0256776 -0.990768 -0.133112 0.442337 
1535136202644 0.252525 0.925623 -0.281874 -0.610633 -0.936794 0.306795 0.168207 -0.235195 0.242174 0.221581 0.944592 0.381095 0.194017 -0.135464 0.9716 0.385403 -0.980658 -0.000705619 0.195727 -0.497024 -0.0258285 -0.990782 -0.132981 0.442293 
1535136203082 0.252095 0.925868 -0.281456 -0.610875 -0.936924 0.306296 0.168395 -0.235179 0.24212 0.221251 0.944683 0.381182 0.194619 -0.1359 0.971419 0.385465 -0.980557 -0.00157545 0.19623 -0.496544 -0.0251372 -0.990721 -0.133564 0.442494 
1535136203100 0.252274 0.925819 -0.281456 -0.610651 -0.936886 0.306457 0.16831 -0.235053 0.242079 0.221232 0.944698 0.38122 0.196703 -0.136481 0.970918 0.385527 -0.980265 -0.00746966 0.197547 -0.496912 -0.019709 -0.990615 -0.135257 0.442789 
1535136203119 0.252452 0.92577 -0.281457 -0.610426 -0.936849 0.306618 0.168225 -0.234927 0.242037 0.221214 0.944713 0.381258 0.198791 -0.137049 0.970412 0.385591 -0.979938 -0.0133647 0.198854 -0.497285 -0.0142835 -0.990474 -0.136956 0.443084 
1535136203126 0.252631 0.925721 -0.281457 -0.610201 -0.936812 0.306779 0.168139 -0.234801 0.241995 0.221195 0.944728 0.381297 0.20088 -0.137604 0.969903 0.385655 -0.979576 -0.01926 0.200151 -0.497658 -0.00886128 -0.9903 -0.138663 0.443379 
1535136203187 0.25281 0.925672 -0.281458 -0.609977 -0.936774 0.306939 0.168053 -0.234675 0.241953 0.221177 0.944743 0.381335 0.202973 -0.138147 0.96939 0.385719 -0.979178 -0.0251555 0.201438 -0.498032 -0.00344239 -0.990092 -0.140376 0.443674 
1535136203326 0.252988 0.925623 -0.281458 -0.609751 -0.936737 0.3071 0.167968 -0.234549 0.24191 0.221158 0.944758 0.381373 0.205068 -0.138676 0.968874 0.385783 -0.978746 -0.0310509 0.202713 -0.498406 0.00197293 -0.989851 -0.142096 0.443969 
