1530718452057 0.203933 -0.95814 0.200945 -0.428967 0.744414 0.285075 0.603805 -0.22525 -0.635814 0.0264506 0.771389 0.445634 0.16008 -0.775623 -0.61056 0.370831 -0.304787 0.549475 -0.777934 -0.528794 0.938871 0.310623 -0.14844 0.432481 
1530718452072 0.164772 -0.96766 0.191011 -0.44827 0.757175 0.248201 0.60422 -0.227648 -0.632089 0.0450702 0.773584 0.444212 0.316303 -0.930107 0.186692 0.400737 -0.384297 -0.305552 -0.87118 -0.506298 0.867334 0.203811 -0.454084 0.485861 
1530718453010 0.12523 -0.975454 0.181127 -0.463631 0.768906 0.210795 0.603613 -0.228551 -0.626977 0.0636792 0.776431 0.440509 0.31624 -0.929998 0.187341 0.400835 -0.384858 -0.306261 -0.870683 -0.50443 0.867108 0.203245 -0.454769 0.485877 
1530718453897 0.0853358 -0.981504 0.171367 -0.479662 0.779143 0.172939 0.602518 -0.229915 -0.62101 0.0821033 0.77949 0.436758 0.316222 -0.930001 0.187352 0.400792 -0.384859 -0.306263 -0.870682 -0.504314 0.867114 0.203225 -0.454766 0.485865 
1530718454802 0.0451831 -0.985802 0.161718 -0.495912 0.787809 0.134702 0.601009 -0.231411 -0.61426 0.100248 0.78271 0.433022 0.316221 -0.930002 0.187353 0.400788 -0.384859 -0.306263 -0.870682 -0.504306 0.867115 0.203223 -0.454766 0.485864 
1530718455702 0.00485165 -0.98834 0.152188 -0.512176 0.794873 0.096155 0.599108 -0.23291 -0.606756 0.118064 0.786071 0.429312 0.316221 -0.930002 0.187353 0.400789 -0.384859 -0.306263 -0.870682 -0.504305 0.867115 0.203223 -0.454767 0.485865 
1530718456641 -0.0355858 -0.989112 0.142797 -0.528441 0.800323 0.0573681 0.596819 -0.234408 -0.598512 0.135522 0.789567 0.425626 0.31622 -0.930002 0.187352 0.400791 -0.38486 -0.306263 -0.870681 -0.504305 0.867114 0.203223 -0.454767 0.485865 
1530718457567 -0.076056 -0.988118 0.13356 -0.544698 0.804149 0.0184121 0.594143 -0.235903 -0.589542 0.15259 0.793194 0.421959 0.31622 -0.930002 0.187352 0.400792 -0.384861 -0.306263 -0.870681 -0.504304 0.867114 0.203222 -0.454768 0.485866 
1530718457574 -0.116484 -0.985359 0.124495 -0.560895 0.806342 -0.020641 0.591089 -0.23737 -0.579865 0.169238 0.796941 0.418327 0.31622 -0.930002 0.187352 0.400793 -0.384861 -0.306262 -0.870681 -0.504304 0.867114 0.203222 -0.454768 0.485866 
1530718458898 -0.156733 -0.980855 0.115577 -0.576238 0.806855 -0.0596755 0.587728 -0.238398 -0.569579 0.18537 0.800761 0.415038 0.31622 -0.930002 0.187352 0.400792 -0.384861 -0.306262 -0.870681 -0.504305 0.867114 0.203223 -0.454768 0.485866 
1530718459939 -0.156699 -0.980864 0.11555 -0.576257 0.80691 -0.0596809 0.587652 -0.23835 -0.56951 0.185323 0.80082 0.415068 0.31622 -0.930002 0.187352 0.400792 -0.384861 -0.306262 -0.870681 -0.504305 0.867114 0.203223 -0.454768 0.485866 
1530718460195 -0.160715 -0.980319 0.114654 -0.578152 0.80683 -0.0635786 0.587353 -0.238562 -0.568504 0.186903 0.801168 0.414808 0.31622 -0.930002 0.187352 0.400795 -0.384862 -0.306262 -0.870681 -0.504304 0.867114 0.203222 -0.454769 0.485867 
1530718460592 -0.164752 -0.979749 0.113793 -0.579828 0.80679 -0.0674936 0.58697 -0.238762 -0.567403 0.188512 0.801571 0.414372 0.31622 -0.930002 0.187352 0.400795 -0.384862 -0.306262 -0.87068 -0.504304 0.867114 0.203222 -0.454769 0.485867 
1530718460973 -0.168785 -0.979162 0.112934 -0.581502 0.806733 -0.0714075 0.586586 -0.238961 -0.566298 0.190114 0.801975 0.413939 0.31622 -0.930002 0.187352 0.400795 -0.384862 -0.306262 -0.87068 -0.504304 0.867114 0.203222 -0.454769 0.485867 
1530718461385 -0.172817 -0.978557 0.112076 -0.58318 0.806658 -0.0753204 0.586199 -0.23916 -0.565188 0.191712 0.802378 0.41351 0.31622 -0.930002 0.187352 0.400795 -0.384862 -0.306262 -0.87068 -0.504304 0.867114 0.203222 -0.454769 0.485867 
1530718461391 -0.176845 -0.977935 0.111219 -0.584861 0.806566 -0.0792323 0.58581 -0.239359 -0.564072 0.193303 0.802781 0.413083 0.31622 -0.930002 0.187352 0.400795 -0.384862 -0.306262 -0.87068 -0.504304 0.867114 0.203222 -0.454769 0.485867 
1530718461904 -0.180871 -0.977295 0.110364 -0.586545 0.806457 -0.0831433 0.585418 -0.239558 -0.56295 0.194889 0.803184 0.412659 0.31622 -0.930002 0.187352 0.400795 -0.384862 -0.306262 -0.87068 -0.504304 0.867114 0.203222 -0.454769 0.485867 
1530718462301 -0.184895 -0.976638 0.109512 -0.58823 0.806331 -0.0870533 0.585023 -0.239757 -0.561822 0.19647 0.803589 0.412236 0.31622 -0.930002 0.187352 0.400795 -0.384862 -0.306262 -0.87068 -0.504304 0.867114 0.203222 -0.454769 0.485867 
1530718462698 -0.188914 -0.975964 0.108658 -0.589928 0.806183 -0.0909606 0.584632 -0.239954 -0.560696 0.198043 0.803989 0.41183 0.31622 -0.930002 0.187352 0.400795 -0.384862 -0.306262 -0.87068 -0.504304 0.867114 0.203222 -0.454769 0.485867 
1530718462705 -0.192923 -0.975274 0.107802 -0.591536 0.806014 -0.0948612 0.584246 -0.240102 -0.559573 0.199604 0.804385 0.41146 0.31622 -0.930002 0.187352 0.400795 -0.384862 -0.306262 -0.87068 -0.504304 0.867114 0.203222 -0.454769 0.485867 
1530718463281 -0.192919 -0.975271 0.10784 -0.591545 0.805966 -0.0948176 0.584319 -0.240071 -0.559644 0.199641 0.804327 0.411441 0.31622 -0.930002 0.187352 0.400795 -0.384862 -0.306262 -0.87068 -0.504304 0.867114 0.203222 -0.454769 0.485867 
1530718463441 -0.195019 -0.975078 0.105786 -0.591825 0.805326 -0.0976297 0.584738 -0.240384 -0.559838 0.199227 0.804295 0.411516 0.31622 -0.930002 0.187352 0.400795 -0.384862 -0.306262 -0.87068 -0.504304 0.867114 0.203222 -0.454769 0.485867 
1530718463788 -0.197118 -0.974877 0.10373 -0.592105 0.80468 -0.100443 0.585151 -0.240697 -0.560031 0.198813 0.804263 0.411591 0.31622 -0.930002 0.187352 0.400795 -0.384862 -0.306262 -0.87068 -0.504304 0.867114 0.203222 -0.454769 0.485867 
1530718464144 -0.199215 -0.974667 0.101672 -0.592385 0.804028 -0.103256 0.585557 -0.24101 -0.560225 0.198399 0.80423 0.411665 0.31622 -0.930002 0.187352 0.400795 -0.384862 -0.306262 -0.87068 -0.504304 0.867114 0.203222 -0.454769 0.485867 
1530718464500 -0.201311 -0.974449 0.0996134 -0.592665 0.80337 -0.106068 0.585958 -0.241323 -0.56042 0.197986 0.804196 0.41174 0.31622 -0.930002 0.187352 0.400795 -0.384862 -0.306262 -0.87068 -0.504304 0.867114 0.203222 -0.454769 0.485867 
1530718464811 -0.203404 -0.974223 0.0975544 -0.592945 0.802705 -0.108879 0.586353 -0.241636 -0.560616 0.197574 0.80416 0.411815 0.31622 -0.930002 0.187352 0.400795 -0.384862 -0.306262 -0.87068 -0.504304 0.867114 0.203222 -0.454769 0.485867 
1530718465110 -0.205495 -0.973988 0.0954936 -0.593224 0.802035 -0.11169 0.586741 -0.24195 -0.560813 0.197162 0.804124 0.41189 0.31622 -0.930002 0.187352 0.400795 -0.384862 -0.306262 -0.87068 -0.504304 0.867114 0.203222 -0.454769 0.485867 
1530718465409 -0.207585 -0.973745 0.0934314 -0.593504 0.801359 -0.1145 0.587123 -0.242263 -0.561011 0.19675 0.804087 0.411965 0.31622 -0.930002 0.187352 0.400795 -0.384862 -0.306262 -0.87068 -0.504304 0.867114 0.203222 -0.454769 0.485867 
1530718465784 -0.209671 -0.973494 0.0913684 -0.593783 0.800676 -0.117309 0.5875 -0.242575 -0.561209 0.196339 0.804049 0.41204 0.31622 -0.930002 0.187352 0.400795 -0.384862 -0.306262 -0.87068 -0.504304 0.867114 0.203222 -0.454769 0.485867 
1530718466107 -0.211754 -0.973234 0.0893067 -0.594044 0.799988 -0.120115 0.587871 -0.242872 -0.561409 0.195929 0.80401 0.412114 0.31622 -0.930002 0.187352 0.400795 -0.384862 -0.306262 -0.87068 -0.504304 0.867114 0.203222 -0.454769 0.485867 
1530718466557 -0.211849 -0.973215 0.0892916 -0.594092 0.800005 -0.120212 0.587827 -0.242798 -0.561348 0.195964 0.804044 0.412144 0.31622 -0.930002 0.187352 0.400795 -0.384862 -0.306262 -0.87068 -0.504304 0.867114 0.203222 -0.454769 0.485867 
1530718466712 -0.215578 -0.972525 0.0878686 -0.594168 0.801789 -0.12493 0.584402 -0.243217 -0.557369 0.196437 0.806693 0.411869 0.31622 -0.930002 0.187352 0.400795 -0.384862 -0.306262 -0.87068 -0.504304 0.867114 0.203222 -0.454769 0.485867 
1530718467134 -0.219309 -0.971817 0.0864634 -0.594244 0.803541 -0.129646 0.58096 -0.243636 -0.553377 0.196886 0.809327 0.411594 0.31622 -0.930002 0.187352 0.400795 -0.384862 -0.306262 -0.87068 -0.504304 0.867114 0.203222 -0.454769 0.485867 
1530718467141 -0.223042 -0.971089 0.0850743 -0.59432 0.805259 -0.134361 0.577499 -0.244054 -0.549373 0.197314 0.811946 0.411319 0.31622 -0.930002 0.187352 0.400795 -0.384862 -0.306262 -0.87068 -0.504304 0.867114 0.203222 -0.454769 0.485867 
1530718467672 -0.226778 -0.970343 0.0837017 -0.594396 0.806943 -0.139075 0.574021 -0.244473 -0.545357 0.197718 0.814551 0.411045 0.31622 -0.930002 0.187352 0.400795 -0.384862 -0.306262 -0.87068 -0.504304 0.867114 0.203222 -0.454769 0.485867 
1530718468072 -0.230513 -0.969579 0.0823421 -0.594493 0.80859 -0.143786 0.570533 -0.244894 -0.541337 0.198096 0.817137 0.410785 0.31622 -0.930002 0.187352 0.400795 -0.384862 -0.306262 -0.87068 -0.504304 0.867114 0.203222 -0.454769 0.485867 
1530718468504 -0.234249 -0.968797 0.080995 -0.594614 0.810198 -0.148494 0.567035 -0.245316 -0.537314 0.198449 0.819702 0.410542 0.31622 -0.930002 0.187352 0.400795 -0.384862 -0.306262 -0.87068 -0.504304 0.867114 0.203222 -0.454769 0.485867 
1530718468914 -0.237986 -0.967996 0.0796638 -0.594738 0.811772 -0.153201 0.563521 -0.24574 -0.533282 0.198779 0.822252 0.410301 0.31622 -0.930002 0.187352 0.400795 -0.384862 -0.306262 -0.87068 -0.504304 0.867114 0.203222 -0.454769 0.485867 
1530718469297 -0.241724 -0.967177 0.0783479 -0.594865 0.813311 -0.157905 0.559992 -0.246162 -0.52924 0.199085 0.824785 0.410066 0.31622 -0.930002 0.187352 0.400795 -0.384862 -0.306262 -0.87068 -0.504304 0.867114 0.203222 -0.454769 0.485867 
1530718469303 -0.245457 -0.966341 0.0770459 -0.594969 0.814809 -0.162601 0.55646 -0.246554 -0.525202 0.199365 0.827295 0.409867 0.31622 -0.930002 0.187352 0.400795 -0.384862 -0.306262 -0.87068 -0.504304 0.867114 0.203222 -0.454769 0.485867 
1530718469869 -0.245447 -0.966345 0.0770214 -0.594943 0.814787 -0.162597 0.556492 -0.246589 -0.52524 0.199345 0.827275 0.409834 0.31622 -0.930002 0.187352 0.400795 -0.384862 -0.306262 -0.87068 -0.504304 0.867114 0.203222 -0.454769 0.485867 
1530718469879 -0.248768 -0.965636 0.0752428 -0.595245 0.816409 -0.167256 0.552722 -0.246817 -0.521144 0.198929 0.829962 0.40961 0.31622 -0.930002 0.187352 0.400795 -0.384862 -0.306262 -0.87068 -0.504304 0.867114 0.203222 -0.454769 0.485867 
1530718470520 -0.252271 -0.964859 0.0735293 -0.595322 0.818125 -0.172092 0.548686 -0.24708 -0.516751 0.198573 0.832789 0.409254 0.31622 -0.930002 0.187352 0.400795 -0.384862 -0.306262 -0.87068 -0.504304 0.867114 0.203222 -0.454769 0.485867 
1530718471175 -0.255777 -0.964063 0.0718323 -0.595398 0.819803 -0.176923 0.54463 -0.247343 -0.512349 0.198192 0.835595 0.408901 0.31622 -0.930002 0.187352 0.400795 -0.384862 -0.306262 -0.87068 -0.504304 0.867114 0.203222 -0.454769 0.485867 
1530718471810 -0.259287 -0.963249 0.0701515 -0.595481 0.821442 -0.181748 0.540555 -0.247606 -0.50794 0.197784 0.838379 0.408553 0.31622 -0.930002 0.187352 0.400795 -0.384862 -0.306262 -0.87068 -0.504304 0.867114 0.203222 -0.454769 0.485867 
1530718472423 -0.2628 -0.962417 0.068487 -0.595573 0.823044 -0.186567 0.536463 -0.247871 -0.503523 0.19735 0.841141 0.408211 0.31622 -0.930002 0.187352 0.400795 -0.384862 -0.306262 -0.87068 -0.504304 0.867114 0.203222 -0.454769 0.485867 
1530718472997 -0.266315 -0.961566 0.0668385 -0.595674 0.824606 -0.191379 0.532352 -0.248136 -0.4991 0.196889 0.84388 0.407876 0.31622 -0.930002 0.187352 0.400795 -0.384862 -0.306262 -0.87068 -0.504304 0.867114 0.203222 -0.454769 0.485867 
1530718473513 -0.269834 -0.960697 0.0652059 -0.595787 0.826129 -0.196185 0.528225 -0.248402 -0.494671 0.196402 0.846597 0.407548 0.31622 -0.930002 0.187352 0.400795 -0.384862 -0.306262 -0.87068 -0.504304 0.867114 0.203222 -0.454769 0.485867 
1530718474032 -0.273355 -0.959809 0.0635886 -0.595911 0.827613 -0.200984 0.524082 -0.248669 -0.490239 0.195887 0.84929 0.407231 0.31622 -0.930002 0.187352 0.400795 -0.384862 -0.306262 -0.87068 -0.504304 0.867114 0.203222 -0.454769 0.485867 
1530718474537 -0.276873 -0.958905 0.0619857 -0.596018 0.82905 -0.205769 0.519937 -0.248912 -0.485816 0.195346 0.851952 0.406957 0.31622 -0.930002 0.187352 0.400795 -0.384862 -0.306262 -0.87068 -0.504304 0.867114 0.203222 -0.454769 0.485867 
1530718474982 -0.27671 -0.95896 0.061861 -0.595999 0.829 -0.205662 0.52006 -0.248985 -0.485995 0.195189 0.851886 0.406905 0.31622 -0.930002 0.187352 0.400795 -0.384862 -0.306262 -0.87068 -0.504304 0.867114 0.203222 -0.454769 0.485867 
1530718475193 -0.279703 -0.95817 0.0606311 -0.596307 0.830044 -0.209599 0.516813 -0.249176 -0.482486 0.194881 0.853949 0.406765 0.31622 -0.930002 0.187352 0.400795 -0.384862 -0.306262 -0.87068 -0.504304 0.867114 0.203222 -0.454769 0.485867 
1530718475876 -0.282719 -0.957359 0.0594542 -0.596376 0.831115 -0.21355 0.513463 -0.249344 -0.478872 0.194579 0.85605 0.406454 0.31622 -0.930002 0.187352 0.400795 -0.384862 -0.306262 -0.87068 -0.504304 0.867114 0.203222 -0.454769 0.485867 
1530718476514 -0.285734 -0.956535 0.0582876 -0.596446 0.832159 -0.217497 0.510105 -0.24951 -0.475255 0.194259 0.858135 0.40615 0.31622 -0.930002 0.187352 0.400795 -0.384862 -0.306262 -0.87068 -0.504304 0.867114 0.203222 -0.454769 0.485867 
1530718477094 -0.288749 -0.955699 0.0571314 -0.596527 0.833176 -0.221438 0.506738 -0.249677 -0.471638 0.193921 0.860205 0.405854 0.31622 -0.930002 0.187352 0.400795 -0.384862 -0.306262 -0.87068 -0.504304 0.867114 0.203222 -0.454769 0.485867 
1530718477683 -0.291765 -0.95485 0.0559858 -0.596618 0.834166 -0.225375 0.503362 -0.249845 -0.468018 0.193565 0.86226 0.405565 0.31622 -0.930002 0.187352 0.400795 -0.384862 -0.306262 -0.87068 -0.504304 0.867114 0.203222 -0.454769 0.485867 
1530718477690 -0.294781 -0.953989 0.0548509 -0.59672 0.835129 -0.229307 0.499978 -0.250015 -0.464396 0.193192 0.864299 0.405283 0.31622 -0.930002 0.187352 0.400795 -0.384862 -0.306262 -0.87068 -0.504304 0.867114 0.203222 -0.454769 0.485867 
1530718478361 -0.297798 -0.953116 0.0537266 -0.596833 0.836065 -0.233233 0.496586 -0.250186 -0.460773 0.192801 0.866323 0.405008 0.31622 -0.930002 0.187352 0.400795 -0.384862 -0.306262 -0.87068 -0.504304 0.867114 0.203222 -0.454769 0.485867 
1530718478826 -0.300814 -0.952231 0.0526124 -0.596956 0.836974 -0.237154 0.493186 -0.250357 -0.45715 0.192392 0.868331 0.404743 0.31622 -0.930002 0.187352 0.400795 -0.384862 -0.306262 -0.87068 -0.504304 0.867114 0.203222 -0.454769 0.485867 
1530718479234 -0.303825 -0.951335 0.0515067 -0.597065 0.837851 -0.241064 0.48979 -0.250509 -0.453537 0.191965 0.870318 0.404513 0.31622 -0.930002 0.187352 0.400795 -0.384862 -0.306262 -0.87068 -0.504304 0.867114 0.203222 -0.454769 0.485867 
1530718479637 -0.303745 -0.951362 0.0514641 -0.597036 0.837784 -0.240978 0.489947 -0.250545 -0.453716 0.191935 0.870232 0.404461 0.31622 -0.930002 0.187352 0.400795 -0.384862 -0.306262 -0.87068 -0.504304 0.867114 0.203222 -0.454769 0.485867 
1530718479922 -0.307209 -0.95026 0.0512743 -0.597338 0.8387 -0.244896 0.486424 -0.250793 -0.449673 0.192437 0.872217 0.404271 0.31622 -0.930002 0.187352 0.400795 -0.384862 -0.306262 -0.87068 -0.504304 0.867114 0.203222 -0.454769 0.485867 
1530718480516 -0.310682 -0.949138 0.0511267 -0.59748 0.83962 -0.248825 0.48283 -0.251024 -0.44555 0.192933 0.874221 0.403969 0.31622 -0.930002 0.187352 0.400795 -0.384862 -0.306262 -0.87068 -0.504304 0.867114 0.203222 -0.454769 0.485867 
1530718481085 -0.314151 -0.948003 0.0509925 -0.597625 0.840509 -0.252752 0.47923 -0.251254 -0.441423 0.19341 0.876207 0.403674 0.31622 -0.930002 0.187352 0.400795 -0.384862 -0.306262 -0.87068 -0.504304 0.867114 0.203222 -0.454769 0.485867 
1530718481609 -0.317615 -0.946854 0.0508718 -0.597778 0.841367 -0.256676 0.475624 -0.251484 -0.437289 0.193867 0.878176 0.403384 0.31622 -0.930002 0.187352 0.400795 -0.384862 -0.306262 -0.87068 -0.504304 0.867114 0.203222 -0.454769 0.485867 
1530718482139 -0.321074 -0.945692 0.0507647 -0.59794 0.842195 -0.260598 0.472013 -0.251716 -0.43315 0.194305 0.880129 0.4031 0.31622 -0.930002 0.187352 0.400795 -0.384862 -0.306262 -0.87068 -0.504304 0.867114 0.203222 -0.454769 0.485867 
1530718482642 -0.324529 -0.944517 0.0506713 -0.598111 0.842992 -0.264517 0.468396 -0.251949 -0.429005 0.194724 0.882064 0.402822 0.31622 -0.930002 0.187352 0.400795 -0.384862 -0.306262 -0.87068 -0.504304 0.867114 0.203222 -0.454769 0.485867 
1530718483116 -0.327979 -0.943329 0.0505914 -0.598291 0.843758 -0.268434 0.464774 -0.252183 -0.424855 0.195123 0.883983 0.40255 0.31622 -0.930002 0.187352 0.400795 -0.384862 -0.306262 -0.87068 -0.504304 0.867114 0.203222 -0.454769 0.485867 
1530718483535 -0.331424 -0.942128 0.0505242 -0.59848 0.844493 -0.272347 0.461148 -0.252418 -0.420701 0.195503 0.885883 0.402287 0.31622 -0.930002 0.187352 0.400795 -0.384862 -0.306262 -0.87068 -0.504304 0.867114 0.203222 -0.454769 0.485867 
1530718483921 -0.334857 -0.940917 0.0504645 -0.598646 0.845193 -0.276252 0.45753 -0.252628 -0.416557 0.19586 0.887761 0.402065 0.31622 -0.930002 0.187352 0.400795 -0.384862 -0.306262 -0.87068 -0.504304 0.867114 0.203222 -0.454769 0.485867 
1530718484319 -0.334775 -0.940947 0.0504505 -0.598648 0.845224 -0.276188 0.457511 -0.252655 -0.41656 0.195805 0.887772 0.40208 0.31622 -0.930002 0.187352 0.400795 -0.384862 -0.306262 -0.87068 -0.504304 0.867114 0.203222 -0.454769 0.485867 
1530718484482 -0.337786 -0.939913 0.0496417 -0.598935 0.846004 -0.280075 0.453691 -0.252804 -0.412527 0.195248 0.889775 0.401849 0.31622 -0.930002 0.187352 0.400795 -0.384862 -0.306262 -0.87068 -0.504304 0.867114 0.203222 -0.454769 0.485867 
1530718485063 -0.340807 -0.938862 0.0488691 -0.599089 0.84678 -0.283968 0.449806 -0.252939 -0.408429 0.194678 0.891788 0.401526 0.31622 -0.930002 0.187352 0.400795 -0.384862 -0.306262 -0.87068 -0.504304 0.867114 0.203222 -0.454769 0.485867 
1530718485594 -0.343826 -0.9378 0.0481088 -0.599247 0.847527 -0.287854 0.445914 -0.253074 -0.404329 0.19409 0.893782 0.40121 0.31622 -0.930002 0.187352 0.400795 -0.384862 -0.306262 -0.87068 -0.504304 0.867114 0.203222 -0.454769 0.485867 
1530718486105 -0.346844 -0.936726 0.047361 -0.599414 0.848243 -0.291733 0.442013 -0.253209 -0.400228 0.193483 0.895758 0.4009 0.31622 -0.930002 0.187352 0.400795 -0.384862 -0.306262 -0.87068 -0.504304 0.867114 0.203222 -0.454769 0.485867 
1530718486600 -0.34986 -0.935641 0.0466261 -0.599588 0.84893 -0.295605 0.438104 -0.253346 -0.396125 0.192857 0.897714 0.400594 0.31622 -0.930002 0.187352 0.400795 -0.384862 -0.306262 -0.87068 -0.504304 0.867114 0.203222 -0.454769 0.485867 
1530718486607 -0.352875 -0.934544 0.0459039 -0.59977 0.849588 -0.29947 0.434186 -0.253483 -0.392019 0.192213 0.899653 0.400293 0.31622 -0.930002 0.187352 0.400795 -0.384862 -0.306262 -0.87068 -0.504304 0.867114 0.203222 -0.454769 0.485867 
1530718487194 -0.355889 -0.933435 0.0451943 -0.59996 0.850216 -0.303328 0.430261 -0.253621 -0.387912 0.19155 0.901573 0.399998 0.31622 -0.930002 0.187352 0.400795 -0.384862 -0.306262 -0.87068 -0.504304 0.867114 0.203222 -0.454769 0.485867 
1530718487606 -0.358901 -0.932315 0.0444966 -0.600158 0.850814 -0.307179 0.426329 -0.25376 -0.383804 0.190868 0.903473 0.399711 0.31622 -0.930002 0.187352 0.400795 -0.384862 -0.306262 -0.87068 -0.504304 0.867114 0.203222 -0.454769 0.485867 
1530718487982 -0.361906 -0.931185 0.0438074 -0.600333 0.851378 -0.311017 0.422403 -0.253879 -0.379711 0.190167 0.905349 0.399462 0.31622 -0.930002 0.187352 0.400795 -0.384862 -0.306262 -0.87068 -0.504304 0.867114 0.203222 -0.454769 0.485867 
1530718488376 -0.361879 -0.931192 0.0438735 -0.600357 0.851358 -0.310948 0.422494 -0.253847 -0.379781 0.190244 0.905303 0.399478 0.31622 -0.930002 0.187352 0.400795 -0.384862 -0.306262 -0.87068 -0.504304 0.867114 0.203222 -0.454769 0.485867 
1530718488623 -0.365153 -0.929942 0.0432527 -0.600642 0.851744 -0.314973 0.418716 -0.254029 -0.375758 0.189736 0.907086 0.399238 0.31622 -0.930002 0.187352 0.400795 -0.384862 -0.306262 -0.87068 -0.504304 0.867114 0.203222 -0.454769 0.485867 
1530718489152 -0.368432 -0.928675 0.0426652 -0.60082 0.852121 -0.319 0.414885 -0.2542 -0.371683 0.189213 0.908873 0.398925 0.31622 -0.930002 0.187352 0.400795 -0.384862 -0.306262 -0.87068 -0.504304 0.867114 0.203222 -0.454769 0.485867 
1530718489687 -0.371708 -0.927395 0.0420909 -0.601003 0.852466 -0.32302 0.411048 -0.254371 -0.367607 0.188671 0.910642 0.398618 0.31622 -0.930002 0.187352 0.400795 -0.384862 -0.306262 -0.87068 -0.504304 0.867114 0.203222 -0.454769 0.485867 
1530718490153 -0.37498 -0.926102 0.0415303 -0.601193 0.852781 -0.327032 0.407204 -0.254542 -0.363531 0.18811 0.912393 0.398315 0.31622 -0.930002 0.187352 0.400795 -0.384862 -0.306262 -0.87068 -0.504304 0.867114 0.203222 -0.454769 0.485867 
1530718490639 -0.37825 -0.924796 0.0409834 -0.601389 0.853066 -0.331036 0.403353 -0.254714 -0.359452 0.18753 0.914126 0.398017 0.31622 -0.930002 0.187352 0.400795 -0.384862 -0.306262 -0.87068 -0.504304 0.867114 0.203222 -0.454769 0.485867 
1530718491121 -0.381516 -0.923477 0.0404503 -0.601592 0.853321 -0.335034 0.399495 -0.254887 -0.355372 0.186931 0.915843 0.397723 0.31622 -0.930002 0.187352 0.400795 -0.384862 -0.306262 -0.87068 -0.504304 0.867114 0.203222 -0.454769 0.485867 
1530718491127 -0.384779 -0.922145 0.0399308 -0.601803 0.853546 -0.339023 0.39563 -0.255061 -0.351291 0.186313 0.917541 0.397434 0.31622 -0.930002 0.187352 0.400795 -0.384862 -0.306262 -0.87068 -0.504304 0.867114 0.203222 -0.454769 0.485867 
1530718491662 -0.388038 -0.9208 0.0394241 -0.602019 0.85374 -0.343004 0.391761 -0.255235 -0.347211 0.185676 0.919222 0.397153 0.31622 -0.930002 0.187352 0.400795 -0.384862 -0.306262 -0.87068 -0.504304 0.867114 0.203222 -0.454769 0.485867 
1530718492034 -0.391288 -0.919445 0.0389259 -0.602208 0.8539 -0.346972 0.387899 -0.255388 -0.343145 0.185019 0.92088 0.396909 0.31622 -0.930002 0.187352 0.400795 -0.384862 -0.306262 -0.87068 -0.504304 0.867114 0.203222 -0.454769 0.485867 
1530718492482 -0.391284 -0.919448 0.0388796 -0.60218 0.853906 -0.34699 0.387869 -0.255424 -0.343135 0.184967 0.920894 0.396914 0.31622 -0.930002 0.187352 0.400795 -0.384862 -0.306262 -0.87068 -0.504304 0.867114 0.203222 -0.454769 0.485867 
1530718492652 -0.38851 -0.920624 0.0388752 -0.601911 0.853785 -0.343794 0.39097 -0.255125 -0.346572 0.185087 0.919582 0.397394 0.31622 -0.930002 0.187352 0.400795 -0.384862 -0.306262 -0.87068 -0.504304 0.867114 0.203222 -0.454769 0.485867 
1530718492973 -0.385738 -0.921788 0.0388976 -0.601553 0.853659 -0.340601 0.394027 -0.254817 -0.349961 0.185196 0.918275 0.397809 0.31622 -0.930002 0.187352 0.400795 -0.384862 -0.306262 -0.87068 -0.504304 0.867114 0.203222 -0.454769 0.485867 
1530718492979 -0.38296 -0.922944 0.0389237 -0.601225 0.853508 -0.337402 0.397094 -0.254511 -0.353363 0.185293 0.916952 0.398248 0.31622 -0.930002 0.187352 0.400795 -0.384862 -0.306262 -0.87068 -0.504304 0.867114 0.203222 -0.454769 0.485867 
1530718493457 -0.380179 -0.924092 0.0389583 -0.600905 0.853337 -0.334199 0.400159 -0.254207 -0.356764 0.185377 0.915617 0.398693 0.31622 -0.930002 0.187352 0.400795 -0.384862 -0.306262 -0.87068 -0.504304 0.867114 0.203222 -0.454769 0.485867 
1530718493781 -0.377394 -0.925231 0.0390027 -0.600587 0.853146 -0.330993 0.40322 -0.253902 -0.360162 0.185448 0.914272 0.399138 0.31622 -0.930002 0.187352 0.400795 -0.384862 -0.306262 -0.87068 -0.504304 0.867114 0.203222 -0.454769 0.485867 
1530718493788 -0.374605 -0.926361 0.0390571 -0.600268 0.852935 -0.327784 0.406275 -0.253598 -0.363555 0.185506 0.912916 0.399582 0.31622 -0.930002 0.187352 0.400795 -0.384862 -0.306262 -0.87068 -0.504304 0.867114 0.203222 -0.454769 0.485867 
1530718494199 -0.371813 -0.927483 0.0391226 -0.59995 0.852705 -0.32457 0.409327 -0.253293 -0.366945 0.185553 0.911549 0.400027 0.31622 -0.930002 0.187352 0.400795 -0.384862 -0.306262 -0.87068 -0.504304 0.867114 0.203222 -0.454769 0.485867 
1530718494520 -0.369019 -0.928595 0.0391981 -0.599635 0.852456 -0.321354 0.412372 -0.252991 -0.37033 0.185587 0.910172 0.40047 0.31622 -0.930002 0.187352 0.400795 -0.384862 -0.306262 -0.87068 -0.504304 0.867114 0.203222 -0.454769 0.485867 
1530718494527 -0.366225 -0.929696 0.0392885 -0.599367 0.85219 -0.318139 0.415403 -0.252713 -0.373699 0.185612 0.908789 0.400881 0.31622 -0.930002 0.187352 0.400795 -0.384862 -0.306262 -0.87068 -0.504304 0.867114 0.203222 -0.454769 0.485867 
1530718495185 -0.369014 -0.928595 0.0392385 -0.599649 0.852542 -0.321374 0.412178 -0.252997 -0.370136 0.185552 0.910258 0.400575 0.31622 -0.930002 0.187352 0.400795 -0.384862 -0.306262 -0.87068 -0.504304 0.867114 0.203222 -0.454769 0.485867 
1530718495520 -0.365069 -0.930144 0.0394647 -0.599267 0.85216 -0.31679 0.416494 -0.2526 -0.374897 0.185679 0.908282 0.401157 0.31622 -0.930002 0.187352 0.400795 -0.384862 -0.306262 -0.87068 -0.504304 0.867114 0.203222 -0.454769 0.485867 
1530718495881 -0.361119 -0.931674 0.0397109 -0.598884 0.851738 -0.3122 0.4208 -0.252202 -0.37965 0.185782 0.906284 0.401739 0.31622 -0.930002 0.187352 0.400795 -0.384862 -0.306262 -0.87068 -0.504304 0.867114 0.203222 -0.454769 0.485867 
1530718496215 -0.357164 -0.933186 0.0399765 -0.598501 0.851278 -0.307604 0.425095 -0.251805 -0.384395 0.18586 0.904266 0.402321 0.31622 -0.930002 0.187352 0.400795 -0.384862 -0.306262 -0.87068 -0.504304 0.867114 0.203222 -0.454769 0.485867 
1530718496566 -0.353203 -0.93468 0.040263 -0.598119 0.850779 -0.303001 0.429379 -0.251408 -0.389132 0.185913 0.902227 0.402903 0.31622 -0.930002 0.187352 0.400795 -0.384862 -0.306262 -0.87068 -0.504304 0.867114 0.203222 -0.454769 0.485867 
1530718496915 -0.349236 -0.936156 0.0405697 -0.597736 0.85024 -0.298392 0.433652 -0.25101 -0.39386 0.185941 0.900167 0.403485 0.31622 -0.930002 0.187352 0.400795 -0.384862 -0.306262 -0.87068 -0.504304 0.867114 0.203222 -0.454769 0.485867 
1530718497298 -0.345265 -0.937614 0.0408958 -0.597354 0.849663 -0.293778 0.437913 -0.250613 -0.398579 0.185944 0.898087 0.404067 0.31622 -0.930002 0.187352 0.400795 -0.384862 -0.306262 -0.87068 -0.504304 0.867114 0.203222 -0.454769 0.485867 
1530718497304 -0.341289 -0.939053 0.0412427 -0.596971 0.849047 -0.289157 0.442162 -0.250215 -0.403288 0.185922 0.895986 0.404648 0.31622 -0.930002 0.187352 0.400795 -0.384862 -0.306262 -0.87068 -0.504304 0.867114 0.203222 -0.454769 0.485867 
1530718497744 -0.337308 -0.940474 0.0416103 -0.596594 0.848392 -0.284531 0.4464 -0.24982 -0.407988 0.185876 0.893865 0.405228 0.31622 -0.930002 0.187352 0.400795 -0.384862 -0.306262 -0.87068 -0.504304 0.867114 0.203222 -0.454769 0.485867 
1530718498086 -0.33333 -0.941874 0.0420042 -0.596275 0.847703 -0.279907 0.450612 -0.249458 -0.412663 0.18581 0.891731 0.405764 0.31622 -0.930002 0.187352 0.400795 -0.384862 -0.306262 -0.87068 -0.504304 0.867114 0.203222 -0.454769 0.485867 
1530718498573 -0.333203 -0.941919 0.0420103 -0.596255 0.84779 -0.279813 0.450507 -0.249532 -0.412586 0.185726 0.891784 0.405816 0.31622 -0.930002 0.187352 0.400795 -0.384862 -0.306262 -0.87068 -0.504304 0.867114 0.203222 -0.454769 0.485867 
1530718498586 -0.329486 -0.943198 0.0426325 -0.595946 0.847166 -0.275401 0.454383 -0.249144 -0.416832 0.185829 0.889786 0.406344 0.31622 -0.930002 0.187352 0.400795 -0.384862 -0.306262 -0.87068 -0.504304 0.867114 0.203222 -0.454769 0.485867 
1530718498944 -0.325765 -0.94446 0.0432722 -0.595636 0.846509 -0.270984 0.458247 -0.248755 -0.42107 0.185911 0.887771 0.406872 0.31622 -0.930002 0.187352 0.400795 -0.384862 -0.306262 -0.87068 -0.504304 0.867114 0.203222 -0.454769 0.485867 
1530718499287 -0.322041 -0.945706 0.0439285 -0.595327 0.845819 -0.266562 0.462099 -0.248367 -0.4253 0.18597 0.88574 0.4074 0.31622 -0.930002 0.187352 0.400795 -0.384862 -0.306262 -0.87068 -0.504304 0.867114 0.203222 -0.454769 0.485867 
1530718499622 -0.318315 -0.946935 0.0446027 -0.595018 0.845095 -0.262135 0.46594 -0.247978 -0.429523 0.186009 0.883692 0.407927 0.31622 -0.930002 0.187352 0.400795 -0.384862 -0.306262 -0.87068 -0.504304 0.867114 0.203222 -0.454769 0.485867 
1530718499963 -0.314587 -0.948148 0.0452932 -0.594708 0.844338 -0.257703 0.469768 -0.24759 -0.433737 0.186026 0.881627 0.408455 0.31622 -0.930002 0.187352 0.400795 -0.384862 -0.306262 -0.87068 -0.504304 0.867114 0.203222 -0.454769 0.485867 
1530718500302 -0.310856 -0.949343 0.0460016 -0.594399 0.843548 -0.253266 0.473585 -0.247201 -0.437944 0.186021 0.879546 0.408983 0.31622 -0.930002 0.187352 0.400795 -0.384862 -0.306262 -0.87068 -0.504304 0.867114 0.203222 -0.454769 0.485867 
1530718500686 -0.307123 -0.950522 0.0467268 -0.59409 0.842725 -0.248825 0.477389 -0.246813 -0.442142 0.185995 0.877449 0.409511 0.31622 -0.930002 0.187352 0.400795 -0.384862 -0.306262 -0.87068 -0.504304 0.867114 0.203222 -0.454769 0.485867 
1530718501059 -0.303389 -0.951684 0.0474693 -0.593785 0.841869 -0.24438 0.481181 -0.246426 -0.446331 0.185948 0.875335 0.410036 0.31622 -0.930002 0.187352 0.400795 -0.384862 -0.306262 -0.87068 -0.504304 0.867114 0.203222 -0.454769 0.485867 
1530718501386 -0.29966 -0.952826 0.0482338 -0.593529 0.840985 -0.239937 0.484948 -0.246069 -0.450498 0.185883 0.873212 0.410523 0.31622 -0.930002 0.187352 0.400795 -0.384862 -0.306262 -0.87068 -0.504304 0.867114 0.203222 -0.454769 0.485867 
1530718501823 -0.299737 -0.952802 0.0482276 -0.593546 0.841056 -0.240046 0.48477 -0.246037 -0.450313 0.185866 0.873311 0.410581 0.31622 -0.930002 0.187352 0.400795 -0.384862 -0.306262 -0.87068 -0.504304 0.867114 0.203222 -0.454769 0.485867 
1530718502099 -0.295934 -0.953964 0.0487408 -0.593272 0.840224 -0.235699 0.488333 -0.245621 -0.454364 0.185467 0.871295 0.411076 0.31622 -0.930002 0.187352 0.400795 -0.384862 -0.306262 -0.87068 -0.504304 0.867114 0.203222 -0.454769 0.485867 
1530718502443 -0.292126 -0.95511 0.0492716 -0.592997 0.83936 -0.231349 0.491886 -0.245204 -0.458406 0.18505 0.869264 0.411571 0.31622 -0.930002 0.187352 0.400795 -0.384862 -0.306262 -0.87068 -0.504304 0.867114 0.203222 -0.454769 0.485867 
1530718502773 -0.288316 -0.956238 0.0498178 -0.592723 0.838465 -0.226996 0.495428 -0.244788 -0.462439 0.18461 0.867219 0.412066 0.31622 -0.930002 0.187352 0.400795 -0.384862 -0.306262 -0.87068 -0.504304 0.867114 0.203222 -0.454769 0.485867 
1530718503111 -0.284504 -0.95735 0.0503806 -0.592448 0.837539 -0.222641 0.498959 -0.244371 -0.466462 0.184151 0.86516 0.41256 0.31622 -0.930002 0.187352 0.400795 -0.384862 -0.306262 -0.87068 -0.504304 0.867114 0.203222 -0.454769 0.485867 
1530718503118 -0.280689 -0.958445 0.0509604 -0.592174 0.836581 -0.218283 0.502479 -0.243955 -0.470475 0.183673 0.863086 0.413055 0.31622 -0.930002 0.187352 0.400795 -0.384862 -0.306262 -0.87068 -0.504304 0.867114 0.203222 -0.454769 0.485867 
1530718503549 -0.276872 -0.959523 0.0515548 -0.591899 0.835591 -0.213924 0.505988 -0.243538 -0.474478 0.183172 0.860999 0.41355 0.31622 -0.930002 0.187352 0.400795 -0.384862 -0.306262 -0.87068 -0.504304 0.867114 0.203222 -0.454769 0.485867 
1530718503882 -0.273052 -0.960584 0.0521664 -0.591625 0.834571 -0.209564 0.509485 -0.243122 -0.478471 0.182652 0.858897 0.414045 0.31622 -0.930002 0.187352 0.400795 -0.384862 -0.306262 -0.87068 -0.504304 0.867114 0.203222 -0.454769 0.485867 
1530718504225 -0.269231 -0.961627 0.0527951 -0.591354 0.833519 -0.205201 0.512971 -0.242707 -0.482453 0.182113 0.856781 0.414538 0.31622 -0.930002 0.187352 0.400795 -0.384862 -0.306262 -0.87068 -0.504304 0.867114 0.203222 -0.454769 0.485867 
1530718504619 -0.265415 -0.962652 0.0534448 -0.591129 0.832441 -0.200843 0.516434 -0.242322 -0.486412 0.181559 0.854657 0.414992 0.31622 -0.930002 0.187352 0.400795 -0.384862 -0.306262 -0.87068 -0.504304 0.867114 0.203222 -0.454769 0.485867 
1530718505073 -0.265473 -0.962631 0.053526 -0.591113 0.83247 -0.200865 0.516379 -0.242351 -0.486331 0.181644 0.854686 0.415018 0.31622 -0.930002 0.187352 0.400795 -0.384862 -0.306262 -0.87068 -0.504304 0.867114 0.203222 -0.454769 0.485867 
1530718505339 -0.258292 -0.964501 0.05498 -0.590665 0.830404 -0.192578 0.522822 -0.241548 -0.493674 0.180696 0.850667 0.41596 0.31622 -0.930002 0.187352 0.400795 -0.384862 -0.306262 -0.87068 -0.504304 0.867114 0.203222 -0.454769 0.485867 
1530718505793 -0.251095 -0.966312 0.056496 -0.590216 0.828231 -0.184274 0.529222 -0.240746 -0.500983 0.179677 0.8466 0.416904 0.31622 -0.930002 0.187352 0.400795 -0.384862 -0.306262 -0.87068 -0.504304 0.867114 0.203222 -0.454769 0.485867 
1530718506234 -0.243896 -0.968062 0.0580674 -0.589767 0.825949 -0.175966 0.535579 -0.239943 -0.508255 0.178586 0.842486 0.417848 0.31622 -0.930002 0.187352 0.400795 -0.384862 -0.306262 -0.87068 -0.504304 0.867114 0.203222 -0.454769 0.485867 
1530718506659 -0.236693 -0.969749 0.0596938 -0.589319 0.823557 -0.167655 0.541891 -0.239141 -0.51549 0.177423 0.838326 0.418792 0.31622 -0.930002 0.187352 0.400795 -0.384862 -0.306262 -0.87068 -0.504304 0.867114 0.203222 -0.454769 0.485867 
1530718507109 -0.22949 -0.971374 0.0613771 -0.58887 0.821056 -0.159341 0.548158 -0.238339 -0.522686 0.176191 0.83412 0.419736 0.31622 -0.930002 0.187352 0.400795 -0.384862 -0.306262 -0.87068 -0.504304 0.867114 0.203222 -0.454769 0.485867 
1530718507115 -0.222286 -0.972937 0.0631157 -0.588421 0.818447 -0.151026 0.554379 -0.237537 -0.529843 0.174887 0.829868 0.420681 0.31622 -0.930002 0.187352 0.400795 -0.384862 -0.306262 -0.87068 -0.504304 0.867114 0.203222 -0.454769 0.485867 
1530718507682 -0.215082 -0.974437 0.0649088 -0.587973 0.815729 -0.142712 0.560552 -0.236735 -0.53696 0.173513 0.825571 0.421625 0.31622 -0.930002 0.187352 0.400795 -0.384862 -0.306262 -0.87068 -0.504304 0.867114 0.203222 -0.454769 0.485867 
1530718508112 -0.207879 -0.975874 0.0667583 -0.587531 0.812904 -0.134398 0.566678 -0.235935 -0.544034 0.172069 0.82123 0.422565 0.31622 -0.930002 0.187352 0.400795 -0.384862 -0.306262 -0.87068 -0.504304 0.867114 0.203222 -0.454769 0.485867 
1530718508552 -0.200695 -0.977244 0.0686726 -0.587165 0.809984 -0.126098 0.572735 -0.235191 -0.551043 0.170569 0.816859 0.423432 0.31622 -0.930002 0.187352 0.400795 -0.384862 -0.306262 -0.87068 -0.504304 0.867114 0.203222 -0.454769 0.485867 
1530718509148 -0.200603 -0.977256 0.0687628 -0.587148 0.810088 -0.125997 0.572611 -0.235251 -0.550924 0.170571 0.816939 0.423504 0.31622 -0.930002 0.187352 0.400795 -0.384862 -0.306262 -0.87068 -0.504304 0.867114 0.203222 -0.454769 0.485867 
1530718509476 -0.193031 -0.978596 0.0713296 -0.586791 0.807228 -0.11706 0.578515 -0.234365 -0.557783 0.169251 0.812547 0.42444 0.31622 -0.930002 0.187352 0.400795 -0.384862 -0.306262 -0.87068 -0.504304 0.867114 0.203222 -0.454769 0.485867 
1530718509929 -0.185466 -0.979864 0.0739518 -0.586434 0.804256 -0.108125 0.584364 -0.23348 -0.564602 0.167856 0.808115 0.425376 0.31622 -0.930002 0.187352 0.400795 -0.384862 -0.306262 -0.87068 -0.504304 0.867114 0.203222 -0.454769 0.485867 
1530718510378 -0.177909 -0.981059 0.0766291 -0.586077 0.801171 -0.0991912 0.590158 -0.232594 -0.571378 0.166387 0.803643 0.426312 0.31622 -0.930002 0.187352 0.400795 -0.384862 -0.306262 -0.87068 -0.504304 0.867114 0.203222 -0.454769 0.485867 
1530718510830 -0.17036 -0.982181 0.0793619 -0.58572 0.797974 -0.0902603 0.595894 -0.231708 -0.578113 0.164846 0.799132 0.427248 0.31622 -0.930002 0.187352 0.400795 -0.384862 -0.306262 -0.87068 -0.504304 0.867114 0.203222 -0.454769 0.485867 
1530718511272 -0.162822 -0.98323 0.0821506 -0.585363 0.794666 -0.0813334 0.601574 -0.230822 -0.584803 0.163232 0.794582 0.428184 0.31622 -0.930002 0.187352 0.400795 -0.384862 -0.306262 -0.87068 -0.504304 0.867114 0.203222 -0.454769 0.485867 
1530718511688 -0.155293 -0.984205 0.084993 -0.585005 0.791246 -0.0724118 0.607195 -0.229937 -0.59145 0.161544 0.789994 0.42912 0.31622 -0.930002 0.187352 0.400795 -0.384862 -0.306262 -0.87068 -0.504304 0.867114 0.203222 -0.454769 0.485867 
1530718511701 -0.147777 -0.985108 0.0878897 -0.584649 0.787716 -0.0634965 0.612758 -0.229051 -0.598052 0.159783 0.785368 0.430056 0.31622 -0.930002 0.187352 0.400795 -0.384862 -0.306262 -0.87068 -0.504304 0.867114 0.203222 -0.454769 0.485867 
1530718512131 -0.140273 -0.985937 0.0908408 -0.584297 0.784076 -0.0545892 0.61826 -0.228168 -0.604606 0.157951 0.780707 0.430989 0.31622 -0.930002 0.187352 0.400795 -0.384862 -0.306262 -0.87068 -0.504304 0.867114 0.203222 -0.454769 0.485867 
1530718512736 -0.1328 -0.986689 0.0938538 -0.584013 0.780341 -0.0457022 0.623683 -0.227342 -0.611092 0.156063 0.776023 0.431848 0.31622 -0.930002 0.187352 0.400795 -0.384862 -0.306262 -0.87068 -0.504304 0.867114 0.203222 -0.454769 0.485867 
1530718513300 -0.132938 -0.986673 0.0938275 -0.584031 0.780405 -0.0458462 0.623591 -0.227311 -0.610979 0.156122 0.776099 0.431868 0.31622 -0.930002 0.187352 0.400795 -0.384862 -0.306262 -0.87068 -0.504304 0.867114 0.203222 -0.454769 0.485867 
1530718513543 -0.124681 -0.987533 0.0960879 -0.583755 0.775908 -0.0366845 0.629779 -0.226287 -0.618402 0.153077 0.770809 0.432915 0.31622 -0.930002 0.187352 0.400795 -0.384862 -0.306262 -0.87068 -0.504304 0.867114 0.203222 -0.454769 0.485867 
1530718513996 -0.116437 -0.98831 0.0984173 -0.583478 0.771279 -0.0275436 0.6359 -0.225262 -0.625756 0.149949 0.76547 0.433961 0.31622 -0.930002 0.187352 0.400795 -0.384862 -0.306262 -0.87068 -0.504304 0.867114 0.203222 -0.454769 0.485867 
1530718514475 -0.108203 -0.989004 0.100813 -0.5832 0.766521 -0.0184253 0.641955 -0.224238 -0.633039 0.146737 0.760085 0.435007 0.31622 -0.930002 0.187352 0.400795 -0.384862 -0.306262 -0.87068 -0.504304 0.867114 0.203222 -0.454769 0.485867 
1530718515044 -0.0999831 -0.989615 0.103275 -0.582923 0.761632 -0.00933095 0.647943 -0.223214 -0.64025 0.143441 0.754655 0.436054 0.31622 -0.930002 0.187352 0.400795 -0.384862 -0.306262 -0.87068 -0.504304 0.867114 0.203222 -0.454769 0.485867 
1530718515493 -0.0917767 -0.990143 0.105802 -0.582646 0.756614 -0.000262185 0.653862 -0.222189 -0.647389 0.140061 0.74918 0.4371 0.31622 -0.930002 0.187352 0.400795 -0.384862 -0.306262 -0.87068 -0.504304 0.867114 0.203222 -0.454769 0.485867 
1530718515958 -0.0835862 -0.990588 0.108395 -0.582369 0.751468 0.00877983 0.659711 -0.221165 -0.654454 0.136598 0.743661 0.438146 0.31622 -0.930002 0.187352 0.400795 -0.384862 -0.306262 -0.87068 -0.504304 0.867114 0.203222 -0.454769 0.485867 
1530718516410 -0.0754119 -0.990949 0.111053 -0.582092 0.746194 0.0177935 0.66549 -0.220141 -0.661443 0.133053 0.738099 0.439192 0.31622 -0.930002 0.187352 0.400795 -0.384862 -0.306262 -0.87068 -0.504304 0.867114 0.203222 -0.454769 0.485867 
1530718516861 -0.0672569 -0.991227 0.113776 -0.581821 0.740795 0.0267774 0.671197 -0.219119 -0.668356 0.129427 0.732495 0.440235 0.31622 -0.930002 0.187352 0.400795 -0.384862 -0.306262 -0.87068 -0.504304 0.867114 0.203222 -0.454769 0.485867 
1530718517286 -0.0591435 -0.991419 0.116575 -0.581614 0.735291 0.0357178 0.67681 -0.218166 -0.675167 0.125745 0.726869 0.441191 0.31622 -0.930002 0.187352 0.400795 -0.384862 -0.306262 -0.87068 -0.504304 0.867114 0.203222 -0.454769 0.485867 
1530718517839 -0.0592393 -0.991408 0.116625 -0.581625 0.735404 0.0356604 0.67669 -0.218165 -0.675035 0.125853 0.726972 0.441225 0.31622 -0.930002 0.187352 0.400795 -0.384862 -0.306262 -0.87068 -0.504304 0.867114 0.203222 -0.454769 0.485867 
1530718518026 -0.0525458 -0.99139 0.119934 -0.581422 0.730076 0.0438051 0.68196 -0.21724 -0.681343 0.123395 0.721489 0.442258 0.31622 -0.930002 0.187352 0.400795 -0.384862 -0.306262 -0.87068 -0.504304 0.867114 0.203222 -0.454769 0.485867 
1530718518487 -0.0458784 -0.991309 0.123293 -0.581218 0.724648 0.0519279 0.68716 -0.216314 -0.687591 0.12087 0.715967 0.44329 0.31622 -0.930002 0.187352 0.400795 -0.384862 -0.306262 -0.87068 -0.504304 0.867114 0.203222 -0.454769 0.485867 
1530718518975 -0.0392365 -0.991165 0.126701 -0.581014 0.719119 0.0600283 0.692289 -0.215389 -0.693778 0.118276 0.71041 0.444323 0.31622 -0.930002 0.187352 0.400795 -0.384862 -0.306262 -0.87068 -0.504304 0.867114 0.203222 -0.454769 0.485867 
1530718519432 -0.0326212 -0.990957 0.130157 -0.58081 0.713491 0.0681052 0.697347 -0.214464 -0.699905 0.115614 0.704817 0.445355 0.31622 -0.930002 0.187352 0.400795 -0.384862 -0.306262 -0.87068 -0.504304 0.867114 0.203222 -0.454769 0.485867 
1530718519877 -0.0260344 -0.990685 0.133661 -0.580607 0.707764 0.0761577 0.702332 -0.213538 -0.705969 0.112885 0.699189 0.446387 0.31622 -0.930002 0.187352 0.400795 -0.384862 -0.306262 -0.87068 -0.504304 0.867114 0.203222 -0.454769 0.485867 
