1533306204774 0.129543 0.933504 -0.334347 -0.599707 -0.95796 0.204874 0.200848 -0.223053 0.255992 0.294272 0.9208 0.383313 1 0 0 0 0 1 0 0 0 0 1 1.306 
1533306204784 0.129748 0.933669 -0.333808 -0.599712 -0.958059 0.204802 0.200447 -0.223038 0.255515 0.2938 0.921083 0.38319 0.313239 -0.3866 0.867422 0.386189 -0.93126 -0.304042 0.200784 -0.500185 0.18611 -0.870689 -0.455263 0.505382 
1533306205088 0.129951 0.933833 -0.333268 -0.599717 -0.958159 0.204729 0.200045 -0.223022 0.255039 0.293328 0.921365 0.383067 0.316244 -0.384866 0.867103 0.400216 -0.929998 -0.306258 0.203249 -0.504049 0.187334 -0.87068 -0.454777 0.486145 
1533306205299 0.130155 0.933998 -0.332729 -0.599722 -0.958258 0.204657 0.199643 -0.223007 0.254561 0.292855 0.921648 0.382943 0.316258 -0.384857 0.867102 0.400836 -0.929992 -0.306267 0.203261 -0.504368 0.187338 -0.870681 -0.454774 0.485921 
1533306205494 0.130358 0.934161 -0.332189 -0.599727 -0.958357 0.204584 0.199241 -0.222992 0.254084 0.292383 0.921929 0.38282 0.316239 -0.384881 0.867098 0.400855 -0.93 -0.306257 0.203241 -0.504361 0.187331 -0.870674 -0.454789 0.485943 
1533306205686 0.13056 0.934325 -0.331649 -0.599732 -0.958456 0.204512 0.198839 -0.222977 0.253607 0.29191 0.922211 0.382697 0.316214 -0.384899 0.867099 0.400827 -0.930009 -0.306245 0.203216 -0.504329 0.187327 -0.87067 -0.454799 0.48594 
1533306205855 0.130763 0.934488 -0.331108 -0.599737 -0.958555 0.20444 0.198437 -0.222961 0.253129 0.291437 0.922491 0.382574 0.3162 -0.384907 0.867101 0.400798 -0.930014 -0.306239 0.203202 -0.504306 0.187326 -0.870669 -0.454801 0.485922 
1533306206053 0.130965 0.934651 -0.330568 -0.599742 -0.958653 0.204369 0.198035 -0.222946 0.252651 0.290965 0.922771 0.382451 0.316197 -0.384904 0.867103 0.400778 -0.930014 -0.30624 0.2032 -0.504292 0.187329 -0.87067 -0.454799 0.485903 
1533306206231 0.131166 0.934814 -0.330028 -0.599747 -0.958751 0.204297 0.197632 -0.222931 0.252173 0.290492 0.923051 0.382328 0.316201 -0.384895 0.867106 0.400765 -0.930012 -0.306246 0.203202 -0.504277 0.187337 -0.870672 -0.454792 0.485883 
1533306206452 0.131368 0.934976 -0.329488 -0.599746 -0.958849 0.204226 0.19723 -0.222915 0.251696 0.29002 0.92333 0.382209 0.316123 -0.384928 0.86712 0.40068 -0.93004 -0.30621 0.20313 -0.504145 0.18733 -0.87067 -0.454798 0.485852 
1533306206643 0.131202 0.935013 -0.32945 -0.59976 -0.958867 0.204069 0.197305 -0.222859 0.251714 0.290012 0.923327 0.382273 1 0 0 0 0 1 0 0 0 0 1 1.306 
1533306206654 0.13124 0.935025 -0.3294 -0.59976 -0.958875 0.20408 0.197258 -0.222863 0.251665 0.289965 0.923355 0.382254 0.313239 -0.3866 0.867422 0.386189 -0.93126 -0.304042 0.200784 -0.500185 0.18611 -0.870689 -0.455263 0.505382 
1533306206670 0.131279 0.935038 -0.329348 -0.59976 -0.958882 0.20409 0.19721 -0.222867 0.251616 0.289917 0.923384 0.382235 0.316244 -0.384866 0.867103 0.400216 -0.929998 -0.306258 0.203249 -0.504049 0.187334 -0.87068 -0.454777 0.486145 
1533306206687 0.131318 0.93505 -0.329298 -0.599759 -0.95889 0.204101 0.197162 -0.222871 0.251567 0.28987 0.923412 0.382215 0.316258 -0.384857 0.867102 0.400836 -0.929992 -0.306267 0.203261 -0.504368 0.187338 -0.870681 -0.454774 0.485921 
1533306206738 0.131357 0.935062 -0.329248 -0.599759 -0.958897 0.204112 0.197115 -0.222875 0.251518 0.289822 0.92344 0.382196 0.316239 -0.384881 0.867098 0.400855 -0.93 -0.306257 0.203241 -0.504361 0.187331 -0.870674 -0.454789 0.485943 
1533306206744 0.131396 0.935075 -0.329197 -0.599759 -0.958905 0.204123 0.197067 -0.22288 0.251469 0.289775 0.923468 0.382177 0.316214 -0.384899 0.867099 0.400827 -0.930009 -0.306245 0.203216 -0.504329 0.187327 -0.87067 -0.454799 0.48594 
1533306206821 0.131435 0.935087 -0.329147 -0.599759 -0.958912 0.204133 0.197019 -0.222884 0.25142 0.289728 0.923497 0.382158 0.3162 -0.384907 0.867101 0.400798 -0.930014 -0.306239 0.203202 -0.504306 0.187326 -0.870669 -0.454801 0.485922 
1533306206846 0.131473 0.935099 -0.329096 -0.599759 -0.95892 0.204144 0.196972 -0.222888 0.251371 0.28968 0.923525 0.382139 0.316197 -0.384904 0.867103 0.400778 -0.930014 -0.30624 0.2032 -0.504292 0.187329 -0.87067 -0.454799 0.485903 
1533306206902 0.131512 0.935111 -0.329046 -0.599758 -0.958927 0.204155 0.196924 -0.222892 0.251322 0.289633 0.923553 0.382119 0.316201 -0.384895 0.867106 0.400765 -0.930012 -0.306246 0.203202 -0.504277 0.187337 -0.870672 -0.454792 0.485883 
1533306207075 0.131551 0.935124 -0.328995 -0.599758 -0.958935 0.204166 0.196876 -0.222896 0.251273 0.289586 0.923581 0.382101 0.316123 -0.384928 0.86712 0.40068 -0.93004 -0.30621 0.20313 -0.504145 0.18733 -0.87067 -0.454798 0.485852 
1533306207186 0.131635 0.935082 -0.329081 -0.599735 -0.95892 0.204266 0.196843 -0.222934 0.251285 0.289651 0.923557 0.382064 1 0 0 0 0 1 0 0 0 0 1 1.306 
1533306207198 0.131681 0.935071 -0.329093 -0.599737 -0.958901 0.204326 0.196877 -0.222931 0.251336 0.289642 0.923546 0.382047 0.313239 -0.3866 0.867422 0.386189 -0.93126 -0.304042 0.200784 -0.500185 0.18611 -0.870689 -0.455263 0.505382 
1533306207215 0.131727 0.935061 -0.329104 -0.599739 -0.958881 0.204387 0.19691 -0.222928 0.251387 0.289633 0.923535 0.382031 0.316244 -0.384866 0.867103 0.400216 -0.929998 -0.306258 0.203249 -0.504049 0.187334 -0.87068 -0.454777 0.486145 
1533306207232 0.131773 0.93505 -0.329115 -0.599741 -0.958861 0.204447 0.196943 -0.222924 0.251438 0.289624 0.923524 0.382014 0.316258 -0.384857 0.867102 0.400836 -0.929992 -0.306267 0.203261 -0.504368 0.187338 -0.870681 -0.454774 0.485921 
1533306207303 0.131818 0.93504 -0.329126 -0.599743 -0.958842 0.204507 0.196976 -0.222921 0.251489 0.289615 0.923513 0.381998 0.316239 -0.384881 0.867098 0.400855 -0.93 -0.306257 0.203241 -0.504361 0.187331 -0.870674 -0.454789 0.485943 
1533306207440 0.131864 0.93503 -0.329137 -0.599745 -0.958822 0.204568 0.197009 -0.222918 0.251541 0.289606 0.923502 0.381981 0.316214 -0.384899 0.867099 0.400827 -0.930009 -0.306245 0.203216 -0.504329 0.187327 -0.87067 -0.454799 0.48594 
1533306207562 0.131909 0.935019 -0.329149 -0.599747 -0.958802 0.204628 0.197043 -0.222915 0.251592 0.289597 0.923491 0.381964 0.3162 -0.384907 0.867101 0.400798 -0.930014 -0.306239 0.203202 -0.504306 0.187326 -0.870669 -0.454801 0.485922 
1533306207622 0.131955 0.935009 -0.32916 -0.599749 -0.958782 0.204688 0.197076 -0.222912 0.251643 0.289588 0.92348 0.381948 0.316197 -0.384904 0.867103 0.400778 -0.930014 -0.30624 0.2032 -0.504292 0.187329 -0.87067 -0.454799 0.485903 
1533306207791 0.132 0.934999 -0.329171 -0.599751 -0.958763 0.204749 0.197109 -0.222908 0.251694 0.289579 0.923469 0.381931 0.316201 -0.384895 0.867106 0.400765 -0.930012 -0.306246 0.203202 -0.504277 0.187337 -0.870672 -0.454792 0.485883 
1533306207902 0.132046 0.934988 -0.329183 -0.599753 -0.958743 0.204809 0.197142 -0.222905 0.251745 0.28957 0.923458 0.381915 0.316123 -0.384928 0.86712 0.40068 -0.93004 -0.30621 0.20313 -0.504145 0.18733 -0.87067 -0.454798 0.485852 
1533306208097 0.131953 0.935041 -0.329069 -0.59974 -0.958772 0.20468 0.197137 -0.222883 0.251685 0.28949 0.923499 0.381974 1 0 0 0 0 1 0 0 0 0 1 1.306 
1533306208108 0.132037 0.935029 -0.32907 -0.599743 -0.958795 0.204718 0.196983 -0.222867 0.251552 0.289502 0.923531 0.381957 0.313239 -0.3866 0.867422 0.386189 -0.93126 -0.304042 0.200784 -0.500185 0.18611 -0.870689 -0.455263 0.505382 
1533306208399 0.132121 0.935016 -0.329072 -0.599745 -0.958819 0.204757 0.196829 -0.222852 0.251418 0.289515 0.923564 0.381939 0.316244 -0.384866 0.867103 0.400216 -0.929998 -0.306258 0.203249 -0.504049 0.187334 -0.87068 -0.454777 0.486145 
1533306208513 0.132204 0.935004 -0.329073 -0.599748 -0.958842 0.204795 0.196675 -0.222836 0.251285 0.289528 0.923596 0.381922 0.316258 -0.384857 0.867102 0.400836 -0.929992 -0.306267 0.203261 -0.504368 0.187338 -0.870681 -0.454774 0.485921 
1533306208628 0.132289 0.934992 -0.329075 -0.599751 -0.958865 0.204833 0.196521 -0.22282 0.251151 0.289541 0.923628 0.381905 0.316239 -0.384881 0.867098 0.400855 -0.93 -0.306257 0.203241 -0.504361 0.187331 -0.870674 -0.454789 0.485943 
1533306208738 0.132372 0.934979 -0.329077 -0.599754 -0.958889 0.204871 0.196367 -0.222805 0.251018 0.289555 0.92366 0.381888 0.316214 -0.384899 0.867099 0.400827 -0.930009 -0.306245 0.203216 -0.504329 0.187327 -0.87067 -0.454799 0.48594 
1533306208894 0.132456 0.934967 -0.329078 -0.599756 -0.958912 0.204909 0.196214 -0.222789 0.250885 0.289568 0.923692 0.38187 0.3162 -0.384907 0.867101 0.400798 -0.930014 -0.306239 0.203202 -0.504306 0.187326 -0.870669 -0.454801 0.485922 
1533306209078 0.13254 0.934954 -0.32908 -0.599759 -0.958935 0.204947 0.19606 -0.222773 0.250751 0.289581 0.923724 0.381853 0.316197 -0.384904 0.867103 0.400778 -0.930014 -0.30624 0.2032 -0.504292 0.187329 -0.87067 -0.454799 0.485903 
1533306209190 0.132623 0.934942 -0.329082 -0.599762 -0.958959 0.204985 0.195906 -0.222757 0.250618 0.289594 0.923757 0.381836 0.316201 -0.384895 0.867106 0.400765 -0.930012 -0.306246 0.203202 -0.504277 0.187337 -0.870672 -0.454792 0.485883 
1533306209328 0.132707 0.934929 -0.329083 -0.599764 -0.958982 0.205023 0.195752 -0.222743 0.250484 0.289607 0.923789 0.381818 0.316123 -0.384928 0.86712 0.40068 -0.93004 -0.30621 0.20313 -0.504145 0.18733 -0.87067 -0.454798 0.485852 
1533306209456 0.132768 0.934925 -0.329071 -0.599756 -0.95894 0.205116 0.195861 -0.222785 0.250613 0.289555 0.92377 0.381827 1 0 0 0 0 1 0 0 0 0 1 1.306 
1533306209463 0.132687 0.934933 -0.329081 -0.599756 -0.958898 0.205105 0.196079 -0.222799 0.250816 0.289538 0.92372 0.381821 0.313239 -0.3866 0.867422 0.386189 -0.93126 -0.304042 0.200784 -0.500185 0.18611 -0.870689 -0.455263 0.505382 
1533306209469 0.132607 0.934942 -0.329089 -0.599755 -0.958856 0.205093 0.196297 -0.222813 0.25102 0.289519 0.923671 0.381815 0.316244 -0.384866 0.867103 0.400216 -0.929998 -0.306258 0.203249 -0.504049 0.187334 -0.87068 -0.454777 0.486145 
1533306209654 0.132527 0.93495 -0.329098 -0.599755 -0.958814 0.205081 0.196514 -0.222826 0.251223 0.289501 0.923621 0.381809 0.316258 -0.384857 0.867102 0.400836 -0.929992 -0.306267 0.203261 -0.504368 0.187338 -0.870681 -0.454774 0.485921 
1533306209827 0.132446 0.934958 -0.329107 -0.599754 -0.958772 0.205069 0.196732 -0.22284 0.251426 0.289482 0.923572 0.381803 0.316239 -0.384881 0.867098 0.400855 -0.93 -0.306257 0.203241 -0.504361 0.187331 -0.870674 -0.454789 0.485943 
1533306209977 0.132365 0.934966 -0.329116 -0.599754 -0.958729 0.205057 0.19695 -0.222854 0.251629 0.289464 0.923522 0.381796 0.316214 -0.384899 0.867099 0.400827 -0.930009 -0.306245 0.203216 -0.504329 0.187327 -0.87067 -0.454799 0.48594 
1533306210212 0.132285 0.934975 -0.329124 -0.599753 -0.958687 0.205045 0.197168 -0.222868 0.251832 0.289445 0.923473 0.38179 0.3162 -0.384907 0.867101 0.400798 -0.930014 -0.306239 0.203202 -0.504306 0.187326 -0.870669 -0.454801 0.485922 
1533306210364 0.132204 0.934983 -0.329133 -0.599752 -0.958645 0.205033 0.197385 -0.222882 0.252035 0.289426 0.923423 0.381784 0.316197 -0.384904 0.867103 0.400778 -0.930014 -0.30624 0.2032 -0.504292 0.187329 -0.87067 -0.454799 0.485903 
1533306210529 0.132124 0.934991 -0.329142 -0.599752 -0.958603 0.205022 0.197603 -0.222895 0.252238 0.289408 0.923374 0.381778 0.316201 -0.384895 0.867106 0.400765 -0.930012 -0.306246 0.203202 -0.504277 0.187337 -0.870672 -0.454792 0.485883 
1533306210666 0.132043 0.935 -0.32915 -0.599751 -0.95856 0.20501 0.19782 -0.222908 0.252441 0.28939 0.923324 0.381773 0.316123 -0.384928 0.86712 0.40068 -0.93004 -0.30621 0.20313 -0.504145 0.18733 -0.87067 -0.454798 0.485852 
1533306210800 0.131956 0.935008 -0.329161 -0.599759 -0.958592 0.204909 0.197773 -0.222829 0.252368 0.289434 0.92333 0.381764 1 0 0 0 0 1 0 0 0 0 1 1.306 
1533306210811 0.131984 0.935021 -0.329114 -0.599762 -0.958606 0.204903 0.197707 -0.22283 0.252297 0.289396 0.923361 0.38177 0.313239 -0.3866 0.867422 0.386189 -0.93126 -0.304042 0.200784 -0.500185 0.18611 -0.870689 -0.455263 0.505382 
1533306210921 0.132013 0.935034 -0.329066 -0.599764 -0.958621 0.204899 0.19764 -0.22283 0.252225 0.289359 0.923393 0.381776 0.316244 -0.384866 0.867103 0.400216 -0.929998 -0.306258 0.203249 -0.504049 0.187334 -0.87068 -0.454777 0.486145 
1533306211133 0.132042 0.935046 -0.329019 -0.599767 -0.958636 0.204894 0.197573 -0.222831 0.252154 0.289322 0.923424 0.381783 0.316258 -0.384857 0.867102 0.400836 -0.929992 -0.306267 0.203261 -0.504368 0.187338 -0.870681 -0.454774 0.485921 
1533306211288 0.132071 0.935059 -0.328972 -0.59977 -0.958651 0.204889 0.197506 -0.222832 0.252083 0.289285 0.923455 0.381789 0.316239 -0.384881 0.867098 0.400855 -0.93 -0.306257 0.203241 -0.504361 0.187331 -0.870674 -0.454789 0.485943 
1533306211524 0.132099 0.935071 -0.328925 -0.599772 -0.958666 0.204885 0.197439 -0.222833 0.252011 0.289248 0.923486 0.381795 0.316214 -0.384899 0.867099 0.400827 -0.930009 -0.306245 0.203216 -0.504329 0.187327 -0.87067 -0.454799 0.48594 
1533306211682 0.132128 0.935084 -0.328878 -0.599775 -0.958681 0.20488 0.197372 -0.222833 0.25194 0.289211 0.923517 0.381801 0.3162 -0.384907 0.867101 0.400798 -0.930014 -0.306239 0.203202 -0.504306 0.187326 -0.870669 -0.454801 0.485922 
1533306211860 0.132157 0.935096 -0.328831 -0.599778 -0.958695 0.204876 0.197305 -0.222834 0.251869 0.289174 0.923548 0.381807 0.316197 -0.384904 0.867103 0.400778 -0.930014 -0.30624 0.2032 -0.504292 0.187329 -0.87067 -0.454799 0.485903 
1533306212045 0.132186 0.935108 -0.328785 -0.599781 -0.95871 0.204871 0.197238 -0.222835 0.251797 0.289137 0.923579 0.381814 0.316201 -0.384895 0.867106 0.400765 -0.930012 -0.306246 0.203202 -0.504277 0.187337 -0.870672 -0.454792 0.485883 
1533306212218 0.132214 0.935121 -0.328738 -0.599783 -0.958725 0.204866 0.197172 -0.222835 0.251727 0.2891 0.92361 0.38182 0.316123 -0.384928 0.86712 0.40068 -0.93004 -0.30621 0.20313 -0.504145 0.18733 -0.87067 -0.454798 0.485852 
1533306212325 0.132064 0.935125 -0.328786 -0.599769 -0.958698 0.204791 0.197381 -0.2228 0.251908 0.289139 0.923548 0.381827 1 0 0 0 0 1 0 0 0 0 1 1.306 
1533306212336 0.13204 0.935153 -0.328717 -0.599773 -0.958694 0.204763 0.19743 -0.222808 0.251936 0.28907 0.923562 0.381817 0.313239 -0.3866 0.867422 0.386189 -0.93126 -0.304042 0.200784 -0.500185 0.18611 -0.870689 -0.455263 0.505382 
1533306212342 0.132016 0.935181 -0.328646 -0.599777 -0.958689 0.204734 0.19748 -0.222816 0.251965 0.288999 0.923576 0.381806 0.316244 -0.384866 0.867103 0.400216 -0.929998 -0.306258 0.203249 -0.504049 0.187334 -0.87068 -0.454777 0.486145 
1533306212535 0.131992 0.935209 -0.328576 -0.59978 -0.958685 0.204706 0.19753 -0.222825 0.251993 0.288929 0.923591 0.381796 0.316258 -0.384857 0.867102 0.400836 -0.929992 -0.306267 0.203261 -0.504368 0.187338 -0.870681 -0.454774 0.485921 
1533306212652 0.131968 0.935237 -0.328506 -0.599784 -0.958681 0.204677 0.19758 -0.222833 0.252022 0.288858 0.923605 0.381786 0.316239 -0.384881 0.867098 0.400855 -0.93 -0.306257 0.203241 -0.504361 0.187331 -0.870674 -0.454789 0.485943 
1533306212784 0.131944 0.935265 -0.328435 -0.599788 -0.958677 0.204648 0.19763 -0.222841 0.25205 0.288787 0.923619 0.381776 0.316214 -0.384899 0.867099 0.400827 -0.930009 -0.306245 0.203216 -0.504329 0.187327 -0.87067 -0.454799 0.48594 
1533306213010 0.13192 0.935293 -0.328365 -0.599792 -0.958673 0.20462 0.197679 -0.222849 0.252078 0.288717 0.923634 0.381765 0.3162 -0.384907 0.867101 0.400798 -0.930014 -0.306239 0.203202 -0.504306 0.187326 -0.870669 -0.454801 0.485922 
1533306213131 0.131896 0.935321 -0.328295 -0.599796 -0.958669 0.204591 0.19773 -0.222857 0.252107 0.288646 0.923648 0.381755 0.316197 -0.384904 0.867103 0.400778 -0.930014 -0.30624 0.2032 -0.504292 0.187329 -0.87067 -0.454799 0.485903 
1533306213255 0.131872 0.935349 -0.328225 -0.599799 -0.958665 0.204562 0.197779 -0.222866 0.252135 0.288576 0.923662 0.381745 0.316201 -0.384895 0.867106 0.400765 -0.930012 -0.306246 0.203202 -0.504277 0.187337 -0.870672 -0.454792 0.485883 
1533306213380 0.131848 0.935377 -0.328154 -0.599802 -0.95866 0.204533 0.197829 -0.222873 0.252163 0.288505 0.923677 0.381735 0.316123 -0.384928 0.86712 0.40068 -0.93004 -0.30621 0.20313 -0.504145 0.18733 -0.87067 -0.454798 0.485852 
1533306213490 0.131929 0.935379 -0.328116 -0.599773 -0.958656 0.204594 0.197789 -0.222889 0.252138 0.288457 0.923699 0.381771 1 0 0 0 0 1 0 0 0 0 1 1.306 
1533306213502 0.132006 0.935409 -0.328 -0.599779 -0.958698 0.20458 0.197598 -0.222877 0.251937 0.288369 0.923781 0.381757 0.313239 -0.3866 0.867422 0.386189 -0.93126 -0.304042 0.200784 -0.500185 0.18611 -0.870689 -0.455263 0.505382 
1533306213780 0.132084 0.935439 -0.327883 -0.599786 -0.95874 0.204567 0.197406 -0.222865 0.251735 0.288281 0.923863 0.381743 0.316244 -0.384866 0.867103 0.400216 -0.929998 -0.306258 0.203249 -0.504049 0.187334 -0.87068 -0.454777 0.486145 
1533306213922 0.13216 0.935469 -0.327767 -0.599792 -0.958783 0.204554 0.197215 -0.222853 0.251534 0.288194 0.923945 0.381729 0.316258 -0.384857 0.867102 0.400836 -0.929992 -0.306267 0.203261 -0.504368 0.187338 -0.870681 -0.454774 0.485921 
1533306214067 0.132237 0.935499 -0.327652 -0.599799 -0.958825 0.20454 0.197024 -0.222841 0.251333 0.288107 0.924027 0.381715 0.316239 -0.384881 0.867098 0.400855 -0.93 -0.306257 0.203241 -0.504361 0.187331 -0.870674 -0.454789 0.485943 
1533306214178 0.132314 0.935529 -0.327535 -0.599805 -0.958867 0.204527 0.196832 -0.222829 0.251132 0.288019 0.924109 0.381701 0.316214 -0.384899 0.867099 0.400827 -0.930009 -0.306245 0.203216 -0.504329 0.187327 -0.87067 -0.454799 0.48594 
1533306214298 0.132391 0.935558 -0.327419 -0.599811 -0.958909 0.204514 0.19664 -0.222816 0.25093 0.287932 0.924191 0.381687 0.3162 -0.384907 0.867101 0.400798 -0.930014 -0.306239 0.203202 -0.504306 0.187326 -0.870669 -0.454801 0.485922 
1533306214474 0.132468 0.935588 -0.327303 -0.599818 -0.958951 0.204501 0.196449 -0.222804 0.250729 0.287844 0.924273 0.381673 0.316197 -0.384904 0.867103 0.400778 -0.930014 -0.30624 0.2032 -0.504292 0.187329 -0.87067 -0.454799 0.485903 
1533306214608 0.132545 0.935618 -0.327186 -0.599824 -0.958993 0.204488 0.196257 -0.222792 0.250528 0.287757 0.924355 0.381659 0.316201 -0.384895 0.867106 0.400765 -0.930012 -0.306246 0.203202 -0.504277 0.187337 -0.870672 -0.454792 0.485883 
1533306214726 0.132622 0.935648 -0.32707 -0.599829 -0.959035 0.204475 0.196066 -0.222781 0.250326 0.287669 0.924437 0.381646 0.316123 -0.384928 0.86712 0.40068 -0.93004 -0.30621 0.20313 -0.504145 0.18733 -0.87067 -0.454798 0.485852 
1533306214822 0.132639 0.935596 -0.32721 -0.599825 -0.958993 0.204565 0.196176 -0.222831 0.250478 0.287772 0.924364 0.381632 1 0 0 0 0 1 0 0 0 0 1 1.306 
1533306214835 0.132717 0.935577 -0.327234 -0.599827 -0.959002 0.20462 0.196075 -0.222815 0.250402 0.287796 0.924377 0.381633 0.313239 -0.3866 0.867422 0.386189 -0.93126 -0.304042 0.200784 -0.500185 0.18611 -0.870689 -0.455263 0.505382 
1533306214873 0.132797 0.935557 -0.327257 -0.599828 -0.959011 0.204677 0.195972 -0.2228 0.250325 0.287819 0.924391 0.381635 0.316244 -0.384866 0.867103 0.400216 -0.929998 -0.306258 0.203249 -0.504049 0.187334 -0.87068 -0.454777 0.486145 
1533306214879 0.132877 0.935538 -0.32728 -0.59983 -0.95902 0.204733 0.195869 -0.222784 0.250248 0.287841 0.924404 0.381636 0.316258 -0.384857 0.867102 0.400836 -0.929992 -0.306267 0.203261 -0.504368 0.187338 -0.870681 -0.454774 0.485921 
1533306215044 0.132957 0.935519 -0.327303 -0.599831 -0.959029 0.20479 0.195766 -0.222769 0.250171 0.287865 0.924418 0.381638 0.316239 -0.384881 0.867098 0.400855 -0.93 -0.306257 0.203241 -0.504361 0.187331 -0.870674 -0.454789 0.485943 
1533306215088 0.133037 0.935499 -0.327326 -0.599833 -0.959038 0.204846 0.195664 -0.222753 0.250095 0.287887 0.924431 0.381639 0.316214 -0.384899 0.867099 0.400827 -0.930009 -0.306245 0.203216 -0.504329 0.187327 -0.87067 -0.454799 0.48594 
1533306215226 0.133117 0.93548 -0.327349 -0.599835 -0.959047 0.204902 0.195562 -0.222737 0.250018 0.28791 0.924445 0.38164 0.3162 -0.384907 0.867101 0.400798 -0.930014 -0.306239 0.203202 -0.504306 0.187326 -0.870669 -0.454801 0.485922 
1533306215263 0.133197 0.93546 -0.327372 -0.599836 -0.959056 0.204959 0.195459 -0.222722 0.249942 0.287933 0.924459 0.381642 0.316197 -0.384904 0.867103 0.400778 -0.930014 -0.30624 0.2032 -0.504292 0.187329 -0.87067 -0.454799 0.485903 
1533306215340 0.133277 0.935441 -0.327394 -0.599838 -0.959064 0.205015 0.195356 -0.222706 0.249865 0.287956 0.924472 0.381643 0.316201 -0.384895 0.867106 0.400765 -0.930012 -0.306246 0.203202 -0.504277 0.187337 -0.870672 -0.454792 0.485883 
1533306215424 0.133357 0.935422 -0.327418 -0.59984 -0.959073 0.205072 0.195254 -0.222692 0.249789 0.287979 0.924486 0.381644 0.316123 -0.384928 0.86712 0.40068 -0.93004 -0.30621 0.20313 -0.504145 0.18733 -0.87067 -0.454798 0.485852 
1533306215518 0.133335 0.935392 -0.327512 -0.599848 -0.959067 0.205081 0.195273 -0.22271 0.249823 0.28807 0.924448 0.381576 1 0 0 0 0 1 0 0 0 0 1 1.306 
1533306215531 0.133369 0.93536 -0.32759 -0.599846 -0.959037 0.205158 0.195339 -0.222709 0.24992 0.288119 0.924407 0.381587 0.313239 -0.3866 0.867422 0.386189 -0.93126 -0.304042 0.200784 -0.500185 0.18611 -0.870689 -0.455263 0.505382 
1533306215546 0.133403 0.935327 -0.327668 -0.599844 -0.959007 0.205236 0.195406 -0.222709 0.250018 0.288168 0.924365 0.381598 0.316244 -0.384866 0.867103 0.400216 -0.929998 -0.306258 0.203249 -0.504049 0.187334 -0.87068 -0.454777 0.486145 
1533306215658 0.133437 0.935295 -0.327746 -0.599842 -0.958977 0.205313 0.195473 -0.222708 0.250115 0.288218 0.924323 0.381609 0.316258 -0.384857 0.867102 0.400836 -0.929992 -0.306267 0.203261 -0.504368 0.187338 -0.870681 -0.454774 0.485921 
1533306215790 0.133471 0.935263 -0.327824 -0.59984 -0.958947 0.205391 0.19554 -0.222708 0.250213 0.288267 0.924281 0.38162 0.316239 -0.384881 0.867098 0.400855 -0.93 -0.306257 0.203241 -0.504361 0.187331 -0.870674 -0.454789 0.485943 
1533306215906 0.133505 0.93523 -0.327903 -0.599839 -0.958917 0.205469 0.195606 -0.222708 0.25031 0.288317 0.924239 0.38163 0.316214 -0.384899 0.867099 0.400827 -0.930009 -0.306245 0.203216 -0.504329 0.187327 -0.87067 -0.454799 0.48594 
1533306216112 0.133539 0.935198 -0.327981 -0.599837 -0.958886 0.205546 0.195673 -0.222707 0.250408 0.288367 0.924197 0.381641 0.3162 -0.384907 0.867101 0.400798 -0.930014 -0.306239 0.203202 -0.504306 0.187326 -0.870669 -0.454801 0.485922 
1533306216222 0.133574 0.935166 -0.328059 -0.599835 -0.958856 0.205623 0.195739 -0.222706 0.250505 0.288416 0.924155 0.381652 0.316197 -0.384904 0.867103 0.400778 -0.930014 -0.30624 0.2032 -0.504292 0.187329 -0.87067 -0.454799 0.485903 
1533306216351 0.133608 0.935133 -0.328138 -0.599833 -0.958826 0.205701 0.195806 -0.222706 0.250603 0.288466 0.924113 0.381663 0.316201 -0.384895 0.867106 0.400765 -0.930012 -0.306246 0.203202 -0.504277 0.187337 -0.870672 -0.454792 0.485883 
1533306216425 0.133642 0.935101 -0.328216 -0.599832 -0.958796 0.205779 0.195872 -0.222706 0.2507 0.288515 0.924072 0.381674 0.316123 -0.384928 0.86712 0.40068 -0.93004 -0.30621 0.20313 -0.504145 0.18733 -0.87067 -0.454798 0.485852 
1533306216546 0.133574 0.935142 -0.328126 -0.599836 -0.958852 0.205642 0.195738 -0.222674 0.250519 0.288479 0.924132 0.381675 1 0 0 0 0 1 0 0 0 0 1 1.306 
1533306216557 0.133499 0.935149 -0.328139 -0.599834 -0.958883 0.205552 0.195685 -0.222678 0.250444 0.288523 0.924139 0.381674 0.313239 -0.3866 0.867422 0.386189 -0.93126 -0.304042 0.200784 -0.500185 0.18611 -0.870689 -0.455263 0.505382 
1533306216574 0.133423 0.935155 -0.328153 -0.599831 -0.958913 0.205461 0.195631 -0.222683 0.250368 0.288568 0.924145 0.381672 0.316244 -0.384866 0.867103 0.400216 -0.929998 -0.306258 0.203249 -0.504049 0.187334 -0.87068 -0.454777 0.486145 
1533306216580 0.133348 0.935161 -0.328166 -0.599829 -0.958943 0.205371 0.195577 -0.222687 0.250292 0.288613 0.924152 0.381671 0.316258 -0.384857 0.867102 0.400836 -0.929992 -0.306267 0.203261 -0.504368 0.187338 -0.870681 -0.454774 0.485921 
1533306216725 0.133273 0.935167 -0.32818 -0.599827 -0.958974 0.205281 0.195523 -0.222691 0.250216 0.288658 0.924158 0.381669 0.316239 -0.384881 0.867098 0.400855 -0.93 -0.306257 0.203241 -0.504361 0.187331 -0.870674 -0.454789 0.485943 
1533306216746 0.133198 0.935173 -0.328193 -0.599825 -0.959004 0.205191 0.195469 -0.222695 0.25014 0.288703 0.924165 0.381668 0.316214 -0.384899 0.867099 0.400827 -0.930009 -0.306245 0.203216 -0.504329 0.187327 -0.87067 -0.454799 0.48594 
1533306216795 0.133122 0.935178 -0.328207 -0.599822 -0.959034 0.2051 0.195415 -0.2227 0.250063 0.288747 0.924172 0.381667 0.3162 -0.384907 0.867101 0.400798 -0.930014 -0.306239 0.203202 -0.504306 0.187326 -0.870669 -0.454801 0.485922 
1533306217037 0.133047 0.935184 -0.32822 -0.59982 -0.959065 0.20501 0.195361 -0.222704 0.249987 0.288792 0.924178 0.381665 0.316197 -0.384904 0.867103 0.400778 -0.930014 -0.30624 0.2032 -0.504292 0.187329 -0.87067 -0.454799 0.485903 
1533306217200 0.132972 0.93519 -0.328234 -0.599818 -0.959095 0.20492 0.195308 -0.222708 0.249911 0.288837 0.924185 0.381664 0.316201 -0.384895 0.867106 0.400765 -0.930012 -0.306246 0.203202 -0.504277 0.187337 -0.870672 -0.454792 0.485883 
1533306217359 0.132897 0.935196 -0.328247 -0.599816 -0.959125 0.20483 0.195254 -0.222713 0.249836 0.288881 0.924191 0.381662 0.316123 -0.384928 0.86712 0.40068 -0.93004 -0.30621 0.20313 -0.504145 0.18733 -0.87067 -0.454798 0.485852 
1533306217500 0.132779 0.93519 -0.328314 -0.599832 -0.959079 0.204806 0.195504 -0.222641 0.250074 0.28892 0.924115 0.38166 1 0 0 0 0 1 0 0 0 0 1 1.306 
1533306217511 0.132678 0.935181 -0.32838 -0.599826 -0.959043 0.204783 0.195704 -0.222663 0.250265 0.288965 0.924049 0.381669 0.313239 -0.3866 0.867422 0.386189 -0.93126 -0.304042 0.200784 -0.500185 0.18611 -0.870689 -0.455263 0.505382 
1533306217783 0.132576 0.935172 -0.328446 -0.59982 -0.959008 0.204759 0.195903 -0.222685 0.250456 0.289011 0.923983 0.381678 0.316244 -0.384866 0.867103 0.400216 -0.929998 -0.306258 0.203249 -0.504049 0.187334 -0.87068 -0.454777 0.486145 
1533306217917 0.132474 0.935163 -0.328512 -0.599814 -0.958972 0.204735 0.196102 -0.222706 0.250646 0.289056 0.923918 0.381688 0.316258 -0.384857 0.867102 0.400836 -0.929992 -0.306267 0.203261 -0.504368 0.187338 -0.870681 -0.454774 0.485921 
1533306218148 0.132371 0.935155 -0.328578 -0.599808 -0.958936 0.20471 0.196302 -0.222728 0.250836 0.289101 0.923852 0.381697 0.316239 -0.384881 0.867098 0.400855 -0.93 -0.306257 0.203241 -0.504361 0.187331 -0.870674 -0.454789 0.485943 
1533306218274 0.132269 0.935146 -0.328644 -0.599802 -0.958901 0.204686 0.196501 -0.22275 0.251026 0.289146 0.923786 0.381706 0.316214 -0.384899 0.867099 0.400827 -0.930009 -0.306245 0.203216 -0.504329 0.187327 -0.87067 -0.454799 0.48594 
1533306218436 0.132167 0.935137 -0.32871 -0.599797 -0.958865 0.204662 0.1967 -0.222772 0.251217 0.289191 0.92372 0.381715 0.3162 -0.384907 0.867101 0.400798 -0.930014 -0.306239 0.203202 -0.504306 0.187326 -0.870669 -0.454801 0.485922 
1533306218541 0.132064 0.935129 -0.328776 -0.599791 -0.958829 0.204638 0.1969 -0.222794 0.251407 0.289236 0.923654 0.381724 0.316197 -0.384904 0.867103 0.400778 -0.930014 -0.30624 0.2032 -0.504292 0.187329 -0.87067 -0.454799 0.485903 
1533306218701 0.131961 0.93512 -0.328841 -0.599785 -0.958794 0.204614 0.1971 -0.222815 0.251597 0.289282 0.923588 0.381734 0.316201 -0.384895 0.867106 0.400765 -0.930012 -0.306246 0.203202 -0.504277 0.187337 -0.870672 -0.454792 0.485883 
1533306218868 0.131859 0.935111 -0.328907 -0.59978 -0.958758 0.204589 0.197299 -0.222836 0.251787 0.289327 0.923522 0.381743 0.316123 -0.384928 0.86712 0.40068 -0.93004 -0.30621 0.20313 -0.504145 0.18733 -0.87067 -0.454798 0.485852 
1533306219036 0.131728 0.935134 -0.328895 -0.599779 -0.958787 0.204451 0.1973 -0.222753 0.251745 0.28935 0.923526 0.381706 1 0 0 0 0 1 0 0 0 0 1 1.306 
1533306219048 0.131824 0.935132 -0.328864 -0.599782 -0.958794 0.204511 0.197202 -0.222751 0.251666 0.289316 0.923558 0.381706 0.313239 -0.3866 0.867422 0.386189 -0.93126 -0.304042 0.200784 -0.500185 0.18611 -0.870689 -0.455263 0.505382 
1533306219227 0.131922 0.935129 -0.328832 -0.599784 -0.958801 0.204572 0.197105 -0.222748 0.251588 0.289283 0.92359 0.381705 0.316244 -0.384866 0.867103 0.400216 -0.929998 -0.306258 0.203249 -0.504049 0.187334 -0.87068 -0.454777 0.486145 
1533306219234 0.132019 0.935126 -0.328801 -0.599787 -0.958808 0.204632 0.197008 -0.222746 0.251511 0.289249 0.923622 0.381705 0.316258 -0.384857 0.867102 0.400836 -0.929992 -0.306267 0.203261 -0.504368 0.187338 -0.870681 -0.454774 0.485921 
1533306219488 0.132115 0.935123 -0.32877 -0.599789 -0.958815 0.204692 0.196911 -0.222743 0.251433 0.289215 0.923654 0.381704 0.316239 -0.384881 0.867098 0.400855 -0.93 -0.306257 0.203241 -0.504361 0.187331 -0.870674 -0.454789 0.485943 
1533306219679 0.132213 0.935121 -0.328739 -0.599792 -0.958822 0.204753 0.196814 -0.222741 0.251355 0.289181 0.923686 0.381704 0.316214 -0.384899 0.867099 0.400827 -0.930009 -0.306245 0.203216 -0.504329 0.187327 -0.87067 -0.454799 0.48594 
1533306219837 0.13231 0.935118 -0.328708 -0.599795 -0.958829 0.204814 0.196717 -0.222739 0.251277 0.289147 0.923717 0.381703 0.3162 -0.384907 0.867101 0.400798 -0.930014 -0.306239 0.203202 -0.504306 0.187326 -0.870669 -0.454801 0.485922 
1533306219992 0.132406 0.935115 -0.328677 -0.599797 -0.958836 0.204874 0.19662 -0.222736 0.2512 0.289113 0.923749 0.381703 0.316197 -0.384904 0.867103 0.400778 -0.930014 -0.30624 0.2032 -0.504292 0.187329 -0.87067 -0.454799 0.485903 
1533306220106 0.132504 0.935112 -0.328645 -0.5998 -0.958843 0.204935 0.196523 -0.222734 0.251122 0.289079 0.923781 0.381702 0.316201 -0.384895 0.867106 0.400765 -0.930012 -0.306246 0.203202 -0.504277 0.187337 -0.870672 -0.454792 0.485883 
1533306220278 0.1326 0.935109 -0.328614 -0.599802 -0.95885 0.204995 0.196427 -0.222732 0.251045 0.289046 0.923812 0.381702 0.316123 -0.384928 0.86712 0.40068 -0.93004 -0.30621 0.20313 -0.504145 0.18733 -0.87067 -0.454798 0.485852 
1533306220425 0.13272 0.93506 -0.328708 -0.599788 -0.958782 0.205185 0.196559 -0.222767 0.251241 0.289072 0.923751 0.381711 1 0 0 0 0 1 0 0 0 0 1 1.306 
1533306220435 0.132691 0.935062 -0.328713 -0.599787 -0.958781 0.205165 0.196588 -0.222773 0.251262 0.289078 0.923743 0.381718 0.313239 -0.3866 0.867422 0.386189 -0.93126 -0.304042 0.200784 -0.500185 0.18611 -0.870689 -0.455263 0.505382 
1533306220452 0.13266 0.935064 -0.328718 -0.599787 -0.958779 0.205145 0.196618 -0.222779 0.251285 0.289085 0.923735 0.381725 0.316244 -0.384866 0.867103 0.400216 -0.929998 -0.306258 0.203249 -0.504049 0.187334 -0.87068 -0.454777 0.486145 
1533306220641 0.132631 0.935067 -0.328724 -0.599786 -0.958777 0.205125 0.196647 -0.222785 0.251308 0.289091 0.923726 0.381732 0.316258 -0.384857 0.867102 0.400836 -0.929992 -0.306267 0.203261 -0.504368 0.187338 -0.870681 -0.454774 0.485921 
1533306220828 0.132601 0.935069 -0.328729 -0.599786 -0.958775 0.205106 0.196676 -0.222791 0.25133 0.289098 0.923718 0.381739 0.316239 -0.384881 0.867098 0.400855 -0.93 -0.306257 0.203241 -0.504361 0.187331 -0.870674 -0.454789 0.485943 
1533306220963 0.132571 0.935071 -0.328735 -0.599785 -0.958773 0.205086 0.196706 -0.222797 0.251353 0.289105 0.92371 0.381745 0.316214 -0.384899 0.867099 0.400827 -0.930009 -0.306245 0.203216 -0.504329 0.187327 -0.87067 -0.454799 0.48594 
1533306221157 0.132541 0.935074 -0.32874 -0.599784 -0.958772 0.205066 0.196735 -0.222804 0.251376 0.289111 0.923702 0.381752 0.3162 -0.384907 0.867101 0.400798 -0.930014 -0.306239 0.203202 -0.504306 0.187326 -0.870669 -0.454801 0.485922 
1533306221364 0.132512 0.935076 -0.328746 -0.599784 -0.95877 0.205046 0.196765 -0.22281 0.251398 0.289118 0.923694 0.381759 0.316197 -0.384904 0.867103 0.400778 -0.930014 -0.30624 0.2032 -0.504292 0.187329 -0.87067 -0.454799 0.485903 
1533306221536 0.132482 0.935078 -0.328751 -0.599783 -0.958768 0.205027 0.196794 -0.222816 0.251421 0.289125 0.923685 0.381766 0.316201 -0.384895 0.867106 0.400765 -0.930012 -0.306246 0.203202 -0.504277 0.187337 -0.870672 -0.454792 0.485883 
1533306221711 0.132453 0.93508 -0.328757 -0.599783 -0.958766 0.205007 0.196823 -0.222822 0.251443 0.289131 0.923677 0.381773 0.316123 -0.384928 0.86712 0.40068 -0.93004 -0.30621 0.20313 -0.504145 0.18733 -0.87067 -0.454798 0.485852 
1533306221883 0.132368 0.935135 -0.328636 -0.599784 -0.958833 0.204839 0.196673 -0.222769 0.251233 0.289074 0.923752 0.381781 1 0 0 0 0 1 0 0 0 0 1 1.306 
1533306221895 0.13238 0.935153 -0.328578 -0.599789 -0.958823 0.204848 0.196711 -0.222775 0.251264 0.289008 0.923765 0.38178 0.313239 -0.3866 0.867422 0.386189 -0.93126 -0.304042 0.200784 -0.500185 0.18611 -0.870689 -0.455263 0.505382 
1533306221912 0.132393 0.935172 -0.328519 -0.599793 -0.958813 0.204857 0.196751 -0.222781 0.251295 0.28894 0.923777 0.381778 0.316244 -0.384866 0.867103 0.400216 -0.929998 -0.306258 0.203249 -0.504049 0.187334 -0.87068 -0.454777 0.486145 
1533306222170 0.132407 0.935191 -0.328461 -0.599798 -0.958803 0.204867 0.196789 -0.222788 0.251326 0.288873 0.92379 0.381777 0.316258 -0.384857 0.867102 0.400836 -0.929992 -0.306267 0.203261 -0.504368 0.187338 -0.870681 -0.454774 0.485921 
1533306222262 0.13242 0.935209 -0.328402 -0.599802 -0.958793 0.204877 0.196828 -0.222794 0.251357 0.288806 0.923802 0.381776 0.316239 -0.384881 0.867098 0.400855 -0.93 -0.306257 0.203241 -0.504361 0.187331 -0.870674 -0.454789 0.485943 
1533306222269 0.132434 0.935228 -0.328343 -0.599806 -0.958783 0.204886 0.196867 -0.2228 0.251389 0.288738 0.923815 0.381775 0.316214 -0.384899 0.867099 0.400827 -0.930009 -0.306245 0.203216 -0.504329 0.187327 -0.87067 -0.454799 0.48594 
1533306222426 0.132447 0.935247 -0.328285 -0.599811 -0.958773 0.204895 0.196906 -0.222806 0.25142 0.288671 0.923828 0.381773 0.3162 -0.384907 0.867101 0.400798 -0.930014 -0.306239 0.203202 -0.504306 0.187326 -0.870669 -0.454801 0.485922 
1533306222578 0.13246 0.935266 -0.328226 -0.599815 -0.958763 0.204905 0.196945 -0.222812 0.251451 0.288604 0.92384 0.381772 0.316197 -0.384904 0.867103 0.400778 -0.930014 -0.30624 0.2032 -0.504292 0.187329 -0.87067 -0.454799 0.485903 
1533306222710 0.132474 0.935285 -0.328167 -0.59982 -0.958753 0.204914 0.196984 -0.222819 0.251482 0.288536 0.923853 0.381771 0.316201 -0.384895 0.867106 0.400765 -0.930012 -0.306246 0.203202 -0.504277 0.187337 -0.870672 -0.454792 0.485883 
1533306222851 0.132487 0.935303 -0.328109 -0.599823 -0.958743 0.204924 0.197022 -0.222824 0.251513 0.288469 0.923865 0.38177 0.316123 -0.384928 0.86712 0.40068 -0.93004 -0.30621 0.20313 -0.504145 0.18733 -0.87067 -0.454798 0.485852 
1533306223021 0.132625 0.935315 -0.328019 -0.599799 -0.958726 0.205032 0.196995 -0.22284 0.251507 0.288354 0.923903 0.381771 1 0 0 0 0 1 0 0 0 0 1 1.306 
1533306223031 0.132682 0.935293 -0.328058 -0.599799 -0.958752 0.205054 0.196844 -0.222828 0.251377 0.288409 0.923921 0.38177 0.313239 -0.3866 0.867422 0.386189 -0.93126 -0.304042 0.200784 -0.500185 0.18611 -0.870689 -0.455263 0.505382 
1533306223251 0.13274 0.935271 -0.328098 -0.5998 -0.958778 0.205077 0.196693 -0.222817 0.251247 0.288464 0.923939 0.381768 0.316244 -0.384866 0.867103 0.400216 -0.929998 -0.306258 0.203249 -0.504049 0.187334 -0.87068 -0.454777 0.486145 
1533306223469 0.132797 0.935249 -0.328136 -0.5998 -0.958804 0.205099 0.196543 -0.222805 0.251117 0.288518 0.923958 0.381767 0.316258 -0.384857 0.867102 0.400836 -0.929992 -0.306267 0.203261 -0.504368 0.187338 -0.870681 -0.454774 0.485921 
1533306223683 0.132854 0.935227 -0.328176 -0.599801 -0.95883 0.205122 0.196391 -0.222794 0.250987 0.288574 0.923976 0.381766 0.316239 -0.384881 0.867098 0.400855 -0.93 -0.306257 0.203241 -0.504361 0.187331 -0.870674 -0.454789 0.485943 
1533306223851 0.132911 0.935206 -0.328215 -0.599801 -0.958856 0.205144 0.19624 -0.222783 0.250857 0.288628 0.923994 0.381765 0.316214 -0.384899 0.867099 0.400827 -0.930009 -0.306245 0.203216 -0.504329 0.187327 -0.87067 -0.454799 0.48594 
1533306223994 0.132968 0.935184 -0.328254 -0.599801 -0.958882 0.205166 0.19609 -0.222771 0.250727 0.288683 0.924012 0.381763 0.3162 -0.384907 0.867101 0.400798 -0.930014 -0.306239 0.203202 -0.504306 0.187326 -0.870669 -0.454801 0.485922 
1533306224093 0.133026 0.935162 -0.328293 -0.599802 -0.958909 0.205189 0.195938 -0.22276 0.250596 0.288738 0.92403 0.381762 0.316197 -0.384904 0.867103 0.400778 -0.930014 -0.30624 0.2032 -0.504292 0.187329 -0.87067 -0.454799 0.485903 
1533306224216 0.133083 0.93514 -0.328332 -0.599802 -0.958935 0.205211 0.195788 -0.222748 0.250466 0.288793 0.924048 0.381761 0.316201 -0.384895 0.867106 0.400765 -0.930012 -0.306246 0.203202 -0.504277 0.187337 -0.870672 -0.454792 0.485883 
1533306224323 0.133141 0.935118 -0.328371 -0.599803 -0.958961 0.205234 0.195637 -0.222738 0.250336 0.288848 0.924066 0.381759 0.316123 -0.384928 0.86712 0.40068 -0.93004 -0.30621 0.20313 -0.504145 0.18733 -0.87067 -0.454798 0.485852 
1533306224478 0.133083 0.93508 -0.328505 -0.599789 -0.958965 0.205212 0.195637 -0.222749 0.250349 0.288988 0.924019 0.381691 1 0 0 0 0 1 0 0 0 0 1 1.306 
1533306224490 0.133051 0.935095 -0.328473 -0.599792 -0.958952 0.205196 0.19572 -0.222755 0.250418 0.288949 0.924013 0.381688 0.313239 -0.3866 0.867422 0.386189 -0.93126 -0.304042 0.200784 -0.500185 0.18611 -0.870689 -0.455263 0.505382 
1533306224508 0.133019 0.935111 -0.328442 -0.599794 -0.958938 0.205181 0.195803 -0.222761 0.250488 0.28891 0.924006 0.381686 0.316244 -0.384866 0.867103 0.400216 -0.929998 -0.306258 0.203249 -0.504049 0.187334 -0.87068 -0.454777 0.486145 
1533306224712 0.132988 0.935126 -0.328411 -0.599797 -0.958924 0.205167 0.195886 -0.222766 0.250557 0.288871 0.924 0.381683 0.316258 -0.384857 0.867102 0.400836 -0.929992 -0.306267 0.203261 -0.504368 0.187338 -0.870681 -0.454774 0.485921 
1533306224718 0.132957 0.935141 -0.32838 -0.599799 -0.95891 0.205152 0.195968 -0.222772 0.250626 0.288832 0.923993 0.381681 0.316239 -0.384881 0.867098 0.400855 -0.93 -0.306257 0.203241 -0.504361 0.187331 -0.870674 -0.454789 0.485943 
1533306224914 0.132926 0.935157 -0.328349 -0.599802 -0.958897 0.205137 0.196052 -0.222778 0.250695 0.288792 0.923986 0.381678 0.316214 -0.384899 0.867099 0.400827 -0.930009 -0.306245 0.203216 -0.504329 0.187327 -0.87067 -0.454799 0.48594 
1533306225079 0.132894 0.935172 -0.328318 -0.599805 -0.958883 0.205122 0.196134 -0.222784 0.250765 0.288753 0.92398 0.381675 0.3162 -0.384907 0.867101 0.400798 -0.930014 -0.306239 0.203202 -0.504306 0.187326 -0.870669 -0.454801 0.485922 
1533306225165 0.132863 0.935187 -0.328287 -0.599807 -0.958869 0.205108 0.196217 -0.22279 0.250834 0.288714 0.923973 0.381673 0.316197 -0.384904 0.867103 0.400778 -0.930014 -0.30624 0.2032 -0.504292 0.187329 -0.87067 -0.454799 0.485903 
1533306225326 0.132832 0.935202 -0.328256 -0.59981 -0.958855 0.205093 0.1963 -0.222795 0.250903 0.288675 0.923967 0.38167 0.316201 -0.384895 0.867106 0.400765 -0.930012 -0.306246 0.203202 -0.504277 0.187337 -0.870672 -0.454792 0.485883 
1533306225343 0.132801 0.935218 -0.328225 -0.599812 -0.958841 0.205078 0.196382 -0.222801 0.250972 0.288637 0.92396 0.381668 0.316123 -0.384928 0.86712 0.40068 -0.93004 -0.30621 0.20313 -0.504145 0.18733 -0.87067 -0.454798 0.485852 
1533306225474 0.132922 0.935191 -0.328253 -0.599807 -0.958841 0.205178 0.196281 -0.222826 0.25091 0.288652 0.923972 0.381689 1 0 0 0 0 1 0 0 0 0 1 1.306 
1533306225486 0.132844 0.935171 -0.328341 -0.599801 -0.958831 0.205148 0.196362 -0.222827 0.25099 0.288738 0.923923 0.381697 0.313239 -0.3866 0.867422 0.386189 -0.93126 -0.304042 0.200784 -0.500185 0.18611 -0.870689 -0.455263 0.505382 
1533306225493 0.132766 0.935151 -0.32843 -0.599795 -0.958821 0.205118 0.196442 -0.222827 0.25107 0.288824 0.923875 0.381704 0.316244 -0.384866 0.867103 0.400216 -0.929998 -0.306258 0.203249 -0.504049 0.187334 -0.87068 -0.454777 0.486145 
1533306225677 0.132688 0.935131 -0.328518 -0.599789 -0.958811 0.205088 0.196522 -0.222828 0.251149 0.28891 0.923826 0.381712 0.316258 -0.384857 0.867102 0.400836 -0.929992 -0.306267 0.203261 -0.504368 0.187338 -0.870681 -0.454774 0.485921 
1533306225803 0.132611 0.935111 -0.328605 -0.599783 -0.958801 0.205058 0.196602 -0.222828 0.251228 0.288996 0.923778 0.381719 0.316239 -0.384881 0.867098 0.400855 -0.93 -0.306257 0.203241 -0.504361 0.187331 -0.870674 -0.454789 0.485943 
