1535122833517 0.213453 0.919734 -0.329434 -0.529405 -0.944082 0.280926 0.172599 -0.243557 0.251292 0.274171 0.928269 0.436542 0.209533 -0.118223 0.970628 0.383914 -0.977239 -0.0590031 0.203773 -0.50166 0.0331796 -0.991233 -0.127895 0.443614 
1535122833527 0.21667 0.920851 -0.324173 -0.54007 -0.943804 0.282476 0.171585 -0.243533 0.249576 0.268778 0.930307 0.430158 0.203147 -0.119167 0.97187 0.383831 -0.979041 -0.0394105 0.199813 -0.4998 0.0144907 -0.992092 -0.124675 0.443228 
1535122833536 0.219879 0.921931 -0.3189 -0.55073 -0.94352 0.284031 0.170577 -0.243504 0.247838 0.263382 0.932312 0.423769 0.196739 -0.119983 0.973087 0.383749 -0.980447 -0.0197996 0.195785 -0.497942 -0.00422432 -0.992578 -0.121533 0.442842 
1535122834380 0.223077 0.922975 -0.313614 -0.561383 -0.943229 0.285592 0.169575 -0.24347 0.246079 0.257981 0.934286 0.417375 0.190312 -0.120672 0.974279 0.383667 -0.981455 -0.000178213 0.191691 -0.496085 -0.0229581 -0.992692 -0.118468 0.442456 
1535122834540 0.226263 0.923985 -0.308313 -0.572043 -0.942932 0.287156 0.168585 -0.243441 0.244304 0.252574 0.936228 0.410986 0.183867 -0.121232 0.975447 0.383584 -0.982066 0.0194462 0.187531 -0.494225 -0.0417034 -0.992434 -0.115482 0.442069 
1535122834984 0.229438 0.924959 -0.302999 -0.582703 -0.942628 0.288724 0.167603 -0.243413 0.242509 0.247161 0.938137 0.404597 0.177407 -0.121663 0.976588 0.383501 -0.982279 0.0390654 0.183307 -0.492364 -0.0604525 -0.991802 -0.112577 0.441683 
1535122835601 0.232601 0.925899 -0.297672 -0.593363 -0.942318 0.290296 0.16663 -0.243385 0.240696 0.241743 0.940014 0.398208 0.170935 -0.121966 0.977704 0.383418 -0.982094 0.0586715 0.179022 -0.490503 -0.0791979 -0.990799 -0.109753 0.441296 
1535122835804 0.235753 0.926803 -0.292332 -0.604023 -0.942 0.291873 0.165666 -0.243356 0.238864 0.23632 0.941858 0.391819 0.164454 -0.122139 0.978794 0.383335 -0.981511 0.0782567 0.174676 -0.488642 -0.0979319 -0.989423 -0.107011 0.44091 
1535122835811 0.238893 0.927671 -0.286979 -0.614685 -0.941677 0.293453 0.164712 -0.243329 0.237013 0.230893 0.94367 0.38543 0.157966 -0.122184 0.979856 0.383252 -0.980531 0.097813 0.170272 -0.48678 -0.116647 -0.987676 -0.104354 0.440524 
1535122836690 0.242021 0.928504 -0.281614 -0.625343 -0.941347 0.295038 0.163765 -0.243299 0.235143 0.225462 0.945449 0.379041 0.151475 -0.122099 0.980891 0.383169 -0.979152 0.117332 0.165812 -0.484921 -0.135336 -0.985558 -0.101781 0.440137 
1535122838023 0.242802 0.928118 -0.282211 -0.625061 -0.941308 0.295734 0.162731 -0.243659 0.234493 0.226136 0.94545 0.379137 0.151952 -0.121976 0.980833 0.383221 -0.979133 0.116905 0.166227 -0.485031 -0.13494 -0.985624 -0.101667 0.440215 
1535122838037 0.243036 0.928238 -0.281615 -0.626151 -0.941278 0.295823 0.16274 -0.243618 0.23437 0.225526 0.945626 0.378489 0.154697 -0.123268 0.980242 0.383209 -0.979554 0.110033 0.168425 -0.485246 -0.128621 -0.986254 -0.103725 0.440659 
1535122838146 0.24327 0.928358 -0.281018 -0.627245 -0.941248 0.295912 0.16275 -0.243579 0.234247 0.224916 0.945802 0.377841 0.157452 -0.124539 0.979642 0.383198 -0.979924 0.103153 0.170611 -0.485466 -0.122301 -0.986838 -0.105797 0.441104 
1535122838350 0.243503 0.928478 -0.28042 -0.628341 -0.941219 0.296002 0.162759 -0.243541 0.234123 0.224304 0.945978 0.377192 0.160215 -0.125791 0.979034 0.383187 -0.980245 0.0962656 0.172782 -0.485688 -0.115982 -0.987375 -0.107883 0.441548 
1535122838649 0.243737 0.928597 -0.279823 -0.629436 -0.941189 0.296091 0.162769 -0.243503 0.234 0.223693 0.946153 0.376543 0.162984 -0.127024 0.978418 0.383177 -0.980515 0.089371 0.174937 -0.485909 -0.109663 -0.987865 -0.109983 0.441993 
1535122838813 0.24397 0.928715 -0.279226 -0.63053 -0.941159 0.29618 0.162779 -0.243464 0.233876 0.223083 0.946328 0.375895 0.16576 -0.128236 0.977793 0.383166 -0.980736 0.0824698 0.177075 -0.486129 -0.103346 -0.988309 -0.112096 0.442437 
1535122839140 0.244204 0.928833 -0.278628 -0.631625 -0.941129 0.296269 0.162789 -0.243426 0.233752 0.222471 0.946502 0.375246 0.168544 -0.129429 0.97716 0.383155 -0.980907 0.0755621 0.179198 -0.48635 -0.0970298 -0.988705 -0.114222 0.442882 
1535122839208 0.244437 0.928951 -0.27803 -0.632721 -0.9411 0.296358 0.162798 -0.243387 0.233628 0.22186 0.946676 0.374598 0.171333 -0.130602 0.976518 0.383144 -0.981028 0.0686485 0.181306 -0.486572 -0.0907154 -0.989055 -0.116362 0.443326 
1535122839640 0.24467 0.929068 -0.277432 -0.633815 -0.94107 0.296447 0.162808 -0.243348 0.233504 0.221249 0.94685 0.373949 0.174129 -0.131755 0.975869 0.383133 -0.981099 0.0617295 0.183397 -0.486792 -0.0844032 -0.989358 -0.118515 0.443771 
1535122839648 0.244903 0.929185 -0.276834 -0.63491 -0.94104 0.296536 0.162818 -0.24331 0.23338 0.220637 0.947023 0.373301 0.176932 -0.132887 0.975211 0.383122 -0.98112 0.0548051 0.185472 -0.487013 -0.0780934 -0.989615 -0.120682 0.444215 
1535122840232 0.244997 0.929071 -0.277135 -0.634672 -0.941028 0.296668 0.162651 -0.243421 0.233331 0.220943 0.946964 0.373397 0.176535 -0.13285 0.975288 0.383141 -0.981128 0.0556656 0.185175 -0.486863 -0.0788904 -0.989572 -0.120516 0.443934 
1535122840248 0.244502 0.928966 -0.277924 -0.634808 -0.940999 0.296481 0.163156 -0.2435 0.233966 0.221634 0.946646 0.373433 0.173851 -0.131889 0.9759 0.383154 -0.981185 0.0613079 0.183078 -0.486574 -0.0839764 -0.989367 -0.118749 0.443549 
1535122840254 0.244004 0.928861 -0.278711 -0.634944 -0.94097 0.296293 0.163663 -0.243579 0.2346 0.222324 0.946327 0.37347 0.171169 -0.130913 0.976505 0.383166 -0.981208 0.0669469 0.180969 -0.486279 -0.0890652 -0.989131 -0.116994 0.443165 
1535122840428 0.243506 0.928755 -0.279498 -0.635081 -0.940941 0.296106 0.16417 -0.243657 0.235234 0.223015 0.946007 0.373506 0.168492 -0.129922 0.977103 0.383178 -0.981196 0.0725819 0.178848 -0.485982 -0.0941563 -0.988864 -0.115249 0.44278 
1535122840474 0.243007 0.928649 -0.280284 -0.635217 -0.940911 0.295919 0.164676 -0.243736 0.235868 0.223705 0.945686 0.373543 0.165819 -0.128914 0.977694 0.38319 -0.981149 0.0782125 0.176717 -0.485687 -0.0992493 -0.988567 -0.113515 0.442395 
1535122840588 0.242508 0.928542 -0.28107 -0.635354 -0.940881 0.295732 0.165183 -0.243815 0.236501 0.224395 0.945365 0.373579 0.16315 -0.127892 0.978277 0.383202 -0.981068 0.0838384 0.174576 -0.485393 -0.104344 -0.988238 -0.111792 0.44201 
1535122840646 0.242008 0.928434 -0.281856 -0.63549 -0.940851 0.295545 0.16569 -0.243894 0.237133 0.225086 0.945042 0.373615 0.160486 -0.126854 0.978853 0.383214 -0.980952 0.0894598 0.172423 -0.485097 -0.10944 -0.987879 -0.11008 0.441625 
1535122840716 0.241508 0.928326 -0.28264 -0.635626 -0.94082 0.295359 0.166197 -0.243973 0.237766 0.225776 0.944718 0.373652 0.157826 -0.1258 0.979421 0.383226 -0.980802 0.095076 0.170261 -0.484802 -0.114538 -0.987489 -0.108379 0.44124 
1535122840756 0.241007 0.928216 -0.283425 -0.635763 -0.940788 0.295173 0.166704 -0.244052 0.238397 0.226466 0.944394 0.373688 0.155171 -0.124731 0.979982 0.383237 -0.980617 0.100687 0.168086 -0.484506 -0.119637 -0.987069 -0.106689 0.440855 
1535122840922 0.240505 0.928107 -0.28421 -0.635899 -0.940756 0.294988 0.167212 -0.244131 0.239029 0.227157 0.944068 0.373725 0.15252 -0.123646 0.980535 0.383249 -0.980397 0.106293 0.165902 -0.484212 -0.124737 -0.986617 -0.105011 0.44047 
1535122841419 0.241096 0.92828 -0.283141 -0.635721 -0.94086 0.295117 0.166398 -0.24395 0.238023 0.226278 0.944533 0.373632 0.15858 -0.125821 0.979296 0.383302 -0.980757 0.0943226 0.170935 -0.484824 -0.113877 -0.987559 -0.108443 0.441517 
1535122841565 0.240371 0.928337 -0.28357 -0.635758 -0.940914 0.294628 0.166962 -0.244081 0.238544 0.226682 0.944305 0.373729 0.16138 -0.12809 0.978545 0.383316 -0.981006 0.0873145 0.173215 -0.485155 -0.107628 -0.987911 -0.111567 0.442061 
1535122841575 0.239646 0.928394 -0.283999 -0.635795 -0.940967 0.294138 0.167525 -0.244212 0.239064 0.227087 0.944076 0.373826 0.164196 -0.130339 0.977779 0.38333 -0.981204 0.0802968 0.175474 -0.485491 -0.101384 -0.988213 -0.114705 0.442606 
1535122841752 0.23892 0.928449 -0.284427 -0.635832 -0.941019 0.293648 0.168089 -0.244344 0.239584 0.227492 0.943847 0.373922 0.167025 -0.132566 0.977 0.383345 -0.981351 0.0732704 0.17771 -0.485828 -0.0951436 -0.988462 -0.117856 0.44315 
1535122841888 0.238194 0.928505 -0.284855 -0.635869 -0.941071 0.293158 0.168653 -0.244475 0.240103 0.227897 0.943617 0.374019 0.169867 -0.134773 0.976208 0.38336 -0.981448 0.0662356 0.179923 -0.486165 -0.0889084 -0.98866 -0.121021 0.443695 
1535122841903 0.237467 0.92856 -0.285282 -0.635905 -0.941122 0.292669 0.169218 -0.244606 0.240622 0.228302 0.943387 0.374116 0.172721 -0.136958 0.975403 0.383374 -0.981495 0.059193 0.182111 -0.4865 -0.0826785 -0.988807 -0.124199 0.44424 
1535122842001 0.23674 0.928614 -0.285709 -0.635942 -0.941172 0.292179 0.169782 -0.244737 0.24114 0.228707 0.943157 0.374213 0.175589 -0.139121 0.974584 0.383389 -0.98149 0.0521427 0.184277 -0.486838 -0.0764541 -0.988902 -0.12739 0.444784 
1535122842194 0.236013 0.928668 -0.286135 -0.635979 -0.941222 0.29169 0.170347 -0.244869 0.241658 0.229112 0.942926 0.37431 0.178469 -0.141263 0.973752 0.383403 -0.981436 0.0450854 0.186417 -0.487173 -0.0702358 -0.988945 -0.130594 0.445329 
1535122842332 0.235286 0.928721 -0.286561 -0.636016 -0.941271 0.291201 0.170912 -0.245 0.242176 0.229518 0.942694 0.374407 0.181361 -0.143383 0.972908 0.383418 -0.98133 0.0380213 0.188535 -0.487511 -0.0640238 -0.988937 -0.13381 0.445873 
1535122842457 0.234558 0.928774 -0.286986 -0.636053 -0.94132 0.290712 0.171476 -0.245131 0.242693 0.229924 0.942462 0.374503 0.184265 -0.145481 0.97205 0.383433 -0.981174 0.030951 0.190627 -0.487847 -0.0578185 -0.988877 -0.137039 0.446418 
1535122842795 0.235157 0.928748 -0.28658 -0.636043 -0.94131 0.291075 0.17091 -0.244948 0.242148 0.229571 0.942688 0.374432 0.172145 -0.137028 0.975494 0.383326 -0.981516 0.0602077 0.181665 -0.486439 -0.0836256 -0.988736 -0.124131 0.44379 
1535122842800 0.234899 0.928958 -0.286113 -0.636047 -0.941494 0.29063 0.170657 -0.245047 0.241687 0.229286 0.942876 0.374405 0.169674 -0.136291 0.976031 0.383267 -0.98163 0.0643097 0.179628 -0.486227 -0.0872498 -0.988579 -0.122876 0.443497 
1535122842806 0.23464 0.929167 -0.285644 -0.636052 -0.941676 0.290185 0.170406 -0.245146 0.241225 0.229 0.943064 0.374379 0.167202 -0.135543 0.976561 0.383206 -0.981726 0.068409 0.177581 -0.48601 -0.0908756 -0.988407 -0.121628 0.443203 
1535122842985 0.234381 0.929377 -0.285175 -0.636056 -0.941859 0.28974 0.170154 -0.245244 0.240764 0.228714 0.943251 0.374352 0.164732 -0.134785 0.977086 0.383145 -0.981801 0.0725058 0.175529 -0.485793 -0.0945031 -0.988219 -0.120388 0.44291 
1535122843039 0.234121 0.929586 -0.284706 -0.636061 -0.942041 0.289294 0.169902 -0.245343 0.240302 0.228427 0.943438 0.374325 0.162264 -0.134017 0.977604 0.383085 -0.981856 0.0765999 0.173471 -0.485575 -0.0981323 -0.988014 -0.119156 0.442616 
1535122843043 0.233862 0.929795 -0.284236 -0.636066 -0.942223 0.288849 0.16965 -0.245443 0.239841 0.22814 0.943625 0.374299 0.159798 -0.133238 0.978117 0.383024 -0.98189 0.0806912 0.171406 -0.485357 -0.101763 -0.987794 -0.117931 0.442322 
1535122843199 0.233602 0.930004 -0.283767 -0.636071 -0.942405 0.288404 0.169397 -0.245541 0.23938 0.227852 0.943812 0.374272 0.157334 -0.132449 0.978623 0.382964 -0.981905 0.0847795 0.169336 -0.485141 -0.105396 -0.987557 -0.116713 0.442029 
1535122843207 0.233342 0.930212 -0.283298 -0.636076 -0.942587 0.287959 0.169144 -0.24564 0.238918 0.227565 0.943998 0.374245 0.154872 -0.131649 0.979124 0.382903 -0.9819 0.0888651 0.167259 -0.484922 -0.109029 -0.987305 -0.115504 0.441735 
1535122843366 0.233081 0.93042 -0.282829 -0.636081 -0.942768 0.287514 0.168891 -0.245739 0.238457 0.227277 0.944184 0.374219 0.152412 -0.130839 0.979618 0.382842 -0.981874 0.0929473 0.165178 -0.484705 -0.112665 -0.987037 -0.114301 0.441442 
1535122843412 0.23282 0.930627 -0.28236 -0.636086 -0.942949 0.287069 0.168638 -0.245839 0.237996 0.226989 0.94437 0.374192 0.149954 -0.130019 0.980106 0.382782 -0.981829 0.0970267 0.163089 -0.484487 -0.116301 -0.986753 -0.113107 0.441148 
1535122843862 0.233396 0.93027 -0.283063 -0.636073 -0.942636 0.287908 0.168954 -0.245795 0.23867 0.227392 0.944102 0.374285 0.15556 -0.13157 0.979025 0.383008 -0.981835 0.0883945 0.167886 -0.484992 -0.108629 -0.987358 -0.115429 0.441969 
1535122844023 0.233782 0.930319 -0.282581 -0.636014 -0.942598 0.288135 0.168784 -0.245805 0.238444 0.226901 0.944278 0.374242 0.158021 -0.131988 0.978575 0.383015 -0.982111 0.081769 0.169621 -0.485306 -0.102405 -0.987873 -0.116706 0.442231 
1535122844046 0.234167 0.930369 -0.282098 -0.635955 -0.942559 0.288361 0.168614 -0.245815 0.238219 0.22641 0.944452 0.374198 0.160487 -0.132388 0.978119 0.383023 -0.982341 0.0751381 0.171349 -0.485629 -0.0961786 -0.988346 -0.117992 0.442493 
1535122844072 0.234552 0.930419 -0.281615 -0.635896 -0.94252 0.288586 0.168443 -0.245825 0.237993 0.225919 0.944627 0.374155 0.162953 -0.132771 0.977659 0.383032 -0.982525 0.0685036 0.173067 -0.485949 -0.0899516 -0.988777 -0.119288 0.442754 
1535122844197 0.234936 0.930468 -0.281131 -0.635837 -0.942482 0.288812 0.168273 -0.245835 0.237767 0.225427 0.944801 0.374112 0.165422 -0.133138 0.977195 0.38304 -0.982663 0.0618654 0.174777 -0.486271 -0.083724 -0.989165 -0.120596 0.443016 
1535122844232 0.235321 0.930517 -0.280648 -0.635777 -0.942443 0.289038 0.168103 -0.245845 0.237541 0.224936 0.944975 0.374069 0.167892 -0.133488 0.976726 0.383048 -0.982755 0.0552242 0.176476 -0.486591 -0.0774963 -0.989511 -0.121914 0.443278 
1535122844264 0.235705 0.930565 -0.280164 -0.635718 -0.942404 0.289263 0.167934 -0.245855 0.237314 0.224445 0.945149 0.374025 0.170364 -0.133821 0.976252 0.383056 -0.982801 0.0485798 0.178166 -0.486913 -0.0712684 -0.989814 -0.123243 0.44354 
1535122844292 0.236089 0.930613 -0.27968 -0.635659 -0.942365 0.289489 0.167764 -0.245865 0.237088 0.223953 0.945322 0.373982 0.172837 -0.134138 0.975774 0.383064 -0.982801 0.041933 0.179846 -0.487233 -0.0650411 -0.990075 -0.124583 0.443802 
1535122844297 0.236473 0.930661 -0.279196 -0.6356 -0.942326 0.289715 0.167594 -0.245875 0.236861 0.223462 0.945496 0.373939 0.175311 -0.134437 0.975291 0.383073 -0.982755 0.0352836 0.181516 -0.487555 -0.0588143 -0.990294 -0.125933 0.444064 
1535122844469 0.236857 0.930709 -0.278712 -0.635541 -0.942286 0.289941 0.167425 -0.245885 0.236634 0.22297 0.945668 0.373895 0.177786 -0.13472 0.974804 0.383081 -0.982663 0.0286324 0.183177 -0.487876 -0.0525886 -0.99047 -0.127294 0.444326 
1535122845303 0.236012 0.930689 -0.279493 -0.635647 -0.942391 0.289375 0.167812 -0.2458 0.237059 0.223786 0.945369 0.37404 0.174647 -0.134644 0.975382 0.382956 -0.982844 0.0358116 0.180927 -0.487483 -0.0592908 -0.990247 -0.12608 0.443832 
1535122845314 0.236849 0.930581 -0.279146 -0.635422 -0.942262 0.290035 0.167395 -0.245685 0.236737 0.223381 0.945546 0.374083 0.172342 -0.13441 0.975824 0.382963 -0.982918 0.0414869 0.179309 -0.487356 -0.0645849 -0.990057 -0.124964 0.443523 
1535122845484 0.237685 0.930471 -0.278799 -0.635194 -0.942133 0.290696 0.166978 -0.245568 0.236414 0.222977 0.945722 0.374127 0.170036 -0.134163 0.976262 0.382968 -0.982957 0.0471614 0.177683 -0.487224 -0.0698805 -0.989836 -0.123857 0.443213 
1535122845634 0.238521 0.930362 -0.278451 -0.634967 -0.942002 0.291356 0.166562 -0.245452 0.236091 0.222573 0.945898 0.37417 0.167732 -0.133902 0.976697 0.382974 -0.982962 0.0528341 0.176051 -0.487092 -0.0751765 -0.989585 -0.122759 0.442904 
1535122845641 0.239357 0.930251 -0.278103 -0.634739 -0.941871 0.292017 0.166146 -0.245335 0.235768 0.222169 0.946073 0.374214 0.165428 -0.133629 0.977127 0.38298 -0.982933 0.0585047 0.174411 -0.48696 -0.0804728 -0.989303 -0.12167 0.442594 
1535122845857 0.240193 0.930139 -0.277755 -0.634512 -0.94174 0.292678 0.165729 -0.245219 0.235444 0.221766 0.946248 0.374257 0.163124 -0.133341 0.977553 0.382985 -0.98287 0.0641731 0.172765 -0.486827 -0.0857693 -0.98899 -0.120589 0.442284 
1535122846032 0.241028 0.930028 -0.277406 -0.634285 -0.941607 0.293338 0.165314 -0.245103 0.23512 0.221362 0.946424 0.374301 0.160822 -0.133041 0.977976 0.382991 -0.982773 0.0698388 0.171112 -0.486696 -0.0910655 -0.988647 -0.119517 0.441975 
1535122846208 0.241864 0.929915 -0.277057 -0.634057 -0.941474 0.294 0.164898 -0.244986 0.234795 0.220959 0.946598 0.374344 0.158521 -0.132727 0.978394 0.382996 -0.982642 0.0755021 0.169452 -0.486563 -0.0963616 -0.988273 -0.118455 0.441665 
1535122846421 0.242698 0.929801 -0.276707 -0.633829 -0.94134 0.29466 0.164482 -0.24487 0.23447 0.220556 0.946773 0.374388 0.156221 -0.1324 0.978808 0.383002 -0.982477 0.0811623 0.167785 -0.486431 -0.101657 -0.987868 -0.117401 0.441356 
1535122846500 0.243533 0.929687 -0.276358 -0.633602 -0.941205 0.295321 0.164067 -0.244753 0.234145 0.220154 0.946947 0.374431 0.153922 -0.13206 0.979218 0.383007 -0.982278 0.0868197 0.166112 -0.486298 -0.106952 -0.987432 -0.116356 0.441046 
1535122847232 0.242848 0.929806 -0.276561 -0.633772 -0.941366 0.294717 0.164234 -0.244799 0.234213 0.220462 0.946859 0.374361 0.154327 -0.131997 0.979163 0.382997 -0.982286 0.0861146 0.166428 -0.486435 -0.106288 -0.987502 -0.116369 0.441245 
1535122847239 0.242885 0.929699 -0.276888 -0.633446 -0.941393 0.294775 0.163973 -0.24469 0.234065 0.220834 0.946808 0.374498 0.154308 -0.132149 0.979145 0.383025 -0.98225 0.0864567 0.166466 -0.486515 -0.106652 -0.987452 -0.116462 0.441176 
1535122847245 0.242922 0.929592 -0.277216 -0.633113 -0.94142 0.294833 0.163711 -0.244578 0.233916 0.221208 0.946758 0.374637 0.154263 -0.132302 0.979132 0.383053 -0.982212 0.0868509 0.166483 -0.486592 -0.107065 -0.987397 -0.116551 0.441098 
1535122847252 0.242958 0.929484 -0.277543 -0.632782 -0.941448 0.294891 0.163448 -0.244466 0.233768 0.221581 0.946707 0.374775 0.154217 -0.132456 0.979118 0.383082 -0.982174 0.0872452 0.166501 -0.486668 -0.107477 -0.987342 -0.11664 0.441019 
1535122847397 0.242995 0.929377 -0.277871 -0.63245 -0.941475 0.294949 0.163186 -0.244354 0.233619 0.221955 0.946656 0.374913 0.154171 -0.132609 0.979105 0.38311 -0.982136 0.0876393 0.166519 -0.486744 -0.10789 -0.987286 -0.116729 0.440941 
1535122847414 0.243032 0.929269 -0.278198 -0.632118 -0.941503 0.295006 0.162923 -0.244242 0.23347 0.222329 0.946605 0.375052 0.154126 -0.132763 0.979091 0.383138 -0.982098 0.0880335 0.166536 -0.486821 -0.108303 -0.987231 -0.116818 0.440862 
1535122847429 0.243069 0.929162 -0.278525 -0.631787 -0.94153 0.295064 0.162661 -0.244131 0.233321 0.222702 0.946554 0.37519 0.154079 -0.132917 0.979077 0.383166 -0.982059 0.0884277 0.166553 -0.486897 -0.108715 -0.987175 -0.116907 0.440784 
1535122847436 0.243106 0.929054 -0.278853 -0.631455 -0.941557 0.295121 0.162398 -0.244019 0.233172 0.223076 0.946503 0.375328 0.154034 -0.13307 0.979064 0.383194 -0.982021 0.0888219 0.166571 -0.486974 -0.109128 -0.987119 -0.116996 0.440705 
1535122847491 0.243143 0.928946 -0.27918 -0.631124 -0.941585 0.295178 0.162136 -0.243907 0.233023 0.223449 0.946452 0.375466 0.153987 -0.133224 0.97905 0.383223 -0.981982 0.0892161 0.166588 -0.48705 -0.109541 -0.987062 -0.117085 0.440627 
1535122847538 0.24318 0.928838 -0.279507 -0.630792 -0.941612 0.295235 0.161873 -0.243796 0.232874 0.223823 0.9464 0.375605 0.15394 -0.133377 0.979037 0.383251 -0.981943 0.0896104 0.166605 -0.487126 -0.109953 -0.987006 -0.117174 0.440548 
1535122848008 0.24257 0.929129 -0.279067 -0.631032 -0.941705 0.294637 0.162421 -0.24363 0.233134 0.2234 0.946436 0.375521 0.154075 -0.132574 0.979125 0.383114 -0.982136 0.0877916 0.166435 -0.486832 -0.108024 -0.987277 -0.11668 0.440966 
1535122848024 0.242561 0.929144 -0.279027 -0.630686 -0.941533 0.294788 0.163145 -0.24355 0.233839 0.22314 0.946323 0.375597 0.154177 -0.132759 0.979084 0.383181 -0.982109 0.0878484 0.166565 -0.486944 -0.108124 -0.987248 -0.11684 0.440872 
1535122848039 0.242552 0.929158 -0.278987 -0.630336 -0.941359 0.29494 0.163868 -0.243467 0.234544 0.22288 0.94621 0.375673 0.15428 -0.132944 0.979042 0.383248 -0.982082 0.0879044 0.166696 -0.487058 -0.108223 -0.987218 -0.117 0.440778 
1535122848045 0.242543 0.929172 -0.278947 -0.629986 -0.941186 0.295091 0.164592 -0.243385 0.235249 0.22262 0.946096 0.37575 0.154384 -0.133129 0.979001 0.383316 -0.982055 0.0879601 0.166827 -0.487172 -0.108322 -0.987188 -0.11716 0.440684 
1535122848110 0.242535 0.929187 -0.278907 -0.629636 -0.941012 0.295242 0.165315 -0.243302 0.235954 0.22236 0.945982 0.375826 0.154488 -0.133313 0.978959 0.383383 -0.982028 0.088016 0.166958 -0.487286 -0.108422 -0.987158 -0.11732 0.44059 
1535122848301 0.242526 0.929201 -0.278867 -0.629285 -0.940837 0.295394 0.166038 -0.243219 0.236658 0.2221 0.945867 0.375903 0.15459 -0.133498 0.978918 0.383451 -0.982001 0.0880721 0.167088 -0.487401 -0.108521 -0.987128 -0.11748 0.440496 
1535122848308 0.242518 0.929215 -0.278827 -0.628934 -0.940662 0.295545 0.166761 -0.243137 0.237363 0.221839 0.945752 0.37598 0.154694 -0.133683 0.978876 0.383518 -0.981973 0.0881279 0.167219 -0.487515 -0.108621 -0.987098 -0.11764 0.440402 
1535122848389 0.242509 0.929229 -0.278787 -0.628584 -0.940486 0.295695 0.167484 -0.243054 0.238067 0.221579 0.945636 0.376056 0.154797 -0.133868 0.978835 0.383585 -0.981946 0.0881838 0.167349 -0.487629 -0.10872 -0.987068 -0.1178 0.440308 
1535122848499 0.242501 0.929244 -0.278747 -0.628232 -0.940309 0.295846 0.168207 -0.242971 0.238771 0.221318 0.945519 0.376133 0.1549 -0.134053 0.978793 0.383653 -0.981919 0.0882395 0.16748 -0.487743 -0.108819 -0.987038 -0.117961 0.440214 
1535122848518 0.242492 0.929258 -0.278707 -0.627882 -0.940133 0.295996 0.168929 -0.242889 0.239475 0.221057 0.945402 0.376209 0.155003 -0.134238 0.978751 0.38372 -0.981891 0.0882954 0.167611 -0.487857 -0.108919 -0.987008 -0.118121 0.44012 
1535122848602 0.24216 0.929363 -0.278645 -0.629225 -0.940954 0.294982 0.166105 -0.243077 0.236567 0.221968 0.945921 0.375957 0.154645 -0.133764 0.978873 0.383529 -0.981968 0.0882418 0.167192 -0.487666 -0.108742 -0.987077 -0.117706 0.440295 
1535122848611 0.242249 0.929254 -0.278932 -0.628735 -0.940935 0.295115 0.165976 -0.242888 0.23655 0.22225 0.945859 0.376109 0.157668 -0.134717 0.97826 0.383644 -0.98219 0.0811318 0.169474 -0.488105 -0.102199 -0.987557 -0.119526 0.440608 
1535122848615 0.242338 0.929144 -0.27922 -0.628243 -0.940916 0.295248 0.165846 -0.242697 0.236534 0.222532 0.945797 0.376262 0.160698 -0.135649 0.977638 0.38376 -0.982357 0.0740154 0.171743 -0.488549 -0.095657 -0.987988 -0.121361 0.440922 
1535122848926 0.242428 0.929034 -0.279509 -0.627751 -0.940897 0.295381 0.165716 -0.242507 0.236518 0.222815 0.945734 0.376415 0.163732 -0.136558 0.977007 0.383876 -0.982471 0.0668934 0.173998 -0.488994 -0.0891161 -0.988371 -0.123212 0.441235 
1535122849154 0.242517 0.928924 -0.279796 -0.627259 -0.940878 0.295514 0.165587 -0.242316 0.236502 0.223097 0.945672 0.376568 0.166772 -0.137445 0.976369 0.383992 -0.982532 0.059766 0.176238 -0.48944 -0.0825767 -0.988705 -0.125077 0.441549 
1535122849373 0.242607 0.928814 -0.280084 -0.626766 -0.94086 0.295647 0.165458 -0.242126 0.236485 0.223378 0.945609 0.376721 0.169816 -0.13831 0.975722 0.384109 -0.982538 0.0526337 0.178464 -0.489886 -0.0760391 -0.988989 -0.126957 0.441863 
1535122849578 0.242696 0.928703 -0.280372 -0.626274 -0.94084 0.29578 0.165328 -0.241936 0.236469 0.223661 0.945546 0.376874 0.172865 -0.139153 0.975066 0.384225 -0.98249 0.0454971 0.180674 -0.49033 -0.069504 -0.989225 -0.128851 0.442176 
1535122849699 0.242786 0.928593 -0.280659 -0.625781 -0.940821 0.295913 0.165199 -0.241745 0.236453 0.223942 0.945484 0.377027 0.175918 -0.139973 0.974403 0.384341 -0.982389 0.0383563 0.18287 -0.490776 -0.0629713 -0.989412 -0.13076 0.44249 
1535122849788 0.242875 0.928483 -0.280948 -0.625289 -0.940802 0.296046 0.165069 -0.241555 0.236437 0.224225 0.945421 0.37718 0.178975 -0.14077 0.973731 0.384457 -0.982233 0.031212 0.18505 -0.49122 -0.0564417 -0.98955 -0.132683 0.442803 
1535122850090 0.242965 0.928372 -0.281235 -0.624796 -0.940783 0.296178 0.164939 -0.241364 0.236421 0.224507 0.945358 0.377333 0.182037 -0.141546 0.973051 0.384574 -0.982024 0.0240643 0.187216 -0.491667 -0.0499154 -0.989639 -0.134621 0.443117 
1535122850377 0.242831 0.928495 -0.280944 -0.625005 -0.940848 0.295971 0.164945 -0.241382 0.236302 0.224272 0.945444 0.377292 0.175407 -0.140025 0.974487 0.384287 -0.982451 0.0388707 0.182426 -0.490637 -0.0634233 -0.989385 -0.13075 0.442306 
1535122850391 0.242892 0.928403 -0.281197 -0.624559 -0.940712 0.296188 0.16533 -0.241223 0.23678 0.224368 0.945301 0.377427 0.176525 -0.141421 0.974084 0.384333 -0.982383 0.0363602 0.183308 -0.490821 -0.0613415 -0.989282 -0.132511 0.442595 
1535122850569 0.242953 0.928309 -0.281452 -0.624107 -0.940575 0.296406 0.165715 -0.241061 0.237259 0.224466 0.945158 0.377564 0.177648 -0.142814 0.973676 0.384379 -0.982308 0.0338483 0.184187 -0.49101 -0.0592617 -0.989171 -0.134274 0.442885 
1535122850576 0.243015 0.928216 -0.281708 -0.623654 -0.940438 0.296625 0.166099 -0.240898 0.237738 0.224564 0.945014 0.3777 0.178774 -0.144203 0.973265 0.384426 -0.982227 0.0313347 0.185063 -0.491201 -0.0571835 -0.989052 -0.136038 0.443174 
1535122850591 0.243077 0.928122 -0.281963 -0.623202 -0.940301 0.296844 0.166484 -0.240736 0.238216 0.224662 0.94487 0.377837 0.179902 -0.145589 0.972851 0.384473 -0.98214 0.0288199 0.185933 -0.491391 -0.0551072 -0.988925 -0.137804 0.443464 
1535122850597 0.243138 0.928029 -0.282218 -0.622751 -0.940164 0.297063 0.166868 -0.240575 0.238695 0.224759 0.944726 0.377973 0.181033 -0.146972 0.972433 0.38452 -0.982046 0.0263038 0.186798 -0.49158 -0.0530327 -0.988791 -0.139571 0.443753 
1535122850844 0.243199 0.927935 -0.282473 -0.622298 -0.940027 0.297282 0.167253 -0.240412 0.239174 0.224856 0.944582 0.378109 0.182167 -0.148351 0.972012 0.384567 -0.981946 0.0237862 0.187659 -0.49177 -0.0509598 -0.988649 -0.14134 0.444043 
1535122851026 0.243261 0.927841 -0.282728 -0.621847 -0.939889 0.297501 0.167637 -0.240251 0.239652 0.224953 0.944438 0.378246 0.183303 -0.149727 0.971587 0.384613 -0.98184 0.0212673 0.188515 -0.491959 -0.0488888 -0.988499 -0.14311 0.444332 
1535122851212 0.243322 0.927747 -0.282983 -0.621394 -0.939751 0.29772 0.168021 -0.240088 0.240131 0.225051 0.944293 0.378382 0.184442 -0.1511 0.971159 0.38466 -0.981728 0.018747 0.189366 -0.49215 -0.0468196 -0.988341 -0.144881 0.444622 
1535122851326 0.243382 0.927654 -0.283238 -0.620943 -0.939613 0.297939 0.168405 -0.239926 0.240609 0.225148 0.944148 0.378519 0.185584 -0.15247 0.970727 0.384707 -0.981609 0.0162255 0.190213 -0.492339 -0.0447522 -0.988175 -0.146654 0.444911 
1535122851704 0.243141 0.927789 -0.283003 -0.62122 -0.939745 0.2976 0.168266 -0.239848 0.240336 0.225038 0.944244 0.378465 0.185136 -0.151966 0.970892 0.384673 -0.981652 0.0172919 0.189894 -0.492223 -0.045646 -0.988235 -0.145976 0.444738 
1535122851714 0.243175 0.927774 -0.28302 -0.620932 -0.939558 0.297802 0.16895 -0.239766 0.241031 0.22483 0.944116 0.378538 0.183201 -0.150023 0.971561 0.384665 -0.981855 0.0213046 0.188432 -0.492089 -0.0489679 -0.988453 -0.143398 0.444252 
1535122851721 0.24321 0.92776 -0.283039 -0.620643 -0.939371 0.298005 0.169633 -0.239684 0.241725 0.224622 0.943988 0.378612 0.181272 -0.148073 0.972222 0.384655 -0.982042 0.025315 0.186958 -0.491949 -0.0522952 -0.988652 -0.140825 0.443766 
1535122851918 0.243245 0.927745 -0.283057 -0.620353 -0.939183 0.298207 0.170316 -0.239602 0.242419 0.224414 0.94386 0.378686 0.179348 -0.146114 0.972875 0.384645 -0.982212 0.029322 0.185474 -0.491809 -0.0556269 -0.988833 -0.138256 0.443279 
1535122852057 0.243279 0.92773 -0.283075 -0.620063 -0.938995 0.298409 0.170999 -0.239519 0.243113 0.224206 0.943731 0.37876 0.177431 -0.144146 0.97352 0.384636 -0.982365 0.0333258 0.183978 -0.491669 -0.0589629 -0.988995 -0.135691 0.442793 
1535122852062 0.243314 0.927716 -0.283093 -0.619773 -0.938806 0.298611 0.171681 -0.239436 0.243806 0.223997 0.943601 0.378834 0.175519 -0.142169 0.974156 0.384626 -0.982503 0.037326 0.182471 -0.491529 -0.0623031 -0.989138 -0.13313 0.442306 
1535122852098 0.243348 0.927701 -0.283111 -0.619484 -0.938617 0.298813 0.172364 -0.239354 0.2445 0.223788 0.943472 0.378907 0.173615 -0.140184 0.974785 0.384616 -0.982623 0.0413225 0.180953 -0.49139 -0.0656474 -0.989263 -0.130574 0.44182 
1535122852105 0.243383 0.927686 -0.28313 -0.619194 -0.938427 0.299015 0.173047 -0.239271 0.245193 0.22358 0.943341 0.378981 0.171715 -0.138191 0.975406 0.384606 -0.982728 0.0453156 0.179424 -0.491249 -0.068996 -0.989368 -0.128023 0.441334 
1535122852287 0.243418 0.927672 -0.283148 -0.618904 -0.938237 0.299216 0.173729 -0.239189 0.245886 0.223371 0.94321 0.379055 0.169823 -0.136189 0.976019 0.384597 -0.982815 0.0493047 0.177885 -0.49111 -0.0723484 -0.989455 -0.125476 0.440847 
1535122852545 0.243453 0.927657 -0.283166 -0.618614 -0.938046 0.299418 0.174411 -0.239106 0.246579 0.223162 0.943079 0.379129 0.167936 -0.134179 0.976623 0.384587 -0.982887 0.0532901 0.176335 -0.490969 -0.0757048 -0.989523 -0.122934 0.440361 
1535122852681 0.243426 0.927659 -0.283183 -0.618869 -0.938215 0.299249 0.173792 -0.239198 0.245962 0.223381 0.943188 0.379027 0.172382 -0.138465 0.97525 0.384695 -0.982672 0.0442889 0.179982 -0.49125 -0.0681139 -0.989377 -0.128431 0.441657 
1535122852693 0.243491 0.927527 -0.283559 -0.6186 -0.938132 0.299441 0.173907 -0.239109 0.246212 0.223671 0.943054 0.379131 0.171813 -0.137601 0.975472 0.384687 -0.982716 0.0453358 0.179483 -0.491267 -0.0689209 -0.98945 -0.127433 0.441451 
1535122852725 0.243556 0.927395 -0.283936 -0.618326 -0.938049 0.299634 0.174021 -0.239018 0.246463 0.223962 0.942919 0.379235 0.171242 -0.136737 0.975694 0.384679 -0.982758 0.0463829 0.178982 -0.491281 -0.069729 -0.989521 -0.126437 0.441244 
1535122852731 0.243621 0.927262 -0.284313 -0.618052 -0.937966 0.299826 0.174136 -0.238926 0.246714 0.224253 0.942785 0.37934 0.170672 -0.135873 0.975915 0.38467 -0.9828 0.0474294 0.17848 -0.491295 -0.0705376 -0.98959 -0.125441 0.441037 
1535122852966 0.243686 0.927129 -0.28469 -0.617777 -0.937884 0.300019 0.17425 -0.238835 0.246965 0.224544 0.94265 0.379444 0.170103 -0.135008 0.976134 0.384662 -0.98284 0.0484755 0.177976 -0.491309 -0.0713467 -0.989658 -0.124445 0.440831 
1535122853055 0.243751 0.926996 -0.285067 -0.617503 -0.937801 0.300212 0.174364 -0.238743 0.247216 0.224835 0.942515 0.379549 0.169535 -0.134142 0.976352 0.384653 -0.982879 0.0495211 0.177472 -0.491322 -0.0721564 -0.989724 -0.123449 0.440624 
1535122853061 0.243815 0.926863 -0.285444 -0.617229 -0.937718 0.300404 0.174479 -0.238652 0.247467 0.225126 0.942379 0.379654 0.168967 -0.133275 0.97657 0.384645 -0.982917 0.0505662 0.176966 -0.491337 -0.0729665 -0.989788 -0.122454 0.440418 
1535122853122 0.243879 0.92673 -0.285822 -0.616954 -0.937635 0.300597 0.174593 -0.23856 0.247718 0.225417 0.942244 0.379758 0.168399 -0.132408 0.976785 0.384636 -0.982954 0.0516108 0.176459 -0.49135 -0.0737772 -0.989851 -0.121459 0.440211 
1535122853395 0.243944 0.926597 -0.286198 -0.616681 -0.937552 0.300789 0.174707 -0.238469 0.247968 0.225707 0.942108 0.379863 0.167833 -0.131539 0.977 0.384628 -0.98299 0.0526549 0.175951 -0.491364 -0.0745884 -0.989912 -0.120465 0.440004 
1535122853412 0.244008 0.926463 -0.286576 -0.616405 -0.937469 0.300982 0.174821 -0.238377 0.248219 0.225998 0.941972 0.379968 0.167267 -0.130671 0.977214 0.384619 -0.983024 0.0536986 0.175442 -0.491378 -0.0754001 -0.989971 -0.11947 0.439798 
1535122853799 0.243817 0.92665 -0.286133 -0.616612 -0.93759 0.300652 0.174739 -0.238361 0.247948 0.225671 0.942122 0.379888 0.16776 -0.131342 0.977039 0.384618 -0.982998 0.0527586 0.175875 -0.491345 -0.074647 -0.989932 -0.120258 0.439974 
1535122853815 0.243937 0.926697 -0.28588 -0.616484 -0.937625 0.300658 0.174541 -0.238275 0.247698 0.225471 0.942236 0.379925 0.170653 -0.131637 0.976498 0.384656 -0.982939 0.0462685 0.178016 -0.491743 -0.0686146 -0.990218 -0.121495 0.440287 
1535122853835 0.244057 0.926743 -0.285628 -0.616355 -0.93766 0.300665 0.174341 -0.23819 0.247448 0.225273 0.942349 0.379961 0.173551 -0.131912 0.975951 0.384695 -0.982834 0.0397752 0.180151 -0.492146 -0.0625827 -0.990463 -0.122744 0.440599 
1535122853852 0.244176 0.926789 -0.285377 -0.616226 -0.937695 0.300671 0.174142 -0.238104 0.247197 0.225075 0.942462 0.379998 0.176449 -0.132167 0.975396 0.384734 -0.982684 0.0332798 0.182277 -0.49255 -0.056552 -0.990669 -0.124006 0.440912 
1535122853859 0.244296 0.926835 -0.285125 -0.616097 -0.93773 0.300678 0.173943 -0.238019 0.246947 0.224876 0.942575 0.380035 0.179347 -0.132403 0.974835 0.384773 -0.982488 0.0267825 0.184393 -0.492953 -0.0505228 -0.990834 -0.125281 0.441225 
1535122854044 0.244415 0.926881 -0.284872 -0.615968 -0.937764 0.300684 0.173744 -0.237933 0.246696 0.224677 0.942688 0.380072 0.182246 -0.132621 0.974268 0.384812 -0.982246 0.0202836 0.1865 -0.493358 -0.0444953 -0.990959 -0.126569 0.441538 
1535122854090 0.244535 0.926927 -0.284621 -0.61584 -0.937799 0.300691 0.173544 -0.237847 0.246446 0.22448 0.942801 0.380109 0.185145 -0.132818 0.973694 0.384851 -0.981958 0.0137835 0.188596 -0.49376 -0.03847 -0.991045 -0.12787 0.441851 
1535122854162 0.244654 0.926973 -0.284368 -0.615711 -0.937834 0.300697 0.173345 -0.237761 0.246195 0.224281 0.942914 0.380146 0.188044 -0.132997 0.973114 0.384891 -0.981625 0.00728233 0.190683 -0.494165 -0.0324469 -0.99109 -0.129184 0.442164 
1535122854208 0.244773 0.927019 -0.284117 -0.615582 -0.937869 0.300704 0.173146 -0.237676 0.245944 0.224083 0.943026 0.380182 0.190942 -0.133157 0.972528 0.384929 -0.981246 0.000780655 0.19276 -0.494568 -0.0264266 -0.991095 -0.13051 0.442477 
1535122854244 0.244892 0.927065 -0.283865 -0.615453 -0.937903 0.300711 0.172946 -0.23759 0.245694 0.223884 0.943139 0.380219 0.19384 -0.133297 0.971935 0.384968 -0.980821 -0.00572137 0.194828 -0.494971 -0.0204091 -0.99106 -0.131849 0.44279 
1535122855105 0.244647 0.926987 -0.284328 -0.615694 -0.937837 0.300683 0.173356 -0.237742 0.246191 0.224242 0.942924 0.380143 0.190322 -0.133265 0.972635 0.38489 -0.981355 0.00126731 0.192202 -0.494468 -0.0268464 -0.99108 -0.130539 0.442268 
1535122855251 0.244667 0.927025 -0.284188 -0.615487 -0.937888 0.300624 0.173178 -0.237642 0.245974 0.224166 0.942999 0.380198 0.19117 -0.133719 0.972406 0.384902 -0.981258 -0.00159549 0.192691 -0.494602 -0.024215 -0.991018 -0.131518 0.442453 
1535122855273 0.244686 0.927062 -0.28405 -0.615277 -0.93794 0.300565 0.173002 -0.23754 0.245759 0.22409 0.943073 0.380254 0.19202 -0.134171 0.972176 0.384916 -0.981154 -0.00445879 0.193178 -0.494742 -0.0215843 -0.990948 -0.132499 0.442638 
1535122855423 0.244706 0.927099 -0.283912 -0.615066 -0.937991 0.300506 0.172824 -0.237438 0.245543 0.224015 0.943147 0.38031 0.192872 -0.134621 0.971945 0.38493 -0.981041 -0.00732246 0.193663 -0.494883 -0.0189541 -0.99087 -0.133481 0.442824 
1535122855447 0.244726 0.927136 -0.283774 -0.614857 -0.938043 0.300447 0.172647 -0.237337 0.245327 0.223941 0.943221 0.380366 0.193724 -0.135069 0.971714 0.384943 -0.98092 -0.010186 0.194143 -0.495022 -0.0163249 -0.990784 -0.134465 0.443009 
1535122855635 0.244745 0.927174 -0.283634 -0.614647 -0.938094 0.300388 0.172471 -0.237235 0.245111 0.223865 0.943295 0.380422 0.194578 -0.135513 0.971481 0.384957 -0.980791 -0.0130499 0.194622 -0.495162 -0.0136962 -0.99069 -0.13545 0.443195 
1535122855643 0.244764 0.927211 -0.283496 -0.614436 -0.938146 0.30033 0.172294 -0.237133 0.244895 0.223789 0.943369 0.380478 0.195433 -0.135956 0.971248 0.38497 -0.980655 -0.0159139 0.195098 -0.495303 -0.0110683 -0.990587 -0.136436 0.44338 
1535122855845 0.244783 0.927248 -0.283357 -0.614227 -0.938197 0.300271 0.172117 -0.237032 0.244679 0.223714 0.943443 0.380534 0.196288 -0.136395 0.971014 0.384984 -0.98051 -0.0187778 0.19557 -0.495443 -0.0084413 -0.990477 -0.137423 0.443565 
1535122855909 0.244803 0.927285 -0.28322 -0.614017 -0.938248 0.300212 0.171939 -0.236931 0.244463 0.223639 0.943517 0.38059 0.197144 -0.136832 0.970779 0.384997 -0.980357 -0.0216418 0.196039 -0.495582 -0.00581509 -0.990358 -0.138411 0.443751 
1535122855988 0.244822 0.927323 -0.283081 -0.613806 -0.938299 0.300153 0.171762 -0.236829 0.244247 0.223563 0.943591 0.380646 0.198003 -0.137267 0.970543 0.385011 -0.980196 -0.0245061 0.196506 -0.495723 -0.00318958 -0.990231 -0.139401 0.443936 
1535122856391 0.244561 0.92737 -0.283152 -0.614067 -0.938305 0.299974 0.172043 -0.236819 0.244486 0.223608 0.943518 0.380531 0.197657 -0.137028 0.970647 0.384958 -0.980262 -0.0233975 0.196312 -0.495644 -0.00418945 -0.990291 -0.138948 0.443754 
1535122856402 0.244626 0.927341 -0.283191 -0.613729 -0.938232 0.300096 0.172233 -0.236747 0.244703 0.223566 0.943472 0.380628 0.195486 -0.13641 0.971173 0.384924 -0.980664 -0.0180144 0.194867 -0.495569 -0.00908662 -0.990489 -0.137294 0.44341 
1535122856530 0.244692 0.927311 -0.283232 -0.61339 -0.938158 0.300218 0.172421 -0.236674 0.244919 0.223526 0.943425 0.380724 0.193322 -0.13578 0.971695 0.38489 -0.981036 -0.0126577 0.193411 -0.495491 -0.0139619 -0.990658 -0.135652 0.443068 
1535122856724 0.244758 0.927281 -0.283272 -0.61305 -0.938084 0.30034 0.17261 -0.236601 0.245135 0.223485 0.943378 0.380821 0.191159 -0.135138 0.972212 0.384855 -0.981378 -0.00730178 0.191947 -0.495412 -0.0188403 -0.9908 -0.134017 0.442726 
1535122856777 0.244824 0.927251 -0.283312 -0.612711 -0.93801 0.300462 0.172798 -0.236528 0.245352 0.223445 0.943332 0.380918 0.189 -0.134484 0.972725 0.38482 -0.981691 -0.00194652 0.190472 -0.495333 -0.023722 -0.990914 -0.132389 0.442384 
1535122857018 0.24489 0.927221 -0.283353 -0.612371 -0.937937 0.300584 0.172986 -0.236455 0.245568 0.223405 0.943285 0.381015 0.186842 -0.133818 0.973233 0.384784 -0.981973 0.00340782 0.188989 -0.495254 -0.0286066 -0.991 -0.130769 0.442041 
1535122857177 0.244956 0.927192 -0.283394 -0.612031 -0.937863 0.300706 0.173174 -0.236381 0.245784 0.223364 0.943238 0.381112 0.184687 -0.13314 0.973737 0.384749 -0.982226 0.00876106 0.187495 -0.495174 -0.0334941 -0.991059 -0.129155 0.441699 
1535122857199 0.245022 0.927162 -0.283434 -0.611692 -0.937789 0.300828 0.173363 -0.236308 0.246 0.223324 0.943192 0.381209 0.182536 -0.13245 0.974237 0.384714 -0.98245 0.0141128 0.185993 -0.495096 -0.0383841 -0.991089 -0.127549 0.441357 
1535122857358 0.245088 0.927132 -0.283475 -0.611352 -0.937715 0.30095 0.173551 -0.236235 0.246217 0.223283 0.943145 0.381306 0.180387 -0.131749 0.974732 0.384679 -0.982643 0.0194634 0.184481 -0.495016 -0.0432767 -0.991092 -0.125951 0.441015 
1535122857367 0.245154 0.927102 -0.283515 -0.611012 -0.937641 0.301072 0.17374 -0.236162 0.246433 0.223243 0.943098 0.381403 0.178241 -0.131035 0.975223 0.384644 -0.982807 0.0248121 0.182961 -0.494938 -0.0481716 -0.991067 -0.12436 0.440673 
1535122857855 0.245078 0.927194 -0.283281 -0.611225 -0.937728 0.300895 0.173578 -0.236234 0.246178 0.2231 0.943198 0.381387 0.182931 -0.132432 0.974165 0.384724 -0.982411 0.0131442 0.186266 -0.495214 -0.0374723 -0.991105 -0.127699 0.441641 
1535122857957 0.245302 0.927096 -0.283409 -0.610856 -0.937675 0.301127 0.17346 -0.23609 0.246156 0.223196 0.943181 0.38148 0.185023 -0.132164 0.973807 0.384754 -0.982226 0.00700422 0.187573 -0.495494 -0.0316112 -0.991203 -0.128519 0.441826 
1535122857968 0.245526 0.926997 -0.283539 -0.610485 -0.937622 0.30136 0.173342 -0.235946 0.246134 0.223293 0.943164 0.381573 0.187116 -0.131882 0.973445 0.384785 -0.982 0.000864183 0.188877 -0.495779 -0.0257507 -0.991265 -0.129346 0.442011 
1535122857975 0.245749 0.926898 -0.283668 -0.610114 -0.937569 0.301592 0.173224 -0.235801 0.246113 0.223389 0.943147 0.381666 0.189206 -0.131587 0.973081 0.384816 -0.981736 -0.00527548 0.190175 -0.496064 -0.0198911 -0.991291 -0.130182 0.442196 
1535122858250 0.245973 0.926799 -0.283798 -0.609743 -0.937516 0.301825 0.173105 -0.235657 0.246091 0.223486 0.943129 0.381759 0.191294 -0.131279 0.972714 0.384847 -0.981432 -0.0114146 0.191468 -0.496349 -0.0140325 -0.99128 -0.131025 0.442381 
1535122858260 0.246196 0.9267 -0.283928 -0.609376 -0.937463 0.302057 0.172988 -0.235514 0.246071 0.223583 0.943112 0.381858 0.193381 -0.130957 0.972345 0.38488 -0.98109 -0.0175533 0.192756 -0.496639 -0.00817497 -0.991233 -0.131875 0.442567 
