1533550052263 0.153427 0.938601 -0.309012 -0.599242 -0.953313 0.222906 0.203732 -0.22061 0.260104 0.263328 0.92898 0.378418 1 0 0 0 0 1 0 0 0 0 1 1.306 
1533550052276 0.153106 0.938491 -0.309505 -0.599239 -0.953123 0.222956 0.204565 -0.220658 0.260988 0.263677 0.928633 0.37855 0.313239 -0.3866 0.867422 0.386189 -0.93126 -0.304042 0.200784 -0.500185 0.18611 -0.870689 -0.455263 0.505382 
1533550052551 0.152785 0.938381 -0.309998 -0.599236 -0.952932 0.223007 0.205396 -0.220706 0.261872 0.264026 0.928285 0.378681 0.316244 -0.384866 0.867103 0.400216 -0.929998 -0.306258 0.203249 -0.504049 0.187334 -0.87068 -0.454777 0.486145 
1533550052731 0.152463 0.93827 -0.310491 -0.599232 -0.952741 0.223059 0.206227 -0.220754 0.262755 0.264375 0.927936 0.378813 0.316258 -0.384857 0.867102 0.400836 -0.929992 -0.306267 0.203261 -0.504368 0.187338 -0.870681 -0.454774 0.485921 
1533550052892 0.152141 0.938159 -0.310983 -0.599229 -0.952548 0.223111 0.207058 -0.220802 0.263637 0.264724 0.927586 0.378945 0.316239 -0.384881 0.867098 0.400855 -0.93 -0.306257 0.203241 -0.504361 0.187331 -0.870674 -0.454789 0.485943 
1533550053073 0.151819 0.938048 -0.311475 -0.599226 -0.952355 0.223163 0.207889 -0.22085 0.264519 0.265073 0.927236 0.379076 0.316214 -0.384899 0.867099 0.400827 -0.930009 -0.306245 0.203216 -0.504329 0.187327 -0.87067 -0.454799 0.48594 
1533550053080 0.151496 0.937937 -0.311966 -0.599223 -0.952161 0.223216 0.208719 -0.220899 0.265401 0.265422 0.926884 0.379208 0.3162 -0.384907 0.867101 0.400798 -0.930014 -0.306239 0.203202 -0.504306 0.187326 -0.870669 -0.454801 0.485922 
1533550053276 0.151173 0.937826 -0.312457 -0.59922 -0.951966 0.223269 0.209549 -0.220947 0.266283 0.26577 0.926531 0.37934 0.316197 -0.384904 0.867103 0.400778 -0.930014 -0.30624 0.2032 -0.504292 0.187329 -0.87067 -0.454799 0.485903 
1533550053493 0.150849 0.937714 -0.312948 -0.599217 -0.951771 0.223322 0.21038 -0.220995 0.267164 0.266119 0.926177 0.379471 0.316201 -0.384895 0.867106 0.400765 -0.930012 -0.306246 0.203202 -0.504277 0.187337 -0.870672 -0.454792 0.485883 
1533550053685 0.150526 0.937603 -0.313437 -0.599218 -0.951575 0.223375 0.211208 -0.22104 0.268043 0.266467 0.925823 0.379599 0.316123 -0.384928 0.86712 0.40068 -0.93004 -0.30621 0.20313 -0.504145 0.18733 -0.87067 -0.454798 0.485852 
1533550053885 0.150407 0.93758 -0.313563 -0.599238 -0.951628 0.223257 0.211092 -0.221035 0.267921 0.266645 0.925807 0.379544 1 0 0 0 0 1 0 0 0 0 1 1.306 
1533550053897 0.150388 0.937571 -0.313599 -0.599235 -0.951602 0.223277 0.211188 -0.221041 0.268023 0.266661 0.925773 0.379563 0.313239 -0.3866 0.867422 0.386189 -0.93126 -0.304042 0.200784 -0.500185 0.18611 -0.870689 -0.455263 0.505382 
1533550053914 0.150369 0.937562 -0.313636 -0.599233 -0.951577 0.223296 0.211283 -0.221046 0.268125 0.266678 0.925739 0.379582 0.316244 -0.384866 0.867103 0.400216 -0.929998 -0.306258 0.203249 -0.504049 0.187334 -0.87068 -0.454777 0.486145 
1533550054093 0.15035 0.937553 -0.313672 -0.59923 -0.951551 0.223315 0.211378 -0.221052 0.268226 0.266694 0.925705 0.379601 0.316258 -0.384857 0.867102 0.400836 -0.929992 -0.306267 0.203261 -0.504368 0.187338 -0.870681 -0.454774 0.485921 
1533550054191 0.150332 0.937543 -0.313708 -0.599227 -0.951526 0.223334 0.211473 -0.221058 0.268327 0.26671 0.925671 0.37962 0.316239 -0.384881 0.867098 0.400855 -0.93 -0.306257 0.203241 -0.504361 0.187331 -0.870674 -0.454789 0.485943 
1533550054350 0.150313 0.937534 -0.313745 -0.599225 -0.9515 0.223353 0.211568 -0.221063 0.268428 0.266727 0.925637 0.379639 0.316214 -0.384899 0.867099 0.400827 -0.930009 -0.306245 0.203216 -0.504329 0.187327 -0.87067 -0.454799 0.48594 
1533550054474 0.150294 0.937525 -0.313781 -0.599222 -0.951474 0.223372 0.211663 -0.221069 0.268529 0.266743 0.925603 0.379659 0.3162 -0.384907 0.867101 0.400798 -0.930014 -0.306239 0.203202 -0.504306 0.187326 -0.870669 -0.454801 0.485922 
1533550054637 0.150276 0.937516 -0.313817 -0.599219 -0.951449 0.223391 0.211758 -0.221075 0.26863 0.266759 0.925569 0.379678 0.316197 -0.384904 0.867103 0.400778 -0.930014 -0.30624 0.2032 -0.504292 0.187329 -0.87067 -0.454799 0.485903 
1533550054788 0.150257 0.937507 -0.313853 -0.599216 -0.951423 0.22341 0.211853 -0.221081 0.268731 0.266775 0.925535 0.379697 0.316201 -0.384895 0.867106 0.400765 -0.930012 -0.306246 0.203202 -0.504277 0.187337 -0.870672 -0.454792 0.485883 
1533550054902 0.150238 0.937497 -0.31389 -0.599214 -0.951398 0.223429 0.211947 -0.221086 0.268832 0.266792 0.925501 0.379715 0.316123 -0.384928 0.86712 0.40068 -0.93004 -0.30621 0.20313 -0.504145 0.18733 -0.87067 -0.454798 0.485852 
1533550055003 0.150267 0.937481 -0.313925 -0.599238 -0.951423 0.223434 0.211827 -0.22106 0.268726 0.266845 0.925516 0.379666 1 0 0 0 0 1 0 0 0 0 1 1.306 
1533550055017 0.150273 0.937446 -0.314026 -0.599235 -0.951496 0.22339 0.211548 -0.221055 0.268466 0.267005 0.925546 0.379669 0.313239 -0.3866 0.867422 0.386189 -0.93126 -0.304042 0.200784 -0.500185 0.18611 -0.870689 -0.455263 0.505382 
1533550055286 0.150279 0.937411 -0.314128 -0.599231 -0.951568 0.223345 0.211269 -0.221051 0.268205 0.267165 0.925575 0.379672 0.316244 -0.384866 0.867103 0.400216 -0.929998 -0.306258 0.203249 -0.504049 0.187334 -0.87068 -0.454777 0.486145 
1533550055441 0.150284 0.937376 -0.314229 -0.599228 -0.951641 0.2233 0.21099 -0.221046 0.267945 0.267325 0.925604 0.379674 0.316258 -0.384857 0.867102 0.400836 -0.929992 -0.306267 0.203261 -0.504368 0.187338 -0.870681 -0.454774 0.485921 
1533550055665 0.15029 0.937342 -0.314331 -0.599225 -0.951713 0.223254 0.210711 -0.221042 0.267684 0.267485 0.925633 0.379677 0.316239 -0.384881 0.867098 0.400855 -0.93 -0.306257 0.203241 -0.504361 0.187331 -0.870674 -0.454789 0.485943 
1533550055775 0.150295 0.937307 -0.314432 -0.599221 -0.951786 0.223209 0.210433 -0.221037 0.267424 0.267645 0.925662 0.37968 0.316214 -0.384899 0.867099 0.400827 -0.930009 -0.306245 0.203216 -0.504329 0.187327 -0.87067 -0.454799 0.48594 
1533550055902 0.150301 0.937272 -0.314534 -0.599218 -0.951858 0.223164 0.210153 -0.221032 0.267163 0.267805 0.925691 0.379683 0.3162 -0.384907 0.867101 0.400798 -0.930014 -0.306239 0.203202 -0.504306 0.187326 -0.870669 -0.454801 0.485922 
1533550056021 0.150306 0.937237 -0.314635 -0.599215 -0.95193 0.223118 0.209874 -0.221028 0.266903 0.267965 0.92572 0.379686 0.316197 -0.384904 0.867103 0.400778 -0.930014 -0.30624 0.2032 -0.504292 0.187329 -0.87067 -0.454799 0.485903 
1533550056253 0.150312 0.937202 -0.314736 -0.599212 -0.952002 0.223073 0.209595 -0.221023 0.266642 0.268125 0.925749 0.379688 0.316201 -0.384895 0.867106 0.400765 -0.930012 -0.306246 0.203202 -0.504277 0.187337 -0.870672 -0.454792 0.485883 
1533550056398 0.150317 0.937167 -0.314837 -0.59921 -0.952074 0.223027 0.209317 -0.22102 0.266382 0.268284 0.925777 0.37969 0.316123 -0.384928 0.86712 0.40068 -0.93004 -0.30621 0.20313 -0.504145 0.18733 -0.87067 -0.454798 0.485852 
1533550056714 0.150203 0.93722 -0.314735 -0.599176 -0.952114 0.222876 0.209296 -0.221015 0.266303 0.268227 0.925817 0.379713 1 0 0 0 0 1 0 0 0 0 1 1.306 
1533550056725 0.150277 0.937202 -0.314753 -0.599179 -0.952122 0.222929 0.209202 -0.221015 0.266232 0.268245 0.925832 0.379701 0.313239 -0.3866 0.867422 0.386189 -0.93126 -0.304042 0.200784 -0.500185 0.18611 -0.870689 -0.455263 0.505382 
1533550056742 0.15035 0.937185 -0.314769 -0.599183 -0.952131 0.222981 0.209109 -0.221015 0.266161 0.268261 0.925848 0.37969 0.316244 -0.384866 0.867103 0.400216 -0.929998 -0.306258 0.203249 -0.504049 0.187334 -0.87068 -0.454777 0.486145 
