1534793838498 0.339614 0.824984 -0.451734 -0.491903 -0.901539 0.422432 0.0936945 -0.192847 0.268123 0.375436 0.887219 0.384753 0.16008 -0.304787 0.938871 0.370831 -0.775623 0.549475 0.310623 -0.528794 -0.61056 -0.777934 -0.14844 0.432481 
1534793838510 0.321701 0.828791 -0.457837 -0.503855 -0.908279 0.406715 0.0980436 -0.195711 0.267467 0.384303 0.883614 0.387375 0.316231 -0.384871 0.867106 0.40083 -0.930001 -0.306257 0.203234 -0.504368 0.187338 -0.870678 -0.454779 0.485897 
1534793838517 0.30368 0.832249 -0.463832 -0.515807 -0.914707 0.390901 0.102511 -0.198574 0.266627 0.39314 0.879972 0.389997 0.316231 -0.384871 0.867106 0.40083 -0.930001 -0.306257 0.203234 -0.504368 0.187338 -0.870678 -0.454779 0.485897 
1534793839432 0.285562 0.835356 -0.469718 -0.527758 -0.92082 0.374996 0.107095 -0.201438 0.265604 0.401944 0.876297 0.392619 0.316231 -0.384871 0.867106 0.40083 -0.930001 -0.306257 0.203234 -0.504368 0.187338 -0.870678 -0.454779 0.485897 
1534793840088 0.267349 0.838112 -0.475492 -0.539709 -0.926616 0.359005 0.111793 -0.204301 0.264399 0.41071 0.872588 0.395241 0.316231 -0.384871 0.867106 0.40083 -0.930001 -0.306257 0.203234 -0.504368 0.187338 -0.870678 -0.454779 0.485897 
1534793840095 0.249051 0.840516 -0.481151 -0.55166 -0.932093 0.342937 0.116605 -0.207164 0.263012 0.419437 0.868848 0.397864 0.316231 -0.384871 0.867106 0.40083 -0.930001 -0.306257 0.203234 -0.504368 0.187338 -0.870678 -0.454779 0.485897 
1534793841019 0.230674 0.842567 -0.486693 -0.563611 -0.937249 0.326794 0.121528 -0.210027 0.261444 0.428119 0.865079 0.400486 0.316231 -0.384871 0.867106 0.40083 -0.930001 -0.306257 0.203234 -0.504368 0.187338 -0.870678 -0.454779 0.485897 
1534793841694 0.212227 0.844263 -0.492117 -0.57556 -0.942082 0.310587 0.12656 -0.212889 0.259695 0.436755 0.86128 0.403108 0.316231 -0.384871 0.867106 0.40083 -0.930001 -0.306257 0.203234 -0.504368 0.187338 -0.870678 -0.454779 0.485897 
1534793842376 0.193715 0.845605 -0.49742 -0.587508 -0.946589 0.29432 0.131698 -0.215751 0.257765 0.44534 0.857455 0.405731 0.316231 -0.384871 0.867106 0.40083 -0.930001 -0.306257 0.203234 -0.504368 0.187338 -0.870678 -0.454779 0.485897 
1534793843073 0.175238 0.846544 -0.502649 -0.598663 -0.950756 0.27808 0.136873 -0.218244 0.255645 0.453911 0.853587 0.408464 0.316442 -0.385045 0.866951 0.401525 -0.929984 -0.306148 0.203478 -0.505625 0.187068 -0.87064 -0.454964 0.486487 
1534793843756 0.176276 0.846651 -0.502104 -0.598223 -0.950465 0.279068 0.136882 -0.218428 0.256012 0.453103 0.853906 0.408596 0.316442 -0.385045 0.866951 0.401525 -0.929984 -0.306148 0.203478 -0.505625 0.187068 -0.87064 -0.454964 0.486487 
1534793843768 0.174304 0.846727 -0.502665 -0.599542 -0.950898 0.277327 0.137417 -0.218733 0.255757 0.454031 0.85349 0.408834 0.316221 -0.384863 0.867113 0.400797 -0.930002 -0.306262 0.203223 -0.504308 0.187351 -0.87068 -0.45477 0.485869 
1534793844009 0.17233 0.846798 -0.503225 -0.600862 -0.951326 0.275584 0.137954 -0.219038 0.2555 0.454957 0.853073 0.409072 0.316221 -0.384863 0.867113 0.400797 -0.930002 -0.306262 0.203223 -0.504308 0.187351 -0.87068 -0.45477 0.485869 
1534793844016 0.170356 0.846865 -0.503784 -0.602181 -0.951751 0.273842 0.138492 -0.219344 0.255241 0.455884 0.852656 0.40931 0.316221 -0.384863 0.867113 0.400797 -0.930002 -0.306262 0.203223 -0.504308 0.187351 -0.87068 -0.45477 0.485869 
1534793844343 0.168382 0.846928 -0.504341 -0.6035 -0.952173 0.272098 0.139031 -0.219649 0.25498 0.456809 0.852238 0.409547 0.316221 -0.384863 0.867113 0.400797 -0.930002 -0.306262 0.203223 -0.504308 0.187351 -0.87068 -0.45477 0.485869 
1534793844579 0.166407 0.846988 -0.504897 -0.604821 -0.95259 0.270354 0.139572 -0.219955 0.254717 0.457734 0.851821 0.409785 0.31622 -0.384863 0.867113 0.400797 -0.930002 -0.306262 0.203222 -0.504307 0.187351 -0.87068 -0.45477 0.485868 
1534793844821 0.16443 0.847043 -0.505451 -0.60614 -0.953004 0.268609 0.140114 -0.22026 0.254451 0.458658 0.851403 0.410023 0.31622 -0.384863 0.867113 0.400797 -0.930002 -0.306262 0.203222 -0.504307 0.187351 -0.87068 -0.45477 0.485868 
1534793845065 0.162455 0.847094 -0.506004 -0.607461 -0.953414 0.266865 0.140657 -0.220566 0.254184 0.459582 0.850985 0.41026 0.316221 -0.384863 0.867113 0.400796 -0.930002 -0.306262 0.203223 -0.504306 0.187351 -0.87068 -0.45477 0.485868 
1534793845307 0.160478 0.847141 -0.506556 -0.608781 -0.953821 0.265119 0.141201 -0.220872 0.253915 0.460504 0.850566 0.410498 0.316221 -0.384863 0.867113 0.400796 -0.930002 -0.306262 0.203223 -0.504306 0.187351 -0.87068 -0.45477 0.485868 
1534793845554 0.1585 0.847184 -0.507106 -0.610101 -0.954224 0.263373 0.141747 -0.221177 0.253643 0.461426 0.850148 0.410736 0.316221 -0.384863 0.867113 0.400796 -0.930002 -0.306262 0.203223 -0.504306 0.187351 -0.87068 -0.45477 0.485868 
1534793845805 0.159172 0.8472 -0.50687 -0.609794 -0.954105 0.263925 0.141516 -0.221215 0.253668 0.461082 0.850327 0.410769 0.316221 -0.384863 0.867113 0.400796 -0.930002 -0.306262 0.203223 -0.504306 0.187351 -0.87068 -0.45477 0.485868 
1534793845816 0.158441 0.846947 -0.50752 -0.609814 -0.954076 0.263677 0.142173 -0.221267 0.254234 0.461687 0.84983 0.410776 0.31622 -0.384863 0.867113 0.400795 -0.930002 -0.306262 0.203222 -0.504304 0.187351 -0.87068 -0.454769 0.485867 
1534793845833 0.157709 0.846695 -0.508169 -0.609839 -0.954046 0.263429 0.14283 -0.221322 0.2548 0.462292 0.849331 0.410783 0.31622 -0.384863 0.867113 0.400795 -0.930002 -0.306262 0.203222 -0.504304 0.187351 -0.87068 -0.454769 0.485867 
1534793845869 0.156977 0.846441 -0.508818 -0.609864 -0.954016 0.263181 0.143488 -0.221377 0.255366 0.462896 0.848832 0.41079 0.31622 -0.384863 0.867113 0.400795 -0.930002 -0.306262 0.203222 -0.504304 0.187351 -0.87068 -0.454769 0.485867 
1534793845980 0.156243 0.846187 -0.509465 -0.609887 -0.953985 0.262934 0.144147 -0.22143 0.255931 0.4635 0.848332 0.410797 0.31622 -0.384863 0.867113 0.400795 -0.930002 -0.306262 0.203222 -0.504304 0.187351 -0.87068 -0.454769 0.485867 
1534793846027 0.15551 0.845933 -0.510112 -0.609912 -0.953953 0.262688 0.144805 -0.221485 0.256495 0.464105 0.847831 0.410804 0.31622 -0.384863 0.867113 0.400795 -0.930002 -0.306262 0.203222 -0.504304 0.187351 -0.87068 -0.454769 0.485867 
1534793846117 0.154776 0.845678 -0.510758 -0.609936 -0.953921 0.262441 0.145463 -0.221539 0.257059 0.464709 0.847329 0.410811 0.31622 -0.384863 0.867113 0.400795 -0.930002 -0.306262 0.203222 -0.504304 0.187351 -0.87068 -0.454769 0.485867 
1534793846185 0.154042 0.845421 -0.511404 -0.609961 -0.953888 0.262195 0.146122 -0.221594 0.257622 0.465313 0.846826 0.410818 0.31622 -0.384863 0.867113 0.400795 -0.930002 -0.306262 0.203222 -0.504304 0.187351 -0.87068 -0.454769 0.485867 
1534793846263 0.153307 0.845165 -0.512048 -0.609985 -0.953854 0.26195 0.14678 -0.221648 0.258184 0.465917 0.846323 0.410825 0.31622 -0.384863 0.867113 0.400795 -0.930002 -0.306262 0.203222 -0.504304 0.187351 -0.87068 -0.454769 0.485867 
1534793846329 0.152571 0.844908 -0.512692 -0.610009 -0.95382 0.261704 0.147439 -0.221702 0.258746 0.466521 0.845818 0.410832 0.31622 -0.384863 0.867113 0.400795 -0.930002 -0.306262 0.203222 -0.504304 0.187351 -0.87068 -0.454769 0.485867 
1534793846425 0.153383 0.845278 -0.511839 -0.60997 -0.953888 0.261896 0.146657 -0.221574 0.258015 0.465742 0.846471 0.410822 0.31622 -0.384863 0.867113 0.400795 -0.930002 -0.306262 0.203222 -0.504304 0.187351 -0.87068 -0.454769 0.485867 
1534793846438 0.152435 0.844973 -0.512626 -0.609943 -0.953941 0.261398 0.147203 -0.221731 0.258382 0.466575 0.8459 0.41089 0.31622 -0.384863 0.867113 0.400795 -0.930002 -0.306262 0.203222 -0.504304 0.187351 -0.87068 -0.454769 0.485867 
1534793846455 0.151486 0.844666 -0.513412 -0.609919 -0.953992 0.260899 0.14775 -0.221891 0.258748 0.467409 0.845327 0.410959 0.31622 -0.384863 0.867113 0.400795 -0.930002 -0.306262 0.203222 -0.504304 0.187351 -0.87068 -0.454769 0.485867 
1534793846599 0.150535 0.844358 -0.514197 -0.609896 -0.954044 0.260401 0.148297 -0.22205 0.259113 0.468243 0.844754 0.411028 0.31622 -0.384863 0.867113 0.400795 -0.930002 -0.306262 0.203222 -0.504304 0.187351 -0.87068 -0.454769 0.485867 
1534793846713 0.149584 0.844049 -0.514981 -0.609871 -0.954094 0.259902 0.148846 -0.222208 0.259478 0.469076 0.84418 0.411097 0.31622 -0.384863 0.867113 0.400795 -0.930002 -0.306262 0.203222 -0.504304 0.187351 -0.87068 -0.454769 0.485867 
1534793846718 0.148634 0.843739 -0.515765 -0.609848 -0.954144 0.259405 0.149394 -0.222368 0.259841 0.469909 0.843604 0.411165 0.31622 -0.384863 0.867113 0.400795 -0.930002 -0.306262 0.203222 -0.504304 0.187351 -0.87068 -0.454769 0.485867 
1534793846880 0.147681 0.843427 -0.516547 -0.609824 -0.954193 0.258907 0.149943 -0.222527 0.260203 0.470741 0.843028 0.411234 0.31622 -0.384863 0.867113 0.400795 -0.930002 -0.306262 0.203222 -0.504304 0.187351 -0.87068 -0.454769 0.485867 
1534793846998 0.14673 0.843115 -0.517328 -0.609801 -0.954241 0.25841 0.150492 -0.222687 0.260565 0.471574 0.842451 0.411303 0.31622 -0.384863 0.867113 0.400795 -0.930002 -0.306262 0.203222 -0.504304 0.187351 -0.87068 -0.454769 0.485867 
1534793847111 0.145778 0.842801 -0.518108 -0.609777 -0.954289 0.257914 0.151041 -0.222846 0.260925 0.472406 0.841873 0.411371 0.31622 -0.384863 0.867113 0.400795 -0.930002 -0.306262 0.203222 -0.504304 0.187351 -0.87068 -0.454769 0.485867 
1534793847221 0.144824 0.842486 -0.518887 -0.609753 -0.954336 0.257417 0.151592 -0.223004 0.261285 0.473238 0.841294 0.41144 0.31622 -0.384863 0.867113 0.400795 -0.930002 -0.306262 0.203222 -0.504304 0.187351 -0.87068 -0.454769 0.485867 
1534793847326 0.145646 0.84277 -0.518194 -0.609807 -0.954313 0.257809 0.151067 -0.222852 0.26091 0.472517 0.841816 0.411403 0.31622 -0.384863 0.867113 0.400795 -0.930002 -0.306262 0.203222 -0.504304 0.187351 -0.87068 -0.454769 0.485867 
1534793847339 0.145081 0.842569 -0.51868 -0.609682 -0.954408 0.257398 0.15117 -0.223073 0.260879 0.473101 0.841498 0.411449 0.31622 -0.384863 0.867113 0.400795 -0.930002 -0.306262 0.203222 -0.504304 0.187351 -0.87068 -0.454769 0.485867 
1534793847355 0.144517 0.842367 -0.519166 -0.609557 -0.954502 0.256988 0.151273 -0.223293 0.260847 0.473683 0.84118 0.411495 0.31622 -0.384863 0.867113 0.400795 -0.930002 -0.306262 0.203222 -0.504304 0.187351 -0.87068 -0.454769 0.485867 
1534793847400 0.143952 0.842164 -0.519651 -0.609431 -0.954596 0.256576 0.151377 -0.223516 0.260814 0.474266 0.840861 0.411544 0.31622 -0.384863 0.867113 0.400795 -0.930002 -0.306262 0.203222 -0.504304 0.187351 -0.87068 -0.45477 0.485867 
1534793847520 0.143387 0.841961 -0.520136 -0.609306 -0.95469 0.256165 0.151481 -0.223737 0.260782 0.474849 0.840542 0.411591 0.31622 -0.384863 0.867113 0.400795 -0.930002 -0.306262 0.203222 -0.504304 0.187351 -0.87068 -0.45477 0.485867 
1534793847578 0.142822 0.841757 -0.520621 -0.60918 -0.954784 0.255754 0.151585 -0.223959 0.260748 0.475431 0.840224 0.411638 0.31622 -0.384863 0.867113 0.400795 -0.930002 -0.306262 0.203222 -0.504304 0.187351 -0.87068 -0.45477 0.485867 
1534793847674 0.142257 0.841553 -0.521106 -0.609053 -0.954877 0.255342 0.151689 -0.224181 0.260715 0.476014 0.839904 0.411687 0.31622 -0.384863 0.867113 0.400795 -0.930002 -0.306262 0.203222 -0.504304 0.187351 -0.87068 -0.45477 0.485867 
1534793847681 0.141692 0.841348 -0.521591 -0.608928 -0.954971 0.254931 0.151794 -0.224403 0.260681 0.476596 0.839584 0.411734 0.31622 -0.384863 0.867113 0.400795 -0.930002 -0.306262 0.203222 -0.504304 0.187351 -0.87068 -0.45477 0.485867 
1534793847829 0.141127 0.841143 -0.522075 -0.608802 -0.955064 0.25452 0.151898 -0.224624 0.260647 0.477177 0.839265 0.411781 0.31622 -0.384863 0.867113 0.400795 -0.930002 -0.306262 0.203222 -0.504304 0.187351 -0.87068 -0.45477 0.485867 
1534793847911 0.140562 0.840937 -0.522558 -0.608677 -0.955156 0.254109 0.152003 -0.224846 0.260612 0.477759 0.838944 0.411828 0.31622 -0.384863 0.867113 0.400795 -0.930002 -0.306262 0.203222 -0.504304 0.187351 -0.87068 -0.45477 0.485867 
1534793848011 0.141081 0.841108 -0.522143 -0.608814 -0.955097 0.254445 0.151816 -0.224583 0.260551 0.477279 0.839237 0.41171 0.31622 -0.384863 0.867113 0.400795 -0.930002 -0.306262 0.203222 -0.504304 0.187351 -0.87068 -0.45477 0.485867 
1534793848021 0.140685 0.841122 -0.522227 -0.608527 -0.955093 0.254236 0.152188 -0.224719 0.260778 0.477365 0.839117 0.411733 0.31622 -0.384863 0.867113 0.400795 -0.930002 -0.306262 0.203222 -0.504304 0.187351 -0.87068 -0.45477 0.485867 
1534793848038 0.140291 0.841135 -0.522312 -0.608238 -0.955089 0.25403 0.152559 -0.224854 0.261005 0.477452 0.838997 0.411755 0.31622 -0.384863 0.867113 0.400795 -0.930002 -0.306262 0.203222 -0.504304 0.187351 -0.87068 -0.45477 0.485867 
1534793848149 0.139896 0.841149 -0.522396 -0.607948 -0.955085 0.253822 0.15293 -0.224988 0.261232 0.477538 0.838877 0.411778 0.31622 -0.384863 0.867113 0.400795 -0.930002 -0.306262 0.203222 -0.504304 0.187351 -0.87068 -0.45477 0.485867 
1534793848156 0.139501 0.841163 -0.522479 -0.607657 -0.95508 0.253615 0.153301 -0.225122 0.26146 0.477624 0.838757 0.411801 0.31622 -0.384863 0.867113 0.400795 -0.930002 -0.306262 0.203222 -0.504304 0.187351 -0.87068 -0.45477 0.485867 
1534793848283 0.139107 0.841176 -0.522563 -0.607367 -0.955076 0.253408 0.153672 -0.225257 0.261687 0.477711 0.838637 0.411825 0.31622 -0.384863 0.867113 0.400795 -0.930002 -0.306262 0.203222 -0.504304 0.187351 -0.87068 -0.45477 0.485867 
1534793848353 0.138712 0.841189 -0.522647 -0.607077 -0.955071 0.253201 0.154043 -0.225391 0.261914 0.477797 0.838517 0.411847 0.31622 -0.384863 0.867113 0.400795 -0.930002 -0.306262 0.203222 -0.504304 0.187351 -0.87068 -0.45477 0.485867 
1534793848425 0.138318 0.841202 -0.522731 -0.606788 -0.955066 0.252994 0.154414 -0.225526 0.262141 0.477884 0.838397 0.41187 0.31622 -0.384863 0.867113 0.400795 -0.930002 -0.306262 0.203222 -0.504304 0.187351 -0.87068 -0.45477 0.485867 
1534793848484 0.137923 0.841215 -0.522814 -0.606496 -0.95506 0.252787 0.154785 -0.22566 0.262368 0.47797 0.838277 0.411894 0.31622 -0.384863 0.867113 0.400795 -0.930002 -0.306262 0.203222 -0.504304 0.187351 -0.87068 -0.45477 0.485867 
1534793848555 0.137528 0.841228 -0.522897 -0.606206 -0.955055 0.25258 0.155156 -0.225794 0.262595 0.478057 0.838156 0.411916 0.31622 -0.384863 0.867113 0.400795 -0.930002 -0.306262 0.203222 -0.504304 0.187351 -0.87068 -0.45477 0.485867 
1534793848635 0.138079 0.841251 -0.522714 -0.606617 -0.95509 0.252806 0.154569 -0.225573 0.262176 0.477897 0.838378 0.41188 0.31622 -0.384863 0.867113 0.400795 -0.930002 -0.306262 0.203222 -0.504304 0.187351 -0.87068 -0.45477 0.485867 
1534793848645 0.137609 0.84134 -0.522695 -0.606324 -0.955127 0.25246 0.15491 -0.225646 0.262291 0.477923 0.838327 0.411943 0.31622 -0.384863 0.867113 0.400795 -0.930002 -0.306262 0.203222 -0.504304 0.187351 -0.87068 -0.45477 0.485867 
1534793848662 0.13714 0.841428 -0.522677 -0.606027 -0.955163 0.252114 0.15525 -0.225718 0.262406 0.477951 0.838276 0.412006 0.31622 -0.384863 0.867113 0.400795 -0.930002 -0.306262 0.203222 -0.504304 0.187351 -0.87068 -0.45477 0.485867 
1534793848669 0.13667 0.841516 -0.522659 -0.605731 -0.955199 0.251769 0.15559 -0.22579 0.26252 0.477978 0.838224 0.412069 0.31622 -0.384863 0.867113 0.400795 -0.930002 -0.306262 0.203222 -0.504304 0.187351 -0.87068 -0.45477 0.485867 
1534793848822 0.136201 0.841603 -0.522641 -0.605435 -0.955234 0.251424 0.155929 -0.225862 0.262635 0.478006 0.838172 0.412133 0.31622 -0.384863 0.867113 0.400795 -0.930002 -0.306262 0.203222 -0.504304 0.187351 -0.87068 -0.45477 0.485867 
1534793848879 0.135731 0.841691 -0.522622 -0.605138 -0.955269 0.251078 0.15627 -0.225933 0.26275 0.478034 0.838121 0.412196 0.31622 -0.384863 0.867113 0.400795 -0.930002 -0.306262 0.203222 -0.504304 0.187351 -0.87068 -0.45477 0.485867 
1534793848973 0.135262 0.841778 -0.522603 -0.604842 -0.955304 0.250733 0.15661 -0.226005 0.262864 0.478062 0.838069 0.412259 0.31622 -0.384863 0.867113 0.400795 -0.930002 -0.306262 0.203222 -0.504304 0.187351 -0.87068 -0.45477 0.485867 
1534793849027 0.134792 0.841865 -0.522584 -0.604544 -0.955339 0.250387 0.15695 -0.226077 0.262979 0.478089 0.838017 0.412323 0.31622 -0.384863 0.867113 0.400795 -0.930002 -0.306262 0.203222 -0.504304 0.187351 -0.87068 -0.45477 0.485867 
1534793849124 0.134322 0.841952 -0.522565 -0.604248 -0.955374 0.250041 0.15729 -0.226148 0.263093 0.478117 0.837965 0.412386 0.31622 -0.384863 0.867113 0.400795 -0.930002 -0.306262 0.203222 -0.504304 0.187351 -0.87068 -0.45477 0.485867 
1534793849175 0.133853 0.842039 -0.522546 -0.603952 -0.955408 0.249696 0.15763 -0.226221 0.263208 0.478145 0.837913 0.412449 0.31622 -0.384863 0.867113 0.400795 -0.930002 -0.306262 0.203222 -0.504304 0.187351 -0.87068 -0.45477 0.485867 
1534793849283 0.134497 0.841894 -0.522614 -0.604302 -0.955352 0.250194 0.15718 -0.226159 0.263084 0.47814 0.837955 0.412368 0.31622 -0.384863 0.867113 0.400795 -0.930002 -0.306262 0.203222 -0.504304 0.187351 -0.87068 -0.45477 0.485867 
1534793849294 0.134032 0.841858 -0.522791 -0.604086 -0.955339 0.249974 0.15761 -0.226179 0.263369 0.478318 0.837764 0.412452 0.31622 -0.384863 0.867113 0.400795 -0.930002 -0.306262 0.203222 -0.504304 0.187351 -0.87068 -0.45477 0.485867 
1534793849310 0.133567 0.841822 -0.522969 -0.603868 -0.955325 0.249755 0.158038 -0.226197 0.263654 0.478496 0.837573 0.412535 0.31622 -0.384863 0.867113 0.400795 -0.930002 -0.306262 0.203222 -0.504304 0.187351 -0.87068 -0.45477 0.485867 
1534793849327 0.133102 0.841785 -0.523146 -0.603649 -0.955312 0.249535 0.158467 -0.226216 0.263939 0.478675 0.837381 0.412619 0.31622 -0.384863 0.867113 0.400795 -0.930002 -0.306262 0.203222 -0.504304 0.187351 -0.87068 -0.45477 0.485867 
1534793849458 0.132637 0.841749 -0.523323 -0.603429 -0.955298 0.249317 0.158896 -0.226234 0.264223 0.478853 0.837189 0.412704 0.31622 -0.384863 0.867113 0.400795 -0.930002 -0.306262 0.203222 -0.504304 0.187351 -0.87068 -0.45477 0.485867 
1534793849497 0.132173 0.841712 -0.5235 -0.603211 -0.955283 0.249098 0.159324 -0.226252 0.264508 0.479032 0.836997 0.412787 0.31622 -0.384863 0.867113 0.400795 -0.930002 -0.306262 0.203222 -0.504304 0.187351 -0.87068 -0.45477 0.485867 
1534793849596 0.131708 0.841675 -0.523676 -0.602991 -0.955269 0.248879 0.159753 -0.22627 0.264792 0.479211 0.836805 0.412872 0.31622 -0.384863 0.867113 0.400795 -0.930002 -0.306262 0.203222 -0.504304 0.187351 -0.87068 -0.45477 0.485867 
1534793849641 0.131243 0.841638 -0.523853 -0.602772 -0.955254 0.24866 0.160182 -0.226289 0.265076 0.479389 0.836612 0.412955 0.31622 -0.384863 0.867113 0.400795 -0.930002 -0.306262 0.203222 -0.504304 0.187351 -0.87068 -0.45477 0.485867 
1534793849728 0.130778 0.841601 -0.524028 -0.602552 -0.955239 0.248441 0.160611 -0.226306 0.26536 0.479568 0.83642 0.41304 0.31622 -0.384863 0.867113 0.400795 -0.930002 -0.306262 0.203222 -0.504304 0.187351 -0.87068 -0.45477 0.485867 
1534793849789 0.130312 0.841563 -0.524204 -0.602333 -0.955223 0.248223 0.16104 -0.226324 0.265644 0.479747 0.836227 0.413124 0.31622 -0.384863 0.867113 0.400795 -0.930002 -0.306262 0.203222 -0.504304 0.187351 -0.87068 -0.45477 0.485867 
1534793849870 0.130897 0.841658 -0.523907 -0.60267 -0.955238 0.248492 0.160539 -0.22621 0.265305 0.479441 0.83651 0.413012 0.31622 -0.384863 0.867113 0.400795 -0.930002 -0.306262 0.203222 -0.504304 0.187351 -0.87068 -0.45477 0.485867 
1534793849880 0.130661 0.841616 -0.524033 -0.602513 -0.95527 0.248315 0.160619 -0.226235 0.265305 0.479606 0.836416 0.413042 0.31622 -0.384863 0.867113 0.400795 -0.930002 -0.306262 0.203222 -0.504304 0.187351 -0.87068 -0.45477 0.485867 
1534793849897 0.130418 0.841573 -0.524162 -0.602348 -0.955302 0.248135 0.160705 -0.226258 0.265308 0.479774 0.836318 0.413074 0.31622 -0.384863 0.867113 0.400795 -0.930002 -0.306262 0.203222 -0.504304 0.187351 -0.87068 -0.45477 0.485867 
1534793849916 0.130175 0.841531 -0.52429 -0.602183 -0.955335 0.247955 0.160792 -0.226281 0.265312 0.479941 0.836221 0.413106 0.31622 -0.384863 0.867113 0.400795 -0.930002 -0.306262 0.203222 -0.504304 0.187351 -0.87068 -0.45477 0.485867 
1534793849930 0.129932 0.841488 -0.524419 -0.602019 -0.955367 0.247776 0.160878 -0.226304 0.265315 0.480109 0.836124 0.413138 0.31622 -0.384863 0.867113 0.400795 -0.930002 -0.306262 0.203222 -0.504304 0.187351 -0.87068 -0.45477 0.485867 
1534793850065 0.129688 0.841446 -0.524547 -0.601853 -0.955399 0.247595 0.160965 -0.226327 0.265319 0.480276 0.836027 0.413171 0.31622 -0.384863 0.867113 0.400795 -0.930002 -0.306262 0.203222 -0.504304 0.187351 -0.87068 -0.45477 0.485867 
1534793850096 0.129446 0.841403 -0.524676 -0.601689 -0.955431 0.247416 0.161052 -0.22635 0.265322 0.480444 0.835929 0.413203 0.31622 -0.384863 0.867113 0.400795 -0.930002 -0.306262 0.203222 -0.504304 0.187351 -0.87068 -0.45477 0.485867 
1534793850146 0.129202 0.84136 -0.524804 -0.601523 -0.955463 0.247235 0.161139 -0.226373 0.265326 0.480612 0.835832 0.413235 0.31622 -0.384863 0.867113 0.400795 -0.930002 -0.306262 0.203222 -0.504304 0.187351 -0.87068 -0.45477 0.485867 
1534793850224 0.128959 0.841318 -0.524933 -0.601359 -0.955495 0.247055 0.161225 -0.226396 0.265329 0.480779 0.835734 0.413267 0.31622 -0.384863 0.867113 0.400795 -0.930002 -0.306262 0.203222 -0.504304 0.187351 -0.87068 -0.45477 0.485867 
1534793850257 0.128716 0.841274 -0.525061 -0.601194 -0.955526 0.246876 0.161312 -0.226419 0.265332 0.480947 0.835637 0.413299 0.31622 -0.384863 0.867113 0.400795 -0.930002 -0.306262 0.203222 -0.504304 0.187351 -0.87068 -0.45477 0.485867 
1534793850318 0.12911 0.841257 -0.524992 -0.601513 -0.955492 0.247164 0.161077 -0.226374 0.265267 0.480829 0.835725 0.413194 0.31622 -0.384863 0.867113 0.400795 -0.930002 -0.306262 0.203222 -0.504304 0.187351 -0.87068 -0.45477 0.485867 
1534793850329 0.128955 0.841385 -0.524825 -0.601388 -0.955428 0.247153 0.161471 -0.226405 0.265572 0.48061 0.835755 0.413166 0.31622 -0.384863 0.867113 0.400795 -0.930002 -0.306262 0.203222 -0.504304 0.187351 -0.87068 -0.45477 0.485867 
1534793850345 0.128802 0.841514 -0.524656 -0.601258 -0.955364 0.247145 0.161864 -0.226434 0.265877 0.480389 0.835785 0.413139 0.31622 -0.384863 0.867113 0.400795 -0.930002 -0.306262 0.203222 -0.504304 0.187351 -0.87068 -0.45477 0.485867 
1534793850367 0.128647 0.841643 -0.524487 -0.601129 -0.955299 0.247135 0.162258 -0.226463 0.266183 0.480168 0.835814 0.413111 0.31622 -0.384863 0.867113 0.400795 -0.930002 -0.306262 0.203222 -0.504304 0.187351 -0.87068 -0.45477 0.485867 
1534793850449 0.128494 0.841771 -0.524319 -0.601001 -0.955235 0.247125 0.162651 -0.226493 0.266488 0.479948 0.835843 0.413083 0.31622 -0.384863 0.867113 0.400795 -0.930002 -0.306262 0.203222 -0.504304 0.187351 -0.87068 -0.45477 0.485867 
1534793850478 0.128339 0.8419 -0.52415 -0.600871 -0.95517 0.247115 0.163045 -0.226522 0.266793 0.479727 0.835873 0.413056 0.31622 -0.384863 0.867113 0.400795 -0.930002 -0.306262 0.203222 -0.504304 0.187351 -0.87068 -0.45477 0.485867 
1534793850514 0.128186 0.842028 -0.523981 -0.600743 -0.955106 0.247106 0.163438 -0.226552 0.267099 0.479507 0.835902 0.413028 0.31622 -0.384863 0.867113 0.400795 -0.930002 -0.306262 0.203222 -0.504304 0.187351 -0.87068 -0.45477 0.485867 
1534793850562 0.128032 0.842157 -0.523812 -0.600612 -0.955041 0.247095 0.163832 -0.22658 0.267404 0.479286 0.83593 0.413001 0.31622 -0.384863 0.867113 0.400795 -0.930002 -0.306262 0.203222 -0.504304 0.187351 -0.87068 -0.45477 0.485867 
1534793850598 0.127878 0.842286 -0.523643 -0.600484 -0.954976 0.247085 0.164226 -0.22661 0.267709 0.479066 0.835959 0.412973 0.31622 -0.384863 0.867113 0.400795 -0.930002 -0.306262 0.203222 -0.504304 0.187351 -0.87068 -0.45477 0.485867 
1534793850638 0.127725 0.842414 -0.523474 -0.600355 -0.954911 0.247076 0.164619 -0.226639 0.268015 0.478845 0.835988 0.412946 0.31622 -0.384863 0.867113 0.400795 -0.930002 -0.306262 0.203222 -0.504304 0.187351 -0.87068 -0.45477 0.485867 
1534793850688 0.128058 0.842108 -0.523885 -0.60066 -0.955068 0.247076 0.163701 -0.226567 0.267293 0.479383 0.83591 0.412937 0.31622 -0.384863 0.867113 0.400795 -0.930002 -0.306262 0.203222 -0.504304 0.187351 -0.87068 -0.45477 0.485867 
1534793850699 0.12793 0.842245 -0.523695 -0.600563 -0.955062 0.246972 0.163893 -0.226576 0.267376 0.479195 0.835992 0.412895 0.31622 -0.384863 0.867113 0.400795 -0.930002 -0.306262 0.203222 -0.504304 0.187351 -0.87068 -0.45477 0.485867 
1534793850715 0.127803 0.842386 -0.523501 -0.600459 -0.955053 0.246874 0.164095 -0.226586 0.26747 0.478999 0.836074 0.412853 0.31622 -0.384863 0.867113 0.400795 -0.930002 -0.306262 0.203222 -0.504304 0.187351 -0.87068 -0.45477 0.485867 
1534793850722 0.127675 0.842526 -0.523306 -0.600353 -0.955044 0.246774 0.164297 -0.226596 0.267563 0.478804 0.836156 0.412812 0.31622 -0.384863 0.867113 0.400795 -0.930002 -0.306262 0.203222 -0.504304 0.187351 -0.87068 -0.45477 0.485867 
1534793850736 0.127548 0.842666 -0.523112 -0.600248 -0.955035 0.246675 0.164499 -0.226606 0.267656 0.478608 0.836238 0.41277 0.31622 -0.384863 0.867113 0.400795 -0.930002 -0.306262 0.203222 -0.504304 0.187351 -0.87068 -0.45477 0.485867 
1534793850753 0.127421 0.842806 -0.522917 -0.600142 -0.955026 0.246576 0.164701 -0.226616 0.26775 0.478413 0.83632 0.412729 0.31622 -0.384863 0.867113 0.400795 -0.930002 -0.306262 0.203222 -0.504304 0.187351 -0.87068 -0.45477 0.485867 
1534793850803 0.127293 0.842945 -0.522723 -0.600037 -0.955016 0.246476 0.164903 -0.226626 0.267843 0.478218 0.836402 0.412687 0.31622 -0.384863 0.867113 0.400795 -0.930002 -0.306262 0.203222 -0.504304 0.187351 -0.87068 -0.45477 0.485867 
1534793850867 0.127167 0.843085 -0.522529 -0.599933 -0.955007 0.246377 0.165105 -0.226637 0.267937 0.478023 0.836483 0.412645 0.31622 -0.384863 0.867113 0.400795 -0.930002 -0.306262 0.203222 -0.504304 0.187351 -0.87068 -0.45477 0.485867 
1534793850883 0.127039 0.843225 -0.522334 -0.599827 -0.954998 0.246278 0.165307 -0.226646 0.26803 0.477828 0.836565 0.412604 0.31622 -0.384863 0.867113 0.400795 -0.930002 -0.306262 0.203222 -0.504304 0.187351 -0.87068 -0.45477 0.485867 
1534793850907 0.126912 0.843365 -0.52214 -0.599722 -0.954989 0.246178 0.165509 -0.226657 0.268124 0.477632 0.836646 0.412562 0.31622 -0.384863 0.867113 0.400795 -0.930002 -0.306262 0.203222 -0.504304 0.187351 -0.87068 -0.45477 0.485867 
1534793850952 0.127196 0.843038 -0.522598 -0.600075 -0.955017 0.246391 0.165027 -0.226534 0.267888 0.478099 0.836455 0.412754 0.31622 -0.384863 0.867113 0.400795 -0.930002 -0.306262 0.203222 -0.504304 0.187351 -0.87068 -0.45477 0.485867 
1534793850963 0.127041 0.843096 -0.522542 -0.599987 -0.955072 0.246188 0.165013 -0.226549 0.267765 0.478102 0.836493 0.412757 0.31622 -0.384863 0.867113 0.400795 -0.930002 -0.306262 0.203222 -0.504304 0.187351 -0.87068 -0.45477 0.485867 
1534793850979 0.126886 0.843153 -0.522487 -0.599895 -0.955127 0.245983 0.164997 -0.226562 0.267641 0.478106 0.83653 0.412761 0.31622 -0.384863 0.867113 0.400795 -0.930002 -0.306262 0.203222 -0.504304 0.187351 -0.87068 -0.45477 0.485867 
1534793850996 0.126732 0.84321 -0.522432 -0.599803 -0.955183 0.245779 0.164981 -0.226575 0.267517 0.47811 0.836568 0.412764 0.31622 -0.384863 0.867113 0.400795 -0.930002 -0.306262 0.203222 -0.504304 0.187351 -0.87068 -0.45477 0.485867 
1534793851014 0.126577 0.843267 -0.522377 -0.599713 -0.955238 0.245575 0.164965 -0.226589 0.267392 0.478114 0.836605 0.412767 0.31622 -0.384863 0.867113 0.400795 -0.930002 -0.306262 0.203222 -0.504304 0.187351 -0.87068 -0.45477 0.485867 
1534793851030 0.126422 0.843325 -0.522322 -0.59962 -0.955293 0.24537 0.164949 -0.226601 0.267268 0.478117 0.836643 0.412771 0.31622 -0.384863 0.867113 0.400795 -0.930002 -0.306262 0.203222 -0.504304 0.187351 -0.87068 -0.45477 0.485867 
1534793851046 0.126268 0.843382 -0.522267 -0.599529 -0.955348 0.245166 0.164933 -0.226615 0.267144 0.478121 0.83668 0.412774 0.31622 -0.384863 0.867113 0.400795 -0.930002 -0.306262 0.203222 -0.504304 0.187351 -0.87068 -0.45477 0.485867 
1534793851064 0.126113 0.84344 -0.522212 -0.599436 -0.955404 0.244962 0.164917 -0.226627 0.26702 0.478125 0.836718 0.412778 0.31622 -0.384863 0.867113 0.400795 -0.930002 -0.306262 0.203222 -0.504304 0.187351 -0.87068 -0.45477 0.485867 
1534793851119 0.125958 0.843497 -0.522157 -0.599345 -0.955459 0.244757 0.164902 -0.226641 0.266896 0.478129 0.836756 0.412781 0.31622 -0.384863 0.867113 0.400795 -0.930002 -0.306262 0.203222 -0.504304 0.187351 -0.87068 -0.45477 0.485867 
1534793851140 0.125804 0.843554 -0.522102 -0.599253 -0.955514 0.244553 0.164885 -0.226654 0.266771 0.478132 0.836793 0.412785 0.31622 -0.384863 0.867113 0.400795 -0.930002 -0.306262 0.203222 -0.504304 0.187351 -0.87068 -0.45477 0.485867 
1534793851165 0.126355 0.843322 -0.522343 -0.599618 -0.95533 0.245267 0.16489 -0.226565 0.267169 0.478175 0.836642 0.412667 0.31622 -0.384863 0.867113 0.400795 -0.930002 -0.306262 0.203222 -0.504304 0.187351 -0.87068 -0.45477 0.485867 
1534793851177 0.126209 0.843461 -0.522154 -0.599542 -0.955425 0.244971 0.164779 -0.226588 0.266898 0.478083 0.836781 0.412682 0.31622 -0.384863 0.867113 0.400795 -0.930002 -0.306262 0.203222 -0.504304 0.187351 -0.87068 -0.45477 0.485867 
1534793851193 0.126062 0.843599 -0.521966 -0.599461 -0.95552 0.244674 0.16467 -0.226611 0.266627 0.47799 0.83692 0.412697 0.31622 -0.384863 0.867113 0.400795 -0.930002 -0.306262 0.203222 -0.504304 0.187351 -0.87068 -0.45477 0.485867 
1534793851210 0.125916 0.843738 -0.521777 -0.599381 -0.955615 0.244378 0.16456 -0.226633 0.266357 0.477897 0.837059 0.412712 0.31622 -0.384863 0.867113 0.400795 -0.930002 -0.306262 0.203222 -0.504304 0.187351 -0.87068 -0.45477 0.485867 
1534793851227 0.12577 0.843876 -0.521588 -0.599302 -0.955709 0.244082 0.16445 -0.226655 0.266086 0.477804 0.837199 0.412727 0.31622 -0.384863 0.867113 0.400795 -0.930002 -0.306262 0.203222 -0.504304 0.187351 -0.87068 -0.45477 0.485867 
1534793851233 0.125624 0.844015 -0.5214 -0.599221 -0.955804 0.243786 0.16434 -0.226677 0.265815 0.477711 0.837338 0.412742 0.31622 -0.384863 0.867113 0.400795 -0.930002 -0.306262 0.203222 -0.504304 0.187351 -0.87068 -0.45477 0.485867 
1534793851279 0.125478 0.844153 -0.521211 -0.599141 -0.955898 0.24349 0.16423 -0.226699 0.265545 0.477618 0.837477 0.412757 0.31622 -0.384863 0.867113 0.400795 -0.930002 -0.306262 0.203222 -0.504304 0.187351 -0.87068 -0.45477 0.485867 
1534793851294 0.125332 0.844291 -0.521023 -0.59906 -0.955993 0.243194 0.164119 -0.226721 0.265274 0.477524 0.837616 0.412772 0.31622 -0.384863 0.867113 0.400795 -0.930002 -0.306262 0.203222 -0.504304 0.187351 -0.87068 -0.45477 0.485867 
1534793851318 0.125186 0.844429 -0.520834 -0.59898 -0.956087 0.242898 0.164009 -0.226743 0.265003 0.477431 0.837755 0.412787 0.31622 -0.384863 0.867113 0.400795 -0.930002 -0.306262 0.203222 -0.504304 0.187351 -0.87068 -0.45477 0.485867 
1534793851347 0.125039 0.844567 -0.520645 -0.598901 -0.956181 0.242601 0.163899 -0.226765 0.264733 0.477337 0.837894 0.412802 0.31622 -0.384863 0.867113 0.400795 -0.930002 -0.306262 0.203222 -0.504304 0.187351 -0.87068 -0.45477 0.485867 
1534793851378 0.125553 0.844007 -0.52143 -0.599277 -0.955748 0.243847 0.164571 -0.226584 0.266048 0.477693 0.837274 0.412734 0.31622 -0.384863 0.867113 0.400795 -0.930002 -0.306262 0.203222 -0.504304 0.187351 -0.87068 -0.45477 0.485867 
1534793851389 0.125547 0.844082 -0.52131 -0.599213 -0.955812 0.243707 0.164412 -0.226593 0.265824 0.477633 0.83738 0.412746 0.31622 -0.384863 0.867113 0.400795 -0.930002 -0.306262 0.203222 -0.504304 0.187351 -0.87068 -0.45477 0.485867 
1534793851407 0.125542 0.844156 -0.52119 -0.599145 -0.955875 0.243567 0.164252 -0.226599 0.265599 0.477572 0.837486 0.412758 0.31622 -0.384863 0.867113 0.400795 -0.930002 -0.306262 0.203222 -0.504304 0.187351 -0.87068 -0.45477 0.485867 
1534793851423 0.125536 0.844231 -0.521071 -0.599077 -0.955938 0.243427 0.164092 -0.226606 0.265374 0.477512 0.837591 0.41277 0.31622 -0.384863 0.867113 0.400795 -0.930002 -0.306262 0.203222 -0.504304 0.187351 -0.87068 -0.45477 0.485867 
1534793851439 0.12553 0.844306 -0.520951 -0.599011 -0.956001 0.243286 0.163933 -0.226614 0.26515 0.477451 0.837697 0.412782 0.31622 -0.384863 0.867113 0.400795 -0.930002 -0.306262 0.203222 -0.504304 0.187351 -0.87068 -0.45477 0.485867 
1534793851456 0.125525 0.84438 -0.520831 -0.598943 -0.956064 0.243147 0.163773 -0.22662 0.264925 0.47739 0.837803 0.412794 0.31622 -0.384863 0.867113 0.400795 -0.930002 -0.306262 0.203222 -0.504304 0.187351 -0.87068 -0.45477 0.485867 
1534793851463 0.12552 0.844455 -0.520712 -0.598876 -0.956127 0.243006 0.163613 -0.226627 0.2647 0.47733 0.837908 0.412806 0.31622 -0.384863 0.867113 0.400795 -0.930002 -0.306262 0.203222 -0.504304 0.187351 -0.87068 -0.45477 0.485867 
1534793851476 0.125514 0.84453 -0.520592 -0.598807 -0.95619 0.242867 0.163453 -0.226634 0.264476 0.477269 0.838014 0.412818 0.31622 -0.384863 0.867113 0.400795 -0.930002 -0.306262 0.203222 -0.504304 0.187351 -0.87068 -0.45477 0.485867 
1534793851493 0.125509 0.844604 -0.520472 -0.59874 -0.956253 0.242727 0.163294 -0.226641 0.264251 0.477208 0.838119 0.41283 0.31622 -0.384863 0.867113 0.400795 -0.930002 -0.306262 0.203222 -0.504304 0.187351 -0.87068 -0.45477 0.485867 
1534793851510 0.125503 0.844679 -0.520353 -0.598673 -0.956315 0.242586 0.163134 -0.226648 0.264026 0.477147 0.838225 0.412842 0.31622 -0.384863 0.867113 0.400795 -0.930002 -0.306262 0.203222 -0.504304 0.187351 -0.87068 -0.45477 0.485867 
1534793851537 0.125199 0.844444 -0.520807 -0.598933 -0.956147 0.242793 0.163815 -0.226761 0.26478 0.477458 0.83781 0.412766 0.31622 -0.384863 0.867113 0.400795 -0.930002 -0.306262 0.203222 -0.504304 0.187351 -0.87068 -0.45477 0.485867 
1534793851549 0.125108 0.84447 -0.520785 -0.598806 -0.956206 0.242626 0.163716 -0.226785 0.264609 0.477496 0.837842 0.412749 0.31622 -0.384863 0.867113 0.400795 -0.930002 -0.306262 0.203222 -0.504304 0.187351 -0.87068 -0.45477 0.485867 
1534793851566 0.125019 0.844497 -0.520765 -0.598673 -0.956265 0.24246 0.163616 -0.226807 0.264438 0.477534 0.837875 0.412733 0.31622 -0.384863 0.867113 0.400795 -0.930002 -0.306262 0.203222 -0.504304 0.187351 -0.87068 -0.45477 0.485867 
1534793851583 0.124929 0.844523 -0.520744 -0.598541 -0.956324 0.242294 0.163516 -0.226829 0.264266 0.477572 0.837907 0.412716 0.31622 -0.384863 0.867113 0.400795 -0.930002 -0.306262 0.203222 -0.504304 0.187351 -0.87068 -0.45477 0.485867 
1534793851600 0.124839 0.844549 -0.520723 -0.598408 -0.956383 0.242128 0.163416 -0.226851 0.264095 0.47761 0.837939 0.4127 0.31622 -0.384863 0.867113 0.400795 -0.930002 -0.306262 0.203222 -0.504304 0.187351 -0.87068 -0.45477 0.485867 
1534793851606 0.12475 0.844575 -0.520703 -0.598277 -0.956442 0.241962 0.163316 -0.226874 0.263923 0.477648 0.837972 0.412683 0.31622 -0.384863 0.867113 0.400795 -0.930002 -0.306262 0.203222 -0.504304 0.187351 -0.87068 -0.45477 0.485867 
1534793851679 0.12466 0.844601 -0.520682 -0.598144 -0.956501 0.241796 0.163216 -0.226896 0.263751 0.477686 0.838004 0.412667 0.31622 -0.384863 0.867113 0.400795 -0.930002 -0.306262 0.203222 -0.504304 0.187351 -0.87068 -0.45477 0.485867 
1534793851733 0.12457 0.844627 -0.520661 -0.598013 -0.956561 0.24163 0.163116 -0.226918 0.26358 0.477724 0.838037 0.412651 0.31622 -0.384863 0.867113 0.400795 -0.930002 -0.306262 0.203222 -0.504304 0.187351 -0.87068 -0.45477 0.485867 
1534793851767 0.124481 0.844653 -0.52064 -0.597882 -0.956619 0.241464 0.163016 -0.226941 0.263408 0.477762 0.838069 0.412634 0.31622 -0.384863 0.867113 0.400795 -0.930002 -0.306262 0.203222 -0.504304 0.187351 -0.87068 -0.45477 0.485867 
1534793851795 0.124391 0.844679 -0.520619 -0.597748 -0.956678 0.241298 0.162916 -0.226962 0.263236 0.4778 0.838101 0.412618 0.31622 -0.384863 0.867113 0.400795 -0.930002 -0.306262 0.203222 -0.504304 0.187351 -0.87068 -0.45477 0.485867 
1534793851843 0.124635 0.844537 -0.520792 -0.598084 -0.956516 0.241776 0.163162 -0.226933 0.263711 0.47781 0.837946 0.412607 0.31622 -0.384863 0.867113 0.400795 -0.930002 -0.306262 0.203222 -0.504304 0.187351 -0.87068 -0.45477 0.485867 
1534793851856 0.124415 0.844601 -0.52074 -0.597904 -0.956539 0.241588 0.163302 -0.226997 0.263729 0.477791 0.837951 0.41259 0.31622 -0.384863 0.867113 0.400795 -0.930002 -0.306262 0.203222 -0.504304 0.187351 -0.87068 -0.45477 0.485867 
1534793851872 0.124194 0.844666 -0.520688 -0.597721 -0.956563 0.2414 0.163442 -0.22706 0.263748 0.477772 0.837956 0.412573 0.31622 -0.384863 0.867113 0.400795 -0.930002 -0.306262 0.203222 -0.504304 0.187351 -0.87068 -0.45477 0.485867 
1534793851889 0.123974 0.84473 -0.520637 -0.597538 -0.956586 0.241212 0.163582 -0.227123 0.263767 0.477754 0.837961 0.412556 0.31622 -0.384863 0.867113 0.400795 -0.930002 -0.306262 0.203222 -0.504304 0.187351 -0.87068 -0.45477 0.485867 
1534793851908 0.123754 0.844794 -0.520585 -0.597354 -0.95661 0.241024 0.163722 -0.227185 0.263785 0.477736 0.837965 0.41254 0.31622 -0.384863 0.867113 0.400795 -0.930002 -0.306262 0.203222 -0.504304 0.187351 -0.87068 -0.45477 0.485867 
1534793851955 0.123534 0.844857 -0.520534 -0.597172 -0.956633 0.240836 0.163862 -0.227248 0.263804 0.477717 0.83797 0.412523 0.31622 -0.384863 0.867113 0.400795 -0.930002 -0.306262 0.203222 -0.504304 0.187351 -0.87068 -0.45477 0.485867 
1534793852026 0.123313 0.844921 -0.520482 -0.596987 -0.956656 0.240648 0.164003 -0.22731 0.263822 0.477699 0.837975 0.412506 0.31622 -0.384863 0.867113 0.400795 -0.930002 -0.306262 0.203222 -0.504304 0.187351 -0.87068 -0.45477 0.485867 
1534793852055 0.123093 0.844985 -0.52043 -0.596804 -0.95668 0.24046 0.164143 -0.227373 0.263841 0.47768 0.837979 0.41249 0.31622 -0.384863 0.867113 0.400795 -0.930002 -0.306262 0.203222 -0.504304 0.187351 -0.87068 -0.45477 0.485867 
1534793852061 0.122873 0.845049 -0.520379 -0.596622 -0.956703 0.240273 0.164282 -0.227436 0.263859 0.477662 0.837984 0.412473 0.31622 -0.384863 0.867113 0.400795 -0.930002 -0.306262 0.203222 -0.504304 0.187351 -0.87068 -0.45477 0.485867 
1534793852089 0.122652 0.845113 -0.520327 -0.596437 -0.956726 0.240084 0.164423 -0.227498 0.263878 0.477644 0.837989 0.412456 0.31622 -0.384863 0.867113 0.400795 -0.930002 -0.306262 0.203222 -0.504304 0.187351 -0.87068 -0.45477 0.485867 
1534793852205 0.123166 0.844909 -0.520538 -0.596844 -0.956677 0.240531 0.164054 -0.227359 0.263816 0.477781 0.83793 0.412425 0.31622 -0.384863 0.867113 0.400795 -0.930002 -0.306262 0.203222 -0.504304 0.187351 -0.87068 -0.45477 0.485867 
1534793852216 0.123045 0.845037 -0.520358 -0.596685 -0.956717 0.240349 0.164089 -0.227371 0.263729 0.477645 0.838035 0.412423 0.31622 -0.384863 0.867113 0.400795 -0.930002 -0.306262 0.203222 -0.504304 0.187351 -0.87068 -0.45477 0.485867 
1534793852232 0.122925 0.845165 -0.520179 -0.596524 -0.956756 0.240169 0.164123 -0.227382 0.263642 0.47751 0.838139 0.412421 0.31622 -0.384863 0.867113 0.400795 -0.930002 -0.306262 0.203222 -0.504304 0.187351 -0.87068 -0.45477 0.485867 
1534793852249 0.122804 0.845293 -0.52 -0.596362 -0.956796 0.239988 0.164157 -0.227393 0.263554 0.477374 0.838244 0.41242 0.31622 -0.384863 0.867113 0.400795 -0.930002 -0.306262 0.203222 -0.504304 0.187351 -0.87068 -0.45477 0.485867 
1534793852266 0.122683 0.845421 -0.51982 -0.596199 -0.956835 0.239807 0.164191 -0.227403 0.263467 0.477238 0.838349 0.412419 0.31622 -0.384863 0.867113 0.400795 -0.930002 -0.306262 0.203222 -0.504304 0.187351 -0.87068 -0.45477 0.485867 
1534793852282 0.122563 0.845548 -0.519641 -0.596036 -0.956875 0.239626 0.164225 -0.227413 0.26338 0.477103 0.838453 0.412417 0.31622 -0.384863 0.867113 0.400795 -0.930002 -0.306262 0.203222 -0.504304 0.187351 -0.87068 -0.45477 0.485867 
1534793852401 0.122442 0.845676 -0.519461 -0.595874 -0.956914 0.239445 0.164259 -0.227424 0.263292 0.476967 0.838558 0.412416 0.31622 -0.384863 0.867113 0.400795 -0.930002 -0.306262 0.203222 -0.504304 0.187351 -0.87068 -0.45477 0.485867 
1534793852408 0.122322 0.845804 -0.519282 -0.595712 -0.956954 0.239265 0.164293 -0.227435 0.263205 0.476832 0.838662 0.412414 0.31622 -0.384863 0.867113 0.400795 -0.930002 -0.306262 0.203222 -0.504304 0.187351 -0.87068 -0.45477 0.485867 
