0.275657 -0.8825 0.381061 -0.604483 0.633204 0.464965 0.618757 -0.181741 -0.723233 0.0707247 0.686973 0.426588 0.16008 -0.775623 -0.61056 0.370831 -0.304787 0.549475 -0.777934 -0.528794 0.938871 0.310623 -0.14844 0.432481 
-0.177421 -0.977134 0.117181 -0.585287 0.843429 -0.0896192 0.529713 -0.223809 -0.507098 0.192817 0.840044 0.420531 0.428165 -0.877283 0.21691 0.378386 -0.417721 -0.40497 -0.813332 -0.497075 0.801364 0.257632 -0.539853 0.456416 
-0.183854 -0.975862 0.117858 -0.582717 0.845051 -0.095675 0.526057 -0.238971 -0.502083 0.196313 0.842243 0.412002 0.538535 -0.806449 0.244172 0.355468 -0.43954 -0.516102 -0.735149 -0.462093 0.718878 0.28858 -0.632405 0.420228 
-0.184253 -0.975784 0.117883 -0.582598 0.84525 -0.096101 0.525659 -0.241359 -0.501601 0.196495 0.842488 0.410509 0.63973 -0.725986 0.252368 0.327455 -0.440313 -0.615295 -0.653863 -0.424663 0.629976 0.307175 -0.713284 0.381821 
-0.184315 -0.97578 0.117816 -0.582583 0.84529 -0.0962088 0.525574 -0.241795 -0.50151 0.19646 0.84255 0.410295 0.732472 -0.635342 0.244592 0.299863 -0.424386 -0.707039 -0.565679 -0.38372 0.532335 0.310543 -0.787517 0.344797 
-0.184321 -0.975782 0.117796 -0.582574 0.845296 -0.0962271 0.525561 -0.241855 -0.501498 0.196445 0.842561 0.410279 0.813472 -0.535136 0.227801 0.282112 -0.389519 -0.79214 -0.469883 -0.35091 0.431901 0.293503 -0.852829 0.31145 
-0.1843 -0.975786 0.117793 -0.582558 0.845287 -0.096206 0.52558 -0.241746 -0.501521 0.196433 0.84255 0.410352 0.882406 -0.42989 0.191189 0.287559 -0.338415 -0.862241 -0.376851 -0.344868 0.326855 0.267835 -0.906328 0.275195 
-0.184165 -0.975821 0.117714 -0.582472 0.845243 -0.0961096 0.525668 -0.241082 -0.501645 0.196306 0.842506 0.410771 0.937191 -0.321498 0.135323 0.299496 -0.274185 -0.918795 -0.283969 -0.331854 0.21563 0.229029 -0.949236 0.233176 
-0.18324 -0.976057 0.117201 -0.582361 0.84509 -0.0954893 0.526027 -0.237087 -0.50224 0.195435 0.842354 0.4125 0.974827 -0.21179 0.0696989 0.314536 -0.194818 -0.961115 -0.195714 -0.311875 0.108439 0.177209 -0.978181 0.198529 
-0.173891 -0.977785 0.117042 -0.584108 0.844847 -0.0870614 0.527877 -0.214029 -0.50596 0.190675 0.841218 0.417124 0.993641 -0.112494 0.00476751 0.337418 -0.110764 -0.984211 -0.138057 -0.284074 0.0202228 0.136651 -0.990413 0.230112 
-0.173891 -0.977785 0.117042 -0.584108 0.844847 -0.0870614 0.527877 -0.214029 -0.50596 0.190675 0.841218 0.417124 0.993641 -0.112494 0.00476751 0.337418 -0.110764 -0.984211 -0.138057 -0.284074 0.0202228 0.136651 -0.990413 0.230112 
-0.17396 -0.977773 0.117039 -0.58409 0.844849 -0.0871259 0.527862 -0.21412 -0.505932 0.190707 0.841227 0.4171 0.731818 0.0513424 0.679564 0.431919 -0.33027 -0.845519 0.419547 -0.462957 0.596124 -0.531471 -0.601809 0.610327 
-0.173959 -0.977773 0.117039 -0.58409 0.844849 -0.0871253 0.527862 -0.214121 -0.505933 0.190707 0.841227 0.4171 0.574841 0.22592 0.786459 0.467053 -0.454349 -0.711224 0.536403 -0.499862 0.680533 -0.665673 -0.306194 0.727259 
-0.173959 -0.977773 0.117039 -0.58409 0.844849 -0.0871246 0.527863 -0.21412 -0.505933 0.190707 0.841227 0.4171 0.480621 0.334485 0.810632 0.488627 -0.539003 -0.616488 0.57395 -0.525632 0.691722 -0.712785 -0.116009 0.780153 
-0.173958 -0.977773 0.117039 -0.584091 0.844849 -0.087124 0.527863 -0.214119 -0.505933 0.190706 0.841227 0.4171 0.358363 0.475752 0.803266 0.476338 -0.654308 -0.485742 0.5796 -0.53203 0.665926 -0.73329 0.137217 0.872075 
-0.173957 -0.977773 0.117039 -0.584091 0.844849 -0.0871236 0.527863 -0.214118 -0.505933 0.190706 0.841227 0.4171 0.259168 0.596898 0.759305 0.451115 -0.749019 -0.372114 0.54818 -0.524814 0.609756 -0.710805 0.350648 0.949993 
-0.173957 -0.977773 0.117039 -0.584091 0.844849 -0.0871234 0.527863 -0.214118 -0.505933 0.190706 0.841227 0.4171 0.211182 0.654592 0.725887 0.445001 -0.794956 -0.317078 0.517211 -0.531116 0.568724 -0.686274 0.453411 0.972914 
-0.173957 -0.977773 0.117039 -0.584091 0.844849 -0.0871232 0.527863 -0.214118 -0.505934 0.190706 0.841227 0.4171 0.154045 0.690873 0.706374 0.454718 -0.824491 -0.304092 0.477223 -0.540334 0.544503 -0.655913 0.522775 0.973602 
-0.173957 -0.977773 0.117039 -0.584091 0.844849 -0.0871231 0.527863 -0.214117 -0.505934 0.190706 0.841227 0.4171 0.0798013 0.719604 0.689783 0.460612 -0.852295 -0.309603 0.42159 -0.543763 0.516937 -0.621543 0.588609 0.976078 
-0.173957 -0.977773 0.117039 -0.584091 0.844849 -0.0871234 0.527863 -0.214117 -0.505933 0.190706 0.841227 0.417101 0.133036 0.582005 0.802229 0.562487 -0.775211 -0.443225 0.450109 -0.609838 0.617534 -0.681778 0.392212 0.803883 
-0.173957 -0.977773 0.117039 -0.584091 0.844849 -0.0871234 0.527863 -0.214117 -0.505933 0.190706 0.841227 0.417101 0.133036 0.582005 0.802229 0.562487 -0.775211 -0.443225 0.450109 -0.609838 0.617534 -0.681778 0.392212 0.803883 
-0.173964 -0.977772 0.117039 -0.584089 0.844849 -0.0871301 0.527861 -0.214126 -0.505931 0.190709 0.841228 0.417098 0.104311 0.624991 0.773631 0.526087 -0.815826 -0.391119 0.425973 -0.611196 0.568811 -0.675582 0.469086 0.849219 
-0.173964 -0.977772 0.117039 -0.584089 0.844849 -0.0871301 0.527861 -0.214126 -0.505931 0.190709 0.841228 0.417098 0.104223 0.625133 0.773529 0.525946 -0.81595 -0.390953 0.42589 -0.611185 0.568651 -0.675548 0.469331 0.849394 
-0.173964 -0.977772 0.117039 -0.584089 0.844849 -0.0871301 0.527861 -0.214126 -0.505931 0.190709 0.841228 0.417098 0.104223 0.625133 0.773528 0.525946 -0.81595 -0.390952 0.42589 -0.611185 0.568651 -0.675548 0.469331 0.849394 
-0.173964 -0.977772 0.117039 -0.584089 0.844849 -0.0871301 0.527861 -0.214126 -0.505931 0.190709 0.841228 0.417098 0.104223 0.625133 0.773528 0.525946 -0.81595 -0.390952 0.42589 -0.611185 0.568651 -0.675548 0.469331 0.849394 
-0.173964 -0.977772 0.117039 -0.584089 0.844849 -0.0871301 0.527861 -0.214126 -0.505931 0.190709 0.841228 0.417098 0.104223 0.625133 0.773528 0.525946 -0.81595 -0.390952 0.42589 -0.611185 0.568651 -0.675548 0.469331 0.849394 
-0.173964 -0.977772 0.117039 -0.584089 0.844849 -0.0871301 0.527861 -0.214126 -0.505931 0.190709 0.841228 0.417098 0.104223 0.625133 0.773528 0.525946 -0.81595 -0.390952 0.42589 -0.611185 0.568651 -0.675548 0.469331 0.849394 
-0.173964 -0.977772 0.117039 -0.584089 0.844849 -0.0871301 0.527861 -0.214126 -0.505931 0.190709 0.841228 0.417098 0.104223 0.625133 0.773528 0.525946 -0.81595 -0.390952 0.42589 -0.611185 0.568651 -0.675548 0.469331 0.849394 
-0.173964 -0.977772 0.117039 -0.584089 0.844849 -0.0871301 0.527861 -0.214126 -0.505931 0.190709 0.841228 0.417098 0.104215 0.625145 0.77352 0.525937 -0.815955 -0.390945 0.425887 -0.611178 0.568644 -0.675541 0.469348 0.849413 
-0.173964 -0.977772 0.117039 -0.584089 0.844849 -0.0871301 0.527861 -0.214126 -0.505931 0.190709 0.841228 0.417098 0.0911962 0.641171 0.76196 0.519045 -0.823881 -0.38122 0.419395 -0.60369 0.559378 -0.666011 0.493483 0.86647 
-0.173964 -0.977772 0.117039 -0.584089 0.844849 -0.0871301 0.527861 -0.214126 -0.505931 0.190709 0.841228 0.417098 0.0911962 0.641171 0.76196 0.519045 -0.823881 -0.38122 0.419395 -0.60369 0.559378 -0.666011 0.493483 0.86647 
-0.173971 -0.977771 0.117039 -0.584088 0.84485 -0.0871359 0.52786 -0.214134 -0.505928 0.190712 0.841229 0.417096 0.0823405 0.652509 0.753294 0.505383 -0.837587 -0.364295 0.407109 -0.607136 0.540064 -0.66447 0.516537 0.877506 
-0.173971 -0.977771 0.117039 -0.584088 0.84485 -0.0871358 0.52786 -0.214135 -0.505928 0.190712 0.841229 0.417096 0.0823032 0.652564 0.75325 0.505323 -0.837638 -0.364227 0.407065 -0.607137 0.53999 -0.664453 0.516635 0.877568 
-0.173971 -0.977771 0.117039 -0.584088 0.84485 -0.0871358 0.52786 -0.214135 -0.505928 0.190712 0.841229 0.417096 0.0823032 0.652565 0.75325 0.505323 -0.837638 -0.364227 0.407065 -0.607137 0.53999 -0.664453 0.516636 0.877568 
-0.173971 -0.977771 0.117039 -0.584088 0.84485 -0.0871358 0.52786 -0.214135 -0.505928 0.190712 0.841229 0.417096 0.0823032 0.652565 0.75325 0.505323 -0.837638 -0.364227 0.407065 -0.607137 0.53999 -0.664453 0.516636 0.877568 
-0.173971 -0.977771 0.117039 -0.584088 0.84485 -0.0871358 0.52786 -0.214135 -0.505928 0.190712 0.841229 0.417096 0.0823032 0.652565 0.75325 0.505323 -0.837638 -0.364227 0.407065 -0.607137 0.53999 -0.664453 0.516636 0.877568 
-0.173971 -0.977771 0.117039 -0.584088 0.84485 -0.0871358 0.52786 -0.214135 -0.505928 0.190712 0.841229 0.417096 0.0823032 0.652565 0.75325 0.505323 -0.837638 -0.364227 0.407065 -0.607137 0.53999 -0.664453 0.516636 0.877568 
-0.173971 -0.977771 0.117039 -0.584088 0.84485 -0.0871358 0.52786 -0.214135 -0.505928 0.190712 0.841229 0.417096 0.0823032 0.652565 0.75325 0.505323 -0.837638 -0.364227 0.407065 -0.607137 0.53999 -0.664453 0.516636 0.877568 
-0.173971 -0.977771 0.117039 -0.584088 0.84485 -0.0871358 0.52786 -0.214135 -0.505928 0.190712 0.841229 0.417096 0.0822891 0.652583 0.753236 0.505313 -0.837646 -0.364216 0.407058 -0.607126 0.53998 -0.664441 0.516662 0.877592 
-0.173971 -0.977771 0.117039 -0.584088 0.84485 -0.0871359 0.52786 -0.214134 -0.505928 0.190712 0.841229 0.417096 0.0737587 0.66323 0.744772 0.500614 -0.842595 -0.358045 0.402291 -0.601605 0.533473 -0.657213 0.532426 0.888822 
-0.173971 -0.977771 0.117039 -0.584088 0.84485 -0.0871359 0.52786 -0.214134 -0.505928 0.190712 0.841229 0.417096 0.0737587 0.66323 0.744772 0.500614 -0.842595 -0.358045 0.402291 -0.601605 0.533473 -0.657213 0.532426 0.888822 
-0.173977 -0.97777 0.117038 -0.584086 0.84485 -0.0871416 0.527859 -0.214143 -0.505926 0.190715 0.841229 0.417094 0.0663737 0.668213 0.741003 0.493059 -0.850107 -0.350951 0.392622 -0.604303 0.522411 -0.655992 0.544758 0.893613 
-0.173977 -0.97777 0.117038 -0.584086 0.84485 -0.0871415 0.527859 -0.214143 -0.505926 0.190715 0.841229 0.417094 0.0663496 0.668239 0.740982 0.493027 -0.850135 -0.350918 0.392591 -0.604308 0.522368 -0.655983 0.54481 0.89364 
-0.173977 -0.97777 0.117038 -0.584086 0.84485 -0.0871415 0.527859 -0.214143 -0.505926 0.190715 0.841229 0.417094 0.0663495 0.668239 0.740982 0.493027 -0.850135 -0.350917 0.392591 -0.604309 0.522368 -0.655983 0.54481 0.89364 
-0.173977 -0.97777 0.117038 -0.584086 0.84485 -0.0871415 0.527859 -0.214143 -0.505926 0.190715 0.841229 0.417094 0.0663495 0.668239 0.740982 0.493027 -0.850135 -0.350917 0.392591 -0.604309 0.522368 -0.655983 0.54481 0.89364 
-0.173977 -0.97777 0.117038 -0.584086 0.84485 -0.0871415 0.527859 -0.214143 -0.505926 0.190715 0.841229 0.417094 0.0663495 0.668239 0.740982 0.493027 -0.850135 -0.350917 0.392591 -0.604309 0.522368 -0.655983 0.54481 0.89364 
-0.173977 -0.97777 0.117038 -0.584086 0.84485 -0.0871415 0.527859 -0.214143 -0.505926 0.190715 0.841229 0.417094 0.0663495 0.668239 0.740982 0.493027 -0.850135 -0.350917 0.392591 -0.604309 0.522368 -0.655983 0.54481 0.89364 
-0.173977 -0.97777 0.117038 -0.584086 0.84485 -0.0871415 0.527859 -0.214143 -0.505926 0.190715 0.841229 0.417094 0.0663495 0.668239 0.740982 0.493027 -0.850135 -0.350917 0.392591 -0.604309 0.522368 -0.655983 0.54481 0.89364 
-0.173977 -0.97777 0.117038 -0.584086 0.84485 -0.0871415 0.527859 -0.214143 -0.505926 0.190715 0.841229 0.417094 0.0663427 0.668248 0.740974 0.493022 -0.850139 -0.350913 0.392587 -0.604303 0.522363 -0.655976 0.544823 0.893651 
-0.173977 -0.97777 0.117038 -0.584086 0.84485 -0.0871416 0.527859 -0.214143 -0.505926 0.190715 0.841229 0.417094 0.0622129 0.673477 0.736585 0.490678 -0.852466 -0.347967 0.390155 -0.601443 0.519068 -0.652186 0.552468 0.89914 
-0.173977 -0.97777 0.117038 -0.584086 0.84485 -0.0871416 0.527859 -0.214143 -0.505926 0.190715 0.841229 0.417094 0.0622129 0.673477 0.736585 0.490678 -0.852466 -0.347967 0.390155 -0.601443 0.519068 -0.652186 0.552468 0.89914 
-0.173983 -0.977769 0.117038 -0.584085 0.84485 -0.0871473 0.527858 -0.214151 -0.505923 0.190718 0.84123 0.417092 0.0549902 0.675101 0.735673 0.486536 -0.85674 -0.346501 0.382012 -0.603539 0.512808 -0.651287 0.559332 0.901026 
-0.173983 -0.977769 0.117038 -0.584085 0.84485 -0.0871473 0.527858 -0.214151 -0.505923 0.190718 0.84123 0.417092 0.0549708 0.675113 0.735663 0.486518 -0.856756 -0.346487 0.381988 -0.603545 0.512784 -0.651282 0.559361 0.901036 
-0.173983 -0.977769 0.117038 -0.584085 0.84485 -0.0871473 0.527858 -0.214151 -0.505923 0.190718 0.84123 0.417092 0.0549708 0.675113 0.735663 0.486518 -0.856756 -0.346487 0.381988 -0.603545 0.512783 -0.651282 0.559361 0.901036 
-0.173983 -0.977769 0.117038 -0.584085 0.84485 -0.0871473 0.527858 -0.214151 -0.505923 0.190718 0.84123 0.417092 0.0549708 0.675113 0.735663 0.486518 -0.856756 -0.346487 0.381988 -0.603545 0.512783 -0.651282 0.559361 0.901036 
-0.173983 -0.977769 0.117038 -0.584085 0.84485 -0.0871473 0.527858 -0.214151 -0.505923 0.190718 0.84123 0.417092 0.0549708 0.675113 0.735663 0.486518 -0.856756 -0.346487 0.381988 -0.603545 0.512783 -0.651282 0.559361 0.901036 
-0.173983 -0.977769 0.117038 -0.584085 0.84485 -0.0871473 0.527858 -0.214151 -0.505923 0.190718 0.84123 0.417092 0.0549708 0.675113 0.735663 0.486518 -0.856756 -0.346487 0.381988 -0.603545 0.512783 -0.651282 0.559361 0.901036 
-0.173983 -0.977769 0.117038 -0.584085 0.84485 -0.0871473 0.527858 -0.214151 -0.505923 0.190718 0.84123 0.417092 0.0549708 0.675113 0.735663 0.486518 -0.856756 -0.346487 0.381988 -0.603545 0.512783 -0.651282 0.559361 0.901036 
-0.173983 -0.977769 0.117038 -0.584085 0.84485 -0.0871473 0.527858 -0.214151 -0.505923 0.190718 0.84123 0.417092 0.0549675 0.675118 0.735659 0.486516 -0.856758 -0.346485 0.381987 -0.603542 0.512781 -0.651279 0.559367 0.901042 
-0.173983 -0.977769 0.117038 -0.584085 0.84485 -0.0871473 0.527858 -0.214151 -0.505923 0.190718 0.84123 0.417092 0.0529634 0.67769 0.733438 0.485355 -0.857866 -0.345064 0.380784 -0.6021 0.511137 -0.649359 0.563091 0.903733 
-0.173983 -0.977769 0.117038 -0.584085 0.84485 -0.0871473 0.527858 -0.214151 -0.505923 0.190718 0.84123 0.417092 0.0529634 0.67769 0.733438 0.485355 -0.857866 -0.345064 0.380784 -0.6021 0.511137 -0.649359 0.563091 0.903733 
-0.173989 -0.977768 0.117038 -0.584083 0.84485 -0.087153 0.527856 -0.214159 -0.505921 0.190721 0.841231 0.417089 0.0455975 0.677449 0.734155 0.483108 -0.860345 -0.346852 0.373496 -0.603689 0.507668 -0.648657 0.567025 0.904279 
-0.173989 -0.977768 0.117038 -0.584083 0.84485 -0.0871529 0.527856 -0.214159 -0.505921 0.190721 0.841231 0.417089 0.0455798 0.677453 0.734152 0.483099 -0.860355 -0.346849 0.373477 -0.603695 0.507653 -0.648654 0.567041 0.904282 
-0.173989 -0.977768 0.117038 -0.584083 0.84485 -0.0871529 0.527856 -0.214159 -0.505921 0.190721 0.841231 0.417089 0.0455797 0.677453 0.734152 0.483099 -0.860355 -0.346849 0.373477 -0.603695 0.507653 -0.648654 0.567041 0.904282 
-0.173989 -0.977768 0.117038 -0.584083 0.84485 -0.0871529 0.527856 -0.214159 -0.505921 0.190721 0.841231 0.417089 0.0455797 0.677453 0.734152 0.483099 -0.860355 -0.346849 0.373477 -0.603695 0.507653 -0.648654 0.567041 0.904282 
-0.173989 -0.977768 0.117038 -0.584083 0.84485 -0.0871529 0.527856 -0.214159 -0.505921 0.190721 0.841231 0.417089 0.0455797 0.677453 0.734152 0.483099 -0.860355 -0.346849 0.373477 -0.603695 0.507653 -0.648654 0.567041 0.904282 
-0.173989 -0.977768 0.117038 -0.584083 0.84485 -0.0871529 0.527856 -0.214159 -0.505921 0.190721 0.841231 0.417089 0.0455797 0.677453 0.734152 0.483099 -0.860355 -0.346849 0.373477 -0.603695 0.507653 -0.648654 0.567041 0.904282 
-0.173989 -0.977768 0.117038 -0.584083 0.84485 -0.0871529 0.527856 -0.214159 -0.505921 0.190721 0.841231 0.417089 0.0455797 0.677453 0.734152 0.483099 -0.860355 -0.346849 0.373477 -0.603695 0.507653 -0.648654 0.567041 0.904282 
-0.173989 -0.977768 0.117038 -0.584083 0.84485 -0.0871529 0.527856 -0.214159 -0.505921 0.190721 0.841231 0.417089 0.0455782 0.677456 0.73415 0.483097 -0.860356 -0.346848 0.373476 -0.603694 0.507652 -0.648653 0.567044 0.904285 
-0.173989 -0.977768 0.117038 -0.584083 0.84485 -0.087153 0.527856 -0.214159 -0.505921 0.190721 0.841231 0.417089 0.0446066 0.678725 0.733037 0.482522 -0.860888 -0.346154 0.372893 -0.602974 0.506835 -0.647696 0.568865 0.90561 
-0.173989 -0.977768 0.117038 -0.584083 0.84485 -0.087153 0.527856 -0.214159 -0.505921 0.190721 0.841231 0.417089 0.0446066 0.678725 0.733037 0.482522 -0.860888 -0.346154 0.372893 -0.602974 0.506835 -0.647696 0.568865 0.90561 
-0.173995 -0.977767 0.117038 -0.584081 0.84485 -0.0871587 0.527855 -0.214168 -0.505918 0.190724 0.841232 0.417087 0.0370848 0.677388 0.734691 0.481325 -0.86232 -0.349841 0.366082 -0.604161 0.505004 -0.647114 0.571151 0.905562 
-0.173995 -0.977767 0.117038 -0.584081 0.84485 -0.0871586 0.527855 -0.214168 -0.505918 0.190724 0.841232 0.417087 0.0370676 0.677388 0.734692 0.48132 -0.862326 -0.349844 0.366064 -0.604167 0.504995 -0.647113 0.571161 0.905562 
-0.173995 -0.977767 0.117038 -0.584081 0.84485 -0.0871586 0.527855 -0.214168 -0.505918 0.190724 0.841232 0.417087 0.0370675 0.677388 0.734692 0.48132 -0.862326 -0.349844 0.366064 -0.604167 0.504995 -0.647113 0.571161 0.905562 
-0.173995 -0.977767 0.117038 -0.584081 0.84485 -0.0871586 0.527855 -0.214168 -0.505918 0.190724 0.841232 0.417087 0.0370675 0.677388 0.734692 0.48132 -0.862326 -0.349844 0.366064 -0.604167 0.504995 -0.647113 0.571161 0.905562 
-0.173995 -0.977767 0.117038 -0.584081 0.84485 -0.0871586 0.527855 -0.214168 -0.505918 0.190724 0.841232 0.417087 0.0370675 0.677388 0.734692 0.48132 -0.862326 -0.349844 0.366064 -0.604167 0.504995 -0.647113 0.571161 0.905562 
-0.173995 -0.977767 0.117038 -0.584081 0.84485 -0.0871586 0.527855 -0.214168 -0.505918 0.190724 0.841232 0.417087 0.0370675 0.677388 0.734692 0.48132 -0.862326 -0.349844 0.366064 -0.604167 0.504995 -0.647113 0.571161 0.905562 
-0.173995 -0.977767 0.117038 -0.584081 0.84485 -0.0871586 0.527855 -0.214168 -0.505918 0.190724 0.841232 0.417087 0.0370675 0.677388 0.734692 0.48132 -0.862326 -0.349844 0.366064 -0.604167 0.504995 -0.647113 0.571161 0.905562 
-0.173995 -0.977767 0.117038 -0.584081 0.84485 -0.0871586 0.527855 -0.214168 -0.505918 0.190724 0.841232 0.417087 0.0370668 0.677389 0.734691 0.481319 -0.862326 -0.349843 0.366064 -0.604166 0.504994 -0.647112 0.571163 0.905563 
-0.173995 -0.977767 0.117038 -0.584081 0.84485 -0.0871587 0.527855 -0.214168 -0.505918 0.190724 0.841232 0.417087 0.0365991 0.678017 0.734134 0.481034 -0.862583 -0.3495 0.365787 -0.603808 0.50459 -0.646639 0.572055 0.906218 
-0.173995 -0.977767 0.117038 -0.584081 0.84485 -0.0871587 0.527855 -0.214168 -0.505918 0.190724 0.841232 0.417087 0.0365991 0.678017 0.734134 0.481034 -0.862583 -0.3495 0.365787 -0.603808 0.50459 -0.646639 0.572055 0.906218 
-0.174001 -0.977766 0.117038 -0.58408 0.844851 -0.0871644 0.527854 -0.214176 -0.505916 0.190726 0.841233 0.417085 0.0289761 0.675993 0.736338 0.480416 -0.863374 -0.354303 0.359242 -0.60469 0.503732 -0.646144 0.573369 0.90593 
-0.174001 -0.977766 0.117038 -0.58408 0.844851 -0.0871643 0.527854 -0.214176 -0.505916 0.190726 0.841233 0.417085 0.0289589 0.675991 0.736341 0.480413 -0.863378 -0.35431 0.359226 -0.604695 0.503726 -0.646143 0.573375 0.905928 
-0.174001 -0.977766 0.117038 -0.58408 0.844851 -0.0871643 0.527854 -0.214176 -0.505916 0.190726 0.841233 0.417085 0.0289589 0.675991 0.736341 0.480413 -0.863378 -0.35431 0.359226 -0.604695 0.503726 -0.646143 0.573375 0.905928 
-0.174001 -0.977766 0.117038 -0.58408 0.844851 -0.0871643 0.527854 -0.214176 -0.505916 0.190726 0.841233 0.417085 0.0289589 0.675991 0.736341 0.480413 -0.863378 -0.35431 0.359226 -0.604695 0.503726 -0.646143 0.573375 0.905928 
-0.174001 -0.977766 0.117038 -0.58408 0.844851 -0.0871643 0.527854 -0.214176 -0.505916 0.190726 0.841233 0.417085 0.0289589 0.675991 0.736341 0.480413 -0.863378 -0.35431 0.359226 -0.604695 0.503726 -0.646143 0.573375 0.905928 
-0.174001 -0.977766 0.117038 -0.58408 0.844851 -0.0871643 0.527854 -0.214176 -0.505916 0.190726 0.841233 0.417085 0.0289589 0.675991 0.736341 0.480413 -0.863378 -0.35431 0.359226 -0.604695 0.503726 -0.646143 0.573375 0.905928 
-0.174001 -0.977766 0.117038 -0.58408 0.844851 -0.0871643 0.527854 -0.214176 -0.505916 0.190726 0.841233 0.417085 0.0289589 0.675991 0.736341 0.480413 -0.863378 -0.35431 0.359226 -0.604695 0.503726 -0.646143 0.573375 0.905928 
-0.174001 -0.977766 0.117038 -0.58408 0.844851 -0.0871643 0.527854 -0.214176 -0.505916 0.190726 0.841233 0.417085 0.0289585 0.675991 0.73634 0.480413 -0.863378 -0.35431 0.359226 -0.604694 0.503726 -0.646143 0.573376 0.905929 
-0.174001 -0.977766 0.117038 -0.58408 0.844851 -0.0871644 0.527854 -0.214176 -0.505916 0.190726 0.841233 0.417085 0.0287374 0.676305 0.736061 0.48027 -0.863502 -0.354136 0.359099 -0.604516 0.503526 -0.64591 0.573814 0.906255 
-0.174001 -0.977766 0.117038 -0.58408 0.844851 -0.0871644 0.527854 -0.214176 -0.505916 0.190726 0.841233 0.417085 0.0287374 0.676305 0.736061 0.48027 -0.863502 -0.354136 0.359099 -0.604516 0.503526 -0.64591 0.573814 0.906255 
-0.174025 -0.977762 0.117037 -0.584074 0.844851 -0.0871868 0.527849 -0.214209 -0.505906 0.190738 0.841236 0.417076 0.0109916 0.654641 0.75586 0.479873 -0.863065 -0.375524 0.337787 -0.615846 0.504973 -0.65607 0.56087 0.894006 
-0.174025 -0.977762 0.117037 -0.584074 0.844851 -0.0871866 0.527849 -0.214209 -0.505906 0.190738 0.841236 0.417076 0.0105036 0.655094 0.755474 0.479708 -0.863216 -0.375408 0.337529 -0.615556 0.504725 -0.655683 0.561545 0.894492 
-0.174025 -0.977762 0.117037 -0.584074 0.844851 -0.0871866 0.527849 -0.214209 -0.505906 0.190738 0.841236 0.417076 0.0105081 0.655088 0.755479 0.47971 -0.863214 -0.375411 0.337531 -0.61556 0.504728 -0.655688 0.561537 0.894486 
-0.174025 -0.977762 0.117037 -0.584074 0.844851 -0.0871866 0.527849 -0.214209 -0.505906 0.190738 0.841236 0.417076 0.0105081 0.655088 0.755479 0.47971 -0.863215 -0.375411 0.337531 -0.61556 0.504728 -0.655688 0.561537 0.894486 
-0.174025 -0.977762 0.117037 -0.584074 0.844851 -0.0871866 0.527849 -0.214209 -0.505906 0.190738 0.841236 0.417076 0.0105081 0.655088 0.755479 0.47971 -0.863215 -0.375411 0.337531 -0.61556 0.504728 -0.655688 0.561537 0.894486 
-0.174025 -0.977762 0.117037 -0.584074 0.844851 -0.0871866 0.527849 -0.214209 -0.505906 0.190738 0.841236 0.417076 0.0105081 0.655088 0.755479 0.47971 -0.863214 -0.375411 0.337531 -0.61556 0.504728 -0.655688 0.561537 0.894486 
-0.174025 -0.977762 0.117037 -0.584074 0.844851 -0.0871866 0.527849 -0.214209 -0.505906 0.190738 0.841236 0.417076 0.0105052 0.655091 0.755477 0.479709 -0.863215 -0.37541 0.33753 -0.615558 0.504726 -0.655685 0.561541 0.894489 
-0.174025 -0.977762 0.117037 -0.584074 0.844851 -0.0871866 0.527849 -0.214209 -0.505906 0.190738 0.841236 0.417076 0.010733 0.654871 0.755664 0.479751 -0.863167 -0.375439 0.337621 -0.615716 0.504804 -0.655888 0.561234 0.894268 
-0.174025 -0.977762 0.117037 -0.584074 0.844851 -0.0871868 0.527849 -0.214209 -0.505906 0.190738 0.841236 0.417076 -0.0049988 0.665785 0.746127 0.48062 -0.862671 -0.380227 0.333505 -0.60294 0.50574 -0.641995 0.576254 0.907912 
-0.174025 -0.977762 0.117037 -0.584074 0.844851 -0.0871868 0.527849 -0.214209 -0.505906 0.190738 0.841236 0.417076 -0.0049988 0.665785 0.746127 0.48062 -0.862671 -0.380227 0.333505 -0.60294 0.50574 -0.641995 0.576254 0.907912 
-0.174031 -0.97776 0.117036 -0.584072 0.844852 -0.0871924 0.527848 -0.214217 -0.505904 0.190741 0.841237 0.417074 -0.011408 0.662158 0.749277 0.480091 -0.862795 -0.385272 0.327339 -0.604221 0.505426 -0.642738 0.575702 0.907002 
-0.174031 -0.97776 0.117037 -0.584072 0.844852 -0.0871923 0.527848 -0.214217 -0.505904 0.190741 0.841237 0.417074 -0.0114204 0.662149 0.749285 0.480089 -0.862796 -0.385281 0.327325 -0.604228 0.505423 -0.642742 0.5757 0.906997 
-0.174031 -0.97776 0.117037 -0.584072 0.844852 -0.0871923 0.527848 -0.214217 -0.505904 0.190741 0.841237 0.417074 -0.0114204 0.662149 0.749285 0.480089 -0.862796 -0.385281 0.327325 -0.604228 0.505423 -0.642742 0.5757 0.906997 
-0.174031 -0.97776 0.117037 -0.584072 0.844852 -0.0871923 0.527848 -0.214217 -0.505904 0.190741 0.841237 0.417074 -0.0114204 0.662149 0.749285 0.480089 -0.862796 -0.385281 0.327325 -0.604228 0.505423 -0.642742 0.5757 0.906997 
-0.174031 -0.97776 0.117037 -0.584072 0.844852 -0.0871923 0.527848 -0.214217 -0.505904 0.190741 0.841237 0.417074 -0.0114204 0.662149 0.749285 0.480089 -0.862796 -0.385281 0.327325 -0.604228 0.505423 -0.642742 0.5757 0.906997 
-0.174031 -0.97776 0.117037 -0.584072 0.844852 -0.0871923 0.527848 -0.214217 -0.505904 0.190741 0.841237 0.417074 -0.0114204 0.662149 0.749285 0.480089 -0.862796 -0.385281 0.327325 -0.604228 0.505423 -0.642742 0.5757 0.906997 
-0.174031 -0.97776 0.117037 -0.584072 0.844852 -0.0871923 0.527848 -0.214217 -0.505904 0.190741 0.841237 0.417074 -0.0114204 0.662149 0.749285 0.480089 -0.862796 -0.385281 0.327325 -0.604228 0.505423 -0.642742 0.5757 0.906997 
-0.174031 -0.97776 0.117037 -0.584072 0.844852 -0.0871923 0.527848 -0.214217 -0.505904 0.190741 0.841237 0.417074 -0.0114197 0.662148 0.749286 0.48009 -0.862796 -0.385281 0.327325 -0.604229 0.505423 -0.642743 0.575698 0.906996 
-0.174031 -0.97776 0.117036 -0.584072 0.844852 -0.0871924 0.527848 -0.214217 -0.505904 0.190741 0.841237 0.417074 -0.0110005 0.661658 0.749725 0.480299 -0.86262 -0.385486 0.327548 -0.604512 0.505733 -0.643124 0.575 0.906495 
-0.174031 -0.97776 0.117036 -0.584072 0.844852 -0.0871924 0.527848 -0.214217 -0.505904 0.190741 0.841237 0.417074 -0.0110005 0.661658 0.749725 0.480299 -0.86262 -0.385486 0.327548 -0.604512 0.505733 -0.643124 0.575 0.906495 
-0.174037 -0.977759 0.117036 -0.584071 0.844852 -0.087198 0.527847 -0.214225 -0.505902 0.190743 0.841238 0.417072 -0.0179427 0.658132 0.752688 0.479989 -0.862517 -0.390954 0.32128 -0.6053 0.505711 -0.643441 0.574665 0.905926 
-0.174037 -0.977759 0.117036 -0.584071 0.844852 -0.0871979 0.527847 -0.214225 -0.505902 0.190743 0.841238 0.417072 -0.0179572 0.658124 0.752695 0.479987 -0.862517 -0.390964 0.321265 -0.605304 0.505709 -0.643444 0.574664 0.905923 
-0.174037 -0.977759 0.117036 -0.584071 0.844852 -0.0871979 0.527847 -0.214225 -0.505902 0.190743 0.841238 0.417072 -0.0179573 0.658124 0.752695 0.479987 -0.862517 -0.390964 0.321265 -0.605304 0.505709 -0.643444 0.574664 0.905923 
-0.174037 -0.977759 0.117036 -0.584071 0.844852 -0.0871979 0.527847 -0.214225 -0.505902 0.190743 0.841238 0.417072 -0.0179573 0.658124 0.752695 0.479987 -0.862517 -0.390964 0.321265 -0.605304 0.505709 -0.643444 0.574664 0.905923 
-0.174037 -0.977759 0.117036 -0.584071 0.844852 -0.0871979 0.527847 -0.214225 -0.505902 0.190743 0.841238 0.417072 -0.0179573 0.658124 0.752695 0.479987 -0.862517 -0.390964 0.321265 -0.605304 0.505709 -0.643444 0.574664 0.905923 
-0.174037 -0.977759 0.117036 -0.584071 0.844852 -0.0871979 0.527847 -0.214225 -0.505902 0.190743 0.841238 0.417072 -0.0179573 0.658124 0.752695 0.479987 -0.862517 -0.390964 0.321265 -0.605304 0.505709 -0.643444 0.574664 0.905923 
-0.174037 -0.977759 0.117036 -0.584071 0.844852 -0.0871979 0.527847 -0.214225 -0.505902 0.190743 0.841238 0.417072 -0.0179573 0.658124 0.752695 0.479987 -0.862517 -0.390964 0.321265 -0.605304 0.505709 -0.643444 0.574664 0.905923 
-0.174037 -0.977759 0.117036 -0.584071 0.844852 -0.0871979 0.527847 -0.214225 -0.505902 0.190743 0.841238 0.417072 -0.0179569 0.658124 0.752696 0.479987 -0.862517 -0.390964 0.321265 -0.605305 0.505709 -0.643444 0.574664 0.905923 
-0.174037 -0.977759 0.117036 -0.584071 0.844852 -0.087198 0.527847 -0.214225 -0.505902 0.190743 0.841238 0.417072 -0.0177412 0.657886 0.752909 0.48009 -0.862433 -0.391056 0.32138 -0.605443 0.50586 -0.643631 0.57432 0.905678 
-0.174037 -0.977759 0.117036 -0.584071 0.844852 -0.087198 0.527847 -0.214225 -0.505902 0.190743 0.841238 0.417072 -0.0177412 0.657886 0.752909 0.48009 -0.862433 -0.391056 0.32138 -0.605443 0.50586 -0.643631 0.57432 0.905678 
-0.174061 -0.977755 0.117036 -0.584064 0.844853 -0.0872201 0.527842 -0.214259 -0.505892 0.190755 0.841241 0.417063 -0.0503868 0.652333 0.756256 0.472986 -0.865768 -0.406029 0.29255 -0.604536 0.497902 -0.640002 0.585227 0.912922 
-0.174061 -0.977755 0.117036 -0.584064 0.844853 -0.0872199 0.527842 -0.214259 -0.505892 0.190754 0.841241 0.417063 -0.050448 0.652249 0.756324 0.47303 -0.865732 -0.406139 0.292506 -0.604546 0.49796 -0.640017 0.585162 0.912873 
-0.174061 -0.977755 0.117036 -0.584064 0.844853 -0.0872199 0.527842 -0.214259 -0.505892 0.190754 0.841241 0.417063 -0.0504491 0.65225 0.756323 0.473029 -0.865732 -0.406139 0.292506 -0.604546 0.497959 -0.640016 0.585163 0.912874 
-0.174061 -0.977755 0.117036 -0.584064 0.844853 -0.0872199 0.527842 -0.214259 -0.505892 0.190754 0.841241 0.417063 -0.050449 0.65225 0.756323 0.473029 -0.865732 -0.406139 0.292506 -0.604546 0.497959 -0.640016 0.585163 0.912874 
-0.174061 -0.977755 0.117036 -0.584064 0.844853 -0.0872199 0.527842 -0.214259 -0.505892 0.190754 0.841241 0.417063 -0.050449 0.65225 0.756323 0.473029 -0.865732 -0.406139 0.292506 -0.604546 0.497959 -0.640016 0.585163 0.912874 
-0.174061 -0.977755 0.117036 -0.584064 0.844853 -0.0872199 0.527842 -0.214259 -0.505892 0.190754 0.841241 0.417063 -0.0504491 0.65225 0.756323 0.473029 -0.865732 -0.406139 0.292506 -0.604546 0.497959 -0.640016 0.585163 0.912874 
-0.174061 -0.977755 0.117036 -0.584064 0.844853 -0.0872199 0.527842 -0.214259 -0.505892 0.190754 0.841241 0.417063 -0.0504477 0.652248 0.756325 0.473031 -0.865731 -0.40614 0.292506 -0.604547 0.49796 -0.640018 0.58516 0.912872 
-0.174061 -0.977755 0.117036 -0.584064 0.844853 -0.0872199 0.527842 -0.214259 -0.505892 0.190754 0.841241 0.417063 -0.0505204 0.652396 0.756193 0.472934 -0.865803 -0.406026 0.292451 -0.604494 0.497828 -0.639939 0.585359 0.913013 
-0.174061 -0.977755 0.117036 -0.584064 0.844853 -0.0872201 0.527842 -0.214258 -0.505892 0.190755 0.841241 0.417063 -0.0465025 0.640796 0.766302 0.482029 -0.858751 -0.41752 0.297025 -0.606443 0.510279 -0.64425 0.5697 0.902891 
-0.174061 -0.977755 0.117036 -0.584064 0.844853 -0.0872201 0.527842 -0.214258 -0.505892 0.190755 0.841241 0.417063 -0.0465025 0.640796 0.766302 0.482029 -0.858751 -0.41752 0.297025 -0.606443 0.510279 -0.64425 0.5697 0.902891 
-0.174067 -0.977754 0.117035 -0.584063 0.844853 -0.0872256 0.52784 -0.214267 -0.50589 0.190757 0.841242 0.417061 -0.053739 0.63767 0.768433 0.481244 -0.858708 -0.422269 0.29036 -0.606803 0.509639 -0.644256 0.570265 0.903198 
-0.174067 -0.977754 0.117035 -0.584063 0.844853 -0.0872255 0.52784 -0.214267 -0.50589 0.190757 0.841242 0.417061 -0.0537556 0.637665 0.768436 0.48124 -0.85871 -0.422277 0.290344 -0.606805 0.509635 -0.644256 0.570269 0.9032 
-0.174067 -0.977754 0.117035 -0.584063 0.844853 -0.0872255 0.52784 -0.214267 -0.50589 0.190757 0.841242 0.417061 -0.0537557 0.637665 0.768436 0.48124 -0.85871 -0.422277 0.290344 -0.606805 0.509635 -0.644256 0.570269 0.9032 
-0.174067 -0.977754 0.117035 -0.584063 0.844853 -0.0872255 0.52784 -0.214267 -0.50589 0.190757 0.841242 0.417061 -0.0537557 0.637665 0.768436 0.48124 -0.85871 -0.422277 0.290344 -0.606805 0.509635 -0.644256 0.570269 0.9032 
-0.174067 -0.977754 0.117035 -0.584063 0.844853 -0.0872255 0.52784 -0.214267 -0.50589 0.190757 0.841242 0.417061 -0.0537557 0.637665 0.768436 0.48124 -0.85871 -0.422277 0.290344 -0.606805 0.509635 -0.644256 0.570269 0.9032 
-0.174067 -0.977754 0.117035 -0.584063 0.844853 -0.0872255 0.52784 -0.214267 -0.50589 0.190757 0.841242 0.417061 -0.0537557 0.637665 0.768436 0.48124 -0.85871 -0.422277 0.290344 -0.606805 0.509635 -0.644256 0.570269 0.9032 
-0.174067 -0.977754 0.117035 -0.584063 0.844853 -0.0872255 0.52784 -0.214267 -0.50589 0.190757 0.841242 0.417061 -0.0537557 0.637665 0.768436 0.48124 -0.85871 -0.422277 0.290344 -0.606805 0.509635 -0.644256 0.570269 0.9032 
-0.174067 -0.977754 0.117035 -0.584063 0.844853 -0.0872255 0.52784 -0.214267 -0.50589 0.190757 0.841242 0.417061 -0.0537562 0.637665 0.768435 0.48124 -0.85871 -0.422277 0.290344 -0.606804 0.509635 -0.644255 0.57027 0.903201 
-0.174067 -0.977754 0.117035 -0.584063 0.844853 -0.0872256 0.52784 -0.214267 -0.50589 0.190757 0.841242 0.417061 -0.0540744 0.638107 0.768047 0.481047 -0.858856 -0.422078 0.290202 -0.606571 0.509355 -0.643949 0.570865 0.903633 
-0.174067 -0.977754 0.117035 -0.584063 0.844853 -0.0872256 0.52784 -0.214267 -0.50589 0.190757 0.841242 0.417061 -0.0540744 0.638107 0.768047 0.481047 -0.858856 -0.422078 0.290202 -0.606571 0.509355 -0.643949 0.570865 0.903633 
-0.174073 -0.977753 0.117035 -0.584061 0.844853 -0.0872311 0.527839 -0.214275 -0.505887 0.19076 0.841242 0.417059 -0.0613437 0.634641 0.770368 0.480615 -0.858479 -0.427275 0.283636 -0.606836 0.509166 -0.643946 0.571037 0.903729 
-0.174073 -0.977753 0.117035 -0.584061 0.844853 -0.087231 0.527839 -0.214275 -0.505887 0.19076 0.841242 0.417059 -0.0613601 0.634634 0.770373 0.480612 -0.85848 -0.427285 0.28362 -0.606838 0.509164 -0.643946 0.571039 0.903729 
-0.174073 -0.977753 0.117035 -0.584061 0.844853 -0.087231 0.527839 -0.214275 -0.505887 0.19076 0.841242 0.417059 -0.0613602 0.634634 0.770373 0.480612 -0.85848 -0.427285 0.28362 -0.606838 0.509164 -0.643946 0.571039 0.903729 
-0.174073 -0.977753 0.117035 -0.584061 0.844853 -0.087231 0.527839 -0.214275 -0.505887 0.19076 0.841242 0.417059 -0.0613602 0.634634 0.770373 0.480612 -0.85848 -0.427285 0.28362 -0.606838 0.509164 -0.643946 0.571039 0.903729 
-0.174073 -0.977753 0.117035 -0.584061 0.844853 -0.087231 0.527839 -0.214275 -0.505887 0.19076 0.841242 0.417059 -0.0613602 0.634634 0.770373 0.480612 -0.85848 -0.427285 0.28362 -0.606838 0.509164 -0.643946 0.571039 0.903729 
-0.174073 -0.977753 0.117035 -0.584061 0.844853 -0.087231 0.527839 -0.214275 -0.505887 0.19076 0.841242 0.417059 -0.0613602 0.634634 0.770373 0.480612 -0.85848 -0.427285 0.28362 -0.606838 0.509164 -0.643946 0.571039 0.903729 
-0.174073 -0.977753 0.117035 -0.584061 0.844853 -0.087231 0.527839 -0.214275 -0.505887 0.19076 0.841242 0.417059 -0.0613602 0.634634 0.770373 0.480612 -0.85848 -0.427285 0.28362 -0.606838 0.509164 -0.643946 0.571039 0.903729 
-0.174073 -0.977753 0.117035 -0.584061 0.844853 -0.087231 0.527839 -0.214275 -0.505887 0.19076 0.841242 0.417059 -0.0613604 0.634635 0.770373 0.480612 -0.85848 -0.427285 0.28362 -0.606838 0.509164 -0.643946 0.571039 0.90373 
-0.174073 -0.977753 0.117035 -0.584061 0.844853 -0.0872311 0.527839 -0.214275 -0.505887 0.19076 0.841242 0.417059 -0.0615088 0.634857 0.770177 0.480516 -0.858551 -0.427182 0.283559 -0.606723 0.509025 -0.643795 0.571333 0.903943 
-0.174073 -0.977753 0.117035 -0.584061 0.844853 -0.0872311 0.527839 -0.214275 -0.505887 0.19076 0.841242 0.417059 -0.0615088 0.634857 0.770177 0.480516 -0.858551 -0.427182 0.283559 -0.606723 0.509025 -0.643795 0.571333 0.903943 
-0.174097 -0.977749 0.117034 -0.584055 0.844854 -0.0872529 0.527834 -0.214308 -0.505878 0.190771 0.841245 0.41705 -0.083036 0.613153 0.785588 0.480845 -0.855293 -0.448425 0.259593 -0.612716 0.511447 -0.650352 0.561661 0.896888 
-0.174096 -0.977749 0.117034 -0.584055 0.844854 -0.0872527 0.527834 -0.214309 -0.505878 0.190771 0.841245 0.41705 -0.083267 0.613301 0.785448 0.48078 -0.855328 -0.448429 0.259471 -0.612606 0.511351 -0.650211 0.561913 0.897072 
-0.174096 -0.977749 0.117034 -0.584055 0.844854 -0.0872527 0.527834 -0.214309 -0.505878 0.190771 0.841245 0.41705 -0.0832652 0.613298 0.78545 0.480781 -0.855328 -0.44843 0.259472 -0.612608 0.511353 -0.650212 0.561909 0.897069 
-0.174096 -0.977749 0.117034 -0.584055 0.844854 -0.0872527 0.527834 -0.214309 -0.505878 0.190771 0.841245 0.41705 -0.0832652 0.613298 0.78545 0.480781 -0.855328 -0.44843 0.259472 -0.612608 0.511353 -0.650212 0.561909 0.897069 
-0.174096 -0.977749 0.117034 -0.584055 0.844854 -0.0872527 0.527834 -0.214309 -0.505878 0.190771 0.841245 0.41705 -0.0832652 0.613298 0.78545 0.480781 -0.855328 -0.44843 0.259472 -0.612608 0.511353 -0.650212 0.561909 0.897069 
-0.174096 -0.977749 0.117034 -0.584055 0.844854 -0.0872527 0.527834 -0.214309 -0.505878 0.190771 0.841245 0.41705 -0.0832652 0.613298 0.78545 0.480781 -0.855328 -0.44843 0.259472 -0.612608 0.511353 -0.650212 0.561909 0.897069 
-0.174096 -0.977749 0.117034 -0.584055 0.844854 -0.0872527 0.527834 -0.214309 -0.505878 0.190771 0.841245 0.41705 -0.0832669 0.6133 0.785449 0.48078 -0.855328 -0.448429 0.259471 -0.612606 0.511352 -0.650211 0.561912 0.897071 
-0.174096 -0.977749 0.117034 -0.584055 0.844854 -0.0872527 0.527834 -0.214309 -0.505878 0.190771 0.841245 0.41705 -0.0831367 0.61317 0.785564 0.480812 -0.855308 -0.448443 0.259514 -0.612696 0.511407 -0.650324 0.561731 0.89694 
-0.174097 -0.977749 0.117034 -0.584055 0.844854 -0.0872529 0.527834 -0.214308 -0.505878 0.190771 0.841245 0.41705 -0.0927003 0.620965 0.778337 0.480322 -0.855188 -0.450017 0.257175 -0.605443 0.509962 -0.641784 0.572758 0.905555 
-0.174097 -0.977749 0.117034 -0.584055 0.844854 -0.0872529 0.527834 -0.214308 -0.505878 0.190771 0.841245 0.41705 -0.0927003 0.620965 0.778337 0.480322 -0.855188 -0.450017 0.257175 -0.605443 0.509962 -0.641784 0.572758 0.905555 
-0.174102 -0.977748 0.117034 -0.584053 0.844854 -0.0872583 0.527833 -0.214317 -0.505876 0.190774 0.841246 0.417048 -0.0992752 0.616716 0.7809 0.480066 -0.854428 -0.455054 0.250756 -0.606052 0.509997 -0.642329 0.572115 0.905106 
-0.174102 -0.977748 0.117034 -0.584053 0.844854 -0.0872583 0.527833 -0.214317 -0.505876 0.190774 0.841246 0.417048 -0.0992887 0.616706 0.780907 0.480064 -0.854427 -0.455064 0.250741 -0.606056 0.509997 -0.642332 0.572113 0.905103 
-0.174102 -0.977748 0.117034 -0.584053 0.844854 -0.0872583 0.527833 -0.214317 -0.505876 0.190774 0.841246 0.417048 -0.0992888 0.616706 0.780907 0.480064 -0.854427 -0.455064 0.250741 -0.606056 0.509997 -0.642332 0.572113 0.905103 
-0.174102 -0.977748 0.117034 -0.584053 0.844854 -0.0872583 0.527833 -0.214317 -0.505876 0.190774 0.841246 0.417048 -0.0992888 0.616706 0.780907 0.480064 -0.854427 -0.455064 0.250741 -0.606056 0.509996 -0.642332 0.572113 0.905103 
-0.174102 -0.977748 0.117034 -0.584053 0.844854 -0.0872583 0.527833 -0.214317 -0.505876 0.190774 0.841246 0.417048 -0.0992888 0.616706 0.780907 0.480064 -0.854427 -0.455064 0.250741 -0.606056 0.509996 -0.642332 0.572113 0.905103 
-0.174102 -0.977748 0.117034 -0.584053 0.844854 -0.0872583 0.527833 -0.214317 -0.505876 0.190774 0.841246 0.417048 -0.0992888 0.616706 0.780907 0.480064 -0.854427 -0.455064 0.250741 -0.606056 0.509996 -0.642332 0.572113 0.905103 
-0.174102 -0.977748 0.117034 -0.584053 0.844854 -0.0872583 0.527833 -0.214317 -0.505876 0.190774 0.841246 0.417048 -0.0992888 0.616706 0.780907 0.480064 -0.854427 -0.455064 0.250741 -0.606056 0.509997 -0.642332 0.572113 0.905103 
-0.174102 -0.977748 0.117034 -0.584053 0.844854 -0.0872583 0.527833 -0.214317 -0.505876 0.190774 0.841246 0.417048 -0.0992883 0.616705 0.780908 0.480065 -0.854427 -0.455064 0.250741 -0.606056 0.509997 -0.642333 0.572112 0.905102 
-0.174102 -0.977748 0.117034 -0.584053 0.844854 -0.0872583 0.527833 -0.214317 -0.505876 0.190774 0.841246 0.417048 -0.0990006 0.616372 0.781207 0.480211 -0.854332 -0.455174 0.250865 -0.60624 0.510211 -0.642574 0.571649 0.904768 
-0.174102 -0.977748 0.117034 -0.584053 0.844854 -0.0872583 0.527833 -0.214317 -0.505876 0.190774 0.841246 0.417048 -0.0990006 0.616372 0.781207 0.480211 -0.854332 -0.455174 0.250865 -0.60624 0.510211 -0.642574 0.571649 0.904768 
-0.174108 -0.977747 0.117034 -0.584052 0.844854 -0.0872637 0.527832 -0.214325 -0.505873 0.190777 0.841247 0.417046 -0.105872 0.612239 0.783552 0.480048 -0.853442 -0.460343 0.24438 -0.606592 0.510322 -0.642843 0.571248 0.904521 
-0.174108 -0.977747 0.117034 -0.584052 0.844854 -0.0872637 0.527832 -0.214325 -0.505873 0.190777 0.841247 0.417046 -0.105886 0.612229 0.783558 0.480047 -0.853441 -0.460353 0.244365 -0.606595 0.510321 -0.642845 0.571247 0.90452 
-0.174108 -0.977747 0.117034 -0.584052 0.844854 -0.0872637 0.527832 -0.214325 -0.505873 0.190777 0.841247 0.417046 -0.105886 0.612229 0.783558 0.480047 -0.853441 -0.460353 0.244365 -0.606595 0.510321 -0.642845 0.571247 0.90452 
-0.174108 -0.977747 0.117034 -0.584052 0.844854 -0.0872637 0.527832 -0.214325 -0.505873 0.190777 0.841247 0.417046 -0.105886 0.612229 0.783558 0.480047 -0.853441 -0.460353 0.244365 -0.606595 0.510321 -0.642845 0.571247 0.90452 
-0.174108 -0.977747 0.117034 -0.584052 0.844854 -0.0872637 0.527832 -0.214325 -0.505873 0.190777 0.841247 0.417046 -0.105886 0.612229 0.783558 0.480047 -0.853441 -0.460353 0.244365 -0.606595 0.510321 -0.642845 0.571247 0.90452 
