1530627872606 0.275657 -0.8825 0.381061 -0.604483 0.633204 0.464965 0.618757 -0.181741 -0.723233 0.0707247 0.686973 0.426588 0.00206215 -0.99909 -0.0426063 0.386101 -0.146526 0.0418446 -0.988321 -0.492645 0.989205 0.00828098 -0.146306 0.44336 
1530627872616 0.25636 -0.939187 0.228488 0.190522 -0.09544 -0.259828 -0.960927 -0.632759 0.961858 0.224537 -0.156246 0.522991 0.000117903 -0.998847 -0.0480051 0.38616 -0.147531 0.0474624 -0.987918 -0.492472 0.989057 0.00719872 -0.147355 0.443232 
1530627873106 0.218501 -0.931404 0.291108 0.220456 0.106878 -0.27368 -0.955864 -0.527818 0.969966 0.23997 0.0397474 0.494922 -0.00183207 -0.998571 -0.0534008 0.386218 -0.148526 0.0530803 -0.987483 -0.492299 0.988907 0.00612226 -0.148411 0.443104 
1530627873558 0.16226 -0.93285 0.321655 0.11859 0.348692 -0.250737 -0.903075 -0.461437 0.923085 0.258692 0.284592 0.483134 -0.00378768 -0.998263 -0.0587926 0.386277 -0.149509 0.0586976 -0.987017 -0.492125 0.988753 0.00505153 -0.149472 0.442975 
1530627873903 0.101453 -0.93566 0.338006 0.00618326 0.566381 -0.224998 -0.792836 -0.420067 0.817875 0.271876 0.507113 0.472819 -0.0057488 -0.997922 -0.0641805 0.386335 -0.150481 0.064314 -0.986519 -0.491952 0.988596 0.00398664 -0.150538 0.442847 
1530627874235 0.0360287 -0.940511 0.337848 -0.0997268 0.748977 -0.198404 -0.632194 -0.390054 0.661615 0.275817 0.697273 0.458167 -0.0077146 -0.997548 -0.0695644 0.386394 -0.151442 0.0699296 -0.985989 -0.491779 0.988436 0.00292847 -0.15161 0.442718 
1530627874573 -0.028658 -0.947013 0.319914 -0.200692 0.887811 -0.171177 -0.427189 -0.361428 0.459315 0.271781 0.845674 0.447097 -0.00968553 -0.997141 -0.074944 0.386453 -0.152391 0.075544 -0.985429 -0.491607 0.988273 0.00187642 -0.152687 0.442589 
1530627874939 -0.0865608 -0.95418 0.286438 -0.298905 0.970218 -0.146033 -0.193265 -0.33332 0.226239 0.261179 0.938404 0.436097 -0.0116617 -0.996701 -0.0803189 0.386512 -0.153329 0.0811569 -0.984837 -0.491439 0.988106 0.000830327 -0.153769 0.442457 
1530627875283 -0.134169 -0.961548 0.239633 -0.39213 0.990702 -0.124655 0.0544986 -0.306217 -0.0225316 0.244717 0.969333 0.424433 -0.0136393 -0.996229 -0.0856882 0.386566 -0.15425 0.0867667 -0.984215 -0.491283 0.987938 -0.000206638 -0.154851 0.442308 
1530627875630 -0.169134 -0.968199 0.184351 -0.470179 0.948618 -0.109163 0.296996 -0.284173 -0.267427 0.225111 0.936914 0.407963 -0.015593 -0.995728 -0.0910091 0.386581 -0.155126 0.0923272 -0.983571 -0.491166 0.987772 -0.00121893 -0.155903 0.442073 
1530627876022 -0.169134 -0.968199 0.184351 -0.470179 0.948618 -0.109163 0.296996 -0.284173 -0.267427 0.225111 0.936914 0.407963 -0.0157067 -0.995736 -0.090903 0.386515 -0.155069 0.0922401 -0.983588 -0.491195 0.987779 -0.00135268 -0.155857 0.442106 
1530627876036 0.279843 -0.930318 0.237057 0.205875 -0.110552 -0.276506 -0.954632 -0.484925 0.953659 0.24094 -0.180227 0.499532 -0.015899 -0.995682 -0.0914544 0.386532 -0.15517 0.0928149 -0.983518 -0.491167 0.98776 -0.00144593 -0.155976 0.442103 
1530627876243 0.233697 -0.928027 0.290089 0.185001 0.102142 -0.273268 -0.9565 -0.464226 0.966929 0.253161 0.0309292 0.494691 -0.0160907 -0.995628 -0.0920062 0.386549 -0.155271 0.0933899 -0.983448 -0.491138 0.987741 -0.00153851 -0.156094 0.4421 
1530627876431 0.171679 -0.930653 0.323128 0.0945128 0.343354 -0.250907 -0.905071 -0.441983 0.923382 0.266329 0.276468 0.489173 -0.0162822 -0.995574 -0.0925582 0.386566 -0.155371 0.0939653 -0.983377 -0.491109 0.987722 -0.00163069 -0.156214 0.442097 
1530627876616 0.105306 -0.934593 0.339774 -0.00556128 0.56304 -0.225599 -0.795042 -0.41627 0.819693 0.275029 0.502456 0.475998 -0.0164739 -0.99552 -0.0931099 0.386583 -0.155472 0.0945403 -0.983306 -0.491081 0.987703 -0.00172292 -0.156333 0.442094 
1530627876799 0.0368383 -0.940237 0.338523 -0.103954 0.748813 -0.198353 -0.632404 -0.38911 0.661756 0.276787 0.696755 0.461136 -0.0166655 -0.995465 -0.0936616 0.3866 -0.155572 0.0951154 -0.983235 -0.491053 0.987684 -0.00181499 -0.156452 0.442091 
1530627876959 -0.0284509 -0.946963 0.32008 -0.202101 0.887724 -0.171131 -0.427389 -0.36114 0.459497 0.271983 0.84551 0.447866 -0.016857 -0.995409 -0.0942134 0.386617 -0.155672 0.0956906 -0.983163 -0.491024 0.987665 -0.00190676 -0.156571 0.442088 
1530627877124 -0.0865127 -0.95417 0.286489 -0.299499 0.970199 -0.146024 -0.193365 -0.333176 0.226337 0.261223 0.938368 0.43638 -0.0170484 -0.995354 -0.0947654 0.386634 -0.155773 0.096266 -0.983091 -0.490996 0.987646 -0.00199827 -0.15669 0.442084 
1530627877298 -0.134176 -0.961546 0.239636 -0.392487 0.990702 -0.124667 0.0544781 -0.306154 -0.0225084 0.244718 0.969333 0.424338 -0.0172399 -0.995298 -0.095317 0.38665 -0.155873 0.096841 -0.983019 -0.49097 0.987627 -0.00208981 -0.156809 0.442079 
1530627877646 -0.169249 -0.968162 0.184436 -0.470704 0.948568 -0.109218 0.297137 -0.28431 -0.267533 0.22524 0.936853 0.407243 -0.0174281 -0.995242 -0.0958635 0.386661 -0.155968 0.0974105 -0.982947 -0.490948 0.987608 -0.00217931 -0.156923 0.442062 
1530627877810 -0.169249 -0.968162 0.184436 -0.470704 0.948568 -0.109218 0.297137 -0.28431 -0.267533 0.22524 0.936853 0.407243 -0.0173695 -0.995246 -0.095834 0.386669 -0.155974 0.0973721 -0.98295 -0.490935 0.987608 -0.00212567 -0.156924 0.442031 
1530627878066 0.28122 -0.929914 0.237013 0.204542 -0.111016 -0.276847 -0.954479 -0.481845 0.9532 0.242107 -0.181091 0.49876 -0.0180361 -0.995731 -0.0905238 0.386696 -0.157313 0.092237 -0.983232 -0.490706 0.987384 -0.00349313 -0.158305 0.442391 
1530627878377 0.234426 -0.92788 0.28997 0.182951 0.101468 -0.273298 -0.956563 -0.463047 0.966824 0.253665 0.0300816 0.495557 -0.0186956 -0.996188 -0.0852098 0.386722 -0.158654 0.0871008 -0.983485 -0.490478 0.987157 -0.00486802 -0.159677 0.442751 
1530627878690 0.172205 -0.930537 0.323182 0.0929966 0.342876 -0.250944 -0.905242 -0.441645 0.923462 0.266698 0.275845 0.489888 -0.0193484 -0.996616 -0.0798917 0.386748 -0.159998 0.0819633 -0.983709 -0.49025 0.986928 -0.00625067 -0.161042 0.443111 
1530627879003 0.105643 -0.934496 0.339937 -0.00654551 0.562675 -0.225684 -0.795276 -0.416303 0.8199 0.275289 0.501976 0.476432 -0.0199933 -0.997015 -0.0745712 0.386774 -0.161345 0.0768259 -0.983903 -0.490023 0.986696 -0.00763986 -0.162399 0.443471 
1530627879332 0.0369688 -0.940169 0.338697 -0.1044 0.748834 -0.198368 -0.632375 -0.389087 0.661726 0.277006 0.696697 0.461965 -0.0206307 -0.997386 -0.0692478 0.386801 -0.162695 0.0716884 -0.984069 -0.489798 0.986461 -0.00903578 -0.163748 0.44383 
1530627879675 -0.0284055 -0.946922 0.320206 -0.202161 0.887736 -0.171143 -0.427357 -0.361125 0.459475 0.272119 0.845478 0.448113 -0.0212598 -0.997728 -0.0639219 0.38683 -0.164048 0.0665511 -0.984205 -0.489578 0.986223 -0.0104378 -0.16509 0.44419 
1530627879681 -0.0865092 -0.954149 0.286558 -0.299488 0.970201 -0.146033 -0.193349 -0.333173 0.226331 0.261293 0.93835 0.436438 -0.0218789 -0.998042 -0.0585945 0.386863 -0.165404 0.0614144 -0.984312 -0.489376 0.985983 -0.0118439 -0.166424 0.444548 
1530627879987 -0.134203 -0.961531 0.239684 -0.392526 0.990698 -0.124687 0.0545068 -0.306186 -0.0225244 0.244769 0.96932 0.424276 -0.0224812 -0.998327 -0.0532684 0.386903 -0.166763 0.05628 -0.984389 -0.489224 0.985741 -0.013247 -0.16775 0.444904 
1530627880411 -0.169362 -0.968125 0.184528 -0.470907 0.948521 -0.109273 0.297266 -0.28445 -0.267627 0.225375 0.936794 0.406874 -0.0230341 -0.998582 -0.0480001 0.386933 -0.168101 0.0511978 -0.984439 -0.489227 0.985501 -0.0146068 -0.169042 0.445255 
1530627880743 -0.169362 -0.968125 0.184528 -0.470907 0.948521 -0.109273 0.297266 -0.28445 -0.267627 0.225375 0.936794 0.406874 -0.0231647 -0.998572 -0.0481343 0.386876 -0.168034 0.0513513 -0.984443 -0.489244 0.985509 -0.0147161 -0.168984 0.445267 
1530627880755 0.28189 -0.929679 0.237139 0.204299 -0.111197 -0.277153 -0.95437 -0.480869 0.952981 0.242658 -0.181504 0.497936 -0.0226965 -0.998367 -0.0524243 0.38686 -0.166963 0.0554866 -0.984401 -0.489391 0.985702 -0.0135896 -0.16795 0.444984 
1530627881028 0.234719 -0.9278 0.28999 0.182268 0.101145 -0.273393 -0.95657 -0.462903 0.966787 0.253857 0.029672 0.495798 -0.0222235 -0.998143 -0.056712 0.386844 -0.165893 0.0596213 -0.98434 -0.489538 0.985893 -0.0124673 -0.16691 0.444701 
1530627881301 0.172414 -0.930477 0.323243 0.0924589 0.342652 -0.251008 -0.905309 -0.441779 0.923506 0.266848 0.275553 0.490167 -0.0217448 -0.997901 -0.0609993 0.386829 -0.164826 0.0637571 -0.98426 -0.489684 0.986083 -0.0113483 -0.165866 0.444419 
1530627881584 0.105773 -0.934448 0.340029 -0.00692804 0.562509 -0.22575 -0.795375 -0.416516 0.819997 0.275398 0.501757 0.476716 -0.021262 -0.99764 -0.0652844 0.386813 -0.16376 0.0678925 -0.984161 -0.48983 0.986271 -0.0102343 -0.164817 0.444136 
1530627881943 0.0370119 -0.940137 0.33878 -0.104654 0.748838 -0.198392 -0.632363 -0.389229 0.661719 0.277096 0.696667 0.462577 -0.0207749 -0.997361 -0.0695677 0.386796 -0.162696 0.0720277 -0.984044 -0.489975 0.986457 -0.00912495 -0.163763 0.443853 
1530627882232 -0.0283558 -0.946855 0.320409 -0.202397 0.887765 -0.171176 -0.427285 -0.361229 0.459423 0.272332 0.845438 0.448894 -0.0202837 -0.997063 -0.073849 0.386778 -0.161634 0.0761628 -0.983907 -0.490115 0.986642 -0.00802076 -0.162704 0.443571 
1530627882550 -0.0865175 -0.954128 0.286628 -0.299546 0.970204 -0.146051 -0.193323 -0.333251 0.226317 0.261361 0.938334 0.43662 -0.0197899 -0.996747 -0.0781277 0.386758 -0.160574 0.0802972 -0.983752 -0.490242 0.986825 -0.00692312 -0.161641 0.44329 
1530627882860 -0.134235 -0.961513 0.239738 -0.392566 0.990693 -0.124711 0.0545364 -0.306259 -0.0225395 0.244828 0.969305 0.424262 -0.0192984 -0.996412 -0.0824017 0.386731 -0.159515 0.0844298 -0.983578 -0.490333 0.987007 -0.00583717 -0.160572 0.443011 
1530627883178 -0.169463 -0.968091 0.184612 -0.471042 0.948483 -0.109323 0.29737 -0.284594 -0.267699 0.225495 0.936744 0.406634 -0.0188339 -0.996063 -0.0866269 0.386712 -0.158477 0.088521 -0.983387 -0.490309 0.987183 -0.00479265 -0.15952 0.442736 
1530627883514 -0.169463 -0.968091 0.184612 -0.471042 0.948483 -0.109323 0.29737 -0.284594 -0.267699 0.225495 0.936744 0.406634 -0.0189996 -0.996063 -0.0865887 0.386682 -0.158445 0.0885096 -0.983393 -0.490382 0.987185 -0.00496455 -0.159502 0.44272 
1530627883526 0.282374 -0.929509 0.23723 0.204062 -0.111326 -0.277374 -0.95429 -0.480225 0.952823 0.243057 -0.181802 0.497377 -0.0189256 -0.996026 -0.0870259 0.386686 -0.158341 0.0889288 -0.983372 -0.490416 0.987203 -0.00483117 -0.159394 0.442692 
1530627883852 0.234932 -0.927742 0.290004 0.181774 0.100908 -0.273464 -0.956575 -0.462819 0.96676 0.253994 0.029371 0.495975 -0.0188523 -0.995989 -0.0874631 0.386689 -0.158237 0.0893483 -0.98335 -0.49045 0.987221 -0.00469856 -0.159286 0.442664 
1530627884016 0.172568 -0.930432 0.32329 0.0920842 0.342475 -0.25106 -0.905362 -0.441874 0.923543 0.266955 0.275325 0.490388 -0.0187793 -0.995952 -0.0878998 0.386693 -0.158133 0.0897674 -0.983329 -0.490484 0.987239 -0.00456646 -0.159178 0.442637 
1530627884160 0.105811 -0.934433 0.340057 -0.00710909 0.562492 -0.225761 -0.795383 -0.416622 0.820004 0.27544 0.501723 0.47709 -0.0187061 -0.995915 -0.0883369 0.386697 -0.158029 0.0901868 -0.983307 -0.490517 0.987257 -0.0044341 -0.15907 0.442609 
1530627884367 0.0370435 -0.940116 0.338835 -0.104837 0.748837 -0.198407 -0.632358 -0.389321 0.661718 0.277157 0.696645 0.463046 -0.0186331 -0.995878 -0.0887737 0.3867 -0.157925 0.090606 -0.983285 -0.490551 0.987275 -0.00430208 -0.158962 0.442581 
1530627884525 -0.0283189 -0.946811 0.320541 -0.202579 0.88778 -0.171196 -0.427246 -0.361302 0.459397 0.27247 0.845408 0.449419 -0.0185598 -0.99584 -0.0892107 0.386704 -0.157821 0.0910254 -0.983263 -0.490584 0.987293 -0.00416988 -0.158854 0.442553 
1530627884727 -0.0865206 -0.954113 0.286674 -0.299599 0.970204 -0.146062 -0.193312 -0.333306 0.226314 0.261407 0.938322 0.436734 -0.0184865 -0.995802 -0.0896477 0.386706 -0.157717 0.0914448 -0.983241 -0.490615 0.987311 -0.00403771 -0.158745 0.442525 
1530627884874 -0.134257 -0.961499 0.239779 -0.392596 0.99069 -0.124728 0.0545549 -0.306316 -0.0225473 0.244871 0.969293 0.424248 -0.0184145 -0.995764 -0.090084 0.386708 -0.157613 0.0918638 -0.983219 -0.49064 0.987329 -0.00390709 -0.158637 0.442498 
1530627885092 -0.169536 -0.968067 0.184674 -0.471128 0.948456 -0.109359 0.297443 -0.284705 -0.267749 0.225582 0.936709 0.406474 -0.0183469 -0.995726 -0.0905149 0.38671 -0.15751 0.0922782 -0.983196 -0.490648 0.987347 -0.00378155 -0.15853 0.44247 
1530627885243 -0.169536 -0.968067 0.184674 -0.471128 0.948456 -0.109359 0.297443 -0.284705 -0.267749 0.225582 0.936709 0.406474 -0.0183093 -0.995735 -0.0904222 0.386716 -0.157575 0.0921809 -0.983195 -0.490623 0.987337 -0.00375334 -0.15859 0.442515 
1530627885257 0.282708 -0.929392 0.237292 0.203876 -0.111413 -0.277526 -0.954236 -0.479808 0.952714 0.243332 -0.182005 0.497005 -0.0183043 -0.99573 -0.0904755 0.386716 -0.157557 0.0922327 -0.983193 -0.490633 0.98734 -0.00374161 -0.158573 0.442508 
1530627885273 0.235076 -0.927702 0.290013 0.181438 0.100747 -0.273512 -0.956578 -0.462768 0.966742 0.254086 0.0291671 0.496096 -0.0182999 -0.995726 -0.0905293 0.386717 -0.15754 0.092285 -0.983191 -0.490643 0.987343 -0.00373025 -0.158556 0.4425 
1530627885290 0.17267 -0.930403 0.32332 0.0918329 0.342358 -0.251094 -0.905397 -0.441939 0.923567 0.267026 0.275174 0.490536 -0.0182957 -0.995721 -0.0905827 0.386717 -0.157523 0.092337 -0.983189 -0.490653 0.987346 -0.00371927 -0.158539 0.442493 
1530627885351 0.105836 -0.934424 0.340076 -0.00723033 0.562481 -0.225767 -0.79539 -0.41669 0.820009 0.275466 0.501701 0.47733 -0.0182914 -0.995716 -0.0906364 0.386717 -0.157506 0.0923893 -0.983187 -0.490663 0.987349 -0.00370808 -0.158522 0.442486 
1530627885396 0.0370637 -0.940103 0.338869 -0.104956 0.748836 -0.198416 -0.632357 -0.38938 0.661718 0.277195 0.69663 0.463335 -0.0182873 -0.995711 -0.0906899 0.386717 -0.15749 0.0924414 -0.983184 -0.490672 0.987351 -0.00369704 -0.158505 0.442479 
1530627885435 -0.0282958 -0.946785 0.32062 -0.202697 0.887787 -0.171208 -0.427225 -0.361348 0.459383 0.272554 0.845389 0.449734 -0.018283 -0.995706 -0.0907436 0.386718 -0.157473 0.0924937 -0.983182 -0.490682 0.987354 -0.00368592 -0.158488 0.442471 
1530627885471 -0.0865205 -0.954105 0.286702 -0.299638 0.970204 -0.146068 -0.193308 -0.333339 0.226315 0.261434 0.938314 0.436799 -0.0182785 -0.995702 -0.0907976 0.386718 -0.157456 0.0925462 -0.98318 -0.490691 0.987357 -0.00367444 -0.158471 0.442464 
1530627885519 -0.13427 -0.961491 0.239806 -0.392616 0.990688 -0.124739 0.0545648 -0.306355 -0.0225505 0.244899 0.969286 0.424235 -0.0182746 -0.995697 -0.0908511 0.386718 -0.157439 0.0925984 -0.983178 -0.4907 0.98736 -0.00366371 -0.158454 0.442457 
1530627885526 -0.169585 -0.96805 0.184716 -0.47118 0.948438 -0.109384 0.297492 -0.284785 -0.267782 0.225642 0.936685 0.406376 -0.0182708 -0.995692 -0.0909042 0.386717 -0.157423 0.0926501 -0.983175 -0.490705 0.987362 -0.00365303 -0.158437 0.442451 
1530627885675 -0.169585 -0.96805 0.184716 -0.47118 0.948438 -0.109384 0.297492 -0.284785 -0.267782 0.225642 0.936685 0.406376 -0.0184532 -0.995695 -0.0908331 0.386677 -0.157484 0.0926091 -0.98317 -0.490728 0.987349 -0.00383795 -0.158515 0.442445 
1530627885692 0.282917 -0.929318 0.237331 0.203751 -0.111466 -0.277621 -0.954202 -0.479557 0.952646 0.243505 -0.182131 0.496777 -0.0184347 -0.995694 -0.0908454 0.386681 -0.157476 0.0926183 -0.98317 -0.490728 0.987351 -0.00381848 -0.158505 0.442445 
1530627885709 0.235164 -0.927678 0.290019 0.181231 0.100648 -0.273541 -0.95658 -0.462739 0.966731 0.254143 0.0290415 0.49617 -0.0184159 -0.995694 -0.090858 0.386685 -0.157468 0.0926277 -0.98317 -0.490727 0.987352 -0.00379876 -0.158496 0.442444 
1530627885730 0.172732 -0.930385 0.323339 0.0916798 0.342287 -0.251114 -0.905418 -0.441978 0.923582 0.267069 0.275084 0.490625 -0.0183973 -0.995693 -0.0908704 0.38669 -0.15746 0.0926369 -0.983171 -0.490726 0.987354 -0.0037792 -0.158486 0.442444 
1530627885747 0.105851 -0.934418 0.340086 -0.00730385 0.562474 -0.225771 -0.795394 -0.41673 0.820012 0.275482 0.501688 0.477467 -0.0183784 -0.995692 -0.0908831 0.386694 -0.157452 0.0926464 -0.983171 -0.490726 0.987356 -0.00375934 -0.158477 0.442444 
1530627885763 0.037075 -0.940096 0.338887 -0.105026 0.748835 -0.19842 -0.632357 -0.389414 0.661719 0.277215 0.696621 0.463491 -0.0183597 -0.995691 -0.0908955 0.386698 -0.157444 0.0926557 -0.983172 -0.490725 0.987357 -0.00373975 -0.158467 0.442444 
1530627885780 -0.028283 -0.946772 0.32066 -0.202765 0.88779 -0.171214 -0.427217 -0.361373 0.459378 0.272596 0.845378 0.449896 -0.018341 -0.99569 -0.0909079 0.386702 -0.157436 0.092665 -0.983172 -0.490724 0.987359 -0.00372016 -0.158458 0.442443 
1530627885797 -0.0865169 -0.954102 0.286714 -0.299666 0.970203 -0.146069 -0.193312 -0.333355 0.226319 0.261446 0.93831 0.436832 -0.0183223 -0.99569 -0.0909205 0.386706 -0.157429 0.0926745 -0.983172 -0.490724 0.98736 -0.00370049 -0.158448 0.442443 
1530627885814 -0.134277 -0.961486 0.239823 -0.39263 0.990687 -0.124744 0.0545694 -0.306379 -0.0225511 0.244917 0.969282 0.424227 -0.0183034 -0.995689 -0.0909333 0.38671 -0.157421 0.092684 -0.983173 -0.490722 0.987362 -0.00368064 -0.158439 0.442443 
1530627885831 -0.169618 -0.968039 0.184744 -0.471209 0.948426 -0.109402 0.297522 -0.284841 -0.267802 0.225682 0.93667 0.406324 -0.0182847 -0.995688 -0.0909458 0.386714 -0.157413 0.0926934 -0.983173 -0.49072 0.987364 -0.0036609 -0.158429 0.442442 
1530627885857 -0.169618 -0.968039 0.184744 -0.471209 0.948426 -0.109402 0.297522 -0.284841 -0.267802 0.225682 0.93667 0.406324 -0.0184648 -0.995684 -0.0909498 0.386669 -0.157494 0.0927262 -0.983157 -0.490755 0.987347 -0.00382975 -0.158526 0.442402 
1530627885870 0.283035 -0.929276 0.237354 0.203678 -0.111495 -0.277674 -0.954183 -0.479421 0.952607 0.243603 -0.182201 0.496651 -0.0194081 -0.996135 -0.0856689 0.386716 -0.15958 0.0876729 -0.983284 -0.490487 0.986994 -0.00541264 -0.160664 0.442879 
1530627886206 0.235214 -0.927665 0.290023 0.181115 0.100592 -0.273558 -0.956581 -0.462724 0.966724 0.254175 0.0289714 0.496212 -0.0203393 -0.996556 -0.0803834 0.386762 -0.161669 0.0826202 -0.98338 -0.49022 0.986635 -0.00700582 -0.162792 0.443356 
1530627886499 0.172766 -0.930375 0.323349 0.0915947 0.342249 -0.251125 -0.905429 -0.442 0.92359 0.267093 0.275034 0.490675 -0.0212598 -0.99695 -0.0750928 0.386808 -0.163762 0.0775678 -0.983446 -0.489952 0.986271 -0.0086105 -0.164911 0.443834 
1530627886801 0.105859 -0.934415 0.340092 -0.00734469 0.56247 -0.225773 -0.795396 -0.416752 0.820013 0.275491 0.50168 0.477541 -0.0221684 -0.997315 -0.0697989 0.386854 -0.165858 0.0725173 -0.98348 -0.489686 0.9859 -0.0102255 -0.167021 0.444311 
1530627887109 0.0370804 -0.940093 0.338895 -0.105064 0.748834 -0.198423 -0.632357 -0.389433 0.661719 0.277225 0.696616 0.463575 -0.0230654 -0.997651 -0.0645013 0.386901 -0.167959 0.0674684 -0.983482 -0.489422 0.985524 -0.0118509 -0.169121 0.444788 
1530627887407 -0.0282778 -0.946766 0.320677 -0.202804 0.887791 -0.171217 -0.427214 -0.36139 0.459377 0.272614 0.845373 0.449984 -0.0239501 -0.997959 -0.0592004 0.38695 -0.170063 0.0624213 -0.983454 -0.489164 0.985142 -0.013486 -0.171211 0.445264 
1530627887738 -0.0865136 -0.954099 0.286722 -0.299695 0.970203 -0.146068 -0.193314 -0.333369 0.226322 0.261455 0.938307 0.436884 -0.0248205 -0.998238 -0.053897 0.387002 -0.172171 0.0573764 -0.983395 -0.488925 0.984754 -0.0151288 -0.173292 0.445737 
1530627888053 -0.134283 -0.961482 0.239834 -0.392645 0.990686 -0.124749 0.0545738 -0.3064 -0.0225527 0.244929 0.969279 0.424239 -0.0256693 -0.998489 -0.0485933 0.387061 -0.17428 0.0523347 -0.983304 -0.48874 0.984362 -0.016772 -0.17536 0.446198 
1530627888363 -0.169639 -0.968032 0.184762 -0.471226 0.948419 -0.109412 0.297541 -0.284878 -0.267814 0.225707 0.93666 0.4063 -0.0264609 -0.99871 -0.0433425 0.387098 -0.176339 0.0473411 -0.98319 -0.488724 0.983974 -0.0183732 -0.177365 0.446607 
1530627888687 -0.169639 -0.968032 0.184762 -0.471226 0.948419 -0.109412 0.297541 -0.284878 -0.267814 0.225707 0.93666 0.4063 -0.0265246 -0.998707 -0.0433757 0.38707 -0.176193 0.0473823 -0.983215 -0.488747 0.983998 -0.0184369 -0.177222 0.446675 
1530627888708 0.283098 -0.929254 0.237365 0.203638 -0.111511 -0.277703 -0.954173 -0.479351 0.952586 0.243656 -0.182239 0.496585 -0.0258336 -0.998535 -0.04755 0.38704 -0.174526 0.0513404 -0.983313 -0.488921 0.984314 -0.0171038 -0.175597 0.446304 
1530627888963 0.23524 -0.927657 0.290025 0.181053 0.100563 -0.273566 -0.956582 -0.462717 0.966721 0.254192 0.0289338 0.496235 -0.0251354 -0.998345 -0.0517231 0.387011 -0.172862 0.0553006 -0.983392 -0.489095 0.984625 -0.015777 -0.173966 0.445934 
1530627889227 0.172784 -0.93037 0.323354 0.0915492 0.342228 -0.251131 -0.905435 -0.442012 0.923594 0.267106 0.275007 0.490702 -0.0244295 -0.998138 -0.0558948 0.386981 -0.171201 0.0592626 -0.983452 -0.489268 0.984933 -0.014456 -0.17233 0.445563 
1530627889506 0.105863 -0.934413 0.340095 -0.00736661 0.562468 -0.225774 -0.795397 -0.416764 0.820014 0.275496 0.501677 0.477582 -0.0237172 -0.997913 -0.0600639 0.386951 -0.169541 0.0632254 -0.983493 -0.489441 0.985238 -0.0131424 -0.170687 0.445192 
1530627889767 0.0370831 -0.940091 0.3389 -0.105084 0.748834 -0.198424 -0.632358 -0.389445 0.66172 0.277229 0.696614 0.46362 -0.022998 -0.99767 -0.0642306 0.386921 -0.167884 0.0671893 -0.983514 -0.489613 0.985538 -0.0118356 -0.169038 0.444822 
1530627890050 -0.0282759 -0.946763 0.320686 -0.202827 0.887792 -0.171219 -0.427212 -0.361402 0.459376 0.272623 0.84537 0.450036 -0.0222726 -0.99741 -0.0683948 0.386889 -0.16623 0.0711541 -0.983517 -0.489779 0.985835 -0.0105362 -0.167384 0.444452 
1530627890331 -0.086513 -0.954094 0.286741 -0.299717 0.970204 -0.14607 -0.193308 -0.333383 0.226319 0.261474 0.938302 0.436942 -0.0215422 -0.997132 -0.072556 0.386854 -0.164578 0.0751196 -0.983499 -0.489933 0.986129 -0.00924562 -0.165724 0.444085 
1530627890659 -0.134286 -0.96148 0.239841 -0.392654 0.990686 -0.124751 0.0545765 -0.306412 -0.0225538 0.244936 0.969277 0.424247 -0.0208122 -0.996836 -0.0767127 0.386815 -0.162931 0.0790852 -0.983463 -0.490046 0.986418 -0.00796921 -0.164061 0.443727 
1530627890942 -0.16965 -0.968028 0.184772 -0.471236 0.948415 -0.109418 0.297552 -0.284898 -0.267821 0.22572 0.936655 0.406288 -0.0201106 -0.996525 -0.0808243 0.386793 -0.161327 0.0830157 -0.983403 -0.490036 0.986696 -0.00673771 -0.162436 0.443412 
1530627891270 -0.16965 -0.968028 0.184772 -0.471236 0.948415 -0.109418 0.297552 -0.284898 -0.267821 0.22572 0.936655 0.406288 -0.0201069 -0.996527 -0.0808059 0.386802 -0.161279 0.0829967 -0.983413 -0.490063 0.986704 -0.00674103 -0.162388 0.443381 
1530627891281 0.283132 -0.929242 0.237372 0.203617 -0.111519 -0.277718 -0.954168 -0.479314 0.952575 0.243684 -0.18226 0.49655 -0.0200257 -0.996494 -0.0812274 0.386799 -0.161114 0.0833983 -0.983406 -0.490106 0.986733 -0.00660651 -0.162219 0.44334 
1530627891469 0.235254 -0.927653 0.290025 0.18102 0.100547 -0.273571 -0.956582 -0.462713 0.966719 0.254201 0.0289137 0.496247 -0.0199447 -0.996461 -0.0816499 0.386796 -0.16095 0.083801 -0.983399 -0.490149 0.986761 -0.00647208 -0.162051 0.443299 
1530627891671 0.172794 -0.930367 0.323357 0.0915249 0.342217 -0.251134 -0.905439 -0.442018 0.923596 0.267113 0.274993 0.490716 -0.0198635 -0.996428 -0.0820726 0.386793 -0.160785 0.084204 -0.983391 -0.490192 0.98679 -0.00633751 -0.161884 0.443258 
1530627891801 0.105865 -0.934413 0.340097 -0.0073783 0.562467 -0.225774 -0.795397 -0.416771 0.820014 0.275498 0.501674 0.477603 -0.0197822 -0.996395 -0.0824953 0.38679 -0.160621 0.084607 -0.983383 -0.490235 0.986818 -0.00620298 -0.161716 0.443217 
1530627891936 0.0370845 -0.94009 0.338902 -0.105095 0.748833 -0.198425 -0.632358 -0.389451 0.66172 0.277232 0.696613 0.463644 -0.0197011 -0.996362 -0.0829178 0.386787 -0.160457 0.0850098 -0.983375 -0.490278 0.986846 -0.00606882 -0.161548 0.443175 
1530627892133 -0.0282748 -0.946762 0.32069 -0.202838 0.887792 -0.17122 -0.427211 -0.361408 0.459376 0.272627 0.845369 0.450063 -0.0196197 -0.996328 -0.0833405 0.386784 -0.160293 0.0854128 -0.983367 -0.49032 0.986875 -0.00593453 -0.16138 0.443134 
1530627892281 -0.0865127 -0.954091 0.286751 -0.299729 0.970204 -0.146072 -0.193305 -0.333391 0.226317 0.261484 0.9383 0.436972 -0.0195383 -0.996294 -0.0837632 0.38678 -0.160129 0.0858159 -0.983359 -0.49036 0.986903 -0.00580027 -0.161212 0.443094 
1530627892288 -0.134288 -0.961479 0.239845 -0.392659 0.990686 -0.124752 0.0545779 -0.306418 -0.0225543 0.24494 0.969276 0.424251 -0.0194583 -0.99626 -0.0841852 0.386776 -0.159965 0.0862186 -0.98335 -0.490394 0.986931 -0.00566765 -0.161044 0.443054 
1530627892460 -0.169656 -0.968026 0.184777 -0.471241 0.948413 -0.109421 0.297557 -0.284909 -0.267825 0.225728 0.936652 0.406281 -0.0193829 -0.996226 -0.0846023 0.386771 -0.159804 0.0866173 -0.983341 -0.490409 0.986958 -0.00554014 -0.16088 0.443019 
1530627892665 -0.169656 -0.968026 0.184777 -0.471241 0.948413 -0.109421 0.297557 -0.284909 -0.267825 0.225728 0.936652 0.406281 -0.0193073 -0.996229 -0.084589 0.386815 -0.159686 0.0865913 -0.983363 -0.490372 0.986979 -0.00547837 -0.160756 0.44309 
1530627892676 0.28315 -0.929236 0.237375 0.203606 -0.111524 -0.277726 -0.954165 -0.479294 0.952569 0.243699 -0.18227 0.496531 -0.0193062 -0.996225 -0.0846337 0.386811 -0.159681 0.0866352 -0.98336 -0.490384 0.98698 -0.00547058 -0.160751 0.443078 
1530627892697 0.235262 -0.927651 0.290026 0.181003 0.100538 -0.273574 -0.956582 -0.462711 0.966718 0.254206 0.0289031 0.496253 -0.0193047 -0.996221 -0.0846779 0.386807 -0.159676 0.0866786 -0.983357 -0.490397 0.986981 -0.00546241 -0.160746 0.443066 
1530627892709 0.172799 -0.930365 0.323358 0.0915121 0.342211 -0.251136 -0.905441 -0.442021 0.923597 0.267116 0.274985 0.490724 -0.0193034 -0.996218 -0.0847218 0.386802 -0.159671 0.0867217 -0.983354 -0.490409 0.986982 -0.00545445 -0.160741 0.443054 
1530627892726 0.105867 -0.934412 0.340097 -0.00738445 0.562466 -0.225774 -0.795398 -0.416774 0.820015 0.275499 0.501673 0.477614 -0.0193018 -0.996214 -0.084766 0.386798 -0.159666 0.0867651 -0.983351 -0.490421 0.986982 -0.00544616 -0.160736 0.443042 
1530627892944 0.0370853 -0.94009 0.338904 -0.105101 0.748833 -0.198425 -0.632358 -0.389454 0.66172 0.277233 0.696612 0.463657 -0.0193005 -0.99621 -0.08481 0.386794 -0.159661 0.0868082 -0.983348 -0.490433 0.986983 -0.00543822 -0.160731 0.44303 
1530627893043 -0.0282743 -0.946761 0.320693 -0.202845 0.887792 -0.171221 -0.42721 -0.361411 0.459375 0.27263 0.845368 0.450078 -0.0192986 -0.996206 -0.0848545 0.38679 -0.159656 0.0868518 -0.983345 -0.490445 0.986984 -0.00542968 -0.160727 0.443018 
1530627893049 -0.0865125 -0.954089 0.286756 -0.299735 0.970204 -0.146072 -0.193304 -0.333395 0.226316 0.261489 0.938299 0.436988 -0.0192973 -0.996203 -0.0848986 0.386785 -0.159651 0.0868951 -0.983342 -0.490457 0.986985 -0.0054217 -0.160722 0.443006 
1530627893078 -0.134289 -0.961478 0.239846 -0.392662 0.990686 -0.124753 0.0545786 -0.306421 -0.0225546 0.244942 0.969275 0.424254 -0.0192963 -0.996199 -0.0849425 0.386781 -0.159646 0.0869383 -0.983339 -0.490468 0.986986 -0.00541405 -0.160717 0.442994 
1530627893237 -0.169659 -0.968025 0.18478 -0.471244 0.948412 -0.109422 0.29756 -0.284915 -0.267826 0.225731 0.936651 0.406278 -0.0192954 -0.996195 -0.0849862 0.386776 -0.159641 0.0869812 -0.983336 -0.490475 0.986986 -0.00540651 -0.160712 0.442984 
1530627893341 -0.169659 -0.968025 0.18478 -0.471244 0.948412 -0.109422 0.29756 -0.284915 -0.267826 0.225731 0.936651 0.406278 -0.0193453 -0.996183 -0.0851239 0.386822 -0.159666 0.0871253 -0.983319 -0.490453 0.986982 -0.00543119 -0.160742 0.442929 
1530627893354 0.283159 -0.929232 0.237377 0.2036 -0.111526 -0.27773 -0.954163 -0.479284 0.952566 0.243706 -0.182276 0.496521 -0.01934 -0.996183 -0.0851146 0.386817 -0.159663 0.0871152 -0.98332 -0.490457 0.986982 -0.00542775 -0.160739 0.442933 
1530627893370 0.235265 -0.92765 0.290026 0.180994 0.100534 -0.273575 -0.956582 -0.46271 0.966718 0.254208 0.0288977 0.496256 -0.0193347 -0.996184 -0.0851054 0.386812 -0.15966 0.0871053 -0.983322 -0.490461 0.986983 -0.00542424 -0.160735 0.442937 
1530627893388 0.172802 -0.930365 0.323359 0.0915054 0.342208 -0.251137 -0.905441 -0.442023 0.923598 0.267118 0.274981 0.490728 -0.0193295 -0.996185 -0.0850959 0.386807 -0.159657 0.0870951 -0.983323 -0.490466 0.986983 -0.005421 -0.160732 0.442941 
1530627893404 0.105867 -0.934412 0.340098 -0.00738763 0.562466 -0.225775 -0.795398 -0.416776 0.820015 0.2755 0.501673 0.47762 -0.0193245 -0.996186 -0.0850865 0.386802 -0.159654 0.087085 -0.983324 -0.49047 0.986984 -0.00541783 -0.160728 0.442945 
1530627893421 0.0370857 -0.94009 0.338904 -0.105104 0.748833 -0.198425 -0.632358 -0.389455 0.66172 0.277234 0.696612 0.463663 -0.0193189 -0.996187 -0.0850774 0.386798 -0.159651 0.0870751 -0.983326 -0.490474 0.986984 -0.00541407 -0.160725 0.442949 
1530627893439 -0.028274 -0.946761 0.320694 -0.202848 0.887792 -0.171221 -0.42721 -0.361412 0.459375 0.272631 0.845368 0.450085 -0.0193137 -0.996188 -0.0850681 0.386793 -0.159648 0.087065 -0.983327 -0.490478 0.986985 -0.00541077 -0.160721 0.442954 
1530627893454 -0.0865125 -0.954088 0.286759 -0.299738 0.970204 -0.146073 -0.193303 -0.333397 0.226316 0.261492 0.938298 0.436996 -0.0193088 -0.996189 -0.0850586 0.386788 -0.159645 0.0870549 -0.983328 -0.490482 0.986986 -0.00540766 -0.160717 0.442958 
1530627893470 -0.134289 -0.961478 0.239847 -0.392663 0.990685 -0.124753 0.054579 -0.306423 -0.0225547 0.244943 0.969275 0.424255 -0.0193034 -0.99619 -0.0850495 0.386783 -0.159642 0.087045 -0.98333 -0.490486 0.986986 -0.00540409 -0.160714 0.442962 
1530627893487 -0.169661 -0.968024 0.184781 -0.471245 0.948411 -0.109423 0.297561 -0.284918 -0.267827 0.225733 0.93665 0.406276 -0.0192988 -0.996191 -0.0850401 0.386779 -0.159639 0.087035 -0.983331 -0.490489 0.986987 -0.00540137 -0.16071 0.442965 
1530627893526 -0.169661 -0.968024 0.184781 -0.471245 0.948411 -0.109423 0.297561 -0.284918 -0.267827 0.225733 0.93665 0.406276 -0.0193455 -0.996179 -0.0851619 0.386818 -0.159636 0.0871627 -0.98332 -0.490459 0.986986 -0.00542792 -0.160713 0.442935 
1530627893542 0.283164 -0.929231 0.237378 0.203597 -0.111527 -0.277733 -0.954163 -0.479279 0.952565 0.24371 -0.182279 0.496517 -0.0191066 -0.996844 -0.0770558 0.386851 -0.161721 0.0791363 -0.983658 -0.490293 0.986652 -0.00633286 -0.162722 0.443364 
1530627893896 0.235267 -0.92765 0.290026 0.180989 0.100532 -0.273576 -0.956582 -0.462709 0.966717 0.254209 0.0288948 0.496258 -0.0188491 -0.997442 -0.068944 0.386883 -0.163802 0.0711053 -0.983927 -0.490128 0.986313 -0.00725294 -0.164723 0.443793 
1530627894261 0.172803 -0.930364 0.32336 0.091502 0.342206 -0.251137 -0.905442 -0.442024 0.923598 0.267119 0.274979 0.49073 -0.0185747 -0.997975 -0.0608276 0.386915 -0.165881 0.063071 -0.984127 -0.489963 0.985971 -0.0081897 -0.166716 0.444222 
1530627894637 0.105867 -0.934412 0.340098 -0.00738929 0.562466 -0.225775 -0.795398 -0.416777 0.820015 0.2755 0.501673 0.477623 -0.0182827 -0.998443 -0.0527085 0.386947 -0.167956 0.0550352 -0.984257 -0.489799 0.985625 -0.00914217 -0.168701 0.44465 
1530627895020 0.0370859 -0.94009 0.338905 -0.105105 0.748833 -0.198426 -0.632358 -0.389456 0.66172 0.277235 0.696611 0.463667 -0.0179733 -0.998844 -0.0445867 0.38698 -0.170029 0.0469978 -0.984318 -0.489638 0.985275 -0.0101105 -0.170677 0.445079 
1530627895386 -0.0282738 -0.946761 0.320695 -0.20285 0.887792 -0.171221 -0.42721 -0.361413 0.459375 0.272631 0.845368 0.450089 -0.017646 -0.999179 -0.0364629 0.387015 -0.172098 0.0389596 -0.984309 -0.489482 0.984922 -0.0110939 -0.172644 0.445508 
1530627895768 -0.0865124 -0.954088 0.28676 -0.299739 0.970205 -0.146073 -0.193303 -0.333398 0.226316 0.261493 0.938298 0.437 -0.0172989 -0.999449 -0.0283385 0.387054 -0.174164 0.0309215 -0.984231 -0.489343 0.984565 -0.0120905 -0.174603 0.445935 
1530627896143 -0.134289 -0.961478 0.239848 -0.392664 0.990685 -0.124754 0.0545792 -0.306424 -0.0225548 0.244943 0.969275 0.424256 -0.0169262 -0.999652 -0.020217 0.387102 -0.176227 0.022886 -0.984084 -0.489253 0.984204 -0.013094 -0.176553 0.446362 
1530627896515 -0.169662 -0.968024 0.184782 -0.471246 0.948411 -0.109424 0.297562 -0.284919 -0.267828 0.225734 0.93665 0.406275 -0.0165097 -0.99979 -0.0121778 0.387152 -0.178245 0.0149273 -0.983873 -0.489312 0.983848 -0.0140728 -0.178454 0.446791 
1530627896894 -0.169662 -0.968024 0.184782 -0.471246 0.948411 -0.109424 0.297562 -0.284919 -0.267828 0.225734 0.93665 0.406275 -0.0164942 -0.999788 -0.0123068 0.38712 -0.178181 0.0150505 -0.983883 -0.489292 0.98386 -0.0140356 -0.178391 0.446792 
1530627896907 0.283167 -0.92923 0.237378 0.203595 -0.111528 -0.277734 -0.954162 -0.479276 0.952564 0.243713 -0.18228 0.496514 -0.0168128 -0.999685 -0.018639 0.387091 -0.176581 0.0213173 -0.984055 -0.489396 0.984143 -0.0132534 -0.176883 0.44646 
1530627897260 0.235268 -0.927649 0.290026 0.180986 0.100531 -0.273576 -0.956582 -0.462709 0.966717 0.25421 0.0288934 0.496259 -0.017122 -0.999542 -0.0249715 0.387061 -0.174978 0.0275852 -0.984186 -0.489501 0.984423 -0.0124818 -0.17537 0.446128 
1530627897587 0.172804 -0.930364 0.32336 0.0915002 0.342206 -0.251137 -0.905442 -0.442024 0.923598 0.26712 0.274978 0.490731 -0.017421 -0.999358 -0.0313034 0.387032 -0.173374 0.0338532 -0.984274 -0.489605 0.984702 -0.0117198 -0.173852 0.445797 
1530627897934 0.105868 -0.934412 0.340098 -0.00739014 0.562466 -0.225775 -0.795398 -0.416777 0.820015 0.2755 0.501672 0.477625 -0.0177097 -0.999135 -0.0376344 0.387003 -0.171767 0.040121 -0.98432 -0.489709 0.984978 -0.0109677 -0.172329 0.445465 
1530627898271 0.037086 -0.940089 0.338905 -0.105106 0.748833 -0.198426 -0.632358 -0.389456 0.66172 0.277235 0.696611 0.463668 -0.0179884 -0.998871 -0.0439643 0.386973 -0.170158 0.0463884 -0.984324 -0.489812 0.985253 -0.0102256 -0.1708 0.445134 
1530627898628 -0.0282738 -0.94676 0.320695 -0.20285 0.887792 -0.171221 -0.42721 -0.361414 0.459375 0.272632 0.845368 0.450091 -0.0182574 -0.998568 -0.0502926 0.386942 -0.168547 0.0526549 -0.984286 -0.48991 0.985525 -0.00949383 -0.169267 0.444803 
1530627898961 -0.0865124 -0.954088 0.286761 -0.29974 0.970205 -0.146073 -0.193302 -0.333398 0.226315 0.261494 0.938298 0.437003 -0.0185179 -0.998224 -0.0566184 0.386907 -0.166933 0.0589201 -0.984206 -0.489996 0.985794 -0.00877388 -0.167728 0.444472 
1530627899322 -0.134289 -0.961478 0.239848 -0.392664 0.990685 -0.124754 0.0545793 -0.306424 -0.0225549 0.244943 0.969275 0.424256 -0.018774 -0.997841 -0.0629396 0.386866 -0.165318 0.0651823 -0.984084 -0.490047 0.986062 -0.00807018 -0.166184 0.444143 
1530627899672 -0.169662 -0.968024 0.184782 -0.471246 0.948411 -0.109424 0.297563 -0.28492 -0.267828 0.225735 0.936649 0.406275 -0.0190393 -0.997421 -0.0691956 0.386824 -0.163732 0.0713843 -0.983919 -0.489992 0.986321 -0.00740361 -0.164669 0.443814 
1530627900053 -0.169662 -0.968024 0.184782 -0.471246 0.948411 -0.109424 0.297563 -0.28492 -0.267828 0.225735 0.936649 0.406275 -0.0189666 -0.99743 -0.0690961 0.386846 -0.163629 0.0712734 -0.983944 -0.489991 0.98634 -0.00735599 -0.16456 0.44384 
1530627900063 0.283168 -0.929229 0.237379 0.203595 -0.111528 -0.277734 -0.954162 -0.479275 0.952564 0.243714 -0.182281 0.496513 -0.0189923 -0.997384 -0.0697455 0.386844 -0.163473 0.071917 -0.983923 -0.490027 0.986365 -0.00728543 -0.164411 0.443804 
1530627900301 0.235269 -0.927649 0.290026 0.180985 0.10053 -0.273576 -0.956582 -0.462709 0.966717 0.25421 0.0288926 0.49626 -0.0190182 -0.997338 -0.0703952 0.386842 -0.163319 0.0725611 -0.983901 -0.490063 0.98639 -0.00721513 -0.164264 0.443768 
1530627900579 0.172804 -0.930364 0.32336 0.0914993 0.342205 -0.251137 -0.905442 -0.442025 0.923599 0.26712 0.274978 0.490731 -0.0190438 -0.997291 -0.0710449 0.386841 -0.163164 0.0732052 -0.983879 -0.490099 0.986415 -0.00714482 -0.164117 0.443731 
1530627900760 0.105868 -0.934412 0.340098 -0.00739057 0.562466 -0.225775 -0.795398 -0.416777 0.820015 0.275501 0.501672 0.477625 -0.0190698 -0.997244 -0.0716942 0.386839 -0.16301 0.0738489 -0.983857 -0.490134 0.98644 -0.00707509 -0.163969 0.443695 
1530627900936 0.037086 -0.940089 0.338905 -0.105107 0.748833 -0.198426 -0.632358 -0.389457 0.66172 0.277235 0.696611 0.463669 -0.0190954 -0.997197 -0.0723438 0.386837 -0.162855 0.0744929 -0.983834 -0.49017 0.986465 -0.00700509 -0.163821 0.443659 
1530627901173 -0.0282737 -0.94676 0.320695 -0.202851 0.887792 -0.171221 -0.42721 -0.361414 0.459375 0.272632 0.845368 0.450092 -0.0191208 -0.997149 -0.0729934 0.386835 -0.162701 0.0751368 -0.98381 -0.490205 0.98649 -0.00693514 -0.163674 0.443623 
1530627901367 -0.0865124 -0.954088 0.286762 -0.299741 0.970205 -0.146073 -0.193302 -0.333399 0.226315 0.261494 0.938297 0.437004 -0.0191466 -0.997101 -0.0736427 0.386832 -0.162546 0.0757806 -0.983787 -0.490238 0.986515 -0.00686586 -0.163526 0.443587 
1530627901561 -0.13429 -0.961478 0.239848 -0.392664 0.990685 -0.124754 0.0545793 -0.306425 -0.0225549 0.244943 0.969275 0.424256 -0.0191733 -0.997052 -0.0742915 0.386828 -0.162391 0.076424 -0.983762 -0.490265 0.98654 -0.00679766 -0.163378 0.443551 
1530627901761 -0.169662 -0.968024 0.184783 -0.471246 0.948411 -0.109424 0.297563 -0.28492 -0.267828 0.225735 0.936649 0.406275 -0.0192028 -0.997004 -0.0749332 0.386823 -0.162239 0.077061 -0.983738 -0.490276 0.986565 -0.00673341 -0.163233 0.443514 
1530627902005 -0.169662 -0.968024 0.184783 -0.471246 0.948411 -0.109424 0.297563 -0.28492 -0.267828 0.225735 0.936649 0.406275 -0.0189872 -0.996997 -0.0750761 0.386903 -0.162225 0.0771667 -0.983732 -0.490221 0.986571 -0.00649907 -0.163203 0.443476 
1530627902018 0.283169 -0.929229 0.237379 0.203594 -0.111529 -0.277735 -0.954162 -0.479274 0.952563 0.243714 -0.182281 0.496512 -0.0190105 -0.996993 -0.0751279 0.386895 -0.162211 0.0772215 -0.98373 -0.490234 0.986573 -0.00651461 -0.163191 0.443476 
1530627902035 0.235269 -0.927649 0.290026 0.180985 0.10053 -0.273576 -0.956582 -0.462709 0.966717 0.254211 0.0288922 0.49626 -0.019034 -0.996988 -0.0751792 0.386888 -0.162196 0.0772759 -0.983728 -0.490247 0.986575 -0.00653046 -0.163179 0.443476 
1530627902270 0.172805 -0.930364 0.32336 0.0914989 0.342205 -0.251137 -0.905442 -0.442025 0.923599 0.26712 0.274977 0.490731 -0.0190575 -0.996984 -0.0752306 0.38688 -0.162182 0.0773303 -0.983726 -0.49026 0.986577 -0.00654634 -0.163166 0.443477 
1530627902387 0.105868 -0.934412 0.340098 -0.00739079 0.562466 -0.225775 -0.795398 -0.416778 0.820015 0.275501 0.501672 0.477626 -0.019081 -0.99698 -0.0752821 0.386873 -0.162168 0.0773848 -0.983724 -0.490273 0.986579 -0.00656208 -0.163154 0.443477 
1530627902459 0.0370861 -0.940089 0.338905 -0.105107 0.748833 -0.198426 -0.632358 -0.389457 0.66172 0.277235 0.696611 0.46367 -0.0191045 -0.996975 -0.0753335 0.386865 -0.162153 0.0774393 -0.983722 -0.490286 0.986581 -0.00657796 -0.163142 0.443477 
1530627902576 -0.0282737 -0.94676 0.320695 -0.202851 0.887792 -0.171221 -0.42721 -0.361414 0.459375 0.272632 0.845368 0.450092 -0.019128 -0.996971 -0.075385 0.386858 -0.162139 0.0774939 -0.98372 -0.490299 0.986583 -0.00659376 -0.16313 0.443477 
1530627902718 -0.0865124 -0.954088 0.286762 -0.299741 0.970205 -0.146073 -0.193302 -0.333399 0.226315 0.261495 0.938297 0.437004 -0.0191512 -0.996967 -0.0754367 0.38685 -0.162125 0.0775486 -0.983718 -0.490311 0.986584 -0.00660924 -0.163118 0.443477 
1530627902860 -0.13429 -0.961478 0.239848 -0.392664 0.990685 -0.124754 0.0545794 -0.306425 -0.0225549 0.244944 0.969275 0.424256 -0.0191748 -0.996962 -0.0754882 0.386843 -0.162111 0.0776031 -0.983716 -0.490323 0.986586 -0.00662508 -0.163106 0.443478 
1530627902929 -0.169662 -0.968024 0.184783 -0.471246 0.948411 -0.109424 0.297563 -0.284921 -0.267828 0.225735 0.936649 0.406274 -0.0191986 -0.996958 -0.0755389 0.386835 -0.162097 0.077657 -0.983714 -0.490332 0.986588 -0.00664136 -0.163094 0.443477 
1530627903160 -0.169662 -0.968024 0.184783 -0.471246 0.948411 -0.109424 0.297563 -0.284921 -0.267828 0.225735 0.936649 0.406274 -0.0192081 -0.996965 -0.0754402 0.386863 -0.162037 0.0775607 -0.983732 -0.490316 0.986598 -0.00667157 -0.163035 0.443536 
