1535372329192 0.234014 0.922277 -0.30764 -0.534552 -0.938648 0.296772 0.175687 -0.197394 0.253331 0.247653 0.935142 0.432578 0.307627 -0.282645 0.908558 0.28536 -0.941679 -0.22732 0.248125 -0.490001 0.136402 -0.9319 -0.336091 0.47355 
1535372329221 0.235265 0.922904 -0.304791 -0.544885 -0.938588 0.297168 0.175336 -0.201888 0.252392 0.244823 0.936141 0.426694 0.289726 -0.269521 0.918377 0.294921 -0.950703 -0.191875 0.243614 -0.489212 0.110554 -0.943686 -0.311826 0.470195 
1535372330421 0.236513 0.923523 -0.301938 -0.555221 -0.938528 0.297566 0.174986 -0.206384 0.25145 0.241991 0.93713 0.420809 0.272148 -0.255612 0.927684 0.304481 -0.958572 -0.156288 0.238146 -0.488423 0.0841127 -0.954063 -0.287556 0.466842 
1535372331180 0.237757 0.924133 -0.299082 -0.565556 -0.938466 0.297964 0.174637 -0.21088 0.250504 0.239157 0.938111 0.414924 0.254922 -0.240939 0.936463 0.314041 -0.965273 -0.120621 0.231731 -0.487634 0.0571241 -0.963016 -0.263321 0.463488 
1535372331943 0.238999 0.924733 -0.296223 -0.575894 -0.938404 0.298363 0.17429 -0.215377 0.249554 0.236322 0.939082 0.409039 0.238077 -0.225528 0.944699 0.323601 -0.970794 -0.0849329 0.224377 -0.486845 0.0296326 -0.970527 -0.239162 0.460134 
1535372332754 0.240237 0.925325 -0.29336 -0.586229 -0.938341 0.298763 0.173944 -0.219873 0.248599 0.233484 0.940044 0.403154 0.221641 -0.209405 0.952379 0.333162 -0.975127 -0.0492835 0.216098 -0.486055 0.00168443 -0.976586 -0.21512 0.45678 
1535372333563 0.241473 0.925907 -0.290495 -0.596565 -0.938277 0.299164 0.173598 -0.224369 0.247642 0.230645 0.940998 0.397269 0.205641 -0.192596 0.959489 0.342722 -0.978264 -0.0137323 0.206908 -0.485266 -0.0266737 -0.981182 -0.191234 0.453426 
1535372334377 0.242705 0.92648 -0.287626 -0.606901 -0.938213 0.299566 0.173254 -0.228864 0.24668 0.227805 0.941942 0.391384 0.190104 -0.17513 0.966018 0.352282 -0.9802 0.0216613 0.196822 -0.484477 -0.0553946 -0.984307 -0.167544 0.450072 
1535372335304 0.243935 0.927044 -0.284754 -0.617238 -0.938147 0.299968 0.172912 -0.233361 0.245714 0.224962 0.942877 0.385499 0.175056 -0.157035 0.971954 0.361842 -0.980932 0.0568381 0.185856 -0.483687 -0.08443 -0.985956 -0.144091 0.446718 
1535372336210 0.24517 0.927593 -0.281893 -0.627486 -0.938079 0.300383 0.172563 -0.237815 0.244744 0.222131 0.9438 0.379631 0.160523 -0.138342 0.977289 0.371404 -0.980458 0.0917394 0.17403 -0.482902 -0.113732 -0.986126 -0.120912 0.443364 
1535372337088 0.246189 0.927248 -0.282139 -0.627219 -0.937766 0.301443 0.172414 -0.238077 0.24492 0.222134 0.943754 0.380121 0.160893 -0.138922 0.977146 0.371043 -0.980574 0.0900477 0.17426 -0.482874 -0.112198 -0.986201 -0.121735 0.443568 
1535372337095 0.24528 0.92677 -0.284491 -0.627599 -0.937667 0.301321 0.173164 -0.238311 0.246207 0.224284 0.94291 0.379937 0.159434 -0.136962 0.977662 0.372036 -0.980453 0.0936936 0.173015 -0.482799 -0.115297 -0.986135 -0.119347 0.443212 
1535372337329 0.244368 0.926286 -0.286841 -0.627984 -0.937567 0.301201 0.173916 -0.238548 0.247492 0.226433 0.942059 0.379753 0.15798 -0.134995 0.978171 0.373028 -0.980318 0.0973369 0.17176 -0.482723 -0.118399 -0.986054 -0.11696 0.442857 
1535372337567 0.243453 0.925797 -0.289189 -0.62837 -0.937465 0.301081 0.174667 -0.238785 0.248776 0.228581 0.941202 0.379568 0.156532 -0.133021 0.978674 0.374019 -0.980171 0.100977 0.170496 -0.482646 -0.121503 -0.985956 -0.114578 0.442501 
1535372337843 0.242534 0.925303 -0.291534 -0.628754 -0.937363 0.300964 0.175419 -0.239022 0.250057 0.230728 0.940338 0.379384 0.155091 -0.131042 0.97917 0.375012 -0.98001 0.104612 0.169224 -0.482569 -0.124609 -0.985842 -0.112198 0.442145 
1535372338131 0.241612 0.924803 -0.293876 -0.629139 -0.937259 0.300849 0.17617 -0.239259 0.251335 0.232873 0.939468 0.379199 0.153654 -0.129057 0.97966 0.376003 -0.979836 0.108244 0.167942 -0.482493 -0.127717 -0.985712 -0.109822 0.441789 
1535372338409 0.240687 0.924297 -0.296216 -0.629525 -0.937154 0.300735 0.176922 -0.239496 0.252611 0.235018 0.938592 0.379014 0.152224 -0.127066 0.980144 0.376995 -0.979649 0.111872 0.166651 -0.482416 -0.130827 -0.985565 -0.10745 0.441433 
1535372338684 0.239759 0.923786 -0.298554 -0.629909 -0.937048 0.300623 0.177674 -0.239732 0.253885 0.237161 0.937709 0.37883 0.150801 -0.125069 0.980621 0.377987 -0.979449 0.115497 0.165351 -0.48234 -0.133939 -0.985403 -0.105082 0.441077 
1535372338958 0.238828 0.92327 -0.300889 -0.630295 -0.93694 0.300512 0.178426 -0.239969 0.255156 0.239302 0.936819 0.378645 0.149383 -0.123066 0.981091 0.378979 -0.979235 0.119117 0.164042 -0.482263 -0.137052 -0.985224 -0.102716 0.440722 
1535372339229 0.237893 0.922748 -0.303222 -0.630679 -0.936832 0.300403 0.179178 -0.240206 0.256424 0.241443 0.935923 0.378461 0.147972 -0.121057 0.981555 0.379971 -0.979008 0.122733 0.162725 -0.482186 -0.140168 -0.985029 -0.100355 0.440366 
1535372339517 0.238373 0.923066 -0.301873 -0.630448 -0.936946 0.300375 0.178627 -0.240031 0.25556 0.240258 0.936464 0.378552 0.148199 -0.121642 0.981448 0.379653 -0.979138 0.121455 0.162904 -0.482254 -0.139018 -0.985115 -0.101105 0.440481 
1535372339530 0.238202 0.923261 -0.301411 -0.630925 -0.937002 0.300111 0.178777 -0.240275 0.255514 0.239838 0.936584 0.378365 0.151447 -0.121625 0.980954 0.379852 -0.979926 0.111693 0.165136 -0.48265 -0.129651 -0.986272 -0.102268 0.44076 
1535372339875 0.23803 0.923456 -0.300948 -0.631407 -0.937058 0.299847 0.178927 -0.240521 0.25547 0.239416 0.936705 0.378178 0.154693 -0.121575 0.980454 0.380052 -0.980614 0.10192 0.167356 -0.483049 -0.120274 -0.987336 -0.103452 0.441039 
1535372340249 0.237859 0.923651 -0.300486 -0.631888 -0.937113 0.299583 0.179077 -0.240766 0.255425 0.238994 0.936824 0.377991 0.157938 -0.121493 0.979946 0.380252 -0.981203 0.0921378 0.169564 -0.483448 -0.110891 -0.988307 -0.104657 0.441318 
1535372340612 0.237687 0.923846 -0.300023 -0.63237 -0.937169 0.299319 0.179226 -0.241012 0.25538 0.238572 0.936944 0.377803 0.161182 -0.121378 0.979432 0.380453 -0.981691 0.0823469 0.171758 -0.483847 -0.101501 -0.989185 -0.105883 0.441597 
1535372340984 0.237515 0.92404 -0.29956 -0.632852 -0.937225 0.299055 0.179376 -0.241258 0.255335 0.23815 0.937064 0.377616 0.164423 -0.121231 0.978912 0.380653 -0.98208 0.0725485 0.17394 -0.484246 -0.0921055 -0.98997 -0.10713 0.441876 
1535372341362 0.237343 0.924235 -0.299097 -0.633333 -0.937281 0.298791 0.179525 -0.241504 0.255291 0.237728 0.937183 0.377429 0.167661 -0.121052 0.978385 0.380853 -0.982369 0.0627436 0.176107 -0.484644 -0.0827055 -0.990661 -0.108398 0.442155 
1535372341749 0.237171 0.924428 -0.298633 -0.633815 -0.937336 0.298526 0.179675 -0.24175 0.255246 0.237306 0.937302 0.377241 0.170897 -0.120841 0.977851 0.381053 -0.982558 0.0529331 0.178261 -0.485043 -0.0733019 -0.99126 -0.109687 0.442435 
1535372342120 0.236999 0.924622 -0.29817 -0.634296 -0.937392 0.298262 0.179824 -0.241996 0.255202 0.236884 0.937421 0.377054 0.174128 -0.120597 0.977311 0.381253 -0.982648 0.0431184 0.180399 -0.485442 -0.0638957 -0.991765 -0.110997 0.442714 
1535372342516 0.236827 0.924816 -0.297706 -0.634779 -0.937447 0.297997 0.179973 -0.242242 0.255157 0.236462 0.93754 0.376866 0.177357 -0.120322 0.976764 0.381453 -0.982637 0.0332999 0.182525 -0.485841 -0.0544879 -0.992176 -0.112326 0.442993 
1535372342939 0.237141 0.924703 -0.297807 -0.634555 -0.937381 0.298302 0.179812 -0.242271 0.255109 0.236518 0.937539 0.377026 0.17678 -0.120352 0.976864 0.381391 -0.982659 0.0348269 0.182119 -0.485745 -0.0559396 -0.99212 -0.112109 0.442953 
1535372342953 0.236934 0.925016 -0.296998 -0.634781 -0.93753 0.297859 0.179769 -0.24242 0.254753 0.235852 0.937803 0.376934 0.177392 -0.12105 0.976667 0.381378 -0.982606 0.0336067 0.182636 -0.485865 -0.0549306 -0.992077 -0.112983 0.443108 
1535372342973 0.236725 0.925329 -0.296188 -0.635011 -0.93768 0.297414 0.179727 -0.242571 0.254397 0.235184 0.938068 0.376842 0.178005 -0.121749 0.976469 0.381366 -0.982551 0.032386 0.183152 -0.485986 -0.0539223 -0.992032 -0.113859 0.443263 
1535372343192 0.236516 0.925641 -0.295378 -0.63524 -0.937829 0.296969 0.179684 -0.242722 0.254041 0.234516 0.938331 0.376749 0.178619 -0.122446 0.97627 0.381353 -0.982494 0.0311648 0.183667 -0.486108 -0.0529145 -0.991986 -0.114736 0.443418 
1535372343370 0.236307 0.925953 -0.294568 -0.63547 -0.937978 0.296524 0.179641 -0.242873 0.253685 0.233848 0.938594 0.376657 0.179234 -0.123143 0.976069 0.381341 -0.982436 0.0299433 0.18418 -0.486229 -0.0519072 -0.991937 -0.115613 0.443573 
1535372343576 0.236097 0.926264 -0.293757 -0.635701 -0.938127 0.296079 0.179598 -0.243025 0.25333 0.233179 0.938857 0.376564 0.179848 -0.123839 0.975868 0.381328 -0.982377 0.0287213 0.184693 -0.48635 -0.0509003 -0.991887 -0.116491 0.443727 
1535372343767 0.235887 0.926574 -0.292946 -0.63593 -0.938276 0.295634 0.179554 -0.243176 0.252975 0.23251 0.939118 0.376472 0.180465 -0.124534 0.975666 0.381316 -0.982315 0.0274989 0.185204 -0.486471 -0.049894 -0.991834 -0.117369 0.443882 
1535372343964 0.235676 0.926884 -0.292135 -0.636161 -0.938424 0.295188 0.179509 -0.243327 0.252619 0.231841 0.939379 0.376379 0.181081 -0.125228 0.975463 0.381303 -0.982252 0.0262762 0.185714 -0.486592 -0.0488881 -0.99178 -0.118247 0.444037 
1535372344166 0.235466 0.927193 -0.291324 -0.63639 -0.938573 0.294743 0.179465 -0.243478 0.252264 0.231171 0.93964 0.376287 0.181698 -0.125921 0.975259 0.381291 -0.982188 0.0250531 0.186224 -0.486713 -0.0478827 -0.991724 -0.119126 0.444192 
1535372344358 0.235254 0.927501 -0.290512 -0.636621 -0.938721 0.294298 0.17942 -0.24363 0.251909 0.230501 0.9399 0.376194 0.182316 -0.126614 0.975054 0.381278 -0.982122 0.0238295 0.186732 -0.486834 -0.0468778 -0.991666 -0.120006 0.444347 
1535372344548 0.235335 0.927324 -0.291011 -0.636486 -0.938633 0.294534 0.179495 -0.243539 0.252163 0.230911 0.939731 0.376268 0.181807 -0.126184 0.975205 0.381273 -0.982181 0.0247083 0.186305 -0.486775 -0.0476043 -0.991699 -0.119443 0.444214 
1535372344568 0.235317 0.927584 -0.290196 -0.636622 -0.938818 0.294193 0.179084 -0.243638 0.251489 0.2303 0.940061 0.376172 0.181551 -0.126802 0.975172 0.381258 -0.982212 0.0249756 0.186109 -0.48681 -0.0479545 -0.991614 -0.120012 0.444302 
1535372344583 0.235297 0.927844 -0.289379 -0.636762 -0.939003 0.293852 0.178673 -0.24374 0.250815 0.229687 0.940391 0.376075 0.181293 -0.12742 0.975139 0.381243 -0.982242 0.0252428 0.185912 -0.486845 -0.0483041 -0.991528 -0.120581 0.444389 
1535372344757 0.235277 0.928104 -0.288563 -0.636902 -0.939188 0.293512 0.178261 -0.243841 0.250141 0.229074 0.94072 0.375978 0.181036 -0.128037 0.975106 0.381228 -0.982272 0.02551 0.185716 -0.48688 -0.0486536 -0.991441 -0.121149 0.444477 
1535372344910 0.235257 0.928362 -0.287746 -0.637043 -0.939372 0.293171 0.177849 -0.243943 0.249467 0.22846 0.941049 0.375881 0.180779 -0.128655 0.975073 0.381213 -0.982302 0.0257774 0.18552 -0.486915 -0.049003 -0.991354 -0.121718 0.444564 
1535372345011 0.235236 0.928621 -0.286928 -0.637184 -0.939557 0.292831 0.177436 -0.244044 0.248792 0.227846 0.941376 0.375784 0.180521 -0.129273 0.975039 0.381199 -0.982332 0.0260449 0.185324 -0.48695 -0.0493522 -0.991267 -0.122287 0.444652 
1535372345150 0.235214 0.928878 -0.286111 -0.637323 -0.93974 0.292491 0.177023 -0.244145 0.248118 0.227232 0.941702 0.375688 0.180262 -0.12989 0.975005 0.381184 -0.982362 0.0263127 0.185128 -0.486985 -0.0497012 -0.991179 -0.122856 0.444739 
1535372345290 0.235191 0.929135 -0.285294 -0.637465 -0.939924 0.292151 0.17661 -0.244247 0.247443 0.226617 0.942028 0.375591 0.180004 -0.130507 0.97497 0.381169 -0.982392 0.0265804 0.184932 -0.48702 -0.0500501 -0.991091 -0.123425 0.444827 
1535372345415 0.235169 0.929392 -0.284476 -0.637604 -0.940107 0.291812 0.176196 -0.244348 0.246769 0.226002 0.942353 0.375494 0.179745 -0.131124 0.974935 0.381154 -0.982421 0.0268483 0.184737 -0.487055 -0.0503988 -0.991002 -0.123993 0.444914 
1535372345548 0.235145 0.929648 -0.283658 -0.637746 -0.94029 0.291472 0.175782 -0.24445 0.246094 0.225386 0.942676 0.375397 0.179486 -0.131741 0.974899 0.381139 -0.982451 0.0271164 0.184541 -0.48709 -0.0507474 -0.990913 -0.124562 0.445002 
1535372345690 0.235153 0.929402 -0.284456 -0.637608 -0.94011 0.291793 0.176208 -0.244393 0.246771 0.225985 0.942356 0.375465 0.179889 -0.131022 0.974922 0.381178 -0.982393 0.0268917 0.184882 -0.48702 -0.0504409 -0.991015 -0.123878 0.444807 
1535372345701 0.235445 0.929402 -0.284214 -0.637615 -0.940071 0.291995 0.176083 -0.244397 0.246641 0.225723 0.942453 0.375431 0.179934 -0.131615 0.974834 0.381193 -0.982436 0.0257465 0.184813 -0.48708 -0.0494227 -0.990967 -0.124671 0.444918 
1535372345720 0.235737 0.929402 -0.28397 -0.637623 -0.940032 0.292196 0.175958 -0.244402 0.24651 0.225462 0.94255 0.375396 0.179978 -0.132207 0.974746 0.381209 -0.982479 0.0246018 0.184743 -0.487142 -0.0484048 -0.990917 -0.125463 0.445029 
1535372345735 0.236029 0.929403 -0.283727 -0.637632 -0.939993 0.292396 0.175832 -0.244407 0.24638 0.2252 0.942646 0.375361 0.180024 -0.132798 0.974657 0.381225 -0.98252 0.0234571 0.184673 -0.487205 -0.0473868 -0.990865 -0.126254 0.44514 
1535372345901 0.236321 0.929403 -0.283484 -0.63764 -0.939954 0.292597 0.175707 -0.244412 0.246249 0.224939 0.942743 0.375327 0.180071 -0.13339 0.974567 0.381242 -0.98256 0.0223123 0.184601 -0.487269 -0.0463689 -0.990812 -0.127046 0.445252 
1535372345950 0.236613 0.929403 -0.283241 -0.637648 -0.939915 0.292798 0.175581 -0.244417 0.246118 0.224678 0.942839 0.375292 0.180117 -0.133982 0.974478 0.381258 -0.982599 0.0211677 0.184529 -0.487331 -0.0453509 -0.990758 -0.127838 0.445363 
1535372346091 0.236904 0.929402 -0.282997 -0.637657 -0.939876 0.292999 0.175456 -0.244422 0.245987 0.224416 0.942936 0.375257 0.180165 -0.134573 0.974387 0.381274 -0.982637 0.020023 0.184456 -0.487396 -0.0443329 -0.990701 -0.128629 0.445474 
1535372346152 0.237196 0.929402 -0.282754 -0.637666 -0.939837 0.2932 0.175331 -0.244427 0.245856 0.224155 0.943032 0.375223 0.180213 -0.135164 0.974297 0.38129 -0.982673 0.0188783 0.184381 -0.487458 -0.0433149 -0.990643 -0.12942 0.445586 
1535372346291 0.237487 0.929402 -0.28251 -0.637675 -0.939797 0.293401 0.175206 -0.244433 0.245725 0.223893 0.943128 0.375188 0.180262 -0.135755 0.974205 0.381307 -0.982709 0.0177337 0.184307 -0.487523 -0.0422969 -0.990584 -0.130211 0.445697 
1535372346346 0.237779 0.929401 -0.282266 -0.637683 -0.939758 0.293602 0.175081 -0.244438 0.245594 0.223632 0.943225 0.375153 0.180311 -0.136346 0.974114 0.381323 -0.982743 0.0165891 0.18423 -0.487586 -0.0412788 -0.990522 -0.131002 0.445808 
1535372346497 0.237125 0.929425 -0.282739 -0.637677 -0.939882 0.293105 0.175246 -0.244369 0.24575 0.224186 0.943052 0.375176 0.180323 -0.135446 0.974237 0.381328 -0.982677 0.0182624 0.184425 -0.487449 -0.0427715 -0.990616 -0.129807 0.445642 
1535372346514 0.237715 0.929363 -0.282447 -0.637499 -0.939798 0.293553 0.174947 -0.244274 0.245502 0.223855 0.943195 0.375195 0.180574 -0.135277 0.974214 0.38136 -0.982666 0.0174472 0.184563 -0.487587 -0.0419644 -0.990654 -0.129782 0.445599 
1535372346640 0.238305 0.9293 -0.282155 -0.637316 -0.939713 0.294002 0.174648 -0.244177 0.245255 0.223525 0.943338 0.375215 0.180824 -0.135107 0.974191 0.381393 -0.982654 0.0166321 0.184701 -0.487726 -0.0411573 -0.990691 -0.129756 0.445556 
1535372346771 0.238895 0.929238 -0.281863 -0.637133 -0.939628 0.294451 0.17435 -0.244081 0.245008 0.223195 0.94348 0.375236 0.181073 -0.134938 0.974169 0.381425 -0.982642 0.015817 0.184839 -0.487865 -0.0403502 -0.990728 -0.129731 0.445513 
1535372346896 0.239484 0.929174 -0.281571 -0.63695 -0.939542 0.2949 0.174052 -0.243984 0.24476 0.222865 0.943623 0.375256 0.181322 -0.134768 0.974146 0.381458 -0.982628 0.0150019 0.184977 -0.488005 -0.039543 -0.990764 -0.129706 0.44547 
1535372347023 0.240074 0.929111 -0.281279 -0.636766 -0.939457 0.295349 0.173754 -0.243886 0.244512 0.222535 0.943765 0.375276 0.181571 -0.134598 0.974123 0.38149 -0.982615 0.0141869 0.185114 -0.488144 -0.0387358 -0.990799 -0.129682 0.445427 
1535372347133 0.240663 0.929047 -0.280986 -0.636582 -0.93937 0.295798 0.173456 -0.243789 0.244264 0.222206 0.943907 0.375296 0.181821 -0.134427 0.9741 0.381523 -0.9826 0.0133719 0.185253 -0.488284 -0.0379285 -0.990833 -0.129657 0.445385 
1535372347257 0.241252 0.928983 -0.280693 -0.6364 -0.939284 0.296247 0.173158 -0.243692 0.244015 0.221876 0.944049 0.375316 0.182069 -0.134257 0.974077 0.381555 -0.982585 0.0125569 0.18539 -0.488423 -0.0371213 -0.990867 -0.129632 0.445342 
1535372347384 0.241841 0.928918 -0.2804 -0.636217 -0.939197 0.296696 0.17286 -0.243596 0.243767 0.221546 0.94419 0.375337 0.182318 -0.134086 0.974054 0.381588 -0.982569 0.0117419 0.185528 -0.488562 -0.0363139 -0.9909 -0.129608 0.445299 
1535372347495 0.24243 0.928853 -0.280107 -0.636033 -0.93911 0.297145 0.172563 -0.243498 0.243518 0.221217 0.944332 0.375357 0.182567 -0.133915 0.974031 0.38162 -0.982552 0.0109269 0.185666 -0.488701 -0.0355066 -0.990933 -0.129583 0.445256 
1535372347653 0.241886 0.928888 -0.280459 -0.636189 -0.939223 0.296716 0.172685 -0.243626 0.243622 0.221644 0.944205 0.375277 0.182247 -0.134181 0.974054 0.381585 -0.982577 0.0118821 0.185478 -0.488505 -0.0364614 -0.990886 -0.129677 0.445292 
1535372347664 0.242051 0.928868 -0.280385 -0.635842 -0.939163 0.296875 0.172736 -0.243508 0.243688 0.221516 0.944218 0.375389 0.18278 -0.134326 0.973934 0.381624 -0.982491 0.0114226 0.185961 -0.488675 -0.0361043 -0.990871 -0.129886 0.445255 
1535372347713 0.242216 0.928848 -0.28031 -0.635488 -0.939104 0.297034 0.172786 -0.243386 0.243754 0.221389 0.94423 0.375503 0.183315 -0.13447 0.973814 0.381664 -0.982404 0.0109629 0.186445 -0.488848 -0.0357471 -0.990857 -0.130094 0.445218 
1535372347896 0.242381 0.928827 -0.280236 -0.635136 -0.939044 0.297193 0.172837 -0.243266 0.24382 0.221261 0.944243 0.375616 0.183849 -0.134614 0.973693 0.381703 -0.982317 0.0105031 0.186929 -0.48902 -0.0353901 -0.990842 -0.130302 0.445181 
1535372348079 0.242545 0.928807 -0.280161 -0.634783 -0.938984 0.297352 0.172888 -0.243145 0.243886 0.221134 0.944256 0.375729 0.184384 -0.134757 0.973572 0.381743 -0.98223 0.0100433 0.187413 -0.489192 -0.0350331 -0.990828 -0.130511 0.445144 
1535372348257 0.24271 0.928786 -0.280087 -0.63443 -0.938925 0.297511 0.172939 -0.243024 0.243952 0.221006 0.944269 0.375842 0.184918 -0.1349 0.973451 0.381782 -0.982142 0.00958336 0.187897 -0.489364 -0.0346763 -0.990813 -0.130719 0.445106 
1535372348428 0.242875 0.928765 -0.280012 -0.634078 -0.938865 0.29767 0.172989 -0.242904 0.244018 0.220879 0.944282 0.375955 0.185453 -0.135044 0.97333 0.381822 -0.982054 0.00912331 0.188381 -0.489536 -0.0343196 -0.990798 -0.130928 0.445069 
1535372348605 0.24304 0.928745 -0.279937 -0.633725 -0.938805 0.297829 0.17304 -0.242782 0.244084 0.220751 0.944295 0.376069 0.185987 -0.135186 0.973208 0.381861 -0.981965 0.00866327 0.188864 -0.489708 -0.033963 -0.990782 -0.131137 0.445032 
1535372348782 0.243204 0.928724 -0.279863 -0.633373 -0.938745 0.297988 0.173091 -0.242662 0.244149 0.220623 0.944307 0.376182 0.186522 -0.135329 0.973086 0.381901 -0.981876 0.00820314 0.189347 -0.48988 -0.0336065 -0.990767 -0.131346 0.444995 
1535372348971 0.243369 0.928703 -0.279788 -0.633021 -0.938685 0.298147 0.173142 -0.242541 0.244215 0.220496 0.94432 0.376295 0.187056 -0.135471 0.972963 0.38194 -0.981786 0.00774286 0.189831 -0.490051 -0.0332501 -0.990751 -0.131555 0.444958 
1535372349161 0.243243 0.928717 -0.279854 -0.633242 -0.938739 0.298019 0.173069 -0.242611 0.244134 0.220612 0.944314 0.376212 0.186451 -0.135275 0.973107 0.381906 -0.981897 0.00800545 0.189248 -0.489956 -0.0333906 -0.990776 -0.131333 0.445015 
1535372349178 0.243251 0.928691 -0.279932 -0.632773 -0.938668 0.298105 0.173311 -0.242452 0.244402 0.220605 0.944246 0.376347 0.186828 -0.135192 0.973046 0.381962 -0.981809 0.00843583 0.189682 -0.490095 -0.033852 -0.990784 -0.131157 0.444925 
1535372349371 0.243261 0.928665 -0.28001 -0.632298 -0.938595 0.298192 0.173553 -0.242291 0.244669 0.220597 0.944179 0.376482 0.187205 -0.135109 0.972985 0.382018 -0.981721 0.00886694 0.190117 -0.490235 -0.034314 -0.990791 -0.13098 0.444836 
1535372349580 0.243271 0.928639 -0.280088 -0.631822 -0.938523 0.298279 0.173794 -0.242129 0.244936 0.22059 0.944111 0.376618 0.187583 -0.135027 0.972924 0.382074 -0.981633 0.00929805 0.190553 -0.490375 -0.034776 -0.990798 -0.130802 0.444746 
1535372349779 0.243281 0.928612 -0.280166 -0.631348 -0.938451 0.298366 0.174035 -0.241967 0.245203 0.220583 0.944044 0.376754 0.187961 -0.134944 0.972862 0.382131 -0.981544 0.00972917 0.190988 -0.490515 -0.0352379 -0.990805 -0.130625 0.444657 
1535372349986 0.243292 0.928586 -0.280244 -0.630874 -0.938378 0.298453 0.174276 -0.241806 0.24547 0.220575 0.943976 0.376889 0.188339 -0.134862 0.9728 0.382187 -0.981455 0.0101603 0.191423 -0.490655 -0.0356997 -0.990812 -0.130447 0.444567 
1535372350197 0.243302 0.92856 -0.280323 -0.630399 -0.938306 0.29854 0.174517 -0.241645 0.245737 0.220568 0.943908 0.377025 0.188717 -0.13478 0.972739 0.382243 -0.981366 0.0105915 0.191858 -0.490795 -0.0361614 -0.990819 -0.13027 0.444477 
1535372350399 0.243312 0.928534 -0.280401 -0.629925 -0.938233 0.298627 0.174758 -0.241484 0.246004 0.22056 0.943841 0.37716 0.189095 -0.134698 0.972677 0.382299 -0.981276 0.0110228 0.192293 -0.490935 -0.0366231 -0.990825 -0.130092 0.444388 
1535372350607 0.243322 0.928507 -0.280479 -0.629449 -0.93816 0.298714 0.174999 -0.241322 0.246271 0.220553 0.943773 0.377296 0.189473 -0.134616 0.972614 0.382355 -0.981185 0.011454 0.192728 -0.491075 -0.0370847 -0.990832 -0.129913 0.444298 
1535372350825 0.243332 0.928481 -0.280557 -0.628975 -0.938088 0.298801 0.17524 -0.241161 0.246538 0.220546 0.943705 0.377432 0.189851 -0.134535 0.972552 0.382412 -0.981095 0.0118854 0.193162 -0.491215 -0.0375462 -0.990838 -0.129735 0.444209 
1535372351053 0.24308 0.92856 -0.280515 -0.629271 -0.938174 0.298534 0.175233 -0.241053 0.246458 0.220577 0.943718 0.377393 0.189533 -0.134793 0.972578 0.382376 -0.981177 0.0113247 0.192778 -0.491 -0.0369993 -0.990809 -0.130109 0.44428 
1535372351070 0.243102 0.928489 -0.28073 -0.628889 -0.93807 0.298683 0.175534 -0.240909 0.246831 0.220672 0.943599 0.377519 0.190578 -0.133909 0.972496 0.382439 -0.981103 0.00773079 0.193329 -0.491153 -0.0334068 -0.990963 -0.129905 0.444193 
1535372351337 0.243123 0.928419 -0.280944 -0.628502 -0.937967 0.298832 0.175834 -0.240763 0.247202 0.220767 0.943479 0.377646 0.19162 -0.133021 0.972413 0.382503 -0.981016 0.00413749 0.193881 -0.491307 -0.0298137 -0.991105 -0.129703 0.444105 
1535372351609 0.243145 0.928348 -0.281158 -0.628116 -0.937863 0.29898 0.176134 -0.240618 0.247574 0.220862 0.943359 0.377773 0.192658 -0.13213 0.97233 0.382567 -0.980916 0.000544645 0.194433 -0.491461 -0.02622 -0.991232 -0.129503 0.444018 
1535372351884 0.243166 0.928278 -0.281373 -0.627729 -0.93776 0.299129 0.176433 -0.240472 0.247946 0.220958 0.943239 0.377901 0.193693 -0.131234 0.972245 0.382631 -0.980801 -0.00304771 0.194986 -0.491616 -0.0226257 -0.991347 -0.129305 0.443931 
1535372352139 0.243187 0.928207 -0.281587 -0.627343 -0.937656 0.299278 0.176733 -0.240326 0.248318 0.221053 0.943119 0.378027 0.194724 -0.130335 0.97216 0.382695 -0.980673 -0.00663948 0.195539 -0.49177 -0.0190309 -0.991448 -0.129109 0.443843 
1535372352406 0.243209 0.928136 -0.281802 -0.626956 -0.937552 0.299427 0.177033 -0.24018 0.248689 0.221148 0.942999 0.378155 0.195752 -0.129432 0.972074 0.382759 -0.980532 -0.0102307 0.196093 -0.491924 -0.0154357 -0.991536 -0.128914 0.443756 
1535372352664 0.24323 0.928066 -0.282016 -0.62657 -0.937448 0.299575 0.177332 -0.240034 0.249061 0.221243 0.942879 0.378282 0.196777 -0.128525 0.971988 0.382823 -0.980377 -0.0138212 0.196648 -0.492078 -0.01184 -0.99161 -0.128722 0.443669 
1535372352949 0.243251 0.927995 -0.282231 -0.626183 -0.937343 0.299724 0.177632 -0.239888 0.249433 0.221338 0.942758 0.378409 0.197798 -0.127614 0.971901 0.382887 -0.980208 -0.017411 0.197202 -0.492233 -0.00824401 -0.991671 -0.128532 0.443581 
1535372353208 0.243272 0.927924 -0.282445 -0.625796 -0.937239 0.299873 0.177931 -0.239742 0.249804 0.221433 0.942637 0.378536 0.198816 -0.126699 0.971812 0.382951 -0.980026 -0.0210002 0.197759 -0.492387 -0.00464768 -0.991719 -0.128344 0.443494 
1535372353479 0.243065 0.928009 -0.282344 -0.626049 -0.937346 0.299609 0.177811 -0.239702 0.249603 0.221435 0.94269 0.378436 0.198608 -0.127125 0.971799 0.382954 -0.980063 -0.020046 0.197674 -0.492294 -0.00564867 -0.991684 -0.128572 0.443514 
1535372353490 0.243129 0.927846 -0.282825 -0.62571 -0.937252 0.29983 0.177933 -0.239581 0.249894 0.221817 0.942523 0.378562 0.198623 -0.125772 0.971972 0.382953 -0.980064 -0.0206621 0.197603 -0.492364 -0.00476983 -0.991844 -0.127368 0.443326 
1535372353523 0.243192 0.927683 -0.283307 -0.625363 -0.937158 0.300052 0.178053 -0.239456 0.250183 0.222202 0.942356 0.37869 0.198637 -0.124418 0.972144 0.382952 -0.980065 -0.0212783 0.197532 -0.492435 -0.00389097 -0.992002 -0.126165 0.443138 
1535372353739 0.243255 0.927519 -0.283788 -0.625019 -0.937065 0.300273 0.178173 -0.239333 0.250473 0.222586 0.942188 0.378818 0.19865 -0.123065 0.972313 0.382951 -0.980066 -0.0218948 0.197463 -0.492505 -0.00301208 -0.992157 -0.124961 0.44295 
1535372353962 0.243318 0.927355 -0.28427 -0.624674 -0.936971 0.300495 0.178294 -0.239209 0.250763 0.222971 0.94202 0.378945 0.198662 -0.121711 0.972481 0.38295 -0.980066 -0.0225112 0.197394 -0.492576 -0.00213317 -0.99231 -0.123757 0.442762 
1535372354161 0.243381 0.927191 -0.284752 -0.62433 -0.936877 0.300716 0.178414 -0.239085 0.251053 0.223355 0.941852 0.379073 0.198672 -0.120357 0.972648 0.382948 -0.980065 -0.0231278 0.197326 -0.492646 -0.00125426 -0.992461 -0.122552 0.442574 
1535372354361 0.243444 0.927026 -0.285233 -0.623985 -0.936783 0.300938 0.178534 -0.238961 0.251343 0.223739 0.941683 0.3792 0.198682 -0.119002 0.972812 0.382947 -0.980064 -0.0237445 0.197259 -0.492717 -0.000375325 -0.99261 -0.121347 0.442387 
1535372354563 0.243506 0.926861 -0.285715 -0.62364 -0.936689 0.30116 0.178654 -0.238838 0.251633 0.224123 0.941515 0.379328 0.19869 -0.117648 0.972975 0.382946 -0.980062 -0.0243612 0.197192 -0.492787 0.000503609 -0.992757 -0.120143 0.442199 
1535372354770 0.243568 0.926696 -0.286196 -0.623295 -0.936595 0.301381 0.178773 -0.238714 0.251923 0.224506 0.941346 0.379455 0.198698 -0.116293 0.973137 0.382945 -0.98006 -0.0249781 0.197127 -0.492858 0.00138258 -0.992901 -0.118937 0.442011 
1535372354975 0.24363 0.926531 -0.286678 -0.62295 -0.9365 0.301603 0.178893 -0.23859 0.252213 0.22489 0.941177 0.379583 0.198704 -0.114938 0.973297 0.382944 -0.980057 -0.0255949 0.197061 -0.492928 0.00226152 -0.993043 -0.117732 0.441823 
1535372355186 0.243613 0.926637 -0.286352 -0.623154 -0.936561 0.301474 0.178794 -0.238641 0.252005 0.224629 0.941295 0.379531 0.198751 -0.115821 0.973182 0.382985 -0.980048 -0.0255048 0.197118 -0.492835 0.00199048 -0.992943 -0.118579 0.441967 
1535372355201 0.243674 0.926582 -0.286475 -0.6229 -0.936486 0.301608 0.178959 -0.238548 0.252223 0.224672 0.941226 0.379616 0.199192 -0.116036 0.973066 0.383016 -0.979958 -0.0257209 0.197536 -0.492968 0.00210691 -0.992912 -0.118834 0.442012 
1535372355377 0.243736 0.926528 -0.286598 -0.622641 -0.936411 0.301743 0.179123 -0.238452 0.252441 0.224715 0.941157 0.379703 0.199634 -0.116251 0.97295 0.383048 -0.979868 -0.0259364 0.197955 -0.493103 0.00222232 -0.992881 -0.119089 0.442058 
1535372355509 0.243797 0.926474 -0.286722 -0.622382 -0.936337 0.301878 0.179287 -0.238357 0.25266 0.224758 0.941088 0.379789 0.200076 -0.116467 0.972833 0.38308 -0.979778 -0.026152 0.198374 -0.493238 0.00233761 -0.99285 -0.119344 0.442104 
1535372355645 0.243858 0.926419 -0.286845 -0.622123 -0.936262 0.302012 0.179451 -0.238261 0.252878 0.224802 0.941019 0.379875 0.200519 -0.116682 0.972717 0.383112 -0.979687 -0.0263677 0.198793 -0.493373 0.0024528 -0.992819 -0.119599 0.44215 
1535372355780 0.24392 0.926365 -0.286969 -0.621863 -0.936187 0.302147 0.179615 -0.238165 0.253096 0.224845 0.94095 0.379962 0.200961 -0.116897 0.972599 0.383144 -0.979596 -0.0265835 0.199212 -0.493509 0.00256786 -0.992788 -0.119854 0.442195 
1535372355924 0.243981 0.92631 -0.287093 -0.621605 -0.936112 0.302282 0.179779 -0.23807 0.253314 0.224888 0.940881 0.380048 0.201403 -0.117112 0.972482 0.383175 -0.979505 -0.0267994 0.19963 -0.493643 0.0026828 -0.992757 -0.120109 0.442241 
1535372356073 0.244043 0.926256 -0.287216 -0.621345 -0.936037 0.302417 0.179943 -0.237974 0.253533 0.224931 0.940812 0.380134 0.201845 -0.117327 0.972365 0.383207 -0.979413 -0.0270153 0.200049 -0.493779 0.00279763 -0.992726 -0.120365 0.442287 
1535372356230 0.244104 0.926201 -0.28734 -0.621087 -0.935961 0.302552 0.180107 -0.237879 0.253751 0.224974 0.940743 0.38022 0.202287 -0.117542 0.972247 0.383239 -0.979322 -0.0272314 0.200467 -0.493914 0.00291234 -0.992694 -0.12062 0.442332 
1535372356365 0.244165 0.926147 -0.287463 -0.620828 -0.935886 0.302686 0.180271 -0.237783 0.253969 0.225017 0.940674 0.380307 0.202729 -0.117757 0.972129 0.383271 -0.97923 -0.0274475 0.200885 -0.494048 0.00302693 -0.992663 -0.120875 0.442378 
1535372356530 0.244202 0.926152 -0.287415 -0.621019 -0.935927 0.302667 0.180091 -0.237935 0.253783 0.225021 0.940723 0.38022 0.202329 -0.117617 0.972229 0.383252 -0.979314 -0.0270717 0.200528 -0.493875 0.00273439 -0.99269 -0.120661 0.442267 
1535372356548 0.244247 0.926154 -0.28737 -0.620821 -0.935921 0.302697 0.180076 -0.237829 0.253764 0.224973 0.94074 0.380272 0.202679 -0.117122 0.972216 0.383252 -0.979232 -0.0294293 0.200597 -0.493961 0.00511731 -0.992681 -0.120654 0.442262 
1535372356749 0.244293 0.926156 -0.287327 -0.620619 -0.935914 0.302728 0.180059 -0.237721 0.253745 0.224926 0.940756 0.380326 0.20303 -0.116627 0.972202 0.383254 -0.979144 -0.031787 0.200666 -0.494049 0.0075003 -0.992667 -0.120648 0.442258 
1535372356954 0.244339 0.926157 -0.287283 -0.620416 -0.935907 0.302758 0.180043 -0.237613 0.253725 0.224879 0.940773 0.380379 0.203379 -0.116131 0.972189 0.383255 -0.97905 -0.0341444 0.200735 -0.494137 0.00988324 -0.992647 -0.120642 0.442253 
1535372357154 0.244384 0.926159 -0.28724 -0.620213 -0.9359 0.302789 0.180026 -0.237505 0.253706 0.224832 0.940789 0.380432 0.203727 -0.115634 0.972175 0.383257 -0.978951 -0.0365016 0.200805 -0.494225 0.0122661 -0.992621 -0.120636 0.442248 
1535372357363 0.24443 0.92616 -0.287196 -0.62001 -0.935894 0.302819 0.18001 -0.237397 0.253687 0.224785 0.940805 0.380486 0.204074 -0.115136 0.972161 0.383258 -0.978846 -0.0388587 0.200875 -0.494313 0.014649 -0.992589 -0.12063 0.442244 
1535372357567 0.244476 0.926161 -0.287153 -0.619808 -0.935887 0.30285 0.179994 -0.237289 0.253667 0.224738 0.940822 0.380539 0.204419 -0.114637 0.972148 0.383259 -0.978735 -0.0412152 0.200944 -0.494401 0.0170317 -0.992552 -0.120625 0.442239 
1535372357771 0.244522 0.926163 -0.28711 -0.619604 -0.93588 0.30288 0.179977 -0.23718 0.253648 0.224692 0.940838 0.380592 0.204764 -0.114138 0.972134 0.383261 -0.978619 -0.0435718 0.201014 -0.49449 0.0194143 -0.992509 -0.120619 0.442235 
1535372357967 0.244568 0.926164 -0.287066 -0.619402 -0.935873 0.302911 0.179961 -0.237073 0.253629 0.224645 0.940855 0.380645 0.205106 -0.113638 0.97212 0.383262 -0.978497 -0.0459278 0.201083 -0.494578 0.0217968 -0.99246 -0.120614 0.44223 
1535372358193 0.244614 0.926165 -0.287023 -0.619199 -0.935867 0.302941 0.179944 -0.236964 0.253609 0.224598 0.940871 0.380699 0.205448 -0.113136 0.972107 0.383263 -0.978369 -0.0482837 0.201153 -0.494666 0.0241792 -0.992406 -0.120609 0.442225 
