1535391602490 0.393291 0.917356 0.061487 -0.575346 -0.909718 0.378585 0.170545 -0.21416 0.133172 -0.123009 0.98343 0.383019 -0.208628 -0.492769 0.84478 0.269215 -0.885927 -0.270657 -0.376667 -0.407712 0.414256 -0.826996 -0.380091 0.479225 
1535391602507 0.404166 0.905655 0.128211 -0.585508 -0.908522 0.381235 0.17102 -0.213821 0.106007 -0.185603 0.97689 0.371975 -0.15758 -0.543367 0.824573 0.295802 -0.918266 -0.226532 -0.324762 -0.414999 0.363257 -0.808354 -0.463258 0.487721 
1535391602525 0.413151 0.889687 0.194329 -0.59567 -0.907302 0.383831 0.171689 -0.213482 0.0781603 -0.247248 0.965795 0.360932 -0.109498 -0.593561 0.797305 0.322379 -0.945492 -0.18529 -0.267791 -0.422296 0.306683 -0.783168 -0.540919 0.496229 
1535391605149 0.420204 0.869525 0.259529 -0.605827 -0.906064 0.386361 0.172548 -0.213142 0.0497633 -0.307655 0.950196 0.349889 -0.064899 -0.642823 0.763261 0.348956 -0.967314 -0.147368 -0.206363 -0.429592 0.245135 -0.751706 -0.612248 0.504736 
1535391606578 0.425291 0.845265 0.323504 -0.615988 -0.904814 0.388814 0.173594 -0.212803 0.0209498 -0.366539 0.930167 0.338846 -0.0242501 -0.690631 0.722801 0.375534 -0.983503 -0.113165 -0.141125 -0.436893 0.179261 -0.714299 -0.676493 0.513245 
