1533553245723 0.102177 0.943373 -0.315606 -0.603799 -0.958458 0.178296 0.222641 -0.226255 0.266305 0.279746 0.922401 0.381191 1 0 0 0 0 1 0 0 0 0 1 1.306 
1533553245736 0.100123 0.943444 -0.316053 -0.603917 -0.958889 0.176266 0.222401 -0.226516 0.265532 0.280792 0.922306 0.381345 0.313239 -0.3866 0.867422 0.386189 -0.93126 -0.304042 0.200784 -0.500185 0.18611 -0.870689 -0.455263 0.505382 
1533553245984 0.0980689 0.943509 -0.316501 -0.604035 -0.959315 0.174236 0.222161 -0.226776 0.264757 0.281837 0.92221 0.3815 0.316244 -0.384866 0.867103 0.400216 -0.929998 -0.306258 0.203249 -0.504049 0.187334 -0.87068 -0.454777 0.486145 
1533553246227 0.0960148 0.94357 -0.316949 -0.604153 -0.959737 0.172205 0.221922 -0.227037 0.263979 0.28288 0.922114 0.381654 0.316258 -0.384857 0.867102 0.400836 -0.929992 -0.306267 0.203261 -0.504368 0.187338 -0.870681 -0.454774 0.485921 
1533553246487 0.0939609 0.943626 -0.317398 -0.604271 -0.960155 0.170173 0.221684 -0.227297 0.263199 0.283922 0.922017 0.381809 0.316239 -0.384881 0.867098 0.400855 -0.93 -0.306257 0.203241 -0.504361 0.187331 -0.870674 -0.454789 0.485943 
1533553246741 0.0919072 0.943677 -0.317848 -0.604389 -0.960568 0.16814 0.221447 -0.227558 0.262417 0.284962 0.921919 0.381963 0.316214 -0.384899 0.867099 0.400827 -0.930009 -0.306245 0.203216 -0.504329 0.187327 -0.87067 -0.454799 0.48594 
1533553247004 0.0898527 0.943723 -0.318297 -0.604506 -0.960976 0.166105 0.221211 -0.227819 0.261633 0.285999 0.92182 0.382117 0.3162 -0.384907 0.867101 0.400798 -0.930014 -0.306239 0.203202 -0.504306 0.187326 -0.870669 -0.454801 0.485922 
1533553247287 0.0877987 0.943765 -0.318747 -0.604624 -0.96138 0.16407 0.220976 -0.228079 0.260846 0.287035 0.921721 0.382272 0.316197 -0.384904 0.867103 0.400778 -0.930014 -0.30624 0.2032 -0.504292 0.187329 -0.87067 -0.454799 0.485903 
1533553247531 0.0857446 0.943801 -0.319197 -0.604742 -0.961779 0.162033 0.220741 -0.22834 0.260056 0.28807 0.921622 0.382426 0.316201 -0.384895 0.867106 0.400765 -0.930012 -0.306246 0.203202 -0.504277 0.187337 -0.870672 -0.454792 0.485883 
1533553247793 0.0836928 0.943833 -0.319647 -0.604852 -0.962173 0.159998 0.220507 -0.228592 0.259265 0.289101 0.921522 0.382576 0.316123 -0.384928 0.86712 0.40068 -0.93004 -0.30621 0.20313 -0.504145 0.18733 -0.87067 -0.454798 0.485852 
1533553248076 0.0836282 0.943902 -0.319462 -0.604852 -0.962208 0.159862 0.220453 -0.228534 0.259156 0.288953 0.921599 0.382631 1 0 0 0 0 1 0 0 0 0 1 1.306 
1533553248087 0.0834316 0.943898 -0.319526 -0.604865 -0.962244 0.159674 0.220435 -0.228567 0.259088 0.28907 0.921581 0.382641 0.313239 -0.3866 0.867422 0.386189 -0.93126 -0.304042 0.200784 -0.500185 0.18611 -0.870689 -0.455263 0.505382 
1533553248181 0.0832341 0.943894 -0.319589 -0.604877 -0.962279 0.159486 0.220417 -0.228599 0.25902 0.289187 0.921563 0.382652 0.316244 -0.384866 0.867103 0.400216 -0.929998 -0.306258 0.203249 -0.504049 0.187334 -0.87068 -0.454777 0.486145 
1533553248293 0.0830375 0.943889 -0.319652 -0.60489 -0.962314 0.159298 0.2204 -0.228632 0.258953 0.289305 0.921546 0.382662 0.316258 -0.384857 0.867102 0.400836 -0.929992 -0.306267 0.203261 -0.504368 0.187338 -0.870681 -0.454774 0.485921 
1533553248404 0.0828397 0.943885 -0.319716 -0.604903 -0.962349 0.159109 0.220383 -0.228665 0.258886 0.289422 0.921528 0.382673 0.316239 -0.384881 0.867098 0.400855 -0.93 -0.306257 0.203241 -0.504361 0.187331 -0.870674 -0.454789 0.485943 
1533553248570 0.0826427 0.943881 -0.319779 -0.604916 -0.962384 0.158921 0.220365 -0.228698 0.258818 0.289539 0.92151 0.382683 0.316214 -0.384899 0.867099 0.400827 -0.930009 -0.306245 0.203216 -0.504329 0.187327 -0.87067 -0.454799 0.48594 
1533553248768 0.0824451 0.943877 -0.319842 -0.604928 -0.962419 0.158732 0.220348 -0.22873 0.258751 0.289656 0.921492 0.382693 0.3162 -0.384907 0.867101 0.400798 -0.930014 -0.306239 0.203202 -0.504306 0.187326 -0.870669 -0.454801 0.485922 
1533553248900 0.082248 0.943873 -0.319906 -0.604941 -0.962454 0.158544 0.220331 -0.228763 0.258683 0.289773 0.921474 0.382704 0.316197 -0.384904 0.867103 0.400778 -0.930014 -0.30624 0.2032 -0.504292 0.187329 -0.87067 -0.454799 0.485903 
1533553249032 0.082051 0.943868 -0.31997 -0.604954 -0.962489 0.158356 0.220313 -0.228796 0.258616 0.289891 0.921456 0.382714 0.316201 -0.384895 0.867106 0.400765 -0.930012 -0.306246 0.203202 -0.504277 0.187337 -0.870672 -0.454792 0.485883 
1533553249039 0.0818545 0.943864 -0.320033 -0.604965 -0.962524 0.158168 0.220296 -0.228827 0.258548 0.290007 0.921438 0.382724 0.316123 -0.384928 0.86712 0.40068 -0.93004 -0.30621 0.20313 -0.504145 0.18733 -0.87067 -0.454798 0.485852 
1533553249224 0.081711 0.94391 -0.319935 -0.604972 -0.962537 0.158011 0.220353 -0.228747 0.258546 0.289944 0.921459 0.382747 1 0 0 0 0 1 0 0 0 0 1 1.306 
1533553249236 0.0817502 0.943884 -0.319999 -0.604974 -0.962577 0.158014 0.220175 -0.228747 0.258384 0.290024 0.921479 0.382723 0.313239 -0.3866 0.867422 0.386189 -0.93126 -0.304042 0.200784 -0.500185 0.18611 -0.870689 -0.455263 0.505382 
1533553249242 0.0817899 0.943859 -0.320064 -0.604977 -0.962617 0.158017 0.219996 -0.228747 0.258221 0.290106 0.921499 0.382699 0.316244 -0.384866 0.867103 0.400216 -0.929998 -0.306258 0.203249 -0.504049 0.187334 -0.87068 -0.454777 0.486145 
1533553249458 0.0818289 0.943833 -0.320129 -0.604979 -0.962658 0.158019 0.219819 -0.228747 0.258059 0.290187 0.921519 0.382674 0.316258 -0.384857 0.867102 0.400836 -0.929992 -0.306267 0.203261 -0.504368 0.187338 -0.870681 -0.454774 0.485921 
1533553249567 0.0818686 0.943808 -0.320194 -0.604982 -0.962698 0.158022 0.219641 -0.228747 0.257896 0.290269 0.921539 0.38265 0.316239 -0.384881 0.867098 0.400855 -0.93 -0.306257 0.203241 -0.504361 0.187331 -0.870674 -0.454789 0.485943 
1533553249728 0.0819078 0.943782 -0.320259 -0.604984 -0.962738 0.158025 0.219463 -0.228748 0.257734 0.29035 0.921558 0.382626 0.316214 -0.384899 0.867099 0.400827 -0.930009 -0.306245 0.203216 -0.504329 0.187327 -0.87067 -0.454799 0.48594 
1533553249848 0.0819469 0.943757 -0.320324 -0.604986 -0.962778 0.158027 0.219286 -0.228748 0.257572 0.290431 0.921578 0.382602 0.3162 -0.384907 0.867101 0.400798 -0.930014 -0.306239 0.203202 -0.504306 0.187326 -0.870669 -0.454801 0.485922 
1533553250020 0.0819866 0.943731 -0.320389 -0.604989 -0.962818 0.15803 0.219107 -0.228748 0.25741 0.290513 0.921598 0.382578 0.316197 -0.384904 0.867103 0.400778 -0.930014 -0.30624 0.2032 -0.504292 0.187329 -0.87067 -0.454799 0.485903 
1533553250147 0.0820259 0.943706 -0.320454 -0.604991 -0.962858 0.158032 0.21893 -0.228748 0.257247 0.290594 0.921618 0.382553 0.316201 -0.384895 0.867106 0.400765 -0.930012 -0.306246 0.203202 -0.504277 0.187337 -0.870672 -0.454792 0.485883 
1533553250251 0.0820653 0.94368 -0.320519 -0.604994 -0.962898 0.158035 0.218752 -0.228749 0.257085 0.290675 0.921637 0.382529 0.316123 -0.384928 0.86712 0.40068 -0.93004 -0.30621 0.20313 -0.504145 0.18733 -0.87067 -0.454798 0.485852 
1533553250390 0.0819504 0.943711 -0.320459 -0.60497 -0.962927 0.157893 0.218726 -0.228735 0.257012 0.290654 0.921664 0.382527 1 0 0 0 0 1 0 0 0 0 1 1.306 
1533553250401 0.0821278 0.943691 -0.320471 -0.604973 -0.962957 0.15801 0.218512 -0.228719 0.256845 0.290654 0.921711 0.382513 0.313239 -0.3866 0.867422 0.386189 -0.93126 -0.304042 0.200784 -0.500185 0.18611 -0.870689 -0.455263 0.505382 
1533553250578 0.082306 0.943671 -0.320484 -0.604976 -0.962986 0.158127 0.218297 -0.228703 0.256678 0.290655 0.921757 0.382499 0.316244 -0.384866 0.867103 0.400216 -0.929998 -0.306258 0.203249 -0.504049 0.187334 -0.87068 -0.454777 0.486145 
1533553250775 0.082484 0.943651 -0.320497 -0.604979 -0.963015 0.158245 0.218082 -0.228686 0.256511 0.290655 0.921804 0.382485 0.316258 -0.384857 0.867102 0.400836 -0.929992 -0.306267 0.203261 -0.504368 0.187338 -0.870681 -0.454774 0.485921 
1533553250888 0.0826617 0.943632 -0.320509 -0.604982 -0.963045 0.158362 0.217868 -0.22867 0.256344 0.290656 0.92185 0.382471 0.316239 -0.384881 0.867098 0.400855 -0.93 -0.306257 0.203241 -0.504361 0.187331 -0.870674 -0.454789 0.485943 
1533553251052 0.0828392 0.943612 -0.320522 -0.604985 -0.963074 0.15848 0.217654 -0.228654 0.256177 0.290656 0.921896 0.382458 0.316214 -0.384899 0.867099 0.400827 -0.930009 -0.306245 0.203216 -0.504329 0.187327 -0.87067 -0.454799 0.48594 
1533553251200 0.0830175 0.943592 -0.320535 -0.604988 -0.963103 0.158597 0.217439 -0.228638 0.25601 0.290656 0.921942 0.382444 0.3162 -0.384907 0.867101 0.400798 -0.930014 -0.306239 0.203202 -0.504306 0.187326 -0.870669 -0.454801 0.485922 
1533553251380 0.0831953 0.943572 -0.320547 -0.604991 -0.963132 0.158715 0.217225 -0.228622 0.255843 0.290657 0.921989 0.38243 0.316197 -0.384904 0.867103 0.400778 -0.930014 -0.30624 0.2032 -0.504292 0.187329 -0.87067 -0.454799 0.485903 
1533553251488 0.0833728 0.943552 -0.320559 -0.604994 -0.963161 0.158832 0.217011 -0.228605 0.255676 0.290657 0.922035 0.382416 0.316201 -0.384895 0.867106 0.400765 -0.930012 -0.306246 0.203202 -0.504277 0.187337 -0.870672 -0.454792 0.485883 
1533553251611 0.0835502 0.943532 -0.320572 -0.604997 -0.96319 0.158949 0.216797 -0.228591 0.25551 0.290658 0.922081 0.382402 0.316123 -0.384928 0.86712 0.40068 -0.93004 -0.30621 0.20313 -0.504145 0.18733 -0.87067 -0.454798 0.485852 
1533553251739 0.0834975 0.943509 -0.320653 -0.605004 -0.963159 0.158958 0.216924 -0.228608 0.25564 0.290727 0.922023 0.38242 1 0 0 0 0 1 0 0 0 0 1 1.306 
1533553251751 0.0835286 0.943542 -0.32055 -0.60501 -0.9632 0.158915 0.216778 -0.228604 0.255479 0.290646 0.922093 0.382402 0.313239 -0.3866 0.867422 0.386189 -0.93126 -0.304042 0.200784 -0.500185 0.18611 -0.870689 -0.455263 0.505382 
1533553251946 0.0835611 0.943574 -0.320446 -0.605015 -0.96324 0.158872 0.216631 -0.228601 0.255317 0.290564 0.922164 0.382383 0.316244 -0.384866 0.867103 0.400216 -0.929998 -0.306258 0.203249 -0.504049 0.187334 -0.87068 -0.454777 0.486145 
1533553252111 0.0835933 0.943606 -0.320343 -0.605021 -0.96328 0.15883 0.216484 -0.228598 0.255156 0.290483 0.922234 0.382365 0.316258 -0.384857 0.867102 0.400836 -0.929992 -0.306267 0.203261 -0.504368 0.187338 -0.870681 -0.454774 0.485921 
1533553252220 0.0836255 0.943638 -0.32024 -0.605026 -0.96332 0.158787 0.216337 -0.228594 0.254994 0.290402 0.922304 0.382347 0.316239 -0.384881 0.867098 0.400855 -0.93 -0.306257 0.203241 -0.504361 0.187331 -0.870674 -0.454789 0.485943 
1533553252343 0.083658 0.943671 -0.320136 -0.605032 -0.96336 0.158745 0.21619 -0.228591 0.254832 0.29032 0.922375 0.382329 0.316214 -0.384899 0.867099 0.400827 -0.930009 -0.306245 0.203216 -0.504329 0.187327 -0.87067 -0.454799 0.48594 
1533553252484 0.0836902 0.943703 -0.320033 -0.605038 -0.9634 0.158703 0.216043 -0.228587 0.254671 0.290239 0.922445 0.38231 0.3162 -0.384907 0.867101 0.400798 -0.930014 -0.306239 0.203202 -0.504306 0.187326 -0.870669 -0.454801 0.485922 
1533553252716 0.0837224 0.943735 -0.319929 -0.605043 -0.96344 0.15866 0.215896 -0.228584 0.254509 0.290157 0.922515 0.382292 0.316197 -0.384904 0.867103 0.400778 -0.930014 -0.30624 0.2032 -0.504292 0.187329 -0.87067 -0.454799 0.485903 
1533553252723 0.0837547 0.943767 -0.319826 -0.605049 -0.963479 0.158618 0.215749 -0.22858 0.254347 0.290076 0.922585 0.382274 0.316201 -0.384895 0.867106 0.400765 -0.930012 -0.306246 0.203202 -0.504277 0.187337 -0.870672 -0.454792 0.485883 
1533553252912 0.0837868 0.943799 -0.319722 -0.605053 -0.963519 0.158575 0.215603 -0.228577 0.254186 0.289994 0.922655 0.382256 0.316123 -0.384928 0.86712 0.40068 -0.93004 -0.30621 0.20313 -0.504145 0.18733 -0.87067 -0.454798 0.485852 
1533553253086 0.0837187 0.943808 -0.319715 -0.605012 -0.96354 0.158494 0.215571 -0.228597 0.254131 0.290011 0.922665 0.382207 1 0 0 0 0 1 0 0 0 0 1 1.306 
1533553253097 0.0837148 0.943769 -0.319832 -0.60501 -0.963467 0.1586 0.215818 -0.228607 0.254407 0.29008 0.922567 0.382221 0.313239 -0.3866 0.867422 0.386189 -0.93126 -0.304042 0.200784 -0.500185 0.18611 -0.870689 -0.455263 0.505382 
1533553253281 0.0837098 0.943729 -0.31995 -0.605009 -0.963394 0.158706 0.216065 -0.228618 0.254685 0.290151 0.922468 0.382234 0.316244 -0.384866 0.867103 0.400216 -0.929998 -0.306258 0.203249 -0.504049 0.187334 -0.87068 -0.454777 0.486145 
1533553253493 0.0837052 0.94369 -0.320067 -0.605007 -0.963321 0.158812 0.216312 -0.228628 0.254962 0.290221 0.92237 0.382248 0.316258 -0.384857 0.867102 0.400836 -0.929992 -0.306267 0.203261 -0.504368 0.187338 -0.870681 -0.454774 0.485921 
1533553253647 0.0837006 0.94365 -0.320185 -0.605006 -0.963248 0.158918 0.216558 -0.228639 0.255239 0.290291 0.922271 0.382262 0.316239 -0.384881 0.867098 0.400855 -0.93 -0.306257 0.203241 -0.504361 0.187331 -0.870674 -0.454789 0.485943 
1533553253850 0.0836955 0.943611 -0.320303 -0.605004 -0.963175 0.159024 0.216806 -0.228649 0.255516 0.290362 0.922172 0.382275 0.316214 -0.384899 0.867099 0.400827 -0.930009 -0.306245 0.203216 -0.504329 0.187327 -0.87067 -0.454799 0.48594 
1533553254022 0.0836908 0.943571 -0.32042 -0.605002 -0.963102 0.15913 0.217052 -0.228659 0.255793 0.290432 0.922073 0.382289 0.3162 -0.384907 0.867101 0.400798 -0.930014 -0.306239 0.203202 -0.504306 0.187326 -0.870669 -0.454801 0.485922 
1533553254183 0.083686 0.943532 -0.320538 -0.605001 -0.963029 0.159236 0.217299 -0.22867 0.25607 0.290502 0.921974 0.382303 0.316197 -0.384904 0.867103 0.400778 -0.930014 -0.30624 0.2032 -0.504292 0.187329 -0.87067 -0.454799 0.485903 
1533553254312 0.0836809 0.943492 -0.320655 -0.604999 -0.962956 0.159342 0.217546 -0.22868 0.256347 0.290572 0.921875 0.382317 0.316201 -0.384895 0.867106 0.400765 -0.930012 -0.306246 0.203202 -0.504277 0.187337 -0.870672 -0.454792 0.485883 
1533553254597 0.0836761 0.943453 -0.320773 -0.604999 -0.962883 0.159448 0.217792 -0.22869 0.256623 0.290643 0.921776 0.38233 0.316123 -0.384928 0.86712 0.40068 -0.93004 -0.30621 0.20313 -0.504145 0.18733 -0.87067 -0.454798 0.485852 
1533553254739 0.0838109 0.943406 -0.320876 -0.605004 -0.962897 0.159568 0.217641 -0.228738 0.256525 0.290729 0.921776 0.382268 1 0 0 0 0 1 0 0 0 0 1 1.306 
1533553254751 0.0838366 0.943438 -0.320775 -0.605008 -0.962912 0.159549 0.217589 -0.228733 0.256461 0.290636 0.921823 0.38227 0.313239 -0.3866 0.867422 0.386189 -0.93126 -0.304042 0.200784 -0.500185 0.18611 -0.870689 -0.455263 0.505382 
1533553254758 0.0838629 0.94347 -0.320672 -0.605012 -0.962926 0.15953 0.217538 -0.228729 0.256397 0.29054 0.921871 0.382272 0.316244 -0.384866 0.867103 0.400216 -0.929998 -0.306258 0.203249 -0.504049 0.187334 -0.87068 -0.454777 0.486145 
1533553255020 0.0838891 0.943503 -0.32057 -0.605016 -0.962941 0.159512 0.217486 -0.228724 0.256334 0.290446 0.921919 0.382273 0.316258 -0.384857 0.867102 0.400836 -0.929992 -0.306267 0.203261 -0.504368 0.187338 -0.870681 -0.454774 0.485921 
1533553255223 0.0839153 0.943535 -0.320469 -0.60502 -0.962956 0.159493 0.217435 -0.22872 0.25627 0.290351 0.921966 0.382275 0.316239 -0.384881 0.867098 0.400855 -0.93 -0.306257 0.203241 -0.504361 0.187331 -0.870674 -0.454789 0.485943 
1533553255324 0.0839415 0.943567 -0.320366 -0.605024 -0.962971 0.159475 0.217383 -0.228715 0.256206 0.290256 0.922014 0.382277 0.316214 -0.384899 0.867099 0.400827 -0.930009 -0.306245 0.203216 -0.504329 0.187327 -0.87067 -0.454799 0.48594 
1533553255526 0.0839677 0.9436 -0.320264 -0.605029 -0.962985 0.159457 0.217332 -0.22871 0.256142 0.290161 0.922062 0.382279 0.3162 -0.384907 0.867101 0.400798 -0.930014 -0.306239 0.203202 -0.504306 0.187326 -0.870669 -0.454801 0.485922 
1533553255639 0.0839939 0.943632 -0.320162 -0.605033 -0.963 0.159438 0.21728 -0.228706 0.256078 0.290066 0.922109 0.382281 0.316197 -0.384904 0.867103 0.400778 -0.930014 -0.30624 0.2032 -0.504292 0.187329 -0.87067 -0.454799 0.485903 
1533553255747 0.08402 0.943664 -0.320059 -0.605037 -0.963015 0.15942 0.217228 -0.228701 0.256015 0.28997 0.922157 0.382282 0.316201 -0.384895 0.867106 0.400765 -0.930012 -0.306246 0.203202 -0.504277 0.187337 -0.870672 -0.454792 0.485883 
1533553255845 0.084046 0.943696 -0.319958 -0.60504 -0.963029 0.159401 0.217177 -0.228697 0.255951 0.289876 0.922204 0.382285 0.316123 -0.384928 0.86712 0.40068 -0.93004 -0.30621 0.20313 -0.504145 0.18733 -0.87067 -0.454798 0.485852 
1533553255888 0.0840579 0.943666 -0.320045 -0.605037 -0.962997 0.159467 0.217271 -0.228748 0.256068 0.289939 0.922152 0.382303 1 0 0 0 0 1 0 0 0 0 1 1.306 
1533553255899 0.0839666 0.943621 -0.3202 -0.60503 -0.962995 0.15943 0.217309 -0.228748 0.256107 0.290104 0.922089 0.382326 0.313239 -0.3866 0.867422 0.386189 -0.93126 -0.304042 0.200784 -0.500185 0.18611 -0.870689 -0.455263 0.505382 
1533553256160 0.083875 0.943577 -0.320357 -0.605023 -0.962992 0.159393 0.217348 -0.228748 0.256148 0.290271 0.922026 0.382348 0.316244 -0.384866 0.867103 0.400216 -0.929998 -0.306258 0.203249 -0.504049 0.187334 -0.87068 -0.454777 0.486145 
1533553256384 0.0837833 0.943532 -0.320512 -0.605016 -0.962989 0.159356 0.217388 -0.228747 0.256188 0.290436 0.921962 0.382371 0.316258 -0.384857 0.867102 0.400836 -0.929992 -0.306267 0.203261 -0.504368 0.187338 -0.870681 -0.454774 0.485921 
1533553256504 0.0836916 0.943487 -0.320669 -0.605009 -0.962986 0.159319 0.217427 -0.228747 0.256228 0.290603 0.921899 0.382393 0.316239 -0.384881 0.867098 0.400855 -0.93 -0.306257 0.203241 -0.504361 0.187331 -0.870674 -0.454789 0.485943 
1533553256702 0.0835999 0.943442 -0.320824 -0.605002 -0.962984 0.159282 0.217466 -0.228747 0.256268 0.290768 0.921835 0.382415 0.316214 -0.384899 0.867099 0.400827 -0.930009 -0.306245 0.203216 -0.504329 0.187327 -0.87067 -0.454799 0.48594 
1533553256827 0.0835083 0.943397 -0.32098 -0.604994 -0.962981 0.159245 0.217505 -0.228747 0.256309 0.290934 0.921772 0.382438 0.3162 -0.384907 0.867101 0.400798 -0.930014 -0.306239 0.203202 -0.504306 0.187326 -0.870669 -0.454801 0.485922 
1533553256958 0.0834166 0.943352 -0.321137 -0.604987 -0.962978 0.159209 0.217544 -0.228747 0.256349 0.291101 0.921708 0.38246 0.316197 -0.384904 0.867103 0.400778 -0.930014 -0.30624 0.2032 -0.504292 0.187329 -0.87067 -0.454799 0.485903 
1533553257148 0.0833248 0.943307 -0.321292 -0.60498 -0.962975 0.159172 0.217584 -0.228746 0.256389 0.291266 0.921645 0.382483 0.316201 -0.384895 0.867106 0.400765 -0.930012 -0.306246 0.203202 -0.504277 0.187337 -0.870672 -0.454792 0.485883 
1533553257297 0.0832333 0.943262 -0.321448 -0.604975 -0.962973 0.159135 0.217623 -0.228747 0.256429 0.291432 0.921581 0.382504 0.316123 -0.384928 0.86712 0.40068 -0.93004 -0.30621 0.20313 -0.504145 0.18733 -0.87067 -0.454798 0.485852 
1533553257464 0.0832627 0.943312 -0.321293 -0.604986 -0.962996 0.159097 0.217547 -0.228711 0.256332 0.29129 0.921653 0.382523 1 0 0 0 0 1 0 0 0 0 1 1.306 
1533553257475 0.083278 0.943327 -0.321245 -0.604992 -0.963054 0.159033 0.217339 -0.228701 0.25611 0.291276 0.921719 0.382512 0.313239 -0.3866 0.867422 0.386189 -0.93126 -0.304042 0.200784 -0.500185 0.18611 -0.870689 -0.455263 0.505382 
1533553257637 0.0832947 0.943343 -0.321196 -0.604998 -0.963111 0.15897 0.21713 -0.22869 0.255888 0.291262 0.921785 0.382502 0.316244 -0.384866 0.867103 0.400216 -0.929998 -0.306258 0.203249 -0.504049 0.187334 -0.87068 -0.454777 0.486145 
1533553257883 0.0833109 0.943358 -0.321147 -0.605004 -0.963169 0.158907 0.216921 -0.22868 0.255667 0.291247 0.921851 0.382492 0.316258 -0.384857 0.867102 0.400836 -0.929992 -0.306267 0.203261 -0.504368 0.187338 -0.870681 -0.454774 0.485921 
1533553258098 0.083327 0.943373 -0.321098 -0.60501 -0.963226 0.158844 0.216713 -0.228669 0.255445 0.291232 0.921917 0.382481 0.316239 -0.384881 0.867098 0.400855 -0.93 -0.306257 0.203241 -0.504361 0.187331 -0.870674 -0.454789 0.485943 
1533553258288 0.0833436 0.943388 -0.321049 -0.605016 -0.963283 0.158781 0.216503 -0.228659 0.255223 0.291217 0.921984 0.382471 0.316214 -0.384899 0.867099 0.400827 -0.930009 -0.306245 0.203216 -0.504329 0.187327 -0.87067 -0.454799 0.48594 
1533553258431 0.0833598 0.943404 -0.321 -0.605022 -0.963341 0.158717 0.216295 -0.228649 0.255001 0.291202 0.92205 0.38246 0.3162 -0.384907 0.867101 0.400798 -0.930014 -0.306239 0.203202 -0.504306 0.187326 -0.870669 -0.454801 0.485922 
1533553258568 0.083376 0.943419 -0.320951 -0.605028 -0.963398 0.158654 0.216086 -0.228638 0.25478 0.291187 0.922116 0.38245 0.316197 -0.384904 0.867103 0.400778 -0.930014 -0.30624 0.2032 -0.504292 0.187329 -0.87067 -0.454799 0.485903 
1533553258726 0.0833927 0.943434 -0.320902 -0.605034 -0.963455 0.158591 0.215877 -0.228628 0.254558 0.291172 0.922182 0.382439 0.316201 -0.384895 0.867106 0.400765 -0.930012 -0.306246 0.203202 -0.504277 0.187337 -0.870672 -0.454792 0.485883 
1533553258857 0.0834088 0.943449 -0.320853 -0.605039 -0.963512 0.158528 0.215668 -0.228618 0.254336 0.291157 0.922248 0.382429 0.316123 -0.384928 0.86712 0.40068 -0.93004 -0.30621 0.20313 -0.504145 0.18733 -0.87067 -0.454798 0.485852 
1533553259036 0.0834651 0.943415 -0.320939 -0.605023 -0.963493 0.158617 0.21569 -0.228664 0.254391 0.29122 0.922212 0.382429 1 0 0 0 0 1 0 0 0 0 1 1.306 
1533553259047 0.0834546 0.943408 -0.320961 -0.605019 -0.963466 0.158644 0.215789 -0.228665 0.254496 0.291227 0.922182 0.382431 0.313239 -0.3866 0.867422 0.386189 -0.93126 -0.304042 0.200784 -0.500185 0.18611 -0.870689 -0.455263 0.505382 
1533553259063 0.083443 0.943402 -0.320983 -0.605015 -0.963439 0.15867 0.215891 -0.228666 0.254602 0.291233 0.92215 0.382433 0.316244 -0.384866 0.867103 0.400216 -0.929998 -0.306258 0.203249 -0.504049 0.187334 -0.87068 -0.454777 0.486145 
1533553259214 0.0834318 0.943396 -0.321004 -0.605011 -0.963412 0.158696 0.215991 -0.228667 0.254707 0.291239 0.922119 0.382435 0.316258 -0.384857 0.867102 0.400836 -0.929992 -0.306267 0.203261 -0.504368 0.187338 -0.870681 -0.454774 0.485921 
1533553259353 0.0834207 0.94339 -0.321025 -0.605007 -0.963385 0.158723 0.216092 -0.228668 0.254813 0.291244 0.922088 0.382437 0.316239 -0.384881 0.867098 0.400855 -0.93 -0.306257 0.203241 -0.504361 0.187331 -0.870674 -0.454789 0.485943 
1533553259565 0.0834093 0.943383 -0.321047 -0.605002 -0.963358 0.158749 0.216193 -0.228668 0.254919 0.29125 0.922057 0.382438 0.316214 -0.384899 0.867099 0.400827 -0.930009 -0.306245 0.203216 -0.504329 0.187327 -0.87067 -0.454799 0.48594 
1533553259724 0.0833981 0.943377 -0.321068 -0.604998 -0.963331 0.158775 0.216294 -0.228669 0.255025 0.291256 0.922026 0.38244 0.3162 -0.384907 0.867101 0.400798 -0.930014 -0.306239 0.203202 -0.504306 0.187326 -0.870669 -0.454801 0.485922 
1533553259911 0.0833869 0.943371 -0.321089 -0.604994 -0.963304 0.158802 0.216395 -0.22867 0.25513 0.291262 0.921995 0.382442 0.316197 -0.384904 0.867103 0.400778 -0.930014 -0.30624 0.2032 -0.504292 0.187329 -0.87067 -0.454799 0.485903 
1533553260022 0.0833757 0.943365 -0.32111 -0.60499 -0.963277 0.158828 0.216496 -0.228671 0.255236 0.291268 0.921964 0.382444 0.316201 -0.384895 0.867106 0.400765 -0.930012 -0.306246 0.203202 -0.504277 0.187337 -0.870672 -0.454792 0.485883 
1533553260197 0.0833642 0.943358 -0.321132 -0.604987 -0.96325 0.158855 0.216597 -0.228672 0.255342 0.291274 0.921933 0.382446 0.316123 -0.384928 0.86712 0.40068 -0.93004 -0.30621 0.20313 -0.504145 0.18733 -0.87067 -0.454798 0.485852 
1533553260403 0.0834069 0.943424 -0.320928 -0.604971 -0.963242 0.158852 0.216634 -0.228633 0.255358 0.291063 0.921995 0.38251 1 0 0 0 0 1 0 0 0 0 1 1.306 
1533553260415 0.0833127 0.943405 -0.321008 -0.604969 -0.963168 0.158877 0.216945 -0.228654 0.255668 0.29111 0.921894 0.382517 0.313239 -0.3866 0.867422 0.386189 -0.93126 -0.304042 0.200784 -0.500185 0.18611 -0.870689 -0.455263 0.505382 
1533553260580 0.0832181 0.943386 -0.321087 -0.604967 -0.963094 0.158901 0.217257 -0.228674 0.255978 0.291157 0.921793 0.382523 0.316244 -0.384866 0.867103 0.400216 -0.929998 -0.306258 0.203249 -0.504049 0.187334 -0.87068 -0.454777 0.486145 
1533553260714 0.0831243 0.943368 -0.321166 -0.604965 -0.96302 0.158926 0.217567 -0.228695 0.256287 0.291204 0.921692 0.38253 0.316258 -0.384857 0.867102 0.400836 -0.929992 -0.306267 0.203261 -0.504368 0.187338 -0.870681 -0.454774 0.485921 
1533553260868 0.0830293 0.943349 -0.321245 -0.604963 -0.962945 0.15895 0.217878 -0.228715 0.256597 0.291251 0.921591 0.382537 0.316239 -0.384881 0.867098 0.400855 -0.93 -0.306257 0.203241 -0.504361 0.187331 -0.870674 -0.454789 0.485943 
1533553260994 0.0829352 0.943331 -0.321324 -0.604961 -0.962871 0.158974 0.218189 -0.228736 0.256907 0.291298 0.92149 0.382543 0.316214 -0.384899 0.867099 0.400827 -0.930009 -0.306245 0.203216 -0.504329 0.187327 -0.87067 -0.454799 0.48594 
1533553261136 0.0828404 0.943312 -0.321403 -0.604959 -0.962797 0.158998 0.2185 -0.228757 0.257216 0.291345 0.921389 0.38255 0.3162 -0.384907 0.867101 0.400798 -0.930014 -0.306239 0.203202 -0.504306 0.187326 -0.870669 -0.454801 0.485922 
1533553261314 0.0827461 0.943293 -0.321482 -0.604957 -0.962722 0.159023 0.218811 -0.228777 0.257526 0.291392 0.921288 0.382557 0.316197 -0.384904 0.867103 0.400778 -0.930014 -0.30624 0.2032 -0.504292 0.187329 -0.87067 -0.454799 0.485903 
1533553261451 0.0826518 0.943275 -0.321561 -0.604955 -0.962647 0.159048 0.219121 -0.228798 0.257835 0.291439 0.921186 0.382564 0.316201 -0.384895 0.867106 0.400765 -0.930012 -0.306246 0.203202 -0.504277 0.187337 -0.870672 -0.454792 0.485883 
1533553261553 0.0825573 0.943256 -0.32164 -0.604953 -0.962573 0.159072 0.219432 -0.228817 0.258144 0.291486 0.921085 0.38257 0.316123 -0.384928 0.86712 0.40068 -0.93004 -0.30621 0.20313 -0.504145 0.18733 -0.87067 -0.454798 0.485852 
1533553261682 0.0827216 0.943233 -0.321666 -0.604934 -0.962596 0.159187 0.219243 -0.22889 0.258003 0.291499 0.921121 0.382513 1 0 0 0 0 1 0 0 0 0 1 1.306 
1533553261693 0.0827369 0.94327 -0.321553 -0.60494 -0.962626 0.159141 0.219149 -0.228883 0.257889 0.291404 0.921182 0.382497 0.313239 -0.3866 0.867422 0.386189 -0.93126 -0.304042 0.200784 -0.500185 0.18611 -0.870689 -0.455263 0.505382 
1533553261958 0.0827523 0.943307 -0.321439 -0.604946 -0.962654 0.159094 0.219055 -0.228876 0.257776 0.291307 0.921245 0.382481 0.316244 -0.384866 0.867103 0.400216 -0.929998 -0.306258 0.203249 -0.504049 0.187334 -0.87068 -0.454777 0.486145 
