1530612192673 0.275657 -0.8825 0.381061 -0.604483 0.633204 0.464965 0.618757 -0.181741 -0.723233 0.0707247 0.686973 0.426588 -0.0910398 -0.991447 -0.0935173 0.448513 -0.140142 0.105728 -0.98447 -0.496663 0.985937 -0.0765203 -0.148568 0.446048 
1530612192684 0.25636 -0.939187 0.228488 0.190522 -0.09544 -0.259828 -0.960927 -0.632759 0.961858 0.224537 -0.156246 0.522991 -0.0834505 -0.99205 -0.0941905 0.442364 -0.141833 0.105382 -0.984265 -0.496197 0.986367 -0.0687781 -0.1495 0.445609 
1530612193203 0.218501 -0.931404 0.291108 0.220456 0.106878 -0.27368 -0.955864 -0.527818 0.969966 0.23997 0.0397474 0.494922 -0.0758612 -0.992595 -0.0948703 0.436207 -0.143519 0.105023 -0.984059 -0.495709 0.986736 -0.0610362 -0.150424 0.445171 
1530612193768 0.16226 -0.93285 0.321655 0.11859 0.348692 -0.250737 -0.903075 -0.461437 0.923085 0.258691 0.284592 0.483134 -0.0682695 -0.99308 -0.095557 0.430046 -0.145202 0.104651 -0.983852 -0.495214 0.987044 -0.053292 -0.151342 0.444734 
1530612194310 0.101453 -0.93566 0.338006 0.00618332 0.566381 -0.224998 -0.792835 -0.420067 0.817875 0.271876 0.507113 0.472819 -0.0606751 -0.993506 -0.0962507 0.423885 -0.146881 0.104266 -0.983644 -0.494717 0.987291 -0.0455452 -0.152254 0.444296 
1530612194855 0.0360286 -0.940511 0.337848 -0.0997269 0.748977 -0.198404 -0.632194 -0.390054 0.661615 0.275817 0.697273 0.458167 -0.053078 -0.993873 -0.0969516 0.417726 -0.148558 0.103867 -0.983434 -0.494223 0.987478 -0.0377958 -0.153161 0.443858 
1530612195448 -0.028658 -0.947013 0.319914 -0.200692 0.887811 -0.171177 -0.427189 -0.361428 0.459315 0.271781 0.845674 0.447097 -0.0454785 -0.99418 -0.0976597 0.411575 -0.150231 0.103456 -0.983223 -0.493739 0.987604 -0.030044 -0.154061 0.443418 
1530612196103 -0.0865608 -0.95418 0.286438 -0.298905 0.970218 -0.146033 -0.193265 -0.33332 0.226239 0.261179 0.938404 0.436097 -0.0378794 -0.994428 -0.0983751 0.405461 -0.1519 0.103032 -0.983011 -0.493281 0.98767 -0.0222927 -0.154957 0.442973 
1530612196110 -0.134169 -0.961548 0.239633 -0.39213 0.990702 -0.124655 0.0544986 -0.306217 -0.0225316 0.244717 0.969333 0.424433 -0.0303069 -0.994616 -0.0990947 0.399536 -0.153564 0.102597 -0.982798 -0.492876 0.987674 -0.0145682 -0.155847 0.44251 
1530612196665 -0.169134 -0.968199 0.184351 -0.470179 0.948618 -0.109163 0.296996 -0.284173 -0.267427 0.225111 0.936914 0.407963 -0.0230196 -0.994743 -0.0997839 0.394637 -0.155173 0.102156 -0.982591 -0.492489 0.987619 -0.00713507 -0.156709 0.441998 
1530612197365 -0.169134 -0.968199 0.184351 -0.470179 0.948618 -0.109163 0.296996 -0.284173 -0.267427 0.225111 0.936914 0.407963 -0.0231685 -0.994743 -0.0997427 0.394609 -0.155125 0.102138 -0.982601 -0.492545 0.987623 -0.00729283 -0.156676 0.442009 
1530612197376 0.279843 -0.930318 0.237057 0.205876 -0.110552 -0.276506 -0.954632 -0.484925 0.953659 0.24094 -0.180227 0.499532 -0.0223591 -0.994754 -0.0998241 0.393837 -0.1553 0.102093 -0.982578 -0.492459 0.987614 -0.00646681 -0.156768 0.441976 
1530612197625 0.233697 -0.928027 0.290089 0.185001 0.102143 -0.273268 -0.9565 -0.464227 0.96693 0.253161 0.0309293 0.494691 -0.0215507 -0.994763 -0.0999058 0.393065 -0.155476 0.102048 -0.982555 -0.492372 0.987605 -0.00564185 -0.156861 0.441943 
1530612197631 0.171679 -0.930653 0.323128 0.094513 0.343354 -0.250907 -0.905071 -0.441983 0.923382 0.266329 0.276468 0.489173 -0.0207424 -0.994772 -0.0999876 0.392293 -0.155651 0.102003 -0.982531 -0.492285 0.987594 -0.00481681 -0.156954 0.44191 
1530612197841 0.105306 -0.934593 0.339774 -0.00556119 0.56304 -0.225599 -0.795042 -0.41627 0.819693 0.275029 0.502456 0.475998 -0.019934 -0.994781 -0.100069 0.391521 -0.155827 0.101957 -0.982508 -0.492198 0.987583 -0.00399172 -0.157047 0.441877 
1530612198152 0.0368382 -0.940237 0.338523 -0.103954 0.748813 -0.198353 -0.632404 -0.38911 0.661756 0.276787 0.696755 0.461136 -0.0191255 -0.994788 -0.100151 0.39075 -0.156003 0.101912 -0.982485 -0.492112 0.987571 -0.00316661 -0.157139 0.441843 
1530612198376 -0.028451 -0.946963 0.32008 -0.202101 0.887724 -0.171131 -0.427389 -0.36114 0.459497 0.271983 0.84551 0.447866 -0.018317 -0.994795 -0.100234 0.38998 -0.156178 0.101867 -0.982462 -0.492027 0.987559 -0.00234144 -0.157231 0.44181 
1530612198621 -0.0865127 -0.95417 0.286489 -0.299499 0.970199 -0.146024 -0.193365 -0.333176 0.226337 0.261223 0.938368 0.43638 -0.0175082 -0.994802 -0.100316 0.389215 -0.156354 0.101821 -0.982439 -0.491947 0.987546 -0.00151583 -0.157324 0.441776 
1530612198627 -0.134176 -0.961546 0.239636 -0.392487 0.990702 -0.124667 0.0544781 -0.306154 -0.0225084 0.244718 0.969333 0.424338 -0.0167026 -0.994807 -0.100398 0.388474 -0.156529 0.101776 -0.982416 -0.491878 0.987532 -0.000693645 -0.157416 0.44174 
1530612198852 -0.169249 -0.968162 0.184436 -0.470704 0.948568 -0.109218 0.297137 -0.28431 -0.267533 0.22524 0.936853 0.407243 -0.0159281 -0.994812 -0.100478 0.387862 -0.156701 0.101732 -0.982393 -0.491824 0.987518 9.72304e-05 -0.157508 0.441698 
1530612199163 -0.169249 -0.968162 0.184436 -0.470704 0.948568 -0.109218 0.297137 -0.28431 -0.267533 0.22524 0.936853 0.407243 -0.0161621 -0.994806 -0.100498 0.387797 -0.156657 0.10179 -0.982394 -0.491857 0.987521 -0.000133724 -0.157489 0.441735 
1530612199169 0.28122 -0.929914 0.237013 0.204542 -0.111016 -0.276847 -0.954479 -0.481845 0.9532 0.242107 -0.18109 0.49876 -0.0160539 -0.994807 -0.100506 0.387706 -0.15668 0.10178 -0.982391 -0.491839 0.987519 -2.39123e-05 -0.1575 0.441729 
1530612199176 0.234425 -0.92788 0.28997 0.182951 0.101468 -0.273298 -0.956563 -0.463047 0.966824 0.253665 0.0300817 0.495557 -0.015946 -0.994808 -0.100513 0.387615 -0.156702 0.10177 -0.982389 -0.491821 0.987517 8.53543e-05 -0.157511 0.441724 
1530612199388 0.172205 -0.930537 0.323182 0.0929967 0.342876 -0.250944 -0.905242 -0.441645 0.923462 0.266698 0.275845 0.489888 -0.0158382 -0.994809 -0.100519 0.387524 -0.156724 0.101759 -0.982386 -0.491803 0.987515 0.000194512 -0.157522 0.441718 
1530612199525 0.105643 -0.934496 0.339937 -0.00654542 0.562675 -0.225684 -0.795276 -0.416303 0.8199 0.275289 0.501976 0.476432 -0.0157304 -0.99481 -0.100525 0.387434 -0.156746 0.101748 -0.982384 -0.491784 0.987514 0.000303649 -0.157533 0.441712 
1530612199680 0.0369688 -0.940169 0.338697 -0.1044 0.748834 -0.198368 -0.632375 -0.389087 0.661726 0.277006 0.696697 0.461965 -0.0156225 -0.994811 -0.100531 0.387343 -0.156769 0.101737 -0.982381 -0.491766 0.987512 0.000412963 -0.157545 0.441707 
1530612199870 -0.0284055 -0.946922 0.320206 -0.202161 0.887736 -0.171143 -0.427357 -0.361125 0.459475 0.272119 0.845478 0.448112 -0.0155146 -0.994812 -0.100538 0.387252 -0.156791 0.101726 -0.982379 -0.491749 0.98751 0.000522176 -0.157556 0.441701 
1530612200053 -0.0865092 -0.954149 0.286558 -0.299488 0.970201 -0.146033 -0.193349 -0.333173 0.226331 0.261293 0.93835 0.436438 -0.015407 -0.994813 -0.100544 0.387162 -0.156813 0.101715 -0.982377 -0.491732 0.987508 0.000631048 -0.157566 0.441695 
1530612200209 -0.134203 -0.961531 0.239684 -0.392526 0.990698 -0.124687 0.0545068 -0.306186 -0.0225244 0.244769 0.96932 0.424276 -0.0152993 -0.994814 -0.10055 0.387076 -0.156835 0.101705 -0.982374 -0.491717 0.987506 0.000740096 -0.157578 0.441689 
1530612200360 -0.169362 -0.968125 0.184528 -0.470907 0.948521 -0.109273 0.297266 -0.28445 -0.267627 0.225375 0.936794 0.406874 -0.0151954 -0.994815 -0.100557 0.387005 -0.156857 0.101695 -0.982372 -0.491705 0.987504 0.000845497 -0.157589 0.441683 
1530612200507 -0.169362 -0.968125 0.184528 -0.470907 0.948521 -0.109273 0.297266 -0.28445 -0.267627 0.225375 0.936794 0.406874 -0.0151873 -0.994817 -0.100543 0.387067 -0.156879 0.10168 -0.98237 -0.491695 0.987501 0.000853514 -0.15761 0.441646 
1530612200517 0.281889 -0.929679 0.237139 0.204299 -0.111197 -0.277153 -0.95437 -0.48087 0.952981 0.242658 -0.181504 0.497936 -0.0157656 -0.994699 -0.101615 0.387118 -0.156679 0.10283 -0.982282 -0.491642 0.987524 0.000434757 -0.15747 0.441635 
1530612200736 0.234719 -0.9278 0.28999 0.182268 0.101145 -0.273393 -0.95657 -0.462903 0.966787 0.253857 0.029672 0.495798 -0.0163434 -0.994579 -0.102689 0.387168 -0.15648 0.103981 -0.982192 -0.491589 0.987546 1.63981e-05 -0.157331 0.441624 
1530612200932 0.172414 -0.930477 0.323243 0.092459 0.342652 -0.251008 -0.905309 -0.441779 0.923506 0.266848 0.275553 0.490167 -0.016921 -0.994458 -0.103761 0.387219 -0.15628 0.105131 -0.982102 -0.491536 0.987568 -0.00040237 -0.157193 0.441614 
1530612201131 0.105773 -0.934448 0.340029 -0.006928 0.562509 -0.22575 -0.795375 -0.416516 0.819997 0.275398 0.501757 0.476716 -0.0174982 -0.994336 -0.104834 0.38727 -0.156079 0.106281 -0.98201 -0.491483 0.98759 -0.00082096 -0.157055 0.441603 
1530612201332 0.0370119 -0.940137 0.33878 -0.104654 0.748838 -0.198392 -0.632363 -0.389229 0.661719 0.277096 0.696667 0.462577 -0.0180753 -0.994212 -0.105907 0.387321 -0.155877 0.107431 -0.981917 -0.491431 0.987611 -0.00123996 -0.156917 0.441592 
1530612201534 -0.0283558 -0.946855 0.320409 -0.202397 0.887765 -0.171176 -0.427285 -0.361229 0.459423 0.272332 0.845438 0.448893 -0.0186518 -0.994086 -0.106979 0.387371 -0.155675 0.108581 -0.981823 -0.491378 0.987632 -0.00165877 -0.15678 0.441581 
1530612201729 -0.0865175 -0.954128 0.286628 -0.299546 0.970204 -0.146051 -0.193323 -0.333251 0.226317 0.261361 0.938334 0.43662 -0.0192274 -0.993959 -0.108052 0.387422 -0.155472 0.10973 -0.981727 -0.491327 0.987653 -0.00207698 -0.156643 0.44157 
1530612201930 -0.134235 -0.961513 0.239738 -0.392566 0.990693 -0.124711 0.0545364 -0.306259 -0.0225395 0.244828 0.969305 0.424262 -0.0198028 -0.993831 -0.109125 0.387471 -0.155269 0.110879 -0.98163 -0.491281 0.987674 -0.00249526 -0.156507 0.441557 
1530612202129 -0.169463 -0.968091 0.184612 -0.471042 0.948483 -0.109323 0.29737 -0.284594 -0.267699 0.225495 0.936744 0.406634 -0.0203641 -0.993702 -0.11019 0.387503 -0.155069 0.112018 -0.981532 -0.491251 0.987694 -0.00290096 -0.156373 0.441537 
1530612202324 -0.169463 -0.968091 0.184612 -0.471042 0.948483 -0.109323 0.29737 -0.284594 -0.267699 0.225495 0.936744 0.406634 -0.0202329 -0.993721 -0.110045 0.387515 -0.155086 0.111855 -0.981548 -0.491261 0.987694 -0.00279312 -0.156375 0.441547 
1530612202334 0.282374 -0.929509 0.23723 0.204062 -0.111326 -0.277374 -0.95429 -0.480225 0.952823 0.243057 -0.181802 0.497377 -0.0205668 -0.99386 -0.108717 0.38768 -0.155743 0.110597 -0.981587 -0.491248 0.987584 -0.00325622 -0.157061 0.441686 
1530612202536 0.234932 -0.927742 0.290004 0.181774 0.100908 -0.273464 -0.956575 -0.462819 0.96676 0.253994 0.0293711 0.495975 -0.0209004 -0.993997 -0.107389 0.387844 -0.1564 0.109341 -0.981623 -0.491234 0.987473 -0.0037206 -0.157747 0.441825 
1530612202708 0.172567 -0.930432 0.32329 0.0920842 0.342475 -0.25106 -0.905362 -0.441874 0.923543 0.266955 0.275325 0.490388 -0.0212333 -0.994133 -0.106061 0.388009 -0.157058 0.108084 -0.981657 -0.491221 0.987361 -0.00418613 -0.158431 0.441965 
1530612202917 0.105811 -0.934433 0.340057 -0.00710906 0.562492 -0.225761 -0.795383 -0.416622 0.820004 0.275439 0.501723 0.47709 -0.0215659 -0.994267 -0.104732 0.388174 -0.157716 0.106828 -0.981689 -0.491208 0.987249 -0.00465311 -0.159116 0.442104 
1530612203125 0.0370435 -0.940116 0.338835 -0.104837 0.748837 -0.198407 -0.632358 -0.389321 0.661718 0.277157 0.696645 0.463046 -0.021897 -0.994399 -0.103403 0.388338 -0.158374 0.105572 -0.981719 -0.491195 0.987136 -0.00512038 -0.159799 0.442243 
1530612203368 -0.0283189 -0.946811 0.320541 -0.202579 0.88778 -0.171196 -0.427246 -0.361302 0.459397 0.27247 0.845408 0.449419 -0.0222271 -0.994529 -0.102073 0.388503 -0.159033 0.104316 -0.981747 -0.491183 0.987023 -0.00558837 -0.160482 0.442382 
1530612203621 -0.0865206 -0.954113 0.286674 -0.299599 0.970204 -0.146062 -0.193312 -0.333306 0.226314 0.261407 0.938322 0.436734 -0.0225559 -0.994657 -0.100744 0.388667 -0.159692 0.10306 -0.981772 -0.491172 0.986909 -0.00605682 -0.161163 0.44252 
1530612203956 -0.134257 -0.961499 0.239779 -0.392596 0.99069 -0.124728 0.0545549 -0.306316 -0.0225473 0.244871 0.969293 0.424248 -0.0228816 -0.994783 -0.0994136 0.388827 -0.16035 0.101804 -0.981796 -0.491169 0.986795 -0.00652411 -0.161843 0.442654 
1530612204191 -0.169536 -0.968067 0.184674 -0.471128 0.948456 -0.109359 0.297443 -0.284705 -0.267749 0.225582 0.936709 0.406474 -0.0231925 -0.994907 -0.0980946 0.388954 -0.160989 0.100557 -0.98182 -0.49119 0.986684 -0.00697872 -0.162501 0.442764 
1530612204400 -0.169536 -0.968067 0.184674 -0.471128 0.948456 -0.109359 0.297443 -0.284705 -0.267749 0.225582 0.936709 0.406474 -0.0233023 -0.994898 -0.0981622 0.388917 -0.160852 0.100641 -0.981834 -0.491251 0.986703 -0.00708941 -0.162376 0.442776 
1530612204411 0.282708 -0.929392 0.237292 0.203876 -0.111413 -0.277526 -0.954236 -0.479808 0.952714 0.243332 -0.182005 0.497005 -0.0235701 -0.994944 -0.0976223 0.389028 -0.159886 0.100144 -0.982043 -0.491235 0.986854 -0.00753834 -0.161438 0.442689 
1530612204609 0.235076 -0.927702 0.290013 0.181438 0.100747 -0.273512 -0.956578 -0.462768 0.966742 0.254086 0.0291672 0.496096 -0.0238385 -0.994991 -0.0970832 0.38914 -0.15892 0.0996475 -0.98225 -0.491219 0.987004 -0.00798687 -0.1605 0.442602 
1530612204824 0.17267 -0.930403 0.32332 0.091833 0.342358 -0.251094 -0.905397 -0.441939 0.923567 0.267026 0.275174 0.490536 -0.0241076 -0.995037 -0.0965442 0.389251 -0.157954 0.0991505 -0.982456 -0.491202 0.987152 -0.00843508 -0.15956 0.442515 
1530612205059 0.105836 -0.934424 0.340076 -0.00723032 0.562481 -0.225767 -0.79539 -0.41669 0.820009 0.275466 0.501701 0.47733 -0.024377 -0.995082 -0.0960057 0.389363 -0.156988 0.0986531 -0.982661 -0.491186 0.9873 -0.00888259 -0.158621 0.442428 
1530612205293 0.0370637 -0.940103 0.338869 -0.104956 0.748836 -0.198416 -0.632357 -0.38938 0.661718 0.277195 0.69663 0.463335 -0.0246466 -0.995127 -0.0954678 0.389474 -0.156022 0.0981556 -0.982864 -0.49117 0.987446 -0.00932914 -0.157681 0.442341 
1530612205559 -0.0282958 -0.946785 0.32062 -0.202697 0.887787 -0.171208 -0.427225 -0.361348 0.459383 0.272554 0.845389 0.449734 -0.0249173 -0.995172 -0.0949293 0.389586 -0.155056 0.097657 -0.983067 -0.491155 0.987591 -0.009776 -0.156741 0.442255 
1530612205832 -0.0865205 -0.954105 0.286702 -0.299638 0.970204 -0.146068 -0.193308 -0.333339 0.226315 0.261434 0.938314 0.436799 -0.0251876 -0.995216 -0.094392 0.389698 -0.154091 0.0971586 -0.983268 -0.491142 0.987736 -0.0102212 -0.155801 0.44217 
1530612206056 -0.13427 -0.961491 0.239806 -0.392616 0.990688 -0.124739 0.0545648 -0.306355 -0.0225505 0.244899 0.969286 0.424235 -0.0254559 -0.99526 -0.0938569 0.389809 -0.153131 0.0966614 -0.983467 -0.491137 0.987878 -0.0106627 -0.154866 0.442099 
1530612206281 -0.169585 -0.96805 0.184716 -0.47118 0.948438 -0.109384 0.297491 -0.284785 -0.267782 0.225642 0.936685 0.406376 -0.0257077 -0.995303 -0.0933374 0.389905 -0.15221 0.0961768 -0.983658 -0.491159 0.988014 -0.0110807 -0.153967 0.442092 
1530612206528 -0.169585 -0.96805 0.184716 -0.47118 0.948438 -0.109384 0.297491 -0.284785 -0.267782 0.225642 0.936685 0.406376 -0.0257448 -0.995299 -0.0933648 0.389925 -0.152284 0.0962104 -0.983643 -0.491134 0.988001 -0.0111057 -0.154045 0.442063 
1530612206539 0.282917 -0.929318 0.237331 0.203751 -0.111466 -0.277621 -0.954202 -0.479557 0.952646 0.243505 -0.182131 0.496777 -0.0258433 -0.995323 -0.09308 0.389999 -0.15166 0.095937 -0.983766 -0.49114 0.988095 -0.0113072 -0.15343 0.442025 
1530612206731 0.235164 -0.927678 0.290019 0.181231 0.100648 -0.273541 -0.95658 -0.462739 0.966731 0.254143 0.0290415 0.49617 -0.0259422 -0.995347 -0.0927943 0.390073 -0.151034 0.0956626 -0.983889 -0.491146 0.988188 -0.0115092 -0.152813 0.441988 
1530612206905 0.172732 -0.930385 0.323339 0.0916798 0.342287 -0.251114 -0.905418 -0.441978 0.923582 0.267069 0.275084 0.490625 -0.0260411 -0.995371 -0.0925092 0.390148 -0.150409 0.0953884 -0.984011 -0.491152 0.988281 -0.0117105 -0.152197 0.44195 
1530612207103 0.105851 -0.934418 0.340086 -0.00730384 0.562474 -0.225771 -0.795394 -0.41673 0.820012 0.275482 0.501688 0.477467 -0.0261403 -0.995395 -0.0922237 0.390222 -0.149784 0.0951138 -0.984133 -0.491158 0.988373 -0.011912 -0.15158 0.441912 
1530612207375 0.037075 -0.940096 0.338887 -0.105026 0.748835 -0.19842 -0.632357 -0.389414 0.661719 0.277215 0.696621 0.463491 -0.0262396 -0.995419 -0.0919385 0.390296 -0.149158 0.0948392 -0.984255 -0.491164 0.988465 -0.0121131 -0.150964 0.441874 
1530612207613 -0.028283 -0.946772 0.32066 -0.202765 0.88779 -0.171214 -0.427217 -0.361373 0.459378 0.272596 0.845378 0.449896 -0.0263392 -0.995443 -0.0916532 0.39037 -0.148533 0.0945644 -0.984376 -0.491171 0.988557 -0.0123142 -0.150347 0.441837 
1530612207819 -0.0865169 -0.954102 0.286714 -0.299666 0.970203 -0.146069 -0.193312 -0.333355 0.226319 0.261446 0.93831 0.436832 -0.0264387 -0.995466 -0.0913682 0.390444 -0.147908 0.0942897 -0.984496 -0.491178 0.988648 -0.0125147 -0.14973 0.441801 
1530612208011 -0.134277 -0.961486 0.239823 -0.39263 0.990687 -0.124744 0.0545694 -0.306379 -0.0225511 0.244917 0.969282 0.424227 -0.0265371 -0.99549 -0.0910844 0.390517 -0.147286 0.0940158 -0.984616 -0.491187 0.988738 -0.0127134 -0.149116 0.441772 
1530612208195 -0.169618 -0.968039 0.184744 -0.471209 0.948426 -0.109402 0.297522 -0.284841 -0.267802 0.225682 0.93667 0.406324 -0.0266275 -0.995512 -0.0908087 0.390581 -0.146687 0.0937487 -0.98473 -0.491206 0.988824 -0.0129004 -0.148525 0.441781 
1530612208390 -0.169618 -0.968039 0.184744 -0.471209 0.948426 -0.109402 0.297522 -0.284841 -0.267802 0.225682 0.93667 0.406324 -0.0267344 -0.995492 -0.0909986 0.390546 -0.146776 0.0939536 -0.984698 -0.491208 0.988808 -0.0129689 -0.148627 0.441724 
1530612208400 0.283035 -0.929276 0.237354 0.203678 -0.111495 -0.277674 -0.954183 -0.479421 0.952607 0.243603 -0.182201 0.496651 -0.0266679 -0.995487 -0.0910788 0.390626 -0.147043 0.0940266 -0.984651 -0.491248 0.988771 -0.0128661 -0.148887 0.441801 
1530612208598 0.235214 -0.927665 0.290023 0.181115 0.100592 -0.273558 -0.956581 -0.462724 0.966724 0.254175 0.0289714 0.496212 -0.0266024 -0.995481 -0.0911597 0.390706 -0.147309 0.0941002 -0.984604 -0.491287 0.988733 -0.0127642 -0.149147 0.441878 
1530612208778 0.172766 -0.930375 0.323349 0.0915947 0.342249 -0.251125 -0.905429 -0.442 0.92359 0.267093 0.275034 0.490675 -0.0265367 -0.995475 -0.0912408 0.390786 -0.147575 0.0941741 -0.984557 -0.491327 0.988695 -0.012662 -0.149407 0.441955 
1530612208955 0.105859 -0.934415 0.340092 -0.00734468 0.56247 -0.225773 -0.795396 -0.416752 0.820013 0.275491 0.50168 0.477541 -0.0264713 -0.99547 -0.0913216 0.390866 -0.147841 0.0942476 -0.98451 -0.491366 0.988657 -0.0125602 -0.149666 0.442032 
1530612209130 0.0370804 -0.940093 0.338895 -0.105064 0.748834 -0.198423 -0.632357 -0.389433 0.661719 0.277225 0.696616 0.463574 -0.0264057 -0.995464 -0.0914028 0.390946 -0.148108 0.0943214 -0.984463 -0.491406 0.988619 -0.012458 -0.149926 0.442109 
1530612209312 -0.0282778 -0.946766 0.320677 -0.202804 0.887791 -0.171217 -0.427214 -0.36139 0.459377 0.272614 0.845373 0.449984 -0.0263408 -0.995458 -0.0914834 0.391025 -0.148373 0.0943947 -0.984416 -0.491444 0.988581 -0.0123566 -0.150186 0.442186 
1530612209510 -0.0865136 -0.954099 0.286722 -0.299695 0.970203 -0.146068 -0.193314 -0.333369 0.226322 0.261455 0.938307 0.436884 -0.0262754 -0.995452 -0.0915644 0.391104 -0.148639 0.0944683 -0.984369 -0.49148 0.988542 -0.0122546 -0.150445 0.442262 
1530612209674 -0.134283 -0.961482 0.239834 -0.392645 0.990686 -0.124749 0.0545738 -0.3064 -0.0225527 0.244929 0.969279 0.424238 -0.0262113 -0.995447 -0.0916443 0.391178 -0.148903 0.0945409 -0.984322 -0.49151 0.988504 -0.0121543 -0.150703 0.442333 
1530612209856 -0.169639 -0.968032 0.184762 -0.471226 0.948419 -0.109412 0.297541 -0.284878 -0.267814 0.225707 0.93666 0.4063 -0.026151 -0.995442 -0.0917186 0.391239 -0.149153 0.0946084 -0.984278 -0.49152 0.988468 -0.0120597 -0.150947 0.442379 
1530612210036 -0.169639 -0.968032 0.184762 -0.471226 0.948419 -0.109412 0.297541 -0.284878 -0.267814 0.225707 0.93666 0.4063 -0.0262322 -0.995437 -0.0917437 0.391236 -0.149212 0.0946462 -0.984265 -0.491521 0.988457 -0.0121301 -0.151014 0.442306 
1530612210049 0.283098 -0.929254 0.237365 0.203638 -0.111511 -0.277703 -0.954173 -0.479351 0.952586 0.243656 -0.182239 0.496585 -0.026353 -0.995434 -0.0917442 0.391328 -0.149559 0.0946692 -0.98421 -0.491542 0.988402 -0.0122157 -0.151371 0.442417 
1530612210271 0.23524 -0.927657 0.290025 0.181053 0.100563 -0.273566 -0.956582 -0.462717 0.966721 0.254192 0.0289338 0.496235 -0.0264735 -0.995431 -0.0917454 0.39142 -0.149906 0.0946929 -0.984155 -0.491564 0.988346 -0.0123008 -0.151728 0.442528 
1530612210512 0.172784 -0.93037 0.323354 0.0915492 0.342228 -0.251131 -0.905435 -0.442012 0.923594 0.267106 0.275007 0.490702 -0.0265942 -0.995427 -0.091746 0.391512 -0.150253 0.0947163 -0.9841 -0.491585 0.98829 -0.0123862 -0.152085 0.442639 
1530612210683 0.105863 -0.934413 0.340095 -0.0073666 0.562468 -0.225774 -0.795397 -0.416764 0.820014 0.275496 0.501677 0.477582 -0.0267147 -0.995424 -0.091747 0.391604 -0.150601 0.09474 -0.984045 -0.491606 0.988234 -0.0124713 -0.152442 0.442749 
1530612211011 0.0370831 -0.940091 0.3389 -0.105084 0.748834 -0.198424 -0.632358 -0.389445 0.66172 0.277229 0.696614 0.46362 -0.0268353 -0.995421 -0.0917478 0.391696 -0.150948 0.0947635 -0.983989 -0.491627 0.988177 -0.0125566 -0.152799 0.44286 
1530612211182 -0.0282759 -0.946763 0.320686 -0.202827 0.887792 -0.171219 -0.427212 -0.361402 0.459376 0.272623 0.84537 0.450036 -0.0269559 -0.995417 -0.0917486 0.391788 -0.151295 0.0947872 -0.983934 -0.491648 0.988121 -0.0126417 -0.153157 0.442971 
1530612211189 -0.086513 -0.954094 0.286741 -0.299717 0.970204 -0.14607 -0.193308 -0.333383 0.226319 0.261474 0.938302 0.436942 -0.0270767 -0.995414 -0.0917491 0.391878 -0.151642 0.0948107 -0.983878 -0.491667 0.988065 -0.0127272 -0.153513 0.44308 
1530612211419 -0.134286 -0.96148 0.239841 -0.392654 0.990686 -0.124751 0.0545765 -0.306412 -0.0225538 0.244936 0.969277 0.424247 -0.0271976 -0.995411 -0.0917487 0.391965 -0.151986 0.0948333 -0.983823 -0.491683 0.988008 -0.0128131 -0.153868 0.443184 
1530612211653 -0.16965 -0.968028 0.184772 -0.471236 0.948415 -0.109418 0.297552 -0.284898 -0.267821 0.22572 0.936655 0.406288 -0.0273169 -0.995408 -0.0917441 0.392033 -0.152314 0.0948514 -0.98377 -0.491692 0.987955 -0.0128996 -0.154206 0.443257 
