1535133955720 0.207791 0.918394 -0.336713 -0.614697 -0.936552 0.286135 0.202479 -0.239911 0.282301 0.273276 0.919579 0.389995 0.16008 -0.304787 0.938871 0.370831 -0.775623 0.549475 0.310623 -0.528794 -0.61056 -0.777934 -0.14844 0.432481 
1535133955731 0.211663 0.919684 -0.330726 -0.616828 -0.93721 0.286972 0.198204 -0.240241 0.277195 0.268007 0.922678 0.388229 0.316241 -0.38488 0.867098 0.400864 -0.930001 -0.306251 0.203246 -0.504429 0.187325 -0.870677 -0.454788 0.485926 
1535133955738 0.215501 0.920936 -0.324708 -0.618959 -0.937839 0.287833 0.193931 -0.24057 0.27206 0.262732 0.925719 0.386464 0.316241 -0.38488 0.867098 0.400864 -0.930001 -0.306251 0.203246 -0.504429 0.187325 -0.870677 -0.454788 0.485926 
1535133956276 0.219304 0.92215 -0.318661 -0.621089 -0.938441 0.288718 0.189658 -0.240899 0.266896 0.257452 0.928701 0.384699 0.316241 -0.38488 0.867098 0.400864 -0.930001 -0.306251 0.203246 -0.504429 0.187325 -0.870677 -0.454788 0.485926 
1535133956283 0.223073 0.923325 -0.312584 -0.623218 -0.939015 0.289625 0.185386 -0.241228 0.261704 0.252167 0.931624 0.382933 0.316241 -0.38488 0.867098 0.400864 -0.930001 -0.306251 0.203246 -0.504429 0.187325 -0.870677 -0.454788 0.485926 
1535133956828 0.226807 0.924461 -0.306479 -0.625346 -0.939561 0.290555 0.181115 -0.241556 0.256483 0.246878 0.934488 0.381168 0.316241 -0.38488 0.867098 0.400864 -0.930001 -0.306251 0.203246 -0.504429 0.187325 -0.870677 -0.454788 0.485926 
1535133957217 0.230506 0.925559 -0.300346 -0.627473 -0.940079 0.291509 0.176846 -0.241884 0.251235 0.241585 0.937293 0.379404 0.316241 -0.38488 0.867098 0.400864 -0.930001 -0.306251 0.203246 -0.504429 0.187325 -0.870677 -0.454788 0.485926 
1535133957608 0.234169 0.926618 -0.294184 -0.629599 -0.940569 0.292485 0.172579 -0.242212 0.245959 0.236288 0.940038 0.377639 0.316241 -0.38488 0.867098 0.400864 -0.930001 -0.306251 0.203246 -0.504429 0.187325 -0.870677 -0.454788 0.485926 
1535133958009 0.237796 0.927638 -0.287996 -0.631724 -0.94103 0.293484 0.168313 -0.242539 0.240656 0.230988 0.942724 0.375875 0.316241 -0.38488 0.867098 0.400864 -0.930001 -0.306251 0.203246 -0.504429 0.187325 -0.870677 -0.454788 0.485926 
1535133958016 0.241464 0.928545 -0.281954 -0.632956 -0.941448 0.294607 0.163961 -0.242442 0.235311 0.225854 0.945314 0.374286 0.316531 -0.385118 0.866887 0.401814 -0.929976 -0.306103 0.20358 -0.50615 0.186955 -0.870623 -0.455042 0.486735 
1535133958545 0.240976 0.928455 -0.282668 -0.63279 -0.941372 0.294459 0.164659 -0.242457 0.236112 0.226417 0.94498 0.374517 0.316531 -0.385118 0.866887 0.401814 -0.929976 -0.306103 0.20358 -0.50615 0.186955 -0.870623 -0.455042 0.486735 
1535133958559 0.240732 0.92851 -0.282697 -0.63299 -0.941351 0.294311 0.165045 -0.24258 0.236447 0.226386 0.944903 0.374322 0.316221 -0.384863 0.867113 0.400797 -0.930002 -0.306262 0.203223 -0.504308 0.187351 -0.87068 -0.45477 0.485869 
1535133958574 0.240486 0.928565 -0.282725 -0.63319 -0.941329 0.294162 0.165433 -0.242703 0.236783 0.226353 0.944827 0.374127 0.316221 -0.384863 0.867113 0.400797 -0.930002 -0.306262 0.203223 -0.504308 0.187351 -0.87068 -0.45477 0.485869 
1535133958718 0.24024 0.92862 -0.282753 -0.63339 -0.941307 0.294013 0.165821 -0.242825 0.237118 0.226321 0.944751 0.373932 0.316221 -0.384863 0.867113 0.400797 -0.930002 -0.306262 0.203223 -0.504308 0.187351 -0.87068 -0.45477 0.485869 
1535133958813 0.239995 0.928675 -0.282782 -0.63359 -0.941285 0.293864 0.166209 -0.242948 0.237454 0.226289 0.944674 0.373737 0.316221 -0.384863 0.867113 0.400797 -0.930002 -0.306262 0.203223 -0.504308 0.187351 -0.87068 -0.45477 0.485869 
1535133958820 0.239749 0.92873 -0.28281 -0.63379 -0.941263 0.293715 0.166597 -0.243071 0.237789 0.226257 0.944597 0.373542 0.316221 -0.384863 0.867113 0.400797 -0.930002 -0.306262 0.203223 -0.504308 0.187351 -0.87068 -0.45477 0.485869 
1535133958979 0.239503 0.928785 -0.282837 -0.633992 -0.941241 0.293566 0.166985 -0.243195 0.238124 0.226225 0.944521 0.373347 0.31622 -0.384863 0.867113 0.400797 -0.930002 -0.306262 0.203222 -0.504307 0.187351 -0.87068 -0.45477 0.485868 
1535133959100 0.239258 0.92884 -0.282865 -0.634192 -0.941219 0.293417 0.167373 -0.243317 0.23846 0.226193 0.944444 0.373152 0.31622 -0.384863 0.867113 0.400797 -0.930002 -0.306262 0.203222 -0.504307 0.187351 -0.87068 -0.45477 0.485868 
1535133959196 0.239012 0.928895 -0.282893 -0.634394 -0.941196 0.293268 0.16776 -0.243441 0.238795 0.226161 0.944367 0.372956 0.316221 -0.384863 0.867113 0.400796 -0.930002 -0.306262 0.203223 -0.504306 0.187351 -0.87068 -0.45477 0.485868 
1535133959202 0.238766 0.928949 -0.28292 -0.634594 -0.941173 0.293119 0.168148 -0.243564 0.23913 0.226129 0.944289 0.372761 0.316221 -0.384863 0.867113 0.400796 -0.930002 -0.306262 0.203223 -0.504306 0.187351 -0.87068 -0.45477 0.485868 
1535133959376 0.239205 0.928807 -0.283018 -0.634396 -0.94117 0.293454 0.167585 -0.243583 0.238706 0.226281 0.94436 0.372911 0.316221 -0.384863 0.867113 0.400796 -0.930002 -0.306262 0.203223 -0.504306 0.187351 -0.87068 -0.45477 0.485868 
1535133959388 0.239026 0.928847 -0.283036 -0.634501 -0.941234 0.293268 0.167547 -0.243672 0.238631 0.226356 0.944361 0.372939 0.31622 -0.384863 0.867113 0.400795 -0.930002 -0.306262 0.203222 -0.504304 0.187351 -0.87068 -0.454769 0.485867 
1535133959405 0.238846 0.928888 -0.283054 -0.634613 -0.941299 0.293081 0.167509 -0.243764 0.238555 0.22643 0.944363 0.372966 0.31622 -0.384863 0.867113 0.400795 -0.930002 -0.306262 0.203222 -0.504304 0.187351 -0.87068 -0.454769 0.485867 
1535133959422 0.238666 0.928929 -0.283072 -0.634724 -0.941364 0.292895 0.167471 -0.243855 0.238479 0.226504 0.944364 0.372993 0.31622 -0.384863 0.867113 0.400795 -0.930002 -0.306262 0.203222 -0.504304 0.187351 -0.87068 -0.454769 0.485867 
1535133959428 0.238486 0.928969 -0.283091 -0.634835 -0.941429 0.292708 0.167434 -0.243947 0.238404 0.226579 0.944365 0.37302 0.31622 -0.384863 0.867113 0.400795 -0.930002 -0.306262 0.203222 -0.504304 0.187351 -0.87068 -0.454769 0.485867 
1535133959588 0.238307 0.92901 -0.283109 -0.634946 -0.941493 0.292521 0.167396 -0.244039 0.238328 0.226653 0.944367 0.373047 0.31622 -0.384863 0.867113 0.400795 -0.930002 -0.306262 0.203222 -0.504304 0.187351 -0.87068 -0.454769 0.485867 
1535133959615 0.238127 0.92905 -0.283127 -0.635056 -0.941558 0.292335 0.167358 -0.24413 0.238252 0.226728 0.944368 0.373074 0.31622 -0.384863 0.867113 0.400795 -0.930002 -0.306262 0.203222 -0.504304 0.187351 -0.87068 -0.454769 0.485867 
1535133959668 0.237947 0.929091 -0.283145 -0.635168 -0.941623 0.292148 0.167321 -0.244222 0.238176 0.226802 0.944369 0.373101 0.31622 -0.384863 0.867113 0.400795 -0.930002 -0.306262 0.203222 -0.504304 0.187351 -0.87068 -0.454769 0.485867 
1535133959752 0.237767 0.929132 -0.283163 -0.635278 -0.941687 0.291962 0.167283 -0.244313 0.238101 0.226876 0.94437 0.373128 0.31622 -0.384863 0.867113 0.400795 -0.930002 -0.306262 0.203222 -0.504304 0.187351 -0.87068 -0.454769 0.485867 
1535133959783 0.237588 0.929172 -0.283181 -0.63539 -0.941752 0.291775 0.167245 -0.244405 0.238025 0.226951 0.944372 0.373155 0.31622 -0.384863 0.867113 0.400795 -0.930002 -0.306262 0.203222 -0.504304 0.187351 -0.87068 -0.454769 0.485867 
1535133959858 0.238025 0.929096 -0.283062 -0.635166 -0.941624 0.292188 0.167246 -0.244268 0.238095 0.226729 0.944407 0.373132 0.31622 -0.384863 0.867113 0.400795 -0.930002 -0.306262 0.203222 -0.504304 0.187351 -0.87068 -0.454769 0.485867 
1535133959872 0.237632 0.929231 -0.282951 -0.635223 -0.94177 0.291748 0.167189 -0.244361 0.237908 0.226745 0.94445 0.373203 0.31622 -0.384863 0.867113 0.400795 -0.930002 -0.306262 0.203222 -0.504304 0.187351 -0.87068 -0.454769 0.485867 
1535133959888 0.237238 0.929366 -0.282839 -0.635287 -0.941916 0.291307 0.167134 -0.244457 0.237722 0.22676 0.944494 0.373272 0.31622 -0.384863 0.867113 0.400795 -0.930002 -0.306262 0.203222 -0.504304 0.187351 -0.87068 -0.45477 0.485867 
1535133959904 0.236844 0.9295 -0.282726 -0.635349 -0.942062 0.290866 0.167079 -0.244552 0.237536 0.226774 0.944537 0.373341 0.31622 -0.384863 0.867113 0.400795 -0.930002 -0.306262 0.203222 -0.504304 0.187351 -0.87068 -0.45477 0.485867 
1535133960010 0.23645 0.929635 -0.282614 -0.635411 -0.942208 0.290425 0.167024 -0.244648 0.23735 0.226788 0.94458 0.373411 0.31622 -0.384863 0.867113 0.400795 -0.930002 -0.306262 0.203222 -0.504304 0.187351 -0.87068 -0.45477 0.485867 
1535133960078 0.236056 0.929769 -0.282502 -0.635474 -0.942354 0.289983 0.166969 -0.244743 0.237164 0.226802 0.944624 0.37348 0.31622 -0.384863 0.867113 0.400795 -0.930002 -0.306262 0.203222 -0.504304 0.187351 -0.87068 -0.45477 0.485867 
1535133960085 0.235662 0.929903 -0.28239 -0.635536 -0.942499 0.289542 0.166914 -0.244838 0.236977 0.226817 0.944667 0.37355 0.31622 -0.384863 0.867113 0.400795 -0.930002 -0.306262 0.203222 -0.504304 0.187351 -0.87068 -0.45477 0.485867 
1535133960206 0.235268 0.930037 -0.282277 -0.635599 -0.942645 0.289101 0.166859 -0.244934 0.236791 0.226831 0.94471 0.373619 0.31622 -0.384863 0.867113 0.400795 -0.930002 -0.306262 0.203222 -0.504304 0.187351 -0.87068 -0.45477 0.485867 
1535133960253 0.234874 0.930171 -0.282165 -0.635661 -0.94279 0.288659 0.166803 -0.245029 0.236605 0.226845 0.944754 0.373689 0.31622 -0.384863 0.867113 0.400795 -0.930002 -0.306262 0.203222 -0.504304 0.187351 -0.87068 -0.45477 0.485867 
1535133960332 0.234479 0.930304 -0.282053 -0.635724 -0.942935 0.288218 0.166748 -0.245125 0.236419 0.226858 0.944797 0.373758 0.31622 -0.384863 0.867113 0.400795 -0.930002 -0.306262 0.203222 -0.504304 0.187351 -0.87068 -0.45477 0.485867 
1535133960399 0.234958 0.930181 -0.282059 -0.635596 -0.942726 0.288762 0.166986 -0.244924 0.236775 0.22667 0.944753 0.373725 0.31622 -0.384863 0.867113 0.400795 -0.930002 -0.306262 0.203222 -0.504304 0.187351 -0.87068 -0.45477 0.485867 
1535133960412 0.234884 0.930277 -0.281804 -0.635626 -0.942931 0.288466 0.166335 -0.244983 0.236029 0.226652 0.944944 0.373737 0.31622 -0.384863 0.867113 0.400795 -0.930002 -0.306262 0.203222 -0.504304 0.187351 -0.87068 -0.45477 0.485867 
1535133960428 0.23481 0.930374 -0.281547 -0.635663 -0.943136 0.28817 0.165686 -0.245045 0.235283 0.226633 0.945135 0.373747 0.31622 -0.384863 0.867113 0.400795 -0.930002 -0.306262 0.203222 -0.504304 0.187351 -0.87068 -0.45477 0.485867 
1535133960446 0.234736 0.93047 -0.281291 -0.635698 -0.94334 0.287875 0.165036 -0.245106 0.234538 0.226614 0.945324 0.373758 0.31622 -0.384863 0.867113 0.400795 -0.930002 -0.306262 0.203222 -0.504304 0.187351 -0.87068 -0.45477 0.485867 
1535133960462 0.234661 0.930566 -0.281035 -0.635733 -0.943544 0.287579 0.164386 -0.245167 0.233792 0.226594 0.945514 0.373769 0.31622 -0.384863 0.867113 0.400795 -0.930002 -0.306262 0.203222 -0.504304 0.187351 -0.87068 -0.45477 0.485867 
1535133960555 0.234586 0.930662 -0.280779 -0.635769 -0.943747 0.287284 0.163736 -0.245228 0.233046 0.226574 0.945703 0.37378 0.31622 -0.384863 0.867113 0.400795 -0.930002 -0.306262 0.203222 -0.504304 0.187351 -0.87068 -0.45477 0.485867 
1535133960572 0.234512 0.930758 -0.280524 -0.635804 -0.94395 0.286988 0.163085 -0.245289 0.2323 0.226555 0.945891 0.373791 0.31622 -0.384863 0.867113 0.400795 -0.930002 -0.306262 0.203222 -0.504304 0.187351 -0.87068 -0.45477 0.485867 
1535133960599 0.234436 0.930854 -0.280267 -0.63584 -0.944152 0.286692 0.162435 -0.245351 0.231554 0.226534 0.946079 0.373802 0.31622 -0.384863 0.867113 0.400795 -0.930002 -0.306262 0.203222 -0.504304 0.187351 -0.87068 -0.45477 0.485867 
1535133960651 0.234361 0.93095 -0.280012 -0.635875 -0.944353 0.286397 0.161784 -0.245412 0.230808 0.226514 0.946266 0.373812 0.31622 -0.384863 0.867113 0.400795 -0.930002 -0.306262 0.203222 -0.504304 0.187351 -0.87068 -0.45477 0.485867 
1535133960699 0.234285 0.931046 -0.279756 -0.635911 -0.944554 0.286101 0.161133 -0.245474 0.230061 0.226493 0.946453 0.373823 0.31622 -0.384863 0.867113 0.400795 -0.930002 -0.306262 0.203222 -0.504304 0.187351 -0.87068 -0.45477 0.485867 
1535133960733 0.234625 0.930692 -0.280648 -0.635814 -0.943914 0.287125 0.163048 -0.245284 0.232328 0.226653 0.94586 0.373761 0.31622 -0.384863 0.867113 0.400795 -0.930002 -0.306262 0.203222 -0.504304 0.187351 -0.87068 -0.45477 0.485867 
1535133960744 0.23504 0.930658 -0.280412 -0.635798 -0.94397 0.287326 0.162373 -0.24525 0.231684 0.226536 0.946046 0.373747 0.31622 -0.384863 0.867113 0.400795 -0.930002 -0.306262 0.203222 -0.504304 0.187351 -0.87068 -0.45477 0.485867 
1535133960760 0.235455 0.930625 -0.280176 -0.635779 -0.944025 0.287526 0.161698 -0.245214 0.231038 0.226421 0.946232 0.373734 0.31622 -0.384863 0.867113 0.400795 -0.930002 -0.306262 0.203222 -0.504304 0.187351 -0.87068 -0.45477 0.485867 
1535133960904 0.235869 0.930591 -0.27994 -0.635759 -0.944079 0.287726 0.161022 -0.245179 0.230392 0.226305 0.946417 0.373721 0.31622 -0.384863 0.867113 0.400795 -0.930002 -0.306262 0.203222 -0.504304 0.187351 -0.87068 -0.45477 0.485867 
1535133960936 0.236283 0.930557 -0.279704 -0.635739 -0.944133 0.287927 0.160347 -0.245143 0.229746 0.22619 0.946602 0.373708 0.31622 -0.384863 0.867113 0.400795 -0.930002 -0.306262 0.203222 -0.504304 0.187351 -0.87068 -0.45477 0.485867 
1535133961020 0.236697 0.930523 -0.279467 -0.635719 -0.944186 0.288127 0.159671 -0.245106 0.2291 0.226075 0.946786 0.373695 0.31622 -0.384863 0.867113 0.400795 -0.930002 -0.306262 0.203222 -0.504304 0.187351 -0.87068 -0.45477 0.485867 
1535133961076 0.23711 0.930489 -0.27923 -0.635698 -0.944239 0.288327 0.158996 -0.24507 0.228453 0.225961 0.946969 0.373682 0.31622 -0.384863 0.867113 0.400795 -0.930002 -0.306262 0.203222 -0.504304 0.187351 -0.87068 -0.45477 0.485867 
1535133961150 0.237524 0.930454 -0.278993 -0.635678 -0.944292 0.288528 0.15832 -0.245034 0.227807 0.225846 0.947152 0.373668 0.31622 -0.384863 0.867113 0.400795 -0.930002 -0.306262 0.203222 -0.504304 0.187351 -0.87068 -0.45477 0.485867 
1535133961207 0.237937 0.93042 -0.278755 -0.635659 -0.944343 0.288728 0.157644 -0.244999 0.22716 0.225731 0.947335 0.373655 0.31622 -0.384863 0.867113 0.400795 -0.930002 -0.306262 0.203222 -0.504304 0.187351 -0.87068 -0.45477 0.485867 
1535133961270 0.23835 0.930386 -0.278517 -0.635638 -0.944394 0.288929 0.156969 -0.244962 0.226513 0.225617 0.947517 0.373642 0.31622 -0.384863 0.867113 0.400795 -0.930002 -0.306262 0.203222 -0.504304 0.187351 -0.87068 -0.45477 0.485867 
1535133961350 0.23772 0.930445 -0.278856 -0.63564 -0.944307 0.288628 0.158046 -0.245067 0.227538 0.225755 0.947239 0.373685 0.31622 -0.384863 0.867113 0.400795 -0.930002 -0.306262 0.203222 -0.504304 0.187351 -0.87068 -0.45477 0.485867 
1535133961362 0.238322 0.930332 -0.278719 -0.635458 -0.94417 0.289167 0.157882 -0.244986 0.227479 0.225531 0.947306 0.373735 0.31622 -0.384863 0.867113 0.400795 -0.930002 -0.306262 0.203222 -0.504304 0.187351 -0.87068 -0.45477 0.485867 
1535133961379 0.238924 0.930219 -0.278583 -0.63527 -0.944032 0.289705 0.157716 -0.244901 0.227417 0.225309 0.947374 0.373787 0.31622 -0.384863 0.867113 0.400795 -0.930002 -0.306262 0.203222 -0.504304 0.187351 -0.87068 -0.45477 0.485867 
1535133961521 0.239526 0.930105 -0.278446 -0.635083 -0.943895 0.290243 0.15755 -0.244818 0.227355 0.225087 0.947442 0.373838 0.31622 -0.384863 0.867113 0.400795 -0.930002 -0.306262 0.203222 -0.504304 0.187351 -0.87068 -0.45477 0.485867 
1535133961597 0.240128 0.92999 -0.27831 -0.634896 -0.943757 0.290781 0.157385 -0.244734 0.227293 0.224865 0.947509 0.37389 0.31622 -0.384863 0.867113 0.400795 -0.930002 -0.306262 0.203222 -0.504304 0.187351 -0.87068 -0.45477 0.485867 
1535133961703 0.240729 0.929876 -0.278174 -0.634709 -0.943618 0.291319 0.157219 -0.24465 0.227231 0.224643 0.947577 0.373941 0.31622 -0.384863 0.867113 0.400795 -0.930002 -0.306262 0.203222 -0.504304 0.187351 -0.87068 -0.45477 0.485867 
1535133961805 0.241331 0.929761 -0.278037 -0.634522 -0.94348 0.291857 0.157054 -0.244566 0.227169 0.22442 0.947644 0.373992 0.31622 -0.384863 0.867113 0.400795 -0.930002 -0.306262 0.203222 -0.504304 0.187351 -0.87068 -0.45477 0.485867 
1535133961898 0.241932 0.929645 -0.2779 -0.634334 -0.94334 0.292395 0.156888 -0.244482 0.227107 0.224198 0.947712 0.374044 0.31622 -0.384863 0.867113 0.400795 -0.930002 -0.306262 0.203222 -0.504304 0.187351 -0.87068 -0.45477 0.485867 
1535133962001 0.242533 0.929529 -0.277763 -0.634148 -0.943201 0.292933 0.156723 -0.244398 0.227045 0.223976 0.947779 0.374095 0.31622 -0.384863 0.867113 0.400795 -0.930002 -0.306262 0.203222 -0.504304 0.187351 -0.87068 -0.45477 0.485867 
1535133962088 0.243134 0.929413 -0.277626 -0.633961 -0.943061 0.29347 0.156558 -0.244315 0.226982 0.223754 0.947847 0.374146 0.31622 -0.384863 0.867113 0.400795 -0.930002 -0.306262 0.203222 -0.504304 0.187351 -0.87068 -0.45477 0.485867 
1535133962222 0.242452 0.929567 -0.27771 -0.634167 -0.943214 0.292854 0.156795 -0.24432 0.22708 0.223924 0.947783 0.374107 0.31622 -0.384863 0.867113 0.400795 -0.930002 -0.306262 0.203222 -0.504304 0.187351 -0.87068 -0.45477 0.485867 
1535133962234 0.242525 0.929537 -0.277744 -0.633833 -0.943135 0.292988 0.157014 -0.24424 0.227326 0.22387 0.947737 0.374256 0.31622 -0.384863 0.867113 0.400795 -0.930002 -0.306262 0.203222 -0.504304 0.187351 -0.87068 -0.45477 0.485867 
1535133962240 0.242598 0.929508 -0.277779 -0.633494 -0.943057 0.293122 0.157233 -0.244159 0.227573 0.223818 0.94769 0.374405 0.31622 -0.384863 0.867113 0.400795 -0.930002 -0.306262 0.203222 -0.504304 0.187351 -0.87068 -0.45477 0.485867 
1535133962438 0.242671 0.929478 -0.277815 -0.633156 -0.942979 0.293257 0.157451 -0.244078 0.227819 0.223765 0.947643 0.374555 0.31622 -0.384863 0.867113 0.400795 -0.930002 -0.306262 0.203222 -0.504304 0.187351 -0.87068 -0.45477 0.485867 
1535133962445 0.242743 0.929449 -0.277851 -0.632817 -0.942901 0.293391 0.15767 -0.243996 0.228065 0.223712 0.947597 0.374705 0.31622 -0.384863 0.867113 0.400795 -0.930002 -0.306262 0.203222 -0.504304 0.187351 -0.87068 -0.45477 0.485867 
1535133962655 0.242816 0.929419 -0.277886 -0.632477 -0.942823 0.293525 0.157888 -0.243914 0.228311 0.22366 0.94755 0.374855 0.31622 -0.384863 0.867113 0.400795 -0.930002 -0.306262 0.203222 -0.504304 0.187351 -0.87068 -0.45477 0.485867 
1535133962804 0.242889 0.929389 -0.277922 -0.632139 -0.942744 0.293659 0.158107 -0.243833 0.228557 0.223607 0.947503 0.375004 0.31622 -0.384863 0.867113 0.400795 -0.930002 -0.306262 0.203222 -0.504304 0.187351 -0.87068 -0.45477 0.485867 
1535133962956 0.242962 0.92936 -0.277958 -0.631799 -0.942666 0.293793 0.158325 -0.243751 0.228803 0.223554 0.947456 0.375154 0.31622 -0.384863 0.867113 0.400795 -0.930002 -0.306262 0.203222 -0.504304 0.187351 -0.87068 -0.45477 0.485867 
1535133963099 0.243035 0.92933 -0.277993 -0.631461 -0.942587 0.293927 0.158544 -0.24367 0.229049 0.223501 0.947409 0.375304 0.31622 -0.384863 0.867113 0.400795 -0.930002 -0.306262 0.203222 -0.504304 0.187351 -0.87068 -0.45477 0.485867 
1535133963243 0.243107 0.9293 -0.278029 -0.631121 -0.942509 0.294061 0.158762 -0.243588 0.229295 0.223449 0.947362 0.375453 0.31622 -0.384863 0.867113 0.400795 -0.930002 -0.306262 0.203222 -0.504304 0.187351 -0.87068 -0.45477 0.485867 
1535133963411 0.242995 0.929333 -0.278016 -0.631357 -0.942586 0.293905 0.158593 -0.243615 0.229096 0.223517 0.947394 0.375328 0.31622 -0.384863 0.867113 0.400795 -0.930002 -0.306262 0.203222 -0.504304 0.187351 -0.87068 -0.45477 0.485867 
1535133963426 0.243003 0.929325 -0.278038 -0.630921 -0.942519 0.293979 0.158854 -0.243456 0.229364 0.223454 0.947344 0.375469 0.31622 -0.384863 0.867113 0.400795 -0.930002 -0.306262 0.203222 -0.504304 0.187351 -0.87068 -0.45477 0.485867 
1535133963432 0.243011 0.929316 -0.27806 -0.630478 -0.942451 0.294054 0.159116 -0.243294 0.229634 0.223391 0.947293 0.375612 0.31622 -0.384863 0.867113 0.400795 -0.930002 -0.306262 0.203222 -0.504304 0.187351 -0.87068 -0.45477 0.485867 
1535133963675 0.243018 0.929307 -0.278082 -0.630036 -0.942384 0.294129 0.159377 -0.243132 0.229903 0.223328 0.947243 0.375754 0.31622 -0.384863 0.867113 0.400795 -0.930002 -0.306262 0.203222 -0.504304 0.187351 -0.87068 -0.45477 0.485867 
1535133963852 0.243026 0.929299 -0.278104 -0.629594 -0.942316 0.294204 0.159639 -0.242971 0.230172 0.223266 0.947192 0.375896 0.31622 -0.384863 0.867113 0.400795 -0.930002 -0.306262 0.203222 -0.504304 0.187351 -0.87068 -0.45477 0.485867 
1535133964037 0.243008 0.929326 -0.278029 -0.62982 -0.942378 0.294118 0.159431 -0.243042 0.229937 0.223265 0.94725 0.375832 -0.171532 -0.637059 0.751487 0.386226 -0.86258 -0.271401 -0.426964 -0.583707 0.475955 -0.721455 -0.50296 0.479795 
1535133964048 0.242976 0.929293 -0.278169 -0.629265 -0.942234 0.294259 0.160022 -0.242864 0.230561 0.223219 0.947109 0.37602 0.316198 -0.384843 0.86713 0.400722 -0.930004 -0.306273 0.203197 -0.504177 0.18738 -0.870685 -0.454748 0.485806 
1535133964067 0.242944 0.929259 -0.27831 -0.628711 -0.942089 0.294401 0.160611 -0.242685 0.231184 0.223173 0.946968 0.376208 0.316198 -0.384843 0.86713 0.400722 -0.930004 -0.306273 0.203197 -0.504177 0.18738 -0.870685 -0.454748 0.485806 
1535133964328 0.242912 0.929225 -0.278451 -0.628156 -0.941944 0.294542 0.161201 -0.242506 0.231807 0.223127 0.946826 0.376395 0.316198 -0.384843 0.86713 0.400722 -0.930004 -0.306273 0.203197 -0.504177 0.18738 -0.870685 -0.454748 0.485806 
1535133964511 0.242879 0.929191 -0.278592 -0.627601 -0.941799 0.294683 0.16179 -0.242328 0.23243 0.223082 0.946684 0.376583 0.316198 -0.384843 0.86713 0.400722 -0.930004 -0.306273 0.203197 -0.504177 0.18738 -0.870685 -0.454748 0.485806 
1535133964699 0.242847 0.929158 -0.278732 -0.627046 -0.941654 0.294824 0.16238 -0.242149 0.233054 0.223036 0.946542 0.376771 0.316198 -0.384843 0.86713 0.400722 -0.930004 -0.306273 0.203197 -0.504177 0.18738 -0.870685 -0.454748 0.485806 
1535133964901 0.242814 0.929124 -0.278873 -0.626491 -0.941508 0.294965 0.162969 -0.241971 0.233677 0.22299 0.946399 0.376959 0.316198 -0.384843 0.86713 0.400722 -0.930004 -0.306273 0.203197 -0.504177 0.18738 -0.870685 -0.454748 0.485806 
1535133965093 0.242782 0.92909 -0.279014 -0.625936 -0.941361 0.295106 0.163559 -0.241792 0.234299 0.222944 0.946256 0.377147 0.316198 -0.384843 0.86713 0.400722 -0.930004 -0.306273 0.203197 -0.504177 0.18738 -0.870685 -0.454748 0.485806 
1535133965284 0.242749 0.929056 -0.279155 -0.625381 -0.941214 0.295248 0.164148 -0.241613 0.234922 0.222898 0.946112 0.377335 0.316198 -0.384843 0.86713 0.400722 -0.930004 -0.306273 0.203197 -0.504177 0.18738 -0.870685 -0.454748 0.485806 
1535133965471 0.242695 0.929042 -0.279248 -0.625066 -0.941071 0.295361 0.164761 -0.24155 0.235549 0.222806 0.945978 0.377476 0.31599 -0.384668 0.867283 0.400093 -0.930024 -0.306368 0.202965 -0.503033 0.187634 -0.870729 -0.45456 0.485251 
1535133965626 0.242854 0.928984 -0.279304 -0.625309 -0.941127 0.295431 0.164316 -0.241641 0.235162 0.222956 0.946039 0.377376 0.31599 -0.384668 0.867283 0.400093 -0.930024 -0.306368 0.202965 -0.503033 0.187634 -0.870729 -0.45456 0.485251 
1535133965639 0.24288 0.928869 -0.279663 -0.624904 -0.941018 0.295617 0.164609 -0.241474 0.235573 0.223188 0.945882 0.377531 0.316219 -0.384862 0.867114 0.400792 -0.930002 -0.306263 0.203221 -0.504299 0.187353 -0.870681 -0.454768 0.485865 
1535133965674 0.242906 0.928754 -0.280022 -0.624499 -0.940908 0.295803 0.164901 -0.241307 0.235984 0.22342 0.945725 0.377686 0.316219 -0.384862 0.867114 0.400792 -0.930002 -0.306263 0.203221 -0.504299 0.187353 -0.870681 -0.454768 0.485865 
1535133965680 0.242932 0.928639 -0.280381 -0.624092 -0.940798 0.295989 0.165193 -0.241139 0.236395 0.223652 0.945567 0.377842 0.316219 -0.384862 0.867114 0.400793 -0.930002 -0.306263 0.203221 -0.504301 0.187353 -0.87068 -0.454769 0.485865 
1535133965928 0.242957 0.928524 -0.280741 -0.623685 -0.940688 0.296175 0.165486 -0.240971 0.236806 0.223884 0.94541 0.377997 0.31622 -0.384862 0.867114 0.400794 -0.930002 -0.306263 0.203221 -0.504302 0.187352 -0.87068 -0.454769 0.485866 
1535133966110 0.242983 0.928408 -0.2811 -0.623279 -0.940578 0.296362 0.165778 -0.240803 0.237217 0.224115 0.945252 0.378152 0.31622 -0.384862 0.867114 0.400794 -0.930002 -0.306263 0.203221 -0.504302 0.187352 -0.87068 -0.454769 0.485866 
1535133966290 0.243008 0.928293 -0.281459 -0.622871 -0.940468 0.296548 0.16607 -0.240635 0.237627 0.224347 0.945093 0.378308 0.316219 -0.384862 0.867114 0.400794 -0.930002 -0.306263 0.203221 -0.504302 0.187353 -0.870681 -0.454769 0.485866 
1535133966466 0.243033 0.928177 -0.281818 -0.622464 -0.940358 0.296734 0.166362 -0.240467 0.238038 0.224579 0.944935 0.378463 0.316219 -0.384862 0.867114 0.400794 -0.930002 -0.306263 0.203221 -0.504302 0.187353 -0.870681 -0.454769 0.485866 
1535133966646 0.243059 0.928062 -0.282178 -0.622056 -0.940247 0.296921 0.166653 -0.240298 0.238449 0.22481 0.944776 0.378619 0.31622 -0.384862 0.867114 0.400794 -0.930002 -0.306262 0.203222 -0.504303 0.187352 -0.87068 -0.454769 0.485866 
1535133966826 0.243083 0.927946 -0.282537 -0.62165 -0.940136 0.297108 0.166945 -0.24013 0.23886 0.225042 0.944618 0.378775 0.31622 -0.384862 0.867114 0.400794 -0.930002 -0.306262 0.203222 -0.504303 0.187352 -0.87068 -0.454769 0.485866 
1535133967015 0.242849 0.928012 -0.282519 -0.621877 -0.940244 0.296836 0.16682 -0.240133 0.238673 0.225125 0.944645 0.378661 0.31622 -0.384862 0.867114 0.400794 -0.930002 -0.306262 0.203222 -0.504303 0.187352 -0.87068 -0.454769 0.485866 
1535133967029 0.242962 0.927941 -0.282658 -0.621619 -0.940157 0.297023 0.166977 -0.240043 0.238901 0.225174 0.944576 0.378744 0.31622 -0.384862 0.867114 0.400795 -0.930002 -0.306262 0.203222 -0.504304 0.187352 -0.87068 -0.454769 0.485867 
1535133967043 0.243064 0.927873 -0.282793 -0.621346 -0.940073 0.2972 0.167139 -0.23994 0.23913 0.22522 0.944507 0.378832 0.31622 -0.384862 0.867114 0.400795 -0.930002 -0.306262 0.203222 -0.504304 0.187352 -0.87068 -0.454769 0.485867 
1535133967205 0.243166 0.927805 -0.282927 -0.621076 -0.939988 0.297377 0.167302 -0.239836 0.239359 0.225266 0.944438 0.37892 0.31622 -0.384862 0.867114 0.400795 -0.930002 -0.306262 0.203222 -0.504304 0.187352 -0.87068 -0.454769 0.485867 
1535133967338 0.243269 0.927737 -0.283061 -0.620805 -0.939903 0.297553 0.167464 -0.239733 0.239588 0.225311 0.944369 0.379007 0.31622 -0.384862 0.867114 0.400795 -0.930002 -0.306262 0.203222 -0.504304 0.187352 -0.87068 -0.454769 0.485867 
1535133967446 0.243371 0.92767 -0.283196 -0.620533 -0.939818 0.29773 0.167626 -0.23963 0.239818 0.225357 0.9443 0.379095 0.31622 -0.384862 0.867114 0.400795 -0.930002 -0.306262 0.203222 -0.504304 0.187352 -0.87068 -0.454769 0.485867 
1535133967562 0.243473 0.927602 -0.28333 -0.620263 -0.939733 0.297907 0.167789 -0.239527 0.240047 0.225402 0.944231 0.379182 0.31622 -0.384862 0.867114 0.400795 -0.930002 -0.306262 0.203222 -0.504304 0.187352 -0.87068 -0.454769 0.485867 
1535133967681 0.243575 0.927534 -0.283464 -0.619991 -0.939648 0.298084 0.167951 -0.239423 0.240276 0.225448 0.944161 0.37927 0.31622 -0.384862 0.867114 0.400795 -0.930002 -0.306262 0.203222 -0.504304 0.187352 -0.87068 -0.454769 0.485867 
1535133967925 0.243677 0.927466 -0.283598 -0.619721 -0.939563 0.29826 0.168113 -0.23932 0.240505 0.225493 0.944092 0.379357 0.31622 -0.384862 0.867114 0.400795 -0.930002 -0.306262 0.203222 -0.504304 0.187352 -0.87068 -0.454769 0.485867 
1535133968053 0.243779 0.927398 -0.283733 -0.61945 -0.939478 0.298437 0.168275 -0.239217 0.240735 0.225539 0.944023 0.379444 0.31622 -0.384862 0.867114 0.400795 -0.930002 -0.306262 0.203222 -0.504304 0.187352 -0.87068 -0.454769 0.485867 
1535133968201 0.243792 0.927433 -0.283608 -0.619643 -0.939536 0.298369 0.168069 -0.239374 0.240493 0.225486 0.944097 0.379405 0.31622 -0.384862 0.867114 0.400795 -0.930002 -0.306262 0.203222 -0.504304 0.187352 -0.87068 -0.454769 0.485867 
1535133968215 0.243774 0.92743 -0.283634 -0.619433 -0.939513 0.298383 0.168175 -0.239279 0.240602 0.225481 0.94407 0.379424 0.31622 -0.384862 0.867114 0.400795 -0.930002 -0.306262 0.203222 -0.504304 0.187352 -0.87068 -0.454769 0.485867 
1535133968231 0.243757 0.927426 -0.283661 -0.619216 -0.93949 0.298397 0.168279 -0.23918 0.24071 0.225478 0.944044 0.379444 0.31622 -0.384862 0.867114 0.400795 -0.930002 -0.306262 0.203222 -0.504304 0.187352 -0.87068 -0.454769 0.485867 
1535133968260 0.243739 0.927422 -0.283688 -0.619001 -0.939467 0.298412 0.168384 -0.239083 0.240819 0.225473 0.944017 0.379464 0.31622 -0.384862 0.867114 0.400795 -0.930002 -0.306262 0.203222 -0.504304 0.187352 -0.87068 -0.454769 0.485867 
1535133968418 0.243722 0.927419 -0.283715 -0.618785 -0.939443 0.298426 0.168489 -0.238985 0.240928 0.225469 0.94399 0.379485 0.31622 -0.384862 0.867114 0.400795 -0.930002 -0.306262 0.203222 -0.504304 0.187352 -0.87068 -0.454769 0.485867 
1535133968478 0.243704 0.927415 -0.283741 -0.618571 -0.93942 0.29844 0.168594 -0.238888 0.241036 0.225465 0.943963 0.379504 0.31622 -0.384862 0.867114 0.400795 -0.930002 -0.306262 0.203222 -0.504304 0.187352 -0.87068 -0.454769 0.485867 
1535133968596 0.243687 0.927412 -0.283768 -0.618355 -0.939397 0.298454 0.168698 -0.23879 0.241145 0.225461 0.943937 0.379525 0.31622 -0.384862 0.867114 0.400795 -0.930002 -0.306262 0.203222 -0.504304 0.187352 -0.87068 -0.454769 0.485867 
1535133968653 0.243669 0.927408 -0.283795 -0.61814 -0.939373 0.298468 0.168803 -0.238692 0.241253 0.225457 0.94391 0.379545 0.31622 -0.384862 0.867114 0.400795 -0.930002 -0.306262 0.203222 -0.504304 0.187352 -0.87068 -0.454769 0.485867 
1535133968775 0.243652 0.927404 -0.283822 -0.617923 -0.93935 0.298483 0.168908 -0.238594 0.241362 0.225453 0.943883 0.379565 0.31622 -0.384862 0.867114 0.400795 -0.930002 -0.306262 0.203222 -0.504304 0.187352 -0.87068 -0.454769 0.485867 
1535133968833 0.243634 0.927401 -0.283848 -0.617709 -0.939327 0.298497 0.169013 -0.238496 0.24147 0.225449 0.943856 0.379585 0.31622 -0.384862 0.867114 0.400795 -0.930002 -0.306262 0.203222 -0.504304 0.187352 -0.87068 -0.454769 0.485867 
1535133968961 0.243498 0.927456 -0.283787 -0.617973 -0.93942 0.298301 0.168839 -0.238509 0.241244 0.225483 0.943906 0.37953 0.31622 -0.384862 0.867114 0.400795 -0.930002 -0.306262 0.203222 -0.504304 0.187352 -0.87068 -0.454769 0.485867 
1535133968972 0.243584 0.927425 -0.283812 -0.617772 -0.939385 0.2984 0.168859 -0.23844 0.241294 0.225477 0.943895 0.379588 0.31622 -0.384862 0.867114 0.400795 -0.930002 -0.306262 0.203222 -0.504304 0.187352 -0.87068 -0.454769 0.485867 
1535133968989 0.243671 0.927394 -0.283838 -0.617565 -0.93935 0.2985 0.16888 -0.238368 0.241344 0.225472 0.943883 0.379647 0.31622 -0.384862 0.867114 0.400795 -0.930002 -0.306262 0.203222 -0.504304 0.187352 -0.87068 -0.454769 0.485867 
1535133969005 0.243758 0.927364 -0.283864 -0.617359 -0.939314 0.298599 0.1689 -0.238297 0.241393 0.225467 0.943872 0.379705 0.31622 -0.384862 0.867114 0.400795 -0.930002 -0.306262 0.203222 -0.504304 0.187352 -0.87068 -0.454769 0.485867 
1535133969164 0.243845 0.927333 -0.28389 -0.617153 -0.939279 0.298699 0.16892 -0.238226 0.241443 0.225462 0.94386 0.379764 0.31622 -0.384862 0.867114 0.400795 -0.930002 -0.306262 0.203222 -0.504304 0.187352 -0.87068 -0.454769 0.485867 
1535133969212 0.243932 0.927302 -0.283916 -0.616948 -0.939244 0.298798 0.168941 -0.238155 0.241493 0.225457 0.943849 0.379822 0.31622 -0.384862 0.867114 0.400795 -0.930002 -0.306262 0.203222 -0.504304 0.187352 -0.87068 -0.454769 0.485867 
1535133969343 0.244018 0.927271 -0.283943 -0.616741 -0.939208 0.298898 0.168961 -0.238083 0.241543 0.225452 0.943837 0.379881 0.31622 -0.384862 0.867114 0.400795 -0.930002 -0.306262 0.203222 -0.504304 0.187352 -0.87068 -0.454769 0.485867 
1535133969388 0.244105 0.92724 -0.283969 -0.616536 -0.939173 0.298997 0.168982 -0.238013 0.241592 0.225446 0.943826 0.37994 0.31622 -0.384862 0.867114 0.400795 -0.930002 -0.306262 0.203222 -0.504304 0.187352 -0.87068 -0.454769 0.485867 
1535133969519 0.244192 0.927209 -0.283995 -0.616329 -0.939138 0.299097 0.169002 -0.237941 0.241642 0.225441 0.943814 0.379999 0.31622 -0.384862 0.867114 0.400795 -0.930002 -0.306262 0.203222 -0.504304 0.187352 -0.87068 -0.454769 0.485867 
1535133969526 0.244279 0.927179 -0.284021 -0.616123 -0.939102 0.299196 0.169022 -0.23787 0.241692 0.225436 0.943803 0.380057 0.31622 -0.384862 0.867114 0.400795 -0.930002 -0.306262 0.203222 -0.504304 0.187352 -0.87068 -0.454769 0.485867 
1535133969711 0.24426 0.927184 -0.284019 -0.616313 -0.9391 0.299185 0.169056 -0.238017 0.24172 0.225428 0.943797 0.380015 0.31622 -0.384862 0.867114 0.400795 -0.930002 -0.306262 0.203222 -0.504304 0.187352 -0.87068 -0.454769 0.485867 
1535133969724 0.244323 0.927084 -0.28429 -0.616058 -0.9391 0.299279 0.168888 -0.237918 0.241655 0.225714 0.943746 0.38013 0.31622 -0.384862 0.867114 0.400795 -0.930002 -0.306262 0.203222 -0.504304 0.187352 -0.87068 -0.454769 0.485867 
1535133969740 0.244385 0.926984 -0.284563 -0.615799 -0.939101 0.299372 0.168719 -0.237818 0.24159 0.226001 0.943694 0.380246 0.31622 -0.384862 0.867114 0.400795 -0.930002 -0.306262 0.203222 -0.504304 0.187352 -0.87068 -0.454769 0.485867 
1535133969746 0.244447 0.926884 -0.284835 -0.61554 -0.939101 0.299465 0.16855 -0.237717 0.241525 0.226288 0.943642 0.380362 0.31622 -0.384862 0.867114 0.400795 -0.930002 -0.306262 0.203222 -0.504304 0.187352 -0.87068 -0.454769 0.485867 
1535133969966 0.244136 0.927053 -0.284553 -0.615768 -0.93915 0.299147 0.168843 -0.237663 0.24165 0.226017 0.943675 0.380242 -0.114643 0.7395 0.663323 0.375117 -0.828877 0.296838 -0.474184 -0.589657 -0.547558 -0.604174 0.578924 0.616112 
1535133969979 0.244268 0.927046 -0.284462 -0.615352 -0.939128 0.299245 0.168794 -0.237503 0.241604 0.225915 0.943711 0.380351 0.316166 -0.384825 0.867149 0.400618 -0.930006 -0.306294 0.203157 -0.503962 0.187423 -0.870686 -0.45473 0.485715 
1535133969996 0.2444 0.927039 -0.284371 -0.614936 -0.939105 0.299343 0.168744 -0.237344 0.241557 0.225813 0.943747 0.38046 0.316166 -0.384825 0.867149 0.400618 -0.930006 -0.306294 0.203157 -0.503962 0.187423 -0.870686 -0.45473 0.485715 
1535133970237 0.244532 0.927033 -0.28428 -0.614519 -0.939083 0.299442 0.168695 -0.237184 0.241511 0.225711 0.943783 0.380569 0.316166 -0.384825 0.867149 0.400618 -0.930006 -0.306294 0.203157 -0.503962 0.187423 -0.870686 -0.45473 0.485715 
1535133970416 0.244664 0.927026 -0.284189 -0.614103 -0.939061 0.29954 0.168645 -0.237024 0.241464 0.225609 0.94382 0.380678 0.316166 -0.384825 0.867149 0.400618 -0.930006 -0.306294 0.203157 -0.503962 0.187423 -0.870686 -0.45473 0.485715 
