1535392581481 0.215285 0.918191 -0.332532 -0.472352 -0.943127 0.283817 0.173086 -0.170873 0.253305 0.276357 0.927073 0.474387 0.183893 -0.116304 0.976041 0.386775 -0.976354 0.0931931 0.195057 -0.48851 -0.113646 -0.988832 -0.0964165 0.440091 
1535392581492 0.220387 0.918873 -0.327264 -0.488159 -0.942585 0.286936 0.170885 -0.177726 0.250926 0.270814 0.929353 0.464152 0.182154 -0.11713 0.976269 0.386979 -0.976156 0.097679 0.193853 -0.488211 -0.118067 -0.988301 -0.0965444 0.440032 
1535392582386 0.225471 0.919508 -0.321973 -0.503969 -0.94202 0.290064 0.168702 -0.184582 0.248516 0.265268 0.931597 0.453914 0.180411 -0.117948 0.976494 0.387183 -0.975935 0.102164 0.192648 -0.487912 -0.122485 -0.98775 -0.0966784 0.439972 
1535392583259 0.230538 0.920097 -0.316661 -0.519777 -0.941435 0.2932 0.166536 -0.191439 0.246074 0.259722 0.933805 0.443677 0.178664 -0.118759 0.976717 0.387386 -0.975692 0.106648 0.191444 -0.487613 -0.1269 -0.987179 -0.0968177 0.439913 
1535392584226 0.235587 0.920639 -0.311325 -0.535587 -0.940828 0.296343 0.164389 -0.198296 0.243602 0.254176 0.935977 0.433439 0.176912 -0.119561 0.976938 0.38759 -0.975428 0.111131 0.19024 -0.487313 -0.131313 -0.986588 -0.0969626 0.439853 
1535392585204 0.240618 0.921133 -0.305969 -0.551395 -0.9402 0.299495 0.162258 -0.205152 0.241097 0.24863 0.938113 0.423202 0.175157 -0.120355 0.977156 0.387794 -0.975141 0.115612 0.189035 -0.487014 -0.135723 -0.985976 -0.0971129 0.439794 
1535392586226 0.24563 0.921581 -0.300591 -0.567205 -0.93955 0.302653 0.160145 -0.212008 0.238561 0.243084 0.940212 0.412965 0.173398 -0.121141 0.977373 0.387997 -0.974832 0.120092 0.187832 -0.486715 -0.140129 -0.985344 -0.0972685 0.439734 
1535392587179 0.250623 0.921982 -0.295191 -0.583016 -0.938879 0.30582 0.15805 -0.218866 0.235995 0.237538 0.942275 0.402727 0.171635 -0.121919 0.977587 0.388201 -0.974501 0.124571 0.186629 -0.486415 -0.144533 -0.984692 -0.0974297 0.439675 
1535392588157 0.255598 0.922335 -0.289772 -0.598824 -0.938187 0.308993 0.155973 -0.225722 0.233397 0.231994 0.944301 0.39249 0.169869 -0.122689 0.9778 0.388405 -0.974148 0.129048 0.185427 -0.486115 -0.148933 -0.984019 -0.0975962 0.439615 
1535392589142 0.260553 0.922642 -0.284332 -0.614634 -0.937474 0.312174 0.153914 -0.232579 0.230768 0.226451 0.946291 0.382253 0.168098 -0.123451 0.97801 0.388608 -0.973773 0.133523 0.184224 -0.485816 -0.15333 -0.983327 -0.0977683 0.439556 
1535392590189 0.261239 0.922286 -0.284856 -0.614402 -0.937337 0.312865 0.153348 -0.232767 0.230552 0.226945 0.946225 0.382404 0.168446 -0.123368 0.97796 0.388598 -0.973848 0.132633 0.184469 -0.485903 -0.152468 -0.983458 -0.0978002 0.439598 
1535392590206 0.261665 0.922349 -0.28426 -0.616003 -0.937278 0.313114 0.153199 -0.233432 0.230309 0.226344 0.946428 0.381366 0.171287 -0.121995 0.977639 0.388137 -0.974322 0.126216 0.186456 -0.486228 -0.14614 -0.984473 -0.0972436 0.439594 
1535392590580 0.26209 0.922412 -0.283662 -0.617607 -0.937219 0.313364 0.153051 -0.234099 0.230066 0.22574 0.946632 0.380327 0.174119 -0.120604 0.977311 0.387676 -0.97475 0.119796 0.188446 -0.486556 -0.139805 -0.985446 -0.0966996 0.439591 
1535392590951 0.262516 0.922475 -0.283064 -0.619211 -0.937159 0.313613 0.152903 -0.234766 0.229822 0.225136 0.946834 0.379288 0.176942 -0.119194 0.976977 0.387216 -0.97513 0.113374 0.190439 -0.486884 -0.133463 -0.986377 -0.0961686 0.439588 
1535392591346 0.262941 0.922537 -0.282465 -0.620815 -0.9371 0.313862 0.152755 -0.235433 0.229578 0.224533 0.947037 0.378249 0.179755 -0.117765 0.976637 0.386755 -0.975464 0.10695 0.192435 -0.487212 -0.127114 -0.987265 -0.0956505 0.439584 
1535392591739 0.263366 0.922599 -0.281867 -0.62242 -0.93704 0.314112 0.152608 -0.2361 0.229334 0.223929 0.947239 0.37721 0.182557 -0.116317 0.976291 0.386295 -0.975751 0.100525 0.194433 -0.487541 -0.120757 -0.988112 -0.0951453 0.439581 
1535392592111 0.263791 0.922661 -0.281268 -0.624025 -0.936981 0.314361 0.152461 -0.236767 0.229089 0.223325 0.947441 0.376171 0.185348 -0.114851 0.975938 0.385834 -0.975992 0.0940982 0.196432 -0.487869 -0.114395 -0.988916 -0.0946532 0.439577 
1535392592486 0.264215 0.922722 -0.280669 -0.625629 -0.936921 0.314611 0.152313 -0.237434 0.228845 0.222721 0.947642 0.375133 0.18813 -0.113367 0.975579 0.385374 -0.976185 0.0876703 0.198435 -0.488197 -0.108025 -0.989678 -0.0941739 0.439574 
1535392592888 0.26464 0.922782 -0.28007 -0.627234 -0.936861 0.314861 0.152166 -0.238101 0.2286 0.222117 0.947843 0.374094 0.1909 -0.111865 0.975215 0.384914 -0.976332 0.0812422 0.200438 -0.488525 -0.101651 -0.990397 -0.0937079 0.439571 
1535392593265 0.265064 0.922842 -0.279471 -0.628838 -0.936801 0.315111 0.152019 -0.238767 0.228354 0.221514 0.948043 0.373055 0.19366 -0.110344 0.974844 0.384453 -0.976432 0.0748136 0.202444 -0.488853 -0.09527 -0.991074 -0.0932548 0.439567 
1535392593660 0.265564 0.922535 -0.28001 -0.628608 -0.936659 0.315678 0.151713 -0.238923 0.228353 0.221985 0.947933 0.37313 0.193247 -0.110737 0.974881 0.384569 -0.976446 0.0754785 0.202131 -0.488756 -0.0959659 -0.99098 -0.0935423 0.439492 
1535392593674 0.264763 0.922047 -0.282364 -0.629284 -0.936712 0.315468 0.151822 -0.239088 0.229064 0.224297 0.947217 0.373279 0.194999 -0.109854 0.974632 0.38435 -0.976706 0.068984 0.203189 -0.488951 -0.0895551 -0.991551 -0.0938433 0.439553 
1535392594009 0.26396 0.921553 -0.284719 -0.629949 -0.936765 0.315258 0.151934 -0.239246 0.229775 0.22661 0.946494 0.373438 0.196746 -0.10896 0.974381 0.384133 -0.976923 0.0624882 0.204247 -0.489152 -0.083142 -0.99208 -0.094151 0.439614 
1535392594350 0.263155 0.921053 -0.287072 -0.630613 -0.936817 0.315049 0.152045 -0.239404 0.230483 0.228923 0.945765 0.373597 0.198487 -0.108054 0.974129 0.383916 -0.977096 0.0559907 0.205302 -0.489352 -0.0767258 -0.992567 -0.0944658 0.439676 
1535392594706 0.262349 0.920547 -0.289423 -0.631278 -0.936869 0.314839 0.152158 -0.239562 0.23119 0.231233 0.94503 0.373756 0.200222 -0.107137 0.973875 0.383699 -0.977225 0.0494917 0.206355 -0.489553 -0.0703069 -0.993012 -0.0947874 0.439737 
1535392595051 0.26154 0.920036 -0.291773 -0.631943 -0.936921 0.31463 0.152271 -0.23972 0.231895 0.233543 0.944289 0.373914 0.20195 -0.106208 0.97362 0.383481 -0.97731 0.0429917 0.207405 -0.489752 -0.0638857 -0.993414 -0.0951161 0.439798 
1535392595433 0.26073 0.919518 -0.29412 -0.632608 -0.936973 0.314421 0.152384 -0.239878 0.232597 0.235851 0.943543 0.374073 0.203672 -0.105268 0.973363 0.383264 -0.977351 0.0364908 0.208453 -0.489954 -0.0574622 -0.993774 -0.0954516 0.43986 
1535392595755 0.259918 0.918995 -0.296465 -0.633272 -0.937024 0.314213 0.152498 -0.240036 0.233298 0.238158 0.94279 0.374232 0.205387 -0.104316 0.973105 0.383046 -0.977349 0.0299894 0.209498 -0.490153 -0.0510369 -0.994092 -0.0957942 0.439921 
1535392596100 0.259104 0.918465 -0.298808 -0.633938 -0.937076 0.314004 0.152613 -0.240195 0.233997 0.240463 0.942031 0.374391 0.207097 -0.103354 0.972846 0.382829 -0.977303 0.0234876 0.210541 -0.490355 -0.0446099 -0.994367 -0.0961435 0.439982 
1535392596449 0.258288 0.91793 -0.30115 -0.634602 -0.937127 0.313796 0.152728 -0.240353 0.234693 0.242768 0.941267 0.37455 0.208799 -0.102379 0.972585 0.382612 -0.977213 0.0169859 0.21158 -0.490555 -0.0381817 -0.9946 -0.0964998 0.440043 
1535392596803 0.258807 0.918121 -0.30012 -0.634244 -0.937102 0.313996 0.152465 -0.240369 0.234218 0.241784 0.941638 0.374404 0.208527 -0.102475 0.972633 0.382682 -0.977231 0.0180192 0.211411 -0.490475 -0.0391905 -0.994572 -0.0963847 0.440037 
1535392596815 0.258062 0.918164 -0.30063 -0.634471 -0.937249 0.313431 0.152725 -0.240435 0.234453 0.242353 0.941433 0.374563 0.208928 -0.103058 0.972486 0.382579 -0.977133 0.0181705 0.211852 -0.490527 -0.0395035 -0.994509 -0.0969048 0.440114 
1535392596832 0.257314 0.918207 -0.30114 -0.634703 -0.937395 0.312866 0.152986 -0.240502 0.234689 0.242921 0.941228 0.374722 0.209329 -0.10364 0.972337 0.382478 -0.977034 0.0183209 0.212293 -0.490582 -0.0398161 -0.994446 -0.0974245 0.440191 
1535392597006 0.256567 0.918249 -0.301649 -0.634937 -0.937541 0.3123 0.153248 -0.240571 0.234925 0.24349 0.941022 0.37488 0.209731 -0.104222 0.972189 0.382376 -0.976935 0.0184712 0.212735 -0.490638 -0.0401291 -0.994383 -0.0979441 0.440269 
1535392597137 0.255819 0.91829 -0.302158 -0.63517 -0.937687 0.311734 0.15351 -0.240639 0.23516 0.244059 0.940816 0.375039 0.210132 -0.104804 0.972039 0.382274 -0.976836 0.018621 0.213177 -0.490693 -0.0404421 -0.994319 -0.0984634 0.440346 
1535392597260 0.255071 0.918331 -0.302667 -0.635401 -0.937832 0.311168 0.153772 -0.240707 0.235394 0.244627 0.94061 0.375197 0.210534 -0.105386 0.97189 0.382172 -0.976737 0.0187705 0.213619 -0.490747 -0.0407553 -0.994254 -0.0989826 0.440423 
1535392597385 0.254323 0.918371 -0.303175 -0.635634 -0.937976 0.310603 0.154035 -0.240775 0.235628 0.245196 0.940403 0.375355 0.210934 -0.105968 0.971739 0.38207 -0.976637 0.01892 0.214061 -0.490802 -0.0410689 -0.994189 -0.0995017 0.440501 
1535392597490 0.253574 0.91841 -0.303683 -0.635868 -0.93812 0.310037 0.154298 -0.240844 0.235862 0.245765 0.940196 0.375514 0.211336 -0.10655 0.971588 0.381968 -0.976537 0.0190689 0.214503 -0.490857 -0.0413825 -0.994124 -0.10002 0.440578 
1535392597614 0.252826 0.918448 -0.304191 -0.6361 -0.938263 0.309471 0.154562 -0.240911 0.236095 0.246334 0.939989 0.375672 0.211736 -0.107133 0.971437 0.381866 -0.976437 0.0192179 0.214945 -0.490912 -0.0416966 -0.994059 -0.100539 0.440655 
1535392597726 0.252077 0.918486 -0.304698 -0.636332 -0.938406 0.308906 0.154825 -0.240979 0.236328 0.246903 0.939781 0.375831 0.212136 -0.107715 0.971286 0.381764 -0.976337 0.0193664 0.215387 -0.490966 -0.0420107 -0.993993 -0.101058 0.440733 
1535392597850 0.252631 0.918488 -0.304233 -0.636108 -0.938315 0.309295 0.154604 -0.240816 0.2361 0.246408 0.939968 0.375636 0.211863 -0.107179 0.971405 0.381907 -0.976409 0.0192111 0.215074 -0.490855 -0.0417131 -0.994054 -0.10058 0.440578 
1535392597862 0.252314 0.918702 -0.303848 -0.636204 -0.938438 0.308888 0.154666 -0.240898 0.235947 0.246118 0.940082 0.375669 0.21189 -0.107537 0.971359 0.381849 -0.976455 0.0178641 0.214979 -0.490891 -0.0404707 -0.994041 -0.10122 0.440659 
1535392597880 0.251995 0.918917 -0.303462 -0.636304 -0.938562 0.30848 0.154728 -0.240982 0.235794 0.245827 0.940197 0.375702 0.211917 -0.107895 0.971313 0.381791 -0.9765 0.016518 0.214884 -0.490928 -0.039229 -0.994025 -0.101859 0.44074 
1535392598046 0.251677 0.919132 -0.303076 -0.636404 -0.938686 0.308072 0.15479 -0.241066 0.235642 0.245536 0.940311 0.375734 0.211945 -0.108253 0.971268 0.381733 -0.976543 0.0151719 0.214787 -0.490965 -0.0379873 -0.994008 -0.102498 0.440821 
1535392598086 0.251358 0.919347 -0.302689 -0.636504 -0.93881 0.307664 0.154852 -0.24115 0.235489 0.245244 0.940426 0.375767 0.211973 -0.108611 0.971221 0.381676 -0.976584 0.0138258 0.21469 -0.491003 -0.0367455 -0.993988 -0.103137 0.440902 
1535392598209 0.251039 0.919561 -0.302302 -0.636605 -0.938933 0.307255 0.154913 -0.241234 0.235336 0.244952 0.94054 0.375799 0.212002 -0.108968 0.971175 0.381618 -0.976624 0.0124798 0.214592 -0.49104 -0.0355037 -0.993967 -0.103775 0.440983 
1535392598257 0.250721 0.919775 -0.301915 -0.636706 -0.939057 0.306847 0.154975 -0.241318 0.235184 0.24466 0.940654 0.375831 0.212031 -0.109326 0.971129 0.38156 -0.976662 0.0111336 0.214493 -0.491077 -0.0342618 -0.993944 -0.104414 0.441065 
1535392598388 0.250402 0.919989 -0.301529 -0.636806 -0.93918 0.306439 0.155036 -0.241402 0.235031 0.244369 0.940768 0.375864 0.212061 -0.109684 0.971082 0.381502 -0.976698 0.00978761 0.214393 -0.491114 -0.0330199 -0.993918 -0.105052 0.441146 
1535392598448 0.250083 0.920202 -0.301142 -0.636907 -0.939303 0.30603 0.155097 -0.241487 0.234879 0.244077 0.940882 0.375896 0.212091 -0.110041 0.971035 0.381444 -0.976733 0.00844152 0.214292 -0.491152 -0.031778 -0.993891 -0.10569 0.441227 
1535392598560 0.249764 0.920415 -0.300755 -0.637007 -0.939426 0.305622 0.155158 -0.24157 0.234727 0.243785 0.940995 0.375929 0.212121 -0.110399 0.970987 0.381387 -0.976766 0.00709552 0.214191 -0.491189 -0.030536 -0.993862 -0.106328 0.441308 
1535392598634 0.250293 0.920115 -0.301233 -0.636844 -0.939219 0.306276 0.155125 -0.241543 0.234993 0.244097 0.940848 0.375892 0.212108 -0.109779 0.971061 0.381491 -0.976711 0.00908027 0.214369 -0.491107 -0.0323508 -0.993915 -0.105297 0.441259 
1535392598644 0.250565 0.92017 -0.300841 -0.636836 -0.939184 0.306428 0.155031 -0.241524 0.234841 0.2437 0.940989 0.375878 0.211984 -0.110304 0.971028 0.381468 -0.976745 0.00873354 0.214224 -0.491155 -0.0321102 -0.99386 -0.105887 0.441313 
1535392598663 0.250836 0.920224 -0.300448 -0.636832 -0.93915 0.306581 0.154937 -0.241507 0.234689 0.243302 0.94113 0.375863 0.21186 -0.110829 0.970996 0.381447 -0.97678 0.0083874 0.214079 -0.491203 -0.0318703 -0.993804 -0.106479 0.441369 
1535392598689 0.251107 0.920279 -0.300054 -0.63683 -0.939116 0.306733 0.154844 -0.24149 0.234536 0.242903 0.941271 0.375848 0.211735 -0.111354 0.970963 0.381425 -0.976815 0.00804115 0.213934 -0.491251 -0.0316301 -0.993748 -0.10707 0.441424 
1535392598844 0.251378 0.920333 -0.299661 -0.636827 -0.939081 0.306885 0.154751 -0.241474 0.234384 0.242505 0.941411 0.375833 0.211611 -0.11188 0.970929 0.381403 -0.97685 0.00769544 0.213788 -0.491299 -0.0313904 -0.993692 -0.107662 0.441479 
1535392598870 0.251648 0.920387 -0.299268 -0.636823 -0.939047 0.307038 0.154658 -0.241456 0.234232 0.242107 0.941552 0.375818 0.211487 -0.112405 0.970896 0.381381 -0.976884 0.00734933 0.213643 -0.491347 -0.03115 -0.993635 -0.108253 0.441533 
1535392598908 0.251919 0.920441 -0.298874 -0.636821 -0.939012 0.30719 0.154565 -0.24144 0.234079 0.241709 0.941692 0.375802 0.211363 -0.112931 0.970862 0.381359 -0.976919 0.00700342 0.213497 -0.491395 -0.0309097 -0.993578 -0.108844 0.441588 
1535392599017 0.252189 0.920494 -0.298481 -0.636819 -0.938978 0.307343 0.154472 -0.241423 0.233927 0.24131 0.941832 0.375787 0.21124 -0.113456 0.970827 0.381337 -0.976953 0.00665758 0.21335 -0.491443 -0.0306693 -0.993521 -0.109435 0.441643 
1535392599045 0.25246 0.920548 -0.298087 -0.636815 -0.938943 0.307495 0.154379 -0.241406 0.233774 0.240912 0.941972 0.375772 0.211116 -0.113982 0.970793 0.381315 -0.976987 0.00631182 0.213204 -0.491491 -0.0304288 -0.993463 -0.110026 0.441698 
1535392599077 0.25273 0.920601 -0.297694 -0.636811 -0.938908 0.307648 0.154286 -0.241389 0.233621 0.240514 0.942112 0.375757 0.210992 -0.114508 0.970758 0.381293 -0.977021 0.00596653 0.213058 -0.491539 -0.0301888 -0.993404 -0.110618 0.441753 
1535392599219 0.252067 0.920462 -0.298682 -0.636864 -0.93897 0.307301 0.154598 -0.241387 0.234087 0.241485 0.941747 0.375744 0.211112 -0.113578 0.970841 0.381342 -0.976984 0.00652968 0.213212 -0.491501 -0.0305555 -0.993508 -0.109585 0.441634 
1535392599231 0.252721 0.920412 -0.298286 -0.636665 -0.938885 0.307765 0.154196 -0.241276 0.233726 0.241087 0.941939 0.375782 0.211138 -0.113339 0.970863 0.381374 -0.976968 0.00692439 0.213274 -0.491609 -0.030895 -0.993532 -0.109267 0.44155 
1535392599344 0.253376 0.92036 -0.297889 -0.63646 -0.938798 0.308229 0.153794 -0.241163 0.233364 0.24069 0.94213 0.37582 0.211165 -0.1131 0.970885 0.381406 -0.976951 0.00732001 0.213337 -0.491718 -0.0312354 -0.993557 -0.108948 0.441467 
1535392599480 0.25403 0.920308 -0.297492 -0.636255 -0.938711 0.308694 0.153392 -0.24105 0.233002 0.240294 0.942321 0.37586 0.211192 -0.112862 0.970907 0.381438 -0.976934 0.00771573 0.2134 -0.491827 -0.0315759 -0.993581 -0.108629 0.441383 
1535392599611 0.254683 0.920256 -0.297095 -0.63605 -0.938624 0.309158 0.15299 -0.240936 0.232639 0.239897 0.942512 0.375898 0.211219 -0.112623 0.970929 0.38147 -0.976917 0.00811137 0.213463 -0.491936 -0.0319164 -0.993605 -0.10831 0.4413 
1535392599743 0.255337 0.920203 -0.296698 -0.635847 -0.938537 0.309623 0.152588 -0.240824 0.232276 0.2395 0.942702 0.375937 0.211247 -0.112384 0.97095 0.381502 -0.9769 0.00850695 0.213526 -0.492045 -0.0322568 -0.993628 -0.107991 0.441216 
1535392599870 0.25599 0.92015 -0.2963 -0.635641 -0.938448 0.310087 0.152186 -0.24071 0.231913 0.239104 0.942892 0.375976 0.211274 -0.112146 0.970972 0.381534 -0.976883 0.00890273 0.213588 -0.492154 -0.0325973 -0.993652 -0.107672 0.441133 
1535392599998 0.256643 0.920096 -0.295902 -0.635437 -0.93836 0.310552 0.151785 -0.240597 0.23155 0.238708 0.943082 0.376014 0.211301 -0.111907 0.970994 0.381566 -0.976866 0.00929833 0.213651 -0.492263 -0.0329376 -0.993675 -0.107353 0.441049 
1535392600132 0.257296 0.920041 -0.295504 -0.635232 -0.938271 0.311016 0.151384 -0.240484 0.231186 0.238312 0.943271 0.376053 0.211329 -0.111668 0.971015 0.381598 -0.976848 0.00969412 0.213713 -0.492372 -0.033278 -0.993698 -0.107034 0.440966 
1535392600261 0.257949 0.919987 -0.295105 -0.635028 -0.938181 0.311481 0.150983 -0.240371 0.230822 0.237916 0.94346 0.376092 0.211356 -0.111429 0.971037 0.38163 -0.976831 0.0100898 0.213775 -0.492481 -0.0336184 -0.993721 -0.106715 0.440882 
1535392600414 0.25739 0.920018 -0.295494 -0.635185 -0.938251 0.311098 0.151337 -0.240501 0.23116 0.238295 0.943282 0.376073 0.211406 -0.111893 0.970972 0.381617 -0.976839 0.00942924 0.21377 -0.492275 -0.0330749 -0.993676 -0.107308 0.440972 
1535392600425 0.257668 0.919966 -0.295415 -0.634836 -0.938239 0.311284 0.15103 -0.240346 0.2309 0.238254 0.943356 0.37618 0.211692 -0.111899 0.970909 0.381659 -0.976755 0.0100367 0.214124 -0.49243 -0.0337049 -0.993669 -0.107173 0.440888 
1535392600498 0.257946 0.919913 -0.295336 -0.634482 -0.938227 0.31147 0.150723 -0.24019 0.23064 0.238214 0.943429 0.376288 0.211978 -0.111905 0.970846 0.381702 -0.976671 0.0106442 0.214477 -0.492588 -0.0343349 -0.993662 -0.107038 0.440804 
1535392600655 0.258224 0.919861 -0.295258 -0.634128 -0.938214 0.311656 0.150416 -0.240033 0.23038 0.238174 0.943503 0.376396 0.212263 -0.111911 0.970783 0.381744 -0.976587 0.0112519 0.214829 -0.492745 -0.0349649 -0.993655 -0.106902 0.44072 
1535392600836 0.258502 0.919808 -0.295179 -0.633774 -0.938201 0.311843 0.150108 -0.239876 0.23012 0.238134 0.943577 0.376504 0.21255 -0.111917 0.97072 0.381787 -0.976502 0.0118593 0.215183 -0.492902 -0.0355947 -0.993647 -0.106767 0.440636 
1535392601030 0.258779 0.919755 -0.295101 -0.63342 -0.938188 0.312029 0.149801 -0.239719 0.22986 0.238095 0.94365 0.376612 0.212835 -0.111924 0.970657 0.38183 -0.976416 0.0124668 0.215536 -0.493059 -0.0362246 -0.993639 -0.106631 0.440552 
1535392601217 0.259057 0.919702 -0.295022 -0.633065 -0.938175 0.312216 0.149494 -0.239562 0.2296 0.238055 0.943723 0.37672 0.213121 -0.11193 0.970593 0.381872 -0.976331 0.0130744 0.215888 -0.493216 -0.0368544 -0.99363 -0.106495 0.440468 
1535392601400 0.259335 0.919649 -0.294943 -0.632711 -0.938162 0.312402 0.149186 -0.239405 0.22934 0.238015 0.943796 0.376827 0.213407 -0.111937 0.97053 0.381915 -0.976244 0.0136818 0.216241 -0.493373 -0.0374841 -0.993621 -0.106358 0.440384 
1535392601583 0.259613 0.919596 -0.294864 -0.632358 -0.938149 0.312588 0.148879 -0.239249 0.22908 0.237976 0.94387 0.376935 0.213692 -0.111944 0.970466 0.381957 -0.976157 0.0142894 0.216594 -0.49353 -0.0381138 -0.993612 -0.106222 0.4403 
1535392601763 0.259891 0.919542 -0.294786 -0.632003 -0.938136 0.312775 0.148572 -0.239091 0.22882 0.237936 0.943943 0.377043 0.213978 -0.111952 0.970402 0.382 -0.97607 0.0148968 0.216947 -0.493687 -0.0387434 -0.993602 -0.106085 0.440216 
1535392601973 0.259752 0.919606 -0.294709 -0.632208 -0.938135 0.31267 0.148796 -0.23916 0.228981 0.237826 0.943931 0.377007 0.213509 -0.111854 0.970517 0.381927 -0.976211 0.0139585 0.216371 -0.493516 -0.0377487 -0.993627 -0.106212 0.440393 
1535392601978 0.259685 0.919537 -0.294985 -0.631758 -0.938025 0.312785 0.14925 -0.238999 0.229508 0.237945 0.943774 0.377178 0.213618 -0.112294 0.970442 0.381989 -0.976161 0.0145326 0.216559 -0.493628 -0.0384214 -0.993569 -0.106513 0.440372 
1535392601985 0.259618 0.919467 -0.295262 -0.631301 -0.937914 0.3129 0.149703 -0.238834 0.230034 0.238065 0.943615 0.37735 0.213727 -0.112735 0.970367 0.382051 -0.976111 0.0151061 0.216747 -0.493742 -0.0390934 -0.99351 -0.106813 0.44035 
1535392602263 0.25955 0.919397 -0.295539 -0.630845 -0.937803 0.313014 0.150156 -0.238671 0.230561 0.238185 0.943456 0.377522 0.213835 -0.113176 0.970292 0.382114 -0.97606 0.0156795 0.216935 -0.493855 -0.0397655 -0.993451 -0.107114 0.440329 
1535392602469 0.259483 0.919327 -0.295816 -0.630389 -0.937693 0.313129 0.150609 -0.238507 0.231087 0.238304 0.943297 0.377695 0.213944 -0.113617 0.970216 0.382176 -0.976009 0.0162528 0.217124 -0.493968 -0.0404376 -0.993392 -0.107414 0.440308 
1535392602665 0.259415 0.919257 -0.296093 -0.629935 -0.937581 0.313243 0.151062 -0.238343 0.231614 0.238424 0.943138 0.377866 0.214051 -0.114058 0.970141 0.382238 -0.975957 0.016826 0.217313 -0.49408 -0.0411098 -0.993332 -0.107714 0.440286 
1535392602878 0.259347 0.919186 -0.296371 -0.629478 -0.93747 0.313358 0.151514 -0.238179 0.23214 0.238544 0.942978 0.378039 0.214159 -0.114498 0.970065 0.382301 -0.975905 0.0173991 0.217502 -0.494194 -0.0417819 -0.993271 -0.108013 0.440265 
1535392603103 0.259279 0.919116 -0.296647 -0.629023 -0.937358 0.313473 0.151967 -0.238015 0.232666 0.238663 0.942818 0.378211 0.214266 -0.114939 0.969989 0.382363 -0.975852 0.0179721 0.217691 -0.494306 -0.042454 -0.99321 -0.108313 0.440244 
1535392603302 0.259211 0.919046 -0.296925 -0.628566 -0.937246 0.313588 0.152419 -0.237851 0.233192 0.238783 0.942658 0.378383 0.214374 -0.11538 0.969913 0.382425 -0.975799 0.0185449 0.217881 -0.494419 -0.0431261 -0.993148 -0.108613 0.440223 
1535392603506 0.259143 0.918976 -0.297201 -0.628111 -0.937134 0.313703 0.152872 -0.237687 0.233719 0.238902 0.942497 0.378555 0.21448 -0.115822 0.969837 0.382488 -0.975746 0.0191178 0.21807 -0.494532 -0.0437984 -0.993086 -0.108912 0.440201 
1535392603754 0.259268 0.919016 -0.296966 -0.628301 -0.937133 0.313749 0.152784 -0.237792 0.233584 0.238685 0.942586 0.378547 0.214419 -0.115281 0.969915 0.38241 -0.975794 0.0184608 0.217912 -0.494364 -0.0430264 -0.993161 -0.108532 0.440213 
1535392603765 0.259179 0.918943 -0.29727 -0.62793 -0.936981 0.313895 0.153414 -0.237658 0.23429 0.238774 0.942388 0.378656 0.214701 -0.116262 0.969735 0.382488 -0.975775 0.0171866 0.218099 -0.494459 -0.0420231 -0.99307 -0.109756 0.440334 
1535392603783 0.259092 0.91887 -0.297573 -0.627552 -0.936829 0.314042 0.154043 -0.23752 0.234996 0.238864 0.942189 0.378766 0.214985 -0.117242 0.969554 0.382567 -0.975755 0.0159116 0.218284 -0.494557 -0.0410193 -0.992976 -0.110979 0.440454 
1535392603998 0.259005 0.918796 -0.297877 -0.627175 -0.936676 0.31419 0.154672 -0.237383 0.235701 0.238953 0.94199 0.378875 0.215271 -0.118222 0.969372 0.382646 -0.975734 0.0146362 0.218469 -0.494654 -0.0400156 -0.992879 -0.112202 0.440575 
1535392604195 0.258917 0.918722 -0.29818 -0.626798 -0.936522 0.314337 0.1553 -0.237246 0.236407 0.239043 0.941791 0.378985 0.215558 -0.119201 0.969188 0.382725 -0.975712 0.0133606 0.218652 -0.494751 -0.0390123 -0.99278 -0.113425 0.440696 
1535392604380 0.258829 0.918649 -0.298483 -0.626422 -0.936368 0.314485 0.155929 -0.237109 0.237112 0.239132 0.941591 0.379094 0.215845 -0.120179 0.969004 0.382803 -0.975688 0.0120848 0.218833 -0.494848 -0.0380093 -0.992679 -0.114649 0.440817 
1535392604609 0.25874 0.918575 -0.298787 -0.626044 -0.936214 0.314632 0.156557 -0.236972 0.237817 0.239221 0.941391 0.379204 0.216134 -0.121157 0.968817 0.382882 -0.975662 0.0108088 0.219012 -0.494945 -0.0370066 -0.992575 -0.115872 0.440938 
1535392604789 0.258652 0.918501 -0.29909 -0.625668 -0.936059 0.31478 0.157185 -0.236835 0.238522 0.23931 0.94119 0.379314 0.216423 -0.122134 0.96863 0.382961 -0.975636 0.00953261 0.21919 -0.495042 -0.0360042 -0.992468 -0.117096 0.441058 
1535392604992 0.258563 0.918427 -0.299393 -0.62529 -0.935904 0.314928 0.157813 -0.236697 0.239227 0.239399 0.940988 0.379424 0.216714 -0.123111 0.968441 0.38304 -0.975607 0.00825601 0.219367 -0.495139 -0.0350021 -0.992359 -0.118319 0.441179 
1535392605181 0.258474 0.918354 -0.299696 -0.624914 -0.935748 0.315076 0.158441 -0.236561 0.239932 0.239487 0.940786 0.379533 0.217005 -0.124088 0.968252 0.383119 -0.975578 0.00697961 0.219542 -0.495236 -0.0340004 -0.992247 -0.119543 0.4413 
1535392605378 0.258414 0.918416 -0.299557 -0.625144 -0.935883 0.314876 0.158037 -0.236619 0.239467 0.239511 0.940898 0.379427 0.216716 -0.123163 0.968434 0.382994 -0.9756 0.00845266 0.219395 -0.495142 -0.0352071 -0.99235 -0.118326 0.441147 
1535392605396 0.258537 0.918298 -0.299812 -0.62483 -0.935765 0.315121 0.158248 -0.236486 0.239795 0.239641 0.940782 0.379542 0.216325 -0.123131 0.968526 0.38302 -0.97566 0.00924229 0.219094 -0.495169 -0.0359287 -0.992347 -0.118135 0.441093 
1535392605553 0.25866 0.91818 -0.300068 -0.624511 -0.935647 0.315366 0.158458 -0.23635 0.240124 0.239771 0.940665 0.379658 0.215935 -0.123099 0.968617 0.383045 -0.97572 0.0100316 0.218793 -0.495195 -0.03665 -0.992344 -0.117944 0.441038 
1535392605759 0.258783 0.918062 -0.300324 -0.624191 -0.935529 0.315611 0.158668 -0.236214 0.240452 0.239901 0.940548 0.379774 0.215544 -0.123067 0.968708 0.38307 -0.975779 0.0108208 0.218492 -0.49522 -0.0373713 -0.992339 -0.117754 0.440984 
1535392605939 0.258906 0.917943 -0.300579 -0.623874 -0.93541 0.315856 0.158878 -0.236079 0.240781 0.24003 0.940431 0.379889 0.215153 -0.123034 0.968799 0.383095 -0.975837 0.0116101 0.218191 -0.495246 -0.0380928 -0.992334 -0.117564 0.44093 
1535392606116 0.259028 0.917825 -0.300835 -0.623554 -0.935292 0.316102 0.159088 -0.235942 0.241109 0.24016 0.940314 0.380005 0.214763 -0.123002 0.96889 0.383121 -0.975895 0.0123992 0.217889 -0.495271 -0.0388142 -0.992329 -0.117374 0.440876 
1535392606299 0.259151 0.917707 -0.30109 -0.623234 -0.935173 0.316347 0.159297 -0.235806 0.241437 0.24029 0.940196 0.380122 0.214372 -0.122968 0.968981 0.383146 -0.975952 0.0131884 0.217588 -0.495297 -0.0395357 -0.992323 -0.117184 0.440821 
1535392606478 0.259273 0.917588 -0.301346 -0.622916 -0.935054 0.316592 0.159507 -0.235671 0.241766 0.240419 0.940079 0.380237 0.213981 -0.122935 0.969071 0.383171 -0.976008 0.0139776 0.217286 -0.495323 -0.0402573 -0.992316 -0.116994 0.440767 
1535392606671 0.259396 0.91747 -0.301602 -0.622596 -0.934936 0.316838 0.159717 -0.235535 0.242094 0.240548 0.939961 0.380353 0.21359 -0.122901 0.969162 0.383197 -0.976064 0.0147668 0.216984 -0.495348 -0.040979 -0.992309 -0.116805 0.440713 
1535392606837 0.259518 0.917351 -0.301857 -0.622278 -0.934817 0.317083 0.159926 -0.235399 0.242423 0.240678 0.939843 0.380469 0.213199 -0.122867 0.969252 0.383222 -0.976118 0.0155559 0.216682 -0.495374 -0.0417006 -0.992301 -0.116616 0.440658 
1535392607036 0.259445 0.917415 -0.301725 -0.622484 -0.934879 0.316948 0.159826 -0.235486 0.242258 0.24061 0.939903 0.380451 0.213681 -0.122976 0.969132 0.383231 -0.976051 0.0145598 0.217054 -0.495348 -0.0408028 -0.992303 -0.116919 0.440721 
1535392607049 0.259481 0.917342 -0.301916 -0.622235 -0.934892 0.316994 0.159662 -0.235368 0.24217 0.240829 0.93987 0.380546 0.213768 -0.122241 0.969206 0.383236 -0.976024 0.0149185 0.217153 -0.495436 -0.0410041 -0.992388 -0.116121 0.440607 
1535392607203 0.259517 0.917268 -0.302109 -0.621983 -0.934905 0.317039 0.159498 -0.235248 0.242083 0.24105 0.939835 0.380641 0.213855 -0.121507 0.969279 0.383242 -0.975996 0.0152774 0.217252 -0.495524 -0.0412056 -0.992473 -0.115323 0.440493 
1535392607358 0.259554 0.917194 -0.302302 -0.62173 -0.934917 0.317084 0.159334 -0.235128 0.241995 0.241271 0.939801 0.380737 0.213943 -0.120772 0.969352 0.383248 -0.975968 0.0156361 0.217351 -0.495613 -0.0414068 -0.992557 -0.114524 0.440379 
1535392607519 0.25959 0.917121 -0.302495 -0.621477 -0.93493 0.31713 0.159169 -0.235008 0.241908 0.241492 0.939767 0.380832 0.21403 -0.120037 0.969424 0.383254 -0.975941 0.0159951 0.217449 -0.495702 -0.0416081 -0.992641 -0.113726 0.440265 
1535392607678 0.259626 0.917047 -0.302687 -0.621225 -0.934942 0.317175 0.159005 -0.234888 0.24182 0.241713 0.939733 0.380927 0.214118 -0.119302 0.969495 0.383259 -0.975913 0.016354 0.217548 -0.49579 -0.0418092 -0.992723 -0.112927 0.440151 
1535392607857 0.259663 0.916973 -0.30288 -0.620971 -0.934955 0.31722 0.158841 -0.234768 0.241733 0.241934 0.939698 0.381023 0.214206 -0.118568 0.969566 0.383265 -0.975885 0.0167131 0.217646 -0.495879 -0.0420103 -0.992805 -0.112128 0.440037 
1535392608037 0.259699 0.916899 -0.303073 -0.620719 -0.934968 0.317266 0.158677 -0.234648 0.241645 0.242155 0.939664 0.381118 0.214295 -0.117833 0.969636 0.383271 -0.975857 0.0170723 0.217744 -0.495968 -0.0422113 -0.992887 -0.111329 0.439923 
1535392608194 0.259735 0.916825 -0.303266 -0.620465 -0.93498 0.317311 0.158512 -0.234527 0.241557 0.242376 0.93963 0.381214 0.214383 -0.117098 0.969705 0.383276 -0.975829 0.0174316 0.217841 -0.496057 -0.0424123 -0.992967 -0.110531 0.439809 
1535392608356 0.259771 0.916751 -0.303459 -0.620213 -0.934993 0.317356 0.158348 -0.234408 0.24147 0.242597 0.939595 0.381309 0.214471 -0.116363 0.969774 0.383282 -0.9758 0.0177907 0.217939 -0.496145 -0.0426131 -0.993047 -0.109732 0.439695 
1535392608539 0.260071 0.916696 -0.303366 -0.620374 -0.934868 0.317667 0.158461 -0.234608 0.24163 0.242396 0.939606 0.381261 0.214325 -0.117277 0.969696 0.383255 -0.975852 0.0171367 0.217758 -0.496067 -0.0421554 -0.992951 -0.110772 0.439867 
1535392608553 0.260167 0.916766 -0.303075 -0.620196 -0.934889 0.317659 0.158352 -0.234496 0.241446 0.242143 0.939718 0.381287 0.214551 -0.117037 0.969675 0.383264 -0.975891 0.0150306 0.21774 -0.49613 -0.0400584 -0.993014 -0.11099 0.439883 
1535392608709 0.260262 0.916834 -0.302784 -0.620011 -0.93491 0.317652 0.158242 -0.23438 0.241261 0.241892 0.93983 0.381314 0.214779 -0.116795 0.969654 0.383276 -0.975925 0.0129245 0.217725 -0.496201 -0.0379614 -0.993072 -0.111207 0.4399 
1535392608902 0.260357 0.916903 -0.302494 -0.619828 -0.934931 0.317645 0.158132 -0.234265 0.241077 0.24164 0.939942 0.381341 0.215006 -0.116553 0.969633 0.383287 -0.975954 0.0108184 0.217708 -0.496269 -0.0358643 -0.993126 -0.111424 0.439917 
1535392609098 0.260452 0.916972 -0.302204 -0.619645 -0.934952 0.317637 0.158022 -0.23415 0.240893 0.241389 0.940054 0.381368 0.215232 -0.11631 0.969612 0.383298 -0.975979 0.00871228 0.217691 -0.496339 -0.0337671 -0.993175 -0.111641 0.439934 
1535392609286 0.260546 0.917041 -0.301913 -0.619463 -0.934973 0.31763 0.157912 -0.234036 0.240708 0.241137 0.940166 0.381394 0.215458 -0.116067 0.969591 0.383309 -0.976 0.00660621 0.217673 -0.496407 -0.0316699 -0.993219 -0.111858 0.439951 
1535392609476 0.260641 0.91711 -0.301622 -0.619279 -0.934994 0.317623 0.157802 -0.23392 0.240524 0.240885 0.940278 0.381421 0.215683 -0.115823 0.96957 0.38332 -0.976015 0.00449995 0.217655 -0.496477 -0.0295725 -0.99326 -0.112075 0.439967 
1535392609661 0.260736 0.917178 -0.301332 -0.619096 -0.935015 0.317615 0.157692 -0.233806 0.240339 0.240634 0.940389 0.381448 0.215908 -0.115579 0.969549 0.383331 -0.976027 0.0023938 0.217636 -0.496545 -0.0274751 -0.993295 -0.112292 0.439984 
1535392609845 0.260831 0.917247 -0.301041 -0.618912 -0.935036 0.317608 0.157582 -0.23369 0.240155 0.240382 0.940501 0.381475 0.216132 -0.115335 0.969528 0.383343 -0.976034 0.000287477 0.217617 -0.496615 -0.0253775 -0.993327 -0.112509 0.440001 
1535392610029 0.260925 0.917315 -0.30075 -0.618729 -0.935057 0.317601 0.157472 -0.233575 0.23997 0.24013 0.940612 0.381502 0.216356 -0.11509 0.969507 0.383354 -0.976037 -0.00181872 0.217597 -0.496684 -0.02328 -0.993353 -0.112725 0.440018 
1535392610240 0.260974 0.917138 -0.301247 -0.618947 -0.934986 0.31779 0.157512 -0.233825 0.240194 0.240556 0.940447 0.381438 0.216213 -0.115092 0.969539 0.383341 -0.976042 -0.000683883 0.217582 -0.496651 -0.0243789 -0.993355 -0.112482 0.440091 
1535392610252 0.261027 0.917108 -0.301293 -0.618766 -0.934936 0.317884 0.157623 -0.233735 0.240333 0.240546 0.940413 0.381481 0.216251 -0.114666 0.969581 0.383334 -0.976058 -0.00161924 0.217505 -0.496706 -0.0233703 -0.993403 -0.11227 0.44004 
1535392610270 0.261082 0.917077 -0.30134 -0.61858 -0.934885 0.31798 0.157732 -0.233642 0.240472 0.240538 0.94038 0.381525 0.21629 -0.114238 0.969623 0.383327 -0.976073 -0.00255466 0.217427 -0.496764 -0.0223614 -0.99345 -0.112057 0.439988 
1535392610439 0.261136 0.917046 -0.301387 -0.618394 -0.934834 0.318075 0.157841 -0.233549 0.240611 0.240529 0.940347 0.381569 0.216327 -0.11381 0.969665 0.38332 -0.976087 -0.0034901 0.21735 -0.496821 -0.0213525 -0.993496 -0.111844 0.439937 
1535392610563 0.26119 0.917016 -0.301434 -0.618208 -0.934783 0.31817 0.157949 -0.233456 0.240749 0.24052 0.940314 0.381613 0.216364 -0.113382 0.969707 0.383313 -0.976101 -0.0044256 0.217274 -0.496878 -0.0203435 -0.993542 -0.11163 0.439886 
1535392610707 0.261244 0.916985 -0.301481 -0.618022 -0.934732 0.318266 0.158058 -0.233363 0.240888 0.240512 0.94028 0.381658 0.216401 -0.112955 0.969748 0.383306 -0.976113 -0.00536093 0.217196 -0.496936 -0.0193346 -0.993586 -0.111417 0.439834 
1535392610853 0.261298 0.916954 -0.301528 -0.617836 -0.934681 0.318361 0.158167 -0.233271 0.241027 0.240503 0.940247 0.381701 0.216438 -0.112527 0.96979 0.3833 -0.976124 -0.00629664 0.217121 -0.496993 -0.0183255 -0.993629 -0.111203 0.439783 
1535392610982 0.261353 0.916923 -0.301575 -0.61765 -0.93463 0.318457 0.158276 -0.233178 0.241165 0.240495 0.940214 0.381746 0.216473 -0.112099 0.969832 0.383293 -0.976135 -0.00723204 0.217044 -0.497051 -0.0173165 -0.993671 -0.110989 0.439732 
1535392611094 0.261407 0.916892 -0.301621 -0.617464 -0.93458 0.318552 0.158385 -0.233085 0.241304 0.240486 0.94018 0.38179 0.216509 -0.111671 0.969873 0.383286 -0.976144 -0.00816781 0.216969 -0.497108 -0.0163073 -0.993712 -0.110775 0.43968 
1535392611225 0.261461 0.916861 -0.301668 -0.617277 -0.934529 0.318647 0.158494 -0.232992 0.241443 0.240478 0.940147 0.381834 0.216544 -0.111243 0.969914 0.383279 -0.976153 -0.00910329 0.216892 -0.497166 -0.0152983 -0.993752 -0.110561 0.439629 
1535392611377 0.261343 0.91693 -0.30156 -0.617503 -0.934595 0.318483 0.158433 -0.233075 0.241314 0.240432 0.940192 0.381794 0.216431 -0.11157 0.969902 0.383269 -0.976165 -0.00831562 0.216872 -0.497125 -0.0161312 -0.993722 -0.110711 0.439703 
1535392611387 0.261414 0.916939 -0.301472 -0.61728 -0.934578 0.318533 0.158433 -0.232976 0.241302 0.240332 0.94022 0.381852 0.216971 -0.111565 0.969782 0.383277 -0.976059 -0.00929016 0.217306 -0.497292 -0.0152344 -0.993714 -0.11091 0.439715 
1535392611521 0.261487 0.916947 -0.301384 -0.617054 -0.934561 0.318583 0.158432 -0.232876 0.241289 0.240234 0.940248 0.38191 0.217511 -0.11156 0.969662 0.383287 -0.975953 -0.0102656 0.217741 -0.497463 -0.0143371 -0.993705 -0.11111 0.439728 
1535392611681 0.26156 0.916956 -0.301296 -0.616828 -0.934544 0.318634 0.158431 -0.232775 0.241277 0.240135 0.940277 0.381968 0.218051 -0.111554 0.969541 0.383297 -0.975845 -0.011241 0.218175 -0.497635 -0.0134398 -0.993695 -0.111311 0.439741 
1535392611841 0.261632 0.916964 -0.301208 -0.616601 -0.934527 0.318685 0.158429 -0.232675 0.241264 0.240036 0.940305 0.382026 0.218591 -0.111548 0.96942 0.383306 -0.975736 -0.0122164 0.218609 -0.497807 -0.0125426 -0.993684 -0.111512 0.439753 
1535392611998 0.261705 0.916972 -0.30112 -0.616376 -0.934509 0.318736 0.158428 -0.232574 0.241252 0.239938 0.940334 0.382085 0.21913 -0.111541 0.969299 0.383316 -0.975626 -0.0131917 0.219042 -0.497978 -0.0116456 -0.993672 -0.111713 0.439766 
1535392612156 0.261778 0.91698 -0.301032 -0.616149 -0.934492 0.318787 0.158427 -0.232473 0.241239 0.239839 0.940362 0.382143 0.21967 -0.111534 0.969178 0.383326 -0.975515 -0.0141672 0.219476 -0.49815 -0.0107485 -0.99366 -0.111915 0.439779 
1535392612319 0.26185 0.916988 -0.300944 -0.615923 -0.934475 0.318837 0.158426 -0.232373 0.241227 0.23974 0.94039 0.382201 0.220209 -0.111526 0.969056 0.383335 -0.975403 -0.0151425 0.219909 -0.498321 -0.00985172 -0.993646 -0.112117 0.439791 
1535392612491 0.261923 0.916996 -0.300856 -0.615696 -0.934458 0.318888 0.158425 -0.232272 0.241215 0.239642 0.940419 0.38226 0.220749 -0.111518 0.968934 0.383345 -0.975289 -0.0161179 0.220342 -0.498494 -0.00895488 -0.993632 -0.11232 0.439804 
1535392612651 0.261996 0.917004 -0.300768 -0.61547 -0.934441 0.318939 0.158424 -0.232172 0.241202 0.239543 0.940447 0.382318 0.221289 -0.111509 0.968812 0.383355 -0.975175 -0.0170932 0.220775 -0.498665 -0.00805824 -0.993616 -0.112523 0.439817 
1535392612818 0.261888 0.916978 -0.300944 -0.615699 -0.93446 0.318878 0.158436 -0.232286 0.241246 0.239728 0.940389 0.382188 0.220836 -0.111625 0.968902 0.383311 -0.975272 -0.0163614 0.220402 -0.4986 -0.00874977 -0.993616 -0.112478 0.43977 
1535392612831 0.26193 0.916995 -0.300853 -0.615399 -0.934428 0.318922 0.158535 -0.232172 0.241325 0.2396 0.940401 0.38228 0.22086 -0.111461 0.968916 0.383306 -0.975267 -0.0163622 0.220425 -0.498721 -0.00871509 -0.993634 -0.112318 0.439746 
1535392612852 0.261972 0.917013 -0.300761 -0.615094 -0.934396 0.318967 0.158635 -0.232055 0.241403 0.239472 0.940413 0.382374 0.220885 -0.111296 0.968929 0.383302 -0.975261 -0.0163621 0.220449 -0.498843 -0.00868141 -0.993653 -0.112157 0.439721 
1535392613022 0.262014 0.917031 -0.30067 -0.614789 -0.934364 0.319011 0.158734 -0.231939 0.241481 0.239345 0.940426 0.382467 0.22091 -0.111132 0.968942 0.383297 -0.975256 -0.016362 0.220473 -0.498966 -0.00864774 -0.993671 -0.111996 0.439697 
1535392613187 0.262056 0.917049 -0.300579 -0.614484 -0.934332 0.319055 0.158834 -0.231822 0.24156 0.239217 0.940438 0.38256 0.220935 -0.110967 0.968955 0.383293 -0.975251 -0.0163619 0.220497 -0.499088 -0.00861404 -0.993689 -0.111836 0.439673 
1535392613353 0.262098 0.917067 -0.300488 -0.614178 -0.934299 0.3191 0.158933 -0.231705 0.241638 0.23909 0.940451 0.382654 0.22096 -0.110803 0.968968 0.383289 -0.975245 -0.0163618 0.22052 -0.499211 -0.00858032 -0.993708 -0.111675 0.439649 
1535392613508 0.262141 0.917085 -0.300397 -0.613874 -0.934267 0.319144 0.159033 -0.231589 0.241716 0.238962 0.940463 0.382747 0.220985 -0.110639 0.968981 0.383284 -0.97524 -0.0163616 0.220544 -0.499333 -0.00854666 -0.993726 -0.111515 0.439625 
1535392613673 0.262183 0.917102 -0.300306 -0.613568 -0.934235 0.319189 0.159132 -0.231472 0.241795 0.238834 0.940475 0.38284 0.221011 -0.110474 0.968994 0.38328 -0.975234 -0.0163616 0.220569 -0.499456 -0.00851283 -0.993744 -0.111354 0.4396 
1535392613848 0.262225 0.91712 -0.300214 -0.613264 -0.934203 0.319233 0.159232 -0.231356 0.241873 0.238707 0.940487 0.382933 0.221035 -0.11031 0.969007 0.383275 -0.975229 -0.0163613 0.220592 -0.499578 -0.00847924 -0.993763 -0.111194 0.439576 
1535392613998 0.262267 0.917138 -0.300123 -0.612959 -0.934171 0.319277 0.159331 -0.231239 0.241951 0.238579 0.9405 0.383027 0.22106 -0.110146 0.96902 0.383271 -0.975224 -0.0163611 0.220615 -0.499701 -0.00844556 -0.993781 -0.111033 0.439552 
1535392614172 0.262265 0.917163 -0.300049 -0.613193 -0.934186 0.319249 0.159303 -0.231328 0.241897 0.238522 0.940528 0.382999 0.22095 -0.110343 0.969023 0.38326 -0.975248 -0.0163407 0.220508 -0.499575 -0.00849707 -0.993759 -0.111222 0.439526 
1535392614187 0.262528 0.917191 -0.299734 -0.612875 -0.93415 0.319407 0.159195 -0.231174 0.24175 0.238203 0.940647 0.383063 0.221114 -0.110224 0.968999 0.383272 -0.97522 -0.0174621 0.220548 -0.499697 -0.00738891 -0.993753 -0.111354 0.439521 
1535392614205 0.262792 0.917218 -0.299418 -0.612551 -0.934114 0.319566 0.159088 -0.231018 0.241602 0.237884 0.940765 0.383129 0.22128 -0.110104 0.968975 0.383284 -0.97519 -0.0185852 0.220588 -0.499822 -0.00627904 -0.993746 -0.111485 0.439516 
1535392614395 0.263055 0.917246 -0.299103 -0.612229 -0.934078 0.319724 0.158981 -0.230862 0.241455 0.237565 0.940884 0.383194 0.221446 -0.109985 0.968951 0.383297 -0.975159 -0.0197083 0.220627 -0.499947 -0.0051692 -0.993738 -0.111617 0.439511 
1535392614567 0.263319 0.917273 -0.298788 -0.611905 -0.934042 0.319883 0.158874 -0.230705 0.241308 0.237246 0.941002 0.38326 0.221611 -0.109864 0.968926 0.38331 -0.975127 -0.0208314 0.220667 -0.500072 -0.00405936 -0.993728 -0.111748 0.439507 
