1533836930264 0.321175 0.927177 -0.192846 -0.576295 -0.937025 0.340634 0.0771534 -0.206036 0.137225 0.155922 0.978191 0.335966 0.16008 -0.304787 0.938871 0.370831 -0.775623 0.549475 0.310623 -0.528794 -0.61056 -0.777934 -0.14844 0.432481 
1533836930276 0.315478 0.925476 -0.209685 -0.577971 -0.938365 0.337139 0.0762157 -0.208425 0.141229 0.172716 0.974794 0.338351 0.316241 -0.38488 0.867098 0.400864 -0.930001 -0.306251 0.203246 -0.504429 0.187325 -0.870677 -0.454788 0.485926 
1533836930944 0.309727 0.923463 -0.226463 -0.579541 -0.93969 0.333635 0.0752972 -0.210748 0.14509 0.189483 0.971105 0.340604 0.316241 -0.38488 0.867098 0.400864 -0.930001 -0.306251 0.203246 -0.504429 0.187325 -0.870677 -0.454788 0.485926 
1533836930951 0.303906 0.921144 -0.243177 -0.581108 -0.941003 0.33011 0.0744422 -0.213068 0.148847 0.206206 0.967121 0.342855 0.316241 -0.38488 0.867098 0.400864 -0.930001 -0.306251 0.203246 -0.504429 0.187325 -0.870677 -0.454788 0.485926 
1533836931701 0.298013 0.918521 -0.259821 -0.582689 -0.942301 0.326563 0.0736574 -0.215397 0.152504 0.222879 0.962843 0.345123 0.316241 -0.38488 0.867098 0.400864 -0.930001 -0.306251 0.203246 -0.504429 0.187325 -0.870677 -0.454788 0.485926 
1533836932210 0.292048 0.915596 -0.276391 -0.584287 -0.943585 0.322995 0.0729453 -0.217737 0.156061 0.239495 0.958273 0.347412 0.316241 -0.38488 0.867098 0.400864 -0.930001 -0.306251 0.203246 -0.504429 0.187325 -0.870677 -0.454788 0.485926 
1533836932693 0.286017 0.912368 -0.292881 -0.585885 -0.944855 0.31941 0.0722984 -0.220077 0.159512 0.256051 0.953412 0.349701 0.316241 -0.38488 0.867098 0.400864 -0.930001 -0.306251 0.203246 -0.504429 0.187325 -0.870677 -0.454788 0.485926 
1533836933182 0.279922 0.908838 -0.309285 -0.587484 -0.946109 0.315808 0.071717 -0.222417 0.162854 0.272542 0.948261 0.35199 0.316241 -0.38488 0.867098 0.400864 -0.930001 -0.306251 0.203246 -0.504429 0.187325 -0.870677 -0.454788 0.485926 
1533836933671 0.273766 0.905007 -0.325599 -0.589082 -0.947348 0.312191 0.0712013 -0.224757 0.166087 0.288963 0.942823 0.354279 0.316241 -0.38488 0.867098 0.400864 -0.930001 -0.306251 0.203246 -0.504429 0.187325 -0.870677 -0.454788 0.485926 
1533836934168 0.267527 0.900898 -0.341777 -0.590862 -0.948576 0.308536 0.0707754 -0.227194 0.169212 0.305267 0.937112 0.356513 0.316531 -0.385118 0.866887 0.401814 -0.929976 -0.306103 0.20358 -0.50615 0.186955 -0.870623 -0.455042 0.486735 
1533836934667 0.267836 0.901105 -0.340988 -0.590778 -0.948515 0.308719 0.0707993 -0.226946 0.169067 0.30447 0.937398 0.356297 0.316531 -0.385118 0.866887 0.401814 -0.929976 -0.306103 0.20358 -0.50615 0.186955 -0.870623 -0.455042 0.486735 
1533836934678 0.267184 0.900655 -0.342687 -0.590927 -0.948641 0.30834 0.0707529 -0.227195 0.169388 0.306183 0.936782 0.356553 0.316221 -0.384863 0.867113 0.400797 -0.930002 -0.306262 0.203223 -0.504308 0.187351 -0.87068 -0.45477 0.485869 
1533836934811 0.266532 0.9002 -0.344385 -0.591076 -0.948767 0.307963 0.0707073 -0.227444 0.169708 0.307896 0.936162 0.35681 0.316221 -0.384863 0.867113 0.400797 -0.930002 -0.306262 0.203223 -0.504308 0.187351 -0.87068 -0.45477 0.485869 
1533836934976 0.26588 0.899741 -0.346082 -0.591225 -0.948893 0.307585 0.0706626 -0.227692 0.170028 0.309608 0.935539 0.357066 0.316221 -0.384863 0.867113 0.400797 -0.930002 -0.306262 0.203223 -0.504308 0.187351 -0.87068 -0.45477 0.485869 
1533836935144 0.265227 0.899281 -0.347778 -0.591374 -0.949019 0.307206 0.070619 -0.227941 0.170346 0.311318 0.934914 0.357323 0.316221 -0.384863 0.867113 0.400797 -0.930002 -0.306262 0.203223 -0.504308 0.187351 -0.87068 -0.45477 0.485869 
1533836935309 0.264573 0.898816 -0.349473 -0.591524 -0.949145 0.306828 0.0705758 -0.22819 0.170663 0.313028 0.934285 0.357579 0.316221 -0.384863 0.867113 0.400797 -0.930002 -0.306262 0.203223 -0.504308 0.187351 -0.87068 -0.45477 0.485869 
1533836935475 0.263918 0.898348 -0.351166 -0.591673 -0.94927 0.30645 0.0705334 -0.228439 0.170978 0.314737 0.933653 0.357835 0.316221 -0.384863 0.867113 0.400797 -0.930002 -0.306262 0.203223 -0.504308 0.187351 -0.87068 -0.45477 0.485869 
1533836935637 0.263264 0.897877 -0.352859 -0.591822 -0.949395 0.306072 0.0704915 -0.228687 0.171293 0.316445 0.933017 0.358092 0.316221 -0.384863 0.867113 0.400797 -0.930002 -0.306262 0.203223 -0.504308 0.187351 -0.87068 -0.45477 0.485869 
1533836935800 0.262608 0.897402 -0.354551 -0.591971 -0.94952 0.305693 0.0704505 -0.228936 0.171606 0.318152 0.932379 0.358348 0.316221 -0.384863 0.867113 0.400797 -0.930002 -0.306262 0.203223 -0.504308 0.187351 -0.87068 -0.45477 0.485869 
1533836935964 0.261952 0.896925 -0.356241 -0.59212 -0.949645 0.305315 0.0704102 -0.229185 0.171918 0.319858 0.931738 0.358604 0.316221 -0.384863 0.867113 0.400797 -0.930002 -0.306262 0.203223 -0.504308 0.187351 -0.87068 -0.45477 0.485869 
1533836936137 0.2623 0.89714 -0.355441 -0.592056 -0.94957 0.305539 0.0704437 -0.229035 0.171799 0.319039 0.93204 0.358427 0.316221 -0.384863 0.867113 0.400797 -0.930002 -0.306262 0.203223 -0.504308 0.187351 -0.87068 -0.45477 0.485869 
1533836936149 0.262651 0.897047 -0.355417 -0.592066 -0.949506 0.305805 0.0701531 -0.229082 0.171619 0.319044 0.932072 0.358413 0.316221 -0.384863 0.867113 0.400795 -0.930002 -0.306262 0.203223 -0.504305 0.187351 -0.87068 -0.45477 0.485867 
1533836936166 0.263002 0.896954 -0.355392 -0.592076 -0.949441 0.306073 0.0698623 -0.229127 0.171439 0.31905 0.932103 0.358401 0.31622 -0.384863 0.867113 0.400795 -0.930002 -0.306262 0.203222 -0.504305 0.187352 -0.87068 -0.454769 0.485867 
1533836936184 0.263353 0.896861 -0.355367 -0.592084 -0.949376 0.30634 0.0695713 -0.229171 0.171259 0.319055 0.932134 0.35839 0.31622 -0.384863 0.867113 0.400795 -0.930002 -0.306262 0.203222 -0.504304 0.187352 -0.87068 -0.454769 0.485867 
1533836936189 0.263704 0.896767 -0.355343 -0.592092 -0.949311 0.306608 0.0692803 -0.229215 0.171079 0.319061 0.932165 0.358378 0.31622 -0.384863 0.867113 0.400795 -0.930002 -0.306262 0.203222 -0.504304 0.187351 -0.87068 -0.454769 0.485867 
1533836936302 0.264055 0.896674 -0.355318 -0.592102 -0.949246 0.306875 0.0689896 -0.22926 0.170899 0.319067 0.932196 0.358366 0.31622 -0.384863 0.867113 0.400795 -0.930002 -0.306262 0.203222 -0.504304 0.187351 -0.87068 -0.454769 0.485867 
1533836936319 0.264407 0.89658 -0.355293 -0.592109 -0.949181 0.307142 0.0686985 -0.229303 0.170719 0.319073 0.932227 0.358354 0.31622 -0.384863 0.867113 0.400795 -0.930002 -0.306262 0.203222 -0.504304 0.187351 -0.87068 -0.454769 0.485867 
1533836936335 0.264758 0.896487 -0.355268 -0.592118 -0.949115 0.30741 0.0684077 -0.229348 0.170539 0.319079 0.932258 0.358342 0.31622 -0.384863 0.867113 0.400795 -0.930002 -0.306262 0.203222 -0.504304 0.187351 -0.87068 -0.454769 0.485867 
1533836936373 0.265109 0.896393 -0.355243 -0.592125 -0.94905 0.307677 0.0681166 -0.229392 0.170359 0.319085 0.932289 0.358331 0.31622 -0.384863 0.867113 0.400795 -0.930002 -0.306262 0.203222 -0.504304 0.187351 -0.87068 -0.454769 0.485867 
1533836936432 0.26546 0.896299 -0.355217 -0.592134 -0.948984 0.307944 0.0678258 -0.229436 0.170179 0.319091 0.93232 0.358319 0.31622 -0.384863 0.867113 0.400795 -0.930002 -0.306262 0.203222 -0.504304 0.187351 -0.87068 -0.454769 0.485867 
1533836936462 0.264336 0.896585 -0.355334 -0.59213 -0.949199 0.307082 0.0687187 -0.229273 0.170729 0.319118 0.93221 0.358341 0.31622 -0.384863 0.867113 0.400795 -0.930002 -0.306262 0.203222 -0.504304 0.187351 -0.87068 -0.454769 0.485867 
1533836936473 0.264653 0.896694 -0.354822 -0.592155 -0.949109 0.307343 0.0687904 -0.22933 0.170736 0.318559 0.9324 0.35831 0.31622 -0.384863 0.867113 0.400795 -0.930002 -0.306262 0.203222 -0.504304 0.187351 -0.87068 -0.454769 0.485867 
1533836936490 0.264969 0.896804 -0.354308 -0.592184 -0.94902 0.307603 0.0688635 -0.229389 0.170743 0.317999 0.93259 0.358278 0.31622 -0.384863 0.867113 0.400795 -0.930002 -0.306262 0.203222 -0.504304 0.187351 -0.87068 -0.454769 0.485867 
1533836936595 0.265285 0.896913 -0.353795 -0.592213 -0.94893 0.307863 0.0689366 -0.229449 0.170751 0.317439 0.932779 0.358245 0.31622 -0.384863 0.867113 0.400795 -0.930002 -0.306262 0.203222 -0.504304 0.187351 -0.87068 -0.454769 0.485867 
1533836936635 0.265601 0.897022 -0.353281 -0.592242 -0.94884 0.308123 0.06901 -0.229508 0.170758 0.316878 0.932968 0.358213 0.31622 -0.384863 0.867113 0.400795 -0.930002 -0.306262 0.203222 -0.504304 0.187351 -0.87068 -0.454769 0.485867 
1533836936723 0.265918 0.89713 -0.352768 -0.59227 -0.94875 0.308383 0.0690834 -0.229567 0.170764 0.316318 0.933157 0.358181 0.31622 -0.384863 0.867113 0.400795 -0.930002 -0.306262 0.203222 -0.504304 0.187351 -0.87068 -0.454769 0.485867 
1533836936763 0.266234 0.897238 -0.352254 -0.5923 -0.948661 0.308643 0.0691571 -0.229627 0.170771 0.315757 0.933346 0.358148 0.31622 -0.384863 0.867113 0.400795 -0.930002 -0.306262 0.203222 -0.504304 0.187351 -0.87068 -0.454769 0.485867 
1533836936855 0.26655 0.897346 -0.35174 -0.592328 -0.948571 0.308903 0.0692308 -0.229686 0.170777 0.315197 0.933534 0.358116 0.31622 -0.384863 0.867113 0.400795 -0.930002 -0.306262 0.203222 -0.504304 0.187351 -0.87068 -0.454769 0.485867 
1533836936891 0.266866 0.897454 -0.351226 -0.592358 -0.948481 0.309162 0.0693048 -0.229745 0.170784 0.314636 0.933722 0.358084 0.31622 -0.384863 0.867113 0.400795 -0.930002 -0.306262 0.203222 -0.504304 0.187351 -0.87068 -0.454769 0.485867 
1533836936988 0.267182 0.89756 -0.350712 -0.592387 -0.948391 0.309422 0.0693788 -0.229805 0.17079 0.314075 0.93391 0.358051 0.31622 -0.384863 0.867113 0.400795 -0.930002 -0.306262 0.203222 -0.504304 0.187351 -0.87068 -0.454769 0.485867 
1533836937024 0.266535 0.897453 -0.351479 -0.592301 -0.948561 0.308893 0.0693988 -0.22966 0.170852 0.314903 0.93362 0.358149 0.31622 -0.384863 0.867113 0.400795 -0.930002 -0.306262 0.203222 -0.504304 0.187351 -0.87068 -0.454769 0.485867 
1533836937038 0.266685 0.89744 -0.351399 -0.592306 -0.948549 0.308974 0.0692134 -0.229678 0.170688 0.31486 0.933664 0.358147 0.31622 -0.384863 0.867113 0.400795 -0.930002 -0.306262 0.203222 -0.504304 0.187351 -0.87068 -0.454769 0.485867 
1533836937054 0.266835 0.897427 -0.351318 -0.592312 -0.948536 0.309054 0.0690288 -0.229695 0.170525 0.314819 0.933708 0.358145 0.31622 -0.384863 0.867113 0.400795 -0.930002 -0.306262 0.203222 -0.504304 0.187351 -0.87068 -0.454769 0.485867 
1533836937070 0.266985 0.897413 -0.351238 -0.592319 -0.948523 0.309135 0.0688434 -0.229711 0.170361 0.314778 0.933752 0.358144 0.31622 -0.384863 0.867113 0.400795 -0.930002 -0.306262 0.203222 -0.504304 0.187351 -0.87068 -0.454769 0.485867 
1533836937087 0.267134 0.8974 -0.351158 -0.592325 -0.94851 0.309215 0.0686585 -0.229728 0.170198 0.314736 0.933795 0.358142 0.31622 -0.384863 0.867113 0.400795 -0.930002 -0.306262 0.203222 -0.504304 0.187351 -0.87068 -0.454769 0.485867 
1533836937104 0.267284 0.897387 -0.351078 -0.592332 -0.948498 0.309296 0.0684731 -0.229743 0.170034 0.314695 0.933839 0.358141 0.31622 -0.384863 0.867113 0.400795 -0.930002 -0.306262 0.203222 -0.504304 0.187351 -0.87068 -0.454769 0.485867 
1533836937120 0.267434 0.897374 -0.350998 -0.592338 -0.948485 0.309376 0.0682881 -0.229759 0.16987 0.314653 0.933883 0.35814 0.31622 -0.384863 0.867113 0.400795 -0.930002 -0.306262 0.203222 -0.504304 0.187351 -0.87068 -0.454769 0.485867 
1533836937137 0.267584 0.897361 -0.350917 -0.592345 -0.948472 0.309456 0.0681031 -0.229776 0.169707 0.314612 0.933927 0.358138 0.31622 -0.384863 0.867113 0.400795 -0.930002 -0.306262 0.203222 -0.504304 0.187351 -0.87068 -0.454769 0.485867 
1533836937154 0.267733 0.897347 -0.350837 -0.592351 -0.948459 0.309537 0.0679181 -0.229793 0.169543 0.314571 0.93397 0.358137 0.31622 -0.384863 0.867113 0.400795 -0.930002 -0.306262 0.203222 -0.504304 0.187351 -0.87068 -0.454769 0.485867 
1533836937185 0.267883 0.897334 -0.350757 -0.592357 -0.948446 0.309617 0.0677332 -0.229809 0.16938 0.314529 0.934014 0.358135 0.31622 -0.384863 0.867113 0.400795 -0.930002 -0.306262 0.203222 -0.504304 0.187351 -0.87068 -0.454769 0.485867 
1533836937208 0.267034 0.897523 -0.350922 -0.592345 -0.9485 0.309175 0.0689902 -0.229737 0.170416 0.314427 0.93386 0.358127 0.31622 -0.384863 0.867113 0.400795 -0.930002 -0.306262 0.203222 -0.504304 0.187351 -0.87068 -0.454769 0.485867 
1533836937221 0.26717 0.897466 -0.350963 -0.592345 -0.948471 0.309288 0.0688753 -0.229742 0.170362 0.314477 0.933853 0.358139 0.31622 -0.384863 0.867113 0.400795 -0.930002 -0.306262 0.203222 -0.504304 0.187351 -0.87068 -0.45477 0.485867 
1533836937238 0.267308 0.897409 -0.351005 -0.592342 -0.948442 0.309403 0.068759 -0.229743 0.170307 0.314528 0.933846 0.358153 0.31622 -0.384863 0.867113 0.400795 -0.930002 -0.306262 0.203222 -0.504304 0.187351 -0.87068 -0.45477 0.485867 
1533836937255 0.267445 0.897351 -0.351047 -0.592338 -0.948413 0.309517 0.0686428 -0.229745 0.170252 0.314579 0.933838 0.358167 0.31622 -0.384863 0.867113 0.400795 -0.930002 -0.306262 0.203222 -0.504304 0.187351 -0.87068 -0.45477 0.485867 
1533836937272 0.267583 0.897294 -0.351089 -0.592334 -0.948384 0.309632 0.0685266 -0.229747 0.170197 0.31463 0.933831 0.358181 0.31622 -0.384863 0.867113 0.400795 -0.930002 -0.306262 0.203222 -0.504304 0.187351 -0.87068 -0.45477 0.485867 
1533836937288 0.267721 0.897236 -0.351131 -0.59233 -0.948355 0.309746 0.0684103 -0.229748 0.170142 0.314682 0.933824 0.358195 0.31622 -0.384863 0.867113 0.400795 -0.930002 -0.306262 0.203222 -0.504304 0.187351 -0.87068 -0.45477 0.485867 
1533836937305 0.267859 0.897179 -0.351172 -0.592327 -0.948326 0.309861 0.0682942 -0.22975 0.170087 0.314733 0.933817 0.358208 0.31622 -0.384863 0.867113 0.400795 -0.930002 -0.306262 0.203222 -0.504304 0.187351 -0.87068 -0.45477 0.485867 
1533836937322 0.267996 0.897121 -0.351214 -0.592322 -0.948297 0.309975 0.0681779 -0.229752 0.170032 0.314784 0.93381 0.358223 0.31622 -0.384863 0.867113 0.400795 -0.930002 -0.306262 0.203222 -0.504304 0.187351 -0.87068 -0.45477 0.485867 
1533836937338 0.268134 0.897064 -0.351256 -0.592319 -0.948268 0.310089 0.0680618 -0.229754 0.169977 0.314835 0.933802 0.358236 0.31622 -0.384863 0.867113 0.400795 -0.930002 -0.306262 0.203222 -0.504304 0.187351 -0.87068 -0.45477 0.485867 
1533836937355 0.268272 0.897006 -0.351298 -0.592316 -0.948239 0.310204 0.0679457 -0.229756 0.169922 0.314886 0.933795 0.35825 0.31622 -0.384863 0.867113 0.400795 -0.930002 -0.306262 0.203222 -0.504304 0.187351 -0.87068 -0.45477 0.485867 
1533836937451 0.267478 0.89724 -0.351307 -0.59239 -0.948414 0.309549 0.068487 -0.229687 0.170196 0.314865 0.933752 0.358116 0.31622 -0.384863 0.867113 0.400795 -0.930002 -0.306262 0.203222 -0.504304 0.187351 -0.87068 -0.45477 0.485867 
1533836937463 0.267607 0.897158 -0.351418 -0.592383 -0.94839 0.309657 0.0683373 -0.229697 0.170128 0.314993 0.933721 0.358148 0.31622 -0.384863 0.867113 0.400795 -0.930002 -0.306262 0.203222 -0.504304 0.187351 -0.87068 -0.45477 0.485867 
1533836937479 0.267738 0.897075 -0.35153 -0.592371 -0.948365 0.309765 0.0681867 -0.229704 0.17006 0.315123 0.93369 0.358182 0.31622 -0.384863 0.867113 0.400795 -0.930002 -0.306262 0.203222 -0.504304 0.187351 -0.87068 -0.45477 0.485867 
1533836937486 0.267868 0.896992 -0.351642 -0.59236 -0.94834 0.309874 0.0680361 -0.229712 0.169993 0.315252 0.933659 0.358216 0.31622 -0.384863 0.867113 0.400795 -0.930002 -0.306262 0.203222 -0.504304 0.187351 -0.87068 -0.45477 0.485867 
1533836937499 0.267998 0.896909 -0.351755 -0.59235 -0.948316 0.309982 0.0678858 -0.22972 0.169925 0.315381 0.933627 0.358249 0.31622 -0.384863 0.867113 0.400795 -0.930002 -0.306262 0.203222 -0.504304 0.187351 -0.87068 -0.45477 0.485867 
1533836937516 0.268128 0.896826 -0.351867 -0.592339 -0.948291 0.310091 0.0677351 -0.229727 0.169857 0.315511 0.933596 0.358283 0.31622 -0.384863 0.867113 0.400795 -0.930002 -0.306262 0.203222 -0.504304 0.187351 -0.87068 -0.45477 0.485867 
1533836937533 0.268259 0.896743 -0.35198 -0.592327 -0.948266 0.310199 0.0675844 -0.229735 0.16979 0.31564 0.933565 0.358317 0.31622 -0.384863 0.867113 0.400795 -0.930002 -0.306262 0.203222 -0.504304 0.187351 -0.87068 -0.45477 0.485867 
1533836937549 0.268389 0.89666 -0.352092 -0.592316 -0.948241 0.310308 0.0674339 -0.229742 0.169722 0.315769 0.933533 0.358351 0.31622 -0.384863 0.867113 0.400795 -0.930002 -0.306262 0.203222 -0.504304 0.187351 -0.87068 -0.45477 0.485867 
1533836937640 0.268519 0.896577 -0.352204 -0.592305 -0.948217 0.310416 0.0672833 -0.22975 0.169654 0.315899 0.933502 0.358384 0.31622 -0.384863 0.867113 0.400795 -0.930002 -0.306262 0.203222 -0.504304 0.187351 -0.87068 -0.45477 0.485867 
1533836937669 0.268649 0.896494 -0.352316 -0.592293 -0.948192 0.310524 0.0671326 -0.229757 0.169587 0.316028 0.93347 0.358418 0.31622 -0.384863 0.867113 0.400795 -0.930002 -0.306262 0.203222 -0.504304 0.187351 -0.87068 -0.45477 0.485867 
1533836937693 0.268041 0.896772 -0.352072 -0.592385 -0.948285 0.31008 0.0678608 -0.229696 0.170026 0.315675 0.93351 0.358272 0.31622 -0.384863 0.867113 0.400795 -0.930002 -0.306262 0.203222 -0.504304 0.187351 -0.87068 -0.45477 0.485867 
1533836937707 0.268006 0.896741 -0.352176 -0.592382 -0.94832 0.310009 0.0676992 -0.229703 0.169886 0.315832 0.933482 0.358285 0.31622 -0.384863 0.867113 0.400795 -0.930002 -0.306262 0.203222 -0.504304 0.187351 -0.87068 -0.45477 0.485867 
1533836937724 0.267973 0.896709 -0.352282 -0.592374 -0.948355 0.309939 0.0675367 -0.229707 0.169747 0.315991 0.933454 0.3583 0.31622 -0.384863 0.867113 0.400795 -0.930002 -0.306262 0.203222 -0.504304 0.187351 -0.87068 -0.45477 0.485867 
1533836937739 0.267939 0.896678 -0.352388 -0.592366 -0.948389 0.309869 0.0673742 -0.229711 0.169607 0.316149 0.933425 0.358314 0.31622 -0.384863 0.867113 0.400795 -0.930002 -0.306262 0.203222 -0.504304 0.187351 -0.87068 -0.45477 0.485867 
1533836937756 0.267906 0.896646 -0.352494 -0.592358 -0.948423 0.309799 0.0672117 -0.229715 0.169468 0.316308 0.933397 0.358329 0.31622 -0.384863 0.867113 0.400795 -0.930002 -0.306262 0.203222 -0.504304 0.187351 -0.87068 -0.45477 0.485867 
1533836937773 0.267873 0.896614 -0.352601 -0.592349 -0.948458 0.309729 0.0670491 -0.229719 0.169328 0.316466 0.933369 0.358344 0.31622 -0.384863 0.867113 0.400795 -0.930002 -0.306262 0.203222 -0.504304 0.187351 -0.87068 -0.45477 0.485867 
1533836937789 0.267839 0.896583 -0.352706 -0.592342 -0.948492 0.309659 0.0668868 -0.229724 0.169188 0.316624 0.93334 0.358358 0.31622 -0.384863 0.867113 0.400795 -0.930002 -0.306262 0.203222 -0.504304 0.187351 -0.87068 -0.45477 0.485867 
1533836937806 0.267806 0.896551 -0.352813 -0.592334 -0.948526 0.309589 0.0667242 -0.229727 0.169049 0.316783 0.933312 0.358373 0.31622 -0.384863 0.867113 0.400795 -0.930002 -0.306262 0.203222 -0.504304 0.187351 -0.87068 -0.45477 0.485867 
1533836937823 0.267773 0.896519 -0.352918 -0.592326 -0.948561 0.309519 0.0665619 -0.229732 0.168909 0.316941 0.933283 0.358388 0.31622 -0.384863 0.867113 0.400795 -0.930002 -0.306262 0.203222 -0.504304 0.187351 -0.87068 -0.45477 0.485867 
1533836937839 0.267739 0.896487 -0.353024 -0.592319 -0.948595 0.309449 0.0663995 -0.229736 0.168769 0.317099 0.933255 0.358402 0.31622 -0.384863 0.867113 0.400795 -0.930002 -0.306262 0.203222 -0.504304 0.187351 -0.87068 -0.45477 0.485867 
1533836937874 0.268332 0.896556 -0.352398 -0.592341 -0.948283 0.310229 0.0672052 -0.229716 0.169577 0.31614 0.933434 0.358372 0.31622 -0.384863 0.867113 0.400795 -0.930002 -0.306262 0.203222 -0.504304 0.187351 -0.87068 -0.45477 0.485867 
1533836937887 0.268485 0.896568 -0.352253 -0.592348 -0.948292 0.310265 0.0669171 -0.229706 0.169288 0.316072 0.933509 0.358363 0.31622 -0.384863 0.867113 0.400795 -0.930002 -0.306262 0.203222 -0.504304 0.187351 -0.87068 -0.45477 0.485867 
1533836937903 0.268638 0.896579 -0.352107 -0.592356 -0.9483 0.310302 0.0666279 -0.229693 0.168997 0.316005 0.933585 0.358355 0.31622 -0.384863 0.867113 0.400795 -0.930002 -0.306262 0.203222 -0.504304 0.187351 -0.87068 -0.45477 0.485867 
1533836937920 0.268791 0.89659 -0.351961 -0.592363 -0.948309 0.310338 0.066339 -0.229681 0.168706 0.315937 0.933661 0.358347 0.31622 -0.384863 0.867113 0.400795 -0.930002 -0.306262 0.203222 -0.504304 0.187351 -0.87068 -0.45477 0.485867 
1533836937937 0.268945 0.896601 -0.351816 -0.592372 -0.948317 0.310375 0.0660494 -0.229668 0.168415 0.315869 0.933736 0.358339 0.31622 -0.384863 0.867113 0.400795 -0.930002 -0.306262 0.203222 -0.504304 0.187351 -0.87068 -0.45477 0.485867 
1533836938025 0.269098 0.896613 -0.35167 -0.59238 -0.948325 0.310411 0.0657604 -0.229656 0.168124 0.315801 0.933811 0.358331 0.31622 -0.384863 0.867113 0.400795 -0.930002 -0.306262 0.203222 -0.504304 0.187351 -0.87068 -0.45477 0.485867 
1533836938042 0.269251 0.896624 -0.351524 -0.592388 -0.948333 0.310448 0.0654714 -0.229643 0.167833 0.315734 0.933887 0.358323 0.31622 -0.384863 0.867113 0.400795 -0.930002 -0.306262 0.203222 -0.504304 0.187351 -0.87068 -0.45477 0.485867 
1533836938058 0.269405 0.896635 -0.351378 -0.592396 -0.948341 0.310484 0.0651818 -0.22963 0.167542 0.315666 0.933962 0.358316 0.31622 -0.384863 0.867113 0.400795 -0.930002 -0.306262 0.203222 -0.504304 0.187351 -0.87068 -0.45477 0.485867 
1533836938075 0.269558 0.896646 -0.351232 -0.592404 -0.948349 0.310521 0.0648927 -0.229617 0.167251 0.315598 0.934037 0.358308 0.31622 -0.384863 0.867113 0.400795 -0.930002 -0.306262 0.203222 -0.504304 0.187351 -0.87068 -0.45477 0.485867 
1533836938092 0.269711 0.896657 -0.351086 -0.592412 -0.948357 0.310558 0.0646035 -0.229605 0.16696 0.315531 0.934112 0.358299 0.31622 -0.384863 0.867113 0.400795 -0.930002 -0.306262 0.203222 -0.504304 0.187351 -0.87068 -0.45477 0.485867 
1533836938120 0.26911 0.896561 -0.351793 -0.592357 -0.948253 0.310561 0.0660979 -0.22978 0.168514 0.315801 0.933741 0.358353 0.31622 -0.384863 0.867113 0.400795 -0.930002 -0.306262 0.203222 -0.504304 0.187351 -0.87068 -0.45477 0.485867 
1533836938132 0.269138 0.896708 -0.351396 -0.592362 -0.948297 0.31046 0.0659374 -0.229778 0.168221 0.315482 0.933902 0.358303 0.31622 -0.384863 0.867113 0.400795 -0.930002 -0.306262 0.203222 -0.504304 0.187351 -0.87068 -0.45477 0.485867 
1533836938148 0.269165 0.896856 -0.350999 -0.592371 -0.948341 0.31036 0.0657771 -0.229779 0.167929 0.315161 0.934063 0.358251 0.31622 -0.384863 0.867113 0.400795 -0.930002 -0.306262 0.203222 -0.504304 0.187351 -0.87068 -0.45477 0.485867 
1533836938165 0.269193 0.897003 -0.350601 -0.59238 -0.948385 0.31026 0.0656166 -0.229779 0.167636 0.314841 0.934223 0.3582 0.31622 -0.384863 0.867113 0.400795 -0.930002 -0.306262 0.203222 -0.504304 0.187351 -0.87068 -0.45477 0.485867 
1533836938288 0.269221 0.89715 -0.350204 -0.59239 -0.948428 0.31016 0.0654562 -0.229779 0.167343 0.314521 0.934384 0.358148 0.31622 -0.384863 0.867113 0.400795 -0.930002 -0.306262 0.203222 -0.504304 0.187351 -0.87068 -0.45477 0.485867 
1533836938304 0.269248 0.897297 -0.349806 -0.592398 -0.948472 0.31006 0.0652955 -0.229779 0.16705 0.314201 0.934544 0.358097 0.31622 -0.384863 0.867113 0.400795 -0.930002 -0.306262 0.203222 -0.504304 0.187351 -0.87068 -0.45477 0.485867 
1533836938388 0.269276 0.897443 -0.349408 -0.592408 -0.948516 0.309959 0.0651351 -0.22978 0.166757 0.31388 0.934704 0.358045 0.31622 -0.384863 0.867113 0.400795 -0.930002 -0.306262 0.203222 -0.504304 0.187351 -0.87068 -0.45477 0.485867 
1533836938438 0.269303 0.89759 -0.34901 -0.592416 -0.94856 0.309859 0.0649744 -0.22978 0.166464 0.313559 0.934864 0.357994 0.31622 -0.384863 0.867113 0.400795 -0.930002 -0.306262 0.203222 -0.504304 0.187351 -0.87068 -0.45477 0.485867 
1533836938491 0.26933 0.897736 -0.348613 -0.592425 -0.948603 0.309759 0.0648136 -0.22978 0.166172 0.313239 0.935023 0.357942 0.31622 -0.384863 0.867113 0.400795 -0.930002 -0.306262 0.203222 -0.504304 0.187351 -0.87068 -0.45477 0.485867 
1533836938534 0.269357 0.897883 -0.348214 -0.592435 -0.948647 0.309659 0.064653 -0.229781 0.165879 0.312918 0.935183 0.357891 0.31622 -0.384863 0.867113 0.400795 -0.930002 -0.306262 0.203222 -0.504304 0.187351 -0.87068 -0.45477 0.485867 
1533836938596 0.269332 0.897592 -0.348981 -0.592408 -0.948533 0.309919 0.0650768 -0.229749 0.166568 0.313493 0.934867 0.358013 0.31622 -0.384863 0.867113 0.400795 -0.930002 -0.306262 0.203222 -0.504304 0.187351 -0.87068 -0.45477 0.485867 
1533836938610 0.269385 0.897592 -0.348942 -0.592409 -0.948554 0.309899 0.0648728 -0.22974 0.166366 0.313514 0.934896 0.358006 0.31622 -0.384863 0.867113 0.400795 -0.930002 -0.306262 0.203222 -0.504304 0.187351 -0.87068 -0.45477 0.485867 
1533836938626 0.269438 0.897591 -0.348902 -0.59241 -0.948574 0.309879 0.0646673 -0.229729 0.166162 0.313536 0.934925 0.358 0.31622 -0.384863 0.867113 0.400795 -0.930002 -0.306262 0.203222 -0.504304 0.187351 -0.87068 -0.45477 0.485867 
1533836938642 0.269492 0.89759 -0.348863 -0.59241 -0.948595 0.309859 0.0644617 -0.229718 0.165959 0.313558 0.934954 0.357994 0.31622 -0.384863 0.867113 0.400795 -0.930002 -0.306262 0.203222 -0.504304 0.187351 -0.87068 -0.45477 0.485867 
1533836938659 0.269545 0.897589 -0.348824 -0.592409 -0.948615 0.309839 0.064256 -0.229706 0.165755 0.31358 0.934983 0.357989 0.31622 -0.384863 0.867113 0.400795 -0.930002 -0.306262 0.203222 -0.504304 0.187351 -0.87068 -0.45477 0.485867 
1533836938676 0.269598 0.897589 -0.348785 -0.592409 -0.948636 0.30982 0.0640506 -0.229695 0.165552 0.313602 0.935011 0.357983 0.31622 -0.384863 0.867113 0.400795 -0.930002 -0.306262 0.203222 -0.504304 0.187351 -0.87068 -0.45477 0.485867 
1533836938692 0.269652 0.897588 -0.348746 -0.592408 -0.948656 0.3098 0.0638448 -0.229683 0.165348 0.313624 0.93504 0.357977 0.31622 -0.384863 0.867113 0.400795 -0.930002 -0.306262 0.203222 -0.504304 0.187351 -0.87068 -0.45477 0.485867 
1533836938709 0.269705 0.897587 -0.348707 -0.592408 -0.948676 0.30978 0.0636393 -0.229672 0.165144 0.313646 0.935069 0.357971 0.31622 -0.384863 0.867113 0.400795 -0.930002 -0.306262 0.203222 -0.504304 0.187351 -0.87068 -0.45477 0.485867 
1533836938733 0.269759 0.897586 -0.348668 -0.592407 -0.948696 0.30976 0.0634336 -0.22966 0.164941 0.313669 0.935097 0.357966 0.31622 -0.384863 0.867113 0.400795 -0.930002 -0.306262 0.203222 -0.504304 0.187351 -0.87068 -0.45477 0.485867 
1533836938761 0.269812 0.897585 -0.348629 -0.592407 -0.948716 0.309741 0.0632281 -0.229649 0.164737 0.313691 0.935126 0.35796 0.31622 -0.384863 0.867113 0.400795 -0.930002 -0.306262 0.203222 -0.504304 0.187351 -0.87068 -0.45477 0.485867 
1533836938788 0.269332 0.897698 -0.348709 -0.592436 -0.948706 0.309573 0.0641999 -0.229702 0.165583 0.313531 0.93503 0.357921 0.31622 -0.384863 0.867113 0.400795 -0.930002 -0.306262 0.203222 -0.504304 0.187351 -0.87068 -0.45477 0.485867 
1533836938801 0.269327 0.897685 -0.348748 -0.592436 -0.948767 0.309459 0.0638492 -0.22968 0.165239 0.313684 0.935039 0.357931 0.31622 -0.384863 0.867113 0.400795 -0.930002 -0.306262 0.203222 -0.504304 0.187351 -0.87068 -0.45477 0.485867 
1533836938818 0.269324 0.89767 -0.348787 -0.592432 -0.948828 0.309344 0.0634984 -0.229654 0.164896 0.313838 0.935048 0.357943 0.31622 -0.384863 0.867113 0.400795 -0.930002 -0.306262 0.203222 -0.504304 0.187351 -0.87068 -0.45477 0.485867 
1533836938834 0.26932 0.897656 -0.348827 -0.592429 -0.948888 0.30923 0.0631476 -0.229629 0.164553 0.313991 0.935057 0.357954 0.31622 -0.384863 0.867113 0.400795 -0.930002 -0.306262 0.203222 -0.504304 0.187351 -0.87068 -0.45477 0.485867 
1533836938851 0.269316 0.897642 -0.348867 -0.592424 -0.948949 0.309116 0.0627968 -0.229604 0.164209 0.314144 0.935066 0.357966 0.31622 -0.384863 0.867113 0.400795 -0.930002 -0.306262 0.203222 -0.504304 0.187351 -0.87068 -0.45477 0.485867 
1533836938867 0.269313 0.897628 -0.348906 -0.592422 -0.949009 0.309001 0.0624463 -0.22958 0.163866 0.314298 0.935075 0.357977 0.31622 -0.384863 0.867113 0.400795 -0.930002 -0.306262 0.203222 -0.504304 0.187351 -0.87068 -0.45477 0.485867 
1533836938884 0.269309 0.897613 -0.348946 -0.592417 -0.94907 0.308887 0.0620954 -0.229554 0.163522 0.314451 0.935083 0.357989 0.31622 -0.384863 0.867113 0.400795 -0.930002 -0.306262 0.203222 -0.504304 0.187351 -0.87068 -0.45477 0.485867 
1533836938933 0.269305 0.897599 -0.348985 -0.592414 -0.94913 0.308772 0.0617448 -0.22953 0.163179 0.314604 0.935092 0.358001 0.31622 -0.384863 0.867113 0.400795 -0.930002 -0.306262 0.203222 -0.504304 0.187351 -0.87068 -0.45477 0.485867 
1533836938977 0.269302 0.897585 -0.349025 -0.592409 -0.94919 0.308658 0.0613939 -0.229504 0.162835 0.314758 0.9351 0.358013 0.31622 -0.384863 0.867113 0.400795 -0.930002 -0.306262 0.203222 -0.504304 0.187351 -0.87068 -0.45477 0.485867 
1533836938994 0.269298 0.89757 -0.349065 -0.592405 -0.94925 0.308543 0.0610432 -0.229479 0.162492 0.314911 0.935108 0.358024 0.31622 -0.384863 0.867113 0.400795 -0.930002 -0.306262 0.203222 -0.504304 0.187351 -0.87068 -0.45477 0.485867 
1533836939030 0.269331 0.897701 -0.348703 -0.592387 -0.949047 0.308922 0.0622641 -0.229694 0.163617 0.314166 0.935163 0.358041 0.31622 -0.384863 0.867113 0.400795 -0.930002 -0.306262 0.203222 -0.504304 0.187351 -0.87068 -0.45477 0.485867 
1533836939042 0.26933 0.89762 -0.348911 -0.592389 -0.949074 0.308885 0.0620429 -0.229674 0.163465 0.314433 0.9351 0.358073 0.31622 -0.384863 0.867113 0.400795 -0.930002 -0.306262 0.203222 -0.504304 0.187351 -0.87068 -0.45477 0.485867 
1533836939059 0.269329 0.897539 -0.349121 -0.592387 -0.9491 0.308848 0.06182 -0.22965 0.163311 0.314701 0.935036 0.358107 0.31622 -0.384863 0.867113 0.400795 -0.930002 -0.306262 0.203222 -0.504304 0.187351 -0.87068 -0.45477 0.485867 
1533836939076 0.269328 0.897458 -0.349331 -0.592384 -0.949127 0.308811 0.0615972 -0.229627 0.163158 0.314969 0.934973 0.358141 0.31622 -0.384863 0.867113 0.400795 -0.930002 -0.306262 0.203222 -0.504304 0.187351 -0.87068 -0.45477 0.485867 
1533836939092 0.269327 0.897376 -0.34954 -0.592382 -0.949153 0.308773 0.0613743 -0.229604 0.163005 0.315238 0.934909 0.358174 0.31622 -0.384863 0.867113 0.400795 -0.930002 -0.306262 0.203222 -0.504304 0.187351 -0.87068 -0.45477 0.485867 
1533836939109 0.269327 0.897295 -0.34975 -0.592379 -0.94918 0.308736 0.0611514 -0.229581 0.162851 0.315506 0.934845 0.358208 0.31622 -0.384863 0.867113 0.400795 -0.930002 -0.306262 0.203222 -0.504304 0.187351 -0.87068 -0.45477 0.485867 
1533836939125 0.269326 0.897214 -0.349959 -0.592377 -0.949206 0.308698 0.0609287 -0.229558 0.162698 0.315774 0.934781 0.358242 0.31622 -0.384863 0.867113 0.400795 -0.930002 -0.306262 0.203222 -0.504304 0.187351 -0.87068 -0.45477 0.485867 
1533836939204 0.269325 0.897132 -0.350169 -0.592373 -0.949233 0.308661 0.0607057 -0.229534 0.162545 0.316042 0.934717 0.358276 0.31622 -0.384863 0.867113 0.400795 -0.930002 -0.306262 0.203222 -0.504304 0.187351 -0.87068 -0.45477 0.485867 
1533836939233 0.269325 0.89705 -0.350378 -0.592371 -0.949259 0.308623 0.060483 -0.229512 0.162391 0.31631 0.934653 0.358309 0.31622 -0.384863 0.867113 0.400795 -0.930002 -0.306262 0.203222 -0.504304 0.187351 -0.87068 -0.45477 0.485867 
1533836939255 0.269324 0.896969 -0.350588 -0.59237 -0.949286 0.308586 0.0602603 -0.229489 0.162238 0.316578 0.934589 0.358343 0.31622 -0.384863 0.867113 0.400795 -0.930002 -0.306262 0.203222 -0.504304 0.187351 -0.87068 -0.45477 0.485867 
1533836939285 0.269315 0.897199 -0.350005 -0.592384 -0.949181 0.308746 0.0610786 -0.229615 0.162862 0.315769 0.934755 0.35821 0.31622 -0.384863 0.867113 0.400795 -0.930002 -0.306262 0.203222 -0.504304 0.187351 -0.87068 -0.45477 0.485867 
1533836939299 0.269318 0.897224 -0.349939 -0.592387 -0.949185 0.308737 0.0610766 -0.229606 0.162838 0.315707 0.934779 0.358196 0.31622 -0.384863 0.867113 0.400795 -0.930002 -0.306262 0.203222 -0.504304 0.187351 -0.87068 -0.45477 0.485867 
1533836939315 0.26932 0.897247 -0.349877 -0.592388 -0.949192 0.308719 0.0610517 -0.229598 0.162792 0.315658 0.934804 0.358187 0.31622 -0.384863 0.867113 0.400795 -0.930002 -0.306262 0.203222 -0.504304 0.187351 -0.87068 -0.45477 0.485867 
1533836939332 0.269321 0.897271 -0.349814 -0.59239 -0.9492 0.3087 0.061027 -0.229591 0.162746 0.315608 0.934829 0.358178 0.31622 -0.384863 0.867113 0.400795 -0.930002 -0.306262 0.203222 -0.504304 0.187351 -0.87068 -0.45477 0.485867 
1533836939349 0.269323 0.897295 -0.349753 -0.592391 -0.949207 0.308682 0.061002 -0.229584 0.162699 0.315558 0.934854 0.358169 0.31622 -0.384863 0.867113 0.400795 -0.930002 -0.306262 0.203222 -0.504304 0.187351 -0.87068 -0.45477 0.485867 
1533836939365 0.269324 0.897319 -0.34969 -0.592394 -0.949215 0.308664 0.0609773 -0.229577 0.162653 0.315508 0.934879 0.35816 0.31622 -0.384863 0.867113 0.400795 -0.930002 -0.306262 0.203222 -0.504304 0.187351 -0.87068 -0.45477 0.485867 
1533836939462 0.269326 0.897343 -0.349628 -0.592396 -0.949222 0.308646 0.0609524 -0.229569 0.162606 0.315459 0.934904 0.358152 0.31622 -0.384863 0.867113 0.400795 -0.930002 -0.306262 0.203222 -0.504304 0.187351 -0.87068 -0.45477 0.485867 
1533836939479 0.269327 0.897366 -0.349566 -0.592399 -0.94923 0.308627 0.0609277 -0.229563 0.16256 0.315409 0.934929 0.358143 0.31622 -0.384863 0.867113 0.400795 -0.930002 -0.306262 0.203222 -0.504304 0.187351 -0.87068 -0.45477 0.485867 
1533836939495 0.269329 0.89739 -0.349504 -0.5924 -0.949237 0.308609 0.0609028 -0.229555 0.162514 0.315359 0.934953 0.358134 0.31622 -0.384863 0.867113 0.400795 -0.930002 -0.306262 0.203222 -0.504304 0.187351 -0.87068 -0.45477 0.485867 
1533836939512 0.26933 0.897414 -0.349442 -0.592402 -0.949245 0.308591 0.060878 -0.229548 0.162467 0.31531 0.934978 0.358125 0.31622 -0.384863 0.867113 0.400795 -0.930002 -0.306262 0.203222 -0.504304 0.187351 -0.87068 -0.45477 0.485867 
1533836939537 0.269525 0.897265 -0.349674 -0.592366 -0.949171 0.308827 0.0608386 -0.22968 0.162577 0.315502 0.934894 0.358179 0.31622 -0.384863 0.867113 0.400795 -0.930002 -0.306262 0.203222 -0.504304 0.187351 -0.87068 -0.45477 0.485867 
1533836939549 0.269447 0.897221 -0.349847 -0.592362 -0.94915 0.308849 0.0610531 -0.229685 0.162828 0.315607 0.934815 0.358196 0.31622 -0.384863 0.867113 0.400795 -0.930002 -0.306262 0.203222 -0.504304 0.187351 -0.87068 -0.45477 0.485867 
1533836939565 0.269369 0.897176 -0.350023 -0.592353 -0.949129 0.30887 0.0612676 -0.229689 0.163079 0.315713 0.934735 0.358215 0.31622 -0.384863 0.867113 0.400795 -0.930002 -0.306262 0.203222 -0.504304 0.187351 -0.87068 -0.45477 0.485867 
1533836939582 0.26929 0.897131 -0.350198 -0.592344 -0.949108 0.308891 0.061482 -0.229692 0.163331 0.31582 0.934656 0.358234 0.31622 -0.384863 0.867113 0.400795 -0.930002 -0.306262 0.203222 -0.504304 0.187351 -0.87068 -0.45477 0.485867 
1533836939599 0.269211 0.897086 -0.350374 -0.592335 -0.949087 0.308913 0.0616964 -0.229695 0.163582 0.315926 0.934576 0.358253 0.31622 -0.384863 0.867113 0.400795 -0.930002 -0.306262 0.203222 -0.504304 0.187351 -0.87068 -0.45477 0.485867 
1533836939670 0.269132 0.897041 -0.350549 -0.592326 -0.949066 0.308935 0.0619106 -0.229698 0.163833 0.316032 0.934496 0.358271 0.31622 -0.384863 0.867113 0.400795 -0.930002 -0.306262 0.203222 -0.504304 0.187351 -0.87068 -0.45477 0.485867 
1533836939686 0.269054 0.896996 -0.350724 -0.592318 -0.949045 0.308956 0.062125 -0.229702 0.164085 0.316138 0.934416 0.35829 0.31622 -0.384863 0.867113 0.400795 -0.930002 -0.306262 0.203222 -0.504304 0.187351 -0.87068 -0.45477 0.485867 
1533836939702 0.268975 0.896951 -0.3509 -0.592308 -0.949024 0.308978 0.0623393 -0.229705 0.164336 0.316245 0.934336 0.358309 0.31622 -0.384863 0.867113 0.400795 -0.930002 -0.306262 0.203222 -0.504304 0.187351 -0.87068 -0.45477 0.485867 
1533836939709 0.268896 0.896906 -0.351075 -0.5923 -0.949003 0.309 0.0625536 -0.229708 0.164587 0.316351 0.934255 0.358327 0.31622 -0.384863 0.867113 0.400795 -0.930002 -0.306262 0.203222 -0.504304 0.187351 -0.87068 -0.45477 0.485867 
1533836939724 0.268817 0.896862 -0.35125 -0.592292 -0.948981 0.309022 0.062768 -0.229712 0.164838 0.316457 0.934175 0.358346 0.31622 -0.384863 0.867113 0.400795 -0.930002 -0.306262 0.203222 -0.504304 0.187351 -0.87068 -0.45477 0.485867 
1533836939747 0.269113 0.897103 -0.350406 -0.592366 -0.949142 0.30877 0.0615639 -0.229609 0.163424 0.316018 0.934572 0.358205 0.31622 -0.384863 0.867113 0.400795 -0.930002 -0.306262 0.203222 -0.504304 0.187351 -0.87068 -0.45477 0.485867 
1533836939761 0.269076 0.897081 -0.350492 -0.592364 -0.949085 0.308872 0.0619322 -0.229609 0.163815 0.315982 0.934516 0.358205 0.31622 -0.384863 0.867113 0.400795 -0.930002 -0.306262 0.203222 -0.504304 0.187351 -0.87068 -0.45477 0.485867 
1533836939777 0.269038 0.897059 -0.350576 -0.592362 -0.949028 0.308972 0.0623022 -0.229613 0.164207 0.315945 0.93446 0.358203 0.31622 -0.384863 0.867113 0.400795 -0.930002 -0.306262 0.203222 -0.504304 0.187351 -0.87068 -0.45477 0.485867 
1533836939794 0.269 0.897037 -0.350661 -0.59236 -0.948971 0.309073 0.0626724 -0.229617 0.164599 0.315908 0.934403 0.3582 0.31622 -0.384863 0.867113 0.400795 -0.930002 -0.306262 0.203222 -0.504304 0.187351 -0.87068 -0.45477 0.485867 
1533836939811 0.268963 0.897015 -0.350746 -0.592359 -0.948914 0.309174 0.0630421 -0.229619 0.164991 0.315871 0.934346 0.358198 0.31622 -0.384863 0.867113 0.400795 -0.930002 -0.306262 0.203222 -0.504304 0.187351 -0.87068 -0.45477 0.485867 
1533836939827 0.268925 0.896994 -0.35083 -0.592358 -0.948856 0.309275 0.0634124 -0.229624 0.165383 0.315834 0.93429 0.358195 0.31622 -0.384863 0.867113 0.400795 -0.930002 -0.306262 0.203222 -0.504304 0.187351 -0.87068 -0.45477 0.485867 
1533836939844 0.268887 0.896972 -0.350915 -0.592356 -0.948798 0.309376 0.0637821 -0.229627 0.165775 0.315797 0.934233 0.358193 0.31622 -0.384863 0.867113 0.400795 -0.930002 -0.306262 0.203222 -0.504304 0.187351 -0.87068 -0.45477 0.485867 
1533836939899 0.268849 0.89695 -0.350999 -0.592354 -0.948741 0.309477 0.0641519 -0.229629 0.166167 0.31576 0.934176 0.358191 0.31622 -0.384863 0.867113 0.400795 -0.930002 -0.306262 0.203222 -0.504304 0.187351 -0.87068 -0.45477 0.485867 
1533836939915 0.268811 0.896929 -0.351083 -0.592354 -0.948683 0.309577 0.0645221 -0.229634 0.166559 0.315723 0.934118 0.358188 0.31622 -0.384863 0.867113 0.400795 -0.930002 -0.306262 0.203222 -0.504304 0.187351 -0.87068 -0.45477 0.485867 
1533836939922 0.268773 0.896907 -0.351168 -0.592353 -0.948625 0.309678 0.0648919 -0.229637 0.166951 0.315685 0.934061 0.358186 0.31622 -0.384863 0.867113 0.400795 -0.930002 -0.306262 0.203222 -0.504304 0.187351 -0.87068 -0.45477 0.485867 
1533836939962 0.26901 0.896879 -0.351057 -0.592351 -0.948846 0.309345 0.0632252 -0.229675 0.165303 0.316091 0.934217 0.358224 0.31622 -0.384863 0.867113 0.400795 -0.930002 -0.306262 0.203222 -0.504304 0.187351 -0.87068 -0.45477 0.485867 
1533836939974 0.268966 0.896913 -0.351005 -0.59235 -0.948853 0.30931 0.063291 -0.229664 0.165336 0.316029 0.934232 0.358232 0.31622 -0.384863 0.867113 0.400795 -0.930002 -0.306262 0.203222 -0.504304 0.187351 -0.87068 -0.45477 0.485867 
1533836939991 0.26892 0.896948 -0.350951 -0.592352 -0.94886 0.309275 0.0633589 -0.229658 0.16537 0.315965 0.934248 0.358237 0.31622 -0.384863 0.867113 0.400795 -0.930002 -0.306262 0.203222 -0.504304 0.187351 -0.87068 -0.45477 0.485867 
1533836940007 0.268875 0.896982 -0.350898 -0.592354 -0.948867 0.30924 0.0634264 -0.229651 0.165404 0.315901 0.934263 0.358242 0.31622 -0.384863 0.867113 0.400795 -0.930002 -0.306262 0.203222 -0.504304 0.187351 -0.87068 -0.45477 0.485867 
1533836940024 0.268829 0.897017 -0.350844 -0.592357 -0.948874 0.309205 0.0634941 -0.229645 0.165438 0.315838 0.934279 0.358248 0.31622 -0.384863 0.867113 0.400795 -0.930002 -0.306262 0.203222 -0.504304 0.187351 -0.87068 -0.45477 0.485867 
1533836940041 0.268784 0.897051 -0.350791 -0.592361 -0.94888 0.309169 0.0635617 -0.229638 0.165472 0.315774 0.934294 0.358253 0.31622 -0.384863 0.867113 0.400795 -0.930002 -0.306262 0.203222 -0.504304 0.187351 -0.87068 -0.45477 0.485867 
1533836940057 0.268739 0.897086 -0.350738 -0.592362 -0.948887 0.309135 0.0636292 -0.229631 0.165506 0.315711 0.93431 0.358258 0.31622 -0.384863 0.867113 0.400795 -0.930002 -0.306262 0.203222 -0.504304 0.187351 -0.87068 -0.45477 0.485867 
1533836940074 0.268694 0.89712 -0.350684 -0.592366 -0.948894 0.309099 0.0636969 -0.229625 0.16554 0.315647 0.934325 0.358264 0.31622 -0.384863 0.867113 0.400795 -0.930002 -0.306262 0.203222 -0.504304 0.187351 -0.87068 -0.45477 0.485867 
