1533746698722 -0.152896 0.954847 -0.254735 -0.541777 -0.963619 -0.0868671 0.25277 -0.244366 0.219228 0.284115 0.93339 0.365131 0.16008 -0.304787 0.938871 0.370831 -0.775623 0.549475 0.310623 -0.528794 -0.61056 -0.777934 -0.14844 0.432481 
1533746698734 -0.141355 0.93143 -0.335347 -0.553904 -0.964904 -0.0539019 0.257011 -0.241658 0.221312 0.359908 0.906359 0.375559 0.316221 -0.384863 0.867113 0.400797 -0.930002 -0.306262 0.203223 -0.504308 0.187351 -0.87068 -0.45477 0.485869 
1533746699839 -0.129983 0.90111 -0.41365 -0.566031 -0.965808 -0.020683 0.258433 -0.238949 0.224321 0.433098 0.872987 0.385987 0.316221 -0.384863 0.867113 0.400797 -0.930002 -0.306262 0.203223 -0.504308 0.187351 -0.87068 -0.45477 0.485869 
1533746699846 -0.118863 0.864111 -0.489065 -0.578158 -0.966324 0.0125453 0.257022 -0.236241 0.228231 0.503146 0.83352 0.396415 0.316221 -0.384863 0.867113 0.400797 -0.930002 -0.306262 0.203223 -0.504308 0.187351 -0.87068 -0.45477 0.485869 
1533746701409 -0.108079 0.820706 -0.561035 -0.590286 -0.966449 0.0455364 0.252791 -0.233534 0.233014 0.569533 0.788249 0.406842 0.316221 -0.384863 0.867113 0.400797 -0.930002 -0.306262 0.203223 -0.504308 0.187351 -0.87068 -0.45477 0.485869 
1533746702542 -0.0977097 0.771217 -0.629029 -0.602415 -0.966181 0.078047 0.24577 -0.230829 0.238636 0.63177 0.737509 0.417269 0.316221 -0.384863 0.867113 0.400796 -0.930002 -0.306262 0.203223 -0.504306 0.187351 -0.87068 -0.45477 0.485868 
