1537392425439 0.201444 0.932773 -0.298923 -0.534931 -0.946082 0.264325 0.187247 -0.192376 0.253672 0.245086 0.935726 0.432831 0.16008 -0.304787 0.938871 0.370831 -0.775623 0.549475 0.310623 -0.528794 -0.61056 -0.777934 -0.14844 0.432481 
1537392425446 0.205418 0.932176 -0.298079 -0.545128 -0.945578 0.267578 0.185158 -0.198367 0.252359 0.243823 0.936411 0.426933 0.316231 -0.384871 0.867106 0.40083 -0.930001 -0.306257 0.203234 -0.504368 0.187338 -0.870678 -0.454779 0.485897 
1537392425889 0.209387 0.931565 -0.297227 -0.555325 -0.945059 0.270831 0.183069 -0.204357 0.251039 0.242565 0.937092 0.421034 0.316231 -0.384871 0.867106 0.40083 -0.930001 -0.306257 0.203234 -0.504368 0.187338 -0.870678 -0.454779 0.485897 
1537392426602 0.213352 0.930939 -0.296366 -0.565521 -0.944523 0.274082 0.180984 -0.210347 0.249713 0.241311 0.93777 0.415136 0.316231 -0.384871 0.867106 0.40083 -0.930001 -0.306257 0.203234 -0.504368 0.187338 -0.870678 -0.454779 0.485897 
1537392427300 0.217314 0.930299 -0.295496 -0.575714 -0.943971 0.277332 0.1789 -0.216337 0.248381 0.240062 0.938444 0.409238 0.316231 -0.384871 0.867106 0.40083 -0.930001 -0.306257 0.203234 -0.504368 0.187338 -0.870678 -0.454779 0.485897 
1537392427305 0.221271 0.929645 -0.294618 -0.585906 -0.943403 0.280582 0.176819 -0.222325 0.247044 0.238818 0.939114 0.403341 0.316231 -0.384871 0.867106 0.40083 -0.930001 -0.306257 0.203234 -0.504368 0.187338 -0.870678 -0.454779 0.485897 
1537392428457 0.225224 0.928976 -0.293731 -0.596094 -0.942818 0.283831 0.174741 -0.228311 0.2457 0.23758 0.939781 0.397444 0.316231 -0.384871 0.867106 0.40083 -0.930001 -0.306257 0.203234 -0.504368 0.187338 -0.870678 -0.454779 0.485897 
1537392429249 0.229173 0.928292 -0.292837 -0.606276 -0.942217 0.287079 0.172664 -0.234295 0.24435 0.236346 0.940443 0.391548 0.316231 -0.384871 0.867106 0.40083 -0.930001 -0.306257 0.203234 -0.504368 0.187338 -0.870678 -0.454779 0.485897 
1537392430001 0.233118 0.927594 -0.291935 -0.616451 -0.941599 0.290327 0.17059 -0.240276 0.242994 0.235118 0.941102 0.385654 0.316231 -0.384871 0.867106 0.40083 -0.930001 -0.306257 0.203234 -0.504368 0.187338 -0.870678 -0.454779 0.485897 
1537392430791 0.237249 0.926722 -0.291376 -0.62474 -0.940927 0.293809 0.168323 -0.245312 0.241597 0.234229 0.941683 0.380132 0.316442 -0.385045 0.866951 0.401525 -0.929984 -0.306148 0.203478 -0.505625 0.187068 -0.87064 -0.454964 0.486487 
1537392431509 0.24103 0.924572 -0.295078 -0.619276 -0.939782 0.298258 0.166889 -0.244679 0.24231 0.237084 0.940785 0.383874 0.16008 -0.304787 0.938871 0.370831 -0.775623 0.549475 0.310623 -0.528794 -0.61056 -0.777934 -0.14844 0.432481 
1537392431526 0.240313 0.924578 -0.295644 -0.620998 -0.94001 0.297634 0.166719 -0.245138 0.242138 0.237844 0.940638 0.383249 0.316241 -0.38488 0.867098 0.400864 -0.930001 -0.306251 0.203246 -0.504429 0.187325 -0.870677 -0.454788 0.485926 
1537392431559 0.239595 0.924583 -0.296211 -0.622719 -0.940237 0.29701 0.16655 -0.245597 0.241967 0.238604 0.940489 0.382624 0.316241 -0.38488 0.867098 0.400864 -0.930001 -0.306251 0.203246 -0.504429 0.187325 -0.870677 -0.454788 0.485926 
1537392431619 0.238877 0.924587 -0.296777 -0.62444 -0.940464 0.296385 0.166382 -0.246055 0.241795 0.239363 0.940341 0.381999 0.316241 -0.38488 0.867098 0.400864 -0.930001 -0.306251 0.203246 -0.504429 0.187325 -0.870677 -0.454788 0.485926 
1537392431625 0.238159 0.92459 -0.297343 -0.62616 -0.940691 0.29576 0.166214 -0.246514 0.241622 0.240123 0.940191 0.381374 0.316241 -0.38488 0.867098 0.400864 -0.930001 -0.306251 0.203246 -0.504429 0.187325 -0.870677 -0.454788 0.485926 
1537392431782 0.237441 0.924593 -0.29791 -0.627881 -0.940917 0.295135 0.166047 -0.246972 0.241449 0.240882 0.940042 0.380749 0.316241 -0.38488 0.867098 0.400864 -0.930001 -0.306251 0.203246 -0.504429 0.187325 -0.870677 -0.454788 0.485926 
1537392431912 0.236723 0.924594 -0.298476 -0.629601 -0.941142 0.294509 0.16588 -0.24743 0.241275 0.241641 0.939891 0.380124 0.316241 -0.38488 0.867098 0.400864 -0.930001 -0.306251 0.203246 -0.504429 0.187325 -0.870677 -0.454788 0.485926 
1537392432109 0.236005 0.924594 -0.299043 -0.63132 -0.941367 0.293883 0.165713 -0.247888 0.241101 0.2424 0.939741 0.3795 0.316241 -0.38488 0.867098 0.400864 -0.930001 -0.306251 0.203246 -0.504429 0.187325 -0.870677 -0.454788 0.485926 
1537392432357 0.235287 0.924594 -0.29961 -0.633039 -0.941592 0.293257 0.165546 -0.248346 0.240926 0.243159 0.93959 0.378875 0.316241 -0.38488 0.867098 0.400864 -0.930001 -0.306251 0.203246 -0.504429 0.187325 -0.870677 -0.454788 0.485926 
1537392432520 0.234622 0.924548 -0.300274 -0.634223 -0.941805 0.292695 0.165326 -0.248539 0.24074 0.244011 0.939416 0.378354 0.316531 -0.385118 0.866887 0.401814 -0.929976 -0.306103 0.20358 -0.50615 0.186955 -0.870623 -0.455042 0.486735 
1537392432714 0.238458 0.923465 -0.300582 -0.631848 -0.940762 0.296476 0.164526 -0.249117 0.24105 0.243543 0.939458 0.37899 0.16008 -0.304787 0.938871 0.370831 -0.775623 0.549475 0.310623 -0.528794 -0.61056 -0.777934 -0.14844 0.432481 
1537392432726 0.237726 0.923111 -0.302245 -0.632922 -0.940767 0.29626 0.164886 -0.249452 0.241752 0.245144 0.938861 0.378857 0.316241 -0.38488 0.867098 0.400864 -0.930001 -0.306251 0.203246 -0.504429 0.187325 -0.870677 -0.454788 0.485926 
1537392432732 0.236992 0.922754 -0.303906 -0.633996 -0.940772 0.296043 0.165247 -0.249787 0.242452 0.246744 0.938261 0.378724 0.316241 -0.38488 0.867098 0.400864 -0.930001 -0.306251 0.203246 -0.504429 0.187325 -0.870677 -0.454788 0.485926 
1537392432810 0.236258 0.922394 -0.305567 -0.63507 -0.940776 0.295828 0.165608 -0.250122 0.243151 0.248344 0.937658 0.37859 0.316241 -0.38488 0.867098 0.400864 -0.930001 -0.306251 0.203246 -0.504429 0.187325 -0.870677 -0.454788 0.485926 
1537392432917 0.235522 0.922031 -0.307226 -0.636143 -0.94078 0.295613 0.165969 -0.250457 0.243848 0.249943 0.937052 0.378457 0.316241 -0.38488 0.867098 0.400864 -0.930001 -0.306251 0.203246 -0.504429 0.187325 -0.870677 -0.454788 0.485926 
1537392433013 0.234784 0.921665 -0.308885 -0.637217 -0.940784 0.295398 0.16633 -0.250791 0.244544 0.251542 0.936443 0.378324 0.316241 -0.38488 0.867098 0.400864 -0.930001 -0.306251 0.203246 -0.504429 0.187325 -0.870677 -0.454788 0.485926 
1537392433165 0.234046 0.921296 -0.310542 -0.63829 -0.940787 0.295184 0.166691 -0.251126 0.245239 0.25314 0.93583 0.378191 0.316241 -0.38488 0.867098 0.400864 -0.930001 -0.306251 0.203246 -0.504429 0.187325 -0.870677 -0.454788 0.485926 
1537392433299 0.233306 0.920924 -0.312198 -0.639364 -0.94079 0.294971 0.167053 -0.25146 0.245933 0.254738 0.935214 0.378058 0.316241 -0.38488 0.867098 0.400864 -0.930001 -0.306251 0.203246 -0.504429 0.187325 -0.870677 -0.454788 0.485926 
1537392433455 0.232565 0.920549 -0.313852 -0.640437 -0.940792 0.294758 0.167416 -0.251795 0.246625 0.256335 0.934596 0.377925 0.316241 -0.38488 0.867098 0.400864 -0.930001 -0.306251 0.203246 -0.504429 0.187325 -0.870677 -0.454788 0.485926 
1537392433578 0.231852 0.920145 -0.31556 -0.641205 -0.940788 0.294582 0.167746 -0.251978 0.247309 0.257983 0.933961 0.37785 0.316531 -0.385118 0.866887 0.401814 -0.929976 -0.306103 0.20358 -0.50615 0.186955 -0.870623 -0.455042 0.486735 
1537392433741 0.234546 0.920786 -0.311676 -0.639017 -0.940629 0.295898 0.166319 -0.251812 0.245368 0.254162 0.935519 0.377818 0.16008 -0.304787 0.938871 0.370831 -0.775623 0.549475 0.310623 -0.528794 -0.61056 -0.777934 -0.14844 0.432481 
1537392433748 0.233805 0.920851 -0.312039 -0.639491 -0.940731 0.295346 0.166719 -0.252017 0.245683 0.254565 0.935327 0.377813 0.316241 -0.38488 0.867098 0.400864 -0.930001 -0.306251 0.203246 -0.504429 0.187325 -0.870677 -0.454788 0.485926 
1537392433773 0.233062 0.920917 -0.312401 -0.639964 -0.940833 0.294795 0.16712 -0.252222 0.245998 0.254968 0.935134 0.377807 0.316241 -0.38488 0.867098 0.400864 -0.930001 -0.306251 0.203246 -0.504429 0.187325 -0.870677 -0.454788 0.485926 
1537392433824 0.23232 0.920981 -0.312763 -0.640438 -0.940934 0.294243 0.167522 -0.252427 0.246313 0.255371 0.934942 0.377802 0.316241 -0.38488 0.867098 0.400864 -0.930001 -0.306251 0.203246 -0.504429 0.187325 -0.870677 -0.454788 0.485926 
1537392433885 0.231578 0.921046 -0.313124 -0.640911 -0.941035 0.293692 0.167923 -0.252632 0.246627 0.255774 0.934749 0.377796 0.316241 -0.38488 0.867098 0.400864 -0.930001 -0.306251 0.203246 -0.504429 0.187325 -0.870677 -0.454788 0.485926 
1537392433940 0.230835 0.921109 -0.313485 -0.641385 -0.941135 0.29314 0.168325 -0.252837 0.246941 0.256177 0.934555 0.377791 0.316241 -0.38488 0.867098 0.400864 -0.930001 -0.306251 0.203246 -0.504429 0.187325 -0.870677 -0.454788 0.485926 
1537392434037 0.230092 0.921172 -0.313846 -0.641858 -0.941235 0.292589 0.168727 -0.253042 0.247255 0.25658 0.934362 0.377786 0.316241 -0.38488 0.867098 0.400864 -0.930001 -0.306251 0.203246 -0.504429 0.187325 -0.870677 -0.454788 0.485926 
1537392434133 0.229348 0.921235 -0.314207 -0.642331 -0.941334 0.292037 0.16913 -0.253247 0.247568 0.256984 0.934168 0.37778 0.316241 -0.38488 0.867098 0.400864 -0.930001 -0.306251 0.203246 -0.504429 0.187325 -0.870677 -0.454788 0.485926 
1537392434259 0.228605 0.921297 -0.314567 -0.642805 -0.941432 0.291486 0.169532 -0.253452 0.247881 0.257387 0.933974 0.377775 0.316241 -0.38488 0.867098 0.400864 -0.930001 -0.306251 0.203246 -0.504429 0.187325 -0.870677 -0.454788 0.485926 
1537392434369 0.22788 0.921342 -0.31496 -0.64309 -0.941527 0.290957 0.169915 -0.253564 0.24819 0.257823 0.933771 0.377805 0.316531 -0.385118 0.866887 0.401814 -0.929976 -0.306103 0.20358 -0.50615 0.186955 -0.870623 -0.455042 0.486735 
1537392434487 0.2303 0.920952 -0.314341 -0.641961 -0.941248 0.29281 0.16827 -0.253437 0.24701 0.25712 0.934278 0.377709 0.16008 -0.304787 0.938871 0.370831 -0.775623 0.549475 0.310623 -0.528794 -0.61056 -0.777934 -0.14844 0.432481 
1537392434499 0.22983 0.921187 -0.313995 -0.64219 -0.941384 0.29228 0.168431 -0.253581 0.246931 0.25688 0.934365 0.377653 0.316241 -0.38488 0.867098 0.400864 -0.930001 -0.306251 0.203246 -0.504429 0.187325 -0.870677 -0.454788 0.485926 
1537392434527 0.229359 0.921422 -0.31365 -0.642419 -0.94152 0.29175 0.168591 -0.253725 0.246851 0.25664 0.934452 0.377597 0.316241 -0.38488 0.867098 0.400864 -0.930001 -0.306251 0.203246 -0.504429 0.187325 -0.870677 -0.454788 0.485926 
1537392434549 0.228887 0.921657 -0.313304 -0.642648 -0.941655 0.291219 0.168752 -0.253869 0.246772 0.2564 0.934539 0.377541 0.316241 -0.38488 0.867098 0.400864 -0.930001 -0.306251 0.203246 -0.504429 0.187325 -0.870677 -0.454788 0.485926 
1537392434553 0.228416 0.921891 -0.312959 -0.642877 -0.94179 0.290688 0.168913 -0.254013 0.246693 0.25616 0.934626 0.377485 0.316241 -0.38488 0.867098 0.400864 -0.930001 -0.306251 0.203246 -0.504429 0.187325 -0.870677 -0.454788 0.485926 
1537392434583 0.227944 0.922125 -0.312614 -0.643105 -0.941925 0.290157 0.169073 -0.254157 0.246613 0.25592 0.934712 0.37743 0.316241 -0.38488 0.867098 0.400864 -0.930001 -0.306251 0.203246 -0.504429 0.187325 -0.870677 -0.454788 0.485926 
1537392434636 0.227473 0.922358 -0.312268 -0.643334 -0.94206 0.289626 0.169233 -0.254301 0.246534 0.255679 0.934799 0.377374 0.316241 -0.38488 0.867098 0.400864 -0.930001 -0.306251 0.203246 -0.504429 0.187325 -0.870677 -0.454788 0.485926 
1537392434690 0.227001 0.922591 -0.311923 -0.643563 -0.942194 0.289095 0.169393 -0.254445 0.246455 0.255439 0.934885 0.377318 0.316241 -0.38488 0.867098 0.400864 -0.930001 -0.306251 0.203246 -0.504429 0.187325 -0.870677 -0.454788 0.485926 
1537392434753 0.22653 0.922824 -0.311577 -0.643792 -0.942328 0.288564 0.169552 -0.254589 0.246377 0.255199 0.934972 0.377262 0.316241 -0.38488 0.867098 0.400864 -0.930001 -0.306251 0.203246 -0.504429 0.187325 -0.870677 -0.454788 0.485926 
1537392434829 0.226072 0.923045 -0.311256 -0.643881 -0.94246 0.288049 0.169697 -0.254663 0.246295 0.254983 0.935052 0.377233 0.316531 -0.385118 0.866887 0.401814 -0.929976 -0.306103 0.20358 -0.50615 0.186955 -0.870623 -0.455042 0.486735 
1537392434936 0.227753 0.922019 -0.313064 -0.643194 -0.94202 0.290008 0.1688 -0.25442 0.246428 0.256468 0.934611 0.37733 0.16008 -0.304787 0.938871 0.370831 -0.775623 0.549475 0.310623 -0.528794 -0.61056 -0.777934 -0.14844 0.432481 
1537392434940 0.227912 0.922111 -0.312677 -0.643277 -0.941978 0.290092 0.168892 -0.254459 0.246442 0.256042 0.934724 0.377273 0.316241 -0.38488 0.867098 0.400864 -0.930001 -0.306251 0.203246 -0.504429 0.187325 -0.870677 -0.454788 0.485926 
1537392434960 0.228071 0.922204 -0.312289 -0.64336 -0.941936 0.290174 0.168984 -0.254499 0.246455 0.255616 0.934837 0.377216 0.316241 -0.38488 0.867098 0.400864 -0.930001 -0.306251 0.203246 -0.504429 0.187325 -0.870677 -0.454788 0.485926 
1537392434973 0.228229 0.922296 -0.3119 -0.643444 -0.941894 0.290256 0.169076 -0.254538 0.246469 0.255189 0.93495 0.377159 0.316241 -0.38488 0.867098 0.400864 -0.930001 -0.306251 0.203246 -0.504429 0.187325 -0.870677 -0.454788 0.485926 
1537392434998 0.228387 0.922388 -0.311513 -0.643527 -0.941852 0.290339 0.169167 -0.254578 0.246482 0.254763 0.935063 0.377101 0.316241 -0.38488 0.867098 0.400864 -0.930001 -0.306251 0.203246 -0.504429 0.187325 -0.870677 -0.454788 0.485926 
1537392435005 0.228545 0.92248 -0.311124 -0.64361 -0.941811 0.29042 0.16926 -0.254617 0.246496 0.254336 0.935175 0.377044 0.316241 -0.38488 0.867098 0.400864 -0.930001 -0.306251 0.203246 -0.504429 0.187325 -0.870677 -0.454788 0.485926 
1537392435033 0.228703 0.922571 -0.310736 -0.643693 -0.941769 0.290503 0.169352 -0.254656 0.246509 0.25391 0.935288 0.376987 0.316241 -0.38488 0.867098 0.400864 -0.930001 -0.306251 0.203246 -0.504429 0.187325 -0.870677 -0.454788 0.485926 
1537392435064 0.228862 0.922663 -0.310348 -0.643776 -0.941727 0.290585 0.169444 -0.254695 0.246522 0.253483 0.9354 0.37693 0.316241 -0.38488 0.867098 0.400864 -0.930001 -0.306251 0.203246 -0.504429 0.187325 -0.870677 -0.454788 0.485926 
1537392435095 0.22902 0.922754 -0.309959 -0.64386 -0.941685 0.290667 0.169536 -0.254735 0.246535 0.253057 0.935512 0.376873 0.316241 -0.38488 0.867098 0.400864 -0.930001 -0.306251 0.203246 -0.504429 0.187325 -0.870677 -0.454788 0.485926 
1537392435100 0.229184 0.92284 -0.309582 -0.643884 -0.941642 0.290755 0.169622 -0.254745 0.246547 0.25264 0.935621 0.376827 0.316531 -0.385118 0.866887 0.401814 -0.929976 -0.306103 0.20358 -0.50615 0.186955 -0.870623 -0.455042 0.486735 
1537392435174 0.226272 0.922824 -0.311765 -0.643765 -0.942505 0.288236 0.169127 -0.254876 0.245936 0.255572 0.934986 0.377174 0.16008 -0.304787 0.938871 0.370831 -0.775623 0.549475 0.310623 -0.528794 -0.61056 -0.777934 -0.14844 0.432481 
1537392435193 0.226748 0.922923 -0.311125 -0.643627 -0.942435 0.288523 0.169029 -0.254825 0.245767 0.254888 0.935217 0.377168 0.316241 -0.38488 0.867098 0.400864 -0.930001 -0.306251 0.203246 -0.504429 0.187325 -0.870677 -0.454788 0.485926 
1537392435204 0.227223 0.923022 -0.310484 -0.643489 -0.942365 0.288809 0.168931 -0.254774 0.245598 0.254204 0.935447 0.377162 0.316241 -0.38488 0.867098 0.400864 -0.930001 -0.306251 0.203246 -0.504429 0.187325 -0.870677 -0.454788 0.485926 
1537392435228 0.227698 0.92312 -0.309843 -0.643352 -0.942294 0.289096 0.168833 -0.254724 0.245428 0.25352 0.935678 0.377156 0.316241 -0.38488 0.867098 0.400864 -0.930001 -0.306251 0.203246 -0.504429 0.187325 -0.870677 -0.454788 0.485926 
1537392435256 0.228173 0.923218 -0.309201 -0.643214 -0.942224 0.289383 0.168736 -0.254673 0.245258 0.252835 0.935908 0.37715 0.316241 -0.38488 0.867098 0.400864 -0.930001 -0.306251 0.203246 -0.504429 0.187325 -0.870677 -0.454788 0.485926 
1537392435280 0.228648 0.923315 -0.308559 -0.643076 -0.942153 0.28967 0.168639 -0.254622 0.245087 0.252151 0.936137 0.377144 0.316241 -0.38488 0.867098 0.400864 -0.930001 -0.306251 0.203246 -0.504429 0.187325 -0.870677 -0.454788 0.485926 
1537392435287 0.229123 0.923412 -0.307917 -0.642938 -0.942082 0.289957 0.168542 -0.254571 0.244916 0.251467 0.936366 0.377138 0.316241 -0.38488 0.867098 0.400864 -0.930001 -0.306251 0.203246 -0.504429 0.187325 -0.870677 -0.454788 0.485926 
1537392435323 0.229598 0.923508 -0.307275 -0.642801 -0.942011 0.290244 0.168445 -0.25452 0.244745 0.250782 0.936594 0.377132 0.316241 -0.38488 0.867098 0.400864 -0.930001 -0.306251 0.203246 -0.504429 0.187325 -0.870677 -0.454788 0.485926 
1537392435372 0.230072 0.923603 -0.306632 -0.642663 -0.94194 0.290531 0.168348 -0.254469 0.244573 0.250097 0.936822 0.377126 0.316241 -0.38488 0.867098 0.400864 -0.930001 -0.306251 0.203246 -0.504429 0.187325 -0.870677 -0.454788 0.485926 
1537392435418 0.230544 0.9237 -0.305986 -0.642552 -0.941869 0.290815 0.168254 -0.254432 0.244402 0.249408 0.93705 0.377115 0.316531 -0.385118 0.866887 0.401814 -0.929976 -0.306103 0.20358 -0.50615 0.186955 -0.870623 -0.455042 0.486735 
1537392435470 0.228418 0.92328 -0.308836 -0.643317 -0.942072 0.289643 0.169135 -0.254673 0.245612 0.252313 0.935956 0.377141 0.16008 -0.304787 0.938871 0.370831 -0.775623 0.549475 0.310623 -0.528794 -0.61056 -0.777934 -0.14844 0.432481 
1537392435488 0.228854 0.923259 -0.308576 -0.642904 -0.941946 0.29003 0.169178 -0.254522 0.245691 0.251944 0.936034 0.377258 0.316241 -0.38488 0.867098 0.400864 -0.930001 -0.306251 0.203246 -0.504429 0.187325 -0.870677 -0.454788 0.485926 
1537392435513 0.229291 0.923238 -0.308315 -0.642492 -0.941819 0.290417 0.169221 -0.25437 0.245771 0.251576 0.936112 0.377375 0.316241 -0.38488 0.867098 0.400864 -0.930001 -0.306251 0.203246 -0.504429 0.187325 -0.870677 -0.454788 0.485926 
1537392435552 0.229727 0.923216 -0.308054 -0.642079 -0.941692 0.290804 0.169263 -0.254219 0.24585 0.251208 0.93619 0.377492 0.316241 -0.38488 0.867098 0.400864 -0.930001 -0.306251 0.203246 -0.504429 0.187325 -0.870677 -0.454788 0.485926 
1537392435619 0.230164 0.923194 -0.307794 -0.641667 -0.941564 0.291191 0.169306 -0.254067 0.245929 0.25084 0.936268 0.377609 0.316241 -0.38488 0.867098 0.400864 -0.930001 -0.306251 0.203246 -0.504429 0.187325 -0.870677 -0.454788 0.485926 
1537392435678 0.2306 0.923172 -0.307533 -0.641254 -0.941437 0.291577 0.169349 -0.253916 0.246008 0.250471 0.936346 0.377726 0.316241 -0.38488 0.867098 0.400864 -0.930001 -0.306251 0.203246 -0.504429 0.187325 -0.870677 -0.454788 0.485926 
1537392435768 0.231037 0.92315 -0.307273 -0.640841 -0.94131 0.291964 0.169391 -0.253765 0.246086 0.250103 0.936424 0.377843 0.316241 -0.38488 0.867098 0.400864 -0.930001 -0.306251 0.203246 -0.504429 0.187325 -0.870677 -0.454788 0.485926 
1537392435846 0.231473 0.923127 -0.307012 -0.640429 -0.941182 0.292351 0.169434 -0.253613 0.246165 0.249734 0.936502 0.37796 0.316241 -0.38488 0.867098 0.400864 -0.930001 -0.306251 0.203246 -0.504429 0.187325 -0.870677 -0.454788 0.485926 
1537392435922 0.23191 0.923104 -0.306751 -0.640016 -0.941054 0.292737 0.169477 -0.253462 0.246243 0.249366 0.936579 0.378077 0.316241 -0.38488 0.867098 0.400864 -0.930001 -0.306251 0.203246 -0.504429 0.187325 -0.870677 -0.454788 0.485926 
1537392436007 0.232331 0.923094 -0.306463 -0.639759 -0.940929 0.293105 0.169537 -0.253387 0.246324 0.248971 0.936663 0.378164 0.316531 -0.385118 0.866887 0.401814 -0.929976 -0.306103 0.20358 -0.50615 0.186955 -0.870623 -0.455042 0.486735 
1537392436101 0.230507 0.923404 -0.306906 -0.64095 -0.941446 0.291388 0.169624 -0.25352 0.24606 0.249836 0.936502 0.377884 0.16008 -0.304787 0.938871 0.370831 -0.775623 0.549475 0.310623 -0.528794 -0.61056 -0.777934 -0.14844 0.432481 
1537392436120 0.23096 0.923286 -0.30692 -0.640212 -0.941294 0.291862 0.169654 -0.253203 0.246217 0.249719 0.936492 0.378126 0.316241 -0.38488 0.867098 0.400864 -0.930001 -0.306251 0.203246 -0.504429 0.187325 -0.870677 -0.454788 0.485926 
1537392436149 0.231413 0.923168 -0.306934 -0.639474 -0.941142 0.292334 0.169683 -0.252885 0.246373 0.249602 0.936482 0.378369 0.316241 -0.38488 0.867098 0.400864 -0.930001 -0.306251 0.203246 -0.504429 0.187325 -0.870677 -0.454788 0.485926 
1537392436218 0.231866 0.92305 -0.306948 -0.638735 -0.94099 0.292807 0.169712 -0.252567 0.246529 0.249484 0.936473 0.378611 0.316241 -0.38488 0.867098 0.400864 -0.930001 -0.306251 0.203246 -0.504429 0.187325 -0.870677 -0.454788 0.485926 
1537392436304 0.232318 0.922932 -0.306961 -0.637997 -0.940837 0.29328 0.169741 -0.25225 0.246685 0.249367 0.936463 0.378854 0.316241 -0.38488 0.867098 0.400864 -0.930001 -0.306251 0.203246 -0.504429 0.187325 -0.870677 -0.454788 0.485926 
1537392436409 0.232771 0.922813 -0.306975 -0.637258 -0.940685 0.293753 0.16977 -0.251932 0.246841 0.249249 0.936453 0.379096 0.316241 -0.38488 0.867098 0.400864 -0.930001 -0.306251 0.203246 -0.504429 0.187325 -0.870677 -0.454788 0.485926 
1537392436547 0.233223 0.922694 -0.306989 -0.636519 -0.940532 0.294225 0.169799 -0.251614 0.246997 0.249132 0.936443 0.379338 0.316241 -0.38488 0.867098 0.400864 -0.930001 -0.306251 0.203246 -0.504429 0.187325 -0.870677 -0.454788 0.485926 
1537392436685 0.233675 0.922575 -0.307003 -0.63578 -0.940378 0.294698 0.169829 -0.251296 0.247153 0.249014 0.936433 0.379581 0.316241 -0.38488 0.867098 0.400864 -0.930001 -0.306251 0.203246 -0.504429 0.187325 -0.870677 -0.454788 0.485926 
1537392436813 0.234128 0.922456 -0.307016 -0.635042 -0.940225 0.29517 0.169858 -0.250979 0.247308 0.248896 0.936424 0.379823 0.316241 -0.38488 0.867098 0.400864 -0.930001 -0.306251 0.203246 -0.504429 0.187325 -0.870677 -0.454788 0.485926 
1537392436960 0.234551 0.922361 -0.306978 -0.634592 -0.940077 0.295608 0.169917 -0.250806 0.24747 0.248728 0.936426 0.380011 0.316531 -0.385118 0.866887 0.401814 -0.929976 -0.306103 0.20358 -0.50615 0.186955 -0.870623 -0.455042 0.486735 
1537392437116 0.232312 0.923201 -0.306156 -0.636061 -0.940693 0.293272 0.170551 -0.250719 0.24724 0.248378 0.936579 0.379634 0.16008 -0.304787 0.938871 0.370831 -0.775623 0.549475 0.310623 -0.528794 -0.61056 -0.777934 -0.14844 0.432481 
1537392437136 0.232595 0.923105 -0.306229 -0.635437 -0.94053 0.293647 0.170804 -0.250487 0.247594 0.24829 0.936509 0.379817 0.316241 -0.38488 0.867098 0.400864 -0.930001 -0.306251 0.203246 -0.504429 0.187325 -0.870677 -0.454788 0.485926 
1537392437143 0.232879 0.923009 -0.306304 -0.634812 -0.940367 0.294024 0.171055 -0.250256 0.247946 0.248203 0.936439 0.38 0.316241 -0.38488 0.867098 0.400864 -0.930001 -0.306251 0.203246 -0.504429 0.187325 -0.870677 -0.454788 0.485926 
1537392437191 0.233163 0.922913 -0.306378 -0.634188 -0.940204 0.2944 0.171307 -0.250024 0.248299 0.248115 0.936369 0.380184 0.316241 -0.38488 0.867098 0.400864 -0.930001 -0.306251 0.203246 -0.504429 0.187325 -0.870677 -0.454788 0.485926 
1537392437281 0.233447 0.922816 -0.306452 -0.633563 -0.94004 0.294775 0.171558 -0.249792 0.248651 0.248027 0.936299 0.380367 0.316241 -0.38488 0.867098 0.400864 -0.930001 -0.306251 0.203246 -0.504429 0.187325 -0.870677 -0.454788 0.485926 
1537392437361 0.233731 0.92272 -0.306526 -0.632939 -0.939876 0.295151 0.17181 -0.249561 0.249004 0.247939 0.936228 0.38055 0.316241 -0.38488 0.867098 0.400864 -0.930001 -0.306251 0.203246 -0.504429 0.187325 -0.870677 -0.454788 0.485926 
1537392437441 0.234014 0.922623 -0.3066 -0.632314 -0.939712 0.295527 0.172061 -0.249329 0.249356 0.247851 0.936158 0.380734 0.316241 -0.38488 0.867098 0.400864 -0.930001 -0.306251 0.203246 -0.504429 0.187325 -0.870677 -0.454788 0.485926 
1537392437539 0.234298 0.922527 -0.306674 -0.63169 -0.939548 0.295903 0.172312 -0.249097 0.249708 0.247763 0.936087 0.380917 0.316241 -0.38488 0.867098 0.400864 -0.930001 -0.306251 0.203246 -0.504429 0.187325 -0.870677 -0.454788 0.485926 
1537392437655 0.234582 0.92243 -0.306749 -0.631065 -0.939383 0.296278 0.172564 -0.248865 0.250061 0.247674 0.936017 0.3811 0.316241 -0.38488 0.867098 0.400864 -0.930001 -0.306251 0.203246 -0.504429 0.187325 -0.870677 -0.454788 0.485926 
1537392437771 0.234843 0.922352 -0.306783 -0.63066 -0.939223 0.296626 0.172838 -0.248744 0.250418 0.247547 0.935955 0.381241 0.316531 -0.385118 0.866887 0.401814 -0.929976 -0.306103 0.20358 -0.50615 0.186955 -0.870623 -0.455042 0.486735 
1537392437890 0.233274 0.92306 -0.305848 -0.632114 -0.939964 0.294617 0.172243 -0.248896 0.249099 0.247306 0.93637 0.380916 0.16008 -0.304787 0.938871 0.370831 -0.775623 0.549475 0.310623 -0.528794 -0.61056 -0.777934 -0.14844 0.432481 
1537392437901 0.233344 0.922948 -0.306133 -0.631626 -0.939828 0.294855 0.17258 -0.248759 0.249547 0.247442 0.936215 0.381034 0.316241 -0.38488 0.867098 0.400864 -0.930001 -0.306251 0.203246 -0.504429 0.187325 -0.870677 -0.454788 0.485926 
1537392437910 0.233414 0.922835 -0.306419 -0.631138 -0.939691 0.295093 0.172918 -0.248622 0.249997 0.247578 0.936059 0.381151 0.316241 -0.38488 0.867098 0.400864 -0.930001 -0.306251 0.203246 -0.504429 0.187325 -0.870677 -0.454788 0.485926 
1537392437945 0.233484 0.922723 -0.306705 -0.63065 -0.939554 0.295331 0.173255 -0.248486 0.250446 0.247714 0.935903 0.381269 0.316241 -0.38488 0.867098 0.400864 -0.930001 -0.306251 0.203246 -0.504429 0.187325 -0.870677 -0.454788 0.485926 
1537392437998 0.233553 0.92261 -0.306991 -0.630161 -0.939417 0.29557 0.173593 -0.248349 0.250896 0.24785 0.935747 0.381386 0.316241 -0.38488 0.867098 0.400864 -0.930001 -0.306251 0.203246 -0.504429 0.187325 -0.870677 -0.454788 0.485926 
1537392438061 0.233623 0.922497 -0.307277 -0.629673 -0.939279 0.295808 0.17393 -0.248212 0.251345 0.247985 0.93559 0.381504 0.316241 -0.38488 0.867098 0.400864 -0.930001 -0.306251 0.203246 -0.504429 0.187325 -0.870677 -0.454788 0.485926 
1537392438125 0.233693 0.922384 -0.307563 -0.629185 -0.939142 0.296047 0.174267 -0.248075 0.251794 0.24812 0.935434 0.381622 0.316241 -0.38488 0.867098 0.400864 -0.930001 -0.306251 0.203246 -0.504429 0.187325 -0.870677 -0.454788 0.485926 
1537392438215 0.233762 0.922271 -0.307849 -0.628696 -0.939004 0.296285 0.174605 -0.247938 0.252244 0.248256 0.935277 0.381739 0.316241 -0.38488 0.867098 0.400864 -0.930001 -0.306251 0.203246 -0.504429 0.187325 -0.870677 -0.454788 0.485926 
1537392438301 0.233831 0.922158 -0.308135 -0.628208 -0.938866 0.296524 0.174942 -0.247802 0.252693 0.248391 0.935119 0.381857 0.316241 -0.38488 0.867098 0.400864 -0.930001 -0.306251 0.203246 -0.504429 0.187325 -0.870677 -0.454788 0.485926 
1537392438406 0.233884 0.922059 -0.308391 -0.627882 -0.938731 0.296742 0.175296 -0.247747 0.253146 0.248497 0.934969 0.381943 0.316531 -0.385118 0.866887 0.401814 -0.929976 -0.306103 0.20358 -0.50615 0.186955 -0.870623 -0.455042 0.486735 
1537392438522 0.232804 0.922939 -0.306572 -0.629665 -0.939561 0.294822 0.174082 -0.247785 0.251051 0.247516 0.935793 0.381673 0.16008 -0.304787 0.938871 0.370831 -0.775623 0.549475 0.310623 -0.528794 -0.61056 -0.777934 -0.14844 0.432481 
1537392438528 0.232905 0.922745 -0.307079 -0.629333 -0.939394 0.295154 0.174424 -0.247748 0.251584 0.247844 0.935563 0.381758 0.316241 -0.38488 0.867098 0.400864 -0.930001 -0.306251 0.203246 -0.504429 0.187325 -0.870677 -0.454788 0.485926 
1537392438552 0.233007 0.92255 -0.307587 -0.629001 -0.939226 0.295487 0.174765 -0.247711 0.252117 0.248172 0.935333 0.381843 0.316241 -0.38488 0.867098 0.400864 -0.930001 -0.306251 0.203246 -0.504429 0.187325 -0.870677 -0.454788 0.485926 
1537392438581 0.233108 0.922355 -0.308095 -0.628669 -0.939057 0.29582 0.175107 -0.247674 0.252651 0.2485 0.935102 0.381927 0.316241 -0.38488 0.867098 0.400864 -0.930001 -0.306251 0.203246 -0.504429 0.187325 -0.870677 -0.454788 0.485926 
1537392438611 0.233208 0.92216 -0.308602 -0.628336 -0.938889 0.296153 0.175448 -0.247637 0.253184 0.248827 0.93487 0.382012 0.316241 -0.38488 0.867098 0.400864 -0.930001 -0.306251 0.203246 -0.504429 0.187325 -0.870677 -0.454788 0.485926 
1537392438664 0.233308 0.921964 -0.30911 -0.628004 -0.93872 0.296486 0.175789 -0.2476 0.253718 0.249155 0.934639 0.382097 0.316241 -0.38488 0.867098 0.400864 -0.930001 -0.306251 0.203246 -0.504429 0.187325 -0.870677 -0.454788 0.485926 
1537392438697 0.233408 0.921769 -0.309617 -0.627672 -0.93855 0.296819 0.17613 -0.247563 0.254251 0.249481 0.934406 0.382182 0.316241 -0.38488 0.867098 0.400864 -0.930001 -0.306251 0.203246 -0.504429 0.187325 -0.870677 -0.454788 0.485926 
1537392438758 0.233508 0.921573 -0.310125 -0.62734 -0.938381 0.297152 0.176471 -0.247526 0.254785 0.249808 0.934174 0.382267 0.316241 -0.38488 0.867098 0.400864 -0.930001 -0.306251 0.203246 -0.504429 0.187325 -0.870677 -0.454788 0.485926 
1537392438813 0.233607 0.921377 -0.310632 -0.627007 -0.938211 0.297485 0.176811 -0.247489 0.255318 0.250135 0.933941 0.382351 0.316241 -0.38488 0.867098 0.400864 -0.930001 -0.306251 0.203246 -0.504429 0.187325 -0.870677 -0.454788 0.485926 
1537392438874 0.233694 0.921191 -0.311118 -0.626792 -0.938044 0.297804 0.177164 -0.247512 0.255854 0.25044 0.933712 0.382413 0.316531 -0.385118 0.866887 0.401814 -0.929976 -0.306103 0.20358 -0.50615 0.186955 -0.870623 -0.455042 0.486735 
1537392438972 0.233106 0.922123 -0.308789 -0.627795 -0.938827 0.296176 0.175735 -0.247528 0.253505 0.248935 0.934755 0.382189 0.16008 -0.304787 0.938871 0.370831 -0.775623 0.549475 0.310623 -0.528794 -0.61056 -0.777934 -0.14844 0.432481 
1537392438986 0.233219 0.921983 -0.309121 -0.627476 -0.938732 0.296413 0.175844 -0.247452 0.253753 0.249172 0.934624 0.382283 0.316241 -0.38488 0.867098 0.400864 -0.930001 -0.306251 0.203246 -0.504429 0.187325 -0.870677 -0.454788 0.485926 
1537392439011 0.233333 0.921842 -0.309455 -0.627157 -0.938637 0.296649 0.175952 -0.247377 0.254 0.249411 0.934494 0.382377 0.316241 -0.38488 0.867098 0.400864 -0.930001 -0.306251 0.203246 -0.504429 0.187325 -0.870677 -0.454788 0.485926 
1537392439022 0.233446 0.921702 -0.309788 -0.626838 -0.938542 0.296886 0.176061 -0.247302 0.254247 0.249649 0.934363 0.382471 0.316241 -0.38488 0.867098 0.400864 -0.930001 -0.306251 0.203246 -0.504429 0.187325 -0.870677 -0.454788 0.485926 
1537392439052 0.233559 0.921561 -0.310121 -0.626519 -0.938447 0.297122 0.176169 -0.247226 0.254495 0.249887 0.934232 0.382565 0.316241 -0.38488 0.867098 0.400864 -0.930001 -0.306251 0.203246 -0.504429 0.187325 -0.870677 -0.454788 0.485926 
1537392439101 0.233671 0.921421 -0.310454 -0.6262 -0.938352 0.297358 0.176277 -0.247151 0.254742 0.250124 0.934101 0.382659 0.316241 -0.38488 0.867098 0.400864 -0.930001 -0.306251 0.203246 -0.504429 0.187325 -0.870677 -0.454788 0.485926 
1537392439144 0.233784 0.92128 -0.310787 -0.625881 -0.938257 0.297595 0.176386 -0.247075 0.254989 0.250362 0.93397 0.382753 0.316241 -0.38488 0.867098 0.400864 -0.930001 -0.306251 0.203246 -0.504429 0.187325 -0.870677 -0.454788 0.485926 
1537392439205 0.233897 0.921139 -0.31112 -0.625562 -0.938161 0.297831 0.176494 -0.247 0.255236 0.2506 0.933838 0.382847 0.316241 -0.38488 0.867098 0.400864 -0.930001 -0.306251 0.203246 -0.504429 0.187325 -0.870677 -0.454788 0.485926 
1537392439285 0.234009 0.920998 -0.311453 -0.625243 -0.938066 0.298067 0.176602 -0.246924 0.255484 0.250837 0.933707 0.382941 0.316241 -0.38488 0.867098 0.400864 -0.930001 -0.306251 0.203246 -0.504429 0.187325 -0.870677 -0.454788 0.485926 
1537392439354 0.23411 0.920866 -0.311765 -0.625036 -0.937973 0.298289 0.176722 -0.246906 0.255734 0.251055 0.93358 0.383013 0.316531 -0.385118 0.866887 0.401814 -0.929976 -0.306103 0.20358 -0.50615 0.186955 -0.870623 -0.455042 0.486735 
1537392439437 0.233086 0.921645 -0.310228 -0.625937 -0.938392 0.296864 0.176895 -0.246835 0.25513 0.249884 0.934059 0.382835 0.16008 -0.304787 0.938871 0.370831 -0.775623 0.549475 0.310623 -0.528794 -0.61056 -0.777934 -0.14844 0.432481 
1537392439445 0.23332 0.921482 -0.310536 -0.62562 -0.938249 0.297228 0.177043 -0.246786 0.255442 0.250053 0.933929 0.382918 0.316241 -0.38488 0.867098 0.400864 -0.930001 -0.306251 0.203246 -0.504429 0.187325 -0.870677 -0.454788 0.485926 
1537392439462 0.233556 0.921318 -0.310846 -0.625303 -0.938105 0.297594 0.17719 -0.246737 0.255754 0.250222 0.933798 0.383002 0.316241 -0.38488 0.867098 0.400864 -0.930001 -0.306251 0.203246 -0.504429 0.187325 -0.870677 -0.454788 0.485926 
1537392439500 0.233791 0.921154 -0.311154 -0.624986 -0.937961 0.297959 0.177338 -0.246688 0.256067 0.250391 0.933667 0.383085 0.316241 -0.38488 0.867098 0.400864 -0.930001 -0.306251 0.203246 -0.504429 0.187325 -0.870677 -0.454788 0.485926 
1537392439534 0.234027 0.92099 -0.311464 -0.624668 -0.937817 0.298325 0.177484 -0.246639 0.256379 0.25056 0.933536 0.383168 0.316241 -0.38488 0.867098 0.400864 -0.930001 -0.306251 0.203246 -0.504429 0.187325 -0.870677 -0.454788 0.485926 
1537392439580 0.234262 0.920825 -0.311773 -0.624351 -0.937673 0.29869 0.177631 -0.24659 0.256691 0.250729 0.933405 0.383252 0.316241 -0.38488 0.867098 0.400864 -0.930001 -0.306251 0.203246 -0.504429 0.187325 -0.870677 -0.454788 0.485926 
1537392439631 0.234497 0.920661 -0.312082 -0.624034 -0.937529 0.299055 0.177778 -0.246542 0.257003 0.250897 0.933274 0.383335 0.316241 -0.38488 0.867098 0.400864 -0.930001 -0.306251 0.203246 -0.504429 0.187325 -0.870677 -0.454788 0.485926 
1537392439697 0.234731 0.920496 -0.312391 -0.623717 -0.937385 0.299421 0.177925 -0.246493 0.257315 0.251066 0.933142 0.383418 0.316241 -0.38488 0.867098 0.400864 -0.930001 -0.306251 0.203246 -0.504429 0.187325 -0.870677 -0.454788 0.485926 
1537392439777 0.234966 0.920331 -0.3127 -0.6234 -0.93724 0.299786 0.178071 -0.246444 0.257628 0.251234 0.933011 0.383502 0.316241 -0.38488 0.867098 0.400864 -0.930001 -0.306251 0.203246 -0.504429 0.187325 -0.870677 -0.454788 0.485926 
1537392439843 0.23519 0.920176 -0.312989 -0.623188 -0.937097 0.300138 0.17823 -0.246449 0.257942 0.251383 0.932884 0.383564 0.316531 -0.385118 0.866887 0.401814 -0.929976 -0.306103 0.20358 -0.50615 0.186955 -0.870623 -0.455042 0.486735 
1537392439937 0.233516 0.921194 -0.311242 -0.6241 -0.93792 0.297823 0.177785 -0.246198 0.256469 0.250404 0.933553 0.383454 0.16008 -0.304787 0.938871 0.370831 -0.775623 0.549475 0.310623 -0.528794 -0.61056 -0.777934 -0.14844 0.432481 
1537392439949 0.233864 0.921066 -0.311359 -0.623756 -0.93786 0.298149 0.177554 -0.246094 0.25637 0.250488 0.933558 0.38356 0.316241 -0.38488 0.867098 0.400864 -0.930001 -0.306251 0.203246 -0.504429 0.187325 -0.870677 -0.454788 0.485926 
1537392439963 0.234213 0.920938 -0.311477 -0.623413 -0.937801 0.298475 0.177321 -0.245991 0.25627 0.250572 0.933563 0.383666 0.316241 -0.38488 0.867098 0.400864 -0.930001 -0.306251 0.203246 -0.504429 0.187325 -0.870677 -0.454788 0.485926 
1537392440004 0.234562 0.920809 -0.311595 -0.623069 -0.937741 0.298801 0.177089 -0.245887 0.25617 0.250657 0.933567 0.383773 0.316241 -0.38488 0.867098 0.400864 -0.930001 -0.306251 0.203246 -0.504429 0.187325 -0.870677 -0.454788 0.485926 
1537392440045 0.234911 0.92068 -0.311713 -0.622725 -0.93768 0.299127 0.176857 -0.245784 0.256071 0.250741 0.933572 0.383879 0.316241 -0.38488 0.867098 0.400864 -0.930001 -0.306251 0.203246 -0.504429 0.187325 -0.870677 -0.454788 0.485926 
1537392440105 0.23526 0.920551 -0.31183 -0.622382 -0.93762 0.299453 0.176625 -0.24568 0.255971 0.250826 0.933577 0.383985 0.316241 -0.38488 0.867098 0.400864 -0.930001 -0.306251 0.203246 -0.504429 0.187325 -0.870677 -0.454788 0.485926 
1537392440161 0.235609 0.920422 -0.311948 -0.622038 -0.93756 0.299778 0.176393 -0.245577 0.255871 0.25091 0.933581 0.384091 0.316241 -0.38488 0.867098 0.400864 -0.930001 -0.306251 0.203246 -0.504429 0.187325 -0.870677 -0.454788 0.485926 
1537392440229 0.235958 0.920293 -0.312066 -0.621694 -0.937499 0.300104 0.176161 -0.245473 0.255772 0.250995 0.933586 0.384197 0.316241 -0.38488 0.867098 0.400864 -0.930001 -0.306251 0.203246 -0.504429 0.187325 -0.870677 -0.454788 0.485926 
1537392440333 0.236306 0.920164 -0.312183 -0.621351 -0.937439 0.30043 0.175929 -0.245369 0.255672 0.251079 0.93359 0.384304 0.316241 -0.38488 0.867098 0.400864 -0.930001 -0.306251 0.203246 -0.504429 0.187325 -0.870677 -0.454788 0.485926 
1537392440421 0.236643 0.920045 -0.312278 -0.621123 -0.93738 0.30074 0.17571 -0.245326 0.255575 0.251143 0.9336 0.384387 0.316531 -0.385118 0.866887 0.401814 -0.929976 -0.306103 0.20358 -0.50615 0.186955 -0.870623 -0.455042 0.486735 
1537392440508 0.235192 0.920676 -0.311513 -0.62213 -0.937567 0.299397 0.177004 -0.245374 0.25623 0.250435 0.933611 0.384118 0.16008 -0.304787 0.938871 0.370831 -0.775623 0.549475 0.310623 -0.528794 -0.61056 -0.777934 -0.14844 0.432481 
1537392440527 0.235395 0.920606 -0.311567 -0.621739 -0.937516 0.299599 0.176928 -0.245252 0.256226 0.250451 0.933607 0.384245 0.316241 -0.38488 0.867098 0.400864 -0.930001 -0.306251 0.203246 -0.504429 0.187325 -0.870677 -0.454788 0.485926 
1537392440546 0.235599 0.920535 -0.311622 -0.621348 -0.937466 0.299801 0.176852 -0.245129 0.256223 0.250469 0.933603 0.384372 0.316241 -0.38488 0.867098 0.400864 -0.930001 -0.306251 0.203246 -0.504429 0.187325 -0.870677 -0.454788 0.485926 
1537392440581 0.235803 0.920464 -0.311677 -0.620957 -0.937416 0.300003 0.176776 -0.245007 0.25622 0.250486 0.933599 0.384499 0.316241 -0.38488 0.867098 0.400864 -0.930001 -0.306251 0.203246 -0.504429 0.187325 -0.870677 -0.454788 0.485926 
1537392440623 0.236006 0.920394 -0.311731 -0.620565 -0.937365 0.300205 0.1767 -0.244885 0.256217 0.250503 0.933596 0.384626 0.316241 -0.38488 0.867098 0.400864 -0.930001 -0.306251 0.203246 -0.504429 0.187325 -0.870677 -0.454788 0.485926 
1537392440670 0.236209 0.920323 -0.311785 -0.620174 -0.937315 0.300407 0.176624 -0.244762 0.256214 0.250521 0.933592 0.384754 0.316241 -0.38488 0.867098 0.400864 -0.930001 -0.306251 0.203246 -0.504429 0.187325 -0.870677 -0.454788 0.485926 
1537392440726 0.236413 0.920253 -0.311839 -0.619783 -0.937265 0.300609 0.176548 -0.24464 0.256211 0.250538 0.933588 0.384881 0.316241 -0.38488 0.867098 0.400864 -0.930001 -0.306251 0.203246 -0.504429 0.187325 -0.870677 -0.454788 0.485926 
1537392440797 0.236616 0.920182 -0.311893 -0.619392 -0.937214 0.300811 0.176472 -0.244517 0.256207 0.250555 0.933585 0.385008 0.316241 -0.38488 0.867098 0.400864 -0.930001 -0.306251 0.203246 -0.504429 0.187325 -0.870677 -0.454788 0.485926 
1537392440896 0.23682 0.920111 -0.311948 -0.619 -0.937164 0.301013 0.176396 -0.244395 0.256204 0.250572 0.933581 0.385135 0.316241 -0.38488 0.867098 0.400864 -0.930001 -0.306251 0.203246 -0.504429 0.187325 -0.870677 -0.454788 0.485926 
1537392440969 0.23701 0.920052 -0.311979 -0.618726 -0.937116 0.301199 0.176334 -0.244333 0.256204 0.250568 0.933582 0.385239 0.316531 -0.385118 0.866887 0.401814 -0.929976 -0.306103 0.20358 -0.50615 0.186955 -0.870623 -0.455042 0.486735 
1537392441068 0.235377 0.920703 -0.311295 -0.619892 -0.937542 0.299508 0.176945 -0.244181 0.25615 0.250203 0.933695 0.384964 0.16008 -0.304787 0.938871 0.370831 -0.775623 0.549475 0.310623 -0.528794 -0.61056 -0.777934 -0.14844 0.432481 
1537392441099 0.235789 0.920641 -0.311164 -0.619497 -0.93756 0.299754 0.176433 -0.244003 0.255704 0.250134 0.933835 0.385056 0.316241 -0.38488 0.867098 0.400864 -0.930001 -0.306251 0.203246 -0.504429 0.187325 -0.870677 -0.454788 0.485926 
1537392441119 0.2362 0.92058 -0.311034 -0.619101 -0.937578 0.299999 0.175919 -0.243825 0.255258 0.250067 0.933975 0.385147 0.316241 -0.38488 0.867098 0.400864 -0.930001 -0.306251 0.203246 -0.504429 0.187325 -0.870677 -0.454788 0.485926 
1537392441163 0.236611 0.920518 -0.310904 -0.618706 -0.937596 0.300244 0.175406 -0.243647 0.254812 0.25 0.934115 0.385239 0.316241 -0.38488 0.867098 0.400864 -0.930001 -0.306251 0.203246 -0.504429 0.187325 -0.870677 -0.454788 0.485926 
1537392441204 0.237022 0.920457 -0.310774 -0.61831 -0.937613 0.300489 0.174893 -0.24347 0.254365 0.249932 0.934255 0.38533 0.316241 -0.38488 0.867098 0.400864 -0.930001 -0.306251 0.203246 -0.504429 0.187325 -0.870677 -0.454788 0.485926 
1537392441249 0.237432 0.920395 -0.310643 -0.617915 -0.937631 0.300734 0.17438 -0.243292 0.253919 0.249865 0.934394 0.385422 0.316241 -0.38488 0.867098 0.400864 -0.930001 -0.306251 0.203246 -0.504429 0.187325 -0.870677 -0.454788 0.485926 
1537392441316 0.237843 0.920333 -0.310512 -0.617519 -0.937647 0.300978 0.173867 -0.243114 0.253472 0.249797 0.934534 0.385514 0.316241 -0.38488 0.867098 0.400864 -0.930001 -0.306251 0.203246 -0.504429 0.187325 -0.870677 -0.454788 0.485926 
