1533738441767 0.218605 0.840969 -0.494957 -0.51034 -0.957886 0.281716 0.0555912 -0.193851 0.186188 0.46196 0.867137 0.381287 0.16008 -0.304787 0.938871 0.370831 -0.775623 0.549475 0.310623 -0.528794 -0.61056 -0.777934 -0.14844 0.432481 
1533738441779 0.233118 0.862911 -0.448375 -0.52062 -0.956834 0.285831 0.0526163 -0.194009 0.173563 0.416755 0.892296 0.373598 0.316225 -0.384867 0.86711 0.400813 -0.930002 -0.30626 0.203228 -0.504337 0.187345 -0.870679 -0.454774 0.485882 
1533738442750 0.246933 0.882394 -0.400505 -0.530901 -0.955702 0.290082 0.0498694 -0.194166 0.160184 0.370449 0.914936 0.365908 0.316225 -0.384867 0.86711 0.400813 -0.930002 -0.30626 0.203228 -0.504337 0.187345 -0.870679 -0.454774 0.485882 
1533738443691 0.26001 0.899363 -0.351485 -0.541183 -0.954491 0.294456 0.0473596 -0.194324 0.14609 0.323175 0.934995 0.358221 0.316225 -0.384867 0.86711 0.400813 -0.930002 -0.30626 0.203228 -0.504337 0.187345 -0.870679 -0.454774 0.485882 
1533738444633 0.272311 0.913768 -0.301454 -0.551467 -0.953206 0.298941 0.045094 -0.194483 0.131322 0.275068 0.952414 0.350537 0.316225 -0.384867 0.86711 0.400813 -0.930002 -0.30626 0.203228 -0.504337 0.187345 -0.870679 -0.454774 0.485882 
1533738445562 0.283802 0.925569 -0.250557 -0.561752 -0.95185 0.303523 0.0430789 -0.194642 0.115922 0.226267 0.967143 0.342857 0.316225 -0.384867 0.86711 0.400813 -0.930002 -0.30626 0.203228 -0.504337 0.187345 -0.870679 -0.454774 0.485882 
1533738446496 0.294451 0.934731 -0.198938 -0.572038 -0.950427 0.308189 0.04132 -0.1948 0.0999335 0.176909 0.979141 0.335181 0.316225 -0.384867 0.86711 0.400813 -0.930002 -0.30626 0.203228 -0.504337 0.187345 -0.870679 -0.454774 0.485882 
1533738447428 0.304225 0.941229 -0.146745 -0.582322 -0.948942 0.312927 0.0398222 -0.194957 0.0834023 0.127138 0.988372 0.32751 0.316225 -0.384867 0.86711 0.400813 -0.930002 -0.30626 0.203228 -0.504337 0.187345 -0.870679 -0.454774 0.485882 
1533738448358 0.313099 0.945044 -0.0941287 -0.592602 -0.947398 0.317723 0.0385896 -0.195111 0.0663757 0.077095 0.994812 0.319843 0.316225 -0.384867 0.86711 0.400813 -0.930002 -0.30626 0.203228 -0.504337 0.187345 -0.870679 -0.454774 0.485882 
1533738449293 0.321134 0.94612 -0.0415948 -0.601389 -0.945757 0.322672 0.0377726 -0.194862 0.0491589 0.0272085 0.99842 0.31342 0.316379 -0.384993 0.866998 0.401317 -0.929989 -0.306181 0.203405 -0.505249 0.187149 -0.870651 -0.454908 0.48631 
1533738450199 0.321488 0.945944 -0.0428422 -0.601293 -0.945617 0.323086 0.0377261 -0.194939 0.0495285 0.0283838 0.998369 0.313415 0.316379 -0.384993 0.866998 0.401317 -0.929989 -0.306181 0.203405 -0.505249 0.187149 -0.870651 -0.454908 0.48631 
1533738450212 0.322192 0.945936 -0.037382 -0.602477 -0.945472 0.323521 0.0376323 -0.194985 0.0476916 0.0232188 0.998592 0.312509 0.31622 -0.384863 0.867113 0.400795 -0.930002 -0.306262 0.203222 -0.504304 0.187351 -0.87068 -0.454769 0.485867 
1533738450619 0.322886 0.9459 -0.0319208 -0.603658 -0.945327 0.323957 0.0375408 -0.19503 0.0458508 0.0180542 0.998785 0.311599 0.31622 -0.384863 0.867113 0.400795 -0.930002 -0.306262 0.203222 -0.504304 0.187351 -0.87068 -0.454769 0.485867 
1533738450937 0.323569 0.945834 -0.0264586 -0.604839 -0.945181 0.324393 0.0374518 -0.195074 0.0440061 0.0128899 0.998948 0.310689 0.31622 -0.384863 0.867113 0.400795 -0.930002 -0.306262 0.203222 -0.504304 0.187351 -0.87068 -0.454769 0.485867 
1533738451259 0.324243 0.945741 -0.0209955 -0.60602 -0.945034 0.32483 0.0373652 -0.195119 0.0421578 0.00772605 0.999081 0.309779 0.31622 -0.384863 0.867113 0.400795 -0.930002 -0.306262 0.203222 -0.504304 0.187351 -0.87068 -0.454769 0.485867 
1533738451577 0.324906 0.945619 -0.0155317 -0.6072 -0.944887 0.325267 0.0372811 -0.195163 0.0403057 0.00256287 0.999184 0.308868 0.31622 -0.384863 0.867113 0.400795 -0.930002 -0.306262 0.203222 -0.504304 0.187351 -0.87068 -0.454769 0.485867 
1533738451582 0.325559 0.945468 -0.0100674 -0.608381 -0.94474 0.325704 0.0371996 -0.195208 0.0384501 -0.00259957 0.999257 0.307958 0.31622 -0.384863 0.867113 0.400795 -0.930002 -0.306262 0.203222 -0.504304 0.187351 -0.87068 -0.454769 0.485867 
1533738452030 0.326202 0.945289 -0.0046028 -0.609562 -0.944592 0.326142 0.0371207 -0.195252 0.0365909 -0.00776106 0.9993 0.307048 0.31622 -0.384863 0.867113 0.400795 -0.930002 -0.306262 0.203222 -0.504304 0.187351 -0.87068 -0.454769 0.485867 
1533738452351 0.326835 0.945081 0.000862024 -0.610743 -0.944443 0.32658 0.0370442 -0.195297 0.0347283 -0.0129215 0.999313 0.306137 0.31622 -0.384863 0.867113 0.400795 -0.930002 -0.306262 0.203222 -0.504304 0.187351 -0.87068 -0.454769 0.485867 
1533738452358 0.327457 0.944845 0.00632687 -0.611924 -0.944295 0.327018 0.0369703 -0.195342 0.0328622 -0.0180806 0.999296 0.305227 0.31622 -0.384863 0.867113 0.400795 -0.930002 -0.306262 0.203222 -0.504304 0.187351 -0.87068 -0.454769 0.485867 
1533738452838 0.327873 0.944707 0.00538079 -0.611784 -0.94414 0.327466 0.0369501 -0.195508 0.0331449 -0.0171951 0.999303 0.305267 0.31622 -0.384863 0.867113 0.400795 -0.930002 -0.306262 0.203222 -0.504304 0.187351 -0.87068 -0.454769 0.485867 
1533738452848 0.328154 0.944601 0.00657135 -0.61195 -0.944077 0.327719 0.0363286 -0.19556 0.0321625 -0.0181252 0.999318 0.305012 0.31622 -0.384863 0.867113 0.400795 -0.930002 -0.306262 0.203222 -0.504304 0.187351 -0.87068 -0.45477 0.485867 
1533738452936 0.328434 0.944495 0.00776271 -0.612119 -0.944012 0.327972 0.0357067 -0.195612 0.0311789 -0.0190554 0.999332 0.30475 0.31622 -0.384863 0.867113 0.400795 -0.930002 -0.306262 0.203222 -0.504304 0.187351 -0.87068 -0.45477 0.485867 
1533738453076 0.328713 0.944388 0.00895402 -0.612285 -0.943947 0.328227 0.035085 -0.195664 0.0301948 -0.019985 0.999344 0.304489 0.31622 -0.384863 0.867113 0.400795 -0.930002 -0.306262 0.203222 -0.504304 0.187351 -0.87068 -0.45477 0.485867 
1533738453082 0.32899 0.944279 0.0101454 -0.612452 -0.943881 0.328482 0.0344636 -0.195715 0.0292107 -0.0209142 0.999354 0.304228 0.31622 -0.384863 0.867113 0.400795 -0.930002 -0.306262 0.203222 -0.504304 0.187351 -0.87068 -0.45477 0.485867 
1533738453307 0.329267 0.944169 0.0113369 -0.612619 -0.943815 0.328737 0.0338427 -0.195767 0.0282264 -0.0218432 0.999363 0.303968 0.31622 -0.384863 0.867113 0.400795 -0.930002 -0.306262 0.203222 -0.504304 0.187351 -0.87068 -0.45477 0.485867 
1533738453467 0.329542 0.944058 0.0125286 -0.612785 -0.943748 0.328993 0.0332219 -0.195818 0.0272415 -0.0227718 0.999369 0.303706 0.31622 -0.384863 0.867113 0.400795 -0.930002 -0.306262 0.203222 -0.504304 0.187351 -0.87068 -0.45477 0.485867 
1533738453633 0.329816 0.943945 0.0137204 -0.612951 -0.94368 0.329249 0.0326014 -0.19587 0.0262565 -0.0237002 0.999374 0.303446 0.31622 -0.384863 0.867113 0.400795 -0.930002 -0.306262 0.203222 -0.504304 0.187351 -0.87068 -0.45477 0.485867 
1533738453787 0.330089 0.943832 0.0149124 -0.613118 -0.943611 0.329507 0.0319813 -0.195921 0.0252712 -0.0246282 0.999377 0.303185 0.31622 -0.384863 0.867113 0.400795 -0.930002 -0.306262 0.203222 -0.504304 0.187351 -0.87068 -0.45477 0.485867 
1533738453952 0.330361 0.943717 0.0161046 -0.613284 -0.943542 0.329764 0.0313615 -0.195973 0.0242856 -0.025556 0.999378 0.302924 0.31622 -0.384863 0.867113 0.400795 -0.930002 -0.306262 0.203222 -0.504304 0.187351 -0.87068 -0.45477 0.485867 
1533738454128 0.330127 0.943807 0.0156594 -0.613178 -0.94361 0.329531 0.0317782 -0.195902 0.0248323 -0.0252672 0.999372 0.303125 0.31622 -0.384863 0.867113 0.400795 -0.930002 -0.306262 0.203222 -0.504304 0.187351 -0.87068 -0.45477 0.485867 
1533738454141 0.330307 0.94375 0.0152807 -0.613172 -0.943568 0.329746 0.0307651 -0.195885 0.0239958 -0.0245804 0.99941 0.303199 0.31622 -0.384863 0.867113 0.400795 -0.930002 -0.306262 0.203222 -0.504304 0.187351 -0.87068 -0.45477 0.485867 
1533738454266 0.330488 0.943693 0.0149018 -0.61316 -0.943526 0.32996 0.0297498 -0.195865 0.0231576 -0.0238922 0.999446 0.303269 0.31622 -0.384863 0.867113 0.400795 -0.930002 -0.306262 0.203222 -0.504304 0.187351 -0.87068 -0.45477 0.485867 
1533738454337 0.330669 0.943635 0.0145232 -0.613149 -0.943483 0.330173 0.0287343 -0.195845 0.0223195 -0.023204 0.999482 0.303339 0.31622 -0.384863 0.867113 0.400795 -0.930002 -0.306262 0.203222 -0.504304 0.187351 -0.87068 -0.45477 0.485867 
1533738454442 0.33085 0.943577 0.0141448 -0.613137 -0.943439 0.330386 0.0277186 -0.195826 0.0214814 -0.0225155 0.999516 0.303409 0.31622 -0.384863 0.867113 0.400795 -0.930002 -0.306262 0.203222 -0.504304 0.187351 -0.87068 -0.45477 0.485867 
1533738454449 0.331032 0.943519 0.0137667 -0.613126 -0.943394 0.330598 0.026703 -0.195806 0.0206436 -0.021827 0.999549 0.30348 0.31622 -0.384863 0.867113 0.400795 -0.930002 -0.306262 0.203222 -0.504304 0.187351 -0.87068 -0.45477 0.485867 
1533738454622 0.331213 0.943461 0.0133887 -0.613115 -0.943348 0.330809 0.0256871 -0.195787 0.0198057 -0.0211381 0.99958 0.30355 0.31622 -0.384863 0.867113 0.400795 -0.930002 -0.306262 0.203222 -0.504304 0.187351 -0.87068 -0.45477 0.485867 
1533738454628 0.331395 0.943402 0.0130109 -0.613104 -0.943301 0.33102 0.0246712 -0.195768 0.018968 -0.0204492 0.999611 0.30362 0.31622 -0.384863 0.867113 0.400795 -0.930002 -0.306262 0.203222 -0.504304 0.187351 -0.87068 -0.45477 0.485867 
1533738454789 0.331578 0.943343 0.0126334 -0.613093 -0.943254 0.331229 0.0236552 -0.195748 0.0181305 -0.01976 0.99964 0.30369 0.31622 -0.384863 0.867113 0.400795 -0.930002 -0.306262 0.203222 -0.504304 0.187351 -0.87068 -0.45477 0.485867 
1533738454883 0.33176 0.943284 0.012256 -0.613081 -0.943205 0.331439 0.0226391 -0.195729 0.017293 -0.0190707 0.999669 0.30376 0.31622 -0.384863 0.867113 0.400795 -0.930002 -0.306262 0.203222 -0.504304 0.187351 -0.87068 -0.45477 0.485867 
1533738454997 0.331457 0.943384 0.0127378 -0.6131 -0.943298 0.331108 0.0235775 -0.19571 0.0180251 -0.0198305 0.999641 0.303765 0.31622 -0.384863 0.867113 0.400795 -0.930002 -0.306262 0.203222 -0.504304 0.187351 -0.87068 -0.45477 0.485867 
1533738455009 0.331389 0.943417 0.0120558 -0.613054 -0.943326 0.331062 0.023092 -0.195711 0.0177941 -0.019025 0.999661 0.303843 0.31622 -0.384863 0.867113 0.400795 -0.930002 -0.306262 0.203222 -0.504304 0.187351 -0.87068 -0.45477 0.485867 
1533738455026 0.331322 0.943449 0.0113722 -0.613001 -0.943354 0.331016 0.0226068 -0.19571 0.017564 -0.0182182 0.99968 0.303922 0.31622 -0.384863 0.867113 0.400795 -0.930002 -0.306262 0.203222 -0.504304 0.187351 -0.87068 -0.45477 0.485867 
1533738455133 0.331255 0.943481 0.0106889 -0.612949 -0.943382 0.33097 0.0221216 -0.19571 0.0173336 -0.0174116 0.999698 0.304001 0.31622 -0.384863 0.867113 0.400795 -0.930002 -0.306262 0.203222 -0.504304 0.187351 -0.87068 -0.45477 0.485867 
1533738455191 0.331189 0.943511 0.010005 -0.612894 -0.943409 0.330924 0.0216361 -0.195708 0.017103 -0.0166045 0.999716 0.30408 0.31622 -0.384863 0.867113 0.400795 -0.930002 -0.306262 0.203222 -0.504304 0.187351 -0.87068 -0.45477 0.485867 
1533738455198 0.331123 0.943542 0.00932137 -0.61284 -0.943437 0.330877 0.0211507 -0.195706 0.0168723 -0.0157976 0.999733 0.304158 0.31622 -0.384863 0.867113 0.400795 -0.930002 -0.306262 0.203222 -0.504304 0.187351 -0.87068 -0.45477 0.485867 
1533738455322 0.331057 0.943571 0.00863779 -0.612787 -0.943464 0.33083 0.0206653 -0.195705 0.0166416 -0.0149908 0.999749 0.304236 0.31622 -0.384863 0.867113 0.400795 -0.930002 -0.306262 0.203222 -0.504304 0.187351 -0.87068 -0.45477 0.485867 
1533738455371 0.33099 0.943601 0.00795416 -0.612734 -0.943491 0.330782 0.02018 -0.195704 0.0164108 -0.0141841 0.999765 0.304315 0.31622 -0.384863 0.867113 0.400795 -0.930002 -0.306262 0.203222 -0.504304 0.187351 -0.87068 -0.45477 0.485867 
1533738455459 0.330925 0.943629 0.0072705 -0.612681 -0.943518 0.330734 0.0196947 -0.195703 0.0161799 -0.0133773 0.99978 0.304393 0.31622 -0.384863 0.867113 0.400795 -0.930002 -0.306262 0.203222 -0.504304 0.187351 -0.87068 -0.45477 0.485867 
1533738455511 0.330859 0.943657 0.0065868 -0.612628 -0.943545 0.330686 0.0192094 -0.195702 0.0159489 -0.0125705 0.999794 0.304471 0.31622 -0.384863 0.867113 0.400795 -0.930002 -0.306262 0.203222 -0.504304 0.187351 -0.87068 -0.45477 0.485867 
1533738455612 0.330769 0.943681 0.00761864 -0.612667 -0.94357 0.330569 0.0199832 -0.195656 0.0163393 -0.0137985 0.999771 0.304407 0.31622 -0.384863 0.867113 0.400795 -0.930002 -0.306262 0.203222 -0.504304 0.187351 -0.87068 -0.45477 0.485867 
1533738455625 0.330759 0.943687 0.00724361 -0.612659 -0.943578 0.330571 0.0195701 -0.195648 0.0160735 -0.0133079 0.999782 0.304456 0.31622 -0.384863 0.867113 0.400795 -0.930002 -0.306262 0.203222 -0.504304 0.187351 -0.87068 -0.45477 0.485867 
1533738455642 0.33075 0.943693 0.00686796 -0.612645 -0.943586 0.330573 0.0191575 -0.195638 0.0158084 -0.0128168 0.999793 0.304507 0.31622 -0.384863 0.867113 0.400795 -0.930002 -0.306262 0.203222 -0.504304 0.187351 -0.87068 -0.45477 0.485867 
1533738455659 0.33074 0.943699 0.00649257 -0.612632 -0.943594 0.330574 0.0187448 -0.195628 0.0155432 -0.012326 0.999803 0.304557 0.31622 -0.384863 0.867113 0.400795 -0.930002 -0.306262 0.203222 -0.504304 0.187351 -0.87068 -0.45477 0.485867 
1533738455675 0.330731 0.943705 0.00611671 -0.612616 -0.943601 0.330576 0.0183317 -0.195617 0.0152777 -0.0118346 0.999813 0.304607 0.31622 -0.384863 0.867113 0.400795 -0.930002 -0.306262 0.203222 -0.504304 0.187351 -0.87068 -0.45477 0.485867 
1533738455692 0.330722 0.943711 0.00574108 -0.612601 -0.943609 0.330577 0.0179187 -0.195606 0.0150122 -0.0113435 0.999823 0.304657 0.31622 -0.384863 0.867113 0.400795 -0.930002 -0.306262 0.203222 -0.504304 0.187351 -0.87068 -0.45477 0.485867 
1533738455824 0.330713 0.943716 0.00536556 -0.612587 -0.943616 0.330579 0.0175058 -0.195596 0.0147467 -0.0108524 0.999832 0.304706 0.31622 -0.384863 0.867113 0.400795 -0.930002 -0.306262 0.203222 -0.504304 0.187351 -0.87068 -0.45477 0.485867 
1533738455846 0.330704 0.943721 0.00499002 -0.612572 -0.943623 0.330579 0.0170928 -0.195586 0.0144812 -0.0103613 0.999841 0.304756 0.31622 -0.384863 0.867113 0.400795 -0.930002 -0.306262 0.203222 -0.504304 0.187351 -0.87068 -0.45477 0.485867 
1533738455900 0.330695 0.943726 0.00461447 -0.612558 -0.943631 0.33058 0.0166798 -0.195575 0.0142157 -0.00987027 0.99985 0.304805 0.31622 -0.384863 0.867113 0.400795 -0.930002 -0.306262 0.203222 -0.504304 0.187351 -0.87068 -0.45477 0.485867 
1533738455966 0.330687 0.943731 0.00423893 -0.612543 -0.943638 0.330581 0.0162667 -0.195565 0.0139501 -0.0093792 0.999859 0.304855 0.31622 -0.384863 0.867113 0.400795 -0.930002 -0.306262 0.203222 -0.504304 0.187351 -0.87068 -0.45477 0.485867 
1533738456008 0.330719 0.943716 0.00498033 -0.612606 -0.943617 0.330593 0.0171553 -0.195578 0.0145433 -0.0103731 0.99984 0.30476 0.31622 -0.384863 0.867113 0.400795 -0.930002 -0.306262 0.203222 -0.504304 0.187351 -0.87068 -0.45477 0.485867 
1533738456020 0.330706 0.94372 0.0050677 -0.612597 -0.943616 0.330575 0.0175695 -0.195611 0.0149054 -0.0105923 0.999833 0.304731 0.31622 -0.384863 0.867113 0.400795 -0.930002 -0.306262 0.203222 -0.504304 0.187351 -0.87068 -0.45477 0.485867 
1533738456036 0.330694 0.943724 0.0051552 -0.612592 -0.943615 0.330557 0.0179831 -0.195645 0.015267 -0.0108114 0.999825 0.304701 0.31622 -0.384863 0.867113 0.400795 -0.930002 -0.306262 0.203222 -0.504304 0.187351 -0.87068 -0.45477 0.485867 
1533738456179 0.330681 0.943728 0.00524266 -0.612587 -0.943613 0.330539 0.0183966 -0.195679 0.0156285 -0.0110305 0.999817 0.304671 0.31622 -0.384863 0.867113 0.400795 -0.930002 -0.306262 0.203222 -0.504304 0.187351 -0.87068 -0.45477 0.485867 
1533738456196 0.330669 0.943732 0.00533023 -0.612583 -0.943611 0.33052 0.0188102 -0.195714 0.0159901 -0.0112496 0.999809 0.30464 0.31622 -0.384863 0.867113 0.400795 -0.930002 -0.306262 0.203222 -0.504304 0.187351 -0.87068 -0.45477 0.485867 
1533738456212 0.330656 0.943736 0.00541786 -0.612579 -0.94361 0.330501 0.0192238 -0.195748 0.0163516 -0.0114688 0.999801 0.30461 0.31622 -0.384863 0.867113 0.400795 -0.930002 -0.306262 0.203222 -0.504304 0.187351 -0.87068 -0.45477 0.485867 
1533738456229 0.330643 0.94374 0.00550553 -0.612575 -0.943608 0.330483 0.0196374 -0.195783 0.0167131 -0.011688 0.999792 0.304579 0.31622 -0.384863 0.867113 0.400795 -0.930002 -0.306262 0.203222 -0.504304 0.187351 -0.87068 -0.45477 0.485867 
1533738456273 0.330631 0.943744 0.00559297 -0.61257 -0.943606 0.330464 0.0200509 -0.195817 0.0170747 -0.011907 0.999783 0.304549 0.31622 -0.384863 0.867113 0.400795 -0.930002 -0.306262 0.203222 -0.504304 0.187351 -0.87068 -0.45477 0.485867 
1533738456312 0.330619 0.943747 0.00568069 -0.612567 -0.943603 0.330445 0.0204645 -0.195852 0.0174362 -0.0121263 0.999774 0.304519 0.31622 -0.384863 0.867113 0.400795 -0.930002 -0.306262 0.203222 -0.504304 0.187351 -0.87068 -0.45477 0.485867 
1533738456335 0.330606 0.943751 0.00576817 -0.612562 -0.943601 0.330426 0.020878 -0.195886 0.0177977 -0.0123453 0.999765 0.304489 0.31622 -0.384863 0.867113 0.400795 -0.930002 -0.306262 0.203222 -0.504304 0.187351 -0.87068 -0.45477 0.485867 
1533738456367 0.330595 0.943757 0.00535567 -0.612611 -0.943629 0.330441 0.0193382 -0.195688 0.0164808 -0.0114469 0.999799 0.304557 0.31622 -0.384863 0.867113 0.400795 -0.930002 -0.306262 0.203222 -0.504304 0.187351 -0.87068 -0.45477 0.485867 
1533738456378 0.330638 0.943739 0.00587716 -0.61264 -0.943616 0.330474 0.0193767 -0.19569 0.0163443 -0.0119524 0.999795 0.304517 0.31622 -0.384863 0.867113 0.400795 -0.930002 -0.306262 0.203222 -0.504304 0.187351 -0.87068 -0.45477 0.485867 
1533738456395 0.330682 0.943721 0.00639961 -0.612675 -0.943603 0.330509 0.0194158 -0.195695 0.016208 -0.0124591 0.999791 0.304476 0.31622 -0.384863 0.867113 0.400795 -0.930002 -0.306262 0.203222 -0.504304 0.187351 -0.87068 -0.45477 0.485867 
1533738456412 0.330725 0.943702 0.00692233 -0.612711 -0.94359 0.330543 0.019455 -0.195699 0.0160716 -0.0129661 0.999787 0.304434 0.31622 -0.384863 0.867113 0.400795 -0.930002 -0.306262 0.203222 -0.504304 0.187351 -0.87068 -0.45477 0.485867 
1533738456505 0.330768 0.943683 0.00744488 -0.612746 -0.943578 0.330577 0.0194942 -0.195703 0.0159352 -0.0134729 0.999782 0.304393 0.31622 -0.384863 0.867113 0.400795 -0.930002 -0.306262 0.203222 -0.504304 0.187351 -0.87068 -0.45477 0.485867 
1533738456551 0.330811 0.943663 0.00796748 -0.612781 -0.943565 0.330612 0.0195334 -0.195708 0.0157988 -0.0139797 0.999777 0.304351 0.31622 -0.384863 0.867113 0.400795 -0.930002 -0.306262 0.203222 -0.504304 0.187351 -0.87068 -0.45477 0.485867 
1533738456602 0.330854 0.943644 0.00848986 -0.612815 -0.943552 0.330646 0.0195726 -0.195711 0.0156624 -0.0144863 0.999772 0.30431 0.31622 -0.384863 0.867113 0.400795 -0.930002 -0.306262 0.203222 -0.504304 0.187351 -0.87068 -0.45477 0.485867 
1533738456669 0.330897 0.943624 0.00901251 -0.61285 -0.943539 0.33068 0.0196118 -0.195716 0.0155259 -0.0149932 0.999767 0.304268 0.31622 -0.384863 0.867113 0.400795 -0.930002 -0.306262 0.203222 -0.504304 0.187351 -0.87068 -0.45477 0.485867 
1533738456708 0.33094 0.943604 0.00953492 -0.612885 -0.943526 0.330715 0.0196511 -0.19572 0.0153895 -0.0154998 0.999761 0.304227 0.31622 -0.384863 0.867113 0.400795 -0.930002 -0.306262 0.203222 -0.504304 0.187351 -0.87068 -0.45477 0.485867 
1533738456772 0.330983 0.943583 0.0100576 -0.61292 -0.943513 0.330749 0.0196904 -0.195724 0.015253 -0.0160066 0.999756 0.304186 0.31622 -0.384863 0.867113 0.400795 -0.930002 -0.306262 0.203222 -0.504304 0.187351 -0.87068 -0.45477 0.485867 
1533738456831 0.331036 0.943575 0.00908771 -0.612847 -0.943491 0.330817 0.0196106 -0.195757 0.0154977 -0.015066 0.999766 0.304206 0.31622 -0.384863 0.867113 0.400795 -0.930002 -0.306262 0.203222 -0.504304 0.187351 -0.87068 -0.45477 0.485867 
1533738456845 0.331056 0.943567 0.00909527 -0.612845 -0.943482 0.330837 0.0197009 -0.195769 0.0155801 -0.0151033 0.999765 0.304212 0.31622 -0.384863 0.867113 0.400795 -0.930002 -0.306262 0.203222 -0.504304 0.187351 -0.87068 -0.45477 0.485867 
1533738456861 0.331076 0.94356 0.00910314 -0.612843 -0.943474 0.330855 0.01979 -0.195781 0.0156612 -0.0151406 0.999763 0.304218 0.31622 -0.384863 0.867113 0.400795 -0.930002 -0.306262 0.203222 -0.504304 0.187351 -0.87068 -0.45477 0.485867 
1533738456878 0.331096 0.943553 0.00911153 -0.612841 -0.943466 0.330873 0.01988 -0.195796 0.0157431 -0.0151786 0.999761 0.304222 0.31622 -0.384863 0.867113 0.400795 -0.930002 -0.306262 0.203222 -0.504304 0.187351 -0.87068 -0.45477 0.485867 
1533738456895 0.331116 0.943546 0.00911957 -0.612839 -0.943457 0.330892 0.0199694 -0.195809 0.0158244 -0.0152161 0.999759 0.304227 0.31622 -0.384863 0.867113 0.400795 -0.930002 -0.306262 0.203222 -0.504304 0.187351 -0.87068 -0.45477 0.485867 
1533738456911 0.331135 0.943539 0.00912801 -0.612838 -0.943449 0.330909 0.020059 -0.195823 0.0159059 -0.0152541 0.999757 0.304231 0.31622 -0.384863 0.867113 0.400795 -0.930002 -0.306262 0.203222 -0.504304 0.187351 -0.87068 -0.45477 0.485867 
1533738456928 0.331155 0.943532 0.00913612 -0.612836 -0.943441 0.330928 0.0201484 -0.195837 0.0159873 -0.0152916 0.999755 0.304236 0.31622 -0.384863 0.867113 0.400795 -0.930002 -0.306262 0.203222 -0.504304 0.187351 -0.87068 -0.45477 0.485867 
1533738456935 0.331175 0.943525 0.00914424 -0.612834 -0.943433 0.330946 0.0202379 -0.19585 0.0160687 -0.0153292 0.999753 0.304242 0.31622 -0.384863 0.867113 0.400795 -0.930002 -0.306262 0.203222 -0.504304 0.187351 -0.87068 -0.45477 0.485867 
1533738456948 0.331194 0.943518 0.00915235 -0.612832 -0.943424 0.330964 0.0203273 -0.195863 0.0161501 -0.0153668 0.999751 0.304247 0.31622 -0.384863 0.867113 0.400795 -0.930002 -0.306262 0.203222 -0.504304 0.187351 -0.87068 -0.45477 0.485867 
1533738456965 0.331214 0.943511 0.00916046 -0.61283 -0.943416 0.330983 0.0204167 -0.195876 0.0162315 -0.0154044 0.99975 0.304252 0.31622 -0.384863 0.867113 0.400795 -0.930002 -0.306262 0.203222 -0.504304 0.187351 -0.87068 -0.45477 0.485867 
1533738456985 0.331035 0.943567 0.00986168 -0.612892 -0.943494 0.330803 0.0197046 -0.195739 0.0153304 -0.0158274 0.999757 0.304167 0.31622 -0.384863 0.867113 0.400795 -0.930002 -0.306262 0.203222 -0.504304 0.187351 -0.87068 -0.45477 0.485867 
1533738456998 0.33092 0.943609 0.00973993 -0.612883 -0.943526 0.330682 0.0202228 -0.195788 0.0158616 -0.015882 0.999748 0.304186 0.31622 -0.384863 0.867113 0.400795 -0.930002 -0.306262 0.203222 -0.504304 0.187351 -0.87068 -0.45477 0.485867 
1533738457015 0.330803 0.943651 0.00961776 -0.612872 -0.943558 0.330559 0.0207408 -0.195838 0.0163929 -0.015936 0.999739 0.304205 0.31622 -0.384863 0.867113 0.400795 -0.930002 -0.306262 0.203222 -0.504304 0.187351 -0.87068 -0.45477 0.485867 
1533738457032 0.330686 0.943693 0.00949573 -0.612862 -0.943589 0.330436 0.0212587 -0.195888 0.016924 -0.01599 0.999729 0.304225 0.31622 -0.384863 0.867113 0.400795 -0.930002 -0.306262 0.203222 -0.504304 0.187351 -0.87068 -0.45477 0.485867 
1533738457048 0.33057 0.943735 0.00937429 -0.61285 -0.94362 0.330313 0.0217766 -0.195939 0.0174549 -0.0160445 0.999719 0.304244 0.31622 -0.384863 0.867113 0.400795 -0.930002 -0.306262 0.203222 -0.504304 0.187351 -0.87068 -0.45477 0.485867 
1533738457065 0.330453 0.943777 0.00925161 -0.61284 -0.943651 0.33019 0.0222948 -0.195988 0.0179865 -0.0160977 0.999709 0.304263 0.31622 -0.384863 0.867113 0.400795 -0.930002 -0.306262 0.203222 -0.504304 0.187351 -0.87068 -0.45477 0.485867 
1533738457072 0.330336 0.943819 0.00912973 -0.612829 -0.943682 0.330067 0.0228128 -0.196038 0.0185177 -0.0161514 0.999698 0.304282 0.31622 -0.384863 0.867113 0.400795 -0.930002 -0.306262 0.203222 -0.504304 0.187351 -0.87068 -0.45477 0.485867 
1533738457135 0.330219 0.943861 0.00900765 -0.612816 -0.943712 0.329944 0.0233309 -0.196089 0.0190491 -0.0162049 0.999687 0.304302 0.31622 -0.384863 0.867113 0.400795 -0.930002 -0.306262 0.203222 -0.504304 0.187351 -0.87068 -0.45477 0.485867 
1533738457152 0.330102 0.943903 0.00888585 -0.612806 -0.943742 0.329821 0.0238489 -0.196139 0.0195803 -0.0162585 0.999676 0.304321 0.31622 -0.384863 0.867113 0.400795 -0.930002 -0.306262 0.203222 -0.504304 0.187351 -0.87068 -0.45477 0.485867 
1533738457168 0.329985 0.943945 0.00876412 -0.612795 -0.943772 0.329698 0.0243669 -0.196188 0.0201115 -0.0163121 0.999665 0.30434 0.31622 -0.384863 0.867113 0.400795 -0.930002 -0.306262 0.203222 -0.504304 0.187351 -0.87068 -0.45477 0.485867 
1533738457196 0.330316 0.943823 0.00942077 -0.612853 -0.943706 0.330056 0.0219475 -0.195891 0.0176052 -0.01614 0.999715 0.304193 0.31622 -0.384863 0.867113 0.400795 -0.930002 -0.306262 0.203222 -0.504304 0.187351 -0.87068 -0.45477 0.485867 
1533738457208 0.330207 0.943863 0.00926791 -0.612845 -0.943737 0.329944 0.0222971 -0.195936 0.0179875 -0.0161091 0.999708 0.304227 0.31622 -0.384863 0.867113 0.400795 -0.930002 -0.306262 0.203222 -0.504304 0.187351 -0.87068 -0.45477 0.485867 
1533738457225 0.330097 0.943903 0.00911394 -0.61283 -0.943768 0.329832 0.0226474 -0.195982 0.0183709 -0.0160773 0.999702 0.304264 0.31622 -0.384863 0.867113 0.400795 -0.930002 -0.306262 0.203222 -0.504304 0.187351 -0.87068 -0.45477 0.485867 
1533738457242 0.329988 0.943943 0.00896041 -0.612816 -0.943799 0.32972 0.0229976 -0.196028 0.018754 -0.0160458 0.999695 0.3043 0.31622 -0.384863 0.867113 0.400795 -0.930002 -0.306262 0.203222 -0.504304 0.187351 -0.87068 -0.45477 0.485867 
1533738457259 0.329879 0.943982 0.00880683 -0.612802 -0.943829 0.329607 0.0233479 -0.196073 0.0191372 -0.0160141 0.999689 0.304336 0.31622 -0.384863 0.867113 0.400795 -0.930002 -0.306262 0.203222 -0.504304 0.187351 -0.87068 -0.45477 0.485867 
1533738457275 0.329769 0.944022 0.00865324 -0.612787 -0.94386 0.329495 0.0236982 -0.196117 0.0195204 -0.0159824 0.999682 0.304372 0.31622 -0.384863 0.867113 0.400795 -0.930002 -0.306262 0.203222 -0.504304 0.187351 -0.87068 -0.45477 0.485867 
1533738457292 0.32966 0.944062 0.00849991 -0.612774 -0.94389 0.329383 0.0240484 -0.196163 0.0199035 -0.0159508 0.999675 0.304408 0.31622 -0.384863 0.867113 0.400795 -0.930002 -0.306262 0.203222 -0.504304 0.187351 -0.87068 -0.45477 0.485867 
1533738457308 0.32955 0.944101 0.00834633 -0.612759 -0.94392 0.329271 0.0243987 -0.196208 0.0202867 -0.0159189 0.999667 0.304444 0.31622 -0.384863 0.867113 0.400795 -0.930002 -0.306262 0.203222 -0.504304 0.187351 -0.87068 -0.45477 0.485867 
1533738457325 0.32944 0.944141 0.00819304 -0.612746 -0.94395 0.329159 0.024749 -0.196253 0.0206698 -0.0158872 0.99966 0.30448 0.31622 -0.384863 0.867113 0.400795 -0.930002 -0.306262 0.203222 -0.504304 0.187351 -0.87068 -0.45477 0.485867 
1533738457342 0.329331 0.94418 0.00803951 -0.612731 -0.94398 0.329047 0.0250994 -0.196297 0.0210529 -0.0158551 0.999653 0.304517 0.31622 -0.384863 0.867113 0.400795 -0.930002 -0.306262 0.203222 -0.504304 0.187351 -0.87068 -0.45477 0.485867 
1533738457369 0.330032 0.943928 0.00885093 -0.612794 -0.943764 0.329749 0.0239851 -0.196193 0.0197217 -0.016269 0.999673 0.304363 0.31622 -0.384863 0.867113 0.400795 -0.930002 -0.306262 0.203222 -0.504304 0.187351 -0.87068 -0.45477 0.485867 
1533738457381 0.330151 0.943885 0.00907511 -0.612807 -0.943717 0.329858 0.0243123 -0.196211 0.0199545 -0.016591 0.999663 0.30436 0.31622 -0.384863 0.867113 0.400795 -0.930002 -0.306262 0.203222 -0.504304 0.187351 -0.87068 -0.45477 0.485867 
1533738457398 0.33027 0.943841 0.00930044 -0.612826 -0.943671 0.329967 0.0246394 -0.196232 0.0201869 -0.0169142 0.999653 0.304355 0.31622 -0.384863 0.867113 0.400795 -0.930002 -0.306262 0.203222 -0.504304 0.187351 -0.87068 -0.45477 0.485867 
1533738457415 0.330389 0.943797 0.00952545 -0.612845 -0.943624 0.330076 0.0249666 -0.196252 0.0204193 -0.0172371 0.999643 0.304351 0.31622 -0.384863 0.867113 0.400795 -0.930002 -0.306262 0.203222 -0.504304 0.187351 -0.87068 -0.45477 0.485867 
1533738457535 0.330507 0.943753 0.00975052 -0.612863 -0.943577 0.330185 0.0252938 -0.196272 0.0206516 -0.0175602 0.999633 0.304346 0.31622 -0.384863 0.867113 0.400795 -0.930002 -0.306262 0.203222 -0.504304 0.187351 -0.87068 -0.45477 0.485867 
1533738457542 0.330627 0.943709 0.0099756 -0.612882 -0.943531 0.330293 0.025621 -0.196292 0.0208839 -0.0178833 0.999622 0.304341 0.31622 -0.384863 0.867113 0.400795 -0.930002 -0.306262 0.203222 -0.504304 0.187351 -0.87068 -0.45477 0.485867 
1533738457555 0.330746 0.943665 0.0102004 -0.6129 -0.943484 0.330402 0.0259483 -0.196312 0.0211162 -0.0182062 0.999611 0.304337 0.31622 -0.384863 0.867113 0.400795 -0.930002 -0.306262 0.203222 -0.504304 0.187351 -0.87068 -0.45477 0.485867 
1533738457572 0.330865 0.943621 0.0104255 -0.61292 -0.943437 0.33051 0.0262756 -0.196333 0.0213484 -0.0185294 0.9996 0.304332 0.31622 -0.384863 0.867113 0.400795 -0.930002 -0.306262 0.203222 -0.504304 0.187351 -0.87068 -0.45477 0.485867 
1533738457617 0.330984 0.943576 0.0106502 -0.612938 -0.94339 0.330618 0.0266029 -0.196353 0.0215807 -0.0188524 0.999589 0.304328 0.31622 -0.384863 0.867113 0.400795 -0.930002 -0.306262 0.203222 -0.504304 0.187351 -0.87068 -0.45477 0.485867 
1533738457672 0.331103 0.943532 0.0108752 -0.612957 -0.943342 0.330726 0.0269302 -0.196373 0.0218128 -0.0191757 0.999578 0.304323 0.31622 -0.384863 0.867113 0.400795 -0.930002 -0.306262 0.203222 -0.504304 0.187351 -0.87068 -0.45477 0.485867 
1533738457708 0.330687 0.943686 0.0101814 -0.612879 -0.943512 0.33035 0.0255574 -0.196256 0.0207548 -0.0180578 0.999622 0.304296 0.31622 -0.384863 0.867113 0.400795 -0.930002 -0.306262 0.203222 -0.504304 0.187351 -0.87068 -0.45477 0.485867 
1533738457719 0.330667 0.943699 0.00959861 -0.612846 -0.943507 0.330336 0.0259541 -0.196286 0.0213221 -0.0176385 0.999617 0.304349 0.31622 -0.384863 0.867113 0.400795 -0.930002 -0.306262 0.203222 -0.504304 0.187351 -0.87068 -0.45477 0.485867 
1533738457735 0.330648 0.943711 0.0090151 -0.612807 -0.9435 0.330322 0.0263515 -0.196313 0.0218903 -0.0172188 0.999612 0.304405 0.31622 -0.384863 0.867113 0.400795 -0.930002 -0.306262 0.203222 -0.504304 0.187351 -0.87068 -0.45477 0.485867 
1533738457875 0.330628 0.943723 0.00843186 -0.612769 -0.943494 0.330309 0.0267489 -0.196341 0.0224584 -0.0167993 0.999607 0.30446 0.31622 -0.384863 0.867113 0.400795 -0.930002 -0.306262 0.203222 -0.504304 0.187351 -0.87068 -0.45477 0.485867 
1533738457905 0.330609 0.943735 0.00784853 -0.612731 -0.943487 0.330296 0.0271462 -0.196368 0.0230265 -0.0163798 0.999601 0.304515 0.31622 -0.384863 0.867113 0.400795 -0.930002 -0.306262 0.203222 -0.504304 0.187351 -0.87068 -0.45477 0.485867 
1533738458002 0.330588 0.943747 0.00726515 -0.612692 -0.94348 0.330283 0.0275436 -0.196396 0.0235947 -0.0159601 0.999594 0.30457 0.31622 -0.384863 0.867113 0.400795 -0.930002 -0.306262 0.203222 -0.504304 0.187351 -0.87068 -0.45477 0.485867 
1533738458009 0.330568 0.943759 0.006682 -0.612654 -0.943473 0.33027 0.027941 -0.196424 0.0241627 -0.0155407 0.999587 0.304624 0.31622 -0.384863 0.867113 0.400795 -0.930002 -0.306262 0.203222 -0.504304 0.187351 -0.87068 -0.45477 0.485867 
1533738458128 0.330547 0.94377 0.00609857 -0.612615 -0.943466 0.330257 0.0283384 -0.196451 0.0247309 -0.015121 0.99958 0.30468 0.31622 -0.384863 0.867113 0.400795 -0.930002 -0.306262 0.203222 -0.504304 0.187351 -0.87068 -0.45477 0.485867 
1533738458179 0.330526 0.943781 0.00551539 -0.612578 -0.943458 0.330244 0.0287358 -0.196479 0.0252989 -0.0147015 0.999572 0.304734 0.31622 -0.384863 0.867113 0.400795 -0.930002 -0.306262 0.203222 -0.504304 0.187351 -0.87068 -0.45477 0.485867 
1533738458249 0.330504 0.943792 0.00493195 -0.612538 -0.94345 0.330232 0.0291332 -0.196507 0.025867 -0.0142817 0.999563 0.30479 0.31622 -0.384863 0.867113 0.400795 -0.930002 -0.306262 0.203222 -0.504304 0.187351 -0.87068 -0.45477 0.485867 
1533738458305 0.330514 0.943784 0.00572371 -0.612629 -0.943471 0.330232 0.0284586 -0.196414 0.0249686 -0.0148061 0.999579 0.304664 0.31622 -0.384863 0.867113 0.400795 -0.930002 -0.306262 0.203222 -0.504304 0.187351 -0.87068 -0.45477 0.485867 
1533738458324 0.33047 0.943799 0.00569797 -0.612627 -0.943485 0.330188 0.0284857 -0.196417 0.0250034 -0.0147896 0.999578 0.30466 0.31622 -0.384863 0.867113 0.400795 -0.930002 -0.306262 0.203222 -0.504304 0.187351 -0.87068 -0.45477 0.485867 
1533738458340 0.330423 0.943816 0.00567242 -0.612623 -0.943501 0.330141 0.0285123 -0.196422 0.0250377 -0.0147731 0.999577 0.304656 0.31622 -0.384863 0.867113 0.400795 -0.930002 -0.306262 0.203222 -0.504304 0.187351 -0.87068 -0.45477 0.485867 
1533738458357 0.330377 0.943832 0.00564727 -0.612618 -0.943516 0.330096 0.0285387 -0.196428 0.0250716 -0.0147568 0.999577 0.304652 0.31622 -0.384863 0.867113 0.400795 -0.930002 -0.306262 0.203222 -0.504304 0.187351 -0.87068 -0.45477 0.485867 
1533738458374 0.33033 0.943849 0.00562148 -0.612615 -0.943531 0.330049 0.0285654 -0.196433 0.0251061 -0.0147401 0.999576 0.304648 0.31622 -0.384863 0.867113 0.400795 -0.930002 -0.306262 0.203222 -0.504304 0.187351 -0.87068 -0.45477 0.485867 
1533738458390 0.330284 0.943865 0.00559606 -0.612611 -0.943547 0.330003 0.0285919 -0.196438 0.0251402 -0.0147236 0.999576 0.304644 0.31622 -0.384863 0.867113 0.400795 -0.930002 -0.306262 0.203222 -0.504304 0.187351 -0.87068 -0.45477 0.485867 
1533738458407 0.330238 0.943881 0.00557065 -0.612608 -0.943562 0.329958 0.0286184 -0.196442 0.0251743 -0.0147072 0.999575 0.30464 0.31622 -0.384863 0.867113 0.400795 -0.930002 -0.306262 0.203222 -0.504304 0.187351 -0.87068 -0.45477 0.485867 
1533738458424 0.330192 0.943897 0.00554524 -0.612604 -0.943577 0.329912 0.028645 -0.196447 0.0252085 -0.0146907 0.999574 0.304636 0.31622 -0.384863 0.867113 0.400795 -0.930002 -0.306262 0.203222 -0.504304 0.187351 -0.87068 -0.45477 0.485867 
1533738458440 0.330146 0.943914 0.00552023 -0.612599 -0.943592 0.329866 0.0286714 -0.196453 0.0252424 -0.0146746 0.999574 0.304632 0.31622 -0.384863 0.867113 0.400795 -0.930002 -0.306262 0.203222 -0.504304 0.187351 -0.87068 -0.45477 0.485867 
1533738458457 0.330099 0.94393 0.00549419 -0.612596 -0.943608 0.329819 0.0286981 -0.196458 0.025277 -0.0146576 0.999573 0.304628 0.31622 -0.384863 0.867113 0.400795 -0.930002 -0.306262 0.203222 -0.504304 0.187351 -0.87068 -0.45477 0.485867 
1533738458482 0.330533 0.94378 0.00515045 -0.612612 -0.943447 0.330259 0.028935 -0.196467 0.0256073 -0.0144232 0.999568 0.304742 0.31622 -0.384863 0.867113 0.400795 -0.930002 -0.306262 0.203222 -0.504304 0.187351 -0.87068 -0.45477 0.485867 
1533738458495 0.330467 0.943804 0.00509374 -0.612605 -0.943467 0.330193 0.0290224 -0.196483 0.0257096 -0.0143967 0.999566 0.304743 0.31622 -0.384863 0.867113 0.400795 -0.930002 -0.306262 0.203222 -0.504304 0.187351 -0.87068 -0.45477 0.485867 
1533738458512 0.330399 0.943828 0.00503701 -0.612596 -0.943488 0.330125 0.0291107 -0.196502 0.0258126 -0.0143705 0.999564 0.304744 0.31622 -0.384863 0.867113 0.400795 -0.930002 -0.306262 0.203222 -0.504304 0.187351 -0.87068 -0.45477 0.485867 
1533738458529 0.330331 0.943852 0.00498017 -0.612586 -0.943509 0.330057 0.029199 -0.19652 0.0259157 -0.0143442 0.999561 0.304746 0.31622 -0.384863 0.867113 0.400795 -0.930002 -0.306262 0.203222 -0.504304 0.187351 -0.87068 -0.45477 0.485867 
1533738458546 0.330263 0.943876 0.00492328 -0.612576 -0.94353 0.32999 0.0292872 -0.196538 0.0260189 -0.0143178 0.999559 0.304748 0.31622 -0.384863 0.867113 0.400795 -0.930002 -0.306262 0.203222 -0.504304 0.187351 -0.87068 -0.45477 0.485867 
1533738458563 0.330196 0.9439 0.00486661 -0.612567 -0.943551 0.329922 0.0293754 -0.196555 0.0261219 -0.0142915 0.999557 0.304749 0.31622 -0.384863 0.867113 0.400795 -0.930002 -0.306262 0.203222 -0.504304 0.187351 -0.87068 -0.45477 0.485867 
1533738458579 0.330128 0.943924 0.00480964 -0.612556 -0.943572 0.329855 0.0294637 -0.196573 0.026225 -0.014265 0.999554 0.304751 0.31622 -0.384863 0.867113 0.400795 -0.930002 -0.306262 0.203222 -0.504304 0.187351 -0.87068 -0.45477 0.485867 
1533738458596 0.33006 0.943948 0.00475294 -0.612547 -0.943593 0.329787 0.0295519 -0.19659 0.026328 -0.0142387 0.999552 0.304752 0.31622 -0.384863 0.867113 0.400795 -0.930002 -0.306262 0.203222 -0.504304 0.187351 -0.87068 -0.45477 0.485867 
1533738458612 0.329992 0.943972 0.00469594 -0.612536 -0.943613 0.32972 0.0296402 -0.196608 0.0264311 -0.0142122 0.99955 0.304754 0.31622 -0.384863 0.867113 0.400795 -0.930002 -0.306262 0.203222 -0.504304 0.187351 -0.87068 -0.45477 0.485867 
1533738458629 0.329925 0.943996 0.00463921 -0.612526 -0.943634 0.329652 0.0297284 -0.196625 0.0265342 -0.0141858 0.999547 0.304756 0.31622 -0.384863 0.867113 0.400795 -0.930002 -0.306262 0.203222 -0.504304 0.187351 -0.87068 -0.45477 0.485867 
1533738458659 0.33025 0.94388 0.00496345 -0.612582 -0.943545 0.329981 0.0289107 -0.196562 0.0256504 -0.014231 0.99957 0.304681 0.31622 -0.384863 0.867113 0.400795 -0.930002 -0.306262 0.203222 -0.504304 0.187351 -0.87068 -0.45477 0.485867 
1533738458672 0.330278 0.943868 0.00550405 -0.612609 -0.943541 0.329996 0.0288652 -0.196553 0.0254287 -0.0147269 0.999568 0.304625 0.31622 -0.384863 0.867113 0.400795 -0.930002 -0.306262 0.203222 -0.504304 0.187351 -0.87068 -0.45477 0.485867 
1533738458689 0.330305 0.943855 0.00604588 -0.612642 -0.943537 0.33001 0.0288208 -0.196545 0.0252075 -0.0152242 0.999566 0.304567 0.31622 -0.384863 0.867113 0.400795 -0.930002 -0.306262 0.203222 -0.504304 0.187351 -0.87068 -0.45477 0.485867 
1533738458803 0.330332 0.943842 0.00658746 -0.612674 -0.943534 0.330024 0.0287764 -0.196538 0.0249864 -0.0157213 0.999564 0.30451 0.31622 -0.384863 0.867113 0.400795 -0.930002 -0.306262 0.203222 -0.504304 0.187351 -0.87068 -0.45477 0.485867 
1533738458836 0.330359 0.943828 0.00712912 -0.612707 -0.94353 0.330038 0.028732 -0.19653 0.0247652 -0.0162184 0.999562 0.304452 0.31622 -0.384863 0.867113 0.400795 -0.930002 -0.306262 0.203222 -0.504304 0.187351 -0.87068 -0.45477 0.485867 
1533738458919 0.330386 0.943815 0.00767084 -0.61274 -0.943527 0.330052 0.0286876 -0.196523 0.024544 -0.0167156 0.999559 0.304395 0.31622 -0.384863 0.867113 0.400795 -0.930002 -0.306262 0.203222 -0.504304 0.187351 -0.87068 -0.45477 0.485867 
1533738458969 0.330413 0.943801 0.00821234 -0.612771 -0.943523 0.330066 0.0286432 -0.196515 0.0243229 -0.0172126 0.999556 0.304338 0.31622 -0.384863 0.867113 0.400795 -0.930002 -0.306262 0.203222 -0.504304 0.187351 -0.87068 -0.45477 0.485867 
1533738459039 0.330439 0.943787 0.00875412 -0.612805 -0.943519 0.330081 0.0285989 -0.196507 0.0241016 -0.0177099 0.999553 0.30428 0.31622 -0.384863 0.867113 0.400795 -0.930002 -0.306262 0.203222 -0.504304 0.187351 -0.87068 -0.45477 0.485867 
1533738459080 0.330466 0.943772 0.00929566 -0.612836 -0.943516 0.330095 0.0285545 -0.196499 0.0238805 -0.0182069 0.999549 0.304222 0.31622 -0.384863 0.867113 0.400795 -0.930002 -0.306262 0.203222 -0.504304 0.187351 -0.87068 -0.45477 0.485867 
1533738459158 0.330492 0.943757 0.00983747 -0.61287 -0.943512 0.330109 0.0285101 -0.196492 0.0236592 -0.0187041 0.999545 0.304165 0.31622 -0.384863 0.867113 0.400795 -0.930002 -0.306262 0.203222 -0.504304 0.187351 -0.87068 -0.45477 0.485867 
1533738459206 0.330416 0.943792 0.00903369 -0.612788 -0.94353 0.33005 0.0286007 -0.196505 0.0240116 -0.0179737 0.99955 0.304317 0.31622 -0.384863 0.867113 0.400795 -0.930002 -0.306262 0.203222 -0.504304 0.187351 -0.87068 -0.45477 0.485867 
1533738459220 0.330473 0.943772 0.00903055 -0.612797 -0.943513 0.330109 0.028469 -0.196489 0.0238872 -0.0179287 0.999554 0.30433 0.31622 -0.384863 0.867113 0.400795 -0.930002 -0.306262 0.203222 -0.504304 0.187351 -0.87068 -0.45477 0.485867 
1533738459236 0.33053 0.943752 0.00902754 -0.612806 -0.943496 0.330169 0.028337 -0.19647 0.0237625 -0.0178837 0.999558 0.304346 0.31622 -0.384863 0.867113 0.400795 -0.930002 -0.306262 0.203222 -0.504304 0.187351 -0.87068 -0.45477 0.485867 
1533738459252 0.330588 0.943732 0.00902435 -0.612813 -0.943479 0.33023 0.028205 -0.196451 0.0236379 -0.0178385 0.999561 0.304361 0.31622 -0.384863 0.867113 0.400795 -0.930002 -0.306262 0.203222 -0.504304 0.187351 -0.87068 -0.45477 0.485867 
1533738459269 0.330645 0.943712 0.0090211 -0.61282 -0.943462 0.33029 0.0280731 -0.196432 0.0235133 -0.0177933 0.999565 0.304377 0.31622 -0.384863 0.867113 0.400795 -0.930002 -0.306262 0.203222 -0.504304 0.187351 -0.87068 -0.45477 0.485867 
