0.275657 -0.8825 0.381061 -0.604483 0.633204 0.464965 0.618757 -0.181741 -0.723233 0.0707247 0.686973 0.426588 -0.0890862 -0.991119 -0.098725 0.376378 -0.145571 0.111011 -0.9831 -0.497196 0.985329 -0.0732092 -0.154168 0.445699 
0.279959 -0.928327 0.244604 0.300914 -0.147635 -0.293395 -0.944523 -0.479405 0.948592 0.228316 -0.219193 0.477999 -0.081907 -0.991706 -0.0990515 0.377405 -0.146549 0.110289 -0.983036 -0.496604 0.985807 -0.0660016 -0.154367 0.445257 
0.230439 -0.928572 0.290949 0.201144 0.100162 -0.274773 -0.956278 -0.454448 0.967918 0.249506 0.0296893 0.470138 -0.0747239 -0.99224 -0.0993807 0.378432 -0.147522 0.109562 -0.982972 -0.496011 0.986232 -0.0587907 -0.154564 0.444816 
0.170924 -0.930702 0.323387 0.101345 0.342533 -0.251615 -0.905186 -0.429528 0.923827 0.265489 0.275789 0.46227 -0.0675373 -0.992722 -0.0997116 0.379459 -0.148489 0.108828 -0.982908 -0.495419 0.986605 -0.0515768 -0.154758 0.444374 
0.105241 -0.934585 0.339817 0.00154856 0.563806 -0.225413 -0.794552 -0.404593 0.819175 0.27521 0.503202 0.454389 -0.0603473 -0.993151 -0.100043 0.380486 -0.149451 0.108086 -0.982844 -0.494826 0.986926 -0.0443604 -0.15495 0.443933 
0.0376411 -0.939972 0.33917 -0.0982441 0.749696 -0.197848 -0.631515 -0.379703 0.660711 0.278046 0.697246 0.446561 -0.0531545 -0.993529 -0.100377 0.381513 -0.150408 0.107338 -0.98278 -0.494234 0.987194 -0.0371417 -0.15514 0.443491 
-0.0274966 -0.946509 0.321504 -0.19804 0.888171 -0.170715 -0.426625 -0.354799 0.45869 0.273819 0.845356 0.438708 -0.0459592 -0.993854 -0.100712 0.382539 -0.151359 0.106582 -0.982716 -0.493642 0.98741 -0.0299213 -0.155327 0.44305 
-0.0859582 -0.953775 0.287965 -0.297843 0.970288 -0.145755 -0.193125 -0.329885 0.22617 0.262808 0.937965 0.430849 -0.0387618 -0.994126 -0.101048 0.383566 -0.152304 0.10582 -0.982652 -0.493049 0.987573 -0.0226994 -0.155511 0.442609 
-0.133891 -0.961306 0.240757 -0.39763 0.990757 -0.124507 0.0538481 -0.304986 -0.0217887 0.245741 0.96909 0.423012 -0.0315627 -0.994346 -0.101385 0.384593 -0.153244 0.105051 -0.982589 -0.492457 0.987684 -0.0154764 -0.155694 0.442167 
-0.16636 -0.968714 0.184166 -0.497042 0.948948 -0.10652 0.296902 -0.280487 -0.267995 0.224156 0.93698 0.415822 -0.0243623 -0.994514 -0.101725 0.38562 -0.154178 0.104276 -0.982525 -0.491864 0.987743 -0.00825278 -0.155873 0.441726 
-0.16636 -0.968714 0.184166 -0.497042 0.948948 -0.10652 0.296902 -0.280487 -0.267995 0.224156 0.93698 0.415822 -0.0259779 -0.994496 -0.101506 0.385361 -0.153829 0.104308 -0.982576 -0.492 0.987756 -0.00991072 -0.155692 0.441935 
0.279944 -0.928332 0.244602 0.300919 -0.147641 -0.29339 -0.944523 -0.479385 0.948596 0.2283 -0.219192 0.478003 -0.02513 -0.994511 -0.101566 0.385484 -0.153949 0.104236 -0.982565 -0.49193 0.987759 -0.00905593 -0.155724 0.44187 
0.230438 -0.928573 0.290948 0.201144 0.100162 -0.274773 -0.956278 -0.454448 0.967918 0.249505 0.0296894 0.470138 -0.0242449 -0.994528 -0.101622 0.385613 -0.154078 0.104154 -0.982554 -0.491857 0.987761 -0.00816423 -0.15576 0.441805 
0.170952 -0.930693 0.323399 0.101346 0.342531 -0.251618 -0.905185 -0.429524 0.923822 0.265517 0.275777 0.46227 -0.0233606 -0.994543 -0.101678 0.385742 -0.154206 0.104073 -0.982542 -0.491784 0.987763 -0.00727349 -0.155796 0.44174 
0.105263 -0.934576 0.339834 0.0015493 0.563799 -0.225417 -0.794555 -0.40459 0.819177 0.275236 0.503185 0.454387 -0.0224745 -0.994558 -0.101734 0.385871 -0.154335 0.103991 -0.982531 -0.491711 0.987763 -0.00638079 -0.155832 0.441675 
0.0376357 -0.939972 0.339171 -0.0982456 0.749696 -0.197853 -0.631515 -0.379703 0.660712 0.278042 0.697246 0.446561 -0.0215893 -0.994572 -0.10179 0.386001 -0.154463 0.10391 -0.982519 -0.491637 0.987763 -0.00548909 -0.155868 0.441609 
-0.0275103 -0.946508 0.321506 -0.198043 0.888169 -0.170729 -0.426624 -0.354797 0.458694 0.273815 0.845355 0.438706 -0.020704 -0.994585 -0.101846 0.38613 -0.154591 0.103827 -0.982508 -0.491564 0.987762 -0.00459739 -0.155904 0.441544 
-0.0859875 -0.953774 0.28796 -0.297848 0.970285 -0.145782 -0.193118 -0.329881 0.22617 0.262798 0.937968 0.430844 -0.0198188 -0.994597 -0.101902 0.386259 -0.154719 0.103745 -0.982496 -0.491491 0.98776 -0.00370567 -0.155939 0.441479 
-0.133994 -0.961304 0.240707 -0.397649 0.990742 -0.124599 0.0539059 -0.30497 -0.0218281 0.245702 0.9691 0.422988 -0.0189335 -0.994609 -0.101958 0.386388 -0.154847 0.103663 -0.982485 -0.491418 0.987757 -0.00281396 -0.155975 0.441414 
-0.168166 -0.968643 0.182894 -0.497401 0.948284 -0.108293 0.29838 -0.280131 -0.269217 0.223613 0.93676 0.415185 -0.0180483 -0.994619 -0.102014 0.386517 -0.154975 0.103581 -0.982473 -0.491345 0.987753 -0.00192226 -0.156011 0.441349 
-0.168166 -0.968643 0.182894 -0.497401 0.948284 -0.108293 0.29838 -0.280131 -0.269217 0.223613 0.93676 0.415185 -0.0204895 -0.994599 -0.101754 0.386144 -0.154632 0.103703 -0.982514 -0.491559 0.98776 -0.00439684 -0.155921 0.441568 
0.279944 -0.928332 0.244603 0.300918 -0.14764 -0.293391 -0.944523 -0.479383 0.948596 0.228301 -0.219192 0.478 -0.0201582 -0.994602 -0.101786 0.386194 -0.154679 0.103683 -0.982509 -0.49153 0.987759 -0.00406147 -0.155934 0.44154 
0.230433 -0.928574 0.290949 0.201135 0.100157 -0.274774 -0.956278 -0.454444 0.96792 0.249499 0.0296862 0.470131 -0.0198249 -0.994606 -0.101817 0.386244 -0.154726 0.103663 -0.982504 -0.491502 0.987758 -0.00372421 -0.155947 0.441511 
0.170907 -0.930708 0.323379 0.101361 0.342537 -0.25161 -0.905185 -0.429539 0.923828 0.265472 0.2758 0.462285 -0.0194922 -0.994609 -0.101849 0.386295 -0.154773 0.103642 -0.982499 -0.491473 0.987758 -0.0033875 -0.155959 0.441483 
0.105225 -0.934591 0.339806 0.00157287 0.563812 -0.225408 -0.794548 -0.404636 0.819172 0.275193 0.503215 0.45443 -0.0191594 -0.994612 -0.101881 0.386345 -0.15482 0.103622 -0.982493 -0.491444 0.987757 -0.0030508 -0.155972 0.441454 
0.0376324 -0.939973 0.339168 -0.0982377 0.749694 -0.197854 -0.631516 -0.379715 0.660713 0.278038 0.697247 0.446568 -0.0188267 -0.994615 -0.101912 0.386395 -0.154868 0.103601 -0.982488 -0.491415 0.987756 -0.00271409 -0.155984 0.441426 
-0.0275109 -0.946508 0.321506 -0.198044 0.888168 -0.170729 -0.426625 -0.354797 0.458694 0.273814 0.845355 0.438706 -0.0184939 -0.994618 -0.101944 0.386445 -0.154915 0.103581 -0.982483 -0.491387 0.987755 -0.00237737 -0.155997 0.441398 
-0.0859935 -0.953774 0.28796 -0.297849 0.970284 -0.145787 -0.193117 -0.32988 0.226171 0.262796 0.937968 0.430843 -0.0181613 -0.994621 -0.101976 0.386495 -0.154962 0.103561 -0.982477 -0.491358 0.987753 -0.00204063 -0.156009 0.441369 
-0.134035 -0.9613 0.240699 -0.397656 0.990736 -0.12464 0.0539165 -0.304962 -0.0218293 0.245696 0.969101 0.422982 -0.0178285 -0.994624 -0.102007 0.386546 -0.155009 0.103539 -0.982472 -0.491329 0.987752 -0.00170395 -0.156022 0.441341 
-0.168532 -0.968602 0.182777 -0.497457 0.948201 -0.108653 0.298511 -0.280044 -0.269279 0.223618 0.936741 0.415121 -0.0174957 -0.994627 -0.102039 0.386596 -0.155056 0.103519 -0.982467 -0.491301 0.987751 -0.00136725 -0.156034 0.441312 
-0.168532 -0.968602 0.182777 -0.497457 0.948201 -0.108653 0.298511 -0.280044 -0.269279 0.223618 0.936741 0.415121 -0.017907 -0.994618 -0.102053 0.386548 -0.15491 0.103597 -0.982482 -0.491329 0.987766 -0.00178423 -0.155932 0.44137 
0.279949 -0.92833 0.244604 0.300903 -0.147644 -0.293394 -0.944522 -0.479377 0.948594 0.228304 -0.219197 0.477994 -0.0184189 -0.994498 -0.103126 0.386627 -0.154727 0.104736 -0.98239 -0.491273 0.987786 -0.00213817 -0.155805 0.441348 
0.230423 -0.928578 0.290943 0.201162 0.100165 -0.274767 -0.956279 -0.454451 0.967922 0.249491 0.0296987 0.470149 -0.0189308 -0.994376 -0.104199 0.386705 -0.154544 0.105876 -0.982297 -0.491216 0.987805 -0.00249228 -0.155679 0.441325 
0.170901 -0.930709 0.323378 0.10138 0.342534 -0.251613 -0.905186 -0.429553 0.923831 0.265465 0.275798 0.462288 -0.0194425 -0.994253 -0.105272 0.386784 -0.154361 0.107015 -0.982202 -0.49116 0.987823 -0.00284656 -0.155554 0.441303 
0.105225 -0.934591 0.339806 0.00157044 0.563812 -0.225409 -0.794548 -0.404635 0.819173 0.275193 0.503215 0.45443 -0.0199538 -0.994129 -0.106346 0.386862 -0.154176 0.108154 -0.982106 -0.491103 0.987842 -0.00320073 -0.155429 0.44128 
0.0376322 -0.939973 0.339168 -0.0982381 0.749694 -0.197854 -0.631516 -0.379714 0.660713 0.278038 0.697247 0.446568 -0.0204652 -0.994003 -0.107419 0.386941 -0.153992 0.109293 -0.982009 -0.491046 0.98786 -0.00355536 -0.155305 0.441258 
-0.027511 -0.946508 0.321505 -0.198044 0.888169 -0.170729 -0.426624 -0.354797 0.458694 0.273814 0.845356 0.438706 -0.0209764 -0.993876 -0.108492 0.38702 -0.153807 0.110432 -0.981911 -0.49099 0.987878 -0.00391023 -0.155181 0.441235 
-0.0859929 -0.953774 0.28796 -0.297849 0.970284 -0.145787 -0.193118 -0.32988 0.226172 0.262796 0.937968 0.430843 -0.0214874 -0.993747 -0.109565 0.387098 -0.153621 0.11157 -0.981811 -0.490933 0.987896 -0.0042651 -0.155058 0.441213 
-0.134036 -0.961301 0.240698 -0.397656 0.990736 -0.12464 0.0539166 -0.304962 -0.0218294 0.245695 0.969101 0.422982 -0.021998 -0.993617 -0.110638 0.387177 -0.153435 0.112709 -0.98171 -0.490877 0.987914 -0.00462008 -0.154935 0.44119 
-0.168532 -0.968602 0.182777 -0.497457 0.948201 -0.108653 0.298511 -0.280044 -0.269279 0.223618 0.936741 0.415121 -0.0225085 -0.993486 -0.11171 0.387255 -0.153248 0.113847 -0.981608 -0.490821 0.987931 -0.0049752 -0.154812 0.441167 
-0.168532 -0.968602 0.182777 -0.497457 0.948201 -0.108653 0.298511 -0.280044 -0.269279 0.223618 0.936741 0.415121 -0.0214254 -0.993753 -0.109522 0.387051 -0.153878 0.111519 -0.981777 -0.490952 0.987858 -0.00418201 -0.155306 0.441109 
0.279948 -0.928331 0.244603 0.300905 -0.147646 -0.293394 -0.944521 -0.479376 0.948594 0.228302 -0.219199 0.477997 -0.0218498 -0.993867 -0.108398 0.387238 -0.154478 0.110478 -0.9818 -0.49093 0.987755 -0.00470695 -0.155945 0.441253 
0.230424 -0.928578 0.290944 0.201164 0.100163 -0.274768 -0.956279 -0.454459 0.967922 0.249491 0.0296964 0.470156 -0.0222723 -0.99398 -0.107275 0.387425 -0.15508 0.109437 -0.981822 -0.490908 0.987651 -0.0052313 -0.156583 0.441397 
0.1709 -0.930709 0.323379 0.101382 0.342533 -0.251614 -0.905186 -0.429555 0.923831 0.265464 0.275798 0.462288 -0.0226941 -0.994091 -0.106151 0.387611 -0.155681 0.108397 -0.981842 -0.490885 0.987547 -0.00575631 -0.157221 0.441541 
0.105225 -0.934591 0.339806 0.00157168 0.563812 -0.225409 -0.794548 -0.404636 0.819173 0.275193 0.503214 0.45443 -0.0231152 -0.994201 -0.105026 0.387798 -0.156283 0.107356 -0.981861 -0.490863 0.987442 -0.00628222 -0.157858 0.441685 
0.0376322 -0.939973 0.339168 -0.0982379 0.749694 -0.197854 -0.631516 -0.379714 0.660713 0.278038 0.697247 0.446568 -0.0235356 -0.994309 -0.103901 0.387985 -0.156885 0.106316 -0.981878 -0.490841 0.987336 -0.00680852 -0.158495 0.441829 
-0.027511 -0.946508 0.321505 -0.198044 0.888168 -0.170729 -0.426625 -0.354797 0.458694 0.273814 0.845355 0.438705 -0.0239552 -0.994416 -0.102776 0.388172 -0.157489 0.105276 -0.981893 -0.490819 0.98723 -0.0073354 -0.159131 0.441974 
-0.0859935 -0.953774 0.28796 -0.297849 0.970284 -0.145788 -0.193118 -0.32988 0.226171 0.262796 0.937968 0.430843 -0.0243742 -0.994522 -0.10165 0.388359 -0.158092 0.104236 -0.981907 -0.490797 0.987124 -0.0078631 -0.159766 0.442118 
-0.134035 -0.961301 0.240699 -0.397656 0.990736 -0.124639 0.0539163 -0.304962 -0.0218293 0.245695 0.969101 0.422982 -0.0247925 -0.994626 -0.100524 0.388545 -0.158695 0.103196 -0.98192 -0.490774 0.987016 -0.00839147 -0.160401 0.442262 
-0.168532 -0.968602 0.182777 -0.497457 0.948201 -0.108653 0.298511 -0.280044 -0.269279 0.223618 0.936741 0.415121 -0.02521 -0.994728 -0.0993978 0.388732 -0.159299 0.102156 -0.981931 -0.490752 0.986908 -0.00892051 -0.161035 0.442406 
-0.168532 -0.968602 0.182777 -0.497457 0.948201 -0.108653 0.298511 -0.280044 -0.269279 0.223618 0.936741 0.415121 -0.0247058 -0.994626 -0.100546 0.38865 -0.158851 0.103204 -0.981894 -0.490685 0.986993 -0.00828666 -0.160547 0.442229 
0.279947 -0.928331 0.244603 0.300906 -0.147648 -0.293393 -0.944521 -0.479374 0.948594 0.228301 -0.219201 0.477999 -0.0250417 -0.99468 -0.0999203 0.388764 -0.157909 0.102633 -0.982106 -0.490685 0.987136 -0.00881527 -0.159639 0.442158 
0.230423 -0.928578 0.290944 0.201164 0.100164 -0.274768 -0.956279 -0.454459 0.967922 0.249491 0.0296967 0.470155 -0.0253792 -0.994734 -0.099295 0.388878 -0.156966 0.10206 -0.982316 -0.490686 0.987278 -0.00934446 -0.15873 0.442087 
0.1709 -0.930709 0.323379 0.101382 0.342533 -0.251613 -0.905186 -0.429555 0.923831 0.265464 0.275798 0.462288 -0.0257172 -0.994788 -0.0986699 0.388992 -0.156023 0.101487 -0.982526 -0.490686 0.987419 -0.00987295 -0.15782 0.442015 
0.105225 -0.934591 0.339806 0.0015715 0.563812 -0.225409 -0.794548 -0.404636 0.819173 0.275193 0.503214 0.45443 -0.0260558 -0.994841 -0.0980452 0.389106 -0.155081 0.100914 -0.982734 -0.490687 0.987558 -0.010401 -0.15691 0.441944 
0.0376321 -0.939973 0.339168 -0.0982377 0.749694 -0.197854 -0.631516 -0.379715 0.660714 0.278038 0.697246 0.446568 -0.0263949 -0.994893 -0.0974207 0.389219 -0.154138 0.10034 -0.982941 -0.490687 0.987697 -0.0109284 -0.155999 0.441873 
-0.027511 -0.946508 0.321505 -0.198043 0.888168 -0.170729 -0.426625 -0.354797 0.458694 0.273814 0.845355 0.438705 -0.0267348 -0.994945 -0.0967965 0.389333 -0.153196 0.0997651 -0.983147 -0.490687 0.987834 -0.0114555 -0.155088 0.441802 
-0.0859935 -0.953774 0.28796 -0.297849 0.970284 -0.145788 -0.193118 -0.32988 0.226171 0.262796 0.937968 0.430843 -0.0270751 -0.994996 -0.0961725 0.389447 -0.152253 0.09919 -0.983352 -0.490688 0.987971 -0.0119818 -0.154177 0.441731 
-0.134035 -0.961301 0.240699 -0.397656 0.990736 -0.124639 0.0539163 -0.304962 -0.0218293 0.245695 0.969101 0.422982 -0.0274161 -0.995047 -0.0955489 0.389561 -0.151311 0.0986143 -0.983555 -0.490688 0.988106 -0.0125077 -0.153265 0.441659 
-0.168532 -0.968602 0.182777 -0.497457 0.948201 -0.108653 0.298511 -0.280044 -0.269279 0.223618 0.936741 0.415121 -0.0277576 -0.995097 -0.0949255 0.389675 -0.150368 0.0980381 -0.983757 -0.490689 0.98824 -0.013033 -0.152352 0.441588 
-0.168532 -0.968602 0.182777 -0.497457 0.948201 -0.108653 0.298511 -0.280044 -0.269279 0.223618 0.936741 0.415121 -0.0275288 -0.99505 -0.0954817 0.389543 -0.151079 0.0985623 -0.983596 -0.490692 0.988138 -0.0126519 -0.153045 0.44158 
0.279952 -0.928342 0.244559 0.30098 -0.147641 -0.293348 -0.944537 -0.47939 0.948593 0.228318 -0.219184 0.477999 -0.0276572 -0.99508 -0.0951368 0.389631 -0.150398 0.0982322 -0.983733 -0.490703 0.988239 -0.0128989 -0.152375 0.441552 
0.230438 -0.928583 0.290917 0.201188 0.100167 -0.274739 -0.956287 -0.454469 0.967918 0.249505 0.0297027 0.47014 -0.0277872 -0.995109 -0.0947923 0.389719 -0.149717 0.0979023 -0.98387 -0.490713 0.988338 -0.013147 -0.151706 0.441524 
0.170908 -0.93071 0.323371 0.101378 0.342536 -0.251602 -0.905188 -0.429552 0.923829 0.26547 0.275801 0.462286 -0.0279175 -0.995138 -0.0944478 0.389808 -0.149037 0.0975723 -0.984006 -0.490724 0.988438 -0.0133948 -0.151036 0.441495 
0.105228 -0.934591 0.339804 0.00157024 0.563812 -0.225405 -0.794549 -0.404634 0.819172 0.275194 0.503215 0.454427 -0.0280479 -0.995167 -0.0941034 0.389896 -0.148356 0.0972421 -0.984142 -0.490734 0.988536 -0.0136424 -0.150366 0.441467 
0.0376422 -0.939977 0.339156 -0.0982335 0.7497 -0.197837 -0.631514 -0.379718 0.660706 0.278037 0.697254 0.446563 -0.0281794 -0.995196 -0.093759 0.389984 -0.147675 0.0969118 -0.984276 -0.490745 0.988634 -0.0138904 -0.149697 0.441439 
-0.027466 -0.94652 0.321475 -0.198032 0.888184 -0.170668 -0.426615 -0.354808 0.458666 0.273812 0.845372 0.438701 -0.0283096 -0.995225 -0.0934148 0.390072 -0.146994 0.0965811 -0.984411 -0.490756 0.988732 -0.0141369 -0.149026 0.441411 
-0.0859456 -0.953782 0.287946 -0.297841 0.970294 -0.145734 -0.193111 -0.32989 0.22615 0.262795 0.937974 0.430843 -0.0284408 -0.995253 -0.0930706 0.39016 -0.146313 0.0962503 -0.984545 -0.490766 0.988829 -0.0143838 -0.148356 0.441383 
-0.133999 -0.961306 0.240696 -0.397651 0.990741 -0.124602 0.0539174 -0.30497 -0.02184 0.245692 0.969102 0.422984 -0.0285722 -0.995282 -0.0927265 0.390249 -0.145632 0.0959194 -0.984678 -0.490777 0.988926 -0.0146305 -0.147685 0.441354 
-0.168389 -0.968625 0.182785 -0.49744 0.94822 -0.108513 0.298503 -0.280081 -0.269303 0.223585 0.936742 0.415129 -0.0287038 -0.99531 -0.0923825 0.390337 -0.144951 0.0955883 -0.984811 -0.490787 0.989022 -0.0148769 -0.147015 0.441326 
-0.168389 -0.968625 0.182785 -0.49744 0.94822 -0.108513 0.298503 -0.280081 -0.269303 0.223585 0.936742 0.415129 -0.0286031 -0.995281 -0.0927281 0.390207 -0.145728 0.095927 -0.984663 -0.490775 0.988911 -0.0146514 -0.147784 0.441397 
0.279952 -0.928342 0.244556 0.30098 -0.147642 -0.293345 -0.944537 -0.479389 0.948593 0.228319 -0.219184 0.477997 -0.0285601 -0.995276 -0.0927877 0.390297 -0.145922 0.0959824 -0.984629 -0.490819 0.988884 -0.0145814 -0.147974 0.441468 
0.230444 -0.928584 0.290907 0.201189 0.100168 -0.274728 -0.95629 -0.454469 0.967916 0.249511 0.0297052 0.470137 -0.0285172 -0.995272 -0.0928481 0.390386 -0.146117 0.0960387 -0.984595 -0.490863 0.988856 -0.0145112 -0.148165 0.441539 
0.17091 -0.930711 0.323369 0.101378 0.342537 -0.2516 -0.905188 -0.429552 0.923828 0.265471 0.275802 0.462286 -0.0284743 -0.995267 -0.0929086 0.390476 -0.146312 0.096095 -0.98456 -0.490907 0.988829 -0.014441 -0.148356 0.44161 
0.105228 -0.934591 0.339804 0.0015701 0.563812 -0.225406 -0.794549 -0.404634 0.819172 0.275194 0.503215 0.454427 -0.0284316 -0.995263 -0.0929689 0.390566 -0.146507 0.0961512 -0.984526 -0.490951 0.988801 -0.0143711 -0.148546 0.441681 
0.0376402 -0.939976 0.339158 -0.0982342 0.749699 -0.19784 -0.631515 -0.379718 0.660708 0.278037 0.697252 0.446563 -0.0283886 -0.995259 -0.0930295 0.390655 -0.146702 0.0962075 -0.984491 -0.490995 0.988773 -0.0143008 -0.148737 0.441752 
-0.0274755 -0.946518 0.321479 -0.198034 0.888182 -0.17068 -0.426616 -0.354806 0.45867 0.27381 0.84537 0.438701 -0.0283456 -0.995254 -0.09309 0.390745 -0.146896 0.0962638 -0.984457 -0.491039 0.988746 -0.0142304 -0.148928 0.441823 
-0.0859624 -0.95378 0.287948 -0.297844 0.970291 -0.145751 -0.193111 -0.329887 0.226155 0.262793 0.937973 0.430843 -0.0283027 -0.99525 -0.0931505 0.390835 -0.147091 0.0963201 -0.984422 -0.491083 0.988718 -0.0141602 -0.149119 0.441894 
-0.134015 -0.961304 0.240695 -0.397653 0.990739 -0.124618 0.0539187 -0.304967 -0.0218374 0.245692 0.969102 0.422983 -0.0282598 -0.995245 -0.093211 0.390925 -0.147286 0.0963763 -0.984387 -0.491127 0.98869 -0.0140899 -0.149309 0.441965 
-0.168456 -0.968616 0.182775 -0.497449 0.948209 -0.108578 0.298514 -0.280064 -0.2693 0.223595 0.936741 0.415122 -0.028217 -0.995241 -0.0932716 0.391014 -0.147481 0.0964325 -0.984353 -0.491171 0.988662 -0.0140197 -0.1495 0.442036 
-0.168456 -0.968616 0.182775 -0.497449 0.948209 -0.108578 0.298514 -0.280064 -0.2693 0.223595 0.936741 0.415122 -0.0283067 -0.995254 -0.0931036 0.390761 -0.147016 0.0962732 -0.984438 -0.4911 0.988729 -0.0141785 -0.149043 0.44191 
0.27995 -0.928342 0.244558 0.30098 -0.147642 -0.293347 -0.944537 -0.479388 0.948594 0.228316 -0.219185 0.477997 -0.0284302 -0.995249 -0.0931207 0.390876 -0.147407 0.0963141 -0.984375 -0.491125 0.988667 -0.0142594 -0.149445 0.442022 
0.230443 -0.928584 0.290908 0.201189 0.100168 -0.27473 -0.95629 -0.454469 0.967917 0.24951 0.0297048 0.470138 -0.0285527 -0.995244 -0.0931383 0.390991 -0.147798 0.0963555 -0.984313 -0.491149 0.988605 -0.0143392 -0.149846 0.442134 
0.170908 -0.93071 0.323371 0.101378 0.342536 -0.251603 -0.905188 -0.429552 0.923829 0.26547 0.275801 0.462287 -0.0286752 -0.995239 -0.0931558 0.391106 -0.148189 0.0963969 -0.98425 -0.491174 0.988543 -0.014419 -0.150247 0.442246 
0.105227 -0.934591 0.339805 0.00156986 0.563812 -0.225407 -0.794549 -0.404634 0.819172 0.275194 0.503214 0.454427 -0.0287983 -0.995233 -0.0931728 0.391221 -0.148579 0.096438 -0.984187 -0.491198 0.988481 -0.0144994 -0.150648 0.442358 
0.0376404 -0.939976 0.339158 -0.0982341 0.749699 -0.197839 -0.631515 -0.379718 0.660707 0.278037 0.697253 0.446563 -0.0289206 -0.995228 -0.0931904 0.391336 -0.14897 0.0964795 -0.984124 -0.491223 0.988419 -0.014579 -0.151049 0.44247 
-0.0274873 -0.946515 0.321486 -0.198037 0.888178 -0.170695 -0.426618 -0.354804 0.458677 0.27381 0.845366 0.438701 -0.0290427 -0.995223 -0.0932079 0.391452 -0.14936 0.0965212 -0.984061 -0.491248 0.988356 -0.0146582 -0.15145 0.442581 
-0.0859737 -0.953778 0.287951 -0.297846 0.970289 -0.145764 -0.193112 -0.329884 0.226159 0.262793 0.937972 0.430842 -0.0291653 -0.995218 -0.0932252 0.391567 -0.149751 0.0965627 -0.983997 -0.491272 0.988293 -0.014738 -0.151851 0.442693 
-0.134023 -0.961303 0.240696 -0.397654 0.990738 -0.124626 0.0539188 -0.304965 -0.0218353 0.245693 0.969102 0.422982 -0.0292878 -0.995213 -0.0932425 0.391682 -0.150142 0.0966042 -0.983933 -0.491297 0.988231 -0.0148177 -0.152252 0.442805 
-0.168487 -0.968611 0.182773 -0.497453 0.948205 -0.108609 0.298516 -0.280056 -0.269295 0.223602 0.93674 0.41512 -0.0294103 -0.995207 -0.0932597 0.391797 -0.150532 0.0966458 -0.98387 -0.491321 0.988168 -0.0148973 -0.152653 0.442917 
-0.168487 -0.968611 0.182773 -0.497453 0.948205 -0.108609 0.298516 -0.280056 -0.269295 0.223602 0.93674 0.41512 -0.0292732 -0.995187 -0.0935157 0.391578 -0.149804 0.0968671 -0.983959 -0.491285 0.988282 -0.0147946 -0.151919 0.442646 
0.279945 -0.928342 0.244566 0.300979 -0.147642 -0.293353 -0.944535 -0.479388 0.948595 0.228309 -0.219185 0.477999 -0.0294836 -0.995187 -0.0934509 0.3917 -0.149596 0.0968318 -0.983994 -0.491291 0.988307 -0.0150318 -0.151731 0.442681 
0.230438 -0.928583 0.290915 0.201187 0.100166 -0.274738 -0.956288 -0.454469 0.967918 0.249504 0.0297028 0.47014 -0.0296942 -0.995187 -0.0933874 0.391821 -0.149388 0.0967977 -0.984029 -0.491296 0.988333 -0.0152691 -0.151543 0.442716 
0.170907 -0.93071 0.323373 0.101377 0.342535 -0.251605 -0.905188 -0.429552 0.923829 0.265469 0.2758 0.462287 -0.0299049 -0.995187 -0.0933239 0.391943 -0.149179 0.0967637 -0.984064 -0.491302 0.988358 -0.0155063 -0.151355 0.442751 
0.105227 -0.934591 0.339805 0.00156971 0.563812 -0.225407 -0.794549 -0.404634 0.819173 0.275194 0.503214 0.454427 -0.0301156 -0.995186 -0.0932607 0.392064 -0.148971 0.0967298 -0.984099 -0.491308 0.988383 -0.0157436 -0.151167 0.442786 
0.037643 -0.939978 0.339153 -0.0982331 0.749701 -0.197833 -0.631514 -0.379719 0.660705 0.278036 0.697256 0.446562 -0.0303262 -0.995186 -0.0931972 0.392186 -0.148762 0.0966955 -0.984134 -0.491314 0.988408 -0.0159808 -0.150978 0.442821 
-0.0274959 -0.946513 0.321492 -0.198039 0.888175 -0.170707 -0.42662 -0.354802 0.458682 0.273811 0.845363 0.438702 -0.0305369 -0.995185 -0.0931337 0.392308 -0.148554 0.0966611 -0.984169 -0.491319 0.988433 -0.0162181 -0.15079 0.442856 
-0.0859812 -0.953777 0.287954 -0.297847 0.970287 -0.145772 -0.193114 -0.329883 0.226163 0.262794 0.937971 0.430842 -0.0307476 -0.995185 -0.0930704 0.392429 -0.148345 0.0966268 -0.984204 -0.491325 0.988458 -0.0164554 -0.150602 0.442891 
-0.134028 -0.961302 0.240697 -0.397655 0.990737 -0.124631 0.0539184 -0.304964 -0.0218336 0.245694 0.969102 0.422982 -0.0309583 -0.995184 -0.0930071 0.392551 -0.148137 0.0965925 -0.984238 -0.491331 0.988482 -0.0166926 -0.150414 0.442926 
-0.168503 -0.968608 0.182772 -0.497455 0.948203 -0.108624 0.298516 -0.280052 -0.269291 0.223606 0.93674 0.41512 -0.031169 -0.995183 -0.0929439 0.392672 -0.147928 0.0965581 -0.984273 -0.491336 0.988507 -0.0169298 -0.150225 0.442961 
-0.168503 -0.968608 0.182772 -0.497455 0.948203 -0.108624 0.298516 -0.280052 -0.269291 0.223606 0.93674 0.41512 -0.0306631 -0.995182 -0.0931277 0.392314 -0.148438 0.0966723 -0.984185 -0.491324 0.988446 -0.0163544 -0.150687 0.442904 
0.280096 -0.928367 0.244297 0.301008 -0.147655 -0.293119 -0.944605 -0.479375 0.948548 0.228508 -0.21918 0.477914 -0.0308288 -0.995181 -0.093086 0.392459 -0.148065 0.0966497 -0.984244 -0.49134 0.988497 -0.0165603 -0.150331 0.442898 
0.230557 -0.928605 0.290751 0.201213 0.100199 -0.274556 -0.956336 -0.454462 0.967886 0.249623 0.0297445 0.47009 -0.0309944 -0.995179 -0.0930444 0.392604 -0.147691 0.0966272 -0.984302 -0.491356 0.988548 -0.016766 -0.149974 0.442893 
0.170929 -0.930716 0.323342 0.101384 0.342547 -0.251566 -0.905194 -0.429552 0.923821 0.265484 0.275814 0.462278 -0.03116 -0.995178 -0.0930029 0.392749 -0.147317 0.0966046 -0.98436 -0.491373 0.988598 -0.0169718 -0.149617 0.442887 
0.10523 -0.934592 0.339802 0.00157074 0.563813 -0.225402 -0.794549 -0.404635 0.819171 0.275195 0.503216 0.454426 -0.0313258 -0.995177 -0.0929617 0.392894 -0.146944 0.0965822 -0.984418 -0.491389 0.988649 -0.0171776 -0.14926 0.442882 
0.0376479 -0.93998 0.339146 -0.0982313 0.749705 -0.197824 -0.631513 -0.37972 0.660701 0.278035 0.69726 0.44656 -0.0314914 -0.995175 -0.0929202 0.393039 -0.14657 0.0965593 -0.984476 -0.491405 0.988699 -0.0173832 -0.148904 0.442876 
-0.0274967 -0.946513 0.321493 -0.19804 0.888175 -0.170708 -0.42662 -0.354801 0.458683 0.273811 0.845362 0.438702 -0.031657 -0.995174 -0.0928786 0.393184 -0.146196 0.0965362 -0.984534 -0.491421 0.988749 -0.0175889 -0.148547 0.44287 
-0.0859863 -0.953775 0.287956 -0.297848 0.970286 -0.145779 -0.193115 -0.329882 0.226166 0.262795 0.93797 0.430843 -0.0318227 -0.995173 -0.0928374 0.393329 -0.145822 0.0965133 -0.984592 -0.491437 0.988799 -0.0177946 -0.14819 0.442865 
-0.134032 -0.961301 0.240698 -0.397655 0.990737 -0.124636 0.0539175 -0.304963 -0.0218315 0.245695 0.969101 0.422982 -0.0319884 -0.995171 -0.0927961 0.393474 -0.145449 0.0964902 -0.984649 -0.491454 0.988849 -0.0180003 -0.147833 0.442859 
-0.168517 -0.968605 0.182774 -0.497456 0.948202 -0.108639 0.298514 -0.280048 -0.269286 0.223612 0.936741 0.41512 -0.0321541 -0.99517 -0.092755 0.393619 -0.145075 0.0964671 -0.984707 -0.49147 0.988898 -0.018206 -0.147476 0.442854 
-0.168517 -0.968605 0.182774 -0.497456 0.948202 -0.108639 0.298514 -0.280048 -0.269286 0.223612 0.936741 0.41512 -0.0320327 -0.995162 -0.0928834 0.393325 -0.145729 0.0965883 -0.984598 -0.491474 0.988806 -0.0180035 -0.148118 0.442854 
0.280068 -0.928364 0.24434 0.301003 -0.147655 -0.293156 -0.944594 -0.479378 0.948557 0.228472 -0.219181 0.477927 -0.0322186 -0.995148 -0.0929684 0.393499 -0.145815 0.0967015 -0.984574 -0.491492 0.988787 -0.0181653 -0.148223 0.442907 
0.23053 -0.928601 0.290785 0.201207 0.100192 -0.274594 -0.956326 -0.454464 0.967893 0.249596 0.0297359 0.4701 -0.0324054 -0.995134 -0.0930537 0.393673 -0.145902 0.0968152 -0.98455 -0.491511 0.988768 -0.0183281 -0.148329 0.442961 
0.170922 -0.930714 0.323352 0.101381 0.342543 -0.251578 -0.905192 -0.429552 0.923823 0.265479 0.27581 0.462281 -0.0325923 -0.99512 -0.0931389 0.393848 -0.145988 0.0969288 -0.984526 -0.491529 0.988749 -0.0184909 -0.148435 0.443014 
0.105229 -0.934591 0.339803 0.00157041 0.563813 -0.225404 -0.794549 -0.404635 0.819171 0.275195 0.503216 0.454426 -0.0327793 -0.995105 -0.0932241 0.394022 -0.146074 0.0970426 -0.984502 -0.491548 0.98873 -0.0186537 -0.14854 0.443067 
0.0376453 -0.939979 0.339149 -0.0982322 0.749703 -0.197828 -0.631513 -0.379719 0.660703 0.278035 0.697258 0.446561 -0.0329662 -0.995091 -0.0933092 0.394196 -0.146161 0.0971562 -0.984478 -0.491566 0.988711 -0.0188164 -0.148646 0.443121 
-0.0275006 -0.946512 0.321496 -0.198041 0.888173 -0.170713 -0.426621 -0.354801 0.458686 0.273811 0.845361 0.438702 -0.0331531 -0.995077 -0.0933944 0.39437 -0.146247 0.0972699 -0.984454 -0.491584 0.988692 -0.018979 -0.148752 0.443174 
-0.0859886 -0.953775 0.287957 -0.297849 0.970286 -0.145781 -0.193116 -0.329881 0.226168 0.262795 0.93797 0.430843 -0.03334 -0.995063 -0.0934795 0.394544 -0.146334 0.0973836 -0.98443 -0.491603 0.988673 -0.0191417 -0.148858 0.443227 
-0.134033 -0.961301 0.240698 -0.397655 0.990736 -0.124637 0.0539173 -0.304962 -0.0218309 0.245695 0.969101 0.422982 -0.0335269 -0.995049 -0.0935646 0.394719 -0.14642 0.0974973 -0.984406 -0.491621 0.988654 -0.0193044 -0.148964 0.44328 
-0.168522 -0.968604 0.182775 -0.497457 0.948202 -0.108643 0.298514 -0.280047 -0.269284 0.223613 0.936741 0.41512 -0.0337139 -0.995034 -0.0936497 0.394893 -0.146506 0.097611 -0.984382 -0.49164 0.988635 -0.0194671 -0.149069 0.443334 
-0.168522 -0.968604 0.182775 -0.497457 0.948202 -0.108643 0.298514 -0.280047 -0.269284 0.223613 0.936741 0.41512 -0.0334218 -0.995072 -0.0933511 0.394495 -0.146308 0.0972683 -0.984445 -0.491662 0.988674 -0.0192439 -0.148838 0.443296 
0.280045 -0.928362 0.244375 0.300998 -0.147655 -0.293186 -0.944585 -0.47938 0.948563 0.228443 -0.219182 0.477938 -0.0336818 -0.995057 -0.0934208 0.39469 -0.146524 0.0973802 -0.984402 -0.491674 0.988634 -0.019468 -0.14908 0.443363 
0.230512 -0.928598 0.290808 0.201203 0.100187 -0.274619 -0.956319 -0.454465 0.967898 0.249578 0.0297301 0.470107 -0.0339419 -0.995041 -0.0934914 0.394885 -0.146739 0.0974932 -0.984359 -0.491686 0.988593 -0.0196922 -0.149321 0.443431 
0.170918 -0.930713 0.323357 0.10138 0.342541 -0.251585 -0.905191 -0.429552 0.923825 0.265476 0.275807 0.462282 -0.0342021 -0.995026 -0.0935619 0.39508 -0.146954 0.0976061 -0.984316 -0.491697 0.988552 -0.0199164 -0.149562 0.443498 
0.105228 -0.934591 0.339804 0.00157008 0.563812 -0.225405 -0.794549 -0.404635 0.819172 0.275194 0.503215 0.454427 -0.0344626 -0.99501 -0.0936323 0.395275 -0.147169 0.0977191 -0.984272 -0.491709 0.988511 -0.0201408 -0.149802 0.443566 
0.0376382 -0.939975 0.33916 -0.0982348 0.749698 -0.197843 -0.631515 -0.379718 0.660709 0.278037 0.697251 0.446563 -0.0347227 -0.994995 -0.0937027 0.39547 -0.147384 0.0978322 -0.984229 -0.491721 0.98847 -0.0203648 -0.150044 0.443634 
-0.0275034 -0.946511 0.321498 -0.198041 0.888172 -0.170718 -0.426622 -0.3548 0.458688 0.273812 0.845359 0.438703 -0.0349828 -0.994979 -0.093773 0.395665 -0.1476 0.0979453 -0.984185 -0.491733 0.988428 -0.0205887 -0.150285 0.443701 
-0.0859902 -0.953775 0.287958 -0.297849 0.970285 -0.145783 -0.193116 -0.329881 0.226169 0.262795 0.937969 0.430843 -0.0352431 -0.994963 -0.0938433 0.39586 -0.147815 0.0980585 -0.984142 -0.491745 0.988387 -0.0208128 -0.150526 0.443769 
-0.134034 -0.961301 0.240698 -0.397656 0.990736 -0.124638 0.0539171 -0.304962 -0.0218304 0.245695 0.969101 0.422982 -0.0355034 -0.994947 -0.0939135 0.396055 -0.14803 0.0981717 -0.984098 -0.491756 0.988345 -0.0210368 -0.150767 0.443836 
-0.168525 -0.968603 0.182775 -0.497457 0.948201 -0.108646 0.298513 -0.280046 -0.269283 0.223614 0.936741 0.41512 -0.0357636 -0.994931 -0.0939836 0.39625 -0.148245 0.0982849 -0.984055 -0.491768 0.988304 -0.0212608 -0.151008 0.443903 
-0.168525 -0.968603 0.182775 -0.497457 0.948201 -0.108646 0.298513 -0.280046 -0.269283 0.223614 0.936741 0.41512 -0.0356532 -0.994938 -0.0939515 0.395858 -0.147895 0.098229 -0.984113 -0.491795 0.98836 -0.0211919 -0.150648 0.443761 
0.280027 -0.928359 0.244404 0.300995 -0.147654 -0.293212 -0.944577 -0.479381 0.948569 0.22842 -0.219183 0.477947 -0.0360631 -0.994915 -0.0940454 0.396161 -0.147906 0.0983839 -0.984096 -0.491818 0.988344 -0.0215797 -0.150701 0.443843 
0.230499 -0.928596 0.290825 0.2012 0.100183 -0.274638 -0.956314 -0.454466 0.967902 0.249565 0.0297257 0.470113 -0.0364729 -0.994891 -0.0941384 0.396464 -0.147917 0.098538 -0.984079 -0.49184 0.988327 -0.0219676 -0.150755 0.443924 
0.170915 -0.930713 0.32336 0.10138 0.34254 -0.251589 -0.90519 -0.429552 0.923826 0.265475 0.275806 0.462283 -0.0368827 -0.994867 -0.0942313 0.396768 -0.147928 0.098692 -0.984062 -0.491863 0.98831 -0.0223554 -0.150808 0.444006 
0.105228 -0.934591 0.339805 0.00156983 0.563812 -0.225406 -0.794549 -0.404634 0.819172 0.275194 0.503215 0.454427 -0.0372926 -0.994843 -0.0943248 0.397071 -0.147938 0.0988466 -0.984045 -0.491886 0.988293 -0.0227433 -0.150861 0.444087 
0.0376355 -0.939974 0.339164 -0.0982358 0.749696 -0.197848 -0.631516 -0.379717 0.660711 0.278037 0.697249 0.446564 -0.0377024 -0.994819 -0.0944175 0.397374 -0.147949 0.0990004 -0.984027 -0.491909 0.988276 -0.0231312 -0.150915 0.444169 
-0.0275059 -0.94651 0.321501 -0.198042 0.888171 -0.170721 -0.426623 -0.354799 0.45869 0.273813 0.845358 0.438703 -0.0381121 -0.994794 -0.0945101 0.397677 -0.147961 0.0991541 -0.98401 -0.491931 0.988259 -0.023519 -0.150969 0.444251 
-0.0859914 -0.953774 0.287959 -0.297849 0.970285 -0.145785 -0.193116 -0.32988 0.22617 0.262796 0.937969 0.430843 -0.0385219 -0.994769 -0.0946029 0.39798 -0.147971 0.0993082 -0.983993 -0.491954 0.988241 -0.0239068 -0.151023 0.444332 
-0.134034 -0.961301 0.240699 -0.397656 0.990736 -0.124639 0.0539169 -0.304962 -0.0218301 0.245695 0.969101 0.422982 -0.0389317 -0.994745 -0.0946958 0.398284 -0.147982 0.0994623 -0.983976 -0.491977 0.988223 -0.0242946 -0.151077 0.444414 
-0.168527 -0.968603 0.182776 -0.497457 0.948201 -0.108648 0.298513 -0.280046 -0.269282 0.223616 0.936741 0.41512 -0.0393415 -0.99472 -0.0947886 0.398587 -0.147993 0.0996163 -0.983959 -0.491999 0.988206 -0.0246824 -0.15113 0.444495 
-0.168527 -0.968603 0.182776 -0.497457 0.948201 -0.108648 0.298513 -0.280046 -0.269282 0.223616 0.936741 0.41512 -0.0390303 -0.99474 -0.094709 0.398155 -0.148086 0.0994928 -0.983957 -0.492002 0.988204 -0.0243791 -0.15119 0.444363 
0.280014 -0.928357 0.244427 0.300992 -0.147653 -0.293231 -0.944571 -0.479382 0.948573 0.228403 -0.219184 0.477954 -0.0394393 -0.994707 -0.0948836 0.398468 -0.148047 0.0997265 -0.983939 -0.492039 0.988194 -0.0247587 -0.151197 0.444443 
0.230489 -0.928595 0.290838 0.201198 0.10018 -0.274653 -0.95631 -0.454467 0.967904 0.249556 0.0297223 0.470117 -0.0398481 -0.994674 -0.0950584 0.398781 -0.148008 0.0999603 -0.983922 -0.492077 0.988183 -0.025138 -0.151203 0.444524 
0.170914 -0.930712 0.323363 0.101379 0.342539 -0.251592 -0.90519 -0.429552 0.923827 0.265474 0.275805 0.462284 -0.0402568 -0.994641 -0.0952332 0.399095 -0.147969 0.100194 -0.983904 -0.492115 0.988172 -0.0255172 -0.15121 0.444604 
0.105227 -0.934591 0.339805 0.00156968 0.563812 -0.225407 -0.794549 -0.404634 0.819172 0.275194 0.503214 0.454427 -0.0406655 -0.994607 -0.0954086 0.399408 -0.147929 0.100428 -0.983886 -0.492152 0.988162 -0.0258965 -0.151216 0.444685 
0.0376344 -0.939974 0.339166 -0.0982362 0.749695 -0.19785 -0.631516 -0.379717 0.660712 0.278038 0.697248 0.446565 -0.0410742 -0.994574 -0.0955832 0.399721 -0.147891 0.100662 -0.983868 -0.49219 0.98815 -0.0262758 -0.151223 0.444765 
-0.0275077 -0.946509 0.321502 -0.198042 0.88817 -0.170724 -0.426624 -0.354799 0.458692 0.273813 0.845357 0.438703 -0.0414829 -0.99454 -0.0957576 0.400034 -0.147852 0.100895 -0.98385 -0.492227 0.988139 -0.026655 -0.15123 0.444845 
-0.0859923 -0.953774 0.287959 -0.297849 0.970285 -0.145786 -0.193117 -0.32988 0.22617 0.262796 0.937969 0.430843 -0.0418916 -0.994506 -0.0959324 0.400347 -0.147812 0.101129 -0.983831 -0.492265 0.988128 -0.0270343 -0.151237 0.444926 
-0.134035 -0.961301 0.240699 -0.397656 0.990736 -0.124639 0.0539168 -0.304962 -0.0218298 0.245696 0.969101 0.422982 -0.0423003 -0.994472 -0.0961072 0.400661 -0.147773 0.101363 -0.983813 -0.492302 0.988116 -0.0274135 -0.151244 0.445006 
-0.168529 -0.968603 0.182776 -0.497457 0.948201 -0.10865 0.298512 -0.280045 -0.269281 0.223616 0.936741 0.41512 -0.0427089 -0.994437 -0.0962819 0.400974 -0.147733 0.101596 -0.983795 -0.492339 0.988105 -0.0277928 -0.151251 0.445087 
-0.168529 -0.968603 0.182776 -0.497457 0.948201 -0.10865 0.298512 -0.280045 -0.269281 0.223616 0.936741 0.41512 -0.0423537 -0.994474 -0.0960615 0.400561 -0.147755 0.101325 -0.98382 -0.492315 0.988117 -0.0274749 -0.15123 0.445049 
0.280009 -0.928357 0.244434 0.300991 -0.147653 -0.293237 -0.944569 -0.479383 0.948574 0.228396 -0.219184 0.477956 -0.0426469 -0.994483 -0.0958362 0.400866 -0.147561 0.101141 -0.983868 -0.492352 0.988133 -0.0278172 -0.151061 0.445086 
0.230482 -0.928593 0.290848 0.201197 0.100178 -0.274664 -0.956307 -0.454467 0.967906 0.249548 0.0297197 0.47012 -0.0429409 -0.994492 -0.0956105 0.40117 -0.147367 0.100957 -0.983916 -0.49239 0.988149 -0.0281604 -0.150891 0.445124 
0.170912 -0.930712 0.323365 0.101379 0.342538 -0.251595 -0.905189 -0.429552 0.923827 0.265473 0.275804 0.462285 -0.0432345 -0.994501 -0.0953852 0.401475 -0.147173 0.100773 -0.983964 -0.492428 0.988165 -0.028503 -0.150721 0.445161 
0.105227 -0.934591 0.339805 0.00156957 0.563812 -0.225407 -0.794549 -0.404634 0.819173 0.275194 0.503214 0.454427 -0.0435281 -0.99451 -0.0951606 0.401779 -0.146979 0.100589 -0.984012 -0.492465 0.988181 -0.0288455 -0.150551 0.445199 
0.0376338 -0.939973 0.339166 -0.0982365 0.749695 -0.197852 -0.631516 -0.379717 0.660713 0.278038 0.697247 0.446565 -0.0438218 -0.994518 -0.0949351 0.402083 -0.146786 0.100405 -0.984059 -0.492503 0.988197 -0.0291881 -0.150381 0.445236 
-0.0275088 -0.946509 0.321504 -0.198043 0.888169 -0.170726 -0.426624 -0.354799 0.458693 0.273814 0.845356 0.438704 -0.0441155 -0.994527 -0.0947095 0.402388 -0.146592 0.10022 -0.984107 -0.49254 0.988213 -0.0295307 -0.150211 0.445273 
-0.0859928 -0.953774 0.28796 -0.297849 0.970285 -0.145787 -0.193117 -0.32988 0.226171 0.262796 0.937969 0.430843 -0.0444092 -0.994535 -0.0944844 0.402692 -0.146399 0.100035 -0.984155 -0.492578 0.988228 -0.0298731 -0.150041 0.445311 
-0.134035 -0.9613 0.240699 -0.397656 0.990736 -0.124639 0.0539167 -0.304962 -0.0218296 0.245696 0.969101 0.422983 -0.044703 -0.994544 -0.0942593 0.402997 -0.146205 0.0998509 -0.984202 -0.492615 0.988244 -0.0302156 -0.149871 0.445348 
-0.16853 -0.968602 0.182776 -0.497457 0.948201 -0.108651 0.298512 -0.280045 -0.26928 0.223617 0.936741 0.41512 -0.0449968 -0.994552 -0.0940343 0.403301 -0.146012 0.0996663 -0.98425 -0.492652 0.988259 -0.030558 -0.149701 0.445386 
-0.16853 -0.968602 0.182776 -0.497457 0.948201 -0.108651 0.298512 -0.280045 -0.26928 0.223617 0.936741 0.41512 -0.044484 -0.994539 -0.0944116 0.40293 -0.14619 0.0999683 -0.984192 -0.492535 0.988256 -0.0299787 -0.149839 0.445361 
0.280008 -0.928358 0.244434 0.300991 -0.147654 -0.293237 -0.944569 -0.479383 0.948575 0.228395 -0.219184 0.477956 -0.0449559 -0.994497 -0.094626 0.403251 -0.146329 0.100256 -0.984143 -0.49258 0.988214 -0.0303964 -0.150031 0.445438 
0.230476 -0.928592 0.290856 0.201195 0.100177 -0.274672 -0.956305 -0.454468 0.967908 0.249543 0.0297178 0.470122 -0.0454276 -0.994455 -0.0948399 0.403572 -0.146467 0.100542 -0.984093 -0.492625 0.988172 -0.0308141 -0.150223 0.445514 
0.170911 -0.930711 0.323366 0.101378 0.342538 -0.251597 -0.905189 -0.429553 0.923828 0.265472 0.275803 0.462285 -0.0458994 -0.994413 -0.0950536 0.403894 -0.146605 0.100829 -0.984043 -0.49267 0.98813 -0.0312316 -0.150414 0.445591 
0.105227 -0.934591 0.339806 0.0015695 0.563811 -0.225408 -0.794549 -0.404634 0.819173 0.275194 0.503214 0.454427 -0.0463713 -0.994371 -0.0952673 0.404215 -0.146743 0.101116 -0.983993 -0.492715 0.988087 -0.0316492 -0.150606 0.445668 
0.0376335 -0.939973 0.339167 -0.0982366 0.749694 -0.197852 -0.631516 -0.379717 0.660713 0.278038 0.697247 0.446565 -0.0468432 -0.994328 -0.095481 0.404536 -0.14688 0.101403 -0.983943 -0.49276 0.988044 -0.0320668 -0.150797 0.445745 
-0.0275094 -0.946508 0.321504 -0.198043 0.888169 -0.170727 -0.426625 -0.354798 0.458693 0.273814 0.845356 0.438704 -0.047315 -0.994286 -0.0956943 0.404857 -0.147019 0.10169 -0.983893 -0.492805 0.988001 -0.032484 -0.15099 0.445821 
-0.0859931 -0.953774 0.28796 -0.297849 0.970284 -0.145787 -0.193117 -0.32988 0.226171 0.262796 0.937968 0.430843 -0.0477869 -0.994242 -0.0959076 0.405178 -0.147156 0.101977 -0.983842 -0.49285 0.987958 -0.0329013 -0.151182 0.445898 
-0.134035 -0.961301 0.240699 -0.397656 0.990736 -0.124639 0.0539167 -0.304962 -0.0218297 0.245696 0.969101 0.422983 -0.0482588 -0.994199 -0.0961209 0.4055 -0.147293 0.102264 -0.983792 -0.492895 0.987915 -0.0333186 -0.151374 0.445975 
-0.168531 -0.968602 0.182777 -0.497457 0.948201 -0.108652 0.298512 -0.280044 -0.26928 0.223617 0.936741 0.41512 -0.0487307 -0.994155 -0.0963341 0.405821 -0.14743 0.102552 -0.983742 -0.49294 0.987871 -0.0337358 -0.151566 0.446051 
-0.168531 -0.968602 0.182777 -0.497457 0.948201 -0.108652 0.298512 -0.280044 -0.26928 0.223617 0.936741 0.41512 -0.0482351 -0.994197 -0.0961574 0.405536 -0.147218 0.102294 -0.9838 -0.49287 0.987927 -0.0332976 -0.151298 0.446005 
0.280008 -0.928358 0.244431 0.300991 -0.147654 -0.293234 -0.94457 -0.479383 0.948575 0.228396 -0.219184 0.477955 -0.0487232 -0.994137 -0.0965257 0.405861 -0.147076 0.102728 -0.983776 -0.492906 0.987924 -0.0337361 -0.151219 0.446031 
