1534185119371 0.320757 0.910324 -0.261581 -0.594258 -0.936812 0.345629 0.0540776 -0.186823 0.139638 0.227706 0.963665 0.345607 0.16008 -0.304787 0.938871 0.370831 -0.775623 0.549475 0.310623 -0.528794 -0.61056 -0.777934 -0.14844 0.432481 
1534185119383 0.316768 0.912022 -0.260525 -0.594442 -0.938538 0.341094 0.0529193 -0.187193 0.137127 0.227749 0.964016 0.345443 0.316241 -0.38488 0.867098 0.400864 -0.930001 -0.306251 0.203246 -0.504429 0.187325 -0.870677 -0.454788 0.485926 
1534185119647 0.312769 0.913701 -0.259473 -0.594625 -0.940242 0.336551 0.0517549 -0.187562 0.134614 0.22778 0.964363 0.34528 0.316241 -0.38488 0.867098 0.400864 -0.930001 -0.306251 0.203246 -0.504429 0.187325 -0.870677 -0.454788 0.485926 
1534185119915 0.30876 0.91536 -0.258426 -0.594808 -0.941922 0.332001 0.0505851 -0.187932 0.132101 0.227798 0.964706 0.345116 0.316241 -0.38488 0.867098 0.400864 -0.930001 -0.306251 0.203246 -0.504429 0.187325 -0.870677 -0.454788 0.485926 
1534185120188 0.304743 0.916998 -0.257385 -0.594992 -0.943578 0.327444 0.0494096 -0.188301 0.129588 0.227805 0.965045 0.344952 0.316241 -0.38488 0.867098 0.400864 -0.930001 -0.306251 0.203246 -0.504429 0.187325 -0.870677 -0.454788 0.485926 
1534185120459 0.300715 0.918617 -0.256347 -0.595175 -0.945211 0.322879 0.0482292 -0.188671 0.127073 0.227799 0.965381 0.344789 0.316241 -0.38488 0.867098 0.400864 -0.930001 -0.306251 0.203246 -0.504429 0.187325 -0.870677 -0.454788 0.485926 
1534185120729 0.296678 0.920215 -0.255315 -0.595359 -0.94682 0.318308 0.0470433 -0.18904 0.124559 0.227781 0.965713 0.344625 0.316241 -0.38488 0.867098 0.400864 -0.930001 -0.306251 0.203246 -0.504429 0.187325 -0.870677 -0.454788 0.485926 
1534185120735 0.292632 0.921794 -0.254288 -0.595542 -0.948405 0.313729 0.045852 -0.18941 0.122044 0.22775 0.966041 0.344462 0.316241 -0.38488 0.867098 0.400864 -0.930001 -0.306251 0.203246 -0.504429 0.187325 -0.870677 -0.454788 0.485926 
1534185121116 0.288578 0.923352 -0.253266 -0.595726 -0.949966 0.309144 0.0446555 -0.189779 0.119528 0.227707 0.966366 0.344298 0.316241 -0.38488 0.867098 0.400864 -0.930001 -0.306251 0.203246 -0.504429 0.187325 -0.870677 -0.454788 0.485926 
1534185121386 0.284528 0.92488 -0.252271 -0.595768 -0.951499 0.304568 0.0434455 -0.190095 0.117016 0.227675 0.966681 0.344171 0.316531 -0.385118 0.866887 0.401814 -0.929976 -0.306103 0.20358 -0.50615 0.186955 -0.870623 -0.455042 0.486735 
1534185121661 0.285305 0.92462 -0.252348 -0.595744 -0.951208 0.305439 0.0437134 -0.190066 0.117495 0.227564 0.966649 0.344202 0.316531 -0.385118 0.866887 0.401814 -0.929976 -0.306103 0.20358 -0.50615 0.186955 -0.870623 -0.455042 0.486735 
1534185121673 0.284821 0.924799 -0.252237 -0.59578 -0.951389 0.304894 0.0435669 -0.190112 0.117196 0.227567 0.966684 0.344179 0.316221 -0.384863 0.867113 0.400797 -0.930002 -0.306262 0.203223 -0.504308 0.187351 -0.87068 -0.45477 0.485869 
1534185121690 0.284337 0.924979 -0.252125 -0.595815 -0.951571 0.304347 0.0434214 -0.190157 0.116897 0.227568 0.96672 0.344155 0.316221 -0.384863 0.867113 0.400797 -0.930002 -0.306262 0.203223 -0.504308 0.187351 -0.87068 -0.45477 0.485869 
1534185121706 0.283852 0.925158 -0.252013 -0.595851 -0.951752 0.3038 0.0432757 -0.190203 0.116598 0.22757 0.966756 0.344132 0.316221 -0.384863 0.867113 0.400797 -0.930002 -0.306262 0.203223 -0.504308 0.187351 -0.87068 -0.45477 0.485869 
1534185121842 0.283368 0.925337 -0.251902 -0.595886 -0.951933 0.303254 0.0431297 -0.190248 0.1163 0.227572 0.966791 0.344109 0.316221 -0.384863 0.867113 0.400797 -0.930002 -0.306262 0.203223 -0.504308 0.187351 -0.87068 -0.45477 0.485869 
1534185121881 0.282884 0.925515 -0.25179 -0.595922 -0.952114 0.302707 0.0429839 -0.190294 0.116001 0.227573 0.966827 0.344086 0.316221 -0.384863 0.867113 0.400797 -0.930002 -0.306262 0.203223 -0.504308 0.187351 -0.87068 -0.45477 0.485869 
1534185121971 0.282399 0.925694 -0.251678 -0.595958 -0.952294 0.302161 0.042838 -0.190339 0.115702 0.227574 0.966862 0.344062 0.316221 -0.384863 0.867113 0.400797 -0.930002 -0.306262 0.203223 -0.504308 0.187351 -0.87068 -0.45477 0.485869 
1534185121978 0.281914 0.925872 -0.251567 -0.595993 -0.952474 0.301614 0.042692 -0.190385 0.115403 0.227576 0.966898 0.344039 0.316221 -0.384863 0.867113 0.400797 -0.930002 -0.306262 0.203223 -0.504308 0.187351 -0.87068 -0.45477 0.485869 
1534185122101 0.281429 0.92605 -0.251455 -0.596029 -0.952654 0.301067 0.042546 -0.190431 0.115105 0.227576 0.966933 0.344016 0.316221 -0.384863 0.867113 0.400797 -0.930002 -0.306262 0.203223 -0.504308 0.187351 -0.87068 -0.45477 0.485869 
1534185122154 0.280944 0.926227 -0.251344 -0.596064 -0.952833 0.30052 0.0423999 -0.190476 0.114806 0.227577 0.966969 0.343992 0.316221 -0.384863 0.867113 0.400797 -0.930002 -0.306262 0.203223 -0.504308 0.187351 -0.87068 -0.45477 0.485869 
1534185122235 0.281623 0.926006 -0.2514 -0.596009 -0.952592 0.30126 0.0425516 -0.190401 0.11514 0.227498 0.966947 0.344036 0.316221 -0.384863 0.867113 0.400797 -0.930002 -0.306262 0.203223 -0.504308 0.187351 -0.87068 -0.45477 0.485869 
1534185122249 0.281427 0.925962 -0.251779 -0.596019 -0.952685 0.301018 0.0421833 -0.190451 0.11485 0.227994 0.966865 0.344016 0.31622 -0.384863 0.867113 0.400796 -0.930002 -0.306262 0.203222 -0.504305 0.187351 -0.87068 -0.45477 0.485867 
1534185122265 0.281231 0.925918 -0.25216 -0.596024 -0.952778 0.300776 0.0418148 -0.1905 0.114561 0.228492 0.966782 0.344001 0.31622 -0.384863 0.867113 0.400795 -0.930002 -0.306262 0.203222 -0.504305 0.187352 -0.87068 -0.454769 0.485867 
1534185122282 0.281035 0.925874 -0.25254 -0.59603 -0.95287 0.300534 0.0414464 -0.190549 0.114271 0.22899 0.966698 0.343984 0.31622 -0.384863 0.867113 0.400795 -0.930002 -0.306262 0.203222 -0.504304 0.187352 -0.87068 -0.454769 0.485867 
1534185122350 0.280839 0.92583 -0.25292 -0.596035 -0.952963 0.300291 0.041078 -0.190598 0.113981 0.229487 0.966615 0.343968 0.31622 -0.384863 0.867113 0.400795 -0.930002 -0.306262 0.203222 -0.504304 0.187351 -0.87068 -0.454769 0.485867 
1534185122356 0.280644 0.925785 -0.2533 -0.596041 -0.953055 0.300049 0.0407099 -0.190647 0.113691 0.229984 0.966531 0.343951 0.31622 -0.384863 0.867113 0.400795 -0.930002 -0.306262 0.203222 -0.504304 0.187351 -0.87068 -0.454769 0.485867 
1534185122417 0.280448 0.92574 -0.25368 -0.596046 -0.953147 0.299806 0.0403417 -0.190695 0.113401 0.230481 0.966447 0.343935 0.31622 -0.384863 0.867113 0.400795 -0.930002 -0.306262 0.203222 -0.504304 0.187351 -0.87068 -0.454769 0.485867 
1534185122450 0.280253 0.925695 -0.25406 -0.596052 -0.953239 0.299563 0.0399737 -0.190744 0.11311 0.230977 0.966362 0.343918 0.31622 -0.384863 0.867113 0.400795 -0.930002 -0.306262 0.203222 -0.504304 0.187351 -0.87068 -0.454769 0.485867 
1534185122456 0.280058 0.92565 -0.254441 -0.596056 -0.953331 0.29932 0.0396057 -0.190793 0.11282 0.231474 0.966277 0.343901 0.31622 -0.384863 0.867113 0.400795 -0.930002 -0.306262 0.203222 -0.504304 0.187351 -0.87068 -0.454769 0.485867 
1534185122530 0.279863 0.925604 -0.254821 -0.596062 -0.953422 0.299076 0.0392379 -0.190842 0.11253 0.231971 0.966192 0.343885 0.31622 -0.384863 0.867113 0.400795 -0.930002 -0.306262 0.203222 -0.504304 0.187351 -0.87068 -0.454769 0.485867 
1534185122574 0.280234 0.925726 -0.253969 -0.596059 -0.953227 0.299577 0.0401576 -0.19069 0.113258 0.230836 0.966378 0.343897 0.31622 -0.384863 0.867113 0.400795 -0.930002 -0.306262 0.203222 -0.504304 0.187351 -0.87068 -0.454769 0.485867 
1534185122587 0.280199 0.925691 -0.254136 -0.59606 -0.953283 0.299456 0.0397219 -0.190735 0.112873 0.231133 0.966352 0.343866 0.31622 -0.384863 0.867113 0.400795 -0.930002 -0.306262 0.203222 -0.504304 0.187351 -0.87068 -0.454769 0.485867 
1534185122604 0.280164 0.925655 -0.254306 -0.596058 -0.953339 0.299336 0.0392848 -0.190779 0.112487 0.231434 0.966326 0.343842 0.31622 -0.384863 0.867113 0.400795 -0.930002 -0.306262 0.203222 -0.504304 0.187351 -0.87068 -0.454769 0.485867 
1534185122620 0.280129 0.925619 -0.254476 -0.596056 -0.953394 0.299216 0.038848 -0.190823 0.112102 0.231733 0.966299 0.343817 0.31622 -0.384863 0.867113 0.400795 -0.930002 -0.306262 0.203222 -0.504304 0.187351 -0.87068 -0.454769 0.485867 
1534185122637 0.280095 0.925582 -0.254646 -0.596053 -0.95345 0.299095 0.0384112 -0.190867 0.111716 0.232033 0.966271 0.343791 0.31622 -0.384863 0.867113 0.400795 -0.930002 -0.306262 0.203222 -0.504304 0.187351 -0.87068 -0.454769 0.485867 
1534185122654 0.28006 0.925546 -0.254815 -0.596051 -0.953505 0.298975 0.0379744 -0.190911 0.11133 0.232332 0.966244 0.343764 0.31622 -0.384863 0.867113 0.400795 -0.930002 -0.306262 0.203222 -0.504304 0.187351 -0.87068 -0.454769 0.485867 
1534185122670 0.280025 0.92551 -0.254985 -0.596048 -0.95356 0.298854 0.0375376 -0.190954 0.110945 0.232632 0.966216 0.343738 0.31622 -0.384863 0.867113 0.400795 -0.930002 -0.306262 0.203222 -0.504304 0.187351 -0.87068 -0.454769 0.485867 
1534185122687 0.279991 0.925474 -0.255154 -0.596046 -0.953615 0.298734 0.0371009 -0.190998 0.110559 0.232931 0.966188 0.343712 0.31622 -0.384863 0.867113 0.400795 -0.930002 -0.306262 0.203222 -0.504304 0.187351 -0.87068 -0.454769 0.485867 
1534185122776 0.279956 0.925437 -0.255324 -0.596044 -0.95367 0.298613 0.0366642 -0.191042 0.110173 0.23323 0.96616 0.343685 0.31622 -0.384863 0.867113 0.400795 -0.930002 -0.306262 0.203222 -0.504304 0.187351 -0.87068 -0.454769 0.485867 
1534185122794 0.279922 0.925401 -0.255493 -0.59604 -0.953724 0.298492 0.0362274 -0.191086 0.109788 0.233529 0.966132 0.343659 0.31622 -0.384863 0.867113 0.400795 -0.930002 -0.306262 0.203222 -0.504304 0.187351 -0.87068 -0.454769 0.485867 
1534185122817 0.28 0.925592 -0.254715 -0.596039 -0.953574 0.298805 0.0375721 -0.190924 0.110887 0.23237 0.966286 0.343798 0.31622 -0.384863 0.867113 0.400795 -0.930002 -0.306262 0.203222 -0.504304 0.187351 -0.87068 -0.454769 0.485867 
1534185122829 0.280021 0.925508 -0.254997 -0.596032 -0.953597 0.298776 0.0372243 -0.190948 0.110638 0.232741 0.966225 0.343819 0.31622 -0.384863 0.867113 0.400795 -0.930002 -0.306262 0.203222 -0.504304 0.187351 -0.87068 -0.454769 0.485867 
1534185122846 0.280043 0.925423 -0.255279 -0.596023 -0.953619 0.298748 0.0368755 -0.190971 0.110389 0.233112 0.966164 0.34384 0.31622 -0.384863 0.867113 0.400795 -0.930002 -0.306262 0.203222 -0.504304 0.187351 -0.87068 -0.454769 0.485867 
1534185122862 0.280066 0.925339 -0.255561 -0.596012 -0.953642 0.29872 0.0365266 -0.190993 0.110141 0.233484 0.966103 0.343862 0.31622 -0.384863 0.867113 0.400795 -0.930002 -0.306262 0.203222 -0.504304 0.187351 -0.87068 -0.454769 0.485867 
1534185122879 0.280088 0.925254 -0.255843 -0.596002 -0.953664 0.298691 0.0361778 -0.191015 0.109892 0.233855 0.966041 0.343883 0.31622 -0.384863 0.867113 0.400795 -0.930002 -0.306262 0.203222 -0.504304 0.187351 -0.87068 -0.454769 0.485867 
1534185122896 0.28011 0.925169 -0.256125 -0.595991 -0.953686 0.298663 0.0358289 -0.191038 0.109643 0.234227 0.965979 0.343905 0.31622 -0.384863 0.867113 0.400795 -0.930002 -0.306262 0.203222 -0.504304 0.187351 -0.87068 -0.454769 0.485867 
1534185122974 0.280132 0.925085 -0.256407 -0.595982 -0.953708 0.298634 0.0354801 -0.19106 0.109394 0.234598 0.965918 0.343926 0.31622 -0.384863 0.867113 0.400795 -0.930002 -0.306262 0.203222 -0.504304 0.187351 -0.87068 -0.454769 0.485867 
1534185123006 0.280155 0.925 -0.256689 -0.595971 -0.95373 0.298605 0.0351313 -0.191082 0.109145 0.23497 0.965855 0.343948 0.31622 -0.384863 0.867113 0.400795 -0.930002 -0.306262 0.203222 -0.504304 0.187351 -0.87068 -0.454769 0.485867 
1534185123037 0.280177 0.924914 -0.256971 -0.595961 -0.953752 0.298576 0.0347825 -0.191105 0.108896 0.235341 0.965793 0.34397 0.31622 -0.384863 0.867113 0.400795 -0.930002 -0.306262 0.203222 -0.504304 0.187351 -0.87068 -0.454769 0.485867 
1534185123069 0.2802 0.924829 -0.257252 -0.595951 -0.953773 0.298547 0.0344337 -0.191127 0.108647 0.235712 0.965731 0.343991 0.31622 -0.384863 0.867113 0.400795 -0.930002 -0.306262 0.203222 -0.504304 0.187351 -0.87068 -0.454769 0.485867 
1534185123119 0.279928 0.925141 -0.256428 -0.595973 -0.953771 0.298429 0.0354962 -0.190977 0.109365 0.234638 0.965911 0.343955 0.31622 -0.384863 0.867113 0.400795 -0.930002 -0.306262 0.203222 -0.504304 0.187351 -0.87068 -0.454769 0.485867 
1534185123133 0.280002 0.925063 -0.256627 -0.595973 -0.95376 0.298488 0.0353235 -0.190992 0.109276 0.23487 0.965865 0.34396 0.31622 -0.384863 0.867113 0.400795 -0.930002 -0.306262 0.203222 -0.504304 0.187351 -0.87068 -0.45477 0.485867 
1534185123149 0.280077 0.924985 -0.256826 -0.595968 -0.953748 0.298546 0.0351511 -0.191004 0.109189 0.235103 0.965818 0.343967 0.31622 -0.384863 0.867113 0.400795 -0.930002 -0.306262 0.203222 -0.504304 0.187351 -0.87068 -0.45477 0.485867 
1534185123166 0.280151 0.924907 -0.257026 -0.595964 -0.953736 0.298604 0.0349787 -0.191017 0.109101 0.235335 0.965771 0.343974 0.31622 -0.384863 0.867113 0.400795 -0.930002 -0.306262 0.203222 -0.504304 0.187351 -0.87068 -0.45477 0.485867 
1534185123183 0.280226 0.924829 -0.257225 -0.595962 -0.953724 0.298662 0.0348064 -0.191031 0.109013 0.235568 0.965725 0.34398 0.31622 -0.384863 0.867113 0.400795 -0.930002 -0.306262 0.203222 -0.504304 0.187351 -0.87068 -0.45477 0.485867 
1534185123199 0.2803 0.924751 -0.257424 -0.595957 -0.953712 0.29872 0.0346339 -0.191044 0.108925 0.2358 0.965678 0.343986 0.31622 -0.384863 0.867113 0.400795 -0.930002 -0.306262 0.203222 -0.504304 0.187351 -0.87068 -0.45477 0.485867 
1534185123216 0.280375 0.924673 -0.257623 -0.595953 -0.9537 0.298778 0.0344616 -0.191057 0.108838 0.236033 0.965631 0.343993 0.31622 -0.384863 0.867113 0.400795 -0.930002 -0.306262 0.203222 -0.504304 0.187351 -0.87068 -0.45477 0.485867 
1534185123233 0.280449 0.924595 -0.257822 -0.595948 -0.953688 0.298836 0.0342891 -0.19107 0.10875 0.236266 0.965584 0.343999 0.31622 -0.384863 0.867113 0.400795 -0.930002 -0.306262 0.203222 -0.504304 0.187351 -0.87068 -0.45477 0.485867 
1534185123249 0.280524 0.924517 -0.258021 -0.595945 -0.953676 0.298893 0.0341166 -0.191083 0.108662 0.236498 0.965537 0.344006 0.31622 -0.384863 0.867113 0.400795 -0.930002 -0.306262 0.203222 -0.504304 0.187351 -0.87068 -0.45477 0.485867 
1534185123266 0.280599 0.924439 -0.25822 -0.595941 -0.953665 0.298951 0.0339442 -0.191096 0.108575 0.236731 0.96549 0.344012 0.31622 -0.384863 0.867113 0.400795 -0.930002 -0.306262 0.203222 -0.504304 0.187351 -0.87068 -0.45477 0.485867 
1534185123354 0.280519 0.924756 -0.257168 -0.595933 -0.953658 0.298899 0.0345681 -0.191057 0.108834 0.235553 0.965748 0.343989 0.31622 -0.384863 0.867113 0.400795 -0.930002 -0.306262 0.203222 -0.504304 0.187351 -0.87068 -0.45477 0.485867 
1534185123366 0.280659 0.924696 -0.257232 -0.595945 -0.953652 0.298961 0.0341985 -0.191054 0.108525 0.235712 0.965744 0.343994 0.31622 -0.384863 0.867113 0.400795 -0.930002 -0.306262 0.203222 -0.504304 0.187351 -0.87068 -0.45477 0.485867 
1534185123382 0.2808 0.924635 -0.257298 -0.595953 -0.953646 0.299024 0.0338294 -0.191049 0.108218 0.235871 0.96574 0.344002 0.31622 -0.384863 0.867113 0.400795 -0.930002 -0.306262 0.203222 -0.504304 0.187351 -0.87068 -0.45477 0.485867 
1534185123399 0.28094 0.924574 -0.257363 -0.595961 -0.953639 0.299086 0.0334604 -0.191044 0.10791 0.236031 0.965735 0.344009 0.31622 -0.384863 0.867113 0.400795 -0.930002 -0.306262 0.203222 -0.504304 0.187351 -0.87068 -0.45477 0.485867 
1534185123416 0.281081 0.924513 -0.257428 -0.595971 -0.953633 0.299149 0.0330916 -0.191039 0.107603 0.23619 0.965731 0.344015 0.31622 -0.384863 0.867113 0.400795 -0.930002 -0.306262 0.203222 -0.504304 0.187351 -0.87068 -0.45477 0.485867 
1534185123432 0.281222 0.924452 -0.257493 -0.595978 -0.953626 0.299211 0.0327225 -0.191034 0.107295 0.23635 0.965726 0.344022 0.31622 -0.384863 0.867113 0.400795 -0.930002 -0.306262 0.203222 -0.504304 0.187351 -0.87068 -0.45477 0.485867 
1534185123449 0.281363 0.924391 -0.257558 -0.595987 -0.953619 0.299274 0.0323536 -0.191029 0.106988 0.236509 0.965721 0.344029 0.31622 -0.384863 0.867113 0.400795 -0.930002 -0.306262 0.203222 -0.504304 0.187351 -0.87068 -0.45477 0.485867 
1534185123466 0.281504 0.92433 -0.257623 -0.595994 -0.953612 0.299336 0.0319846 -0.191024 0.10668 0.236669 0.965716 0.344036 0.31622 -0.384863 0.867113 0.400795 -0.930002 -0.306262 0.203222 -0.504304 0.187351 -0.87068 -0.45477 0.485867 
1534185123494 0.281645 0.924269 -0.257688 -0.596003 -0.953604 0.299398 0.0316156 -0.191019 0.106373 0.236828 0.965711 0.344043 0.31622 -0.384863 0.867113 0.400795 -0.930002 -0.306262 0.203222 -0.504304 0.187351 -0.87068 -0.45477 0.485867 
1534185123554 0.281785 0.924208 -0.257753 -0.596012 -0.953597 0.29946 0.0312467 -0.191014 0.106065 0.236988 0.965705 0.34405 0.31622 -0.384863 0.867113 0.400795 -0.930002 -0.306262 0.203222 -0.504304 0.187351 -0.87068 -0.45477 0.485867 
1534185123580 0.281325 0.924461 -0.257349 -0.595956 -0.953605 0.299286 0.0326584 -0.19107 0.107212 0.236222 0.965766 0.344068 0.31622 -0.384863 0.867113 0.400795 -0.930002 -0.306262 0.203222 -0.504304 0.187351 -0.87068 -0.45477 0.485867 
1534185123595 0.281499 0.924478 -0.257098 -0.595965 -0.953551 0.29945 0.0327152 -0.191073 0.107232 0.235947 0.965831 0.344042 0.31622 -0.384863 0.867113 0.400795 -0.930002 -0.306262 0.203222 -0.504304 0.187351 -0.87068 -0.45477 0.485867 
1534185123610 0.28168 0.924491 -0.256852 -0.595977 -0.953498 0.299616 0.0327455 -0.191076 0.10723 0.235684 0.965896 0.344015 0.31622 -0.384863 0.867113 0.400795 -0.930002 -0.306262 0.203222 -0.504304 0.187351 -0.87068 -0.45477 0.485867 
1534185123725 0.281861 0.924504 -0.256606 -0.59599 -0.953445 0.299782 0.032776 -0.19108 0.107227 0.235422 0.96596 0.343987 0.31622 -0.384863 0.867113 0.400795 -0.930002 -0.306262 0.203222 -0.504304 0.187351 -0.87068 -0.45477 0.485867 
1534185123740 0.282042 0.924517 -0.25636 -0.596004 -0.953392 0.299947 0.0328065 -0.191084 0.107225 0.235159 0.966024 0.343959 0.31622 -0.384863 0.867113 0.400795 -0.930002 -0.306262 0.203222 -0.504304 0.187351 -0.87068 -0.45477 0.485867 
1534185123757 0.282222 0.92453 -0.256114 -0.596018 -0.953338 0.300113 0.0328371 -0.191088 0.107222 0.234896 0.966089 0.343931 0.31622 -0.384863 0.867113 0.400795 -0.930002 -0.306262 0.203222 -0.504304 0.187351 -0.87068 -0.45477 0.485867 
1534185123774 0.282403 0.924543 -0.255869 -0.59603 -0.953285 0.300279 0.0328676 -0.191092 0.107219 0.234634 0.966153 0.343903 0.31622 -0.384863 0.867113 0.400795 -0.930002 -0.306262 0.203222 -0.504304 0.187351 -0.87068 -0.45477 0.485867 
1534185123790 0.282584 0.924556 -0.255623 -0.596044 -0.953232 0.300444 0.0328983 -0.191096 0.107217 0.234371 0.966217 0.343875 0.31622 -0.384863 0.867113 0.400795 -0.930002 -0.306262 0.203222 -0.504304 0.187351 -0.87068 -0.45477 0.485867 
1534185123846 0.282765 0.924568 -0.255377 -0.596057 -0.953179 0.30061 0.0329289 -0.1911 0.107214 0.234109 0.966281 0.343847 0.31622 -0.384863 0.867113 0.400795 -0.930002 -0.306262 0.203222 -0.504304 0.187351 -0.87068 -0.45477 0.485867 
1534185123862 0.282945 0.924581 -0.255131 -0.59607 -0.953125 0.300776 0.0329596 -0.191103 0.107211 0.233846 0.966345 0.343819 0.31622 -0.384863 0.867113 0.400795 -0.930002 -0.306262 0.203222 -0.504304 0.187351 -0.87068 -0.45477 0.485867 
1534185123895 0.282196 0.924535 -0.256125 -0.595998 -0.953343 0.300095 0.0328714 -0.191102 0.107253 0.234898 0.966085 0.343954 0.31622 -0.384863 0.867113 0.400795 -0.930002 -0.306262 0.203222 -0.504304 0.187351 -0.87068 -0.45477 0.485867 
1534185123906 0.282142 0.924556 -0.256109 -0.596 -0.953333 0.300099 0.033124 -0.191126 0.107483 0.234811 0.96608 0.343969 0.31622 -0.384863 0.867113 0.400795 -0.930002 -0.306262 0.203222 -0.504304 0.187351 -0.87068 -0.45477 0.485867 
1534185123922 0.282086 0.924578 -0.256092 -0.596007 -0.953323 0.300101 0.0333771 -0.191154 0.107713 0.234724 0.966076 0.343982 0.31622 -0.384863 0.867113 0.400795 -0.930002 -0.306262 0.203222 -0.504304 0.187351 -0.87068 -0.45477 0.485867 
1534185123939 0.282031 0.924599 -0.256076 -0.596013 -0.953314 0.300104 0.03363 -0.191181 0.107944 0.234636 0.966071 0.343995 0.31622 -0.384863 0.867113 0.400795 -0.930002 -0.306262 0.203222 -0.504304 0.187351 -0.87068 -0.45477 0.485867 
1534185123955 0.281975 0.924621 -0.25606 -0.596021 -0.953304 0.300106 0.0338829 -0.191209 0.108174 0.234549 0.966067 0.344008 0.31622 -0.384863 0.867113 0.400795 -0.930002 -0.306262 0.203222 -0.504304 0.187351 -0.87068 -0.45477 0.485867 
1534185123972 0.28192 0.924642 -0.256043 -0.596028 -0.953294 0.300109 0.0341358 -0.191236 0.108404 0.234461 0.966062 0.344021 0.31622 -0.384863 0.867113 0.400795 -0.930002 -0.306262 0.203222 -0.504304 0.187351 -0.87068 -0.45477 0.485867 
1534185124018 0.281865 0.924663 -0.256027 -0.596034 -0.953284 0.300111 0.0343886 -0.191263 0.108635 0.234374 0.966058 0.344034 0.31622 -0.384863 0.867113 0.400795 -0.930002 -0.306262 0.203222 -0.504304 0.187351 -0.87068 -0.45477 0.485867 
1534185124025 0.28181 0.924685 -0.256011 -0.59604 -0.953274 0.300114 0.0346414 -0.19129 0.108865 0.234286 0.966053 0.344048 0.31622 -0.384863 0.867113 0.400795 -0.930002 -0.306262 0.203222 -0.504304 0.187351 -0.87068 -0.45477 0.485867 
1534185124046 0.281755 0.924706 -0.255994 -0.596048 -0.953264 0.300116 0.0348944 -0.191317 0.109095 0.234199 0.966048 0.344061 0.31622 -0.384863 0.867113 0.400795 -0.930002 -0.306262 0.203222 -0.504304 0.187351 -0.87068 -0.45477 0.485867 
1534185124062 0.281699 0.924727 -0.255978 -0.596054 -0.953254 0.300119 0.0351472 -0.191344 0.109325 0.234111 0.966043 0.344074 0.31622 -0.384863 0.867113 0.400795 -0.930002 -0.306262 0.203222 -0.504304 0.187351 -0.87068 -0.45477 0.485867 
1534185124088 0.282092 0.924646 -0.255842 -0.596056 -0.953311 0.30012 0.0335514 -0.191148 0.107806 0.234432 0.966136 0.343893 0.31622 -0.384863 0.867113 0.400795 -0.930002 -0.306262 0.203222 -0.504304 0.187351 -0.87068 -0.45477 0.485867 
1534185124099 0.282125 0.92466 -0.255753 -0.59606 -0.953298 0.300155 0.033598 -0.191152 0.107832 0.23433 0.966158 0.343889 0.31622 -0.384863 0.867113 0.400795 -0.930002 -0.306262 0.203222 -0.504304 0.187351 -0.87068 -0.45477 0.485867 
1534185124116 0.282158 0.924675 -0.255663 -0.596068 -0.953285 0.300191 0.0336462 -0.191159 0.107859 0.234226 0.96618 0.343883 0.31622 -0.384863 0.867113 0.400795 -0.930002 -0.306262 0.203222 -0.504304 0.187351 -0.87068 -0.45477 0.485867 
1534185124122 0.282191 0.924689 -0.255573 -0.596075 -0.953273 0.300227 0.0336943 -0.191164 0.107887 0.234122 0.966202 0.343878 0.31622 -0.384863 0.867113 0.400795 -0.930002 -0.306262 0.203222 -0.504304 0.187351 -0.87068 -0.45477 0.485867 
1534185124136 0.282225 0.924704 -0.255483 -0.596083 -0.95326 0.300263 0.0337424 -0.191171 0.107914 0.234019 0.966224 0.343872 0.31622 -0.384863 0.867113 0.400795 -0.930002 -0.306262 0.203222 -0.504304 0.187351 -0.87068 -0.45477 0.485867 
1534185124153 0.282258 0.924719 -0.255394 -0.59609 -0.953247 0.300298 0.0337905 -0.191176 0.107941 0.233916 0.966246 0.343867 0.31622 -0.384863 0.867113 0.400795 -0.930002 -0.306262 0.203222 -0.504304 0.187351 -0.87068 -0.45477 0.485867 
1534185124169 0.282292 0.924733 -0.255304 -0.596099 -0.953234 0.300334 0.0338387 -0.191183 0.107968 0.233812 0.966269 0.343862 0.31622 -0.384863 0.867113 0.400795 -0.930002 -0.306262 0.203222 -0.504304 0.187351 -0.87068 -0.45477 0.485867 
1534185124186 0.282325 0.924748 -0.255214 -0.596106 -0.953221 0.30037 0.0338867 -0.191188 0.107995 0.233709 0.96629 0.343856 0.31622 -0.384863 0.867113 0.400795 -0.930002 -0.306262 0.203222 -0.504304 0.187351 -0.87068 -0.45477 0.485867 
1534185124203 0.282358 0.924762 -0.255125 -0.596113 -0.953208 0.300406 0.0339348 -0.191194 0.108023 0.233605 0.966312 0.343851 0.31622 -0.384863 0.867113 0.400795 -0.930002 -0.306262 0.203222 -0.504304 0.187351 -0.87068 -0.45477 0.485867 
1534185124219 0.282392 0.924777 -0.255035 -0.596122 -0.953195 0.300441 0.033983 -0.191201 0.10805 0.233501 0.966334 0.343845 0.31622 -0.384863 0.867113 0.400795 -0.930002 -0.306262 0.203222 -0.504304 0.187351 -0.87068 -0.45477 0.485867 
1534185124244 0.281736 0.924738 -0.255899 -0.596067 -0.953287 0.300057 0.0347765 -0.191262 0.108943 0.234147 0.966078 0.343999 0.31622 -0.384863 0.867113 0.400795 -0.930002 -0.306262 0.203222 -0.504304 0.187351 -0.87068 -0.45477 0.485867 
1534185124256 0.281849 0.924713 -0.255863 -0.596077 -0.953297 0.300072 0.0343743 -0.191237 0.108564 0.234225 0.966102 0.344005 0.31622 -0.384863 0.867113 0.400795 -0.930002 -0.306262 0.203222 -0.504304 0.187351 -0.87068 -0.45477 0.485867 
1534185124273 0.281963 0.924689 -0.255828 -0.596086 -0.953306 0.300088 0.0339728 -0.19121 0.108185 0.234303 0.966125 0.344011 0.31622 -0.384863 0.867113 0.400795 -0.930002 -0.306262 0.203222 -0.504304 0.187351 -0.87068 -0.45477 0.485867 
1534185124289 0.282077 0.924664 -0.255792 -0.596096 -0.953315 0.300104 0.0335714 -0.191185 0.107807 0.234381 0.966149 0.344018 0.31622 -0.384863 0.867113 0.400795 -0.930002 -0.306262 0.203222 -0.504304 0.187351 -0.87068 -0.45477 0.485867 
1534185124306 0.282191 0.924639 -0.255757 -0.596104 -0.953324 0.30012 0.0331698 -0.191157 0.107428 0.234459 0.966172 0.344025 0.31622 -0.384863 0.867113 0.400795 -0.930002 -0.306262 0.203222 -0.504304 0.187351 -0.87068 -0.45477 0.485867 
1534185124323 0.282305 0.924614 -0.255722 -0.596112 -0.953333 0.300137 0.0327682 -0.19113 0.107049 0.234537 0.966195 0.344032 0.31622 -0.384863 0.867113 0.400795 -0.930002 -0.306262 0.203222 -0.504304 0.187351 -0.87068 -0.45477 0.485867 
1534185124390 0.282419 0.924589 -0.255686 -0.596121 -0.953342 0.300152 0.0323667 -0.191104 0.106671 0.234615 0.966218 0.344038 0.31622 -0.384863 0.867113 0.400795 -0.930002 -0.306262 0.203222 -0.504304 0.187351 -0.87068 -0.45477 0.485867 
1534185124406 0.282533 0.924564 -0.255651 -0.596128 -0.95335 0.300169 0.0319651 -0.191077 0.106292 0.234693 0.966241 0.344046 0.31622 -0.384863 0.867113 0.400795 -0.930002 -0.306262 0.203222 -0.504304 0.187351 -0.87068 -0.45477 0.485867 
1534185124423 0.282647 0.924539 -0.255615 -0.596137 -0.953359 0.300184 0.0315636 -0.19105 0.105913 0.234771 0.966263 0.344052 0.31622 -0.384863 0.867113 0.400795 -0.930002 -0.306262 0.203222 -0.504304 0.187351 -0.87068 -0.45477 0.485867 
1534185124441 0.282761 0.924514 -0.255579 -0.596145 -0.953367 0.3002 0.0311621 -0.191024 0.105535 0.234849 0.966286 0.344059 0.31622 -0.384863 0.867113 0.400795 -0.930002 -0.306262 0.203222 -0.504304 0.187351 -0.87068 -0.45477 0.485867 
1534185124465 0.282132 0.924672 -0.255701 -0.596119 -0.953355 0.300033 0.0330872 -0.191135 0.107314 0.234439 0.96619 0.344097 0.31622 -0.384863 0.867113 0.400795 -0.930002 -0.306262 0.203222 -0.504304 0.187351 -0.87068 -0.45477 0.485867 
1534185124476 0.282178 0.924692 -0.255578 -0.596125 -0.953347 0.30006 0.0330615 -0.19113 0.10726 0.234325 0.966223 0.344077 0.31622 -0.384863 0.867113 0.400795 -0.930002 -0.306262 0.203222 -0.504304 0.187351 -0.87068 -0.45477 0.485867 
1534185124493 0.282224 0.924712 -0.255454 -0.596134 -0.953339 0.300088 0.0330359 -0.191126 0.107207 0.234211 0.966257 0.344056 0.31622 -0.384863 0.867113 0.400795 -0.930002 -0.306262 0.203222 -0.504304 0.187351 -0.87068 -0.45477 0.485867 
1534185124510 0.282271 0.924732 -0.25533 -0.596143 -0.953332 0.300115 0.0330104 -0.191123 0.107154 0.234096 0.96629 0.344035 0.31622 -0.384863 0.867113 0.400795 -0.930002 -0.306262 0.203222 -0.504304 0.187351 -0.87068 -0.45477 0.485867 
1534185124526 0.282317 0.924753 -0.255206 -0.596153 -0.953324 0.300142 0.0329849 -0.191119 0.107101 0.233981 0.966324 0.344013 0.31622 -0.384863 0.867113 0.400795 -0.930002 -0.306262 0.203222 -0.504304 0.187351 -0.87068 -0.45477 0.485867 
1534185124543 0.282363 0.924773 -0.255082 -0.596164 -0.953316 0.30017 0.0329594 -0.191116 0.107048 0.233867 0.966358 0.343992 0.31622 -0.384863 0.867113 0.400795 -0.930002 -0.306262 0.203222 -0.504304 0.187351 -0.87068 -0.45477 0.485867 
1534185124626 0.28241 0.924793 -0.254958 -0.596173 -0.953308 0.300197 0.0329338 -0.191112 0.106994 0.233752 0.966391 0.343971 0.31622 -0.384863 0.867113 0.400795 -0.930002 -0.306262 0.203222 -0.504304 0.187351 -0.87068 -0.45477 0.485867 
1534185124644 0.282456 0.924813 -0.254833 -0.596183 -0.953301 0.300224 0.0329083 -0.191109 0.106941 0.233638 0.966425 0.34395 0.31622 -0.384863 0.867113 0.400795 -0.930002 -0.306262 0.203222 -0.504304 0.187351 -0.87068 -0.45477 0.485867 
1534185124659 0.282502 0.924833 -0.254709 -0.596193 -0.953293 0.300252 0.0328828 -0.191105 0.106888 0.233523 0.966458 0.343928 0.31622 -0.384863 0.867113 0.400795 -0.930002 -0.306262 0.203222 -0.504304 0.187351 -0.87068 -0.45477 0.485867 
1534185124676 0.282548 0.924853 -0.254585 -0.596202 -0.953285 0.300279 0.0328572 -0.191102 0.106835 0.233409 0.966492 0.343907 0.31622 -0.384863 0.867113 0.400795 -0.930002 -0.306262 0.203222 -0.504304 0.187351 -0.87068 -0.45477 0.485867 
1534185124699 0.282468 0.924729 -0.255123 -0.596155 -0.953312 0.300215 0.0326787 -0.19117 0.106811 0.233981 0.966356 0.343969 0.31622 -0.384863 0.867113 0.400795 -0.930002 -0.306262 0.203222 -0.504304 0.187351 -0.87068 -0.45477 0.485867 
1534185124712 0.282522 0.924737 -0.255035 -0.596156 -0.953303 0.300248 0.0326268 -0.191161 0.106745 0.233908 0.966381 0.343955 0.31622 -0.384863 0.867113 0.400795 -0.930002 -0.306262 0.203222 -0.504304 0.187351 -0.87068 -0.45477 0.485867 
1534185124729 0.282576 0.924745 -0.254947 -0.59616 -0.953295 0.300281 0.032575 -0.191151 0.106679 0.233835 0.966406 0.343939 0.31622 -0.384863 0.867113 0.400795 -0.930002 -0.306262 0.203222 -0.504304 0.187351 -0.87068 -0.45477 0.485867 
1534185124746 0.282629 0.924753 -0.254859 -0.596165 -0.953286 0.300313 0.0325233 -0.191142 0.106613 0.233761 0.966431 0.343922 0.31622 -0.384863 0.867113 0.400795 -0.930002 -0.306262 0.203222 -0.504304 0.187351 -0.87068 -0.45477 0.485867 
1534185124762 0.282683 0.924761 -0.25477 -0.59617 -0.953278 0.300345 0.0324717 -0.191133 0.106548 0.233688 0.966456 0.343906 0.31622 -0.384863 0.867113 0.400795 -0.930002 -0.306262 0.203222 -0.504304 0.187351 -0.87068 -0.45477 0.485867 
1534185124779 0.282736 0.924769 -0.254682 -0.596176 -0.953269 0.300378 0.0324201 -0.191124 0.106482 0.233614 0.966481 0.343889 0.31622 -0.384863 0.867113 0.400795 -0.930002 -0.306262 0.203222 -0.504304 0.187351 -0.87068 -0.45477 0.485867 
1534185124796 0.282789 0.924777 -0.254594 -0.59618 -0.953261 0.30041 0.0323684 -0.191114 0.106416 0.233541 0.966506 0.343873 0.31622 -0.384863 0.867113 0.400795 -0.930002 -0.306262 0.203222 -0.504304 0.187351 -0.87068 -0.45477 0.485867 
1534185124812 0.282842 0.924785 -0.254505 -0.596186 -0.953252 0.300443 0.0323168 -0.191106 0.10635 0.233467 0.966531 0.343857 0.31622 -0.384863 0.867113 0.400795 -0.930002 -0.306262 0.203222 -0.504304 0.187351 -0.87068 -0.45477 0.485867 
1534185124829 0.282895 0.924793 -0.254417 -0.59619 -0.953244 0.300475 0.0322652 -0.191097 0.106285 0.233394 0.966556 0.343841 0.31622 -0.384863 0.867113 0.400795 -0.930002 -0.306262 0.203222 -0.504304 0.187351 -0.87068 -0.45477 0.485867 
1534185124846 0.282949 0.924801 -0.254329 -0.596195 -0.953235 0.300507 0.0322135 -0.191087 0.106219 0.23332 0.966581 0.343824 0.31622 -0.384863 0.867113 0.400795 -0.930002 -0.306262 0.203222 -0.504304 0.187351 -0.87068 -0.45477 0.485867 
1534185124872 0.282494 0.924846 -0.254668 -0.596198 -0.953297 0.300239 0.032881 -0.191097 0.106871 0.233486 0.966469 0.343931 0.31622 -0.384863 0.867113 0.400795 -0.930002 -0.306262 0.203222 -0.504304 0.187351 -0.87068 -0.45477 0.485867 
1534185124883 0.282564 0.924887 -0.254443 -0.596204 -0.95328 0.30029 0.032901 -0.191088 0.106837 0.233259 0.966528 0.343904 0.31622 -0.384863 0.867113 0.400795 -0.930002 -0.306262 0.203222 -0.504304 0.187351 -0.87068 -0.45477 0.485867 
1534185124899 0.282634 0.924928 -0.254218 -0.596212 -0.953263 0.300342 0.0329218 -0.191081 0.106802 0.233032 0.966587 0.343876 0.31622 -0.384863 0.867113 0.400795 -0.930002 -0.306262 0.203222 -0.504304 0.187351 -0.87068 -0.45477 0.485867 
1534185124916 0.282704 0.924968 -0.253992 -0.596221 -0.953246 0.300393 0.0329427 -0.191073 0.106768 0.232804 0.966645 0.343847 0.31622 -0.384863 0.867113 0.400795 -0.930002 -0.306262 0.203222 -0.504304 0.187351 -0.87068 -0.45477 0.485867 
1534185124922 0.282774 0.925009 -0.253766 -0.596231 -0.953229 0.300445 0.0329637 -0.191066 0.106734 0.232576 0.966704 0.343819 0.31622 -0.384863 0.867113 0.400795 -0.930002 -0.306262 0.203222 -0.504304 0.187351 -0.87068 -0.45477 0.485867 
1534185124936 0.282844 0.92505 -0.25354 -0.596241 -0.953213 0.300496 0.0329846 -0.19106 0.1067 0.232348 0.966762 0.343791 0.31622 -0.384863 0.867113 0.400795 -0.930002 -0.306262 0.203222 -0.504304 0.187351 -0.87068 -0.45477 0.485867 
1534185125016 0.282915 0.92509 -0.253314 -0.596249 -0.953196 0.300548 0.0330055 -0.191052 0.106666 0.23212 0.966821 0.343762 0.31622 -0.384863 0.867113 0.400795 -0.930002 -0.306262 0.203222 -0.504304 0.187351 -0.87068 -0.45477 0.485867 
1534185125032 0.282985 0.92513 -0.253088 -0.596259 -0.953179 0.300599 0.0330265 -0.191045 0.106632 0.231892 0.966879 0.343734 0.31622 -0.384863 0.867113 0.400795 -0.930002 -0.306262 0.203222 -0.504304 0.187351 -0.87068 -0.45477 0.485867 
1534185125049 0.283055 0.925171 -0.252862 -0.596268 -0.953162 0.300651 0.0330474 -0.191038 0.106598 0.231664 0.966938 0.343706 0.31622 -0.384863 0.867113 0.400795 -0.930002 -0.306262 0.203222 -0.504304 0.187351 -0.87068 -0.45477 0.485867 
1534185125066 0.283125 0.925211 -0.252636 -0.596277 -0.953145 0.300702 0.0330684 -0.19103 0.106563 0.231436 0.966996 0.343678 0.31622 -0.384863 0.867113 0.400795 -0.930002 -0.306262 0.203222 -0.504304 0.187351 -0.87068 -0.45477 0.485867 
1534185125087 0.283022 0.925017 -0.253461 -0.596192 -0.953175 0.300633 0.0328289 -0.191127 0.106566 0.232301 0.966788 0.343874 0.31622 -0.384863 0.867113 0.400795 -0.930002 -0.306262 0.203222 -0.504304 0.187351 -0.87068 -0.45477 0.485867 
1534185125099 0.283131 0.925009 -0.253367 -0.59619 -0.953168 0.300679 0.0326 -0.191109 0.106338 0.232271 0.966821 0.343849 0.31622 -0.384863 0.867113 0.400795 -0.930002 -0.306262 0.203222 -0.504304 0.187351 -0.87068 -0.45477 0.485867 
1534185125116 0.28324 0.925002 -0.253273 -0.596187 -0.953161 0.300726 0.0323711 -0.191089 0.106109 0.232241 0.966853 0.343823 0.31622 -0.384863 0.867113 0.400795 -0.930002 -0.306262 0.203222 -0.504304 0.187351 -0.87068 -0.45477 0.485867 
1534185125132 0.283349 0.924994 -0.253178 -0.596184 -0.953154 0.300773 0.0321424 -0.19107 0.105881 0.23221 0.966886 0.343798 0.31622 -0.384863 0.867113 0.400795 -0.930002 -0.306262 0.203222 -0.504304 0.187351 -0.87068 -0.45477 0.485867 
1534185125149 0.283458 0.924987 -0.253084 -0.596182 -0.953147 0.30082 0.0319137 -0.191051 0.105652 0.23218 0.966918 0.343772 0.31622 -0.384863 0.867113 0.400795 -0.930002 -0.306262 0.203222 -0.504304 0.187351 -0.87068 -0.45477 0.485867 
1534185125166 0.283568 0.924979 -0.252989 -0.596179 -0.95314 0.300867 0.0316847 -0.19103 0.105424 0.232149 0.96695 0.343747 0.31622 -0.384863 0.867113 0.400795 -0.930002 -0.306262 0.203222 -0.504304 0.187351 -0.87068 -0.45477 0.485867 
1534185125182 0.283677 0.924971 -0.252895 -0.596176 -0.953132 0.300914 0.0314559 -0.191011 0.105195 0.232119 0.966982 0.343721 0.31622 -0.384863 0.867113 0.400795 -0.930002 -0.306262 0.203222 -0.504304 0.187351 -0.87068 -0.45477 0.485867 
1534185125204 0.283786 0.924964 -0.2528 -0.596173 -0.953125 0.300961 0.0312272 -0.190992 0.104967 0.232088 0.967014 0.343696 0.31622 -0.384863 0.867113 0.400795 -0.930002 -0.306262 0.203222 -0.504304 0.187351 -0.87068 -0.45477 0.485867 
1534185125254 0.283895 0.924956 -0.252706 -0.59617 -0.953118 0.301007 0.0309984 -0.190972 0.104738 0.232058 0.967047 0.34367 0.31622 -0.384863 0.867113 0.400795 -0.930002 -0.306262 0.203222 -0.504304 0.187351 -0.87068 -0.45477 0.485867 
1534185125270 0.284004 0.924948 -0.252611 -0.596168 -0.95311 0.301054 0.0307697 -0.190953 0.10451 0.232028 0.967079 0.343645 0.31622 -0.384863 0.867113 0.400795 -0.930002 -0.306262 0.203222 -0.504304 0.187351 -0.87068 -0.45477 0.485867 
1534185125296 0.283565 0.925001 -0.252911 -0.59617 -0.953114 0.30092 0.0319554 -0.191023 0.105665 0.231991 0.966962 0.343718 0.31622 -0.384863 0.867113 0.400795 -0.930002 -0.306262 0.203222 -0.504304 0.187351 -0.87068 -0.45477 0.485867 
1534185125307 0.283449 0.924947 -0.25324 -0.59615 -0.953142 0.300834 0.0319395 -0.191024 0.105725 0.23232 0.966876 0.34372 0.31622 -0.384863 0.867113 0.400795 -0.930002 -0.306262 0.203222 -0.504304 0.187351 -0.87068 -0.45477 0.485867 
1534185125324 0.283334 0.924891 -0.25357 -0.596127 -0.953169 0.300749 0.0319239 -0.191023 0.105787 0.23265 0.96679 0.343724 0.31622 -0.384863 0.867113 0.400795 -0.930002 -0.306262 0.203222 -0.504304 0.187351 -0.87068 -0.45477 0.485867 
1534185125340 0.283219 0.924836 -0.2539 -0.596103 -0.953196 0.300664 0.0319085 -0.191022 0.105849 0.23298 0.966704 0.343727 0.31622 -0.384863 0.867113 0.400795 -0.930002 -0.306262 0.203222 -0.504304 0.187351 -0.87068 -0.45477 0.485867 
1534185125357 0.283104 0.92478 -0.25423 -0.596081 -0.953223 0.300579 0.0318931 -0.191022 0.105911 0.233309 0.966618 0.34373 0.31622 -0.384863 0.867113 0.400795 -0.930002 -0.306262 0.203222 -0.504304 0.187351 -0.87068 -0.45477 0.485867 
1534185125472 0.28299 0.924725 -0.254561 -0.596057 -0.953251 0.300495 0.0318776 -0.191021 0.105972 0.233639 0.966531 0.343734 0.31622 -0.384863 0.867113 0.400795 -0.930002 -0.306262 0.203222 -0.504304 0.187351 -0.87068 -0.45477 0.485867 
1534185125490 0.282875 0.924669 -0.254891 -0.596034 -0.953278 0.30041 0.0318623 -0.191021 0.106034 0.233969 0.966445 0.343737 0.31622 -0.384863 0.867113 0.400795 -0.930002 -0.306262 0.203222 -0.504304 0.187351 -0.87068 -0.45477 0.485867 
1534185125496 0.28276 0.924613 -0.255221 -0.596009 -0.953305 0.300325 0.0318469 -0.19102 0.106095 0.234298 0.966358 0.343741 0.31622 -0.384863 0.867113 0.400795 -0.930002 -0.306262 0.203222 -0.504304 0.187351 -0.87068 -0.45477 0.485867 
1534185125518 0.282645 0.924557 -0.255551 -0.595986 -0.953332 0.30024 0.0318316 -0.191019 0.106157 0.234628 0.966271 0.343744 0.31622 -0.384863 0.867113 0.400795 -0.930002 -0.306262 0.203222 -0.504304 0.187351 -0.87068 -0.45477 0.485867 
1534185125589 0.28253 0.924501 -0.255881 -0.595963 -0.95336 0.300155 0.0318163 -0.191019 0.106218 0.234958 0.966185 0.343747 0.31622 -0.384863 0.867113 0.400795 -0.930002 -0.306262 0.203222 -0.504304 0.187351 -0.87068 -0.45477 0.485867 
1534185125615 0.282822 0.924738 -0.2547 -0.596014 -0.953297 0.300345 0.0319092 -0.191027 0.106006 0.23378 0.966494 0.343779 0.31622 -0.384863 0.867113 0.400795 -0.930002 -0.306262 0.203222 -0.504304 0.187351 -0.87068 -0.45477 0.485867 
1534185125628 0.282792 0.9247 -0.254871 -0.596009 -0.95332 0.300291 0.0317322 -0.191021 0.105878 0.234 0.966454 0.343788 0.31622 -0.384863 0.867113 0.400795 -0.930002 -0.306262 0.203222 -0.504304 0.187351 -0.87068 -0.45477 0.485867 
1534185125644 0.282762 0.924662 -0.255043 -0.596002 -0.953343 0.300236 0.0315542 -0.191014 0.10575 0.234221 0.966415 0.343799 0.31622 -0.384863 0.867113 0.400795 -0.930002 -0.306262 0.203222 -0.504304 0.187351 -0.87068 -0.45477 0.485867 
1534185125661 0.282731 0.924623 -0.255215 -0.595994 -0.953366 0.300181 0.0313761 -0.191006 0.105622 0.234443 0.966375 0.343809 0.31622 -0.384863 0.867113 0.400795 -0.930002 -0.306262 0.203222 -0.504304 0.187351 -0.87068 -0.45477 0.485867 
1534185125678 0.282701 0.924585 -0.255387 -0.595985 -0.953389 0.300126 0.031198 -0.190998 0.105494 0.234664 0.966335 0.34382 0.31622 -0.384863 0.867113 0.400795 -0.930002 -0.306262 0.203222 -0.504304 0.187351 -0.87068 -0.45477 0.485867 
1534185125694 0.282671 0.924547 -0.25556 -0.595976 -0.953413 0.300071 0.03102 -0.19099 0.105365 0.234885 0.966296 0.34383 0.31622 -0.384863 0.867113 0.400795 -0.930002 -0.306262 0.203222 -0.504304 0.187351 -0.87068 -0.45477 0.485867 
1534185125711 0.28264 0.924508 -0.255732 -0.595969 -0.953436 0.300015 0.030842 -0.190983 0.105237 0.235106 0.966256 0.343841 0.31622 -0.384863 0.867113 0.400795 -0.930002 -0.306262 0.203222 -0.504304 0.187351 -0.87068 -0.45477 0.485867 
1534185125728 0.28261 0.92447 -0.255904 -0.59596 -0.953459 0.29996 0.0306639 -0.190975 0.105109 0.235328 0.966216 0.343852 0.31622 -0.384863 0.867113 0.400795 -0.930002 -0.306262 0.203222 -0.504304 0.187351 -0.87068 -0.45477 0.485867 
