1533060933601 0.275657 0.633204 -0.723233 -0.604483 -0.8825 0.464965 0.0707247 -0.181741 0.381061 0.618757 0.686973 0.426588 0.187196 -0.280752 0.941348 0.319889 -0.981207 -0.00778396 0.192801 -0.512027 -0.0468017 -0.959749 -0.276933 0.458271 
1533060933613 0.300885 -0.138768 0.94351 0.225257 -0.922898 -0.291628 0.25142 -0.486344 0.240265 -0.946412 -0.215815 0.468712 0.182488 -0.304877 0.934745 0.330022 -0.982682 -0.0254455 0.183547 -0.509302 -0.032174 -0.952052 -0.30424 0.463903 
1533060934326 0.242825 0.102786 0.964609 0.16152 -0.925174 -0.274468 0.262144 -0.435487 0.291699 -0.956087 0.0284473 0.461493 0.178138 -0.328855 0.927427 0.340145 -0.983852 -0.0428557 0.17378 -0.506548 -0.017403 -0.943407 -0.331179 0.469531 
1533060935014 0.185198 0.340052 0.92199 0.0634543 -0.926148 -0.25329 0.279452 -0.39584 0.328559 -0.905654 0.26803 0.437571 0.174158 -0.35267 0.919398 0.350268 -0.984714 -0.0599963 0.163517 -0.503792 -0.00250706 -0.933823 -0.357728 0.47516 
1533060935725 0.10875 0.566676 0.816732 -0.010048 -0.933954 -0.223137 0.279178 -0.393705 0.340446 -0.793151 0.504984 0.453534 0.170552 -0.376296 0.910667 0.360391 -0.985269 -0.0768497 0.152769 -0.501036 0.0124983 -0.923307 -0.38386 0.480788 
1533060936426 0.0372285 0.750403 0.659931 -0.0983865 -0.940161 -0.197521 0.277637 -0.379776 0.33869 -0.630778 0.698147 0.44936 0.167322 -0.399709 0.901241 0.370514 -0.985516 -0.0933984 0.141546 -0.49828 0.0275975 -0.911871 -0.409547 0.486416 
1533060937066 -0.0276973 0.888257 0.458512 -0.198398 -0.946596 -0.170708 0.273524 -0.355414 0.321231 -0.42645 0.845548 0.440019 0.164474 -0.422885 0.891132 0.380636 -0.985454 -0.109625 0.12986 -0.495523 0.042775 -0.899528 -0.434764 0.492045 
1533060937736 -0.0860491 0.970276 0.226186 -0.298192 -0.953826 -0.145805 0.262596 -0.330411 0.28777 -0.193146 0.938021 0.431334 0.162008 -0.445799 0.88035 0.390757 -0.985083 -0.125514 0.117722 -0.492762 0.0580157 -0.88629 -0.459483 0.497672 
1533060938450 -0.133997 0.990741 -0.0218345 -0.397711 -0.961333 -0.124607 0.245585 -0.305255 0.240591 0.0538978 0.969129 0.423196 0.159921 -0.468416 0.868914 0.400836 -0.984404 -0.14105 0.105139 -0.489955 0.0733111 -0.872176 -0.483667 0.503272 
1533060939180 -0.168042 0.948351 -0.269056 -0.493232 -0.968646 -0.108186 0.223654 -0.280336 0.182995 0.298204 0.936796 0.414799 0.158279 -0.490307 0.857057 0.410164 -0.983384 -0.156425 0.0921214 -0.486876 0.088897 -0.857397 -0.506919 0.508105 
1533060939919 -0.168042 0.948351 -0.269056 -0.493232 -0.968646 -0.108186 0.223654 -0.280336 0.182995 0.298204 0.936796 0.414799 0.158225 -0.490315 0.857063 0.410113 -0.983401 -0.156322 0.0921184 -0.4869 0.0888106 -0.857412 -0.50691 0.508057 
1533060939929 0.280754 -0.144149 0.948893 0.287766 -0.928413 -0.291474 0.230416 -0.485429 0.243364 -0.945655 -0.215663 0.482455 0.158127 -0.492373 0.8559 0.410915 -0.98326 -0.157989 0.0907702 -0.48652 0.0905296 -0.855925 -0.509113 0.508237 
1533060940508 0.230218 0.100587 0.967927 0.20189 -0.928641 -0.274625 0.249413 -0.456571 0.290905 -0.956276 0.0301858 0.473159 0.157982 -0.494614 0.854634 0.411985 -0.983142 -0.159478 0.0894401 -0.486249 0.0920566 -0.854356 -0.51147 0.508851 
1533060941011 0.170645 0.342906 0.92374 0.101623 -0.930795 -0.251472 0.265298 -0.431196 0.323267 -0.905084 0.276263 0.465823 0.157846 -0.496851 0.85336 0.413061 -0.983019 -0.160968 0.0881084 -0.485993 0.0935866 -0.852777 -0.513822 0.509464 
1533060941473 0.105023 0.564008 0.819064 0.00121044 -0.934666 -0.225325 0.275005 -0.405891 0.33966 -0.794433 0.503495 0.457313 0.157715 -0.499079 0.852083 0.41413 -0.982893 -0.162458 0.0867726 -0.485736 0.0951212 -0.851192 -0.516163 0.510066 
1533060941906 0.0375017 0.74959 0.66084 -0.0987905 -0.940025 -0.197903 0.277826 -0.380798 0.339037 -0.631625 0.697211 0.447833 0.157589 -0.5013 0.850802 0.415191 -0.982763 -0.163948 0.0854325 -0.485476 0.0966597 -0.8496 -0.518495 0.510659 
1533060942294 -0.0276228 0.888121 0.458779 -0.198536 -0.946572 -0.170761 0.273572 -0.355532 0.321307 -0.426711 0.845387 0.439595 0.157469 -0.503512 0.849517 0.416246 -0.982629 -0.165437 0.0840881 -0.485214 0.0982022 -0.848001 -0.520817 0.511243 
1533060942682 -0.0860291 0.970274 0.226203 -0.29823 -0.953825 -0.145793 0.262606 -0.330328 0.287779 -0.193166 0.938014 0.431354 0.157354 -0.505717 0.848228 0.417292 -0.982492 -0.166926 0.0827395 -0.484949 0.0997489 -0.846396 -0.523129 0.511816 
1533060942997 -0.134011 0.990739 -0.0218391 -0.39775 -0.961334 -0.12462 0.245575 -0.305195 0.240579 0.0539044 0.969132 0.423215 0.157245 -0.507911 0.846936 0.418327 -0.98235 -0.168417 0.0813861 -0.484679 0.101301 -0.844785 -0.525429 0.512375 
1533060943295 -0.168353 0.948258 -0.26919 -0.493437 -0.968609 -0.10847 0.223675 -0.280353 0.182902 0.298396 0.936753 0.414454 0.157137 -0.510078 0.845653 0.419321 -0.982204 -0.169915 0.0800213 -0.484381 0.102872 -0.843178 -0.527701 0.512894 
1533060943642 -0.168353 0.948258 -0.26919 -0.493437 -0.968609 -0.10847 0.223675 -0.280353 0.182902 0.298396 0.936753 0.414454 0.157223 -0.50997 0.845702 0.419345 -0.982196 -0.16991 0.0801397 -0.484343 0.102824 -0.843244 -0.527604 0.512932 
1533060943654 0.280859 -0.144209 0.948853 0.288043 -0.928369 -0.291562 0.230484 -0.483959 0.243412 -0.945619 -0.215767 0.481726 0.160168 -0.509031 0.845715 0.418923 -0.981938 -0.16959 0.0838917 -0.484139 0.100721 -0.843876 -0.527 0.512277 
1533060944213 0.230386 0.100465 0.967899 0.20149 -0.928601 -0.274647 0.249539 -0.456577 0.2909 -0.956282 0.0300166 0.473432 0.163007 -0.50843 0.845534 0.419008 -0.981718 -0.168945 0.0876725 -0.484103 0.0982734 -0.844368 -0.526674 0.512413 
1533060944677 0.170718 0.342842 0.92375 0.101414 -0.930775 -0.251486 0.265353 -0.431262 0.323285 -0.905105 0.276175 0.465959 0.165853 -0.50783 0.845341 0.419107 -0.981483 -0.168304 0.0914571 -0.484095 0.0958293 -0.844856 -0.526341 0.512553 
1533060945102 0.105056 0.563969 0.819086 0.00111886 -0.934655 -0.225339 0.275033 -0.40593 0.339682 -0.794457 0.503443 0.457344 0.168701 -0.507227 0.845139 0.419197 -0.981233 -0.167665 0.0952403 -0.484086 0.0933915 -0.845346 -0.525993 0.512681 
1533060945449 0.0375183 0.749587 0.660842 -0.0987624 -0.940026 -0.19789 0.277833 -0.380778 0.339034 -0.631632 0.697207 0.447783 0.17155 -0.506621 0.84493 0.41928 -0.980967 -0.167026 0.099022 -0.484074 0.0909585 -0.845836 -0.525632 0.512798 
1533060945788 -0.027607 0.888123 0.458776 -0.198487 -0.946571 -0.170749 0.273585 -0.355503 0.321313 -0.426711 0.845385 0.439569 0.1744 -0.506013 0.84471 0.419357 -0.980687 -0.166387 0.102802 -0.484061 0.0885297 -0.846325 -0.525258 0.512909 
1533060946102 -0.0860265 0.970274 0.226204 -0.298203 -0.953822 -0.145793 0.262619 -0.330305 0.287791 -0.193166 0.93801 0.431364 0.17725 -0.505404 0.844482 0.419429 -0.980392 -0.165748 0.10658 -0.484045 0.0861049 -0.846815 -0.524872 0.513012 
1533060946420 -0.134026 0.990737 -0.021839 -0.397753 -0.96133 -0.124634 0.245584 -0.305179 0.240587 0.053909 0.969129 0.423237 0.1801 -0.504793 0.844244 0.419495 -0.980082 -0.165108 0.110356 -0.484024 0.0836848 -0.847304 -0.524474 0.513107 
1533060946756 -0.168508 0.948228 -0.269201 -0.493507 -0.96858 -0.108605 0.223737 -0.280366 0.182917 0.298444 0.936735 0.414331 0.182935 -0.504182 0.844 0.419565 -0.979759 -0.164476 0.114107 -0.483954 0.0812875 -0.84779 -0.524065 0.513181 
1533060947059 -0.168508 0.948228 -0.269201 -0.493507 -0.96858 -0.108605 0.223737 -0.280366 0.182917 0.298444 0.936735 0.414331 0.182763 -0.504186 0.844034 0.419529 -0.979782 -0.164477 0.113906 -0.484005 0.0813941 -0.847787 -0.524053 0.51319 
1533060947072 0.280904 -0.144206 0.94884 0.288147 -0.928348 -0.291599 0.230519 -0.483441 0.243439 -0.945608 -0.215784 0.481312 0.180528 -0.50495 0.844059 0.419266 -0.980044 -0.164944 0.110936 -0.483906 0.0832052 -0.847242 -0.52465 0.512621 
1533060947624 0.230428 0.100432 0.967893 0.201403 -0.928592 -0.274648 0.24957 -0.456587 0.290894 -0.956286 0.0299738 0.473478 0.178189 -0.506021 0.843914 0.419471 -0.980345 -0.165111 0.107994 -0.483968 0.0846919 -0.84657 -0.525496 0.512789 
1533060948057 0.170727 0.342832 0.923752 0.101395 -0.930774 -0.251487 0.265358 -0.431273 0.323285 -0.905108 0.276164 0.465962 0.175858 -0.507093 0.84376 0.419691 -0.980636 -0.165278 0.105055 -0.484056 0.0861821 -0.845896 -0.526339 0.512963 
1533060948063 0.105066 0.563956 0.819094 0.00111094 -0.934651 -0.225344 0.275041 -0.405939 0.339689 -0.794464 0.503426 0.457331 0.173529 -0.508161 0.843599 0.419905 -0.980918 -0.165446 0.102116 -0.484145 0.0876783 -0.845222 -0.527174 0.513127 
1533060948462 0.0375282 0.749589 0.660839 -0.0987295 -0.940027 -0.197879 0.277837 -0.380762 0.339029 -0.631633 0.697208 0.447746 0.171202 -0.509226 0.843433 0.420114 -0.981192 -0.165612 0.0991758 -0.484232 0.0891795 -0.844548 -0.528001 0.513285 
1533060948874 -0.0276005 0.888124 0.458774 -0.198454 -0.946569 -0.170746 0.273594 -0.355486 0.32132 -0.42671 0.845383 0.439553 0.168876 -0.510287 0.84326 0.420318 -0.981457 -0.165776 0.0962346 -0.484318 0.0906853 -0.843875 -0.52882 0.513437 
1533060949170 -0.0860301 0.970273 0.226205 -0.298191 -0.953818 -0.145799 0.262629 -0.330295 0.287802 -0.193164 0.938007 0.431373 0.166551 -0.511346 0.843081 0.420517 -0.981713 -0.165939 0.0932924 -0.484403 0.0921956 -0.843202 -0.529632 0.513583 
1533060949453 -0.134034 0.990736 -0.0218384 -0.397759 -0.961327 -0.124642 0.24559 -0.305173 0.240593 0.0539113 0.969128 0.423252 0.164228 -0.512401 0.842896 0.420712 -0.981961 -0.166101 0.0903491 -0.484486 0.093711 -0.842529 -0.530437 0.513722 
1533060949741 -0.168562 0.948217 -0.269205 -0.49354 -0.968567 -0.10865 0.223769 -0.280383 0.182933 0.298462 0.936726 0.414253 0.161909 -0.513451 0.842706 0.420903 -0.982199 -0.166269 0.0874038 -0.484571 0.0952382 -0.841857 -0.531231 0.513851 
1533060950062 -0.168562 0.948217 -0.269205 -0.49354 -0.968567 -0.10865 0.223769 -0.280383 0.182933 0.298462 0.936726 0.414253 0.161812 -0.513398 0.842757 0.420847 -0.982213 -0.166229 0.087323 -0.484589 0.0952592 -0.841897 -0.531164 0.513893 
1533060950075 0.280953 -0.144226 0.948823 0.288128 -0.92833 -0.291629 0.230556 -0.483094 0.243452 -0.945596 -0.215823 0.481116 0.164466 -0.512947 0.842518 0.420463 -0.982037 -0.165237 0.0911011 -0.484398 0.0924849 -0.842367 -0.530909 0.513244 
1533060950586 0.230489 0.100383 0.967883 0.201256 -0.928577 -0.274659 0.249615 -0.456601 0.290895 -0.956288 0.0299078 0.473589 0.167012 -0.5128 0.842106 0.420535 -0.981893 -0.16395 0.0948983 -0.484354 0.0893995 -0.842708 -0.530897 0.513315 
1533060951033 0.170765 0.342797 0.923758 0.101291 -0.930763 -0.251497 0.265388 -0.43131 0.323296 -0.905119 0.276116 0.466031 0.169563 -0.512659 0.841683 0.420622 -0.981732 -0.162666 0.0986992 -0.484335 0.0863144 -0.843043 -0.530876 0.513394 
1533060951410 0.105095 0.563921 0.819114 0.00103747 -0.93464 -0.22536 0.275066 -0.40598 0.339711 -0.794485 0.503379 0.457359 0.172115 -0.512517 0.841251 0.420703 -0.981554 -0.161385 0.102499 -0.484317 0.0832323 -0.843375 -0.53084 0.513464 
1533060951745 0.0375279 0.749594 0.660833 -0.0987314 -0.940018 -0.197894 0.277857 -0.380768 0.339055 -0.631622 0.697205 0.447833 0.174666 -0.512375 0.840811 0.420779 -0.98136 -0.160104 0.106298 -0.484298 0.0801524 -0.843705 -0.530789 0.513529 
1533060952089 -0.0276014 0.888124 0.458774 -0.198436 -0.946564 -0.170752 0.273605 -0.355472 0.321332 -0.426708 0.84538 0.439552 0.177216 -0.512235 0.840363 0.420851 -0.981149 -0.158823 0.110096 -0.484278 0.0770742 -0.844032 -0.530725 0.513588 
1533060952415 -0.0860343 0.970272 0.226207 -0.298194 -0.953815 -0.145805 0.262635 -0.330288 0.28781 -0.193164 0.938005 0.431389 0.179765 -0.512096 0.839906 0.420918 -0.980922 -0.157543 0.113892 -0.484257 0.0739981 -0.844357 -0.530647 0.513642 
1533060952758 -0.134039 0.990735 -0.0218373 -0.39777 -0.961326 -0.124647 0.245592 -0.305169 0.240595 0.0539115 0.969127 0.423263 0.182314 -0.511957 0.839442 0.42098 -0.980679 -0.156265 0.117686 -0.48423 0.070925 -0.844679 -0.530554 0.513688 
1533060953065 -0.168584 0.948212 -0.269209 -0.493562 -0.968562 -0.108667 0.223785 -0.280397 0.182942 0.298472 0.936721 0.414184 0.184846 -0.511818 0.838972 0.421044 -0.980421 -0.154997 0.121455 -0.484151 0.067875 -0.844996 -0.530447 0.513711 
1533060953382 -0.168584 0.948212 -0.269209 -0.493562 -0.968562 -0.108667 0.223785 -0.280397 0.182942 0.298472 0.936721 0.414184 0.184775 -0.511893 0.838942 0.420996 -0.980435 -0.154959 0.121387 -0.484186 0.0678641 -0.844957 -0.530511 0.513664 
1533060953396 0.280998 -0.144242 0.948807 0.288097 -0.928314 -0.291654 0.23059 -0.48282 0.243463 -0.945586 -0.215856 0.480951 0.185006 -0.512183 0.838714 0.420553 -0.98055 -0.153113 0.122791 -0.483999 0.0655262 -0.845118 -0.530548 0.512891 
1533060953989 0.230541 0.100342 0.967875 0.201134 -0.928564 -0.274668 0.249652 -0.456615 0.290895 -0.956289 0.0298519 0.473683 0.185104 -0.512823 0.838301 0.42066 -0.98071 -0.150915 0.124228 -0.483991 0.0628055 -0.845125 -0.530866 0.512982 
1533060954466 0.170797 0.342768 0.923763 0.101204 -0.930753 -0.251505 0.265412 -0.431343 0.323306 -0.905127 0.276076 0.46609 0.185206 -0.513466 0.837885 0.420784 -0.980861 -0.148723 0.125671 -0.484013 0.0600849 -0.845124 -0.531183 0.513082 
1533060954898 0.105117 0.563893 0.819131 0.000973996 -0.934631 -0.225373 0.275086 -0.406016 0.339729 -0.794501 0.503341 0.457391 0.185309 -0.514104 0.837471 0.420903 -0.981004 -0.146534 0.127116 -0.484037 0.0573674 -0.845119 -0.531492 0.513173 
1533060955264 0.037532 0.749599 0.660828 -0.0987652 -0.940009 -0.197905 0.277879 -0.380786 0.339079 -0.631613 0.697202 0.447975 0.185411 -0.514739 0.837058 0.421015 -0.98114 -0.144348 0.128561 -0.48406 0.0546521 -0.845108 -0.531794 0.513256 
1533060955607 -0.0276042 0.888124 0.458774 -0.198421 -0.94656 -0.17076 0.273615 -0.355467 0.321344 -0.426704 0.845377 0.439557 0.185513 -0.515371 0.836647 0.421123 -0.981268 -0.142164 0.130008 -0.484082 0.0519386 -0.845093 -0.53209 0.513334 
1533060955871 -0.0860376 0.970272 0.226209 -0.298196 -0.953813 -0.14581 0.262641 -0.330284 0.287817 -0.193164 0.938003 0.431401 0.185613 -0.516 0.836237 0.421225 -0.981389 -0.139982 0.131455 -0.484102 0.0492273 -0.845073 -0.532379 0.513405 
1533060956162 -0.134042 0.990735 -0.0218363 -0.397779 -0.961325 -0.12465 0.245593 -0.305167 0.240596 0.0539115 0.969127 0.423273 0.185712 -0.516626 0.835828 0.42132 -0.981502 -0.137804 0.132903 -0.484117 0.0465193 -0.845049 -0.532661 0.513467 
1533060956459 -0.1686 0.948208 -0.269212 -0.493579 -0.968557 -0.108678 0.223798 -0.280408 0.18295 0.29848 0.936717 0.414128 0.185801 -0.517245 0.835426 0.421417 -0.981609 -0.135642 0.134331 -0.484092 0.0438373 -0.84502 -0.532935 0.513507 
1533060956795 -0.1686 0.948208 -0.269212 -0.493579 -0.968557 -0.108678 0.223798 -0.280408 0.18295 0.29848 0.936717 0.414128 0.185791 -0.517213 0.835447 0.421351 -0.981603 -0.135792 0.134227 -0.48413 0.0440228 -0.845015 -0.532927 0.513583 
1533060956809 0.281038 -0.144255 0.948793 0.288062 -0.928299 -0.291676 0.230621 -0.482603 0.243472 -0.945577 -0.215883 0.480813 0.185236 -0.516992 0.835707 0.420691 -0.981768 -0.134266 0.13455 -0.483946 0.0426462 -0.845394 -0.532437 0.512509 
1533060957407 0.230583 0.100308 0.967869 0.201036 -0.928554 -0.274675 0.249683 -0.456628 0.290895 -0.956291 0.0298056 0.47376 0.184488 -0.517225 0.835729 0.420764 -0.981989 -0.132268 0.134915 -0.483998 0.0407586 -0.845567 -0.532311 0.512584 
1533060957934 0.170823 0.342744 0.923767 0.101135 -0.930746 -0.251511 0.265431 -0.431369 0.323313 -0.905134 0.276044 0.466138 0.183748 -0.517458 0.835747 0.42086 -0.982205 -0.130275 0.135288 -0.484091 0.0388707 -0.845734 -0.532188 0.512672 
1533060958356 0.105134 0.563872 0.819143 0.000924664 -0.934624 -0.225382 0.275102 -0.406044 0.339743 -0.794513 0.503312 0.457415 0.183011 -0.517686 0.835768 0.420949 -0.982415 -0.128285 0.135661 -0.484185 0.0369868 -0.845899 -0.53206 0.51275 
1533060958731 0.0375375 0.749601 0.660824 -0.0987927 -0.940003 -0.197911 0.277895 -0.380799 0.339094 -0.631608 0.697199 0.448077 0.182275 -0.517907 0.835792 0.421032 -0.982621 -0.126298 0.136034 -0.484279 0.0351056 -0.846062 -0.531928 0.512819 
1533060958737 -0.0276058 0.888125 0.458773 -0.198407 -0.946557 -0.170766 0.273623 -0.355463 0.321354 -0.426701 0.845375 0.439558 0.18154 -0.518125 0.835817 0.421109 -0.982822 -0.124313 0.136407 -0.484371 0.0332266 -0.846223 -0.531792 0.512882 
1533060959075 -0.0860399 0.970271 0.22621 -0.298197 -0.953811 -0.145814 0.262646 -0.330283 0.287823 -0.193163 0.938001 0.431411 0.180805 -0.518338 0.835844 0.421181 -0.983019 -0.122329 0.13678 -0.484461 0.0313499 -0.846381 -0.531654 0.512937 
1533060959081 -0.134044 0.990735 -0.0218355 -0.397787 -0.961325 -0.124652 0.245595 -0.305166 0.240598 0.0539115 0.969127 0.423281 0.180071 -0.518545 0.835874 0.421247 -0.983212 -0.120348 0.137152 -0.484548 0.0294764 -0.846538 -0.531511 0.512985 
1533060959375 -0.168613 0.948205 -0.269215 -0.493591 -0.968554 -0.108687 0.223809 -0.280418 0.182957 0.298487 0.936714 0.414082 0.179331 -0.518748 0.835907 0.421319 -0.983401 -0.118385 0.137506 -0.484602 0.027628 -0.846691 -0.531367 0.513019 
1533060959789 -0.168613 0.948205 -0.269215 -0.493591 -0.968554 -0.108687 0.223809 -0.280418 0.182957 0.298487 0.936714 0.414082 0.179264 -0.518756 0.835917 0.421293 -0.983409 -0.118466 0.137376 -0.484633 0.0277629 -0.846675 -0.531386 0.513021 
1533060959802 0.281073 -0.144265 0.948781 0.288026 -0.928286 -0.291695 0.230648 -0.48243 0.24348 -0.94557 -0.215907 0.480699 0.179173 -0.518627 0.836016 0.420607 -0.983426 -0.118375 0.137331 -0.484456 0.0277397 -0.846766 -0.531241 0.511926 
1533060960407 0.230618 0.100279 0.967863 0.200955 -0.928545 -0.274681 0.249708 -0.456641 0.290895 -0.956292 0.0297669 0.473824 0.178861 -0.518986 0.83586 0.420721 -0.983499 -0.117761 0.137336 -0.484542 0.0271557 -0.846632 -0.531485 0.512096 
1533060960924 0.170843 0.342725 0.923771 0.101078 -0.93074 -0.251516 0.265447 -0.431392 0.323319 -0.90514 0.276018 0.466178 0.17856 -0.519348 0.8357 0.420861 -0.98357 -0.117152 0.13735 -0.484673 0.0265711 -0.846494 -0.531734 0.512283 
1533060961349 0.105148 0.563855 0.819153 0.000884864 -0.934619 -0.22539 0.275114 -0.406067 0.339753 -0.794523 0.50329 0.457434 0.17826 -0.519706 0.835541 0.420995 -0.98364 -0.116547 0.137365 -0.484806 0.0259903 -0.846359 -0.531979 0.512459 
1533060961708 0.0375424 0.749603 0.660822 -0.0988157 -0.939999 -0.197914 0.277907 -0.380811 0.339106 -0.631605 0.697196 0.448154 0.177962 -0.520059 0.835385 0.421122 -0.983709 -0.115944 0.13738 -0.484938 0.0254125 -0.846224 -0.532221 0.512628 
1533060962024 -0.0276063 0.888125 0.458771 -0.198396 -0.946554 -0.170769 0.27363 -0.355461 0.321361 -0.426698 0.845373 0.439558 0.177665 -0.52041 0.83523 0.421245 -0.983778 -0.115344 0.137395 -0.48507 0.024837 -0.846091 -0.53246 0.51279 
1533060962294 -0.0860414 0.970271 0.22621 -0.298197 -0.953809 -0.145816 0.262651 -0.330283 0.287827 -0.193162 0.938 0.431419 0.177369 -0.520757 0.835076 0.421362 -0.983845 -0.114746 0.137411 -0.4852 0.0242638 -0.845958 -0.532697 0.512946 
1533060962494 -0.134046 0.990735 -0.021835 -0.397792 -0.961324 -0.124654 0.245596 -0.305167 0.240599 0.0539117 0.969126 0.423288 0.177073 -0.521101 0.834925 0.421474 -0.983912 -0.11415 0.137426 -0.485326 0.0236939 -0.845827 -0.53293 0.513095 
1533060962745 -0.168622 0.948203 -0.269218 -0.4936 -0.968551 -0.108693 0.223819 -0.280426 0.182964 0.298492 0.936711 0.414045 0.176771 -0.52144 0.834777 0.42159 -0.98398 -0.11357 0.137425 -0.485418 0.023147 -0.845696 -0.533162 0.51323 
1533060963101 -0.168622 0.948203 -0.269218 -0.4936 -0.968551 -0.108693 0.223819 -0.280426 0.182964 0.298492 0.936711 0.414045 0.176695 -0.521426 0.834802 0.42159 -0.983994 -0.11352 0.137367 -0.485457 0.02314 -0.845711 -0.533138 0.51319 
1533060963114 0.281103 -0.144274 0.948771 0.287991 -0.928276 -0.29171 0.230672 -0.482293 0.243486 -0.945563 -0.215926 0.480606 0.176665 -0.519647 0.835917 0.420821 -0.983961 -0.114543 0.136747 -0.485222 0.0246887 -0.846668 -0.531548 0.511944 
1533060963678 0.230646 0.100255 0.967859 0.200889 -0.928538 -0.274687 0.249729 -0.456652 0.290895 -0.956293 0.029735 0.473877 0.176408 -0.518344 0.83678 0.420851 -0.983982 -0.11504 0.136179 -0.48525 0.0256756 -0.847399 -0.530335 0.511962 
1533060964130 0.17086 0.34271 0.923773 0.101032 -0.930736 -0.251521 0.265459 -0.43141 0.323323 -0.905145 0.275997 0.46621 0.176159 -0.517044 0.837636 0.420908 -0.984001 -0.115542 0.13562 -0.485323 0.0266604 -0.848125 -0.529125 0.511997 
1533060964137 0.105159 0.563841 0.819161 0.000852952 -0.934614 -0.225395 0.275124 -0.406085 0.339761 -0.794531 0.503272 0.45745 0.17591 -0.515739 0.838492 0.420959 -0.984018 -0.116048 0.135062 -0.485398 0.0276482 -0.84885 -0.52791 0.512023 
1533060964479 0.0375466 0.749604 0.66082 -0.0988347 -0.939995 -0.197917 0.277917 -0.38082 0.339115 -0.631603 0.697193 0.448214 0.175662 -0.51443 0.839348 0.421006 -0.984034 -0.116557 0.134506 -0.485474 0.0286378 -0.849574 -0.526691 0.512043 
1533060964485 -0.0276061 0.888126 0.45877 -0.198387 -0.946552 -0.170771 0.273635 -0.355459 0.321367 -0.426696 0.845372 0.439556 0.175413 -0.513117 0.840203 0.421049 -0.984049 -0.117068 0.13395 -0.485548 0.0296287 -0.850297 -0.525468 0.512059 
1533060964826 -0.0860423 0.970271 0.22621 -0.298197 -0.953808 -0.145818 0.262654 -0.330283 0.287831 -0.193162 0.937999 0.431424 0.175163 -0.511803 0.841056 0.421089 -0.984063 -0.117581 0.133395 -0.485622 0.0306206 -0.851019 -0.524242 0.512071 
1533060964833 -0.134047 0.990734 -0.0218346 -0.397796 -0.961323 -0.124655 0.245598 -0.305168 0.240601 0.0539118 0.969126 0.423293 0.174912 -0.510486 0.841909 0.421127 -0.984076 -0.118097 0.132841 -0.485695 0.0316135 -0.851738 -0.523013 0.51208 
1533060965123 -0.16863 0.948201 -0.269221 -0.493607 -0.968549 -0.108698 0.223827 -0.280433 0.182969 0.298497 0.936708 0.414016 0.174658 -0.509176 0.842754 0.421179 -0.984089 -0.11862 0.132281 -0.485759 0.0326132 -0.852449 -0.521792 0.512097 
1533060965514 -0.16863 0.948201 -0.269221 -0.493607 -0.968549 -0.108698 0.223827 -0.280433 0.182969 0.298497 0.936708 0.414016 0.174607 -0.509232 0.842731 0.42117 -0.984105 -0.118427 0.132337 -0.485761 0.0324118 -0.852443 -0.521815 0.512045 
1533060965527 0.281128 -0.144281 0.948762 0.287961 -0.928267 -0.291723 0.230692 -0.482185 0.243492 -0.945558 -0.215942 0.480531 0.174712 -0.508701 0.84303 0.420792 -0.984069 -0.118835 0.132234 -0.48568 0.0329138 -0.852703 -0.521359 0.511345 
1533060965534 0.230669 0.100236 0.967856 0.200836 -0.928532 -0.274691 0.249746 -0.456661 0.290895 -0.956294 0.0297091 0.47392 0.174689 -0.508463 0.843178 0.420897 -0.984068 -0.118916 0.132168 -0.48577 0.033065 -0.852833 -0.521136 0.511428 
1533060965983 0.170874 0.342697 0.923775 0.100996 -0.930732 -0.251524 0.26547 -0.431425 0.323327 -0.905149 0.27598 0.466237 0.174672 -0.508229 0.843323 0.421018 -0.984066 -0.119 0.132107 -0.485889 0.033215 -0.852961 -0.520917 0.511523 
1533060966447 0.105168 0.563831 0.819167 0.000827725 -0.934611 -0.2254 0.275131 -0.406099 0.339767 -0.794537 0.503258 0.457463 0.174655 -0.507992 0.843469 0.421137 -0.984064 -0.119086 0.132047 -0.48601 0.0333667 -0.85309 -0.520696 0.511612 
1533060966776 0.0375492 0.749605 0.660819 -0.0988506 -0.939993 -0.197919 0.277924 -0.380829 0.339122 -0.631601 0.697192 0.448262 0.17464 -0.507754 0.843616 0.421253 -0.984062 -0.119173 0.131986 -0.48613 0.0335199 -0.85322 -0.520473 0.511699 
1533060966977 -0.0276066 0.888128 0.458766 -0.198398 -0.946548 -0.170776 0.273647 -0.355468 0.32138 -0.42669 0.84537 0.439604 0.174624 -0.507514 0.843763 0.421367 -0.984059 -0.119261 0.131926 -0.48625 0.0336741 -0.85335 -0.52025 0.511782 
1533060967205 -0.0860431 0.970271 0.22621 -0.298197 -0.953807 -0.145819 0.262657 -0.330284 0.287835 -0.193161 0.937998 0.431428 0.17461 -0.507273 0.843911 0.421479 -0.984056 -0.11935 0.131865 -0.486369 0.0338294 -0.853481 -0.520025 0.511862 
1533060967532 -0.134048 0.990734 -0.0218344 -0.397799 -0.961323 -0.124656 0.245599 -0.305169 0.240602 0.0539121 0.969125 0.423297 0.174595 -0.507031 0.84406 0.421589 -0.984054 -0.119441 0.131805 -0.486486 0.0339859 -0.853612 -0.519799 0.51194 
1533060967751 -0.168635 0.948199 -0.269223 -0.493612 -0.968547 -0.108701 0.223833 -0.280438 0.182974 0.298501 0.936706 0.413993 0.174577 -0.50679 0.844208 0.421701 -0.984051 -0.119536 0.131737 -0.486585 0.03415 -0.853742 -0.519576 0.512014 
1533060968054 -0.168635 0.948199 -0.269223 -0.493612 -0.968547 -0.108701 0.223833 -0.280438 0.182974 0.298501 0.936706 0.413993 0.174528 -0.506799 0.844213 0.421676 -0.98406 -0.119496 0.131704 -0.486628 0.0341326 -0.853742 -0.519576 0.512034 
1533060968067 0.281148 -0.144286 0.948756 0.287935 -0.928259 -0.291734 0.230708 -0.482102 0.243496 -0.945554 -0.215955 0.480471 0.174586 -0.505663 0.844881 0.421298 -0.984048 -0.119406 0.131879 -0.486571 0.0341975 -0.854428 -0.518444 0.511294 
1533060968481 0.230687 0.10022 0.967853 0.200795 -0.928528 -0.274694 0.249759 -0.456669 0.290895 -0.956294 0.029689 0.473953 0.174534 -0.504777 0.845422 0.421335 -0.984065 -0.119033 0.132085 -0.486666 0.0339601 -0.855004 -0.517509 0.511227 
1533060968488 0.170884 0.342688 0.923777 0.100969 -0.930729 -0.251526 0.265477 -0.431436 0.32333 -0.905152 0.275968 0.466257 0.174487 -0.503893 0.845959 0.421386 -0.984082 -0.118663 0.132295 -0.486785 0.0337214 -0.855577 -0.516577 0.511171 
1533060968818 0.105173 0.563824 0.819171 0.00081079 -0.934609 -0.225402 0.275136 -0.406108 0.339771 -0.794541 0.503249 0.457472 0.174441 -0.503006 0.846496 0.421436 -0.984098 -0.118293 0.132505 -0.486905 0.0334841 -0.856149 -0.515643 0.511111 
1533060969167 0.0375506 0.749605 0.660819 -0.0988606 -0.939991 -0.197921 0.277927 -0.380835 0.339125 -0.631601 0.697191 0.44829 0.174396 -0.502118 0.847032 0.421483 -0.984114 -0.117925 0.132714 -0.487025 0.0332478 -0.856721 -0.514707 0.511049 
1533060969397 -0.0276049 0.888129 0.458764 -0.198414 -0.946545 -0.170778 0.273656 -0.355475 0.321389 -0.426687 0.845368 0.439649 0.174352 -0.501228 0.847568 0.421529 -0.98413 -0.117557 0.132924 -0.487145 0.0330122 -0.857293 -0.513769 0.510984 
1533060969627 -0.0860438 0.970271 0.226209 -0.298195 -0.953806 -0.14582 0.262661 -0.330286 0.287838 -0.19316 0.937997 0.431432 0.174308 -0.500336 0.848104 0.421573 -0.984146 -0.117189 0.133133 -0.487265 0.0327773 -0.857864 -0.512831 0.510917 
1533060969839 -0.134049 0.990734 -0.0218346 -0.3978 -0.961322 -0.124657 0.245601 -0.305171 0.240604 0.0539128 0.969125 0.4233 0.174264 -0.499444 0.848639 0.421616 -0.984161 -0.116822 0.133341 -0.487384 0.0325431 -0.858434 -0.511891 0.510849 
1533060970072 -0.16864 0.948197 -0.269226 -0.493615 -0.968545 -0.108704 0.223839 -0.280444 0.182978 0.298505 0.936704 0.413976 0.174219 -0.498557 0.84917 0.421664 -0.984177 -0.116457 0.133544 -0.487487 0.0323131 -0.858999 -0.510957 0.510785 
1533060970326 -0.16864 0.948197 -0.269226 -0.493615 -0.968545 -0.108704 0.223839 -0.280444 0.182978 0.298505 0.936704 0.413976 0.174107 -0.498631 0.849149 0.421618 -0.9842 -0.116306 0.133501 -0.487496 0.0321937 -0.858976 -0.511002 0.510769 
1533060970339 0.28115 -0.144278 0.948756 0.287952 -0.928257 -0.291738 0.23071 -0.482045 0.243502 -0.945554 -0.215949 0.480419 0.174722 -0.499192 0.848693 0.421462 -0.984064 -0.117447 0.133509 -0.487455 0.0330301 -0.858495 -0.511757 0.510479 
1533060970739 0.230701 0.100209 0.967851 0.200765 -0.928524 -0.274697 0.249768 -0.456674 0.290894 -0.956295 0.0296741 0.473978 0.175261 -0.49993 0.848147 0.421599 -0.983947 -0.118386 0.133541 -0.487529 0.0336473 -0.857936 -0.512653 0.510675 
1533060971070 0.170891 0.342681 0.923778 0.100949 -0.930727 -0.251528 0.265482 -0.431444 0.323332 -0.905154 0.275959 0.466272 0.175804 -0.500671 0.847598 0.421748 -0.983829 -0.119325 0.133575 -0.48762 0.0342628 -0.857374 -0.513552 0.510878 
1533060971350 0.105177 0.56382 0.819173 0.000798993 -0.934608 -0.225404 0.275139 -0.406114 0.339774 -0.794544 0.503243 0.457479 0.176348 -0.501409 0.847048 0.421895 -0.98371 -0.120266 0.133609 -0.487713 0.0348785 -0.856811 -0.514449 0.511078 
1533060971618 0.0375517 0.749606 0.660819 -0.0988673 -0.939991 -0.197921 0.27793 -0.380838 0.339128 -0.6316 0.69719 0.448308 0.176893 -0.502145 0.846498 0.422041 -0.98359 -0.121207 0.133641 -0.487806 0.0354945 -0.856247 -0.515345 0.511277 
1533060971857 -0.0276035 0.88813 0.458763 -0.198424 -0.946543 -0.170779 0.273662 -0.355479 0.321395 -0.426685 0.845367 0.439676 0.177439 -0.502879 0.845948 0.422186 -0.983469 -0.122149 0.133672 -0.487898 0.0361105 -0.855682 -0.51624 0.511474 
1533060972092 -0.086044 0.970271 0.226209 -0.298194 -0.953805 -0.145821 0.262663 -0.330288 0.28784 -0.193159 0.937997 0.431434 0.177986 -0.503611 0.845397 0.422329 -0.983347 -0.123091 0.133703 -0.48799 0.0367266 -0.855116 -0.517134 0.511669 
1533060972322 -0.13405 0.990734 -0.0218348 -0.397801 -0.961322 -0.124658 0.245603 -0.305172 0.240605 0.0539133 0.969125 0.423302 0.178534 -0.504342 0.844846 0.42247 -0.983225 -0.124034 0.133732 -0.48808 0.037343 -0.854549 -0.518026 0.511862 
1533060972686 -0.168644 0.948196 -0.269228 -0.493617 -0.968544 -0.108705 0.223844 -0.280449 0.182981 0.298509 0.936702 0.413964 0.179077 -0.505068 0.844297 0.422606 -0.983102 -0.12498 0.133754 -0.488151 0.037965 -0.853983 -0.518914 0.512043 
1533060972949 -0.168644 0.948196 -0.269228 -0.493617 -0.968544 -0.108705 0.223844 -0.280449 0.182981 0.298509 0.936702 0.413964 0.179124 -0.505098 0.84427 0.42267 -0.983097 -0.124944 0.133828 -0.488129 0.0378906 -0.85397 -0.51894 0.511999 
1533060972963 0.281149 -0.144271 0.948758 0.287968 -0.928256 -0.291741 0.230711 -0.482006 0.243507 -0.945554 -0.215943 0.480382 0.179314 -0.505281 0.84412 0.422407 -0.983055 -0.125237 0.133862 -0.488075 0.0380772 -0.853819 -0.519175 0.511578 
1533060973355 0.23071 0.100201 0.967849 0.200743 -0.928522 -0.274698 0.249775 -0.456679 0.290894 -0.956295 0.029663 0.473997 0.179421 -0.505654 0.843873 0.422465 -0.983037 -0.125312 0.133921 -0.48814 0.0380297 -0.853587 -0.51956 0.511675 
1533060973711 0.170896 0.342677 0.923779 0.100934 -0.930726 -0.251529 0.265486 -0.43145 0.323333 -0.905155 0.275952 0.466283 0.17953 -0.50603 0.843625 0.422534 -0.983019 -0.125388 0.133983 -0.488224 0.037981 -0.853353 -0.519948 0.511782 
1533060974148 0.105179 0.563817 0.819175 0.000790441 -0.934607 -0.225405 0.275141 -0.406118 0.339776 -0.794546 0.503239 0.457484 0.179641 -0.506405 0.843376 0.422602 -0.983001 -0.125466 0.134046 -0.488309 0.0379333 -0.853119 -0.520335 0.511885 
1533060974398 0.0375524 0.749606 0.660819 -0.0988721 -0.93999 -0.197922 0.277931 -0.380841 0.339129 -0.6316 0.697189 0.44832 0.179752 -0.506778 0.843128 0.422668 -0.982982 -0.125544 0.134108 -0.488394 0.0378864 -0.852886 -0.52072 0.511986 
1533060974651 -0.0276025 0.88813 0.458763 -0.198431 -0.946542 -0.17078 0.273667 -0.355482 0.321399 -0.426684 0.845366 0.439695 0.179863 -0.50715 0.842881 0.422733 -0.982964 -0.125622 0.134171 -0.488479 0.0378401 -0.852653 -0.521105 0.512086 
1533060974855 -0.0860442 0.970271 0.226209 -0.298193 -0.953805 -0.145821 0.262665 -0.330289 0.287842 -0.193158 0.937996 0.431435 0.179975 -0.507522 0.842633 0.422797 -0.982945 -0.125702 0.134233 -0.488564 0.0377945 -0.85242 -0.521489 0.512183 
1533060975072 -0.13405 0.990734 -0.021835 -0.397802 -0.961322 -0.124658 0.245604 -0.305174 0.240606 0.0539137 0.969124 0.423303 0.180087 -0.507892 0.842386 0.422858 -0.982926 -0.125782 0.134295 -0.488647 0.0377498 -0.852188 -0.521872 0.512279 
1533060975280 -0.168646 0.948195 -0.269229 -0.493619 -0.968543 -0.108706 0.223847 -0.280453 0.182983 0.298511 0.936701 0.413955 0.180195 -0.508262 0.84214 0.422919 -0.982908 -0.125866 0.134351 -0.488714 0.0377112 -0.851955 -0.522255 0.512366 
1533060975514 -0.168646 0.948195 -0.269229 -0.493619 -0.968543 -0.108706 0.223847 -0.280453 0.182983 0.298511 0.936701 0.413955 0.180123 -0.50826 0.842157 0.42292 -0.982922 -0.125798 0.134308 -0.488735 0.0376785 -0.851967 -0.522239 0.512325 
1533060975528 0.281149 -0.144266 0.948759 0.287981 -0.928255 -0.291744 0.230711 -0.481978 0.243511 -0.945554 -0.215939 0.480357 0.180565 -0.507988 0.842226 0.422619 -0.982819 -0.12648 0.134421 -0.488677 0.0382404 -0.852028 -0.522098 0.511867 
1533060975939 0.230718 0.100195 0.967848 0.200726 -0.92852 -0.2747 0.24978 -0.456683 0.290894 -0.956295 0.0296547 0.474011 0.180917 -0.507918 0.842193 0.422662 -0.982742 -0.126929 0.134559 -0.488745 0.0385536 -0.852003 -0.522116 0.511959 
1533060976267 0.1709 0.342673 0.923779 0.100923 -0.930725 -0.25153 0.265489 -0.431455 0.323334 -0.905156 0.275948 0.466291 0.181272 -0.50785 0.842157 0.422717 -0.982665 -0.12738 0.134701 -0.488832 0.0388656 -0.851976 -0.522137 0.51206 
1533060976535 0.105181 0.563815 0.819176 0.000784173 -0.934606 -0.225406 0.275143 -0.406122 0.339777 -0.794547 0.503236 0.457487 0.181628 -0.507781 0.842122 0.42277 -0.982587 -0.127831 0.134844 -0.488922 0.0391785 -0.851949 -0.522156 0.512158 
1533060976784 0.0375529 0.749606 0.660819 -0.0988756 -0.93999 -0.197922 0.277932 -0.380843 0.33913 -0.6316 0.697189 0.448329 0.181984 -0.50771 0.842088 0.422822 -0.982508 -0.128284 0.134986 -0.489011 0.0394923 -0.851923 -0.522175 0.512254 
1533060976791 -0.0276017 0.88813 0.458762 -0.198437 -0.946541 -0.170781 0.273669 -0.355485 0.321402 -0.426683 0.845365 0.439709 0.182341 -0.507639 0.842054 0.422872 -0.982429 -0.128737 0.135128 -0.4891 0.0398067 -0.851898 -0.522193 0.512349 
1533060976991 -0.0860442 0.970271 0.226208 -0.298193 -0.953804 -0.145822 0.262666 -0.33029 0.287843 -0.193158 0.937996 0.431435 0.182698 -0.507567 0.84202 0.422922 -0.98235 -0.12919 0.135271 -0.489189 0.0401217 -0.851872 -0.522211 0.512441 
1533060977202 -0.134051 0.990734 -0.0218351 -0.397802 -0.961321 -0.124658 0.245604 -0.305175 0.240607 0.053914 0.969124 0.423304 0.183055 -0.507494 0.841986 0.42297 -0.982271 -0.129644 0.135413 -0.489276 0.0404375 -0.851847 -0.522228 0.512533 
1533060977473 -0.168648 0.948195 -0.26923 -0.49362 -0.968542 -0.108707 0.223849 -0.280456 0.182985 0.298513 0.9367 0.413949 0.183408 -0.507422 0.841953 0.423019 -0.982192 -0.130101 0.135549 -0.489348 0.0407578 -0.85182 -0.522247 0.51262 
1533060977828 -0.168648 0.948195 -0.26923 -0.49362 -0.968542 -0.108707 0.223849 -0.280456 0.182985 0.298513 0.9367 0.413949 0.183311 -0.507468 0.841946 0.423012 -0.982207 -0.130113 0.135426 -0.489404 0.040824 -0.851791 -0.522289 0.512581 
1533060977841 0.281148 -0.144262 0.948759 0.28799 -0.928255 -0.291746 0.230711 -0.481959 0.243513 -0.945554 -0.215936 0.480339 0.183565 -0.506062 0.842737 0.422678 -0.982122 -0.130808 0.135376 -0.489336 0.041728 -0.85252 -0.521026 0.512052 
1533060978216 0.230723 0.10019 0.967848 0.200715 -0.928519 -0.274701 0.249784 -0.456685 0.290894 -0.956296 0.0296487 0.474021 0.183743 -0.504822 0.843441 0.422629 -0.982058 -0.131309 0.135348 -0.489373 0.042425 -0.853178 -0.519892 0.511979 
1533060978573 0.170903 0.34267 0.92378 0.100916 -0.930724 -0.251531 0.265491 -0.431458 0.323335 -0.905157 0.275944 0.466296 0.183923 -0.503583 0.844143 0.42259 -0.981994 -0.131812 0.135324 -0.489428 0.043121 -0.853833 -0.518759 0.511914 
1533060978819 0.105183 0.563813 0.819177 0.000779663 -0.934606 -0.225407 0.275144 -0.406124 0.339778 -0.794548 0.503234 0.45749 0.184102 -0.502342 0.844843 0.422551 -0.98193 -0.132315 0.135301 -0.489484 0.0438181 -0.854486 -0.517624 0.511847 
1533060979052 0.0375533 0.749606 0.660819 -0.0988781 -0.939989 -0.197922 0.277933 -0.380844 0.339131 -0.6316 0.697189 0.448335 0.184282 -0.501099 0.845541 0.42251 -0.981865 -0.132819 0.135279 -0.489539 0.0445159 -0.855137 -0.516487 0.511778 
1533060979327 -0.0276012 0.88813 0.458762 -0.198441 -0.94654 -0.170781 0.273672 -0.355486 0.321404 -0.426683 0.845365 0.439719 0.18446 -0.499854 0.846239 0.422469 -0.981799 -0.133323 0.135258 -0.489595 0.0452142 -0.855786 -0.51535 0.511709 
1533060979571 -0.0860443 0.970271 0.226208 -0.298193 -0.953804 -0.145822 0.262667 -0.33029 0.287844 -0.193157 0.937996 0.431436 0.184637 -0.498609 0.846935 0.422427 -0.981734 -0.133828 0.135237 -0.489651 0.0459129 -0.856434 -0.514211 0.511639 
1533060979796 -0.134051 0.990734 -0.0218352 -0.397802 -0.961321 -0.124658 0.245605 -0.305175 0.240607 0.0539143 0.969124 0.423305 0.184814 -0.497362 0.847629 0.422386 -0.981668 -0.134332 0.135217 -0.489707 0.0466119 -0.85708 -0.513071 0.51157 
1533060980026 -0.168649 0.948194 -0.269231 -0.49362 -0.968542 -0.108708 0.22385 -0.280457 0.182986 0.298514 0.936699 0.413945 0.184989 -0.496122 0.848317 0.422351 -0.981601 -0.134837 0.135197 -0.489761 0.0473098 -0.857719 -0.511937 0.51151 
1533060980253 -0.168649 0.948194 -0.269231 -0.49362 -0.968542 -0.108708 0.22385 -0.280457 0.182986 0.298514 0.936699 0.413945 0.185 -0.496108 0.848323 0.422393 -0.981601 -0.134808 0.135228 -0.489731 0.0472736 -0.857732 -0.511919 0.511522 
1533060980351 0.281148 -0.14426 0.94876 0.287996 -0.928254 -0.291747 0.230711 -0.481945 0.243515 -0.945554 -0.215934 0.480326 0.185514 -0.496771 0.847823 0.422409 -0.9815 -0.135254 0.135514 -0.489764 0.0473523 -0.857278 -0.512672 0.511542 
1533060980586 0.230727 0.100187 0.967847 0.200707 -0.928518 -0.274701 0.249787 -0.456687 0.290894 -0.956296 0.0296444 0.474028 0.186013 -0.49747 0.847303 0.422487 -0.981404 -0.135657 0.135805 -0.489821 0.0473838 -0.856808 -0.513454 0.511664 
1533060980818 0.170905 0.342669 0.92378 0.10091 -0.930723 -0.251531 0.265493 -0.43146 0.323335 -0.905158 0.275942 0.466301 0.186511 -0.49817 0.846782 0.422568 -0.981308 -0.13606 0.136096 -0.489881 0.0474145 -0.856338 -0.514235 0.511787 
1533060981063 0.105184 0.563812 0.819178 0.000776435 -0.934605 -0.225407 0.275145 -0.406126 0.339779 -0.794549 0.503232 0.457491 0.187011 -0.498868 0.846261 0.422648 -0.981211 -0.136464 0.136387 -0.489943 0.0474449 -0.855867 -0.515015 0.511909 
1533060981270 0.0375536 0.749606 0.660818 -0.0988799 -0.939989 -0.197923 0.277934 -0.380845 0.339132 -0.6316 0.697188 0.44834 0.18751 -0.499566 0.845739 0.422728 -0.981115 -0.136868 0.136678 -0.490004 0.047475 -0.855395 -0.515796 0.512032 
1533060981482 -0.0276008 0.888131 0.458762 -0.198444 -0.946539 -0.170781 0.273673 -0.355487 0.321405 -0.426682 0.845364 0.439726 0.188009 -0.500263 0.845216 0.422807 -0.981018 -0.137273 0.136968 -0.490065 0.0475048 -0.854923 -0.516575 0.512153 
1533060981731 -0.0860443 0.970271 0.226208 -0.298192 -0.953804 -0.145822 0.262667 -0.330291 0.287844 -0.193157 0.937996 0.431436 0.188509 -0.500959 0.844692 0.422886 -0.98092 -0.137678 0.137258 -0.490126 0.0475344 -0.85445 -0.517354 0.512275 
1533060981920 -0.134051 0.990734 -0.0218353 -0.397802 -0.961321 -0.124659 0.245605 -0.305176 0.240608 0.0539144 0.969124 0.423306 0.189008 -0.501654 0.844168 0.422964 -0.980823 -0.138083 0.137548 -0.490186 0.0475639 -0.853977 -0.518132 0.512395 
1533060981927 -0.16865 0.948194 -0.269232 -0.493621 -0.968542 -0.108708 0.223852 -0.280459 0.182987 0.298515 0.936699 0.413942 0.189504 -0.502345 0.843646 0.423037 -0.980726 -0.138489 0.137833 -0.490232 0.0475964 -0.853505 -0.518907 0.512505 
1533060982119 -0.16865 0.948194 -0.269232 -0.493621 -0.968542 -0.108708 0.223852 -0.280459 0.182987 0.298515 0.936699 0.413942 0.18897 -0.501666 0.844169 0.422957 -0.98083 -0.138069 0.137512 -0.490206 0.0475682 -0.853972 -0.51814 0.512339 
1533060982135 0.281148 -0.144258 0.94876 0.288001 -0.928254 -0.291748 0.230711 -0.481935 0.243517 -0.945554 -0.215932 0.480317 0.188688 -0.50153 0.844313 0.422802 -0.98094 -0.136879 0.137914 -0.490239 0.0464013 -0.854243 -0.517799 0.512063 
1533060982424 0.230729 0.100185 0.967847 0.200701 -0.928517 -0.274702 0.249789 -0.456689 0.290894 -0.956296 0.0296413 0.474033 0.188372 -0.501469 0.84442 0.422775 -0.98106 -0.135604 0.138324 -0.49032 0.0451414 -0.854483 -0.517515 0.511991 
1533060982675 0.170907 0.342667 0.92378 0.100906 -0.930723 -0.251531 0.265494 -0.431462 0.323336 -0.905158 0.27594 0.466304 0.188059 -0.501407 0.844526 0.422752 -0.981177 -0.134328 0.138735 -0.490409 0.0438808 -0.85472 -0.517231 0.511923 
1533060982894 0.105184 0.563811 0.819179 0.000774167 -0.934605 -0.225408 0.275145 -0.406127 0.339779 -0.794549 0.503231 0.457493 0.187745 -0.501345 0.844633 0.422729 -0.981293 -0.133053 0.139146 -0.490499 0.0426204 -0.854956 -0.516947 0.511853 
