1533560656456 0.12133 0.946829 -0.297984 -0.587172 -0.955622 0.19261 0.222908 -0.22628 0.26845 0.257715 0.92818 0.371165 1 0 0 0 0 1 0 0 0 0 1 1.306 
1533560656467 0.11854 0.946819 -0.299136 -0.588921 -0.956411 0.189845 0.221894 -0.226413 0.266883 0.259794 0.928052 0.372227 0.313239 -0.3866 0.867422 0.386189 -0.93126 -0.304042 0.200784 -0.500186 0.18611 -0.870689 -0.455263 0.505382 
1533560656819 0.11575 0.946798 -0.300291 -0.590669 -0.95719 0.187077 0.220883 -0.226546 0.26531 0.261868 0.92792 0.373288 0.316244 -0.384866 0.867103 0.400217 -0.929998 -0.306258 0.203249 -0.50405 0.187334 -0.87068 -0.454777 0.486145 
1533560656826 0.112962 0.946768 -0.301447 -0.592418 -0.95796 0.184305 0.219876 -0.226678 0.263729 0.263936 0.927785 0.37435 0.316258 -0.384857 0.867102 0.400836 -0.929992 -0.306267 0.203261 -0.504368 0.187338 -0.870681 -0.454774 0.485921 
1533560657240 0.110174 0.946727 -0.302605 -0.594166 -0.958719 0.181528 0.218871 -0.226811 0.262142 0.265999 0.927645 0.375412 0.316239 -0.384881 0.867098 0.400855 -0.93 -0.306257 0.203241 -0.504361 0.187331 -0.870674 -0.454789 0.485943 
1533560657564 0.107388 0.946675 -0.303766 -0.595914 -0.95947 0.178749 0.217869 -0.226944 0.260549 0.268058 0.927502 0.376473 0.316214 -0.384899 0.867099 0.400827 -0.930009 -0.306245 0.203216 -0.504329 0.187327 -0.87067 -0.454799 0.48594 
1533560657878 0.104604 0.946613 -0.304929 -0.597663 -0.96021 0.175966 0.21687 -0.227076 0.258949 0.270111 0.927354 0.377535 0.3162 -0.384907 0.867101 0.400798 -0.930014 -0.306239 0.203202 -0.504306 0.187326 -0.870669 -0.454801 0.485922 
1533560658209 0.10182 0.94654 -0.306095 -0.59941 -0.960941 0.173179 0.215874 -0.227209 0.257343 0.272159 0.927202 0.378597 0.316197 -0.384904 0.867103 0.400778 -0.930014 -0.30624 0.2032 -0.504292 0.187329 -0.87067 -0.454799 0.485903 
1533560658521 0.0990364 0.946457 -0.307262 -0.60115 -0.961662 0.170388 0.214882 -0.22734 0.25573 0.274201 0.927047 0.379659 0.316201 -0.384895 0.867106 0.400765 -0.930012 -0.306246 0.203202 -0.504277 0.187337 -0.870672 -0.454792 0.485883 
1533560658845 0.0962582 0.946361 -0.30844 -0.602779 -0.962372 0.167599 0.213893 -0.227456 0.254114 0.276245 0.926884 0.3807 0.316123 -0.384928 0.86712 0.40068 -0.93004 -0.30621 0.20313 -0.504145 0.18733 -0.87067 -0.454798 0.485852 
1533560659165 0.0962716 0.946389 -0.308349 -0.602777 -0.962342 0.167622 0.21401 -0.227401 0.254223 0.276135 0.926888 0.380765 1 0 0 0 0 1 0 0 0 0 1 1.306 
1533560659176 0.0959926 0.946377 -0.308475 -0.602965 -0.962416 0.167341 0.2139 -0.227422 0.254051 0.276348 0.926871 0.380867 0.313239 -0.3866 0.867422 0.386189 -0.93126 -0.304042 0.200784 -0.500185 0.18611 -0.870689 -0.455263 0.505382 
1533560659382 0.0957153 0.946364 -0.3086 -0.603153 -0.962489 0.167061 0.21379 -0.227442 0.253878 0.276561 0.926855 0.380968 0.316244 -0.384866 0.867103 0.400216 -0.929998 -0.306258 0.203249 -0.504049 0.187334 -0.87068 -0.454777 0.486145 
1533560659547 0.0954377 0.946351 -0.308725 -0.603341 -0.962562 0.16678 0.21368 -0.227463 0.253705 0.276774 0.926839 0.38107 0.316258 -0.384857 0.867102 0.400836 -0.929992 -0.306267 0.203261 -0.504368 0.187338 -0.870681 -0.454774 0.485921 
1533560659748 0.0951603 0.946338 -0.30885 -0.603529 -0.962635 0.1665 0.213569 -0.227484 0.253532 0.276987 0.926822 0.381172 0.316239 -0.384881 0.867098 0.400855 -0.93 -0.306257 0.203241 -0.504361 0.187331 -0.870674 -0.454789 0.485943 
1533560659928 0.0948825 0.946325 -0.308975 -0.603717 -0.962708 0.166219 0.213459 -0.227504 0.253359 0.277199 0.926806 0.381273 0.316214 -0.384899 0.867099 0.400827 -0.930009 -0.306245 0.203216 -0.504329 0.187327 -0.87067 -0.454799 0.48594 
1533560660113 0.0946052 0.946312 -0.3091 -0.603905 -0.962781 0.165939 0.213349 -0.227525 0.253186 0.277412 0.92679 0.381375 0.3162 -0.384907 0.867101 0.400798 -0.930014 -0.306239 0.203202 -0.504306 0.187326 -0.870669 -0.454801 0.485922 
1533560660291 0.0943274 0.946299 -0.309225 -0.604093 -0.962853 0.165658 0.213239 -0.227546 0.253013 0.277624 0.926773 0.381477 0.316197 -0.384904 0.867103 0.400778 -0.930014 -0.30624 0.2032 -0.504292 0.187329 -0.87067 -0.454799 0.485903 
1533560660480 0.0940499 0.946286 -0.309351 -0.60428 -0.962926 0.165378 0.213128 -0.227566 0.25284 0.277837 0.926757 0.381579 0.316201 -0.384895 0.867106 0.400765 -0.930012 -0.306246 0.203202 -0.504277 0.187337 -0.870672 -0.454792 0.485883 
1533560660666 0.0937727 0.946272 -0.309477 -0.604455 -0.962998 0.165098 0.213018 -0.227585 0.252667 0.27805 0.92674 0.381678 0.316123 -0.384928 0.86712 0.40068 -0.93004 -0.30621 0.20313 -0.504145 0.18733 -0.87067 -0.454798 0.485852 
1533560660861 0.0938584 0.946269 -0.309461 -0.604427 -0.96301 0.165153 0.212925 -0.227644 0.252593 0.278029 0.926767 0.381667 1 0 0 0 0 1 0 0 0 0 1 1.306 
1533560660873 0.0938173 0.946174 -0.309762 -0.604458 -0.963055 0.165136 0.212732 -0.227637 0.252435 0.27836 0.926711 0.38167 0.313239 -0.3866 0.867422 0.386189 -0.93126 -0.304042 0.200784 -0.500185 0.18611 -0.870689 -0.455263 0.505382 
1533560661112 0.0937763 0.94608 -0.310063 -0.604489 -0.963101 0.16512 0.212538 -0.22763 0.252276 0.278691 0.926654 0.381673 0.316244 -0.384866 0.867103 0.400216 -0.929998 -0.306258 0.203249 -0.504049 0.187334 -0.87068 -0.454777 0.486145 
1533560661283 0.0937352 0.945985 -0.310364 -0.60452 -0.963146 0.165103 0.212345 -0.227624 0.252117 0.279022 0.926598 0.381677 0.316258 -0.384857 0.867102 0.400836 -0.929992 -0.306267 0.203261 -0.504368 0.187338 -0.870681 -0.454774 0.485921 
1533560661452 0.0936941 0.945891 -0.310665 -0.604551 -0.963192 0.165086 0.212151 -0.227617 0.251958 0.279352 0.926542 0.38168 0.316239 -0.384881 0.867098 0.400855 -0.93 -0.306257 0.203241 -0.504361 0.187331 -0.870674 -0.454789 0.485943 
1533560661675 0.093653 0.945796 -0.310965 -0.604582 -0.963237 0.165069 0.211958 -0.22761 0.2518 0.279683 0.926485 0.381683 0.316214 -0.384899 0.867099 0.400827 -0.930009 -0.306245 0.203216 -0.504329 0.187327 -0.87067 -0.454799 0.48594 
1533560661682 0.0936123 0.945701 -0.311266 -0.604614 -0.963283 0.165052 0.211764 -0.227603 0.251641 0.280014 0.926428 0.381686 0.3162 -0.384907 0.867101 0.400798 -0.930014 -0.306239 0.203202 -0.504306 0.187326 -0.870669 -0.454801 0.485922 
1533560661843 0.0935714 0.945606 -0.311567 -0.604645 -0.963328 0.165035 0.211571 -0.227596 0.251482 0.280344 0.926371 0.381689 0.316197 -0.384904 0.867103 0.400778 -0.930014 -0.30624 0.2032 -0.504292 0.187329 -0.87067 -0.454799 0.485903 
1533560661998 0.0935306 0.945511 -0.311868 -0.604676 -0.963374 0.165018 0.211377 -0.22759 0.251323 0.280675 0.926314 0.381693 0.316201 -0.384895 0.867106 0.400765 -0.930012 -0.306246 0.203202 -0.504277 0.187337 -0.870672 -0.454792 0.485883 
1533560662141 0.0934896 0.945416 -0.312167 -0.604708 -0.963419 0.165001 0.211184 -0.227584 0.251165 0.281005 0.926257 0.381694 0.316123 -0.384928 0.86712 0.40068 -0.93004 -0.30621 0.20313 -0.504145 0.18733 -0.87067 -0.454798 0.485852 
1533560662304 0.0937031 0.945374 -0.31223 -0.604702 -0.963355 0.165262 0.211271 -0.227648 0.251329 0.280992 0.926217 0.381659 1 0 0 0 0 1 0 0 0 0 1 1.306 
1533560662316 0.0938413 0.945422 -0.312042 -0.604702 -0.963436 0.165244 0.210918 -0.227627 0.250969 0.28084 0.92636 0.381627 0.313239 -0.3866 0.867422 0.386189 -0.93126 -0.304042 0.200784 -0.500185 0.18611 -0.870689 -0.455263 0.505382 
1533560662562 0.0939794 0.945471 -0.311853 -0.604701 -0.963516 0.165225 0.210565 -0.227605 0.250609 0.280686 0.926504 0.381595 0.316244 -0.384866 0.867103 0.400216 -0.929998 -0.306258 0.203249 -0.504049 0.187334 -0.87068 -0.454777 0.486145 
1533560662709 0.0941166 0.94552 -0.311664 -0.604701 -0.963596 0.165206 0.210212 -0.227584 0.250249 0.280534 0.926648 0.381562 0.316258 -0.384857 0.867102 0.400836 -0.929992 -0.306267 0.203261 -0.504368 0.187338 -0.870681 -0.454774 0.485921 
