1534186081014 0.496158 0.840138 -0.219078 -0.51896 -0.845471 0.524915 0.098199 -0.170086 0.197498 0.136502 0.970753 0.335313 0.16008 -0.304787 0.938871 0.370831 -0.775623 0.549475 0.310623 -0.528794 -0.61056 -0.777934 -0.14844 0.432481 
1534186081026 0.468503 0.852841 -0.230581 -0.52791 -0.859364 0.500471 0.104986 -0.175064 0.204936 0.148967 0.967373 0.340299 0.316231 -0.384871 0.867106 0.40083 -0.930001 -0.306257 0.203234 -0.504368 0.187338 -0.870678 -0.454779 0.485897 
1534186082228 0.440383 0.864629 -0.241825 -0.536749 -0.872445 0.475698 0.112034 -0.179947 0.211904 0.161641 0.96383 0.345098 0.316231 -0.384871 0.867106 0.40083 -0.930001 -0.306257 0.203234 -0.504368 0.187338 -0.870678 -0.454779 0.485897 
1534186083035 0.411799 0.875506 -0.252807 -0.545574 -0.884704 0.450602 0.119396 -0.18482 0.218447 0.174492 0.960122 0.349883 0.316231 -0.384871 0.867106 0.40083 -0.930001 -0.306257 0.203234 -0.504368 0.187338 -0.870678 -0.454779 0.485897 
1534186083854 0.382777 0.885461 -0.263516 -0.554401 -0.896131 0.425208 0.127075 -0.189699 0.224569 0.187503 0.956249 0.354683 0.316231 -0.384871 0.867106 0.40083 -0.930001 -0.306257 0.203234 -0.504368 0.187338 -0.870678 -0.454779 0.485897 
1534186084669 0.353341 0.894487 -0.27394 -0.563259 -0.906711 0.399537 0.135075 -0.194601 0.230272 0.200657 0.952214 0.359526 0.316231 -0.384871 0.867106 0.40083 -0.930001 -0.306257 0.203234 -0.504368 0.187338 -0.870678 -0.454779 0.485897 
1534186085459 0.32353 0.902571 -0.284068 -0.572117 -0.916434 0.373622 0.14337 -0.199502 0.235536 0.213945 0.948024 0.364369 0.316231 -0.384871 0.867106 0.40083 -0.930001 -0.306257 0.203234 -0.504368 0.187338 -0.870678 -0.454779 0.485897 
1534186086235 0.293375 0.909703 -0.293889 -0.580972 -0.925289 0.347491 0.151953 -0.204403 0.240356 0.227353 0.943684 0.369213 0.316231 -0.384871 0.867106 0.40083 -0.930001 -0.306257 0.203234 -0.504368 0.187338 -0.870678 -0.454779 0.485897 
1534186086242 0.262909 0.915878 -0.303392 -0.589826 -0.933267 0.321171 0.160813 -0.209303 0.244726 0.240867 0.939198 0.374056 0.316231 -0.384871 0.867106 0.40083 -0.930001 -0.306257 0.203234 -0.504368 0.187338 -0.870678 -0.454779 0.485897 
1534186087345 0.232287 0.92098 -0.312792 -0.597617 -0.940336 0.294843 0.169813 -0.213662 0.248619 0.254684 0.934518 0.379149 0.316442 -0.385045 0.866951 0.401525 -0.929984 -0.306148 0.203478 -0.505625 0.187068 -0.87064 -0.454964 0.486487 
1534186088134 0.233141 0.920966 -0.312198 -0.597243 -0.940177 0.295487 0.16957 -0.213704 0.248418 0.253988 0.934761 0.378922 0.316442 -0.385045 0.866951 0.401525 -0.929984 -0.306148 0.203478 -0.505625 0.187068 -0.87064 -0.454964 0.486487 
1534186088146 0.230015 0.921439 -0.313118 -0.598254 -0.940849 0.292799 0.170502 -0.214245 0.248788 0.255379 0.934284 0.379385 0.316221 -0.384863 0.867113 0.400797 -0.930002 -0.306262 0.203223 -0.504308 0.187351 -0.87068 -0.45477 0.485869 
1534186088429 0.226821 0.921913 -0.314053 -0.599288 -0.941522 0.290059 0.171473 -0.214786 0.249177 0.256793 0.933792 0.379869 0.316221 -0.384863 0.867113 0.400797 -0.930002 -0.306262 0.203223 -0.504308 0.187351 -0.87068 -0.45477 0.485869 
1534186088434 0.223625 0.922376 -0.314983 -0.600324 -0.942184 0.287317 0.172447 -0.215328 0.249561 0.258209 0.933299 0.380352 0.31622 -0.384863 0.867113 0.400797 -0.930002 -0.306262 0.203222 -0.504307 0.187351 -0.87068 -0.45477 0.485868 
1534186088817 0.220427 0.922829 -0.31591 -0.601361 -0.942837 0.284574 0.173423 -0.215871 0.24994 0.259625 0.932805 0.380835 0.316221 -0.384863 0.867113 0.400796 -0.930002 -0.306262 0.203223 -0.504306 0.187351 -0.87068 -0.45477 0.485868 
1534186089092 0.217226 0.923271 -0.316834 -0.602397 -0.943481 0.281829 0.174402 -0.216413 0.250314 0.261042 0.932309 0.381318 0.31622 -0.384863 0.867113 0.400796 -0.930002 -0.306262 0.203222 -0.504306 0.187351 -0.87068 -0.454769 0.485868 
1534186089368 0.214022 0.923703 -0.317753 -0.603433 -0.944115 0.279084 0.175384 -0.216955 0.250682 0.26246 0.931812 0.381802 0.31622 -0.384863 0.867113 0.400796 -0.930002 -0.306262 0.203222 -0.504306 0.187351 -0.87068 -0.454769 0.485868 
1534186089649 0.210816 0.924125 -0.318669 -0.60447 -0.944739 0.276337 0.176369 -0.217497 0.251047 0.263878 0.931313 0.382285 0.31622 -0.384863 0.867113 0.400796 -0.930002 -0.306262 0.203222 -0.504305 0.187351 -0.87068 -0.45477 0.485867 
1534186089656 0.207608 0.924536 -0.319582 -0.605505 -0.945354 0.273589 0.177356 -0.218039 0.251406 0.265297 0.930813 0.382768 0.31622 -0.384863 0.867113 0.400796 -0.930002 -0.306262 0.203222 -0.504305 0.187351 -0.87068 -0.45477 0.485867 
1534186090038 0.204397 0.924937 -0.32049 -0.606541 -0.945959 0.270839 0.178346 -0.218581 0.25176 0.266717 0.930311 0.383251 0.31622 -0.384863 0.867113 0.400796 -0.930002 -0.306262 0.203222 -0.504305 0.187351 -0.87068 -0.45477 0.485867 
1534186090322 0.205083 0.924854 -0.32029 -0.606272 -0.945868 0.271386 0.177998 -0.21856 0.251545 0.266448 0.930447 0.38313 0.31622 -0.384863 0.867113 0.400796 -0.930002 -0.306262 0.203222 -0.504305 0.187351 -0.87068 -0.45477 0.485867 
1534186090334 0.205026 0.924824 -0.320415 -0.606371 -0.946053 0.271174 0.177339 -0.218583 0.250896 0.26677 0.93053 0.383067 0.31622 -0.384863 0.867113 0.400795 -0.930002 -0.306262 0.203222 -0.504304 0.187351 -0.87068 -0.454769 0.485867 
1534186090349 0.204969 0.924793 -0.320539 -0.606475 -0.946237 0.270961 0.176681 -0.218608 0.250247 0.267091 0.930612 0.383004 0.31622 -0.384863 0.867113 0.400795 -0.930002 -0.306262 0.203222 -0.504304 0.187351 -0.87068 -0.454769 0.485867 
1534186090366 0.204912 0.924763 -0.320663 -0.606579 -0.94642 0.270748 0.176023 -0.218633 0.249599 0.267413 0.930694 0.382941 0.31622 -0.384863 0.867113 0.400795 -0.930002 -0.306262 0.203222 -0.504304 0.187351 -0.87068 -0.454769 0.485867 
1534186090456 0.204855 0.924732 -0.320788 -0.606683 -0.946604 0.270534 0.175365 -0.218658 0.24895 0.267734 0.930775 0.382878 0.31622 -0.384863 0.867113 0.400795 -0.930002 -0.306262 0.203222 -0.504304 0.187351 -0.87068 -0.454769 0.485867 
1534186090491 0.204798 0.924702 -0.320912 -0.606788 -0.946786 0.270321 0.174707 -0.218684 0.248301 0.268055 0.930856 0.382814 0.31622 -0.384863 0.867113 0.400795 -0.930002 -0.306262 0.203222 -0.504304 0.187351 -0.87068 -0.454769 0.485867 
1534186090506 0.204742 0.924671 -0.321036 -0.606891 -0.946968 0.270107 0.174049 -0.218709 0.247652 0.268376 0.930936 0.382751 0.31622 -0.384863 0.867113 0.400795 -0.930002 -0.306262 0.203222 -0.504304 0.187351 -0.87068 -0.454769 0.485867 
1534186090579 0.204685 0.92464 -0.321161 -0.606996 -0.94715 0.269893 0.173391 -0.218734 0.247003 0.268697 0.931016 0.382688 0.31622 -0.384863 0.867113 0.400795 -0.930002 -0.306262 0.203222 -0.504304 0.187351 -0.87068 -0.454769 0.485867 
1534186090613 0.204628 0.92461 -0.321285 -0.607099 -0.947331 0.269678 0.172733 -0.218759 0.246354 0.269018 0.931096 0.382625 0.31622 -0.384863 0.867113 0.400795 -0.930002 -0.306262 0.203222 -0.504304 0.187351 -0.87068 -0.454769 0.485867 
1534186090646 0.204572 0.924579 -0.32141 -0.607204 -0.947512 0.269464 0.172075 -0.218785 0.245705 0.269338 0.931175 0.382561 0.31622 -0.384863 0.867113 0.400795 -0.930002 -0.306262 0.203222 -0.504304 0.187351 -0.87068 -0.454769 0.485867 
1534186090706 0.204956 0.924548 -0.321255 -0.606949 -0.946976 0.27029 0.17372 -0.218817 0.247445 0.268616 0.930923 0.382717 0.31622 -0.384863 0.867113 0.400795 -0.930002 -0.306262 0.203222 -0.504304 0.187351 -0.87068 -0.454769 0.485867 
1534186090718 0.204747 0.924768 -0.320752 -0.606963 -0.946996 0.270027 0.174022 -0.218908 0.247542 0.268121 0.931039 0.382674 0.31622 -0.384863 0.867113 0.400795 -0.930002 -0.306262 0.203222 -0.504304 0.187351 -0.87068 -0.454769 0.485867 
1534186090724 0.204538 0.924989 -0.320249 -0.606981 -0.947016 0.269763 0.174324 -0.219002 0.247639 0.267625 0.931156 0.38263 0.31622 -0.384863 0.867113 0.400795 -0.930002 -0.306262 0.203222 -0.504304 0.187351 -0.87068 -0.454769 0.485867 
1534186090875 0.204329 0.925209 -0.319746 -0.606999 -0.947036 0.269498 0.174626 -0.219095 0.247737 0.26713 0.931272 0.382587 0.31622 -0.384863 0.867113 0.400795 -0.930002 -0.306262 0.203222 -0.504304 0.187351 -0.87068 -0.454769 0.485867 
1534186090911 0.204119 0.925429 -0.319243 -0.607018 -0.947055 0.269234 0.174928 -0.219189 0.247835 0.266635 0.931388 0.382543 0.31622 -0.384863 0.867113 0.400795 -0.930002 -0.306262 0.203222 -0.504304 0.187351 -0.87068 -0.454769 0.485867 
1534186091012 0.20391 0.925649 -0.31874 -0.607037 -0.947074 0.268969 0.17523 -0.219283 0.247933 0.266139 0.931504 0.382499 0.31622 -0.384863 0.867113 0.400795 -0.930002 -0.306262 0.203222 -0.504304 0.187351 -0.87068 -0.454769 0.485867 
1534186091019 0.203701 0.925868 -0.318236 -0.607055 -0.947094 0.268705 0.175532 -0.219376 0.248031 0.265644 0.931619 0.382455 0.31622 -0.384863 0.867113 0.400795 -0.930002 -0.306262 0.203222 -0.504304 0.187351 -0.87068 -0.454769 0.485867 
1534186091155 0.203492 0.926087 -0.317733 -0.607074 -0.947113 0.26844 0.175833 -0.21947 0.248129 0.265148 0.931734 0.382411 0.31622 -0.384863 0.867113 0.400795 -0.930002 -0.306262 0.203222 -0.504304 0.187351 -0.87068 -0.45477 0.485867 
1534186091199 0.203284 0.926305 -0.317229 -0.607092 -0.947132 0.268174 0.176135 -0.219563 0.248227 0.264652 0.931849 0.382368 0.31622 -0.384863 0.867113 0.400795 -0.930002 -0.306262 0.203222 -0.504304 0.187351 -0.87068 -0.45477 0.485867 
1534186091295 0.203075 0.926524 -0.316725 -0.607112 -0.947151 0.267909 0.176436 -0.219657 0.248326 0.264156 0.931963 0.382324 0.31622 -0.384863 0.867113 0.400795 -0.930002 -0.306262 0.203222 -0.504304 0.187351 -0.87068 -0.45477 0.485867 
1534186091354 0.203371 0.926247 -0.317343 -0.607044 -0.947134 0.268256 0.175998 -0.219555 0.248146 0.264773 0.931836 0.382427 0.31622 -0.384863 0.867113 0.400795 -0.930002 -0.306262 0.203222 -0.504304 0.187351 -0.87068 -0.45477 0.485867 
1534186091366 0.20292 0.92629 -0.317505 -0.606984 -0.94727 0.26782 0.175933 -0.219708 0.247999 0.265063 0.931793 0.382472 0.31622 -0.384863 0.867113 0.400795 -0.930002 -0.306262 0.203222 -0.504304 0.187351 -0.87068 -0.45477 0.485867 
1534186091385 0.202469 0.926334 -0.317667 -0.606924 -0.947405 0.267385 0.175869 -0.219863 0.247853 0.265351 0.93175 0.382517 0.31622 -0.384863 0.867113 0.400795 -0.930002 -0.306262 0.203222 -0.504304 0.187351 -0.87068 -0.45477 0.485867 
1534186091399 0.202017 0.926377 -0.317829 -0.606864 -0.947539 0.266949 0.175806 -0.220019 0.247707 0.26564 0.931706 0.382562 0.31622 -0.384863 0.867113 0.400795 -0.930002 -0.306262 0.203222 -0.504304 0.187351 -0.87068 -0.45477 0.485867 
1534186091527 0.201566 0.926419 -0.317991 -0.606804 -0.947673 0.266514 0.175743 -0.220174 0.247561 0.265928 0.931663 0.382607 0.31622 -0.384863 0.867113 0.400795 -0.930002 -0.306262 0.203222 -0.504304 0.187351 -0.87068 -0.45477 0.485867 
1534186091556 0.201114 0.926462 -0.318153 -0.606745 -0.947808 0.266078 0.17568 -0.22033 0.247414 0.266216 0.93162 0.382651 0.31622 -0.384863 0.867113 0.400795 -0.930002 -0.306262 0.203222 -0.504304 0.187351 -0.87068 -0.45477 0.485867 
1534186091648 0.200663 0.926504 -0.318315 -0.606686 -0.947941 0.265642 0.175617 -0.220485 0.247268 0.266504 0.931576 0.382696 0.31622 -0.384863 0.867113 0.400795 -0.930002 -0.306262 0.203222 -0.504304 0.187351 -0.87068 -0.45477 0.485867 
1534186091704 0.200212 0.926546 -0.318477 -0.606626 -0.948075 0.265206 0.175554 -0.22064 0.247121 0.266792 0.931533 0.382741 0.31622 -0.384863 0.867113 0.400795 -0.930002 -0.306262 0.203222 -0.504304 0.187351 -0.87068 -0.45477 0.485867 
1534186091774 0.19976 0.926588 -0.318639 -0.606568 -0.948209 0.26477 0.175492 -0.220797 0.246974 0.26708 0.931489 0.382785 0.31622 -0.384863 0.867113 0.400795 -0.930002 -0.306262 0.203222 -0.504304 0.187351 -0.87068 -0.45477 0.485867 
1534186091835 0.199309 0.926629 -0.318801 -0.606508 -0.948342 0.264334 0.175429 -0.220952 0.246827 0.267368 0.931445 0.38283 0.31622 -0.384863 0.867113 0.400795 -0.930002 -0.306262 0.203222 -0.504304 0.187351 -0.87068 -0.45477 0.485867 
1534186091915 0.200011 0.926606 -0.318428 -0.606589 -0.948145 0.264977 0.17552 -0.220719 0.247014 0.266811 0.931556 0.382778 0.31622 -0.384863 0.867113 0.400795 -0.930002 -0.306262 0.203222 -0.504304 0.187351 -0.87068 -0.45477 0.485867 
1534186091929 0.199455 0.926567 -0.318891 -0.606455 -0.9482 0.264609 0.175781 -0.220964 0.247255 0.267312 0.931348 0.382797 0.31622 -0.384863 0.867113 0.400795 -0.930002 -0.306262 0.203222 -0.504304 0.187351 -0.87068 -0.45477 0.485867 
1534186091944 0.198899 0.926527 -0.319355 -0.606315 -0.948254 0.264242 0.176043 -0.221209 0.247495 0.267815 0.93114 0.382816 0.31622 -0.384863 0.867113 0.400795 -0.930002 -0.306262 0.203222 -0.504304 0.187351 -0.87068 -0.45477 0.485867 
1534186092013 0.198343 0.926486 -0.319819 -0.606177 -0.948307 0.263874 0.176305 -0.221454 0.247736 0.268317 0.930931 0.382836 0.31622 -0.384863 0.867113 0.400795 -0.930002 -0.306262 0.203222 -0.504304 0.187351 -0.87068 -0.45477 0.485867 
1534186092113 0.197787 0.926445 -0.320282 -0.606039 -0.948361 0.263507 0.176567 -0.221699 0.247976 0.26882 0.930722 0.382855 0.31622 -0.384863 0.867113 0.400795 -0.930002 -0.306262 0.203222 -0.504304 0.187351 -0.87068 -0.45477 0.485867 
1534186092178 0.197231 0.926403 -0.320745 -0.6059 -0.948414 0.26314 0.176829 -0.221943 0.248216 0.269323 0.930513 0.382874 0.31622 -0.384863 0.867113 0.400795 -0.930002 -0.306262 0.203222 -0.504304 0.187351 -0.87068 -0.45477 0.485867 
1534186092280 0.196674 0.926361 -0.321208 -0.60576 -0.948467 0.262773 0.177091 -0.222187 0.248455 0.269826 0.930303 0.382894 0.31622 -0.384863 0.867113 0.400795 -0.930002 -0.306262 0.203222 -0.504304 0.187351 -0.87068 -0.45477 0.485867 
1534186092335 0.196118 0.926318 -0.321671 -0.605622 -0.948519 0.262405 0.177354 -0.222432 0.248694 0.270329 0.930093 0.382913 0.31622 -0.384863 0.867113 0.400795 -0.930002 -0.306262 0.203222 -0.504304 0.187351 -0.87068 -0.45477 0.485867 
1534186092431 0.195561 0.926275 -0.322133 -0.605484 -0.948572 0.262038 0.177617 -0.222677 0.248933 0.270831 0.929883 0.382932 0.31622 -0.384863 0.867113 0.400795 -0.930002 -0.306262 0.203222 -0.504304 0.187351 -0.87068 -0.45477 0.485867 
1534186092513 0.195004 0.926232 -0.322596 -0.605344 -0.948624 0.261672 0.177879 -0.222921 0.249172 0.271335 0.929673 0.382952 0.31622 -0.384863 0.867113 0.400795 -0.930002 -0.306262 0.203222 -0.504304 0.187351 -0.87068 -0.45477 0.485867 
1534186092603 0.195517 0.926323 -0.322024 -0.60554 -0.948616 0.261937 0.177527 -0.222557 0.248797 0.270768 0.929938 0.382899 0.31622 -0.384863 0.867113 0.400795 -0.930002 -0.306262 0.203222 -0.504304 0.187351 -0.87068 -0.45477 0.485867 
1534186092616 0.195217 0.926333 -0.322177 -0.605263 -0.94862 0.261748 0.177789 -0.222662 0.249021 0.270916 0.929835 0.382856 0.31622 -0.384863 0.867113 0.400795 -0.930002 -0.306262 0.203222 -0.504304 0.187351 -0.87068 -0.45477 0.485867 
1534186092632 0.194918 0.926342 -0.32233 -0.604981 -0.948622 0.26156 0.17805 -0.222764 0.249245 0.271065 0.929732 0.382814 0.31622 -0.384863 0.867113 0.400795 -0.930002 -0.306262 0.203222 -0.504304 0.187351 -0.87068 -0.45477 0.485867 
1534186092639 0.194619 0.926352 -0.322483 -0.6047 -0.948625 0.261373 0.178312 -0.222867 0.249468 0.271213 0.929629 0.382771 0.31622 -0.384863 0.867113 0.400795 -0.930002 -0.306262 0.203222 -0.504304 0.187351 -0.87068 -0.45477 0.485867 
1534186092806 0.19432 0.926361 -0.322636 -0.604418 -0.948627 0.261185 0.178573 -0.22297 0.249691 0.271361 0.929525 0.382729 0.31622 -0.384863 0.867113 0.400795 -0.930002 -0.306262 0.203222 -0.504304 0.187351 -0.87068 -0.45477 0.485867 
1534186092871 0.194021 0.926371 -0.322789 -0.604137 -0.94863 0.260997 0.178835 -0.223073 0.249915 0.271509 0.929422 0.382686 0.31622 -0.384863 0.867113 0.400795 -0.930002 -0.306262 0.203222 -0.504304 0.187351 -0.87068 -0.45477 0.485867 
1534186092960 0.193722 0.92638 -0.322942 -0.603855 -0.948632 0.26081 0.179096 -0.223175 0.250138 0.271658 0.929319 0.382644 0.31622 -0.384863 0.867113 0.400795 -0.930002 -0.306262 0.203222 -0.504304 0.187351 -0.87068 -0.45477 0.485867 
1534186093043 0.193423 0.926389 -0.323094 -0.603574 -0.948634 0.260622 0.179358 -0.223278 0.250361 0.271806 0.929215 0.382602 0.31622 -0.384863 0.867113 0.400795 -0.930002 -0.306262 0.203222 -0.504304 0.187351 -0.87068 -0.45477 0.485867 
1534186093126 0.193124 0.926399 -0.323247 -0.603292 -0.948636 0.260435 0.179619 -0.223381 0.250584 0.271955 0.929111 0.38256 0.31622 -0.384863 0.867113 0.400795 -0.930002 -0.306262 0.203222 -0.504304 0.187351 -0.87068 -0.45477 0.485867 
1534186093189 0.192825 0.926408 -0.3234 -0.603011 -0.948638 0.260247 0.179881 -0.223484 0.250807 0.272104 0.929008 0.382517 0.31622 -0.384863 0.867113 0.400795 -0.930002 -0.306262 0.203222 -0.504304 0.187351 -0.87068 -0.45477 0.485867 
1534186093292 0.193179 0.926379 -0.32327 -0.603349 -0.948662 0.260451 0.179462 -0.223364 0.250446 0.272006 0.929134 0.382542 0.31622 -0.384863 0.867113 0.400795 -0.930002 -0.306262 0.203222 -0.504304 0.187351 -0.87068 -0.45477 0.485867 
1534186093302 0.192825 0.926413 -0.323385 -0.603061 -0.948697 0.260179 0.179666 -0.223418 0.250583 0.27215 0.929055 0.382526 0.31622 -0.384863 0.867113 0.400795 -0.930002 -0.306262 0.203222 -0.504304 0.187351 -0.87068 -0.45477 0.485867 
1534186093319 0.192472 0.926446 -0.3235 -0.602767 -0.948733 0.259909 0.179868 -0.22347 0.250719 0.272295 0.928975 0.382512 0.31622 -0.384863 0.867113 0.400795 -0.930002 -0.306262 0.203222 -0.504304 0.187351 -0.87068 -0.45477 0.485867 
1534186093325 0.192119 0.926479 -0.323615 -0.602475 -0.948769 0.259639 0.18007 -0.223522 0.250854 0.272441 0.928896 0.382497 0.31622 -0.384863 0.867113 0.400795 -0.930002 -0.306262 0.203222 -0.504304 0.187351 -0.87068 -0.45477 0.485867 
1534186093499 0.191766 0.926512 -0.32373 -0.602181 -0.948804 0.259369 0.180273 -0.223574 0.25099 0.272586 0.928817 0.382483 0.31622 -0.384863 0.867113 0.400795 -0.930002 -0.306262 0.203222 -0.504304 0.187351 -0.87068 -0.45477 0.485867 
1534186093562 0.191413 0.926545 -0.323845 -0.601887 -0.94884 0.259098 0.180475 -0.223626 0.251126 0.272731 0.928738 0.382469 0.31622 -0.384863 0.867113 0.400795 -0.930002 -0.306262 0.203222 -0.504304 0.187351 -0.87068 -0.45477 0.485867 
1534186093663 0.19106 0.926578 -0.323959 -0.601595 -0.948875 0.258828 0.180678 -0.223678 0.251262 0.272876 0.928658 0.382454 0.31622 -0.384863 0.867113 0.400795 -0.930002 -0.306262 0.203222 -0.504304 0.187351 -0.87068 -0.45477 0.485867 
1534186093724 0.190707 0.92661 -0.324074 -0.601301 -0.94891 0.258558 0.18088 -0.223729 0.251397 0.273022 0.928579 0.38244 0.31622 -0.384863 0.867113 0.400795 -0.930002 -0.306262 0.203222 -0.504304 0.187351 -0.87068 -0.45477 0.485867 
1534186093827 0.190354 0.926643 -0.324188 -0.601009 -0.948945 0.258288 0.181083 -0.223781 0.251533 0.273167 0.928499 0.382425 0.31622 -0.384863 0.867113 0.400795 -0.930002 -0.306262 0.203222 -0.504304 0.187351 -0.87068 -0.45477 0.485867 
1534186093887 0.190001 0.926675 -0.324303 -0.600716 -0.94898 0.258017 0.181285 -0.223834 0.251668 0.273313 0.92842 0.38241 0.31622 -0.384863 0.867113 0.400795 -0.930002 -0.306262 0.203222 -0.504304 0.187351 -0.87068 -0.45477 0.485867 
1534186094004 0.190314 0.926672 -0.324129 -0.601023 -0.948959 0.258232 0.181089 -0.223755 0.25151 0.273121 0.928519 0.382425 0.31622 -0.384863 0.867113 0.400795 -0.930002 -0.306262 0.203222 -0.504304 0.187351 -0.87068 -0.45477 0.485867 
1534186094016 0.190031 0.926752 -0.324067 -0.600818 -0.949019 0.25795 0.181175 -0.223774 0.251497 0.273117 0.928524 0.382404 0.31622 -0.384863 0.867113 0.400795 -0.930002 -0.306262 0.203222 -0.504304 0.187351 -0.87068 -0.45477 0.485867 
1534186094034 0.189748 0.926831 -0.324006 -0.600608 -0.94908 0.257668 0.18126 -0.22379 0.251483 0.273113 0.928529 0.382383 0.31622 -0.384863 0.867113 0.400795 -0.930002 -0.306262 0.203222 -0.504304 0.187351 -0.87068 -0.45477 0.485867 
1534186094049 0.189465 0.926911 -0.323944 -0.600399 -0.94914 0.257386 0.181345 -0.223807 0.25147 0.27311 0.928533 0.382362 0.31622 -0.384863 0.867113 0.400795 -0.930002 -0.306262 0.203222 -0.504304 0.187351 -0.87068 -0.45477 0.485867 
1534186094066 0.189182 0.92699 -0.323883 -0.600189 -0.9492 0.257105 0.18143 -0.223824 0.251456 0.273107 0.928538 0.382342 0.31622 -0.384863 0.867113 0.400795 -0.930002 -0.306262 0.203222 -0.504304 0.187351 -0.87068 -0.45477 0.485867 
1534186094072 0.188898 0.927069 -0.323822 -0.59998 -0.94926 0.256823 0.181516 -0.223841 0.251442 0.273103 0.928543 0.382321 0.31622 -0.384863 0.867113 0.400795 -0.930002 -0.306262 0.203222 -0.504304 0.187351 -0.87068 -0.45477 0.485867 
1534186094249 0.188615 0.927148 -0.323761 -0.59977 -0.94932 0.256541 0.181601 -0.223857 0.251429 0.2731 0.928547 0.382301 0.31622 -0.384863 0.867113 0.400795 -0.930002 -0.306262 0.203222 -0.504304 0.187351 -0.87068 -0.45477 0.485867 
1534186094276 0.188332 0.927227 -0.323699 -0.599561 -0.94938 0.256259 0.181686 -0.223874 0.251415 0.273096 0.928552 0.38228 0.31622 -0.384863 0.867113 0.400795 -0.930002 -0.306262 0.203222 -0.504304 0.187351 -0.87068 -0.45477 0.485867 
1534186094377 0.188049 0.927306 -0.323638 -0.599352 -0.949439 0.255977 0.181771 -0.223891 0.251401 0.273093 0.928557 0.382259 0.31622 -0.384863 0.867113 0.400795 -0.930002 -0.306262 0.203222 -0.504304 0.187351 -0.87068 -0.45477 0.485867 
1534186094422 0.187766 0.927384 -0.323577 -0.599142 -0.949499 0.255696 0.181856 -0.223907 0.251387 0.27309 0.928561 0.382239 0.31622 -0.384863 0.867113 0.400795 -0.930002 -0.306262 0.203222 -0.504304 0.187351 -0.87068 -0.45477 0.485867 
1534186094516 0.188192 0.927243 -0.323734 -0.599488 -0.949418 0.256123 0.181678 -0.223867 0.251375 0.273168 0.928542 0.382254 0.31622 -0.384863 0.867113 0.400795 -0.930002 -0.306262 0.203222 -0.504304 0.187351 -0.87068 -0.45477 0.485867 
1534186094528 0.187949 0.927313 -0.323675 -0.599335 -0.949412 0.255942 0.181963 -0.22392 0.251578 0.273101 0.928506 0.382268 0.31622 -0.384863 0.867113 0.400795 -0.930002 -0.306262 0.203222 -0.504304 0.187351 -0.87068 -0.45477 0.485867 
1534186094544 0.187706 0.927383 -0.323617 -0.599178 -0.949406 0.255761 0.182248 -0.223971 0.251782 0.273035 0.928471 0.382281 0.31622 -0.384863 0.867113 0.400795 -0.930002 -0.306262 0.203222 -0.504304 0.187351 -0.87068 -0.45477 0.485867 
1534186094561 0.187464 0.927452 -0.323559 -0.599021 -0.9494 0.25558 0.182533 -0.224023 0.251985 0.272968 0.928435 0.382295 0.31622 -0.384863 0.867113 0.400795 -0.930002 -0.306262 0.203222 -0.504304 0.187351 -0.87068 -0.45477 0.485867 
1534186094578 0.187221 0.927521 -0.323501 -0.598864 -0.949394 0.255399 0.182818 -0.224074 0.252189 0.272902 0.928399 0.38231 0.31622 -0.384863 0.867113 0.400795 -0.930002 -0.306262 0.203222 -0.504304 0.187351 -0.87068 -0.45477 0.485867 
1534186094599 0.186978 0.927591 -0.323442 -0.598708 -0.949388 0.255218 0.183103 -0.224125 0.252392 0.272836 0.928363 0.382324 0.31622 -0.384863 0.867113 0.400795 -0.930002 -0.306262 0.203222 -0.504304 0.187351 -0.87068 -0.45477 0.485867 
1534186094606 0.186735 0.92766 -0.323384 -0.59855 -0.949382 0.255037 0.183387 -0.224176 0.252596 0.27277 0.928327 0.382338 0.31622 -0.384863 0.867113 0.400795 -0.930002 -0.306262 0.203222 -0.504304 0.187351 -0.87068 -0.45477 0.485867 
1534186094735 0.186492 0.927729 -0.323325 -0.598394 -0.949375 0.254856 0.183672 -0.224228 0.2528 0.272704 0.928292 0.382352 0.31622 -0.384863 0.867113 0.400795 -0.930002 -0.306262 0.203222 -0.504304 0.187351 -0.87068 -0.45477 0.485867 
1534186094754 0.186249 0.927798 -0.323267 -0.598237 -0.949369 0.254674 0.183957 -0.224279 0.253003 0.272637 0.928256 0.382366 0.31622 -0.384863 0.867113 0.400795 -0.930002 -0.306262 0.203222 -0.504304 0.187351 -0.87068 -0.45477 0.485867 
1534186094776 0.186007 0.927867 -0.323208 -0.598079 -0.949362 0.254493 0.184242 -0.22433 0.253207 0.272571 0.928219 0.38238 0.31622 -0.384863 0.867113 0.400795 -0.930002 -0.306262 0.203222 -0.504304 0.187351 -0.87068 -0.45477 0.485867 
1534186094864 0.186747 0.927664 -0.323364 -0.598461 -0.949332 0.255095 0.183562 -0.22427 0.252772 0.2727 0.9283 0.382406 0.31622 -0.384863 0.867113 0.400795 -0.930002 -0.306262 0.203222 -0.504304 0.187351 -0.87068 -0.45477 0.485867 
1534186094875 0.186581 0.927721 -0.323298 -0.598318 -0.949313 0.254982 0.183818 -0.224292 0.252967 0.272614 0.928272 0.382347 0.31622 -0.384863 0.867113 0.400795 -0.930002 -0.306262 0.203222 -0.504304 0.187351 -0.87068 -0.45477 0.485867 
1534186094891 0.186416 0.927777 -0.323233 -0.59817 -0.949293 0.25487 0.184074 -0.224312 0.253162 0.272529 0.928244 0.382289 0.31622 -0.384863 0.867113 0.400795 -0.930002 -0.306262 0.203222 -0.504304 0.187351 -0.87068 -0.45477 0.485867 
1534186094908 0.186251 0.927833 -0.323168 -0.598023 -0.949274 0.254758 0.18433 -0.224333 0.253357 0.272443 0.928216 0.382231 0.31622 -0.384863 0.867113 0.400795 -0.930002 -0.306262 0.203222 -0.504304 0.187351 -0.87068 -0.45477 0.485867 
1534186094925 0.186086 0.927888 -0.323102 -0.597875 -0.949254 0.254646 0.184586 -0.224353 0.253552 0.272357 0.928188 0.382172 0.31622 -0.384863 0.867113 0.400795 -0.930002 -0.306262 0.203222 -0.504304 0.187351 -0.87068 -0.45477 0.485867 
1534186094941 0.185921 0.927944 -0.323037 -0.597729 -0.949234 0.254534 0.184842 -0.224373 0.253747 0.272271 0.92816 0.382114 0.31622 -0.384863 0.867113 0.400795 -0.930002 -0.306262 0.203222 -0.504304 0.187351 -0.87068 -0.45477 0.485867 
1534186094958 0.185756 0.928 -0.322971 -0.597581 -0.949215 0.254422 0.185098 -0.224393 0.253942 0.272186 0.928132 0.382056 0.31622 -0.384863 0.867113 0.400795 -0.930002 -0.306262 0.203222 -0.504304 0.187351 -0.87068 -0.45477 0.485867 
1534186095086 0.185591 0.928056 -0.322906 -0.597434 -0.949195 0.25431 0.185354 -0.224414 0.254137 0.2721 0.928103 0.381998 0.31622 -0.384863 0.867113 0.400795 -0.930002 -0.306262 0.203222 -0.504304 0.187351 -0.87068 -0.45477 0.485867 
1534186095111 0.185426 0.928112 -0.32284 -0.597288 -0.949175 0.254198 0.18561 -0.224434 0.254332 0.272015 0.928075 0.381939 0.31622 -0.384863 0.867113 0.400795 -0.930002 -0.306262 0.203222 -0.504304 0.187351 -0.87068 -0.45477 0.485867 
1534186095147 0.185261 0.928168 -0.322774 -0.597139 -0.949155 0.254086 0.185865 -0.224454 0.254526 0.271929 0.928047 0.381881 0.31622 -0.384863 0.867113 0.400795 -0.930002 -0.306262 0.203222 -0.504304 0.187351 -0.87068 -0.45477 0.485867 
1534186095199 0.18566 0.927993 -0.323047 -0.597549 -0.949181 0.254403 0.185298 -0.224402 0.254139 0.272228 0.928065 0.382018 0.31622 -0.384863 0.867113 0.400795 -0.930002 -0.306262 0.203222 -0.504304 0.187351 -0.87068 -0.45477 0.485867 
1534186095210 0.185536 0.928057 -0.322934 -0.597448 -0.949173 0.254299 0.185481 -0.224396 0.254259 0.272107 0.928068 0.381941 0.31622 -0.384863 0.867113 0.400795 -0.930002 -0.306262 0.203222 -0.504304 0.187351 -0.87068 -0.45477 0.485867 
1534186095226 0.185412 0.928121 -0.322821 -0.597341 -0.949164 0.254195 0.185666 -0.22439 0.25438 0.271986 0.92807 0.381863 0.31622 -0.384863 0.867113 0.400795 -0.930002 -0.306262 0.203222 -0.504304 0.187351 -0.87068 -0.45477 0.485867 
1534186095243 0.185288 0.928185 -0.322708 -0.597234 -0.949156 0.254091 0.18585 -0.224383 0.254501 0.271865 0.928073 0.381785 0.31622 -0.384863 0.867113 0.400795 -0.930002 -0.306262 0.203222 -0.504304 0.187351 -0.87068 -0.45477 0.485867 
1534186095260 0.185165 0.928249 -0.322595 -0.597127 -0.949148 0.253987 0.186034 -0.224376 0.254621 0.271744 0.928075 0.381707 0.31622 -0.384863 0.867113 0.400795 -0.930002 -0.306262 0.203222 -0.504304 0.187351 -0.87068 -0.45477 0.485867 
1534186095277 0.185042 0.928313 -0.322482 -0.597022 -0.94914 0.253883 0.186218 -0.224369 0.254742 0.271622 0.928078 0.38163 0.31622 -0.384863 0.867113 0.400795 -0.930002 -0.306262 0.203222 -0.504304 0.187351 -0.87068 -0.45477 0.485867 
1534186095293 0.184919 0.928377 -0.322369 -0.596914 -0.949131 0.253779 0.186402 -0.224362 0.254862 0.271502 0.92808 0.381552 0.31622 -0.384863 0.867113 0.400795 -0.930002 -0.306262 0.203222 -0.504304 0.187351 -0.87068 -0.45477 0.485867 
1534186095311 0.184796 0.92844 -0.322256 -0.596809 -0.949123 0.253675 0.186586 -0.224355 0.254982 0.27138 0.928082 0.381475 0.31622 -0.384863 0.867113 0.400795 -0.930002 -0.306262 0.203222 -0.504304 0.187351 -0.87068 -0.45477 0.485867 
1534186095316 0.184673 0.928504 -0.322143 -0.596701 -0.949115 0.253571 0.18677 -0.224348 0.255103 0.271259 0.928084 0.381397 0.31622 -0.384863 0.867113 0.400795 -0.930002 -0.306262 0.203222 -0.504304 0.187351 -0.87068 -0.45477 0.485867 
1534186095393 0.184549 0.928568 -0.32203 -0.596595 -0.949106 0.253467 0.186954 -0.224341 0.255223 0.271138 0.928087 0.38132 0.31622 -0.384863 0.867113 0.400795 -0.930002 -0.306262 0.203222 -0.504304 0.187351 -0.87068 -0.45477 0.485867 
1534186095426 0.18487 0.928421 -0.32227 -0.596999 -0.949134 0.253721 0.186469 -0.224272 0.254888 0.271405 0.928101 0.381616 0.31622 -0.384863 0.867113 0.400795 -0.930002 -0.306262 0.203222 -0.504304 0.187351 -0.87068 -0.45477 0.485867 
1534186095439 0.184674 0.928489 -0.322186 -0.596914 -0.949074 0.253625 0.186905 -0.22431 0.255254 0.271261 0.928042 0.381601 0.31622 -0.384863 0.867113 0.400795 -0.930002 -0.306262 0.203222 -0.504304 0.187351 -0.87068 -0.45477 0.485867 
1534186095455 0.184477 0.928558 -0.322101 -0.596829 -0.949014 0.253527 0.187343 -0.224351 0.25562 0.271118 0.927984 0.381584 0.31622 -0.384863 0.867113 0.400795 -0.930002 -0.306262 0.203222 -0.504304 0.187351 -0.87068 -0.45477 0.485867 
1534186095472 0.184279 0.928626 -0.322016 -0.596744 -0.948953 0.253429 0.187781 -0.224392 0.255986 0.270974 0.927925 0.381566 0.31622 -0.384863 0.867113 0.400795 -0.930002 -0.306262 0.203222 -0.504304 0.187351 -0.87068 -0.45477 0.485867 
1534186095489 0.184082 0.928695 -0.321931 -0.596658 -0.948893 0.253331 0.188218 -0.224433 0.256352 0.270831 0.927865 0.381549 0.31622 -0.384863 0.867113 0.400795 -0.930002 -0.306262 0.203222 -0.504304 0.187351 -0.87068 -0.45477 0.485867 
1534186095544 0.183884 0.928764 -0.321846 -0.596574 -0.948832 0.253232 0.188656 -0.224475 0.256719 0.270687 0.927806 0.381531 0.31622 -0.384863 0.867113 0.400795 -0.930002 -0.306262 0.203222 -0.504304 0.187351 -0.87068 -0.45477 0.485867 
1534186095592 0.183687 0.928832 -0.321761 -0.596489 -0.948771 0.253134 0.189093 -0.224515 0.257085 0.270544 0.927746 0.381515 0.31622 -0.384863 0.867113 0.400795 -0.930002 -0.306262 0.203222 -0.504304 0.187351 -0.87068 -0.45477 0.485867 
1534186095614 0.183489 0.928901 -0.321676 -0.596404 -0.94871 0.253036 0.189531 -0.224556 0.257451 0.270401 0.927687 0.381498 0.31622 -0.384863 0.867113 0.400795 -0.930002 -0.306262 0.203222 -0.504304 0.187351 -0.87068 -0.45477 0.485867 
1534186095653 0.183291 0.928969 -0.32159 -0.59632 -0.948649 0.252938 0.189968 -0.224598 0.257817 0.270257 0.927627 0.38148 0.31622 -0.384863 0.867113 0.400795 -0.930002 -0.306262 0.203222 -0.504304 0.187351 -0.87068 -0.45477 0.485867 
1534186095691 0.183094 0.929038 -0.321505 -0.596235 -0.948587 0.252839 0.190406 -0.224639 0.258183 0.270114 0.927567 0.381463 0.31622 -0.384863 0.867113 0.400795 -0.930002 -0.306262 0.203222 -0.504304 0.187351 -0.87068 -0.45477 0.485867 
1534186095738 0.183662 0.928812 -0.321834 -0.59651 -0.948719 0.253186 0.189285 -0.224526 0.257294 0.270566 0.927682 0.381512 0.31622 -0.384863 0.867113 0.400795 -0.930002 -0.306262 0.203222 -0.504304 0.187351 -0.87068 -0.45477 0.485867 
1534186095748 0.183593 0.928816 -0.32186 -0.596446 -0.948758 0.253099 0.189205 -0.224525 0.257199 0.27063 0.927689 0.381512 0.31622 -0.384863 0.867113 0.400795 -0.930002 -0.306262 0.203222 -0.504304 0.187351 -0.87068 -0.45477 0.485867 
1534186095767 0.183524 0.92882 -0.321888 -0.596377 -0.948797 0.253013 0.189125 -0.224522 0.257105 0.270697 0.927696 0.381513 0.31622 -0.384863 0.867113 0.400795 -0.930002 -0.306262 0.203222 -0.504304 0.187351 -0.87068 -0.45477 0.485867 
1534186095782 0.183455 0.928824 -0.321915 -0.596309 -0.948836 0.252927 0.189045 -0.22452 0.257011 0.270764 0.927703 0.381514 0.31622 -0.384863 0.867113 0.400795 -0.930002 -0.306262 0.203222 -0.504304 0.187351 -0.87068 -0.45477 0.485867 
1534186095800 0.183386 0.928828 -0.321943 -0.596241 -0.948875 0.252842 0.188965 -0.224516 0.256917 0.27083 0.927709 0.381516 0.31622 -0.384863 0.867113 0.400795 -0.930002 -0.306262 0.203222 -0.504304 0.187351 -0.87068 -0.45477 0.485867 
1534186095876 0.183317 0.928832 -0.321971 -0.596173 -0.948914 0.252755 0.188885 -0.224514 0.256823 0.270897 0.927716 0.381516 0.31622 -0.384863 0.867113 0.400795 -0.930002 -0.306262 0.203222 -0.504304 0.187351 -0.87068 -0.45477 0.485867 
1534186095894 0.183248 0.928836 -0.321999 -0.596104 -0.948952 0.25267 0.188805 -0.224511 0.256729 0.270963 0.927723 0.381518 0.31622 -0.384863 0.867113 0.400795 -0.930002 -0.306262 0.203222 -0.504304 0.187351 -0.87068 -0.45477 0.485867 
1534186095910 0.183179 0.92884 -0.322027 -0.596037 -0.948991 0.252584 0.188725 -0.224508 0.256634 0.27103 0.927729 0.381519 0.31622 -0.384863 0.867113 0.400795 -0.930002 -0.306262 0.203222 -0.504304 0.187351 -0.87068 -0.45477 0.485867 
1534186095932 0.18311 0.928844 -0.322055 -0.595967 -0.94903 0.252498 0.188645 -0.224505 0.25654 0.271097 0.927736 0.38152 0.31622 -0.384863 0.867113 0.400795 -0.930002 -0.306262 0.203222 -0.504304 0.187351 -0.87068 -0.45477 0.485867 
1534186095982 0.183041 0.928848 -0.322082 -0.5959 -0.949069 0.252412 0.188565 -0.224502 0.256446 0.271163 0.927742 0.381521 0.31622 -0.384863 0.867113 0.400795 -0.930002 -0.306262 0.203222 -0.504304 0.187351 -0.87068 -0.45477 0.485867 
1534186096021 0.183201 0.928856 -0.32197 -0.596174 -0.948964 0.252617 0.188816 -0.224464 0.256718 0.270947 0.927731 0.38152 0.31622 -0.384863 0.867113 0.400795 -0.930002 -0.306262 0.203222 -0.504304 0.187351 -0.87068 -0.45477 0.485867 
1534186096032 0.183067 0.928842 -0.322084 -0.596104 -0.949001 0.252503 0.188785 -0.224485 0.256679 0.271098 0.927697 0.381524 0.31622 -0.384863 0.867113 0.400795 -0.930002 -0.306262 0.203222 -0.504304 0.187351 -0.87068 -0.45477 0.485867 
1534186096048 0.182932 0.928829 -0.322201 -0.596029 -0.949037 0.252389 0.188754 -0.224503 0.25664 0.271251 0.927663 0.381528 0.31622 -0.384863 0.867113 0.400795 -0.930002 -0.306262 0.203222 -0.504304 0.187351 -0.87068 -0.45477 0.485867 
1534186096065 0.182798 0.928815 -0.322317 -0.595955 -0.949074 0.252275 0.188723 -0.224522 0.256601 0.271404 0.927629 0.381533 0.31622 -0.384863 0.867113 0.400795 -0.930002 -0.306262 0.203222 -0.504304 0.187351 -0.87068 -0.45477 0.485867 
1534186096082 0.182663 0.928801 -0.322433 -0.59588 -0.94911 0.252162 0.188692 -0.22454 0.256562 0.271557 0.927595 0.381537 0.31622 -0.384863 0.867113 0.400795 -0.930002 -0.306262 0.203222 -0.504304 0.187351 -0.87068 -0.45477 0.485867 
1534186096098 0.182529 0.928787 -0.322549 -0.595805 -0.949146 0.252048 0.188661 -0.224558 0.256524 0.27171 0.927561 0.381542 0.31622 -0.384863 0.867113 0.400795 -0.930002 -0.306262 0.203222 -0.504304 0.187351 -0.87068 -0.45477 0.485867 
1534186096115 0.182394 0.928773 -0.322665 -0.595731 -0.949183 0.251934 0.18863 -0.224577 0.256485 0.271863 0.927527 0.381547 0.31622 -0.384863 0.867113 0.400795 -0.930002 -0.306262 0.203222 -0.504304 0.187351 -0.87068 -0.45477 0.485867 
1534186096132 0.182259 0.928759 -0.322781 -0.595657 -0.949219 0.25182 0.188599 -0.224596 0.256446 0.272016 0.927493 0.381551 0.31622 -0.384863 0.867113 0.400795 -0.930002 -0.306262 0.203222 -0.504304 0.187351 -0.87068 -0.45477 0.485867 
1534186096236 0.182125 0.928745 -0.322897 -0.595581 -0.949256 0.251706 0.188568 -0.224614 0.256407 0.272169 0.927459 0.381556 0.31622 -0.384863 0.867113 0.400795 -0.930002 -0.306262 0.203222 -0.504304 0.187351 -0.87068 -0.45477 0.485867 
1534186096252 0.18199 0.928731 -0.323013 -0.595507 -0.949292 0.251592 0.188537 -0.224633 0.256368 0.272322 0.927424 0.38156 0.31622 -0.384863 0.867113 0.400795 -0.930002 -0.306262 0.203222 -0.504304 0.187351 -0.87068 -0.45477 0.485867 
1534186096282 0.182371 0.928845 -0.322473 -0.595781 -0.949212 0.251847 0.188601 -0.224502 0.256395 0.271699 0.9276 0.381541 0.31622 -0.384863 0.867113 0.400795 -0.930002 -0.306262 0.203222 -0.504304 0.187351 -0.87068 -0.45477 0.485867 
1534186096292 0.182163 0.928803 -0.322709 -0.595659 -0.949217 0.251737 0.18872 -0.224543 0.256521 0.271943 0.927493 0.381533 0.31622 -0.384863 0.867113 0.400795 -0.930002 -0.306262 0.203222 -0.504304 0.187351 -0.87068 -0.45477 0.485867 
1534186096309 0.181957 0.928762 -0.322945 -0.595533 -0.949223 0.251627 0.188838 -0.224581 0.256647 0.272187 0.927387 0.381526 0.31622 -0.384863 0.867113 0.400795 -0.930002 -0.306262 0.203222 -0.504304 0.187351 -0.87068 -0.45477 0.485867 
1534186096326 0.18175 0.92872 -0.323182 -0.595406 -0.949228 0.251518 0.188956 -0.22462 0.256774 0.272431 0.92728 0.38152 0.31622 -0.384863 0.867113 0.400795 -0.930002 -0.306262 0.203222 -0.504304 0.187351 -0.87068 -0.45477 0.485867 
1534186096342 0.181544 0.928678 -0.323419 -0.595279 -0.949234 0.251409 0.189075 -0.224658 0.2569 0.272675 0.927174 0.381513 0.31622 -0.384863 0.867113 0.400795 -0.930002 -0.306262 0.203222 -0.504304 0.187351 -0.87068 -0.45477 0.485867 
1534186096405 0.181337 0.928636 -0.323655 -0.595152 -0.949239 0.251299 0.189193 -0.224696 0.257026 0.272919 0.927067 0.381506 0.31622 -0.384863 0.867113 0.400795 -0.930002 -0.306262 0.203222 -0.504304 0.187351 -0.87068 -0.45477 0.485867 
1534186096468 0.18113 0.928594 -0.323892 -0.595026 -0.949244 0.25119 0.189311 -0.224734 0.257152 0.273162 0.92696 0.381499 0.31622 -0.384863 0.867113 0.400795 -0.930002 -0.306262 0.203222 -0.504304 0.187351 -0.87068 -0.45477 0.485867 
1534186096517 0.180924 0.928551 -0.324128 -0.594899 -0.94925 0.251081 0.18943 -0.224772 0.257277 0.273406 0.926853 0.381493 0.31622 -0.384863 0.867113 0.400795 -0.930002 -0.306262 0.203222 -0.504304 0.187351 -0.87068 -0.45477 0.485867 
1534186096667 0.180717 0.928509 -0.324364 -0.594773 -0.949255 0.250971 0.189548 -0.224811 0.257403 0.27365 0.926747 0.381486 0.31622 -0.384863 0.867113 0.400795 -0.930002 -0.306262 0.203222 -0.504304 0.187351 -0.87068 -0.45477 0.485867 
1534186096683 0.18051 0.928467 -0.324601 -0.594647 -0.94926 0.250862 0.189667 -0.224849 0.257529 0.273894 0.92664 0.381479 0.31622 -0.384863 0.867113 0.400795 -0.930002 -0.306262 0.203222 -0.504304 0.187351 -0.87068 -0.45477 0.485867 
1534186096780 0.180895 0.928572 -0.324086 -0.594934 -0.94926 0.25104 0.189431 -0.224707 0.257259 0.273375 0.926868 0.381511 0.31622 -0.384863 0.867113 0.400795 -0.930002 -0.306262 0.203222 -0.504304 0.187351 -0.87068 -0.45477 0.485867 
1534186096791 0.180655 0.928646 -0.324008 -0.594787 -0.949287 0.250818 0.189589 -0.224774 0.257328 0.273326 0.926863 0.381477 0.31622 -0.384863 0.867113 0.400795 -0.930002 -0.306262 0.203222 -0.504304 0.187351 -0.87068 -0.45477 0.485867 
1534186096807 0.180413 0.928719 -0.323931 -0.594636 -0.949314 0.250596 0.189747 -0.22484 0.257398 0.273279 0.926858 0.381442 0.31622 -0.384863 0.867113 0.400795 -0.930002 -0.306262 0.203222 -0.504304 0.187351 -0.87068 -0.45477 0.485867 
1534186096824 0.180172 0.928793 -0.323853 -0.594485 -0.949341 0.250374 0.189905 -0.224906 0.257467 0.273232 0.926852 0.381407 0.31622 -0.384863 0.867113 0.400795 -0.930002 -0.306262 0.203222 -0.504304 0.187351 -0.87068 -0.45477 0.485867 
1534186096841 0.179931 0.928867 -0.323776 -0.594333 -0.949368 0.250153 0.190062 -0.224972 0.257536 0.273184 0.926847 0.381373 0.31622 -0.384863 0.867113 0.400795 -0.930002 -0.306262 0.203222 -0.504304 0.187351 -0.87068 -0.45477 0.485867 
1534186096893 0.17969 0.928941 -0.323698 -0.594183 -0.949395 0.24993 0.190219 -0.225038 0.257605 0.273137 0.926842 0.381339 0.31622 -0.384863 0.867113 0.400795 -0.930002 -0.306262 0.203222 -0.504304 0.187351 -0.87068 -0.45477 0.485867 
1534186096984 0.179449 0.929014 -0.323621 -0.594031 -0.949422 0.249708 0.190377 -0.225103 0.257674 0.27309 0.926837 0.381304 0.31622 -0.384863 0.867113 0.400795 -0.930002 -0.306262 0.203222 -0.504304 0.187351 -0.87068 -0.45477 0.485867 
1534186096990 0.179208 0.929088 -0.323543 -0.593881 -0.949449 0.249486 0.190534 -0.225169 0.257743 0.273042 0.926832 0.38127 0.31622 -0.384863 0.867113 0.400795 -0.930002 -0.306262 0.203222 -0.504304 0.187351 -0.87068 -0.45477 0.485867 
