1535366688194 -0.337968 0.886988 -0.314692 -0.508102 -0.932893 -0.359932 -0.0126082 -0.274832 -0.124451 0.289313 0.94911 0.361122 0.283358 -0.294632 0.912634 0.279583 -0.952071 -0.200725 0.230802 -0.493697 0.115187 -0.934292 -0.337388 0.473697 
1535366688217 -0.282033 0.909453 -0.305536 -0.521035 -0.955589 -0.294659 0.00500549 -0.271524 -0.0854766 0.293379 0.952167 0.362391 0.26868 -0.280178 0.921581 0.289803 -0.958828 -0.169151 0.228114 -0.492668 0.0919739 -0.944928 -0.31409 0.470515 
1535366688220 -0.224512 0.927969 -0.297436 -0.533968 -0.973373 -0.228047 0.023242 -0.268215 -0.0462614 0.294734 0.954459 0.363659 0.254339 -0.265119 0.930067 0.300021 -0.9647 -0.137477 0.224621 -0.49164 0.0683117 -0.954365 -0.290726 0.467333 
1535366689344 -0.165701 0.94244 -0.290432 -0.546901 -0.986151 -0.160441 0.0420061 -0.264907 -0.00700897 0.293371 0.955973 0.364928 0.240355 -0.249475 0.938079 0.31024 -0.969677 -0.105749 0.220328 -0.490611 0.0442342 -0.96259 -0.267328 0.464152 
1535366689599 -0.105904 0.95279 -0.284563 -0.559834 -0.993859 -0.0921906 0.0612011 -0.261598 0.0320778 0.289297 0.956702 0.366197 0.226747 -0.233269 0.945606 0.320458 -0.973753 -0.0740092 0.21524 -0.489582 0.0197748 -0.969592 -0.243928 0.46097 
1535366690136 -0.045432 0.958966 -0.279857 -0.572767 -0.996456 -0.0236492 0.0807276 -0.25829 0.0707966 0.282533 0.956642 0.367465 0.213536 -0.216522 0.952639 0.330677 -0.976922 -0.0423021 0.209364 -0.488554 -0.00503344 -0.975361 -0.220558 0.457789 
