1535134080323 0.244952 0.926992 -0.284051 -0.614289 -0.938863 0.299904 0.169099 -0.237213 0.241942 0.225263 0.94378 0.380887 0.16008 -0.304787 0.938871 0.370831 -0.775623 0.549475 0.310623 -0.528794 -0.61056 -0.777934 -0.14844 0.432481 
1535134080333 0.24485 0.927317 -0.283076 -0.616474 -0.93936 0.299191 0.167594 -0.23781 0.240106 0.224875 0.944341 0.379981 0.316241 -0.38488 0.867098 0.400864 -0.930001 -0.306251 0.203246 -0.504429 0.187325 -0.870677 -0.454788 0.485926 
1535134080694 0.244747 0.927641 -0.282101 -0.618658 -0.939855 0.298478 0.166086 -0.238408 0.238269 0.224485 0.944899 0.379075 0.316241 -0.38488 0.867098 0.400864 -0.930001 -0.306251 0.203246 -0.504429 0.187325 -0.870677 -0.454788 0.485926 
1535134081069 0.244642 0.927964 -0.281126 -0.620842 -0.940346 0.297765 0.164578 -0.239005 0.236432 0.224093 0.945453 0.378169 0.316241 -0.38488 0.867098 0.400864 -0.930001 -0.306251 0.203246 -0.504429 0.187325 -0.870677 -0.454788 0.485926 
1535134081436 0.244535 0.928287 -0.280152 -0.623026 -0.940834 0.297053 0.163067 -0.239601 0.234594 0.223701 0.946004 0.377263 0.316241 -0.38488 0.867098 0.400864 -0.930001 -0.306251 0.203246 -0.504429 0.187325 -0.870677 -0.454788 0.485926 
1535134081801 0.244427 0.928609 -0.279177 -0.625208 -0.941319 0.296342 0.161556 -0.240198 0.232755 0.223306 0.946551 0.376358 0.316241 -0.38488 0.867098 0.400864 -0.930001 -0.306251 0.203246 -0.504429 0.187325 -0.870677 -0.454788 0.485926 
1535134082154 0.244316 0.928931 -0.278203 -0.62739 -0.9418 0.295632 0.160043 -0.240794 0.230915 0.222911 0.947095 0.375452 0.316241 -0.38488 0.867098 0.400864 -0.930001 -0.306251 0.203246 -0.504429 0.187325 -0.870677 -0.454788 0.485926 
1535134082524 0.244203 0.929252 -0.277229 -0.629571 -0.942279 0.294922 0.158529 -0.24139 0.229074 0.222514 0.947635 0.374547 0.316241 -0.38488 0.867098 0.400864 -0.930001 -0.306251 0.203246 -0.504429 0.187325 -0.870677 -0.454788 0.485926 
1535134082885 0.244089 0.929572 -0.276255 -0.631752 -0.942754 0.294212 0.157014 -0.241985 0.227233 0.222115 0.948172 0.373642 0.316241 -0.38488 0.867098 0.400864 -0.930001 -0.306251 0.203246 -0.504429 0.187325 -0.870677 -0.454788 0.485926 
1535134083253 0.244037 0.929831 -0.275429 -0.633172 -0.943213 0.293587 0.155424 -0.242224 0.22538 0.221859 0.948674 0.372887 0.316531 -0.385118 0.866887 0.401814 -0.929976 -0.306103 0.20358 -0.50615 0.186955 -0.870623 -0.455042 0.486735 
1535134083570 0.244418 0.929594 -0.275888 -0.632959 -0.942968 0.294173 0.155799 -0.242285 0.225989 0.222074 0.948479 0.373011 0.316531 -0.385118 0.866887 0.401814 -0.929976 -0.306103 0.20358 -0.50615 0.186955 -0.870623 -0.455042 0.486735 
1535134083582 0.243779 0.929641 -0.276297 -0.633129 -0.942932 0.293827 0.156668 -0.242461 0.226828 0.222337 0.948217 0.372916 0.316221 -0.384863 0.867113 0.400797 -0.930002 -0.306262 0.203223 -0.504308 0.187351 -0.87068 -0.45477 0.485869 
1535134083605 0.244142 0.929729 -0.275677 -0.633092 -0.943099 0.293815 0.155683 -0.242223 0.225741 0.221982 0.94856 0.372979 -0.046807 -0.714105 0.698472 0.180609 -0.958187 -0.165504 -0.23342 -0.621161 0.282287 -0.680192 -0.6765 0.483467 
1535134083619 0.243695 0.929782 -0.275895 -0.63333 -0.943162 0.293474 0.155942 -0.242381 0.22596 0.222211 0.948453 0.3729 0.316193 -0.384848 0.86713 0.400702 -0.930005 -0.306278 0.203188 -0.504117 0.187386 -0.870681 -0.454753 0.485797 
1535134083635 0.243247 0.929834 -0.276114 -0.633569 -0.943225 0.293134 0.156202 -0.242539 0.22618 0.222442 0.948347 0.37282 0.316193 -0.384848 0.86713 0.400702 -0.930005 -0.306278 0.203188 -0.504117 0.187386 -0.870681 -0.454753 0.485797 
1535134083827 0.242799 0.929886 -0.276333 -0.633807 -0.943288 0.292793 0.156461 -0.242697 0.2264 0.222673 0.94824 0.372741 0.316193 -0.384848 0.86713 0.400702 -0.930005 -0.306278 0.203188 -0.504117 0.187386 -0.870681 -0.454753 0.485797 
1535134083951 0.24235 0.929938 -0.276552 -0.634045 -0.94335 0.292453 0.156721 -0.242855 0.226619 0.222904 0.948134 0.372661 0.316193 -0.384848 0.86713 0.400702 -0.930005 -0.306278 0.203188 -0.504117 0.187386 -0.870681 -0.454753 0.485797 
1535134084060 0.241902 0.92999 -0.276771 -0.634284 -0.943413 0.292112 0.156981 -0.243013 0.226839 0.223135 0.948027 0.372582 0.316193 -0.384848 0.86713 0.400702 -0.930005 -0.306278 0.203188 -0.504117 0.187386 -0.870681 -0.454753 0.485797 
1535134084067 0.241454 0.930041 -0.27699 -0.634522 -0.943475 0.291772 0.157241 -0.243171 0.227058 0.223366 0.94792 0.372502 0.316193 -0.384848 0.86713 0.400702 -0.930005 -0.306278 0.203188 -0.504117 0.187386 -0.870681 -0.454753 0.485797 
1535134084246 0.241005 0.930092 -0.277208 -0.63476 -0.943537 0.291431 0.157501 -0.243329 0.227277 0.223598 0.947813 0.372423 0.316193 -0.384848 0.86713 0.400702 -0.930005 -0.306278 0.203188 -0.504117 0.187386 -0.870681 -0.454753 0.485797 
1535134084348 0.240557 0.930143 -0.277427 -0.634998 -0.943598 0.291091 0.157761 -0.243487 0.227496 0.223829 0.947706 0.372344 0.316193 -0.384848 0.86713 0.400702 -0.930005 -0.306278 0.203188 -0.504117 0.187386 -0.870681 -0.454753 0.485797 
1535134084455 0.240133 0.930172 -0.277699 -0.634962 -0.943655 0.290782 0.157992 -0.243511 0.22771 0.224113 0.947587 0.37232 0.316139 -0.384881 0.867135 0.400315 -0.930019 -0.306279 0.203122 -0.503458 0.187407 -0.870666 -0.454773 0.485837 
1535134084497 0.240821 0.930114 -0.277296 -0.634867 -0.943599 0.291254 0.157453 -0.243422 0.227213 0.223739 0.947795 0.372403 0.316139 -0.384881 0.867135 0.400315 -0.930019 -0.306279 0.203122 -0.503458 0.187407 -0.870666 -0.454773 0.485837 
1535134084508 0.24012 0.930244 -0.277469 -0.634953 -0.943749 0.290641 0.157688 -0.243569 0.227332 0.223997 0.947705 0.372481 0.316219 -0.384862 0.867114 0.400793 -0.930002 -0.306263 0.203221 -0.5043 0.187353 -0.87068 -0.454769 0.485865 
1535134084525 0.239419 0.930373 -0.277642 -0.635038 -0.943899 0.290027 0.157924 -0.243716 0.227451 0.224256 0.947616 0.372559 0.316219 -0.384862 0.867114 0.400793 -0.930002 -0.306263 0.203221 -0.5043 0.187353 -0.87068 -0.454769 0.485865 
1535134084635 0.238717 0.930502 -0.277813 -0.635124 -0.944048 0.289413 0.158159 -0.243863 0.22757 0.224514 0.947526 0.372637 0.316219 -0.384862 0.867114 0.400793 -0.930002 -0.306263 0.203221 -0.5043 0.187353 -0.87068 -0.454769 0.485865 
1535134084642 0.238016 0.93063 -0.277985 -0.635211 -0.944196 0.288799 0.158395 -0.24401 0.227689 0.224772 0.947436 0.372715 0.316219 -0.384862 0.867114 0.400794 -0.930002 -0.306263 0.203221 -0.504301 0.187353 -0.87068 -0.454769 0.485866 
1535134084813 0.237314 0.930758 -0.278157 -0.635297 -0.944344 0.288185 0.158631 -0.244157 0.227807 0.225031 0.947346 0.372793 0.316219 -0.384862 0.867114 0.400794 -0.930002 -0.306263 0.203221 -0.504301 0.187353 -0.87068 -0.454769 0.485866 
1535134084932 0.236612 0.930886 -0.278328 -0.635385 -0.944492 0.28757 0.158867 -0.244305 0.227926 0.225289 0.947256 0.372871 0.31622 -0.384862 0.867114 0.400794 -0.930002 -0.306263 0.203221 -0.504302 0.187352 -0.87068 -0.454769 0.485866 
1535134085036 0.23591 0.931013 -0.2785 -0.635471 -0.944639 0.286956 0.159102 -0.244452 0.228044 0.225548 0.947166 0.372949 0.31622 -0.384862 0.867114 0.400794 -0.930002 -0.306263 0.203221 -0.504302 0.187352 -0.87068 -0.454769 0.485866 
1535134085130 0.235208 0.931139 -0.278671 -0.635559 -0.944786 0.286342 0.159339 -0.2446 0.228161 0.225806 0.947076 0.373026 0.316219 -0.384862 0.867114 0.400794 -0.930002 -0.306263 0.203221 -0.504303 0.187352 -0.87068 -0.454769 0.485866 
1535134085238 0.234505 0.931265 -0.278842 -0.635645 -0.944932 0.285727 0.159575 -0.244748 0.228279 0.226065 0.946986 0.373104 0.316219 -0.384862 0.867114 0.400794 -0.930002 -0.306263 0.203221 -0.504303 0.187352 -0.87068 -0.454769 0.485866 
1535134085351 0.235072 0.931211 -0.278545 -0.635539 -0.944821 0.286189 0.159406 -0.244577 0.228157 0.225703 0.947102 0.373062 0.316219 -0.384862 0.867114 0.400794 -0.930002 -0.306263 0.203221 -0.504303 0.187352 -0.87068 -0.454769 0.485866 
1535134085362 0.234997 0.931303 -0.2783 -0.635587 -0.944964 0.285952 0.15898 -0.244658 0.227639 0.225624 0.947246 0.37306 0.31622 -0.384862 0.867114 0.400795 -0.930002 -0.306263 0.203221 -0.504304 0.187352 -0.87068 -0.454769 0.485867 
1535134085378 0.234922 0.931395 -0.278055 -0.63564 -0.945107 0.285714 0.158554 -0.244741 0.227121 0.225544 0.947389 0.373057 0.31622 -0.384862 0.867114 0.400795 -0.930002 -0.306263 0.203221 -0.504304 0.187352 -0.87068 -0.454769 0.485867 
1535134085395 0.234847 0.931488 -0.277809 -0.635692 -0.94525 0.285477 0.158128 -0.244825 0.226602 0.225463 0.947532 0.373054 0.31622 -0.384862 0.867114 0.400795 -0.930002 -0.306263 0.203221 -0.504304 0.187352 -0.87068 -0.454769 0.485867 
1535134085486 0.234771 0.93158 -0.277563 -0.635745 -0.945393 0.28524 0.157702 -0.244908 0.226084 0.225383 0.947675 0.37305 0.31622 -0.384862 0.867114 0.400795 -0.930002 -0.306263 0.203221 -0.504304 0.187352 -0.87068 -0.454769 0.485867 
1535134085523 0.234696 0.931672 -0.277318 -0.635798 -0.945536 0.285002 0.157276 -0.244992 0.225565 0.225302 0.947818 0.373047 0.31622 -0.384862 0.867114 0.400795 -0.930002 -0.306263 0.203221 -0.504304 0.187352 -0.87068 -0.454769 0.485867 
1535134085545 0.23462 0.931764 -0.277072 -0.635852 -0.945678 0.284765 0.156849 -0.245075 0.225047 0.225221 0.947961 0.373044 0.31622 -0.384862 0.867114 0.400795 -0.930002 -0.306263 0.203221 -0.504304 0.187352 -0.87068 -0.454769 0.485867 
1535134085608 0.234544 0.931856 -0.276827 -0.635904 -0.94582 0.284528 0.156423 -0.245158 0.224528 0.22514 0.948103 0.373041 0.31622 -0.384862 0.867114 0.400795 -0.930002 -0.306263 0.203221 -0.504304 0.187352 -0.87068 -0.454769 0.485867 
1535134085641 0.234468 0.931948 -0.276581 -0.635958 -0.945962 0.28429 0.155996 -0.245242 0.22401 0.225059 0.948245 0.373037 0.31622 -0.384862 0.867114 0.400795 -0.930002 -0.306263 0.203221 -0.504304 0.187352 -0.87068 -0.454769 0.485867 
1535134085670 0.234392 0.93204 -0.276335 -0.63601 -0.946104 0.284053 0.15557 -0.245325 0.223491 0.224978 0.948386 0.373034 0.31622 -0.384862 0.867114 0.400795 -0.930002 -0.306263 0.203221 -0.504304 0.187352 -0.87068 -0.454769 0.485867 
1535134085728 0.234731 0.931709 -0.277164 -0.63589 -0.945667 0.284871 0.156725 -0.245172 0.224978 0.225317 0.947954 0.372995 0.31622 -0.384862 0.867114 0.400795 -0.930002 -0.306263 0.203221 -0.504304 0.187352 -0.87068 -0.454769 0.485867 
1535134085741 0.235109 0.931665 -0.27699 -0.635887 -0.945699 0.285077 0.156155 -0.245155 0.224448 0.225236 0.948099 0.372984 0.31622 -0.384862 0.867114 0.400795 -0.930002 -0.306263 0.203221 -0.504304 0.187352 -0.87068 -0.454769 0.485867 
1535134085746 0.235487 0.931622 -0.276816 -0.635879 -0.945731 0.285283 0.155585 -0.245136 0.223918 0.225155 0.948244 0.372974 0.31622 -0.384862 0.867114 0.400795 -0.930002 -0.306263 0.203221 -0.504304 0.187352 -0.87068 -0.454769 0.485867 
1535134085897 0.235864 0.931578 -0.276642 -0.635872 -0.945762 0.285489 0.155015 -0.245117 0.223387 0.225075 0.948388 0.372964 0.31622 -0.384862 0.867114 0.400795 -0.930002 -0.306263 0.203221 -0.504304 0.187352 -0.87068 -0.454769 0.485867 
1535134085925 0.236242 0.931534 -0.276468 -0.635864 -0.945793 0.285695 0.154445 -0.245098 0.222857 0.224995 0.948532 0.372955 0.31622 -0.384862 0.867114 0.400795 -0.930002 -0.306263 0.203221 -0.504304 0.187352 -0.87068 -0.454769 0.485867 
1535134085981 0.236619 0.93149 -0.276293 -0.635856 -0.945824 0.285902 0.153875 -0.245079 0.222326 0.224915 0.948675 0.372945 0.31622 -0.384862 0.867114 0.400795 -0.930002 -0.306263 0.203221 -0.504304 0.187352 -0.87068 -0.454769 0.485867 
1535134086046 0.236996 0.931446 -0.276118 -0.635847 -0.945854 0.286108 0.153305 -0.24506 0.221795 0.224835 0.948818 0.372935 0.31622 -0.384862 0.867114 0.400795 -0.930002 -0.306263 0.203221 -0.504304 0.187352 -0.87068 -0.454769 0.485867 
1535134086053 0.237373 0.931402 -0.275943 -0.63584 -0.945884 0.286314 0.152735 -0.245041 0.221264 0.224755 0.948961 0.372925 0.31622 -0.384862 0.867114 0.400795 -0.930002 -0.306263 0.203221 -0.504304 0.187352 -0.87068 -0.454769 0.485867 
1535134086150 0.23775 0.931358 -0.275768 -0.635831 -0.945913 0.286521 0.152165 -0.245021 0.220734 0.224675 0.949104 0.372916 0.31622 -0.384862 0.867114 0.400795 -0.930002 -0.306263 0.203221 -0.504304 0.187352 -0.87068 -0.454769 0.485867 
1535134086193 0.238127 0.931313 -0.275592 -0.635824 -0.945942 0.286727 0.151595 -0.245002 0.220202 0.224595 0.949246 0.372906 0.31622 -0.384862 0.867114 0.400795 -0.930002 -0.306263 0.203221 -0.504304 0.187352 -0.87068 -0.454769 0.485867 
1535134086259 0.23752 0.931374 -0.275912 -0.635841 -0.945805 0.286493 0.152888 -0.245078 0.221443 0.224644 0.948946 0.372967 0.31622 -0.384862 0.867114 0.400795 -0.930002 -0.306263 0.203221 -0.504304 0.187352 -0.87068 -0.454769 0.485867 
1535134086269 0.238015 0.931278 -0.275808 -0.635659 -0.945685 0.286945 0.152784 -0.245012 0.221426 0.224463 0.948993 0.373034 0.31622 -0.384862 0.867114 0.400795 -0.930002 -0.306263 0.203221 -0.504304 0.187352 -0.87068 -0.454769 0.485867 
1535134086286 0.23851 0.931182 -0.275706 -0.635473 -0.945564 0.287399 0.152679 -0.244944 0.221409 0.224282 0.949039 0.373102 0.31622 -0.384862 0.867114 0.400795 -0.930002 -0.306263 0.203221 -0.504304 0.187352 -0.87068 -0.454769 0.485867 
1535134086411 0.239005 0.931085 -0.275603 -0.635285 -0.945443 0.287853 0.152573 -0.244875 0.221392 0.224101 0.949086 0.37317 0.31622 -0.384862 0.867114 0.400795 -0.930002 -0.306263 0.203221 -0.504304 0.187352 -0.87068 -0.454769 0.485867 
1535134086473 0.2395 0.930988 -0.275501 -0.635097 -0.945322 0.288307 0.152468 -0.244806 0.221375 0.223921 0.949133 0.373238 0.31622 -0.384862 0.867114 0.400795 -0.930002 -0.306263 0.203221 -0.504304 0.187352 -0.87068 -0.454769 0.485867 
1535134086573 0.239995 0.930891 -0.275398 -0.634911 -0.9452 0.28876 0.152363 -0.244738 0.221358 0.22374 0.949179 0.373306 0.31622 -0.384862 0.867114 0.400795 -0.930002 -0.306263 0.203221 -0.504304 0.187352 -0.87068 -0.454769 0.485867 
1535134086632 0.24049 0.930794 -0.275295 -0.634724 -0.945078 0.289214 0.152258 -0.244669 0.22134 0.223559 0.949226 0.373374 0.31622 -0.384862 0.867114 0.400795 -0.930002 -0.306263 0.203221 -0.504304 0.187352 -0.87068 -0.454769 0.485867 
1535134086639 0.240986 0.930696 -0.275193 -0.634536 -0.944956 0.289667 0.152153 -0.244601 0.221323 0.223379 0.949273 0.373442 0.31622 -0.384862 0.867114 0.400795 -0.930002 -0.306263 0.203221 -0.504304 0.187352 -0.87068 -0.454769 0.485867 
1535134086775 0.24148 0.930598 -0.27509 -0.634349 -0.944834 0.290121 0.152048 -0.244532 0.221305 0.223198 0.949319 0.37351 0.31622 -0.384862 0.867114 0.400795 -0.930002 -0.306263 0.203221 -0.504304 0.187352 -0.87068 -0.454769 0.485867 
1535134086836 0.241975 0.9305 -0.274987 -0.634163 -0.944712 0.290574 0.151944 -0.244464 0.221288 0.223017 0.949366 0.373578 0.31622 -0.384862 0.867114 0.400795 -0.930002 -0.306263 0.203221 -0.504304 0.187352 -0.87068 -0.454769 0.485867 
1535134086958 0.241354 0.930611 -0.275155 -0.6344 -0.944853 0.290024 0.152114 -0.244471 0.22136 0.223268 0.94929 0.373432 0.31622 -0.384862 0.867114 0.400795 -0.930002 -0.306263 0.203221 -0.504304 0.187352 -0.87068 -0.454769 0.485867 
1535134086971 0.241431 0.930523 -0.275387 -0.634047 -0.944828 0.29014 0.152047 -0.244362 0.221384 0.223485 0.949233 0.37361 0.31622 -0.384862 0.867114 0.400795 -0.930002 -0.306263 0.203221 -0.504304 0.187352 -0.87068 -0.454769 0.485867 
1535134086995 0.241506 0.930435 -0.275619 -0.633686 -0.944803 0.290256 0.151979 -0.24425 0.221407 0.223702 0.949177 0.373789 0.31622 -0.384862 0.867114 0.400795 -0.930002 -0.306263 0.203221 -0.504304 0.187352 -0.87068 -0.454769 0.485867 
1535134087177 0.241582 0.930346 -0.275851 -0.633328 -0.944779 0.290372 0.151912 -0.244139 0.22143 0.223918 0.94912 0.373968 0.31622 -0.384862 0.867114 0.400795 -0.930002 -0.306263 0.203221 -0.504304 0.187352 -0.87068 -0.454769 0.485867 
1535134087336 0.241658 0.930258 -0.276082 -0.632969 -0.944754 0.290488 0.151845 -0.244027 0.221454 0.224135 0.949064 0.374147 0.31622 -0.384862 0.867114 0.400795 -0.930002 -0.306263 0.203221 -0.504304 0.187352 -0.87068 -0.454769 0.485867 
1535134087496 0.241734 0.93017 -0.276314 -0.632609 -0.944729 0.290604 0.151778 -0.243915 0.221477 0.224352 0.949007 0.374326 0.31622 -0.384862 0.867114 0.400795 -0.930002 -0.306263 0.203221 -0.504304 0.187352 -0.87068 -0.454769 0.485867 
1535134087662 0.24181 0.930081 -0.276545 -0.632251 -0.944704 0.29072 0.15171 -0.243804 0.2215 0.224568 0.94895 0.374504 0.31622 -0.384862 0.867114 0.400795 -0.930002 -0.306263 0.203221 -0.504304 0.187352 -0.87068 -0.454769 0.485867 
1535134087832 0.241885 0.929992 -0.276777 -0.631891 -0.944679 0.290836 0.151643 -0.243692 0.221524 0.224785 0.948894 0.374683 0.31622 -0.384862 0.867114 0.400795 -0.930002 -0.306263 0.203221 -0.504304 0.187352 -0.87068 -0.454769 0.485867 
1535134087990 0.241961 0.929904 -0.277008 -0.631533 -0.944654 0.290952 0.151576 -0.243581 0.221547 0.225002 0.948837 0.374862 0.31622 -0.384862 0.867114 0.400795 -0.930002 -0.306263 0.203221 -0.504304 0.187352 -0.87068 -0.454769 0.485867 
1535134087996 0.242037 0.929815 -0.27724 -0.631175 -0.944629 0.291068 0.151508 -0.243469 0.22157 0.225218 0.94878 0.375041 0.31622 -0.384862 0.867114 0.400795 -0.930002 -0.306263 0.203221 -0.504304 0.187352 -0.87068 -0.454769 0.485867 
1535134088239 0.24176 0.929935 -0.27708 -0.631396 -0.944726 0.29075 0.151516 -0.243452 0.221461 0.225135 0.948825 0.374892 0.31622 -0.384862 0.867114 0.400795 -0.930002 -0.306263 0.203221 -0.504304 0.187352 -0.87068 -0.454769 0.485867 
1535134088250 0.241915 0.929859 -0.277199 -0.630936 -0.944636 0.29097 0.151656 -0.243268 0.221675 0.225164 0.948768 0.375035 0.31622 -0.384862 0.867114 0.400795 -0.930002 -0.306263 0.203221 -0.504304 0.187352 -0.87068 -0.454769 0.485867 
1535134088397 0.242071 0.929783 -0.277317 -0.630472 -0.944546 0.291189 0.151796 -0.243082 0.221889 0.225194 0.948711 0.375179 0.31622 -0.384862 0.867114 0.400795 -0.930002 -0.306263 0.203221 -0.504304 0.187352 -0.87068 -0.454769 0.485867 
1535134088414 0.242226 0.929708 -0.277436 -0.630007 -0.944456 0.291408 0.151935 -0.242896 0.222102 0.225223 0.948654 0.375324 0.31622 -0.384862 0.867114 0.400795 -0.930002 -0.306263 0.203221 -0.504304 0.187352 -0.87068 -0.454769 0.485867 
1535134088696 0.241837 0.92988 -0.277197 -0.630233 -0.944569 0.290983 0.152049 -0.242886 0.222047 0.22506 0.948706 0.375369 -0.207267 0.605225 0.768598 0.388382 -0.945149 0.0788611 -0.316975 -0.569849 -0.252454 -0.792139 0.555683 0.613184 
1535134088702 0.241986 0.929892 -0.277026 -0.629676 -0.944405 0.291225 0.152601 -0.24269 0.222579 0.224698 0.948667 0.375489 0.31618 -0.384843 0.867137 0.400645 -0.930004 -0.306294 0.203167 -0.503992 0.187411 -0.870678 -0.45475 0.485747 
1535134088841 0.242135 0.929904 -0.276856 -0.629119 -0.944241 0.291466 0.153154 -0.242493 0.223112 0.224335 0.948628 0.375608 0.31618 -0.384843 0.867137 0.400645 -0.930004 -0.306294 0.203167 -0.503992 0.187411 -0.870678 -0.45475 0.485747 
1535134089037 0.242284 0.929916 -0.276686 -0.628561 -0.944077 0.291707 0.153706 -0.242297 0.223645 0.223972 0.948588 0.375728 0.31618 -0.384843 0.867137 0.400645 -0.930004 -0.306294 0.203167 -0.503992 0.187411 -0.870678 -0.45475 0.485747 
1535134089214 0.242433 0.929928 -0.276516 -0.628004 -0.943912 0.291948 0.154259 -0.2421 0.224178 0.223609 0.948548 0.375848 0.31618 -0.384843 0.867137 0.400645 -0.930004 -0.306294 0.203167 -0.503992 0.187411 -0.870678 -0.45475 0.485747 
1535134089390 0.242582 0.929939 -0.276346 -0.627446 -0.943747 0.292189 0.154811 -0.241904 0.22471 0.223246 0.948507 0.375968 0.31618 -0.384843 0.867137 0.400645 -0.930004 -0.306294 0.203167 -0.503992 0.187411 -0.870678 -0.45475 0.485747 
1535134089591 0.242731 0.929951 -0.276176 -0.626887 -0.943582 0.292429 0.155364 -0.241707 0.225243 0.222883 0.948467 0.376088 0.31618 -0.384843 0.867137 0.400645 -0.930004 -0.306294 0.203167 -0.503992 0.187411 -0.870678 -0.45475 0.485747 
