1535135447682 0.224204 0.923536 -0.311148 -0.509911 -0.942782 0.286391 0.170712 -0.18852 0.246769 0.25507 0.934903 0.447479 0.16008 -0.304787 0.938871 0.370831 -0.775623 0.549475 0.310623 -0.528794 -0.61056 -0.777934 -0.14844 0.432481 
1535135447694 0.226477 0.924161 -0.307628 -0.522513 -0.942775 0.287342 0.169143 -0.193947 0.24471 0.251717 0.936352 0.43995 0.316225 -0.384867 0.86711 0.400813 -0.930002 -0.30626 0.203228 -0.504337 0.187345 -0.870679 -0.454774 0.485882 
1535135448466 0.228742 0.92477 -0.3041 -0.535114 -0.942763 0.288298 0.167577 -0.199375 0.242641 0.248363 0.937785 0.43242 0.316225 -0.384867 0.86711 0.400813 -0.930002 -0.30626 0.203228 -0.504337 0.187345 -0.870679 -0.454774 0.485882 
1535135448473 0.230999 0.925365 -0.300564 -0.547715 -0.942745 0.28926 0.166013 -0.204802 0.240564 0.245007 0.939202 0.42489 0.316225 -0.384867 0.86711 0.400813 -0.930002 -0.30626 0.203228 -0.504337 0.187345 -0.870679 -0.454774 0.485882 
1535135449567 0.233247 0.925945 -0.297021 -0.560316 -0.942722 0.290226 0.164453 -0.21023 0.238478 0.24165 0.940603 0.417361 0.316225 -0.384867 0.86711 0.400813 -0.930002 -0.30626 0.203228 -0.504337 0.187345 -0.870679 -0.454774 0.485882 
1535135450373 0.235487 0.92651 -0.29347 -0.572914 -0.942692 0.291197 0.162896 -0.215656 0.236383 0.238292 0.941987 0.409831 0.316225 -0.384867 0.86711 0.400813 -0.930002 -0.30626 0.203228 -0.504337 0.187345 -0.870679 -0.454774 0.485882 
1535135451188 0.237719 0.92706 -0.289912 -0.585511 -0.942657 0.292174 0.161342 -0.221082 0.234279 0.234934 0.943356 0.402302 0.316225 -0.384867 0.86711 0.400813 -0.930002 -0.30626 0.203228 -0.504337 0.187345 -0.870679 -0.454774 0.485882 
1535135452013 0.239943 0.927595 -0.286347 -0.598104 -0.942617 0.293156 0.159791 -0.226506 0.232165 0.231575 0.944708 0.394774 0.316225 -0.384867 0.86711 0.400813 -0.930002 -0.30626 0.203228 -0.504337 0.187345 -0.870679 -0.454774 0.485882 
1535135452847 0.242158 0.928115 -0.282775 -0.610692 -0.942571 0.294143 0.158242 -0.231927 0.230043 0.228216 0.946043 0.387247 0.316225 -0.384867 0.86711 0.400813 -0.930002 -0.30626 0.203228 -0.504337 0.187345 -0.870679 -0.454774 0.485882 
1535135453691 0.244518 0.928478 -0.279533 -0.621608 -0.942487 0.295331 0.156521 -0.236543 0.227881 0.225184 0.947292 0.380052 0.316379 -0.384993 0.866998 0.401317 -0.929989 -0.306181 0.203405 -0.505249 0.187149 -0.870651 -0.454908 0.48631 
1535135454530 0.245323 0.928076 -0.280164 -0.6214 -0.942312 0.296173 0.155978 -0.236776 0.227737 0.225737 0.947195 0.380159 0.316379 -0.384993 0.866998 0.401317 -0.929989 -0.306181 0.203405 -0.505249 0.187149 -0.870651 -0.454908 0.48631 
1535135454543 0.244857 0.927824 -0.281404 -0.621884 -0.942478 0.295891 0.155513 -0.236907 0.227553 0.227139 0.946904 0.379818 0.316221 -0.384863 0.867113 0.400797 -0.930002 -0.306262 0.203223 -0.504308 0.187351 -0.87068 -0.45477 0.485869 
1535135454666 0.244365 0.92758 -0.282634 -0.622375 -0.942649 0.295582 0.155061 -0.237031 0.227373 0.228533 0.946612 0.379474 0.316221 -0.384863 0.867113 0.400797 -0.930002 -0.306262 0.203223 -0.504308 0.187351 -0.87068 -0.45477 0.485869 
1535135454808 0.243874 0.927334 -0.283863 -0.622865 -0.94282 0.295273 0.15461 -0.237154 0.227193 0.229926 0.946318 0.379131 0.316221 -0.384863 0.867113 0.400797 -0.930002 -0.306262 0.203223 -0.504308 0.187351 -0.87068 -0.45477 0.485869 
1535135454952 0.243382 0.927086 -0.285092 -0.623357 -0.942991 0.294964 0.15416 -0.237278 0.227011 0.231319 0.946022 0.378787 0.31622 -0.384863 0.867113 0.400797 -0.930002 -0.306262 0.203222 -0.504307 0.187351 -0.87068 -0.45477 0.485868 
1535135454958 0.242891 0.926836 -0.28632 -0.623849 -0.943161 0.294653 0.15371 -0.237402 0.226829 0.232711 0.945724 0.378442 0.316221 -0.384863 0.867113 0.400796 -0.930002 -0.306262 0.203223 -0.504306 0.187351 -0.87068 -0.45477 0.485868 
1535135455154 0.2424 0.926584 -0.287549 -0.62434 -0.943331 0.294342 0.15326 -0.237526 0.226646 0.234104 0.945424 0.378098 0.316221 -0.384863 0.867113 0.400796 -0.930002 -0.306262 0.203223 -0.504306 0.187351 -0.87068 -0.45477 0.485868 
1535135455296 0.241909 0.926331 -0.288776 -0.624832 -0.943501 0.294031 0.152811 -0.237651 0.226462 0.235495 0.945123 0.377754 0.31622 -0.384863 0.867113 0.400796 -0.930002 -0.306262 0.203222 -0.504306 0.187351 -0.87068 -0.454769 0.485868 
1535135455437 0.241418 0.926075 -0.290004 -0.625323 -0.943671 0.293718 0.152362 -0.237774 0.226278 0.236886 0.944819 0.37741 0.31622 -0.384863 0.867113 0.400796 -0.930002 -0.306262 0.203222 -0.504306 0.187351 -0.87068 -0.454769 0.485868 
1535135455690 0.240928 0.925817 -0.291231 -0.625815 -0.943841 0.293405 0.151913 -0.237898 0.226093 0.238276 0.944514 0.377066 0.31622 -0.384863 0.867113 0.400796 -0.930002 -0.306262 0.203222 -0.504306 0.187351 -0.87068 -0.454769 0.485868 
1535135455847 0.241324 0.925963 -0.290439 -0.625479 -0.943675 0.293721 0.152335 -0.237858 0.226365 0.237318 0.94469 0.377271 0.31622 -0.384863 0.867113 0.400796 -0.930002 -0.306262 0.203222 -0.504306 0.187351 -0.87068 -0.454769 0.485868 
1535135455860 0.241179 0.925972 -0.290533 -0.626197 -0.943608 0.293707 0.152773 -0.238273 0.226795 0.237304 0.94459 0.376993 0.31622 -0.384863 0.867113 0.400795 -0.930002 -0.306262 0.203222 -0.504304 0.187351 -0.87068 -0.454769 0.485867 
1535135456058 0.241032 0.925981 -0.290626 -0.62692 -0.943542 0.293691 0.153213 -0.23869 0.227226 0.237289 0.944491 0.376714 0.31622 -0.384863 0.867113 0.400795 -0.930002 -0.306262 0.203222 -0.504304 0.187351 -0.87068 -0.454769 0.485867 
1535135456271 0.240886 0.92599 -0.290719 -0.627642 -0.943476 0.293675 0.153653 -0.239107 0.227657 0.237273 0.944391 0.376436 0.31622 -0.384863 0.867113 0.400795 -0.930002 -0.306262 0.203222 -0.504304 0.187351 -0.87068 -0.454769 0.485867 
1535135456482 0.240739 0.925999 -0.290811 -0.628365 -0.943409 0.293658 0.154092 -0.239524 0.228088 0.237258 0.94429 0.376157 0.31622 -0.384863 0.867113 0.400795 -0.930002 -0.306262 0.203222 -0.504304 0.187351 -0.87068 -0.454769 0.485867 
1535135456695 0.240593 0.926008 -0.290904 -0.629089 -0.943342 0.293642 0.154532 -0.239942 0.228519 0.237243 0.94419 0.375878 0.31622 -0.384863 0.867113 0.400795 -0.930002 -0.306262 0.203222 -0.504304 0.187351 -0.87068 -0.454769 0.485867 
1535135456701 0.240446 0.926017 -0.290996 -0.629812 -0.943275 0.293626 0.154971 -0.240359 0.22895 0.237227 0.94409 0.375599 0.31622 -0.384863 0.867113 0.400795 -0.930002 -0.306262 0.203222 -0.504304 0.187351 -0.87068 -0.454769 0.485867 
1535135457005 0.240299 0.926026 -0.291089 -0.630534 -0.943208 0.29361 0.155411 -0.240776 0.229381 0.237212 0.943989 0.375321 0.31622 -0.384863 0.867113 0.400795 -0.930002 -0.306262 0.203222 -0.504304 0.187351 -0.87068 -0.454769 0.485867 
1535135457224 0.240153 0.926035 -0.291181 -0.631258 -0.94314 0.293594 0.155851 -0.241193 0.229812 0.237196 0.943888 0.375042 0.31622 -0.384863 0.867113 0.400795 -0.930002 -0.306262 0.203222 -0.504304 0.187351 -0.87068 -0.454769 0.485867 
1535135457438 0.240006 0.926044 -0.291273 -0.631981 -0.943072 0.293578 0.15629 -0.24161 0.230243 0.237181 0.943787 0.374763 0.31622 -0.384863 0.867113 0.400795 -0.930002 -0.306262 0.203222 -0.504304 0.187351 -0.87068 -0.454769 0.485867 
1535135457671 0.240229 0.925928 -0.291457 -0.631763 -0.943078 0.293757 0.155917 -0.241642 0.229986 0.237411 0.943792 0.374741 0.31622 -0.384863 0.867113 0.400795 -0.930002 -0.306262 0.203222 -0.504304 0.187351 -0.87068 -0.454769 0.485867 
1535135457684 0.239893 0.926155 -0.291011 -0.632023 -0.943147 0.293379 0.156213 -0.241872 0.230054 0.236991 0.94388 0.374697 0.31622 -0.384863 0.867113 0.400795 -0.930002 -0.306262 0.203222 -0.504304 0.187351 -0.87068 -0.45477 0.485867 
1535135457700 0.239557 0.926383 -0.290564 -0.632289 -0.943216 0.293 0.15651 -0.242104 0.230123 0.236571 0.943969 0.374652 0.31622 -0.384863 0.867113 0.400795 -0.930002 -0.306262 0.203222 -0.504304 0.187351 -0.87068 -0.45477 0.485867 
1535135457884 0.23922 0.92661 -0.290116 -0.632556 -0.943284 0.29262 0.156807 -0.242337 0.230193 0.23615 0.944057 0.374607 0.31622 -0.384863 0.867113 0.400795 -0.930002 -0.306262 0.203222 -0.504304 0.187351 -0.87068 -0.45477 0.485867 
1535135458032 0.238883 0.926837 -0.289669 -0.632821 -0.943352 0.292241 0.157104 -0.242569 0.230263 0.23573 0.944145 0.374562 0.31622 -0.384863 0.867113 0.400795 -0.930002 -0.306262 0.203222 -0.504304 0.187351 -0.87068 -0.45477 0.485867 
1535135458185 0.238547 0.927063 -0.289221 -0.633088 -0.943421 0.291861 0.157401 -0.242801 0.230333 0.23531 0.944233 0.374517 0.31622 -0.384863 0.867113 0.400795 -0.930002 -0.306262 0.203222 -0.504304 0.187351 -0.87068 -0.45477 0.485867 
1535135458337 0.23821 0.92729 -0.288773 -0.633353 -0.943489 0.291481 0.157697 -0.243033 0.230402 0.234889 0.944321 0.374472 0.31622 -0.384863 0.867113 0.400795 -0.930002 -0.306262 0.203222 -0.504304 0.187351 -0.87068 -0.45477 0.485867 
1535135458495 0.237874 0.927515 -0.288325 -0.633619 -0.943556 0.291101 0.157993 -0.243266 0.230473 0.234469 0.944408 0.374427 0.31622 -0.384863 0.867113 0.400795 -0.930002 -0.306262 0.203222 -0.504304 0.187351 -0.87068 -0.45477 0.485867 
1535135458500 0.237537 0.927741 -0.287877 -0.633884 -0.943624 0.290721 0.158289 -0.243498 0.230543 0.234048 0.944495 0.374382 0.31622 -0.384863 0.867113 0.400795 -0.930002 -0.306262 0.203222 -0.504304 0.187351 -0.87068 -0.45477 0.485867 
1535135458717 0.2372 0.927966 -0.287429 -0.634151 -0.943691 0.29034 0.158585 -0.243731 0.230613 0.233628 0.944582 0.374337 0.31622 -0.384863 0.867113 0.400795 -0.930002 -0.306262 0.203222 -0.504304 0.187351 -0.87068 -0.45477 0.485867 
1535135458889 0.237142 0.92792 -0.287624 -0.634043 -0.943735 0.290288 0.158421 -0.243489 0.230496 0.233873 0.94455 0.374366 0.31622 -0.384863 0.867113 0.400795 -0.930002 -0.306262 0.203222 -0.504304 0.187351 -0.87068 -0.45477 0.485867 
1535135458901 0.236964 0.928162 -0.286991 -0.634178 -0.943806 0.289983 0.158553 -0.243682 0.230386 0.233293 0.944721 0.374281 0.31622 -0.384863 0.867113 0.400795 -0.930002 -0.306262 0.203222 -0.504304 0.187351 -0.87068 -0.45477 0.485867 
1535135458918 0.236784 0.928403 -0.286357 -0.634317 -0.943878 0.289676 0.158686 -0.243877 0.230276 0.232711 0.944891 0.374195 0.31622 -0.384863 0.867113 0.400795 -0.930002 -0.306262 0.203222 -0.504304 0.187351 -0.87068 -0.45477 0.485867 
1535135459072 0.236605 0.928645 -0.285722 -0.634456 -0.94395 0.28937 0.158819 -0.244072 0.230166 0.23213 0.94506 0.374109 0.31622 -0.384863 0.867113 0.400795 -0.930002 -0.306262 0.203222 -0.504304 0.187351 -0.87068 -0.45477 0.485867 
1535135459185 0.236425 0.928885 -0.285088 -0.634596 -0.944022 0.289063 0.158952 -0.244267 0.230056 0.231549 0.94523 0.374023 0.31622 -0.384863 0.867113 0.400795 -0.930002 -0.306262 0.203222 -0.504304 0.187351 -0.87068 -0.45477 0.485867 
1535135459296 0.236246 0.929126 -0.284453 -0.634736 -0.944093 0.288755 0.159084 -0.244463 0.229947 0.230967 0.945399 0.373937 0.31622 -0.384863 0.867113 0.400795 -0.930002 -0.306262 0.203222 -0.504304 0.187351 -0.87068 -0.45477 0.485867 
1535135459415 0.236066 0.929366 -0.283818 -0.634876 -0.944165 0.288448 0.159217 -0.244658 0.229837 0.230385 0.945567 0.373851 0.31622 -0.384863 0.867113 0.400795 -0.930002 -0.306262 0.203222 -0.504304 0.187351 -0.87068 -0.45477 0.485867 
1535135459527 0.235886 0.929605 -0.283183 -0.635014 -0.944237 0.288141 0.159349 -0.244853 0.229728 0.229803 0.945735 0.373766 0.31622 -0.384863 0.867113 0.400795 -0.930002 -0.306262 0.203222 -0.504304 0.187351 -0.87068 -0.45477 0.485867 
1535135459641 0.235707 0.929844 -0.282547 -0.635153 -0.944308 0.287834 0.159481 -0.245048 0.229619 0.229221 0.945903 0.37368 0.31622 -0.384863 0.867113 0.400795 -0.930002 -0.306262 0.203222 -0.504304 0.187351 -0.87068 -0.45477 0.485867 
1535135459747 0.235526 0.930082 -0.281912 -0.635294 -0.94438 0.287526 0.159612 -0.245243 0.229509 0.228639 0.946071 0.373594 0.31622 -0.384863 0.867113 0.400795 -0.930002 -0.306262 0.203222 -0.504304 0.187351 -0.87068 -0.45477 0.485867 
1535135459868 0.235668 0.929857 -0.282536 -0.635213 -0.944321 0.287792 0.15948 -0.245102 0.229605 0.22922 0.945907 0.373622 0.31622 -0.384863 0.867113 0.400795 -0.930002 -0.306262 0.203222 -0.504304 0.187351 -0.87068 -0.45477 0.485867 
1535135459881 0.236163 0.929847 -0.282154 -0.635222 -0.944281 0.288116 0.159132 -0.245093 0.229262 0.228851 0.946079 0.373579 0.31622 -0.384863 0.867113 0.400795 -0.930002 -0.306262 0.203222 -0.504304 0.187351 -0.87068 -0.45477 0.485867 
1535135459898 0.236657 0.929838 -0.281771 -0.635236 -0.94424 0.28844 0.158785 -0.245086 0.228918 0.228482 0.946252 0.373535 0.31622 -0.384863 0.867113 0.400795 -0.930002 -0.306262 0.203222 -0.504304 0.187351 -0.87068 -0.45477 0.485867 
1535135460016 0.237152 0.929828 -0.281387 -0.635249 -0.9442 0.288764 0.158437 -0.245078 0.228574 0.228112 0.946424 0.373491 0.31622 -0.384863 0.867113 0.400795 -0.930002 -0.306262 0.203222 -0.504304 0.187351 -0.87068 -0.45477 0.485867 
1535135460034 0.237646 0.929818 -0.281004 -0.635263 -0.944159 0.289088 0.158089 -0.245071 0.228229 0.227743 0.946596 0.373447 0.31622 -0.384863 0.867113 0.400795 -0.930002 -0.306262 0.203222 -0.504304 0.187351 -0.87068 -0.45477 0.485867 
1535135460080 0.23814 0.929808 -0.28062 -0.635277 -0.944118 0.289412 0.157742 -0.245064 0.227884 0.227374 0.946768 0.373403 0.31622 -0.384863 0.867113 0.400795 -0.930002 -0.306262 0.203222 -0.504304 0.187351 -0.87068 -0.45477 0.485867 
1535135460150 0.238633 0.929797 -0.280236 -0.63529 -0.944076 0.289736 0.157394 -0.245057 0.227539 0.227004 0.94694 0.37336 0.31622 -0.384863 0.867113 0.400795 -0.930002 -0.306262 0.203222 -0.504304 0.187351 -0.87068 -0.45477 0.485867 
1535135460178 0.239127 0.929786 -0.279851 -0.635305 -0.944035 0.29006 0.157047 -0.24505 0.227194 0.226635 0.947111 0.373316 0.31622 -0.384863 0.867113 0.400795 -0.930002 -0.306262 0.203222 -0.504304 0.187351 -0.87068 -0.45477 0.485867 
1535135460222 0.23962 0.929774 -0.279467 -0.635318 -0.943992 0.290385 0.1567 -0.245043 0.226849 0.226266 0.947282 0.373272 0.31622 -0.384863 0.867113 0.400795 -0.930002 -0.306262 0.203222 -0.504304 0.187351 -0.87068 -0.45477 0.485867 
1535135460277 0.240113 0.929763 -0.279082 -0.635332 -0.94395 0.290709 0.156353 -0.245036 0.226503 0.225897 0.947453 0.373228 0.31622 -0.384863 0.867113 0.400795 -0.930002 -0.306262 0.203222 -0.504304 0.187351 -0.87068 -0.45477 0.485867 
1535135460334 0.23926 0.929795 -0.279708 -0.635254 -0.943998 0.290166 0.15707 -0.245162 0.227204 0.226464 0.94715 0.373369 0.31622 -0.384863 0.867113 0.400795 -0.930002 -0.306262 0.203222 -0.504304 0.187351 -0.87068 -0.45477 0.485867 
1535135460344 0.239925 0.929789 -0.279155 -0.635114 -0.943973 0.290566 0.15648 -0.245051 0.226607 0.225971 0.94741 0.37339 0.31622 -0.384863 0.867113 0.400795 -0.930002 -0.306262 0.203222 -0.504304 0.187351 -0.87068 -0.45477 0.485867 
1535135460361 0.24059 0.929783 -0.278603 -0.63497 -0.943947 0.290967 0.155891 -0.244938 0.226009 0.22548 0.94767 0.373411 0.31622 -0.384863 0.867113 0.400795 -0.930002 -0.306262 0.203222 -0.504304 0.187351 -0.87068 -0.45477 0.485867 
1535135460480 0.241255 0.929777 -0.27805 -0.634824 -0.943921 0.291368 0.155302 -0.244824 0.225411 0.22499 0.947929 0.373433 0.31622 -0.384863 0.867113 0.400795 -0.930002 -0.306262 0.203222 -0.504304 0.187351 -0.87068 -0.45477 0.485867 
1535135460573 0.241919 0.929769 -0.277496 -0.634678 -0.943893 0.291769 0.154714 -0.24471 0.224813 0.224499 0.948187 0.373455 0.31622 -0.384863 0.867113 0.400795 -0.930002 -0.306262 0.203222 -0.504304 0.187351 -0.87068 -0.45477 0.485867 
1535135460671 0.242582 0.929762 -0.276942 -0.634535 -0.943865 0.29217 0.154125 -0.244598 0.224214 0.224008 0.948445 0.373476 0.31622 -0.384863 0.867113 0.400795 -0.930002 -0.306262 0.203222 -0.504304 0.187351 -0.87068 -0.45477 0.485867 
1535135460762 0.243246 0.929753 -0.276388 -0.634389 -0.943837 0.292572 0.153537 -0.244484 0.223615 0.223518 0.948702 0.373498 0.31622 -0.384863 0.867113 0.400795 -0.930002 -0.306262 0.203222 -0.504304 0.187351 -0.87068 -0.45477 0.485867 
1535135460848 0.243908 0.929745 -0.275833 -0.634245 -0.943808 0.292974 0.152949 -0.244371 0.223015 0.223028 0.948959 0.373519 0.31622 -0.384863 0.867113 0.400795 -0.930002 -0.306262 0.203222 -0.504304 0.187351 -0.87068 -0.45477 0.485867 
1535135460942 0.244571 0.929735 -0.275277 -0.634099 -0.943778 0.293376 0.15236 -0.244257 0.222415 0.222538 0.949215 0.373541 0.31622 -0.384863 0.867113 0.400795 -0.930002 -0.306262 0.203222 -0.504304 0.187351 -0.87068 -0.45477 0.485867 
1535135461032 0.245233 0.929725 -0.274721 -0.633954 -0.943748 0.293778 0.151773 -0.244144 0.221814 0.222048 0.94947 0.373562 0.31622 -0.384863 0.867113 0.400795 -0.930002 -0.306262 0.203222 -0.504304 0.187351 -0.87068 -0.45477 0.485867 
1535135461149 0.244577 0.929745 -0.275238 -0.634076 -0.943778 0.293374 0.152365 -0.24424 0.222408 0.222498 0.949225 0.373584 0.31622 -0.384863 0.867113 0.400795 -0.930002 -0.306262 0.203222 -0.504304 0.187351 -0.87068 -0.45477 0.485867 
1535135461161 0.244575 0.929694 -0.275413 -0.633741 -0.943683 0.293496 0.152715 -0.244152 0.222811 0.222553 0.949118 0.373738 0.31622 -0.384863 0.867113 0.400795 -0.930002 -0.306262 0.203222 -0.504304 0.187351 -0.87068 -0.45477 0.485867 
1535135461281 0.244574 0.929642 -0.275589 -0.633401 -0.943589 0.293618 0.153064 -0.244061 0.223212 0.222608 0.949011 0.373893 0.31622 -0.384863 0.867113 0.400795 -0.930002 -0.306262 0.203222 -0.504304 0.187351 -0.87068 -0.45477 0.485867 
1535135461409 0.244572 0.92959 -0.275765 -0.633061 -0.943494 0.29374 0.153412 -0.243971 0.223614 0.222663 0.948904 0.374048 0.31622 -0.384863 0.867113 0.400795 -0.930002 -0.306262 0.203222 -0.504304 0.187351 -0.87068 -0.45477 0.485867 
1535135461557 0.24457 0.929538 -0.275942 -0.632721 -0.9434 0.293862 0.153761 -0.24388 0.224015 0.222718 0.948796 0.374203 0.31622 -0.384863 0.867113 0.400795 -0.930002 -0.306262 0.203222 -0.504304 0.187351 -0.87068 -0.45477 0.485867 
1535135461699 0.244568 0.929487 -0.276118 -0.63238 -0.943305 0.293984 0.154109 -0.243789 0.224417 0.222773 0.948688 0.374358 0.31622 -0.384863 0.867113 0.400795 -0.930002 -0.306262 0.203222 -0.504304 0.187351 -0.87068 -0.45477 0.485867 
1535135461831 0.244566 0.929435 -0.276294 -0.63204 -0.94321 0.294107 0.154457 -0.243698 0.224818 0.222828 0.94858 0.374513 0.31622 -0.384863 0.867113 0.400795 -0.930002 -0.306262 0.203222 -0.504304 0.187351 -0.87068 -0.45477 0.485867 
1535135461964 0.244564 0.929383 -0.27647 -0.6317 -0.943114 0.294229 0.154806 -0.243608 0.225219 0.222883 0.948472 0.374668 0.31622 -0.384863 0.867113 0.400795 -0.930002 -0.306262 0.203222 -0.504304 0.187351 -0.87068 -0.45477 0.485867 
1535135462115 0.244562 0.929331 -0.276646 -0.631361 -0.943019 0.294351 0.155154 -0.243518 0.225621 0.222937 0.948364 0.374823 0.31622 -0.384863 0.867113 0.400795 -0.930002 -0.306262 0.203222 -0.504304 0.187351 -0.87068 -0.45477 0.485867 
1535135462263 0.24456 0.929279 -0.276822 -0.63102 -0.942923 0.294473 0.155502 -0.243427 0.226022 0.222992 0.948255 0.374978 0.31622 -0.384863 0.867113 0.400795 -0.930002 -0.306262 0.203222 -0.504304 0.187351 -0.87068 -0.45477 0.485867 
1535135462439 0.244765 0.929223 -0.276829 -0.631182 -0.942899 0.294643 0.15533 -0.243554 0.225902 0.223002 0.948282 0.374939 0.31622 -0.384863 0.867113 0.400795 -0.930002 -0.306262 0.203222 -0.504304 0.187351 -0.87068 -0.45477 0.485867 
1535135462452 0.244887 0.929141 -0.276996 -0.630746 -0.942872 0.294782 0.155226 -0.243349 0.22588 0.223159 0.94825 0.375087 0.31622 -0.384863 0.867113 0.400795 -0.930002 -0.306262 0.203222 -0.504304 0.187351 -0.87068 -0.45477 0.485867 
1535135462629 0.245008 0.929059 -0.277165 -0.630305 -0.942846 0.294921 0.155121 -0.243143 0.225859 0.223318 0.948218 0.375236 0.31622 -0.384863 0.867113 0.400795 -0.930002 -0.306262 0.203222 -0.504304 0.187351 -0.87068 -0.45477 0.485867 
1535135462636 0.24513 0.928976 -0.277334 -0.629865 -0.94282 0.295061 0.155016 -0.242936 0.225837 0.223477 0.948185 0.375385 0.31622 -0.384863 0.867113 0.400795 -0.930002 -0.306262 0.203222 -0.504304 0.187351 -0.87068 -0.45477 0.485867 
1535135462869 0.245251 0.928894 -0.277504 -0.629424 -0.942793 0.2952 0.154911 -0.242729 0.225815 0.223637 0.948153 0.375534 0.31622 -0.384863 0.867113 0.400795 -0.930002 -0.306262 0.203222 -0.504304 0.187351 -0.87068 -0.45477 0.485867 
1535135463048 0.245373 0.928811 -0.277673 -0.628982 -0.942767 0.29534 0.154806 -0.242522 0.225793 0.223796 0.948121 0.375683 0.31622 -0.384863 0.867113 0.400795 -0.930002 -0.306262 0.203222 -0.504304 0.187351 -0.87068 -0.45477 0.485867 
1535135463054 0.245494 0.928728 -0.277842 -0.628542 -0.942741 0.295479 0.1547 -0.242315 0.225771 0.223955 0.948088 0.375831 0.31622 -0.384863 0.867113 0.400795 -0.930002 -0.306262 0.203222 -0.504304 0.187351 -0.87068 -0.45477 0.485867 
1535135463289 0.245616 0.928646 -0.278012 -0.628101 -0.942714 0.295618 0.154595 -0.242108 0.225749 0.224114 0.948056 0.37598 0.31622 -0.384863 0.867113 0.400795 -0.930002 -0.306262 0.203222 -0.504304 0.187351 -0.87068 -0.45477 0.485867 
1535135463467 0.245737 0.928563 -0.278181 -0.62766 -0.942688 0.295758 0.15449 -0.241901 0.225728 0.224274 0.948023 0.376129 0.31622 -0.384863 0.867113 0.400795 -0.930002 -0.306262 0.203222 -0.504304 0.187351 -0.87068 -0.45477 0.485867 
1535135463643 0.245859 0.92848 -0.27835 -0.627218 -0.942661 0.295897 0.154385 -0.241694 0.225706 0.224433 0.947991 0.376278 0.31622 -0.384863 0.867113 0.400795 -0.930002 -0.306262 0.203222 -0.504304 0.187351 -0.87068 -0.45477 0.485867 
1535135463840 0.245799 0.928493 -0.278358 -0.627418 -0.94264 0.295877 0.15455 -0.241789 0.225859 0.224403 0.947962 0.376189 0.31622 -0.384863 0.867113 0.400795 -0.930002 -0.306262 0.203222 -0.504304 0.187351 -0.87068 -0.45477 0.485867 
1535135463853 0.245777 0.928425 -0.278604 -0.627033 -0.942503 0.296039 0.155075 -0.241655 0.226453 0.224471 0.947803 0.376332 0.31622 -0.384863 0.867113 0.400795 -0.930002 -0.306262 0.203222 -0.504304 0.187351 -0.87068 -0.45477 0.485867 
1535135463869 0.245756 0.928357 -0.278851 -0.626644 -0.942366 0.296202 0.155599 -0.241519 0.227047 0.22454 0.947645 0.376475 0.31622 -0.384863 0.867113 0.400795 -0.930002 -0.306262 0.203222 -0.504304 0.187351 -0.87068 -0.45477 0.485867 
1535135464048 0.245735 0.928288 -0.279098 -0.626256 -0.942228 0.296365 0.156122 -0.241383 0.227641 0.224609 0.947486 0.376619 0.31622 -0.384863 0.867113 0.400795 -0.930002 -0.306262 0.203222 -0.504304 0.187351 -0.87068 -0.45477 0.485867 
1535135464209 0.245715 0.928219 -0.279345 -0.625866 -0.94209 0.296529 0.156645 -0.241247 0.228235 0.224678 0.947327 0.376762 0.31622 -0.384863 0.867113 0.400795 -0.930002 -0.306262 0.203222 -0.504304 0.187351 -0.87068 -0.45477 0.485867 
1535135464369 0.245694 0.92815 -0.279593 -0.625476 -0.941951 0.296692 0.157168 -0.24111 0.228829 0.224747 0.947167 0.376906 0.31622 -0.384863 0.867113 0.400795 -0.930002 -0.306262 0.203222 -0.504304 0.187351 -0.87068 -0.45477 0.485867 
1535135464535 0.245672 0.928081 -0.27984 -0.625088 -0.941812 0.296855 0.157692 -0.240974 0.229422 0.224816 0.947007 0.377049 0.31622 -0.384863 0.867113 0.400795 -0.930002 -0.306262 0.203222 -0.504304 0.187351 -0.87068 -0.45477 0.485867 
1535135464542 0.245651 0.928012 -0.280087 -0.624698 -0.941673 0.297019 0.158215 -0.240838 0.230016 0.224885 0.946847 0.377193 0.31622 -0.384863 0.867113 0.400795 -0.930002 -0.306262 0.203222 -0.504304 0.187351 -0.87068 -0.45477 0.485867 
1535135464760 0.24563 0.927943 -0.280334 -0.624309 -0.941534 0.297182 0.158737 -0.240702 0.230609 0.224953 0.946687 0.377337 0.31622 -0.384863 0.867113 0.400795 -0.930002 -0.306262 0.203222 -0.504304 0.187351 -0.87068 -0.45477 0.485867 
1535135464919 0.245608 0.927874 -0.280581 -0.623919 -0.941394 0.297345 0.15926 -0.240565 0.231203 0.225022 0.946526 0.377481 0.31622 -0.384863 0.867113 0.400795 -0.930002 -0.306262 0.203222 -0.504304 0.187351 -0.87068 -0.45477 0.485867 
1535135465100 0.245607 0.927921 -0.280427 -0.624135 -0.941482 0.297232 0.158948 -0.24064 0.230843 0.224978 0.946624 0.377414 0.31622 -0.384863 0.867113 0.400795 -0.930002 -0.306262 0.203222 -0.504304 0.187351 -0.87068 -0.45477 0.485867 
1535135465112 0.245635 0.927797 -0.280815 -0.623824 -0.941493 0.297307 0.158741 -0.240485 0.230768 0.225393 0.946543 0.377555 0.31622 -0.384863 0.867113 0.400795 -0.930002 -0.306262 0.203222 -0.504304 0.187351 -0.87068 -0.45477 0.485867 
1535135465129 0.245663 0.927672 -0.281202 -0.62351 -0.941505 0.297382 0.158534 -0.240327 0.230692 0.225807 0.946463 0.377697 0.31622 -0.384863 0.867113 0.400795 -0.930002 -0.306262 0.203222 -0.504304 0.187351 -0.87068 -0.45477 0.485867 
1535135465311 0.245691 0.927547 -0.28159 -0.623195 -0.941516 0.297457 0.158326 -0.24017 0.230616 0.226222 0.946383 0.377838 0.31622 -0.384863 0.867113 0.400795 -0.930002 -0.306262 0.203222 -0.504304 0.187351 -0.87068 -0.45477 0.485867 
1535135465481 0.245719 0.927422 -0.281977 -0.62288 -0.941527 0.297532 0.158119 -0.240012 0.23054 0.226636 0.946302 0.37798 0.31622 -0.384863 0.867113 0.400795 -0.930002 -0.306262 0.203222 -0.504304 0.187351 -0.87068 -0.45477 0.485867 
1535135465486 0.245747 0.927296 -0.282365 -0.622564 -0.941538 0.297606 0.157911 -0.239854 0.230464 0.227051 0.946221 0.378122 0.31622 -0.384863 0.867113 0.400795 -0.930002 -0.306262 0.203222 -0.504304 0.187351 -0.87068 -0.45477 0.485867 
1535135465704 0.245775 0.927171 -0.282752 -0.62225 -0.94155 0.297681 0.157704 -0.239697 0.230388 0.227465 0.94614 0.378264 0.31622 -0.384863 0.867113 0.400795 -0.930002 -0.306262 0.203222 -0.504304 0.187351 -0.87068 -0.45477 0.485867 
1535135465860 0.245804 0.927045 -0.283139 -0.621934 -0.941561 0.297755 0.157496 -0.239539 0.230312 0.22788 0.946059 0.378406 0.31622 -0.384863 0.867113 0.400795 -0.930002 -0.306262 0.203222 -0.504304 0.187351 -0.87068 -0.45477 0.485867 
1535135466015 0.245832 0.926919 -0.283526 -0.621619 -0.941572 0.297829 0.157289 -0.239382 0.230236 0.228294 0.945977 0.378547 0.31622 -0.384863 0.867113 0.400795 -0.930002 -0.306262 0.203222 -0.504304 0.187351 -0.87068 -0.45477 0.485867 
1535135466180 0.24586 0.926793 -0.283914 -0.621303 -0.941583 0.297904 0.157081 -0.239224 0.230161 0.228709 0.945896 0.378689 0.31622 -0.384863 0.867113 0.400795 -0.930002 -0.306262 0.203222 -0.504304 0.187351 -0.87068 -0.45477 0.485867 
1535135466333 0.245742 0.926933 -0.283559 -0.621481 -0.941605 0.297739 0.157261 -0.239294 0.230197 0.228355 0.945972 0.378637 0.31622 -0.384863 0.867113 0.400795 -0.930002 -0.306262 0.203222 -0.504304 0.187351 -0.87068 -0.45477 0.485867 
1535135466344 0.245631 0.926931 -0.283662 -0.62122 -0.941469 0.297814 0.157933 -0.239245 0.230872 0.228265 0.945829 0.378696 0.31622 -0.384863 0.867113 0.400795 -0.930002 -0.306262 0.203222 -0.504304 0.187351 -0.87068 -0.45477 0.485867 
1535135466360 0.24552 0.926929 -0.283764 -0.620955 -0.941332 0.297889 0.158606 -0.239194 0.231546 0.228175 0.945686 0.378757 0.31622 -0.384863 0.867113 0.400795 -0.930002 -0.306262 0.203222 -0.504304 0.187351 -0.87068 -0.45477 0.485867 
1535135466465 0.245409 0.926928 -0.283866 -0.620691 -0.941195 0.297964 0.159278 -0.239143 0.232221 0.228085 0.945543 0.378817 0.31622 -0.384863 0.867113 0.400795 -0.930002 -0.306262 0.203222 -0.504304 0.187351 -0.87068 -0.45477 0.485867 
1535135466556 0.245298 0.926926 -0.283968 -0.620426 -0.941057 0.298039 0.15995 -0.239092 0.232895 0.227995 0.945398 0.378877 0.31622 -0.384863 0.867113 0.400795 -0.930002 -0.306262 0.203222 -0.504304 0.187351 -0.87068 -0.45477 0.485867 
1535135466641 0.245186 0.926924 -0.28407 -0.620162 -0.940919 0.298113 0.160622 -0.239041 0.233569 0.227905 0.945254 0.378937 0.31622 -0.384863 0.867113 0.400795 -0.930002 -0.306262 0.203222 -0.504304 0.187351 -0.87068 -0.45477 0.485867 
1535135466648 0.245075 0.926922 -0.284172 -0.619896 -0.940781 0.298188 0.161294 -0.23899 0.234244 0.227814 0.945109 0.378997 0.31622 -0.384863 0.867113 0.400795 -0.930002 -0.306262 0.203222 -0.504304 0.187351 -0.87068 -0.45477 0.485867 
1535135466800 0.244964 0.92692 -0.284274 -0.619632 -0.940641 0.298263 0.161966 -0.238939 0.234918 0.227724 0.944963 0.379057 0.31622 -0.384863 0.867113 0.400795 -0.930002 -0.306262 0.203222 -0.504304 0.187351 -0.87068 -0.45477 0.485867 
1535135466806 0.244853 0.926918 -0.284376 -0.619366 -0.940502 0.298338 0.162637 -0.238887 0.235591 0.227634 0.944817 0.379118 0.31622 -0.384863 0.867113 0.400795 -0.930002 -0.306262 0.203222 -0.504304 0.187351 -0.87068 -0.45477 0.485867 
1535135466971 0.244741 0.926917 -0.284477 -0.619101 -0.940362 0.298412 0.163309 -0.238837 0.236265 0.227543 0.944671 0.379178 0.31622 -0.384863 0.867113 0.400795 -0.930002 -0.306262 0.203222 -0.504304 0.187351 -0.87068 -0.45477 0.485867 
1535135467050 0.244695 0.926967 -0.284353 -0.619387 -0.94057 0.298156 0.162574 -0.238852 0.235482 0.227673 0.944835 0.37914 0.31622 -0.384863 0.867113 0.400795 -0.930002 -0.306262 0.203222 -0.504304 0.187351 -0.87068 -0.45477 0.485867 
1535135467062 0.244836 0.926878 -0.284522 -0.619168 -0.940552 0.298303 0.162412 -0.238743 0.23541 0.227844 0.944812 0.379217 0.31622 -0.384863 0.867113 0.400795 -0.930002 -0.306262 0.203222 -0.504304 0.187351 -0.87068 -0.45477 0.485867 
1535135467083 0.244977 0.926788 -0.284692 -0.618944 -0.940533 0.29845 0.162249 -0.238632 0.235337 0.228015 0.944789 0.379295 0.31622 -0.384863 0.867113 0.400795 -0.930002 -0.306262 0.203222 -0.504304 0.187351 -0.87068 -0.45477 0.485867 
1535135467197 0.245119 0.926699 -0.284862 -0.618718 -0.940515 0.298597 0.162086 -0.23852 0.235264 0.228186 0.944765 0.379374 0.31622 -0.384863 0.867113 0.400795 -0.930002 -0.306262 0.203222 -0.504304 0.187351 -0.87068 -0.45477 0.485867 
1535135467294 0.24526 0.926609 -0.285032 -0.618494 -0.940496 0.298745 0.161923 -0.238408 0.235191 0.228358 0.944742 0.379452 0.31622 -0.384863 0.867113 0.400795 -0.930002 -0.306262 0.203222 -0.504304 0.187351 -0.87068 -0.45477 0.485867 
1535135467412 0.245401 0.92652 -0.285201 -0.61827 -0.940477 0.298891 0.161761 -0.238297 0.235119 0.228529 0.944719 0.37953 0.31622 -0.384863 0.867113 0.400795 -0.930002 -0.306262 0.203222 -0.504304 0.187351 -0.87068 -0.45477 0.485867 
1535135467528 0.245543 0.92643 -0.285371 -0.618045 -0.940458 0.299039 0.161598 -0.238185 0.235046 0.2287 0.944696 0.379608 0.31622 -0.384863 0.867113 0.400795 -0.930002 -0.306262 0.203222 -0.504304 0.187351 -0.87068 -0.45477 0.485867 
1535135467630 0.245684 0.92634 -0.28554 -0.617821 -0.94044 0.299185 0.161435 -0.238074 0.234973 0.228871 0.944672 0.379686 0.31622 -0.384863 0.867113 0.400795 -0.930002 -0.306262 0.203222 -0.504304 0.187351 -0.87068 -0.45477 0.485867 
1535135467733 0.245826 0.92625 -0.28571 -0.617596 -0.940421 0.299333 0.161272 -0.237962 0.2349 0.229043 0.944649 0.379765 0.31622 -0.384863 0.867113 0.400795 -0.930002 -0.306262 0.203222 -0.504304 0.187351 -0.87068 -0.45477 0.485867 
1535135467835 0.245967 0.92616 -0.285879 -0.617372 -0.940402 0.299479 0.161109 -0.237851 0.234827 0.229214 0.944625 0.379843 0.31622 -0.384863 0.867113 0.400795 -0.930002 -0.306262 0.203222 -0.504304 0.187351 -0.87068 -0.45477 0.485867 
1535135467956 0.245746 0.926246 -0.285791 -0.617589 -0.94044 0.299272 0.161275 -0.237898 0.23491 0.229137 0.944624 0.379769 0.31622 -0.384863 0.867113 0.400795 -0.930002 -0.306262 0.203222 -0.504304 0.187351 -0.87068 -0.45477 0.485867 
1535135467971 0.245923 0.926226 -0.285706 -0.617415 -0.940431 0.29939 0.161107 -0.237833 0.234759 0.229067 0.944678 0.379793 0.31622 -0.384863 0.867113 0.400795 -0.930002 -0.306262 0.203222 -0.504304 0.187351 -0.87068 -0.45477 0.485867 
1535135467987 0.246101 0.926203 -0.285625 -0.617233 -0.940422 0.29951 0.160938 -0.23776 0.234609 0.229001 0.944731 0.379819 0.31622 -0.384863 0.867113 0.400795 -0.930002 -0.306262 0.203222 -0.504304 0.187351 -0.87068 -0.45477 0.485867 
1535135468003 0.24628 0.926181 -0.285544 -0.617051 -0.940412 0.29963 0.16077 -0.237687 0.234459 0.228935 0.944784 0.379846 0.31622 -0.384863 0.867113 0.400795 -0.930002 -0.306262 0.203222 -0.504304 0.187351 -0.87068 -0.45477 0.485867 
1535135468010 0.246459 0.926158 -0.285464 -0.616869 -0.940403 0.29975 0.160601 -0.237614 0.234309 0.22887 0.944837 0.379872 0.31622 -0.384863 0.867113 0.400795 -0.930002 -0.306262 0.203222 -0.504304 0.187351 -0.87068 -0.45477 0.485867 
1535135468183 0.246637 0.926135 -0.285383 -0.616687 -0.940393 0.299871 0.160432 -0.237541 0.234159 0.228804 0.94489 0.379898 0.31622 -0.384863 0.867113 0.400795 -0.930002 -0.306262 0.203222 -0.504304 0.187351 -0.87068 -0.45477 0.485867 
1535135468221 0.246816 0.926113 -0.285302 -0.616505 -0.940384 0.299991 0.160263 -0.237468 0.234009 0.228738 0.944944 0.379924 0.31622 -0.384863 0.867113 0.400795 -0.930002 -0.306262 0.203222 -0.504304 0.187351 -0.87068 -0.45477 0.485867 
1535135468332 0.246995 0.92609 -0.285222 -0.616323 -0.940374 0.300111 0.160094 -0.237395 0.233859 0.228673 0.944997 0.37995 0.31622 -0.384863 0.867113 0.400795 -0.930002 -0.306262 0.203222 -0.504304 0.187351 -0.87068 -0.45477 0.485867 
1535135468380 0.247173 0.926067 -0.285141 -0.616141 -0.940364 0.300231 0.159925 -0.237322 0.233709 0.228607 0.94505 0.379977 0.31622 -0.384863 0.867113 0.400795 -0.930002 -0.306262 0.203222 -0.504304 0.187351 -0.87068 -0.45477 0.485867 
1535135468483 0.247352 0.926044 -0.28506 -0.615958 -0.940355 0.300351 0.159756 -0.237248 0.233559 0.228542 0.945102 0.380003 0.31622 -0.384863 0.867113 0.400795 -0.930002 -0.306262 0.203222 -0.504304 0.187351 -0.87068 -0.45477 0.485867 
1535135468550 0.246993 0.926137 -0.285069 -0.616217 -0.940396 0.300062 0.160058 -0.237216 0.233774 0.228544 0.945049 0.379916 0.31622 -0.384863 0.867113 0.400795 -0.930002 -0.306262 0.203222 -0.504304 0.187351 -0.87068 -0.45477 0.485867 
1535135468563 0.247004 0.926132 -0.285076 -0.615983 -0.940349 0.300117 0.160232 -0.237154 0.233952 0.228493 0.945017 0.37998 0.31622 -0.384863 0.867113 0.400795 -0.930002 -0.306262 0.203222 -0.504304 0.187351 -0.87068 -0.45477 0.485867 
1535135468583 0.247015 0.926127 -0.285084 -0.615742 -0.940301 0.300172 0.160407 -0.237088 0.234131 0.228442 0.944985 0.380046 0.31622 -0.384863 0.867113 0.400795 -0.930002 -0.306262 0.203222 -0.504304 0.187351 -0.87068 -0.45477 0.485867 
1535135468683 0.247026 0.926121 -0.285092 -0.615503 -0.940254 0.300228 0.160581 -0.237024 0.23431 0.228391 0.944953 0.380112 0.31622 -0.384863 0.867113 0.400795 -0.930002 -0.306262 0.203222 -0.504304 0.187351 -0.87068 -0.45477 0.485867 
1535135468689 0.247037 0.926116 -0.2851 -0.615264 -0.940206 0.300283 0.160756 -0.236959 0.23449 0.22834 0.944921 0.380177 0.31622 -0.384863 0.867113 0.400795 -0.930002 -0.306262 0.203222 -0.504304 0.187351 -0.87068 -0.45477 0.485867 
1535135468845 0.247048 0.926111 -0.285108 -0.615026 -0.940158 0.300339 0.160931 -0.236895 0.234669 0.228289 0.944889 0.380242 0.31622 -0.384863 0.867113 0.400795 -0.930002 -0.306262 0.203222 -0.504304 0.187351 -0.87068 -0.45477 0.485867 
1535135468928 0.247059 0.926105 -0.285116 -0.614786 -0.940111 0.300394 0.161105 -0.236829 0.234848 0.228238 0.944857 0.380308 0.31622 -0.384863 0.867113 0.400795 -0.930002 -0.306262 0.203222 -0.504304 0.187351 -0.87068 -0.45477 0.485867 
1535135469022 0.24707 0.9261 -0.285124 -0.614547 -0.940063 0.30045 0.16128 -0.236765 0.235027 0.228187 0.944824 0.380373 0.31622 -0.384863 0.867113 0.400795 -0.930002 -0.306262 0.203222 -0.504304 0.187351 -0.87068 -0.45477 0.485867 
1535135469111 0.247081 0.926094 -0.285132 -0.614307 -0.940015 0.300505 0.161455 -0.2367 0.235206 0.228136 0.944792 0.380439 0.31622 -0.384863 0.867113 0.400795 -0.930002 -0.306262 0.203222 -0.504304 0.187351 -0.87068 -0.45477 0.485867 
1535135469206 0.247092 0.926089 -0.28514 -0.614068 -0.939968 0.30056 0.161629 -0.236635 0.235385 0.228085 0.94476 0.380505 0.31622 -0.384863 0.867113 0.400795 -0.930002 -0.306262 0.203222 -0.504304 0.187351 -0.87068 -0.45477 0.485867 
1535135469301 0.246889 0.926158 -0.285093 -0.614346 -0.940104 0.300278 0.161364 -0.236647 0.235056 0.228178 0.944819 0.38046 0.31622 -0.384863 0.867113 0.400795 -0.930002 -0.306262 0.203222 -0.504304 0.187351 -0.87068 -0.45477 0.485867 
1535135469315 0.247004 0.926147 -0.285027 -0.614033 -0.94002 0.300429 0.161572 -0.236548 0.23527 0.228022 0.944804 0.380559 0.31622 -0.384863 0.867113 0.400795 -0.930002 -0.306262 0.203222 -0.504304 0.187351 -0.87068 -0.45477 0.485867 
1535135469320 0.247121 0.926136 -0.284963 -0.613715 -0.939935 0.300581 0.161779 -0.236446 0.235483 0.227868 0.944788 0.38066 0.31622 -0.384863 0.867113 0.400795 -0.930002 -0.306262 0.203222 -0.504304 0.187351 -0.87068 -0.45477 0.485867 
1535135469474 0.247238 0.926124 -0.284899 -0.613396 -0.939851 0.300734 0.161985 -0.236344 0.235697 0.227713 0.944772 0.380761 0.31622 -0.384863 0.867113 0.400795 -0.930002 -0.306262 0.203222 -0.504304 0.187351 -0.87068 -0.45477 0.485867 
1535135469592 0.247355 0.926113 -0.284834 -0.613079 -0.939767 0.300886 0.162192 -0.236243 0.23591 0.227559 0.944756 0.380861 0.31622 -0.384863 0.867113 0.400795 -0.930002 -0.306262 0.203222 -0.504304 0.187351 -0.87068 -0.45477 0.485867 
1535135469718 0.247472 0.926101 -0.28477 -0.612761 -0.939682 0.301038 0.162398 -0.236141 0.236124 0.227404 0.94474 0.380962 0.31622 -0.384863 0.867113 0.400795 -0.930002 -0.306262 0.203222 -0.504304 0.187351 -0.87068 -0.45477 0.485867 
1535135469844 0.247589 0.92609 -0.284706 -0.612442 -0.939598 0.30119 0.162604 -0.236039 0.236337 0.22725 0.944724 0.381062 0.31622 -0.384863 0.867113 0.400795 -0.930002 -0.306262 0.203222 -0.504304 0.187351 -0.87068 -0.45477 0.485867 
1535135469964 0.247706 0.926078 -0.284641 -0.612125 -0.939514 0.301342 0.162811 -0.235938 0.23655 0.227095 0.944707 0.381163 0.31622 -0.384863 0.867113 0.400795 -0.930002 -0.306262 0.203222 -0.504304 0.187351 -0.87068 -0.45477 0.485867 
1535135469970 0.247823 0.926067 -0.284577 -0.611807 -0.939429 0.301494 0.163018 -0.235837 0.236763 0.22694 0.944691 0.381263 0.31622 -0.384863 0.867113 0.400795 -0.930002 -0.306262 0.203222 -0.504304 0.187351 -0.87068 -0.45477 0.485867 
1535135470142 0.24794 0.926055 -0.284513 -0.611488 -0.939344 0.301646 0.163224 -0.235735 0.236976 0.226785 0.944675 0.381364 0.31622 -0.384863 0.867113 0.400795 -0.930002 -0.306262 0.203222 -0.504304 0.187351 -0.87068 -0.45477 0.485867 
1535135470292 0.248002 0.925995 -0.284654 -0.61173 -0.939323 0.301735 0.163184 -0.23584 0.236997 0.226913 0.944639 0.38128 0.31622 -0.384863 0.867113 0.400795 -0.930002 -0.306262 0.203222 -0.504304 0.187351 -0.87068 -0.45477 0.485867 
1535135470306 0.248064 0.925981 -0.284645 -0.611391 -0.939232 0.301863 0.163468 -0.235701 0.237292 0.226797 0.944593 0.381358 0.31622 -0.384863 0.867113 0.400795 -0.930002 -0.306262 0.203222 -0.504304 0.187351 -0.87068 -0.45477 0.485867 
1535135470319 0.248127 0.925968 -0.284635 -0.611044 -0.939141 0.301993 0.163751 -0.235558 0.237586 0.226682 0.944547 0.381438 0.31622 -0.384863 0.867113 0.400795 -0.930002 -0.306262 0.203222 -0.504304 0.187351 -0.87068 -0.45477 0.485867 
1535135470488 0.248189 0.925954 -0.284626 -0.6107 -0.93905 0.302122 0.164035 -0.235416 0.23788 0.226566 0.9445 0.381517 0.31622 -0.384863 0.867113 0.400795 -0.930002 -0.306262 0.203222 -0.504304 0.187351 -0.87068 -0.45477 0.485867 
1535135470635 0.248252 0.92594 -0.284616 -0.610355 -0.938959 0.302251 0.164319 -0.235274 0.238175 0.22645 0.944454 0.381597 0.31622 -0.384863 0.867113 0.400795 -0.930002 -0.306262 0.203222 -0.504304 0.187351 -0.87068 -0.45477 0.485867 
1535135470785 0.248314 0.925926 -0.284606 -0.610011 -0.938868 0.302379 0.164603 -0.235133 0.238469 0.226335 0.944407 0.381676 0.31622 -0.384863 0.867113 0.400795 -0.930002 -0.306262 0.203222 -0.504304 0.187351 -0.87068 -0.45477 0.485867 
1535135470919 0.248377 0.925912 -0.284597 -0.609665 -0.938776 0.302508 0.164886 -0.23499 0.238763 0.226219 0.944361 0.381756 0.31622 -0.384863 0.867113 0.400795 -0.930002 -0.306262 0.203222 -0.504304 0.187351 -0.87068 -0.45477 0.485867 
1535135471049 0.248439 0.925899 -0.284587 -0.609321 -0.938685 0.302637 0.16517 -0.234848 0.239057 0.226103 0.944314 0.381835 0.31622 -0.384863 0.867113 0.400795 -0.930002 -0.306262 0.203222 -0.504304 0.187351 -0.87068 -0.45477 0.485867 
