1535119033563 0.256126 0.92962 -0.264966 -0.601373 -0.93765 0.305558 0.165669 -0.230627 0.234972 0.206013 0.949919 0.382442 0.212328 -0.104573 0.971587 0.38379 -0.97638 -0.063393 0.206552 -0.502202 0.0399921 -0.992495 -0.115563 0.44227 
1535119033569 0.255689 0.929434 -0.266036 -0.604797 -0.937762 0.305337 0.165445 -0.231833 0.235001 0.207175 0.949659 0.381463 0.20642 -0.107053 0.97259 0.383768 -0.978241 -0.0437723 0.202801 -0.50041 0.020862 -0.993289 -0.113759 0.442062 
1535119033577 0.255253 0.929248 -0.267104 -0.608224 -0.937874 0.305114 0.165221 -0.23304 0.235028 0.208337 0.949398 0.380483 0.200458 -0.109416 0.973573 0.383745 -0.979701 -0.0241255 0.199008 -0.498612 0.00171321 -0.993703 -0.112031 0.441854 
1535119034212 0.254817 0.92906 -0.268173 -0.611651 -0.937986 0.304891 0.164997 -0.234247 0.235055 0.209498 0.949136 0.379504 0.194446 -0.11166 0.974537 0.383722 -0.980758 -0.00446027 0.195177 -0.496815 -0.0174466 -0.993737 -0.110378 0.441646 
1535119034460 0.25438 0.92887 -0.269241 -0.615078 -0.938098 0.304668 0.164773 -0.235454 0.235082 0.210659 0.948873 0.378524 0.188388 -0.113782 0.975481 0.383699 -0.981412 0.0152153 0.191308 -0.495017 -0.0366098 -0.993389 -0.108801 0.441438 
1535119034677 0.253943 0.92868 -0.270309 -0.618506 -0.93821 0.304444 0.164549 -0.236661 0.235107 0.21182 0.948608 0.377544 0.182286 -0.115784 0.976405 0.383675 -0.981663 0.0348933 0.187405 -0.493219 -0.0557684 -0.992661 -0.1073 0.44123 
1535119034683 0.253507 0.928488 -0.271377 -0.621932 -0.938321 0.304221 0.164326 -0.237867 0.235133 0.212981 0.948342 0.376565 0.176142 -0.117662 0.977307 0.383652 -0.98151 0.0545654 0.183468 -0.491422 -0.0749145 -0.991553 -0.105876 0.441022 
1535119035415 0.25307 0.928294 -0.272444 -0.625359 -0.938433 0.303996 0.164103 -0.239075 0.235157 0.214141 0.948074 0.375585 0.169958 -0.119418 0.978189 0.383629 -0.980954 0.0742241 0.179499 -0.489624 -0.0940407 -0.990066 -0.104529 0.440814 
1535119035485 0.252633 0.928099 -0.273511 -0.628787 -0.938545 0.303772 0.16388 -0.240282 0.235182 0.2153 0.947806 0.374605 0.163737 -0.12105 0.979049 0.383605 -0.979995 0.093861 0.1755 -0.487825 -0.113139 -0.988199 -0.10326 0.440605 
1535119036160 0.252196 0.927903 -0.274577 -0.632215 -0.938656 0.303547 0.163657 -0.24149 0.235205 0.21646 0.947536 0.373626 0.157482 -0.122558 0.979887 0.383582 -0.978633 0.113468 0.171472 -0.486027 -0.132201 -0.985954 -0.10207 0.440397 
1535119037454 0.252999 0.927569 -0.274968 -0.631909 -0.938429 0.304396 0.163386 -0.24174 0.235251 0.216702 0.947469 0.373576 0.15795 -0.122327 0.979841 0.383603 -0.978599 0.11315 0.171876 -0.486176 -0.131894 -0.986019 -0.101837 0.44053 
1535119037467 0.252301 0.927383 -0.276233 -0.632081 -0.938367 0.30418 0.164139 -0.241892 0.236244 0.217796 0.946971 0.373569 0.161334 -0.124414 0.979026 0.383623 -0.979158 0.103832 0.17455 -0.486354 -0.12337 -0.986783 -0.105069 0.441148 
1535119037572 0.2516 0.927196 -0.277497 -0.632253 -0.938305 0.303965 0.164891 -0.242045 0.237236 0.21889 0.94647 0.373562 0.164729 -0.126464 0.978198 0.383645 -0.979629 0.0945037 0.177188 -0.486533 -0.114851 -0.987459 -0.108321 0.441765 
1535119037579 0.250899 0.927007 -0.27876 -0.632425 -0.938242 0.30375 0.165643 -0.242197 0.238226 0.219984 0.945968 0.373554 0.168141 -0.128482 0.977354 0.383666 -0.980011 0.0851626 0.179793 -0.486712 -0.106334 -0.988048 -0.111595 0.442382 
1535119037820 0.250196 0.926817 -0.280022 -0.632597 -0.938178 0.303537 0.166396 -0.24235 0.239215 0.221078 0.945463 0.373547 0.171568 -0.130466 0.976495 0.383688 -0.980304 0.0758092 0.182366 -0.486891 -0.0978199 -0.98855 -0.11489 0.442999 
1535119037825 0.249492 0.926625 -0.281282 -0.632769 -0.938113 0.303324 0.167149 -0.242502 0.240204 0.222172 0.944956 0.37354 0.175011 -0.132417 0.975621 0.383709 -0.980507 0.0664444 0.184906 -0.487071 -0.0893092 -0.988965 -0.118207 0.443617 
1535119037898 0.248787 0.926431 -0.282542 -0.632941 -0.938047 0.303112 0.167901 -0.242655 0.241191 0.223266 0.944446 0.373533 0.178469 -0.134334 0.974732 0.383731 -0.980622 0.0570693 0.187412 -0.487249 -0.0808031 -0.989291 -0.121545 0.444234 
1535119038045 0.24808 0.926236 -0.283801 -0.633113 -0.93798 0.302901 0.168654 -0.242807 0.242177 0.22436 0.943935 0.373526 0.181942 -0.136216 0.973829 0.383752 -0.980647 0.0476845 0.189886 -0.487429 -0.0723021 -0.989531 -0.124904 0.444851 
1535119038244 0.247372 0.926039 -0.285059 -0.633285 -0.937912 0.302691 0.169407 -0.24296 0.243163 0.225454 0.943421 0.373518 0.185429 -0.138065 0.97291 0.383774 -0.980584 0.0382913 0.192325 -0.487607 -0.0638074 -0.989683 -0.128284 0.445468 
1535119038377 0.246662 0.925841 -0.286315 -0.633456 -0.937843 0.302482 0.170161 -0.243112 0.244147 0.226547 0.942904 0.373511 0.18893 -0.139879 0.971977 0.383795 -0.980431 0.0288903 0.194731 -0.487786 -0.0553196 -0.989747 -0.131684 0.446085 
1535119039463 0.247319 0.92606 -0.285037 -0.633284 -0.937978 0.302589 0.169227 -0.242951 0.242964 0.225505 0.94346 0.373501 0.188432 -0.139746 0.972093 0.3838 -0.980478 0.0298543 0.194349 -0.487717 -0.0561807 -0.989737 -0.131392 0.445842 
1535119039491 0.246921 0.926032 -0.285472 -0.633449 -0.938096 0.302277 0.16913 -0.243035 0.242911 0.226038 0.943346 0.373582 0.185225 -0.138396 0.972902 0.383794 -0.980674 0.037445 0.192031 -0.487458 -0.0630067 -0.989669 -0.128786 0.445322 
1535119039584 0.246524 0.926004 -0.285908 -0.633615 -0.938214 0.301964 0.169032 -0.243119 0.242858 0.226572 0.943231 0.373663 0.182025 -0.137022 0.9737 0.383786 -0.980811 0.0450311 0.189691 -0.487194 -0.0698385 -0.989544 -0.126195 0.444803 
1535119039604 0.246126 0.925975 -0.286344 -0.63378 -0.938332 0.301652 0.168935 -0.243204 0.242806 0.227106 0.943116 0.373744 0.178833 -0.135622 0.974487 0.383779 -0.980887 0.0526113 0.18733 -0.48693 -0.076675 -0.989363 -0.123621 0.444283 
1535119039763 0.245729 0.925945 -0.286779 -0.633946 -0.93845 0.301339 0.168838 -0.243288 0.242753 0.22764 0.943001 0.373826 0.17565 -0.134197 0.975263 0.383771 -0.980904 0.0601853 0.184947 -0.486666 -0.0835159 -0.989125 -0.121063 0.443763 
1535119039799 0.245331 0.925916 -0.287215 -0.634112 -0.938568 0.301026 0.168741 -0.243372 0.242699 0.228173 0.942886 0.373907 0.172475 -0.132747 0.976028 0.383764 -0.98086 0.0677525 0.182544 -0.486404 -0.0903606 -0.988832 -0.118521 0.443243 
1535119039891 0.244934 0.925886 -0.287651 -0.634278 -0.938685 0.300714 0.168644 -0.243457 0.242646 0.228707 0.94277 0.373988 0.169309 -0.131273 0.976781 0.383756 -0.980757 0.0753127 0.18012 -0.486139 -0.0972088 -0.988481 -0.115995 0.442723 
1535119039897 0.244536 0.925856 -0.288086 -0.634443 -0.938803 0.300401 0.168548 -0.243541 0.242592 0.22924 0.942655 0.374069 0.166152 -0.129773 0.977524 0.383749 -0.980594 0.0828652 0.177674 -0.485874 -0.10406 -0.988075 -0.113486 0.442203 
1535119039954 0.244139 0.925825 -0.288522 -0.634609 -0.93892 0.300088 0.168451 -0.243625 0.242538 0.229774 0.942539 0.37415 0.163004 -0.128249 0.978255 0.383741 -0.980371 0.0904093 0.175209 -0.485611 -0.110914 -0.987612 -0.110994 0.441683 
1535119040100 0.243741 0.925794 -0.288957 -0.634774 -0.939038 0.299774 0.168355 -0.243709 0.242484 0.230307 0.942423 0.374231 0.159866 -0.1267 0.978974 0.383734 -0.980088 0.0979448 0.172724 -0.485347 -0.117769 -0.987094 -0.108519 0.441163 
1535119040785 0.24456 0.925795 -0.288259 -0.634455 -0.938789 0.300462 0.168515 -0.243647 0.242622 0.229402 0.942608 0.374088 0.166743 -0.129734 0.977428 0.383781 -0.980577 0.0820121 0.178166 -0.485942 -0.103275 -0.988151 -0.113539 0.442555 
1535119040801 0.244122 0.926085 -0.287698 -0.634583 -0.939009 0.299843 0.168395 -0.24376 0.242212 0.229042 0.9428 0.374145 0.170682 -0.132101 0.976431 0.38384 -0.980775 0.0723562 0.18123 -0.486388 -0.0945915 -0.988592 -0.117211 0.443148 
1535119040965 0.243685 0.926375 -0.287137 -0.634712 -0.939228 0.299224 0.168275 -0.243874 0.241804 0.228681 0.942993 0.374202 0.17464 -0.134427 0.975413 0.383901 -0.980877 0.0626858 0.184257 -0.48684 -0.0859137 -0.988939 -0.120909 0.443741 
1535119041014 0.243246 0.926664 -0.286576 -0.634841 -0.939446 0.298604 0.168154 -0.243987 0.241395 0.22832 0.943185 0.374259 0.178615 -0.136713 0.974375 0.383961 -0.980882 0.0530029 0.187245 -0.487291 -0.0772436 -0.989192 -0.124632 0.444335 
1535119041143 0.242808 0.926952 -0.286015 -0.63497 -0.939665 0.297985 0.168033 -0.2441 0.240986 0.227958 0.943377 0.374316 0.182609 -0.138959 0.973316 0.384021 -0.980791 0.0433085 0.190195 -0.487743 -0.0685821 -0.989351 -0.128381 0.444928 
1535119041254 0.242369 0.92724 -0.285453 -0.635099 -0.939883 0.297366 0.167911 -0.244214 0.240578 0.227596 0.943569 0.374373 0.18662 -0.141164 0.972238 0.384082 -0.980603 0.0336038 0.193105 -0.488194 -0.0599303 -0.989416 -0.132154 0.445521 
1535119041304 0.24193 0.927527 -0.284892 -0.635228 -0.9401 0.296746 0.167789 -0.244327 0.24017 0.227234 0.94376 0.37443 0.190648 -0.143327 0.971139 0.384142 -0.980318 0.0238895 0.195976 -0.488646 -0.0512887 -0.989387 -0.135952 0.446114 
1535119041311 0.241491 0.927814 -0.284331 -0.635357 -0.940317 0.296127 0.167667 -0.244441 0.239762 0.226871 0.943951 0.374487 0.194692 -0.14545 0.97002 0.384202 -0.979936 0.014167 0.198807 -0.489097 -0.0426587 -0.989264 -0.139774 0.446708 
1535119041377 0.241051 0.9281 -0.283769 -0.635486 -0.940534 0.295507 0.167544 -0.244554 0.239354 0.226508 0.944142 0.374544 0.198752 -0.147531 0.968882 0.384263 -0.979458 0.00443716 0.201598 -0.489548 -0.034041 -0.989047 -0.143619 0.447301 
1535119041642 0.240611 0.928385 -0.283208 -0.635615 -0.94075 0.294888 0.167421 -0.244668 0.238946 0.226145 0.944332 0.3746 0.202829 -0.149571 0.967724 0.384323 -0.978884 -0.00529916 0.204349 -0.490001 -0.0254365 -0.988737 -0.147487 0.447894 
1535119042462 0.240979 0.928105 -0.283815 -0.635508 -0.940497 0.2955 0.167767 -0.244483 0.239572 0.226499 0.944089 0.37456 0.189727 -0.143341 0.971317 0.383998 -0.980467 0.0245743 0.195141 -0.488651 -0.0518412 -0.989368 -0.135879 0.445757 
1535119042613 0.240868 0.92833 -0.28317 -0.635534 -0.940655 0.295155 0.167487 -0.244579 0.239062 0.226023 0.944332 0.374514 0.190235 -0.143586 0.971182 0.384004 -0.980479 0.0222976 0.195353 -0.488763 -0.049705 -0.989387 -0.136541 0.44589 
1535119042631 0.240757 0.928556 -0.282525 -0.635563 -0.940813 0.29481 0.167207 -0.244677 0.238553 0.225547 0.944575 0.374467 0.190746 -0.143828 0.971045 0.384012 -0.980486 0.0200211 0.195566 -0.48888 -0.0475693 -0.9894 -0.137202 0.446024 
1535119042808 0.240645 0.928781 -0.28188 -0.635595 -0.940971 0.294465 0.166928 -0.244776 0.238043 0.225071 0.944817 0.374419 0.191259 -0.144069 0.970909 0.384019 -0.980488 0.0177442 0.195778 -0.489 -0.0454336 -0.989409 -0.137864 0.446158 
1535119042814 0.240533 0.929005 -0.281236 -0.635623 -0.941128 0.29412 0.166648 -0.244874 0.237534 0.224594 0.945058 0.374372 0.19177 -0.144309 0.970772 0.384026 -0.980484 0.0154674 0.195988 -0.489116 -0.0432983 -0.989412 -0.138527 0.446292 
1535119043008 0.24042 0.929229 -0.28059 -0.635654 -0.941285 0.293776 0.166368 -0.244972 0.237024 0.224118 0.945299 0.374325 0.192283 -0.144548 0.970635 0.384034 -0.980476 0.0131904 0.196197 -0.489235 -0.0411629 -0.98941 -0.13919 0.446426 
1535119043047 0.240307 0.929453 -0.279945 -0.635685 -0.941442 0.293431 0.166087 -0.245071 0.236515 0.22364 0.94554 0.374278 0.192796 -0.144786 0.970498 0.384042 -0.980462 0.0109131 0.196404 -0.489353 -0.0390277 -0.989403 -0.139853 0.44656 
1535119043053 0.240194 0.929676 -0.2793 -0.635714 -0.941599 0.293087 0.165806 -0.245169 0.236005 0.223163 0.94578 0.374231 0.19331 -0.145022 0.970361 0.384049 -0.980444 0.00863601 0.196609 -0.489471 -0.0368927 -0.989391 -0.140517 0.446694 
1535119043164 0.24008 0.929899 -0.278655 -0.635745 -0.941755 0.292743 0.165525 -0.245267 0.235496 0.222686 0.946019 0.374183 0.193824 -0.145257 0.970223 0.384057 -0.98042 0.00635857 0.196813 -0.48959 -0.0347578 -0.989373 -0.141181 0.446828 
1535119043206 0.239966 0.930122 -0.27801 -0.635775 -0.941912 0.292399 0.165244 -0.245365 0.234987 0.222208 0.946258 0.374136 0.194339 -0.145491 0.970085 0.384064 -0.980392 0.00408123 0.197015 -0.489707 -0.0326231 -0.989351 -0.141845 0.446962 
1535119043706 0.240114 0.929901 -0.278622 -0.63572 -0.941757 0.292759 0.165487 -0.245249 0.235456 0.222659 0.946036 0.37424 0.194257 -0.145319 0.970127 0.384033 -0.980349 0.00588448 0.197185 -0.489807 -0.0343635 -0.989367 -0.141321 0.447054 
1535119043719 0.240577 0.929842 -0.278416 -0.635671 -0.941688 0.293119 0.165241 -0.245232 0.235257 0.222428 0.946139 0.374188 0.190696 -0.144525 0.970952 0.383948 -0.980774 0.0137088 0.194665 -0.489488 -0.0414446 -0.989406 -0.139132 0.446552 
1535119043895 0.241041 0.929784 -0.278211 -0.635621 -0.941619 0.293479 0.164995 -0.245215 0.235059 0.222198 0.946243 0.374135 0.187137 -0.143702 0.971766 0.383862 -0.981134 0.0215318 0.192125 -0.489164 -0.0485326 -0.989387 -0.136962 0.44605 
1535119043902 0.241504 0.929725 -0.278005 -0.635571 -0.94155 0.293839 0.164749 -0.245198 0.23486 0.221968 0.946346 0.374083 0.183582 -0.142851 0.97257 0.383776 -0.981429 0.0293514 0.189565 -0.48884 -0.0556258 -0.989309 -0.134809 0.445548 
1535119043909 0.241968 0.929666 -0.277799 -0.635522 -0.941481 0.294199 0.164503 -0.24518 0.234661 0.221738 0.946449 0.374031 0.180031 -0.141971 0.973362 0.38369 -0.981659 0.0371671 0.186987 -0.488516 -0.0627236 -0.989173 -0.132676 0.445046 
1535119043915 0.242431 0.929607 -0.277594 -0.635472 -0.941411 0.294559 0.164257 -0.245163 0.234462 0.221509 0.946552 0.373978 0.176485 -0.141062 0.974143 0.383604 -0.981824 0.0449783 0.184389 -0.488191 -0.0698257 -0.988978 -0.13056 0.444543 
1535119044092 0.242894 0.929548 -0.277387 -0.635422 -0.941341 0.294919 0.164012 -0.245146 0.234263 0.221279 0.946655 0.373926 0.172944 -0.140125 0.974913 0.383518 -0.981923 0.0527843 0.181775 -0.487868 -0.0769313 -0.988726 -0.128463 0.444041 
1535119044098 0.243357 0.929488 -0.277181 -0.635372 -0.941271 0.295279 0.163766 -0.245129 0.234064 0.221049 0.946758 0.373874 0.169408 -0.13916 0.975672 0.383431 -0.981956 0.060585 0.179141 -0.487543 -0.0840403 -0.988415 -0.126385 0.443539 
1535119044261 0.24382 0.929428 -0.276975 -0.635323 -0.941201 0.295639 0.16352 -0.245112 0.233865 0.220819 0.946861 0.373822 0.165878 -0.138166 0.976419 0.383346 -0.981925 0.0683794 0.176489 -0.487219 -0.0911518 -0.988046 -0.124326 0.443037 
1535119044296 0.244284 0.929368 -0.276769 -0.635273 -0.94113 0.295999 0.163275 -0.245094 0.233665 0.22059 0.946964 0.373769 0.162353 -0.137144 0.977155 0.383259 -0.981827 0.0761674 0.17382 -0.486894 -0.0982658 -0.987618 -0.122286 0.442535 
1535119044709 0.243449 0.929488 -0.2771 -0.635354 -0.941247 0.295353 0.163772 -0.245132 0.234066 0.22095 0.946781 0.373904 0.180756 -0.141984 0.973225 0.383774 -0.98157 0.0363706 0.187612 -0.488527 -0.0620347 -0.989201 -0.132793 0.445337 
1535119044834 0.244114 0.929366 -0.276924 -0.635145 -0.941058 0.295974 0.163735 -0.245032 0.234132 0.220631 0.946839 0.373959 0.183432 -0.141611 0.972779 0.383834 -0.981404 0.0305605 0.189507 -0.488907 -0.056565 -0.989451 -0.133372 0.445439 
1535119044853 0.244778 0.929244 -0.276748 -0.634935 -0.940869 0.296594 0.1637 -0.244932 0.234199 0.220313 0.946897 0.374015 0.186106 -0.141223 0.972327 0.383896 -0.9812 0.0247503 0.1914 -0.489293 -0.0510954 -0.989668 -0.133962 0.445542 
1535119045036 0.245442 0.929121 -0.276571 -0.634723 -0.94068 0.297213 0.163665 -0.244831 0.234265 0.219994 0.946954 0.374071 0.188778 -0.140819 0.971871 0.383959 -0.980959 0.0189398 0.193288 -0.489681 -0.0456256 -0.989854 -0.134562 0.445645 
1535119045176 0.246106 0.928998 -0.276395 -0.634513 -0.94049 0.297833 0.163629 -0.244731 0.234331 0.219676 0.947012 0.374126 0.191445 -0.140399 0.97141 0.38402 -0.980681 0.0131299 0.19517 -0.490065 -0.0401562 -0.990008 -0.135173 0.445748 
1535119045299 0.24677 0.928875 -0.276218 -0.634302 -0.940299 0.298453 0.163594 -0.24463 0.234397 0.219358 0.947069 0.374182 0.19411 -0.139963 0.970944 0.384082 -0.980366 0.00732005 0.197049 -0.490452 -0.034687 -0.99013 -0.135795 0.445851 
1535119045410 0.247433 0.928751 -0.276042 -0.634092 -0.940109 0.299072 0.163559 -0.24453 0.234462 0.21904 0.947127 0.374237 0.196772 -0.139512 0.970473 0.384144 -0.980014 0.00151085 0.198923 -0.490839 -0.0292184 -0.990219 -0.136426 0.445954 
1535119045418 0.248097 0.928626 -0.275865 -0.633881 -0.939917 0.299691 0.163524 -0.24443 0.234527 0.218721 0.947184 0.374293 0.199429 -0.139045 0.969997 0.384206 -0.979624 -0.00429734 0.200792 -0.491225 -0.0237507 -0.990277 -0.137069 0.446057 
1535119045579 0.24876 0.928501 -0.275688 -0.633671 -0.939726 0.30031 0.16349 -0.244329 0.234592 0.218402 0.947242 0.374348 0.202082 -0.138562 0.969517 0.384268 -0.979198 -0.0101045 0.202656 -0.49161 -0.0182841 -0.990302 -0.137722 0.44616 
1535119045608 0.249424 0.928375 -0.275512 -0.63346 -0.939534 0.30093 0.163455 -0.244228 0.234657 0.218084 0.947299 0.374404 0.204733 -0.138064 0.969032 0.38433 -0.978734 -0.0159106 0.204516 -0.491998 -0.0128184 -0.990296 -0.138385 0.446263 
1535119046889 0.248967 0.928445 -0.27569 -0.633661 -0.939688 0.300494 0.163372 -0.244403 0.234525 0.218388 0.947262 0.374347 0.201166 -0.138751 0.969681 0.384106 -0.979381 -0.00969481 0.201791 -0.491595 -0.0185978 -0.99028 -0.13784 0.445932 
1535119046900 0.249243 0.928305 -0.275912 -0.633269 -0.939619 0.300792 0.163216 -0.244248 0.234506 0.218572 0.947224 0.374497 0.197944 -0.138841 0.97033 0.384071 -0.979882 -0.00231067 0.199562 -0.491377 -0.0254654 -0.990312 -0.136506 0.445527 
1535119046907 0.249519 0.928165 -0.276135 -0.632873 -0.939551 0.301091 0.163059 -0.244092 0.234488 0.218757 0.947186 0.374647 0.194718 -0.138908 0.970973 0.384034 -0.980326 0.00507408 0.19732 -0.491153 -0.0323361 -0.990292 -0.135187 0.445122 
1535119047164 0.249794 0.928024 -0.276358 -0.632477 -0.939482 0.30139 0.162903 -0.243935 0.234469 0.218941 0.947148 0.374798 0.19149 -0.13895 0.971609 0.383996 -0.980711 0.0124589 0.195066 -0.490926 -0.0392096 -0.990221 -0.133885 0.444717 
1535119047265 0.25007 0.927884 -0.276581 -0.632081 -0.939413 0.301689 0.162746 -0.243779 0.234451 0.219126 0.94711 0.374949 0.18826 -0.138969 0.972238 0.383959 -0.981037 0.019843 0.192801 -0.490702 -0.0460853 -0.990098 -0.132598 0.444311 
1535119047365 0.250346 0.927743 -0.276804 -0.631686 -0.939345 0.301988 0.162589 -0.243623 0.234432 0.219311 0.947071 0.375099 0.18503 -0.138962 0.972858 0.383922 -0.981305 0.0272258 0.190525 -0.490478 -0.0529627 -0.989923 -0.131327 0.443906 
1535119047568 0.250622 0.927602 -0.277027 -0.63129 -0.939276 0.302286 0.162432 -0.243466 0.234414 0.219496 0.947033 0.375249 0.181797 -0.138932 0.973472 0.383885 -0.981513 0.0346075 0.188238 -0.490253 -0.0598417 -0.989697 -0.130072 0.443501 
1535119047843 0.250898 0.92746 -0.27725 -0.630895 -0.939207 0.302585 0.162275 -0.24331 0.234395 0.21968 0.946995 0.3754 0.178564 -0.138877 0.974078 0.383848 -0.981663 0.041987 0.185941 -0.49003 -0.0667216 -0.989419 -0.128833 0.443095 
1535119048061 0.251173 0.927319 -0.277473 -0.630499 -0.939137 0.302884 0.162118 -0.243153 0.234377 0.219865 0.946957 0.37555 0.17533 -0.138798 0.974677 0.383811 -0.981755 0.0493645 0.183633 -0.489804 -0.0736022 -0.98909 -0.127611 0.44269 
1535119048084 0.251449 0.927178 -0.277695 -0.630103 -0.939068 0.303182 0.161961 -0.242997 0.234359 0.22005 0.946918 0.375701 0.172095 -0.138695 0.975268 0.383774 -0.981787 0.0567389 0.181314 -0.48958 -0.080483 -0.988708 -0.126404 0.442285 
1535119048945 0.251264 0.927237 -0.277664 -0.630324 -0.939083 0.303032 0.162156 -0.243013 0.234499 0.220005 0.946894 0.375614 0.172607 -0.138661 0.975182 0.383785 -0.981736 0.0561966 0.181758 -0.489743 -0.0800046 -0.988744 -0.126428 0.442527 
1535119048957 0.251278 0.927199 -0.277779 -0.629853 -0.939066 0.303078 0.162168 -0.242799 0.234551 0.220103 0.946858 0.375775 0.17513 -0.140128 0.974522 0.383897 -0.981684 0.0505564 0.183687 -0.490074 -0.075008 -0.988842 -0.128708 0.442928 
1535119048963 0.251292 0.927161 -0.277895 -0.629379 -0.939049 0.303124 0.162181 -0.242584 0.234604 0.220203 0.946822 0.375937 0.177662 -0.141581 0.973854 0.38401 -0.981598 0.044911 0.185604 -0.490412 -0.0700147 -0.988907 -0.130996 0.443329 
1535119049282 0.251305 0.927122 -0.278011 -0.628905 -0.939032 0.30317 0.162193 -0.242369 0.234657 0.220302 0.946786 0.3761 0.1802 -0.143018 0.973177 0.384123 -0.981478 0.0392615 0.187507 -0.490749 -0.0650253 -0.988941 -0.133294 0.44373 
1535119049317 0.251319 0.927083 -0.278128 -0.628431 -0.939015 0.303216 0.162205 -0.242153 0.23471 0.220401 0.946749 0.376262 0.182744 -0.144441 0.972492 0.384237 -0.981325 0.033608 0.189396 -0.491087 -0.06004 -0.988943 -0.135602 0.444131 
1535119049324 0.251333 0.927045 -0.278244 -0.627957 -0.938999 0.303261 0.162217 -0.241938 0.234763 0.220501 0.946713 0.376424 0.185295 -0.145848 0.971799 0.38435 -0.981139 0.0279508 0.191271 -0.491425 -0.055059 -0.988912 -0.137918 0.444532 
1535119049489 0.251346 0.927006 -0.278361 -0.627483 -0.938982 0.303307 0.162229 -0.241723 0.234816 0.2206 0.946677 0.376586 0.187852 -0.14724 0.971098 0.384463 -0.98092 0.0222902 0.193131 -0.491762 -0.0500826 -0.98885 -0.140243 0.444933 
1535119049509 0.25136 0.926967 -0.278477 -0.627008 -0.938965 0.303353 0.162241 -0.241507 0.234869 0.220699 0.946641 0.376748 0.190415 -0.148616 0.970389 0.384577 -0.980667 0.0166261 0.194978 -0.492101 -0.0451107 -0.988755 -0.142577 0.445334 
1535119049871 0.251374 0.926929 -0.278593 -0.626534 -0.938948 0.303399 0.162253 -0.241292 0.234922 0.220798 0.946604 0.37691 0.192984 -0.149978 0.969672 0.38469 -0.98038 0.0109592 0.19681 -0.492438 -0.0401439 -0.988629 -0.14492 0.445735 
1535119049885 0.251387 0.92689 -0.27871 -0.626059 -0.938931 0.303445 0.162265 -0.241076 0.234975 0.220898 0.946568 0.377072 0.195559 -0.151323 0.968947 0.384803 -0.980061 0.00528916 0.198628 -0.492777 -0.0351819 -0.98847 -0.147272 0.446136 
1535119050637 0.251285 0.926923 -0.278692 -0.626236 -0.938967 0.303336 0.162262 -0.241126 0.234942 0.220908 0.946574 0.376999 0.194795 -0.151245 0.969113 0.38471 -0.980188 0.00611166 0.197974 -0.49273 -0.0358655 -0.988477 -0.147058 0.445835 
1535119050643 0.251047 0.926891 -0.279013 -0.625836 -0.938744 0.303434 0.163365 -0.241031 0.236084 0.22091 0.946289 0.377117 0.19645 -0.150772 0.968852 0.384791 -0.979986 0.00223165 0.199055 -0.492931 -0.0321741 -0.988566 -0.147316 0.445872 
1535119050650 0.25081 0.926859 -0.279334 -0.625433 -0.93852 0.303532 0.164467 -0.240934 0.237224 0.220911 0.946004 0.377235 0.198105 -0.150294 0.96859 0.384874 -0.979767 -0.00164878 0.200135 -0.493138 -0.0284822 -0.98864 -0.14758 0.44591 
1535119050657 0.250572 0.926826 -0.279655 -0.62503 -0.938294 0.30363 0.165568 -0.240838 0.238364 0.220912 0.945717 0.377353 0.199758 -0.14981 0.968325 0.384957 -0.979532 -0.00552861 0.201214 -0.493344 -0.0247904 -0.988699 -0.147848 0.445947 
1535119050964 0.250334 0.926794 -0.279975 -0.624627 -0.938068 0.303728 0.166669 -0.240741 0.239504 0.220913 0.945429 0.377471 0.201409 -0.149318 0.968059 0.38504 -0.97928 -0.00940789 0.202292 -0.493551 -0.0210986 -0.988744 -0.148119 0.445985 
1535119050975 0.250095 0.926762 -0.280295 -0.624224 -0.93784 0.303826 0.16777 -0.240645 0.240643 0.220913 0.945139 0.377589 0.203057 -0.148821 0.967791 0.385122 -0.979012 -0.0132863 0.203368 -0.493757 -0.0174071 -0.988775 -0.148395 0.446022 
1535119051092 0.249856 0.926729 -0.280615 -0.62382 -0.937611 0.303924 0.16887 -0.240548 0.241782 0.220914 0.944848 0.377707 0.204704 -0.148317 0.967522 0.385205 -0.978728 -0.0171642 0.204443 -0.493965 -0.0137156 -0.988791 -0.148675 0.44606 
1535119051252 0.249616 0.926697 -0.280934 -0.623418 -0.93738 0.304021 0.16997 -0.240452 0.242921 0.220914 0.944556 0.377826 0.206347 -0.147806 0.967251 0.385288 -0.978427 -0.0210411 0.205516 -0.49417 -0.0100245 -0.988793 -0.148959 0.446098 
1535119051504 0.249377 0.926665 -0.281253 -0.623014 -0.937148 0.30412 0.17107 -0.240355 0.244059 0.220915 0.944263 0.377944 0.207989 -0.147289 0.966978 0.385371 -0.978111 -0.0249173 0.206588 -0.494378 -0.00633367 -0.98878 -0.149247 0.446135 
1535119051696 0.249137 0.926633 -0.281572 -0.622611 -0.936915 0.304217 0.172169 -0.240258 0.245197 0.220915 0.943968 0.378062 0.209628 -0.146765 0.966704 0.385454 -0.977778 -0.0287924 0.207659 -0.494584 -0.00264332 -0.988752 -0.149539 0.446173 
1535119052245 0.249001 0.926705 -0.281455 -0.622899 -0.937106 0.303926 0.171642 -0.24018 0.244603 0.221014 0.944099 0.377914 0.209247 -0.146949 0.966758 0.385438 -0.977858 -0.0284523 0.207325 -0.49443 -0.0029596 -0.988735 -0.149649 0.446163 
1535119052257 0.249035 0.926615 -0.281721 -0.622599 -0.936998 0.304097 0.171927 -0.24007 0.244981 0.221156 0.943967 0.377993 0.206599 -0.146274 0.96743 0.385403 -0.978391 -0.0225151 0.205535 -0.494248 -0.00828265 -0.988988 -0.147765 0.445739 
1535119052272 0.24907 0.926524 -0.281988 -0.622297 -0.93689 0.304269 0.172211 -0.239958 0.245358 0.221299 0.943836 0.378072 0.20395 -0.145583 0.968096 0.385366 -0.978887 -0.0165777 0.203731 -0.494062 -0.0136109 -0.989207 -0.14589 0.445315 
1535119052496 0.249104 0.926434 -0.282255 -0.621995 -0.936782 0.304441 0.172496 -0.239847 0.245736 0.221442 0.943704 0.378152 0.201305 -0.144876 0.968756 0.385329 -0.979345 -0.010641 0.201914 -0.493875 -0.0189438 -0.989393 -0.144025 0.44489 
1535119052501 0.249139 0.926343 -0.282522 -0.621692 -0.936674 0.304613 0.17278 -0.239736 0.246114 0.221585 0.943572 0.378231 0.198662 -0.144152 0.969409 0.385293 -0.979767 -0.00470535 0.200085 -0.493688 -0.0242813 -0.989544 -0.14217 0.444466 
1535119052625 0.249173 0.926252 -0.28279 -0.62139 -0.936565 0.304785 0.173064 -0.239624 0.246491 0.221728 0.94344 0.378311 0.196022 -0.143412 0.970056 0.385256 -0.980152 0.00122914 0.198244 -0.493501 -0.0296229 -0.989662 -0.140325 0.444041 
1535119052736 0.249207 0.926161 -0.283056 -0.621088 -0.936457 0.304957 0.173349 -0.239513 0.246869 0.22187 0.943308 0.37839 0.193385 -0.142656 0.970696 0.385219 -0.9805 0.00716199 0.196391 -0.493315 -0.0349686 -0.989746 -0.13849 0.443617 
1535119052975 0.249241 0.92607 -0.283324 -0.620786 -0.936348 0.305129 0.173633 -0.239402 0.247246 0.222013 0.943175 0.378469 0.190751 -0.141884 0.97133 0.385182 -0.98081 0.0130934 0.194526 -0.493127 -0.0403181 -0.989797 -0.136664 0.443192 
1535119053148 0.249275 0.92598 -0.28359 -0.620483 -0.936239 0.305301 0.173917 -0.239291 0.247624 0.222155 0.943043 0.378549 0.188121 -0.141096 0.971958 0.385146 -0.981083 0.0190226 0.192649 -0.492942 -0.0456712 -0.989813 -0.134849 0.442767 
1535119053161 0.249309 0.925889 -0.283857 -0.620182 -0.93613 0.305473 0.174201 -0.239179 0.248002 0.222298 0.94291 0.378628 0.185494 -0.140292 0.972579 0.385109 -0.98132 0.0249497 0.19076 -0.492756 -0.0510277 -0.989796 -0.133043 0.442343 
1535119053931 0.249185 0.925937 -0.283808 -0.620342 -0.936215 0.305299 0.17405 -0.239141 0.247806 0.222334 0.942953 0.37854 0.186164 -0.140267 0.972455 0.385209 -0.981221 0.0243196 0.19135 -0.492798 -0.0504899 -0.989815 -0.133106 0.44255 
1535119053941 0.249271 0.925823 -0.284107 -0.620107 -0.936217 0.305415 0.173837 -0.239061 0.247713 0.222653 0.942902 0.378639 0.188387 -0.139927 0.972075 0.385256 -0.981112 0.0174545 0.192651 -0.493046 -0.0439242 -0.990008 -0.133996 0.442782 
1535119053958 0.249356 0.925708 -0.284405 -0.619871 -0.936219 0.30553 0.173625 -0.238979 0.247621 0.222971 0.942851 0.378737 0.190609 -0.139571 0.971693 0.385304 -0.980955 0.0105882 0.193947 -0.493299 -0.037358 -0.990155 -0.134895 0.443014 
1535119054156 0.249442 0.925593 -0.284704 -0.619635 -0.93622 0.305646 0.173413 -0.238898 0.247528 0.223289 0.9428 0.378836 0.192829 -0.1392 0.971309 0.385352 -0.980749 0.00372193 0.195236 -0.493552 -0.0307921 -0.990257 -0.135803 0.443245 
1535119054311 0.249527 0.925478 -0.285003 -0.619398 -0.936222 0.305761 0.173201 -0.238817 0.247436 0.223608 0.942749 0.378935 0.195045 -0.138814 0.970921 0.3854 -0.980495 -0.00314411 0.196519 -0.493806 -0.0242269 -0.990314 -0.136719 0.443477 
1535119054318 0.249612 0.925363 -0.285302 -0.619162 -0.936224 0.305877 0.172988 -0.238735 0.247344 0.223926 0.942697 0.379034 0.197259 -0.138412 0.970531 0.385448 -0.980192 -0.0100095 0.197795 -0.49406 -0.0176626 -0.990324 -0.137644 0.44371 
1535119054545 0.249698 0.925248 -0.2856 -0.618926 -0.936225 0.305992 0.172776 -0.238654 0.247252 0.224244 0.942646 0.379133 0.199469 -0.137994 0.970139 0.385496 -0.979841 -0.0168737 0.199063 -0.494312 -0.0110997 -0.990289 -0.138578 0.443941 
1535119054705 0.249783 0.925132 -0.285899 -0.618689 -0.936227 0.306107 0.172563 -0.238573 0.24716 0.224563 0.942594 0.379232 0.201676 -0.137561 0.969744 0.385544 -0.979442 -0.0237369 0.200325 -0.494567 -0.00453828 -0.990209 -0.13952 0.444174 
1535119054870 0.249869 0.925017 -0.286198 -0.618453 -0.936228 0.306222 0.172351 -0.238492 0.247068 0.224881 0.942542 0.379331 0.203878 -0.137113 0.969347 0.385592 -0.978994 -0.0305981 0.201579 -0.494819 0.00202107 -0.990083 -0.140471 0.444405 
1535119054920 0.249954 0.924902 -0.286496 -0.618216 -0.93623 0.306337 0.172139 -0.23841 0.246976 0.225199 0.942491 0.37943 0.206078 -0.136649 0.968947 0.38564 -0.978498 -0.0374573 0.202826 -0.495072 0.00857816 -0.989911 -0.14143 0.444637 
1535119055711 0.249788 0.925032 -0.28622 -0.618429 -0.936282 0.30612 0.172239 -0.23844 0.246944 0.224959 0.942556 0.37936 0.205471 -0.136623 0.96908 0.385567 -0.97863 -0.0367915 0.202309 -0.494996 0.00801377 -0.98994 -0.141263 0.444517 
1535119055741 0.24993 0.924998 -0.286204 -0.618225 -0.936266 0.306233 0.172129 -0.238355 0.246864 0.224943 0.942581 0.379416 0.203939 -0.136495 0.969421 0.385544 -0.978976 -0.032293 0.201402 -0.494934 0.003815 -0.990114 -0.140212 0.44428 
1535119055816 0.250073 0.924964 -0.28619 -0.618019 -0.936248 0.306347 0.172018 -0.23827 0.246784 0.224928 0.942606 0.379473 0.202405 -0.136361 0.969762 0.385518 -0.979302 -0.0277936 0.200488 -0.494867 -0.000385548 -0.990269 -0.139164 0.444043 
1535119056009 0.250216 0.92493 -0.286176 -0.617813 -0.936231 0.306462 0.171907 -0.238184 0.246704 0.224913 0.94263 0.379529 0.20087 -0.136219 0.970101 0.385493 -0.979607 -0.0232936 0.199568 -0.494797 -0.00458785 -0.990405 -0.13812 0.443806 
1535119056015 0.250358 0.924896 -0.28616 -0.617607 -0.936214 0.306576 0.171797 -0.238098 0.246624 0.224897 0.942655 0.379586 0.199337 -0.13607 0.970438 0.385468 -0.979892 -0.0187936 0.198644 -0.494731 -0.0087915 -0.990521 -0.137081 0.443568 
1535119056071 0.250501 0.924862 -0.286146 -0.617401 -0.936197 0.30669 0.171687 -0.238012 0.246544 0.224881 0.942679 0.379643 0.197803 -0.135915 0.970773 0.385443 -0.980156 -0.0142932 0.197714 -0.494662 -0.0129968 -0.990617 -0.136045 0.443331 
1535119056263 0.250644 0.924828 -0.286132 -0.617195 -0.93618 0.306805 0.171576 -0.237927 0.246464 0.224866 0.942704 0.379699 0.19627 -0.135752 0.971107 0.385418 -0.980399 -0.00979258 0.196779 -0.494594 -0.0172034 -0.990694 -0.135013 0.443094 
1535119056316 0.250787 0.924794 -0.286116 -0.616989 -0.936163 0.306918 0.171465 -0.237841 0.246385 0.22485 0.942729 0.379756 0.194737 -0.135582 0.97144 0.385393 -0.980622 -0.00529214 0.195839 -0.494527 -0.0214113 -0.990752 -0.133985 0.442856 
1535119056463 0.25093 0.924759 -0.286102 -0.616783 -0.936145 0.307033 0.171355 -0.237755 0.246305 0.224835 0.942753 0.379812 0.193205 -0.135405 0.97177 0.385367 -0.980824 -0.000791559 0.194894 -0.494458 -0.0256204 -0.99079 -0.132961 0.442619 
1535119056517 0.251072 0.924725 -0.286087 -0.616577 -0.936128 0.307147 0.171244 -0.23767 0.246225 0.22482 0.942778 0.379869 0.191673 -0.135221 0.972099 0.385342 -0.981005 0.00370868 0.193945 -0.494391 -0.0298306 -0.990809 -0.131941 0.442382 
1535119057118 0.250904 0.924801 -0.28599 -0.616816 -0.936156 0.306984 0.171384 -0.237704 0.24629 0.224731 0.942782 0.379843 0.192322 -0.135242 0.971968 0.385409 -0.980909 0.00257543 0.19445 -0.494378 -0.028801 -0.990809 -0.132165 0.442666 
1535119057128 0.250986 0.924833 -0.285814 -0.616618 -0.936188 0.306981 0.171216 -0.2376 0.246086 0.224602 0.942866 0.379878 0.194687 -0.136321 0.971346 0.385462 -0.980547 -0.00180922 0.196277 -0.494693 -0.0249992 -0.990663 -0.134021 0.443009 
1535119057232 0.251068 0.924865 -0.285637 -0.61642 -0.936219 0.306978 0.171049 -0.237495 0.245882 0.224474 0.942949 0.379913 0.197056 -0.137389 0.970718 0.385517 -0.980163 -0.00619662 0.198096 -0.495013 -0.0212011 -0.990498 -0.135885 0.443352 
1535119057239 0.25115 0.924897 -0.285461 -0.616221 -0.936251 0.306975 0.170882 -0.237391 0.245678 0.224346 0.943033 0.379948 0.199428 -0.138447 0.970083 0.385572 -0.979758 -0.0105859 0.199906 -0.495333 -0.0174072 -0.990313 -0.137755 0.443694 
1535119057255 0.251232 0.92493 -0.285285 -0.616023 -0.936282 0.306971 0.170715 -0.237286 0.245474 0.224218 0.943116 0.379982 0.201804 -0.139493 0.969442 0.385627 -0.979331 -0.014977 0.201707 -0.495654 -0.0136175 -0.99011 -0.139633 0.444038 
1535119057264 0.251314 0.924961 -0.285109 -0.615824 -0.936314 0.306968 0.170548 -0.237182 0.24527 0.224091 0.9432 0.380017 0.204182 -0.140529 0.968794 0.385681 -0.978884 -0.0193696 0.203498 -0.495973 -0.0098323 -0.989887 -0.141516 0.44438 
1535119057452 0.251396 0.924993 -0.284933 -0.615625 -0.936345 0.306965 0.170381 -0.237077 0.245066 0.223963 0.943283 0.380052 0.206563 -0.141554 0.96814 0.385736 -0.978414 -0.023764 0.205281 -0.496294 -0.00605142 -0.989645 -0.143407 0.444723 
1535119057508 0.251478 0.925025 -0.284757 -0.615427 -0.936377 0.306962 0.170214 -0.236972 0.244862 0.223835 0.943367 0.380087 0.208948 -0.142567 0.967479 0.385791 -0.977924 -0.0281597 0.207054 -0.496614 -0.00227521 -0.989384 -0.145304 0.445066 
1535119057514 0.25156 0.925058 -0.284581 -0.615228 -0.936408 0.306959 0.170047 -0.236868 0.244658 0.223707 0.94345 0.380122 0.211335 -0.14357 0.966812 0.385846 -0.977412 -0.0325569 0.208818 -0.496935 0.00149649 -0.989105 -0.147207 0.445409 
1535119057746 0.251642 0.925089 -0.284405 -0.61503 -0.936439 0.306956 0.16988 -0.236763 0.244454 0.223579 0.943533 0.380157 0.213725 -0.144561 0.966138 0.385901 -0.97688 -0.0369552 0.210572 -0.497255 0.00526333 -0.988806 -0.149117 0.445752 
1535119058117 0.251243 0.925189 -0.284431 -0.615303 -0.936447 0.306672 0.170351 -0.236737 0.244834 0.223555 0.94344 0.38019 0.205686 -0.141512 0.968332 0.385595 -0.978596 -0.0231691 0.204481 -0.496276 -0.00650101 -0.989665 -0.143248 0.444452 
1535119058215 0.251396 0.925194 -0.284281 -0.615054 -0.93645 0.30675 0.170194 -0.23662 0.244666 0.223429 0.943514 0.380252 0.206585 -0.140489 0.96829 0.385598 -0.978422 -0.0261509 0.204953 -0.496432 -0.00347205 -0.989737 -0.14286 0.444445 
1535119058231 0.25155 0.925198 -0.284132 -0.614803 -0.936453 0.306829 0.170037 -0.236502 0.244498 0.223303 0.943587 0.380313 0.207482 -0.139465 0.968246 0.385602 -0.978239 -0.0291325 0.205427 -0.496593 -0.000442564 -0.989798 -0.142475 0.444438 
1535119058417 0.251703 0.925202 -0.283983 -0.614551 -0.936455 0.306908 0.16988 -0.236385 0.24433 0.223178 0.94366 0.380375 0.208376 -0.138438 0.968202 0.385607 -0.978045 -0.0321132 0.205903 -0.496753 0.00258727 -0.98985 -0.142091 0.444431 
1535119058557 0.251856 0.925206 -0.283834 -0.6143 -0.936458 0.306987 0.169723 -0.236267 0.244162 0.223053 0.943733 0.380437 0.209266 -0.137409 0.968156 0.385611 -0.977843 -0.0350932 0.206379 -0.496914 0.00561746 -0.989893 -0.141708 0.444424 
1535119058611 0.25201 0.92521 -0.283686 -0.614049 -0.93646 0.307066 0.169565 -0.23615 0.243994 0.222928 0.943806 0.380499 0.210153 -0.136376 0.96811 0.385615 -0.97763 -0.0380723 0.206856 -0.497074 0.00864786 -0.989925 -0.141327 0.444417 
1535119058617 0.252163 0.925214 -0.283536 -0.613797 -0.936463 0.307145 0.169408 -0.236031 0.243826 0.222803 0.943879 0.380561 0.211037 -0.135341 0.968063 0.385619 -0.977408 -0.0410506 0.207335 -0.497235 0.0116787 -0.989948 -0.140947 0.444411 
1535119058657 0.252317 0.925218 -0.283388 -0.613546 -0.936465 0.307224 0.169251 -0.235914 0.243658 0.222678 0.943952 0.380623 0.211917 -0.134303 0.968015 0.385623 -0.977177 -0.0440279 0.207814 -0.497395 0.0147096 -0.989962 -0.140568 0.444404 
1535119058664 0.25247 0.925222 -0.283238 -0.613294 -0.936468 0.307303 0.169094 -0.235796 0.243489 0.222552 0.944025 0.380685 0.212795 -0.133262 0.967967 0.385628 -0.976936 -0.0470045 0.208295 -0.497557 0.0177409 -0.989966 -0.140191 0.444397 
1535119058935 0.252623 0.925226 -0.283089 -0.613043 -0.93647 0.307382 0.168937 -0.235678 0.243321 0.222427 0.944098 0.380747 0.213669 -0.132219 0.967917 0.385632 -0.976685 -0.0499799 0.208777 -0.497717 0.0207722 -0.98996 -0.139815 0.44439 
1535119059539 0.25244 0.925266 -0.283118 -0.613275 -0.936451 0.307276 0.169236 -0.235744 0.243584 0.222404 0.944036 0.380715 0.213323 -0.132564 0.967946 0.385596 -0.976768 -0.0496537 0.208467 -0.497619 0.0204268 -0.98993 -0.140077 0.444463 
1535119059554 0.252506 0.925205 -0.283261 -0.612926 -0.936344 0.307446 0.169518 -0.235635 0.243927 0.222425 0.943942 0.380831 0.213861 -0.134101 0.967616 0.385644 -0.97664 -0.0505815 0.208846 -0.497762 0.020937 -0.989676 -0.141786 0.444706 
1535119059665 0.252574 0.925143 -0.283404 -0.612572 -0.936236 0.307618 0.1698 -0.235525 0.24427 0.222446 0.943849 0.380949 0.2144 -0.135637 0.967282 0.385694 -0.97651 -0.0515102 0.209223 -0.497909 0.0214465 -0.989419 -0.143495 0.44495 
1535119059731 0.252641 0.92508 -0.283547 -0.612219 -0.936129 0.307791 0.170082 -0.235414 0.244613 0.222467 0.943755 0.381066 0.21494 -0.137173 0.966946 0.385743 -0.97638 -0.0524395 0.209598 -0.498055 0.021955 -0.989158 -0.145204 0.445194 
1535119059737 0.252709 0.925018 -0.28369 -0.611865 -0.936021 0.307963 0.170364 -0.235303 0.244956 0.222487 0.943661 0.381183 0.215481 -0.138707 0.966607 0.385792 -0.97625 -0.0533695 0.209972 -0.498202 0.0224626 -0.988894 -0.146913 0.445437 
1535119059917 0.252776 0.924956 -0.283834 -0.611511 -0.935913 0.308135 0.170646 -0.235192 0.245299 0.222508 0.943567 0.381301 0.216023 -0.14024 0.966264 0.385842 -0.976118 -0.0542999 0.210345 -0.498349 0.0229693 -0.988627 -0.148621 0.445681 
1535119059989 0.252843 0.924893 -0.283977 -0.611158 -0.935805 0.308307 0.170928 -0.235082 0.245642 0.222529 0.943473 0.381418 0.216565 -0.141773 0.965919 0.385891 -0.975986 -0.0552309 0.210715 -0.498495 0.0234749 -0.988357 -0.150329 0.445925 
1535119060198 0.25291 0.924831 -0.28412 -0.610804 -0.935696 0.30848 0.17121 -0.23497 0.245985 0.222549 0.943378 0.381535 0.217108 -0.143304 0.965571 0.38594 -0.975853 -0.0561625 0.211084 -0.498642 0.0239796 -0.988084 -0.152037 0.446169 
1535119060297 0.252978 0.924768 -0.284263 -0.610451 -0.935588 0.308652 0.171491 -0.23486 0.246328 0.22257 0.943284 0.381652 0.217651 -0.144835 0.96522 0.385989 -0.975719 -0.0570946 0.211452 -0.498788 0.0244833 -0.987807 -0.153745 0.446412 
1535119060414 0.253045 0.924706 -0.284406 -0.610098 -0.935479 0.308824 0.171773 -0.234749 0.246671 0.22259 0.94319 0.38177 0.218196 -0.146365 0.964867 0.386039 -0.975585 -0.0580273 0.211817 -0.498934 0.024986 -0.987527 -0.155453 0.446656 
1535119060771 0.252687 0.924861 -0.284222 -0.610393 -0.935665 0.308368 0.171581 -0.234645 0.246333 0.22258 0.94328 0.3817 0.218008 -0.145336 0.965065 0.386013 -0.975636 -0.0573993 0.211752 -0.49879 0.024619 -0.987716 -0.154308 0.446545 
1535119060785 0.252907 0.924802 -0.284216 -0.610068 -0.935582 0.308599 0.171621 -0.234526 0.246424 0.222503 0.943275 0.38178 0.217696 -0.145555 0.965102 0.386019 -0.975766 -0.0548502 0.211829 -0.498938 0.0221032 -0.987829 -0.153968 0.446493 
1535119060802 0.253126 0.924744 -0.284212 -0.609738 -0.935498 0.308829 0.171661 -0.234406 0.246515 0.222428 0.943269 0.38186 0.217383 -0.145774 0.96514 0.386025 -0.97589 -0.0523006 0.211905 -0.499086 0.0195872 -0.987935 -0.153628 0.44644 
1535119060808 0.253346 0.924685 -0.284207 -0.609409 -0.935415 0.309059 0.1717 -0.234285 0.246605 0.222352 0.943263 0.38194 0.217069 -0.145991 0.965177 0.386031 -0.976007 -0.0497506 0.21198 -0.499233 0.0170709 -0.988034 -0.153288 0.446387 
1535119060973 0.253565 0.924626 -0.284203 -0.60908 -0.935332 0.309289 0.17174 -0.234164 0.246696 0.222277 0.943257 0.38202 0.216756 -0.146208 0.965215 0.386037 -0.976117 -0.0472004 0.212054 -0.49938 0.0145545 -0.988127 -0.152948 0.446335 
1535119061039 0.253785 0.924567 -0.284198 -0.608751 -0.935249 0.309519 0.171779 -0.234044 0.246786 0.222201 0.943251 0.3821 0.216441 -0.146425 0.965253 0.386042 -0.976222 -0.0446498 0.212127 -0.499528 0.0120377 -0.988214 -0.152607 0.446282 
