1530648623013 0.180558 -0.965313 0.1886 -0.512355 0.753374 0.259009 0.604436 -0.227141 -0.632319 0.0329505 0.774007 0.445025 0.16008 -0.775623 -0.61056 0.370831 -0.304787 0.549475 -0.777934 -0.528794 0.938871 0.310623 -0.14844 0.432481 
1530648623026 0.197954 -0.96514 0.171226 -0.520365 0.725668 0.261727 0.636321 -0.22336 -0.658954 -0.00170909 0.752182 0.448695 0.316305 -0.930106 0.186693 0.400738 -0.38429 -0.305553 -0.871182 -0.506322 0.867336 0.203815 -0.454078 0.485854 
1530648624010 0.215921 -0.964113 0.154478 -0.52836 0.696831 0.262979 0.667285 -0.21957 -0.683963 -0.0364355 0.728606 0.452366 0.316242 -0.929997 0.187342 0.400828 -0.384853 -0.306262 -0.870685 -0.504438 0.86711 0.203248 -0.454765 0.485876 
1530648624984 0.234417 -0.962235 0.138394 -0.536355 0.666932 0.262759 0.697251 -0.21578 -0.707284 -0.0711481 0.70334 0.456036 0.316223 -0.930001 0.187352 0.40079 -0.384857 -0.306263 -0.870683 -0.50432 0.867115 0.203227 -0.454765 0.485866 
1530648624991 0.253399 -0.959509 0.123012 -0.544349 0.636044 0.261068 0.726148 -0.211989 -0.72886 -0.105764 0.676445 0.459706 0.316222 -0.930002 0.187352 0.40079 -0.384859 -0.306263 -0.870682 -0.504311 0.867114 0.203224 -0.454766 0.485866 
1530648626386 0.27282 -0.955942 0.108368 -0.552344 0.604241 0.257911 0.753906 -0.208199 -0.74864 -0.1402 0.647983 0.463376 0.316221 -0.930002 0.187352 0.400793 -0.384861 -0.306262 -0.870681 -0.504309 0.867114 0.203224 -0.454768 0.485867 
1530648627370 0.292634 -0.951544 0.0944976 -0.560339 0.571598 0.253295 0.780459 -0.204408 -0.766577 -0.174375 0.618024 0.467046 0.316221 -0.930002 0.187351 0.400795 -0.384862 -0.306262 -0.870681 -0.504309 0.867113 0.203223 -0.454769 0.485868 
1530648628398 0.312795 -0.946323 0.0814339 -0.568334 0.538195 0.24723 0.805744 -0.200617 -0.782628 -0.208205 0.586639 0.470715 0.316221 -0.930002 0.187351 0.400796 -0.384862 -0.306262 -0.870681 -0.50431 0.867113 0.203223 -0.454769 0.485869 
1530648629409 0.33325 -0.940295 0.0692092 -0.57632 0.504113 0.239731 0.829698 -0.196836 -0.796753 -0.241608 0.553905 0.474371 0.316222 -0.930002 0.18735 0.400801 -0.384863 -0.306262 -0.87068 -0.504317 0.867112 0.203224 -0.45477 0.485871 
1530648630474 0.353836 -0.933514 0.057899 -0.58398 0.469564 0.230837 0.852187 -0.193326 -0.808894 -0.274347 0.520023 0.477608 0.316238 -0.930001 0.187328 0.400844 -0.384878 -0.306253 -0.870677 -0.504402 0.8671 0.203243 -0.454786 0.48592 
1530648631492 0.353728 -0.933561 0.0577857 -0.583986 0.469621 0.23069 0.852196 -0.19331 -0.808908 -0.274308 0.520022 0.477586 0.316238 -0.930001 0.187328 0.400844 -0.384878 -0.306253 -0.870677 -0.504402 0.8671 0.203243 -0.454786 0.48592 
1530648631505 0.355833 -0.932828 0.0567047 -0.584815 0.466103 0.229734 0.854383 -0.192902 -0.810019 -0.277587 0.516541 0.478001 0.316221 -0.930002 0.187351 0.400799 -0.384863 -0.306262 -0.87068 -0.504312 0.867113 0.203223 -0.45477 0.485869 
1530648631922 0.35794 -0.932086 0.0556333 -0.585644 0.462579 0.228765 0.856555 -0.192493 -0.81111 -0.280861 0.513048 0.478417 0.31622 -0.930002 0.187351 0.400795 -0.384863 -0.306262 -0.87068 -0.504305 0.867113 0.203222 -0.454769 0.485867 
1530648632309 0.360049 -0.931336 0.0545711 -0.586473 0.459051 0.227782 0.858713 -0.192085 -0.81218 -0.284128 0.509543 0.478833 0.31622 -0.930002 0.187352 0.400795 -0.384863 -0.306262 -0.87068 -0.504304 0.867113 0.203222 -0.454769 0.485867 
1530648632706 0.36216 -0.930578 0.0535181 -0.587302 0.455517 0.226785 0.860856 -0.191677 -0.813231 -0.287389 0.506027 0.479249 0.31622 -0.930002 0.187352 0.400795 -0.384863 -0.306262 -0.87068 -0.504304 0.867113 0.203222 -0.454769 0.485867 
1530648633104 0.364272 -0.929813 0.0524742 -0.588131 0.451979 0.225774 0.862984 -0.191268 -0.814261 -0.290644 0.502499 0.479664 0.31622 -0.930002 0.187352 0.400795 -0.384863 -0.306262 -0.87068 -0.504304 0.867113 0.203222 -0.454769 0.485867 
1530648633516 0.366386 -0.92904 0.0514396 -0.58896 0.448436 0.224749 0.865097 -0.19086 -0.815271 -0.293892 0.498959 0.48008 0.31622 -0.930002 0.187352 0.400795 -0.384863 -0.306262 -0.87068 -0.504304 0.867113 0.203222 -0.454769 0.485867 
1530648633907 0.368502 -0.928259 0.0504142 -0.589789 0.444888 0.22371 0.867196 -0.190451 -0.816261 -0.297134 0.495408 0.480496 0.31622 -0.930002 0.187352 0.400795 -0.384863 -0.306262 -0.87068 -0.504304 0.867113 0.203222 -0.454769 0.485867 
1530648633913 0.370619 -0.92747 0.049398 -0.590617 0.441335 0.222657 0.86928 -0.190044 -0.81723 -0.300371 0.491846 0.48091 0.31622 -0.930002 0.187352 0.400795 -0.384863 -0.306262 -0.87068 -0.504304 0.867113 0.203222 -0.454769 0.485867 
1530648634430 0.372727 -0.926678 0.0483956 -0.591419 0.437792 0.221594 0.871341 -0.189664 -0.818176 -0.303585 0.488286 0.481281 0.31622 -0.930002 0.187352 0.400795 -0.384863 -0.306262 -0.87068 -0.504304 0.867113 0.203222 -0.454769 0.485867 
1530648634819 0.372574 -0.926741 0.0483671 -0.591434 0.437887 0.221516 0.871312 -0.189608 -0.818195 -0.303449 0.48834 0.481295 0.31622 -0.930002 0.187352 0.400795 -0.384863 -0.306262 -0.87068 -0.504304 0.867113 0.203222 -0.454769 0.485867 
1530648634832 0.372801 -0.926655 0.0482682 -0.591518 0.437521 0.221415 0.871522 -0.18957 -0.818288 -0.303786 0.487974 0.48134 0.31622 -0.930002 0.187352 0.400795 -0.384863 -0.306262 -0.87068 -0.504304 0.867113 0.203222 -0.454769 0.485867 
1530648635060 0.373029 -0.926568 0.0481702 -0.591602 0.437153 0.221314 0.871732 -0.189532 -0.81838 -0.304124 0.487609 0.481385 0.31622 -0.930002 0.187352 0.400795 -0.384863 -0.306262 -0.87068 -0.504304 0.867113 0.203222 -0.454769 0.485867 
1530648635238 0.373257 -0.926482 0.0480724 -0.591687 0.436786 0.221213 0.871942 -0.189493 -0.818472 -0.304461 0.487244 0.481429 0.31622 -0.930002 0.187352 0.400795 -0.384863 -0.306262 -0.87068 -0.504304 0.867113 0.203222 -0.454769 0.485867 
1530648635410 0.373485 -0.926395 0.0479747 -0.591771 0.436419 0.221112 0.872151 -0.189455 -0.818564 -0.304798 0.486878 0.481474 0.31622 -0.930002 0.187352 0.400795 -0.384863 -0.306262 -0.87068 -0.504304 0.867113 0.203222 -0.454769 0.485867 
1530648635588 0.373713 -0.926308 0.0478771 -0.591855 0.436052 0.221011 0.872361 -0.189417 -0.818656 -0.305135 0.486513 0.481519 0.31622 -0.930002 0.187352 0.400795 -0.384863 -0.306262 -0.87068 -0.504304 0.867113 0.203222 -0.454769 0.485867 
1530648635594 0.373941 -0.926221 0.0477796 -0.591939 0.435684 0.22091 0.87257 -0.189379 -0.818747 -0.305472 0.486147 0.481564 0.31622 -0.930002 0.187352 0.400795 -0.384863 -0.306262 -0.87068 -0.504304 0.867113 0.203222 -0.454769 0.485867 
1530648635856 0.374169 -0.926134 0.0476823 -0.592023 0.435317 0.220808 0.872779 -0.189341 -0.818839 -0.305809 0.485782 0.481609 0.31622 -0.930002 0.187352 0.400795 -0.384863 -0.306262 -0.87068 -0.504304 0.867113 0.203222 -0.454769 0.485867 
1530648636071 0.374396 -0.926047 0.047585 -0.592107 0.43495 0.220707 0.872987 -0.189303 -0.81893 -0.306146 0.485416 0.481653 0.31622 -0.930002 0.187352 0.400795 -0.384863 -0.306262 -0.87068 -0.504304 0.867113 0.203222 -0.454769 0.485867 
1530648636256 0.374624 -0.92596 0.0474881 -0.592189 0.434584 0.220605 0.873195 -0.189267 -0.81902 -0.306482 0.485051 0.481693 0.31622 -0.930002 0.187352 0.400795 -0.384863 -0.306262 -0.87068 -0.504304 0.867113 0.203222 -0.454769 0.485867 
1530648636580 0.374594 -0.925965 0.0476151 -0.592231 0.434424 0.220649 0.873264 -0.189255 -0.819118 -0.306435 0.484916 0.481632 0.31622 -0.930002 0.187352 0.400795 -0.384863 -0.306262 -0.87068 -0.504304 0.867113 0.203222 -0.454769 0.485867 
1530648636592 0.358352 -0.932955 0.0343201 -0.59166 0.455818 0.206927 0.865685 -0.191675 -0.814747 -0.294577 0.499411 0.479393 0.31622 -0.930002 0.187352 0.400795 -0.384863 -0.306262 -0.87068 -0.504304 0.867113 0.203222 -0.454769 0.485867 
1530648637255 0.341719 -0.939561 0.0213129 -0.591082 0.476798 0.192865 0.857593 -0.194096 -0.809871 -0.282894 0.513887 0.477157 0.31622 -0.930002 0.187352 0.400795 -0.384863 -0.306262 -0.87068 -0.504304 0.867113 0.203222 -0.454769 0.485867 
1530648637917 0.324709 -0.945775 0.00860266 -0.590504 0.49735 0.178475 0.848993 -0.196517 -0.804492 -0.271397 0.528333 0.474921 0.31622 -0.930002 0.187352 0.400795 -0.384863 -0.306262 -0.87068 -0.504304 0.867113 0.203222 -0.454769 0.485867 
1530648638598 0.307337 -0.951593 -0.00380061 -0.589926 0.517456 0.163768 0.839892 -0.198938 -0.798614 -0.260096 0.54274 0.472684 0.31622 -0.930002 0.187352 0.400795 -0.384863 -0.306262 -0.87068 -0.504304 0.867113 0.203222 -0.454769 0.485867 
1530648639298 0.289615 -0.957011 -0.0158872 -0.589347 0.537102 0.148756 0.830297 -0.201359 -0.792241 -0.249 0.557094 0.470448 0.31622 -0.930002 0.187352 0.400795 -0.384863 -0.306262 -0.87068 -0.504304 0.867113 0.203222 -0.454769 0.485867 
1530648639997 0.271558 -0.962025 -0.0276478 -0.588769 0.556271 0.133451 0.820215 -0.203781 -0.785378 -0.238116 0.571386 0.468212 0.31622 -0.930002 0.187352 0.400795 -0.384863 -0.306262 -0.87068 -0.504304 0.867113 0.203222 -0.454769 0.485867 
1530648640658 0.25318 -0.96663 -0.0390731 -0.58819 0.57495 0.117863 0.809655 -0.206201 -0.778031 -0.227453 0.585604 0.465976 0.31622 -0.930002 0.187352 0.400795 -0.384863 -0.306262 -0.87068 -0.504304 0.867113 0.203222 -0.454769 0.485867 
1530648641305 0.234496 -0.970822 -0.0501548 -0.587603 0.593121 0.102006 0.798626 -0.208611 -0.770208 -0.217022 0.599735 0.463749 0.31622 -0.930002 0.187352 0.400795 -0.384863 -0.306262 -0.87068 -0.504304 0.867113 0.203222 -0.454769 0.485867 
1530648641942 0.215565 -0.974589 -0.060893 -0.586964 0.610708 0.0858962 0.787183 -0.210823 -0.76195 -0.206877 0.613706 0.46174 0.31622 -0.930002 0.187352 0.400795 -0.384863 -0.306262 -0.87068 -0.504304 0.867113 0.203222 -0.454769 0.485867 
1530648642692 0.21561 -0.974583 -0.0608262 -0.586972 0.610573 0.0859423 0.787283 -0.210797 -0.762046 -0.206885 0.613584 0.461706 0.31622 -0.930002 0.187352 0.400795 -0.384863 -0.306262 -0.87068 -0.504304 0.867113 0.203222 -0.454769 0.485867 
1530648642924 0.196386 -0.977926 -0.0713644 -0.587022 0.627899 0.0695247 0.775183 -0.213214 -0.75311 -0.197045 0.627693 0.459228 0.31622 -0.930002 0.187352 0.400795 -0.384863 -0.306262 -0.87068 -0.504304 0.867113 0.203222 -0.454769 0.485867 
1530648643560 0.176893 -0.980848 -0.0815278 -0.587068 0.644672 0.0528752 0.762629 -0.215633 -0.743712 -0.187462 0.641678 0.45675 0.31622 -0.930002 0.187352 0.400795 -0.384863 -0.306262 -0.87068 -0.504304 0.867113 0.203222 -0.454769 0.485867 
1530648644201 0.157148 -0.983345 -0.0913095 -0.587113 0.660877 0.0360068 0.74963 -0.218051 -0.733857 -0.178147 0.655529 0.454271 0.31622 -0.930002 0.187352 0.400795 -0.384863 -0.306262 -0.87068 -0.504304 0.867113 0.203222 -0.454769 0.485867 
1530648644209 0.137165 -0.985416 -0.100702 -0.587158 0.676503 0.0189328 0.736196 -0.220469 -0.723553 -0.169106 0.669234 0.451792 0.31622 -0.930002 0.187352 0.400795 -0.384863 -0.306262 -0.87068 -0.504304 0.867113 0.203222 -0.454769 0.485867 
1530648645039 0.116962 -0.98706 -0.109697 -0.587203 0.691537 0.00166666 0.722339 -0.222888 -0.712809 -0.160346 0.682783 0.449314 0.31622 -0.930002 0.187352 0.400795 -0.384863 -0.306262 -0.87068 -0.504304 0.867113 0.203222 -0.454769 0.485867 
1530648645654 0.0965534 -0.988274 -0.118288 -0.587248 0.705966 -0.0157779 0.70807 -0.225306 -0.701633 -0.151874 0.696165 0.446835 0.31622 -0.930002 0.187352 0.400795 -0.384863 -0.306262 -0.87068 -0.504304 0.867113 0.203222 -0.454769 0.485867 
1530648646286 0.0759558 -0.989058 -0.126469 -0.587292 0.71978 -0.033387 0.693399 -0.227724 -0.690034 -0.143697 0.709369 0.444357 0.31622 -0.930002 0.187352 0.400795 -0.384863 -0.306262 -0.87068 -0.504304 0.867113 0.203222 -0.454769 0.485867 
1530648646881 0.0551865 -0.989412 -0.134233 -0.587326 0.732966 -0.051147 0.67834 -0.23013 -0.678023 -0.135823 0.722382 0.441888 0.31622 -0.930002 0.187352 0.400795 -0.384863 -0.306262 -0.87068 -0.504304 0.867113 0.203222 -0.454769 0.485867 
1530648647474 0.0343038 -0.989331 -0.141591 -0.587267 0.745463 -0.069034 0.662963 -0.232338 -0.665664 -0.128293 0.735141 0.439633 0.31622 -0.930002 0.187352 0.400795 -0.384863 -0.306262 -0.87068 -0.504304 0.867113 0.203222 -0.454769 0.485867 
1530648648190 0.0344081 -0.989335 -0.141533 -0.587273 0.745314 -0.0689467 0.663139 -0.232342 -0.665825 -0.128304 0.734993 0.439573 0.31622 -0.930002 0.187352 0.400795 -0.384863 -0.306262 -0.87068 -0.504304 0.867113 0.203222 -0.454769 0.485867 
1530648648460 0.0160857 -0.988897 -0.147726 -0.587866 0.755854 -0.0846915 0.649239 -0.234353 -0.654542 -0.122103 0.7461 0.437308 0.31622 -0.930002 0.187352 0.400795 -0.384863 -0.306262 -0.87068 -0.504304 0.867113 0.203222 -0.454769 0.485867 
1530648649037 -0.00233522 -0.988133 -0.153586 -0.588455 0.765892 -0.100518 0.635064 -0.236364 -0.642965 -0.116147 0.757037 0.435042 0.31622 -0.930002 0.187352 0.400795 -0.384863 -0.306262 -0.87068 -0.504304 0.867113 0.203222 -0.454769 0.485867 
1530648649589 -0.0208434 -0.987041 -0.159108 -0.589045 0.775421 -0.116417 0.62062 -0.238374 -0.631101 -0.11044 0.767799 0.432776 0.31622 -0.930002 0.187352 0.400795 -0.384863 -0.306262 -0.87068 -0.504304 0.867113 0.203222 -0.454769 0.485867 
1530648650151 -0.039428 -0.985624 -0.164291 -0.589635 0.784435 -0.132379 0.605918 -0.240385 -0.618956 -0.104986 0.778377 0.43051 0.31622 -0.930002 0.187352 0.400795 -0.384863 -0.306262 -0.87068 -0.504304 0.867113 0.203222 -0.454769 0.485867 
1530648650705 -0.058076 -0.983881 -0.169132 -0.590224 0.79293 -0.148394 0.590967 -0.242396 -0.606539 -0.0997889 0.788766 0.428244 0.31622 -0.930002 0.187352 0.400795 -0.384863 -0.306262 -0.87068 -0.504304 0.867113 0.203222 -0.454769 0.485867 
1530648651245 -0.0767783 -0.981814 -0.173627 -0.590814 0.800899 -0.164452 0.575775 -0.244407 -0.593857 -0.0948504 0.79896 0.425978 0.31622 -0.930002 0.187352 0.400795 -0.384863 -0.306262 -0.87068 -0.504304 0.867113 0.203222 -0.454769 0.485867 
1530648651784 -0.0955232 -0.979424 -0.177772 -0.591403 0.808338 -0.180545 0.560351 -0.246417 -0.580918 -0.0901735 0.808952 0.423713 0.31622 -0.930002 0.187352 0.400795 -0.384863 -0.306262 -0.87068 -0.504304 0.867113 0.203222 -0.454769 0.485867 
1530648652324 -0.114297 -0.976713 -0.181569 -0.591981 0.815241 -0.196661 0.544707 -0.248417 -0.567731 -0.0857637 0.818735 0.421455 0.31622 -0.930002 0.187352 0.400795 -0.384863 -0.306262 -0.87068 -0.504304 0.867113 0.203222 -0.454769 0.485867 
1530648652892 -0.133056 -0.973683 -0.185035 -0.592444 0.821572 -0.212781 0.528908 -0.250242 -0.55436 -0.0816455 0.828262 0.419374 0.31622 -0.930002 0.187352 0.400795 -0.384863 -0.306262 -0.87068 -0.504304 0.867113 0.203222 -0.454769 0.485867 
1530648653567 -0.133 -0.973693 -0.185022 -0.592463 0.821546 -0.212733 0.528968 -0.250219 -0.554412 -0.0816512 0.828227 0.419342 0.31622 -0.930002 0.187352 0.400795 -0.384863 -0.306262 -0.87068 -0.504304 0.867113 0.203222 -0.454769 0.485867 
1530648653811 -0.148794 -0.970213 -0.191171 -0.593294 0.825452 -0.228313 0.516239 -0.251922 -0.544509 -0.0809896 0.834836 0.417604 0.31622 -0.930002 0.187352 0.400795 -0.384863 -0.306262 -0.87068 -0.504304 0.867113 0.203222 -0.454769 0.485867 
1530648654346 -0.164618 -0.966468 -0.197082 -0.594123 0.828975 -0.243839 0.503333 -0.253626 -0.534511 -0.0805177 0.841317 0.415866 0.31622 -0.930002 0.187352 0.400795 -0.384863 -0.306262 -0.87068 -0.504304 0.867113 0.203222 -0.454769 0.485867 
1530648654873 -0.180467 -0.962457 -0.20275 -0.594953 0.832114 -0.259303 0.490254 -0.25533 -0.524422 -0.080236 0.847669 0.414127 0.31622 -0.930002 0.187352 0.400795 -0.384863 -0.306262 -0.87068 -0.504304 0.867113 0.203222 -0.454769 0.485867 
1530648655427 -0.196333 -0.958184 -0.208173 -0.595782 0.834867 -0.274699 0.477009 -0.257033 -0.514248 -0.0801445 0.853889 0.412389 0.31622 -0.930002 0.187352 0.400795 -0.384863 -0.306262 -0.87068 -0.504304 0.867113 0.203222 -0.454769 0.485867 
1530648655947 -0.212208 -0.953651 -0.213351 -0.596612 0.837234 -0.29002 0.463604 -0.258737 -0.503992 -0.0802441 0.859973 0.41065 0.31622 -0.930002 0.187352 0.400795 -0.384863 -0.306262 -0.87068 -0.504304 0.867113 0.203222 -0.454769 0.485867 
1530648656475 -0.228086 -0.948858 -0.218279 -0.597441 0.839213 -0.30526 0.450043 -0.26044 -0.493659 -0.0805337 0.865919 0.408912 0.31622 -0.930002 0.187352 0.400795 -0.384863 -0.306262 -0.87068 -0.504304 0.867113 0.203222 -0.454769 0.485867 
1530648657004 -0.243961 -0.943808 -0.222957 -0.59827 0.840803 -0.320411 0.436334 -0.262143 -0.483254 -0.0810142 0.871724 0.407174 0.31622 -0.930002 0.187352 0.400795 -0.384863 -0.306262 -0.87068 -0.504304 0.867113 0.203222 -0.454769 0.485867 
1530648657515 -0.259824 -0.938503 -0.227382 -0.599089 0.842003 -0.335468 0.422483 -0.263837 -0.472781 -0.0816853 0.877386 0.405441 0.31622 -0.930002 0.187352 0.400795 -0.384863 -0.306262 -0.87068 -0.504304 0.867113 0.203222 -0.454769 0.485867 
1530648658074 -0.275645 -0.932949 -0.231572 -0.599801 0.842797 -0.350414 0.408538 -0.265397 -0.462292 -0.0825569 0.882876 0.403831 0.31622 -0.930002 0.187352 0.400795 -0.384863 -0.306262 -0.87068 -0.504304 0.867113 0.203222 -0.454769 0.485867 
1530648658642 -0.275461 -0.932991 -0.231622 -0.599775 0.842812 -0.35028 0.408621 -0.265428 -0.462373 -0.082655 0.882825 0.403843 0.31622 -0.930002 0.187352 0.400795 -0.384863 -0.306262 -0.87068 -0.504304 0.867113 0.203222 -0.454769 0.485867 
1530648658924 -0.273983 -0.933824 -0.230013 -0.599777 0.841155 -0.348625 0.413424 -0.26595 -0.466253 -0.0802053 0.881008 0.404044 0.31622 -0.930002 0.187352 0.400795 -0.384863 -0.306262 -0.87068 -0.504304 0.867113 0.203222 -0.454769 0.485867 
1530648659231 -0.272511 -0.934652 -0.228393 -0.599778 0.839475 -0.346956 0.418215 -0.266473 -0.470128 -0.0777619 0.879166 0.404244 0.31622 -0.930002 0.187352 0.400795 -0.384863 -0.306262 -0.87068 -0.504304 0.867113 0.203222 -0.454769 0.485867 
1530648659546 -0.271045 -0.935475 -0.226763 -0.59978 0.837773 -0.345272 0.422994 -0.266995 -0.473995 -0.0753257 0.8773 0.404445 0.31622 -0.930002 0.187352 0.400795 -0.384863 -0.306262 -0.87068 -0.504304 0.867113 0.203222 -0.454769 0.485867 
1530648659854 -0.269587 -0.936291 -0.225125 -0.599781 0.836049 -0.343576 0.427759 -0.267517 -0.477855 -0.0728974 0.875409 0.404646 0.31622 -0.930002 0.187352 0.400795 -0.384863 -0.306262 -0.87068 -0.504304 0.867113 0.203222 -0.454769 0.485867 
1530648660161 -0.268135 -0.937103 -0.223478 -0.599783 0.834303 -0.341865 0.432512 -0.26804 -0.481707 -0.0704765 0.873494 0.404847 0.31622 -0.930002 0.187352 0.400795 -0.384863 -0.306262 -0.87068 -0.504304 0.867113 0.203222 -0.454769 0.485867 
1530648660482 -0.266691 -0.937908 -0.221822 -0.599784 0.832535 -0.340142 0.437251 -0.268562 -0.485552 -0.0680636 0.871554 0.405047 0.31622 -0.930002 0.187352 0.400795 -0.384863 -0.306262 -0.87068 -0.504304 0.867113 0.203222 -0.454769 0.485867 
1530648660795 -0.265253 -0.938707 -0.220157 -0.599786 0.830746 -0.338404 0.441978 -0.269084 -0.48939 -0.0656583 0.86959 0.405248 0.31622 -0.930002 0.187352 0.400795 -0.384863 -0.306262 -0.87068 -0.504304 0.867113 0.203222 -0.454769 0.485867 
1530648661110 -0.263823 -0.939501 -0.218483 -0.599787 0.828934 -0.336653 0.446691 -0.269606 -0.49322 -0.0632608 0.867602 0.405448 0.31622 -0.930002 0.187352 0.400795 -0.384863 -0.306262 -0.87068 -0.504304 0.867113 0.203222 -0.454769 0.485867 
1530648661432 -0.262399 -0.940289 -0.216802 -0.599788 0.827108 -0.334889 0.451378 -0.270116 -0.497031 -0.060878 0.865595 0.405629 0.31622 -0.930002 0.187352 0.400795 -0.384863 -0.306262 -0.87068 -0.504304 0.867113 0.203222 -0.454769 0.485867 
1530648661891 -0.262234 -0.94034 -0.216781 -0.599743 0.827094 -0.334742 0.451512 -0.270166 -0.49714 -0.0608966 0.865531 0.405568 0.31622 -0.930002 0.187352 0.400795 -0.384863 -0.306262 -0.87068 -0.504304 0.867113 0.203222 -0.454769 0.485867 
1530648661904 -0.255352 -0.942661 -0.214907 -0.599553 0.824788 -0.328367 0.460327 -0.270116 -0.5045 -0.0597078 0.861344 0.406261 0.31622 -0.930002 0.187352 0.400795 -0.384863 -0.306262 -0.87068 -0.504304 0.867113 0.203222 -0.454769 0.485867 
1530648662342 -0.248474 -0.944938 -0.212961 -0.599362 0.822369 -0.321964 0.469092 -0.270066 -0.511829 -0.0585756 0.857088 0.406953 0.31622 -0.930002 0.187352 0.400795 -0.384863 -0.306262 -0.87068 -0.504304 0.867113 0.203222 -0.454769 0.485867 
1530648662737 -0.241603 -0.94717 -0.210945 -0.599172 0.81984 -0.315536 0.477807 -0.270016 -0.519125 -0.0575012 0.852762 0.407646 0.31622 -0.930002 0.187352 0.400795 -0.384863 -0.306262 -0.87068 -0.504304 0.867113 0.203222 -0.454769 0.485867 
1530648663119 -0.234738 -0.949356 -0.208857 -0.598982 0.817198 -0.309084 0.486471 -0.269966 -0.526388 -0.0564844 0.848366 0.408339 0.31622 -0.930002 0.187352 0.400795 -0.384863 -0.306262 -0.87068 -0.504304 0.867113 0.203222 -0.454769 0.485867 
1530648663503 -0.227881 -0.951497 -0.206699 -0.598791 0.814446 -0.302607 0.495082 -0.269916 -0.533617 -0.0555256 0.843901 0.409031 0.31622 -0.930002 0.187352 0.400795 -0.384863 -0.306262 -0.87068 -0.504304 0.867113 0.203222 -0.454769 0.485867 
1530648663884 -0.221031 -0.953592 -0.20447 -0.598601 0.811584 -0.296106 0.503639 -0.269866 -0.540811 -0.0546243 0.839369 0.409724 0.31622 -0.930002 0.187352 0.400795 -0.384863 -0.306262 -0.87068 -0.504304 0.867113 0.203222 -0.454769 0.485867 
1530648664263 -0.214192 -0.95564 -0.202171 -0.598411 0.808611 -0.289584 0.512141 -0.269816 -0.547969 -0.0537816 0.834768 0.410416 0.31622 -0.930002 0.187352 0.400795 -0.384863 -0.306262 -0.87068 -0.504304 0.867113 0.203222 -0.454769 0.485867 
1530648664647 -0.207362 -0.957643 -0.199802 -0.598223 0.80553 -0.283039 0.520587 -0.269769 -0.555088 -0.052996 0.830101 0.411107 0.31622 -0.930002 0.187352 0.400795 -0.384863 -0.306262 -0.87068 -0.504304 0.867113 0.203222 -0.454769 0.485867 
1530648665046 -0.200553 -0.959598 -0.197359 -0.598068 0.802353 -0.276478 0.528951 -0.26976 -0.562146 -0.0522685 0.825385 0.411733 0.31622 -0.930002 0.187352 0.400795 -0.384863 -0.306262 -0.87068 -0.504304 0.867113 0.203222 -0.454769 0.485867 
1530648665542 -0.200581 -0.959582 -0.197409 -0.598044 0.80243 -0.276521 0.528813 -0.269812 -0.562027 -0.0523371 0.825462 0.41176 0.31622 -0.930002 0.187352 0.400795 -0.384863 -0.306262 -0.87068 -0.504304 0.867113 0.203222 -0.454769 0.485867 
1530648665675 -0.194474 -0.961346 -0.19492 -0.597969 0.799799 -0.270449 0.535891 -0.269639 -0.567893 -0.0516799 0.821478 0.412354 0.31622 -0.930002 0.187352 0.400795 -0.384863 -0.306262 -0.87068 -0.504304 0.867113 0.203222 -0.454769 0.485867 
1530648666030 -0.188377 -0.96307 -0.192378 -0.597894 0.797085 -0.264362 0.542925 -0.269466 -0.573732 -0.0510675 0.817449 0.412948 0.31622 -0.930002 0.187352 0.400795 -0.384863 -0.306262 -0.87068 -0.504304 0.867113 0.203222 -0.454769 0.485867 
1530648666411 -0.182291 -0.964755 -0.189784 -0.597818 0.794291 -0.258259 0.549913 -0.269294 -0.579544 -0.0504993 0.813375 0.413543 0.31622 -0.930002 0.187352 0.400795 -0.384863 -0.306262 -0.87068 -0.504304 0.867113 0.203222 -0.454769 0.485867 
1530648666784 -0.176217 -0.966399 -0.187139 -0.597743 0.791415 -0.252142 0.556854 -0.269121 -0.585329 -0.049977 0.809254 0.414137 0.31622 -0.930002 0.187352 0.400795 -0.384863 -0.306262 -0.87068 -0.504304 0.867113 0.203222 -0.454769 0.485867 
1530648667149 -0.170155 -0.968003 -0.184441 -0.597668 0.788458 -0.24601 0.563749 -0.268948 -0.591085 -0.0494991 0.805089 0.414731 0.31622 -0.930002 0.187352 0.400795 -0.384863 -0.306262 -0.87068 -0.504304 0.867113 0.203222 -0.454769 0.485867 
1530648667526 -0.164105 -0.969566 -0.181691 -0.597592 0.78542 -0.239864 0.570597 -0.268775 -0.596812 -0.0490663 0.800879 0.415325 0.31622 -0.930002 0.187352 0.400795 -0.384863 -0.306262 -0.87068 -0.504304 0.867113 0.203222 -0.454769 0.485867 
1530648667899 -0.158068 -0.971088 -0.178891 -0.597517 0.782302 -0.233705 0.577396 -0.268603 -0.60251 -0.0486786 0.796626 0.415919 0.31622 -0.930002 0.187352 0.400795 -0.384863 -0.306262 -0.87068 -0.504304 0.867113 0.203222 -0.454769 0.485867 
1530648668252 -0.152046 -0.97257 -0.176038 -0.597445 0.779104 -0.227533 0.584145 -0.268433 -0.608176 -0.0483353 0.792329 0.416511 0.31622 -0.930002 0.187352 0.400795 -0.384863 -0.306262 -0.87068 -0.504304 0.867113 0.203222 -0.454769 0.485867 
1530648668606 -0.146046 -0.97401 -0.173133 -0.597396 0.775841 -0.221352 0.590825 -0.268298 -0.613793 -0.0480358 0.788005 0.417048 0.31622 -0.930002 0.187352 0.400795 -0.384863 -0.306262 -0.87068 -0.504304 0.867113 0.203222 -0.454769 0.485867 
1530648669073 -0.146093 -0.973995 -0.173179 -0.597383 0.775845 -0.221417 0.590795 -0.268307 -0.613776 -0.048049 0.788016 0.417057 0.31622 -0.930002 0.187352 0.400795 -0.384863 -0.306262 -0.87068 -0.504304 0.867113 0.203222 -0.454769 0.485867 
1530648669266 -0.141004 -0.975101 -0.171158 -0.597361 0.773511 -0.216414 0.595689 -0.268117 -0.617898 -0.0483978 0.784767 0.417454 0.31622 -0.930002 0.187352 0.400795 -0.384863 -0.306262 -0.87068 -0.504304 0.867113 0.203222 -0.454769 0.485867 
1530648669594 -0.135922 -0.97618 -0.169106 -0.597339 0.77113 -0.211407 0.600555 -0.267927 -0.622 -0.048774 0.781497 0.417852 0.31622 -0.930002 0.187352 0.400795 -0.384863 -0.306262 -0.87068 -0.504304 0.867113 0.203222 -0.454769 0.485867 
1530648669955 -0.130847 -0.977232 -0.167024 -0.597317 0.7687 -0.206397 0.605393 -0.267737 -0.626083 -0.0491772 0.778204 0.418249 0.31622 -0.930002 0.187352 0.400795 -0.384863 -0.306262 -0.87068 -0.504304 0.867113 0.203222 -0.454769 0.485867 
1530648670308 -0.125779 -0.978256 -0.16491 -0.597295 0.766222 -0.201383 0.610203 -0.267547 -0.630145 -0.0496069 0.774891 0.418646 0.31622 -0.930002 0.187352 0.400795 -0.384863 -0.306262 -0.87068 -0.504304 0.867113 0.203222 -0.454769 0.485867 
1530648670628 -0.120719 -0.979252 -0.162765 -0.597273 0.763697 -0.196365 0.614985 -0.267357 -0.634187 -0.0500633 0.771557 0.419043 0.31622 -0.930002 0.187352 0.400795 -0.384863 -0.306262 -0.87068 -0.504304 0.867113 0.203222 -0.454769 0.485867 
1530648670980 -0.115666 -0.98022 -0.16059 -0.597251 0.761125 -0.191345 0.619739 -0.267166 -0.638209 -0.0505465 0.768202 0.41944 0.31622 -0.930002 0.187352 0.400795 -0.384863 -0.306262 -0.87068 -0.504304 0.867113 0.203222 -0.454769 0.485867 
1530648671312 -0.110621 -0.981161 -0.158385 -0.597229 0.758505 -0.186323 0.624464 -0.266977 -0.64221 -0.051057 0.764826 0.419837 0.31622 -0.930002 0.187352 0.400795 -0.384863 -0.306262 -0.87068 -0.504304 0.867113 0.203222 -0.454769 0.485867 
1530648671630 -0.105585 -0.982074 -0.156148 -0.597209 0.755837 -0.181297 0.629159 -0.266789 -0.64619 -0.0515932 0.761431 0.420233 0.31622 -0.930002 0.187352 0.400795 -0.384863 -0.306262 -0.87068 -0.504304 0.867113 0.203222 -0.454769 0.485867 
1530648671957 -0.100565 -0.982959 -0.153879 -0.597205 0.753135 -0.176273 0.633811 -0.266631 -0.650134 -0.0521527 0.758027 0.420587 0.31622 -0.930002 0.187352 0.400795 -0.384863 -0.306262 -0.87068 -0.504304 0.867113 0.203222 -0.454769 0.485867 
1530648672336 -0.100723 -0.982939 -0.1539 -0.597219 0.753195 -0.1764 0.633704 -0.266591 -0.65004 -0.0520886 0.758112 0.420622 0.31622 -0.930002 0.187352 0.400795 -0.384863 -0.306262 -0.87068 -0.504304 0.867113 0.203222 -0.454769 0.485867 
1530648672578 -0.0970333 -0.983537 -0.152448 -0.597223 0.751096 -0.172861 0.637161 -0.266417 -0.653023 -0.0526771 0.755504 0.420942 0.31622 -0.930002 0.187352 0.400795 -0.384863 -0.306262 -0.87068 -0.504304 0.867113 0.203222 -0.454769 0.485867 
1530648672905 -0.0933494 -0.98412 -0.150978 -0.597228 0.748972 -0.169322 0.640603 -0.266242 -0.655993 -0.0532786 0.752884 0.421262 0.31622 -0.930002 0.187352 0.400795 -0.384863 -0.306262 -0.87068 -0.504304 0.867113 0.203222 -0.454769 0.485867 
1530648673214 -0.0896697 -0.984689 -0.149492 -0.597232 0.746822 -0.165783 0.644029 -0.266068 -0.658951 -0.053894 0.750253 0.421582 0.31622 -0.930002 0.187352 0.400795 -0.384863 -0.306262 -0.87068 -0.504304 0.867113 0.203222 -0.454769 0.485867 
1530648673602 -0.0859945 -0.985243 -0.147989 -0.597236 0.744647 -0.162244 0.647439 -0.265893 -0.661895 -0.0545236 0.747611 0.421902 0.31622 -0.930002 0.187352 0.400795 -0.384863 -0.306262 -0.87068 -0.504304 0.867113 0.203222 -0.454769 0.485867 
1530648673901 -0.082324 -0.985784 -0.146471 -0.597241 0.742447 -0.158705 0.650834 -0.265719 -0.664827 -0.0551676 0.744958 0.422223 0.31622 -0.930002 0.187352 0.400795 -0.384863 -0.306262 -0.87068 -0.504304 0.867113 0.203222 -0.454769 0.485867 
1530648674188 -0.0786581 -0.98631 -0.144935 -0.597245 0.740222 -0.155167 0.654212 -0.265544 -0.667745 -0.0558254 0.742294 0.422543 0.31622 -0.930002 0.187352 0.400795 -0.384863 -0.306262 -0.87068 -0.504304 0.867113 0.203222 -0.454769 0.485867 
1530648674540 -0.074997 -0.986821 -0.143384 -0.597249 0.737973 -0.15163 0.657575 -0.26537 -0.67065 -0.0564973 0.739619 0.422863 0.31622 -0.930002 0.187352 0.400795 -0.384863 -0.306262 -0.87068 -0.504304 0.867113 0.203222 -0.454769 0.485867 
1530648674825 -0.0713412 -0.987319 -0.141816 -0.597255 0.735698 -0.148093 0.660921 -0.265197 -0.673542 -0.0571828 0.736934 0.423182 0.31622 -0.930002 0.187352 0.400795 -0.384863 -0.306262 -0.87068 -0.504304 0.867113 0.203222 -0.454769 0.485867 
1530648675123 -0.067696 -0.987802 -0.14023 -0.597273 0.733408 -0.144559 0.664241 -0.265049 -0.67641 -0.0578795 0.734248 0.423467 0.31622 -0.930002 0.187352 0.400795 -0.384863 -0.306262 -0.87068 -0.504304 0.867113 0.203222 -0.454769 0.485867 
1530648675446 -0.0676129 -0.987798 -0.140299 -0.597219 0.733463 -0.14454 0.664184 -0.265118 -0.676358 -0.057997 0.734286 0.42349 0.31622 -0.930002 0.187352 0.400795 -0.384863 -0.306262 -0.87068 -0.504304 0.867113 0.203222 -0.454769 0.485867 
1530648675707 -0.0660051 -0.98798 -0.13978 -0.597247 0.732751 -0.143079 0.665285 -0.265026 -0.677288 -0.0585121 0.733387 0.42357 0.31622 -0.930002 0.187352 0.400795 -0.384863 -0.306262 -0.87068 -0.504304 0.867113 0.203222 -0.454769 0.485867 
1530648675978 -0.0643984 -0.98816 -0.139259 -0.597275 0.732036 -0.141619 0.666384 -0.264934 -0.678216 -0.0590284 0.732488 0.42365 0.31622 -0.930002 0.187352 0.400795 -0.384863 -0.306262 -0.87068 -0.504304 0.867113 0.203222 -0.454769 0.485867 
1530648676198 -0.0627924 -0.988337 -0.138735 -0.597303 0.731316 -0.140159 0.667482 -0.264841 -0.679142 -0.0595467 0.731588 0.42373 0.31622 -0.930002 0.187352 0.400795 -0.384863 -0.306262 -0.87068 -0.504304 0.867113 0.203222 -0.454769 0.485867 
1530648676428 -0.0611868 -0.988511 -0.138209 -0.597331 0.730594 -0.1387 0.668577 -0.264749 -0.680065 -0.0600668 0.730687 0.42381 0.31622 -0.930002 0.187352 0.400795 -0.384863 -0.306262 -0.87068 -0.504304 0.867113 0.203222 -0.454769 0.485867 
1530648676653 -0.0595811 -0.988683 -0.137681 -0.597358 0.729867 -0.13724 0.669671 -0.264657 -0.680988 -0.0605889 0.729784 0.423891 0.31622 -0.930002 0.187352 0.400795 -0.384863 -0.306262 -0.87068 -0.504304 0.867113 0.203222 -0.454769 0.485867 
1530648676885 -0.0579766 -0.988852 -0.13715 -0.597386 0.729137 -0.135782 0.670762 -0.264565 -0.681907 -0.061113 0.728881 0.423971 0.31622 -0.930002 0.187352 0.400795 -0.384863 -0.306262 -0.87068 -0.504304 0.867113 0.203222 -0.454769 0.485867 
1530648677118 -0.0563723 -0.989019 -0.136617 -0.597414 0.728404 -0.134323 0.671852 -0.264473 -0.682825 -0.0616387 0.727977 0.424051 0.31622 -0.930002 0.187352 0.400795 -0.384863 -0.306262 -0.87068 -0.504304 0.867113 0.203222 -0.454769 0.485867 
1530648677334 -0.0547682 -0.989183 -0.136081 -0.597443 0.727667 -0.132865 0.67294 -0.264381 -0.683741 -0.0621658 0.727072 0.42413 0.31622 -0.930002 0.187352 0.400795 -0.384863 -0.306262 -0.87068 -0.504304 0.867113 0.203222 -0.454769 0.485867 
1530648677562 -0.0531678 -0.989344 -0.135542 -0.597474 0.726929 -0.131408 0.674023 -0.2643 -0.684652 -0.0626931 0.726169 0.424199 0.31622 -0.930002 0.187352 0.400795 -0.384863 -0.306262 -0.87068 -0.504304 0.867113 0.203222 -0.454769 0.485867 
1530648677791 -0.0532314 -0.98933 -0.135618 -0.597482 0.726852 -0.131513 0.674085 -0.264313 -0.684728 -0.0626919 0.726098 0.424146 0.31622 -0.930002 0.187352 0.400795 -0.384863 -0.306262 -0.87068 -0.504304 0.867113 0.203222 -0.454769 0.485867 
1530648677804 -0.0529133 -0.989378 -0.135396 -0.597491 0.726967 -0.131121 0.674037 -0.264308 -0.68463 -0.0627629 0.726183 0.424114 0.31622 -0.930002 0.187352 0.400795 -0.384863 -0.306262 -0.87068 -0.504304 0.867113 0.203222 -0.454769 0.485867 
1530648678006 -0.0525947 -0.989425 -0.135174 -0.597501 0.727082 -0.130729 0.673989 -0.264302 -0.684533 -0.0628339 0.726269 0.424082 0.31622 -0.930002 0.187352 0.400795 -0.384863 -0.306262 -0.87068 -0.504304 0.867113 0.203222 -0.454769 0.485867 
1530648678230 -0.0522761 -0.989472 -0.134951 -0.59751 0.727196 -0.130336 0.673942 -0.264297 -0.684436 -0.0629049 0.726354 0.42405 0.31622 -0.930002 0.187352 0.400795 -0.384863 -0.306262 -0.87068 -0.504304 0.867113 0.203222 -0.454769 0.485867 
1530648678383 -0.0519566 -0.989519 -0.134729 -0.59752 0.727311 -0.129943 0.673894 -0.264291 -0.684338 -0.0629763 0.72644 0.424019 0.31622 -0.930002 0.187352 0.400795 -0.384863 -0.306262 -0.87068 -0.504304 0.867113 0.203222 -0.454769 0.485867 
1530648678389 -0.0516377 -0.989566 -0.134506 -0.59753 0.727425 -0.129551 0.673846 -0.264286 -0.684241 -0.0630473 0.726525 0.423987 0.31622 -0.930002 0.187352 0.400795 -0.384863 -0.306262 -0.87068 -0.504304 0.867113 0.203222 -0.454769 0.485867 
1530648678587 -0.0513187 -0.989613 -0.134284 -0.597539 0.72754 -0.129158 0.673799 -0.264281 -0.684144 -0.0631182 0.726611 0.423955 0.31622 -0.930002 0.187352 0.400795 -0.384863 -0.306262 -0.87068 -0.504304 0.867113 0.203222 -0.454769 0.485867 
1530648678759 -0.0509997 -0.98966 -0.134061 -0.597549 0.727653 -0.128766 0.673751 -0.264275 -0.684046 -0.0631891 0.726696 0.423923 0.31622 -0.930002 0.187352 0.400795 -0.384863 -0.306262 -0.87068 -0.504304 0.867113 0.203222 -0.454769 0.485867 
1530648678947 -0.0506807 -0.989706 -0.133839 -0.597559 0.727767 -0.128373 0.673703 -0.26427 -0.683949 -0.06326 0.726782 0.423891 0.31622 -0.930002 0.187352 0.400795 -0.384863 -0.306262 -0.87068 -0.504304 0.867113 0.203222 -0.454769 0.485867 
1530648679146 -0.050362 -0.989753 -0.133617 -0.597567 0.72788 -0.127981 0.673655 -0.264265 -0.683852 -0.0633306 0.726867 0.423861 0.31622 -0.930002 0.187352 0.400795 -0.384863 -0.306262 -0.87068 -0.504304 0.867113 0.203222 -0.454769 0.485867 
1530648679338 -0.0503975 -0.989754 -0.133593 -0.597543 0.727939 -0.127984 0.673591 -0.264313 -0.683787 -0.0633 0.726931 0.423906 0.31622 -0.930002 0.187352 0.400795 -0.384863 -0.306262 -0.87068 -0.504304 0.867113 0.203222 -0.454769 0.485867 
1530648679351 -0.0506515 -0.989792 -0.133216 -0.597549 0.728027 -0.127904 0.673511 -0.264346 -0.683674 -0.0628705 0.727074 0.423881 0.31622 -0.930002 0.187352 0.400795 -0.384863 -0.306262 -0.87068 -0.504304 0.867113 0.203222 -0.454769 0.485867 
1530648679526 -0.0509051 -0.989829 -0.132839 -0.597554 0.728116 -0.127823 0.67343 -0.264379 -0.683561 -0.0624413 0.727218 0.423856 0.31622 -0.930002 0.187352 0.400795 -0.384863 -0.306262 -0.87068 -0.504304 0.867113 0.203222 -0.454769 0.485867 
1530648679745 -0.0511587 -0.989867 -0.132462 -0.59756 0.728205 -0.127742 0.67335 -0.264412 -0.683448 -0.062012 0.727361 0.423831 0.31622 -0.930002 0.187352 0.400795 -0.384863 -0.306262 -0.87068 -0.504304 0.867113 0.203222 -0.454769 0.485867 
1530648679950 -0.0514129 -0.989904 -0.132085 -0.597565 0.728294 -0.127661 0.673269 -0.264445 -0.683333 -0.061582 0.727505 0.423806 0.31622 -0.930002 0.187352 0.400795 -0.384863 -0.306262 -0.87068 -0.504304 0.867113 0.203222 -0.454769 0.485867 
1530648680127 -0.0516666 -0.989941 -0.131708 -0.597571 0.728383 -0.127581 0.673188 -0.264478 -0.68322 -0.0611525 0.727648 0.423781 0.31622 -0.930002 0.187352 0.400795 -0.384863 -0.306262 -0.87068 -0.504304 0.867113 0.203222 -0.454769 0.485867 
1530648680347 -0.0519201 -0.989978 -0.131331 -0.597577 0.728472 -0.1275 0.673107 -0.264511 -0.683106 -0.060723 0.727791 0.423756 0.31622 -0.930002 0.187352 0.400795 -0.384863 -0.306262 -0.87068 -0.504304 0.867113 0.203222 -0.454769 0.485867 
1530648680526 -0.0521736 -0.990015 -0.130954 -0.597582 0.72856 -0.127419 0.673026 -0.264544 -0.682992 -0.0602935 0.727933 0.423731 0.31622 -0.930002 0.187352 0.400795 -0.384863 -0.306262 -0.87068 -0.504304 0.867113 0.203222 -0.454769 0.485867 
1530648680708 -0.052427 -0.990051 -0.130577 -0.597588 0.728649 -0.127339 0.672945 -0.264577 -0.682878 -0.059864 0.728076 0.423706 0.31622 -0.930002 0.187352 0.400795 -0.384863 -0.306262 -0.87068 -0.504304 0.867113 0.203222 -0.454769 0.485867 
1530648680913 -0.0526796 -0.990087 -0.1302 -0.597591 0.728738 -0.127258 0.672865 -0.264606 -0.682764 -0.0594356 0.728218 0.423684 0.31622 -0.930002 0.187352 0.400795 -0.384863 -0.306262 -0.87068 -0.504304 0.867113 0.203222 -0.454769 0.485867 
1530648681093 -0.0525225 -0.990094 -0.130216 -0.597574 0.728725 -0.127156 0.672898 -0.264613 -0.682789 -0.0595492 0.728184 0.423693 0.31622 -0.930002 0.187352 0.400795 -0.384863 -0.306262 -0.87068 -0.504304 0.867113 0.203222 -0.454769 0.485867 
1530648681106 -0.0526478 -0.99016 -0.129658 -0.597578 0.728749 -0.126866 0.672926 -0.264623 -0.682754 -0.0590601 0.728257 0.423686 0.31622 -0.930002 0.187352 0.400795 -0.384863 -0.306262 -0.87068 -0.504304 0.867113 0.203222 -0.454769 0.485867 
1530648681424 -0.0527736 -0.990226 -0.1291 -0.597582 0.728773 -0.126576 0.672955 -0.264633 -0.682718 -0.0585705 0.72833 0.423679 0.31622 -0.930002 0.187352 0.400795 -0.384863 -0.306262 -0.87068 -0.504304 0.867113 0.203222 -0.454769 0.485867 
1530648681687 -0.0528994 -0.990292 -0.128542 -0.597586 0.728798 -0.126285 0.672983 -0.264644 -0.682683 -0.0580808 0.728403 0.423672 0.31622 -0.930002 0.187352 0.400795 -0.384863 -0.306262 -0.87068 -0.504304 0.867113 0.203222 -0.454769 0.485867 
1530648681995 -0.0530251 -0.990358 -0.127984 -0.59759 0.728822 -0.125995 0.673011 -0.264654 -0.682647 -0.0575911 0.728476 0.423666 0.31622 -0.930002 0.187352 0.400795 -0.384863 -0.306262 -0.87068 -0.504304 0.867113 0.203222 -0.454769 0.485867 
1530648682179 -0.0531508 -0.990423 -0.127426 -0.597594 0.728847 -0.125705 0.673038 -0.264664 -0.682611 -0.0571014 0.728548 0.423659 0.31622 -0.930002 0.187352 0.400795 -0.384863 -0.306262 -0.87068 -0.504304 0.867113 0.203222 -0.454769 0.485867 
1530648682487 -0.0532772 -0.990488 -0.126867 -0.597598 0.728872 -0.125415 0.673065 -0.264675 -0.682574 -0.0566108 0.728621 0.423652 0.31622 -0.930002 0.187352 0.400795 -0.384863 -0.306262 -0.87068 -0.504304 0.867113 0.203222 -0.454769 0.485867 
1530648682658 -0.0534029 -0.990552 -0.126309 -0.597602 0.728897 -0.125125 0.673093 -0.264685 -0.682538 -0.0561209 0.728692 0.423645 0.31622 -0.930002 0.187352 0.400795 -0.384863 -0.306262 -0.87068 -0.504304 0.867113 0.203222 -0.454769 0.485867 
1530648682826 -0.0535287 -0.990617 -0.12575 -0.597607 0.728921 -0.124835 0.67312 -0.264695 -0.682502 -0.055631 0.728764 0.423638 0.31622 -0.930002 0.187352 0.400795 -0.384863 -0.306262 -0.87068 -0.504304 0.867113 0.203222 -0.454769 0.485867 
1530648683015 -0.0536537 -0.990681 -0.125193 -0.59761 0.728946 -0.124545 0.673147 -0.264703 -0.682465 -0.0551422 0.728835 0.423633 0.31622 -0.930002 0.187352 0.400795 -0.384863 -0.306262 -0.87068 -0.504304 0.867113 0.203222 -0.454769 0.485867 
1530648683291 -0.0537799 -0.99068 -0.125145 -0.597617 0.728935 -0.124605 0.673147 -0.264653 -0.682467 -0.055021 0.728843 0.423656 0.31622 -0.930002 0.187352 0.400795 -0.384863 -0.306262 -0.87068 -0.504304 0.867113 0.203222 -0.454769 0.485867 
1530648683304 -0.0536558 -0.99068 -0.125196 -0.597613 0.728684 -0.12457 0.673426 -0.264648 -0.682745 -0.0550953 0.728576 0.423688 0.31622 -0.930002 0.187352 0.400795 -0.384863 -0.306262 -0.87068 -0.504304 0.867113 0.203222 -0.454769 0.485867 
1530648683607 -0.0535315 -0.99068 -0.125248 -0.597608 0.728432 -0.124535 0.673704 -0.264643 -0.683023 -0.0551702 0.72831 0.423721 0.31622 -0.930002 0.187352 0.400795 -0.384863 -0.306262 -0.87068 -0.504304 0.867113 0.203222 -0.454769 0.485867 
1530648683916 -0.0534072 -0.99068 -0.125299 -0.597603 0.728181 -0.1245 0.673983 -0.264638 -0.683301 -0.0552451 0.728044 0.423753 0.31622 -0.930002 0.187352 0.400795 -0.384863 -0.306262 -0.87068 -0.504304 0.867113 0.203222 -0.454769 0.485867 
1530648684186 -0.0532826 -0.990681 -0.125351 -0.597599 0.727928 -0.124466 0.674262 -0.264633 -0.68358 -0.0553204 0.727776 0.423785 0.31622 -0.930002 0.187352 0.400795 -0.384863 -0.306262 -0.87068 -0.504304 0.867113 0.203222 -0.454769 0.485867 
