1533745382950 0.304026 0.902974 -0.303655 -0.507271 -0.936969 0.34104 0.0760321 -0.186046 0.172213 0.261399 0.949744 0.350692 0.16008 -0.304787 0.938871 0.370831 -0.775623 0.549475 0.310623 -0.528794 -0.61056 -0.777934 -0.14844 0.432481 
1533745382963 0.292249 0.902107 -0.317479 -0.518068 -0.938889 0.333778 0.0841425 -0.188635 0.181873 0.273487 0.944525 0.355597 0.316231 -0.384871 0.867106 0.40083 -0.930001 -0.306257 0.203234 -0.504368 0.187338 -0.870678 -0.454779 0.485897 
1533745384077 0.28034 0.900976 -0.331136 -0.528773 -0.940644 0.326605 0.0922982 -0.191134 0.191309 0.285606 0.939058 0.36036 0.316231 -0.384871 0.867106 0.40083 -0.930001 -0.306257 0.203234 -0.504368 0.187338 -0.870678 -0.454779 0.485897 
1533745384699 0.268275 0.899589 -0.344629 -0.539463 -0.942233 0.319511 0.100548 -0.193622 0.200564 0.297746 0.933339 0.36511 0.316231 -0.384871 0.867106 0.40083 -0.930001 -0.306257 0.203234 -0.504368 0.187338 -0.870678 -0.454779 0.485897 
1533745385344 0.256047 0.897947 -0.357954 -0.55017 -0.943656 0.312494 0.108906 -0.196128 0.209651 0.3099 0.927366 0.369889 0.316231 -0.384871 0.867106 0.40083 -0.930001 -0.306257 0.203234 -0.504368 0.187338 -0.870678 -0.454779 0.485897 
1533745385943 0.243662 0.896053 -0.371104 -0.560893 -0.944912 0.305557 0.117369 -0.198647 0.218562 0.322062 0.921144 0.374689 0.316231 -0.384871 0.867106 0.40083 -0.930001 -0.306257 0.203234 -0.504368 0.187338 -0.870678 -0.454779 0.485897 
1533745386560 0.231131 0.893905 -0.384074 -0.571615 -0.946002 0.298705 0.125922 -0.201166 0.227287 0.33423 0.914675 0.379489 0.316231 -0.384871 0.867106 0.40083 -0.930001 -0.306257 0.203234 -0.504368 0.187338 -0.870678 -0.454779 0.485897 
1533745387173 0.218457 0.891503 -0.396861 -0.582335 -0.946923 0.29194 0.134564 -0.203684 0.235824 0.3464 0.907961 0.38429 0.316231 -0.384871 0.867106 0.40083 -0.930001 -0.306257 0.203234 -0.504368 0.187338 -0.870678 -0.454779 0.485897 
1533745387807 0.205645 0.88885 -0.409459 -0.593054 -0.947677 0.285264 0.143291 -0.2062 0.244168 0.358568 0.901006 0.38909 0.316231 -0.384871 0.867106 0.40083 -0.930001 -0.306257 0.203234 -0.504368 0.187338 -0.870678 -0.454779 0.485897 
1533745388429 0.192837 0.885823 -0.422056 -0.60293 -0.948247 0.27882 0.151942 -0.20821 0.252272 0.370914 0.893746 0.394112 0.316442 -0.385045 0.866951 0.401525 -0.929984 -0.306148 0.203478 -0.505625 0.187068 -0.87064 -0.454964 0.486487 
1533745389063 0.193777 0.885937 -0.421385 -0.602526 -0.948075 0.27953 0.151715 -0.208274 0.2522 0.370106 0.894101 0.393871 0.316442 -0.385045 0.866951 0.401525 -0.929984 -0.306148 0.203478 -0.505625 0.187068 -0.87064 -0.454964 0.486487 
1533745389078 0.19237 0.885635 -0.422664 -0.603725 -0.948143 0.278794 0.152638 -0.208572 0.253018 0.371383 0.89334 0.394352 0.316221 -0.384863 0.867113 0.400797 -0.930002 -0.306262 0.203223 -0.504308 0.187351 -0.87068 -0.45477 0.485869 
1533745389294 0.190961 0.88533 -0.423939 -0.604924 -0.94821 0.278057 0.153563 -0.208869 0.253834 0.372658 0.892577 0.394834 0.316221 -0.384863 0.867113 0.400797 -0.930002 -0.306262 0.203223 -0.504308 0.187351 -0.87068 -0.45477 0.485869 
1533745389549 0.18955 0.885023 -0.425212 -0.606124 -0.948275 0.277322 0.154489 -0.209167 0.254647 0.373934 0.891812 0.395315 0.31622 -0.384863 0.867113 0.400797 -0.930002 -0.306262 0.203222 -0.504307 0.187351 -0.87068 -0.45477 0.485868 
1533745389784 0.188139 0.884713 -0.426482 -0.607323 -0.948338 0.276588 0.155416 -0.209465 0.255459 0.37521 0.891044 0.395796 0.31622 -0.384863 0.867113 0.400797 -0.930002 -0.306262 0.203222 -0.504307 0.187351 -0.87068 -0.45477 0.485868 
1533745390011 0.186725 0.8844 -0.427751 -0.608524 -0.948399 0.275855 0.156344 -0.209764 0.256268 0.376485 0.890273 0.396277 0.316221 -0.384863 0.867113 0.400796 -0.930002 -0.306262 0.203223 -0.504306 0.187351 -0.87068 -0.45477 0.485868 
1533745390226 0.18531 0.884084 -0.429017 -0.609726 -0.948458 0.275123 0.157273 -0.210063 0.257075 0.37776 0.8895 0.396758 0.31622 -0.384863 0.867113 0.400796 -0.930002 -0.306262 0.203222 -0.504306 0.187351 -0.87068 -0.454769 0.485868 
1533745390455 0.183894 0.883765 -0.430281 -0.610925 -0.948515 0.274392 0.158203 -0.210361 0.25788 0.379035 0.888724 0.397239 0.31622 -0.384863 0.867113 0.400796 -0.930002 -0.306262 0.203222 -0.504306 0.187351 -0.87068 -0.454769 0.485868 
1533745390676 0.182477 0.883444 -0.431542 -0.612127 -0.94857 0.273662 0.159133 -0.21066 0.258682 0.38031 0.887946 0.39772 0.31622 -0.384863 0.867113 0.400796 -0.930002 -0.306262 0.203222 -0.504305 0.187351 -0.87068 -0.45477 0.485867 
1533745390892 0.181058 0.88312 -0.432802 -0.613327 -0.948624 0.272933 0.160065 -0.210958 0.259482 0.381585 0.887165 0.398201 0.31622 -0.384863 0.867113 0.400796 -0.930002 -0.306262 0.203222 -0.504305 0.187351 -0.87068 -0.45477 0.485867 
1533745391129 0.181869 0.883123 -0.432455 -0.612961 -0.948545 0.273487 0.159582 -0.211046 0.259201 0.38118 0.887421 0.398019 0.31622 -0.384863 0.867113 0.400796 -0.930002 -0.306262 0.203222 -0.504305 0.187351 -0.87068 -0.45477 0.485867 
1533745391142 0.182122 0.883012 -0.432576 -0.613068 -0.948522 0.273699 0.159355 -0.21107 0.259108 0.381286 0.887403 0.397962 0.31622 -0.384863 0.867113 0.400795 -0.930002 -0.306262 0.203222 -0.504304 0.187351 -0.87068 -0.454769 0.485867 
1533745391159 0.182375 0.882902 -0.432694 -0.613179 -0.948499 0.273911 0.159128 -0.211094 0.259014 0.381389 0.887386 0.397905 0.31622 -0.384863 0.867113 0.400795 -0.930002 -0.306262 0.203222 -0.504304 0.187351 -0.87068 -0.454769 0.485867 
1533745391272 0.182628 0.882791 -0.432813 -0.61329 -0.948476 0.274123 0.158902 -0.211118 0.258921 0.381493 0.887369 0.397848 0.31622 -0.384863 0.867113 0.400795 -0.930002 -0.306262 0.203222 -0.504304 0.187351 -0.87068 -0.454769 0.485867 
1533745391287 0.182881 0.88268 -0.432932 -0.613399 -0.948453 0.274334 0.158675 -0.211143 0.258828 0.381597 0.887351 0.397791 0.31622 -0.384863 0.867113 0.400795 -0.930002 -0.306262 0.203222 -0.504304 0.187351 -0.87068 -0.454769 0.485867 
1533745391304 0.183134 0.88257 -0.433051 -0.613511 -0.94843 0.274546 0.158449 -0.211168 0.258735 0.381701 0.887334 0.397733 0.31622 -0.384863 0.867113 0.400795 -0.930002 -0.306262 0.203222 -0.504304 0.187351 -0.87068 -0.454769 0.485867 
1533745391322 0.183386 0.882459 -0.433169 -0.613623 -0.948406 0.274757 0.158223 -0.211193 0.258641 0.381804 0.887316 0.397676 0.31622 -0.384863 0.867113 0.400795 -0.930002 -0.306262 0.203222 -0.504304 0.187351 -0.87068 -0.454769 0.485867 
1533745391426 0.183639 0.882348 -0.433288 -0.613733 -0.948383 0.274969 0.157996 -0.211217 0.258548 0.381908 0.887299 0.397619 0.31622 -0.384863 0.867113 0.400795 -0.930002 -0.306262 0.203222 -0.504304 0.187351 -0.87068 -0.454769 0.485867 
1533745391443 0.183892 0.882237 -0.433407 -0.613843 -0.948359 0.27518 0.157769 -0.211242 0.258455 0.382012 0.887281 0.397562 0.31622 -0.384863 0.867113 0.400795 -0.930002 -0.306262 0.203222 -0.504304 0.187351 -0.87068 -0.454769 0.485867 
1533745391470 0.184145 0.882126 -0.433525 -0.613955 -0.948335 0.275392 0.157543 -0.211267 0.258362 0.382116 0.887263 0.397504 0.31622 -0.384863 0.867113 0.400795 -0.930002 -0.306262 0.203222 -0.504304 0.187351 -0.87068 -0.454769 0.485867 
1533745391537 0.183353 0.88253 -0.43304 -0.613618 -0.948443 0.274659 0.158174 -0.211208 0.258531 0.381712 0.887388 0.397739 0.31622 -0.384863 0.867113 0.400795 -0.930002 -0.306262 0.203222 -0.504304 0.187351 -0.87068 -0.454769 0.485867 
1533745391548 0.183514 0.882774 -0.432474 -0.613663 -0.94839 0.274735 0.158359 -0.211279 0.258611 0.381092 0.887631 0.397686 0.31622 -0.384863 0.867113 0.400795 -0.930002 -0.306262 0.203222 -0.504304 0.187351 -0.87068 -0.454769 0.485867 
1533745391566 0.183675 0.883018 -0.431905 -0.613713 -0.948337 0.27481 0.158546 -0.211354 0.258691 0.380471 0.887874 0.397632 0.31622 -0.384863 0.867113 0.400795 -0.930002 -0.306262 0.203222 -0.504304 0.187351 -0.87068 -0.454769 0.485867 
1533745391699 0.183835 0.883263 -0.431336 -0.613764 -0.948284 0.274885 0.158733 -0.211429 0.258771 0.379849 0.888117 0.397577 0.31622 -0.384863 0.867113 0.400795 -0.930002 -0.306262 0.203222 -0.504304 0.187351 -0.87068 -0.454769 0.485867 
1533745391753 0.183996 0.883507 -0.430768 -0.613813 -0.948231 0.27496 0.15892 -0.211502 0.258851 0.379227 0.88836 0.397524 0.31622 -0.384863 0.867113 0.400795 -0.930002 -0.306262 0.203222 -0.504304 0.187351 -0.87068 -0.454769 0.485867 
1533745391855 0.184157 0.88375 -0.430199 -0.613863 -0.948178 0.275034 0.159107 -0.211577 0.258931 0.378604 0.888602 0.397469 0.31622 -0.384863 0.867113 0.400795 -0.930002 -0.306262 0.203222 -0.504304 0.187351 -0.87068 -0.454769 0.485867 
1533745391910 0.184318 0.883994 -0.42963 -0.613914 -0.948125 0.275109 0.159295 -0.211652 0.25901 0.377982 0.888844 0.397415 0.31622 -0.384863 0.867113 0.400795 -0.930002 -0.306262 0.203222 -0.504304 0.187351 -0.87068 -0.454769 0.485867 
1533745392009 0.184479 0.884236 -0.429061 -0.613963 -0.948072 0.275183 0.159482 -0.211726 0.25909 0.37736 0.889085 0.397361 0.31622 -0.384863 0.867113 0.400795 -0.930002 -0.306262 0.203222 -0.504304 0.187351 -0.87068 -0.454769 0.485867 
1533745392064 0.184641 0.884479 -0.428492 -0.614013 -0.948019 0.275258 0.159669 -0.2118 0.259169 0.376737 0.889326 0.397307 0.31622 -0.384863 0.867113 0.400795 -0.930002 -0.306262 0.203222 -0.504304 0.187351 -0.87068 -0.454769 0.485867 
1533745392162 0.184802 0.884721 -0.427922 -0.614064 -0.947965 0.275332 0.159856 -0.211875 0.259249 0.376114 0.889566 0.397252 0.31622 -0.384863 0.867113 0.400795 -0.930002 -0.306262 0.203222 -0.504304 0.187351 -0.87068 -0.45477 0.485867 
1533745392221 0.184431 0.884442 -0.428659 -0.613988 -0.948108 0.275028 0.159536 -0.211741 0.258993 0.376991 0.88927 0.397283 0.31622 -0.384863 0.867113 0.400795 -0.930002 -0.306262 0.203222 -0.504304 0.187351 -0.87068 -0.45477 0.485867 
1533745392234 0.184504 0.884526 -0.428454 -0.613989 -0.94808 0.275076 0.159615 -0.211754 0.259041 0.376759 0.889354 0.397273 0.31622 -0.384863 0.867113 0.400795 -0.930002 -0.306262 0.203222 -0.504304 0.187351 -0.87068 -0.45477 0.485867 
1533745392241 0.184575 0.88461 -0.428248 -0.613993 -0.948053 0.275122 0.159695 -0.21177 0.259088 0.376527 0.889439 0.397262 0.31622 -0.384863 0.867113 0.400795 -0.930002 -0.306262 0.203222 -0.504304 0.187351 -0.87068 -0.45477 0.485867 
1533745392254 0.184647 0.884695 -0.428043 -0.613998 -0.948026 0.275169 0.159774 -0.211786 0.259136 0.376294 0.889523 0.397251 0.31622 -0.384863 0.867113 0.400795 -0.930002 -0.306262 0.203222 -0.504304 0.187351 -0.87068 -0.45477 0.485867 
1533745392271 0.184719 0.884779 -0.427837 -0.614003 -0.948 0.275215 0.159854 -0.211802 0.259183 0.376061 0.889608 0.39724 0.31622 -0.384863 0.867113 0.400795 -0.930002 -0.306262 0.203222 -0.504304 0.187351 -0.87068 -0.45477 0.485867 
1533745392277 0.184791 0.884864 -0.427632 -0.614006 -0.947973 0.275262 0.159933 -0.211817 0.25923 0.375829 0.889692 0.39723 0.31622 -0.384863 0.867113 0.400795 -0.930002 -0.306262 0.203222 -0.504304 0.187351 -0.87068 -0.45477 0.485867 
1533745392291 0.184862 0.884948 -0.427426 -0.614012 -0.947946 0.275308 0.160013 -0.211834 0.259277 0.375596 0.889777 0.397219 0.31622 -0.384863 0.867113 0.400795 -0.930002 -0.306262 0.203222 -0.504304 0.187351 -0.87068 -0.45477 0.485867 
1533745392308 0.184934 0.885032 -0.427221 -0.614016 -0.947919 0.275355 0.160093 -0.211849 0.259324 0.375364 0.889861 0.397208 0.31622 -0.384863 0.867113 0.400795 -0.930002 -0.306262 0.203222 -0.504304 0.187351 -0.87068 -0.45477 0.485867 
1533745392325 0.185006 0.885117 -0.427015 -0.614021 -0.947892 0.275401 0.160173 -0.211866 0.259372 0.375131 0.889946 0.397197 0.31622 -0.384863 0.867113 0.400795 -0.930002 -0.306262 0.203222 -0.504304 0.187351 -0.87068 -0.45477 0.485867 
1533745392408 0.185078 0.885201 -0.426809 -0.614026 -0.947865 0.275447 0.160252 -0.211881 0.259419 0.374898 0.89003 0.397186 0.31622 -0.384863 0.867113 0.400795 -0.930002 -0.306262 0.203222 -0.504304 0.187351 -0.87068 -0.45477 0.485867 
1533745392434 0.184838 0.884907 -0.427522 -0.61398 -0.947962 0.275287 0.159954 -0.211804 0.259236 0.375709 0.889741 0.39723 0.31622 -0.384863 0.867113 0.400795 -0.930002 -0.306262 0.203222 -0.504304 0.187351 -0.87068 -0.45477 0.485867 
1533745392447 0.184785 0.884968 -0.427417 -0.613946 -0.947937 0.275271 0.160128 -0.211821 0.259364 0.375575 0.88976 0.39725 0.31622 -0.384863 0.867113 0.400795 -0.930002 -0.306262 0.203222 -0.504304 0.187351 -0.87068 -0.45477 0.485867 
1533745392464 0.184731 0.885031 -0.427311 -0.613914 -0.947912 0.275254 0.160304 -0.211841 0.259493 0.37544 0.88978 0.397269 0.31622 -0.384863 0.867113 0.400795 -0.930002 -0.306262 0.203222 -0.504304 0.187351 -0.87068 -0.45477 0.485867 
1533745392481 0.184677 0.885094 -0.427204 -0.613883 -0.947887 0.275237 0.16048 -0.211862 0.259623 0.375304 0.889799 0.397287 0.31622 -0.384863 0.867113 0.400795 -0.930002 -0.306262 0.203222 -0.504304 0.187351 -0.87068 -0.45477 0.485867 
1533745392497 0.184623 0.885157 -0.427097 -0.613852 -0.947863 0.27522 0.160657 -0.211883 0.259752 0.375169 0.889819 0.397306 0.31622 -0.384863 0.867113 0.400795 -0.930002 -0.306262 0.203222 -0.504304 0.187351 -0.87068 -0.45477 0.485867 
1533745392514 0.184568 0.885219 -0.426991 -0.613822 -0.947838 0.275203 0.160833 -0.211904 0.259882 0.375033 0.889838 0.397324 0.31622 -0.384863 0.867113 0.400795 -0.930002 -0.306262 0.203222 -0.504304 0.187351 -0.87068 -0.45477 0.485867 
1533745392521 0.184514 0.885282 -0.426884 -0.613792 -0.947813 0.275186 0.161009 -0.211926 0.260011 0.374897 0.889857 0.397342 0.31622 -0.384863 0.867113 0.400795 -0.930002 -0.306262 0.203222 -0.504304 0.187351 -0.87068 -0.45477 0.485867 
1533745392534 0.18446 0.885345 -0.426777 -0.613761 -0.947788 0.275169 0.161185 -0.211946 0.26014 0.374762 0.889877 0.397361 0.31622 -0.384863 0.867113 0.400795 -0.930002 -0.306262 0.203222 -0.504304 0.187351 -0.87068 -0.45477 0.485867 
1533745392551 0.184406 0.885407 -0.426671 -0.61373 -0.947763 0.275152 0.161361 -0.211966 0.26027 0.374627 0.889896 0.39738 0.31622 -0.384863 0.867113 0.400795 -0.930002 -0.306262 0.203222 -0.504304 0.187351 -0.87068 -0.45477 0.485867 
1533745392568 0.184352 0.88547 -0.426564 -0.6137 -0.947738 0.275134 0.161538 -0.211988 0.260399 0.374491 0.889915 0.397398 0.31622 -0.384863 0.867113 0.400795 -0.930002 -0.306262 0.203222 -0.504304 0.187351 -0.87068 -0.45477 0.485867 
1533745392617 0.184553 0.885265 -0.426902 -0.613893 -0.947941 0.275027 0.160521 -0.211769 0.259513 0.375054 0.889937 0.397301 0.31622 -0.384863 0.867113 0.400795 -0.930002 -0.306262 0.203222 -0.504304 0.187351 -0.87068 -0.45477 0.485867 
1533745392631 0.184284 0.885227 -0.427097 -0.613841 -0.948009 0.274798 0.160514 -0.211906 0.259457 0.375312 0.889845 0.397336 0.31622 -0.384863 0.867113 0.400795 -0.930002 -0.306262 0.203222 -0.504304 0.187351 -0.87068 -0.45477 0.485867 
1533745392647 0.184015 0.885189 -0.427292 -0.613787 -0.948077 0.274567 0.160509 -0.212046 0.259401 0.37557 0.889752 0.397371 0.31622 -0.384863 0.867113 0.400795 -0.930002 -0.306262 0.203222 -0.504304 0.187351 -0.87068 -0.45477 0.485867 
1533745392665 0.183745 0.885151 -0.427487 -0.613734 -0.948144 0.274338 0.160503 -0.212184 0.259345 0.375828 0.889659 0.397406 0.31622 -0.384863 0.867113 0.400795 -0.930002 -0.306262 0.203222 -0.504304 0.187351 -0.87068 -0.45477 0.485867 
1533745392681 0.183476 0.885113 -0.427682 -0.613681 -0.948212 0.274107 0.160498 -0.212325 0.259289 0.376086 0.889567 0.39744 0.31622 -0.384863 0.867113 0.400795 -0.930002 -0.306262 0.203222 -0.504304 0.187351 -0.87068 -0.45477 0.485867 
1533745392687 0.183206 0.885075 -0.427877 -0.613627 -0.948279 0.273877 0.160492 -0.212464 0.259233 0.376343 0.889474 0.397475 0.31622 -0.384863 0.867113 0.400795 -0.930002 -0.306262 0.203222 -0.504304 0.187351 -0.87068 -0.45477 0.485867 
1533745392812 0.182937 0.885036 -0.428072 -0.613574 -0.948347 0.273647 0.160487 -0.212603 0.259177 0.376601 0.889381 0.39751 0.31622 -0.384863 0.867113 0.400795 -0.930002 -0.306262 0.203222 -0.504304 0.187351 -0.87068 -0.45477 0.485867 
1533745392841 0.182667 0.884998 -0.428266 -0.613521 -0.948414 0.273416 0.160482 -0.212744 0.259121 0.376859 0.889288 0.397544 0.31622 -0.384863 0.867113 0.400795 -0.930002 -0.306262 0.203222 -0.504304 0.187351 -0.87068 -0.45477 0.485867 
1533745392886 0.182398 0.884959 -0.428461 -0.613468 -0.948481 0.273186 0.160477 -0.212883 0.259065 0.377117 0.889195 0.397579 0.31622 -0.384863 0.867113 0.400795 -0.930002 -0.306262 0.203222 -0.504304 0.187351 -0.87068 -0.45477 0.485867 
1533745392939 0.182128 0.88492 -0.428656 -0.613414 -0.948548 0.272956 0.160471 -0.213023 0.259008 0.377375 0.889102 0.397614 0.31622 -0.384863 0.867113 0.400795 -0.930002 -0.306262 0.203222 -0.504304 0.187351 -0.87068 -0.45477 0.485867 
1533745392985 0.18259 0.885092 -0.428103 -0.61355 -0.948452 0.273284 0.160484 -0.212626 0.259037 0.376733 0.889366 0.397537 0.31622 -0.384863 0.867113 0.400795 -0.930002 -0.306262 0.203222 -0.504304 0.187351 -0.87068 -0.45477 0.485867 
1533745392998 0.181982 0.885084 -0.428379 -0.613463 -0.948532 0.272839 0.160769 -0.212825 0.259172 0.377074 0.889182 0.397545 0.31622 -0.384863 0.867113 0.400795 -0.930002 -0.306262 0.203222 -0.504304 0.187351 -0.87068 -0.45477 0.485867 
1533745393018 0.181372 0.885077 -0.428653 -0.613379 -0.948611 0.272393 0.161055 -0.213028 0.259308 0.377415 0.888998 0.397551 0.31622 -0.384863 0.867113 0.400795 -0.930002 -0.306262 0.203222 -0.504304 0.187351 -0.87068 -0.45477 0.485867 
1533745393099 0.180763 0.885068 -0.428927 -0.613296 -0.948691 0.271947 0.161341 -0.21323 0.259443 0.377755 0.888814 0.397558 0.31622 -0.384863 0.867113 0.400795 -0.930002 -0.306262 0.203222 -0.504304 0.187351 -0.87068 -0.45477 0.485867 
1533745393198 0.180153 0.88506 -0.429201 -0.613213 -0.94877 0.271501 0.161627 -0.213433 0.259578 0.378096 0.88863 0.397564 0.31622 -0.384863 0.867113 0.400795 -0.930002 -0.306262 0.203222 -0.504304 0.187351 -0.87068 -0.45477 0.485867 
1533745393301 0.179544 0.885051 -0.429475 -0.61313 -0.948849 0.271055 0.161913 -0.213635 0.259713 0.378436 0.888446 0.397571 0.31622 -0.384863 0.867113 0.400795 -0.930002 -0.306262 0.203222 -0.504304 0.187351 -0.87068 -0.45477 0.485867 
1533745393307 0.178934 0.885042 -0.429748 -0.613046 -0.948927 0.270609 0.162199 -0.213837 0.259847 0.378777 0.888261 0.397577 0.31622 -0.384863 0.867113 0.400795 -0.930002 -0.306262 0.203222 -0.504304 0.187351 -0.87068 -0.45477 0.485867 
1533745393477 0.178324 0.885032 -0.430021 -0.612964 -0.949005 0.270163 0.162486 -0.21404 0.259981 0.379117 0.888077 0.397584 0.31622 -0.384863 0.867113 0.400795 -0.930002 -0.306262 0.203222 -0.504304 0.187351 -0.87068 -0.45477 0.485867 
1533745393484 0.177714 0.885022 -0.430294 -0.61288 -0.949083 0.269717 0.162773 -0.214242 0.260115 0.379458 0.887892 0.39759 0.31622 -0.384863 0.867113 0.400795 -0.930002 -0.306262 0.203222 -0.504304 0.187351 -0.87068 -0.45477 0.485867 
1533745393655 0.177105 0.885012 -0.430567 -0.612796 -0.94916 0.269271 0.163059 -0.214444 0.260249 0.379799 0.887707 0.397597 0.31622 -0.384863 0.867113 0.400795 -0.930002 -0.306262 0.203222 -0.504304 0.187351 -0.87068 -0.45477 0.485867 
1533745393775 0.177755 0.884999 -0.430325 -0.612886 -0.949065 0.269774 0.162781 -0.214274 0.260152 0.379471 0.887875 0.3976 0.31622 -0.384863 0.867113 0.400795 -0.930002 -0.306262 0.203222 -0.504304 0.187351 -0.87068 -0.45477 0.485867 
1533745393786 0.177678 0.884975 -0.430406 -0.612811 -0.949076 0.269724 0.162798 -0.214372 0.260163 0.379563 0.887833 0.397596 0.31622 -0.384863 0.867113 0.400795 -0.930002 -0.306262 0.203222 -0.504304 0.187351 -0.87068 -0.45477 0.485867 
1533745393805 0.177599 0.884952 -0.430487 -0.61273 -0.949088 0.269672 0.162814 -0.21447 0.260173 0.379654 0.887791 0.397593 0.31622 -0.384863 0.867113 0.400795 -0.930002 -0.306262 0.203222 -0.504304 0.187351 -0.87068 -0.45477 0.485867 
1533745393820 0.177521 0.884928 -0.430569 -0.61265 -0.9491 0.269621 0.16283 -0.214568 0.260183 0.379747 0.887748 0.397589 0.31622 -0.384863 0.867113 0.400795 -0.930002 -0.306262 0.203222 -0.504304 0.187351 -0.87068 -0.45477 0.485867 
1533745393836 0.177443 0.884904 -0.430649 -0.612572 -0.949112 0.269569 0.162846 -0.214666 0.260193 0.379839 0.887706 0.397585 0.31622 -0.384863 0.867113 0.400795 -0.930002 -0.306262 0.203222 -0.504304 0.187351 -0.87068 -0.45477 0.485867 
1533745393843 0.177365 0.88488 -0.430731 -0.612491 -0.949124 0.269518 0.162862 -0.214764 0.260203 0.379931 0.887664 0.397581 0.31622 -0.384863 0.867113 0.400795 -0.930002 -0.306262 0.203222 -0.504304 0.187351 -0.87068 -0.45477 0.485867 
1533745393856 0.177287 0.884856 -0.430812 -0.612412 -0.949136 0.269466 0.162878 -0.214862 0.260213 0.380023 0.887622 0.397577 0.31622 -0.384863 0.867113 0.400795 -0.930002 -0.306262 0.203222 -0.504304 0.187351 -0.87068 -0.45477 0.485867 
1533745393961 0.177209 0.884832 -0.430893 -0.612331 -0.949148 0.269415 0.162894 -0.214959 0.260223 0.380115 0.887579 0.397574 0.31622 -0.384863 0.867113 0.400795 -0.930002 -0.306262 0.203222 -0.504304 0.187351 -0.87068 -0.45477 0.485867 
1533745393983 0.177131 0.884809 -0.430974 -0.612252 -0.949159 0.269364 0.16291 -0.215057 0.260233 0.380207 0.887537 0.39757 0.31622 -0.384863 0.867113 0.400795 -0.930002 -0.306262 0.203222 -0.504304 0.187351 -0.87068 -0.45477 0.485867 
1533745393999 0.177053 0.884785 -0.431055 -0.612171 -0.949171 0.269313 0.162925 -0.215154 0.260243 0.380299 0.887495 0.397567 0.31622 -0.384863 0.867113 0.400795 -0.930002 -0.306262 0.203222 -0.504304 0.187351 -0.87068 -0.45477 0.485867 
1533745394040 0.177557 0.884838 -0.430737 -0.612441 -0.949072 0.269716 0.162837 -0.214879 0.260261 0.379887 0.887665 0.397618 0.31622 -0.384863 0.867113 0.400795 -0.930002 -0.306262 0.203222 -0.504304 0.187351 -0.87068 -0.45477 0.485867 
1533745394051 0.177516 0.884787 -0.43086 -0.612283 -0.949017 0.269793 0.16303 -0.214957 0.26049 0.379953 0.88757 0.397596 0.31622 -0.384863 0.867113 0.400795 -0.930002 -0.306262 0.203222 -0.504304 0.187351 -0.87068 -0.45477 0.485867 
1533745394067 0.177477 0.884735 -0.430983 -0.61212 -0.948962 0.269871 0.163222 -0.215033 0.260718 0.380018 0.887475 0.397574 0.31622 -0.384863 0.867113 0.400795 -0.930002 -0.306262 0.203222 -0.504304 0.187351 -0.87068 -0.45477 0.485867 
1533745394085 0.177437 0.884683 -0.431106 -0.611957 -0.948906 0.26995 0.163414 -0.215109 0.260946 0.380084 0.88738 0.397553 0.31622 -0.384863 0.867113 0.400795 -0.930002 -0.306262 0.203222 -0.504304 0.187351 -0.87068 -0.45477 0.485867 
1533745394101 0.177398 0.88463 -0.43123 -0.611794 -0.948851 0.270029 0.163605 -0.215185 0.261175 0.380149 0.887285 0.397531 0.31622 -0.384863 0.867113 0.400795 -0.930002 -0.306262 0.203222 -0.504304 0.187351 -0.87068 -0.45477 0.485867 
1533745394183 0.177358 0.884578 -0.431353 -0.611631 -0.948795 0.270107 0.163797 -0.21526 0.261403 0.380215 0.887189 0.39751 0.31622 -0.384863 0.867113 0.400795 -0.930002 -0.306262 0.203222 -0.504304 0.187351 -0.87068 -0.45477 0.485867 
1533745394235 0.177319 0.884526 -0.431476 -0.611469 -0.94874 0.270186 0.163988 -0.215336 0.261631 0.38028 0.887094 0.397488 0.31622 -0.384863 0.867113 0.400795 -0.930002 -0.306262 0.203222 -0.504304 0.187351 -0.87068 -0.45477 0.485867 
1533745394278 0.177279 0.884474 -0.4316 -0.611305 -0.948684 0.270265 0.16418 -0.215411 0.261859 0.380346 0.886999 0.397467 0.31622 -0.384863 0.867113 0.400795 -0.930002 -0.306262 0.203222 -0.504304 0.187351 -0.87068 -0.45477 0.485867 
1533745394285 0.17724 0.884422 -0.431723 -0.611142 -0.948629 0.270343 0.164371 -0.215487 0.262087 0.380411 0.886903 0.397446 0.31622 -0.384863 0.867113 0.400795 -0.930002 -0.306262 0.203222 -0.504304 0.187351 -0.87068 -0.45477 0.485867 
1533745394386 0.1772 0.88437 -0.431846 -0.61098 -0.948573 0.270422 0.164563 -0.215563 0.262315 0.380477 0.886808 0.397424 0.31622 -0.384863 0.867113 0.400795 -0.930002 -0.306262 0.203222 -0.504304 0.187351 -0.87068 -0.45477 0.485867 
1533745394428 0.177444 0.88445 -0.43158 -0.611301 -0.948709 0.270329 0.163932 -0.215476 0.261658 0.380355 0.887054 0.397451 0.31622 -0.384863 0.867113 0.400795 -0.930002 -0.306262 0.203222 -0.504304 0.187351 -0.87068 -0.45477 0.485867 
1533745394442 0.177172 0.884477 -0.431638 -0.611107 -0.948668 0.270228 0.164336 -0.215526 0.261992 0.380365 0.886951 0.397464 0.31622 -0.384863 0.867113 0.400795 -0.930002 -0.306262 0.203222 -0.504304 0.187351 -0.87068 -0.45477 0.485867 
1533745394460 0.176899 0.884503 -0.431697 -0.610909 -0.948627 0.270127 0.164738 -0.215575 0.262324 0.380377 0.886848 0.397478 0.31622 -0.384863 0.867113 0.400795 -0.930002 -0.306262 0.203222 -0.504304 0.187351 -0.87068 -0.45477 0.485867 
1533745394474 0.176627 0.884528 -0.431755 -0.610711 -0.948585 0.270027 0.165141 -0.215623 0.262657 0.380388 0.886745 0.397491 0.31622 -0.384863 0.867113 0.400795 -0.930002 -0.306262 0.203222 -0.504304 0.187351 -0.87068 -0.45477 0.485867 
1533745394507 0.176355 0.884554 -0.431814 -0.610512 -0.948544 0.269926 0.165543 -0.215671 0.262989 0.3804 0.886641 0.397505 0.31622 -0.384863 0.867113 0.400795 -0.930002 -0.306262 0.203222 -0.504304 0.187351 -0.87068 -0.45477 0.485867 
1533745394612 0.176082 0.88458 -0.431872 -0.610315 -0.948502 0.269825 0.165945 -0.215719 0.263322 0.380412 0.886537 0.397518 0.31622 -0.384863 0.867113 0.400795 -0.930002 -0.306262 0.203222 -0.504304 0.187351 -0.87068 -0.45477 0.485867 
1533745394645 0.17581 0.884605 -0.431931 -0.610116 -0.94846 0.269724 0.166347 -0.215767 0.263654 0.380423 0.886434 0.397532 0.31622 -0.384863 0.867113 0.400795 -0.930002 -0.306262 0.203222 -0.504304 0.187351 -0.87068 -0.45477 0.485867 
1533745394704 0.175538 0.884631 -0.431989 -0.609918 -0.948418 0.269624 0.16675 -0.215816 0.263986 0.380435 0.88633 0.397546 0.31622 -0.384863 0.867113 0.400795 -0.930002 -0.306262 0.203222 -0.504304 0.187351 -0.87068 -0.45477 0.485867 
1533745394763 0.175266 0.884657 -0.432047 -0.609719 -0.948376 0.269523 0.167152 -0.215863 0.264319 0.380447 0.886226 0.39756 0.31622 -0.384863 0.867113 0.400795 -0.930002 -0.306262 0.203222 -0.504304 0.187351 -0.87068 -0.45477 0.485867 
1533745394822 0.174993 0.884682 -0.432105 -0.609522 -0.948334 0.269422 0.167554 -0.215912 0.264651 0.380459 0.886121 0.397573 0.31622 -0.384863 0.867113 0.400795 -0.930002 -0.306262 0.203222 -0.504304 0.187351 -0.87068 -0.45477 0.485867 
1533745394899 0.17541 0.884666 -0.431969 -0.609846 -0.948401 0.269564 0.166945 -0.215794 0.264134 0.380396 0.886302 0.397554 0.31622 -0.384863 0.867113 0.400795 -0.930002 -0.306262 0.203222 -0.504304 0.187351 -0.87068 -0.45477 0.485867 
1533745394912 0.175168 0.884651 -0.432099 -0.609671 -0.948459 0.269353 0.16696 -0.21581 0.264088 0.380582 0.886237 0.397596 0.31622 -0.384863 0.867113 0.400795 -0.930002 -0.306262 0.203222 -0.504304 0.187351 -0.87068 -0.45477 0.485867 
1533745394930 0.174928 0.884635 -0.432229 -0.609491 -0.948516 0.269142 0.166973 -0.215822 0.264041 0.380768 0.88617 0.397639 0.31622 -0.384863 0.867113 0.400795 -0.930002 -0.306262 0.203222 -0.504304 0.187351 -0.87068 -0.45477 0.485867 
1533745394950 0.174688 0.884618 -0.432359 -0.609312 -0.948573 0.268932 0.166987 -0.215835 0.263995 0.380954 0.886104 0.397681 0.31622 -0.384863 0.867113 0.400795 -0.930002 -0.306262 0.203222 -0.504304 0.187351 -0.87068 -0.45477 0.485867 
1533745395067 0.174447 0.884602 -0.43249 -0.609131 -0.94863 0.268722 0.167 -0.215847 0.263948 0.38114 0.886038 0.397724 0.31622 -0.384863 0.867113 0.400795 -0.930002 -0.306262 0.203222 -0.504304 0.187351 -0.87068 -0.45477 0.485867 
1533745395121 0.174207 0.884586 -0.43262 -0.608951 -0.948688 0.268511 0.167013 -0.21586 0.263901 0.381327 0.885972 0.397767 0.31622 -0.384863 0.867113 0.400795 -0.930002 -0.306262 0.203222 -0.504304 0.187351 -0.87068 -0.45477 0.485867 
1533745395186 0.173966 0.884569 -0.432751 -0.608772 -0.948745 0.268301 0.167027 -0.215873 0.263854 0.381513 0.885906 0.39781 0.31622 -0.384863 0.867113 0.400795 -0.930002 -0.306262 0.203222 -0.504304 0.187351 -0.87068 -0.45477 0.485867 
1533745395247 0.173726 0.884552 -0.432881 -0.608591 -0.948802 0.268091 0.16704 -0.215885 0.263807 0.381699 0.885839 0.397853 0.31622 -0.384863 0.867113 0.400795 -0.930002 -0.306262 0.203222 -0.504304 0.187351 -0.87068 -0.45477 0.485867 
1533745395299 0.173486 0.884536 -0.433011 -0.608412 -0.948859 0.26788 0.167054 -0.215898 0.26376 0.381885 0.885773 0.397896 0.31622 -0.384863 0.867113 0.400795 -0.930002 -0.306262 0.203222 -0.504304 0.187351 -0.87068 -0.45477 0.485867 
1533745395374 0.173246 0.884519 -0.433142 -0.608231 -0.948916 0.26767 0.167067 -0.21591 0.263713 0.382072 0.885707 0.397939 0.31622 -0.384863 0.867113 0.400795 -0.930002 -0.306262 0.203222 -0.504304 0.187351 -0.87068 -0.45477 0.485867 
1533745395441 0.173748 0.884521 -0.432936 -0.608495 -0.94877 0.268161 0.167108 -0.215907 0.263907 0.381723 0.8858 0.397898 0.31622 -0.384863 0.867113 0.400795 -0.930002 -0.306262 0.203222 -0.504304 0.187351 -0.87068 -0.45477 0.485867 
1533745395456 0.173498 0.884518 -0.433042 -0.608353 -0.948789 0.267996 0.167267 -0.215944 0.264004 0.381845 0.885718 0.397893 0.31622 -0.384863 0.867113 0.400795 -0.930002 -0.306262 0.203222 -0.504304 0.187351 -0.87068 -0.45477 0.485867 
1533745395473 0.17325 0.884515 -0.433149 -0.608208 -0.948807 0.267831 0.167426 -0.215979 0.264102 0.381968 0.885636 0.397889 0.31622 -0.384863 0.867113 0.400795 -0.930002 -0.306262 0.203222 -0.504304 0.187351 -0.87068 -0.45477 0.485867 
1533745395489 0.173001 0.884511 -0.433255 -0.608062 -0.948825 0.267667 0.167585 -0.216014 0.264199 0.382091 0.885554 0.397884 0.31622 -0.384863 0.867113 0.400795 -0.930002 -0.306262 0.203222 -0.504304 0.187351 -0.87068 -0.45477 0.485867 
1533745395507 0.172752 0.884508 -0.433361 -0.607918 -0.948844 0.267503 0.167744 -0.21605 0.264296 0.382214 0.885472 0.39788 0.31622 -0.384863 0.867113 0.400795 -0.930002 -0.306262 0.203222 -0.504304 0.187351 -0.87068 -0.45477 0.485867 
1533745395513 0.172503 0.884504 -0.433468 -0.607772 -0.948862 0.267339 0.167903 -0.216085 0.264393 0.382337 0.885389 0.397875 0.31622 -0.384863 0.867113 0.400795 -0.930002 -0.306262 0.203222 -0.504304 0.187351 -0.87068 -0.45477 0.485867 
1533745395634 0.172255 0.884501 -0.433574 -0.607625 -0.94888 0.267175 0.168061 -0.216119 0.264491 0.382461 0.885307 0.397871 0.31622 -0.384863 0.867113 0.400795 -0.930002 -0.306262 0.203222 -0.504304 0.187351 -0.87068 -0.45477 0.485867 
1533745395661 0.172006 0.884497 -0.433681 -0.60748 -0.948898 0.267011 0.16822 -0.216155 0.264588 0.382584 0.885225 0.397867 0.31622 -0.384863 0.867113 0.400795 -0.930002 -0.306262 0.203222 -0.504304 0.187351 -0.87068 -0.45477 0.485867 
1533745395702 0.171757 0.884493 -0.433787 -0.607335 -0.948916 0.266846 0.168379 -0.21619 0.264685 0.382707 0.885143 0.397862 0.31622 -0.384863 0.867113 0.400795 -0.930002 -0.306262 0.203222 -0.504304 0.187351 -0.87068 -0.45477 0.485867 
1533745395771 0.171509 0.884489 -0.433893 -0.607189 -0.948934 0.266682 0.168538 -0.216225 0.264782 0.38283 0.88506 0.397858 0.31622 -0.384863 0.867113 0.400795 -0.930002 -0.306262 0.203222 -0.504304 0.187351 -0.87068 -0.45477 0.485867 
1533745395820 0.171994 0.884506 -0.433666 -0.607516 -0.948893 0.267008 0.168253 -0.216101 0.264613 0.382564 0.885226 0.397816 0.31622 -0.384863 0.867113 0.400795 -0.930002 -0.306262 0.203222 -0.504304 0.187351 -0.87068 -0.45477 0.485867 
1533745395832 0.171822 0.884643 -0.433456 -0.607409 -0.948912 0.26683 0.168428 -0.216106 0.264658 0.382372 0.885296 0.397784 0.31622 -0.384863 0.867113 0.400795 -0.930002 -0.306262 0.203222 -0.504304 0.187351 -0.87068 -0.45477 0.485867 
1533745395839 0.171648 0.884781 -0.433244 -0.6073 -0.948931 0.266652 0.168604 -0.216114 0.264703 0.382178 0.885366 0.397751 0.31622 -0.384863 0.867113 0.400795 -0.930002 -0.306262 0.203222 -0.504304 0.187351 -0.87068 -0.45477 0.485867 
1533745395852 0.171473 0.884918 -0.433032 -0.60719 -0.94895 0.266473 0.16878 -0.216123 0.264748 0.381984 0.885436 0.397716 0.31622 -0.384863 0.867113 0.400795 -0.930002 -0.306262 0.203222 -0.504304 0.187351 -0.87068 -0.45477 0.485867 
1533745395869 0.171299 0.885055 -0.432821 -0.607082 -0.948969 0.266294 0.168955 -0.21613 0.264792 0.381791 0.885506 0.397683 0.31622 -0.384863 0.867113 0.400795 -0.930002 -0.306262 0.203222 -0.504304 0.187351 -0.87068 -0.45477 0.485867 
1533745395974 0.171125 0.885193 -0.432608 -0.606973 -0.948988 0.266115 0.169131 -0.21614 0.264838 0.381597 0.885576 0.397648 0.31622 -0.384863 0.867113 0.400795 -0.930002 -0.306262 0.203222 -0.504304 0.187351 -0.87068 -0.45477 0.485867 
1533745395981 0.170951 0.88533 -0.432397 -0.606864 -0.949006 0.265936 0.169307 -0.216148 0.264882 0.381404 0.885646 0.397615 0.31622 -0.384863 0.867113 0.400795 -0.930002 -0.306262 0.203222 -0.504304 0.187351 -0.87068 -0.45477 0.485867 
1533745395999 0.170777 0.885467 -0.432185 -0.606756 -0.949025 0.265757 0.169482 -0.216155 0.264927 0.381211 0.885715 0.397581 0.31622 -0.384863 0.867113 0.400795 -0.930002 -0.306262 0.203222 -0.504304 0.187351 -0.87068 -0.45477 0.485867 
1533745396016 0.170602 0.885604 -0.431973 -0.606647 -0.949044 0.265578 0.169659 -0.216165 0.264973 0.381017 0.885785 0.397546 0.31622 -0.384863 0.867113 0.400795 -0.930002 -0.306262 0.203222 -0.504304 0.187351 -0.87068 -0.45477 0.485867 
1533745396071 0.170428 0.885741 -0.431761 -0.606539 -0.949063 0.265399 0.169834 -0.216173 0.265018 0.380823 0.885855 0.397513 0.31622 -0.384863 0.867113 0.400795 -0.930002 -0.306262 0.203222 -0.504304 0.187351 -0.87068 -0.45477 0.485867 
1533745396126 0.170981 0.885281 -0.432484 -0.606968 -0.948993 0.265992 0.169295 -0.216089 0.264911 0.381478 0.885605 0.397676 0.31622 -0.384863 0.867113 0.400795 -0.930002 -0.306262 0.203222 -0.504304 0.187351 -0.87068 -0.45477 0.485867 
1533745396140 0.170796 0.885319 -0.432479 -0.606859 -0.949014 0.265842 0.169412 -0.216083 0.264955 0.381494 0.885585 0.39765 0.31622 -0.384863 0.867113 0.400795 -0.930002 -0.306262 0.203222 -0.504304 0.187351 -0.87068 -0.45477 0.485867 
1533745396155 0.170612 0.885357 -0.432475 -0.606746 -0.949035 0.265694 0.169529 -0.216076 0.264999 0.38151 0.885565 0.397625 0.31622 -0.384863 0.867113 0.400795 -0.930002 -0.306262 0.203222 -0.504304 0.187351 -0.87068 -0.45477 0.485867 
1533745396162 0.170429 0.885394 -0.432471 -0.606633 -0.949055 0.265546 0.169645 -0.216069 0.265044 0.381526 0.885545 0.3976 0.31622 -0.384863 0.867113 0.400795 -0.930002 -0.306262 0.203222 -0.504304 0.187351 -0.87068 -0.45477 0.485867 
1533745396177 0.170245 0.885432 -0.432466 -0.606521 -0.949076 0.265397 0.169762 -0.216062 0.265088 0.381542 0.885525 0.397574 0.31622 -0.384863 0.867113 0.400795 -0.930002 -0.306262 0.203222 -0.504304 0.187351 -0.87068 -0.45477 0.485867 
1533745396193 0.170061 0.885469 -0.432462 -0.606408 -0.949096 0.265249 0.169879 -0.216054 0.265133 0.381558 0.885504 0.397549 0.31622 -0.384863 0.867113 0.400795 -0.930002 -0.306262 0.203222 -0.504304 0.187351 -0.87068 -0.45477 0.485867 
1533745396210 0.169877 0.885507 -0.432457 -0.606294 -0.949117 0.265101 0.169995 -0.216046 0.265177 0.381574 0.885484 0.397524 0.31622 -0.384863 0.867113 0.400795 -0.930002 -0.306262 0.203222 -0.504304 0.187351 -0.87068 -0.45477 0.485867 
1533745396318 0.169693 0.885544 -0.432453 -0.606182 -0.949137 0.264953 0.170112 -0.216039 0.265221 0.38159 0.885464 0.397499 0.31622 -0.384863 0.867113 0.400795 -0.930002 -0.306262 0.203222 -0.504304 0.187351 -0.87068 -0.45477 0.485867 
1533745396339 0.169509 0.885582 -0.432448 -0.606069 -0.949158 0.264805 0.170229 -0.216031 0.265266 0.381606 0.885444 0.397473 0.31622 -0.384863 0.867113 0.400795 -0.930002 -0.306262 0.203222 -0.504304 0.187351 -0.87068 -0.45477 0.485867 
1533745396360 0.169326 0.885619 -0.432444 -0.605955 -0.949178 0.264657 0.170345 -0.216023 0.26531 0.381623 0.885423 0.397448 0.31622 -0.384863 0.867113 0.400795 -0.930002 -0.306262 0.203222 -0.504304 0.187351 -0.87068 -0.45477 0.485867 
1533745396402 0.169812 0.885599 -0.432294 -0.6063 -0.949135 0.265002 0.170048 -0.215971 0.265153 0.381429 0.885554 0.397633 0.31622 -0.384863 0.867113 0.400795 -0.930002 -0.306262 0.203222 -0.504304 0.187351 -0.87068 -0.45477 0.485867 
1533745396414 0.169688 0.885603 -0.432335 -0.606199 -0.949203 0.264833 0.169935 -0.21597 0.264991 0.381538 0.885556 0.397607 0.31622 -0.384863 0.867113 0.400795 -0.930002 -0.306262 0.203222 -0.504304 0.187351 -0.87068 -0.45477 0.485867 
1533745396430 0.169564 0.885606 -0.432377 -0.606094 -0.94927 0.264664 0.169821 -0.215966 0.264829 0.381647 0.885557 0.397583 0.31622 -0.384863 0.867113 0.400795 -0.930002 -0.306262 0.203222 -0.504304 0.187351 -0.87068 -0.45477 0.485867 
1533745396437 0.169439 0.88561 -0.432418 -0.605989 -0.949337 0.264495 0.169707 -0.215962 0.264667 0.381756 0.885558 0.397558 0.31622 -0.384863 0.867113 0.400795 -0.930002 -0.306262 0.203222 -0.504304 0.187351 -0.87068 -0.45477 0.485867 
1533745396451 0.169315 0.885613 -0.43246 -0.605883 -0.949405 0.264327 0.169594 -0.215958 0.264505 0.381865 0.88556 0.397533 0.31622 -0.384863 0.867113 0.400795 -0.930002 -0.306262 0.203222 -0.504304 0.187351 -0.87068 -0.45477 0.485867 
1533745396476 0.169191 0.885617 -0.432502 -0.605779 -0.949472 0.264158 0.16948 -0.215955 0.264343 0.381974 0.885561 0.397508 0.31622 -0.384863 0.867113 0.400795 -0.930002 -0.306262 0.203222 -0.504304 0.187351 -0.87068 -0.45477 0.485867 
1533745396511 0.169067 0.88562 -0.432544 -0.605673 -0.949539 0.263989 0.169366 -0.215951 0.264181 0.382083 0.885563 0.397484 0.31622 -0.384863 0.867113 0.400795 -0.930002 -0.306262 0.203222 -0.504304 0.187351 -0.87068 -0.45477 0.485867 
1533745396554 0.168942 0.885623 -0.432585 -0.605569 -0.949607 0.26382 0.169253 -0.215947 0.264019 0.382192 0.885564 0.397459 0.31622 -0.384863 0.867113 0.400795 -0.930002 -0.306262 0.203222 -0.504304 0.187351 -0.87068 -0.45477 0.485867 
1533745396594 0.168818 0.885626 -0.432627 -0.605462 -0.949674 0.263651 0.169139 -0.215943 0.263857 0.382301 0.885565 0.397434 0.31622 -0.384863 0.867113 0.400795 -0.930002 -0.306262 0.203222 -0.504304 0.187351 -0.87068 -0.45477 0.485867 
1533745396636 0.168694 0.88563 -0.432669 -0.605358 -0.949741 0.263482 0.169026 -0.21594 0.263695 0.38241 0.885566 0.39741 0.31622 -0.384863 0.867113 0.400795 -0.930002 -0.306262 0.203222 -0.504304 0.187351 -0.87068 -0.45477 0.485867 
1533745396684 0.169008 0.885621 -0.432564 -0.605638 -0.949599 0.26387 0.16922 -0.215923 0.264005 0.382163 0.88558 0.3974 0.31622 -0.384863 0.867113 0.400795 -0.930002 -0.306262 0.203222 -0.504304 0.187351 -0.87068 -0.45477 0.485867 
1533745396698 0.168914 0.885643 -0.432556 -0.605546 -0.949678 0.263693 0.16905 -0.215923 0.26378 0.382234 0.885617 0.397398 0.31622 -0.384863 0.867113 0.400795 -0.930002 -0.306262 0.203222 -0.504304 0.187351 -0.87068 -0.45477 0.485867 
1533745396714 0.168821 0.885664 -0.43255 -0.60545 -0.949757 0.263517 0.168879 -0.215921 0.263554 0.382307 0.885653 0.397398 0.31622 -0.384863 0.867113 0.400795 -0.930002 -0.306262 0.203222 -0.504304 0.187351 -0.87068 -0.45477 0.485867 
1533745396731 0.168728 0.885685 -0.432543 -0.605354 -0.949836 0.263342 0.168708 -0.215919 0.263329 0.382379 0.885689 0.397397 0.31622 -0.384863 0.867113 0.400795 -0.930002 -0.306262 0.203222 -0.504304 0.187351 -0.87068 -0.45477 0.485867 
1533745396748 0.168636 0.885705 -0.432537 -0.605257 -0.949915 0.263166 0.168537 -0.215917 0.263103 0.382452 0.885724 0.397397 0.31622 -0.384863 0.867113 0.400795 -0.930002 -0.306262 0.203222 -0.504304 0.187351 -0.87068 -0.45477 0.485867 
1533745396764 0.168543 0.885726 -0.43253 -0.605162 -0.949994 0.262991 0.168366 -0.215915 0.262877 0.382524 0.88576 0.397396 0.31622 -0.384863 0.867113 0.400795 -0.930002 -0.306262 0.203222 -0.504304 0.187351 -0.87068 -0.45477 0.485867 
1533745396781 0.16845 0.885747 -0.432523 -0.605065 -0.950073 0.262815 0.168195 -0.215913 0.262652 0.382596 0.885796 0.397395 0.31622 -0.384863 0.867113 0.400795 -0.930002 -0.306262 0.203222 -0.504304 0.187351 -0.87068 -0.45477 0.485867 
1533745396901 0.168357 0.885768 -0.432517 -0.60497 -0.950152 0.26264 0.168024 -0.215911 0.262426 0.382669 0.885831 0.397395 0.31622 -0.384863 0.867113 0.400795 -0.930002 -0.306262 0.203222 -0.504304 0.187351 -0.87068 -0.45477 0.485867 
