1534164960570 0.2684 0.896689 -0.352008 -0.566779 -0.948843 0.309173 0.0640969 -0.229975 0.166306 0.316797 0.9338 0.358481 0.16008 -0.304787 0.938871 0.370831 -0.775623 0.549475 0.310623 -0.528794 -0.61056 -0.777934 -0.14844 0.432481 
1534164960582 0.256856 0.8804 -0.398649 -0.570715 -0.94913 0.307535 0.0676383 -0.228197 0.182147 0.360997 0.914606 0.365587 0.316221 -0.384863 0.867113 0.400797 -0.930002 -0.306262 0.203223 -0.504308 0.187351 -0.87068 -0.45477 0.485869 
1534164961428 0.244525 0.861888 -0.444248 -0.57465 -0.94934 0.306065 0.0712575 -0.22642 0.197385 0.404319 0.893065 0.372693 0.316221 -0.384863 0.867113 0.400797 -0.930002 -0.306262 0.203223 -0.504308 0.187351 -0.87068 -0.45477 0.485869 
1534164962273 0.231437 0.841202 -0.488688 -0.578586 -0.949475 0.304764 0.0749447 -0.224643 0.211978 0.446652 0.869234 0.379798 0.316221 -0.384863 0.867113 0.400797 -0.930002 -0.306262 0.203223 -0.504308 0.187351 -0.87068 -0.45477 0.485869 
1534164963118 0.217627 0.818396 -0.531852 -0.582523 -0.949532 0.303638 0.0786907 -0.222866 0.225891 0.487886 0.843173 0.386904 0.316221 -0.384863 0.867113 0.400797 -0.930002 -0.306262 0.203223 -0.504308 0.187351 -0.87068 -0.45477 0.485869 
1534164963984 0.20313 0.793528 -0.57363 -0.58646 -0.949514 0.302688 0.0824867 -0.221091 0.239086 0.527914 0.814951 0.394009 0.316221 -0.384863 0.867113 0.400797 -0.930002 -0.306262 0.203223 -0.504308 0.187351 -0.87068 -0.45477 0.485869 
1534164964838 0.187981 0.766664 -0.613913 -0.5904 -0.949418 0.301916 0.0863239 -0.21932 0.251531 0.566633 0.78464 0.401111 0.316221 -0.384863 0.867113 0.400797 -0.930002 -0.306262 0.203223 -0.504308 0.187351 -0.87068 -0.45477 0.485869 
1534164964844 0.172218 0.737877 -0.652594 -0.594349 -0.949247 0.301322 0.0901964 -0.217562 0.263195 0.603939 0.75232 0.408207 0.316221 -0.384863 0.867113 0.400797 -0.930002 -0.306262 0.203223 -0.504308 0.187351 -0.87068 -0.45477 0.485869 
1534164966045 0.155871 0.707249 -0.689567 -0.59832 -0.949 0.300904 0.0941064 -0.215841 0.27405 0.639731 0.718082 0.415283 0.316221 -0.384863 0.867113 0.400797 -0.930002 -0.306262 0.203223 -0.504308 0.187351 -0.87068 -0.45477 0.485869 
1534164966918 0.138147 0.675711 -0.724106 -0.603777 -0.948698 0.300229 0.0991681 -0.216516 0.284406 0.673258 0.682522 0.421145 0.316278 -0.38491 0.867071 0.400985 -0.929997 -0.306233 0.203289 -0.504648 0.187278 -0.87067 -0.45482 0.486029 
1534164967813 0.138118 0.675932 -0.723906 -0.603664 -0.948907 0.299696 0.0987868 -0.216561 0.283725 0.673275 0.68279 0.420636 0.316278 -0.38491 0.867071 0.400985 -0.929997 -0.306233 0.203289 -0.504648 0.187278 -0.87067 -0.45482 0.486029 
1534164967825 0.136501 0.672487 -0.727412 -0.603915 -0.948845 0.299787 0.0990971 -0.216131 0.28471 0.676675 0.679007 0.421523 0.31622 -0.384863 0.867113 0.400795 -0.930002 -0.306262 0.203222 -0.504304 0.187351 -0.87068 -0.454769 0.485867 
1534164968174 0.134879 0.669023 -0.730901 -0.604162 -0.948784 0.29988 0.0994052 -0.215695 0.285687 0.680059 0.675205 0.422413 0.31622 -0.384863 0.867113 0.400795 -0.930002 -0.306262 0.203222 -0.504304 0.187351 -0.87068 -0.454769 0.485867 
1534164968533 0.133252 0.66554 -0.73437 -0.604409 -0.948722 0.299974 0.0997124 -0.215259 0.286655 0.683426 0.671385 0.423304 0.31622 -0.384863 0.867113 0.400795 -0.930002 -0.306262 0.203222 -0.504304 0.187351 -0.87068 -0.454769 0.485867 
1534164968537 0.13162 0.662041 -0.737819 -0.604657 -0.948659 0.300071 0.100019 -0.214823 0.287615 0.686774 0.667547 0.424194 0.31622 -0.384863 0.867113 0.400795 -0.930002 -0.306262 0.203222 -0.504304 0.187351 -0.87068 -0.454769 0.485867 
1534164969036 0.129984 0.658525 -0.741249 -0.604904 -0.948596 0.300168 0.100325 -0.214387 0.288566 0.690105 0.663691 0.425084 0.31622 -0.384863 0.867113 0.400795 -0.930002 -0.306262 0.203222 -0.504304 0.187351 -0.87068 -0.454769 0.485867 
1534164969401 0.128342 0.654991 -0.744658 -0.605151 -0.948532 0.300267 0.100631 -0.213951 0.289509 0.693417 0.659817 0.425975 0.31622 -0.384863 0.867113 0.400795 -0.930002 -0.306262 0.203222 -0.504304 0.187351 -0.87068 -0.454769 0.485867 
1534164969766 0.126696 0.65144 -0.748047 -0.605398 -0.948468 0.300368 0.100936 -0.213514 0.290443 0.69671 0.655925 0.426865 0.31622 -0.384863 0.867113 0.400795 -0.930002 -0.306262 0.203222 -0.504304 0.187351 -0.87068 -0.454769 0.485867 
1534164970150 0.125045 0.647872 -0.751416 -0.605645 -0.948403 0.30047 0.10124 -0.213079 0.291369 0.699985 0.652016 0.427755 0.31622 -0.384863 0.867113 0.400795 -0.930002 -0.306262 0.203222 -0.504304 0.187351 -0.87068 -0.454769 0.485867 
1534164970531 0.123389 0.644287 -0.754765 -0.605892 -0.948338 0.300574 0.101544 -0.212642 0.292286 0.703242 0.648089 0.428646 0.31622 -0.384863 0.867113 0.400795 -0.930002 -0.306262 0.203222 -0.504304 0.187351 -0.87068 -0.45477 0.485867 
1534164970934 0.12382 0.644601 -0.754426 -0.605884 -0.948465 0.300364 0.100972 -0.212841 0.291689 0.703045 0.648572 0.428463 0.31622 -0.384863 0.867113 0.400795 -0.930002 -0.306262 0.203222 -0.504304 0.187351 -0.87068 -0.45477 0.485867 
1534164970946 0.124649 0.64518 -0.753794 -0.605882 -0.948357 0.300814 0.100648 -0.212762 0.291688 0.70232 0.649357 0.428348 0.31622 -0.384863 0.867113 0.400795 -0.930002 -0.306262 0.203222 -0.504304 0.187351 -0.87068 -0.45477 0.485867 
1534164970952 0.125474 0.645761 -0.753159 -0.605884 -0.948248 0.301264 0.10033 -0.212692 0.291689 0.701592 0.650143 0.428228 0.31622 -0.384863 0.867113 0.400795 -0.930002 -0.306262 0.203222 -0.504304 0.187351 -0.87068 -0.45477 0.485867 
1534164971136 0.1263 0.646342 -0.752523 -0.605885 -0.948138 0.301714 0.100011 -0.21262 0.291688 0.700864 0.650928 0.428109 0.31622 -0.384863 0.867113 0.400795 -0.930002 -0.306262 0.203222 -0.504304 0.187351 -0.87068 -0.45477 0.485867 
1534164971247 0.127125 0.646921 -0.751886 -0.605887 -0.948028 0.302164 0.0996938 -0.212549 0.291687 0.700135 0.651712 0.427989 0.31622 -0.384863 0.867113 0.400795 -0.930002 -0.306262 0.203222 -0.504304 0.187351 -0.87068 -0.45477 0.485867 
1534164971253 0.127951 0.6475 -0.751248 -0.605889 -0.947918 0.302615 0.0993764 -0.212477 0.291685 0.699406 0.652496 0.42787 0.31622 -0.384863 0.867113 0.400795 -0.930002 -0.306262 0.203222 -0.504304 0.187351 -0.87068 -0.45477 0.485867 
1534164971426 0.128776 0.648077 -0.750608 -0.605891 -0.947807 0.303066 0.0990595 -0.212406 0.291682 0.698676 0.65328 0.427751 0.31622 -0.384863 0.867113 0.400795 -0.930002 -0.306262 0.203222 -0.504304 0.187351 -0.87068 -0.45477 0.485867 
1534164971538 0.129601 0.648653 -0.749968 -0.605893 -0.947696 0.303516 0.0987432 -0.212335 0.291678 0.697944 0.654062 0.427632 0.31622 -0.384863 0.867113 0.400795 -0.930002 -0.306262 0.203222 -0.504304 0.187351 -0.87068 -0.45477 0.485867 
1534164971640 0.130427 0.649229 -0.749327 -0.605895 -0.947584 0.303967 0.0984274 -0.212264 0.291673 0.697213 0.654845 0.427512 0.31622 -0.384863 0.867113 0.400795 -0.930002 -0.306262 0.203222 -0.504304 0.187351 -0.87068 -0.45477 0.485867 
1534164971747 0.131252 0.649803 -0.748684 -0.605897 -0.947472 0.304419 0.0981121 -0.212193 0.291667 0.69648 0.655626 0.427393 0.31622 -0.384863 0.867113 0.400795 -0.930002 -0.306262 0.203222 -0.504304 0.187351 -0.87068 -0.45477 0.485867 
1534164971879 0.130434 0.649401 -0.749176 -0.605906 -0.947642 0.30381 0.098361 -0.212192 0.291483 0.697121 0.655027 0.427502 0.31622 -0.384863 0.867113 0.400795 -0.930002 -0.306262 0.203222 -0.504304 0.187351 -0.87068 -0.45477 0.485867 
1534164971890 0.130842 0.649595 -0.748937 -0.605897 -0.947499 0.304253 0.0983634 -0.212158 0.291762 0.696747 0.6553 0.427478 0.31622 -0.384863 0.867113 0.400795 -0.930002 -0.306262 0.203222 -0.504304 0.187351 -0.87068 -0.45477 0.485867 
1534164971907 0.131247 0.649791 -0.748696 -0.605893 -0.947357 0.304693 0.0983698 -0.212131 0.292042 0.696372 0.655575 0.427449 0.31622 -0.384863 0.867113 0.400795 -0.930002 -0.306262 0.203222 -0.504304 0.187351 -0.87068 -0.45477 0.485867 
1534164971924 0.131652 0.649987 -0.748455 -0.605888 -0.947215 0.305133 0.0983757 -0.212104 0.292321 0.695996 0.655848 0.42742 0.31622 -0.384863 0.867113 0.400795 -0.930002 -0.306262 0.203222 -0.504304 0.187351 -0.87068 -0.45477 0.485867 
1534164971940 0.132057 0.650182 -0.748214 -0.605884 -0.947072 0.305573 0.0983821 -0.212077 0.2926 0.695621 0.656122 0.427392 0.31622 -0.384863 0.867113 0.400795 -0.930002 -0.306262 0.203222 -0.504304 0.187351 -0.87068 -0.45477 0.485867 
1534164972084 0.132462 0.650377 -0.747973 -0.605879 -0.94693 0.306013 0.0983884 -0.212049 0.292879 0.695245 0.656396 0.427363 0.31622 -0.384863 0.867113 0.400795 -0.930002 -0.306262 0.203222 -0.504304 0.187351 -0.87068 -0.45477 0.485867 
1534164972113 0.132867 0.650572 -0.747732 -0.605875 -0.946787 0.306453 0.0983955 -0.212023 0.293158 0.694869 0.65667 0.427334 0.31622 -0.384863 0.867113 0.400795 -0.930002 -0.306262 0.203222 -0.504304 0.187351 -0.87068 -0.45477 0.485867 
1534164972199 0.133272 0.650766 -0.747491 -0.60587 -0.946643 0.306893 0.0984019 -0.211995 0.293436 0.694493 0.656944 0.427306 0.31622 -0.384863 0.867113 0.400795 -0.930002 -0.306262 0.203222 -0.504304 0.187351 -0.87068 -0.45477 0.485867 
1534164972240 0.133677 0.65096 -0.747249 -0.605866 -0.9465 0.307333 0.098409 -0.211968 0.293715 0.694116 0.657217 0.427278 0.31622 -0.384863 0.867113 0.400795 -0.930002 -0.306262 0.203222 -0.504304 0.187351 -0.87068 -0.45477 0.485867 
1534164972303 0.134083 0.651154 -0.747008 -0.605861 -0.946356 0.307773 0.0984163 -0.211941 0.293993 0.693739 0.657491 0.427249 0.31622 -0.384863 0.867113 0.400795 -0.930002 -0.306262 0.203222 -0.504304 0.187351 -0.87068 -0.45477 0.485867 
1534164972383 0.133276 0.650769 -0.747488 -0.605846 -0.946608 0.306978 0.0984785 -0.211991 0.293549 0.694453 0.656936 0.427291 0.31622 -0.384863 0.867113 0.400795 -0.930002 -0.306262 0.203222 -0.504304 0.187351 -0.87068 -0.45477 0.485867 
1534164972395 0.133458 0.650872 -0.747365 -0.605842 -0.946532 0.307201 0.0985146 -0.211969 0.293712 0.694257 0.65707 0.427295 0.31622 -0.384863 0.867113 0.400795 -0.930002 -0.306262 0.203222 -0.504304 0.187351 -0.87068 -0.45477 0.485867 
1534164972412 0.133637 0.650978 -0.747241 -0.605842 -0.946456 0.307422 0.0985539 -0.211953 0.293875 0.69406 0.657205 0.427295 0.31622 -0.384863 0.867113 0.400795 -0.930002 -0.306262 0.203222 -0.504304 0.187351 -0.87068 -0.45477 0.485867 
1534164972428 0.133816 0.651084 -0.747116 -0.605842 -0.94638 0.307643 0.0985937 -0.211938 0.294038 0.693863 0.65734 0.427294 0.31622 -0.384863 0.867113 0.400795 -0.930002 -0.306262 0.203222 -0.504304 0.187351 -0.87068 -0.45477 0.485867 
1534164972445 0.133994 0.65119 -0.746992 -0.605843 -0.946304 0.307864 0.0986334 -0.211922 0.294201 0.693665 0.657476 0.427294 0.31622 -0.384863 0.867113 0.400795 -0.930002 -0.306262 0.203222 -0.504304 0.187351 -0.87068 -0.45477 0.485867 
1534164972462 0.134173 0.651295 -0.746868 -0.605842 -0.946228 0.308085 0.0986728 -0.211906 0.294364 0.693468 0.657611 0.427294 0.31622 -0.384863 0.867113 0.400795 -0.930002 -0.306262 0.203222 -0.504304 0.187351 -0.87068 -0.45477 0.485867 
1534164972478 0.134352 0.651401 -0.746744 -0.605842 -0.946152 0.308306 0.0987124 -0.211891 0.294527 0.693271 0.657746 0.427294 0.31622 -0.384863 0.867113 0.400795 -0.930002 -0.306262 0.203222 -0.504304 0.187351 -0.87068 -0.45477 0.485867 
1534164972495 0.134531 0.651506 -0.74662 -0.605843 -0.946076 0.308527 0.0987522 -0.211875 0.29469 0.693073 0.657881 0.427294 0.31622 -0.384863 0.867113 0.400795 -0.930002 -0.306262 0.203222 -0.504304 0.187351 -0.87068 -0.45477 0.485867 
1534164972603 0.13471 0.651612 -0.746495 -0.605843 -0.946 0.308747 0.098792 -0.21186 0.294852 0.692876 0.658016 0.427294 0.31622 -0.384863 0.867113 0.400795 -0.930002 -0.306262 0.203222 -0.504304 0.187351 -0.87068 -0.45477 0.485867 
1534164972620 0.134889 0.651717 -0.746371 -0.605843 -0.945923 0.308968 0.0988319 -0.211844 0.295015 0.692678 0.658151 0.427293 0.31622 -0.384863 0.867113 0.400795 -0.930002 -0.306262 0.203222 -0.504304 0.187351 -0.87068 -0.45477 0.485867 
1534164972647 0.134101 0.651238 -0.746931 -0.605853 -0.946157 0.308237 0.0988786 -0.211851 0.294626 0.693455 0.657508 0.427225 0.31622 -0.384863 0.867113 0.400795 -0.930002 -0.306262 0.203222 -0.504304 0.187351 -0.87068 -0.45477 0.485867 
1534164972660 0.134227 0.651307 -0.746848 -0.605853 -0.946136 0.308317 0.0988317 -0.211842 0.294636 0.693354 0.65761 0.427221 0.31622 -0.384863 0.867113 0.400795 -0.930002 -0.306262 0.203222 -0.504304 0.187351 -0.87068 -0.45477 0.485867 
1534164972678 0.134355 0.651378 -0.746763 -0.605856 -0.946114 0.308399 0.0987853 -0.211831 0.294647 0.693251 0.657713 0.427212 0.31622 -0.384863 0.867113 0.400795 -0.930002 -0.306262 0.203222 -0.504304 0.187351 -0.87068 -0.45477 0.485867 
1534164972693 0.134482 0.651449 -0.746678 -0.605858 -0.946092 0.30848 0.0987394 -0.211822 0.294659 0.693148 0.657816 0.427204 0.31622 -0.384863 0.867113 0.400795 -0.930002 -0.306262 0.203222 -0.504304 0.187351 -0.87068 -0.45477 0.485867 
1534164972710 0.134608 0.651521 -0.746593 -0.605861 -0.946071 0.30856 0.0986943 -0.211814 0.294671 0.693045 0.657919 0.427195 0.31622 -0.384863 0.867113 0.400795 -0.930002 -0.306262 0.203222 -0.504304 0.187351 -0.87068 -0.45477 0.485867 
1534164972727 0.134735 0.651592 -0.746508 -0.605864 -0.946049 0.308641 0.098649 -0.211806 0.294682 0.692942 0.658023 0.427186 0.31622 -0.384863 0.867113 0.400795 -0.930002 -0.306262 0.203222 -0.504304 0.187351 -0.87068 -0.45477 0.485867 
1534164972743 0.134861 0.651663 -0.746423 -0.605867 -0.946027 0.308722 0.0986039 -0.211799 0.294694 0.692839 0.658126 0.427178 0.31622 -0.384863 0.867113 0.400795 -0.930002 -0.306262 0.203222 -0.504304 0.187351 -0.87068 -0.45477 0.485867 
1534164972750 0.134988 0.651734 -0.746338 -0.60587 -0.946006 0.308803 0.0985588 -0.211791 0.294706 0.692736 0.658229 0.427169 0.31622 -0.384863 0.867113 0.400795 -0.930002 -0.306262 0.203222 -0.504304 0.187351 -0.87068 -0.45477 0.485867 
1534164972763 0.135114 0.651805 -0.746253 -0.605874 -0.945984 0.308884 0.0985139 -0.211784 0.294717 0.692633 0.658332 0.427161 0.31622 -0.384863 0.867113 0.400795 -0.930002 -0.306262 0.203222 -0.504304 0.187351 -0.87068 -0.45477 0.485867 
1534164972780 0.13524 0.651877 -0.746168 -0.605877 -0.945962 0.308964 0.098469 -0.211777 0.294729 0.69253 0.658435 0.427152 0.31622 -0.384863 0.867113 0.400795 -0.930002 -0.306262 0.203222 -0.504304 0.187351 -0.87068 -0.45477 0.485867 
1534164972806 0.13468 0.651633 -0.746482 -0.60583 -0.945978 0.308786 0.098878 -0.211813 0.294935 0.692839 0.658018 0.427236 0.31622 -0.384863 0.867113 0.400795 -0.930002 -0.306262 0.203222 -0.504304 0.187351 -0.87068 -0.45477 0.485867 
1534164972817 0.134719 0.651614 -0.746492 -0.605833 -0.945946 0.308877 0.0989046 -0.211819 0.295022 0.692816 0.658003 0.427247 0.31622 -0.384863 0.867113 0.400795 -0.930002 -0.306262 0.203222 -0.504304 0.187351 -0.87068 -0.45477 0.485867 
1534164972823 0.13476 0.651592 -0.746503 -0.605837 -0.945913 0.308969 0.0989297 -0.211821 0.295109 0.692795 0.657986 0.427264 0.31622 -0.384863 0.867113 0.400795 -0.930002 -0.306262 0.203222 -0.504304 0.187351 -0.87068 -0.45477 0.485867 
1534164972837 0.1348 0.651571 -0.746515 -0.60584 -0.94588 0.309062 0.0989545 -0.211822 0.295195 0.692774 0.657969 0.42728 0.31622 -0.384863 0.867113 0.400795 -0.930002 -0.306262 0.203222 -0.504304 0.187351 -0.87068 -0.45477 0.485867 
1534164972854 0.134841 0.651549 -0.746526 -0.605841 -0.945847 0.309155 0.0989789 -0.211822 0.295282 0.692753 0.657952 0.427296 0.31622 -0.384863 0.867113 0.400795 -0.930002 -0.306262 0.203222 -0.504304 0.187351 -0.87068 -0.45477 0.485867 
1534164972870 0.134883 0.651527 -0.746538 -0.605843 -0.945814 0.309248 0.0990032 -0.211822 0.295369 0.692732 0.657935 0.427312 0.31622 -0.384863 0.867113 0.400795 -0.930002 -0.306262 0.203222 -0.504304 0.187351 -0.87068 -0.45477 0.485867 
1534164972877 0.134923 0.651505 -0.74655 -0.605845 -0.945781 0.309341 0.0990278 -0.211823 0.295455 0.692711 0.657919 0.427328 0.31622 -0.384863 0.867113 0.400795 -0.930002 -0.306262 0.203222 -0.504304 0.187351 -0.87068 -0.45477 0.485867 
1534164972891 0.134964 0.651483 -0.746561 -0.605847 -0.945748 0.309434 0.0990523 -0.211824 0.295542 0.692691 0.657902 0.427344 0.31622 -0.384863 0.867113 0.400795 -0.930002 -0.306262 0.203222 -0.504304 0.187351 -0.87068 -0.45477 0.485867 
1534164972897 0.135005 0.651462 -0.746573 -0.605849 -0.945715 0.309526 0.0990773 -0.211825 0.295629 0.692669 0.657885 0.427359 0.31622 -0.384863 0.867113 0.400795 -0.930002 -0.306262 0.203222 -0.504304 0.187351 -0.87068 -0.45477 0.485867 
1534164972911 0.135046 0.65144 -0.746584 -0.60585 -0.945682 0.309619 0.0991017 -0.211825 0.295716 0.692648 0.657868 0.427375 0.31622 -0.384863 0.867113 0.400795 -0.930002 -0.306262 0.203222 -0.504304 0.187351 -0.87068 -0.45477 0.485867 
1534164972939 0.135049 0.65173 -0.74633 -0.605843 -0.945963 0.308924 0.0985937 -0.211797 0.294816 0.692686 0.658233 0.427177 0.31622 -0.384863 0.867113 0.400795 -0.930002 -0.306262 0.203222 -0.504304 0.187351 -0.87068 -0.45477 0.485867 
1534164972951 0.135161 0.651849 -0.746207 -0.605843 -0.945989 0.308881 0.0984752 -0.211792 0.29468 0.692594 0.65839 0.427171 0.31622 -0.384863 0.867113 0.400795 -0.930002 -0.306262 0.203222 -0.504304 0.187351 -0.87068 -0.45477 0.485867 
1534164972968 0.13527 0.65197 -0.746081 -0.605848 -0.946016 0.308836 0.09836 -0.211792 0.294545 0.692499 0.65855 0.427162 0.31622 -0.384863 0.867113 0.400795 -0.930002 -0.306262 0.203222 -0.504304 0.187351 -0.87068 -0.45477 0.485867 
1534164972984 0.135379 0.652091 -0.745955 -0.605853 -0.946042 0.308792 0.0982454 -0.211794 0.29441 0.692405 0.65871 0.427152 0.31622 -0.384863 0.867113 0.400795 -0.930002 -0.306262 0.203222 -0.504304 0.187351 -0.87068 -0.45477 0.485867 
1534164973001 0.135488 0.652212 -0.74583 -0.605857 -0.946068 0.308748 0.0981301 -0.211795 0.294275 0.69231 0.658869 0.427143 0.31622 -0.384863 0.867113 0.400795 -0.930002 -0.306262 0.203222 -0.504304 0.187351 -0.87068 -0.45477 0.485867 
1534164973097 0.135597 0.652334 -0.745704 -0.605861 -0.946095 0.308704 0.0980155 -0.211796 0.29414 0.692216 0.659029 0.427133 0.31622 -0.384863 0.867113 0.400795 -0.930002 -0.306262 0.203222 -0.504304 0.187351 -0.87068 -0.45477 0.485867 
1534164973114 0.135706 0.652455 -0.745578 -0.605866 -0.946121 0.30866 0.0979005 -0.211797 0.294006 0.692121 0.659188 0.427124 0.31622 -0.384863 0.867113 0.400795 -0.930002 -0.306262 0.203222 -0.504304 0.187351 -0.87068 -0.45477 0.485867 
1534164973130 0.135815 0.652576 -0.745452 -0.60587 -0.946147 0.308616 0.0977856 -0.211799 0.293871 0.692026 0.659348 0.427115 0.31622 -0.384863 0.867113 0.400795 -0.930002 -0.306262 0.203222 -0.504304 0.187351 -0.87068 -0.45477 0.485867 
1534164973147 0.135924 0.652698 -0.745326 -0.605875 -0.946173 0.308571 0.0976707 -0.2118 0.293736 0.691932 0.659507 0.427105 0.31622 -0.384863 0.867113 0.400795 -0.930002 -0.306262 0.203222 -0.504304 0.187351 -0.87068 -0.45477 0.485867 
1534164973164 0.136033 0.652818 -0.7452 -0.605879 -0.9462 0.308528 0.0975554 -0.211801 0.293601 0.691837 0.659666 0.427096 0.31622 -0.384863 0.867113 0.400795 -0.930002 -0.306262 0.203222 -0.504304 0.187351 -0.87068 -0.45477 0.485867 
1534164973220 0.13539 0.65222 -0.745841 -0.605859 -0.946096 0.308651 0.0981661 -0.211745 0.29423 0.692347 0.658851 0.427053 0.31622 -0.384863 0.867113 0.400795 -0.930002 -0.306262 0.203222 -0.504304 0.187351 -0.87068 -0.45477 0.485867 
1534164973230 0.135594 0.652301 -0.745733 -0.605861 -0.946148 0.308581 0.0978848 -0.211752 0.293969 0.692302 0.659015 0.427044 0.31622 -0.384863 0.867113 0.400795 -0.930002 -0.306262 0.203222 -0.504304 0.187351 -0.87068 -0.45477 0.485867 
1534164973247 0.1358 0.65238 -0.745626 -0.605859 -0.9462 0.308512 0.0976003 -0.211752 0.293707 0.692258 0.659178 0.427038 0.31622 -0.384863 0.867113 0.400795 -0.930002 -0.306262 0.203222 -0.504304 0.187351 -0.87068 -0.45477 0.485867 
1534164973264 0.136006 0.652459 -0.74552 -0.605856 -0.946252 0.308444 0.0973154 -0.211752 0.293445 0.692214 0.65934 0.427033 0.31622 -0.384863 0.867113 0.400795 -0.930002 -0.306262 0.203222 -0.504304 0.187351 -0.87068 -0.45477 0.485867 
1534164973280 0.136213 0.652538 -0.745413 -0.605854 -0.946303 0.308375 0.0970312 -0.211753 0.293184 0.69217 0.659503 0.427026 0.31622 -0.384863 0.867113 0.400795 -0.930002 -0.306262 0.203222 -0.504304 0.187351 -0.87068 -0.45477 0.485867 
1534164973365 0.136419 0.652617 -0.745306 -0.605851 -0.946355 0.308307 0.0967462 -0.211752 0.292921 0.692126 0.659666 0.427021 0.31622 -0.384863 0.867113 0.400795 -0.930002 -0.306262 0.203222 -0.504304 0.187351 -0.87068 -0.45477 0.485867 
1534164973372 0.136625 0.652696 -0.745199 -0.605849 -0.946406 0.308239 0.0964616 -0.211753 0.292659 0.692082 0.659828 0.427015 0.31622 -0.384863 0.867113 0.400795 -0.930002 -0.306262 0.203222 -0.504304 0.187351 -0.87068 -0.45477 0.485867 
1534164973392 0.136832 0.652775 -0.745092 -0.605847 -0.946457 0.30817 0.0961769 -0.211753 0.292397 0.692038 0.659991 0.42701 0.31622 -0.384863 0.867113 0.400795 -0.930002 -0.306262 0.203222 -0.504304 0.187351 -0.87068 -0.45477 0.485867 
1534164973412 0.137038 0.652854 -0.744985 -0.605844 -0.946508 0.308102 0.0958921 -0.211753 0.292135 0.691994 0.660153 0.427004 0.31622 -0.384863 0.867113 0.400795 -0.930002 -0.306262 0.203222 -0.504304 0.187351 -0.87068 -0.45477 0.485867 
1534164973486 0.137244 0.652933 -0.744878 -0.605843 -0.946559 0.308034 0.0956077 -0.211754 0.291873 0.691949 0.660315 0.426998 0.31622 -0.384863 0.867113 0.400795 -0.930002 -0.306262 0.203222 -0.504304 0.187351 -0.87068 -0.45477 0.485867 
1534164973527 0.136692 0.652647 -0.74523 -0.605848 -0.94632 0.308467 0.0965686 -0.21181 0.292904 0.692026 0.659778 0.427028 0.31622 -0.384863 0.867113 0.400795 -0.930002 -0.306262 0.203222 -0.504304 0.187351 -0.87068 -0.45477 0.485867 
1534164973540 0.13677 0.652655 -0.745209 -0.605857 -0.946377 0.308356 0.0963672 -0.211808 0.292684 0.692068 0.659831 0.427026 0.31622 -0.384863 0.867113 0.400795 -0.930002 -0.306262 0.203222 -0.504304 0.187351 -0.87068 -0.45477 0.485867 
1534164973556 0.136851 0.65266 -0.745189 -0.605861 -0.946434 0.308245 0.096162 -0.2118 0.292462 0.692113 0.659883 0.427027 0.31622 -0.384863 0.867113 0.400795 -0.930002 -0.306262 0.203222 -0.504304 0.187351 -0.87068 -0.45477 0.485867 
1534164973573 0.136932 0.652664 -0.74517 -0.605865 -0.946491 0.308135 0.0959564 -0.21179 0.29224 0.692157 0.659935 0.427028 0.31622 -0.384863 0.867113 0.400795 -0.930002 -0.306262 0.203222 -0.504304 0.187351 -0.87068 -0.45477 0.485867 
1534164973590 0.137013 0.652669 -0.745151 -0.605869 -0.946548 0.308025 0.0957509 -0.211781 0.292019 0.692202 0.659986 0.42703 0.31622 -0.384863 0.867113 0.400795 -0.930002 -0.306262 0.203222 -0.504304 0.187351 -0.87068 -0.45477 0.485867 
1534164973606 0.137094 0.652674 -0.745132 -0.605874 -0.946604 0.307914 0.0955457 -0.211773 0.291797 0.692246 0.660038 0.427031 0.31622 -0.384863 0.867113 0.400795 -0.930002 -0.306262 0.203222 -0.504304 0.187351 -0.87068 -0.45477 0.485867 
1534164973623 0.137175 0.652679 -0.745113 -0.605879 -0.946661 0.307804 0.0953403 -0.211765 0.291575 0.692291 0.660089 0.427032 0.31622 -0.384863 0.867113 0.400795 -0.930002 -0.306262 0.203222 -0.504304 0.187351 -0.87068 -0.45477 0.485867 
1534164973689 0.137256 0.652684 -0.745093 -0.605883 -0.946717 0.307694 0.0951349 -0.211756 0.291354 0.692335 0.66014 0.427033 0.31622 -0.384863 0.867113 0.400795 -0.930002 -0.306262 0.203222 -0.504304 0.187351 -0.87068 -0.45477 0.485867 
1534164973721 0.137337 0.652689 -0.745074 -0.605887 -0.946774 0.307584 0.0949294 -0.211747 0.291132 0.692379 0.660192 0.427035 0.31622 -0.384863 0.867113 0.400795 -0.930002 -0.306262 0.203222 -0.504304 0.187351 -0.87068 -0.45477 0.485867 
1534164973738 0.137418 0.652694 -0.745055 -0.605891 -0.94683 0.307473 0.0947238 -0.211738 0.29091 0.692424 0.660243 0.427036 0.31622 -0.384863 0.867113 0.400795 -0.930002 -0.306262 0.203222 -0.504304 0.187351 -0.87068 -0.45477 0.485867 
1534164973786 0.137082 0.652507 -0.74528 -0.605899 -0.946614 0.307909 0.0954657 -0.211795 0.29177 0.692406 0.659881 0.426999 0.31622 -0.384863 0.867113 0.400795 -0.930002 -0.306262 0.203222 -0.504304 0.187351 -0.87068 -0.45477 0.485867 
1534164973798 0.136973 0.652425 -0.745372 -0.605899 -0.946556 0.308025 0.0956708 -0.21179 0.292012 0.692432 0.659748 0.427024 0.31622 -0.384863 0.867113 0.400795 -0.930002 -0.306262 0.203222 -0.504304 0.187351 -0.87068 -0.45477 0.485867 
1534164973815 0.136868 0.652342 -0.745464 -0.605899 -0.946495 0.308147 0.0958759 -0.211791 0.292256 0.692456 0.659614 0.42705 0.31622 -0.384863 0.867113 0.400795 -0.930002 -0.306262 0.203222 -0.504304 0.187351 -0.87068 -0.45477 0.485867 
1534164973831 0.136763 0.652259 -0.745556 -0.6059 -0.946435 0.308268 0.0960813 -0.211792 0.292501 0.69248 0.659481 0.427074 0.31622 -0.384863 0.867113 0.400795 -0.930002 -0.306262 0.203222 -0.504304 0.187351 -0.87068 -0.45477 0.485867 
1534164973848 0.136658 0.652177 -0.745647 -0.605901 -0.946374 0.30839 0.0962865 -0.211793 0.292746 0.692503 0.659347 0.427098 0.31622 -0.384863 0.867113 0.400795 -0.930002 -0.306262 0.203222 -0.504304 0.187351 -0.87068 -0.45477 0.485867 
1534164973941 0.136552 0.652095 -0.745739 -0.605902 -0.946314 0.308512 0.0964918 -0.211794 0.292991 0.692527 0.659214 0.427122 0.31622 -0.384863 0.867113 0.400795 -0.930002 -0.306262 0.203222 -0.504304 0.187351 -0.87068 -0.45477 0.485867 
1534164973958 0.136446 0.652013 -0.74583 -0.605904 -0.946253 0.308633 0.0966977 -0.211797 0.293236 0.692549 0.659081 0.427146 0.31622 -0.384863 0.867113 0.400795 -0.930002 -0.306262 0.203222 -0.504304 0.187351 -0.87068 -0.45477 0.485867 
1534164973974 0.136341 0.65193 -0.745921 -0.605904 -0.946192 0.308755 0.0969027 -0.211797 0.293481 0.692573 0.658947 0.42717 0.31622 -0.384863 0.867113 0.400795 -0.930002 -0.306262 0.203222 -0.504304 0.187351 -0.87068 -0.45477 0.485867 
1534164973991 0.136236 0.651848 -0.746012 -0.605906 -0.946132 0.308877 0.0971082 -0.211799 0.293726 0.692596 0.658814 0.427194 0.31622 -0.384863 0.867113 0.400795 -0.930002 -0.306262 0.203222 -0.504304 0.187351 -0.87068 -0.45477 0.485867 
1534164974008 0.13613 0.651766 -0.746103 -0.605907 -0.946071 0.308998 0.0973137 -0.211801 0.29397 0.692619 0.658681 0.427218 0.31622 -0.384863 0.867113 0.400795 -0.930002 -0.306262 0.203222 -0.504304 0.187351 -0.87068 -0.45477 0.485867 
1534164974036 0.136637 0.652169 -0.745658 -0.605884 -0.946366 0.308404 0.0963212 -0.211803 0.292781 0.692504 0.659331 0.427087 0.31622 -0.384863 0.867113 0.400795 -0.930002 -0.306262 0.203222 -0.504304 0.187351 -0.87068 -0.45477 0.485867 
1534164974048 0.136593 0.65209 -0.745735 -0.60589 -0.946344 0.308452 0.0963808 -0.211802 0.292873 0.692557 0.659235 0.427099 0.31622 -0.384863 0.867113 0.400795 -0.930002 -0.306262 0.203222 -0.504304 0.187351 -0.87068 -0.45477 0.485867 
1534164974064 0.136551 0.652008 -0.745815 -0.605892 -0.946323 0.308502 0.0964371 -0.211794 0.292963 0.692613 0.659136 0.427115 0.31622 -0.384863 0.867113 0.400795 -0.930002 -0.306262 0.203222 -0.504304 0.187351 -0.87068 -0.45477 0.485867 
1534164974081 0.136509 0.651926 -0.745894 -0.605895 -0.946301 0.308552 0.096494 -0.211787 0.293054 0.692668 0.659038 0.427131 0.31622 -0.384863 0.867113 0.400795 -0.930002 -0.306262 0.203222 -0.504304 0.187351 -0.87068 -0.45477 0.485867 
1534164974098 0.136467 0.651844 -0.745973 -0.605896 -0.946279 0.308601 0.0965506 -0.211779 0.293144 0.692723 0.65894 0.427147 0.31622 -0.384863 0.867113 0.400795 -0.930002 -0.306262 0.203222 -0.504304 0.187351 -0.87068 -0.45477 0.485867 
1534164974114 0.136424 0.651762 -0.746053 -0.605899 -0.946257 0.308651 0.0966075 -0.211772 0.293235 0.692778 0.658842 0.427162 0.31622 -0.384863 0.867113 0.400795 -0.930002 -0.306262 0.203222 -0.504304 0.187351 -0.87068 -0.45477 0.485867 
1534164974131 0.136382 0.65168 -0.746132 -0.605901 -0.946235 0.3087 0.0966642 -0.211765 0.293325 0.692833 0.658743 0.427178 0.31622 -0.384863 0.867113 0.400795 -0.930002 -0.306262 0.203222 -0.504304 0.187351 -0.87068 -0.45477 0.485867 
1534164974148 0.13634 0.651598 -0.746212 -0.605903 -0.946213 0.30875 0.0967208 -0.211757 0.293416 0.692888 0.658645 0.427194 0.31622 -0.384863 0.867113 0.400795 -0.930002 -0.306262 0.203222 -0.504304 0.187351 -0.87068 -0.45477 0.485867 
1534164974196 0.136298 0.651516 -0.746291 -0.605905 -0.946191 0.3088 0.0967773 -0.211749 0.293506 0.692943 0.658547 0.42721 0.31622 -0.384863 0.867113 0.400795 -0.930002 -0.306262 0.203222 -0.504304 0.187351 -0.87068 -0.45477 0.485867 
1534164974220 0.136256 0.651433 -0.746371 -0.605907 -0.946169 0.308849 0.0968338 -0.211741 0.293597 0.692998 0.658448 0.427226 0.31622 -0.384863 0.867113 0.400795 -0.930002 -0.306262 0.203222 -0.504304 0.187351 -0.87068 -0.45477 0.485867 
1534164974244 0.136403 0.651804 -0.74602 -0.6059 -0.946227 0.308709 0.0967131 -0.211818 0.293341 0.692712 0.658863 0.427174 0.31622 -0.384863 0.867113 0.400795 -0.930002 -0.306262 0.203222 -0.504304 0.187351 -0.87068 -0.45477 0.485867 
1534164974256 0.136442 0.651855 -0.745969 -0.605898 -0.946229 0.308709 0.0966912 -0.211807 0.293316 0.692664 0.658925 0.427177 0.31622 -0.384863 0.867113 0.400795 -0.930002 -0.306262 0.203222 -0.504304 0.187351 -0.87068 -0.45477 0.485867 
1534164974273 0.136487 0.651902 -0.745919 -0.605898 -0.946232 0.30871 0.0966594 -0.211799 0.293285 0.69262 0.658985 0.427175 0.31622 -0.384863 0.867113 0.400795 -0.930002 -0.306262 0.203222 -0.504304 0.187351 -0.87068 -0.45477 0.485867 
1534164974290 0.136533 0.651948 -0.74587 -0.605897 -0.946235 0.308711 0.0966276 -0.21179 0.293255 0.692576 0.659045 0.427175 0.31622 -0.384863 0.867113 0.400795 -0.930002 -0.306262 0.203222 -0.504304 0.187351 -0.87068 -0.45477 0.485867 
1534164974306 0.136578 0.651995 -0.745821 -0.605898 -0.946238 0.308712 0.096596 -0.211783 0.293224 0.692531 0.659106 0.427172 0.31622 -0.384863 0.867113 0.400795 -0.930002 -0.306262 0.203222 -0.504304 0.187351 -0.87068 -0.45477 0.485867 
1534164974323 0.136624 0.652042 -0.745771 -0.605898 -0.946241 0.308713 0.0965647 -0.211775 0.293194 0.692486 0.659166 0.42717 0.31622 -0.384863 0.867113 0.400795 -0.930002 -0.306262 0.203222 -0.504304 0.187351 -0.87068 -0.45477 0.485867 
1534164974389 0.136669 0.65209 -0.745722 -0.605899 -0.946244 0.308714 0.0965336 -0.211769 0.293163 0.692441 0.659227 0.427168 0.31622 -0.384863 0.867113 0.400795 -0.930002 -0.306262 0.203222 -0.504304 0.187351 -0.87068 -0.45477 0.485867 
1534164974406 0.136714 0.652137 -0.745672 -0.6059 -0.946247 0.308715 0.0965025 -0.211762 0.293133 0.692396 0.659288 0.427166 0.31622 -0.384863 0.867113 0.400795 -0.930002 -0.306262 0.203222 -0.504304 0.187351 -0.87068 -0.45477 0.485867 
1534164974422 0.136759 0.652184 -0.745622 -0.605901 -0.946249 0.308715 0.0964715 -0.211756 0.293102 0.692352 0.659348 0.427164 0.31622 -0.384863 0.867113 0.400795 -0.930002 -0.306262 0.203222 -0.504304 0.187351 -0.87068 -0.45477 0.485867 
1534164974439 0.136804 0.652232 -0.745573 -0.605901 -0.946252 0.308716 0.0964406 -0.211749 0.293072 0.692307 0.659409 0.427161 0.31622 -0.384863 0.867113 0.400795 -0.930002 -0.306262 0.203222 -0.504304 0.187351 -0.87068 -0.45477 0.485867 
1534164974475 0.136615 0.651893 -0.745904 -0.605869 -0.946159 0.308923 0.0966953 -0.211798 0.293462 0.692533 0.658998 0.427191 0.31622 -0.384863 0.867113 0.400795 -0.930002 -0.306262 0.203222 -0.504304 0.187351 -0.87068 -0.45477 0.485867 
1534164974486 0.136734 0.652038 -0.745755 -0.605868 -0.946167 0.30892 0.0966201 -0.211785 0.293379 0.692398 0.659177 0.42717 0.31622 -0.384863 0.867113 0.400795 -0.930002 -0.306262 0.203222 -0.504304 0.187351 -0.87068 -0.45477 0.485867 
1534164974503 0.13685 0.652186 -0.745605 -0.605871 -0.946176 0.308917 0.0965483 -0.211777 0.293297 0.69226 0.659358 0.427145 0.31622 -0.384863 0.867113 0.400795 -0.930002 -0.306262 0.203222 -0.504304 0.187351 -0.87068 -0.45477 0.485867 
1534164974519 0.136967 0.652333 -0.745454 -0.605874 -0.946184 0.308913 0.0964763 -0.21177 0.293216 0.692123 0.659538 0.42712 0.31622 -0.384863 0.867113 0.400795 -0.930002 -0.306262 0.203222 -0.504304 0.187351 -0.87068 -0.45477 0.485867 
1534164974536 0.137083 0.65248 -0.745304 -0.605877 -0.946193 0.30891 0.0964048 -0.211763 0.293134 0.691986 0.659718 0.427095 0.31622 -0.384863 0.867113 0.400795 -0.930002 -0.306262 0.203222 -0.504304 0.187351 -0.87068 -0.45477 0.485867 
1534164974542 0.137199 0.652628 -0.745154 -0.60588 -0.946201 0.308906 0.0963334 -0.211756 0.293053 0.691848 0.659899 0.42707 0.31622 -0.384863 0.867113 0.400795 -0.930002 -0.306262 0.203222 -0.504304 0.187351 -0.87068 -0.45477 0.485867 
1534164974593 0.137315 0.652775 -0.745003 -0.605883 -0.94621 0.308903 0.0962617 -0.211749 0.292971 0.691711 0.660079 0.427045 0.31622 -0.384863 0.867113 0.400795 -0.930002 -0.306262 0.203222 -0.504304 0.187351 -0.87068 -0.45477 0.485867 
1534164974659 0.137431 0.652922 -0.744853 -0.605886 -0.946218 0.3089 0.09619 -0.211742 0.292889 0.691574 0.660259 0.42702 0.31622 -0.384863 0.867113 0.400795 -0.930002 -0.306262 0.203222 -0.504304 0.187351 -0.87068 -0.45477 0.485867 
1534164974665 0.137548 0.653069 -0.744703 -0.605889 -0.946226 0.308896 0.0961179 -0.211734 0.292808 0.691436 0.660439 0.426996 0.31622 -0.384863 0.867113 0.400795 -0.930002 -0.306262 0.203222 -0.504304 0.187351 -0.87068 -0.45477 0.485867 
1534164974701 0.137664 0.653216 -0.744552 -0.605892 -0.946235 0.308893 0.0960464 -0.211727 0.292726 0.691299 0.660619 0.426971 0.31622 -0.384863 0.867113 0.400795 -0.930002 -0.306262 0.203222 -0.504304 0.187351 -0.87068 -0.45477 0.485867 
1534164974736 0.137244 0.652709 -0.745074 -0.605849 -0.946136 0.309064 0.0964707 -0.211738 0.293243 0.691701 0.659968 0.427119 0.31622 -0.384863 0.867113 0.400795 -0.930002 -0.306262 0.203222 -0.504304 0.187351 -0.87068 -0.45477 0.485867 
1534164974747 0.137212 0.65277 -0.745026 -0.605847 -0.94615 0.309013 0.096495 -0.211734 0.293212 0.691666 0.660019 0.427118 0.31622 -0.384863 0.867113 0.400795 -0.930002 -0.306262 0.203222 -0.504304 0.187351 -0.87068 -0.45477 0.485867 
1534164974764 0.137176 0.652835 -0.744976 -0.605851 -0.946164 0.308959 0.0965239 -0.211737 0.293181 0.691629 0.660071 0.427113 0.31622 -0.384863 0.867113 0.400795 -0.930002 -0.306262 0.203222 -0.504304 0.187351 -0.87068 -0.45477 0.485867 
1534164974780 0.137141 0.652899 -0.744926 -0.605853 -0.946179 0.308906 0.0965522 -0.211739 0.293151 0.691592 0.660123 0.427108 0.31622 -0.384863 0.867113 0.400795 -0.930002 -0.306262 0.203222 -0.504304 0.187351 -0.87068 -0.45477 0.485867 
1534164974797 0.137106 0.652964 -0.744876 -0.605856 -0.946193 0.308853 0.0965809 -0.211742 0.293121 0.691555 0.660175 0.427103 0.31622 -0.384863 0.867113 0.400795 -0.930002 -0.306262 0.203222 -0.504304 0.187351 -0.87068 -0.45477 0.485867 
1534164974814 0.137071 0.653028 -0.744826 -0.605858 -0.946208 0.3088 0.0966092 -0.211745 0.293091 0.691518 0.660227 0.427099 0.31622 -0.384863 0.867113 0.400795 -0.930002 -0.306262 0.203222 -0.504304 0.187351 -0.87068 -0.45477 0.485867 
1534164974830 0.137036 0.653092 -0.744777 -0.605861 -0.946222 0.308747 0.0966377 -0.211747 0.293061 0.691481 0.66028 0.427094 0.31622 -0.384863 0.867113 0.400795 -0.930002 -0.306262 0.203222 -0.504304 0.187351 -0.87068 -0.45477 0.485867 
1534164974847 0.137001 0.653156 -0.744727 -0.605864 -0.946237 0.308694 0.0966663 -0.21175 0.293031 0.691444 0.660332 0.427089 0.31622 -0.384863 0.867113 0.400795 -0.930002 -0.306262 0.203222 -0.504304 0.187351 -0.87068 -0.45477 0.485867 
1534164974897 0.136966 0.653221 -0.744677 -0.605866 -0.946251 0.30864 0.0966949 -0.211753 0.293 0.691407 0.660384 0.427084 0.31622 -0.384863 0.867113 0.400795 -0.930002 -0.306262 0.203222 -0.504304 0.187351 -0.87068 -0.45477 0.485867 
1534164974919 0.13693 0.653285 -0.744627 -0.605869 -0.946266 0.308587 0.0967235 -0.211756 0.29297 0.69137 0.660436 0.427079 0.31622 -0.384863 0.867113 0.400795 -0.930002 -0.306262 0.203222 -0.504304 0.187351 -0.87068 -0.45477 0.485867 
1534164974947 0.137263 0.653136 -0.744696 -0.605863 -0.946252 0.30874 0.0963666 -0.211742 0.292858 0.691443 0.66041 0.427066 0.31622 -0.384863 0.867113 0.400795 -0.930002 -0.306262 0.203222 -0.504304 0.187351 -0.87068 -0.45477 0.485867 
1534164974959 0.137221 0.653096 -0.744739 -0.605866 -0.946252 0.308732 0.0963902 -0.211748 0.292877 0.691484 0.660358 0.427071 0.31622 -0.384863 0.867113 0.400795 -0.930002 -0.306262 0.203222 -0.504304 0.187351 -0.87068 -0.45477 0.485867 
1534164974966 0.137181 0.653054 -0.744783 -0.605868 -0.946252 0.308725 0.0964126 -0.211754 0.292896 0.691527 0.660305 0.42708 0.31622 -0.384863 0.867113 0.400795 -0.930002 -0.306262 0.203222 -0.504304 0.187351 -0.87068 -0.45477 0.485867 
1534164974979 0.137141 0.653012 -0.744827 -0.60587 -0.946252 0.308719 0.0964343 -0.211757 0.292915 0.691569 0.660252 0.427089 0.31622 -0.384863 0.867113 0.400795 -0.930002 -0.306262 0.203222 -0.504304 0.187351 -0.87068 -0.45477 0.485867 
1534164974996 0.137101 0.65297 -0.744871 -0.605872 -0.946252 0.308712 0.096456 -0.211761 0.292934 0.691612 0.660199 0.427097 0.31622 -0.384863 0.867113 0.400795 -0.930002 -0.306262 0.203222 -0.504304 0.187351 -0.87068 -0.45477 0.485867 
1534164975013 0.137062 0.652928 -0.744916 -0.605873 -0.946252 0.308706 0.096477 -0.211764 0.292952 0.691655 0.660146 0.427106 0.31622 -0.384863 0.867113 0.400795 -0.930002 -0.306262 0.203222 -0.504304 0.187351 -0.87068 -0.45477 0.485867 
1534164975029 0.137022 0.652885 -0.74496 -0.605874 -0.946252 0.308699 0.0964984 -0.211767 0.292971 0.691698 0.660093 0.427115 0.31622 -0.384863 0.867113 0.400795 -0.930002 -0.306262 0.203222 -0.504304 0.187351 -0.87068 -0.45477 0.485867 
1534164975089 0.136983 0.652843 -0.745004 -0.605875 -0.946252 0.308692 0.0965198 -0.21177 0.29299 0.69174 0.66004 0.427124 0.31622 -0.384863 0.867113 0.400795 -0.930002 -0.306262 0.203222 -0.504304 0.187351 -0.87068 -0.45477 0.485867 
1534164975107 0.136943 0.652801 -0.745049 -0.605876 -0.946252 0.308686 0.096541 -0.211773 0.293008 0.691783 0.659987 0.427133 0.31622 -0.384863 0.867113 0.400795 -0.930002 -0.306262 0.203222 -0.504304 0.187351 -0.87068 -0.45477 0.485867 
1534164975123 0.136904 0.652759 -0.745093 -0.605877 -0.946252 0.30868 0.0965622 -0.211775 0.293027 0.691826 0.659933 0.427142 0.31622 -0.384863 0.867113 0.400795 -0.930002 -0.306262 0.203222 -0.504304 0.187351 -0.87068 -0.45477 0.485867 
1534164975150 0.137005 0.653062 -0.744809 -0.605896 -0.946306 0.308543 0.0964661 -0.211765 0.292804 0.691601 0.660268 0.427113 0.31622 -0.384863 0.867113 0.400795 -0.930002 -0.306262 0.203222 -0.504304 0.187351 -0.87068 -0.45477 0.485867 
1534164975163 0.136899 0.653009 -0.744874 -0.605899 -0.94633 0.308461 0.0964951 -0.21177 0.292777 0.691687 0.66019 0.427113 0.31622 -0.384863 0.867113 0.400795 -0.930002 -0.306262 0.203222 -0.504304 0.187351 -0.87068 -0.45477 0.485867 
1534164975179 0.136792 0.652955 -0.744941 -0.605899 -0.946354 0.308379 0.0965231 -0.211774 0.29275 0.691774 0.660111 0.427119 0.31622 -0.384863 0.867113 0.400795 -0.930002 -0.306262 0.203222 -0.504304 0.187351 -0.87068 -0.45477 0.485867 
1534164975196 0.136686 0.652902 -0.745008 -0.6059 -0.946378 0.308297 0.0965507 -0.211778 0.292722 0.691861 0.660032 0.427123 0.31622 -0.384863 0.867113 0.400795 -0.930002 -0.306262 0.203222 -0.504304 0.187351 -0.87068 -0.45477 0.485867 
1534164975213 0.136581 0.652847 -0.745075 -0.6059 -0.946402 0.308215 0.0965776 -0.21178 0.292694 0.691949 0.659952 0.427128 0.31622 -0.384863 0.867113 0.400795 -0.930002 -0.306262 0.203222 -0.504304 0.187351 -0.87068 -0.45477 0.485867 
1534164975229 0.136475 0.652793 -0.745142 -0.605901 -0.946425 0.308134 0.0966047 -0.211782 0.292666 0.692037 0.659872 0.427132 0.31622 -0.384863 0.867113 0.400795 -0.930002 -0.306262 0.203222 -0.504304 0.187351 -0.87068 -0.45477 0.485867 
1534164975246 0.136369 0.652739 -0.745208 -0.605901 -0.946449 0.308052 0.0966318 -0.211784 0.292638 0.692124 0.659793 0.427136 0.31622 -0.384863 0.867113 0.400795 -0.930002 -0.306262 0.203222 -0.504304 0.187351 -0.87068 -0.45477 0.485867 
1534164975263 0.136264 0.652684 -0.745275 -0.605901 -0.946473 0.30797 0.0966587 -0.211787 0.29261 0.692212 0.659713 0.427141 0.31622 -0.384863 0.867113 0.400795 -0.930002 -0.306262 0.203222 -0.504304 0.187351 -0.87068 -0.45477 0.485867 
