1534793616148 0.102539 0.85691 -0.505164 -0.48147 -0.964427 0.210034 0.160519 -0.231134 0.243652 0.470735 0.847964 0.457595 0.16008 -0.304787 0.938871 0.370831 -0.775623 0.549475 0.310623 -0.528794 -0.61056 -0.777934 -0.14844 0.432481 
1534793616160 0.105413 0.853671 -0.510033 -0.494023 -0.963374 0.214841 0.160481 -0.230441 0.246574 0.474436 0.845051 0.453507 0.316241 -0.38488 0.867098 0.400864 -0.930001 -0.306251 0.203246 -0.504429 0.187325 -0.870677 -0.454788 0.485926 
1534793616767 0.108268 0.850394 -0.514887 -0.506575 -0.962302 0.219642 0.160415 -0.229747 0.249507 0.478109 0.842115 0.44942 0.316241 -0.38488 0.867098 0.400864 -0.930001 -0.306251 0.203246 -0.504429 0.187325 -0.870677 -0.454788 0.485926 
1534793617388 0.111103 0.847078 -0.519727 -0.519127 -0.96121 0.224438 0.160321 -0.229053 0.252451 0.481754 0.839155 0.445332 0.316241 -0.38488 0.867098 0.400864 -0.930001 -0.306251 0.203246 -0.504429 0.187325 -0.870677 -0.454788 0.485926 
1534793618014 0.113919 0.843723 -0.524551 -0.531678 -0.960099 0.22923 0.160199 -0.228359 0.255407 0.485371 0.836171 0.441244 0.316241 -0.38488 0.867098 0.400864 -0.930001 -0.306251 0.203246 -0.504429 0.187325 -0.870677 -0.454788 0.485926 
1534793618659 0.116716 0.840331 -0.529359 -0.544229 -0.958968 0.234016 0.160049 -0.227665 0.258373 0.488959 0.833164 0.437156 0.316241 -0.38488 0.867098 0.400864 -0.930001 -0.306251 0.203246 -0.504429 0.187325 -0.870677 -0.454788 0.485926 
1534793619303 0.119494 0.8369 -0.534153 -0.556779 -0.957819 0.238797 0.159872 -0.226971 0.261351 0.492518 0.830134 0.433069 0.316241 -0.38488 0.867098 0.400864 -0.930001 -0.306251 0.203246 -0.504429 0.187325 -0.870677 -0.454788 0.485926 
1534793619958 0.122252 0.833432 -0.53893 -0.569328 -0.95665 0.243572 0.159666 -0.226275 0.264339 0.496048 0.82708 0.428981 0.316241 -0.38488 0.867098 0.400864 -0.930001 -0.306251 0.203246 -0.504429 0.187325 -0.870677 -0.454788 0.485926 
1534793620627 0.124991 0.829926 -0.543691 -0.581875 -0.955462 0.248342 0.159432 -0.225579 0.267338 0.499549 0.824003 0.424894 0.316241 -0.38488 0.867098 0.400864 -0.930001 -0.306251 0.203246 -0.504429 0.187325 -0.870677 -0.454788 0.485926 
1534793621294 0.127826 0.826325 -0.548496 -0.593466 -0.954246 0.253202 0.159072 -0.224422 0.270325 0.503066 0.820883 0.42094 0.316531 -0.385118 0.866887 0.401814 -0.929976 -0.306103 0.20358 -0.50615 0.186955 -0.870623 -0.455042 0.486735 
1534793621945 0.128001 0.826837 -0.547683 -0.593033 -0.954243 0.253154 0.159167 -0.224507 0.270253 0.502249 0.821407 0.421361 0.316531 -0.385118 0.866887 0.401814 -0.929976 -0.306103 0.20358 -0.50615 0.186955 -0.870623 -0.455042 0.486735 
1534793621958 0.128245 0.826435 -0.548233 -0.59443 -0.954122 0.253627 0.159139 -0.224477 0.270564 0.502672 0.821046 0.420896 0.316221 -0.384863 0.867113 0.400797 -0.930002 -0.306262 0.203223 -0.504308 0.187351 -0.87068 -0.45477 0.485869 
1534793622190 0.128486 0.826033 -0.548781 -0.595827 -0.954001 0.254098 0.159111 -0.224446 0.270875 0.503094 0.820684 0.420432 0.316221 -0.384863 0.867113 0.400797 -0.930002 -0.306262 0.203223 -0.504308 0.187351 -0.87068 -0.45477 0.485869 
1534793622422 0.128727 0.825631 -0.549329 -0.597223 -0.95388 0.254569 0.159084 -0.224416 0.271187 0.503516 0.820323 0.419967 0.316221 -0.384863 0.867113 0.400797 -0.930002 -0.306262 0.203223 -0.504308 0.187351 -0.87068 -0.45477 0.485869 
1534793622658 0.128968 0.825229 -0.549877 -0.59862 -0.953759 0.255039 0.159056 -0.224386 0.271498 0.503937 0.819961 0.419503 0.316221 -0.384863 0.867113 0.400797 -0.930002 -0.306262 0.203223 -0.504308 0.187351 -0.87068 -0.45477 0.485869 
1534793622894 0.129209 0.824826 -0.550425 -0.600017 -0.953638 0.25551 0.159028 -0.224355 0.27181 0.504358 0.819599 0.419038 0.316221 -0.384863 0.867113 0.400797 -0.930002 -0.306262 0.203223 -0.504308 0.187351 -0.87068 -0.45477 0.485869 
1534793623127 0.12945 0.824422 -0.550973 -0.601413 -0.953516 0.255981 0.158999 -0.224325 0.272121 0.504779 0.819236 0.418574 0.316221 -0.384863 0.867113 0.400797 -0.930002 -0.306262 0.203223 -0.504308 0.187351 -0.87068 -0.45477 0.485869 
1534793623365 0.12969 0.824018 -0.551521 -0.60281 -0.953394 0.256452 0.15897 -0.224294 0.272433 0.5052 0.818873 0.418109 0.316221 -0.384863 0.867113 0.400797 -0.930002 -0.306262 0.203223 -0.504308 0.187351 -0.87068 -0.45477 0.485869 
1534793623371 0.12993 0.823614 -0.552067 -0.604207 -0.953273 0.256922 0.158941 -0.224264 0.272745 0.505619 0.81851 0.417645 0.316221 -0.384863 0.867113 0.400797 -0.930002 -0.306262 0.203223 -0.504308 0.187351 -0.87068 -0.45477 0.485869 
1534793623698 0.13017 0.823209 -0.552615 -0.605605 -0.95315 0.257393 0.158912 -0.224234 0.273057 0.506039 0.818147 0.41718 0.31622 -0.384863 0.867113 0.400797 -0.930002 -0.306262 0.203222 -0.504307 0.187351 -0.87068 -0.45477 0.485868 
1534793623954 0.130265 0.823466 -0.552209 -0.605288 -0.953118 0.257431 0.159048 -0.224229 0.273126 0.505602 0.818394 0.417457 0.31622 -0.384863 0.867113 0.400797 -0.930002 -0.306262 0.203222 -0.504307 0.187351 -0.87068 -0.45477 0.485868 
1534793623968 0.131274 0.824985 -0.549698 -0.605682 -0.953262 0.257264 0.158451 -0.224123 0.272137 0.503205 0.820199 0.416975 0.31622 -0.384863 0.867113 0.400795 -0.930002 -0.306262 0.203222 -0.504304 0.187351 -0.87068 -0.454769 0.485867 
1534793624150 0.132278 0.826497 -0.54718 -0.60608 -0.953406 0.257097 0.157856 -0.22402 0.271146 0.500804 0.821995 0.416493 0.31622 -0.384863 0.867113 0.400795 -0.930002 -0.306262 0.203222 -0.504304 0.187351 -0.87068 -0.454769 0.485867 
1534793624334 0.133279 0.828001 -0.544657 -0.606479 -0.953549 0.256933 0.157259 -0.223916 0.270151 0.498397 0.823783 0.416011 0.31622 -0.384863 0.867113 0.400795 -0.930002 -0.306262 0.203222 -0.504304 0.187351 -0.87068 -0.454769 0.485867 
1534793624340 0.134277 0.829498 -0.542128 -0.606877 -0.953691 0.25677 0.156663 -0.223812 0.269153 0.495986 0.825563 0.415528 0.31622 -0.384863 0.867113 0.400795 -0.930002 -0.306262 0.203222 -0.504304 0.187351 -0.87068 -0.454769 0.485867 
1534793624600 0.135272 0.830988 -0.539593 -0.607274 -0.953832 0.256608 0.156065 -0.223708 0.268152 0.49357 0.827335 0.415046 0.31622 -0.384863 0.867113 0.400795 -0.930002 -0.306262 0.203222 -0.504304 0.187351 -0.87068 -0.454769 0.485867 
1534793624791 0.136264 0.83247 -0.537053 -0.607673 -0.953973 0.256449 0.155467 -0.223605 0.267148 0.49115 0.829098 0.414564 0.31622 -0.384863 0.867113 0.400795 -0.930002 -0.306262 0.203222 -0.504304 0.187351 -0.87068 -0.454769 0.485867 
1534793624975 0.137253 0.833944 -0.534508 -0.608071 -0.954113 0.256291 0.154867 -0.223501 0.26614 0.488724 0.830854 0.414081 0.31622 -0.384863 0.867113 0.400795 -0.930002 -0.306262 0.203222 -0.504304 0.187351 -0.87068 -0.454769 0.485867 
1534793625163 0.138238 0.835412 -0.531956 -0.608468 -0.954252 0.256134 0.154268 -0.223396 0.26513 0.486294 0.832601 0.413599 0.31622 -0.384863 0.867113 0.400795 -0.930002 -0.306262 0.203222 -0.504304 0.187351 -0.87068 -0.454769 0.485867 
1534793625347 0.139221 0.836871 -0.5294 -0.608867 -0.95439 0.25598 0.153668 -0.223293 0.264116 0.48386 0.834339 0.413117 0.31622 -0.384863 0.867113 0.400795 -0.930002 -0.306262 0.203222 -0.504304 0.187351 -0.87068 -0.454769 0.485867 
1534793625549 0.138863 0.836476 -0.530118 -0.608709 -0.954355 0.25597 0.153905 -0.223321 0.264432 0.484548 0.83384 0.413378 0.31622 -0.384863 0.867113 0.400795 -0.930002 -0.306262 0.203222 -0.504304 0.187351 -0.87068 -0.454769 0.485867 
1534793625563 0.138492 0.836843 -0.529635 -0.608812 -0.954431 0.255526 0.15417 -0.223418 0.264352 0.484149 0.834097 0.413277 0.31622 -0.384863 0.867113 0.400795 -0.930002 -0.306262 0.203222 -0.504304 0.187351 -0.87068 -0.454769 0.485867 
1534793625579 0.13812 0.83721 -0.529152 -0.608917 -0.954506 0.255082 0.154437 -0.223517 0.264273 0.483748 0.834355 0.413176 0.31622 -0.384863 0.867113 0.400795 -0.930002 -0.306262 0.203222 -0.504304 0.187351 -0.87068 -0.454769 0.485867 
1534793625694 0.137748 0.837577 -0.528668 -0.609023 -0.954582 0.254637 0.154703 -0.223616 0.264195 0.483347 0.834612 0.413075 0.31622 -0.384863 0.867113 0.400795 -0.930002 -0.306262 0.203222 -0.504304 0.187351 -0.87068 -0.454769 0.485867 
1534793625749 0.137376 0.837943 -0.528185 -0.60913 -0.954657 0.254193 0.154969 -0.223715 0.264116 0.482946 0.834869 0.412974 0.31622 -0.384863 0.867113 0.400795 -0.930002 -0.306262 0.203222 -0.504304 0.187351 -0.87068 -0.454769 0.485867 
1534793625838 0.137004 0.838309 -0.5277 -0.609237 -0.954732 0.253748 0.155235 -0.223814 0.264038 0.482545 0.835125 0.412872 0.31622 -0.384863 0.867113 0.400795 -0.930002 -0.306262 0.203222 -0.504304 0.187351 -0.87068 -0.454769 0.485867 
1534793625845 0.136632 0.838675 -0.527216 -0.609342 -0.954807 0.253303 0.1555 -0.223913 0.26396 0.482144 0.835382 0.412771 0.31622 -0.384863 0.867113 0.400795 -0.930002 -0.306262 0.203222 -0.504304 0.187351 -0.87068 -0.454769 0.485867 
1534793625987 0.136259 0.83904 -0.526731 -0.609448 -0.954882 0.252858 0.155766 -0.224011 0.263882 0.481742 0.835638 0.41267 0.31622 -0.384863 0.867113 0.400795 -0.930002 -0.306262 0.203222 -0.504304 0.187351 -0.87068 -0.454769 0.485867 
1534793626030 0.135887 0.839404 -0.526246 -0.609555 -0.954957 0.252413 0.15603 -0.224111 0.263804 0.48134 0.835894 0.412569 0.31622 -0.384863 0.867113 0.400795 -0.930002 -0.306262 0.203222 -0.504304 0.187351 -0.87068 -0.45477 0.485867 
1534793626131 0.135514 0.839768 -0.525761 -0.609661 -0.955031 0.251967 0.156295 -0.224209 0.263726 0.480938 0.83615 0.412468 0.31622 -0.384863 0.867113 0.400795 -0.930002 -0.306262 0.203222 -0.504304 0.187351 -0.87068 -0.45477 0.485867 
1534793626193 0.136143 0.839361 -0.52625 -0.609499 -0.95489 0.252686 0.155997 -0.224131 0.263914 0.481273 0.835899 0.412699 0.31622 -0.384863 0.867113 0.400795 -0.930002 -0.306262 0.203222 -0.504304 0.187351 -0.87068 -0.45477 0.485867 
1534793626206 0.135778 0.839412 -0.526262 -0.609441 -0.955019 0.252239 0.155933 -0.224312 0.263636 0.481418 0.835902 0.412628 0.31622 -0.384863 0.867113 0.400795 -0.930002 -0.306262 0.203222 -0.504304 0.187351 -0.87068 -0.45477 0.485867 
1534793626223 0.135413 0.839463 -0.526275 -0.609385 -0.955147 0.251791 0.155869 -0.224495 0.263357 0.481563 0.835907 0.412557 0.31622 -0.384863 0.867113 0.400795 -0.930002 -0.306262 0.203222 -0.504304 0.187351 -0.87068 -0.45477 0.485867 
1534793626246 0.135048 0.839514 -0.526287 -0.60933 -0.955276 0.251343 0.155805 -0.224678 0.263079 0.481708 0.835911 0.412486 0.31622 -0.384863 0.867113 0.400795 -0.930002 -0.306262 0.203222 -0.504304 0.187351 -0.87068 -0.45477 0.485867 
1534793626349 0.134682 0.839565 -0.526299 -0.609276 -0.955404 0.250894 0.155741 -0.224861 0.2628 0.481853 0.835915 0.412415 0.31622 -0.384863 0.867113 0.400795 -0.930002 -0.306262 0.203222 -0.504304 0.187351 -0.87068 -0.45477 0.485867 
1534793626409 0.134318 0.839616 -0.526312 -0.609221 -0.955532 0.250447 0.155676 -0.225044 0.262521 0.481998 0.835919 0.412344 0.31622 -0.384863 0.867113 0.400795 -0.930002 -0.306262 0.203222 -0.504304 0.187351 -0.87068 -0.45477 0.485867 
1534793626481 0.133952 0.839666 -0.526324 -0.609166 -0.95566 0.249998 0.155612 -0.225227 0.262242 0.482142 0.835923 0.412273 0.31622 -0.384863 0.867113 0.400795 -0.930002 -0.306262 0.203222 -0.504304 0.187351 -0.87068 -0.45477 0.485867 
1534793626538 0.133586 0.839717 -0.526336 -0.60911 -0.955788 0.249549 0.155548 -0.22541 0.261963 0.482286 0.835928 0.412202 0.31622 -0.384863 0.867113 0.400795 -0.930002 -0.306262 0.203222 -0.504304 0.187351 -0.87068 -0.45477 0.485867 
1534793626615 0.133222 0.839767 -0.526349 -0.609057 -0.955915 0.249101 0.155484 -0.225593 0.261684 0.482431 0.835932 0.412131 0.31622 -0.384863 0.867113 0.400795 -0.930002 -0.306262 0.203222 -0.504304 0.187351 -0.87068 -0.45477 0.485867 
1534793626676 0.132856 0.839817 -0.526361 -0.609002 -0.956042 0.248653 0.155419 -0.225776 0.261405 0.482575 0.835936 0.41206 0.31622 -0.384863 0.867113 0.400795 -0.930002 -0.306262 0.203222 -0.504304 0.187351 -0.87068 -0.45477 0.485867 
1534793626771 0.133542 0.839752 -0.526292 -0.609043 -0.955879 0.249346 0.155311 -0.225619 0.261652 0.482331 0.836 0.412139 0.31622 -0.384863 0.867113 0.400795 -0.930002 -0.306262 0.203222 -0.504304 0.187351 -0.87068 -0.45477 0.485867 
1534793626784 0.133132 0.839815 -0.526295 -0.608782 -0.955987 0.248905 0.155353 -0.225724 0.261466 0.482449 0.83599 0.412148 0.31622 -0.384863 0.867113 0.400795 -0.930002 -0.306262 0.203222 -0.504304 0.187351 -0.87068 -0.45477 0.485867 
1534793626800 0.132722 0.839878 -0.526299 -0.608519 -0.956095 0.248463 0.155395 -0.225829 0.261279 0.482568 0.835979 0.412157 0.31622 -0.384863 0.867113 0.400795 -0.930002 -0.306262 0.203222 -0.504304 0.187351 -0.87068 -0.45477 0.485867 
1534793626927 0.132311 0.83994 -0.526303 -0.608255 -0.956203 0.248022 0.155437 -0.225933 0.261092 0.482687 0.835969 0.412166 0.31622 -0.384863 0.867113 0.400795 -0.930002 -0.306262 0.203222 -0.504304 0.187351 -0.87068 -0.45477 0.485867 
1534793626971 0.131902 0.840002 -0.526307 -0.60799 -0.956311 0.24758 0.155478 -0.226037 0.260905 0.482805 0.835959 0.412176 0.31622 -0.384863 0.867113 0.400795 -0.930002 -0.306262 0.203222 -0.504304 0.187351 -0.87068 -0.45477 0.485867 
1534793627069 0.131492 0.840064 -0.526311 -0.607725 -0.956418 0.247139 0.155519 -0.22614 0.260718 0.482924 0.835949 0.412185 0.31622 -0.384863 0.867113 0.400795 -0.930002 -0.306262 0.203222 -0.504304 0.187351 -0.87068 -0.45477 0.485867 
1534793627112 0.131081 0.840125 -0.526315 -0.607461 -0.956526 0.246697 0.155561 -0.226245 0.260531 0.483042 0.835939 0.412194 0.31622 -0.384863 0.867113 0.400795 -0.930002 -0.306262 0.203222 -0.504304 0.187351 -0.87068 -0.45477 0.485867 
1534793627211 0.130672 0.840187 -0.526319 -0.607198 -0.956633 0.246256 0.155602 -0.226349 0.260344 0.483161 0.835929 0.412203 0.31622 -0.384863 0.867113 0.400795 -0.930002 -0.306262 0.203222 -0.504304 0.187351 -0.87068 -0.45477 0.485867 
1534793627268 0.130261 0.840248 -0.526322 -0.606932 -0.95674 0.245814 0.155644 -0.226453 0.260157 0.483279 0.835919 0.412213 0.31622 -0.384863 0.867113 0.400795 -0.930002 -0.306262 0.203222 -0.504304 0.187351 -0.87068 -0.45477 0.485867 
1534793627350 0.129851 0.840309 -0.526326 -0.606668 -0.956846 0.245372 0.155685 -0.226557 0.259969 0.483397 0.835908 0.412222 0.31622 -0.384863 0.867113 0.400795 -0.930002 -0.306262 0.203222 -0.504304 0.187351 -0.87068 -0.45477 0.485867 
1534793627417 0.130517 0.840069 -0.526544 -0.607013 -0.956717 0.246049 0.15541 -0.226523 0.260111 0.48347 0.835822 0.412111 0.31622 -0.384863 0.867113 0.400795 -0.930002 -0.306262 0.203222 -0.504304 0.187351 -0.87068 -0.45477 0.485867 
1534793627430 0.13001 0.840211 -0.526443 -0.606745 -0.95671 0.245742 0.155939 -0.226582 0.26039 0.48338 0.835788 0.412199 0.31622 -0.384863 0.867113 0.400795 -0.930002 -0.306262 0.203222 -0.504304 0.187351 -0.87068 -0.45477 0.485867 
1534793627446 0.129504 0.840353 -0.526341 -0.606474 -0.956703 0.245434 0.156466 -0.226639 0.260669 0.483289 0.835753 0.412288 0.31622 -0.384863 0.867113 0.400795 -0.930002 -0.306262 0.203222 -0.504304 0.187351 -0.87068 -0.45477 0.485867 
1534793627463 0.128998 0.840494 -0.52624 -0.606203 -0.956695 0.245128 0.156994 -0.226696 0.260948 0.483199 0.835718 0.412377 0.31622 -0.384863 0.867113 0.400795 -0.930002 -0.306262 0.203222 -0.504304 0.187351 -0.87068 -0.45477 0.485867 
1534793627569 0.128492 0.840636 -0.526138 -0.605931 -0.956687 0.24482 0.157522 -0.226753 0.261227 0.483109 0.835683 0.412466 0.31622 -0.384863 0.867113 0.400795 -0.930002 -0.306262 0.203222 -0.504304 0.187351 -0.87068 -0.45477 0.485867 
1534793627629 0.127986 0.840777 -0.526036 -0.605658 -0.956679 0.244513 0.158049 -0.226809 0.261506 0.483019 0.835648 0.412555 0.31622 -0.384863 0.867113 0.400795 -0.930002 -0.306262 0.203222 -0.504304 0.187351 -0.87068 -0.45477 0.485867 
1534793627706 0.127479 0.840918 -0.525933 -0.605387 -0.95667 0.244205 0.158576 -0.226867 0.261785 0.482929 0.835612 0.412643 0.31622 -0.384863 0.867113 0.400795 -0.930002 -0.306262 0.203222 -0.504304 0.187351 -0.87068 -0.45477 0.485867 
1534793627768 0.126974 0.841059 -0.525831 -0.605116 -0.956661 0.243898 0.159103 -0.226924 0.262064 0.48284 0.835576 0.412732 0.31622 -0.384863 0.867113 0.400795 -0.930002 -0.306262 0.203222 -0.504304 0.187351 -0.87068 -0.45477 0.485867 
1534793627830 0.126467 0.841199 -0.525728 -0.604844 -0.956652 0.24359 0.159631 -0.226981 0.262343 0.48275 0.835541 0.412821 0.31622 -0.384863 0.867113 0.400795 -0.930002 -0.306262 0.203222 -0.504304 0.187351 -0.87068 -0.45477 0.485867 
1534793627896 0.125961 0.84134 -0.525624 -0.604572 -0.956642 0.243282 0.160158 -0.227038 0.262622 0.48266 0.835505 0.41291 0.31622 -0.384863 0.867113 0.400795 -0.930002 -0.306262 0.203222 -0.504304 0.187351 -0.87068 -0.45477 0.485867 
1534793627980 0.126827 0.841128 -0.525755 -0.604906 -0.956652 0.243811 0.159289 -0.227093 0.262167 0.482762 0.835589 0.41279 0.31622 -0.384863 0.867113 0.400795 -0.930002 -0.306262 0.203222 -0.504304 0.187351 -0.87068 -0.45477 0.485867 
1534793627996 0.12632 0.841077 -0.525958 -0.60467 -0.95666 0.24353 0.159674 -0.227125 0.262385 0.482993 0.835387 0.412889 0.31622 -0.384863 0.867113 0.400795 -0.930002 -0.306262 0.203222 -0.504304 0.187351 -0.87068 -0.45477 0.485867 
1534793628002 0.125815 0.841025 -0.526163 -0.604432 -0.956667 0.24325 0.160058 -0.227157 0.262602 0.483225 0.835185 0.412988 0.31622 -0.384863 0.867113 0.400795 -0.930002 -0.306262 0.203222 -0.504304 0.187351 -0.87068 -0.45477 0.485867 
1534793628017 0.125308 0.840973 -0.526367 -0.604193 -0.956673 0.24297 0.160443 -0.227187 0.26282 0.483457 0.834982 0.413088 0.31622 -0.384863 0.867113 0.400795 -0.930002 -0.306262 0.203222 -0.504304 0.187351 -0.87068 -0.45477 0.485867 
1534793628174 0.124801 0.840921 -0.526571 -0.603953 -0.95668 0.242689 0.160828 -0.227217 0.263037 0.483688 0.83478 0.413187 0.31622 -0.384863 0.867113 0.400795 -0.930002 -0.306262 0.203222 -0.504304 0.187351 -0.87068 -0.45477 0.485867 
1534793628219 0.124295 0.840868 -0.526775 -0.603712 -0.956686 0.24241 0.161213 -0.227248 0.263254 0.48392 0.834577 0.413287 0.31622 -0.384863 0.867113 0.400795 -0.930002 -0.306262 0.203222 -0.504304 0.187351 -0.87068 -0.45477 0.485867 
1534793628328 0.123788 0.840815 -0.526978 -0.603474 -0.956692 0.242129 0.161598 -0.227278 0.263471 0.484152 0.834374 0.413386 0.31622 -0.384863 0.867113 0.400795 -0.930002 -0.306262 0.203222 -0.504304 0.187351 -0.87068 -0.45477 0.485867 
1534793628373 0.123282 0.840762 -0.527182 -0.603235 -0.956697 0.24185 0.161983 -0.22731 0.263688 0.484384 0.834171 0.413486 0.31622 -0.384863 0.867113 0.400795 -0.930002 -0.306262 0.203222 -0.504304 0.187351 -0.87068 -0.45477 0.485867 
1534793628476 0.122775 0.840709 -0.527384 -0.602994 -0.956703 0.24157 0.162368 -0.227339 0.263905 0.484615 0.833968 0.413586 0.31622 -0.384863 0.867113 0.400795 -0.930002 -0.306262 0.203222 -0.504304 0.187351 -0.87068 -0.45477 0.485867 
1534793628526 0.122268 0.840656 -0.527587 -0.602755 -0.956708 0.24129 0.162754 -0.22737 0.264121 0.484847 0.833764 0.413685 0.31622 -0.384863 0.867113 0.400795 -0.930002 -0.306262 0.203222 -0.504304 0.187351 -0.87068 -0.45477 0.485867 
1534793628636 0.123021 0.840695 -0.52735 -0.603056 -0.95669 0.241736 0.162195 -0.227354 0.263836 0.484557 0.834023 0.413569 0.31622 -0.384863 0.867113 0.400795 -0.930002 -0.306262 0.203222 -0.504304 0.187351 -0.87068 -0.45477 0.485867 
1534793628647 0.122922 0.84073 -0.527317 -0.602906 -0.956775 0.241515 0.162027 -0.227345 0.263575 0.484607 0.834077 0.413579 0.31622 -0.384863 0.867113 0.400795 -0.930002 -0.306262 0.203222 -0.504304 0.187351 -0.87068 -0.45477 0.485867 
1534793628663 0.122825 0.840765 -0.527284 -0.60275 -0.956859 0.241293 0.161856 -0.227334 0.263313 0.484657 0.83413 0.413589 0.31622 -0.384863 0.867113 0.400795 -0.930002 -0.306262 0.203222 -0.504304 0.187351 -0.87068 -0.45477 0.485867 
1534793628680 0.122728 0.840799 -0.527252 -0.602595 -0.956944 0.241072 0.161686 -0.227323 0.263051 0.484707 0.834184 0.4136 0.31622 -0.384863 0.867113 0.400795 -0.930002 -0.306262 0.203222 -0.504304 0.187351 -0.87068 -0.45477 0.485867 
1534793628697 0.122631 0.840834 -0.52722 -0.60244 -0.957029 0.240851 0.161515 -0.227312 0.262789 0.484757 0.834238 0.41361 0.31622 -0.384863 0.867113 0.400795 -0.930002 -0.306262 0.203222 -0.504304 0.187351 -0.87068 -0.45477 0.485867 
1534793628832 0.122534 0.840868 -0.527187 -0.602286 -0.957113 0.240629 0.161345 -0.227301 0.262527 0.484807 0.834291 0.41362 0.31622 -0.384863 0.867113 0.400795 -0.930002 -0.306262 0.203222 -0.504304 0.187351 -0.87068 -0.45477 0.485867 
1534793628860 0.122437 0.840903 -0.527155 -0.60213 -0.957197 0.240408 0.161175 -0.22729 0.262265 0.484857 0.834344 0.413631 0.31622 -0.384863 0.867113 0.400795 -0.930002 -0.306262 0.203222 -0.504304 0.187351 -0.87068 -0.45477 0.485867 
1534793628904 0.122339 0.840937 -0.527122 -0.601976 -0.957282 0.240187 0.161005 -0.227279 0.262002 0.484907 0.834398 0.413641 0.31622 -0.384863 0.867113 0.400795 -0.930002 -0.306262 0.203222 -0.504304 0.187351 -0.87068 -0.45477 0.485867 
1534793628988 0.122242 0.840971 -0.52709 -0.601821 -0.957366 0.239966 0.160834 -0.227269 0.26174 0.484957 0.834451 0.413652 0.31622 -0.384863 0.867113 0.400795 -0.930002 -0.306262 0.203222 -0.504304 0.187351 -0.87068 -0.45477 0.485867 
1534793629018 0.122145 0.841006 -0.527057 -0.601665 -0.95745 0.239744 0.160664 -0.227257 0.261478 0.485007 0.834504 0.413662 0.31622 -0.384863 0.867113 0.400795 -0.930002 -0.306262 0.203222 -0.504304 0.187351 -0.87068 -0.45477 0.485867 
1534793629077 0.122336 0.840966 -0.527077 -0.601972 -0.957295 0.24015 0.160976 -0.227229 0.261953 0.484876 0.834432 0.413637 0.31622 -0.384863 0.867113 0.400795 -0.930002 -0.306262 0.203222 -0.504304 0.187351 -0.87068 -0.45477 0.485867 
1534793629089 0.122239 0.841128 -0.526841 -0.601863 -0.957273 0.240088 0.161203 -0.227241 0.262081 0.484625 0.834537 0.413606 0.31622 -0.384863 0.867113 0.400795 -0.930002 -0.306262 0.203222 -0.504304 0.187351 -0.87068 -0.45477 0.485867 
1534793629106 0.122144 0.84129 -0.526605 -0.601749 -0.95725 0.240026 0.16143 -0.22725 0.262208 0.484375 0.834642 0.413576 0.31622 -0.384863 0.867113 0.400795 -0.930002 -0.306262 0.203222 -0.504304 0.187351 -0.87068 -0.45477 0.485867 
1534793629122 0.122048 0.841452 -0.526368 -0.601636 -0.957227 0.239964 0.161657 -0.22726 0.262336 0.484124 0.834748 0.413545 0.31622 -0.384863 0.867113 0.400795 -0.930002 -0.306262 0.203222 -0.504304 0.187351 -0.87068 -0.45477 0.485867 
1534793629221 0.121953 0.841613 -0.526132 -0.601524 -0.957205 0.239903 0.161883 -0.22727 0.262463 0.483874 0.834853 0.413514 0.31622 -0.384863 0.867113 0.400795 -0.930002 -0.306262 0.203222 -0.504304 0.187351 -0.87068 -0.45477 0.485867 
1534793629227 0.121857 0.841775 -0.525895 -0.601409 -0.957182 0.239841 0.162109 -0.227279 0.26259 0.483623 0.834958 0.413484 0.31622 -0.384863 0.867113 0.400795 -0.930002 -0.306262 0.203222 -0.504304 0.187351 -0.87068 -0.45477 0.485867 
1534793629271 0.121762 0.841937 -0.525658 -0.601297 -0.957159 0.239779 0.162335 -0.22729 0.262718 0.483372 0.835063 0.413453 0.31622 -0.384863 0.867113 0.400795 -0.930002 -0.306262 0.203222 -0.504304 0.187351 -0.87068 -0.45477 0.485867 
1534793629341 0.121667 0.842098 -0.525422 -0.601183 -0.957136 0.239717 0.162562 -0.227299 0.262845 0.483122 0.835168 0.413423 0.31622 -0.384863 0.867113 0.400795 -0.930002 -0.306262 0.203222 -0.504304 0.187351 -0.87068 -0.45477 0.485867 
1534793629373 0.121571 0.84226 -0.525185 -0.60107 -0.957113 0.239655 0.162788 -0.227309 0.262973 0.482871 0.835273 0.413393 0.31622 -0.384863 0.867113 0.400795 -0.930002 -0.306262 0.203222 -0.504304 0.187351 -0.87068 -0.45477 0.485867 
1534793629401 0.121477 0.842421 -0.524948 -0.600957 -0.95709 0.239593 0.163014 -0.227319 0.2631 0.48262 0.835378 0.413362 0.31622 -0.384863 0.867113 0.400795 -0.930002 -0.306262 0.203222 -0.504304 0.187351 -0.87068 -0.45477 0.485867 
1534793629458 0.121662 0.841963 -0.52564 -0.601273 -0.957132 0.239763 0.162516 -0.227241 0.262861 0.483335 0.83504 0.413407 0.31622 -0.384863 0.867113 0.400795 -0.930002 -0.306262 0.203222 -0.504304 0.187351 -0.87068 -0.45477 0.485867 
1534793629473 0.121527 0.842057 -0.525519 -0.601178 -0.957133 0.239656 0.162671 -0.227248 0.262922 0.483223 0.835085 0.413369 0.31622 -0.384863 0.867113 0.400795 -0.930002 -0.306262 0.203222 -0.504304 0.187351 -0.87068 -0.45477 0.485867 
1534793629489 0.121393 0.842151 -0.5254 -0.601078 -0.957133 0.239551 0.162826 -0.227253 0.262984 0.483111 0.83513 0.413331 0.31622 -0.384863 0.867113 0.400795 -0.930002 -0.306262 0.203222 -0.504304 0.187351 -0.87068 -0.45477 0.485867 
1534793629506 0.121258 0.842246 -0.52528 -0.600978 -0.957133 0.239444 0.162982 -0.227259 0.263046 0.483 0.835175 0.413293 0.31622 -0.384863 0.867113 0.400795 -0.930002 -0.306262 0.203222 -0.504304 0.187351 -0.87068 -0.45477 0.485867 
1534793629523 0.121123 0.84234 -0.52516 -0.60088 -0.957133 0.239338 0.163137 -0.227265 0.263108 0.482889 0.83522 0.413255 0.31622 -0.384863 0.867113 0.400795 -0.930002 -0.306262 0.203222 -0.504304 0.187351 -0.87068 -0.45477 0.485867 
1534793629529 0.120989 0.842433 -0.525041 -0.60078 -0.957133 0.239232 0.163292 -0.22727 0.263169 0.482777 0.835265 0.413217 0.31622 -0.384863 0.867113 0.400795 -0.930002 -0.306262 0.203222 -0.504304 0.187351 -0.87068 -0.45477 0.485867 
1534793629543 0.120854 0.842527 -0.524921 -0.600681 -0.957133 0.239126 0.163447 -0.227275 0.263231 0.482666 0.83531 0.413179 0.31622 -0.384863 0.867113 0.400795 -0.930002 -0.306262 0.203222 -0.504304 0.187351 -0.87068 -0.45477 0.485867 
1534793629550 0.12072 0.842621 -0.524801 -0.600581 -0.957133 0.239021 0.163602 -0.22728 0.263293 0.482555 0.835355 0.413141 0.31622 -0.384863 0.867113 0.400795 -0.930002 -0.306262 0.203222 -0.504304 0.187351 -0.87068 -0.45477 0.485867 
1534793629577 0.120586 0.842715 -0.524682 -0.600482 -0.957133 0.238914 0.163757 -0.227286 0.263355 0.482443 0.8354 0.413103 0.31622 -0.384863 0.867113 0.400795 -0.930002 -0.306262 0.203222 -0.504304 0.187351 -0.87068 -0.45477 0.485867 
1534793629704 0.120451 0.842809 -0.524562 -0.600383 -0.957133 0.238808 0.163912 -0.227292 0.263416 0.482332 0.835445 0.413065 0.31622 -0.384863 0.867113 0.400795 -0.930002 -0.306262 0.203222 -0.504304 0.187351 -0.87068 -0.45477 0.485867 
1534793629729 0.120611 0.842486 -0.525043 -0.600715 -0.957161 0.238949 0.163544 -0.227141 0.263242 0.482825 0.835215 0.413116 0.31622 -0.384863 0.867113 0.400795 -0.930002 -0.306262 0.203222 -0.504304 0.187351 -0.87068 -0.45477 0.485867 
1534793629741 0.120479 0.84254 -0.524987 -0.600626 -0.957189 0.238805 0.163588 -0.227159 0.263199 0.482803 0.835241 0.413109 0.31622 -0.384863 0.867113 0.400795 -0.930002 -0.306262 0.203222 -0.504304 0.187351 -0.87068 -0.45477 0.485867 
1534793629757 0.120348 0.842593 -0.524931 -0.600533 -0.957217 0.238662 0.163632 -0.227175 0.263156 0.48278 0.835268 0.413103 0.31622 -0.384863 0.867113 0.400795 -0.930002 -0.306262 0.203222 -0.504304 0.187351 -0.87068 -0.45477 0.485867 
1534793629774 0.120217 0.842647 -0.524875 -0.60044 -0.957246 0.238518 0.163675 -0.227191 0.263113 0.482758 0.835294 0.413097 0.31622 -0.384863 0.867113 0.400795 -0.930002 -0.306262 0.203222 -0.504304 0.187351 -0.87068 -0.45477 0.485867 
1534793629791 0.120087 0.8427 -0.52482 -0.600349 -0.957274 0.238375 0.163719 -0.227208 0.26307 0.482736 0.83532 0.41309 0.31622 -0.384863 0.867113 0.400795 -0.930002 -0.306262 0.203222 -0.504304 0.187351 -0.87068 -0.45477 0.485867 
1534793629808 0.119955 0.842753 -0.524764 -0.600255 -0.957302 0.238231 0.163763 -0.227224 0.263027 0.482714 0.835347 0.413084 0.31622 -0.384863 0.867113 0.400795 -0.930002 -0.306262 0.203222 -0.504304 0.187351 -0.87068 -0.45477 0.485867 
1534793629814 0.119825 0.842807 -0.524709 -0.600163 -0.95733 0.238088 0.163806 -0.227241 0.262984 0.482691 0.835373 0.413078 0.31622 -0.384863 0.867113 0.400795 -0.930002 -0.306262 0.203222 -0.504304 0.187351 -0.87068 -0.45477 0.485867 
1534793629865 0.119694 0.84286 -0.524653 -0.600069 -0.957359 0.237945 0.16385 -0.227257 0.262941 0.482669 0.8354 0.413071 0.31622 -0.384863 0.867113 0.400795 -0.930002 -0.306262 0.203222 -0.504304 0.187351 -0.87068 -0.45477 0.485867 
1534793629898 0.119562 0.842913 -0.524597 -0.599977 -0.957387 0.237801 0.163894 -0.227273 0.262898 0.482647 0.835426 0.413065 0.31622 -0.384863 0.867113 0.400795 -0.930002 -0.306262 0.203222 -0.504304 0.187351 -0.87068 -0.45477 0.485867 
1534793629903 0.119432 0.842966 -0.524542 -0.599884 -0.957415 0.237658 0.163937 -0.22729 0.262855 0.482624 0.835452 0.413059 0.31622 -0.384863 0.867113 0.400795 -0.930002 -0.306262 0.203222 -0.504304 0.187351 -0.87068 -0.45477 0.485867 
1534793629939 0.119797 0.842683 -0.524913 -0.600315 -0.957329 0.238114 0.163778 -0.227134 0.263002 0.482894 0.83525 0.412983 0.31622 -0.384863 0.867113 0.400795 -0.930002 -0.306262 0.203222 -0.504304 0.187351 -0.87068 -0.45477 0.485867 
1534793629952 0.119693 0.84278 -0.524782 -0.600228 -0.957364 0.23796 0.163798 -0.227156 0.262922 0.482801 0.835329 0.413002 0.31622 -0.384863 0.867113 0.400795 -0.930002 -0.306262 0.203222 -0.504304 0.187351 -0.87068 -0.45477 0.485867 
1534793629967 0.11959 0.842877 -0.52465 -0.600137 -0.957398 0.237807 0.163817 -0.227175 0.262843 0.482708 0.835408 0.413022 0.31622 -0.384863 0.867113 0.400795 -0.930002 -0.306262 0.203222 -0.504304 0.187351 -0.87068 -0.45477 0.485867 
1534793629984 0.119486 0.842974 -0.524518 -0.600046 -0.957433 0.237653 0.163837 -0.227195 0.262764 0.482614 0.835487 0.413042 0.31622 -0.384863 0.867113 0.400795 -0.930002 -0.306262 0.203222 -0.504304 0.187351 -0.87068 -0.45477 0.485867 
1534793630003 0.119382 0.84307 -0.524385 -0.599956 -0.957468 0.2375 0.163857 -0.227216 0.262684 0.482521 0.835566 0.413062 0.31622 -0.384863 0.867113 0.400795 -0.930002 -0.306262 0.203222 -0.504304 0.187351 -0.87068 -0.45477 0.485867 
1534793630017 0.119279 0.843167 -0.524254 -0.599864 -0.957503 0.237347 0.163876 -0.227235 0.262605 0.482427 0.835645 0.413082 0.31622 -0.384863 0.867113 0.400795 -0.930002 -0.306262 0.203222 -0.504304 0.187351 -0.87068 -0.45477 0.485867 
1534793630034 0.119176 0.843264 -0.524122 -0.599774 -0.957537 0.237193 0.163896 -0.227255 0.262525 0.482334 0.835724 0.413101 0.31622 -0.384863 0.867113 0.400795 -0.930002 -0.306262 0.203222 -0.504304 0.187351 -0.87068 -0.45477 0.485867 
1534793630051 0.119073 0.84336 -0.52399 -0.599682 -0.957572 0.23704 0.163915 -0.227275 0.262446 0.48224 0.835803 0.413121 0.31622 -0.384863 0.867113 0.400795 -0.930002 -0.306262 0.203222 -0.504304 0.187351 -0.87068 -0.45477 0.485867 
1534793630067 0.118969 0.843457 -0.523858 -0.599592 -0.957606 0.236887 0.163934 -0.227295 0.262367 0.482146 0.835882 0.413141 0.31622 -0.384863 0.867113 0.400795 -0.930002 -0.306262 0.203222 -0.504304 0.187351 -0.87068 -0.45477 0.485867 
1534793630084 0.118865 0.843553 -0.523726 -0.599501 -0.957641 0.236733 0.163954 -0.227315 0.262287 0.482053 0.835961 0.413161 0.31622 -0.384863 0.867113 0.400795 -0.930002 -0.306262 0.203222 -0.504304 0.187351 -0.87068 -0.45477 0.485867 
1534793630171 0.119425 0.843131 -0.524279 -0.599907 -0.957446 0.237546 0.163918 -0.227262 0.262744 0.482393 0.835621 0.413068 0.31622 -0.384863 0.867113 0.400795 -0.930002 -0.306262 0.203222 -0.504304 0.187351 -0.87068 -0.45477 0.485867 
1534793630184 0.119279 0.843276 -0.524079 -0.599824 -0.957487 0.23734 0.163975 -0.227297 0.262661 0.48224 0.835735 0.413048 0.31622 -0.384863 0.867113 0.400795 -0.930002 -0.306262 0.203222 -0.504304 0.187351 -0.87068 -0.45477 0.485867 
1534793630202 0.119132 0.84342 -0.52388 -0.599738 -0.957528 0.237135 0.164032 -0.227333 0.262578 0.482088 0.835849 0.413029 0.31622 -0.384863 0.867113 0.400795 -0.930002 -0.306262 0.203222 -0.504304 0.187351 -0.87068 -0.45477 0.485867 
1534793630219 0.118984 0.843565 -0.523679 -0.59965 -0.957569 0.23693 0.164089 -0.227367 0.262495 0.481935 0.835963 0.413009 0.31622 -0.384863 0.867113 0.400795 -0.930002 -0.306262 0.203222 -0.504304 0.187351 -0.87068 -0.45477 0.485867 
1534793630234 0.118838 0.84371 -0.52348 -0.599563 -0.95761 0.236726 0.164146 -0.227402 0.262413 0.481783 0.836077 0.412989 0.31622 -0.384863 0.867113 0.400795 -0.930002 -0.306262 0.203222 -0.504304 0.187351 -0.87068 -0.45477 0.485867 
1534793630253 0.118691 0.843855 -0.52328 -0.599477 -0.957651 0.23652 0.164203 -0.227437 0.26233 0.48163 0.836191 0.41297 0.31622 -0.384863 0.867113 0.400795 -0.930002 -0.306262 0.203222 -0.504304 0.187351 -0.87068 -0.45477 0.485867 
1534793630258 0.118545 0.843999 -0.52308 -0.599389 -0.957692 0.236316 0.16426 -0.227471 0.262247 0.481478 0.836305 0.41295 0.31622 -0.384863 0.867113 0.400795 -0.930002 -0.306262 0.203222 -0.504304 0.187351 -0.87068 -0.45477 0.485867 
1534793630271 0.118398 0.844143 -0.52288 -0.599303 -0.957733 0.236111 0.164317 -0.227506 0.262165 0.481325 0.836419 0.41293 0.31622 -0.384863 0.867113 0.400795 -0.930002 -0.306262 0.203222 -0.504304 0.187351 -0.87068 -0.45477 0.485867 
1534793630392 0.118251 0.844288 -0.52268 -0.599216 -0.957773 0.235906 0.164374 -0.227541 0.262082 0.481172 0.836532 0.412911 0.31622 -0.384863 0.867113 0.400795 -0.930002 -0.306262 0.203222 -0.504304 0.187351 -0.87068 -0.45477 0.485867 
1534793630409 0.118105 0.844432 -0.522481 -0.599128 -0.957814 0.235702 0.16443 -0.227575 0.261999 0.48102 0.836646 0.412891 0.31622 -0.384863 0.867113 0.400795 -0.930002 -0.306262 0.203222 -0.504304 0.187351 -0.87068 -0.45477 0.485867 
1534793630434 0.118426 0.844094 -0.522953 -0.599448 -0.957685 0.23623 0.164425 -0.227374 0.262328 0.481352 0.836352 0.413035 0.31622 -0.384863 0.867113 0.400795 -0.930002 -0.306262 0.203222 -0.504304 0.187351 -0.87068 -0.45477 0.485867 
1534793630445 0.118228 0.844065 -0.523045 -0.599335 -0.957728 0.236047 0.164439 -0.22742 0.26226 0.481493 0.836292 0.413071 0.31622 -0.384863 0.867113 0.400795 -0.930002 -0.306262 0.203222 -0.504304 0.187351 -0.87068 -0.45477 0.485867 
1534793630464 0.118031 0.844036 -0.523137 -0.599219 -0.95777 0.235864 0.164451 -0.227466 0.262191 0.481635 0.836232 0.413108 0.31622 -0.384863 0.867113 0.400795 -0.930002 -0.306262 0.203222 -0.504304 0.187351 -0.87068 -0.45477 0.485867 
1534793630480 0.117835 0.844006 -0.52323 -0.599102 -0.957813 0.23568 0.164463 -0.227511 0.262123 0.481777 0.836171 0.413146 0.31622 -0.384863 0.867113 0.400795 -0.930002 -0.306262 0.203222 -0.504304 0.187351 -0.87068 -0.45477 0.485867 
1534793630495 0.117637 0.843976 -0.523321 -0.598985 -0.957856 0.235497 0.164476 -0.227555 0.262055 0.481918 0.836111 0.413183 0.31622 -0.384863 0.867113 0.400795 -0.930002 -0.306262 0.203222 -0.504304 0.187351 -0.87068 -0.45477 0.485867 
1534793630575 0.117441 0.843946 -0.523414 -0.598867 -0.957899 0.235314 0.164489 -0.2276 0.261986 0.48206 0.836051 0.41322 0.31622 -0.384863 0.867113 0.400795 -0.930002 -0.306262 0.203222 -0.504304 0.187351 -0.87068 -0.45477 0.485867 
1534793630623 0.117244 0.843917 -0.523506 -0.598751 -0.957942 0.23513 0.164502 -0.227645 0.261918 0.482201 0.835991 0.413257 0.31622 -0.384863 0.867113 0.400795 -0.930002 -0.306262 0.203222 -0.504304 0.187351 -0.87068 -0.45477 0.485867 
1534793630639 0.117048 0.843887 -0.523598 -0.598635 -0.957985 0.234948 0.164514 -0.227691 0.261849 0.482343 0.835931 0.413294 0.31622 -0.384863 0.867113 0.400795 -0.930002 -0.306262 0.203222 -0.504304 0.187351 -0.87068 -0.45477 0.485867 
1534793630669 0.116851 0.843857 -0.52369 -0.598517 -0.958028 0.234764 0.164527 -0.227735 0.261781 0.482485 0.83587 0.413331 0.31622 -0.384863 0.867113 0.400795 -0.930002 -0.306262 0.203222 -0.504304 0.187351 -0.87068 -0.45477 0.485867 
1534793630727 0.116654 0.843827 -0.523782 -0.598401 -0.95807 0.234581 0.164539 -0.22778 0.261712 0.482626 0.83581 0.413368 0.31622 -0.384863 0.867113 0.400795 -0.930002 -0.306262 0.203222 -0.504304 0.187351 -0.87068 -0.45477 0.485867 
1534793630777 0.117279 0.843891 -0.52354 -0.598718 -0.957911 0.235217 0.164561 -0.227671 0.262017 0.482205 0.835958 0.41332 0.31622 -0.384863 0.867113 0.400795 -0.930002 -0.306262 0.203222 -0.504304 0.187351 -0.87068 -0.45477 0.485867 
1534793630787 0.116999 0.84392 -0.523556 -0.598553 -0.957947 0.234979 0.164691 -0.227732 0.262011 0.48227 0.835923 0.413323 0.31622 -0.384863 0.867113 0.400795 -0.930002 -0.306262 0.203222 -0.504304 0.187351 -0.87068 -0.45477 0.485867 
1534793630804 0.11672 0.843949 -0.523571 -0.598383 -0.957982 0.234742 0.16482 -0.227791 0.262004 0.482334 0.835887 0.413327 0.31622 -0.384863 0.867113 0.400795 -0.930002 -0.306262 0.203222 -0.504304 0.187351 -0.87068 -0.45477 0.485867 
1534793630821 0.116441 0.843978 -0.523587 -0.598213 -0.958018 0.234506 0.164949 -0.227849 0.261997 0.482399 0.835852 0.413331 0.31622 -0.384863 0.867113 0.400795 -0.930002 -0.306262 0.203222 -0.504304 0.187351 -0.87068 -0.45477 0.485867 
1534793630837 0.116162 0.844006 -0.523603 -0.598043 -0.958054 0.234269 0.165078 -0.227908 0.26199 0.482464 0.835817 0.413334 0.31622 -0.384863 0.867113 0.400795 -0.930002 -0.306262 0.203222 -0.504304 0.187351 -0.87068 -0.45477 0.485867 
1534793630854 0.115882 0.844035 -0.523618 -0.597874 -0.95809 0.234032 0.165207 -0.227967 0.261984 0.482529 0.835781 0.413338 0.31622 -0.384863 0.867113 0.400795 -0.930002 -0.306262 0.203222 -0.504304 0.187351 -0.87068 -0.45477 0.485867 
1534793630964 0.115604 0.844064 -0.523634 -0.597704 -0.958125 0.233795 0.165336 -0.228026 0.261977 0.482594 0.835746 0.413342 0.31622 -0.384863 0.867113 0.400795 -0.930002 -0.306262 0.203222 -0.504304 0.187351 -0.87068 -0.45477 0.485867 
1534793630971 0.115324 0.844092 -0.523649 -0.597535 -0.958161 0.233558 0.165465 -0.228085 0.26197 0.482658 0.835711 0.413345 0.31622 -0.384863 0.867113 0.400795 -0.930002 -0.306262 0.203222 -0.504304 0.187351 -0.87068 -0.45477 0.485867 
1534793631024 0.115046 0.84412 -0.523665 -0.597366 -0.958196 0.233322 0.165593 -0.228144 0.261963 0.482723 0.835675 0.413349 0.31622 -0.384863 0.867113 0.400795 -0.930002 -0.306262 0.203222 -0.504304 0.187351 -0.87068 -0.45477 0.485867 
1534793631104 0.114766 0.844149 -0.52368 -0.597195 -0.958231 0.233085 0.165723 -0.228203 0.261957 0.482788 0.83564 0.413353 0.31622 -0.384863 0.867113 0.400795 -0.930002 -0.306262 0.203222 -0.504304 0.187351 -0.87068 -0.45477 0.485867 
1534793631147 0.115356 0.84415 -0.523549 -0.597584 -0.958157 0.233566 0.165477 -0.228025 0.261971 0.482553 0.835772 0.413395 0.31622 -0.384863 0.867113 0.400795 -0.930002 -0.306262 0.203222 -0.504304 0.187351 -0.87068 -0.45477 0.485867 
1534793631158 0.115137 0.844349 -0.523277 -0.597426 -0.95816 0.23337 0.165735 -0.228067 0.262056 0.4823 0.835891 0.413374 0.31622 -0.384863 0.867113 0.400795 -0.930002 -0.306262 0.203222 -0.504304 0.187351 -0.87068 -0.45477 0.485867 
1534793631175 0.114918 0.844548 -0.523004 -0.597265 -0.958163 0.233172 0.165994 -0.228108 0.26214 0.482048 0.83601 0.413354 0.31622 -0.384863 0.867113 0.400795 -0.930002 -0.306262 0.203222 -0.504304 0.187351 -0.87068 -0.45477 0.485867 
1534793631191 0.114698 0.844746 -0.522732 -0.597103 -0.958166 0.232975 0.166252 -0.228149 0.262224 0.481795 0.836129 0.413333 0.31622 -0.384863 0.867113 0.400795 -0.930002 -0.306262 0.203222 -0.504304 0.187351 -0.87068 -0.45477 0.485867 
1534793631228 0.114479 0.844944 -0.522459 -0.596941 -0.95817 0.232779 0.166509 -0.228189 0.262308 0.481542 0.836248 0.413313 0.31622 -0.384863 0.867113 0.400795 -0.930002 -0.306262 0.203222 -0.504304 0.187351 -0.87068 -0.45477 0.485867 
1534793631309 0.114261 0.845142 -0.522187 -0.59678 -0.958173 0.232582 0.166766 -0.22823 0.262392 0.48129 0.836367 0.413292 0.31622 -0.384863 0.867113 0.400795 -0.930002 -0.306262 0.203222 -0.504304 0.187351 -0.87068 -0.45477 0.485867 
1534793631340 0.114041 0.845341 -0.521913 -0.596618 -0.958176 0.232384 0.167024 -0.22827 0.262477 0.481037 0.836486 0.413272 0.31622 -0.384863 0.867113 0.400795 -0.930002 -0.306262 0.203222 -0.504304 0.187351 -0.87068 -0.45477 0.485867 
1534793631370 0.113822 0.845539 -0.52164 -0.596457 -0.958179 0.232187 0.167282 -0.228311 0.262561 0.480784 0.836605 0.413251 0.31622 -0.384863 0.867113 0.400795 -0.930002 -0.306262 0.203222 -0.504304 0.187351 -0.87068 -0.45477 0.485867 
