1533678148651 0.275657 0.633204 -0.723233 -0.604483 -0.8825 0.464965 0.0707247 -0.181741 0.381061 0.618757 0.686973 0.426588 0.16008 -0.304787 0.938871 0.370831 -0.775623 0.549475 0.310623 -0.528794 -0.61056 -0.777934 -0.14844 0.432481 
1533678148661 -0.137022 0.861476 -0.488961 -0.598997 -0.982607 -0.0557513 0.177131 -0.253356 0.125334 0.504728 0.854132 0.405246 0.316221 -0.384863 0.867113 0.400797 -0.930002 -0.306262 0.203223 -0.504308 0.187351 -0.87068 -0.45477 0.485869 
1533678148681 -0.0863301 0.874937 -0.476479 -0.600726 -0.987544 -0.0120028 0.156886 -0.251586 0.131547 0.484088 0.865075 0.403231 0.316221 -0.384863 0.867113 0.400797 -0.930002 -0.306262 0.203223 -0.504308 0.187351 -0.87068 -0.45477 0.485869 
1533678148691 -0.0353248 0.885772 -0.462775 -0.602455 -0.990002 0.0322583 0.137313 -0.249817 0.136557 0.462999 0.875777 0.401216 0.316221 -0.384863 0.867113 0.400797 -0.930002 -0.306262 0.203223 -0.504308 0.187351 -0.87068 -0.45477 0.485869 
1533678148701 0.0158434 0.893931 -0.447925 -0.604278 -0.989976 0.0769036 0.118462 -0.248072 0.140344 0.441558 0.886189 0.399263 0.31622 -0.384863 0.867113 0.400795 -0.930002 -0.306262 0.203222 -0.504304 0.187351 -0.87068 -0.45477 0.485867 
1533678148711 0.0670145 0.899345 -0.432074 -0.606464 -0.987467 0.121802 0.100369 -0.246431 0.142894 0.419933 0.896235 0.39755 0.31622 -0.384863 0.867113 0.400795 -0.930002 -0.306262 0.203222 -0.504304 0.187351 -0.87068 -0.45477 0.485867 
1533678148721 0.118039 0.902066 -0.415144 -0.608677 -0.982479 0.166814 0.0831188 -0.244812 0.14423 0.398059 0.905951 0.395847 0.31622 -0.384863 0.867113 0.400795 -0.930002 -0.306262 0.203222 -0.504304 0.187351 -0.87068 -0.45477 0.485867 
1533678148731 0.168768 0.90209 -0.397178 -0.610903 -0.975028 0.211808 0.0667614 -0.243211 0.14435 0.375993 0.91531 0.394146 0.31622 -0.384863 0.867113 0.400795 -0.930002 -0.306262 0.203222 -0.504304 0.187351 -0.87068 -0.45477 0.485867 
1533678148741 0.219058 0.899423 -0.378223 -0.613124 -0.965138 0.256655 0.0513458 -0.241621 0.143254 0.35379 0.924289 0.392432 0.31622 -0.384863 0.867113 0.400795 -0.930002 -0.306262 0.203222 -0.504304 0.187351 -0.87068 -0.45477 0.485867 
1533678148751 0.268588 0.893599 -0.359641 -0.61893 -0.952866 0.301164 0.0366813 -0.241205 0.141089 0.332837 0.93237 0.392944 0.31622 -0.384863 0.867113 0.400796 -0.930002 -0.306262 0.203222 -0.504305 0.187351 -0.87068 -0.45477 0.485867 
1533678148861 0.268588 0.893599 -0.359641 -0.61893 -0.952866 0.301164 0.0366813 -0.241205 0.141089 0.332837 0.93237 0.392944 0.31622 -0.384863 0.867113 0.400796 -0.930002 -0.306262 0.203222 -0.504305 0.187351 -0.87068 -0.45477 0.485867 
1533678148871 0.317961 0.886404 -0.336436 -0.614573 -0.938128 0.345483 0.0236258 -0.237433 0.137175 0.308108 0.94141 0.387118 0.31622 -0.384863 0.867113 0.400795 -0.930002 -0.306262 0.203222 -0.504304 0.187351 -0.87068 -0.45477 0.485867 
1533678148882 0.317963 0.886403 -0.336436 -0.614573 -0.938127 0.345484 0.0236263 -0.237434 0.137176 0.308107 0.94141 0.387118 0.31622 -0.384863 0.867113 0.400795 -0.930002 -0.306262 0.203222 -0.504304 0.187351 -0.87068 -0.45477 0.485867 
1533678148892 0.317965 0.886403 -0.336435 -0.614573 -0.938126 0.345486 0.0236268 -0.237434 0.137177 0.308106 0.94141 0.387118 0.31622 -0.384863 0.867113 0.400795 -0.930002 -0.306262 0.203222 -0.504304 0.187351 -0.87068 -0.45477 0.485867 
1533678148902 0.317966 0.886402 -0.336435 -0.614573 -0.938126 0.345488 0.0236274 -0.237434 0.137177 0.308105 0.94141 0.387118 0.31622 -0.384863 0.867113 0.400795 -0.930002 -0.306262 0.203222 -0.504304 0.187351 -0.87068 -0.45477 0.485867 
1533678148911 0.317968 0.886402 -0.336434 -0.614573 -0.938125 0.34549 0.0236279 -0.237434 0.137178 0.308104 0.941411 0.387118 0.31622 -0.384863 0.867113 0.400795 -0.930002 -0.306262 0.203222 -0.504304 0.187351 -0.87068 -0.45477 0.485867 
1533678148921 0.317969 0.886402 -0.336434 -0.614573 -0.938124 0.345491 0.0236284 -0.237434 0.137179 0.308104 0.941411 0.387118 0.31622 -0.384863 0.867113 0.400795 -0.930002 -0.306262 0.203222 -0.504304 0.187351 -0.87068 -0.45477 0.485867 
1533678148932 0.317971 0.886401 -0.336433 -0.614573 -0.938124 0.345493 0.0236289 -0.237434 0.13718 0.308103 0.941411 0.387118 0.31622 -0.384863 0.867113 0.400795 -0.930002 -0.306262 0.203222 -0.504304 0.187351 -0.87068 -0.45477 0.485867 
1533678148941 0.317972 0.886401 -0.336433 -0.614573 -0.938123 0.345495 0.0236294 -0.237434 0.137181 0.308102 0.941411 0.387118 0.31622 -0.384863 0.867113 0.400795 -0.930002 -0.306262 0.203222 -0.504304 0.187351 -0.87068 -0.45477 0.485867 
1533678148952 0.317951 0.886368 -0.33654 -0.614849 -0.938126 0.345487 0.0236218 -0.237531 0.137208 0.308206 0.941373 0.38729 0.31622 -0.384863 0.867113 0.400795 -0.930002 -0.306262 0.203222 -0.504304 0.187351 -0.87068 -0.45477 0.485867 
1533678149018 0.317951 0.886368 -0.33654 -0.614849 -0.938126 0.345487 0.0236218 -0.237531 0.137208 0.308206 0.941373 0.38729 0.31622 -0.384863 0.867113 0.400795 -0.930002 -0.306262 0.203222 -0.504304 0.187351 -0.87068 -0.45477 0.485867 
1533678149031 0.317976 0.8864 -0.336432 -0.614573 -0.938122 0.345499 0.0236302 -0.237434 0.137183 0.3081 0.941411 0.387118 0.31622 -0.384863 0.867113 0.400795 -0.930002 -0.306262 0.203222 -0.504304 0.187351 -0.87068 -0.45477 0.485867 
1533678149041 0.317977 0.8864 -0.336431 -0.614573 -0.938121 0.345499 0.02363 -0.237434 0.137182 0.3081 0.941411 0.387118 0.31622 -0.384863 0.867113 0.400795 -0.930002 -0.306262 0.203222 -0.504304 0.187351 -0.87068 -0.45477 0.485867 
1533678149051 0.317977 0.8864 -0.336431 -0.614573 -0.938121 0.3455 0.0236298 -0.237434 0.137182 0.3081 0.941411 0.387118 0.31622 -0.384863 0.867113 0.400795 -0.930002 -0.306262 0.203222 -0.504304 0.187351 -0.87068 -0.45477 0.485867 
1533678149061 0.317978 0.8864 -0.336431 -0.614573 -0.938121 0.3455 0.0236296 -0.237434 0.137182 0.308099 0.941412 0.387118 0.31622 -0.384863 0.867113 0.400795 -0.930002 -0.306262 0.203222 -0.504304 0.187351 -0.87068 -0.45477 0.485867 
1533678149071 0.317978 0.886399 -0.336431 -0.614573 -0.938121 0.345501 0.0236294 -0.237434 0.137182 0.308099 0.941412 0.387118 0.31622 -0.384863 0.867113 0.400795 -0.930002 -0.306262 0.203222 -0.504304 0.187351 -0.87068 -0.45477 0.485867 
1533678149081 0.317979 0.886399 -0.336431 -0.614573 -0.938121 0.345501 0.0236292 -0.237434 0.137182 0.308099 0.941412 0.387118 0.31622 -0.384863 0.867113 0.400795 -0.930002 -0.306262 0.203222 -0.504304 0.187351 -0.87068 -0.45477 0.485867 
1533678149091 0.317979 0.886399 -0.336431 -0.614573 -0.938121 0.345502 0.023629 -0.237434 0.137182 0.308099 0.941412 0.387118 0.31622 -0.384863 0.867113 0.400795 -0.930002 -0.306262 0.203222 -0.504304 0.187351 -0.87068 -0.45477 0.485867 
1533678149101 0.31798 0.886399 -0.336431 -0.614573 -0.93812 0.345502 0.0236287 -0.237434 0.137182 0.308099 0.941412 0.387118 0.31622 -0.384863 0.867113 0.400795 -0.930002 -0.306262 0.203222 -0.504304 0.187351 -0.87068 -0.45477 0.485867 
1533678149111 0.317981 0.886399 -0.33643 -0.614573 -0.93812 0.345503 0.0236285 -0.237434 0.137182 0.308099 0.941412 0.387118 0.31622 -0.384863 0.867113 0.400795 -0.930002 -0.306262 0.203222 -0.504304 0.187351 -0.87068 -0.45477 0.485867 
1533678149141 0.317981 0.886399 -0.33643 -0.614573 -0.93812 0.345503 0.0236285 -0.237434 0.137182 0.308099 0.941412 0.387118 0.31622 -0.384863 0.867113 0.400795 -0.930002 -0.306262 0.203222 -0.504304 0.187351 -0.87068 -0.45477 0.485867 
1533678149151 0.317923 0.886383 -0.336525 -0.61463 -0.938134 0.345464 0.0236494 -0.237412 0.13722 0.308187 0.941378 0.38702 0.31622 -0.384863 0.867113 0.400795 -0.930002 -0.306262 0.203222 -0.504304 0.187351 -0.87068 -0.45477 0.485867 
1533678149161 0.317865 0.886367 -0.336623 -0.614703 -0.938148 0.345424 0.0236705 -0.237395 0.137259 0.308279 0.941342 0.386927 0.31622 -0.384863 0.867113 0.400795 -0.930002 -0.306262 0.203222 -0.504304 0.187351 -0.87068 -0.45477 0.485867 
1533678149171 0.317806 0.886351 -0.336722 -0.614775 -0.938162 0.345384 0.0236914 -0.237379 0.137297 0.308371 0.941306 0.386835 0.31622 -0.384863 0.867113 0.400795 -0.930002 -0.306262 0.203222 -0.504304 0.187351 -0.87068 -0.45477 0.485867 
1533678149181 0.317748 0.886334 -0.336822 -0.614848 -0.938177 0.345344 0.0237122 -0.237363 0.137336 0.308464 0.94127 0.386743 0.31622 -0.384863 0.867113 0.400795 -0.930002 -0.306262 0.203222 -0.504304 0.187351 -0.87068 -0.45477 0.485867 
1533678149191 0.317689 0.886317 -0.33692 -0.61492 -0.938191 0.345304 0.0237333 -0.237346 0.137375 0.308556 0.941234 0.386651 0.31622 -0.384863 0.867113 0.400795 -0.930002 -0.306262 0.203222 -0.504304 0.187351 -0.87068 -0.45477 0.485867 
1533678149201 0.31763 0.886301 -0.337019 -0.614994 -0.938205 0.345264 0.0237543 -0.23733 0.137414 0.308648 0.941198 0.386559 0.31622 -0.384863 0.867113 0.400795 -0.930002 -0.306262 0.203222 -0.504304 0.187351 -0.87068 -0.45477 0.485867 
1533678149211 0.317571 0.886284 -0.337118 -0.615066 -0.938219 0.345224 0.0237753 -0.237313 0.137453 0.308741 0.941162 0.386467 0.31622 -0.384863 0.867113 0.400795 -0.930002 -0.306262 0.203222 -0.504304 0.187351 -0.87068 -0.45477 0.485867 
1533678149221 0.317512 0.886268 -0.337217 -0.615139 -0.938233 0.345184 0.0237961 -0.237297 0.137492 0.308833 0.941126 0.386375 0.31622 -0.384863 0.867113 0.400795 -0.930002 -0.306262 0.203222 -0.504304 0.187351 -0.87068 -0.45477 0.485867 
1533678149231 0.317453 0.886251 -0.337316 -0.615212 -0.938248 0.345143 0.0238173 -0.23728 0.137531 0.308925 0.94109 0.386283 0.31622 -0.384863 0.867113 0.400795 -0.930002 -0.306262 0.203222 -0.504304 0.187351 -0.87068 -0.45477 0.485867 
1533678149301 0.317453 0.886251 -0.337316 -0.615212 -0.938248 0.345143 0.0238173 -0.23728 0.137531 0.308925 0.94109 0.386283 0.31622 -0.384863 0.867113 0.400795 -0.930002 -0.306262 0.203222 -0.504304 0.187351 -0.87068 -0.45477 0.485867 
1533678149311 0.317595 0.886249 -0.337189 -0.615212 -0.938184 0.345309 0.0239245 -0.237226 0.137637 0.308747 0.941133 0.386199 0.31622 -0.384863 0.867113 0.400795 -0.930002 -0.306262 0.203222 -0.504304 0.187351 -0.87068 -0.45477 0.485867 
1533678149321 0.317796 0.886263 -0.336962 -0.615136 -0.938106 0.345515 0.024011 -0.237184 0.137705 0.308475 0.941212 0.386206 0.31622 -0.384863 0.867113 0.400795 -0.930002 -0.306262 0.203222 -0.504304 0.187351 -0.87068 -0.45477 0.485867 
1533678149331 0.317996 0.886275 -0.33674 -0.615065 -0.938028 0.345721 0.0240968 -0.237145 0.137775 0.308209 0.941289 0.386222 0.31622 -0.384863 0.867113 0.400795 -0.930002 -0.306262 0.203222 -0.504304 0.187351 -0.87068 -0.45477 0.485867 
1533678149341 0.318198 0.886289 -0.336514 -0.614986 -0.93795 0.345927 0.0241831 -0.237103 0.137842 0.307938 0.941368 0.38623 0.31622 -0.384863 0.867113 0.400795 -0.930002 -0.306262 0.203222 -0.504304 0.187351 -0.87068 -0.45477 0.485867 
1533678149351 0.318399 0.886303 -0.336288 -0.614907 -0.937872 0.346133 0.0242695 -0.237061 0.13791 0.307667 0.941447 0.386238 0.31622 -0.384863 0.867113 0.400795 -0.930002 -0.306262 0.203222 -0.504304 0.187351 -0.87068 -0.45477 0.485867 
1533678149361 0.3186 0.886317 -0.336061 -0.614828 -0.937793 0.346339 0.024356 -0.237019 0.137978 0.307396 0.941525 0.386246 0.31622 -0.384863 0.867113 0.400795 -0.930002 -0.306262 0.203222 -0.504304 0.187351 -0.87068 -0.45477 0.485867 
1533678149371 0.318801 0.88633 -0.335835 -0.61475 -0.937715 0.346545 0.0244425 -0.236977 0.138046 0.307125 0.941604 0.386254 0.31622 -0.384863 0.867113 0.400795 -0.930002 -0.306262 0.203222 -0.504304 0.187351 -0.87068 -0.45477 0.485867 
1533678149381 0.319002 0.886344 -0.335608 -0.614671 -0.937637 0.346751 0.0245291 -0.236935 0.138113 0.306854 0.941682 0.386262 0.31622 -0.384863 0.867113 0.400795 -0.930002 -0.306262 0.203222 -0.504304 0.187351 -0.87068 -0.45477 0.485867 
1533678149391 0.319203 0.886357 -0.335382 -0.614592 -0.937558 0.346956 0.0246157 -0.236893 0.138181 0.306583 0.941761 0.386271 0.31622 -0.384863 0.867113 0.400795 -0.930002 -0.306262 0.203222 -0.504304 0.187351 -0.87068 -0.45477 0.485867 
1533678149431 0.319203 0.886357 -0.335382 -0.614592 -0.937558 0.346956 0.0246157 -0.236893 0.138181 0.306583 0.941761 0.386271 0.31622 -0.384863 0.867113 0.400795 -0.930002 -0.306262 0.203222 -0.504304 0.187351 -0.87068 -0.45477 0.485867 
1533678149441 0.318984 0.886464 -0.335308 -0.614383 -0.93762 0.346775 0.0248063 -0.236819 0.138266 0.306479 0.941782 0.38639 0.31622 -0.384863 0.867113 0.400795 -0.930002 -0.306262 0.203222 -0.504304 0.187351 -0.87068 -0.45477 0.485867 
1533678149451 0.318563 0.886557 -0.335461 -0.614253 -0.937761 0.346388 0.0249103 -0.236787 0.138284 0.306646 0.941725 0.3865 0.31622 -0.384863 0.867113 0.400795 -0.930002 -0.306262 0.203222 -0.504304 0.187351 -0.87068 -0.45477 0.485867 
1533678149461 0.318143 0.88665 -0.335613 -0.614124 -0.937901 0.346 0.0250144 -0.236755 0.138301 0.306814 0.941668 0.386612 0.31622 -0.384863 0.867113 0.400795 -0.930002 -0.306262 0.203222 -0.504304 0.187351 -0.87068 -0.45477 0.485867 
1533678149471 0.317722 0.886744 -0.335766 -0.613994 -0.938041 0.345613 0.0251186 -0.236723 0.138319 0.306981 0.941611 0.386723 0.31622 -0.384863 0.867113 0.400795 -0.930002 -0.306262 0.203222 -0.504304 0.187351 -0.87068 -0.45477 0.485867 
1533678149481 0.317301 0.886837 -0.335918 -0.613864 -0.938181 0.345226 0.0252229 -0.236691 0.138336 0.307149 0.941553 0.386833 0.31622 -0.384863 0.867113 0.400795 -0.930002 -0.306262 0.203222 -0.504304 0.187351 -0.87068 -0.45477 0.485867 
1533678149491 0.31688 0.886929 -0.336071 -0.613734 -0.93832 0.344838 0.0253271 -0.236659 0.138353 0.307316 0.941496 0.386945 0.31622 -0.384863 0.867113 0.400795 -0.930002 -0.306262 0.203222 -0.504304 0.187351 -0.87068 -0.45477 0.485867 
1533678149501 0.316459 0.887022 -0.336223 -0.613605 -0.93846 0.344451 0.0254315 -0.236627 0.13837 0.307484 0.941439 0.387056 0.31622 -0.384863 0.867113 0.400795 -0.930002 -0.306262 0.203222 -0.504304 0.187351 -0.87068 -0.45477 0.485867 
1533678149511 0.316038 0.887114 -0.336375 -0.613477 -0.938599 0.344063 0.0255361 -0.236595 0.138388 0.307651 0.941382 0.387165 0.31622 -0.384863 0.867113 0.400795 -0.930002 -0.306262 0.203222 -0.504304 0.187351 -0.87068 -0.45477 0.485867 
1533678149521 0.315618 0.887207 -0.336525 -0.613344 -0.938738 0.343675 0.0256408 -0.236562 0.138404 0.307817 0.941325 0.387274 0.31622 -0.384863 0.867113 0.400795 -0.930002 -0.306262 0.203222 -0.504304 0.187351 -0.87068 -0.45477 0.485867 
1533678149551 0.315618 0.887207 -0.336525 -0.613344 -0.938738 0.343675 0.0256408 -0.236562 0.138404 0.307817 0.941325 0.387274 0.31622 -0.384863 0.867113 0.400795 -0.930002 -0.306262 0.203222 -0.504304 0.187351 -0.87068 -0.45477 0.485867 
1533678149561 0.314653 0.887428 -0.336846 -0.613161 -0.939005 0.3429 0.0262384 -0.236743 0.138789 0.308044 0.941194 0.38723 0.31622 -0.384863 0.867113 0.400795 -0.930002 -0.306262 0.203222 -0.504304 0.187351 -0.87068 -0.45477 0.485867 
1533678149571 0.314109 0.887555 -0.337018 -0.613106 -0.939133 0.342512 0.0267308 -0.236955 0.139158 0.308109 0.941118 0.387081 0.31622 -0.384863 0.867113 0.400795 -0.930002 -0.306262 0.203222 -0.504304 0.187351 -0.87068 -0.45477 0.485867 
1533678149581 0.313564 0.887683 -0.33719 -0.613059 -0.93926 0.342124 0.0272237 -0.237173 0.139527 0.308173 0.941043 0.386932 0.31622 -0.384863 0.867113 0.400795 -0.930002 -0.306262 0.203222 -0.504304 0.187351 -0.87068 -0.45477 0.485867 
1533678149591 0.313019 0.88781 -0.337361 -0.613012 -0.939387 0.341735 0.0277167 -0.237389 0.139895 0.308237 0.940967 0.386782 0.31622 -0.384863 0.867113 0.400795 -0.930002 -0.306262 0.203222 -0.504304 0.187351 -0.87068 -0.45477 0.485867 
1533678149601 0.312473 0.887937 -0.337532 -0.612966 -0.939514 0.341347 0.0282097 -0.237605 0.140264 0.308301 0.940891 0.386632 0.31622 -0.384863 0.867113 0.400795 -0.930002 -0.306262 0.203222 -0.504304 0.187351 -0.87068 -0.45477 0.485867 
1533678149611 0.311928 0.888064 -0.337702 -0.61292 -0.93964 0.340959 0.0287028 -0.237821 0.140632 0.308365 0.940815 0.386482 0.31622 -0.384863 0.867113 0.400795 -0.930002 -0.306262 0.203222 -0.504304 0.187351 -0.87068 -0.45477 0.485867 
1533678149621 0.311383 0.888191 -0.337872 -0.612873 -0.939766 0.34057 0.029196 -0.238037 0.141001 0.30843 0.940739 0.386332 0.31622 -0.384863 0.867113 0.400795 -0.930002 -0.306262 0.203222 -0.504304 0.187351 -0.87068 -0.45477 0.485867 
1533678149631 0.310837 0.888317 -0.338042 -0.612827 -0.939891 0.340181 0.0296892 -0.238254 0.141369 0.308494 0.940663 0.386182 0.31622 -0.384863 0.867113 0.400795 -0.930002 -0.306262 0.203222 -0.504304 0.187351 -0.87068 -0.45477 0.485867 
1533678149641 0.310291 0.888444 -0.338212 -0.61278 -0.940016 0.339793 0.0301825 -0.23847 0.141737 0.308559 0.940586 0.386033 0.31622 -0.384863 0.867113 0.400795 -0.930002 -0.306262 0.203222 -0.504304 0.187351 -0.87068 -0.45477 0.485867 
1533678149671 0.310291 0.888444 -0.338212 -0.61278 -0.940016 0.339793 0.0301825 -0.23847 0.141737 0.308559 0.940586 0.386033 0.31622 -0.384863 0.867113 0.400795 -0.930002 -0.306262 0.203222 -0.504304 0.187351 -0.87068 -0.45477 0.485867 
1533678149682 0.309578 0.888545 -0.338599 -0.612851 -0.940216 0.339209 0.0305131 -0.238556 0.141968 0.30891 0.940436 0.38579 0.31622 -0.384863 0.867113 0.400795 -0.930002 -0.306262 0.203222 -0.504304 0.187351 -0.87068 -0.45477 0.485867 
1533678149692 0.309411 0.88852 -0.338817 -0.61297 -0.940292 0.339013 0.0303504 -0.238426 0.14183 0.309196 0.940363 0.385697 0.31622 -0.384863 0.867113 0.400795 -0.930002 -0.306262 0.203222 -0.504304 0.187351 -0.87068 -0.45477 0.485867 
1533678149702 0.309243 0.888495 -0.339034 -0.613089 -0.940368 0.338817 0.0301877 -0.238296 0.141692 0.309482 0.94029 0.385604 0.31622 -0.384863 0.867113 0.400795 -0.930002 -0.306262 0.203222 -0.504304 0.187351 -0.87068 -0.45477 0.485867 
1533678149712 0.309076 0.88847 -0.339252 -0.613208 -0.940444 0.338621 0.0300249 -0.238166 0.141554 0.309768 0.940216 0.385511 0.31622 -0.384863 0.867113 0.400795 -0.930002 -0.306262 0.203222 -0.504304 0.187351 -0.87068 -0.45477 0.485867 
1533678149722 0.308909 0.888446 -0.33947 -0.613326 -0.940519 0.338425 0.0298624 -0.238035 0.141416 0.310053 0.940143 0.385418 0.31622 -0.384863 0.867113 0.400795 -0.930002 -0.306262 0.203222 -0.504304 0.187351 -0.87068 -0.45477 0.485867 
1533678149732 0.308742 0.88842 -0.339688 -0.613444 -0.940595 0.338229 0.0296999 -0.237905 0.141278 0.310339 0.940069 0.385325 0.31622 -0.384863 0.867113 0.400795 -0.930002 -0.306262 0.203222 -0.504304 0.187351 -0.87068 -0.45477 0.485867 
1533678149742 0.308574 0.888395 -0.339905 -0.613563 -0.940671 0.338033 0.0295374 -0.237775 0.14114 0.310625 0.939996 0.385232 0.31622 -0.384863 0.867113 0.400795 -0.930002 -0.306262 0.203222 -0.504304 0.187351 -0.87068 -0.45477 0.485867 
1533678149752 0.308407 0.88837 -0.340123 -0.613681 -0.940746 0.337837 0.0293749 -0.237645 0.141002 0.31091 0.939922 0.385139 0.31622 -0.384863 0.867113 0.400795 -0.930002 -0.306262 0.203222 -0.504304 0.187351 -0.87068 -0.45477 0.485867 
1533678149762 0.30824 0.888345 -0.340341 -0.613799 -0.940822 0.337641 0.0292125 -0.237515 0.140864 0.311196 0.939848 0.385047 0.31622 -0.384863 0.867113 0.400795 -0.930002 -0.306262 0.203222 -0.504304 0.187351 -0.87068 -0.45477 0.485867 
1533678149843 0.30824 0.888345 -0.340341 -0.613799 -0.940822 0.337641 0.0292125 -0.237515 0.140864 0.311196 0.939848 0.385047 0.31622 -0.384863 0.867113 0.400795 -0.930002 -0.306262 0.203222 -0.504304 0.187351 -0.87068 -0.45477 0.485867 
1533678149853 0.307559 0.888742 -0.339919 -0.613799 -0.940964 0.337162 0.0301489 -0.237253 0.141402 0.310579 0.939971 0.384855 0.31622 -0.384863 0.867113 0.400795 -0.930002 -0.306262 0.203222 -0.504304 0.187351 -0.87068 -0.45477 0.485867 
1533678149863 0.307045 0.889165 -0.339277 -0.613677 -0.94103 0.336878 0.0312477 -0.237119 0.142079 0.309676 0.940167 0.384755 0.31622 -0.384863 0.867113 0.400795 -0.930002 -0.306262 0.203222 -0.504304 0.187351 -0.87068 -0.45477 0.485867 
1533678149873 0.306532 0.889585 -0.33864 -0.613559 -0.941094 0.336594 0.0323455 -0.236985 0.142758 0.308777 0.94036 0.384664 0.31622 -0.384863 0.867113 0.400795 -0.930002 -0.306262 0.203222 -0.504304 0.187351 -0.87068 -0.45477 0.485867 
1533678149883 0.306019 0.890006 -0.337997 -0.613434 -0.941158 0.336308 0.0334436 -0.23685 0.143436 0.307874 0.940553 0.384566 0.31622 -0.384863 0.867113 0.400795 -0.930002 -0.306262 0.203222 -0.504304 0.187351 -0.87068 -0.45477 0.485867 
1533678149893 0.305507 0.890426 -0.337353 -0.613309 -0.941221 0.336022 0.0345414 -0.236715 0.144115 0.306971 0.940744 0.384467 0.31622 -0.384863 0.867113 0.400795 -0.930002 -0.306262 0.203222 -0.504304 0.187351 -0.87068 -0.45477 0.485867 
1533678149903 0.304996 0.890845 -0.336709 -0.613184 -0.941282 0.335734 0.035639 -0.23658 0.144793 0.306068 0.940934 0.384368 0.31622 -0.384863 0.867113 0.400795 -0.930002 -0.306262 0.203222 -0.504304 0.187351 -0.87068 -0.45477 0.485867 
1533678149913 0.304484 0.891264 -0.336063 -0.613059 -0.941343 0.335445 0.0367364 -0.236445 0.145473 0.305165 0.941123 0.384269 0.31622 -0.384863 0.867113 0.400795 -0.930002 -0.306262 0.203222 -0.504304 0.187351 -0.87068 -0.45477 0.485867 
1533678149923 0.303974 0.891681 -0.335417 -0.612934 -0.941403 0.335155 0.0378335 -0.236309 0.146152 0.304262 0.94131 0.384171 0.31622 -0.384863 0.867113 0.400795 -0.930002 -0.306262 0.203222 -0.504304 0.187351 -0.87068 -0.45477 0.485867 
1533678149933 0.303463 0.892098 -0.33477 -0.612809 -0.941462 0.334864 0.0389303 -0.236174 0.146832 0.303359 0.941495 0.384072 0.31622 -0.384863 0.867113 0.400795 -0.930002 -0.306262 0.203222 -0.504304 0.187351 -0.87068 -0.45477 0.485867 
1533678150003 0.303463 0.892098 -0.33477 -0.612809 -0.941462 0.334864 0.0389303 -0.236174 0.146832 0.303359 0.941495 0.384072 0.31622 -0.384863 0.867113 0.400795 -0.930002 -0.306262 0.203222 -0.504304 0.187351 -0.87068 -0.45477 0.485867 
1533678150013 0.303509 0.89246 -0.333763 -0.612833 -0.941411 0.334937 0.0395212 -0.23604 0.14706 0.302213 0.941828 0.383813 0.31622 -0.384863 0.867113 0.400795 -0.930002 -0.306262 0.203222 -0.504304 0.187351 -0.87068 -0.45477 0.485867 
1533678150023 0.304065 0.892405 -0.333403 -0.612982 -0.941303 0.335301 0.0390156 -0.236041 0.146608 0.301969 0.941977 0.383653 0.31622 -0.384863 0.867113 0.400795 -0.930002 -0.306262 0.203222 -0.504304 0.187351 -0.87068 -0.45477 0.485867 
1533678150033 0.30462 0.892351 -0.333042 -0.613131 -0.941193 0.335666 0.0385102 -0.236042 0.146156 0.301726 0.942125 0.383493 0.31622 -0.384863 0.867113 0.400795 -0.930002 -0.306262 0.203222 -0.504304 0.187351 -0.87068 -0.45477 0.485867 
1533678150043 0.305175 0.892295 -0.332681 -0.613281 -0.941084 0.336031 0.0380048 -0.236043 0.145703 0.301483 0.942273 0.383334 0.31622 -0.384863 0.867113 0.400795 -0.930002 -0.306262 0.203222 -0.504304 0.187351 -0.87068 -0.45477 0.485867 
1533678150053 0.30573 0.89224 -0.33232 -0.613429 -0.940974 0.336396 0.0374997 -0.236044 0.14525 0.30124 0.942421 0.383174 0.31622 -0.384863 0.867113 0.400795 -0.930002 -0.306262 0.203222 -0.504304 0.187351 -0.87068 -0.45477 0.485867 
1533678150063 0.306285 0.892184 -0.331959 -0.613579 -0.940863 0.336761 0.0369946 -0.236045 0.144797 0.300997 0.942568 0.383014 0.31622 -0.384863 0.867113 0.400795 -0.930002 -0.306262 0.203222 -0.504304 0.187351 -0.87068 -0.45477 0.485867 
1533678150073 0.306839 0.892128 -0.331597 -0.613728 -0.940752 0.337126 0.0364897 -0.236046 0.144344 0.300754 0.942715 0.382854 0.31622 -0.384863 0.867113 0.400795 -0.930002 -0.306262 0.203222 -0.504304 0.187351 -0.87068 -0.45477 0.485867 
1533678150083 0.307394 0.892072 -0.331235 -0.613877 -0.940641 0.337491 0.0359849 -0.236047 0.14389 0.300512 0.942862 0.382694 0.31622 -0.384863 0.867113 0.400795 -0.930002 -0.306262 0.203222 -0.504304 0.187351 -0.87068 -0.45477 0.485867 
1533678150093 0.307948 0.892015 -0.330873 -0.614026 -0.940529 0.337856 0.0354803 -0.236048 0.143436 0.300269 0.943008 0.382534 0.31622 -0.384863 0.867113 0.400795 -0.930002 -0.306262 0.203222 -0.504304 0.187351 -0.87068 -0.45477 0.485867 
1533678150182 0.307948 0.892015 -0.330873 -0.614026 -0.940529 0.337856 0.0354803 -0.236048 0.143436 0.300269 0.943008 0.382534 0.31622 -0.384863 0.867113 0.400795 -0.930002 -0.306262 0.203222 -0.504304 0.187351 -0.87068 -0.45477 0.485867 
1533678150192 0.308587 0.892478 -0.329025 -0.614175 -0.94035 0.338324 0.0357654 -0.235999 0.143237 0.298361 0.943644 0.382226 0.31622 -0.384863 0.867113 0.400795 -0.930002 -0.306262 0.203222 -0.504304 0.187351 -0.87068 -0.45477 0.485867 
1533678150202 0.308672 0.892995 -0.327538 -0.614174 -0.940283 0.338426 0.0365551 -0.235948 0.143491 0.296695 0.94413 0.382078 0.31622 -0.384863 0.867113 0.400795 -0.930002 -0.306262 0.203222 -0.504304 0.187351 -0.87068 -0.45477 0.485867 
1533678150212 0.308758 0.893509 -0.326051 -0.614173 -0.940216 0.338526 0.037345 -0.235898 0.143745 0.295028 0.944614 0.381931 0.31622 -0.384863 0.867113 0.400795 -0.930002 -0.306262 0.203222 -0.504304 0.187351 -0.87068 -0.45477 0.485867 
1533678150222 0.308845 0.894021 -0.324563 -0.614172 -0.940149 0.338624 0.0381351 -0.235848 0.143999 0.29336 0.945095 0.381783 0.31622 -0.384863 0.867113 0.400795 -0.930002 -0.306262 0.203222 -0.504304 0.187351 -0.87068 -0.45477 0.485867 
1533678150232 0.308932 0.89453 -0.323074 -0.614172 -0.940081 0.338721 0.0389253 -0.235798 0.144252 0.291691 0.945573 0.381635 0.31622 -0.384863 0.867113 0.400795 -0.930002 -0.306262 0.203222 -0.504304 0.187351 -0.87068 -0.45477 0.485867 
1533678150242 0.309019 0.895037 -0.321584 -0.614171 -0.940014 0.338817 0.0397157 -0.235748 0.144505 0.290021 0.946048 0.381487 0.31622 -0.384863 0.867113 0.400795 -0.930002 -0.306262 0.203222 -0.504304 0.187351 -0.87068 -0.45477 0.485867 
1533678150252 0.309107 0.895541 -0.320094 -0.61417 -0.939946 0.338912 0.0405062 -0.235697 0.144759 0.28835 0.946519 0.381339 0.31622 -0.384863 0.867113 0.400795 -0.930002 -0.306262 0.203222 -0.504304 0.187351 -0.87068 -0.45477 0.485867 
1533678150262 0.309195 0.896042 -0.318602 -0.614169 -0.939878 0.339005 0.0412968 -0.235647 0.145011 0.286679 0.946988 0.381191 0.31622 -0.384863 0.867113 0.400795 -0.930002 -0.306262 0.203222 -0.504304 0.187351 -0.87068 -0.45477 0.485867 
1533678150272 0.309283 0.896541 -0.31711 -0.614168 -0.93981 0.339096 0.0420876 -0.235597 0.145264 0.285006 0.947454 0.381043 0.31622 -0.384863 0.867113 0.400795 -0.930002 -0.306262 0.203222 -0.504304 0.187351 -0.87068 -0.45477 0.485867 
1533678150311 0.309283 0.896541 -0.31711 -0.614168 -0.93981 0.339096 0.0420876 -0.235597 0.145264 0.285006 0.947454 0.381043 0.31622 -0.384863 0.867113 0.400795 -0.930002 -0.306262 0.203222 -0.504304 0.187351 -0.87068 -0.45477 0.485867 
1533678150321 0.307811 0.89697 -0.317327 -0.613703 -0.940113 0.338056 0.043643 -0.235722 0.146421 0.28489 0.947311 0.380973 0.31622 -0.384863 0.867113 0.400795 -0.930002 -0.306262 0.203222 -0.504304 0.187351 -0.87068 -0.45477 0.485867 
1533678150331 0.306249 0.896901 -0.319031 -0.613233 -0.940483 0.336927 0.0444099 -0.235896 0.147321 0.286442 0.946703 0.381042 0.31622 -0.384863 0.867113 0.400795 -0.930002 -0.306262 0.203222 -0.504304 0.187351 -0.87068 -0.45477 0.485867 
1533678150341 0.304683 0.896826 -0.320737 -0.612768 -0.94085 0.335798 0.0451786 -0.236072 0.14822 0.288 0.94609 0.38112 0.31622 -0.384863 0.867113 0.400795 -0.930002 -0.306262 0.203222 -0.504304 0.187351 -0.87068 -0.45477 0.485867 
1533678150351 0.303116 0.896746 -0.32244 -0.612304 -0.941215 0.334669 0.0459494 -0.236247 0.149116 0.289557 0.945474 0.381197 0.31622 -0.384863 0.867113 0.400795 -0.930002 -0.306262 0.203222 -0.504304 0.187351 -0.87068 -0.45477 0.485867 
1533678150361 0.301547 0.896662 -0.324142 -0.611838 -0.941577 0.333542 0.0467223 -0.236423 0.150009 0.291115 0.944854 0.381274 0.31622 -0.384863 0.867113 0.400795 -0.930002 -0.306262 0.203222 -0.504304 0.187351 -0.87068 -0.45477 0.485867 
1533678150371 0.299975 0.896573 -0.325841 -0.611375 -0.941937 0.332414 0.0474973 -0.236599 0.150899 0.292673 0.944231 0.381351 0.31622 -0.384863 0.867113 0.400795 -0.930002 -0.306262 0.203222 -0.504304 0.187351 -0.87068 -0.45477 0.485867 
1533678150381 0.298401 0.89648 -0.327538 -0.610909 -0.942294 0.331288 0.0482744 -0.236774 0.151786 0.294232 0.943604 0.381428 0.31622 -0.384863 0.867113 0.400795 -0.930002 -0.306262 0.203222 -0.504304 0.187351 -0.87068 -0.45477 0.485867 
1533678150391 0.296825 0.896382 -0.329233 -0.610445 -0.942649 0.330162 0.0490537 -0.23695 0.152671 0.29579 0.942974 0.381505 0.31622 -0.384863 0.867113 0.400795 -0.930002 -0.306262 0.203222 -0.504304 0.187351 -0.87068 -0.45477 0.485867 
1533678150401 0.295247 0.89628 -0.330925 -0.609981 -0.943001 0.329037 0.049835 -0.237126 0.153553 0.297349 0.94234 0.381582 0.31622 -0.384863 0.867113 0.400795 -0.930002 -0.306262 0.203222 -0.504304 0.187351 -0.87068 -0.45477 0.485867 
1533678150482 0.295247 0.89628 -0.330925 -0.609981 -0.943001 0.329037 0.049835 -0.237126 0.153553 0.297349 0.94234 0.381582 0.31622 -0.384863 0.867113 0.400795 -0.930002 -0.306262 0.203222 -0.504304 0.187351 -0.87068 -0.45477 0.485867 
1533678150493 0.292042 0.897022 -0.331757 -0.609016 -0.943906 0.326227 0.05116 -0.237309 0.15412 0.298206 0.941977 0.381723 0.31622 -0.384863 0.867113 0.400795 -0.930002 -0.306262 0.203222 -0.504304 0.187351 -0.87068 -0.45477 0.485867 
1533678150502 0.290416 0.897867 -0.330897 -0.608515 -0.944458 0.324539 0.0516999 -0.237316 0.153809 0.297504 0.94225 0.381787 0.31622 -0.384863 0.867113 0.400795 -0.930002 -0.306262 0.203222 -0.504304 0.187351 -0.87068 -0.45477 0.485867 
1533678150512 0.288789 0.898709 -0.330036 -0.608015 -0.945008 0.32285 0.0522381 -0.237324 0.153499 0.296801 0.942522 0.38185 0.31622 -0.384863 0.867113 0.400795 -0.930002 -0.306262 0.203222 -0.504304 0.187351 -0.87068 -0.45477 0.485867 
1533678150522 0.28716 0.899546 -0.329174 -0.607515 -0.945554 0.321159 0.0527748 -0.237332 0.153191 0.296097 0.942793 0.381914 0.31622 -0.384863 0.867113 0.400795 -0.930002 -0.306262 0.203222 -0.504304 0.187351 -0.87068 -0.45477 0.485867 
1533678150532 0.28553 0.90038 -0.328311 -0.607014 -0.946097 0.319467 0.0533099 -0.237339 0.152884 0.295392 0.943064 0.381978 0.31622 -0.384863 0.867113 0.400795 -0.930002 -0.306262 0.203222 -0.504304 0.187351 -0.87068 -0.45477 0.485867 
1533678150543 0.283899 0.901209 -0.327451 -0.60652 -0.946637 0.317773 0.0538429 -0.237349 0.152579 0.294691 0.943333 0.382049 0.31622 -0.384863 0.867113 0.400795 -0.930002 -0.306262 0.203222 -0.504304 0.187351 -0.87068 -0.45477 0.485867 
1533678150552 0.282267 0.902035 -0.326585 -0.606019 -0.947174 0.316078 0.0543747 -0.237356 0.152274 0.293985 0.943602 0.382112 0.31622 -0.384863 0.867113 0.400795 -0.930002 -0.306262 0.203222 -0.504304 0.187351 -0.87068 -0.45477 0.485867 
1533678150562 0.280633 0.902858 -0.325718 -0.605519 -0.947708 0.314381 0.0549049 -0.237364 0.151971 0.293277 0.943871 0.382176 0.31622 -0.384863 0.867113 0.400795 -0.930002 -0.306262 0.203222 -0.504304 0.187351 -0.87068 -0.45477 0.485867 
1533678150572 0.278999 0.903677 -0.32485 -0.605018 -0.948238 0.312683 0.0554334 -0.237372 0.151669 0.292569 0.94414 0.38224 0.31622 -0.384863 0.867113 0.400795 -0.930002 -0.306262 0.203222 -0.504304 0.187351 -0.87068 -0.45477 0.485867 
1533678150638 0.278999 0.903677 -0.32485 -0.605018 -0.948238 0.312683 0.0554334 -0.237372 0.151669 0.292569 0.94414 0.38224 0.31622 -0.384863 0.867113 0.400795 -0.930002 -0.306262 0.203222 -0.504304 0.187351 -0.87068 -0.45477 0.485867 
1533678150651 0.276432 0.904677 -0.32426 -0.604105 -0.948944 0.310298 0.0567448 -0.237217 0.151953 0.292019 0.944264 0.382432 0.31622 -0.384863 0.867113 0.400795 -0.930002 -0.306262 0.203222 -0.504304 0.187351 -0.87068 -0.45477 0.485867 
1533678150661 0.275502 0.904861 -0.324539 -0.603693 -0.949121 0.309611 0.0575294 -0.237054 0.152537 0.292178 0.944121 0.382562 0.31622 -0.384863 0.867113 0.400795 -0.930002 -0.306262 0.203222 -0.504304 0.187351 -0.87068 -0.45477 0.485867 
1533678150671 0.274571 0.905044 -0.324817 -0.603281 -0.949297 0.308925 0.0583142 -0.236891 0.153121 0.292337 0.943977 0.38269 0.31622 -0.384863 0.867113 0.400795 -0.930002 -0.306262 0.203222 -0.504304 0.187351 -0.87068 -0.45477 0.485867 
1533678150681 0.273639 0.905226 -0.325095 -0.602868 -0.949472 0.308238 0.0590991 -0.236728 0.153705 0.292497 0.943833 0.38282 0.31622 -0.384863 0.867113 0.400795 -0.930002 -0.306262 0.203222 -0.504304 0.187351 -0.87068 -0.45477 0.485867 
1533678150691 0.272708 0.905408 -0.325372 -0.602456 -0.949645 0.307552 0.0598843 -0.236565 0.154288 0.292657 0.943688 0.382949 0.31622 -0.384863 0.867113 0.400795 -0.930002 -0.306262 0.203222 -0.504304 0.187351 -0.87068 -0.45477 0.485867 
1533678150701 0.271775 0.905589 -0.325647 -0.602044 -0.949817 0.306865 0.0606696 -0.236402 0.154872 0.292817 0.943543 0.383077 0.31622 -0.384863 0.867113 0.400795 -0.930002 -0.306262 0.203222 -0.504304 0.187351 -0.87068 -0.45477 0.485867 
1533678150711 0.270843 0.90577 -0.325923 -0.601632 -0.949988 0.306179 0.0614551 -0.236239 0.155455 0.292978 0.943397 0.383207 0.31622 -0.384863 0.867113 0.400795 -0.930002 -0.306262 0.203222 -0.504304 0.187351 -0.87068 -0.45477 0.485867 
1533678150721 0.26991 0.905949 -0.326197 -0.60122 -0.950158 0.305492 0.0622408 -0.236076 0.156037 0.293139 0.943251 0.383336 0.31622 -0.384863 0.867113 0.400795 -0.930002 -0.306262 0.203222 -0.504304 0.187351 -0.87068 -0.45477 0.485867 
1533678150731 0.268977 0.906128 -0.32647 -0.600807 -0.950327 0.304805 0.0630267 -0.235913 0.15662 0.293301 0.943104 0.383464 0.31622 -0.384863 0.867113 0.400795 -0.930002 -0.306262 0.203222 -0.504304 0.187351 -0.87068 -0.45477 0.485867 
