1533761908329 0.237818 0.892482 -0.3833 -0.611177 -0.955554 0.285763 0.0725014 -0.195957 0.174239 0.349022 0.920774 0.400368 0.16008 -0.304787 0.938871 0.370831 -0.775623 0.549475 0.310623 -0.528794 -0.61056 -0.777934 -0.14844 0.432481 
1533761908340 0.228266 0.891475 -0.391366 -0.611929 -0.955946 0.281423 0.0834816 -0.197788 0.184561 0.355068 0.916441 0.400661 0.316241 -0.38488 0.867098 0.400864 -0.930001 -0.306251 0.203246 -0.504429 0.187325 -0.870677 -0.454788 0.485926 
1533761908347 0.218613 0.890376 -0.399298 -0.612681 -0.956171 0.277142 0.0944903 -0.199619 0.194794 0.361141 0.911939 0.400955 0.316241 -0.38488 0.867098 0.400864 -0.930001 -0.306251 0.203246 -0.504429 0.187325 -0.870677 -0.454788 0.485926 
1533761908956 0.208862 0.889184 -0.407097 -0.613432 -0.956231 0.272923 0.105524 -0.20145 0.204937 0.367239 0.907269 0.401249 0.316241 -0.38488 0.867098 0.400864 -0.930001 -0.306251 0.203246 -0.504429 0.187325 -0.870677 -0.454788 0.485926 
1533761909402 0.199017 0.8879 -0.414761 -0.614184 -0.956124 0.268767 0.116581 -0.20328 0.214986 0.373361 0.902431 0.401542 0.316241 -0.38488 0.867098 0.400864 -0.930001 -0.306251 0.203246 -0.504429 0.187325 -0.870677 -0.454788 0.485926 
1533761909846 0.189078 0.886524 -0.422286 -0.614935 -0.955851 0.264673 0.127659 -0.205111 0.224941 0.379505 0.897428 0.401836 0.316241 -0.38488 0.867098 0.400864 -0.930001 -0.306251 0.203246 -0.504429 0.187325 -0.870677 -0.454788 0.485926 
1533761910300 0.179048 0.885055 -0.429673 -0.615685 -0.955412 0.260643 0.138755 -0.206941 0.234797 0.385671 0.89226 0.40213 0.316241 -0.38488 0.867098 0.400864 -0.930001 -0.306251 0.203246 -0.504429 0.187325 -0.870677 -0.454788 0.485926 
1533761910750 0.168929 0.883496 -0.436919 -0.616436 -0.954807 0.256678 0.149866 -0.208771 0.244553 0.391856 0.886929 0.402423 0.316241 -0.38488 0.867098 0.400864 -0.930001 -0.306251 0.203246 -0.504429 0.187325 -0.870677 -0.454788 0.485926 
1533761911203 0.158725 0.881845 -0.444022 -0.617186 -0.954036 0.252779 0.16099 -0.2106 0.254208 0.39806 0.881435 0.402717 0.316241 -0.38488 0.867098 0.400864 -0.930001 -0.306251 0.203246 -0.504429 0.187325 -0.870677 -0.454788 0.485926 
1533761911665 0.148512 0.880046 -0.451068 -0.617532 -0.953095 0.249019 0.172042 -0.212173 0.26373 0.404361 0.87575 0.40311 0.316531 -0.385118 0.866887 0.401814 -0.929976 -0.306103 0.20358 -0.50615 0.186955 -0.870623 -0.455042 0.486735 
1533761912119 0.149038 0.880409 -0.450186 -0.617477 -0.953416 0.248696 0.170727 -0.211998 0.262269 0.40377 0.876462 0.40317 0.316531 -0.385118 0.866887 0.401814 -0.929976 -0.306103 0.20358 -0.50615 0.186955 -0.870623 -0.455042 0.486735 
1533761912130 0.14797 0.880213 -0.450922 -0.617601 -0.953294 0.248333 0.171931 -0.212214 0.263315 0.40442 0.875848 0.403183 0.316221 -0.384863 0.867113 0.400797 -0.930002 -0.306262 0.203223 -0.504308 0.187351 -0.87068 -0.45477 0.485869 
1533761912178 0.146875 0.880002 -0.451691 -0.617724 -0.953158 0.247981 0.173191 -0.212443 0.26442 0.405095 0.875203 0.403196 0.316221 -0.384863 0.867113 0.400797 -0.930002 -0.306262 0.203223 -0.504308 0.187351 -0.87068 -0.45477 0.485869 
1533761912338 0.145779 0.879789 -0.452459 -0.617848 -0.953019 0.24763 0.174452 -0.212672 0.265523 0.405771 0.874556 0.403209 0.316221 -0.384863 0.867113 0.400797 -0.930002 -0.306262 0.203223 -0.504308 0.187351 -0.87068 -0.45477 0.485869 
1533761912499 0.144683 0.879576 -0.453225 -0.617971 -0.952879 0.247281 0.175711 -0.212902 0.266625 0.406446 0.873906 0.403222 0.316221 -0.384863 0.867113 0.400797 -0.930002 -0.306262 0.203223 -0.504308 0.187351 -0.87068 -0.45477 0.485869 
1533761912659 0.143586 0.879361 -0.45399 -0.618095 -0.952736 0.246932 0.176971 -0.213131 0.267726 0.407122 0.873255 0.403234 0.316221 -0.384863 0.867113 0.400797 -0.930002 -0.306262 0.203223 -0.504308 0.187351 -0.87068 -0.45477 0.485869 
1533761912821 0.142486 0.879146 -0.454752 -0.618218 -0.952591 0.246583 0.178232 -0.21336 0.268826 0.407797 0.872602 0.403247 0.316221 -0.384863 0.867113 0.400797 -0.930002 -0.306262 0.203223 -0.504308 0.187351 -0.87068 -0.45477 0.485869 
1533761912983 0.141387 0.87893 -0.455513 -0.618342 -0.952445 0.246236 0.179492 -0.213589 0.269924 0.408473 0.871946 0.40326 0.316221 -0.384863 0.867113 0.400797 -0.930002 -0.306262 0.203223 -0.504308 0.187351 -0.87068 -0.45477 0.485869 
1533761913153 0.140286 0.878712 -0.456272 -0.618465 -0.952296 0.245889 0.180752 -0.213818 0.271021 0.409149 0.871289 0.403273 0.316221 -0.384863 0.867113 0.400797 -0.930002 -0.306262 0.203223 -0.504308 0.187351 -0.87068 -0.45477 0.485869 
1533761913314 0.139185 0.878494 -0.45703 -0.618589 -0.952145 0.245544 0.182012 -0.214047 0.272117 0.409825 0.870629 0.403286 0.316221 -0.384863 0.867113 0.400797 -0.930002 -0.306262 0.203223 -0.504308 0.187351 -0.87068 -0.45477 0.485869 
1533761913490 0.139759 0.878573 -0.456701 -0.61854 -0.952229 0.24573 0.181321 -0.213941 0.271529 0.409543 0.870946 0.40322 0.316221 -0.384863 0.867113 0.400797 -0.930002 -0.306262 0.203223 -0.504308 0.187351 -0.87068 -0.45477 0.485869 
1533761913502 0.140172 0.878738 -0.456258 -0.61858 -0.952194 0.245964 0.181185 -0.213958 0.271437 0.409049 0.871207 0.403114 0.31622 -0.384863 0.867113 0.400795 -0.930002 -0.306262 0.203222 -0.504304 0.187351 -0.87068 -0.454769 0.485867 
1533761913519 0.140583 0.878903 -0.455813 -0.618625 -0.95216 0.246196 0.18105 -0.213977 0.271344 0.408554 0.871468 0.403008 0.31622 -0.384863 0.867113 0.400795 -0.930002 -0.306262 0.203222 -0.504304 0.187351 -0.87068 -0.454769 0.485867 
1533761913640 0.140994 0.879068 -0.455368 -0.61867 -0.952126 0.246428 0.180914 -0.213997 0.271252 0.40806 0.871728 0.402901 0.31622 -0.384863 0.867113 0.400795 -0.930002 -0.306262 0.203222 -0.504304 0.187351 -0.87068 -0.454769 0.485867 
1533761913667 0.141405 0.879232 -0.454923 -0.618715 -0.952091 0.24666 0.18078 -0.214016 0.271158 0.407565 0.871988 0.402794 0.31622 -0.384863 0.867113 0.400795 -0.930002 -0.306262 0.203222 -0.504304 0.187351 -0.87068 -0.454769 0.485867 
1533761913767 0.141816 0.879396 -0.454478 -0.618761 -0.952057 0.246892 0.180645 -0.214036 0.271065 0.40707 0.872248 0.402687 0.31622 -0.384863 0.867113 0.400795 -0.930002 -0.306262 0.203222 -0.504304 0.187351 -0.87068 -0.454769 0.485867 
1533761913814 0.142227 0.87956 -0.454033 -0.618805 -0.952022 0.247124 0.18051 -0.214055 0.270972 0.406576 0.872508 0.402581 0.31622 -0.384863 0.867113 0.400795 -0.930002 -0.306262 0.203222 -0.504304 0.187351 -0.87068 -0.454769 0.485867 
1533761913889 0.142637 0.879724 -0.453587 -0.618851 -0.951987 0.247356 0.180375 -0.214076 0.270878 0.406081 0.872768 0.402474 0.31622 -0.384863 0.867113 0.400795 -0.930002 -0.306262 0.203222 -0.504304 0.187351 -0.87068 -0.454769 0.485867 
1533761913946 0.143048 0.879886 -0.453141 -0.618895 -0.951952 0.247588 0.180241 -0.214095 0.270784 0.405586 0.873027 0.402368 0.31622 -0.384863 0.867113 0.400795 -0.930002 -0.306262 0.203222 -0.504304 0.187351 -0.87068 -0.454769 0.485867 
1533761914014 0.143458 0.880049 -0.452695 -0.618941 -0.951917 0.24782 0.180106 -0.214115 0.27069 0.405091 0.873286 0.402261 0.31622 -0.384863 0.867113 0.400795 -0.930002 -0.306262 0.203222 -0.504304 0.187351 -0.87068 -0.454769 0.485867 
1533761914084 0.142848 0.879835 -0.453303 -0.618845 -0.95199 0.247433 0.180255 -0.214105 0.270757 0.405791 0.87294 0.402493 0.31622 -0.384863 0.867113 0.400795 -0.930002 -0.306262 0.203222 -0.504304 0.187351 -0.87068 -0.454769 0.485867 
1533761914096 0.142989 0.880104 -0.452738 -0.618794 -0.951937 0.24749 0.180458 -0.214177 0.27087 0.405175 0.873191 0.402405 0.31622 -0.384863 0.867113 0.400795 -0.930002 -0.306262 0.203222 -0.504304 0.187351 -0.87068 -0.454769 0.485867 
1533761914114 0.143129 0.880373 -0.45217 -0.618749 -0.951884 0.247545 0.180662 -0.214253 0.270983 0.404556 0.873443 0.402315 0.31622 -0.384863 0.867113 0.400795 -0.930002 -0.306262 0.203222 -0.504304 0.187351 -0.87068 -0.454769 0.485867 
1533761914129 0.143269 0.880641 -0.451603 -0.618702 -0.951831 0.2476 0.180866 -0.214328 0.271095 0.403937 0.873695 0.402226 0.31622 -0.384863 0.867113 0.400795 -0.930002 -0.306262 0.203222 -0.504304 0.187351 -0.87068 -0.454769 0.485867 
1533761914257 0.143408 0.88091 -0.451035 -0.618657 -0.951777 0.247655 0.181071 -0.214404 0.271208 0.403318 0.873946 0.402136 0.31622 -0.384863 0.867113 0.400795 -0.930002 -0.306262 0.203222 -0.504304 0.187351 -0.87068 -0.454769 0.485867 
1533761914317 0.143548 0.881177 -0.450467 -0.618612 -0.951724 0.24771 0.181275 -0.214479 0.27132 0.402698 0.874196 0.402046 0.31622 -0.384863 0.867113 0.400795 -0.930002 -0.306262 0.203222 -0.504304 0.187351 -0.87068 -0.454769 0.485867 
1533761914416 0.143689 0.881445 -0.449898 -0.618565 -0.951671 0.247765 0.181479 -0.214554 0.271433 0.402079 0.874447 0.401957 0.31622 -0.384863 0.867113 0.400795 -0.930002 -0.306262 0.203222 -0.504304 0.187351 -0.87068 -0.454769 0.485867 
1533761914458 0.143829 0.881712 -0.44933 -0.61852 -0.951618 0.24782 0.181683 -0.21463 0.271545 0.401459 0.874697 0.401867 0.31622 -0.384863 0.867113 0.400795 -0.930002 -0.306262 0.203222 -0.504304 0.187351 -0.87068 -0.454769 0.485867 
1533761914562 0.143969 0.881979 -0.448761 -0.618474 -0.951565 0.247874 0.181887 -0.214705 0.271657 0.400839 0.874946 0.401778 0.31622 -0.384863 0.867113 0.400795 -0.930002 -0.306262 0.203222 -0.504304 0.187351 -0.87068 -0.454769 0.485867 
1533761914611 0.14411 0.882245 -0.448193 -0.618427 -0.951511 0.247929 0.182091 -0.21478 0.271769 0.400219 0.875195 0.401689 0.31622 -0.384863 0.867113 0.400795 -0.930002 -0.306262 0.203222 -0.504304 0.187351 -0.87068 -0.454769 0.485867 
1533761914718 0.143835 0.88193 -0.4489 -0.618473 -0.951619 0.247733 0.181793 -0.214643 0.271536 0.401034 0.874894 0.4018 0.31622 -0.384863 0.867113 0.400795 -0.930002 -0.306262 0.203222 -0.504304 0.187351 -0.87068 -0.454769 0.485867 
1533761914731 0.143527 0.881956 -0.448948 -0.618397 -0.951649 0.247495 0.181964 -0.214799 0.271596 0.401125 0.874834 0.401822 0.31622 -0.384863 0.867113 0.400795 -0.930002 -0.306262 0.203222 -0.504304 0.187351 -0.87068 -0.45477 0.485867 
1533761914747 0.143217 0.881982 -0.448995 -0.618323 -0.951678 0.247255 0.182136 -0.214956 0.271657 0.401214 0.874774 0.401844 0.31622 -0.384863 0.867113 0.400795 -0.930002 -0.306262 0.203222 -0.504304 0.187351 -0.87068 -0.45477 0.485867 
1533761914764 0.142906 0.882009 -0.44904 -0.618251 -0.951708 0.247014 0.182309 -0.215116 0.271717 0.401302 0.874715 0.401864 0.31622 -0.384863 0.867113 0.400795 -0.930002 -0.306262 0.203222 -0.504304 0.187351 -0.87068 -0.45477 0.485867 
1533761914896 0.142596 0.882036 -0.449086 -0.618179 -0.951737 0.246774 0.182481 -0.215275 0.271778 0.401391 0.874655 0.401885 0.31622 -0.384863 0.867113 0.400795 -0.930002 -0.306262 0.203222 -0.504304 0.187351 -0.87068 -0.45477 0.485867 
1533761914945 0.142285 0.882063 -0.449132 -0.618106 -0.951766 0.246534 0.182654 -0.215433 0.271838 0.40148 0.874596 0.401906 0.31622 -0.384863 0.867113 0.400795 -0.930002 -0.306262 0.203222 -0.504304 0.187351 -0.87068 -0.45477 0.485867 
1533761915022 0.141975 0.88209 -0.449178 -0.618034 -0.951795 0.246293 0.182826 -0.215592 0.271899 0.401569 0.874536 0.401927 0.31622 -0.384863 0.867113 0.400795 -0.930002 -0.306262 0.203222 -0.504304 0.187351 -0.87068 -0.45477 0.485867 
1533761915092 0.141665 0.882116 -0.449224 -0.617961 -0.951824 0.246053 0.182999 -0.21575 0.271959 0.401658 0.874477 0.401948 0.31622 -0.384863 0.867113 0.400795 -0.930002 -0.306262 0.203222 -0.504304 0.187351 -0.87068 -0.45477 0.485867 
1533761915159 0.141354 0.882143 -0.449269 -0.617889 -0.951853 0.245812 0.183171 -0.215909 0.272019 0.401746 0.874417 0.401969 0.31622 -0.384863 0.867113 0.400795 -0.930002 -0.306262 0.203222 -0.504304 0.187351 -0.87068 -0.45477 0.485867 
1533761915211 0.141044 0.882169 -0.449315 -0.617816 -0.951882 0.245572 0.183344 -0.216068 0.27208 0.401835 0.874358 0.40199 0.31622 -0.384863 0.867113 0.400795 -0.930002 -0.306262 0.203222 -0.504304 0.187351 -0.87068 -0.45477 0.485867 
1533761915303 0.141628 0.882054 -0.449358 -0.617917 -0.951804 0.246087 0.183059 -0.215913 0.272049 0.401774 0.874395 0.401954 0.31622 -0.384863 0.867113 0.400795 -0.930002 -0.306262 0.203222 -0.504304 0.187351 -0.87068 -0.45477 0.485867 
1533761915316 0.141182 0.881905 -0.449789 -0.617785 -0.951851 0.245808 0.183188 -0.216133 0.272116 0.40227 0.874146 0.401957 0.31622 -0.384863 0.867113 0.400795 -0.930002 -0.306262 0.203222 -0.504304 0.187351 -0.87068 -0.45477 0.485867 
1533761915333 0.140733 0.881757 -0.450221 -0.61765 -0.951899 0.245528 0.183315 -0.216354 0.272181 0.402766 0.873897 0.401959 0.31622 -0.384863 0.867113 0.400795 -0.930002 -0.306262 0.203222 -0.504304 0.187351 -0.87068 -0.45477 0.485867 
1533761915349 0.140285 0.881608 -0.450652 -0.617514 -0.951946 0.245248 0.183443 -0.216574 0.272246 0.403262 0.873648 0.401962 0.31622 -0.384863 0.867113 0.400795 -0.930002 -0.306262 0.203222 -0.504304 0.187351 -0.87068 -0.45477 0.485867 
1533761915486 0.139837 0.881459 -0.451084 -0.617378 -0.951994 0.244969 0.18357 -0.216794 0.272311 0.403759 0.873399 0.401965 0.31622 -0.384863 0.867113 0.400795 -0.930002 -0.306262 0.203222 -0.504304 0.187351 -0.87068 -0.45477 0.485867 
1533761915529 0.139389 0.881309 -0.451515 -0.617241 -0.952041 0.244689 0.183698 -0.217013 0.272376 0.404255 0.873149 0.401967 0.31622 -0.384863 0.867113 0.400795 -0.930002 -0.306262 0.203222 -0.504304 0.187351 -0.87068 -0.45477 0.485867 
1533761915622 0.138941 0.881159 -0.451946 -0.617106 -0.952088 0.24441 0.183826 -0.217233 0.27244 0.404751 0.872899 0.40197 0.31622 -0.384863 0.867113 0.400795 -0.930002 -0.306262 0.203222 -0.504304 0.187351 -0.87068 -0.45477 0.485867 
1533761915679 0.138493 0.881008 -0.452376 -0.61697 -0.952135 0.24413 0.183954 -0.217454 0.272504 0.405247 0.872649 0.401973 0.31622 -0.384863 0.867113 0.400795 -0.930002 -0.306262 0.203222 -0.504304 0.187351 -0.87068 -0.45477 0.485867 
1533761915767 0.138045 0.880857 -0.452807 -0.616833 -0.952182 0.243851 0.184082 -0.217673 0.272567 0.405743 0.872399 0.401976 0.31622 -0.384863 0.867113 0.400795 -0.930002 -0.306262 0.203222 -0.504304 0.187351 -0.87068 -0.45477 0.485867 
1533761915825 0.137597 0.880706 -0.453237 -0.616698 -0.952229 0.243571 0.18421 -0.217893 0.272631 0.406239 0.872148 0.401978 0.31622 -0.384863 0.867113 0.400795 -0.930002 -0.306262 0.203222 -0.504304 0.187351 -0.87068 -0.45477 0.485867 
1533761915922 0.138191 0.880946 -0.452589 -0.616919 -0.952151 0.243949 0.184113 -0.217547 0.272602 0.40549 0.872505 0.401989 0.31622 -0.384863 0.867113 0.400795 -0.930002 -0.306262 0.203222 -0.504304 0.187351 -0.87068 -0.45477 0.485867 
1533761915934 0.137762 0.880906 -0.452798 -0.616621 -0.95215 0.243706 0.184436 -0.217686 0.272821 0.405724 0.872328 0.40199 0.31622 -0.384863 0.867113 0.400795 -0.930002 -0.306262 0.203222 -0.504304 0.187351 -0.87068 -0.45477 0.485867 
1533761915941 0.137332 0.880865 -0.453009 -0.616318 -0.95215 0.243463 0.184759 -0.217822 0.273039 0.405959 0.872151 0.401993 0.31622 -0.384863 0.867113 0.400795 -0.930002 -0.306262 0.203222 -0.504304 0.187351 -0.87068 -0.45477 0.485867 
1533761916081 0.136902 0.880823 -0.453219 -0.616015 -0.952149 0.24322 0.185082 -0.217958 0.273257 0.406194 0.871973 0.401995 0.31622 -0.384863 0.867113 0.400795 -0.930002 -0.306262 0.203222 -0.504304 0.187351 -0.87068 -0.45477 0.485867 
1533761916180 0.136472 0.880782 -0.45343 -0.615711 -0.952149 0.242977 0.185405 -0.218094 0.273474 0.40643 0.871795 0.401997 0.31622 -0.384863 0.867113 0.400795 -0.930002 -0.306262 0.203222 -0.504304 0.187351 -0.87068 -0.45477 0.485867 
1533761916271 0.136043 0.88074 -0.45364 -0.615408 -0.952148 0.242735 0.185727 -0.218229 0.273692 0.406665 0.871617 0.402 0.31622 -0.384863 0.867113 0.400795 -0.930002 -0.306262 0.203222 -0.504304 0.187351 -0.87068 -0.45477 0.485867 
1533761916278 0.135613 0.880698 -0.45385 -0.615105 -0.952147 0.242492 0.18605 -0.218366 0.273909 0.406901 0.871439 0.402002 0.31622 -0.384863 0.867113 0.400795 -0.930002 -0.306262 0.203222 -0.504304 0.187351 -0.87068 -0.45477 0.485867 
1533761916453 0.135183 0.880656 -0.45406 -0.614801 -0.952145 0.242249 0.186373 -0.218501 0.274126 0.407136 0.87126 0.402004 0.31622 -0.384863 0.867113 0.400795 -0.930002 -0.306262 0.203222 -0.504304 0.187351 -0.87068 -0.45477 0.485867 
1533761916505 0.134753 0.880614 -0.454269 -0.614499 -0.952144 0.242006 0.186696 -0.218637 0.274343 0.407372 0.871082 0.402006 0.31622 -0.384863 0.867113 0.400795 -0.930002 -0.306262 0.203222 -0.504304 0.187351 -0.87068 -0.45477 0.485867 
1533761916622 0.134322 0.880572 -0.454479 -0.614196 -0.952142 0.241764 0.187019 -0.218773 0.27456 0.407607 0.870904 0.402009 0.31622 -0.384863 0.867113 0.400795 -0.930002 -0.306262 0.203222 -0.504304 0.187351 -0.87068 -0.45477 0.485867 
1533761916682 0.134898 0.880631 -0.454193 -0.614524 -0.952145 0.242086 0.186587 -0.218647 0.274268 0.407287 0.871145 0.402067 0.31622 -0.384863 0.867113 0.400795 -0.930002 -0.306262 0.203222 -0.504304 0.187351 -0.87068 -0.45477 0.485867 
1533761916694 0.134351 0.880716 -0.454191 -0.614248 -0.952113 0.241764 0.187164 -0.218722 0.274645 0.407296 0.871022 0.4021 0.31622 -0.384863 0.867113 0.400795 -0.930002 -0.306262 0.203222 -0.504304 0.187351 -0.87068 -0.45477 0.485867 
1533761916701 0.133804 0.880799 -0.454191 -0.613968 -0.952082 0.241442 0.18774 -0.218796 0.275022 0.407306 0.870899 0.402132 0.31622 -0.384863 0.867113 0.400795 -0.930002 -0.306262 0.203222 -0.504304 0.187351 -0.87068 -0.45477 0.485867 
1533761916777 0.133258 0.880882 -0.45419 -0.613689 -0.952049 0.241121 0.188315 -0.21887 0.275399 0.407317 0.870775 0.402166 0.31622 -0.384863 0.867113 0.400795 -0.930002 -0.306262 0.203222 -0.504304 0.187351 -0.87068 -0.45477 0.485867 
1533761916865 0.132712 0.880965 -0.454189 -0.61341 -0.952017 0.2408 0.188891 -0.218944 0.275775 0.407327 0.870651 0.402198 0.31622 -0.384863 0.867113 0.400795 -0.930002 -0.306262 0.203222 -0.504304 0.187351 -0.87068 -0.45477 0.485867 
1533761916926 0.132166 0.881048 -0.454187 -0.61313 -0.951983 0.240479 0.189467 -0.219018 0.276152 0.407338 0.870526 0.402232 0.31622 -0.384863 0.867113 0.400795 -0.930002 -0.306262 0.203222 -0.504304 0.187351 -0.87068 -0.45477 0.485867 
1533761917026 0.13162 0.881131 -0.454186 -0.61285 -0.95195 0.240158 0.190042 -0.219091 0.276528 0.407349 0.870402 0.402265 0.31622 -0.384863 0.867113 0.400795 -0.930002 -0.306262 0.203222 -0.504304 0.187351 -0.87068 -0.45477 0.485867 
1533761917084 0.131074 0.881213 -0.454184 -0.61257 -0.951916 0.239836 0.190618 -0.219165 0.276905 0.40736 0.870277 0.402298 0.31622 -0.384863 0.867113 0.400795 -0.930002 -0.306262 0.203222 -0.504304 0.187351 -0.87068 -0.45477 0.485867 
1533761917162 0.130528 0.881296 -0.454181 -0.612291 -0.951881 0.239515 0.191194 -0.219239 0.277281 0.407371 0.870152 0.402331 0.31622 -0.384863 0.867113 0.400795 -0.930002 -0.306262 0.203222 -0.504304 0.187351 -0.87068 -0.45477 0.485867 
1533761917249 0.129982 0.881377 -0.454179 -0.612011 -0.951846 0.239194 0.191769 -0.219312 0.277658 0.407382 0.870027 0.402364 0.31622 -0.384863 0.867113 0.400795 -0.930002 -0.306262 0.203222 -0.504304 0.187351 -0.87068 -0.45477 0.485867 
1533761917323 0.130846 0.881245 -0.454187 -0.612369 -0.951891 0.239717 0.190888 -0.219265 0.277096 0.40736 0.870216 0.402288 0.31622 -0.384863 0.867113 0.400795 -0.930002 -0.306262 0.203222 -0.504304 0.187351 -0.87068 -0.45477 0.485867 
1533761917336 0.130507 0.881309 -0.454161 -0.612158 -0.951925 0.239431 0.191077 -0.219297 0.277139 0.40739 0.870188 0.402309 0.31622 -0.384863 0.867113 0.400795 -0.930002 -0.306262 0.203222 -0.504304 0.187351 -0.87068 -0.45477 0.485867 
1533761917353 0.13017 0.881372 -0.454135 -0.611941 -0.951959 0.239147 0.191266 -0.219326 0.277182 0.407421 0.87016 0.402331 0.31622 -0.384863 0.867113 0.400795 -0.930002 -0.306262 0.203222 -0.504304 0.187351 -0.87068 -0.45477 0.485867 
1533761917369 0.129832 0.881435 -0.454109 -0.611725 -0.951993 0.238862 0.191455 -0.219355 0.277225 0.407452 0.870132 0.402353 0.31622 -0.384863 0.867113 0.400795 -0.930002 -0.306262 0.203222 -0.504304 0.187351 -0.87068 -0.45477 0.485867 
1533761917376 0.129495 0.881498 -0.454084 -0.611508 -0.952026 0.238577 0.191644 -0.219384 0.277268 0.407483 0.870104 0.402375 0.31622 -0.384863 0.867113 0.400795 -0.930002 -0.306262 0.203222 -0.504304 0.187351 -0.87068 -0.45477 0.485867 
1533761917530 0.129157 0.881561 -0.454058 -0.611291 -0.952059 0.238292 0.191833 -0.219413 0.277311 0.407513 0.870075 0.402397 0.31622 -0.384863 0.867113 0.400795 -0.930002 -0.306262 0.203222 -0.504304 0.187351 -0.87068 -0.45477 0.485867 
1533761917569 0.128819 0.881624 -0.454032 -0.611075 -0.952093 0.238007 0.192023 -0.219442 0.277354 0.407544 0.870047 0.402418 0.31622 -0.384863 0.867113 0.400795 -0.930002 -0.306262 0.203222 -0.504304 0.187351 -0.87068 -0.45477 0.485867 
1533761917675 0.128482 0.881686 -0.454006 -0.610858 -0.952126 0.237722 0.192211 -0.21947 0.277397 0.407575 0.870019 0.40244 0.31622 -0.384863 0.867113 0.400795 -0.930002 -0.306262 0.203222 -0.504304 0.187351 -0.87068 -0.45477 0.485867 
1533761917722 0.128144 0.881749 -0.45398 -0.610642 -0.952159 0.237437 0.1924 -0.2195 0.27744 0.407606 0.869991 0.402462 0.31622 -0.384863 0.867113 0.400795 -0.930002 -0.306262 0.203222 -0.504304 0.187351 -0.87068 -0.45477 0.485867 
1533761917808 0.127806 0.881812 -0.453954 -0.610426 -0.952191 0.237151 0.19259 -0.219529 0.277483 0.407637 0.869963 0.402484 0.31622 -0.384863 0.867113 0.400795 -0.930002 -0.306262 0.203222 -0.504304 0.187351 -0.87068 -0.45477 0.485867 
1533761917873 0.128289 0.881693 -0.454048 -0.610782 -0.952199 0.237491 0.192133 -0.219455 0.277234 0.407696 0.870015 0.402383 0.31622 -0.384863 0.867113 0.400795 -0.930002 -0.306262 0.203222 -0.504304 0.187351 -0.87068 -0.45477 0.485867 
1533761917886 0.128011 0.881715 -0.454084 -0.610621 -0.952204 0.237302 0.192343 -0.219495 0.277346 0.407758 0.86995 0.402382 0.31622 -0.384863 0.867113 0.400795 -0.930002 -0.306262 0.203222 -0.504304 0.187351 -0.87068 -0.45477 0.485867 
1533761917905 0.127734 0.881736 -0.45412 -0.610455 -0.952209 0.237112 0.192552 -0.219533 0.277458 0.407822 0.869884 0.402382 0.31622 -0.384863 0.867113 0.400795 -0.930002 -0.306262 0.203222 -0.504304 0.187351 -0.87068 -0.45477 0.485867 
1533761917919 0.127456 0.881758 -0.454156 -0.610289 -0.952214 0.236923 0.192761 -0.219571 0.277569 0.407885 0.869819 0.402382 0.31622 -0.384863 0.867113 0.400795 -0.930002 -0.306262 0.203222 -0.504304 0.187351 -0.87068 -0.45477 0.485867 
1533761917926 0.127178 0.881779 -0.454193 -0.610123 -0.952218 0.236734 0.19297 -0.219609 0.27768 0.407949 0.869754 0.402382 0.31622 -0.384863 0.867113 0.400795 -0.930002 -0.306262 0.203222 -0.504304 0.187351 -0.87068 -0.45477 0.485867 
1533761917973 0.1269 0.881801 -0.454229 -0.609956 -0.952223 0.236545 0.193179 -0.219646 0.277791 0.408013 0.869688 0.402383 0.31622 -0.384863 0.867113 0.400795 -0.930002 -0.306262 0.203222 -0.504304 0.187351 -0.87068 -0.45477 0.485867 
1533761918065 0.126622 0.881822 -0.454265 -0.609791 -0.952227 0.236355 0.193389 -0.219684 0.277902 0.408076 0.869623 0.402383 0.31622 -0.384863 0.867113 0.400795 -0.930002 -0.306262 0.203222 -0.504304 0.187351 -0.87068 -0.45477 0.485867 
1533761918098 0.126345 0.881843 -0.454301 -0.609624 -0.952232 0.236166 0.193598 -0.219721 0.278013 0.40814 0.869557 0.402383 0.31622 -0.384863 0.867113 0.400795 -0.930002 -0.306262 0.203222 -0.504304 0.187351 -0.87068 -0.45477 0.485867 
1533761918147 0.126067 0.881864 -0.454337 -0.609459 -0.952236 0.235977 0.193807 -0.219759 0.278124 0.408204 0.869492 0.402383 0.31622 -0.384863 0.867113 0.400795 -0.930002 -0.306262 0.203222 -0.504304 0.187351 -0.87068 -0.45477 0.485867 
1533761918153 0.125789 0.881885 -0.454373 -0.609294 -0.952241 0.235787 0.194016 -0.219797 0.278235 0.408268 0.869427 0.402383 0.31622 -0.384863 0.867113 0.400795 -0.930002 -0.306262 0.203222 -0.504304 0.187351 -0.87068 -0.45477 0.485867 
1533761918258 0.126334 0.881868 -0.454256 -0.609627 -0.952271 0.236091 0.193497 -0.219731 0.277884 0.40813 0.869603 0.402384 0.31622 -0.384863 0.867113 0.400795 -0.930002 -0.306262 0.203222 -0.504304 0.187351 -0.87068 -0.45477 0.485867 
1533761918271 0.126048 0.88187 -0.454332 -0.609489 -0.952262 0.235925 0.193743 -0.219765 0.278045 0.408222 0.869509 0.402393 0.31622 -0.384863 0.867113 0.400795 -0.930002 -0.306262 0.203222 -0.504304 0.187351 -0.87068 -0.45477 0.485867 
1533761918287 0.125762 0.881871 -0.454408 -0.609346 -0.952253 0.235758 0.193991 -0.219797 0.278205 0.408315 0.869414 0.402402 0.31622 -0.384863 0.867113 0.400795 -0.930002 -0.306262 0.203222 -0.504304 0.187351 -0.87068 -0.45477 0.485867 
1533761918304 0.125477 0.881873 -0.454484 -0.609203 -0.952244 0.235592 0.194238 -0.219829 0.278366 0.408408 0.869319 0.402411 0.31622 -0.384863 0.867113 0.400795 -0.930002 -0.306262 0.203222 -0.504304 0.187351 -0.87068 -0.45477 0.485867 
1533761918320 0.125191 0.881874 -0.454561 -0.60906 -0.952234 0.235426 0.194485 -0.219861 0.278527 0.408501 0.869224 0.40242 0.31622 -0.384863 0.867113 0.400795 -0.930002 -0.306262 0.203222 -0.504304 0.187351 -0.87068 -0.45477 0.485867 
1533761918337 0.124905 0.881875 -0.454637 -0.608919 -0.952225 0.23526 0.194732 -0.219894 0.278687 0.408593 0.869129 0.402429 0.31622 -0.384863 0.867113 0.400795 -0.930002 -0.306262 0.203222 -0.504304 0.187351 -0.87068 -0.45477 0.485867 
1533761918465 0.124619 0.881876 -0.454713 -0.608775 -0.952215 0.235094 0.194979 -0.219925 0.278848 0.408687 0.869034 0.402439 0.31622 -0.384863 0.867113 0.400795 -0.930002 -0.306262 0.203222 -0.504304 0.187351 -0.87068 -0.45477 0.485867 
1533761918496 0.124333 0.881878 -0.454789 -0.608633 -0.952206 0.234928 0.195226 -0.219958 0.279008 0.40878 0.868938 0.402448 0.31622 -0.384863 0.867113 0.400795 -0.930002 -0.306262 0.203222 -0.504304 0.187351 -0.87068 -0.45477 0.485867 
1533761918526 0.124047 0.881879 -0.454865 -0.608491 -0.952196 0.234761 0.195473 -0.21999 0.279169 0.408872 0.868843 0.402457 0.31622 -0.384863 0.867113 0.400795 -0.930002 -0.306262 0.203222 -0.504304 0.187351 -0.87068 -0.45477 0.485867 
1533761918598 0.123762 0.88188 -0.454941 -0.608348 -0.952186 0.234596 0.19572 -0.220022 0.279329 0.408966 0.868748 0.402467 0.31622 -0.384863 0.867113 0.400795 -0.930002 -0.306262 0.203222 -0.504304 0.187351 -0.87068 -0.45477 0.485867 
1533761918638 0.124507 0.881885 -0.454727 -0.608659 -0.952199 0.235044 0.195121 -0.220008 0.278955 0.408696 0.868995 0.402474 0.31622 -0.384863 0.867113 0.400795 -0.930002 -0.306262 0.203222 -0.504304 0.187351 -0.87068 -0.45477 0.485867 
1533761918654 0.12435 0.881957 -0.45463 -0.608553 -0.952176 0.234948 0.195346 -0.220024 0.279102 0.408596 0.868994 0.402451 0.31622 -0.384863 0.867113 0.400795 -0.930002 -0.306262 0.203222 -0.504304 0.187351 -0.87068 -0.45477 0.485867 
1533761918670 0.124193 0.88203 -0.454533 -0.608443 -0.952153 0.234851 0.195573 -0.220041 0.279249 0.408496 0.868994 0.402428 0.31622 -0.384863 0.867113 0.400795 -0.930002 -0.306262 0.203222 -0.504304 0.187351 -0.87068 -0.45477 0.485867 
1533761918687 0.124035 0.882102 -0.454435 -0.608332 -0.952131 0.234753 0.1958 -0.220059 0.279396 0.408396 0.868994 0.402404 0.31622 -0.384863 0.867113 0.400795 -0.930002 -0.306262 0.203222 -0.504304 0.187351 -0.87068 -0.45477 0.485867 
1533761918703 0.123878 0.882174 -0.454338 -0.608223 -0.952108 0.234656 0.196027 -0.220076 0.279543 0.408295 0.868994 0.40238 0.31622 -0.384863 0.867113 0.400795 -0.930002 -0.306262 0.203222 -0.504304 0.187351 -0.87068 -0.45477 0.485867 
1533761918720 0.12372 0.882246 -0.454241 -0.608112 -0.952085 0.234559 0.196254 -0.220093 0.27969 0.408196 0.868993 0.402356 0.31622 -0.384863 0.867113 0.400795 -0.930002 -0.306262 0.203222 -0.504304 0.187351 -0.87068 -0.45477 0.485867 
1533761918752 0.123563 0.882319 -0.454143 -0.608003 -0.952063 0.234461 0.196481 -0.220109 0.279838 0.408095 0.868993 0.402333 0.31622 -0.384863 0.867113 0.400795 -0.930002 -0.306262 0.203222 -0.504304 0.187351 -0.87068 -0.45477 0.485867 
1533761918802 0.123405 0.882391 -0.454046 -0.607891 -0.95204 0.234364 0.196707 -0.220126 0.279985 0.407995 0.868993 0.402309 0.31622 -0.384863 0.867113 0.400795 -0.930002 -0.306262 0.203222 -0.504304 0.187351 -0.87068 -0.45477 0.485867 
1533761918955 0.123248 0.882463 -0.453949 -0.607782 -0.952017 0.234267 0.196934 -0.220143 0.280132 0.407895 0.868992 0.402286 0.31622 -0.384863 0.867113 0.400795 -0.930002 -0.306262 0.203222 -0.504304 0.187351 -0.87068 -0.45477 0.485867 
1533761918964 0.12309 0.882535 -0.453851 -0.607672 -0.951994 0.23417 0.197161 -0.22016 0.280279 0.407795 0.868992 0.402262 0.31622 -0.384863 0.867113 0.400795 -0.930002 -0.306262 0.203222 -0.504304 0.187351 -0.87068 -0.45477 0.485867 
1533761918985 0.123719 0.882242 -0.454249 -0.608054 -0.952066 0.234587 0.196311 -0.220151 0.279755 0.408188 0.868976 0.402334 0.31622 -0.384863 0.867113 0.400795 -0.930002 -0.306262 0.203222 -0.504304 0.187351 -0.87068 -0.45477 0.485867 
1533761918996 0.123641 0.882277 -0.454203 -0.607971 -0.952065 0.234525 0.196392 -0.220155 0.279795 0.408149 0.868982 0.402308 0.31622 -0.384863 0.867113 0.400795 -0.930002 -0.306262 0.203222 -0.504304 0.187351 -0.87068 -0.45477 0.485867 
1533761919012 0.123564 0.882312 -0.454156 -0.607886 -0.952064 0.234464 0.196473 -0.220158 0.279834 0.408109 0.868988 0.402282 0.31622 -0.384863 0.867113 0.400795 -0.930002 -0.306262 0.203222 -0.504304 0.187351 -0.87068 -0.45477 0.485867 
1533761919028 0.123487 0.882346 -0.454111 -0.607798 -0.952062 0.234403 0.196554 -0.22016 0.279873 0.40807 0.868994 0.402256 0.31622 -0.384863 0.867113 0.400795 -0.930002 -0.306262 0.203222 -0.504304 0.187351 -0.87068 -0.45477 0.485867 
1533761919047 0.12341 0.882381 -0.454064 -0.607713 -0.95206 0.234342 0.196634 -0.220163 0.279913 0.40803 0.869 0.40223 0.31622 -0.384863 0.867113 0.400795 -0.930002 -0.306262 0.203222 -0.504304 0.187351 -0.87068 -0.45477 0.485867 
1533761919052 0.123334 0.882415 -0.454018 -0.607626 -0.952059 0.234281 0.196715 -0.220165 0.279952 0.40799 0.869006 0.402205 0.31622 -0.384863 0.867113 0.400795 -0.930002 -0.306262 0.203222 -0.504304 0.187351 -0.87068 -0.45477 0.485867 
1533761919065 0.123257 0.88245 -0.453972 -0.60754 -0.952057 0.23422 0.196795 -0.220168 0.279991 0.407951 0.869012 0.402179 0.31622 -0.384863 0.867113 0.400795 -0.930002 -0.306262 0.203222 -0.504304 0.187351 -0.87068 -0.45477 0.485867 
1533761919082 0.12318 0.882484 -0.453926 -0.607453 -0.952055 0.234159 0.196876 -0.22017 0.28003 0.407912 0.869017 0.402153 0.31622 -0.384863 0.867113 0.400795 -0.930002 -0.306262 0.203222 -0.504304 0.187351 -0.87068 -0.45477 0.485867 
1533761919130 0.123103 0.882518 -0.45388 -0.607367 -0.952054 0.234098 0.196956 -0.220172 0.28007 0.407872 0.869023 0.402127 0.31622 -0.384863 0.867113 0.400795 -0.930002 -0.306262 0.203222 -0.504304 0.187351 -0.87068 -0.45477 0.485867 
1533761919176 0.123027 0.882553 -0.453834 -0.607281 -0.952052 0.234037 0.197037 -0.220175 0.280109 0.407832 0.869029 0.402102 0.31622 -0.384863 0.867113 0.400795 -0.930002 -0.306262 0.203222 -0.504304 0.187351 -0.87068 -0.45477 0.485867 
1533761919206 0.123292 0.882486 -0.453893 -0.607638 -0.952048 0.234239 0.196815 -0.22012 0.280006 0.407862 0.869049 0.402275 0.31622 -0.384863 0.867113 0.400795 -0.930002 -0.306262 0.203222 -0.504304 0.187351 -0.87068 -0.45477 0.485867 
1533761919217 0.123196 0.882411 -0.454063 -0.607557 -0.952047 0.234213 0.196854 -0.220119 0.280054 0.408038 0.86895 0.402269 0.31622 -0.384863 0.867113 0.400795 -0.930002 -0.306262 0.203222 -0.504304 0.187351 -0.87068 -0.45477 0.485867 
1533761919233 0.123101 0.882336 -0.454235 -0.607471 -0.952045 0.234189 0.196892 -0.220115 0.280102 0.408214 0.868852 0.402264 0.31622 -0.384863 0.867113 0.400795 -0.930002 -0.306262 0.203222 -0.504304 0.187351 -0.87068 -0.45477 0.485867 
1533761919250 0.123006 0.882261 -0.454406 -0.607386 -0.952043 0.234164 0.196931 -0.220112 0.28015 0.408391 0.868754 0.402259 0.31622 -0.384863 0.867113 0.400795 -0.930002 -0.306262 0.203222 -0.504304 0.187351 -0.87068 -0.45477 0.485867 
1533761919267 0.122911 0.882186 -0.454578 -0.6073 -0.952041 0.234139 0.196969 -0.220108 0.280198 0.408567 0.868655 0.402254 0.31622 -0.384863 0.867113 0.400795 -0.930002 -0.306262 0.203222 -0.504304 0.187351 -0.87068 -0.45477 0.485867 
1533761919336 0.122816 0.882111 -0.454749 -0.607215 -0.952039 0.234114 0.197007 -0.220105 0.280246 0.408744 0.868557 0.402249 0.31622 -0.384863 0.867113 0.400795 -0.930002 -0.306262 0.203222 -0.504304 0.187351 -0.87068 -0.45477 0.485867 
1533761919357 0.122722 0.882035 -0.454921 -0.607129 -0.952037 0.23409 0.197045 -0.220101 0.280293 0.40892 0.868458 0.402245 0.31622 -0.384863 0.867113 0.400795 -0.930002 -0.306262 0.203222 -0.504304 0.187351 -0.87068 -0.45477 0.485867 
1533761919402 0.122627 0.88196 -0.455092 -0.607044 -0.952035 0.234065 0.197084 -0.220098 0.280341 0.409096 0.86836 0.40224 0.31622 -0.384863 0.867113 0.400795 -0.930002 -0.306262 0.203222 -0.504304 0.187351 -0.87068 -0.45477 0.485867 
1533761919450 0.122532 0.881885 -0.455264 -0.606958 -0.952034 0.234041 0.197122 -0.220094 0.280389 0.409273 0.868261 0.402235 0.31622 -0.384863 0.867113 0.400795 -0.930002 -0.306262 0.203222 -0.504304 0.187351 -0.87068 -0.45477 0.485867 
1533761919474 0.122437 0.881809 -0.455435 -0.606873 -0.952032 0.234016 0.19716 -0.22009 0.280437 0.409449 0.868163 0.40223 0.31622 -0.384863 0.867113 0.400795 -0.930002 -0.306262 0.203222 -0.504304 0.187351 -0.87068 -0.45477 0.485867 
1533761919519 0.122682 0.882055 -0.454894 -0.607111 -0.952059 0.234025 0.197018 -0.220066 0.280238 0.408915 0.868479 0.40225 0.31622 -0.384863 0.867113 0.400795 -0.930002 -0.306262 0.203222 -0.504304 0.187351 -0.87068 -0.45477 0.485867 
1533761919530 0.122585 0.882008 -0.45501 -0.60706 -0.952107 0.233914 0.19692 -0.220057 0.280118 0.409079 0.86844 0.402262 0.31622 -0.384863 0.867113 0.400795 -0.930002 -0.306262 0.203222 -0.504304 0.187351 -0.87068 -0.45477 0.485867 
1533761919547 0.122488 0.881958 -0.455134 -0.606997 -0.952154 0.233806 0.19682 -0.220047 0.280001 0.40925 0.868398 0.402275 0.31622 -0.384863 0.867113 0.400795 -0.930002 -0.306262 0.203222 -0.504304 0.187351 -0.87068 -0.45477 0.485867 
1533761919564 0.122392 0.881907 -0.455259 -0.606933 -0.9522 0.233699 0.196721 -0.220036 0.279883 0.409421 0.868355 0.402288 0.31622 -0.384863 0.867113 0.400795 -0.930002 -0.306262 0.203222 -0.504304 0.187351 -0.87068 -0.45477 0.485867 
1533761919580 0.122295 0.881856 -0.455383 -0.606871 -0.952247 0.233591 0.196622 -0.220027 0.279766 0.409591 0.868312 0.402301 0.31622 -0.384863 0.867113 0.400795 -0.930002 -0.306262 0.203222 -0.504304 0.187351 -0.87068 -0.45477 0.485867 
1533761919597 0.122199 0.881805 -0.455508 -0.606807 -0.952294 0.233484 0.196523 -0.220017 0.279648 0.409762 0.868269 0.402314 0.31622 -0.384863 0.867113 0.400795 -0.930002 -0.306262 0.203222 -0.504304 0.187351 -0.87068 -0.45477 0.485867 
1533761919614 0.122103 0.881754 -0.455632 -0.606744 -0.952341 0.233376 0.196423 -0.220007 0.279531 0.409933 0.868227 0.402327 0.31622 -0.384863 0.867113 0.400795 -0.930002 -0.306262 0.203222 -0.504304 0.187351 -0.87068 -0.45477 0.485867 
1533761919632 0.122007 0.881703 -0.455756 -0.606681 -0.952388 0.233269 0.196324 -0.219998 0.279413 0.410104 0.868184 0.40234 0.31622 -0.384863 0.867113 0.400795 -0.930002 -0.306262 0.203222 -0.504304 0.187351 -0.87068 -0.45477 0.485867 
1533761919730 0.12191 0.881652 -0.45588 -0.606619 -0.952435 0.233161 0.196225 -0.219989 0.279296 0.410274 0.868141 0.402353 0.31622 -0.384863 0.867113 0.400795 -0.930002 -0.306262 0.203222 -0.504304 0.187351 -0.87068 -0.45477 0.485867 
1533761919746 0.121814 0.881601 -0.456005 -0.606555 -0.952481 0.233053 0.196126 -0.219978 0.279178 0.410445 0.868098 0.402366 0.31622 -0.384863 0.867113 0.400795 -0.930002 -0.306262 0.203222 -0.504304 0.187351 -0.87068 -0.45477 0.485867 
1533761919775 0.121945 0.881742 -0.455697 -0.606797 -0.952337 0.233287 0.196548 -0.219948 0.279613 0.410009 0.868164 0.402343 0.31622 -0.384863 0.867113 0.400795 -0.930002 -0.306262 0.203222 -0.504304 0.187351 -0.87068 -0.45477 0.485867 
1533761919787 0.121713 0.881773 -0.4557 -0.606693 -0.952355 0.2331 0.196681 -0.219991 0.279651 0.410049 0.868133 0.402347 0.31622 -0.384863 0.867113 0.400795 -0.930002 -0.306262 0.203222 -0.504304 0.187351 -0.87068 -0.45477 0.485867 
1533761919804 0.121481 0.881804 -0.455703 -0.606583 -0.952374 0.232914 0.196814 -0.220036 0.279691 0.41009 0.868101 0.40235 0.31622 -0.384863 0.867113 0.400795 -0.930002 -0.306262 0.203222 -0.504304 0.187351 -0.87068 -0.45477 0.485867 
1533761919820 0.12125 0.881833 -0.455707 -0.606473 -0.952392 0.232728 0.196947 -0.22008 0.27973 0.410131 0.868069 0.402354 0.31622 -0.384863 0.867113 0.400795 -0.930002 -0.306262 0.203222 -0.504304 0.187351 -0.87068 -0.45477 0.485867 
1533761919837 0.121018 0.881863 -0.45571 -0.606365 -0.952409 0.232542 0.19708 -0.220123 0.279769 0.410172 0.868037 0.402357 0.31622 -0.384863 0.867113 0.400795 -0.930002 -0.306262 0.203222 -0.504304 0.187351 -0.87068 -0.45477 0.485867 
1533761919932 0.120787 0.881893 -0.455714 -0.606255 -0.952427 0.232356 0.197213 -0.220167 0.279808 0.410214 0.868005 0.402361 0.31622 -0.384863 0.867113 0.400795 -0.930002 -0.306262 0.203222 -0.504304 0.187351 -0.87068 -0.45477 0.485867 
1533761919950 0.120555 0.881923 -0.455717 -0.606147 -0.952445 0.23217 0.197345 -0.22021 0.279847 0.410255 0.867973 0.402364 0.31622 -0.384863 0.867113 0.400795 -0.930002 -0.306262 0.203222 -0.504304 0.187351 -0.87068 -0.45477 0.485867 
1533761919966 0.120324 0.881953 -0.455721 -0.606037 -0.952463 0.231984 0.197478 -0.220253 0.279886 0.410296 0.86794 0.402368 0.31622 -0.384863 0.867113 0.400795 -0.930002 -0.306262 0.203222 -0.504304 0.187351 -0.87068 -0.45477 0.485867 
1533761919982 0.120092 0.881982 -0.455724 -0.605928 -0.952481 0.231798 0.197611 -0.220297 0.279925 0.410337 0.867908 0.402372 0.31622 -0.384863 0.867113 0.400795 -0.930002 -0.306262 0.203222 -0.504304 0.187351 -0.87068 -0.45477 0.485867 
1533761920042 0.11986 0.882012 -0.455728 -0.605819 -0.952498 0.231612 0.197744 -0.220341 0.279965 0.410378 0.867876 0.402375 0.31622 -0.384863 0.867113 0.400795 -0.930002 -0.306262 0.203222 -0.504304 0.187351 -0.87068 -0.45477 0.485867 
1533761920095 0.12062 0.881952 -0.455644 -0.606168 -0.952429 0.232222 0.197362 -0.220204 0.279875 0.410163 0.868007 0.402386 0.31622 -0.384863 0.867113 0.400795 -0.930002 -0.306262 0.203222 -0.504304 0.187351 -0.87068 -0.45477 0.485867 
1533761920108 0.120336 0.881924 -0.455774 -0.605997 -0.952481 0.231978 0.1974 -0.220275 0.279821 0.410362 0.867931 0.402391 0.31622 -0.384863 0.867113 0.400795 -0.930002 -0.306262 0.203222 -0.504304 0.187351 -0.87068 -0.45477 0.485867 
1533761920125 0.120052 0.881895 -0.455905 -0.605822 -0.952533 0.231734 0.197435 -0.220343 0.279766 0.410562 0.867854 0.402396 0.31622 -0.384863 0.867113 0.400795 -0.930002 -0.306262 0.203222 -0.504304 0.187351 -0.87068 -0.45477 0.485867 
1533761920145 0.119768 0.881866 -0.456036 -0.605647 -0.952585 0.231489 0.197471 -0.220411 0.27971 0.410762 0.867777 0.402401 0.31622 -0.384863 0.867113 0.400795 -0.930002 -0.306262 0.203222 -0.504304 0.187351 -0.87068 -0.45477 0.485867 
1533761920158 0.119484 0.881836 -0.456167 -0.605472 -0.952637 0.231245 0.197506 -0.220479 0.279655 0.410962 0.8677 0.402407 0.31622 -0.384863 0.867113 0.400795 -0.930002 -0.306262 0.203222 -0.504304 0.187351 -0.87068 -0.45477 0.485867 
1533761920286 0.1192 0.881807 -0.456297 -0.605298 -0.952689 0.231001 0.197542 -0.220548 0.279599 0.411162 0.867623 0.402412 0.31622 -0.384863 0.867113 0.400795 -0.930002 -0.306262 0.203222 -0.504304 0.187351 -0.87068 -0.45477 0.485867 
1533761920336 0.118916 0.881778 -0.456428 -0.605122 -0.95274 0.230757 0.197578 -0.220616 0.279544 0.411363 0.867546 0.402417 0.31622 -0.384863 0.867113 0.400795 -0.930002 -0.306262 0.203222 -0.504304 0.187351 -0.87068 -0.45477 0.485867 
1533761920391 0.118632 0.881748 -0.456559 -0.604948 -0.952792 0.230512 0.197614 -0.220685 0.279488 0.411563 0.867469 0.402423 0.31622 -0.384863 0.867113 0.400795 -0.930002 -0.306262 0.203222 -0.504304 0.187351 -0.87068 -0.45477 0.485867 
