1530626779635 0.275657 -0.8825 0.381061 -0.604483 0.633204 0.464965 0.618757 -0.181741 -0.723233 0.0707247 0.686973 0.426588 -0.00289174 -0.997324 -0.0730579 0.386287 -0.157599 0.0725998 -0.984831 -0.492501 0.987499 0.008666 -0.157387 0.444681 
1530626779648 0.25636 -0.939187 0.228488 0.190522 -0.09544 -0.259828 -0.960927 -0.632759 0.961858 0.224537 -0.156246 0.522991 -0.00422155 -0.997116 -0.075779 0.386345 -0.157679 0.0754954 -0.9846 -0.492398 0.987481 0.00779221 -0.157543 0.444411 
1530626779877 0.218501 -0.931404 0.291108 0.220456 0.106878 -0.27368 -0.955864 -0.527818 0.969966 0.23997 0.0397474 0.494922 -0.00555173 -0.996899 -0.0784997 0.386403 -0.157754 0.0783911 -0.984362 -0.492295 0.987463 0.00691871 -0.1577 0.444142 
1530626780103 0.16226 -0.93285 0.321655 0.11859 0.348692 -0.250737 -0.903075 -0.461437 0.923085 0.258692 0.284592 0.483134 -0.00688203 -0.996672 -0.0812196 0.386461 -0.157825 0.0812862 -0.984116 -0.492191 0.987443 0.00604578 -0.157859 0.443872 
1530626780360 0.101454 -0.93566 0.338006 0.00618325 0.566381 -0.224998 -0.792836 -0.420067 0.817875 0.271876 0.507113 0.472819 -0.00821298 -0.996437 -0.0839386 0.386518 -0.157892 0.0841807 -0.983862 -0.492088 0.987422 0.00517279 -0.158021 0.443602 
1530626780367 0.0360287 -0.940511 0.337848 -0.0997268 0.748977 -0.198404 -0.632194 -0.390054 0.661615 0.275817 0.697273 0.458167 -0.00954339 -0.996193 -0.0866569 0.386576 -0.157955 0.0870746 -0.9836 -0.491985 0.9874 0.00430104 -0.158185 0.443332 
1530626780620 -0.028658 -0.947013 0.319914 -0.200692 0.887811 -0.171177 -0.427189 -0.361428 0.459315 0.271781 0.845674 0.447097 -0.010874 -0.995939 -0.0893742 0.386634 -0.158015 0.0899679 -0.98333 -0.491883 0.987377 0.00342971 -0.158351 0.443063 
1530626781009 -0.0865608 -0.95418 0.286438 -0.298905 0.970218 -0.146033 -0.193265 -0.33332 0.226239 0.261179 0.938404 0.436097 -0.0122049 -0.995676 -0.0920905 0.386692 -0.15807 0.0928605 -0.983052 -0.491784 0.987352 0.00255871 -0.15852 0.442792 
1530626781284 -0.134169 -0.961548 0.239633 -0.39213 0.990702 -0.124655 0.0544986 -0.306217 -0.0225316 0.244717 0.969333 0.424433 -0.0135327 -0.995404 -0.0948064 0.386746 -0.158123 0.0957525 -0.982766 -0.491693 0.987327 0.00169156 -0.158692 0.442522 
1530626781553 -0.169134 -0.968199 0.184351 -0.470179 0.948618 -0.109163 0.296996 -0.284173 -0.267427 0.225111 0.936914 0.407963 -0.0148355 -0.995124 -0.0975046 0.386772 -0.158175 0.0986231 -0.982474 -0.491634 0.9873 0.000847333 -0.158867 0.442249 
1530626781860 -0.169134 -0.968199 0.184351 -0.470179 0.948618 -0.109163 0.296996 -0.284173 -0.267427 0.225111 0.936914 0.407963 -0.0148793 -0.99513 -0.0974429 0.386769 -0.158002 0.0985693 -0.982507 -0.491663 0.987327 0.000777191 -0.158699 0.442332 
1530626781878 0.279843 -0.930318 0.237057 0.205875 -0.110552 -0.276506 -0.954632 -0.484925 0.953659 0.24094 -0.180227 0.499532 -0.0150122 -0.9951 -0.0977227 0.386779 -0.158023 0.0988666 -0.982473 -0.491644 0.987321 0.000693318 -0.158733 0.442297 
1530626782009 0.233697 -0.928027 0.290089 0.185001 0.102142 -0.273268 -0.9565 -0.464226 0.966929 0.253162 0.0309292 0.494691 -0.0151447 -0.995071 -0.0980023 0.386788 -0.158044 0.0991637 -0.98244 -0.491624 0.987316 0.000609947 -0.158767 0.442262 
1530626782187 0.171679 -0.930653 0.323128 0.0945128 0.343354 -0.250907 -0.905071 -0.441983 0.923382 0.266329 0.276468 0.489173 -0.0152769 -0.995041 -0.0982815 0.386798 -0.158065 0.0994604 -0.982407 -0.491605 0.98731 0.000526785 -0.158801 0.442228 
1530626782353 0.105306 -0.934593 0.339774 -0.00556129 0.56304 -0.225599 -0.795042 -0.41627 0.819693 0.275029 0.502456 0.475998 -0.0154093 -0.995012 -0.0985613 0.386807 -0.158087 0.0997576 -0.982373 -0.491585 0.987305 0.000443494 -0.158835 0.442193 
1530626782481 0.0368383 -0.940237 0.338523 -0.103954 0.748813 -0.198353 -0.632404 -0.38911 0.661756 0.276787 0.696755 0.461136 -0.0155416 -0.994982 -0.0988407 0.386817 -0.158108 0.100054 -0.98234 -0.491566 0.9873 0.00036037 -0.158869 0.442158 
1530626782637 -0.0284509 -0.946963 0.32008 -0.202101 0.887724 -0.171131 -0.427389 -0.36114 0.459497 0.271983 0.84551 0.447866 -0.0156736 -0.994952 -0.0991199 0.386827 -0.158129 0.100351 -0.982306 -0.491546 0.987294 0.000277479 -0.158903 0.442123 
1530626782794 -0.0865127 -0.95417 0.286489 -0.299499 0.970199 -0.146024 -0.193365 -0.333176 0.226337 0.261223 0.938368 0.43638 -0.0158062 -0.994922 -0.0993998 0.386836 -0.15815 0.100648 -0.982272 -0.491527 0.987289 0.000194149 -0.158938 0.442088 
1530626782962 -0.134176 -0.961546 0.239636 -0.392487 0.990702 -0.124667 0.0544781 -0.306154 -0.0225084 0.244718 0.969333 0.424338 -0.015938 -0.994892 -0.0996793 0.386846 -0.158171 0.100945 -0.982238 -0.49151 0.987283 0.000111444 -0.158972 0.442053 
1530626783125 -0.169249 -0.968162 0.184436 -0.470704 0.948568 -0.109218 0.297137 -0.28431 -0.267533 0.22524 0.936853 0.407243 -0.0160672 -0.994862 -0.0999571 0.386852 -0.158192 0.10124 -0.982204 -0.491497 0.987278 3.11859e-05 -0.159006 0.442018 
1530626783269 -0.169249 -0.968162 0.184436 -0.470704 0.948568 -0.109218 0.297137 -0.28431 -0.267533 0.22524 0.936853 0.407243 -0.0161287 -0.994864 -0.0999274 0.386766 -0.15824 0.101221 -0.982199 -0.491534 0.987269 -2.91412e-05 -0.15906 0.442004 
1530626783282 0.28122 -0.929914 0.237013 0.204542 -0.111016 -0.276847 -0.954479 -0.481845 0.9532 0.242107 -0.181091 0.49876 -0.0149711 -0.995085 -0.0978883 0.386709 -0.157035 0.0990243 -0.982616 -0.491626 0.98748 0.000660993 -0.157745 0.442011 
1530626783599 0.234426 -0.92788 0.28997 0.182951 0.101468 -0.273298 -0.956563 -0.463047 0.966824 0.253665 0.0300816 0.495557 -0.0138168 -0.9953 -0.0958471 0.386653 -0.155827 0.0968284 -0.983027 -0.491718 0.987688 0.00135328 -0.156432 0.442018 
1530626783886 0.172205 -0.930537 0.323182 0.0929966 0.342876 -0.250944 -0.905242 -0.441645 0.923462 0.266698 0.275845 0.489888 -0.0126651 -0.99551 -0.0938039 0.386596 -0.154616 0.0946329 -0.983432 -0.491811 0.987893 0.00204835 -0.155121 0.442026 
1530626784172 0.105643 -0.934496 0.339937 -0.00654551 0.562675 -0.225684 -0.795276 -0.416303 0.8199 0.275289 0.501976 0.476432 -0.0115155 -0.995715 -0.0917592 0.38654 -0.153403 0.0924381 -0.983831 -0.491902 0.988097 0.00274687 -0.15381 0.442033 
1530626784504 0.0369688 -0.940169 0.338697 -0.1044 0.748834 -0.198368 -0.632375 -0.389087 0.661726 0.277006 0.696697 0.461965 -0.0103687 -0.995914 -0.0897122 0.386483 -0.152187 0.0902436 -0.984223 -0.491994 0.988297 0.00344795 -0.152501 0.44204 
1530626784796 -0.0284055 -0.946922 0.320206 -0.202161 0.887736 -0.171143 -0.427357 -0.361125 0.459475 0.272119 0.845478 0.448113 -0.0092247 -0.996107 -0.087663 0.386426 -0.150968 0.0880492 -0.98461 -0.492086 0.988496 0.0041516 -0.151193 0.442048 
1530626785084 -0.0865092 -0.954149 0.286558 -0.299488 0.970201 -0.146033 -0.193349 -0.333173 0.226331 0.261293 0.93835 0.436438 -0.0080834 -0.996296 -0.0856125 0.38637 -0.149748 0.0858559 -0.98499 -0.492175 0.988691 0.00485821 -0.149887 0.442059 
1530626785381 -0.134203 -0.961531 0.239684 -0.392526 0.990698 -0.124687 0.0545068 -0.306186 -0.0225244 0.244769 0.96932 0.424276 -0.00694641 -0.996478 -0.0835615 0.38632 -0.14853 0.0836648 -0.985362 -0.492259 0.988884 0.00556664 -0.148588 0.442085 
1530626785664 -0.169362 -0.968125 0.184528 -0.470907 0.948521 -0.109273 0.297266 -0.28445 -0.267627 0.225375 0.936794 0.406874 -0.00582902 -0.996654 -0.0815318 0.386303 -0.147351 0.0814992 -0.985721 -0.492321 0.989067 0.00626805 -0.147333 0.442192 
1530626785960 -0.169362 -0.968125 0.184528 -0.470907 0.948521 -0.109273 0.297266 -0.28445 -0.267627 0.225375 0.936794 0.406874 -0.00581084 -0.996663 -0.081422 0.386311 -0.147213 0.0813888 -0.985751 -0.492332 0.989088 0.00625838 -0.147195 0.442293 
1530626785971 0.28189 -0.929679 0.237139 0.204299 -0.111197 -0.277153 -0.95437 -0.480869 0.952981 0.242658 -0.181504 0.497936 -0.00615106 -0.996648 -0.0815768 0.386321 -0.148669 0.0815832 -0.985516 -0.492299 0.988868 0.00606598 -0.148673 0.442583 
1530626786197 0.234719 -0.9278 0.28999 0.182268 0.101145 -0.273393 -0.95657 -0.462903 0.966787 0.253857 0.029672 0.495798 -0.00649117 -0.996633 -0.0817304 0.386332 -0.150124 0.0817771 -0.985279 -0.492266 0.988646 0.00587407 -0.150149 0.442873 
1530626786203 0.172414 -0.930477 0.323243 0.0924589 0.342652 -0.251008 -0.905309 -0.441779 0.923506 0.266848 0.275553 0.490167 -0.00683142 -0.996618 -0.0818836 0.386342 -0.151578 0.0819713 -0.98504 -0.492233 0.988422 0.00568256 -0.151626 0.443163 
1530626786440 0.105773 -0.934448 0.340029 -0.00692804 0.562509 -0.22575 -0.795375 -0.416516 0.819997 0.275398 0.501757 0.476716 -0.00717188 -0.996604 -0.0820359 0.386352 -0.153032 0.0821655 -0.984799 -0.4922 0.988195 0.00549125 -0.153102 0.443453 
1530626786769 0.0370119 -0.940137 0.33878 -0.104654 0.748838 -0.198392 -0.632363 -0.389229 0.661719 0.277096 0.696667 0.462577 -0.00751257 -0.996589 -0.0821883 0.386363 -0.154486 0.0823606 -0.984556 -0.492167 0.987966 0.00530042 -0.154578 0.443743 
1530626786994 -0.0283558 -0.946855 0.320409 -0.202397 0.887765 -0.171176 -0.427285 -0.361229 0.459423 0.272332 0.845438 0.448894 -0.0078534 -0.996573 -0.0823398 0.386373 -0.155939 0.0825555 -0.984311 -0.492135 0.987735 0.00510983 -0.156053 0.444032 
1530626787226 -0.0865175 -0.954128 0.286628 -0.299546 0.970204 -0.146051 -0.193323 -0.333251 0.226317 0.261361 0.938334 0.43662 -0.00819435 -0.996558 -0.0824905 0.386383 -0.157391 0.0827504 -0.984063 -0.492103 0.987502 0.00491946 -0.157527 0.444318 
1530626787462 -0.134235 -0.961513 0.239738 -0.392566 0.990693 -0.124711 0.0545364 -0.306259 -0.0225395 0.244828 0.969305 0.424262 -0.00853533 -0.996543 -0.0826385 0.38639 -0.158835 0.0829435 -0.983815 -0.492074 0.987268 0.0047287 -0.158994 0.444583 
1530626787697 -0.169463 -0.968091 0.184612 -0.471042 0.948483 -0.109323 0.29737 -0.284594 -0.267699 0.225495 0.936744 0.406634 -0.00887534 -0.996529 -0.0827736 0.386382 -0.160221 0.0831245 -0.983575 -0.492052 0.987041 0.00453252 -0.160403 0.444746 
1530626787930 -0.169463 -0.968091 0.184612 -0.471042 0.948483 -0.109323 0.29737 -0.284594 -0.267699 0.225495 0.936744 0.406634 -0.00892021 -0.996533 -0.0827214 0.386358 -0.16026 0.0830801 -0.983572 -0.492087 0.987034 0.0044833 -0.160446 0.444704 
1530626787944 0.282374 -0.929509 0.23723 0.204062 -0.111326 -0.277374 -0.95429 -0.480225 0.952823 0.243057 -0.181802 0.497377 -0.00907519 -0.996578 -0.0821588 0.386355 -0.160017 0.0825507 -0.983656 -0.492036 0.987073 0.00421993 -0.160218 0.444721 
1530626788152 0.234932 -0.927742 0.290004 0.181774 0.100908 -0.273464 -0.956575 -0.462819 0.96676 0.253994 0.029371 0.495975 -0.0092302 -0.996623 -0.0815953 0.386352 -0.159773 0.0820203 -0.98374 -0.491986 0.987111 0.00395662 -0.159991 0.444737 
1530626788385 0.172568 -0.930432 0.32329 0.0920842 0.342475 -0.25106 -0.905362 -0.441874 0.923543 0.266955 0.275325 0.490388 -0.00938544 -0.996667 -0.0810317 0.38635 -0.159529 0.0814897 -0.983824 -0.491935 0.987149 0.00369332 -0.159763 0.444754 
1530626788671 0.105811 -0.934433 0.340057 -0.00710909 0.562492 -0.225761 -0.795383 -0.416622 0.820004 0.27544 0.501723 0.47709 -0.00954064 -0.996712 -0.0804682 0.386347 -0.159286 0.0809592 -0.983907 -0.491885 0.987186 0.00343035 -0.159534 0.444771 
1530626788900 0.0370435 -0.940116 0.338835 -0.104837 0.748837 -0.198407 -0.632358 -0.389321 0.661718 0.277157 0.696645 0.463046 -0.00969619 -0.996755 -0.0799045 0.386344 -0.159042 0.0804283 -0.98399 -0.491835 0.987224 0.00316724 -0.159306 0.444787 
1530626789092 -0.0283189 -0.946811 0.320541 -0.202579 0.88778 -0.171196 -0.427246 -0.361302 0.459397 0.27247 0.845408 0.449419 -0.00985095 -0.996799 -0.0793416 0.386342 -0.158799 0.079898 -0.984073 -0.491785 0.987262 0.00290533 -0.159078 0.444804 
1530626789276 -0.0865206 -0.954113 0.286674 -0.299599 0.970204 -0.146062 -0.193312 -0.333306 0.226314 0.261407 0.938322 0.436734 -0.0100065 -0.996842 -0.078778 0.38634 -0.158556 0.079367 -0.984155 -0.49174 0.987299 0.00264275 -0.158849 0.444821 
1530626789472 -0.134257 -0.961499 0.239779 -0.392596 0.99069 -0.124728 0.0545549 -0.306316 -0.0225473 0.244871 0.969293 0.424248 -0.0101598 -0.996885 -0.078216 0.386341 -0.158314 0.0788371 -0.984236 -0.491703 0.987336 0.00238304 -0.158622 0.444842 
1530626789699 -0.169536 -0.968067 0.184674 -0.471128 0.948456 -0.109359 0.297443 -0.284705 -0.267749 0.225582 0.936709 0.406474 -0.010304 -0.996926 -0.0776638 0.386343 -0.158084 0.0783152 -0.984315 -0.491695 0.987372 0.00213508 -0.158405 0.444882 
1530626789899 -0.169536 -0.968067 0.184674 -0.471128 0.948456 -0.109359 0.297443 -0.284705 -0.267749 0.225582 0.936709 0.406474 -0.0101866 -0.996914 -0.0778413 0.386375 -0.158183 0.0784716 -0.984287 -0.491662 0.987357 0.00228666 -0.158494 0.444815 
1530626789912 0.282708 -0.929392 0.237292 0.203876 -0.111413 -0.277526 -0.954236 -0.479808 0.952714 0.243332 -0.182005 0.497005 -0.00995813 -0.996774 -0.0796406 0.386338 -0.156265 0.0802173 -0.984452 -0.491706 0.987665 0.00264174 -0.15656 0.444564 
1530626790162 0.235076 -0.927702 0.290013 0.181438 0.100747 -0.273512 -0.956578 -0.462768 0.966742 0.254086 0.0291671 0.496096 -0.00972611 -0.996631 -0.0814385 0.386301 -0.154347 0.0819626 -0.984611 -0.49175 0.987969 0.00299335 -0.154624 0.444314 
1530626790394 0.17267 -0.930403 0.32332 0.0918329 0.342358 -0.251094 -0.905397 -0.441939 0.923567 0.267026 0.275174 0.490536 -0.00949046 -0.996485 -0.0832356 0.386264 -0.152428 0.0837082 -0.984763 -0.491793 0.988269 0.00334161 -0.152687 0.444063 
1530626790631 0.105836 -0.934424 0.340076 -0.00723034 0.562481 -0.225767 -0.79539 -0.41669 0.820009 0.275466 0.501701 0.47733 -0.00925128 -0.996335 -0.0850321 0.386227 -0.15051 0.0854544 -0.984908 -0.491837 0.988565 0.00368648 -0.150749 0.443813 
1530626790878 0.0370637 -0.940103 0.338869 -0.104956 0.748836 -0.198416 -0.632357 -0.38938 0.661718 0.277195 0.69663 0.463335 -0.00900843 -0.996183 -0.086828 0.38619 -0.14859 0.0872011 -0.985047 -0.49188 0.988858 0.00402809 -0.148809 0.443562 
1530626791132 -0.0282958 -0.946785 0.32062 -0.202697 0.887787 -0.171208 -0.427225 -0.361348 0.459383 0.272554 0.845389 0.449734 -0.00876251 -0.996027 -0.088623 0.386152 -0.146672 0.088948 -0.985178 -0.491921 0.989146 0.00436586 -0.146868 0.443313 
1530626791368 -0.0865205 -0.954105 0.286702 -0.299638 0.970204 -0.146068 -0.193308 -0.333339 0.226315 0.261434 0.938314 0.436799 -0.00851367 -0.995868 -0.0904173 0.386114 -0.144754 0.0906955 -0.985302 -0.49196 0.989431 0.00469971 -0.144928 0.443066 
1530626791611 -0.13427 -0.961491 0.239806 -0.392616 0.990688 -0.124739 0.0545648 -0.306355 -0.0225505 0.244899 0.969286 0.424235 -0.00826317 -0.995705 -0.0922117 0.386077 -0.142841 0.0924445 -0.985419 -0.491987 0.989711 0.00502896 -0.142992 0.442835 
1530626791878 -0.169585 -0.96805 0.184716 -0.47118 0.948438 -0.109384 0.297492 -0.284785 -0.267782 0.225642 0.936685 0.406376 -0.00801546 -0.99554 -0.0939965 0.386057 -0.14099 0.0941856 -0.985521 -0.491982 0.989979 0.00535315 -0.141116 0.442687 
1530626792116 -0.169585 -0.96805 0.184716 -0.47118 0.948438 -0.109384 0.297492 -0.284785 -0.267782 0.225642 0.936685 0.406376 -0.00799663 -0.995542 -0.0939783 0.386099 -0.141093 0.0941644 -0.985508 -0.491971 0.989964 0.00537894 -0.141217 0.442665 
1530626792127 0.282917 -0.929318 0.237331 0.203751 -0.111466 -0.277621 -0.954202 -0.479557 0.952646 0.243505 -0.182131 0.496777 -0.0080112 -0.995623 -0.0931125 0.386065 -0.139438 0.093318 -0.985824 -0.491936 0.990198 0.00508577 -0.139575 0.442429 
1530626792416 0.235164 -0.927678 0.290019 0.181231 0.100648 -0.273541 -0.95658 -0.462739 0.966731 0.254143 0.0290415 0.49617 -0.00802761 -0.995704 -0.0922462 0.386031 -0.137783 0.0924707 -0.986136 -0.491901 0.99043 0.00479365 -0.137933 0.442192 
1530626792690 0.172732 -0.930385 0.323339 0.0916798 0.342287 -0.251114 -0.905418 -0.441978 0.923582 0.267069 0.275084 0.490625 -0.00804485 -0.995784 -0.0913805 0.385998 -0.136129 0.0916233 -0.986445 -0.491865 0.990659 0.00450369 -0.136292 0.441956 
1530626792955 0.105851 -0.934418 0.340086 -0.00730385 0.562474 -0.225771 -0.795394 -0.41673 0.820012 0.275482 0.501688 0.477467 -0.00806436 -0.995863 -0.0905139 0.385964 -0.134473 0.0907747 -0.986751 -0.49183 0.990884 0.00421415 -0.134648 0.441719 
1530626793223 0.037075 -0.940096 0.338887 -0.105026 0.748835 -0.19842 -0.632357 -0.389414 0.661719 0.277215 0.696621 0.463491 -0.00808485 -0.995941 -0.0896478 0.385931 -0.132817 0.0899259 -0.987053 -0.491795 0.991108 0.00392659 -0.133005 0.441483 
1530626793499 -0.028283 -0.946772 0.32066 -0.202765 0.88779 -0.171214 -0.427217 -0.361373 0.459378 0.272596 0.845378 0.449896 -0.00810662 -0.996018 -0.0887817 0.385898 -0.131162 0.0890767 -0.987351 -0.491761 0.991328 0.00364066 -0.131361 0.441247 
1530626793782 -0.0865169 -0.954102 0.286714 -0.299666 0.970203 -0.146069 -0.193312 -0.333355 0.226319 0.261446 0.93831 0.436832 -0.00812926 -0.996095 -0.0879162 0.385866 -0.129507 0.0882274 -0.987646 -0.491731 0.991545 0.00335692 -0.129718 0.441015 
1530626794065 -0.134277 -0.961486 0.239823 -0.39263 0.990687 -0.124744 0.0545694 -0.306379 -0.0225511 0.244917 0.969282 0.424227 -0.00815111 -0.99617 -0.0870538 0.385839 -0.12786 0.0873803 -0.987936 -0.491711 0.991759 0.00307789 -0.128082 0.440805 
1530626794355 -0.169618 -0.968039 0.184744 -0.471209 0.948426 -0.109402 0.297522 -0.284841 -0.267802 0.225682 0.93667 0.406324 -0.0081609 -0.996243 -0.0862148 0.385828 -0.126278 0.0865542 -0.988212 -0.491726 0.991961 0.00282236 -0.12651 0.44071 
1530626794624 -0.169618 -0.968039 0.184744 -0.471209 0.948426 -0.109402 0.297522 -0.284841 -0.267802 0.225682 0.93667 0.406324 -0.00806218 -0.996255 -0.0860822 0.385847 -0.126261 0.0864103 -0.988226 -0.491727 0.991964 0.00290153 -0.126484 0.440766 
1530626794636 0.283035 -0.929276 0.237354 0.203678 -0.111495 -0.277674 -0.954183 -0.479421 0.952607 0.243603 -0.182201 0.496651 -0.00877204 -0.996145 -0.0872855 0.385876 -0.128732 0.0876875 -0.987795 -0.491677 0.991641 0.00257143 -0.129005 0.441092 
1530626794930 0.235214 -0.927665 0.290023 0.181115 0.100592 -0.273558 -0.956581 -0.462724 0.966724 0.254175 0.0289714 0.496212 -0.00948553 -0.996032 -0.088486 0.385905 -0.131201 0.0889647 -0.987356 -0.491627 0.99131 0.00224386 -0.131524 0.441418 
1530626795240 0.172766 -0.930375 0.323349 0.0915947 0.342249 -0.251125 -0.905429 -0.442 0.92359 0.267093 0.275034 0.490675 -0.010202 -0.995918 -0.0896841 0.385934 -0.133668 0.0902421 -0.986909 -0.491576 0.990974 0.00191951 -0.134043 0.441745 
1530626795541 0.105859 -0.934415 0.340092 -0.00734469 0.56247 -0.225773 -0.795396 -0.416752 0.820013 0.275491 0.50168 0.477541 -0.0109214 -0.995802 -0.0908812 0.385963 -0.136134 0.0915211 -0.986454 -0.491526 0.99063 0.00159857 -0.136562 0.442071 
1530626795879 0.0370804 -0.940093 0.338895 -0.105064 0.748834 -0.198423 -0.632357 -0.389433 0.661719 0.277225 0.696616 0.463574 -0.0116438 -0.995684 -0.0920758 0.385991 -0.138598 0.0928003 -0.985991 -0.491475 0.99028 0.00128085 -0.13908 0.442397 
1530626796275 -0.0282778 -0.946766 0.320677 -0.202804 0.887791 -0.171217 -0.427214 -0.36139 0.459377 0.272614 0.845373 0.449984 -0.0123693 -0.995564 -0.0932687 0.38602 -0.14106 0.0940804 -0.985521 -0.491424 0.989924 0.000966309 -0.141598 0.442721 
1530626796597 -0.0865136 -0.954099 0.286722 -0.299695 0.970203 -0.146068 -0.193314 -0.333369 0.226322 0.261455 0.938307 0.436884 -0.0130976 -0.995443 -0.0944587 0.386047 -0.143518 0.0953602 -0.985043 -0.491374 0.989561 0.000654816 -0.144113 0.44304 
1530626796904 -0.134283 -0.961482 0.239834 -0.392645 0.990686 -0.124749 0.0545738 -0.3064 -0.0225527 0.244929 0.969279 0.424239 -0.013829 -0.99532 -0.095643 0.38607 -0.145963 0.096637 -0.984559 -0.491323 0.989193 0.000344927 -0.146617 0.443327 
1530626797227 -0.169639 -0.968032 0.184762 -0.471226 0.948419 -0.109412 0.297541 -0.284878 -0.267814 0.225707 0.93666 0.4063 -0.0145609 -0.995198 -0.0967969 0.386061 -0.148312 0.0978859 -0.984084 -0.491274 0.988833 2.69663e-05 -0.149025 0.443446 
1530626797502 -0.169639 -0.968032 0.184762 -0.471226 0.948419 -0.109412 0.297541 -0.284878 -0.267814 0.225707 0.93666 0.4063 -0.0145827 -0.995208 -0.0966918 0.38605 -0.148136 0.0977853 -0.984121 -0.491291 0.988859 -2.75344e-05 -0.148852 0.443509 
1530626797515 0.283098 -0.929254 0.237365 0.203638 -0.111511 -0.277703 -0.954173 -0.479351 0.952586 0.243656 -0.182239 0.496585 -0.0143514 -0.995141 -0.0974067 0.386079 -0.149228 0.0984573 -0.983889 -0.491349 0.988699 0.000415614 -0.149916 0.443678 
1530626797801 0.23524 -0.927657 0.290025 0.181053 0.100563 -0.273566 -0.956582 -0.462717 0.966721 0.254192 0.0289338 0.496235 -0.0141213 -0.995074 -0.0981212 0.386109 -0.15032 0.0991285 -0.983655 -0.491406 0.988537 0.000859078 -0.150979 0.443847 
1530626798107 0.172784 -0.93037 0.323354 0.0915492 0.342228 -0.251131 -0.905435 -0.442012 0.923594 0.267106 0.275007 0.490702 -0.0138916 -0.995007 -0.0988368 0.386138 -0.151412 0.0997998 -0.98342 -0.491463 0.988373 0.00130379 -0.152042 0.444016 
1530626798352 0.105863 -0.934413 0.340095 -0.00736661 0.562468 -0.225774 -0.795397 -0.416764 0.820014 0.275496 0.501677 0.477582 -0.0136632 -0.994939 -0.0995516 0.386167 -0.152504 0.10047 -0.983183 -0.491521 0.988208 0.00174853 -0.153105 0.444185 
1530626798596 0.0370831 -0.940091 0.3389 -0.105084 0.748834 -0.198424 -0.632358 -0.389445 0.66172 0.277229 0.696614 0.46362 -0.0134352 -0.99487 -0.100267 0.386196 -0.153596 0.10114 -0.982944 -0.491577 0.988042 0.00219462 -0.154167 0.444354 
1530626798848 -0.0282759 -0.946763 0.320686 -0.202827 0.887792 -0.171219 -0.427212 -0.361402 0.459376 0.272623 0.84537 0.450036 -0.0132085 -0.9948 -0.100983 0.386224 -0.154688 0.101809 -0.982704 -0.491632 0.987875 0.00264078 -0.155228 0.444522 
1530626799109 -0.086513 -0.954094 0.286741 -0.299717 0.970204 -0.14607 -0.193308 -0.333383 0.226319 0.261474 0.938302 0.436942 -0.0129833 -0.994731 -0.101698 0.386251 -0.155778 0.102477 -0.982462 -0.491683 0.987707 0.00308671 -0.156288 0.444688 
1530626799364 -0.134286 -0.96148 0.239841 -0.392654 0.990686 -0.124751 0.0545765 -0.306412 -0.0225538 0.244936 0.969277 0.424247 -0.0127617 -0.99466 -0.10241 0.386274 -0.156863 0.103142 -0.98222 -0.491719 0.987538 0.00352961 -0.157341 0.444838 
1530626799664 -0.16965 -0.968028 0.184772 -0.471236 0.948415 -0.109418 0.297552 -0.284898 -0.267821 0.22572 0.936655 0.406288 -0.0125564 -0.994591 -0.103103 0.386287 -0.157899 0.10379 -0.981985 -0.491712 0.987375 0.00394968 -0.158349 0.444904 
1530626799914 -0.16965 -0.968028 0.184772 -0.471236 0.948415 -0.109418 0.297552 -0.284898 -0.267821 0.22572 0.936655 0.406288 -0.0125512 -0.994598 -0.103042 0.386278 -0.157837 0.103728 -0.982002 -0.49174 0.987385 0.00393846 -0.158286 0.444897 
1530626799925 0.283132 -0.929242 0.237372 0.203617 -0.111519 -0.277718 -0.954168 -0.479314 0.952575 0.243684 -0.18226 0.49655 -0.0116372 -0.994837 -0.100815 0.386268 -0.157372 0.101388 -0.982321 -0.491828 0.987471 0.00443402 -0.157739 0.444819 
1530626800269 0.235254 -0.927653 0.290025 0.18102 0.100547 -0.273571 -0.956582 -0.462713 0.966719 0.254201 0.0289137 0.496247 -0.0107247 -0.99507 -0.0985892 0.386258 -0.156904 0.0990482 -0.982634 -0.491916 0.987556 0.00493064 -0.157193 0.444741 
1530626800554 0.172794 -0.930367 0.323357 0.0915249 0.342217 -0.251134 -0.905439 -0.442018 0.923596 0.267113 0.274993 0.490716 -0.00981326 -0.995298 -0.096362 0.386247 -0.156434 0.0967082 -0.982942 -0.492004 0.98764 0.00542846 -0.156648 0.444663 
1530626800827 0.105865 -0.934413 0.340097 -0.0073783 0.562467 -0.225774 -0.795397 -0.416771 0.820014 0.275498 0.501674 0.477603 -0.00890275 -0.99552 -0.094134 0.386237 -0.155962 0.094368 -0.983245 -0.492092 0.987723 0.00592777 -0.156104 0.444584 
1530626801110 0.0370845 -0.94009 0.338902 -0.105095 0.748833 -0.198425 -0.632358 -0.389451 0.66172 0.277232 0.696613 0.463644 -0.00799312 -0.995736 -0.0919052 0.386227 -0.155489 0.0920279 -0.983542 -0.49218 0.987805 0.00642864 -0.155561 0.444506 
1530626801400 -0.0282748 -0.946762 0.32069 -0.202839 0.887792 -0.17122 -0.427211 -0.361408 0.459376 0.272627 0.845369 0.450063 -0.00708491 -0.995946 -0.0896753 0.386217 -0.155013 0.0896874 -0.983833 -0.492268 0.987887 0.00693043 -0.155019 0.444429 
1530626801407 -0.0865127 -0.954091 0.286751 -0.299729 0.970204 -0.146072 -0.193305 -0.333391 0.226317 0.261484 0.9383 0.436972 -0.00617817 -0.99615 -0.0874441 0.386207 -0.154534 0.0873463 -0.984119 -0.492354 0.987968 0.00743305 -0.154479 0.444353 
1530626801688 -0.134288 -0.961479 0.239845 -0.392659 0.990686 -0.124752 0.0545779 -0.306418 -0.0225543 0.24494 0.969276 0.424251 -0.0052735 -0.996349 -0.0852135 0.3862 -0.154058 0.0850069 -0.984398 -0.492436 0.988048 0.00793664 -0.153944 0.444291 
1530626802035 -0.169656 -0.968026 0.184777 -0.471241 0.948413 -0.109421 0.297557 -0.284909 -0.267825 0.225728 0.936652 0.406281 -0.00438294 -0.996539 -0.0830061 0.386212 -0.153605 0.0826927 -0.984666 -0.492501 0.988123 0.00843439 -0.153435 0.444294 
1530626802326 -0.169656 -0.968026 0.184777 -0.471241 0.948413 -0.109421 0.297557 -0.284909 -0.267825 0.225728 0.936652 0.406281 -0.00429149 -0.996535 -0.0830587 0.386217 -0.153575 0.0827309 -0.984668 -0.492452 0.988128 0.00853009 -0.153398 0.444316 
1530626802337 0.28315 -0.929236 0.237375 0.203606 -0.111524 -0.277726 -0.954165 -0.479294 0.952569 0.243699 -0.18227 0.496531 -0.00490157 -0.996569 -0.0826193 0.386204 -0.15301 0.0823948 -0.984784 -0.492352 0.988213 0.00781457 -0.152889 0.444234 
1530626802551 0.235262 -0.927651 0.290026 0.181003 0.100538 -0.273574 -0.956582 -0.462711 0.966718 0.254206 0.0289031 0.496253 -0.00551168 -0.996602 -0.0821793 0.386191 -0.152444 0.0820574 -0.9849 -0.492253 0.988297 0.00709928 -0.152378 0.444153 
1530626802781 0.172799 -0.930365 0.323358 0.0915121 0.342211 -0.251136 -0.905441 -0.442021 0.923597 0.267116 0.274985 0.490724 -0.00612218 -0.996635 -0.0817395 0.386177 -0.151878 0.0817194 -0.985015 -0.492154 0.98838 0.00638399 -0.151867 0.444071 
1530626803047 0.105867 -0.934412 0.340097 -0.00738445 0.562466 -0.225774 -0.795398 -0.416774 0.820015 0.275499 0.501673 0.477614 -0.00673234 -0.996667 -0.0813005 0.386164 -0.151313 0.0813816 -0.98513 -0.492054 0.988463 0.00566957 -0.151356 0.443989 
1530626803265 0.0370853 -0.94009 0.338904 -0.105101 0.748833 -0.198425 -0.632358 -0.389454 0.66172 0.277233 0.696612 0.463657 -0.00734343 -0.996698 -0.0808611 0.386151 -0.150747 0.0810426 -0.985245 -0.491956 0.988545 0.0049545 -0.150844 0.443907 
1530626803486 -0.0282743 -0.946761 0.320693 -0.202845 0.887792 -0.171221 -0.42721 -0.361411 0.459375 0.27263 0.845368 0.450078 -0.00795406 -0.996729 -0.0804226 0.386139 -0.150182 0.0807036 -0.985359 -0.491859 0.988626 0.00424042 -0.150333 0.443826 
1530626803701 -0.0865125 -0.954089 0.286756 -0.299735 0.970204 -0.146072 -0.193304 -0.333395 0.226316 0.261489 0.938299 0.436988 -0.00856392 -0.996759 -0.0799848 0.386128 -0.149618 0.0803646 -0.985473 -0.491769 0.988707 0.00352764 -0.149821 0.443745 
1530626803708 -0.134289 -0.961478 0.239846 -0.392662 0.990686 -0.124753 0.0545786 -0.306421 -0.0225546 0.244942 0.969275 0.424254 -0.00917025 -0.996789 -0.0795496 0.386121 -0.149057 0.0800267 -0.985585 -0.491697 0.988786 0.00281937 -0.149312 0.443673 
1530626803927 -0.169659 -0.968025 0.18478 -0.471244 0.948412 -0.109422 0.29756 -0.284915 -0.267826 0.225731 0.936651 0.406278 -0.00975358 -0.996817 -0.0791298 0.386112 -0.148524 0.0796999 -0.985692 -0.491682 0.988861 0.00213866 -0.148829 0.443647 
1530626804193 -0.169659 -0.968025 0.18478 -0.471244 0.948412 -0.109422 0.29756 -0.284915 -0.267826 0.225731 0.936651 0.406278 -0.00986363 -0.996811 -0.0791838 0.386054 -0.148625 0.0797695 -0.985671 -0.491706 0.988844 0.00204643 -0.148938 0.443648 
1530626804204 0.283159 -0.929232 0.237377 0.2036 -0.111526 -0.27773 -0.954163 -0.479284 0.952566 0.243706 -0.182276 0.496521 -0.00891846 -0.9969 -0.0781761 0.386098 -0.150833 0.0786258 -0.985428 -0.491836 0.988519 0.00300305 -0.151067 0.44394 
1530626804488 0.235265 -0.92765 0.290026 0.180994 0.100534 -0.273575 -0.956582 -0.46271 0.966718 0.254208 0.0288977 0.496256 -0.00797081 -0.996986 -0.0771705 0.386142 -0.153038 0.0774801 -0.985178 -0.491965 0.988188 0.00395735 -0.153194 0.444232 
1530626804777 0.172802 -0.930365 0.323359 0.0915054 0.342208 -0.251137 -0.905441 -0.442023 0.923598 0.267118 0.274981 0.490728 -0.00702101 -0.99707 -0.0761665 0.386185 -0.155241 0.0763317 -0.984923 -0.492094 0.987852 0.00490899 -0.155322 0.444525 
1530626805061 0.105867 -0.934412 0.340098 -0.00738763 0.562466 -0.225775 -0.795398 -0.416776 0.820015 0.2755 0.501673 0.47762 -0.00606896 -0.997153 -0.0751647 0.386229 -0.157442 0.0751814 -0.984662 -0.492223 0.98751 0.00585821 -0.15745 0.444817 
1530626805365 0.0370857 -0.94009 0.338904 -0.105104 0.748833 -0.198425 -0.632358 -0.389455 0.66172 0.277234 0.696612 0.463663 -0.0051145 -0.997233 -0.0741654 0.386272 -0.159642 0.0740294 -0.984395 -0.492351 0.987162 0.00680522 -0.159579 0.445109 
1530626805646 -0.028274 -0.946761 0.320694 -0.202848 0.887792 -0.171221 -0.42721 -0.361412 0.459375 0.272631 0.845368 0.450085 -0.00415835 -0.997311 -0.0731674 0.386315 -0.161839 0.0728746 -0.984123 -0.492477 0.986808 0.00774902 -0.161707 0.445401 
1530626805918 -0.0865125 -0.954088 0.286759 -0.299738 0.970204 -0.146073 -0.193303 -0.333397 0.226316 0.261492 0.938298 0.436996 -0.00320119 -0.997387 -0.0721705 0.386355 -0.164033 0.071717 -0.983844 -0.492596 0.98645 0.00868887 -0.163834 0.445689 
1530626806234 -0.134289 -0.961478 0.239847 -0.392663 0.990685 -0.124753 0.054579 -0.306423 -0.0225547 0.244943 0.969275 0.424255 -0.00224662 -0.997462 -0.0711717 0.38639 -0.166216 0.0705543 -0.983562 -0.492693 0.986087 0.00962018 -0.165953 0.445954 
1530626806552 -0.169661 -0.968024 0.184781 -0.471245 0.948411 -0.109423 0.297561 -0.284918 -0.267827 0.225733 0.93665 0.406276 -0.00132406 -0.997535 -0.0701609 0.386417 -0.168314 0.0693823 -0.983289 -0.492724 0.985733 0.0105071 -0.167991 0.446098 
1530626806847 -0.169661 -0.968024 0.184781 -0.471245 0.948411 -0.109423 0.297561 -0.284918 -0.267827 0.225733 0.93665 0.406276 -0.00139274 -0.997529 -0.0702372 0.386424 -0.168236 0.0694699 -0.983296 -0.492756 0.985746 0.0104469 -0.167917 0.446078 
1530626806859 0.283164 -0.929231 0.237378 0.203597 -0.111527 -0.277733 -0.954163 -0.479279 0.952565 0.24371 -0.182279 0.496517 -0.00103132 -0.997598 -0.0692686 0.386436 -0.168462 0.068452 -0.983329 -0.492786 0.985708 0.010655 -0.168128 0.446125 
1530626807090 0.235267 -0.92765 0.290026 0.180989 0.100532 -0.273576 -0.956582 -0.462709 0.966717 0.254209 0.0288948 0.496258 -0.000670381 -0.997665 -0.0683002 0.386448 -0.168687 0.0674342 -0.98336 -0.492816 0.985669 0.0108621 -0.168339 0.446172 
1530626807307 0.172803 -0.930364 0.32336 0.091502 0.342206 -0.251137 -0.905442 -0.442024 0.923598 0.267119 0.274979 0.49073 -0.000309427 -0.997731 -0.0673314 0.386459 -0.168912 0.066416 -0.983391 -0.492847 0.985631 0.0110688 -0.168549 0.446219 
1530626807512 0.105867 -0.934412 0.340098 -0.00738928 0.562466 -0.225775 -0.795398 -0.416777 0.820015 0.2755 0.501673 0.477623 5.1961e-05 -0.997796 -0.0663631 0.386471 -0.169137 0.0653982 -0.98342 -0.492877 0.985593 0.0112755 -0.168761 0.446266 
1530626807758 0.0370859 -0.94009 0.338905 -0.105105 0.748833 -0.198426 -0.632358 -0.389456 0.66172 0.277235 0.696611 0.463667 0.00041346 -0.997859 -0.0653946 0.386483 -0.169361 0.0643801 -0.983449 -0.492907 0.985554 0.0114819 -0.168972 0.446313 
1530626807981 -0.0282738 -0.946761 0.320695 -0.20285 0.887792 -0.171221 -0.42721 -0.361413 0.459375 0.272631 0.845368 0.450089 0.000774894 -0.997922 -0.0644258 0.386495 -0.169585 0.0633615 -0.983477 -0.492937 0.985515 0.0116877 -0.169183 0.44636 
1530626808273 -0.0865124 -0.954088 0.28676 -0.299739 0.970205 -0.146073 -0.193303 -0.333398 0.226316 0.261493 0.938298 0.437 0.00113642 -0.997984 -0.0634574 0.386506 -0.169808 0.0623433 -0.983503 -0.492967 0.985476 0.0118933 -0.169395 0.446407 
1530626808492 -0.134289 -0.961478 0.239848 -0.392664 0.990685 -0.124754 0.0545792 -0.306424 -0.0225548 0.244943 0.969275 0.424256 0.00149782 -0.998045 -0.0624883 0.386518 -0.170031 0.0613243 -0.983529 -0.492994 0.985438 0.0120981 -0.169607 0.446454 
1530626808707 -0.169662 -0.968024 0.184782 -0.471246 0.948411 -0.109424 0.297562 -0.284919 -0.267828 0.225734 0.93665 0.406275 0.00185305 -0.998104 -0.0615265 0.386533 -0.170247 0.0603135 -0.983554 -0.493014 0.9854 0.0122973 -0.169813 0.4465 
1530626808982 -0.169662 -0.968024 0.184782 -0.471246 0.948411 -0.109424 0.297562 -0.284919 -0.267828 0.225734 0.93665 0.406275 0.00184149 -0.998105 -0.0615065 0.386547 -0.170222 0.0602961 -0.983559 -0.492971 0.985404 0.012281 -0.169788 0.446522 
1530626808993 0.283167 -0.92923 0.237378 0.203595 -0.111528 -0.277734 -0.954162 -0.479276 0.952564 0.243713 -0.18228 0.496514 0.00155929 -0.998048 -0.0624303 0.386547 -0.169957 0.0612576 -0.983546 -0.492953 0.98545 0.0121441 -0.169529 0.446494 
1530626809203 0.235268 -0.927649 0.290026 0.180986 0.100531 -0.273576 -0.956582 -0.462709 0.966717 0.25421 0.0288934 0.496259 0.00127797 -0.99799 -0.0633544 0.386546 -0.169692 0.0622192 -0.983531 -0.492934 0.985496 0.0120076 -0.169271 0.446466 
1530626809402 0.172804 -0.930364 0.32336 0.0915002 0.342206 -0.251137 -0.905442 -0.442024 0.923598 0.26712 0.274978 0.490731 0.000996768 -0.997932 -0.064278 0.386546 -0.169426 0.0631803 -0.983516 -0.492916 0.985542 0.0118707 -0.169012 0.446438 
1530626809591 0.105868 -0.934412 0.340098 -0.00739013 0.562466 -0.225775 -0.795398 -0.416777 0.820015 0.2755 0.501672 0.477625 0.000715997 -0.997872 -0.065202 0.386546 -0.16916 0.0641415 -0.983499 -0.492897 0.985588 0.0117337 -0.168754 0.44641 
1530626809785 0.037086 -0.940089 0.338905 -0.105106 0.748833 -0.198426 -0.632358 -0.389456 0.66172 0.277235 0.696611 0.463668 0.000435364 -0.997811 -0.0661258 0.386545 -0.168893 0.0651025 -0.983482 -0.492879 0.985634 0.0115964 -0.168495 0.446382 
1530626809792 -0.0282738 -0.94676 0.320695 -0.20285 0.887792 -0.171221 -0.42721 -0.361414 0.459375 0.272632 0.845368 0.450091 0.000155151 -0.99775 -0.0670499 0.386545 -0.168627 0.0660636 -0.983464 -0.492861 0.98568 0.011459 -0.168237 0.446354 
1530626809997 -0.0865124 -0.954088 0.286761 -0.29974 0.970205 -0.146073 -0.193302 -0.333398 0.226315 0.261494 0.938298 0.437002 -0.000124909 -0.997687 -0.0679737 0.386545 -0.16836 0.0670244 -0.983444 -0.492842 0.985726 0.0113212 -0.167979 0.446326 
1530626810274 -0.134289 -0.961478 0.239848 -0.392664 0.990685 -0.124754 0.0545793 -0.306424 -0.0225549 0.244943 0.969275 0.424256 -0.00040398 -0.997624 -0.0688977 0.386544 -0.168093 0.0679851 -0.983424 -0.492824 0.985771 0.0111839 -0.167721 0.446298 
1530626810493 -0.169662 -0.968024 0.184782 -0.471246 0.948411 -0.109424 0.297563 -0.28492 -0.267828 0.225735 0.936649 0.406275 -0.000678668 -0.99756 -0.0698148 0.386539 -0.167832 0.0689382 -0.983402 -0.492808 0.985815 0.0110498 -0.167469 0.44627 
1530626810681 -0.169662 -0.968024 0.184782 -0.471246 0.948411 -0.109424 0.297563 -0.28492 -0.267828 0.225735 0.936649 0.406275 -0.000584559 -0.997569 -0.0696848 0.386537 -0.167809 0.0687945 -0.983416 -0.492827 0.985819 0.0111188 -0.167441 0.446289 
1530626810932 0.283168 -0.929229 0.237379 0.203595 -0.111528 -0.277734 -0.954162 -0.479275 0.952564 0.243714 -0.182281 0.496513 -0.000899641 -0.99763 -0.068795 0.386509 -0.166408 0.0679852 -0.983711 -0.492752 0.986057 0.010563 -0.166074 0.446095 
1530626811184 0.235269 -0.927649 0.290026 0.180985 0.10053 -0.273576 -0.956582 -0.462709 0.966717 0.25421 0.0288926 0.496259 -0.00121638 -0.997691 -0.067905 0.386481 -0.165006 0.0671745 -0.984002 -0.492676 0.986292 0.0100078 -0.164707 0.445901 
1530626811442 0.172804 -0.930364 0.32336 0.0914993 0.342205 -0.251137 -0.905442 -0.442025 0.923599 0.26712 0.274978 0.490731 -0.00153376 -0.997751 -0.067016 0.386453 -0.163605 0.0663634 -0.984291 -0.492601 0.986525 0.00945447 -0.163339 0.445707 
1530626811726 0.105868 -0.934412 0.340098 -0.00739057 0.562466 -0.225775 -0.795398 -0.416777 0.820015 0.275501 0.501672 0.477625 -0.0018533 -0.99781 -0.0661264 0.386425 -0.162203 0.0655508 -0.984578 -0.492526 0.986756 0.00890117 -0.161969 0.445514 
1530626811992 0.037086 -0.940089 0.338905 -0.105107 0.748833 -0.198426 -0.632358 -0.389457 0.66172 0.277235 0.696611 0.463669 -0.00217354 -0.997867 -0.0652377 0.386398 -0.160801 0.0647377 -0.984861 -0.492451 0.986984 0.00834968 -0.160599 0.44532 
1530626812259 -0.0282737 -0.94676 0.320695 -0.202851 0.887792 -0.171221 -0.42721 -0.361414 0.459375 0.272632 0.845368 0.450092 -0.00249474 -0.997924 -0.0643496 0.386371 -0.1594 0.0639239 -0.985142 -0.492378 0.987211 0.00779964 -0.159228 0.445127 
1530626812569 -0.0865124 -0.954088 0.286762 -0.299741 0.970205 -0.146073 -0.193302 -0.333399 0.226315 0.261494 0.938297 0.437004 -0.00281624 -0.99798 -0.0634627 0.386346 -0.158 0.0631099 -0.98542 -0.492311 0.987435 0.0072519 -0.157858 0.444937 
1530626812843 -0.13429 -0.961478 0.239848 -0.392664 0.990685 -0.124754 0.0545793 -0.306425 -0.0225549 0.244943 0.969275 0.424256 -0.00313532 -0.998035 -0.0625795 0.386326 -0.156607 0.0622977 -0.985694 -0.492262 0.987656 0.0067099 -0.156494 0.444766 
1530626813107 -0.169662 -0.968024 0.184783 -0.471246 0.948411 -0.109424 0.297563 -0.28492 -0.267828 0.225735 0.936649 0.406275 -0.00343382 -0.998087 -0.061722 0.386319 -0.155273 0.0615059 -0.985955 -0.492266 0.987866 0.00619815 -0.155187 0.444699 
1530626813379 -0.169662 -0.968024 0.184783 -0.471246 0.948411 -0.109424 0.297563 -0.28492 -0.267828 0.225735 0.936649 0.406275 -0.00342931 -0.998088 -0.0617197 0.386315 -0.155288 0.0615029 -0.985953 -0.492242 0.987863 0.00620321 -0.155202 0.444747 
1530626813392 0.283169 -0.929229 0.237379 0.203594 -0.111529 -0.277735 -0.954162 -0.479274 0.952563 0.243714 -0.182281 0.496512 -0.00368307 -0.998045 -0.0623907 0.38627 -0.152631 0.0622212 -0.986323 -0.492185 0.988276 0.00589009 -0.152562 0.444371 
1530626813813 0.235269 -0.927649 0.290026 0.180985 0.10053 -0.273576 -0.956582 -0.462709 0.966717 0.254211 0.0288922 0.49626 -0.00393666 -0.998002 -0.0630619 0.386225 -0.149973 0.0629384 -0.986685 -0.492128 0.988682 0.00557337 -0.149922 0.443994 
1530626814157 0.172805 -0.930364 0.32336 0.0914989 0.342205 -0.251137 -0.905442 -0.442025 0.923599 0.26712 0.274977 0.490731 -0.00418855 -0.997958 -0.0637337 0.38618 -0.147314 0.0636546 -0.987039 -0.49207 0.989081 0.00525461 -0.14728 0.443618 
1530626814437 0.105868 -0.934412 0.340098 -0.00739079 0.562466 -0.225775 -0.795398 -0.416778 0.820015 0.275501 0.501672 0.477626 -0.00443912 -0.997914 -0.0644056 0.386135 -0.144653 0.0643696 -0.987386 -0.492013 0.989472 0.00493334 -0.144637 0.443241 
1530626814729 0.0370861 -0.940089 0.338905 -0.105107 0.748833 -0.198426 -0.632358 -0.389457 0.66172 0.277235 0.696611 0.46367 -0.00468741 -0.997869 -0.0650786 0.38609 -0.141991 0.065084 -0.987726 -0.491955 0.989857 0.00461072 -0.141994 0.442865 
1530626815014 -0.0282737 -0.94676 0.320695 -0.202851 0.887792 -0.171221 -0.42721 -0.361414 0.459375 0.272632 0.845368 0.450092 -0.00493375 -0.997824 -0.0657523 0.386046 -0.139329 0.0657977 -0.988058 -0.491899 0.990234 0.00428635 -0.13935 0.44249 
1530626815297 -0.0865124 -0.954088 0.286762 -0.299741 0.970205 -0.146073 -0.193302 -0.333399 0.226315 0.261495 0.938297 0.437004 -0.00517775 -0.997778 -0.0664274 0.386003 -0.136667 0.066511 -0.988382 -0.491845 0.990604 0.00396082 -0.136707 0.442119 
1530626815581 -0.13429 -0.961478 0.239848 -0.392664 0.990685 -0.124754 0.0545794 -0.306425 -0.0225549 0.244944 0.969275 0.424256 -0.00541756 -0.997731 -0.0671067 0.385965 -0.134014 0.0672267 -0.988697 -0.491801 0.990965 0.0036369 -0.134074 0.441777 
1530626815891 -0.169662 -0.968024 0.184783 -0.471246 0.948411 -0.109424 0.297563 -0.284921 -0.267828 0.225735 0.936649 0.406274 -0.00563669 -0.997683 -0.0678013 0.385946 -0.131457 0.0679533 -0.98899 -0.491786 0.991306 0.00333836 -0.131536 0.441587 
1530626816188 -0.169662 -0.968024 0.184783 -0.471246 0.948411 -0.109424 0.297563 -0.284921 -0.267828 0.225735 0.936649 0.406274 -0.00558965 -0.997679 -0.0678579 0.385993 -0.131568 0.0680028 -0.988972 -0.491755 0.991291 0.0033999 -0.131642 0.44154 
