0.275657 -0.8825 0.381061 -0.604483 0.633204 0.464965 0.618757 -0.181741 -0.723233 0.0707247 0.686973 0.426588 -0.0156459 -0.994659 -0.102028 0.371427 -0.153162 0.10322 -0.982796 -0.49152 0.988077 0.000250015 -0.153959 0.440934 
0.299869 -0.876439 0.376739 -0.606917 0.721577 0.466704 0.511385 -0.171737 -0.624023 0.118498 0.772369 0.47488 -0.0156162 -0.994657 -0.102044 0.371441 -0.153163 0.103232 -0.982794 -0.49151 0.988078 0.000281939 -0.153957 0.440929 
0.293089 -0.879254 0.375515 -0.607227 0.715216 0.462278 0.524181 -0.171104 -0.63448 0.114943 0.764345 0.469649 -0.0155864 -0.994656 -0.10206 0.371455 -0.153165 0.103243 -0.982793 -0.491501 0.988078 0.000313893 -0.153955 0.440924 
0.286796 -0.881807 0.374386 -0.607449 0.708378 0.458301 0.536806 -0.170659 -0.644941 0.111253 0.756091 0.464409 -0.0155566 -0.994655 -0.102077 0.371469 -0.153166 0.103255 -0.982791 -0.491492 0.988078 0.000345847 -0.153954 0.440919 
0.280951 -0.884128 0.373342 -0.607587 0.701143 0.454719 0.549208 -0.170375 -0.655336 0.107466 0.747654 0.459189 -0.0155268 -0.994654 -0.102093 0.371483 -0.153168 0.103266 -0.98279 -0.491483 0.988078 0.0003778 -0.153952 0.440915 
0.275513 -0.886244 0.372376 -0.607648 0.693546 0.451487 0.561386 -0.170233 -0.665648 0.103591 0.739041 0.453993 -0.015497 -0.994652 -0.10211 0.371497 -0.153169 0.103278 -0.982788 -0.491473 0.988078 0.000409752 -0.153951 0.44091 
0.27045 -0.888176 0.371484 -0.607632 0.685615 0.448571 0.573338 -0.170222 -0.675862 0.0996354 0.730263 0.44882 -0.0154672 -0.994651 -0.102126 0.371511 -0.153171 0.10329 -0.982787 -0.491464 0.988079 0.000441704 -0.153949 0.440905 
0.265736 -0.88994 0.370662 -0.607545 0.677373 0.445944 0.585064 -0.17033 -0.685966 0.0956042 0.721325 0.443673 -0.0154374 -0.99465 -0.102142 0.371525 -0.153172 0.103301 -0.982785 -0.491455 0.988079 0.000473655 -0.153947 0.4409 
0.261355 -0.891548 0.369913 -0.607386 0.668836 0.443588 0.596564 -0.170552 -0.695954 0.0914964 0.712233 0.438552 -0.0154077 -0.994649 -0.102159 0.371539 -0.153174 0.103313 -0.982784 -0.491445 0.988079 0.000505525 -0.153946 0.440895 
0.266314 -0.887958 0.374975 -0.605898 0.647075 0.453032 0.613234 -0.176163 -0.714402 0.0793242 0.695225 0.430111 -0.0155082 -0.994653 -0.102103 0.371491 -0.153169 0.103273 -0.982789 -0.491477 0.988078 0.000397639 -0.153951 0.440912 
0.266314 -0.887958 0.374975 -0.605898 0.647075 0.453032 0.613234 -0.176163 -0.714402 0.0793242 0.695225 0.430111 -0.0156469 -0.994658 -0.102029 0.371427 -0.153161 0.103222 -0.982796 -0.491519 0.988077 0.00024924 -0.153958 0.440934 
0.290204 -0.881964 0.371377 -0.607872 0.733745 0.454201 0.505292 -0.166348 -0.614329 0.125859 0.778947 0.478138 -0.0156171 -0.994657 -0.102046 0.371441 -0.153162 0.103233 -0.982794 -0.49151 0.988078 0.000281201 -0.153956 0.440929 
0.28352 -0.884657 0.370134 -0.608201 0.727402 0.449908 0.51814 -0.16575 -0.624902 0.122333 0.771059 0.472919 -0.0155873 -0.994656 -0.102062 0.371455 -0.153164 0.103245 -0.982793 -0.491501 0.988078 0.000313144 -0.153955 0.440924 
0.277315 -0.887102 0.36898 -0.608444 0.720599 0.446055 0.530823 -0.165335 -0.635479 0.118681 0.762942 0.46769 -0.0155575 -0.994655 -0.102078 0.371469 -0.153165 0.103257 -0.982791 -0.491491 0.988078 0.000345088 -0.153953 0.440919 
0.271551 -0.889328 0.367906 -0.608607 0.71341 0.442588 0.543289 -0.165076 -0.645993 0.114937 0.754641 0.46248 -0.0155277 -0.994653 -0.102095 0.371483 -0.153167 0.103268 -0.98279 -0.491482 0.988078 0.00037703 -0.153952 0.440914 
0.266187 -0.891361 0.366906 -0.608694 0.705868 0.439465 0.555536 -0.164956 -0.656426 0.111111 0.746163 0.457292 -0.015498 -0.994652 -0.102111 0.371497 -0.153168 0.10328 -0.982788 -0.491473 0.988079 0.000408972 -0.15395 0.440909 
0.26119 -0.89322 0.365976 -0.608708 0.698001 0.436652 0.567565 -0.164962 -0.666764 0.107209 0.737517 0.452128 -0.0154682 -0.994651 -0.102127 0.371511 -0.15317 0.103291 -0.982787 -0.491463 0.988079 0.000440914 -0.153948 0.440904 
0.256538 -0.894919 0.365113 -0.608651 0.68983 0.434122 0.579373 -0.165084 -0.676995 0.103235 0.728711 0.446987 -0.0154384 -0.99465 -0.102144 0.371525 -0.153171 0.103303 -0.982785 -0.491454 0.988079 0.000472855 -0.153947 0.440899 
0.252212 -0.896471 0.36432 -0.608525 0.681369 0.431858 0.59096 -0.165317 -0.687113 0.099189 0.719748 0.441872 -0.0154087 -0.994649 -0.10216 0.371539 -0.153173 0.103314 -0.982784 -0.491445 0.988079 0.000504714 -0.153945 0.440894 
0.257095 -0.893115 0.369118 -0.607186 0.660298 0.441239 0.607712 -0.170764 -0.705626 0.0874887 0.703162 0.433533 -0.0155092 -0.994653 -0.102105 0.371491 -0.153168 0.103275 -0.982789 -0.491476 0.988078 0.00039684 -0.15395 0.440911 
0.257095 -0.893115 0.369118 -0.607186 0.660298 0.441239 0.607712 -0.170764 -0.705626 0.0874887 0.703162 0.433533 -0.0156465 -0.994658 -0.102029 0.371427 -0.153161 0.103221 -0.982796 -0.491519 0.988077 0.000249447 -0.153958 0.440934 
0.280688 -0.887182 0.366228 -0.608722 0.74531 0.441891 0.499246 -0.161139 -0.604754 0.132821 0.785259 0.4813 -0.0156168 -0.994657 -0.102045 0.371441 -0.153162 0.103233 -0.982794 -0.49151 0.988078 0.000281393 -0.153956 0.440929 
0.2741 -0.889759 0.364964 -0.609069 0.73899 0.437726 0.512143 -0.160575 -0.615438 0.129326 0.777503 0.476092 -0.015587 -0.994656 -0.102061 0.371455 -0.153164 0.103244 -0.982793 -0.491501 0.988078 0.000313337 -0.153955 0.440924 
0.267982 -0.892102 0.363785 -0.609334 0.732222 0.433993 0.524881 -0.160189 -0.626128 0.125712 0.76952 0.470873 -0.0155572 -0.994655 -0.102078 0.371469 -0.153165 0.103256 -0.982791 -0.491491 0.988078 0.00034528 -0.153953 0.440919 
0.262297 -0.894239 0.362681 -0.609521 0.725081 0.430639 0.537409 -0.159954 -0.636756 0.122012 0.76135 0.465673 -0.0155274 -0.994654 -0.102094 0.371483 -0.153167 0.103268 -0.98279 -0.491482 0.988078 0.000377223 -0.153951 0.440914 
0.257004 -0.896192 0.361647 -0.609635 0.717596 0.427622 0.549723 -0.159854 -0.647306 0.118235 0.753004 0.460494 -0.0154977 -0.994652 -0.102111 0.371497 -0.153168 0.103279 -0.982788 -0.491473 0.988079 0.000409165 -0.15395 0.440909 
0.252074 -0.89798 0.36068 -0.609677 0.709793 0.424908 0.561825 -0.159876 -0.657763 0.114387 0.744489 0.455338 -0.0154679 -0.994651 -0.102127 0.371511 -0.15317 0.103291 -0.982787 -0.491464 0.988079 0.000441106 -0.153948 0.440905 
0.247481 -0.899619 0.359776 -0.60965 0.701694 0.422471 0.573711 -0.160011 -0.668116 0.11047 0.735811 0.450204 -0.0154381 -0.99465 -0.102143 0.371525 -0.153171 0.103302 -0.982785 -0.491454 0.988079 0.000473047 -0.153947 0.4409 
0.24321 -0.901117 0.358939 -0.609556 0.69331 0.420296 0.585382 -0.160255 -0.678358 0.106485 0.726974 0.445094 -0.0154084 -0.994649 -0.10216 0.371539 -0.153173 0.103314 -0.982784 -0.491445 0.988079 0.000504907 -0.153945 0.440895 
0.248006 -0.897983 0.363482 -0.608357 0.672901 0.4296 0.602203 -0.165541 -0.69692 0.0952374 0.710797 0.436855 -0.0155089 -0.994653 -0.102104 0.371491 -0.153168 0.103274 -0.982789 -0.491476 0.988079 0.00039704 -0.15395 0.440911 
0.248006 -0.897983 0.363482 -0.608357 0.672901 0.4296 0.602203 -0.165541 -0.69692 0.0952374 0.710797 0.436855 -0.0156469 -0.994658 -0.102029 0.371427 -0.153161 0.103222 -0.982796 -0.491519 0.988077 0.000249101 -0.153958 0.440934 
0.271329 -0.892107 0.361282 -0.609475 0.7563 0.42978 0.493254 -0.156104 -0.595307 0.139404 0.791313 0.484367 -0.0156171 -0.994657 -0.102045 0.371441 -0.153162 0.103233 -0.982794 -0.49151 0.988078 0.00028107 -0.153956 0.440929 
0.264835 -0.894575 0.359997 -0.609841 0.750005 0.425742 0.506198 -0.155573 -0.606098 0.135941 0.783687 0.47917 -0.0155874 -0.994656 -0.102062 0.371455 -0.153164 0.103245 -0.982793 -0.491501 0.988078 0.000313013 -0.153955 0.440924 
0.258803 -0.896822 0.358792 -0.610127 0.743276 0.422126 0.51899 -0.155215 -0.616897 0.132366 0.775834 0.473961 -0.0155576 -0.994655 -0.102078 0.371469 -0.153165 0.103256 -0.982791 -0.491491 0.988078 0.000344957 -0.153953 0.440919 
0.253195 -0.898873 0.357659 -0.610338 0.736184 0.418881 0.531576 -0.155003 -0.627635 0.12871 0.767794 0.468771 -0.0155278 -0.994654 -0.102094 0.371483 -0.153167 0.103268 -0.98279 -0.491482 0.988078 0.000376899 -0.153951 0.440914 
0.247973 -0.900751 0.356591 -0.610477 0.728756 0.415966 0.543955 -0.154922 -0.638297 0.124982 0.759576 0.463601 -0.0154981 -0.994652 -0.102111 0.371497 -0.153168 0.103279 -0.982788 -0.491473 0.988079 0.000408841 -0.15395 0.440909 
0.243107 -0.902473 0.355586 -0.610546 0.721019 0.413348 0.556125 -0.15496 -0.648869 0.121187 0.751188 0.458452 -0.0154683 -0.994651 -0.102127 0.371511 -0.15317 0.103291 -0.982787 -0.491464 0.988079 0.000440783 -0.153948 0.440904 
0.238572 -0.904053 0.354642 -0.610549 0.712991 0.411002 0.568086 -0.155108 -0.659339 0.117327 0.742635 0.453325 -0.0154385 -0.99465 -0.102144 0.371525 -0.153171 0.103303 -0.982785 -0.491454 0.988079 0.000472724 -0.153947 0.440899 
0.234354 -0.905501 0.353761 -0.610486 0.704684 0.408912 0.579838 -0.155361 -0.6697 0.113402 0.733922 0.448221 -0.0154088 -0.994649 -0.10216 0.371539 -0.153173 0.103314 -0.982784 -0.491445 0.988079 0.000504583 -0.153945 0.440895 
0.239057 -0.902578 0.358057 -0.609418 0.684911 0.418125 0.596714 -0.16049 -0.688294 0.102589 0.718141 0.44008 -0.0155093 -0.994653 -0.102104 0.371491 -0.153168 0.103275 -0.982789 -0.491476 0.988078 0.000396705 -0.15395 0.440911 
0.239057 -0.902578 0.358057 -0.609418 0.684911 0.418125 0.596714 -0.16049 -0.688294 0.102589 0.718141 0.44008 -0.0156469 -0.994658 -0.102029 0.371427 -0.153161 0.103221 -0.982796 -0.491519 0.988077 0.000249163 -0.153958 0.440934 
0.262133 -0.896756 0.356532 -0.610139 0.766743 0.417878 0.487322 -0.151241 -0.585996 0.145625 0.797121 0.487342 -0.0156171 -0.994657 -0.102045 0.371441 -0.153162 0.103233 -0.982794 -0.49151 0.988078 0.000281126 -0.153956 0.440929 
0.255731 -0.89912 0.355226 -0.610523 0.760476 0.413962 0.500312 -0.150741 -0.596891 0.142195 0.789622 0.482155 -0.0155873 -0.994656 -0.102062 0.371455 -0.153164 0.103245 -0.982793 -0.491501 0.988078 0.00031307 -0.153955 0.440924 
0.249783 -0.901275 0.353995 -0.61083 0.753787 0.41046 0.513155 -0.150409 -0.607794 0.138659 0.781895 0.476957 -0.0155575 -0.994655 -0.102078 0.371469 -0.153165 0.103256 -0.982791 -0.491491 0.988078 0.000345013 -0.153953 0.440919 
0.244251 -0.903245 0.352831 -0.611064 0.746745 0.407321 0.525797 -0.150219 -0.618639 0.135048 0.773982 0.471776 -0.0155278 -0.994654 -0.102094 0.371483 -0.153167 0.103268 -0.98279 -0.491482 0.988078 0.000376956 -0.153951 0.440914 
0.239098 -0.905051 0.35173 -0.611228 0.739376 0.404505 0.538237 -0.150157 -0.629409 0.131369 0.76589 0.466614 -0.015498 -0.994652 -0.102111 0.371497 -0.153168 0.103279 -0.982788 -0.491473 0.988079 0.000408898 -0.15395 0.440909 
0.234295 -0.90671 0.350688 -0.611325 0.731704 0.40198 0.550474 -0.15021 -0.64009 0.127627 0.757625 0.461473 -0.0154682 -0.994651 -0.102127 0.371511 -0.15317 0.103291 -0.982787 -0.491464 0.988079 0.00044084 -0.153948 0.440904 
0.229817 -0.908235 0.349704 -0.611356 0.723747 0.39972 0.562507 -0.15037 -0.650672 0.123824 0.749195 0.456353 -0.0154384 -0.99465 -0.102143 0.371525 -0.153171 0.103303 -0.982785 -0.491454 0.988079 0.00047278 -0.153947 0.4409 
0.22565 -0.909634 0.34878 -0.611322 0.715517 0.397712 0.574335 -0.150632 -0.661149 0.119959 0.740603 0.451254 -0.0154087 -0.994649 -0.10216 0.371539 -0.153173 0.103314 -0.982784 -0.491445 0.988079 0.00050464 -0.153945 0.440895 
0.230252 -0.906912 0.352837 -0.610378 0.696355 0.406825 0.591256 -0.155607 -0.67976 0.109562 0.725205 0.443209 -0.0155092 -0.994653 -0.102104 0.371491 -0.153168 0.103275 -0.982789 -0.491476 0.988078 0.000396765 -0.15395 0.440911 
0.230252 -0.906912 0.352837 -0.610378 0.696355 0.406825 0.591256 -0.155607 -0.67976 0.109562 0.725205 0.443209 -0.0156467 -0.994658 -0.102029 0.371427 -0.153161 0.103222 -0.982796 -0.491519 0.988077 0.000249302 -0.153957 0.440934 
0.253104 -0.901142 0.351969 -0.61072 0.776665 0.40619 0.481458 -0.146543 -0.576828 0.151503 0.802693 0.490226 -0.015617 -0.994657 -0.102046 0.371441 -0.153162 0.103233 -0.982794 -0.49151 0.988078 0.000281256 -0.153956 0.440929 
0.246793 -0.903407 0.350642 -0.611122 0.770427 0.402394 0.494491 -0.146074 -0.587823 0.148107 0.795317 0.485049 -0.0155872 -0.994656 -0.102062 0.371455 -0.153164 0.103245 -0.982793 -0.491501 0.988078 0.0003132 -0.153954 0.440924 
0.240927 -0.905475 0.349384 -0.61145 0.76378 0.399003 0.507382 -0.145767 -0.598827 0.144611 0.787714 0.479861 -0.0155574 -0.994655 -0.102078 0.371469 -0.153165 0.103256 -0.982791 -0.491491 0.988078 0.000345143 -0.153953 0.440919 
0.23547 -0.907368 0.348191 -0.611707 0.756789 0.395966 0.520078 -0.145599 -0.609774 0.141045 0.779924 0.474689 -0.0155276 -0.994653 -0.102095 0.371483 -0.153167 0.103268 -0.98279 -0.491482 0.988078 0.000377086 -0.153951 0.440914 
0.230384 -0.909107 0.347056 -0.611895 0.74948 0.393246 0.532577 -0.145554 -0.620648 0.137415 0.771955 0.469536 -0.0154979 -0.994652 -0.102111 0.371497 -0.153168 0.10328 -0.982788 -0.491473 0.988079 0.000409028 -0.15395 0.440909 
0.225642 -0.910706 0.345978 -0.612018 0.741873 0.39081 0.544878 -0.145621 -0.631435 0.133725 0.763811 0.464402 -0.0154681 -0.994651 -0.102127 0.371511 -0.15317 0.103291 -0.982787 -0.491463 0.988079 0.00044097 -0.153948 0.440904 
0.221219 -0.912178 0.344954 -0.612076 0.733988 0.388635 0.556978 -0.145792 -0.642125 0.129978 0.755501 0.459289 -0.0154383 -0.99465 -0.102144 0.371525 -0.153171 0.103303 -0.982785 -0.491454 0.988079 0.00047291 -0.153946 0.440899 
0.217103 -0.913531 0.343986 -0.612072 0.725834 0.386706 0.56888 -0.146063 -0.652711 0.126171 0.747027 0.454196 -0.0154086 -0.994649 -0.10216 0.371539 -0.153173 0.103314 -0.982784 -0.491445 0.988079 0.00050477 -0.153945 0.440895 
0.221598 -0.910999 0.347814 -0.611244 0.707257 0.395707 0.585835 -0.150888 -0.671328 0.116174 0.731999 0.446245 -0.0155091 -0.994653 -0.102105 0.371491 -0.153167 0.103275 -0.982789 -0.491476 0.988079 0.000396899 -0.15395 0.440911 
0.221598 -0.910999 0.347814 -0.611244 0.707257 0.395707 0.585835 -0.150888 -0.671328 0.116174 0.731999 0.446245 -0.0156469 -0.994658 -0.102029 0.371427 -0.153161 0.103221 -0.982796 -0.491519 0.988077 0.000249122 -0.153958 0.440934 
0.244246 -0.905278 0.347586 -0.611225 0.786089 0.394723 0.475665 -0.142008 -0.567809 0.157055 0.808039 0.493021 -0.0156171 -0.994657 -0.102045 0.371441 -0.153162 0.103233 -0.982794 -0.49151 0.988078 0.000281087 -0.153956 0.440929 
0.238024 -0.907449 0.346237 -0.611645 0.779884 0.391043 0.48874 -0.141568 -0.5789 0.153693 0.800783 0.487855 -0.0155873 -0.994656 -0.102062 0.371455 -0.153164 0.103244 -0.982793 -0.491501 0.988078 0.000313031 -0.153954 0.440924 
0.232239 -0.909435 0.344953 -0.611993 0.773281 0.387759 0.501678 -0.141285 -0.590002 0.150237 0.793301 0.482676 -0.0155575 -0.994655 -0.102078 0.371469 -0.153165 0.103256 -0.982791 -0.491491 0.988078 0.000344974 -0.153953 0.440919 
0.226854 -0.911256 0.34373 -0.612272 0.766342 0.384822 0.514425 -0.141137 -0.601047 0.146715 0.785632 0.477514 -0.0155277 -0.994654 -0.102094 0.371483 -0.153167 0.103268 -0.98279 -0.491482 0.988078 0.000376916 -0.153951 0.440914 
0.221834 -0.91293 0.342562 -0.612484 0.759092 0.382194 0.52698 -0.141109 -0.612021 0.143134 0.777781 0.472369 -0.015498 -0.994652 -0.102111 0.371497 -0.153168 0.103279 -0.982788 -0.491473 0.988079 0.000408859 -0.15395 0.440909 
0.217152 -0.914472 0.341447 -0.612632 0.751551 0.379844 0.539341 -0.14119 -0.622909 0.139496 0.769756 0.467242 -0.0154682 -0.994651 -0.102127 0.371511 -0.15317 0.103291 -0.982787 -0.491464 0.988079 0.0004408 -0.153948 0.440904 
0.212783 -0.915894 0.340384 -0.612718 0.743737 0.37775 0.551508 -0.141371 -0.633703 0.135804 0.761563 0.462135 -0.0154384 -0.99465 -0.102143 0.371525 -0.153171 0.103302 -0.982785 -0.491454 0.988079 0.000472741 -0.153946 0.4409 
0.208716 -0.917204 0.339374 -0.612741 0.735658 0.375897 0.563479 -0.14165 -0.644395 0.132057 0.753204 0.457048 -0.0154087 -0.994649 -0.10216 0.371539 -0.153173 0.103314 -0.982784 -0.491445 0.988079 0.0005046 -0.153945 0.440895 
0.213099 -0.914852 0.342979 -0.612022 0.717644 0.384778 0.580459 -0.146328 -0.663005 0.122441 0.738534 0.449189 -0.0155092 -0.994653 -0.102104 0.371491 -0.153167 0.103275 -0.982789 -0.491476 0.988079 0.000396724 -0.15395 0.440911 
0.213099 -0.914852 0.342979 -0.612022 0.717644 0.384778 0.580459 -0.146328 -0.663005 0.122441 0.738534 0.449189 -0.0156469 -0.994658 -0.102029 0.371427 -0.153161 0.103222 -0.982796 -0.491519 0.988077 0.000249191 -0.153958 0.440934 
0.235562 -0.909178 0.343376 -0.611659 0.795042 0.383479 0.469949 -0.13763 -0.558945 0.162296 0.813167 0.49573 -0.0156171 -0.994657 -0.102046 0.371441 -0.153162 0.103233 -0.982794 -0.49151 0.988078 0.000281154 -0.153956 0.440929 
0.229428 -0.911261 0.342005 -0.612097 0.78887 0.379912 0.483064 -0.137218 -0.570129 0.158969 0.806029 0.490574 -0.0155873 -0.994656 -0.102062 0.371455 -0.153164 0.103245 -0.982793 -0.491501 0.988078 0.000313098 -0.153955 0.440924 
0.223721 -0.913168 0.340695 -0.612465 0.782312 0.376732 0.496046 -0.136959 -0.581324 0.155553 0.798665 0.485405 -0.0155576 -0.994655 -0.102079 0.371469 -0.153165 0.103257 -0.982791 -0.491491 0.988078 0.000345041 -0.153953 0.440919 
0.218407 -0.914919 0.339441 -0.612766 0.775426 0.373892 0.508842 -0.13683 -0.592464 0.152077 0.791113 0.480251 -0.0155278 -0.994653 -0.102095 0.371483 -0.153167 0.103268 -0.98279 -0.491482 0.988078 0.000376984 -0.153951 0.440914 
0.213452 -0.916532 0.338241 -0.613001 0.768236 0.371353 0.521451 -0.136817 -0.603533 0.148544 0.783379 0.475114 -0.015498 -0.994652 -0.102111 0.371497 -0.153168 0.10328 -0.982788 -0.491473 0.988079 0.000408926 -0.15395 0.440909 
0.208828 -0.918021 0.337089 -0.613174 0.760761 0.369087 0.53387 -0.136911 -0.614519 0.144957 0.77547 0.469995 -0.0154683 -0.994651 -0.102128 0.371511 -0.15317 0.103291 -0.982787 -0.491463 0.988079 0.000440867 -0.153948 0.440904 
0.204512 -0.919395 0.335987 -0.613286 0.753017 0.367071 0.546099 -0.137103 -0.625412 0.14132 0.767391 0.464895 -0.0154385 -0.99465 -0.102144 0.371525 -0.153171 0.103303 -0.982785 -0.491454 0.988079 0.000472808 -0.153947 0.440899 
0.200491 -0.920663 0.334936 -0.613336 0.745014 0.36529 0.558137 -0.137389 -0.636205 0.13763 0.759145 0.459813 -0.0154088 -0.994649 -0.10216 0.371539 -0.153173 0.103315 -0.982784 -0.491445 0.988079 0.000504668 -0.153945 0.440894 
0.204759 -0.918482 0.338325 -0.612719 0.727538 0.374044 0.575134 -0.141924 -0.654799 0.128381 0.74482 0.452044 -0.0155093 -0.994653 -0.102105 0.371491 -0.153168 0.103275 -0.982789 -0.491476 0.988079 0.000396793 -0.15395 0.440911 
0.204759 -0.918482 0.338325 -0.612719 0.727538 0.374044 0.575134 -0.141924 -0.654799 0.128381 0.74482 0.452044 -0.0156474 -0.994658 -0.102029 0.371426 -0.153161 0.103222 -0.982796 -0.491519 0.988077 0.000248714 -0.153958 0.440934 
0.227054 -0.912853 0.339331 -0.612028 0.803545 0.372463 0.464314 -0.133406 -0.550238 0.167243 0.818088 0.498355 -0.0156176 -0.994657 -0.102046 0.371441 -0.153162 0.103233 -0.982794 -0.49151 0.988078 0.00028069 -0.153956 0.440929 
0.221005 -0.914853 0.337937 -0.612484 0.797409 0.369005 0.477467 -0.13302 -0.561512 0.163951 0.811064 0.493208 -0.0155878 -0.994656 -0.102062 0.371455 -0.153164 0.103245 -0.982793 -0.491501 0.988078 0.000312636 -0.153955 0.440924 
0.215376 -0.916686 0.336601 -0.612871 0.790896 0.365926 0.490491 -0.132783 -0.572798 0.160576 0.803815 0.488048 -0.015558 -0.994655 -0.102078 0.371469 -0.153165 0.103257 -0.982791 -0.491491 0.988078 0.000344581 -0.153953 0.440919 
0.210132 -0.918372 0.335318 -0.613193 0.784063 0.363179 0.503334 -0.132673 -0.584028 0.157144 0.796377 0.482904 -0.0155282 -0.994653 -0.102095 0.371483 -0.153167 0.103268 -0.98279 -0.491482 0.988078 0.000376525 -0.153951 0.440914 
0.20524 -0.919926 0.334084 -0.613452 0.776933 0.360728 0.515994 -0.132676 -0.59519 0.153659 0.788757 0.477775 -0.0154985 -0.994652 -0.102111 0.371497 -0.153168 0.10328 -0.982788 -0.491473 0.988079 0.000408469 -0.15395 0.440909 
0.200672 -0.921363 0.332897 -0.613649 0.769524 0.358542 0.528469 -0.132782 -0.60627 0.150124 0.780961 0.472663 -0.0154687 -0.994651 -0.102127 0.371511 -0.15317 0.103291 -0.982787 -0.491463 0.988079 0.000440412 -0.153948 0.440904 
0.196407 -0.922693 0.331757 -0.613786 0.761851 0.356601 0.540758 -0.132983 -0.617258 0.14654 0.772993 0.467569 -0.0154389 -0.99465 -0.102144 0.371525 -0.153171 0.103303 -0.982785 -0.491454 0.988079 0.000472354 -0.153947 0.440899 
0.192433 -0.923922 0.330664 -0.613863 0.753922 0.35489 0.55286 -0.133276 -0.628149 0.142907 0.764858 0.462493 -0.0154092 -0.994649 -0.10216 0.371539 -0.153173 0.103315 -0.982784 -0.491445 0.988079 0.000504215 -0.153945 0.440894 
0.196581 -0.921902 0.333846 -0.613341 0.736963 0.363509 0.569865 -0.137672 -0.646716 0.134008 0.750866 0.454812 -0.0155097 -0.994653 -0.102105 0.371491 -0.153168 0.103275 -0.982789 -0.491476 0.988078 0.000396329 -0.15395 0.440911 
0.196581 -0.921902 0.333846 -0.613341 0.736963 0.363509 0.569865 -0.137672 -0.646716 0.134008 0.750866 0.454812 -0.0156471 -0.994658 -0.10203 0.371427 -0.153161 0.103222 -0.982795 -0.491519 0.988077 0.000249028 -0.153958 0.440934 
0.218724 -0.916317 0.335444 -0.612338 0.81162 0.361676 0.458763 -0.12933 -0.541694 0.171911 0.822809 0.500897 -0.0156173 -0.994657 -0.102046 0.371441 -0.153162 0.103234 -0.982794 -0.49151 0.988078 0.000281 -0.153956 0.440929 
0.212759 -0.918237 0.334028 -0.61281 0.805521 0.358325 0.471952 -0.12897 -0.553054 0.168654 0.815897 0.49576 -0.0155875 -0.994656 -0.102062 0.371455 -0.153164 0.103245 -0.982793 -0.491501 0.988078 0.000312944 -0.153955 0.440924 
0.207205 -0.92 0.332665 -0.613218 0.799055 0.355344 0.485017 -0.128755 -0.564426 0.16532 0.80876 0.490609 -0.0155577 -0.994655 -0.102079 0.371469 -0.153165 0.103257 -0.982791 -0.491491 0.988078 0.000344887 -0.153953 0.440919 
0.202029 -0.921623 0.331352 -0.61356 0.792277 0.352687 0.497905 -0.128662 -0.575745 0.161931 0.801434 0.485473 -0.015528 -0.994653 -0.102095 0.371483 -0.153167 0.103268 -0.98279 -0.491482 0.988078 0.00037683 -0.153951 0.440914 
0.197198 -0.923123 0.330086 -0.613841 0.785207 0.350319 0.510614 -0.12868 -0.586995 0.158494 0.793925 0.480352 -0.0154982 -0.994652 -0.102111 0.371497 -0.153168 0.10328 -0.982788 -0.491473 0.988079 0.000408772 -0.15395 0.440909 
0.192685 -0.924511 0.328864 -0.614062 0.777863 0.348211 0.523142 -0.128797 -0.598165 0.155009 0.786239 0.475247 -0.0154684 -0.994651 -0.102128 0.371511 -0.15317 0.103292 -0.982787 -0.491463 0.988079 0.000440713 -0.153948 0.440904 
0.18847 -0.925798 0.327685 -0.614223 0.77026 0.346342 0.535488 -0.129008 -0.609244 0.151479 0.77838 0.47016 -0.0154387 -0.99465 -0.102144 0.371525 -0.153171 0.103303 -0.982785 -0.491454 0.988079 0.000472654 -0.153947 0.440899 
0.184541 -0.926989 0.326552 -0.614326 0.762405 0.344698 0.547651 -0.129307 -0.620228 0.147901 0.770352 0.465089 -0.015409 -0.994649 -0.10216 0.371539 -0.153173 0.103315 -0.982784 -0.491445 0.988079 0.000504514 -0.153945 0.440894 
0.188566 -0.925122 0.329534 -0.613893 0.74594 0.353178 0.564657 -0.133567 -0.638761 0.139337 0.756683 0.457495 -0.0155095 -0.994653 -0.102105 0.371491 -0.153168 0.103275 -0.982789 -0.491476 0.988079 0.000396634 -0.15395 0.440911 
0.188566 -0.925122 0.329534 -0.613893 0.74594 0.353178 0.564657 -0.133567 -0.638761 0.139337 0.756683 0.457495 -0.0156471 -0.994658 -0.10203 0.371426 -0.153161 0.103222 -0.982795 -0.491519 0.988077 0.000248979 -0.153958 0.440934 
0.210573 -0.919581 0.331708 -0.612593 0.81929 0.351119 0.453298 -0.125399 -0.533314 0.176313 0.827339 0.503359 -0.0156173 -0.994657 -0.102046 0.371441 -0.153162 0.103234 -0.982794 -0.49151 0.988078 0.00028094 -0.153956 0.440929 
0.20469 -0.921425 0.330269 -0.613082 0.813229 0.347872 0.466522 -0.125064 -0.544757 0.173092 0.820536 0.498231 -0.0155876 -0.994656 -0.102062 0.371455 -0.153164 0.103245 -0.982793 -0.491501 0.988078 0.000312886 -0.153955 0.440924 
0.19921 -0.923121 0.32888 -0.613508 0.80681 0.344986 0.479626 -0.124869 -0.556213 0.169798 0.813509 0.49309 -0.0155578 -0.994655 -0.102079 0.371469 -0.153165 0.103257 -0.982791 -0.491491 0.988078 0.000344831 -0.153953 0.440919 
0.1941 -0.924686 0.327538 -0.613871 0.800086 0.342417 0.492557 -0.124793 -0.567615 0.166454 0.806292 0.487962 -0.015528 -0.994653 -0.102095 0.371483 -0.153167 0.103268 -0.98279 -0.491482 0.988078 0.000376775 -0.153951 0.440914 
0.189329 -0.926133 0.32624 -0.614174 0.793077 0.34013 0.505313 -0.124825 -0.578951 0.163063 0.798891 0.482849 -0.0154983 -0.994652 -0.102111 0.371497 -0.153168 0.10328 -0.982788 -0.491473 0.988079 0.000408719 -0.15395 0.440909 
0.18487 -0.927475 0.324983 -0.614417 0.785798 0.338097 0.517892 -0.124953 -0.590207 0.159628 0.791312 0.477751 -0.0154685 -0.994651 -0.102128 0.371511 -0.15317 0.103292 -0.982787 -0.491463 0.988079 0.000440662 -0.153948 0.440904 
0.180703 -0.92872 0.323767 -0.614602 0.778264 0.336297 0.530292 -0.125172 -0.601375 0.15615 0.783559 0.47267 -0.0154387 -0.99465 -0.102144 0.371525 -0.153171 0.103303 -0.982785 -0.491454 0.988079 0.000472604 -0.153947 0.440899 
0.176817 -0.929876 0.322594 -0.61473 0.770482 0.334717 0.542514 -0.125478 -0.612448 0.152627 0.775637 0.467605 -0.015409 -0.994649 -0.10216 0.371539 -0.153173 0.103315 -0.982784 -0.491445 0.988079 0.000504466 -0.153945 0.440894 
0.180718 -0.928153 0.325382 -0.614381 0.754491 0.343054 0.559515 -0.129605 -0.630939 0.144384 0.762279 0.460095 -0.0155095 -0.994653 -0.102105 0.371491 -0.153168 0.103275 -0.982789 -0.491476 0.988079 0.000396586 -0.15395 0.440911 
0.180718 -0.928153 0.325382 -0.614381 0.754491 0.343054 0.559515 -0.129605 -0.630939 0.144384 0.762279 0.460095 -0.0156471 -0.994658 -0.102029 0.371427 -0.153161 0.103222 -0.982796 -0.491519 0.988077 0.000249002 -0.153958 0.440934 
0.202601 -0.922655 0.328117 -0.612797 0.826573 0.340795 0.447923 -0.121609 -0.525099 0.180463 0.831687 0.505743 -0.0156173 -0.994657 -0.102046 0.371441 -0.153162 0.103233 -0.982794 -0.49151 0.988078 0.000280976 -0.153956 0.440929 
0.196799 -0.924427 0.326656 -0.613303 0.820552 0.337648 0.461181 -0.121298 -0.536623 0.177279 0.82499 0.500625 -0.0155875 -0.994656 -0.102062 0.371455 -0.153164 0.103245 -0.982793 -0.491501 0.988078 0.000312919 -0.153955 0.440924 
0.19139 -0.926061 0.325241 -0.613748 0.814181 0.334854 0.474322 -0.121122 -0.548159 0.174024 0.818069 0.495492 -0.0155577 -0.994655 -0.102078 0.371469 -0.153165 0.103257 -0.982791 -0.491491 0.988078 0.000344863 -0.153953 0.440919 
0.186345 -0.927569 0.32387 -0.614131 0.807512 0.33237 0.487294 -0.121063 -0.559643 0.170724 0.810958 0.490372 -0.015528 -0.994653 -0.102095 0.371483 -0.153167 0.103268 -0.98279 -0.491482 0.988078 0.000376805 -0.153951 0.440914 
0.181632 -0.928966 0.322539 -0.614454 0.800562 0.33016 0.500094 -0.121107 -0.57106 0.16738 0.803663 0.485266 -0.0154982 -0.994652 -0.102111 0.371497 -0.153168 0.10328 -0.982788 -0.491473 0.988079 0.000408747 -0.15395 0.440909 
0.177226 -0.930264 0.321248 -0.61472 0.793348 0.3282 0.512722 -0.121247 -0.5824 0.163994 0.796189 0.480176 -0.0154684 -0.994651 -0.102128 0.371511 -0.15317 0.103291 -0.982787 -0.491463 0.988079 0.000440689 -0.153948 0.440904 
0.173106 -0.931471 0.319995 -0.614928 0.785883 0.326466 0.525174 -0.121473 -0.593652 0.160567 0.78854 0.475101 -0.0154387 -0.99465 -0.102144 0.371525 -0.153171 0.103303 -0.982785 -0.491454 0.988079 0.00047263 -0.153947 0.440899 
0.169261 -0.932592 0.318782 -0.615079 0.778174 0.324949 0.537452 -0.121785 -0.604811 0.157098 0.78072 0.470041 -0.015409 -0.994649 -0.10216 0.371539 -0.153173 0.103315 -0.982784 -0.491445 0.988079 0.000504489 -0.153945 0.440894 
0.173036 -0.931005 0.321385 -0.61481 0.762637 0.333137 0.554441 -0.125783 -0.623253 0.149161 0.767663 0.462613 -0.0155095 -0.994653 -0.102105 0.371491 -0.153168 0.103275 -0.982789 -0.491476 0.988078 0.000396609 -0.15395 0.440911 
0.173036 -0.931005 0.321385 -0.61481 0.762637 0.333137 0.554441 -0.125783 -0.623253 0.149161 0.767663 0.462613 -0.0156471 -0.994658 -0.102029 0.371427 -0.153161 0.103222 -0.982795 -0.491519 0.988077 0.000249023 -0.153958 0.440934 
0.194809 -0.925549 0.324666 -0.612955 0.83349 0.330702 0.44264 -0.117955 -0.517053 0.184375 0.83586 0.508051 -0.0156173 -0.994657 -0.102046 0.371441 -0.153162 0.103234 -0.982794 -0.49151 0.988078 0.000280995 -0.153956 0.440929 
0.189085 -0.927254 0.323182 -0.613478 0.82751 0.327653 0.455929 -0.117667 -0.528654 0.181226 0.829266 0.502941 -0.0155875 -0.994656 -0.102062 0.371455 -0.153164 0.103245 -0.982793 -0.491501 0.988078 0.000312939 -0.153955 0.440924 
0.183747 -0.928827 0.32174 -0.613941 0.821187 0.324948 0.469106 -0.11751 -0.540267 0.178012 0.822449 0.497817 -0.0155577 -0.994655 -0.102079 0.371469 -0.153165 0.103257 -0.982791 -0.491491 0.988078 0.000344882 -0.153953 0.440919 
0.178765 -0.930282 0.32034 -0.614343 0.814572 0.322545 0.482117 -0.117466 -0.551829 0.174755 0.815442 0.492706 -0.015528 -0.994653 -0.102095 0.371483 -0.153167 0.103268 -0.98279 -0.491482 0.988078 0.000376825 -0.153951 0.440914 
0.174108 -0.931633 0.318978 -0.614687 0.807683 0.320411 0.49496 -0.117523 -0.563325 0.171456 0.80825 0.487607 -0.0154982 -0.994652 -0.102111 0.371497 -0.153168 0.10328 -0.982788 -0.491473 0.988079 0.000408767 -0.15395 0.440909 
0.169753 -0.932889 0.317652 -0.614974 0.800533 0.31852 0.507634 -0.117673 -0.574744 0.168119 0.800878 0.482523 -0.0154684 -0.994651 -0.102128 0.371511 -0.15317 0.103291 -0.982787 -0.491463 0.988079 0.000440708 -0.153948 0.440904 
0.165679 -0.934058 0.316363 -0.615204 0.793135 0.316851 0.520136 -0.117907 -0.586078 0.164743 0.79333 0.477455 -0.0154387 -0.99465 -0.102144 0.371525 -0.153171 0.103303 -0.982785 -0.491454 0.988079 0.000472649 -0.153947 0.440899 
0.161875 -0.935148 0.315112 -0.615379 0.785497 0.315393 0.532467 -0.118224 -0.597319 0.161326 0.78561 0.472401 -0.015409 -0.994649 -0.10216 0.371539 -0.153173 0.103315 -0.982784 -0.491445 0.988079 0.000504509 -0.153945 0.440894 
0.165522 -0.933689 0.317534 -0.615183 0.770395 0.32343 0.54944 -0.122096 -0.615706 0.153683 0.772844 0.465053 -0.0155095 -0.994653 -0.102105 0.371491 -0.153168 0.103275 -0.982789 -0.491476 0.988078 0.000396629 -0.15395 0.440911 
0.165522 -0.933689 0.317534 -0.615183 0.770395 0.32343 0.54944 -0.122096 -0.615706 0.153683 0.772844 0.465053 -0.0156469 -0.994658 -0.102029 0.371427 -0.153161 0.103222 -0.982796 -0.491519 0.988077 0.000249137 -0.153958 0.440934 
0.187196 -0.928275 0.321346 -0.613071 0.840059 0.320841 0.43745 -0.114434 -0.509175 0.188061 0.839865 0.510285 -0.0156171 -0.994657 -0.102045 0.371441 -0.153162 0.103233 -0.982794 -0.49151 0.988078 0.000281099 -0.153956 0.440929 
0.181548 -0.929915 0.31984 -0.61361 0.83412 0.317886 0.450769 -0.114167 -0.52085 0.184948 0.833372 0.505184 -0.0155873 -0.994656 -0.102062 0.371455 -0.153164 0.103245 -0.982793 -0.491501 0.988078 0.000313043 -0.153954 0.440924 
0.176279 -0.931432 0.318372 -0.61409 0.827846 0.315267 0.46398 -0.114029 -0.532538 0.181773 0.826657 0.500068 -0.0155576 -0.994655 -0.102078 0.371469 -0.153165 0.103256 -0.982791 -0.491491 0.988078 0.000344986 -0.153953 0.440919 
0.171358 -0.932836 0.316943 -0.614512 0.821286 0.312944 0.477028 -0.114 -0.544175 0.178558 0.81975 0.494964 -0.0155278 -0.994653 -0.102095 0.371483 -0.153167 0.103268 -0.98279 -0.491482 0.988078 0.000376929 -0.153951 0.440914 
0.166757 -0.934141 0.31555 -0.614875 0.814456 0.310882 0.489912 -0.114069 -0.555746 0.175305 0.812659 0.489873 -0.015498 -0.994652 -0.102111 0.371497 -0.153168 0.10328 -0.982788 -0.491473 0.988079 0.000408871 -0.15395 0.440909 
0.162451 -0.935358 0.314191 -0.615183 0.80737 0.309058 0.502631 -0.114227 -0.567242 0.172015 0.805386 0.484796 -0.0154682 -0.994651 -0.102127 0.371511 -0.15317 0.103291 -0.982787 -0.491463 0.988079 0.000440812 -0.153948 0.440904 
0.158421 -0.936492 0.312866 -0.615435 0.800039 0.307451 0.515181 -0.114469 -0.578653 0.168689 0.797937 0.479734 -0.0154385 -0.99465 -0.102144 0.371525 -0.153171 0.103303 -0.982785 -0.491454 0.988079 0.000472753 -0.153946 0.440899 
0.154657 -0.937551 0.311576 -0.615633 0.792472 0.30605 0.527562 -0.114791 -0.589974 0.165324 0.790315 0.474685 -0.0154088 -0.994649 -0.10216 0.371539 -0.153173 0.103314 -0.982784 -0.491445 0.988079 0.000504613 -0.153945 0.440895 
0.158175 -0.936213 0.313826 -0.615506 0.777785 0.313934 0.544514 -0.118541 -0.608301 0.157961 0.777829 0.467416 -0.0155093 -0.994653 -0.102104 0.371491 -0.153167 0.103275 -0.982789 -0.491476 0.988079 0.000396738 -0.15395 0.440911 
0.158175 -0.936213 0.313826 -0.615506 0.777785 0.313934 0.544514 -0.118541 -0.608301 0.157961 0.777829 0.467416 -0.0156474 -0.994658 -0.102029 0.371426 -0.153161 0.103222 -0.982796 -0.491519 0.988077 0.000248697 -0.153958 0.440934 
0.179761 -0.93084 0.318154 -0.613148 0.846297 0.31121 0.432354 -0.111041 -0.501466 0.191532 0.843711 0.512446 -0.0156176 -0.994657 -0.102046 0.371441 -0.153162 0.103233 -0.982794 -0.49151 0.988078 0.000280629 -0.153956 0.440929 
0.174188 -0.93242 0.316625 -0.613703 0.8404 0.308346 0.445703 -0.110795 -0.513212 0.188455 0.837316 0.507354 -0.0155878 -0.994656 -0.102062 0.371455 -0.153164 0.103245 -0.982793 -0.491501 0.988078 0.00031258 -0.153955 0.440924 
0.168985 -0.933882 0.315132 -0.614201 0.834175 0.305811 0.458946 -0.110674 -0.524972 0.18532 0.830699 0.502246 -0.0155581 -0.994655 -0.102078 0.371469 -0.153165 0.103257 -0.982791 -0.491491 0.988078 0.000344529 -0.153953 0.440919 
0.164125 -0.935239 0.313674 -0.61464 0.827669 0.303564 0.47203 -0.110659 -0.536681 0.182147 0.823891 0.49715 -0.0155283 -0.994653 -0.102095 0.371483 -0.153167 0.103268 -0.98279 -0.491482 0.988078 0.000376478 -0.153951 0.440914 
0.159577 -0.936502 0.31225 -0.615024 0.820899 0.301573 0.484953 -0.11074 -0.548325 0.178938 0.816897 0.492067 -0.0154985 -0.994652 -0.102111 0.371497 -0.153168 0.10328 -0.982788 -0.491473 0.988079 0.000408427 -0.15395 0.440909 
0.155319 -0.93768 0.310858 -0.615352 0.813876 0.299813 0.497713 -0.110908 -0.559895 0.175695 0.809722 0.486996 -0.0154687 -0.994651 -0.102128 0.371511 -0.15317 0.103291 -0.982787 -0.491463 0.988079 0.000440375 -0.153948 0.440904 
0.151333 -0.938781 0.309497 -0.615625 0.806612 0.298265 0.510309 -0.111156 -0.571381 0.172418 0.802369 0.481939 -0.0154389 -0.99465 -0.102144 0.371525 -0.153171 0.103303 -0.982785 -0.491454 0.988079 0.000472322 -0.153947 0.440899 
0.147606 -0.93981 0.30817 -0.615844 0.799114 0.296918 0.52274 -0.111482 -0.582777 0.169103 0.794842 0.476896 -0.0154092 -0.994649 -0.10216 0.371539 -0.153173 0.103315 -0.982784 -0.491445 0.988079 0.000504188 -0.153945 0.440894 
0.150995 -0.938586 0.310253 -0.615782 0.784826 0.304647 0.539665 -0.115113 -0.60104 0.162007 0.782627 0.469703 -0.0155097 -0.994653 -0.102105 0.371491 -0.153168 0.103275 -0.982789 -0.491476 0.988079 0.000396309 -0.15395 0.440911 
0.150995 -0.938586 0.310253 -0.615782 0.784826 0.304647 0.539665 -0.115113 -0.60104 0.162007 0.782627 0.469703 -0.0156472 -0.994658 -0.102029 0.371427 -0.153161 0.103221 -0.982796 -0.491519 0.988077 0.000248792 -0.153958 0.440934 
0.172504 -0.933255 0.315083 -0.61319 0.852221 0.301808 0.427354 -0.107773 -0.493925 0.194801 0.847402 0.514537 -0.0156174 -0.994657 -0.102045 0.371441 -0.153162 0.103233 -0.982794 -0.49151 0.988078 0.000280776 -0.153956 0.440929 
0.167003 -0.934777 0.313531 -0.613761 0.846367 0.299032 0.44073 -0.107547 -0.505741 0.191759 0.841103 0.509454 -0.0155876 -0.994656 -0.102062 0.371455 -0.153164 0.103245 -0.982793 -0.491501 0.988078 0.00031272 -0.153954 0.440924 
0.161865 -0.936188 0.312012 -0.614275 0.840191 0.296578 0.454004 -0.107443 -0.51757 0.188663 0.834583 0.504354 -0.0155579 -0.994655 -0.102078 0.371469 -0.153165 0.103256 -0.982791 -0.491491 0.988078 0.000344663 -0.153953 0.440919 
0.157063 -0.937499 0.310527 -0.614733 0.83374 0.294404 0.467123 -0.107441 -0.529347 0.185531 0.82787 0.499266 -0.0155281 -0.994654 -0.102094 0.371483 -0.153167 0.103268 -0.98279 -0.491482 0.988078 0.000376606 -0.153951 0.440914 
0.152568 -0.938721 0.309072 -0.615135 0.827028 0.292481 0.480083 -0.107533 -0.541062 0.182366 0.820972 0.494189 -0.0154983 -0.994652 -0.102111 0.371497 -0.153168 0.103279 -0.982788 -0.491473 0.988079 0.000408548 -0.15395 0.440909 
0.148357 -0.939864 0.307647 -0.615482 0.820067 0.290783 0.492884 -0.107709 -0.552702 0.179169 0.813891 0.489125 -0.0154685 -0.994651 -0.102127 0.371511 -0.15317 0.103291 -0.982787 -0.491463 0.988079 0.000440489 -0.153948 0.440904 
0.144412 -0.940933 0.306252 -0.615776 0.812869 0.289293 0.505523 -0.107964 -0.56426 0.175939 0.806633 0.484074 -0.0154388 -0.99465 -0.102143 0.371525 -0.153171 0.103303 -0.982785 -0.491454 0.988079 0.00047243 -0.153946 0.4409 
0.140723 -0.941934 0.304888 -0.616017 0.805439 0.287999 0.518 -0.108294 -0.575729 0.172675 0.799199 0.479037 -0.0154091 -0.994649 -0.10216 0.371539 -0.153173 0.103314 -0.982784 -0.491445 0.988079 0.00050429 -0.153945 0.440895 
0.143982 -0.940817 0.30681 -0.616015 0.791533 0.295571 0.534896 -0.11181 -0.593924 0.165834 0.787244 0.471918 -0.0155096 -0.994653 -0.102104 0.371491 -0.153167 0.103275 -0.982789 -0.491476 0.988079 0.000396404 -0.15395 0.440911 
0.143982 -0.940817 0.30681 -0.616015 0.791533 0.295571 0.534896 -0.11181 -0.593924 0.165834 0.787244 0.471918 -0.0156472 -0.994658 -0.10203 0.371426 -0.153161 0.103222 -0.982796 -0.491519 0.988077 0.000248929 -0.153958 0.440934 
0.165422 -0.935527 0.312129 -0.6132 0.857847 0.292632 0.42245 -0.104626 -0.486553 0.197876 0.850947 0.51656 -0.0156175 -0.994657 -0.102046 0.371441 -0.153162 0.103234 -0.982794 -0.49151 0.988078 0.000280848 -0.153956 0.440929 
0.159992 -0.936995 0.310554 -0.613786 0.852036 0.289943 0.435853 -0.104419 -0.498435 0.19487 0.844742 0.511485 -0.0155877 -0.994656 -0.102062 0.371455 -0.153164 0.103245 -0.982793 -0.491501 0.988078 0.000312799 -0.153954 0.440924 
0.154917 -0.938357 0.30901 -0.614317 0.84591 0.287566 0.449157 -0.104331 -0.51033 0.191812 0.838315 0.506393 -0.0155579 -0.994655 -0.102079 0.371469 -0.153165 0.103257 -0.982791 -0.491491 0.988078 0.000344748 -0.153953 0.440919 
0.150172 -0.939625 0.307496 -0.614792 0.839513 0.285464 0.462307 -0.104342 -0.522174 0.188722 0.831696 0.501312 -0.0155281 -0.994653 -0.102095 0.371483 -0.153167 0.103269 -0.98279 -0.491482 0.988078 0.000376697 -0.153951 0.440914 
0.145727 -0.940808 0.306012 -0.615212 0.832859 0.283606 0.475303 -0.104444 -0.533956 0.1856 0.82489 0.496242 -0.0154983 -0.994652 -0.102111 0.371497 -0.153168 0.10328 -0.982788 -0.491473 0.988079 0.000408646 -0.15395 0.440909 
0.141562 -0.941917 0.304554 -0.615579 0.82596 0.281968 0.488143 -0.104629 -0.545664 0.182447 0.817902 0.491185 -0.0154686 -0.994651 -0.102128 0.371511 -0.15317 0.103292 -0.982787 -0.491463 0.988079 0.000440594 -0.153948 0.440904 
0.137658 -0.942956 0.303125 -0.615892 0.818827 0.280533 0.500823 -0.10489 -0.557291 0.179264 0.810735 0.48614 -0.0154388 -0.99465 -0.102144 0.371525 -0.153171 0.103303 -0.982785 -0.491454 0.988079 0.000472541 -0.153946 0.440899 
0.134005 -0.943931 0.301725 -0.616153 0.811464 0.279289 0.513345 -0.105224 -0.568831 0.176048 0.803392 0.481108 -0.0154091 -0.994649 -0.102161 0.371539 -0.153173 0.103315 -0.982784 -0.491445 0.988079 0.000504407 -0.153945 0.440894 
0.137135 -0.942914 0.303491 -0.616209 0.797922 0.286703 0.530208 -0.108627 -0.586953 0.169453 0.791689 0.474061 -0.0155096 -0.994653 -0.102105 0.371491 -0.153167 0.103275 -0.982789 -0.491476 0.988079 0.000396535 -0.15395 0.440911 
0.137135 -0.942914 0.303491 -0.616209 0.797922 0.286703 0.530208 -0.108627 -0.586953 0.169453 0.791689 0.474061 -0.0156476 -0.994658 -0.10203 0.371426 -0.153161 0.103222 -0.982796 -0.491519 0.988077 0.00024848 -0.153958 0.440934 
0.158514 -0.937665 0.309285 -0.61318 0.863191 0.283681 0.417643 -0.101596 -0.479348 0.20077 0.854352 0.518517 -0.0156179 -0.994657 -0.102046 0.37144 -0.153162 0.103234 -0.982794 -0.49151 0.988078 0.000280425 -0.153956 0.440929 
0.153153 -0.939081 0.307688 -0.613781 0.857423 0.281075 0.431071 -0.101408 -0.491294 0.197799 0.848237 0.513449 -0.0155881 -0.994656 -0.102062 0.371455 -0.153164 0.103245 -0.982793 -0.491501 0.988078 0.000312375 -0.153954 0.440924 
0.14814 -0.940397 0.306118 -0.614328 0.851347 0.278774 0.444403 -0.101334 -0.503253 0.194779 0.841901 0.508365 -0.0155583 -0.994655 -0.102079 0.371469 -0.153165 0.103257 -0.982791 -0.491491 0.988078 0.000344325 -0.153953 0.440919 
