1533574726778 0.189372 0.932656 -0.30707 -0.611241 -0.949673 0.253439 0.184093 -0.25306 0.249519 0.256753 0.933712 0.37984 0.16008 -0.304787 0.938871 0.370831 -0.775623 0.549475 0.310623 -0.528794 -0.61056 -0.777934 -0.14844 0.432481 
1533574726790 0.189934 0.93232 -0.30774 -0.611553 -0.949665 0.253994 0.183369 -0.252614 0.249123 0.257422 0.933634 0.379975 0.316221 -0.384856 0.867116 0.400796 -0.930003 -0.306256 0.203228 -0.504327 0.187346 -0.870685 -0.454762 0.485868 
1533574726930 0.190495 0.931984 -0.308412 -0.611865 -0.949656 0.254547 0.182644 -0.252168 0.248726 0.258092 0.933554 0.380111 0.31622 -0.384862 0.867114 0.400795 -0.930002 -0.306263 0.203221 -0.504304 0.187353 -0.87068 -0.454769 0.485867 
1533574726937 0.191056 0.931647 -0.309082 -0.612178 -0.949647 0.2551 0.181918 -0.251722 0.24833 0.258762 0.933474 0.380246 0.31622 -0.384862 0.867114 0.400795 -0.930002 -0.306263 0.203222 -0.504304 0.187352 -0.87068 -0.454769 0.485867 
1533574727134 0.191617 0.931309 -0.309752 -0.61249 -0.949637 0.255653 0.181192 -0.251276 0.247935 0.259433 0.933393 0.380382 0.31622 -0.384862 0.867114 0.400795 -0.930002 -0.306263 0.203221 -0.504304 0.187353 -0.87068 -0.454769 0.485867 
1533574727275 0.192179 0.93097 -0.310422 -0.612802 -0.949627 0.256204 0.180465 -0.25083 0.247539 0.260103 0.933312 0.380518 0.31622 -0.384862 0.867114 0.400795 -0.930002 -0.306263 0.203222 -0.504304 0.187353 -0.87068 -0.454769 0.485867 
1533574727281 0.192741 0.930631 -0.311091 -0.613114 -0.949616 0.256755 0.179738 -0.250384 0.247144 0.260774 0.933229 0.380653 0.31622 -0.384862 0.867114 0.400795 -0.930002 -0.306263 0.203222 -0.504304 0.187352 -0.87068 -0.454769 0.485867 
1533574727483 0.193303 0.930291 -0.311759 -0.613426 -0.949604 0.257306 0.179011 -0.249938 0.24675 0.261444 0.933146 0.380789 0.31622 -0.384862 0.867114 0.400795 -0.930002 -0.306262 0.203222 -0.504304 0.187352 -0.87068 -0.454769 0.485867 
1533574727626 0.193865 0.929949 -0.312427 -0.613739 -0.949592 0.257856 0.178283 -0.249492 0.246355 0.262115 0.933062 0.380924 0.31622 -0.384862 0.867114 0.400795 -0.930002 -0.306262 0.203222 -0.504304 0.187352 -0.87068 -0.454769 0.485867 
1533574727767 0.194427 0.929608 -0.313094 -0.614051 -0.949579 0.258405 0.177555 -0.249046 0.245961 0.262786 0.932977 0.381059 0.31622 -0.384862 0.867114 0.400795 -0.930002 -0.306262 0.203222 -0.504304 0.187352 -0.87068 -0.454769 0.485867 
1533574727913 0.194169 0.92977 -0.312771 -0.613872 -0.949566 0.258171 0.177969 -0.249314 0.246219 0.262441 0.933007 0.380958 0.31622 -0.384862 0.867114 0.400795 -0.930002 -0.306262 0.203222 -0.504304 0.187352 -0.87068 -0.454769 0.485867 
1533574727926 0.194252 0.929719 -0.312871 -0.613921 -0.949565 0.258251 0.177855 -0.249243 0.246155 0.262543 0.932995 0.380982 0.31622 -0.384862 0.867114 0.400795 -0.930002 -0.306262 0.203222 -0.504304 0.187352 -0.87068 -0.454769 0.485867 
1533574727933 0.194336 0.929668 -0.31297 -0.61397 -0.949564 0.258331 0.177742 -0.249171 0.246091 0.262643 0.932983 0.381005 0.31622 -0.384862 0.867114 0.400795 -0.930002 -0.306262 0.203222 -0.504304 0.187352 -0.87068 -0.454769 0.485867 
1533574727947 0.19442 0.929618 -0.313069 -0.61402 -0.949564 0.258412 0.177628 -0.2491 0.246027 0.262744 0.932972 0.381029 0.31622 -0.384862 0.867114 0.400795 -0.930002 -0.306262 0.203222 -0.504304 0.187352 -0.87068 -0.454769 0.485867 
1533574727963 0.194504 0.929567 -0.313167 -0.614069 -0.949563 0.258492 0.177515 -0.249029 0.245963 0.262845 0.93296 0.381052 0.31622 -0.384862 0.867114 0.400795 -0.930002 -0.306262 0.203222 -0.504304 0.187352 -0.87068 -0.454769 0.485867 
1533574727980 0.194588 0.929516 -0.313266 -0.614118 -0.949563 0.258572 0.1774 -0.248958 0.245898 0.262946 0.932949 0.381076 0.31622 -0.384862 0.867114 0.400795 -0.930002 -0.306262 0.203222 -0.504304 0.187352 -0.87068 -0.454769 0.485867 
1533574727997 0.194672 0.929465 -0.313365 -0.614167 -0.949562 0.258652 0.177286 -0.248886 0.245834 0.263047 0.932937 0.3811 0.31622 -0.384862 0.867114 0.400795 -0.930002 -0.306262 0.203222 -0.504304 0.187352 -0.87068 -0.454769 0.485867 
1533574728013 0.194756 0.929414 -0.313463 -0.614216 -0.949562 0.258733 0.177172 -0.248815 0.24577 0.263147 0.932926 0.381123 0.31622 -0.384862 0.867114 0.400795 -0.930002 -0.306262 0.203222 -0.504304 0.187352 -0.87068 -0.454769 0.485867 
1533574728112 0.19484 0.929363 -0.313562 -0.614266 -0.949561 0.258813 0.177058 -0.248744 0.245705 0.263248 0.932914 0.381147 0.31622 -0.384862 0.867114 0.400795 -0.930002 -0.306262 0.203222 -0.504304 0.187352 -0.87068 -0.454769 0.485867 
1533574728128 0.194924 0.929313 -0.313661 -0.614315 -0.94956 0.258893 0.176945 -0.248672 0.245641 0.263349 0.932903 0.38117 0.31622 -0.384862 0.867114 0.400795 -0.930002 -0.306262 0.203222 -0.504304 0.187352 -0.87068 -0.454769 0.485867 
1533574728148 0.194808 0.929444 -0.313342 -0.614103 -0.949476 0.258839 0.177477 -0.248982 0.24606 0.262937 0.932909 0.381099 0.31622 -0.384862 0.867114 0.400795 -0.930002 -0.306262 0.203222 -0.504304 0.187352 -0.87068 -0.454769 0.485867 
1533574728162 0.195078 0.92957 -0.312801 -0.614137 -0.949411 0.259001 0.17759 -0.248965 0.246098 0.262333 0.933069 0.381042 0.31622 -0.384862 0.867114 0.400795 -0.930002 -0.306262 0.203222 -0.504304 0.187352 -0.87068 -0.454769 0.485867 
1533574728178 0.195348 0.929695 -0.312259 -0.614171 -0.949345 0.259162 0.177704 -0.248947 0.246136 0.261728 0.933229 0.380985 0.31622 -0.384862 0.867114 0.400795 -0.930002 -0.306262 0.203222 -0.504304 0.187352 -0.87068 -0.454769 0.485867 
1533574728310 0.195618 0.929821 -0.311717 -0.614205 -0.94928 0.259324 0.177817 -0.24893 0.246173 0.261122 0.933388 0.380929 0.31622 -0.384862 0.867114 0.400795 -0.930002 -0.306262 0.203222 -0.504304 0.187352 -0.87068 -0.454769 0.485867 
1533574728339 0.195887 0.929945 -0.311175 -0.614239 -0.949215 0.259485 0.177931 -0.248913 0.246211 0.260517 0.933547 0.380872 0.31622 -0.384862 0.867114 0.400795 -0.930002 -0.306262 0.203222 -0.504304 0.187352 -0.87068 -0.454769 0.485867 
1533574728437 0.196157 0.93007 -0.310633 -0.614273 -0.949149 0.259646 0.178045 -0.248895 0.246248 0.259912 0.933706 0.380815 0.31622 -0.384862 0.867114 0.400795 -0.930002 -0.306262 0.203222 -0.504304 0.187352 -0.87068 -0.454769 0.485867 
1533574728472 0.196427 0.930194 -0.31009 -0.614307 -0.949084 0.259807 0.178159 -0.248878 0.246286 0.259307 0.933865 0.380758 0.31622 -0.384862 0.867114 0.400795 -0.930002 -0.306262 0.203222 -0.504304 0.187352 -0.87068 -0.454769 0.485867 
1533574728562 0.196697 0.930317 -0.309548 -0.614341 -0.949018 0.259968 0.178273 -0.248861 0.246323 0.258701 0.934023 0.380701 0.31622 -0.384862 0.867114 0.400795 -0.930002 -0.306262 0.203222 -0.504304 0.187352 -0.87068 -0.454769 0.485867 
1533574728597 0.196966 0.930441 -0.309006 -0.614375 -0.948953 0.260129 0.178387 -0.248844 0.24636 0.258096 0.934181 0.380645 0.31622 -0.384862 0.867114 0.400795 -0.930002 -0.306262 0.203222 -0.504304 0.187352 -0.87068 -0.454769 0.485867 
1533574728683 0.197236 0.930563 -0.308463 -0.614409 -0.948887 0.260289 0.178501 -0.248826 0.246396 0.25749 0.934338 0.380588 0.31622 -0.384862 0.867114 0.400795 -0.930002 -0.306262 0.203222 -0.504304 0.187352 -0.87068 -0.454769 0.485867 
1533574728732 0.196638 0.930435 -0.309232 -0.614384 -0.949054 0.259827 0.178289 -0.2488 0.246233 0.258419 0.934125 0.38069 0.31622 -0.384862 0.867114 0.400795 -0.930002 -0.306262 0.203222 -0.504304 0.187352 -0.87068 -0.454769 0.485867 
1533574728746 0.196657 0.930565 -0.308828 -0.614351 -0.948966 0.259856 0.178712 -0.248844 0.246554 0.257922 0.934177 0.380658 0.31622 -0.384862 0.867114 0.400795 -0.930002 -0.306262 0.203222 -0.504304 0.187352 -0.87068 -0.454769 0.485867 
1533574728762 0.196676 0.930695 -0.308424 -0.614318 -0.948879 0.259883 0.179136 -0.248889 0.246875 0.257425 0.93423 0.380626 0.31622 -0.384862 0.867114 0.400795 -0.930002 -0.306262 0.203222 -0.504304 0.187352 -0.87068 -0.454769 0.485867 
1533574728779 0.196696 0.930825 -0.308019 -0.614285 -0.948791 0.25991 0.179559 -0.248933 0.247195 0.256927 0.934282 0.380594 0.31622 -0.384862 0.867114 0.400795 -0.930002 -0.306262 0.203222 -0.504304 0.187352 -0.87068 -0.454769 0.485867 
1533574728810 0.196716 0.930955 -0.307614 -0.614252 -0.948704 0.259937 0.179983 -0.248978 0.247516 0.256429 0.934334 0.380562 0.31622 -0.384862 0.867114 0.400795 -0.930002 -0.306262 0.203222 -0.504304 0.187352 -0.87068 -0.454769 0.485867 
1533574728895 0.196735 0.931084 -0.307209 -0.614218 -0.948616 0.259964 0.180406 -0.249022 0.247837 0.255932 0.934385 0.38053 0.31622 -0.384862 0.867114 0.400795 -0.930002 -0.306262 0.203222 -0.504304 0.187352 -0.87068 -0.454769 0.485867 
1533574728921 0.196755 0.931213 -0.306805 -0.614185 -0.948528 0.259991 0.18083 -0.249067 0.248158 0.255434 0.934436 0.380497 0.31622 -0.384862 0.867114 0.400795 -0.930002 -0.306262 0.203222 -0.504304 0.187352 -0.87068 -0.454769 0.485867 
1533574728987 0.196775 0.931342 -0.3064 -0.614152 -0.94844 0.260017 0.181254 -0.249112 0.248478 0.254936 0.934487 0.380465 0.31622 -0.384862 0.867114 0.400795 -0.930002 -0.306262 0.203222 -0.504304 0.187352 -0.87068 -0.454769 0.485867 
1533574729039 0.196795 0.931471 -0.305995 -0.614119 -0.948352 0.260044 0.181677 -0.249156 0.248799 0.254438 0.934538 0.380433 0.31622 -0.384862 0.867114 0.400795 -0.930002 -0.306262 0.203222 -0.504304 0.187352 -0.87068 -0.454769 0.485867 
1533574729080 0.196815 0.9316 -0.30559 -0.614086 -0.948263 0.260069 0.182101 -0.2492 0.24912 0.25394 0.934588 0.380401 0.31622 -0.384862 0.867114 0.400795 -0.930002 -0.306262 0.203222 -0.504304 0.187352 -0.87068 -0.454769 0.485867 
1533574729129 0.196926 0.931323 -0.306361 -0.614132 -0.948414 0.260147 0.181201 -0.249169 0.248455 0.254874 0.93451 0.380457 0.31622 -0.384862 0.867114 0.400795 -0.930002 -0.306262 0.203222 -0.504304 0.187352 -0.87068 -0.454769 0.485867 
1533574729143 0.197005 0.931421 -0.306011 -0.614103 -0.948435 0.260116 0.181139 -0.249176 0.248316 0.254546 0.934637 0.380461 0.31622 -0.384862 0.867114 0.400795 -0.930002 -0.306262 0.203222 -0.504304 0.187352 -0.87068 -0.454769 0.485867 
1533574729159 0.197084 0.93152 -0.305661 -0.614073 -0.948455 0.260085 0.181079 -0.249183 0.248176 0.254218 0.934763 0.380464 0.31622 -0.384862 0.867114 0.400795 -0.930002 -0.306262 0.203222 -0.504304 0.187352 -0.87068 -0.454769 0.485867 
1533574729178 0.197163 0.931618 -0.305311 -0.614044 -0.948475 0.260054 0.181018 -0.24919 0.248036 0.25389 0.934889 0.380468 0.31622 -0.384862 0.867114 0.400795 -0.930002 -0.306262 0.203222 -0.504304 0.187352 -0.87068 -0.454769 0.485867 
1533574729193 0.197241 0.931716 -0.30496 -0.614015 -0.948495 0.260022 0.180957 -0.249197 0.247897 0.253561 0.935015 0.380472 0.31622 -0.384862 0.867114 0.400795 -0.930002 -0.306262 0.203222 -0.504304 0.187352 -0.87068 -0.454769 0.485867 
1533574729209 0.19732 0.931814 -0.30461 -0.613985 -0.948515 0.259991 0.180896 -0.249204 0.247757 0.253233 0.935141 0.380476 0.31622 -0.384862 0.867114 0.400795 -0.930002 -0.306262 0.203222 -0.504304 0.187352 -0.87068 -0.454769 0.485867 
1533574729226 0.197398 0.931912 -0.30426 -0.613956 -0.948535 0.25996 0.180835 -0.249212 0.247618 0.252905 0.935267 0.380479 0.31622 -0.384862 0.867114 0.400795 -0.930002 -0.306262 0.203222 -0.504304 0.187352 -0.87068 -0.454769 0.485867 
1533574729301 0.197477 0.93201 -0.303909 -0.613927 -0.948556 0.259929 0.180774 -0.249219 0.247478 0.252576 0.935393 0.380483 0.31622 -0.384862 0.867114 0.400795 -0.930002 -0.306262 0.203222 -0.504304 0.187352 -0.87068 -0.454769 0.485867 
1533574729325 0.197555 0.932107 -0.303559 -0.613898 -0.948576 0.259898 0.180713 -0.249226 0.247338 0.252248 0.935518 0.380487 0.31622 -0.384862 0.867114 0.400795 -0.930002 -0.306262 0.203222 -0.504304 0.187352 -0.87068 -0.454769 0.485867 
1533574729356 0.197634 0.932205 -0.303208 -0.613868 -0.948596 0.259867 0.180651 -0.249233 0.247198 0.251919 0.935644 0.38049 0.31622 -0.384862 0.867114 0.400795 -0.930002 -0.306262 0.203222 -0.504304 0.187352 -0.87068 -0.454769 0.485867 
1533574729400 0.197434 0.931905 -0.304258 -0.613952 -0.948532 0.259989 0.180809 -0.24921 0.247601 0.2529 0.935273 0.38044 0.31622 -0.384862 0.867114 0.400795 -0.930002 -0.306262 0.203222 -0.504304 0.187352 -0.87068 -0.454769 0.485867 
1533574729414 0.197317 0.931917 -0.304295 -0.613901 -0.948604 0.259838 0.180652 -0.249221 0.24742 0.25301 0.935291 0.380473 0.31622 -0.384862 0.867114 0.400795 -0.930002 -0.306262 0.203222 -0.504304 0.187352 -0.87068 -0.454769 0.485867 
1533574729430 0.1972 0.93193 -0.304333 -0.61385 -0.948675 0.259687 0.180495 -0.249233 0.24724 0.253119 0.935309 0.380507 0.31622 -0.384862 0.867114 0.400795 -0.930002 -0.306262 0.203222 -0.504304 0.187352 -0.87068 -0.454769 0.485867 
1533574729447 0.197083 0.931942 -0.304371 -0.613799 -0.948746 0.259535 0.180339 -0.249244 0.24706 0.253229 0.935327 0.38054 0.31622 -0.384862 0.867114 0.400795 -0.930002 -0.306262 0.203222 -0.504304 0.187352 -0.87068 -0.454769 0.485867 
1533574729464 0.196966 0.931955 -0.304408 -0.613748 -0.948817 0.259384 0.180182 -0.249256 0.24688 0.253338 0.935345 0.380574 0.31622 -0.384862 0.867114 0.400795 -0.930002 -0.306262 0.203222 -0.504304 0.187352 -0.87068 -0.454769 0.485867 
1533574729557 0.196849 0.931967 -0.304446 -0.613697 -0.948888 0.259232 0.180026 -0.249267 0.2467 0.253447 0.935363 0.380607 0.31622 -0.384862 0.867114 0.400795 -0.930002 -0.306262 0.203222 -0.504304 0.187352 -0.87068 -0.454769 0.485867 
1533574729574 0.196733 0.931979 -0.304484 -0.613645 -0.94896 0.259081 0.179868 -0.249278 0.24652 0.253557 0.935381 0.380641 0.31622 -0.384862 0.867114 0.400795 -0.930002 -0.306262 0.203222 -0.504304 0.187352 -0.87068 -0.454769 0.485867 
1533574729590 0.196616 0.931992 -0.304522 -0.613594 -0.949031 0.25893 0.179711 -0.24929 0.246339 0.253667 0.935398 0.380674 0.31622 -0.384862 0.867114 0.400795 -0.930002 -0.306262 0.203222 -0.504304 0.187352 -0.87068 -0.454769 0.485867 
1533574729607 0.196499 0.932004 -0.30456 -0.613543 -0.949102 0.258779 0.179555 -0.249301 0.246159 0.253776 0.935416 0.380708 0.31622 -0.384862 0.867114 0.400795 -0.930002 -0.306262 0.203222 -0.504304 0.187352 -0.87068 -0.454769 0.485867 
1533574729624 0.196382 0.932016 -0.304598 -0.613492 -0.949172 0.258627 0.179398 -0.249313 0.245979 0.253885 0.935434 0.380741 0.31622 -0.384862 0.867114 0.400795 -0.930002 -0.306262 0.203222 -0.504304 0.187352 -0.87068 -0.454769 0.485867 
1533574729644 0.19702 0.931957 -0.304366 -0.613692 -0.948832 0.259399 0.180081 -0.249291 0.24678 0.253313 0.935378 0.380594 0.31622 -0.384862 0.867114 0.400795 -0.930002 -0.306262 0.203222 -0.504304 0.187352 -0.87068 -0.454769 0.485867 
1533574729657 0.196672 0.931939 -0.304647 -0.613632 -0.948911 0.259118 0.180072 -0.249411 0.246756 0.253667 0.935288 0.380616 0.31622 -0.384862 0.867114 0.400795 -0.930002 -0.306262 0.203222 -0.504304 0.187352 -0.87068 -0.454769 0.485867 
1533574729674 0.196323 0.931921 -0.304928 -0.613572 -0.948989 0.258837 0.180064 -0.249531 0.246732 0.254022 0.935198 0.380638 0.31622 -0.384862 0.867114 0.400795 -0.930002 -0.306262 0.203222 -0.504304 0.187352 -0.87068 -0.454769 0.485867 
1533574729691 0.195975 0.931902 -0.305209 -0.613511 -0.949067 0.258555 0.180056 -0.249651 0.246708 0.254377 0.935108 0.38066 0.31622 -0.384862 0.867114 0.400795 -0.930002 -0.306262 0.203222 -0.504304 0.187352 -0.87068 -0.454769 0.485867 
1533574729778 0.195626 0.931883 -0.30549 -0.613451 -0.949145 0.258273 0.180049 -0.249771 0.246685 0.254732 0.935018 0.380682 0.31622 -0.384862 0.867114 0.400795 -0.930002 -0.306262 0.203222 -0.504304 0.187352 -0.87068 -0.454769 0.485867 
1533574729807 0.195277 0.931864 -0.305771 -0.613391 -0.949223 0.257992 0.180042 -0.249891 0.246661 0.255087 0.934927 0.380704 0.31622 -0.384862 0.867114 0.400795 -0.930002 -0.306262 0.203222 -0.504304 0.187352 -0.87068 -0.454769 0.485867 
1533574729845 0.194929 0.931845 -0.306052 -0.613331 -0.949301 0.25771 0.180034 -0.250011 0.246637 0.255442 0.934837 0.380725 0.31622 -0.384862 0.867114 0.400795 -0.930002 -0.306262 0.203222 -0.504304 0.187352 -0.87068 -0.454769 0.485867 
1533574729897 0.19458 0.931826 -0.306333 -0.613271 -0.949379 0.257428 0.180027 -0.250131 0.246612 0.255796 0.934746 0.380747 0.31622 -0.384862 0.867114 0.400795 -0.930002 -0.306262 0.203222 -0.504304 0.187352 -0.87068 -0.454769 0.485867 
1533574729941 0.194231 0.931806 -0.306614 -0.61321 -0.949457 0.257147 0.180019 -0.250251 0.246588 0.256151 0.934656 0.380769 0.31622 -0.384862 0.867114 0.400795 -0.930002 -0.306262 0.203222 -0.504304 0.187352 -0.87068 -0.454769 0.485867 
1533574729989 0.193883 0.931786 -0.306895 -0.61315 -0.949535 0.256865 0.180012 -0.250371 0.246563 0.256506 0.934565 0.380791 0.31622 -0.384862 0.867114 0.400795 -0.930002 -0.306262 0.203222 -0.504304 0.187352 -0.87068 -0.454769 0.485867 
1533574730019 0.194675 0.931864 -0.306157 -0.613245 -0.9494 0.257442 0.179896 -0.250156 0.246456 0.255644 0.934829 0.380766 0.31622 -0.384862 0.867114 0.400795 -0.930002 -0.306262 0.203222 -0.504304 0.187352 -0.87068 -0.454769 0.485867 
1533574730031 0.194227 0.931888 -0.306365 -0.613182 -0.949487 0.257065 0.17998 -0.250326 0.246477 0.255933 0.934745 0.380744 0.31622 -0.384862 0.867114 0.400795 -0.930002 -0.306262 0.203222 -0.504304 0.187352 -0.87068 -0.454769 0.485867 
1533574730048 0.193778 0.931913 -0.306575 -0.613119 -0.949573 0.256687 0.180064 -0.250496 0.246498 0.256222 0.93466 0.380722 0.31622 -0.384862 0.867114 0.400795 -0.930002 -0.306262 0.203222 -0.504304 0.187352 -0.87068 -0.454769 0.485867 
1533574730065 0.19333 0.931938 -0.306783 -0.613056 -0.949659 0.256309 0.180149 -0.250666 0.246519 0.256511 0.934575 0.3807 0.31622 -0.384862 0.867114 0.400795 -0.930002 -0.306262 0.203222 -0.504304 0.187352 -0.87068 -0.454769 0.485867 
1533574730160 0.192881 0.931962 -0.306992 -0.612993 -0.949745 0.255931 0.180233 -0.250836 0.246539 0.256801 0.93449 0.380678 0.31622 -0.384862 0.867114 0.400795 -0.930002 -0.306262 0.203222 -0.504304 0.187352 -0.87068 -0.454769 0.485867 
1533574730208 0.192432 0.931986 -0.307201 -0.612929 -0.949831 0.255553 0.180318 -0.251005 0.24656 0.25709 0.934405 0.380656 0.31622 -0.384862 0.867114 0.400795 -0.930002 -0.306262 0.203222 -0.504304 0.187352 -0.87068 -0.454769 0.485867 
1533574730294 0.191984 0.932009 -0.30741 -0.612866 -0.949916 0.255175 0.180402 -0.251175 0.24658 0.257379 0.93432 0.380633 0.31622 -0.384862 0.867114 0.400795 -0.930002 -0.306262 0.203222 -0.504304 0.187352 -0.87068 -0.454769 0.485867 
1533574730331 0.191535 0.932033 -0.307618 -0.612803 -0.950002 0.254797 0.180487 -0.251345 0.2466 0.257668 0.934235 0.380611 0.31622 -0.384862 0.867114 0.400795 -0.930002 -0.306262 0.203222 -0.504304 0.187352 -0.87068 -0.454769 0.485867 
1533574730422 0.191086 0.932056 -0.307827 -0.61274 -0.950087 0.254419 0.180571 -0.251515 0.24662 0.257957 0.93415 0.380589 0.31622 -0.384862 0.867114 0.400795 -0.930002 -0.306262 0.203222 -0.504304 0.187352 -0.87068 -0.454769 0.485867 
1533574730482 0.190637 0.932079 -0.308035 -0.612677 -0.950172 0.254041 0.180656 -0.251685 0.246639 0.258247 0.934065 0.380567 0.31622 -0.384862 0.867114 0.400795 -0.930002 -0.306262 0.203222 -0.504304 0.187352 -0.87068 -0.454769 0.485867 
1533574730551 0.191166 0.932064 -0.307754 -0.612803 -0.950085 0.254466 0.180517 -0.251427 0.246566 0.257884 0.934185 0.380585 0.31622 -0.384862 0.867114 0.400795 -0.930002 -0.306262 0.203222 -0.504304 0.187352 -0.87068 -0.454769 0.485867 
1533574730566 0.191065 0.93206 -0.307827 -0.612727 -0.950062 0.25443 0.180686 -0.251545 0.246731 0.257932 0.934128 0.380553 0.31622 -0.384862 0.867114 0.400795 -0.930002 -0.306262 0.203222 -0.504304 0.187352 -0.87068 -0.454769 0.485867 
1533574730581 0.190963 0.932057 -0.307901 -0.612651 -0.95004 0.254392 0.180857 -0.251663 0.246896 0.257981 0.934071 0.380521 0.31622 -0.384862 0.867114 0.400795 -0.930002 -0.306262 0.203222 -0.504304 0.187352 -0.87068 -0.454769 0.485867 
1533574730598 0.190861 0.932054 -0.307974 -0.612575 -0.950017 0.254355 0.181027 -0.251781 0.247062 0.25803 0.934013 0.380488 0.31622 -0.384862 0.867114 0.400795 -0.930002 -0.306262 0.203222 -0.504304 0.187352 -0.87068 -0.454769 0.485867 
1533574730615 0.190759 0.932051 -0.308047 -0.612499 -0.949995 0.254318 0.181198 -0.251899 0.247227 0.258078 0.933956 0.380456 0.31622 -0.384862 0.867114 0.400795 -0.930002 -0.306262 0.203222 -0.504304 0.187352 -0.87068 -0.454769 0.485867 
1533574730631 0.190656 0.932047 -0.30812 -0.612422 -0.949972 0.25428 0.181368 -0.252017 0.247392 0.258126 0.933899 0.380424 0.31622 -0.384862 0.867114 0.400795 -0.930002 -0.306262 0.203222 -0.504304 0.187352 -0.87068 -0.454769 0.485867 
1533574730648 0.190554 0.932044 -0.308193 -0.612346 -0.94995 0.254243 0.181538 -0.252135 0.247558 0.258175 0.933842 0.380392 0.31622 -0.384862 0.867114 0.400795 -0.930002 -0.306262 0.203222 -0.504304 0.187352 -0.87068 -0.454769 0.485867 
1533574730711 0.190452 0.932041 -0.308266 -0.61227 -0.949927 0.254206 0.181709 -0.252253 0.247723 0.258223 0.933785 0.38036 0.31622 -0.384862 0.867114 0.400795 -0.930002 -0.306262 0.203222 -0.504304 0.187352 -0.87068 -0.454769 0.485867 
1533574730751 0.19035 0.932038 -0.308339 -0.612194 -0.949904 0.254169 0.181879 -0.252371 0.247888 0.258272 0.933728 0.380327 0.31622 -0.384862 0.867114 0.400795 -0.930002 -0.306262 0.203222 -0.504304 0.187352 -0.87068 -0.454769 0.485867 
1533574730771 0.190248 0.932034 -0.308412 -0.612118 -0.949882 0.254131 0.18205 -0.252489 0.248054 0.25832 0.93367 0.380295 0.31622 -0.384862 0.867114 0.400795 -0.930002 -0.306262 0.203222 -0.504304 0.187352 -0.87068 -0.454769 0.485867 
1533574730794 0.190469 0.932005 -0.308365 -0.612397 -0.950026 0.254134 0.18129 -0.252142 0.24733 0.258424 0.933834 0.380359 0.31622 -0.384862 0.867114 0.400795 -0.930002 -0.306262 0.203222 -0.504304 0.187352 -0.87068 -0.454769 0.485867 
1533574730807 0.190365 0.932012 -0.308407 -0.612245 -0.949977 0.254117 0.181572 -0.25222 0.247598 0.258414 0.933765 0.380306 0.31622 -0.384862 0.867114 0.400795 -0.930002 -0.306262 0.203222 -0.504304 0.187352 -0.87068 -0.454769 0.485867 
1533574730824 0.190261 0.932019 -0.308449 -0.612092 -0.949928 0.2541 0.181852 -0.252298 0.247866 0.258404 0.933697 0.380253 0.31622 -0.384862 0.867114 0.400795 -0.930002 -0.306262 0.203222 -0.504304 0.187352 -0.87068 -0.454769 0.485867 
1533574730841 0.190157 0.932027 -0.308491 -0.61194 -0.949879 0.254083 0.182132 -0.252376 0.248134 0.258395 0.933628 0.3802 0.31622 -0.384862 0.867114 0.400795 -0.930002 -0.306262 0.203222 -0.504304 0.187352 -0.87068 -0.454769 0.485867 
1533574730857 0.190054 0.932034 -0.308532 -0.611788 -0.949829 0.254067 0.182413 -0.252454 0.248402 0.258384 0.93356 0.380147 0.31622 -0.384862 0.867114 0.400795 -0.930002 -0.306262 0.203222 -0.504304 0.187352 -0.87068 -0.454769 0.485867 
1533574730931 0.18995 0.932042 -0.308574 -0.611636 -0.94978 0.25405 0.182693 -0.252532 0.24867 0.258374 0.933491 0.380095 0.31622 -0.384862 0.867114 0.400795 -0.930002 -0.306262 0.203222 -0.504304 0.187352 -0.87068 -0.454769 0.485867 
1533574730970 0.189846 0.932049 -0.308615 -0.611483 -0.949731 0.254033 0.182973 -0.25261 0.248938 0.258365 0.933422 0.380042 0.31622 -0.384862 0.867114 0.400795 -0.930002 -0.306262 0.203222 -0.504304 0.187352 -0.87068 -0.454769 0.485867 
1533574731016 0.189742 0.932056 -0.308657 -0.611331 -0.949681 0.254016 0.183253 -0.252688 0.249206 0.258355 0.933354 0.379989 0.31622 -0.384862 0.867114 0.400795 -0.930002 -0.306262 0.203222 -0.504304 0.187352 -0.87068 -0.454769 0.485867 
1533574731048 0.189638 0.932064 -0.308699 -0.611179 -0.949632 0.253999 0.183533 -0.252766 0.249474 0.258345 0.933285 0.379936 0.31622 -0.384862 0.867114 0.400795 -0.930002 -0.306262 0.203222 -0.504304 0.187352 -0.87068 -0.454769 0.485867 
1533574731083 0.189534 0.932071 -0.30874 -0.611026 -0.949582 0.253982 0.183814 -0.252844 0.249742 0.258335 0.933216 0.379883 0.31622 -0.384862 0.867114 0.400795 -0.930002 -0.306262 0.203222 -0.504304 0.187352 -0.87068 -0.454769 0.485867 
1533574731134 0.189851 0.932036 -0.308651 -0.611353 -0.949712 0.254063 0.183029 -0.252701 0.249006 0.258381 0.9334 0.37999 0.31622 -0.384862 0.867114 0.400795 -0.930002 -0.306262 0.203222 -0.504304 0.187352 -0.87068 -0.454769 0.485867 
1533574731147 0.189712 0.932109 -0.308515 -0.611164 -0.949741 0.253904 0.1831 -0.252737 0.249003 0.258273 0.933431 0.379948 0.31622 -0.384862 0.867114 0.400795 -0.930002 -0.306262 0.203222 -0.504304 0.187352 -0.87068 -0.454769 0.485867 
1533574731165 0.189573 0.932183 -0.308378 -0.610974 -0.949769 0.253744 0.183172 -0.252773 0.248999 0.258163 0.933462 0.379906 0.31622 -0.384862 0.867114 0.400795 -0.930002 -0.306262 0.203222 -0.504304 0.187352 -0.87068 -0.454769 0.485867 
1533574731181 0.189433 0.932257 -0.308241 -0.610785 -0.949798 0.253585 0.183243 -0.252809 0.248995 0.258054 0.933493 0.379864 0.31622 -0.384862 0.867114 0.400795 -0.930002 -0.306262 0.203222 -0.504304 0.187352 -0.87068 -0.454769 0.485867 
1533574731197 0.189293 0.93233 -0.308104 -0.610595 -0.949827 0.253425 0.183315 -0.252845 0.248991 0.257945 0.933524 0.379822 0.31622 -0.384862 0.867114 0.400795 -0.930002 -0.306262 0.203222 -0.504304 0.187352 -0.87068 -0.454769 0.485867 
1533574731294 0.189154 0.932404 -0.307967 -0.610406 -0.949856 0.253266 0.183387 -0.252881 0.248988 0.257836 0.933555 0.37978 0.31622 -0.384862 0.867114 0.400795 -0.930002 -0.306262 0.203222 -0.504304 0.187352 -0.87068 -0.454769 0.485867 
1533574731325 0.189014 0.932477 -0.30783 -0.610217 -0.949884 0.253106 0.183459 -0.252918 0.248985 0.257727 0.933586 0.379737 0.31622 -0.384862 0.867114 0.400795 -0.930002 -0.306262 0.203222 -0.504304 0.187352 -0.87068 -0.454769 0.485867 
1533574731380 0.188875 0.932551 -0.307693 -0.610027 -0.949913 0.252947 0.18353 -0.252954 0.248981 0.257618 0.933617 0.379695 0.31622 -0.384862 0.867114 0.400795 -0.930002 -0.306262 0.203222 -0.504304 0.187352 -0.87068 -0.454769 0.485867 
1533574731426 0.188735 0.932624 -0.307556 -0.609838 -0.949942 0.252787 0.183602 -0.25299 0.248978 0.257508 0.933649 0.379653 0.31622 -0.384862 0.867114 0.400795 -0.930002 -0.306262 0.203222 -0.504304 0.187352 -0.87068 -0.454769 0.485867 
1533574731477 0.188596 0.932698 -0.307419 -0.609649 -0.94997 0.252627 0.183673 -0.253026 0.248974 0.257399 0.93368 0.379611 0.31622 -0.384862 0.867114 0.400795 -0.930002 -0.306262 0.203222 -0.504304 0.187352 -0.87068 -0.454769 0.485867 
1533574731522 0.189017 0.932489 -0.307792 -0.60999 -0.949881 0.253104 0.183476 -0.253064 0.248993 0.257686 0.933595 0.379699 0.31622 -0.384862 0.867114 0.400795 -0.930002 -0.306262 0.203222 -0.504304 0.187352 -0.87068 -0.454769 0.485867 
1533574731536 0.188719 0.932512 -0.307908 -0.609805 -0.949874 0.252914 0.183776 -0.253094 0.249248 0.257792 0.933498 0.379713 0.31622 -0.384862 0.867114 0.400795 -0.930002 -0.306262 0.203222 -0.504304 0.187352 -0.87068 -0.454769 0.485867 
1533574731552 0.188422 0.932533 -0.308024 -0.60962 -0.949866 0.252726 0.184076 -0.253123 0.249502 0.257898 0.933401 0.379727 0.31622 -0.384862 0.867114 0.400795 -0.930002 -0.306262 0.203222 -0.504304 0.187352 -0.87068 -0.454769 0.485867 
1533574731569 0.188124 0.932555 -0.30814 -0.609435 -0.949858 0.252537 0.184375 -0.253153 0.249757 0.258004 0.933304 0.379741 0.31622 -0.384862 0.867114 0.400795 -0.930002 -0.306262 0.203222 -0.504304 0.187352 -0.87068 -0.454769 0.485867 
1533574731644 0.187826 0.932577 -0.308255 -0.60925 -0.94985 0.252348 0.184676 -0.253182 0.250012 0.258109 0.933206 0.379755 0.31622 -0.384862 0.867114 0.400795 -0.930002 -0.306262 0.203222 -0.504304 0.187352 -0.87068 -0.454769 0.485867 
1533574731706 0.187528 0.932599 -0.30837 -0.609065 -0.949842 0.252159 0.184975 -0.253212 0.250266 0.258215 0.933109 0.379768 0.31622 -0.384862 0.867114 0.400795 -0.930002 -0.306262 0.203222 -0.504304 0.187352 -0.87068 -0.454769 0.485867 
1533574731750 0.187231 0.932621 -0.308485 -0.60888 -0.949834 0.25197 0.185275 -0.253242 0.25052 0.25832 0.933011 0.379782 0.31622 -0.384862 0.867114 0.400795 -0.930002 -0.306262 0.203222 -0.504304 0.187352 -0.87068 -0.454769 0.485867 
1533574731808 0.186933 0.932642 -0.3086 -0.608695 -0.949825 0.251781 0.185575 -0.253271 0.250775 0.258426 0.932914 0.379796 0.31622 -0.384862 0.867114 0.400795 -0.930002 -0.306262 0.203222 -0.504304 0.187352 -0.87068 -0.454769 0.485867 
1533574731870 0.186635 0.932664 -0.308715 -0.60851 -0.949817 0.251592 0.185874 -0.253301 0.251029 0.258532 0.932816 0.37981 0.31622 -0.384862 0.867114 0.400795 -0.930002 -0.306262 0.203222 -0.504304 0.187352 -0.87068 -0.454769 0.485867 
1533574731916 0.186337 0.932686 -0.30883 -0.608325 -0.949808 0.251404 0.186174 -0.25333 0.251283 0.258638 0.932718 0.379824 0.31622 -0.384862 0.867114 0.400795 -0.930002 -0.306262 0.203222 -0.504304 0.187352 -0.87068 -0.454769 0.485867 
1533574731969 0.186718 0.932688 -0.308593 -0.608641 -0.949879 0.251565 0.185592 -0.25322 0.250731 0.258473 0.932912 0.379768 0.31622 -0.384862 0.867114 0.400795 -0.930002 -0.306262 0.203222 -0.504304 0.187352 -0.87068 -0.454769 0.485867 
1533574731983 0.186505 0.932699 -0.308688 -0.608496 -0.949925 0.25138 0.18561 -0.25322 0.250716 0.258613 0.932878 0.379785 0.31622 -0.384862 0.867114 0.400795 -0.930002 -0.306262 0.203222 -0.504304 0.187352 -0.87068 -0.454769 0.485867 
1533574731999 0.186293 0.93271 -0.308782 -0.608351 -0.94997 0.251194 0.185628 -0.25322 0.250702 0.258753 0.932843 0.379801 0.31622 -0.384862 0.867114 0.400795 -0.930002 -0.306262 0.203222 -0.504304 0.187352 -0.87068 -0.454769 0.485867 
1533574732017 0.18608 0.932722 -0.308876 -0.608206 -0.950016 0.251009 0.185647 -0.25322 0.250688 0.258892 0.932808 0.379818 0.31622 -0.384862 0.867114 0.400795 -0.930002 -0.306262 0.203222 -0.504304 0.187352 -0.87068 -0.454769 0.485867 
1533574732023 0.185868 0.932733 -0.308971 -0.608061 -0.950061 0.250823 0.185666 -0.25322 0.250673 0.259032 0.932773 0.379835 0.31622 -0.384862 0.867114 0.400795 -0.930002 -0.306262 0.203222 -0.504304 0.187352 -0.87068 -0.454769 0.485867 
1533574732124 0.185655 0.932744 -0.309065 -0.607916 -0.950106 0.250638 0.185684 -0.25322 0.250659 0.259171 0.932738 0.379851 0.31622 -0.384862 0.867114 0.400795 -0.930002 -0.306262 0.203222 -0.504304 0.187352 -0.87068 -0.454769 0.485867 
1533574732173 0.185443 0.932755 -0.309159 -0.60777 -0.950152 0.250452 0.185703 -0.25322 0.250645 0.259311 0.932703 0.379868 0.31622 -0.384862 0.867114 0.400795 -0.930002 -0.306262 0.203222 -0.504304 0.187352 -0.87068 -0.454769 0.485867 
1533574732223 0.18523 0.932766 -0.309253 -0.607625 -0.950197 0.250267 0.185722 -0.25322 0.250631 0.25945 0.932668 0.379885 0.31622 -0.384862 0.867114 0.400795 -0.930002 -0.306262 0.203222 -0.504304 0.187352 -0.87068 -0.454769 0.485867 
1533574732280 0.185017 0.932777 -0.309348 -0.60748 -0.950242 0.250081 0.185741 -0.25322 0.250616 0.25959 0.932633 0.379902 0.31622 -0.384862 0.867114 0.400795 -0.930002 -0.306262 0.203222 -0.504304 0.187352 -0.87068 -0.454769 0.485867 
1533574732326 0.184805 0.932787 -0.309442 -0.607335 -0.950287 0.249896 0.185758 -0.25322 0.250601 0.25973 0.932598 0.379918 0.31622 -0.384862 0.867114 0.400795 -0.930002 -0.306262 0.203222 -0.504304 0.187352 -0.87068 -0.454769 0.485867 
1533574732368 0.185146 0.932831 -0.309108 -0.607612 -0.95022 0.250151 0.185758 -0.253148 0.250604 0.259328 0.932709 0.37995 0.31622 -0.384862 0.867114 0.400795 -0.930002 -0.306262 0.203222 -0.504304 0.187352 -0.87068 -0.454769 0.485867 
1533574732382 0.18496 0.932893 -0.309032 -0.6075 -0.950242 0.249976 0.185884 -0.25317 0.25066 0.259274 0.932709 0.37991 0.31622 -0.384862 0.867114 0.400795 -0.930002 -0.306262 0.203222 -0.504304 0.187352 -0.87068 -0.454769 0.485867 
1533574732398 0.184764 0.932956 -0.308958 -0.607381 -0.950265 0.249792 0.186012 -0.253189 0.250717 0.259224 0.932708 0.379871 0.31622 -0.384862 0.867114 0.400795 -0.930002 -0.306262 0.203222 -0.504304 0.187352 -0.87068 -0.454769 0.485867 
1533574732415 0.184568 0.933019 -0.308884 -0.607262 -0.950288 0.249608 0.186141 -0.253209 0.250773 0.259173 0.932707 0.379833 0.31622 -0.384862 0.867114 0.400795 -0.930002 -0.306262 0.203222 -0.504304 0.187352 -0.87068 -0.454769 0.485867 
1533574732432 0.184373 0.933082 -0.308811 -0.607143 -0.950311 0.249424 0.186269 -0.253229 0.250829 0.259123 0.932706 0.379794 0.31622 -0.384862 0.867114 0.400795 -0.930002 -0.306262 0.203222 -0.504304 0.187352 -0.87068 -0.454769 0.485867 
1533574732448 0.184177 0.933145 -0.308737 -0.607024 -0.950334 0.24924 0.186397 -0.253249 0.250886 0.259073 0.932704 0.379756 0.31622 -0.384862 0.867114 0.400795 -0.930002 -0.306262 0.203222 -0.504304 0.187352 -0.87068 -0.454769 0.485867 
1533574732465 0.183982 0.933208 -0.308663 -0.606905 -0.950357 0.249057 0.186526 -0.253268 0.250943 0.259022 0.932703 0.379717 0.31622 -0.384862 0.867114 0.400795 -0.930002 -0.306262 0.203222 -0.504304 0.187352 -0.87068 -0.454769 0.485867 
1533574732510 0.183786 0.933271 -0.308589 -0.606786 -0.95038 0.248873 0.186655 -0.253288 0.250999 0.258972 0.932702 0.379679 0.31622 -0.384862 0.867114 0.400795 -0.930002 -0.306262 0.203222 -0.504304 0.187352 -0.87068 -0.454769 0.485867 
1533574732558 0.18359 0.933334 -0.308515 -0.606667 -0.950403 0.248689 0.186783 -0.253308 0.251056 0.258922 0.932701 0.37964 0.31622 -0.384862 0.867114 0.400795 -0.930002 -0.306262 0.203222 -0.504304 0.187352 -0.87068 -0.454769 0.485867 
1533574732582 0.183395 0.933397 -0.308441 -0.606548 -0.950426 0.248505 0.186912 -0.253327 0.251112 0.258872 0.932699 0.379602 0.31622 -0.384862 0.867114 0.400795 -0.930002 -0.306262 0.203222 -0.504304 0.187352 -0.87068 -0.454769 0.485867 
1533574732607 0.184039 0.933208 -0.30863 -0.606947 -0.950321 0.24913 0.186613 -0.253235 0.251037 0.258953 0.932697 0.379745 0.31622 -0.384862 0.867114 0.400795 -0.930002 -0.306262 0.203222 -0.504304 0.187352 -0.87068 -0.454769 0.485867 
1533574732621 0.183821 0.933288 -0.308519 -0.606834 -0.950294 0.248973 0.186959 -0.253263 0.251299 0.258817 0.932664 0.379709 0.31622 -0.384862 0.867114 0.400795 -0.930002 -0.306262 0.203222 -0.504304 0.187352 -0.87068 -0.454769 0.485867 
1533574732637 0.183597 0.933368 -0.308409 -0.606718 -0.950267 0.248812 0.187309 -0.253293 0.251564 0.258682 0.93263 0.37967 0.31622 -0.384862 0.867114 0.400795 -0.930002 -0.306262 0.203222 -0.504304 0.187352 -0.87068 -0.454769 0.485867 
1533574732654 0.183373 0.933449 -0.308298 -0.606602 -0.95024 0.248651 0.187658 -0.253322 0.251828 0.258546 0.932597 0.379631 0.31622 -0.384862 0.867114 0.400795 -0.930002 -0.306262 0.203222 -0.504304 0.187352 -0.87068 -0.454769 0.485867 
1533574732670 0.18315 0.93353 -0.308186 -0.606485 -0.950213 0.24849 0.188009 -0.253351 0.252093 0.258409 0.932563 0.379592 0.31622 -0.384862 0.867114 0.400795 -0.930002 -0.306262 0.203222 -0.504304 0.187352 -0.87068 -0.454769 0.485867 
1533574732687 0.182926 0.93361 -0.308075 -0.606368 -0.950186 0.248329 0.188359 -0.25338 0.252357 0.258273 0.932529 0.379553 0.31622 -0.384862 0.867114 0.400795 -0.930002 -0.306262 0.203222 -0.504304 0.187352 -0.87068 -0.454769 0.485867 
1533574732748 0.182702 0.933691 -0.307964 -0.606252 -0.950159 0.248168 0.188708 -0.25341 0.252622 0.258137 0.932495 0.379513 0.31622 -0.384862 0.867114 0.400795 -0.930002 -0.306262 0.203222 -0.504304 0.187352 -0.87068 -0.454769 0.485867 
1533574732773 0.182479 0.933771 -0.307852 -0.606135 -0.950132 0.248006 0.189058 -0.253439 0.252886 0.258001 0.932461 0.379474 0.31622 -0.384862 0.867114 0.400795 -0.930002 -0.306262 0.203222 -0.504304 0.187352 -0.87068 -0.454769 0.485867 
1533574732815 0.182255 0.933851 -0.307741 -0.606019 -0.950104 0.247845 0.189408 -0.253468 0.253151 0.257865 0.932427 0.379435 0.31622 -0.384862 0.867114 0.400795 -0.930002 -0.306262 0.203222 -0.504304 0.187352 -0.87068 -0.454769 0.485867 
1533574732847 0.182032 0.933932 -0.307629 -0.605903 -0.950076 0.247683 0.189758 -0.253498 0.253416 0.257729 0.932393 0.379396 0.31622 -0.384862 0.867114 0.400795 -0.930002 -0.306262 0.203222 -0.504304 0.187352 -0.87068 -0.454769 0.485867 
1533574732871 0.182641 0.93366 -0.308094 -0.606301 -0.950118 0.24819 0.188886 -0.253363 0.252821 0.258227 0.932416 0.379482 0.31622 -0.384862 0.867114 0.400795 -0.930002 -0.306262 0.203222 -0.504304 0.187352 -0.87068 -0.454769 0.485867 
1533574732885 0.182458 0.933726 -0.308001 -0.606208 -0.950109 0.248044 0.189121 -0.25339 0.252985 0.258128 0.932399 0.37944 0.31622 -0.384862 0.867114 0.400795 -0.930002 -0.306262 0.203222 -0.504304 0.187352 -0.87068 -0.454769 0.485867 
1533574732901 0.182276 0.933792 -0.307908 -0.606115 -0.950101 0.247897 0.189356 -0.253417 0.253149 0.258029 0.932382 0.379398 0.31622 -0.384862 0.867114 0.400795 -0.930002 -0.306262 0.203222 -0.504304 0.187352 -0.87068 -0.454769 0.485867 
1533574732919 0.182093 0.933859 -0.307815 -0.606022 -0.950092 0.24775 0.189591 -0.253444 0.253313 0.25793 0.932365 0.379355 0.31622 -0.384862 0.867114 0.400795 -0.930002 -0.306262 0.203222 -0.504304 0.187352 -0.87068 -0.454769 0.485867 
1533574732935 0.18191 0.933925 -0.307722 -0.605929 -0.950083 0.247604 0.189826 -0.253471 0.253476 0.257831 0.932348 0.379313 0.31622 -0.384862 0.867114 0.400795 -0.930002 -0.306262 0.203222 -0.504304 0.187352 -0.87068 -0.454769 0.485867 
1533574732951 0.181728 0.933991 -0.307628 -0.605836 -0.950075 0.247457 0.190061 -0.253498 0.25364 0.25773 0.932331 0.379271 0.31622 -0.384862 0.867114 0.400795 -0.930002 -0.306262 0.203222 -0.504304 0.187352 -0.87068 -0.454769 0.485867 
1533574732968 0.181545 0.934058 -0.307535 -0.605744 -0.950066 0.247311 0.190296 -0.253525 0.253804 0.257631 0.932314 0.379229 0.31622 -0.384862 0.867114 0.400795 -0.930002 -0.306262 0.203222 -0.504304 0.187352 -0.87068 -0.454769 0.485867 
1533574732985 0.181363 0.934124 -0.307442 -0.605651 -0.950057 0.247164 0.19053 -0.253552 0.253968 0.257532 0.932297 0.379187 0.31622 -0.384862 0.867114 0.400795 -0.930002 -0.306262 0.203222 -0.504304 0.187352 -0.87068 -0.454769 0.485867 
1533574733001 0.18118 0.93419 -0.307348 -0.605558 -0.950048 0.247017 0.190765 -0.253579 0.254131 0.257433 0.93228 0.379144 0.31622 -0.384862 0.867114 0.400795 -0.930002 -0.306262 0.203222 -0.504304 0.187352 -0.87068 -0.454769 0.485867 
1533574733059 0.180998 0.934256 -0.307255 -0.605465 -0.950039 0.246871 0.191 -0.253606 0.254295 0.257333 0.932263 0.379102 0.31622 -0.384862 0.867114 0.400795 -0.930002 -0.306262 0.203222 -0.504304 0.187352 -0.87068 -0.454769 0.485867 
1533574733087 0.181528 0.934048 -0.307573 -0.605839 -0.950081 0.24729 0.190246 -0.253468 0.253759 0.257684 0.932312 0.379295 0.31622 -0.384862 0.867114 0.400795 -0.930002 -0.306262 0.203222 -0.504304 0.187352 -0.87068 -0.454769 0.485867 
1533574733100 0.18136 0.934027 -0.307737 -0.60574 -0.950071 0.247209 0.190404 -0.253503 0.253918 0.25784 0.932225 0.379314 0.31622 -0.384862 0.867114 0.400795 -0.930002 -0.306262 0.203222 -0.504304 0.187352 -0.87068 -0.454769 0.485867 
1533574733117 0.181193 0.934005 -0.307902 -0.605641 -0.95006 0.247128 0.190562 -0.253538 0.254077 0.257997 0.932139 0.379332 0.31622 -0.384862 0.867114 0.400795 -0.930002 -0.306262 0.203222 -0.504304 0.187352 -0.87068 -0.454769 0.485867 
1533574733134 0.181026 0.933983 -0.308067 -0.605542 -0.950049 0.247047 0.19072 -0.253574 0.254236 0.258153 0.932052 0.379351 0.31622 -0.384862 0.867114 0.400795 -0.930002 -0.306262 0.203222 -0.504304 0.187352 -0.87068 -0.454769 0.485867 
1533574733215 0.180858 0.933961 -0.308231 -0.605443 -0.950039 0.246966 0.190878 -0.253609 0.254395 0.25831 0.931965 0.379369 0.31622 -0.384862 0.867114 0.400795 -0.930002 -0.306262 0.203222 -0.504304 0.187352 -0.87068 -0.454769 0.485867 
1533574733239 0.180691 0.93394 -0.308395 -0.605344 -0.950028 0.246885 0.191036 -0.253644 0.254554 0.258466 0.931879 0.379388 0.31622 -0.384862 0.867114 0.400795 -0.930002 -0.306262 0.203222 -0.504304 0.187352 -0.87068 -0.454769 0.485867 
1533574733260 0.180523 0.933918 -0.308559 -0.605245 -0.950017 0.246804 0.191194 -0.253679 0.254713 0.258622 0.931792 0.379407 0.31622 -0.384862 0.867114 0.400795 -0.930002 -0.306262 0.203222 -0.504304 0.187352 -0.87068 -0.454769 0.485867 
1533574733267 0.180355 0.933896 -0.308724 -0.605146 -0.950006 0.246723 0.191352 -0.253714 0.254872 0.258778 0.931705 0.379425 0.31622 -0.384862 0.867114 0.400795 -0.930002 -0.306262 0.203222 -0.504304 0.187352 -0.87068 -0.454769 0.485867 
