1535387873065 -0.267865 0.929908 -0.252028 -0.592088 -0.961084 -0.276248 0.00220542 -0.27088 -0.0675715 0.242811 0.967717 0.364208 0.337725 -0.224792 0.914008 0.391778 -0.937456 -0.167375 0.305225 -0.509054 0.0843705 -0.959924 -0.267259 0.47752 
1535387873085 -0.216188 0.943504 -0.251125 -0.596381 -0.975626 -0.218678 0.018298 -0.267667 -0.0376512 0.24896 0.967782 0.365055 0.319114 -0.217103 0.922514 0.390996 -0.945688 -0.136593 0.294985 -0.506408 0.0619669 -0.966545 -0.248901 0.473676 
1535387874004 -0.163785 0.954008 -0.251083 -0.600673 -0.986468 -0.160302 0.0344104 -0.264453 -0.00742129 0.253321 0.967354 0.365902 0.300605 -0.208764 0.93062 0.390211 -0.952945 -0.105792 0.284084 -0.503756 0.0391459 -0.972227 -0.230742 0.469831 
1535387874913 -0.110858 0.961382 -0.251903 -0.604966 -0.99357 -0.101342 0.0504812 -0.261239 0.0230033 0.25588 0.966435 0.366749 0.28222 -0.199785 0.938316 0.389426 -0.959217 -0.0750113 0.272535 -0.501104 0.0159358 -0.976964 -0.212807 0.465985 
1535387875822 -0.0576062 0.965598 -0.25358 -0.609259 -0.996904 -0.0420231 0.0664503 -0.258025 0.0535081 0.256623 0.965029 0.367596 0.263983 -0.190179 0.945593 0.388641 -0.964497 -0.0442884 0.260353 -0.498454 -0.00763474 -0.98075 -0.195118 0.46214 
1535387876769 -0.00423131 0.966639 -0.256109 -0.613551 -0.996459 0.0174318 0.0822564 -0.254811 0.0839767 0.25555 0.963142 0.368443 0.245915 -0.179955 0.95244 0.387856 -0.968778 -0.0136616 0.247552 -0.495801 -0.0315364 -0.98358 -0.177696 0.458295 
1535387877727 0.0490646 0.964501 -0.259481 -0.617844 -0.992235 0.0767973 0.0978398 -0.251598 0.114294 0.252665 0.960779 0.36929 0.228039 -0.169128 0.95885 0.387071 -0.972055 0.016831 0.234148 -0.49315 -0.0557394 -0.98545 -0.160564 0.454449 
1535387878641 0.102079 0.959194 -0.263681 -0.622137 -0.984248 0.135848 0.113142 -0.248384 0.144345 0.247978 0.957952 0.370137 0.210378 -0.15771 0.964815 0.386287 -0.974324 0.0471516 0.220159 -0.490499 -0.080214 -0.986359 -0.143741 0.450604 
1535387879570 0.154612 0.950736 -0.268695 -0.626429 -0.972529 0.19436 0.128104 -0.24517 0.174017 0.241507 0.954669 0.370985 0.192954 -0.145717 0.970328 0.385501 -0.975581 0.0772627 0.205601 -0.487846 -0.10493 -0.986305 -0.12725 0.446759 
1535387880499 0.206464 0.93916 -0.274503 -0.63072 -0.957123 0.252113 0.142671 -0.241956 0.203196 0.233277 0.950943 0.371832 0.175787 -0.133162 0.97538 0.384716 -0.975826 0.107127 0.190493 -0.485194 -0.129856 -0.985288 -0.111111 0.442913 
1535387881447 0.205467 0.939442 -0.274286 -0.630437 -0.957612 0.250808 0.141684 -0.242151 0.201897 0.233548 0.951153 0.37167 0.176487 -0.133493 0.975209 0.384931 -0.975902 0.105439 0.191046 -0.485181 -0.128329 -0.985425 -0.111667 0.44324 
1535387881459 0.207899 0.938429 -0.275915 -0.630579 -0.956545 0.25401 0.143178 -0.242005 0.204448 0.234158 0.950458 0.371835 0.179164 -0.132586 0.974844 0.384926 -0.976211 0.0990324 0.192884 -0.485427 -0.122115 -0.986212 -0.111689 0.443249 
1535387881777 0.210326 0.937406 -0.277549 -0.630713 -0.955466 0.257211 0.144665 -0.241855 0.206998 0.234761 0.949757 0.372002 0.181835 -0.131662 0.974475 0.384923 -0.976475 0.0926225 0.194722 -0.485679 -0.115896 -0.986958 -0.111722 0.443259 
1535387882108 0.212747 0.936373 -0.279186 -0.63085 -0.954373 0.260411 0.146146 -0.241706 0.20955 0.235355 0.94905 0.372168 0.184498 -0.130719 0.974101 0.384919 -0.976695 0.0862107 0.196558 -0.485929 -0.109672 -0.987664 -0.111767 0.443268 
1535387882424 0.215161 0.93533 -0.280826 -0.630985 -0.953267 0.263609 0.14762 -0.241557 0.212102 0.23594 0.948338 0.372335 0.187154 -0.12976 0.973723 0.384916 -0.976869 0.0797971 0.198393 -0.486179 -0.103444 -0.988329 -0.111824 0.443277 
1535387882756 0.217569 0.934278 -0.282469 -0.631121 -0.952149 0.266806 0.149088 -0.241408 0.214654 0.236516 0.94762 0.372501 0.189804 -0.128783 0.973339 0.384912 -0.976998 0.073382 0.200226 -0.486429 -0.0972113 -0.988954 -0.111892 0.443287 
1535387883061 0.21997 0.933216 -0.284116 -0.631258 -0.951017 0.270001 0.15055 -0.24126 0.217207 0.237082 0.946897 0.372667 0.192446 -0.127788 0.972952 0.384909 -0.977081 0.0669658 0.202058 -0.486679 -0.0909752 -0.989538 -0.111972 0.443296 
1535387883398 0.222365 0.932144 -0.285765 -0.631393 -0.949873 0.273195 0.152005 -0.24111 0.21976 0.23764 0.946167 0.372834 0.195081 -0.126777 0.972559 0.384905 -0.97712 0.0605486 0.203889 -0.486929 -0.0847355 -0.990082 -0.112064 0.443306 
1535387883728 0.224754 0.931062 -0.287418 -0.631529 -0.948716 0.276386 0.153454 -0.240961 0.222314 0.238189 0.945433 0.373 0.197709 -0.125748 0.972162 0.384901 -0.977113 0.054131 0.205718 -0.487179 -0.0784927 -0.990584 -0.112168 0.443315 
1535387884050 0.227136 0.929971 -0.289074 -0.631664 -0.947546 0.279577 0.154896 -0.240812 0.224867 0.238729 0.944692 0.373167 0.20033 -0.124702 0.97176 0.384898 -0.977061 0.0477129 0.207546 -0.487429 -0.0722468 -0.991046 -0.112283 0.443324 
1535387884388 0.226318 0.930313 -0.288614 -0.631654 -0.947999 0.278447 0.154161 -0.240826 0.223782 0.238717 0.944953 0.373062 0.199785 -0.124953 0.97184 0.384863 -0.977087 0.0488942 0.20715 -0.487331 -0.0734014 -0.990957 -0.112321 0.44332 
1535387884400 0.228008 0.929771 -0.289031 -0.631837 -0.947304 0.280437 0.154824 -0.240756 0.225006 0.238499 0.944717 0.373174 0.200747 -0.124705 0.971673 0.384886 -0.977153 0.0451906 0.207679 -0.487472 -0.0698091 -0.991164 -0.112784 0.443356 
1535387884604 0.229696 0.929225 -0.28945 -0.632018 -0.946604 0.282425 0.155487 -0.240685 0.226231 0.238279 0.94448 0.373286 0.201709 -0.124452 0.971507 0.384911 -0.977205 0.041487 0.208207 -0.487618 -0.0662167 -0.991358 -0.113247 0.443392 
1535387884866 0.231382 0.928676 -0.289869 -0.632199 -0.9459 0.284412 0.156149 -0.240614 0.227454 0.238057 0.944242 0.373398 0.20267 -0.124196 0.971339 0.384935 -0.977243 0.0377829 0.208733 -0.487763 -0.0626238 -0.991538 -0.113712 0.443429 
1535387885107 0.233067 0.928123 -0.29029 -0.632381 -0.945191 0.286399 0.15681 -0.240543 0.228677 0.237832 0.944003 0.37351 0.20363 -0.123936 0.971172 0.384959 -0.977267 0.0340785 0.209257 -0.487907 -0.0590305 -0.991705 -0.114179 0.443465 
1535387885325 0.23475 0.927566 -0.290712 -0.632562 -0.944478 0.288383 0.15747 -0.240472 0.2299 0.237605 0.943764 0.373622 0.204589 -0.123673 0.971004 0.384984 -0.977277 0.0303737 0.209779 -0.488054 -0.0554369 -0.991858 -0.114648 0.443501 
1535387885566 0.236432 0.927006 -0.291135 -0.632743 -0.94376 0.290367 0.158128 -0.240401 0.231122 0.237375 0.943523 0.373734 0.205547 -0.123406 0.970835 0.385009 -0.977273 0.0266686 0.2103 -0.4882 -0.051843 -0.991998 -0.115119 0.443538 
1535387885784 0.238112 0.926442 -0.291559 -0.632924 -0.943037 0.292349 0.158786 -0.24033 0.232343 0.237142 0.943282 0.373846 0.206504 -0.123135 0.970667 0.385034 -0.977255 0.0229634 0.210818 -0.488345 -0.0482489 -0.992124 -0.115592 0.443574 
1535387886012 0.239792 0.925875 -0.291985 -0.633105 -0.94231 0.29433 0.159442 -0.240259 0.233563 0.236908 0.943039 0.373958 0.207459 -0.12286 0.970498 0.385058 -0.977224 0.019258 0.211335 -0.488489 -0.0446545 -0.992237 -0.116067 0.443611 
1535387886230 0.241469 0.925304 -0.292412 -0.633286 -0.941578 0.296309 0.160098 -0.240187 0.234783 0.23667 0.942796 0.37407 0.208414 -0.122583 0.970328 0.385083 -0.977178 0.0155524 0.21185 -0.488636 -0.04106 -0.992336 -0.116544 0.443647 
1535387886506 0.240567 0.925626 -0.292138 -0.633167 -0.941988 0.295221 0.159695 -0.24025 0.234063 0.236773 0.942949 0.374006 0.207991 -0.122708 0.970403 0.38508 -0.977209 0.0169896 0.211598 -0.488582 -0.0424515 -0.992297 -0.116378 0.443637 
1535387886521 0.241293 0.925561 -0.291744 -0.63329 -0.941786 0.295862 0.1597 -0.240243 0.234128 0.236226 0.94307 0.37405 0.208048 -0.123523 0.970288 0.385046 -0.977239 0.0158149 0.211552 -0.488613 -0.0414766 -0.992216 -0.117422 0.443741 
1535387886543 0.242019 0.925495 -0.29135 -0.633417 -0.941584 0.296502 0.159705 -0.240238 0.234192 0.235679 0.943191 0.374092 0.208107 -0.12434 0.970171 0.385012 -0.977267 0.0146404 0.211505 -0.488645 -0.0405022 -0.992132 -0.118466 0.443846 
1535387886727 0.242745 0.925429 -0.290957 -0.633544 -0.941381 0.297143 0.15971 -0.240233 0.234256 0.235132 0.943312 0.374135 0.208166 -0.125156 0.970053 0.384978 -0.977294 0.0134659 0.211457 -0.488677 -0.0395278 -0.992046 -0.119511 0.44395 
1535387886763 0.243471 0.925362 -0.290563 -0.633671 -0.941178 0.297783 0.159716 -0.240229 0.23432 0.234585 0.943432 0.374178 0.208226 -0.125972 0.969934 0.384944 -0.977321 0.0122914 0.211408 -0.488709 -0.0385534 -0.991958 -0.120556 0.444055 
1535387886929 0.244196 0.925295 -0.290169 -0.633799 -0.940974 0.298423 0.159722 -0.240224 0.234383 0.234038 0.943552 0.37422 0.208287 -0.126788 0.969815 0.38491 -0.977346 0.011117 0.211358 -0.488741 -0.037579 -0.991868 -0.1216 0.444159 
1535387886973 0.244922 0.925226 -0.289775 -0.633925 -0.94077 0.299063 0.159728 -0.240219 0.234446 0.233491 0.943672 0.374263 0.208349 -0.127603 0.969695 0.384876 -0.977369 0.00994257 0.211306 -0.488773 -0.0366047 -0.991775 -0.122644 0.444263 
1535387887128 0.245647 0.925157 -0.289381 -0.634053 -0.940565 0.299702 0.159735 -0.240215 0.234508 0.232943 0.943792 0.374306 0.208411 -0.128419 0.969574 0.384842 -0.977392 0.00876822 0.211253 -0.488805 -0.0356303 -0.991681 -0.123688 0.444368 
1535387887180 0.246373 0.925087 -0.288987 -0.63418 -0.94036 0.300342 0.159742 -0.24021 0.23457 0.232396 0.943911 0.374349 0.208475 -0.129234 0.969452 0.384809 -0.977413 0.00759382 0.2112 -0.488837 -0.034656 -0.991585 -0.124732 0.444472 
1535387887330 0.247098 0.925017 -0.288593 -0.634308 -0.940155 0.300981 0.159749 -0.240206 0.234632 0.231848 0.944031 0.374391 0.208539 -0.130049 0.969329 0.384775 -0.977434 0.00641954 0.211144 -0.488869 -0.0336817 -0.991487 -0.125776 0.444577 
1535387887385 0.246218 0.925012 -0.28936 -0.634126 -0.940398 0.300261 0.159672 -0.240272 0.234582 0.232799 0.943809 0.374248 0.208442 -0.128306 0.969582 0.384871 -0.977377 0.00902563 0.211312 -0.488772 -0.0358637 -0.991694 -0.123522 0.444324 
1535387887406 0.246448 0.925117 -0.28883 -0.634205 -0.940429 0.300299 0.159419 -0.240311 0.234216 0.232335 0.944014 0.374226 0.208141 -0.128484 0.969623 0.384834 -0.977462 0.00845339 0.210943 -0.488784 -0.0352995 -0.991676 -0.123829 0.444333 
1535387887428 0.246679 0.925221 -0.288298 -0.634287 -0.940459 0.300338 0.159166 -0.240352 0.23385 0.23187 0.94422 0.374204 0.207839 -0.128663 0.969664 0.384796 -0.977546 0.00788111 0.210574 -0.488795 -0.034735 -0.991657 -0.124136 0.444342 
1535387887613 0.24691 0.925325 -0.287766 -0.63437 -0.94049 0.300377 0.158913 -0.240392 0.233484 0.231404 0.944424 0.374181 0.207537 -0.128841 0.969705 0.384759 -0.97763 0.00730889 0.210204 -0.488807 -0.0341704 -0.991638 -0.124442 0.444352 
1535387887635 0.24714 0.925429 -0.287235 -0.634453 -0.94052 0.300415 0.15866 -0.240433 0.233118 0.230939 0.944629 0.374159 0.207236 -0.12902 0.969746 0.384721 -0.977714 0.00673668 0.209835 -0.488818 -0.0336057 -0.991619 -0.124748 0.444361 
1535387887775 0.247371 0.925532 -0.286702 -0.634537 -0.94055 0.300454 0.158407 -0.240474 0.232751 0.230473 0.944833 0.374136 0.206934 -0.129198 0.969787 0.384684 -0.977797 0.00616461 0.209465 -0.488829 -0.0330408 -0.9916 -0.125054 0.44437 
1535387887827 0.247601 0.925635 -0.28617 -0.634619 -0.94058 0.300493 0.158153 -0.240515 0.232385 0.230007 0.945036 0.374114 0.206633 -0.129377 0.969827 0.384646 -0.977879 0.00559257 0.209095 -0.488841 -0.0324759 -0.99158 -0.12536 0.444379 
1535387887909 0.24783 0.925738 -0.285638 -0.634703 -0.94061 0.300532 0.1579 -0.240556 0.232018 0.229542 0.94524 0.374091 0.206331 -0.129556 0.969867 0.384609 -0.977962 0.00502064 0.208724 -0.488852 -0.0319109 -0.991559 -0.125665 0.444388 
1535387887985 0.24806 0.925841 -0.285106 -0.634785 -0.94064 0.300572 0.157647 -0.240597 0.231651 0.229076 0.945443 0.374068 0.20603 -0.129735 0.969907 0.384571 -0.978043 0.00444873 0.208354 -0.488864 -0.0313457 -0.991539 -0.12597 0.444398 
1535387888069 0.24829 0.925943 -0.284573 -0.634869 -0.94067 0.300611 0.157394 -0.240638 0.231284 0.22861 0.945645 0.374046 0.205729 -0.129915 0.969947 0.384534 -0.978125 0.00387688 0.207983 -0.488875 -0.0307805 -0.991518 -0.126275 0.444407 
1535387888146 0.247852 0.925865 -0.285209 -0.634718 -0.940665 0.300419 0.157787 -0.240558 0.231772 0.229178 0.945388 0.374117 0.206299 -0.1295 0.969882 0.384608 -0.977973 0.00490771 0.208675 -0.488847 -0.0317833 -0.991567 -0.125635 0.444415 
1535387888157 0.248209 0.925843 -0.284969 -0.634707 -0.940502 0.300789 0.15806 -0.240599 0.232054 0.228782 0.945415 0.374078 0.205865 -0.129734 0.969943 0.384588 -0.978049 0.00537214 0.208304 -0.488867 -0.0322349 -0.991534 -0.125781 0.444405 
1535387888176 0.248567 0.925821 -0.284728 -0.634697 -0.940337 0.301159 0.158333 -0.24064 0.232337 0.228384 0.945442 0.374038 0.205431 -0.129969 0.970003 0.384567 -0.978126 0.00583676 0.207933 -0.488884 -0.0326865 -0.991501 -0.125927 0.444396 
1535387888302 0.248925 0.925799 -0.284488 -0.634689 -0.940173 0.301528 0.158607 -0.240683 0.232619 0.227986 0.945468 0.373998 0.204996 -0.130203 0.970064 0.384546 -0.978202 0.00630153 0.207562 -0.4889 -0.0331381 -0.991467 -0.126073 0.444386 
1535387888347 0.249283 0.925776 -0.284247 -0.634681 -0.940008 0.301898 0.158881 -0.240725 0.232902 0.227588 0.945495 0.373958 0.204561 -0.130438 0.970124 0.384524 -0.978277 0.0067664 0.20719 -0.488916 -0.0335896 -0.991433 -0.12622 0.444376 
1535387888429 0.249641 0.925753 -0.284007 -0.634673 -0.939843 0.302267 0.159155 -0.240768 0.233185 0.22719 0.945521 0.373918 0.204126 -0.130672 0.970184 0.384503 -0.978353 0.00723138 0.206818 -0.488931 -0.0340411 -0.991399 -0.126367 0.444366 
1535387888499 0.249999 0.925731 -0.283766 -0.634666 -0.939677 0.302636 0.15943 -0.24081 0.233467 0.226791 0.945547 0.373878 0.20369 -0.130905 0.970244 0.384481 -0.978428 0.00769644 0.206447 -0.488947 -0.0344924 -0.991365 -0.126514 0.444356 
1535387888554 0.250358 0.925707 -0.283526 -0.634657 -0.939512 0.303005 0.159704 -0.240852 0.233749 0.226393 0.945573 0.373839 0.203255 -0.131139 0.970304 0.38446 -0.978502 0.00816153 0.206075 -0.488963 -0.0349437 -0.99133 -0.126661 0.444346 
1535387888566 0.250716 0.925684 -0.283286 -0.634648 -0.939346 0.303374 0.159978 -0.240894 0.234031 0.225995 0.945598 0.373799 0.20282 -0.131372 0.970364 0.384439 -0.978576 0.0086267 0.205704 -0.48898 -0.0353949 -0.991296 -0.126808 0.444336 
1535387888647 0.251074 0.92566 -0.283046 -0.634641 -0.93918 0.303743 0.160253 -0.240937 0.234313 0.225596 0.945624 0.373759 0.202384 -0.131606 0.970423 0.384417 -0.97865 0.00909204 0.205333 -0.488995 -0.0358461 -0.99126 -0.126956 0.444326 
1535387888798 0.250002 0.925766 -0.283649 -0.634669 -0.93967 0.302625 0.159494 -0.24078 0.233494 0.226663 0.945571 0.373918 0.20326 -0.131232 0.97029 0.384475 -0.978504 0.00806668 0.206072 -0.488959 -0.0348703 -0.991319 -0.126771 0.444378 
1535387888807 0.25054 0.925682 -0.283447 -0.634465 -0.939546 0.303085 0.159348 -0.240712 0.233415 0.226388 0.945656 0.373959 0.203345 -0.130979 0.970307 0.384505 -0.978487 0.008095 0.206152 -0.489081 -0.0348561 -0.991352 -0.126515 0.444296 
1535387888964 0.251077 0.925598 -0.283246 -0.634257 -0.939423 0.303545 0.159202 -0.240642 0.233335 0.226115 0.945741 0.374002 0.20343 -0.130726 0.970323 0.384535 -0.978469 0.00812421 0.206232 -0.489204 -0.034843 -0.991385 -0.126259 0.444215 
1535387889067 0.251614 0.925514 -0.283044 -0.634047 -0.939299 0.304004 0.159056 -0.240571 0.233255 0.225843 0.945826 0.374044 0.203514 -0.130473 0.97034 0.384565 -0.978452 0.00815346 0.206312 -0.489327 -0.0348298 -0.991418 -0.126002 0.444133 
1535387889170 0.252151 0.92543 -0.282842 -0.63384 -0.939175 0.304464 0.158909 -0.240502 0.233175 0.225569 0.945911 0.374086 0.203599 -0.13022 0.970356 0.384595 -0.978435 0.00818269 0.206392 -0.489449 -0.0348166 -0.991451 -0.125746 0.444052 
1535387889289 0.252687 0.925345 -0.282641 -0.633631 -0.939051 0.304923 0.158763 -0.240431 0.233095 0.225297 0.945996 0.374128 0.203683 -0.129967 0.970372 0.384625 -0.978418 0.00821201 0.206472 -0.489572 -0.0348034 -0.991484 -0.12549 0.44397 
1535387889381 0.253224 0.92526 -0.282439 -0.633421 -0.938926 0.305383 0.158617 -0.24036 0.233014 0.225024 0.946081 0.374171 0.203768 -0.129715 0.970388 0.384655 -0.978401 0.00824129 0.206552 -0.489695 -0.0347901 -0.991517 -0.125234 0.443888 
1535387889524 0.253761 0.925174 -0.282237 -0.633213 -0.938801 0.305842 0.158471 -0.24029 0.232934 0.224751 0.946165 0.374213 0.203853 -0.129462 0.970404 0.384685 -0.978384 0.00827062 0.206633 -0.489818 -0.0347768 -0.99155 -0.124977 0.443807 
1535387889586 0.254298 0.925088 -0.282036 -0.633004 -0.938676 0.306302 0.158325 -0.24022 0.232853 0.224478 0.94625 0.374256 0.203937 -0.129209 0.97042 0.384715 -0.978367 0.0083 0.206712 -0.489941 -0.0347636 -0.991583 -0.124721 0.443725 
1535387889597 0.254834 0.925002 -0.281833 -0.632796 -0.93855 0.306761 0.15818 -0.24015 0.232772 0.224205 0.946335 0.374298 0.204022 -0.128956 0.970436 0.384745 -0.978349 0.00832931 0.206793 -0.490064 -0.0347502 -0.991615 -0.124465 0.443644 
1535387889824 0.253613 0.925208 -0.282259 -0.633257 -0.938825 0.305721 0.158566 -0.240214 0.232999 0.224777 0.946143 0.374205 0.203782 -0.129456 0.970419 0.384676 -0.978404 0.00810679 0.206541 -0.489815 -0.0346048 -0.991552 -0.125008 0.44386 
1535387889901 0.253804 0.925167 -0.282224 -0.632882 -0.938812 0.305859 0.158373 -0.240088 0.232842 0.22476 0.946186 0.374314 0.20375 -0.129692 0.970395 0.384712 -0.978405 0.0082377 0.206533 -0.489927 -0.0347795 -0.99152 -0.125213 0.443804 
1535387889948 0.253994 0.925125 -0.282189 -0.632502 -0.9388 0.305997 0.158179 -0.239961 0.232684 0.224742 0.946229 0.374424 0.203707 -0.12994 0.970371 0.38475 -0.978408 0.0083648 0.206514 -0.49003 -0.0349515 -0.991487 -0.125431 0.443756 
1535387890146 0.254184 0.925084 -0.282153 -0.632123 -0.938788 0.306135 0.157984 -0.239833 0.232526 0.224725 0.946272 0.374534 0.203664 -0.130189 0.970346 0.384788 -0.978411 0.00849188 0.206496 -0.490133 -0.0351234 -0.991453 -0.125648 0.443707 
1535387890336 0.254374 0.925042 -0.282118 -0.631743 -0.938775 0.306273 0.15779 -0.239705 0.232368 0.224708 0.946315 0.374644 0.20362 -0.130437 0.970322 0.384826 -0.978414 0.00861894 0.206477 -0.490236 -0.0352954 -0.991419 -0.125866 0.443659 
1535387890536 0.254564 0.925001 -0.282083 -0.631363 -0.938763 0.306411 0.157596 -0.239577 0.23221 0.224691 0.946358 0.374754 0.203578 -0.130685 0.970298 0.384864 -0.978416 0.00874591 0.206459 -0.490338 -0.0354673 -0.991385 -0.126084 0.443611 
1535387890725 0.254754 0.924959 -0.282048 -0.630984 -0.93875 0.306549 0.157402 -0.23945 0.232052 0.224673 0.9464 0.374864 0.203534 -0.130934 0.970273 0.384903 -0.978419 0.0088731 0.20644 -0.490441 -0.0356393 -0.991351 -0.126302 0.443563 
1535387890917 0.254944 0.924917 -0.282013 -0.630603 -0.938738 0.306687 0.157208 -0.239322 0.231894 0.224656 0.946443 0.374974 0.20349 -0.131182 0.970249 0.384941 -0.978422 0.00900022 0.206421 -0.490544 -0.0358112 -0.991317 -0.12652 0.443515 
1535387891106 0.255134 0.924876 -0.281977 -0.630224 -0.938725 0.306825 0.157014 -0.239194 0.231736 0.224639 0.946486 0.375084 0.203447 -0.13143 0.970224 0.384979 -0.978425 0.00912728 0.206403 -0.490646 -0.0359831 -0.991283 -0.126738 0.443466 
1535387891302 0.255324 0.924834 -0.281942 -0.629843 -0.938712 0.306963 0.15682 -0.239066 0.231578 0.224622 0.946529 0.375194 0.203403 -0.131679 0.9702 0.385017 -0.978427 0.00925439 0.206384 -0.490749 -0.036155 -0.991249 -0.126956 0.443418 
1535387891498 0.25499 0.924881 -0.282091 -0.630114 -0.938778 0.306693 0.156955 -0.239037 0.23168 0.224799 0.946462 0.375061 0.203458 -0.13136 0.970232 0.384962 -0.978425 0.00906258 0.206403 -0.490621 -0.0359059 -0.991293 -0.126682 0.443446 
1535387891510 0.255059 0.924836 -0.282175 -0.629661 -0.938719 0.306812 0.157074 -0.238863 0.231843 0.22482 0.946417 0.375207 0.203661 -0.13161 0.970155 0.385015 -0.978361 0.00958873 0.206685 -0.490741 -0.0365042 -0.991255 -0.126809 0.443412 
1535387891697 0.255128 0.924791 -0.282262 -0.629203 -0.93866 0.306932 0.157193 -0.238687 0.232006 0.224844 0.946371 0.375354 0.203865 -0.131859 0.970079 0.385068 -0.978296 0.0101147 0.206966 -0.490861 -0.0371024 -0.991217 -0.126935 0.443378 
1535387891903 0.255197 0.924745 -0.282349 -0.628743 -0.938601 0.307053 0.157312 -0.23851 0.23217 0.224867 0.946326 0.375501 0.204068 -0.132108 0.970002 0.385121 -0.978231 0.0106406 0.207248 -0.490982 -0.0377006 -0.991178 -0.127061 0.443345 
1535387892125 0.255267 0.924699 -0.282436 -0.628284 -0.938542 0.307173 0.157431 -0.238334 0.232333 0.224891 0.94628 0.375648 0.20427 -0.132358 0.969925 0.385174 -0.978165 0.0111665 0.207529 -0.491102 -0.0382988 -0.991139 -0.127187 0.443311 
1535387892325 0.255336 0.924654 -0.282522 -0.627827 -0.938482 0.307293 0.15755 -0.238158 0.232496 0.224914 0.946234 0.375795 0.204473 -0.132607 0.969848 0.385227 -0.978099 0.0116923 0.207811 -0.491222 -0.038897 -0.9911 -0.127313 0.443277 
1535387892551 0.255405 0.924608 -0.282609 -0.627368 -0.938423 0.307413 0.157669 -0.237981 0.23266 0.224937 0.946188 0.375942 0.204676 -0.132857 0.969771 0.38528 -0.978033 0.0122178 0.208094 -0.491342 -0.0394953 -0.99106 -0.127438 0.443243 
1535387892766 0.255474 0.924563 -0.282695 -0.62691 -0.938364 0.307533 0.157788 -0.237805 0.232823 0.22496 0.946143 0.376089 0.204878 -0.133107 0.969695 0.385333 -0.977966 0.0127436 0.208375 -0.491463 -0.0400935 -0.99102 -0.127563 0.443209 
1535387892781 0.255543 0.924517 -0.282782 -0.62645 -0.938304 0.307653 0.157907 -0.237629 0.232987 0.224984 0.946097 0.376236 0.20508 -0.133357 0.969617 0.385386 -0.977899 0.0132691 0.208657 -0.491583 -0.0406918 -0.990979 -0.127688 0.443176 
1535387893069 0.255612 0.924471 -0.282869 -0.625992 -0.938245 0.307773 0.158026 -0.237453 0.23315 0.225007 0.946051 0.376383 0.205283 -0.133607 0.96954 0.385439 -0.977831 0.0137945 0.208939 -0.491703 -0.0412901 -0.990938 -0.127813 0.443142 
1535387893292 0.25539 0.924566 -0.282762 -0.626248 -0.938358 0.307492 0.157903 -0.237443 0.232939 0.225005 0.946104 0.376309 0.205093 -0.133341 0.969617 0.385431 -0.977889 0.0134586 0.208693 -0.491587 -0.0408769 -0.990979 -0.127632 0.443147 
1535387893307 0.255405 0.924446 -0.283139 -0.625825 -0.938242 0.307679 0.158229 -0.237272 0.23339 0.22524 0.945937 0.376476 0.205015 -0.134378 0.96949 0.38549 -0.977857 0.0143967 0.20878 -0.491663 -0.042013 -0.990826 -0.128451 0.443214 
1535387893476 0.25542 0.924326 -0.283517 -0.625396 -0.938126 0.307865 0.158553 -0.237099 0.23384 0.225477 0.945769 0.376644 0.204938 -0.135415 0.969362 0.385549 -0.977823 0.0153358 0.20887 -0.491739 -0.0431501 -0.99067 -0.12927 0.44328 
1535387893688 0.255434 0.924206 -0.283894 -0.624968 -0.938009 0.308052 0.158877 -0.236926 0.23429 0.225713 0.945601 0.376812 0.20486 -0.136452 0.969233 0.385608 -0.977789 0.0162747 0.20896 -0.491815 -0.044287 -0.990513 -0.130088 0.443347 
1535387893897 0.255448 0.924086 -0.284272 -0.624539 -0.937893 0.308239 0.159202 -0.236753 0.23474 0.225949 0.945433 0.37698 0.20478 -0.137489 0.969104 0.385667 -0.977753 0.0172135 0.20905 -0.491891 -0.0454239 -0.990354 -0.130905 0.443413 
1535387894122 0.255463 0.923966 -0.28465 -0.62411 -0.937776 0.308427 0.159525 -0.23658 0.23519 0.226185 0.945265 0.377148 0.2047 -0.138526 0.968973 0.385726 -0.977717 0.0181523 0.209142 -0.491967 -0.0465606 -0.990192 -0.131723 0.44348 
1535387894333 0.255477 0.923846 -0.285027 -0.623681 -0.93766 0.308614 0.159849 -0.236406 0.235639 0.226421 0.945097 0.377316 0.204618 -0.139562 0.968842 0.385785 -0.977679 0.0190909 0.209234 -0.492043 -0.0476972 -0.990029 -0.132541 0.443547 
1535387894557 0.25549 0.923725 -0.285405 -0.623253 -0.937543 0.308801 0.160173 -0.236234 0.236089 0.226656 0.944928 0.377483 0.204535 -0.140598 0.968709 0.385844 -0.97764 0.0200293 0.209327 -0.492119 -0.0488336 -0.989864 -0.133358 0.443613 
1535387894758 0.255504 0.923605 -0.285782 -0.622825 -0.937426 0.308988 0.160497 -0.236061 0.236539 0.226892 0.944759 0.377651 0.204451 -0.141634 0.968576 0.385903 -0.977601 0.0209676 0.209422 -0.492195 -0.04997 -0.989697 -0.134175 0.44368 
1535387894966 0.255518 0.923484 -0.28616 -0.622396 -0.937309 0.309176 0.16082 -0.235887 0.236988 0.227128 0.94459 0.377819 0.204365 -0.14267 0.968442 0.385962 -0.97756 0.0219059 0.209516 -0.492271 -0.0511062 -0.989528 -0.134991 0.443746 
1535387895210 0.25541 0.923568 -0.285986 -0.622619 -0.937416 0.308968 0.160593 -0.235932 0.236679 0.227071 0.944681 0.377715 0.204289 -0.141756 0.968592 0.38587 -0.97762 0.0212588 0.209304 -0.492267 -0.0502612 -0.989673 -0.13424 0.443672 
1535387895340 0.255437 0.92348 -0.286245 -0.622318 -0.937329 0.309115 0.160819 -0.235838 0.236996 0.227227 0.944564 0.377818 0.204432 -0.141401 0.968614 0.385905 -0.977576 0.0215793 0.209474 -0.492364 -0.0505218 -0.989717 -0.133819 0.443571 
1535387895388 0.255464 0.923392 -0.286505 -0.622012 -0.937241 0.309263 0.161043 -0.235743 0.237311 0.227384 0.944447 0.377922 0.204576 -0.141046 0.968636 0.385939 -0.977533 0.0218998 0.209644 -0.492461 -0.0507823 -0.989761 -0.133397 0.44347 
1535387895571 0.255491 0.923304 -0.286764 -0.621707 -0.937154 0.309411 0.161267 -0.235647 0.237627 0.22754 0.94433 0.378027 0.20472 -0.140691 0.968657 0.385974 -0.977489 0.0222205 0.209814 -0.492559 -0.0510428 -0.989804 -0.132975 0.443369 
1535387895764 0.255518 0.923216 -0.287024 -0.621401 -0.937067 0.309559 0.161491 -0.235551 0.237942 0.227697 0.944213 0.378131 0.204863 -0.140335 0.968678 0.386009 -0.977445 0.0225412 0.209983 -0.492656 -0.0513032 -0.989847 -0.132552 0.443268 
1535387895938 0.255546 0.923128 -0.287284 -0.621094 -0.936979 0.309707 0.161715 -0.235456 0.238258 0.227853 0.944095 0.378235 0.205008 -0.13998 0.968699 0.386044 -0.977401 0.0228619 0.210153 -0.492754 -0.0515636 -0.98989 -0.13213 0.443167 
1535387896117 0.255572 0.923039 -0.287543 -0.620789 -0.936891 0.309855 0.161939 -0.23536 0.238573 0.228009 0.943978 0.378339 0.205152 -0.139625 0.96872 0.386079 -0.977357 0.0231827 0.210322 -0.492851 -0.0518239 -0.989933 -0.131708 0.443067 
1535387896305 0.255599 0.922951 -0.287803 -0.620483 -0.936804 0.310003 0.162163 -0.235264 0.238889 0.228166 0.94386 0.378444 0.205296 -0.13927 0.96874 0.386113 -0.977313 0.0235035 0.210492 -0.492948 -0.0520841 -0.989975 -0.131285 0.442966 
1535387896480 0.255626 0.922863 -0.288062 -0.620177 -0.936716 0.310151 0.162387 -0.235169 0.239204 0.228322 0.943743 0.378548 0.20544 -0.138915 0.96876 0.386148 -0.977269 0.0238245 0.210661 -0.493046 -0.0523442 -0.990018 -0.130863 0.442865 
1535387896494 0.255652 0.922774 -0.288322 -0.619872 -0.936628 0.310299 0.162611 -0.235073 0.239519 0.228478 0.943625 0.378652 0.205585 -0.13856 0.968781 0.386183 -0.977225 0.0241455 0.21083 -0.493143 -0.0526043 -0.99006 -0.13044 0.442764 
1535387896735 0.255463 0.922927 -0.288002 -0.620131 -0.936732 0.310012 0.162561 -0.235007 0.239316 0.228252 0.943731 0.378609 0.205421 -0.139158 0.96873 0.386178 -0.977291 0.0234357 0.210603 -0.492967 -0.05201 -0.989993 -0.131184 0.442961 
1535387896810 0.255565 0.922892 -0.288023 -0.619895 -0.936708 0.310109 0.162511 -0.234916 0.239299 0.228261 0.943734 0.378673 0.205938 -0.138593 0.968701 0.386199 -0.977265 0.0218869 0.21089 -0.493095 -0.0504297 -0.990108 -0.130934 0.442911 
1535387897012 0.255668 0.922857 -0.288043 -0.619655 -0.936685 0.310207 0.16246 -0.234822 0.239281 0.22827 0.943736 0.378739 0.206456 -0.138025 0.968672 0.386221 -0.977236 0.0203383 0.211179 -0.493225 -0.0488492 -0.99022 -0.130684 0.442861 
1535387897189 0.255771 0.922822 -0.288064 -0.619414 -0.936661 0.310304 0.162409 -0.234729 0.239262 0.228279 0.943738 0.378804 0.206972 -0.137457 0.968642 0.386242 -0.977204 0.0187898 0.211468 -0.493355 -0.0472684 -0.990329 -0.130435 0.44281 
1535387897395 0.255874 0.922787 -0.288085 -0.619174 -0.936638 0.310402 0.162358 -0.234636 0.239244 0.228288 0.943741 0.378869 0.207488 -0.136888 0.968613 0.386264 -0.97717 0.0172414 0.211758 -0.493485 -0.0456874 -0.990436 -0.130186 0.44276 
1535387897568 0.255977 0.922752 -0.288106 -0.618933 -0.936615 0.310499 0.162307 -0.234542 0.239226 0.228298 0.943743 0.378935 0.208003 -0.136319 0.968582 0.386286 -0.977133 0.0156932 0.212048 -0.493615 -0.0441062 -0.990541 -0.129937 0.44271 
1535387897749 0.25608 0.922717 -0.288127 -0.618693 -0.936591 0.310597 0.162256 -0.234449 0.239207 0.228307 0.943746 0.379 0.208516 -0.135748 0.968552 0.386308 -0.977094 0.0141451 0.212338 -0.493744 -0.0425247 -0.990642 -0.129689 0.44266 
1535387897934 0.256183 0.922681 -0.288148 -0.618452 -0.936568 0.310694 0.162205 -0.234355 0.239189 0.228316 0.943748 0.379065 0.209029 -0.135177 0.968522 0.386329 -0.977052 0.0125971 0.212628 -0.493874 -0.040943 -0.990741 -0.129442 0.44261 
1535387898123 0.256286 0.922646 -0.288169 -0.618212 -0.936544 0.310792 0.162154 -0.234262 0.239171 0.228325 0.94375 0.37913 0.209541 -0.134605 0.968491 0.386351 -0.977007 0.0110493 0.212919 -0.494004 -0.0393611 -0.990838 -0.129194 0.44256 
1535387898295 0.256389 0.922611 -0.28819 -0.617972 -0.936521 0.310889 0.162102 -0.234169 0.239153 0.228334 0.943753 0.379196 0.210051 -0.134032 0.96846 0.386373 -0.97696 0.00950167 0.21321 -0.494134 -0.0377789 -0.990931 -0.128948 0.44251 
1535387898498 0.25603 0.922729 -0.288133 -0.61823 -0.936615 0.31054 0.162226 -0.234156 0.239168 0.228335 0.943749 0.379123 0.20979 -0.134332 0.968475 0.386388 -0.976981 0.0103927 0.213074 -0.494054 -0.0386878 -0.990882 -0.129059 0.442588 
1535387898516 0.25598 0.922666 -0.288378 -0.618016 -0.936524 0.310636 0.16257 -0.234098 0.239579 0.228458 0.943615 0.379199 0.209615 -0.133396 0.968642 0.386365 -0.977045 0.00991795 0.2128 -0.494093 -0.0379935 -0.991013 -0.128255 0.442459 
1535387898529 0.255931 0.922603 -0.288625 -0.617794 -0.936432 0.310732 0.162913 -0.234037 0.239989 0.228583 0.94348 0.379276 0.209439 -0.132458 0.968809 0.386341 -0.97711 0.00944386 0.212525 -0.494131 -0.0373 -0.991144 -0.127448 0.44233 
1535387898711 0.255881 0.922539 -0.288871 -0.617575 -0.93634 0.310828 0.163256 -0.233977 0.240399 0.228707 0.943346 0.379353 0.209262 -0.131521 0.968974 0.386318 -0.977174 0.00896954 0.212251 -0.494169 -0.0366067 -0.991273 -0.126642 0.442201 
1535387898804 0.255831 0.922476 -0.289117 -0.617355 -0.936249 0.310925 0.163598 -0.233916 0.240809 0.228832 0.943211 0.37943 0.209085 -0.130584 0.96914 0.386294 -0.977238 0.00849498 0.211977 -0.494208 -0.0359136 -0.991401 -0.125835 0.442072 
1535387898946 0.255781 0.922413 -0.289363 -0.617136 -0.936157 0.311021 0.163941 -0.233856 0.241219 0.228956 0.943076 0.379507 0.208906 -0.129647 0.969304 0.386271 -0.977301 0.00802024 0.211702 -0.494246 -0.0352206 -0.991528 -0.125029 0.441943 
1535387899016 0.255731 0.922349 -0.28961 -0.616916 -0.936064 0.311118 0.164284 -0.233795 0.241629 0.229081 0.942941 0.379584 0.208728 -0.12871 0.969467 0.386247 -0.977364 0.00754503 0.21143 -0.494285 -0.0345277 -0.991654 -0.124221 0.441813 
1535387899169 0.255681 0.922286 -0.289856 -0.616696 -0.935972 0.311214 0.164626 -0.233735 0.24204 0.229205 0.942805 0.379661 0.208548 -0.127772 0.96963 0.386224 -0.977427 0.00706964 0.211157 -0.494323 -0.033835 -0.991778 -0.123414 0.441684 
1535387899251 0.255631 0.922222 -0.290102 -0.616476 -0.93588 0.311311 0.164969 -0.233674 0.24245 0.229329 0.94267 0.379738 0.208368 -0.126835 0.969792 0.3862 -0.977489 0.00659404 0.210884 -0.494361 -0.0331424 -0.991902 -0.122606 0.441555 
1535387899382 0.255581 0.922159 -0.290348 -0.616256 -0.935787 0.311407 0.165311 -0.233614 0.24286 0.229454 0.942534 0.379815 0.208187 -0.125898 0.969953 0.386177 -0.977551 0.00611812 0.210612 -0.4944 -0.0324499 -0.992024 -0.121798 0.441426 
1535387899491 0.255666 0.922222 -0.290073 -0.616478 -0.935854 0.311354 0.165032 -0.233667 0.242512 0.229273 0.942668 0.379774 0.208353 -0.126828 0.969796 0.3862 -0.977486 0.00676718 0.21089 -0.494399 -0.0333096 -0.991902 -0.122563 0.441514 
1535387899505 0.255648 0.922191 -0.290186 -0.616261 -0.935789 0.311423 0.165269 -0.233594 0.242781 0.229302 0.942591 0.379839 0.208326 -0.126 0.969909 0.386178 -0.977504 0.00658715 0.210813 -0.494471 -0.0329514 -0.992008 -0.121794 0.441419 
1535387899519 0.255631 0.92216 -0.2903 -0.61604 -0.935724 0.311493 0.165505 -0.233519 0.243049 0.229332 0.942515 0.379905 0.208299 -0.125172 0.970022 0.386156 -0.977522 0.0064065 0.210736 -0.494543 -0.0325926 -0.992114 -0.121024 0.441324 
1535387899647 0.255614 0.922129 -0.290414 -0.615817 -0.935659 0.311563 0.165741 -0.233442 0.243316 0.229363 0.942438 0.379971 0.208272 -0.124343 0.970135 0.386135 -0.97754 0.00622574 0.21066 -0.494615 -0.0322339 -0.99222 -0.120254 0.441229 
1535387899773 0.255596 0.922098 -0.290528 -0.615596 -0.935595 0.311632 0.165976 -0.233368 0.243584 0.229393 0.942362 0.380037 0.208245 -0.123514 0.970247 0.386113 -0.977557 0.0060449 0.210583 -0.494686 -0.0318751 -0.992324 -0.119483 0.441134 
1535387899873 0.255579 0.922067 -0.290642 -0.615374 -0.93553 0.311702 0.166212 -0.233292 0.243852 0.229423 0.942285 0.380103 0.208217 -0.122685 0.970358 0.386091 -0.977575 0.00586406 0.210507 -0.494758 -0.0315164 -0.992428 -0.118713 0.441039 
1535387900012 0.255562 0.922035 -0.290756 -0.615151 -0.935464 0.311772 0.166448 -0.233216 0.24412 0.229454 0.942208 0.380169 0.20819 -0.121857 0.970468 0.386069 -0.977592 0.00568308 0.210431 -0.49483 -0.0311577 -0.992531 -0.117943 0.440945 
1535387900078 0.255544 0.922004 -0.290869 -0.61493 -0.935399 0.311841 0.166683 -0.233141 0.244388 0.229484 0.942131 0.380234 0.208161 -0.121028 0.970578 0.386047 -0.977609 0.00550209 0.210356 -0.494902 -0.030799 -0.992634 -0.117172 0.44085 
1535387900222 0.255527 0.921973 -0.290983 -0.614709 -0.935334 0.311911 0.166919 -0.233066 0.244655 0.229514 0.942055 0.3803 0.208133 -0.120198 0.970687 0.386025 -0.977627 0.00532103 0.21028 -0.494974 -0.0304404 -0.992736 -0.116402 0.440755 
1535387900287 0.255509 0.921942 -0.291097 -0.614486 -0.935269 0.31198 0.167154 -0.23299 0.244923 0.229545 0.941978 0.380366 0.208104 -0.119369 0.970795 0.386004 -0.977644 0.00513985 0.210205 -0.495046 -0.0300817 -0.992837 -0.115631 0.44066 
1535387900443 0.255384 0.922055 -0.290849 -0.614741 -0.935412 0.311714 0.166851 -0.232993 0.244508 0.229453 0.942108 0.380326 0.208187 -0.120226 0.970672 0.385986 -0.977622 0.00507369 0.210306 -0.49495 -0.0302091 -0.992734 -0.116479 0.440812 
1535387900457 0.255543 0.922085 -0.290614 -0.614516 -0.935389 0.311803 0.166809 -0.232891 0.244427 0.229211 0.942188 0.380366 0.208342 -0.120545 0.970599 0.385991 -0.977626 0.00376044 0.210317 -0.495045 -0.0290026 -0.992701 -0.117064 0.440893 
1535387900605 0.255702 0.922115 -0.29038 -0.614287 -0.935367 0.311893 0.166766 -0.232788 0.244345 0.22897 0.942268 0.380407 0.208498 -0.120864 0.970526 0.385997 -0.977628 0.00244688 0.210328 -0.495142 -0.0277959 -0.992666 -0.11765 0.440975 
1535387900639 0.255861 0.922144 -0.290146 -0.614058 -0.935345 0.311982 0.166724 -0.232684 0.244264 0.228729 0.942347 0.380447 0.208654 -0.121182 0.970453 0.386003 -0.977628 0.00113342 0.210338 -0.495238 -0.0265892 -0.99263 -0.118235 0.441056 
1535387900825 0.25602 0.922174 -0.289912 -0.613829 -0.935323 0.312071 0.166681 -0.23258 0.244182 0.228488 0.942427 0.380488 0.208811 -0.121501 0.970379 0.386008 -0.977627 -0.00018006 0.210348 -0.495335 -0.0253826 -0.992591 -0.11882 0.441138 
1535387900861 0.256179 0.922203 -0.289678 -0.613599 -0.935301 0.312161 0.166639 -0.232476 0.244101 0.228247 0.942506 0.380529 0.208968 -0.121819 0.970306 0.386014 -0.977624 -0.00149354 0.210356 -0.495432 -0.0241761 -0.992551 -0.119405 0.441219 
1535387901010 0.256338 0.922233 -0.289444 -0.61337 -0.935278 0.31225 0.166596 -0.232373 0.244019 0.228006 0.942586 0.38057 0.209125 -0.122136 0.970232 0.38602 -0.977619 -0.00280701 0.210364 -0.495528 -0.0229696 -0.992509 -0.11999 0.441301 
1535387901075 0.256497 0.922262 -0.28921 -0.61314 -0.935256 0.31234 0.166554 -0.232268 0.243938 0.227765 0.942665 0.380611 0.209282 -0.122454 0.970158 0.386025 -0.977613 -0.00412049 0.210371 -0.495625 -0.0217632 -0.992466 -0.120575 0.441382 
1535387901279 0.256655 0.922291 -0.288976 -0.612911 -0.935234 0.312429 0.166511 -0.232165 0.243856 0.227524 0.942744 0.380651 0.20944 -0.122771 0.970083 0.386031 -0.977605 -0.00543395 0.210377 -0.495721 -0.0205568 -0.99242 -0.12116 0.441464 
1535387901410 0.256814 0.92232 -0.288741 -0.612683 -0.935211 0.312518 0.166469 -0.232061 0.243774 0.227283 0.942824 0.380692 0.209599 -0.123088 0.970009 0.386037 -0.977596 -0.0067474 0.210382 -0.495818 -0.0193505 -0.992373 -0.121745 0.441545 
1535387901503 0.256427 0.922353 -0.288983 -0.612956 -0.935297 0.312211 0.166562 -0.232133 0.243853 0.227574 0.942733 0.380686 0.209399 -0.122613 0.970112 0.38606 -0.977594 -0.00445776 0.21045 -0.495632 -0.0214794 -0.992445 -0.120799 0.44134 
1535387901525 0.25649 0.922278 -0.289164 -0.612658 -0.935266 0.312317 0.16654 -0.23203 0.243907 0.227729 0.942682 0.380799 0.209725 -0.122733 0.970027 0.386078 -0.97753 -0.00479471 0.210741 -0.495787 -0.0212137 -0.992428 -0.12098 0.441349 
1535387901572 0.256553 0.922203 -0.289346 -0.612354 -0.935234 0.312425 0.166519 -0.231925 0.243963 0.227885 0.942629 0.380914 0.210053 -0.122852 0.969941 0.386097 -0.977466 -0.00513168 0.211032 -0.495943 -0.0209483 -0.992412 -0.121162 0.441358 
1535387901741 0.256617 0.922128 -0.289529 -0.612049 -0.935202 0.312532 0.166497 -0.231818 0.244019 0.228042 0.942577 0.381028 0.210381 -0.122971 0.969855 0.386116 -0.977401 -0.00546878 0.211324 -0.4961 -0.020683 -0.992395 -0.121343 0.441367 
1535387901925 0.256681 0.922053 -0.289711 -0.611747 -0.93517 0.312639 0.166475 -0.231714 0.244074 0.228198 0.942525 0.381143 0.210708 -0.123091 0.969768 0.386135 -0.977336 -0.00580578 0.211616 -0.496256 -0.0204177 -0.992378 -0.121524 0.441375 
1535387902109 0.256744 0.921978 -0.289893 -0.611442 -0.935138 0.312746 0.166454 -0.231608 0.24413 0.228354 0.942473 0.381257 0.211036 -0.12321 0.969682 0.386154 -0.977271 -0.00614285 0.211907 -0.496413 -0.0201524 -0.992362 -0.121706 0.441384 
1535387902275 0.256808 0.921903 -0.290076 -0.611138 -0.935106 0.312854 0.166432 -0.231502 0.244185 0.228511 0.94242 0.381372 0.211363 -0.123329 0.969596 0.386173 -0.977205 -0.00647989 0.212198 -0.49657 -0.0198873 -0.992345 -0.121887 0.441393 
1535387902450 0.256872 0.921828 -0.290258 -0.610835 -0.935074 0.312961 0.16641 -0.231397 0.244241 0.228667 0.942368 0.381486 0.211691 -0.123448 0.969509 0.386192 -0.97714 -0.00681707 0.212489 -0.496726 -0.0196221 -0.992328 -0.122069 0.441402 
1535387902633 0.256935 0.921753 -0.290441 -0.610532 -0.935042 0.313068 0.166388 -0.231292 0.244297 0.228823 0.942316 0.3816 0.212019 -0.123567 0.969422 0.386211 -0.977074 -0.00715423 0.21278 -0.496883 -0.0193571 -0.99231 -0.122251 0.441411 
1535387902817 0.256999 0.921678 -0.290623 -0.610227 -0.93501 0.313175 0.166366 -0.231186 0.244352 0.228979 0.942263 0.381715 0.212346 -0.123685 0.969335 0.38623 -0.977008 -0.00749138 0.213071 -0.497039 -0.0190921 -0.992293 -0.122432 0.44142 
1535387903015 0.256942 0.921709 -0.290575 -0.610458 -0.935017 0.31312 0.166429 -0.231263 0.244384 0.22893 0.942267 0.381656 0.211839 -0.123586 0.969459 0.386173 -0.977113 -0.00711887 0.212604 -0.496899 -0.0193734 -0.992308 -0.122266 0.4414 
1535387903026 0.257254 0.921651 -0.290483 -0.610132 -0.934926 0.313406 0.166405 -0.231122 0.244406 0.228772 0.9423 0.381714 0.212287 -0.123409 0.969384 0.386195 -0.977043 -0.00858433 0.212871 -0.497075 -0.0179487 -0.992319 -0.122398 0.441391 
1535387903042 0.257566 0.921592 -0.290392 -0.609801 -0.934834 0.313693 0.16638 -0.230978 0.244428 0.228615 0.942332 0.381772 0.212736 -0.12323 0.969308 0.386217 -0.97697 -0.0100503 0.21314 -0.497253 -0.0165235 -0.992327 -0.12253 0.441382 
1535387903258 0.257879 0.921533 -0.290301 -0.60947 -0.934742 0.31398 0.166355 -0.230834 0.244451 0.228457 0.942365 0.381831 0.213185 -0.12305 0.969232 0.38624 -0.976895 -0.0115161 0.213409 -0.497431 -0.0150983 -0.992334 -0.122662 0.441374 
1535387903437 0.258192 0.921474 -0.290211 -0.609139 -0.93465 0.314268 0.16633 -0.23069 0.244473 0.2283 0.942397 0.38189 0.213634 -0.12287 0.969156 0.386262 -0.976818 -0.0129819 0.213677 -0.497609 -0.0136731 -0.992338 -0.122795 0.441365 
