1533831519198 0.196857 0.789247 -0.581667 -0.579299 -0.952201 0.295251 0.0783595 -0.238883 0.233583 0.538438 0.809644 0.396351 0.16008 -0.304787 0.938871 0.370831 -0.775623 0.549475 0.310623 -0.528794 -0.61056 -0.777934 -0.14844 0.432481 
1533831519211 0.200969 0.797461 -0.568918 -0.581142 -0.952326 0.295132 0.0772841 -0.236394 0.229537 0.526264 0.818755 0.394038 0.316241 -0.38488 0.867098 0.400864 -0.930001 -0.306251 0.203246 -0.504429 0.187325 -0.870677 -0.454788 0.485926 
1533831519689 0.205018 0.805483 -0.556026 -0.582986 -0.952444 0.295029 0.0762068 -0.233907 0.225427 0.513961 0.827664 0.391725 0.316241 -0.38488 0.867098 0.400864 -0.930001 -0.306251 0.203246 -0.504429 0.187325 -0.870677 -0.454788 0.485926 
1533831520164 0.209001 0.813311 -0.542995 -0.584831 -0.952557 0.294942 0.0751279 -0.231421 0.221254 0.501532 0.836368 0.389411 0.316241 -0.38488 0.867098 0.400864 -0.930001 -0.306251 0.203246 -0.504429 0.187325 -0.870677 -0.454788 0.485926 
1533831520639 0.212918 0.820943 -0.529829 -0.586676 -0.952664 0.29487 0.0740476 -0.228936 0.21702 0.488983 0.844866 0.387097 0.316241 -0.38488 0.867098 0.400864 -0.930001 -0.306251 0.203246 -0.504429 0.187325 -0.870677 -0.454788 0.485926 
1533831521118 0.216768 0.828377 -0.516529 -0.588521 -0.952765 0.294815 0.0729661 -0.226451 0.212724 0.476314 0.853155 0.384782 0.316241 -0.38488 0.867098 0.400864 -0.930001 -0.306251 0.203246 -0.504429 0.187325 -0.870677 -0.454788 0.485926 
1533831521609 0.220549 0.835612 -0.503101 -0.590366 -0.952859 0.294775 0.0718834 -0.223967 0.208368 0.46353 0.861233 0.382468 0.316241 -0.38488 0.867098 0.400864 -0.930001 -0.306251 0.203246 -0.504429 0.187325 -0.870677 -0.454788 0.485926 
1533831522089 0.224262 0.842645 -0.489547 -0.592211 -0.952948 0.294751 0.0707999 -0.221483 0.203953 0.450635 0.869098 0.380153 0.316241 -0.38488 0.867098 0.400864 -0.930001 -0.306251 0.203246 -0.504429 0.187325 -0.870677 -0.454788 0.485926 
1533831522565 0.227905 0.849475 -0.47587 -0.594056 -0.95303 0.294743 0.0697158 -0.219 0.199481 0.43763 0.876748 0.377838 0.316241 -0.38488 0.867098 0.400864 -0.930001 -0.306251 0.203246 -0.504429 0.187325 -0.870677 -0.454788 0.485926 
1533831523044 0.231596 0.855984 -0.462227 -0.59527 -0.953085 0.294854 0.0684922 -0.216095 0.194918 0.424679 0.884112 0.375754 0.316531 -0.385118 0.866887 0.401814 -0.929976 -0.306103 0.20358 -0.50615 0.186955 -0.870623 -0.455042 0.486735 
1533831523524 0.23139 0.855659 -0.462933 -0.59509 -0.953074 0.294858 0.0686179 -0.216348 0.195213 0.425332 0.883734 0.376029 0.316531 -0.385118 0.866887 0.401814 -0.929976 -0.306103 0.20358 -0.50615 0.186955 -0.870623 -0.455042 0.486735 
1533831523537 0.231755 0.856355 -0.46146 -0.595359 -0.953084 0.29485 0.0685113 -0.216119 0.194732 0.423933 0.884512 0.375746 0.316221 -0.384863 0.867113 0.400797 -0.930002 -0.306262 0.203223 -0.504308 0.187351 -0.87068 -0.45477 0.485869 
1533831523667 0.232117 0.85705 -0.459986 -0.595629 -0.953094 0.294843 0.0684053 -0.215889 0.19425 0.422532 0.885287 0.375462 0.316221 -0.384863 0.867113 0.400797 -0.930002 -0.306262 0.203223 -0.504308 0.187351 -0.87068 -0.45477 0.485869 
1533831523823 0.23248 0.857742 -0.458511 -0.595898 -0.953104 0.294836 0.0682986 -0.21566 0.193768 0.421131 0.88606 0.375179 0.316221 -0.384863 0.867113 0.400797 -0.930002 -0.306262 0.203223 -0.504308 0.187351 -0.87068 -0.45477 0.485869 
1533831523829 0.23284 0.858432 -0.457035 -0.596167 -0.953114 0.294828 0.0681927 -0.215431 0.193285 0.419728 0.886831 0.374896 0.316221 -0.384863 0.867113 0.400797 -0.930002 -0.306262 0.203223 -0.504308 0.187351 -0.87068 -0.45477 0.485869 
1533831524058 0.233201 0.859119 -0.455557 -0.596437 -0.953124 0.294821 0.0680863 -0.215202 0.192802 0.418324 0.887599 0.374612 0.316221 -0.384863 0.867113 0.400797 -0.930002 -0.306262 0.203223 -0.504308 0.187351 -0.87068 -0.45477 0.485869 
1533831524218 0.233561 0.859804 -0.454078 -0.596706 -0.953133 0.294814 0.0679799 -0.214973 0.192318 0.41692 0.888365 0.374329 0.316221 -0.384863 0.867113 0.400797 -0.930002 -0.306262 0.203223 -0.504308 0.187351 -0.87068 -0.45477 0.485869 
1533831524376 0.233919 0.860486 -0.452598 -0.596975 -0.953143 0.294808 0.0678735 -0.214743 0.191834 0.415514 0.889128 0.374046 0.316221 -0.384863 0.867113 0.400797 -0.930002 -0.306262 0.203223 -0.504308 0.187351 -0.87068 -0.45477 0.485869 
1533831524538 0.234277 0.861167 -0.451117 -0.597245 -0.953153 0.294801 0.0677671 -0.214514 0.191349 0.414107 0.889888 0.373762 0.316221 -0.384863 0.867113 0.400797 -0.930002 -0.306262 0.203223 -0.504308 0.187351 -0.87068 -0.45477 0.485869 
1533831524700 0.234635 0.861844 -0.449634 -0.597514 -0.953162 0.294795 0.0676607 -0.214285 0.190863 0.412699 0.890647 0.373479 0.316221 -0.384863 0.867113 0.400797 -0.930002 -0.306262 0.203223 -0.504308 0.187351 -0.87068 -0.45477 0.485869 
1533831524871 0.234421 0.861567 -0.450276 -0.597392 -0.953157 0.294778 0.0678044 -0.214331 0.191149 0.413289 0.890311 0.373662 0.316221 -0.384863 0.867113 0.400797 -0.930002 -0.306262 0.203223 -0.504308 0.187351 -0.87068 -0.45477 0.485869 
1533831524884 0.235056 0.861813 -0.449473 -0.597426 -0.953139 0.294987 0.0671511 -0.214302 0.190461 0.412626 0.890766 0.373498 0.31622 -0.384863 0.867113 0.400795 -0.930002 -0.306262 0.203222 -0.504304 0.187351 -0.87068 -0.454769 0.485867 
1533831524901 0.23569 0.862059 -0.448669 -0.597465 -0.95312 0.295196 0.0664983 -0.214276 0.189771 0.411962 0.891221 0.373332 0.31622 -0.384863 0.867113 0.400795 -0.930002 -0.306262 0.203222 -0.504304 0.187351 -0.87068 -0.454769 0.485867 
1533831525016 0.236324 0.862305 -0.447864 -0.597504 -0.9531 0.295406 0.0658456 -0.214251 0.189081 0.411298 0.891674 0.373166 0.31622 -0.384863 0.867113 0.400795 -0.930002 -0.306262 0.203222 -0.504304 0.187351 -0.87068 -0.454769 0.485867 
1533831525104 0.236957 0.862549 -0.447057 -0.597543 -0.95308 0.295616 0.0651932 -0.214225 0.18839 0.410633 0.892126 0.373 0.31622 -0.384863 0.867113 0.400795 -0.930002 -0.306262 0.203222 -0.504304 0.187351 -0.87068 -0.454769 0.485867 
1533831525197 0.237589 0.862793 -0.446251 -0.597582 -0.953059 0.295827 0.0645409 -0.2142 0.187698 0.409969 0.892578 0.372834 0.31622 -0.384863 0.867113 0.400795 -0.930002 -0.306262 0.203222 -0.504304 0.187351 -0.87068 -0.454769 0.485867 
1533831525285 0.23822 0.863036 -0.445443 -0.59762 -0.953037 0.296038 0.0638886 -0.214173 0.187006 0.409304 0.893028 0.372669 0.31622 -0.384863 0.867113 0.400795 -0.930002 -0.306262 0.203222 -0.504304 0.187351 -0.87068 -0.454769 0.485867 
1533831525382 0.238851 0.863279 -0.444635 -0.59766 -0.953015 0.296249 0.0632368 -0.214148 0.186314 0.40864 0.893477 0.372503 0.31622 -0.384863 0.867113 0.400795 -0.930002 -0.306262 0.203222 -0.504304 0.187351 -0.87068 -0.454769 0.485867 
1533831525483 0.239481 0.86352 -0.443826 -0.597699 -0.952992 0.296461 0.0625849 -0.214122 0.185621 0.407975 0.893925 0.372337 0.31622 -0.384863 0.867113 0.400795 -0.930002 -0.306262 0.203222 -0.504304 0.187351 -0.87068 -0.454769 0.485867 
1533831525575 0.24011 0.863761 -0.443017 -0.597737 -0.952969 0.296674 0.0619331 -0.214096 0.184927 0.40731 0.894372 0.372172 0.31622 -0.384863 0.867113 0.400795 -0.930002 -0.306262 0.203222 -0.504304 0.187351 -0.87068 -0.454769 0.485867 
1533831525682 0.239452 0.863568 -0.443748 -0.597713 -0.953006 0.296415 0.0625931 -0.214096 0.185587 0.407906 0.893963 0.372329 0.31622 -0.384863 0.867113 0.400795 -0.930002 -0.306262 0.203222 -0.504304 0.187351 -0.87068 -0.454769 0.485867 
1533831525692 0.239761 0.863743 -0.443241 -0.597735 -0.953006 0.296487 0.062257 -0.214091 0.185189 0.407484 0.894238 0.372264 0.31622 -0.384863 0.867113 0.400795 -0.930002 -0.306262 0.203222 -0.504304 0.187351 -0.87068 -0.454769 0.485867 
1533831525709 0.240085 0.863927 -0.442707 -0.597762 -0.953005 0.296562 0.0619061 -0.214089 0.184773 0.407039 0.894527 0.372198 0.31622 -0.384863 0.867113 0.400795 -0.930002 -0.306262 0.203222 -0.504304 0.187351 -0.87068 -0.454769 0.485867 
1533831525725 0.240408 0.86411 -0.442173 -0.597789 -0.953004 0.296638 0.0615551 -0.214086 0.184356 0.406594 0.894815 0.372132 0.31622 -0.384863 0.867113 0.400795 -0.930002 -0.306262 0.203222 -0.504304 0.187351 -0.87068 -0.454769 0.485867 
1533831525882 0.240732 0.864294 -0.441639 -0.597816 -0.953003 0.296714 0.0612044 -0.214083 0.183939 0.406149 0.895103 0.372066 0.31622 -0.384863 0.867113 0.400795 -0.930002 -0.306262 0.203222 -0.504304 0.187351 -0.87068 -0.454769 0.485867 
1533831525924 0.241055 0.864477 -0.441104 -0.597842 -0.953002 0.29679 0.0608534 -0.21408 0.183522 0.405704 0.89539 0.372 0.31622 -0.384863 0.867113 0.400795 -0.930002 -0.306262 0.203222 -0.504304 0.187351 -0.87068 -0.454769 0.485867 
1533831526012 0.241378 0.864659 -0.440569 -0.597869 -0.953 0.296867 0.0605028 -0.214078 0.183105 0.405258 0.895678 0.371934 0.31622 -0.384863 0.867113 0.400795 -0.930002 -0.306262 0.203222 -0.504304 0.187351 -0.87068 -0.454769 0.485867 
1533831526054 0.2417 0.864842 -0.440034 -0.597896 -0.952999 0.296943 0.0601519 -0.214075 0.182687 0.404813 0.895964 0.371868 0.31622 -0.384863 0.867113 0.400795 -0.930002 -0.306262 0.203222 -0.504304 0.187351 -0.87068 -0.454769 0.485867 
1533831526137 0.242023 0.865024 -0.439499 -0.597922 -0.952997 0.29702 0.0598011 -0.214072 0.182269 0.404368 0.89625 0.371802 0.31622 -0.384863 0.867113 0.400795 -0.930002 -0.306262 0.203222 -0.504304 0.187351 -0.87068 -0.454769 0.485867 
1533831526172 0.242344 0.865206 -0.438963 -0.59795 -0.952995 0.297097 0.0594506 -0.21407 0.181851 0.403922 0.896536 0.371735 0.31622 -0.384863 0.867113 0.400795 -0.930002 -0.306262 0.203222 -0.504304 0.187351 -0.87068 -0.454769 0.485867 
1533831526268 0.241968 0.864915 -0.439743 -0.597895 -0.952972 0.297072 0.0599301 -0.214119 0.18247 0.404561 0.896122 0.371801 0.31622 -0.384863 0.867113 0.400795 -0.930002 -0.306262 0.203222 -0.504304 0.187351 -0.87068 -0.454769 0.485867 
1533831526278 0.242016 0.864859 -0.439827 -0.597896 -0.952945 0.297156 0.0599548 -0.214132 0.18255 0.40462 0.896079 0.371822 0.31622 -0.384863 0.867113 0.400795 -0.930002 -0.306262 0.203222 -0.504304 0.187351 -0.87068 -0.454769 0.485867 
1533831526295 0.242066 0.864801 -0.439912 -0.597893 -0.952917 0.29724 0.0599778 -0.214142 0.182628 0.404682 0.896036 0.371846 0.31622 -0.384863 0.867113 0.400795 -0.930002 -0.306262 0.203222 -0.504304 0.187351 -0.87068 -0.45477 0.485867 
1533831526311 0.242115 0.864744 -0.439998 -0.597889 -0.952889 0.297324 0.0600008 -0.214152 0.182707 0.404742 0.895992 0.37187 0.31622 -0.384863 0.867113 0.400795 -0.930002 -0.306262 0.203222 -0.504304 0.187351 -0.87068 -0.45477 0.485867 
1533831526392 0.242165 0.864686 -0.440084 -0.597885 -0.952862 0.297409 0.0600237 -0.214161 0.182786 0.404803 0.895948 0.371894 0.31622 -0.384863 0.867113 0.400795 -0.930002 -0.306262 0.203222 -0.504304 0.187351 -0.87068 -0.45477 0.485867 
1533831526399 0.242214 0.864629 -0.44017 -0.597881 -0.952834 0.297493 0.0600466 -0.21417 0.182865 0.404865 0.895905 0.371917 0.31622 -0.384863 0.867113 0.400795 -0.930002 -0.306262 0.203222 -0.504304 0.187351 -0.87068 -0.45477 0.485867 
1533831526414 0.242264 0.864571 -0.440255 -0.597879 -0.952806 0.297577 0.0600698 -0.21418 0.182944 0.404925 0.895861 0.371941 0.31622 -0.384863 0.867113 0.400795 -0.930002 -0.306262 0.203222 -0.504304 0.187351 -0.87068 -0.45477 0.485867 
1533831526419 0.242313 0.864514 -0.440341 -0.597874 -0.952778 0.297661 0.0600926 -0.21419 0.183023 0.404986 0.895817 0.371965 0.31622 -0.384863 0.867113 0.400795 -0.930002 -0.306262 0.203222 -0.504304 0.187351 -0.87068 -0.45477 0.485867 
1533831526433 0.242363 0.864456 -0.440427 -0.597871 -0.952751 0.297745 0.0601158 -0.2142 0.183102 0.405047 0.895774 0.371988 0.31622 -0.384863 0.867113 0.400795 -0.930002 -0.306262 0.203222 -0.504304 0.187351 -0.87068 -0.45477 0.485867 
1533831526449 0.242412 0.864399 -0.440513 -0.597866 -0.952723 0.29783 0.0601386 -0.214209 0.183181 0.405108 0.89573 0.372012 0.31622 -0.384863 0.867113 0.400795 -0.930002 -0.306262 0.203222 -0.504304 0.187351 -0.87068 -0.45477 0.485867 
1533831526475 0.242118 0.864743 -0.439998 -0.597893 -0.95292 0.297258 0.0598487 -0.214136 0.182547 0.404792 0.896002 0.371823 0.31622 -0.384863 0.867113 0.400795 -0.930002 -0.306262 0.203222 -0.504304 0.187351 -0.87068 -0.45477 0.485867 
1533831526486 0.242276 0.864693 -0.440009 -0.597904 -0.952888 0.297382 0.0597316 -0.214138 0.1825 0.404808 0.896005 0.371832 0.31622 -0.384863 0.867113 0.400795 -0.930002 -0.306262 0.203222 -0.504304 0.187351 -0.87068 -0.45477 0.485867 
1533831526503 0.242435 0.864643 -0.440021 -0.597912 -0.952857 0.297506 0.0596121 -0.214136 0.182452 0.404825 0.896007 0.371843 0.31622 -0.384863 0.867113 0.400795 -0.930002 -0.306262 0.203222 -0.504304 0.187351 -0.87068 -0.45477 0.485867 
1533831526519 0.242593 0.864592 -0.440032 -0.597921 -0.952826 0.29763 0.0594934 -0.214136 0.182404 0.404842 0.896009 0.371853 0.31622 -0.384863 0.867113 0.400795 -0.930002 -0.306262 0.203222 -0.504304 0.187351 -0.87068 -0.45477 0.485867 
1533831526526 0.242752 0.864542 -0.440045 -0.597929 -0.952795 0.297753 0.0593741 -0.214134 0.182356 0.404859 0.896011 0.371864 0.31622 -0.384863 0.867113 0.400795 -0.930002 -0.306262 0.203222 -0.504304 0.187351 -0.87068 -0.45477 0.485867 
1533831526540 0.242911 0.864491 -0.440057 -0.597936 -0.952763 0.297877 0.0592547 -0.214133 0.182308 0.404876 0.896013 0.371875 0.31622 -0.384863 0.867113 0.400795 -0.930002 -0.306262 0.203222 -0.504304 0.187351 -0.87068 -0.45477 0.485867 
1533831526556 0.24307 0.86444 -0.440069 -0.597943 -0.952732 0.298001 0.0591353 -0.214131 0.18226 0.404894 0.896015 0.371886 0.31622 -0.384863 0.867113 0.400795 -0.930002 -0.306262 0.203222 -0.504304 0.187351 -0.87068 -0.45477 0.485867 
1533831526573 0.243229 0.864389 -0.44008 -0.597951 -0.952701 0.298125 0.0590163 -0.21413 0.182212 0.404911 0.896017 0.371897 0.31622 -0.384863 0.867113 0.400795 -0.930002 -0.306262 0.203222 -0.504304 0.187351 -0.87068 -0.45477 0.485867 
1533831526617 0.243387 0.864339 -0.440092 -0.59796 -0.952669 0.298249 0.0588972 -0.214129 0.182164 0.404927 0.896019 0.371907 0.31622 -0.384863 0.867113 0.400795 -0.930002 -0.306262 0.203222 -0.504304 0.187351 -0.87068 -0.45477 0.485867 
1533831526641 0.243546 0.864288 -0.440104 -0.597966 -0.952638 0.298372 0.0587778 -0.214127 0.182116 0.404945 0.896021 0.371919 0.31622 -0.384863 0.867113 0.400795 -0.930002 -0.306262 0.203222 -0.504304 0.187351 -0.87068 -0.45477 0.485867 
1533831526667 0.242736 0.864399 -0.440333 -0.597926 -0.952715 0.297945 0.0596948 -0.214109 0.182795 0.405021 0.895848 0.371899 0.31622 -0.384863 0.867113 0.400795 -0.930002 -0.306262 0.203222 -0.504304 0.187351 -0.87068 -0.45477 0.485867 
1533831526678 0.24275 0.864319 -0.440483 -0.597931 -0.952689 0.298016 0.0597437 -0.214121 0.182909 0.405141 0.895771 0.371929 0.31622 -0.384863 0.867113 0.400795 -0.930002 -0.306262 0.203222 -0.504304 0.187351 -0.87068 -0.45477 0.485867 
1533831526695 0.242764 0.864238 -0.440635 -0.597932 -0.952664 0.298088 0.0597917 -0.214129 0.183022 0.405262 0.895693 0.371963 0.31622 -0.384863 0.867113 0.400795 -0.930002 -0.306262 0.203222 -0.504304 0.187351 -0.87068 -0.45477 0.485867 
1533831526711 0.242779 0.864156 -0.440787 -0.597933 -0.952638 0.29816 0.0598398 -0.214138 0.183136 0.405382 0.895615 0.371996 0.31622 -0.384863 0.867113 0.400795 -0.930002 -0.306262 0.203222 -0.504304 0.187351 -0.87068 -0.45477 0.485867 
1533831526728 0.242793 0.864074 -0.440938 -0.597933 -0.952613 0.298232 0.0598878 -0.214147 0.18325 0.405503 0.895537 0.372029 0.31622 -0.384863 0.867113 0.400795 -0.930002 -0.306262 0.203222 -0.504304 0.187351 -0.87068 -0.45477 0.485867 
1533831526793 0.242808 0.863993 -0.44109 -0.597933 -0.952587 0.298304 0.0599358 -0.214155 0.183363 0.405624 0.895459 0.372062 0.31622 -0.384863 0.867113 0.400795 -0.930002 -0.306262 0.203222 -0.504304 0.187351 -0.87068 -0.45477 0.485867 
1533831526811 0.242822 0.863911 -0.441242 -0.597934 -0.952562 0.298376 0.059984 -0.214164 0.183477 0.405745 0.895381 0.372094 0.31622 -0.384863 0.867113 0.400795 -0.930002 -0.306262 0.203222 -0.504304 0.187351 -0.87068 -0.45477 0.485867 
1533831526826 0.242837 0.86383 -0.441394 -0.597934 -0.952536 0.298448 0.0600319 -0.214172 0.183591 0.405866 0.895303 0.372127 0.31622 -0.384863 0.867113 0.400795 -0.930002 -0.306262 0.203222 -0.504304 0.187351 -0.87068 -0.45477 0.485867 
1533831526844 0.242851 0.863748 -0.441546 -0.597935 -0.95251 0.29852 0.06008 -0.214181 0.183704 0.405986 0.895225 0.37216 0.31622 -0.384863 0.867113 0.400795 -0.930002 -0.306262 0.203222 -0.504304 0.187351 -0.87068 -0.45477 0.485867 
1533831526860 0.242866 0.863667 -0.441697 -0.597936 -0.952485 0.298592 0.0601281 -0.21419 0.183818 0.406107 0.895147 0.372192 0.31622 -0.384863 0.867113 0.400795 -0.930002 -0.306262 0.203222 -0.504304 0.187351 -0.87068 -0.45477 0.485867 
1533831526884 0.242817 0.864031 -0.441011 -0.597949 -0.952612 0.298247 0.059826 -0.214191 0.183222 0.405586 0.895506 0.37202 0.31622 -0.384863 0.867113 0.400795 -0.930002 -0.306262 0.203222 -0.504304 0.187351 -0.87068 -0.45477 0.485867 
1533831526896 0.2428 0.864057 -0.440969 -0.59795 -0.952603 0.298259 0.0599165 -0.214199 0.183294 0.40552 0.89552 0.372019 0.31622 -0.384863 0.867113 0.400795 -0.930002 -0.306262 0.203222 -0.504304 0.187351 -0.87068 -0.45477 0.485867 
1533831526913 0.242781 0.864085 -0.440925 -0.597953 -0.952593 0.29827 0.0600078 -0.214208 0.183366 0.405454 0.895536 0.372016 0.31622 -0.384863 0.867113 0.400795 -0.930002 -0.306262 0.203222 -0.504304 0.187351 -0.87068 -0.45477 0.485867 
1533831526930 0.242761 0.864113 -0.440881 -0.597959 -0.952584 0.29828 0.0600997 -0.21422 0.183439 0.405386 0.895551 0.372012 0.31622 -0.384863 0.867113 0.400795 -0.930002 -0.306262 0.203222 -0.504304 0.187351 -0.87068 -0.45477 0.485867 
1533831526946 0.242742 0.86414 -0.440837 -0.597962 -0.952575 0.29829 0.060191 -0.21423 0.183511 0.40532 0.895567 0.37201 0.31622 -0.384863 0.867113 0.400795 -0.930002 -0.306262 0.203222 -0.504304 0.187351 -0.87068 -0.45477 0.485867 
1533831527039 0.242723 0.864168 -0.440793 -0.597968 -0.952566 0.298301 0.0602827 -0.214241 0.183583 0.405253 0.895582 0.372007 0.31622 -0.384863 0.867113 0.400795 -0.930002 -0.306262 0.203222 -0.504304 0.187351 -0.87068 -0.45477 0.485867 
1533831527046 0.242704 0.864196 -0.440749 -0.597973 -0.952557 0.298311 0.0603744 -0.214252 0.183656 0.405186 0.895598 0.372003 0.31622 -0.384863 0.867113 0.400795 -0.930002 -0.306262 0.203222 -0.504304 0.187351 -0.87068 -0.45477 0.485867 
1533831527059 0.242685 0.864224 -0.440705 -0.597977 -0.952548 0.298321 0.0604658 -0.214262 0.183728 0.405119 0.895613 0.372001 0.31622 -0.384863 0.867113 0.400795 -0.930002 -0.306262 0.203222 -0.504304 0.187351 -0.87068 -0.45477 0.485867 
1533831527076 0.242666 0.864252 -0.440662 -0.597981 -0.952539 0.298332 0.0605572 -0.214273 0.1838 0.405052 0.895628 0.371998 0.31622 -0.384863 0.867113 0.400795 -0.930002 -0.306262 0.203222 -0.504304 0.187351 -0.87068 -0.45477 0.485867 
1533831527093 0.242646 0.86428 -0.440617 -0.597986 -0.95253 0.298342 0.0606489 -0.214284 0.183872 0.404985 0.895644 0.371994 0.31622 -0.384863 0.867113 0.400795 -0.930002 -0.306262 0.203222 -0.504304 0.187351 -0.87068 -0.45477 0.485867 
1533831527117 0.242853 0.864171 -0.440716 -0.597916 -0.952523 0.298435 0.0603011 -0.21427 0.183636 0.405148 0.895619 0.372089 0.31622 -0.384863 0.867113 0.400795 -0.930002 -0.306262 0.203222 -0.504304 0.187351 -0.87068 -0.45477 0.485867 
1533831527129 0.242824 0.864158 -0.440758 -0.597912 -0.952539 0.298392 0.0602566 -0.214277 0.18359 0.405207 0.895601 0.372093 0.31622 -0.384863 0.867113 0.400795 -0.930002 -0.306262 0.203222 -0.504304 0.187351 -0.87068 -0.45477 0.485867 
1533831527146 0.242796 0.864144 -0.440801 -0.597904 -0.952555 0.298351 0.0602112 -0.214282 0.183544 0.405268 0.895583 0.372101 0.31622 -0.384863 0.867113 0.400795 -0.930002 -0.306262 0.203222 -0.504304 0.187351 -0.87068 -0.45477 0.485867 
1533831527163 0.242768 0.86413 -0.440844 -0.597896 -0.952571 0.298309 0.0601658 -0.214286 0.183499 0.405329 0.895565 0.372108 0.31622 -0.384863 0.867113 0.400795 -0.930002 -0.306262 0.203222 -0.504304 0.187351 -0.87068 -0.45477 0.485867 
1533831527179 0.24274 0.864116 -0.440887 -0.597887 -0.952587 0.298267 0.0601204 -0.21429 0.183453 0.405389 0.895547 0.372115 0.31622 -0.384863 0.867113 0.400795 -0.930002 -0.306262 0.203222 -0.504304 0.187351 -0.87068 -0.45477 0.485867 
1533831527196 0.242713 0.864102 -0.44093 -0.597879 -0.952603 0.298226 0.0600749 -0.214294 0.183408 0.40545 0.895529 0.372122 0.31622 -0.384863 0.867113 0.400795 -0.930002 -0.306262 0.203222 -0.504304 0.187351 -0.87068 -0.45477 0.485867 
1533831527213 0.242685 0.864088 -0.440972 -0.597871 -0.952619 0.298184 0.0600297 -0.214299 0.183362 0.40551 0.895511 0.372128 0.31622 -0.384863 0.867113 0.400795 -0.930002 -0.306262 0.203222 -0.504304 0.187351 -0.87068 -0.45477 0.485867 
1533831527229 0.242657 0.864074 -0.441015 -0.597864 -0.952635 0.298142 0.0599845 -0.214304 0.183316 0.405571 0.895493 0.372135 0.31622 -0.384863 0.867113 0.400795 -0.930002 -0.306262 0.203222 -0.504304 0.187351 -0.87068 -0.45477 0.485867 
1533831527246 0.242629 0.86406 -0.441058 -0.597854 -0.952651 0.298101 0.0599389 -0.214308 0.183271 0.405632 0.895475 0.372142 0.31622 -0.384863 0.867113 0.400795 -0.930002 -0.306262 0.203222 -0.504304 0.187351 -0.87068 -0.45477 0.485867 
1533831527264 0.242601 0.864046 -0.441101 -0.597847 -0.952666 0.298059 0.0598936 -0.214312 0.183225 0.405692 0.895457 0.372149 0.31622 -0.384863 0.867113 0.400795 -0.930002 -0.306262 0.203222 -0.504304 0.187351 -0.87068 -0.45477 0.485867 
1533831527289 0.242552 0.864253 -0.440721 -0.597932 -0.952639 0.298077 0.060241 -0.214253 0.183432 0.405236 0.895621 0.37204 0.31622 -0.384863 0.867113 0.400795 -0.930002 -0.306262 0.203222 -0.504304 0.187351 -0.87068 -0.45477 0.485867 
1533831527299 0.242548 0.864207 -0.440813 -0.597928 -0.952636 0.298088 0.0602292 -0.214256 0.183452 0.405326 0.895576 0.372056 0.31622 -0.384863 0.867113 0.400795 -0.930002 -0.306262 0.203222 -0.504304 0.187351 -0.87068 -0.45477 0.485867 
1533831527317 0.242547 0.86416 -0.440907 -0.597921 -0.952633 0.298102 0.0602159 -0.214256 0.183471 0.405418 0.89553 0.372074 0.31622 -0.384863 0.867113 0.400795 -0.930002 -0.306262 0.203222 -0.504304 0.187351 -0.87068 -0.45477 0.485867 
1533831527332 0.242545 0.864112 -0.441001 -0.597913 -0.95263 0.298115 0.0602027 -0.214257 0.183491 0.405509 0.895485 0.372091 0.31622 -0.384863 0.867113 0.400795 -0.930002 -0.306262 0.203222 -0.504304 0.187351 -0.87068 -0.45477 0.485867 
1533831527349 0.242543 0.864065 -0.441095 -0.597905 -0.952626 0.298128 0.0601894 -0.214257 0.18351 0.405601 0.89544 0.372109 0.31622 -0.384863 0.867113 0.400795 -0.930002 -0.306262 0.203222 -0.504304 0.187351 -0.87068 -0.45477 0.485867 
1533831527366 0.242541 0.864017 -0.441189 -0.597898 -0.952623 0.298141 0.0601763 -0.214258 0.18353 0.405692 0.895394 0.372126 0.31622 -0.384863 0.867113 0.400795 -0.930002 -0.306262 0.203222 -0.504304 0.187351 -0.87068 -0.45477 0.485867 
1533831527383 0.242539 0.86397 -0.441283 -0.597889 -0.95262 0.298155 0.0601629 -0.214258 0.18355 0.405783 0.895349 0.372144 0.31622 -0.384863 0.867113 0.400795 -0.930002 -0.306262 0.203222 -0.504304 0.187351 -0.87068 -0.45477 0.485867 
1533831527399 0.242537 0.863922 -0.441377 -0.597882 -0.952616 0.298168 0.0601498 -0.214259 0.183569 0.405875 0.895303 0.372161 0.31622 -0.384863 0.867113 0.400795 -0.930002 -0.306262 0.203222 -0.504304 0.187351 -0.87068 -0.45477 0.485867 
1533831527416 0.242536 0.863875 -0.441471 -0.597874 -0.952613 0.298181 0.0601364 -0.214259 0.183589 0.405966 0.895258 0.372179 0.31622 -0.384863 0.867113 0.400795 -0.930002 -0.306262 0.203222 -0.504304 0.187351 -0.87068 -0.45477 0.485867 
1533831527433 0.242534 0.863827 -0.441565 -0.597866 -0.95261 0.298195 0.0601232 -0.214259 0.183608 0.406057 0.895212 0.372197 0.31622 -0.384863 0.867113 0.400795 -0.930002 -0.306262 0.203222 -0.504304 0.187351 -0.87068 -0.45477 0.485867 
1533831527458 0.242833 0.8641 -0.440866 -0.597863 -0.95256 0.298357 0.060103 -0.214345 0.183471 0.405357 0.895558 0.372142 0.31622 -0.384863 0.867113 0.400795 -0.930002 -0.306262 0.203222 -0.504304 0.187351 -0.87068 -0.45477 0.485867 
1533831527469 0.24286 0.864156 -0.440743 -0.597862 -0.952571 0.298333 0.0600464 -0.214338 0.183378 0.405256 0.895623 0.372135 0.31622 -0.384863 0.867113 0.400795 -0.930002 -0.306262 0.203222 -0.504304 0.187351 -0.87068 -0.45477 0.485867 
1533831527486 0.242887 0.864212 -0.440617 -0.597865 -0.952582 0.29831 0.0599906 -0.214333 0.183285 0.405153 0.895688 0.372125 0.31622 -0.384863 0.867113 0.400795 -0.930002 -0.306262 0.203222 -0.504304 0.187351 -0.87068 -0.45477 0.485867 
1533831527503 0.242915 0.864268 -0.440492 -0.597868 -0.952593 0.298287 0.0599347 -0.214329 0.183192 0.40505 0.895754 0.372115 0.31622 -0.384863 0.867113 0.400795 -0.930002 -0.306262 0.203222 -0.504304 0.187351 -0.87068 -0.45477 0.485867 
1533831527519 0.242942 0.864324 -0.440366 -0.597871 -0.952604 0.298263 0.0598789 -0.214324 0.1831 0.404947 0.895819 0.372106 0.31622 -0.384863 0.867113 0.400795 -0.930002 -0.306262 0.203222 -0.504304 0.187351 -0.87068 -0.45477 0.485867 
1533831527610 0.24297 0.86438 -0.440241 -0.597873 -0.952614 0.29824 0.0598228 -0.214319 0.183007 0.404845 0.895884 0.372097 0.31622 -0.384863 0.867113 0.400795 -0.930002 -0.306262 0.203222 -0.504304 0.187351 -0.87068 -0.45477 0.485867 
1533831527626 0.242997 0.864437 -0.440115 -0.597877 -0.952625 0.298216 0.0597671 -0.214315 0.182914 0.404742 0.89595 0.372087 0.31622 -0.384863 0.867113 0.400795 -0.930002 -0.306262 0.203222 -0.504304 0.187351 -0.87068 -0.45477 0.485867 
1533831527643 0.243024 0.864493 -0.43999 -0.59788 -0.952636 0.298193 0.059711 -0.21431 0.182822 0.404639 0.896015 0.372078 0.31622 -0.384863 0.867113 0.400795 -0.930002 -0.306262 0.203222 -0.504304 0.187351 -0.87068 -0.45477 0.485867 
1533831527659 0.243051 0.864549 -0.439864 -0.597884 -0.952647 0.29817 0.0596553 -0.214307 0.182729 0.404536 0.896081 0.372068 0.31622 -0.384863 0.867113 0.400795 -0.930002 -0.306262 0.203222 -0.504304 0.187351 -0.87068 -0.45477 0.485867 
1533831527676 0.243079 0.864605 -0.439739 -0.597886 -0.952658 0.298146 0.0595993 -0.214302 0.182636 0.404433 0.896146 0.372059 0.31622 -0.384863 0.867113 0.400795 -0.930002 -0.306262 0.203222 -0.504304 0.187351 -0.87068 -0.45477 0.485867 
1533831527696 0.243128 0.864294 -0.440322 -0.597858 -0.952536 0.298473 0.0599118 -0.214393 0.183206 0.404857 0.895839 0.372121 0.31622 -0.384863 0.867113 0.400795 -0.930002 -0.306262 0.203222 -0.504304 0.187351 -0.87068 -0.45477 0.485867 
1533831527709 0.243204 0.864335 -0.440201 -0.597863 -0.952564 0.298428 0.0596863 -0.214376 0.182957 0.404803 0.895914 0.372119 0.31622 -0.384863 0.867113 0.400795 -0.930002 -0.306262 0.203222 -0.504304 0.187351 -0.87068 -0.45477 0.485867 
1533831527726 0.243282 0.864375 -0.44008 -0.597869 -0.952592 0.298384 0.0594598 -0.214357 0.182708 0.404751 0.895988 0.372117 0.31622 -0.384863 0.867113 0.400795 -0.930002 -0.306262 0.203222 -0.504304 0.187351 -0.87068 -0.45477 0.485867 
1533831527743 0.24336 0.864414 -0.439959 -0.597876 -0.95262 0.298341 0.059233 -0.214337 0.18246 0.404698 0.896062 0.372116 0.31622 -0.384863 0.867113 0.400795 -0.930002 -0.306262 0.203222 -0.504304 0.187351 -0.87068 -0.45477 0.485867 
1533831527760 0.243438 0.864454 -0.439838 -0.597882 -0.952647 0.298297 0.0590067 -0.214318 0.182211 0.404646 0.896137 0.372114 0.31622 -0.384863 0.867113 0.400795 -0.930002 -0.306262 0.203222 -0.504304 0.187351 -0.87068 -0.45477 0.485867 
1533831527776 0.243516 0.864494 -0.439717 -0.597888 -0.952675 0.298253 0.0587805 -0.2143 0.181962 0.404593 0.896211 0.372112 0.31622 -0.384863 0.867113 0.400795 -0.930002 -0.306262 0.203222 -0.504304 0.187351 -0.87068 -0.45477 0.485867 
1533831527793 0.243594 0.864533 -0.439596 -0.597894 -0.952703 0.29821 0.0585534 -0.214279 0.181713 0.404541 0.896285 0.372112 0.31622 -0.384863 0.867113 0.400795 -0.930002 -0.306262 0.203222 -0.504304 0.187351 -0.87068 -0.45477 0.485867 
1533831527809 0.243672 0.864573 -0.439475 -0.5979 -0.95273 0.298166 0.058327 -0.21426 0.181465 0.404488 0.896359 0.37211 0.31622 -0.384863 0.867113 0.400795 -0.930002 -0.306262 0.203222 -0.504304 0.187351 -0.87068 -0.45477 0.485867 
1533831527826 0.243749 0.864612 -0.439354 -0.597906 -0.952758 0.298123 0.0581005 -0.214241 0.181216 0.404436 0.896433 0.372108 0.31622 -0.384863 0.867113 0.400795 -0.930002 -0.306262 0.203222 -0.504304 0.187351 -0.87068 -0.45477 0.485867 
1533831527843 0.243827 0.864652 -0.439233 -0.597912 -0.952785 0.298079 0.0578741 -0.214222 0.180967 0.404383 0.896507 0.372107 0.31622 -0.384863 0.867113 0.400795 -0.930002 -0.306262 0.203222 -0.504304 0.187351 -0.87068 -0.45477 0.485867 
1533831527866 0.243307 0.864508 -0.439804 -0.597881 -0.952621 0.298309 0.0593723 -0.214348 0.182525 0.40452 0.896129 0.372092 0.31622 -0.384863 0.867113 0.400795 -0.930002 -0.306262 0.203222 -0.504304 0.187351 -0.87068 -0.45477 0.485867 
1533831527879 0.243358 0.86449 -0.43981 -0.597889 -0.952625 0.298318 0.0592628 -0.21433 0.182436 0.404552 0.896133 0.372099 0.31622 -0.384863 0.867113 0.400795 -0.930002 -0.306262 0.203222 -0.504304 0.187351 -0.87068 -0.45477 0.485867 
1533831527896 0.243411 0.864472 -0.439818 -0.597895 -0.952629 0.298328 0.0591518 -0.21431 0.182345 0.404585 0.896137 0.372108 0.31622 -0.384863 0.867113 0.400795 -0.930002 -0.306262 0.203222 -0.504304 0.187351 -0.87068 -0.45477 0.485867 
1533831527913 0.243464 0.864453 -0.439825 -0.5979 -0.952633 0.298338 0.0590404 -0.214289 0.182254 0.404618 0.896141 0.372117 0.31622 -0.384863 0.867113 0.400795 -0.930002 -0.306262 0.203222 -0.504304 0.187351 -0.87068 -0.45477 0.485867 
1533831527929 0.243517 0.864434 -0.439833 -0.597905 -0.952636 0.298348 0.058929 -0.214267 0.182163 0.404651 0.896144 0.372126 0.31622 -0.384863 0.867113 0.400795 -0.930002 -0.306262 0.203222 -0.504304 0.187351 -0.87068 -0.45477 0.485867 
1533831527946 0.24357 0.864415 -0.439841 -0.597909 -0.95264 0.298357 0.0588175 -0.214246 0.182073 0.404684 0.896148 0.372135 0.31622 -0.384863 0.867113 0.400795 -0.930002 -0.306262 0.203222 -0.504304 0.187351 -0.87068 -0.45477 0.485867 
1533831527963 0.243623 0.864397 -0.439849 -0.597915 -0.952644 0.298367 0.0587064 -0.214225 0.181982 0.404717 0.896151 0.372144 0.31622 -0.384863 0.867113 0.400795 -0.930002 -0.306262 0.203222 -0.504304 0.187351 -0.87068 -0.45477 0.485867 
1533831527979 0.243676 0.864378 -0.439856 -0.597919 -0.952648 0.298377 0.0585948 -0.214204 0.181891 0.40475 0.896155 0.372154 0.31622 -0.384863 0.867113 0.400795 -0.930002 -0.306262 0.203222 -0.504304 0.187351 -0.87068 -0.45477 0.485867 
1533831527996 0.243728 0.864359 -0.439864 -0.597925 -0.952652 0.298387 0.0584836 -0.214183 0.1818 0.404783 0.896158 0.372162 0.31622 -0.384863 0.867113 0.400795 -0.930002 -0.306262 0.203222 -0.504304 0.187351 -0.87068 -0.45477 0.485867 
1533831528013 0.243781 0.86434 -0.439871 -0.59793 -0.952655 0.298396 0.0583725 -0.214162 0.18171 0.404816 0.896162 0.372171 0.31622 -0.384863 0.867113 0.400795 -0.930002 -0.306262 0.203222 -0.504304 0.187351 -0.87068 -0.45477 0.485867 
1533831528036 0.243694 0.864559 -0.43949 -0.597924 -0.952685 0.298277 0.0585084 -0.214233 0.181674 0.404437 0.89634 0.372094 0.31622 -0.384863 0.867113 0.400795 -0.930002 -0.306262 0.203222 -0.504304 0.187351 -0.87068 -0.45477 0.485867 
1533831528049 0.243551 0.864559 -0.439569 -0.597919 -0.952703 0.298194 0.0586353 -0.214233 0.18177 0.404498 0.896293 0.372094 0.31622 -0.384863 0.867113 0.400795 -0.930002 -0.306262 0.203222 -0.504304 0.187351 -0.87068 -0.45477 0.485867 
1533831528067 0.243407 0.864559 -0.439648 -0.597914 -0.952721 0.29811 0.0587618 -0.214235 0.181866 0.404559 0.896246 0.372094 0.31622 -0.384863 0.867113 0.400795 -0.930002 -0.306262 0.203222 -0.504304 0.187351 -0.87068 -0.45477 0.485867 
1533831528072 0.243263 0.86456 -0.439727 -0.597909 -0.95274 0.298025 0.0588885 -0.214238 0.181963 0.40462 0.896199 0.372093 0.31622 -0.384863 0.867113 0.400795 -0.930002 -0.306262 0.203222 -0.504304 0.187351 -0.87068 -0.45477 0.485867 
1533831528086 0.243119 0.86456 -0.439806 -0.597904 -0.952758 0.297942 0.0590148 -0.214239 0.182058 0.404681 0.896152 0.372092 0.31622 -0.384863 0.867113 0.400795 -0.930002 -0.306262 0.203222 -0.504304 0.187351 -0.87068 -0.45477 0.485867 
1533831528103 0.242974 0.864561 -0.439885 -0.597899 -0.952777 0.297857 0.0591417 -0.214243 0.182155 0.404742 0.896105 0.372091 0.31622 -0.384863 0.867113 0.400795 -0.930002 -0.306262 0.203222 -0.504304 0.187351 -0.87068 -0.45477 0.485867 
1533831528188 0.24283 0.864561 -0.439964 -0.597894 -0.952795 0.297773 0.0592682 -0.214245 0.18225 0.404803 0.896058 0.37209 0.31622 -0.384863 0.867113 0.400795 -0.930002 -0.306262 0.203222 -0.504304 0.187351 -0.87068 -0.45477 0.485867 
1533831528204 0.242686 0.864561 -0.440042 -0.597889 -0.952813 0.297689 0.0593946 -0.214246 0.182346 0.404864 0.896011 0.37209 0.31622 -0.384863 0.867113 0.400795 -0.930002 -0.306262 0.203222 -0.504304 0.187351 -0.87068 -0.45477 0.485867 
1533831528221 0.242542 0.864561 -0.440121 -0.597884 -0.952832 0.297606 0.059521 -0.214248 0.182442 0.404925 0.895963 0.372089 0.31622 -0.384863 0.867113 0.400795 -0.930002 -0.306262 0.203222 -0.504304 0.187351 -0.87068 -0.45477 0.485867 
1533831528237 0.242398 0.864562 -0.4402 -0.597879 -0.95285 0.297521 0.0596481 -0.214252 0.182538 0.404986 0.895916 0.372088 0.31622 -0.384863 0.867113 0.400795 -0.930002 -0.306262 0.203222 -0.504304 0.187351 -0.87068 -0.45477 0.485867 
1533831528264 0.242808 0.864623 -0.439855 -0.597906 -0.952837 0.297665 0.0591356 -0.214133 0.182059 0.404751 0.89612 0.372067 0.31622 -0.384863 0.867113 0.400795 -0.930002 -0.306262 0.203222 -0.504304 0.187351 -0.87068 -0.45477 0.485867 
1533831528275 0.242659 0.864549 -0.440082 -0.597901 -0.952843 0.297618 0.0592827 -0.214142 0.182229 0.404944 0.895998 0.372093 0.31622 -0.384863 0.867113 0.400795 -0.930002 -0.306262 0.203222 -0.504304 0.187351 -0.87068 -0.45477 0.485867 
1533831528292 0.242511 0.864474 -0.440311 -0.597891 -0.952848 0.297572 0.0594287 -0.21415 0.182399 0.405137 0.895876 0.372121 0.31622 -0.384863 0.867113 0.400795 -0.930002 -0.306262 0.203222 -0.504304 0.187351 -0.87068 -0.45477 0.485867 
1533831528308 0.242363 0.864399 -0.440539 -0.597881 -0.952853 0.297526 0.0595747 -0.214157 0.182568 0.405331 0.895754 0.372149 0.31622 -0.384863 0.867113 0.400795 -0.930002 -0.306262 0.203222 -0.504304 0.187351 -0.87068 -0.45477 0.485867 
1533831528325 0.242214 0.864324 -0.440768 -0.597871 -0.952858 0.29748 0.0597206 -0.214165 0.182737 0.405524 0.895632 0.372177 0.31622 -0.384863 0.867113 0.400795 -0.930002 -0.306262 0.203222 -0.504304 0.187351 -0.87068 -0.45477 0.485867 
1533831528377 0.242066 0.864249 -0.440996 -0.597862 -0.952864 0.297434 0.0598667 -0.214173 0.182907 0.405717 0.89551 0.372205 0.31622 -0.384863 0.867113 0.400795 -0.930002 -0.306262 0.203222 -0.504304 0.187351 -0.87068 -0.45477 0.485867 
1533831528394 0.241918 0.864174 -0.441224 -0.597852 -0.952869 0.297388 0.0600126 -0.214179 0.183076 0.405911 0.895388 0.372233 0.31622 -0.384863 0.867113 0.400795 -0.930002 -0.306262 0.203222 -0.504304 0.187351 -0.87068 -0.45477 0.485867 
1533831528410 0.241769 0.864099 -0.441452 -0.597842 -0.952874 0.297342 0.0601587 -0.214187 0.183245 0.406104 0.895266 0.372261 0.31622 -0.384863 0.867113 0.400795 -0.930002 -0.306262 0.203222 -0.504304 0.187351 -0.87068 -0.45477 0.485867 
1533831528438 0.241621 0.864024 -0.441681 -0.597832 -0.952879 0.297296 0.0603045 -0.214194 0.183414 0.406298 0.895143 0.372289 0.31622 -0.384863 0.867113 0.400795 -0.930002 -0.306262 0.203222 -0.504304 0.187351 -0.87068 -0.45477 0.485867 
1533831528471 0.241472 0.863949 -0.441909 -0.597822 -0.952884 0.29725 0.0604506 -0.214201 0.183584 0.406491 0.895021 0.372317 0.31622 -0.384863 0.867113 0.400795 -0.930002 -0.306262 0.203222 -0.504304 0.187351 -0.87068 -0.45477 0.485867 
1533831528495 0.24187 0.864219 -0.441163 -0.597905 -0.952917 0.297259 0.0598763 -0.214098 0.182886 0.405909 0.895427 0.37219 0.31622 -0.384863 0.867113 0.400795 -0.930002 -0.306262 0.203222 -0.504304 0.187351 -0.87068 -0.45477 0.485867 
1533831528508 0.241923 0.864219 -0.441133 -0.597911 -0.952906 0.297301 0.0598552 -0.214095 0.182878 0.405878 0.895444 0.372183 0.31622 -0.384863 0.867113 0.400795 -0.930002 -0.306262 0.203222 -0.504304 0.187351 -0.87068 -0.45477 0.485867 
1533831528524 0.241976 0.864219 -0.441103 -0.597918 -0.952894 0.297344 0.0598337 -0.21409 0.182869 0.405846 0.89546 0.372176 0.31622 -0.384863 0.867113 0.400795 -0.930002 -0.306262 0.203222 -0.504304 0.187351 -0.87068 -0.45477 0.485867 
1533831528541 0.24203 0.86422 -0.441074 -0.597925 -0.952882 0.297387 0.0598124 -0.214086 0.182861 0.405815 0.895475 0.372169 0.31622 -0.384863 0.867113 0.400795 -0.930002 -0.306262 0.203222 -0.504304 0.187351 -0.87068 -0.45477 0.485867 
1533831528558 0.242083 0.86422 -0.441044 -0.597933 -0.95287 0.297429 0.0597909 -0.214082 0.182852 0.405783 0.895492 0.372161 0.31622 -0.384863 0.867113 0.400795 -0.930002 -0.306262 0.203222 -0.504304 0.187351 -0.87068 -0.45477 0.485867 
1533831528564 0.242137 0.86422 -0.441015 -0.59794 -0.952858 0.297472 0.0597695 -0.214078 0.182843 0.405752 0.895507 0.372154 0.31622 -0.384863 0.867113 0.400795 -0.930002 -0.306262 0.203222 -0.504304 0.187351 -0.87068 -0.45477 0.485867 
1533831528651 0.24219 0.86422 -0.440985 -0.597947 -0.952846 0.297514 0.0597481 -0.214074 0.182835 0.40572 0.895523 0.372146 0.31622 -0.384863 0.867113 0.400795 -0.930002 -0.306262 0.203222 -0.504304 0.187351 -0.87068 -0.45477 0.485867 
1533831528668 0.242244 0.86422 -0.440955 -0.597957 -0.952834 0.297557 0.0597267 -0.21407 0.182826 0.405689 0.89554 0.372139 0.31622 -0.384863 0.867113 0.400795 -0.930002 -0.306262 0.203222 -0.504304 0.187351 -0.87068 -0.45477 0.485867 
1533831528684 0.242297 0.86422 -0.440926 -0.597964 -0.952822 0.2976 0.0597053 -0.214066 0.182818 0.405657 0.895556 0.372132 0.31622 -0.384863 0.867113 0.400795 -0.930002 -0.306262 0.203222 -0.504304 0.187351 -0.87068 -0.45477 0.485867 
1533831528701 0.24235 0.86422 -0.440896 -0.597971 -0.95281 0.297642 0.0596839 -0.214062 0.182809 0.405626 0.895572 0.372124 0.31622 -0.384863 0.867113 0.400795 -0.930002 -0.306262 0.203222 -0.504304 0.187351 -0.87068 -0.45477 0.485867 
1533831528726 0.241918 0.86425 -0.441076 -0.59794 -0.952899 0.29731 0.0599133 -0.214074 0.182917 0.405807 0.895468 0.372135 0.31622 -0.384863 0.867113 0.400795 -0.930002 -0.306262 0.203222 -0.504304 0.187351 -0.87068 -0.45477 0.485867 
1533831528738 0.242038 0.864263 -0.440983 -0.597945 -0.952918 0.297303 0.0596511 -0.214065 0.18266 0.405783 0.895531 0.372132 0.31622 -0.384863 0.867113 0.400795 -0.930002 -0.306262 0.203222 -0.504304 0.187351 -0.87068 -0.45477 0.485867 
1533831528755 0.242158 0.864277 -0.440891 -0.597949 -0.952937 0.297295 0.0593873 -0.214055 0.182402 0.40576 0.895594 0.372131 0.31622 -0.384863 0.867113 0.400795 -0.930002 -0.306262 0.203222 -0.504304 0.187351 -0.87068 -0.45477 0.485867 
1533831528771 0.242278 0.86429 -0.440799 -0.597953 -0.952956 0.297287 0.0591232 -0.214043 0.182143 0.405737 0.895657 0.37213 0.31622 -0.384863 0.867113 0.400795 -0.930002 -0.306262 0.203222 -0.504304 0.187351 -0.87068 -0.45477 0.485867 
1533831528788 0.242398 0.864304 -0.440706 -0.597957 -0.952975 0.297279 0.0588596 -0.214033 0.181885 0.405714 0.89572 0.372129 0.31622 -0.384863 0.867113 0.400795 -0.930002 -0.306262 0.203222 -0.504304 0.187351 -0.87068 -0.45477 0.485867 
1533831528804 0.242518 0.864317 -0.440614 -0.597961 -0.952993 0.297271 0.0585953 -0.214021 0.181627 0.405692 0.895782 0.372128 0.31622 -0.384863 0.867113 0.400795 -0.930002 -0.306262 0.203222 -0.504304 0.187351 -0.87068 -0.45477 0.485867 
1533831528821 0.242638 0.864331 -0.440521 -0.597965 -0.953012 0.297263 0.0583315 -0.21401 0.181368 0.405669 0.895845 0.372127 0.31622 -0.384863 0.867113 0.400795 -0.930002 -0.306262 0.203222 -0.504304 0.187351 -0.87068 -0.45477 0.485867 
1533831528838 0.242758 0.864344 -0.440429 -0.597967 -0.953031 0.297255 0.0580672 -0.213998 0.18111 0.405646 0.895908 0.372126 0.31622 -0.384863 0.867113 0.400795 -0.930002 -0.306262 0.203222 -0.504304 0.187351 -0.87068 -0.45477 0.485867 
