1533291033601 -0.312651 0.947683 -0.0643964 -0.552643 -0.915815 -0.282759 0.285183 -0.263775 0.252055 0.148138 0.956307 0.331184 0.16008 -0.304787 0.938871 0.370831 -0.775623 0.549475 0.310623 -0.528794 -0.61056 -0.777934 -0.14844 0.432481 
1533291033615 -0.268167 0.959222 -0.0893327 -0.560039 -0.930042 -0.233593 0.283648 -0.259448 0.251214 0.159148 0.954758 0.33602 0.316305 -0.38429 0.867336 0.400738 -0.930106 -0.305553 0.203815 -0.506322 0.186693 -0.871182 -0.454078 0.485854 
1533291033639 -0.223009 0.968111 -0.11414 -0.56743 -0.941975 -0.183878 0.28084 -0.255121 0.250896 0.170147 0.952943 0.340854 0.316242 -0.384853 0.86711 0.400828 -0.929997 -0.306262 0.203248 -0.504438 0.187342 -0.870685 -0.454765 0.485876 
1533291033655 -0.1773 0.974327 -0.13875 -0.574821 -0.951585 -0.133749 0.276763 -0.250795 0.2511 0.181102 0.950868 0.345688 0.316223 -0.384857 0.867115 0.40079 -0.930001 -0.306263 0.203227 -0.50432 0.187352 -0.870683 -0.454765 0.485866 
1533291033661 -0.131164 0.977853 -0.163095 -0.582211 -0.958843 -0.0833425 0.271428 -0.246468 0.251824 0.191984 0.948539 0.350522 0.316222 -0.384859 0.867114 0.40079 -0.930002 -0.306263 0.203224 -0.504311 0.187352 -0.870682 -0.454766 0.485866 
1533291033675 -0.0847276 0.978678 -0.187109 -0.589602 -0.963732 -0.032798 0.26485 -0.242141 0.253067 0.202763 0.945962 0.355356 0.316221 -0.384861 0.867114 0.400793 -0.930002 -0.306262 0.203224 -0.504309 0.187352 -0.870681 -0.454768 0.485867 
1533291033691 -0.0381188 0.976802 -0.210726 -0.596992 -0.966236 0.0177465 0.257047 -0.237815 0.254824 0.213409 0.943144 0.36019 0.316221 -0.384862 0.867113 0.400795 -0.930002 -0.306262 0.203223 -0.504309 0.187351 -0.870681 -0.454769 0.485868 
1533291033708 0.0085349 0.972228 -0.233881 -0.604382 -0.966349 0.0681525 0.248041 -0.233489 0.257092 0.223894 0.940093 0.365024 0.316221 -0.384862 0.867113 0.400796 -0.930002 -0.306262 0.203223 -0.50431 0.187351 -0.870681 -0.454769 0.485869 
1533291033715 0.0551049 0.964969 -0.256511 -0.611763 -0.964072 0.118281 0.237856 -0.229167 0.259865 0.234188 0.936817 0.369855 0.316222 -0.384863 0.867112 0.400801 -0.930002 -0.306262 0.203224 -0.504317 0.18735 -0.87068 -0.45477 0.485871 
1533291033728 0.101381 0.955073 -0.278491 -0.618969 -0.959401 0.167919 0.226613 -0.225088 0.263196 0.24421 0.933322 0.374498 0.316238 -0.384878 0.8671 0.400844 -0.930001 -0.306253 0.203243 -0.504402 0.187328 -0.870677 -0.454786 0.48592 
1533291033884 -0.312563 0.947717 -0.0643134 -0.55271 -0.91589 -0.282727 0.284974 -0.263729 0.251892 0.147976 0.956375 0.331319 0.316238 -0.384878 0.8671 0.400844 -0.930001 -0.306253 0.203243 -0.504402 0.187328 -0.870677 -0.454786 0.48592 
1533291033898 -0.268086 0.959252 -0.0892539 -0.560099 -0.930106 -0.233565 0.283462 -0.259407 0.251065 0.159008 0.954821 0.336142 0.316221 -0.384863 0.867113 0.400799 -0.930002 -0.306262 0.203223 -0.504312 0.187351 -0.87068 -0.45477 0.485869 
1533291033915 -0.222934 0.968137 -0.114066 -0.567483 -0.942029 -0.183853 0.280676 -0.255085 0.250762 0.170026 0.953 0.340962 0.31622 -0.384862 0.867113 0.400795 -0.930002 -0.306262 0.203222 -0.504305 0.187352 -0.87068 -0.454769 0.485867 
1533291033932 -0.177232 0.974349 -0.138682 -0.574866 -0.951629 -0.133727 0.276621 -0.250763 0.25098 0.181 0.95092 0.345783 0.316221 -0.384863 0.867113 0.400795 -0.930002 -0.306262 0.203222 -0.504304 0.187351 -0.87068 -0.45477 0.485867 
1533291033948 -0.131104 0.977871 -0.163034 -0.58225 -0.958879 -0.0833242 0.271308 -0.246441 0.251719 0.1919 0.948584 0.350604 0.31622 -0.384863 0.867113 0.400795 -0.930002 -0.306262 0.203222 -0.504304 0.187351 -0.87068 -0.454769 0.485867 
1533291033965 -0.0846765 0.978693 -0.187056 -0.589633 -0.963759 -0.0327829 0.264751 -0.242119 0.252978 0.202695 0.946 0.355424 0.31622 -0.384863 0.867113 0.400795 -0.930002 -0.306262 0.203222 -0.504304 0.187352 -0.87068 -0.454769 0.485867 
1533291033982 -0.0380768 0.976813 -0.210682 -0.597017 -0.966256 0.0177585 0.256969 -0.237797 0.254752 0.213357 0.943176 0.360245 0.31622 -0.384863 0.867113 0.400795 -0.930002 -0.306262 0.203222 -0.504304 0.187352 -0.87068 -0.454769 0.485867 
1533291034002 0.00856733 0.972236 -0.233847 -0.6044 -0.966364 0.0681616 0.247983 -0.233474 0.257037 0.223857 0.940117 0.365065 0.31622 -0.384863 0.867113 0.400795 -0.930002 -0.306262 0.203222 -0.504304 0.187352 -0.87068 -0.454769 0.485867 
1533291034019 0.0551276 0.964974 -0.256488 -0.611771 -0.96408 0.118288 0.237818 -0.229155 0.259827 0.234164 0.936833 0.369883 0.31622 -0.384863 0.867113 0.400795 -0.930002 -0.306262 0.203222 -0.504304 0.187352 -0.87068 -0.454769 0.485867 
1533291034035 0.101401 0.955073 -0.278484 -0.618943 -0.959405 0.16793 0.226585 -0.225054 0.263171 0.244203 0.933331 0.374521 0.31622 -0.384863 0.867113 0.400795 -0.930002 -0.306262 0.203222 -0.504304 0.187352 -0.87068 -0.454769 0.485867 
1533291034183 -0.298259 0.951724 -0.0725504 -0.558349 -0.922977 -0.268211 0.276001 -0.260216 0.243218 0.149282 0.958415 0.336764 0.31622 -0.384863 0.867113 0.400795 -0.930002 -0.306262 0.203222 -0.504304 0.187352 -0.87068 -0.454769 0.485867 
1533291034198 -0.254915 0.96214 -0.0964582 -0.565173 -0.935843 -0.220377 0.275012 -0.256244 0.243343 0.160375 0.95659 0.341043 0.31622 -0.384863 0.867113 0.400795 -0.930002 -0.306262 0.203222 -0.504304 0.187352 -0.87068 -0.454769 0.485867 
1533291034212 -0.210994 0.970061 -0.120266 -0.571992 -0.946549 -0.172053 0.27284 -0.252274 0.243979 0.171406 0.954513 0.345319 0.31622 -0.384863 0.867113 0.400795 -0.930002 -0.306262 0.203222 -0.504304 0.187352 -0.87068 -0.454769 0.485867 
1533291034229 -0.166606 0.975465 -0.143914 -0.578812 -0.955069 -0.123364 0.269488 -0.248303 0.245122 0.182346 0.95219 0.349595 0.31622 -0.384863 0.867113 0.400795 -0.930002 -0.306262 0.203222 -0.504304 0.187352 -0.87068 -0.454769 0.485867 
1533291034247 -0.121867 0.978338 -0.167341 -0.585631 -0.961381 -0.074434 0.264963 -0.244332 0.246768 0.193169 0.949627 0.353871 0.31622 -0.384863 0.867113 0.400795 -0.930002 -0.306262 0.203222 -0.504304 0.187352 -0.87068 -0.454769 0.485867 
1533291034262 -0.0768913 0.978674 -0.190487 -0.592451 -0.965469 -0.0253886 0.259278 -0.240362 0.248912 0.203845 0.946831 0.358147 0.31622 -0.384863 0.867113 0.400795 -0.930002 -0.306262 0.203222 -0.504304 0.187352 -0.87068 -0.454769 0.485867 
1533291034279 -0.0317944 0.976471 -0.213292 -0.59927 -0.967322 0.0236459 0.252447 -0.236391 0.251551 0.214348 0.94381 0.362423 0.31622 -0.384863 0.867113 0.400795 -0.930002 -0.306262 0.203222 -0.504304 0.187352 -0.87068 -0.454769 0.485867 
1533291034297 0.0133079 0.971735 -0.235698 -0.606089 -0.966935 0.0725436 0.244488 -0.23242 0.254676 0.224651 0.94057 0.366699 0.31622 -0.384863 0.867113 0.400795 -0.930002 -0.306262 0.203222 -0.504304 0.187352 -0.87068 -0.454769 0.485867 
1533291034312 0.0582989 0.964479 -0.257647 -0.612898 -0.964309 0.121178 0.235423 -0.228452 0.258281 0.234726 0.93712 0.370972 0.31622 -0.384863 0.867113 0.400795 -0.930002 -0.306262 0.203222 -0.504304 0.187352 -0.87068 -0.454769 0.485867 
1533291034329 0.102992 0.954745 -0.279025 -0.619535 -0.959445 0.169358 0.225351 -0.224692 0.262408 0.2445 0.933468 0.375078 0.31622 -0.384863 0.867113 0.400795 -0.930002 -0.306262 0.203222 -0.504304 0.187352 -0.87068 -0.454769 0.485867 
1533291034473 -0.261351 0.960038 -0.100116 -0.566441 -0.935893 -0.226654 0.269688 -0.255901 0.236219 0.164181 0.957729 0.34172 0.31622 -0.384863 0.867113 0.400795 -0.930002 -0.306262 0.203222 -0.504304 0.187352 -0.87068 -0.454769 0.485867 
1533291034486 -0.221339 0.967682 -0.120835 -0.572406 -0.94578 -0.182804 0.268483 -0.252412 0.237717 0.173709 0.955676 0.345476 0.31622 -0.384863 0.867113 0.400795 -0.930002 -0.306262 0.203222 -0.504304 0.187352 -0.87068 -0.454769 0.485867 
1533291034492 -0.180941 0.973267 -0.14146 -0.578367 -0.953858 -0.138621 0.266346 -0.248924 0.239616 0.183125 0.953441 0.34923 0.31622 -0.384863 0.867113 0.400795 -0.930002 -0.306262 0.203222 -0.504304 0.187352 -0.87068 -0.454769 0.485867 
1533291034506 -0.140241 0.976783 -0.161947 -0.584329 -0.96011 -0.0941971 0.263278 -0.245437 0.24191 0.19241 0.95103 0.352984 0.31622 -0.384863 0.867113 0.400795 -0.930002 -0.306262 0.203222 -0.504304 0.187352 -0.87068 -0.454769 0.485867 
1533291034522 -0.0993251 0.978222 -0.182254 -0.59029 -0.964525 -0.0496262 0.259286 -0.241949 0.244595 0.201542 0.948448 0.356738 0.31622 -0.384863 0.867113 0.400795 -0.930002 -0.306262 0.203222 -0.504304 0.187352 -0.87068 -0.454769 0.485867 
1533291034539 -0.0582783 0.97758 -0.202337 -0.596251 -0.967092 -0.00500214 0.254379 -0.238461 0.247664 0.210504 0.945701 0.360492 0.31622 -0.384863 0.867113 0.400795 -0.930002 -0.306262 0.203222 -0.504304 0.187352 -0.87068 -0.454769 0.485867 
1533291034556 -0.0171876 0.97486 -0.222155 -0.602212 -0.967806 0.0395814 0.248567 -0.234973 0.251112 0.219275 0.942794 0.364246 0.31622 -0.384863 0.867113 0.400795 -0.930002 -0.306262 0.203222 -0.504304 0.187352 -0.87068 -0.454769 0.485867 
1533291034562 0.0238607 0.970066 -0.241665 -0.608173 -0.966665 0.0840305 0.241863 -0.231485 0.25493 0.227838 0.939734 0.368 0.31622 -0.384863 0.867113 0.400795 -0.930002 -0.306262 0.203222 -0.504304 0.187352 -0.87068 -0.454769 0.485867 
1533291034587 0.0647796 0.96321 -0.260827 -0.614126 -0.963672 0.128251 0.23428 -0.228 0.259112 0.236175 0.936527 0.371751 0.31622 -0.384863 0.867113 0.400795 -0.930002 -0.306262 0.203222 -0.504304 0.187352 -0.87068 -0.454769 0.485867 
1533291034604 0.105419 0.954326 -0.27955 -0.61993 -0.958829 0.17209 0.225903 -0.224699 0.263693 0.244226 0.933177 0.375356 0.31622 -0.384863 0.867113 0.400795 -0.930002 -0.306262 0.203222 -0.504304 0.187352 -0.87068 -0.454769 0.485867 
1533291034744 -0.208321 0.969485 -0.129232 -0.574535 -0.94966 -0.168888 0.263862 -0.251547 0.233985 0.177695 0.955864 0.346254 0.31622 -0.384863 0.867113 0.400795 -0.930002 -0.306262 0.203222 -0.504304 0.187352 -0.87068 -0.454769 0.485867 
1533291034757 -0.173146 0.973889 -0.146833 -0.579671 -0.95617 -0.130474 0.262137 -0.248492 0.236135 0.185785 0.953795 0.349565 0.31622 -0.384863 0.867113 0.400795 -0.930002 -0.306262 0.203222 -0.504304 0.187352 -0.87068 -0.454769 0.485867 
1533291034773 -0.137765 0.976737 -0.164336 -0.584803 -0.961301 -0.0918885 0.259725 -0.245438 0.238583 0.193758 0.951597 0.352874 0.31622 -0.384863 0.867113 0.400795 -0.930002 -0.306262 0.203222 -0.504304 0.187352 -0.87068 -0.454769 0.485867 
1533291034791 -0.102231 0.978023 -0.181716 -0.589936 -0.965045 -0.053193 0.256628 -0.242383 0.241322 0.201599 0.949274 0.356184 0.31622 -0.384863 0.867113 0.400795 -0.930002 -0.306262 0.203222 -0.504304 0.187352 -0.87068 -0.454769 0.485867 
1533291034807 -0.0666007 0.977745 -0.198943 -0.595069 -0.967398 -0.0144483 0.252849 -0.239329 0.244348 0.209297 0.946831 0.359493 0.31622 -0.384863 0.867113 0.400795 -0.930002 -0.306262 0.203222 -0.504304 0.187352 -0.87068 -0.454769 0.485867 
1533291034823 -0.030931 0.975905 -0.215992 -0.600201 -0.968354 0.0242844 0.248396 -0.236275 0.247656 0.216839 0.944271 0.362803 0.31622 -0.384863 0.867113 0.400795 -0.930002 -0.306262 0.203222 -0.504304 0.187352 -0.87068 -0.454769 0.485867 
1533291034842 0.00472197 0.972505 -0.232834 -0.605334 -0.967913 0.0629437 0.243275 -0.23322 0.251242 0.224214 0.941597 0.366112 0.31622 -0.384863 0.867113 0.400795 -0.930002 -0.306262 0.203222 -0.504304 0.187352 -0.87068 -0.454769 0.485867 
1533291034857 0.0403019 0.96755 -0.249443 -0.610466 -0.966075 0.101469 0.237494 -0.230166 0.255098 0.23141 0.938815 0.369421 0.31622 -0.384863 0.867113 0.400795 -0.930002 -0.306262 0.203222 -0.504304 0.187352 -0.87068 -0.454769 0.485867 
1533291034873 0.0757521 0.961049 -0.265794 -0.615591 -0.962843 0.139798 0.231064 -0.227114 0.259221 0.238414 0.935929 0.372728 0.31622 -0.384863 0.867113 0.400795 -0.930002 -0.306262 0.203222 -0.504304 0.187352 -0.87068 -0.454769 0.485867 
1533291034890 0.110961 0.953031 -0.281816 -0.620589 -0.958218 0.177818 0.224051 -0.224221 0.26364 0.24518 0.932942 0.375908 0.31622 -0.384863 0.867113 0.400795 -0.930002 -0.306262 0.203222 -0.504304 0.187352 -0.87068 -0.454769 0.485867 
1533291034989 -0.135735 0.97779 -0.159694 -0.582784 -0.961828 -0.0913911 0.257944 -0.24711 0.23762 0.18861 0.952871 0.350615 0.31622 -0.384863 0.867113 0.400795 -0.930002 -0.306262 0.203222 -0.504304 0.187352 -0.87068 -0.454769 0.485867 
1533291035003 -0.116906 0.978161 -0.171855 -0.584921 -0.963884 -0.0700565 0.256943 -0.244962 0.239292 0.195686 0.951024 0.352574 0.31622 -0.384863 0.867113 0.400795 -0.930002 -0.306262 0.203222 -0.504304 0.187352 -0.87068 -0.454769 0.485867 
1533291035020 -0.098049 0.978028 -0.183979 -0.587056 -0.965534 -0.0487 0.25568 -0.242815 0.241103 0.202707 0.949094 0.354532 0.31622 -0.384863 0.867113 0.400795 -0.930002 -0.306262 0.203222 -0.504304 0.187352 -0.87068 -0.454769 0.485867 
1533291035038 -0.0791749 0.97739 -0.196059 -0.589192 -0.966777 -0.0273331 0.254155 -0.240668 0.24305 0.209668 0.947083 0.356491 0.31622 -0.384863 0.867113 0.400795 -0.930002 -0.306262 0.203222 -0.504304 0.187352 -0.87068 -0.454769 0.485867 
1533291035053 -0.0602928 0.97625 -0.20809 -0.591327 -0.967613 -0.0059667 0.252367 -0.238521 0.245132 0.216566 0.944992 0.358449 0.31622 -0.384863 0.867113 0.400795 -0.930002 -0.306262 0.203222 -0.504304 0.187352 -0.87068 -0.454769 0.485867 
1533291035070 -0.0414123 0.974606 -0.220065 -0.593462 -0.968041 0.0153883 0.250319 -0.236374 0.247349 0.223398 0.942821 0.360407 0.31622 -0.384863 0.867113 0.400795 -0.930002 -0.306262 0.203222 -0.504304 0.187352 -0.87068 -0.454769 0.485867 
1533291035087 -0.022543 0.97246 -0.231977 -0.595598 -0.968061 0.036721 0.24801 -0.234227 0.249698 0.230159 0.940573 0.362365 0.31622 -0.384863 0.867113 0.400795 -0.930002 -0.306262 0.203222 -0.504304 0.187352 -0.87068 -0.454769 0.485867 
1533291035094 -0.00369466 0.969813 -0.243822 -0.597734 -0.967673 0.0580205 0.245442 -0.23208 0.25218 0.236847 0.938248 0.364324 0.31622 -0.384863 0.867113 0.400795 -0.930002 -0.306262 0.203222 -0.504304 0.187352 -0.87068 -0.454769 0.485867 
1533291035107 0.0151224 0.966666 -0.255592 -0.599873 -0.966877 0.0792753 0.242618 -0.229935 0.254793 0.243457 0.935847 0.366279 0.31622 -0.384863 0.867113 0.400795 -0.930002 -0.306262 0.203222 -0.504304 0.187352 -0.87068 -0.454769 0.485867 
1533291035114 0.0338678 0.963035 -0.26724 -0.602024 -0.965669 0.100441 0.239571 -0.227901 0.257557 0.249952 0.933375 0.368142 0.31622 -0.384863 0.867113 0.400795 -0.930002 -0.306262 0.203222 -0.504304 0.187352 -0.87068 -0.454769 0.485867 
1533291035193 -0.0737723 0.980346 -0.182975 -0.589007 -0.967066 -0.0255064 0.253246 -0.243681 0.243602 0.195631 0.94994 0.353998 0.31622 -0.384863 0.867113 0.400795 -0.930002 -0.306262 0.203222 -0.504304 0.187352 -0.87068 -0.454769 0.485867 
1533291035207 -0.0554285 0.979201 -0.195174 -0.591271 -0.967645 -0.00449107 0.252275 -0.241757 0.246151 0.202842 0.947768 0.356026 0.31622 -0.384863 0.867113 0.400795 -0.930002 -0.306262 0.203222 -0.504304 0.187352 -0.87068 -0.454769 0.485867 
1533291035224 -0.0370957 0.977567 -0.207333 -0.593533 -0.967835 0.016518 0.251044 -0.239833 0.248837 0.209977 0.94551 0.358054 0.31622 -0.384863 0.867113 0.400795 -0.930002 -0.306262 0.203222 -0.504304 0.187352 -0.87068 -0.454769 0.485867 
1533291035240 -0.0187834 0.975443 -0.219448 -0.595795 -0.967634 0.0375099 0.249555 -0.237909 0.251658 0.217032 0.943168 0.360082 0.31622 -0.384863 0.867113 0.400795 -0.930002 -0.306262 0.203222 -0.504304 0.187352 -0.87068 -0.454769 0.485867 
1533291035257 -0.000499797 0.972832 -0.231511 -0.598057 -0.967044 0.0584748 0.247805 -0.235985 0.25461 0.224005 0.940742 0.362109 0.31622 -0.384863 0.867113 0.400795 -0.930002 -0.306262 0.203222 -0.504304 0.187352 -0.87068 -0.454769 0.485867 
1533291035274 0.0177447 0.969734 -0.243517 -0.60032 -0.966064 0.0794016 0.245798 -0.234061 0.257694 0.230891 0.938234 0.364137 0.31622 -0.384863 0.867113 0.400795 -0.930002 -0.306262 0.203222 -0.504304 0.187352 -0.87068 -0.454769 0.485867 
1533291035291 0.0359425 0.966151 -0.25546 -0.602582 -0.964695 0.100281 0.243532 -0.232137 0.260907 0.237688 0.935645 0.366164 0.31622 -0.384863 0.867113 0.400795 -0.930002 -0.306262 0.203222 -0.504304 0.187352 -0.87068 -0.454769 0.485867 
1533291035307 0.0540829 0.962085 -0.267334 -0.604845 -0.962937 0.121101 0.241012 -0.230214 0.264249 0.244391 0.932977 0.368192 0.31622 -0.384863 0.867113 0.400795 -0.930002 -0.306262 0.203222 -0.504304 0.187352 -0.87068 -0.454769 0.485867 
1533291035324 0.0721578 0.957538 -0.279132 -0.60711 -0.960792 0.141852 0.238237 -0.228293 0.267716 0.250997 0.93023 0.370217 0.31622 -0.384863 0.867113 0.400795 -0.930002 -0.306262 0.203222 -0.504304 0.187352 -0.87068 -0.454769 0.485867 
1533291035340 0.0901273 0.952527 -0.290808 -0.609377 -0.958258 0.16249 0.235243 -0.226476 0.271329 0.257467 0.927411 0.372149 0.31622 -0.384863 0.867113 0.400795 -0.930002 -0.306262 0.203222 -0.504304 0.187352 -0.87068 -0.454769 0.485867 
1533291035364 -0.0185175 0.978753 -0.204206 -0.592407 -0.967289 0.0341449 0.25137 -0.24058 0.253002 0.202181 0.946104 0.355934 0.31622 -0.384863 0.867113 0.400795 -0.930002 -0.306262 0.203222 -0.504304 0.187352 -0.87068 -0.454769 0.485867 
1533291035377 -0.00647276 0.976886 -0.213663 -0.59414 -0.966743 0.0485164 0.251108 -0.239196 0.25567 0.208183 0.944083 0.357751 0.31622 -0.384863 0.867113 0.400795 -0.930002 -0.306262 0.203222 -0.504304 0.187352 -0.87068 -0.454769 0.485867 
1533291035395 0.00554629 0.974779 -0.223105 -0.595872 -0.966019 0.0628777 0.250707 -0.237812 0.258413 0.214133 0.942003 0.359567 0.31622 -0.384863 0.867113 0.400795 -0.930002 -0.306262 0.203222 -0.504304 0.187352 -0.87068 -0.454769 0.485867 
1533291035410 0.0175364 0.972432 -0.232526 -0.597604 -0.965118 0.0772241 0.250168 -0.236429 0.261228 0.220028 0.939866 0.361383 0.31622 -0.384863 0.867113 0.400795 -0.930002 -0.306262 0.203222 -0.504304 0.187352 -0.87068 -0.454769 0.485867 
1533291035427 0.0294946 0.969847 -0.241925 -0.599336 -0.96404 0.0915524 0.24949 -0.235045 0.264115 0.225867 0.937671 0.3632 0.31622 -0.384863 0.867113 0.400795 -0.930002 -0.306262 0.203222 -0.504304 0.187352 -0.87068 -0.454769 0.485867 
1533291035444 0.0414182 0.967023 -0.2513 -0.601068 -0.962785 0.105859 0.248673 -0.233662 0.267074 0.231648 0.93542 0.365016 0.31622 -0.384863 0.867113 0.400795 -0.930002 -0.306262 0.203222 -0.504304 0.187352 -0.87068 -0.454769 0.485867 
1533291035460 0.0533039 0.963962 -0.260647 -0.6028 -0.961355 0.12014 0.247717 -0.232278 0.270104 0.23737 0.933113 0.366832 0.31622 -0.384863 0.867113 0.400795 -0.930002 -0.306262 0.203222 -0.504304 0.187352 -0.87068 -0.454769 0.485867 
1533291035477 0.0651496 0.960663 -0.269966 -0.604532 -0.959748 0.134394 0.246622 -0.230894 0.273203 0.243032 0.93075 0.368648 0.31622 -0.384863 0.867113 0.400795 -0.930002 -0.306262 0.203222 -0.504304 0.187352 -0.87068 -0.454769 0.485867 
1533291035494 0.0769506 0.957129 -0.279253 -0.606267 -0.957965 0.148614 0.245392 -0.229513 0.276373 0.248631 0.928332 0.370463 0.31622 -0.384863 0.867113 0.400795 -0.930002 -0.306262 0.203222 -0.504304 0.187352 -0.87068 -0.454769 0.485867 
1533291035501 0.0886854 0.953372 -0.288474 -0.608004 -0.956005 0.162774 0.244046 -0.228205 0.279623 0.254139 0.925864 0.372202 0.31622 -0.384863 0.867113 0.400795 -0.930002 -0.306262 0.203222 -0.504304 0.187352 -0.87068 -0.454769 0.485867 
1533291035526 0.0114742 0.976379 -0.215759 -0.5945 -0.965711 0.0667885 0.250882 -0.239043 0.259367 0.205482 0.943666 0.357571 0.31622 -0.384863 0.867113 0.400795 -0.930002 -0.306262 0.203222 -0.504304 0.187352 -0.87068 -0.454769 0.485867 
1533291035537 0.0219501 0.974242 -0.224432 -0.596135 -0.965097 0.0792466 0.249614 -0.237756 0.26097 0.21112 0.941978 0.359304 0.31622 -0.384863 0.867113 0.400795 -0.930002 -0.306262 0.203222 -0.504304 0.187352 -0.87068 -0.454769 0.485867 
1533291035554 0.0324078 0.971917 -0.23308 -0.597769 -0.964351 0.0916859 0.248236 -0.236469 0.262635 0.216726 0.940241 0.361037 0.31622 -0.384863 0.867113 0.400795 -0.930002 -0.306262 0.203222 -0.504304 0.187352 -0.87068 -0.454769 0.485867 
1533291035571 0.0428454 0.969405 -0.241698 -0.599403 -0.963472 0.104104 0.246747 -0.235182 0.264359 0.222298 0.938455 0.362771 0.31622 -0.384863 0.867113 0.400795 -0.930002 -0.306262 0.203222 -0.504304 0.187352 -0.87068 -0.454769 0.485867 
1533291035587 0.0532607 0.966706 -0.250287 -0.601037 -0.962461 0.116497 0.245148 -0.233896 0.266144 0.227835 0.936621 0.364504 0.31622 -0.384863 0.867113 0.400795 -0.930002 -0.306262 0.203222 -0.504304 0.187352 -0.87068 -0.454769 0.485867 
1533291035604 0.0636519 0.963819 -0.258845 -0.602671 -0.961317 0.128865 0.243441 -0.232609 0.267989 0.233336 0.934738 0.366237 0.31622 -0.384863 0.867113 0.400795 -0.930002 -0.306262 0.203222 -0.504304 0.187352 -0.87068 -0.454769 0.485867 
1533291035621 0.0740175 0.960747 -0.267369 -0.604304 -0.960041 0.141205 0.241623 -0.231322 0.269892 0.238801 0.932809 0.36797 0.31622 -0.384863 0.867113 0.400795 -0.930002 -0.306262 0.203222 -0.504304 0.187352 -0.87068 -0.454769 0.485867 
1533291035637 0.0843543 0.95749 -0.275858 -0.605939 -0.958634 0.153513 0.239697 -0.230035 0.271855 0.244227 0.930832 0.369703 0.31622 -0.384863 0.867113 0.400795 -0.930002 -0.306262 0.203222 -0.504304 0.187352 -0.87068 -0.454769 0.485867 
1533291035654 0.0946608 0.954048 -0.28431 -0.607574 -0.957095 0.165788 0.237664 -0.22875 0.273877 0.249614 0.928808 0.371434 0.31622 -0.384863 0.867113 0.400795 -0.930002 -0.306262 0.203222 -0.504304 0.187352 -0.87068 -0.454769 0.485867 
1533291035671 0.104917 0.950433 -0.292695 -0.60921 -0.955423 0.178006 0.235545 -0.227534 0.275971 0.254934 0.926741 0.373094 0.31622 -0.384863 0.867113 0.400795 -0.930002 -0.306262 0.203222 -0.504304 0.187352 -0.87068 -0.454769 0.485867 
1533291035702 0.0366112 0.973185 -0.227093 -0.596468 -0.963493 0.0946852 0.250433 -0.237749 0.26522 0.209633 0.941123 0.35929 0.31622 -0.384863 0.867113 0.400795 -0.930002 -0.306262 0.203222 -0.504304 0.187352 -0.87068 -0.454769 0.485867 
1533291035714 0.044421 0.97095 -0.235121 -0.597787 -0.963167 0.104104 0.247935 -0.236578 0.265209 0.215448 0.939812 0.360904 0.31622 -0.384863 0.867113 0.400795 -0.930002 -0.306262 0.203222 -0.504304 0.187352 -0.87068 -0.454769 0.485867 
1533291035731 0.0522273 0.96859 -0.243118 -0.599104 -0.962765 0.113499 0.245358 -0.235407 0.265245 0.221252 0.938452 0.362518 0.31622 -0.384863 0.867113 0.400795 -0.930002 -0.306262 0.203222 -0.504304 0.187352 -0.87068 -0.454769 0.485867 
1533291035747 0.0600289 0.966103 -0.251081 -0.600422 -0.962288 0.122868 0.242704 -0.234237 0.265327 0.227043 0.937045 0.364132 0.31622 -0.384863 0.867113 0.400795 -0.930002 -0.306262 0.203222 -0.504304 0.187352 -0.87068 -0.454769 0.485867 
1533291035764 0.0678248 0.963491 -0.259009 -0.601739 -0.961734 0.132212 0.239973 -0.233066 0.265456 0.232822 0.935589 0.365746 0.31622 -0.384863 0.867113 0.400795 -0.930002 -0.306262 0.203222 -0.504304 0.187352 -0.87068 -0.454769 0.485867 
1533291035781 0.075614 0.960753 -0.266902 -0.603057 -0.961105 0.141527 0.237165 -0.231895 0.265631 0.238587 0.934086 0.36736 0.31622 -0.384863 0.867113 0.400795 -0.930002 -0.306262 0.203222 -0.504304 0.187352 -0.87068 -0.454769 0.485867 
1533291035798 0.0833956 0.95789 -0.274757 -0.604374 -0.9604 0.150814 0.234281 -0.230724 0.265853 0.244339 0.932535 0.368974 0.31622 -0.384863 0.867113 0.400795 -0.930002 -0.306262 0.203222 -0.504304 0.187352 -0.87068 -0.454769 0.485867 
1533291035814 0.0911686 0.954903 -0.282575 -0.605692 -0.959619 0.160071 0.231321 -0.229554 0.266121 0.250075 0.930936 0.370587 0.31622 -0.384863 0.867113 0.400795 -0.930002 -0.306262 0.203222 -0.504304 0.187352 -0.87068 -0.454769 0.485867 
1533291035833 0.0989312 0.951792 -0.290352 -0.607012 -0.958762 0.169296 0.228286 -0.228385 0.266436 0.255793 0.929291 0.372199 0.31622 -0.384863 0.867113 0.400795 -0.930002 -0.306262 0.203222 -0.504304 0.187352 -0.87068 -0.454769 0.485867 
1533291035838 0.106666 0.948568 -0.298061 -0.608344 -0.957827 0.17847 0.2252 -0.227282 0.266813 0.261469 0.927602 0.373741 0.31622 -0.384863 0.867113 0.400795 -0.930002 -0.306262 0.203222 -0.504304 0.187352 -0.87068 -0.454769 0.485867 
1533291035877 0.0554497 0.969216 -0.239888 -0.59878 -0.961664 0.116467 0.248272 -0.236186 0.268568 0.216925 0.938518 0.36132 0.31622 -0.384863 0.867113 0.400795 -0.930002 -0.306262 0.203222 -0.504304 0.187352 -0.87068 -0.454769 0.485867 
1533291035891 0.0617396 0.967031 -0.247062 -0.5999 -0.961443 0.124083 0.245418 -0.235115 0.267983 0.222384 0.937406 0.362821 0.31622 -0.384863 0.867113 0.400795 -0.930002 -0.306262 0.203222 -0.504304 0.187352 -0.87068 -0.454769 0.485867 
1533291035907 0.0680306 0.964754 -0.254206 -0.60102 -0.961172 0.131677 0.242507 -0.234043 0.267433 0.227838 0.936253 0.364322 0.31622 -0.384863 0.867113 0.400795 -0.930002 -0.306262 0.203222 -0.504304 0.187352 -0.87068 -0.454769 0.485867 
1533291035924 0.0743222 0.962387 -0.26132 -0.602139 -0.960849 0.139247 0.239539 -0.232972 0.266917 0.233286 0.935057 0.365823 0.31622 -0.384863 0.867113 0.400795 -0.930002 -0.306262 0.203222 -0.504304 0.187352 -0.87068 -0.454769 0.485867 
1533291035932 0.0806136 0.959928 -0.268404 -0.603258 -0.960475 0.146791 0.236516 -0.2319 0.266437 0.238729 0.93382 0.367325 0.31622 -0.384863 0.867113 0.400795 -0.930002 -0.306262 0.203222 -0.504304 0.187352 -0.87068 -0.454769 0.485867 
1533291035948 0.0869044 0.957378 -0.275456 -0.604377 -0.96005 0.154311 0.233436 -0.230829 0.265993 0.244165 0.93254 0.368826 0.31622 -0.384863 0.867113 0.400795 -0.930002 -0.306262 0.203222 -0.504304 0.187352 -0.87068 -0.454769 0.485867 
1533291035964 0.0931938 0.954737 -0.282475 -0.605496 -0.959573 0.161804 0.230301 -0.229757 0.265583 0.249593 0.931219 0.370327 0.31622 -0.384863 0.867113 0.400795 -0.930002 -0.306262 0.203222 -0.504304 0.187352 -0.87068 -0.454769 0.485867 
1533291035981 0.0994814 0.952006 -0.289461 -0.606616 -0.959045 0.169271 0.227111 -0.228686 0.265208 0.255013 0.929856 0.371828 0.31622 -0.384863 0.867113 0.400795 -0.930002 -0.306262 0.203222 -0.504304 0.187352 -0.87068 -0.454769 0.485867 
1533291035998 0.105766 0.949185 -0.296413 -0.607738 -0.958466 0.176709 0.223866 -0.227616 0.26487 0.260424 0.928452 0.373327 0.31622 -0.384863 0.867113 0.400795 -0.930002 -0.306262 0.203222 -0.504304 0.187352 -0.87068 -0.454769 0.485867 
1533291036014 0.112032 0.946285 -0.303303 -0.608875 -0.957834 0.184103 0.22059 -0.226607 0.26458 0.265801 0.92701 0.374761 0.31622 -0.384863 0.867113 0.400795 -0.930002 -0.306262 0.203222 -0.504304 0.187352 -0.87068 -0.454769 0.485867 
1533291036038 0.069866 0.964498 -0.254681 -0.600915 -0.96058 0.133913 0.243625 -0.234928 0.269081 0.227621 0.935834 0.363184 0.31622 -0.384863 0.867113 0.400795 -0.930002 -0.306262 0.203222 -0.504304 0.187352 -0.87068 -0.454769 0.485867 
1533291036052 0.0746087 0.962545 -0.260655 -0.601796 -0.960399 0.139722 0.241064 -0.234011 0.268455 0.232347 0.934851 0.364483 0.31622 -0.384863 0.867113 0.400795 -0.930002 -0.306262 0.203222 -0.504304 0.187352 -0.87068 -0.454769 0.485867 
1533291036068 0.0793528 0.960533 -0.266609 -0.602675 -0.960187 0.145514 0.238468 -0.233094 0.267852 0.237071 0.933838 0.365781 0.31622 -0.384863 0.867113 0.400795 -0.930002 -0.306262 0.203222 -0.504304 0.187352 -0.87068 -0.454769 0.485867 
1533291036085 0.0840986 0.958461 -0.272543 -0.603555 -0.959944 0.15129 0.235835 -0.232177 0.267272 0.241793 0.932793 0.36708 0.31622 -0.384863 0.867113 0.400795 -0.930002 -0.306262 0.203222 -0.504304 0.187352 -0.87068 -0.454769 0.485867 
1533291036101 0.0888452 0.956331 -0.278454 -0.604434 -0.959672 0.157046 0.233166 -0.23126 0.266714 0.246509 0.931717 0.368378 0.31622 -0.384863 0.867113 0.400795 -0.930002 -0.306262 0.203222 -0.504304 0.187352 -0.87068 -0.454769 0.485867 
1533291036118 0.0935926 0.954143 -0.284344 -0.605314 -0.959369 0.162785 0.230461 -0.230343 0.26618 0.251221 0.930611 0.369677 0.31622 -0.384863 0.867113 0.400795 -0.930002 -0.306262 0.203222 -0.504304 0.187352 -0.87068 -0.454769 0.485867 
1533291036134 0.0983406 0.951896 -0.290211 -0.606193 -0.959036 0.168505 0.227721 -0.229426 0.265669 0.255928 0.929473 0.370976 0.31622 -0.384863 0.867113 0.400795 -0.930002 -0.306262 0.203222 -0.504304 0.187352 -0.87068 -0.454769 0.485867 
1533291036141 0.103089 0.949591 -0.296055 -0.607073 -0.958672 0.174206 0.224945 -0.22851 0.265181 0.260631 0.928305 0.372274 0.31622 -0.384863 0.867113 0.400795 -0.930002 -0.306262 0.203222 -0.504304 0.187352 -0.87068 -0.454769 0.485867 
1533291036154 0.107836 0.947229 -0.301875 -0.607955 -0.958278 0.179887 0.222134 -0.227594 0.264716 0.265326 0.927107 0.373571 0.31622 -0.384863 0.867113 0.400795 -0.930002 -0.306262 0.203222 -0.504304 0.187352 -0.87068 -0.454769 0.485867 
1533291036171 0.112571 0.944817 -0.307649 -0.608855 -0.957852 0.185535 0.219308 -0.22673 0.264286 0.269994 0.925881 0.374812 0.31622 -0.384863 0.867113 0.400795 -0.930002 -0.306262 0.203222 -0.504304 0.187352 -0.87068 -0.454769 0.485867 
1533291036195 0.0830313 0.958973 -0.271066 -0.603293 -0.959325 0.150563 0.238804 -0.233576 0.269819 0.240212 0.932468 0.364954 0.31622 -0.384863 0.867113 0.400795 -0.930002 -0.306262 0.203222 -0.504304 0.187352 -0.87068 -0.454769 0.485867 
1533291036208 0.0868476 0.957229 -0.275988 -0.603987 -0.95923 0.155142 0.23624 -0.232736 0.268953 0.244219 0.931677 0.366083 0.31622 -0.384863 0.867113 0.400795 -0.930002 -0.306262 0.203222 -0.504304 0.187352 -0.87068 -0.454769 0.485867 
1533291036224 0.0906668 0.955446 -0.280895 -0.60468 -0.959115 0.159707 0.233651 -0.231895 0.268102 0.248226 0.930863 0.367212 0.31622 -0.384863 0.867113 0.400795 -0.930002 -0.306262 0.203222 -0.504304 0.187352 -0.87068 -0.454769 0.485867 
1533291036241 0.094489 0.953624 -0.285786 -0.605374 -0.958979 0.164258 0.231038 -0.231055 0.267266 0.252232 0.930026 0.368341 0.31622 -0.384863 0.867113 0.400795 -0.930002 -0.306262 0.203222 -0.504304 0.187352 -0.87068 -0.454769 0.485867 
1533291036258 0.0983135 0.951762 -0.290659 -0.606067 -0.958823 0.168795 0.228402 -0.230215 0.266446 0.256236 0.929166 0.36947 0.31622 -0.384863 0.867113 0.400795 -0.930002 -0.306262 0.203222 -0.504304 0.187352 -0.87068 -0.454769 0.485867 
1533291036274 0.10214 0.949862 -0.295516 -0.606761 -0.958646 0.173317 0.225742 -0.229375 0.265642 0.260238 0.928284 0.370599 0.31622 -0.384863 0.867113 0.400795 -0.930002 -0.306262 0.203222 -0.504304 0.187352 -0.87068 -0.454769 0.485867 
1533291036291 0.10597 0.947923 -0.300355 -0.607454 -0.958449 0.177824 0.223058 -0.228535 0.264852 0.264237 0.927379 0.371727 0.31622 -0.384863 0.867113 0.400795 -0.930002 -0.306262 0.203222 -0.504304 0.187352 -0.87068 -0.454769 0.485867 
1533291036308 0.109801 0.945944 -0.305177 -0.608148 -0.958231 0.182316 0.220351 -0.227695 0.264079 0.268236 0.926451 0.372856 0.31622 -0.384863 0.867113 0.400795 -0.930002 -0.306262 0.203222 -0.504304 0.187352 -0.87068 -0.454769 0.485867 
1533291036324 0.113633 0.943928 -0.309981 -0.608844 -0.957992 0.186792 0.217622 -0.226856 0.263321 0.27223 0.925501 0.373984 0.31622 -0.384863 0.867113 0.400795 -0.930002 -0.306262 0.203222 -0.504304 0.187352 -0.87068 -0.454769 0.485867 
1533291036341 0.117457 0.94188 -0.314746 -0.609557 -0.957732 0.191242 0.214887 -0.226063 0.26259 0.276203 0.924531 0.375062 0.31622 -0.384863 0.867113 0.400795 -0.930002 -0.306262 0.203222 -0.504304 0.187352 -0.87068 -0.454769 0.485867 
1533291036375 0.0947716 0.95315 -0.287269 -0.605477 -0.958053 0.165728 0.233815 -0.232511 0.270469 0.25306 0.928874 0.366412 0.31622 -0.384863 0.867113 0.400795 -0.930002 -0.306262 0.203222 -0.504304 0.187352 -0.87068 -0.454769 0.485867 
1533291036392 0.0977958 0.951865 -0.290497 -0.606017 -0.958006 0.169102 0.23158 -0.231773 0.269557 0.255651 0.92843 0.367344 0.31622 -0.384863 0.867113 0.400795 -0.930002 -0.306262 0.203222 -0.504304 0.187352 -0.87068 -0.454769 0.485867 
1533291036408 0.100822 0.950561 -0.293717 -0.606556 -0.957946 0.172468 0.229334 -0.231035 0.268652 0.258243 0.927974 0.368276 0.31622 -0.384863 0.867113 0.400795 -0.930002 -0.306262 0.203222 -0.504304 0.187352 -0.87068 -0.454769 0.485867 
1533291036425 0.10385 0.949237 -0.296926 -0.607095 -0.957874 0.175825 0.227075 -0.230296 0.267755 0.260836 0.927508 0.369209 0.31622 -0.384863 0.867113 0.400795 -0.930002 -0.306262 0.203222 -0.504304 0.187352 -0.87068 -0.454769 0.485867 
1533291036442 0.10688 0.947893 -0.300127 -0.607633 -0.957789 0.179175 0.224805 -0.229558 0.266866 0.263431 0.927031 0.370141 0.31622 -0.384863 0.867113 0.400795 -0.930002 -0.306262 0.203222 -0.504304 0.187352 -0.87068 -0.454769 0.485867 
1533291036458 0.109912 0.94653 -0.303317 -0.608172 -0.957691 0.182516 0.222523 -0.22882 0.265984 0.266026 0.926543 0.371073 0.31622 -0.384863 0.867113 0.400795 -0.930002 -0.306262 0.203222 -0.504304 0.187352 -0.87068 -0.454769 0.485867 
1533291036475 0.112946 0.945147 -0.306496 -0.608711 -0.95758 0.185848 0.220229 -0.228082 0.26511 0.268621 0.926045 0.372005 0.31622 -0.384863 0.867113 0.400795 -0.930002 -0.306262 0.203222 -0.504304 0.187352 -0.87068 -0.454769 0.485867 
1533291036492 0.115981 0.943745 -0.309666 -0.609251 -0.957457 0.189172 0.217924 -0.227344 0.264245 0.271217 0.925536 0.372937 0.31622 -0.384863 0.867113 0.400795 -0.930002 -0.306262 0.203222 -0.504304 0.187352 -0.87068 -0.454769 0.485867 
1533291036508 0.119018 0.942324 -0.312825 -0.609791 -0.95732 0.192488 0.215607 -0.226607 0.263387 0.273813 0.925016 0.373869 0.31622 -0.384863 0.867113 0.400795 -0.930002 -0.306262 0.203222 -0.504304 0.187352 -0.87068 -0.454769 0.485867 
1533291036525 0.122048 0.94089 -0.315959 -0.610341 -0.95717 0.195785 0.213294 -0.225905 0.262546 0.276394 0.924487 0.374763 0.31622 -0.384863 0.867113 0.400795 -0.930002 -0.306262 0.203222 -0.504304 0.187352 -0.87068 -0.454769 0.485867 
1533291036545 0.106985 0.947534 -0.301219 -0.607284 -0.956958 0.180338 0.227398 -0.231259 0.269789 0.263925 0.926044 0.368261 0.31622 -0.384863 0.867113 0.400795 -0.930002 -0.306262 0.203222 -0.504304 0.187352 -0.87068 -0.454769 0.485867 
1533291036558 0.108899 0.946557 -0.303598 -0.607624 -0.956981 0.182458 0.225603 -0.230626 0.268939 0.265969 0.925706 0.369173 0.31622 -0.384863 0.867113 0.400795 -0.930002 -0.306262 0.203222 -0.504304 0.187352 -0.87068 -0.454769 0.485867 
1533291036575 0.110816 0.945569 -0.305971 -0.607965 -0.956999 0.184573 0.2238 -0.229992 0.268093 0.268013 0.925362 0.370085 0.31622 -0.384863 0.867113 0.400795 -0.930002 -0.306262 0.203222 -0.504304 0.187352 -0.87068 -0.454769 0.485867 
1533291036592 0.112734 0.944573 -0.308339 -0.608305 -0.95701 0.186684 0.221993 -0.229359 0.26725 0.270058 0.925011 0.370997 0.31622 -0.384863 0.867113 0.400795 -0.930002 -0.306262 0.203222 -0.504304 0.187352 -0.87068 -0.454769 0.485867 
1533291036608 0.114655 0.943567 -0.310703 -0.608644 -0.957016 0.188791 0.220179 -0.228725 0.266411 0.272103 0.924654 0.371909 0.31622 -0.384863 0.867113 0.400795 -0.930002 -0.306262 0.203222 -0.504304 0.187352 -0.87068 -0.454769 0.485867 
1533291036615 0.116576 0.942551 -0.313061 -0.608984 -0.957016 0.190892 0.21836 -0.228092 0.265576 0.274148 0.92429 0.372821 0.31622 -0.384863 0.867113 0.400795 -0.930002 -0.306262 0.203222 -0.504304 0.187352 -0.87068 -0.454769 0.485867 
1533291036629 0.1185 0.941527 -0.315413 -0.609325 -0.95701 0.192988 0.216535 -0.227459 0.264744 0.276194 0.92392 0.373734 0.31622 -0.384863 0.867113 0.400795 -0.930002 -0.306262 0.203222 -0.504304 0.187352 -0.87068 -0.454769 0.485867 
1533291036651 0.120425 0.940493 -0.31776 -0.609665 -0.956998 0.19508 0.214704 -0.226825 0.263916 0.27824 0.923543 0.374646 0.31622 -0.384863 0.867113 0.400795 -0.930002 -0.306262 0.203222 -0.504304 0.187352 -0.87068 -0.454769 0.485867 
1533291036667 0.122352 0.93945 -0.320101 -0.610006 -0.956981 0.197166 0.212869 -0.226193 0.263093 0.280286 0.923159 0.375557 0.31622 -0.384863 0.867113 0.400795 -0.930002 -0.306262 0.203222 -0.504304 0.187352 -0.87068 -0.454769 0.485867 
1533291036685 0.124273 0.938402 -0.322424 -0.610361 -0.956956 0.199241 0.21104 -0.22559 0.26228 0.282319 0.92277 0.376435 0.31622 -0.384863 0.867113 0.400795 -0.930002 -0.306262 0.203222 -0.504304 0.187352 -0.87068 -0.454769 0.485867 
1533291036712 0.115216 0.944197 -0.308573 -0.608498 -0.956251 0.18952 0.22286 -0.230201 0.268905 0.269397 0.924725 0.369487 0.31622 -0.384863 0.867113 0.400795 -0.930002 -0.306262 0.203222 -0.504304 0.187352 -0.87068 -0.454769 0.485867 
1533291036725 0.116645 0.94359 -0.309891 -0.608742 -0.956432 0.190806 0.220978 -0.229628 0.267642 0.270614 0.924736 0.370275 0.31622 -0.384863 0.867113 0.400795 -0.930002 -0.306262 0.203222 -0.504304 0.187352 -0.87068 -0.454769 0.485867 
1533291036741 0.118076 0.942978 -0.311207 -0.608985 -0.956608 0.19209 0.219094 -0.229054 0.266381 0.271834 0.924742 0.371064 0.31622 -0.384863 0.867113 0.400795 -0.930002 -0.306262 0.203222 -0.504304 0.187352 -0.87068 -0.454769 0.485867 
1533291036757 0.119508 0.942364 -0.31252 -0.609228 -0.95678 0.19337 0.217208 -0.228481 0.26512 0.273055 0.924744 0.371852 0.31622 -0.384863 0.867113 0.400795 -0.930002 -0.306262 0.203222 -0.504304 0.187352 -0.87068 -0.454769 0.485867 
1533291036774 0.120942 0.941745 -0.313829 -0.609471 -0.956948 0.194648 0.215319 -0.227907 0.263861 0.274277 0.924743 0.37264 0.31622 -0.384863 0.867113 0.400795 -0.930002 -0.306262 0.203222 -0.504304 0.187352 -0.87068 -0.454769 0.485867 
1533291036791 0.122378 0.941123 -0.315135 -0.609714 -0.957112 0.195923 0.213427 -0.227334 0.262604 0.275501 0.924737 0.373429 0.31622 -0.384863 0.867113 0.400795 -0.930002 -0.306262 0.203222 -0.504304 0.187352 -0.87068 -0.454769 0.485867 
1533291036808 0.123815 0.940498 -0.316438 -0.609957 -0.957271 0.197195 0.211534 -0.226761 0.261347 0.276725 0.924727 0.374217 0.31622 -0.384863 0.867113 0.400795 -0.930002 -0.306262 0.203222 -0.504304 0.187352 -0.87068 -0.454769 0.485867 
1533291036827 0.125254 0.93987 -0.317737 -0.610201 -0.957426 0.198465 0.209638 -0.226187 0.260091 0.277951 0.924714 0.375005 0.31622 -0.384863 0.867113 0.400795 -0.930002 -0.306262 0.203222 -0.504304 0.187352 -0.87068 -0.454769 0.485867 
1533291036841 0.126694 0.939238 -0.319032 -0.610445 -0.957576 0.199731 0.20774 -0.225615 0.258838 0.279178 0.924696 0.375793 0.31622 -0.384863 0.867113 0.400795 -0.930002 -0.306262 0.203222 -0.504304 0.187352 -0.87068 -0.454769 0.485867 
1533291036857 0.12813 0.938606 -0.320315 -0.610697 -0.957721 0.200989 0.20585 -0.225067 0.257592 0.280397 0.924675 0.376554 0.31622 -0.384863 0.867113 0.400795 -0.930002 -0.306262 0.203222 -0.504304 0.187352 -0.87068 -0.454769 0.485867 
1533291036878 0.122116 0.940853 -0.316044 -0.609389 -0.955919 0.197163 0.217592 -0.229156 0.267034 0.275541 0.923455 0.371432 0.31622 -0.384863 0.867113 0.400795 -0.930002 -0.306262 0.203222 -0.504304 0.187352 -0.87068 -0.454769 0.485867 
1533291036892 0.122547 0.940399 -0.317225 -0.609502 -0.95599 0.197706 0.216783 -0.228726 0.26658 0.276698 0.923241 0.372252 0.31622 -0.384863 0.867113 0.400795 -0.930002 -0.306262 0.203222 -0.504304 0.187352 -0.87068 -0.454769 0.485867 
1533291036908 0.122978 0.939944 -0.318405 -0.609614 -0.956061 0.198248 0.215974 -0.228296 0.266127 0.277854 0.923024 0.373073 0.31622 -0.384863 0.867113 0.400795 -0.930002 -0.306262 0.203222 -0.504304 0.187352 -0.87068 -0.454769 0.485867 
1533291036924 0.12341 0.939487 -0.319583 -0.609726 -0.956131 0.198788 0.215165 -0.227866 0.265674 0.27901 0.922806 0.373893 0.31622 -0.384863 0.867113 0.400795 -0.930002 -0.306262 0.203222 -0.504304 0.187352 -0.87068 -0.454769 0.485867 
1533291036941 0.123842 0.939029 -0.320761 -0.609839 -0.956201 0.199328 0.214354 -0.227437 0.265222 0.280166 0.922586 0.374714 0.31622 -0.384863 0.867113 0.400795 -0.930002 -0.306262 0.203222 -0.504304 0.187352 -0.87068 -0.454769 0.485867 
1533291036957 0.124275 0.938569 -0.321938 -0.609951 -0.95627 0.199866 0.213543 -0.227007 0.26477 0.281322 0.922364 0.375534 0.31622 -0.384863 0.867113 0.400795 -0.930002 -0.306262 0.203222 -0.504304 0.187352 -0.87068 -0.454769 0.485867 
1533291036974 0.124709 0.938107 -0.323115 -0.610063 -0.956339 0.200404 0.212731 -0.226577 0.264318 0.282478 0.92214 0.376355 0.31622 -0.384863 0.867113 0.400795 -0.930002 -0.306262 0.203222 -0.504304 0.187352 -0.87068 -0.454769 0.485867 
