1532359306802 0.207457 0.683993 -0.699368 -0.406616 -0.967811 0.24764 -0.0448905 -0.264089 0.142487 0.686169 0.713351 0.420985 0.16008 -0.304787 0.938871 0.370831 -0.775623 0.549475 0.310623 -0.528794 -0.61056 -0.777934 -0.14844 0.432481 
1532359306815 0.206307 0.690633 -0.693155 -0.428313 -0.966963 0.2523 -0.0364198 -0.261672 0.14973 0.677769 0.719868 0.423419 0.316305 -0.38429 0.867336 0.400738 -0.930106 -0.305553 0.203815 -0.506322 0.186693 -0.871182 -0.454078 0.485854 
1532359307645 0.205342 0.697004 -0.687037 -0.44758 -0.966041 0.256851 -0.0281543 -0.257321 0.156842 0.669487 0.726077 0.426011 0.316242 -0.384853 0.86711 0.400828 -0.929997 -0.306262 0.203248 -0.504438 0.187342 -0.870685 -0.454765 0.485876 
1532359308426 0.204435 0.703314 -0.680849 -0.46679 -0.965051 0.261311 -0.0198387 -0.25302 0.16396 0.66111 0.732155 0.428614 0.316223 -0.384857 0.867115 0.40079 -0.930001 -0.306263 0.203227 -0.50432 0.187352 -0.870683 -0.454765 0.485866 
1532359309234 0.203561 0.709627 -0.674532 -0.486791 -0.963993 0.265681 -0.0114115 -0.249288 0.171112 0.652567 0.738158 0.431184 0.316222 -0.384859 0.867114 0.40079 -0.930002 -0.306263 0.203224 -0.504311 0.187352 -0.870682 -0.454766 0.485866 
1532359310049 0.20275 0.715877 -0.668141 -0.506829 -0.962868 0.269956 -0.00294254 -0.245578 0.178262 0.643928 0.744029 0.433743 0.316221 -0.384861 0.867114 0.400793 -0.930002 -0.306262 0.203224 -0.504309 0.187352 -0.870681 -0.454768 0.485867 
1532359310055 0.202003 0.722063 -0.661679 -0.52687 -0.961675 0.274136 0.00556476 -0.241869 0.185408 0.635196 0.749766 0.4363 0.316221 -0.384862 0.867113 0.400795 -0.930002 -0.306262 0.203223 -0.504309 0.187351 -0.870681 -0.454769 0.485868 
1532359311222 0.201321 0.728183 -0.655148 -0.546907 -0.960414 0.278219 0.0141087 -0.238159 0.192549 0.626373 0.755369 0.438858 0.316221 -0.384862 0.867113 0.400796 -0.930002 -0.306262 0.203223 -0.50431 0.187351 -0.870681 -0.454769 0.485869 
1532359312092 0.200704 0.734233 -0.648552 -0.566882 -0.959085 0.282206 0.0226856 -0.23443 0.199682 0.617464 0.760832 0.441433 0.316222 -0.384863 0.867112 0.400801 -0.930002 -0.306262 0.203224 -0.504317 0.18735 -0.87068 -0.45477 0.485871 
1532359313006 0.200157 0.740173 -0.641936 -0.585786 -0.957692 0.286091 0.0312607 -0.23048 0.20679 0.60852 0.766121 0.444199 0.316238 -0.384878 0.8671 0.400844 -0.930001 -0.306253 0.203243 -0.504402 0.187328 -0.870677 -0.454786 0.48592 
1532359313949 0.200098 0.740175 -0.641952 -0.585759 -0.957716 0.286013 0.0312519 -0.230474 0.206738 0.608554 0.766108 0.444187 0.316238 -0.384878 0.8671 0.400844 -0.930001 -0.306253 0.203243 -0.504402 0.187328 -0.870677 -0.454786 0.48592 
1532359314124 0.200052 0.740775 -0.641274 -0.587883 -0.95757 0.286405 0.03212 -0.230128 0.207458 0.607639 0.766639 0.444422 0.316221 -0.384863 0.867113 0.400799 -0.930002 -0.306262 0.203223 -0.504312 0.187351 -0.87068 -0.45477 0.485869 
1532359314486 0.200007 0.741373 -0.640596 -0.590007 -0.957423 0.286796 0.0329883 -0.229781 0.208177 0.606724 0.767169 0.444657 0.31622 -0.384863 0.867113 0.400795 -0.930002 -0.306262 0.203222 -0.504305 0.187352 -0.87068 -0.454769 0.485867 
1532359314843 0.199962 0.741971 -0.639918 -0.592131 -0.957276 0.287187 0.0338566 -0.229435 0.208897 0.605808 0.767697 0.444892 0.316221 -0.384863 0.867113 0.400795 -0.930002 -0.306262 0.203223 -0.504304 0.187351 -0.87068 -0.45477 0.485867 
1532359315191 0.199918 0.742568 -0.639239 -0.594255 -0.957128 0.287576 0.0347257 -0.229088 0.209616 0.604891 0.768224 0.445127 0.31622 -0.384863 0.867113 0.400795 -0.930002 -0.306262 0.203222 -0.504304 0.187351 -0.87068 -0.454769 0.485867 
1532359315550 0.199875 0.743164 -0.638559 -0.596378 -0.956979 0.287965 0.0355945 -0.228741 0.210335 0.603973 0.768749 0.445362 0.31622 -0.384863 0.867113 0.400795 -0.930002 -0.306262 0.203222 -0.504304 0.187352 -0.87068 -0.454769 0.485867 
1532359316000 0.199833 0.743759 -0.637879 -0.598502 -0.95683 0.288353 0.0364638 -0.228395 0.211055 0.603055 0.769273 0.445597 0.31622 -0.384863 0.867113 0.400795 -0.930002 -0.306262 0.203222 -0.504304 0.187352 -0.87068 -0.454769 0.485867 
1532359316353 0.19979 0.744354 -0.637198 -0.600626 -0.95668 0.288739 0.0373337 -0.228048 0.211774 0.602136 0.769795 0.445833 0.31622 -0.384863 0.867113 0.400795 -0.930002 -0.306262 0.203222 -0.504304 0.187352 -0.87068 -0.454769 0.485867 
1532359316758 0.19975 0.744947 -0.636517 -0.602742 -0.956529 0.289125 0.0382031 -0.227699 0.212493 0.601216 0.770316 0.44607 0.31622 -0.384863 0.867113 0.400795 -0.930002 -0.306262 0.203222 -0.504304 0.187352 -0.87068 -0.454769 0.485867 
1532359317122 0.199709 0.745535 -0.635841 -0.604748 -0.956377 0.289509 0.0390698 -0.227329 0.21321 0.600301 0.770831 0.446327 0.31622 -0.384863 0.867113 0.400795 -0.930002 -0.306262 0.203222 -0.504304 0.187352 -0.87068 -0.454769 0.485867 
1532359317479 0.199637 0.745504 -0.6359 -0.604736 -0.956414 0.289395 0.039014 -0.22731 0.213111 0.600396 0.770784 0.446276 0.31622 -0.384863 0.867113 0.400795 -0.930002 -0.306262 0.203222 -0.504304 0.187352 -0.87068 -0.454769 0.485867 
1532359317492 0.199641 0.745566 -0.635826 -0.604962 -0.956395 0.289446 0.0391074 -0.22728 0.213194 0.600294 0.770841 0.446302 0.31622 -0.384863 0.867113 0.400795 -0.930002 -0.306262 0.203222 -0.504304 0.187352 -0.87068 -0.454769 0.485867 
1532359317681 0.199644 0.745629 -0.635751 -0.605188 -0.956376 0.289495 0.0392 -0.22725 0.213276 0.600191 0.770898 0.446328 0.31622 -0.384863 0.867113 0.400795 -0.930002 -0.306262 0.203222 -0.504304 0.187352 -0.87068 -0.454769 0.485867 
1532359317873 0.199647 0.745692 -0.635676 -0.605414 -0.956357 0.289545 0.0392927 -0.227219 0.213357 0.600089 0.770955 0.446355 0.31622 -0.384863 0.867113 0.400795 -0.930002 -0.306262 0.203222 -0.504304 0.187352 -0.87068 -0.454769 0.485867 
1532359318067 0.199651 0.745755 -0.635602 -0.60564 -0.956339 0.289595 0.0393853 -0.227189 0.213439 0.599987 0.771012 0.446381 0.31622 -0.384863 0.867113 0.400795 -0.930002 -0.306262 0.203222 -0.504304 0.187352 -0.87068 -0.454769 0.485867 
1532359318267 0.199653 0.745818 -0.635527 -0.605866 -0.95632 0.289645 0.0394788 -0.227159 0.213521 0.599885 0.771069 0.446407 0.31622 -0.384863 0.867113 0.400795 -0.930002 -0.306262 0.203222 -0.504304 0.187352 -0.87068 -0.454769 0.485867 
1532359318483 0.199657 0.745881 -0.635452 -0.606092 -0.956301 0.289694 0.0395715 -0.227129 0.213602 0.599782 0.771126 0.446433 0.31622 -0.384863 0.867113 0.400795 -0.930002 -0.306262 0.203222 -0.504304 0.187352 -0.87068 -0.454769 0.485867 
1532359318687 0.19966 0.745944 -0.635377 -0.606319 -0.956282 0.289744 0.0396643 -0.227099 0.213684 0.59968 0.771183 0.446459 0.31622 -0.384863 0.867113 0.400795 -0.930002 -0.306262 0.203222 -0.504304 0.187352 -0.87068 -0.454769 0.485867 
1532359318883 0.199663 0.746007 -0.635302 -0.606544 -0.956263 0.289794 0.0397569 -0.227068 0.213766 0.599578 0.77124 0.446486 0.31622 -0.384863 0.867113 0.400795 -0.930002 -0.306262 0.203222 -0.504304 0.187352 -0.87068 -0.454769 0.485867 
1532359319055 0.199666 0.746069 -0.635228 -0.606757 -0.956244 0.289843 0.0398497 -0.227035 0.213847 0.599476 0.771296 0.446514 0.31622 -0.384863 0.867113 0.400795 -0.930002 -0.306262 0.203222 -0.504304 0.187352 -0.87068 -0.454769 0.485867 
1532359319262 0.199613 0.746103 -0.635205 -0.606754 -0.956229 0.289875 0.0399876 -0.22703 0.213965 0.599419 0.771308 0.44657 0.31622 -0.384863 0.867113 0.400795 -0.930002 -0.306262 0.203222 -0.504304 0.187352 -0.87068 -0.454769 0.485867 
1532359319275 0.199494 0.746011 -0.63535 -0.606791 -0.956245 0.289815 0.0400404 -0.227039 0.214004 0.599562 0.771185 0.446599 0.31622 -0.384863 0.867113 0.400795 -0.930002 -0.306262 0.203222 -0.504304 0.187352 -0.87068 -0.454769 0.485867 
1532359319519 0.199375 0.745919 -0.635495 -0.606829 -0.956261 0.289754 0.0400925 -0.227047 0.214043 0.599706 0.771063 0.446629 0.31622 -0.384863 0.867113 0.400795 -0.930002 -0.306262 0.203222 -0.504304 0.187352 -0.87068 -0.454769 0.485867 
1532359319655 0.199255 0.745827 -0.63564 -0.606866 -0.956277 0.289693 0.0401447 -0.227056 0.214081 0.59985 0.770941 0.446658 0.31622 -0.384863 0.867113 0.400795 -0.930002 -0.306262 0.203222 -0.504304 0.187352 -0.87068 -0.454769 0.485867 
1532359319801 0.199136 0.745736 -0.635786 -0.606904 -0.956294 0.289632 0.0401968 -0.227064 0.21412 0.599993 0.770818 0.446688 0.31622 -0.384863 0.867113 0.400795 -0.930002 -0.306262 0.203222 -0.504304 0.187352 -0.87068 -0.454769 0.485867 
1532359320073 0.199016 0.745644 -0.635931 -0.606941 -0.95631 0.289571 0.040249 -0.227073 0.214159 0.600137 0.770696 0.446717 0.31622 -0.384863 0.867113 0.400795 -0.930002 -0.306262 0.203222 -0.504304 0.187352 -0.87068 -0.454769 0.485867 
1532359320220 0.198896 0.745551 -0.636076 -0.606978 -0.956326 0.28951 0.0403014 -0.227082 0.214197 0.600281 0.770573 0.446746 0.31622 -0.384863 0.867113 0.400795 -0.930002 -0.306262 0.203222 -0.504304 0.187352 -0.87068 -0.454769 0.485867 
1532359320492 0.198777 0.74546 -0.636222 -0.607016 -0.956342 0.289449 0.0403536 -0.22709 0.214236 0.600424 0.77045 0.446776 0.31622 -0.384863 0.867113 0.400795 -0.930002 -0.306262 0.203222 -0.504304 0.187352 -0.87068 -0.454769 0.485867 
1532359320660 0.198657 0.745367 -0.636367 -0.607053 -0.956359 0.289388 0.0404059 -0.227099 0.214274 0.600568 0.770328 0.446805 0.31622 -0.384863 0.867113 0.400795 -0.930002 -0.306262 0.203222 -0.504304 0.187352 -0.87068 -0.454769 0.485867 
1532359320783 0.198538 0.745276 -0.636511 -0.607089 -0.956375 0.289327 0.0404578 -0.227107 0.214312 0.600711 0.770206 0.446833 0.31622 -0.384863 0.867113 0.400795 -0.930002 -0.306262 0.203222 -0.504304 0.187352 -0.87068 -0.454769 0.485867 
1532359320929 0.198567 0.745314 -0.636458 -0.60709 -0.95639 0.289288 0.0403847 -0.22709 0.214219 0.600683 0.770254 0.446846 0.31622 -0.384863 0.867113 0.400795 -0.930002 -0.306262 0.203222 -0.504304 0.187352 -0.87068 -0.454769 0.485867 
1532359320942 0.198537 0.745299 -0.636484 -0.607094 -0.956397 0.289262 0.0403891 -0.227095 0.214213 0.600713 0.770232 0.446847 0.31622 -0.384863 0.867113 0.400795 -0.930002 -0.306262 0.203222 -0.504304 0.187352 -0.87068 -0.454769 0.485867 
1532359320959 0.198505 0.745284 -0.636512 -0.607099 -0.956405 0.289236 0.0403938 -0.2271 0.214207 0.600745 0.770208 0.446849 0.31622 -0.384863 0.867113 0.400795 -0.930002 -0.306262 0.203222 -0.504304 0.187352 -0.87068 -0.454769 0.485867 
1532359320976 0.198474 0.745269 -0.636539 -0.607103 -0.956413 0.289209 0.0403983 -0.227106 0.214201 0.600776 0.770186 0.44685 0.31622 -0.384863 0.867113 0.400795 -0.930002 -0.306262 0.203222 -0.504304 0.187352 -0.87068 -0.454769 0.485867 
1532359320992 0.198444 0.745254 -0.636567 -0.607107 -0.956421 0.289183 0.0404027 -0.227111 0.214195 0.600808 0.770163 0.446852 0.31622 -0.384863 0.867113 0.400795 -0.930002 -0.306262 0.203222 -0.504304 0.187352 -0.87068 -0.454769 0.485867 
1532359321009 0.198413 0.745239 -0.636594 -0.607112 -0.956429 0.289157 0.0404072 -0.227116 0.214188 0.600839 0.77014 0.446853 0.31622 -0.384863 0.867113 0.400795 -0.930002 -0.306262 0.203222 -0.504304 0.187352 -0.87068 -0.454769 0.485867 
1532359321111 0.198382 0.745223 -0.636621 -0.607116 -0.956436 0.28913 0.0404117 -0.227121 0.214182 0.600871 0.770117 0.446855 0.31622 -0.384863 0.867113 0.400795 -0.930002 -0.306262 0.203222 -0.504304 0.187352 -0.87068 -0.454769 0.485867 
1532359321290 0.198351 0.745208 -0.636649 -0.607121 -0.956444 0.289104 0.0404161 -0.227126 0.214176 0.600902 0.770094 0.446856 0.31622 -0.384863 0.867113 0.400795 -0.930002 -0.306262 0.203222 -0.504304 0.187352 -0.87068 -0.454769 0.485867 
1532359321371 0.19832 0.745193 -0.636676 -0.607125 -0.956452 0.289078 0.0404206 -0.227131 0.21417 0.600934 0.770071 0.446858 0.31622 -0.384863 0.867113 0.400795 -0.930002 -0.306262 0.203222 -0.504304 0.187352 -0.87068 -0.454769 0.485867 
1532359321521 0.19829 0.745178 -0.636703 -0.607129 -0.95646 0.289051 0.040425 -0.227136 0.214164 0.600965 0.770049 0.446859 0.31622 -0.384863 0.867113 0.400795 -0.930002 -0.306262 0.203222 -0.504304 0.187352 -0.87068 -0.454769 0.485867 
1532359321626 0.198352 0.745298 -0.636544 -0.607136 -0.956452 0.289076 0.0404265 -0.227112 0.214139 0.600805 0.77018 0.446925 0.31622 -0.384863 0.867113 0.400795 -0.930002 -0.306262 0.203222 -0.504304 0.187352 -0.87068 -0.454769 0.485867 
1532359321639 0.198358 0.745283 -0.636559 -0.607135 -0.956445 0.289097 0.0404372 -0.227112 0.214164 0.600813 0.770168 0.446918 0.31622 -0.384863 0.867113 0.400795 -0.930002 -0.306262 0.203222 -0.504304 0.187352 -0.87068 -0.454769 0.485867 
1532359321656 0.198363 0.74527 -0.636573 -0.607133 -0.956439 0.289117 0.0404482 -0.227113 0.214189 0.60082 0.770155 0.446911 0.31622 -0.384863 0.867113 0.400795 -0.930002 -0.306262 0.203222 -0.504304 0.187352 -0.87068 -0.454769 0.485867 
1532359321672 0.198368 0.745256 -0.636587 -0.607132 -0.956432 0.289138 0.0404591 -0.227113 0.214214 0.600827 0.770143 0.446905 0.31622 -0.384863 0.867113 0.400795 -0.930002 -0.306262 0.203222 -0.504304 0.187352 -0.87068 -0.454769 0.485867 
1532359321689 0.198374 0.745243 -0.636602 -0.607131 -0.956426 0.289158 0.0404701 -0.227113 0.214238 0.600834 0.77013 0.446898 0.31622 -0.384863 0.867113 0.400795 -0.930002 -0.306262 0.203222 -0.504304 0.187352 -0.87068 -0.454769 0.485867 
1532359321706 0.198379 0.745229 -0.636616 -0.607129 -0.956419 0.289179 0.0404815 -0.227114 0.214264 0.600841 0.770118 0.446891 0.31622 -0.384863 0.867113 0.400795 -0.930002 -0.306262 0.203222 -0.504304 0.187352 -0.87068 -0.454769 0.485867 
1532359321723 0.198384 0.745215 -0.63663 -0.607128 -0.956412 0.2892 0.0404926 -0.227114 0.214289 0.600848 0.770105 0.446884 0.31622 -0.384863 0.867113 0.400795 -0.930002 -0.306262 0.203222 -0.504304 0.187352 -0.87068 -0.454769 0.485867 
1532359321899 0.19839 0.745201 -0.636645 -0.607126 -0.956405 0.28922 0.0405036 -0.227114 0.214314 0.600855 0.770093 0.446878 0.31622 -0.384863 0.867113 0.400795 -0.930002 -0.306262 0.203222 -0.504304 0.187352 -0.87068 -0.454769 0.485867 
1532359321905 0.198395 0.745188 -0.636659 -0.607125 -0.956399 0.289241 0.0405147 -0.227115 0.214339 0.600862 0.77008 0.446871 0.31622 -0.384863 0.867113 0.400795 -0.930002 -0.306262 0.203222 -0.504304 0.187352 -0.87068 -0.454769 0.485867 
1532359322025 0.1984 0.745174 -0.636673 -0.607124 -0.956392 0.289261 0.0405257 -0.227115 0.214364 0.600869 0.770068 0.446864 0.31622 -0.384863 0.867113 0.400795 -0.930002 -0.306262 0.203222 -0.504304 0.187352 -0.87068 -0.454769 0.485867 
1532359322045 0.198439 0.745237 -0.636587 -0.607137 -0.956412 0.289209 0.0404333 -0.227122 0.214239 0.600816 0.770144 0.446927 0.31622 -0.384863 0.867113 0.400795 -0.930002 -0.306262 0.203222 -0.504304 0.187352 -0.87068 -0.454769 0.485867 
1532359322058 0.198462 0.74524 -0.636577 -0.607133 -0.956408 0.289224 0.0404194 -0.227118 0.214236 0.600806 0.770153 0.446916 0.31622 -0.384863 0.867113 0.400795 -0.930002 -0.306262 0.203222 -0.504304 0.187352 -0.87068 -0.454769 0.485867 
1532359322075 0.198486 0.745242 -0.636567 -0.607129 -0.956404 0.28924 0.0404057 -0.227113 0.214233 0.600795 0.770162 0.446906 0.31622 -0.384863 0.867113 0.400795 -0.930002 -0.306262 0.203222 -0.504304 0.187352 -0.87068 -0.454769 0.485867 
1532359322092 0.19851 0.745245 -0.636556 -0.607125 -0.956399 0.289256 0.0403921 -0.227109 0.214229 0.600784 0.770172 0.446895 0.31622 -0.384863 0.867113 0.400795 -0.930002 -0.306262 0.203222 -0.504304 0.187352 -0.87068 -0.454769 0.485867 
1532359322345 0.198533 0.745248 -0.636546 -0.607121 -0.956395 0.289271 0.0403786 -0.227104 0.214226 0.600773 0.770181 0.446884 0.31622 -0.384863 0.867113 0.400795 -0.930002 -0.306262 0.203222 -0.504304 0.187352 -0.87068 -0.454769 0.485867 
1532359322544 0.198556 0.74525 -0.636536 -0.607117 -0.956391 0.289287 0.040365 -0.2271 0.214223 0.600762 0.77019 0.446874 0.31622 -0.384863 0.867113 0.400795 -0.930002 -0.306262 0.203222 -0.504304 0.187352 -0.87068 -0.454769 0.485867 
1532359322623 0.198579 0.745253 -0.636525 -0.607113 -0.956387 0.289303 0.0403515 -0.227095 0.21422 0.600751 0.7702 0.446863 0.31622 -0.384863 0.867113 0.400795 -0.930002 -0.306262 0.203222 -0.504304 0.187352 -0.87068 -0.454769 0.485867 
1532359322730 0.198603 0.745255 -0.636515 -0.607109 -0.956383 0.289318 0.040338 -0.227091 0.214217 0.600741 0.770209 0.446852 0.31622 -0.384863 0.867113 0.400795 -0.930002 -0.306262 0.203222 -0.504304 0.187352 -0.87068 -0.454769 0.485867 
1532359322952 0.198626 0.745258 -0.636505 -0.607105 -0.956378 0.289334 0.0403244 -0.227086 0.214214 0.60073 0.770218 0.446841 0.31622 -0.384863 0.867113 0.400795 -0.930002 -0.306262 0.203222 -0.504304 0.187352 -0.87068 -0.454769 0.485867 
1532359323105 0.198649 0.745261 -0.636494 -0.607101 -0.956374 0.28935 0.0403109 -0.227082 0.214211 0.600719 0.770227 0.446831 0.31622 -0.384863 0.867113 0.400795 -0.930002 -0.306262 0.203222 -0.504304 0.187352 -0.87068 -0.454769 0.485867 
1532359323300 0.198657 0.745333 -0.636408 -0.607081 -0.956345 0.289428 0.0404385 -0.227129 0.214334 0.600592 0.770292 0.446895 0.31622 -0.384863 0.867113 0.400795 -0.930002 -0.306262 0.203222 -0.504304 0.187352 -0.87068 -0.454769 0.485867 
1532359323313 0.198661 0.745327 -0.636413 -0.607083 -0.956346 0.289428 0.0404297 -0.227123 0.214329 0.600599 0.770288 0.446888 0.31622 -0.384863 0.867113 0.400795 -0.930002 -0.306262 0.203222 -0.504304 0.187352 -0.87068 -0.454769 0.485867 
1532359323330 0.198665 0.745322 -0.636418 -0.607085 -0.956346 0.289428 0.0404207 -0.227118 0.214323 0.600606 0.770284 0.446881 0.31622 -0.384863 0.867113 0.400795 -0.930002 -0.306262 0.203222 -0.504304 0.187352 -0.87068 -0.454769 0.485867 
1532359323347 0.198668 0.745316 -0.636424 -0.607086 -0.956347 0.289427 0.0404117 -0.227112 0.214318 0.600613 0.77028 0.446873 0.31622 -0.384863 0.867113 0.400795 -0.930002 -0.306262 0.203222 -0.504304 0.187352 -0.87068 -0.454769 0.485867 
1532359323363 0.198672 0.74531 -0.636429 -0.607088 -0.956347 0.289427 0.0404028 -0.227106 0.214313 0.60062 0.770276 0.446866 0.31622 -0.384863 0.867113 0.400795 -0.930002 -0.306262 0.203222 -0.504304 0.187352 -0.87068 -0.454769 0.485867 
1532359323380 0.198677 0.745304 -0.636435 -0.60709 -0.956347 0.289428 0.0403932 -0.227101 0.214307 0.600627 0.770272 0.446859 0.31622 -0.384863 0.867113 0.400795 -0.930002 -0.306262 0.203222 -0.504304 0.187352 -0.87068 -0.454769 0.485867 
1532359323397 0.198681 0.745299 -0.63644 -0.607092 -0.956348 0.289427 0.0403841 -0.227095 0.214301 0.600635 0.770268 0.446852 0.31622 -0.384863 0.867113 0.400795 -0.930002 -0.306262 0.203222 -0.504304 0.187352 -0.87068 -0.454769 0.485867 
1532359323413 0.198685 0.745293 -0.636446 -0.607094 -0.956348 0.289427 0.040375 -0.227089 0.214296 0.600642 0.770264 0.446845 0.31622 -0.384863 0.867113 0.400795 -0.930002 -0.306262 0.203222 -0.504304 0.187352 -0.87068 -0.454769 0.485867 
1532359323430 0.198689 0.745287 -0.636451 -0.607095 -0.956348 0.289427 0.0403659 -0.227084 0.214291 0.600649 0.77026 0.446838 0.31622 -0.384863 0.867113 0.400795 -0.930002 -0.306262 0.203222 -0.504304 0.187352 -0.87068 -0.454769 0.485867 
1532359323515 0.198692 0.745281 -0.636457 -0.607097 -0.956349 0.289427 0.0403569 -0.227078 0.214285 0.600656 0.770256 0.44683 0.31622 -0.384863 0.867113 0.400795 -0.930002 -0.306262 0.203222 -0.504304 0.187352 -0.87068 -0.454769 0.485867 
1532359323565 0.198695 0.74536 -0.636364 -0.607074 -0.956334 0.289465 0.040444 -0.227131 0.21435 0.600541 0.770328 0.446897 0.31622 -0.384863 0.867113 0.400795 -0.930002 -0.306262 0.203222 -0.504304 0.187352 -0.87068 -0.454769 0.485867 
1532359323578 0.198696 0.745349 -0.636376 -0.607077 -0.956334 0.289467 0.0404386 -0.227125 0.21435 0.600552 0.770319 0.446891 0.31622 -0.384863 0.867113 0.400795 -0.930002 -0.306262 0.203222 -0.504304 0.187352 -0.87068 -0.454769 0.485867 
1532359323595 0.198697 0.74534 -0.636387 -0.60708 -0.956333 0.289468 0.0404338 -0.227118 0.214351 0.600564 0.770309 0.446884 0.31622 -0.384863 0.867113 0.400795 -0.930002 -0.306262 0.203222 -0.504304 0.187352 -0.87068 -0.454769 0.485867 
1532359323611 0.198698 0.74533 -0.636398 -0.607082 -0.956333 0.28947 0.0404291 -0.227112 0.214351 0.600575 0.7703 0.446878 0.31622 -0.384863 0.867113 0.400795 -0.930002 -0.306262 0.203222 -0.504304 0.187352 -0.87068 -0.454769 0.485867 
1532359323628 0.198699 0.74532 -0.63641 -0.607085 -0.956333 0.289472 0.0404243 -0.227105 0.214352 0.600587 0.770291 0.446871 0.31622 -0.384863 0.867113 0.400795 -0.930002 -0.306262 0.203222 -0.504304 0.187352 -0.87068 -0.454769 0.485867 
1532359323645 0.1987 0.74531 -0.636421 -0.607088 -0.956332 0.289474 0.0404196 -0.227099 0.214352 0.600599 0.770282 0.446865 0.31622 -0.384863 0.867113 0.400795 -0.930002 -0.306262 0.203222 -0.504304 0.187352 -0.87068 -0.454769 0.485867 
1532359323651 0.198702 0.745299 -0.636432 -0.607091 -0.956332 0.289476 0.0404142 -0.227093 0.214353 0.60061 0.770273 0.446859 0.31622 -0.384863 0.867113 0.400795 -0.930002 -0.306262 0.203222 -0.504304 0.187352 -0.87068 -0.454769 0.485867 
1532359323665 0.198704 0.745289 -0.636444 -0.607094 -0.956331 0.289478 0.0404093 -0.227086 0.214353 0.600622 0.770264 0.446852 0.31622 -0.384863 0.867113 0.400795 -0.930002 -0.306262 0.203222 -0.504304 0.187352 -0.87068 -0.454769 0.485867 
1532359323681 0.198705 0.745279 -0.636455 -0.607096 -0.956331 0.28948 0.0404045 -0.22708 0.214354 0.600633 0.770255 0.446846 0.31622 -0.384863 0.867113 0.400795 -0.930002 -0.306262 0.203222 -0.504304 0.187352 -0.87068 -0.454769 0.485867 
1532359323688 0.198706 0.745269 -0.636467 -0.607099 -0.956331 0.289482 0.0403997 -0.227074 0.214354 0.600645 0.770246 0.44684 0.31622 -0.384863 0.867113 0.400795 -0.930002 -0.306262 0.203222 -0.504304 0.187352 -0.87068 -0.454769 0.485867 
1532359323825 0.198747 0.745371 -0.636335 -0.607069 -0.956315 0.289525 0.0404484 -0.227133 0.214384 0.600498 0.770352 0.446899 0.31622 -0.384863 0.867113 0.400795 -0.930002 -0.306262 0.203222 -0.504304 0.187352 -0.87068 -0.454769 0.485867 
1532359323837 0.198726 0.745345 -0.636371 -0.607074 -0.956322 0.289504 0.0404404 -0.227128 0.214374 0.600539 0.770322 0.446896 0.31622 -0.384863 0.867113 0.400795 -0.930002 -0.306262 0.203222 -0.504304 0.187352 -0.87068 -0.454769 0.485867 
1532359323854 0.198704 0.745319 -0.636409 -0.607078 -0.956329 0.289483 0.0404314 -0.227124 0.214364 0.600582 0.770291 0.446893 0.31622 -0.384863 0.867113 0.400795 -0.930002 -0.306262 0.203222 -0.504304 0.187352 -0.87068 -0.454769 0.485867 
1532359323871 0.198683 0.745293 -0.636446 -0.607083 -0.956335 0.289462 0.0404226 -0.227119 0.214354 0.600625 0.770261 0.44689 0.31622 -0.384863 0.867113 0.400795 -0.930002 -0.306262 0.203222 -0.504304 0.187352 -0.87068 -0.454769 0.485867 
1532359323992 0.198661 0.745267 -0.636484 -0.607088 -0.956342 0.289441 0.0404138 -0.227115 0.214344 0.600668 0.770231 0.446887 0.31622 -0.384863 0.867113 0.400795 -0.930002 -0.306262 0.203222 -0.504304 0.187352 -0.87068 -0.454769 0.485867 
1532359324008 0.19864 0.74524 -0.636521 -0.607092 -0.956349 0.289421 0.0404049 -0.22711 0.214334 0.60071 0.7702 0.446884 0.31622 -0.384863 0.867113 0.400795 -0.930002 -0.306262 0.203222 -0.504304 0.187352 -0.87068 -0.454769 0.485867 
1532359324105 0.198619 0.745214 -0.636558 -0.607097 -0.956356 0.2894 0.0403961 -0.227105 0.214324 0.600753 0.77017 0.446881 0.31622 -0.384863 0.867113 0.400795 -0.930002 -0.306262 0.203222 -0.504304 0.187352 -0.87068 -0.454769 0.485867 
1532359324200 0.198597 0.745188 -0.636596 -0.607102 -0.956362 0.289379 0.0403873 -0.227101 0.214313 0.600795 0.77014 0.446878 0.31622 -0.384863 0.867113 0.400795 -0.930002 -0.306262 0.203222 -0.504304 0.187352 -0.87068 -0.454769 0.485867 
1532359324422 0.198576 0.745162 -0.636633 -0.607107 -0.956369 0.289358 0.0403785 -0.227096 0.214303 0.600838 0.770109 0.446875 0.31622 -0.384863 0.867113 0.400795 -0.930002 -0.306262 0.203222 -0.504304 0.187352 -0.87068 -0.454769 0.485867 
1532359324634 0.198555 0.745136 -0.63667 -0.607111 -0.956376 0.289337 0.0403698 -0.227092 0.214293 0.60088 0.770079 0.446872 0.31622 -0.384863 0.867113 0.400795 -0.930002 -0.306262 0.203222 -0.504304 0.187352 -0.87068 -0.454769 0.485867 
1532359324778 0.198669 0.74512 -0.636653 -0.607106 -0.956322 0.289509 0.0404111 -0.227139 0.214428 0.600816 0.770091 0.446864 0.31622 -0.384863 0.867113 0.400795 -0.930002 -0.306262 0.203222 -0.504304 0.187352 -0.87068 -0.454769 0.485867 
1532359324791 0.198654 0.745118 -0.63666 -0.607107 -0.956328 0.28949 0.0404069 -0.227134 0.214415 0.600829 0.770085 0.446865 0.31622 -0.384863 0.867113 0.400795 -0.930002 -0.306262 0.203222 -0.504304 0.187352 -0.87068 -0.454769 0.485867 
1532359324808 0.19864 0.745115 -0.636668 -0.607108 -0.956334 0.28947 0.0404016 -0.227129 0.2144 0.600842 0.770079 0.446865 0.31622 -0.384863 0.867113 0.400795 -0.930002 -0.306262 0.203222 -0.504304 0.187352 -0.87068 -0.454769 0.485867 
1532359324825 0.198626 0.745112 -0.636676 -0.607109 -0.95634 0.28945 0.0403963 -0.227125 0.214386 0.600855 0.770073 0.446866 0.31622 -0.384863 0.867113 0.400795 -0.930002 -0.306262 0.203222 -0.504304 0.187352 -0.87068 -0.454769 0.485867 
1532359324831 0.198611 0.745109 -0.636683 -0.60711 -0.956346 0.289431 0.040391 -0.22712 0.214371 0.600868 0.770067 0.446867 0.31622 -0.384863 0.867113 0.400795 -0.930002 -0.306262 0.203222 -0.504304 0.187352 -0.87068 -0.454769 0.485867 
1532359324845 0.198597 0.745106 -0.636692 -0.607111 -0.956353 0.28941 0.0403853 -0.227115 0.214357 0.600881 0.77006 0.446867 0.31622 -0.384863 0.867113 0.400795 -0.930002 -0.306262 0.203222 -0.504304 0.187352 -0.87068 -0.454769 0.485867 
1532359324861 0.198582 0.745103 -0.636699 -0.607111 -0.956359 0.289391 0.0403799 -0.22711 0.214342 0.600894 0.770054 0.446868 0.31622 -0.384863 0.867113 0.400795 -0.930002 -0.306262 0.203222 -0.504304 0.187352 -0.87068 -0.454769 0.485867 
1532359324868 0.198568 0.745101 -0.636707 -0.607112 -0.956365 0.289371 0.0403745 -0.227105 0.214328 0.600907 0.770048 0.446869 0.31622 -0.384863 0.867113 0.400795 -0.930002 -0.306262 0.203222 -0.504304 0.187352 -0.87068 -0.454769 0.485867 
1532359324882 0.198554 0.745098 -0.636715 -0.607113 -0.956371 0.289351 0.0403692 -0.227101 0.214313 0.60092 0.770042 0.446869 0.31622 -0.384863 0.867113 0.400795 -0.930002 -0.306262 0.203222 -0.504304 0.187352 -0.87068 -0.454769 0.485867 
1532359324898 0.198539 0.745095 -0.636723 -0.607114 -0.956378 0.289331 0.0403638 -0.227096 0.214299 0.600933 0.770036 0.44687 0.31622 -0.384863 0.867113 0.400795 -0.930002 -0.306262 0.203222 -0.504304 0.187352 -0.87068 -0.454769 0.485867 
1532359324922 0.198666 0.745109 -0.636667 -0.607107 -0.956322 0.289509 0.04041 -0.22714 0.214431 0.600831 0.770079 0.446862 0.31622 -0.384863 0.867113 0.400795 -0.930002 -0.306262 0.203222 -0.504304 0.187352 -0.87068 -0.454769 0.485867 
1532359324935 0.198647 0.745102 -0.636681 -0.607112 -0.95633 0.289484 0.0404023 -0.227136 0.214413 0.600851 0.770068 0.446864 0.31622 -0.384863 0.867113 0.400795 -0.930002 -0.306262 0.203222 -0.504304 0.187352 -0.87068 -0.454769 0.485867 
1532359324952 0.198627 0.745095 -0.636696 -0.607118 -0.956338 0.289459 0.0403951 -0.227132 0.214395 0.600872 0.770056 0.446866 0.31622 -0.384863 0.867113 0.400795 -0.930002 -0.306262 0.203222 -0.504304 0.187352 -0.87068 -0.454769 0.485867 
1532359324968 0.198607 0.745087 -0.636711 -0.607123 -0.956346 0.289433 0.0403876 -0.227127 0.214377 0.600895 0.770044 0.446868 0.31622 -0.384863 0.867113 0.400795 -0.930002 -0.306262 0.203222 -0.504304 0.187352 -0.87068 -0.454769 0.485867 
1532359324985 0.198587 0.745079 -0.636726 -0.607129 -0.956354 0.289407 0.0403802 -0.227123 0.214359 0.600916 0.770032 0.44687 0.31622 -0.384863 0.867113 0.400795 -0.930002 -0.306262 0.203222 -0.504304 0.187352 -0.87068 -0.454769 0.485867 
1532359325002 0.198568 0.745072 -0.636741 -0.607134 -0.956362 0.289381 0.0403729 -0.227119 0.214341 0.600938 0.77002 0.446872 0.31622 -0.384863 0.867113 0.400795 -0.930002 -0.306262 0.203222 -0.504304 0.187352 -0.87068 -0.454769 0.485867 
1532359325092 0.198548 0.745064 -0.636756 -0.60714 -0.95637 0.289355 0.0403656 -0.227115 0.214324 0.60096 0.770008 0.446874 0.31622 -0.384863 0.867113 0.400795 -0.930002 -0.306262 0.203222 -0.504304 0.187352 -0.87068 -0.454769 0.485867 
1532359325201 0.198528 0.745057 -0.63677 -0.607145 -0.956378 0.28933 0.0403583 -0.227111 0.214306 0.600981 0.769997 0.446876 0.31622 -0.384863 0.867113 0.400795 -0.930002 -0.306262 0.203222 -0.504304 0.187352 -0.87068 -0.454769 0.485867 
1532359325292 0.198508 0.74505 -0.636785 -0.607151 -0.956386 0.289304 0.040351 -0.227106 0.214288 0.601003 0.769985 0.446878 0.31622 -0.384863 0.867113 0.400795 -0.930002 -0.306262 0.203222 -0.504304 0.187352 -0.87068 -0.454769 0.485867 
1532359325325 0.198489 0.745042 -0.6368 -0.607156 -0.956395 0.289278 0.0403438 -0.227102 0.21427 0.601024 0.769973 0.44688 0.31622 -0.384863 0.867113 0.400795 -0.930002 -0.306262 0.203222 -0.504304 0.187352 -0.87068 -0.454769 0.485867 
1532359350655 0.198582 0.744998 -0.636823 -0.607128 -0.956343 0.289444 0.0403911 -0.227142 0.214415 0.601 0.769952 0.446847 0.31622 -0.384863 0.867113 0.400795 -0.930002 -0.306262 0.203222 -0.504304 0.187352 -0.87068 -0.454769 0.485867 
1532359350667 0.198411 0.744955 -0.636926 -0.607168 -0.956389 0.289285 0.0404222 -0.227159 0.214366 0.601129 0.769865 0.446864 0.31622 -0.384863 0.867113 0.400795 -0.930002 -0.306262 0.203222 -0.504304 0.187352 -0.87068 -0.454769 0.485867 
1532359350991 0.19824 0.744912 -0.63703 -0.607208 -0.956436 0.289127 0.0404532 -0.227176 0.214316 0.601258 0.769777 0.446882 0.31622 -0.384863 0.867113 0.400795 -0.930002 -0.306262 0.203222 -0.504304 0.187352 -0.87068 -0.454769 0.485867 
1532359351269 0.19807 0.744869 -0.637133 -0.607248 -0.956482 0.288969 0.0404842 -0.227193 0.214267 0.601388 0.76969 0.446899 0.31622 -0.384863 0.867113 0.400795 -0.930002 -0.306262 0.203222 -0.504304 0.187352 -0.87068 -0.454769 0.485867 
1532359351386 0.197899 0.744825 -0.637237 -0.607288 -0.956528 0.288811 0.0405153 -0.22721 0.214218 0.601517 0.769602 0.446916 0.31622 -0.384863 0.867113 0.400795 -0.930002 -0.306262 0.203222 -0.504304 0.187352 -0.87068 -0.454769 0.485867 
1532359351556 0.197727 0.744782 -0.637341 -0.607328 -0.956575 0.288652 0.0405468 -0.227227 0.214169 0.601647 0.769514 0.446933 0.31622 -0.384863 0.867113 0.400795 -0.930002 -0.306262 0.203222 -0.504304 0.187352 -0.87068 -0.454769 0.485867 
1532359351706 0.197556 0.744739 -0.637445 -0.607368 -0.956621 0.288494 0.040578 -0.227245 0.214119 0.601777 0.769427 0.446951 0.31622 -0.384863 0.867113 0.400795 -0.930002 -0.306262 0.203222 -0.504304 0.187352 -0.87068 -0.454769 0.485867 
1532359351826 0.197386 0.744695 -0.637549 -0.607408 -0.956668 0.288336 0.0406092 -0.227262 0.21407 0.601906 0.769339 0.446968 0.31622 -0.384863 0.867113 0.400795 -0.930002 -0.306262 0.203222 -0.504304 0.187352 -0.87068 -0.454769 0.485867 
1532359351966 0.197215 0.744652 -0.637652 -0.607448 -0.956714 0.288178 0.0406404 -0.227279 0.214021 0.602036 0.769252 0.446985 0.31622 -0.384863 0.867113 0.400795 -0.930002 -0.306262 0.203222 -0.504304 0.187352 -0.87068 -0.454769 0.485867 
1532359352133 0.197044 0.744608 -0.637756 -0.607486 -0.95676 0.288021 0.0406713 -0.227295 0.213971 0.602165 0.769164 0.447002 0.31622 -0.384863 0.867113 0.400795 -0.930002 -0.306262 0.203222 -0.504304 0.187352 -0.87068 -0.454769 0.485867 
1532359352293 0.196951 0.744638 -0.63775 -0.607465 -0.95678 0.287945 0.0407316 -0.227271 0.213967 0.602164 0.769166 0.446984 0.31622 -0.384863 0.867113 0.400795 -0.930002 -0.306262 0.203222 -0.504304 0.187352 -0.87068 -0.454769 0.485867 
1532359352307 0.196943 0.74463 -0.637761 -0.607471 -0.956783 0.287938 0.0407282 -0.227275 0.213963 0.602178 0.769157 0.446988 0.31622 -0.384863 0.867113 0.400795 -0.930002 -0.306262 0.203222 -0.504304 0.187352 -0.87068 -0.454769 0.485867 
1532359352323 0.196936 0.744623 -0.637772 -0.607477 -0.956785 0.287929 0.0407256 -0.227279 0.213958 0.602191 0.769148 0.446991 0.31622 -0.384863 0.867113 0.400795 -0.930002 -0.306262 0.203222 -0.504304 0.187352 -0.87068 -0.454769 0.485867 
1532359352340 0.196928 0.744616 -0.637783 -0.607484 -0.956788 0.287921 0.0407229 -0.227284 0.213954 0.602204 0.769139 0.446995 0.31622 -0.384863 0.867113 0.400795 -0.930002 -0.306262 0.203222 -0.504304 0.187352 -0.87068 -0.454769 0.485867 
1532359352357 0.196919 0.744608 -0.637795 -0.60749 -0.956791 0.287912 0.0407203 -0.227288 0.213949 0.602217 0.769129 0.446998 0.31622 -0.384863 0.867113 0.400795 -0.930002 -0.306262 0.203222 -0.504304 0.187352 -0.87068 -0.454769 0.485867 
1532359352373 0.196911 0.7446 -0.637806 -0.607496 -0.956793 0.287904 0.0407177 -0.227292 0.213945 0.602231 0.76912 0.447002 0.31622 -0.384863 0.867113 0.400795 -0.930002 -0.306262 0.203222 -0.504304 0.187352 -0.87068 -0.454769 0.485867 
1532359352390 0.196903 0.744593 -0.637817 -0.607503 -0.956796 0.287895 0.040715 -0.227296 0.213941 0.602244 0.769111 0.447006 0.31622 -0.384863 0.867113 0.400795 -0.930002 -0.306262 0.203222 -0.504304 0.187352 -0.87068 -0.454769 0.485867 
1532359352512 0.196895 0.744586 -0.637828 -0.607509 -0.956799 0.287887 0.0407124 -0.2273 0.213936 0.602257 0.769102 0.447009 0.31622 -0.384863 0.867113 0.400795 -0.930002 -0.306262 0.203222 -0.504304 0.187352 -0.87068 -0.454769 0.485867 
1532359352591 0.196887 0.744578 -0.637839 -0.607515 -0.956801 0.287878 0.0407098 -0.227305 0.213932 0.60227 0.769093 0.447013 0.31622 -0.384863 0.867113 0.400795 -0.930002 -0.306262 0.203222 -0.504304 0.187352 -0.87068 -0.454769 0.485867 
1532359352705 0.196879 0.744571 -0.63785 -0.607521 -0.956804 0.28787 0.0407071 -0.227309 0.213927 0.602283 0.769084 0.447016 0.31622 -0.384863 0.867113 0.400795 -0.930002 -0.306262 0.203222 -0.504304 0.187352 -0.87068 -0.454769 0.485867 
1532359352820 0.196822 0.74458 -0.637857 -0.607506 -0.956796 0.28788 0.0408102 -0.227283 0.214013 0.602267 0.769073 0.447001 0.31622 -0.384863 0.867113 0.400795 -0.930002 -0.306262 0.203222 -0.504304 0.187352 -0.87068 -0.454769 0.485867 
1532359352833 0.196826 0.744573 -0.637865 -0.607543 -0.956797 0.28788 0.0407997 -0.227286 0.214007 0.602277 0.769067 0.447004 0.31622 -0.384863 0.867113 0.400795 -0.930002 -0.306262 0.203222 -0.504304 0.187352 -0.87068 -0.454769 0.485867 
1532359352945 0.19683 0.744565 -0.637872 -0.607579 -0.956798 0.287879 0.0407885 -0.227289 0.213999 0.602286 0.769061 0.447007 0.31622 -0.384863 0.867113 0.400795 -0.930002 -0.306262 0.203222 -0.504304 0.187352 -0.87068 -0.454769 0.485867 
1532359353098 0.196834 0.744558 -0.63788 -0.607616 -0.956799 0.287877 0.0407773 -0.227292 0.213992 0.602296 0.769056 0.44701 0.31622 -0.384863 0.867113 0.400795 -0.930002 -0.306262 0.203222 -0.504304 0.187352 -0.87068 -0.454769 0.485867 
1532359353104 0.196837 0.74455 -0.637887 -0.607652 -0.9568 0.287876 0.040766 -0.227295 0.213985 0.602306 0.76905 0.447013 0.31622 -0.384863 0.867113 0.400795 -0.930002 -0.306262 0.203222 -0.504304 0.187352 -0.87068 -0.454769 0.485867 
1532359353252 0.196841 0.744542 -0.637895 -0.607689 -0.956801 0.287874 0.0407546 -0.227298 0.213977 0.602316 0.769044 0.447016 0.31622 -0.384863 0.867113 0.400795 -0.930002 -0.306262 0.203222 -0.504304 0.187352 -0.87068 -0.454769 0.485867 
1532359353259 0.196845 0.744535 -0.637903 -0.607726 -0.956801 0.287873 0.0407433 -0.227301 0.21397 0.602326 0.769038 0.44702 0.31622 -0.384863 0.867113 0.400795 -0.930002 -0.306262 0.203222 -0.504304 0.187352 -0.87068 -0.454769 0.485867 
1532359353478 0.196848 0.744527 -0.63791 -0.607763 -0.956802 0.287872 0.040732 -0.227304 0.213962 0.602336 0.769033 0.447023 0.31622 -0.384863 0.867113 0.400795 -0.930002 -0.306262 0.203222 -0.504304 0.187352 -0.87068 -0.454769 0.485867 
1532359353484 0.196852 0.74452 -0.637918 -0.607799 -0.956803 0.28787 0.0407207 -0.227307 0.213955 0.602346 0.769027 0.447026 0.31622 -0.384863 0.867113 0.400795 -0.930002 -0.306262 0.203222 -0.504304 0.187352 -0.87068 -0.454769 0.485867 
1532359353597 0.196856 0.744512 -0.637926 -0.607834 -0.956804 0.287869 0.0407094 -0.227309 0.213948 0.602356 0.769021 0.447029 0.31622 -0.384863 0.867113 0.400795 -0.930002 -0.306262 0.203222 -0.504304 0.187352 -0.87068 -0.454769 0.485867 
1532359353647 0.196824 0.744486 -0.637966 -0.60781 -0.956795 0.28789 0.04077 -0.227304 0.214017 0.602378 0.768984 0.447031 0.31622 -0.384863 0.867113 0.400795 -0.930002 -0.306262 0.203222 -0.504304 0.187352 -0.87068 -0.454769 0.485867 
1532359353661 0.196817 0.744486 -0.637968 -0.607858 -0.956796 0.287887 0.0407768 -0.227303 0.214021 0.60238 0.768982 0.447031 0.31622 -0.384863 0.867113 0.400795 -0.930002 -0.306262 0.203222 -0.504304 0.187352 -0.87068 -0.454769 0.485867 
1532359353677 0.196813 0.744486 -0.63797 -0.607909 -0.956796 0.287886 0.0407802 -0.227304 0.214023 0.602381 0.768981 0.447031 0.31622 -0.384863 0.867113 0.400795 -0.930002 -0.306262 0.203222 -0.504304 0.187352 -0.87068 -0.454769 0.485867 
1532359353845 0.19681 0.744485 -0.637972 -0.607959 -0.956796 0.287884 0.0407836 -0.227305 0.214025 0.602383 0.768979 0.447032 0.31622 -0.384863 0.867113 0.400795 -0.930002 -0.306262 0.203222 -0.504304 0.187352 -0.87068 -0.454769 0.485867 
1532359353852 0.196806 0.744484 -0.637974 -0.60801 -0.956797 0.287883 0.0407869 -0.227306 0.214027 0.602384 0.768977 0.447032 0.31622 -0.384863 0.867113 0.400795 -0.930002 -0.306262 0.203222 -0.504304 0.187352 -0.87068 -0.454769 0.485867 
1532359354035 0.196801 0.744484 -0.637976 -0.60806 -0.956797 0.287881 0.0407912 -0.227307 0.214029 0.602385 0.768975 0.447033 0.31622 -0.384863 0.867113 0.400795 -0.930002 -0.306262 0.203222 -0.504304 0.187352 -0.87068 -0.454769 0.485867 
1532359354166 0.196798 0.744483 -0.637978 -0.608111 -0.956797 0.287879 0.0407947 -0.227309 0.214032 0.602387 0.768974 0.447033 0.31622 -0.384863 0.867113 0.400795 -0.930002 -0.306262 0.203222 -0.504304 0.187352 -0.87068 -0.454769 0.485867 
1532359354306 0.196794 0.744483 -0.637979 -0.608161 -0.956798 0.287878 0.040798 -0.22731 0.214034 0.602388 0.768972 0.447034 0.31622 -0.384863 0.867113 0.400795 -0.930002 -0.306262 0.203222 -0.504304 0.187352 -0.87068 -0.454769 0.485867 
1532359354312 0.19679 0.744482 -0.637981 -0.608212 -0.956798 0.287877 0.0408015 -0.227311 0.214036 0.60239 0.76897 0.447034 0.31622 -0.384863 0.867113 0.400795 -0.930002 -0.306262 0.203222 -0.504304 0.187352 -0.87068 -0.454769 0.485867 
1532359354492 0.196786 0.744481 -0.637983 -0.608259 -0.956798 0.287875 0.0408048 -0.227311 0.214038 0.602392 0.768968 0.447035 0.31622 -0.384863 0.867113 0.400795 -0.930002 -0.306262 0.203222 -0.504304 0.187352 -0.87068 -0.454769 0.485867 
1532359354605 0.196808 0.744431 -0.638035 -0.608227 -0.956795 0.287891 0.0407669 -0.227333 0.214033 0.602446 0.768927 0.446981 0.31622 -0.384863 0.867113 0.400795 -0.930002 -0.306262 0.203222 -0.504304 0.187352 -0.87068 -0.454769 0.485867 
1532359354618 0.196799 0.744431 -0.638038 -0.608288 -0.956795 0.28789 0.0407786 -0.22733 0.214042 0.602446 0.768924 0.446988 0.31622 -0.384863 0.867113 0.400795 -0.930002 -0.306262 0.203222 -0.504304 0.187352 -0.87068 -0.454769 0.485867 
1532359354738 0.19679 0.744431 -0.63804 -0.60835 -0.956794 0.28789 0.0407912 -0.227327 0.214051 0.602446 0.768922 0.446995 0.31622 -0.384863 0.867113 0.400795 -0.930002 -0.306262 0.203222 -0.504304 0.187352 -0.87068 -0.454769 0.485867 
1532359354885 0.196781 0.744432 -0.638043 -0.608411 -0.956794 0.287889 0.0408037 -0.227325 0.214061 0.602446 0.768919 0.447001 0.31622 -0.384863 0.867113 0.400795 -0.930002 -0.306262 0.203222 -0.504304 0.187352 -0.87068 -0.454769 0.485867 
1532359355001 0.196772 0.744432 -0.638046 -0.608473 -0.956794 0.287888 0.0408169 -0.227322 0.214071 0.602447 0.768916 0.447008 0.31622 -0.384863 0.867113 0.400795 -0.930002 -0.306262 0.203222 -0.504304 0.187352 -0.87068 -0.454769 0.485867 
1532359355103 0.196763 0.744432 -0.638048 -0.608534 -0.956793 0.287888 0.0408296 -0.227319 0.214081 0.602447 0.768913 0.447015 0.31622 -0.384863 0.867113 0.400795 -0.930002 -0.306262 0.203222 -0.504304 0.187352 -0.87068 -0.454769 0.485867 
1532359355190 0.196754 0.744432 -0.638051 -0.608596 -0.956793 0.287887 0.0408423 -0.227316 0.214091 0.602447 0.76891 0.447022 0.31622 -0.384863 0.867113 0.400795 -0.930002 -0.306262 0.203222 -0.504304 0.187352 -0.87068 -0.454769 0.485867 
