1533679776146 -0.160777 0.962193 -0.219853 -0.456452 -0.977302 -0.124065 0.171722 -0.272075 0.137954 0.242472 0.9603 0.467716 0.16008 -0.304787 0.938871 0.370831 -0.775623 0.549475 0.310623 -0.528794 -0.61056 -0.777934 -0.14844 0.432481 
1533679776160 -0.16353 0.923494 -0.347012 -0.482814 -0.975303 -0.098402 0.197739 -0.269244 0.148464 0.370778 0.916778 0.470418 0.31622 -0.384863 0.867113 0.400795 -0.930002 -0.306262 0.203222 -0.504304 0.187351 -0.87068 -0.454769 0.485867 
1533679777568 -0.167671 0.867848 -0.467681 -0.50917 -0.973027 -0.0694382 0.219993 -0.266409 0.158445 0.491953 0.856082 0.473109 0.31622 -0.384863 0.867113 0.400795 -0.930002 -0.306262 0.203222 -0.504304 0.187351 -0.87068 -0.454769 0.485867 
1533679779056 -0.173114 0.796301 -0.5796 -0.535508 -0.970519 -0.0377162 0.238055 -0.263549 0.167703 0.603723 0.779355 0.475778 0.31622 -0.384863 0.867113 0.400797 -0.930002 -0.306262 0.203222 -0.504307 0.187351 -0.87068 -0.45477 0.485868 
1533679780414 -0.179773 0.71019 -0.68067 -0.56186 -0.96782 -0.00383343 0.251613 -0.260706 0.176084 0.704 0.688025 0.478466 0.31622 -0.384863 0.867113 0.400795 -0.930002 -0.306262 0.203222 -0.504304 0.187351 -0.87068 -0.454769 0.485867 
1533679781701 -0.187519 0.611129 -0.768998 -0.588212 -0.964983 0.0315761 0.260403 -0.257865 0.183422 0.790901 0.583809 0.481154 0.31622 -0.384863 0.867113 0.400795 -0.930002 -0.306262 0.203222 -0.504304 0.187351 -0.87068 -0.454769 0.485867 
1533679781707 -0.196203 0.500976 -0.842928 -0.614564 -0.962062 0.0678494 0.264258 -0.255022 0.189579 0.862797 0.468658 0.483843 0.31622 -0.384863 0.867113 0.400795 -0.930002 -0.306262 0.203222 -0.504304 0.187351 -0.87068 -0.454769 0.485867 
