1535147286269 0.257665 0.923184 -0.285201 -0.586996 -0.931477 0.315785 0.180641 -0.223929 0.256827 0.219114 0.941291 0.394038 0.22722 -0.129841 0.965149 0.306489 -0.973616 -0.0517002 0.222258 -0.504884 0.0210403 -0.990186 -0.138162 0.445337 
1535147286285 0.252904 0.923042 -0.289884 -0.5919 -0.932264 0.312615 0.182085 -0.226141 0.258694 0.224199 0.939581 0.392695 0.216808 -0.1234 0.968384 0.313852 -0.976187 -0.0347907 0.214121 -0.502157 0.00726814 -0.991747 -0.128005 0.443763 
1535147286291 0.248129 0.922861 -0.294551 -0.596808 -0.933034 0.309447 0.183546 -0.228354 0.260536 0.229283 0.937844 0.391351 0.206466 -0.116772 0.971461 0.321214 -0.978431 -0.0179286 0.205792 -0.499425 -0.00661378 -0.992997 -0.117955 0.442188 
1535147287025 0.243341 0.922639 -0.299202 -0.601717 -0.933787 0.306282 0.185023 -0.230569 0.26235 0.234367 0.936079 0.390006 0.196199 -0.109958 0.974379 0.328576 -0.980348 -0.00112041 0.197274 -0.496692 -0.0206001 -0.993936 -0.108017 0.440613 
1535147287253 0.238541 0.922378 -0.303839 -0.606626 -0.934521 0.303121 0.186516 -0.232783 0.264138 0.239452 0.934288 0.388662 0.186011 -0.102961 0.977138 0.335938 -0.981935 0.015627 0.188571 -0.49396 -0.0346852 -0.994563 -0.0981944 0.439038 
1535147287567 0.233727 0.922076 -0.30846 -0.611534 -0.935237 0.299963 0.188025 -0.234996 0.2659 0.244537 0.932469 0.387318 0.175907 -0.0957841 0.979736 0.3433 -0.983193 0.0323068 0.179686 -0.491228 -0.0488632 -0.994878 -0.0884914 0.437463 
1535147288224 0.228902 0.921734 -0.313065 -0.616442 -0.935936 0.296808 0.189549 -0.23721 0.267634 0.249621 0.930624 0.385974 0.165889 -0.08843 0.982171 0.350662 -0.984122 0.0489122 0.170623 -0.488496 -0.0631284 -0.994881 -0.0789118 0.435888 
1535147288323 0.224064 0.921353 -0.317654 -0.621351 -0.936617 0.293657 0.191088 -0.239424 0.269341 0.254704 0.928753 0.384629 0.155964 -0.0809016 0.984444 0.358024 -0.98472 0.0654366 0.161385 -0.485764 -0.077475 -0.994572 -0.0694597 0.434313 
1535147289105 0.219214 0.920931 -0.322227 -0.626258 -0.93728 0.29051 0.192643 -0.241638 0.271021 0.259787 0.926854 0.383285 0.146134 -0.0732021 0.986553 0.365386 -0.984987 0.0818729 0.151977 -0.483033 -0.091897 -0.993951 -0.0601387 0.432738 
1535147289113 0.214352 0.92047 -0.326784 -0.631167 -0.937924 0.287366 0.194213 -0.243852 0.272674 0.264869 0.924929 0.381941 0.136404 -0.0653346 0.988497 0.372748 -0.984924 0.0982149 0.142402 -0.480301 -0.106389 -0.993018 -0.0509528 0.431163 
1535147290467 0.215369 0.920469 -0.326119 -0.630798 -0.937822 0.288052 0.193688 -0.244064 0.272223 0.264127 0.925274 0.382217 0.13608 -0.0647709 0.988578 0.37222 -0.984999 0.098028 0.14201 -0.48074 -0.106107 -0.993074 -0.0504596 0.431431 
1535147290478 0.214663 0.920264 -0.327162 -0.630995 -0.937837 0.287753 0.19406 -0.244191 0.272728 0.265167 0.924827 0.382223 0.135152 -0.0640276 0.988754 0.37301 -0.984966 0.099678 0.141088 -0.480429 -0.107591 -0.992958 -0.0495934 0.431247 
1535147290486 0.213957 0.920057 -0.328204 -0.631195 -0.937852 0.287453 0.194432 -0.244319 0.273232 0.266206 0.92438 0.382228 0.134221 -0.0632829 0.988929 0.373799 -0.98493 0.101328 0.140163 -0.480111 -0.109076 -0.992838 -0.0487289 0.431062 
1535147290502 0.21325 0.919849 -0.329245 -0.631394 -0.937866 0.287155 0.194804 -0.244447 0.273735 0.267245 0.923931 0.382233 0.133292 -0.0625366 0.989102 0.374588 -0.984891 0.102977 0.139235 -0.479794 -0.110562 -0.992716 -0.0478658 0.430878 
1535147290719 0.212543 0.91964 -0.330285 -0.631593 -0.93788 0.286856 0.195177 -0.244575 0.274237 0.268285 0.923481 0.382238 0.132363 -0.0617888 0.989274 0.375377 -0.984848 0.104625 0.138306 -0.479477 -0.112049 -0.99259 -0.047004 0.430694 
1535147290807 0.211835 0.919429 -0.331325 -0.631793 -0.937894 0.286558 0.19555 -0.244704 0.274738 0.269323 0.92303 0.382243 0.131436 -0.0610394 0.989444 0.376166 -0.984802 0.106272 0.137375 -0.479158 -0.113536 -0.992462 -0.0461437 0.430509 
1535147290812 0.211127 0.919217 -0.332364 -0.631992 -0.937907 0.28626 0.195923 -0.244831 0.275238 0.270362 0.922577 0.382249 0.13051 -0.0602883 0.989612 0.376955 -0.984752 0.107918 0.136443 -0.478842 -0.115023 -0.99233 -0.0452847 0.430325 
1535147291004 0.210417 0.919003 -0.333402 -0.632191 -0.93792 0.285962 0.196296 -0.24496 0.275737 0.271401 0.922123 0.382254 0.129584 -0.0595358 0.98978 0.377744 -0.984699 0.109564 0.135509 -0.478524 -0.116511 -0.992195 -0.0444272 0.430141 
1535147291010 0.209708 0.918789 -0.33444 -0.63239 -0.937932 0.285665 0.19667 -0.245088 0.276236 0.272439 0.921667 0.382259 0.12866 -0.0587815 0.989945 0.378533 -0.984643 0.111208 0.134574 -0.478207 -0.118 -0.992057 -0.0435709 0.429956 
1535147291209 0.208997 0.918572 -0.335477 -0.63259 -0.937944 0.285368 0.197044 -0.245216 0.276733 0.273477 0.92121 0.382264 0.127736 -0.0580258 0.990109 0.379322 -0.984584 0.112851 0.133637 -0.477888 -0.119489 -0.991916 -0.0427162 0.429772 
1535147291359 0.209645 0.918763 -0.334549 -0.632424 -0.937914 0.285661 0.196759 -0.245055 0.276343 0.272529 0.921609 0.38225 0.130384 -0.0601744 0.989636 0.376549 -0.984825 0.107453 0.136284 -0.479119 -0.11454 -0.992388 -0.0452511 0.430486 
1535147291376 0.208837 0.918632 -0.335414 -0.632724 -0.937984 0.285201 0.197096 -0.245211 0.276719 0.273452 0.921222 0.382261 0.130069 -0.0598534 0.989697 0.376931 -0.984974 0.106576 0.135894 -0.479004 -0.113612 -0.992501 -0.0450918 0.430392 
1535147291391 0.208028 0.918499 -0.336279 -0.633029 -0.938053 0.284741 0.197434 -0.24537 0.277095 0.274376 0.920835 0.382271 0.129751 -0.0595324 0.989758 0.377312 -0.985123 0.1057 0.135501 -0.478887 -0.112684 -0.992614 -0.044932 0.430298 
1535147291591 0.207218 0.918366 -0.337143 -0.633335 -0.938121 0.28428 0.197772 -0.245529 0.27747 0.275299 0.920446 0.38228 0.129432 -0.0592118 0.989819 0.377693 -0.98527 0.104824 0.135108 -0.47877 -0.111757 -0.992727 -0.044772 0.430204 
1535147291743 0.206408 0.918231 -0.338006 -0.63364 -0.938189 0.28382 0.198111 -0.245687 0.277845 0.276222 0.920057 0.38229 0.129114 -0.0588914 0.989879 0.378075 -0.985417 0.103947 0.134716 -0.478653 -0.110829 -0.992838 -0.0446115 0.43011 
1535147291755 0.205598 0.918094 -0.338869 -0.633943 -0.938256 0.283361 0.19845 -0.245845 0.278218 0.277145 0.919666 0.3823 0.128796 -0.0585712 0.98994 0.378456 -0.985562 0.10307 0.134325 -0.478536 -0.109901 -0.992948 -0.0444505 0.430015 
1535147291933 0.204787 0.917957 -0.339731 -0.634249 -0.938323 0.282901 0.19879 -0.246004 0.278591 0.278067 0.919274 0.38231 0.128476 -0.0582514 0.99 0.378838 -0.985707 0.102193 0.133932 -0.47842 -0.108973 -0.993058 -0.0442893 0.429921 
1535147292150 0.203976 0.917819 -0.340592 -0.634553 -0.938389 0.282442 0.19913 -0.246163 0.278963 0.27899 0.918882 0.38232 0.128158 -0.0579317 0.99006 0.379219 -0.985851 0.101316 0.133541 -0.478303 -0.108045 -0.993166 -0.0441276 0.429827 
1535147292158 0.203164 0.917679 -0.341453 -0.634859 -0.938455 0.281983 0.199471 -0.246322 0.279334 0.279913 0.918489 0.382329 0.127838 -0.0576125 0.99012 0.3796 -0.985994 0.100439 0.133149 -0.478186 -0.107117 -0.993274 -0.0439657 0.429733 
1535147292396 0.202352 0.917538 -0.342313 -0.635163 -0.93852 0.281524 0.199812 -0.24648 0.279704 0.280836 0.918094 0.382339 0.127518 -0.0572934 0.99018 0.379982 -0.986135 0.0995608 0.132758 -0.478069 -0.106189 -0.993381 -0.0438032 0.429639 
1535147292578 0.202816 0.917668 -0.341688 -0.634946 -0.938477 0.281762 0.199675 -0.246316 0.27951 0.280169 0.918357 0.38235 0.127749 -0.0575994 0.990133 0.379639 -0.985997 0.100518 0.133063 -0.478202 -0.10719 -0.993267 -0.0439518 0.429667 
1535147292593 0.202337 0.91784 -0.341512 -0.635093 -0.938562 0.281297 0.199934 -0.246473 0.279573 0.280076 0.918366 0.38235 0.127488 -0.0577282 0.990159 0.379678 -0.986079 0.100069 0.132797 -0.478164 -0.10675 -0.993304 -0.044167 0.429656 
1535147292606 0.201859 0.91801 -0.341336 -0.635246 -0.938646 0.280833 0.200192 -0.246632 0.279637 0.279983 0.918375 0.382349 0.127226 -0.0578563 0.990185 0.379716 -0.98616 0.0996194 0.132529 -0.478124 -0.106309 -0.993342 -0.0443814 0.429645 
1535147292625 0.201381 0.918181 -0.341159 -0.635399 -0.93873 0.280368 0.200451 -0.246792 0.2797 0.279889 0.918384 0.382348 0.126963 -0.0579845 0.990211 0.379754 -0.986241 0.0991704 0.132261 -0.478084 -0.105869 -0.99338 -0.0445958 0.429634 
1535147292641 0.200903 0.918351 -0.340983 -0.635552 -0.938813 0.279903 0.20071 -0.246951 0.279764 0.279796 0.918393 0.382346 0.1267 -0.0581129 0.990237 0.379792 -0.986322 0.0987214 0.131993 -0.478044 -0.105428 -0.993417 -0.0448101 0.429623 
1535147292730 0.200425 0.918521 -0.340807 -0.635704 -0.938896 0.279438 0.200968 -0.24711 0.279828 0.279703 0.918402 0.382345 0.126438 -0.0582412 0.990263 0.379831 -0.986403 0.0982721 0.131725 -0.478004 -0.104987 -0.993454 -0.0450239 0.429611 
1535147292762 0.199947 0.918691 -0.34063 -0.635857 -0.938979 0.278973 0.201226 -0.247269 0.279891 0.27961 0.918411 0.382344 0.126176 -0.0583698 0.990289 0.379869 -0.986484 0.097823 0.131457 -0.477964 -0.104546 -0.993491 -0.0452379 0.4296 
1535147292814 0.199469 0.91886 -0.340454 -0.636009 -0.939062 0.278508 0.201484 -0.247428 0.279955 0.279517 0.91842 0.382343 0.125914 -0.0584984 0.990315 0.379907 -0.986564 0.0973739 0.131189 -0.477924 -0.104105 -0.993527 -0.0454517 0.429589 
1535147292820 0.19899 0.919029 -0.340277 -0.636162 -0.939145 0.278042 0.201743 -0.247588 0.280019 0.279424 0.918429 0.382342 0.125652 -0.0586272 0.990341 0.379946 -0.986644 0.0969248 0.13092 -0.477884 -0.103664 -0.993563 -0.0456654 0.429578 
1535147292977 0.198512 0.919198 -0.3401 -0.636314 -0.939227 0.277577 0.202001 -0.247747 0.280082 0.279331 0.918438 0.382341 0.12539 -0.0587561 0.990366 0.379984 -0.986723 0.0964757 0.130652 -0.477844 -0.103223 -0.9936 -0.0458789 0.429567 
1535147293085 0.200497 0.918501 -0.340817 -0.635663 -0.938918 0.27947 0.200821 -0.247252 0.279702 0.279736 0.918431 0.382358 0.125991 -0.058329 0.990315 0.379889 -0.986526 0.0976561 0.131261 -0.477983 -0.104367 -0.993509 -0.0452393 0.429598 
1535147293100 0.200394 0.918696 -0.340351 -0.635712 -0.939043 0.27917 0.200655 -0.247308 0.279357 0.279394 0.91864 0.382318 0.128761 -0.0595296 0.989887 0.379871 -0.986778 0.091397 0.133852 -0.47842 -0.098441 -0.994034 -0.0469741 0.429965 
1535147293322 0.200291 0.918892 -0.339883 -0.635763 -0.939168 0.278868 0.20049 -0.247365 0.279011 0.279051 0.918849 0.382277 0.131539 -0.0607122 0.98945 0.379855 -0.986984 0.0851316 0.136435 -0.478864 -0.0925167 -0.994518 -0.0487238 0.430331 
1535147293418 0.200188 0.919087 -0.339416 -0.635813 -0.939292 0.278568 0.200323 -0.247421 0.278665 0.278708 0.919058 0.382237 0.134325 -0.0618769 0.989004 0.379838 -0.987147 0.0788597 0.139006 -0.479311 -0.0865938 -0.994964 -0.0504888 0.430697 
1535147293603 0.200085 0.919282 -0.338948 -0.635863 -0.939417 0.278267 0.200157 -0.247477 0.278319 0.278365 0.919267 0.382196 0.137115 -0.063024 0.988548 0.379821 -0.987265 0.0725821 0.141564 -0.479753 -0.0806729 -0.995369 -0.0522693 0.431063 
1535147293619 0.199982 0.919477 -0.338482 -0.635913 -0.939541 0.277967 0.19999 -0.247534 0.277973 0.278023 0.919475 0.382156 0.139911 -0.064153 0.988084 0.379805 -0.987338 0.0662987 0.14411 -0.480198 -0.0747538 -0.995735 -0.0540648 0.431429 
1535147293784 0.199878 0.919671 -0.338014 -0.635964 -0.939666 0.277666 0.199824 -0.247591 0.277628 0.277679 0.919683 0.382115 0.142714 -0.0652641 0.98761 0.379789 -0.987367 0.0600099 0.146644 -0.480644 -0.0688369 -0.996062 -0.0558754 0.431795 
1535147293821 0.199775 0.919865 -0.337547 -0.636014 -0.93979 0.277366 0.199657 -0.247647 0.277282 0.277336 0.919891 0.382075 0.145521 -0.0663573 0.987127 0.379772 -0.987352 0.0537161 0.149165 -0.481087 -0.0629228 -0.996349 -0.0577012 0.432162 
1535147293904 0.19967 0.92006 -0.337078 -0.636064 -0.939914 0.277065 0.199491 -0.247703 0.276936 0.276992 0.920099 0.382034 0.148334 -0.0674324 0.986636 0.379755 -0.987293 0.0474176 0.151673 -0.481531 -0.0570116 -0.996596 -0.0595419 0.432528 
1535147293911 0.199566 0.920253 -0.336611 -0.636114 -0.940038 0.276766 0.199323 -0.24776 0.27659 0.276649 0.920306 0.381994 0.151153 -0.0684893 0.986135 0.379739 -0.987189 0.0411143 0.15417 -0.481977 -0.0511032 -0.996804 -0.0613974 0.432894 
1535147294665 0.199776 0.919873 -0.337526 -0.636056 -0.939798 0.277355 0.199634 -0.247689 0.277253 0.277324 0.919903 0.382057 0.150677 -0.0685971 0.9862 0.379609 -0.987226 0.0418114 0.153742 -0.48191 -0.0517806 -0.996768 -0.0614209 0.4328 
1535147294687 0.20023 0.919971 -0.336988 -0.636018 -0.939749 0.277613 0.199504 -0.247692 0.27709 0.276737 0.920129 0.382001 0.152059 -0.0680659 0.986025 0.379607 -0.987349 0.0349084 0.154673 -0.482128 -0.0449485 -0.99707 -0.0618966 0.432925 
1535147294799 0.200683 0.920071 -0.336447 -0.635979 -0.939701 0.277871 0.199374 -0.247695 0.276927 0.276149 0.920355 0.381944 0.15342 -0.067542 0.98585 0.379602 -0.987424 0.0280443 0.155586 -0.482335 -0.0381561 -0.997322 -0.0623901 0.433035 
1535147294850 0.201136 0.920169 -0.335907 -0.635941 -0.939652 0.278128 0.199244 -0.247697 0.276764 0.275561 0.92058 0.381888 0.154776 -0.0670087 0.985674 0.379597 -0.987452 0.0211795 0.156495 -0.482543 -0.0313626 -0.997528 -0.0628898 0.433145 
1535147294976 0.201588 0.920267 -0.335366 -0.635903 -0.939603 0.278386 0.199115 -0.2477 0.2766 0.274972 0.920806 0.381832 0.156129 -0.066466 0.985498 0.379592 -0.987431 0.0143141 0.157401 -0.482751 -0.0245683 -0.997686 -0.0633957 0.433255 
1535147295011 0.202041 0.920365 -0.334826 -0.635864 -0.939554 0.278644 0.198985 -0.247703 0.276436 0.274384 0.92103 0.381776 0.157478 -0.0659139 0.98532 0.379587 -0.987362 0.00744853 0.158303 -0.482959 -0.0177735 -0.997798 -0.0639079 0.433365 
1535147295022 0.202494 0.920462 -0.334285 -0.635826 -0.939505 0.278902 0.198856 -0.247706 0.276272 0.273796 0.921255 0.381719 0.158823 -0.0653525 0.985142 0.379582 -0.987246 0.00058323 0.159201 -0.483166 -0.0109787 -0.997862 -0.0644264 0.433474 
1535147295110 0.202946 0.920558 -0.333744 -0.635788 -0.939456 0.27916 0.198726 -0.247709 0.276107 0.273207 0.921479 0.381663 0.160164 -0.0647817 0.984962 0.379577 -0.987082 -0.00628176 0.160096 -0.483374 -0.00418397 -0.99788 -0.0649509 0.433584 
1535147295257 0.203398 0.920655 -0.333203 -0.635749 -0.939407 0.279417 0.198597 -0.247711 0.275942 0.272619 0.921702 0.381607 0.161501 -0.0642017 0.984782 0.379572 -0.986869 -0.0131458 0.160986 -0.483581 0.00261014 -0.99785 -0.0654817 0.433694 
1535147295300 0.20385 0.92075 -0.332661 -0.635711 -0.939357 0.279675 0.198468 -0.247714 0.275777 0.27203 0.921926 0.38155 0.162833 -0.0636125 0.984601 0.379567 -0.986609 -0.0200086 0.161873 -0.483788 0.00940342 -0.997774 -0.0660187 0.433804 
1535147295776 0.203279 0.920552 -0.33356 -0.635757 -0.939383 0.279432 0.198689 -0.247749 0.276111 0.272951 0.921553 0.381654 0.15872 -0.0655271 0.985147 0.379599 -0.987249 0.00172953 0.159174 -0.483011 -0.012134 -0.997849 -0.0644171 0.433451 
1535147295786 0.20392 0.920593 -0.333054 -0.635595 -0.939312 0.279854 0.19843 -0.247686 0.27588 0.272378 0.921792 0.381687 0.160034 -0.0664847 0.98487 0.379652 -0.987068 -0.00138378 0.160297 -0.483268 -0.00929449 -0.997786 -0.0658464 0.433647 
1535147295913 0.204561 0.920634 -0.332548 -0.635431 -0.93924 0.280278 0.19817 -0.247622 0.275648 0.271805 0.92203 0.381721 0.161352 -0.0674367 0.98459 0.379705 -0.986876 -0.00449886 0.161418 -0.483531 -0.00645596 -0.997713 -0.0672775 0.433843 
1535147296016 0.205203 0.920673 -0.332043 -0.635267 -0.939168 0.280703 0.197911 -0.247558 0.275417 0.271232 0.922268 0.381754 0.162672 -0.0683844 0.984308 0.379759 -0.986674 -0.00761494 0.162534 -0.483794 -0.00361932 -0.99763 -0.0687118 0.434039 
1535147296094 0.205845 0.920713 -0.331536 -0.635103 -0.939096 0.281127 0.197652 -0.247494 0.275184 0.270659 0.922506 0.381788 0.163995 -0.0693278 0.984022 0.379813 -0.986461 -0.0107321 0.163645 -0.484058 -0.000784524 -0.997536 -0.0701492 0.434235 
1535147296104 0.206486 0.920751 -0.331029 -0.634939 -0.939023 0.281551 0.197393 -0.247429 0.274952 0.270085 0.922743 0.381822 0.16532 -0.0702669 0.983734 0.379866 -0.986238 -0.0138502 0.164751 -0.484321 0.00204837 -0.997432 -0.0715896 0.434431 
1535147296318 0.207127 0.920789 -0.330523 -0.634776 -0.93895 0.281975 0.197135 -0.247365 0.274719 0.269513 0.92298 0.381855 0.166647 -0.0712019 0.983442 0.37992 -0.986005 -0.0169692 0.165853 -0.484584 0.00487918 -0.997318 -0.0730332 0.434627 
1535147296332 0.207768 0.920827 -0.330015 -0.634611 -0.938877 0.282399 0.196877 -0.247301 0.274485 0.268939 0.923217 0.381889 0.167977 -0.0721323 0.983148 0.379974 -0.985761 -0.0200892 0.16695 -0.484848 0.00770814 -0.997193 -0.0744797 0.434823 
1535147296339 0.208409 0.920864 -0.329508 -0.634448 -0.938803 0.282824 0.196618 -0.247237 0.274251 0.268366 0.923453 0.381922 0.169309 -0.0730586 0.982851 0.380027 -0.985507 -0.0232099 0.168042 -0.48511 0.0105349 -0.997058 -0.0759294 0.435019 
1535147296592 0.209049 0.9209 -0.329 -0.634284 -0.938729 0.283248 0.19636 -0.247173 0.274017 0.267793 0.923689 0.381956 0.170644 -0.0739806 0.982552 0.380081 -0.985242 -0.0263314 0.169129 -0.485373 0.0133597 -0.996912 -0.0773821 0.435215 
1535147296893 0.208468 0.920809 -0.329624 -0.634448 -0.938762 0.282932 0.196661 -0.247319 0.274349 0.268441 0.923403 0.381873 0.169052 -0.0729492 0.982904 0.379991 -0.985562 -0.0220204 0.167875 -0.484936 0.00939759 -0.997093 -0.0756186 0.43479 
1535147297025 0.208502 0.920747 -0.329775 -0.634128 -0.93878 0.282971 0.196521 -0.247204 0.274263 0.268612 0.923378 0.382023 0.165704 -0.0724977 0.983507 0.38 -0.986175 -0.0134174 0.165165 -0.484656 0.00122204 -0.997278 -0.0737187 0.434314 
1535147297117 0.208534 0.920686 -0.329927 -0.633806 -0.938797 0.283009 0.196381 -0.247088 0.274177 0.268782 0.923354 0.382174 0.162355 -0.0720182 0.984101 0.380008 -0.986708 -0.00481425 0.162433 -0.484369 -0.00696041 -0.997392 -0.0718425 0.433837 
1535147297181 0.208567 0.920624 -0.330078 -0.633483 -0.938815 0.283047 0.196241 -0.246972 0.274092 0.268952 0.92333 0.382325 0.159008 -0.0715096 0.984684 0.380015 -0.987161 0.003788 0.159683 -0.484081 -0.0151488 -0.997433 -0.0699891 0.433361 
1535147297447 0.2086 0.920562 -0.330229 -0.633161 -0.938833 0.283086 0.196101 -0.246857 0.274006 0.269123 0.923306 0.382475 0.155664 -0.0709715 0.985257 0.380023 -0.987534 0.0123882 0.156916 -0.483796 -0.0233422 -0.997401 -0.0681583 0.432884 
1535147297452 0.208632 0.920501 -0.33038 -0.632839 -0.93885 0.283124 0.195961 -0.24674 0.27392 0.269294 0.923281 0.382626 0.152323 -0.0704044 0.98582 0.380031 -0.987827 0.0209862 0.154132 -0.483509 -0.0315402 -0.997298 -0.0663507 0.432407 
1535147297692 0.208665 0.920439 -0.330531 -0.632516 -0.938868 0.283162 0.195821 -0.246624 0.273835 0.269464 0.923257 0.382777 0.148985 -0.0698082 0.986372 0.380039 -0.988041 0.0295811 0.15133 -0.483221 -0.0397421 -0.997122 -0.0645662 0.431931 
1535147297717 0.208698 0.920377 -0.330682 -0.632194 -0.938886 0.283201 0.19568 -0.246509 0.273749 0.269635 0.923233 0.382928 0.145651 -0.0691827 0.986914 0.380047 -0.988173 0.038172 0.148513 -0.482935 -0.047947 -0.996873 -0.0628048 0.431454 
1535147297850 0.20873 0.920316 -0.330833 -0.631872 -0.938904 0.283238 0.195541 -0.246393 0.273664 0.269805 0.923208 0.383078 0.142321 -0.0685284 0.987446 0.380054 -0.988226 0.0467584 0.145678 -0.482647 -0.0561545 -0.996553 -0.0610669 0.430978 
1535147298095 0.208763 0.920254 -0.330984 -0.63155 -0.938921 0.283277 0.195401 -0.246277 0.273578 0.269975 0.923184 0.383229 0.138995 -0.067845 0.987966 0.380062 -0.988199 0.0553395 0.142828 -0.482361 -0.0643637 -0.99616 -0.0593525 0.430501 
1535147298538 0.20884 0.920259 -0.33092 -0.631722 -0.938899 0.28334 0.195414 -0.246433 0.273595 0.269891 0.923204 0.383125 0.146113 -0.0690813 0.986853 0.380161 -0.988152 0.0371841 0.148908 -0.483042 -0.046982 -0.996918 -0.0628298 0.431604 
1535147298630 0.208796 0.920244 -0.330992 -0.631241 -0.938817 0.283404 0.195715 -0.246233 0.27391 0.269877 0.923114 0.383289 0.14865 -0.0726835 0.986215 0.380246 -0.987958 0.0323632 0.151298 -0.483431 -0.042914 -0.99683 -0.0669975 0.432256 
1535147298844 0.208752 0.920228 -0.331065 -0.630757 -0.938735 0.283469 0.196016 -0.246031 0.274226 0.269863 0.923024 0.383454 0.151197 -0.0762785 0.985556 0.380331 -0.987738 0.0275677 0.153665 -0.483825 -0.0388908 -0.996705 -0.0711751 0.432901 
1535147299031 0.208707 0.920212 -0.331136 -0.630272 -0.938652 0.283534 0.196317 -0.245828 0.274542 0.269849 0.922935 0.383618 0.153758 -0.0798598 0.984876 0.380417 -0.987493 0.0227628 0.156012 -0.484221 -0.0348777 -0.996546 -0.075361 0.433547 
1535147299038 0.208664 0.920196 -0.331209 -0.629789 -0.93857 0.283599 0.196618 -0.245627 0.274858 0.269835 0.922845 0.383783 0.156331 -0.0834276 0.984175 0.380503 -0.987222 0.0179494 0.158336 -0.484613 -0.030875 -0.996352 -0.0795555 0.434192 
1535147299056 0.208619 0.92018 -0.33128 -0.629305 -0.938487 0.283664 0.19692 -0.245424 0.275174 0.269821 0.922755 0.383947 0.158918 -0.0869813 0.983453 0.380589 -0.986926 0.013127 0.16064 -0.485007 -0.0268825 -0.996123 -0.083758 0.434837 
1535147299313 0.208575 0.920164 -0.331352 -0.62882 -0.938404 0.283729 0.19722 -0.245222 0.275489 0.269807 0.922664 0.384112 0.161519 -0.0905211 0.982709 0.380675 -0.986604 0.00829607 0.162923 -0.485402 -0.0229006 -0.99586 -0.0879685 0.435482 
1535147299609 0.208531 0.920148 -0.331424 -0.628336 -0.938321 0.283794 0.197522 -0.24502 0.275805 0.269793 0.922574 0.384277 0.164132 -0.0940468 0.981945 0.38076 -0.986257 0.00345695 0.165184 -0.485795 -0.0189295 -0.995562 -0.0921869 0.436127 
1535147299793 0.208487 0.920132 -0.331497 -0.627853 -0.938238 0.283859 0.197822 -0.244819 0.276121 0.26978 0.922484 0.384441 0.166758 -0.0975581 0.98116 0.380846 -0.985884 -0.0013903 0.167423 -0.486188 -0.0149693 -0.995229 -0.0964129 0.436772 
1535147299849 0.208443 0.920116 -0.331568 -0.627368 -0.938155 0.283924 0.198123 -0.244616 0.276437 0.269765 0.922393 0.384606 0.169398 -0.101055 0.980353 0.380932 -0.985486 -0.00624566 0.169641 -0.486583 -0.0110201 -0.994861 -0.100646 0.437418 
1535147300487 0.208297 0.92021 -0.3314 -0.627628 -0.938265 0.283676 0.197956 -0.244563 0.276171 0.269707 0.92249 0.384539 0.168931 -0.100777 0.980462 0.380871 -0.985554 -0.00506942 0.169287 -0.486502 -0.0120898 -0.994896 -0.100177 0.437115 
1535147300499 0.208232 0.920176 -0.331535 -0.627229 -0.9382 0.283721 0.1982 -0.24444 0.276443 0.269775 0.922389 0.384701 0.166237 -0.0978668 0.981217 0.380887 -0.985944 0.000385207 0.167076 -0.486282 -0.0167292 -0.995199 -0.0964272 0.436405 
1535147300506 0.208167 0.920142 -0.331671 -0.626828 -0.938134 0.283768 0.198443 -0.244317 0.276713 0.269842 0.922288 0.384863 0.163554 -0.0949419 0.981955 0.380903 -0.986303 0.00583413 0.164842 -0.486055 -0.0213792 -0.995466 -0.0926872 0.435694 
1535147300734 0.208102 0.920108 -0.331806 -0.626427 -0.938069 0.283814 0.198686 -0.244193 0.276984 0.26991 0.922187 0.385025 0.160883 -0.092001 0.982676 0.380918 -0.98663 0.0112762 0.162586 -0.485829 -0.0260389 -0.995695 -0.0889568 0.434984 
1535147300916 0.208038 0.920073 -0.331942 -0.626026 -0.938003 0.283861 0.198929 -0.244069 0.277254 0.269978 0.922086 0.385187 0.158225 -0.0890445 0.98338 0.380933 -0.986925 0.0167112 0.160309 -0.485603 -0.030708 -0.995887 -0.0852362 0.434273 
1535147300931 0.207973 0.920039 -0.332077 -0.625624 -0.937938 0.283908 0.199171 -0.243945 0.277525 0.270046 0.921984 0.385349 0.15558 -0.0860725 0.984066 0.380949 -0.987189 0.0221389 0.15801 -0.485375 -0.0353864 -0.996043 -0.0815254 0.433563 
1535147301102 0.207908 0.920005 -0.332212 -0.625223 -0.937872 0.283954 0.199415 -0.243821 0.277795 0.270113 0.921883 0.385511 0.152948 -0.0830848 0.984735 0.380964 -0.987421 0.0275589 0.155691 -0.48515 -0.0400737 -0.996161 -0.0778246 0.432853 
1535147301356 0.207843 0.919971 -0.332348 -0.624822 -0.937806 0.284001 0.199657 -0.243698 0.278066 0.270181 0.921782 0.385673 0.150329 -0.0800819 0.985387 0.380979 -0.987622 0.0329712 0.15335 -0.484923 -0.04477 -0.996243 -0.0741341 0.432142 
1535147301361 0.207778 0.919937 -0.332483 -0.624421 -0.937741 0.284047 0.1999 -0.243574 0.278336 0.270248 0.92168 0.385835 0.147724 -0.0770637 0.986022 0.380995 -0.98779 0.0383754 0.150988 -0.484697 -0.0494747 -0.996287 -0.0704538 0.431432 
1535147301445 0.207713 0.919902 -0.332619 -0.624019 -0.937675 0.284094 0.200142 -0.24345 0.278606 0.270316 0.921579 0.385997 0.145132 -0.0740306 0.986639 0.38101 -0.987927 0.0437715 0.148605 -0.484469 -0.054188 -0.996295 -0.0667842 0.430721 
1535147302066 0.207655 0.919946 -0.332533 -0.624262 -0.937773 0.283938 0.199903 -0.243476 0.278318 0.27033 0.921662 0.385864 0.145438 -0.0743006 0.986573 0.381094 -0.987969 0.0420892 0.148814 -0.484604 -0.0525811 -0.996347 -0.0672853 0.431087 
1535147302076 0.207673 0.919873 -0.332724 -0.623933 -0.937645 0.284116 0.200248 -0.243363 0.278736 0.270391 0.921518 0.385998 0.148491 -0.0745314 0.986101 0.381154 -0.987805 0.0360197 0.15147 -0.485076 -0.0468083 -0.996568 -0.0682739 0.431362 
1535147302084 0.207691 0.9198 -0.332917 -0.623602 -0.937517 0.284295 0.200595 -0.243249 0.279154 0.270453 0.921373 0.386132 0.151547 -0.0747436 0.98562 0.381216 -0.987598 0.0299468 0.154122 -0.485558 -0.0410358 -0.996753 -0.0692783 0.431637 
1535147302289 0.207709 0.919726 -0.333109 -0.623272 -0.937388 0.284475 0.200941 -0.243135 0.279571 0.270515 0.921228 0.386267 0.154601 -0.0749373 0.985131 0.381278 -0.987347 0.0238725 0.156765 -0.486037 -0.0352651 -0.996902 -0.0702984 0.431912 
1535147302296 0.207727 0.919652 -0.333301 -0.622942 -0.93726 0.284654 0.201287 -0.243021 0.279989 0.270577 0.921083 0.386401 0.157656 -0.0751121 0.984633 0.381339 -0.987054 0.0177968 0.159401 -0.486516 -0.0294963 -0.997016 -0.0713339 0.432187 
1535147302537 0.207745 0.919578 -0.333493 -0.622612 -0.937131 0.284834 0.201633 -0.242908 0.280407 0.270639 0.920938 0.386535 0.160709 -0.0752681 0.984128 0.381401 -0.986716 0.0117202 0.162029 -0.486995 -0.0237297 -0.997094 -0.0723848 0.432462 
1535147302575 0.207762 0.919505 -0.333685 -0.622281 -0.937002 0.285013 0.201979 -0.242794 0.280825 0.2707 0.920792 0.38667 0.163763 -0.0754052 0.983614 0.381463 -0.986336 0.00564254 0.164649 -0.487475 -0.0179655 -0.997137 -0.0734509 0.432738 
1535147302711 0.20778 0.919431 -0.333878 -0.621951 -0.936873 0.285193 0.202324 -0.24268 0.281243 0.270762 0.920647 0.386804 0.166816 -0.0755237 0.983091 0.381524 -0.985912 -0.00043549 0.167261 -0.487954 -0.0122041 -0.997144 -0.0745324 0.433013 
1535147302718 0.207798 0.919357 -0.33407 -0.621621 -0.936743 0.285372 0.20267 -0.242566 0.28166 0.270824 0.920501 0.386938 0.169868 -0.0756232 0.982561 0.381585 -0.985446 -0.00651379 0.169866 -0.488432 -0.00644559 -0.997115 -0.0756291 0.433288 
1535147302990 0.207815 0.919283 -0.334262 -0.62129 -0.936614 0.285551 0.203016 -0.242452 0.282078 0.270885 0.920355 0.387073 0.17292 -0.0757038 0.982022 0.381647 -0.984936 -0.0125923 0.172462 -0.488913 -0.000690164 -0.997051 -0.0767408 0.433563 
1535147303301 0.207971 0.919315 -0.334078 -0.621459 -0.936667 0.285572 0.202742 -0.242641 0.281787 0.270755 0.920482 0.38704 0.163414 -0.0759078 0.983633 0.381383 -0.986384 0.00612502 0.164344 -0.487276 -0.0184997 -0.997096 -0.0738733 0.432627 
1535147303306 0.20791 0.919236 -0.334333 -0.621188 -0.936578 0.28567 0.203014 -0.242498 0.282126 0.27092 0.92033 0.38713 0.165293 -0.0746852 0.983413 0.381414 -0.986197 -0.00273482 0.165554 -0.48753 -0.00967495 -0.997203 -0.0741063 0.432714 
1535147303313 0.207882 0.91915 -0.334586 -0.620937 -0.936487 0.285793 0.20326 -0.242391 0.282449 0.271081 0.920184 0.387219 0.167163 -0.0734447 0.98319 0.381447 -0.985929 -0.011593 0.166763 -0.48779 -0.000849718 -0.997232 -0.0743492 0.432802 
1535147303501 0.207854 0.919065 -0.334838 -0.620686 -0.936396 0.285916 0.203506 -0.242284 0.282771 0.271242 0.920037 0.387308 0.169021 -0.0721875 0.982965 0.381479 -0.98558 -0.0204487 0.167969 -0.48805 0.00797509 -0.997181 -0.0746028 0.432889 
1535147303506 0.207826 0.918979 -0.335091 -0.620436 -0.936305 0.286039 0.203753 -0.242177 0.283094 0.271402 0.919891 0.387398 0.170867 -0.0709137 0.982739 0.381511 -0.985151 -0.0293012 0.169172 -0.48831 0.0167988 -0.997052 -0.0748673 0.432977 
1535147303716 0.207798 0.918893 -0.335344 -0.620185 -0.936213 0.286163 0.203999 -0.24207 0.283416 0.271563 0.919744 0.387487 0.172702 -0.0696235 0.98251 0.381544 -0.984641 -0.0381498 0.170373 -0.488568 0.0256206 -0.996844 -0.0751426 0.433064 
1535147303821 0.20777 0.918807 -0.335597 -0.619935 -0.936122 0.286286 0.204245 -0.241963 0.283738 0.271723 0.919597 0.387576 0.174525 -0.0683166 0.98228 0.381576 -0.98405 -0.0469938 0.171571 -0.488829 0.03444 -0.996556 -0.0754286 0.433151 
1535147303828 0.207741 0.918721 -0.335849 -0.619684 -0.936031 0.286409 0.204491 -0.241856 0.28406 0.271884 0.91945 0.387665 0.176335 -0.0669937 0.982048 0.381608 -0.983379 -0.0558324 0.172766 -0.489088 0.0432559 -0.99619 -0.0757254 0.433239 
1535147303886 0.207713 0.918635 -0.336102 -0.619433 -0.935939 0.286533 0.204737 -0.241749 0.284383 0.272044 0.919303 0.387754 0.178135 -0.0656543 0.981813 0.381641 -0.982628 -0.0646652 0.173958 -0.489349 0.052068 -0.995745 -0.0760328 0.433326 
1535147304135 0.207685 0.918549 -0.336355 -0.619183 -0.935847 0.286656 0.204983 -0.241642 0.284705 0.272205 0.919156 0.387844 0.179921 -0.064299 0.981577 0.381673 -0.981796 -0.0734909 0.175147 -0.489608 0.0608753 -0.995221 -0.0763511 0.433413 
1535147304656 0.207796 0.918591 -0.336173 -0.619376 -0.935862 0.286682 0.204879 -0.241752 0.284575 0.272038 0.919246 0.387773 0.176076 -0.0673288 0.982071 0.381524 -0.983476 -0.054695 0.172578 -0.488956 0.0420949 -0.996231 -0.0758468 0.433178 
1535147304669 0.207822 0.918515 -0.336364 -0.619176 -0.935863 0.286743 0.204791 -0.241656 0.284554 0.27223 0.919195 0.38785 0.176894 -0.0680655 0.981874 0.381546 -0.983328 -0.0549243 0.173348 -0.489135 0.0421297 -0.996168 -0.0766465 0.433333 
1535147304688 0.207849 0.918439 -0.336555 -0.618973 -0.935863 0.286804 0.204703 -0.241557 0.284533 0.272422 0.919145 0.387928 0.177713 -0.0688017 0.981674 0.38157 -0.983179 -0.0551545 0.17412 -0.48932 0.042164 -0.996105 -0.0774461 0.433488 
1535147304857 0.207875 0.918363 -0.336746 -0.618769 -0.935864 0.286865 0.204616 -0.241459 0.284512 0.272614 0.919094 0.388005 0.178533 -0.0695378 0.981474 0.381593 -0.983029 -0.0553853 0.174892 -0.489505 0.0421976 -0.996041 -0.0782457 0.433643 
1535147304957 0.207902 0.918286 -0.336937 -0.618566 -0.935864 0.286927 0.204528 -0.24136 0.284491 0.272806 0.919044 0.388083 0.179352 -0.0702735 0.981272 0.381617 -0.982878 -0.0556167 0.175663 -0.48969 0.0422306 -0.995976 -0.0790453 0.433797 
1535147304963 0.207929 0.91821 -0.337129 -0.618362 -0.935864 0.286988 0.20444 -0.241262 0.284471 0.272998 0.918993 0.388161 0.180172 -0.071009 0.981069 0.381641 -0.982727 -0.0558487 0.176434 -0.489876 0.042263 -0.995911 -0.0798448 0.433952 
1535147305161 0.207955 0.918134 -0.33732 -0.618159 -0.935865 0.287049 0.204352 -0.241164 0.28445 0.27319 0.918943 0.388238 0.180991 -0.0717444 0.980864 0.381664 -0.982575 -0.0560812 0.177204 -0.49006 0.0422946 -0.995845 -0.0806444 0.434107 
1535147305168 0.207982 0.918058 -0.337511 -0.617955 -0.935865 0.287111 0.204264 -0.241065 0.284429 0.273382 0.918892 0.388316 0.18181 -0.0724793 0.980659 0.381688 -0.982422 -0.0563143 0.177975 -0.490246 0.0423256 -0.995779 -0.0814438 0.434262 
1535147305370 0.208008 0.917981 -0.337702 -0.617752 -0.935866 0.287172 0.204176 -0.240967 0.284408 0.273574 0.918841 0.388394 0.182629 -0.0732142 0.980452 0.381712 -0.982269 -0.056548 0.178745 -0.490431 0.0423559 -0.995712 -0.0822434 0.434417 
1535147305509 0.208035 0.917905 -0.337893 -0.617549 -0.935866 0.287233 0.204088 -0.240868 0.284387 0.273766 0.918791 0.388472 0.183448 -0.0739488 0.980244 0.381735 -0.982115 -0.0567822 0.179514 -0.490615 0.0423855 -0.995644 -0.0830429 0.434572 
1535147305705 0.208011 0.917945 -0.3378 -0.617767 -0.935855 0.287206 0.204177 -0.240934 0.284441 0.273661 0.918805 0.388364 0.181542 -0.0714131 0.980787 0.381718 -0.982411 -0.057519 0.177654 -0.490144 0.0437271 -0.995787 -0.0805991 0.434256 
1535147305724 0.208025 0.917927 -0.337839 -0.617612 -0.935789 0.287288 0.204363 -0.240881 0.284647 0.273633 0.91875 0.388421 0.179416 -0.0708303 0.98122 0.381679 -0.98301 -0.0521929 0.175976 -0.490006 0.0387483 -0.996122 -0.0789911 0.433906 
1535147305740 0.20804 0.91791 -0.337877 -0.617457 -0.935723 0.287371 0.204549 -0.240827 0.284854 0.273605 0.918694 0.388478 0.17729 -0.0702371 0.981649 0.381638 -0.983579 -0.0468666 0.174286 -0.489862 0.0337653 -0.996429 -0.0773927 0.433556 
1535147305756 0.208054 0.917892 -0.337916 -0.617301 -0.935657 0.287453 0.204736 -0.240773 0.285061 0.273577 0.918638 0.388535 0.175167 -0.0696323 0.982073 0.381597 -0.984118 -0.0415401 0.172587 -0.489718 0.0287778 -0.996707 -0.0758028 0.433206 
1535147305764 0.208069 0.917875 -0.337955 -0.617145 -0.935591 0.287536 0.204922 -0.240719 0.285267 0.27355 0.918582 0.388592 0.173046 -0.0690159 0.982493 0.381557 -0.984626 -0.0362135 0.170878 -0.489574 0.0237861 -0.996958 -0.0742215 0.432856 
1535147305956 0.208082 0.917857 -0.337993 -0.61699 -0.935525 0.287617 0.205109 -0.240665 0.285474 0.273521 0.918526 0.388649 0.170928 -0.0683881 0.982907 0.381516 -0.985104 -0.0308869 0.169161 -0.48943 0.0187904 -0.997181 -0.0726489 0.432506 
1535147305968 0.208097 0.91784 -0.338032 -0.616834 -0.935458 0.2877 0.205296 -0.240612 0.285681 0.273493 0.91847 0.388706 0.168812 -0.0677486 0.983317 0.381476 -0.985552 -0.0255608 0.167435 -0.489287 0.0137909 -0.997375 -0.0710847 0.432156 
1535147305975 0.208111 0.917822 -0.338071 -0.616678 -0.935392 0.287782 0.205483 -0.240558 0.285887 0.273465 0.918414 0.388763 0.166699 -0.0670978 0.983722 0.381435 -0.985969 -0.0202349 0.165699 -0.489142 0.00878745 -0.997541 -0.0695295 0.431806 
1535147306172 0.208126 0.917805 -0.33811 -0.616523 -0.935326 0.287865 0.205669 -0.240504 0.286094 0.273438 0.918358 0.38882 0.164588 -0.0664353 0.984122 0.381394 -0.986355 -0.0149098 0.163955 -0.488999 0.0037806 -0.997679 -0.0679828 0.431456 
1535147306201 0.20814 0.917787 -0.338148 -0.616367 -0.935259 0.287947 0.205856 -0.24045 0.286301 0.27341 0.918302 0.388877 0.162481 -0.0657614 0.984518 0.381354 -0.986711 -0.00958542 0.162202 -0.488856 -0.00122965 -0.997789 -0.066445 0.431106 
1535147306683 0.208314 0.917773 -0.338081 -0.616556 -0.935311 0.288008 0.205535 -0.24066 0.286004 0.273395 0.918399 0.388826 0.167085 -0.0671013 0.983656 0.381568 -0.98589 -0.0217084 0.165983 -0.489254 0.0102159 -0.99751 -0.0697816 0.43217 
1535147306797 0.208424 0.917716 -0.338166 -0.616313 -0.935279 0.288137 0.205501 -0.240545 0.28603 0.273448 0.918375 0.388914 0.16971 -0.0686975 0.983097 0.381598 -0.985424 -0.0236805 0.168457 -0.489688 0.0117076 -0.997356 -0.071715 0.432502 
1535147306812 0.208536 0.917659 -0.338251 -0.616069 -0.935246 0.288268 0.205467 -0.24043 0.286056 0.273501 0.918351 0.389002 0.17234 -0.0702877 0.982527 0.38163 -0.984949 -0.0256564 0.170929 -0.490129 0.0131939 -0.997197 -0.0736514 0.432834 
1535147306818 0.208647 0.917603 -0.338337 -0.615824 -0.935213 0.288398 0.205433 -0.240314 0.286081 0.273554 0.918328 0.389091 0.174972 -0.0718722 0.981947 0.381662 -0.984464 -0.0276364 0.173397 -0.490572 0.014675 -0.997031 -0.0755912 0.433166 
1535147307039 0.208759 0.917546 -0.338422 -0.615581 -0.93518 0.288529 0.205398 -0.240199 0.286107 0.273607 0.918304 0.389179 0.177603 -0.0734515 0.981357 0.381693 -0.98397 -0.02962 0.175859 -0.491011 0.0161506 -0.996859 -0.0775346 0.433498 
1535147307085 0.208871 0.917489 -0.338508 -0.615336 -0.935148 0.28866 0.205364 -0.240084 0.286133 0.27366 0.91828 0.389267 0.180237 -0.075025 0.980758 0.381725 -0.983465 -0.0316076 0.178317 -0.491453 0.0176212 -0.996681 -0.0794814 0.43383 
1535147307177 0.208983 0.917432 -0.338593 -0.615092 -0.935115 0.288791 0.205329 -0.239968 0.286158 0.273713 0.918256 0.389356 0.182872 -0.076593 0.980149 0.381757 -0.982952 -0.0335991 0.180769 -0.491895 0.0190865 -0.996496 -0.0814315 0.434162 
1535147307416 0.209095 0.917375 -0.338678 -0.614848 -0.935082 0.288922 0.205295 -0.239853 0.286184 0.273766 0.918233 0.389444 0.185507 -0.0781555 0.97953 0.381789 -0.982428 -0.0355942 0.183216 -0.492335 0.0205463 -0.996306 -0.0833852 0.434494 
1535147307571 0.209207 0.917318 -0.338764 -0.614604 -0.935049 0.289053 0.20526 -0.239737 0.28621 0.273819 0.918209 0.389532 0.188143 -0.0797124 0.978901 0.38182 -0.981895 -0.0375932 0.185657 -0.492776 0.0220008 -0.996109 -0.0853421 0.434826 
1535147307723 0.209318 0.917261 -0.338849 -0.614359 -0.935016 0.289183 0.205226 -0.239622 0.286235 0.273871 0.918185 0.389621 0.190781 -0.0812635 0.978263 0.381852 -0.981352 -0.0395961 0.188094 -0.493218 0.0234501 -0.995906 -0.0873023 0.435158 
1535147307886 0.209257 0.917305 -0.338767 -0.614556 -0.935041 0.289097 0.205233 -0.239752 0.286197 0.273815 0.918214 0.389505 0.179633 -0.0752711 0.98085 0.381608 -0.98359 -0.0308034 0.177771 -0.49136 0.0168324 -0.996687 -0.0795692 0.433504 
1535147307899 0.209369 0.917313 -0.338675 -0.614249 -0.935003 0.289194 0.205273 -0.23964 0.286243 0.273684 0.918239 0.38961 0.178302 -0.0744295 0.981157 0.381587 -0.983852 -0.0293279 0.176567 -0.491365 0.0156335 -0.996795 -0.0784568 0.433292 
1535147307918 0.209481 0.917322 -0.338582 -0.613937 -0.934964 0.289291 0.205314 -0.239525 0.286288 0.273553 0.918264 0.389716 0.17697 -0.0735865 0.981462 0.381564 -0.984111 -0.0278524 0.175359 -0.491364 0.014432 -0.9969 -0.0773463 0.43308 
1535147308108 0.209592 0.917331 -0.33849 -0.613624 -0.934925 0.289387 0.205355 -0.23941 0.286333 0.273422 0.918289 0.389822 0.175637 -0.0727416 0.981764 0.381542 -0.984366 -0.0263778 0.174148 -0.491361 0.0132289 -0.997002 -0.0762372 0.432868 
1535147308124 0.209704 0.917339 -0.338398 -0.613314 -0.934886 0.289484 0.205395 -0.239296 0.286378 0.273291 0.918313 0.389927 0.174306 -0.0718943 0.982063 0.381519 -0.984618 -0.0249044 0.172937 -0.491362 0.0120245 -0.997101 -0.0751294 0.432656 
1535147308132 0.209816 0.917348 -0.338306 -0.613001 -0.934847 0.289581 0.205436 -0.239181 0.286423 0.27316 0.918338 0.390033 0.172976 -0.0710451 0.98236 0.381497 -0.984867 -0.0234318 0.171722 -0.49136 0.0108184 -0.997198 -0.0740231 0.432444 
1535147308267 0.209927 0.917356 -0.338213 -0.612689 -0.934808 0.289677 0.205477 -0.239066 0.286468 0.273029 0.918363 0.390139 0.171646 -0.0701939 0.982655 0.381474 -0.985112 -0.0219602 0.170506 -0.491358 0.00961083 -0.997292 -0.0729183 0.432231 
1535147308519 0.210039 0.917364 -0.338121 -0.612378 -0.934769 0.289774 0.205517 -0.238952 0.286513 0.272899 0.918388 0.390245 0.170317 -0.0693406 0.982947 0.381452 -0.985354 -0.0204898 0.169288 -0.491358 0.00840183 -0.997383 -0.0718147 0.432019 
1535147308535 0.210151 0.917373 -0.338029 -0.612067 -0.934731 0.28987 0.205558 -0.238838 0.286558 0.272768 0.918413 0.390351 0.168989 -0.0684851 0.983236 0.381429 -0.985592 -0.0190204 0.168069 -0.491357 0.00719132 -0.997471 -0.0707126 0.431807 
1535147308762 0.210263 0.917382 -0.337936 -0.611755 -0.934692 0.289966 0.205599 -0.238723 0.286603 0.272636 0.918438 0.390457 0.167661 -0.0676278 0.983522 0.381407 -0.985827 -0.0175518 0.166847 -0.491355 0.00597916 -0.997556 -0.069612 0.431595 
1535147309077 0.210271 0.917331 -0.338067 -0.611984 -0.93469 0.290003 0.205554 -0.238853 0.286602 0.272765 0.9184 0.390348 0.168098 -0.0678916 0.98343 0.381388 -0.985748 -0.0183269 0.167229 -0.491418 0.00666981 -0.997524 -0.0700047 0.431804 
1535147309096 0.210384 0.917367 -0.337899 -0.611671 -0.934646 0.29009 0.205635 -0.238722 0.286664 0.272553 0.918443 0.390434 0.169916 -0.0659977 0.983246 0.381418 -0.985368 -0.0249304 0.16861 -0.491744 0.0133848 -0.997508 -0.0692681 0.431744 
1535147309105 0.210498 0.917402 -0.337733 -0.611358 -0.934601 0.290176 0.205715 -0.23859 0.286725 0.272343 0.918487 0.39052 0.171723 -0.0640901 0.983058 0.381449 -0.98494 -0.0315311 0.169996 -0.492076 0.0201018 -0.997446 -0.0685395 0.431684 
1535147309201 0.210612 0.917438 -0.337566 -0.611045 -0.934557 0.290263 0.205795 -0.238458 0.286787 0.272132 0.91853 0.390607 0.173517 -0.0621703 0.982867 0.38148 -0.984466 -0.0381276 0.171387 -0.492408 0.0268191 -0.997337 -0.0678203 0.431625 
