1533740012245 0.0638739 0.538574 -0.840153 -0.546066 -0.940397 0.314266 0.129963 -0.194952 0.334026 0.781777 0.526547 0.44735 0.16008 -0.304787 0.938871 0.370831 -0.775623 0.549475 0.310623 -0.528794 -0.61056 -0.777934 -0.14844 0.432481 
1533740012255 0.0872158 0.579127 -0.810559 -0.551037 -0.941006 0.314943 0.123768 -0.193914 0.326957 0.751946 0.57243 0.440019 0.316221 -0.384863 0.867113 0.400797 -0.930002 -0.306262 0.203223 -0.504308 0.187351 -0.87068 -0.45477 0.485869 
1533740013479 0.110187 0.617896 -0.778501 -0.555925 -0.941466 0.315959 0.117524 -0.19271 0.318591 0.719982 0.616543 0.432806 0.316221 -0.384863 0.867113 0.400797 -0.930002 -0.306262 0.203223 -0.504308 0.187351 -0.87068 -0.45477 0.485869 
1533740014749 0.132645 0.65489 -0.743992 -0.560857 -0.941773 0.317272 0.111368 -0.191599 0.308982 0.685899 0.658842 0.42552 0.316221 -0.384863 0.867113 0.400797 -0.930002 -0.306262 0.203223 -0.504308 0.187351 -0.87068 -0.45477 0.485869 
1533740016015 0.154428 0.690098 -0.707048 -0.565962 -0.941929 0.318825 0.105453 -0.190857 0.298197 0.649704 0.699259 0.417975 0.316221 -0.384863 0.867113 0.400797 -0.930002 -0.306262 0.203223 -0.504308 0.187351 -0.87068 -0.45477 0.485869 
1533740017185 0.175536 0.72329 -0.667862 -0.571135 -0.941939 0.320645 0.099684 -0.190249 0.286247 0.611587 0.73758 0.410348 0.316221 -0.384863 0.867113 0.400797 -0.930002 -0.306262 0.203223 -0.504308 0.187351 -0.87068 -0.45477 0.485869 
1533740017192 0.19598 0.754274 -0.626628 -0.576269 -0.941801 0.32277 0.0939675 -0.189539 0.273134 0.571744 0.773632 0.402795 0.316221 -0.384863 0.867113 0.400797 -0.930002 -0.306262 0.203223 -0.504308 0.187351 -0.87068 -0.45477 0.485869 
1533740018619 0.2157 0.782964 -0.583473 -0.581358 -0.941512 0.325198 0.0883239 -0.18873 0.258899 0.530295 0.807315 0.395309 0.316221 -0.384863 0.867113 0.400797 -0.930002 -0.306262 0.203223 -0.504308 0.187351 -0.87068 -0.45477 0.485869 
1533740019526 0.234617 0.809296 -0.538511 -0.586423 -0.941073 0.327912 0.0827963 -0.187875 0.243591 0.487353 0.838541 0.387853 0.316221 -0.384863 0.867113 0.400797 -0.930002 -0.306262 0.203223 -0.504308 0.187351 -0.87068 -0.45477 0.485869 
1533740020431 0.252924 0.832922 -0.49221 -0.590392 -0.940433 0.331125 0.0770867 -0.186122 0.22719 0.443393 0.867057 0.380977 0.316278 -0.38491 0.867071 0.400985 -0.929997 -0.306233 0.203289 -0.504648 0.187278 -0.87067 -0.45482 0.486029 
1533740021363 0.253538 0.832615 -0.492413 -0.59012 -0.940207 0.331801 0.0769364 -0.186438 0.227442 0.443464 0.866955 0.381471 0.316278 -0.38491 0.867071 0.400985 -0.929997 -0.306233 0.203289 -0.504648 0.187278 -0.87067 -0.45482 0.486029 
1533740021377 0.255209 0.834928 -0.487609 -0.590757 -0.940166 0.332028 0.076456 -0.186404 0.225735 0.438922 0.869708 0.380622 0.31622 -0.384863 0.867113 0.400796 -0.930002 -0.306262 0.203222 -0.504306 0.187351 -0.87068 -0.454769 0.485868 
1533740021687 0.256869 0.837217 -0.48279 -0.591399 -0.940124 0.332256 0.0759786 -0.186373 0.22402 0.434366 0.872434 0.379772 0.316221 -0.384863 0.867113 0.400795 -0.930002 -0.306262 0.203223 -0.504305 0.187351 -0.87068 -0.45477 0.485867 
1533740021993 0.258519 0.83948 -0.477955 -0.592041 -0.940081 0.332486 0.0755024 -0.186343 0.222296 0.429798 0.875133 0.378921 0.31622 -0.384863 0.867113 0.400795 -0.930002 -0.306262 0.203222 -0.504305 0.187352 -0.87068 -0.454769 0.485867 
1533740022295 0.260159 0.841718 -0.473105 -0.592683 -0.940037 0.332719 0.0750276 -0.186312 0.220563 0.425217 0.877806 0.37807 0.31622 -0.384863 0.867113 0.400795 -0.930002 -0.306262 0.203222 -0.504304 0.187352 -0.87068 -0.454769 0.485867 
1533740022599 0.26179 0.843929 -0.46824 -0.593324 -0.939991 0.332954 0.0745538 -0.186281 0.218821 0.420624 0.88045 0.37722 0.31622 -0.384863 0.867113 0.400795 -0.930002 -0.306262 0.203222 -0.504304 0.187352 -0.87068 -0.454769 0.485867 
1533740022903 0.263411 0.846116 -0.46336 -0.593967 -0.939944 0.333191 0.0740817 -0.186251 0.217069 0.416019 0.883068 0.376368 0.31622 -0.384863 0.867113 0.400795 -0.930002 -0.306262 0.203222 -0.504304 0.187351 -0.87068 -0.454769 0.485867 
1533740023205 0.265023 0.848276 -0.458466 -0.594608 -0.939896 0.333431 0.0736106 -0.186219 0.215309 0.411402 0.885658 0.375518 0.31622 -0.384863 0.867113 0.400795 -0.930002 -0.306262 0.203222 -0.504304 0.187351 -0.87068 -0.454769 0.485867 
1533740023503 0.266624 0.850411 -0.453556 -0.595251 -0.939847 0.333673 0.0731412 -0.186189 0.21354 0.406772 0.888221 0.374667 0.31622 -0.384863 0.867113 0.400795 -0.930002 -0.306262 0.203222 -0.504304 0.187351 -0.87068 -0.454769 0.485867 
1533740023808 0.268216 0.852519 -0.448633 -0.595892 -0.939797 0.333918 0.0726728 -0.186158 0.211761 0.402131 0.890757 0.373816 0.31622 -0.384863 0.867113 0.400795 -0.930002 -0.306262 0.203222 -0.504304 0.187351 -0.87068 -0.454769 0.485867 
1533740024129 0.268074 0.852257 -0.449214 -0.595758 -0.939776 0.333957 0.0727666 -0.186162 0.212034 0.402654 0.890456 0.37401 0.31622 -0.384863 0.867113 0.400795 -0.930002 -0.306262 0.203222 -0.504304 0.187351 -0.87068 -0.454769 0.485867 
1533740024141 0.268878 0.852327 -0.448602 -0.595804 -0.93967 0.334392 0.0721246 -0.186188 0.211483 0.402145 0.890817 0.37388 0.31622 -0.384863 0.867113 0.400795 -0.930002 -0.306262 0.203222 -0.504304 0.187351 -0.87068 -0.454769 0.485867 
1533740024158 0.269681 0.852396 -0.447988 -0.595853 -0.939564 0.334829 0.0714838 -0.186215 0.210932 0.401635 0.891177 0.37375 0.31622 -0.384863 0.867113 0.400795 -0.930002 -0.306262 0.203222 -0.504304 0.187351 -0.87068 -0.454769 0.485867 
1533740024271 0.270484 0.852465 -0.447372 -0.595905 -0.939457 0.335265 0.0708437 -0.186243 0.21038 0.401124 0.891538 0.373618 0.31622 -0.384863 0.867113 0.400795 -0.930002 -0.306262 0.203222 -0.504304 0.187351 -0.87068 -0.454769 0.485867 
1533740024349 0.271286 0.852533 -0.446756 -0.595953 -0.939349 0.335701 0.0702035 -0.18627 0.209827 0.400615 0.891897 0.373488 0.31622 -0.384863 0.867113 0.400795 -0.930002 -0.306262 0.203222 -0.504304 0.187351 -0.87068 -0.454769 0.485867 
1533740024441 0.272088 0.852601 -0.446139 -0.596004 -0.93924 0.336138 0.069564 -0.186298 0.209275 0.400104 0.892256 0.373356 0.31622 -0.384863 0.867113 0.400795 -0.930002 -0.306262 0.203222 -0.504304 0.187351 -0.87068 -0.454769 0.485867 
1533740024447 0.27289 0.852667 -0.445522 -0.596053 -0.939131 0.336575 0.0689244 -0.186325 0.208721 0.399595 0.892614 0.373226 0.31622 -0.384863 0.867113 0.400795 -0.930002 -0.306262 0.203222 -0.504304 0.187351 -0.87068 -0.454769 0.485867 
1533740024595 0.27369 0.852734 -0.444904 -0.596105 -0.939021 0.337012 0.0682855 -0.186354 0.208167 0.399085 0.892971 0.373094 0.31622 -0.384863 0.867113 0.400795 -0.930002 -0.306262 0.203222 -0.504304 0.187351 -0.87068 -0.454769 0.485867 
1533740024670 0.274491 0.852799 -0.444285 -0.596154 -0.93891 0.337449 0.0676466 -0.186381 0.207613 0.398575 0.893328 0.372964 0.31622 -0.384863 0.867113 0.400795 -0.930002 -0.306262 0.203222 -0.504304 0.187351 -0.87068 -0.454769 0.485867 
1533740024763 0.27529 0.852864 -0.443665 -0.596205 -0.938798 0.337887 0.0670082 -0.186409 0.207057 0.398065 0.893684 0.372832 0.31622 -0.384863 0.867113 0.400795 -0.930002 -0.306262 0.203222 -0.504304 0.187351 -0.87068 -0.454769 0.485867 
1533740024845 0.274412 0.85283 -0.444274 -0.596121 -0.938917 0.337408 0.0677533 -0.186412 0.207683 0.398544 0.893325 0.373036 0.31622 -0.384863 0.867113 0.400795 -0.930002 -0.306262 0.203222 -0.504304 0.187351 -0.87068 -0.454769 0.485867 
1533740024854 0.274825 0.852837 -0.444005 -0.596157 -0.938856 0.337645 0.0674204 -0.186432 0.207415 0.398328 0.893484 0.372965 0.31622 -0.384863 0.867113 0.400795 -0.930002 -0.306262 0.203222 -0.504304 0.187351 -0.87068 -0.454769 0.485867 
1533740024871 0.275237 0.852845 -0.443735 -0.596198 -0.938795 0.337881 0.0670888 -0.186454 0.207146 0.39811 0.893643 0.372893 0.31622 -0.384863 0.867113 0.400795 -0.930002 -0.306262 0.203222 -0.504304 0.187351 -0.87068 -0.454769 0.485867 
1533740024887 0.275648 0.852853 -0.443464 -0.596238 -0.938733 0.338117 0.0667573 -0.186476 0.206877 0.397893 0.893802 0.37282 0.31622 -0.384863 0.867113 0.400795 -0.930002 -0.306262 0.203222 -0.504304 0.187351 -0.87068 -0.454769 0.485867 
1533740024904 0.276059 0.85286 -0.443194 -0.596279 -0.938672 0.338354 0.066426 -0.186499 0.206608 0.397676 0.893961 0.372748 0.31622 -0.384863 0.867113 0.400795 -0.930002 -0.306262 0.203222 -0.504304 0.187351 -0.87068 -0.45477 0.485867 
1533740024921 0.276471 0.852868 -0.442923 -0.596318 -0.93861 0.33859 0.0660945 -0.18652 0.206339 0.397459 0.89412 0.372676 0.31622 -0.384863 0.867113 0.400795 -0.930002 -0.306262 0.203222 -0.504304 0.187351 -0.87068 -0.45477 0.485867 
1533740025017 0.276881 0.852875 -0.442652 -0.59636 -0.938548 0.338827 0.0657635 -0.186543 0.20607 0.397242 0.894279 0.372604 0.31622 -0.384863 0.867113 0.400795 -0.930002 -0.306262 0.203222 -0.504304 0.187351 -0.87068 -0.45477 0.485867 
1533740025042 0.277293 0.852882 -0.442381 -0.5964 -0.938485 0.339063 0.0654322 -0.186565 0.205801 0.397025 0.894437 0.372532 0.31622 -0.384863 0.867113 0.400795 -0.930002 -0.306262 0.203222 -0.504304 0.187351 -0.87068 -0.45477 0.485867 
1533740025049 0.277703 0.852889 -0.44211 -0.596442 -0.938423 0.3393 0.0651018 -0.186588 0.205532 0.396807 0.894595 0.372461 0.31622 -0.384863 0.867113 0.400795 -0.930002 -0.306262 0.203222 -0.504304 0.187351 -0.87068 -0.45477 0.485867 
1533740025154 0.278113 0.852896 -0.441838 -0.596487 -0.93836 0.339536 0.0647724 -0.186613 0.205264 0.396589 0.894753 0.37239 0.31622 -0.384863 0.867113 0.400795 -0.930002 -0.306262 0.203222 -0.504304 0.187351 -0.87068 -0.45477 0.485867 
1533740025195 0.277323 0.852959 -0.442215 -0.596404 -0.938484 0.339063 0.0654499 -0.186575 0.205764 0.396861 0.894518 0.37261 0.31622 -0.384863 0.867113 0.400795 -0.930002 -0.306262 0.203222 -0.504304 0.187351 -0.87068 -0.45477 0.485867 
1533740025209 0.277555 0.852962 -0.442063 -0.596426 -0.938433 0.339227 0.0653325 -0.186578 0.205686 0.396713 0.894602 0.372557 0.31622 -0.384863 0.867113 0.400795 -0.930002 -0.306262 0.203222 -0.504304 0.187351 -0.87068 -0.45477 0.485867 
1533740025225 0.277787 0.852965 -0.44191 -0.596453 -0.938382 0.339391 0.0652145 -0.186584 0.205606 0.396565 0.894686 0.372502 0.31622 -0.384863 0.867113 0.400795 -0.930002 -0.306262 0.203222 -0.504304 0.187351 -0.87068 -0.45477 0.485867 
1533740025242 0.278018 0.852969 -0.441757 -0.596482 -0.938331 0.339555 0.0650971 -0.18659 0.205527 0.396416 0.89477 0.372449 0.31622 -0.384863 0.867113 0.400795 -0.930002 -0.306262 0.203222 -0.504304 0.187351 -0.87068 -0.45477 0.485867 
1533740025259 0.278249 0.852973 -0.441604 -0.596513 -0.93828 0.339719 0.0649804 -0.186598 0.205448 0.396267 0.894854 0.372396 0.31622 -0.384863 0.867113 0.400795 -0.930002 -0.306262 0.203222 -0.504304 0.187351 -0.87068 -0.45477 0.485867 
1533740025275 0.27848 0.852977 -0.44145 -0.596542 -0.938228 0.339883 0.0648631 -0.186604 0.205368 0.396118 0.894938 0.372341 0.31622 -0.384863 0.867113 0.400795 -0.930002 -0.306262 0.203222 -0.504304 0.187351 -0.87068 -0.45477 0.485867 
1533740025292 0.278712 0.852981 -0.441297 -0.59657 -0.938177 0.340047 0.0647454 -0.18661 0.205288 0.39597 0.895022 0.372286 0.31622 -0.384863 0.867113 0.400795 -0.930002 -0.306262 0.203222 -0.504304 0.187351 -0.87068 -0.45477 0.485867 
1533740025325 0.278943 0.852984 -0.441144 -0.596597 -0.938126 0.340211 0.0646279 -0.186616 0.205208 0.395821 0.895106 0.372232 0.31622 -0.384863 0.867113 0.400795 -0.930002 -0.306262 0.203222 -0.504304 0.187351 -0.87068 -0.45477 0.485867 
1533740025395 0.279175 0.852988 -0.440991 -0.596625 -0.938074 0.340375 0.0645102 -0.186622 0.205129 0.395673 0.89519 0.372178 0.31622 -0.384863 0.867113 0.400795 -0.930002 -0.306262 0.203222 -0.504304 0.187351 -0.87068 -0.45477 0.485867 
1533740025419 0.279406 0.852991 -0.440838 -0.596652 -0.938023 0.340539 0.0643925 -0.186628 0.205049 0.395524 0.895274 0.372123 0.31622 -0.384863 0.867113 0.400795 -0.930002 -0.306262 0.203222 -0.504304 0.187351 -0.87068 -0.45477 0.485867 
1533740025458 0.278787 0.853016 -0.441182 -0.596521 -0.938198 0.340022 0.064569 -0.186667 0.20509 0.395915 0.895092 0.372294 0.31622 -0.384863 0.867113 0.400795 -0.930002 -0.306262 0.203222 -0.504304 0.187351 -0.87068 -0.45477 0.485867 
1533740025469 0.278794 0.853036 -0.44114 -0.596529 -0.938173 0.340069 0.0646821 -0.18668 0.205194 0.395832 0.895105 0.372263 0.31622 -0.384863 0.867113 0.400795 -0.930002 -0.306262 0.203222 -0.504304 0.187351 -0.87068 -0.45477 0.485867 
1533740025487 0.278802 0.853055 -0.441097 -0.596535 -0.938148 0.340117 0.0647949 -0.186693 0.205298 0.395749 0.895117 0.372227 0.31622 -0.384863 0.867113 0.400795 -0.930002 -0.306262 0.203222 -0.504304 0.187351 -0.87068 -0.45477 0.485867 
1533740025503 0.278809 0.853075 -0.441054 -0.596544 -0.938123 0.340164 0.0649085 -0.186708 0.205403 0.395666 0.89513 0.372192 0.31622 -0.384863 0.867113 0.400795 -0.930002 -0.306262 0.203222 -0.504304 0.187351 -0.87068 -0.45477 0.485867 
1533740025519 0.278817 0.853095 -0.44101 -0.596553 -0.938098 0.340212 0.0650224 -0.186723 0.205507 0.395582 0.895144 0.372157 0.31622 -0.384863 0.867113 0.400795 -0.930002 -0.306262 0.203222 -0.504304 0.187351 -0.87068 -0.45477 0.485867 
1533740025536 0.278824 0.853115 -0.440967 -0.596563 -0.938073 0.340259 0.0651363 -0.186738 0.205612 0.395498 0.895157 0.372122 0.31622 -0.384863 0.867113 0.400795 -0.930002 -0.306262 0.203222 -0.504304 0.187351 -0.87068 -0.45477 0.485867 
1533740025553 0.278832 0.853135 -0.440924 -0.596572 -0.938048 0.340307 0.0652498 -0.186752 0.205716 0.395414 0.89517 0.372087 0.31622 -0.384863 0.867113 0.400795 -0.930002 -0.306262 0.203222 -0.504304 0.187351 -0.87068 -0.45477 0.485867 
1533740025587 0.278839 0.853155 -0.44088 -0.596582 -0.938023 0.340354 0.0653638 -0.186768 0.205821 0.39533 0.895183 0.372052 0.31622 -0.384863 0.867113 0.400795 -0.930002 -0.306262 0.203222 -0.504304 0.187351 -0.87068 -0.45477 0.485867 
1533740025609 0.278846 0.853175 -0.440837 -0.596591 -0.937998 0.340402 0.0654774 -0.186782 0.205926 0.395246 0.895196 0.372018 0.31622 -0.384863 0.867113 0.400795 -0.930002 -0.306262 0.203222 -0.504304 0.187351 -0.87068 -0.45477 0.485867 
1533740025626 0.278854 0.853195 -0.440794 -0.596601 -0.937972 0.340449 0.0655914 -0.186798 0.20603 0.395162 0.895209 0.371982 0.31622 -0.384863 0.867113 0.400795 -0.930002 -0.306262 0.203222 -0.504304 0.187351 -0.87068 -0.45477 0.485867 
1533740025662 0.278918 0.85316 -0.440821 -0.59655 -0.938144 0.340142 0.0647212 -0.186724 0.205159 0.395502 0.895259 0.372122 0.31622 -0.384863 0.867113 0.400795 -0.930002 -0.306262 0.203222 -0.504304 0.187351 -0.87068 -0.45477 0.485867 
1533740025673 0.278986 0.853162 -0.440774 -0.596562 -0.938154 0.340142 0.0645798 -0.18672 0.205023 0.395497 0.895292 0.372101 0.31622 -0.384863 0.867113 0.400795 -0.930002 -0.306262 0.203222 -0.504304 0.187351 -0.87068 -0.45477 0.485867 
1533740025689 0.279054 0.853164 -0.440727 -0.596571 -0.938163 0.340143 0.0644373 -0.186712 0.204886 0.395492 0.895326 0.372076 0.31622 -0.384863 0.867113 0.400795 -0.930002 -0.306262 0.203222 -0.504304 0.187351 -0.87068 -0.45477 0.485867 
1533740025706 0.279123 0.853166 -0.440679 -0.596579 -0.938173 0.340144 0.0642949 -0.186705 0.204749 0.395487 0.895359 0.37205 0.31622 -0.384863 0.867113 0.400795 -0.930002 -0.306262 0.203222 -0.504304 0.187351 -0.87068 -0.45477 0.485867 
1533740025800 0.279192 0.853168 -0.440632 -0.596588 -0.938182 0.340145 0.0641526 -0.186698 0.204612 0.395483 0.895392 0.372026 0.31622 -0.384863 0.867113 0.400795 -0.930002 -0.306262 0.203222 -0.504304 0.187351 -0.87068 -0.45477 0.485867 
1533740025817 0.279261 0.853169 -0.440585 -0.596596 -0.938191 0.340146 0.0640102 -0.186691 0.204475 0.395478 0.895426 0.372001 0.31622 -0.384863 0.867113 0.400795 -0.930002 -0.306262 0.203222 -0.504304 0.187351 -0.87068 -0.45477 0.485867 
1533740025835 0.27933 0.853171 -0.440538 -0.596604 -0.938201 0.340147 0.0638675 -0.186684 0.204338 0.395473 0.895459 0.371975 0.31622 -0.384863 0.867113 0.400795 -0.930002 -0.306262 0.203222 -0.504304 0.187351 -0.87068 -0.45477 0.485867 
1533740025850 0.279399 0.853173 -0.440491 -0.596613 -0.93821 0.340148 0.0637253 -0.186677 0.204201 0.395468 0.895492 0.37195 0.31622 -0.384863 0.867113 0.400795 -0.930002 -0.306262 0.203222 -0.504304 0.187351 -0.87068 -0.45477 0.485867 
1533740025867 0.279468 0.853174 -0.440444 -0.596621 -0.938219 0.340149 0.0635827 -0.18667 0.204064 0.395464 0.895526 0.371925 0.31622 -0.384863 0.867113 0.400795 -0.930002 -0.306262 0.203222 -0.504304 0.187351 -0.87068 -0.45477 0.485867 
1533740025884 0.279537 0.853176 -0.440397 -0.596629 -0.938229 0.340151 0.0634402 -0.186662 0.203927 0.395459 0.895559 0.3719 0.31622 -0.384863 0.867113 0.400795 -0.930002 -0.306262 0.203222 -0.504304 0.187351 -0.87068 -0.45477 0.485867 
1533740025904 0.279169 0.853208 -0.44057 -0.596563 -0.93817 0.340156 0.0642711 -0.186682 0.204699 0.395387 0.895415 0.372071 0.31622 -0.384863 0.867113 0.400795 -0.930002 -0.306262 0.203222 -0.504304 0.187351 -0.87068 -0.45477 0.485867 
1533740025917 0.279186 0.853203 -0.440568 -0.596565 -0.938138 0.340224 0.0643833 -0.186677 0.204824 0.395339 0.895407 0.372057 0.31622 -0.384863 0.867113 0.400795 -0.930002 -0.306262 0.203222 -0.504304 0.187351 -0.87068 -0.45477 0.485867 
1533740025934 0.279202 0.853199 -0.440565 -0.596569 -0.938105 0.340291 0.0644977 -0.186677 0.20495 0.395289 0.895401 0.372038 0.31622 -0.384863 0.867113 0.400795 -0.930002 -0.306262 0.203222 -0.504304 0.187351 -0.87068 -0.45477 0.485867 
1533740025950 0.279218 0.853195 -0.440562 -0.596573 -0.938073 0.340359 0.0646118 -0.186677 0.205076 0.395238 0.895394 0.372021 0.31622 -0.384863 0.867113 0.400795 -0.930002 -0.306262 0.203222 -0.504304 0.187351 -0.87068 -0.45477 0.485867 
1533740025967 0.279235 0.853192 -0.440558 -0.596577 -0.938041 0.340426 0.064726 -0.186676 0.205201 0.395188 0.895388 0.372003 0.31622 -0.384863 0.867113 0.400795 -0.930002 -0.306262 0.203222 -0.504304 0.187351 -0.87068 -0.45477 0.485867 
1533740025984 0.279251 0.853188 -0.440555 -0.596581 -0.938008 0.340494 0.0648398 -0.186675 0.205327 0.395138 0.895381 0.371986 0.31622 -0.384863 0.867113 0.400795 -0.930002 -0.306262 0.203222 -0.504304 0.187351 -0.87068 -0.45477 0.485867 
1533740026052 0.279268 0.853184 -0.440552 -0.596586 -0.937976 0.340562 0.0649542 -0.186675 0.205453 0.395087 0.895374 0.371967 0.31622 -0.384863 0.867113 0.400795 -0.930002 -0.306262 0.203222 -0.504304 0.187351 -0.87068 -0.45477 0.485867 
1533740026069 0.279284 0.853181 -0.440549 -0.59659 -0.937943 0.340629 0.065068 -0.186674 0.205579 0.395037 0.895367 0.37195 0.31622 -0.384863 0.867113 0.400795 -0.930002 -0.306262 0.203222 -0.504304 0.187351 -0.87068 -0.45477 0.485867 
1533740026086 0.2793 0.853177 -0.440545 -0.596595 -0.937911 0.340697 0.0651824 -0.186674 0.205705 0.394987 0.895361 0.371932 0.31622 -0.384863 0.867113 0.400795 -0.930002 -0.306262 0.203222 -0.504304 0.187351 -0.87068 -0.45477 0.485867 
1533740026102 0.279317 0.853173 -0.440542 -0.596599 -0.937878 0.340765 0.0652963 -0.186673 0.20583 0.394937 0.895354 0.371915 0.31622 -0.384863 0.867113 0.400795 -0.930002 -0.306262 0.203222 -0.504304 0.187351 -0.87068 -0.45477 0.485867 
1533740026131 0.279143 0.853173 -0.440652 -0.596603 -0.938099 0.340291 0.0645942 -0.186667 0.20506 0.395345 0.895351 0.371932 0.31622 -0.384863 0.867113 0.400795 -0.930002 -0.306262 0.203222 -0.504304 0.187351 -0.87068 -0.45477 0.485867 
1533740026144 0.279154 0.853092 -0.440804 -0.596607 -0.938098 0.340308 0.0645189 -0.186661 0.205049 0.395506 0.895282 0.371938 0.31622 -0.384863 0.867113 0.400795 -0.930002 -0.306262 0.203222 -0.504304 0.187351 -0.87068 -0.45477 0.485867 
1533740026159 0.279165 0.853009 -0.440956 -0.596607 -0.938097 0.340325 0.0644434 -0.186652 0.205039 0.395669 0.895212 0.371947 0.31622 -0.384863 0.867113 0.400795 -0.930002 -0.306262 0.203222 -0.504304 0.187351 -0.87068 -0.45477 0.485867 
1533740026176 0.279176 0.852927 -0.441108 -0.596607 -0.938096 0.340342 0.0643681 -0.186643 0.205029 0.395832 0.895143 0.371956 0.31622 -0.384863 0.867113 0.400795 -0.930002 -0.306262 0.203222 -0.504304 0.187351 -0.87068 -0.45477 0.485867 
1533740026192 0.279186 0.852845 -0.44126 -0.596608 -0.938095 0.340359 0.0642933 -0.186635 0.205019 0.395994 0.895073 0.371966 0.31622 -0.384863 0.867113 0.400795 -0.930002 -0.306262 0.203222 -0.504304 0.187351 -0.87068 -0.45477 0.485867 
1533740026266 0.279197 0.852763 -0.441412 -0.596608 -0.938094 0.340375 0.0642181 -0.186626 0.205009 0.396157 0.895003 0.371975 0.31622 -0.384863 0.867113 0.400795 -0.930002 -0.306262 0.203222 -0.504304 0.187351 -0.87068 -0.45477 0.485867 
1533740026282 0.279207 0.852681 -0.441564 -0.596609 -0.938093 0.340392 0.0641433 -0.186618 0.204999 0.396319 0.894934 0.371984 0.31622 -0.384863 0.867113 0.400795 -0.930002 -0.306262 0.203222 -0.504304 0.187351 -0.87068 -0.45477 0.485867 
1533740026299 0.279218 0.852598 -0.441717 -0.596609 -0.938092 0.340409 0.0640679 -0.186609 0.204988 0.396482 0.894864 0.371993 0.31622 -0.384863 0.867113 0.400795 -0.930002 -0.306262 0.203222 -0.504304 0.187351 -0.87068 -0.45477 0.485867 
1533740026316 0.279229 0.852516 -0.441869 -0.596608 -0.938091 0.340426 0.0639925 -0.1866 0.204978 0.396645 0.894794 0.372002 0.31622 -0.384863 0.867113 0.400795 -0.930002 -0.306262 0.203222 -0.504304 0.187351 -0.87068 -0.45477 0.485867 
1533740026332 0.27924 0.852433 -0.442021 -0.596608 -0.93809 0.340443 0.063917 -0.186591 0.204968 0.396807 0.894725 0.372011 0.31622 -0.384863 0.867113 0.400795 -0.930002 -0.306262 0.203222 -0.504304 0.187351 -0.87068 -0.45477 0.485867 
1533740026367 0.279357 0.852797 -0.441245 -0.596591 -0.938033 0.340533 0.0642711 -0.186693 0.205069 0.395948 0.895082 0.37199 0.31622 -0.384863 0.867113 0.400795 -0.930002 -0.306262 0.203222 -0.504304 0.187351 -0.87068 -0.45477 0.485867 
1533740026379 0.279464 0.852741 -0.441285 -0.596603 -0.938109 0.340424 0.0637362 -0.186668 0.204575 0.396162 0.8951 0.372013 0.31622 -0.384863 0.867113 0.400795 -0.930002 -0.306262 0.203222 -0.504304 0.187351 -0.87068 -0.45477 0.485867 
1533740026396 0.279573 0.852684 -0.441326 -0.596609 -0.938185 0.340317 0.0631997 -0.186638 0.20408 0.396377 0.895118 0.372035 0.31622 -0.384863 0.867113 0.400795 -0.930002 -0.306262 0.203222 -0.504304 0.187351 -0.87068 -0.45477 0.485867 
1533740026412 0.279681 0.852627 -0.441367 -0.596615 -0.93826 0.340209 0.0626631 -0.186609 0.203585 0.396591 0.895136 0.372055 0.31622 -0.384863 0.867113 0.400795 -0.930002 -0.306262 0.203222 -0.504304 0.187351 -0.87068 -0.45477 0.485867 
1533740026521 0.27979 0.852571 -0.441408 -0.596621 -0.938335 0.340101 0.0621264 -0.18658 0.20309 0.396806 0.895153 0.372076 0.31622 -0.384863 0.867113 0.400795 -0.930002 -0.306262 0.203222 -0.504304 0.187351 -0.87068 -0.45477 0.485867 
1533740026577 0.279899 0.852514 -0.441448 -0.596627 -0.938409 0.339993 0.0615897 -0.186551 0.202595 0.39702 0.895171 0.372096 0.31622 -0.384863 0.867113 0.400795 -0.930002 -0.306262 0.203222 -0.504304 0.187351 -0.87068 -0.45477 0.485867 
1533740026658 0.280008 0.852457 -0.441489 -0.596634 -0.938483 0.339884 0.0610531 -0.186522 0.2021 0.397234 0.895187 0.372116 0.31622 -0.384863 0.867113 0.400795 -0.930002 -0.306262 0.203222 -0.504304 0.187351 -0.87068 -0.45477 0.485867 
1533740026701 0.280116 0.852401 -0.441529 -0.59664 -0.938558 0.339776 0.0605164 -0.186492 0.201605 0.397449 0.895204 0.372137 0.31622 -0.384863 0.867113 0.400795 -0.930002 -0.306262 0.203222 -0.504304 0.187351 -0.87068 -0.45477 0.485867 
1533740026795 0.280225 0.852344 -0.441569 -0.596647 -0.938631 0.339667 0.0599797 -0.186463 0.20111 0.397663 0.89522 0.372157 0.31622 -0.384863 0.867113 0.400795 -0.930002 -0.306262 0.203222 -0.504304 0.187351 -0.87068 -0.45477 0.485867 
1533740026842 0.280334 0.852287 -0.441609 -0.596653 -0.938705 0.339558 0.059443 -0.186434 0.200615 0.397877 0.895236 0.372177 0.31622 -0.384863 0.867113 0.400795 -0.930002 -0.306262 0.203222 -0.504304 0.187351 -0.87068 -0.45477 0.485867 
1533740026942 0.280123 0.852388 -0.441549 -0.596658 -0.938639 0.339619 0.0601358 -0.186424 0.201217 0.39761 0.89522 0.372139 0.31622 -0.384863 0.867113 0.400795 -0.930002 -0.306262 0.203222 -0.504304 0.187351 -0.87068 -0.45477 0.485867 
1533740026948 0.28007 0.852438 -0.441486 -0.596651 -0.938626 0.339624 0.0603135 -0.186435 0.201353 0.397498 0.895239 0.37212 0.31622 -0.384863 0.867113 0.400795 -0.930002 -0.306262 0.203222 -0.504304 0.187351 -0.87068 -0.45477 0.485867 
1533740026955 0.280016 0.85249 -0.44142 -0.596647 -0.938612 0.339628 0.0604929 -0.186448 0.201488 0.397384 0.895259 0.372097 0.31622 -0.384863 0.867113 0.400795 -0.930002 -0.306262 0.203222 -0.504304 0.187351 -0.87068 -0.45477 0.485867 
1533740026971 0.279963 0.852541 -0.441355 -0.596644 -0.938599 0.339633 0.0606722 -0.186462 0.201624 0.39727 0.895279 0.372076 0.31622 -0.384863 0.867113 0.400795 -0.930002 -0.306262 0.203222 -0.504304 0.187351 -0.87068 -0.45477 0.485867 
1533740027071 0.279909 0.852592 -0.44129 -0.59664 -0.938586 0.339637 0.0608516 -0.186476 0.20176 0.397156 0.895299 0.372054 0.31622 -0.384863 0.867113 0.400795 -0.930002 -0.306262 0.203222 -0.504304 0.187351 -0.87068 -0.45477 0.485867 
1533740027089 0.279856 0.852643 -0.441226 -0.596636 -0.938573 0.339642 0.0610307 -0.186489 0.201896 0.397042 0.895319 0.372033 0.31622 -0.384863 0.867113 0.400795 -0.930002 -0.306262 0.203222 -0.504304 0.187351 -0.87068 -0.45477 0.485867 
1533740027105 0.279802 0.852695 -0.44116 -0.596633 -0.93856 0.339646 0.0612102 -0.186503 0.202032 0.396928 0.895338 0.37201 0.31622 -0.384863 0.867113 0.400795 -0.930002 -0.306262 0.203222 -0.504304 0.187351 -0.87068 -0.45477 0.485867 
1533740027121 0.279749 0.852746 -0.441095 -0.596629 -0.938546 0.33965 0.0613893 -0.186516 0.202168 0.396815 0.895358 0.371989 0.31622 -0.384863 0.867113 0.400795 -0.930002 -0.306262 0.203222 -0.504304 0.187351 -0.87068 -0.45477 0.485867 
1533740027138 0.279695 0.852797 -0.44103 -0.596626 -0.938533 0.339655 0.0615688 -0.18653 0.202304 0.396701 0.895378 0.371967 0.31622 -0.384863 0.867113 0.400795 -0.930002 -0.306262 0.203222 -0.504304 0.187351 -0.87068 -0.45477 0.485867 
1533740027145 0.279641 0.852849 -0.440965 -0.596622 -0.93852 0.339659 0.061748 -0.186544 0.202439 0.396587 0.895398 0.371945 0.31622 -0.384863 0.867113 0.400795 -0.930002 -0.306262 0.203222 -0.504304 0.187351 -0.87068 -0.45477 0.485867 
1533740027201 0.279879 0.852596 -0.441302 -0.596633 -0.938599 0.339604 0.0608447 -0.186468 0.201744 0.397176 0.895294 0.372013 0.31622 -0.384863 0.867113 0.400795 -0.930002 -0.306262 0.203222 -0.504304 0.187351 -0.87068 -0.45477 0.485867 
1533740027213 0.279884 0.852611 -0.44127 -0.59663 -0.938538 0.339723 0.0611175 -0.186472 0.202019 0.397043 0.895291 0.372009 0.31622 -0.384863 0.867113 0.400795 -0.930002 -0.306262 0.203222 -0.504304 0.187351 -0.87068 -0.45477 0.485867 
1533740027230 0.279889 0.852626 -0.441238 -0.596631 -0.938477 0.339841 0.0613918 -0.186482 0.202295 0.396908 0.895288 0.372002 0.31622 -0.384863 0.867113 0.400795 -0.930002 -0.306262 0.203222 -0.504304 0.187351 -0.87068 -0.45477 0.485867 
1533740027246 0.279893 0.852642 -0.441205 -0.596632 -0.938416 0.339959 0.061666 -0.18649 0.202571 0.396774 0.895285 0.371995 0.31622 -0.384863 0.867113 0.400795 -0.930002 -0.306262 0.203222 -0.504304 0.187351 -0.87068 -0.45477 0.485867 
1533740027263 0.279897 0.852657 -0.441173 -0.596633 -0.938355 0.340077 0.0619402 -0.186499 0.202847 0.39664 0.895282 0.371988 0.31622 -0.384863 0.867113 0.400795 -0.930002 -0.306262 0.203222 -0.504304 0.187351 -0.87068 -0.45477 0.485867 
1533740027280 0.279902 0.852672 -0.441141 -0.596635 -0.938294 0.340196 0.0622145 -0.186508 0.203123 0.396506 0.895279 0.371981 0.31622 -0.384863 0.867113 0.400795 -0.930002 -0.306262 0.203222 -0.504304 0.187351 -0.87068 -0.45477 0.485867 
1533740027296 0.279906 0.852687 -0.441109 -0.596636 -0.938233 0.340314 0.0624884 -0.186516 0.203398 0.396372 0.895276 0.371974 0.31622 -0.384863 0.867113 0.400795 -0.930002 -0.306262 0.203222 -0.504304 0.187351 -0.87068 -0.45477 0.485867 
1533740027314 0.27991 0.852703 -0.441076 -0.596638 -0.938172 0.340432 0.0627627 -0.186525 0.203674 0.396237 0.895272 0.371967 0.31622 -0.384863 0.867113 0.400795 -0.930002 -0.306262 0.203222 -0.504304 0.187351 -0.87068 -0.45477 0.485867 
1533740027330 0.279915 0.852718 -0.441044 -0.596638 -0.938111 0.34055 0.0630367 -0.186533 0.20395 0.396103 0.895269 0.37196 0.31622 -0.384863 0.867113 0.400795 -0.930002 -0.306262 0.203222 -0.504304 0.187351 -0.87068 -0.45477 0.485867 
1533740027396 0.279919 0.852733 -0.441012 -0.596639 -0.93805 0.340668 0.0633107 -0.186541 0.204226 0.395969 0.895265 0.371954 0.31622 -0.384863 0.867113 0.400795 -0.930002 -0.306262 0.203222 -0.504304 0.187351 -0.87068 -0.45477 0.485867 
1533740027422 0.280029 0.85258 -0.441239 -0.596668 -0.93826 0.34031 0.0620999 -0.186507 0.203103 0.396607 0.895239 0.371948 0.31622 -0.384863 0.867113 0.400795 -0.930002 -0.306262 0.203222 -0.504304 0.187351 -0.87068 -0.45477 0.485867 
1533740027433 0.279914 0.852572 -0.441326 -0.596662 -0.938227 0.340345 0.0624162 -0.186525 0.203418 0.396593 0.895173 0.371962 0.31622 -0.384863 0.867113 0.400795 -0.930002 -0.306262 0.203222 -0.504304 0.187351 -0.87068 -0.45477 0.485867 
1533740027450 0.279797 0.852565 -0.441414 -0.596656 -0.938193 0.340379 0.0627329 -0.186545 0.203732 0.396579 0.895108 0.371975 0.31622 -0.384863 0.867113 0.400795 -0.930002 -0.306262 0.203222 -0.504304 0.187351 -0.87068 -0.45477 0.485867 
1533740027466 0.27968 0.852558 -0.441501 -0.59665 -0.93816 0.340412 0.0630498 -0.186566 0.204046 0.396565 0.895043 0.371988 0.31622 -0.384863 0.867113 0.400795 -0.930002 -0.306262 0.203222 -0.504304 0.187351 -0.87068 -0.45477 0.485867 
1533740027484 0.279563 0.852552 -0.441588 -0.596646 -0.938127 0.340446 0.0633669 -0.186587 0.20436 0.39655 0.894977 0.372 0.31622 -0.384863 0.867113 0.400795 -0.930002 -0.306262 0.203222 -0.504304 0.187351 -0.87068 -0.45477 0.485867 
1533740027500 0.279446 0.852545 -0.441675 -0.59664 -0.938093 0.340479 0.0636834 -0.186607 0.204674 0.396536 0.894912 0.372013 0.31622 -0.384863 0.867113 0.400795 -0.930002 -0.306262 0.203222 -0.504304 0.187351 -0.87068 -0.45477 0.485867 
1533740027516 0.279329 0.852538 -0.441762 -0.596636 -0.938059 0.340512 0.0640005 -0.186628 0.204988 0.396522 0.894846 0.372024 0.31622 -0.384863 0.867113 0.400795 -0.930002 -0.306262 0.203222 -0.504304 0.187351 -0.87068 -0.45477 0.485867 
1533740027533 0.279212 0.852532 -0.441849 -0.59663 -0.938025 0.340546 0.0643172 -0.186648 0.205302 0.396508 0.894781 0.372037 0.31622 -0.384863 0.867113 0.400795 -0.930002 -0.306262 0.203222 -0.504304 0.187351 -0.87068 -0.45477 0.485867 
1533740027550 0.279095 0.852525 -0.441936 -0.596625 -0.937991 0.34058 0.0646338 -0.186669 0.205616 0.396493 0.894715 0.37205 0.31622 -0.384863 0.867113 0.400795 -0.930002 -0.306262 0.203222 -0.504304 0.187351 -0.87068 -0.45477 0.485867 
1533740027579 0.278977 0.852518 -0.442023 -0.596621 -0.937957 0.340613 0.0649509 -0.18669 0.205931 0.396479 0.894649 0.372062 0.31622 -0.384863 0.867113 0.400795 -0.930002 -0.306262 0.203222 -0.504304 0.187351 -0.87068 -0.45477 0.485867 
1533740027620 0.279726 0.85253 -0.441527 -0.596648 -0.938096 0.340554 0.0632425 -0.186687 0.20428 0.396504 0.895016 0.37201 0.31622 -0.384863 0.867113 0.400795 -0.930002 -0.306262 0.203222 -0.504304 0.187351 -0.87068 -0.45477 0.485867 
1533740027632 0.27989 0.852527 -0.441429 -0.59665 -0.938071 0.340648 0.0631011 -0.186669 0.204167 0.39643 0.895075 0.372003 0.31622 -0.384863 0.867113 0.400795 -0.930002 -0.306262 0.203222 -0.504304 0.187351 -0.87068 -0.45477 0.485867 
1533740027649 0.280055 0.852524 -0.441331 -0.596651 -0.938046 0.340742 0.0629599 -0.186649 0.204055 0.396357 0.895133 0.371997 0.31622 -0.384863 0.867113 0.400795 -0.930002 -0.306262 0.203222 -0.504304 0.187351 -0.87068 -0.45477 0.485867 
1533740027757 0.28022 0.85252 -0.441233 -0.596651 -0.938022 0.340836 0.0628184 -0.186628 0.203942 0.396283 0.895191 0.371991 0.31622 -0.384863 0.867113 0.400795 -0.930002 -0.306262 0.203222 -0.504304 0.187351 -0.87068 -0.45477 0.485867 
1533740027764 0.280384 0.852517 -0.441135 -0.596652 -0.937997 0.34093 0.0626773 -0.186608 0.20383 0.39621 0.895249 0.371985 0.31622 -0.384863 0.867113 0.400795 -0.930002 -0.306262 0.203222 -0.504304 0.187351 -0.87068 -0.45477 0.485867 
1533740027777 0.280549 0.852513 -0.441037 -0.596652 -0.937972 0.341025 0.0625357 -0.186587 0.203717 0.396136 0.895307 0.37198 0.31622 -0.384863 0.867113 0.400795 -0.930002 -0.306262 0.203222 -0.504304 0.187351 -0.87068 -0.45477 0.485867 
1533740027794 0.280714 0.852509 -0.440939 -0.596653 -0.937947 0.341119 0.0623945 -0.186567 0.203605 0.396063 0.895366 0.371974 0.31622 -0.384863 0.867113 0.400795 -0.930002 -0.306262 0.203222 -0.504304 0.187351 -0.87068 -0.45477 0.485867 
1533740027811 0.280878 0.852506 -0.440841 -0.596654 -0.937922 0.341213 0.0622534 -0.186547 0.203492 0.395989 0.895424 0.371968 0.31622 -0.384863 0.867113 0.400795 -0.930002 -0.306262 0.203222 -0.504304 0.187351 -0.87068 -0.45477 0.485867 
1533740027841 0.281043 0.852502 -0.440744 -0.596654 -0.937897 0.341307 0.0621117 -0.186526 0.203379 0.395916 0.895482 0.371963 0.31622 -0.384863 0.867113 0.400795 -0.930002 -0.306262 0.203222 -0.504304 0.187351 -0.87068 -0.45477 0.485867 
1533740027847 0.281208 0.852498 -0.440646 -0.596654 -0.937872 0.341402 0.0619705 -0.186506 0.203267 0.395843 0.89554 0.371957 0.31622 -0.384863 0.867113 0.400795 -0.930002 -0.306262 0.203222 -0.504304 0.187351 -0.87068 -0.45477 0.485867 
1533740027897 0.280249 0.852536 -0.441184 -0.596647 -0.93805 0.340786 0.0626601 -0.186615 0.203769 0.396292 0.895227 0.371973 0.31622 -0.384863 0.867113 0.400795 -0.930002 -0.306262 0.203222 -0.504304 0.187351 -0.87068 -0.45477 0.485867 
1533740027907 0.280267 0.852495 -0.441252 -0.596648 -0.93805 0.340797 0.0626013 -0.186611 0.203745 0.396372 0.895197 0.371994 0.31622 -0.384863 0.867113 0.400795 -0.930002 -0.306262 0.203222 -0.504304 0.187351 -0.87068 -0.45477 0.485867 
1533740027924 0.280286 0.852452 -0.441322 -0.596646 -0.93805 0.340808 0.0625406 -0.186603 0.203719 0.396453 0.895167 0.372019 0.31622 -0.384863 0.867113 0.400795 -0.930002 -0.306262 0.203222 -0.504304 0.187351 -0.87068 -0.45477 0.485867 
1533740027941 0.280304 0.85241 -0.441392 -0.596643 -0.93805 0.340819 0.0624801 -0.186595 0.203694 0.396534 0.895136 0.372043 0.31622 -0.384863 0.867113 0.400795 -0.930002 -0.306262 0.203222 -0.504304 0.187351 -0.87068 -0.45477 0.485867 
1533740027957 0.280323 0.852367 -0.441462 -0.59664 -0.93805 0.340831 0.0624194 -0.186587 0.203668 0.396616 0.895106 0.372067 0.31622 -0.384863 0.867113 0.400795 -0.930002 -0.306262 0.203222 -0.504304 0.187351 -0.87068 -0.45477 0.485867 
1533740027974 0.280342 0.852325 -0.441532 -0.596637 -0.93805 0.340842 0.0623588 -0.186579 0.203643 0.396697 0.895076 0.372091 0.31622 -0.384863 0.867113 0.400795 -0.930002 -0.306262 0.203222 -0.504304 0.187351 -0.87068 -0.45477 0.485867 
1533740027991 0.280361 0.852283 -0.441602 -0.596635 -0.93805 0.340853 0.0622984 -0.186572 0.203617 0.396778 0.895046 0.372115 0.31622 -0.384863 0.867113 0.400795 -0.930002 -0.306262 0.203222 -0.504304 0.187351 -0.87068 -0.45477 0.485867 
1533740028038 0.280379 0.85224 -0.441672 -0.596631 -0.93805 0.340865 0.0622377 -0.186563 0.203592 0.39686 0.895015 0.372139 0.31622 -0.384863 0.867113 0.400795 -0.930002 -0.306262 0.203222 -0.504304 0.187351 -0.87068 -0.45477 0.485867 
1533740028045 0.280398 0.852198 -0.441741 -0.596629 -0.93805 0.340876 0.0621773 -0.186556 0.203566 0.396941 0.894985 0.372162 0.31622 -0.384863 0.867113 0.400795 -0.930002 -0.306262 0.203222 -0.504304 0.187351 -0.87068 -0.45477 0.485867 
1533740028058 0.280417 0.852156 -0.441811 -0.596627 -0.93805 0.340887 0.0621169 -0.186549 0.203541 0.397022 0.894955 0.372186 0.31622 -0.384863 0.867113 0.400795 -0.930002 -0.306262 0.203222 -0.504304 0.187351 -0.87068 -0.45477 0.485867 
1533740028086 0.280819 0.852313 -0.441252 -0.596658 -0.937943 0.341184 0.0621048 -0.186621 0.203481 0.396428 0.895232 0.372 0.31622 -0.384863 0.867113 0.400795 -0.930002 -0.306262 0.203222 -0.504304 0.187351 -0.87068 -0.45477 0.485867 
1533740028098 0.280807 0.852269 -0.441346 -0.596657 -0.937969 0.341135 0.0619708 -0.186609 0.203374 0.396567 0.895195 0.37202 0.31622 -0.384863 0.867113 0.400795 -0.930002 -0.306262 0.203222 -0.504304 0.187351 -0.87068 -0.45477 0.485867 
1533740028115 0.280795 0.852223 -0.441441 -0.596652 -0.937996 0.341087 0.061836 -0.186594 0.203268 0.396707 0.895157 0.372042 0.31622 -0.384863 0.867113 0.400795 -0.930002 -0.306262 0.203222 -0.504304 0.187351 -0.87068 -0.45477 0.485867 
1533740028132 0.280784 0.852177 -0.441536 -0.596648 -0.938022 0.341038 0.0617014 -0.186579 0.203161 0.396846 0.895119 0.372064 0.31622 -0.384863 0.867113 0.400795 -0.930002 -0.306262 0.203222 -0.504304 0.187351 -0.87068 -0.45477 0.485867 
1533740028148 0.280772 0.852132 -0.441632 -0.596643 -0.938049 0.340989 0.0615667 -0.186564 0.203054 0.396986 0.895082 0.372086 0.31622 -0.384863 0.867113 0.400795 -0.930002 -0.306262 0.203222 -0.504304 0.187351 -0.87068 -0.45477 0.485867 
1533740028165 0.28076 0.852086 -0.441727 -0.596639 -0.938076 0.34094 0.0614322 -0.18655 0.202948 0.397125 0.895044 0.372107 0.31622 -0.384863 0.867113 0.400795 -0.930002 -0.306262 0.203222 -0.504304 0.187351 -0.87068 -0.45477 0.485867 
1533740028183 0.280749 0.852041 -0.441822 -0.596633 -0.938102 0.340892 0.0612974 -0.186535 0.202841 0.397265 0.895006 0.37213 0.31622 -0.384863 0.867113 0.400795 -0.930002 -0.306262 0.203222 -0.504304 0.187351 -0.87068 -0.45477 0.485867 
1533740028198 0.280737 0.851995 -0.441917 -0.596629 -0.938129 0.340843 0.0611629 -0.186521 0.202735 0.397405 0.894968 0.372151 0.31622 -0.384863 0.867113 0.400795 -0.930002 -0.306262 0.203222 -0.504304 0.187351 -0.87068 -0.45477 0.485867 
1533740028215 0.280725 0.851949 -0.442013 -0.596623 -0.938155 0.340794 0.0610281 -0.186505 0.202628 0.397544 0.89493 0.372174 0.31622 -0.384863 0.867113 0.400795 -0.930002 -0.306262 0.203222 -0.504304 0.187351 -0.87068 -0.45477 0.485867 
1533740028232 0.280714 0.851904 -0.442108 -0.596618 -0.938182 0.340745 0.0608936 -0.186491 0.202522 0.397684 0.894892 0.372195 0.31622 -0.384863 0.867113 0.400795 -0.930002 -0.306262 0.203222 -0.504304 0.187351 -0.87068 -0.45477 0.485867 
1533740028290 0.280778 0.852184 -0.441527 -0.59661 -0.938029 0.341023 0.0616876 -0.186533 0.20314 0.396844 0.895125 0.372162 0.31622 -0.384863 0.867113 0.400795 -0.930002 -0.306262 0.203222 -0.504304 0.187351 -0.87068 -0.45477 0.485867 
1533740028302 0.280719 0.852149 -0.441633 -0.596615 -0.938039 0.340991 0.0617019 -0.186526 0.203172 0.396948 0.895072 0.372165 0.31622 -0.384863 0.867113 0.400795 -0.930002 -0.306262 0.203222 -0.504304 0.187351 -0.87068 -0.45477 0.485867 
1533740028319 0.28066 0.852113 -0.44174 -0.596616 -0.93805 0.340959 0.0617152 -0.186516 0.203203 0.397053 0.895018 0.372172 0.31622 -0.384863 0.867113 0.400795 -0.930002 -0.306262 0.203222 -0.504304 0.187351 -0.87068 -0.45477 0.485867 
1533740028335 0.280602 0.852077 -0.441846 -0.596617 -0.938061 0.340927 0.0617286 -0.186506 0.203235 0.397158 0.894964 0.372178 0.31622 -0.384863 0.867113 0.400795 -0.930002 -0.306262 0.203222 -0.504304 0.187351 -0.87068 -0.45477 0.485867 
1533740028352 0.280543 0.85204 -0.441953 -0.596618 -0.938071 0.340896 0.0617419 -0.186496 0.203266 0.397262 0.894911 0.372184 0.31622 -0.384863 0.867113 0.400795 -0.930002 -0.306262 0.203222 -0.504304 0.187351 -0.87068 -0.45477 0.485867 
1533740028369 0.280485 0.852004 -0.44206 -0.59662 -0.938082 0.340864 0.0617555 -0.186487 0.203298 0.397367 0.894857 0.37219 0.31622 -0.384863 0.867113 0.400795 -0.930002 -0.306262 0.203222 -0.504304 0.187351 -0.87068 -0.45477 0.485867 
1533740028385 0.280426 0.851968 -0.442167 -0.596621 -0.938093 0.340832 0.0617687 -0.186477 0.20333 0.397472 0.894804 0.372196 0.31622 -0.384863 0.867113 0.400795 -0.930002 -0.306262 0.203222 -0.504304 0.187351 -0.87068 -0.45477 0.485867 
1533740028402 0.280368 0.851932 -0.442273 -0.596623 -0.938103 0.3408 0.0617823 -0.186467 0.203361 0.397576 0.89475 0.372202 0.31622 -0.384863 0.867113 0.400795 -0.930002 -0.306262 0.203222 -0.504304 0.187351 -0.87068 -0.45477 0.485867 
