1533674023215 0.330387 0.906044 -0.26444 -0.498772 -0.92752 0.363554 0.0868073 -0.195053 0.174789 0.216593 0.960487 0.345284 0.16008 -0.304787 0.938871 0.370831 -0.775623 0.549475 0.310623 -0.528794 -0.61056 -0.777934 -0.14844 0.432481 
1533674023226 0.371779 0.927424 -0.0408199 -0.5308 -0.922156 0.374012 0.0987137 -0.197981 0.106817 0.000942639 0.994278 0.337458 0.31622 -0.384863 0.867113 0.400795 -0.930002 -0.306262 0.203222 -0.504304 0.187351 -0.87068 -0.454769 0.485867 
1533674025247 0.396625 0.89925 0.184492 -0.562825 -0.917452 0.381485 0.112922 -0.200907 0.031164 -0.21405 0.976325 0.329628 0.31622 -0.384863 0.867113 0.400795 -0.930002 -0.306262 0.203222 -0.504304 0.187351 -0.87068 -0.454769 0.485867 
1533674026916 0.403624 0.823001 0.399697 -0.59484 -0.913654 0.385584 0.12869 -0.20383 -0.0482046 -0.417127 0.907569 0.321796 0.31622 -0.384863 0.867113 0.400795 -0.930002 -0.306262 0.203222 -0.504304 0.187351 -0.87068 -0.454769 0.485867 
