1532460215866 -0.15487 0.580357 -0.799501 -0.539506 -0.972652 -0.231364 0.0204636 -0.256701 -0.1731 0.780805 0.600316 0.440751 0.16008 -0.304787 0.938871 0.370831 -0.775623 0.549475 0.310623 -0.528794 -0.61056 -0.777934 -0.14844 0.432481 
1532460215878 -0.120826 0.598034 -0.792311 -0.544334 -0.986281 -0.162756 0.0275581 -0.250447 -0.112473 0.784771 0.609495 0.440191 0.316305 -0.38429 0.867336 0.400738 -0.930106 -0.305553 0.203815 -0.506322 0.186693 -0.871182 -0.454078 0.485854 
1532460216907 -0.0855582 0.613205 -0.785276 -0.549157 -0.994994 -0.0934385 0.0354435 -0.244186 -0.0516409 0.784378 0.61813 0.439631 0.316242 -0.384853 0.86711 0.400828 -0.929997 -0.306262 0.203248 -0.504438 0.187342 -0.870685 -0.454765 0.485876 
1532460217931 -0.0492511 0.625792 -0.778434 -0.553979 -0.998745 -0.0237663 0.0440841 -0.237925 0.00908703 0.779628 0.626177 0.439072 0.316223 -0.384857 0.867115 0.40079 -0.930001 -0.306263 0.203227 -0.50432 0.187352 -0.870683 -0.454765 0.485866 
1532460218958 -0.0120902 0.635729 -0.771818 -0.558801 -0.997516 0.0459041 0.0534358 -0.231665 0.0694003 0.770546 0.633594 0.438512 0.316222 -0.384859 0.867114 0.40079 -0.930002 -0.306263 0.203224 -0.504311 0.187352 -0.870682 -0.454766 0.485866 
1532460219972 0.0257343 0.642965 -0.765463 -0.563623 -0.991312 0.115216 0.0634506 -0.225404 0.12899 0.75718 0.640344 0.437952 0.316221 -0.384861 0.867114 0.400793 -0.930002 -0.306262 0.203224 -0.504309 0.187352 -0.870681 -0.454768 0.485867 
1532460219981 0.0640286 0.647464 -0.759401 -0.568445 -0.980166 0.183814 0.0740773 -0.219145 0.187551 0.739596 0.646392 0.437393 0.316221 -0.384862 0.867113 0.400795 -0.930002 -0.306262 0.203223 -0.504309 0.187351 -0.870681 -0.454769 0.485868 
1532460221361 0.102596 0.649203 -0.753664 -0.573266 -0.964134 0.251347 0.0852615 -0.212886 0.244783 0.717886 0.651706 0.436833 0.316221 -0.384862 0.867113 0.400796 -0.930002 -0.306262 0.203223 -0.50431 0.187351 -0.870681 -0.454769 0.485869 
1532460222381 0.14124 0.648171 -0.748282 -0.578078 -0.9433 0.317469 0.0969462 -0.206628 0.300394 0.692161 0.656259 0.436279 0.316222 -0.384863 0.867112 0.400801 -0.930002 -0.306262 0.203224 -0.504317 0.18735 -0.87068 -0.45477 0.485871 
1532460222387 0.179707 0.644378 -0.743292 -0.582703 -0.917801 0.381768 0.109066 -0.200522 0.354044 0.662594 0.660017 0.435853 0.316238 -0.384878 0.8671 0.400844 -0.930001 -0.306253 0.203243 -0.504402 0.187328 -0.870677 -0.454786 0.48592 
1532460223970 0.179671 0.644428 -0.743257 -0.582711 -0.917859 0.381641 0.109017 -0.200508 0.353911 0.662618 0.660064 0.435826 0.316238 -0.384878 0.8671 0.400844 -0.930001 -0.306253 0.203243 -0.504402 0.187328 -0.870677 -0.454786 0.48592 
1532460223983 0.183518 0.643893 -0.742781 -0.583213 -0.915045 0.38799 0.110257 -0.199866 0.359185 0.659444 0.660394 0.435758 0.316221 -0.384863 0.867113 0.400799 -0.930002 -0.306262 0.203223 -0.504312 0.187351 -0.87068 -0.45477 0.485869 
1532460224436 0.187363 0.64333 -0.742309 -0.583715 -0.912184 0.394319 0.1115 -0.199225 0.364438 0.656232 0.660716 0.43569 0.31622 -0.384863 0.867113 0.400795 -0.930002 -0.306262 0.203222 -0.504305 0.187352 -0.87068 -0.454769 0.485867 
1532460224842 0.191204 0.642739 -0.741841 -0.584218 -0.909278 0.400626 0.112747 -0.198583 0.369668 0.652982 0.66103 0.435623 0.31622 -0.384863 0.867113 0.400795 -0.930002 -0.306262 0.203222 -0.504304 0.187351 -0.87068 -0.454769 0.485867 
1532460225267 0.19504 0.642121 -0.741377 -0.58472 -0.906326 0.406911 0.113998 -0.197941 0.374875 0.649696 0.661335 0.435555 0.31622 -0.384863 0.867113 0.400795 -0.930002 -0.306262 0.203222 -0.504304 0.187351 -0.87068 -0.454769 0.485867 
1532460225665 0.198873 0.641475 -0.740918 -0.585222 -0.903329 0.413174 0.115253 -0.1973 0.38006 0.646372 0.661632 0.435487 0.31622 -0.384863 0.867113 0.400795 -0.930002 -0.306262 0.203222 -0.504304 0.187352 -0.87068 -0.454769 0.485867 
1532460226054 0.202702 0.640802 -0.740463 -0.585724 -0.900287 0.419415 0.116511 -0.196658 0.385221 0.643012 0.661922 0.435419 0.31622 -0.384863 0.867113 0.400795 -0.930002 -0.306262 0.203222 -0.504304 0.187352 -0.87068 -0.454769 0.485867 
1532460226491 0.206527 0.640101 -0.740012 -0.586226 -0.897199 0.425633 0.117772 -0.196016 0.390359 0.639615 0.662203 0.435351 0.31622 -0.384863 0.867113 0.400795 -0.930002 -0.306262 0.203222 -0.504304 0.187352 -0.87068 -0.454769 0.485867 
1532460226877 0.210346 0.639373 -0.739565 -0.586728 -0.894067 0.431827 0.119037 -0.195375 0.395473 0.636182 0.662475 0.435284 0.31622 -0.384863 0.867113 0.400795 -0.930002 -0.306262 0.203222 -0.504304 0.187352 -0.87068 -0.454769 0.485867 
1532460227286 0.214155 0.638617 -0.739125 -0.587211 -0.890893 0.437992 0.120304 -0.194747 0.400558 0.632717 0.662738 0.43523 0.31622 -0.384863 0.867113 0.400795 -0.930002 -0.306262 0.203222 -0.504304 0.187352 -0.87068 -0.454769 0.485867 
1532460227690 0.214069 0.638625 -0.739143 -0.587234 -0.890967 0.437852 0.120268 -0.194731 0.400441 0.632806 0.662724 0.435199 0.31622 -0.384863 0.867113 0.400795 -0.930002 -0.306262 0.203222 -0.504304 0.187352 -0.87068 -0.454769 0.485867 
1532460227704 0.214278 0.63803 -0.739597 -0.587226 -0.891206 0.437622 0.119322 -0.194656 0.399795 0.633565 0.662389 0.435287 0.31622 -0.384863 0.867113 0.400795 -0.930002 -0.306262 0.203222 -0.504304 0.187352 -0.87068 -0.454769 0.485867 
1532460227889 0.214489 0.637431 -0.740052 -0.587219 -0.891446 0.437393 0.118374 -0.194582 0.399149 0.634326 0.662051 0.435376 0.31622 -0.384863 0.867113 0.400795 -0.930002 -0.306262 0.203222 -0.504304 0.187352 -0.87068 -0.454769 0.485867 
1532460228096 0.214699 0.636833 -0.740505 -0.587211 -0.891684 0.437162 0.117427 -0.194507 0.398502 0.635085 0.661712 0.435464 0.31622 -0.384863 0.867113 0.400795 -0.930002 -0.306262 0.203222 -0.504304 0.187352 -0.87068 -0.454769 0.485867 
1532460228103 0.214911 0.636234 -0.740958 -0.587203 -0.891922 0.43693 0.11648 -0.194432 0.397856 0.635844 0.661372 0.435553 0.31622 -0.384863 0.867113 0.400795 -0.930002 -0.306262 0.203222 -0.504304 0.187352 -0.87068 -0.454769 0.485867 
1532460228319 0.215122 0.635636 -0.741411 -0.587195 -0.892159 0.436698 0.115533 -0.194358 0.397209 0.636602 0.661031 0.435641 0.31622 -0.384863 0.867113 0.400795 -0.930002 -0.306262 0.203222 -0.504304 0.187352 -0.87068 -0.454769 0.485867 
1532460228529 0.215335 0.635036 -0.741862 -0.587187 -0.892395 0.436464 0.114586 -0.194283 0.396562 0.63736 0.660689 0.43573 0.31622 -0.384863 0.867113 0.400795 -0.930002 -0.306262 0.203222 -0.504304 0.187352 -0.87068 -0.454769 0.485867 
1532460228717 0.215547 0.634437 -0.742313 -0.587179 -0.892631 0.436229 0.113639 -0.194208 0.395916 0.638117 0.660346 0.435818 0.31622 -0.384863 0.867113 0.400795 -0.930002 -0.306262 0.203222 -0.504304 0.187352 -0.87068 -0.454769 0.485867 
1532460228724 0.21576 0.633837 -0.742764 -0.587172 -0.892866 0.435994 0.112693 -0.194134 0.395269 0.638874 0.660002 0.435907 0.31622 -0.384863 0.867113 0.400795 -0.930002 -0.306262 0.203222 -0.504304 0.187352 -0.87068 -0.454769 0.485867 
1532460228948 0.215973 0.633239 -0.743212 -0.587168 -0.8931 0.435757 0.111749 -0.194066 0.394624 0.639628 0.659658 0.435987 0.31622 -0.384863 0.867113 0.400795 -0.930002 -0.306262 0.203222 -0.504304 0.187352 -0.87068 -0.454769 0.485867 
1532460229162 0.216032 0.633089 -0.743323 -0.587145 -0.8931 0.435795 0.111604 -0.194117 0.394591 0.639751 0.659557 0.435905 0.31622 -0.384863 0.867113 0.400795 -0.930002 -0.306262 0.203222 -0.504304 0.187352 -0.87068 -0.454769 0.485867 
1532460229176 0.217199 0.632809 -0.743221 -0.587295 -0.893016 0.436256 0.110471 -0.193879 0.394142 0.639714 0.659862 0.435774 0.31622 -0.384863 0.867113 0.400795 -0.930002 -0.306262 0.203222 -0.504304 0.187352 -0.87068 -0.454769 0.485867 
1532460229381 0.218365 0.632528 -0.743119 -0.587445 -0.89293 0.436717 0.109338 -0.19364 0.393692 0.639677 0.660166 0.435643 0.31622 -0.384863 0.867113 0.400795 -0.930002 -0.306262 0.203222 -0.504304 0.187352 -0.87068 -0.454769 0.485867 
1532460229655 0.21953 0.632247 -0.743014 -0.587594 -0.892842 0.437178 0.108206 -0.193402 0.393242 0.63964 0.66047 0.435512 0.31622 -0.384863 0.867113 0.400795 -0.930002 -0.306262 0.203222 -0.504304 0.187352 -0.87068 -0.454769 0.485867 
1532460229863 0.220695 0.631965 -0.742909 -0.587744 -0.892753 0.437639 0.107073 -0.193163 0.392792 0.639604 0.660774 0.435381 0.31622 -0.384863 0.867113 0.400795 -0.930002 -0.306262 0.203222 -0.504304 0.187352 -0.87068 -0.454769 0.485867 
1532460230084 0.221861 0.631683 -0.742802 -0.587894 -0.892662 0.438099 0.105941 -0.192925 0.392342 0.639567 0.661076 0.43525 0.31622 -0.384863 0.867113 0.400795 -0.930002 -0.306262 0.203222 -0.504304 0.187352 -0.87068 -0.454769 0.485867 
1532460230356 0.223025 0.6314 -0.742693 -0.588044 -0.89257 0.438559 0.104808 -0.192687 0.391891 0.639531 0.661379 0.435118 0.31622 -0.384863 0.867113 0.400795 -0.930002 -0.306262 0.203222 -0.504304 0.187352 -0.87068 -0.454769 0.485867 
1532460230590 0.22419 0.631117 -0.742584 -0.588194 -0.892476 0.439018 0.103676 -0.192448 0.391439 0.639495 0.66168 0.434987 0.31622 -0.384863 0.867113 0.400795 -0.930002 -0.306262 0.203222 -0.504304 0.187352 -0.87068 -0.454769 0.485867 
1532460230597 0.225354 0.630833 -0.742472 -0.588343 -0.892381 0.439478 0.102543 -0.19221 0.390988 0.63946 0.661981 0.434856 0.31622 -0.384863 0.867113 0.400795 -0.930002 -0.306262 0.203222 -0.504304 0.187352 -0.87068 -0.454769 0.485867 
1532460230931 0.226514 0.630549 -0.742361 -0.588487 -0.892284 0.439936 0.101415 -0.191981 0.390538 0.639425 0.662281 0.434729 0.31622 -0.384863 0.867113 0.400795 -0.930002 -0.306262 0.203222 -0.504304 0.187352 -0.87068 -0.454769 0.485867 
1532460231175 0.226538 0.630608 -0.742303 -0.588511 -0.892258 0.439977 0.101472 -0.191947 0.390585 0.639339 0.662336 0.4348 0.31622 -0.384863 0.867113 0.400795 -0.930002 -0.306262 0.203222 -0.504304 0.187352 -0.87068 -0.454769 0.485867 
1532460231187 0.226876 0.630307 -0.742456 -0.588578 -0.892071 0.440399 0.101281 -0.191784 0.390815 0.639345 0.662194 0.434728 0.31622 -0.384863 0.867113 0.400795 -0.930002 -0.306262 0.203222 -0.504304 0.187352 -0.87068 -0.454769 0.485867 
1532460231194 0.227214 0.630005 -0.742608 -0.588645 -0.891884 0.440822 0.101092 -0.19162 0.391046 0.639351 0.662052 0.434655 0.31622 -0.384863 0.867113 0.400795 -0.930002 -0.306262 0.203222 -0.504304 0.187352 -0.87068 -0.454769 0.485867 
1532460231501 0.227552 0.629704 -0.742761 -0.588711 -0.891696 0.441244 0.100902 -0.191457 0.391277 0.639357 0.66191 0.434583 0.31622 -0.384863 0.867113 0.400795 -0.930002 -0.306262 0.203222 -0.504304 0.187352 -0.87068 -0.454769 0.485867 
1532460231750 0.227889 0.629402 -0.742913 -0.588778 -0.891509 0.441667 0.100712 -0.191293 0.391508 0.639362 0.661768 0.43451 0.31622 -0.384863 0.867113 0.400795 -0.930002 -0.306262 0.203222 -0.504304 0.187352 -0.87068 -0.454769 0.485867 
1532460231952 0.228226 0.6291 -0.743065 -0.588845 -0.891321 0.442088 0.100523 -0.19113 0.391739 0.639368 0.661626 0.434438 0.31622 -0.384863 0.867113 0.400795 -0.930002 -0.306262 0.203222 -0.504304 0.187352 -0.87068 -0.454769 0.485867 
1532460232131 0.228563 0.628798 -0.743217 -0.588912 -0.891133 0.44251 0.100333 -0.190966 0.39197 0.639373 0.661484 0.434366 0.31622 -0.384863 0.867113 0.400795 -0.930002 -0.306262 0.203222 -0.504304 0.187352 -0.87068 -0.454769 0.485867 
1532460232338 0.2289 0.628495 -0.743369 -0.588979 -0.890945 0.442932 0.100143 -0.190803 0.392201 0.639379 0.661342 0.434293 0.31622 -0.384863 0.867113 0.400795 -0.930002 -0.306262 0.203222 -0.504304 0.187352 -0.87068 -0.454769 0.485867 
1532460232542 0.229237 0.628193 -0.743521 -0.589045 -0.890757 0.443353 0.0999527 -0.190639 0.392432 0.639384 0.6612 0.434221 0.31622 -0.384863 0.867113 0.400795 -0.930002 -0.306262 0.203222 -0.504304 0.187352 -0.87068 -0.454769 0.485867 
1532460232716 0.229573 0.627891 -0.743673 -0.58911 -0.890568 0.443774 0.0997637 -0.19048 0.392664 0.639388 0.661058 0.434149 0.31622 -0.384863 0.867113 0.400795 -0.930002 -0.306262 0.203222 -0.504304 0.187352 -0.87068 -0.454769 0.485867 
1532460232914 0.22966 0.627821 -0.743705 -0.5891 -0.890532 0.443862 0.0996984 -0.190546 0.392695 0.639396 0.661032 0.434121 0.31622 -0.384863 0.867113 0.400795 -0.930002 -0.306262 0.203222 -0.504304 0.187352 -0.87068 -0.454769 0.485867 
1532460232926 0.230109 0.627566 -0.743782 -0.589236 -0.890306 0.444361 0.0994894 -0.190414 0.392943 0.6393 0.660977 0.434049 0.31622 -0.384863 0.867113 0.400795 -0.930002 -0.306262 0.203222 -0.504304 0.187352 -0.87068 -0.454769 0.485867 
1532460233123 0.230559 0.62731 -0.743858 -0.589371 -0.89008 0.44486 0.0992785 -0.190283 0.393191 0.639204 0.660923 0.433977 0.31622 -0.384863 0.867113 0.400795 -0.930002 -0.306262 0.203222 -0.504304 0.187352 -0.87068 -0.454769 0.485867 
1532460233348 0.231009 0.627053 -0.743935 -0.589507 -0.889854 0.445359 0.0990679 -0.190151 0.393439 0.639108 0.660868 0.433905 0.31622 -0.384863 0.867113 0.400795 -0.930002 -0.306262 0.203222 -0.504304 0.187352 -0.87068 -0.454769 0.485867 
1532460233540 0.231458 0.626797 -0.744011 -0.589643 -0.889628 0.445858 0.0988573 -0.19002 0.393687 0.639012 0.660813 0.433833 0.31622 -0.384863 0.867113 0.400795 -0.930002 -0.306262 0.203222 -0.504304 0.187352 -0.87068 -0.454769 0.485867 
1532460233717 0.231908 0.62654 -0.744088 -0.589779 -0.889401 0.446357 0.0986466 -0.189888 0.393935 0.638915 0.660759 0.433762 0.31622 -0.384863 0.867113 0.400795 -0.930002 -0.306262 0.203222 -0.504304 0.187352 -0.87068 -0.454769 0.485867 
1532460233934 0.232357 0.626283 -0.744164 -0.589915 -0.889174 0.446856 0.0984359 -0.189756 0.394183 0.638819 0.660705 0.43369 0.31622 -0.384863 0.867113 0.400795 -0.930002 -0.306262 0.203222 -0.504304 0.187352 -0.87068 -0.454769 0.485867 
1532460234115 0.232806 0.626026 -0.74424 -0.590051 -0.888947 0.447354 0.0982251 -0.189625 0.39443 0.638722 0.66065 0.433618 0.31622 -0.384863 0.867113 0.400795 -0.930002 -0.306262 0.203222 -0.504304 0.187352 -0.87068 -0.454769 0.485867 
1532460234331 0.233255 0.625768 -0.744316 -0.590186 -0.888719 0.447852 0.0980143 -0.189493 0.394678 0.638626 0.660596 0.433546 0.31622 -0.384863 0.867113 0.400795 -0.930002 -0.306262 0.203222 -0.504304 0.187352 -0.87068 -0.454769 0.485867 
1532460234337 0.233703 0.62551 -0.744392 -0.590316 -0.888491 0.44835 0.0978046 -0.189365 0.394926 0.638528 0.660541 0.433476 0.31622 -0.384863 0.867113 0.400795 -0.930002 -0.306262 0.203222 -0.504304 0.187352 -0.87068 -0.454769 0.485867 
1532460234566 0.23366 0.625457 -0.74445 -0.590282 -0.888498 0.448337 0.097802 -0.189402 0.394935 0.63859 0.660476 0.433445 0.31622 -0.384863 0.867113 0.400795 -0.930002 -0.306262 0.203222 -0.504304 0.187352 -0.87068 -0.454769 0.485867 
1532460234577 0.234405 0.625359 -0.744299 -0.590424 -0.888278 0.448863 0.0973852 -0.189259 0.394989 0.638317 0.660708 0.433331 0.31622 -0.384863 0.867113 0.400795 -0.930002 -0.306262 0.203222 -0.504304 0.187352 -0.87068 -0.454769 0.485867 
1532460234809 0.235152 0.625259 -0.744147 -0.590567 -0.888057 0.449391 0.0969677 -0.189116 0.395043 0.638043 0.660941 0.433218 0.31622 -0.384863 0.867113 0.400795 -0.930002 -0.306262 0.203222 -0.504304 0.187352 -0.87068 -0.454769 0.485867 
1532460235005 0.235897 0.625159 -0.743995 -0.590709 -0.887835 0.449919 0.0965508 -0.188974 0.395097 0.637769 0.661173 0.433104 0.31622 -0.384863 0.867113 0.400795 -0.930002 -0.306262 0.203222 -0.504304 0.187352 -0.87068 -0.454769 0.485867 
1532460235212 0.236643 0.625059 -0.743843 -0.590852 -0.887613 0.450447 0.096134 -0.188831 0.395151 0.637495 0.661405 0.43299 0.31622 -0.384863 0.867113 0.400795 -0.930002 -0.306262 0.203222 -0.504304 0.187352 -0.87068 -0.454769 0.485867 
1532460235429 0.237388 0.624958 -0.74369 -0.590994 -0.88739 0.450974 0.0957174 -0.188688 0.395204 0.63722 0.661637 0.432876 0.31622 -0.384863 0.867113 0.400795 -0.930002 -0.306262 0.203222 -0.504304 0.187352 -0.87068 -0.454769 0.485867 
1532460235662 0.238133 0.624857 -0.743537 -0.591137 -0.887166 0.451501 0.0953009 -0.188545 0.395257 0.636946 0.661869 0.432762 0.31622 -0.384863 0.867113 0.400795 -0.930002 -0.306262 0.203222 -0.504304 0.187352 -0.87068 -0.454769 0.485867 
1532460235864 0.238878 0.624755 -0.743383 -0.591279 -0.886943 0.452028 0.0948845 -0.188402 0.39531 0.636672 0.662102 0.432648 0.31622 -0.384863 0.867113 0.400795 -0.930002 -0.306262 0.203222 -0.504304 0.187352 -0.87068 -0.454769 0.485867 
1532460236076 0.239623 0.624653 -0.743229 -0.591422 -0.886718 0.452555 0.0944684 -0.18826 0.395362 0.636398 0.662334 0.432535 0.31622 -0.384863 0.867113 0.400795 -0.930002 -0.306262 0.203222 -0.504304 0.187352 -0.87068 -0.454769 0.485867 
1532460236083 0.240366 0.62455 -0.743076 -0.591557 -0.886493 0.453082 0.0940542 -0.188121 0.395416 0.636124 0.662565 0.432426 0.31622 -0.384863 0.867113 0.400795 -0.930002 -0.306262 0.203222 -0.504304 0.187352 -0.87068 -0.454769 0.485867 
1532460236371 0.240305 0.624647 -0.743014 -0.591561 -0.886533 0.452993 0.0941062 -0.188062 0.395363 0.636093 0.662626 0.432478 0.31622 -0.384863 0.867113 0.400795 -0.930002 -0.306262 0.203222 -0.504304 0.187352 -0.87068 -0.454769 0.485867 
1532460236383 0.240912 0.624507 -0.742935 -0.591673 -0.886108 0.453818 0.0941386 -0.187951 0.395948 0.635641 0.662711 0.432392 0.31622 -0.384863 0.867113 0.400795 -0.930002 -0.306262 0.203222 -0.504304 0.187352 -0.87068 -0.454769 0.485867 
1532460236603 0.241521 0.624367 -0.742855 -0.591785 -0.885681 0.454645 0.0941697 -0.187841 0.396532 0.635188 0.662796 0.432306 0.31622 -0.384863 0.867113 0.400795 -0.930002 -0.306262 0.203222 -0.504304 0.187352 -0.87068 -0.454769 0.485867 
1532460236821 0.24213 0.624226 -0.742776 -0.591898 -0.885253 0.45547 0.0942012 -0.18773 0.397115 0.634735 0.662881 0.43222 0.31622 -0.384863 0.867113 0.400795 -0.930002 -0.306262 0.203222 -0.504304 0.187352 -0.87068 -0.454769 0.485867 
1532460237028 0.242738 0.624084 -0.742696 -0.59201 -0.884825 0.456296 0.0942328 -0.187619 0.397698 0.634282 0.662965 0.432134 0.31622 -0.384863 0.867113 0.400795 -0.930002 -0.306262 0.203222 -0.504304 0.187352 -0.87068 -0.454769 0.485867 
1532460237205 0.243346 0.623942 -0.742616 -0.592122 -0.884396 0.45712 0.0942644 -0.187508 0.39828 0.633828 0.66305 0.432048 0.31622 -0.384863 0.867113 0.400795 -0.930002 -0.306262 0.203222 -0.504304 0.187352 -0.87068 -0.454769 0.485867 
1532460237391 0.243955 0.623799 -0.742537 -0.592235 -0.883965 0.457945 0.0942963 -0.187397 0.398863 0.633373 0.663135 0.431962 0.31622 -0.384863 0.867113 0.400795 -0.930002 -0.306262 0.203222 -0.504304 0.187352 -0.87068 -0.454769 0.485867 
1532460237397 0.244562 0.623656 -0.742457 -0.592347 -0.883535 0.458769 0.0943281 -0.187286 0.399444 0.632917 0.663219 0.431876 0.31622 -0.384863 0.867113 0.400795 -0.930002 -0.306262 0.203222 -0.504304 0.187352 -0.87068 -0.454769 0.485867 
1532460237640 0.24517 0.623512 -0.742378 -0.592459 -0.883103 0.459593 0.0943603 -0.187176 0.400026 0.632462 0.663303 0.43179 0.31622 -0.384863 0.867113 0.400795 -0.930002 -0.306262 0.203222 -0.504304 0.187352 -0.87068 -0.454769 0.485867 
1532460237864 0.245777 0.623367 -0.742299 -0.592566 -0.882671 0.460415 0.0943929 -0.187067 0.400607 0.632006 0.663387 0.431708 0.31622 -0.384863 0.867113 0.400795 -0.930002 -0.306262 0.203222 -0.504304 0.187352 -0.87068 -0.454769 0.485867 
1532460238054 0.245734 0.623374 -0.742307 -0.592544 -0.882698 0.460364 0.0943942 -0.187047 0.400574 0.632037 0.663378 0.431737 0.31622 -0.384863 0.867113 0.400795 -0.930002 -0.306262 0.203222 -0.504304 0.187352 -0.87068 -0.454769 0.485867 
1532460238067 0.246607 0.623215 -0.742151 -0.592658 -0.882359 0.461092 0.0940029 -0.186931 0.400784 0.631662 0.663608 0.431654 0.31622 -0.384863 0.867113 0.400795 -0.930002 -0.306262 0.203222 -0.504304 0.187352 -0.87068 -0.454769 0.485867 
1532460238073 0.24748 0.623057 -0.741993 -0.592772 -0.882019 0.461822 0.0936114 -0.186815 0.400994 0.631285 0.66384 0.43157 0.31622 -0.384863 0.867113 0.400795 -0.930002 -0.306262 0.203222 -0.504304 0.187352 -0.87068 -0.454769 0.485867 
1532460238345 0.248352 0.622898 -0.741835 -0.592887 -0.881679 0.46255 0.0932206 -0.186698 0.401203 0.630909 0.664071 0.431487 0.31622 -0.384863 0.867113 0.400795 -0.930002 -0.306262 0.203222 -0.504304 0.187352 -0.87068 -0.454769 0.485867 
1532460238572 0.249225 0.622738 -0.741677 -0.593001 -0.881338 0.463278 0.09283 -0.186582 0.401411 0.630532 0.664303 0.431403 0.31622 -0.384863 0.867113 0.400795 -0.930002 -0.306262 0.203222 -0.504304 0.187352 -0.87068 -0.454769 0.485867 
1532460238782 0.250097 0.622578 -0.741518 -0.593115 -0.880996 0.464006 0.0924396 -0.186466 0.40162 0.630155 0.664535 0.43132 0.31622 -0.384863 0.867113 0.400795 -0.930002 -0.306262 0.203222 -0.504304 0.187352 -0.87068 -0.454769 0.485867 
1532460238966 0.250968 0.622417 -0.741359 -0.59323 -0.880653 0.464733 0.0920494 -0.186349 0.401827 0.629778 0.664766 0.431237 0.31622 -0.384863 0.867113 0.400795 -0.930002 -0.306262 0.203222 -0.504304 0.187352 -0.87068 -0.454769 0.485867 
1532460239193 0.25184 0.622255 -0.741199 -0.593344 -0.88031 0.465461 0.0916594 -0.186233 0.402034 0.629401 0.664998 0.431153 0.31622 -0.384863 0.867113 0.400795 -0.930002 -0.306262 0.203222 -0.504304 0.187352 -0.87068 -0.454769 0.485867 
1532460239389 0.252712 0.622092 -0.741039 -0.593458 -0.879965 0.466188 0.0912696 -0.186117 0.402242 0.629023 0.66523 0.43107 0.31622 -0.384863 0.867113 0.400795 -0.930002 -0.306262 0.203222 -0.504304 0.187352 -0.87068 -0.454769 0.485867 
1532460239586 0.253581 0.621928 -0.740879 -0.593567 -0.87962 0.466914 0.090882 -0.186004 0.402449 0.628646 0.665461 0.430991 0.31622 -0.384863 0.867113 0.400795 -0.930002 -0.306262 0.203222 -0.504304 0.187352 -0.87068 -0.454769 0.485867 
1532460239833 0.253732 0.621932 -0.740824 -0.59356 -0.879604 0.466968 0.0907624 -0.186087 0.402389 0.628603 0.665539 0.430985 0.31622 -0.384863 0.867113 0.400795 -0.930002 -0.306262 0.203222 -0.504304 0.187352 -0.87068 -0.454769 0.485867 
1532460239843 0.254655 0.621845 -0.74058 -0.59367 -0.879174 0.467826 0.0905098 -0.185958 0.402746 0.62805 0.665844 0.430898 0.31622 -0.384863 0.867113 0.400795 -0.930002 -0.306262 0.203222 -0.504304 0.187352 -0.87068 -0.454769 0.485867 
1532460240059 0.255579 0.621758 -0.740336 -0.59378 -0.878742 0.468685 0.0902569 -0.18583 0.403102 0.627496 0.666151 0.43081 0.31622 -0.384863 0.867113 0.400795 -0.930002 -0.306262 0.203222 -0.504304 0.187352 -0.87068 -0.454769 0.485867 
1532460240284 0.256502 0.621669 -0.740091 -0.593891 -0.87831 0.469543 0.0900048 -0.185701 0.403457 0.626943 0.666457 0.430722 0.31622 -0.384863 0.867113 0.400795 -0.930002 -0.306262 0.203222 -0.504304 0.187352 -0.87068 -0.454769 0.485867 
1532460240558 0.257425 0.62158 -0.739845 -0.594001 -0.877877 0.4704 0.0897531 -0.185572 0.403812 0.626389 0.666763 0.430635 0.31622 -0.384863 0.867113 0.400795 -0.930002 -0.306262 0.203222 -0.504304 0.187352 -0.87068 -0.454769 0.485867 
1532460240774 0.258347 0.621489 -0.7396 -0.594111 -0.877443 0.471256 0.0895017 -0.185444 0.404165 0.625834 0.667069 0.430547 0.31622 -0.384863 0.867113 0.400795 -0.930002 -0.306262 0.203222 -0.504304 0.187352 -0.87068 -0.454769 0.485867 
1532460240982 0.25927 0.621397 -0.739354 -0.594221 -0.877008 0.472114 0.0892507 -0.185315 0.404519 0.625279 0.667376 0.430459 0.31622 -0.384863 0.867113 0.400795 -0.930002 -0.306262 0.203222 -0.504304 0.187352 -0.87068 -0.454769 0.485867 
1532460241225 0.260193 0.621305 -0.739108 -0.594331 -0.876572 0.472969 0.089 -0.185186 0.404871 0.624724 0.667682 0.430372 0.31622 -0.384863 0.867113 0.400795 -0.930002 -0.306262 0.203222 -0.504304 0.187352 -0.87068 -0.454769 0.485867 
1532460241452 0.261115 0.621211 -0.738861 -0.594441 -0.876135 0.473825 0.0887498 -0.185057 0.405223 0.624168 0.667988 0.430284 0.31622 -0.384863 0.867113 0.400795 -0.930002 -0.306262 0.203222 -0.504304 0.187352 -0.87068 -0.454769 0.485867 
1532460241668 0.262034 0.621116 -0.738615 -0.594546 -0.875698 0.47468 0.0885014 -0.184933 0.405575 0.623613 0.668293 0.430202 0.31622 -0.384863 0.867113 0.400795 -0.930002 -0.306262 0.203222 -0.504304 0.187352 -0.87068 -0.454769 0.485867 
1532460241889 0.261912 0.621163 -0.738619 -0.594576 -0.875753 0.474567 0.0885623 -0.184911 0.405536 0.623652 0.66828 0.430223 0.31622 -0.384863 0.867113 0.400795 -0.930002 -0.306262 0.203222 -0.504304 0.187352 -0.87068 -0.454769 0.485867 
1532460242088 0.262636 0.620952 -0.73854 -0.594679 -0.875236 0.475519 0.088562 -0.184799 0.406183 0.623137 0.668368 0.430162 0.31622 -0.384863 0.867113 0.400795 -0.930002 -0.306262 0.203222 -0.504304 0.187352 -0.87068 -0.454769 0.485867 
1532460242313 0.263361 0.620741 -0.738459 -0.594782 -0.874718 0.476472 0.0885618 -0.184687 0.406829 0.62262 0.668457 0.430101 0.31622 -0.384863 0.867113 0.400795 -0.930002 -0.306262 0.203222 -0.504304 0.187352 -0.87068 -0.454769 0.485867 
1532460242495 0.264085 0.620529 -0.738378 -0.594884 -0.874199 0.477423 0.088562 -0.184575 0.407474 0.622102 0.668546 0.430041 0.31622 -0.384863 0.867113 0.400795 -0.930002 -0.306262 0.203222 -0.504304 0.187352 -0.87068 -0.454769 0.485867 
1532460242713 0.264809 0.620317 -0.738298 -0.594987 -0.873679 0.478373 0.0885623 -0.184463 0.408119 0.621583 0.668635 0.42998 0.31622 -0.384863 0.867113 0.400795 -0.930002 -0.306262 0.203222 -0.504304 0.187352 -0.87068 -0.454769 0.485867 
1532460242920 0.265533 0.620103 -0.738217 -0.59509 -0.873158 0.479324 0.0885629 -0.184351 0.408763 0.621064 0.668724 0.429919 0.31622 -0.384863 0.867113 0.400795 -0.930002 -0.306262 0.203222 -0.504304 0.187352 -0.87068 -0.454769 0.485867 
1532460243144 0.266256 0.619889 -0.738137 -0.595193 -0.872636 0.480273 0.0885634 -0.184238 0.409407 0.620544 0.668813 0.429858 0.31622 -0.384863 0.867113 0.400795 -0.930002 -0.306262 0.203222 -0.504304 0.187352 -0.87068 -0.454769 0.485867 
1532460243395 0.266979 0.619674 -0.738056 -0.595296 -0.872113 0.481223 0.0885642 -0.184126 0.41005 0.620023 0.668902 0.429797 0.31622 -0.384863 0.867113 0.400795 -0.930002 -0.306262 0.203222 -0.504304 0.187352 -0.87068 -0.454769 0.485867 
1532460243635 0.267702 0.619458 -0.737976 -0.595398 -0.871589 0.482172 0.0885652 -0.184014 0.410693 0.619502 0.66899 0.429737 0.31622 -0.384863 0.867113 0.400795 -0.930002 -0.306262 0.203222 -0.504304 0.187352 -0.87068 -0.454769 0.485867 
1532460243946 0.268423 0.619241 -0.737895 -0.595496 -0.871064 0.483119 0.0885669 -0.183905 0.411335 0.618981 0.669079 0.429679 0.31622 -0.384863 0.867113 0.400795 -0.930002 -0.306262 0.203222 -0.504304 0.187352 -0.87068 -0.454769 0.485867 
1532460244206 0.26856 0.619158 -0.737915 -0.595453 -0.871 0.48325 0.0884825 -0.183973 0.411382 0.618961 0.669068 0.429713 0.31622 -0.384863 0.867113 0.400795 -0.930002 -0.306262 0.203222 -0.504304 0.187352 -0.87068 -0.454769 0.485867 
1532460244219 0.269566 0.618972 -0.737704 -0.595563 -0.870416 0.48433 0.0883176 -0.183834 0.411959 0.618302 0.669322 0.429604 0.31622 -0.384863 0.867113 0.400795 -0.930002 -0.306262 0.203222 -0.504304 0.187352 -0.87068 -0.454769 0.485867 
1532460244437 0.270573 0.618785 -0.737493 -0.595674 -0.869831 0.48541 0.0881524 -0.183695 0.412534 0.617643 0.669577 0.429496 0.31622 -0.384863 0.867113 0.400795 -0.930002 -0.306262 0.203222 -0.504304 0.187352 -0.87068 -0.454769 0.485867 
1532460244663 0.271579 0.618596 -0.737282 -0.595784 -0.869245 0.486489 0.0879876 -0.183556 0.413108 0.616983 0.669831 0.429387 0.31622 -0.384863 0.867113 0.400795 -0.930002 -0.306262 0.203222 -0.504304 0.187352 -0.87068 -0.454769 0.485867 
1532460244902 0.272585 0.618405 -0.73707 -0.595895 -0.868657 0.487568 0.0878232 -0.183417 0.413682 0.616322 0.670086 0.429278 0.31622 -0.384863 0.867113 0.400795 -0.930002 -0.306262 0.203222 -0.504304 0.187352 -0.87068 -0.454769 0.485867 
1532460245146 0.27359 0.618214 -0.736858 -0.596005 -0.868068 0.488645 0.0876592 -0.183278 0.414254 0.61566 0.67034 0.42917 0.31622 -0.384863 0.867113 0.400795 -0.930002 -0.306262 0.203222 -0.504304 0.187352 -0.87068 -0.454769 0.485867 
1532460245375 0.274596 0.618021 -0.736646 -0.596115 -0.867477 0.489723 0.0874957 -0.183139 0.414826 0.614997 0.670595 0.429061 0.31622 -0.384863 0.867113 0.400795 -0.930002 -0.306262 0.203222 -0.504304 0.187352 -0.87068 -0.454769 0.485867 
1532460245613 0.275601 0.617827 -0.736434 -0.596226 -0.866885 0.490799 0.0873326 -0.183 0.415398 0.614334 0.670849 0.428952 0.31622 -0.384863 0.867113 0.400795 -0.930002 -0.306262 0.203222 -0.504304 0.187352 -0.87068 -0.454769 0.485867 
1532460245883 0.276605 0.617631 -0.736221 -0.596336 -0.866291 0.491875 0.0871699 -0.182861 0.415968 0.61367 0.671103 0.428844 0.31622 -0.384863 0.867113 0.400795 -0.930002 -0.306262 0.203222 -0.504304 0.187352 -0.87068 -0.454769 0.485867 
1532460246132 0.277608 0.617434 -0.736009 -0.59644 -0.865697 0.492949 0.0870088 -0.182726 0.416537 0.613006 0.671357 0.428741 0.31622 -0.384863 0.867113 0.400795 -0.930002 -0.306262 0.203222 -0.504304 0.187352 -0.87068 -0.454769 0.485867 
1532460246395 0.277593 0.617427 -0.73602 -0.596407 -0.865667 0.492991 0.0870667 -0.182749 0.416608 0.612979 0.671337 0.428752 0.31622 -0.384863 0.867113 0.400795 -0.930002 -0.306262 0.203222 -0.504304 0.187352 -0.87068 -0.454769 0.485867 
1532460246407 0.278497 0.617238 -0.735838 -0.596506 -0.865086 0.494024 0.0869845 -0.182604 0.417212 0.612338 0.671548 0.428652 0.31622 -0.384863 0.867113 0.400795 -0.930002 -0.306262 0.203222 -0.504304 0.187352 -0.87068 -0.454769 0.485867 
1532460246630 0.279402 0.617047 -0.735655 -0.596604 -0.864503 0.495058 0.0869014 -0.182459 0.417814 0.611696 0.671759 0.428551 0.31622 -0.384863 0.867113 0.400795 -0.930002 -0.306262 0.203222 -0.504304 0.187352 -0.87068 -0.454769 0.485867 
1532460246911 0.280306 0.616854 -0.735472 -0.596703 -0.86392 0.49609 0.0868191 -0.182314 0.418415 0.611053 0.67197 0.428451 0.31622 -0.384863 0.867113 0.400795 -0.930002 -0.306262 0.203222 -0.504304 0.187352 -0.87068 -0.454769 0.485867 
1532460247130 0.281211 0.616661 -0.735289 -0.596802 -0.863334 0.497122 0.0867372 -0.182169 0.419016 0.610409 0.672181 0.42835 0.31622 -0.384863 0.867113 0.400795 -0.930002 -0.306262 0.203222 -0.504304 0.187352 -0.87068 -0.454769 0.485867 
1532460247362 0.282114 0.616466 -0.735106 -0.5969 -0.862748 0.498153 0.0866554 -0.182024 0.419615 0.609765 0.672391 0.42825 0.31622 -0.384863 0.867113 0.400795 -0.930002 -0.306262 0.203222 -0.504304 0.187352 -0.87068 -0.454769 0.485867 
1532460247580 0.283018 0.616271 -0.734923 -0.596999 -0.86216 0.499184 0.0865742 -0.181879 0.420214 0.609119 0.672602 0.42815 0.31622 -0.384863 0.867113 0.400795 -0.930002 -0.306262 0.203222 -0.504304 0.187352 -0.87068 -0.454769 0.485867 
1532460247814 0.283921 0.616074 -0.734739 -0.597098 -0.861571 0.500214 0.0864933 -0.181734 0.420813 0.608473 0.672813 0.428049 0.31622 -0.384863 0.867113 0.400795 -0.930002 -0.306262 0.203222 -0.504304 0.187352 -0.87068 -0.454769 0.485867 
1532460248059 0.284824 0.615876 -0.734556 -0.597196 -0.860981 0.501242 0.0864127 -0.181589 0.42141 0.607827 0.673023 0.427949 0.31622 -0.384863 0.867113 0.400795 -0.930002 -0.306262 0.203222 -0.504304 0.187352 -0.87068 -0.454769 0.485867 
1532460248066 0.285725 0.615676 -0.734373 -0.59729 -0.86039 0.50227 0.0863334 -0.181448 0.422007 0.60718 0.673233 0.427854 0.31622 -0.384863 0.867113 0.400795 -0.930002 -0.306262 0.203222 -0.504304 0.187352 -0.87068 -0.454769 0.485867 
1532460248379 0.285676 0.615579 -0.734474 -0.597269 -0.860398 0.502263 0.0863037 -0.181488 0.422025 0.607285 0.673127 0.42783 0.31622 -0.384863 0.867113 0.400795 -0.930002 -0.306262 0.203222 -0.504304 0.187352 -0.87068 -0.454769 0.485867 
1532460248389 0.286352 0.61544 -0.734327 -0.597359 -0.859759 0.50331 0.0865605 -0.181364 0.422867 0.606558 0.673254 0.42773 0.31622 -0.384863 0.867113 0.400795 -0.930002 -0.306262 0.203222 -0.504304 0.187352 -0.87068 -0.454769 0.485867 
1532460248628 0.287029 0.615301 -0.734179 -0.597448 -0.859119 0.504358 0.0868174 -0.181241 0.423708 0.605828 0.673383 0.427631 0.31622 -0.384863 0.867113 0.400795 -0.930002 -0.306262 0.203222 -0.504304 0.187352 -0.87068 -0.454769 0.485867 
1532460248635 0.287706 0.615161 -0.734031 -0.597538 -0.858479 0.505403 0.0870747 -0.181117 0.424547 0.605098 0.67351 0.427531 0.31622 -0.384863 0.867113 0.400795 -0.930002 -0.306262 0.203222 -0.504304 0.187352 -0.87068 -0.454769 0.485867 
1532460248916 0.288382 0.615021 -0.733884 -0.597627 -0.857836 0.506449 0.0873324 -0.180993 0.425386 0.604367 0.673638 0.427432 0.31622 -0.384863 0.867113 0.400795 -0.930002 -0.306262 0.203222 -0.504304 0.187352 -0.87068 -0.454769 0.485867 
1532460249145 0.289059 0.614879 -0.733736 -0.597717 -0.857192 0.507494 0.0875904 -0.18087 0.426224 0.603634 0.673765 0.427332 0.31622 -0.384863 0.867113 0.400795 -0.930002 -0.306262 0.203222 -0.504304 0.187352 -0.87068 -0.454769 0.485867 
1532460249405 0.289735 0.614736 -0.733589 -0.597807 -0.856547 0.508537 0.0878483 -0.180746 0.427061 0.602901 0.673891 0.427232 0.31622 -0.384863 0.867113 0.400795 -0.930002 -0.306262 0.203222 -0.504304 0.187352 -0.87068 -0.454769 0.485867 
1532460249724 0.290411 0.614593 -0.733442 -0.597896 -0.855901 0.50958 0.0881067 -0.180622 0.427897 0.602166 0.674018 0.427133 0.31622 -0.384863 0.867113 0.400795 -0.930002 -0.306262 0.203222 -0.504304 0.187352 -0.87068 -0.454769 0.485867 
1532460249944 0.291086 0.614448 -0.733295 -0.597986 -0.855253 0.510621 0.0883652 -0.180498 0.428732 0.601431 0.674144 0.427033 0.31622 -0.384863 0.867113 0.400795 -0.930002 -0.306262 0.203222 -0.504304 0.187352 -0.87068 -0.454769 0.485867 
1532460250192 0.291761 0.614303 -0.733149 -0.59807 -0.854604 0.511661 0.0886239 -0.180377 0.429566 0.600695 0.674268 0.426939 0.31622 -0.384863 0.867113 0.400795 -0.930002 -0.306262 0.203222 -0.504304 0.187352 -0.87068 -0.454769 0.485867 
1532460250463 0.291933 0.614297 -0.733085 -0.598036 -0.85457 0.511739 0.0885066 -0.180438 0.429518 0.600635 0.674353 0.426978 0.31622 -0.384863 0.867113 0.400795 -0.930002 -0.306262 0.203222 -0.504304 0.187352 -0.87068 -0.454769 0.485867 
1532460250470 0.292678 0.614085 -0.732966 -0.598115 -0.85401 0.512672 0.0885095 -0.180308 0.430123 0.600055 0.674483 0.426878 0.31622 -0.384863 0.867113 0.400795 -0.930002 -0.306262 0.203222 -0.504304 0.187352 -0.87068 -0.454769 0.485867 
1532460250477 0.293425 0.613873 -0.732845 -0.598193 -0.853449 0.513606 0.0885119 -0.180179 0.430729 0.599474 0.674614 0.426778 0.31622 -0.384863 0.867113 0.400795 -0.930002 -0.306262 0.203222 -0.504304 0.187352 -0.87068 -0.454769 0.485867 
1532460250728 0.294171 0.61366 -0.732725 -0.598272 -0.852886 0.514539 0.0885148 -0.180049 0.431333 0.598892 0.674744 0.426678 0.31622 -0.384863 0.867113 0.400795 -0.930002 -0.306262 0.203222 -0.504304 0.187352 -0.87068 -0.454769 0.485867 
1532460250966 0.294917 0.613445 -0.732604 -0.59835 -0.852323 0.515471 0.088518 -0.179919 0.431937 0.59831 0.674875 0.426578 0.31622 -0.384863 0.867113 0.400795 -0.930002 -0.306262 0.203222 -0.504304 0.187352 -0.87068 -0.454769 0.485867 
1532460251199 0.295663 0.61323 -0.732484 -0.598429 -0.851758 0.516403 0.0885214 -0.17979 0.432541 0.597726 0.675005 0.426479 0.31622 -0.384863 0.867113 0.400795 -0.930002 -0.306262 0.203222 -0.504304 0.187352 -0.87068 -0.454769 0.485867 
1532460251469 0.296409 0.613014 -0.732363 -0.598508 -0.851193 0.517334 0.0885248 -0.17966 0.433143 0.597142 0.675135 0.426379 0.31622 -0.384863 0.867113 0.400795 -0.930002 -0.306262 0.203222 -0.504304 0.187352 -0.87068 -0.454769 0.485867 
1532460251702 0.297154 0.612797 -0.732242 -0.598586 -0.850626 0.518265 0.0885287 -0.17953 0.433746 0.596558 0.675266 0.426279 0.31622 -0.384863 0.867113 0.400795 -0.930002 -0.306262 0.203222 -0.504304 0.187352 -0.87068 -0.454769 0.485867 
1532460251925 0.297899 0.612579 -0.732122 -0.598665 -0.850058 0.519195 0.0885327 -0.1794 0.434347 0.595973 0.675396 0.426179 0.31622 -0.384863 0.867113 0.400795 -0.930002 -0.306262 0.203222 -0.504304 0.187352 -0.87068 -0.454769 0.485867 
1532460252138 0.298642 0.612361 -0.732002 -0.598739 -0.84949 0.520123 0.0885375 -0.179274 0.434948 0.595387 0.675525 0.426084 0.31622 -0.384863 0.867113 0.400795 -0.930002 -0.306262 0.203222 -0.504304 0.187352 -0.87068 -0.454769 0.485867 
1532460252387 0.298563 0.612264 -0.732116 -0.598731 -0.849495 0.520115 0.0885369 -0.179251 0.434992 0.595495 0.675402 0.426063 0.31622 -0.384863 0.867113 0.400795 -0.930002 -0.306262 0.203222 -0.504304 0.187352 -0.87068 -0.454769 0.485867 
1532460252398 0.299457 0.612027 -0.731948 -0.598816 -0.848904 0.521099 0.0884169 -0.179106 0.435531 0.594877 0.675599 0.425973 0.31622 -0.384863 0.867113 0.400795 -0.930002 -0.306262 0.203222 -0.504304 0.187352 -0.87068 -0.454769 0.485867 
1532460252405 0.300353 0.61179 -0.73178 -0.598901 -0.848311 0.522084 0.0882955 -0.178961 0.436069 0.594257 0.675797 0.425883 0.31622 -0.384863 0.867113 0.400795 -0.930002 -0.306262 0.203222 -0.504304 0.187352 -0.87068 -0.454769 0.485867 
1532460252669 0.301247 0.611551 -0.731611 -0.598985 -0.847718 0.523067 0.0881748 -0.178815 0.436605 0.593638 0.675995 0.425793 0.31622 -0.384863 0.867113 0.400795 -0.930002 -0.306262 0.203222 -0.504304 0.187352 -0.87068 -0.454769 0.485867 
1532460252926 0.302141 0.611312 -0.731443 -0.59907 -0.847123 0.52405 0.0880544 -0.17867 0.437141 0.593018 0.676193 0.425703 0.31622 -0.384863 0.867113 0.400795 -0.930002 -0.306262 0.203222 -0.504304 0.187352 -0.87068 -0.454769 0.485867 
1532460252933 0.303035 0.611071 -0.731274 -0.599155 -0.846527 0.525032 0.0879343 -0.178525 0.437677 0.592397 0.676391 0.425614 0.31622 -0.384863 0.867113 0.400795 -0.930002 -0.306262 0.203222 -0.504304 0.187352 -0.87068 -0.454769 0.485867 
1532460253220 0.303929 0.610829 -0.731106 -0.59924 -0.84593 0.526014 0.0878147 -0.17838 0.438212 0.591775 0.676589 0.425524 0.31622 -0.384863 0.867113 0.400795 -0.930002 -0.306262 0.203222 -0.504304 0.187352 -0.87068 -0.454769 0.485867 
1532460253436 0.304822 0.610586 -0.730937 -0.599325 -0.845332 0.526995 0.0876951 -0.178235 0.438745 0.591153 0.676787 0.425434 0.31622 -0.384863 0.867113 0.400795 -0.930002 -0.306262 0.203222 -0.504304 0.187352 -0.87068 -0.454769 0.485867 
1532460253672 0.305715 0.610342 -0.730768 -0.599409 -0.844733 0.527975 0.0875761 -0.17809 0.439278 0.59053 0.676985 0.425344 0.31622 -0.384863 0.867113 0.400795 -0.930002 -0.306262 0.203222 -0.504304 0.187352 -0.87068 -0.454769 0.485867 
1532460253955 0.306606 0.610096 -0.730599 -0.59949 -0.844132 0.528954 0.0874583 -0.177948 0.439811 0.589907 0.677182 0.425259 0.31622 -0.384863 0.867113 0.400795 -0.930002 -0.306262 0.203222 -0.504304 0.187352 -0.87068 -0.454769 0.485867 
1532460254171 0.306498 0.610076 -0.730661 -0.59948 -0.844134 0.528936 0.0875459 -0.177953 0.439883 0.589944 0.677104 0.42528 0.31622 -0.384863 0.867113 0.400795 -0.930002 -0.306262 0.203222 -0.504304 0.187352 -0.87068 -0.454769 0.485867 
1532460254184 0.307279 0.609925 -0.730459 -0.599558 -0.843551 0.52986 0.0875738 -0.177835 0.440455 0.58927 0.677318 0.425173 0.31622 -0.384863 0.867113 0.400795 -0.930002 -0.306262 0.203222 -0.504304 0.187352 -0.87068 -0.454769 0.485867 
1532460254550 0.308063 0.609773 -0.730256 -0.599636 -0.842967 0.530785 0.0876008 -0.177716 0.441026 0.588595 0.677534 0.425066 0.31622 -0.384863 0.867113 0.400795 -0.930002 -0.306262 0.203222 -0.504304 0.187352 -0.87068 -0.454769 0.485867 
1532460254766 0.308846 0.60962 -0.730054 -0.599714 -0.842382 0.531708 0.0876284 -0.177598 0.441595 0.58792 0.677749 0.424958 0.31622 -0.384863 0.867113 0.400795 -0.930002 -0.306262 0.203222 -0.504304 0.187352 -0.87068 -0.454769 0.485867 
1532460254970 0.309628 0.609466 -0.729851 -0.599792 -0.841796 0.532631 0.0876563 -0.177479 0.442164 0.587245 0.677963 0.424851 0.31622 -0.384863 0.867113 0.400795 -0.930002 -0.306262 0.203222 -0.504304 0.187352 -0.87068 -0.454769 0.485867 
1532460254977 0.310411 0.60931 -0.729648 -0.59987 -0.841209 0.533553 0.0876847 -0.177361 0.442733 0.586568 0.678178 0.424744 0.31622 -0.384863 0.867113 0.400795 -0.930002 -0.306262 0.203222 -0.504304 0.187352 -0.87068 -0.454769 0.485867 
1532460255244 0.311193 0.609154 -0.729445 -0.599949 -0.840621 0.534474 0.0877132 -0.177242 0.4433 0.585891 0.678393 0.424637 0.31622 -0.384863 0.867113 0.400795 -0.930002 -0.306262 0.203222 -0.504304 0.187352 -0.87068 -0.454769 0.485867 
