1535373644017 0.235299 0.928327 -0.287824 -0.637618 -0.942281 0.290469 0.166535 -0.24402 0.238203 0.232025 0.943092 0.374846 0.178788 -0.130862 0.975146 0.380963 -0.982079 0.0363326 0.184935 -0.487691 -0.0596305 -0.990735 -0.122021 0.443767 
1535373644053 0.236096 0.928299 -0.287264 -0.637654 -0.942229 0.290985 0.165927 -0.243846 0.237619 0.231494 0.94337 0.374659 0.175376 -0.129502 0.975947 0.380946 -0.982063 0.0467184 0.182674 -0.487133 -0.0692513 -0.990478 -0.118986 0.443209 
1535373644342 0.236893 0.928269 -0.286704 -0.637689 -0.942176 0.291502 0.165318 -0.243672 0.237035 0.230963 0.943648 0.374471 0.171974 -0.128105 0.976736 0.380928 -0.981939 0.0570972 0.180379 -0.48657 -0.0788764 -0.990116 -0.115972 0.44265 
1535373644638 0.237689 0.928238 -0.286143 -0.637725 -0.942123 0.292019 0.16471 -0.243498 0.23645 0.230432 0.943924 0.374284 0.168585 -0.126672 0.977514 0.38091 -0.981706 0.0674668 0.178051 -0.486007 -0.0885038 -0.989648 -0.112981 0.442092 
1535373644936 0.238485 0.928207 -0.285582 -0.63776 -0.942068 0.292536 0.164102 -0.243324 0.235864 0.229902 0.9442 0.374097 0.165209 -0.125203 0.978279 0.380892 -0.981364 0.0778259 0.175691 -0.485446 -0.0981325 -0.989074 -0.110012 0.441534 
1535373645259 0.239281 0.928175 -0.28502 -0.637796 -0.942013 0.293054 0.163495 -0.24315 0.235278 0.229372 0.944475 0.373909 0.161846 -0.123698 0.979033 0.380874 -0.980915 0.0881736 0.173298 -0.484882 -0.107761 -0.988395 -0.107066 0.440975 
1535373645580 0.240076 0.928142 -0.284458 -0.637831 -0.941957 0.293571 0.162887 -0.242976 0.234691 0.228842 0.94475 0.373722 0.158497 -0.122156 0.979774 0.380856 -0.980356 0.0985085 0.170873 -0.48432 -0.117389 -0.98761 -0.104144 0.440416 
1535373645916 0.240871 0.928108 -0.283895 -0.637867 -0.941901 0.294089 0.16228 -0.242802 0.234104 0.228312 0.945023 0.373535 0.155161 -0.12058 0.980503 0.380837 -0.97969 0.108829 0.168416 -0.483756 -0.127015 -0.98672 -0.101244 0.439858 
1535373646233 0.241665 0.928074 -0.283331 -0.637902 -0.941843 0.294607 0.161673 -0.242628 0.233516 0.227782 0.945296 0.373348 0.15184 -0.118967 0.981219 0.380819 -0.978915 0.119135 0.165928 -0.483194 -0.136638 -0.985725 -0.0983693 0.439299 
1535373646560 0.242459 0.928039 -0.282767 -0.637938 -0.941785 0.295126 0.161067 -0.242454 0.232928 0.227253 0.945569 0.37316 0.148534 -0.11732 0.981924 0.380801 -0.978032 0.129425 0.163409 -0.482632 -0.146256 -0.984624 -0.0955183 0.438741 
