1535116934649 0.251955 0.929618 -0.26894 -0.606668 -0.935434 0.305155 0.178445 -0.240161 0.247954 0.206616 0.946482 0.382928 0.221485 -0.124617 0.967169 0.378693 -0.973431 -0.0873438 0.211666 -0.511636 0.0580991 -0.988353 -0.140651 0.446563 
1535116934661 0.251449 0.929579 -0.269549 -0.610145 -0.935927 0.304489 0.176993 -0.24135 0.246604 0.207774 0.946582 0.381902 0.21401 -0.125265 0.968767 0.378625 -0.976125 -0.0651356 0.207213 -0.509712 0.0371447 -0.989983 -0.136214 0.445826 
1535116934667 0.250945 0.929538 -0.270158 -0.613625 -0.936418 0.303821 0.175541 -0.24254 0.245252 0.20893 0.946678 0.380875 0.206512 -0.125743 0.970331 0.378555 -0.978311 -0.0428918 0.202652 -0.507782 0.0161371 -0.991135 -0.131874 0.445088 
1535116935275 0.250441 0.929497 -0.270768 -0.617105 -0.936906 0.30315 0.174089 -0.243731 0.243899 0.210085 0.946772 0.379849 0.198999 -0.126051 0.971859 0.378485 -0.979987 -0.0206254 0.197988 -0.505853 -0.00491161 -0.991809 -0.127633 0.44435 
1535116935371 0.249937 0.929454 -0.271378 -0.620585 -0.937392 0.302478 0.172638 -0.244921 0.242545 0.211239 0.946863 0.378822 0.191473 -0.126188 0.973352 0.378415 -0.981154 0.00165215 0.193221 -0.503923 -0.0259904 -0.992005 -0.123494 0.443612 
1535116936011 0.249435 0.929411 -0.271989 -0.624066 -0.937875 0.301803 0.171186 -0.246112 0.241189 0.212392 0.946952 0.377796 0.183938 -0.126154 0.974809 0.378345 -0.981809 0.0239292 0.188356 -0.501993 -0.0470882 -0.991722 -0.119458 0.442874 
1535116936016 0.248933 0.929366 -0.2726 -0.627547 -0.938356 0.301127 0.169735 -0.247303 0.239833 0.213544 0.947037 0.376769 0.176399 -0.125949 0.976227 0.378275 -0.981954 0.0461941 0.183394 -0.500062 -0.0681942 -0.990961 -0.115528 0.442137 
1535116936182 0.248432 0.929321 -0.273212 -0.631028 -0.938835 0.300449 0.168283 -0.248494 0.238475 0.214694 0.94712 0.375742 0.16886 -0.125574 0.977608 0.378205 -0.981587 0.0684353 0.178337 -0.498132 -0.0892973 -0.989721 -0.111705 0.441399 
1535116936719 0.247932 0.929274 -0.273824 -0.634508 -0.939311 0.299769 0.166832 -0.249685 0.237117 0.215843 0.9472 0.374715 0.161324 -0.125027 0.97895 0.378135 -0.980709 0.0906411 0.17319 -0.496201 -0.110387 -0.988004 -0.107993 0.440661 
1535116936738 0.247433 0.929226 -0.274437 -0.637989 -0.939785 0.299088 0.165381 -0.250876 0.235757 0.216991 0.947277 0.373689 0.153795 -0.124311 0.980252 0.378065 -0.97932 0.1128 0.167953 -0.494271 -0.131451 -0.985811 -0.104392 0.439923 
1535116938408 0.248178 0.928887 -0.274914 -0.637704 -0.939522 0.299947 0.165318 -0.251055 0.236021 0.217259 0.94715 0.373617 0.154413 -0.124118 0.980179 0.37814 -0.979261 0.112484 0.168512 -0.494402 -0.13117 -0.985871 -0.104175 0.440127 
1535116938419 0.247578 0.928737 -0.275959 -0.638095 -0.939474 0.299749 0.165947 -0.251308 0.236839 0.218172 0.946736 0.373551 0.153604 -0.124053 0.980315 0.378126 -0.979099 0.114732 0.167932 -0.494201 -0.133306 -0.98562 -0.103837 0.440033 
1535116938425 0.247003 0.928575 -0.277017 -0.638471 -0.939417 0.29958 0.166574 -0.251571 0.237665 0.219091 0.946316 0.373486 0.152794 -0.123987 0.98045 0.378112 -0.978933 0.11698 0.16735 -0.493995 -0.135442 -0.985364 -0.103501 0.439939 
1535116938634 0.246426 0.928412 -0.278075 -0.638849 -0.93936 0.299411 0.167201 -0.251836 0.23849 0.220009 0.945895 0.37342 0.151983 -0.123918 0.980584 0.378097 -0.978761 0.119227 0.166767 -0.493787 -0.137578 -0.985104 -0.103166 0.439845 
1535116938649 0.245848 0.928248 -0.279131 -0.639226 -0.939301 0.299243 0.167829 -0.2521 0.239315 0.220928 0.945473 0.373355 0.151173 -0.123848 0.980718 0.378082 -0.978584 0.121474 0.166184 -0.493581 -0.139713 -0.984838 -0.102832 0.43975 
1535116938893 0.24527 0.928083 -0.280188 -0.639602 -0.939242 0.299076 0.168456 -0.252363 0.240139 0.221847 0.945049 0.37329 0.150363 -0.123775 0.980852 0.378068 -0.978402 0.123719 0.1656 -0.493375 -0.141848 -0.984568 -0.102499 0.439656 
1535116938940 0.24469 0.927917 -0.281243 -0.63998 -0.939183 0.298909 0.169084 -0.252627 0.240962 0.222765 0.944623 0.373224 0.149553 -0.123701 0.980985 0.378053 -0.978214 0.125965 0.165014 -0.493168 -0.143982 -0.984292 -0.102168 0.439562 
1535116939084 0.244109 0.927749 -0.282298 -0.640357 -0.939123 0.298742 0.169712 -0.252892 0.241784 0.223684 0.944196 0.373158 0.148743 -0.123625 0.981118 0.378039 -0.978021 0.128209 0.164428 -0.492961 -0.146116 -0.984012 -0.101838 0.439468 
1535116939334 0.243528 0.927581 -0.283352 -0.640734 -0.939062 0.298576 0.170339 -0.253155 0.242606 0.224602 0.943767 0.373093 0.147933 -0.123547 0.98125 0.378024 -0.977823 0.130453 0.163842 -0.492755 -0.148249 -0.983727 -0.101509 0.439374 
1535116939516 0.242946 0.927411 -0.284405 -0.64111 -0.939 0.298411 0.170967 -0.253419 0.243427 0.225521 0.943337 0.373028 0.147124 -0.123468 0.981382 0.37801 -0.977619 0.132696 0.163254 -0.492549 -0.150382 -0.983437 -0.101182 0.439279 
1535116939887 0.243287 0.927511 -0.283785 -0.640863 -0.939029 0.298515 0.170629 -0.253285 0.242974 0.22497 0.943585 0.373084 0.147447 -0.123478 0.981332 0.377987 -0.97767 0.132011 0.163507 -0.492638 -0.149736 -0.983527 -0.101257 0.43939 
1535116939901 0.242916 0.927528 -0.28405 -0.640918 -0.939099 0.298233 0.170733 -0.253306 0.243073 0.225277 0.943486 0.373169 0.147474 -0.123406 0.981337 0.378013 -0.977861 0.130731 0.163391 -0.492638 -0.148455 -0.983707 -0.101395 0.439363 
1535116939906 0.242546 0.927544 -0.284313 -0.640977 -0.939169 0.297952 0.170839 -0.253328 0.243172 0.225582 0.943388 0.373254 0.147505 -0.123335 0.981341 0.378039 -0.978051 0.129449 0.163279 -0.492648 -0.147172 -0.983886 -0.101533 0.439335 
1535116939912 0.242176 0.92756 -0.284577 -0.641035 -0.939239 0.297671 0.170944 -0.253351 0.243271 0.225887 0.943289 0.373338 0.147535 -0.123263 0.981346 0.378066 -0.978238 0.128167 0.163166 -0.492655 -0.145889 -0.984063 -0.101672 0.439308 
1535116939921 0.241805 0.927576 -0.28484 -0.641093 -0.939309 0.29739 0.171049 -0.253373 0.24337 0.226192 0.94319 0.373423 0.147565 -0.123192 0.98135 0.378093 -0.978424 0.126885 0.163053 -0.492663 -0.144605 -0.984238 -0.10181 0.439281 
1535116939938 0.241435 0.927591 -0.285104 -0.64115 -0.939379 0.297109 0.171155 -0.253395 0.243468 0.226498 0.943092 0.373508 0.147595 -0.12312 0.981355 0.378119 -0.978609 0.125603 0.16294 -0.492669 -0.143322 -0.984411 -0.101948 0.439253 
1535116940130 0.241064 0.927607 -0.285367 -0.641208 -0.939448 0.296828 0.17126 -0.253417 0.243567 0.226803 0.942993 0.373593 0.147625 -0.123048 0.981359 0.378146 -0.978791 0.12432 0.162827 -0.492678 -0.142038 -0.984583 -0.102086 0.439226 
1535116940136 0.240693 0.927622 -0.285629 -0.641266 -0.939518 0.296546 0.171366 -0.253439 0.243665 0.227107 0.942894 0.373678 0.147654 -0.122977 0.981364 0.378173 -0.978972 0.123037 0.162713 -0.492685 -0.140754 -0.984753 -0.102224 0.439199 
1535116940186 0.240323 0.927637 -0.285893 -0.641324 -0.939587 0.296266 0.171472 -0.253461 0.243764 0.227413 0.942795 0.373762 0.147685 -0.122905 0.981368 0.378199 -0.979151 0.121754 0.162599 -0.492694 -0.13947 -0.984921 -0.102361 0.439171 
1535116940192 0.239952 0.927652 -0.286156 -0.641382 -0.939657 0.295985 0.171577 -0.253483 0.243862 0.227718 0.942696 0.373847 0.147714 -0.122833 0.981373 0.378226 -0.979329 0.120471 0.162485 -0.492701 -0.138186 -0.985088 -0.102499 0.439144 
1535116940415 0.240853 0.92762 -0.2855 -0.641198 -0.939488 0.296664 0.171327 -0.25344 0.243624 0.226959 0.942941 0.373593 0.14745 -0.123078 0.981382 0.378062 -0.978655 0.125456 0.162774 -0.492744 -0.143154 -0.984435 -0.101952 0.439276 
1535116940427 0.240302 0.927893 -0.285079 -0.641206 -0.939624 0.296066 0.171616 -0.253522 0.243644 0.226628 0.943015 0.373689 0.151224 -0.124808 0.980589 0.378053 -0.979679 0.113299 0.165505 -0.493151 -0.131756 -0.985691 -0.105138 0.439938 
1535116940580 0.239751 0.928165 -0.284656 -0.641214 -0.939759 0.295467 0.171907 -0.253604 0.243664 0.226293 0.94309 0.373784 0.155019 -0.126491 0.97978 0.378045 -0.980553 0.101121 0.168196 -0.493564 -0.120352 -0.9868 -0.108355 0.4406 
1535116940595 0.239201 0.928437 -0.284233 -0.641223 -0.939894 0.294869 0.172196 -0.253686 0.243684 0.22596 0.943165 0.37388 0.158831 -0.128126 0.978957 0.378036 -0.981277 0.0889247 0.170846 -0.493976 -0.108943 -0.987763 -0.111603 0.441262 
1535116940602 0.23865 0.928708 -0.28381 -0.641231 -0.940029 0.29427 0.172485 -0.253769 0.243705 0.225626 0.94324 0.373976 0.16266 -0.129713 0.978119 0.378028 -0.98185 0.076711 0.173454 -0.49439 -0.0975316 -0.98858 -0.114881 0.441924 
1535116940656 0.2381 0.928978 -0.283387 -0.641239 -0.940163 0.293671 0.172774 -0.253851 0.243726 0.225293 0.943314 0.374071 0.166506 -0.131251 0.977266 0.37802 -0.982273 0.0644824 0.176019 -0.494801 -0.0861192 -0.98925 -0.118188 0.442587 
1535116940663 0.237549 0.929248 -0.282964 -0.641248 -0.940297 0.293072 0.173062 -0.253933 0.243746 0.224959 0.943388 0.374167 0.170368 -0.132741 0.976399 0.378012 -0.982544 0.0522404 0.178542 -0.495216 -0.0747074 -0.989773 -0.121524 0.443249 
1535116940825 0.236998 0.929518 -0.28254 -0.641256 -0.94043 0.292473 0.17335 -0.254016 0.243767 0.224625 0.943462 0.374262 0.174244 -0.134182 0.975517 0.378004 -0.982666 0.0399874 0.181021 -0.495628 -0.0632982 -0.99015 -0.124889 0.443911 
1535116941082 0.236447 0.929787 -0.282116 -0.641265 -0.940564 0.291873 0.173638 -0.254098 0.243789 0.224291 0.943536 0.374358 0.178136 -0.135574 0.974622 0.377996 -0.982637 0.0277248 0.183458 -0.496042 -0.0518934 -0.990379 -0.128281 0.444573 
1535116941165 0.235896 0.930055 -0.281692 -0.641273 -0.940696 0.291273 0.173926 -0.25418 0.24381 0.223958 0.94361 0.374454 0.182042 -0.136917 0.973712 0.377988 -0.982457 0.0154551 0.18585 -0.496454 -0.0404948 -0.990462 -0.131701 0.445235 
1535116941619 0.236395 0.929794 -0.282135 -0.641268 -0.94059 0.291815 0.173595 -0.254058 0.243739 0.224336 0.943538 0.37436 0.165944 -0.131209 0.977367 0.37798 -0.982292 0.0654222 0.175563 -0.494715 -0.0869769 -0.989194 -0.118029 0.442218 
1535116941745 0.23611 0.930033 -0.281586 -0.641281 -0.940756 0.291353 0.173467 -0.254144 0.243371 0.223946 0.943726 0.374372 0.168157 -0.130636 0.977066 0.377963 -0.982368 0.0599521 0.177085 -0.495007 -0.081711 -0.989616 -0.118252 0.442356 
1535116941752 0.235824 0.930272 -0.281037 -0.641295 -0.940923 0.290891 0.17334 -0.254231 0.243004 0.223556 0.943913 0.374384 0.170368 -0.130051 0.976761 0.377947 -0.982411 0.0544801 0.178607 -0.495306 -0.0764421 -0.990009 -0.118482 0.442494 
1535116941769 0.235539 0.93051 -0.280488 -0.641309 -0.941089 0.290429 0.173212 -0.254318 0.242637 0.223166 0.9441 0.374396 0.172575 -0.129453 0.976453 0.377931 -0.982422 0.0490075 0.180127 -0.495603 -0.0711715 -0.990374 -0.11872 0.442632 
1535116941962 0.235252 0.930747 -0.279939 -0.641323 -0.941255 0.289966 0.173084 -0.254404 0.24227 0.222775 0.944286 0.374408 0.174779 -0.128843 0.976141 0.377915 -0.9824 0.0435342 0.181645 -0.495902 -0.0658993 -0.990709 -0.118966 0.44277 
1535116941969 0.234966 0.930985 -0.27939 -0.641338 -0.941421 0.289504 0.172956 -0.254491 0.241903 0.222385 0.944472 0.37442 0.176978 -0.12822 0.975827 0.377899 -0.982346 0.0380606 0.183162 -0.496201 -0.0606256 -0.991015 -0.119221 0.442908 
1535116942148 0.234679 0.931222 -0.27884 -0.641352 -0.941587 0.289042 0.172827 -0.254578 0.241537 0.221993 0.944658 0.374432 0.179174 -0.127586 0.975509 0.377883 -0.982259 0.032587 0.184676 -0.496498 -0.0553509 -0.991292 -0.119484 0.443046 
1535116942203 0.234392 0.931458 -0.278292 -0.641366 -0.941752 0.288579 0.172698 -0.254665 0.24117 0.221603 0.944843 0.374444 0.181366 -0.126939 0.975189 0.377867 -0.98214 0.0271133 0.186188 -0.496797 -0.050075 -0.99154 -0.119754 0.443184 
1535116942344 0.234105 0.931694 -0.277742 -0.64138 -0.941917 0.288117 0.172569 -0.254751 0.240804 0.221211 0.945029 0.374456 0.183553 -0.12628 0.974865 0.377851 -0.981988 0.0216399 0.187698 -0.497095 -0.0447984 -0.991759 -0.120033 0.443322 
1535116942384 0.233817 0.93193 -0.277193 -0.641394 -0.942082 0.287655 0.17244 -0.254838 0.240437 0.220819 0.945214 0.374468 0.185736 -0.125609 0.974538 0.377834 -0.981805 0.0161669 0.189205 -0.497392 -0.0395211 -0.991948 -0.120321 0.443459 
1535116942981 0.234159 0.93162 -0.277945 -0.641381 -0.941862 0.288245 0.17266 -0.254663 0.24097 0.221356 0.944952 0.374438 0.185475 -0.126818 0.974431 0.377843 -0.981861 0.0157834 0.188944 -0.497279 -0.0393414 -0.9918 -0.121591 0.443488 
1535116942995 0.234617 0.931592 -0.277654 -0.641345 -0.941854 0.288532 0.172223 -0.254667 0.240554 0.221103 0.945118 0.374398 0.181767 -0.127313 0.975065 0.377814 -0.982202 0.0242192 0.18626 -0.496952 -0.0473285 -0.991567 -0.120645 0.443151 
1535116943003 0.235076 0.931562 -0.277364 -0.641309 -0.941846 0.288818 0.171786 -0.254671 0.240137 0.220851 0.945282 0.374357 0.178051 -0.127776 0.97569 0.377784 -0.982465 0.0326561 0.183564 -0.49662 -0.0553173 -0.991265 -0.119721 0.442814 
1535116943149 0.235534 0.931533 -0.277074 -0.641273 -0.941837 0.289105 0.171349 -0.254674 0.239721 0.2206 0.945447 0.374317 0.17433 -0.128207 0.976305 0.377754 -0.98265 0.0410921 0.180859 -0.496288 -0.0633058 -0.990896 -0.118819 0.442477 
1535116943156 0.235992 0.931503 -0.276784 -0.641237 -0.941829 0.289392 0.170912 -0.254678 0.239304 0.220349 0.945611 0.374277 0.170604 -0.128606 0.976911 0.377724 -0.982757 0.0495264 0.178145 -0.495955 -0.0712934 -0.990458 -0.117939 0.44214 
1535116943336 0.23645 0.931474 -0.276493 -0.641201 -0.94182 0.289679 0.170475 -0.254682 0.238887 0.220098 0.945775 0.374236 0.166872 -0.128974 0.977507 0.377694 -0.982786 0.0579584 0.175421 -0.495621 -0.0792794 -0.989953 -0.117082 0.441803 
1535116943370 0.236908 0.931443 -0.276202 -0.641165 -0.94181 0.289966 0.170037 -0.254686 0.23847 0.219847 0.945938 0.374196 0.163136 -0.129309 0.978093 0.377663 -0.982737 0.0663874 0.172688 -0.495288 -0.0872632 -0.98938 -0.116247 0.441466 
1535116943418 0.237365 0.931413 -0.275911 -0.641129 -0.941801 0.290253 0.1696 -0.25469 0.238052 0.219596 0.946102 0.374156 0.159397 -0.129613 0.978669 0.377634 -0.982609 0.0748126 0.169946 -0.494956 -0.0952439 -0.988738 -0.115434 0.441129 
1535116943426 0.237823 0.931383 -0.27562 -0.641092 -0.941791 0.29054 0.169163 -0.254694 0.237635 0.219346 0.946265 0.374116 0.155653 -0.129884 0.979236 0.377604 -0.982404 0.0832334 0.167197 -0.494625 -0.103221 -0.98803 -0.114643 0.440792 
1535116943558 0.23828 0.931352 -0.275329 -0.641056 -0.941781 0.290828 0.168727 -0.254697 0.237217 0.219095 0.946428 0.374075 0.151905 -0.130124 0.979792 0.377573 -0.98212 0.0916494 0.164438 -0.494291 -0.111195 -0.987253 -0.113875 0.440454 
1535116944593 0.237413 0.931373 -0.276005 -0.641138 -0.941743 0.290358 0.169741 -0.254688 0.238233 0.219627 0.946049 0.374157 0.152524 -0.130006 0.979712 0.37758 -0.982027 0.0915742 0.165036 -0.494468 -0.111172 -0.987275 -0.113702 0.440612 
1535116944607 0.23819 0.931206 -0.275902 -0.640942 -0.941604 0.291029 0.169362 -0.254581 0.238006 0.21945 0.946147 0.374192 0.156063 -0.132872 0.978769 0.37768 -0.982116 0.0847823 0.168106 -0.49496 -0.105319 -0.9875 -0.117265 0.441307 
1535116944614 0.238965 0.931037 -0.275799 -0.640744 -0.941465 0.291699 0.168982 -0.254474 0.237778 0.219275 0.946245 0.374226 0.15962 -0.135712 0.977806 0.377781 -0.982154 0.0779778 0.171152 -0.495459 -0.0994745 -0.987675 -0.120843 0.442001 
1535116944736 0.239741 0.930868 -0.275697 -0.640546 -0.941325 0.292369 0.168602 -0.254366 0.237551 0.219099 0.946343 0.374261 0.163191 -0.138525 0.976821 0.377882 -0.982141 0.0711614 0.174172 -0.495958 -0.0936391 -0.987799 -0.124439 0.442696 
1535116944959 0.240517 0.930699 -0.275594 -0.640348 -0.941185 0.29304 0.168222 -0.254259 0.237323 0.218925 0.946441 0.374296 0.166778 -0.141313 0.975815 0.377983 -0.982076 0.0643333 0.177165 -0.496457 -0.0878131 -0.987872 -0.12805 0.443391 
1535116944966 0.241292 0.930528 -0.27549 -0.640149 -0.941044 0.29371 0.167842 -0.254151 0.237096 0.21875 0.946538 0.374331 0.170379 -0.144073 0.974789 0.378085 -0.981961 0.0574942 0.180131 -0.496957 -0.0819967 -0.987895 -0.131679 0.444086 
1535116945025 0.242067 0.930358 -0.275386 -0.639951 -0.940902 0.294379 0.167462 -0.254044 0.236868 0.218575 0.946636 0.374366 0.173995 -0.146808 0.973742 0.378186 -0.981795 0.0506445 0.183069 -0.497455 -0.0761906 -0.987868 -0.135323 0.444781 
1535116945328 0.242842 0.930186 -0.275283 -0.639753 -0.94076 0.29505 0.167082 -0.253936 0.23664 0.218401 0.946733 0.374401 0.177624 -0.149515 0.972674 0.378287 -0.981577 0.0437844 0.185981 -0.497955 -0.0703949 -0.98779 -0.138983 0.445476 
1535116945502 0.243617 0.930015 -0.275178 -0.639555 -0.940617 0.295719 0.166703 -0.253828 0.236411 0.218226 0.94683 0.374436 0.181268 -0.152195 0.971586 0.378388 -0.981309 0.0369147 0.188864 -0.498453 -0.0646101 -0.987661 -0.142659 0.446171 
1535116945578 0.244392 0.929843 -0.275074 -0.639357 -0.940473 0.296389 0.166323 -0.253721 0.236183 0.218052 0.946927 0.374471 0.184924 -0.154849 0.970477 0.378489 -0.98099 0.0300356 0.19172 -0.498952 -0.0588365 -0.987482 -0.146351 0.446865 
1535116946372 0.243709 0.930023 -0.27507 -0.639515 -0.940622 0.295761 0.166599 -0.253739 0.236296 0.218135 0.94688 0.374459 0.184092 -0.154669 0.970663 0.378374 -0.981102 0.0309407 0.191002 -0.498955 -0.0595751 -0.987482 -0.14605 0.446501 
1535116946384 0.243967 0.929987 -0.274963 -0.63915 -0.940488 0.296051 0.166843 -0.253624 0.236565 0.217895 0.946868 0.374568 0.185694 -0.154692 0.970355 0.378416 -0.98104 0.0265696 0.191974 -0.499153 -0.0554788 -0.987605 -0.146825 0.446597 
1535116946499 0.244202 0.929957 -0.274856 -0.638785 -0.940359 0.296319 0.167092 -0.253507 0.236834 0.217659 0.946855 0.374677 0.187295 -0.154707 0.970044 0.37846 -0.980959 0.0221981 0.192943 -0.499355 -0.0513828 -0.987711 -0.147604 0.446694 
1535116946674 0.244436 0.929927 -0.274749 -0.63842 -0.940231 0.296586 0.167341 -0.25339 0.237102 0.217424 0.946842 0.374785 0.188897 -0.154715 0.969733 0.378503 -0.980858 0.0178263 0.193908 -0.499558 -0.0472872 -0.987798 -0.148386 0.446791 
1535116946757 0.244671 0.929896 -0.274643 -0.638054 -0.940102 0.296854 0.16759 -0.253273 0.237371 0.217188 0.946829 0.374894 0.190498 -0.154716 0.969419 0.378547 -0.980737 0.013454 0.194869 -0.499761 -0.043192 -0.987867 -0.149173 0.446888 
1535116947007 0.244906 0.929866 -0.274537 -0.637688 -0.939973 0.297121 0.16784 -0.253155 0.237639 0.216952 0.946815 0.375003 0.192099 -0.15471 0.969104 0.378591 -0.980596 0.00908149 0.195827 -0.499964 -0.0390972 -0.987918 -0.149963 0.446986 
1535116947088 0.24514 0.929836 -0.27443 -0.637324 -0.939844 0.297388 0.168089 -0.253038 0.237907 0.216716 0.946802 0.375111 0.193699 -0.154696 0.968788 0.378634 -0.980436 0.00470896 0.19678 -0.500166 -0.0350031 -0.987951 -0.150758 0.447082 
1535116947202 0.245375 0.929805 -0.274324 -0.636957 -0.939715 0.297655 0.168338 -0.252921 0.238175 0.216481 0.946789 0.37522 0.1953 -0.154676 0.96847 0.378678 -0.980256 0.000336159 0.19773 -0.500369 -0.0309096 -0.987965 -0.151556 0.44718 
1535116947473 0.245609 0.929774 -0.274218 -0.636592 -0.939585 0.297922 0.168587 -0.252804 0.238444 0.216245 0.946775 0.375329 0.196899 -0.154648 0.96815 0.378721 -0.980057 -0.00403646 0.198676 -0.500571 -0.026817 -0.987961 -0.152359 0.447276 
1535116947584 0.245844 0.929744 -0.274112 -0.636226 -0.939456 0.298189 0.168836 -0.252686 0.238712 0.216009 0.946761 0.375437 0.198499 -0.154613 0.967829 0.378765 -0.979838 -0.00840914 0.199618 -0.500775 -0.022725 -0.987939 -0.153165 0.447374 
1535116948088 0.245724 0.929744 -0.274219 -0.636432 -0.939518 0.298066 0.168708 -0.252819 0.238591 0.216178 0.946753 0.375378 0.197952 -0.154682 0.96793 0.378724 -0.979934 -0.00771868 0.199174 -0.500723 -0.0233375 -0.987934 -0.153106 0.447284 
1535116948103 0.245671 0.929691 -0.274446 -0.63602 -0.939416 0.298161 0.169107 -0.252643 0.239047 0.216274 0.946616 0.375502 0.198535 -0.155086 0.967746 0.378795 -0.979839 -0.00887609 0.199593 -0.500858 -0.0223643 -0.987861 -0.153721 0.447371 
1535116948121 0.245618 0.929638 -0.274673 -0.635603 -0.939314 0.298257 0.169505 -0.252465 0.239502 0.21637 0.946479 0.375627 0.199119 -0.155489 0.967561 0.378866 -0.979742 -0.0100333 0.200013 -0.500995 -0.021392 -0.987787 -0.154337 0.447458 
1535116948208 0.245566 0.929585 -0.2749 -0.635184 -0.939212 0.298353 0.169903 -0.252286 0.239956 0.216466 0.946342 0.375752 0.199704 -0.155891 0.967376 0.378937 -0.979643 -0.011191 0.200433 -0.501132 -0.0204199 -0.987711 -0.154953 0.447545 
1535116948293 0.245513 0.929532 -0.275126 -0.634768 -0.939109 0.298449 0.170301 -0.252109 0.240411 0.216562 0.946205 0.375877 0.200288 -0.156293 0.96719 0.379008 -0.979544 -0.0123483 0.200851 -0.501268 -0.0194485 -0.987634 -0.155569 0.447631 
1535116948518 0.24546 0.929478 -0.275353 -0.63435 -0.939006 0.298545 0.170699 -0.25193 0.240866 0.216658 0.946067 0.376002 0.200874 -0.156694 0.967004 0.379079 -0.979443 -0.0135061 0.201269 -0.501405 -0.0184773 -0.987555 -0.156186 0.447718 
1535116948549 0.245407 0.929425 -0.275579 -0.633932 -0.938903 0.298641 0.171097 -0.251752 0.241321 0.216754 0.945929 0.376127 0.20146 -0.157094 0.966817 0.379151 -0.97934 -0.0146642 0.201687 -0.501542 -0.0175062 -0.987475 -0.156803 0.447805 
1535116948671 0.245354 0.929372 -0.275806 -0.633516 -0.9388 0.298737 0.171494 -0.251574 0.241775 0.21685 0.945791 0.376252 0.202045 -0.157494 0.96663 0.379222 -0.979237 -0.015822 0.202102 -0.501678 -0.0165359 -0.987393 -0.157421 0.447892 
1535116948872 0.245301 0.929319 -0.276032 -0.633097 -0.938697 0.298833 0.171892 -0.251395 0.24223 0.216946 0.945653 0.376377 0.202632 -0.157893 0.966442 0.379293 -0.979131 -0.0169804 0.202518 -0.501815 -0.0155655 -0.98731 -0.158038 0.447979 
1535116948877 0.245248 0.929266 -0.276259 -0.632681 -0.938593 0.298929 0.17229 -0.251217 0.242685 0.217041 0.945514 0.376502 0.203218 -0.158291 0.966254 0.379364 -0.979025 -0.0181386 0.202932 -0.501952 -0.0145958 -0.987226 -0.158657 0.448066 
1535116949261 0.244982 0.929453 -0.275863 -0.632879 -0.9388 0.298479 0.171945 -0.251272 0.242154 0.216857 0.945693 0.376484 0.202679 -0.157997 0.966415 0.379309 -0.979126 -0.0173153 0.202514 -0.501911 -0.0152627 -0.987288 -0.158208 0.448039 
1535116949273 0.24503 0.929326 -0.276248 -0.632441 -0.938667 0.298704 0.172279 -0.251113 0.24262 0.217091 0.94552 0.376637 0.203328 -0.157241 0.966402 0.379367 -0.979027 -0.019724 0.202775 -0.502027 -0.0128231 -0.987363 -0.157953 0.44798 
1535116949443 0.245077 0.929199 -0.276633 -0.631998 -0.938534 0.298928 0.172613 -0.250953 0.243085 0.217326 0.945346 0.376792 0.203975 -0.156483 0.966389 0.379425 -0.978921 -0.0221325 0.203037 -0.502146 -0.0103831 -0.987433 -0.157699 0.447922 
1535116949450 0.245124 0.929072 -0.277019 -0.631554 -0.938402 0.299153 0.172946 -0.250791 0.24355 0.217562 0.945172 0.376946 0.204621 -0.155723 0.966375 0.379483 -0.978809 -0.0245406 0.203299 -0.502265 -0.00794292 -0.987496 -0.157445 0.447863 
1535116949512 0.245171 0.928944 -0.277405 -0.63111 -0.938269 0.299377 0.173279 -0.25063 0.244015 0.217797 0.944998 0.377101 0.205265 -0.154962 0.966361 0.379542 -0.978691 -0.0269485 0.203562 -0.502384 -0.00550242 -0.987553 -0.157191 0.447805 
1535116949734 0.245218 0.928817 -0.27779 -0.630668 -0.938135 0.299602 0.173612 -0.250469 0.24448 0.218032 0.944824 0.377255 0.205906 -0.154199 0.966346 0.3796 -0.978567 -0.0293559 0.203826 -0.502502 -0.00306179 -0.987604 -0.156939 0.447746 
1535116949911 0.245264 0.928689 -0.278176 -0.630224 -0.938002 0.299826 0.173945 -0.250308 0.244945 0.218267 0.944649 0.377409 0.206546 -0.153434 0.966331 0.379658 -0.978437 -0.0317631 0.20409 -0.502621 -0.000620865 -0.987648 -0.156686 0.447688 
1535116950044 0.245311 0.928562 -0.278561 -0.629781 -0.937868 0.300051 0.174277 -0.250147 0.24541 0.218501 0.944474 0.377564 0.207184 -0.152668 0.966316 0.379716 -0.9783 -0.0341697 0.204355 -0.502739 0.00182014 -0.987687 -0.156435 0.447629 
1535116950245 0.245357 0.928434 -0.278947 -0.629337 -0.937734 0.300276 0.17461 -0.249985 0.245875 0.218736 0.944299 0.377718 0.207821 -0.151901 0.966301 0.379775 -0.978158 -0.0365761 0.204621 -0.502858 0.0042614 -0.987719 -0.156184 0.447571 
1535116950340 0.245403 0.928306 -0.279332 -0.628894 -0.9376 0.300501 0.174942 -0.249825 0.246339 0.218971 0.944123 0.377873 0.208455 -0.151131 0.966285 0.379833 -0.978009 -0.0389819 0.204887 -0.502977 0.00670271 -0.987745 -0.155934 0.447512 
1535116950857 0.245093 0.928481 -0.279021 -0.62912 -0.937743 0.300092 0.17488 -0.24979 0.246105 0.218788 0.944227 0.377852 0.208171 -0.151428 0.966299 0.379773 -0.978073 -0.0384146 0.204688 -0.502954 0.00612449 -0.987722 -0.156105 0.447576 
1535116950870 0.245039 0.928492 -0.27903 -0.628852 -0.93771 0.300084 0.175071 -0.249713 0.246285 0.21875 0.944189 0.377916 0.208184 -0.150484 0.966444 0.379792 -0.97807 -0.0382484 0.204733 -0.503035 0.00615592 -0.987872 -0.155147 0.447413 
1535116950878 0.244981 0.928504 -0.279041 -0.628574 -0.937676 0.300074 0.175267 -0.249629 0.24647 0.218713 0.944149 0.377983 0.208198 -0.14954 0.966587 0.379811 -0.978067 -0.0380815 0.204779 -0.503117 0.00618645 -0.988022 -0.154189 0.44725 
1535116950888 0.244923 0.928516 -0.279053 -0.628295 -0.937643 0.300063 0.175464 -0.249546 0.246654 0.218677 0.944109 0.37805 0.208212 -0.148596 0.96673 0.37983 -0.978064 -0.0379146 0.204825 -0.503199 0.00621698 -0.988171 -0.153231 0.447088 
1535116951095 0.244865 0.928528 -0.279064 -0.628017 -0.93761 0.300053 0.17566 -0.249463 0.246839 0.21864 0.944069 0.378118 0.208226 -0.147652 0.966872 0.379849 -0.978061 -0.0377476 0.204871 -0.503281 0.00624755 -0.988319 -0.152273 0.446925 
1535116951126 0.244806 0.92854 -0.279075 -0.627738 -0.937576 0.300043 0.175856 -0.249379 0.247024 0.218603 0.94403 0.378185 0.20824 -0.146708 0.967013 0.379868 -0.978058 -0.0375807 0.204917 -0.503364 0.00627814 -0.988466 -0.151314 0.446762 
1535116951325 0.244748 0.928552 -0.279086 -0.62746 -0.937543 0.300032 0.176052 -0.249296 0.247208 0.218566 0.94399 0.378252 0.208253 -0.145763 0.967152 0.379887 -0.978055 -0.0374135 0.204962 -0.503446 0.0063087 -0.988612 -0.150356 0.4466 
1535116951333 0.24469 0.928564 -0.279097 -0.627181 -0.937509 0.300022 0.176248 -0.249212 0.247393 0.21853 0.94395 0.37832 0.208267 -0.144819 0.967291 0.379906 -0.978051 -0.0372465 0.205007 -0.503528 0.00633933 -0.988757 -0.149397 0.446437 
1535116951382 0.244632 0.928576 -0.279108 -0.626903 -0.937476 0.300011 0.176445 -0.249129 0.247578 0.218493 0.94391 0.378387 0.208281 -0.143874 0.967429 0.379925 -0.978048 -0.0370793 0.205052 -0.50361 0.00636992 -0.988901 -0.148438 0.446274 
1535116951607 0.244573 0.928588 -0.279119 -0.626623 -0.937442 0.300001 0.176641 -0.249045 0.247762 0.218457 0.94387 0.378455 0.208294 -0.142929 0.967566 0.379944 -0.978045 -0.0369122 0.205098 -0.503692 0.00640058 -0.989044 -0.14748 0.446112 
1535116951842 0.244498 0.928637 -0.279024 -0.626861 -0.937516 0.299863 0.176484 -0.249066 0.247559 0.21844 0.943927 0.378423 0.208348 -0.144068 0.967386 0.379923 -0.978034 -0.0370567 0.205123 -0.503563 0.00629636 -0.988874 -0.148625 0.446241 
1535116951852 0.244614 0.928587 -0.279088 -0.626583 -0.937471 0.299999 0.176491 -0.248951 0.247613 0.218464 0.943907 0.3785 0.208577 -0.143452 0.967428 0.37994 -0.977983 -0.0372978 0.205322 -0.503671 0.00662897 -0.988954 -0.148073 0.446158 
1535116951861 0.244731 0.928537 -0.279151 -0.626299 -0.937426 0.300135 0.176497 -0.248834 0.247667 0.218489 0.943888 0.378577 0.208807 -0.142836 0.96747 0.379958 -0.977932 -0.037539 0.205523 -0.503781 0.00696177 -0.989034 -0.147522 0.446076 
1535116951872 0.244848 0.928487 -0.279214 -0.626015 -0.937382 0.300271 0.176503 -0.248716 0.247721 0.218514 0.943868 0.378655 0.209037 -0.14222 0.967511 0.379976 -0.97788 -0.0377802 0.205724 -0.503891 0.00729477 -0.989114 -0.146971 0.445994 
1535116952052 0.244965 0.928438 -0.279278 -0.625731 -0.937337 0.300407 0.176509 -0.248599 0.247774 0.218539 0.943848 0.378733 0.209267 -0.141603 0.967551 0.379994 -0.977829 -0.0380214 0.205926 -0.504001 0.00762796 -0.989193 -0.14642 0.445911 
1535116952148 0.245081 0.928388 -0.279341 -0.625448 -0.937292 0.300543 0.176515 -0.248482 0.247828 0.218563 0.943828 0.37881 0.209496 -0.140987 0.967592 0.380012 -0.977777 -0.038262 0.206126 -0.504111 0.00796098 -0.989272 -0.145869 0.445829 
1535116952279 0.245198 0.928338 -0.279404 -0.625164 -0.937247 0.300679 0.176521 -0.248365 0.247882 0.218588 0.943808 0.378888 0.209725 -0.14037 0.967632 0.38003 -0.977725 -0.0385028 0.206328 -0.504221 0.00829434 -0.98935 -0.145318 0.445746 
1535116952285 0.245315 0.928288 -0.279467 -0.624881 -0.937202 0.300815 0.176527 -0.248248 0.247936 0.218613 0.943788 0.378966 0.209954 -0.139753 0.967672 0.380048 -0.977673 -0.0387433 0.206529 -0.504331 0.00862775 -0.989428 -0.144767 0.445664 
1535116952376 0.245432 0.928238 -0.279531 -0.624597 -0.937158 0.300951 0.176533 -0.24813 0.24799 0.218638 0.943768 0.379044 0.210184 -0.139136 0.967711 0.380066 -0.977621 -0.0389841 0.206731 -0.504441 0.00896149 -0.989506 -0.144216 0.445582 
1535116952508 0.245548 0.928188 -0.279594 -0.624314 -0.937113 0.301087 0.176539 -0.248013 0.248043 0.218662 0.943749 0.379121 0.210411 -0.13852 0.96775 0.380084 -0.977569 -0.0392242 0.206932 -0.504551 0.00929506 -0.989583 -0.143666 0.445499 
1535116952854 0.245553 0.928163 -0.279675 -0.624537 -0.937131 0.30109 0.176439 -0.248108 0.247971 0.218767 0.943743 0.379009 0.210064 -0.139209 0.967726 0.380035 -0.977642 -0.0394229 0.206546 -0.504443 0.0093976 -0.989478 -0.144378 0.445632 
1535116952866 0.245585 0.928083 -0.279909 -0.62426 -0.937085 0.301198 0.176495 -0.247999 0.24811 0.218954 0.943663 0.379112 0.210067 -0.138549 0.96782 0.380027 -0.977638 -0.0396959 0.206515 -0.504501 0.00980606 -0.98956 -0.14379 0.445564 
1535116952884 0.245618 0.928004 -0.280144 -0.623978 -0.93704 0.301307 0.176551 -0.247888 0.248249 0.219143 0.943583 0.379216 0.21007 -0.137889 0.967914 0.38002 -0.977633 -0.0399688 0.206486 -0.50456 0.0102141 -0.989641 -0.143201 0.445497 
1535116952893 0.245651 0.927924 -0.28038 -0.623695 -0.936995 0.301415 0.176607 -0.247776 0.248388 0.219331 0.943503 0.37932 0.210073 -0.13723 0.968007 0.380013 -0.977628 -0.0402416 0.206456 -0.50462 0.0106222 -0.989721 -0.142613 0.445429 
1535116952895 0.245683 0.927844 -0.280616 -0.623412 -0.936949 0.301524 0.176662 -0.247664 0.248527 0.21952 0.943422 0.379425 0.210076 -0.13657 0.968099 0.380006 -0.977623 -0.0405145 0.206427 -0.504679 0.0110302 -0.989802 -0.142025 0.445362 
1535116952906 0.245716 0.927764 -0.280851 -0.623131 -0.936904 0.301632 0.176718 -0.247553 0.248666 0.219708 0.943342 0.379528 0.210079 -0.13591 0.968192 0.379998 -0.977617 -0.0407874 0.206399 -0.504738 0.0114384 -0.989881 -0.141437 0.445294 
1535116953077 0.245749 0.927684 -0.281087 -0.622848 -0.936858 0.301741 0.176774 -0.247441 0.248805 0.219896 0.943261 0.379633 0.210081 -0.13525 0.968284 0.379991 -0.977612 -0.0410602 0.20637 -0.504798 0.0118464 -0.98996 -0.140848 0.445226 
1535116953082 0.245781 0.927604 -0.281322 -0.622566 -0.936813 0.301849 0.176829 -0.24733 0.248944 0.220085 0.94318 0.379737 0.210083 -0.13459 0.968375 0.379984 -0.977607 -0.0413332 0.206341 -0.504857 0.0122545 -0.990039 -0.14026 0.445159 
1535116953139 0.245814 0.927524 -0.281557 -0.622283 -0.936767 0.301958 0.176885 -0.247218 0.249083 0.220273 0.9431 0.379841 0.210085 -0.133931 0.968466 0.379976 -0.977601 -0.0416061 0.206313 -0.504916 0.0126625 -0.990117 -0.139671 0.445091 
1535116953410 0.245846 0.927444 -0.281793 -0.622001 -0.936722 0.302067 0.17694 -0.247107 0.249222 0.220461 0.943019 0.379945 0.210086 -0.133271 0.968557 0.379969 -0.977595 -0.041879 0.206284 -0.504975 0.0130706 -0.990194 -0.139083 0.445024 
1535116953708 0.245659 0.927578 -0.281515 -0.622218 -0.936849 0.301766 0.176782 -0.247124 0.248931 0.220309 0.943132 0.37985 0.210151 -0.134171 0.968419 0.379966 -0.977588 -0.0415662 0.206382 -0.504887 0.012563 -0.990086 -0.1399 0.445047 
1535116953718 0.245768 0.927602 -0.281342 -0.622168 -0.936875 0.301788 0.176602 -0.247095 0.248722 0.220179 0.943217 0.379852 0.209827 -0.134455 0.96845 0.37995 -0.977643 -0.0427104 0.205889 -0.504908 0.0136801 -0.989999 -0.140411 0.445127 
1535116953725 0.245877 0.927625 -0.28117 -0.622114 -0.936902 0.30181 0.176422 -0.247064 0.248513 0.220051 0.943302 0.379854 0.209502 -0.134739 0.968481 0.379934 -0.977696 -0.0438543 0.205394 -0.504927 0.0147975 -0.98991 -0.140921 0.445206 
1535116953732 0.245985 0.927648 -0.280999 -0.62206 -0.936929 0.301833 0.176241 -0.247032 0.248305 0.219923 0.943387 0.379856 0.209177 -0.135024 0.968511 0.379918 -0.977748 -0.0449982 0.204898 -0.504947 0.0159151 -0.98982 -0.141432 0.445286 
1535116953738 0.246094 0.927671 -0.280828 -0.622006 -0.936956 0.301855 0.176061 -0.247001 0.248096 0.219795 0.943472 0.379859 0.208852 -0.135309 0.968541 0.379902 -0.977799 -0.0461419 0.204402 -0.504967 0.0170329 -0.989728 -0.141942 0.445365 
1535116953745 0.246203 0.927694 -0.280656 -0.621951 -0.936982 0.301877 0.17588 -0.246969 0.247887 0.219668 0.943556 0.379862 0.208528 -0.135594 0.968571 0.379886 -0.977848 -0.0472853 0.203905 -0.504986 0.0181508 -0.989635 -0.142451 0.445445 
1535116953854 0.246312 0.927717 -0.280485 -0.621897 -0.937009 0.3019 0.1757 -0.246938 0.247678 0.21954 0.943641 0.379864 0.208204 -0.13588 0.968601 0.37987 -0.977896 -0.0484286 0.203408 -0.505006 0.019269 -0.989541 -0.142959 0.445524 
1535116953871 0.24642 0.92774 -0.280313 -0.621842 -0.937036 0.301922 0.175519 -0.246907 0.247469 0.219412 0.943725 0.379867 0.20788 -0.136166 0.96863 0.379854 -0.977942 -0.0495716 0.20291 -0.505025 0.0203872 -0.989445 -0.143467 0.445604 
1535116953894 0.246529 0.927763 -0.280142 -0.621788 -0.937062 0.301944 0.175339 -0.246876 0.24726 0.219284 0.94381 0.379869 0.207557 -0.136452 0.968659 0.379838 -0.977987 -0.0507145 0.202411 -0.505045 0.0215056 -0.989348 -0.143975 0.445683 
1535116953914 0.246638 0.927786 -0.27997 -0.621733 -0.937089 0.301967 0.175158 -0.246844 0.247051 0.219157 0.943894 0.379872 0.207234 -0.136739 0.968688 0.379822 -0.97803 -0.0518571 0.201912 -0.505064 0.022624 -0.989249 -0.144481 0.445763 
1535116953977 0.246251 0.927646 -0.280772 -0.622005 -0.9369 0.302006 0.176096 -0.246954 0.248149 0.219692 0.943481 0.379827 0.20928 -0.134603 0.968547 0.379977 -0.97774 -0.0440669 0.205142 -0.50498 0.0150682 -0.989919 -0.140829 0.445206 
1535116953996 0.246278 0.927643 -0.280758 -0.621734 -0.936866 0.302054 0.176199 -0.246876 0.248254 0.219639 0.943466 0.379886 0.209133 -0.135372 0.968472 0.37999 -0.977764 -0.0446467 0.204899 -0.505077 0.0155015 -0.989788 -0.141699 0.445324 
1535116954010 0.246305 0.92764 -0.280745 -0.621457 -0.936831 0.302102 0.176302 -0.246796 0.248359 0.219586 0.943451 0.379946 0.209122 -0.135919 0.968398 0.379995 -0.977767 -0.0447325 0.204867 -0.50518 0.0154736 -0.98971 -0.142252 0.445405 
1535116954218 0.246333 0.927637 -0.280732 -0.621179 -0.936796 0.302151 0.176404 -0.246714 0.248463 0.219534 0.943436 0.380007 0.20911 -0.136466 0.968323 0.380001 -0.97777 -0.0448181 0.204834 -0.505282 0.0154457 -0.98963 -0.142804 0.445486 
1535116954249 0.246361 0.927633 -0.280719 -0.620903 -0.936761 0.302199 0.176507 -0.246634 0.248567 0.219482 0.94342 0.380067 0.209099 -0.137012 0.968249 0.380006 -0.977773 -0.0449038 0.204802 -0.505385 0.0154177 -0.989551 -0.143356 0.445566 
1535116954365 0.246388 0.92763 -0.280706 -0.620627 -0.936726 0.302247 0.17661 -0.246554 0.248671 0.21943 0.943405 0.380127 0.209087 -0.137559 0.968174 0.380011 -0.977776 -0.0449894 0.204769 -0.505487 0.0153898 -0.989471 -0.143909 0.445647 
1535116954532 0.246416 0.927626 -0.280693 -0.620349 -0.936691 0.302296 0.176712 -0.246473 0.248775 0.219378 0.94339 0.380187 0.209076 -0.138106 0.968098 0.380017 -0.977779 -0.0450751 0.204736 -0.505589 0.0153619 -0.989391 -0.144461 0.445728 
1535116954592 0.246443 0.927623 -0.280679 -0.620074 -0.936656 0.302344 0.176815 -0.246393 0.248879 0.219325 0.943375 0.380247 0.209065 -0.138652 0.968022 0.380022 -0.977782 -0.0451609 0.204704 -0.505692 0.0153341 -0.989311 -0.145013 0.445809 
1535116954598 0.246471 0.92762 -0.280667 -0.619796 -0.936621 0.302392 0.176917 -0.246311 0.248983 0.219273 0.943359 0.380308 0.209053 -0.139199 0.967947 0.380027 -0.977784 -0.0452464 0.204671 -0.505794 0.0153061 -0.98923 -0.145565 0.44589 
1535116954714 0.246499 0.927616 -0.280653 -0.61952 -0.936586 0.30244 0.17702 -0.246231 0.249088 0.219221 0.943344 0.380368 0.209042 -0.139745 0.96787 0.380032 -0.977787 -0.0453319 0.204638 -0.505897 0.0152782 -0.989149 -0.146117 0.445971 
1535116954863 0.246383 0.927666 -0.280592 -0.620027 -0.936666 0.302274 0.176879 -0.24638 0.248901 0.219241 0.943388 0.380281 0.209024 -0.138522 0.96805 0.380017 -0.97779 -0.0451367 0.204668 -0.505677 0.0153437 -0.98933 -0.14488 0.445825 
1535116954879 0.246529 0.927655 -0.280498 -0.619714 -0.936616 0.302406 0.176922 -0.246254 0.248947 0.219103 0.943409 0.380358 0.208703 -0.138029 0.96819 0.379997 -0.977875 -0.0438907 0.204533 -0.505776 0.0142631 -0.989455 -0.144135 0.445705 
1535116954895 0.246675 0.927644 -0.280406 -0.619397 -0.936565 0.302539 0.176963 -0.246125 0.248993 0.218966 0.943428 0.380437 0.208382 -0.137534 0.968329 0.379976 -0.977959 -0.0426446 0.204397 -0.505874 0.0131823 -0.989579 -0.143389 0.445584 
1535116955008 0.246821 0.927634 -0.280313 -0.619079 -0.936514 0.302671 0.177005 -0.245997 0.249039 0.218829 0.943448 0.380515 0.208061 -0.13704 0.968468 0.379956 -0.978041 -0.0413985 0.20426 -0.505972 0.0121014 -0.9897 -0.142644 0.445464 
1535116955070 0.246967 0.927622 -0.280221 -0.618762 -0.936464 0.302804 0.177047 -0.245868 0.249084 0.218692 0.943467 0.380593 0.207742 -0.136545 0.968607 0.379936 -0.978122 -0.0401524 0.204122 -0.50607 0.0110201 -0.98982 -0.141898 0.445343 
1535116955163 0.247113 0.927611 -0.280129 -0.618443 -0.936413 0.302937 0.177088 -0.245739 0.24913 0.218555 0.943487 0.380672 0.207422 -0.136049 0.968745 0.379915 -0.978201 -0.0389062 0.203983 -0.506169 0.00993854 -0.989938 -0.141153 0.445223 
1535116955219 0.247259 0.9276 -0.280036 -0.618127 -0.936362 0.303069 0.17713 -0.245611 0.249176 0.218419 0.943506 0.38075 0.207104 -0.135553 0.968883 0.379895 -0.978279 -0.0376602 0.203843 -0.506267 0.00885679 -0.990054 -0.140408 0.445103 
1535116955282 0.247405 0.927589 -0.279944 -0.617808 -0.936311 0.303202 0.177172 -0.245482 0.249222 0.218282 0.943526 0.380828 0.206785 -0.135056 0.96902 0.379874 -0.978355 -0.0364141 0.203702 -0.506365 0.00777471 -0.990169 -0.139663 0.444982 
1535116955387 0.247551 0.927578 -0.279852 -0.617491 -0.93626 0.303334 0.177213 -0.245354 0.249268 0.218145 0.943546 0.380906 0.206468 -0.134559 0.969157 0.379854 -0.978431 -0.0351681 0.203561 -0.506463 0.00669244 -0.990281 -0.138918 0.444862 
1535116955481 0.247698 0.927567 -0.27976 -0.617173 -0.93621 0.303467 0.177255 -0.245225 0.249314 0.218008 0.943565 0.380985 0.20615 -0.134062 0.969293 0.379834 -0.978504 -0.0339221 0.203418 -0.506561 0.00560984 -0.990392 -0.138173 0.444741 
1535116955806 0.247322 0.92773 -0.279552 -0.617453 -0.936299 0.303077 0.17745 -0.245136 0.249352 0.217857 0.94359 0.380994 0.206794 -0.134917 0.969038 0.379902 -0.978354 -0.036401 0.203714 -0.506354 0.00778955 -0.990188 -0.139524 0.44502 
1535116955817 0.247577 0.927665 -0.279542 -0.617168 -0.936244 0.303308 0.177345 -0.245009 0.249304 0.217813 0.943613 0.381056 0.206911 -0.133865 0.969158 0.379887 -0.978319 -0.0372977 0.203716 -0.506526 0.0088771 -0.990298 -0.13868 0.444876 
1535116955824 0.247834 0.927599 -0.279534 -0.616879 -0.936189 0.30354 0.17724 -0.24488 0.249257 0.21777 0.943635 0.381119 0.207028 -0.132812 0.969278 0.379872 -0.978284 -0.0381954 0.203718 -0.5067 0.00996566 -0.990405 -0.137836 0.444732 
1535116955830 0.24809 0.927533 -0.279525 -0.61659 -0.936133 0.303773 0.177134 -0.244751 0.24921 0.217728 0.943657 0.381181 0.207144 -0.13176 0.969397 0.379858 -0.978248 -0.039093 0.203721 -0.506874 0.0110543 -0.99051 -0.136992 0.444588 
1535116955838 0.248347 0.927467 -0.279517 -0.6163 -0.936078 0.304005 0.177029 -0.244622 0.249163 0.217685 0.94368 0.381244 0.207258 -0.130708 0.969515 0.379844 -0.978211 -0.0399906 0.203725 -0.507049 0.012143 -0.990614 -0.136148 0.444444 
1535116955940 0.248603 0.9274 -0.279509 -0.61601 -0.936022 0.304237 0.176923 -0.244492 0.249115 0.217643 0.943702 0.381307 0.207371 -0.129655 0.969632 0.379829 -0.978173 -0.0408882 0.20373 -0.507224 0.0132319 -0.990716 -0.135304 0.444301 
