1535123804053 0.213968 0.919323 -0.330247 -0.472332 -0.943828 0.281712 0.172706 -0.171378 0.251807 0.274743 0.92796 0.47409 0.221203 -0.0994255 0.970146 0.384514 -0.973977 -0.072897 0.214605 -0.503955 0.0493835 -0.992371 -0.112963 0.441441 
1535123804068 0.21756 0.920065 -0.325805 -0.488617 -0.94346 0.283767 0.171347 -0.178504 0.250104 0.270105 0.92978 0.464013 0.214495 -0.101546 0.971432 0.384413 -0.976292 -0.0518936 0.210143 -0.501992 0.029072 -0.993476 -0.110269 0.441088 
1535123804076 0.22114 0.920778 -0.321348 -0.504903 -0.943082 0.285826 0.169999 -0.185633 0.248381 0.265464 0.931577 0.453934 0.207735 -0.103522 0.972692 0.384311 -0.978146 -0.0308578 0.205616 -0.50003 0.0087293 -0.994148 -0.10767 0.440736 
1535123804979 0.22471 0.921463 -0.316878 -0.521191 -0.942695 0.287888 0.168662 -0.192764 0.246641 0.260819 0.93335 0.443853 0.200931 -0.105353 0.973924 0.384209 -0.979536 -0.00979956 0.201028 -0.498066 -0.011635 -0.994387 -0.105166 0.440383 
1535123805637 0.228271 0.922118 -0.312396 -0.537477 -0.942298 0.289956 0.167333 -0.199894 0.244882 0.256173 0.935098 0.433774 0.194084 -0.107038 0.975128 0.384108 -0.980463 0.0112712 0.196383 -0.496104 -0.0320112 -0.994191 -0.102759 0.44003 
1535123806290 0.23182 0.922743 -0.307902 -0.553765 -0.941891 0.292027 0.166015 -0.207025 0.243105 0.251525 0.936822 0.423694 0.187196 -0.108575 0.976304 0.384005 -0.980924 0.032345 0.191679 -0.494139 -0.0523902 -0.993562 -0.100449 0.439677 
1535123806316 0.23536 0.92334 -0.303396 -0.570052 -0.941475 0.294103 0.164706 -0.214155 0.241309 0.246875 0.938522 0.413614 0.180273 -0.109965 0.97745 0.383903 -0.980922 0.0534116 0.186922 -0.492173 -0.0727621 -0.992499 -0.0982383 0.439324 
1535123806952 0.238889 0.923907 -0.298878 -0.586339 -0.941049 0.296183 0.163407 -0.221285 0.239495 0.242223 0.940197 0.403534 0.173316 -0.111206 0.978568 0.383801 -0.980454 0.0744613 0.182112 -0.490208 -0.0931174 -0.991004 -0.0961271 0.438972 
1535123807919 0.242408 0.924445 -0.294348 -0.602627 -0.940614 0.298267 0.162118 -0.228415 0.237663 0.237569 0.941848 0.393455 0.16633 -0.112298 0.979655 0.383699 -0.979522 0.0954842 0.177253 -0.488242 -0.113447 -0.989076 -0.0941167 0.438619 
1535123808105 0.245916 0.924953 -0.289806 -0.618913 -0.940169 0.300355 0.160838 -0.235544 0.235813 0.232914 0.943474 0.383376 0.159317 -0.113241 0.980711 0.383596 -0.978127 0.11647 0.172346 -0.486277 -0.13374 -0.986717 -0.0922078 0.438266 
1535123809921 0.246945 0.924513 -0.290333 -0.618625 -0.940105 0.301225 0.159584 -0.235937 0.234993 0.233535 0.943525 0.383426 0.159789 -0.113089 0.980652 0.383693 -0.978052 0.116438 0.172793 -0.486457 -0.133726 -0.986739 -0.0920017 0.438255 
1535123809936 0.247192 0.924607 -0.289826 -0.620278 -0.940066 0.301347 0.159582 -0.236609 0.234889 0.233008 0.943681 0.382414 0.162325 -0.114268 0.980099 0.383679 -0.978348 0.110607 0.174931 -0.48669 -0.128395 -0.987273 -0.0938394 0.438666 
1535123810032 0.247439 0.924699 -0.289318 -0.621936 -0.940027 0.301469 0.15958 -0.237282 0.234785 0.23248 0.943837 0.381401 0.164867 -0.115431 0.979538 0.383665 -0.978608 0.104771 0.177057 -0.486927 -0.123065 -0.987775 -0.0956884 0.439078 
1535123810040 0.247686 0.924792 -0.28881 -0.623595 -0.939988 0.301592 0.159579 -0.237957 0.23468 0.231953 0.943993 0.380388 0.167414 -0.116579 0.97897 0.383651 -0.978831 0.0989276 0.179171 -0.487165 -0.117735 -0.988242 -0.0975488 0.439489 
1535123810312 0.247932 0.924884 -0.288303 -0.625253 -0.939949 0.301714 0.159578 -0.238631 0.234576 0.231425 0.944149 0.379374 0.169966 -0.117711 0.978394 0.383638 -0.979018 0.0930792 0.181273 -0.487402 -0.112406 -0.988676 -0.0994206 0.4399 
1535123810318 0.248179 0.924976 -0.287795 -0.62691 -0.93991 0.301836 0.159576 -0.239304 0.234471 0.230898 0.944304 0.378362 0.172524 -0.118827 0.977812 0.383624 -0.979168 0.0872255 0.183363 -0.487639 -0.107079 -0.989076 -0.101304 0.440312 
1535123810625 0.248426 0.925068 -0.287287 -0.628568 -0.939871 0.301958 0.159575 -0.239978 0.234366 0.23037 0.944459 0.377348 0.175086 -0.119929 0.977222 0.38361 -0.979281 0.0813665 0.185441 -0.487876 -0.101753 -0.989443 -0.103198 0.440723 
1535123810631 0.248672 0.925159 -0.286779 -0.630227 -0.939832 0.30208 0.159574 -0.240653 0.234261 0.229842 0.944613 0.376335 0.177654 -0.121014 0.976624 0.383597 -0.979357 0.0755025 0.187507 -0.488114 -0.0964286 -0.989775 -0.105103 0.441135 
1535123811053 0.248919 0.92525 -0.286271 -0.631884 -0.939793 0.302203 0.159573 -0.241326 0.234156 0.229315 0.944767 0.375322 0.180226 -0.122084 0.976019 0.383583 -0.979397 0.069634 0.18956 -0.48835 -0.0911064 -0.990074 -0.107019 0.441546 
1535123811064 0.249165 0.925341 -0.285763 -0.633543 -0.939754 0.302325 0.159572 -0.242001 0.234051 0.228787 0.944921 0.374309 0.182803 -0.123139 0.975408 0.383569 -0.9794 0.0637612 0.1916 -0.488588 -0.0857865 -0.990339 -0.108946 0.441957 
1535123811807 0.2498 0.925017 -0.286259 -0.633323 -0.939606 0.302996 0.159167 -0.242167 0.233968 0.229211 0.944839 0.374396 0.182416 -0.123082 0.975487 0.383584 -0.979419 0.0644246 0.19128 -0.488453 -0.0863885 -0.990303 -0.108797 0.441813 
1535123811819 0.249183 0.924386 -0.288822 -0.63339 -0.939529 0.303085 0.159449 -0.24233 0.23493 0.231625 0.944011 0.374543 0.18481 -0.125041 0.974787 0.383642 -0.979399 0.0587027 0.193215 -0.488712 -0.0813824 -0.990413 -0.111616 0.442261 
1535123811825 0.248563 0.923749 -0.291383 -0.633455 -0.939453 0.303174 0.159731 -0.242492 0.235891 0.234037 0.943177 0.37469 0.187215 -0.126986 0.974076 0.383702 -0.979345 0.052974 0.195134 -0.488977 -0.0763799 -0.990489 -0.114445 0.44271 
1535123812154 0.247941 0.923105 -0.293942 -0.63352 -0.939376 0.303264 0.160012 -0.242653 0.23685 0.236449 0.942335 0.374838 0.189629 -0.128916 0.973356 0.383762 -0.979258 0.0472399 0.197036 -0.489242 -0.0713822 -0.99053 -0.117284 0.443159 
1535123812161 0.247317 0.922455 -0.296499 -0.633585 -0.939299 0.303354 0.160292 -0.242815 0.237807 0.238858 0.941485 0.374985 0.192052 -0.130831 0.972625 0.383821 -0.979137 0.0415006 0.198921 -0.489507 -0.0663894 -0.990536 -0.120131 0.443608 
1535123812285 0.24669 0.921798 -0.299054 -0.63365 -0.939221 0.303446 0.160573 -0.242977 0.238762 0.241266 0.940629 0.375133 0.194484 -0.132731 0.971884 0.383881 -0.978982 0.0357563 0.200788 -0.489773 -0.0614018 -0.990507 -0.122987 0.444057 
1535123812485 0.24606 0.921135 -0.301605 -0.633716 -0.939144 0.303538 0.160853 -0.243139 0.239716 0.243671 0.939766 0.37528 0.196924 -0.134616 0.971133 0.383941 -0.978794 0.0300076 0.202637 -0.490037 -0.0564196 -0.990443 -0.125852 0.444505 
1535123812492 0.245427 0.920465 -0.304155 -0.63378 -0.939066 0.303631 0.161132 -0.243301 0.240668 0.246076 0.938896 0.375427 0.199373 -0.136486 0.970372 0.384001 -0.978572 0.0242542 0.204469 -0.490303 -0.0514428 -0.990345 -0.128726 0.444954 
1535123812794 0.244792 0.919788 -0.306703 -0.633846 -0.938988 0.303725 0.161412 -0.243463 0.241618 0.248478 0.938019 0.375575 0.20183 -0.138341 0.969601 0.38406 -0.978317 0.0184967 0.206284 -0.490567 -0.046472 -0.990212 -0.131608 0.445403 
1535123812868 0.244155 0.919105 -0.309248 -0.633911 -0.938909 0.303819 0.161691 -0.243625 0.242566 0.250878 0.937135 0.375722 0.204295 -0.140181 0.96882 0.38412 -0.978029 0.0127353 0.20808 -0.490832 -0.041507 -0.990044 -0.134499 0.445852 
1535123813343 0.244401 0.91934 -0.308353 -0.633939 -0.938936 0.303801 0.161567 -0.243488 0.242213 0.250037 0.937451 0.375621 0.201332 -0.138214 0.969723 0.38398 -0.978369 0.0196707 0.205931 -0.490507 -0.0475377 -0.990207 -0.131264 0.445054 
1535123813358 0.243786 0.919778 -0.307534 -0.634013 -0.939039 0.303132 0.162225 -0.243617 0.242434 0.249238 0.937607 0.375612 0.202388 -0.137873 0.969552 0.383973 -0.978335 0.0155972 0.206439 -0.490591 -0.0435847 -0.990327 -0.131729 0.44512 
1535123813552 0.24317 0.920215 -0.306713 -0.63409 -0.939142 0.30246 0.162882 -0.243748 0.242655 0.248439 0.937762 0.375603 0.203443 -0.137526 0.96938 0.383968 -0.978284 0.0115227 0.206946 -0.490679 -0.0396305 -0.990431 -0.132196 0.445187 
1535123813620 0.242554 0.920651 -0.305892 -0.634168 -0.939244 0.301789 0.163538 -0.243878 0.242876 0.24764 0.937915 0.375594 0.204496 -0.137176 0.969208 0.383962 -0.978217 0.00744819 0.207451 -0.490768 -0.0356761 -0.990519 -0.132665 0.445253 
1535123813756 0.241938 0.921086 -0.30507 -0.634246 -0.939345 0.301116 0.164194 -0.244009 0.243098 0.246841 0.938069 0.375584 0.205548 -0.136821 0.969036 0.383957 -0.978133 0.00337367 0.207954 -0.490857 -0.0317216 -0.99059 -0.133135 0.44532 
1535123813980 0.241322 0.921519 -0.304247 -0.634324 -0.939446 0.300443 0.16485 -0.244141 0.243321 0.246042 0.938221 0.375574 0.206599 -0.136461 0.968863 0.383951 -0.978032 -0.000700748 0.208455 -0.490946 -0.0277671 -0.990645 -0.133608 0.445386 
1535123814025 0.240706 0.921952 -0.303424 -0.634401 -0.939546 0.299769 0.165504 -0.244271 0.243544 0.245243 0.938372 0.375565 0.207648 -0.136097 0.96869 0.383946 -0.977914 -0.00477482 0.208954 -0.491034 -0.0238128 -0.990684 -0.134083 0.445453 
1535123814277 0.24009 0.922383 -0.3026 -0.63448 -0.939646 0.299094 0.166159 -0.244403 0.243768 0.244443 0.938523 0.375555 0.208695 -0.135729 0.968516 0.38394 -0.977779 -0.00884881 0.209451 -0.491124 -0.0198584 -0.990706 -0.13456 0.445519 
1535123814371 0.239475 0.922813 -0.301775 -0.634557 -0.939745 0.298419 0.166812 -0.244533 0.243992 0.243644 0.938672 0.375546 0.209741 -0.135357 0.968343 0.383935 -0.977628 -0.0129223 0.209946 -0.491212 -0.0159043 -0.990713 -0.135039 0.445586 
1535123814454 0.238859 0.923242 -0.300949 -0.634636 -0.939843 0.297743 0.167465 -0.244665 0.244216 0.242845 0.938821 0.375536 0.210785 -0.13498 0.968168 0.383929 -0.977459 -0.0169956 0.210439 -0.491302 -0.0119504 -0.990703 -0.13552 0.445652 
1535123814892 0.23926 0.92295 -0.301526 -0.634534 -0.939836 0.298133 0.166808 -0.2446 0.24385 0.243474 0.938753 0.375539 0.20948 -0.135336 0.968402 0.383914 -0.977667 -0.0118979 0.209821 -0.491159 -0.0168744 -0.990728 -0.134806 0.445595 
1535123815030 0.239151 0.923338 -0.300422 -0.634579 -0.939993 0.297701 0.166696 -0.244669 0.243352 0.242529 0.939127 0.375466 0.209406 -0.134208 0.968575 0.383892 -0.9777 -0.0126942 0.20962 -0.491176 -0.0158375 -0.990872 -0.133873 0.445463 
1535123815048 0.239057 0.923712 -0.299347 -0.634625 -0.940148 0.297288 0.166561 -0.244728 0.242846 0.241613 0.939494 0.375396 0.209333 -0.13308 0.968746 0.383871 -0.977732 -0.0134909 0.209421 -0.491193 -0.0148006 -0.991013 -0.132941 0.445331 
1535123815150 0.238963 0.924084 -0.298272 -0.634672 -0.940302 0.296875 0.166425 -0.244788 0.24234 0.240696 0.93986 0.375326 0.209258 -0.131953 0.968917 0.38385 -0.977764 -0.0142879 0.209223 -0.49121 -0.0137639 -0.991153 -0.132009 0.445199 
1535123815281 0.238868 0.924455 -0.297196 -0.634719 -0.940457 0.296462 0.166289 -0.244847 0.241834 0.239779 0.940225 0.375256 0.209183 -0.130825 0.969086 0.383828 -0.977794 -0.0150851 0.209026 -0.491228 -0.0127272 -0.991291 -0.131076 0.445067 
1535123815289 0.238772 0.924825 -0.29612 -0.634766 -0.940611 0.296048 0.166153 -0.244907 0.241328 0.238861 0.940588 0.375186 0.209106 -0.129698 0.969254 0.383807 -0.977823 -0.0158825 0.20883 -0.491245 -0.0116905 -0.991426 -0.130142 0.444935 
1535123815462 0.238676 0.925194 -0.295043 -0.634813 -0.940765 0.295635 0.166016 -0.244967 0.240822 0.237942 0.940951 0.375115 0.209028 -0.12857 0.969421 0.383785 -0.977852 -0.0166802 0.208634 -0.491262 -0.0106539 -0.99156 -0.129209 0.444803 
1535123815566 0.238579 0.925561 -0.293966 -0.634859 -0.940919 0.295223 0.165879 -0.245026 0.240316 0.237023 0.941312 0.375045 0.208949 -0.127442 0.969587 0.383764 -0.977879 -0.017478 0.208439 -0.49128 -0.00961745 -0.991692 -0.128275 0.444671 
1535123815749 0.238482 0.925928 -0.292889 -0.634907 -0.941072 0.29481 0.165741 -0.245086 0.239811 0.236104 0.941672 0.374975 0.208869 -0.126314 0.969752 0.383743 -0.977906 -0.0182762 0.208245 -0.491297 -0.00858089 -0.991822 -0.127341 0.444539 
1535123815839 0.238384 0.926293 -0.291812 -0.634953 -0.941226 0.294397 0.165602 -0.245145 0.239305 0.235184 0.942031 0.374905 0.208787 -0.125186 0.969916 0.383721 -0.977932 -0.0190743 0.208051 -0.491314 -0.00754464 -0.99195 -0.126406 0.444407 
1535123816218 0.238592 0.925995 -0.292587 -0.634877 -0.941097 0.294809 0.165604 -0.245188 0.239606 0.235841 0.94179 0.374971 0.20884 -0.12603 0.969795 0.383721 -0.977916 -0.0186195 0.208169 -0.491286 -0.00817856 -0.991852 -0.127135 0.444501 
1535123816230 0.239129 0.925972 -0.292223 -0.634852 -0.941073 0.295145 0.16514 -0.245138 0.239163 0.235513 0.941984 0.374936 0.204579 -0.126277 0.970671 0.383641 -0.978702 -0.00912911 0.205084 -0.490926 -0.017036 -0.991953 -0.125455 0.444071 
1535123816391 0.239666 0.925948 -0.291857 -0.634826 -0.941049 0.29548 0.164676 -0.245088 0.23872 0.235185 0.942179 0.374901 0.20031 -0.126483 0.971534 0.383559 -0.97939 0.000363042 0.201977 -0.490559 -0.0258994 -0.991969 -0.123803 0.443641 
1535123816420 0.240203 0.925924 -0.291492 -0.634801 -0.941025 0.295816 0.164212 -0.245038 0.238276 0.234857 0.942373 0.374866 0.196037 -0.126647 0.972384 0.383477 -0.97998 0.00985593 0.198852 -0.490191 -0.0347678 -0.991899 -0.122179 0.443211 
1535123816426 0.24074 0.9259 -0.291126 -0.634776 -0.941 0.296152 0.163748 -0.244988 0.237832 0.234529 0.942567 0.374831 0.19176 -0.12677 0.97322 0.383395 -0.980471 0.0193483 0.195709 -0.489824 -0.0436402 -0.991743 -0.120584 0.442781 
1535123816598 0.241276 0.925875 -0.29076 -0.63475 -0.940974 0.296489 0.163284 -0.244939 0.237387 0.234201 0.94276 0.374795 0.18748 -0.126852 0.974043 0.383314 -0.980864 0.0288391 0.192548 -0.489458 -0.0525157 -0.991502 -0.119017 0.442351 
1535123816632 0.241813 0.92585 -0.290393 -0.634725 -0.940949 0.296825 0.16282 -0.244889 0.236943 0.233873 0.942954 0.37476 0.183196 -0.126892 0.974853 0.383232 -0.981158 0.0383279 0.18937 -0.48909 -0.0613936 -0.991176 -0.117479 0.441921 
1535123816641 0.242349 0.925825 -0.290027 -0.634699 -0.940923 0.297161 0.162356 -0.244839 0.236498 0.233546 0.943146 0.374725 0.17891 -0.126891 0.975649 0.383151 -0.981353 0.0478133 0.186174 -0.488725 -0.0702728 -0.990764 -0.11597 0.441491 
1535123816676 0.242885 0.925799 -0.28966 -0.634674 -0.940896 0.297498 0.161893 -0.244789 0.236053 0.233218 0.943339 0.37469 0.174621 -0.126848 0.976431 0.383069 -0.981449 0.0572947 0.182961 -0.488357 -0.0791526 -0.990266 -0.11449 0.441061 
1535123816811 0.24342 0.925773 -0.289292 -0.634649 -0.94087 0.297834 0.161429 -0.244739 0.235608 0.232891 0.943531 0.374655 0.17033 -0.126764 0.977199 0.382987 -0.981447 0.0667707 0.179732 -0.487991 -0.0880319 -0.989683 -0.113039 0.44063 
1535123817761 0.242648 0.925811 -0.28982 -0.634694 -0.940932 0.297325 0.162004 -0.244824 0.236156 0.23339 0.94327 0.374709 0.175171 -0.126649 0.976358 0.38316 -0.981376 0.0569563 0.183459 -0.488473 -0.0788447 -0.990311 -0.114313 0.441189 
1535123817896 0.243331 0.925735 -0.28949 -0.634503 -0.940834 0.297842 0.161622 -0.244731 0.235841 0.233035 0.943437 0.374756 0.174416 -0.126616 0.976497 0.38317 -0.981386 0.0585938 0.182887 -0.488496 -0.0803731 -0.99022 -0.114039 0.441042 
1535123817917 0.244015 0.925657 -0.289162 -0.634307 -0.940736 0.298359 0.161239 -0.244636 0.235526 0.232681 0.943603 0.374804 0.17366 -0.126582 0.976637 0.38318 -0.981394 0.0602305 0.182313 -0.488514 -0.0819007 -0.990126 -0.113767 0.440894 
1535123818135 0.244699 0.925579 -0.288835 -0.63411 -0.940637 0.298876 0.160856 -0.24454 0.235211 0.232327 0.943769 0.374853 0.172904 -0.126547 0.976775 0.383189 -0.981399 0.0618671 0.181737 -0.488531 -0.0834285 -0.99003 -0.113496 0.440747 
1535123818213 0.245383 0.925501 -0.288506 -0.633914 -0.940538 0.299394 0.160473 -0.244444 0.234895 0.231974 0.943935 0.374901 0.172147 -0.12651 0.976914 0.383198 -0.981401 0.0635035 0.181162 -0.488549 -0.0849562 -0.989931 -0.113225 0.440599 
1535123818258 0.246066 0.925422 -0.288177 -0.633719 -0.940438 0.299911 0.160091 -0.244349 0.234579 0.23162 0.9441 0.374949 0.171392 -0.126472 0.977052 0.383207 -0.9814 0.0651395 0.180586 -0.488567 -0.0864837 -0.989829 -0.112955 0.440452 
1535123818476 0.246749 0.925342 -0.287848 -0.633522 -0.940338 0.300429 0.159708 -0.244253 0.234263 0.231267 0.944265 0.374998 0.170635 -0.126433 0.977189 0.383216 -0.981396 0.0667755 0.180009 -0.488585 -0.0880114 -0.989725 -0.112687 0.440304 
1535123818485 0.247432 0.925262 -0.287519 -0.633326 -0.940238 0.300946 0.159326 -0.244158 0.233946 0.230914 0.94443 0.375046 0.169879 -0.126393 0.977326 0.383226 -0.981389 0.0684112 0.179433 -0.488603 -0.089539 -0.989619 -0.112419 0.440157 
1535123818569 0.248115 0.925182 -0.287189 -0.633129 -0.940136 0.301464 0.158944 -0.244062 0.233629 0.230561 0.944595 0.375094 0.169122 -0.126351 0.977463 0.383235 -0.981379 0.0700469 0.178855 -0.48862 -0.0910667 -0.989509 -0.112152 0.440009 
1535123818712 0.248797 0.925101 -0.286859 -0.632934 -0.940035 0.301981 0.158562 -0.243967 0.233312 0.230208 0.944759 0.375143 0.168366 -0.126308 0.977599 0.383244 -0.981366 0.0716822 0.178277 -0.488638 -0.0925942 -0.989398 -0.111886 0.439862 
1535123818950 0.248102 0.925193 -0.287165 -0.633154 -0.940101 0.301485 0.15911 -0.243954 0.233784 0.230489 0.944574 0.375108 0.169646 -0.126374 0.977369 0.383224 -0.981366 0.0691321 0.179279 -0.488614 -0.0902238 -0.989571 -0.112292 0.440123 
1535123818965 0.248153 0.925145 -0.287273 -0.632792 -0.940026 0.301614 0.159311 -0.24385 0.234032 0.230511 0.944507 0.375242 0.169667 -0.126542 0.977344 0.383255 -0.981344 0.069301 0.179334 -0.488721 -0.0904241 -0.989538 -0.112423 0.440057 
1535123818986 0.248205 0.925097 -0.287383 -0.632425 -0.939951 0.301742 0.159512 -0.243743 0.23428 0.230535 0.94444 0.375376 0.169689 -0.126709 0.977318 0.383286 -0.981322 0.0694694 0.17939 -0.488829 -0.0906242 -0.989504 -0.112554 0.439992 
1535123819140 0.248256 0.92505 -0.287493 -0.632059 -0.939875 0.301871 0.159713 -0.243637 0.234528 0.230558 0.944373 0.375511 0.16971 -0.126877 0.977293 0.383318 -0.9813 0.0696379 0.179447 -0.488937 -0.0908242 -0.989471 -0.112686 0.439926 
1535123819228 0.248307 0.925002 -0.287603 -0.631692 -0.9398 0.302 0.159913 -0.243531 0.234776 0.230582 0.944305 0.375646 0.169732 -0.127044 0.977267 0.383349 -0.981277 0.0698063 0.179504 -0.489046 -0.0910242 -0.989438 -0.112817 0.43986 
1535123819235 0.248359 0.924954 -0.287713 -0.631324 -0.939724 0.302129 0.160114 -0.243424 0.235024 0.230606 0.944238 0.375781 0.169754 -0.127211 0.977241 0.38338 -0.981255 0.0699747 0.17956 -0.489154 -0.0912242 -0.989404 -0.112948 0.439794 
1535123819407 0.24841 0.924905 -0.287823 -0.630956 -0.939649 0.302258 0.160314 -0.243317 0.235272 0.230629 0.94417 0.375915 0.169776 -0.127378 0.977216 0.383412 -0.981233 0.0701432 0.179617 -0.489262 -0.0914243 -0.989371 -0.113079 0.439729 
1535123819559 0.248461 0.924858 -0.287933 -0.63059 -0.939573 0.302387 0.160515 -0.243211 0.23552 0.230653 0.944102 0.37605 0.169798 -0.127545 0.97719 0.383443 -0.98121 0.0703115 0.179674 -0.48937 -0.0916243 -0.989337 -0.11321 0.439663 
1535123819566 0.248513 0.92481 -0.288043 -0.630224 -0.939497 0.302516 0.160715 -0.243105 0.235768 0.230676 0.944035 0.376184 0.16982 -0.127713 0.977165 0.383474 -0.981188 0.0704799 0.17973 -0.489478 -0.0918243 -0.989304 -0.113341 0.439597 
1535123819573 0.248564 0.924761 -0.288153 -0.629856 -0.939421 0.302645 0.160915 -0.242998 0.236016 0.2307 0.943967 0.376319 0.169842 -0.12788 0.977139 0.383506 -0.981165 0.0706482 0.179787 -0.489586 -0.0920243 -0.98927 -0.113472 0.439532 
1535123819952 0.248191 0.925002 -0.287702 -0.630071 -0.939615 0.302118 0.160775 -0.242981 0.235638 0.230426 0.944129 0.376322 0.169632 -0.127436 0.977233 0.383367 -0.981257 0.0701548 0.179479 -0.489344 -0.0914297 -0.989363 -0.113147 0.43974 
1535123819956 0.248078 0.925043 -0.287668 -0.629649 -0.939515 0.302131 0.161334 -0.242846 0.236154 0.230245 0.944044 0.376435 0.169775 -0.127584 0.977189 0.383436 -0.981238 0.0700553 0.179625 -0.489455 -0.0913745 -0.989351 -0.113296 0.43967 
1535123819975 0.247967 0.925083 -0.287634 -0.629223 -0.939414 0.302145 0.161892 -0.24271 0.236671 0.230064 0.943959 0.376549 0.169918 -0.127732 0.977145 0.383505 -0.981218 0.0699545 0.179771 -0.489567 -0.0913181 -0.989339 -0.113446 0.4396 
1535123820057 0.247855 0.925124 -0.2876 -0.628797 -0.939314 0.302159 0.16245 -0.242573 0.237187 0.229883 0.943873 0.376664 0.170061 -0.12788 0.977101 0.383575 -0.981198 0.0698538 0.179917 -0.489679 -0.0912619 -0.989327 -0.113596 0.43953 
1535123820095 0.247744 0.925164 -0.287566 -0.62837 -0.939212 0.302173 0.163008 -0.242436 0.237704 0.229702 0.943787 0.376778 0.170205 -0.128028 0.977056 0.383644 -0.981179 0.0697529 0.180063 -0.489791 -0.0912056 -0.989315 -0.113746 0.439459 
1535123820195 0.247632 0.925204 -0.287533 -0.627944 -0.939111 0.302187 0.163565 -0.242299 0.23822 0.229521 0.943701 0.376892 0.170349 -0.128175 0.977012 0.383714 -0.981159 0.0696519 0.18021 -0.489903 -0.0911492 -0.989303 -0.113895 0.439389 
1535123820290 0.247521 0.925245 -0.287499 -0.627518 -0.939009 0.302201 0.164123 -0.242162 0.238736 0.22934 0.943614 0.377006 0.170492 -0.128323 0.976968 0.383783 -0.981139 0.0695512 0.180355 -0.490014 -0.0910931 -0.989291 -0.114045 0.439319 
1535123820387 0.247409 0.925285 -0.287465 -0.627091 -0.938907 0.302214 0.164681 -0.242025 0.239252 0.229159 0.943528 0.37712 0.170636 -0.128471 0.976923 0.383853 -0.98112 0.0694501 0.180502 -0.490126 -0.0910367 -0.989278 -0.114195 0.439249 
1535123820488 0.247298 0.925326 -0.287431 -0.626665 -0.938805 0.302228 0.165238 -0.241888 0.239769 0.228978 0.943441 0.377235 0.170779 -0.128619 0.976879 0.383922 -0.9811 0.0693494 0.180648 -0.490239 -0.0909807 -0.989266 -0.114345 0.439179 
1535123820510 0.247187 0.925366 -0.287397 -0.626238 -0.938702 0.302241 0.165796 -0.241751 0.240285 0.228797 0.943353 0.377349 0.170923 -0.128767 0.976834 0.383991 -0.98108 0.0692483 0.180794 -0.490351 -0.0909244 -0.989254 -0.114494 0.439109 
1535123820899 0.246758 0.925582 -0.28707 -0.626523 -0.938962 0.301634 0.165433 -0.241647 0.239711 0.228726 0.943516 0.37732 0.170784 -0.128495 0.976894 0.383916 -0.981088 0.0694929 0.180658 -0.490072 -0.0911009 -0.989272 -0.114197 0.439258 
1535123820909 0.246772 0.925506 -0.287303 -0.626095 -0.938861 0.301782 0.165736 -0.241502 0.240092 0.228839 0.943392 0.377465 0.170928 -0.128424 0.976878 0.383979 -0.981086 0.0692407 0.180766 -0.490174 -0.0908544 -0.989299 -0.11416 0.43918 
1535123820975 0.246786 0.925429 -0.287537 -0.625663 -0.938759 0.30193 0.166039 -0.241355 0.240473 0.228952 0.943268 0.37761 0.171071 -0.128352 0.976862 0.384042 -0.981084 0.0689878 0.180875 -0.490278 -0.0906073 -0.989326 -0.114122 0.439103 
1535123821046 0.2468 0.925353 -0.287771 -0.625229 -0.938658 0.302079 0.166342 -0.241207 0.240855 0.229065 0.943143 0.377756 0.171216 -0.128281 0.976847 0.384105 -0.981081 0.0687347 0.180984 -0.490381 -0.0903601 -0.989353 -0.114085 0.439025 
1535123821202 0.246814 0.925276 -0.288004 -0.624797 -0.938556 0.302227 0.166646 -0.24106 0.241236 0.229178 0.943018 0.377902 0.171359 -0.128209 0.976831 0.384168 -0.981079 0.0684821 0.181092 -0.490485 -0.0901131 -0.98938 -0.114048 0.438948 
1535123821284 0.246828 0.9252 -0.288238 -0.624364 -0.938455 0.302376 0.166949 -0.240912 0.241617 0.229291 0.942893 0.378047 0.171503 -0.128138 0.976815 0.384232 -0.981076 0.0682292 0.181201 -0.490588 -0.0898659 -0.989407 -0.114011 0.43887 
1535123821314 0.246842 0.925123 -0.288472 -0.62393 -0.938353 0.302524 0.167252 -0.240765 0.241998 0.229404 0.942768 0.378193 0.171647 -0.128066 0.976799 0.384295 -0.981074 0.0679761 0.18131 -0.490692 -0.0896187 -0.989433 -0.113974 0.438793 
1535123821494 0.246856 0.925047 -0.288705 -0.623498 -0.938251 0.302673 0.167555 -0.240618 0.242379 0.229516 0.942642 0.378339 0.17179 -0.127994 0.976783 0.384358 -0.981071 0.0677234 0.181418 -0.490795 -0.0893716 -0.98946 -0.113937 0.438715 
1535123821499 0.246869 0.92497 -0.288939 -0.623064 -0.938149 0.302821 0.167858 -0.24047 0.24276 0.229629 0.942517 0.378485 0.171934 -0.127922 0.976767 0.384421 -0.981069 0.0674704 0.181528 -0.490899 -0.0891243 -0.989487 -0.1139 0.438638 
1535123821672 0.246883 0.924893 -0.289173 -0.622632 -0.938046 0.30297 0.168161 -0.240323 0.243141 0.229742 0.942391 0.37863 0.172078 -0.127851 0.976751 0.384485 -0.981066 0.0672175 0.181636 -0.491002 -0.0888771 -0.989513 -0.113863 0.43856 
1535123821889 0.246389 0.925283 -0.288346 -0.623288 -0.938357 0.302178 0.167853 -0.240411 0.242443 0.229214 0.942699 0.378547 0.172054 -0.128093 0.976724 0.384426 -0.981029 0.0676278 0.181681 -0.490799 -0.0893258 -0.989454 -0.114027 0.438623 
1535123822049 0.246469 0.925182 -0.288602 -0.623002 -0.938332 0.302305 0.167766 -0.240297 0.24246 0.229455 0.942636 0.37861 0.175089 -0.128658 0.97611 0.384542 -0.98102 0.0611111 0.184024 -0.491223 -0.0833274 -0.989804 -0.115516 0.438926 
1535123822078 0.246549 0.92508 -0.28886 -0.622715 -0.938306 0.302432 0.167678 -0.240182 0.242476 0.229698 0.942573 0.378674 0.178128 -0.129202 0.975488 0.38466 -0.980964 0.05459 0.186359 -0.491652 -0.0773297 -0.990115 -0.117018 0.43923 
1535123822101 0.24663 0.924978 -0.289117 -0.622428 -0.938281 0.30256 0.167591 -0.240067 0.242493 0.22994 0.94251 0.378737 0.18117 -0.129725 0.974858 0.384777 -0.980861 0.0480655 0.188681 -0.492081 -0.0713337 -0.990384 -0.118534 0.439533 
1535123822276 0.24671 0.924877 -0.289374 -0.622141 -0.938255 0.302687 0.167503 -0.239952 0.24251 0.230182 0.942446 0.378801 0.184213 -0.130228 0.974221 0.384895 -0.980712 0.0415377 0.190993 -0.492511 -0.0653395 -0.990614 -0.120064 0.439837 
1535123822412 0.246791 0.924774 -0.289632 -0.621854 -0.93823 0.302815 0.167415 -0.239837 0.242526 0.230424 0.942383 0.378864 0.187258 -0.13071 0.973575 0.385013 -0.980516 0.035007 0.193293 -0.492941 -0.0593474 -0.990802 -0.121608 0.440141 
1535123822474 0.246872 0.924672 -0.289889 -0.621567 -0.938204 0.302942 0.167328 -0.239722 0.242543 0.230667 0.942319 0.378928 0.190304 -0.131172 0.972922 0.38513 -0.980274 0.0284741 0.195581 -0.49337 -0.0533579 -0.990951 -0.123166 0.440444 
1535123822726 0.246952 0.92457 -0.290146 -0.62128 -0.938179 0.30307 0.16724 -0.239607 0.24256 0.230909 0.942256 0.378991 0.193353 -0.131614 0.972262 0.385248 -0.979985 0.0219386 0.197858 -0.4938 -0.0473711 -0.991058 -0.124738 0.440748 
1535123822923 0.247033 0.924468 -0.290404 -0.620993 -0.938153 0.303197 0.167152 -0.239492 0.242576 0.231151 0.942192 0.379055 0.196401 -0.132036 0.971593 0.385365 -0.97965 0.0154015 0.200123 -0.494229 -0.0413874 -0.991125 -0.126324 0.441051 
1535123822930 0.247113 0.924365 -0.290661 -0.620706 -0.938128 0.303325 0.167064 -0.239377 0.242593 0.231393 0.942128 0.379118 0.199451 -0.132437 0.970917 0.385483 -0.979268 0.00886283 0.202376 -0.494658 -0.035407 -0.991152 -0.127923 0.441355 
1535123823173 0.247077 0.9245 -0.290263 -0.620858 -0.938147 0.30321 0.167167 -0.23948 0.242557 0.231006 0.942233 0.379138 0.186755 -0.130791 0.973661 0.384972 -0.980589 0.0354383 0.192844 -0.492769 -0.0597272 -0.990776 -0.121634 0.439955 
1535123823191 0.247294 0.924369 -0.290496 -0.620533 -0.938109 0.303439 0.166962 -0.239329 0.242482 0.231228 0.942197 0.379233 0.189486 -0.130371 0.97319 0.385038 -0.980422 0.0289382 0.194771 -0.493143 -0.0535549 -0.991043 -0.122335 0.440174 
1535123823204 0.247499 0.924241 -0.290726 -0.620199 -0.938074 0.303659 0.166759 -0.23917 0.242407 0.23145 0.942162 0.379331 0.192215 -0.129932 0.972713 0.385105 -0.980208 0.0224365 0.196693 -0.493522 -0.047381 -0.991269 -0.123048 0.440392 
1535123823490 0.247705 0.924114 -0.290957 -0.619864 -0.938039 0.303878 0.166557 -0.23901 0.242333 0.231672 0.942127 0.379429 0.19494 -0.129475 0.972232 0.385171 -0.979949 0.0159349 0.198609 -0.4939 -0.0412072 -0.991455 -0.123772 0.440611 
1535123823686 0.247911 0.923986 -0.291188 -0.61953 -0.938004 0.304097 0.166354 -0.238851 0.242258 0.231894 0.942091 0.379527 0.197661 -0.128999 0.971746 0.385238 -0.979644 0.0094334 0.20052 -0.494279 -0.0350338 -0.9916 -0.124509 0.44083 
1535123823696 0.248116 0.923858 -0.291417 -0.619196 -0.937969 0.304316 0.166152 -0.238691 0.242184 0.232116 0.942056 0.379625 0.200377 -0.128506 0.971254 0.385305 -0.979294 0.00293264 0.202424 -0.494657 -0.028861 -0.991704 -0.125258 0.441049 
1535123823852 0.248322 0.92373 -0.291648 -0.618861 -0.937934 0.304535 0.165949 -0.238532 0.242109 0.232338 0.94202 0.379723 0.20309 -0.127995 0.970758 0.385372 -0.978897 -0.00356747 0.204323 -0.495037 -0.022689 -0.991768 -0.126018 0.441268 
1535123823944 0.248527 0.923602 -0.291878 -0.618527 -0.937898 0.304754 0.165747 -0.238372 0.242035 0.23256 0.941985 0.379821 0.205798 -0.127466 0.970257 0.385439 -0.978455 -0.0100662 0.206215 -0.495415 -0.0165184 -0.991792 -0.126791 0.441487 
1535123824192 0.248733 0.923474 -0.292109 -0.618192 -0.937863 0.304973 0.165544 -0.238213 0.24196 0.232782 0.941949 0.379919 0.208503 -0.126918 0.969752 0.385506 -0.977967 -0.0165638 0.208101 -0.495795 -0.0103491 -0.991775 -0.127576 0.441706 
1535123824375 0.248939 0.923346 -0.292339 -0.617857 -0.937828 0.305192 0.165341 -0.238053 0.241886 0.233004 0.941913 0.380017 0.211202 -0.126353 0.969241 0.385573 -0.977434 -0.0230593 0.209981 -0.496173 -0.00418171 -0.991717 -0.128372 0.441925 
1535123825077 0.248861 0.923437 -0.292117 -0.618059 -0.937852 0.305074 0.165421 -0.238145 0.241873 0.232795 0.941968 0.38 0.210596 -0.126562 0.969346 0.385483 -0.977562 -0.022556 0.209436 -0.496084 -0.00464213 -0.991702 -0.128473 0.441829 
1535123825084 0.248947 0.923355 -0.292302 -0.617815 -0.937791 0.305226 0.165486 -0.238048 0.24202 0.232921 0.941899 0.380078 0.208085 -0.126208 0.969934 0.385438 -0.978065 -0.0172277 0.207587 -0.495899 -0.00948951 -0.991854 -0.127025 0.441513 
1535123825095 0.249035 0.923273 -0.292487 -0.61757 -0.93773 0.305379 0.16555 -0.237949 0.242167 0.233046 0.94183 0.380156 0.205573 -0.12584 0.970517 0.385391 -0.978537 -0.0118996 0.205728 -0.495709 -0.0143402 -0.991979 -0.125586 0.441197 
1535123825102 0.249122 0.92319 -0.292673 -0.617326 -0.937668 0.305532 0.165614 -0.237852 0.242314 0.233173 0.941761 0.380233 0.203062 -0.125459 0.971095 0.385344 -0.978978 -0.00657192 0.203861 -0.495519 -0.0191942 -0.992077 -0.124156 0.440881 
1535123825342 0.249209 0.923108 -0.292859 -0.61708 -0.937607 0.305685 0.165678 -0.237753 0.242462 0.233298 0.941692 0.380311 0.200551 -0.125063 0.971668 0.385298 -0.979388 -0.00124474 0.201985 -0.495328 -0.0240514 -0.992148 -0.122735 0.440565 
1535123825499 0.249296 0.923026 -0.293045 -0.616835 -0.937546 0.305838 0.165742 -0.237655 0.242609 0.233424 0.941623 0.380389 0.198042 -0.124654 0.972235 0.385251 -0.979767 0.00408173 0.2001 -0.495138 -0.0289116 -0.992192 -0.121324 0.440249 
1535123825612 0.249383 0.922943 -0.293231 -0.616591 -0.937485 0.305991 0.165806 -0.237557 0.242756 0.23355 0.941554 0.380467 0.195534 -0.124231 0.972797 0.385204 -0.980115 0.00940712 0.198206 -0.494948 -0.0337746 -0.992209 -0.119921 0.439933 
1535123825651 0.24947 0.922861 -0.293416 -0.616345 -0.937423 0.306144 0.16587 -0.237459 0.242903 0.233675 0.941485 0.380545 0.193027 -0.123794 0.973353 0.385157 -0.980432 0.0147316 0.196304 -0.494757 -0.0386404 -0.992199 -0.118528 0.439617 
1535123825869 0.249558 0.922778 -0.293602 -0.616101 -0.937362 0.306297 0.165934 -0.237361 0.24305 0.233801 0.941416 0.380623 0.190521 -0.123344 0.973903 0.385111 -0.980718 0.0200547 0.194394 -0.494568 -0.0435087 -0.992161 -0.117145 0.439301 
1535123826044 0.249644 0.922695 -0.293788 -0.615856 -0.937301 0.30645 0.165998 -0.237263 0.243197 0.233927 0.941347 0.380701 0.188017 -0.12288 0.974449 0.385064 -0.980974 0.0253763 0.192476 -0.494378 -0.0483793 -0.992097 -0.115771 0.438985 
1535123826693 0.249561 0.922774 -0.293612 -0.61607 -0.937361 0.306302 0.16593 -0.23733 0.24305 0.233811 0.941413 0.380613 0.18844 -0.122839 0.974372 0.385074 -0.980925 0.0246641 0.192816 -0.494513 -0.0477173 -0.99212 -0.115848 0.439159 
1535123826712 0.249551 0.922794 -0.293556 -0.615919 -0.937341 0.306305 0.166041 -0.237288 0.243139 0.233726 0.941411 0.380647 0.190637 -0.12415 0.973778 0.38513 -0.980734 0.0190112 0.194422 -0.494803 -0.0426501 -0.992081 -0.118134 0.439585 
1535123826785 0.249535 0.922818 -0.293495 -0.615772 -0.937322 0.306301 0.166155 -0.237246 0.243228 0.233638 0.94141 0.380682 0.192842 -0.125448 0.973178 0.385188 -0.98051 0.0133548 0.196016 -0.495098 -0.0375865 -0.99201 -0.120428 0.440011 
1535123826813 0.249519 0.922842 -0.293434 -0.615625 -0.937303 0.306298 0.166269 -0.237203 0.243318 0.23355 0.941409 0.380718 0.195053 -0.126734 0.97257 0.385245 -0.980253 0.00769603 0.197597 -0.495393 -0.0325271 -0.991907 -0.12273 0.440437 
1535123826838 0.249503 0.922865 -0.293374 -0.615478 -0.937284 0.306294 0.166383 -0.23716 0.243407 0.233461 0.941408 0.380753 0.19727 -0.128006 0.971956 0.385303 -0.979964 0.00203486 0.199163 -0.495689 -0.0274718 -0.991771 -0.12504 0.440863 
1535123827009 0.249487 0.922889 -0.293313 -0.615331 -0.937265 0.30629 0.166497 -0.237117 0.243497 0.233373 0.941407 0.380788 0.199493 -0.129265 0.971336 0.38536 -0.979643 -0.00362843 0.200716 -0.495985 -0.0224211 -0.991603 -0.127357 0.441289 
1535123827016 0.249471 0.922912 -0.293252 -0.615184 -0.937246 0.306286 0.166611 -0.237074 0.243586 0.233285 0.941405 0.380823 0.201721 -0.13051 0.970709 0.385417 -0.979289 -0.00929344 0.202254 -0.49628 -0.017375 -0.991403 -0.129682 0.441715 
1535123827031 0.249456 0.922936 -0.293192 -0.615037 -0.937227 0.306282 0.166725 -0.237032 0.243676 0.233197 0.941404 0.380858 0.203955 -0.131743 0.970075 0.385475 -0.978903 -0.0149603 0.203779 -0.496576 -0.0123337 -0.991171 -0.132014 0.442141 
1535123827217 0.24944 0.922959 -0.293131 -0.61489 -0.937208 0.306278 0.166839 -0.236989 0.243765 0.233108 0.941403 0.380894 0.206194 -0.132962 0.969436 0.385533 -0.978484 -0.0206285 0.205289 -0.496871 -0.00729756 -0.990906 -0.134354 0.442567 
1535123827238 0.249424 0.922983 -0.293071 -0.614743 -0.937189 0.306275 0.166952 -0.236946 0.243854 0.233021 0.941401 0.380929 0.208438 -0.134167 0.968789 0.38559 -0.978033 -0.026298 0.206785 -0.497166 -0.00226659 -0.99061 -0.136701 0.442992 
1535123827808 0.249583 0.922931 -0.293099 -0.614997 -0.937181 0.306398 0.166768 -0.237027 0.24372 0.233065 0.941425 0.380923 0.203583 -0.131757 0.970152 0.385445 -0.978967 -0.0139045 0.203544 -0.496488 -0.013329 -0.991185 -0.131817 0.441792 
1535123827818 0.24956 0.922891 -0.293243 -0.614772 -0.937174 0.306415 0.166777 -0.236947 0.243771 0.233199 0.941379 0.380996 0.203479 -0.131822 0.970165 0.385431 -0.978994 -0.0143071 0.203387 -0.49654 -0.0129305 -0.99117 -0.131964 0.441869 
1535123827836 0.249538 0.922851 -0.293389 -0.614542 -0.937166 0.306433 0.166786 -0.236866 0.243823 0.233334 0.941332 0.381069 0.203375 -0.131886 0.970178 0.385417 -0.979021 -0.0147099 0.203229 -0.496592 -0.0125319 -0.991156 -0.132111 0.441945 
1535123827994 0.249517 0.92281 -0.293534 -0.614313 -0.937159 0.306452 0.166796 -0.236784 0.243875 0.23347 0.941285 0.381143 0.203272 -0.13195 0.970191 0.385403 -0.979047 -0.0151126 0.203072 -0.496644 -0.0121333 -0.991141 -0.132257 0.442022 
1535123828083 0.249495 0.92277 -0.29368 -0.614083 -0.937151 0.30647 0.166805 -0.236703 0.243927 0.233605 0.941238 0.381216 0.203169 -0.132014 0.970203 0.385389 -0.979073 -0.0155153 0.202915 -0.496696 -0.0117346 -0.991126 -0.132404 0.442098 
1535123828226 0.249474 0.92273 -0.293825 -0.613853 -0.937143 0.306489 0.166814 -0.236621 0.243978 0.23374 0.941191 0.38129 0.203066 -0.132078 0.970216 0.385375 -0.9791 -0.015918 0.202758 -0.496748 -0.0113359 -0.991111 -0.13255 0.442175 
1535123828332 0.249452 0.922689 -0.29397 -0.613624 -0.937136 0.306508 0.166823 -0.236539 0.24403 0.233876 0.941144 0.381364 0.202962 -0.132142 0.970229 0.385361 -0.979126 -0.0163207 0.2026 -0.4968 -0.0109373 -0.991096 -0.132697 0.442252 
1535123828497 0.24943 0.922649 -0.294116 -0.613394 -0.937128 0.306526 0.166832 -0.236457 0.244082 0.234011 0.941097 0.381437 0.202859 -0.132207 0.970242 0.385348 -0.979151 -0.0167234 0.202443 -0.496852 -0.0105386 -0.991081 -0.132843 0.442328 
1535123828586 0.249408 0.922608 -0.294261 -0.613165 -0.93712 0.306545 0.166842 -0.236376 0.244134 0.234146 0.94105 0.381511 0.202756 -0.132271 0.970255 0.385334 -0.979177 -0.0171261 0.202285 -0.496904 -0.0101399 -0.991066 -0.132989 0.442405 
1535123828708 0.249387 0.922568 -0.294406 -0.612936 -0.937112 0.306563 0.166851 -0.236294 0.244185 0.234281 0.941003 0.381584 0.202652 -0.132335 0.970268 0.38532 -0.979202 -0.0175287 0.202128 -0.496956 -0.00974114 -0.99105 -0.133135 0.442481 
1535123828812 0.249456 0.922661 -0.294054 -0.613146 -0.93713 0.306531 0.16681 -0.236357 0.244046 0.233955 0.94112 0.381579 0.203488 -0.13218 0.970114 0.385476 -0.979018 -0.0165563 0.2031 -0.496742 -0.0107842 -0.991087 -0.132775 0.442355 
1535123828819 0.249619 0.922648 -0.293958 -0.612824 -0.937084 0.306671 0.166812 -0.236215 0.244057 0.233824 0.94115 0.381668 0.204453 -0.131441 0.970012 0.385483 -0.978853 -0.0206247 0.203521 -0.496947 -0.00674476 -0.991109 -0.132878 0.442412 
1535123828826 0.249781 0.922634 -0.293863 -0.612498 -0.937038 0.306811 0.166813 -0.236071 0.244067 0.233694 0.941179 0.381757 0.205415 -0.130697 0.969909 0.385491 -0.978671 -0.0246939 0.203944 -0.497157 -0.00270402 -0.991115 -0.132982 0.442469 
1535123829015 0.249944 0.922621 -0.293767 -0.612173 -0.936992 0.306951 0.166813 -0.235927 0.244078 0.233564 0.941209 0.381847 0.206375 -0.129949 0.969805 0.385499 -0.978472 -0.0287622 0.204365 -0.497368 0.00133665 -0.991103 -0.133088 0.442526 
1535123829023 0.250106 0.922607 -0.293672 -0.611848 -0.936946 0.307091 0.166814 -0.235784 0.244088 0.233433 0.941239 0.381936 0.207332 -0.129198 0.969702 0.385508 -0.978256 -0.0328299 0.204787 -0.497579 0.00537724 -0.991075 -0.133195 0.442583 
1535123829262 0.250269 0.922594 -0.293576 -0.611522 -0.9369 0.307231 0.166815 -0.23564 0.244098 0.233303 0.941268 0.382026 0.208285 -0.128442 0.969598 0.385516 -0.978023 -0.0368967 0.205208 -0.49779 0.00941765 -0.99103 -0.133304 0.442641 
1535123829269 0.250431 0.92258 -0.29348 -0.611196 -0.936854 0.307371 0.166815 -0.235496 0.244108 0.233173 0.941298 0.382116 0.209236 -0.127682 0.969493 0.385525 -0.977773 -0.0409625 0.205628 -0.498002 0.0134578 -0.990969 -0.133415 0.442698 
1535123829526 0.250593 0.922566 -0.293385 -0.610871 -0.936808 0.307511 0.166816 -0.235352 0.244118 0.233042 0.941328 0.382205 0.210183 -0.126919 0.969389 0.385533 -0.977506 -0.0450272 0.206047 -0.498212 0.0174975 -0.990891 -0.133528 0.442755 
1535123829711 0.250756 0.922552 -0.29329 -0.610546 -0.936762 0.307651 0.166817 -0.235209 0.244128 0.232913 0.941357 0.382294 0.211126 -0.126151 0.969284 0.385541 -0.977221 -0.0490907 0.206466 -0.498422 0.0215368 -0.990796 -0.133642 0.442812 
1535123829848 0.250918 0.922538 -0.293194 -0.610221 -0.936716 0.307791 0.166818 -0.235065 0.244138 0.232782 0.941387 0.382384 0.212067 -0.12538 0.969179 0.385549 -0.97692 -0.0531533 0.206885 -0.498634 0.0255758 -0.990684 -0.133758 0.442869 
1535123830364 0.250818 0.922511 -0.293366 -0.610455 -0.936721 0.307747 0.166868 -0.235192 0.24422 0.232949 0.941324 0.382314 0.211696 -0.125436 0.969253 0.38553 -0.97702 -0.0523825 0.206613 -0.498568 0.0248552 -0.990718 -0.133642 0.442904 
1535123830376 0.251016 0.922455 -0.293373 -0.610142 -0.936588 0.308013 0.167126 -0.235065 0.244529 0.232818 0.941276 0.382378 0.212655 -0.124774 0.969128 0.38555 -0.976732 -0.0553627 0.207196 -0.498787 0.0278008 -0.990639 -0.133644 0.442902 
1535123830394 0.251214 0.922398 -0.293382 -0.609827 -0.936454 0.30828 0.167384 -0.234936 0.244838 0.232689 0.941228 0.382443 0.213615 -0.12411 0.969002 0.385571 -0.976434 -0.0583423 0.20778 -0.499012 0.0307461 -0.990552 -0.133648 0.4429 
1535123830399 0.251412 0.922341 -0.293391 -0.609512 -0.93632 0.308548 0.167641 -0.234808 0.245148 0.232561 0.941179 0.382508 0.214572 -0.123443 0.968876 0.385593 -0.976127 -0.0613209 0.208365 -0.499237 0.033691 -0.990455 -0.133654 0.442899 
1535123830649 0.251609 0.922285 -0.293399 -0.609197 -0.936186 0.308814 0.167899 -0.23468 0.245457 0.232431 0.941131 0.382573 0.215527 -0.122774 0.968749 0.385614 -0.97581 -0.0642986 0.20895 -0.499462 0.0366357 -0.99035 -0.133662 0.442897 
