1531852715375 0.275657 -0.8825 0.381061 -0.604483 0.633204 0.464965 0.618757 -0.181741 -0.723233 0.0707247 0.686973 0.426588 0.16008 -0.775623 -0.61056 0.370831 -0.304787 0.549475 -0.777934 -0.528794 0.938871 0.310623 -0.14844 0.432481 
1531852715390 -0.148927 -0.980986 0.124446 -0.59749 0.846377 -0.0613795 0.529035 -0.25182 -0.511338 0.184116 0.839425 0.412457 0.316303 -0.930106 0.186692 0.400738 -0.384294 -0.305552 -0.871181 -0.506308 0.867335 0.203813 -0.454081 0.485857 
1531852715405 -0.112289 -0.984909 0.131704 -0.601182 0.846531 -0.0254084 0.531733 -0.25525 -0.520362 0.1712 0.836609 0.413526 0.316241 -0.929997 0.187342 0.40083 -0.384855 -0.306262 -0.870684 -0.504432 0.867109 0.203246 -0.454766 0.485875 
1531852715418 -0.0746476 -0.987498 0.138836 -0.603408 0.844952 0.0113066 0.534722 -0.25552 -0.529607 0.157226 0.833545 0.416527 0.316222 -0.930001 0.187353 0.400789 -0.384857 -0.306263 -0.870683 -0.504315 0.867115 0.203225 -0.454765 0.485864 
1531852715435 -0.0369476 -0.988579 0.146101 -0.605466 0.841933 0.0479617 0.537446 -0.255677 -0.538315 0.142865 0.830546 0.419613 0.316221 -0.930002 0.187353 0.400787 -0.384858 -0.306263 -0.870682 -0.504306 0.867115 0.203224 -0.454766 0.485864 
1531852715445 0.000740163 -0.988148 0.1535 -0.607511 0.83749 0.084493 0.53988 -0.255827 -0.546452 0.128155 0.827627 0.422704 0.316221 -0.930002 0.187353 0.40079 -0.38486 -0.306263 -0.870681 -0.504305 0.867115 0.203223 -0.454767 0.485865 
1531852715455 0.0383566 -0.986205 0.161023 -0.609556 0.831631 0.120843 0.542022 -0.255975 -0.554003 0.113122 0.824793 0.425794 0.31622 -0.930002 0.187352 0.400792 -0.384861 -0.306263 -0.870681 -0.504305 0.867114 0.203223 -0.454768 0.485866 
1531852715465 0.0758426 -0.982753 0.168657 -0.611601 0.824363 0.156956 0.543866 -0.256121 -0.560957 0.0977866 0.822049 0.428884 0.31622 -0.930002 0.187352 0.400793 -0.384861 -0.306262 -0.870681 -0.504305 0.867114 0.203222 -0.454768 0.485866 
1531852715478 0.113139 -0.977796 0.176391 -0.613646 0.8157 0.192773 0.54541 -0.256268 -0.567304 0.082175 0.819398 0.431972 0.31622 -0.930002 0.187352 0.400795 -0.384862 -0.306262 -0.870681 -0.504306 0.867114 0.203222 -0.454769 0.485867 
1531852715495 0.15013 -0.971349 0.184234 -0.615634 0.805679 0.228203 0.54663 -0.256512 -0.573011 0.0663674 0.816856 0.434972 0.316223 -0.930002 0.187348 0.400803 -0.384864 -0.306261 -0.87068 -0.504322 0.867111 0.203226 -0.454771 0.485876 
1531852715570 0.15013 -0.971349 0.184234 -0.615634 0.805679 0.228203 0.54663 -0.256512 -0.573011 0.0663674 0.816856 0.434972 0.316223 -0.930002 0.187348 0.400803 -0.384864 -0.306261 -0.87068 -0.504322 0.867111 0.203226 -0.454771 0.485876 
1531852715606 0.186876 -0.963412 0.192134 -0.617686 0.794265 0.263268 0.547569 -0.256648 -0.578118 0.0502776 0.814403 0.438062 0.316221 -0.930002 0.187351 0.400796 -0.384863 -0.306262 -0.87068 -0.504305 0.867113 0.203223 -0.45477 0.485867 
1531852715624 0.186933 -0.963405 0.192111 -0.617735 0.794237 0.263303 0.547594 -0.256551 -0.578138 0.0502182 0.814392 0.438153 0.31622 -0.930002 0.187352 0.400795 -0.384863 -0.306262 -0.87068 -0.504304 0.867113 0.203222 -0.454769 0.485867 
1531852715634 0.186933 -0.963405 0.19211 -0.617736 0.794237 0.263303 0.547594 -0.256549 -0.578138 0.0502175 0.814392 0.438155 0.31622 -0.930002 0.187352 0.400795 -0.384863 -0.306262 -0.87068 -0.504304 0.867113 0.203222 -0.454769 0.485867 
1531852715644 0.186934 -0.963405 0.192111 -0.617736 0.794236 0.263304 0.547594 -0.256549 -0.578139 0.050218 0.814392 0.438155 0.31622 -0.930002 0.187352 0.400795 -0.384863 -0.306262 -0.87068 -0.504304 0.867113 0.203222 -0.454769 0.485867 
1531852715654 0.186934 -0.963405 0.192112 -0.617736 0.794236 0.263305 0.547594 -0.256548 -0.578139 0.0502183 0.814392 0.438155 0.31622 -0.930002 0.187352 0.400795 -0.384863 -0.306262 -0.87068 -0.504304 0.867113 0.203222 -0.454769 0.485867 
1531852715664 0.186934 -0.963405 0.192112 -0.617736 0.794236 0.263304 0.547594 -0.256548 -0.578139 0.0502184 0.814392 0.438155 0.31622 -0.930002 0.187352 0.400795 -0.384863 -0.306262 -0.87068 -0.504304 0.867113 0.203222 -0.454769 0.485867 
1531852715674 0.186934 -0.963405 0.192112 -0.617736 0.794236 0.263305 0.547594 -0.256548 -0.578139 0.0502188 0.814391 0.438155 0.31622 -0.930002 0.187352 0.400795 -0.384863 -0.306262 -0.87068 -0.504304 0.867113 0.203222 -0.454769 0.485867 
1531852715684 0.186933 -0.963405 0.192113 -0.617736 0.794236 0.263304 0.547594 -0.256548 -0.578139 0.0502194 0.814391 0.438155 0.31622 -0.930002 0.187352 0.400795 -0.384863 -0.306262 -0.87068 -0.504304 0.867113 0.203222 -0.454769 0.485867 
1531852715694 0.186933 -0.963405 0.192113 -0.617736 0.794236 0.263305 0.547594 -0.256548 -0.578139 0.0502197 0.814391 0.438155 0.31622 -0.930002 0.187352 0.400795 -0.384863 -0.306262 -0.87068 -0.504304 0.867113 0.203222 -0.454769 0.485867 
1531852715744 0.186933 -0.963405 0.192113 -0.617736 0.794236 0.263305 0.547594 -0.256548 -0.578139 0.0502197 0.814391 0.438155 0.31622 -0.930002 0.187352 0.400795 -0.384863 -0.306262 -0.87068 -0.504304 0.867113 0.203222 -0.454769 0.485867 
1531852715754 0.186933 -0.963405 0.192113 -0.617736 0.794236 0.263305 0.547594 -0.256548 -0.578139 0.0502197 0.814391 0.438155 0.31622 -0.930002 0.187352 0.400795 -0.384863 -0.306262 -0.87068 -0.504304 0.867113 0.203222 -0.454769 0.485867 
1531852715764 0.186933 -0.963405 0.192113 -0.617736 0.794236 0.263305 0.547594 -0.256548 -0.578139 0.0502197 0.814391 0.438155 0.31622 -0.930002 0.187352 0.400795 -0.384863 -0.306262 -0.87068 -0.504304 0.867113 0.203222 -0.454769 0.485867 
1531852715774 0.186933 -0.963405 0.192113 -0.617736 0.794236 0.263305 0.547594 -0.256548 -0.578139 0.0502197 0.814391 0.438155 0.31622 -0.930002 0.187352 0.400795 -0.384863 -0.306262 -0.87068 -0.504304 0.867113 0.203222 -0.454769 0.485867 
1531852715784 0.186933 -0.963405 0.192113 -0.617736 0.794236 0.263305 0.547594 -0.256548 -0.578139 0.0502197 0.814391 0.438155 0.31622 -0.930002 0.187352 0.400795 -0.384863 -0.306262 -0.87068 -0.504304 0.867113 0.203222 -0.454769 0.485867 
1531852715794 0.186933 -0.963405 0.192113 -0.617736 0.794236 0.263305 0.547594 -0.256548 -0.578139 0.0502197 0.814391 0.438155 0.31622 -0.930002 0.187352 0.400795 -0.384863 -0.306262 -0.87068 -0.504304 0.867113 0.203222 -0.454769 0.485867 
1531852715804 0.186933 -0.963405 0.192113 -0.617736 0.794236 0.263305 0.547594 -0.256548 -0.578139 0.0502197 0.814391 0.438155 0.31622 -0.930002 0.187352 0.400795 -0.384863 -0.306262 -0.87068 -0.504304 0.867113 0.203222 -0.454769 0.485867 
1531852715814 0.186933 -0.963405 0.192113 -0.617736 0.794236 0.263305 0.547594 -0.256548 -0.578139 0.0502197 0.814391 0.438155 0.31622 -0.930002 0.187352 0.400795 -0.384863 -0.306262 -0.87068 -0.504304 0.867113 0.203222 -0.454769 0.485867 
1531852715824 0.186933 -0.963405 0.192113 -0.617736 0.794236 0.263305 0.547594 -0.256548 -0.578139 0.0502197 0.814391 0.438155 0.31622 -0.930002 0.187352 0.400795 -0.384863 -0.306262 -0.87068 -0.504304 0.867113 0.203222 -0.454769 0.485867 
1531852715834 0.186933 -0.963405 0.192113 -0.617736 0.794236 0.263305 0.547594 -0.256548 -0.578139 0.0502197 0.814391 0.438155 0.31622 -0.930002 0.187352 0.400795 -0.384863 -0.306262 -0.87068 -0.504304 0.867113 0.203222 -0.454769 0.485867 
1531852715875 0.186933 -0.963405 0.192113 -0.617736 0.794236 0.263305 0.547594 -0.256548 -0.578139 0.0502197 0.814391 0.438155 0.31622 -0.930002 0.187352 0.400795 -0.384863 -0.306262 -0.87068 -0.504304 0.867113 0.203222 -0.454769 0.485867 
1531852715885 0.186811 -0.963418 0.192164 -0.617747 0.794151 0.263243 0.547748 -0.256559 -0.578296 0.0502819 0.814276 0.438188 0.31622 -0.930002 0.187352 0.400795 -0.384863 -0.306262 -0.87068 -0.504304 0.867113 0.203222 -0.454769 0.485867 
1531852715895 0.186688 -0.963432 0.192215 -0.617758 0.794064 0.263182 0.547902 -0.25657 -0.578454 0.0503439 0.81416 0.438222 0.31622 -0.930002 0.187352 0.400795 -0.384863 -0.306262 -0.87068 -0.504304 0.867113 0.203222 -0.454769 0.485867 
1531852715905 0.186566 -0.963445 0.192266 -0.617769 0.793978 0.26312 0.548057 -0.25658 -0.578612 0.0504059 0.814044 0.438255 0.31622 -0.930002 0.187352 0.400795 -0.384863 -0.306262 -0.87068 -0.504304 0.867113 0.203222 -0.454769 0.485867 
1531852715915 0.186444 -0.963459 0.192316 -0.61778 0.793892 0.263059 0.548211 -0.256591 -0.578769 0.0504679 0.813928 0.438289 0.31622 -0.930002 0.187352 0.400795 -0.384863 -0.306262 -0.87068 -0.504304 0.867113 0.203222 -0.454769 0.485867 
1531852715925 0.186322 -0.963472 0.192367 -0.617791 0.793806 0.262998 0.548365 -0.256602 -0.578927 0.0505299 0.813813 0.438322 0.31622 -0.930002 0.187352 0.400795 -0.384863 -0.306262 -0.87068 -0.504304 0.867113 0.203222 -0.454769 0.485867 
1531852715935 0.1862 -0.963486 0.192418 -0.617802 0.79372 0.262936 0.548519 -0.256613 -0.579084 0.0505919 0.813697 0.438355 0.31622 -0.930002 0.187352 0.400795 -0.384863 -0.306262 -0.87068 -0.504304 0.867113 0.203222 -0.454769 0.485867 
1531852715945 0.186077 -0.963499 0.192469 -0.617813 0.793634 0.262875 0.548673 -0.256623 -0.579241 0.050654 0.813581 0.438389 0.31622 -0.930002 0.187352 0.400795 -0.384863 -0.306262 -0.87068 -0.504304 0.867113 0.203222 -0.454769 0.485867 
1531852715955 0.185955 -0.963513 0.192519 -0.617825 0.793547 0.262813 0.548828 -0.256634 -0.579399 0.050716 0.813464 0.438422 0.31622 -0.930002 0.187352 0.400795 -0.384863 -0.306262 -0.87068 -0.504304 0.867113 0.203222 -0.454769 0.485867 
1531852715965 0.185833 -0.963526 0.19257 -0.617835 0.793461 0.262752 0.548982 -0.256645 -0.579556 0.050778 0.813349 0.438454 0.31622 -0.930002 0.187352 0.400795 -0.384863 -0.306262 -0.87068 -0.504304 0.867113 0.203222 -0.454769 0.485867 
1531852716027 0.185833 -0.963526 0.19257 -0.617835 0.793461 0.262752 0.548982 -0.256645 -0.579556 0.050778 0.813349 0.438454 0.31622 -0.930002 0.187352 0.400795 -0.384863 -0.306262 -0.87068 -0.504304 0.867113 0.203222 -0.454769 0.485867 
1531852716037 0.185693 -0.963547 0.192602 -0.617848 0.793374 0.262666 0.549149 -0.256658 -0.579721 0.0508322 0.813228 0.438487 0.31622 -0.930002 0.187352 0.400795 -0.384863 -0.306262 -0.87068 -0.504304 0.867113 0.203222 -0.454769 0.485867 
1531852716047 0.185675 -0.963554 0.192584 -0.617849 0.793371 0.262642 0.549164 -0.256661 -0.57973 0.0508247 0.813222 0.438488 0.31622 -0.930002 0.187352 0.400795 -0.384863 -0.306262 -0.87068 -0.504304 0.867113 0.203222 -0.454769 0.485867 
1531852716057 0.185658 -0.963561 0.192566 -0.617849 0.79337 0.262618 0.549178 -0.256663 -0.579738 0.050817 0.813217 0.438488 0.31622 -0.930002 0.187352 0.400795 -0.384863 -0.306262 -0.87068 -0.504304 0.867113 0.203222 -0.454769 0.485867 
1531852716067 0.18564 -0.963568 0.192548 -0.61785 0.793368 0.262594 0.549192 -0.256666 -0.579746 0.0508093 0.813212 0.438488 0.31622 -0.930002 0.187352 0.400795 -0.384863 -0.306262 -0.87068 -0.504304 0.867113 0.203222 -0.454769 0.485867 
1531852716077 0.185623 -0.963575 0.19253 -0.617851 0.793366 0.262569 0.549206 -0.256668 -0.579753 0.0508015 0.813207 0.438487 0.31622 -0.930002 0.187352 0.400795 -0.384863 -0.306262 -0.87068 -0.504304 0.867113 0.203222 -0.454769 0.485867 
1531852716087 0.185605 -0.963582 0.192512 -0.617852 0.793365 0.262545 0.54922 -0.256671 -0.579761 0.0507938 0.813202 0.438487 0.31622 -0.930002 0.187352 0.400795 -0.384863 -0.306262 -0.87068 -0.504304 0.867113 0.203222 -0.454769 0.485867 
1531852716097 0.185588 -0.963589 0.192493 -0.617852 0.793363 0.262521 0.549234 -0.256673 -0.579769 0.0507861 0.813197 0.438487 0.31622 -0.930002 0.187352 0.400795 -0.384863 -0.306262 -0.87068 -0.504304 0.867113 0.203222 -0.454769 0.485867 
1531852716107 0.18557 -0.963596 0.192475 -0.617853 0.793362 0.262497 0.549248 -0.256676 -0.579777 0.0507784 0.813192 0.438487 0.31622 -0.930002 0.187352 0.400795 -0.384863 -0.306262 -0.87068 -0.504304 0.867113 0.203222 -0.454769 0.485867 
1531852716117 0.185553 -0.963603 0.192457 -0.617854 0.79336 0.262473 0.549261 -0.256678 -0.579785 0.0507707 0.813186 0.438486 0.31622 -0.930002 0.187352 0.400795 -0.384863 -0.306262 -0.87068 -0.504304 0.867113 0.203222 -0.454769 0.485867 
1531852716137 0.185553 -0.963603 0.192457 -0.617854 0.79336 0.262473 0.549261 -0.256678 -0.579785 0.0507707 0.813186 0.438486 0.31622 -0.930002 0.187352 0.400795 -0.384863 -0.306262 -0.87068 -0.504304 0.867113 0.203222 -0.454769 0.485867 
1531852716147 0.185552 -0.963602 0.192461 -0.617854 0.793358 0.262474 0.549264 -0.256678 -0.579788 0.0507733 0.813184 0.438486 0.31622 -0.930002 0.187352 0.400795 -0.384863 -0.306262 -0.87068 -0.504304 0.867113 0.203222 -0.454769 0.485867 
1531852716157 0.185569 -0.963595 0.192483 -0.617852 0.793357 0.2625 0.549252 -0.256676 -0.579783 0.0507835 0.813187 0.438485 0.31622 -0.930002 0.187352 0.400795 -0.384863 -0.306262 -0.87068 -0.504304 0.867113 0.203222 -0.454769 0.485867 
1531852716167 0.185585 -0.963587 0.192505 -0.617851 0.793357 0.262526 0.549241 -0.256673 -0.579779 0.0507938 0.813189 0.438485 0.31622 -0.930002 0.187352 0.400795 -0.384863 -0.306262 -0.87068 -0.504304 0.867113 0.203222 -0.454769 0.485867 
1531852716177 0.185602 -0.963579 0.192527 -0.61785 0.793356 0.262552 0.549229 -0.256671 -0.579774 0.0508041 0.813192 0.438484 0.31622 -0.930002 0.187352 0.400795 -0.384863 -0.306262 -0.87068 -0.504304 0.867113 0.203222 -0.454769 0.485867 
1531852716187 0.185619 -0.963572 0.192549 -0.617849 0.793356 0.262579 0.549217 -0.256668 -0.579769 0.0508146 0.813195 0.438484 0.31622 -0.930002 0.187352 0.400795 -0.384863 -0.306262 -0.87068 -0.504304 0.867113 0.203222 -0.454769 0.485867 
1531852716197 0.185636 -0.963564 0.192571 -0.617848 0.793355 0.262605 0.549205 -0.256666 -0.579765 0.050825 0.813197 0.438484 0.31622 -0.930002 0.187352 0.400795 -0.384863 -0.306262 -0.87068 -0.504304 0.867113 0.203222 -0.454769 0.485867 
1531852716207 0.185653 -0.963556 0.192593 -0.617846 0.793355 0.262631 0.549194 -0.256663 -0.57976 0.0508353 0.8132 0.438483 0.31622 -0.930002 0.187352 0.400795 -0.384863 -0.306262 -0.87068 -0.504304 0.867113 0.203222 -0.454769 0.485867 
1531852716217 0.18567 -0.963549 0.192615 -0.617845 0.793354 0.262657 0.549182 -0.256661 -0.579755 0.0508457 0.813203 0.438483 0.31622 -0.930002 0.187352 0.400795 -0.384863 -0.306262 -0.87068 -0.504304 0.867113 0.203222 -0.454769 0.485867 
1531852716227 0.185687 -0.963541 0.192637 -0.617843 0.793354 0.262683 0.54917 -0.256658 -0.579751 0.050856 0.813205 0.438482 0.31622 -0.930002 0.187352 0.400795 -0.384863 -0.306262 -0.87068 -0.504304 0.867113 0.203222 -0.454769 0.485867 
1531852716260 0.185687 -0.963541 0.192637 -0.617843 0.793354 0.262683 0.54917 -0.256658 -0.579751 0.050856 0.813205 0.438482 0.31622 -0.930002 0.187352 0.400795 -0.384863 -0.306262 -0.87068 -0.504304 0.867113 0.203222 -0.454769 0.485867 
1531852716270 0.185728 -0.963533 0.19264 -0.61784 0.793362 0.262717 0.549141 -0.256652 -0.579725 0.050842 0.813224 0.438478 0.31622 -0.930002 0.187352 0.400795 -0.384863 -0.306262 -0.87068 -0.504304 0.867113 0.203222 -0.454769 0.485867 
1531852716280 0.185754 -0.963532 0.19262 -0.617837 0.793372 0.262725 0.549123 -0.256648 -0.579704 0.0508173 0.813241 0.438474 0.31622 -0.930002 0.187352 0.400795 -0.384863 -0.306262 -0.87068 -0.504304 0.867113 0.203222 -0.454769 0.485867 
1531852716290 0.185779 -0.963531 0.1926 -0.617835 0.793381 0.262733 0.549106 -0.256644 -0.579683 0.0507928 0.813258 0.43847 0.31622 -0.930002 0.187352 0.400795 -0.384863 -0.306262 -0.87068 -0.504304 0.867113 0.203222 -0.454769 0.485867 
1531852716300 0.185805 -0.96353 0.19258 -0.617833 0.793391 0.262742 0.549088 -0.25664 -0.579662 0.0507683 0.813274 0.438466 0.31622 -0.930002 0.187352 0.400795 -0.384863 -0.306262 -0.87068 -0.504304 0.867113 0.203222 -0.454769 0.485867 
1531852716310 0.18583 -0.963529 0.192561 -0.61783 0.7934 0.26275 0.549071 -0.256637 -0.579641 0.0507438 0.813291 0.438462 0.31622 -0.930002 0.187352 0.400795 -0.384863 -0.306262 -0.87068 -0.504304 0.867113 0.203222 -0.454769 0.485867 
1531852716320 0.185855 -0.963528 0.192541 -0.617828 0.79341 0.262758 0.549053 -0.256633 -0.57962 0.0507193 0.813307 0.438458 0.31622 -0.930002 0.187352 0.400795 -0.384863 -0.306262 -0.87068 -0.504304 0.867113 0.203222 -0.454769 0.485867 
1531852716330 0.18588 -0.963527 0.192521 -0.617825 0.793419 0.262766 0.549036 -0.256629 -0.579599 0.0506948 0.813324 0.438454 0.31622 -0.930002 0.187352 0.400795 -0.384863 -0.306262 -0.87068 -0.504304 0.867113 0.203222 -0.454769 0.485867 
1531852716340 0.185906 -0.963526 0.192501 -0.617823 0.793428 0.262774 0.549018 -0.256625 -0.579578 0.0506703 0.81334 0.43845 0.31622 -0.930002 0.187352 0.400795 -0.384863 -0.306262 -0.87068 -0.504304 0.867113 0.203222 -0.454769 0.485867 
1531852716350 0.185931 -0.963525 0.192481 -0.617821 0.793438 0.262782 0.549001 -0.256622 -0.579557 0.0506459 0.813357 0.438446 0.31622 -0.930002 0.187352 0.400795 -0.384863 -0.306262 -0.87068 -0.504304 0.867113 0.203222 -0.454769 0.485867 
1531852716387 0.185931 -0.963525 0.192481 -0.617821 0.793438 0.262782 0.549001 -0.256622 -0.579557 0.0506459 0.813357 0.438446 0.31622 -0.930002 0.187352 0.400795 -0.384863 -0.306262 -0.87068 -0.504304 0.867113 0.203222 -0.454769 0.485867 
1531852716398 0.185959 -0.963522 0.192469 -0.617818 0.793448 0.262796 0.548979 -0.256618 -0.579534 0.0506266 0.813374 0.438443 0.31622 -0.930002 0.187352 0.400795 -0.384863 -0.306262 -0.87068 -0.504304 0.867113 0.203222 -0.454769 0.485867 
1531852716407 0.185961 -0.96352 0.192476 -0.617819 0.793449 0.262802 0.548975 -0.256617 -0.579531 0.0506315 0.813376 0.438443 0.31622 -0.930002 0.187352 0.400795 -0.384863 -0.306262 -0.87068 -0.504304 0.867113 0.203222 -0.454769 0.485867 
1531852716417 0.185964 -0.963518 0.192482 -0.617819 0.79345 0.262808 0.54897 -0.256617 -0.579529 0.0506365 0.813377 0.438443 0.31622 -0.930002 0.187352 0.400795 -0.384863 -0.306262 -0.87068 -0.504304 0.867113 0.203222 -0.454769 0.485867 
1531852716427 0.185967 -0.963517 0.192489 -0.617819 0.793451 0.262814 0.548966 -0.256616 -0.579527 0.0506415 0.813378 0.438444 0.31622 -0.930002 0.187352 0.400795 -0.384863 -0.306262 -0.87068 -0.504304 0.867113 0.203222 -0.454769 0.485867 
1531852716437 0.18597 -0.963515 0.192496 -0.617819 0.793452 0.26282 0.548962 -0.256616 -0.579525 0.0506465 0.813379 0.438444 0.31622 -0.930002 0.187352 0.400795 -0.384863 -0.306262 -0.87068 -0.504304 0.867113 0.203222 -0.454769 0.485867 
1531852716447 0.185972 -0.963513 0.192503 -0.617819 0.793453 0.262826 0.548957 -0.256615 -0.579522 0.0506515 0.813381 0.438444 0.31622 -0.930002 0.187352 0.400795 -0.384863 -0.306262 -0.87068 -0.504304 0.867113 0.203222 -0.454769 0.485867 
1531852716457 0.185975 -0.963511 0.19251 -0.61782 0.793454 0.262832 0.548953 -0.256615 -0.57952 0.0506565 0.813382 0.438445 0.31622 -0.930002 0.187352 0.400795 -0.384863 -0.306262 -0.87068 -0.504304 0.867113 0.203222 -0.454769 0.485867 
1531852716467 0.185978 -0.963509 0.192517 -0.61782 0.793455 0.262838 0.548949 -0.256614 -0.579518 0.0506615 0.813383 0.438445 0.31622 -0.930002 0.187352 0.400795 -0.384863 -0.306262 -0.87068 -0.504304 0.867113 0.203222 -0.454769 0.485867 
1531852716477 0.18598 -0.963507 0.192524 -0.61782 0.793456 0.262844 0.548944 -0.256614 -0.579516 0.0506665 0.813385 0.438446 0.31622 -0.930002 0.187352 0.400795 -0.384863 -0.306262 -0.87068 -0.504304 0.867113 0.203222 -0.454769 0.485867 
1531852716498 0.18598 -0.963507 0.192524 -0.61782 0.793456 0.262844 0.548944 -0.256614 -0.579516 0.0506665 0.813385 0.438446 0.31622 -0.930002 0.187352 0.400795 -0.384863 -0.306262 -0.87068 -0.504304 0.867113 0.203222 -0.454769 0.485867 
1531852716507 0.185986 -0.963503 0.192539 -0.61782 0.793456 0.262857 0.548939 -0.256612 -0.579514 0.0506762 0.813385 0.438447 0.31622 -0.930002 0.187352 0.400795 -0.384863 -0.306262 -0.87068 -0.504304 0.867113 0.203222 -0.454769 0.485867 
1531852716517 0.185988 -0.963501 0.192546 -0.61782 0.793455 0.262863 0.548938 -0.256612 -0.579516 0.0506807 0.813384 0.438448 0.31622 -0.930002 0.187352 0.400795 -0.384863 -0.306262 -0.87068 -0.504304 0.867113 0.203222 -0.454769 0.485867 
1531852716527 0.185989 -0.963499 0.192553 -0.617821 0.793453 0.262868 0.548937 -0.256611 -0.579517 0.0506853 0.813383 0.438449 0.31622 -0.930002 0.187352 0.400795 -0.384863 -0.306262 -0.87068 -0.504304 0.867113 0.203222 -0.454769 0.485867 
1531852716537 0.185991 -0.963498 0.19256 -0.617821 0.793452 0.262874 0.548937 -0.256611 -0.579518 0.0506899 0.813381 0.43845 0.31622 -0.930002 0.187352 0.400795 -0.384863 -0.306262 -0.87068 -0.504304 0.867113 0.203222 -0.454769 0.485867 
1531852716547 0.185993 -0.963496 0.192567 -0.617821 0.793451 0.26288 0.548936 -0.25661 -0.579519 0.0506944 0.81338 0.438451 0.31622 -0.930002 0.187352 0.400795 -0.384863 -0.306262 -0.87068 -0.504304 0.867113 0.203222 -0.454769 0.485867 
1531852716558 0.185995 -0.963494 0.192575 -0.617821 0.793449 0.262886 0.548935 -0.256609 -0.579521 0.050699 0.813379 0.438452 0.31622 -0.930002 0.187352 0.400795 -0.384863 -0.306262 -0.87068 -0.504304 0.867113 0.203222 -0.454769 0.485867 
1531852716567 0.185997 -0.963492 0.192582 -0.617821 0.793448 0.262891 0.548934 -0.256609 -0.579522 0.0507036 0.813378 0.438453 0.31622 -0.930002 0.187352 0.400795 -0.384863 -0.306262 -0.87068 -0.504304 0.867113 0.203222 -0.454769 0.485867 
1531852716577 0.185999 -0.96349 0.192589 -0.617822 0.793446 0.262897 0.548934 -0.256608 -0.579523 0.0507081 0.813377 0.438454 0.31622 -0.930002 0.187352 0.400795 -0.384863 -0.306262 -0.87068 -0.504304 0.867113 0.203222 -0.454769 0.485867 
1531852716587 0.186001 -0.963489 0.192596 -0.617822 0.793445 0.262903 0.548933 -0.256608 -0.579525 0.0507127 0.813375 0.438455 0.31622 -0.930002 0.187352 0.400795 -0.384863 -0.306262 -0.87068 -0.504304 0.867113 0.203222 -0.454769 0.485867 
1531852716619 0.186001 -0.963489 0.192596 -0.617822 0.793445 0.262903 0.548933 -0.256608 -0.579525 0.0507127 0.813375 0.438455 0.31622 -0.930002 0.187352 0.400795 -0.384863 -0.306262 -0.87068 -0.504304 0.867113 0.203222 -0.454769 0.485867 
1531852716629 0.185985 -0.963491 0.192598 -0.617823 0.79343 0.262893 0.548959 -0.256609 -0.57955 0.0507149 0.813357 0.43846 0.31622 -0.930002 0.187352 0.400795 -0.384863 -0.306262 -0.87068 -0.504304 0.867113 0.203222 -0.454769 0.485867 
1531852716639 0.185967 -0.963496 0.192592 -0.617824 0.793416 0.262876 0.548987 -0.256611 -0.579575 0.0507123 0.81334 0.438463 0.31622 -0.930002 0.187352 0.400795 -0.384863 -0.306262 -0.87068 -0.504304 0.867113 0.203222 -0.454769 0.485867 
1531852716649 0.185949 -0.963501 0.192586 -0.617825 0.793402 0.262859 0.549015 -0.256613 -0.5796 0.0507096 0.813322 0.438467 0.31622 -0.930002 0.187352 0.400795 -0.384863 -0.306262 -0.87068 -0.504304 0.867113 0.203222 -0.454769 0.485867 
1531852716659 0.185931 -0.963505 0.19258 -0.617827 0.793389 0.262842 0.549043 -0.256615 -0.579624 0.050707 0.813305 0.438471 0.31622 -0.930002 0.187352 0.400795 -0.384863 -0.306262 -0.87068 -0.504304 0.867113 0.203222 -0.454769 0.485867 
1531852716669 0.185913 -0.96351 0.192574 -0.617828 0.793375 0.262826 0.549071 -0.256617 -0.579649 0.0507044 0.813287 0.438474 0.31622 -0.930002 0.187352 0.400795 -0.384863 -0.306262 -0.87068 -0.504304 0.867113 0.203222 -0.454769 0.485867 
1531852716679 0.185895 -0.963515 0.192568 -0.617829 0.793361 0.262809 0.549099 -0.25662 -0.579673 0.0507017 0.81327 0.438478 0.31622 -0.930002 0.187352 0.400795 -0.384863 -0.306262 -0.87068 -0.504304 0.867113 0.203222 -0.454769 0.485867 
1531852716689 0.185876 -0.963519 0.192562 -0.61783 0.793348 0.262792 0.549126 -0.256622 -0.579698 0.0506991 0.813253 0.438482 0.31622 -0.930002 0.187352 0.400795 -0.384863 -0.306262 -0.87068 -0.504304 0.867113 0.203222 -0.454769 0.485867 
1531852716699 0.185858 -0.963524 0.192556 -0.617832 0.793334 0.262776 0.549154 -0.256624 -0.579722 0.0506965 0.813235 0.438486 0.31622 -0.930002 0.187352 0.400795 -0.384863 -0.306262 -0.87068 -0.504304 0.867113 0.203222 -0.454769 0.485867 
1531852716709 0.18584 -0.963529 0.19255 -0.617833 0.79332 0.262759 0.549182 -0.256626 -0.579747 0.0506939 0.813218 0.438489 0.31622 -0.930002 0.187352 0.400795 -0.384863 -0.306262 -0.87068 -0.504304 0.867113 0.203222 -0.454769 0.485867 
1531852716758 0.18584 -0.963529 0.19255 -0.617833 0.79332 0.262759 0.549182 -0.256626 -0.579747 0.0506939 0.813218 0.438489 0.31622 -0.930002 0.187352 0.400795 -0.384863 -0.306262 -0.87068 -0.504304 0.867113 0.203222 -0.454769 0.485867 
1531852716768 0.185821 -0.963534 0.192544 -0.617834 0.793305 0.262742 0.549211 -0.256628 -0.579773 0.0506912 0.813199 0.438493 0.31622 -0.930002 0.187352 0.400795 -0.384863 -0.306262 -0.87068 -0.504304 0.867113 0.203222 -0.454769 0.485867 
1531852716778 0.18582 -0.963534 0.192545 -0.617834 0.793304 0.262741 0.549214 -0.256629 -0.579776 0.0506912 0.813198 0.438493 0.31622 -0.930002 0.187352 0.400795 -0.384863 -0.306262 -0.87068 -0.504304 0.867113 0.203222 -0.454769 0.485867 
1531852716788 0.185819 -0.963534 0.192545 -0.617834 0.793302 0.262741 0.549216 -0.256629 -0.579778 0.0506912 0.813196 0.438494 0.31622 -0.930002 0.187352 0.400795 -0.384863 -0.306262 -0.87068 -0.504304 0.867113 0.203222 -0.454769 0.485867 
1531852716798 0.185819 -0.963534 0.192545 -0.617834 0.793301 0.26274 0.549219 -0.256629 -0.57978 0.0506912 0.813195 0.438494 0.31622 -0.930002 0.187352 0.400795 -0.384863 -0.306262 -0.87068 -0.504304 0.867113 0.203222 -0.454769 0.485867 
1531852716808 0.185818 -0.963534 0.192545 -0.617834 0.7933 0.26274 0.549221 -0.256629 -0.579782 0.0506911 0.813193 0.438494 0.31622 -0.930002 0.187352 0.400795 -0.384863 -0.306262 -0.87068 -0.504304 0.867113 0.203222 -0.454769 0.485867 
1531852716818 0.185817 -0.963534 0.192545 -0.617834 0.793298 0.262739 0.549223 -0.25663 -0.579785 0.0506911 0.813191 0.438494 0.31622 -0.930002 0.187352 0.400795 -0.384863 -0.306262 -0.87068 -0.504304 0.867113 0.203222 -0.454769 0.485867 
1531852716828 0.185816 -0.963535 0.192546 -0.617834 0.793297 0.262739 0.549225 -0.25663 -0.579787 0.0506911 0.81319 0.438494 0.31622 -0.930002 0.187352 0.400795 -0.384863 -0.306262 -0.87068 -0.504304 0.867113 0.203222 -0.454769 0.485867 
1531852716838 0.185815 -0.963535 0.192546 -0.617834 0.793295 0.262738 0.549228 -0.25663 -0.579789 0.0506911 0.813188 0.438495 0.31622 -0.930002 0.187352 0.400795 -0.384863 -0.306262 -0.87068 -0.504304 0.867113 0.203222 -0.454769 0.485867 
1531852716848 0.185814 -0.963535 0.192546 -0.617834 0.793294 0.262738 0.54923 -0.256631 -0.579791 0.050691 0.813187 0.438495 0.31622 -0.930002 0.187352 0.400795 -0.384863 -0.306262 -0.87068 -0.504304 0.867113 0.203222 -0.454769 0.485867 
1531852716920 0.185814 -0.963535 0.192546 -0.617834 0.793294 0.262738 0.54923 -0.256631 -0.579791 0.050691 0.813187 0.438495 0.31622 -0.930002 0.187352 0.400795 -0.384863 -0.306262 -0.87068 -0.504304 0.867113 0.203222 -0.454769 0.485867 
1531852716930 0.185807 -0.963537 0.192543 -0.617838 0.793287 0.262731 0.549243 -0.256632 -0.579803 0.0506891 0.813178 0.438496 0.31622 -0.930002 0.187352 0.400795 -0.384863 -0.306262 -0.87068 -0.504304 0.867113 0.203222 -0.454769 0.485867 
1531852716940 0.185801 -0.963538 0.192541 -0.617843 0.793282 0.262725 0.549253 -0.256632 -0.579812 0.0506873 0.813172 0.438498 0.31622 -0.930002 0.187352 0.400795 -0.384863 -0.306262 -0.87068 -0.504304 0.867113 0.203222 -0.454769 0.485867 
1531852716950 0.185795 -0.96354 0.192538 -0.617847 0.793277 0.26272 0.549263 -0.256633 -0.579821 0.0506854 0.813166 0.438499 0.31622 -0.930002 0.187352 0.400795 -0.384863 -0.306262 -0.87068 -0.504304 0.867113 0.203222 -0.454769 0.485867 
1531852716960 0.185789 -0.963542 0.192535 -0.617852 0.793272 0.262714 0.549274 -0.256633 -0.57983 0.0506835 0.81316 0.438501 0.31622 -0.930002 0.187352 0.400795 -0.384863 -0.306262 -0.87068 -0.504304 0.867113 0.203222 -0.454769 0.485867 
1531852716970 0.185784 -0.963543 0.192533 -0.617857 0.793266 0.262708 0.549284 -0.256634 -0.579839 0.0506816 0.813153 0.438503 0.31622 -0.930002 0.187352 0.400795 -0.384863 -0.306262 -0.87068 -0.504304 0.867113 0.203222 -0.454769 0.485867 
1531852716980 0.185778 -0.963545 0.19253 -0.617861 0.793261 0.262702 0.549295 -0.256635 -0.579848 0.0506797 0.813147 0.438504 0.31622 -0.930002 0.187352 0.400795 -0.384863 -0.306262 -0.87068 -0.504304 0.867113 0.203222 -0.454769 0.485867 
1531852716990 0.185772 -0.963547 0.192527 -0.617866 0.793256 0.262697 0.549305 -0.256635 -0.579857 0.0506778 0.81314 0.438505 0.31622 -0.930002 0.187352 0.400795 -0.384863 -0.306262 -0.87068 -0.504304 0.867113 0.203222 -0.454769 0.485867 
1531852717000 0.185766 -0.963548 0.192524 -0.617871 0.79325 0.262691 0.549315 -0.256636 -0.579866 0.0506759 0.813134 0.438507 0.31622 -0.930002 0.187352 0.400795 -0.384863 -0.306262 -0.87068 -0.504304 0.867113 0.203222 -0.454769 0.485867 
1531852717010 0.18576 -0.96355 0.192522 -0.617875 0.793245 0.262685 0.549326 -0.256636 -0.579875 0.050674 0.813128 0.438508 0.31622 -0.930002 0.187352 0.400795 -0.384863 -0.306262 -0.87068 -0.504304 0.867113 0.203222 -0.454769 0.485867 
1531852717047 0.18576 -0.96355 0.192522 -0.617875 0.793245 0.262685 0.549326 -0.256636 -0.579875 0.050674 0.813128 0.438508 0.31622 -0.930002 0.187352 0.400795 -0.384863 -0.306262 -0.87068 -0.504304 0.867113 0.203222 -0.454769 0.485867 
1531852717057 0.185739 -0.96355 0.19254 -0.617902 0.793234 0.26268 0.549344 -0.256639 -0.579897 0.0506953 0.813111 0.438514 0.31622 -0.930002 0.187352 0.400795 -0.384863 -0.306262 -0.87068 -0.504304 0.867113 0.203222 -0.454769 0.485867 
1531852717067 0.185723 -0.963549 0.192562 -0.617924 0.793229 0.26268 0.549352 -0.25664 -0.57991 0.0507186 0.8131 0.438518 0.31622 -0.930002 0.187352 0.400795 -0.384863 -0.306262 -0.87068 -0.504304 0.867113 0.203222 -0.454769 0.485867 
1531852717077 0.185706 -0.963548 0.192584 -0.617946 0.793223 0.26268 0.549361 -0.256642 -0.579923 0.0507426 0.813089 0.438522 0.31622 -0.930002 0.187352 0.400795 -0.384863 -0.306262 -0.87068 -0.504304 0.867113 0.203222 -0.454769 0.485867 
1531852717087 0.18569 -0.963547 0.192606 -0.617968 0.793217 0.26268 0.549369 -0.256644 -0.579936 0.050766 0.813079 0.438526 0.31622 -0.930002 0.187352 0.400795 -0.384863 -0.306262 -0.87068 -0.504304 0.867113 0.203222 -0.454769 0.485867 
1531852717097 0.185674 -0.963545 0.192628 -0.617991 0.793211 0.26268 0.549377 -0.256645 -0.579949 0.0507895 0.813068 0.43853 0.31622 -0.930002 0.187352 0.400795 -0.384863 -0.306262 -0.87068 -0.504304 0.867113 0.203222 -0.454769 0.485867 
1531852717107 0.185658 -0.963544 0.19265 -0.618013 0.793205 0.262681 0.549385 -0.256647 -0.579962 0.050813 0.813057 0.438535 0.31622 -0.930002 0.187352 0.400795 -0.384863 -0.306262 -0.87068 -0.504304 0.867113 0.203222 -0.454769 0.485867 
1531852717117 0.185642 -0.963543 0.192672 -0.618035 0.7932 0.262681 0.549393 -0.256649 -0.579975 0.0508364 0.813046 0.438539 0.31622 -0.930002 0.187352 0.400795 -0.384863 -0.306262 -0.87068 -0.504304 0.867113 0.203222 -0.454769 0.485867 
1531852717127 0.185626 -0.963541 0.192694 -0.618057 0.793194 0.262681 0.549402 -0.256651 -0.579988 0.0508599 0.813036 0.438543 0.31622 -0.930002 0.187352 0.400795 -0.384863 -0.306262 -0.87068 -0.504304 0.867113 0.203222 -0.454769 0.485867 
1531852717137 0.185611 -0.96354 0.192715 -0.618078 0.793188 0.262681 0.54941 -0.256652 -0.580001 0.0508831 0.813025 0.438547 0.31622 -0.930002 0.187352 0.400795 -0.384863 -0.306262 -0.87068 -0.504304 0.867113 0.203222 -0.454769 0.485867 
1531852717274 0.185611 -0.96354 0.192715 -0.618078 0.793188 0.262681 0.54941 -0.256652 -0.580001 0.0508831 0.813025 0.438547 0.31622 -0.930002 0.187352 0.400795 -0.384863 -0.306262 -0.87068 -0.504304 0.867113 0.203222 -0.454769 0.485867 
1531852717288 0.185594 -0.963539 0.192739 -0.618135 0.793177 0.262682 0.549425 -0.256652 -0.580022 0.0509063 0.813009 0.438555 0.31622 -0.930002 0.187352 0.400795 -0.384863 -0.306262 -0.87068 -0.504304 0.867113 0.203222 -0.454769 0.485867 
1531852717298 0.185592 -0.963538 0.192741 -0.61817 0.793172 0.262683 0.549433 -0.256652 -0.580029 0.0509063 0.813004 0.438558 0.31622 -0.930002 0.187352 0.400795 -0.384863 -0.306262 -0.87068 -0.504304 0.867113 0.203222 -0.454769 0.485867 
1531852717308 0.185591 -0.963538 0.192743 -0.618204 0.793167 0.262683 0.54944 -0.256651 -0.580037 0.0509061 0.812998 0.438562 0.31622 -0.930002 0.187352 0.400795 -0.384863 -0.306262 -0.87068 -0.504304 0.867113 0.203222 -0.454769 0.485867 
1531852717318 0.18559 -0.963538 0.192745 -0.618239 0.793161 0.262684 0.549447 -0.25665 -0.580044 0.0509059 0.812993 0.438565 0.31622 -0.930002 0.187352 0.400795 -0.384863 -0.306262 -0.87068 -0.504304 0.867113 0.203222 -0.454769 0.485867 
1531852717340 0.185589 -0.963538 0.192747 -0.618273 0.793156 0.262685 0.549454 -0.256649 -0.580052 0.0509057 0.812988 0.438569 0.31622 -0.930002 0.187352 0.400795 -0.384863 -0.306262 -0.87068 -0.504304 0.867113 0.203222 -0.454769 0.485867 
1531852717358 0.185588 -0.963538 0.192749 -0.618308 0.793151 0.262686 0.549462 -0.256649 -0.58006 0.0509057 0.812982 0.438572 0.31622 -0.930002 0.187352 0.400795 -0.384863 -0.306262 -0.87068 -0.504304 0.867113 0.203222 -0.454769 0.485867 
1531852717368 0.185587 -0.963538 0.192751 -0.618342 0.793145 0.262686 0.549469 -0.256648 -0.580067 0.0509055 0.812976 0.438576 0.31622 -0.930002 0.187352 0.400795 -0.384863 -0.306262 -0.87068 -0.504304 0.867113 0.203222 -0.454769 0.485867 
1531852717378 0.185586 -0.963537 0.192753 -0.618376 0.79314 0.262687 0.549477 -0.256647 -0.580075 0.0509052 0.812971 0.438579 0.31622 -0.930002 0.187352 0.400795 -0.384863 -0.306262 -0.87068 -0.504304 0.867113 0.203222 -0.454769 0.485867 
1531852717388 0.185585 -0.963537 0.192755 -0.618408 0.793134 0.262688 0.549484 -0.256645 -0.580083 0.0509049 0.812965 0.438583 0.31622 -0.930002 0.187352 0.400795 -0.384863 -0.306262 -0.87068 -0.504304 0.867113 0.203222 -0.454769 0.485867 
1531852717416 0.185585 -0.963537 0.192755 -0.618408 0.793134 0.262688 0.549484 -0.256645 -0.580083 0.0509049 0.812965 0.438583 0.31622 -0.930002 0.187352 0.400795 -0.384863 -0.306262 -0.87068 -0.504304 0.867113 0.203222 -0.454769 0.485867 
1531852717429 0.185576 -0.963536 0.192767 -0.618486 0.793127 0.262689 0.549494 -0.256643 -0.580096 0.0509157 0.812956 0.43859 0.31622 -0.930002 0.187352 0.400795 -0.384863 -0.306262 -0.87068 -0.504304 0.867113 0.203222 -0.454769 0.485867 
1531852717439 0.18557 -0.963536 0.192778 -0.618532 0.793125 0.26269 0.549497 -0.256643 -0.580101 0.0509267 0.812951 0.438593 0.31622 -0.930002 0.187352 0.400795 -0.384863 -0.306262 -0.87068 -0.504304 0.867113 0.203222 -0.454769 0.485867 
1531852717449 0.185563 -0.963535 0.192788 -0.618576 0.793123 0.26269 0.5495 -0.256642 -0.580106 0.0509376 0.812947 0.438597 0.31622 -0.930002 0.187352 0.400795 -0.384863 -0.306262 -0.87068 -0.504304 0.867113 0.203222 -0.454769 0.485867 
1531852717459 0.185556 -0.963534 0.192798 -0.61862 0.793121 0.262691 0.549503 -0.256641 -0.580111 0.0509485 0.812943 0.4386 0.31622 -0.930002 0.187352 0.400795 -0.384863 -0.306262 -0.87068 -0.504304 0.867113 0.203222 -0.454769 0.485867 
1531852717469 0.185549 -0.963533 0.192809 -0.618664 0.793118 0.262691 0.549506 -0.256639 -0.580116 0.0509602 0.812938 0.438604 0.31622 -0.930002 0.187352 0.400795 -0.384863 -0.306262 -0.87068 -0.504304 0.867113 0.203222 -0.454769 0.485867 
1531852717479 0.185542 -0.963533 0.192819 -0.618708 0.793116 0.262692 0.549509 -0.256638 -0.580122 0.0509711 0.812933 0.438608 0.31622 -0.930002 0.187352 0.400795 -0.384863 -0.306262 -0.87068 -0.504304 0.867113 0.203222 -0.454769 0.485867 
1531852717489 0.185535 -0.963532 0.19283 -0.618751 0.793114 0.262693 0.549512 -0.256637 -0.580127 0.0509821 0.812929 0.438611 0.31622 -0.930002 0.187352 0.400795 -0.384863 -0.306262 -0.87068 -0.504304 0.867113 0.203222 -0.454769 0.485867 
1531852717499 0.185528 -0.963531 0.19284 -0.618795 0.793111 0.262693 0.549515 -0.256636 -0.580132 0.050993 0.812925 0.438615 0.31622 -0.930002 0.187352 0.400795 -0.384863 -0.306262 -0.87068 -0.504304 0.867113 0.203222 -0.454769 0.485867 
1531852717509 0.185521 -0.96353 0.19285 -0.618836 0.793109 0.262694 0.549518 -0.256634 -0.580138 0.0510038 0.81292 0.438619 0.31622 -0.930002 0.187352 0.400795 -0.384863 -0.306262 -0.87068 -0.504304 0.867113 0.203222 -0.454769 0.485867 
1531852717547 0.185521 -0.96353 0.19285 -0.618836 0.793109 0.262694 0.549518 -0.256634 -0.580138 0.0510038 0.81292 0.438619 0.31622 -0.930002 0.187352 0.400795 -0.384863 -0.306262 -0.87068 -0.504304 0.867113 0.203222 -0.454769 0.485867 
1531852717557 0.185509 -0.963529 0.19287 -0.618933 0.793103 0.262695 0.549527 -0.256631 -0.580151 0.0510236 0.812909 0.438628 0.31622 -0.930002 0.187352 0.400795 -0.384863 -0.306262 -0.87068 -0.504304 0.867113 0.203222 -0.454769 0.485867 
1531852717567 0.185503 -0.963528 0.192879 -0.618988 0.793098 0.262697 0.549532 -0.256629 -0.580158 0.0510325 0.812904 0.438632 0.31622 -0.930002 0.187352 0.400795 -0.384863 -0.306262 -0.87068 -0.504304 0.867113 0.203222 -0.454769 0.485867 
1531852717577 0.185497 -0.963527 0.192889 -0.619041 0.793094 0.262698 0.549538 -0.256627 -0.580166 0.0510412 0.812898 0.438637 0.31622 -0.930002 0.187352 0.400795 -0.384863 -0.306262 -0.87068 -0.504304 0.867113 0.203222 -0.454769 0.485867 
1531852717587 0.185492 -0.963526 0.192898 -0.619094 0.79309 0.262699 0.549543 -0.256625 -0.580174 0.0510499 0.812891 0.438642 0.31622 -0.930002 0.187352 0.400795 -0.384863 -0.306262 -0.87068 -0.504304 0.867113 0.203222 -0.454769 0.485867 
1531852717597 0.185486 -0.963526 0.192908 -0.619146 0.793085 0.2627 0.549549 -0.256622 -0.580182 0.0510591 0.812885 0.438648 0.31622 -0.930002 0.187352 0.400795 -0.384863 -0.306262 -0.87068 -0.504304 0.867113 0.203222 -0.454769 0.485867 
1531852717607 0.18548 -0.963525 0.192918 -0.619199 0.793081 0.262702 0.549555 -0.25662 -0.58019 0.0510678 0.812879 0.438653 0.31622 -0.930002 0.187352 0.400795 -0.384863 -0.306262 -0.87068 -0.504304 0.867113 0.203222 -0.454769 0.485867 
1531852717617 0.185474 -0.963524 0.192927 -0.619252 0.793076 0.262703 0.549561 -0.256618 -0.580198 0.0510766 0.812873 0.438658 0.31622 -0.930002 0.187352 0.400795 -0.384863 -0.306262 -0.87068 -0.504304 0.867113 0.203222 -0.454769 0.485867 
1531852717627 0.185469 -0.963523 0.192937 -0.619304 0.793072 0.262704 0.549567 -0.256615 -0.580205 0.0510853 0.812866 0.438663 0.31622 -0.930002 0.187352 0.400795 -0.384863 -0.306262 -0.87068 -0.504304 0.867113 0.203222 -0.454769 0.485867 
1531852717637 0.185463 -0.963522 0.192946 -0.619354 0.793067 0.262706 0.549573 -0.256612 -0.580214 0.0510938 0.81286 0.438668 0.31622 -0.930002 0.187352 0.400795 -0.384863 -0.306262 -0.87068 -0.504304 0.867113 0.203222 -0.454769 0.485867 
1531852717671 0.185463 -0.963522 0.192946 -0.619354 0.793067 0.262706 0.549573 -0.256612 -0.580214 0.0510938 0.81286 0.438668 0.31622 -0.930002 0.187352 0.400795 -0.384863 -0.306262 -0.87068 -0.504304 0.867113 0.203222 -0.454769 0.485867 
1531852717681 0.185456 -0.963524 0.192944 -0.619465 0.793055 0.2627 0.549593 -0.256609 -0.580232 0.0510904 0.812847 0.438677 0.31622 -0.930002 0.187352 0.400795 -0.384863 -0.306262 -0.87068 -0.504304 0.867113 0.203222 -0.454769 0.485867 
1531852717691 0.185455 -0.963527 0.192933 -0.619527 0.793048 0.262693 0.549607 -0.256608 -0.580243 0.0510783 0.81284 0.438679 0.31622 -0.930002 0.187352 0.400795 -0.384863 -0.306262 -0.87068 -0.504304 0.867113 0.203222 -0.454769 0.485867 
1531852717701 0.185453 -0.963529 0.192922 -0.619586 0.79304 0.262686 0.549621 -0.256607 -0.580254 0.0510659 0.812833 0.438683 0.31622 -0.930002 0.187352 0.400795 -0.384863 -0.306262 -0.87068 -0.504304 0.867113 0.203222 -0.454769 0.485867 
1531852717711 0.185452 -0.963531 0.192911 -0.619645 0.793032 0.26268 0.549635 -0.256606 -0.580265 0.0510535 0.812826 0.438686 0.31622 -0.930002 0.187352 0.400795 -0.384863 -0.306262 -0.87068 -0.504304 0.867113 0.203222 -0.454769 0.485867 
1531852717721 0.185451 -0.963534 0.1929 -0.619704 0.793024 0.262673 0.54965 -0.256605 -0.580276 0.0510409 0.812819 0.438689 0.31622 -0.930002 0.187352 0.400795 -0.384863 -0.306262 -0.87068 -0.504304 0.867113 0.203222 -0.454769 0.485867 
1531852717731 0.18545 -0.963536 0.192888 -0.619763 0.793016 0.262666 0.549665 -0.256604 -0.580287 0.0510284 0.812811 0.438692 0.31622 -0.930002 0.187352 0.400795 -0.384863 -0.306262 -0.87068 -0.504304 0.867113 0.203222 -0.454769 0.485867 
