1535379822200 0.251653 0.926236 -0.280636 -0.627835 -0.937585 0.305228 0.166646 -0.239697 0.240012 0.221183 0.945237 0.376943 0.198368 -0.135057 0.970778 0.383412 -0.979442 0.00971388 0.20149 -0.493208 -0.0366426 -0.99079 -0.130353 0.443909 
1535379822223 0.251434 0.92628 -0.280689 -0.628797 -0.937608 0.30506 0.166822 -0.239902 0.24015 0.221231 0.94519 0.37662 0.19351 -0.133596 0.97196 0.383203 -0.979947 0.0216622 0.198078 -0.492163 -0.0475172 -0.990799 -0.126725 0.44347 
1535379822585 0.251215 0.926324 -0.280739 -0.629764 -0.937631 0.304893 0.166997 -0.240109 0.240289 0.221278 0.945144 0.376297 0.188664 -0.132076 0.97312 0.382993 -0.980304 0.0336015 0.194617 -0.491115 -0.0584026 -0.99067 -0.123136 0.44303 
1535379822949 0.250996 0.926368 -0.28079 -0.630732 -0.937654 0.304725 0.167173 -0.240317 0.240428 0.221324 0.945098 0.375973 0.183832 -0.130497 0.974257 0.382783 -0.980512 0.0455307 0.191111 -0.490065 -0.0692979 -0.990403 -0.119584 0.44259 
1535379823341 0.250777 0.926412 -0.280841 -0.631699 -0.937678 0.304558 0.167349 -0.240524 0.240566 0.221371 0.945052 0.37565 0.179014 -0.128858 0.975372 0.382573 -0.980572 0.057448 0.187558 -0.489017 -0.0802015 -0.989998 -0.116071 0.44215 
1535379823731 0.250558 0.926456 -0.280892 -0.632664 -0.9377 0.30439 0.167524 -0.240731 0.240705 0.221418 0.945006 0.375327 0.174211 -0.12716 0.976463 0.382363 -0.980484 0.0693516 0.18396 -0.487969 -0.0911117 -0.989455 -0.112597 0.44171 
1535379824127 0.250339 0.9265 -0.280943 -0.633632 -0.937723 0.304223 0.1677 -0.240939 0.240843 0.221465 0.944959 0.375003 0.169424 -0.125403 0.977532 0.382153 -0.980248 0.0812396 0.180317 -0.48692 -0.102027 -0.988774 -0.109162 0.44127 
1535379824552 0.25012 0.926544 -0.280993 -0.634598 -0.937746 0.304055 0.167875 -0.241145 0.240981 0.221512 0.944913 0.37468 0.164655 -0.123588 0.978578 0.381943 -0.979863 0.0931101 0.17663 -0.485872 -0.112945 -0.987956 -0.105768 0.44083 
1535379824846 0.2499 0.926587 -0.281044 -0.635565 -0.937769 0.303888 0.168051 -0.241353 0.24112 0.221558 0.944867 0.374356 0.159901 -0.121714 0.979601 0.381733 -0.979331 0.104961 0.172899 -0.484824 -0.123864 -0.987 -0.102415 0.44039 
1535379825112 0.249681 0.926631 -0.281095 -0.636531 -0.937792 0.30372 0.168227 -0.24156 0.241258 0.221605 0.94482 0.374033 0.155167 -0.119782 0.980599 0.381523 -0.97865 0.116791 0.169125 -0.483776 -0.134784 -0.985907 -0.0991027 0.43995 
1535379825378 0.25018 0.926506 -0.281063 -0.635316 -0.937726 0.30413 0.167854 -0.24139 0.240998 0.221566 0.944896 0.374452 0.160431 -0.121735 0.979511 0.381847 -0.979454 0.103223 0.17325 -0.484951 -0.122199 -0.987181 -0.102674 0.440588 
1535379825792 0.249483 0.92646 -0.281832 -0.635509 -0.937717 0.303782 0.16853 -0.241495 0.241752 0.222234 0.944547 0.374424 0.162143 -0.121944 0.979203 0.381818 -0.979582 0.0996439 0.174614 -0.485083 -0.118865 -0.987523 -0.103298 0.440827 
1535379825947 0.248786 0.926413 -0.282601 -0.635704 -0.937708 0.303435 0.169206 -0.241601 0.242506 0.222901 0.944196 0.374396 0.163855 -0.122147 0.978893 0.38179 -0.979696 0.0960634 0.175977 -0.485218 -0.115531 -0.987852 -0.103927 0.441067 
1535379826313 0.248088 0.926366 -0.283369 -0.635901 -0.937698 0.303089 0.169883 -0.241709 0.24326 0.223569 0.943844 0.374368 0.165569 -0.122344 0.97858 0.381763 -0.979795 0.0924814 0.177337 -0.485356 -0.112197 -0.98817 -0.10456 0.441307 
1535379826368 0.247389 0.926318 -0.284136 -0.636098 -0.937687 0.302742 0.17056 -0.241816 0.244013 0.224236 0.943491 0.37434 0.167283 -0.122535 0.978265 0.381735 -0.97988 0.0888981 0.178695 -0.485492 -0.108862 -0.988475 -0.105198 0.441547 
1535379826638 0.24669 0.926269 -0.284903 -0.636293 -0.937675 0.302397 0.171237 -0.241922 0.244765 0.224904 0.943137 0.374312 0.168997 -0.122719 0.977947 0.381708 -0.979951 0.0853134 0.180049 -0.485627 -0.105527 -0.988768 -0.105841 0.441787 
1535379826973 0.24599 0.926219 -0.285669 -0.636491 -0.937662 0.302051 0.171914 -0.24203 0.245517 0.225572 0.942782 0.374283 0.170712 -0.122897 0.977627 0.38168 -0.980007 0.0817274 0.181401 -0.485764 -0.102193 -0.989048 -0.106488 0.442026 
1535379827206 0.245289 0.926169 -0.286434 -0.636687 -0.937649 0.301706 0.172592 -0.242136 0.246268 0.22624 0.942426 0.374255 0.172426 -0.123069 0.977304 0.381652 -0.980049 0.0781402 0.18275 -0.485899 -0.0988576 -0.989317 -0.10714 0.442266 
1535379827455 0.244587 0.926118 -0.287199 -0.636884 -0.937635 0.301362 0.173269 -0.242244 0.247019 0.226908 0.942069 0.374227 0.174141 -0.123235 0.976979 0.381625 -0.980077 0.0745517 0.184097 -0.486036 -0.0955226 -0.989573 -0.107797 0.442506 
1535379827687 0.243885 0.926066 -0.287963 -0.63708 -0.93762 0.301017 0.173947 -0.24235 0.247768 0.227576 0.941711 0.374198 0.175855 -0.123394 0.976652 0.381597 -0.98009 0.0709621 0.18544 -0.486172 -0.0921875 -0.989817 -0.108458 0.442746 
1535379827946 0.244467 0.926134 -0.287248 -0.636917 -0.937641 0.30128 0.17338 -0.242206 0.247116 0.22695 0.942034 0.374232 0.175205 -0.123542 0.97675 0.381575 -0.980088 0.0722708 0.184944 -0.486159 -0.0934389 -0.989704 -0.10842 0.442623 
1535379827969 0.244201 0.926126 -0.287501 -0.636952 -0.937668 0.301111 0.173522 -0.242273 0.247273 0.227207 0.941931 0.374294 0.176495 -0.122312 0.976673 0.381584 -0.980322 0.0672903 0.185581 -0.486292 -0.0884194 -0.990208 -0.108029 0.442601 
1535379828264 0.243934 0.926118 -0.287752 -0.636988 -0.937697 0.300942 0.17366 -0.24234 0.247427 0.227462 0.941829 0.374355 0.177766 -0.121076 0.976596 0.381596 -0.980526 0.0623853 0.186216 -0.486423 -0.0834714 -0.990681 -0.107628 0.442577 
1535379828573 0.243668 0.926111 -0.288002 -0.637025 -0.937726 0.300772 0.173799 -0.242407 0.24758 0.227717 0.941727 0.374416 0.179031 -0.119833 0.976518 0.381607 -0.980705 0.0574795 0.186852 -0.486553 -0.0785208 -0.991129 -0.10723 0.442553 
1535379828876 0.243402 0.926103 -0.288252 -0.637061 -0.937754 0.300603 0.173938 -0.242475 0.247734 0.227973 0.941624 0.374477 0.180289 -0.118584 0.976439 0.381619 -0.980859 0.0525732 0.18749 -0.486684 -0.0735678 -0.991551 -0.106836 0.442529 
1535379829177 0.243136 0.926095 -0.288502 -0.637097 -0.937783 0.300434 0.174077 -0.242542 0.247887 0.228228 0.941522 0.374538 0.18154 -0.117329 0.976359 0.38163 -0.980987 0.0476664 0.188129 -0.486813 -0.0686124 -0.991949 -0.106445 0.442505 
1535379829194 0.242869 0.926087 -0.288752 -0.637133 -0.937811 0.300264 0.174216 -0.242609 0.248041 0.228483 0.94142 0.374599 0.182786 -0.116067 0.976277 0.381642 -0.98109 0.0427591 0.188771 -0.486944 -0.0636549 -0.992321 -0.106057 0.44248 
1535379829469 0.242603 0.926079 -0.289002 -0.637169 -0.93784 0.300095 0.174355 -0.242676 0.248194 0.228738 0.941317 0.37466 0.184025 -0.114799 0.976195 0.381654 -0.981168 0.0378517 0.189414 -0.487073 -0.0586952 -0.992667 -0.105672 0.442456 
1535379829489 0.242337 0.92607 -0.289252 -0.637206 -0.937868 0.299926 0.174494 -0.242744 0.248347 0.228994 0.941215 0.374721 0.185257 -0.113525 0.976111 0.381665 -0.98122 0.0329442 0.190058 -0.487203 -0.0537336 -0.992989 -0.10529 0.442432 
1535379829894 0.24207 0.926062 -0.289501 -0.637242 -0.937896 0.299756 0.174633 -0.242811 0.248501 0.229249 0.941112 0.374781 0.186483 -0.112245 0.976025 0.381677 -0.981247 0.0280366 0.190705 -0.487334 -0.0487701 -0.993285 -0.104912 0.442408 
1535379830319 0.242163 0.926103 -0.289293 -0.637239 -0.937908 0.299773 0.174544 -0.242675 0.248368 0.229062 0.941193 0.374766 0.186108 -0.112452 0.976073 0.38168 -0.981271 0.0289855 0.190439 -0.487295 -0.0497071 -0.993234 -0.104951 0.442483 
1535379830341 0.241792 0.926234 -0.289182 -0.637249 -0.938017 0.299387 0.174621 -0.242757 0.248317 0.229035 0.941213 0.374835 0.186272 -0.113622 0.975906 0.381671 -0.981251 0.0285184 0.190613 -0.487358 -0.0494892 -0.993115 -0.10618 0.442653 
1535379830510 0.241422 0.926366 -0.289069 -0.637264 -0.938125 0.299001 0.174699 -0.24284 0.248267 0.229007 0.941233 0.374904 0.186438 -0.114793 0.975737 0.381663 -0.98123 0.0280517 0.190788 -0.487425 -0.0492721 -0.992993 -0.107408 0.442824 
1535379830668 0.241051 0.926498 -0.288957 -0.637278 -0.938234 0.298614 0.174776 -0.242924 0.248217 0.228979 0.941253 0.374972 0.186604 -0.115963 0.975567 0.381655 -0.98121 0.0275847 0.190962 -0.487491 -0.0490553 -0.99287 -0.108637 0.442995 
1535379830683 0.240681 0.926629 -0.288844 -0.637294 -0.938342 0.298228 0.174854 -0.243008 0.248166 0.228951 0.941273 0.37504 0.18677 -0.117133 0.975396 0.381647 -0.981189 0.0271174 0.191136 -0.487558 -0.0488386 -0.992746 -0.109865 0.443166 
1535379830826 0.24031 0.926761 -0.288731 -0.637309 -0.938451 0.297841 0.174932 -0.243092 0.248116 0.228922 0.941293 0.375108 0.186935 -0.118303 0.975223 0.381639 -0.981168 0.0266501 0.191308 -0.487625 -0.0486222 -0.99262 -0.111094 0.443336 
1535379831059 0.239939 0.926892 -0.288619 -0.637325 -0.938559 0.297454 0.17501 -0.243176 0.248066 0.228894 0.941313 0.375177 0.187102 -0.119473 0.975048 0.381631 -0.981147 0.0261824 0.191481 -0.487691 -0.0484059 -0.992492 -0.112322 0.443507 
1535379831074 0.239568 0.927023 -0.288506 -0.637339 -0.938667 0.297068 0.175087 -0.24326 0.248015 0.228866 0.941334 0.375245 0.187269 -0.120642 0.974872 0.381623 -0.981126 0.0257146 0.191652 -0.487757 -0.0481898 -0.992363 -0.11355 0.443678 
1535379831243 0.239198 0.927154 -0.288393 -0.637355 -0.938775 0.296681 0.175165 -0.243344 0.247965 0.228837 0.941354 0.375313 0.187436 -0.121811 0.974695 0.381615 -0.981105 0.0252464 0.191824 -0.487824 -0.047974 -0.992232 -0.114778 0.443848 
1535379831317 0.238827 0.927284 -0.28828 -0.637369 -0.938882 0.296294 0.175242 -0.243428 0.247915 0.228809 0.941374 0.375382 0.187603 -0.12298 0.974516 0.381606 -0.981083 0.0247783 0.191994 -0.48789 -0.0477583 -0.9921 -0.116005 0.444019 
1535379831494 0.23949 0.927026 -0.288562 -0.63733 -0.938685 0.297005 0.175097 -0.243368 0.248024 0.228934 0.941315 0.375208 0.187332 -0.120864 0.974833 0.381581 -0.98111 0.0257393 0.19173 -0.487755 -0.0482647 -0.992335 -0.113759 0.443681 
1535379831660 0.239181 0.927238 -0.288136 -0.637348 -0.938843 0.296558 0.175009 -0.243474 0.247724 0.228656 0.941461 0.375204 0.186923 -0.121618 0.974817 0.381565 -0.981154 0.0263373 0.191424 -0.487786 -0.0489547 -0.992227 -0.114403 0.443731 
1535379831867 0.238872 0.92745 -0.287711 -0.63737 -0.939 0.29611 0.174921 -0.243582 0.247424 0.228377 0.941608 0.3752 0.186514 -0.122374 0.974801 0.381549 -0.981197 0.0269351 0.191119 -0.487817 -0.0496442 -0.992119 -0.115049 0.443781 
1535379831881 0.238563 0.927661 -0.287285 -0.637393 -0.939158 0.295663 0.174833 -0.24369 0.247125 0.228098 0.941754 0.375196 0.186104 -0.123129 0.974784 0.381533 -0.98124 0.0275331 0.190814 -0.487847 -0.0503334 -0.992009 -0.115695 0.44383 
1535379832054 0.238253 0.927872 -0.28686 -0.637415 -0.939315 0.295215 0.174745 -0.243798 0.246826 0.227818 0.9419 0.375191 0.185693 -0.123883 0.974767 0.381517 -0.981282 0.0281312 0.19051 -0.487878 -0.0510223 -0.991898 -0.116341 0.44388 
1535379832110 0.237944 0.928083 -0.286434 -0.637438 -0.939472 0.294768 0.174656 -0.243906 0.246527 0.227538 0.942046 0.375187 0.185282 -0.124638 0.974749 0.381501 -0.981324 0.0287297 0.190205 -0.487908 -0.051711 -0.991786 -0.116987 0.44393 
1535379832233 0.237634 0.928294 -0.286009 -0.63746 -0.939629 0.29432 0.174567 -0.244013 0.246228 0.227259 0.942192 0.375183 0.18487 -0.125392 0.974731 0.381485 -0.981365 0.0293283 0.189901 -0.487939 -0.0523993 -0.991674 -0.117633 0.44398 
1535379832328 0.237324 0.928504 -0.285583 -0.637483 -0.939785 0.293873 0.174479 -0.244122 0.245929 0.226978 0.942337 0.375178 0.184458 -0.126145 0.974712 0.381468 -0.981406 0.0299272 0.189598 -0.487969 -0.0530873 -0.99156 -0.11828 0.44403 
1535379832545 0.237014 0.928714 -0.285157 -0.637505 -0.939941 0.293425 0.174389 -0.244229 0.24563 0.226698 0.942483 0.375174 0.184045 -0.126899 0.974692 0.381452 -0.981446 0.0305263 0.189295 -0.487999 -0.0537751 -0.991446 -0.118926 0.444079 
1535379832563 0.236704 0.928924 -0.284731 -0.637529 -0.940098 0.292977 0.1743 -0.244338 0.245332 0.226418 0.942628 0.375169 0.183632 -0.127652 0.974671 0.381436 -0.981485 0.0311256 0.188992 -0.48803 -0.0544625 -0.99133 -0.119573 0.444129 
1535379832726 0.237004 0.928671 -0.285306 -0.637494 -0.93991 0.293475 0.174475 -0.244156 0.24576 0.22681 0.942422 0.375196 0.184475 -0.1261 0.974714 0.381432 -0.981401 0.029961 0.189616 -0.487964 -0.053114 -0.991565 -0.118227 0.444054 
1535379832785 0.237361 0.928616 -0.285189 -0.637468 -0.939873 0.293744 0.174224 -0.244157 0.24556 0.226688 0.942504 0.37517 0.184237 -0.127148 0.974623 0.381444 -0.981414 0.0303797 0.189484 -0.48802 -0.0537012 -0.991418 -0.119188 0.44416 
1535379832898 0.237717 0.92856 -0.285074 -0.637438 -0.939835 0.294014 0.173972 -0.244155 0.245359 0.226566 0.942585 0.375146 0.183998 -0.128197 0.974531 0.381456 -0.981426 0.030798 0.189351 -0.488077 -0.0542877 -0.99127 -0.120149 0.444266 
1535379832917 0.238074 0.928504 -0.284959 -0.637408 -0.939797 0.294284 0.17372 -0.244154 0.245159 0.226445 0.942666 0.375121 0.183758 -0.129245 0.974438 0.381469 -0.981439 0.0312164 0.189219 -0.488134 -0.0548741 -0.991121 -0.12111 0.444373 
1535379833160 0.23843 0.928448 -0.284844 -0.637377 -0.939759 0.294555 0.173469 -0.244152 0.244959 0.226324 0.942747 0.375097 0.183518 -0.130294 0.974343 0.381482 -0.981451 0.031635 0.189087 -0.48819 -0.0554603 -0.990971 -0.122071 0.444479 
1535379833310 0.238787 0.928391 -0.284728 -0.637346 -0.93972 0.294825 0.173217 -0.24415 0.244758 0.226203 0.942829 0.375072 0.183277 -0.131341 0.974248 0.381494 -0.981462 0.0320536 0.188956 -0.488247 -0.0560458 -0.990819 -0.123032 0.444585 
1535379833462 0.239143 0.928335 -0.284613 -0.637315 -0.939682 0.295095 0.172965 -0.244148 0.244558 0.226082 0.94291 0.375048 0.183036 -0.132389 0.974151 0.381507 -0.981474 0.0324723 0.188825 -0.488304 -0.0566313 -0.990666 -0.123993 0.444692 
1535379833598 0.2395 0.928279 -0.284497 -0.637285 -0.939643 0.295365 0.172714 -0.244147 0.244357 0.225961 0.942991 0.375023 0.182794 -0.133436 0.974054 0.381519 -0.981485 0.0328912 0.188695 -0.488361 -0.0572165 -0.990511 -0.124953 0.444798 
1535379833750 0.239856 0.928222 -0.284382 -0.637254 -0.939605 0.295635 0.172462 -0.244144 0.244156 0.22584 0.943071 0.374998 0.182552 -0.134483 0.973955 0.381532 -0.981496 0.0333102 0.188564 -0.488418 -0.0578013 -0.990356 -0.125914 0.444904 
1535379833884 0.240212 0.928165 -0.284266 -0.637223 -0.939566 0.295905 0.172211 -0.244143 0.243956 0.225719 0.943152 0.374974 0.182308 -0.13553 0.973856 0.381544 -0.981506 0.0337293 0.188435 -0.488475 -0.058386 -0.990199 -0.126874 0.445011 
1535379834040 0.239691 0.92823 -0.284495 -0.637248 -0.939628 0.295516 0.172539 -0.244193 0.244229 0.225964 0.943023 0.37497 0.182321 -0.134488 0.973998 0.381482 -0.981544 0.0332482 0.188324 -0.488492 -0.057711 -0.990357 -0.125944 0.444952 
1535379834055 0.240398 0.928121 -0.284253 -0.637065 -0.939512 0.296085 0.172192 -0.244091 0.243978 0.225665 0.94316 0.37501 0.182853 -0.13466 0.973874 0.381537 -0.98149 0.0323581 0.188757 -0.488645 -0.0569309 -0.990363 -0.126251 0.444946 
1535379834242 0.241104 0.928012 -0.284012 -0.636877 -0.939397 0.296654 0.171844 -0.243987 0.243727 0.225367 0.943296 0.375052 0.183388 -0.134832 0.97375 0.381593 -0.981436 0.031468 0.189192 -0.4888 -0.0561511 -0.990369 -0.126558 0.44494 
1535379834390 0.241811 0.927902 -0.283771 -0.636687 -0.93928 0.297223 0.171496 -0.243882 0.243475 0.22507 0.943432 0.375093 0.183923 -0.135003 0.973625 0.381649 -0.98138 0.0305777 0.189628 -0.488955 -0.0553715 -0.990373 -0.126865 0.444934 
1535379834539 0.242517 0.927791 -0.283529 -0.636499 -0.939163 0.297792 0.171149 -0.243777 0.243223 0.224773 0.943567 0.375134 0.184458 -0.135174 0.973501 0.381705 -0.981323 0.0296874 0.190062 -0.48911 -0.0545921 -0.990377 -0.127173 0.444929 
1535379834691 0.243224 0.92768 -0.283287 -0.636312 -0.939046 0.298361 0.170801 -0.243673 0.242971 0.224476 0.943703 0.375175 0.184992 -0.135344 0.973376 0.381761 -0.981266 0.028797 0.190496 -0.489264 -0.0538127 -0.99038 -0.127481 0.444923 
1535379834841 0.24393 0.927569 -0.283044 -0.636122 -0.938928 0.29893 0.170454 -0.243568 0.242718 0.22418 0.943839 0.375217 0.185527 -0.135513 0.97325 0.381817 -0.981207 0.0279065 0.190929 -0.489419 -0.0530335 -0.990382 -0.127789 0.444917 
1535379835000 0.244635 0.927457 -0.282802 -0.635935 -0.93881 0.299499 0.170107 -0.243464 0.242466 0.223883 0.943974 0.375258 0.186062 -0.135683 0.973125 0.381873 -0.981148 0.0270159 0.191363 -0.489574 -0.0522544 -0.990384 -0.128098 0.444911 
1535379835166 0.245341 0.927345 -0.282559 -0.635745 -0.938691 0.300068 0.16976 -0.243359 0.242213 0.223586 0.944109 0.3753 0.186596 -0.135851 0.972999 0.381929 -0.981087 0.0261253 0.191795 -0.489729 -0.0514755 -0.990385 -0.128407 0.444905 
1535379835318 0.246047 0.927232 -0.282316 -0.635558 -0.938572 0.300637 0.169413 -0.243255 0.24196 0.22329 0.944244 0.375341 0.187132 -0.136019 0.972872 0.381985 -0.981026 0.0252345 0.192228 -0.489883 -0.0506966 -0.990385 -0.128716 0.4449 
1535379835492 0.245302 0.927377 -0.282488 -0.635711 -0.938684 0.300034 0.169859 -0.243247 0.242279 0.2235 0.944113 0.375341 0.186606 -0.135773 0.973008 0.381967 -0.98109 0.0260553 0.191792 -0.489755 -0.0513921 -0.990397 -0.128343 0.444948 
1535379835506 0.245616 0.927378 -0.282209 -0.635364 -0.938696 0.300196 0.169506 -0.243107 0.241914 0.223275 0.944259 0.375435 0.187084 -0.136009 0.972883 0.382024 -0.981075 0.0244483 0.192077 -0.489878 -0.0499096 -0.990406 -0.128862 0.444949 
1535379835569 0.24593 0.92738 -0.281931 -0.635009 -0.938708 0.300358 0.169153 -0.242963 0.24155 0.223051 0.944406 0.37553 0.187562 -0.136246 0.972758 0.382081 -0.981058 0.0228412 0.192362 -0.490002 -0.0484275 -0.990412 -0.129381 0.444951 
1535379835735 0.246244 0.927381 -0.281652 -0.634657 -0.938719 0.300521 0.168801 -0.24282 0.241185 0.222826 0.944552 0.375624 0.188041 -0.136482 0.972632 0.382138 -0.981039 0.021234 0.192646 -0.490126 -0.0469456 -0.990415 -0.129901 0.444952 
1535379835905 0.246558 0.927382 -0.281374 -0.634304 -0.93873 0.300683 0.168448 -0.242677 0.24082 0.222602 0.944698 0.375719 0.18852 -0.136717 0.972506 0.382195 -0.981016 0.0196267 0.192929 -0.49025 -0.0454638 -0.990416 -0.130422 0.444953 
1535379836057 0.246872 0.927383 -0.281095 -0.63395 -0.938742 0.300846 0.168095 -0.242534 0.240455 0.222378 0.944844 0.375814 0.188999 -0.136952 0.97238 0.382252 -0.980992 0.0180192 0.193211 -0.490374 -0.0439821 -0.990414 -0.130943 0.444954 
1535379836220 0.247185 0.927384 -0.280816 -0.633598 -0.938753 0.301008 0.167743 -0.242391 0.24009 0.222153 0.944989 0.375909 0.189479 -0.137185 0.972254 0.382309 -0.980964 0.0164117 0.193492 -0.490498 -0.0425006 -0.990409 -0.131464 0.444956 
1535379836357 0.247499 0.927385 -0.280537 -0.633244 -0.938763 0.301171 0.16739 -0.242248 0.239725 0.221929 0.945135 0.376004 0.18996 -0.137418 0.972127 0.382366 -0.980935 0.0148039 0.193773 -0.490622 -0.0410193 -0.990402 -0.131986 0.444957 
1535379836493 0.247812 0.927386 -0.280258 -0.632892 -0.938774 0.301334 0.167037 -0.242105 0.239359 0.221705 0.94528 0.376098 0.19044 -0.13765 0.972001 0.382423 -0.980902 0.0131962 0.194053 -0.490746 -0.0395381 -0.990393 -0.132508 0.444958 
1535379836735 0.248125 0.927387 -0.279979 -0.632539 -0.938784 0.301497 0.166685 -0.241962 0.238994 0.221481 0.945425 0.376193 0.190921 -0.137881 0.971873 0.38248 -0.980867 0.0115883 0.194332 -0.490869 -0.0380571 -0.990381 -0.133031 0.44496 
1535379836931 0.247888 0.927404 -0.28013 -0.632767 -0.938825 0.301318 0.166779 -0.242023 0.239079 0.22165 0.945364 0.3761 0.190453 -0.137672 0.971995 0.382456 -0.980904 0.0130802 0.194051 -0.490761 -0.0394293 -0.990391 -0.132552 0.444951 
1535379836952 0.247751 0.927359 -0.280401 -0.632277 -0.938679 0.301404 0.167444 -0.241839 0.239794 0.221722 0.945166 0.376255 0.191089 -0.137285 0.971925 0.382512 -0.980828 0.0118702 0.194516 -0.490909 -0.0382411 -0.99046 -0.132385 0.444862 
1535379837157 0.247624 0.927308 -0.280683 -0.631789 -0.938527 0.301506 0.168113 -0.241665 0.24052 0.221799 0.944963 0.376408 0.191717 -0.136898 0.971856 0.382568 -0.98075 0.0106786 0.194975 -0.491059 -0.0370698 -0.990528 -0.132216 0.444772 
1535379837366 0.247498 0.927256 -0.280965 -0.6313 -0.938374 0.301608 0.168782 -0.241491 0.241245 0.221877 0.94476 0.376561 0.192344 -0.13651 0.971786 0.382625 -0.980671 0.00948716 0.195435 -0.491208 -0.0358984 -0.990593 -0.132047 0.444683 
1535379837565 0.247371 0.927204 -0.281246 -0.630812 -0.93822 0.301709 0.169451 -0.241317 0.241971 0.221954 0.944556 0.376713 0.19297 -0.136122 0.971717 0.382681 -0.98059 0.00829589 0.195895 -0.491357 -0.0347268 -0.990657 -0.131879 0.444593 
1535379837793 0.247244 0.927153 -0.281528 -0.630325 -0.938067 0.301811 0.17012 -0.241144 0.242696 0.222031 0.944352 0.376866 0.193596 -0.135733 0.971647 0.382737 -0.980507 0.00710482 0.196354 -0.491506 -0.0335551 -0.99072 -0.131711 0.444503 
1535379837996 0.247117 0.927101 -0.28181 -0.629836 -0.937912 0.301913 0.170789 -0.24097 0.243421 0.222108 0.944147 0.377019 0.194222 -0.135343 0.971576 0.382794 -0.980423 0.00591388 0.196815 -0.491656 -0.0323832 -0.990781 -0.131544 0.444414 
1535379838203 0.24699 0.92705 -0.282091 -0.629349 -0.937757 0.302015 0.171458 -0.240797 0.244146 0.222184 0.943942 0.377172 0.194847 -0.134952 0.971505 0.38285 -0.980337 0.00472315 0.197275 -0.491805 -0.0312111 -0.990841 -0.131378 0.444324 
1535379838406 0.246862 0.926998 -0.282372 -0.62886 -0.937602 0.302117 0.172127 -0.240622 0.244871 0.222261 0.943736 0.377325 0.195472 -0.13456 0.971434 0.382906 -0.980249 0.00353256 0.197735 -0.491954 -0.0300389 -0.990899 -0.131212 0.444234 
1535379838615 0.246734 0.926946 -0.282653 -0.628372 -0.937446 0.30222 0.172795 -0.240449 0.245595 0.222338 0.94353 0.377477 0.196096 -0.134168 0.971363 0.382962 -0.98016 0.00234219 0.198195 -0.492103 -0.0288666 -0.990956 -0.131047 0.444145 
1535379838828 0.246583 0.927054 -0.282431 -0.628628 -0.937567 0.30196 0.172592 -0.240393 0.245285 0.222239 0.943634 0.377408 0.195606 -0.13445 0.971422 0.382907 -0.980237 0.00304477 0.197802 -0.491991 -0.0295523 -0.990916 -0.131197 0.444234 
1535379838850 0.246589 0.926978 -0.282676 -0.628218 -0.937486 0.302083 0.172815 -0.240246 0.245587 0.22239 0.94352 0.377544 0.19625 -0.133744 0.97139 0.38296 -0.980168 0.00102059 0.198164 -0.492108 -0.0274947 -0.991015 -0.130892 0.444135 
1535379839032 0.246594 0.926902 -0.282921 -0.627803 -0.937406 0.302206 0.173039 -0.240097 0.245891 0.222541 0.943405 0.377681 0.196893 -0.133037 0.971357 0.383013 -0.980095 -0.00100258 0.198527 -0.492226 -0.0254375 -0.991111 -0.130586 0.444036 
1535379839230 0.2466 0.926825 -0.283166 -0.627389 -0.937325 0.302329 0.173263 -0.239947 0.246194 0.222692 0.94329 0.377818 0.197534 -0.132328 0.971324 0.383067 -0.980017 -0.00302546 0.19889 -0.492344 -0.02338 -0.991201 -0.130281 0.443938 
1535379839405 0.246605 0.926749 -0.283412 -0.626975 -0.937243 0.302452 0.173486 -0.239798 0.246497 0.222843 0.943176 0.377956 0.198174 -0.131618 0.97129 0.38312 -0.979935 -0.00504808 0.199254 -0.492461 -0.0213222 -0.991288 -0.129977 0.443839 
1535379839461 0.246611 0.926672 -0.283657 -0.62656 -0.937162 0.302575 0.17371 -0.239648 0.2468 0.222994 0.943061 0.378093 0.198812 -0.130906 0.971256 0.383173 -0.979848 -0.00707036 0.199618 -0.492579 -0.019264 -0.99137 -0.129674 0.44374 
1535379839607 0.246616 0.926596 -0.283902 -0.626146 -0.937081 0.302698 0.173933 -0.2395 0.247103 0.223145 0.942946 0.37823 0.199449 -0.130193 0.971221 0.383227 -0.979757 -0.00909242 0.199983 -0.492697 -0.0172057 -0.991447 -0.129371 0.443642 
1535379839870 0.246621 0.926519 -0.284148 -0.625731 -0.937 0.302822 0.174157 -0.23935 0.247406 0.223295 0.942831 0.378367 0.200084 -0.129479 0.971186 0.38328 -0.979662 -0.0111141 0.200348 -0.492815 -0.015147 -0.99152 -0.129069 0.443543 
1535379840060 0.246626 0.926443 -0.284393 -0.625317 -0.936918 0.302945 0.17438 -0.239201 0.247709 0.223446 0.942715 0.378504 0.200717 -0.128763 0.97115 0.383333 -0.979562 -0.0131355 0.200714 -0.492933 -0.0130881 -0.991588 -0.128768 0.443444 
1535379840258 0.246631 0.926366 -0.284638 -0.624903 -0.936837 0.303068 0.174604 -0.239052 0.248012 0.223596 0.9426 0.378641 0.20135 -0.128046 0.971114 0.383386 -0.979457 -0.0151566 0.201081 -0.49305 -0.0110289 -0.991652 -0.128468 0.443346 
1535379840560 0.246654 0.926446 -0.284358 -0.6251 -0.936882 0.302991 0.174497 -0.239139 0.24782 0.223369 0.942704 0.378612 0.200905 -0.128419 0.971157 0.383308 -0.979536 -0.01412 0.200772 -0.492995 -0.0120702 -0.991619 -0.128628 0.443339 
1535379840578 0.246679 0.926243 -0.284997 -0.624756 -0.93675 0.303249 0.174758 -0.239033 0.248293 0.223862 0.942463 0.378738 0.20126 -0.12808 0.971128 0.383339 -0.97946 -0.0138429 0.201161 -0.493113 -0.0123215 -0.991667 -0.128236 0.443268 
1535379840589 0.246705 0.926039 -0.285636 -0.624406 -0.936617 0.303507 0.175018 -0.238925 0.248766 0.224354 0.942221 0.378865 0.201616 -0.127742 0.971099 0.38337 -0.979384 -0.0135662 0.201552 -0.493233 -0.0125724 -0.991715 -0.127844 0.443196 
1535379840814 0.246731 0.925835 -0.286274 -0.624057 -0.936485 0.303766 0.175278 -0.238816 0.249239 0.224845 0.941979 0.378991 0.201972 -0.127404 0.971069 0.383401 -0.979307 -0.0132895 0.201942 -0.493352 -0.0128232 -0.991762 -0.127452 0.443125 
1535379841012 0.246756 0.925631 -0.286913 -0.623707 -0.936352 0.304025 0.175537 -0.238708 0.249711 0.225337 0.941736 0.379118 0.202329 -0.127066 0.971039 0.383433 -0.97923 -0.0130125 0.202332 -0.493471 -0.0130738 -0.991809 -0.127059 0.443054 
1535379841186 0.246781 0.925426 -0.287551 -0.623359 -0.936219 0.304284 0.175797 -0.2386 0.250184 0.225828 0.941493 0.379245 0.202685 -0.126728 0.971009 0.383464 -0.979153 -0.0127354 0.202722 -0.49359 -0.0133243 -0.991856 -0.126667 0.442982 
1535379841369 0.246806 0.925221 -0.28819 -0.623009 -0.936086 0.304543 0.176056 -0.238492 0.250657 0.226319 0.94125 0.379371 0.203041 -0.12639 0.970979 0.383495 -0.979076 -0.0124583 0.203113 -0.49371 -0.0135746 -0.991902 -0.126275 0.442911 
1535379841553 0.24683 0.925015 -0.288828 -0.622661 -0.935953 0.304802 0.176315 -0.238384 0.25113 0.226809 0.941006 0.379498 0.203397 -0.126052 0.970948 0.383526 -0.978999 -0.0121809 0.203502 -0.493829 -0.0138248 -0.991949 -0.125882 0.44284 
1535379841728 0.246855 0.924809 -0.289466 -0.62231 -0.93582 0.305061 0.176574 -0.238275 0.251602 0.2273 0.940761 0.379625 0.203754 -0.125714 0.970917 0.383557 -0.978921 -0.0119035 0.203892 -0.493948 -0.0140748 -0.991995 -0.125489 0.442769 
1535379841928 0.246878 0.924603 -0.290104 -0.621962 -0.935686 0.305321 0.176833 -0.238167 0.252075 0.22779 0.940516 0.379751 0.20411 -0.125376 0.970886 0.383589 -0.978843 -0.0116258 0.204282 -0.494067 -0.0143247 -0.992041 -0.125097 0.442697 
1535379842129 0.246971 0.924649 -0.28988 -0.622123 -0.935731 0.305304 0.176628 -0.238314 0.25182 0.227628 0.940623 0.379637 0.20379 -0.125897 0.970886 0.383539 -0.978917 -0.0121781 0.203896 -0.493898 -0.0138465 -0.991969 -0.125725 0.442826 
1535379842142 0.247029 0.924625 -0.289906 -0.621911 -0.935682 0.305395 0.176731 -0.238207 0.251945 0.227602 0.940596 0.379708 0.203867 -0.125793 0.970883 0.383552 -0.978915 -0.0132468 0.203837 -0.493971 -0.0127803 -0.991968 -0.125842 0.442834 
1535379842160 0.247084 0.924601 -0.289936 -0.62169 -0.935633 0.305484 0.176834 -0.238094 0.252072 0.227581 0.940567 0.379781 0.203944 -0.125689 0.970881 0.383565 -0.978913 -0.0143161 0.203777 -0.494045 -0.0117134 -0.991966 -0.125958 0.442843 
1535379842329 0.24714 0.924576 -0.289966 -0.62147 -0.935584 0.305573 0.176938 -0.237982 0.252198 0.227559 0.940539 0.379854 0.204021 -0.125585 0.970878 0.383577 -0.978909 -0.0153855 0.203718 -0.494119 -0.0106465 -0.991964 -0.126075 0.442851 
1535379842399 0.247195 0.924552 -0.289996 -0.62125 -0.935536 0.305662 0.177041 -0.237869 0.252325 0.227538 0.94051 0.379928 0.204098 -0.12548 0.970875 0.38359 -0.978904 -0.0164548 0.203659 -0.494193 -0.00957957 -0.99196 -0.126191 0.442859 
1535379842522 0.24725 0.924528 -0.290026 -0.621031 -0.935487 0.305751 0.177145 -0.237757 0.252451 0.227516 0.940481 0.380001 0.204175 -0.125376 0.970873 0.383603 -0.978897 -0.0175242 0.2036 -0.494266 -0.00851266 -0.991955 -0.126308 0.442867 
1535379842592 0.247305 0.924504 -0.290056 -0.62081 -0.935438 0.30584 0.177248 -0.237645 0.252578 0.227495 0.940452 0.380074 0.204252 -0.125271 0.97087 0.383616 -0.97889 -0.0185935 0.20354 -0.49434 -0.00744576 -0.991948 -0.126424 0.442876 
1535379842714 0.24736 0.92448 -0.290085 -0.62059 -0.93539 0.305929 0.177352 -0.237533 0.252704 0.227473 0.940424 0.380147 0.204329 -0.125166 0.970867 0.383629 -0.978881 -0.0196629 0.203481 -0.494414 -0.00637885 -0.991941 -0.126541 0.442884 
1535379842766 0.247416 0.924456 -0.290115 -0.620369 -0.935341 0.306018 0.177455 -0.23742 0.25283 0.227451 0.940395 0.38022 0.204406 -0.125061 0.970865 0.383642 -0.978872 -0.0207322 0.203421 -0.494488 -0.00531195 -0.991932 -0.126657 0.442892 
1535379842892 0.247471 0.924432 -0.290145 -0.62015 -0.935292 0.306107 0.177559 -0.237308 0.252957 0.22743 0.940366 0.380293 0.204482 -0.124956 0.970862 0.383655 -0.978861 -0.0218014 0.203361 -0.494562 -0.00424505 -0.991923 -0.126773 0.442901 
1535379843005 0.247392 0.924473 -0.290081 -0.620582 -0.935363 0.305975 0.177415 -0.237536 0.252773 0.22744 0.940413 0.380163 0.20451 -0.12512 0.970835 0.383661 -0.978848 -0.0204277 0.203565 -0.494383 -0.00563813 -0.991931 -0.126651 0.442904 
1535379843075 0.247344 0.924474 -0.290118 -0.620349 -0.93531 0.305996 0.177659 -0.237433 0.253016 0.227407 0.940356 0.380235 0.204514 -0.124861 0.970868 0.383665 -0.978851 -0.0210673 0.203486 -0.494469 -0.00495381 -0.991951 -0.126528 0.442889 
1535379843082 0.247297 0.924475 -0.290156 -0.620112 -0.935256 0.306018 0.177903 -0.237328 0.25326 0.227375 0.940298 0.380309 0.204518 -0.1246 0.9709 0.383669 -0.978853 -0.0217073 0.203408 -0.494556 -0.00426905 -0.99197 -0.126405 0.442874 
1535379843093 0.24725 0.924475 -0.290194 -0.619872 -0.935202 0.30604 0.178147 -0.237222 0.253503 0.227344 0.94024 0.380382 0.204522 -0.12434 0.970933 0.383674 -0.978855 -0.0223473 0.203329 -0.494643 -0.00358429 -0.991988 -0.126282 0.442858 
1535379843100 0.247204 0.924476 -0.290233 -0.619634 -0.935149 0.306062 0.17839 -0.237117 0.253747 0.227312 0.940182 0.380456 0.204526 -0.12408 0.970965 0.383678 -0.978857 -0.0229874 0.203251 -0.494731 -0.00289952 -0.992006 -0.126158 0.442843 
1535379843107 0.247157 0.924476 -0.290271 -0.619397 -0.935095 0.306084 0.178634 -0.237012 0.25399 0.22728 0.940124 0.380529 0.20453 -0.12382 0.970997 0.383683 -0.978858 -0.0236274 0.203173 -0.494817 -0.00221477 -0.992023 -0.126035 0.442828 
1535379843390 0.24711 0.924477 -0.290309 -0.619159 -0.935041 0.306106 0.178878 -0.236906 0.254234 0.227248 0.940066 0.380603 0.204534 -0.12356 0.97103 0.383687 -0.978858 -0.0242674 0.203095 -0.494905 -0.00152999 -0.99204 -0.125911 0.442813 
1535379843477 0.247063 0.924477 -0.290347 -0.618921 -0.934987 0.306128 0.179122 -0.236801 0.254477 0.227217 0.940007 0.380676 0.204537 -0.1233 0.971062 0.383692 -0.978858 -0.0249075 0.203016 -0.494991 -0.000845232 -0.992057 -0.125788 0.442798 
1535379843614 0.247017 0.924478 -0.290385 -0.618684 -0.934933 0.30615 0.179366 -0.236696 0.254721 0.227185 0.939949 0.380749 0.20454 -0.12304 0.971095 0.383696 -0.978858 -0.0255475 0.202938 -0.495078 -0.000160467 -0.992073 -0.125664 0.442782 
1535379843683 0.24697 0.924478 -0.290424 -0.618445 -0.934879 0.306172 0.179609 -0.23659 0.254965 0.227153 0.939891 0.380823 0.204543 -0.12278 0.971127 0.3837 -0.978857 -0.0261876 0.202861 -0.495166 0.000524307 -0.992088 -0.12554 0.442767 
1535379843823 0.246797 0.924533 -0.290395 -0.618715 -0.935008 0.305929 0.179355 -0.2366 0.25466 0.227257 0.939948 0.380729 0.204418 -0.123057 0.971118 0.383671 -0.978883 -0.0251629 0.202865 -0.495055 -0.000527743 -0.992081 -0.125602 0.44283 
1535379843844 0.246843 0.924525 -0.290383 -0.61849 -0.934942 0.306017 0.179546 -0.236521 0.254857 0.227171 0.939916 0.380799 0.204422 -0.123737 0.971031 0.383684 -0.978882 -0.0242988 0.202979 -0.495154 -0.00152104 -0.992018 -0.126091 0.442894 
1535379844024 0.246888 0.924516 -0.290372 -0.61826 -0.934876 0.306107 0.179736 -0.23644 0.255054 0.227087 0.939882 0.380869 0.204426 -0.124416 0.970943 0.383697 -0.978879 -0.0234345 0.203094 -0.495253 -0.00251456 -0.991953 -0.126579 0.442957 
1535379844097 0.246934 0.924507 -0.290362 -0.618031 -0.93481 0.306196 0.179927 -0.236359 0.255251 0.227003 0.939849 0.38094 0.204429 -0.125095 0.970855 0.383711 -0.978875 -0.0225703 0.20321 -0.495353 -0.00350807 -0.991888 -0.127067 0.443021 
1535379844229 0.24698 0.924498 -0.290351 -0.617801 -0.934744 0.306285 0.180117 -0.236278 0.255448 0.226919 0.939816 0.38101 0.204432 -0.125775 0.970767 0.383724 -0.97887 -0.0217062 0.203326 -0.495453 -0.00450158 -0.991821 -0.127554 0.443085 
1535379844306 0.247026 0.924489 -0.290341 -0.61757 -0.934678 0.306375 0.180308 -0.236197 0.255646 0.226835 0.939783 0.381081 0.204434 -0.126454 0.970678 0.383737 -0.978865 -0.0208422 0.203443 -0.495552 -0.00549509 -0.991754 -0.128042 0.443148 
1535379844422 0.247071 0.92448 -0.29033 -0.617341 -0.934612 0.306464 0.180498 -0.236116 0.255843 0.22675 0.939749 0.381152 0.204435 -0.127133 0.970589 0.38375 -0.978859 -0.0199782 0.20356 -0.495652 -0.00648859 -0.991684 -0.128529 0.443212 
1535379844445 0.247117 0.924471 -0.29032 -0.617111 -0.934546 0.306554 0.180689 -0.236034 0.25604 0.226666 0.939716 0.381222 0.204435 -0.127812 0.9705 0.383764 -0.978851 -0.0191142 0.203677 -0.495752 -0.00748209 -0.991614 -0.129017 0.443276 
1535379844642 0.247163 0.924463 -0.290309 -0.616881 -0.93448 0.306643 0.180879 -0.235954 0.256237 0.226582 0.939683 0.381293 0.204436 -0.128491 0.97041 0.383777 -0.978843 -0.0182504 0.203796 -0.495851 -0.00847558 -0.991543 -0.129504 0.443339 
1535379844710 0.247209 0.924453 -0.290299 -0.616651 -0.934414 0.306732 0.181069 -0.235872 0.256434 0.226497 0.939649 0.381364 0.204434 -0.12917 0.97032 0.38379 -0.978834 -0.0173865 0.203914 -0.495951 -0.00946906 -0.99147 -0.129991 0.443403 
1535379844856 0.247029 0.924491 -0.290333 -0.616907 -0.934515 0.306521 0.180907 -0.235914 0.25624 0.226632 0.93967 0.381285 0.204437 -0.127814 0.970499 0.383726 -0.978851 -0.0191689 0.203672 -0.495754 -0.00742879 -0.991613 -0.12903 0.443213 
1535379844868 0.247134 0.924463 -0.290332 -0.616676 -0.934495 0.306613 0.180851 -0.235832 0.25621 0.226619 0.939681 0.381344 0.204485 -0.127949 0.970472 0.383724 -0.978844 -0.0195701 0.203669 -0.495851 -0.00706695 -0.991588 -0.129244 0.443247 
1535379845052 0.24724 0.924435 -0.290331 -0.616439 -0.934476 0.306706 0.180795 -0.235747 0.256179 0.226608 0.939692 0.381404 0.204533 -0.128082 0.970444 0.383722 -0.978837 -0.0199721 0.203666 -0.495949 -0.00670421 -0.991562 -0.129457 0.443281 
1535379845167 0.247345 0.924407 -0.29033 -0.616202 -0.934456 0.306799 0.180738 -0.235662 0.256148 0.226596 0.939703 0.381465 0.204581 -0.128216 0.970416 0.38372 -0.978829 -0.0203742 0.203663 -0.496048 -0.00634148 -0.991537 -0.12967 0.443315 
1535379845272 0.247451 0.92438 -0.290329 -0.615967 -0.934437 0.306891 0.180681 -0.235577 0.256117 0.226584 0.939715 0.381525 0.20463 -0.12835 0.970388 0.383718 -0.978821 -0.0207762 0.20366 -0.496146 -0.00597877 -0.991511 -0.129883 0.443349 
1535379845283 0.247556 0.924352 -0.290327 -0.61573 -0.934417 0.306984 0.180625 -0.235492 0.256086 0.226572 0.939726 0.381585 0.204678 -0.128483 0.97036 0.383717 -0.978813 -0.0211782 0.203657 -0.496244 -0.00561606 -0.991485 -0.130096 0.443383 
1535379845389 0.247662 0.924324 -0.290326 -0.615492 -0.934398 0.307076 0.180568 -0.235407 0.256056 0.226561 0.939737 0.381645 0.204726 -0.128617 0.970332 0.383715 -0.978805 -0.0215802 0.203654 -0.496343 -0.00525336 -0.991459 -0.130309 0.443418 
1535379845576 0.247767 0.924296 -0.290325 -0.615257 -0.934378 0.307169 0.180511 -0.235323 0.256025 0.226549 0.939748 0.381706 0.204775 -0.128751 0.970304 0.383713 -0.978797 -0.0219823 0.203651 -0.496441 -0.00489067 -0.991433 -0.130522 0.443452 
1535379845695 0.247872 0.924268 -0.290324 -0.615021 -0.934359 0.307261 0.180455 -0.235238 0.255994 0.226537 0.93976 0.381766 0.204824 -0.128884 0.970276 0.383711 -0.978788 -0.0223843 0.203647 -0.496539 -0.00452799 -0.991407 -0.130735 0.443486 
1535379845796 0.247978 0.92424 -0.290323 -0.614783 -0.934339 0.307354 0.180398 -0.235153 0.255963 0.226525 0.939771 0.381826 0.204872 -0.129018 0.970248 0.38371 -0.97878 -0.0227863 0.203644 -0.496637 -0.00416532 -0.99138 -0.130948 0.44352 
1535379845831 0.247645 0.924324 -0.290341 -0.615261 -0.934437 0.307032 0.180438 -0.235309 0.255927 0.226621 0.939757 0.381701 0.204824 -0.128689 0.970302 0.383756 -0.978786 -0.0219211 0.203708 -0.49642 -0.00494491 -0.991443 -0.130449 0.443479 
1535379845911 0.24779 0.924301 -0.29029 -0.614933 -0.934377 0.30718 0.180501 -0.235198 0.256008 0.226514 0.939761 0.38178 0.2048 -0.127105 0.970516 0.383734 -0.978798 -0.0231415 0.203517 -0.496538 -0.00340875 -0.991619 -0.12915 0.443276 
1535379846117 0.247936 0.924278 -0.290239 -0.6146 -0.934316 0.307328 0.180563 -0.235084 0.256089 0.226407 0.939765 0.381859 0.204774 -0.125521 0.970728 0.383712 -0.978807 -0.0243634 0.203328 -0.496657 -0.00187171 -0.991792 -0.12785 0.443073 
1535379846263 0.248081 0.924255 -0.290188 -0.614267 -0.934255 0.307476 0.180626 -0.234971 0.25617 0.226299 0.939769 0.381939 0.204746 -0.123936 0.970937 0.383689 -0.978815 -0.0255855 0.203142 -0.496775 -0.000334718 -0.99196 -0.126549 0.442871 
1535379846428 0.248227 0.924232 -0.290136 -0.613934 -0.934194 0.307624 0.180688 -0.234857 0.256251 0.226192 0.939773 0.382019 0.204716 -0.122351 0.971144 0.383667 -0.978821 -0.0268078 0.202957 -0.496894 0.00120224 -0.992125 -0.125248 0.442668 
1535379846581 0.248372 0.924209 -0.290085 -0.613601 -0.934134 0.307772 0.180751 -0.234744 0.256332 0.226085 0.939776 0.382099 0.204683 -0.120766 0.97135 0.383645 -0.978825 -0.0280304 0.202773 -0.497012 0.00273913 -0.992285 -0.123946 0.442465 
1535379846748 0.248517 0.924186 -0.290034 -0.613268 -0.934073 0.30792 0.180813 -0.23463 0.256412 0.225978 0.93978 0.382178 0.204648 -0.119181 0.971553 0.383623 -0.978826 -0.0292532 0.202591 -0.497131 0.00427599 -0.992441 -0.122644 0.442262 
1535379846938 0.248663 0.924163 -0.289983 -0.612935 -0.934012 0.308068 0.180876 -0.234516 0.256493 0.225871 0.939784 0.382258 0.20461 -0.117596 0.971754 0.383601 -0.978826 -0.0304763 0.202411 -0.497249 0.00581278 -0.992594 -0.121342 0.442059 
1535379847102 0.248808 0.92414 -0.289932 -0.612602 -0.933951 0.308216 0.180938 -0.234403 0.256574 0.225763 0.939788 0.382338 0.204569 -0.11601 0.971953 0.383579 -0.978824 -0.0316995 0.202232 -0.497368 0.00734951 -0.992742 -0.120038 0.441857 
1535379847271 0.248954 0.924116 -0.289881 -0.61227 -0.93389 0.308364 0.181001 -0.23429 0.256655 0.225656 0.939791 0.382417 0.204527 -0.114424 0.97215 0.383557 -0.978821 -0.0329231 0.202055 -0.497486 0.00888618 -0.992886 -0.118734 0.441654 
1535379847505 0.249028 0.924102 -0.289862 -0.612478 -0.933858 0.308441 0.181032 -0.234429 0.256697 0.225608 0.939791 0.382408 0.20456 -0.116844 0.971855 0.383608 -0.978832 -0.0311437 0.202284 -0.497308 0.00663163 -0.992662 -0.120741 0.441954 
1535379847682 0.249254 0.924059 -0.289804 -0.612187 -0.933784 0.308657 0.181046 -0.234298 0.256747 0.225488 0.939806 0.382479 0.203998 -0.115534 0.97213 0.383575 -0.978948 -0.0308694 0.20176 -0.497383 0.0066989 -0.992824 -0.119399 0.441722 
1535379847892 0.249482 0.924016 -0.289748 -0.611891 -0.93371 0.308875 0.18106 -0.234164 0.256798 0.225369 0.939821 0.38255 0.20343 -0.114408 0.972382 0.383545 -0.979068 -0.030427 0.201248 -0.497445 0.0065623 -0.992968 -0.118203 0.441518 
1535379848046 0.249709 0.923972 -0.289691 -0.611595 -0.933635 0.309092 0.181073 -0.23403 0.256848 0.22525 0.939836 0.382621 0.202861 -0.113281 0.972633 0.383515 -0.979186 -0.0299852 0.200736 -0.497506 0.00642498 -0.99311 -0.117007 0.441315 
1535379848201 0.249936 0.923929 -0.289634 -0.611299 -0.933561 0.309309 0.181087 -0.233897 0.256898 0.225131 0.939851 0.382693 0.202293 -0.112155 0.972882 0.383484 -0.979305 -0.029544 0.200222 -0.497567 0.00628697 -0.993251 -0.11581 0.441111 
1535379848363 0.250163 0.923885 -0.289577 -0.611004 -0.933486 0.309525 0.181101 -0.233764 0.256948 0.225012 0.939866 0.382764 0.201725 -0.111027 0.973129 0.383454 -0.979423 -0.0291034 0.199709 -0.497629 0.00614826 -0.993391 -0.114614 0.440908 
