1535118634217 0.214206 0.919573 -0.329395 -0.53035 -0.943683 0.281875 0.173232 -0.207554 0.252148 0.273737 0.928165 0.441259 0.221843 -0.134056 0.965823 0.381189 -0.974458 -0.0659193 0.214677 -0.512582 0.0348877 -0.988779 -0.145255 0.446787 
1535118634235 0.217439 0.920627 -0.324293 -0.540914 -0.943468 0.283393 0.171922 -0.211099 0.250178 0.268577 0.930203 0.434415 0.214243 -0.133433 0.967624 0.381379 -0.976651 -0.045414 0.209979 -0.509646 0.0159255 -0.990017 -0.140047 0.446054 
1535118634881 0.220662 0.921647 -0.319177 -0.551472 -0.943245 0.28492 0.170617 -0.214639 0.248188 0.263414 0.93221 0.427566 0.206648 -0.132649 0.969382 0.381569 -0.978411 -0.0248943 0.205166 -0.506714 -0.0030829 -0.99085 -0.134929 0.445321 
1535118635005 0.223875 0.922634 -0.314048 -0.562025 -0.943015 0.286453 0.169317 -0.218175 0.246178 0.258246 0.934187 0.420712 0.199061 -0.131704 0.971097 0.381759 -0.979737 -0.00436884 0.200239 -0.50378 -0.0221298 -0.991279 -0.129905 0.444588 
1535118635529 0.227074 0.923588 -0.308905 -0.572584 -0.942777 0.287991 0.168028 -0.221715 0.244151 0.253073 0.936133 0.413862 0.191485 -0.130601 0.972768 0.381948 -0.98063 0.0161533 0.195201 -0.500844 -0.0412068 -0.991303 -0.124978 0.443855 
1535118636129 0.230261 0.924509 -0.303748 -0.583141 -0.942531 0.289534 0.166748 -0.225255 0.242105 0.247896 0.938047 0.407013 0.183924 -0.129338 0.974394 0.382138 -0.981089 0.0366626 0.190054 -0.49791 -0.0603051 -0.990923 -0.120149 0.443123 
1535118636150 0.233435 0.925397 -0.298577 -0.5937 -0.942278 0.291084 0.165475 -0.228796 0.240041 0.242715 0.939931 0.400164 0.176382 -0.127916 0.975975 0.382327 -0.981113 0.0571503 0.184801 -0.494974 -0.0794163 -0.990137 -0.11542 0.442389 
1535118637240 0.236597 0.926252 -0.293393 -0.604258 -0.942018 0.292638 0.164212 -0.232337 0.237959 0.23753 0.941783 0.393315 0.168861 -0.126337 0.977509 0.382517 -0.980702 0.0776068 0.179443 -0.492037 -0.0985317 -0.988947 -0.110794 0.441656 
1535118637256 0.239745 0.927073 -0.288196 -0.614818 -0.94175 0.294198 0.162956 -0.235878 0.235859 0.232341 0.943604 0.386465 0.161366 -0.124601 0.978997 0.382706 -0.979858 0.0980232 0.173983 -0.4891 -0.117643 -0.987353 -0.106273 0.440923 
1535118638210 0.242882 0.927861 -0.282988 -0.625368 -0.941474 0.295765 0.161708 -0.239415 0.23374 0.22715 0.945393 0.379618 0.153901 -0.122708 0.980437 0.382896 -0.978579 0.11839 0.168426 -0.486168 -0.136741 -0.985356 -0.101859 0.44019 
1535118639714 0.243498 0.92751 -0.283608 -0.625142 -0.941476 0.296305 0.160707 -0.23964 0.233092 0.227878 0.945378 0.379627 0.154158 -0.12265 0.980404 0.382866 -0.978573 0.118124 0.168647 -0.486445 -0.136494 -0.985395 -0.101812 0.440349 
1535118639729 0.24375 0.927622 -0.283025 -0.626217 -0.941448 0.296408 0.160682 -0.23997 0.232943 0.227287 0.945557 0.378942 0.153391 -0.122455 0.980549 0.382888 -0.978421 0.120188 0.168068 -0.486125 -0.138431 -0.98517 -0.101377 0.44026 
1535118639852 0.244001 0.927734 -0.282441 -0.627296 -0.941419 0.296511 0.160658 -0.240302 0.232795 0.226695 0.945736 0.378256 0.152624 -0.122258 0.980693 0.38291 -0.978265 0.122252 0.167487 -0.485804 -0.140368 -0.98494 -0.100942 0.440171 
1535118640034 0.244251 0.927846 -0.281857 -0.628377 -0.941391 0.296614 0.160634 -0.240634 0.232646 0.226102 0.945914 0.37757 0.151857 -0.122059 0.980837 0.382932 -0.978105 0.124314 0.166904 -0.485481 -0.142304 -0.984707 -0.100508 0.440081 
1535118640206 0.244502 0.927957 -0.281272 -0.629457 -0.941363 0.296717 0.160611 -0.240967 0.232498 0.225509 0.946092 0.376884 0.151092 -0.121859 0.98098 0.382954 -0.97794 0.126376 0.166322 -0.485159 -0.14424 -0.984469 -0.100076 0.439992 
1535118640487 0.244753 0.928068 -0.280688 -0.630537 -0.941334 0.29682 0.160587 -0.241299 0.232349 0.224917 0.94627 0.376197 0.150326 -0.121657 0.981123 0.382975 -0.97777 0.128438 0.165738 -0.484837 -0.146176 -0.984227 -0.0996447 0.439903 
1535118640556 0.245003 0.928179 -0.280103 -0.631616 -0.941306 0.296923 0.160563 -0.241631 0.232201 0.224324 0.946447 0.375512 0.14956 -0.121453 0.981265 0.382997 -0.977596 0.130499 0.165153 -0.484515 -0.148112 -0.983981 -0.0992147 0.439814 
1535118640897 0.245254 0.928289 -0.279518 -0.632696 -0.941277 0.297026 0.16054 -0.241963 0.232052 0.223731 0.946624 0.374825 0.148795 -0.121248 0.981407 0.383019 -0.977418 0.132559 0.164568 -0.484193 -0.150047 -0.983731 -0.0987857 0.439725 
1535118640905 0.245504 0.928399 -0.278933 -0.633777 -0.941249 0.297129 0.160517 -0.242296 0.231903 0.223138 0.9468 0.374139 0.14803 -0.121041 0.981548 0.383041 -0.977235 0.134618 0.163981 -0.48387 -0.151983 -0.983477 -0.098358 0.439635 
1535118641141 0.245754 0.928508 -0.278349 -0.634856 -0.94122 0.297232 0.160493 -0.242627 0.231753 0.222545 0.946976 0.373453 0.147266 -0.120833 0.981688 0.383063 -0.977048 0.136677 0.163393 -0.483549 -0.153917 -0.983219 -0.0979314 0.439546 
1535118641718 0.245925 0.928356 -0.278705 -0.63465 -0.941165 0.297467 0.16038 -0.242657 0.231796 0.222866 0.94689 0.373496 0.147481 -0.120914 0.981646 0.38301 -0.977101 0.136092 0.163562 -0.483737 -0.153371 -0.98329 -0.0980745 0.439641 
1535118641731 0.245558 0.928258 -0.279354 -0.634835 -0.941184 0.297301 0.160574 -0.242818 0.232106 0.223493 0.946666 0.373474 0.152076 -0.119611 0.981104 0.383037 -0.97829 0.123184 0.166658 -0.484232 -0.14079 -0.985149 -0.0982814 0.439804 
1535118641744 0.245189 0.92816 -0.280003 -0.63502 -0.941204 0.297135 0.160768 -0.24298 0.232417 0.224121 0.946442 0.373452 0.156654 -0.118248 0.980549 0.383064 -0.9793 0.110258 0.169751 -0.484733 -0.128186 -0.986844 -0.0985283 0.439967 
1535118641932 0.244821 0.928061 -0.280651 -0.635205 -0.941223 0.296969 0.160962 -0.243141 0.232727 0.224749 0.946217 0.373431 0.161212 -0.116825 0.979981 0.383092 -0.980131 0.0973181 0.172838 -0.485234 -0.115562 -0.988373 -0.0988153 0.440131 
1535118641996 0.244452 0.927962 -0.2813 -0.63539 -0.941242 0.296803 0.161155 -0.243303 0.233037 0.225377 0.945991 0.373409 0.16575 -0.115342 0.979399 0.38312 -0.980783 0.0843665 0.17592 -0.485735 -0.102919 -0.989737 -0.099142 0.440294 
1535118642092 0.244083 0.927862 -0.281949 -0.635575 -0.941261 0.296637 0.161349 -0.243465 0.233347 0.226004 0.945765 0.373387 0.170265 -0.1138 0.978805 0.383147 -0.981256 0.0714055 0.178993 -0.486235 -0.0902615 -0.990934 -0.0995087 0.440457 
1535118642187 0.243714 0.927762 -0.282597 -0.63576 -0.94128 0.296472 0.161544 -0.243626 0.233656 0.226632 0.945538 0.373365 0.174759 -0.112198 0.978198 0.383175 -0.981549 0.0584373 0.18206 -0.486737 -0.0775899 -0.991966 -0.099915 0.440621 
1535118642256 0.243345 0.927661 -0.283245 -0.635945 -0.941299 0.296306 0.161738 -0.243788 0.233965 0.22726 0.945311 0.373344 0.179229 -0.110536 0.977578 0.383203 -0.981664 0.0454645 0.185118 -0.487237 -0.0649074 -0.992832 -0.100361 0.440784 
1535118642263 0.242975 0.92756 -0.283892 -0.63613 -0.941317 0.296141 0.161932 -0.243949 0.234274 0.227887 0.945084 0.373322 0.183675 -0.108817 0.976945 0.38323 -0.981599 0.0324891 0.188169 -0.48774 -0.0522159 -0.993531 -0.100847 0.440947 
1535118642288 0.242606 0.927459 -0.28454 -0.636315 -0.941336 0.295975 0.162127 -0.244111 0.234583 0.228515 0.944856 0.3733 0.188096 -0.107038 0.976301 0.383258 -0.981355 0.0195138 0.191209 -0.48824 -0.0395181 -0.994063 -0.101372 0.44111 
1535118643455 0.243034 0.927622 -0.283642 -0.636047 -0.941386 0.296071 0.16166 -0.243915 0.233938 0.227728 0.945205 0.373302 0.178444 -0.11072 0.977701 0.383111 -0.981822 0.0452731 0.184323 -0.487152 -0.0646717 -0.99282 -0.100629 0.44083 
1535118643465 0.242292 0.927702 -0.284014 -0.636023 -0.941387 0.295613 0.162493 -0.244077 0.234704 0.227997 0.944951 0.373418 0.175686 -0.111787 0.978079 0.38308 -0.981897 0.0515545 0.182264 -0.486842 -0.0707991 -0.992394 -0.100706 0.440696 
1535118643480 0.241551 0.927781 -0.284386 -0.635999 -0.941386 0.295156 0.163326 -0.24424 0.235469 0.228266 0.944695 0.373533 0.172918 -0.112836 0.978451 0.383048 -0.981928 0.0578375 0.180202 -0.486528 -0.0769246 -0.991929 -0.100796 0.440562 
1535118643488 0.240808 0.92786 -0.284758 -0.635975 -0.941384 0.294698 0.164159 -0.244402 0.236234 0.228535 0.944439 0.373649 0.170143 -0.113867 0.978818 0.383016 -0.981914 0.0641205 0.17814 -0.486213 -0.0830467 -0.991425 -0.100898 0.440428 
1535118643730 0.240066 0.927939 -0.285128 -0.635951 -0.941382 0.294241 0.164992 -0.244565 0.236999 0.228806 0.944182 0.373765 0.167361 -0.114881 0.97918 0.382984 -0.981855 0.0704031 0.176078 -0.485898 -0.0891654 -0.990881 -0.101014 0.440294 
1535118643869 0.239323 0.928017 -0.285498 -0.635928 -0.941378 0.293784 0.165825 -0.244727 0.237763 0.229076 0.943924 0.373881 0.164571 -0.115877 0.979535 0.382952 -0.981753 0.0766852 0.174015 -0.485582 -0.0952802 -0.990299 -0.101142 0.44016 
1535118644022 0.23858 0.928094 -0.285868 -0.635904 -0.941374 0.293327 0.166658 -0.24489 0.238527 0.229347 0.943666 0.373996 0.161775 -0.116855 0.979885 0.38292 -0.981605 0.0829661 0.171953 -0.485269 -0.101391 -0.989678 -0.101283 0.440026 
1535118644155 0.237836 0.928172 -0.286236 -0.63588 -0.941368 0.29287 0.167491 -0.245052 0.239291 0.229618 0.943406 0.374112 0.158971 -0.117815 0.980228 0.382888 -0.981414 0.0892461 0.16989 -0.484953 -0.107497 -0.989017 -0.101438 0.439892 
1535118644165 0.237093 0.928248 -0.286604 -0.635856 -0.941361 0.292413 0.168325 -0.245215 0.240054 0.229889 0.943146 0.374228 0.156161 -0.118757 0.980566 0.382856 -0.981177 0.0955243 0.167827 -0.484639 -0.113599 -0.988318 -0.101604 0.439758 
1535118644181 0.236348 0.928325 -0.286971 -0.635832 -0.941354 0.291957 0.169158 -0.245377 0.240817 0.230161 0.942885 0.374343 0.153343 -0.119681 0.980899 0.382824 -0.980897 0.101801 0.165764 -0.484322 -0.119695 -0.987579 -0.101784 0.439624 
1535118645471 0.236988 0.928289 -0.28656 -0.635851 -0.941414 0.292281 0.168262 -0.24523 0.239952 0.229895 0.943171 0.374216 0.156926 -0.118552 0.980469 0.382945 -0.98103 0.0957036 0.168588 -0.484783 -0.113821 -0.988325 -0.101285 0.439797 
1535118645484 0.236695 0.928526 -0.286033 -0.635841 -0.941601 0.291796 0.168052 -0.245297 0.239505 0.229552 0.943368 0.374231 0.161606 -0.118783 0.979681 0.382968 -0.981745 0.0815449 0.171834 -0.485303 -0.100299 -0.989566 -0.103437 0.440262 
1535118645606 0.2364 0.928763 -0.285507 -0.635831 -0.941789 0.291311 0.167842 -0.245364 0.239057 0.229209 0.943565 0.374246 0.166287 -0.118947 0.978877 0.382993 -0.982253 0.0673684 0.175047 -0.485829 -0.0867667 -0.990612 -0.105633 0.440727 
1535118645633 0.236105 0.929 -0.28498 -0.635821 -0.941977 0.290826 0.167632 -0.245431 0.238609 0.228866 0.943762 0.374262 0.170968 -0.119043 0.978059 0.383017 -0.982552 0.0531784 0.178226 -0.486354 -0.0732282 -0.991464 -0.107874 0.441192 
1535118645748 0.23581 0.929236 -0.284454 -0.635811 -0.942164 0.290341 0.167421 -0.245499 0.238162 0.228523 0.943958 0.374277 0.175647 -0.119072 0.977226 0.383042 -0.982642 0.0389775 0.18137 -0.48688 -0.059686 -0.99212 -0.110159 0.441658 
1535118645784 0.235515 0.929472 -0.283927 -0.6358 -0.942351 0.289856 0.16721 -0.245566 0.237715 0.228179 0.944154 0.374292 0.180323 -0.119033 0.976378 0.383066 -0.982524 0.0247692 0.184478 -0.487405 -0.0461432 -0.992581 -0.112486 0.442123 
1535118645796 0.235219 0.929707 -0.283401 -0.635791 -0.942537 0.289371 0.166998 -0.245633 0.237267 0.227835 0.944349 0.374307 0.184997 -0.118927 0.975517 0.38309 -0.982198 0.010556 0.187551 -0.487931 -0.0326023 -0.992847 -0.114857 0.442588 
1535118645865 0.234923 0.929943 -0.282874 -0.63578 -0.942723 0.288885 0.166786 -0.2457 0.23682 0.22749 0.944545 0.374323 0.189665 -0.118753 0.974641 0.383114 -0.981664 -0.0036586 0.190585 -0.488456 -0.0190667 -0.992917 -0.117269 0.443053 
1535118645890 0.234627 0.930177 -0.282348 -0.63577 -0.942909 0.2884 0.166574 -0.245767 0.236373 0.227146 0.944739 0.374338 0.194327 -0.118511 0.973752 0.383139 -0.980921 -0.0178719 0.193583 -0.488981 -0.00553892 -0.992792 -0.119723 0.443518 
1535118646070 0.23433 0.930412 -0.281821 -0.63576 -0.943095 0.287915 0.166362 -0.245834 0.235926 0.226801 0.944934 0.374353 0.198983 -0.118202 0.972848 0.383163 -0.97997 -0.032081 0.196542 -0.489508 0.00797827 -0.992471 -0.122218 0.443983 
1535118647255 0.234731 0.930092 -0.282543 -0.635759 -0.942833 0.288584 0.166688 -0.245705 0.236572 0.227264 0.944661 0.374322 0.189043 -0.119056 0.974725 0.383022 -0.981776 -0.00326398 0.190012 -0.488322 -0.0194406 -0.992882 -0.117503 0.442775 
1535118647273 0.235159 0.930124 -0.282082 -0.635718 -0.942861 0.28878 0.16619 -0.245676 0.236037 0.226883 0.944887 0.37429 0.185223 -0.119781 0.975369 0.382963 -0.982268 0.00674688 0.187361 -0.488 -0.0290231 -0.992777 -0.116408 0.442482 
1535118647421 0.235585 0.930156 -0.28162 -0.635676 -0.942889 0.288976 0.165693 -0.245647 0.235501 0.226501 0.945112 0.374258 0.181392 -0.120468 0.976004 0.382903 -0.982653 0.0167597 0.184696 -0.487672 -0.0386074 -0.992576 -0.115338 0.442189 
1535118647442 0.236011 0.930188 -0.281158 -0.635635 -0.942916 0.289172 0.165195 -0.245618 0.234966 0.226121 0.945336 0.374225 0.177552 -0.121115 0.97663 0.382842 -0.982931 0.0267729 0.182018 -0.487343 -0.0481923 -0.992277 -0.114294 0.441896 
1535118647537 0.236437 0.930219 -0.280696 -0.635593 -0.942942 0.289369 0.164698 -0.245589 0.23443 0.22574 0.94556 0.374193 0.173705 -0.121723 0.977246 0.382782 -0.983101 0.0367851 0.179327 -0.487014 -0.0577763 -0.991882 -0.113276 0.441603 
1535118647614 0.236862 0.93025 -0.280234 -0.635552 -0.942969 0.289565 0.164201 -0.245561 0.233894 0.225359 0.945784 0.374161 0.169851 -0.122292 0.977852 0.382722 -0.983165 0.046795 0.176626 -0.486687 -0.0673585 -0.99139 -0.112285 0.44131 
1535118647647 0.237287 0.930281 -0.279772 -0.63551 -0.942995 0.289762 0.163704 -0.245532 0.233358 0.224978 0.946007 0.374129 0.165988 -0.122822 0.978449 0.382661 -0.983122 0.0568022 0.173911 -0.486358 -0.0769382 -0.990802 -0.11132 0.441017 
1535118647654 0.237712 0.930312 -0.279309 -0.635469 -0.94302 0.289959 0.163206 -0.245503 0.232821 0.224597 0.94623 0.374097 0.16212 -0.123312 0.979036 0.382601 -0.982971 0.066805 0.171186 -0.486031 -0.0865139 -0.990117 -0.110382 0.440724 
1535118647782 0.238137 0.930342 -0.278846 -0.635427 -0.943046 0.290157 0.162709 -0.245474 0.232284 0.224217 0.946452 0.374064 0.158245 -0.123764 0.979613 0.382541 -0.982714 0.0768028 0.168449 -0.485702 -0.0960849 -0.989335 -0.109471 0.440431 
1535118647824 0.238561 0.930372 -0.278382 -0.635386 -0.94307 0.290354 0.162212 -0.245445 0.231747 0.223836 0.946673 0.374032 0.154365 -0.124176 0.98018 0.382481 -0.982349 0.0867941 0.165702 -0.485374 -0.10565 -0.988457 -0.108586 0.440138 
1535118648028 0.237841 0.930294 -0.279259 -0.635425 -0.943018 0.290044 0.163066 -0.245581 0.232697 0.224562 0.946268 0.374096 0.198511 -0.118244 0.97294 0.383106 -0.980071 -0.0313329 0.196158 -0.489412 0.00729049 -0.99249 -0.122107 0.443831 
1535118648041 0.23858 0.930118 -0.279214 -0.63523 -0.942909 0.290668 0.162589 -0.245437 0.232385 0.224483 0.946364 0.374133 0.198972 -0.119792 0.972656 0.383161 -0.97998 -0.0314454 0.196597 -0.489587 0.00703494 -0.992301 -0.12365 0.443988 
1535118648197 0.239318 0.929941 -0.27917 -0.635029 -0.942798 0.291292 0.16211 -0.24529 0.232073 0.224405 0.946459 0.374171 0.199432 -0.121339 0.97237 0.383217 -0.979888 -0.0315597 0.197036 -0.489767 0.00677952 -0.992109 -0.125193 0.444145 
1535118648363 0.240056 0.929765 -0.279125 -0.634829 -0.942688 0.291916 0.161632 -0.245144 0.231761 0.224327 0.946554 0.374209 0.199891 -0.122887 0.972081 0.383273 -0.979796 -0.0316745 0.197474 -0.489945 0.00652331 -0.991915 -0.126736 0.444302 
1535118648541 0.240794 0.929587 -0.27908 -0.634629 -0.942576 0.29254 0.161154 -0.244997 0.231449 0.224249 0.946649 0.374247 0.200351 -0.124434 0.97179 0.383329 -0.979704 -0.0317901 0.197912 -0.490123 0.00626639 -0.991719 -0.128278 0.44446 
1535118648692 0.241532 0.929409 -0.279035 -0.634428 -0.942464 0.293164 0.160676 -0.24485 0.231137 0.224172 0.946743 0.374286 0.200808 -0.125981 0.971496 0.383384 -0.979612 -0.0319061 0.198349 -0.490302 0.00600858 -0.991519 -0.129819 0.444617 
1535118648698 0.242269 0.929231 -0.278989 -0.634229 -0.942351 0.293787 0.160198 -0.244704 0.230824 0.224094 0.946838 0.374324 0.201267 -0.127527 0.971199 0.38344 -0.979519 -0.0320233 0.198787 -0.49048 0.00575033 -0.991318 -0.13136 0.444774 
1535118648931 0.243007 0.929052 -0.278943 -0.634028 -0.942238 0.294411 0.15972 -0.244557 0.230512 0.224018 0.946932 0.374362 0.201724 -0.129073 0.9709 0.383496 -0.979427 -0.0321407 0.199223 -0.490659 0.00549108 -0.991114 -0.132901 0.444931 
1535118649083 0.243744 0.928873 -0.278896 -0.633828 -0.942124 0.295034 0.159242 -0.244411 0.230199 0.223941 0.947026 0.3744 0.202182 -0.130619 0.970598 0.383552 -0.979334 -0.0322593 0.199661 -0.490837 0.00523138 -0.990908 -0.134442 0.445088 
1535118649230 0.244482 0.928694 -0.278849 -0.633628 -0.942009 0.295657 0.158764 -0.244264 0.229887 0.223864 0.94712 0.374438 0.202639 -0.132164 0.970294 0.383608 -0.979241 -0.0323783 0.200097 -0.491015 0.0049708 -0.990699 -0.135981 0.445246 
1535118649538 0.243788 0.928846 -0.27895 -0.633778 -0.942156 0.295042 0.159034 -0.244297 0.23002 0.224044 0.947045 0.374381 0.155058 -0.123945 0.980099 0.382527 -0.98225 0.0866605 0.166358 -0.485484 -0.105555 -0.988498 -0.108307 0.440317 
1535118649548 0.243875 0.928796 -0.279039 -0.633434 -0.9421 0.295174 0.159124 -0.244189 0.230159 0.224076 0.947004 0.37451 0.155593 -0.124263 0.979974 0.382565 -0.982276 0.085504 0.1668 -0.485717 -0.104519 -0.988558 -0.108757 0.440244 
1535118649566 0.243962 0.928746 -0.27913 -0.633086 -0.942044 0.295305 0.159213 -0.244079 0.230297 0.22411 0.946962 0.374641 0.156129 -0.12458 0.979849 0.382603 -0.982301 0.0843465 0.167244 -0.485954 -0.103482 -0.988618 -0.109206 0.440171 
1535118649774 0.244048 0.928696 -0.27922 -0.632737 -0.941987 0.295437 0.159302 -0.243968 0.230435 0.224144 0.946921 0.374771 0.156666 -0.124897 0.979723 0.382641 -0.982324 0.0831888 0.167687 -0.48619 -0.102446 -0.988676 -0.109657 0.440097 
1535118649974 0.244135 0.928646 -0.279311 -0.632389 -0.941931 0.295568 0.159391 -0.243858 0.230573 0.224178 0.946879 0.374901 0.157203 -0.125213 0.979596 0.38268 -0.982346 0.0820308 0.16813 -0.486428 -0.101409 -0.988733 -0.110107 0.440024 
1535118650151 0.244222 0.928596 -0.279401 -0.632039 -0.941875 0.2957 0.15948 -0.243747 0.230712 0.224212 0.946837 0.375032 0.157741 -0.125529 0.979469 0.382718 -0.982366 0.0808725 0.168572 -0.486665 -0.100373 -0.988788 -0.110558 0.439951 
1535118650322 0.244309 0.928546 -0.279492 -0.63169 -0.941818 0.295831 0.159569 -0.243636 0.23085 0.224246 0.946796 0.375163 0.158279 -0.125844 0.979342 0.382757 -0.982385 0.0797139 0.169014 -0.486903 -0.0993365 -0.988842 -0.11101 0.439878 
1535118650494 0.244396 0.928496 -0.279582 -0.631342 -0.941762 0.295963 0.159658 -0.243526 0.230988 0.22428 0.946754 0.375293 0.158817 -0.126158 0.979215 0.382795 -0.982402 0.0785552 0.169455 -0.487139 -0.0983005 -0.988895 -0.111462 0.439805 
1535118650651 0.244482 0.928446 -0.279673 -0.630992 -0.941705 0.296094 0.159747 -0.243415 0.231126 0.224314 0.946712 0.375423 0.159356 -0.126471 0.979087 0.382834 -0.982418 0.0773962 0.169896 -0.487377 -0.0972645 -0.988946 -0.111914 0.439732 
1535118650818 0.244569 0.928396 -0.279764 -0.630644 -0.941649 0.296226 0.159836 -0.243305 0.231265 0.224348 0.94667 0.375554 0.159894 -0.126784 0.978958 0.382872 -0.982433 0.076237 0.170335 -0.487614 -0.0962287 -0.988996 -0.112367 0.439659 
1535118651000 0.244532 0.928389 -0.279819 -0.630855 -0.941693 0.296166 0.159688 -0.243409 0.231126 0.224454 0.946679 0.375467 0.201681 -0.132336 0.97047 0.383456 -0.979441 -0.0318239 0.199206 -0.49103 0.00452198 -0.990694 -0.136034 0.444894 
1535118651015 0.244463 0.928354 -0.279994 -0.630353 -0.941559 0.296278 0.160269 -0.243242 0.231742 0.224451 0.946529 0.375631 0.199164 -0.133753 0.970795 0.383482 -0.979961 -0.0241388 0.197719 -0.490913 -0.00301168 -0.990721 -0.13588 0.444793 
1535118651215 0.244394 0.928319 -0.280169 -0.629848 -0.941425 0.296389 0.16085 -0.243073 0.232359 0.224448 0.946379 0.375795 0.196636 -0.135149 0.971117 0.383507 -0.98042 -0.0164499 0.19623 -0.49079 -0.0105456 -0.990689 -0.135738 0.444692 
1535118651434 0.244324 0.928285 -0.280345 -0.629343 -0.941291 0.2965 0.161431 -0.242904 0.232976 0.224445 0.946228 0.37596 0.194096 -0.136526 0.971436 0.383532 -0.980816 -0.00875801 0.19474 -0.490667 -0.0180792 -0.990598 -0.135607 0.444591 
1535118651644 0.244255 0.92825 -0.280521 -0.628837 -0.941156 0.296611 0.162012 -0.242734 0.233593 0.224442 0.946076 0.376125 0.191545 -0.137883 0.97175 0.383557 -0.98115 -0.00106339 0.193247 -0.490544 -0.0256121 -0.990448 -0.135487 0.44449 
1535118651650 0.244185 0.928215 -0.280696 -0.628331 -0.94102 0.296722 0.162592 -0.242565 0.234209 0.224438 0.945925 0.376289 0.188983 -0.13922 0.972061 0.383582 -0.981421 0.00663341 0.191753 -0.490421 -0.0331438 -0.990239 -0.135379 0.444388 
1535118651946 0.244115 0.92818 -0.280872 -0.627827 -0.940885 0.296834 0.163173 -0.242396 0.234826 0.224435 0.945772 0.376454 0.18641 -0.140536 0.972369 0.383607 -0.98163 0.0143317 0.190257 -0.490299 -0.0406737 -0.989972 -0.135283 0.444287 
1535118652160 0.244045 0.928146 -0.281047 -0.627321 -0.940749 0.296945 0.163753 -0.242227 0.235443 0.224432 0.94562 0.376619 0.183827 -0.141833 0.972672 0.383632 -0.981776 0.0220313 0.18876 -0.490175 -0.0482015 -0.989645 -0.135198 0.444186 
1535118652338 0.243975 0.928111 -0.281223 -0.626816 -0.940613 0.297056 0.164334 -0.242058 0.236059 0.224428 0.945467 0.376783 0.181233 -0.143109 0.972972 0.383657 -0.98186 0.0297314 0.187261 -0.490053 -0.0557266 -0.98926 -0.135125 0.444085 
1535118652371 0.243905 0.928076 -0.281398 -0.62631 -0.940476 0.297167 0.164914 -0.241889 0.236675 0.224425 0.945314 0.376948 0.178628 -0.144365 0.973268 0.383682 -0.981882 0.0374319 0.185761 -0.489929 -0.0632487 -0.988816 -0.135063 0.443984 
1535118653235 0.243832 0.928122 -0.281311 -0.62654 -0.940565 0.297015 0.164679 -0.241948 0.236395 0.224437 0.945381 0.376877 0.180521 -0.143082 0.973108 0.383536 -0.98196 0.030385 0.186631 -0.489981 -0.0562713 -0.989244 -0.135015 0.443698 
1535118653377 0.243818 0.928115 -0.281346 -0.62618 -0.940501 0.297072 0.16494 -0.241823 0.236664 0.224391 0.945325 0.376965 0.180974 -0.141422 0.973267 0.383598 -0.981935 0.0296076 0.186887 -0.49014 -0.0552461 -0.989507 -0.133509 0.443442 
1535118653386 0.243805 0.928107 -0.281383 -0.625814 -0.940438 0.297129 0.1652 -0.241696 0.236931 0.224346 0.945269 0.377055 0.181425 -0.139762 0.973423 0.383661 -0.981909 0.028831 0.187146 -0.490304 -0.0542207 -0.989765 -0.132003 0.443187 
1535118653606 0.243791 0.9281 -0.281419 -0.625449 -0.940374 0.297186 0.16546 -0.241569 0.237198 0.224301 0.945212 0.377144 0.181875 -0.138101 0.973576 0.383723 -0.981882 0.0280549 0.187406 -0.490467 -0.0531946 -0.990021 -0.130497 0.442932 
1535118653631 0.243777 0.928092 -0.281456 -0.625083 -0.94031 0.297243 0.16572 -0.241441 0.237465 0.224257 0.945156 0.377234 0.182323 -0.13644 0.973726 0.383786 -0.981854 0.0272792 0.187667 -0.49063 -0.0521678 -0.990273 -0.12899 0.442677 
1535118653870 0.243764 0.928085 -0.281492 -0.624719 -0.940246 0.2973 0.165981 -0.241315 0.237732 0.224212 0.945099 0.377323 0.182769 -0.134778 0.973874 0.383849 -0.981825 0.026504 0.187929 -0.490793 -0.0511403 -0.990521 -0.127484 0.442421 
1535118654051 0.24375 0.928077 -0.281529 -0.624353 -0.940182 0.297358 0.166241 -0.241187 0.237999 0.224167 0.945043 0.377412 0.183214 -0.133115 0.974019 0.383911 -0.981795 0.0257292 0.188192 -0.490957 -0.050112 -0.990767 -0.125978 0.442166 
1535118654058 0.243736 0.92807 -0.281565 -0.623989 -0.940118 0.297415 0.166501 -0.24106 0.238266 0.224122 0.944986 0.377502 0.183656 -0.131452 0.974162 0.383974 -0.981764 0.0249548 0.188457 -0.491119 -0.049083 -0.991008 -0.124472 0.441911 
1535118654194 0.243723 0.928062 -0.281602 -0.623622 -0.940054 0.297472 0.166761 -0.240933 0.238533 0.224078 0.944929 0.377591 0.184097 -0.129788 0.974301 0.384037 -0.981733 0.0241808 0.188723 -0.491283 -0.0480532 -0.991247 -0.122965 0.441655 
1535118654334 0.243709 0.928055 -0.281638 -0.623258 -0.93999 0.297529 0.167021 -0.240806 0.2388 0.224033 0.944872 0.377681 0.184536 -0.128123 0.974439 0.384099 -0.9817 0.0234073 0.188989 -0.491446 -0.0470228 -0.991482 -0.121459 0.4414 
1535118654679 0.243682 0.928078 -0.281586 -0.623507 -0.940052 0.297441 0.166824 -0.240845 0.238581 0.224053 0.944923 0.377629 0.183966 -0.13096 0.974169 0.38401 -0.981766 0.0237979 0.1886 -0.491128 -0.0478823 -0.991102 -0.124194 0.441742 
1535118654692 0.243604 0.928044 -0.281765 -0.623135 -0.939932 0.297531 0.16734 -0.240714 0.239133 0.224075 0.944778 0.37777 0.182613 -0.130476 0.974489 0.384024 -0.981897 0.0265211 0.187552 -0.49108 -0.0503155 -0.991097 -0.123271 0.441471 
1535118654707 0.24352 0.928012 -0.281942 -0.622775 -0.939816 0.297612 0.167847 -0.240579 0.239673 0.2241 0.944635 0.377906 0.181258 -0.129987 0.974807 0.384036 -0.98202 0.029245 0.186499 -0.491028 -0.0527507 -0.991084 -0.122349 0.4412 
1535118654887 0.243436 0.92798 -0.28212 -0.622416 -0.9397 0.297693 0.168354 -0.240445 0.240214 0.224124 0.944492 0.378043 0.179905 -0.129495 0.975123 0.384049 -0.982135 0.0319681 0.185444 -0.490975 -0.0551868 -0.991065 -0.12143 0.440928 
1535118654932 0.243352 0.927948 -0.282297 -0.622056 -0.939583 0.297773 0.168861 -0.24031 0.240755 0.224149 0.944349 0.37818 0.178552 -0.128998 0.975438 0.384062 -0.982242 0.0346905 0.184385 -0.490922 -0.0576238 -0.991038 -0.120514 0.440657 
1535118655178 0.243268 0.927917 -0.282474 -0.621696 -0.939467 0.297854 0.169368 -0.240175 0.241295 0.224173 0.944205 0.378316 0.1772 -0.128498 0.97575 0.384074 -0.98234 0.0374122 0.183324 -0.490869 -0.0600618 -0.991004 -0.1196 0.440385 
1535118655350 0.243183 0.927885 -0.282651 -0.621337 -0.93935 0.297935 0.169874 -0.24004 0.241835 0.224197 0.944061 0.378453 0.17585 -0.127994 0.976061 0.384087 -0.982431 0.0401329 0.18226 -0.490817 -0.0625005 -0.990963 -0.118688 0.440114 
1535118655357 0.243099 0.927853 -0.282828 -0.620977 -0.939232 0.298016 0.170381 -0.239905 0.242376 0.224222 0.943917 0.378589 0.1745 -0.127487 0.976369 0.384099 -0.982513 0.042853 0.181193 -0.490763 -0.0649401 -0.990914 -0.11778 0.439843 
1535118655582 0.243014 0.927821 -0.283005 -0.620618 -0.939114 0.298096 0.170888 -0.239771 0.242916 0.224246 0.943772 0.378726 0.173151 -0.126975 0.976676 0.384112 -0.982588 0.0455721 0.180124 -0.490711 -0.0673805 -0.990858 -0.116873 0.439571 
1535118655755 0.242929 0.92779 -0.283182 -0.620259 -0.938996 0.298177 0.171394 -0.239636 0.243456 0.22427 0.943627 0.378862 0.171804 -0.12646 0.976981 0.384125 -0.982654 0.0482903 0.179052 -0.490659 -0.0698216 -0.990796 -0.11597 0.4393 
1535118656161 0.243035 0.927832 -0.282953 -0.620469 -0.939034 0.298176 0.171191 -0.239717 0.243207 0.224097 0.943732 0.378844 0.172394 -0.126549 0.976865 0.384163 -0.982599 0.0475036 0.17956 -0.490656 -0.0691277 -0.990822 -0.116157 0.439498 
1535118656172 0.243229 0.927736 -0.283098 -0.620225 -0.939043 0.298333 0.170865 -0.239586 0.242976 0.224282 0.943748 0.378913 0.175358 -0.126694 0.976319 0.38425 -0.982539 0.0401088 0.18168 -0.49106 -0.0621767 -0.991131 -0.117448 0.43978 
1535118656179 0.243423 0.927641 -0.283243 -0.619979 -0.939053 0.29849 0.170539 -0.239454 0.242744 0.224467 0.943764 0.378982 0.178324 -0.126816 0.975766 0.384339 -0.982421 0.0327114 0.183791 -0.491469 -0.0552263 -0.991387 -0.118753 0.440061 
1535118656381 0.243617 0.927546 -0.283388 -0.619734 -0.939062 0.298646 0.170212 -0.239323 0.242513 0.224652 0.943779 0.37905 0.181289 -0.126915 0.975206 0.384427 -0.982244 0.0253122 0.185891 -0.491878 -0.048277 -0.991591 -0.120073 0.440343 
1535118656392 0.243811 0.927451 -0.283533 -0.619489 -0.939072 0.298802 0.169886 -0.239191 0.242281 0.224837 0.943794 0.379119 0.184254 -0.126992 0.97464 0.384516 -0.982009 0.0179113 0.18798 -0.492288 -0.0413291 -0.991742 -0.121407 0.440625 
1535118656573 0.244006 0.927356 -0.283677 -0.619243 -0.939081 0.298959 0.169559 -0.239059 0.242049 0.225023 0.94381 0.379188 0.187218 -0.127047 0.974068 0.384604 -0.981717 0.0105093 0.190059 -0.492698 -0.0343831 -0.991841 -0.122756 0.440907 
1535118656646 0.2442 0.92726 -0.283822 -0.618998 -0.93909 0.299115 0.169233 -0.238927 0.241818 0.225208 0.943825 0.379257 0.190181 -0.127079 0.97349 0.384693 -0.981366 0.00310688 0.192125 -0.493107 -0.0274396 -0.991888 -0.12412 0.441189 
1535118656872 0.244394 0.927165 -0.283967 -0.618752 -0.939099 0.299271 0.168906 -0.238796 0.241586 0.225393 0.94384 0.379326 0.193143 -0.127089 0.972905 0.384781 -0.980956 -0.004296 0.19418 -0.493517 -0.0204986 -0.991882 -0.125499 0.441471 
1535118657052 0.244588 0.927069 -0.284111 -0.618507 -0.939108 0.299427 0.168579 -0.238664 0.241355 0.225578 0.943855 0.379395 0.196104 -0.127077 0.972314 0.38487 -0.980489 -0.0116985 0.196223 -0.493926 -0.0135609 -0.991824 -0.126892 0.441753 
1535118657220 0.244783 0.926974 -0.284256 -0.618262 -0.939117 0.299584 0.168252 -0.238533 0.241124 0.225764 0.94387 0.379464 0.199063 -0.127042 0.971717 0.384958 -0.979964 -0.0191003 0.198255 -0.494335 -0.00662673 -0.991713 -0.128299 0.442035 
1535118657395 0.244622 0.927052 -0.284138 -0.618464 -0.939116 0.299449 0.168496 -0.238608 0.24129 0.22562 0.943862 0.379412 0.186661 -0.127183 0.974157 0.384585 -0.981811 0.0108862 0.189548 -0.492578 -0.0347122 -0.99182 -0.122838 0.440761 
1535118657412 0.244766 0.926886 -0.284555 -0.618252 -0.939139 0.299606 0.168091 -0.238505 0.241055 0.226094 0.943808 0.379492 0.188296 -0.125785 0.974024 0.384593 -0.981654 0.00620427 0.190572 -0.492794 -0.0300141 -0.992038 -0.122309 0.440767 
1535118657430 0.244911 0.926719 -0.284974 -0.618038 -0.939161 0.299764 0.167685 -0.238402 0.240821 0.226569 0.943754 0.379572 0.189927 -0.124378 0.973888 0.384602 -0.981472 0.00152245 0.1916 -0.493016 -0.0253136 -0.992234 -0.121784 0.440774 
1535118657438 0.245056 0.926552 -0.285393 -0.617825 -0.939183 0.299921 0.167278 -0.238298 0.240587 0.227043 0.9437 0.379653 0.191551 -0.122964 0.97375 0.384611 -0.981266 -0.00315788 0.19263 -0.493237 -0.0206116 -0.992406 -0.121265 0.440781 
1535118657692 0.245201 0.926385 -0.285811 -0.617611 -0.939205 0.300079 0.166872 -0.238194 0.240353 0.227518 0.943645 0.379733 0.193168 -0.121542 0.973609 0.384621 -0.981037 -0.00783672 0.193663 -0.49346 -0.0159082 -0.992555 -0.120751 0.440788 
1535118657857 0.245347 0.926217 -0.28623 -0.617396 -0.939227 0.300236 0.166465 -0.238091 0.24012 0.227993 0.94359 0.379814 0.194778 -0.120112 0.973465 0.38463 -0.980783 -0.0125139 0.194698 -0.493683 -0.0112036 -0.992681 -0.120241 0.440795 
1535118658023 0.245492 0.926049 -0.286649 -0.617182 -0.939249 0.300393 0.166059 -0.237987 0.239886 0.228468 0.943534 0.379894 0.19638 -0.118674 0.97332 0.38464 -0.980506 -0.0171893 0.195735 -0.493906 -0.00649795 -0.992784 -0.119736 0.440802 
1535118658117 0.245637 0.925881 -0.287066 -0.616968 -0.939271 0.30055 0.165652 -0.237883 0.239652 0.228942 0.943479 0.379974 0.197976 -0.117229 0.973172 0.384649 -0.980205 -0.0218626 0.196773 -0.494127 -0.0017914 -0.992864 -0.119237 0.440809 
1535118658202 0.245783 0.925712 -0.287484 -0.616755 -0.939292 0.300706 0.165246 -0.23778 0.239418 0.229417 0.943423 0.380055 0.199564 -0.115776 0.973021 0.384658 -0.979881 -0.0265339 0.197813 -0.494348 0.002916 -0.992921 -0.118742 0.440816 
1535118658441 0.245929 0.925544 -0.287902 -0.61654 -0.939313 0.300863 0.164839 -0.237676 0.239185 0.229892 0.943367 0.380135 0.201145 -0.114315 0.972868 0.384667 -0.979532 -0.0312032 0.198856 -0.494572 0.00762429 -0.992954 -0.118252 0.440823 
1535118658967 0.245805 0.925617 -0.287774 -0.616725 -0.939309 0.300757 0.165056 -0.237763 0.239329 0.229737 0.943368 0.380018 0.200837 -0.114665 0.972891 0.384699 -0.979598 -0.0308074 0.198591 -0.49449 0.00720087 -0.992926 -0.118513 0.440816 
1535118658974 0.245702 0.925591 -0.287944 -0.616572 -0.939214 0.300806 0.165506 -0.237728 0.239806 0.229776 0.943237 0.38007 0.201914 -0.11773 0.972302 0.384771 -0.979363 -0.0332882 0.19935 -0.494657 0.00889688 -0.992488 -0.122021 0.441362 
1535118658981 0.2456 0.925565 -0.288114 -0.616418 -0.939119 0.300856 0.165954 -0.237693 0.240283 0.229815 0.943106 0.380122 0.202997 -0.120791 0.9717 0.384845 -0.979122 -0.0357722 0.200101 -0.49483 0.0105894 -0.992033 -0.125531 0.441909 
1535118658987 0.245498 0.925539 -0.288284 -0.616264 -0.939024 0.300906 0.166404 -0.237657 0.240759 0.229854 0.942975 0.380175 0.204085 -0.123849 0.971087 0.384918 -0.978876 -0.0382583 0.200843 -0.495002 0.0122779 -0.991563 -0.129041 0.442455 
1535118659002 0.245396 0.925513 -0.288455 -0.616109 -0.938928 0.300956 0.166852 -0.237622 0.241236 0.229894 0.942844 0.380227 0.205179 -0.126902 0.970462 0.384992 -0.978625 -0.0407466 0.201576 -0.495176 0.0139625 -0.991078 -0.13255 0.443002 
1535118659243 0.245294 0.925487 -0.288626 -0.615954 -0.938832 0.301006 0.167301 -0.237586 0.241713 0.229933 0.942712 0.38028 0.206277 -0.129951 0.969826 0.385066 -0.978368 -0.0432371 0.202301 -0.495349 0.0156431 -0.990577 -0.136059 0.443548 
1535118659292 0.245192 0.925461 -0.288796 -0.6158 -0.938736 0.301057 0.167749 -0.237551 0.242189 0.229973 0.94258 0.380332 0.207381 -0.132996 0.969178 0.385139 -0.978107 -0.0457296 0.203016 -0.495523 0.0173197 -0.990061 -0.139568 0.444095 
1535118659307 0.24509 0.925435 -0.288967 -0.615645 -0.938639 0.301107 0.168198 -0.237515 0.242666 0.230012 0.942448 0.380384 0.208489 -0.136037 0.968518 0.385213 -0.97784 -0.0482241 0.203722 -0.495695 0.018992 -0.989529 -0.143077 0.444642 
1535118659312 0.244987 0.925409 -0.289136 -0.615491 -0.938543 0.301157 0.168647 -0.23748 0.243143 0.230051 0.942315 0.380437 0.209602 -0.139073 0.967846 0.385286 -0.977568 -0.0507205 0.204419 -0.495868 0.0206603 -0.988982 -0.146585 0.445188 
1535118659392 0.244885 0.925382 -0.289307 -0.615336 -0.938446 0.301207 0.169095 -0.237444 0.243619 0.23009 0.942183 0.380489 0.210721 -0.142105 0.967162 0.38536 -0.977291 -0.053219 0.205108 -0.496042 0.0223246 -0.98842 -0.150093 0.445735 
1535118659842 0.244897 0.925474 -0.289004 -0.615582 -0.938634 0.300982 0.16845 -0.237474 0.242881 0.230016 0.942391 0.380485 0.208059 -0.135124 0.968738 0.38511 -0.977942 -0.0474356 0.203419 -0.495596 0.0184658 -0.989693 -0.142013 0.444475 
1535118659851 0.244982 0.925486 -0.288894 -0.615379 -0.938605 0.301051 0.168493 -0.237395 0.242909 0.22988 0.942417 0.380521 0.208401 -0.135732 0.968579 0.385122 -0.977868 -0.0476519 0.203722 -0.495744 0.0185031 -0.989599 -0.142659 0.44459 
1535118659874 0.245068 0.925497 -0.288785 -0.615172 -0.938575 0.30112 0.168535 -0.237314 0.242938 0.229744 0.942443 0.380559 0.208746 -0.136339 0.96842 0.385134 -0.977794 -0.047869 0.204027 -0.495898 0.0185404 -0.989505 -0.143304 0.444705 
1535118659890 0.245154 0.925508 -0.288676 -0.614965 -0.938545 0.301189 0.168578 -0.237232 0.242966 0.229607 0.942469 0.380596 0.20909 -0.136947 0.96826 0.385147 -0.97772 -0.0480863 0.204332 -0.496051 0.0185774 -0.989411 -0.14395 0.44482 
1535118660053 0.24524 0.92552 -0.288566 -0.614757 -0.938515 0.301258 0.16862 -0.237151 0.242994 0.229471 0.942495 0.380634 0.209435 -0.137554 0.968099 0.38516 -0.977645 -0.0483038 0.204637 -0.496205 0.0186142 -0.989316 -0.144595 0.444935 
1535118660058 0.245326 0.925531 -0.288457 -0.614549 -0.938485 0.301327 0.168663 -0.237069 0.243023 0.229335 0.942521 0.380671 0.20978 -0.138161 0.967938 0.385173 -0.977571 -0.0485216 0.204942 -0.49636 0.0186509 -0.989221 -0.145241 0.445051 
1535118660177 0.245412 0.925542 -0.288348 -0.614342 -0.938456 0.301396 0.168705 -0.236988 0.243051 0.229199 0.942547 0.380708 0.210125 -0.138768 0.967776 0.385186 -0.977496 -0.0487393 0.205246 -0.496512 0.0186872 -0.989125 -0.145886 0.445166 
1535118660280 0.245498 0.925553 -0.288239 -0.614134 -0.938426 0.301465 0.168748 -0.236906 0.243079 0.229063 0.942572 0.380746 0.21047 -0.139375 0.967614 0.385199 -0.977421 -0.0489575 0.205551 -0.496667 0.0187234 -0.989029 -0.146532 0.445281 
1535118660340 0.245584 0.925565 -0.288129 -0.613927 -0.938396 0.301534 0.168791 -0.236825 0.243107 0.228927 0.942598 0.380783 0.210814 -0.139981 0.967452 0.385212 -0.977346 -0.0491757 0.205855 -0.49682 0.0187592 -0.988932 -0.147177 0.445396 
1535118660446 0.245671 0.925576 -0.28802 -0.613719 -0.938366 0.301603 0.168833 -0.236743 0.243135 0.228791 0.942624 0.380821 0.211159 -0.140588 0.967288 0.385225 -0.977271 -0.0493942 0.206159 -0.496975 0.018795 -0.988835 -0.147822 0.445511 
1535118660728 0.245681 0.925574 -0.288016 -0.613939 -0.938398 0.301579 0.168697 -0.236904 0.243001 0.228828 0.94265 0.380866 0.210755 -0.140067 0.967452 0.385178 -0.97736 -0.0491169 0.205802 -0.496809 0.0186921 -0.988923 -0.147248 0.445325 
1535118660739 0.245799 0.925636 -0.287715 -0.613588 -0.938308 0.301693 0.168996 -0.23679 0.243231 0.228427 0.942688 0.380939 0.211068 -0.140598 0.967307 0.3852 -0.977315 -0.0480542 0.206267 -0.497022 0.0174825 -0.9889 -0.147551 0.445389 
1535118660746 0.245917 0.925698 -0.287416 -0.613232 -0.938217 0.301807 0.169296 -0.236674 0.243461 0.228026 0.942725 0.381012 0.211381 -0.141129 0.967161 0.385222 -0.977268 -0.0469929 0.206732 -0.497239 0.0162738 -0.988875 -0.147854 0.445453 
1535118660765 0.246036 0.92576 -0.287116 -0.612876 -0.938127 0.301921 0.169595 -0.236558 0.243691 0.227625 0.942763 0.381086 0.211693 -0.141661 0.967015 0.385245 -0.97722 -0.0459318 0.207198 -0.497456 0.015065 -0.988849 -0.148157 0.445518 
1535118660939 0.246154 0.925821 -0.286817 -0.612519 -0.938036 0.302035 0.169895 -0.236441 0.24392 0.227224 0.9428 0.381159 0.212004 -0.142192 0.966869 0.385267 -0.977171 -0.0448709 0.207664 -0.497673 0.013856 -0.988821 -0.148459 0.445582 
1535118660987 0.246273 0.925882 -0.286517 -0.612163 -0.937945 0.302149 0.170194 -0.236325 0.24415 0.226823 0.942837 0.381233 0.212315 -0.142724 0.966722 0.38529 -0.977119 -0.0438102 0.20813 -0.49789 0.012647 -0.988792 -0.14876 0.445646 
1535118661088 0.246392 0.925943 -0.286217 -0.611807 -0.937854 0.302262 0.170494 -0.236209 0.24438 0.226422 0.942874 0.381307 0.212625 -0.143257 0.966575 0.385313 -0.977067 -0.0427497 0.208597 -0.498106 0.0114378 -0.988762 -0.149061 0.44571 
1535118661160 0.246511 0.926004 -0.285918 -0.61145 -0.937762 0.302376 0.170793 -0.236092 0.24461 0.226021 0.942911 0.38138 0.212934 -0.14379 0.966428 0.385335 -0.977013 -0.0416894 0.209064 -0.498323 0.0102286 -0.98873 -0.149361 0.445775 
1535118661272 0.24663 0.926065 -0.285618 -0.611095 -0.937671 0.302489 0.171093 -0.235976 0.244839 0.225619 0.942947 0.381454 0.213243 -0.144323 0.966281 0.385358 -0.976958 -0.0406293 0.209531 -0.49854 0.00901923 -0.988696 -0.149661 0.445839 
1535118661443 0.246749 0.926125 -0.285319 -0.610737 -0.93758 0.302603 0.171392 -0.235859 0.245069 0.225218 0.942983 0.381528 0.213551 -0.144856 0.966133 0.385381 -0.976901 -0.0395694 0.209999 -0.498757 0.00780979 -0.988661 -0.14996 0.445903 
1535118661723 0.246664 0.926091 -0.285505 -0.61102 -0.937615 0.302545 0.171305 -0.235918 0.245022 0.225439 0.942943 0.381501 0.213071 -0.144252 0.966329 0.38531 -0.976994 -0.0406694 0.209351 -0.498594 0.00910061 -0.988705 -0.149599 0.445819 
1535118661736 0.246851 0.926079 -0.285381 -0.610644 -0.937534 0.302729 0.171419 -0.23576 0.24514 0.22524 0.94296 0.3816 0.213397 -0.141697 0.966635 0.385293 -0.976899 -0.0424835 0.209435 -0.498753 0.0113897 -0.988998 -0.14749 0.445482 
1535118661757 0.247038 0.926067 -0.285258 -0.610263 -0.937454 0.302914 0.171533 -0.2356 0.245259 0.225041 0.942976 0.3817 0.21372 -0.139141 0.966935 0.385277 -0.976799 -0.044297 0.209526 -0.498917 0.0136788 -0.989281 -0.14538 0.445146 
1535118661842 0.247226 0.926055 -0.285135 -0.609883 -0.937373 0.303098 0.171647 -0.23544 0.245379 0.224842 0.942993 0.381801 0.214036 -0.136583 0.96723 0.385261 -0.976695 -0.0461099 0.209619 -0.49908 0.0159685 -0.989555 -0.143269 0.44481 
1535118661950 0.247413 0.926043 -0.285012 -0.609502 -0.937293 0.303283 0.171761 -0.235279 0.245498 0.224644 0.943009 0.381901 0.214347 -0.134023 0.967519 0.385245 -0.976587 -0.0479225 0.209717 -0.499244 0.0182589 -0.989819 -0.141157 0.444474 
1535118662204 0.247601 0.92603 -0.284889 -0.609121 -0.937212 0.303467 0.171876 -0.235119 0.245617 0.224445 0.943025 0.382001 0.214652 -0.131463 0.967803 0.385229 -0.976474 -0.0497346 0.209819 -0.499409 0.0205499 -0.990073 -0.139046 0.444138 
