1537281339491 0.315978 0.877748 -0.360162 -0.554373 -0.911229 0.386483 0.142452 -0.254457 0.264233 0.283179 0.921949 0.411854 0.423052 -0.378464 0.823281 0.0673801 -0.900583 -0.075466 0.428083 -0.502986 -0.0998841 -0.922534 -0.372764 0.38818 
1537281339500 0.308941 0.88328 -0.352664 -0.5626 -0.91434 0.377901 0.145507 -0.256873 0.261795 0.277502 0.924368 0.40794 0.396206 -0.356104 0.846292 0.0989611 -0.912623 -0.0516531 0.405525 -0.504469 -0.100695 -0.933018 -0.345454 0.392866 
1537281340717 0.301857 0.888692 -0.34512 -0.57083 -0.917383 0.369268 0.148489 -0.259292 0.259403 0.271785 0.926738 0.404024 0.369016 -0.332715 0.867829 0.130542 -0.923769 -0.0284555 0.381892 -0.505951 -0.102367 -0.942598 -0.317853 0.397552 
1537281341912 0.294729 0.893984 -0.337532 -0.579061 -0.920357 0.360585 0.151399 -0.261711 0.257057 0.266029 0.929059 0.400109 0.341533 -0.308343 0.887851 0.162124 -0.933998 -0.00591816 0.35723 -0.507433 -0.104895 -0.951257 -0.290013 0.402237 
1537281343258 0.287556 0.899153 -0.329902 -0.587291 -0.923261 0.351855 0.154233 -0.26413 0.254757 0.260235 0.931331 0.396194 0.313811 -0.283033 0.906319 0.193705 -0.943292 0.0159162 0.331583 -0.508915 -0.108274 -0.958978 -0.261988 0.406923 
1537281344442 0.280342 0.904199 -0.32223 -0.595521 -0.926094 0.343078 0.156994 -0.266548 0.252503 0.254403 0.933553 0.392278 0.285903 -0.256835 0.923199 0.225286 -0.951632 0.0370055 0.305003 -0.510398 -0.112499 -0.965747 -0.233832 0.411609 
1537281345631 0.273085 0.909123 -0.314517 -0.603751 -0.928857 0.334255 0.159679 -0.268967 0.250297 0.248535 0.935725 0.388363 0.257861 -0.229798 0.938457 0.256867 -0.959003 0.0573096 0.277539 -0.51188 -0.117561 -0.97155 -0.205599 0.416295 
1537281346825 0.265787 0.913922 -0.306764 -0.611983 -0.93155 0.325388 0.162289 -0.271386 0.248137 0.242631 0.937848 0.384448 0.229739 -0.201974 0.952064 0.288448 -0.965391 0.0767895 0.249245 -0.513362 -0.12345 -0.976376 -0.177342 0.420981 
1537281347995 0.25845 0.918596 -0.298973 -0.620213 -0.934171 0.316477 0.164824 -0.273805 0.246025 0.236693 0.939919 0.380533 0.201591 -0.173416 0.963996 0.32003 -0.970784 0.095408 0.220174 -0.514844 -0.130155 -0.980216 -0.149116 0.425666 
1537281349124 0.251075 0.923145 -0.291144 -0.628444 -0.93672 0.307525 0.167283 -0.276224 0.24396 0.23072 0.941941 0.376617 0.173471 -0.14418 0.974228 0.351611 -0.97517 0.11313 0.190381 -0.516327 -0.137663 -0.983064 -0.120975 0.430352 
1537281350291 0.251677 0.922822 -0.291646 -0.628246 -0.936617 0.308135 0.166739 -0.276375 0.243737 0.231196 0.941881 0.376706 0.174283 -0.143902 0.974124 0.351149 -0.97508 0.11269 0.191102 -0.516181 -0.137274 -0.983155 -0.120676 0.430361 
1537281350308 0.250877 0.923303 -0.290812 -0.629085 -0.936878 0.307177 0.167036 -0.2766 0.243556 0.23055 0.942087 0.376306 0.171396 -0.140969 0.975065 0.354353 -0.975474 0.114461 0.188016 -0.516344 -0.138111 -0.983375 -0.117894 0.430829 
1537281350685 0.250077 0.923783 -0.289977 -0.629927 -0.93714 0.306218 0.167331 -0.276826 0.243374 0.229903 0.942292 0.375906 0.168512 -0.138029 0.975988 0.357558 -0.975856 0.116221 0.184926 -0.516507 -0.138955 -0.983586 -0.115112 0.431296 
1537281351044 0.249276 0.924261 -0.289141 -0.630771 -0.9374 0.305259 0.167626 -0.277054 0.243193 0.229256 0.942496 0.375505 0.165628 -0.135083 0.976893 0.360762 -0.976228 0.117972 0.181828 -0.516669 -0.139808 -0.983786 -0.112332 0.431764 
1537281351417 0.248475 0.924738 -0.288305 -0.631615 -0.937659 0.304299 0.16792 -0.277281 0.243013 0.228608 0.9427 0.375105 0.162744 -0.13213 0.977781 0.363966 -0.976589 0.119713 0.178723 -0.516832 -0.140668 -0.983977 -0.109554 0.432232 
1537281351751 0.247673 0.925213 -0.287468 -0.632457 -0.937918 0.303339 0.168213 -0.277507 0.242833 0.22796 0.942903 0.374705 0.159862 -0.129171 0.978652 0.36717 -0.97694 0.121445 0.175612 -0.516995 -0.141536 -0.984158 -0.106778 0.432699 
1537281352132 0.246871 0.925687 -0.286631 -0.6333 -0.938176 0.302378 0.168505 -0.277734 0.242654 0.227311 0.943106 0.374304 0.156982 -0.126206 0.979504 0.370375 -0.97728 0.123167 0.172495 -0.517158 -0.142412 -0.984328 -0.104004 0.433167 
1537281352500 0.246068 0.92616 -0.285793 -0.634144 -0.938433 0.301416 0.168797 -0.277961 0.242476 0.226662 0.943308 0.373903 0.154102 -0.123235 0.98034 0.373579 -0.977609 0.124879 0.169371 -0.51732 -0.143296 -0.984489 -0.101231 0.433635 
1537281352853 0.245266 0.926631 -0.284956 -0.634987 -0.938689 0.300454 0.169087 -0.278188 0.242298 0.226013 0.943509 0.373503 0.151224 -0.120257 0.981157 0.376783 -0.977927 0.126582 0.166241 -0.517483 -0.144188 -0.98464 -0.0984604 0.434103 
1537281353218 0.244462 0.927101 -0.284117 -0.635831 -0.938944 0.299492 0.169377 -0.278415 0.24212 0.225364 0.94371 0.373102 0.148347 -0.117274 0.981957 0.379988 -0.978234 0.128275 0.163104 -0.517646 -0.145088 -0.98478 -0.0956919 0.43457 
1537281353595 0.245009 0.926851 -0.28446 -0.635606 -0.938765 0.300111 0.169274 -0.278514 0.242262 0.225568 0.943625 0.373185 0.149097 -0.117566 0.981809 0.379627 -0.978144 0.127993 0.163867 -0.517471 -0.14493 -0.984782 -0.0959127 0.43447 
1537281353607 0.245074 0.926861 -0.284373 -0.635763 -0.938898 0.300017 0.168703 -0.278521 0.241681 0.225653 0.943754 0.373189 0.150239 -0.119693 0.981378 0.379785 -0.979115 0.119516 0.164469 -0.517745 -0.136976 -0.985591 -0.0992371 0.435446 
1537281353904 0.245138 0.926871 -0.284286 -0.635921 -0.93903 0.299923 0.168134 -0.278528 0.241102 0.225737 0.943882 0.373192 0.151399 -0.12181 0.980939 0.379945 -0.980017 0.111029 0.165044 -0.518025 -0.129017 -0.986324 -0.102566 0.436422 
1537281354185 0.245201 0.926881 -0.284198 -0.636079 -0.939162 0.299828 0.167564 -0.278536 0.240523 0.225821 0.944009 0.373196 0.152577 -0.123915 0.980492 0.380104 -0.98085 0.102534 0.16559 -0.518305 -0.121053 -0.986981 -0.105898 0.437398 
1537281354479 0.245265 0.926891 -0.28411 -0.636237 -0.939294 0.299734 0.166994 -0.278543 0.239943 0.225905 0.944137 0.373199 0.153771 -0.12601 0.980039 0.380264 -0.981614 0.0940294 0.166108 -0.518585 -0.113084 -0.987563 -0.109234 0.438374 
1537281354797 0.245329 0.926901 -0.284023 -0.636396 -0.939425 0.29964 0.166424 -0.278551 0.239363 0.225989 0.944264 0.373203 0.154983 -0.128093 0.979578 0.380424 -0.98231 0.0855177 0.166598 -0.518866 -0.105111 -0.988068 -0.112573 0.43935 
1537281355089 0.245393 0.92691 -0.283936 -0.636554 -0.939556 0.299546 0.165854 -0.278558 0.238784 0.226074 0.94439 0.373206 0.15621 -0.130165 0.979109 0.380583 -0.982936 0.0769991 0.167057 -0.519144 -0.0971356 -0.988498 -0.115916 0.440325 
1537281355393 0.245456 0.926921 -0.283847 -0.636712 -0.939686 0.299451 0.165284 -0.278566 0.238204 0.226157 0.944517 0.37321 0.157455 -0.132225 0.978634 0.380743 -0.983493 0.0684741 0.167489 -0.519425 -0.0891573 -0.988852 -0.119261 0.441302 
1537281355400 0.24552 0.926931 -0.28376 -0.636871 -0.939816 0.299357 0.164714 -0.278573 0.237624 0.226242 0.944643 0.373213 0.158716 -0.134274 0.978151 0.380903 -0.983981 0.0599435 0.167891 -0.519704 -0.0811772 -0.98913 -0.122609 0.442277 
1537281355835 0.245583 0.926941 -0.283672 -0.637029 -0.939946 0.299262 0.164144 -0.278581 0.237044 0.226325 0.944768 0.373217 0.159994 -0.13631 0.977661 0.381063 -0.9844 0.0514078 0.168265 -0.519986 -0.0731957 -0.989331 -0.125959 0.443254 
1537281356179 0.245509 0.926921 -0.283803 -0.636872 -0.939854 0.299321 0.164565 -0.278598 0.237487 0.226331 0.944656 0.373188 0.159762 -0.135863 0.977761 0.380985 -0.984307 0.0532645 0.168233 -0.519905 -0.0749367 -0.989295 -0.125221 0.442972 
1537281356200 0.245351 0.927057 -0.283491 -0.636938 -0.940004 0.299011 0.16427 -0.278654 0.237055 0.226179 0.9448 0.373217 0.158374 -0.134114 0.978229 0.381174 -0.98417 0.0583689 0.167338 -0.519756 -0.0795404 -0.989245 -0.122747 0.442262 
1537281356513 0.245193 0.927195 -0.283179 -0.637007 -0.940154 0.298701 0.163975 -0.278712 0.236623 0.226027 0.944945 0.373245 0.156992 -0.132358 0.978691 0.381362 -0.984009 0.0634704 0.166428 -0.519601 -0.084146 -0.989168 -0.120277 0.441552 
1537281356805 0.245034 0.927332 -0.282867 -0.637076 -0.940304 0.29839 0.16368 -0.27877 0.236191 0.225874 0.94509 0.373274 0.155617 -0.130594 0.979147 0.381549 -0.983822 0.0685689 0.165505 -0.519444 -0.088753 -0.989062 -0.117811 0.440841 
1537281357084 0.244875 0.927469 -0.282555 -0.637144 -0.940454 0.298079 0.163385 -0.278827 0.235758 0.225721 0.945234 0.373302 0.154251 -0.128822 0.979598 0.381737 -0.983611 0.0736638 0.16457 -0.51929 -0.0933612 -0.988928 -0.115348 0.440131 
1537281357356 0.244716 0.927606 -0.282243 -0.637213 -0.940604 0.297769 0.16309 -0.278885 0.235326 0.225568 0.945379 0.373331 0.152893 -0.127043 0.980043 0.381925 -0.983375 0.0787554 0.163621 -0.519134 -0.0979707 -0.988766 -0.11289 0.439421 
1537281357656 0.244557 0.927743 -0.281931 -0.637282 -0.940753 0.297458 0.162794 -0.278943 0.234894 0.225415 0.945523 0.373359 0.151542 -0.125257 0.980482 0.382112 -0.983113 0.0838434 0.16266 -0.518978 -0.102581 -0.988575 -0.110436 0.438711 
1537281357932 0.244398 0.92788 -0.281619 -0.637351 -0.940902 0.297148 0.162499 -0.279001 0.234462 0.225261 0.945666 0.373387 0.150201 -0.123463 0.980916 0.3823 -0.982827 0.0889276 0.161686 -0.518824 -0.107193 -0.988357 -0.107986 0.438 
1537281358204 0.244238 0.928016 -0.281307 -0.637419 -0.941051 0.296837 0.162203 -0.279058 0.23403 0.225108 0.94581 0.373416 0.148867 -0.121661 0.981345 0.382488 -0.982516 0.0940078 0.160699 -0.518669 -0.111805 -0.98811 -0.105539 0.43729 
1537281358483 0.244079 0.928153 -0.280995 -0.637489 -0.9412 0.296527 0.161907 -0.279116 0.233597 0.224954 0.945953 0.373444 0.147541 -0.119852 0.981767 0.382675 -0.98218 0.099084 0.1597 -0.518513 -0.116418 -0.987835 -0.103098 0.43658 
1537281358901 0.244271 0.928021 -0.281263 -0.637414 -0.941029 0.296874 0.162265 -0.279075 0.234085 0.22504 0.945812 0.373445 0.147735 -0.120252 0.981689 0.382639 -0.982295 0.0977708 0.159802 -0.51856 -0.115197 -0.987917 -0.103679 0.436791 
1537281358918 0.244166 0.928141 -0.280958 -0.637446 -0.941151 0.29663 0.162006 -0.279149 0.233705 0.224868 0.945947 0.373418 0.147119 -0.120252 0.981782 0.382649 -0.982301 0.0985756 0.159271 -0.518537 -0.115932 -0.987837 -0.103622 0.43671 
1537281358932 0.24406 0.928261 -0.280653 -0.637484 -0.941273 0.296384 0.161748 -0.279227 0.233325 0.224694 0.946082 0.37339 0.146501 -0.120252 0.981874 0.382656 -0.982306 0.0993819 0.158737 -0.518507 -0.116669 -0.987756 -0.103565 0.436628 
1537281359102 0.243953 0.928382 -0.280347 -0.637521 -0.941394 0.296138 0.16149 -0.279304 0.232946 0.224521 0.946217 0.373362 0.145884 -0.120251 0.981966 0.382664 -0.98231 0.100188 0.158204 -0.518478 -0.117405 -0.987675 -0.103508 0.436546 
1537281359170 0.243846 0.928502 -0.280042 -0.637559 -0.941516 0.295892 0.161231 -0.279382 0.232566 0.224348 0.946351 0.373334 0.145267 -0.12025 0.982058 0.382671 -0.982314 0.100994 0.157671 -0.518449 -0.118142 -0.987593 -0.103452 0.436464 
1537281359338 0.243739 0.928622 -0.279736 -0.637597 -0.941637 0.295647 0.160973 -0.279459 0.232186 0.224175 0.946486 0.373306 0.144649 -0.120248 0.982149 0.382679 -0.982316 0.1018 0.157138 -0.51842 -0.118878 -0.987511 -0.103397 0.436383 
1537281359401 0.243632 0.928742 -0.279431 -0.637635 -0.941759 0.295401 0.160714 -0.279537 0.231806 0.224001 0.94662 0.373277 0.144032 -0.120246 0.98224 0.382687 -0.982317 0.102606 0.156604 -0.518391 -0.119615 -0.987427 -0.103341 0.436301 
1537281359530 0.243525 0.928862 -0.279126 -0.637672 -0.94188 0.295155 0.160455 -0.279614 0.231426 0.223828 0.946754 0.373249 0.143415 -0.120243 0.982331 0.382695 -0.982318 0.103412 0.156071 -0.518363 -0.120351 -0.987344 -0.103286 0.436219 
1537281359647 0.243418 0.928982 -0.27882 -0.637711 -0.942001 0.294909 0.160196 -0.279692 0.231046 0.223654 0.946888 0.373221 0.142797 -0.12024 0.982421 0.382702 -0.982317 0.104218 0.155537 -0.518333 -0.121087 -0.987259 -0.103232 0.436138 
1537281359752 0.24331 0.929102 -0.278515 -0.637748 -0.942122 0.294664 0.159937 -0.279769 0.230666 0.22348 0.947021 0.373193 0.142179 -0.120236 0.982511 0.38271 -0.982316 0.105023 0.155004 -0.518305 -0.121824 -0.987174 -0.103178 0.436056 
1537281359897 0.243549 0.92889 -0.279011 -0.637666 -0.941883 0.29515 0.160447 -0.279563 0.231388 0.223719 0.946789 0.373242 0.142703 -0.12024 0.982435 0.382646 -0.982331 0.104224 0.155444 -0.518412 -0.121084 -0.987259 -0.103242 0.436099 
1537281359912 0.243925 0.928838 -0.278855 -0.637646 -0.941837 0.295433 0.160196 -0.27956 0.231179 0.22356 0.946878 0.373213 0.143897 -0.124988 0.981668 0.382162 -0.982866 0.0974125 0.156476 -0.518682 -0.115184 -0.987365 -0.10883 0.437322 
1537281360269 0.244301 0.928786 -0.278699 -0.637626 -0.941791 0.295715 0.159944 -0.279556 0.23097 0.223401 0.946966 0.373183 0.14512 -0.129724 0.980873 0.381679 -0.98336 0.0905916 0.157469 -0.518958 -0.109286 -0.987403 -0.114419 0.438545 
1537281360581 0.244676 0.928734 -0.278542 -0.637606 -0.941745 0.295998 0.159693 -0.279553 0.23076 0.223243 0.947055 0.373154 0.146372 -0.134448 0.98005 0.381197 -0.983812 0.0837623 0.158424 -0.519232 -0.103391 -0.987374 -0.120011 0.439768 
1537281360925 0.245052 0.928682 -0.278386 -0.637586 -0.941698 0.296281 0.159442 -0.279549 0.230551 0.223084 0.947143 0.373124 0.147651 -0.13916 0.9792 0.380714 -0.984222 0.076925 0.159341 -0.519508 -0.0974988 -0.987278 -0.125606 0.440991 
1537281361261 0.245427 0.92863 -0.278229 -0.637566 -0.941652 0.296564 0.159191 -0.279545 0.230342 0.222925 0.947231 0.373095 0.148958 -0.143859 0.978323 0.380231 -0.984591 0.0700803 0.160218 -0.519782 -0.0916099 -0.987114 -0.131203 0.442214 
1537281361576 0.245803 0.928578 -0.278072 -0.637546 -0.941605 0.296847 0.158939 -0.279542 0.230132 0.222767 0.947319 0.373065 0.150294 -0.148544 0.977418 0.379749 -0.984918 0.0632285 0.161056 -0.520058 -0.0857247 -0.986882 -0.136801 0.443437 
1537281361908 0.246178 0.928525 -0.277916 -0.637526 -0.941558 0.29713 0.158688 -0.279538 0.229923 0.222608 0.947408 0.373036 0.151657 -0.153217 0.976486 0.379266 -0.985203 0.0563702 0.161856 -0.520332 -0.0798437 -0.986584 -0.142401 0.44466 
1537281362218 0.246553 0.928473 -0.277759 -0.637506 -0.941511 0.297413 0.158437 -0.279535 0.229713 0.22245 0.947496 0.373007 0.153048 -0.157875 0.975526 0.378784 -0.985447 0.0495058 0.162616 -0.520608 -0.0739673 -0.986217 -0.148001 0.445883 
1537281362585 0.246929 0.92842 -0.277602 -0.637486 -0.941464 0.297696 0.158186 -0.279531 0.229504 0.222291 0.947584 0.372977 0.154466 -0.16252 0.97454 0.378301 -0.985649 0.0426359 0.163337 -0.520883 -0.068096 -0.985784 -0.153602 0.447106 
1537281362969 0.246685 0.928424 -0.277806 -0.637482 -0.941501 0.297524 0.158291 -0.279592 0.229615 0.222506 0.947506 0.372954 0.154578 -0.161634 0.974669 0.378467 -0.985548 0.0439584 0.163593 -0.520666 -0.0692871 -0.985871 -0.152503 0.44694 
1537281362992 0.247182 0.928341 -0.277641 -0.637305 -0.941417 0.297926 0.158031 -0.279503 0.229423 0.222314 0.947598 0.373012 0.156388 -0.16373 0.97403 0.37831 -0.9856 0.0383416 0.164691 -0.520918 -0.0643106 -0.98576 -0.155376 0.447501 
1537281363339 0.247679 0.928258 -0.277477 -0.637125 -0.941333 0.298329 0.157772 -0.279413 0.229232 0.222121 0.947689 0.37307 0.15821 -0.165813 0.973384 0.378154 -0.985621 0.0327203 0.165772 -0.521177 -0.0593366 -0.985614 -0.158252 0.448062 
1537281363665 0.248175 0.928174 -0.277312 -0.636944 -0.941249 0.298731 0.157512 -0.279322 0.229041 0.221929 0.947781 0.373129 0.160041 -0.167884 0.972729 0.377998 -0.985612 0.0270959 0.166838 -0.521434 -0.0543663 -0.985434 -0.161132 0.448624 
1537281363978 0.248672 0.92809 -0.277147 -0.636763 -0.941164 0.299134 0.157253 -0.279232 0.228849 0.221736 0.947872 0.373187 0.161883 -0.169944 0.972066 0.377842 -0.985573 0.0214684 0.167886 -0.521693 -0.0493999 -0.98522 -0.164017 0.449185 
1537281364248 0.249169 0.928006 -0.276982 -0.636582 -0.941079 0.299537 0.156994 -0.279141 0.228658 0.221544 0.947963 0.373246 0.163735 -0.171993 0.971395 0.377687 -0.985503 0.015838 0.168918 -0.521951 -0.0444376 -0.984971 -0.166906 0.449747 
1537281364537 0.249665 0.927922 -0.276817 -0.636402 -0.940994 0.299939 0.156735 -0.279051 0.228466 0.221352 0.948054 0.373305 0.165597 -0.17403 0.970717 0.37753 -0.985403 0.0102052 0.169932 -0.522208 -0.0394795 -0.984688 -0.169799 0.450308 
1537281364833 0.250162 0.927838 -0.276652 -0.636221 -0.940909 0.300342 0.156476 -0.27896 0.228274 0.22116 0.948145 0.373363 0.167469 -0.176055 0.97003 0.377375 -0.985273 0.00456977 0.17093 -0.522467 -0.0345258 -0.98437 -0.172696 0.45087 
1537281365125 0.250658 0.927753 -0.276486 -0.63604 -0.940823 0.300745 0.156217 -0.278869 0.228083 0.220967 0.948236 0.373422 0.169351 -0.178068 0.969336 0.377219 -0.985112 -0.00106769 0.171911 -0.522725 -0.0295768 -0.984018 -0.175598 0.451431 
1537281365400 0.251154 0.927668 -0.276321 -0.635859 -0.940738 0.301147 0.155958 -0.278778 0.227891 0.220776 0.948327 0.373481 0.171242 -0.180069 0.968634 0.377064 -0.984921 -0.00670726 0.172875 -0.522984 -0.0246325 -0.983631 -0.178502 0.451993 
1537281365772 0.250614 0.92775 -0.276539 -0.63602 -0.940837 0.30071 0.156205 -0.278867 0.228077 0.221031 0.948223 0.373363 0.171194 -0.179714 0.968708 0.377076 -0.984912 -0.00594895 0.172954 -0.522895 -0.0253195 -0.983701 -0.178021 0.451879 
1537281365789 0.250772 0.927723 -0.276485 -0.635696 -0.940807 0.30084 0.156132 -0.278755 0.228025 0.220965 0.948251 0.373478 0.172038 -0.180455 0.968421 0.377049 -0.984815 -0.0082644 0.17341 -0.52304 -0.0232893 -0.983549 -0.179136 0.452037 
1537281365994 0.250932 0.927695 -0.276433 -0.635366 -0.940777 0.300972 0.156057 -0.278639 0.227972 0.220902 0.948278 0.373595 0.172884 -0.181193 0.968132 0.377023 -0.984713 -0.0105802 0.173865 -0.523189 -0.02126 -0.983391 -0.180252 0.452195 
1537281366224 0.251091 0.927667 -0.276381 -0.635037 -0.940748 0.301103 0.155982 -0.278524 0.227919 0.220839 0.948306 0.373712 0.173732 -0.181929 0.967842 0.376996 -0.984605 -0.0128964 0.174317 -0.523337 -0.0192316 -0.983227 -0.181368 0.452352 
1537281366464 0.251251 0.92764 -0.276329 -0.634708 -0.940718 0.301235 0.155907 -0.278409 0.227866 0.220775 0.948333 0.373828 0.174582 -0.182662 0.967551 0.37697 -0.984492 -0.0152129 0.174767 -0.523485 -0.017204 -0.983058 -0.182486 0.45251 
1537281366677 0.25141 0.927612 -0.276276 -0.634378 -0.940688 0.301367 0.155833 -0.278294 0.227813 0.220712 0.94836 0.373945 0.175434 -0.183394 0.967259 0.376944 -0.984374 -0.0175298 0.175214 -0.523633 -0.0151774 -0.982883 -0.183604 0.452668 
1537281366898 0.25157 0.927584 -0.276224 -0.634048 -0.940658 0.301498 0.155758 -0.278178 0.22776 0.220649 0.948388 0.374062 0.176286 -0.184123 0.966965 0.376917 -0.984251 -0.0198468 0.175658 -0.523782 -0.0131516 -0.982703 -0.184722 0.452826 
1537281367144 0.251729 0.927557 -0.276172 -0.633719 -0.940629 0.30163 0.155683 -0.278063 0.227707 0.220585 0.948415 0.374178 0.17714 -0.184851 0.96667 0.376891 -0.984123 -0.022164 0.1761 -0.523929 -0.0111268 -0.982517 -0.185842 0.452984 
1537281367349 0.251888 0.927529 -0.27612 -0.633389 -0.940599 0.301761 0.155608 -0.277948 0.227654 0.220522 0.948443 0.374295 0.177995 -0.185576 0.966374 0.376864 -0.983989 -0.0244815 0.176538 -0.524078 -0.00910297 -0.982325 -0.186962 0.453142 
1537281367553 0.252048 0.927501 -0.276068 -0.63306 -0.940569 0.301893 0.155534 -0.277833 0.227601 0.220459 0.94847 0.374411 0.178852 -0.186299 0.966077 0.376838 -0.983851 -0.0267991 0.176974 -0.524225 -0.00708005 -0.982128 -0.188083 0.4533 
1537281367797 0.251821 0.927535 -0.276163 -0.633293 -0.940589 0.301731 0.155727 -0.277849 0.227769 0.220541 0.948411 0.374325 0.178458 -0.185842 0.966238 0.376875 -0.983914 -0.0255501 0.176809 -0.5241 -0.00817093 -0.982247 -0.187412 0.453193 
1537281367803 0.251901 0.92751 -0.276171 -0.632848 -0.940495 0.30188 0.156009 -0.277688 0.22807 0.220439 0.948362 0.374448 0.177929 -0.186641 0.966181 0.376918 -0.984009 -0.0255768 0.176271 -0.524085 -0.00818763 -0.982095 -0.188208 0.453242 
1537281367985 0.251982 0.927486 -0.27618 -0.632399 -0.9404 0.302029 0.15629 -0.277524 0.228371 0.220337 0.948313 0.374571 0.177399 -0.187442 0.966124 0.376961 -0.984105 -0.025602 0.175733 -0.52407 -0.00820511 -0.981942 -0.189005 0.453291 
1537281368180 0.252062 0.927461 -0.276188 -0.631948 -0.940305 0.302178 0.156571 -0.27736 0.228672 0.220236 0.948265 0.374695 0.176869 -0.188243 0.966065 0.377003 -0.9842 -0.0256267 0.175195 -0.524054 -0.00822216 -0.981788 -0.189801 0.45334 
1537281368413 0.252143 0.927437 -0.276197 -0.631498 -0.94021 0.302327 0.156852 -0.277196 0.228972 0.220134 0.948216 0.374819 0.176339 -0.189043 0.966006 0.377046 -0.984295 -0.025651 0.174657 -0.524039 -0.00823877 -0.981634 -0.190598 0.453389 
1537281368634 0.252224 0.927412 -0.276206 -0.631048 -0.940115 0.302477 0.157133 -0.277032 0.229273 0.220033 0.948166 0.374943 0.175808 -0.189844 0.965946 0.377089 -0.98439 -0.0256747 0.174119 -0.524023 -0.00825496 -0.981479 -0.191394 0.453438 
1537281368860 0.252304 0.927388 -0.276214 -0.630599 -0.94002 0.302626 0.157414 -0.276868 0.229574 0.219931 0.948117 0.375067 0.175278 -0.190644 0.965884 0.377131 -0.984484 -0.0256983 0.173581 -0.524008 -0.00827068 -0.981323 -0.19219 0.453487 
1537281369093 0.252385 0.927363 -0.276223 -0.630148 -0.939925 0.302775 0.157695 -0.276704 0.229874 0.219829 0.948068 0.375191 0.174747 -0.191444 0.965822 0.377174 -0.984578 -0.025721 0.173042 -0.523993 -0.008286 -0.981166 -0.192986 0.453536 
1537281369292 0.252466 0.927339 -0.276232 -0.629699 -0.93983 0.302924 0.157977 -0.276541 0.230175 0.219727 0.948019 0.375314 0.174218 -0.192244 0.965759 0.377217 -0.984672 -0.0257437 0.172505 -0.523977 -0.00830084 -0.981009 -0.193782 0.453585 
1537281369524 0.252546 0.927314 -0.27624 -0.62925 -0.939735 0.303073 0.158258 -0.276377 0.230476 0.219625 0.947969 0.375438 0.173687 -0.193044 0.965695 0.377259 -0.984766 -0.0257658 0.171967 -0.523962 -0.00831526 -0.980852 -0.194578 0.453634 
1537281369753 0.252308 0.927412 -0.276129 -0.629505 -0.939827 0.302799 0.158234 -0.27634 0.23036 0.21959 0.948006 0.375395 0.174142 -0.192171 0.965787 0.377194 -0.984685 -0.0256687 0.172442 -0.524031 -0.00834801 -0.981026 -0.193698 0.453576 
1537281369758 0.252361 0.927393 -0.276145 -0.629123 -0.939736 0.302925 0.15853 -0.276211 0.230671 0.219497 0.947951 0.375491 0.173801 -0.191958 0.965891 0.377244 -0.984738 -0.0247419 0.172275 -0.524075 -0.00917164 -0.981091 -0.193329 0.453465 
1537281369941 0.252416 0.927372 -0.276164 -0.628734 -0.939645 0.303053 0.158825 -0.27608 0.230982 0.219406 0.947897 0.375588 0.173458 -0.191745 0.965995 0.377294 -0.984791 -0.0238143 0.172106 -0.524119 -0.00999595 -0.981156 -0.19296 0.453353 
1537281370140 0.252471 0.927352 -0.276182 -0.628347 -0.939554 0.303181 0.15912 -0.275948 0.231293 0.219315 0.947842 0.375685 0.173115 -0.191532 0.966099 0.377344 -0.984842 -0.0228868 0.171936 -0.524163 -0.0108204 -0.981219 -0.192591 0.453242 
1537281370149 0.252525 0.927332 -0.2762 -0.627959 -0.939463 0.303309 0.159414 -0.275817 0.231604 0.219223 0.947787 0.375782 0.172772 -0.191318 0.966202 0.377394 -0.984893 -0.0219593 0.171766 -0.524207 -0.0116449 -0.981282 -0.192222 0.45313 
1537281370413 0.25258 0.927312 -0.276218 -0.627571 -0.939371 0.303438 0.159709 -0.275685 0.231915 0.219132 0.947732 0.375879 0.172429 -0.191105 0.966306 0.377444 -0.984943 -0.0210317 0.171596 -0.524251 -0.0124696 -0.981344 -0.191854 0.453019 
1537281370601 0.252635 0.927291 -0.276236 -0.627185 -0.93928 0.303565 0.160004 -0.275554 0.232226 0.219041 0.947677 0.375975 0.172088 -0.19089 0.966409 0.377494 -0.984992 -0.0201044 0.171426 -0.524295 -0.0132944 -0.981405 -0.191485 0.452907 
1537281370800 0.252689 0.927271 -0.276255 -0.626796 -0.939188 0.303693 0.160299 -0.275423 0.232537 0.218949 0.947622 0.376072 0.171745 -0.190676 0.966513 0.377544 -0.98504 -0.0191768 0.171254 -0.524339 -0.0141194 -0.981466 -0.191117 0.452796 
1537281371007 0.252744 0.927251 -0.276273 -0.626409 -0.939097 0.303821 0.160593 -0.275292 0.232848 0.218858 0.947567 0.376169 0.171403 -0.190461 0.966616 0.377594 -0.985088 -0.0182494 0.171083 -0.524382 -0.0149444 -0.981525 -0.190748 0.452684 
1537281371237 0.252798 0.92723 -0.276291 -0.626022 -0.939005 0.303949 0.160888 -0.27516 0.233159 0.218766 0.947512 0.376266 0.171062 -0.190245 0.966718 0.377644 -0.985134 -0.0173221 0.170912 -0.524426 -0.0157695 -0.981584 -0.19038 0.452573 
1537281371486 0.252699 0.927258 -0.276291 -0.626229 -0.939108 0.303782 0.1606 -0.275241 0.23285 0.218883 0.947561 0.376195 0.171421 -0.190448 0.966615 0.377593 -0.985085 -0.0183076 0.17109 -0.524363 -0.0148873 -0.981527 -0.190746 0.452716 
1537281371500 0.25273 0.927245 -0.276306 -0.625926 -0.93903 0.30388 0.160872 -0.27513 0.233131 0.218802 0.94751 0.376275 0.170261 -0.186763 0.967539 0.377942 -0.985209 -0.0129823 0.170864 -0.524452 -0.0193501 -0.982319 -0.186211 0.451659 
1537281371782 0.252761 0.927231 -0.276322 -0.625617 -0.938952 0.303978 0.161143 -0.275015 0.233413 0.218722 0.947459 0.376357 0.169116 -0.183069 0.968445 0.37829 -0.985308 -0.00765725 0.170614 -0.524536 -0.0238184 -0.98307 -0.181674 0.450602 
1537281372084 0.252792 0.927218 -0.276339 -0.625309 -0.938873 0.304076 0.161415 -0.274901 0.233695 0.218642 0.947408 0.376438 0.167988 -0.179366 0.969334 0.378638 -0.985383 -0.00233289 0.170338 -0.524621 -0.0282915 -0.98378 -0.177136 0.449544 
1537281372392 0.252823 0.927205 -0.276355 -0.625001 -0.938795 0.304174 0.161687 -0.274787 0.233977 0.218562 0.947357 0.376519 0.166877 -0.175653 0.970205 0.378987 -0.985433 0.00299048 0.170038 -0.524707 -0.032769 -0.984448 -0.172595 0.448487 
1537281372636 0.252854 0.927191 -0.276371 -0.624692 -0.938716 0.304273 0.161958 -0.274672 0.234259 0.218482 0.947306 0.376601 0.165783 -0.171932 0.971059 0.379335 -0.985459 0.00831258 0.169713 -0.524792 -0.037251 -0.985074 -0.168053 0.44743 
1537281372939 0.252885 0.927178 -0.276388 -0.624384 -0.938637 0.304371 0.16223 -0.274559 0.23454 0.218402 0.947255 0.376682 0.164705 -0.168201 0.971895 0.379683 -0.985459 0.0136331 0.169363 -0.524877 -0.0417371 -0.985658 -0.16351 0.446372 
1537281373239 0.252916 0.927164 -0.276404 -0.624075 -0.938558 0.304469 0.162502 -0.274444 0.234822 0.218322 0.947203 0.376763 0.163645 -0.164462 0.972714 0.380031 -0.985436 0.018952 0.168989 -0.524963 -0.0462272 -0.986201 -0.158965 0.445315 
1537281373548 0.252947 0.927151 -0.27642 -0.623768 -0.938479 0.304567 0.162773 -0.27433 0.235104 0.218242 0.947152 0.376844 0.162601 -0.160714 0.973515 0.380379 -0.985387 0.0242689 0.168591 -0.525048 -0.050721 -0.986703 -0.15442 0.444258 
1537281373793 0.252978 0.927138 -0.276437 -0.62346 -0.9384 0.304665 0.163045 -0.274216 0.235386 0.218162 0.9471 0.376926 0.161575 -0.156958 0.974299 0.380728 -0.985314 0.0295835 0.168168 -0.525134 -0.0552184 -0.987162 -0.149873 0.443201 
1537281374073 0.252819 0.927196 -0.276387 -0.623671 -0.938489 0.304462 0.162916 -0.274233 0.235204 0.218198 0.947137 0.376915 0.161545 -0.157797 0.974168 0.380593 -0.985391 0.0281425 0.167964 -0.525209 -0.0539198 -0.98707 -0.150945 0.443491 
1537281374081 0.252851 0.927184 -0.2764 -0.623423 -0.938421 0.304549 0.163141 -0.274148 0.235439 0.218129 0.947095 0.376975 0.162438 -0.159039 0.973818 0.380462 -0.985411 0.0246569 0.168399 -0.525323 -0.0507932 -0.986964 -0.152713 0.443897 
1537281374285 0.252884 0.927171 -0.276413 -0.623171 -0.938354 0.304637 0.163364 -0.27406 0.235672 0.218061 0.947052 0.377037 0.163337 -0.160277 0.973464 0.380332 -0.985418 0.0211697 0.168828 -0.525441 -0.0476672 -0.986845 -0.154482 0.444303 
1537281374471 0.252916 0.927158 -0.276427 -0.62292 -0.938287 0.304725 0.163588 -0.273973 0.235906 0.217994 0.94701 0.377098 0.16424 -0.161511 0.973108 0.380202 -0.985414 0.0176818 0.169252 -0.525558 -0.0445423 -0.986712 -0.156251 0.444709 
1537281374693 0.252949 0.927145 -0.27644 -0.622668 -0.938219 0.304813 0.163811 -0.273885 0.236139 0.217926 0.946967 0.377159 0.165147 -0.162742 0.97275 0.380072 -0.985399 0.0141932 0.169669 -0.525676 -0.0414186 -0.986567 -0.158022 0.445116 
1537281374905 0.252981 0.927132 -0.276454 -0.622415 -0.938152 0.3049 0.164035 -0.273797 0.236373 0.217858 0.946924 0.377221 0.166057 -0.163969 0.972388 0.379942 -0.985372 0.0107038 0.17008 -0.525794 -0.038296 -0.986407 -0.159793 0.445522 
1537281375131 0.253014 0.927119 -0.276467 -0.622164 -0.938084 0.304988 0.164258 -0.27371 0.236606 0.21779 0.946882 0.377282 0.166972 -0.165192 0.972025 0.379812 -0.985334 0.00721393 0.170484 -0.525912 -0.0351747 -0.986235 -0.161565 0.445928 
1537281375341 0.253046 0.927106 -0.276481 -0.621911 -0.938016 0.305076 0.164482 -0.273622 0.236839 0.217722 0.946839 0.377343 0.16789 -0.166412 0.971658 0.379682 -0.985284 0.00372335 0.170882 -0.52603 -0.0320547 -0.986049 -0.163338 0.446335 
1537281375633 0.253079 0.927093 -0.276494 -0.621659 -0.937949 0.305163 0.164705 -0.273535 0.237073 0.217654 0.946796 0.377404 0.168812 -0.167629 0.971289 0.379552 -0.985223 0.000232311 0.171274 -0.526147 -0.028936 -0.98585 -0.165112 0.446741 
1537281375856 0.253111 0.92708 -0.276508 -0.621406 -0.937881 0.305251 0.164928 -0.273447 0.237306 0.217586 0.946753 0.377466 0.169738 -0.168841 0.970918 0.379422 -0.985151 -0.0032593 0.171659 -0.526266 -0.0258186 -0.985638 -0.166887 0.447147 
1537281376115 0.253074 0.927051 -0.276641 -0.621655 -0.937933 0.3052 0.164725 -0.273519 0.237139 0.217783 0.94675 0.37738 0.169369 -0.168326 0.971072 0.379479 -0.985169 -0.00142198 0.171581 -0.526182 -0.0275007 -0.98573 -0.16607 0.446861 
1537281376141 0.253022 0.927078 -0.276597 -0.621432 -0.937897 0.305189 0.164951 -0.273407 0.237337 0.217684 0.946723 0.377443 0.170042 -0.169445 0.97076 0.379374 -0.985142 -0.00512636 0.171667 -0.526213 -0.0241116 -0.985526 -0.167799 0.447286 
1537281376156 0.253049 0.927072 -0.276593 -0.621219 -0.937843 0.305257 0.165133 -0.273334 0.237522 0.217615 0.946693 0.3775 0.170721 -0.17056 0.970445 0.379269 -0.985101 -0.00883102 0.171747 -0.526249 -0.0207232 -0.985308 -0.169526 0.447712 
1537281376390 0.253076 0.927066 -0.27659 -0.621006 -0.937789 0.305324 0.165314 -0.273261 0.237707 0.217546 0.946662 0.377556 0.171404 -0.171672 0.970129 0.379165 -0.985048 -0.0125356 0.171821 -0.526284 -0.0173357 -0.985074 -0.171254 0.448137 
1537281376613 0.253102 0.92706 -0.276586 -0.620793 -0.937735 0.305392 0.165496 -0.273188 0.237892 0.217477 0.946632 0.377612 0.17209 -0.172781 0.96981 0.379061 -0.984982 -0.0162402 0.171889 -0.52632 -0.0139493 -0.984826 -0.172982 0.448563 
1537281376819 0.253129 0.927053 -0.276582 -0.620579 -0.937681 0.30546 0.165678 -0.273114 0.238077 0.217408 0.946601 0.377669 0.17278 -0.173888 0.96949 0.378957 -0.984904 -0.0199447 0.17195 -0.526356 -0.0105639 -0.984563 -0.174709 0.448989 
1537281377008 0.253156 0.927047 -0.276579 -0.620365 -0.937626 0.305528 0.165859 -0.273041 0.238262 0.217339 0.94657 0.377725 0.173474 -0.174991 0.969167 0.378853 -0.984812 -0.0236489 0.172005 -0.526392 -0.00717959 -0.984286 -0.176436 0.449414 
1537281377225 0.253183 0.927041 -0.276575 -0.620153 -0.937572 0.305596 0.166041 -0.272968 0.238447 0.21727 0.946539 0.377781 0.174172 -0.176092 0.968843 0.378749 -0.984708 -0.0273528 0.172053 -0.526427 -0.00379645 -0.983994 -0.178163 0.44984 
1537281377419 0.25321 0.927035 -0.276571 -0.619939 -0.937518 0.305664 0.166223 -0.272894 0.238632 0.217201 0.946509 0.377838 0.174874 -0.177189 0.968516 0.378645 -0.984591 -0.0310566 0.172094 -0.526463 -0.000414489 -0.983687 -0.17989 0.450265 
1537281377610 0.253236 0.927029 -0.276567 -0.619726 -0.937463 0.305732 0.166405 -0.272821 0.238817 0.217132 0.946478 0.377894 0.175579 -0.178284 0.968187 0.37854 -0.984461 -0.0347598 0.172129 -0.526498 0.00296621 -0.983365 -0.181617 0.450691 
1537281377825 0.252982 0.927081 -0.276624 -0.619977 -0.937551 0.305481 0.16637 -0.272772 0.238742 0.21726 0.946467 0.377804 0.175134 -0.177596 0.968394 0.378627 -0.984544 -0.03243 0.172107 -0.526505 0.000839429 -0.983569 -0.180531 0.450404 
1537281377838 0.253023 0.927072 -0.276616 -0.619798 -0.937503 0.305552 0.166509 -0.27272 0.238886 0.217198 0.946445 0.377852 0.175561 -0.178012 0.968241 0.378552 -0.984467 -0.0337394 0.1723 -0.526569 0.00199652 -0.98345 -0.18117 0.450598 
1537281377854 0.253065 0.927063 -0.27661 -0.619614 -0.937455 0.305625 0.166648 -0.272666 0.239032 0.217136 0.946423 0.377901 0.175989 -0.178428 0.968087 0.378478 -0.984387 -0.0350485 0.172492 -0.526636 0.00315263 -0.983329 -0.18181 0.450792 
1537281377888 0.253108 0.927053 -0.276604 -0.619429 -0.937407 0.305698 0.166786 -0.272611 0.239177 0.217075 0.9464 0.377951 0.176418 -0.178843 0.967932 0.378404 -0.984306 -0.0363577 0.172684 -0.526705 0.00430847 -0.983206 -0.18245 0.450986 
1537281378097 0.25315 0.927043 -0.276598 -0.619244 -0.937358 0.305771 0.166924 -0.272556 0.239322 0.217014 0.946377 0.378 0.176847 -0.179257 0.967777 0.378331 -0.984223 -0.0376669 0.172875 -0.526772 0.00546401 -0.983081 -0.18309 0.45118 
1537281378168 0.253192 0.927033 -0.276591 -0.619061 -0.93731 0.305844 0.167063 -0.272502 0.239467 0.216953 0.946355 0.378049 0.177276 -0.179671 0.967621 0.378256 -0.984139 -0.0389761 0.173065 -0.526839 0.00661923 -0.982954 -0.183731 0.451374 
1537281378324 0.253234 0.927024 -0.276585 -0.618876 -0.937261 0.305917 0.167202 -0.272448 0.239612 0.216892 0.946332 0.378098 0.177707 -0.180084 0.967466 0.378183 -0.984053 -0.0402853 0.173255 -0.526907 0.00777419 -0.982826 -0.184371 0.451568 
1537281378436 0.253276 0.927014 -0.276579 -0.618693 -0.937213 0.305989 0.16734 -0.272394 0.239757 0.21683 0.946309 0.378147 0.178137 -0.180497 0.96731 0.378109 -0.983965 -0.0415945 0.173443 -0.526974 0.00892883 -0.982696 -0.185012 0.451762 
1537281378586 0.253318 0.927004 -0.276573 -0.618507 -0.937164 0.306062 0.167479 -0.272339 0.239902 0.216769 0.946286 0.378197 0.178568 -0.180909 0.967153 0.378035 -0.983876 -0.0429038 0.173631 -0.527042 0.0100832 -0.982564 -0.185653 0.451956 
1537281378736 0.25336 0.926995 -0.276567 -0.618324 -0.937116 0.306135 0.167617 -0.272284 0.240047 0.216708 0.946264 0.378246 0.179 -0.18132 0.966996 0.377961 -0.983785 -0.044213 0.173817 -0.527109 0.0112372 -0.98243 -0.186294 0.45215 
1537281378879 0.253346 0.927017 -0.276504 -0.618552 -0.937155 0.306078 0.167502 -0.272351 0.239909 0.216691 0.946303 0.378188 0.178382 -0.180921 0.967185 0.377984 -0.983909 -0.0429134 0.173439 -0.527123 0.0101264 -0.982561 -0.185665 0.45191 
1537281378892 0.253388 0.927011 -0.276489 -0.618321 -0.937108 0.306147 0.167637 -0.272271 0.240047 0.216623 0.946283 0.37825 0.178447 -0.18096 0.967166 0.377971 -0.983898 -0.0428686 0.173513 -0.527212 0.0100621 -0.982556 -0.185696 0.451937 
1537281378911 0.25343 0.927003 -0.276475 -0.618085 -0.937061 0.306217 0.167771 -0.272188 0.240186 0.216556 0.946263 0.378313 0.178511 -0.181 0.967147 0.377958 -0.983887 -0.0428235 0.173587 -0.527303 0.00999747 -0.98255 -0.185728 0.451965 
1537281379055 0.253473 0.926995 -0.276462 -0.617848 -0.937014 0.306287 0.167905 -0.272104 0.240324 0.21649 0.946243 0.378377 0.178575 -0.18104 0.967127 0.377946 -0.983876 -0.0427784 0.17366 -0.527394 0.00993281 -0.982545 -0.18576 0.451992 
1537281379204 0.253515 0.926988 -0.276448 -0.617613 -0.936967 0.306357 0.16804 -0.272022 0.240463 0.216423 0.946223 0.37844 0.17864 -0.18108 0.967108 0.377933 -0.983865 -0.0427334 0.173733 -0.527484 0.00986817 -0.98254 -0.185792 0.452019 
1537281379332 0.253557 0.92698 -0.276435 -0.617376 -0.93692 0.306427 0.168174 -0.271939 0.240601 0.216356 0.946204 0.378503 0.178704 -0.18112 0.967089 0.37792 -0.983854 -0.0426883 0.173807 -0.527574 0.00980351 -0.982534 -0.185824 0.452047 
1537281379513 0.253599 0.926973 -0.276422 -0.617139 -0.936873 0.306497 0.168309 -0.271855 0.24074 0.216289 0.946184 0.378566 0.178768 -0.18116 0.967069 0.377907 -0.983843 -0.0426432 0.17388 -0.527665 0.00973884 -0.982529 -0.185856 0.452074 
1537281379638 0.253642 0.926965 -0.276408 -0.616904 -0.936826 0.306567 0.168443 -0.271773 0.240878 0.216222 0.946164 0.378629 0.178832 -0.1812 0.96705 0.377895 -0.983832 -0.0425982 0.173954 -0.527755 0.00967419 -0.982523 -0.185888 0.452102 
1537281379785 0.253684 0.926957 -0.276395 -0.616667 -0.936779 0.306638 0.168577 -0.271689 0.241017 0.216156 0.946144 0.378693 0.178896 -0.18124 0.967031 0.377882 -0.983821 -0.0425531 0.174027 -0.527846 0.00960951 -0.982518 -0.18592 0.452129 
1537281379913 0.253726 0.92695 -0.276381 -0.616431 -0.936732 0.306707 0.168712 -0.271607 0.241155 0.216089 0.946123 0.378756 0.17896 -0.18128 0.967011 0.377869 -0.98381 -0.042508 0.1741 -0.527936 0.00954484 -0.982512 -0.185952 0.452156 
1537281380065 0.253728 0.926989 -0.276251 -0.61663 -0.936779 0.306642 0.168568 -0.271742 0.24097 0.216015 0.946187 0.37878 0.178757 -0.181234 0.967058 0.377874 -0.983848 -0.0423456 0.173924 -0.527823 0.00942967 -0.982528 -0.185876 0.452044 
1537281380083 0.253789 0.926984 -0.27621 -0.616316 -0.936712 0.306739 0.168766 -0.27163 0.241168 0.215899 0.946164 0.378856 0.178728 -0.180724 0.967158 0.377861 -0.983855 -0.0420904 0.173948 -0.527952 0.00927139 -0.982633 -0.185329 0.451929 
1537281380109 0.253851 0.926979 -0.27617 -0.615999 -0.936644 0.306836 0.168963 -0.271516 0.241365 0.215781 0.94614 0.378932 0.1787 -0.180215 0.967258 0.377849 -0.983861 -0.0418352 0.173973 -0.528082 0.0091129 -0.982737 -0.184782 0.451814 
1537281380322 0.253913 0.926974 -0.276129 -0.615681 -0.936577 0.306934 0.169161 -0.271403 0.241561 0.215664 0.946117 0.379009 0.178673 -0.179705 0.967358 0.377836 -0.983868 -0.0415799 0.173998 -0.528212 0.00895439 -0.982841 -0.184235 0.451699 
1537281380516 0.253975 0.926969 -0.276089 -0.615362 -0.936509 0.307031 0.169359 -0.271288 0.241758 0.215547 0.946093 0.379085 0.178646 -0.179195 0.967458 0.377824 -0.983874 -0.0413247 0.174023 -0.528342 0.00879587 -0.982945 -0.183688 0.451583 
1537281380701 0.254037 0.926964 -0.276049 -0.615044 -0.936442 0.307128 0.169557 -0.271174 0.241955 0.21543 0.94607 0.379162 0.178618 -0.178685 0.967557 0.377812 -0.983881 -0.0410693 0.174047 -0.528473 0.00863731 -0.983049 -0.18314 0.451468 
1537281380905 0.254099 0.926959 -0.276009 -0.614726 -0.936374 0.307225 0.169754 -0.27106 0.242152 0.215313 0.946046 0.379239 0.178591 -0.178175 0.967656 0.377799 -0.983887 -0.0408141 0.174072 -0.528603 0.00847878 -0.983152 -0.182593 0.451353 
1537281381086 0.254161 0.926954 -0.275968 -0.614407 -0.936306 0.307322 0.169952 -0.270946 0.242349 0.215196 0.946022 0.379315 0.178564 -0.177665 0.967755 0.377787 -0.983893 -0.0405587 0.174096 -0.528733 0.00832019 -0.983255 -0.182046 0.451238 
1537281381286 0.254223 0.926949 -0.275928 -0.61409 -0.936238 0.307419 0.17015 -0.270832 0.242546 0.215079 0.945998 0.379392 0.178537 -0.177155 0.967854 0.377774 -0.983899 -0.0403034 0.17412 -0.528863 0.00816162 -0.983357 -0.181498 0.451123 
1537281381507 0.254285 0.926944 -0.275888 -0.613771 -0.936171 0.307517 0.170347 -0.270717 0.242742 0.214962 0.945974 0.379469 0.17851 -0.176645 0.967952 0.377762 -0.983906 -0.0400481 0.174144 -0.528993 0.00800301 -0.98346 -0.180951 0.451008 
1537281381725 0.254419 0.926864 -0.276031 -0.613981 -0.936168 0.307642 0.170135 -0.270842 0.242611 0.215126 0.945971 0.37938 0.178625 -0.17724 0.967822 0.377818 -0.983882 -0.0404612 0.174179 -0.5288 0.00828761 -0.983336 -0.181611 0.451092 
1537281381745 0.256204 0.927246 -0.273083 -0.614264 -0.937792 0.306921 0.162313 -0.270178 0.234319 0.21451 0.948198 0.379349 0.178804 -0.177253 0.967786 0.377833 -0.983852 -0.0402436 0.174401 -0.528978 0.00803405 -0.983342 -0.181586 0.451032 
1537281382045 0.257964 0.927626 -0.27012 -0.614543 -0.939348 0.306206 0.154476 -0.269511 0.226008 0.213888 0.950354 0.379319 0.178985 -0.177266 0.967751 0.377849 -0.983821 -0.0400271 0.174625 -0.529161 0.00778125 -0.983349 -0.181562 0.450973 
1537281382341 0.259697 0.928005 -0.267142 -0.614822 -0.940836 0.305497 0.146626 -0.268844 0.21768 0.213258 0.952437 0.379289 0.179165 -0.177278 0.967715 0.377865 -0.98379 -0.0398106 0.174848 -0.529344 0.00752845 -0.983355 -0.181537 0.450914 
1537281382646 0.261405 0.928382 -0.264148 -0.6151 -0.942256 0.304793 0.138763 -0.268177 0.209335 0.212622 0.954448 0.379259 0.179346 -0.177291 0.967679 0.377881 -0.983759 -0.0395941 0.175072 -0.529527 0.00727565 -0.983362 -0.181513 0.450855 
1537281382942 0.263086 0.928758 -0.26114 -0.615378 -0.943608 0.304094 0.130887 -0.267509 0.200973 0.211979 0.956386 0.379229 0.179526 -0.177304 0.967643 0.377897 -0.983728 -0.0393776 0.175295 -0.52971 0.00702287 -0.983368 -0.181489 0.450796 
