0.275657 -0.8825 0.381061 -0.604483 0.633204 0.464965 0.618757 -0.181741 -0.723233 0.0707247 0.686973 0.426588 -0.014675 -0.994442 -0.104262 0.384635 -0.157591 0.10527 -0.981877 -0.490066 0.987395 0.00202172 -0.158259 0.441171 
0.25636 -0.939187 0.228488 0.190522 -0.09544 -0.259828 -0.960927 -0.632759 0.961858 0.224537 -0.156246 0.522991 -0.0146584 -0.994438 -0.104298 0.384859 -0.157403 0.105303 -0.981904 -0.490245 0.987426 0.00202355 -0.158071 0.441169 
0.218501 -0.931404 0.291108 0.220456 0.106878 -0.27368 -0.955864 -0.527818 0.969966 0.23997 0.0397474 0.494922 -0.0146418 -0.994435 -0.104332 0.385082 -0.157215 0.105335 -0.981931 -0.490425 0.987456 0.00202526 -0.157882 0.441166 
0.16226 -0.93285 0.321655 0.11859 0.348692 -0.250737 -0.903075 -0.461437 0.923085 0.258692 0.284592 0.483134 -0.014625 -0.994431 -0.104366 0.385306 -0.157027 0.105366 -0.981957 -0.490604 0.987486 0.0020272 -0.157694 0.441164 
0.101454 -0.93566 0.338006 0.00618325 0.566381 -0.224998 -0.792836 -0.420067 0.817875 0.271876 0.507113 0.472819 -0.0146076 -0.994428 -0.104401 0.385529 -0.156839 0.105398 -0.981984 -0.490783 0.987516 0.0020297 -0.157504 0.441162 
0.0360287 -0.940511 0.337848 -0.0997268 0.748977 -0.198404 -0.632194 -0.390054 0.661615 0.275817 0.697273 0.458167 -0.014591 -0.994425 -0.104435 0.385753 -0.156651 0.10543 -0.982011 -0.490961 0.987546 0.00203135 -0.157316 0.441159 
-0.028658 -0.947013 0.319914 -0.200692 0.887811 -0.171177 -0.427189 -0.361428 0.459315 0.271781 0.845674 0.447097 -0.0145738 -0.994421 -0.10447 0.385975 -0.156463 0.105462 -0.982037 -0.491137 0.987576 0.00203358 -0.157127 0.441158 
-0.0865608 -0.95418 0.286438 -0.298905 0.970218 -0.146033 -0.193265 -0.33332 0.226239 0.261179 0.938404 0.436097 -0.0145578 -0.994418 -0.104504 0.386195 -0.156275 0.105493 -0.982064 -0.491307 0.987606 0.00203471 -0.156939 0.441157 
-0.134169 -0.961548 0.239633 -0.39213 0.990702 -0.124655 0.0544986 -0.306217 -0.0225316 0.244717 0.969333 0.424433 -0.0145431 -0.994415 -0.104537 0.386407 -0.156088 0.105525 -0.98209 -0.49146 0.987636 0.00203443 -0.156751 0.44116 
-0.169134 -0.968199 0.184351 -0.470179 0.948618 -0.109163 0.296996 -0.284173 -0.267427 0.225111 0.936914 0.407963 -0.0145294 -0.994411 -0.104569 0.386584 -0.155906 0.105554 -0.982116 -0.491568 0.987665 0.00203344 -0.156568 0.441173 
-0.169134 -0.968199 0.184351 -0.470179 0.948618 -0.109163 0.296996 -0.284173 -0.267427 0.225111 0.936914 0.407963 -0.0148764 -0.994423 -0.10441 0.385194 -0.156979 0.10545 -0.981956 -0.490611 0.98749 0.0017823 -0.157673 0.441171 
0.279843 -0.930318 0.237057 0.205875 -0.110552 -0.276506 -0.954632 -0.484924 0.953659 0.24094 -0.180227 0.499532 -0.01484 -0.994422 -0.10443 0.385362 -0.156852 0.105464 -0.981975 -0.490736 0.987511 0.00180748 -0.157542 0.441169 
0.233697 -0.928027 0.290089 0.185001 0.102142 -0.273268 -0.9565 -0.464226 0.966929 0.253162 0.0309292 0.494691 -0.0148034 -0.99442 -0.10445 0.385529 -0.156725 0.105478 -0.981994 -0.490861 0.987531 0.00183303 -0.157412 0.441166 
0.171679 -0.930653 0.323128 0.0945128 0.343354 -0.250907 -0.905071 -0.441983 0.923382 0.266329 0.276468 0.489173 -0.0147667 -0.994418 -0.10447 0.385697 -0.156598 0.105492 -0.982013 -0.490985 0.987552 0.00185871 -0.157281 0.441164 
0.105306 -0.934593 0.339774 -0.00556129 0.56304 -0.225599 -0.795042 -0.41627 0.819693 0.275029 0.502456 0.475998 -0.0147293 -0.994417 -0.104491 0.385865 -0.15647 0.105507 -0.982031 -0.491109 0.987573 0.00188511 -0.157151 0.441161 
0.0368383 -0.940237 0.338523 -0.103954 0.748813 -0.198353 -0.632404 -0.38911 0.661756 0.276787 0.696755 0.461136 -0.0146928 -0.994415 -0.104511 0.386032 -0.156343 0.105521 -0.98205 -0.491233 0.987593 0.00191054 -0.157021 0.441159 
-0.0284509 -0.946963 0.32008 -0.202101 0.887724 -0.171131 -0.427389 -0.36114 0.459497 0.271983 0.84551 0.447866 -0.014656 -0.994414 -0.104531 0.386199 -0.156216 0.105536 -0.982069 -0.491355 0.987614 0.00193627 -0.15689 0.441157 
-0.0865127 -0.95417 0.286489 -0.299499 0.970199 -0.146024 -0.193365 -0.333176 0.226337 0.261223 0.938368 0.43638 -0.0146199 -0.994412 -0.104551 0.386364 -0.156089 0.10555 -0.982087 -0.491473 0.987635 0.00196125 -0.15676 0.441156 
-0.134176 -0.961546 0.239636 -0.392487 0.990702 -0.124667 0.0544781 -0.306154 -0.0225084 0.244718 0.969333 0.424338 -0.014585 -0.994411 -0.104571 0.386523 -0.155963 0.105564 -0.982106 -0.491577 0.987655 0.00198512 -0.15663 0.441158 
-0.169249 -0.968162 0.184436 -0.470704 0.948568 -0.109218 0.297137 -0.28431 -0.267533 0.22524 0.936853 0.407243 -0.0145511 -0.994409 -0.104588 0.386655 -0.155839 0.105577 -0.982124 -0.491647 0.987675 0.00200794 -0.156504 0.441165 
-0.169249 -0.968162 0.184436 -0.470704 0.948568 -0.109218 0.297137 -0.28431 -0.267533 0.22524 0.936853 0.407243 -0.0143981 -0.994437 -0.10434 0.386609 -0.15591 0.105307 -0.982142 -0.491533 0.987666 0.00212657 -0.156559 0.441224 
0.28122 -0.929914 0.237013 0.204542 -0.111016 -0.276847 -0.954479 -0.481845 0.9532 0.242107 -0.181091 0.49876 -0.0144093 -0.994435 -0.104366 0.386635 -0.155889 0.105335 -0.982142 -0.491566 0.987669 0.00211762 -0.156539 0.441216 
0.234426 -0.92788 0.28997 0.182951 0.101468 -0.273298 -0.956563 -0.463047 0.966824 0.253665 0.0300816 0.495557 -0.0144203 -0.994432 -0.104394 0.386661 -0.155869 0.105364 -0.982142 -0.491598 0.987672 0.00210897 -0.15652 0.441209 
0.172205 -0.930537 0.323182 0.0929966 0.342876 -0.250944 -0.905242 -0.441645 0.923462 0.266698 0.275845 0.489888 -0.0144313 -0.994428 -0.104421 0.386688 -0.155849 0.105393 -0.982142 -0.491631 0.987676 0.0021003 -0.156501 0.441201 
0.105643 -0.934496 0.339937 -0.0065455 0.562675 -0.225684 -0.795276 -0.416303 0.8199 0.275289 0.501976 0.476432 -0.0144425 -0.994425 -0.104448 0.386714 -0.155829 0.105421 -0.982142 -0.491663 0.987679 0.00209144 -0.156482 0.441193 
0.0369688 -0.940169 0.338697 -0.1044 0.748834 -0.198368 -0.632375 -0.389087 0.661726 0.277006 0.696697 0.461965 -0.0144535 -0.994422 -0.104475 0.38674 -0.155808 0.10545 -0.982143 -0.491695 0.987682 0.00208272 -0.156463 0.441186 
-0.0284055 -0.946922 0.320206 -0.202161 0.887736 -0.171143 -0.427357 -0.361125 0.459475 0.272119 0.845478 0.448113 -0.0144647 -0.994419 -0.104503 0.386766 -0.155788 0.105479 -0.982143 -0.491727 0.987685 0.00207389 -0.156445 0.441178 
-0.0865092 -0.954149 0.286558 -0.299488 0.970201 -0.146033 -0.193349 -0.333173 0.226331 0.261293 0.93835 0.436438 -0.0144753 -0.994416 -0.10453 0.386791 -0.155768 0.105508 -0.982143 -0.491758 0.987688 0.00206565 -0.156426 0.441171 
-0.134203 -0.961531 0.239684 -0.392526 0.990698 -0.124687 0.0545068 -0.306186 -0.0225244 0.244769 0.96932 0.424276 -0.0144869 -0.994413 -0.104557 0.386815 -0.155748 0.105536 -0.982143 -0.491785 0.987691 0.00205642 -0.156407 0.441164 
-0.169362 -0.968125 0.184528 -0.470907 0.948521 -0.109273 0.297266 -0.28445 -0.267627 0.225375 0.936794 0.406874 -0.0144988 -0.99441 -0.104584 0.386834 -0.155729 0.105564 -0.982143 -0.491803 0.987693 0.00204674 -0.156389 0.441158 
-0.169362 -0.968125 0.184528 -0.470907 0.948521 -0.109273 0.297266 -0.28445 -0.267627 0.225375 0.936794 0.406874 -0.0146432 -0.994394 -0.104723 0.386579 -0.155901 0.105724 -0.982098 -0.491588 0.987664 0.00194532 -0.156575 0.441136 
0.28189 -0.929679 0.237139 0.204299 -0.111197 -0.277153 -0.95437 -0.480869 0.952981 0.242658 -0.181504 0.497936 -0.0146302 -0.994395 -0.104711 0.386608 -0.155881 0.10571 -0.982103 -0.491615 0.987668 0.00195416 -0.156554 0.441137 
0.234719 -0.9278 0.28999 0.182268 0.101145 -0.273393 -0.95657 -0.462903 0.966787 0.253857 0.029672 0.495798 -0.0146168 -0.994396 -0.1047 0.386637 -0.155861 0.105697 -0.982108 -0.491642 0.987671 0.00196346 -0.156533 0.441138 
0.172414 -0.930477 0.323243 0.0924589 0.342652 -0.251008 -0.905309 -0.441779 0.923506 0.266848 0.275553 0.490167 -0.0146033 -0.994398 -0.104689 0.386667 -0.155842 0.105684 -0.982112 -0.491669 0.987674 0.00197294 -0.156513 0.441139 
0.105773 -0.934448 0.340029 -0.00692804 0.562509 -0.22575 -0.795375 -0.416516 0.819997 0.275398 0.501757 0.476716 -0.0145899 -0.994399 -0.104678 0.386696 -0.155823 0.105671 -0.982116 -0.491696 0.987677 0.00198229 -0.156492 0.44114 
0.0370119 -0.940137 0.33878 -0.104654 0.748838 -0.198392 -0.632363 -0.389229 0.661719 0.277096 0.696667 0.462577 -0.0145763 -0.9944 -0.104667 0.386725 -0.155804 0.105658 -0.982121 -0.491723 0.98768 0.00199179 -0.156471 0.441142 
-0.0283558 -0.946855 0.320409 -0.202397 0.887765 -0.171176 -0.427285 -0.361229 0.459423 0.272332 0.845438 0.448894 -0.0145624 -0.994402 -0.104656 0.386754 -0.155785 0.105646 -0.982125 -0.491749 0.987684 0.00200173 -0.156451 0.441143 
-0.0865175 -0.954128 0.286628 -0.299546 0.970204 -0.146051 -0.193323 -0.333251 0.226317 0.261361 0.938334 0.43662 -0.0145494 -0.994403 -0.104645 0.386782 -0.155765 0.105633 -0.98213 -0.491775 0.987687 0.00201067 -0.15643 0.441144 
-0.134235 -0.961513 0.239738 -0.392566 0.990693 -0.124711 0.0545364 -0.306259 -0.0225395 0.244828 0.969305 0.424262 -0.0145367 -0.994405 -0.104634 0.38681 -0.155746 0.105619 -0.982134 -0.491797 0.98769 0.00201931 -0.15641 0.441146 
-0.169463 -0.968091 0.184612 -0.471042 0.948483 -0.109323 0.29737 -0.284594 -0.267699 0.225495 0.936744 0.406634 -0.0145233 -0.994406 -0.104622 0.386832 -0.155727 0.105606 -0.982139 -0.491811 0.987693 0.0020286 -0.15639 0.441148 
-0.169463 -0.968091 0.184612 -0.471042 0.948483 -0.109323 0.29737 -0.284594 -0.267699 0.225495 0.936744 0.406634 -0.0146629 -0.994393 -0.104729 0.386577 -0.155908 0.105733 -0.982096 -0.491591 0.987663 0.00192766 -0.156584 0.441136 
0.282374 -0.929509 0.23723 0.204062 -0.111326 -0.277374 -0.95429 -0.480225 0.952823 0.243057 -0.181802 0.497377 -0.0146476 -0.994394 -0.104717 0.386606 -0.155888 0.105719 -0.982101 -0.491618 0.987666 0.00193871 -0.156563 0.441137 
0.234932 -0.927742 0.290004 0.181774 0.100908 -0.273464 -0.956575 -0.462819 0.96676 0.253994 0.029371 0.495975 -0.0146321 -0.994396 -0.104705 0.386636 -0.155868 0.105705 -0.982106 -0.491645 0.987669 0.00194998 -0.156542 0.441138 
0.172568 -0.930432 0.32329 0.0920842 0.342475 -0.25106 -0.905362 -0.441874 0.923543 0.266955 0.275325 0.490388 -0.0146166 -0.994397 -0.104694 0.386665 -0.155848 0.105691 -0.98211 -0.491671 0.987673 0.00196119 -0.15652 0.441139 
0.105811 -0.934433 0.340057 -0.00710909 0.562492 -0.225761 -0.795383 -0.416622 0.820004 0.27544 0.501723 0.47709 -0.0146013 -0.994399 -0.104682 0.386694 -0.155828 0.105677 -0.982115 -0.491698 0.987676 0.00197223 -0.156498 0.44114 
0.0370435 -0.940116 0.338835 -0.104837 0.748837 -0.198407 -0.632358 -0.389321 0.661718 0.277157 0.696645 0.463046 -0.0145859 -0.9944 -0.10467 0.386724 -0.155808 0.105663 -0.98212 -0.491724 0.98768 0.0019834 -0.156477 0.441142 
-0.0283189 -0.946811 0.320541 -0.202579 0.88778 -0.171196 -0.427246 -0.361302 0.459397 0.27247 0.845408 0.449419 -0.01457 -0.994401 -0.104659 0.386753 -0.155788 0.105649 -0.982124 -0.49175 0.987683 0.00199503 -0.156455 0.441143 
-0.0865206 -0.954113 0.286674 -0.299599 0.970204 -0.146062 -0.193312 -0.333306 0.226314 0.261407 0.938322 0.436734 -0.0145551 -0.994403 -0.104647 0.386782 -0.155768 0.105635 -0.982129 -0.491776 0.987686 0.00200564 -0.156434 0.441144 
-0.134257 -0.961499 0.239779 -0.392596 0.99069 -0.124728 0.0545549 -0.306316 -0.0225473 0.244871 0.969293 0.424248 -0.0145405 -0.994404 -0.104635 0.386809 -0.155748 0.105621 -0.982134 -0.491798 0.98769 0.00201596 -0.156412 0.441146 
-0.169536 -0.968067 0.184674 -0.471128 0.948456 -0.109359 0.297443 -0.284705 -0.267749 0.225582 0.936709 0.406474 -0.0145253 -0.994406 -0.104623 0.386832 -0.155728 0.105607 -0.982138 -0.491812 0.987693 0.0020269 -0.156391 0.441148 
-0.169536 -0.968067 0.184674 -0.471128 0.948456 -0.109359 0.297443 -0.284705 -0.267749 0.225582 0.936709 0.406474 -0.0146627 -0.994393 -0.10473 0.386577 -0.155907 0.105734 -0.982096 -0.491591 0.987663 0.00192793 -0.156583 0.441136 
0.282708 -0.929392 0.237292 0.203876 -0.111413 -0.277526 -0.954236 -0.479808 0.952714 0.243332 -0.182005 0.497005 -0.0146484 -0.994394 -0.104718 0.386606 -0.155888 0.10572 -0.982101 -0.491618 0.987666 0.00193801 -0.156562 0.441137 
0.235076 -0.927702 0.290013 0.181438 0.100747 -0.273512 -0.956578 -0.462768 0.966742 0.254086 0.0291671 0.496096 -0.0146329 -0.994396 -0.104706 0.386636 -0.155868 0.105706 -0.982106 -0.491645 0.98767 0.00194924 -0.156541 0.441138 
0.17267 -0.930403 0.32332 0.0918329 0.342358 -0.251094 -0.905397 -0.441939 0.923567 0.267026 0.275174 0.490536 -0.0146174 -0.994397 -0.104694 0.386665 -0.155848 0.105692 -0.98211 -0.491671 0.987673 0.00196052 -0.156519 0.441139 
0.105836 -0.934424 0.340076 -0.00723033 0.562481 -0.225767 -0.79539 -0.41669 0.820009 0.275466 0.501701 0.47733 -0.0146019 -0.994398 -0.104682 0.386694 -0.155828 0.105678 -0.982115 -0.491698 0.987676 0.00197165 -0.156498 0.44114 
0.0370637 -0.940103 0.338869 -0.104956 0.748836 -0.198416 -0.632357 -0.38938 0.661718 0.277195 0.69663 0.463335 -0.0145864 -0.9944 -0.104671 0.386724 -0.155808 0.105664 -0.98212 -0.491724 0.98768 0.00198292 -0.156476 0.441142 
-0.0282958 -0.946785 0.32062 -0.202697 0.887787 -0.171208 -0.427225 -0.361348 0.459383 0.272554 0.845389 0.449734 -0.0145705 -0.994401 -0.104659 0.386753 -0.155788 0.10565 -0.982124 -0.49175 0.987683 0.00199464 -0.156455 0.441143 
-0.0865205 -0.954105 0.286702 -0.299638 0.970204 -0.146068 -0.193308 -0.333339 0.226315 0.261434 0.938314 0.436799 -0.0145554 -0.994403 -0.104647 0.386782 -0.155768 0.105636 -0.982129 -0.491776 0.987686 0.00200535 -0.156433 0.441144 
-0.13427 -0.961491 0.239806 -0.392616 0.990688 -0.124739 0.0545648 -0.306355 -0.0225505 0.244899 0.969286 0.424235 -0.0145407 -0.994404 -0.104635 0.386809 -0.155748 0.105621 -0.982134 -0.491798 0.98769 0.00201577 -0.156412 0.441146 
-0.169585 -0.96805 0.184716 -0.47118 0.948438 -0.109384 0.297491 -0.284785 -0.267782 0.225642 0.936685 0.406376 -0.0145254 -0.994406 -0.104623 0.386832 -0.155728 0.105607 -0.982138 -0.491812 0.987693 0.0020268 -0.156391 0.441148 
-0.169585 -0.96805 0.184716 -0.47118 0.948438 -0.109384 0.297491 -0.284785 -0.267782 0.225642 0.936685 0.406376 -0.0146628 -0.994393 -0.10473 0.386577 -0.155907 0.105733 -0.982096 -0.491591 0.987663 0.00192779 -0.156583 0.441136 
0.282917 -0.929318 0.237331 0.203751 -0.111466 -0.277621 -0.954202 -0.479557 0.952646 0.243505 -0.182131 0.496777 -0.0146474 -0.994394 -0.104717 0.386606 -0.155885 0.105719 -0.982101 -0.491618 0.987667 0.00193859 -0.15656 0.441137 
0.235164 -0.927678 0.290019 0.181231 0.100648 -0.273541 -0.95658 -0.462739 0.966731 0.254143 0.0290415 0.49617 -0.014632 -0.994396 -0.104705 0.386636 -0.155865 0.105705 -0.982106 -0.491645 0.98767 0.00194982 -0.156539 0.441138 
0.172732 -0.930385 0.323339 0.0916798 0.342287 -0.251114 -0.905418 -0.441978 0.923582 0.267069 0.275084 0.490625 -0.0146165 -0.994397 -0.104694 0.386665 -0.155846 0.105691 -0.982111 -0.491671 0.987673 0.00196104 -0.156517 0.441139 
0.105851 -0.934418 0.340086 -0.00730385 0.562474 -0.225771 -0.795394 -0.41673 0.820012 0.275482 0.501688 0.477467 -0.0146012 -0.994399 -0.104682 0.386694 -0.155826 0.105677 -0.982115 -0.491698 0.987677 0.0019721 -0.156496 0.44114 
0.037075 -0.940096 0.338887 -0.105026 0.748835 -0.19842 -0.632357 -0.389414 0.661719 0.277215 0.696621 0.463491 -0.0145858 -0.9944 -0.10467 0.386724 -0.155806 0.105663 -0.98212 -0.491724 0.98768 0.0019833 -0.156475 0.441142 
-0.028283 -0.946772 0.32066 -0.202765 0.88779 -0.171214 -0.427217 -0.361373 0.459378 0.272596 0.845378 0.449896 -0.01457 -0.994401 -0.104659 0.386753 -0.155786 0.105649 -0.982125 -0.49175 0.987683 0.00199494 -0.156454 0.441143 
-0.0865169 -0.954102 0.286714 -0.299666 0.970203 -0.146069 -0.193312 -0.333355 0.226319 0.261446 0.93831 0.436832 -0.0145551 -0.994403 -0.104647 0.386782 -0.155767 0.105635 -0.982129 -0.491776 0.987687 0.00200558 -0.156432 0.441144 
-0.134277 -0.961486 0.239823 -0.39263 0.990687 -0.124744 0.0545694 -0.306379 -0.0225511 0.244917 0.969282 0.424227 -0.0145405 -0.994404 -0.104635 0.386809 -0.155747 0.105621 -0.982134 -0.491798 0.98769 0.00201592 -0.156411 0.441146 
-0.169618 -0.968039 0.184744 -0.471209 0.948426 -0.109402 0.297522 -0.284841 -0.267802 0.225682 0.93667 0.406324 -0.0145253 -0.994406 -0.104623 0.386832 -0.155728 0.105607 -0.982139 -0.491812 0.987693 0.00202688 -0.15639 0.441148 
-0.169618 -0.968039 0.184744 -0.471209 0.948426 -0.109402 0.297522 -0.284841 -0.267802 0.225682 0.93667 0.406324 -0.0146631 -0.994393 -0.104729 0.386577 -0.155907 0.105733 -0.982097 -0.491591 0.987663 0.00192738 -0.156583 0.441136 
0.283035 -0.929276 0.237354 0.203678 -0.111495 -0.277674 -0.954183 -0.479421 0.952607 0.243603 -0.182201 0.496651 -0.014649 -0.994394 -0.104717 0.386606 -0.155887 0.105719 -0.982101 -0.491618 0.987666 0.00193715 -0.156562 0.441137 
0.235214 -0.927665 0.290023 0.181115 0.100592 -0.273558 -0.956581 -0.462724 0.966724 0.254175 0.0289714 0.496212 -0.0146336 -0.994396 -0.104705 0.386636 -0.155867 0.105705 -0.982106 -0.491645 0.98767 0.00194837 -0.15654 0.441138 
0.172766 -0.930375 0.323349 0.0915947 0.342249 -0.251125 -0.905429 -0.442 0.92359 0.267093 0.275034 0.490675 -0.0146179 -0.994397 -0.104694 0.386665 -0.155847 0.105691 -0.982111 -0.491671 0.987673 0.00195974 -0.156519 0.441139 
0.105859 -0.934415 0.340092 -0.00734469 0.56247 -0.225773 -0.795396 -0.416752 0.820013 0.275491 0.50168 0.477541 -0.0146024 -0.994399 -0.104682 0.386694 -0.155827 0.105677 -0.982115 -0.491698 0.987676 0.00197098 -0.156497 0.44114 
0.0370804 -0.940093 0.338895 -0.105064 0.748834 -0.198423 -0.632357 -0.389433 0.661719 0.277225 0.696616 0.463574 -0.0145868 -0.9944 -0.10467 0.386724 -0.155807 0.105663 -0.98212 -0.491724 0.98768 0.00198236 -0.156476 0.441142 
-0.0282778 -0.946766 0.320677 -0.202804 0.887791 -0.171217 -0.427214 -0.36139 0.459377 0.272614 0.845373 0.449984 -0.0145708 -0.994401 -0.104659 0.386753 -0.155787 0.10565 -0.982124 -0.49175 0.987683 0.00199419 -0.156454 0.441143 
-0.0865136 -0.954099 0.286722 -0.299695 0.970203 -0.146068 -0.193314 -0.333369 0.226322 0.261455 0.938307 0.436884 -0.0145557 -0.994403 -0.104647 0.386782 -0.155767 0.105635 -0.982129 -0.491776 0.987687 0.00200501 -0.156433 0.441144 
-0.134283 -0.961482 0.239834 -0.392645 0.990686 -0.124749 0.0545738 -0.3064 -0.0225527 0.244929 0.969279 0.424238 -0.0145409 -0.994404 -0.104635 0.386809 -0.155748 0.105621 -0.982134 -0.491798 0.98769 0.00201554 -0.156412 0.441146 
-0.169639 -0.968032 0.184762 -0.471226 0.948419 -0.109412 0.297541 -0.284878 -0.267814 0.225707 0.93666 0.4063 -0.0145255 -0.994406 -0.104623 0.386832 -0.155728 0.105607 -0.982138 -0.491812 0.987693 0.00202668 -0.156391 0.441148 
-0.169639 -0.968032 0.184762 -0.471226 0.948419 -0.109412 0.297541 -0.284878 -0.267814 0.225707 0.93666 0.4063 -0.0146632 -0.994393 -0.10473 0.386577 -0.155907 0.105734 -0.982096 -0.491591 0.987663 0.00192735 -0.156583 0.441136 
0.283098 -0.929254 0.237365 0.203638 -0.111511 -0.277703 -0.954173 -0.479351 0.952586 0.243656 -0.182239 0.496585 -0.0146483 -0.994394 -0.104718 0.386606 -0.155886 0.10572 -0.982101 -0.491618 0.987666 0.00193788 -0.156561 0.441137 
0.23524 -0.927657 0.290025 0.181053 0.100563 -0.273566 -0.956582 -0.462717 0.966721 0.254192 0.0289338 0.496235 -0.0146328 -0.994396 -0.104706 0.386636 -0.155866 0.105706 -0.982106 -0.491645 0.98767 0.00194914 -0.156539 0.441138 
0.172784 -0.93037 0.323354 0.0915492 0.342228 -0.251131 -0.905435 -0.442012 0.923594 0.267106 0.275007 0.490702 -0.0146173 -0.994397 -0.104694 0.386665 -0.155846 0.105692 -0.982111 -0.491671 0.987673 0.00196044 -0.156518 0.441139 
0.105863 -0.934413 0.340095 -0.00736661 0.562468 -0.225774 -0.795397 -0.416764 0.820014 0.275496 0.501677 0.477582 -0.0146018 -0.994399 -0.104682 0.386694 -0.155826 0.105677 -0.982115 -0.491698 0.987677 0.00197158 -0.156497 0.44114 
0.0370831 -0.940091 0.3389 -0.105084 0.748834 -0.198424 -0.632358 -0.389445 0.66172 0.277229 0.696614 0.46362 -0.0145863 -0.9944 -0.104671 0.386724 -0.155807 0.105664 -0.98212 -0.491724 0.98768 0.00198286 -0.156475 0.441142 
-0.0282759 -0.946763 0.320686 -0.202827 0.887792 -0.171219 -0.427212 -0.361402 0.459376 0.272623 0.84537 0.450036 -0.0145704 -0.994401 -0.104659 0.386753 -0.155787 0.10565 -0.982125 -0.49175 0.987683 0.00199459 -0.156454 0.441143 
-0.086513 -0.954094 0.286741 -0.299717 0.970204 -0.14607 -0.193308 -0.333383 0.226319 0.261474 0.938302 0.436942 -0.0145554 -0.994403 -0.104647 0.386782 -0.155767 0.105636 -0.982129 -0.491776 0.987687 0.00200532 -0.156433 0.441144 
-0.134286 -0.96148 0.239841 -0.392654 0.990686 -0.124751 0.0545765 -0.306412 -0.0225538 0.244936 0.969277 0.424247 -0.0145407 -0.994404 -0.104635 0.386809 -0.155747 0.105621 -0.982134 -0.491798 0.98769 0.00201574 -0.156412 0.441146 
-0.16965 -0.968028 0.184772 -0.471236 0.948415 -0.109418 0.297552 -0.284898 -0.267821 0.22572 0.936655 0.406288 -0.0145254 -0.994406 -0.104623 0.386832 -0.155728 0.105607 -0.982138 -0.491812 0.987693 0.00202679 -0.156391 0.441148 
-0.16965 -0.968028 0.184772 -0.471236 0.948415 -0.109418 0.297552 -0.284898 -0.267821 0.22572 0.936655 0.406288 -0.0146632 -0.994393 -0.10473 0.386577 -0.155906 0.105734 -0.982097 -0.491591 0.987663 0.00192726 -0.156582 0.441136 
0.283132 -0.929242 0.237372 0.203617 -0.111519 -0.277718 -0.954168 -0.479314 0.952575 0.243684 -0.18226 0.49655 -0.0146475 -0.994394 -0.104717 0.386606 -0.155885 0.105719 -0.982101 -0.491618 0.987667 0.00193851 -0.15656 0.441137 
0.235254 -0.927653 0.290025 0.18102 0.100547 -0.273571 -0.956582 -0.462713 0.966719 0.254201 0.0289137 0.496247 -0.014632 -0.994396 -0.104705 0.386636 -0.155865 0.105705 -0.982106 -0.491645 0.98767 0.00194981 -0.156539 0.441138 
0.172794 -0.930367 0.323357 0.0915249 0.342217 -0.251134 -0.905439 -0.442018 0.923596 0.267113 0.274993 0.490716 -0.0146165 -0.994397 -0.104694 0.386665 -0.155846 0.105691 -0.982111 -0.491671 0.987673 0.00196104 -0.156517 0.441139 
0.105865 -0.934413 0.340097 -0.00737829 0.562467 -0.225774 -0.795397 -0.416771 0.820014 0.275498 0.501674 0.477603 -0.0146012 -0.994399 -0.104682 0.386694 -0.155826 0.105677 -0.982115 -0.491698 0.987677 0.00197211 -0.156496 0.44114 
0.0370845 -0.94009 0.338902 -0.105095 0.748833 -0.198425 -0.632358 -0.389451 0.66172 0.277232 0.696613 0.463644 -0.0145858 -0.9944 -0.10467 0.386724 -0.155806 0.105663 -0.98212 -0.491724 0.98768 0.0019833 -0.156475 0.441142 
-0.0282748 -0.946762 0.32069 -0.202838 0.887792 -0.17122 -0.427211 -0.361408 0.459376 0.272627 0.845369 0.450063 -0.01457 -0.994401 -0.104659 0.386753 -0.155786 0.105649 -0.982125 -0.49175 0.987683 0.00199494 -0.156454 0.441143 
-0.0865127 -0.954091 0.286751 -0.299729 0.970204 -0.146072 -0.193305 -0.333391 0.226317 0.261484 0.9383 0.436972 -0.0145551 -0.994403 -0.104647 0.386782 -0.155767 0.105635 -0.982129 -0.491776 0.987687 0.00200558 -0.156432 0.441144 
-0.134288 -0.961479 0.239845 -0.392659 0.990686 -0.124752 0.0545779 -0.306418 -0.0225543 0.24494 0.969276 0.424251 -0.0145405 -0.994404 -0.104635 0.386809 -0.155747 0.105621 -0.982134 -0.491798 0.98769 0.00201592 -0.156411 0.441146 
-0.169656 -0.968026 0.184777 -0.471241 0.948413 -0.109421 0.297557 -0.284909 -0.267825 0.225728 0.936652 0.406281 -0.0145253 -0.994406 -0.104623 0.386832 -0.155728 0.105607 -0.982139 -0.491812 0.987693 0.00202688 -0.15639 0.441148 
-0.169656 -0.968026 0.184777 -0.471241 0.948413 -0.109421 0.297557 -0.284909 -0.267825 0.225728 0.936652 0.406281 -0.0146631 -0.994393 -0.10473 0.386577 -0.155906 0.105734 -0.982097 -0.491591 0.987663 0.0019274 -0.156582 0.441136 
0.28315 -0.929236 0.237375 0.203606 -0.111524 -0.277726 -0.954165 -0.479294 0.952569 0.243699 -0.18227 0.496531 -0.0146475 -0.994394 -0.104717 0.386606 -0.155885 0.105719 -0.982101 -0.491618 0.987667 0.00193851 -0.15656 0.441137 
0.235262 -0.927651 0.290026 0.181003 0.100538 -0.273574 -0.956582 -0.462711 0.966718 0.254206 0.0289031 0.496253 -0.014632 -0.994396 -0.104705 0.386636 -0.155865 0.105705 -0.982106 -0.491645 0.98767 0.00194981 -0.156539 0.441138 
0.172799 -0.930365 0.323358 0.0915121 0.342211 -0.251136 -0.905441 -0.442021 0.923597 0.267116 0.274985 0.490724 -0.0146165 -0.994397 -0.104694 0.386665 -0.155846 0.105691 -0.982111 -0.491671 0.987673 0.00196104 -0.156517 0.441139 
0.105867 -0.934412 0.340097 -0.00738445 0.562466 -0.225774 -0.795398 -0.416774 0.820015 0.275499 0.501673 0.477614 -0.0146012 -0.994399 -0.104682 0.386694 -0.155826 0.105677 -0.982115 -0.491698 0.987677 0.00197211 -0.156496 0.44114 
0.0370853 -0.94009 0.338904 -0.105101 0.748833 -0.198425 -0.632358 -0.389454 0.66172 0.277233 0.696612 0.463657 -0.0145858 -0.9944 -0.10467 0.386724 -0.155806 0.105663 -0.98212 -0.491724 0.98768 0.0019833 -0.156475 0.441142 
-0.0282743 -0.946761 0.320693 -0.202845 0.887792 -0.171221 -0.42721 -0.361411 0.459375 0.27263 0.845368 0.450078 -0.01457 -0.994401 -0.104659 0.386753 -0.155786 0.105649 -0.982125 -0.49175 0.987683 0.00199494 -0.156454 0.441143 
-0.0865125 -0.954089 0.286756 -0.299735 0.970204 -0.146072 -0.193304 -0.333395 0.226316 0.261489 0.938299 0.436988 -0.0145551 -0.994403 -0.104647 0.386782 -0.155767 0.105635 -0.982129 -0.491776 0.987687 0.00200558 -0.156432 0.441144 
-0.134289 -0.961478 0.239846 -0.392662 0.990686 -0.124753 0.0545786 -0.306421 -0.0225546 0.244942 0.969275 0.424254 -0.0145405 -0.994404 -0.104635 0.386809 -0.155747 0.105621 -0.982134 -0.491798 0.98769 0.00201592 -0.156411 0.441146 
-0.169659 -0.968025 0.18478 -0.471244 0.948412 -0.109422 0.29756 -0.284915 -0.267826 0.225731 0.936651 0.406278 -0.0145253 -0.994406 -0.104623 0.386832 -0.155728 0.105607 -0.982139 -0.491812 0.987693 0.00202688 -0.15639 0.441148 
-0.169659 -0.968025 0.18478 -0.471244 0.948412 -0.109422 0.29756 -0.284915 -0.267826 0.225731 0.936651 0.406278 -0.0146633 -0.994393 -0.10473 0.386578 -0.155905 0.105734 -0.982097 -0.491591 0.987663 0.00192715 -0.156582 0.441136 
0.283159 -0.929232 0.237377 0.2036 -0.111526 -0.27773 -0.954163 -0.479284 0.952566 0.243706 -0.182276 0.496521 -0.0146474 -0.994394 -0.104717 0.386607 -0.155885 0.105719 -0.982102 -0.491618 0.987667 0.00193862 -0.15656 0.441137 
0.235265 -0.92765 0.290026 0.180994 0.100534 -0.273575 -0.956582 -0.46271 0.966718 0.254208 0.0288977 0.496256 -0.0146319 -0.994396 -0.104705 0.386637 -0.155865 0.105705 -0.982106 -0.491645 0.98767 0.00194983 -0.156539 0.441138 
0.172802 -0.930365 0.323359 0.0915054 0.342208 -0.251137 -0.905441 -0.442023 0.923598 0.267118 0.274981 0.490728 -0.0146165 -0.994397 -0.104694 0.386666 -0.155846 0.105691 -0.982111 -0.491671 0.987673 0.00196104 -0.156517 0.441139 
0.105867 -0.934412 0.340098 -0.00738763 0.562466 -0.225775 -0.795398 -0.416776 0.820015 0.2755 0.501673 0.47762 -0.0146012 -0.994399 -0.104682 0.386695 -0.155826 0.105677 -0.982115 -0.491698 0.987677 0.0019721 -0.156496 0.44114 
0.0370857 -0.94009 0.338904 -0.105104 0.748833 -0.198425 -0.632358 -0.389455 0.66172 0.277234 0.696612 0.463663 -0.0145858 -0.9944 -0.10467 0.386724 -0.155806 0.105663 -0.98212 -0.491724 0.98768 0.0019833 -0.156475 0.441142 
-0.028274 -0.946761 0.320694 -0.202848 0.887792 -0.171221 -0.42721 -0.361412 0.459375 0.272631 0.845368 0.450085 -0.01457 -0.994401 -0.104659 0.386753 -0.155786 0.105649 -0.982125 -0.49175 0.987683 0.00199494 -0.156454 0.441143 
-0.0865125 -0.954088 0.286759 -0.299738 0.970204 -0.146073 -0.193303 -0.333397 0.226316 0.261492 0.938298 0.436996 -0.0145551 -0.994403 -0.104647 0.386782 -0.155767 0.105635 -0.982129 -0.491776 0.987687 0.00200558 -0.156432 0.441144 
-0.134289 -0.961478 0.239847 -0.392663 0.990685 -0.124753 0.054579 -0.306423 -0.0225547 0.244943 0.969275 0.424255 -0.0145405 -0.994404 -0.104635 0.386809 -0.155747 0.105621 -0.982134 -0.491798 0.98769 0.00201592 -0.156411 0.441146 
-0.169661 -0.968024 0.184781 -0.471245 0.948411 -0.109423 0.297561 -0.284918 -0.267827 0.225733 0.93665 0.406276 -0.0145253 -0.994406 -0.104623 0.386832 -0.155728 0.105607 -0.982139 -0.491812 0.987693 0.00202688 -0.15639 0.441148 
-0.169661 -0.968024 0.184781 -0.471245 0.948411 -0.109423 0.297561 -0.284918 -0.267827 0.225733 0.93665 0.406276 -0.0146632 -0.994393 -0.10473 0.386578 -0.155905 0.105734 -0.982097 -0.491591 0.987663 0.00192719 -0.156581 0.441136 
0.283164 -0.929231 0.237378 0.203597 -0.111527 -0.277733 -0.954163 -0.479279 0.952565 0.24371 -0.182279 0.496517 -0.0146474 -0.994394 -0.104717 0.386607 -0.155885 0.105719 -0.982102 -0.491618 0.987667 0.00193863 -0.15656 0.441137 
0.235267 -0.92765 0.290026 0.180989 0.100532 -0.273576 -0.956582 -0.462709 0.966717 0.254209 0.0288948 0.496258 -0.0146319 -0.994396 -0.104705 0.386637 -0.155865 0.105705 -0.982106 -0.491645 0.98767 0.00194983 -0.156539 0.441138 
0.172803 -0.930364 0.32336 0.091502 0.342206 -0.251137 -0.905442 -0.442024 0.923598 0.267119 0.274979 0.49073 -0.0146165 -0.994397 -0.104694 0.386666 -0.155846 0.105691 -0.982111 -0.491671 0.987673 0.00196104 -0.156517 0.441139 
0.105867 -0.934412 0.340098 -0.00738927 0.562466 -0.225775 -0.795398 -0.416777 0.820015 0.2755 0.501673 0.477623 -0.0146012 -0.994399 -0.104682 0.386695 -0.155826 0.105677 -0.982115 -0.491698 0.987677 0.0019721 -0.156496 0.44114 
0.0370859 -0.94009 0.338905 -0.105105 0.748833 -0.198426 -0.632358 -0.389456 0.66172 0.277235 0.696611 0.463667 -0.0145858 -0.9944 -0.10467 0.386724 -0.155806 0.105663 -0.98212 -0.491724 0.98768 0.0019833 -0.156475 0.441142 
-0.0282738 -0.946761 0.320695 -0.20285 0.887792 -0.171221 -0.42721 -0.361413 0.459375 0.272631 0.845368 0.450089 -0.01457 -0.994401 -0.104659 0.386753 -0.155786 0.105649 -0.982125 -0.49175 0.987683 0.00199494 -0.156454 0.441143 
-0.0865124 -0.954088 0.28676 -0.299739 0.970205 -0.146073 -0.193303 -0.333398 0.226316 0.261493 0.938298 0.437 -0.0145551 -0.994403 -0.104647 0.386782 -0.155767 0.105635 -0.982129 -0.491776 0.987687 0.00200558 -0.156432 0.441144 
-0.134289 -0.961478 0.239848 -0.392664 0.990685 -0.124754 0.0545792 -0.306424 -0.0225548 0.244943 0.969275 0.424256 -0.0145405 -0.994404 -0.104635 0.386809 -0.155747 0.105621 -0.982134 -0.491798 0.98769 0.00201592 -0.156411 0.441146 
-0.169662 -0.968024 0.184782 -0.471246 0.948411 -0.109424 0.297562 -0.284919 -0.267828 0.225734 0.93665 0.406275 -0.0145253 -0.994406 -0.104623 0.386832 -0.155728 0.105607 -0.982139 -0.491812 0.987693 0.00202688 -0.15639 0.441148 
-0.169662 -0.968024 0.184782 -0.471246 0.948411 -0.109424 0.297562 -0.284919 -0.267828 0.225734 0.93665 0.406275 -0.0146635 -0.994393 -0.10473 0.386578 -0.155905 0.105734 -0.982097 -0.491591 0.987663 0.00192699 -0.156582 0.441136 
0.283167 -0.92923 0.237378 0.203595 -0.111528 -0.277734 -0.954162 -0.479276 0.952564 0.243713 -0.18228 0.496514 -0.0146474 -0.994394 -0.104717 0.386607 -0.155885 0.105719 -0.982102 -0.491618 0.987667 0.0019386 -0.15656 0.441137 
0.235268 -0.927649 0.290026 0.180986 0.100531 -0.273576 -0.956582 -0.462709 0.966717 0.25421 0.0288934 0.496259 -0.0146319 -0.994396 -0.104705 0.386637 -0.155865 0.105705 -0.982106 -0.491645 0.98767 0.00194983 -0.156539 0.441138 
0.172804 -0.930364 0.32336 0.0915002 0.342206 -0.251137 -0.905442 -0.442024 0.923598 0.26712 0.274978 0.490731 -0.0146165 -0.994397 -0.104694 0.386666 -0.155846 0.105691 -0.982111 -0.491671 0.987673 0.00196104 -0.156517 0.441139 
0.105868 -0.934412 0.340098 -0.00739012 0.562466 -0.225775 -0.795398 -0.416777 0.820015 0.2755 0.501672 0.477625 -0.0146012 -0.994399 -0.104682 0.386695 -0.155826 0.105677 -0.982115 -0.491698 0.987677 0.0019721 -0.156496 0.44114 
0.037086 -0.940089 0.338905 -0.105106 0.748833 -0.198426 -0.632358 -0.389456 0.66172 0.277235 0.696611 0.463668 -0.0145858 -0.9944 -0.10467 0.386724 -0.155806 0.105663 -0.98212 -0.491724 0.98768 0.0019833 -0.156475 0.441142 
-0.0282738 -0.94676 0.320695 -0.20285 0.887792 -0.171221 -0.42721 -0.361414 0.459375 0.272632 0.845368 0.450091 -0.01457 -0.994401 -0.104659 0.386753 -0.155786 0.105649 -0.982125 -0.49175 0.987683 0.00199494 -0.156454 0.441143 
-0.0865124 -0.954088 0.286761 -0.29974 0.970205 -0.146073 -0.193302 -0.333398 0.226315 0.261494 0.938298 0.437002 -0.0145551 -0.994403 -0.104647 0.386782 -0.155767 0.105635 -0.982129 -0.491776 0.987687 0.00200558 -0.156432 0.441144 
-0.134289 -0.961478 0.239848 -0.392664 0.990685 -0.124754 0.0545793 -0.306424 -0.0225549 0.244943 0.969275 0.424256 -0.0145405 -0.994404 -0.104635 0.386809 -0.155747 0.105621 -0.982134 -0.491798 0.98769 0.00201592 -0.156411 0.441146 
-0.169662 -0.968024 0.184782 -0.471246 0.948411 -0.109424 0.297563 -0.28492 -0.267828 0.225735 0.936649 0.406275 -0.0145253 -0.994406 -0.104623 0.386832 -0.155728 0.105607 -0.982139 -0.491812 0.987693 0.00202688 -0.15639 0.441148 
-0.169662 -0.968024 0.184782 -0.471246 0.948411 -0.109424 0.297563 -0.28492 -0.267828 0.225735 0.936649 0.406275 -0.0146635 -0.994393 -0.10473 0.386577 -0.155905 0.105734 -0.982097 -0.491591 0.987663 0.00192696 -0.156581 0.441136 
0.283168 -0.929229 0.237379 0.203595 -0.111528 -0.277734 -0.954162 -0.479275 0.952564 0.243714 -0.182281 0.496513 -0.0146475 -0.994394 -0.104717 0.386606 -0.155885 0.105719 -0.982102 -0.491618 0.987667 0.00193845 -0.15656 0.441137 
0.235269 -0.927649 0.290026 0.180985 0.10053 -0.273576 -0.956582 -0.462709 0.966717 0.25421 0.0288926 0.496259 -0.014632 -0.994396 -0.104705 0.386636 -0.155865 0.105705 -0.982106 -0.491645 0.98767 0.00194981 -0.156539 0.441138 
0.172804 -0.930364 0.32336 0.0914993 0.342205 -0.251137 -0.905442 -0.442025 0.923599 0.26712 0.274978 0.490731 -0.0146165 -0.994397 -0.104694 0.386665 -0.155846 0.105691 -0.982111 -0.491671 0.987673 0.00196104 -0.156517 0.441139 
0.105868 -0.934412 0.340098 -0.00739056 0.562466 -0.225775 -0.795398 -0.416777 0.820015 0.275501 0.501672 0.477625 -0.0146012 -0.994399 -0.104682 0.386694 -0.155826 0.105677 -0.982115 -0.491698 0.987677 0.00197211 -0.156496 0.44114 
0.037086 -0.940089 0.338905 -0.105107 0.748833 -0.198426 -0.632358 -0.389457 0.66172 0.277235 0.696611 0.463669 -0.0145858 -0.9944 -0.10467 0.386724 -0.155806 0.105663 -0.98212 -0.491724 0.98768 0.0019833 -0.156475 0.441142 
-0.0282737 -0.94676 0.320695 -0.202851 0.887792 -0.171221 -0.42721 -0.361414 0.459375 0.272632 0.845368 0.450092 -0.01457 -0.994401 -0.104659 0.386753 -0.155786 0.105649 -0.982125 -0.49175 0.987683 0.00199494 -0.156454 0.441143 
-0.0865124 -0.954088 0.286762 -0.299741 0.970205 -0.146073 -0.193302 -0.333399 0.226315 0.261494 0.938297 0.437004 -0.0145551 -0.994403 -0.104647 0.386782 -0.155767 0.105635 -0.982129 -0.491776 0.987687 0.00200558 -0.156432 0.441144 
-0.13429 -0.961478 0.239848 -0.392664 0.990685 -0.124754 0.0545793 -0.306425 -0.0225549 0.244943 0.969275 0.424256 -0.0145405 -0.994404 -0.104635 0.386809 -0.155747 0.105621 -0.982134 -0.491798 0.98769 0.00201592 -0.156411 0.441146 
-0.169662 -0.968024 0.184783 -0.471246 0.948411 -0.109424 0.297563 -0.28492 -0.267828 0.225735 0.936649 0.406275 -0.0145253 -0.994406 -0.104623 0.386832 -0.155728 0.105607 -0.982139 -0.491812 0.987693 0.00202688 -0.15639 0.441148 
-0.169662 -0.968024 0.184783 -0.471246 0.948411 -0.109424 0.297563 -0.28492 -0.267828 0.225735 0.936649 0.406275 -0.0146635 -0.994393 -0.10473 0.386578 -0.155905 0.105734 -0.982097 -0.491591 0.987663 0.00192693 -0.156581 0.441136 
0.283169 -0.929229 0.237379 0.203594 -0.111529 -0.277735 -0.954162 -0.479274 0.952563 0.243714 -0.182281 0.496512 -0.0146474 -0.994394 -0.104717 0.386607 -0.155885 0.105719 -0.982102 -0.491618 0.987667 0.00193859 -0.15656 0.441137 
0.235269 -0.927649 0.290026 0.180985 0.10053 -0.273576 -0.956582 -0.462709 0.966717 0.254211 0.0288922 0.49626 -0.0146319 -0.994396 -0.104705 0.386637 -0.155865 0.105705 -0.982106 -0.491645 0.98767 0.00194983 -0.156539 0.441138 
0.172805 -0.930364 0.32336 0.0914989 0.342205 -0.251137 -0.905442 -0.442025 0.923599 0.26712 0.274977 0.490731 -0.0146165 -0.994397 -0.104694 0.386666 -0.155846 0.105691 -0.982111 -0.491671 0.987673 0.00196104 -0.156517 0.441139 
0.105868 -0.934412 0.340098 -0.00739079 0.562466 -0.225775 -0.795398 -0.416778 0.820015 0.275501 0.501672 0.477626 -0.0146012 -0.994399 -0.104682 0.386695 -0.155826 0.105677 -0.982115 -0.491698 0.987677 0.0019721 -0.156496 0.44114 
0.0370861 -0.940089 0.338905 -0.105107 0.748833 -0.198426 -0.632358 -0.389457 0.66172 0.277235 0.696611 0.46367 -0.0145858 -0.9944 -0.10467 0.386724 -0.155806 0.105663 -0.98212 -0.491724 0.98768 0.0019833 -0.156475 0.441142 
-0.0282737 -0.94676 0.320695 -0.202851 0.887792 -0.171221 -0.42721 -0.361414 0.459375 0.272632 0.845368 0.450092 -0.01457 -0.994401 -0.104659 0.386753 -0.155786 0.105649 -0.982125 -0.49175 0.987683 0.00199494 -0.156454 0.441143 
-0.0865124 -0.954088 0.286762 -0.299741 0.970205 -0.146073 -0.193302 -0.333399 0.226315 0.261495 0.938297 0.437004 -0.0145551 -0.994403 -0.104647 0.386782 -0.155767 0.105635 -0.982129 -0.491776 0.987687 0.00200558 -0.156432 0.441144 
-0.13429 -0.961478 0.239848 -0.392664 0.990685 -0.124754 0.0545794 -0.306425 -0.0225549 0.244944 0.969275 0.424256 -0.0145405 -0.994404 -0.104635 0.386809 -0.155747 0.105621 -0.982134 -0.491798 0.98769 0.00201592 -0.156411 0.441146 
-0.169662 -0.968024 0.184783 -0.471246 0.948411 -0.109424 0.297563 -0.284921 -0.267828 0.225735 0.936649 0.406274 -0.0145253 -0.994406 -0.104623 0.386832 -0.155728 0.105607 -0.982139 -0.491812 0.987693 0.00202688 -0.15639 0.441148 
-0.169662 -0.968024 0.184783 -0.471246 0.948411 -0.109424 0.297563 -0.284921 -0.267828 0.225735 0.936649 0.406274 -0.0146636 -0.994393 -0.10473 0.386578 -0.155905 0.105734 -0.982097 -0.491591 0.987663 0.00192682 -0.156581 0.441136 
0.283169 -0.929229 0.237379 0.203594 -0.111529 -0.277735 -0.954162 -0.479273 0.952563 0.243714 -0.182282 0.496512 -0.0146474 -0.994394 -0.104717 0.386607 -0.155885 0.105719 -0.982102 -0.491618 0.987667 0.00193857 -0.15656 0.441137 
0.235269 -0.927649 0.290026 0.180984 0.10053 -0.273576 -0.956582 -0.462709 0.966717 0.254211 0.028892 0.49626 -0.0146319 -0.994396 -0.104705 0.386637 -0.155865 0.105705 -0.982106 -0.491645 0.98767 0.00194982 -0.156539 0.441138 
0.172805 -0.930364 0.32336 0.0914986 0.342205 -0.251137 -0.905442 -0.442025 0.923599 0.26712 0.274977 0.490732 -0.0146165 -0.994397 -0.104694 0.386666 -0.155846 0.105691 -0.982111 -0.491671 0.987673 0.00196104 -0.156517 0.441139 
0.105868 -0.934412 0.340098 -0.00739091 0.562466 -0.225775 -0.795398 -0.416778 0.820015 0.275501 0.501672 0.477626 -0.0146012 -0.994399 -0.104682 0.386695 -0.155826 0.105677 -0.982115 -0.491698 0.987677 0.0019721 -0.156496 0.44114 
0.0370861 -0.940089 0.338905 -0.105107 0.748833 -0.198426 -0.632358 -0.389457 0.66172 0.277235 0.696611 0.46367 -0.0145858 -0.9944 -0.10467 0.386724 -0.155806 0.105663 -0.98212 -0.491724 0.98768 0.0019833 -0.156475 0.441142 
-0.0282737 -0.94676 0.320695 -0.202851 0.887792 -0.171221 -0.42721 -0.361414 0.459375 0.272632 0.845368 0.450093 -0.01457 -0.994401 -0.104659 0.386753 -0.155786 0.105649 -0.982125 -0.49175 0.987683 0.00199494 -0.156454 0.441143 
-0.0865124 -0.954088 0.286762 -0.299741 0.970205 -0.146073 -0.193302 -0.333399 0.226315 0.261495 0.938297 0.437004 -0.0145551 -0.994403 -0.104647 0.386782 -0.155767 0.105635 -0.982129 -0.491776 0.987687 0.00200558 -0.156432 0.441144 
-0.13429 -0.961478 0.239848 -0.392664 0.990685 -0.124754 0.0545794 -0.306425 -0.0225549 0.244944 0.969275 0.424256 -0.0145405 -0.994404 -0.104635 0.386809 -0.155747 0.105621 -0.982134 -0.491798 0.98769 0.00201592 -0.156411 0.441146 
-0.169662 -0.968024 0.184783 -0.471247 0.948411 -0.109424 0.297563 -0.284921 -0.267828 0.225735 0.936649 0.406274 -0.0145253 -0.994406 -0.104623 0.386832 -0.155728 0.105607 -0.982139 -0.491812 0.987693 0.00202688 -0.15639 0.441148 
-0.169662 -0.968024 0.184783 -0.471247 0.948411 -0.109424 0.297563 -0.284921 -0.267828 0.225735 0.936649 0.406274 -0.0146635 -0.994393 -0.10473 0.386578 -0.155905 0.105734 -0.982097 -0.491591 0.987663 0.00192694 -0.156581 0.441136 
0.283169 -0.929229 0.237379 0.203594 -0.111529 -0.277735 -0.954162 -0.479273 0.952563 0.243715 -0.182282 0.496511 -0.0146474 -0.994394 -0.104717 0.386607 -0.155885 0.105719 -0.982102 -0.491618 0.987667 0.0019386 -0.15656 0.441137 
0.235269 -0.927649 0.290026 0.180984 0.100529 -0.273576 -0.956582 -0.462709 0.966717 0.254211 0.0288919 0.49626 -0.0146319 -0.994396 -0.104705 0.386637 -0.155865 0.105705 -0.982106 -0.491645 0.98767 0.00194983 -0.156539 0.441138 
