1535146954765 0.218299 0.915856 -0.336977 -0.581048 -0.941926 0.288038 0.172653 -0.221986 0.255188 0.279718 0.925547 0.412054 0.16008 -0.304787 0.938871 0.370831 -0.775623 0.549475 0.310623 -0.528794 -0.61056 -0.777934 -0.14844 0.432481 
1535146954778 0.347653 0.881809 -0.318669 -0.522943 -0.903565 0.405852 0.13731 -0.199787 0.250414 0.240202 0.937868 0.370849 0.316221 -0.384863 0.867113 0.400797 -0.930002 -0.306262 0.203223 -0.504308 0.187351 -0.87068 -0.45477 0.485869 
1535146956537 0.470707 0.831337 -0.29549 -0.464838 -0.848989 0.517928 0.104732 -0.177589 0.240109 0.20157 0.949588 0.329643 0.316221 -0.384863 0.867113 0.400797 -0.930002 -0.306262 0.203223 -0.504308 0.187351 -0.87068 -0.45477 0.485869 
