1534349859282 -0.241478 0.899297 -0.364627 -0.471695 -0.967158 -0.253753 0.0146674 -0.262122 -0.0793348 0.356193 0.931038 0.368153 0.16008 -0.304787 0.938871 0.370831 -0.775623 0.549475 0.310623 -0.528794 -0.61056 -0.777934 -0.14844 0.432481 
1534349859295 -0.204882 0.900255 -0.384142 -0.48592 -0.977756 -0.20625 0.0381285 -0.258381 -0.0449039 0.383409 0.922486 0.37367 0.316241 -0.38488 0.867098 0.400864 -0.930001 -0.306251 0.203246 -0.504429 0.187325 -0.870677 -0.454788 0.485926 
1534349860010 -0.168651 0.89894 -0.404306 -0.500146 -0.985631 -0.157705 0.0605003 -0.254639 -0.00937475 0.4087 0.912621 0.379187 0.316241 -0.38488 0.867098 0.400864 -0.930001 -0.306251 0.203246 -0.504429 0.187325 -0.870677 -0.454788 0.485926 
1534349860710 -0.132905 0.895359 -0.425051 -0.514371 -0.990757 -0.108277 0.0817082 -0.250898 0.027135 0.431982 0.901474 0.384704 0.316241 -0.38488 0.867098 0.400864 -0.930001 -0.306251 0.203246 -0.504429 0.187325 -0.870677 -0.454788 0.485926 
1534349861400 -0.097762 0.889522 -0.44631 -0.528595 -0.993117 -0.0581296 0.101681 -0.247156 0.064504 0.453179 0.889083 0.390222 0.316241 -0.38488 0.867098 0.400864 -0.930001 -0.306251 0.203246 -0.504429 0.187325 -0.870677 -0.454788 0.485926 
1534349862080 -0.0633401 0.88145 -0.468011 -0.542819 -0.992703 -0.00743163 0.120355 -0.243414 0.102609 0.472219 0.875489 0.395739 0.316241 -0.38488 0.867098 0.400864 -0.930001 -0.306251 0.203246 -0.504429 0.187325 -0.870677 -0.454788 0.485926 
1534349862757 -0.0297521 0.871168 -0.490082 -0.557043 -0.989517 0.0436506 0.137665 -0.239672 0.141322 0.48904 0.860737 0.401256 0.316241 -0.38488 0.867098 0.400864 -0.930001 -0.306251 0.203246 -0.504429 0.187325 -0.870677 -0.454788 0.485926 
1534349862763 0.00289009 0.858712 -0.512451 -0.571266 -0.983568 0.094947 0.153555 -0.23593 0.180515 0.503586 0.844876 0.406774 0.316241 -0.38488 0.867098 0.400864 -0.930001 -0.306251 0.203246 -0.504429 0.187325 -0.870677 -0.454788 0.485926 
1534349863745 0.0344781 0.844122 -0.535042 -0.585488 -0.974877 0.146287 0.167972 -0.232187 0.220059 0.515809 0.827958 0.412291 0.316241 -0.38488 0.867098 0.400864 -0.930001 -0.306251 0.203246 -0.504429 0.187325 -0.870677 -0.454788 0.485926 
1534349864454 0.0649731 0.827419 -0.557814 -0.599177 -0.963472 0.197555 0.180815 -0.228187 0.259808 0.52569 0.810031 0.417878 0.316531 -0.385118 0.866887 0.401814 -0.929976 -0.306103 0.20358 -0.50615 0.186955 -0.870623 -0.455042 0.486735 
1534349865192 0.0637724 0.827895 -0.557247 -0.598867 -0.963879 0.195786 0.180569 -0.228154 0.258594 0.525603 0.810476 0.417643 0.316531 -0.385118 0.866887 0.401814 -0.929976 -0.306103 0.20358 -0.50615 0.186955 -0.870623 -0.455042 0.486735 
1534349865205 0.0668656 0.826075 -0.559579 -0.600375 -0.962558 0.201068 0.181808 -0.22781 0.2627 0.52647 0.80859 0.418211 0.316221 -0.384863 0.867113 0.400797 -0.930002 -0.306262 0.203223 -0.504308 0.187351 -0.87068 -0.45477 0.485869 
1534349865212 0.0699442 0.824235 -0.561911 -0.601884 -0.961208 0.206346 0.183029 -0.227465 0.266807 0.527312 0.806694 0.418779 0.316221 -0.384863 0.867113 0.400797 -0.930002 -0.306262 0.203223 -0.504308 0.187351 -0.87068 -0.45477 0.485869 
1534349865562 0.0730094 0.822373 -0.564245 -0.603392 -0.959831 0.211619 0.184235 -0.227121 0.270915 0.528128 0.804789 0.419347 0.316221 -0.384863 0.867113 0.400797 -0.930002 -0.306262 0.203223 -0.504308 0.187351 -0.87068 -0.45477 0.485869 
1534349865820 0.0760609 0.82049 -0.566578 -0.6049 -0.958424 0.216889 0.185423 -0.226777 0.275023 0.528919 0.802874 0.419915 0.316221 -0.384863 0.867113 0.400797 -0.930002 -0.306262 0.203223 -0.504308 0.187351 -0.87068 -0.45477 0.485869 
1534349866077 0.0790989 0.818585 -0.568913 -0.606408 -0.95699 0.222155 0.186595 -0.226432 0.279131 0.529685 0.80095 0.420483 0.316221 -0.384863 0.867113 0.400797 -0.930002 -0.306262 0.203223 -0.504308 0.187351 -0.87068 -0.45477 0.485869 
1534349866335 0.0821228 0.816659 -0.571248 -0.607917 -0.955527 0.227417 0.18775 -0.226088 0.283239 0.530424 0.799016 0.421051 0.316221 -0.384863 0.867113 0.400797 -0.930002 -0.306262 0.203223 -0.504308 0.187351 -0.87068 -0.45477 0.485869 
1534349866591 0.085133 0.814711 -0.573583 -0.609425 -0.954035 0.232675 0.188888 -0.225743 0.287348 0.531138 0.797072 0.421619 0.316221 -0.384863 0.867113 0.400797 -0.930002 -0.306262 0.203223 -0.504308 0.187351 -0.87068 -0.45477 0.485869 
1534349866858 0.0881297 0.812743 -0.575919 -0.610933 -0.952516 0.237929 0.190009 -0.225399 0.291456 0.531827 0.795119 0.422187 0.316221 -0.384863 0.867113 0.400797 -0.930002 -0.306262 0.203223 -0.504308 0.187351 -0.87068 -0.45477 0.485869 
1534349867104 0.0911118 0.810753 -0.578255 -0.612441 -0.950968 0.243177 0.191113 -0.225055 0.295564 0.532489 0.793156 0.422755 0.316221 -0.384863 0.867113 0.400797 -0.930002 -0.306262 0.203223 -0.504308 0.187351 -0.87068 -0.45477 0.485869 
1534349867371 0.0902417 0.811209 -0.577752 -0.612088 -0.951335 0.241846 0.190977 -0.225104 0.294649 0.532401 0.793556 0.422625 0.316221 -0.384863 0.867113 0.400797 -0.930002 -0.306262 0.203223 -0.504308 0.187351 -0.87068 -0.45477 0.485869 
1534349867382 0.0907553 0.81154 -0.577205 -0.612177 -0.951092 0.242481 0.191381 -0.225114 0.295275 0.531606 0.793856 0.422516 0.31622 -0.384863 0.867113 0.400795 -0.930002 -0.306262 0.203222 -0.504304 0.187351 -0.87068 -0.454769 0.485867 
1534349867530 0.0912686 0.811873 -0.576657 -0.612269 -0.950849 0.243114 0.191787 -0.225125 0.2959 0.530809 0.794157 0.422406 0.31622 -0.384863 0.867113 0.400795 -0.930002 -0.306262 0.203222 -0.504304 0.187351 -0.87068 -0.454769 0.485867 
1534349867560 0.0917827 0.812204 -0.576108 -0.612362 -0.950604 0.243748 0.192193 -0.225137 0.296525 0.530011 0.794456 0.422297 0.31622 -0.384863 0.867113 0.400795 -0.930002 -0.306262 0.203222 -0.504304 0.187351 -0.87068 -0.454769 0.485867 
1534349867566 0.0922971 0.812534 -0.57556 -0.612455 -0.95036 0.244381 0.192599 -0.225149 0.297149 0.529213 0.794756 0.422187 0.31622 -0.384863 0.867113 0.400795 -0.930002 -0.306262 0.203222 -0.504304 0.187351 -0.87068 -0.454769 0.485867 
1534349867708 0.0928125 0.812864 -0.575012 -0.612549 -0.950114 0.245014 0.193005 -0.225161 0.297773 0.528414 0.795054 0.422077 0.31622 -0.384863 0.867113 0.400795 -0.930002 -0.306262 0.203222 -0.504304 0.187351 -0.87068 -0.454769 0.485867 
1534349867744 0.0933272 0.813193 -0.574463 -0.612641 -0.949868 0.245645 0.193413 -0.225173 0.298396 0.527614 0.795351 0.421967 0.31622 -0.384863 0.867113 0.400795 -0.930002 -0.306262 0.203222 -0.504304 0.187351 -0.87068 -0.454769 0.485867 
1534349867856 0.0938433 0.81352 -0.573915 -0.612735 -0.949622 0.246277 0.19382 -0.225185 0.299018 0.526813 0.795648 0.421857 0.31622 -0.384863 0.867113 0.400795 -0.930002 -0.306262 0.203222 -0.504304 0.187351 -0.87068 -0.454769 0.485867 
1534349867895 0.0943595 0.813848 -0.573366 -0.612827 -0.949375 0.246908 0.194227 -0.225197 0.29964 0.526012 0.795944 0.421748 0.31622 -0.384863 0.867113 0.400795 -0.930002 -0.306262 0.203222 -0.504304 0.187351 -0.87068 -0.454769 0.485867 
1534349868009 0.0948753 0.814174 -0.572817 -0.61292 -0.949127 0.247538 0.194636 -0.225208 0.300262 0.52521 0.79624 0.421638 0.31622 -0.384863 0.867113 0.400795 -0.930002 -0.306262 0.203222 -0.504304 0.187351 -0.87068 -0.454769 0.485867 
1534349868055 0.0940681 0.813639 -0.57371 -0.612777 -0.949483 0.246614 0.194068 -0.225216 0.299387 0.526473 0.795735 0.421782 0.31622 -0.384863 0.867113 0.400795 -0.930002 -0.306262 0.203222 -0.504304 0.187351 -0.87068 -0.454769 0.485867 
1534349868068 0.0939871 0.813612 -0.573761 -0.612794 -0.949374 0.246767 0.194407 -0.225345 0.299757 0.526443 0.795615 0.421773 0.31622 -0.384863 0.867113 0.400795 -0.930002 -0.306262 0.203222 -0.504304 0.187351 -0.87068 -0.454769 0.485867 
1534349868085 0.0939058 0.813585 -0.573812 -0.612816 -0.949265 0.24692 0.194748 -0.225476 0.30013 0.526412 0.795495 0.421763 0.31622 -0.384863 0.867113 0.400795 -0.930002 -0.306262 0.203222 -0.504304 0.187351 -0.87068 -0.454769 0.485867 
1534349868091 0.0938246 0.813559 -0.573863 -0.612838 -0.949155 0.247073 0.195088 -0.225607 0.300502 0.526381 0.795375 0.421753 0.31622 -0.384863 0.867113 0.400795 -0.930002 -0.306262 0.203222 -0.504304 0.187351 -0.87068 -0.454769 0.485867 
1534349868260 0.0937441 0.813532 -0.573915 -0.61286 -0.949045 0.247226 0.195428 -0.225739 0.300873 0.526351 0.795255 0.421743 0.31622 -0.384863 0.867113 0.400795 -0.930002 -0.306262 0.203222 -0.504304 0.187351 -0.87068 -0.454769 0.485867 
1534349868273 0.0936623 0.813505 -0.573965 -0.612881 -0.948935 0.247379 0.195769 -0.225869 0.301245 0.52632 0.795134 0.421734 0.31622 -0.384863 0.867113 0.400795 -0.930002 -0.306262 0.203222 -0.504304 0.187351 -0.87068 -0.454769 0.485867 
1534349868290 0.0935816 0.813479 -0.574017 -0.612904 -0.948825 0.247532 0.196108 -0.226001 0.301617 0.526289 0.795014 0.421724 0.31622 -0.384863 0.867113 0.400795 -0.930002 -0.306262 0.203222 -0.504304 0.187351 -0.87068 -0.454769 0.485867 
1534349868361 0.0934997 0.813452 -0.574067 -0.612925 -0.948715 0.247684 0.196449 -0.226131 0.301989 0.526258 0.794893 0.421714 0.31622 -0.384863 0.867113 0.400795 -0.930002 -0.306262 0.203222 -0.504304 0.187351 -0.87068 -0.454769 0.485867 
1534349868403 0.0934189 0.813426 -0.574118 -0.612948 -0.948605 0.247838 0.196788 -0.226263 0.302361 0.526228 0.794772 0.421704 0.31622 -0.384863 0.867113 0.400795 -0.930002 -0.306262 0.203222 -0.504304 0.187351 -0.87068 -0.454769 0.485867 
1534349868433 0.0933377 0.813399 -0.574169 -0.612969 -0.948494 0.247991 0.197128 -0.226394 0.302733 0.526197 0.794651 0.421694 0.31622 -0.384863 0.867113 0.400795 -0.930002 -0.306262 0.203222 -0.504304 0.187351 -0.87068 -0.454769 0.485867 
1534349868475 0.0934786 0.813586 -0.573881 -0.612896 -0.948843 0.247403 0.196186 -0.225941 0.301594 0.526183 0.795093 0.421757 0.31622 -0.384863 0.867113 0.400795 -0.930002 -0.306262 0.203222 -0.504304 0.187351 -0.87068 -0.454769 0.485867 
1534349868487 0.0930057 0.813524 -0.574047 -0.612803 -0.948809 0.247202 0.196604 -0.2262 0.301848 0.526375 0.794869 0.421776 0.31622 -0.384863 0.867113 0.400795 -0.930002 -0.306262 0.203222 -0.504304 0.187351 -0.87068 -0.45477 0.485867 
1534349868505 0.0925309 0.813461 -0.574212 -0.612715 -0.948774 0.246999 0.197024 -0.226462 0.302101 0.526567 0.794646 0.421794 0.31622 -0.384863 0.867113 0.400795 -0.930002 -0.306262 0.203222 -0.504304 0.187351 -0.87068 -0.45477 0.485867 
1534349868511 0.0920562 0.813398 -0.574377 -0.612627 -0.94874 0.246797 0.197443 -0.226724 0.302354 0.526759 0.794423 0.421812 0.31622 -0.384863 0.867113 0.400795 -0.930002 -0.306262 0.203222 -0.504304 0.187351 -0.87068 -0.45477 0.485867 
1534349868676 0.091582 0.813335 -0.574542 -0.612539 -0.948705 0.246595 0.197862 -0.226986 0.302607 0.52695 0.794199 0.421831 0.31622 -0.384863 0.867113 0.400795 -0.930002 -0.306262 0.203222 -0.504304 0.187351 -0.87068 -0.45477 0.485867 
1534349868758 0.0911067 0.813272 -0.574706 -0.61245 -0.94867 0.246392 0.198282 -0.227247 0.30286 0.527142 0.793975 0.421849 0.31622 -0.384863 0.867113 0.400795 -0.930002 -0.306262 0.203222 -0.504304 0.187351 -0.87068 -0.45477 0.485867 
1534349868865 0.0906323 0.813209 -0.574871 -0.612362 -0.948635 0.24619 0.1987 -0.22751 0.303113 0.527334 0.793752 0.421867 0.31622 -0.384863 0.867113 0.400795 -0.930002 -0.306262 0.203222 -0.504304 0.187351 -0.87068 -0.45477 0.485867 
1534349868943 0.0901568 0.813146 -0.575035 -0.612273 -0.9486 0.245987 0.19912 -0.227771 0.303365 0.527526 0.793528 0.421886 0.31622 -0.384863 0.867113 0.400795 -0.930002 -0.306262 0.203222 -0.504304 0.187351 -0.87068 -0.45477 0.485867 
1534349868949 0.0896819 0.813083 -0.575199 -0.612184 -0.948564 0.245785 0.199539 -0.228032 0.303618 0.527718 0.793303 0.421904 0.31622 -0.384863 0.867113 0.400795 -0.930002 -0.306262 0.203222 -0.504304 0.187351 -0.87068 -0.45477 0.485867 
1534349869097 0.0892073 0.813019 -0.575363 -0.612097 -0.948528 0.245584 0.199958 -0.228295 0.30387 0.52791 0.793079 0.421922 0.31622 -0.384863 0.867113 0.400795 -0.930002 -0.306262 0.203222 -0.504304 0.187351 -0.87068 -0.45477 0.485867 
1534349869196 0.0896226 0.8131 -0.575184 -0.612198 -0.948571 0.245732 0.199573 -0.227978 0.303614 0.527716 0.793306 0.421866 0.31622 -0.384863 0.867113 0.400795 -0.930002 -0.306262 0.203222 -0.504304 0.187351 -0.87068 -0.45477 0.485867 
1534349869207 0.0893278 0.813065 -0.575279 -0.611932 -0.948602 0.245511 0.199695 -0.228093 0.303602 0.527873 0.793206 0.421901 0.31622 -0.384863 0.867113 0.400795 -0.930002 -0.306262 0.203222 -0.504304 0.187351 -0.87068 -0.45477 0.485867 
1534349869224 0.0890346 0.813029 -0.575375 -0.611663 -0.948634 0.245292 0.199814 -0.228206 0.303589 0.52803 0.793107 0.421937 0.31622 -0.384863 0.867113 0.400795 -0.930002 -0.306262 0.203222 -0.504304 0.187351 -0.87068 -0.45477 0.485867 
1534349869362 0.0887413 0.812994 -0.575471 -0.611393 -0.948666 0.245072 0.199934 -0.228319 0.303576 0.528187 0.793007 0.421973 0.31622 -0.384863 0.867113 0.400795 -0.930002 -0.306262 0.203222 -0.504304 0.187351 -0.87068 -0.45477 0.485867 
1534349869399 0.0884485 0.812958 -0.575566 -0.611125 -0.948697 0.244852 0.200053 -0.228432 0.303563 0.528344 0.792907 0.422009 0.31622 -0.384863 0.867113 0.400795 -0.930002 -0.306262 0.203222 -0.504304 0.187351 -0.87068 -0.45477 0.485867 
1534349869519 0.0881546 0.812922 -0.575662 -0.610855 -0.948729 0.244632 0.200173 -0.228545 0.30355 0.528501 0.792808 0.422045 0.31622 -0.384863 0.867113 0.400795 -0.930002 -0.306262 0.203222 -0.504304 0.187351 -0.87068 -0.45477 0.485867 
1534349869567 0.0878619 0.812886 -0.575758 -0.610586 -0.94876 0.244413 0.200292 -0.228658 0.303537 0.528658 0.792708 0.42208 0.31622 -0.384863 0.867113 0.400795 -0.930002 -0.306262 0.203222 -0.504304 0.187351 -0.87068 -0.45477 0.485867 
1534349869678 0.0875681 0.81285 -0.575853 -0.610316 -0.948791 0.244193 0.200413 -0.228771 0.303524 0.528814 0.792609 0.422116 0.31622 -0.384863 0.867113 0.400795 -0.930002 -0.306262 0.203222 -0.504304 0.187351 -0.87068 -0.45477 0.485867 
1534349869725 0.0872746 0.812814 -0.575948 -0.610047 -0.948822 0.243973 0.200532 -0.228884 0.303511 0.528971 0.792509 0.422152 0.31622 -0.384863 0.867113 0.400795 -0.930002 -0.306262 0.203222 -0.504304 0.187351 -0.87068 -0.45477 0.485867 
1534349869832 0.0869819 0.812778 -0.576044 -0.609778 -0.948854 0.243753 0.200652 -0.228997 0.303498 0.529128 0.792409 0.422188 0.31622 -0.384863 0.867113 0.400795 -0.930002 -0.306262 0.203222 -0.504304 0.187351 -0.87068 -0.45477 0.485867 
1534349869888 0.0872634 0.812781 -0.575996 -0.610171 -0.94883 0.243964 0.200507 -0.228768 0.303491 0.529026 0.792481 0.422088 0.31622 -0.384863 0.867113 0.400795 -0.930002 -0.306262 0.203222 -0.504304 0.187351 -0.87068 -0.45477 0.485867 
1534349869902 0.0871696 0.812984 -0.575724 -0.60991 -0.948943 0.24364 0.200368 -0.228805 0.303165 0.528863 0.792714 0.42214 0.31622 -0.384863 0.867113 0.400795 -0.930002 -0.306262 0.203222 -0.504304 0.187351 -0.87068 -0.45477 0.485867 
1534349869919 0.0870766 0.813187 -0.575452 -0.609644 -0.949055 0.243317 0.200228 -0.228839 0.30284 0.5287 0.792946 0.422193 0.31622 -0.384863 0.867113 0.400795 -0.930002 -0.306262 0.203222 -0.504304 0.187351 -0.87068 -0.45477 0.485867 
1534349869981 0.0869842 0.813389 -0.57518 -0.609378 -0.949167 0.242995 0.200088 -0.228873 0.302515 0.528538 0.793179 0.422245 0.31622 -0.384863 0.867113 0.400795 -0.930002 -0.306262 0.203222 -0.504304 0.187351 -0.87068 -0.45477 0.485867 
1534349870053 0.0868918 0.813591 -0.574909 -0.609112 -0.949279 0.242672 0.199947 -0.228908 0.30219 0.528375 0.793411 0.422298 0.31622 -0.384863 0.867113 0.400795 -0.930002 -0.306262 0.203222 -0.504304 0.187351 -0.87068 -0.45477 0.485867 
1534349870123 0.0867996 0.813792 -0.574637 -0.608847 -0.949391 0.24235 0.199806 -0.228943 0.301864 0.528212 0.793643 0.42235 0.31622 -0.384863 0.867113 0.400795 -0.930002 -0.306262 0.203222 -0.504304 0.187351 -0.87068 -0.45477 0.485867 
1534349870199 0.0867063 0.813994 -0.574365 -0.608581 -0.949503 0.242028 0.199666 -0.228977 0.301539 0.528049 0.793875 0.422403 0.31622 -0.384863 0.867113 0.400795 -0.930002 -0.306262 0.203222 -0.504304 0.187351 -0.87068 -0.45477 0.485867 
1534349870266 0.0866132 0.814196 -0.574093 -0.608316 -0.949615 0.241705 0.199525 -0.229011 0.301214 0.527886 0.794107 0.422455 0.31622 -0.384863 0.867113 0.400795 -0.930002 -0.306262 0.203222 -0.504304 0.187351 -0.87068 -0.45477 0.485867 
1534349870340 0.0865209 0.814397 -0.573822 -0.608051 -0.949726 0.241383 0.199384 -0.229046 0.300889 0.527723 0.794339 0.422507 0.31622 -0.384863 0.867113 0.400795 -0.930002 -0.306262 0.203222 -0.504304 0.187351 -0.87068 -0.45477 0.485867 
1534349870347 0.0864273 0.814599 -0.57355 -0.607784 -0.949838 0.241061 0.199243 -0.22908 0.300564 0.527559 0.794571 0.42256 0.31622 -0.384863 0.867113 0.400795 -0.930002 -0.306262 0.203222 -0.504304 0.187351 -0.87068 -0.45477 0.485867 
1534349870490 0.0866048 0.814236 -0.574038 -0.608158 -0.94968 0.241571 0.199376 -0.229041 0.30101 0.527886 0.794185 0.422466 0.31622 -0.384863 0.867113 0.400795 -0.930002 -0.306262 0.203222 -0.504304 0.187351 -0.87068 -0.45477 0.485867 
1534349870500 0.0860502 0.814183 -0.574196 -0.607914 -0.949656 0.241293 0.199825 -0.229111 0.301244 0.528094 0.793958 0.422565 0.31622 -0.384863 0.867113 0.400795 -0.930002 -0.306262 0.203222 -0.504304 0.187351 -0.87068 -0.45477 0.485867 
1534349870517 0.0854959 0.814131 -0.574353 -0.607665 -0.949632 0.241015 0.200274 -0.229179 0.301477 0.528302 0.793731 0.422666 0.31622 -0.384863 0.867113 0.400795 -0.930002 -0.306262 0.203222 -0.504304 0.187351 -0.87068 -0.45477 0.485867 
1534349870601 0.0849421 0.814078 -0.57451 -0.607416 -0.949608 0.240738 0.200723 -0.229247 0.30171 0.52851 0.793504 0.422766 0.31622 -0.384863 0.867113 0.400795 -0.930002 -0.306262 0.203222 -0.504304 0.187351 -0.87068 -0.45477 0.485867 
1534349870686 0.0843884 0.814025 -0.574667 -0.607167 -0.949584 0.24046 0.201171 -0.229315 0.301943 0.528718 0.793277 0.422866 0.31622 -0.384863 0.867113 0.400795 -0.930002 -0.306262 0.203222 -0.504304 0.187351 -0.87068 -0.45477 0.485867 
1534349870747 0.083835 0.813971 -0.574824 -0.606919 -0.949559 0.240183 0.20162 -0.229384 0.302175 0.528926 0.793049 0.422965 0.31622 -0.384863 0.867113 0.400795 -0.930002 -0.306262 0.203222 -0.504304 0.187351 -0.87068 -0.45477 0.485867 
1534349870823 0.0832805 0.813918 -0.57498 -0.606669 -0.949533 0.239905 0.202069 -0.229451 0.302408 0.529134 0.792822 0.423066 0.31622 -0.384863 0.867113 0.400795 -0.930002 -0.306262 0.203222 -0.504304 0.187351 -0.87068 -0.45477 0.485867 
1534349870830 0.082727 0.813864 -0.575136 -0.606421 -0.949508 0.239628 0.202517 -0.22952 0.30264 0.529343 0.792594 0.423166 0.31622 -0.384863 0.867113 0.400795 -0.930002 -0.306262 0.203222 -0.504304 0.187351 -0.87068 -0.45477 0.485867 
1534349870977 0.0821729 0.81381 -0.575292 -0.606173 -0.949482 0.239351 0.202966 -0.229588 0.302872 0.529551 0.792366 0.423265 0.31622 -0.384863 0.867113 0.400795 -0.930002 -0.306262 0.203222 -0.504304 0.187351 -0.87068 -0.45477 0.485867 
1534349871029 0.0816183 0.813756 -0.575447 -0.605923 -0.949456 0.239073 0.203415 -0.229656 0.303104 0.529759 0.792138 0.423366 0.31622 -0.384863 0.867113 0.400795 -0.930002 -0.306262 0.203222 -0.504304 0.187351 -0.87068 -0.45477 0.485867 
1534349871131 0.0824593 0.813854 -0.575189 -0.606287 -0.949481 0.239514 0.202778 -0.229519 0.302798 0.52941 0.792489 0.423214 0.31622 -0.384863 0.867113 0.400795 -0.930002 -0.306262 0.203222 -0.504304 0.187351 -0.87068 -0.45477 0.485867 
1534349871143 0.0821682 0.81384 -0.57525 -0.606135 -0.949479 0.239343 0.20299 -0.229566 0.302883 0.529509 0.79239 0.423246 0.31622 -0.384863 0.867113 0.400795 -0.930002 -0.306262 0.203222 -0.504304 0.187351 -0.87068 -0.45477 0.485867 
1534349871159 0.0818659 0.813826 -0.575314 -0.605975 -0.949479 0.239162 0.203204 -0.229609 0.302966 0.529613 0.792289 0.423279 0.31622 -0.384863 0.867113 0.400795 -0.930002 -0.306262 0.203222 -0.504304 0.187351 -0.87068 -0.45477 0.485867 
1534349871176 0.0815636 0.813811 -0.575377 -0.605816 -0.949478 0.238981 0.203419 -0.229653 0.303049 0.529716 0.792188 0.423313 0.31622 -0.384863 0.867113 0.400795 -0.930002 -0.306262 0.203222 -0.504304 0.187351 -0.87068 -0.45477 0.485867 
1534349871193 0.0812615 0.813797 -0.57544 -0.605657 -0.949478 0.2388 0.203634 -0.229697 0.303132 0.52982 0.792087 0.423346 0.31622 -0.384863 0.867113 0.400795 -0.930002 -0.306262 0.203222 -0.504304 0.187351 -0.87068 -0.45477 0.485867 
1534349871209 0.0809597 0.813782 -0.575503 -0.605499 -0.949477 0.23862 0.203848 -0.229741 0.303214 0.529924 0.791986 0.423379 0.31622 -0.384863 0.867113 0.400795 -0.930002 -0.306262 0.203222 -0.504304 0.187351 -0.87068 -0.45477 0.485867 
1534349871354 0.080657 0.813768 -0.575566 -0.60534 -0.949476 0.238439 0.204063 -0.229784 0.303297 0.530027 0.791885 0.423413 0.31622 -0.384863 0.867113 0.400795 -0.930002 -0.306262 0.203222 -0.504304 0.187351 -0.87068 -0.45477 0.485867 
1534349871377 0.0803545 0.813753 -0.575629 -0.605181 -0.949475 0.238258 0.204278 -0.229828 0.30338 0.530131 0.791784 0.423446 0.31622 -0.384863 0.867113 0.400795 -0.930002 -0.306262 0.203222 -0.504304 0.187351 -0.87068 -0.45477 0.485867 
1534349871402 0.0800529 0.813738 -0.575692 -0.605023 -0.949475 0.238078 0.204492 -0.229873 0.303463 0.530235 0.791683 0.42348 0.31622 -0.384863 0.867113 0.400795 -0.930002 -0.306262 0.203222 -0.504304 0.187351 -0.87068 -0.45477 0.485867 
1534349871499 0.0797501 0.813724 -0.575755 -0.604863 -0.949474 0.237896 0.204708 -0.229916 0.303545 0.530338 0.791582 0.423513 0.31622 -0.384863 0.867113 0.400795 -0.930002 -0.306262 0.203222 -0.504304 0.187351 -0.87068 -0.45477 0.485867 
1534349871537 0.0803483 0.813831 -0.57552 -0.605232 -0.949479 0.238221 0.204306 -0.22976 0.303372 0.530029 0.791856 0.423509 0.31622 -0.384863 0.867113 0.400795 -0.930002 -0.306262 0.203222 -0.504304 0.187351 -0.87068 -0.45477 0.485867 
1534349871549 0.0801959 0.813961 -0.575358 -0.605119 -0.949485 0.238069 0.204453 -0.229794 0.303391 0.529898 0.791936 0.423515 0.31622 -0.384863 0.867113 0.400795 -0.930002 -0.306262 0.203222 -0.504304 0.187351 -0.87068 -0.45477 0.485867 
1534349871566 0.080045 0.81409 -0.575196 -0.605 -0.949492 0.237917 0.204598 -0.229826 0.30341 0.529767 0.792016 0.423521 0.31622 -0.384863 0.867113 0.400795 -0.930002 -0.306262 0.203222 -0.504304 0.187351 -0.87068 -0.45477 0.485867 
1534349871573 0.0798931 0.81422 -0.575033 -0.604882 -0.949499 0.237765 0.204744 -0.229859 0.303429 0.529636 0.792096 0.423528 0.31622 -0.384863 0.867113 0.400795 -0.930002 -0.306262 0.203222 -0.504304 0.187351 -0.87068 -0.45477 0.485867 
1534349871586 0.0797422 0.814349 -0.574871 -0.604766 -0.949505 0.237613 0.204889 -0.229892 0.303448 0.529505 0.792177 0.423534 0.31622 -0.384863 0.867113 0.400795 -0.930002 -0.306262 0.203222 -0.504304 0.187351 -0.87068 -0.45477 0.485867 
1534349871636 0.0795903 0.814479 -0.574709 -0.604647 -0.949512 0.237461 0.205034 -0.229923 0.303467 0.529374 0.792257 0.42354 0.31622 -0.384863 0.867113 0.400795 -0.930002 -0.306262 0.203222 -0.504304 0.187351 -0.87068 -0.45477 0.485867 
1534349871643 0.0794396 0.814608 -0.574546 -0.604531 -0.949519 0.23731 0.205179 -0.229956 0.303486 0.529243 0.792337 0.423546 0.31622 -0.384863 0.867113 0.400795 -0.930002 -0.306262 0.203222 -0.504304 0.187351 -0.87068 -0.45477 0.485867 
1534349871712 0.0792877 0.814737 -0.574384 -0.604412 -0.949525 0.237157 0.205325 -0.229988 0.303505 0.529112 0.792417 0.423553 0.31622 -0.384863 0.867113 0.400795 -0.930002 -0.306262 0.203222 -0.504304 0.187351 -0.87068 -0.45477 0.485867 
1534349871718 0.0791362 0.814867 -0.574221 -0.604295 -0.949532 0.237005 0.20547 -0.23002 0.303524 0.528981 0.792497 0.423559 0.31622 -0.384863 0.867113 0.400795 -0.930002 -0.306262 0.203222 -0.504304 0.187351 -0.87068 -0.45477 0.485867 
1534349871752 0.0789856 0.814995 -0.574059 -0.604177 -0.949538 0.236854 0.205615 -0.230053 0.303543 0.52885 0.792577 0.423565 0.31622 -0.384863 0.867113 0.400795 -0.930002 -0.306262 0.203222 -0.504304 0.187351 -0.87068 -0.45477 0.485867 
1534349871789 0.0797528 0.814418 -0.574772 -0.604588 -0.949515 0.237578 0.204884 -0.230016 0.303415 0.529414 0.79225 0.423483 0.31622 -0.384863 0.867113 0.400795 -0.930002 -0.306262 0.203222 -0.504304 0.187351 -0.87068 -0.45477 0.485867 
1534349871801 0.0796492 0.81444 -0.574755 -0.604476 -0.949516 0.237504 0.204965 -0.230023 0.303438 0.529414 0.792241 0.423483 0.31622 -0.384863 0.867113 0.400795 -0.930002 -0.306262 0.203222 -0.504304 0.187351 -0.87068 -0.45477 0.485867 
1534349871818 0.0795462 0.814461 -0.574739 -0.60436 -0.949517 0.23743 0.205045 -0.230028 0.303462 0.529414 0.792232 0.423484 0.31622 -0.384863 0.867113 0.400795 -0.930002 -0.306262 0.203222 -0.504304 0.187351 -0.87068 -0.45477 0.485867 
1534349871834 0.0794431 0.814483 -0.574723 -0.604244 -0.949519 0.237357 0.205125 -0.230032 0.303485 0.529414 0.792223 0.423484 0.31622 -0.384863 0.867113 0.400795 -0.930002 -0.306262 0.203222 -0.504304 0.187351 -0.87068 -0.45477 0.485867 
1534349871841 0.0793406 0.814504 -0.574707 -0.604129 -0.94952 0.237283 0.205205 -0.230038 0.303509 0.529415 0.792214 0.423484 0.31622 -0.384863 0.867113 0.400795 -0.930002 -0.306262 0.203222 -0.504304 0.187351 -0.87068 -0.45477 0.485867 
1534349871854 0.0792369 0.814526 -0.574691 -0.604012 -0.949521 0.237209 0.205286 -0.230042 0.303532 0.529415 0.792205 0.423485 0.31622 -0.384863 0.867113 0.400795 -0.930002 -0.306262 0.203222 -0.504304 0.187351 -0.87068 -0.45477 0.485867 
1534349871895 0.0791345 0.814547 -0.574675 -0.603897 -0.949522 0.237136 0.205365 -0.230048 0.303556 0.529415 0.792195 0.423485 0.31622 -0.384863 0.867113 0.400795 -0.930002 -0.306262 0.203222 -0.504304 0.187351 -0.87068 -0.45477 0.485867 
1534349871985 0.0790309 0.814568 -0.574659 -0.60378 -0.949523 0.237062 0.205446 -0.230052 0.303579 0.529415 0.792186 0.423486 0.31622 -0.384863 0.867113 0.400795 -0.930002 -0.306262 0.203222 -0.504304 0.187351 -0.87068 -0.45477 0.485867 
1534349872013 0.0789285 0.814589 -0.574643 -0.603665 -0.949524 0.236988 0.205525 -0.230057 0.303603 0.529416 0.792177 0.423486 0.31622 -0.384863 0.867113 0.400795 -0.930002 -0.306262 0.203222 -0.504304 0.187351 -0.87068 -0.45477 0.485867 
1534349872035 0.0788254 0.814611 -0.574627 -0.60355 -0.949525 0.236915 0.205606 -0.230063 0.303626 0.529416 0.792168 0.423487 0.31622 -0.384863 0.867113 0.400795 -0.930002 -0.306262 0.203222 -0.504304 0.187351 -0.87068 -0.45477 0.485867 
1534349872074 0.0790592 0.814534 -0.574704 -0.603931 -0.949553 0.237038 0.205331 -0.229965 0.303476 0.529479 0.792183 0.423454 0.31622 -0.384863 0.867113 0.400795 -0.930002 -0.306262 0.203222 -0.504304 0.187351 -0.87068 -0.45477 0.485867 
1534349872085 0.0789712 0.81448 -0.574792 -0.603835 -0.949575 0.236965 0.205316 -0.229966 0.303431 0.529594 0.792123 0.423474 0.31622 -0.384863 0.867113 0.400795 -0.930002 -0.306262 0.203222 -0.504304 0.187351 -0.87068 -0.45477 0.485867 
1534349872101 0.0788823 0.814427 -0.57488 -0.603735 -0.949597 0.236891 0.205301 -0.229965 0.303387 0.52971 0.792063 0.423494 0.31622 -0.384863 0.867113 0.400795 -0.930002 -0.306262 0.203222 -0.504304 0.187351 -0.87068 -0.45477 0.485867 
1534349872118 0.0787941 0.814373 -0.574968 -0.603635 -0.949618 0.236817 0.205286 -0.229964 0.303342 0.529825 0.792003 0.423514 0.31622 -0.384863 0.867113 0.400795 -0.930002 -0.306262 0.203222 -0.504304 0.187351 -0.87068 -0.45477 0.485867 
1534349872135 0.0787061 0.814319 -0.575056 -0.603534 -0.94964 0.236744 0.205271 -0.229963 0.303297 0.52994 0.791943 0.423534 0.31622 -0.384863 0.867113 0.400795 -0.930002 -0.306262 0.203222 -0.504304 0.187351 -0.87068 -0.45477 0.485867 
1534349872151 0.0786184 0.814265 -0.575145 -0.603435 -0.949662 0.236671 0.205256 -0.229962 0.303252 0.530056 0.791883 0.423554 0.31622 -0.384863 0.867113 0.400795 -0.930002 -0.306262 0.203222 -0.504304 0.187351 -0.87068 -0.45477 0.485867 
1534349872191 0.0785297 0.814212 -0.575233 -0.603334 -0.949683 0.236597 0.205241 -0.229961 0.303208 0.530171 0.791823 0.423575 0.31622 -0.384863 0.867113 0.400795 -0.930002 -0.306262 0.203222 -0.504304 0.187351 -0.87068 -0.45477 0.485867 
1534349872277 0.0784414 0.814158 -0.575321 -0.603235 -0.949705 0.236523 0.205226 -0.22996 0.303163 0.530286 0.791763 0.423595 0.31622 -0.384863 0.867113 0.400795 -0.930002 -0.306262 0.203222 -0.504304 0.187351 -0.87068 -0.45477 0.485867 
1534349872307 0.0783538 0.814104 -0.575409 -0.603135 -0.949726 0.23645 0.205211 -0.229959 0.303118 0.530402 0.791703 0.423615 0.31622 -0.384863 0.867113 0.400795 -0.930002 -0.306262 0.203222 -0.504304 0.187351 -0.87068 -0.45477 0.485867 
1534349872333 0.0782652 0.81405 -0.575497 -0.603034 -0.949748 0.236376 0.205196 -0.229958 0.303074 0.530517 0.791642 0.423635 0.31622 -0.384863 0.867113 0.400795 -0.930002 -0.306262 0.203222 -0.504304 0.187351 -0.87068 -0.45477 0.485867 
1534349872377 0.0785343 0.81409 -0.575404 -0.603321 -0.949677 0.236653 0.205204 -0.229968 0.303226 0.530332 0.791708 0.423499 0.31622 -0.384863 0.867113 0.400795 -0.930002 -0.306262 0.203222 -0.504304 0.187351 -0.87068 -0.45477 0.485867 
1534349872388 0.0785203 0.814186 -0.57527 -0.603243 -0.949691 0.236586 0.205217 -0.229968 0.303185 0.530215 0.791802 0.423469 0.31622 -0.384863 0.867113 0.400795 -0.930002 -0.306262 0.203222 -0.504304 0.187351 -0.87068 -0.45477 0.485867 
1534349872405 0.0785071 0.814281 -0.575138 -0.60316 -0.949705 0.23652 0.205229 -0.229965 0.303145 0.530099 0.791895 0.423439 0.31622 -0.384863 0.867113 0.400795 -0.930002 -0.306262 0.203222 -0.504304 0.187351 -0.87068 -0.45477 0.485867 
1534349872422 0.0784938 0.814375 -0.575006 -0.603077 -0.949719 0.236453 0.205241 -0.229963 0.303105 0.529984 0.791988 0.42341 0.31622 -0.384863 0.867113 0.400795 -0.930002 -0.306262 0.203222 -0.504304 0.187351 -0.87068 -0.45477 0.485867 
1534349872439 0.0784809 0.81447 -0.574873 -0.602996 -0.949733 0.236387 0.205252 -0.229961 0.303064 0.529868 0.792081 0.42338 0.31622 -0.384863 0.867113 0.400795 -0.930002 -0.306262 0.203222 -0.504304 0.187351 -0.87068 -0.45477 0.485867 
1534349872514 0.0784669 0.814565 -0.574741 -0.602913 -0.949747 0.23632 0.205265 -0.229958 0.303024 0.529752 0.792174 0.423351 0.31622 -0.384863 0.867113 0.400795 -0.930002 -0.306262 0.203222 -0.504304 0.187351 -0.87068 -0.45477 0.485867 
1534349872533 0.0784542 0.814659 -0.574609 -0.602831 -0.949761 0.236254 0.205276 -0.229956 0.302984 0.529636 0.792267 0.423321 0.31622 -0.384863 0.867113 0.400795 -0.930002 -0.306262 0.203222 -0.504304 0.187351 -0.87068 -0.45477 0.485867 
1534349872547 0.0784403 0.814754 -0.574476 -0.602748 -0.949775 0.236187 0.205289 -0.229953 0.302944 0.52952 0.792359 0.423291 0.31622 -0.384863 0.867113 0.400795 -0.930002 -0.306262 0.203222 -0.504304 0.187351 -0.87068 -0.45477 0.485867 
1534349872564 0.0784276 0.814848 -0.574344 -0.602666 -0.949789 0.236121 0.2053 -0.229951 0.302903 0.529404 0.792452 0.423262 0.31622 -0.384863 0.867113 0.400795 -0.930002 -0.306262 0.203222 -0.504304 0.187351 -0.87068 -0.45477 0.485867 
1534349872599 0.0784141 0.814943 -0.574212 -0.602584 -0.949803 0.236054 0.205312 -0.229949 0.302863 0.529289 0.792545 0.423232 0.31622 -0.384863 0.867113 0.400795 -0.930002 -0.306262 0.203222 -0.504304 0.187351 -0.87068 -0.45477 0.485867 
1534349872654 0.078342 0.814639 -0.574653 -0.602951 -0.949781 0.236156 0.205296 -0.229943 0.30295 0.529711 0.792229 0.423335 0.31622 -0.384863 0.867113 0.400795 -0.930002 -0.306262 0.203222 -0.504304 0.187351 -0.87068 -0.45477 0.485867 
1534349872666 0.0781913 0.814612 -0.574711 -0.602877 -0.94984 0.235969 0.20524 -0.229957 0.302805 0.529835 0.792202 0.423359 0.31622 -0.384863 0.867113 0.400795 -0.930002 -0.306262 0.203222 -0.504304 0.187351 -0.87068 -0.45477 0.485867 
1534349872688 0.078042 0.814585 -0.57477 -0.602798 -0.949898 0.235782 0.205183 -0.22997 0.302659 0.52996 0.792174 0.423383 0.31622 -0.384863 0.867113 0.400795 -0.930002 -0.306262 0.203222 -0.504304 0.187351 -0.87068 -0.45477 0.485867 
1534349872699 0.0778929 0.814558 -0.574829 -0.602719 -0.949957 0.235596 0.205125 -0.229983 0.302514 0.530085 0.792146 0.423407 0.31622 -0.384863 0.867113 0.400795 -0.930002 -0.306262 0.203222 -0.504304 0.187351 -0.87068 -0.45477 0.485867 
1534349872716 0.0777443 0.81453 -0.574888 -0.602642 -0.950015 0.235411 0.205068 -0.229996 0.302369 0.530209 0.792118 0.423432 0.31622 -0.384863 0.867113 0.400795 -0.930002 -0.306262 0.203222 -0.504304 0.187351 -0.87068 -0.45477 0.485867 
1534349872733 0.0775946 0.814503 -0.574946 -0.602563 -0.950074 0.235224 0.205011 -0.230008 0.302223 0.530334 0.792091 0.423456 0.31622 -0.384863 0.867113 0.400795 -0.930002 -0.306262 0.203222 -0.504304 0.187351 -0.87068 -0.45477 0.485867 
1534349872810 0.0774462 0.814476 -0.575005 -0.602485 -0.950132 0.235038 0.204953 -0.230022 0.302078 0.530458 0.792063 0.42348 0.31622 -0.384863 0.867113 0.400795 -0.930002 -0.306262 0.203222 -0.504304 0.187351 -0.87068 -0.45477 0.485867 
1534349872827 0.0772966 0.814449 -0.575064 -0.602406 -0.950191 0.234852 0.204896 -0.230034 0.301932 0.530582 0.792035 0.423505 0.31622 -0.384863 0.867113 0.400795 -0.930002 -0.306262 0.203222 -0.504304 0.187351 -0.87068 -0.45477 0.485867 
1534349872858 0.0771482 0.814421 -0.575123 -0.602328 -0.950249 0.234666 0.204838 -0.230047 0.301787 0.530707 0.792007 0.423529 0.31622 -0.384863 0.867113 0.400795 -0.930002 -0.306262 0.203222 -0.504304 0.187351 -0.87068 -0.45477 0.485867 
1534349872891 0.0769991 0.814394 -0.575182 -0.60225 -0.950307 0.23448 0.204781 -0.23006 0.301641 0.530831 0.791979 0.423553 0.31622 -0.384863 0.867113 0.400795 -0.930002 -0.306262 0.203222 -0.504304 0.187351 -0.87068 -0.45477 0.485867 
1534349872935 0.0774868 0.814504 -0.57496 -0.602576 -0.950084 0.235139 0.205062 -0.229935 0.30222 0.53037 0.792067 0.423517 0.31622 -0.384863 0.867113 0.400795 -0.930002 -0.306262 0.203222 -0.504304 0.187351 -0.87068 -0.45477 0.485867 
1534349872947 0.0772774 0.814415 -0.575114 -0.60247 -0.950126 0.234965 0.205065 -0.229964 0.302139 0.530584 0.791955 0.423555 0.31622 -0.384863 0.867113 0.400795 -0.930002 -0.306262 0.203222 -0.504304 0.187351 -0.87068 -0.45477 0.485867 
1534349872963 0.0770683 0.814325 -0.575269 -0.60236 -0.950169 0.234791 0.205066 -0.229992 0.302059 0.530799 0.791842 0.423594 0.31622 -0.384863 0.867113 0.400795 -0.930002 -0.306262 0.203222 -0.504304 0.187351 -0.87068 -0.45477 0.485867 
1534349872980 0.0768591 0.814236 -0.575424 -0.602251 -0.950211 0.234617 0.205068 -0.23002 0.301978 0.531013 0.791729 0.423632 0.31622 -0.384863 0.867113 0.400795 -0.930002 -0.306262 0.203222 -0.504304 0.187351 -0.87068 -0.45477 0.485867 
1534349872997 0.0766504 0.814146 -0.575579 -0.602142 -0.950254 0.234443 0.20507 -0.230048 0.301898 0.531227 0.791616 0.42367 0.31622 -0.384863 0.867113 0.400795 -0.930002 -0.306262 0.203222 -0.504304 0.187351 -0.87068 -0.45477 0.485867 
1534349873013 0.0764407 0.814057 -0.575733 -0.602032 -0.950296 0.234269 0.205072 -0.230076 0.301817 0.531441 0.791503 0.423709 0.31622 -0.384863 0.867113 0.400795 -0.930002 -0.306262 0.203222 -0.504304 0.187351 -0.87068 -0.45477 0.485867 
1534349873044 0.0762322 0.813967 -0.575888 -0.601923 -0.950339 0.234096 0.205074 -0.230104 0.301736 0.531655 0.79139 0.423747 0.31622 -0.384863 0.867113 0.400795 -0.930002 -0.306262 0.203222 -0.504304 0.187351 -0.87068 -0.45477 0.485867 
1534349873153 0.0760226 0.813877 -0.576042 -0.601812 -0.950381 0.233921 0.205076 -0.230131 0.301656 0.531869 0.791277 0.423786 0.31622 -0.384863 0.867113 0.400795 -0.930002 -0.306262 0.203222 -0.504304 0.187351 -0.87068 -0.45477 0.485867 
1534349873171 0.0758134 0.813787 -0.576197 -0.601703 -0.950424 0.233747 0.205079 -0.230159 0.301575 0.532083 0.791164 0.423825 0.31622 -0.384863 0.867113 0.400795 -0.930002 -0.306262 0.203222 -0.504304 0.187351 -0.87068 -0.45477 0.485867 
1534349873187 0.075605 0.813697 -0.576351 -0.601594 -0.950466 0.233574 0.20508 -0.230187 0.301494 0.532297 0.791051 0.423863 0.31622 -0.384863 0.867113 0.400795 -0.930002 -0.306262 0.203222 -0.504304 0.187351 -0.87068 -0.45477 0.485867 
1534349873298 0.0761867 0.813861 -0.576043 -0.601858 -0.950348 0.234088 0.205039 -0.230199 0.301719 0.53182 0.791286 0.42381 0.31622 -0.384863 0.867113 0.400795 -0.930002 -0.306262 0.203222 -0.504304 0.187351 -0.87068 -0.45477 0.485867 
1534349873310 0.0757665 0.813835 -0.576135 -0.601691 -0.950366 0.233803 0.205283 -0.230249 0.301769 0.531986 0.791156 0.423832 0.31622 -0.384863 0.867113 0.400795 -0.930002 -0.306262 0.203222 -0.504304 0.187351 -0.87068 -0.45477 0.485867 
1534349873326 0.0753471 0.813808 -0.576228 -0.601519 -0.950383 0.233517 0.205526 -0.230296 0.301818 0.532152 0.791025 0.423854 0.31622 -0.384863 0.867113 0.400795 -0.930002 -0.306262 0.203222 -0.504304 0.187351 -0.87068 -0.45477 0.485867 
1534349873342 0.0749278 0.813781 -0.576321 -0.601347 -0.950401 0.233233 0.205769 -0.230344 0.301867 0.532318 0.790894 0.423876 0.31622 -0.384863 0.867113 0.400795 -0.930002 -0.306262 0.203222 -0.504304 0.187351 -0.87068 -0.45477 0.485867 
1534349873359 0.074509 0.813754 -0.576414 -0.601177 -0.950418 0.232948 0.206011 -0.230393 0.301917 0.532485 0.790763 0.423898 0.31622 -0.384863 0.867113 0.400795 -0.930002 -0.306262 0.203222 -0.504304 0.187351 -0.87068 -0.45477 0.485867 
1534349873508 0.0740892 0.813727 -0.576506 -0.601004 -0.950435 0.232663 0.206254 -0.23044 0.301966 0.532651 0.790633 0.423921 0.31622 -0.384863 0.867113 0.400795 -0.930002 -0.306262 0.203222 -0.504304 0.187351 -0.87068 -0.45477 0.485867 
1534349873514 0.0736705 0.813699 -0.576599 -0.600834 -0.950452 0.232378 0.206497 -0.230489 0.302015 0.532817 0.790502 0.423943 0.31622 -0.384863 0.867113 0.400795 -0.930002 -0.306262 0.203222 -0.504304 0.187351 -0.87068 -0.45477 0.485867 
1534349873571 0.0732506 0.813672 -0.576691 -0.600661 -0.950469 0.232093 0.20674 -0.230536 0.302064 0.532983 0.790371 0.423965 0.31622 -0.384863 0.867113 0.400795 -0.930002 -0.306262 0.203222 -0.504304 0.187351 -0.87068 -0.45477 0.485867 
1534349873668 0.0728319 0.813644 -0.576783 -0.60049 -0.950486 0.231809 0.206982 -0.230584 0.302113 0.533149 0.79024 0.423987 0.31622 -0.384863 0.867113 0.400795 -0.930002 -0.306262 0.203222 -0.504304 0.187351 -0.87068 -0.45477 0.485867 
1534349873695 0.0724125 0.813616 -0.576875 -0.600319 -0.950502 0.231524 0.207225 -0.230632 0.302162 0.533316 0.790109 0.424009 0.31622 -0.384863 0.867113 0.400795 -0.930002 -0.306262 0.203222 -0.504304 0.187351 -0.87068 -0.45477 0.485867 
1534349873748 0.0732903 0.813638 -0.576734 -0.600728 -0.950507 0.232064 0.206599 -0.230467 0.301936 0.533048 0.790376 0.423959 0.31622 -0.384863 0.867113 0.400795 -0.930002 -0.306262 0.203222 -0.504304 0.187351 -0.87068 -0.45477 0.485867 
1534349873761 0.0733385 0.813877 -0.576391 -0.600575 -0.950572 0.231894 0.20649 -0.230484 0.301719 0.532757 0.790655 0.423946 0.31622 -0.384863 0.867113 0.400795 -0.930002 -0.306262 0.203222 -0.504304 0.187351 -0.87068 -0.45477 0.485867 
1534349873777 0.0733876 0.814115 -0.576048 -0.600419 -0.950637 0.231724 0.20638 -0.230499 0.301501 0.532467 0.790934 0.423934 0.31622 -0.384863 0.867113 0.400795 -0.930002 -0.306262 0.203222 -0.504304 0.187351 -0.87068 -0.45477 0.485867 
1534349873887 0.0734362 0.814353 -0.575705 -0.600262 -0.950703 0.231553 0.206269 -0.230514 0.301283 0.532176 0.791212 0.423922 0.31622 -0.384863 0.867113 0.400795 -0.930002 -0.306262 0.203222 -0.504304 0.187351 -0.87068 -0.45477 0.485867 
1534349873927 0.073484 0.814592 -0.575361 -0.600105 -0.950768 0.231383 0.20616 -0.230529 0.301065 0.531885 0.791491 0.42391 0.31622 -0.384863 0.867113 0.400795 -0.930002 -0.306262 0.203222 -0.504304 0.187351 -0.87068 -0.45477 0.485867 
1534349873993 0.0735326 0.81483 -0.575017 -0.599947 -0.950834 0.231213 0.206049 -0.230544 0.300846 0.531595 0.791769 0.423898 0.31622 -0.384863 0.867113 0.400795 -0.930002 -0.306262 0.203222 -0.504304 0.187351 -0.87068 -0.45477 0.485867 
1534349874062 0.0735807 0.815068 -0.574674 -0.599791 -0.950899 0.231042 0.205939 -0.230559 0.300628 0.531304 0.792048 0.423885 0.31622 -0.384863 0.867113 0.400795 -0.930002 -0.306262 0.203222 -0.504304 0.187351 -0.87068 -0.45477 0.485867 
