1533291967226 0.16779 0.935059 -0.312268 -0.604001 -0.953845 0.234011 0.188196 -0.21905 0.249049 0.266278 0.931166 0.380413 0.16008 -0.304787 0.938871 0.370831 -0.775623 0.549475 0.310623 -0.528794 -0.61056 -0.777934 -0.14844 0.432481 
1533291967247 0.169917 0.935528 -0.309704 -0.605656 -0.953014 0.235974 0.189947 -0.218626 0.250783 0.262877 0.931667 0.380528 0.316305 -0.38429 0.867336 0.400738 -0.930106 -0.305553 0.203815 -0.506322 0.186693 -0.871182 -0.454078 0.485854 
1533291967264 0.172047 0.935983 -0.307142 -0.607311 -0.952176 0.237931 0.191702 -0.218201 0.252509 0.259471 0.932156 0.380643 0.316242 -0.384853 0.86711 0.400828 -0.929997 -0.306262 0.203248 -0.504438 0.187342 -0.870685 -0.454765 0.485876 
1533291967284 0.174181 0.936425 -0.30458 -0.608966 -0.951331 0.239879 0.193463 -0.217777 0.254226 0.256059 0.932632 0.380758 0.316223 -0.384857 0.867115 0.40079 -0.930001 -0.306263 0.203227 -0.50432 0.187352 -0.870683 -0.454765 0.485866 
1533291967299 0.17632 0.936854 -0.30202 -0.610621 -0.950478 0.241821 0.195229 -0.217352 0.255935 0.252641 0.933097 0.380873 0.316222 -0.384859 0.867114 0.40079 -0.930002 -0.306263 0.203224 -0.504311 0.187352 -0.870682 -0.454766 0.485866 
1533291967315 0.178462 0.93727 -0.299461 -0.612276 -0.949618 0.243755 0.196999 -0.216928 0.257636 0.249217 0.933549 0.380987 0.316221 -0.384861 0.867114 0.400793 -0.930002 -0.306262 0.203224 -0.504309 0.187352 -0.870681 -0.454768 0.485867 
1533291967331 0.180608 0.937672 -0.296904 -0.613931 -0.948752 0.245682 0.198773 -0.216503 0.259328 0.245788 0.93399 0.381102 0.316221 -0.384862 0.867113 0.400795 -0.930002 -0.306262 0.203223 -0.504309 0.187351 -0.870681 -0.454769 0.485868 
1533291967354 0.182759 0.938061 -0.294347 -0.615585 -0.947878 0.247601 0.200553 -0.216078 0.261011 0.242353 0.934419 0.381217 0.316221 -0.384862 0.867113 0.400796 -0.930002 -0.306262 0.203223 -0.50431 0.187351 -0.870681 -0.454769 0.485869 
1533291967365 0.184913 0.938437 -0.291794 -0.617226 -0.946997 0.249513 0.202337 -0.215651 0.262686 0.238913 0.934835 0.381334 0.316222 -0.384863 0.867112 0.400801 -0.930002 -0.306262 0.203224 -0.504317 0.18735 -0.87068 -0.45477 0.485871 
1533291967382 0.187072 0.938791 -0.289267 -0.618716 -0.946109 0.251424 0.204117 -0.215204 0.264352 0.235494 0.935233 0.381473 0.316238 -0.384878 0.8671 0.400844 -0.930001 -0.306253 0.203243 -0.504402 0.187328 -0.870677 -0.454786 0.48592 
1533291967408 0.168065 0.935327 -0.311317 -0.604135 -0.953703 0.234178 0.188711 -0.218929 0.24941 0.265188 0.931381 0.380517 0.316238 -0.384878 0.8671 0.400844 -0.930001 -0.306253 0.203243 -0.504402 0.187328 -0.870677 -0.454786 0.48592 
1533291967423 0.170166 0.935765 -0.308849 -0.605777 -0.952885 0.236124 0.19041 -0.218517 0.251106 0.261896 0.931856 0.380621 0.316221 -0.384863 0.867113 0.400799 -0.930002 -0.306262 0.203223 -0.504312 0.187351 -0.87068 -0.45477 0.485869 
1533291967435 0.17227 0.936191 -0.306382 -0.607419 -0.95206 0.238063 0.192115 -0.218104 0.252794 0.258598 0.932321 0.380726 0.31622 -0.384863 0.867113 0.400795 -0.930002 -0.306262 0.203222 -0.504305 0.187351 -0.87068 -0.45477 0.485867 
1533291967452 0.174377 0.936604 -0.303915 -0.60906 -0.951228 0.239994 0.193825 -0.217692 0.254475 0.255294 0.932774 0.38083 0.31622 -0.384863 0.867113 0.400795 -0.930002 -0.306262 0.203222 -0.504304 0.187352 -0.87068 -0.454769 0.485867 
1533291967469 0.176489 0.937006 -0.301451 -0.610702 -0.950389 0.241918 0.19554 -0.217279 0.256148 0.251985 0.933216 0.380935 0.31622 -0.384863 0.867113 0.400795 -0.930002 -0.306262 0.203222 -0.504304 0.187352 -0.87068 -0.454769 0.485867 
1533291967486 0.178604 0.937394 -0.298987 -0.612343 -0.949544 0.243835 0.197258 -0.216867 0.257812 0.24867 0.933647 0.381039 0.31622 -0.384863 0.867113 0.400795 -0.930002 -0.306262 0.203222 -0.504304 0.187352 -0.87068 -0.454769 0.485867 
1533291967511 0.180722 0.93777 -0.296524 -0.613985 -0.948691 0.245745 0.198982 -0.216455 0.259469 0.24535 0.934066 0.381144 0.31622 -0.384863 0.867113 0.400795 -0.930002 -0.306262 0.203222 -0.504304 0.187352 -0.87068 -0.454769 0.485867 
1533291967524 0.182845 0.938133 -0.294064 -0.615626 -0.947832 0.247649 0.20071 -0.216042 0.261117 0.242024 0.934474 0.381249 0.31622 -0.384863 0.867113 0.400795 -0.930002 -0.306262 0.203222 -0.504304 0.187352 -0.87068 -0.454769 0.485867 
1533291967530 0.184971 0.938484 -0.291604 -0.617255 -0.946966 0.249545 0.202442 -0.215628 0.262757 0.238694 0.934871 0.381355 0.31622 -0.384863 0.867113 0.400795 -0.930002 -0.306262 0.203222 -0.504304 0.187352 -0.87068 -0.454769 0.485867 
1533291967542 0.1871 0.938815 -0.289171 -0.618746 -0.946093 0.251438 0.204172 -0.215199 0.264388 0.235382 0.935251 0.38148 0.31622 -0.384863 0.867113 0.400795 -0.930002 -0.306262 0.203222 -0.504304 0.187352 -0.87068 -0.454769 0.485867 
1533291967576 0.169208 0.936692 -0.306556 -0.60581 -0.952939 0.234874 0.191679 -0.217635 0.251546 0.259695 0.932353 0.380998 0.31622 -0.384863 0.867113 0.400795 -0.930002 -0.306262 0.203222 -0.504304 0.187352 -0.87068 -0.454769 0.485867 
1533291967590 0.170427 0.936541 -0.306342 -0.606432 -0.952864 0.235832 0.190874 -0.217283 0.251006 0.259372 0.932589 0.381025 0.31622 -0.384863 0.867113 0.400795 -0.930002 -0.306262 0.203222 -0.504304 0.187352 -0.87068 -0.454769 0.485867 
1533291967596 0.171646 0.936389 -0.306127 -0.607054 -0.952788 0.23679 0.190069 -0.216932 0.250467 0.25905 0.932824 0.381051 0.31622 -0.384863 0.867113 0.400795 -0.930002 -0.306262 0.203222 -0.504304 0.187352 -0.87068 -0.454769 0.485867 
1533291967611 0.172864 0.936235 -0.305911 -0.607676 -0.952709 0.237747 0.189265 -0.216581 0.249926 0.258727 0.933058 0.381078 0.31622 -0.384863 0.867113 0.400795 -0.930002 -0.306262 0.203222 -0.504304 0.187352 -0.87068 -0.454769 0.485867 
1533291967626 0.174081 0.93608 -0.305694 -0.608299 -0.952629 0.238705 0.188462 -0.216229 0.249386 0.258406 0.933292 0.381104 0.31622 -0.384863 0.867113 0.400795 -0.930002 -0.306262 0.203222 -0.504304 0.187352 -0.87068 -0.454769 0.485867 
1533291967646 0.175299 0.935924 -0.305476 -0.608921 -0.952547 0.239662 0.187658 -0.215878 0.248845 0.258085 0.933525 0.381131 0.31622 -0.384863 0.867113 0.400795 -0.930002 -0.306262 0.203222 -0.504304 0.187352 -0.87068 -0.454769 0.485867 
1533291967670 0.176516 0.935767 -0.305257 -0.609543 -0.952464 0.240619 0.186854 -0.215527 0.248303 0.257764 0.933758 0.381158 0.31622 -0.384863 0.867113 0.400795 -0.930002 -0.306262 0.203222 -0.504304 0.187352 -0.87068 -0.454769 0.485867 
1533291967689 0.177733 0.935609 -0.305037 -0.610165 -0.952379 0.241577 0.186051 -0.215175 0.24776 0.257444 0.93399 0.381184 0.31622 -0.384863 0.867113 0.400795 -0.930002 -0.306262 0.203222 -0.504304 0.187352 -0.87068 -0.454769 0.485867 
1533291967704 0.178949 0.935448 -0.304817 -0.610783 -0.952292 0.242534 0.185247 -0.214824 0.247217 0.257125 0.934222 0.381211 0.31622 -0.384863 0.867113 0.400795 -0.930002 -0.306262 0.203222 -0.504304 0.187352 -0.87068 -0.454769 0.485867 
1533291967720 0.180163 0.935286 -0.304599 -0.611361 -0.952204 0.243491 0.184446 -0.214478 0.246677 0.25681 0.934451 0.381239 0.31622 -0.384863 0.867113 0.400795 -0.930002 -0.306262 0.203222 -0.504304 0.187352 -0.87068 -0.454769 0.485867 
1533291967764 0.172773 0.936987 -0.303651 -0.609146 -0.951708 0.238239 0.193634 -0.216639 0.253774 0.255533 0.9329 0.380645 0.31622 -0.384863 0.867113 0.400795 -0.930002 -0.306262 0.203222 -0.504304 0.187352 -0.87068 -0.454769 0.485867 
1533291967778 0.17387 0.936619 -0.304163 -0.609664 -0.95168 0.239204 0.192577 -0.21629 0.253128 0.255982 0.932952 0.380608 0.31622 -0.384863 0.867113 0.400795 -0.930002 -0.306262 0.203222 -0.504304 0.187352 -0.87068 -0.454769 0.485867 
1533291967784 0.174966 0.936248 -0.304673 -0.610181 -0.951651 0.240168 0.191518 -0.215942 0.252482 0.256433 0.933003 0.380572 0.31622 -0.384863 0.867113 0.400795 -0.930002 -0.306262 0.203222 -0.504304 0.187352 -0.87068 -0.454769 0.485867 
1533291967800 0.176063 0.935877 -0.305183 -0.610699 -0.95162 0.241132 0.19046 -0.215593 0.251836 0.256885 0.933053 0.380535 0.31622 -0.384863 0.867113 0.400795 -0.930002 -0.306262 0.203222 -0.504304 0.187352 -0.87068 -0.454769 0.485867 
1533291967816 0.177159 0.935504 -0.305691 -0.611216 -0.951587 0.242095 0.1894 -0.215245 0.251191 0.257337 0.933103 0.380499 0.31622 -0.384863 0.867113 0.400795 -0.930002 -0.306262 0.203222 -0.504304 0.187352 -0.87068 -0.454769 0.485867 
1533291967831 0.178256 0.93513 -0.306198 -0.611734 -0.951552 0.243056 0.18834 -0.214897 0.250546 0.25779 0.933151 0.380462 0.31622 -0.384863 0.867113 0.400795 -0.930002 -0.306262 0.203222 -0.504304 0.187352 -0.87068 -0.454769 0.485867 
1533291967848 0.179353 0.934754 -0.306703 -0.612252 -0.951516 0.244018 0.187279 -0.214548 0.249901 0.258243 0.933199 0.380425 0.31622 -0.384863 0.867113 0.400795 -0.930002 -0.306262 0.203222 -0.504304 0.187352 -0.87068 -0.454769 0.485867 
1533291967874 0.18045 0.934377 -0.307207 -0.612769 -0.951477 0.244978 0.186218 -0.2142 0.249257 0.258698 0.933245 0.380389 0.31622 -0.384863 0.867113 0.400795 -0.930002 -0.306262 0.203222 -0.504304 0.187352 -0.87068 -0.454769 0.485867 
1533291967891 0.181548 0.933999 -0.30771 -0.613285 -0.951437 0.245938 0.185155 -0.213851 0.248612 0.259152 0.933291 0.380352 0.31622 -0.384863 0.867113 0.400795 -0.930002 -0.306262 0.203222 -0.504304 0.187352 -0.87068 -0.454769 0.485867 
1533291967908 0.182642 0.93362 -0.308213 -0.613773 -0.951394 0.246895 0.184097 -0.213512 0.247973 0.259608 0.933334 0.380314 0.31622 -0.384863 0.867113 0.400795 -0.930002 -0.306262 0.203222 -0.504304 0.187352 -0.87068 -0.454769 0.485867 
1533291967952 0.17788 0.935543 -0.305151 -0.610619 -0.951347 0.242772 0.189738 -0.216576 0.25159 0.256554 0.933211 0.380512 0.31622 -0.384863 0.867113 0.400795 -0.930002 -0.306262 0.203222 -0.504304 0.187352 -0.87068 -0.454769 0.485867 
1533291967958 0.178959 0.935351 -0.305111 -0.610969 -0.951375 0.243547 0.188602 -0.216339 0.250718 0.256523 0.933454 0.38036 0.31622 -0.384863 0.867113 0.400795 -0.930002 -0.306262 0.203222 -0.504304 0.187352 -0.87068 -0.454769 0.485867 
1533291967974 0.18004 0.935157 -0.305068 -0.611319 -0.951401 0.244322 0.187465 -0.216101 0.249845 0.256491 0.933697 0.380209 0.31622 -0.384863 0.867113 0.400795 -0.930002 -0.306262 0.203222 -0.504304 0.187352 -0.87068 -0.454769 0.485867 
1533291967981 0.18112 0.934963 -0.305025 -0.61167 -0.951425 0.245097 0.186329 -0.215864 0.248971 0.25646 0.933939 0.380057 0.31622 -0.384863 0.867113 0.400795 -0.930002 -0.306262 0.203222 -0.504304 0.187352 -0.87068 -0.454769 0.485867 
1533291967996 0.1822 0.934768 -0.30498 -0.61202 -0.951447 0.245872 0.185192 -0.215626 0.248097 0.25643 0.934179 0.379906 0.31622 -0.384863 0.867113 0.400795 -0.930002 -0.306262 0.203222 -0.504304 0.187352 -0.87068 -0.454769 0.485867 
1533291968011 0.18328 0.934571 -0.304934 -0.61237 -0.951467 0.246647 0.184055 -0.215389 0.247224 0.256401 0.934419 0.379754 0.31622 -0.384863 0.867113 0.400795 -0.930002 -0.306262 0.203222 -0.504304 0.187352 -0.87068 -0.454769 0.485867 
1533291968027 0.184359 0.934374 -0.304887 -0.61272 -0.951485 0.247422 0.182918 -0.215152 0.246349 0.256373 0.934658 0.379602 0.31622 -0.384863 0.867113 0.400795 -0.930002 -0.306262 0.203222 -0.504304 0.187352 -0.87068 -0.454769 0.485867 
1533291968044 0.185439 0.934177 -0.304839 -0.61307 -0.951501 0.248196 0.181781 -0.214914 0.245475 0.256345 0.934895 0.379451 0.31622 -0.384863 0.867113 0.400795 -0.930002 -0.306262 0.203222 -0.504304 0.187352 -0.87068 -0.454769 0.485867 
1533291968061 0.186518 0.933978 -0.304789 -0.613419 -0.951516 0.24897 0.180642 -0.214677 0.244599 0.256318 0.935132 0.379299 0.31622 -0.384863 0.867113 0.400795 -0.930002 -0.306262 0.203222 -0.504304 0.187352 -0.87068 -0.454769 0.485867 
1533291968078 0.187595 0.933778 -0.30474 -0.613745 -0.951528 0.249743 0.179508 -0.214446 0.243728 0.256294 0.935366 0.37915 0.31622 -0.384863 0.867113 0.400795 -0.930002 -0.306262 0.203222 -0.504304 0.187352 -0.87068 -0.454769 0.485867 
1533291968106 0.180007 0.934871 -0.305963 -0.612219 -0.951252 0.24463 0.187817 -0.214373 0.250432 0.25724 0.933334 0.380432 0.31622 -0.384863 0.867113 0.400795 -0.930002 -0.306262 0.203222 -0.504304 0.187352 -0.87068 -0.454769 0.485867 
1533291968117 0.180559 0.934757 -0.305986 -0.612395 -0.951381 0.244915 0.18679 -0.214181 0.249543 0.257383 0.933532 0.380397 0.31622 -0.384863 0.867113 0.400795 -0.930002 -0.306262 0.203222 -0.504304 0.187352 -0.87068 -0.454769 0.485867 
1533291968134 0.181113 0.934642 -0.306009 -0.612571 -0.951509 0.245201 0.185761 -0.213988 0.248654 0.257527 0.93373 0.380362 0.31622 -0.384863 0.867113 0.400795 -0.930002 -0.306262 0.203222 -0.504304 0.187352 -0.87068 -0.454769 0.485867 
1533291968151 0.181667 0.934528 -0.306031 -0.612747 -0.951635 0.245487 0.184733 -0.213796 0.247765 0.25767 0.933926 0.380328 0.31622 -0.384863 0.867113 0.400795 -0.930002 -0.306262 0.203222 -0.504304 0.187352 -0.87068 -0.454769 0.485867 
1533291968167 0.18222 0.934413 -0.306053 -0.612923 -0.951761 0.245772 0.183705 -0.213603 0.246876 0.257814 0.934122 0.380293 0.31622 -0.384863 0.867113 0.400795 -0.930002 -0.306262 0.203222 -0.504304 0.187352 -0.87068 -0.454769 0.485867 
1533291968174 0.182773 0.934298 -0.306074 -0.613099 -0.951885 0.246058 0.182677 -0.213411 0.245987 0.257959 0.934317 0.380258 0.31622 -0.384863 0.867113 0.400795 -0.930002 -0.306262 0.203222 -0.504304 0.187352 -0.87068 -0.454769 0.485867 
1533291968188 0.183326 0.934183 -0.306095 -0.613274 -0.952008 0.246343 0.181649 -0.213218 0.245097 0.258104 0.934511 0.380223 0.31622 -0.384863 0.867113 0.400795 -0.930002 -0.306262 0.203222 -0.504304 0.187352 -0.87068 -0.454769 0.485867 
1533291968214 0.183879 0.934068 -0.306115 -0.61345 -0.95213 0.246628 0.180619 -0.213026 0.244207 0.258249 0.934703 0.380188 0.31622 -0.384863 0.867113 0.400795 -0.930002 -0.306262 0.203222 -0.504304 0.187352 -0.87068 -0.454769 0.485867 
1533291968231 0.184433 0.933952 -0.306134 -0.613625 -0.952251 0.246913 0.17959 -0.212833 0.243317 0.258394 0.934895 0.380154 0.31622 -0.384863 0.867113 0.400795 -0.930002 -0.306262 0.203222 -0.504304 0.187352 -0.87068 -0.454769 0.485867 
1533291968247 0.184984 0.933837 -0.306153 -0.613791 -0.95237 0.247196 0.178565 -0.212647 0.24243 0.258539 0.935086 0.380118 0.31622 -0.384863 0.867113 0.400795 -0.930002 -0.306262 0.203222 -0.504304 0.187352 -0.87068 -0.454769 0.485867 
1533291968276 0.184507 0.934087 -0.305677 -0.613092 -0.95111 0.248076 0.18398 -0.214353 0.247685 0.256787 0.934191 0.379666 0.31622 -0.384863 0.867113 0.400795 -0.930002 -0.306262 0.203222 -0.504304 0.187352 -0.87068 -0.454769 0.485867 
1533291968287 0.184683 0.93402 -0.305777 -0.613168 -0.951209 0.248123 0.1834 -0.214359 0.24717 0.256987 0.934272 0.379564 0.31622 -0.384863 0.867113 0.400795 -0.930002 -0.306262 0.203222 -0.504304 0.187352 -0.87068 -0.454769 0.485867 
1533291968304 0.18486 0.933952 -0.305877 -0.613244 -0.951309 0.248171 0.18282 -0.214365 0.246655 0.257187 0.934353 0.379461 0.31622 -0.384863 0.867113 0.400795 -0.930002 -0.306262 0.203222 -0.504304 0.187352 -0.87068 -0.454769 0.485867 
1533291968321 0.185038 0.933884 -0.305977 -0.61332 -0.951408 0.248219 0.182239 -0.214371 0.246139 0.257388 0.934434 0.379359 0.31622 -0.384863 0.867113 0.400795 -0.930002 -0.306262 0.203222 -0.504304 0.187352 -0.87068 -0.454769 0.485867 
1533291968327 0.185215 0.933816 -0.306078 -0.613397 -0.951506 0.248266 0.181658 -0.214377 0.245624 0.257589 0.934514 0.379256 0.31622 -0.384863 0.867113 0.400795 -0.930002 -0.306262 0.203222 -0.504304 0.187352 -0.87068 -0.454769 0.485867 
1533291968343 0.185393 0.933748 -0.306178 -0.613473 -0.951605 0.248313 0.181077 -0.214383 0.245108 0.25779 0.934594 0.379154 0.31622 -0.384863 0.867113 0.400795 -0.930002 -0.306262 0.203222 -0.504304 0.187352 -0.87068 -0.454769 0.485867 
1533291968366 0.185571 0.93368 -0.306277 -0.61355 -0.951703 0.248361 0.180495 -0.214389 0.244592 0.25799 0.934674 0.379051 0.31622 -0.384863 0.867113 0.400795 -0.930002 -0.306262 0.203222 -0.504304 0.187352 -0.87068 -0.454769 0.485867 
1533291968373 0.185748 0.933612 -0.306377 -0.613626 -0.951801 0.248408 0.179914 -0.214395 0.244077 0.258191 0.934754 0.378949 0.31622 -0.384863 0.867113 0.400795 -0.930002 -0.306262 0.203222 -0.504304 0.187352 -0.87068 -0.454769 0.485867 
1533291968390 0.185926 0.933544 -0.306477 -0.613702 -0.951898 0.248455 0.179333 -0.214401 0.243561 0.258392 0.934832 0.378846 0.31622 -0.384863 0.867113 0.400795 -0.930002 -0.306262 0.203222 -0.504304 0.187352 -0.87068 -0.454769 0.485867 
1533291968408 0.186103 0.933476 -0.306576 -0.613773 -0.951995 0.248502 0.178753 -0.214408 0.243046 0.258592 0.934911 0.378745 0.31622 -0.384863 0.867113 0.400795 -0.930002 -0.306262 0.203222 -0.504304 0.187352 -0.87068 -0.454769 0.485867 
1533291968437 0.185246 0.933789 -0.306142 -0.613526 -0.951735 0.24806 0.180737 -0.213569 0.244712 0.257885 0.934672 0.379987 0.31622 -0.384863 0.867113 0.400795 -0.930002 -0.306262 0.203222 -0.504304 0.187352 -0.87068 -0.454769 0.485867 
1533291968450 0.184829 0.933776 -0.306433 -0.613495 -0.951867 0.24767 0.180581 -0.213755 0.244516 0.258307 0.934607 0.379973 0.31622 -0.384863 0.867113 0.400795 -0.930002 -0.306262 0.203222 -0.504304 0.187352 -0.87068 -0.454769 0.485867 
1533291968467 0.184412 0.933762 -0.306725 -0.613465 -0.951998 0.24728 0.180425 -0.213941 0.244321 0.258729 0.934541 0.379959 0.31622 -0.384863 0.867113 0.400795 -0.930002 -0.306262 0.203222 -0.504304 0.187352 -0.87068 -0.454769 0.485867 
1533291968483 0.183993 0.933749 -0.307017 -0.613434 -0.952129 0.246888 0.180269 -0.214126 0.244125 0.259152 0.934475 0.379945 0.31622 -0.384863 0.867113 0.400795 -0.930002 -0.306262 0.203222 -0.504304 0.187352 -0.87068 -0.454769 0.485867 
1533291968500 0.183576 0.933735 -0.307309 -0.613404 -0.95226 0.246496 0.180114 -0.214313 0.243929 0.259574 0.934409 0.379931 0.31622 -0.384863 0.867113 0.400795 -0.930002 -0.306262 0.203222 -0.504304 0.187352 -0.87068 -0.454769 0.485867 
1533291968517 0.183158 0.933721 -0.307601 -0.613373 -0.95239 0.246105 0.179958 -0.214498 0.243733 0.259996 0.934343 0.379918 0.31622 -0.384863 0.867113 0.400795 -0.930002 -0.306262 0.203222 -0.504304 0.187352 -0.87068 -0.454769 0.485867 
1533291968524 0.182741 0.933706 -0.307894 -0.613343 -0.952521 0.245714 0.179803 -0.214684 0.243537 0.260418 0.934276 0.379904 0.31622 -0.384863 0.867113 0.400795 -0.930002 -0.306262 0.203222 -0.504304 0.187352 -0.87068 -0.454769 0.485867 
1533291968537 0.182323 0.933691 -0.308186 -0.613312 -0.952651 0.245322 0.179648 -0.21487 0.24334 0.26084 0.93421 0.37989 0.31622 -0.384863 0.867113 0.400795 -0.930002 -0.306262 0.203222 -0.504304 0.187352 -0.87068 -0.454769 0.485867 
1533291968555 0.181906 0.933676 -0.308478 -0.613282 -0.952781 0.24493 0.179492 -0.215056 0.243143 0.261261 0.934143 0.379876 0.31622 -0.384863 0.867113 0.400795 -0.930002 -0.306262 0.203222 -0.504304 0.187352 -0.87068 -0.454769 0.485867 
1533291968570 0.181489 0.933661 -0.308769 -0.613255 -0.952911 0.244539 0.179337 -0.215239 0.242946 0.261682 0.934077 0.379861 0.31622 -0.384863 0.867113 0.400795 -0.930002 -0.306262 0.203222 -0.504304 0.187352 -0.87068 -0.454769 0.485867 
1533291968598 0.186267 0.933275 -0.307088 -0.613692 -0.951975 0.248742 0.178525 -0.2146 0.242998 0.259087 0.934787 0.37878 0.31622 -0.384863 0.867113 0.400795 -0.930002 -0.306262 0.203222 -0.504304 0.187352 -0.87068 -0.454769 0.485867 
1533291968611 0.185762 0.933171 -0.307707 -0.613567 -0.952155 0.248297 0.178186 -0.214814 0.242681 0.259884 0.934648 0.378821 0.31622 -0.384863 0.867113 0.400795 -0.930002 -0.306262 0.203222 -0.504304 0.187352 -0.87068 -0.454769 0.485867 
1533291968632 0.185258 0.933067 -0.308327 -0.613442 -0.952334 0.247852 0.177847 -0.215027 0.242363 0.260682 0.934508 0.378862 0.31622 -0.384863 0.867113 0.400795 -0.930002 -0.306262 0.203222 -0.504304 0.187352 -0.87068 -0.454769 0.485867 
1533291968646 0.184753 0.932962 -0.308947 -0.613317 -0.952513 0.247406 0.177509 -0.215241 0.242044 0.26148 0.934367 0.378902 0.31622 -0.384863 0.867113 0.400795 -0.930002 -0.306262 0.203222 -0.504304 0.187352 -0.87068 -0.454769 0.485867 
1533291968662 0.184249 0.932856 -0.309567 -0.613192 -0.952692 0.24696 0.177171 -0.215454 0.241726 0.262278 0.934226 0.378943 0.31622 -0.384863 0.867113 0.400795 -0.930002 -0.306262 0.203222 -0.504304 0.187352 -0.87068 -0.454769 0.485867 
1533291968667 0.183745 0.93275 -0.310187 -0.613067 -0.95287 0.246514 0.176833 -0.215668 0.241406 0.263075 0.934085 0.378984 0.31622 -0.384863 0.867113 0.400795 -0.930002 -0.306262 0.203222 -0.504304 0.187352 -0.87068 -0.454769 0.485867 
1533291968681 0.183241 0.932642 -0.310808 -0.612942 -0.953048 0.246068 0.176495 -0.215881 0.241087 0.263873 0.933942 0.379025 0.31622 -0.384863 0.867113 0.400795 -0.930002 -0.306262 0.203222 -0.504304 0.187352 -0.87068 -0.454769 0.485867 
1533291968706 0.182737 0.932534 -0.311428 -0.612817 -0.953225 0.245621 0.176158 -0.216095 0.240766 0.26467 0.933799 0.379066 0.31622 -0.384863 0.867113 0.400795 -0.930002 -0.306262 0.203222 -0.504304 0.187352 -0.87068 -0.454769 0.485867 
1533291968724 0.182233 0.932426 -0.312047 -0.612693 -0.953403 0.245174 0.175821 -0.216308 0.240446 0.265466 0.933656 0.379106 0.31622 -0.384863 0.867113 0.400795 -0.930002 -0.306262 0.203222 -0.504304 0.187352 -0.87068 -0.454769 0.485867 
1533291968740 0.181731 0.932317 -0.312665 -0.612582 -0.95358 0.244726 0.175485 -0.216521 0.240125 0.26626 0.933513 0.379142 0.31622 -0.384863 0.867113 0.400795 -0.930002 -0.306262 0.203222 -0.504304 0.187352 -0.87068 -0.454769 0.485867 
1533291968760 0.182859 0.933619 -0.308086 -0.613473 -0.952723 0.245622 0.178856 -0.214931 0.242656 0.260815 0.934395 0.379327 0.31622 -0.384863 0.867113 0.400795 -0.930002 -0.306262 0.203222 -0.504304 0.187352 -0.87068 -0.454769 0.485867 
1533291968773 0.182183 0.933625 -0.308469 -0.613234 -0.952798 0.245115 0.179149 -0.215226 0.242868 0.261271 0.934212 0.379325 0.31622 -0.384863 0.867113 0.400795 -0.930002 -0.306262 0.203222 -0.504304 0.187352 -0.87068 -0.454769 0.485867 
1533291968796 0.181506 0.93363 -0.308854 -0.612995 -0.952874 0.244608 0.179441 -0.215522 0.24308 0.261729 0.934029 0.379323 0.31622 -0.384863 0.867113 0.400795 -0.930002 -0.306262 0.203222 -0.504304 0.187352 -0.87068 -0.454769 0.485867 
1533291968806 0.180828 0.933634 -0.309237 -0.612757 -0.952948 0.244101 0.179734 -0.215817 0.243291 0.262186 0.933846 0.379321 0.31622 -0.384863 0.867113 0.400795 -0.930002 -0.306262 0.203222 -0.504304 0.187352 -0.87068 -0.454769 0.485867 
1533291968824 0.180151 0.933638 -0.309621 -0.612518 -0.953023 0.243594 0.180027 -0.216113 0.243502 0.262644 0.933662 0.379319 0.31622 -0.384863 0.867113 0.400795 -0.930002 -0.306262 0.203222 -0.504304 0.187352 -0.87068 -0.454769 0.485867 
1533291968840 0.179474 0.933642 -0.310004 -0.612279 -0.953097 0.243087 0.18032 -0.216408 0.243713 0.263101 0.933479 0.379317 0.31622 -0.384863 0.867113 0.400795 -0.930002 -0.306262 0.203222 -0.504304 0.187352 -0.87068 -0.454769 0.485867 
1533291968851 0.178796 0.933644 -0.310387 -0.61204 -0.95317 0.24258 0.180614 -0.216704 0.243923 0.263558 0.933295 0.379315 0.31622 -0.384863 0.867113 0.400795 -0.930002 -0.306262 0.203222 -0.504304 0.187352 -0.87068 -0.454769 0.485867 
1533291968857 0.178119 0.933647 -0.310769 -0.611801 -0.953243 0.242073 0.180907 -0.216999 0.244132 0.264016 0.93311 0.379313 0.31622 -0.384863 0.867113 0.400795 -0.930002 -0.306262 0.203222 -0.504304 0.187352 -0.87068 -0.454769 0.485867 
1533291968864 0.177441 0.933649 -0.311151 -0.611563 -0.953316 0.241567 0.181201 -0.217294 0.244342 0.264473 0.932926 0.379311 0.31622 -0.384863 0.867113 0.400795 -0.930002 -0.306262 0.203222 -0.504304 0.187352 -0.87068 -0.454769 0.485867 
1533291968886 0.176765 0.93365 -0.311532 -0.611343 -0.953389 0.241061 0.181493 -0.217585 0.244549 0.264929 0.932742 0.379307 0.31622 -0.384863 0.867113 0.400795 -0.930002 -0.306262 0.203222 -0.504304 0.187352 -0.87068 -0.454769 0.485867 
1533291968907 0.182591 0.93268 -0.311077 -0.612914 -0.953136 0.245546 0.176745 -0.216107 0.24123 0.264227 0.933805 0.379173 0.31622 -0.384863 0.867113 0.400795 -0.930002 -0.306262 0.203222 -0.504304 0.187352 -0.87068 -0.454769 0.485867 
1533291968917 0.181846 0.932737 -0.311342 -0.61257 -0.953264 0.244909 0.176937 -0.216327 0.241286 0.264616 0.933681 0.379221 0.31622 -0.384863 0.867113 0.400795 -0.930002 -0.306262 0.203222 -0.504304 0.187352 -0.87068 -0.454769 0.485867 
1533291968934 0.181102 0.932794 -0.311606 -0.612225 -0.953392 0.244272 0.177128 -0.216548 0.24134 0.265005 0.933556 0.379269 0.31622 -0.384863 0.867113 0.400795 -0.930002 -0.306262 0.203222 -0.504304 0.187352 -0.87068 -0.454769 0.485867 
1533291968957 0.180357 0.93285 -0.31187 -0.61188 -0.95352 0.243635 0.177319 -0.216768 0.241394 0.265393 0.933432 0.379318 0.31622 -0.384863 0.867113 0.400795 -0.930002 -0.306262 0.203222 -0.504304 0.187352 -0.87068 -0.454769 0.485867 
1533291968971 0.179613 0.932905 -0.312135 -0.611535 -0.953647 0.242998 0.17751 -0.216988 0.241448 0.265783 0.933307 0.379366 0.31622 -0.384863 0.867113 0.400795 -0.930002 -0.306262 0.203222 -0.504304 0.187352 -0.87068 -0.454769 0.485867 
1533291968987 0.178868 0.932959 -0.312398 -0.611191 -0.953773 0.242361 0.177701 -0.217209 0.241501 0.266172 0.933182 0.379414 0.31622 -0.384863 0.867113 0.400795 -0.930002 -0.306262 0.203222 -0.504304 0.187352 -0.87068 -0.454769 0.485867 
1533291969004 0.178123 0.933014 -0.312662 -0.610846 -0.953899 0.241724 0.177893 -0.217429 0.241555 0.266561 0.933058 0.379462 0.31622 -0.384863 0.867113 0.400795 -0.930002 -0.306262 0.203222 -0.504304 0.187352 -0.87068 -0.454769 0.485867 
1533291969021 0.177379 0.933067 -0.312925 -0.610501 -0.954024 0.241087 0.178085 -0.217649 0.241607 0.26695 0.932933 0.37951 0.31622 -0.384863 0.867113 0.400795 -0.930002 -0.306262 0.203222 -0.504304 0.187352 -0.87068 -0.454769 0.485867 
1533291969038 0.176634 0.93312 -0.313189 -0.610159 -0.954149 0.24045 0.178277 -0.21787 0.24166 0.267339 0.932808 0.379558 0.31622 -0.384863 0.867113 0.400795 -0.930002 -0.306262 0.203222 -0.504304 0.187352 -0.87068 -0.454769 0.485867 
1533291969044 0.17589 0.933174 -0.313448 -0.60984 -0.954274 0.239814 0.178468 -0.218088 0.241711 0.267725 0.932684 0.379604 0.31622 -0.384863 0.867113 0.400795 -0.930002 -0.306262 0.203222 -0.504304 0.187352 -0.87068 -0.454769 0.485867 
1533291969065 0.179934 0.933042 -0.311539 -0.612491 -0.953376 0.243417 0.178386 -0.216464 0.242275 0.264917 0.933339 0.379229 0.31622 -0.384863 0.867113 0.400795 -0.930002 -0.306262 0.203222 -0.504304 0.187352 -0.87068 -0.454769 0.485867 
1533291969081 0.179202 0.933116 -0.311739 -0.61209 -0.953382 0.24291 0.179045 -0.216686 0.242794 0.265122 0.933146 0.379246 0.31622 -0.384863 0.867113 0.400795 -0.930002 -0.306262 0.203222 -0.504304 0.187352 -0.87068 -0.454769 0.485867 
1533291969098 0.17847 0.933189 -0.311939 -0.611688 -0.953388 0.242402 0.179703 -0.216907 0.243312 0.265327 0.932953 0.379264 0.31622 -0.384863 0.867113 0.400795 -0.930002 -0.306262 0.203222 -0.504304 0.187352 -0.87068 -0.454769 0.485867 
1533291969118 0.177738 0.933263 -0.312138 -0.611286 -0.953392 0.241895 0.180362 -0.217129 0.24383 0.265533 0.932759 0.379281 0.31622 -0.384863 0.867113 0.400795 -0.930002 -0.306262 0.203222 -0.504304 0.187352 -0.87068 -0.454769 0.485867 
1533291969139 0.177006 0.933335 -0.312338 -0.610885 -0.953396 0.241388 0.18102 -0.21735 0.244347 0.26574 0.932565 0.379299 0.31622 -0.384863 0.867113 0.400795 -0.930002 -0.306262 0.203222 -0.504304 0.187352 -0.87068 -0.454769 0.485867 
1533291969155 0.176273 0.933407 -0.312536 -0.610483 -0.953399 0.240881 0.181679 -0.217572 0.244864 0.265947 0.93237 0.379316 0.31622 -0.384863 0.867113 0.400795 -0.930002 -0.306262 0.203222 -0.504304 0.187352 -0.87068 -0.454769 0.485867 
1533291969175 0.175541 0.933479 -0.312734 -0.610081 -0.953401 0.240374 0.182337 -0.217793 0.245381 0.266153 0.932175 0.379334 0.31622 -0.384863 0.867113 0.400795 -0.930002 -0.306262 0.203222 -0.504304 0.187352 -0.87068 -0.454769 0.485867 
1533291969190 0.174808 0.93355 -0.312931 -0.60968 -0.953403 0.239866 0.182996 -0.218014 0.245897 0.26636 0.93198 0.379351 0.31622 -0.384863 0.867113 0.400795 -0.930002 -0.306262 0.203222 -0.504304 0.187352 -0.87068 -0.454769 0.485867 
1533291969205 0.174075 0.933621 -0.313128 -0.609281 -0.953403 0.239359 0.183655 -0.218236 0.246414 0.266568 0.931784 0.379369 0.31622 -0.384863 0.867113 0.400795 -0.930002 -0.306262 0.203222 -0.504304 0.187352 -0.87068 -0.454769 0.485867 
1533291969222 0.173344 0.933692 -0.313321 -0.608908 -0.953404 0.238853 0.184311 -0.218454 0.246927 0.266773 0.93159 0.379385 0.31622 -0.384863 0.867113 0.400795 -0.930002 -0.306262 0.203222 -0.504304 0.187352 -0.87068 -0.454769 0.485867 
1533291969245 0.178043 0.933313 -0.311814 -0.610931 -0.953826 0.241584 0.178475 -0.217222 0.241903 0.26564 0.93323 0.379443 0.31622 -0.384863 0.867113 0.400795 -0.930002 -0.306262 0.203222 -0.504304 0.187352 -0.87068 -0.454769 0.485867 
1533291969259 0.177315 0.93347 -0.311759 -0.610515 -0.953885 0.240971 0.178988 -0.217339 0.242205 0.265645 0.93315 0.379447 0.31622 -0.384863 0.867113 0.400795 -0.930002 -0.306262 0.203222 -0.504304 0.187352 -0.87068 -0.454769 0.485867 
1533291969276 0.176588 0.933626 -0.311703 -0.610098 -0.953943 0.240359 0.179501 -0.217455 0.242507 0.265649 0.933071 0.379451 0.31622 -0.384863 0.867113 0.400795 -0.930002 -0.306262 0.203222 -0.504304 0.187352 -0.87068 -0.454769 0.485867 
1533291969292 0.175861 0.933783 -0.311646 -0.609681 -0.954 0.239747 0.180014 -0.217572 0.24281 0.265653 0.932991 0.379455 0.31622 -0.384863 0.867113 0.400795 -0.930002 -0.306262 0.203222 -0.504304 0.187352 -0.87068 -0.454769 0.485867 
1533291969309 0.175134 0.933938 -0.31159 -0.609265 -0.954057 0.239135 0.180526 -0.217689 0.243112 0.265658 0.932911 0.379459 0.31622 -0.384863 0.867113 0.400795 -0.930002 -0.306262 0.203222 -0.504304 0.187352 -0.87068 -0.454769 0.485867 
1533291969329 0.174406 0.934093 -0.311533 -0.608848 -0.954113 0.238523 0.181039 -0.217805 0.243414 0.265663 0.93283 0.379462 0.31622 -0.384863 0.867113 0.400795 -0.930002 -0.306262 0.203222 -0.504304 0.187352 -0.87068 -0.454769 0.485867 
1533291969350 0.173679 0.934248 -0.311475 -0.608432 -0.954169 0.23791 0.181551 -0.217922 0.243717 0.265668 0.93275 0.379466 0.31622 -0.384863 0.867113 0.400795 -0.930002 -0.306262 0.203222 -0.504304 0.187352 -0.87068 -0.454769 0.485867 
1533291969368 0.172951 0.934402 -0.311417 -0.608015 -0.954224 0.237298 0.182063 -0.218038 0.244019 0.265673 0.93267 0.37947 0.31622 -0.384863 0.867113 0.400795 -0.930002 -0.306262 0.203222 -0.504304 0.187352 -0.87068 -0.454769 0.485867 
1533291969384 0.172224 0.934556 -0.311358 -0.607601 -0.954278 0.236685 0.182575 -0.218155 0.244321 0.265679 0.932589 0.379474 0.31622 -0.384863 0.867113 0.400795 -0.930002 -0.306262 0.203222 -0.504304 0.187352 -0.87068 -0.454769 0.485867 
1533291969404 0.171498 0.93471 -0.311297 -0.607213 -0.954332 0.236073 0.183086 -0.21827 0.244621 0.265682 0.932509 0.379477 0.31622 -0.384863 0.867113 0.400795 -0.930002 -0.306262 0.203222 -0.504304 0.187352 -0.87068 -0.454769 0.485867 
1533291969429 0.175732 0.933596 -0.312278 -0.609833 -0.953806 0.239986 0.180722 -0.217947 0.243664 0.266094 0.932642 0.379416 0.31622 -0.384863 0.867113 0.400795 -0.930002 -0.306262 0.203222 -0.504304 0.187352 -0.87068 -0.454769 0.485867 
1533291969440 0.174917 0.933792 -0.312148 -0.609412 -0.953748 0.23942 0.181777 -0.218088 0.244476 0.265915 0.932481 0.379355 0.31622 -0.384863 0.867113 0.400795 -0.930002 -0.306262 0.203222 -0.504304 0.187352 -0.87068 -0.454769 0.485867 
1533291969458 0.174101 0.933987 -0.31202 -0.608991 -0.953689 0.238853 0.182832 -0.218229 0.245289 0.265739 0.932318 0.379293 0.31622 -0.384863 0.867113 0.400795 -0.930002 -0.306262 0.203222 -0.504304 0.187352 -0.87068 -0.454769 0.485867 
1533291969475 0.173285 0.934182 -0.31189 -0.60857 -0.953628 0.238285 0.183887 -0.21837 0.246102 0.265562 0.932154 0.379232 0.31622 -0.384863 0.867113 0.400795 -0.930002 -0.306262 0.203222 -0.504304 0.187352 -0.87068 -0.454769 0.485867 
1533291969490 0.172469 0.934377 -0.311759 -0.608149 -0.953565 0.237718 0.184941 -0.218511 0.246915 0.265386 0.931989 0.379171 0.31622 -0.384863 0.867113 0.400795 -0.930002 -0.306262 0.203222 -0.504304 0.187352 -0.87068 -0.454769 0.485867 
1533291969507 0.171654 0.934571 -0.311627 -0.607728 -0.953502 0.23715 0.185995 -0.218652 0.247728 0.26521 0.931823 0.379109 0.31622 -0.384863 0.867113 0.400795 -0.930002 -0.306262 0.203222 -0.504304 0.187352 -0.87068 -0.454769 0.485867 
1533291969526 0.170838 0.934765 -0.311494 -0.607306 -0.953437 0.236582 0.187049 -0.218792 0.248541 0.265035 0.931657 0.379048 0.31622 -0.384863 0.867113 0.400795 -0.930002 -0.306262 0.203222 -0.504304 0.187352 -0.87068 -0.454769 0.485867 
1533291969540 0.170023 0.934958 -0.311361 -0.606886 -0.95337 0.236013 0.188102 -0.218933 0.249353 0.264861 0.931489 0.378987 0.31622 -0.384863 0.867113 0.400795 -0.930002 -0.306262 0.203222 -0.504304 0.187352 -0.87068 -0.454769 0.485867 
1533291969567 0.169207 0.935151 -0.311226 -0.606466 -0.953303 0.235444 0.189156 -0.219074 0.250166 0.264686 0.931321 0.378925 0.31622 -0.384863 0.867113 0.400795 -0.930002 -0.306262 0.203222 -0.504304 0.187352 -0.87068 -0.454769 0.485867 
1533291969578 0.168394 0.935343 -0.31109 -0.606072 -0.953234 0.234876 0.190206 -0.21921 0.250975 0.264512 0.931152 0.378866 0.31622 -0.384863 0.867113 0.400795 -0.930002 -0.306262 0.203222 -0.504304 0.187352 -0.87068 -0.454769 0.485867 
1533291969605 0.17314 0.934396 -0.311331 -0.608172 -0.954202 0.237446 0.181986 -0.21799 0.243971 0.265563 0.932713 0.37955 0.31622 -0.384863 0.867113 0.400795 -0.930002 -0.306262 0.203222 -0.504304 0.187352 -0.87068 -0.454769 0.485867 
1533291969620 0.172577 0.934512 -0.311296 -0.607827 -0.954229 0.236989 0.182434 -0.218058 0.244261 0.265564 0.932637 0.379525 0.31622 -0.384863 0.867113 0.400795 -0.930002 -0.306262 0.203222 -0.504304 0.187352 -0.87068 -0.454769 0.485867 
1533291969629 0.172015 0.934627 -0.311262 -0.607483 -0.954257 0.236534 0.182883 -0.218126 0.244551 0.265565 0.932561 0.379499 0.31622 -0.384863 0.867113 0.400795 -0.930002 -0.306262 0.203222 -0.504304 0.187352 -0.87068 -0.454769 0.485867 
1533291969636 0.171452 0.934742 -0.311227 -0.607138 -0.954283 0.236078 0.183332 -0.218194 0.244841 0.265566 0.932485 0.379474 0.31622 -0.384863 0.867113 0.400795 -0.930002 -0.306262 0.203222 -0.504304 0.187352 -0.87068 -0.454769 0.485867 
1533291969642 0.17089 0.934856 -0.311192 -0.606793 -0.95431 0.235622 0.18378 -0.218262 0.245132 0.265568 0.932408 0.379449 0.31622 -0.384863 0.867113 0.400795 -0.930002 -0.306262 0.203222 -0.504304 0.187352 -0.87068 -0.454769 0.485867 
1533291969662 0.170327 0.93497 -0.311157 -0.606448 -0.954336 0.235166 0.184228 -0.21833 0.245422 0.265569 0.932331 0.379423 0.31622 -0.384863 0.867113 0.400795 -0.930002 -0.306262 0.203222 -0.504304 0.187352 -0.87068 -0.454769 0.485867 
1533291969691 0.169765 0.935085 -0.311122 -0.606103 -0.954361 0.23471 0.184677 -0.218397 0.245712 0.265571 0.932254 0.379398 0.31622 -0.384863 0.867113 0.400795 -0.930002 -0.306262 0.203222 -0.504304 0.187352 -0.87068 -0.454769 0.485867 
1533291969708 0.169202 0.935198 -0.311086 -0.605759 -0.954386 0.234254 0.185125 -0.218465 0.246002 0.265573 0.932177 0.379373 0.31622 -0.384863 0.867113 0.400795 -0.930002 -0.306262 0.203222 -0.504304 0.187352 -0.87068 -0.454769 0.485867 
1533291969716 0.16864 0.935312 -0.311049 -0.605416 -0.954411 0.233798 0.185574 -0.218533 0.246292 0.265574 0.9321 0.379347 0.31622 -0.384863 0.867113 0.400795 -0.930002 -0.306262 0.203222 -0.504304 0.187352 -0.87068 -0.454769 0.485867 
1533291969728 0.168078 0.935426 -0.311012 -0.605095 -0.954436 0.233342 0.186021 -0.2186 0.246581 0.265575 0.932024 0.379322 0.31622 -0.384863 0.867113 0.400795 -0.930002 -0.306262 0.203222 -0.504304 0.187352 -0.87068 -0.454769 0.485867 
1533291969790 0.17039 0.934924 -0.311263 -0.607189 -0.953784 0.235827 0.186227 -0.21862 0.247513 0.265146 0.931898 0.379148 0.31622 -0.384863 0.867113 0.400795 -0.930002 -0.306262 0.203222 -0.504304 0.187352 -0.87068 -0.454769 0.485867 
1533291969802 0.170003 0.935021 -0.311183 -0.606917 -0.95377 0.235537 0.186669 -0.218697 0.247835 0.265062 0.931837 0.379112 0.31622 -0.384863 0.867113 0.400795 -0.930002 -0.306262 0.203222 -0.504304 0.187352 -0.87068 -0.454769 0.485867 
1533291969818 0.169625 0.935118 -0.311096 -0.606666 -0.953757 0.235249 0.187095 -0.218746 0.248142 0.264974 0.93178 0.379083 0.31622 -0.384863 0.867113 0.400795 -0.930002 -0.306262 0.203222 -0.504304 0.187352 -0.87068 -0.454769 0.485867 
1533291969846 0.169248 0.935216 -0.31101 -0.606415 -0.953745 0.234962 0.187521 -0.218795 0.248448 0.264886 0.931724 0.379054 0.31622 -0.384863 0.867113 0.400795 -0.930002 -0.306262 0.203222 -0.504304 0.187352 -0.87068 -0.454769 0.485867 
1533291969863 0.16887 0.935313 -0.310923 -0.606165 -0.953732 0.234675 0.187947 -0.218844 0.248755 0.264798 0.931667 0.379025 0.31622 -0.384863 0.867113 0.400795 -0.930002 -0.306262 0.203222 -0.504304 0.187352 -0.87068 -0.454769 0.485867 
1533291969870 0.168493 0.93541 -0.310836 -0.605915 -0.953718 0.234387 0.188372 -0.218892 0.249061 0.26471 0.93161 0.378996 0.31622 -0.384863 0.867113 0.400795 -0.930002 -0.306262 0.203222 -0.504304 0.187352 -0.87068 -0.454769 0.485867 
1533291969883 0.168116 0.935506 -0.310749 -0.605664 -0.953705 0.234099 0.188798 -0.218941 0.249368 0.264623 0.931553 0.378968 0.31622 -0.384863 0.867113 0.400795 -0.930002 -0.306262 0.203222 -0.504304 0.187352 -0.87068 -0.454769 0.485867 
1533291969900 0.167739 0.935603 -0.310662 -0.605414 -0.953691 0.233812 0.189223 -0.218989 0.249674 0.264536 0.931495 0.378939 0.31622 -0.384863 0.867113 0.400795 -0.930002 -0.306262 0.203222 -0.504304 0.187352 -0.87068 -0.454769 0.485867 
1533291969917 0.167361 0.9357 -0.310574 -0.605165 -0.953677 0.233524 0.189649 -0.219038 0.249981 0.264448 0.931438 0.37891 0.31622 -0.384863 0.867113 0.400795 -0.930002 -0.306262 0.203222 -0.504304 0.187352 -0.87068 -0.454769 0.485867 
1533291969933 0.166985 0.935796 -0.310486 -0.604932 -0.953663 0.233237 0.190073 -0.219085 0.250286 0.264359 0.931381 0.378881 0.31622 -0.384863 0.867113 0.400795 -0.930002 -0.306262 0.203222 -0.504304 0.187352 -0.87068 -0.454769 0.485867 
1533291969960 0.167345 0.935741 -0.31046 -0.60573 -0.954527 0.232583 0.186502 -0.218063 0.246725 0.265132 0.932112 0.379411 0.31622 -0.384863 0.867113 0.400795 -0.930002 -0.306262 0.203222 -0.504304 0.187352 -0.87068 -0.454769 0.485867 
1533291969973 0.167075 0.935765 -0.31053 -0.605514 -0.95444 0.232487 0.187066 -0.218109 0.247244 0.265128 0.931975 0.379402 0.31622 -0.384863 0.867113 0.400795 -0.930002 -0.306262 0.203222 -0.504304 0.187352 -0.87068 -0.454769 0.485867 
1533291970003 0.166805 0.93579 -0.3106 -0.605297 -0.954353 0.232391 0.18763 -0.218155 0.247763 0.265125 0.931838 0.379394 0.31622 -0.384863 0.867113 0.400795 -0.930002 -0.306262 0.203222 -0.504304 0.187352 -0.87068 -0.454769 0.485867 
1533291970010 0.166535 0.935815 -0.31067 -0.605081 -0.954265 0.232295 0.188194 -0.218201 0.248281 0.265121 0.931701 0.379385 0.31622 -0.384863 0.867113 0.400795 -0.930002 -0.306262 0.203222 -0.504304 0.187352 -0.87068 -0.454769 0.485867 
1533291970024 0.166265 0.93584 -0.31074 -0.604864 -0.954177 0.232198 0.188758 -0.218248 0.2488 0.265117 0.931564 0.379376 0.31622 -0.384863 0.867113 0.400795 -0.930002 -0.306262 0.203222 -0.504304 0.187352 -0.87068 -0.454769 0.485867 
1533291970041 0.165994 0.935865 -0.31081 -0.604647 -0.954089 0.232102 0.189321 -0.218294 0.249319 0.265114 0.931426 0.379367 0.31622 -0.384863 0.867113 0.400795 -0.930002 -0.306262 0.203222 -0.504304 0.187352 -0.87068 -0.454769 0.485867 
1533291970053 0.165724 0.93589 -0.310879 -0.604431 -0.954 0.232006 0.189885 -0.21834 0.249837 0.26511 0.931288 0.379359 0.31622 -0.384863 0.867113 0.400795 -0.930002 -0.306262 0.203222 -0.504304 0.187352 -0.87068 -0.454769 0.485867 
1533291970060 0.165454 0.935914 -0.31095 -0.604214 -0.953911 0.231911 0.190448 -0.218386 0.250356 0.265108 0.93115 0.37935 0.31622 -0.384863 0.867113 0.400795 -0.930002 -0.306262 0.203222 -0.504304 0.187352 -0.87068 -0.454769 0.485867 
