1535386668592 -0.00888669 0.947594 -0.319354 -0.553967 -0.997432 -0.0310955 -0.0645115 -0.23464 -0.0710612 0.317961 0.945437 0.359267 0.31167 -0.31918 0.894978 0.419744 -0.944737 -0.204864 0.255936 -0.49661 0.101659 -0.925286 -0.365391 0.473233 
1535386668640 0.0156457 0.949697 -0.312778 -0.562314 -0.999076 0.00232248 -0.0429235 -0.235385 -0.0400379 0.313161 0.948856 0.36059 0.292562 -0.302778 0.907046 0.415919 -0.953069 -0.169588 0.250797 -0.495049 0.0778889 -0.937852 -0.338183 0.469798 
1535386669386 0.0403715 0.950941 -0.306726 -0.570661 -0.999143 0.0356177 -0.0210825 -0.236131 -0.00912331 0.307314 0.951564 0.361913 0.273825 -0.285484 0.918433 0.412092 -0.960292 -0.134242 0.244577 -0.493486 0.0534694 -0.948935 -0.310906 0.466363 
1535386670048 0.0652496 0.951324 -0.301206 -0.579009 -0.997634 0.0687349 0.000975991 -0.236877 0.0216319 0.30043 0.953559 0.363236 0.255492 -0.267329 0.929117 0.408265 -0.966393 -0.098888 0.237289 -0.491921 0.0284441 -0.958518 -0.28361 0.462927 
1535386670762 0.0902397 0.950845 -0.296228 -0.587356 -0.994552 0.101621 0.0232162 -0.237622 0.0521779 0.292519 0.954835 0.364559 0.237596 -0.248347 0.93908 0.404438 -0.97136 -0.0635899 0.228946 -0.490357 0.00285786 -0.966582 -0.256343 0.459492 
1535386671469 0.115302 0.949504 -0.291801 -0.595703 -0.989901 0.134222 0.0456017 -0.238368 0.0824651 0.283596 0.955391 0.365882 0.22017 -0.228571 0.948304 0.400611 -0.975185 -0.0284108 0.219563 -0.488791 -0.0232435 -0.973113 -0.229154 0.456056 
1535386672163 0.140396 0.947304 -0.287931 -0.604051 -0.98369 0.166487 0.0680966 -0.239114 0.112445 0.273674 0.955227 0.367204 0.203244 -0.208036 0.956772 0.396783 -0.97786 0.00658604 0.209156 -0.487226 -0.0498134 -0.978099 -0.202092 0.45262 
1535386672879 0.165481 0.944248 -0.284624 -0.612399 -0.975927 0.198362 0.0906644 -0.23986 0.142068 0.262769 0.954342 0.368527 0.18685 -0.18678 0.964469 0.392956 -0.979381 0.041338 0.197745 -0.48566 -0.076804 -0.981532 -0.175205 0.449184 
1535386673588 0.190517 0.940342 -0.281886 -0.620747 -0.966625 0.229796 0.113269 -0.240605 0.171288 0.250899 0.952738 0.36985 0.171016 -0.16484 0.971381 0.389128 -0.979746 0.075783 0.185349 -0.484095 -0.104167 -0.983405 -0.148542 0.445748 
1535386674333 0.215462 0.935592 -0.279722 -0.629096 -0.9558 0.260739 0.135873 -0.241352 0.200056 0.238082 0.950418 0.371172 0.155771 -0.142256 0.977496 0.385301 -0.978954 0.109859 0.171991 -0.48253 -0.131854 -0.983714 -0.12215 0.442313 
1535386675146 0.214566 0.935572 -0.280477 -0.628842 -0.956297 0.259636 0.134484 -0.241637 0.198641 0.239364 0.950393 0.370899 0.15629 -0.143335 0.977256 0.385547 -0.979025 0.10845 0.17248 -0.482564 -0.130705 -0.983714 -0.123379 0.442251 
1535386675175 0.21627 0.934925 -0.281322 -0.629456 -0.955227 0.26221 0.137066 -0.241764 0.201912 0.239084 0.949774 0.371096 0.158366 -0.140702 0.977304 0.385177 -0.979394 0.103249 0.173569 -0.482863 -0.125327 -0.984654 -0.121452 0.442114 
1535386675456 0.21797 0.934274 -0.282172 -0.630075 -0.954144 0.264782 0.139645 -0.241893 0.205181 0.238794 0.949146 0.371292 0.160427 -0.138057 0.977345 0.384807 -0.979733 0.0980482 0.174669 -0.483164 -0.119941 -0.985559 -0.11953 0.441977 
1535386675773 0.219666 0.933618 -0.283026 -0.630693 -0.953046 0.267351 0.142221 -0.242022 0.208447 0.238495 0.948509 0.371488 0.162473 -0.135401 0.977379 0.384438 -0.980041 0.0928475 0.175779 -0.483465 -0.114548 -0.986431 -0.117613 0.44184 
1535386676092 0.221358 0.932958 -0.283884 -0.631311 -0.951934 0.269919 0.144793 -0.242151 0.211711 0.238188 0.947863 0.371684 0.164505 -0.132733 0.977405 0.384069 -0.980319 0.0876472 0.176898 -0.483766 -0.109147 -0.987269 -0.115702 0.441702 
1535386676405 0.223046 0.932293 -0.284747 -0.63193 -0.950809 0.272483 0.147361 -0.242281 0.214973 0.237871 0.947208 0.37188 0.166521 -0.130053 0.977424 0.383699 -0.980566 0.0824474 0.178026 -0.484067 -0.103739 -0.988073 -0.113797 0.441565 
1535386676710 0.224729 0.931623 -0.285614 -0.632548 -0.949669 0.275046 0.149926 -0.24241 0.218232 0.237546 0.946545 0.372077 0.168522 -0.127363 0.977435 0.38333 -0.980782 0.0772483 0.179164 -0.484368 -0.098324 -0.988844 -0.111897 0.441428 
1535386677034 0.226409 0.930948 -0.286486 -0.633167 -0.948516 0.277607 0.152487 -0.242539 0.221488 0.237212 0.945872 0.372273 0.170508 -0.124661 0.977439 0.38296 -0.980967 0.0720501 0.180312 -0.484669 -0.0929024 -0.98958 -0.110003 0.441291 
1535386677370 0.228084 0.930269 -0.287362 -0.633785 -0.947349 0.280165 0.155043 -0.242668 0.224741 0.23687 0.94519 0.372469 0.172478 -0.121947 0.977435 0.382591 -0.981122 0.066853 0.181469 -0.48497 -0.0874742 -0.990283 -0.108115 0.441154 
1535386677726 0.229755 0.929585 -0.288243 -0.634405 -0.946167 0.28272 0.157596 -0.242798 0.227991 0.236518 0.9445 0.372665 0.174433 -0.119223 0.977425 0.382221 -0.981245 0.0616573 0.182636 -0.485271 -0.0820398 -0.990951 -0.106232 0.441017 
1535386678076 0.229217 0.929845 -0.287833 -0.634105 -0.946684 0.281735 0.15625 -0.242878 0.226381 0.236672 0.944848 0.37254 0.174017 -0.119876 0.977419 0.382316 -0.981241 0.0625227 0.182366 -0.485211 -0.0829722 -0.990818 -0.106747 0.441016 
1535386678109 0.229941 0.929704 -0.287711 -0.634405 -0.946348 0.282574 0.156775 -0.242918 0.227054 0.236226 0.944798 0.372685 0.175444 -0.119732 0.977181 0.382282 -0.98135 0.0579353 0.183291 -0.485408 -0.0785592 -0.991114 -0.107335 0.44117 
1535386678363 0.230406 0.929655 -0.287498 -0.634625 -0.946176 0.283043 0.156967 -0.242927 0.227299 0.235857 0.944832 0.372791 0.17687 -0.119582 0.976943 0.382249 -0.981437 0.0533459 0.184214 -0.485609 -0.0741446 -0.99139 -0.107927 0.441324 
1535386678589 0.230871 0.929606 -0.287284 -0.634844 -0.946004 0.283511 0.157158 -0.242936 0.227543 0.235489 0.944865 0.372897 0.178296 -0.119425 0.976703 0.382216 -0.981503 0.0487556 0.185133 -0.48581 -0.0697294 -0.991645 -0.108524 0.441478 
1535386678833 0.231336 0.929556 -0.287071 -0.635064 -0.945831 0.28398 0.15735 -0.242945 0.227788 0.23512 0.944898 0.373003 0.17972 -0.119262 0.976462 0.382183 -0.981547 0.0441644 0.18605 -0.486011 -0.0653136 -0.99188 -0.109124 0.441632 
1535386679082 0.231801 0.929506 -0.286857 -0.635284 -0.945658 0.284448 0.157542 -0.242954 0.228032 0.234751 0.94493 0.373109 0.181144 -0.119092 0.976219 0.382151 -0.981569 0.0395724 0.186964 -0.486212 -0.0608973 -0.992094 -0.109729 0.441786 
1535386679322 0.232266 0.929456 -0.286644 -0.635503 -0.945485 0.284917 0.157734 -0.242963 0.228276 0.234382 0.944963 0.373216 0.182566 -0.118915 0.975976 0.382117 -0.98157 0.0349798 0.187875 -0.486412 -0.0564806 -0.992288 -0.110337 0.44194 
1535386679578 0.232731 0.929405 -0.286431 -0.635724 -0.945312 0.285385 0.157926 -0.242972 0.22852 0.234012 0.944996 0.373322 0.183988 -0.118732 0.975731 0.382085 -0.981549 0.0303866 0.188782 -0.486614 -0.0520637 -0.992461 -0.11095 0.442094 
1535386679812 0.233196 0.929354 -0.286218 -0.635943 -0.945139 0.285853 0.158118 -0.242981 0.228764 0.233643 0.945028 0.373428 0.185408 -0.118542 0.975485 0.382052 -0.981506 0.025793 0.189687 -0.486814 -0.0476465 -0.992614 -0.111567 0.442248 
1535386680055 0.233661 0.929303 -0.286005 -0.636164 -0.944965 0.286321 0.15831 -0.242991 0.229007 0.233273 0.94506 0.373534 0.186827 -0.118345 0.975239 0.382019 -0.981441 0.0211991 0.190588 -0.487015 -0.0432293 -0.992746 -0.112188 0.442402 
1535386680339 0.233202 0.929335 -0.286275 -0.635948 -0.945125 0.285881 0.158148 -0.242992 0.228813 0.233685 0.945006 0.373394 0.186344 -0.118424 0.975321 0.382031 -0.981467 0.0227225 0.190277 -0.486956 -0.0446952 -0.992703 -0.111996 0.442272 
1535386680353 0.23299 0.92948 -0.285977 -0.636067 -0.945079 0.285728 0.1587 -0.243079 0.229221 0.233295 0.945003 0.373461 0.186293 -0.119112 0.975247 0.382001 -0.981421 0.0238303 0.190383 -0.486968 -0.0459173 -0.992595 -0.112459 0.442357 
1535386680518 0.232778 0.929625 -0.285679 -0.636191 -0.945032 0.285575 0.159252 -0.243168 0.229628 0.232905 0.945001 0.373526 0.186242 -0.1198 0.975173 0.381971 -0.981372 0.0249378 0.19049 -0.486981 -0.0471393 -0.992485 -0.112924 0.442443 
1535386680647 0.232565 0.92977 -0.28538 -0.636316 -0.944985 0.285421 0.159804 -0.243258 0.230034 0.232515 0.944998 0.373591 0.186191 -0.120487 0.975098 0.381941 -0.981323 0.026045 0.190598 -0.486993 -0.048361 -0.992373 -0.113387 0.442528 
1535386680796 0.232353 0.929915 -0.285081 -0.636441 -0.944939 0.285267 0.160356 -0.243347 0.230441 0.232125 0.944995 0.373657 0.186138 -0.121175 0.975023 0.381911 -0.981272 0.0271525 0.190705 -0.487005 -0.049583 -0.99226 -0.113852 0.442613 
1535386680936 0.232141 0.930059 -0.284782 -0.636564 -0.944891 0.285113 0.160908 -0.243436 0.230848 0.231735 0.944991 0.373723 0.186084 -0.121863 0.974947 0.381881 -0.981219 0.0282596 0.190814 -0.487018 -0.0508047 -0.992145 -0.114315 0.442699 
1535386681061 0.231929 0.930204 -0.284482 -0.636689 -0.944844 0.284958 0.161459 -0.243525 0.231255 0.231344 0.944987 0.373788 0.18603 -0.12255 0.974871 0.38185 -0.981166 0.0293665 0.190923 -0.48703 -0.0520261 -0.992028 -0.114779 0.442784 
1535386681205 0.231717 0.930348 -0.284183 -0.636814 -0.944796 0.284803 0.162011 -0.243615 0.231663 0.230954 0.944983 0.373853 0.185974 -0.123238 0.974795 0.38182 -0.981111 0.0304736 0.191032 -0.487042 -0.0532478 -0.991909 -0.115242 0.442869 
1535386681362 0.231505 0.930492 -0.283883 -0.636937 -0.944748 0.284648 0.162562 -0.243704 0.23207 0.230564 0.944978 0.373919 0.185918 -0.123925 0.974719 0.38179 -0.981054 0.0315804 0.191142 -0.487054 -0.0544692 -0.991789 -0.115706 0.442954 
1535386681504 0.231294 0.930636 -0.283584 -0.637061 -0.9447 0.284493 0.163113 -0.243793 0.232477 0.230174 0.944973 0.373985 0.185862 -0.124612 0.974642 0.38176 -0.980996 0.0326871 0.191252 -0.487067 -0.0556905 -0.991667 -0.116168 0.44304 
1535386681653 0.231515 0.930503 -0.283838 -0.636882 -0.944786 0.28461 0.162411 -0.243733 0.231907 0.230566 0.945018 0.373919 0.185906 -0.124022 0.974709 0.381776 -0.981053 0.0316365 0.191141 -0.487042 -0.0545421 -0.991775 -0.115791 0.44299 
1535386681674 0.231329 0.930682 -0.283403 -0.636939 -0.944912 0.284276 0.16226 -0.243806 0.231577 0.230256 0.945174 0.373917 0.185752 -0.124527 0.974674 0.381759 -0.981128 0.0306989 0.190905 -0.487058 -0.0536941 -0.991741 -0.116475 0.443086 
1535386681688 0.231152 0.930847 -0.283006 -0.637001 -0.945044 0.28395 0.162062 -0.243883 0.231215 0.229992 0.945327 0.373904 0.185598 -0.125032 0.974639 0.381741 -0.981204 0.0297612 0.190666 -0.487075 -0.0528458 -0.991706 -0.117158 0.443181 
1535386681816 0.230975 0.931012 -0.282609 -0.637064 -0.945176 0.283623 0.161865 -0.24396 0.230852 0.229729 0.94548 0.37389 0.185444 -0.125537 0.974603 0.381724 -0.981278 0.0288237 0.190427 -0.487091 -0.0519973 -0.99167 -0.117841 0.443277 
1535386681878 0.230798 0.931176 -0.282212 -0.637126 -0.945308 0.283297 0.161667 -0.244037 0.23049 0.229465 0.945632 0.373876 0.185291 -0.126042 0.974567 0.381706 -0.981352 0.0278862 0.190187 -0.487108 -0.0511485 -0.991633 -0.118524 0.443373 
1535386681962 0.230621 0.93134 -0.281815 -0.637187 -0.945439 0.282971 0.161469 -0.244113 0.230127 0.229201 0.945785 0.373863 0.185138 -0.126547 0.974531 0.381689 -0.981424 0.0269489 0.189947 -0.487124 -0.0502997 -0.991595 -0.119207 0.443469 
1535386682033 0.230443 0.931504 -0.281417 -0.63725 -0.945571 0.282645 0.16127 -0.24419 0.229765 0.228936 0.945937 0.373849 0.184985 -0.127052 0.974494 0.381671 -0.981496 0.0260117 0.189706 -0.48714 -0.0494507 -0.991555 -0.119889 0.443564 
1535386682144 0.230266 0.931668 -0.28102 -0.637311 -0.945702 0.282319 0.161072 -0.244267 0.229403 0.228672 0.946088 0.373835 0.184833 -0.127557 0.974457 0.381654 -0.981567 0.0250745 0.189464 -0.487157 -0.0486016 -0.991514 -0.120571 0.44366 
1535386682203 0.230088 0.931832 -0.280623 -0.637374 -0.945833 0.281992 0.160873 -0.244344 0.229041 0.228408 0.94624 0.373821 0.184682 -0.128063 0.974419 0.381636 -0.981638 0.0241375 0.189222 -0.487173 -0.0477523 -0.991472 -0.121253 0.443756 
1535386682293 0.22991 0.931995 -0.280226 -0.637435 -0.945964 0.281666 0.160675 -0.244421 0.228678 0.228143 0.946392 0.373808 0.18453 -0.128568 0.974381 0.381619 -0.981707 0.0232006 0.188979 -0.48719 -0.0469028 -0.991429 -0.121935 0.443851 
1535386682391 0.230445 0.931709 -0.280738 -0.63728 -0.94569 0.282409 0.160984 -0.244391 0.229273 0.228393 0.946187 0.373902 0.184721 -0.127827 0.974442 0.381606 -0.981608 0.0246323 0.189311 -0.487159 -0.048202 -0.99149 -0.120926 0.443695 
1535386682405 0.230712 0.931645 -0.280729 -0.637264 -0.945642 0.282646 0.160849 -0.244398 0.229202 0.228359 0.946213 0.37387 0.184279 -0.127319 0.974593 0.38159 -0.981746 0.0236408 0.18872 -0.487152 -0.0470679 -0.99158 -0.120639 0.443633 
1535386682426 0.230979 0.931582 -0.280721 -0.637245 -0.945594 0.282883 0.160714 -0.244403 0.22913 0.228327 0.946238 0.373839 0.183835 -0.126811 0.974743 0.381572 -0.981883 0.0226484 0.188128 -0.487139 -0.0459331 -0.991668 -0.12035 0.44357 
1535386682585 0.231247 0.931517 -0.280714 -0.637226 -0.945546 0.28312 0.160578 -0.244409 0.229057 0.228295 0.946263 0.373808 0.18339 -0.126304 0.974893 0.381554 -0.982019 0.0216558 0.187536 -0.487127 -0.0447985 -0.991755 -0.120061 0.443507 
1535386682634 0.231514 0.931453 -0.280707 -0.637207 -0.945498 0.283357 0.160443 -0.244415 0.228985 0.228263 0.946288 0.373777 0.182944 -0.125796 0.975042 0.381537 -0.982153 0.0206628 0.186944 -0.487115 -0.043664 -0.991841 -0.119771 0.443444 
1535386682772 0.231781 0.931389 -0.280699 -0.637189 -0.94545 0.283593 0.160308 -0.24442 0.228913 0.228231 0.946314 0.373746 0.182498 -0.12529 0.975191 0.381519 -0.982286 0.0196694 0.186353 -0.487104 -0.0425295 -0.991925 -0.119481 0.443381 
1535386682829 0.232048 0.931325 -0.280692 -0.63717 -0.945402 0.28383 0.160173 -0.244426 0.228841 0.228199 0.946339 0.373715 0.182051 -0.124783 0.975339 0.381501 -0.982417 0.0186758 0.185762 -0.487091 -0.0413951 -0.992008 -0.119189 0.443318 
1535386682959 0.232315 0.931261 -0.280684 -0.637151 -0.945354 0.284066 0.160037 -0.244432 0.228769 0.228167 0.946364 0.373683 0.181604 -0.124277 0.975487 0.381484 -0.982547 0.0176817 0.185171 -0.48708 -0.0402608 -0.99209 -0.118897 0.443255 
1535386683018 0.232581 0.931196 -0.280676 -0.637133 -0.945306 0.284302 0.159902 -0.244437 0.228697 0.228135 0.946389 0.373652 0.181156 -0.123772 0.975635 0.381466 -0.982676 0.0166874 0.18458 -0.487069 -0.0391266 -0.99217 -0.118605 0.443192 
1535386683139 0.232848 0.931132 -0.280669 -0.637113 -0.945258 0.284539 0.159767 -0.244442 0.228625 0.228103 0.946414 0.373621 0.180707 -0.123267 0.975782 0.381448 -0.982803 0.0156928 0.183989 -0.487056 -0.0379925 -0.992249 -0.118311 0.443129 
1535386683232 0.232266 0.931243 -0.280784 -0.637184 -0.945339 0.284064 0.160133 -0.244361 0.228883 0.228242 0.946318 0.373661 0.181348 -0.123913 0.975581 0.38151 -0.98263 0.0168878 0.184803 -0.48702 -0.0393749 -0.992149 -0.118698 0.443151 
1535386683253 0.232791 0.93112 -0.280755 -0.636989 -0.945211 0.284559 0.160005 -0.244277 0.228875 0.228125 0.946348 0.373706 0.181052 -0.124245 0.975594 0.381548 -0.982668 0.0172824 0.184565 -0.487089 -0.039792 -0.992101 -0.118963 0.443147 
1535386683271 0.233315 0.930998 -0.280726 -0.636789 -0.945084 0.285054 0.159877 -0.244191 0.228867 0.228008 0.946378 0.373752 0.180755 -0.124577 0.975607 0.381587 -0.982706 0.017677 0.184327 -0.487158 -0.0402088 -0.992052 -0.119227 0.443143 
1535386683446 0.23384 0.930875 -0.280698 -0.63659 -0.944956 0.285548 0.159749 -0.244105 0.228859 0.227892 0.946408 0.373798 0.180458 -0.124909 0.975619 0.381625 -0.982743 0.0180718 0.184089 -0.487228 -0.0406256 -0.992004 -0.119492 0.44314 
1535386683552 0.234365 0.930751 -0.28067 -0.63639 -0.944828 0.286043 0.159621 -0.244018 0.228851 0.227775 0.946438 0.373844 0.180161 -0.12524 0.975632 0.381663 -0.982781 0.0184664 0.183852 -0.487297 -0.0410421 -0.991955 -0.119757 0.443136 
1535386683665 0.234889 0.930627 -0.280642 -0.63619 -0.9447 0.286538 0.159493 -0.243932 0.228843 0.227659 0.946468 0.37389 0.179864 -0.125572 0.975644 0.381702 -0.982817 0.0188612 0.183614 -0.487366 -0.0414585 -0.991905 -0.120022 0.443132 
1535386683766 0.235413 0.930504 -0.280613 -0.635991 -0.944571 0.287033 0.159366 -0.243846 0.228835 0.227542 0.946498 0.373935 0.179566 -0.125903 0.975656 0.38174 -0.982854 0.0192563 0.183376 -0.487435 -0.0418752 -0.991856 -0.120287 0.443128 
1535386683868 0.235938 0.930379 -0.280585 -0.635791 -0.944442 0.287527 0.159238 -0.243759 0.228827 0.227426 0.946528 0.373981 0.179268 -0.126234 0.975668 0.381778 -0.982891 0.0196513 0.183138 -0.487504 -0.0422914 -0.991806 -0.120552 0.443124 
1535386683973 0.236462 0.930255 -0.280556 -0.635592 -0.944313 0.288022 0.15911 -0.243673 0.228819 0.22731 0.946558 0.374027 0.178971 -0.126566 0.97568 0.381816 -0.982927 0.0200463 0.182901 -0.487574 -0.0427077 -0.991756 -0.120817 0.443121 
1535386684082 0.236986 0.93013 -0.280528 -0.635391 -0.944184 0.288516 0.158982 -0.243586 0.228811 0.227193 0.946588 0.374073 0.178673 -0.126896 0.975691 0.381855 -0.982963 0.0204413 0.182664 -0.487643 -0.0431237 -0.991705 -0.121082 0.443117 
1535386684213 0.236329 0.930279 -0.280588 -0.635619 -0.944354 0.287893 0.159102 -0.243589 0.228789 0.227374 0.94655 0.373973 0.17912 -0.126134 0.975708 0.381757 -0.982918 0.0196845 0.182989 -0.487524 -0.0422874 -0.991818 -0.120453 0.443127 
1535386684229 0.236655 0.930246 -0.280422 -0.635245 -0.944278 0.28817 0.15905 -0.243464 0.228765 0.227157 0.946608 0.374088 0.179814 -0.126381 0.975548 0.381811 -0.982865 0.0177767 0.183465 -0.487701 -0.0405287 -0.991822 -0.121019 0.443143 
1535386684421 0.236981 0.930213 -0.280257 -0.634867 -0.944202 0.288448 0.158997 -0.243337 0.228741 0.22694 0.946666 0.374204 0.180507 -0.126627 0.975388 0.381865 -0.982809 0.0158675 0.183941 -0.48788 -0.0387688 -0.991823 -0.121586 0.443158 
1535386684613 0.237307 0.93018 -0.280091 -0.634489 -0.944126 0.288726 0.158944 -0.243209 0.228716 0.226723 0.946724 0.37432 0.181202 -0.126871 0.975228 0.381919 -0.982749 0.0139581 0.184415 -0.488059 -0.0370093 -0.991821 -0.122153 0.443174 
1535386684801 0.237634 0.930146 -0.279926 -0.63411 -0.94405 0.289004 0.158892 -0.243082 0.228692 0.226506 0.946781 0.374437 0.181897 -0.127114 0.975067 0.381973 -0.982686 0.0120484 0.184888 -0.488238 -0.03525 -0.991815 -0.122722 0.44319 
1535386684967 0.23796 0.930112 -0.279761 -0.633731 -0.943973 0.289283 0.158839 -0.242954 0.228668 0.226289 0.946839 0.374553 0.182592 -0.127356 0.974906 0.382028 -0.982618 0.0101387 0.185361 -0.488416 -0.033491 -0.991805 -0.123291 0.443206 
1535386685156 0.238287 0.930078 -0.279596 -0.633351 -0.943897 0.289561 0.158787 -0.242827 0.228644 0.226073 0.946897 0.374669 0.183287 -0.127596 0.974744 0.382082 -0.982547 0.0082288 0.185831 -0.488595 -0.0317323 -0.991792 -0.123861 0.443222 
1535386685339 0.238613 0.930044 -0.27943 -0.632973 -0.94382 0.289839 0.158734 -0.2427 0.228619 0.225856 0.946954 0.374785 0.183983 -0.127834 0.974581 0.382136 -0.982472 0.0063187 0.186301 -0.488774 -0.0299738 -0.991775 -0.124431 0.443238 
1535386685531 0.238939 0.93001 -0.279264 -0.632595 -0.943744 0.290117 0.158682 -0.242573 0.228595 0.225639 0.947012 0.374901 0.184679 -0.128072 0.974418 0.38219 -0.982394 0.00440851 0.18677 -0.488952 -0.0282157 -0.991755 -0.125003 0.443253 
1535386685747 0.239266 0.929976 -0.279099 -0.632215 -0.943667 0.290395 0.158629 -0.242445 0.228571 0.225422 0.947069 0.375018 0.185375 -0.128308 0.974255 0.382245 -0.982312 0.00249822 0.187237 -0.489131 -0.0264579 -0.991731 -0.125575 0.443269 
1535386685960 0.239033 0.929982 -0.27928 -0.63246 -0.943699 0.29023 0.158741 -0.242483 0.228682 0.225612 0.946997 0.374907 0.184956 -0.128138 0.974357 0.382254 -0.982355 0.0038767 0.186984 -0.48896 -0.027737 -0.991749 -0.12516 0.443297 
1535386685975 0.238975 0.929944 -0.279456 -0.63196 -0.943613 0.290303 0.159116 -0.242314 0.229096 0.225674 0.946883 0.375079 0.185503 -0.127636 0.974319 0.382304 -0.982262 0.00353022 0.187478 -0.489117 -0.0273685 -0.991815 -0.124717 0.443166 
1535386686159 0.238917 0.929906 -0.279633 -0.631456 -0.943528 0.290377 0.159489 -0.242143 0.229508 0.225737 0.946768 0.375252 0.186051 -0.127134 0.97428 0.382355 -0.982169 0.0031835 0.187973 -0.489276 -0.0269994 -0.99188 -0.124275 0.443036 
1535386686363 0.238858 0.929867 -0.27981 -0.630952 -0.943442 0.29045 0.159862 -0.241972 0.229921 0.2258 0.946652 0.375425 0.186598 -0.126633 0.974241 0.382406 -0.982075 0.00283704 0.188467 -0.489434 -0.0266301 -0.991946 -0.123834 0.442905 
1535386686561 0.2388 0.929829 -0.279987 -0.630448 -0.943356 0.290523 0.160235 -0.241801 0.230333 0.225863 0.946537 0.375598 0.187145 -0.126131 0.974201 0.382457 -0.981981 0.00249082 0.188962 -0.489592 -0.0262605 -0.99201 -0.123392 0.442774 
1535386686770 0.238741 0.929791 -0.280164 -0.629943 -0.94327 0.290597 0.160607 -0.24163 0.230746 0.225927 0.946421 0.375772 0.187692 -0.125629 0.974161 0.382507 -0.981887 0.0021449 0.189457 -0.48975 -0.0258907 -0.992075 -0.122951 0.442643 
1535386686973 0.238683 0.929753 -0.280341 -0.629439 -0.943184 0.29067 0.16098 -0.241459 0.231158 0.22599 0.946306 0.375945 0.188238 -0.125127 0.97412 0.382558 -0.981792 0.00179917 0.189952 -0.489908 -0.0255206 -0.992139 -0.12251 0.442513 
1535386687195 0.238624 0.929714 -0.280518 -0.628934 -0.943098 0.290743 0.161353 -0.241287 0.231571 0.226053 0.94619 0.376118 0.188784 -0.124624 0.974079 0.382609 -0.981696 0.00145376 0.190447 -0.490066 -0.0251503 -0.992203 -0.122069 0.442382 
1535386687393 0.238565 0.929676 -0.280694 -0.628431 -0.943011 0.290817 0.161726 -0.241117 0.231983 0.226116 0.946074 0.376291 0.18933 -0.124121 0.974037 0.382659 -0.981601 0.00110859 0.190942 -0.490224 -0.0247798 -0.992266 -0.121628 0.442251 
1535386687592 0.238507 0.929638 -0.280871 -0.627927 -0.942925 0.29089 0.162099 -0.240946 0.232396 0.226179 0.945957 0.376464 0.189876 -0.123618 0.973995 0.38271 -0.981505 0.000763618 0.191437 -0.490382 -0.0244089 -0.99233 -0.121187 0.442121 
1535386687837 0.238252 0.929728 -0.280787 -0.628203 -0.94303 0.290592 0.162019 -0.240838 0.232228 0.226189 0.945996 0.376323 0.189433 -0.124161 0.974012 0.38271 -0.98158 0.00113302 0.191049 -0.490212 -0.0248244 -0.992261 -0.121659 0.4422 
1535386687974 0.2382 0.929725 -0.280842 -0.627777 -0.942927 0.290666 0.162489 -0.240719 0.232701 0.226109 0.945899 0.376452 0.189625 -0.125033 0.973863 0.382777 -0.981533 0.00133917 0.19129 -0.490318 -0.0252217 -0.992152 -0.12247 0.442248 
1535386688148 0.238149 0.929721 -0.280899 -0.627347 -0.942823 0.29074 0.162958 -0.240598 0.233174 0.226029 0.945802 0.376582 0.189818 -0.125904 0.973713 0.382844 -0.981485 0.00154409 0.191533 -0.490425 -0.0256183 -0.992041 -0.12328 0.442295 
1535386688327 0.238098 0.929717 -0.280955 -0.626917 -0.942719 0.290814 0.163427 -0.240478 0.233647 0.22595 0.945704 0.376712 0.190011 -0.126776 0.973562 0.382911 -0.981437 0.00174882 0.191775 -0.490532 -0.0260151 -0.99193 -0.12409 0.442343 
1535386688504 0.238047 0.929713 -0.281012 -0.626487 -0.942614 0.290889 0.163896 -0.240357 0.23412 0.225871 0.945606 0.376842 0.190203 -0.127648 0.973411 0.382978 -0.981389 0.00195337 0.192018 -0.490639 -0.0264121 -0.991818 -0.124901 0.44239 
1535386688679 0.237995 0.929709 -0.281068 -0.626056 -0.94251 0.290963 0.164365 -0.240236 0.234592 0.225792 0.945508 0.376972 0.190395 -0.128519 0.973259 0.383045 -0.981341 0.00215763 0.192261 -0.490746 -0.0268092 -0.991705 -0.125711 0.442438 
1535386688868 0.237944 0.929705 -0.281125 -0.625626 -0.942405 0.291037 0.164834 -0.240115 0.235065 0.225712 0.945409 0.377102 0.190586 -0.129391 0.973106 0.383112 -0.981293 0.00236172 0.192504 -0.490853 -0.0272065 -0.991591 -0.12652 0.442486 
1535386689041 0.237893 0.929701 -0.281181 -0.625195 -0.9423 0.291111 0.165303 -0.239994 0.235538 0.225633 0.94531 0.377232 0.190778 -0.130262 0.972952 0.383179 -0.981245 0.00256554 0.192747 -0.49096 -0.0276039 -0.991476 -0.12733 0.442533 
1535386689217 0.237841 0.929697 -0.281238 -0.624765 -0.942195 0.291185 0.165772 -0.239873 0.23601 0.225553 0.945212 0.377362 0.190968 -0.131134 0.972797 0.383246 -0.981197 0.00276919 0.192991 -0.491067 -0.0280015 -0.991361 -0.128139 0.442581 
1535386689402 0.23779 0.929693 -0.281294 -0.624336 -0.942089 0.291259 0.166241 -0.239752 0.236483 0.225474 0.945112 0.377492 0.191159 -0.132005 0.972642 0.383313 -0.981148 0.00297262 0.193234 -0.491174 -0.0283992 -0.991245 -0.128948 0.442628 
1535386689626 0.237679 0.929732 -0.281258 -0.624591 -0.942164 0.291103 0.166091 -0.23975 0.236296 0.225515 0.945149 0.37741 0.190988 -0.130883 0.972827 0.383203 -0.981194 0.00277066 0.193004 -0.491012 -0.0279562 -0.991394 -0.127892 0.442549 
1535386689642 0.237784 0.929624 -0.281527 -0.624288 -0.942129 0.291259 0.166016 -0.239637 0.236329 0.225759 0.945083 0.377528 0.191599 -0.131688 0.972599 0.383268 -0.981098 0.00168857 0.193502 -0.491155 -0.0271243 -0.99129 -0.128876 0.442657 
1535386689763 0.237888 0.929516 -0.281797 -0.62398 -0.942094 0.291415 0.165939 -0.239522 0.236363 0.226004 0.945016 0.377647 0.192213 -0.132493 0.972368 0.383333 -0.981001 0.000606069 0.194002 -0.491299 -0.0262933 -0.991184 -0.12986 0.442765 
1535386690041 0.237993 0.929407 -0.282067 -0.62367 -0.942059 0.291571 0.165863 -0.239406 0.236397 0.22625 0.944948 0.377767 0.192827 -0.133298 0.972137 0.383399 -0.980902 -0.00047671 0.1945 -0.491443 -0.025463 -0.991076 -0.130844 0.442874 
1535386690239 0.238097 0.929298 -0.282337 -0.623363 -0.942025 0.291727 0.165786 -0.239291 0.23643 0.226495 0.944881 0.377886 0.193441 -0.134101 0.971904 0.383465 -0.980803 -0.00155998 0.194997 -0.491587 -0.0246332 -0.990966 -0.131829 0.442982 
1535386690410 0.238202 0.92919 -0.282607 -0.623055 -0.94199 0.291883 0.16571 -0.239175 0.236464 0.22674 0.944814 0.378005 0.194056 -0.134904 0.97167 0.38353 -0.980702 -0.00264363 0.195493 -0.491731 -0.023804 -0.990855 -0.132813 0.44309 
1535386690574 0.238307 0.929081 -0.282876 -0.622746 -0.941955 0.292039 0.165633 -0.23906 0.236498 0.226985 0.944747 0.378124 0.194672 -0.135706 0.971435 0.383596 -0.980599 -0.00372763 0.195987 -0.491876 -0.0229755 -0.990742 -0.133799 0.443199 
1535386690763 0.238411 0.928972 -0.283146 -0.622438 -0.94192 0.292195 0.165557 -0.238945 0.236531 0.22723 0.944679 0.378243 0.195288 -0.136507 0.971199 0.383661 -0.980496 -0.00481206 0.196481 -0.49202 -0.0221476 -0.990627 -0.134784 0.443307 
1535386690953 0.238516 0.928863 -0.283416 -0.622129 -0.941885 0.292351 0.16548 -0.238829 0.236565 0.227476 0.944612 0.378363 0.195905 -0.137307 0.970962 0.383727 -0.980391 -0.00589694 0.196973 -0.492164 -0.0213202 -0.990511 -0.13577 0.443415 
1535386691111 0.23862 0.928753 -0.283686 -0.621821 -0.94185 0.292507 0.165403 -0.238714 0.236599 0.227721 0.944544 0.378482 0.196522 -0.138107 0.970724 0.383792 -0.980285 -0.00698217 0.197465 -0.492308 -0.0204935 -0.990393 -0.136756 0.443524 
1535386691307 0.238504 0.92882 -0.283565 -0.62202 -0.941892 0.292362 0.165419 -0.238784 0.236548 0.227635 0.944578 0.378328 0.19606 -0.137502 0.970903 0.38375 -0.980368 -0.00633495 0.197074 -0.49222 -0.0209475 -0.990481 -0.136045 0.443489 
1535386691326 0.238594 0.928757 -0.283695 -0.621808 -0.941812 0.292527 0.165585 -0.238698 0.236777 0.22768 0.94451 0.378387 0.196417 -0.137367 0.97085 0.383772 -0.980311 -0.00707097 0.197331 -0.492342 -0.0202418 -0.990495 -0.136051 0.443487 
1535386691345 0.238684 0.928694 -0.283826 -0.621592 -0.941731 0.292692 0.165751 -0.23861 0.237006 0.227726 0.944441 0.378446 0.196776 -0.137231 0.970797 0.383796 -0.980254 -0.00780719 0.197589 -0.492465 -0.0195362 -0.990508 -0.136058 0.443486 
1535386691491 0.238774 0.928631 -0.283957 -0.621376 -0.941651 0.292856 0.165917 -0.238522 0.237235 0.227772 0.944373 0.378506 0.197134 -0.137096 0.970743 0.383819 -0.980196 -0.00854329 0.197847 -0.492588 -0.0188307 -0.990521 -0.136065 0.443485 
1535386691578 0.238865 0.928568 -0.284088 -0.62116 -0.94157 0.293022 0.166084 -0.238433 0.237464 0.227817 0.944304 0.378565 0.197492 -0.13696 0.97069 0.383842 -0.980137 -0.00927935 0.198105 -0.492711 -0.0181251 -0.990533 -0.136072 0.443483 
1535386691700 0.238955 0.928504 -0.284219 -0.620943 -0.94149 0.293187 0.16625 -0.238345 0.237693 0.227863 0.944235 0.378625 0.19785 -0.136824 0.970636 0.383865 -0.980077 -0.0100154 0.198363 -0.492835 -0.0174195 -0.990545 -0.136079 0.443482 
1535386691794 0.239045 0.928441 -0.28435 -0.620727 -0.941409 0.293351 0.166416 -0.238257 0.237922 0.227909 0.944167 0.378685 0.198208 -0.136687 0.970582 0.383888 -0.980017 -0.0107513 0.198621 -0.492958 -0.0167139 -0.990556 -0.136087 0.44348 
1535386691902 0.239135 0.928378 -0.284481 -0.62051 -0.941328 0.293517 0.166582 -0.238168 0.238151 0.227954 0.944098 0.378744 0.198565 -0.136551 0.970529 0.383911 -0.979957 -0.0114872 0.198878 -0.493081 -0.0160083 -0.990566 -0.136095 0.443479 
1535386691998 0.239226 0.928314 -0.284612 -0.620294 -0.941247 0.293682 0.166748 -0.23808 0.238379 0.228 0.944029 0.378804 0.198923 -0.136414 0.970475 0.383934 -0.979896 -0.0122232 0.199136 -0.493204 -0.0153026 -0.990577 -0.136103 0.443478 
1535386692118 0.239316 0.928251 -0.284743 -0.620079 -0.941166 0.293846 0.166914 -0.237992 0.238608 0.228045 0.943961 0.378863 0.199281 -0.136277 0.97042 0.383957 -0.979834 -0.012959 0.199394 -0.493327 -0.014597 -0.990586 -0.136111 0.443476 
1535386692205 0.239243 0.928328 -0.284552 -0.620287 -0.941231 0.293699 0.16681 -0.238102 0.238427 0.227921 0.944036 0.378858 0.198923 -0.136544 0.970456 0.383964 -0.979892 -0.0119882 0.19917 -0.493121 -0.0155615 -0.990561 -0.136183 0.44345 
1535386692228 0.239279 0.928231 -0.284839 -0.620053 -0.941145 0.293858 0.167012 -0.238008 0.238728 0.228112 0.943914 0.378945 0.198874 -0.135753 0.970577 0.383956 -0.979883 -0.0106702 0.199288 -0.49321 -0.0166977 -0.990685 -0.135144 0.443299 
1535386692252 0.239317 0.928132 -0.285127 -0.619815 -0.941059 0.294019 0.167215 -0.237911 0.23903 0.228304 0.943791 0.379034 0.198824 -0.134961 0.970698 0.383949 -0.979873 -0.00935199 0.199403 -0.493299 -0.0178338 -0.990807 -0.134104 0.443149 
1535386692431 0.239354 0.928034 -0.285416 -0.619575 -0.940973 0.29418 0.167417 -0.237813 0.239333 0.228496 0.943668 0.379123 0.198776 -0.13417 0.970817 0.383942 -0.979861 -0.00803378 0.199518 -0.493389 -0.0189699 -0.990926 -0.133065 0.442998 
1535386692572 0.239392 0.927936 -0.285704 -0.619338 -0.940886 0.294341 0.16762 -0.237717 0.239635 0.228688 0.943545 0.379211 0.19873 -0.133378 0.970936 0.383934 -0.979848 -0.00671549 0.199631 -0.493478 -0.0201061 -0.991042 -0.132025 0.442847 
1535386692710 0.239429 0.927838 -0.285992 -0.619098 -0.9408 0.294502 0.167822 -0.23762 0.239937 0.22888 0.943422 0.3793 0.198683 -0.132586 0.971054 0.383927 -0.979834 -0.00539703 0.199743 -0.493567 -0.0212423 -0.991157 -0.130985 0.442696 
1535386692823 0.239466 0.927739 -0.28628 -0.618859 -0.940713 0.294664 0.168025 -0.237523 0.240239 0.229071 0.943298 0.379388 0.198638 -0.131794 0.971171 0.38392 -0.979817 -0.00407855 0.199853 -0.493657 -0.0223785 -0.991269 -0.129944 0.442546 
1535386692947 0.239503 0.927641 -0.286568 -0.618621 -0.940627 0.294825 0.168227 -0.237426 0.240541 0.229263 0.943175 0.379477 0.198594 -0.131002 0.971287 0.383912 -0.9798 -0.00275991 0.199962 -0.493746 -0.0235147 -0.991378 -0.128903 0.442395 
1535386693067 0.23954 0.927542 -0.286856 -0.618383 -0.94054 0.294986 0.168429 -0.237329 0.240844 0.229454 0.943051 0.379565 0.19855 -0.130209 0.971403 0.383905 -0.979781 -0.00144119 0.20007 -0.493835 -0.0246509 -0.991486 -0.127862 0.442244 
1535386693183 0.239577 0.927443 -0.287144 -0.618143 -0.940453 0.295147 0.168631 -0.237232 0.241146 0.229646 0.942927 0.379654 0.198508 -0.129416 0.971517 0.383897 -0.97976 -0.000122431 0.200176 -0.493925 -0.0257871 -0.99159 -0.126821 0.442094 
1535386693357 0.239675 0.92747 -0.286977 -0.618319 -0.940518 0.295125 0.168307 -0.237408 0.240794 0.229568 0.943036 0.379545 0.198552 -0.130377 0.97138 0.383859 -0.979781 -0.00148108 0.20007 -0.493848 -0.0246458 -0.991463 -0.128035 0.442203 
1535386693364 0.239694 0.927384 -0.287239 -0.618138 -0.9405 0.295203 0.168271 -0.237318 0.240846 0.229815 0.942963 0.379621 0.19898 -0.128499 0.971543 0.383829 -0.979726 -0.00249468 0.200326 -0.493964 -0.023318 -0.991707 -0.12639 0.441974 
1535386693565 0.239714 0.927297 -0.287502 -0.617953 -0.940482 0.295282 0.168234 -0.237227 0.240897 0.230062 0.942889 0.379698 0.199413 -0.126654 0.971696 0.383799 -0.97967 -0.00355536 0.200586 -0.494076 -0.0219502 -0.991941 -0.124788 0.441752 
1535386693788 0.239734 0.92721 -0.287764 -0.617768 -0.940463 0.295362 0.168197 -0.237135 0.240949 0.230309 0.942816 0.379775 0.199843 -0.124808 0.971847 0.38377 -0.979612 -0.00461552 0.200847 -0.494189 -0.0205816 -0.99217 -0.123185 0.441529 
1535386694003 0.239755 0.927124 -0.288027 -0.617582 -0.940445 0.295441 0.16816 -0.237043 0.241 0.230556 0.942742 0.379852 0.20027 -0.122961 0.971994 0.38374 -0.979552 -0.00567518 0.20111 -0.494301 -0.0192124 -0.992395 -0.121583 0.441306 
1535386694226 0.239775 0.927037 -0.288289 -0.617396 -0.940427 0.295521 0.168123 -0.236951 0.241052 0.230803 0.942669 0.379929 0.200695 -0.121113 0.972138 0.383711 -0.979491 -0.00673428 0.201374 -0.494414 -0.0178423 -0.992616 -0.119981 0.441084 
1535386694459 0.239795 0.92695 -0.288551 -0.617212 -0.940408 0.2956 0.168086 -0.23686 0.241103 0.23105 0.942595 0.380005 0.201118 -0.119264 0.97228 0.383681 -0.979429 -0.00779296 0.20164 -0.494526 -0.0164716 -0.992832 -0.118378 0.440861 
1535386694662 0.239815 0.926863 -0.288813 -0.617027 -0.94039 0.295679 0.168049 -0.236768 0.241155 0.231297 0.942521 0.380082 0.201537 -0.117415 0.972418 0.383651 -0.979364 -0.00885107 0.201908 -0.494638 -0.0151001 -0.993043 -0.116776 0.440639 
1535386694868 0.239835 0.926776 -0.289076 -0.616841 -0.940372 0.295759 0.168012 -0.236676 0.241206 0.231544 0.942447 0.380159 0.201954 -0.115565 0.972553 0.383622 -0.979299 -0.00990861 0.202177 -0.49475 -0.013728 -0.993251 -0.115174 0.440416 
1535386695079 0.239855 0.926689 -0.289338 -0.616656 -0.940353 0.295838 0.167975 -0.236584 0.241258 0.23179 0.942374 0.380236 0.202369 -0.113714 0.972685 0.383592 -0.979231 -0.0109657 0.202449 -0.494863 -0.0123551 -0.993453 -0.113571 0.440193 
1535386695300 0.239591 0.926838 -0.289081 -0.616862 -0.940391 0.295568 0.168237 -0.23657 0.241372 0.231541 0.942406 0.380163 0.202205 -0.114513 0.972625 0.383639 -0.979259 -0.010621 0.202333 -0.494779 -0.0128396 -0.993365 -0.114286 0.440316 
1535386695324 0.239624 0.926882 -0.288911 -0.616679 -0.940357 0.295594 0.168383 -0.236506 0.241472 0.231331 0.942432 0.380202 0.202653 -0.115367 0.972431 0.383652 -0.979182 -0.0120878 0.202626 -0.494899 -0.0116217 -0.993249 -0.115415 0.440469 
1535386695485 0.239658 0.926926 -0.288742 -0.61649 -0.940323 0.29562 0.168528 -0.23644 0.241571 0.231122 0.942458 0.380243 0.203102 -0.116219 0.972236 0.383666 -0.979102 -0.013555 0.202917 -0.495024 -0.0104041 -0.993131 -0.116544 0.440622 
1535386695620 0.239692 0.92697 -0.288573 -0.616302 -0.940289 0.295645 0.168673 -0.236374 0.24167 0.230912 0.942484 0.380283 0.203553 -0.117071 0.972039 0.38368 -0.979021 -0.0150224 0.203205 -0.495149 -0.00918701 -0.99301 -0.117673 0.440775 
1535386695765 0.239726 0.927014 -0.288403 -0.616114 -0.940255 0.295671 0.168818 -0.236307 0.241769 0.230702 0.942509 0.380324 0.204004 -0.117922 0.971842 0.383694 -0.978938 -0.0164901 0.203493 -0.495274 -0.00797043 -0.992886 -0.118802 0.440928 
1535386695910 0.23976 0.927058 -0.288234 -0.615925 -0.94022 0.295697 0.168963 -0.236241 0.241869 0.230493 0.942535 0.380364 0.204457 -0.118772 0.971643 0.383709 -0.978852 -0.017958 0.203779 -0.495399 -0.00675435 -0.992759 -0.119931 0.441081 
1535386696060 0.239794 0.927102 -0.288064 -0.615738 -0.940186 0.295723 0.169108 -0.236175 0.241968 0.230283 0.942561 0.380404 0.20491 -0.119621 0.971444 0.383723 -0.978765 -0.019426 0.204062 -0.495524 -0.00553879 -0.99263 -0.121061 0.441234 
1535386696195 0.239829 0.927145 -0.287895 -0.615548 -0.940152 0.295749 0.169253 -0.236108 0.242067 0.230073 0.942587 0.380445 0.205365 -0.120469 0.971243 0.383737 -0.978676 -0.0208943 0.204345 -0.495649 -0.00432375 -0.992497 -0.122191 0.441387 
1535386696320 0.239863 0.927189 -0.287726 -0.615361 -0.940118 0.295775 0.169398 -0.236042 0.242166 0.229864 0.942612 0.380485 0.20582 -0.121317 0.971041 0.383751 -0.978585 -0.0223628 0.204625 -0.495773 -0.00310923 -0.992362 -0.123321 0.44154 
1535386696471 0.239897 0.927233 -0.287556 -0.615171 -0.940084 0.295801 0.169543 -0.235975 0.242265 0.229654 0.942638 0.380526 0.206276 -0.122163 0.970838 0.383766 -0.978492 -0.0238315 0.204904 -0.495899 -0.00189523 -0.992224 -0.124452 0.441693 
1535386696646 0.239706 0.927246 -0.287674 -0.615428 -0.940153 0.295621 0.169472 -0.236007 0.242185 0.229834 0.942615 0.380511 0.205802 -0.121461 0.971027 0.383721 -0.97859 -0.0227227 0.204563 -0.495823 -0.00278211 -0.992336 -0.123537 0.441591 
1535386696662 0.239878 0.927234 -0.287568 -0.615108 -0.940147 0.295729 0.169314 -0.235883 0.242036 0.229741 0.942676 0.380592 0.205497 -0.122436 0.970969 0.38372 -0.978654 -0.0231024 0.204211 -0.495907 -0.00257109 -0.992207 -0.12457 0.441726 
1535386696682 0.240051 0.927222 -0.287462 -0.614783 -0.940141 0.295839 0.169157 -0.235757 0.241888 0.229649 0.942736 0.380674 0.205192 -0.123412 0.97091 0.383718 -0.978719 -0.0234807 0.203858 -0.49599 -0.00236088 -0.992078 -0.125604 0.441862 
1535386696870 0.240224 0.92721 -0.287357 -0.614457 -0.940135 0.295948 0.168998 -0.23563 0.24174 0.229557 0.942797 0.380757 0.204888 -0.124388 0.970849 0.383717 -0.978783 -0.0238586 0.203505 -0.496074 -0.00215051 -0.991947 -0.126637 0.441997 
1535386697032 0.240397 0.927198 -0.287252 -0.614132 -0.940129 0.296058 0.168841 -0.235504 0.241592 0.229465 0.942857 0.380839 0.204584 -0.125364 0.970788 0.383715 -0.978847 -0.0242363 0.203152 -0.496158 -0.00193962 -0.991815 -0.12767 0.442133 
1535386697194 0.24057 0.927185 -0.287147 -0.613807 -0.940123 0.296167 0.168683 -0.235378 0.241444 0.229373 0.942917 0.380922 0.204279 -0.126339 0.970726 0.383714 -0.978911 -0.0246136 0.202798 -0.496241 -0.00172829 -0.991682 -0.128703 0.442268 
1535386697364 0.240743 0.927173 -0.287041 -0.613482 -0.940117 0.296277 0.168525 -0.235252 0.241295 0.229281 0.942978 0.381004 0.203976 -0.127315 0.970662 0.383713 -0.978975 -0.0249907 0.202445 -0.496325 -0.00151674 -0.991547 -0.129736 0.442404 
1535386697532 0.240916 0.927161 -0.286936 -0.613157 -0.940111 0.296386 0.168367 -0.235126 0.241147 0.229189 0.943038 0.381086 0.203672 -0.12829 0.970597 0.383711 -0.979038 -0.0253673 0.20209 -0.496409 -0.00130479 -0.991412 -0.130768 0.442539 
1535386697693 0.241088 0.927149 -0.28683 -0.612833 -0.940104 0.296496 0.168209 -0.235 0.240999 0.229097 0.943098 0.381168 0.203368 -0.129266 0.970532 0.38371 -0.979102 -0.0257435 0.201735 -0.496493 -0.00109249 -0.991276 -0.1318 0.442675 
1535386697846 0.241261 0.927136 -0.286725 -0.612506 -0.940098 0.296605 0.168051 -0.234873 0.240851 0.229005 0.943158 0.381251 0.203065 -0.130241 0.970465 0.383708 -0.979165 -0.0261195 0.20138 -0.496576 -0.000879948 -0.991138 -0.132832 0.44281 
1535386698020 0.240982 0.927177 -0.286829 -0.612745 -0.940144 0.296382 0.168186 -0.234947 0.24095 0.229131 0.943102 0.38115 0.203503 -0.129282 0.970501 0.383764 -0.979074 -0.0257518 0.20187 -0.496424 -0.0011059 -0.991273 -0.131817 0.442706 
1535386698031 0.241131 0.927121 -0.286884 -0.612408 -0.940115 0.296525 0.168097 -0.234801 0.240915 0.229171 0.943102 0.381254 0.20285 -0.12923 0.970645 0.383755 -0.979203 -0.0230658 0.201567 -0.496498 -0.00365985 -0.991346 -0.131222 0.442595 
1535386698190 0.241279 0.927065 -0.28694 -0.612067 -0.940086 0.296669 0.168008 -0.234653 0.240881 0.229212 0.9431 0.381358 0.202194 -0.129178 0.970789 0.383745 -0.979326 -0.0203796 0.201261 -0.496571 -0.00621408 -0.991412 -0.130627 0.442483 
1535386698370 0.241427 0.927009 -0.286997 -0.611726 -0.940056 0.296812 0.167919 -0.234505 0.240846 0.229253 0.943099 0.381463 0.201539 -0.129123 0.970932 0.383735 -0.979441 -0.0176932 0.200953 -0.496644 -0.00876866 -0.991471 -0.130034 0.442372 
1535386698552 0.241576 0.926953 -0.287053 -0.611384 -0.940027 0.296955 0.16783 -0.234357 0.240812 0.229294 0.943098 0.381568 0.200884 -0.129067 0.971075 0.383726 -0.97955 -0.0150068 0.200643 -0.496718 -0.0113236 -0.991522 -0.129442 0.442261 
