1535375733477 0.253432 0.926978 -0.276559 -0.602512 -0.933653 0.309197 0.1808 -0.229328 0.253109 0.21239 0.943836 0.38414 0.202259 -0.0930045 0.974906 0.38133 -0.979005 -0.0449222 0.198824 -0.500986 0.0253034 -0.994652 -0.100138 0.440863 
1535375733502 0.252926 0.926982 -0.277007 -0.606017 -0.934183 0.30847 0.179299 -0.230583 0.251655 0.213426 0.943991 0.383068 0.197208 -0.0958977 0.97566 0.38132 -0.98033 -0.0272619 0.195473 -0.499162 0.00785294 -0.995018 -0.0993876 0.440694 
1535375733979 0.25242 0.926986 -0.277455 -0.609526 -0.93471 0.307741 0.177799 -0.231841 0.250201 0.21446 0.944143 0.381994 0.192105 -0.0987006 0.976398 0.38131 -0.981327 -0.00958301 0.192106 -0.497335 -0.00960412 -0.995071 -0.0986986 0.440526 
1535375734500 0.251915 0.926989 -0.277903 -0.613036 -0.935235 0.307009 0.176299 -0.233099 0.248746 0.215492 0.944293 0.380921 0.186948 -0.101411 0.977121 0.381299 -0.981997 0.00810866 0.188722 -0.495507 -0.0270617 -0.994812 -0.0980697 0.440357 
1535375734975 0.251411 0.926991 -0.278353 -0.616545 -0.935757 0.306276 0.174799 -0.234356 0.24729 0.216524 0.944439 0.379848 0.181741 -0.104029 0.977828 0.381289 -0.982338 0.0258069 0.185325 -0.49368 -0.0445138 -0.994239 -0.0975014 0.440188 
1535375735466 0.250907 0.926992 -0.278803 -0.620055 -0.936276 0.305541 0.173299 -0.235614 0.245832 0.217554 0.944583 0.378774 0.176487 -0.106552 0.978519 0.381278 -0.982351 0.0435059 0.181915 -0.491853 -0.0619548 -0.993355 -0.0969936 0.440019 
1535375735966 0.250404 0.926993 -0.279253 -0.623564 -0.936792 0.304805 0.171798 -0.236872 0.244374 0.218583 0.944724 0.377701 0.171185 -0.108981 0.979193 0.381268 -0.982036 0.0611998 0.178494 -0.490026 -0.0793788 -0.992158 -0.0965467 0.43985 
1535375736448 0.249902 0.926992 -0.279705 -0.627072 -0.937306 0.304067 0.170298 -0.238129 0.242914 0.219611 0.944862 0.376628 0.165839 -0.111314 0.97985 0.381257 -0.981392 0.0788828 0.175061 -0.4882 -0.0967801 -0.99065 -0.0961608 0.439681 
1535375737039 0.2494 0.926991 -0.280157 -0.630582 -0.937817 0.303327 0.168798 -0.239386 0.241453 0.220638 0.944997 0.375555 0.16045 -0.11355 0.980491 0.381247 -0.980421 0.0965489 0.17162 -0.486373 -0.114153 -0.98883 -0.0958359 0.439513 
1535375737566 0.248898 0.926989 -0.28061 -0.634092 -0.938325 0.302585 0.167298 -0.240644 0.239991 0.221663 0.94513 0.374481 0.155019 -0.11569 0.981114 0.381237 -0.979122 0.114192 0.16817 -0.484546 -0.131491 -0.9867 -0.0955722 0.439344 
1535375738085 0.248975 0.926939 -0.280707 -0.633876 -0.938284 0.302694 0.167328 -0.240555 0.240071 0.221722 0.945095 0.374487 0.155496 -0.115448 0.981067 0.381317 -0.979221 0.112865 0.168485 -0.484718 -0.130179 -0.986881 -0.0954993 0.43937 
1535375738097 0.248301 0.926816 -0.281706 -0.634208 -0.938293 0.302388 0.16783 -0.240735 0.240732 0.222651 0.944709 0.374489 0.158596 -0.115908 0.980517 0.381341 -0.979556 0.106011 0.170972 -0.484938 -0.123762 -0.987586 -0.0967257 0.439699 
1535375738372 0.247626 0.926693 -0.282705 -0.634545 -0.938302 0.302081 0.168333 -0.240918 0.241393 0.223579 0.944321 0.37449 0.161699 -0.116347 0.979958 0.381368 -0.979839 0.0991497 0.173451 -0.485162 -0.117343 -0.988247 -0.0979686 0.440028 
1535375738678 0.246949 0.926568 -0.283703 -0.634881 -0.938311 0.301774 0.168836 -0.2411 0.242052 0.224508 0.943932 0.374491 0.164804 -0.116763 0.979391 0.381394 -0.980069 0.0922833 0.17592 -0.485387 -0.110922 -0.988863 -0.0992277 0.440358 
1535375739001 0.246272 0.926442 -0.2847 -0.635217 -0.938318 0.301468 0.169339 -0.241282 0.242711 0.225436 0.943541 0.374492 0.16791 -0.117158 0.978816 0.38142 -0.980248 0.0854118 0.178379 -0.485612 -0.104501 -0.989434 -0.100503 0.440687 
1535375739304 0.245594 0.926316 -0.285697 -0.635554 -0.938326 0.301162 0.169843 -0.241464 0.243369 0.226364 0.943149 0.374492 0.171017 -0.117532 0.978233 0.381446 -0.980374 0.0785354 0.180827 -0.485836 -0.0980788 -0.989959 -0.101794 0.441017 
1535375739622 0.244916 0.926188 -0.286693 -0.63589 -0.938332 0.300857 0.170346 -0.241646 0.244026 0.227293 0.942756 0.374493 0.174125 -0.117883 0.977642 0.381472 -0.980449 0.0716546 0.183265 -0.48606 -0.0916563 -0.990439 -0.103101 0.441346 
1535375739905 0.244237 0.926058 -0.287688 -0.636227 -0.938338 0.300551 0.17085 -0.241829 0.244683 0.228221 0.942362 0.374494 0.177234 -0.118213 0.977043 0.381499 -0.980471 0.0647696 0.185692 -0.486285 -0.0852339 -0.990874 -0.104425 0.441675 
1535375740190 0.243557 0.925928 -0.288683 -0.636563 -0.938344 0.300247 0.171355 -0.242011 0.245338 0.229149 0.941966 0.374495 0.180344 -0.11852 0.976437 0.381525 -0.980441 0.057881 0.188109 -0.486509 -0.0788119 -0.991263 -0.105764 0.442005 
1535375740473 0.242876 0.925796 -0.289677 -0.6369 -0.938349 0.299943 0.171859 -0.242194 0.245993 0.230077 0.941569 0.374496 0.183454 -0.118806 0.975823 0.381551 -0.980359 0.050989 0.190515 -0.486734 -0.0723905 -0.991607 -0.107118 0.442334 
1535375740769 0.243283 0.925911 -0.288966 -0.636652 -0.938371 0.30008 0.171498 -0.242017 0.245504 0.229435 0.941853 0.374462 0.1829 -0.119001 0.975903 0.3815 -0.980363 0.0523649 0.190121 -0.486608 -0.0737277 -0.991512 -0.107087 0.442179 
1535375740910 0.243022 0.925911 -0.289187 -0.636718 -0.938448 0.299863 0.171458 -0.242083 0.245472 0.229719 0.941792 0.374502 0.184114 -0.117583 0.975847 0.381522 -0.980531 0.0469841 0.190659 -0.486725 -0.0682674 -0.991951 -0.106643 0.442158 
1535375741188 0.24276 0.925911 -0.289408 -0.636786 -0.938524 0.299647 0.171421 -0.242149 0.24544 0.230002 0.941731 0.374541 0.185321 -0.116159 0.975789 0.381545 -0.980669 0.0416021 0.1912 -0.486847 -0.0628045 -0.992359 -0.106204 0.442138 
1535375741488 0.242498 0.92591 -0.289629 -0.636853 -0.9386 0.299431 0.171382 -0.242216 0.245409 0.230286 0.94167 0.37458 0.18652 -0.114728 0.975729 0.381568 -0.980776 0.0362198 0.191744 -0.486968 -0.0573391 -0.992736 -0.105767 0.442118 
1535375741768 0.242237 0.92591 -0.28985 -0.636921 -0.938675 0.299215 0.171344 -0.242283 0.245377 0.230569 0.941609 0.374619 0.187711 -0.113291 0.975669 0.381591 -0.980854 0.0308371 0.192289 -0.48709 -0.0518715 -0.993083 -0.105334 0.442098 
1535375742058 0.241976 0.925908 -0.290071 -0.636988 -0.938751 0.298999 0.171306 -0.242349 0.245345 0.230853 0.941548 0.374658 0.188894 -0.111847 0.975607 0.381614 -0.980901 0.0254544 0.192837 -0.48721 -0.0464018 -0.993399 -0.104903 0.442078 
1535375742355 0.241714 0.925908 -0.290292 -0.637056 -0.938827 0.298783 0.171269 -0.242416 0.245313 0.231136 0.941487 0.374698 0.190069 -0.110397 0.975544 0.381638 -0.980917 0.0200716 0.193388 -0.487333 -0.0409302 -0.993685 -0.104475 0.442058 
1535375742652 0.241453 0.925907 -0.290513 -0.637124 -0.938903 0.298567 0.17123 -0.242483 0.245281 0.231419 0.941426 0.374737 0.191236 -0.10894 0.97548 0.381661 -0.980903 0.0146891 0.19394 -0.487453 -0.0354568 -0.99394 -0.104051 0.442038 
1535375742921 0.241191 0.925905 -0.290734 -0.637191 -0.938978 0.298351 0.171192 -0.242549 0.245249 0.231703 0.941364 0.374776 0.192394 -0.107477 0.975414 0.381684 -0.98086 0.00930703 0.194494 -0.487574 -0.0299819 -0.994164 -0.103629 0.442018 
1535375743194 0.240929 0.925904 -0.290955 -0.63726 -0.939054 0.298134 0.171155 -0.242616 0.245217 0.231986 0.941303 0.374815 0.193545 -0.106007 0.975347 0.381707 -0.980785 0.0039254 0.195051 -0.487697 -0.0245055 -0.994358 -0.103211 0.441998 
1535375743499 0.241197 0.925893 -0.290769 -0.637209 -0.938995 0.298346 0.171109 -0.242586 0.245179 0.231759 0.941369 0.374825 0.193312 -0.106317 0.97536 0.381679 -0.980797 0.00525226 0.194963 -0.487641 -0.0258507 -0.994318 -0.10326 0.44196 
1535375743541 0.240883 0.926116 -0.290318 -0.637231 -0.939113 0.297928 0.17119 -0.242668 0.245035 0.231405 0.941493 0.374844 0.193214 -0.108291 0.975162 0.38169 -0.980798 0.00555412 0.194947 -0.487679 -0.0265273 -0.994104 -0.105139 0.442209 
1535375743729 0.240569 0.926339 -0.289867 -0.637257 -0.939231 0.29751 0.17127 -0.242751 0.244893 0.23105 0.941618 0.374863 0.193113 -0.110266 0.974961 0.3817 -0.980799 0.0058557 0.194931 -0.487718 -0.0272033 -0.993885 -0.107018 0.442458 
1535375743925 0.240254 0.926562 -0.289416 -0.637282 -0.939348 0.297092 0.171351 -0.242835 0.24475 0.230695 0.941742 0.374881 0.19301 -0.112239 0.974756 0.381711 -0.980801 0.00615731 0.194916 -0.487756 -0.0278791 -0.993662 -0.108896 0.442706 
1535375744127 0.239939 0.926784 -0.288965 -0.637309 -0.939466 0.296673 0.171432 -0.242918 0.244608 0.230339 0.941866 0.3749 0.192907 -0.114213 0.974547 0.381722 -0.980802 0.00645895 0.194902 -0.487794 -0.0285548 -0.993435 -0.110774 0.442955 
1535375744329 0.239624 0.927006 -0.288513 -0.637335 -0.939583 0.296255 0.171512 -0.243002 0.244466 0.229984 0.941989 0.374918 0.192802 -0.116186 0.974335 0.381732 -0.980802 0.00676058 0.194888 -0.487833 -0.0292303 -0.993204 -0.112652 0.443204 
1535375744531 0.239309 0.927228 -0.288062 -0.637361 -0.939701 0.295836 0.171592 -0.243086 0.244324 0.229628 0.942113 0.374936 0.192697 -0.118158 0.974118 0.381743 -0.980803 0.00706215 0.194876 -0.487871 -0.0299056 -0.99297 -0.114529 0.443453 
1535375744726 0.238994 0.927449 -0.28761 -0.637388 -0.939818 0.295418 0.171672 -0.24317 0.244182 0.229273 0.942236 0.374955 0.192589 -0.12013 0.973898 0.381754 -0.980803 0.00736392 0.194863 -0.48791 -0.0305806 -0.992731 -0.116406 0.443702 
1535375744927 0.238678 0.927671 -0.287159 -0.637413 -0.939935 0.294999 0.171751 -0.243253 0.24404 0.228917 0.942359 0.374973 0.19248 -0.122102 0.973675 0.381764 -0.980803 0.00766564 0.19485 -0.487948 -0.0312554 -0.992488 -0.118282 0.44395 
1535375745131 0.238363 0.927891 -0.286707 -0.63744 -0.940051 0.29458 0.171831 -0.243337 0.243899 0.228561 0.942483 0.374991 0.19237 -0.124073 0.973447 0.381775 -0.980803 0.00796734 0.194839 -0.487986 -0.03193 -0.992241 -0.120158 0.444199 
1535375745427 0.238641 0.927679 -0.287162 -0.637399 -0.939946 0.294962 0.171751 -0.243256 0.244032 0.22893 0.942359 0.375002 0.192414 -0.12357 0.973503 0.381811 -0.980805 0.0077362 0.19484 -0.487957 -0.0316075 -0.992306 -0.119709 0.444179 
1535375745439 0.238417 0.927847 -0.286807 -0.637416 -0.94004 0.294648 0.171778 -0.243354 0.243891 0.228655 0.942462 0.374976 0.19147 -0.124462 0.973575 0.38179 -0.980909 0.0101033 0.194204 -0.487944 -0.0340073 -0.992173 -0.120151 0.444214 
1535375745637 0.238193 0.928014 -0.28645 -0.637439 -0.940133 0.294334 0.171804 -0.243455 0.243749 0.228379 0.942566 0.374949 0.190522 -0.125351 0.973647 0.381766 -0.981007 0.0124718 0.193568 -0.487924 -0.0364071 -0.992034 -0.120594 0.444248 
1535375745842 0.237969 0.928182 -0.286093 -0.637461 -0.940227 0.29402 0.171831 -0.243555 0.243607 0.228102 0.942669 0.374922 0.189573 -0.126238 0.973718 0.381743 -0.981099 0.0148406 0.192934 -0.487906 -0.0388061 -0.991889 -0.121038 0.444283 
1535375746055 0.237745 0.928349 -0.285737 -0.637483 -0.94032 0.293706 0.171857 -0.243656 0.243466 0.227826 0.942772 0.374895 0.188622 -0.127122 0.973787 0.38172 -0.981185 0.0172099 0.192301 -0.487888 -0.0412045 -0.991738 -0.121484 0.444318 
1535375746266 0.237521 0.928516 -0.28538 -0.637505 -0.940413 0.293392 0.171883 -0.243756 0.243324 0.227549 0.942876 0.374868 0.187667 -0.128004 0.973856 0.381697 -0.981264 0.0195797 0.191669 -0.48787 -0.0436022 -0.99158 -0.121931 0.444352 
1535375746476 0.237297 0.928683 -0.285023 -0.637526 -0.940507 0.293078 0.171909 -0.243857 0.243183 0.227273 0.942979 0.374841 0.186711 -0.128884 0.973924 0.381674 -0.981337 0.02195 0.191037 -0.487853 -0.0459992 -0.991417 -0.12238 0.444387 
1535375746675 0.237072 0.92885 -0.284666 -0.637549 -0.9406 0.292764 0.171934 -0.243957 0.243041 0.226996 0.943082 0.374814 0.185752 -0.129761 0.973991 0.381651 -0.981404 0.0243208 0.190406 -0.487835 -0.0483955 -0.991247 -0.12283 0.444421 
1535375746878 0.236848 0.929016 -0.28431 -0.637571 -0.940693 0.29245 0.17196 -0.244058 0.2429 0.22672 0.943185 0.374787 0.184792 -0.130636 0.974057 0.381628 -0.981464 0.0266919 0.189777 -0.487817 -0.0507911 -0.991071 -0.123282 0.444456 
1535375747088 0.236623 0.929183 -0.283953 -0.637592 -0.940786 0.292136 0.171985 -0.244158 0.242759 0.226443 0.943288 0.37476 0.183829 -0.131509 0.974121 0.381605 -0.981518 0.0290634 0.189148 -0.4878 -0.0531859 -0.990889 -0.123736 0.444491 
1535375747309 0.236764 0.929069 -0.284207 -0.637582 -0.940741 0.292326 0.171908 -0.244005 0.242796 0.226664 0.943225 0.374841 0.184198 -0.131232 0.974089 0.381576 -0.981506 0.0280017 0.189373 -0.487829 -0.0521279 -0.990956 -0.123647 0.444469 
1535375747319 0.237137 0.929024 -0.284042 -0.637562 -0.940709 0.292594 0.171628 -0.243997 0.242556 0.226502 0.943326 0.374811 0.184014 -0.132046 0.974014 0.381581 -0.981528 0.0281001 0.189243 -0.487892 -0.0523588 -0.990845 -0.124436 0.444573 
1535375747449 0.23751 0.928979 -0.283879 -0.637536 -0.940676 0.292862 0.171348 -0.243986 0.242316 0.226341 0.943426 0.374781 0.183829 -0.132862 0.973938 0.38159 -0.98155 0.0281992 0.189113 -0.487959 -0.0525903 -0.990733 -0.125227 0.44468 
1535375747536 0.237883 0.928933 -0.283715 -0.637511 -0.940644 0.29313 0.171069 -0.243975 0.242077 0.22618 0.943526 0.374752 0.183645 -0.133678 0.973861 0.381597 -0.981573 0.0282982 0.188983 -0.488025 -0.0528214 -0.990621 -0.126018 0.444785 
1535375747657 0.238256 0.928888 -0.283551 -0.637485 -0.940611 0.293398 0.170789 -0.243964 0.241837 0.226019 0.943626 0.374722 0.18346 -0.134493 0.973783 0.381604 -0.981595 0.0283973 0.188853 -0.488091 -0.0530523 -0.990508 -0.126808 0.444891 
1535375747721 0.238629 0.928842 -0.283387 -0.637459 -0.940578 0.293666 0.170509 -0.243954 0.241597 0.225859 0.943726 0.374693 0.183274 -0.135308 0.973705 0.381612 -0.981617 0.0284965 0.188723 -0.488157 -0.0532831 -0.990394 -0.127598 0.444997 
1535375747854 0.239002 0.928797 -0.283222 -0.637435 -0.940545 0.293934 0.17023 -0.243943 0.241357 0.225698 0.943826 0.374664 0.183089 -0.136123 0.973627 0.381619 -0.981639 0.0285959 0.188594 -0.488223 -0.0535137 -0.990279 -0.128388 0.445102 
1535375747903 0.239375 0.928751 -0.283058 -0.637409 -0.940512 0.294203 0.16995 -0.243932 0.241117 0.225538 0.943925 0.374634 0.182903 -0.136938 0.973547 0.381626 -0.981661 0.0286953 0.188464 -0.488289 -0.0537441 -0.990164 -0.129178 0.445208 
1535375748028 0.239748 0.928705 -0.282894 -0.637384 -0.940478 0.294471 0.16967 -0.243922 0.240878 0.225377 0.944025 0.374605 0.182718 -0.137753 0.973467 0.381633 -0.981683 0.0287949 0.188334 -0.488355 -0.0539745 -0.990048 -0.129968 0.445314 
1535375748081 0.24012 0.928658 -0.282729 -0.637359 -0.940444 0.294739 0.169391 -0.243911 0.240637 0.225217 0.944124 0.374575 0.182532 -0.138568 0.973386 0.38164 -0.981705 0.0288945 0.188205 -0.48842 -0.0542046 -0.989931 -0.130758 0.445419 
1535375748240 0.239431 0.928699 -0.28318 -0.637408 -0.940434 0.294338 0.170145 -0.243963 0.241364 0.225574 0.943853 0.374656 0.182664 -0.137617 0.973497 0.381628 -0.981683 0.0290089 0.188301 -0.488353 -0.0541535 -0.990061 -0.129798 0.445308 
1535375748259 0.240077 0.928552 -0.283116 -0.637211 -0.940376 0.294843 0.169592 -0.243863 0.24095 0.22552 0.943972 0.374702 0.182881 -0.137818 0.973427 0.381671 -0.981657 0.0286833 0.188488 -0.488494 -0.0538981 -0.990042 -0.130044 0.445284 
1535375748270 0.240723 0.928404 -0.283052 -0.63701 -0.940317 0.295348 0.169038 -0.243761 0.240535 0.225468 0.944091 0.374749 0.183099 -0.138017 0.973358 0.381713 -0.98163 0.0283574 0.188676 -0.488636 -0.0536424 -0.990024 -0.13029 0.44526 
1535375748450 0.241369 0.928256 -0.282988 -0.636809 -0.940257 0.295854 0.168484 -0.243659 0.240119 0.225415 0.944209 0.374796 0.183317 -0.138217 0.973289 0.381756 -0.981603 0.0280315 0.188864 -0.488778 -0.0533868 -0.990005 -0.130535 0.445236 
1535375748607 0.242015 0.928107 -0.282924 -0.636608 -0.940197 0.296359 0.16793 -0.243557 0.239704 0.225363 0.944327 0.374843 0.183535 -0.138416 0.973219 0.381799 -0.981576 0.0277055 0.189051 -0.488919 -0.0531313 -0.989987 -0.130781 0.445212 
1535375748754 0.242661 0.927958 -0.282859 -0.636406 -0.940136 0.296865 0.167376 -0.243455 0.239289 0.225311 0.944445 0.37489 0.183753 -0.138615 0.97315 0.381842 -0.981549 0.0273795 0.189239 -0.489061 -0.0528757 -0.989968 -0.131026 0.445188 
1535375748914 0.243307 0.927809 -0.282794 -0.636205 -0.940075 0.29737 0.166822 -0.243353 0.238873 0.225259 0.944562 0.374937 0.183971 -0.138814 0.97308 0.381885 -0.981522 0.0270534 0.189427 -0.489203 -0.0526203 -0.989949 -0.131272 0.445165 
1535375749078 0.243952 0.927659 -0.282729 -0.636003 -0.940013 0.297876 0.166268 -0.243251 0.238458 0.225207 0.94468 0.374984 0.184189 -0.139013 0.973011 0.381928 -0.981495 0.0267274 0.189614 -0.489345 -0.0523649 -0.98993 -0.131518 0.445141 
1535375749240 0.244598 0.927509 -0.282663 -0.635802 -0.939951 0.298381 0.165714 -0.243149 0.238042 0.225156 0.944797 0.375031 0.184407 -0.139212 0.972941 0.381971 -0.981468 0.0264013 0.189801 -0.489487 -0.0521095 -0.989911 -0.131764 0.445117 
1535375749404 0.245243 0.927359 -0.282597 -0.6356 -0.939888 0.298886 0.165159 -0.243046 0.237626 0.225105 0.944914 0.375078 0.184626 -0.139411 0.972871 0.382014 -0.98144 0.0260751 0.189989 -0.489629 -0.0518542 -0.989891 -0.13201 0.445093 
1535375749584 0.244654 0.927475 -0.282728 -0.635759 -0.93997 0.298414 0.165545 -0.243106 0.237908 0.225254 0.944807 0.374957 0.184308 -0.139064 0.972981 0.38194 -0.981481 0.0265482 0.189713 -0.489423 -0.0522132 -0.989927 -0.131596 0.445183 
1535375749598 0.244802 0.927417 -0.282788 -0.63541 -0.939884 0.298611 0.165677 -0.242994 0.238095 0.22523 0.944766 0.375087 0.185 -0.138676 0.972905 0.381978 -0.981369 0.0261675 0.19034 -0.489599 -0.0518541 -0.989992 -0.131252 0.445064 
1535375749656 0.244949 0.92736 -0.282849 -0.635056 -0.939798 0.298807 0.16581 -0.24288 0.238283 0.225206 0.944724 0.375217 0.185692 -0.138287 0.972828 0.382016 -0.981258 0.0257865 0.190967 -0.489776 -0.051494 -0.990057 -0.130906 0.444945 
1535375749840 0.245096 0.927302 -0.28291 -0.634703 -0.939712 0.299004 0.165943 -0.242765 0.238471 0.225182 0.944682 0.375348 0.186384 -0.137897 0.972751 0.382054 -0.981145 0.0254057 0.191594 -0.489952 -0.0511337 -0.990121 -0.130561 0.444827 
1535375750032 0.245244 0.927245 -0.282971 -0.63435 -0.939626 0.299201 0.166076 -0.242651 0.238658 0.225158 0.944641 0.375478 0.187076 -0.137506 0.972674 0.382092 -0.981032 0.0250252 0.192222 -0.490129 -0.050773 -0.990185 -0.130217 0.444708 
1535375750227 0.245391 0.927187 -0.283033 -0.633996 -0.93954 0.299397 0.166209 -0.242537 0.238846 0.225135 0.944599 0.375609 0.187768 -0.137116 0.972596 0.38213 -0.980919 0.0246448 0.19285 -0.490306 -0.0504122 -0.990248 -0.129872 0.444589 
1535375750419 0.245538 0.927129 -0.283094 -0.633643 -0.939454 0.299594 0.166341 -0.242423 0.239033 0.225111 0.944557 0.37574 0.18846 -0.136725 0.972517 0.382168 -0.980805 0.0242648 0.193477 -0.490482 -0.0500511 -0.990312 -0.129528 0.444471 
1535375750629 0.245686 0.927072 -0.283155 -0.633289 -0.939368 0.299791 0.166474 -0.242308 0.239221 0.225087 0.944515 0.37587 0.189151 -0.136334 0.972438 0.382206 -0.98069 0.023885 0.194104 -0.490659 -0.0496897 -0.990375 -0.129183 0.444352 
1535375750825 0.245833 0.927014 -0.283217 -0.632936 -0.939282 0.299987 0.166607 -0.242194 0.239408 0.225063 0.944474 0.376001 0.189842 -0.135942 0.972358 0.382244 -0.980575 0.0235054 0.194732 -0.490836 -0.0493281 -0.990438 -0.128839 0.444233 
1535375751008 0.24598 0.926956 -0.283278 -0.632583 -0.939195 0.300184 0.16674 -0.24208 0.239596 0.225038 0.944432 0.376131 0.190533 -0.135551 0.972277 0.382282 -0.980459 0.0231261 0.19536 -0.491012 -0.0489662 -0.9905 -0.128496 0.444115 
1535375751222 0.245943 0.927015 -0.283118 -0.632789 -0.939216 0.300109 0.166759 -0.242114 0.239554 0.224896 0.944476 0.376111 0.189895 -0.13579 0.972369 0.382265 -0.980561 0.0236028 0.194791 -0.490864 -0.0494014 -0.990456 -0.128669 0.444192 
1535375751242 0.245904 0.926997 -0.283209 -0.632345 -0.939089 0.300216 0.167277 -0.241988 0.240089 0.224824 0.944358 0.376237 0.190711 -0.135282 0.97228 0.382328 -0.980525 0.0210836 0.195262 -0.491012 -0.0469147 -0.990583 -0.128627 0.444109 
1535375751419 0.245807 0.927006 -0.283263 -0.631864 -0.938978 0.300261 0.167818 -0.241809 0.240621 0.224727 0.944245 0.376377 0.191526 -0.134773 0.97219 0.382391 -0.980482 0.0185647 0.195732 -0.491161 -0.0444278 -0.990703 -0.128587 0.444027 
1535375751642 0.245711 0.927015 -0.283318 -0.631383 -0.938867 0.300307 0.168359 -0.241631 0.241154 0.22463 0.944133 0.376517 0.192339 -0.134261 0.972101 0.382455 -0.980432 0.0160459 0.196203 -0.49131 -0.0419407 -0.990816 -0.128548 0.443944 
1535375751852 0.245614 0.927024 -0.283372 -0.630902 -0.938755 0.300352 0.1689 -0.241451 0.241686 0.224533 0.94402 0.376658 0.19315 -0.133747 0.972011 0.382518 -0.980376 0.0135272 0.196674 -0.49146 -0.0394532 -0.990923 -0.12851 0.443861 
1535375752077 0.245518 0.927033 -0.283427 -0.63042 -0.938643 0.300397 0.169442 -0.241272 0.242218 0.224436 0.943906 0.376798 0.193961 -0.133231 0.97192 0.382581 -0.980313 0.0110087 0.197145 -0.491609 -0.0369655 -0.991024 -0.128473 0.443779 
1535375752299 0.245421 0.927042 -0.283481 -0.629939 -0.938531 0.300442 0.169983 -0.241094 0.242751 0.224338 0.943793 0.376938 0.19477 -0.132713 0.971829 0.382644 -0.980243 0.00849039 0.197616 -0.491758 -0.0344775 -0.991118 -0.128438 0.443696 
1535375752510 0.245325 0.927051 -0.283535 -0.629457 -0.938419 0.300487 0.170524 -0.240914 0.243283 0.224241 0.943679 0.377079 0.195578 -0.132193 0.971738 0.382708 -0.980166 0.00597223 0.198087 -0.491908 -0.0319892 -0.991206 -0.128403 0.443614 
1535375752730 0.245228 0.92706 -0.283589 -0.628976 -0.938306 0.300532 0.171065 -0.240736 0.243815 0.224144 0.943564 0.377219 0.196385 -0.131671 0.971646 0.382771 -0.980083 0.00345432 0.198558 -0.492057 -0.0295007 -0.991287 -0.12837 0.443531 
1535375752940 0.245132 0.927069 -0.283644 -0.628494 -0.938192 0.300577 0.171605 -0.240556 0.244347 0.224047 0.94345 0.37736 0.197189 -0.131147 0.971554 0.382834 -0.979993 0.000936661 0.199029 -0.492206 -0.027012 -0.991363 -0.128338 0.443449 
1535375753190 0.244896 0.927146 -0.283594 -0.628776 -0.938356 0.300249 0.171286 -0.240508 0.243956 0.224165 0.943523 0.377247 0.196881 -0.131365 0.971587 0.382767 -0.980029 0.00186388 0.198844 -0.492118 -0.0279321 -0.991332 -0.128375 0.443552 
1535375753208 0.244868 0.927064 -0.283888 -0.628368 -0.93826 0.300372 0.171595 -0.240367 0.244351 0.224343 0.943378 0.377385 0.197095 -0.129907 0.97174 0.382802 -0.980025 0.000713146 0.198871 -0.492206 -0.0265277 -0.991526 -0.127172 0.443333 
1535375753401 0.24484 0.926981 -0.284183 -0.627956 -0.938164 0.300494 0.171904 -0.240224 0.244747 0.224521 0.943233 0.377523 0.197316 -0.128447 0.971889 0.382837 -0.980019 -0.000458645 0.198906 -0.492296 -0.025103 -0.991716 -0.125971 0.443113 
1535375753623 0.244812 0.926898 -0.284477 -0.627544 -0.938068 0.300616 0.172214 -0.24008 0.245143 0.224699 0.943088 0.377662 0.197534 -0.126986 0.972036 0.382872 -0.98001 -0.00163036 0.198942 -0.492387 -0.023678 -0.991903 -0.124769 0.442892 
1535375753835 0.244783 0.926815 -0.284772 -0.627131 -0.937972 0.300739 0.172523 -0.239937 0.245539 0.224878 0.942943 0.3778 0.197751 -0.125524 0.972182 0.382906 -0.98 -0.00280203 0.198979 -0.492477 -0.0222526 -0.992087 -0.123568 0.442672 
1535375754045 0.244755 0.926732 -0.285067 -0.626719 -0.937876 0.300862 0.172832 -0.239793 0.245934 0.225056 0.942797 0.377939 0.197965 -0.124062 0.972326 0.382941 -0.979988 -0.00397359 0.199018 -0.492567 -0.020827 -0.992266 -0.122366 0.442452 
1535375754254 0.244726 0.926649 -0.285362 -0.626307 -0.93778 0.300984 0.173141 -0.239651 0.24633 0.225234 0.942651 0.378077 0.198177 -0.1226 0.972469 0.382975 -0.979974 -0.00514516 0.199058 -0.492658 -0.019401 -0.992443 -0.121165 0.442232 
1535375754468 0.244697 0.926566 -0.285656 -0.625894 -0.937683 0.301107 0.17345 -0.239507 0.246726 0.225413 0.942505 0.378216 0.198387 -0.121137 0.972609 0.38301 -0.979959 -0.00631659 0.1991 -0.492748 -0.0179748 -0.992616 -0.119963 0.442012 
1535375754704 0.244668 0.926482 -0.285951 -0.625482 -0.937587 0.30123 0.173759 -0.239364 0.247121 0.225591 0.942359 0.378354 0.198596 -0.119674 0.972748 0.383045 -0.979942 -0.00748809 0.199144 -0.492838 -0.0165482 -0.992785 -0.11876 0.441791 
1535375754926 0.244639 0.926399 -0.286246 -0.62507 -0.93749 0.301352 0.174068 -0.239221 0.247517 0.225769 0.942212 0.378493 0.198801 -0.11821 0.972885 0.383079 -0.979923 -0.00865931 0.199188 -0.492928 -0.0151214 -0.992951 -0.117558 0.441571 
1535375755178 0.244528 0.926462 -0.286136 -0.625296 -0.937557 0.301192 0.173986 -0.239263 0.247373 0.225724 0.942261 0.378426 0.198611 -0.118918 0.972837 0.383031 -0.979953 -0.0082295 0.199058 -0.492911 -0.0156656 -0.99287 -0.118168 0.441793 
1535375755185 0.244575 0.926312 -0.286583 -0.625002 -0.937498 0.301362 0.174004 -0.239149 0.247547 0.226114 0.942121 0.378533 0.198702 -0.118952 0.972814 0.383058 -0.979943 -0.00877632 0.199085 -0.492966 -0.0151438 -0.992861 -0.11831 0.441779 
1535375755202 0.244622 0.92616 -0.287031 -0.624703 -0.93744 0.301533 0.17402 -0.239034 0.24772 0.226505 0.941982 0.378642 0.198793 -0.118986 0.972792 0.383086 -0.979932 -0.00932374 0.199112 -0.493021 -0.0146215 -0.992852 -0.118452 0.441765 
1535375755416 0.24467 0.926009 -0.287479 -0.624405 -0.937382 0.301704 0.174037 -0.238918 0.247893 0.226896 0.941842 0.37875 0.198885 -0.11902 0.972769 0.383114 -0.979921 -0.00987114 0.199139 -0.493077 -0.0140992 -0.992843 -0.118594 0.441751 
1535375755601 0.244717 0.925857 -0.287926 -0.624106 -0.937324 0.301876 0.174053 -0.238802 0.248066 0.227287 0.941703 0.378858 0.198976 -0.119054 0.972746 0.383141 -0.97991 -0.0104186 0.199166 -0.493132 -0.013577 -0.992833 -0.118735 0.441737 
1535375755788 0.244765 0.925705 -0.288374 -0.623807 -0.937266 0.302047 0.174069 -0.238686 0.248239 0.227678 0.941563 0.378967 0.199067 -0.119088 0.972723 0.383169 -0.979899 -0.0109659 0.199193 -0.493187 -0.0130547 -0.992823 -0.118877 0.441723 
1535375755969 0.244812 0.925553 -0.288822 -0.623509 -0.937208 0.302218 0.174085 -0.23857 0.248412 0.228068 0.941423 0.379075 0.199158 -0.119122 0.9727 0.383196 -0.979887 -0.0115133 0.19922 -0.493243 -0.0125325 -0.992813 -0.119019 0.44171 
1535375756154 0.244859 0.925401 -0.289269 -0.623209 -0.93715 0.302389 0.1741 -0.238454 0.248585 0.228459 0.941282 0.379183 0.199249 -0.119156 0.972678 0.383224 -0.979875 -0.0120607 0.199246 -0.493298 -0.0120102 -0.992802 -0.119161 0.441696 
1535375756339 0.244906 0.925249 -0.289717 -0.622911 -0.937092 0.30256 0.174116 -0.238338 0.248758 0.228849 0.941142 0.379291 0.199341 -0.11919 0.972655 0.383252 -0.979863 -0.0126082 0.199273 -0.493353 -0.011488 -0.992791 -0.119303 0.441682 
1535375756537 0.244953 0.925096 -0.290164 -0.622613 -0.937033 0.302732 0.174132 -0.238223 0.248931 0.229239 0.941001 0.3794 0.199432 -0.119224 0.972632 0.383279 -0.97985 -0.0131555 0.199299 -0.493408 -0.0109658 -0.99278 -0.119445 0.441668 
1535375756737 0.245016 0.925156 -0.28992 -0.622772 -0.93704 0.302724 0.174108 -0.238346 0.248843 0.229007 0.941081 0.379281 0.199355 -0.119232 0.972647 0.383265 -0.97986 -0.0126074 0.199288 -0.493308 -0.011499 -0.992786 -0.119344 0.441672 
1535375756754 0.245206 0.925099 -0.28994 -0.622528 -0.936987 0.302913 0.174068 -0.238244 0.248856 0.228987 0.941082 0.379357 0.200184 -0.119236 0.972476 0.3833 -0.979722 -0.0158183 0.199736 -0.493457 -0.0084329 -0.99274 -0.119985 0.441753 
1535375756960 0.245397 0.925042 -0.28996 -0.62228 -0.936933 0.303101 0.174027 -0.238139 0.24887 0.228967 0.941083 0.379435 0.201014 -0.119238 0.972304 0.383336 -0.979574 -0.0190292 0.200184 -0.493609 -0.00536727 -0.992683 -0.120627 0.441835 
1535375757164 0.245587 0.924986 -0.28998 -0.622032 -0.93688 0.30329 0.173987 -0.238035 0.248884 0.228948 0.941084 0.379512 0.201845 -0.119237 0.972132 0.383373 -0.979415 -0.0222399 0.200629 -0.493762 -0.00230214 -0.992617 -0.121271 0.441916 
1535375757364 0.245778 0.924929 -0.29 -0.621783 -0.936826 0.303479 0.173947 -0.23793 0.248898 0.228928 0.941086 0.379589 0.202675 -0.119233 0.97196 0.383409 -0.979246 -0.0254505 0.201072 -0.493914 0.000762469 -0.99254 -0.121916 0.441998 
1535375757565 0.245968 0.924872 -0.290021 -0.621534 -0.936772 0.303667 0.173907 -0.237825 0.248911 0.228908 0.941087 0.379667 0.203504 -0.119226 0.971788 0.383445 -0.979067 -0.0286606 0.201512 -0.494067 0.00382649 -0.992453 -0.122563 0.44208 
1535375757763 0.246159 0.924815 -0.290041 -0.621287 -0.936719 0.303856 0.173867 -0.237721 0.248925 0.228888 0.941088 0.379744 0.204335 -0.119217 0.971614 0.383481 -0.978877 -0.0318707 0.201952 -0.494218 0.00688996 -0.992357 -0.123211 0.442161 
1535375757976 0.246349 0.924758 -0.290061 -0.621037 -0.936665 0.304044 0.173826 -0.237616 0.248939 0.228868 0.941089 0.379821 0.205164 -0.119205 0.971441 0.383518 -0.978677 -0.0350802 0.202388 -0.494371 0.00995278 -0.99225 -0.12386 0.442243 
1535375758189 0.24654 0.924701 -0.290081 -0.62079 -0.936611 0.304233 0.173786 -0.237511 0.248952 0.228848 0.94109 0.379898 0.205994 -0.11919 0.971267 0.383554 -0.978467 -0.0382895 0.202822 -0.494523 0.0130149 -0.992133 -0.124511 0.442325 
1535375758403 0.24673 0.924643 -0.290101 -0.620542 -0.936558 0.304421 0.173746 -0.237407 0.248966 0.228828 0.941092 0.379976 0.206824 -0.119173 0.971093 0.38359 -0.978246 -0.0414985 0.203255 -0.494674 0.0160764 -0.992006 -0.125163 0.442406 
1535375758631 0.246655 0.924695 -0.29 -0.620744 -0.936604 0.304306 0.173698 -0.237539 0.248866 0.228772 0.941132 0.379936 0.206377 -0.119198 0.971185 0.383534 -0.97836 -0.0401741 0.202971 -0.494622 0.0148227 -0.992057 -0.12491 0.442403 
1535375758645 0.246592 0.924737 -0.289919 -0.620541 -0.936551 0.304295 0.174003 -0.237467 0.249128 0.228616 0.9411 0.379981 0.206328 -0.119543 0.971153 0.38355 -0.978389 -0.0389183 0.203075 -0.494689 0.0135194 -0.992066 -0.12499 0.442415 
1535375758800 0.246532 0.924779 -0.289838 -0.620334 -0.936497 0.304286 0.174309 -0.237394 0.24939 0.22846 0.941069 0.380026 0.206258 -0.119884 0.971126 0.383567 -0.978422 -0.0375711 0.20317 -0.494754 0.0121295 -0.992077 -0.125047 0.442425 
1535375758899 0.246471 0.924821 -0.289756 -0.620127 -0.936443 0.304276 0.174614 -0.23732 0.249652 0.228303 0.941037 0.380072 0.206188 -0.120225 0.971099 0.383585 -0.978454 -0.0362239 0.203265 -0.494819 0.0107396 -0.992086 -0.125103 0.442436 
1535375759009 0.24641 0.924863 -0.289675 -0.61992 -0.936389 0.304267 0.174919 -0.237246 0.249914 0.228147 0.941006 0.380118 0.206117 -0.120565 0.971071 0.383602 -0.978483 -0.0348768 0.20336 -0.494883 0.00934967 -0.992093 -0.12516 0.442447 
1535375759133 0.246349 0.924904 -0.289593 -0.619714 -0.936335 0.304257 0.175224 -0.237173 0.250177 0.22799 0.940974 0.380163 0.206045 -0.120906 0.971044 0.383619 -0.97851 -0.0335294 0.203455 -0.494948 0.00795974 -0.992098 -0.125216 0.442457 
1535375759232 0.246288 0.924946 -0.289512 -0.619507 -0.936281 0.304248 0.175529 -0.237099 0.250439 0.227834 0.940942 0.380209 0.205974 -0.121246 0.971017 0.383637 -0.978535 -0.0321822 0.20355 -0.495013 0.00656982 -0.992101 -0.125272 0.442468 
1535375759351 0.246227 0.924988 -0.28943 -0.619301 -0.936227 0.304238 0.175835 -0.237025 0.250701 0.227677 0.94091 0.380254 0.205901 -0.121586 0.97099 0.383654 -0.978559 -0.0308348 0.203645 -0.495078 0.00517988 -0.992102 -0.125328 0.442479 
1535375759456 0.246166 0.925029 -0.289349 -0.619093 -0.936173 0.304228 0.17614 -0.236951 0.250963 0.227521 0.940878 0.3803 0.205828 -0.121926 0.970963 0.383671 -0.978581 -0.0294874 0.20374 -0.495142 0.00378993 -0.992101 -0.125384 0.44249 
1535375759573 0.246105 0.925071 -0.289267 -0.618886 -0.936119 0.304218 0.176445 -0.236878 0.251225 0.227364 0.940846 0.380346 0.205755 -0.122266 0.970935 0.383689 -0.9786 -0.0281402 0.203836 -0.495207 0.0024 -0.992098 -0.12544 0.4425 
1535375759692 0.246124 0.92503 -0.289382 -0.619151 -0.936179 0.304199 0.176157 -0.236971 0.25098 0.227557 0.940865 0.380322 0.205751 -0.121985 0.970972 0.383636 -0.978597 -0.029595 0.203649 -0.495153 0.0038939 -0.992091 -0.125463 0.442489 
1535375759704 0.246202 0.925009 -0.289384 -0.618953 -0.93614 0.304291 0.176208 -0.236873 0.251051 0.227521 0.940855 0.380366 0.205551 -0.122198 0.970987 0.383631 -0.978645 -0.0275244 0.203708 -0.495216 0.00183303 -0.992124 -0.125247 0.442459 
1535375759724 0.246281 0.924987 -0.289387 -0.618751 -0.9361 0.304383 0.176259 -0.236772 0.251122 0.227486 0.940844 0.38041 0.20535 -0.122412 0.971003 0.383626 -0.978689 -0.0254535 0.203766 -0.495279 -0.000228061 -0.992153 -0.12503 0.442429 
1535375759891 0.246359 0.924966 -0.289389 -0.618549 -0.936061 0.304475 0.17631 -0.236672 0.251192 0.22745 0.940834 0.380455 0.205147 -0.122625 0.971019 0.383622 -0.978728 -0.0233824 0.203823 -0.495342 -0.00228922 -0.992178 -0.124814 0.442399 
1535375760051 0.246437 0.924944 -0.289391 -0.618346 -0.936021 0.304567 0.176361 -0.236571 0.251263 0.227414 0.940824 0.380499 0.204945 -0.122838 0.971035 0.383617 -0.978764 -0.0213112 0.20388 -0.495405 -0.00435041 -0.992198 -0.124597 0.442369 
1535375760203 0.246516 0.924922 -0.289393 -0.618143 -0.935982 0.30466 0.176411 -0.236471 0.251333 0.227379 0.940814 0.380544 0.204742 -0.123051 0.971051 0.383612 -0.978795 -0.01924 0.203937 -0.495468 -0.00641157 -0.992214 -0.124381 0.442339 
1535375760339 0.246594 0.924901 -0.289395 -0.617942 -0.935942 0.304752 0.176462 -0.23637 0.251404 0.227343 0.940804 0.380588 0.204539 -0.123263 0.971067 0.383607 -0.978822 -0.0171687 0.203993 -0.495531 -0.00847276 -0.992226 -0.124164 0.442309 
1535375760508 0.246672 0.924879 -0.289398 -0.617738 -0.935903 0.304844 0.176513 -0.23627 0.251474 0.227307 0.940793 0.380633 0.204335 -0.123474 0.971083 0.383602 -0.978844 -0.0150973 0.204048 -0.495593 -0.010534 -0.992233 -0.123947 0.442279 
1535375760671 0.246751 0.924858 -0.2894 -0.617537 -0.935863 0.304936 0.176563 -0.236169 0.251544 0.227271 0.940783 0.380677 0.20413 -0.123686 0.971099 0.383598 -0.978863 -0.0130259 0.204103 -0.495656 -0.0125952 -0.992236 -0.12373 0.442249 
1535375760821 0.246829 0.924836 -0.289402 -0.617335 -0.935823 0.305028 0.176614 -0.236069 0.251615 0.227235 0.940773 0.380721 0.203926 -0.123896 0.971115 0.383593 -0.978877 -0.0109545 0.204158 -0.495719 -0.0146564 -0.992235 -0.123513 0.442219 
1535375760988 0.246808 0.924815 -0.289486 -0.617546 -0.93583 0.305024 0.176589 -0.236201 0.251612 0.227326 0.940752 0.38061 0.204047 -0.123709 0.971113 0.383619 -0.978874 -0.0125814 0.204075 -0.495685 -0.0130279 -0.992239 -0.123662 0.442269 
1535375761002 0.246807 0.924783 -0.289589 -0.617333 -0.935818 0.305053 0.1766 -0.236117 0.251657 0.227416 0.940718 0.38069 0.204284 -0.124055 0.971019 0.383622 -0.97882 -0.0123167 0.204352 -0.495821 -0.0133911 -0.992199 -0.123944 0.4423 
1535375761017 0.246806 0.924751 -0.289693 -0.617115 -0.935806 0.305082 0.17661 -0.23603 0.2517 0.227508 0.940684 0.380771 0.204522 -0.124401 0.970925 0.383626 -0.978765 -0.0120524 0.20463 -0.49596 -0.0137541 -0.992159 -0.124224 0.442331 
1535375761169 0.246805 0.924719 -0.289796 -0.616896 -0.935795 0.305112 0.17662 -0.235943 0.251744 0.227599 0.940651 0.380853 0.204761 -0.124747 0.97083 0.383631 -0.97871 -0.0117883 0.204908 -0.496098 -0.0141172 -0.992119 -0.124505 0.442363 
1535375761281 0.246804 0.924687 -0.2899 -0.616679 -0.935783 0.305141 0.17663 -0.235857 0.251788 0.22769 0.940617 0.380933 0.204998 -0.125093 0.970736 0.383634 -0.978655 -0.0115241 0.205186 -0.496237 -0.0144804 -0.992078 -0.124785 0.442394 
1535375761415 0.246803 0.924655 -0.290003 -0.616461 -0.935772 0.305171 0.17664 -0.23577 0.251831 0.227782 0.940583 0.381015 0.205237 -0.125439 0.97064 0.383638 -0.9786 -0.0112602 0.205464 -0.496375 -0.0148437 -0.992037 -0.125066 0.442425 
1535375761529 0.246802 0.924622 -0.290107 -0.616244 -0.93576 0.3052 0.17665 -0.235684 0.251875 0.227873 0.940549 0.381096 0.205474 -0.125785 0.970546 0.383642 -0.978545 -0.0109962 0.205742 -0.496513 -0.015207 -0.991997 -0.125346 0.442457 
1535375761676 0.246801 0.92459 -0.290211 -0.616025 -0.935749 0.30523 0.176659 -0.235597 0.251919 0.227964 0.940515 0.381177 0.205712 -0.126132 0.97045 0.383646 -0.978489 -0.0107325 0.206021 -0.496652 -0.0155704 -0.991955 -0.125626 0.442488 
1535375761766 0.2468 0.924558 -0.290314 -0.615808 -0.935737 0.305259 0.176669 -0.235511 0.251962 0.228056 0.940482 0.381258 0.205948 -0.126478 0.970355 0.38365 -0.978433 -0.0104686 0.206298 -0.49679 -0.0159339 -0.991914 -0.125906 0.442519 
1535375761915 0.2468 0.924526 -0.290418 -0.615589 -0.935726 0.305289 0.176679 -0.235424 0.252006 0.228147 0.940448 0.381339 0.206186 -0.126824 0.970259 0.383655 -0.978377 -0.0102051 0.206577 -0.496928 -0.0162974 -0.991873 -0.126186 0.442551 
1535375762015 0.246795 0.924527 -0.290417 -0.615793 -0.935688 0.30532 0.176826 -0.235537 0.252151 0.2281 0.94042 0.38124 0.206006 -0.126367 0.970357 0.383675 -0.978423 -0.0106045 0.206337 -0.496704 -0.015784 -0.991927 -0.125825 0.442453 
1535375762036 0.246894 0.924517 -0.290366 -0.615455 -0.935683 0.305385 0.176739 -0.235401 0.252071 0.228055 0.940453 0.381354 0.206183 -0.125435 0.97044 0.383664 -0.97841 -0.0120053 0.206324 -0.496844 -0.0142299 -0.992029 -0.125203 0.44235 
1535375762215 0.246995 0.924506 -0.290315 -0.615113 -0.935679 0.305452 0.176649 -0.235262 0.251991 0.22801 0.940485 0.38147 0.206359 -0.124504 0.970523 0.383653 -0.978394 -0.013406 0.206313 -0.496986 -0.0126759 -0.992129 -0.12458 0.442248 
1535375762389 0.247095 0.924494 -0.290265 -0.614768 -0.935674 0.305518 0.17656 -0.235123 0.25191 0.227966 0.940517 0.381585 0.206533 -0.123572 0.970605 0.383642 -0.978376 -0.0148066 0.206302 -0.497128 -0.0111217 -0.992225 -0.123958 0.442145 
1535375762579 0.247196 0.924483 -0.290215 -0.614427 -0.935669 0.305585 0.176471 -0.234985 0.25183 0.227922 0.940549 0.381701 0.206706 -0.122639 0.970686 0.383631 -0.978356 -0.0162072 0.206291 -0.497269 -0.00956732 -0.992319 -0.123335 0.442043 
1535375762800 0.247296 0.924472 -0.290165 -0.614083 -0.935664 0.305651 0.176382 -0.234846 0.251749 0.227878 0.940582 0.381816 0.206878 -0.121707 0.970767 0.38362 -0.978334 -0.0176079 0.206283 -0.497411 -0.00801283 -0.99241 -0.122713 0.44194 
1535375762996 0.247397 0.924461 -0.290114 -0.613741 -0.935659 0.305717 0.176293 -0.234708 0.251669 0.227834 0.940614 0.381931 0.207048 -0.120774 0.970847 0.383609 -0.978309 -0.0190085 0.206275 -0.497552 -0.00645822 -0.992498 -0.12209 0.441838 
1535375763170 0.247497 0.92445 -0.290064 -0.613398 -0.935654 0.305784 0.176203 -0.234569 0.251588 0.22779 0.940646 0.382047 0.207216 -0.11984 0.970927 0.383598 -0.978283 -0.020409 0.206267 -0.497694 -0.00490349 -0.992583 -0.121467 0.441735 
1535375763383 0.247598 0.924439 -0.290013 -0.613056 -0.935649 0.30585 0.176114 -0.234431 0.251508 0.227745 0.940678 0.382162 0.207383 -0.118907 0.971006 0.383587 -0.978254 -0.0218095 0.206261 -0.497836 -0.00334865 -0.992666 -0.120844 0.441633 
1535375763564 0.247698 0.924428 -0.289963 -0.612712 -0.935644 0.305917 0.176025 -0.234291 0.251427 0.227701 0.940711 0.382278 0.207549 -0.117973 0.971085 0.383576 -0.978223 -0.02321 0.206255 -0.497978 -0.00179367 -0.992746 -0.120221 0.44153 
1535375763767 0.247697 0.924414 -0.290008 -0.612919 -0.935626 0.305941 0.17608 -0.234427 0.251497 0.227724 0.940687 0.382204 0.207298 -0.118468 0.971078 0.383551 -0.978274 -0.0222536 0.206119 -0.497965 -0.00280846 -0.992708 -0.120507 0.441543 
1535375763783 0.247931 0.924359 -0.289985 -0.61259 -0.935525 0.306195 0.176175 -0.234271 0.25164 0.227609 0.940676 0.382283 0.206767 -0.117514 0.971307 0.383527 -0.978388 -0.0225271 0.205549 -0.498017 -0.00227426 -0.992816 -0.119633 0.441394 
1535375763803 0.248165 0.924303 -0.289963 -0.612256 -0.935424 0.306448 0.17627 -0.234113 0.251785 0.227494 0.940665 0.382362 0.206235 -0.116562 0.971535 0.383503 -0.978501 -0.0228008 0.204978 -0.498068 -0.00174081 -0.992922 -0.118758 0.441245 
1535375764016 0.248399 0.924247 -0.289941 -0.611922 -0.935323 0.306702 0.176365 -0.233954 0.25193 0.22738 0.940654 0.382441 0.205703 -0.115609 0.971762 0.383479 -0.978614 -0.0230751 0.204408 -0.498119 -0.00120783 -0.993027 -0.117883 0.441096 
1535375764198 0.248632 0.924191 -0.289919 -0.611588 -0.935222 0.306955 0.176459 -0.233796 0.252074 0.227265 0.940643 0.382521 0.20517 -0.114656 0.971987 0.383455 -0.978726 -0.0233499 0.203838 -0.49817 -0.000675331 -0.993131 -0.117007 0.440947 
