1534172557847 0.328269 0.899305 -0.288948 -0.500838 -0.93527 0.352304 0.0339465 -0.224632 0.132326 0.259101 0.956743 0.349434 0.16008 -0.304787 0.938871 0.370831 -0.775623 0.549475 0.310623 -0.528794 -0.61056 -0.777934 -0.14844 0.432481 
1534172557857 0.383208 0.923657 0.00311198 -0.538357 -0.922526 0.382567 0.050879 -0.224599 0.0458042 -0.0223681 0.9987 0.348211 0.31622 -0.384863 0.867113 0.400795 -0.930002 -0.306262 0.203222 -0.504304 0.187351 -0.87068 -0.454769 0.485867 
1534172560139 0.409933 0.863459 0.293926 -0.575874 -0.91056 0.406213 0.0766201 -0.224565 -0.0532383 -0.299047 0.952752 0.346985 0.31622 -0.384863 0.867113 0.400795 -0.930002 -0.306262 0.203222 -0.504304 0.187351 -0.87068 -0.454769 0.485867 
1534172562011 0.406888 0.725499 0.555061 -0.611511 -0.900273 0.421431 0.10911 -0.223192 -0.15476 -0.544102 0.824623 0.353593 0.31622 -0.384863 0.867113 0.400795 -0.930002 -0.306262 0.203222 -0.504304 0.187351 -0.87068 -0.454769 0.485867 
1534172562017 0.375486 0.53025 0.760161 -0.619286 -0.892403 0.428298 0.142048 -0.214556 -0.250255 -0.731707 0.634017 0.378054 0.31622 -0.384863 0.867113 0.400795 -0.930002 -0.306262 0.203222 -0.504304 0.187351 -0.87068 -0.45477 0.485867 
