1533553889717 0.0828614 0.943345 -0.3213 -0.604912 -0.962663 0.159143 0.218983 -0.228934 0.25771 0.291159 0.92131 0.382571 1 0 0 0 0 1 0 0 0 0 1 1.306 
1533553889730 0.0848052 0.943437 -0.320524 -0.604802 -0.962143 0.161159 0.219791 -0.228677 0.259014 0.289751 0.921388 0.382447 0.313239 -0.3866 0.867422 0.386189 -0.93126 -0.304042 0.200784 -0.500185 0.18611 -0.870689 -0.455263 0.505382 
1533553890059 0.0867493 0.943523 -0.319749 -0.604692 -0.961619 0.163172 0.2206 -0.228419 0.260315 0.28834 0.921464 0.382322 0.316244 -0.384866 0.867103 0.400216 -0.929998 -0.306258 0.203249 -0.504049 0.187334 -0.87068 -0.454777 0.486145 
1533553890293 0.0886936 0.943604 -0.318975 -0.604582 -0.961089 0.165183 0.221411 -0.228161 0.261614 0.286925 0.921538 0.382198 0.316258 -0.384857 0.867102 0.400836 -0.929992 -0.306267 0.203261 -0.504368 0.187338 -0.870681 -0.454774 0.485921 
1533553890551 0.0906393 0.94368 -0.318203 -0.604472 -0.960554 0.167192 0.222223 -0.227904 0.262909 0.285509 0.921609 0.382073 0.316239 -0.384881 0.867098 0.400855 -0.93 -0.306257 0.203241 -0.504361 0.187331 -0.870674 -0.454789 0.485943 
1533553890822 0.0925852 0.943751 -0.317431 -0.604362 -0.960014 0.169199 0.223037 -0.227647 0.264201 0.284088 0.921679 0.381949 0.316214 -0.384899 0.867099 0.400827 -0.930009 -0.306245 0.203216 -0.504329 0.187327 -0.87067 -0.454799 0.48594 
1533553891122 0.0945317 0.943816 -0.316661 -0.604252 -0.959468 0.171204 0.223852 -0.227389 0.265489 0.282665 0.921746 0.381825 0.3162 -0.384907 0.867101 0.400798 -0.930014 -0.306239 0.203202 -0.504306 0.187326 -0.870669 -0.454801 0.485922 
1533553891366 0.0964795 0.943877 -0.315893 -0.604142 -0.958918 0.173208 0.224669 -0.227132 0.266775 0.281239 0.921811 0.3817 0.316197 -0.384904 0.867103 0.400778 -0.930014 -0.30624 0.2032 -0.504292 0.187329 -0.87067 -0.454799 0.485903 
1533553891613 0.0984275 0.943932 -0.315125 -0.604032 -0.958362 0.175209 0.225487 -0.226874 0.268057 0.27981 0.921874 0.381576 0.316201 -0.384895 0.867106 0.400765 -0.930012 -0.306246 0.203202 -0.504277 0.187337 -0.870672 -0.454792 0.485883 
1533553891840 0.100375 0.943982 -0.314361 -0.603926 -0.957802 0.177207 0.226304 -0.226622 0.269334 0.278381 0.921935 0.381458 0.316123 -0.384928 0.86712 0.40068 -0.93004 -0.30621 0.20313 -0.504145 0.18733 -0.87067 -0.454798 0.485852 
1533553892086 0.10027 0.944002 -0.314336 -0.603918 -0.957817 0.177099 0.226324 -0.226608 0.269319 0.278383 0.921938 0.381462 1 0 0 0 0 1 0 0 0 0 1 1.306 
1533553892096 0.100476 0.944004 -0.314262 -0.603907 -0.957759 0.177311 0.226404 -0.226583 0.269449 0.278239 0.921944 0.381449 0.313239 -0.3866 0.867422 0.386189 -0.93126 -0.304042 0.200784 -0.500185 0.18611 -0.870689 -0.455263 0.505382 
1533553892208 0.100684 0.944007 -0.314187 -0.603897 -0.9577 0.177524 0.226485 -0.226558 0.269579 0.278094 0.92195 0.381435 0.316244 -0.384866 0.867103 0.400216 -0.929998 -0.306258 0.203249 -0.504049 0.187334 -0.87068 -0.454777 0.486145 
1533553892378 0.100891 0.94401 -0.314113 -0.603886 -0.957642 0.177736 0.226566 -0.226534 0.269709 0.277949 0.921955 0.381422 0.316258 -0.384857 0.867102 0.400836 -0.929992 -0.306267 0.203261 -0.504368 0.187338 -0.870681 -0.454774 0.485921 
1533553892498 0.101099 0.944012 -0.314039 -0.603876 -0.957583 0.177949 0.226646 -0.226509 0.269839 0.277804 0.921961 0.381408 0.316239 -0.384881 0.867098 0.400855 -0.93 -0.306257 0.203241 -0.504361 0.187331 -0.870674 -0.454789 0.485943 
1533553892670 0.101306 0.944015 -0.313964 -0.603865 -0.957525 0.178162 0.226727 -0.226484 0.26997 0.27766 0.921966 0.381395 0.316214 -0.384899 0.867099 0.400827 -0.930009 -0.306245 0.203216 -0.504329 0.187327 -0.87067 -0.454799 0.48594 
1533553892795 0.101513 0.944017 -0.31389 -0.603854 -0.957466 0.178374 0.226807 -0.226459 0.2701 0.277515 0.921972 0.381381 0.3162 -0.384907 0.867101 0.400798 -0.930014 -0.306239 0.203202 -0.504306 0.187326 -0.870669 -0.454801 0.485922 
1533553892931 0.101722 0.944019 -0.313816 -0.603844 -0.957407 0.178587 0.226888 -0.226434 0.27023 0.27737 0.921977 0.381368 0.316197 -0.384904 0.867103 0.400778 -0.930014 -0.30624 0.2032 -0.504292 0.187329 -0.87067 -0.454799 0.485903 
1533553893071 0.101929 0.944022 -0.313741 -0.603833 -0.957348 0.1788 0.226968 -0.22641 0.27036 0.277225 0.921983 0.381354 0.316201 -0.384895 0.867106 0.400765 -0.930012 -0.306246 0.203202 -0.504277 0.187337 -0.870672 -0.454792 0.485883 
1533553893202 0.102136 0.944024 -0.313668 -0.603823 -0.95729 0.179012 0.227049 -0.226385 0.27049 0.277081 0.921988 0.381341 0.316123 -0.384928 0.86712 0.40068 -0.93004 -0.30621 0.20313 -0.504145 0.18733 -0.87067 -0.454798 0.485852 
1533553893377 0.101933 0.944024 -0.313733 -0.603831 -0.95733 0.178821 0.227032 -0.226347 0.270425 0.277204 0.92197 0.381304 1 0 0 0 0 1 0 0 0 0 1 1.306 
1533553893392 0.102014 0.943926 -0.314002 -0.603818 -0.957335 0.178947 0.226911 -0.226349 0.270376 0.277457 0.921908 0.381309 0.313239 -0.3866 0.867422 0.386189 -0.93126 -0.304042 0.200784 -0.500185 0.18611 -0.870689 -0.455263 0.505382 
1533553893670 0.102096 0.943828 -0.31427 -0.603805 -0.95734 0.179073 0.22679 -0.226352 0.270328 0.277709 0.921846 0.381314 0.316244 -0.384866 0.867103 0.400216 -0.929998 -0.306258 0.203249 -0.504049 0.187334 -0.87068 -0.454777 0.486145 
1533553893999 0.102177 0.943729 -0.314539 -0.603792 -0.957345 0.179199 0.226669 -0.226354 0.270279 0.277962 0.921784 0.381319 0.316258 -0.384857 0.867102 0.400836 -0.929992 -0.306267 0.203261 -0.504368 0.187338 -0.870681 -0.454774 0.485921 
1533553894168 0.102259 0.943631 -0.314807 -0.603779 -0.95735 0.179325 0.226549 -0.226356 0.270231 0.278214 0.921722 0.381324 0.316239 -0.384881 0.867098 0.400855 -0.93 -0.306257 0.203241 -0.504361 0.187331 -0.870674 -0.454789 0.485943 
1533553894175 0.10234 0.943533 -0.315076 -0.603766 -0.957355 0.179451 0.226428 -0.226359 0.270183 0.278466 0.92166 0.381329 0.316214 -0.384899 0.867099 0.400827 -0.930009 -0.306245 0.203216 -0.504329 0.187327 -0.87067 -0.454799 0.48594 
1533553894340 0.102422 0.943434 -0.315344 -0.603752 -0.95736 0.179577 0.226307 -0.226361 0.270134 0.278719 0.921598 0.381335 0.3162 -0.384907 0.867101 0.400798 -0.930014 -0.306239 0.203202 -0.504306 0.187326 -0.870669 -0.454801 0.485922 
1533553894532 0.102503 0.943336 -0.315612 -0.603739 -0.957364 0.179702 0.226186 -0.226363 0.270086 0.278971 0.921536 0.38134 0.316197 -0.384904 0.867103 0.400778 -0.930014 -0.30624 0.2032 -0.504292 0.187329 -0.87067 -0.454799 0.485903 
1533553894731 0.102584 0.943237 -0.31588 -0.603727 -0.957369 0.179828 0.226066 -0.226365 0.270038 0.279223 0.921474 0.381345 0.316201 -0.384895 0.867106 0.400765 -0.930012 -0.306246 0.203202 -0.504277 0.187337 -0.870672 -0.454792 0.485883 
1533553894914 0.102666 0.943139 -0.316148 -0.603717 -0.957374 0.179954 0.225945 -0.226369 0.26999 0.279475 0.921412 0.381348 0.316123 -0.384928 0.86712 0.40068 -0.93004 -0.30621 0.20313 -0.504145 0.18733 -0.87067 -0.454798 0.485852 
1533553895056 0.102722 0.943142 -0.316119 -0.603704 -0.957341 0.180028 0.226029 -0.226437 0.270087 0.279415 0.921401 0.381335 1 0 0 0 0 1 0 0 0 0 1 1.306 
1533553895067 0.102625 0.943116 -0.316227 -0.603699 -0.957306 0.180011 0.22619 -0.226449 0.270248 0.279513 0.921324 0.381344 0.313239 -0.3866 0.867422 0.386189 -0.93126 -0.304042 0.200784 -0.500185 0.18611 -0.870689 -0.455263 0.505382 
1533553895366 0.102527 0.943091 -0.316336 -0.603694 -0.95727 0.179993 0.226353 -0.226462 0.27041 0.279612 0.921247 0.381353 0.316244 -0.384866 0.867103 0.400216 -0.929998 -0.306258 0.203249 -0.504049 0.187334 -0.87068 -0.454777 0.486145 
1533553895539 0.10243 0.943065 -0.316444 -0.60369 -0.957235 0.179976 0.226515 -0.226474 0.270571 0.279709 0.92117 0.381362 0.316258 -0.384857 0.867102 0.400836 -0.929992 -0.306267 0.203261 -0.504368 0.187338 -0.870681 -0.454774 0.485921 
1533553895660 0.102333 0.943039 -0.316552 -0.603685 -0.9572 0.179959 0.226678 -0.226487 0.270732 0.279807 0.921093 0.381371 0.316239 -0.384881 0.867098 0.400855 -0.93 -0.306257 0.203241 -0.504361 0.187331 -0.870674 -0.454789 0.485943 
1533553895734 0.102235 0.943013 -0.31666 -0.60368 -0.957165 0.179942 0.226841 -0.226499 0.270894 0.279905 0.921016 0.38138 0.316214 -0.384899 0.867099 0.400827 -0.930009 -0.306245 0.203216 -0.504329 0.187327 -0.87067 -0.454799 0.48594 
1533553895833 0.102138 0.942988 -0.316768 -0.603675 -0.957129 0.179925 0.227003 -0.226511 0.271055 0.280003 0.920938 0.381389 0.3162 -0.384907 0.867101 0.400798 -0.930014 -0.306239 0.203202 -0.504306 0.187326 -0.870669 -0.454801 0.485922 
1533553895840 0.102041 0.942962 -0.316876 -0.60367 -0.957094 0.179908 0.227165 -0.226524 0.271216 0.2801 0.920861 0.381398 0.316197 -0.384904 0.867103 0.400778 -0.930014 -0.30624 0.2032 -0.504292 0.187329 -0.87067 -0.454799 0.485903 
1533553895980 0.101943 0.942936 -0.316984 -0.603666 -0.957059 0.17989 0.227328 -0.226536 0.271378 0.280198 0.920784 0.381407 0.316201 -0.384895 0.867106 0.400765 -0.930012 -0.306246 0.203202 -0.504277 0.187337 -0.870672 -0.454792 0.485883 
1533553896126 0.101846 0.94291 -0.317092 -0.603662 -0.957023 0.179873 0.22749 -0.226548 0.271539 0.280296 0.920707 0.381415 0.316123 -0.384928 0.86712 0.40068 -0.93004 -0.30621 0.20313 -0.504145 0.18733 -0.87067 -0.454798 0.485852 
1533553896277 0.101918 0.942934 -0.316999 -0.603636 -0.957056 0.179877 0.227352 -0.226617 0.271398 0.280214 0.920773 0.381421 1 0 0 0 0 1 0 0 0 0 1 1.306 
1533553896289 0.102125 0.942923 -0.316966 -0.603642 -0.957163 0.179927 0.226859 -0.226567 0.270942 0.28022 0.920906 0.381408 0.313239 -0.3866 0.867422 0.386189 -0.93126 -0.304042 0.200784 -0.500185 0.18611 -0.870689 -0.455263 0.505382 
1533553896560 0.102331 0.942911 -0.316934 -0.603648 -0.95727 0.179977 0.226366 -0.226517 0.270484 0.280227 0.921038 0.381394 0.316244 -0.384866 0.867103 0.400216 -0.929998 -0.306258 0.203249 -0.504049 0.187334 -0.87068 -0.454777 0.486145 
1533553896751 0.102538 0.942899 -0.316902 -0.603655 -0.957377 0.180027 0.225873 -0.226467 0.270026 0.280234 0.92117 0.38138 0.316258 -0.384857 0.867102 0.400836 -0.929992 -0.306267 0.203261 -0.504368 0.187338 -0.870681 -0.454774 0.485921 
1533553896933 0.102744 0.942888 -0.31687 -0.603661 -0.957484 0.180077 0.22538 -0.226417 0.269569 0.280241 0.921302 0.381367 0.316239 -0.384881 0.867098 0.400855 -0.93 -0.306257 0.203241 -0.504361 0.187331 -0.870674 -0.454789 0.485943 
1533553897113 0.102951 0.942876 -0.316838 -0.603667 -0.957591 0.180127 0.224887 -0.226368 0.269111 0.280249 0.921434 0.381354 0.316214 -0.384899 0.867099 0.400827 -0.930009 -0.306245 0.203216 -0.504329 0.187327 -0.87067 -0.454799 0.48594 
1533553897257 0.103157 0.942864 -0.316805 -0.603673 -0.957697 0.180177 0.224393 -0.226318 0.268653 0.280256 0.921565 0.38134 0.3162 -0.384907 0.867101 0.400798 -0.930014 -0.306239 0.203202 -0.504306 0.187326 -0.870669 -0.454801 0.485922 
1533553897435 0.103363 0.942853 -0.316773 -0.603679 -0.957803 0.180227 0.2239 -0.226268 0.268196 0.280263 0.921696 0.381327 0.316197 -0.384904 0.867103 0.400778 -0.930014 -0.30624 0.2032 -0.504292 0.187329 -0.87067 -0.454799 0.485903 
1533553897626 0.10357 0.942841 -0.31674 -0.603686 -0.957909 0.180277 0.223407 -0.226218 0.267738 0.28027 0.921827 0.381313 0.316201 -0.384895 0.867106 0.400765 -0.930012 -0.306246 0.203202 -0.504277 0.187337 -0.870672 -0.454792 0.485883 
1533553897833 0.103775 0.942829 -0.316707 -0.603692 -0.958014 0.180326 0.222914 -0.226171 0.267281 0.280277 0.921958 0.381299 0.316123 -0.384928 0.86712 0.40068 -0.93004 -0.30621 0.20313 -0.504145 0.18733 -0.87067 -0.454798 0.485852 
1533553898018 0.103561 0.942839 -0.316749 -0.603698 -0.958027 0.180149 0.223006 -0.226108 0.26732 0.28036 0.921921 0.381302 1 0 0 0 0 1 0 0 0 0 1 1.306 
1533553898028 0.103455 0.942832 -0.316804 -0.603696 -0.957961 0.180144 0.223291 -0.226124 0.267597 0.280385 0.921833 0.381311 0.313239 -0.3866 0.867422 0.386189 -0.93126 -0.304042 0.200784 -0.500185 0.18611 -0.870689 -0.455263 0.505382 
1533553898184 0.103348 0.942825 -0.31686 -0.603693 -0.957895 0.180139 0.223578 -0.22614 0.267873 0.280412 0.921745 0.381319 0.316244 -0.384866 0.867103 0.400216 -0.929998 -0.306258 0.203249 -0.504049 0.187334 -0.87068 -0.454777 0.486145 
1533553898336 0.103243 0.942818 -0.316915 -0.603691 -0.957829 0.180135 0.223863 -0.226155 0.26815 0.280438 0.921656 0.381328 0.316258 -0.384857 0.867102 0.400836 -0.929992 -0.306267 0.203261 -0.504368 0.187338 -0.870681 -0.454774 0.485921 
1533553898505 0.103136 0.942811 -0.316971 -0.603689 -0.957763 0.18013 0.22415 -0.226171 0.268426 0.280465 0.921568 0.381336 0.316239 -0.384881 0.867098 0.400855 -0.93 -0.306257 0.203241 -0.504361 0.187331 -0.870674 -0.454789 0.485943 
1533553898677 0.10303 0.942804 -0.317026 -0.603687 -0.957697 0.180125 0.224435 -0.226187 0.268703 0.280491 0.921479 0.381345 0.316214 -0.384899 0.867099 0.400827 -0.930009 -0.306245 0.203216 -0.504329 0.187327 -0.87067 -0.454799 0.48594 
1533553898803 0.102923 0.942797 -0.317081 -0.603684 -0.957631 0.18012 0.224721 -0.226203 0.268979 0.280518 0.92139 0.381354 0.3162 -0.384907 0.867101 0.400798 -0.930014 -0.306239 0.203202 -0.504306 0.187326 -0.870669 -0.454801 0.485922 
1533553898969 0.102817 0.94279 -0.317137 -0.603682 -0.957565 0.180116 0.225007 -0.226219 0.269256 0.280544 0.921301 0.381362 0.316197 -0.384904 0.867103 0.400778 -0.930014 -0.30624 0.2032 -0.504292 0.187329 -0.87067 -0.454799 0.485903 
1533553899102 0.10271 0.942783 -0.317192 -0.60368 -0.957498 0.180111 0.225293 -0.226234 0.269532 0.280571 0.921212 0.381371 0.316201 -0.384895 0.867106 0.400765 -0.930012 -0.306246 0.203202 -0.504277 0.187337 -0.870672 -0.454792 0.485883 
1533553899233 0.102604 0.942776 -0.317247 -0.603678 -0.957432 0.180107 0.225577 -0.226249 0.269807 0.280597 0.921124 0.381379 0.316123 -0.384928 0.86712 0.40068 -0.93004 -0.30621 0.20313 -0.504145 0.18733 -0.87067 -0.454798 0.485852 
1533553899352 0.102696 0.942796 -0.317157 -0.603662 -0.957432 0.180161 0.225536 -0.226255 0.269773 0.280495 0.921165 0.381411 1 0 0 0 0 1 0 0 0 0 1 1.306 
1533553899363 0.102561 0.942848 -0.317047 -0.603665 -0.957371 0.180087 0.225853 -0.226281 0.270042 0.280368 0.921125 0.381391 0.313239 -0.3866 0.867422 0.386189 -0.93126 -0.304042 0.200784 -0.500185 0.18611 -0.870689 -0.455263 0.505382 
1533553899583 0.102425 0.9429 -0.316936 -0.603668 -0.95731 0.180013 0.226171 -0.226308 0.270309 0.28024 0.921085 0.381372 0.316244 -0.384866 0.867103 0.400216 -0.929998 -0.306258 0.203249 -0.504049 0.187334 -0.87068 -0.454777 0.486145 
1533553899728 0.102289 0.942952 -0.316825 -0.603672 -0.957249 0.179939 0.226489 -0.226334 0.270577 0.280113 0.921046 0.381352 0.316258 -0.384857 0.867102 0.400836 -0.929992 -0.306267 0.203261 -0.504368 0.187338 -0.870681 -0.454774 0.485921 
1533553899918 0.102154 0.943004 -0.316714 -0.603675 -0.957187 0.179864 0.226807 -0.22636 0.270845 0.279985 0.921006 0.381332 0.316239 -0.384881 0.867098 0.400855 -0.93 -0.306257 0.203241 -0.504361 0.187331 -0.870674 -0.454789 0.485943 
1533553900088 0.102018 0.943056 -0.316602 -0.603678 -0.957126 0.17979 0.227124 -0.226386 0.271113 0.279857 0.920966 0.381312 0.316214 -0.384899 0.867099 0.400827 -0.930009 -0.306245 0.203216 -0.504329 0.187327 -0.87067 -0.454799 0.48594 
1533553900222 0.101882 0.943108 -0.316491 -0.603681 -0.957064 0.179715 0.227442 -0.226413 0.271381 0.27973 0.920925 0.381293 0.3162 -0.384907 0.867101 0.400798 -0.930014 -0.306239 0.203202 -0.504306 0.187326 -0.870669 -0.454801 0.485922 
1533553900376 0.101747 0.94316 -0.31638 -0.603684 -0.957003 0.179641 0.22776 -0.226439 0.271649 0.279603 0.920885 0.381273 0.316197 -0.384904 0.867103 0.400778 -0.930014 -0.30624 0.2032 -0.504292 0.187329 -0.87067 -0.454799 0.485903 
1533553900520 0.101611 0.943212 -0.316269 -0.603687 -0.956941 0.179566 0.228077 -0.226465 0.271916 0.279475 0.920845 0.381253 0.316201 -0.384895 0.867106 0.400765 -0.930012 -0.306246 0.203202 -0.504277 0.187337 -0.870672 -0.454792 0.485883 
1533553900664 0.101475 0.943264 -0.316157 -0.603688 -0.95688 0.179492 0.228394 -0.226489 0.272184 0.279348 0.920804 0.381235 0.316123 -0.384928 0.86712 0.40068 -0.93004 -0.30621 0.20313 -0.504145 0.18733 -0.87067 -0.454798 0.485852 
1533553900813 0.101664 0.943218 -0.316234 -0.603688 -0.956889 0.179656 0.228226 -0.226557 0.27208 0.279399 0.92082 0.381229 1 0 0 0 0 1 0 0 0 0 1 1.306 
1533553900826 0.101709 0.943192 -0.316297 -0.603688 -0.956973 0.179621 0.2279 -0.226541 0.271767 0.279508 0.920879 0.381247 0.313239 -0.3866 0.867422 0.386189 -0.93126 -0.304042 0.200784 -0.500185 0.18611 -0.870689 -0.455263 0.505382 
1533553901086 0.101756 0.943166 -0.316361 -0.603689 -0.957057 0.179588 0.227574 -0.226526 0.271455 0.279618 0.920938 0.381265 0.316244 -0.384866 0.867103 0.400216 -0.929998 -0.306258 0.203249 -0.504049 0.187334 -0.87068 -0.454777 0.486145 
1533553901255 0.101802 0.943139 -0.316424 -0.603689 -0.957141 0.179555 0.227248 -0.22651 0.271142 0.279728 0.920996 0.381284 0.316258 -0.384857 0.867102 0.400836 -0.929992 -0.306267 0.203261 -0.504368 0.187338 -0.870681 -0.454774 0.485921 
1533553901466 0.101848 0.943113 -0.316488 -0.603689 -0.957224 0.179522 0.226922 -0.226494 0.27083 0.279838 0.921055 0.381302 0.316239 -0.384881 0.867098 0.400855 -0.93 -0.306257 0.203241 -0.504361 0.187331 -0.870674 -0.454789 0.485943 
1533553901642 0.101894 0.943087 -0.316551 -0.603689 -0.957308 0.179488 0.226596 -0.226478 0.270517 0.279948 0.921113 0.38132 0.316214 -0.384899 0.867099 0.400827 -0.930009 -0.306245 0.203216 -0.504329 0.187327 -0.87067 -0.454799 0.48594 
1533553901791 0.10194 0.943061 -0.316615 -0.60369 -0.957391 0.179455 0.22627 -0.226463 0.270204 0.280058 0.921171 0.381338 0.3162 -0.384907 0.867101 0.400798 -0.930014 -0.306239 0.203202 -0.504306 0.187326 -0.870669 -0.454801 0.485922 
1533553901981 0.101986 0.943034 -0.316678 -0.60369 -0.957474 0.179422 0.225944 -0.226447 0.269892 0.280168 0.92123 0.381356 0.316197 -0.384904 0.867103 0.400778 -0.930014 -0.30624 0.2032 -0.504292 0.187329 -0.87067 -0.454799 0.485903 
1533553902127 0.102032 0.943008 -0.316742 -0.603691 -0.957558 0.179388 0.225618 -0.226431 0.269579 0.280278 0.921288 0.381375 0.316201 -0.384895 0.867106 0.400765 -0.930012 -0.306246 0.203202 -0.504277 0.187337 -0.870672 -0.454792 0.485883 
1533553902268 0.102078 0.942982 -0.316805 -0.603692 -0.95764 0.179355 0.225293 -0.226418 0.269267 0.280388 0.921346 0.381392 0.316123 -0.384928 0.86712 0.40068 -0.93004 -0.30621 0.20313 -0.504145 0.18733 -0.87067 -0.454798 0.485852 
1533553902448 0.102132 0.943016 -0.316686 -0.603677 -0.957601 0.179411 0.225415 -0.226422 0.269387 0.280237 0.921356 0.38146 1 0 0 0 0 1 0 0 0 0 1 1.306 
1533553902459 0.102279 0.943078 -0.316455 -0.603691 -0.957635 0.17944 0.225245 -0.226398 0.269209 0.28001 0.921478 0.381421 0.313239 -0.3866 0.867422 0.386189 -0.93126 -0.304042 0.200784 -0.500185 0.18611 -0.870689 -0.455263 0.505382 
1533553902749 0.102427 0.943139 -0.316223 -0.603706 -0.95767 0.17947 0.225075 -0.226375 0.26903 0.279783 0.921599 0.381383 0.316244 -0.384866 0.867103 0.400216 -0.929998 -0.306258 0.203249 -0.504049 0.187334 -0.87068 -0.454777 0.486145 
1533553902996 0.102575 0.943201 -0.315992 -0.603721 -0.957704 0.1795 0.224905 -0.226351 0.268851 0.279557 0.92172 0.381344 0.316258 -0.384857 0.867102 0.400836 -0.929992 -0.306267 0.203261 -0.504368 0.187338 -0.870681 -0.454774 0.485921 
1533553903002 0.102723 0.943262 -0.315759 -0.603735 -0.957739 0.17953 0.224735 -0.226328 0.268672 0.27933 0.921841 0.381306 0.316239 -0.384881 0.867098 0.400855 -0.93 -0.306257 0.203241 -0.504361 0.187331 -0.870674 -0.454789 0.485943 
1533553903190 0.102871 0.943324 -0.315528 -0.60375 -0.957773 0.17956 0.224564 -0.226304 0.268493 0.279103 0.921961 0.381267 0.316214 -0.384899 0.867099 0.400827 -0.930009 -0.306245 0.203216 -0.504329 0.187327 -0.87067 -0.454799 0.48594 
1533553903351 0.103019 0.943385 -0.315296 -0.603764 -0.957807 0.17959 0.224394 -0.22628 0.268314 0.278876 0.922082 0.381228 0.3162 -0.384907 0.867101 0.400798 -0.930014 -0.306239 0.203202 -0.504306 0.187326 -0.870669 -0.454801 0.485922 
1533553903483 0.103166 0.943446 -0.315064 -0.603778 -0.957841 0.17962 0.224224 -0.226257 0.268135 0.278649 0.922203 0.38119 0.316197 -0.384904 0.867103 0.400778 -0.930014 -0.30624 0.2032 -0.504292 0.187329 -0.87067 -0.454799 0.485903 
1533553903651 0.103314 0.943508 -0.314832 -0.603793 -0.957876 0.17965 0.224054 -0.226233 0.267956 0.278422 0.922323 0.381151 0.316201 -0.384895 0.867106 0.400765 -0.930012 -0.306246 0.203202 -0.504277 0.187337 -0.870672 -0.454792 0.485883 
1533553903804 0.103461 0.943569 -0.314601 -0.603804 -0.95791 0.17968 0.223884 -0.22621 0.267778 0.278196 0.922444 0.381114 0.316123 -0.384928 0.86712 0.40068 -0.93004 -0.30621 0.20313 -0.504145 0.18733 -0.87067 -0.454798 0.485852 
1533553903968 0.103467 0.943573 -0.314586 -0.603828 -0.957888 0.179704 0.223958 -0.226189 0.267853 0.278166 0.922431 0.381152 1 0 0 0 0 1 0 0 0 0 1 1.306 
1533553903980 0.103443 0.943577 -0.314583 -0.603827 -0.957923 0.179647 0.223853 -0.226186 0.267736 0.27819 0.922457 0.381134 0.313239 -0.3866 0.867422 0.386189 -0.93126 -0.304042 0.200784 -0.500185 0.18611 -0.870689 -0.455263 0.505382 
1533553903997 0.103421 0.94358 -0.31458 -0.603827 -0.957959 0.179591 0.223745 -0.226183 0.267617 0.278215 0.922484 0.381115 0.316244 -0.384866 0.867103 0.400216 -0.929998 -0.306258 0.203249 -0.504049 0.187334 -0.87068 -0.454777 0.486145 
1533553904219 0.103398 0.943584 -0.314577 -0.603826 -0.957994 0.179535 0.223639 -0.22618 0.267499 0.278239 0.922511 0.381097 0.316258 -0.384857 0.867102 0.400836 -0.929992 -0.306267 0.203261 -0.504368 0.187338 -0.870681 -0.454774 0.485921 
1533553904403 0.103375 0.943587 -0.314574 -0.603826 -0.95803 0.179479 0.223532 -0.226177 0.267381 0.278264 0.922538 0.381078 0.316239 -0.384881 0.867098 0.400855 -0.93 -0.306257 0.203241 -0.504361 0.187331 -0.870674 -0.454789 0.485943 
1533553904532 0.103353 0.943591 -0.314571 -0.603825 -0.958065 0.179423 0.223425 -0.226175 0.267263 0.278288 0.922565 0.38106 0.316214 -0.384899 0.867099 0.400827 -0.930009 -0.306245 0.203216 -0.504329 0.187327 -0.87067 -0.454799 0.48594 
1533553904651 0.10333 0.943594 -0.314568 -0.603824 -0.958101 0.179366 0.223318 -0.226172 0.267145 0.278312 0.922592 0.381042 0.3162 -0.384907 0.867101 0.400798 -0.930014 -0.306239 0.203202 -0.504306 0.187326 -0.870669 -0.454801 0.485922 
1533553904721 0.103307 0.943598 -0.314565 -0.603824 -0.958136 0.17931 0.223211 -0.226169 0.267026 0.278337 0.922619 0.381023 0.316197 -0.384904 0.867103 0.400778 -0.930014 -0.30624 0.2032 -0.504292 0.187329 -0.87067 -0.454799 0.485903 
1533553904817 0.103284 0.943601 -0.314562 -0.603823 -0.958171 0.179254 0.223105 -0.226166 0.266908 0.278361 0.922646 0.381005 0.316201 -0.384895 0.867106 0.400765 -0.930012 -0.306246 0.203202 -0.504277 0.187337 -0.870672 -0.454792 0.485883 
1533553904899 0.103262 0.943605 -0.314559 -0.603823 -0.958207 0.179198 0.222998 -0.226163 0.26679 0.278385 0.922673 0.380987 0.316123 -0.384928 0.86712 0.40068 -0.93004 -0.30621 0.20313 -0.504145 0.18733 -0.87067 -0.454798 0.485852 
1533553905013 0.103387 0.943557 -0.314661 -0.603854 -0.958134 0.1794 0.223146 -0.226168 0.267002 0.278417 0.922602 0.380999 1 0 0 0 0 1 0 0 0 0 1 1.306 
1533553905025 0.103239 0.943568 -0.314675 -0.603846 -0.958039 0.179382 0.223571 -0.226203 0.267402 0.27839 0.922494 0.381009 0.313239 -0.3866 0.867422 0.386189 -0.93126 -0.304042 0.200784 -0.500185 0.18611 -0.870689 -0.455263 0.505382 
1533553905031 0.103089 0.94358 -0.314688 -0.603837 -0.957943 0.179362 0.223997 -0.226238 0.267802 0.278361 0.922387 0.381018 0.316244 -0.384866 0.867103 0.400216 -0.929998 -0.306258 0.203249 -0.504049 0.187334 -0.87068 -0.454777 0.486145 
1533553905229 0.10294 0.943592 -0.314701 -0.603829 -0.957847 0.179343 0.224422 -0.226274 0.268203 0.278333 0.922279 0.381028 0.316258 -0.384857 0.867102 0.400836 -0.929992 -0.306267 0.203261 -0.504368 0.187338 -0.870681 -0.454774 0.485921 
1533553905393 0.102791 0.943604 -0.314714 -0.60382 -0.957751 0.179323 0.224847 -0.226309 0.268603 0.278305 0.922171 0.381038 0.316239 -0.384881 0.867098 0.400855 -0.93 -0.306257 0.203241 -0.504361 0.187331 -0.870674 -0.454789 0.485943 
1533553905510 0.102642 0.943616 -0.314727 -0.603812 -0.957655 0.179304 0.225272 -0.226344 0.269002 0.278277 0.922063 0.381047 0.316214 -0.384899 0.867099 0.400827 -0.930009 -0.306245 0.203216 -0.504329 0.187327 -0.87067 -0.454799 0.48594 
1533553905647 0.102492 0.943628 -0.314739 -0.603804 -0.957558 0.179284 0.225698 -0.226379 0.269403 0.278249 0.921954 0.381057 0.3162 -0.384907 0.867101 0.400798 -0.930014 -0.306239 0.203202 -0.504306 0.187326 -0.870669 -0.454801 0.485922 
1533553905800 0.102343 0.94364 -0.314752 -0.603795 -0.957462 0.179265 0.226123 -0.226414 0.269802 0.278221 0.921846 0.381067 0.316197 -0.384904 0.867103 0.400778 -0.930014 -0.30624 0.2032 -0.504292 0.187329 -0.87067 -0.454799 0.485903 
1533553905954 0.102193 0.943652 -0.314765 -0.603787 -0.957365 0.179245 0.226548 -0.22645 0.270202 0.278193 0.921737 0.381077 0.316201 -0.384895 0.867106 0.400765 -0.930012 -0.306246 0.203202 -0.504277 0.187337 -0.870672 -0.454792 0.485883 
1533553906112 0.102044 0.943664 -0.314778 -0.603778 -0.957268 0.179226 0.226972 -0.226482 0.270601 0.278165 0.921628 0.381087 0.316123 -0.384928 0.86712 0.40068 -0.93004 -0.30621 0.20313 -0.504145 0.18733 -0.87067 -0.454798 0.485852 
1533553906269 0.102065 0.94366 -0.314785 -0.603795 -0.957288 0.179224 0.22689 -0.226449 0.270524 0.278182 0.921646 0.381054 1 0 0 0 0 1 0 0 0 0 1 1.306 
1533553906281 0.102139 0.943639 -0.314822 -0.603793 -0.957316 0.179265 0.22674 -0.226437 0.270397 0.278225 0.92167 0.381066 0.313239 -0.3866 0.867422 0.386189 -0.93126 -0.304042 0.200784 -0.500185 0.18611 -0.870689 -0.455263 0.505382 
1533553906436 0.102213 0.943618 -0.31486 -0.60379 -0.957343 0.179307 0.226589 -0.226425 0.27027 0.278269 0.921694 0.381079 0.316244 -0.384866 0.867103 0.400216 -0.929998 -0.306258 0.203249 -0.504049 0.187334 -0.87068 -0.454777 0.486145 
1533553906676 0.102287 0.943598 -0.314897 -0.603788 -0.957371 0.179348 0.226439 -0.226413 0.270143 0.278312 0.921718 0.381091 0.316258 -0.384857 0.867102 0.400836 -0.929992 -0.306267 0.203261 -0.504368 0.187338 -0.870681 -0.454774 0.485921 
1533553906798 0.102362 0.943577 -0.314936 -0.603786 -0.957399 0.179389 0.226288 -0.226401 0.270016 0.278356 0.921743 0.381103 0.316239 -0.384881 0.867098 0.400855 -0.93 -0.306257 0.203241 -0.504361 0.187331 -0.870674 -0.454789 0.485943 
1533553906916 0.102437 0.943556 -0.314973 -0.603783 -0.957427 0.179431 0.226138 -0.226389 0.269889 0.278399 0.921767 0.381116 0.316214 -0.384899 0.867099 0.400827 -0.930009 -0.306245 0.203216 -0.504329 0.187327 -0.87067 -0.454799 0.48594 
1533553907043 0.102511 0.943536 -0.315011 -0.603781 -0.957455 0.179472 0.225987 -0.226377 0.269762 0.278443 0.921791 0.381128 0.3162 -0.384907 0.867101 0.400798 -0.930014 -0.306239 0.203202 -0.504306 0.187326 -0.870669 -0.454801 0.485922 
1533553907184 0.102586 0.943515 -0.315049 -0.603779 -0.957483 0.179513 0.225836 -0.226365 0.269635 0.278486 0.921815 0.38114 0.316197 -0.384904 0.867103 0.400778 -0.930014 -0.30624 0.2032 -0.504292 0.187329 -0.87067 -0.454799 0.485903 
1533553907190 0.10266 0.943494 -0.315086 -0.603777 -0.95751 0.179554 0.225686 -0.226353 0.269509 0.278529 0.921839 0.381152 0.316201 -0.384895 0.867106 0.400765 -0.930012 -0.306246 0.203202 -0.504277 0.187337 -0.870672 -0.454792 0.485883 
1533553907362 0.102735 0.943474 -0.315124 -0.603775 -0.957538 0.179596 0.225536 -0.226342 0.269382 0.278573 0.921863 0.381164 0.316123 -0.384928 0.86712 0.40068 -0.93004 -0.30621 0.20313 -0.504145 0.18733 -0.87067 -0.454798 0.485852 
1533553907523 0.102711 0.943513 -0.315012 -0.603756 -0.957519 0.179569 0.225635 -0.22635 0.269457 0.278455 0.921876 0.381237 1 0 0 0 0 1 0 0 0 0 1 1.306 
1533553907534 0.102711 0.943451 -0.315198 -0.60375 -0.957518 0.179615 0.225606 -0.226347 0.269463 0.278636 0.92182 0.381241 0.313239 -0.3866 0.867422 0.386189 -0.93126 -0.304042 0.200784 -0.500185 0.18611 -0.870689 -0.455263 0.505382 
1533553907821 0.10271 0.94339 -0.315383 -0.603743 -0.957516 0.17966 0.225576 -0.226343 0.269468 0.278816 0.921764 0.381246 0.316244 -0.384866 0.867103 0.400216 -0.929998 -0.306258 0.203249 -0.504049 0.187334 -0.87068 -0.454777 0.486145 
1533553908096 0.102709 0.943328 -0.315569 -0.603737 -0.957515 0.179705 0.225546 -0.22634 0.269473 0.278996 0.921708 0.38125 0.316258 -0.384857 0.867102 0.400836 -0.929992 -0.306267 0.203261 -0.504368 0.187338 -0.870681 -0.454774 0.485921 
1533553908301 0.102709 0.943266 -0.315754 -0.603731 -0.957513 0.179751 0.225516 -0.226337 0.269479 0.279176 0.921652 0.381255 0.316239 -0.384881 0.867098 0.400855 -0.93 -0.306257 0.203241 -0.504361 0.187331 -0.870674 -0.454789 0.485943 
1533553908454 0.102708 0.943204 -0.315938 -0.603724 -0.957512 0.179796 0.225487 -0.226333 0.269484 0.279355 0.921596 0.381259 0.316214 -0.384899 0.867099 0.400827 -0.930009 -0.306245 0.203216 -0.504329 0.187327 -0.87067 -0.454799 0.48594 
1533553908580 0.102707 0.943142 -0.316124 -0.603718 -0.957511 0.179841 0.225457 -0.22633 0.26949 0.279536 0.921539 0.381263 0.3162 -0.384907 0.867101 0.400798 -0.930014 -0.306239 0.203202 -0.504306 0.187326 -0.870669 -0.454801 0.485922 
1533553908739 0.102707 0.94308 -0.316309 -0.603712 -0.957509 0.179886 0.225427 -0.226327 0.269495 0.279716 0.921483 0.381268 0.316197 -0.384904 0.867103 0.400778 -0.930014 -0.30624 0.2032 -0.504292 0.187329 -0.87067 -0.454799 0.485903 
1533553908901 0.102706 0.943018 -0.316494 -0.603706 -0.957508 0.179931 0.225397 -0.226324 0.269501 0.279896 0.921427 0.381272 0.316201 -0.384895 0.867106 0.400765 -0.930012 -0.306246 0.203202 -0.504277 0.187337 -0.870672 -0.454792 0.485883 
1533553909091 0.102705 0.942957 -0.316677 -0.603702 -0.957506 0.179976 0.225368 -0.226321 0.269506 0.280074 0.921371 0.381275 0.316123 -0.384928 0.86712 0.40068 -0.93004 -0.30621 0.20313 -0.504145 0.18733 -0.87067 -0.454798 0.485852 
1533553909193 0.10267 0.94299 -0.31659 -0.603722 -0.957537 0.179894 0.225301 -0.226314 0.269409 0.280015 0.921418 0.381253 1 0 0 0 0 1 0 0 0 0 1 1.306 
1533553909206 0.10268 0.943037 -0.316447 -0.603729 -0.957567 0.179837 0.225219 -0.226305 0.269298 0.279894 0.921487 0.381227 0.313239 -0.3866 0.867422 0.386189 -0.93126 -0.304042 0.200784 -0.500185 0.18611 -0.870689 -0.455263 0.505382 
1533553909443 0.102689 0.943084 -0.316304 -0.603735 -0.957598 0.179778 0.225135 -0.226296 0.269186 0.279773 0.921556 0.3812 0.316244 -0.384866 0.867103 0.400216 -0.929998 -0.306258 0.203249 -0.504049 0.187334 -0.87068 -0.454777 0.486145 
1533553909728 0.102698 0.943131 -0.316161 -0.603742 -0.957629 0.17972 0.225052 -0.226286 0.269074 0.279652 0.921626 0.381173 0.316258 -0.384857 0.867102 0.400836 -0.929992 -0.306267 0.203261 -0.504368 0.187338 -0.870681 -0.454774 0.485921 
1533553909735 0.102707 0.943178 -0.316017 -0.603748 -0.957659 0.179661 0.224969 -0.226277 0.268962 0.279531 0.921695 0.381147 0.316239 -0.384881 0.867098 0.400855 -0.93 -0.306257 0.203241 -0.504361 0.187331 -0.870674 -0.454789 0.485943 
1533553909944 0.102715 0.943225 -0.315874 -0.603755 -0.95769 0.179602 0.224886 -0.226268 0.268849 0.27941 0.921765 0.381121 0.316214 -0.384899 0.867099 0.400827 -0.930009 -0.306245 0.203216 -0.504329 0.187327 -0.87067 -0.454799 0.48594 
1533553910109 0.102724 0.943272 -0.315731 -0.603762 -0.95772 0.179544 0.224802 -0.226259 0.268737 0.27929 0.921834 0.381094 0.3162 -0.384907 0.867101 0.400798 -0.930014 -0.306239 0.203202 -0.504306 0.187326 -0.870669 -0.454801 0.485922 
1533553910226 0.102733 0.943319 -0.315587 -0.603768 -0.957751 0.179485 0.224719 -0.22625 0.268625 0.279168 0.921903 0.381068 0.316197 -0.384904 0.867103 0.400778 -0.930014 -0.30624 0.2032 -0.504292 0.187329 -0.87067 -0.454799 0.485903 
1533553910448 0.102742 0.943366 -0.315445 -0.603775 -0.957781 0.179426 0.224636 -0.22624 0.268513 0.279048 0.921973 0.381041 0.316201 -0.384895 0.867106 0.400765 -0.930012 -0.306246 0.203202 -0.504277 0.187337 -0.870672 -0.454792 0.485883 
1533553910587 0.10275 0.943413 -0.315301 -0.603779 -0.957812 0.179367 0.224553 -0.226231 0.268401 0.278926 0.922042 0.381016 0.316123 -0.384928 0.86712 0.40068 -0.93004 -0.30621 0.20313 -0.504145 0.18733 -0.87067 -0.454798 0.485852 
1533553910738 0.102945 0.943378 -0.315342 -0.603766 -0.95775 0.1796 0.224631 -0.226285 0.268547 0.278894 0.922009 0.381019 1 0 0 0 0 1 0 0 0 0 1 1.306 
1533553910752 0.102747 0.94341 -0.315309 -0.603762 -0.957642 0.179542 0.225134 -0.22632 0.269005 0.278822 0.921897 0.381023 0.313239 -0.3866 0.867422 0.386189 -0.93126 -0.304042 0.200784 -0.500185 0.18611 -0.870689 -0.455263 0.505382 
1533553910936 0.10255 0.943442 -0.315278 -0.603759 -0.957535 0.179485 0.225638 -0.226355 0.269464 0.278751 0.921785 0.381027 0.316244 -0.384866 0.867103 0.400216 -0.929998 -0.306258 0.203249 -0.504049 0.187334 -0.87068 -0.454777 0.486145 
1533553911152 0.102352 0.943474 -0.315246 -0.603755 -0.957427 0.179427 0.226142 -0.22639 0.269923 0.278679 0.921672 0.381031 0.316258 -0.384857 0.867102 0.400836 -0.929992 -0.306267 0.203261 -0.504368 0.187338 -0.870681 -0.454774 0.485921 
1533553911316 0.102155 0.943506 -0.315215 -0.603752 -0.957318 0.17937 0.226645 -0.226425 0.270381 0.278608 0.921559 0.381035 0.316239 -0.384881 0.867098 0.400855 -0.93 -0.306257 0.203241 -0.504361 0.187331 -0.870674 -0.454789 0.485943 
1533553911512 0.101957 0.943538 -0.315183 -0.603748 -0.95721 0.179312 0.227149 -0.226459 0.27084 0.278536 0.921446 0.381038 0.316214 -0.384899 0.867099 0.400827 -0.930009 -0.306245 0.203216 -0.504329 0.187327 -0.87067 -0.454799 0.48594 
1533553911726 0.10176 0.94357 -0.315151 -0.603744 -0.957101 0.179254 0.227652 -0.226494 0.271298 0.278465 0.921333 0.381042 0.3162 -0.384907 0.867101 0.400798 -0.930014 -0.306239 0.203202 -0.504306 0.187326 -0.870669 -0.454801 0.485922 
1533553911733 0.101562 0.943602 -0.315119 -0.603741 -0.956992 0.179196 0.228155 -0.226529 0.271756 0.278394 0.921219 0.381046 0.316197 -0.384904 0.867103 0.400778 -0.930014 -0.30624 0.2032 -0.504292 0.187329 -0.87067 -0.454799 0.485903 
1533553911910 0.101365 0.943634 -0.315087 -0.603737 -0.956883 0.179139 0.228659 -0.226564 0.272214 0.278323 0.921106 0.38105 0.316201 -0.384895 0.867106 0.400765 -0.930012 -0.306246 0.203202 -0.504277 0.187337 -0.870672 -0.454792 0.485883 
1533553912069 0.101168 0.943666 -0.315055 -0.603732 -0.956773 0.179081 0.229161 -0.226596 0.272672 0.278252 0.920992 0.381055 0.316123 -0.384928 0.86712 0.40068 -0.93004 -0.30621 0.20313 -0.504145 0.18733 -0.87067 -0.454798 0.485852 
1533553912226 0.101316 0.943653 -0.315046 -0.603731 -0.956802 0.179171 0.228971 -0.226637 0.272516 0.278238 0.921042 0.381045 1 0 0 0 0 1 0 0 0 0 1 1.306 
1533553912241 0.101425 0.943593 -0.315192 -0.603726 -0.956829 0.179268 0.228782 -0.226626 0.272381 0.278381 0.921039 0.381075 0.313239 -0.3866 0.867422 0.386189 -0.93126 -0.304042 0.200784 -0.500185 0.18611 -0.870689 -0.455263 0.505382 
1533553912546 0.101534 0.943531 -0.31534 -0.603722 -0.956856 0.179366 0.228592 -0.226615 0.272245 0.278525 0.921035 0.381104 0.316244 -0.384866 0.867103 0.400216 -0.929998 -0.306258 0.203249 -0.504049 0.187334 -0.87068 -0.454777 0.486145 
1533553912731 0.101643 0.94347 -0.315488 -0.603717 -0.956883 0.179463 0.228403 -0.226605 0.27211 0.278669 0.921032 0.381133 0.316258 -0.384857 0.867102 0.400836 -0.929992 -0.306267 0.203261 -0.504368 0.187338 -0.870681 -0.454774 0.485921 
1533553912937 0.101751 0.943409 -0.315635 -0.603712 -0.95691 0.179561 0.228213 -0.226594 0.271974 0.278814 0.921028 0.381163 0.316239 -0.384881 0.867098 0.400855 -0.93 -0.306257 0.203241 -0.504361 0.187331 -0.870674 -0.454789 0.485943 
1533553913066 0.10186 0.943348 -0.315783 -0.603708 -0.956937 0.179658 0.228024 -0.226583 0.271839 0.278958 0.921024 0.381192 0.316214 -0.384899 0.867099 0.400827 -0.930009 -0.306245 0.203216 -0.504329 0.187327 -0.87067 -0.454799 0.48594 
1533553913190 0.101969 0.943287 -0.315931 -0.603703 -0.956964 0.179755 0.227835 -0.226572 0.271704 0.279102 0.921021 0.381222 0.3162 -0.384907 0.867101 0.400798 -0.930014 -0.306239 0.203202 -0.504306 0.187326 -0.870669 -0.454801 0.485922 
1533553913363 0.102078 0.943226 -0.316078 -0.603698 -0.95699 0.179852 0.227645 -0.226561 0.271568 0.279246 0.921017 0.381251 0.316197 -0.384904 0.867103 0.400778 -0.930014 -0.30624 0.2032 -0.504292 0.187329 -0.87067 -0.454799 0.485903 
1533553913540 0.102187 0.943165 -0.316225 -0.603694 -0.957017 0.17995 0.227456 -0.226551 0.271433 0.27939 0.921013 0.381281 0.316201 -0.384895 0.867106 0.400765 -0.930012 -0.306246 0.203202 -0.504277 0.187337 -0.870672 -0.454792 0.485883 
1533553913712 0.102296 0.943103 -0.316372 -0.603691 -0.957044 0.180047 0.227267 -0.226542 0.271298 0.279534 0.921009 0.381309 0.316123 -0.384928 0.86712 0.40068 -0.93004 -0.30621 0.20313 -0.504145 0.18733 -0.87067 -0.454798 0.485852 
1533553913898 0.10239 0.94313 -0.316262 -0.60366 -0.957002 0.18014 0.22737 -0.226544 0.271411 0.279383 0.921022 0.381347 1 0 0 0 0 1 0 0 0 0 1 1.306 
1533553913909 0.102455 0.943109 -0.316305 -0.603666 -0.957063 0.180141 0.227112 -0.226528 0.271171 0.279455 0.921071 0.381349 0.313239 -0.3866 0.867422 0.386189 -0.93126 -0.304042 0.200784 -0.500185 0.18611 -0.870689 -0.455263 0.505382 
1533553914080 0.102521 0.943087 -0.316349 -0.603672 -0.957124 0.180142 0.226853 -0.226513 0.27093 0.279528 0.921119 0.381351 0.316244 -0.384866 0.867103 0.400216 -0.929998 -0.306258 0.203249 -0.504049 0.187334 -0.87068 -0.454777 0.486145 
1533553914204 0.102587 0.943065 -0.316393 -0.603678 -0.957185 0.180144 0.226593 -0.226497 0.270688 0.279601 0.921168 0.381353 0.316258 -0.384857 0.867102 0.400836 -0.929992 -0.306267 0.203261 -0.504368 0.187338 -0.870681 -0.454774 0.485921 
1533553914410 0.102653 0.943043 -0.316437 -0.603684 -0.957246 0.180145 0.226334 -0.226482 0.270447 0.279674 0.921217 0.381355 0.316239 -0.384881 0.867098 0.400855 -0.93 -0.306257 0.203241 -0.504361 0.187331 -0.870674 -0.454789 0.485943 
1533553914578 0.102718 0.943021 -0.31648 -0.60369 -0.957307 0.180146 0.226075 -0.226466 0.270206 0.279747 0.921266 0.381358 0.316214 -0.384899 0.867099 0.400827 -0.930009 -0.306245 0.203216 -0.504329 0.187327 -0.87067 -0.454799 0.48594 
1533553914585 0.102784 0.942999 -0.316524 -0.603697 -0.957368 0.180147 0.225815 -0.22645 0.269965 0.27982 0.921314 0.38136 0.3162 -0.384907 0.867101 0.400798 -0.930014 -0.306239 0.203202 -0.504306 0.187326 -0.870669 -0.454801 0.485922 
1533553914747 0.10285 0.942978 -0.316568 -0.603703 -0.957429 0.180148 0.225556 -0.226435 0.269724 0.279893 0.921363 0.381362 0.316197 -0.384904 0.867103 0.400778 -0.930014 -0.30624 0.2032 -0.504292 0.187329 -0.87067 -0.454799 0.485903 
1533553914924 0.102916 0.942956 -0.316611 -0.603709 -0.95749 0.180149 0.225297 -0.226419 0.269483 0.279965 0.921411 0.381364 0.316201 -0.384895 0.867106 0.400765 -0.930012 -0.306246 0.203202 -0.504277 0.187337 -0.870672 -0.454792 0.485883 
1533553915035 0.102982 0.942934 -0.316655 -0.603715 -0.957551 0.18015 0.225038 -0.226405 0.269242 0.280038 0.921459 0.381365 0.316123 -0.384928 0.86712 0.40068 -0.93004 -0.30621 0.20313 -0.504145 0.18733 -0.87067 -0.454798 0.485852 
1533553915238 0.102925 0.942981 -0.316535 -0.603709 -0.957556 0.18007 0.225081 -0.226393 0.269246 0.279933 0.92149 0.381367 1 0 0 0 0 1 0 0 0 0 1 1.306 
1533553915250 0.102992 0.943052 -0.3163 -0.603723 -0.957602 0.180021 0.224924 -0.226371 0.269056 0.279724 0.921609 0.381324 0.313239 -0.3866 0.867422 0.386189 -0.93126 -0.304042 0.200784 -0.500185 0.18611 -0.870689 -0.455263 0.505382 
1533553915573 0.103061 0.943123 -0.316065 -0.603737 -0.957648 0.179973 0.224768 -0.226348 0.268867 0.279514 0.921728 0.381281 0.316244 -0.384866 0.867103 0.400216 -0.929998 -0.306258 0.203249 -0.504049 0.187334 -0.87068 -0.454777 0.486145 
1533553915767 0.103129 0.943195 -0.31583 -0.603751 -0.957693 0.179926 0.224612 -0.226325 0.268679 0.279304 0.921847 0.381238 0.316258 -0.384857 0.867102 0.400836 -0.929992 -0.306267 0.203261 -0.504368 0.187338 -0.870681 -0.454774 0.485921 
1533553915773 0.103197 0.943266 -0.315595 -0.603765 -0.957739 0.179878 0.224456 -0.226303 0.26849 0.279095 0.921965 0.381195 0.316239 -0.384881 0.867098 0.400855 -0.93 -0.306257 0.203241 -0.504361 0.187331 -0.870674 -0.454789 0.485943 
