1533297588697 0.132276 0.934742 -0.329788 -0.600068 -0.95817 0.205772 0.198919 -0.222708 0.253799 0.289681 0.92286 0.380984 1 0 0 0 0 1 0 0 0 0 1 1.306 
1533297588709 0.132427 0.935496 -0.327583 -0.600653 -0.957374 0.206316 0.202163 -0.222864 0.256708 0.286848 0.922941 0.381156 0.313239 -0.3866 0.867422 0.386189 -0.93126 -0.304042 0.200784 -0.500185 0.18611 -0.870689 -0.455263 0.505382 
1533297588726 0.132586 0.936243 -0.325377 -0.601237 -0.956568 0.20685 0.205406 -0.223019 0.259614 0.284012 0.923005 0.381328 0.316244 -0.384866 0.867103 0.400217 -0.929998 -0.306258 0.203249 -0.504049 0.187334 -0.87068 -0.454777 0.486145 
1533297588744 0.132751 0.936984 -0.32317 -0.601822 -0.955752 0.207374 0.208649 -0.223175 0.262518 0.281172 0.923053 0.3815 0.316258 -0.384857 0.867102 0.400836 -0.929992 -0.306267 0.203261 -0.504368 0.187338 -0.870681 -0.454774 0.485921 
1533297588759 0.132923 0.937719 -0.32096 -0.602407 -0.954927 0.207888 0.211892 -0.22333 0.265418 0.278328 0.923085 0.381672 0.316239 -0.384881 0.867098 0.400855 -0.93 -0.306257 0.203241 -0.504361 0.187331 -0.870674 -0.454789 0.485943 
1533297588776 0.133102 0.938447 -0.318749 -0.602991 -0.954092 0.208392 0.215133 -0.223486 0.268315 0.275481 0.923102 0.381843 0.316214 -0.384899 0.867099 0.400827 -0.930009 -0.306245 0.203216 -0.504329 0.187327 -0.87067 -0.454799 0.48594 
1533297588793 0.133288 0.939169 -0.316536 -0.603576 -0.953247 0.208886 0.218373 -0.223642 0.271209 0.272631 0.923102 0.382015 0.3162 -0.384907 0.867101 0.400798 -0.930014 -0.306239 0.203202 -0.504306 0.187326 -0.870669 -0.454801 0.485922 
1533297588810 0.133481 0.939885 -0.314323 -0.60416 -0.952393 0.209371 0.221612 -0.223797 0.2741 0.269778 0.923087 0.382187 0.316197 -0.384904 0.867103 0.400778 -0.930014 -0.30624 0.2032 -0.504292 0.187329 -0.87067 -0.454799 0.485903 
1533297588826 0.133681 0.940594 -0.312108 -0.604739 -0.951529 0.209845 0.22485 -0.223951 0.276987 0.266922 0.923055 0.38236 0.316201 -0.384895 0.867106 0.400765 -0.930012 -0.306246 0.203202 -0.504277 0.187337 -0.870672 -0.454792 0.485883 
1533297588843 0.133893 0.941292 -0.309907 -0.605253 -0.950657 0.210316 0.228075 -0.224081 0.279863 0.264078 0.923006 0.382549 0.316123 -0.384928 0.86712 0.40068 -0.93004 -0.30621 0.20313 -0.504145 0.18733 -0.87067 -0.454798 0.485852 
1533297588871 0.131769 0.935233 -0.328597 -0.600206 -0.958039 0.205274 0.20006 -0.22259 0.254555 0.288447 0.923039 0.381223 1 0 0 0 0 1 0 0 0 0 1 1.306 
1533297588883 0.131973 0.935935 -0.326511 -0.600777 -0.957254 0.205863 0.203189 -0.222757 0.257388 0.285738 0.923095 0.381371 0.313239 -0.3866 0.867422 0.386189 -0.93126 -0.304042 0.200784 -0.500185 0.18611 -0.870689 -0.455263 0.505382 
1533297588900 0.132184 0.936631 -0.324423 -0.601348 -0.956459 0.206445 0.206318 -0.222925 0.26022 0.283025 0.923137 0.381519 0.316244 -0.384866 0.867103 0.400217 -0.929998 -0.306258 0.203249 -0.504049 0.187334 -0.87068 -0.454777 0.486145 
1533297588916 0.132401 0.937321 -0.322333 -0.601919 -0.955655 0.207017 0.209447 -0.223092 0.263048 0.280309 0.923165 0.381667 0.316258 -0.384857 0.867102 0.400836 -0.929992 -0.306267 0.203261 -0.504368 0.187338 -0.870681 -0.454774 0.485921 
1533297588923 0.132624 0.938006 -0.320242 -0.602489 -0.954842 0.207579 0.212575 -0.22326 0.265873 0.277588 0.923177 0.381815 0.316239 -0.384881 0.867098 0.400855 -0.93 -0.306257 0.203241 -0.504361 0.187331 -0.870674 -0.454789 0.485943 
1533297588936 0.132855 0.938685 -0.318151 -0.60306 -0.954019 0.208134 0.215702 -0.223427 0.268694 0.274865 0.923175 0.381963 0.316214 -0.384899 0.867099 0.400827 -0.930009 -0.306245 0.203216 -0.504329 0.187327 -0.87067 -0.454799 0.48594 
1533297588943 0.133091 0.939358 -0.316058 -0.603631 -0.953188 0.208678 0.218829 -0.223594 0.271513 0.272139 0.923158 0.382111 0.3162 -0.384907 0.867101 0.400798 -0.930014 -0.306239 0.203202 -0.504306 0.187326 -0.870669 -0.454801 0.485922 
1533297588957 0.133334 0.940026 -0.313964 -0.604201 -0.952347 0.209214 0.221955 -0.223762 0.274329 0.269409 0.923127 0.382259 0.316197 -0.384904 0.867103 0.400778 -0.930014 -0.30624 0.2032 -0.504292 0.187329 -0.87067 -0.454799 0.485903 
1533297588973 0.133584 0.940687 -0.31187 -0.604766 -0.951498 0.20974 0.225079 -0.223928 0.277141 0.266677 0.92308 0.382408 0.316201 -0.384895 0.867106 0.400765 -0.930012 -0.306246 0.203202 -0.504277 0.187337 -0.870672 -0.454792 0.485883 
1533297588990 0.133844 0.941338 -0.309789 -0.605269 -0.950641 0.210263 0.228191 -0.22407 0.279942 0.263956 0.923017 0.382573 0.316123 -0.384928 0.86712 0.40068 -0.93004 -0.30621 0.20313 -0.504145 0.18733 -0.87067 -0.454798 0.485852 
1533297595950 0.130776 0.937055 -0.323769 -0.601187 -0.956815 0.204812 0.206294 -0.222323 0.259621 0.282809 0.923372 0.381597 1 0 0 0 0 1 0 0 0 0 1 1.306 
1533297595963 0.132929 0.93792 -0.320369 -0.601622 -0.955156 0.207518 0.211219 -0.222381 0.264589 0.277925 0.923445 0.381488 0.313239 -0.3866 0.867422 0.386189 -0.93126 -0.304042 0.200784 -0.500186 0.18611 -0.870689 -0.455263 0.505382 
1533297595980 0.135097 0.938763 -0.316974 -0.602058 -0.953466 0.210196 0.216149 -0.22244 0.269539 0.273023 0.923475 0.381379 0.316244 -0.384866 0.867103 0.400217 -0.929998 -0.306258 0.203249 -0.50405 0.187334 -0.87068 -0.454777 0.486145 
1533297595997 0.137283 0.939584 -0.313586 -0.602493 -0.951745 0.212847 0.221083 -0.222498 0.274472 0.268102 0.923464 0.381269 0.316258 -0.384857 0.867102 0.400836 -0.929992 -0.306267 0.203261 -0.504368 0.187338 -0.870681 -0.454774 0.485921 
1533297596014 0.139488 0.940382 -0.310203 -0.602928 -0.949993 0.21547 0.22602 -0.222557 0.279385 0.263164 0.923412 0.38116 0.316239 -0.384881 0.867098 0.400855 -0.93 -0.306257 0.203241 -0.504361 0.187331 -0.870674 -0.454789 0.485943 
1533297596030 0.141708 0.941157 -0.306826 -0.603364 -0.948211 0.218066 0.230962 -0.222615 0.28428 0.258206 0.923317 0.381051 0.316214 -0.384899 0.867099 0.400827 -0.930009 -0.306245 0.203216 -0.504329 0.187327 -0.87067 -0.454799 0.48594 
1533297596047 0.143947 0.94191 -0.303455 -0.603799 -0.946398 0.220634 0.235906 -0.222673 0.289155 0.253232 0.923181 0.380942 0.3162 -0.384907 0.867101 0.400798 -0.930014 -0.306239 0.203202 -0.504306 0.187326 -0.870669 -0.454801 0.485922 
1533297596063 0.146202 0.94264 -0.300091 -0.604234 -0.944554 0.223175 0.240853 -0.222732 0.294011 0.248239 0.923003 0.380833 0.316197 -0.384904 0.867103 0.400778 -0.930014 -0.30624 0.2032 -0.504292 0.187329 -0.87067 -0.454799 0.485903 
1533297596080 0.148474 0.943347 -0.296734 -0.604663 -0.94268 0.225687 0.245804 -0.222788 0.298847 0.24323 0.922783 0.380725 0.316201 -0.384895 0.867106 0.400765 -0.930012 -0.306246 0.203202 -0.504277 0.187337 -0.870672 -0.454792 0.485883 
1533297596097 0.150766 0.944025 -0.293404 -0.605026 -0.940779 0.228178 0.25074 -0.222819 0.303653 0.238225 0.92252 0.380645 0.316123 -0.384928 0.86712 0.40068 -0.93004 -0.30621 0.20313 -0.504145 0.18733 -0.87067 -0.454798 0.485852 
1533297596123 0.134747 0.940843 -0.310897 -0.604988 -0.950792 0.211109 0.226776 -0.224244 0.278994 0.265041 0.922993 0.382335 1 0 0 0 0 1 0 0 0 0 1 1.306 
1533297596133 0.136551 0.941275 -0.308796 -0.605043 -0.949653 0.213109 0.22966 -0.22411 0.28198 0.261889 0.922985 0.382152 0.313239 -0.3866 0.867422 0.386189 -0.93126 -0.304042 0.200784 -0.500185 0.18611 -0.870689 -0.455263 0.505382 
1533297596150 0.138361 0.941696 -0.306699 -0.605098 -0.948501 0.215099 0.232546 -0.223977 0.284958 0.258729 0.922962 0.381969 0.316244 -0.384866 0.867103 0.400216 -0.929998 -0.306258 0.203249 -0.504049 0.187334 -0.87068 -0.454777 0.486145 
1533297596167 0.140178 0.942107 -0.304604 -0.605154 -0.947337 0.217078 0.235435 -0.223843 0.287928 0.25556 0.922923 0.381786 0.316258 -0.384857 0.867102 0.400836 -0.929992 -0.306267 0.203261 -0.504368 0.187338 -0.870681 -0.454774 0.485921 
1533297596184 0.142001 0.942508 -0.302513 -0.605209 -0.94616 0.219046 0.238326 -0.223709 0.290888 0.252383 0.922869 0.381603 0.316239 -0.384881 0.867098 0.400855 -0.93 -0.306257 0.203241 -0.504361 0.187331 -0.870674 -0.454789 0.485943 
1533297596200 0.143831 0.942898 -0.300425 -0.605264 -0.944971 0.221004 0.241219 -0.223575 0.29384 0.249198 0.922799 0.38142 0.316214 -0.384899 0.867099 0.400827 -0.930009 -0.306245 0.203216 -0.504329 0.187327 -0.87067 -0.454799 0.48594 
1533297596217 0.145666 0.943278 -0.298341 -0.605319 -0.94377 0.222951 0.244114 -0.223442 0.296783 0.246006 0.922714 0.381237 0.3162 -0.384907 0.867101 0.400798 -0.930014 -0.306239 0.203202 -0.504306 0.187326 -0.870669 -0.454801 0.485922 
1533297596233 0.147508 0.943648 -0.296261 -0.605374 -0.942556 0.224887 0.247012 -0.223308 0.299717 0.242806 0.922613 0.381054 0.316197 -0.384904 0.867103 0.400778 -0.930014 -0.30624 0.2032 -0.504292 0.187329 -0.87067 -0.454799 0.485903 
1533297596250 0.149355 0.944007 -0.294184 -0.605427 -0.941329 0.226812 0.249911 -0.223174 0.302642 0.239599 0.922497 0.380872 0.316201 -0.384895 0.867106 0.400765 -0.930012 -0.306246 0.203202 -0.504277 0.187337 -0.870672 -0.454792 0.485883 
1533297596267 0.15121 0.944352 -0.292121 -0.605456 -0.940092 0.228729 0.252804 -0.223029 0.305552 0.236394 0.922364 0.380707 0.316123 -0.384928 0.86712 0.40068 -0.93004 -0.30621 0.20313 -0.504145 0.18733 -0.87067 -0.454798 0.485852 
1533297663390 0.151375 0.944369 -0.29198 -0.60543 -0.940116 0.228806 0.252646 -0.223113 0.305398 0.236251 0.922452 0.380757 1 0 0 0 0 1 0 0 0 0 1 1.306 
1533297663396 0.149574 0.944185 -0.2935 -0.605481 -0.941187 0.22692 0.250348 -0.223237 0.302976 0.238793 0.922596 0.380937 0.313239 -0.3866 0.867422 0.386189 -0.93126 -0.304042 0.200784 -0.500185 0.18611 -0.870689 -0.455263 0.505382 
1533297663403 0.147776 0.943993 -0.295023 -0.605533 -0.942249 0.225026 0.248053 -0.223362 0.300548 0.241329 0.92273 0.381117 0.316244 -0.384866 0.867103 0.400216 -0.929998 -0.306258 0.203249 -0.504049 0.187334 -0.87068 -0.454777 0.486145 
1533297663410 0.145981 0.943795 -0.296549 -0.605584 -0.943302 0.223125 0.245759 -0.223486 0.298113 0.243859 0.922855 0.381297 0.316258 -0.384857 0.867102 0.400836 -0.929992 -0.306267 0.203261 -0.504368 0.187338 -0.870681 -0.454774 0.485921 
1533297663416 0.14419 0.943588 -0.298079 -0.605636 -0.944345 0.221217 0.243466 -0.223611 0.295672 0.246384 0.92297 0.381477 0.316239 -0.384881 0.867098 0.400855 -0.93 -0.306257 0.203241 -0.504361 0.187331 -0.870674 -0.454789 0.485943 
1533297663423 0.142403 0.943374 -0.299611 -0.605687 -0.945379 0.219301 0.241175 -0.223735 0.293224 0.248902 0.923075 0.381658 0.316214 -0.384899 0.867099 0.400827 -0.930009 -0.306245 0.203216 -0.504329 0.187327 -0.87067 -0.454799 0.48594 
1533297663430 0.140618 0.943153 -0.301147 -0.605738 -0.946404 0.217379 0.238886 -0.223859 0.290769 0.251415 0.923171 0.381838 0.3162 -0.384907 0.867101 0.400798 -0.930014 -0.306239 0.203202 -0.504306 0.187326 -0.870669 -0.454801 0.485922 
1533297663436 0.138838 0.942924 -0.302686 -0.60579 -0.947419 0.21545 0.236599 -0.223984 0.288308 0.253921 0.923256 0.382018 0.316197 -0.384904 0.867103 0.400778 -0.930014 -0.30624 0.2032 -0.504292 0.187329 -0.87067 -0.454799 0.485903 
1533297663443 0.137062 0.942687 -0.304228 -0.605842 -0.948425 0.213514 0.234313 -0.224109 0.285841 0.256422 0.923333 0.382197 0.316201 -0.384895 0.867106 0.400765 -0.930012 -0.306246 0.203202 -0.504277 0.187337 -0.870672 -0.454792 0.485883 
1533297663450 0.135288 0.942446 -0.305766 -0.605906 -0.94942 0.21157 0.232035 -0.224239 0.283372 0.258908 0.9234 0.382363 0.316123 -0.384928 0.86712 0.40068 -0.93004 -0.30621 0.20313 -0.504145 0.18733 -0.87067 -0.454798 0.485852 
