1534166554352 0.282744 0.87304 -0.397311 -0.565633 -0.942306 0.330205 0.0549967 -0.208238 0.179208 0.358838 0.916035 0.3684 0.16008 -0.304787 0.938871 0.370831 -0.775623 0.549475 0.310623 -0.528794 -0.61056 -0.777934 -0.14844 0.432481 
1534166554365 0.28318 0.876552 -0.389186 -0.568656 -0.942568 0.32931 0.0558609 -0.209442 0.177128 0.351015 0.919464 0.367039 0.316241 -0.38488 0.867098 0.400864 -0.930001 -0.306251 0.203246 -0.504429 0.187325 -0.870677 -0.454788 0.485926 
1534166555038 0.283625 0.879985 -0.381029 -0.571582 -0.942831 0.328419 0.0566695 -0.210569 0.175006 0.343173 0.922825 0.365578 0.316241 -0.38488 0.867098 0.400864 -0.930001 -0.306251 0.203246 -0.504429 0.187325 -0.870677 -0.454788 0.485926 
1534166555471 0.284052 0.883348 -0.372843 -0.574507 -0.943095 0.327521 0.0574699 -0.211696 0.17288 0.335302 0.926113 0.364116 0.316241 -0.38488 0.867098 0.400864 -0.930001 -0.306251 0.203246 -0.504429 0.187325 -0.870677 -0.454788 0.485926 
1534166555902 0.284459 0.88664 -0.364627 -0.577431 -0.94336 0.326616 0.0582619 -0.212823 0.17075 0.327401 0.929329 0.362653 0.316241 -0.38488 0.867098 0.400864 -0.930001 -0.306251 0.203246 -0.504429 0.187325 -0.870677 -0.454788 0.485926 
1534166556340 0.284847 0.889862 -0.356382 -0.580355 -0.943626 0.325704 0.0590454 -0.21395 0.168617 0.319473 0.932473 0.36119 0.316241 -0.38488 0.867098 0.400864 -0.930001 -0.306251 0.203246 -0.504429 0.187325 -0.870677 -0.454788 0.485926 
1534166556777 0.285216 0.893013 -0.348109 -0.583277 -0.943894 0.324786 0.0598204 -0.215077 0.166481 0.311516 0.935543 0.359726 0.316241 -0.38488 0.867098 0.400864 -0.930001 -0.306251 0.203246 -0.504429 0.187325 -0.870677 -0.454788 0.485926 
1534166557222 0.285566 0.896093 -0.339809 -0.586199 -0.944163 0.323861 0.0605868 -0.216203 0.164342 0.303533 0.938541 0.358261 0.316241 -0.38488 0.867098 0.400864 -0.930001 -0.306251 0.203246 -0.504429 0.187325 -0.870677 -0.454788 0.485926 
1534166557661 0.285897 0.899101 -0.331482 -0.589121 -0.944433 0.322929 0.0613466 -0.217332 0.162202 0.295523 0.941465 0.356801 0.316241 -0.38488 0.867098 0.400864 -0.930001 -0.306251 0.203246 -0.504429 0.187325 -0.870677 -0.454788 0.485926 
1534166558114 0.286285 0.901952 -0.323302 -0.59131 -0.94468 0.322077 0.0620189 -0.218108 0.160066 0.287662 0.944261 0.355628 0.316531 -0.385118 0.866887 0.401814 -0.929976 -0.306103 0.20358 -0.50615 0.186955 -0.870623 -0.455042 0.486735 
1534166558535 0.286722 0.901506 -0.324156 -0.591095 -0.944514 0.322612 0.0617715 -0.218295 0.160264 0.288458 0.943985 0.355679 0.316531 -0.385118 0.866887 0.401814 -0.929976 -0.306103 0.20358 -0.50615 0.186955 -0.870623 -0.455042 0.486735 
1534166558547 0.286701 0.90185 -0.323216 -0.591488 -0.94456 0.322456 0.0618809 -0.218428 0.16003 0.287555 0.9443 0.3555 0.316221 -0.384863 0.867113 0.400797 -0.930002 -0.306262 0.203223 -0.504308 0.187351 -0.87068 -0.45477 0.485869 
1534166558685 0.28668 0.902194 -0.322275 -0.591882 -0.944605 0.322301 0.0619901 -0.21856 0.159796 0.286651 0.944614 0.355322 0.316221 -0.384863 0.867113 0.400797 -0.930002 -0.306262 0.203223 -0.504308 0.187351 -0.87068 -0.45477 0.485869 
1534166558850 0.28666 0.902535 -0.321334 -0.592275 -0.944651 0.322146 0.0620986 -0.218693 0.159563 0.285747 0.944928 0.355143 0.316221 -0.384863 0.867113 0.400797 -0.930002 -0.306262 0.203223 -0.504308 0.187351 -0.87068 -0.45477 0.485869 
1534166558857 0.286639 0.902877 -0.320392 -0.592668 -0.944697 0.321991 0.0622076 -0.218826 0.159329 0.284843 0.94524 0.354964 0.316221 -0.384863 0.867113 0.400797 -0.930002 -0.306262 0.203223 -0.504308 0.187351 -0.87068 -0.45477 0.485869 
1534166559088 0.286618 0.903217 -0.319451 -0.593061 -0.944743 0.321835 0.0623161 -0.218959 0.159095 0.283938 0.945552 0.354785 0.316221 -0.384863 0.867113 0.400797 -0.930002 -0.306262 0.203223 -0.504308 0.187351 -0.87068 -0.45477 0.485869 
1534166559258 0.286597 0.903557 -0.318509 -0.593455 -0.944788 0.32168 0.0624244 -0.219092 0.158862 0.283033 0.945862 0.354607 0.316221 -0.384863 0.867113 0.400797 -0.930002 -0.306262 0.203223 -0.504308 0.187351 -0.87068 -0.45477 0.485869 
1534166559435 0.286575 0.903895 -0.317567 -0.593848 -0.944834 0.321524 0.0625326 -0.219224 0.158628 0.282128 0.946172 0.354428 0.316221 -0.384863 0.867113 0.400797 -0.930002 -0.306262 0.203223 -0.504308 0.187351 -0.87068 -0.45477 0.485869 
1534166559603 0.286553 0.904233 -0.316624 -0.594243 -0.94488 0.321369 0.0626408 -0.219358 0.158395 0.281222 0.946481 0.354249 0.31622 -0.384863 0.867113 0.400797 -0.930002 -0.306262 0.203222 -0.504307 0.187351 -0.87068 -0.45477 0.485868 
1534166559773 0.286531 0.904569 -0.315681 -0.594636 -0.944926 0.321213 0.0627486 -0.219491 0.158161 0.280316 0.946788 0.35407 0.31622 -0.384863 0.867113 0.400797 -0.930002 -0.306262 0.203222 -0.504307 0.187351 -0.87068 -0.45477 0.485868 
1534166559956 0.286565 0.904379 -0.316194 -0.594447 -0.944895 0.321318 0.0626813 -0.219454 0.158286 0.280807 0.946622 0.354151 0.31622 -0.384863 0.867113 0.400797 -0.930002 -0.306262 0.203222 -0.504307 0.187351 -0.87068 -0.45477 0.485868 
1534166559967 0.286885 0.904444 -0.315718 -0.594476 -0.944866 0.321468 0.0623427 -0.219479 0.157879 0.280426 0.946803 0.354056 0.31622 -0.384863 0.867113 0.400795 -0.930002 -0.306262 0.203222 -0.504304 0.187351 -0.87068 -0.454769 0.485867 
1534166559984 0.287203 0.90451 -0.315241 -0.594509 -0.944837 0.321618 0.0620059 -0.219506 0.157472 0.280043 0.946984 0.35396 0.31622 -0.384863 0.867113 0.400795 -0.930002 -0.306262 0.203222 -0.504304 0.187351 -0.87068 -0.454769 0.485867 
1534166560001 0.287521 0.904575 -0.314764 -0.594543 -0.944808 0.321768 0.061669 -0.219532 0.157065 0.27966 0.947164 0.353864 0.31622 -0.384863 0.867113 0.400795 -0.930002 -0.306262 0.203222 -0.504304 0.187351 -0.87068 -0.454769 0.485867 
1534166560104 0.287838 0.90464 -0.314287 -0.594577 -0.944779 0.321917 0.0613323 -0.219559 0.156658 0.279278 0.947345 0.353768 0.31622 -0.384863 0.867113 0.400795 -0.930002 -0.306262 0.203222 -0.504304 0.187351 -0.87068 -0.454769 0.485867 
1534166560146 0.288155 0.904705 -0.313809 -0.594611 -0.94475 0.322067 0.0609957 -0.219587 0.156251 0.278895 0.947525 0.353672 0.31622 -0.384863 0.867113 0.400795 -0.930002 -0.306262 0.203222 -0.504304 0.187351 -0.87068 -0.454769 0.485867 
1534166560231 0.288473 0.904769 -0.313332 -0.594644 -0.94472 0.322217 0.060659 -0.219613 0.155843 0.278512 0.947704 0.353576 0.31622 -0.384863 0.867113 0.400795 -0.930002 -0.306262 0.203222 -0.504304 0.187351 -0.87068 -0.454769 0.485867 
1534166560270 0.288789 0.904833 -0.312854 -0.594678 -0.944691 0.322368 0.0603226 -0.219641 0.155436 0.27813 0.947884 0.353479 0.31622 -0.384863 0.867113 0.400795 -0.930002 -0.306262 0.203222 -0.504304 0.187351 -0.87068 -0.454769 0.485867 
1534166560276 0.289106 0.904897 -0.312376 -0.594713 -0.944661 0.322518 0.059987 -0.219668 0.155029 0.277747 0.948063 0.353387 0.31622 -0.384863 0.867113 0.400795 -0.930002 -0.306262 0.203222 -0.504304 0.187351 -0.87068 -0.454769 0.485867 
1534166560404 0.289422 0.904961 -0.311897 -0.594751 -0.944631 0.322668 0.0596514 -0.219698 0.154621 0.277364 0.948241 0.353291 0.31622 -0.384863 0.867113 0.400795 -0.930002 -0.306262 0.203222 -0.504304 0.187351 -0.87068 -0.454769 0.485867 
1534166560475 0.288942 0.904942 -0.312398 -0.594726 -0.944717 0.322352 0.0599925 -0.219631 0.154992 0.277793 0.948055 0.353436 0.31622 -0.384863 0.867113 0.400795 -0.930002 -0.306262 0.203222 -0.504304 0.187351 -0.87068 -0.454769 0.485867 
1534166560487 0.289157 0.904956 -0.312158 -0.594753 -0.944672 0.322504 0.0598841 -0.21967 0.154865 0.277571 0.948141 0.353411 0.31622 -0.384863 0.867113 0.400795 -0.930002 -0.306262 0.203222 -0.504304 0.187351 -0.87068 -0.454769 0.485867 
1534166560504 0.289372 0.90497 -0.311918 -0.594784 -0.944627 0.322656 0.0597754 -0.219712 0.154737 0.277349 0.948227 0.353385 0.31622 -0.384863 0.867113 0.400795 -0.930002 -0.306262 0.203222 -0.504304 0.187351 -0.87068 -0.454769 0.485867 
1534166560521 0.289588 0.904984 -0.311677 -0.594815 -0.944582 0.322808 0.0596666 -0.219754 0.154609 0.277126 0.948313 0.353359 0.31622 -0.384863 0.867113 0.400795 -0.930002 -0.306262 0.203222 -0.504304 0.187351 -0.87068 -0.454769 0.485867 
1534166560537 0.289803 0.904998 -0.311436 -0.594846 -0.944537 0.32296 0.0595579 -0.219795 0.154481 0.276903 0.948399 0.353332 0.31622 -0.384863 0.867113 0.400795 -0.930002 -0.306262 0.203222 -0.504304 0.187351 -0.87068 -0.454769 0.485867 
1534166560554 0.290018 0.905012 -0.311196 -0.594878 -0.944492 0.323112 0.059449 -0.219836 0.154353 0.27668 0.948485 0.353305 0.31622 -0.384863 0.867113 0.400795 -0.930002 -0.306262 0.203222 -0.504304 0.187351 -0.87068 -0.454769 0.485867 
1534166560571 0.290233 0.905026 -0.310955 -0.594908 -0.944447 0.323264 0.0593403 -0.219878 0.154225 0.276458 0.94857 0.353279 0.31622 -0.384863 0.867113 0.400795 -0.930002 -0.306262 0.203222 -0.504304 0.187351 -0.87068 -0.454769 0.485867 
1534166560670 0.290449 0.905039 -0.310714 -0.594939 -0.944401 0.323416 0.0592315 -0.219919 0.154097 0.276235 0.948656 0.353251 0.31622 -0.384863 0.867113 0.400795 -0.930002 -0.306262 0.203222 -0.504304 0.187351 -0.87068 -0.454769 0.485867 
1534166560691 0.290664 0.905053 -0.310473 -0.59497 -0.944356 0.323568 0.0591228 -0.21996 0.153968 0.276012 0.948742 0.353224 0.31622 -0.384863 0.867113 0.400795 -0.930002 -0.306262 0.203222 -0.504304 0.187351 -0.87068 -0.454769 0.485867 
1534166560719 0.290879 0.905066 -0.310233 -0.595001 -0.944311 0.32372 0.0590141 -0.220001 0.15384 0.27579 0.948827 0.353197 0.31622 -0.384863 0.867113 0.400795 -0.930002 -0.306262 0.203222 -0.504304 0.187351 -0.87068 -0.454769 0.485867 
1534166560800 0.290342 0.904993 -0.310949 -0.59493 -0.944421 0.323353 0.0592584 -0.219935 0.154175 0.276462 0.948577 0.353204 0.31622 -0.384863 0.867113 0.400795 -0.930002 -0.306262 0.203222 -0.504304 0.187351 -0.87068 -0.454769 0.485867 
1534166560814 0.290515 0.905006 -0.310749 -0.594953 -0.944395 0.323456 0.0591095 -0.219941 0.154008 0.276298 0.948652 0.353198 0.31622 -0.384863 0.867113 0.400795 -0.930002 -0.306262 0.203222 -0.504304 0.187351 -0.87068 -0.45477 0.485867 
1534166560819 0.290688 0.90502 -0.310548 -0.594974 -0.944369 0.323559 0.0589591 -0.219945 0.153839 0.276133 0.948728 0.353188 0.31622 -0.384863 0.867113 0.400795 -0.930002 -0.306262 0.203222 -0.504304 0.187351 -0.87068 -0.45477 0.485867 
1534166560833 0.290861 0.905033 -0.310346 -0.594995 -0.944344 0.323661 0.0588085 -0.219949 0.153671 0.275969 0.948803 0.353178 0.31622 -0.384863 0.867113 0.400795 -0.930002 -0.306262 0.203222 -0.504304 0.187351 -0.87068 -0.45477 0.485867 
1534166560849 0.291034 0.905046 -0.310145 -0.595015 -0.944318 0.323764 0.0586582 -0.219953 0.153502 0.275804 0.948878 0.353167 0.31622 -0.384863 0.867113 0.400795 -0.930002 -0.306262 0.203222 -0.504304 0.187351 -0.87068 -0.45477 0.485867 
1534166560867 0.291207 0.90506 -0.309944 -0.595036 -0.944292 0.323867 0.0585078 -0.219956 0.153334 0.27564 0.948953 0.353157 0.31622 -0.384863 0.867113 0.400795 -0.930002 -0.306262 0.203222 -0.504304 0.187351 -0.87068 -0.45477 0.485867 
1534166560883 0.29138 0.905073 -0.309743 -0.595057 -0.944266 0.32397 0.0583574 -0.21996 0.153165 0.275475 0.949028 0.353147 0.31622 -0.384863 0.867113 0.400795 -0.930002 -0.306262 0.203222 -0.504304 0.187351 -0.87068 -0.45477 0.485867 
1534166560899 0.291553 0.905086 -0.309541 -0.595077 -0.94424 0.324072 0.0582069 -0.219964 0.152996 0.275311 0.949103 0.353137 0.31622 -0.384863 0.867113 0.400795 -0.930002 -0.306262 0.203222 -0.504304 0.187351 -0.87068 -0.45477 0.485867 
1534166560984 0.291726 0.905099 -0.30934 -0.595098 -0.944214 0.324175 0.0580565 -0.219968 0.152827 0.275147 0.949178 0.353126 0.31622 -0.384863 0.867113 0.400795 -0.930002 -0.306262 0.203222 -0.504304 0.187351 -0.87068 -0.45477 0.485867 
1534166561004 0.291898 0.905112 -0.309139 -0.595118 -0.944188 0.324278 0.0579063 -0.219972 0.152659 0.274982 0.949252 0.353117 0.31622 -0.384863 0.867113 0.400795 -0.930002 -0.306262 0.203222 -0.504304 0.187351 -0.87068 -0.45477 0.485867 
1534166561035 0.291329 0.905119 -0.309658 -0.594983 -0.944296 0.323889 0.0583149 -0.220008 0.153077 0.27542 0.949058 0.353178 0.31622 -0.384863 0.867113 0.400795 -0.930002 -0.306262 0.203222 -0.504304 0.187351 -0.87068 -0.45477 0.485867 
1534166561048 0.291585 0.905119 -0.309416 -0.595013 -0.944247 0.324063 0.0581342 -0.219999 0.152889 0.275214 0.949148 0.353192 0.31622 -0.384863 0.867113 0.400795 -0.930002 -0.306262 0.203222 -0.504304 0.187351 -0.87068 -0.45477 0.485867 
1534166561064 0.291842 0.905119 -0.309174 -0.595041 -0.944199 0.324238 0.0579525 -0.219987 0.1527 0.275008 0.949238 0.353201 0.31622 -0.384863 0.867113 0.400795 -0.930002 -0.306262 0.203222 -0.504304 0.187351 -0.87068 -0.45477 0.485867 
1534166561081 0.292098 0.905119 -0.308931 -0.595068 -0.94415 0.324412 0.0577707 -0.219976 0.15251 0.274803 0.949328 0.35321 0.31622 -0.384863 0.867113 0.400795 -0.930002 -0.306262 0.203222 -0.504304 0.187351 -0.87068 -0.45477 0.485867 
1534166561098 0.292355 0.905119 -0.308689 -0.595096 -0.944101 0.324587 0.0575891 -0.219965 0.152321 0.274597 0.949418 0.353219 0.31622 -0.384863 0.867113 0.400795 -0.930002 -0.306262 0.203222 -0.504304 0.187351 -0.87068 -0.45477 0.485867 
1534166561115 0.292612 0.905119 -0.308446 -0.595122 -0.944052 0.324761 0.0574073 -0.219953 0.152132 0.274391 0.949508 0.353228 0.31622 -0.384863 0.867113 0.400795 -0.930002 -0.306262 0.203222 -0.504304 0.187351 -0.87068 -0.45477 0.485867 
1534166561131 0.292868 0.905118 -0.308203 -0.59515 -0.944003 0.324936 0.0572259 -0.219942 0.151942 0.274185 0.949598 0.353238 0.31622 -0.384863 0.867113 0.400795 -0.930002 -0.306262 0.203222 -0.504304 0.187351 -0.87068 -0.45477 0.485867 
1534166561176 0.293124 0.905118 -0.30796 -0.595177 -0.943954 0.32511 0.0570443 -0.21993 0.151753 0.273979 0.949687 0.353247 0.31622 -0.384863 0.867113 0.400795 -0.930002 -0.306262 0.203222 -0.504304 0.187351 -0.87068 -0.45477 0.485867 
1534166561220 0.293381 0.905117 -0.307718 -0.595204 -0.943905 0.325285 0.0568627 -0.219918 0.151563 0.273774 0.949777 0.353256 0.31622 -0.384863 0.867113 0.400795 -0.930002 -0.306262 0.203222 -0.504304 0.187351 -0.87068 -0.45477 0.485867 
1534166561227 0.293637 0.905117 -0.307475 -0.595231 -0.943856 0.32546 0.0566812 -0.219907 0.151374 0.273568 0.949867 0.353265 0.31622 -0.384863 0.867113 0.400795 -0.930002 -0.306262 0.203222 -0.504304 0.187351 -0.87068 -0.45477 0.485867 
1534166561276 0.292778 0.905122 -0.308277 -0.595084 -0.94401 0.324892 0.0573566 -0.21995 0.152072 0.274224 0.949566 0.353178 0.31622 -0.384863 0.867113 0.400795 -0.930002 -0.306262 0.203222 -0.504304 0.187351 -0.87068 -0.45477 0.485867 
1534166561289 0.292837 0.90515 -0.308138 -0.595096 -0.944007 0.324912 0.0572929 -0.219943 0.151977 0.274107 0.949615 0.353157 0.31622 -0.384863 0.867113 0.400795 -0.930002 -0.306262 0.203222 -0.504304 0.187351 -0.87068 -0.45477 0.485867 
1534166561306 0.292897 0.905178 -0.307999 -0.595106 -0.944004 0.324933 0.0572271 -0.219933 0.15188 0.273991 0.949664 0.353131 0.31622 -0.384863 0.867113 0.400795 -0.930002 -0.306262 0.203222 -0.504304 0.187351 -0.87068 -0.45477 0.485867 
1534166561322 0.292957 0.905206 -0.30786 -0.595116 -0.944001 0.324953 0.0571615 -0.219924 0.151783 0.273875 0.949713 0.353106 0.31622 -0.384863 0.867113 0.400795 -0.930002 -0.306262 0.203222 -0.504304 0.187351 -0.87068 -0.45477 0.485867 
1534166561329 0.293017 0.905234 -0.307722 -0.595126 -0.943998 0.324974 0.0570957 -0.219914 0.151686 0.273758 0.949762 0.353081 0.31622 -0.384863 0.867113 0.400795 -0.930002 -0.306262 0.203222 -0.504304 0.187351 -0.87068 -0.45477 0.485867 
1534166561343 0.293077 0.905262 -0.307583 -0.595136 -0.943995 0.324994 0.05703 -0.219905 0.15159 0.273642 0.949811 0.353056 0.31622 -0.384863 0.867113 0.400795 -0.930002 -0.306262 0.203222 -0.504304 0.187351 -0.87068 -0.45477 0.485867 
1534166561359 0.293137 0.905289 -0.307444 -0.595145 -0.943992 0.325015 0.0569642 -0.219895 0.151493 0.273526 0.94986 0.353031 0.31622 -0.384863 0.867113 0.400795 -0.930002 -0.306262 0.203222 -0.504304 0.187351 -0.87068 -0.45477 0.485867 
1534166561376 0.293197 0.905317 -0.307305 -0.595155 -0.943989 0.325035 0.0568984 -0.219886 0.151396 0.27341 0.949908 0.353005 0.31622 -0.384863 0.867113 0.400795 -0.930002 -0.306262 0.203222 -0.504304 0.187351 -0.87068 -0.45477 0.485867 
1534166561392 0.293257 0.905345 -0.307166 -0.595164 -0.943986 0.325056 0.0568326 -0.219876 0.151299 0.273294 0.949957 0.35298 0.31622 -0.384863 0.867113 0.400795 -0.930002 -0.306262 0.203222 -0.504304 0.187351 -0.87068 -0.45477 0.485867 
1534166561427 0.293317 0.905373 -0.307027 -0.595174 -0.943983 0.325076 0.0567669 -0.219867 0.151202 0.273178 0.950006 0.352955 0.31622 -0.384863 0.867113 0.400795 -0.930002 -0.306262 0.203222 -0.504304 0.187351 -0.87068 -0.45477 0.485867 
1534166561474 0.29328 0.905217 -0.307519 -0.595142 -0.943961 0.325132 0.0568105 -0.219881 0.15141 0.273625 0.949844 0.353095 0.31622 -0.384863 0.867113 0.400795 -0.930002 -0.306262 0.203222 -0.504304 0.187351 -0.87068 -0.45477 0.485867 
1534166561486 0.293247 0.905195 -0.307617 -0.595141 -0.943959 0.325129 0.0568646 -0.219889 0.151489 0.273702 0.94981 0.353115 0.31622 -0.384863 0.867113 0.400795 -0.930002 -0.306262 0.203222 -0.504304 0.187351 -0.87068 -0.45477 0.485867 
1534166561493 0.293214 0.905172 -0.307715 -0.59513 -0.943957 0.325126 0.0569152 -0.219893 0.151564 0.273781 0.949775 0.35313 0.31622 -0.384863 0.867113 0.400795 -0.930002 -0.306262 0.203222 -0.504304 0.187351 -0.87068 -0.45477 0.485867 
1534166561506 0.293181 0.90515 -0.307813 -0.595121 -0.943955 0.325122 0.0569666 -0.219897 0.15164 0.27386 0.94974 0.353148 0.31622 -0.384863 0.867113 0.400795 -0.930002 -0.306262 0.203222 -0.504304 0.187351 -0.87068 -0.45477 0.485867 
1534166561523 0.293147 0.905127 -0.307912 -0.595113 -0.943953 0.325119 0.0570182 -0.219901 0.151717 0.273939 0.949705 0.353166 0.31622 -0.384863 0.867113 0.400795 -0.930002 -0.306262 0.203222 -0.504304 0.187351 -0.87068 -0.45477 0.485867 
1534166561625 0.293114 0.905104 -0.30801 -0.595103 -0.943951 0.325116 0.0570697 -0.219906 0.151793 0.274018 0.94967 0.353184 0.31622 -0.384863 0.867113 0.400795 -0.930002 -0.306262 0.203222 -0.504304 0.187351 -0.87068 -0.45477 0.485867 
1534166561640 0.293081 0.905082 -0.308108 -0.595096 -0.943949 0.325112 0.0571213 -0.219911 0.151869 0.274097 0.949635 0.353202 0.31622 -0.384863 0.867113 0.400795 -0.930002 -0.306262 0.203222 -0.504304 0.187351 -0.87068 -0.45477 0.485867 
1534166561657 0.293048 0.905059 -0.308207 -0.595086 -0.943947 0.325109 0.0571728 -0.219915 0.151946 0.274176 0.9496 0.353221 0.31622 -0.384863 0.867113 0.400795 -0.930002 -0.306262 0.203222 -0.504304 0.187351 -0.87068 -0.45477 0.485867 
1534166561674 0.293015 0.905036 -0.308305 -0.595078 -0.943945 0.325105 0.0572245 -0.21992 0.152022 0.274255 0.949565 0.353239 0.31622 -0.384863 0.867113 0.400795 -0.930002 -0.306262 0.203222 -0.504304 0.187351 -0.87068 -0.45477 0.485867 
1534166561694 0.292981 0.905014 -0.308403 -0.59507 -0.943943 0.325102 0.0572761 -0.219925 0.152098 0.274334 0.94953 0.353257 0.31622 -0.384863 0.867113 0.400795 -0.930002 -0.306262 0.203222 -0.504304 0.187351 -0.87068 -0.45477 0.485867 
1534166561720 0.292872 0.905177 -0.308027 -0.595118 -0.944033 0.324871 0.0570911 -0.219801 0.151747 0.274068 0.949663 0.353102 0.31622 -0.384863 0.867113 0.400795 -0.930002 -0.306262 0.203222 -0.504304 0.187351 -0.87068 -0.45477 0.485867 
1534166561731 0.29291 0.905206 -0.307906 -0.59514 -0.944033 0.324879 0.0570495 -0.219795 0.151674 0.273963 0.949705 0.353095 0.31622 -0.384863 0.867113 0.400795 -0.930002 -0.306262 0.203222 -0.504304 0.187351 -0.87068 -0.45477 0.485867 
1534166561747 0.292948 0.905235 -0.307785 -0.595164 -0.944033 0.324887 0.0570072 -0.219789 0.1516 0.273859 0.949747 0.353086 0.31622 -0.384863 0.867113 0.400795 -0.930002 -0.306262 0.203222 -0.504304 0.187351 -0.87068 -0.45477 0.485867 
1534166561764 0.292986 0.905264 -0.307664 -0.59519 -0.944033 0.324894 0.056965 -0.219784 0.151526 0.273755 0.949788 0.353076 0.31622 -0.384863 0.867113 0.400795 -0.930002 -0.306262 0.203222 -0.504304 0.187351 -0.87068 -0.45477 0.485867 
1534166561780 0.293025 0.905293 -0.307542 -0.595215 -0.944033 0.324902 0.0569228 -0.219779 0.151453 0.27365 0.94983 0.353066 0.31622 -0.384863 0.867113 0.400795 -0.930002 -0.306262 0.203222 -0.504304 0.187351 -0.87068 -0.45477 0.485867 
1534166561797 0.293063 0.905322 -0.30742 -0.595241 -0.944033 0.324909 0.0568806 -0.219774 0.151379 0.273545 0.949872 0.353056 0.31622 -0.384863 0.867113 0.400795 -0.930002 -0.306262 0.203222 -0.504304 0.187351 -0.87068 -0.45477 0.485867 
1534166561882 0.293101 0.90535 -0.307299 -0.595266 -0.944033 0.324917 0.0568384 -0.219768 0.151305 0.273441 0.949914 0.353046 0.31622 -0.384863 0.867113 0.400795 -0.930002 -0.306262 0.203222 -0.504304 0.187351 -0.87068 -0.45477 0.485867 
1534166561899 0.293139 0.905379 -0.307177 -0.595292 -0.944033 0.324924 0.0567962 -0.219763 0.151231 0.273336 0.949956 0.353036 0.31622 -0.384863 0.867113 0.400795 -0.930002 -0.306262 0.203222 -0.504304 0.187351 -0.87068 -0.45477 0.485867 
1534166561916 0.293177 0.905408 -0.307055 -0.595317 -0.944033 0.324932 0.056754 -0.219758 0.151158 0.273231 0.949998 0.353026 0.31622 -0.384863 0.867113 0.400795 -0.930002 -0.306262 0.203222 -0.504304 0.187351 -0.87068 -0.45477 0.485867 
1534166561932 0.293215 0.905437 -0.306934 -0.595342 -0.944033 0.324939 0.0567118 -0.219752 0.151084 0.273127 0.95004 0.353017 0.31622 -0.384863 0.867113 0.400795 -0.930002 -0.306262 0.203222 -0.504304 0.187351 -0.87068 -0.45477 0.485867 
1534166561970 0.293112 0.905288 -0.307473 -0.595272 -0.944018 0.324959 0.056846 -0.219791 0.151378 0.273598 0.949857 0.353068 0.31622 -0.384863 0.867113 0.400795 -0.930002 -0.306262 0.203222 -0.504304 0.187351 -0.87068 -0.45477 0.485867 
1534166561982 0.293186 0.90522 -0.307601 -0.595268 -0.944055 0.32493 0.0564034 -0.219762 0.151006 0.273855 0.949842 0.353096 0.31622 -0.384863 0.867113 0.400795 -0.930002 -0.306262 0.203222 -0.504304 0.187351 -0.87068 -0.45477 0.485867 
1534166561999 0.29326 0.905153 -0.307729 -0.595256 -0.944091 0.3249 0.0559581 -0.219728 0.150632 0.274114 0.949827 0.353123 0.31622 -0.384863 0.867113 0.400795 -0.930002 -0.306262 0.203222 -0.504304 0.187351 -0.87068 -0.45477 0.485867 
1534166562106 0.293335 0.905085 -0.307857 -0.595246 -0.944128 0.324871 0.0555129 -0.219696 0.150258 0.274372 0.949812 0.353149 0.31622 -0.384863 0.867113 0.400795 -0.930002 -0.306262 0.203222 -0.504304 0.187351 -0.87068 -0.45477 0.485867 
1534166562141 0.293409 0.905017 -0.307985 -0.595235 -0.944164 0.324841 0.0550677 -0.219663 0.149883 0.274631 0.949796 0.353174 0.31622 -0.384863 0.867113 0.400795 -0.930002 -0.306262 0.203222 -0.504304 0.187351 -0.87068 -0.45477 0.485867 
1534166562147 0.293484 0.90495 -0.308112 -0.595225 -0.9442 0.324811 0.0546224 -0.21963 0.149509 0.274889 0.949781 0.3532 0.31622 -0.384863 0.867113 0.400795 -0.930002 -0.306262 0.203222 -0.504304 0.187351 -0.87068 -0.45477 0.485867 
1534166562266 0.293559 0.904882 -0.30824 -0.595215 -0.944236 0.324781 0.0541772 -0.219597 0.149134 0.275147 0.949765 0.353226 0.31622 -0.384863 0.867113 0.400795 -0.930002 -0.306262 0.203222 -0.504304 0.187351 -0.87068 -0.45477 0.485867 
1534166562292 0.293633 0.904814 -0.308367 -0.595205 -0.944272 0.324751 0.053732 -0.219565 0.14876 0.275405 0.949749 0.353251 0.31622 -0.384863 0.867113 0.400795 -0.930002 -0.306262 0.203222 -0.504304 0.187351 -0.87068 -0.45477 0.485867 
1534166562384 0.293708 0.904747 -0.308495 -0.595194 -0.944308 0.32472 0.0532867 -0.219532 0.148386 0.275663 0.949732 0.353277 0.31622 -0.384863 0.867113 0.400795 -0.930002 -0.306262 0.203222 -0.504304 0.187351 -0.87068 -0.45477 0.485867 
1534166562422 0.293783 0.904679 -0.308622 -0.595184 -0.944343 0.32469 0.0528414 -0.219499 0.148011 0.275922 0.949716 0.353302 0.31622 -0.384863 0.867113 0.400795 -0.930002 -0.306262 0.203222 -0.504304 0.187351 -0.87068 -0.45477 0.485867 
1534166562511 0.293768 0.90476 -0.3084 -0.595182 -0.944253 0.324839 0.053536 -0.219602 0.148618 0.27548 0.949749 0.353299 0.31622 -0.384863 0.867113 0.400795 -0.930002 -0.306262 0.203222 -0.504304 0.187351 -0.87068 -0.45477 0.485867 
1534166562522 0.293702 0.904715 -0.308595 -0.595174 -0.944247 0.324837 0.0536551 -0.219615 0.148786 0.275631 0.949679 0.353329 0.31622 -0.384863 0.867113 0.400795 -0.930002 -0.306262 0.203222 -0.504304 0.187351 -0.87068 -0.45477 0.485867 
1534166562539 0.293636 0.904669 -0.308791 -0.595162 -0.944241 0.324835 0.0537749 -0.219627 0.148955 0.275783 0.949609 0.35336 0.31622 -0.384863 0.867113 0.400795 -0.930002 -0.306262 0.203222 -0.504304 0.187351 -0.87068 -0.45477 0.485867 
1534166562555 0.293571 0.904623 -0.308987 -0.59515 -0.944234 0.324834 0.0538947 -0.219638 0.149124 0.275934 0.949538 0.353391 0.31622 -0.384863 0.867113 0.400795 -0.930002 -0.306262 0.203222 -0.504304 0.187351 -0.87068 -0.45477 0.485867 
1534166562572 0.293505 0.904578 -0.309183 -0.59514 -0.944228 0.324832 0.0540146 -0.21965 0.149293 0.276086 0.949467 0.353422 0.31622 -0.384863 0.867113 0.400795 -0.930002 -0.306262 0.203222 -0.504304 0.187351 -0.87068 -0.45477 0.485867 
1534166562589 0.293439 0.904532 -0.309379 -0.595127 -0.944222 0.324831 0.0541343 -0.219662 0.149462 0.276238 0.949397 0.353453 0.31622 -0.384863 0.867113 0.400795 -0.930002 -0.306262 0.203222 -0.504304 0.187351 -0.87068 -0.45477 0.485867 
1534166562647 0.293374 0.904486 -0.309576 -0.595114 -0.944215 0.324829 0.054254 -0.219673 0.149631 0.276389 0.949326 0.353484 0.31622 -0.384863 0.867113 0.400795 -0.930002 -0.306262 0.203222 -0.504304 0.187351 -0.87068 -0.45477 0.485867 
1534166562670 0.293308 0.90444 -0.309772 -0.595103 -0.944209 0.324828 0.0543738 -0.219684 0.1498 0.276541 0.949255 0.353515 0.31622 -0.384863 0.867113 0.400795 -0.930002 -0.306262 0.203222 -0.504304 0.187351 -0.87068 -0.45477 0.485867 
1534166562692 0.293242 0.904394 -0.309968 -0.595092 -0.944203 0.324826 0.0544937 -0.219696 0.149969 0.276692 0.949184 0.353546 0.31622 -0.384863 0.867113 0.400795 -0.930002 -0.306262 0.203222 -0.504304 0.187351 -0.87068 -0.45477 0.485867 
1534166562713 0.293176 0.904348 -0.310164 -0.595079 -0.944196 0.324825 0.0546133 -0.219707 0.150138 0.276844 0.949113 0.353577 0.31622 -0.384863 0.867113 0.400795 -0.930002 -0.306262 0.203222 -0.504304 0.187351 -0.87068 -0.45477 0.485867 
1534166562749 0.293407 0.904549 -0.309359 -0.595152 -0.944239 0.324786 0.0541058 -0.219645 0.149417 0.276233 0.949405 0.353431 0.31622 -0.384863 0.867113 0.400795 -0.930002 -0.306262 0.203222 -0.504304 0.187351 -0.87068 -0.45477 0.485867 
1534166562756 0.293344 0.904625 -0.309196 -0.595158 -0.944251 0.324729 0.0542317 -0.219652 0.149464 0.276051 0.949451 0.353401 0.31622 -0.384863 0.867113 0.400795 -0.930002 -0.306262 0.203222 -0.504304 0.187351 -0.87068 -0.45477 0.485867 
1534166562765 0.29328 0.904702 -0.309033 -0.595169 -0.944263 0.324672 0.0543579 -0.219662 0.149512 0.275867 0.949497 0.353369 0.31622 -0.384863 0.867113 0.400795 -0.930002 -0.306262 0.203222 -0.504304 0.187351 -0.87068 -0.45477 0.485867 
1534166562779 0.293216 0.904778 -0.30887 -0.59518 -0.944275 0.324616 0.054484 -0.219671 0.14956 0.275683 0.949542 0.353337 0.31622 -0.384863 0.867113 0.400795 -0.930002 -0.306262 0.203222 -0.504304 0.187351 -0.87068 -0.45477 0.485867 
1534166562913 0.293152 0.904854 -0.308707 -0.595191 -0.944288 0.324559 0.0546101 -0.219681 0.149608 0.275499 0.949588 0.353306 0.31622 -0.384863 0.867113 0.400795 -0.930002 -0.306262 0.203222 -0.504304 0.187351 -0.87068 -0.45477 0.485867 
1534166562929 0.293089 0.904931 -0.308544 -0.595201 -0.9443 0.324503 0.0547361 -0.21969 0.149656 0.275316 0.949634 0.353274 0.31622 -0.384863 0.867113 0.400795 -0.930002 -0.306262 0.203222 -0.504304 0.187351 -0.87068 -0.45477 0.485867 
1534166562946 0.293025 0.905007 -0.308381 -0.595212 -0.944312 0.324446 0.0548623 -0.2197 0.149704 0.275132 0.94968 0.353243 0.31622 -0.384863 0.867113 0.400795 -0.930002 -0.306262 0.203222 -0.504304 0.187351 -0.87068 -0.45477 0.485867 
1534166562963 0.292962 0.905083 -0.308218 -0.595222 -0.944324 0.324389 0.0549883 -0.219709 0.149751 0.274948 0.949725 0.353211 0.31622 -0.384863 0.867113 0.400795 -0.930002 -0.306262 0.203222 -0.504304 0.187351 -0.87068 -0.45477 0.485867 
1534166562998 0.292898 0.905159 -0.308054 -0.595234 -0.944336 0.324332 0.0551145 -0.219719 0.149799 0.274764 0.949771 0.353179 0.31622 -0.384863 0.867113 0.400795 -0.930002 -0.306262 0.203222 -0.504304 0.187351 -0.87068 -0.45477 0.485867 
1534166563036 0.292834 0.905235 -0.307891 -0.595245 -0.944348 0.324276 0.0552405 -0.219728 0.149847 0.27458 0.949817 0.353148 0.31622 -0.384863 0.867113 0.400795 -0.930002 -0.306262 0.203222 -0.504304 0.187351 -0.87068 -0.45477 0.485867 
1534166563069 0.293063 0.904917 -0.308608 -0.595202 -0.944317 0.324465 0.0546632 -0.219679 0.149598 0.275404 0.949617 0.35324 0.31622 -0.384863 0.867113 0.400795 -0.930002 -0.306262 0.203222 -0.504304 0.187351 -0.87068 -0.45477 0.485867 
1534166563080 0.293224 0.904982 -0.308265 -0.595211 -0.94434 0.324463 0.0542718 -0.219648 0.149136 0.275194 0.949751 0.353204 0.31622 -0.384863 0.867113 0.400795 -0.930002 -0.306262 0.203222 -0.504304 0.187351 -0.87068 -0.45477 0.485867 
1534166563096 0.293385 0.905046 -0.307922 -0.595225 -0.944363 0.324462 0.0538801 -0.219619 0.148673 0.274983 0.949885 0.353168 0.31622 -0.384863 0.867113 0.400795 -0.930002 -0.306262 0.203222 -0.504304 0.187351 -0.87068 -0.45477 0.485867 
1534166563113 0.293544 0.905112 -0.307579 -0.595245 -0.944386 0.324459 0.05349 -0.219592 0.148211 0.274772 0.950018 0.353135 0.31622 -0.384863 0.867113 0.400795 -0.930002 -0.306262 0.203222 -0.504304 0.187351 -0.87068 -0.45477 0.485867 
1534166563223 0.293705 0.905176 -0.307236 -0.595259 -0.944409 0.324457 0.0530985 -0.219563 0.147748 0.274561 0.950151 0.353098 0.31622 -0.384863 0.867113 0.400795 -0.930002 -0.306262 0.203222 -0.504304 0.187351 -0.87068 -0.45477 0.485867 
1534166563240 0.293865 0.905241 -0.306892 -0.595273 -0.944431 0.324456 0.0527066 -0.219534 0.147285 0.27435 0.950284 0.353061 0.31622 -0.384863 0.867113 0.400795 -0.930002 -0.306262 0.203222 -0.504304 0.187351 -0.87068 -0.45477 0.485867 
1534166563341 0.294025 0.905305 -0.306549 -0.595286 -0.944454 0.324454 0.0523148 -0.219504 0.146822 0.274139 0.950416 0.353024 0.31622 -0.384863 0.867113 0.400795 -0.930002 -0.306262 0.203222 -0.504304 0.187351 -0.87068 -0.45477 0.485867 
1534166563384 0.294185 0.905369 -0.306206 -0.5953 -0.944476 0.324453 0.0519232 -0.219475 0.146359 0.273929 0.950548 0.352988 0.31622 -0.384863 0.867113 0.400795 -0.930002 -0.306262 0.203222 -0.504304 0.187351 -0.87068 -0.45477 0.485867 
1534166563449 0.294344 0.905434 -0.305862 -0.595313 -0.944498 0.324451 0.0515314 -0.219446 0.145896 0.273718 0.95068 0.352952 0.31622 -0.384863 0.867113 0.400795 -0.930002 -0.306262 0.203222 -0.504304 0.187351 -0.87068 -0.45477 0.485867 
1534166563511 0.294504 0.905498 -0.305518 -0.595327 -0.944519 0.32445 0.0511396 -0.219416 0.145432 0.273507 0.950812 0.352915 0.31622 -0.384863 0.867113 0.400795 -0.930002 -0.306262 0.203222 -0.504304 0.187351 -0.87068 -0.45477 0.485867 
1534166563581 0.294152 0.905404 -0.306136 -0.595354 -0.944527 0.324341 0.0516922 -0.219429 0.146095 0.273948 0.950583 0.352932 0.31622 -0.384863 0.867113 0.400795 -0.930002 -0.306262 0.203222 -0.504304 0.187351 -0.87068 -0.45477 0.485867 
1534166563594 0.294093 0.905414 -0.306163 -0.595346 -0.944508 0.324355 0.0519406 -0.219448 0.146333 0.273898 0.950561 0.352949 0.31622 -0.384863 0.867113 0.400795 -0.930002 -0.306262 0.203222 -0.504304 0.187351 -0.87068 -0.45477 0.485867 
1534166563611 0.294033 0.905424 -0.30619 -0.595338 -0.94449 0.324369 0.0521897 -0.219469 0.146572 0.273847 0.950539 0.352965 0.31622 -0.384863 0.867113 0.400795 -0.930002 -0.306262 0.203222 -0.504304 0.187351 -0.87068 -0.45477 0.485867 
1534166563627 0.293973 0.905435 -0.306216 -0.595331 -0.944472 0.324382 0.052439 -0.219491 0.146811 0.273797 0.950517 0.35298 0.31622 -0.384863 0.867113 0.400795 -0.930002 -0.306262 0.203222 -0.504304 0.187351 -0.87068 -0.45477 0.485867 
1534166563644 0.293913 0.905445 -0.306243 -0.595323 -0.944453 0.324395 0.052688 -0.219512 0.14705 0.273746 0.950494 0.352996 0.31622 -0.384863 0.867113 0.400795 -0.930002 -0.306262 0.203222 -0.504304 0.187351 -0.87068 -0.45477 0.485867 
1534166563693 0.293852 0.905456 -0.306269 -0.595316 -0.944435 0.324408 0.0529374 -0.219535 0.147289 0.273696 0.950472 0.353011 0.31622 -0.384863 0.867113 0.400795 -0.930002 -0.306262 0.203222 -0.504304 0.187351 -0.87068 -0.45477 0.485867 
1534166563716 0.293792 0.905466 -0.306296 -0.595309 -0.944416 0.324422 0.0531864 -0.219556 0.147528 0.273645 0.950449 0.353027 0.31622 -0.384863 0.867113 0.400795 -0.930002 -0.306262 0.203222 -0.504304 0.187351 -0.87068 -0.45477 0.485867 
1534166563740 0.293732 0.905477 -0.306322 -0.595302 -0.944397 0.324435 0.0534358 -0.219578 0.147767 0.273594 0.950427 0.353042 0.31622 -0.384863 0.867113 0.400795 -0.930002 -0.306262 0.203222 -0.504304 0.187351 -0.87068 -0.45477 0.485867 
1534166563757 0.293672 0.905487 -0.306349 -0.595295 -0.944379 0.324448 0.0536849 -0.2196 0.148005 0.273544 0.950404 0.353058 0.31622 -0.384863 0.867113 0.400795 -0.930002 -0.306262 0.203222 -0.504304 0.187351 -0.87068 -0.45477 0.485867 
1534166563773 0.293611 0.905498 -0.306375 -0.595289 -0.94436 0.324461 0.0539342 -0.219622 0.148244 0.273493 0.950382 0.353073 0.31622 -0.384863 0.867113 0.400795 -0.930002 -0.306262 0.203222 -0.504304 0.187351 -0.87068 -0.45477 0.485867 
1534166563798 0.293913 0.90545 -0.306227 -0.595314 -0.944462 0.324377 0.0526332 -0.219527 0.14699 0.273751 0.950502 0.353001 0.31622 -0.384863 0.867113 0.400795 -0.930002 -0.306262 0.203222 -0.504304 0.187351 -0.87068 -0.45477 0.485867 
1534166563810 0.293873 0.905439 -0.306299 -0.59531 -0.944463 0.324366 0.0526956 -0.219527 0.147066 0.273802 0.950476 0.352996 0.31622 -0.384863 0.867113 0.400795 -0.930002 -0.306262 0.203222 -0.504304 0.187351 -0.87068 -0.45477 0.485867 
1534166563827 0.293834 0.905427 -0.306372 -0.5953 -0.944463 0.324354 0.0527581 -0.219527 0.147142 0.273855 0.950449 0.352992 0.31622 -0.384863 0.867113 0.400795 -0.930002 -0.306262 0.203222 -0.504304 0.187351 -0.87068 -0.45477 0.485867 
1534166563843 0.293795 0.905415 -0.306444 -0.595291 -0.944464 0.324343 0.0528205 -0.219527 0.147218 0.273907 0.950422 0.352988 0.31622 -0.384863 0.867113 0.400795 -0.930002 -0.306262 0.203222 -0.504304 0.187351 -0.87068 -0.45477 0.485867 
1534166563860 0.293756 0.905403 -0.306517 -0.595282 -0.944464 0.324332 0.0528829 -0.219527 0.147294 0.273959 0.950395 0.352984 0.31622 -0.384863 0.867113 0.400795 -0.930002 -0.306262 0.203222 -0.504304 0.187351 -0.87068 -0.45477 0.485867 
1534166563877 0.293717 0.905391 -0.306589 -0.595274 -0.944464 0.324321 0.0529453 -0.219527 0.147369 0.274011 0.950368 0.35298 0.31622 -0.384863 0.867113 0.400795 -0.930002 -0.306262 0.203222 -0.504304 0.187351 -0.87068 -0.45477 0.485867 
1534166563894 0.293678 0.90538 -0.306662 -0.595264 -0.944465 0.32431 0.0530075 -0.219526 0.147445 0.274064 0.950341 0.352977 0.31622 -0.384863 0.867113 0.400795 -0.930002 -0.306262 0.203222 -0.504304 0.187351 -0.87068 -0.45477 0.485867 
1534166563910 0.293638 0.905368 -0.306734 -0.595256 -0.944465 0.324299 0.0530699 -0.219526 0.147521 0.274116 0.950315 0.352973 0.31622 -0.384863 0.867113 0.400795 -0.930002 -0.306262 0.203222 -0.504304 0.187351 -0.87068 -0.45477 0.485867 
1534166563927 0.293599 0.905356 -0.306807 -0.595246 -0.944465 0.324288 0.0531322 -0.219525 0.147597 0.274169 0.950288 0.352969 0.31622 -0.384863 0.867113 0.400795 -0.930002 -0.306262 0.203222 -0.504304 0.187351 -0.87068 -0.45477 0.485867 
1534166563944 0.29356 0.905344 -0.306879 -0.595237 -0.944466 0.324276 0.0531946 -0.219524 0.147673 0.274221 0.950261 0.352965 0.31622 -0.384863 0.867113 0.400795 -0.930002 -0.306262 0.203222 -0.504304 0.187351 -0.87068 -0.45477 0.485867 
1534166563971 0.293749 0.905443 -0.306406 -0.595282 -0.944395 0.324451 0.0533808 -0.219619 0.147747 0.273688 0.950403 0.353043 0.31622 -0.384863 0.867113 0.400795 -0.930002 -0.306262 0.203222 -0.504304 0.187351 -0.87068 -0.45477 0.485867 
1534166563984 0.293678 0.905411 -0.30657 -0.595271 -0.944365 0.324489 0.0536808 -0.219634 0.148082 0.273749 0.950333 0.353062 0.31622 -0.384863 0.867113 0.400795 -0.930002 -0.306262 0.203222 -0.504304 0.187351 -0.87068 -0.45477 0.485867 
1534166564000 0.293605 0.905379 -0.306734 -0.595254 -0.944335 0.324526 0.0539819 -0.21965 0.148417 0.27381 0.950263 0.353082 0.31622 -0.384863 0.867113 0.400795 -0.930002 -0.306262 0.203222 -0.504304 0.187351 -0.87068 -0.45477 0.485867 
1534166564017 0.293532 0.905347 -0.306897 -0.595237 -0.944305 0.324564 0.0542828 -0.219665 0.148752 0.273871 0.950193 0.353101 0.31622 -0.384863 0.867113 0.400795 -0.930002 -0.306262 0.203222 -0.504304 0.187351 -0.87068 -0.45477 0.485867 
1534166564024 0.293459 0.905315 -0.307061 -0.59522 -0.944275 0.324601 0.0545835 -0.21968 0.149088 0.273932 0.950123 0.353121 0.31622 -0.384863 0.867113 0.400795 -0.930002 -0.306262 0.203222 -0.504304 0.187351 -0.87068 -0.45477 0.485867 
1534166564037 0.293386 0.905283 -0.307225 -0.595204 -0.944244 0.324639 0.0548844 -0.219696 0.149423 0.273993 0.950053 0.35314 0.31622 -0.384863 0.867113 0.400795 -0.930002 -0.306262 0.203222 -0.504304 0.187351 -0.87068 -0.45477 0.485867 
1534166564077 0.293314 0.905251 -0.307388 -0.595187 -0.944214 0.324677 0.0551851 -0.21971 0.149758 0.274054 0.949983 0.35316 0.31622 -0.384863 0.867113 0.400795 -0.930002 -0.306262 0.203222 -0.504304 0.187351 -0.87068 -0.45477 0.485867 
1534166564100 0.293241 0.905219 -0.307552 -0.595171 -0.944183 0.324714 0.0554859 -0.219725 0.150093 0.274115 0.949912 0.35318 0.31622 -0.384863 0.867113 0.400795 -0.930002 -0.306262 0.203222 -0.504304 0.187351 -0.87068 -0.45477 0.485867 
1534166564117 0.293168 0.905187 -0.307716 -0.595153 -0.944152 0.324752 0.0557865 -0.21974 0.150429 0.274176 0.949841 0.3532 0.31622 -0.384863 0.867113 0.400795 -0.930002 -0.306262 0.203222 -0.504304 0.187351 -0.87068 -0.45477 0.485867 
1534166564134 0.293095 0.905155 -0.307879 -0.595137 -0.944122 0.32479 0.0560872 -0.219755 0.150764 0.274237 0.949771 0.353219 0.31622 -0.384863 0.867113 0.400795 -0.930002 -0.306262 0.203222 -0.504304 0.187351 -0.87068 -0.45477 0.485867 
1534166564158 0.293427 0.905345 -0.307003 -0.595254 -0.944312 0.324518 0.0544419 -0.219647 0.148917 0.273932 0.95015 0.353093 0.31622 -0.384863 0.867113 0.400795 -0.930002 -0.306262 0.203222 -0.504304 0.187351 -0.87068 -0.45477 0.485867 
1534166564170 0.29337 0.905308 -0.307168 -0.595238 -0.944306 0.324516 0.0545505 -0.219649 0.149066 0.274057 0.950091 0.353088 0.31622 -0.384863 0.867113 0.400795 -0.930002 -0.306262 0.203222 -0.504304 0.187351 -0.87068 -0.45477 0.485867 
1534166564187 0.293312 0.90527 -0.307334 -0.595219 -0.9443 0.324514 0.0546584 -0.219651 0.149215 0.274184 0.950031 0.353084 0.31622 -0.384863 0.867113 0.400795 -0.930002 -0.306262 0.203222 -0.504304 0.187351 -0.87068 -0.45477 0.485867 
1534166564204 0.293255 0.905232 -0.307501 -0.595197 -0.944294 0.324513 0.0547661 -0.219651 0.149364 0.274311 0.94997 0.35308 0.31622 -0.384863 0.867113 0.400795 -0.930002 -0.306262 0.203222 -0.504304 0.187351 -0.87068 -0.45477 0.485867 
1534166564220 0.293197 0.905194 -0.307668 -0.595179 -0.944289 0.324511 0.054874 -0.219653 0.149513 0.274438 0.94991 0.353076 0.31622 -0.384863 0.867113 0.400795 -0.930002 -0.306262 0.203222 -0.504304 0.187351 -0.87068 -0.45477 0.485867 
1534166564237 0.29314 0.905156 -0.307834 -0.595158 -0.944283 0.32451 0.0549817 -0.219653 0.149662 0.274565 0.94985 0.353072 0.31622 -0.384863 0.867113 0.400795 -0.930002 -0.306262 0.203222 -0.504304 0.187351 -0.87068 -0.45477 0.485867 
1534166564254 0.293082 0.905118 -0.308001 -0.595139 -0.944277 0.324509 0.0550896 -0.219655 0.149811 0.274692 0.94979 0.353068 0.31622 -0.384863 0.867113 0.400795 -0.930002 -0.306262 0.203222 -0.504304 0.187351 -0.87068 -0.45477 0.485867 
1534166564270 0.293025 0.90508 -0.308167 -0.595118 -0.944271 0.324507 0.0551973 -0.219655 0.149961 0.274819 0.949729 0.353064 0.31622 -0.384863 0.867113 0.400795 -0.930002 -0.306262 0.203222 -0.504304 0.187351 -0.87068 -0.45477 0.485867 
