1534172670920 0.407065 0.911016 -0.0659346 -0.547573 -0.903874 0.412166 0.11459 -0.213762 0.131569 0.0129511 0.991222 0.354948 0.16008 -0.304787 0.938871 0.370831 -0.775623 0.549475 0.310623 -0.528794 -0.61056 -0.777934 -0.14844 0.432481 
1534172670933 0.399447 0.915351 -0.0507419 -0.554284 -0.907305 0.40265 0.121122 -0.21322 0.1313 -0.00234325 0.99134 0.352323 0.316223 -0.384865 0.867111 0.400804 -0.930002 -0.306261 0.203225 -0.504321 0.187348 -0.87068 -0.454772 0.485875 
1534172672314 0.391821 0.919357 -0.0354799 -0.560799 -0.910655 0.39303 0.127416 -0.212564 0.131085 -0.0176143 0.991215 0.349443 0.316223 -0.384865 0.867111 0.400804 -0.930002 -0.306261 0.203225 -0.504321 0.187348 -0.87068 -0.454772 0.485875 
1534172672942 0.38416 0.923047 -0.0201566 -0.567311 -0.913926 0.38328 0.133549 -0.211907 0.130997 -0.0328823 0.990837 0.346562 0.316223 -0.384865 0.867111 0.400804 -0.930002 -0.306261 0.203225 -0.504321 0.187348 -0.87068 -0.454772 0.485875 
1534172673591 0.376464 0.926419 -0.00477747 -0.573822 -0.917117 0.373404 0.139518 -0.211249 0.131036 -0.048142 0.990208 0.343678 0.316223 -0.384865 0.867111 0.400804 -0.930002 -0.306261 0.203225 -0.504321 0.187348 -0.87068 -0.454772 0.485875 
1534172674229 0.368737 0.929473 0.0106522 -0.580329 -0.920228 0.363404 0.145321 -0.21059 0.131201 -0.0633879 0.989327 0.340791 0.316223 -0.384865 0.867111 0.400804 -0.930002 -0.306261 0.203225 -0.504321 0.187348 -0.87068 -0.454772 0.485875 
1534172674873 0.360982 0.932207 0.0261271 -0.586832 -0.923256 0.353285 0.150957 -0.20993 0.131493 -0.0786147 0.988195 0.337902 0.316223 -0.384865 0.867111 0.400804 -0.930002 -0.306261 0.203225 -0.504321 0.187348 -0.87068 -0.454772 0.485875 
1534172675521 0.353202 0.93462 0.0416415 -0.593329 -0.926201 0.343051 0.156422 -0.209267 0.13191 -0.093817 0.986812 0.335007 0.316223 -0.384865 0.867111 0.400804 -0.930002 -0.306261 0.203225 -0.504321 0.187348 -0.87068 -0.454772 0.485875 
1534172676177 0.345398 0.936712 0.0571899 -0.599818 -0.929062 0.332704 0.161716 -0.208601 0.132454 -0.108989 0.985179 0.332108 0.316223 -0.384865 0.867111 0.400804 -0.930002 -0.306261 0.203225 -0.504321 0.187348 -0.87068 -0.454772 0.485875 
1534172676847 0.337597 0.938487 0.0726021 -0.60582 -0.931803 0.322276 0.166978 -0.207788 0.133309 -0.124022 0.983284 0.330074 0.316334 -0.384956 0.867031 0.401168 -0.929993 -0.306204 0.203353 -0.504979 0.187206 -0.87066 -0.454869 0.486184 
1534172677519 0.338159 0.93837 0.0714807 -0.605682 -0.931563 0.32299 0.166934 -0.207905 0.133559 -0.123039 0.983374 0.330124 0.316334 -0.384956 0.867031 0.401168 -0.929993 -0.306204 0.203353 -0.504979 0.187206 -0.87066 -0.454869 0.486184 
1534172677531 0.337319 0.938543 0.0731686 -0.606384 -0.931864 0.321866 0.167427 -0.207838 0.133586 -0.124659 0.983166 0.32973 0.31622 -0.384863 0.867113 0.400795 -0.930002 -0.306262 0.203222 -0.504304 0.187351 -0.87068 -0.454769 0.485867 
1534172677861 0.33648 0.938711 0.0748566 -0.607083 -0.932163 0.320743 0.167915 -0.20777 0.133614 -0.126279 0.982955 0.329332 0.31622 -0.384863 0.867113 0.400795 -0.930002 -0.306262 0.203222 -0.504304 0.187351 -0.87068 -0.454769 0.485867 
1534172678089 0.33564 0.938875 0.0765448 -0.60778 -0.932462 0.319618 0.168402 -0.207701 0.133643 -0.127897 0.982742 0.328933 0.31622 -0.384863 0.867113 0.400795 -0.930002 -0.306262 0.203222 -0.504304 0.187351 -0.87068 -0.454769 0.485867 
1534172678318 0.3348 0.939036 0.0782331 -0.608478 -0.93276 0.318492 0.168886 -0.207633 0.133674 -0.129516 0.982526 0.328534 0.31622 -0.384863 0.867113 0.400795 -0.930002 -0.306262 0.203222 -0.504304 0.187351 -0.87068 -0.454769 0.485867 
1534172678548 0.333959 0.939193 0.0799217 -0.609176 -0.933056 0.317365 0.169369 -0.207564 0.133706 -0.131134 0.982307 0.328136 0.31622 -0.384863 0.867113 0.400795 -0.930002 -0.306262 0.203222 -0.504304 0.187351 -0.87068 -0.454769 0.485867 
1534172678555 0.333119 0.939346 0.08161 -0.609871 -0.933352 0.316237 0.16985 -0.207495 0.13374 -0.132751 0.982085 0.327739 0.31622 -0.384863 0.867113 0.400795 -0.930002 -0.306262 0.203222 -0.504304 0.187351 -0.87068 -0.454769 0.485867 
1534172678886 0.332278 0.939496 0.0832984 -0.610563 -0.933646 0.315108 0.170327 -0.207424 0.133774 -0.134367 0.98186 0.327337 0.31622 -0.384863 0.867113 0.400795 -0.930002 -0.306262 0.203222 -0.504304 0.187351 -0.87068 -0.454769 0.485867 
1534172679112 0.331437 0.939642 0.0849875 -0.61126 -0.93394 0.313977 0.170804 -0.207355 0.13381 -0.135984 0.981633 0.326938 0.31622 -0.384863 0.867113 0.400795 -0.930002 -0.306262 0.203222 -0.504304 0.187351 -0.87068 -0.454769 0.485867 
1534172679345 0.330596 0.939784 0.086677 -0.611959 -0.934233 0.312846 0.171278 -0.207287 0.133848 -0.1376 0.981403 0.32654 0.31622 -0.384863 0.867113 0.400795 -0.930002 -0.306262 0.203222 -0.504304 0.187351 -0.87068 -0.454769 0.485867 
1534172679597 0.331123 0.939653 0.0860822 -0.611766 -0.934061 0.313482 0.171051 -0.207409 0.133743 -0.137045 0.981494 0.326584 0.31622 -0.384863 0.867113 0.400795 -0.930002 -0.306262 0.203222 -0.504304 0.187351 -0.87068 -0.454769 0.485867 
1534172679607 0.330766 0.939795 0.0858979 -0.611783 -0.93423 0.313212 0.170622 -0.20741 0.133445 -0.136684 0.981585 0.326538 0.31622 -0.384863 0.867113 0.400795 -0.930002 -0.306262 0.203222 -0.504304 0.187351 -0.87068 -0.454769 0.485867 
1534172679624 0.330409 0.939938 0.0857148 -0.611809 -0.934399 0.312942 0.170192 -0.207417 0.133146 -0.136325 0.981676 0.326494 0.31622 -0.384863 0.867113 0.400795 -0.930002 -0.306262 0.203222 -0.504304 0.187351 -0.87068 -0.454769 0.485867 
1534172679630 0.330052 0.94008 0.0855313 -0.611831 -0.934568 0.312672 0.169761 -0.207421 0.132846 -0.135965 0.981766 0.326445 0.31622 -0.384863 0.867113 0.400795 -0.930002 -0.306262 0.203222 -0.504304 0.187351 -0.87068 -0.454769 0.485867 
1534172679741 0.329696 0.940222 0.0853474 -0.611851 -0.934737 0.312401 0.169331 -0.207424 0.132546 -0.135605 0.981857 0.326397 0.31622 -0.384863 0.867113 0.400795 -0.930002 -0.306262 0.203222 -0.504304 0.187351 -0.87068 -0.454769 0.485867 
1534172679772 0.329339 0.940363 0.0851634 -0.611871 -0.934905 0.312131 0.1689 -0.207428 0.132246 -0.135245 0.981947 0.32635 0.31622 -0.384863 0.867113 0.400795 -0.930002 -0.306262 0.203222 -0.504304 0.187351 -0.87068 -0.45477 0.485867 
1534172679839 0.328983 0.940505 0.0849791 -0.611892 -0.935073 0.31186 0.16847 -0.207431 0.131945 -0.134885 0.982037 0.326302 0.31622 -0.384863 0.867113 0.400795 -0.930002 -0.306262 0.203222 -0.504304 0.187351 -0.87068 -0.45477 0.485867 
1534172679892 0.328626 0.940646 0.0847947 -0.611912 -0.93524 0.31159 0.168039 -0.207434 0.131644 -0.134525 0.982127 0.326254 0.31622 -0.384863 0.867113 0.400795 -0.930002 -0.306262 0.203222 -0.504304 0.187351 -0.87068 -0.45477 0.485867 
1534172679945 0.32827 0.940787 0.0846101 -0.611932 -0.935408 0.311319 0.167609 -0.207438 0.131343 -0.134166 0.982216 0.326206 0.31622 -0.384863 0.867113 0.400795 -0.930002 -0.306262 0.203222 -0.504304 0.187351 -0.87068 -0.45477 0.485867 
1534172679984 0.327913 0.940928 0.0844253 -0.611952 -0.935575 0.311048 0.167178 -0.207441 0.131043 -0.133806 0.982305 0.326159 0.31622 -0.384863 0.867113 0.400795 -0.930002 -0.306262 0.203222 -0.504304 0.187351 -0.87068 -0.45477 0.485867 
1534172680071 0.32888 0.940566 0.0846958 -0.611908 -0.93516 0.311863 0.16798 -0.207531 0.131583 -0.134449 0.982145 0.326277 0.31622 -0.384863 0.867113 0.400795 -0.930002 -0.306262 0.203222 -0.504304 0.187351 -0.87068 -0.45477 0.485867 
1534172680085 0.32858 0.940655 0.0848777 -0.611876 -0.935382 0.311658 0.16712 -0.207523 0.130749 -0.134305 0.982276 0.326226 0.31622 -0.384863 0.867113 0.400795 -0.930002 -0.306262 0.203222 -0.504304 0.187351 -0.87068 -0.45477 0.485867 
1534172680100 0.32828 0.940743 0.0850586 -0.61184 -0.935604 0.311454 0.16626 -0.207514 0.129916 -0.134161 0.982407 0.32617 0.31622 -0.384863 0.867113 0.400795 -0.930002 -0.306262 0.203222 -0.504304 0.187351 -0.87068 -0.45477 0.485867 
1534172680116 0.32798 0.940831 0.0852393 -0.611805 -0.935824 0.31125 0.1654 -0.207505 0.129082 -0.134017 0.982536 0.326115 0.31622 -0.384863 0.867113 0.400795 -0.930002 -0.306262 0.203222 -0.504304 0.187351 -0.87068 -0.45477 0.485867 
1534172680250 0.32768 0.940919 0.0854196 -0.611769 -0.936044 0.311045 0.164539 -0.207495 0.128249 -0.133873 0.982665 0.326059 0.31622 -0.384863 0.867113 0.400795 -0.930002 -0.306262 0.203222 -0.504304 0.187351 -0.87068 -0.45477 0.485867 
1534172680312 0.32738 0.941007 0.0855997 -0.611733 -0.936263 0.31084 0.163679 -0.207486 0.127415 -0.133729 0.982793 0.326003 0.31622 -0.384863 0.867113 0.400795 -0.930002 -0.306262 0.203222 -0.504304 0.187351 -0.87068 -0.45477 0.485867 
1534172680319 0.32708 0.941095 0.0857796 -0.611697 -0.936481 0.310635 0.162818 -0.207476 0.126581 -0.133585 0.98292 0.325948 0.31622 -0.384863 0.867113 0.400795 -0.930002 -0.306262 0.203222 -0.504304 0.187351 -0.87068 -0.45477 0.485867 
1534172680466 0.326779 0.941183 0.0859591 -0.611661 -0.936698 0.31043 0.161957 -0.207467 0.125747 -0.133442 0.983047 0.325893 0.31622 -0.384863 0.867113 0.400795 -0.930002 -0.306262 0.203222 -0.504304 0.187351 -0.87068 -0.45477 0.485867 
1534172680533 0.326479 0.941271 0.0861384 -0.611625 -0.936914 0.310225 0.161096 -0.207457 0.124912 -0.133299 0.983173 0.325837 0.31622 -0.384863 0.867113 0.400795 -0.930002 -0.306262 0.203222 -0.504304 0.187351 -0.87068 -0.45477 0.485867 
1534172680634 0.326178 0.941359 0.0863174 -0.611589 -0.93713 0.31002 0.160234 -0.207448 0.124078 -0.133156 0.983298 0.325781 0.31622 -0.384863 0.867113 0.400795 -0.930002 -0.306262 0.203222 -0.504304 0.187351 -0.87068 -0.45477 0.485867 
1534172680701 0.326628 0.941221 0.08612 -0.611623 -0.936856 0.310367 0.161161 -0.20756 0.124959 -0.133322 0.983164 0.32587 0.31622 -0.384863 0.867113 0.400795 -0.930002 -0.306262 0.203222 -0.504304 0.187351 -0.87068 -0.45477 0.485867 
1534172680713 0.326186 0.94139 0.0859553 -0.611556 -0.936998 0.309952 0.161133 -0.207695 0.125047 -0.133099 0.983183 0.325865 0.31622 -0.384863 0.867113 0.400795 -0.930002 -0.306262 0.203222 -0.504304 0.187351 -0.87068 -0.45477 0.485867 
1534172680730 0.325743 0.941558 0.08579 -0.611483 -0.937141 0.309536 0.161105 -0.20783 0.125135 -0.132876 0.983201 0.32586 0.31622 -0.384863 0.867113 0.400795 -0.930002 -0.306262 0.203222 -0.504304 0.187351 -0.87068 -0.45477 0.485867 
1534172680856 0.3253 0.941726 0.0856246 -0.611411 -0.937283 0.30912 0.161078 -0.207964 0.125223 -0.132653 0.98322 0.325856 0.31622 -0.384863 0.867113 0.400795 -0.930002 -0.306262 0.203222 -0.504304 0.187351 -0.87068 -0.45477 0.485867 
1534172680881 0.324857 0.941894 0.0854591 -0.611339 -0.937425 0.308704 0.161051 -0.208098 0.125311 -0.13243 0.983239 0.325851 0.31622 -0.384863 0.867113 0.400795 -0.930002 -0.306262 0.203222 -0.504304 0.187351 -0.87068 -0.45477 0.485867 
1534172680977 0.324415 0.942062 0.0852936 -0.611265 -0.937566 0.308288 0.161023 -0.208232 0.125399 -0.132207 0.983258 0.325847 0.31622 -0.384863 0.867113 0.400795 -0.930002 -0.306262 0.203222 -0.504304 0.187351 -0.87068 -0.45477 0.485867 
1534172681017 0.323972 0.942229 0.0851279 -0.611192 -0.937708 0.307871 0.160996 -0.208365 0.125487 -0.131983 0.983277 0.325843 0.31622 -0.384863 0.867113 0.400795 -0.930002 -0.306262 0.203222 -0.504304 0.187351 -0.87068 -0.45477 0.485867 
1534172681085 0.323529 0.942396 0.0849625 -0.61112 -0.937849 0.307455 0.160969 -0.2085 0.125574 -0.13176 0.983296 0.325838 0.31622 -0.384863 0.867113 0.400795 -0.930002 -0.306262 0.203222 -0.504304 0.187351 -0.87068 -0.45477 0.485867 
1534172681133 0.323085 0.942563 0.0847968 -0.611047 -0.93799 0.307039 0.160942 -0.208633 0.125662 -0.131536 0.983314 0.325834 0.31622 -0.384863 0.867113 0.400795 -0.930002 -0.306262 0.203222 -0.504304 0.187351 -0.87068 -0.45477 0.485867 
1534172681194 0.322642 0.94273 0.0846313 -0.610975 -0.938131 0.306622 0.160915 -0.208767 0.125749 -0.131313 0.983333 0.32583 0.31622 -0.384863 0.867113 0.400795 -0.930002 -0.306262 0.203222 -0.504304 0.187351 -0.87068 -0.45477 0.485867 
1534172681265 0.323483 0.942426 0.0848018 -0.611088 -0.937856 0.307429 0.160976 -0.208596 0.125637 -0.131605 0.983308 0.325797 0.31622 -0.384863 0.867113 0.400795 -0.930002 -0.306262 0.203222 -0.504304 0.187351 -0.87068 -0.45477 0.485867 
1534172681281 0.322992 0.942665 0.0840217 -0.610941 -0.937933 0.306987 0.161372 -0.208847 0.126326 -0.130928 0.98331 0.325761 0.31622 -0.384863 0.867113 0.400795 -0.930002 -0.306262 0.203222 -0.504304 0.187351 -0.87068 -0.45477 0.485867 
1534172681295 0.3225 0.942902 0.083241 -0.610787 -0.938009 0.306545 0.161768 -0.209097 0.127015 -0.130251 0.983312 0.325725 0.31622 -0.384863 0.867113 0.400795 -0.930002 -0.306262 0.203222 -0.504304 0.187351 -0.87068 -0.45477 0.485867 
1534172681414 0.322008 0.943139 0.0824607 -0.610635 -0.938085 0.306103 0.162166 -0.209346 0.127703 -0.129574 0.983312 0.32569 0.31622 -0.384863 0.867113 0.400795 -0.930002 -0.306262 0.203222 -0.504304 0.187351 -0.87068 -0.45477 0.485867 
1534172681489 0.321515 0.943375 0.0816805 -0.610482 -0.93816 0.305662 0.162563 -0.209596 0.128391 -0.128896 0.983312 0.325655 0.31622 -0.384863 0.867113 0.400795 -0.930002 -0.306262 0.203222 -0.504304 0.187351 -0.87068 -0.45477 0.485867 
1534172681567 0.321021 0.94361 0.0809003 -0.610329 -0.938235 0.305221 0.162961 -0.209845 0.129079 -0.128217 0.98331 0.32562 0.31622 -0.384863 0.867113 0.400795 -0.930002 -0.306262 0.203222 -0.504304 0.187351 -0.87068 -0.45477 0.485867 
1534172681641 0.320527 0.943845 0.0801206 -0.610177 -0.938309 0.304779 0.163359 -0.210095 0.129766 -0.127539 0.983308 0.325584 0.31622 -0.384863 0.867113 0.400795 -0.930002 -0.306262 0.203222 -0.504304 0.187351 -0.87068 -0.45477 0.485867 
1534172681647 0.320032 0.944079 0.0793407 -0.610023 -0.938382 0.304339 0.163757 -0.210344 0.130453 -0.126859 0.983305 0.325549 0.31622 -0.384863 0.867113 0.400795 -0.930002 -0.306262 0.203222 -0.504304 0.187351 -0.87068 -0.45477 0.485867 
1534172681789 0.319536 0.944312 0.0785612 -0.609871 -0.938456 0.303898 0.164156 -0.210593 0.13114 -0.12618 0.983301 0.325514 0.31622 -0.384863 0.867113 0.400795 -0.930002 -0.306262 0.203222 -0.504304 0.187351 -0.87068 -0.45477 0.485867 
1534172681841 0.31904 0.944544 0.0777816 -0.609717 -0.938528 0.303457 0.164555 -0.210843 0.131826 -0.1255 0.983296 0.325479 0.31622 -0.384863 0.867113 0.400795 -0.930002 -0.306262 0.203222 -0.504304 0.187351 -0.87068 -0.45477 0.485867 
1534172681973 0.319362 0.944368 0.0785971 -0.609855 -0.938493 0.3037 0.164309 -0.210604 0.131298 -0.126237 0.983273 0.325559 0.31622 -0.384863 0.867113 0.400795 -0.930002 -0.306262 0.203222 -0.504304 0.187351 -0.87068 -0.45477 0.485867 
1534172681984 0.319126 0.944461 0.0784402 -0.609624 -0.938494 0.303421 0.164817 -0.210738 0.131863 -0.126213 0.9832 0.325387 0.31622 -0.384863 0.867113 0.400795 -0.930002 -0.306262 0.203222 -0.504304 0.187351 -0.87068 -0.45477 0.485867 
1534172682000 0.31889 0.944554 0.0782821 -0.609386 -0.938495 0.303142 0.165325 -0.210871 0.132427 -0.126188 0.983127 0.325216 0.31622 -0.384863 0.867113 0.400795 -0.930002 -0.306262 0.203222 -0.504304 0.187351 -0.87068 -0.45477 0.485867 
1534172682019 0.318653 0.944646 0.0781243 -0.60915 -0.938495 0.302864 0.165832 -0.211003 0.132992 -0.126162 0.983055 0.325045 0.31622 -0.384863 0.867113 0.400795 -0.930002 -0.306262 0.203222 -0.504304 0.187351 -0.87068 -0.45477 0.485867 
1534172682158 0.318417 0.944739 0.0779666 -0.608914 -0.938495 0.302585 0.166341 -0.211136 0.133557 -0.126137 0.982981 0.324877 0.31622 -0.384863 0.867113 0.400795 -0.930002 -0.306262 0.203222 -0.504304 0.187351 -0.87068 -0.45477 0.485867 
1534172682209 0.31818 0.944832 0.0778086 -0.608676 -0.938495 0.302306 0.166849 -0.211268 0.134122 -0.126111 0.982908 0.324709 0.31622 -0.384863 0.867113 0.400795 -0.930002 -0.306262 0.203222 -0.504304 0.187351 -0.87068 -0.45477 0.485867 
1534172682309 0.317944 0.944924 0.077651 -0.608438 -0.938494 0.302028 0.167356 -0.2114 0.134686 -0.126085 0.982834 0.324538 0.31622 -0.384863 0.867113 0.400795 -0.930002 -0.306262 0.203222 -0.504304 0.187351 -0.87068 -0.45477 0.485867 
1534172682375 0.317707 0.945017 0.0774936 -0.608202 -0.938493 0.301749 0.167864 -0.211533 0.135251 -0.126059 0.98276 0.324368 0.31622 -0.384863 0.867113 0.400795 -0.930002 -0.306262 0.203222 -0.504304 0.187351 -0.87068 -0.45477 0.485867 
1534172682381 0.317471 0.945109 0.0773364 -0.607964 -0.938492 0.30147 0.168372 -0.211665 0.135815 -0.126033 0.982685 0.324197 0.31622 -0.384863 0.867113 0.400795 -0.930002 -0.306262 0.203222 -0.504304 0.187351 -0.87068 -0.45477 0.485867 
1534172682516 0.317234 0.945202 0.0771792 -0.607727 -0.93849 0.301191 0.168879 -0.211797 0.136379 -0.126006 0.98261 0.324026 0.31622 -0.384863 0.867113 0.400795 -0.930002 -0.306262 0.203222 -0.504304 0.187351 -0.87068 -0.45477 0.485867 
1534172682603 0.317395 0.945148 0.0771692 -0.608009 -0.938522 0.30143 0.168276 -0.211614 0.135785 -0.125835 0.982715 0.324165 0.31622 -0.384863 0.867113 0.400795 -0.930002 -0.306262 0.203222 -0.504304 0.187351 -0.87068 -0.45477 0.485867 
1534172682615 0.317172 0.945204 0.0774088 -0.607802 -0.93858 0.301154 0.168445 -0.211623 0.135903 -0.12608 0.982667 0.324015 0.31622 -0.384863 0.867113 0.400795 -0.930002 -0.306262 0.203222 -0.504304 0.187351 -0.87068 -0.45477 0.485867 
1534172682632 0.316948 0.945259 0.0776489 -0.607591 -0.938639 0.300878 0.168612 -0.21163 0.13602 -0.126326 0.982619 0.323861 0.31622 -0.384863 0.867113 0.400795 -0.930002 -0.306262 0.203222 -0.504304 0.187351 -0.87068 -0.45477 0.485867 
1534172682671 0.316725 0.945314 0.077889 -0.60738 -0.938697 0.300602 0.16878 -0.211637 0.136136 -0.126571 0.982571 0.323707 0.31622 -0.384863 0.867113 0.400795 -0.930002 -0.306262 0.203222 -0.504304 0.187351 -0.87068 -0.45477 0.485867 
1534172682677 0.316502 0.945369 0.0781291 -0.607168 -0.938755 0.300326 0.168947 -0.211644 0.136253 -0.126816 0.982524 0.323553 0.31622 -0.384863 0.867113 0.400795 -0.930002 -0.306262 0.203222 -0.504304 0.187351 -0.87068 -0.45477 0.485867 
1534172682807 0.316279 0.945424 0.0783692 -0.606957 -0.938814 0.300049 0.169114 -0.211651 0.136369 -0.127061 0.982476 0.323399 0.31622 -0.384863 0.867113 0.400795 -0.930002 -0.306262 0.203222 -0.504304 0.187351 -0.87068 -0.45477 0.485867 
1534172682845 0.316056 0.945478 0.0786094 -0.606745 -0.938872 0.299773 0.169281 -0.211658 0.136486 -0.127306 0.982428 0.323244 0.31622 -0.384863 0.867113 0.400795 -0.930002 -0.306262 0.203222 -0.504304 0.187351 -0.87068 -0.45477 0.485867 
1534172682942 0.315833 0.945533 0.0788496 -0.606534 -0.93893 0.299497 0.169448 -0.211665 0.136603 -0.127551 0.98238 0.32309 0.31622 -0.384863 0.867113 0.400795 -0.930002 -0.306262 0.203222 -0.504304 0.187351 -0.87068 -0.45477 0.485867 
1534172682985 0.31561 0.945587 0.0790899 -0.606323 -0.938988 0.29922 0.169614 -0.211672 0.13672 -0.127796 0.982332 0.322936 0.31622 -0.384863 0.867113 0.400795 -0.930002 -0.306262 0.203222 -0.504304 0.187351 -0.87068 -0.45477 0.485867 
1534172683082 0.315387 0.945642 0.0793302 -0.606111 -0.939046 0.298944 0.169781 -0.21168 0.136837 -0.128041 0.982284 0.322782 0.31622 -0.384863 0.867113 0.400795 -0.930002 -0.306262 0.203222 -0.504304 0.187351 -0.87068 -0.45477 0.485867 
1534172683158 0.315674 0.945587 0.0788374 -0.606424 -0.938968 0.29933 0.169533 -0.211688 0.13671 -0.127543 0.982366 0.322928 0.31622 -0.384863 0.867113 0.400795 -0.930002 -0.306262 0.203222 -0.504304 0.187351 -0.87068 -0.45477 0.485867 
1534172683172 0.315589 0.945566 0.079425 -0.606301 -0.93902 0.299164 0.169536 -0.21169 0.136546 -0.128085 0.982318 0.322811 0.31622 -0.384863 0.867113 0.400795 -0.930002 -0.306262 0.203222 -0.504304 0.187351 -0.87068 -0.45477 0.485867 
1534172683179 0.315504 0.945545 0.0800131 -0.606173 -0.939073 0.298998 0.169536 -0.21169 0.136381 -0.128628 0.98227 0.322689 0.31622 -0.384863 0.867113 0.400795 -0.930002 -0.306262 0.203222 -0.504304 0.187351 -0.87068 -0.45477 0.485867 
1534172683235 0.315419 0.945523 0.0806012 -0.606046 -0.939125 0.298832 0.169537 -0.211691 0.136215 -0.12917 0.982222 0.322567 0.31622 -0.384863 0.867113 0.400795 -0.930002 -0.306262 0.203222 -0.504304 0.187351 -0.87068 -0.45477 0.485867 
1534172683333 0.315333 0.945502 0.0811892 -0.605919 -0.939178 0.298666 0.169538 -0.211691 0.13605 -0.129712 0.982174 0.322446 0.31622 -0.384863 0.867113 0.400795 -0.930002 -0.306262 0.203222 -0.504304 0.187351 -0.87068 -0.45477 0.485867 
1534172683385 0.315248 0.945479 0.0817772 -0.605791 -0.939231 0.2985 0.169538 -0.211691 0.135884 -0.130254 0.982125 0.322324 0.31622 -0.384863 0.867113 0.400795 -0.930002 -0.306262 0.203222 -0.504304 0.187351 -0.87068 -0.45477 0.485867 
1534172683482 0.315162 0.945457 0.0823652 -0.605664 -0.939283 0.298334 0.169539 -0.211691 0.135719 -0.130796 0.982076 0.322203 0.31622 -0.384863 0.867113 0.400795 -0.930002 -0.306262 0.203222 -0.504304 0.187351 -0.87068 -0.45477 0.485867 
1534172683541 0.315076 0.945434 0.0829532 -0.605536 -0.939336 0.298168 0.169539 -0.211692 0.135554 -0.131339 0.982026 0.322081 0.31622 -0.384863 0.867113 0.400795 -0.930002 -0.306262 0.203222 -0.504304 0.187351 -0.87068 -0.45477 0.485867 
1534172683627 0.31499 0.945411 0.0835411 -0.605409 -0.939389 0.298003 0.169539 -0.211692 0.135389 -0.131881 0.981976 0.321959 0.31622 -0.384863 0.867113 0.400795 -0.930002 -0.306262 0.203222 -0.504304 0.187351 -0.87068 -0.45477 0.485867 
1534172683694 0.314904 0.945387 0.084129 -0.605282 -0.939441 0.297837 0.169539 -0.211692 0.135224 -0.132423 0.981926 0.321838 0.31622 -0.384863 0.867113 0.400795 -0.930002 -0.306262 0.203222 -0.504304 0.187351 -0.87068 -0.45477 0.485867 
1534172683813 0.314958 0.945424 0.0835138 -0.605408 -0.939411 0.297986 0.169445 -0.211647 0.135312 -0.131822 0.981995 0.321944 0.31622 -0.384863 0.867113 0.400795 -0.930002 -0.306262 0.203222 -0.504304 0.187351 -0.87068 -0.45477 0.485867 
1534172683827 0.314861 0.945466 0.0834029 -0.605269 -0.939424 0.297894 0.169531 -0.211661 0.135441 -0.13173 0.981989 0.32188 0.31622 -0.384863 0.867113 0.400795 -0.930002 -0.306262 0.203222 -0.504304 0.187351 -0.87068 -0.45477 0.485867 
1534172683841 0.314764 0.945509 0.0832909 -0.605124 -0.939438 0.297801 0.169617 -0.211673 0.13557 -0.131636 0.981984 0.321813 0.31622 -0.384863 0.867113 0.400795 -0.930002 -0.306262 0.203222 -0.504304 0.187351 -0.87068 -0.45477 0.485867 
1534172683858 0.314667 0.945551 0.0831789 -0.60498 -0.939452 0.297709 0.169703 -0.211685 0.1357 -0.131542 0.981979 0.321745 0.31622 -0.384863 0.867113 0.400795 -0.930002 -0.306262 0.203222 -0.504304 0.187351 -0.87068 -0.45477 0.485867 
1534172683968 0.314569 0.945593 0.0830669 -0.604836 -0.939466 0.297616 0.169789 -0.211698 0.135829 -0.131449 0.981973 0.321677 0.31622 -0.384863 0.867113 0.400795 -0.930002 -0.306262 0.203222 -0.504304 0.187351 -0.87068 -0.45477 0.485867 
1534172683999 0.314472 0.945635 0.082955 -0.604692 -0.93948 0.297523 0.169875 -0.21171 0.135958 -0.131355 0.981968 0.32161 0.31622 -0.384863 0.867113 0.400795 -0.930002 -0.306262 0.203222 -0.504304 0.187351 -0.87068 -0.45477 0.485867 
1534172684043 0.314375 0.945677 0.082843 -0.604547 -0.939494 0.297431 0.16996 -0.211722 0.136087 -0.131262 0.981963 0.321542 0.31622 -0.384863 0.867113 0.400795 -0.930002 -0.306262 0.203222 -0.504304 0.187351 -0.87068 -0.45477 0.485867 
1534172684114 0.314278 0.945719 0.0827311 -0.604403 -0.939508 0.297338 0.170046 -0.211734 0.136217 -0.131168 0.981957 0.321474 0.31622 -0.384863 0.867113 0.400795 -0.930002 -0.306262 0.203222 -0.504304 0.187351 -0.87068 -0.45477 0.485867 
1534172684156 0.314181 0.945761 0.0826191 -0.604259 -0.939521 0.297245 0.170132 -0.211746 0.136346 -0.131075 0.981952 0.321406 0.31622 -0.384863 0.867113 0.400795 -0.930002 -0.306262 0.203222 -0.504304 0.187351 -0.87068 -0.45477 0.485867 
1534172684206 0.314083 0.945803 0.0825072 -0.604115 -0.939535 0.297153 0.170218 -0.211758 0.136475 -0.130981 0.981946 0.321339 0.31622 -0.384863 0.867113 0.400795 -0.930002 -0.306262 0.203222 -0.504304 0.187351 -0.87068 -0.45477 0.485867 
1534172684281 0.314089 0.945796 0.0825742 -0.604423 -0.939552 0.297164 0.170104 -0.211634 0.136345 -0.131011 0.98196 0.321394 0.31622 -0.384863 0.867113 0.400795 -0.930002 -0.306262 0.203222 -0.504304 0.187351 -0.87068 -0.45477 0.485867 
1534172684293 0.313953 0.945889 0.082021 -0.604272 -0.93952 0.297058 0.170464 -0.211664 0.136875 -0.130578 0.981944 0.321345 0.31622 -0.384863 0.867113 0.400795 -0.930002 -0.306262 0.203222 -0.504304 0.187351 -0.87068 -0.45477 0.485867 
1534172684308 0.313818 0.945982 0.0814677 -0.604114 -0.939488 0.296953 0.170823 -0.211692 0.137403 -0.130145 0.981928 0.321292 0.31622 -0.384863 0.867113 0.400795 -0.930002 -0.306262 0.203222 -0.504304 0.187351 -0.87068 -0.45477 0.485867 
1534172684325 0.313682 0.946074 0.0809143 -0.603956 -0.939456 0.296848 0.171182 -0.21172 0.137931 -0.129712 0.981911 0.321239 0.31622 -0.384863 0.867113 0.400795 -0.930002 -0.306262 0.203222 -0.504304 0.187351 -0.87068 -0.45477 0.485867 
1534172684552 0.313546 0.946166 0.0803611 -0.603799 -0.939424 0.296742 0.17154 -0.211748 0.138459 -0.129279 0.981894 0.321187 0.31622 -0.384863 0.867113 0.400795 -0.930002 -0.306262 0.203222 -0.504304 0.187351 -0.87068 -0.45477 0.485867 
1534172684591 0.31341 0.946258 0.0798079 -0.603642 -0.939392 0.296637 0.171899 -0.211775 0.138987 -0.128846 0.981876 0.321134 0.31622 -0.384863 0.867113 0.400795 -0.930002 -0.306262 0.203222 -0.504304 0.187351 -0.87068 -0.45477 0.485867 
1534172684689 0.313273 0.94635 0.0792547 -0.603484 -0.939359 0.296533 0.172258 -0.211803 0.139515 -0.128412 0.981858 0.321081 0.31622 -0.384863 0.867113 0.400795 -0.930002 -0.306262 0.203222 -0.504304 0.187351 -0.87068 -0.45477 0.485867 
1534172684742 0.313136 0.946442 0.0787016 -0.603327 -0.939326 0.296428 0.172617 -0.211831 0.140042 -0.127979 0.98184 0.321028 0.31622 -0.384863 0.867113 0.400795 -0.930002 -0.306262 0.203222 -0.504304 0.187351 -0.87068 -0.45477 0.485867 
1534172684829 0.312999 0.946533 0.0781484 -0.60317 -0.939293 0.296323 0.172975 -0.211859 0.14057 -0.127545 0.981821 0.320976 0.31622 -0.384863 0.867113 0.400795 -0.930002 -0.306262 0.203222 -0.504304 0.187351 -0.87068 -0.45477 0.485867 
1534172684887 0.312861 0.946624 0.0775954 -0.603013 -0.93926 0.296219 0.173334 -0.211887 0.141097 -0.127112 0.981802 0.320923 0.31622 -0.384863 0.867113 0.400795 -0.930002 -0.306262 0.203222 -0.504304 0.187351 -0.87068 -0.45477 0.485867 
1534172684986 0.313097 0.946483 0.0783533 -0.603201 -0.939317 0.296434 0.172657 -0.211925 0.14019 -0.127657 0.981861 0.320978 0.31622 -0.384863 0.867113 0.400795 -0.930002 -0.306262 0.203222 -0.504304 0.187351 -0.87068 -0.45477 0.485867 
1534172684997 0.312971 0.946555 0.0779884 -0.603104 -0.93937 0.296387 0.172451 -0.211895 0.140119 -0.127232 0.981926 0.320951 0.31622 -0.384863 0.867113 0.400795 -0.930002 -0.306262 0.203222 -0.504304 0.187351 -0.87068 -0.45477 0.485867 
1534172685014 0.312845 0.946627 0.0776236 -0.603003 -0.939423 0.296341 0.172243 -0.211864 0.140046 -0.126807 0.981991 0.320921 0.31622 -0.384863 0.867113 0.400795 -0.930002 -0.306262 0.203222 -0.504304 0.187351 -0.87068 -0.45477 0.485867 
1534172685020 0.312719 0.946698 0.0772588 -0.602902 -0.939475 0.296294 0.172035 -0.211833 0.139974 -0.126381 0.982057 0.32089 0.31622 -0.384863 0.867113 0.400795 -0.930002 -0.306262 0.203222 -0.504304 0.187351 -0.87068 -0.45477 0.485867 
1534172685147 0.312593 0.94677 0.0768939 -0.602801 -0.939528 0.296247 0.171827 -0.211802 0.139901 -0.125956 0.982122 0.32086 0.31622 -0.384863 0.867113 0.400795 -0.930002 -0.306262 0.203222 -0.504304 0.187351 -0.87068 -0.45477 0.485867 
1534172685191 0.312467 0.946841 0.076529 -0.602699 -0.939581 0.2962 0.171619 -0.21177 0.139828 -0.12553 0.982186 0.320829 0.31622 -0.384863 0.867113 0.400795 -0.930002 -0.306262 0.203222 -0.504304 0.187351 -0.87068 -0.45477 0.485867 
1534172685249 0.312341 0.946912 0.076164 -0.602598 -0.939634 0.296153 0.171411 -0.211739 0.139755 -0.125105 0.982251 0.320799 0.31622 -0.384863 0.867113 0.400795 -0.930002 -0.306262 0.203222 -0.504304 0.187351 -0.87068 -0.45477 0.485867 
1534172685313 0.312215 0.946983 0.075799 -0.602496 -0.939686 0.296106 0.171203 -0.211708 0.139682 -0.12468 0.982316 0.320768 0.31622 -0.384863 0.867113 0.400795 -0.930002 -0.306262 0.203222 -0.504304 0.187351 -0.87068 -0.45477 0.485867 
1534172685377 0.312089 0.947053 0.0754341 -0.602396 -0.939739 0.296059 0.170995 -0.211676 0.139609 -0.124254 0.98238 0.320738 0.31622 -0.384863 0.867113 0.400795 -0.930002 -0.306262 0.203222 -0.504304 0.187351 -0.87068 -0.45477 0.485867 
1534172685440 0.311963 0.947124 0.075069 -0.602294 -0.939792 0.296012 0.170787 -0.211645 0.139536 -0.123829 0.982444 0.320707 0.31622 -0.384863 0.867113 0.400795 -0.930002 -0.306262 0.203222 -0.504304 0.187351 -0.87068 -0.45477 0.485867 
1534172685510 0.311983 0.94707 0.0756614 -0.602482 -0.939781 0.29592 0.171005 -0.211625 0.139564 -0.124456 0.982361 0.320729 0.31622 -0.384863 0.867113 0.400795 -0.930002 -0.306262 0.203222 -0.504304 0.187351 -0.87068 -0.45477 0.485867 
1534172685523 0.311923 0.947112 0.0753901 -0.602401 -0.939757 0.295871 0.171224 -0.211658 0.139862 -0.124257 0.982343 0.320688 0.31622 -0.384863 0.867113 0.400795 -0.930002 -0.306262 0.203222 -0.504304 0.187351 -0.87068 -0.45477 0.485867 
1534172685540 0.311865 0.947152 0.0751194 -0.602314 -0.939732 0.295824 0.171442 -0.211688 0.14016 -0.124059 0.982326 0.320643 0.31622 -0.384863 0.867113 0.400795 -0.930002 -0.306262 0.203222 -0.504304 0.187351 -0.87068 -0.45477 0.485867 
1534172685556 0.311806 0.947193 0.0748488 -0.602227 -0.939707 0.295777 0.17166 -0.211719 0.140457 -0.123861 0.982309 0.320599 0.31622 -0.384863 0.867113 0.400795 -0.930002 -0.306262 0.203222 -0.504304 0.187351 -0.87068 -0.45477 0.485867 
1534172685573 0.311747 0.947234 0.0745781 -0.60214 -0.939682 0.295729 0.171878 -0.211749 0.140754 -0.123662 0.982291 0.320554 0.31622 -0.384863 0.867113 0.400795 -0.930002 -0.306262 0.203222 -0.504304 0.187351 -0.87068 -0.45477 0.485867 
1534172685590 0.311688 0.947274 0.0743076 -0.602053 -0.939657 0.295682 0.172097 -0.211779 0.141051 -0.123464 0.982273 0.32051 0.31622 -0.384863 0.867113 0.400795 -0.930002 -0.306262 0.203222 -0.504304 0.187351 -0.87068 -0.45477 0.485867 
1534172685652 0.311629 0.947315 0.074037 -0.601967 -0.939632 0.295635 0.172315 -0.21181 0.141348 -0.123266 0.982256 0.320465 0.31622 -0.384863 0.867113 0.400795 -0.930002 -0.306262 0.203222 -0.504304 0.187351 -0.87068 -0.45477 0.485867 
1534172685705 0.31157 0.947355 0.0737664 -0.60188 -0.939606 0.295588 0.172533 -0.21184 0.141646 -0.123068 0.982238 0.320421 0.31622 -0.384863 0.867113 0.400795 -0.930002 -0.306262 0.203222 -0.504304 0.187351 -0.87068 -0.45477 0.485867 
1534172685729 0.311511 0.947396 0.0734959 -0.601793 -0.939581 0.29554 0.172751 -0.211871 0.141943 -0.122869 0.98222 0.320376 0.31622 -0.384863 0.867113 0.400795 -0.930002 -0.306262 0.203222 -0.504304 0.187351 -0.87068 -0.45477 0.485867 
1534172685737 0.311452 0.947436 0.0732253 -0.601706 -0.939556 0.295493 0.172969 -0.211901 0.14224 -0.122671 0.982201 0.320331 0.31622 -0.384863 0.867113 0.400795 -0.930002 -0.306262 0.203222 -0.504304 0.187351 -0.87068 -0.45477 0.485867 
1534172685808 0.311697 0.947296 0.0739967 -0.601938 -0.939625 0.295722 0.1722 -0.211879 0.141242 -0.123203 0.982279 0.320464 0.31622 -0.384863 0.867113 0.400795 -0.930002 -0.306262 0.203222 -0.504304 0.187351 -0.87068 -0.45477 0.485867 
1534172685821 0.311649 0.947286 0.0743267 -0.601896 -0.939637 0.295612 0.172327 -0.211896 0.141271 -0.123546 0.982232 0.320384 0.31622 -0.384863 0.867113 0.400795 -0.930002 -0.306262 0.203222 -0.504304 0.187351 -0.87068 -0.45477 0.485867 
1534172685828 0.311602 0.947275 0.074656 -0.601852 -0.939648 0.295502 0.172452 -0.211912 0.141299 -0.123887 0.982185 0.320301 0.31622 -0.384863 0.867113 0.400795 -0.930002 -0.306262 0.203222 -0.504304 0.187351 -0.87068 -0.45477 0.485867 
1534172685976 0.311554 0.947265 0.0749853 -0.601807 -0.93966 0.295392 0.172578 -0.211927 0.141327 -0.124228 0.982138 0.320217 0.31622 -0.384863 0.867113 0.400795 -0.930002 -0.306262 0.203222 -0.504304 0.187351 -0.87068 -0.45477 0.485867 
1534172685997 0.311507 0.947255 0.0753145 -0.601762 -0.939671 0.295282 0.172703 -0.211943 0.141355 -0.124569 0.98209 0.320133 0.31622 -0.384863 0.867113 0.400795 -0.930002 -0.306262 0.203222 -0.504304 0.187351 -0.87068 -0.45477 0.485867 
1534172686042 0.311459 0.947244 0.0756438 -0.601718 -0.939683 0.295171 0.172828 -0.211958 0.141383 -0.12491 0.982043 0.320049 0.31622 -0.384863 0.867113 0.400795 -0.930002 -0.306262 0.203222 -0.504304 0.187351 -0.87068 -0.45477 0.485867 
1534172686119 0.311411 0.947233 0.075973 -0.601673 -0.939695 0.295061 0.172954 -0.211974 0.141411 -0.125251 0.981995 0.319965 0.31622 -0.384863 0.867113 0.400795 -0.930002 -0.306262 0.203222 -0.504304 0.187351 -0.87068 -0.45477 0.485867 
1534172686145 0.311364 0.947223 0.0763023 -0.601629 -0.939706 0.294951 0.173079 -0.21199 0.141439 -0.125592 0.981948 0.319881 0.31622 -0.384863 0.867113 0.400795 -0.930002 -0.306262 0.203222 -0.504304 0.187351 -0.87068 -0.45477 0.485867 
1534172686152 0.311316 0.947212 0.0766315 -0.601584 -0.939718 0.294841 0.173204 -0.212005 0.141467 -0.125933 0.9819 0.319797 0.31622 -0.384863 0.867113 0.400795 -0.930002 -0.306262 0.203222 -0.504304 0.187351 -0.87068 -0.45477 0.485867 
1534172686252 0.311269 0.9472 0.0769608 -0.601539 -0.939729 0.29473 0.173329 -0.212021 0.141495 -0.126274 0.981852 0.319713 0.31622 -0.384863 0.867113 0.400795 -0.930002 -0.306262 0.203222 -0.504304 0.187351 -0.87068 -0.45477 0.485867 
1534172686306 0.311312 0.947237 0.0763353 -0.60163 -0.939744 0.294913 0.172936 -0.21192 0.141299 -0.125573 0.98197 0.319834 0.31622 -0.384863 0.867113 0.400795 -0.930002 -0.306262 0.203222 -0.504304 0.187351 -0.87068 -0.45477 0.485867 
1534172686320 0.311202 0.947244 0.0766907 -0.601612 -0.93974 0.294705 0.173311 -0.211955 0.141566 -0.126004 0.981877 0.319809 0.31622 -0.384863 0.867113 0.400795 -0.930002 -0.306262 0.203222 -0.504304 0.187351 -0.87068 -0.45477 0.485867 
1534172686335 0.311093 0.947251 0.0770457 -0.601599 -0.939736 0.294498 0.173685 -0.211992 0.141833 -0.126435 0.981783 0.319782 0.31622 -0.384863 0.867113 0.400795 -0.930002 -0.306262 0.203222 -0.504304 0.187351 -0.87068 -0.45477 0.485867 
1534172686352 0.310983 0.947258 0.077401 -0.601587 -0.939732 0.29429 0.174059 -0.21203 0.1421 -0.126866 0.981689 0.319756 0.31622 -0.384863 0.867113 0.400795 -0.930002 -0.306262 0.203222 -0.504304 0.187351 -0.87068 -0.45477 0.485867 
1534172686369 0.310874 0.947265 0.0777562 -0.601574 -0.939728 0.294082 0.174433 -0.212067 0.142367 -0.127296 0.981594 0.319729 0.31622 -0.384863 0.867113 0.400795 -0.930002 -0.306262 0.203222 -0.504304 0.187351 -0.87068 -0.45477 0.485867 
1534172686385 0.310765 0.947272 0.0781112 -0.60156 -0.939724 0.293875 0.174807 -0.212104 0.142635 -0.127727 0.981499 0.319703 0.31622 -0.384863 0.867113 0.400795 -0.930002 -0.306262 0.203222 -0.504304 0.187351 -0.87068 -0.45477 0.485867 
1534172686472 0.310656 0.947278 0.0784666 -0.601547 -0.939719 0.293666 0.175181 -0.212141 0.142902 -0.128157 0.981404 0.319676 0.31622 -0.384863 0.867113 0.400795 -0.930002 -0.306262 0.203222 -0.504304 0.187351 -0.87068 -0.45477 0.485867 
1534172686506 0.310547 0.947284 0.0788217 -0.601533 -0.939714 0.293458 0.175554 -0.212178 0.143169 -0.128588 0.981309 0.31965 0.31622 -0.384863 0.867113 0.400795 -0.930002 -0.306262 0.203222 -0.504304 0.187351 -0.87068 -0.45477 0.485867 
1534172686557 0.310438 0.94729 0.0791772 -0.601521 -0.93971 0.293249 0.175928 -0.212216 0.143436 -0.129018 0.981214 0.319623 0.31622 -0.384863 0.867113 0.400795 -0.930002 -0.306262 0.203222 -0.504304 0.187351 -0.87068 -0.45477 0.485867 
1534172686602 0.31033 0.947296 0.0795324 -0.601508 -0.939705 0.293041 0.176301 -0.212253 0.143703 -0.129448 0.981118 0.319597 0.31622 -0.384863 0.867113 0.400795 -0.930002 -0.306262 0.203222 -0.504304 0.187351 -0.87068 -0.45477 0.485867 
1534172686654 0.310784 0.947213 0.0787472 -0.601526 -0.939652 0.293717 0.175455 -0.212248 0.143064 -0.128524 0.981333 0.319704 0.31622 -0.384863 0.867113 0.400795 -0.930002 -0.306262 0.203222 -0.504304 0.187351 -0.87068 -0.45477 0.485867 
1534172686668 0.310658 0.947252 0.0787701 -0.601458 -0.939667 0.293566 0.17563 -0.212274 0.143242 -0.128578 0.9813 0.319652 0.31622 -0.384863 0.867113 0.400795 -0.930002 -0.306262 0.203222 -0.504304 0.187351 -0.87068 -0.45477 0.485867 
1534172686683 0.310532 0.947292 0.0787912 -0.601385 -0.939681 0.293414 0.175804 -0.2123 0.14342 -0.128632 0.981267 0.3196 0.31622 -0.384863 0.867113 0.400795 -0.930002 -0.306262 0.203222 -0.504304 0.187351 -0.87068 -0.45477 0.485867 
1534172686699 0.310406 0.947331 0.0788122 -0.601311 -0.939696 0.293264 0.175979 -0.212324 0.143598 -0.128684 0.981234 0.31955 0.31622 -0.384863 0.867113 0.400795 -0.930002 -0.306262 0.203222 -0.504304 0.187351 -0.87068 -0.45477 0.485867 
1534172686719 0.31028 0.947371 0.0788332 -0.601238 -0.93971 0.293113 0.176153 -0.212349 0.143776 -0.128737 0.981201 0.319498 0.31622 -0.384863 0.867113 0.400795 -0.930002 -0.306262 0.203222 -0.504304 0.187351 -0.87068 -0.45477 0.485867 
1534172686780 0.310154 0.947411 0.0788546 -0.601166 -0.939724 0.292961 0.176328 -0.212374 0.143954 -0.12879 0.981168 0.319447 0.31622 -0.384863 0.867113 0.400795 -0.930002 -0.306262 0.203222 -0.504304 0.187351 -0.87068 -0.45477 0.485867 
1534172686797 0.310028 0.94745 0.0788756 -0.601092 -0.939739 0.29281 0.176502 -0.212398 0.144132 -0.128843 0.981135 0.319396 0.31622 -0.384863 0.867113 0.400795 -0.930002 -0.306262 0.203222 -0.504304 0.187351 -0.87068 -0.45477 0.485867 
1534172686824 0.309902 0.947489 0.0788966 -0.601018 -0.939753 0.292659 0.176677 -0.212423 0.14431 -0.128896 0.981102 0.319345 0.31622 -0.384863 0.867113 0.400795 -0.930002 -0.306262 0.203222 -0.504304 0.187351 -0.87068 -0.45477 0.485867 
1534172686845 0.309775 0.947529 0.0789179 -0.600945 -0.939767 0.292508 0.176851 -0.212448 0.144487 -0.128949 0.981069 0.319294 0.31622 -0.384863 0.867113 0.400795 -0.930002 -0.306262 0.203222 -0.504304 0.187351 -0.87068 -0.45477 0.485867 
1534172686868 0.309649 0.947568 0.0789392 -0.600872 -0.939781 0.292357 0.177026 -0.212473 0.144665 -0.129001 0.981035 0.319243 0.31622 -0.384863 0.867113 0.400795 -0.930002 -0.306262 0.203222 -0.504304 0.187351 -0.87068 -0.45477 0.485867 
1534172686908 0.310149 0.947408 0.0788974 -0.601209 -0.939736 0.292958 0.17627 -0.212333 0.143886 -0.128813 0.981175 0.319555 0.31622 -0.384863 0.867113 0.400795 -0.930002 -0.306262 0.203222 -0.504304 0.187351 -0.87068 -0.45477 0.485867 
1534172686924 0.309916 0.947494 0.0787823 -0.601063 -0.939811 0.292751 0.176215 -0.212352 0.143899 -0.128652 0.981194 0.319451 0.31622 -0.384863 0.867113 0.400795 -0.930002 -0.306262 0.203222 -0.504304 0.187351 -0.87068 -0.45477 0.485867 
1534172686938 0.309684 0.94758 0.0786659 -0.60091 -0.939886 0.292544 0.176161 -0.212369 0.143913 -0.128491 0.981213 0.319348 0.31622 -0.384863 0.867113 0.400795 -0.930002 -0.306262 0.203222 -0.504304 0.187351 -0.87068 -0.45477 0.485867 
1534172686954 0.309451 0.947665 0.0785498 -0.600759 -0.93996 0.292338 0.176107 -0.212386 0.143928 -0.12833 0.981232 0.319246 0.31622 -0.384863 0.867113 0.400795 -0.930002 -0.306262 0.203222 -0.504304 0.187351 -0.87068 -0.45477 0.485867 
1534172687032 0.309219 0.947751 0.078433 -0.600607 -0.940034 0.292131 0.176054 -0.212403 0.143943 -0.128169 0.981251 0.319147 0.31622 -0.384863 0.867113 0.400795 -0.930002 -0.306262 0.203222 -0.504304 0.187351 -0.87068 -0.45477 0.485867 
1534172687039 0.308987 0.947836 0.0783166 -0.600454 -0.940108 0.291925 0.176 -0.212419 0.143957 -0.128008 0.98127 0.319044 0.31622 -0.384863 0.867113 0.400795 -0.930002 -0.306262 0.203222 -0.504304 0.187351 -0.87068 -0.45477 0.485867 
1534172687086 0.308754 0.947922 0.0782003 -0.600303 -0.940183 0.291719 0.175946 -0.212436 0.143971 -0.127847 0.981289 0.318942 0.31622 -0.384863 0.867113 0.400795 -0.930002 -0.306262 0.203222 -0.504304 0.187351 -0.87068 -0.45477 0.485867 
1534172687193 0.308522 0.948007 0.078084 -0.600151 -0.940257 0.291512 0.175892 -0.212453 0.143985 -0.127686 0.981308 0.318839 0.31622 -0.384863 0.867113 0.400795 -0.930002 -0.306262 0.203222 -0.504304 0.187351 -0.87068 -0.45477 0.485867 
