1533669401778 0.112301 0.793478 -0.598148 -0.523342 -0.953359 0.255761 0.160292 -0.234628 0.280171 0.552249 0.785191 0.419896 0.16008 -0.304787 0.938871 0.370831 -0.775623 0.549475 0.310623 -0.528794 -0.61056 -0.777934 -0.14844 0.432481 
1533669401791 0.00449359 0.630631 -0.776069 -0.549624 -0.948591 0.248297 0.196273 -0.195324 0.316472 0.735291 0.599327 0.321493 0.31622 -0.384863 0.867113 0.400795 -0.930002 -0.306262 0.203222 -0.504304 0.187351 -0.87068 -0.454769 0.485867 
1533669401797 -0.108826 0.425661 -0.898315 -0.575905 -0.940002 0.249882 0.232281 -0.156016 0.323346 0.869696 0.372929 0.223094 0.31622 -0.384863 0.867113 0.400795 -0.930002 -0.306262 0.203222 -0.504304 0.187351 -0.87068 -0.45477 0.485867 
