1533674496237 0.275657 0.633204 -0.723233 -0.604483 -0.8825 0.464965 0.0707247 -0.181741 0.381061 0.618757 0.686973 0.426588 0.16008 -0.304787 0.938871 0.370831 -0.775623 0.549475 0.310623 -0.528794 -0.61056 -0.777934 -0.14844 0.432481 
1533674496247 -0.112706 0.955434 -0.272842 -0.620014 -0.986394 -0.0745098 0.146543 -0.25222 0.119683 0.285646 0.950832 0.393611 0.31622 -0.384863 0.867113 0.400795 -0.930002 -0.306262 0.203222 -0.504304 0.187351 -0.87068 -0.45477 0.485867 
1533674496267 -0.0398409 0.998934 -0.0232986 -0.642071 -0.994006 -0.037247 0.102785 -0.249121 0.101808 0.027254 0.994431 0.379574 0.31622 -0.384863 0.867113 0.400795 -0.930002 -0.306262 0.203222 -0.504304 0.187351 -0.87068 -0.45477 0.485867 
1533674496287 0.0261277 0.972972 0.22944 -0.664823 -0.997517 0.0103606 0.0696576 -0.246172 0.0653978 -0.23069 0.970827 0.367125 0.31622 -0.384863 0.867113 0.400795 -0.930002 -0.306262 0.203222 -0.504304 0.187351 -0.87068 -0.45477 0.485867 
1533674496307 0.0804448 0.879065 0.469865 -0.683032 -0.996674 0.0647898 0.0494243 -0.242046 0.0130047 -0.472278 0.881353 0.352893 0.31622 -0.384863 0.867113 0.400795 -0.930002 -0.306262 0.203222 -0.504304 0.187351 -0.87068 -0.45477 0.485867 
1533674496337 0.116524 0.734202 0.668856 -0.657843 -0.991695 0.122926 0.0378318 -0.228419 -0.0544433 -0.66771 0.742428 0.3608 0.31622 -0.384863 0.867113 0.400795 -0.930002 -0.306262 0.203222 -0.504304 0.187352 -0.87068 -0.454769 0.485867 
1533674496357 0.131883 0.543217 0.82917 -0.632552 -0.982895 0.180136 0.0383209 -0.222023 -0.128547 -0.820041 0.557682 0.366514 0.316221 -0.384863 0.867113 0.400795 -0.930002 -0.306262 0.203222 -0.504304 0.187351 -0.87068 -0.45477 0.485867 
1533674496367 0.119966 0.313143 0.942099 -0.609198 -0.971473 0.232564 0.0464045 -0.227814 -0.204567 -0.920791 0.33211 0.361445 0.31622 -0.384863 0.867113 0.400795 -0.930002 -0.306262 0.203222 -0.504304 0.187352 -0.87068 -0.454769 0.485867 
1533674496387 0.0711231 0.0249262 0.997156 -0.592122 -0.959813 0.273794 0.0616154 -0.243942 -0.27148 -0.961465 0.0433975 0.301557 0.31622 -0.384863 0.867113 0.400795 -0.930002 -0.306262 0.203222 -0.504304 0.187351 -0.87068 -0.454769 0.485867 
1533674496414 0.145569 -0.220725 0.964412 -0.596607 -0.93122 0.29864 0.208909 -0.10855 -0.334124 -0.92849 -0.16207 0.350735 0.31622 -0.384863 0.867113 0.400795 -0.930002 -0.306262 0.203222 -0.504304 0.187352 -0.87068 -0.454769 0.485867 
1533674496469 0.145569 -0.220725 0.964412 -0.596607 -0.93122 0.29864 0.208909 -0.10855 -0.334124 -0.92849 -0.16207 0.350735 0.31622 -0.384863 0.867113 0.400795 -0.930002 -0.306262 0.203222 -0.504304 0.187352 -0.87068 -0.454769 0.485867 
1533674496479 0.0993715 -0.44936 0.887807 -0.581729 -0.915405 0.308482 0.258598 -0.102656 -0.390076 -0.8384 -0.380692 0.36666 0.31622 -0.384863 0.867113 0.400795 -0.930002 -0.306262 0.203222 -0.504304 0.187351 -0.87068 -0.454769 0.485867 
1533674496499 0.0993713 -0.449361 0.887807 -0.581729 -0.915404 0.308483 0.258598 -0.102656 -0.390077 -0.838399 -0.380692 0.366661 0.31622 -0.384863 0.867113 0.400795 -0.930002 -0.306262 0.203222 -0.504304 0.187351 -0.87068 -0.454769 0.485867 
1533674496509 0.099371 -0.449361 0.887806 -0.581729 -0.915404 0.308484 0.258598 -0.102656 -0.390078 -0.838399 -0.380692 0.366661 0.31622 -0.384863 0.867113 0.400795 -0.930002 -0.306262 0.203222 -0.504304 0.187351 -0.87068 -0.454769 0.485867 
1533674496519 0.0993708 -0.449361 0.887806 -0.581729 -0.915404 0.308485 0.258598 -0.102656 -0.390079 -0.838398 -0.380692 0.366661 0.31622 -0.384863 0.867113 0.400795 -0.930002 -0.306262 0.203222 -0.504304 0.187351 -0.87068 -0.454769 0.485867 
1533674496529 0.0993705 -0.449361 0.887806 -0.581729 -0.915403 0.308485 0.258599 -0.102656 -0.39008 -0.838398 -0.380692 0.366661 0.31622 -0.384863 0.867113 0.400795 -0.930002 -0.306262 0.203222 -0.504304 0.187351 -0.87068 -0.454769 0.485867 
1533674496539 0.0993703 -0.449361 0.887806 -0.581729 -0.915403 0.308486 0.258599 -0.102656 -0.39008 -0.838398 -0.380692 0.366661 0.31622 -0.384863 0.867113 0.400795 -0.930002 -0.306262 0.203222 -0.504304 0.187351 -0.87068 -0.454769 0.485867 
1533674496549 0.09937 -0.449362 0.887806 -0.581729 -0.915403 0.308487 0.258599 -0.102656 -0.390081 -0.838397 -0.380693 0.366661 0.31622 -0.384863 0.867113 0.400795 -0.930002 -0.306262 0.203222 -0.504304 0.187351 -0.87068 -0.454769 0.485867 
1533674496559 0.0993698 -0.449362 0.887806 -0.581728 -0.915403 0.308488 0.258599 -0.102656 -0.390082 -0.838397 -0.380693 0.366661 0.31622 -0.384863 0.867113 0.400795 -0.930002 -0.306262 0.203222 -0.504304 0.187351 -0.87068 -0.454769 0.485867 
1533674496569 0.0992211 -0.44893 0.888041 -0.581117 -0.915482 0.308535 0.258261 -0.102964 -0.389933 -0.83861 -0.380375 0.367022 0.31622 -0.384863 0.867113 0.400795 -0.930002 -0.306262 0.203222 -0.504304 0.187351 -0.87068 -0.454769 0.485867 
