1535378503896 0.248685 0.927673 -0.27853 -0.637275 -0.938155 0.302212 0.168917 -0.241865 0.240875 0.219297 0.945456 0.374223 0.150203 -0.119397 0.981419 0.381281 -0.978217 0.125917 0.165032 -0.482825 -0.143282 -0.984829 -0.0978831 0.440299 
1535378503902 0.248917 0.927608 -0.278537 -0.637296 -0.937891 0.302619 0.169654 -0.241853 0.241663 0.219008 0.945322 0.374221 0.150244 -0.119494 0.981401 0.38129 -0.978295 0.125319 0.165028 -0.482795 -0.142708 -0.984894 -0.0980718 0.440351 
1535378503909 0.249148 0.927544 -0.278544 -0.637322 -0.937626 0.303024 0.170391 -0.241844 0.242451 0.218718 0.945188 0.374217 0.150287 -0.11959 0.981383 0.3813 -0.978372 0.124721 0.165024 -0.482765 -0.142134 -0.984958 -0.0982599 0.440402 
1535378503932 0.249378 0.927481 -0.278551 -0.637349 -0.937361 0.303429 0.171128 -0.241835 0.243239 0.218427 0.945053 0.374212 0.15033 -0.119687 0.981364 0.381309 -0.978449 0.124122 0.165021 -0.482734 -0.14156 -0.985022 -0.0984485 0.440454 
1535378504056 0.249608 0.927416 -0.278558 -0.637375 -0.937095 0.303834 0.171865 -0.241826 0.244026 0.218136 0.944917 0.374209 0.150373 -0.119783 0.981346 0.381319 -0.978525 0.123524 0.165018 -0.482704 -0.140986 -0.985086 -0.0986364 0.440505 
