1537347369785 0.275657 0.633204 -0.723233 -0.604483 -0.8825 0.464965 0.0707247 -0.181741 0.381061 0.618757 0.686973 0.426588 0.16008 -0.304787 0.938871 0.370831 -0.775623 0.549475 0.310623 -0.528794 -0.61056 -0.777934 -0.14844 0.432481 
1537347369795 -0.178518 0.803663 -0.567677 -0.607668 -0.974935 -0.0666152 0.212282 -0.258404 0.132787 0.591345 0.795411 0.412918 0.316225 -0.384867 0.86711 0.400813 -0.930002 -0.30626 0.203228 -0.504337 0.187345 -0.870679 -0.454774 0.485882 
1537347369818 -0.170972 0.756286 -0.631506 -0.618074 -0.974059 -0.0333006 0.223832 -0.261685 0.148252 0.653393 0.74236 0.418574 0.316225 -0.384867 0.86711 0.400813 -0.930002 -0.30626 0.203228 -0.504337 0.187345 -0.870679 -0.454774 0.485882 
1537347369828 -0.164667 0.703642 -0.691211 -0.628479 -0.972583 0.000843329 0.232556 -0.264966 0.164219 0.710554 0.684211 0.42423 0.316225 -0.384867 0.86711 0.400813 -0.930002 -0.30626 0.203228 -0.504337 0.187345 -0.870679 -0.454774 0.485882 
1537347369838 -0.15965 0.646114 -0.746357 -0.638884 -0.970518 0.0355679 0.23839 -0.268246 0.180574 0.762411 0.621387 0.429887 0.316225 -0.384867 0.86711 0.400813 -0.930002 -0.30626 0.203228 -0.504337 0.187345 -0.870679 -0.454774 0.485882 
1537347369848 -0.155958 0.58412 -0.796543 -0.649286 -0.96788 0.0706211 0.241292 -0.271525 0.197196 0.80859 0.554343 0.435542 0.316225 -0.384867 0.86711 0.400813 -0.930002 -0.30626 0.203228 -0.504337 0.187345 -0.870679 -0.454774 0.485882 
1537347369858 -0.153616 0.518108 -0.841407 -0.659686 -0.964687 0.105748 0.24124 -0.274802 0.213966 0.848753 0.483568 0.441198 0.316225 -0.384867 0.86711 0.400813 -0.930002 -0.30626 0.203228 -0.504337 0.187345 -0.870679 -0.454774 0.485882 
1537347369868 -0.152642 0.448561 -0.880621 -0.670081 -0.960963 0.140695 0.238234 -0.278075 0.230761 0.882609 0.409574 0.446851 0.316225 -0.384867 0.86711 0.400813 -0.930002 -0.30626 0.203228 -0.504337 0.187345 -0.870679 -0.454774 0.485882 
1537347369878 -0.153041 0.375982 -0.913902 -0.680466 -0.956735 0.175208 0.232295 -0.281341 0.247461 0.909912 0.332901 0.452502 0.316225 -0.384867 0.86711 0.400813 -0.930002 -0.30626 0.203228 -0.504337 0.187345 -0.870679 -0.454774 0.485882 
1537347369888 -0.154274 0.301096 -0.941032 -0.688611 -0.952092 0.209229 0.223033 -0.283015 0.264046 0.930357 0.254393 0.457622 0.316379 -0.384993 0.866998 0.401317 -0.929989 -0.306181 0.203405 -0.505249 0.187149 -0.870651 -0.454908 0.48631 
1537347369927 0.275657 0.633204 -0.723233 -0.604483 -0.8825 0.464965 0.0707247 -0.181741 0.381061 0.618757 0.686973 0.426588 0.16008 -0.304787 0.938871 0.370831 -0.775623 0.549475 0.310623 -0.528794 -0.61056 -0.777934 -0.14844 0.432481 
1537347369947 -0.157935 0.22386 -0.96174 -0.701225 -0.946893 0.241932 0.21181 -0.287858 0.280091 0.944116 0.173762 0.463788 0.316223 -0.384865 0.867111 0.400804 -0.930002 -0.306261 0.203225 -0.504321 0.187348 -0.87068 -0.454772 0.485875 
1537347369967 -0.157935 0.22386 -0.96174 -0.701225 -0.946893 0.241931 0.21181 -0.287858 0.280091 0.944116 0.173762 0.463788 0.316223 -0.384865 0.867111 0.400804 -0.930002 -0.306261 0.203225 -0.504321 0.187348 -0.87068 -0.454772 0.485875 
1537347369977 -0.157935 0.22386 -0.96174 -0.701225 -0.946893 0.241931 0.21181 -0.287858 0.280091 0.944117 0.173762 0.463788 0.316223 -0.384865 0.867111 0.400804 -0.930002 -0.306261 0.203225 -0.504321 0.187348 -0.87068 -0.454772 0.485875 
1537347369986 -0.157936 0.22386 -0.96174 -0.701225 -0.946893 0.241931 0.211811 -0.287858 0.28009 0.944117 0.173761 0.463788 0.316223 -0.384865 0.867111 0.400804 -0.930002 -0.306261 0.203225 -0.504321 0.187348 -0.87068 -0.454772 0.485875 
1537347369997 -0.157936 0.223859 -0.96174 -0.701225 -0.946893 0.241931 0.211811 -0.287858 0.28009 0.944117 0.173761 0.463788 0.316223 -0.384865 0.867111 0.400804 -0.930002 -0.306261 0.203225 -0.504321 0.187348 -0.87068 -0.454772 0.485875 
1537347370007 -0.157937 0.223859 -0.96174 -0.701225 -0.946893 0.24193 0.211811 -0.287858 0.28009 0.944117 0.173761 0.463788 0.316223 -0.384865 0.867111 0.400804 -0.930002 -0.306261 0.203225 -0.504321 0.187348 -0.87068 -0.454772 0.485875 
1537347370017 -0.157937 0.223859 -0.96174 -0.701225 -0.946893 0.24193 0.211812 -0.287858 0.28009 0.944117 0.173761 0.463788 0.316223 -0.384865 0.867111 0.400804 -0.930002 -0.306261 0.203225 -0.504321 0.187348 -0.87068 -0.454772 0.485875 
1537347370027 -0.157937 0.223859 -0.96174 -0.701225 -0.946893 0.24193 0.211812 -0.287858 0.280089 0.944117 0.17376 0.463788 0.316223 -0.384865 0.867111 0.400804 -0.930002 -0.306261 0.203225 -0.504321 0.187348 -0.87068 -0.454772 0.485875 
1537347370036 -0.157265 0.224143 -0.961783 -0.698863 -0.946959 0.242142 0.211272 -0.286081 0.280244 0.943995 0.174174 0.463037 0.316334 -0.384956 0.867031 0.401168 -0.929993 -0.306204 0.203353 -0.504979 0.187206 -0.87066 -0.454869 0.486184 
1537347370077 0.275657 0.633204 -0.723233 -0.604483 -0.8825 0.464965 0.0707247 -0.181741 0.381061 0.618757 0.686973 0.426588 0.16008 -0.304787 0.938871 0.370831 -0.775623 0.549475 0.310623 -0.528794 -0.61056 -0.777934 -0.14844 0.432481 
1537347370087 -0.157365 0.223683 -0.961874 -0.701293 -0.947009 0.242002 0.21121 -0.287848 0.280019 0.94414 0.173747 0.463765 0.316223 -0.384865 0.867111 0.400804 -0.930002 -0.306261 0.203225 -0.504321 0.187348 -0.87068 -0.454772 0.485875 
1537347370097 -0.156791 0.223507 -0.962009 -0.701362 -0.947124 0.242074 0.210607 -0.287838 0.27995 0.944163 0.173734 0.463743 0.316223 -0.384865 0.867111 0.400804 -0.930002 -0.306261 0.203225 -0.504321 0.187348 -0.87068 -0.454772 0.485875 
1537347370107 -0.156217 0.223331 -0.962143 -0.701431 -0.94724 0.242147 0.210004 -0.287827 0.27988 0.944186 0.173721 0.46372 0.316223 -0.384865 0.867111 0.400804 -0.930002 -0.306261 0.203225 -0.504321 0.187348 -0.87068 -0.454772 0.485875 
1537347370117 -0.155643 0.223156 -0.962277 -0.701499 -0.947355 0.242219 0.209401 -0.287817 0.279811 0.944209 0.173708 0.463698 0.316223 -0.384865 0.867111 0.400804 -0.930002 -0.306261 0.203225 -0.504321 0.187348 -0.87068 -0.454772 0.485875 
1537347370127 -0.155069 0.22298 -0.96241 -0.701568 -0.947469 0.242291 0.208798 -0.287807 0.279741 0.944232 0.173695 0.463675 0.316223 -0.384865 0.867111 0.400804 -0.930002 -0.306261 0.203225 -0.504321 0.187348 -0.87068 -0.454772 0.485875 
1537347370137 -0.154495 0.222804 -0.962543 -0.701637 -0.947584 0.242363 0.208195 -0.287796 0.279672 0.944255 0.173681 0.463653 0.316223 -0.384865 0.867111 0.400804 -0.930002 -0.306261 0.203225 -0.504321 0.187348 -0.87068 -0.454772 0.485875 
1537347370147 -0.153921 0.222628 -0.962676 -0.701705 -0.947698 0.242435 0.207592 -0.287786 0.279602 0.944278 0.173668 0.46363 0.316223 -0.384865 0.867111 0.400804 -0.930002 -0.306261 0.203225 -0.504321 0.187348 -0.87068 -0.454772 0.485875 
1537347370157 -0.153347 0.222452 -0.962808 -0.701774 -0.947811 0.242507 0.206989 -0.287776 0.279533 0.944302 0.173655 0.463608 0.316223 -0.384865 0.867111 0.400804 -0.930002 -0.306261 0.203225 -0.504321 0.187348 -0.87068 -0.454772 0.485875 
1537347370167 -0.152093 0.222562 -0.962982 -0.699475 -0.947988 0.242793 0.205839 -0.285978 0.279618 0.944202 0.174059 0.462828 0.316334 -0.384956 0.867031 0.401168 -0.929993 -0.306204 0.203353 -0.504979 0.187206 -0.87066 -0.454869 0.486184 
1537347370194 0.275657 0.633204 -0.723233 -0.604483 -0.8825 0.464965 0.0707247 -0.181741 0.381061 0.618757 0.686973 0.426588 0.16008 -0.304787 0.938871 0.370831 -0.775623 0.549475 0.310623 -0.528794 -0.61056 -0.777934 -0.14844 0.432481 
1537347370207 -0.151986 0.222288 -0.963062 -0.701953 -0.948162 0.242343 0.20557 -0.28781 0.279087 0.944382 0.173932 0.463538 0.316223 -0.384865 0.867111 0.400804 -0.930002 -0.306261 0.203225 -0.504321 0.187348 -0.87068 -0.454772 0.485875 
1537347370227 -0.151773 0.222475 -0.963052 -0.701995 -0.948286 0.242036 0.205358 -0.287866 0.27878 0.944417 0.174236 0.463513 0.316223 -0.384865 0.867111 0.400804 -0.930002 -0.306261 0.203225 -0.504321 0.187348 -0.87068 -0.454772 0.485875 
1537347370237 -0.15156 0.222663 -0.963043 -0.702037 -0.94841 0.241728 0.205146 -0.287921 0.278473 0.944452 0.174539 0.463488 0.316223 -0.384865 0.867111 0.400804 -0.930002 -0.306261 0.203225 -0.504321 0.187348 -0.87068 -0.454772 0.485875 
1537347370247 -0.151347 0.222851 -0.963033 -0.702079 -0.948535 0.241421 0.204934 -0.287976 0.278166 0.944486 0.174843 0.463463 0.316223 -0.384865 0.867111 0.400804 -0.930002 -0.306261 0.203225 -0.504321 0.187348 -0.87068 -0.454772 0.485875 
1537347370257 -0.151134 0.223038 -0.963023 -0.702121 -0.948659 0.241114 0.204722 -0.288031 0.277859 0.94452 0.175147 0.463439 0.316223 -0.384865 0.867111 0.400804 -0.930002 -0.306261 0.203225 -0.504321 0.187348 -0.87068 -0.454772 0.485875 
1537347370267 -0.150921 0.223226 -0.963012 -0.702163 -0.948782 0.240806 0.20451 -0.288087 0.277551 0.944554 0.17545 0.463414 0.316223 -0.384865 0.867111 0.400804 -0.930002 -0.306261 0.203225 -0.504321 0.187348 -0.87068 -0.454772 0.485875 
1537347370277 -0.150709 0.223414 -0.963002 -0.702205 -0.948906 0.240499 0.204298 -0.288142 0.277244 0.944588 0.175754 0.463389 0.316223 -0.384865 0.867111 0.400804 -0.930002 -0.306261 0.203225 -0.504321 0.187348 -0.87068 -0.454772 0.485875 
1537347370287 -0.150496 0.223602 -0.962992 -0.702247 -0.94903 0.240192 0.204085 -0.288197 0.276936 0.944622 0.176057 0.463364 0.316223 -0.384865 0.867111 0.400804 -0.930002 -0.306261 0.203225 -0.504321 0.187348 -0.87068 -0.454772 0.485875 
1537347370297 -0.149606 0.224075 -0.963021 -0.699919 -0.949216 0.240099 0.203327 -0.286465 0.276781 0.944533 0.176775 0.462589 0.316334 -0.384956 0.867031 0.401168 -0.929993 -0.306204 0.203353 -0.504979 0.187206 -0.87066 -0.454869 0.486184 
1537347370323 0.275657 0.633204 -0.723233 -0.604483 -0.8825 0.464965 0.0707247 -0.181741 0.381061 0.618757 0.686973 0.426588 0.16008 -0.304787 0.938871 0.370831 -0.775623 0.549475 0.310623 -0.528794 -0.61056 -0.777934 -0.14844 0.432481 
1537347370347 -0.149849 0.224143 -0.962967 -0.702317 -0.949368 0.239387 0.203454 -0.288374 0.276125 0.944698 0.176922 0.463277 0.316223 -0.384865 0.867111 0.400804 -0.930002 -0.306261 0.203225 -0.504321 0.187348 -0.87068 -0.454772 0.485875 
1537347370367 -0.149628 0.224309 -0.962963 -0.702303 -0.94946 0.239198 0.203248 -0.288441 0.275929 0.944706 0.177182 0.46324 0.316223 -0.384865 0.867111 0.400804 -0.930002 -0.306261 0.203225 -0.504321 0.187348 -0.87068 -0.454772 0.485875 
1537347370377 -0.149407 0.224474 -0.962958 -0.70229 -0.949552 0.239008 0.203042 -0.288507 0.275733 0.944715 0.177441 0.463202 0.316223 -0.384865 0.867111 0.400804 -0.930002 -0.306261 0.203225 -0.504321 0.187348 -0.87068 -0.454772 0.485875 
1537347370387 -0.149185 0.22464 -0.962954 -0.702276 -0.949644 0.238819 0.202835 -0.288574 0.275537 0.944723 0.177699 0.463165 0.316223 -0.384865 0.867111 0.400804 -0.930002 -0.306261 0.203225 -0.504321 0.187348 -0.87068 -0.454772 0.485875 
1537347370397 -0.148964 0.224805 -0.96295 -0.702262 -0.949735 0.23863 0.202629 -0.28864 0.27534 0.944732 0.177958 0.463128 0.316223 -0.384865 0.867111 0.400804 -0.930002 -0.306261 0.203225 -0.504321 0.187348 -0.87068 -0.454772 0.485875 
1537347370407 -0.148743 0.224971 -0.962945 -0.702248 -0.949827 0.23844 0.202423 -0.288707 0.275144 0.94474 0.178217 0.46309 0.316223 -0.384865 0.867111 0.400804 -0.930002 -0.306261 0.203225 -0.504321 0.187348 -0.87068 -0.454772 0.485875 
1537347370417 -0.148521 0.225137 -0.962941 -0.702235 -0.949918 0.238251 0.202216 -0.288773 0.274948 0.944749 0.178476 0.463053 0.316223 -0.384865 0.867111 0.400804 -0.930002 -0.306261 0.203225 -0.504321 0.187348 -0.87068 -0.454772 0.485875 
1537347370427 -0.1483 0.225302 -0.962936 -0.702221 -0.95001 0.238062 0.20201 -0.28884 0.274751 0.944757 0.178735 0.463015 0.316223 -0.384865 0.867111 0.400804 -0.930002 -0.306261 0.203225 -0.504321 0.187348 -0.87068 -0.454772 0.485875 
1537347370437 -0.147409 0.225749 -0.962968 -0.699852 -0.950162 0.238086 0.201263 -0.28713 0.274704 0.944644 0.179402 0.462239 0.316334 -0.384956 0.867031 0.401168 -0.929993 -0.306204 0.203353 -0.504979 0.187206 -0.87066 -0.454869 0.486184 
1537347370475 0.275657 0.633204 -0.723233 -0.604483 -0.8825 0.464965 0.0707247 -0.181741 0.381061 0.618757 0.686973 0.426588 0.16008 -0.304787 0.938871 0.370831 -0.775623 0.549475 0.310623 -0.528794 -0.61056 -0.777934 -0.14844 0.432481 
1537347370495 -0.147584 0.22572 -0.962948 -0.702158 -0.95014 0.238041 0.201419 -0.288944 0.274685 0.944662 0.179335 0.462962 0.316223 -0.384865 0.867111 0.400804 -0.930002 -0.306261 0.203225 -0.504321 0.187348 -0.87068 -0.454772 0.485875 
1537347370515 -0.14731 0.225806 -0.96297 -0.702123 -0.950088 0.238399 0.201241 -0.288915 0.275013 0.944551 0.179417 0.462983 0.316223 -0.384865 0.867111 0.400804 -0.930002 -0.306261 0.203225 -0.504321 0.187348 -0.87068 -0.454772 0.485875 
1537347370525 -0.147035 0.225892 -0.962992 -0.702088 -0.950036 0.238757 0.201063 -0.288885 0.27534 0.94444 0.1795 0.463004 0.316223 -0.384865 0.867111 0.400804 -0.930002 -0.306261 0.203225 -0.504321 0.187348 -0.87068 -0.454772 0.485875 
1537347370535 -0.146761 0.225978 -0.963014 -0.702052 -0.949984 0.239115 0.200886 -0.288856 0.275667 0.944329 0.179583 0.463025 0.316223 -0.384865 0.867111 0.400804 -0.930002 -0.306261 0.203225 -0.504321 0.187348 -0.87068 -0.454772 0.485875 
1537347370545 -0.146487 0.226064 -0.963035 -0.702017 -0.949931 0.239473 0.200708 -0.288827 0.275994 0.944218 0.179665 0.463046 0.316223 -0.384865 0.867111 0.400804 -0.930002 -0.306261 0.203225 -0.504321 0.187348 -0.87068 -0.454772 0.485875 
1537347370555 -0.146213 0.22615 -0.963057 -0.701982 -0.949878 0.239831 0.20053 -0.288798 0.276321 0.944107 0.179748 0.463068 0.316223 -0.384865 0.867111 0.400804 -0.930002 -0.306261 0.203225 -0.504321 0.187348 -0.87068 -0.454772 0.485875 
1537347370575 -0.145938 0.226235 -0.963078 -0.701947 -0.949825 0.240189 0.200353 -0.288769 0.276648 0.943995 0.179831 0.463089 0.316223 -0.384865 0.867111 0.400804 -0.930002 -0.306261 0.203225 -0.504321 0.187348 -0.87068 -0.454772 0.485875 
1537347370585 -0.145664 0.226321 -0.9631 -0.701912 -0.949772 0.240547 0.200175 -0.288739 0.276975 0.943883 0.179914 0.46311 0.316223 -0.384865 0.867111 0.400804 -0.930002 -0.306261 0.203225 -0.504321 0.187348 -0.87068 -0.454772 0.485875 
1537347370595 -0.144726 0.226681 -0.963156 -0.699549 -0.949777 0.241117 0.199463 -0.286953 0.277448 0.943651 0.180401 0.4624 0.316334 -0.384956 0.867031 0.401168 -0.929993 -0.306204 0.203353 -0.504979 0.187206 -0.87066 -0.454869 0.486184 
1537347370636 0.275657 0.633204 -0.723233 -0.604483 -0.8825 0.464965 0.0707247 -0.181741 0.381061 0.618757 0.686973 0.426588 0.16008 -0.304787 0.938871 0.370831 -0.775623 0.549475 0.310623 -0.528794 -0.61056 -0.777934 -0.14844 0.432481 
1537347370655 -0.144777 0.226615 -0.963164 -0.701811 -0.949623 0.241621 0.19959 -0.288607 0.277951 0.943539 0.180217 0.463343 0.316223 -0.384865 0.867111 0.400804 -0.930002 -0.306261 0.203225 -0.504321 0.187348 -0.87068 -0.454772 0.485875 
1537347370669 -0.144438 0.226737 -0.963186 -0.701781 -0.94958 0.241979 0.19936 -0.288534 0.278273 0.943417 0.180355 0.463534 0.316223 -0.384865 0.867111 0.400804 -0.930002 -0.306261 0.203225 -0.504321 0.187348 -0.87068 -0.454772 0.485875 
1537347370685 -0.144099 0.22686 -0.963208 -0.70175 -0.949537 0.242336 0.19913 -0.28846 0.278595 0.943296 0.180492 0.463724 0.316223 -0.384865 0.867111 0.400804 -0.930002 -0.306261 0.203225 -0.504321 0.187348 -0.87068 -0.454772 0.485875 
1537347370695 -0.14376 0.226983 -0.96323 -0.70172 -0.949494 0.242694 0.1989 -0.288387 0.278917 0.943175 0.180629 0.463915 0.316223 -0.384865 0.867111 0.400804 -0.930002 -0.306261 0.203225 -0.504321 0.187348 -0.87068 -0.454772 0.485875 
1537347370705 -0.143421 0.227105 -0.963252 -0.70169 -0.949451 0.243051 0.19867 -0.288313 0.279238 0.943053 0.180767 0.464106 0.316223 -0.384865 0.867111 0.400804 -0.930002 -0.306261 0.203225 -0.504321 0.187348 -0.87068 -0.454772 0.485875 
1537347370715 -0.143082 0.227228 -0.963273 -0.70166 -0.949407 0.243409 0.19844 -0.28824 0.27956 0.942931 0.180904 0.464296 0.316223 -0.384865 0.867111 0.400804 -0.930002 -0.306261 0.203225 -0.504321 0.187348 -0.87068 -0.454772 0.485875 
1537347370725 -0.142743 0.22735 -0.963295 -0.701629 -0.949363 0.243766 0.19821 -0.288166 0.279882 0.94281 0.181042 0.464487 0.316223 -0.384865 0.867111 0.400804 -0.930002 -0.306261 0.203225 -0.504321 0.187348 -0.87068 -0.454772 0.485875 
1537347370735 -0.142404 0.227472 -0.963316 -0.701599 -0.949319 0.244124 0.197981 -0.288093 0.280203 0.942688 0.18118 0.464678 0.316223 -0.384865 0.867111 0.400804 -0.930002 -0.306261 0.203225 -0.504321 0.187348 -0.87068 -0.454772 0.485875 
1537347370745 -0.141401 0.227867 -0.96337 -0.699262 -0.949332 0.244692 0.197218 -0.286275 0.280669 0.942445 0.181721 0.464133 0.316334 -0.384956 0.867031 0.401168 -0.929993 -0.306204 0.203353 -0.504979 0.187206 -0.87066 -0.454869 0.486184 
1537347370788 0.275657 0.633204 -0.723233 -0.604483 -0.8825 0.464965 0.0707247 -0.181741 0.381061 0.618757 0.686973 0.426588 0.16008 -0.304787 0.938871 0.370831 -0.775623 0.549475 0.310623 -0.528794 -0.61056 -0.777934 -0.14844 0.432481 
1537347370798 -0.141686 0.227731 -0.963361 -0.701492 -0.949224 0.244886 0.197497 -0.287866 0.28089 0.942427 0.181471 0.465371 0.316223 -0.384865 0.867111 0.400804 -0.930002 -0.306261 0.203225 -0.504321 0.187348 -0.87068 -0.454772 0.485875 
1537347370818 -0.141648 0.227746 -0.963363 -0.701445 -0.949217 0.244934 0.197472 -0.287786 0.280933 0.942411 0.181486 0.465684 0.316223 -0.384865 0.867111 0.400804 -0.930002 -0.306261 0.203225 -0.504321 0.187348 -0.87068 -0.454772 0.485875 
1537347370828 -0.141609 0.22776 -0.963365 -0.701399 -0.94921 0.244981 0.197447 -0.287707 0.280977 0.942396 0.181501 0.465996 0.316223 -0.384865 0.867111 0.400804 -0.930002 -0.306261 0.203225 -0.504321 0.187348 -0.87068 -0.454772 0.485875 
1537347370838 -0.141571 0.227775 -0.963367 -0.701352 -0.949202 0.245029 0.197423 -0.287627 0.281021 0.94238 0.181516 0.466308 0.316223 -0.384865 0.867111 0.400804 -0.930002 -0.306261 0.203225 -0.504321 0.187348 -0.87068 -0.454772 0.485875 
1537347370848 -0.141532 0.22779 -0.963369 -0.701305 -0.949195 0.245076 0.197398 -0.287547 0.281064 0.942364 0.181531 0.46662 0.316223 -0.384865 0.867111 0.400804 -0.930002 -0.306261 0.203225 -0.504321 0.187348 -0.87068 -0.454772 0.485875 
1537347370858 -0.141493 0.227805 -0.963372 -0.701259 -0.949188 0.245124 0.197374 -0.287467 0.281108 0.942348 0.181546 0.466932 0.316223 -0.384865 0.867111 0.400804 -0.930002 -0.306261 0.203225 -0.504321 0.187348 -0.87068 -0.454772 0.485875 
1537347370868 -0.141455 0.227819 -0.963374 -0.701212 -0.949181 0.245171 0.197349 -0.287388 0.281151 0.942332 0.181561 0.467244 0.316223 -0.384865 0.867111 0.400804 -0.930002 -0.306261 0.203225 -0.504321 0.187348 -0.87068 -0.454772 0.485875 
1537347370878 -0.141416 0.227834 -0.963376 -0.701166 -0.949174 0.245219 0.197324 -0.287308 0.281195 0.942316 0.181576 0.467557 0.316223 -0.384865 0.867111 0.400804 -0.930002 -0.306261 0.203225 -0.504321 0.187348 -0.87068 -0.454772 0.485875 
1537347370888 -0.140707 0.228126 -0.963411 -0.698812 -0.949224 0.245478 0.196762 -0.285477 0.281382 0.942178 0.182002 0.467113 0.316334 -0.384956 0.867031 0.401168 -0.929993 -0.306204 0.203353 -0.504979 0.187206 -0.87066 -0.454869 0.486184 
1537347370915 0.275657 0.633204 -0.723233 -0.604483 -0.8825 0.464965 0.0707247 -0.181741 0.381061 0.618757 0.686973 0.426588 0.16008 -0.304787 0.938871 0.370831 -0.775623 0.549475 0.310623 -0.528794 -0.61056 -0.777934 -0.14844 0.432481 
1537347370938 -0.141605 0.227939 -0.963323 -0.700983 -0.949065 0.245432 0.197583 -0.287022 0.281467 0.942235 0.181575 0.468586 0.316223 -0.384865 0.867111 0.400804 -0.930002 -0.306261 0.203225 -0.504321 0.187348 -0.87068 -0.454772 0.485875 
1537347370948 -0.141871 0.228016 -0.963266 -0.700894 -0.94897 0.245551 0.19789 -0.286895 0.281653 0.942186 0.181544 0.468991 0.316223 -0.384865 0.867111 0.400804 -0.930002 -0.306261 0.203225 -0.504321 0.187348 -0.87068 -0.454772 0.485875 
1537347370958 -0.142137 0.228092 -0.963209 -0.700806 -0.948875 0.245669 0.198197 -0.286768 0.281838 0.942136 0.181512 0.469396 0.316223 -0.384865 0.867111 0.400804 -0.930002 -0.306261 0.203225 -0.504321 0.187348 -0.87068 -0.454772 0.485875 
1537347370968 -0.142403 0.228168 -0.963151 -0.700717 -0.94878 0.245788 0.198505 -0.286642 0.282023 0.942087 0.181481 0.4698 0.316223 -0.384865 0.867111 0.400804 -0.930002 -0.306261 0.203225 -0.504321 0.187348 -0.87068 -0.454772 0.485875 
1537347370978 -0.142669 0.228244 -0.963094 -0.700628 -0.948685 0.245906 0.198812 -0.286515 0.282209 0.942037 0.181449 0.470205 0.316223 -0.384865 0.867111 0.400804 -0.930002 -0.306261 0.203225 -0.504321 0.187348 -0.87068 -0.454772 0.485875 
1537347370988 -0.142935 0.228321 -0.963036 -0.700539 -0.94859 0.246025 0.199119 -0.286389 0.282394 0.941988 0.181417 0.47061 0.316223 -0.384865 0.867111 0.400804 -0.930002 -0.306261 0.203225 -0.504321 0.187348 -0.87068 -0.454772 0.485875 
1537347370998 -0.143201 0.228397 -0.962979 -0.70045 -0.948495 0.246143 0.199427 -0.286262 0.282579 0.941939 0.181386 0.471015 0.316223 -0.384865 0.867111 0.400804 -0.930002 -0.306261 0.203225 -0.504321 0.187348 -0.87068 -0.454772 0.485875 
1537347371008 -0.143467 0.228474 -0.962921 -0.700361 -0.948399 0.246262 0.199734 -0.286135 0.282764 0.941889 0.181354 0.47142 0.316223 -0.384865 0.867111 0.400804 -0.930002 -0.306261 0.203225 -0.504321 0.187348 -0.87068 -0.454772 0.485875 
1537347371018 -0.143055 0.228834 -0.962897 -0.697964 -0.948363 0.246592 0.199499 -0.284252 0.283095 0.941715 0.181741 0.471042 0.316334 -0.384956 0.867031 0.401168 -0.929993 -0.306204 0.203353 -0.504979 0.187206 -0.87066 -0.454869 0.486184 
1537347371058 0.275657 0.633204 -0.723233 -0.604483 -0.8825 0.464965 0.0707247 -0.181741 0.381061 0.618757 0.686973 0.426588 0.16008 -0.304787 0.938871 0.370831 -0.775623 0.549475 0.310623 -0.528794 -0.61056 -0.777934 -0.14844 0.432481 
1537347371078 -0.144226 0.228703 -0.962753 -0.700109 -0.948131 0.246582 0.200611 -0.285783 0.283278 0.941749 0.181277 0.472554 0.316223 -0.384865 0.867111 0.400804 -0.930002 -0.306261 0.203225 -0.504321 0.187348 -0.87068 -0.454772 0.485875 
1537347371098 -0.144453 0.22878 -0.962701 -0.700035 -0.948054 0.246666 0.200874 -0.285684 0.283421 0.941709 0.181264 0.472878 0.316223 -0.384865 0.867111 0.400804 -0.930002 -0.306261 0.203225 -0.504321 0.187348 -0.87068 -0.454772 0.485875 
1537347371108 -0.144681 0.228857 -0.962648 -0.699961 -0.947976 0.24675 0.201137 -0.285584 0.283565 0.941668 0.181251 0.473203 0.316223 -0.384865 0.867111 0.400804 -0.930002 -0.306261 0.203225 -0.504321 0.187348 -0.87068 -0.454772 0.485875 
1537347371118 -0.144908 0.228934 -0.962596 -0.699886 -0.947898 0.246833 0.2014 -0.285485 0.283708 0.941628 0.181238 0.473527 0.316223 -0.384865 0.867111 0.400804 -0.930002 -0.306261 0.203225 -0.504321 0.187348 -0.87068 -0.454772 0.485875 
1537347371128 -0.145136 0.22901 -0.962543 -0.699812 -0.947821 0.246917 0.201663 -0.285386 0.283851 0.941587 0.181224 0.473851 0.316223 -0.384865 0.867111 0.400804 -0.930002 -0.306261 0.203225 -0.504321 0.187348 -0.87068 -0.454772 0.485875 
1537347371138 -0.145363 0.229087 -0.962491 -0.699738 -0.947743 0.247001 0.201926 -0.285287 0.283995 0.941546 0.181211 0.474175 0.316223 -0.384865 0.867111 0.400804 -0.930002 -0.306261 0.203225 -0.504321 0.187348 -0.87068 -0.454772 0.485875 
1537347371148 -0.145591 0.229164 -0.962438 -0.699664 -0.947665 0.247084 0.202189 -0.285188 0.284138 0.941506 0.181198 0.4745 0.316223 -0.384865 0.867111 0.400804 -0.930002 -0.306261 0.203225 -0.504321 0.187348 -0.87068 -0.454772 0.485875 
1537347371158 -0.145818 0.229241 -0.962385 -0.69959 -0.947587 0.247168 0.202452 -0.285088 0.284281 0.941465 0.181184 0.474824 0.316223 -0.384865 0.867111 0.400804 -0.930002 -0.306261 0.203225 -0.504321 0.187348 -0.87068 -0.454772 0.485875 
1537347371168 -0.145363 0.229607 -0.962367 -0.697206 -0.94757 0.247464 0.202169 -0.283229 0.28457 0.941298 0.181597 0.474343 0.316334 -0.384956 0.867031 0.401168 -0.929993 -0.306204 0.203353 -0.504979 0.187206 -0.87066 -0.454869 0.486184 
1537347371207 0.275657 0.633204 -0.723233 -0.604483 -0.8825 0.464965 0.0707247 -0.181741 0.381061 0.618757 0.686973 0.426588 0.16008 -0.304787 0.938871 0.370831 -0.775623 0.549475 0.310623 -0.528794 -0.61056 -0.777934 -0.14844 0.432481 
1537347371227 -0.14646 0.229448 -0.962239 -0.699384 -0.947368 0.247403 0.20319 -0.284812 0.284682 0.941353 0.181137 0.475728 0.316223 -0.384865 0.867111 0.400804 -0.930002 -0.306261 0.203225 -0.504321 0.187348 -0.87068 -0.454772 0.485875 
1537347371247 -0.146647 0.2295 -0.962198 -0.699328 -0.947304 0.24747 0.203403 -0.284735 0.284796 0.941322 0.181116 0.475983 0.316223 -0.384865 0.867111 0.400804 -0.930002 -0.306261 0.203225 -0.504321 0.187348 -0.87068 -0.454772 0.485875 
1537347371257 -0.146834 0.229553 -0.962157 -0.699271 -0.947241 0.247538 0.203616 -0.284657 0.284911 0.941292 0.181095 0.476238 0.316223 -0.384865 0.867111 0.400804 -0.930002 -0.306261 0.203225 -0.504321 0.187348 -0.87068 -0.454772 0.485875 
1537347371267 -0.147021 0.229606 -0.962115 -0.699214 -0.947178 0.247606 0.203828 -0.28458 0.285025 0.941261 0.181075 0.476493 0.316223 -0.384865 0.867111 0.400804 -0.930002 -0.306261 0.203225 -0.504321 0.187348 -0.87068 -0.454772 0.485875 
1537347371277 -0.147207 0.229659 -0.962074 -0.699158 -0.947114 0.247673 0.204041 -0.284502 0.28514 0.94123 0.181054 0.476749 0.316223 -0.384865 0.867111 0.400804 -0.930002 -0.306261 0.203225 -0.504321 0.187348 -0.87068 -0.454772 0.485875 
1537347371287 -0.147394 0.229712 -0.962033 -0.699101 -0.947051 0.247741 0.204254 -0.284425 0.285254 0.9412 0.181033 0.477004 0.316223 -0.384865 0.867111 0.400804 -0.930002 -0.306261 0.203225 -0.504321 0.187348 -0.87068 -0.454772 0.485875 
1537347371297 -0.147581 0.229765 -0.961992 -0.699044 -0.946987 0.247809 0.204466 -0.284347 0.285369 0.941169 0.181012 0.477259 0.316223 -0.384865 0.867111 0.400804 -0.930002 -0.306261 0.203225 -0.504321 0.187348 -0.87068 -0.454772 0.485875 
1537347371307 -0.147768 0.229817 -0.96195 -0.698987 -0.946923 0.247876 0.204679 -0.28427 0.285483 0.941138 0.180991 0.477514 0.316223 -0.384865 0.867111 0.400804 -0.930002 -0.306261 0.203225 -0.504321 0.187348 -0.87068 -0.454772 0.485875 
1537347371317 -0.147267 0.230164 -0.961944 -0.696619 -0.946923 0.248156 0.204343 -0.282427 0.285745 0.94098 0.181402 0.476945 0.316334 -0.384956 0.867031 0.401168 -0.929993 -0.306204 0.203353 -0.504979 0.187206 -0.87066 -0.454869 0.486184 
1537347371358 0.275657 0.633204 -0.723233 -0.604483 -0.8825 0.464965 0.0707247 -0.181741 0.381061 0.618757 0.686973 0.426588 0.16008 -0.304787 0.938871 0.370831 -0.775623 0.549475 0.310623 -0.528794 -0.61056 -0.777934 -0.14844 0.432481 
1537347371368 -0.148301 0.229974 -0.961831 -0.698829 -0.946742 0.248068 0.205287 -0.284053 0.28581 0.94105 0.180938 0.47823 0.316223 -0.384865 0.867111 0.400804 -0.930002 -0.306261 0.203225 -0.504321 0.187348 -0.87068 -0.454772 0.485875 
1537347371388 -0.14846 0.230025 -0.961794 -0.698783 -0.946687 0.248124 0.20547 -0.28399 0.285908 0.941022 0.180926 0.478435 0.316223 -0.384865 0.867111 0.400804 -0.930002 -0.306261 0.203225 -0.504321 0.187348 -0.87068 -0.454772 0.485875 
1537347371398 -0.148619 0.230076 -0.961757 -0.698738 -0.946633 0.248181 0.205653 -0.283928 0.286005 0.940995 0.180914 0.47864 0.316223 -0.384865 0.867111 0.400804 -0.930002 -0.306261 0.203225 -0.504321 0.187348 -0.87068 -0.454772 0.485875 
1537347371408 -0.148778 0.230128 -0.961721 -0.698692 -0.946578 0.248237 0.205836 -0.283866 0.286103 0.940967 0.180901 0.478846 0.316223 -0.384865 0.867111 0.400804 -0.930002 -0.306261 0.203225 -0.504321 0.187348 -0.87068 -0.454772 0.485875 
1537347371418 -0.148937 0.230179 -0.961684 -0.698647 -0.946524 0.248293 0.206018 -0.283804 0.286201 0.94094 0.180889 0.479051 0.316223 -0.384865 0.867111 0.400804 -0.930002 -0.306261 0.203225 -0.504321 0.187348 -0.87068 -0.454772 0.485875 
1537347371428 -0.149097 0.23023 -0.961647 -0.698601 -0.946469 0.24835 0.206201 -0.283741 0.286298 0.940913 0.180877 0.479256 0.316223 -0.384865 0.867111 0.400804 -0.930002 -0.306261 0.203225 -0.504321 0.187348 -0.87068 -0.454772 0.485875 
1537347371438 -0.149256 0.230281 -0.96161 -0.698556 -0.946414 0.248406 0.206384 -0.283679 0.286396 0.940885 0.180865 0.479461 0.316223 -0.384865 0.867111 0.400804 -0.930002 -0.306261 0.203225 -0.504321 0.187348 -0.87068 -0.454772 0.485875 
1537347371448 -0.149415 0.230332 -0.961573 -0.698511 -0.94636 0.248462 0.206567 -0.283617 0.286494 0.940858 0.180853 0.479667 0.316223 -0.384865 0.867111 0.400804 -0.930002 -0.306261 0.203225 -0.504321 0.187348 -0.87068 -0.454772 0.485875 
1537347371458 -0.148882 0.230681 -0.961572 -0.696151 -0.946369 0.248731 0.206199 -0.281786 0.286739 0.940701 0.181278 0.479033 0.316334 -0.384956 0.867031 0.401168 -0.929993 -0.306204 0.203353 -0.504979 0.187206 -0.87066 -0.454869 0.486184 
1537347371483 0.275657 0.633204 -0.723233 -0.604483 -0.8825 0.464965 0.0707247 -0.181741 0.381061 0.618757 0.686973 0.426588 0.16008 -0.304787 0.938871 0.370831 -0.775623 0.549475 0.310623 -0.528794 -0.61056 -0.777934 -0.14844 0.432481 
1537347371507 -0.149857 0.230475 -0.96147 -0.698382 -0.946207 0.24862 0.207075 -0.283441 0.286766 0.940781 0.18082 0.480246 0.316223 -0.384865 0.867111 0.400804 -0.930002 -0.306261 0.203225 -0.504321 0.187348 -0.87068 -0.454772 0.485875 
1537347371527 -0.14998 0.230516 -0.961441 -0.698344 -0.946164 0.248665 0.207217 -0.28339 0.286844 0.940759 0.180812 0.480414 0.316223 -0.384865 0.867111 0.400804 -0.930002 -0.306261 0.203225 -0.504321 0.187348 -0.87068 -0.454772 0.485875 
1537347371537 -0.150104 0.230558 -0.961411 -0.698306 -0.946121 0.24871 0.20736 -0.283339 0.286921 0.940737 0.180803 0.480583 0.316223 -0.384865 0.867111 0.400804 -0.930002 -0.306261 0.203225 -0.504321 0.187348 -0.87068 -0.454772 0.485875 
1537347371547 -0.150227 0.230599 -0.961382 -0.698268 -0.946078 0.248755 0.207503 -0.283288 0.286998 0.940715 0.180794 0.480751 0.316223 -0.384865 0.867111 0.400804 -0.930002 -0.306261 0.203225 -0.504321 0.187348 -0.87068 -0.454772 0.485875 
1537347371557 -0.150351 0.23064 -0.961353 -0.69823 -0.946035 0.2488 0.207645 -0.283236 0.287076 0.940693 0.180786 0.48092 0.316223 -0.384865 0.867111 0.400804 -0.930002 -0.306261 0.203225 -0.504321 0.187348 -0.87068 -0.454772 0.485875 
1537347371567 -0.150475 0.230681 -0.961324 -0.698192 -0.945992 0.248845 0.207788 -0.283185 0.287153 0.940671 0.180777 0.481088 0.316223 -0.384865 0.867111 0.400804 -0.930002 -0.306261 0.203225 -0.504321 0.187348 -0.87068 -0.454772 0.485875 
1537347371577 -0.150598 0.230722 -0.961295 -0.698154 -0.945949 0.24889 0.20793 -0.283134 0.28723 0.940649 0.180769 0.481257 0.316223 -0.384865 0.867111 0.400804 -0.930002 -0.306261 0.203225 -0.504321 0.187348 -0.87068 -0.454772 0.485875 
1537347371587 -0.150722 0.230763 -0.961266 -0.698116 -0.945905 0.248935 0.208073 -0.283083 0.287308 0.940627 0.18076 0.481425 0.316223 -0.384865 0.867111 0.400804 -0.930002 -0.306261 0.203225 -0.504321 0.187348 -0.87068 -0.454772 0.485875 
1537347371597 -0.15015 0.231105 -0.961273 -0.695762 -0.945928 0.249193 0.207663 -0.28126 0.287534 0.940475 0.181192 0.480743 0.316334 -0.384956 0.867031 0.401168 -0.929993 -0.306204 0.203353 -0.504979 0.187206 -0.87066 -0.454869 0.486184 
1537347371635 0.275657 0.633204 -0.723233 -0.604483 -0.8825 0.464965 0.0707247 -0.181741 0.381061 0.618757 0.686973 0.426588 0.16008 -0.304787 0.938871 0.370831 -0.775623 0.549475 0.310623 -0.528794 -0.61056 -0.777934 -0.14844 0.432481 
1537347371655 -0.151067 0.230883 -0.961182 -0.698008 -0.945783 0.249065 0.208474 -0.282937 0.28753 0.940564 0.18074 0.481903 0.316223 -0.384865 0.867111 0.400804 -0.930002 -0.306261 0.203225 -0.504321 0.187348 -0.87068 -0.454772 0.485875 
1537347371675 -0.151166 0.230921 -0.961158 -0.697976 -0.945747 0.249105 0.20859 -0.282894 0.287597 0.940544 0.180737 0.482044 0.316223 -0.384865 0.867111 0.400804 -0.930002 -0.306261 0.203225 -0.504321 0.187348 -0.87068 -0.454772 0.485875 
1537347371685 -0.151265 0.230959 -0.961133 -0.697943 -0.945711 0.249145 0.208707 -0.28285 0.287664 0.940524 0.180733 0.482185 0.316223 -0.384865 0.867111 0.400804 -0.930002 -0.306261 0.203225 -0.504321 0.187348 -0.87068 -0.454772 0.485875 
1537347371695 -0.151363 0.230997 -0.961109 -0.697911 -0.945674 0.249185 0.208823 -0.282807 0.287731 0.940504 0.18073 0.482325 0.316223 -0.384865 0.867111 0.400804 -0.930002 -0.306261 0.203225 -0.504321 0.187348 -0.87068 -0.454772 0.485875 
1537347371705 -0.151462 0.231035 -0.961084 -0.697879 -0.945638 0.249225 0.208939 -0.282763 0.287798 0.940484 0.180727 0.482466 0.316223 -0.384865 0.867111 0.400804 -0.930002 -0.306261 0.203225 -0.504321 0.187348 -0.87068 -0.454772 0.485875 
1537347371715 -0.151561 0.231073 -0.961059 -0.697846 -0.945602 0.249265 0.209055 -0.28272 0.287865 0.940464 0.180724 0.482607 0.316223 -0.384865 0.867111 0.400804 -0.930002 -0.306261 0.203225 -0.504321 0.187348 -0.87068 -0.454772 0.485875 
1537347371725 -0.15166 0.231111 -0.961035 -0.697814 -0.945566 0.249305 0.209172 -0.282677 0.287932 0.940444 0.180721 0.482748 0.316223 -0.384865 0.867111 0.400804 -0.930002 -0.306261 0.203225 -0.504321 0.187348 -0.87068 -0.454772 0.485875 
1537347371735 -0.151758 0.231148 -0.96101 -0.697781 -0.945529 0.249345 0.209288 -0.282633 0.288 0.940424 0.180717 0.482888 0.316223 -0.384865 0.867111 0.400804 -0.930002 -0.306261 0.203225 -0.504321 0.187348 -0.87068 -0.454772 0.485875 
1537347371745 -0.151159 0.231489 -0.961022 -0.695431 -0.945559 0.249598 0.20885 -0.280816 0.288216 0.940273 0.181158 0.482168 0.316334 -0.384956 0.867031 0.401168 -0.929993 -0.306204 0.203353 -0.504979 0.187206 -0.87066 -0.454869 0.486184 
1537347371786 0.275657 0.633204 -0.723233 -0.604483 -0.8825 0.464965 0.0707247 -0.181741 0.381061 0.618757 0.686973 0.426588 0.16008 -0.304787 0.938871 0.370831 -0.775623 0.549475 0.310623 -0.528794 -0.61056 -0.777934 -0.14844 0.432481 
1537347371806 -0.152036 0.231281 -0.960934 -0.697674 -0.945418 0.24948 0.209627 -0.282487 0.288217 0.940355 0.180728 0.48337 0.316223 -0.384865 0.867111 0.400804 -0.930002 -0.306261 0.203225 -0.504321 0.187348 -0.87068 -0.454772 0.485875 
1537347371826 -0.152117 0.231339 -0.960907 -0.697632 -0.94538 0.249536 0.209734 -0.282428 0.288301 0.940327 0.180744 0.483571 0.316223 -0.384865 0.867111 0.400804 -0.930002 -0.306261 0.203225 -0.504321 0.187348 -0.87068 -0.454772 0.485875 
1537347371836 -0.152197 0.231396 -0.960881 -0.697589 -0.945342 0.249591 0.209841 -0.28237 0.288384 0.940298 0.180761 0.483772 0.316223 -0.384865 0.867111 0.400804 -0.930002 -0.306261 0.203225 -0.504321 0.187348 -0.87068 -0.454772 0.485875 
1537347371856 -0.152278 0.231453 -0.960854 -0.697547 -0.945303 0.249647 0.209948 -0.282311 0.288467 0.940269 0.180777 0.483972 0.316223 -0.384865 0.867111 0.400804 -0.930002 -0.306261 0.203225 -0.504321 0.187348 -0.87068 -0.454772 0.485875 
1537347371866 -0.152358 0.23151 -0.960828 -0.697504 -0.945265 0.249702 0.210056 -0.282252 0.288551 0.94024 0.180794 0.484173 0.316223 -0.384865 0.867111 0.400804 -0.930002 -0.306261 0.203225 -0.504321 0.187348 -0.87068 -0.454772 0.485875 
1537347371876 -0.152439 0.231567 -0.960801 -0.697461 -0.945226 0.249758 0.210163 -0.282193 0.288634 0.940212 0.18081 0.484373 0.316223 -0.384865 0.867111 0.400804 -0.930002 -0.306261 0.203225 -0.504321 0.187348 -0.87068 -0.454772 0.485875 
1537347371886 -0.152519 0.231624 -0.960775 -0.697419 -0.945188 0.249813 0.21027 -0.282134 0.288717 0.940183 0.180827 0.484574 0.316223 -0.384865 0.867111 0.400804 -0.930002 -0.306261 0.203225 -0.504321 0.187348 -0.87068 -0.454772 0.485875 
1537347371896 -0.152599 0.231681 -0.960748 -0.697376 -0.945149 0.249868 0.210377 -0.282075 0.288801 0.940154 0.180844 0.484774 0.316223 -0.384865 0.867111 0.400804 -0.930002 -0.306261 0.203225 -0.504321 0.187348 -0.87068 -0.454772 0.485875 
1537347371906 -0.151979 0.232044 -0.960759 -0.695015 -0.945178 0.250137 0.209928 -0.28024 0.289034 0.939993 0.181308 0.4841 0.316334 -0.384956 0.867031 0.401168 -0.929993 -0.306204 0.203353 -0.504979 0.187206 -0.87066 -0.454869 0.486184 
1537347371934 0.275657 0.633204 -0.723233 -0.604483 -0.8825 0.464965 0.0707247 -0.181741 0.381061 0.618757 0.686973 0.426588 0.16008 -0.304787 0.938871 0.370831 -0.775623 0.549475 0.310623 -0.528794 -0.61056 -0.777934 -0.14844 0.432481 
1537347371948 -0.152879 0.231905 -0.96065 -0.69723 -0.945014 0.25006 0.210756 -0.281882 0.289095 0.940048 0.180925 0.485457 0.316223 -0.384865 0.867111 0.400804 -0.930002 -0.306261 0.203225 -0.504321 0.187348 -0.87068 -0.454772 0.485875 
1537347371978 -0.152998 0.232015 -0.960604 -0.697169 -0.944956 0.25014 0.210922 -0.281807 0.289223 0.939999 0.180973 0.485739 0.316223 -0.384865 0.867111 0.400804 -0.930002 -0.306261 0.203225 -0.504321 0.187348 -0.87068 -0.454772 0.485875 
1537347371988 -0.153117 0.232124 -0.960559 -0.697108 -0.944898 0.250221 0.211088 -0.281731 0.289351 0.939951 0.181021 0.486021 0.316223 -0.384865 0.867111 0.400804 -0.930002 -0.306261 0.203225 -0.504321 0.187348 -0.87068 -0.454772 0.485875 
1537347371998 -0.153236 0.232234 -0.960514 -0.697047 -0.944839 0.250302 0.211253 -0.281656 0.289478 0.939902 0.181068 0.486303 0.316223 -0.384865 0.867111 0.400804 -0.930002 -0.306261 0.203225 -0.504321 0.187348 -0.87068 -0.454772 0.485875 
1537347372008 -0.153354 0.232343 -0.960468 -0.696986 -0.944781 0.250382 0.211419 -0.281581 0.289606 0.939854 0.181116 0.486585 0.316223 -0.384865 0.867111 0.400804 -0.930002 -0.306261 0.203225 -0.504321 0.187348 -0.87068 -0.454772 0.485875 
1537347372018 -0.153473 0.232453 -0.960423 -0.696925 -0.944722 0.250463 0.211584 -0.281505 0.289734 0.939805 0.181164 0.486867 0.316223 -0.384865 0.867111 0.400804 -0.930002 -0.306261 0.203225 -0.504321 0.187348 -0.87068 -0.454772 0.485875 
1537347372028 -0.153592 0.232563 -0.960377 -0.696864 -0.944664 0.250543 0.21175 -0.28143 0.289861 0.939757 0.181212 0.487149 0.316223 -0.384865 0.867111 0.400804 -0.930002 -0.306261 0.203225 -0.504321 0.187348 -0.87068 -0.454772 0.485875 
1537347372038 -0.15371 0.232672 -0.960332 -0.696803 -0.944605 0.250624 0.211915 -0.281355 0.289989 0.939708 0.18126 0.48743 0.316223 -0.384865 0.867111 0.400804 -0.930002 -0.306261 0.203225 -0.504321 0.187348 -0.87068 -0.454772 0.485875 
1537347372048 -0.153124 0.233092 -0.960324 -0.694422 -0.944616 0.250918 0.211522 -0.2795 0.290266 0.939526 0.181761 0.48682 0.316334 -0.384956 0.867031 0.401168 -0.929993 -0.306204 0.203353 -0.504979 0.187206 -0.87066 -0.454869 0.486184 
1537347372074 0.275657 0.633204 -0.723233 -0.604483 -0.8825 0.464965 0.0707247 -0.181741 0.381061 0.618757 0.686973 0.426588 0.16008 -0.304787 0.938871 0.370831 -0.775623 0.549475 0.310623 -0.528794 -0.61056 -0.777934 -0.14844 0.432481 
1537347372098 -0.154081 0.232965 -0.960201 -0.696609 -0.944401 0.250957 0.212433 -0.281108 0.290458 0.939547 0.181345 0.488275 0.316223 -0.384865 0.867111 0.400804 -0.930002 -0.306261 0.203225 -0.504321 0.187348 -0.87068 -0.454772 0.485875 
1537347372118 -0.154214 0.233039 -0.960162 -0.696537 -0.944313 0.251128 0.21262 -0.281012 0.290673 0.939482 0.181335 0.488556 0.316223 -0.384865 0.867111 0.400804 -0.930002 -0.306261 0.203225 -0.504321 0.187348 -0.87068 -0.454772 0.485875 
1537347372128 -0.154347 0.233113 -0.960122 -0.696465 -0.944225 0.2513 0.212806 -0.280915 0.290887 0.939418 0.181324 0.488837 0.316223 -0.384865 0.867111 0.400804 -0.930002 -0.306261 0.203225 -0.504321 0.187348 -0.87068 -0.454772 0.485875 
1537347372138 -0.154481 0.233187 -0.960083 -0.696392 -0.944138 0.251472 0.212993 -0.280819 0.291101 0.939354 0.181314 0.489118 0.316223 -0.384865 0.867111 0.400804 -0.930002 -0.306261 0.203225 -0.504321 0.187348 -0.87068 -0.454772 0.485875 
1537347372148 -0.154614 0.233262 -0.960044 -0.69632 -0.94405 0.251643 0.21318 -0.280723 0.291315 0.93929 0.181303 0.489398 0.316223 -0.384865 0.867111 0.400804 -0.930002 -0.306261 0.203225 -0.504321 0.187348 -0.87068 -0.454772 0.485875 
1537347372158 -0.154747 0.233336 -0.960004 -0.696248 -0.943962 0.251815 0.213366 -0.280627 0.291529 0.939225 0.181292 0.489679 0.316223 -0.384865 0.867111 0.400804 -0.930002 -0.306261 0.203225 -0.504321 0.187348 -0.87068 -0.454772 0.485875 
