1535135680011 0.241924 0.927131 -0.286185 -0.558415 -0.941041 0.296071 0.163657 -0.2108 0.236462 0.229719 0.944095 0.413056 0.210923 -0.109879 0.971307 0.385222 -0.977416 -0.036956 0.208069 -0.500556 0.0130331 -0.993258 -0.115193 0.440058 
1535135680026 0.242087 0.927468 -0.284952 -0.566196 -0.941375 0.295644 0.162503 -0.214025 0.23496 0.228907 0.944667 0.408925 0.204312 -0.111893 0.97249 0.385002 -0.978894 -0.0183671 0.203544 -0.498803 -0.00491333 -0.99355 -0.113284 0.440001 
1535135680031 0.242248 0.927804 -0.283717 -0.573979 -0.941708 0.295218 0.161348 -0.217253 0.233457 0.228092 0.945236 0.404793 0.197657 -0.113783 0.973645 0.38478 -0.980004 0.000237697 0.198975 -0.497044 -0.0228715 -0.993506 -0.111461 0.439944 
1535135680866 0.242407 0.92814 -0.282481 -0.581762 -0.942038 0.294792 0.160192 -0.22048 0.231954 0.227276 0.945803 0.400661 0.190963 -0.115547 0.974773 0.384558 -0.980748 0.018851 0.194368 -0.495285 -0.040834 -0.993123 -0.109722 0.439887 
1535135681033 0.242564 0.928474 -0.281245 -0.589545 -0.942367 0.294368 0.159035 -0.223707 0.23045 0.22646 0.946366 0.396529 0.184231 -0.117183 0.975872 0.384336 -0.981123 0.037466 0.189721 -0.493526 -0.0587943 -0.992403 -0.108069 0.43983 
1535135681509 0.242719 0.928807 -0.280008 -0.597329 -0.942694 0.293944 0.157878 -0.226934 0.228945 0.225642 0.946927 0.392396 0.177466 -0.118692 0.976943 0.384114 -0.98113 0.0560758 0.185039 -0.491767 -0.0767455 -0.991346 -0.106501 0.439772 
1535135682146 0.242873 0.929139 -0.278771 -0.605112 -0.943019 0.293521 0.156719 -0.230161 0.227439 0.224824 0.947484 0.388264 0.170668 -0.120073 0.977985 0.383892 -0.980769 0.0746733 0.180322 -0.490007 -0.0946812 -0.989953 -0.10502 0.439715 
1535135682148 0.243024 0.92947 -0.277534 -0.612896 -0.943342 0.2931 0.15556 -0.233388 0.225933 0.224004 0.948038 0.384132 0.163841 -0.121325 0.978998 0.38367 -0.98004 0.0932517 0.175572 -0.488248 -0.112595 -0.988223 -0.103625 0.439658 
1535135682364 0.243173 0.9298 -0.276295 -0.62068 -0.943663 0.292679 0.1544 -0.236616 0.224427 0.223184 0.948589 0.38 0.156987 -0.122448 0.97998 0.383448 -0.978943 0.111804 0.170791 -0.486487 -0.130479 -0.986157 -0.102318 0.439601 
1535135683411 0.24332 0.930129 -0.275056 -0.628464 -0.943982 0.292259 0.153239 -0.239844 0.222919 0.222362 0.949138 0.375868 0.150109 -0.123441 0.980933 0.383226 -0.977479 0.130324 0.165981 -0.484727 -0.148328 -0.983757 -0.101099 0.439543 
1535135684568 0.244006 0.92974 -0.275762 -0.628248 -0.943856 0.292981 0.152633 -0.240024 0.222702 0.223036 0.94903 0.375826 0.150764 -0.123413 0.980836 0.383299 -0.977417 0.130004 0.166596 -0.48481 -0.148073 -0.983803 -0.101026 0.439553 
1535135684580 0.243952 0.929812 -0.275569 -0.629043 -0.943901 0.292868 0.152577 -0.240326 0.222573 0.222888 0.949095 0.375418 0.153293 -0.125806 0.98014 0.383308 -0.9778 0.124081 0.168854 -0.485024 -0.142859 -0.984265 -0.103993 0.440141 
1535135684736 0.243897 0.929883 -0.275374 -0.629844 -0.943945 0.292753 0.152522 -0.240632 0.222444 0.222738 0.949161 0.375009 0.155837 -0.128183 0.97943 0.383319 -0.978145 0.118146 0.171095 -0.485248 -0.137647 -0.984688 -0.10697 0.440729 
1535135684865 0.243843 0.929955 -0.27518 -0.630644 -0.94399 0.292639 0.152467 -0.240936 0.222316 0.222589 0.949226 0.3746 0.158391 -0.130544 0.978709 0.38333 -0.978454 0.112203 0.173316 -0.485469 -0.132439 -0.985073 -0.109959 0.441317 
1535135685204 0.243789 0.930027 -0.274985 -0.631445 -0.944034 0.292525 0.152411 -0.241241 0.222187 0.222439 0.949291 0.374191 0.160957 -0.132888 0.977974 0.383341 -0.978726 0.106251 0.175518 -0.485691 -0.127235 -0.985419 -0.112959 0.441906 
1535135685241 0.243735 0.930099 -0.274791 -0.632245 -0.944078 0.292411 0.152356 -0.241546 0.222058 0.22229 0.949356 0.373781 0.163534 -0.135216 0.977227 0.383352 -0.978961 0.10029 0.177701 -0.485913 -0.122034 -0.985727 -0.11597 0.442494 
1535135685605 0.243681 0.93017 -0.274597 -0.633045 -0.944123 0.292297 0.1523 -0.241851 0.221929 0.22214 0.949422 0.373373 0.166123 -0.137527 0.976468 0.383362 -0.979159 0.0943209 0.179865 -0.486134 -0.116838 -0.985997 -0.118992 0.443082 
1535135685672 0.243626 0.930242 -0.274402 -0.633846 -0.944167 0.292182 0.152245 -0.242156 0.2218 0.22199 0.949487 0.372963 0.168723 -0.139821 0.975696 0.383373 -0.97932 0.0883436 0.18201 -0.486357 -0.111645 -0.986228 -0.122024 0.44367 
1535135685893 0.243572 0.930313 -0.274207 -0.634647 -0.944211 0.292068 0.152189 -0.242461 0.221671 0.221841 0.949552 0.372554 0.171334 -0.142098 0.974912 0.383384 -0.979444 0.0823585 0.184135 -0.486579 -0.106458 -0.98642 -0.125066 0.444258 
1535135686236 0.243518 0.930385 -0.274013 -0.635447 -0.944255 0.291954 0.152134 -0.242766 0.221542 0.221691 0.949617 0.372145 0.173956 -0.144358 0.974115 0.383394 -0.979532 0.076366 0.186241 -0.4868 -0.101275 -0.986574 -0.128119 0.444847 
1535135686696 0.243733 0.930259 -0.274247 -0.635258 -0.944171 0.292228 0.152132 -0.242751 0.221664 0.221857 0.94955 0.372259 0.173638 -0.14407 0.974214 0.383402 -0.979485 0.0774622 0.186033 -0.486681 -0.102267 -0.986531 -0.127665 0.444609 
1535135686706 0.24315 0.930087 -0.275348 -0.635379 -0.944178 0.291992 0.152538 -0.242906 0.222273 0.222888 0.949166 0.3723 0.171047 -0.142323 0.974929 0.383386 -0.979506 0.082245 0.183856 -0.486401 -0.10635 -0.986398 -0.125338 0.444141 
1535135686712 0.242566 0.929913 -0.276449 -0.635501 -0.944185 0.291757 0.152944 -0.243062 0.222881 0.22392 0.94878 0.37234 0.16846 -0.140561 0.975635 0.383368 -0.979502 0.0870235 0.181665 -0.486115 -0.110438 -0.98624 -0.12302 0.443673 
1535135686922 0.241981 0.929738 -0.277548 -0.635622 -0.944192 0.291522 0.153352 -0.243217 0.223488 0.224951 0.948394 0.372381 0.165879 -0.138786 0.976331 0.383351 -0.979473 0.0917961 0.179461 -0.485829 -0.11453 -0.986059 -0.12071 0.443205 
1535135686998 0.241395 0.929561 -0.278648 -0.635743 -0.944198 0.291287 0.153759 -0.243373 0.224095 0.225982 0.948005 0.372421 0.163304 -0.136997 0.977018 0.383333 -0.979418 0.096563 0.177245 -0.485543 -0.118626 -0.985854 -0.118409 0.442736 
1535135687132 0.240809 0.929383 -0.279747 -0.635865 -0.944204 0.291053 0.154166 -0.243528 0.224701 0.227013 0.947615 0.372462 0.160735 -0.135196 0.977694 0.383316 -0.979338 0.101324 0.175017 -0.485256 -0.122725 -0.985624 -0.116116 0.442268 
1535135687138 0.240222 0.929204 -0.280845 -0.635986 -0.944209 0.29082 0.154574 -0.243683 0.225306 0.228044 0.947224 0.372502 0.158174 -0.133382 0.978361 0.383298 -0.979232 0.106079 0.172776 -0.484969 -0.126829 -0.985371 -0.113833 0.441799 
1535135687156 0.239634 0.929023 -0.281942 -0.636108 -0.944214 0.290586 0.154982 -0.243839 0.22591 0.229075 0.946831 0.372543 0.155619 -0.131555 0.979018 0.383281 -0.979101 0.110827 0.170525 -0.484684 -0.130935 -0.985094 -0.111558 0.441331 
1535135687389 0.239045 0.928841 -0.283039 -0.636229 -0.944219 0.290353 0.15539 -0.243994 0.226514 0.230106 0.946437 0.372583 0.153071 -0.129714 0.979665 0.383263 -0.978944 0.115569 0.16826 -0.484396 -0.135045 -0.984793 -0.109293 0.440863 
1535135687398 0.238456 0.928658 -0.284135 -0.63635 -0.944223 0.290121 0.155798 -0.24415 0.227117 0.231136 0.946041 0.372624 0.15053 -0.127861 0.980302 0.383246 -0.978762 0.120304 0.165984 -0.484111 -0.139158 -0.984469 -0.107037 0.440395 
1535135687888 0.239189 0.928852 -0.282882 -0.636188 -0.944171 0.290476 0.15545 -0.24401 0.226561 0.229907 0.946474 0.37265 0.156208 -0.131427 0.978941 0.383374 -0.979121 0.10992 0.170994 -0.48474 -0.130078 -0.985213 -0.111513 0.441799 
1535135688053 0.238599 0.929008 -0.282868 -0.636221 -0.944311 0.28992 0.155642 -0.244145 0.226601 0.22998 0.946447 0.372709 0.160347 -0.131451 0.978269 0.383375 -0.97988 0.0981287 0.173797 -0.48518 -0.118842 -0.986454 -0.113071 0.442123 
1535135688068 0.238033 0.929171 -0.28281 -0.636248 -0.944449 0.289373 0.155819 -0.244281 0.22662 0.230009 0.946435 0.372769 0.164487 -0.131424 0.977585 0.383377 -0.980493 0.0863236 0.176581 -0.485627 -0.107596 -0.987561 -0.114661 0.442446 
1535135688093 0.237467 0.929334 -0.282752 -0.636275 -0.944587 0.288826 0.155997 -0.244417 0.226639 0.230039 0.946423 0.372828 0.168624 -0.131347 0.97689 0.383379 -0.980961 0.0745069 0.179345 -0.486073 -0.0963415 -0.988533 -0.116283 0.44277 
1535135688276 0.2369 0.929496 -0.282693 -0.636303 -0.944724 0.28828 0.156175 -0.244553 0.226658 0.230069 0.946411 0.372887 0.172759 -0.131221 0.976184 0.383382 -0.981283 0.0626803 0.182087 -0.48652 -0.0850811 -0.98937 -0.117936 0.443094 
1535135688326 0.236334 0.929658 -0.282634 -0.63633 -0.944862 0.287733 0.156352 -0.244689 0.226677 0.230099 0.946399 0.372947 0.17689 -0.131045 0.975468 0.383384 -0.981459 0.0508455 0.184807 -0.486968 -0.0738161 -0.990072 -0.119621 0.443418 
1535135688370 0.235767 0.92982 -0.282575 -0.636357 -0.944999 0.287186 0.15653 -0.244824 0.226696 0.230129 0.946388 0.373006 0.181016 -0.130819 0.974741 0.383386 -0.981489 0.0390044 0.187504 -0.487414 -0.0625484 -0.990639 -0.121337 0.443742 
1535135688552 0.235201 0.929981 -0.282516 -0.636384 -0.945135 0.286639 0.156707 -0.24496 0.226715 0.230158 0.946376 0.373065 0.185138 -0.130544 0.974003 0.383388 -0.981374 0.0271585 0.190179 -0.487862 -0.0512792 -0.99107 -0.123084 0.444066 
1535135688664 0.234634 0.930142 -0.282457 -0.636412 -0.945272 0.286092 0.156885 -0.245096 0.226734 0.230188 0.946364 0.373125 0.189254 -0.130219 0.973255 0.38339 -0.981113 0.0153099 0.19283 -0.488308 -0.0400106 -0.991367 -0.124862 0.44439 
1535135688671 0.234067 0.930303 -0.282398 -0.636439 -0.945408 0.285544 0.157063 -0.245232 0.226753 0.230218 0.946352 0.373184 0.193364 -0.129845 0.972497 0.383392 -0.980706 0.00346007 0.195458 -0.488754 -0.0287441 -0.991528 -0.12667 0.444714 
1535135689439 0.234555 0.930163 -0.282454 -0.63642 -0.945325 0.285982 0.156766 -0.245054 0.226595 0.23024 0.946385 0.373141 0.176238 -0.131313 0.97555 0.383307 -0.981538 0.0513839 0.184237 -0.486885 -0.0743202 -0.990008 -0.119833 0.443191 
1535135689455 0.2343 0.930421 -0.281816 -0.636422 -0.945446 0.285572 0.156784 -0.24516 0.226354 0.229707 0.946572 0.373135 0.17709 -0.132385 0.975251 0.38331 -0.981519 0.0492698 0.184916 -0.487067 -0.0725304 -0.989973 -0.121213 0.443382 
1535135689566 0.234045 0.930678 -0.281177 -0.636427 -0.945566 0.285162 0.156802 -0.245267 0.226113 0.229173 0.946759 0.373128 0.177944 -0.133454 0.974949 0.383314 -0.981495 0.0471541 0.185594 -0.487256 -0.070741 -0.989933 -0.122593 0.443574 
1535135689659 0.233789 0.930935 -0.280539 -0.636433 -0.945687 0.284751 0.15682 -0.245375 0.225873 0.228639 0.946945 0.373121 0.178801 -0.134521 0.974646 0.383318 -0.981466 0.0450372 0.186269 -0.487447 -0.0689523 -0.989887 -0.123975 0.443766 
1535135689764 0.233533 0.931192 -0.279899 -0.636437 -0.945808 0.28434 0.156837 -0.245482 0.225632 0.228104 0.947132 0.373114 0.179659 -0.135586 0.97434 0.383322 -0.981433 0.0429198 0.18694 -0.487635 -0.0671648 -0.989836 -0.125357 0.443957 
1535135689945 0.233276 0.931448 -0.27926 -0.636442 -0.945928 0.28393 0.156855 -0.24559 0.225392 0.227569 0.947318 0.373107 0.18052 -0.136649 0.974033 0.383326 -0.981396 0.0408012 0.187608 -0.487825 -0.0653781 -0.989779 -0.126741 0.444149 
1535135689970 0.23302 0.931704 -0.27862 -0.636448 -0.946049 0.283519 0.156872 -0.245698 0.225152 0.227034 0.947503 0.3731 0.181382 -0.137709 0.973723 0.38333 -0.981354 0.0386817 0.188274 -0.488015 -0.0635924 -0.989717 -0.128126 0.444341 
1535135690023 0.232763 0.931959 -0.277981 -0.636452 -0.946169 0.283108 0.156888 -0.245805 0.224912 0.226499 0.947688 0.373093 0.182246 -0.138768 0.973411 0.383334 -0.981308 0.0365615 0.188936 -0.488203 -0.0618077 -0.98965 -0.129511 0.444532 
1535135690190 0.232506 0.932214 -0.277342 -0.636457 -0.946289 0.282697 0.156905 -0.245913 0.224672 0.225964 0.947873 0.373087 0.183111 -0.139825 0.973098 0.383338 -0.981258 0.0344404 0.189595 -0.488392 -0.0600241 -0.989577 -0.130898 0.444724 
1535135690262 0.232249 0.932468 -0.276702 -0.636463 -0.946409 0.282286 0.156921 -0.246021 0.224433 0.225428 0.948057 0.37308 0.183979 -0.14088 0.972782 0.383343 -0.981203 0.0323183 0.190252 -0.488582 -0.0582413 -0.989499 -0.132286 0.444916 
1535135690701 0.232508 0.932182 -0.277447 -0.636432 -0.946257 0.282749 0.157007 -0.24587 0.224807 0.226031 0.947825 0.373063 0.183727 -0.140338 0.972908 0.383364 -0.981191 0.0334685 0.190119 -0.488427 -0.0592426 -0.989538 -0.131549 0.444718 
1535135690715 0.232837 0.932156 -0.27726 -0.636369 -0.946212 0.282996 0.156833 -0.245867 0.224656 0.22583 0.947908 0.373051 0.18417 -0.141325 0.972681 0.383366 -0.981121 0.0329781 0.19056 -0.488535 -0.0590081 -0.989414 -0.132584 0.444886 
1535135690731 0.233166 0.932129 -0.277073 -0.636305 -0.946167 0.283244 0.156657 -0.245864 0.224504 0.22563 0.947992 0.373039 0.184616 -0.142312 0.972453 0.383368 -0.981052 0.0324863 0.191003 -0.488649 -0.0587733 -0.989289 -0.133618 0.445055 
1535135690737 0.233496 0.932102 -0.276886 -0.63624 -0.946121 0.283492 0.156482 -0.24586 0.224352 0.225429 0.948076 0.373027 0.185062 -0.143298 0.972223 0.383371 -0.980982 0.0319941 0.191445 -0.488762 -0.058539 -0.989162 -0.134652 0.445224 
1535135690863 0.233826 0.932075 -0.276698 -0.636175 -0.946076 0.28374 0.156307 -0.245857 0.2242 0.225229 0.948159 0.373015 0.185508 -0.144283 0.971992 0.383374 -0.980911 0.0315013 0.191886 -0.488877 -0.0583051 -0.989035 -0.135685 0.445393 
1535135691007 0.234156 0.932048 -0.276511 -0.636111 -0.946031 0.283988 0.156131 -0.245853 0.224047 0.225029 0.948243 0.373003 0.185955 -0.145269 0.97176 0.383377 -0.980841 0.0310081 0.192328 -0.488991 -0.0580716 -0.988906 -0.136719 0.445562 
1535135691021 0.234485 0.932021 -0.276323 -0.636046 -0.945985 0.284236 0.155956 -0.245849 0.223895 0.224828 0.948327 0.372991 0.186401 -0.146254 0.971527 0.383379 -0.98077 0.0305146 0.192768 -0.489104 -0.0578388 -0.988776 -0.137753 0.44573 
1535135691100 0.234815 0.931993 -0.276136 -0.635981 -0.945939 0.284484 0.155781 -0.245846 0.223743 0.224628 0.94841 0.372979 0.186848 -0.147238 0.971292 0.383382 -0.980698 0.0300205 0.193208 -0.489219 -0.0576062 -0.988645 -0.138787 0.445899 
1535135691177 0.235144 0.931966 -0.275948 -0.635917 -0.945894 0.284732 0.155606 -0.245842 0.22359 0.224427 0.948493 0.372967 0.187294 -0.148222 0.971057 0.383385 -0.980627 0.029526 0.193647 -0.489333 -0.0573743 -0.988513 -0.139821 0.446068 
1535135691203 0.235474 0.931938 -0.275761 -0.635852 -0.945848 0.28498 0.15543 -0.245839 0.223438 0.224228 0.948577 0.372955 0.187742 -0.149206 0.97082 0.383388 -0.980555 0.029031 0.194086 -0.489448 -0.0571426 -0.98838 -0.140854 0.446237 
1535135691613 0.234555 0.932026 -0.276244 -0.636026 -0.945969 0.284289 0.155959 -0.245799 0.223891 0.224738 0.948349 0.373002 0.187423 -0.148608 0.970973 0.383341 -0.980593 0.0295938 0.193809 -0.489363 -0.0575363 -0.988453 -0.140178 0.446084 
1535135691626 0.235318 0.931855 -0.276172 -0.635798 -0.945778 0.285008 0.155801 -0.245681 0.223895 0.224534 0.948396 0.373061 0.184317 -0.14744 0.971745 0.383299 -0.980854 0.0356455 0.191454 -0.489127 -0.0628662 -0.988429 -0.138047 0.445582 
1535135691756 0.236082 0.931684 -0.276098 -0.635568 -0.945587 0.285729 0.155643 -0.245562 0.223899 0.224331 0.948443 0.37312 0.181216 -0.146252 0.972508 0.383255 -0.981076 0.0416932 0.189083 -0.488885 -0.0682006 -0.988368 -0.135928 0.445079 
1535135691980 0.236846 0.931511 -0.276026 -0.635337 -0.945395 0.286449 0.155484 -0.245444 0.223903 0.224128 0.94849 0.37318 0.17812 -0.145044 0.97326 0.38321 -0.981257 0.0477367 0.186697 -0.488641 -0.0735396 -0.988273 -0.133823 0.444576 
1535135692012 0.23761 0.931339 -0.275953 -0.635107 -0.945202 0.287169 0.155326 -0.245325 0.223907 0.223925 0.948538 0.373239 0.175029 -0.143817 0.974003 0.383166 -0.981398 0.0537755 0.184298 -0.488399 -0.0788828 -0.988142 -0.13173 0.444073 
1535135692148 0.238373 0.931165 -0.27588 -0.634877 -0.945009 0.287889 0.155168 -0.245206 0.22391 0.223721 0.948585 0.373299 0.171944 -0.142571 0.974735 0.383123 -0.981499 0.0598093 0.181885 -0.488158 -0.0842298 -0.987976 -0.12965 0.44357 
1535135692393 0.239137 0.930991 -0.275807 -0.634646 -0.944816 0.288609 0.15501 -0.245087 0.223913 0.223518 0.948632 0.373358 0.168864 -0.141305 0.975458 0.383079 -0.98156 0.0658383 0.179457 -0.487914 -0.0895808 -0.987774 -0.127582 0.443068 
1535135692400 0.239899 0.930817 -0.275733 -0.634416 -0.944621 0.289329 0.154852 -0.244969 0.223917 0.223314 0.948679 0.373417 0.16579 -0.140021 0.97617 0.383035 -0.981581 0.0718617 0.177016 -0.487673 -0.0949352 -0.987537 -0.125528 0.442565 
1535135692632 0.240663 0.930641 -0.27566 -0.634186 -0.944426 0.290049 0.154694 -0.24485 0.22392 0.223112 0.948726 0.373477 0.162721 -0.138717 0.976872 0.382991 -0.981562 0.0778797 0.174561 -0.48743 -0.100293 -0.987265 -0.123486 0.442062 
1535135692647 0.241426 0.930466 -0.275586 -0.633956 -0.944231 0.290768 0.154537 -0.244731 0.223922 0.222908 0.948773 0.373536 0.159658 -0.137394 0.977564 0.382947 -0.981502 0.0838916 0.172092 -0.487188 -0.105654 -0.986958 -0.121458 0.441559 
1535135693387 0.241007 0.930525 -0.275751 -0.634111 -0.944325 0.290408 0.154642 -0.244922 0.223978 0.223128 0.948708 0.3735 0.160341 -0.137358 0.977458 0.383071 -0.981472 0.0830506 0.172671 -0.487255 -0.104896 -0.987034 -0.121496 0.441931 
1535135693408 0.241243 0.930483 -0.275685 -0.633757 -0.944307 0.290581 0.154427 -0.24476 0.223801 0.223077 0.948762 0.373612 0.160196 -0.137408 0.977475 0.383081 -0.98145 0.0834863 0.172583 -0.487328 -0.10532 -0.98699 -0.121485 0.441817 
1535135693414 0.24148 0.930441 -0.275621 -0.633399 -0.944288 0.290756 0.154212 -0.244595 0.223624 0.223027 0.948816 0.373725 0.160049 -0.137458 0.977491 0.383092 -0.981429 0.0839229 0.172495 -0.4874 -0.105745 -0.986946 -0.121474 0.441703 
1535135693428 0.241717 0.930398 -0.275557 -0.633038 -0.944269 0.29093 0.153997 -0.24443 0.223447 0.222977 0.948869 0.373838 0.159903 -0.137509 0.977508 0.383102 -0.981407 0.0843594 0.172407 -0.487473 -0.106169 -0.986902 -0.121463 0.441589 
1535135693509 0.241954 0.930356 -0.275493 -0.632679 -0.94425 0.291105 0.153783 -0.244265 0.22327 0.222926 0.948923 0.373951 0.159756 -0.137559 0.977525 0.383112 -0.981385 0.0847958 0.172319 -0.487546 -0.106594 -0.986857 -0.121452 0.441475 
1535135693572 0.242191 0.930313 -0.275429 -0.632321 -0.944231 0.29128 0.153568 -0.244101 0.223093 0.222876 0.948976 0.374064 0.15961 -0.137609 0.977542 0.383122 -0.981362 0.0852324 0.172232 -0.487619 -0.107019 -0.986813 -0.121441 0.44136 
1535135693592 0.242428 0.93027 -0.275365 -0.631961 -0.944212 0.291455 0.153353 -0.243936 0.222916 0.222826 0.94903 0.374177 0.159463 -0.13766 0.977559 0.383133 -0.98134 0.0856687 0.172144 -0.487691 -0.107444 -0.986768 -0.12143 0.441246 
1535135693609 0.242665 0.930228 -0.2753 -0.631603 -0.944193 0.291629 0.153138 -0.243771 0.222739 0.222775 0.949083 0.37429 0.159317 -0.13771 0.977576 0.383143 -0.981317 0.0861052 0.172056 -0.487764 -0.107868 -0.986723 -0.121419 0.441132 
1535135693627 0.242902 0.930185 -0.275236 -0.631243 -0.944174 0.291804 0.152923 -0.243606 0.222562 0.222725 0.949136 0.374403 0.15917 -0.13776 0.977592 0.383153 -0.981294 0.0865416 0.171968 -0.487837 -0.108293 -0.986678 -0.121408 0.441018 
1535135693643 0.243139 0.930142 -0.275172 -0.630884 -0.944155 0.291979 0.152708 -0.243441 0.222384 0.222675 0.94919 0.374516 0.159024 -0.13781 0.977609 0.383164 -0.981271 0.086978 0.171881 -0.487909 -0.108717 -0.986632 -0.121397 0.440904 
1535135693894 0.241325 0.9306 -0.275218 -0.632923 -0.944375 0.290493 0.154172 -0.244135 0.223421 0.222704 0.948939 0.373907 0.159992 -0.13753 0.977491 0.383151 -0.981381 0.0844505 0.17251 -0.48746 -0.106275 -0.986891 -0.121458 0.441578 
1535135693898 0.241345 0.930523 -0.27546 -0.63242 -0.944257 0.290665 0.154574 -0.243983 0.223901 0.2228 0.948804 0.374062 0.160002 -0.137651 0.977472 0.383204 -0.981363 0.0845814 0.17255 -0.487588 -0.106428 -0.986863 -0.121552 0.441455 
1535135693905 0.241366 0.930446 -0.275703 -0.631912 -0.944137 0.290839 0.154976 -0.24383 0.224382 0.222896 0.948668 0.374218 0.160012 -0.137772 0.977453 0.383258 -0.981344 0.084712 0.172589 -0.487717 -0.10658 -0.986835 -0.121647 0.441331 
1535135694058 0.241387 0.930369 -0.275946 -0.631402 -0.944017 0.291014 0.155378 -0.243675 0.224863 0.222992 0.948531 0.374374 0.160022 -0.137893 0.977435 0.383311 -0.981326 0.0848425 0.172629 -0.487846 -0.106732 -0.986807 -0.121742 0.441208 
1535135694063 0.241408 0.930291 -0.276189 -0.630895 -0.943897 0.291188 0.15578 -0.243522 0.225344 0.223088 0.948395 0.374529 0.160033 -0.138015 0.977416 0.383365 -0.981308 0.084973 0.172669 -0.487975 -0.106885 -0.986778 -0.121836 0.441085 
1535135694195 0.241429 0.930214 -0.276432 -0.630386 -0.943777 0.291362 0.156182 -0.243367 0.225824 0.223183 0.948258 0.374685 0.160043 -0.138136 0.977397 0.383418 -0.98129 0.0851035 0.172708 -0.488104 -0.107037 -0.98675 -0.121931 0.440961 
1535135694287 0.241449 0.930136 -0.276675 -0.629877 -0.943657 0.291536 0.156584 -0.243213 0.226305 0.223279 0.948121 0.374842 0.160053 -0.138257 0.977378 0.383472 -0.981271 0.0852341 0.172748 -0.488233 -0.10719 -0.986722 -0.122026 0.440838 
1535135694351 0.24147 0.930059 -0.276918 -0.629369 -0.943536 0.29171 0.156985 -0.243059 0.226785 0.223375 0.947983 0.374997 0.160064 -0.138379 0.977359 0.383525 -0.981253 0.0853645 0.172788 -0.488362 -0.107342 -0.986694 -0.122121 0.440715 
1535135694485 0.24149 0.929981 -0.277161 -0.62886 -0.943415 0.291885 0.157387 -0.242905 0.227266 0.22347 0.947846 0.375153 0.160074 -0.1385 0.97734 0.383579 -0.981235 0.085495 0.172827 -0.488491 -0.107494 -0.986665 -0.122216 0.440592 
1535135694505 0.24151 0.929903 -0.277404 -0.628352 -0.943294 0.292059 0.157788 -0.242751 0.227746 0.223566 0.947708 0.375309 0.160084 -0.138621 0.977321 0.383632 -0.981216 0.0856256 0.172867 -0.48862 -0.107647 -0.986637 -0.12231 0.440468 
1535135694557 0.241001 0.930504 -0.275828 -0.630613 -0.943985 0.290753 0.15606 -0.243276 0.225413 0.222767 0.948453 0.374675 0.159771 -0.138227 0.977429 0.383415 -0.981341 0.0850602 0.17244 -0.488394 -0.106976 -0.986741 -0.122057 0.440884 
1535135694564 0.241 0.930462 -0.275969 -0.630052 -0.943926 0.290834 0.156264 -0.243067 0.225659 0.222835 0.948379 0.374843 0.163453 -0.138866 0.976729 0.383552 -0.981815 0.0739927 0.174824 -0.488828 -0.096548 -0.987543 -0.124246 0.441276 
1535135694571 0.240999 0.930421 -0.276109 -0.629488 -0.943868 0.290915 0.156468 -0.242857 0.225906 0.222901 0.948305 0.375012 0.167142 -0.139462 0.976019 0.38369 -0.982165 0.0629145 0.177184 -0.489268 -0.0861162 -0.988227 -0.126459 0.441667 
1535135694577 0.240997 0.93038 -0.276248 -0.628925 -0.943809 0.290995 0.156673 -0.242646 0.226152 0.222968 0.94823 0.37518 0.170835 -0.140016 0.9753 0.383828 -0.982389 0.0518274 0.179517 -0.489707 -0.0756827 -0.988792 -0.128697 0.442059 
1535135694933 0.240996 0.930339 -0.276388 -0.628361 -0.94375 0.291076 0.156877 -0.242436 0.226398 0.223034 0.948156 0.375349 0.174533 -0.140529 0.974572 0.383967 -0.982487 0.0407328 0.181824 -0.490148 -0.0652486 -0.989238 -0.130959 0.442451 
1535135695122 0.240995 0.930298 -0.276527 -0.627798 -0.943692 0.291156 0.157081 -0.242226 0.226644 0.223101 0.948081 0.375518 0.178234 -0.140999 0.973834 0.384105 -0.98246 0.0296324 0.184103 -0.490586 -0.0548155 -0.989566 -0.133245 0.442843 
1535135695329 0.240994 0.930256 -0.276667 -0.627234 -0.943633 0.291237 0.157284 -0.242015 0.226891 0.223168 0.948007 0.375686 0.181938 -0.141428 0.973086 0.384243 -0.982308 0.0185272 0.186355 -0.491027 -0.0443845 -0.989775 -0.135555 0.443235 
1535135695341 0.240993 0.930215 -0.276807 -0.626671 -0.943574 0.291318 0.157488 -0.241805 0.227137 0.223234 0.947932 0.375855 0.185645 -0.141815 0.972329 0.384381 -0.98203 0.00741906 0.18858 -0.491466 -0.0339571 -0.989865 -0.137889 0.443627 
1535135695348 0.240992 0.930174 -0.276947 -0.626106 -0.943515 0.291399 0.157692 -0.241595 0.227383 0.223301 0.947857 0.376023 0.189355 -0.142159 0.971563 0.384519 -0.981627 -0.00369103 0.190777 -0.491907 -0.0235345 -0.989837 -0.140246 0.444019 
1535135695720 0.24099 0.930133 -0.277086 -0.625543 -0.943456 0.29148 0.157896 -0.241384 0.227629 0.223367 0.947783 0.376192 0.193066 -0.142462 0.970788 0.384657 -0.981098 -0.0148012 0.192945 -0.492346 -0.0131183 -0.98969 -0.142626 0.444411 
1535135696281 0.240891 0.930182 -0.277007 -0.625784 -0.943502 0.29135 0.157859 -0.241396 0.227544 0.223329 0.947812 0.376134 0.185163 -0.141749 0.972431 0.384313 -0.982093 0.00831052 0.188214 -0.491378 -0.0347605 -0.989868 -0.137672 0.443454 
1535135696293 0.240976 0.930109 -0.277177 -0.625246 -0.943447 0.291494 0.157923 -0.241212 0.227681 0.223446 0.947752 0.376279 0.186852 -0.14216 0.972048 0.384381 -0.981865 0.00525695 0.189508 -0.491623 -0.0320505 -0.98983 -0.1386 0.443604 
1535135696301 0.241063 0.930036 -0.277347 -0.624704 -0.943391 0.291638 0.157987 -0.241027 0.227819 0.223562 0.947691 0.376424 0.188544 -0.142567 0.971661 0.384451 -0.981626 0.0022019 0.190801 -0.491873 -0.0293414 -0.989783 -0.139532 0.443754 
1535135696640 0.241149 0.929963 -0.277518 -0.624162 -0.943336 0.291782 0.158051 -0.240841 0.227957 0.223679 0.94763 0.376569 0.190237 -0.142968 0.971272 0.384521 -0.981377 -0.000853679 0.192091 -0.492123 -0.0266337 -0.989727 -0.140468 0.443904 
1535135696869 0.241235 0.929889 -0.277689 -0.62362 -0.943281 0.291926 0.158115 -0.240655 0.228094 0.223796 0.94757 0.376715 0.191931 -0.143364 0.970881 0.38459 -0.981117 -0.00390985 0.193377 -0.492373 -0.0239274 -0.989662 -0.141407 0.444055 
1535135696881 0.241321 0.929816 -0.27786 -0.623077 -0.943225 0.292071 0.158179 -0.240469 0.228232 0.223913 0.947509 0.376861 0.193625 -0.143755 0.970486 0.38466 -0.980846 -0.00696654 0.19466 -0.492624 -0.0212224 -0.989589 -0.14235 0.444205 
1535135697093 0.241408 0.929743 -0.278031 -0.622536 -0.94317 0.292215 0.158243 -0.240283 0.22837 0.224029 0.947448 0.377006 0.19532 -0.14414 0.97009 0.38473 -0.980565 -0.0100235 0.19594 -0.492874 -0.0185191 -0.989507 -0.143296 0.444355 
1535135697256 0.241494 0.929669 -0.278202 -0.621992 -0.943114 0.292359 0.158307 -0.240097 0.228508 0.224146 0.947387 0.377152 0.197016 -0.14452 0.96969 0.3848 -0.980273 -0.0130811 0.197216 -0.493125 -0.0158171 -0.989415 -0.144246 0.444506 
1535135697409 0.24158 0.929596 -0.278372 -0.621451 -0.943059 0.292504 0.158371 -0.239911 0.228646 0.224262 0.947327 0.377297 0.198712 -0.144895 0.969288 0.384869 -0.97997 -0.0161389 0.198489 -0.493375 -0.0131167 -0.989315 -0.145199 0.444656 
1535135697645 0.241666 0.929522 -0.278543 -0.620909 -0.943003 0.292648 0.158435 -0.239726 0.228784 0.224379 0.947266 0.377442 0.200408 -0.145264 0.968883 0.384939 -0.979657 -0.0191971 0.199758 -0.493624 -0.0104179 -0.989207 -0.146156 0.444806 
1535135698042 0.241505 0.929607 -0.278401 -0.621138 -0.943092 0.292423 0.158322 -0.23977 0.228588 0.224322 0.947326 0.37737 0.199949 -0.145175 0.968992 0.384919 -0.979746 -0.0186425 0.199375 -0.493497 -0.0108798 -0.98923 -0.145962 0.444727 
1535135698055 0.241629 0.929539 -0.278519 -0.620935 -0.942985 0.292636 0.158568 -0.239681 0.2289 0.224324 0.947251 0.377448 0.197351 -0.144252 0.969662 0.384879 -0.980194 -0.0123619 0.197656 -0.493336 -0.0165253 -0.989464 -0.143834 0.44429 
1535135698070 0.241754 0.929471 -0.278636 -0.620731 -0.942877 0.29285 0.158813 -0.239592 0.229211 0.224326 0.947175 0.377526 0.194757 -0.143312 0.970325 0.384838 -0.980601 -0.00608185 0.195921 -0.493171 -0.0221764 -0.989659 -0.141716 0.443853 
1535135698078 0.241878 0.929404 -0.278753 -0.620527 -0.94277 0.293063 0.159059 -0.239503 0.229522 0.224327 0.947099 0.377604 0.192167 -0.142356 0.970982 0.384797 -0.980968 0.000196692 0.194172 -0.493005 -0.0278324 -0.989816 -0.139608 0.443415 
1535135698292 0.242003 0.929336 -0.27887 -0.620323 -0.942662 0.293276 0.159304 -0.239414 0.229833 0.224328 0.947024 0.377683 0.189581 -0.141382 0.971633 0.384756 -0.981294 0.00647355 0.192408 -0.492839 -0.033493 -0.989934 -0.13751 0.442978 
1535135698383 0.242127 0.929269 -0.278988 -0.620119 -0.942554 0.293489 0.159549 -0.239325 0.230144 0.22433 0.946948 0.377761 0.187 -0.140392 0.972276 0.384715 -0.981579 0.0127484 0.19063 -0.492673 -0.0391579 -0.990014 -0.135422 0.44254 
1535135698406 0.242251 0.929201 -0.279105 -0.619915 -0.942446 0.293702 0.159794 -0.239235 0.230455 0.224331 0.946872 0.377839 0.184424 -0.139385 0.972913 0.384674 -0.981824 0.0190208 0.188838 -0.492508 -0.0448269 -0.990056 -0.133344 0.442103 
1535135698414 0.242376 0.929133 -0.279222 -0.619711 -0.942338 0.293915 0.16004 -0.239146 0.230766 0.224332 0.946796 0.377917 0.181853 -0.138362 0.973543 0.384633 -0.982028 0.0252909 0.187032 -0.492341 -0.0504998 -0.990059 -0.131276 0.441666 
1535135698516 0.2425 0.929066 -0.27934 -0.619507 -0.94223 0.294128 0.160285 -0.239057 0.231077 0.224333 0.94672 0.377995 0.179287 -0.137321 0.974166 0.384592 -0.982192 0.0315579 0.185212 -0.492176 -0.0561761 -0.990024 -0.129218 0.441228 
1535135698522 0.242624 0.928998 -0.279457 -0.619303 -0.942122 0.294342 0.16053 -0.238968 0.231388 0.224334 0.946643 0.378074 0.176725 -0.136264 0.974782 0.38455 -0.982315 0.0378219 0.183378 -0.492009 -0.061856 -0.98995 -0.12717 0.440791 
1535135699232 0.242231 0.92922 -0.279058 -0.619529 -0.942328 0.293794 0.160319 -0.238964 0.230957 0.22413 0.946797 0.378049 0.182335 -0.13839 0.973449 0.384656 -0.981995 0.0241094 0.187363 -0.492429 -0.0493984 -0.990084 -0.131502 0.442086 
1535135699362 0.242368 0.929079 -0.27941 -0.619241 -0.942233 0.294044 0.160421 -0.238848 0.231203 0.224389 0.946676 0.378161 0.181581 -0.137838 0.973668 0.384646 -0.982057 0.0258561 0.186806 -0.492431 -0.0509241 -0.990117 -0.13067 0.441885 
1535135699374 0.242504 0.928937 -0.279763 -0.618948 -0.942138 0.294294 0.160524 -0.238729 0.231449 0.224648 0.946554 0.378273 0.180827 -0.137285 0.973886 0.384635 -0.982115 0.0276034 0.186246 -0.492429 -0.0524514 -0.990147 -0.129838 0.441684 
1535135699613 0.24264 0.928795 -0.280116 -0.618654 -0.942042 0.294544 0.160627 -0.23861 0.231696 0.224907 0.946432 0.378386 0.180074 -0.136731 0.974104 0.384624 -0.982171 0.0293505 0.185685 -0.492426 -0.0539793 -0.990173 -0.129008 0.441483 
1535135699705 0.242775 0.928654 -0.280469 -0.618362 -0.941946 0.294793 0.160729 -0.238492 0.231942 0.225165 0.94631 0.378499 0.179322 -0.136175 0.97432 0.384613 -0.982223 0.031097 0.185123 -0.492424 -0.0555075 -0.990197 -0.128178 0.441282 
1535135699797 0.242911 0.928512 -0.280821 -0.618068 -0.941851 0.295043 0.160832 -0.238373 0.232188 0.225424 0.946188 0.378612 0.17857 -0.135618 0.974536 0.384602 -0.982273 0.0328432 0.184558 -0.492422 -0.0570363 -0.990217 -0.127349 0.441081 
1535135700035 0.243046 0.928369 -0.281174 -0.617775 -0.941755 0.295293 0.160934 -0.238254 0.232435 0.225683 0.946066 0.378724 0.177819 -0.13506 0.974751 0.384591 -0.982319 0.034589 0.183992 -0.492419 -0.0585656 -0.990234 -0.126521 0.44088 
1535135700094 0.243182 0.928227 -0.281527 -0.617482 -0.941659 0.295542 0.161036 -0.238135 0.232681 0.225941 0.945944 0.378837 0.177069 -0.1345 0.974965 0.384581 -0.982362 0.0363342 0.183425 -0.492418 -0.0600953 -0.990247 -0.125694 0.440679 
1535135700228 0.243317 0.928085 -0.281879 -0.61719 -0.941563 0.295792 0.161138 -0.238017 0.232927 0.2262 0.945822 0.378949 0.17632 -0.133939 0.975178 0.38457 -0.982402 0.0380791 0.182857 -0.492416 -0.0616255 -0.990258 -0.124868 0.440477 
1535135700399 0.243452 0.927942 -0.282232 -0.616896 -0.941467 0.296042 0.16124 -0.237898 0.233174 0.226458 0.945699 0.379062 0.175572 -0.133376 0.97539 0.384559 -0.982439 0.0398236 0.182286 -0.492413 -0.0631563 -0.990265 -0.124042 0.440276 
1535135700666 0.243282 0.928039 -0.282058 -0.617115 -0.941573 0.295789 0.161086 -0.237941 0.232924 0.226389 0.945777 0.378918 0.176176 -0.133727 0.975233 0.384625 -0.982407 0.0384726 0.182748 -0.492389 -0.061958 -0.990271 -0.124596 0.440542 
1535135700676 0.243378 0.928012 -0.282067 -0.616994 -0.941601 0.295831 0.160847 -0.237882 0.232712 0.226447 0.945815 0.378959 0.176033 -0.133452 0.975296 0.384612 -0.982417 0.0387966 0.182626 -0.492441 -0.06221 -0.990296 -0.124276 0.440469 
1535135700683 0.243475 0.927983 -0.282077 -0.616867 -0.941628 0.295874 0.160608 -0.23782 0.232501 0.226508 0.945853 0.379001 0.175886 -0.133177 0.97536 0.384599 -0.982427 0.0391215 0.182502 -0.492492 -0.0624628 -0.99032 -0.123956 0.440396 
1535135700693 0.243571 0.927955 -0.282088 -0.616741 -0.941655 0.295917 0.160368 -0.237758 0.232289 0.226568 0.94589 0.379042 0.175741 -0.132902 0.975424 0.384586 -0.982437 0.0394462 0.182379 -0.492543 -0.0627154 -0.990344 -0.123636 0.440323 
1535135700700 0.243667 0.927926 -0.282098 -0.616615 -0.941683 0.29596 0.160129 -0.237696 0.232077 0.226629 0.945928 0.379084 0.175595 -0.132627 0.975488 0.384573 -0.982447 0.0397709 0.182255 -0.492595 -0.0629681 -0.990368 -0.123316 0.44025 
1535135700707 0.243763 0.927898 -0.282108 -0.61649 -0.94171 0.296003 0.159889 -0.237635 0.231866 0.226689 0.945965 0.379125 0.175451 -0.132352 0.975551 0.38456 -0.982456 0.0400954 0.182132 -0.492646 -0.0632207 -0.990391 -0.122996 0.440177 
1535135700713 0.243859 0.927869 -0.282119 -0.616364 -0.941737 0.296046 0.15965 -0.237573 0.231654 0.22675 0.946003 0.379167 0.175305 -0.132077 0.975615 0.384547 -0.982466 0.0404201 0.182008 -0.492697 -0.0634736 -0.990415 -0.122676 0.440104 
1535135700720 0.243955 0.927841 -0.282129 -0.616238 -0.941764 0.296088 0.15941 -0.237512 0.231443 0.22681 0.94604 0.379209 0.17516 -0.131802 0.975678 0.384534 -0.982475 0.0407445 0.181885 -0.492748 -0.0637264 -0.990438 -0.122356 0.440031 
1535135700921 0.244052 0.927812 -0.28214 -0.616111 -0.941791 0.296131 0.159171 -0.23745 0.231231 0.226871 0.946077 0.379251 0.175015 -0.131527 0.975741 0.384521 -0.982485 0.0410693 0.18176 -0.4928 -0.0639793 -0.990461 -0.122036 0.439958 
1535135700944 0.244148 0.927784 -0.28215 -0.615986 -0.941818 0.296174 0.158931 -0.237388 0.231019 0.226931 0.946114 0.379292 0.17487 -0.131252 0.975804 0.384508 -0.982494 0.0413936 0.181637 -0.492851 -0.0642322 -0.990485 -0.121716 0.439885 
1535135700982 0.243462 0.928032 -0.281928 -0.61648 -0.94179 0.295681 0.160012 -0.237415 0.231857 0.22656 0.945998 0.379184 0.175357 -0.132299 0.975575 0.38456 -0.98247 0.0401683 0.182043 -0.492653 -0.0632713 -0.990396 -0.122936 0.440111 
1535135700995 0.243502 0.927992 -0.282024 -0.61626 -0.941786 0.29573 0.159947 -0.237345 0.231832 0.226659 0.945981 0.379246 0.17799 -0.13376 0.974899 0.384626 -0.982244 0.0355599 0.184209 -0.493083 -0.0593072 -0.990376 -0.125055 0.440516 
1535135701115 0.243542 0.927952 -0.282121 -0.61604 -0.941782 0.29578 0.159881 -0.237274 0.231808 0.226758 0.945963 0.379309 0.180628 -0.135208 0.974214 0.384694 -0.981993 0.0309474 0.186366 -0.493519 -0.0553475 -0.990334 -0.127183 0.440921 
1535135701140 0.243582 0.927912 -0.282218 -0.615819 -0.941777 0.295829 0.159816 -0.237203 0.231783 0.226858 0.945945 0.379371 0.183272 -0.136642 0.973519 0.384763 -0.981718 0.026331 0.188512 -0.493957 -0.0513925 -0.99027 -0.129319 0.441326 
1535135701147 0.243623 0.927872 -0.282315 -0.615598 -0.941773 0.295878 0.15975 -0.237132 0.231759 0.226958 0.945927 0.379434 0.18592 -0.138065 0.972816 0.38483 -0.981419 0.0217113 0.190645 -0.494392 -0.0474425 -0.990185 -0.131463 0.441731 
1535135701356 0.243663 0.927832 -0.282412 -0.615378 -0.941768 0.295927 0.159685 -0.237062 0.231734 0.227058 0.945909 0.379496 0.188573 -0.139474 0.972105 0.384898 -0.981095 0.0170878 0.192769 -0.494829 -0.0434973 -0.990078 -0.133615 0.442136 
1535135701376 0.243703 0.927792 -0.282509 -0.615157 -0.941764 0.295977 0.159619 -0.236991 0.231709 0.227157 0.945891 0.379559 0.19123 -0.14087 0.971384 0.384966 -0.980748 0.012461 0.194881 -0.495267 -0.0395572 -0.98995 -0.135775 0.442541 
1535135701382 0.243743 0.927752 -0.282606 -0.614936 -0.94176 0.296026 0.159554 -0.23692 0.231685 0.227257 0.945873 0.379621 0.193892 -0.142253 0.970654 0.385034 -0.980376 0.00783102 0.196981 -0.495703 -0.0356224 -0.989799 -0.137943 0.442946 
1535135701419 0.243784 0.927711 -0.282703 -0.614716 -0.941755 0.296075 0.159488 -0.236849 0.23166 0.227357 0.945855 0.379684 0.196557 -0.143623 0.969916 0.385102 -0.97998 0.00319796 0.19907 -0.496138 -0.0316929 -0.989627 -0.140119 0.443351 
1535135701668 0.243824 0.927671 -0.2828 -0.614495 -0.941751 0.296124 0.159423 -0.236778 0.231636 0.227456 0.945838 0.379746 0.199228 -0.14498 0.969169 0.38517 -0.97956 -0.00143831 0.201149 -0.496576 -0.0277686 -0.989434 -0.142303 0.443756 
1535135702173 0.24383 0.927693 -0.282724 -0.614699 -0.941771 0.296096 0.159356 -0.236893 0.231547 0.227405 0.945871 0.37965 0.193161 -0.142489 0.970765 0.384954 -0.980492 0.00866041 0.196368 -0.495626 -0.0363875 -0.989758 -0.138037 0.442416 
1535135702186 0.243888 0.927734 -0.282539 -0.614311 -0.941741 0.296134 0.159461 -0.236774 0.231607 0.227188 0.945909 0.379748 0.191806 -0.141497 0.971179 0.38492 -0.980693 0.0107848 0.195256 -0.495606 -0.038102 -0.98988 -0.136696 0.442198 
1535135702209 0.243947 0.927775 -0.282354 -0.613918 -0.941712 0.296173 0.159565 -0.236653 0.231666 0.226971 0.945947 0.379848 0.19045 -0.140502 0.97159 0.384885 -0.980889 0.0129083 0.19414 -0.49558 -0.0398186 -0.989996 -0.135359 0.44198 
1535135702420 0.244006 0.927815 -0.28217 -0.613525 -0.941682 0.296211 0.159668 -0.236532 0.231725 0.226755 0.945984 0.379947 0.189096 -0.139504 0.971999 0.38485 -0.98108 0.0150308 0.19302 -0.495552 -0.0415371 -0.990107 -0.134023 0.441761 
1535135702605 0.244064 0.927856 -0.281986 -0.613133 -0.941652 0.29625 0.159772 -0.236412 0.231784 0.226538 0.946022 0.380046 0.187744 -0.138504 0.972404 0.384815 -0.981265 0.0171518 0.191898 -0.495528 -0.043257 -0.990213 -0.132688 0.441543 
1535135702617 0.244123 0.927897 -0.281801 -0.612741 -0.941623 0.296288 0.159876 -0.23629 0.231842 0.226321 0.946059 0.380146 0.186393 -0.1375 0.972806 0.38478 -0.981445 0.0192719 0.190772 -0.495501 -0.0449788 -0.990314 -0.131356 0.441324 
1535135702863 0.244182 0.927937 -0.281617 -0.612347 -0.941593 0.296327 0.159979 -0.236169 0.231901 0.226105 0.946096 0.380245 0.185043 -0.136492 0.973206 0.384745 -0.98162 0.0213907 0.189643 -0.495474 -0.0467023 -0.99041 -0.130026 0.441105 
1535135702871 0.24424 0.927978 -0.281433 -0.611955 -0.941563 0.296365 0.160083 -0.236049 0.23196 0.225888 0.946134 0.380344 0.183695 -0.135482 0.973602 0.38471 -0.98179 0.023508 0.188511 -0.495448 -0.0484273 -0.990501 -0.128697 0.440887 
1535135703131 0.244299 0.928018 -0.281249 -0.611562 -0.941533 0.296404 0.160186 -0.235927 0.232019 0.225672 0.946171 0.380444 0.182348 -0.134469 0.973996 0.384674 -0.981954 0.0256243 0.187375 -0.495421 -0.0501541 -0.990586 -0.12737 0.440668 
1535135703230 0.244358 0.928058 -0.281064 -0.61117 -0.941504 0.296442 0.16029 -0.235807 0.232078 0.225455 0.946208 0.380543 0.181002 -0.133453 0.974386 0.384639 -0.982113 0.0277392 0.186237 -0.495395 -0.0518825 -0.990667 -0.126045 0.44045 
1535135703694 0.244455 0.927991 -0.281204 -0.611388 -0.941495 0.296543 0.160153 -0.235992 0.232009 0.225602 0.94619 0.380509 0.181489 -0.133778 0.974251 0.384662 -0.982061 0.0268883 0.186636 -0.495491 -0.0511639 -0.990646 -0.126499 0.440643 
1535135703707 0.24456 0.92794 -0.281279 -0.611034 -0.941338 0.296782 0.160633 -0.235856 0.232537 0.225494 0.946086 0.380609 0.182658 -0.132959 0.974145 0.384668 -0.982074 0.0222263 0.187179 -0.495693 -0.0465388 -0.990872 -0.126516 0.440711 
1535135703721 0.244694 0.927874 -0.281379 -0.610693 -0.941173 0.297055 0.161099 -0.235737 0.233064 0.225406 0.945977 0.380701 0.183826 -0.132135 0.974037 0.384674 -0.982065 0.0175641 0.187723 -0.4959 -0.0419129 -0.991076 -0.126537 0.44078 
1535135703727 0.244829 0.927808 -0.281479 -0.610351 -0.941007 0.297327 0.161564 -0.235618 0.233592 0.225318 0.945868 0.380793 0.184989 -0.131306 0.973929 0.384681 -0.982033 0.0129019 0.188268 -0.496107 -0.0372861 -0.991258 -0.12656 0.440848 
1535135703987 0.244963 0.927743 -0.281579 -0.61001 -0.940841 0.297599 0.16203 -0.235499 0.234119 0.225229 0.945759 0.380885 0.186148 -0.13047 0.97382 0.384688 -0.981979 0.00823987 0.188812 -0.496315 -0.0326585 -0.991418 -0.126585 0.440917 
1535135704147 0.245098 0.927677 -0.281679 -0.609668 -0.940674 0.297872 0.162495 -0.23538 0.234647 0.225141 0.945649 0.380978 0.187304 -0.12963 0.973711 0.384695 -0.981902 0.00357809 0.189356 -0.496523 -0.0280302 -0.991556 -0.126614 0.440985 
