1534187832563 -0.0681431 0.641849 -0.763797 -0.464026 -0.965634 0.150034 0.21223 -0.230656 0.250815 0.75201 0.609567 0.445951 0.16008 -0.304787 0.938871 0.370831 -0.775623 0.549475 0.310623 -0.528794 -0.61056 -0.777934 -0.14844 0.432481 
1534187832576 -0.0462047 0.666042 -0.744481 -0.478423 -0.965834 0.160469 0.203504 -0.229607 0.255008 0.728449 0.635872 0.443086 0.316221 -0.384863 0.867113 0.400797 -0.930002 -0.306262 0.203223 -0.504308 0.187351 -0.87068 -0.45477 0.485869 
1534187833493 -0.0243693 0.689411 -0.72396 -0.492877 -0.965684 0.171076 0.195417 -0.229248 0.258575 0.703879 0.661584 0.439859 0.316221 -0.384863 0.867113 0.400797 -0.930002 -0.306262 0.203223 -0.504308 0.187351 -0.87068 -0.45477 0.485869 
1534187834382 -0.00259478 0.711863 -0.702313 -0.50741 -0.965209 0.181849 0.187888 -0.229364 0.261465 0.678367 0.686625 0.436383 0.316221 -0.384863 0.867113 0.400797 -0.930002 -0.306262 0.203223 -0.504308 0.187351 -0.87068 -0.45477 0.485869 
1534187835236 0.0192197 0.733273 -0.679663 -0.521987 -0.964442 0.192819 0.180756 -0.229588 0.263595 0.652021 0.710905 0.432856 0.316221 -0.384863 0.867113 0.400797 -0.930002 -0.306262 0.203223 -0.504308 0.187351 -0.87068 -0.45477 0.485869 
1534187836119 0.0411139 0.753562 -0.656089 -0.536568 -0.963394 0.204003 0.17394 -0.229723 0.264919 0.624921 0.734365 0.429378 0.316221 -0.384863 0.867113 0.400797 -0.930002 -0.306262 0.203223 -0.504308 0.187351 -0.87068 -0.45477 0.485869 
1534187836967 0.0630649 0.772698 -0.631634 -0.551137 -0.962066 0.215392 0.167439 -0.229745 0.265429 0.597114 0.75697 0.425959 0.316221 -0.384863 0.867113 0.400797 -0.930002 -0.306262 0.203223 -0.504308 0.187351 -0.87068 -0.45477 0.485869 
1534187837827 0.0850274 0.79066 -0.606322 -0.565691 -0.960456 0.226966 0.161281 -0.229692 0.265133 0.568632 0.778693 0.422579 0.316221 -0.384863 0.867113 0.400797 -0.930002 -0.306262 0.203223 -0.504308 0.187351 -0.87068 -0.45477 0.485869 
1534187838688 0.106956 0.807433 -0.580183 -0.580234 -0.958563 0.238703 0.15549 -0.229599 0.264039 0.539511 0.799507 0.419219 0.316221 -0.384863 0.867113 0.400797 -0.930002 -0.306262 0.203223 -0.504308 0.187351 -0.87068 -0.45477 0.485869 
1534187839547 0.129188 0.822709 -0.553589 -0.593736 -0.956395 0.25085 0.149609 -0.228322 0.261953 0.510122 0.819241 0.416365 0.316278 -0.38491 0.867071 0.400985 -0.929997 -0.306233 0.203289 -0.504648 0.187278 -0.87067 -0.45482 0.486029 
1534187840405 0.129088 0.822219 -0.554339 -0.593482 -0.956455 0.250813 0.149288 -0.228521 0.261783 0.510929 0.818793 0.416338 0.316278 -0.38491 0.867071 0.400985 -0.929997 -0.306233 0.203289 -0.504648 0.187278 -0.87067 -0.45482 0.486029 
1534187840418 0.131244 0.823789 -0.551495 -0.595062 -0.956214 0.251989 0.148847 -0.228603 0.261589 0.507813 0.820791 0.415957 0.316221 -0.384863 0.867113 0.400795 -0.930002 -0.306262 0.203223 -0.504305 0.187351 -0.87068 -0.45477 0.485867 
1534187840736 0.133396 0.825346 -0.548643 -0.596646 -0.955971 0.253165 0.148412 -0.228689 0.261389 0.50469 0.822778 0.415575 0.31622 -0.384863 0.867113 0.400795 -0.930002 -0.306262 0.203222 -0.504304 0.187352 -0.87068 -0.454769 0.485867 
1534187841047 0.135548 0.82689 -0.545784 -0.598229 -0.955726 0.254341 0.147982 -0.228775 0.26118 0.501561 0.824755 0.415193 0.31622 -0.384863 0.867113 0.400795 -0.930002 -0.306262 0.203222 -0.504304 0.187351 -0.87068 -0.454769 0.485867 
1534187841361 0.137698 0.828421 -0.542916 -0.599813 -0.955478 0.255519 0.147555 -0.228861 0.260963 0.498426 0.826722 0.414811 0.31622 -0.384863 0.867113 0.400795 -0.930002 -0.306262 0.203222 -0.504304 0.187351 -0.87068 -0.454769 0.485867 
1534187841679 0.139847 0.829939 -0.54004 -0.601398 -0.955227 0.256697 0.147133 -0.228948 0.260738 0.495285 0.828679 0.414428 0.31622 -0.384863 0.867113 0.400795 -0.930002 -0.306262 0.203222 -0.504304 0.187351 -0.87068 -0.454769 0.485867 
1534187841685 0.141995 0.831444 -0.537157 -0.602981 -0.954973 0.257877 0.146715 -0.229033 0.260506 0.492138 0.830624 0.414046 0.31622 -0.384863 0.867113 0.400795 -0.930002 -0.306262 0.203222 -0.504304 0.187351 -0.87068 -0.454769 0.485867 
1534187841993 0.144141 0.832936 -0.534266 -0.604566 -0.954717 0.259057 0.146301 -0.22912 0.260265 0.488985 0.83256 0.413663 0.31622 -0.384863 0.867113 0.400795 -0.930002 -0.306262 0.203222 -0.504304 0.187351 -0.87068 -0.454769 0.485867 
1534187842443 0.146287 0.834415 -0.531368 -0.606149 -0.954459 0.260238 0.145891 -0.229206 0.260016 0.485827 0.834484 0.413281 0.31622 -0.384863 0.867113 0.400795 -0.930002 -0.306262 0.203222 -0.504304 0.187351 -0.87068 -0.454769 0.485867 
1534187842758 0.148431 0.83588 -0.528462 -0.607733 -0.954198 0.261421 0.145485 -0.229292 0.259759 0.482663 0.836398 0.412899 0.31622 -0.384863 0.867113 0.400795 -0.930002 -0.306262 0.203222 -0.504304 0.187351 -0.87068 -0.454769 0.485867 
1534187843095 0.148173 0.835551 -0.529054 -0.607484 -0.954257 0.261269 0.145371 -0.229367 0.25969 0.483314 0.836044 0.412931 0.31622 -0.384863 0.867113 0.400795 -0.930002 -0.306262 0.203222 -0.504304 0.187351 -0.87068 -0.454769 0.485867 
1534187843107 0.148902 0.835866 -0.528353 -0.607603 -0.954202 0.261656 0.14503 -0.229354 0.259472 0.48256 0.836546 0.412761 0.31622 -0.384863 0.867113 0.400795 -0.930002 -0.306262 0.203222 -0.504304 0.187351 -0.87068 -0.454769 0.485867 
1534187843126 0.14963 0.83618 -0.52765 -0.607726 -0.954148 0.262043 0.144691 -0.229345 0.259255 0.481806 0.837049 0.41259 0.31622 -0.384863 0.867113 0.400795 -0.930002 -0.306262 0.203222 -0.504304 0.187351 -0.87068 -0.454769 0.485867 
1534187843294 0.150358 0.836493 -0.526946 -0.607849 -0.954093 0.26243 0.144352 -0.229336 0.259036 0.48105 0.83755 0.412419 0.31622 -0.384863 0.867113 0.400795 -0.930002 -0.306262 0.203222 -0.504304 0.187351 -0.87068 -0.454769 0.485867 
1534187843429 0.151085 0.836806 -0.526241 -0.607972 -0.954037 0.262817 0.144014 -0.229328 0.258817 0.480295 0.838052 0.412248 0.31622 -0.384863 0.867113 0.400795 -0.930002 -0.306262 0.203222 -0.504304 0.187351 -0.87068 -0.454769 0.485867 
1534187843435 0.151812 0.837118 -0.525535 -0.608096 -0.953981 0.263204 0.143677 -0.229319 0.258598 0.479539 0.838552 0.412076 0.31622 -0.384863 0.867113 0.400795 -0.930002 -0.306262 0.203222 -0.504304 0.187351 -0.87068 -0.454769 0.485867 
1534187843638 0.152539 0.837429 -0.524829 -0.60822 -0.953925 0.263592 0.14334 -0.229311 0.258377 0.478783 0.839052 0.411905 0.31622 -0.384863 0.867113 0.400795 -0.930002 -0.306262 0.203222 -0.504304 0.187351 -0.87068 -0.454769 0.485867 
1534187843762 0.153266 0.837738 -0.524122 -0.608343 -0.953868 0.26398 0.143002 -0.229302 0.258156 0.478027 0.839551 0.411734 0.31622 -0.384863 0.867113 0.400795 -0.930002 -0.306262 0.203222 -0.504304 0.187351 -0.87068 -0.454769 0.485867 
1534187843899 0.153992 0.838047 -0.523415 -0.608466 -0.953811 0.264368 0.142665 -0.229293 0.257934 0.47727 0.840049 0.411562 0.31622 -0.384863 0.867113 0.400795 -0.930002 -0.306262 0.203222 -0.504304 0.187351 -0.87068 -0.454769 0.485867 
1534187844042 0.154718 0.838355 -0.522707 -0.60859 -0.953754 0.264756 0.142329 -0.229285 0.257712 0.476513 0.840547 0.411391 0.31622 -0.384863 0.867113 0.400795 -0.930002 -0.306262 0.203222 -0.504304 0.187351 -0.87068 -0.454769 0.485867 
1534187844181 0.154217 0.838083 -0.523292 -0.608456 -0.953762 0.264563 0.142634 -0.229348 0.257982 0.477099 0.840132 0.41155 0.31622 -0.384863 0.867113 0.400795 -0.930002 -0.306262 0.203222 -0.504304 0.187351 -0.87068 -0.454769 0.485867 
1534187844194 0.154384 0.838565 -0.52247 -0.608467 -0.953685 0.264658 0.142973 -0.229381 0.258168 0.476199 0.840585 0.411483 0.31622 -0.384863 0.867113 0.400795 -0.930002 -0.306262 0.203222 -0.504304 0.187351 -0.87068 -0.45477 0.485867 
1534187844212 0.154549 0.839047 -0.521647 -0.608481 -0.953608 0.26475 0.143313 -0.229418 0.258352 0.475298 0.841039 0.411415 0.31622 -0.384863 0.867113 0.400795 -0.930002 -0.306262 0.203222 -0.504304 0.187351 -0.87068 -0.45477 0.485867 
1534187844373 0.154714 0.839528 -0.520823 -0.608496 -0.953531 0.264843 0.143653 -0.229454 0.258537 0.474396 0.841491 0.411347 0.31622 -0.384863 0.867113 0.400795 -0.930002 -0.306262 0.203222 -0.504304 0.187351 -0.87068 -0.45477 0.485867 
1534187844380 0.15488 0.840008 -0.519998 -0.608511 -0.953455 0.264934 0.143993 -0.229491 0.258721 0.473493 0.841943 0.411279 0.31622 -0.384863 0.867113 0.400795 -0.930002 -0.306262 0.203222 -0.504304 0.187351 -0.87068 -0.45477 0.485867 
1534187844581 0.155045 0.840488 -0.519173 -0.608526 -0.953378 0.265026 0.144334 -0.229529 0.258905 0.47259 0.842394 0.41121 0.31622 -0.384863 0.867113 0.400795 -0.930002 -0.306262 0.203222 -0.504304 0.187351 -0.87068 -0.45477 0.485867 
1534187844726 0.155212 0.840967 -0.518348 -0.608541 -0.953301 0.265117 0.144674 -0.229565 0.259089 0.471686 0.842843 0.411142 0.31622 -0.384863 0.867113 0.400795 -0.930002 -0.306262 0.203222 -0.504304 0.187351 -0.87068 -0.45477 0.485867 
1534187844870 0.155377 0.841445 -0.517522 -0.608556 -0.953224 0.265208 0.145015 -0.229602 0.259273 0.470782 0.843292 0.411073 0.31622 -0.384863 0.867113 0.400795 -0.930002 -0.306262 0.203222 -0.504304 0.187351 -0.87068 -0.45477 0.485867 
1534187844876 0.155544 0.841922 -0.516695 -0.608571 -0.953147 0.265298 0.145355 -0.229639 0.259456 0.469877 0.84374 0.411005 0.31622 -0.384863 0.867113 0.400795 -0.930002 -0.306262 0.203222 -0.504304 0.187351 -0.87068 -0.45477 0.485867 
1534187845086 0.15571 0.842398 -0.515868 -0.608587 -0.95307 0.265388 0.145696 -0.229676 0.25964 0.468972 0.844188 0.410937 0.31622 -0.384863 0.867113 0.400795 -0.930002 -0.306262 0.203222 -0.504304 0.187351 -0.87068 -0.45477 0.485867 
1534187845243 0.15559 0.84196 -0.516619 -0.608622 -0.953123 0.265354 0.14541 -0.229648 0.259516 0.469778 0.843777 0.410937 0.31622 -0.384863 0.867113 0.400795 -0.930002 -0.306262 0.203222 -0.504304 0.187351 -0.87068 -0.45477 0.485867 
1534187845255 0.155421 0.842022 -0.516569 -0.608562 -0.953186 0.265136 0.145394 -0.229765 0.259386 0.469789 0.843811 0.410965 0.31622 -0.384863 0.867113 0.400795 -0.930002 -0.306262 0.203222 -0.504304 0.187351 -0.87068 -0.45477 0.485867 
1534187845273 0.15525 0.842085 -0.516517 -0.608505 -0.953249 0.264917 0.14538 -0.229887 0.259257 0.469799 0.843845 0.410991 0.31622 -0.384863 0.867113 0.400795 -0.930002 -0.306262 0.203222 -0.504304 0.187351 -0.87068 -0.45477 0.485867 
1534187845289 0.155079 0.842149 -0.516465 -0.608448 -0.953312 0.264698 0.145366 -0.230008 0.259127 0.469809 0.843879 0.411018 0.31622 -0.384863 0.867113 0.400795 -0.930002 -0.306262 0.203222 -0.504304 0.187351 -0.87068 -0.45477 0.485867 
1534187845342 0.154908 0.842212 -0.516413 -0.608391 -0.953375 0.264478 0.145353 -0.23013 0.258998 0.469819 0.843914 0.411044 0.31622 -0.384863 0.867113 0.400795 -0.930002 -0.306262 0.203222 -0.504304 0.187351 -0.87068 -0.45477 0.485867 
1534187845423 0.154737 0.842276 -0.516361 -0.608335 -0.953438 0.264259 0.145339 -0.230252 0.258868 0.469828 0.843948 0.41107 0.31622 -0.384863 0.867113 0.400795 -0.930002 -0.306262 0.203222 -0.504304 0.187351 -0.87068 -0.45477 0.485867 
1534187845429 0.154566 0.842339 -0.516309 -0.608278 -0.953501 0.26404 0.145325 -0.230373 0.258739 0.469838 0.843982 0.411097 0.31622 -0.384863 0.867113 0.400795 -0.930002 -0.306262 0.203222 -0.504304 0.187351 -0.87068 -0.45477 0.485867 
1534187845525 0.154395 0.842402 -0.516256 -0.608222 -0.953564 0.26382 0.145311 -0.230496 0.25861 0.469848 0.844017 0.411123 0.31622 -0.384863 0.867113 0.400795 -0.930002 -0.306262 0.203222 -0.504304 0.187351 -0.87068 -0.45477 0.485867 
1534187845582 0.154224 0.842466 -0.516204 -0.608165 -0.953626 0.263601 0.145297 -0.230617 0.25848 0.469858 0.844051 0.411149 0.31622 -0.384863 0.867113 0.400795 -0.930002 -0.306262 0.203222 -0.504304 0.187351 -0.87068 -0.45477 0.485867 
1534187845638 0.154052 0.842529 -0.516152 -0.608109 -0.953689 0.263382 0.145284 -0.23074 0.258351 0.469867 0.844085 0.411175 0.31622 -0.384863 0.867113 0.400795 -0.930002 -0.306262 0.203222 -0.504304 0.187351 -0.87068 -0.45477 0.485867 
1534187845696 0.154238 0.842537 -0.516083 -0.608218 -0.953637 0.263568 0.145285 -0.230392 0.258431 0.469747 0.844127 0.411149 0.31622 -0.384863 0.867113 0.400795 -0.930002 -0.306262 0.203222 -0.504304 0.187351 -0.87068 -0.45477 0.485867 
1534187845708 0.153751 0.842451 -0.516369 -0.60808 -0.953696 0.263236 0.1455 -0.230637 0.258503 0.470088 0.843915 0.411178 0.31622 -0.384863 0.867113 0.400795 -0.930002 -0.306262 0.203222 -0.504304 0.187351 -0.87068 -0.45477 0.485867 
1534187845725 0.153263 0.842365 -0.516654 -0.607944 -0.953755 0.262902 0.145716 -0.230887 0.258576 0.470429 0.843703 0.411205 0.31622 -0.384863 0.867113 0.400795 -0.930002 -0.306262 0.203222 -0.504304 0.187351 -0.87068 -0.45477 0.485867 
1534187845832 0.152774 0.842279 -0.51694 -0.607809 -0.953814 0.262569 0.145932 -0.231135 0.258648 0.47077 0.843491 0.411233 0.31622 -0.384863 0.867113 0.400795 -0.930002 -0.306262 0.203222 -0.504304 0.187351 -0.87068 -0.45477 0.485867 
1534187845935 0.152286 0.842192 -0.517225 -0.607674 -0.953873 0.262236 0.146148 -0.231385 0.25872 0.47111 0.843279 0.41126 0.31622 -0.384863 0.867113 0.400795 -0.930002 -0.306262 0.203222 -0.504304 0.187351 -0.87068 -0.45477 0.485867 
1534187846049 0.151797 0.842105 -0.51751 -0.607538 -0.953931 0.261902 0.146364 -0.231633 0.258791 0.471451 0.843066 0.411288 0.31622 -0.384863 0.867113 0.400795 -0.930002 -0.306262 0.203222 -0.504304 0.187351 -0.87068 -0.45477 0.485867 
1534187846146 0.151309 0.842018 -0.517795 -0.607403 -0.953989 0.261569 0.146581 -0.231883 0.258863 0.471792 0.842854 0.411315 0.31622 -0.384863 0.867113 0.400795 -0.930002 -0.306262 0.203222 -0.504304 0.187351 -0.87068 -0.45477 0.485867 
1534187846263 0.15082 0.84193 -0.51808 -0.607268 -0.954047 0.261236 0.146798 -0.232131 0.258934 0.472132 0.842641 0.411343 0.31622 -0.384863 0.867113 0.400795 -0.930002 -0.306262 0.203222 -0.504304 0.187351 -0.87068 -0.45477 0.485867 
1534187846270 0.150331 0.841843 -0.518364 -0.607133 -0.954105 0.260902 0.147015 -0.232381 0.259006 0.472473 0.842428 0.41137 0.31622 -0.384863 0.867113 0.400795 -0.930002 -0.306262 0.203222 -0.504304 0.187351 -0.87068 -0.45477 0.485867 
1534187846380 0.149842 0.841755 -0.518648 -0.606998 -0.954163 0.260569 0.147231 -0.23263 0.259076 0.472813 0.842216 0.411397 0.31622 -0.384863 0.867113 0.400795 -0.930002 -0.306262 0.203222 -0.504304 0.187351 -0.87068 -0.45477 0.485867 
1534187846589 0.150302 0.841854 -0.518355 -0.607155 -0.954134 0.260831 0.146952 -0.232372 0.258915 0.472493 0.842445 0.411334 0.31622 -0.384863 0.867113 0.400795 -0.930002 -0.306262 0.203222 -0.504304 0.187351 -0.87068 -0.45477 0.485867 
1534187846597 0.150038 0.841887 -0.518377 -0.606881 -0.954138 0.260678 0.1472 -0.232481 0.259056 0.472517 0.842388 0.411316 0.31622 -0.384863 0.867113 0.400795 -0.930002 -0.306262 0.203222 -0.504304 0.187351 -0.87068 -0.45477 0.485867 
1534187846614 0.149773 0.841921 -0.518399 -0.606601 -0.954141 0.260526 0.14745 -0.232588 0.259197 0.472542 0.842331 0.411298 0.31622 -0.384863 0.867113 0.400795 -0.930002 -0.306262 0.203222 -0.504304 0.187351 -0.87068 -0.45477 0.485867 
1534187846739 0.149508 0.841954 -0.518422 -0.606323 -0.954144 0.260374 0.147699 -0.232695 0.259339 0.472567 0.842273 0.41128 0.31622 -0.384863 0.867113 0.400795 -0.930002 -0.306262 0.203222 -0.504304 0.187351 -0.87068 -0.45477 0.485867 
1534187846835 0.149244 0.841987 -0.518444 -0.606043 -0.954147 0.260222 0.147948 -0.232802 0.25948 0.472591 0.842216 0.411262 0.31622 -0.384863 0.867113 0.400795 -0.930002 -0.306262 0.203222 -0.504304 0.187351 -0.87068 -0.45477 0.485867 
1534187846915 0.148979 0.84202 -0.518466 -0.605765 -0.95415 0.260069 0.148197 -0.23291 0.259622 0.472616 0.842158 0.411244 0.31622 -0.384863 0.867113 0.400795 -0.930002 -0.306262 0.203222 -0.504304 0.187351 -0.87068 -0.45477 0.485867 
1534187846997 0.148715 0.842053 -0.518488 -0.605486 -0.954153 0.259917 0.148445 -0.233016 0.259763 0.472641 0.842101 0.411226 0.31622 -0.384863 0.867113 0.400795 -0.930002 -0.306262 0.203222 -0.504304 0.187351 -0.87068 -0.45477 0.485867 
1534187847105 0.14845 0.842086 -0.51851 -0.605208 -0.954155 0.259765 0.148694 -0.233123 0.259904 0.472665 0.842043 0.411208 0.31622 -0.384863 0.867113 0.400795 -0.930002 -0.306262 0.203222 -0.504304 0.187351 -0.87068 -0.45477 0.485867 
1534187847183 0.148186 0.84212 -0.518532 -0.604929 -0.954158 0.259612 0.148944 -0.233231 0.260046 0.47269 0.841986 0.41119 0.31622 -0.384863 0.867113 0.400795 -0.930002 -0.306262 0.203222 -0.504304 0.187351 -0.87068 -0.45477 0.485867 
1534187847265 0.147922 0.842152 -0.518554 -0.604649 -0.95416 0.25946 0.149192 -0.233337 0.260187 0.472715 0.841928 0.411173 0.31622 -0.384863 0.867113 0.400795 -0.930002 -0.306262 0.203222 -0.504304 0.187351 -0.87068 -0.45477 0.485867 
1534187847370 0.148017 0.84211 -0.518595 -0.604982 -0.95419 0.259469 0.148988 -0.23312 0.260023 0.472786 0.841939 0.411135 0.31622 -0.384863 0.867113 0.400795 -0.930002 -0.306262 0.203222 -0.504304 0.187351 -0.87068 -0.45477 0.485867 
1534187847381 0.14751 0.842201 -0.518593 -0.604702 -0.954176 0.259203 0.14954 -0.233209 0.260363 0.47277 0.841843 0.411168 0.31622 -0.384863 0.867113 0.400795 -0.930002 -0.306262 0.203222 -0.504304 0.187351 -0.87068 -0.45477 0.485867 
1534187847397 0.147002 0.842292 -0.51859 -0.604419 -0.954162 0.258936 0.150091 -0.2333 0.260702 0.472755 0.841747 0.411199 0.31622 -0.384863 0.867113 0.400795 -0.930002 -0.306262 0.203222 -0.504304 0.187351 -0.87068 -0.45477 0.485867 
1534187847525 0.146494 0.842382 -0.518586 -0.604135 -0.954147 0.258669 0.150644 -0.233391 0.261042 0.472739 0.84165 0.41123 0.31622 -0.384863 0.867113 0.400795 -0.930002 -0.306262 0.203222 -0.504304 0.187351 -0.87068 -0.45477 0.485867 
1534187847619 0.145986 0.842473 -0.518582 -0.603853 -0.954132 0.258402 0.151195 -0.233481 0.261381 0.472724 0.841554 0.411262 0.31622 -0.384863 0.867113 0.400795 -0.930002 -0.306262 0.203222 -0.504304 0.187351 -0.87068 -0.45477 0.485867 
1534187847715 0.145478 0.842563 -0.518578 -0.60357 -0.954117 0.258136 0.151746 -0.233572 0.26172 0.472709 0.841457 0.411293 0.31622 -0.384863 0.867113 0.400795 -0.930002 -0.306262 0.203222 -0.504304 0.187351 -0.87068 -0.45477 0.485867 
1534187847791 0.144969 0.842654 -0.518574 -0.603286 -0.954101 0.257868 0.152299 -0.233664 0.262059 0.472693 0.84136 0.411324 0.31622 -0.384863 0.867113 0.400795 -0.930002 -0.306262 0.203222 -0.504304 0.187351 -0.87068 -0.45477 0.485867 
1534187847903 0.144461 0.842744 -0.518569 -0.603004 -0.954085 0.257601 0.15285 -0.233754 0.262398 0.472678 0.841263 0.411355 0.31622 -0.384863 0.867113 0.400795 -0.930002 -0.306262 0.203222 -0.504304 0.187351 -0.87068 -0.45477 0.485867 
1534187847985 0.143953 0.842834 -0.518564 -0.602721 -0.954069 0.257334 0.153402 -0.233845 0.262737 0.472663 0.841165 0.411387 0.31622 -0.384863 0.867113 0.400795 -0.930002 -0.306262 0.203222 -0.504304 0.187351 -0.87068 -0.45477 0.485867 
1534187848083 0.143445 0.842923 -0.518559 -0.602438 -0.954052 0.257067 0.153953 -0.233935 0.263075 0.472649 0.841068 0.411418 0.31622 -0.384863 0.867113 0.400795 -0.930002 -0.306262 0.203222 -0.504304 0.187351 -0.87068 -0.45477 0.485867 
1534187848183 0.143945 0.842875 -0.518499 -0.602756 -0.954097 0.257266 0.153337 -0.233784 0.262636 0.472627 0.841217 0.411379 0.31622 -0.384863 0.867113 0.400795 -0.930002 -0.306262 0.203222 -0.504304 0.187351 -0.87068 -0.45477 0.485867 
1534187848197 0.143627 0.842907 -0.518535 -0.602548 -0.954163 0.256968 0.153426 -0.233837 0.262571 0.472731 0.841179 0.411417 0.31622 -0.384863 0.867113 0.400795 -0.930002 -0.306262 0.203222 -0.504304 0.187351 -0.87068 -0.45477 0.485867 
1534187848213 0.143309 0.842939 -0.518572 -0.602335 -0.95423 0.25667 0.153513 -0.233887 0.262504 0.472837 0.84114 0.411456 0.31622 -0.384863 0.867113 0.400795 -0.930002 -0.306262 0.203222 -0.504304 0.187351 -0.87068 -0.45477 0.485867 
1534187848230 0.142991 0.84297 -0.518609 -0.602123 -0.954296 0.256372 0.1536 -0.233937 0.262437 0.472943 0.841101 0.411495 0.31622 -0.384863 0.867113 0.400795 -0.930002 -0.306262 0.203222 -0.504304 0.187351 -0.87068 -0.45477 0.485867 
1534187848354 0.142673 0.843001 -0.518646 -0.60191 -0.954362 0.256074 0.153687 -0.233986 0.26237 0.473049 0.841063 0.411535 0.31622 -0.384863 0.867113 0.400795 -0.930002 -0.306262 0.203222 -0.504304 0.187351 -0.87068 -0.45477 0.485867 
1534187848398 0.142355 0.843032 -0.518683 -0.601696 -0.954427 0.255777 0.153774 -0.234036 0.262303 0.473155 0.841024 0.411574 0.31622 -0.384863 0.867113 0.400795 -0.930002 -0.306262 0.203222 -0.504304 0.187351 -0.87068 -0.45477 0.485867 
1534187848486 0.142037 0.843063 -0.51872 -0.601484 -0.954493 0.255479 0.153861 -0.234086 0.262237 0.47326 0.840985 0.411613 0.31622 -0.384863 0.867113 0.400795 -0.930002 -0.306262 0.203222 -0.504304 0.187351 -0.87068 -0.45477 0.485867 
1534187848541 0.14172 0.843094 -0.518757 -0.601271 -0.954559 0.255181 0.153948 -0.234135 0.26217 0.473367 0.840947 0.411653 0.31622 -0.384863 0.867113 0.400795 -0.930002 -0.306262 0.203222 -0.504304 0.187351 -0.87068 -0.45477 0.485867 
1534187848615 0.141402 0.843124 -0.518794 -0.601059 -0.954624 0.254883 0.154035 -0.234185 0.262103 0.473472 0.840908 0.411692 0.31622 -0.384863 0.867113 0.400795 -0.930002 -0.306262 0.203222 -0.504304 0.187351 -0.87068 -0.45477 0.485867 
1534187848677 0.141084 0.843155 -0.518831 -0.600845 -0.95469 0.254585 0.154122 -0.234234 0.262035 0.473578 0.840869 0.411731 0.31622 -0.384863 0.867113 0.400795 -0.930002 -0.306262 0.203222 -0.504304 0.187351 -0.87068 -0.45477 0.485867 
1534187848749 0.141568 0.843228 -0.518579 -0.601186 -0.954614 0.25496 0.153973 -0.23412 0.262051 0.473245 0.841052 0.411737 0.31622 -0.384863 0.867113 0.400795 -0.930002 -0.306262 0.203222 -0.504304 0.187351 -0.87068 -0.45477 0.485867 
1534187848762 0.141341 0.843216 -0.518661 -0.601017 -0.954667 0.254746 0.153997 -0.234139 0.26198 0.473382 0.840997 0.411773 0.31622 -0.384863 0.867113 0.400795 -0.930002 -0.306262 0.203222 -0.504304 0.187351 -0.87068 -0.45477 0.485867 
1534187848779 0.141115 0.843203 -0.518744 -0.600844 -0.95472 0.254533 0.154021 -0.234155 0.261908 0.47352 0.840942 0.411811 0.31622 -0.384863 0.867113 0.400795 -0.930002 -0.306262 0.203222 -0.504304 0.187351 -0.87068 -0.45477 0.485867 
1534187848785 0.14089 0.84319 -0.518826 -0.600671 -0.954773 0.25432 0.154044 -0.234172 0.261836 0.473658 0.840886 0.411848 0.31622 -0.384863 0.867113 0.400795 -0.930002 -0.306262 0.203222 -0.504304 0.187351 -0.87068 -0.45477 0.485867 
1534187848822 0.140664 0.843176 -0.51891 -0.600498 -0.954826 0.254107 0.154068 -0.234188 0.261765 0.473797 0.840831 0.411886 0.31622 -0.384863 0.867113 0.400795 -0.930002 -0.306262 0.203222 -0.504304 0.187351 -0.87068 -0.45477 0.485867 
1534187848974 0.140439 0.843163 -0.518993 -0.600325 -0.954879 0.253894 0.154091 -0.234203 0.261693 0.473935 0.840775 0.411924 0.31622 -0.384863 0.867113 0.400795 -0.930002 -0.306262 0.203222 -0.504304 0.187351 -0.87068 -0.45477 0.485867 
1534187849005 0.140213 0.843149 -0.519075 -0.600152 -0.954932 0.253681 0.154114 -0.23422 0.261621 0.474073 0.84072 0.411961 0.31622 -0.384863 0.867113 0.400795 -0.930002 -0.306262 0.203222 -0.504304 0.187351 -0.87068 -0.45477 0.485867 
1534187849113 0.139988 0.843136 -0.519159 -0.599978 -0.954985 0.253468 0.154138 -0.234235 0.261549 0.474211 0.840664 0.411999 0.31622 -0.384863 0.867113 0.400795 -0.930002 -0.306262 0.203222 -0.504304 0.187351 -0.87068 -0.45477 0.485867 
1534187849158 0.139762 0.843122 -0.519241 -0.599806 -0.955037 0.253255 0.154161 -0.234251 0.261477 0.474349 0.840609 0.412036 0.31622 -0.384863 0.867113 0.400795 -0.930002 -0.306262 0.203222 -0.504304 0.187351 -0.87068 -0.45477 0.485867 
1534187849229 0.139536 0.843108 -0.519324 -0.599633 -0.95509 0.253042 0.154185 -0.234268 0.261406 0.474487 0.840553 0.412074 0.31622 -0.384863 0.867113 0.400795 -0.930002 -0.306262 0.203222 -0.504304 0.187351 -0.87068 -0.45477 0.485867 
1534187849310 0.139975 0.843124 -0.519181 -0.59994 -0.95494 0.253546 0.154285 -0.234224 0.261718 0.474191 0.840623 0.412045 0.31622 -0.384863 0.867113 0.400795 -0.930002 -0.306262 0.203222 -0.504304 0.187351 -0.87068 -0.45477 0.485867 
1534187849324 0.13973 0.843103 -0.519281 -0.599817 -0.954987 0.253335 0.154342 -0.234216 0.261679 0.474341 0.840551 0.412051 0.31622 -0.384863 0.867113 0.400795 -0.930002 -0.306262 0.203222 -0.504304 0.187351 -0.87068 -0.45477 0.485867 
1534187849341 0.139486 0.843081 -0.519382 -0.59969 -0.955033 0.253125 0.154398 -0.234206 0.261639 0.474491 0.840478 0.412057 0.31622 -0.384863 0.867113 0.400795 -0.930002 -0.306262 0.203222 -0.504304 0.187351 -0.87068 -0.45477 0.485867 
1534187849358 0.139241 0.843059 -0.519483 -0.599563 -0.95508 0.252915 0.154454 -0.234195 0.261599 0.474642 0.840406 0.412064 0.31622 -0.384863 0.867113 0.400795 -0.930002 -0.306262 0.203222 -0.504304 0.187351 -0.87068 -0.45477 0.485867 
1534187849380 0.138997 0.843038 -0.519584 -0.599436 -0.955127 0.252705 0.154509 -0.234184 0.261559 0.474792 0.840333 0.412071 0.31622 -0.384863 0.867113 0.400795 -0.930002 -0.306262 0.203222 -0.504304 0.187351 -0.87068 -0.45477 0.485867 
1534187849397 0.138753 0.843016 -0.519685 -0.599308 -0.955173 0.252496 0.154565 -0.234172 0.261519 0.474943 0.84026 0.412078 0.31622 -0.384863 0.867113 0.400795 -0.930002 -0.306262 0.203222 -0.504304 0.187351 -0.87068 -0.45477 0.485867 
1534187849551 0.138508 0.842994 -0.519786 -0.599182 -0.95522 0.252286 0.154621 -0.234162 0.261479 0.475093 0.840188 0.412084 0.31622 -0.384863 0.867113 0.400795 -0.930002 -0.306262 0.203222 -0.504304 0.187351 -0.87068 -0.45477 0.485867 
1534187849576 0.138264 0.842972 -0.519887 -0.599054 -0.955266 0.252076 0.154676 -0.23415 0.261439 0.475244 0.840115 0.412091 0.31622 -0.384863 0.867113 0.400795 -0.930002 -0.306262 0.203222 -0.504304 0.187351 -0.87068 -0.45477 0.485867 
1534187849582 0.13802 0.84295 -0.519987 -0.598927 -0.955312 0.251866 0.154732 -0.23414 0.261399 0.475394 0.840042 0.412098 0.31622 -0.384863 0.867113 0.400795 -0.930002 -0.306262 0.203222 -0.504304 0.187351 -0.87068 -0.45477 0.485867 
1534187849715 0.137775 0.842927 -0.520088 -0.598799 -0.955358 0.251657 0.154788 -0.234128 0.261358 0.475545 0.83997 0.412105 0.31622 -0.384863 0.867113 0.400795 -0.930002 -0.306262 0.203222 -0.504304 0.187351 -0.87068 -0.45477 0.485867 
1534187849754 0.138215 0.84306 -0.519756 -0.59907 -0.955282 0.251995 0.154711 -0.234114 0.261406 0.47513 0.84019 0.412115 0.31622 -0.384863 0.867113 0.400795 -0.930002 -0.306262 0.203222 -0.504304 0.187351 -0.87068 -0.45477 0.485867 
1534187849765 0.138087 0.843084 -0.519752 -0.598976 -0.955299 0.251886 0.15478 -0.234125 0.261411 0.475146 0.840179 0.412121 0.31622 -0.384863 0.867113 0.400795 -0.930002 -0.306262 0.203222 -0.504304 0.187351 -0.87068 -0.45477 0.485867 
1534187849783 0.137957 0.843107 -0.519748 -0.598876 -0.955317 0.251778 0.154849 -0.234135 0.261416 0.475161 0.840169 0.412128 0.31622 -0.384863 0.867113 0.400795 -0.930002 -0.306262 0.203222 -0.504304 0.187351 -0.87068 -0.45477 0.485867 
1534187849800 0.137828 0.843131 -0.519744 -0.598777 -0.955334 0.251669 0.154919 -0.234144 0.26142 0.475177 0.840158 0.412134 0.31622 -0.384863 0.867113 0.400795 -0.930002 -0.306262 0.203222 -0.504304 0.187351 -0.87068 -0.45477 0.485867 
1534187849816 0.137699 0.843154 -0.51974 -0.598677 -0.955351 0.251561 0.154988 -0.234153 0.261425 0.475193 0.840148 0.412141 0.31622 -0.384863 0.867113 0.400795 -0.930002 -0.306262 0.203222 -0.504304 0.187351 -0.87068 -0.45477 0.485867 
1534187849832 0.13757 0.843178 -0.519736 -0.598579 -0.955369 0.251452 0.155057 -0.234163 0.26143 0.475208 0.840138 0.412147 0.31622 -0.384863 0.867113 0.400795 -0.930002 -0.306262 0.203222 -0.504304 0.187351 -0.87068 -0.45477 0.485867 
1534187849849 0.137441 0.843201 -0.519733 -0.598479 -0.955386 0.251344 0.155126 -0.234172 0.261434 0.475224 0.840127 0.412154 0.31622 -0.384863 0.867113 0.400795 -0.930002 -0.306262 0.203222 -0.504304 0.187351 -0.87068 -0.45477 0.485867 
1534187849855 0.137312 0.843225 -0.519729 -0.59838 -0.955403 0.251235 0.155196 -0.234181 0.261439 0.47524 0.840117 0.41216 0.31622 -0.384863 0.867113 0.400795 -0.930002 -0.306262 0.203222 -0.504304 0.187351 -0.87068 -0.45477 0.485867 
1534187849950 0.137183 0.843248 -0.519725 -0.59828 -0.95542 0.251127 0.155265 -0.234189 0.261444 0.475256 0.840107 0.412167 0.31622 -0.384863 0.867113 0.400795 -0.930002 -0.306262 0.203222 -0.504304 0.187351 -0.87068 -0.45477 0.485867 
1534187849974 0.137054 0.843271 -0.519721 -0.598181 -0.955438 0.251019 0.155334 -0.234199 0.261448 0.475272 0.840096 0.412174 0.31622 -0.384863 0.867113 0.400795 -0.930002 -0.306262 0.203222 -0.504304 0.187351 -0.87068 -0.45477 0.485867 
1534187850006 0.137349 0.84337 -0.519483 -0.598491 -0.955429 0.251166 0.155151 -0.23403 0.261326 0.475019 0.840277 0.412233 0.31622 -0.384863 0.867113 0.400795 -0.930002 -0.306262 0.203222 -0.504304 0.187351 -0.87068 -0.45477 0.485867 
1534187850020 0.137207 0.843395 -0.519479 -0.598401 -0.955456 0.251031 0.1552 -0.234041 0.261301 0.475045 0.84027 0.412218 0.31622 -0.384863 0.867113 0.400795 -0.930002 -0.306262 0.203222 -0.504304 0.187351 -0.87068 -0.45477 0.485867 
1534187850037 0.137065 0.84342 -0.519477 -0.598308 -0.955483 0.250898 0.15525 -0.234052 0.261276 0.475072 0.840263 0.412203 0.31622 -0.384863 0.867113 0.400795 -0.930002 -0.306262 0.203222 -0.504304 0.187351 -0.87068 -0.45477 0.485867 
1534187850055 0.136924 0.843445 -0.519474 -0.598214 -0.95551 0.250764 0.155299 -0.234063 0.261251 0.475098 0.840255 0.412188 0.31622 -0.384863 0.867113 0.400795 -0.930002 -0.306262 0.203222 -0.504304 0.187351 -0.87068 -0.45477 0.485867 
1534187850070 0.136782 0.843469 -0.519471 -0.598119 -0.955537 0.250631 0.155348 -0.234073 0.261227 0.475125 0.840248 0.412173 0.31622 -0.384863 0.867113 0.400795 -0.930002 -0.306262 0.203222 -0.504304 0.187351 -0.87068 -0.45477 0.485867 
1534187850087 0.136641 0.843494 -0.519468 -0.598024 -0.955564 0.250497 0.155397 -0.234083 0.261202 0.475152 0.840241 0.412159 0.31622 -0.384863 0.867113 0.400795 -0.930002 -0.306262 0.203222 -0.504304 0.187351 -0.87068 -0.45477 0.485867 
1534187850105 0.1365 0.843519 -0.519465 -0.597931 -0.955591 0.250364 0.155446 -0.234093 0.261177 0.475178 0.840233 0.412144 0.31622 -0.384863 0.867113 0.400795 -0.930002 -0.306262 0.203222 -0.504304 0.187351 -0.87068 -0.45477 0.485867 
1534187850156 0.136358 0.843543 -0.519463 -0.597836 -0.955618 0.250231 0.155495 -0.234102 0.261152 0.475205 0.840226 0.412129 0.31622 -0.384863 0.867113 0.400795 -0.930002 -0.306262 0.203222 -0.504304 0.187351 -0.87068 -0.45477 0.485867 
1534187850163 0.136217 0.843568 -0.51946 -0.597742 -0.955645 0.250097 0.155544 -0.234113 0.261127 0.475232 0.840219 0.412114 0.31622 -0.384863 0.867113 0.400795 -0.930002 -0.306262 0.203222 -0.504304 0.187351 -0.87068 -0.45477 0.485867 
1534187850238 0.136075 0.843592 -0.519457 -0.597648 -0.955672 0.249964 0.155593 -0.234123 0.261103 0.475258 0.840211 0.412099 0.31622 -0.384863 0.867113 0.400795 -0.930002 -0.306262 0.203222 -0.504304 0.187351 -0.87068 -0.45477 0.485867 
1534187850275 0.13643 0.843647 -0.519275 -0.597985 -0.955621 0.250233 0.155472 -0.233986 0.261104 0.475019 0.840346 0.412214 0.31622 -0.384863 0.867113 0.400795 -0.930002 -0.306262 0.203222 -0.504304 0.187351 -0.87068 -0.45477 0.485867 
1534187850287 0.136252 0.843674 -0.519278 -0.597906 -0.955596 0.250174 0.155723 -0.234009 0.261289 0.475003 0.840298 0.412201 0.31622 -0.384863 0.867113 0.400795 -0.930002 -0.306262 0.203222 -0.504304 0.187351 -0.87068 -0.45477 0.485867 
1534187850302 0.136073 0.843702 -0.51928 -0.597827 -0.95557 0.250114 0.155974 -0.234037 0.261475 0.474985 0.84025 0.412184 0.31622 -0.384863 0.867113 0.400795 -0.930002 -0.306262 0.203222 -0.504304 0.187351 -0.87068 -0.45477 0.485867 
1534187850320 0.135895 0.84373 -0.519281 -0.597749 -0.955545 0.250055 0.156225 -0.234065 0.261661 0.474966 0.840203 0.412169 0.31622 -0.384863 0.867113 0.400795 -0.930002 -0.306262 0.203222 -0.504304 0.187351 -0.87068 -0.45477 0.485867 
1534187850336 0.135717 0.843757 -0.519283 -0.59767 -0.95552 0.249995 0.156476 -0.234091 0.261846 0.474949 0.840155 0.412153 0.31622 -0.384863 0.867113 0.400795 -0.930002 -0.306262 0.203222 -0.504304 0.187351 -0.87068 -0.45477 0.485867 
1534187850354 0.135538 0.843785 -0.519284 -0.597593 -0.955494 0.249935 0.156728 -0.234119 0.262032 0.47493 0.840107 0.412137 0.31622 -0.384863 0.867113 0.400795 -0.930002 -0.306262 0.203222 -0.504304 0.187351 -0.87068 -0.45477 0.485867 
1534187850360 0.13536 0.843813 -0.519286 -0.597514 -0.955468 0.249876 0.156978 -0.234145 0.262217 0.474913 0.84006 0.412122 0.31622 -0.384863 0.867113 0.400795 -0.930002 -0.306262 0.203222 -0.504304 0.187351 -0.87068 -0.45477 0.485867 
1534187850462 0.135181 0.843841 -0.519287 -0.597437 -0.955443 0.249816 0.15723 -0.234174 0.262403 0.474894 0.840012 0.412106 0.31622 -0.384863 0.867113 0.400795 -0.930002 -0.306262 0.203222 -0.504304 0.187351 -0.87068 -0.45477 0.485867 
1534187850479 0.135002 0.843869 -0.519288 -0.597358 -0.955417 0.249756 0.157481 -0.2342 0.262589 0.474876 0.839964 0.41209 0.31622 -0.384863 0.867113 0.400795 -0.930002 -0.306262 0.203222 -0.504304 0.187351 -0.87068 -0.45477 0.485867 
1534187850514 0.134824 0.843896 -0.51929 -0.59728 -0.955391 0.249697 0.157732 -0.234227 0.262774 0.474859 0.839916 0.412075 0.31622 -0.384863 0.867113 0.400795 -0.930002 -0.306262 0.203222 -0.504304 0.187351 -0.87068 -0.45477 0.485867 
1534187850578 0.13538 0.843804 -0.519295 -0.597524 -0.955451 0.249921 0.157011 -0.234135 0.262269 0.474905 0.840048 0.412061 0.31622 -0.384863 0.867113 0.400795 -0.930002 -0.306262 0.203222 -0.504304 0.187351 -0.87068 -0.45477 0.485867 
1534187850592 0.135262 0.843877 -0.519208 -0.597465 -0.955461 0.249816 0.157117 -0.234146 0.262294 0.474831 0.840082 0.412031 0.31622 -0.384863 0.867113 0.400795 -0.930002 -0.306262 0.203222 -0.504304 0.187351 -0.87068 -0.45477 0.485867 
1534187850609 0.135142 0.84395 -0.519119 -0.597406 -0.955471 0.24971 0.157226 -0.234162 0.26232 0.474756 0.840116 0.411998 0.31622 -0.384863 0.867113 0.400795 -0.930002 -0.306262 0.203222 -0.504304 0.187351 -0.87068 -0.45477 0.485867 
1534187850625 0.135022 0.844024 -0.519031 -0.597348 -0.955481 0.249604 0.157334 -0.234177 0.262346 0.474681 0.840151 0.411965 0.31622 -0.384863 0.867113 0.400795 -0.930002 -0.306262 0.203222 -0.504304 0.187351 -0.87068 -0.45477 0.485867 
1534187850642 0.134902 0.844097 -0.518943 -0.597289 -0.955491 0.249498 0.157442 -0.234191 0.262372 0.474606 0.840185 0.411933 0.31622 -0.384863 0.867113 0.400795 -0.930002 -0.306262 0.203222 -0.504304 0.187351 -0.87068 -0.45477 0.485867 
1534187850659 0.134782 0.844171 -0.518854 -0.597232 -0.955501 0.249392 0.157551 -0.234207 0.262398 0.474531 0.840219 0.4119 0.31622 -0.384863 0.867113 0.400795 -0.930002 -0.306262 0.203222 -0.504304 0.187351 -0.87068 -0.45477 0.485867 
1534187850675 0.134662 0.844244 -0.518766 -0.597173 -0.95551 0.249287 0.157659 -0.234221 0.262424 0.474456 0.840253 0.411868 0.31622 -0.384863 0.867113 0.400795 -0.930002 -0.306262 0.203222 -0.504304 0.187351 -0.87068 -0.45477 0.485867 
1534187850692 0.134541 0.844318 -0.518678 -0.597116 -0.95552 0.24918 0.157767 -0.234237 0.26245 0.474381 0.840287 0.411835 0.31622 -0.384863 0.867113 0.400795 -0.930002 -0.306262 0.203222 -0.504304 0.187351 -0.87068 -0.45477 0.485867 
1534187850743 0.134421 0.844391 -0.518589 -0.597058 -0.95553 0.249074 0.157875 -0.234252 0.262476 0.474306 0.840322 0.411803 0.31622 -0.384863 0.867113 0.400795 -0.930002 -0.306262 0.203222 -0.504304 0.187351 -0.87068 -0.45477 0.485867 
1534187850821 0.134301 0.844465 -0.518501 -0.597001 -0.95554 0.248968 0.157984 -0.234268 0.262502 0.47423 0.840356 0.41177 0.31622 -0.384863 0.867113 0.400795 -0.930002 -0.306262 0.203222 -0.504304 0.187351 -0.87068 -0.45477 0.485867 
1534187850849 0.134798 0.844228 -0.518756 -0.59723 -0.955459 0.249459 0.157697 -0.234187 0.26254 0.474393 0.840252 0.411887 0.31622 -0.384863 0.867113 0.400795 -0.930002 -0.306262 0.203222 -0.504304 0.187351 -0.87068 -0.45477 0.485867 
1534187850861 0.134672 0.844215 -0.51881 -0.597124 -0.955511 0.2493 0.157634 -0.234216 0.262416 0.4745 0.840231 0.41188 0.31622 -0.384863 0.867113 0.400795 -0.930002 -0.306262 0.203222 -0.504304 0.187351 -0.87068 -0.45477 0.485867 
1534187850877 0.134547 0.844202 -0.518865 -0.597012 -0.955563 0.249141 0.157571 -0.234242 0.262292 0.474607 0.840209 0.411873 0.31622 -0.384863 0.867113 0.400795 -0.930002 -0.306262 0.203222 -0.504304 0.187351 -0.87068 -0.45477 0.485867 
1534187850894 0.134422 0.844188 -0.51892 -0.596899 -0.955614 0.248984 0.157507 -0.234267 0.262168 0.474715 0.840187 0.411867 0.31622 -0.384863 0.867113 0.400795 -0.930002 -0.306262 0.203222 -0.504304 0.187351 -0.87068 -0.45477 0.485867 
1534187850913 0.134297 0.844174 -0.518974 -0.596789 -0.955666 0.248825 0.157444 -0.234294 0.262044 0.474822 0.840165 0.411861 0.31622 -0.384863 0.867113 0.400795 -0.930002 -0.306262 0.203222 -0.504304 0.187351 -0.87068 -0.45477 0.485867 
1534187850954 0.134172 0.84416 -0.519029 -0.596677 -0.955718 0.248667 0.15738 -0.234319 0.26192 0.47493 0.840143 0.411854 0.31622 -0.384863 0.867113 0.400795 -0.930002 -0.306262 0.203222 -0.504304 0.187351 -0.87068 -0.45477 0.485867 
1534187851028 0.134047 0.844146 -0.519084 -0.596564 -0.955769 0.248509 0.157316 -0.234344 0.261795 0.475037 0.840121 0.411848 0.31622 -0.384863 0.867113 0.400795 -0.930002 -0.306262 0.203222 -0.504304 0.187351 -0.87068 -0.45477 0.485867 
1534187851062 0.133922 0.844133 -0.519139 -0.596453 -0.955821 0.248351 0.157253 -0.23437 0.261671 0.475144 0.840099 0.411842 0.31622 -0.384863 0.867113 0.400795 -0.930002 -0.306262 0.203222 -0.504304 0.187351 -0.87068 -0.45477 0.485867 
1534187851079 0.133797 0.844119 -0.519194 -0.596343 -0.955872 0.248193 0.15719 -0.234396 0.261547 0.475251 0.840077 0.411836 0.31622 -0.384863 0.867113 0.400795 -0.930002 -0.306262 0.203222 -0.504304 0.187351 -0.87068 -0.45477 0.485867 
1534187851118 0.133672 0.844105 -0.519249 -0.59623 -0.955924 0.248035 0.157126 -0.23442 0.261423 0.475359 0.840055 0.41183 0.31622 -0.384863 0.867113 0.400795 -0.930002 -0.306262 0.203222 -0.504304 0.187351 -0.87068 -0.45477 0.485867 
1534187851205 0.134268 0.844091 -0.519117 -0.596512 -0.95569 0.248791 0.157351 -0.234433 0.26197 0.474988 0.840094 0.411858 0.31622 -0.384863 0.867113 0.400795 -0.930002 -0.306262 0.203222 -0.504304 0.187351 -0.87068 -0.45477 0.485867 
1534187851214 0.134013 0.844072 -0.519214 -0.596344 -0.95571 0.248621 0.1575 -0.234476 0.262029 0.475111 0.840006 0.411868 0.31622 -0.384863 0.867113 0.400795 -0.930002 -0.306262 0.203222 -0.504304 0.187351 -0.87068 -0.45477 0.485867 
1534187851231 0.13376 0.844052 -0.519311 -0.596173 -0.955729 0.248452 0.157648 -0.234518 0.262087 0.475234 0.839919 0.411878 0.31622 -0.384863 0.867113 0.400795 -0.930002 -0.306262 0.203222 -0.504304 0.187351 -0.87068 -0.45477 0.485867 
1534187851248 0.133506 0.844032 -0.519409 -0.596001 -0.955749 0.248283 0.157795 -0.234559 0.262145 0.475358 0.839831 0.411889 0.31622 -0.384863 0.867113 0.400795 -0.930002 -0.306262 0.203222 -0.504304 0.187351 -0.87068 -0.45477 0.485867 
1534187851264 0.133253 0.844012 -0.519506 -0.595829 -0.955769 0.248114 0.157943 -0.2346 0.262202 0.475481 0.839742 0.4119 0.31622 -0.384863 0.867113 0.400795 -0.930002 -0.306262 0.203222 -0.504304 0.187351 -0.87068 -0.45477 0.485867 
1534187851412 0.133 0.843992 -0.519604 -0.595656 -0.955788 0.247945 0.15809 -0.23464 0.26226 0.475605 0.839654 0.411911 0.31622 -0.384863 0.867113 0.400795 -0.930002 -0.306262 0.203222 -0.504304 0.187351 -0.87068 -0.45477 0.485867 
1534187851444 0.132747 0.843972 -0.519701 -0.595485 -0.955807 0.247776 0.158238 -0.234681 0.262318 0.475729 0.839566 0.411921 0.31622 -0.384863 0.867113 0.400795 -0.930002 -0.306262 0.203222 -0.504304 0.187351 -0.87068 -0.45477 0.485867 
1534187851493 0.132494 0.843952 -0.519799 -0.595312 -0.955827 0.247608 0.158385 -0.234721 0.262375 0.475853 0.839478 0.411932 0.31622 -0.384863 0.867113 0.400795 -0.930002 -0.306262 0.203222 -0.504304 0.187351 -0.87068 -0.45477 0.485867 
