1534185651762 0.30981 0.919312 -0.24266 -0.565973 -0.942483 0.33061 0.0492166 -0.193782 0.125471 0.213455 0.968862 0.342011 0.16008 -0.304787 0.938871 0.370831 -0.775623 0.549475 0.310623 -0.528794 -0.61056 -0.777934 -0.14844 0.432481 
1534185651772 0.309827 0.919788 -0.240826 -0.568994 -0.942072 0.331202 0.0529658 -0.194426 0.128479 0.210465 0.969122 0.341959 0.316241 -0.38488 0.867098 0.400864 -0.930001 -0.306251 0.203246 -0.504429 0.187325 -0.870677 -0.454788 0.485926 
1534185652389 0.309871 0.920253 -0.238987 -0.571919 -0.941648 0.331793 0.0566727 -0.195006 0.131447 0.20748 0.969368 0.341782 0.316241 -0.38488 0.867098 0.400864 -0.930001 -0.306251 0.203246 -0.504429 0.187325 -0.870677 -0.454788 0.485926 
1534185652764 0.309921 0.920712 -0.237147 -0.574842 -0.941213 0.332374 0.0603795 -0.195585 0.134414 0.204493 0.969596 0.341604 0.316241 -0.38488 0.867098 0.400864 -0.930001 -0.306251 0.203246 -0.504429 0.187325 -0.870677 -0.454788 0.485926 
1534185653136 0.309977 0.921165 -0.235306 -0.577763 -0.940767 0.332943 0.0640863 -0.196163 0.137378 0.201503 0.969806 0.341424 0.316241 -0.38488 0.867098 0.400864 -0.930001 -0.306251 0.203246 -0.504429 0.187325 -0.870677 -0.454788 0.485926 
1534185653515 0.310039 0.921613 -0.233464 -0.580682 -0.940309 0.333501 0.0677929 -0.19674 0.140339 0.19851 0.969999 0.341242 0.316241 -0.38488 0.867098 0.400864 -0.930001 -0.306251 0.203246 -0.504429 0.187325 -0.870677 -0.454788 0.485926 
1534185653894 0.310106 0.922055 -0.231621 -0.583599 -0.93984 0.334048 0.0714993 -0.197317 0.143299 0.195514 0.970175 0.341059 0.316241 -0.38488 0.867098 0.400864 -0.930001 -0.306251 0.203246 -0.504429 0.187325 -0.870677 -0.454788 0.485926 
1534185654276 0.310176 0.922493 -0.229777 -0.586531 -0.93936 0.334582 0.0752139 -0.197903 0.146264 0.192514 0.970333 0.3409 0.316241 -0.38488 0.867098 0.400864 -0.930001 -0.306251 0.203246 -0.504429 0.187325 -0.870677 -0.454788 0.485926 
1534185654659 0.310251 0.922925 -0.227933 -0.589465 -0.938869 0.335104 0.078929 -0.198491 0.149227 0.189511 0.970472 0.340742 0.316241 -0.38488 0.867098 0.400864 -0.930001 -0.306251 0.203246 -0.504429 0.187325 -0.870677 -0.454788 0.485926 
1534185655046 0.310381 0.923307 -0.226203 -0.591815 -0.938349 0.335675 0.0826059 -0.198855 0.152201 0.186618 0.970571 0.340734 0.316531 -0.385118 0.866887 0.401814 -0.929976 -0.306103 0.20358 -0.50615 0.186955 -0.870623 -0.455042 0.486735 
1534185655407 0.310867 0.922957 -0.226963 -0.591563 -0.938265 0.336121 0.0817332 -0.199009 0.151723 0.187543 0.970468 0.340539 0.316531 -0.385118 0.866887 0.401814 -0.929976 -0.306103 0.20358 -0.50615 0.186955 -0.870623 -0.455042 0.486735 
1534185655419 0.310823 0.923039 -0.22669 -0.591944 -0.938224 0.336124 0.0821958 -0.199076 0.152066 0.187138 0.970492 0.340527 0.316221 -0.384863 0.867113 0.400797 -0.930002 -0.306262 0.203223 -0.504308 0.187351 -0.87068 -0.45477 0.485869 
1534185655436 0.310779 0.923121 -0.226417 -0.592324 -0.938183 0.336125 0.0826596 -0.199143 0.152409 0.186732 0.970517 0.340515 0.316221 -0.384863 0.867113 0.400797 -0.930002 -0.306262 0.203223 -0.504308 0.187351 -0.87068 -0.45477 0.485869 
1534185655606 0.310736 0.923202 -0.226144 -0.592705 -0.938142 0.336126 0.0831234 -0.199211 0.152752 0.186325 0.970541 0.340503 0.316221 -0.384863 0.867113 0.400797 -0.930002 -0.306262 0.203223 -0.504308 0.187351 -0.87068 -0.45477 0.485869 
1534185655752 0.310692 0.923284 -0.225871 -0.593085 -0.9381 0.336127 0.0835869 -0.199278 0.153096 0.18592 0.970564 0.34049 0.316221 -0.384863 0.867113 0.400797 -0.930002 -0.306262 0.203223 -0.504308 0.187351 -0.87068 -0.45477 0.485869 
1534185655896 0.310649 0.923365 -0.225598 -0.593466 -0.938058 0.336128 0.0840505 -0.199345 0.153439 0.185514 0.970588 0.340478 0.316221 -0.384863 0.867113 0.400797 -0.930002 -0.306262 0.203223 -0.504308 0.187351 -0.87068 -0.45477 0.485869 
1534185656027 0.310605 0.923446 -0.225324 -0.593846 -0.938017 0.336128 0.0845144 -0.199412 0.153782 0.185107 0.970611 0.340466 0.316221 -0.384863 0.867113 0.400797 -0.930002 -0.306262 0.203223 -0.504308 0.187351 -0.87068 -0.45477 0.485869 
1534185656163 0.310562 0.923528 -0.225051 -0.594227 -0.937975 0.336128 0.084978 -0.199479 0.154126 0.184701 0.970634 0.340454 0.316221 -0.384863 0.867113 0.400797 -0.930002 -0.306262 0.203223 -0.504308 0.187351 -0.87068 -0.45477 0.485869 
1534185656170 0.310519 0.923609 -0.224778 -0.594607 -0.937933 0.336128 0.0854416 -0.199546 0.154469 0.184295 0.970657 0.340442 0.316221 -0.384863 0.867113 0.400797 -0.930002 -0.306262 0.203223 -0.504308 0.187351 -0.87068 -0.45477 0.485869 
1534185656371 0.310476 0.92369 -0.224505 -0.594988 -0.93789 0.336128 0.0859052 -0.199614 0.154812 0.183889 0.970679 0.34043 0.316221 -0.384863 0.867113 0.400797 -0.930002 -0.306262 0.203223 -0.504308 0.187351 -0.87068 -0.45477 0.485869 
1534185656523 0.310418 0.923697 -0.224552 -0.594776 -0.937955 0.336022 0.085611 -0.199535 0.154533 0.184045 0.970694 0.340496 0.316221 -0.384863 0.867113 0.400797 -0.930002 -0.306262 0.203223 -0.504308 0.187351 -0.87068 -0.45477 0.485869 
1534185656537 0.310623 0.923585 -0.224731 -0.594821 -0.937978 0.33613 0.0849347 -0.19959 0.153983 0.18441 0.970712 0.34043 0.31622 -0.384863 0.867113 0.400796 -0.930002 -0.306262 0.203222 -0.504305 0.187351 -0.87068 -0.45477 0.485867 
1534185656553 0.310828 0.923472 -0.22491 -0.594868 -0.938 0.336239 0.0842574 -0.199641 0.153433 0.184776 0.97073 0.340367 0.316221 -0.384863 0.867113 0.400795 -0.930002 -0.306262 0.203223 -0.504305 0.187351 -0.87068 -0.45477 0.485867 
1534185656570 0.311034 0.92336 -0.225089 -0.594915 -0.938022 0.336347 0.0835799 -0.199692 0.152882 0.185142 0.970747 0.340305 0.31622 -0.384863 0.867113 0.400795 -0.930002 -0.306262 0.203222 -0.504305 0.187352 -0.87068 -0.454769 0.485867 
1534185656666 0.311239 0.923247 -0.225268 -0.594962 -0.938043 0.336455 0.0829028 -0.199745 0.152332 0.185508 0.970763 0.340241 0.31622 -0.384863 0.867113 0.400795 -0.930002 -0.306262 0.203222 -0.504305 0.187352 -0.87068 -0.454769 0.485867 
1534185656690 0.311445 0.923134 -0.225446 -0.595008 -0.938064 0.336563 0.0822257 -0.199797 0.151782 0.185874 0.97078 0.340177 0.31622 -0.384863 0.867113 0.400795 -0.930002 -0.306262 0.203222 -0.504305 0.187352 -0.87068 -0.454769 0.485867 
1534185656723 0.311651 0.923021 -0.225625 -0.595055 -0.938085 0.336671 0.0815479 -0.199848 0.151232 0.186241 0.970795 0.340115 0.31622 -0.384863 0.867113 0.400795 -0.930002 -0.306262 0.203222 -0.504304 0.187352 -0.87068 -0.454769 0.485867 
1534185656773 0.311856 0.922908 -0.225803 -0.595102 -0.938105 0.336778 0.0808705 -0.1999 0.150681 0.186607 0.970811 0.340052 0.31622 -0.384863 0.867113 0.400795 -0.930002 -0.306262 0.203222 -0.504304 0.187352 -0.87068 -0.454769 0.485867 
1534185656814 0.312062 0.922795 -0.225981 -0.595148 -0.938125 0.336885 0.0801931 -0.199952 0.150131 0.186973 0.970825 0.339988 0.31622 -0.384863 0.867113 0.400795 -0.930002 -0.306262 0.203222 -0.504304 0.187352 -0.87068 -0.454769 0.485867 
1534185656846 0.312268 0.922681 -0.226158 -0.595195 -0.938144 0.336991 0.0795156 -0.200004 0.149581 0.187339 0.97084 0.339925 0.31622 -0.384863 0.867113 0.400795 -0.930002 -0.306262 0.203222 -0.504304 0.187352 -0.87068 -0.454769 0.485867 
1534185656889 0.31176 0.922974 -0.225665 -0.595043 -0.938092 0.336727 0.0812293 -0.199943 0.15096 0.18637 0.970813 0.340116 0.31622 -0.384863 0.867113 0.400795 -0.930002 -0.306262 0.203222 -0.504304 0.187352 -0.87068 -0.454769 0.485867 
1534185656899 0.312079 0.922855 -0.225708 -0.595073 -0.938101 0.3369 0.0804051 -0.199951 0.150243 0.186644 0.970871 0.340115 0.31622 -0.384863 0.867113 0.400795 -0.930002 -0.306262 0.203222 -0.504304 0.187351 -0.87068 -0.454769 0.485867 
1534185656916 0.312399 0.922736 -0.225754 -0.595099 -0.938109 0.337073 0.0795798 -0.199956 0.149527 0.186921 0.970929 0.340116 0.31622 -0.384863 0.867113 0.400795 -0.930002 -0.306262 0.203222 -0.504304 0.187351 -0.87068 -0.454769 0.485867 
1534185656933 0.312718 0.922617 -0.225799 -0.595126 -0.938117 0.337246 0.0787546 -0.199961 0.14881 0.187198 0.970985 0.340117 0.31622 -0.384863 0.867113 0.400795 -0.930002 -0.306262 0.203222 -0.504304 0.187351 -0.87068 -0.454769 0.485867 
1534185656949 0.313038 0.922498 -0.225844 -0.595152 -0.938124 0.337418 0.0779293 -0.199966 0.148093 0.187474 0.971042 0.340117 0.31622 -0.384863 0.867113 0.400795 -0.930002 -0.306262 0.203222 -0.504304 0.187351 -0.87068 -0.454769 0.485867 
1534185657044 0.313357 0.922379 -0.225888 -0.595179 -0.93813 0.337591 0.0771041 -0.199972 0.147377 0.187751 0.971097 0.340118 0.31622 -0.384863 0.867113 0.400795 -0.930002 -0.306262 0.203222 -0.504304 0.187351 -0.87068 -0.454769 0.485867 
1534185657072 0.313676 0.922259 -0.225932 -0.595204 -0.938135 0.337763 0.0762786 -0.199977 0.14666 0.188028 0.971152 0.340118 0.31622 -0.384863 0.867113 0.400795 -0.930002 -0.306262 0.203222 -0.504304 0.187351 -0.87068 -0.454769 0.485867 
1534185657114 0.313996 0.92214 -0.225976 -0.595231 -0.93814 0.337934 0.0754533 -0.199983 0.145944 0.188305 0.971206 0.340119 0.31622 -0.384863 0.867113 0.400795 -0.930002 -0.306262 0.203222 -0.504304 0.187351 -0.87068 -0.454769 0.485867 
1534185657171 0.314315 0.92202 -0.22602 -0.595258 -0.938145 0.338106 0.0746279 -0.199988 0.145227 0.188582 0.97126 0.340119 0.31622 -0.384863 0.867113 0.400795 -0.930002 -0.306262 0.203222 -0.504304 0.187351 -0.87068 -0.454769 0.485867 
1534185657210 0.314634 0.921901 -0.226063 -0.595283 -0.938148 0.338277 0.0738022 -0.199993 0.14451 0.18886 0.971313 0.34012 0.31622 -0.384863 0.867113 0.400795 -0.930002 -0.306262 0.203222 -0.504304 0.187351 -0.87068 -0.454769 0.485867 
1534185657261 0.313909 0.922189 -0.225895 -0.595243 -0.938171 0.337841 0.0754914 -0.199943 0.145934 0.18823 0.971222 0.340138 0.31622 -0.384863 0.867113 0.400795 -0.930002 -0.306262 0.203222 -0.504304 0.187351 -0.87068 -0.454769 0.485867 
1534185657272 0.313854 0.922157 -0.226105 -0.595246 -0.938172 0.337826 0.0755393 -0.199977 0.146043 0.188417 0.97117 0.340183 0.31622 -0.384863 0.867113 0.400795 -0.930002 -0.306262 0.203222 -0.504304 0.187351 -0.87068 -0.454769 0.485867 
1534185657289 0.313797 0.922124 -0.226316 -0.595244 -0.938174 0.337811 0.0755863 -0.200009 0.146152 0.188605 0.971117 0.34023 0.31622 -0.384863 0.867113 0.400795 -0.930002 -0.306262 0.203222 -0.504304 0.187351 -0.87068 -0.454769 0.485867 
1534185657305 0.313741 0.922091 -0.226528 -0.595242 -0.938176 0.337795 0.0756333 -0.200041 0.146261 0.188794 0.971064 0.340277 0.31622 -0.384863 0.867113 0.400795 -0.930002 -0.306262 0.203222 -0.504304 0.187351 -0.87068 -0.454769 0.485867 
1534185657322 0.313685 0.922058 -0.22674 -0.595239 -0.938178 0.33778 0.0756803 -0.200073 0.14637 0.188982 0.971011 0.340324 0.31622 -0.384863 0.867113 0.400795 -0.930002 -0.306262 0.203222 -0.504304 0.187351 -0.87068 -0.454769 0.485867 
1534185657339 0.313629 0.922025 -0.226952 -0.595237 -0.938179 0.337764 0.0757273 -0.200105 0.146479 0.189171 0.970957 0.34037 0.31622 -0.384863 0.867113 0.400795 -0.930002 -0.306262 0.203222 -0.504304 0.187351 -0.87068 -0.454769 0.485867 
1534185657402 0.313573 0.921992 -0.227163 -0.595235 -0.938181 0.337749 0.0757744 -0.200137 0.146587 0.189359 0.970904 0.340417 0.31622 -0.384863 0.867113 0.400795 -0.930002 -0.306262 0.203222 -0.504304 0.187351 -0.87068 -0.454769 0.485867 
1534185657426 0.313517 0.921959 -0.227375 -0.595232 -0.938183 0.337733 0.0758214 -0.200169 0.146696 0.189548 0.970851 0.340464 0.31622 -0.384863 0.867113 0.400795 -0.930002 -0.306262 0.203222 -0.504304 0.187351 -0.87068 -0.454769 0.485867 
1534185657444 0.313461 0.921926 -0.227586 -0.595231 -0.938185 0.337718 0.0758685 -0.200201 0.146805 0.189736 0.970798 0.34051 0.31622 -0.384863 0.867113 0.400795 -0.930002 -0.306262 0.203222 -0.504304 0.187351 -0.87068 -0.454769 0.485867 
1534185657464 0.313404 0.921893 -0.227798 -0.595229 -0.938187 0.337702 0.0759156 -0.200233 0.146914 0.189925 0.970745 0.340557 0.31622 -0.384863 0.867113 0.400795 -0.930002 -0.306262 0.203222 -0.504304 0.187351 -0.87068 -0.454769 0.485867 
1534185657494 0.313825 0.921939 -0.22703 -0.595234 -0.938093 0.337989 0.0757979 -0.200217 0.146615 0.189187 0.970934 0.340394 0.31622 -0.384863 0.867113 0.400795 -0.930002 -0.306262 0.203222 -0.504304 0.187351 -0.87068 -0.454769 0.485867 
1534185657509 0.313711 0.921976 -0.227039 -0.595239 -0.938139 0.337869 0.075769 -0.200221 0.146567 0.189225 0.970934 0.340388 0.31622 -0.384863 0.867113 0.400795 -0.930002 -0.306262 0.203222 -0.504304 0.187351 -0.87068 -0.45477 0.485867 
1534185657526 0.313597 0.922012 -0.227047 -0.595245 -0.938184 0.337748 0.0757403 -0.200228 0.146518 0.18926 0.970934 0.340381 0.31622 -0.384863 0.867113 0.400795 -0.930002 -0.306262 0.203222 -0.504304 0.187351 -0.87068 -0.45477 0.485867 
1534185657544 0.313482 0.922049 -0.227055 -0.595255 -0.93823 0.337627 0.0757118 -0.200235 0.14647 0.189296 0.970934 0.340374 0.31622 -0.384863 0.867113 0.400795 -0.930002 -0.306262 0.203222 -0.504304 0.187351 -0.87068 -0.45477 0.485867 
1534185657559 0.313368 0.922086 -0.227063 -0.595262 -0.938276 0.337507 0.075683 -0.200241 0.146422 0.189331 0.970935 0.340367 0.31622 -0.384863 0.867113 0.400795 -0.930002 -0.306262 0.203222 -0.504304 0.187351 -0.87068 -0.45477 0.485867 
1534185657576 0.313253 0.922123 -0.227071 -0.59527 -0.938321 0.337386 0.0756543 -0.200248 0.146373 0.189367 0.970935 0.34036 0.31622 -0.384863 0.867113 0.400795 -0.930002 -0.306262 0.203222 -0.504304 0.187351 -0.87068 -0.45477 0.485867 
1534185657592 0.313139 0.92216 -0.227079 -0.595279 -0.938367 0.337265 0.0756257 -0.200255 0.146325 0.189402 0.970936 0.340352 0.31622 -0.384863 0.867113 0.400795 -0.930002 -0.306262 0.203222 -0.504304 0.187351 -0.87068 -0.45477 0.485867 
1534185657617 0.313025 0.922197 -0.227087 -0.595287 -0.938413 0.337145 0.075597 -0.200261 0.146277 0.189438 0.970936 0.340345 0.31622 -0.384863 0.867113 0.400795 -0.930002 -0.306262 0.203222 -0.504304 0.187351 -0.87068 -0.45477 0.485867 
1534185657634 0.312911 0.922233 -0.227095 -0.595295 -0.938458 0.337024 0.0755683 -0.200268 0.146228 0.189473 0.970936 0.340339 0.31622 -0.384863 0.867113 0.400795 -0.930002 -0.306262 0.203222 -0.504304 0.187351 -0.87068 -0.45477 0.485867 
1534185657650 0.312796 0.92227 -0.227103 -0.595304 -0.938504 0.336903 0.0755397 -0.200275 0.14618 0.189509 0.970937 0.340331 0.31622 -0.384863 0.867113 0.400795 -0.930002 -0.306262 0.203222 -0.504304 0.187351 -0.87068 -0.45477 0.485867 
1534185657670 0.313374 0.921974 -0.227508 -0.595247 -0.938227 0.337609 0.0758264 -0.200243 0.146719 0.189692 0.970819 0.340459 0.31622 -0.384863 0.867113 0.400795 -0.930002 -0.306262 0.203222 -0.504304 0.187351 -0.87068 -0.45477 0.485867 
1534185657684 0.313382 0.921982 -0.227466 -0.595252 -0.938247 0.337584 0.0756889 -0.20023 0.146573 0.1897 0.97084 0.34046 0.31622 -0.384863 0.867113 0.400795 -0.930002 -0.306262 0.203222 -0.504304 0.187351 -0.87068 -0.45477 0.485867 
1534185657700 0.313392 0.921989 -0.227426 -0.595259 -0.938267 0.337561 0.0755509 -0.200215 0.146427 0.189709 0.97086 0.340461 0.31622 -0.384863 0.867113 0.400795 -0.930002 -0.306262 0.203222 -0.504304 0.187351 -0.87068 -0.45477 0.485867 
1534185657717 0.313401 0.921996 -0.227385 -0.595266 -0.938287 0.337537 0.0754132 -0.2002 0.146281 0.189717 0.970881 0.340462 0.31622 -0.384863 0.867113 0.400795 -0.930002 -0.306262 0.203222 -0.504304 0.187351 -0.87068 -0.45477 0.485867 
1534185657735 0.313411 0.922002 -0.227344 -0.595274 -0.938306 0.337514 0.075275 -0.200185 0.146135 0.189726 0.970901 0.340463 0.31622 -0.384863 0.867113 0.400795 -0.930002 -0.306262 0.203222 -0.504304 0.187351 -0.87068 -0.45477 0.485867 
1534185657750 0.31342 0.922009 -0.227303 -0.59528 -0.938326 0.33749 0.0751371 -0.20017 0.14599 0.189735 0.970921 0.340464 0.31622 -0.384863 0.867113 0.400795 -0.930002 -0.306262 0.203222 -0.504304 0.187351 -0.87068 -0.45477 0.485867 
1534185657767 0.313429 0.922016 -0.227262 -0.595287 -0.938345 0.337466 0.0749992 -0.200156 0.145844 0.189743 0.970941 0.340465 0.31622 -0.384863 0.867113 0.400795 -0.930002 -0.306262 0.203222 -0.504304 0.187351 -0.87068 -0.45477 0.485867 
1534185657796 0.313439 0.922023 -0.227222 -0.595295 -0.938365 0.337443 0.0748615 -0.20014 0.145698 0.189752 0.970961 0.340467 0.31622 -0.384863 0.867113 0.400795 -0.930002 -0.306262 0.203222 -0.504304 0.187351 -0.87068 -0.45477 0.485867 
1534185657813 0.313448 0.92203 -0.227181 -0.595302 -0.938384 0.337419 0.0747236 -0.200125 0.145552 0.189761 0.970982 0.340468 0.31622 -0.384863 0.867113 0.400795 -0.930002 -0.306262 0.203222 -0.504304 0.187351 -0.87068 -0.45477 0.485867 
1534185657829 0.313457 0.922037 -0.22714 -0.595309 -0.938404 0.337395 0.0745857 -0.200111 0.145407 0.18977 0.971002 0.340469 0.31622 -0.384863 0.867113 0.400795 -0.930002 -0.306262 0.203222 -0.504304 0.187351 -0.87068 -0.45477 0.485867 
1534185657855 0.313068 0.922111 -0.227377 -0.595331 -0.938407 0.3372 0.0754277 -0.200184 0.146224 0.189758 0.970881 0.340384 0.31622 -0.384863 0.867113 0.400795 -0.930002 -0.306262 0.203222 -0.504304 0.187351 -0.87068 -0.45477 0.485867 
1534185657866 0.31313 0.922132 -0.227205 -0.595337 -0.938411 0.337214 0.0753133 -0.200167 0.146066 0.189629 0.97093 0.340374 0.31622 -0.384863 0.867113 0.400795 -0.930002 -0.306262 0.203222 -0.504304 0.187351 -0.87068 -0.45477 0.485867 
1534185657882 0.313192 0.922154 -0.227032 -0.595348 -0.938415 0.337228 0.0751984 -0.200152 0.145906 0.189498 0.97098 0.340363 0.31622 -0.384863 0.867113 0.400795 -0.930002 -0.306262 0.203222 -0.504304 0.187351 -0.87068 -0.45477 0.485867 
1534185657899 0.313254 0.922175 -0.226858 -0.595358 -0.938419 0.337243 0.0750836 -0.200137 0.145747 0.189368 0.971029 0.340352 0.31622 -0.384863 0.867113 0.400795 -0.930002 -0.306262 0.203222 -0.504304 0.187351 -0.87068 -0.45477 0.485867 
1534185657916 0.313316 0.922197 -0.226685 -0.595369 -0.938423 0.337257 0.0749688 -0.200122 0.145587 0.189237 0.971079 0.34034 0.31622 -0.384863 0.867113 0.400795 -0.930002 -0.306262 0.203222 -0.504304 0.187351 -0.87068 -0.45477 0.485867 
1534185657932 0.313378 0.922218 -0.226511 -0.595378 -0.938427 0.337271 0.0748539 -0.200107 0.145427 0.189107 0.971128 0.340329 0.31622 -0.384863 0.867113 0.400795 -0.930002 -0.306262 0.203222 -0.504304 0.187351 -0.87068 -0.45477 0.485867 
1534185657949 0.31344 0.92224 -0.226338 -0.59539 -0.938431 0.337286 0.0747391 -0.200092 0.145268 0.188976 0.971177 0.340318 0.31622 -0.384863 0.867113 0.400795 -0.930002 -0.306262 0.203222 -0.504304 0.187351 -0.87068 -0.45477 0.485867 
1534185657966 0.313502 0.922261 -0.226164 -0.595399 -0.938435 0.3373 0.0746242 -0.200076 0.145108 0.188846 0.971226 0.340307 0.31622 -0.384863 0.867113 0.400795 -0.930002 -0.306262 0.203222 -0.504304 0.187351 -0.87068 -0.45477 0.485867 
1534185657992 0.313564 0.922283 -0.225991 -0.595411 -0.938439 0.337314 0.0745094 -0.200062 0.144949 0.188715 0.971276 0.340295 0.31622 -0.384863 0.867113 0.400795 -0.930002 -0.306262 0.203222 -0.504304 0.187351 -0.87068 -0.45477 0.485867 
1534185658016 0.313626 0.922304 -0.225817 -0.595421 -0.938443 0.337329 0.0743945 -0.200046 0.144789 0.188584 0.971325 0.340284 0.31622 -0.384863 0.867113 0.400795 -0.930002 -0.306262 0.203222 -0.504304 0.187351 -0.87068 -0.45477 0.485867 
1534185658037 0.313249 0.922215 -0.226702 -0.595343 -0.938484 0.337143 0.0747188 -0.200162 0.145338 0.18935 0.971094 0.34036 0.31622 -0.384863 0.867113 0.400795 -0.930002 -0.306262 0.203222 -0.504304 0.187351 -0.87068 -0.45477 0.485867 
1534185658049 0.313234 0.922222 -0.226697 -0.595341 -0.9385 0.337113 0.0746455 -0.200154 0.145262 0.189374 0.971101 0.340354 0.31622 -0.384863 0.867113 0.400795 -0.930002 -0.306262 0.203222 -0.504304 0.187351 -0.87068 -0.45477 0.485867 
1534185658066 0.313221 0.922227 -0.226693 -0.595339 -0.938517 0.337083 0.0745715 -0.200143 0.145186 0.189398 0.971107 0.340349 0.31622 -0.384863 0.867113 0.400795 -0.930002 -0.306262 0.203222 -0.504304 0.187351 -0.87068 -0.45477 0.485867 
1534185658082 0.313207 0.922233 -0.226688 -0.595335 -0.938533 0.337054 0.0744974 -0.200131 0.14511 0.189421 0.971114 0.340344 0.31622 -0.384863 0.867113 0.400795 -0.930002 -0.306262 0.203222 -0.504304 0.187351 -0.87068 -0.45477 0.485867 
1534185658099 0.313193 0.922239 -0.226683 -0.595333 -0.93855 0.337025 0.0744236 -0.200121 0.145034 0.189445 0.971121 0.340338 0.31622 -0.384863 0.867113 0.400795 -0.930002 -0.306262 0.203222 -0.504304 0.187351 -0.87068 -0.45477 0.485867 
1534185658116 0.313179 0.922245 -0.226679 -0.595329 -0.938566 0.336996 0.0743495 -0.200109 0.144958 0.189469 0.971128 0.340334 0.31622 -0.384863 0.867113 0.400795 -0.930002 -0.306262 0.203222 -0.504304 0.187351 -0.87068 -0.45477 0.485867 
1534185658133 0.313166 0.92225 -0.226675 -0.595324 -0.938582 0.336967 0.0742755 -0.200097 0.144883 0.189492 0.971134 0.340329 0.31622 -0.384863 0.867113 0.400795 -0.930002 -0.306262 0.203222 -0.504304 0.187351 -0.87068 -0.45477 0.485867 
1534185658149 0.313152 0.922256 -0.22667 -0.595321 -0.938598 0.336938 0.0742016 -0.200086 0.144807 0.189516 0.971141 0.340324 0.31622 -0.384863 0.867113 0.400795 -0.930002 -0.306262 0.203222 -0.504304 0.187351 -0.87068 -0.45477 0.485867 
1534185658166 0.313138 0.922262 -0.226666 -0.595318 -0.938615 0.336909 0.0741277 -0.200076 0.144731 0.18954 0.971148 0.340319 0.31622 -0.384863 0.867113 0.400795 -0.930002 -0.306262 0.203222 -0.504304 0.187351 -0.87068 -0.45477 0.485867 
1534185658182 0.313124 0.922268 -0.226662 -0.595313 -0.938631 0.33688 0.0740537 -0.200064 0.144655 0.189564 0.971154 0.340315 0.31622 -0.384863 0.867113 0.400795 -0.930002 -0.306262 0.203222 -0.504304 0.187351 -0.87068 -0.45477 0.485867 
1534185658202 0.313451 0.922301 -0.226074 -0.595361 -0.93848 0.337207 0.0744833 -0.20005 0.14493 0.188819 0.971258 0.340345 0.31622 -0.384863 0.867113 0.400795 -0.930002 -0.306262 0.203222 -0.504304 0.187351 -0.87068 -0.45477 0.485867 
1534185658216 0.313559 0.922286 -0.225987 -0.595364 -0.938469 0.337272 0.074322 -0.200032 0.144765 0.188777 0.971291 0.340338 0.31622 -0.384863 0.867113 0.400795 -0.930002 -0.306262 0.203222 -0.504304 0.187351 -0.87068 -0.45477 0.485867 
1534185658232 0.313667 0.92227 -0.225899 -0.595367 -0.938458 0.337337 0.0741595 -0.200015 0.144599 0.188736 0.971324 0.340331 0.31622 -0.384863 0.867113 0.400795 -0.930002 -0.306262 0.203222 -0.504304 0.187351 -0.87068 -0.45477 0.485867 
1534185658249 0.313776 0.922255 -0.225812 -0.595371 -0.938448 0.337403 0.0739964 -0.199995 0.144433 0.188694 0.971357 0.340325 0.31622 -0.384863 0.867113 0.400795 -0.930002 -0.306262 0.203222 -0.504304 0.187351 -0.87068 -0.45477 0.485867 
1534185658266 0.313884 0.922239 -0.225724 -0.595374 -0.938437 0.337468 0.0738337 -0.199976 0.144267 0.188653 0.971389 0.340319 0.31622 -0.384863 0.867113 0.400795 -0.930002 -0.306262 0.203222 -0.504304 0.187351 -0.87068 -0.45477 0.485867 
1534185658282 0.313992 0.922224 -0.225636 -0.595377 -0.938426 0.337533 0.073671 -0.199958 0.144101 0.188611 0.971422 0.340312 0.31622 -0.384863 0.867113 0.400795 -0.930002 -0.306262 0.203222 -0.504304 0.187351 -0.87068 -0.45477 0.485867 
1534185658299 0.314101 0.922208 -0.225549 -0.595381 -0.938416 0.337599 0.0735078 -0.199937 0.143935 0.18857 0.971455 0.340306 0.31622 -0.384863 0.867113 0.400795 -0.930002 -0.306262 0.203222 -0.504304 0.187351 -0.87068 -0.45477 0.485867 
1534185658316 0.314209 0.922193 -0.225461 -0.595384 -0.938405 0.337664 0.073345 -0.199919 0.143768 0.188528 0.971487 0.340299 0.31622 -0.384863 0.867113 0.400795 -0.930002 -0.306262 0.203222 -0.504304 0.187351 -0.87068 -0.45477 0.485867 
1534185658332 0.314317 0.922178 -0.225374 -0.595388 -0.938394 0.337729 0.0731822 -0.1999 0.143602 0.188487 0.97152 0.340293 0.31622 -0.384863 0.867113 0.400795 -0.930002 -0.306262 0.203222 -0.504304 0.187351 -0.87068 -0.45477 0.485867 
1534185658349 0.314425 0.922162 -0.225286 -0.595391 -0.938383 0.337795 0.0730194 -0.199881 0.143436 0.188446 0.971553 0.340286 0.31622 -0.384863 0.867113 0.400795 -0.930002 -0.306262 0.203222 -0.504304 0.187351 -0.87068 -0.45477 0.485867 
1534185658373 0.313595 0.922296 -0.225895 -0.595347 -0.938522 0.337215 0.0739108 -0.199945 0.144343 0.188829 0.971344 0.340311 0.31622 -0.384863 0.867113 0.400795 -0.930002 -0.306262 0.203222 -0.504304 0.187351 -0.87068 -0.45477 0.485867 
1534185658386 0.313651 0.922317 -0.22573 -0.595349 -0.938533 0.337217 0.0737568 -0.199933 0.144147 0.188721 0.971394 0.340308 0.31622 -0.384863 0.867113 0.400795 -0.930002 -0.306262 0.203222 -0.504304 0.187351 -0.87068 -0.45477 0.485867 
1534185658402 0.313707 0.922339 -0.225563 -0.595358 -0.938545 0.337219 0.0736031 -0.199922 0.143951 0.188611 0.971444 0.340304 0.31622 -0.384863 0.867113 0.400795 -0.930002 -0.306262 0.203222 -0.504304 0.187351 -0.87068 -0.45477 0.485867 
1534185658419 0.313763 0.922361 -0.225396 -0.595365 -0.938556 0.337221 0.0734493 -0.199912 0.143755 0.188501 0.971495 0.3403 0.31622 -0.384863 0.867113 0.400795 -0.930002 -0.306262 0.203222 -0.504304 0.187351 -0.87068 -0.45477 0.485867 
1534185658436 0.313818 0.922383 -0.225229 -0.595374 -0.938568 0.337222 0.0732956 -0.199902 0.143559 0.188391 0.971545 0.340296 0.31622 -0.384863 0.867113 0.400795 -0.930002 -0.306262 0.203222 -0.504304 0.187351 -0.87068 -0.45477 0.485867 
1534185658452 0.313874 0.922405 -0.225062 -0.595382 -0.938579 0.337224 0.0731419 -0.199891 0.143363 0.188281 0.971595 0.340292 0.31622 -0.384863 0.867113 0.400795 -0.930002 -0.306262 0.203222 -0.504304 0.187351 -0.87068 -0.45477 0.485867 
1534185658469 0.313929 0.922426 -0.224895 -0.595389 -0.93859 0.337225 0.0729882 -0.199881 0.143167 0.188171 0.971645 0.340288 0.31622 -0.384863 0.867113 0.400795 -0.930002 -0.306262 0.203222 -0.504304 0.187351 -0.87068 -0.45477 0.485867 
1534185658486 0.313985 0.922448 -0.224728 -0.595398 -0.938602 0.337227 0.0728345 -0.199871 0.14297 0.188061 0.971696 0.340283 0.31622 -0.384863 0.867113 0.400795 -0.930002 -0.306262 0.203222 -0.504304 0.187351 -0.87068 -0.45477 0.485867 
1534185658502 0.31404 0.92247 -0.224561 -0.595405 -0.938613 0.337229 0.0726807 -0.19986 0.142774 0.187952 0.971746 0.340279 0.31622 -0.384863 0.867113 0.400795 -0.930002 -0.306262 0.203222 -0.504304 0.187351 -0.87068 -0.45477 0.485867 
1534185658519 0.314096 0.922492 -0.224394 -0.595414 -0.938624 0.33723 0.0725271 -0.19985 0.142578 0.187841 0.971796 0.340275 0.31622 -0.384863 0.867113 0.400795 -0.930002 -0.306262 0.203222 -0.504304 0.187351 -0.87068 -0.45477 0.485867 
1534185658539 0.314013 0.92229 -0.225339 -0.595395 -0.938508 0.337414 0.0731786 -0.199894 0.143524 0.188503 0.971528 0.340251 0.31622 -0.384863 0.867113 0.400795 -0.930002 -0.306262 0.203222 -0.504304 0.187351 -0.87068 -0.45477 0.485867 
1534185658552 0.313976 0.922303 -0.225335 -0.595392 -0.938512 0.337388 0.0732401 -0.199896 0.143575 0.188484 0.971525 0.340249 0.31622 -0.384863 0.867113 0.400795 -0.930002 -0.306262 0.203222 -0.504304 0.187351 -0.87068 -0.45477 0.485867 
1534185658569 0.313938 0.922318 -0.22533 -0.595389 -0.938517 0.33736 0.0733025 -0.199901 0.143626 0.188463 0.971521 0.340246 0.31622 -0.384863 0.867113 0.400795 -0.930002 -0.306262 0.203222 -0.504304 0.187351 -0.87068 -0.45477 0.485867 
1534185658586 0.3139 0.922332 -0.225325 -0.595385 -0.938522 0.337333 0.0733647 -0.199904 0.143676 0.188443 0.971517 0.340243 0.31622 -0.384863 0.867113 0.400795 -0.930002 -0.306262 0.203222 -0.504304 0.187351 -0.87068 -0.45477 0.485867 
1534185658602 0.313861 0.922346 -0.22532 -0.595383 -0.938527 0.337305 0.0734273 -0.199909 0.143727 0.188423 0.971514 0.34024 0.31622 -0.384863 0.867113 0.400795 -0.930002 -0.306262 0.203222 -0.504304 0.187351 -0.87068 -0.45477 0.485867 
1534185658619 0.313823 0.92236 -0.225315 -0.59538 -0.938532 0.337278 0.0734896 -0.199913 0.143778 0.188403 0.97151 0.340237 0.31622 -0.384863 0.867113 0.400795 -0.930002 -0.306262 0.203222 -0.504304 0.187351 -0.87068 -0.45477 0.485867 
1534185658636 0.313785 0.922374 -0.22531 -0.595379 -0.938537 0.33725 0.0735523 -0.199918 0.143828 0.188382 0.971507 0.340233 0.31622 -0.384863 0.867113 0.400795 -0.930002 -0.306262 0.203222 -0.504304 0.187351 -0.87068 -0.45477 0.485867 
1534185658642 0.313747 0.922389 -0.225305 -0.595376 -0.938542 0.337223 0.0736146 -0.199922 0.143879 0.188362 0.971503 0.34023 0.31622 -0.384863 0.867113 0.400795 -0.930002 -0.306262 0.203222 -0.504304 0.187351 -0.87068 -0.45477 0.485867 
1534185658656 0.313709 0.922403 -0.2253 -0.595375 -0.938547 0.337195 0.0736772 -0.199927 0.14393 0.188341 0.9715 0.340226 0.31622 -0.384863 0.867113 0.400795 -0.930002 -0.306262 0.203222 -0.504304 0.187351 -0.87068 -0.45477 0.485867 
1534185658663 0.31367 0.922417 -0.225295 -0.595372 -0.938552 0.337168 0.0737396 -0.199932 0.143981 0.188321 0.971496 0.340223 0.31622 -0.384863 0.867113 0.400795 -0.930002 -0.306262 0.203222 -0.504304 0.187351 -0.87068 -0.45477 0.485867 
1534185658686 0.314019 0.922507 -0.224439 -0.595355 -0.938602 0.337222 0.0728501 -0.199897 0.14289 0.187783 0.971761 0.340322 0.31622 -0.384863 0.867113 0.400795 -0.930002 -0.306262 0.203222 -0.504304 0.187351 -0.87068 -0.45477 0.485867 
1534185658699 0.314052 0.922561 -0.224168 -0.595364 -0.938567 0.337265 0.0731085 -0.199914 0.143051 0.187437 0.971804 0.340296 0.31622 -0.384863 0.867113 0.400795 -0.930002 -0.306262 0.203222 -0.504304 0.187351 -0.87068 -0.45477 0.485867 
1534185658716 0.314086 0.922616 -0.223898 -0.595379 -0.938531 0.337309 0.0733668 -0.199932 0.143212 0.187091 0.971847 0.340269 0.31622 -0.384863 0.867113 0.400795 -0.930002 -0.306262 0.203222 -0.504304 0.187351 -0.87068 -0.45477 0.485867 
1534185658812 0.31412 0.92267 -0.223627 -0.595393 -0.938495 0.337353 0.0736252 -0.199951 0.143373 0.186746 0.97189 0.340242 0.31622 -0.384863 0.867113 0.400795 -0.930002 -0.306262 0.203222 -0.504304 0.187351 -0.87068 -0.45477 0.485867 
1534185658829 0.314155 0.922723 -0.223357 -0.595408 -0.938459 0.337396 0.0738835 -0.199969 0.143534 0.1864 0.971933 0.340215 0.31622 -0.384863 0.867113 0.400795 -0.930002 -0.306262 0.203222 -0.504304 0.187351 -0.87068 -0.45477 0.485867 
1534185658845 0.314189 0.922777 -0.223087 -0.595422 -0.938423 0.33744 0.0741419 -0.199987 0.143695 0.186055 0.971975 0.340189 0.31622 -0.384863 0.867113 0.400795 -0.930002 -0.306262 0.203222 -0.504304 0.187351 -0.87068 -0.45477 0.485867 
1534185658887 0.314223 0.922831 -0.222816 -0.595437 -0.938387 0.337483 0.0744003 -0.200006 0.143856 0.18571 0.972017 0.340162 0.31622 -0.384863 0.867113 0.400795 -0.930002 -0.306262 0.203222 -0.504304 0.187351 -0.87068 -0.45477 0.485867 
1534185658943 0.314257 0.922884 -0.222546 -0.595451 -0.938351 0.337527 0.0746586 -0.200024 0.144017 0.185364 0.972059 0.340135 0.31622 -0.384863 0.867113 0.400795 -0.930002 -0.306262 0.203222 -0.504304 0.187351 -0.87068 -0.45477 0.485867 
1534185658963 0.314291 0.922938 -0.222276 -0.595465 -0.938314 0.33757 0.074917 -0.200042 0.144177 0.185019 0.972101 0.340108 0.31622 -0.384863 0.867113 0.400795 -0.930002 -0.306262 0.203222 -0.504304 0.187351 -0.87068 -0.45477 0.485867 
1534185659000 0.314326 0.922991 -0.222005 -0.59548 -0.938278 0.337613 0.0751755 -0.200061 0.144338 0.184673 0.972143 0.340081 0.31622 -0.384863 0.867113 0.400795 -0.930002 -0.306262 0.203222 -0.504304 0.187351 -0.87068 -0.45477 0.485867 
1534185659044 0.314254 0.922844 -0.222718 -0.595409 -0.938368 0.337516 0.0744815 -0.200046 0.143906 0.185586 0.972033 0.340198 0.31622 -0.384863 0.867113 0.400795 -0.930002 -0.306262 0.203222 -0.504304 0.187351 -0.87068 -0.45477 0.485867 
1534185659057 0.314187 0.922758 -0.22317 -0.595395 -0.938346 0.337544 0.0746307 -0.200069 0.144196 0.185963 0.971918 0.340264 0.31622 -0.384863 0.867113 0.400795 -0.930002 -0.306262 0.203222 -0.504304 0.187351 -0.87068 -0.45477 0.485867 
1534185659074 0.31412 0.92267 -0.223625 -0.595375 -0.938324 0.337574 0.0747794 -0.20009 0.144487 0.186343 0.971802 0.340331 0.31622 -0.384863 0.867113 0.400795 -0.930002 -0.306262 0.203222 -0.504304 0.187351 -0.87068 -0.45477 0.485867 
1534185659081 0.314054 0.922583 -0.224079 -0.595356 -0.938302 0.337603 0.0749281 -0.200111 0.144777 0.186722 0.971686 0.340399 0.31622 -0.384863 0.867113 0.400795 -0.930002 -0.306262 0.203222 -0.504304 0.187351 -0.87068 -0.45477 0.485867 
1534185659229 0.313987 0.922495 -0.224533 -0.595337 -0.938279 0.337633 0.0750768 -0.200132 0.145068 0.187101 0.97157 0.340466 0.31622 -0.384863 0.867113 0.400795 -0.930002 -0.306262 0.203222 -0.504304 0.187351 -0.87068 -0.45477 0.485867 
1534185659236 0.31392 0.922407 -0.224987 -0.595317 -0.938256 0.337663 0.0752255 -0.200153 0.145358 0.187481 0.971454 0.340533 0.31622 -0.384863 0.867113 0.400795 -0.930002 -0.306262 0.203222 -0.504304 0.187351 -0.87068 -0.45477 0.485867 
1534185659332 0.313853 0.922319 -0.225441 -0.595299 -0.938234 0.337692 0.0753742 -0.200174 0.145649 0.18786 0.971337 0.340601 0.31622 -0.384863 0.867113 0.400795 -0.930002 -0.306262 0.203222 -0.504304 0.187351 -0.87068 -0.45477 0.485867 
1534185659392 0.313786 0.922231 -0.225895 -0.595279 -0.938211 0.337722 0.0755228 -0.200194 0.145939 0.188239 0.97122 0.340668 0.31622 -0.384863 0.867113 0.400795 -0.930002 -0.306262 0.203222 -0.504304 0.187351 -0.87068 -0.45477 0.485867 
1534185659433 0.313719 0.922143 -0.226349 -0.59526 -0.938188 0.337752 0.0756715 -0.200216 0.14623 0.188618 0.971102 0.340735 0.31622 -0.384863 0.867113 0.400795 -0.930002 -0.306262 0.203222 -0.504304 0.187351 -0.87068 -0.45477 0.485867 
1534185659488 0.313651 0.922054 -0.226803 -0.595241 -0.938166 0.337782 0.0758201 -0.200237 0.14652 0.188997 0.970985 0.340802 0.31622 -0.384863 0.867113 0.400795 -0.930002 -0.306262 0.203222 -0.504304 0.187351 -0.87068 -0.45477 0.485867 
1534185659545 0.313912 0.922178 -0.225935 -0.595266 -0.938145 0.337879 0.0756412 -0.200235 0.146093 0.188215 0.971201 0.3407 0.31622 -0.384863 0.867113 0.400795 -0.930002 -0.306262 0.203222 -0.504304 0.187351 -0.87068 -0.45477 0.485867 
1534185659557 0.31396 0.922119 -0.22611 -0.595271 -0.93817 0.337887 0.0752901 -0.200207 0.145826 0.188492 0.971188 0.340719 0.31622 -0.384863 0.867113 0.400795 -0.930002 -0.306262 0.203222 -0.504304 0.187351 -0.87068 -0.45477 0.485867 
1534185659563 0.314009 0.922059 -0.226287 -0.595272 -0.938196 0.337895 0.0749384 -0.200178 0.145559 0.18877 0.971174 0.340739 0.31622 -0.384863 0.867113 0.400795 -0.930002 -0.306262 0.203222 -0.504304 0.187351 -0.87068 -0.45477 0.485867 
1534185659577 0.314058 0.921999 -0.226464 -0.595273 -0.938221 0.337903 0.0745868 -0.200148 0.145292 0.189048 0.97116 0.340759 0.31622 -0.384863 0.867113 0.400795 -0.930002 -0.306262 0.203222 -0.504304 0.187351 -0.87068 -0.45477 0.485867 
1534185659593 0.314106 0.921939 -0.226641 -0.595274 -0.938246 0.337911 0.0742352 -0.200118 0.145025 0.189327 0.971145 0.340779 0.31622 -0.384863 0.867113 0.400795 -0.930002 -0.306262 0.203222 -0.504304 0.187351 -0.87068 -0.45477 0.485867 
1534185659610 0.314155 0.921879 -0.226817 -0.595276 -0.938271 0.337919 0.0738836 -0.200089 0.144758 0.189605 0.971131 0.340799 0.31622 -0.384863 0.867113 0.400795 -0.930002 -0.306262 0.203222 -0.504304 0.187351 -0.87068 -0.45477 0.485867 
1534185659672 0.314204 0.921819 -0.226994 -0.595276 -0.938295 0.337927 0.0735319 -0.200059 0.144491 0.189883 0.971116 0.340819 0.31622 -0.384863 0.867113 0.400795 -0.930002 -0.306262 0.203222 -0.504304 0.187351 -0.87068 -0.45477 0.485867 
1534185659706 0.314253 0.921758 -0.227171 -0.595277 -0.93832 0.337935 0.0731803 -0.20003 0.144223 0.190162 0.971101 0.340839 0.31622 -0.384863 0.867113 0.400795 -0.930002 -0.306262 0.203222 -0.504304 0.187351 -0.87068 -0.45477 0.485867 
1534185659722 0.314302 0.921698 -0.227348 -0.595277 -0.938345 0.337942 0.0728286 -0.2 0.143956 0.19044 0.971087 0.34086 0.31622 -0.384863 0.867113 0.400795 -0.930002 -0.306262 0.203222 -0.504304 0.187351 -0.87068 -0.45477 0.485867 
1534185659747 0.314351 0.921638 -0.227524 -0.595279 -0.938369 0.33795 0.072477 -0.19997 0.143689 0.190718 0.971071 0.34088 0.31622 -0.384863 0.867113 0.400795 -0.930002 -0.306262 0.203222 -0.504304 0.187351 -0.87068 -0.45477 0.485867 
1534185659778 0.31418 0.92186 -0.226859 -0.595306 -0.938305 0.337891 0.0735767 -0.200072 0.144481 0.189747 0.971144 0.340824 0.31622 -0.384863 0.867113 0.400795 -0.930002 -0.306262 0.203222 -0.504304 0.187351 -0.87068 -0.45477 0.485867 
1534185659791 0.314208 0.921853 -0.22685 -0.59531 -0.938313 0.337895 0.0734565 -0.20006 0.144368 0.189776 0.971156 0.340803 0.31622 -0.384863 0.867113 0.400795 -0.930002 -0.306262 0.203222 -0.504304 0.187351 -0.87068 -0.45477 0.485867 
1534185659808 0.314238 0.921845 -0.226841 -0.595316 -0.93832 0.3379 0.0733356 -0.200046 0.144254 0.189805 0.971167 0.340781 0.31622 -0.384863 0.867113 0.400795 -0.930002 -0.306262 0.203222 -0.504304 0.187351 -0.87068 -0.45477 0.485867 
1534185659825 0.314268 0.921837 -0.226833 -0.59532 -0.938328 0.337905 0.073215 -0.200033 0.14414 0.189834 0.971178 0.34076 0.31622 -0.384863 0.867113 0.400795 -0.930002 -0.306262 0.203222 -0.504304 0.187351 -0.87068 -0.45477 0.485867 
1534185659841 0.314297 0.921829 -0.226824 -0.595325 -0.938336 0.33791 0.0730945 -0.20002 0.144027 0.189863 0.971189 0.340739 0.31622 -0.384863 0.867113 0.400795 -0.930002 -0.306262 0.203222 -0.504304 0.187351 -0.87068 -0.45477 0.485867 
1534185659858 0.314327 0.921821 -0.226815 -0.59533 -0.938343 0.337916 0.0729734 -0.200005 0.143913 0.189893 0.9712 0.340718 0.31622 -0.384863 0.867113 0.400795 -0.930002 -0.306262 0.203222 -0.504304 0.187351 -0.87068 -0.45477 0.485867 
1534185659875 0.314357 0.921813 -0.226806 -0.595335 -0.93835 0.337921 0.0728527 -0.199992 0.143799 0.189922 0.971211 0.340697 0.31622 -0.384863 0.867113 0.400795 -0.930002 -0.306262 0.203222 -0.504304 0.187351 -0.87068 -0.45477 0.485867 
1534185659891 0.314386 0.921805 -0.226797 -0.59534 -0.938358 0.337927 0.072732 -0.199978 0.143686 0.189951 0.971222 0.340675 0.31622 -0.384863 0.867113 0.400795 -0.930002 -0.306262 0.203222 -0.504304 0.187351 -0.87068 -0.45477 0.485867 
1534185659908 0.314416 0.921797 -0.226789 -0.595345 -0.938365 0.337932 0.0726113 -0.199965 0.143572 0.18998 0.971234 0.340654 0.31622 -0.384863 0.867113 0.400795 -0.930002 -0.306262 0.203222 -0.504304 0.187351 -0.87068 -0.45477 0.485867 
1534185659925 0.314445 0.921789 -0.22678 -0.59535 -0.938373 0.337937 0.0724906 -0.199952 0.143458 0.19001 0.971245 0.340633 0.31622 -0.384863 0.867113 0.400795 -0.930002 -0.306262 0.203222 -0.504304 0.187351 -0.87068 -0.45477 0.485867 
1534185659945 0.314596 0.921634 -0.227202 -0.595296 -0.938264 0.338195 0.0727019 -0.200066 0.143843 0.190303 0.97113 0.340803 0.31622 -0.384863 0.867113 0.400795 -0.930002 -0.306262 0.203222 -0.504304 0.187351 -0.87068 -0.45477 0.485867 
1534185659961 0.314577 0.921655 -0.227139 -0.5953 -0.938274 0.338166 0.0726993 -0.200054 0.143815 0.190249 0.971145 0.340771 0.31622 -0.384863 0.867113 0.400795 -0.930002 -0.306262 0.203222 -0.504304 0.187351 -0.87068 -0.45477 0.485867 
1534185659979 0.314559 0.921677 -0.227076 -0.595308 -0.938285 0.338137 0.0726977 -0.200044 0.143787 0.190194 0.97116 0.340736 0.31622 -0.384863 0.867113 0.400795 -0.930002 -0.306262 0.203222 -0.504304 0.187351 -0.87068 -0.45477 0.485867 
1534185659995 0.31454 0.921699 -0.227013 -0.595316 -0.938295 0.338109 0.0726959 -0.200034 0.143759 0.190139 0.971175 0.340702 0.31622 -0.384863 0.867113 0.400795 -0.930002 -0.306262 0.203222 -0.504304 0.187351 -0.87068 -0.45477 0.485867 
1534185660011 0.314521 0.921721 -0.226949 -0.595325 -0.938306 0.33808 0.0726942 -0.200024 0.143731 0.190084 0.97119 0.340668 0.31622 -0.384863 0.867113 0.400795 -0.930002 -0.306262 0.203222 -0.504304 0.187351 -0.87068 -0.45477 0.485867 
1534185660028 0.314503 0.921743 -0.226886 -0.595334 -0.938316 0.338051 0.0726925 -0.200014 0.143703 0.190029 0.971205 0.340633 0.31622 -0.384863 0.867113 0.400795 -0.930002 -0.306262 0.203222 -0.504304 0.187351 -0.87068 -0.45477 0.485867 
1534185660045 0.314484 0.921765 -0.226823 -0.595342 -0.938327 0.338022 0.0726907 -0.200004 0.143675 0.189974 0.97122 0.340599 0.31622 -0.384863 0.867113 0.400795 -0.930002 -0.306262 0.203222 -0.504304 0.187351 -0.87068 -0.45477 0.485867 
1534185660061 0.314465 0.921787 -0.22676 -0.595351 -0.938337 0.337993 0.072689 -0.199994 0.143647 0.189919 0.971234 0.340565 0.31622 -0.384863 0.867113 0.400795 -0.930002 -0.306262 0.203222 -0.504304 0.187351 -0.87068 -0.45477 0.485867 
