0.275657 -0.8825 0.381061 -0.604483 0.633204 0.464965 0.618757 -0.181741 -0.723233 0.0707247 0.686973 0.426588 -0.0884582 -0.990772 -0.102692 0.365849 -0.146151 0.11489 -0.982568 -0.497172 0.9853 -0.0719077 -0.154965 0.463323 
0.253065 -0.943704 0.213027 0.420533 -0.141007 -0.253823 -0.956917 -0.351917 0.957118 0.212124 -0.197303 0.789374 -0.0811108 -0.991373 -0.102959 0.367931 -0.147078 0.114074 -0.982525 -0.496364 0.985794 -0.0645504 -0.155061 0.461277 
0.190657 -0.949375 0.249676 0.341173 0.0933737 -0.23565 -0.967342 -0.403022 0.977206 0.207743 0.0437185 0.723742 -0.0737599 -0.991919 -0.103226 0.370006 -0.147996 0.113249 -0.982483 -0.495552 0.986234 -0.0571908 -0.155153 0.459225 
0.14121 -0.953321 0.266904 0.231558 0.356227 -0.202616 -0.912167 -0.220296 0.923668 0.223886 0.310987 0.895308 -0.0664049 -0.992411 -0.103492 0.372076 -0.148906 0.112416 -0.982441 -0.494737 0.986619 -0.0498284 -0.15524 0.457169 
0.168068 -0.903703 0.393794 -0.254125 0.665572 -0.190648 -0.721572 -0.000121093 0.727163 0.383372 0.569438 1.04446 -0.0590463 -0.992848 -0.103757 0.374142 -0.149807 0.111574 -0.9824 -0.493919 0.986951 -0.0424635 -0.155324 0.455108 
0.0438059 -0.954355 0.295446 -0.380149 0.827968 -0.130809 -0.545305 -0.374229 0.559061 0.268508 0.784445 0.90383 -0.0516849 -0.993231 -0.104021 0.376202 -0.150701 0.110725 -0.982359 -0.493094 0.987227 -0.035097 -0.155404 0.453045 
-0.0317052 -0.968313 0.247718 -0.408992 0.931084 -0.118731 -0.344944 -0.433466 0.363426 0.219709 0.905345 0.802256 -0.0443242 -0.993559 -0.104285 0.378254 -0.15159 0.109867 -0.982318 -0.492242 0.987449 -0.0277319 -0.155484 0.450993 
-0.0851518 -0.969094 0.231531 -0.487389 0.988571 -0.111186 -0.101805 -0.380521 0.124401 0.220216 0.967486 0.700681 -0.0369778 -0.993832 -0.10455 0.38029 -0.152491 0.109008 -0.982275 -0.491282 0.987613 -0.0203795 -0.155581 0.449019 
-0.128794 -0.969831 0.206976 -0.540539 0.986247 -0.103467 0.128886 -0.317685 -0.103583 0.220729 0.969819 0.59569 -0.029703 -0.994045 -0.10484 0.382323 -0.153498 0.108179 -0.98221 -0.489945 0.987702 -0.0130817 -0.155798 0.44745 
-0.151757 -0.97411 0.16757 -0.566309 0.937091 -0.087873 0.337844 -0.246562 -0.314372 0.208299 0.926165 0.504807 -0.0229463 -0.994151 -0.105534 0.384552 -0.155159 0.107824 -0.981988 -0.487602 0.987623 -0.00615854 -0.156725 0.447718 
-0.151757 -0.97411 0.16757 -0.566309 0.937091 -0.087873 0.337844 -0.246562 -0.314372 0.208299 0.926165 0.504807 -0.0248524 -0.99412 -0.105397 0.383958 -0.154803 0.107985 -0.982026 -0.488229 0.987633 -0.00808991 -0.156577 0.447592 
0.349419 -0.918565 0.184781 0.0796354 -0.0891712 -0.228918 -0.969353 -0.615616 0.932714 0.322233 -0.161898 0.808256 -0.0238208 -0.994147 -0.105379 0.384214 -0.154791 0.107806 -0.982048 -0.488438 0.98766 -0.00708147 -0.156453 0.446984 
0.29836 -0.919951 0.254306 0.102747 0.105778 -0.232929 -0.966724 -0.703587 0.948574 0.315332 0.0278134 0.693081 -0.0227893 -0.994173 -0.10536 0.384469 -0.154778 0.107625 -0.98207 -0.488646 0.987686 -0.00607328 -0.156328 0.446376 
0.224196 -0.925454 0.305403 0.00446323 0.346783 -0.217109 -0.912472 -0.729118 0.910757 0.310482 0.272257 0.655026 -0.0217577 -0.994198 -0.105341 0.384724 -0.154764 0.107445 -0.982091 -0.488854 0.987712 -0.00506502 -0.156204 0.445768 
0.108098 -0.945763 0.306346 -0.0547268 0.570111 -0.193471 -0.798462 -0.715907 0.814425 0.260964 0.518276 0.684841 -0.020726 -0.994222 -0.105322 0.384978 -0.15475 0.107265 -0.982113 -0.489062 0.987736 -0.00405673 -0.156079 0.445159 
0.014708 -0.960456 0.278042 -0.183866 0.773258 -0.165369 -0.612148 -0.654558 0.633921 0.224001 0.740248 0.73526 -0.0196945 -0.994245 -0.105302 0.385232 -0.154736 0.107085 -0.982135 -0.489268 0.98776 -0.00304863 -0.155955 0.444551 
-0.0490379 -0.966086 0.253523 -0.345264 0.917999 -0.143606 -0.369668 -0.547165 0.393538 0.214606 0.893908 0.726951 -0.0186645 -0.994267 -0.105282 0.385484 -0.154723 0.106905 -0.982157 -0.489463 0.987782 -0.00204183 -0.155831 0.443949 
-0.0967926 -0.966217 0.238863 -0.463301 0.98441 -0.128347 -0.120267 -0.435654 0.146861 0.223498 0.963577 0.651568 -0.0176418 -0.994288 -0.105264 0.385729 -0.154717 0.106727 -0.982177 -0.489609 0.987801 -0.00104126 -0.155716 0.443379 
-0.13721 -0.967523 0.212305 -0.525996 0.986893 -0.115149 0.113057 -0.352162 -0.0849386 0.225035 0.970641 0.561023 -0.0166507 -0.994306 -0.105253 0.385958 -0.154751 0.106562 -0.98219 -0.489577 0.987813 -6.60253e-05 -0.155645 0.442958 
-0.167061 -0.971751 0.166703 -0.552487 0.940193 -0.106106 0.323696 -0.297236 -0.296864 0.21081 0.93136 0.485386 -0.0158427 -0.994308 -0.105357 0.386206 -0.155023 0.106538 -0.982149 -0.489023 0.987784 0.000772861 -0.155829 0.443151 
-0.167061 -0.971751 0.166703 -0.552487 0.940193 -0.106106 0.323696 -0.297236 -0.296864 0.21081 0.93136 0.485386 -0.0173418 -0.994287 -0.10532 0.38585 -0.154745 0.106735 -0.982172 -0.489561 0.987802 -0.000734872 -0.155712 0.443337 
0.333476 -0.920851 0.202056 0.149879 -0.0807832 -0.241447 -0.967046 -0.686104 0.939291 0.306164 -0.154906 0.717122 -0.0170476 -0.994294 -0.105307 0.385929 -0.154725 0.106677 -0.982181 -0.489708 0.98781 -0.000450096 -0.155661 0.443118 
0.285369 -0.919913 0.268933 0.162916 0.10333 -0.249435 -0.962863 -0.734137 0.952831 0.30256 0.023874 0.633713 -0.0167533 -0.9943 -0.105294 0.386007 -0.154706 0.106618 -0.982191 -0.489855 0.987819 -0.000165304 -0.15561 0.442898 
0.208263 -0.927198 0.311338 0.0601141 0.340443 -0.229692 -0.911779 -0.742856 0.916911 0.295882 0.267821 0.617797 -0.0164589 -0.994306 -0.105281 0.386086 -0.154686 0.10656 -0.9822 -0.490003 0.987827 0.000119495 -0.155559 0.442679 
0.094487 -0.947368 0.305885 -0.0189931 0.572566 -0.199642 -0.79518 -0.720327 0.814396 0.250274 0.523567 0.666925 -0.0161646 -0.994313 -0.105268 0.386164 -0.154666 0.106501 -0.98221 -0.49015 0.987835 0.000404287 -0.155507 0.442459 
0.00586005 -0.960034 0.279822 -0.167131 0.776311 -0.172017 -0.606425 -0.650673 0.630323 0.220783 0.744277 0.714332 -0.0158704 -0.994319 -0.105255 0.386243 -0.154646 0.106442 -0.982219 -0.490296 0.987843 0.000688977 -0.155456 0.44224 
-0.0532049 -0.963001 0.264193 -0.332805 0.916444 -0.152168 -0.370102 -0.538286 0.39661 0.222427 0.890633 0.690653 -0.0155769 -0.994325 -0.105242 0.38632 -0.154626 0.106384 -0.982229 -0.490437 0.98785 0.000973053 -0.155406 0.442024 
-0.0997841 -0.963158 0.249738 -0.446253 0.982162 -0.135545 -0.130326 -0.431675 0.159375 0.232278 0.959503 0.613196 -0.0152867 -0.994331 -0.105229 0.386393 -0.15461 0.106326 -0.982238 -0.490555 0.987857 0.0012542 -0.155358 0.441821 
-0.139889 -0.965649 0.21898 -0.510244 0.98757 -0.120059 0.101446 -0.354667 -0.0716709 0.230449 0.970441 0.531561 -0.015011 -0.994336 -0.105219 0.386454 -0.154607 0.106274 -0.982244 -0.490588 0.987862 0.00152318 -0.155327 0.441674 
-0.171272 -0.970356 0.170514 -0.541385 0.943183 -0.111471 0.313017 -0.308601 -0.28473 0.214437 0.934315 0.464188 -0.0148115 -0.994337 -0.105236 0.386495 -0.154689 0.106259 -0.982232 -0.490355 0.987852 0.00173048 -0.155387 0.441734 
-0.171272 -0.970356 0.170514 -0.541385 0.943183 -0.111471 0.313017 -0.308601 -0.28473 0.214437 0.934315 0.464188 -0.0155577 -0.99431 -0.105386 0.386361 -0.154831 0.106523 -0.982181 -0.490409 0.987818 0.00103654 -0.155607 0.441875 
0.324198 -0.92264 0.208882 0.182148 -0.0840904 -0.248041 -0.965093 -0.708597 0.942245 0.295316 -0.157999 0.674892 -0.0160178 -0.994191 -0.106434 0.386449 -0.154592 0.10763 -0.982098 -0.49045 0.987849 0.000722878 -0.155418 0.441757 
0.277198 -0.921132 0.273271 0.188444 0.0966301 -0.256247 -0.961769 -0.739048 0.955941 0.293007 0.0179776 0.613676 -0.0164777 -0.99407 -0.107482 0.386537 -0.154354 0.108737 -0.982014 -0.490491 0.987878 0.00040889 -0.15523 0.441638 
0.190502 -0.931683 0.309314 0.0938118 0.34287 -0.232095 -0.91026 -0.735391 0.919864 0.279461 0.275232 0.616601 -0.0169375 -0.993949 -0.10853 0.386625 -0.154115 0.109843 -0.981928 -0.490532 0.987908 9.46897e-05 -0.155043 0.441519 
0.0796623 -0.949484 0.303536 -0.000919465 0.578262 -0.204012 -0.789931 -0.69863 0.811952 0.238451 0.532799 0.664289 -0.0173969 -0.993826 -0.109577 0.386714 -0.153876 0.110949 -0.981841 -0.490573 0.987937 -0.000219717 -0.154856 0.441401 
0.00136131 -0.95724 0.289293 -0.160146 0.778376 -0.180603 -0.60126 -0.613301 0.627797 0.225997 0.744846 0.687161 -0.0178561 -0.993702 -0.110625 0.386801 -0.153636 0.112055 -0.981753 -0.490613 0.987966 -0.000534328 -0.154669 0.441282 
-0.0526623 -0.95844 0.28039 -0.314943 0.911796 -0.160657 -0.377912 -0.505226 0.407253 0.235757 0.882363 0.644969 -0.018315 -0.993576 -0.111672 0.386888 -0.153396 0.113161 -0.981664 -0.490653 0.987995 -0.00084912 -0.154483 0.441164 
-0.100092 -0.960336 0.260261 -0.421941 0.979528 -0.141025 -0.143656 -0.414685 0.174662 0.240554 0.954792 0.57433 -0.0187734 -0.993449 -0.11272 0.386967 -0.153155 0.114267 -0.981574 -0.490686 0.988024 -0.0011638 -0.154297 0.441047 
-0.140725 -0.964262 0.224488 -0.489812 0.988267 -0.123216 0.0902543 -0.348752 -0.0593682 0.234555 0.970288 0.505401 -0.0192276 -0.993321 -0.113768 0.387001 -0.152909 0.115372 -0.981483 -0.490687 0.988053 -0.00147545 -0.154106 0.440921 
-0.172532 -0.969521 0.173961 -0.526952 0.945869 -0.113786 0.303948 -0.309235 -0.274889 0.216985 0.936671 0.44612 -0.0196263 -0.9932 -0.114758 0.386816 -0.152637 0.116412 -0.981402 -0.490573 0.988087 -0.00174491 -0.153883 0.440686 
-0.172532 -0.969521 0.173961 -0.526952 0.945869 -0.113786 0.303948 -0.309235 -0.274889 0.216985 0.936671 0.44612 -0.0187366 -0.993458 -0.112653 0.386956 -0.153195 0.114195 -0.981576 -0.490646 0.988018 -0.0011335 -0.154332 0.441071 
0.313193 -0.925425 0.213304 0.207247 -0.0971104 -0.254634 -0.962149 -0.714953 0.944711 0.280624 -0.169618 0.639483 -0.0191326 -0.993577 -0.111531 0.387153 -0.1538 0.113148 -0.981602 -0.490712 0.987917 -0.00162722 -0.154977 0.441178 
0.268549 -0.922445 0.277446 0.198341 0.0987676 -0.26014 -0.960506 -0.726114 0.958189 0.285346 0.0212474 0.60323 -0.0195282 -0.993694 -0.110409 0.38735 -0.154404 0.112102 -0.981627 -0.490777 0.987815 -0.00212182 -0.15562 0.441285 
0.169781 -0.935633 0.309459 0.119949 0.346517 -0.237287 -0.907536 -0.702247 0.922551 0.261315 0.283926 0.6142 -0.0199231 -0.993811 -0.109286 0.387547 -0.15501 0.111057 -0.981651 -0.490843 0.987712 -0.00261714 -0.156263 0.441391 
0.0768144 -0.946364 0.313838 0.00101253 0.580513 -0.213463 -0.785773 -0.638762 0.81062 0.242546 0.532979 0.641571 -0.0203173 -0.993925 -0.108163 0.387744 -0.155615 0.110011 -0.981673 -0.490909 0.987609 -0.00311313 -0.156905 0.441498 
0.010113 -0.95069 0.309979 -0.153704 0.771022 -0.189979 -0.60781 -0.549537 0.636728 0.245148 0.731081 0.635902 -0.0207108 -0.994039 -0.10704 0.387941 -0.156221 0.108966 -0.981693 -0.490975 0.987505 -0.00360973 -0.157546 0.441605 
-0.0471278 -0.954082 0.295814 -0.291508 0.904291 -0.166547 -0.393091 -0.464091 0.424308 0.248977 0.870617 0.594332 -0.021103 -0.994151 -0.105917 0.388136 -0.156826 0.107921 -0.981712 -0.491043 0.987401 -0.00410646 -0.158187 0.441711 
-0.0982791 -0.958305 0.268315 -0.39562 0.976925 -0.144282 -0.157482 -0.394753 0.189629 0.246647 0.950372 0.539348 -0.0214912 -0.994262 -0.104794 0.388321 -0.157432 0.106876 -0.98173 -0.491116 0.987296 -0.00460068 -0.158825 0.441814 
-0.140374 -0.963348 0.228595 -0.468599 0.988897 -0.125046 0.0802824 -0.340371 -0.0487549 0.237327 0.970206 0.483672 -0.021859 -0.994371 -0.103671 0.388443 -0.158032 0.105829 -0.981746 -0.491212 0.987192 -0.0050766 -0.159456 0.441899 
-0.172566 -0.969023 0.176679 -0.511123 0.94797 -0.114667 0.296992 -0.306012 -0.267533 0.218737 0.938392 0.431649 -0.0220789 -0.994482 -0.102554 0.388246 -0.158585 0.104764 -0.981772 -0.491391 0.987098 -0.00541294 -0.160023 0.441885 
-0.172566 -0.969023 0.176679 -0.511123 0.94797 -0.114667 0.296992 -0.306012 -0.267533 0.218737 0.938392 0.431649 -0.0215921 -0.994294 -0.104464 0.388375 -0.157551 0.106567 -0.981744 -0.491112 0.987275 -0.00473957 -0.158953 0.441832 
0.281815 -0.933552 0.221499 0.243218 -0.106039 -0.259746 -0.959837 -0.693544 0.953591 0.247009 -0.172193 0.607536 -0.0219446 -0.994358 -0.10378 0.388543 -0.156695 0.105943 -0.981949 -0.491159 0.987403 -0.00528671 -0.158136 0.441824 
0.253359 -0.924794 0.28384 0.2083 0.0990098 -0.267083 -0.958574 -0.67435 0.962292 0.270966 0.0238959 0.587983 -0.0222972 -0.994422 -0.103096 0.388712 -0.155838 0.105318 -0.982152 -0.491206 0.987531 -0.00583303 -0.157317 0.441816 
0.168335 -0.933491 0.316636 0.111734 0.346473 -0.244691 -0.905584 -0.624365 0.922833 0.262147 0.282239 0.593484 -0.0226504 -0.994484 -0.102412 0.38888 -0.154982 0.104692 -0.982354 -0.491253 0.987658 -0.00637881 -0.156499 0.441809 
0.0912852 -0.940408 0.327566 -0.0152501 0.573397 -0.219301 -0.789382 -0.556702 0.814176 0.259884 0.519208 0.599148 -0.0230042 -0.994546 -0.101728 0.389049 -0.154126 0.104066 -0.982556 -0.491299 0.987783 -0.00692405 -0.155679 0.441801 
0.0220113 -0.946199 0.322836 -0.150229 0.761845 -0.193226 -0.618269 -0.489209 0.647386 0.25956 0.716603 0.587259 -0.0233586 -0.994608 -0.101044 0.389217 -0.15327 0.10344 -0.982756 -0.491346 0.987908 -0.00746871 -0.15486 0.441794 
-0.0410492 -0.951685 0.304319 -0.273092 0.898708 -0.168265 -0.404983 -0.429405 0.436623 0.25687 0.862194 0.555843 -0.0237132 -0.994668 -0.100361 0.389383 -0.152415 0.102813 -0.982954 -0.491392 0.988032 -0.00801249 -0.15404 0.441789 
-0.0956968 -0.95715 0.273324 -0.374586 0.975083 -0.145347 -0.167591 -0.377461 0.200137 0.250475 0.94721 0.513694 -0.024066 -0.994729 -0.0996794 0.389539 -0.151564 0.102186 -0.983151 -0.491437 0.988154 -0.00855267 -0.153225 0.441798 
-0.139375 -0.962826 0.231391 -0.450648 0.989416 -0.125878 0.0721797 -0.332431 -0.0403696 0.239002 0.97018 0.467684 -0.0244016 -0.994787 -0.0990105 0.389653 -0.150747 0.101569 -0.983341 -0.491503 0.988271 -0.00906946 -0.15244 0.441906 
-0.171845 -0.968803 0.178576 -0.500008 0.948507 -0.113753 0.295627 -0.300614 -0.266091 0.220183 0.938464 0.424534 -0.0246216 -0.994828 -0.0985466 0.389589 -0.150136 0.101138 -0.983479 -0.491733 0.988359 -0.00941942 -0.15185 0.442549 
-0.171845 -0.968803 0.178576 -0.500008 0.948507 -0.113753 0.295627 -0.300614 -0.266091 0.220183 0.938464 0.424534 -0.0241495 -0.994742 -0.0995245 0.389527 -0.151418 0.102045 -0.983188 -0.491466 0.988175 -0.00867376 -0.153086 0.441846 
0.257933 -0.937882 0.232054 0.246233 -0.100678 -0.264964 -0.958988 -0.607996 0.960903 0.223991 -0.162767 0.589473 -0.0243236 -0.99478 -0.099106 0.389647 -0.150656 0.101651 -0.983346 -0.491483 0.988287 -0.00898764 -0.152342 0.441809 
0.25074 -0.924809 0.286109 0.189084 0.0948203 -0.270666 -0.957992 -0.582346 0.963399 0.267336 0.0198237 0.565951 -0.0244977 -0.994817 -0.0986879 0.389767 -0.149895 0.101257 -0.983503 -0.4915 0.988398 -0.00930082 -0.151598 0.441772 
0.178052 -0.930797 0.319241 0.0840744 0.339558 -0.24638 -0.907743 -0.5432 0.923579 0.270026 0.272192 0.565751 -0.0246722 -0.994854 -0.0982698 0.389886 -0.149134 0.100863 -0.983659 -0.491516 0.988509 -0.0096137 -0.150855 0.441734 
0.101602 -0.937944 0.33157 -0.0298189 0.566687 -0.219367 -0.794194 -0.495746 0.817645 0.268588 0.509232 0.567702 -0.0248469 -0.994891 -0.0978519 0.390006 -0.148372 0.100468 -0.983815 -0.491533 0.988619 -0.00992627 -0.150111 0.441697 
0.02931 -0.94448 0.32726 -0.148478 0.756878 -0.192881 -0.624446 -0.448918 0.652899 0.265998 0.709203 0.5575 -0.025022 -0.994927 -0.0974341 0.390125 -0.147611 0.100073 -0.98397 -0.491549 0.988729 -0.0102385 -0.149367 0.44166 
-0.0366928 -0.950594 0.30826 -0.261322 0.895736 -0.16805 -0.411601 -0.405617 0.443069 0.261017 0.857648 0.532007 -0.0251973 -0.994964 -0.0970165 0.390244 -0.146851 0.0996784 -0.984124 -0.491565 0.988838 -0.0105503 -0.148623 0.441625 
-0.0934399 -0.956526 0.276273 -0.359905 0.973959 -0.145391 -0.17397 -0.364791 0.206574 0.252823 0.945202 0.496698 -0.0253714 -0.995 -0.0965998 0.390356 -0.146094 0.0992839 -0.984276 -0.491579 0.988945 -0.0108597 -0.147883 0.441603 
-0.138306 -0.962539 0.233218 -0.436763 0.989814 -0.126314 0.0656697 -0.326533 -0.0337509 0.239925 0.970205 0.456267 -0.0255342 -0.995035 -0.0961935 0.390443 -0.145367 0.0988979 -0.984423 -0.491607 0.989048 -0.0111531 -0.14717 0.441666 
-0.171042 -0.96873 0.179743 -0.492716 0.948722 -0.112711 0.295335 -0.295921 -0.265841 0.22104 0.938334 0.421515 -0.0256261 -0.995055 -0.0959591 0.39044 -0.144819 0.0986733 -0.984526 -0.491761 0.989126 -0.0113328 -0.146631 0.442197 
-0.171042 -0.96873 0.179743 -0.492716 0.948722 -0.112711 0.295335 -0.295921 -0.265841 0.22104 0.938334 0.421515 -0.0253179 -0.995001 -0.0966014 0.390423 -0.146106 0.0992777 -0.984275 -0.491536 0.988945 -0.0108057 -0.147889 0.441584 
0.258298 -0.938144 0.230581 0.22277 -0.0995003 -0.263246 -0.959584 -0.538813 0.960928 0.224916 -0.161341 0.584091 -0.025315 -0.995002 -0.0965882 0.390501 -0.146198 0.0992652 -0.984263 -0.49154 0.988931 -0.0107956 -0.14798 0.441599 
0.248418 -0.926612 0.282273 0.170586 0.0933578 -0.267148 -0.959123 -0.519055 0.964144 0.264615 0.0201422 0.554337 -0.025313 -0.995004 -0.0965749 0.390578 -0.146289 0.0992528 -0.98425 -0.491544 0.988918 -0.0107865 -0.148071 0.441613 
0.182314 -0.930632 0.317311 0.0672573 0.335149 -0.244574 -0.909867 -0.492943 0.924357 0.272228 0.267311 0.550586 -0.025311 -0.995005 -0.0965616 0.390656 -0.146381 0.0992403 -0.984238 -0.491549 0.988904 -0.0107773 -0.148161 0.441628 
0.106593 -0.937349 0.331686 -0.0375517 0.563635 -0.21785 -0.796779 -0.458765 0.819118 0.271881 0.505101 0.550623 -0.0253091 -0.995006 -0.0965482 0.390733 -0.146472 0.0992278 -0.984225 -0.491553 0.988891 -0.0107682 -0.148252 0.441643 
0.0334814 -0.943811 0.328784 -0.147003 0.754623 -0.191823 -0.627494 -0.423715 0.655304 0.269117 0.705799 0.540269 -0.0253071 -0.995008 -0.0965349 0.39081 -0.146564 0.0992153 -0.984213 -0.491557 0.988877 -0.0107591 -0.148343 0.441658 
-0.0338004 -0.950033 0.310313 -0.253588 0.894147 -0.167457 -0.415282 -0.389916 0.446496 0.263428 0.85513 0.516999 -0.0253051 -0.995009 -0.0965217 0.390887 -0.146655 0.0992029 -0.984201 -0.491561 0.988864 -0.0107499 -0.148433 0.441672 
-0.0917356 -0.956147 0.278151 -0.349642 0.973239 -0.145191 -0.178118 -0.355997 0.210692 0.254368 0.943878 0.48504 -0.0253028 -0.99501 -0.0965085 0.390961 -0.146746 0.0991905 -0.984188 -0.491563 0.988851 -0.0107405 -0.148524 0.441686 
-0.137405 -0.962361 0.234482 -0.426237 0.990105 -0.126636 0.0604555 -0.322538 -0.0284861 0.240469 0.970239 0.44767 -0.0252986 -0.995012 -0.0964946 0.391018 -0.146833 0.0991771 -0.984177 -0.491557 0.988838 -0.0107297 -0.14861 0.44169 
-0.170415 -0.968666 0.180678 -0.48744 0.948843 -0.111852 0.295273 -0.292463 -0.265812 0.221754 0.938173 0.419512 -0.0252727 -0.995016 -0.0964557 0.390987 -0.146895 0.0991355 -0.984172 -0.491513 0.988829 -0.0107039 -0.148668 0.441622 
-0.170415 -0.968666 0.180678 -0.48744 0.948843 -0.111852 0.295273 -0.292463 -0.265812 0.221754 0.938173 0.419512 -0.0253158 -0.995016 -0.0964472 0.390724 -0.146409 0.0991282 -0.984245 -0.491582 0.9889 -0.0107962 -0.148189 0.441713 
0.256694 -0.939379 0.227321 0.207684 -0.0896564 -0.257332 -0.962155 -0.501397 0.962325 0.226598 -0.150277 0.57907 -0.0254484 -0.995013 -0.0964394 0.390841 -0.146787 0.0991443 -0.984187 -0.491585 0.988841 -0.01089 -0.148578 0.441786 
0.247572 -0.92755 0.279927 0.158368 0.0932352 -0.264773 -0.959793 -0.483478 0.964373 0.263717 0.0209299 0.548547 -0.0255813 -0.995011 -0.0964307 0.390957 -0.147166 0.0991597 -0.984129 -0.491588 0.988781 -0.010984 -0.148968 0.441859 
0.183861 -0.93103 0.315244 0.0585615 0.333449 -0.242617 -0.911015 -0.463656 0.924666 0.272618 0.265844 0.542836 -0.0257142 -0.995008 -0.096422 0.391074 -0.147544 0.0991751 -0.984071 -0.491591 0.988721 -0.0110781 -0.149358 0.441932 
0.109194 -0.937245 0.331132 -0.0415448 0.562409 -0.216424 -0.798033 -0.436191 0.819617 0.273372 0.503483 0.540993 -0.0258471 -0.995006 -0.0964132 0.39119 -0.147923 0.0991905 -0.984012 -0.491595 0.988661 -0.0111722 -0.149748 0.442005 
0.0359966 -0.943502 0.329407 -0.145791 0.75356 -0.190875 -0.629059 -0.407661 0.656393 0.270872 0.704114 0.529695 -0.0259799 -0.995003 -0.0964044 0.391307 -0.148301 0.099206 -0.983954 -0.491598 0.988601 -0.0112662 -0.150137 0.442078 
-0.0318748 -0.949704 0.311523 -0.248378 0.893234 -0.166915 -0.41746 -0.379492 0.448461 0.264956 0.853628 0.507104 -0.0261126 -0.995001 -0.0963955 0.391423 -0.148679 0.0992215 -0.983895 -0.491602 0.988541 -0.0113601 -0.150527 0.44215 
-0.0905034 -0.955895 0.279417 -0.342442 0.972754 -0.144983 -0.180915 -0.349978 0.213447 0.255431 0.942972 0.4768 -0.0262441 -0.994998 -0.0963866 0.391533 -0.149055 0.0992369 -0.983837 -0.491607 0.988481 -0.0114531 -0.150914 0.442215 
-0.136705 -0.962241 0.23538 -0.418394 0.990313 -0.126918 0.0563107 -0.319936 -0.0243105 0.240798 0.970271 0.441072 -0.0263697 -0.994996 -0.0963741 0.391609 -0.149415 0.0992477 -0.983781 -0.491608 0.988423 -0.0115422 -0.151285 0.442234 
-0.169944 -0.968605 0.181448 -0.483629 0.948918 -0.111174 0.295288 -0.28997 -0.265845 0.222362 0.93802 0.417949 -0.0264366 -0.995004 -0.096276 0.391497 -0.149673 0.0991638 -0.98375 -0.491562 0.988382 -0.0115971 -0.151547 0.441982 
-0.169944 -0.968605 0.181448 -0.483629 0.948918 -0.111174 0.295288 -0.28997 -0.265845 0.222362 0.93802 0.417949 -0.0262098 -0.995007 -0.0963038 0.391425 -0.148571 0.0991442 -0.983919 -0.491624 0.988554 -0.0114804 -0.150428 0.442242 
0.255225 -0.94041 0.224697 0.193607 -0.0769995 -0.251424 -0.964809 -0.478103 0.963811 0.228941 -0.136581 0.576682 -0.0264361 -0.995003 -0.0962774 0.391567 -0.148423 0.0991504 -0.983941 -0.491637 0.988571 -0.0117218 -0.150303 0.442285 
0.246919 -0.926511 0.283915 0.149318 0.0953506 -0.268336 -0.958595 -0.461115 0.964334 0.263766 0.0220864 0.555139 -0.0266625 -0.995 -0.0962508 0.391708 -0.148274 0.0991564 -0.983963 -0.49165 0.988587 -0.0119634 -0.150176 0.442327 
0.184071 -0.930285 0.317312 0.0532139 0.334812 -0.244179 -0.910098 -0.444967 0.924131 0.273762 0.266524 0.541029 -0.0268889 -0.994996 -0.0962243 0.39185 -0.148125 0.0991623 -0.983985 -0.491663 0.988603 -0.012205 -0.15005 0.44237 
0.11071 -0.937233 0.330663 -0.0438147 0.561914 -0.215397 -0.79866 -0.421782 0.819754 0.274224 0.502797 0.535012 -0.0271153 -0.994993 -0.0961977 0.391992 -0.147976 0.0991681 -0.984007 -0.491676 0.988619 -0.0124467 -0.149924 0.442413 
0.0375994 -0.943328 0.329726 -0.144854 0.753007 -0.19017 -0.629934 -0.397129 0.656938 0.271971 0.703182 0.522747 -0.0273416 -0.994989 -0.0961712 0.392133 -0.147827 0.099174 -0.984028 -0.491689 0.988635 -0.0126883 -0.149798 0.442456 
-0.0305742 -0.949488 0.312309 -0.244788 0.892664 -0.16651 -0.418838 -0.372492 0.449684 0.265982 0.852665 0.500294 -0.0275678 -0.994986 -0.0961449 0.392273 -0.147678 0.0991799 -0.98405 -0.491702 0.988651 -0.0129296 -0.149671 0.442499 
-0.0896227 -0.955718 0.280306 -0.337348 0.972401 -0.144835 -0.182916 -0.34589 0.215414 0.256176 0.942322 0.470842 -0.0277925 -0.994982 -0.0961189 0.392407 -0.147529 0.0991859 -0.984072 -0.491714 0.988667 -0.0131695 -0.149545 0.442543 
-0.136232 -0.962125 0.236127 -0.413116 0.990422 -0.126865 0.0544945 -0.318025 -0.0224744 0.241289 0.970193 0.436446 -0.0280077 -0.994978 -0.0960947 0.3925 -0.14738 0.0991921 -0.984093 -0.491726 0.988683 -0.0133997 -0.149418 0.442588 
-0.169607 -0.968548 0.182065 -0.480934 0.948964 -0.110662 0.295334 -0.2882 -0.265898 0.222864 0.937886 0.416701 -0.0281451 -0.994976 -0.096074 0.392398 -0.147232 0.0991901 -0.984116 -0.491744 0.988701 -0.0135528 -0.149284 0.44262 
-0.169607 -0.968548 0.182065 -0.480934 0.948964 -0.110662 0.295334 -0.2882 -0.265898 0.222864 0.937886 0.416701 -0.0278306 -0.994973 -0.0961993 0.392028 -0.147772 0.0992742 -0.984026 -0.491781 0.98863 -0.0131705 -0.149792 0.442474 
0.255392 -0.94074 0.22312 0.18383 -0.0697308 -0.248094 -0.966223 -0.462641 0.96432 0.231208 -0.12896 0.575271 -0.0279895 -0.994971 -0.0961682 0.392207 -0.147405 0.0992624 -0.984083 -0.491791 0.98868 -0.0133682 -0.149442 0.44249 
0.247002 -0.926857 0.282711 0.143376 0.0949975 -0.267184 -0.958952 -0.447551 0.964347 0.26372 0.0220541 0.558253 -0.0281483 -0.99497 -0.0961379 0.392387 -0.147038 0.0992511 -0.984139 -0.491802 0.98873 -0.0135659 -0.149093 0.442506 
0.184377 -0.929704 0.318834 0.0495155 0.336232 -0.245159 -0.90931 -0.432818 0.923555 0.274858 0.267394 0.542337 -0.0283072 -0.994968 -0.0961076 0.392566 -0.146671 0.0992397 -0.984195 -0.491812 0.98878 -0.0137636 -0.148743 0.442522 
0.111671 -0.93721 0.330406 -0.0452268 0.561774 -0.214723 -0.798939 -0.412217 0.819719 0.274831 0.502522 0.531101 -0.0284661 -0.994967 -0.0960773 0.392745 -0.146304 0.0992283 -0.98425 -0.491823 0.98883 -0.0139613 -0.148393 0.442538 
0.0386625 -0.943212 0.329933 -0.144137 0.752689 -0.18968 -0.630461 -0.390052 0.65724 0.272712 0.702612 0.517936 -0.028625 -0.994965 -0.0960472 0.392924 -0.145937 0.0992168 -0.984306 -0.491833 0.98888 -0.0141589 -0.148043 0.442555 
-0.0296786 -0.949336 0.312858 -0.242252 0.892278 -0.166232 -0.419771 -0.367739 0.450511 0.266698 0.852005 0.495429 -0.0287838 -0.994963 -0.0960172 0.393102 -0.14557 0.0992053 -0.984361 -0.491843 0.988929 -0.0143564 -0.147693 0.442572 
-0.0889735 -0.955592 0.280941 -0.333671 0.972101 -0.14477 -0.184557 -0.343145 0.217033 0.256682 0.941813 0.466447 -0.0289413 -0.994962 -0.0959879 0.393272 -0.145205 0.0991942 -0.984417 -0.491849 0.988978 -0.0145524 -0.147344 0.442594 
-0.13585 -0.962057 0.236623 -0.410025 0.990487 -0.126602 0.0539218 -0.316357 -0.0219189 0.241698 0.970104 0.433892 -0.0290892 -0.99496 -0.0959624 0.393399 -0.144847 0.0991856 -0.98447 -0.491849 0.989026 -0.0147376 -0.147002 0.44264 
-0.169373 -0.968504 0.182517 -0.479099 0.948995 -0.110298 0.295369 -0.286954 -0.265935 0.223235 0.937787 0.415761 -0.0291604 -0.994956 -0.0959769 0.393327 -0.144537 0.0992057 -0.984514 -0.491854 0.98907 -0.0148367 -0.146701 0.442791 
-0.169373 -0.968504 0.182517 -0.479099 0.948995 -0.110298 0.295369 -0.286954 -0.265935 0.223235 0.937787 0.415761 -0.0288089 -0.994966 -0.0959863 0.393067 -0.145446 0.0991767 -0.984383 -0.491873 0.988947 -0.0143982 -0.147571 0.442633 
0.256017 -0.940798 0.222157 0.17717 -0.0654684 -0.246164 -0.967015 -0.452105 0.964453 0.233028 -0.124615 0.574113 -0.0290279 -0.994951 -0.0960732 0.393262 -0.145493 0.0992957 -0.984364 -0.491876 0.988933 -0.0145961 -0.147641 0.442663 
0.247103 -0.927152 0.281656 0.139255 0.0946027 -0.266198 -0.959265 -0.438454 0.96436 0.263682 0.0219329 0.559917 -0.0292476 -0.994936 -0.0961596 0.393456 -0.14554 0.0994143 -0.984345 -0.49188 0.98892 -0.0147947 -0.14771 0.442693 
0.184529 -0.929763 0.318574 0.0470424 0.337052 -0.244617 -0.909152 -0.424779 0.923225 0.275141 0.26824 0.542975 -0.0294672 -0.994921 -0.096246 0.393651 -0.145586 0.0995329 -0.984326 -0.491883 0.988907 -0.0149933 -0.14778 0.442723 
0.112311 -0.937198 0.330221 -0.0461426 0.561755 -0.214238 -0.799083 -0.405675 0.819645 0.275249 0.502414 0.528346 -0.0296869 -0.994906 -0.0963324 0.393845 -0.145633 0.0996516 -0.984307 -0.491886 0.988893 -0.0151919 -0.147849 0.442753 
0.039393 -0.943127 0.330089 -0.143578 0.752487 -0.189347 -0.630802 -0.38518 0.657428 0.273237 0.702232 0.514448 -0.0299065 -0.994891 -0.0964187 0.394039 -0.145679 0.0997703 -0.984288 -0.491889 0.98888 -0.0153905 -0.147918 0.442783 
-0.0290481 -0.949221 0.313266 -0.240395 0.891993 -0.166054 -0.420445 -0.364472 0.451114 0.267218 0.851522 0.491814 -0.0301259 -0.994876 -0.0965052 0.394232 -0.145725 0.099889 -0.984269 -0.491892 0.988866 -0.0155888 -0.147988 0.442813 
-0.088496 -0.955495 0.28142 -0.330903 0.971831 -0.144781 -0.185966 -0.341355 0.218434 0.257035 0.941392 0.463042 -0.0303437 -0.994861 -0.0965921 0.394416 -0.145771 0.100008 -0.984251 -0.491894 0.988853 -0.0157856 -0.148056 0.442842 
-0.135554 -0.962012 0.236975 -0.408021 0.990534 -0.126372 0.0535892 -0.315119 -0.0216065 0.241997 0.970037 0.432269 -0.0305512 -0.994847 -0.0966789 0.394548 -0.14581 0.100125 -0.984233 -0.491888 0.988841 -0.0159727 -0.148118 0.442853 
-0.169211 -0.968472 0.182837 -0.477893 0.949013 -0.110042 0.295406 -0.286108 -0.265973 0.2235 0.937713 0.415086 -0.0306678 -0.994838 -0.0967295 0.394419 -0.145807 0.100192 -0.984226 -0.491852 0.988838 -0.0160802 -0.148127 0.44274 
-0.169211 -0.968472 0.182837 -0.477893 0.949013 -0.110042 0.295406 -0.286108 -0.265973 0.2235 0.937713 0.415086 -0.0300537 -0.9949 -0.0962848 0.394322 -0.145825 0.0996619 -0.984278 -0.491872 0.988854 -0.0155405 -0.148077 0.442859 
0.256719 -0.940756 0.221524 0.172461 -0.0628089 -0.244961 -0.967496 -0.444566 0.964443 0.234461 -0.121974 0.573063 -0.0303538 -0.994882 -0.0963715 0.394522 -0.146012 0.0997951 -0.984236 -0.491882 0.988817 -0.0158039 -0.148294 0.442915 
0.247184 -0.927367 0.280873 0.136281 0.0942891 -0.265472 -0.959497 -0.431988 0.96437 0.263656 0.0218201 0.56089 -0.0306616 -0.994865 -0.0964576 0.394723 -0.146205 0.0999291 -0.984194 -0.491892 0.988779 -0.0160744 -0.148518 0.442971 
0.184607 -0.929895 0.318144 0.0453565 0.337679 -0.243988 -0.909089 -0.419077 0.922981 0.275255 0.268964 0.543349 -0.0309696 -0.994847 -0.0965436 0.394924 -0.146398 0.100063 -0.984152 -0.491902 0.988741 -0.016345 -0.148742 0.443027 
0.11276 -0.937187 0.330099 -0.046752 0.561772 -0.213893 -0.799163 -0.401017 0.819571 0.275554 0.502367 0.526264 -0.0312776 -0.994829 -0.0966295 0.395126 -0.14659 0.100197 -0.98411 -0.491912 0.988703 -0.0166156 -0.148966 0.443082 
0.0399185 -0.943059 0.330223 -0.143112 0.75234 -0.189122 -0.631044 -0.381708 0.657564 0.27363 0.701952 0.511767 -0.0315856 -0.994811 -0.0967154 0.395327 -0.146783 0.100331 -0.984067 -0.491923 0.988664 -0.0168861 -0.14919 0.443138 
-0.0285817 -0.949127 0.313595 -0.238926 0.891755 -0.165951 -0.42099 -0.362194 0.451614 0.267618 0.851132 0.488939 -0.0318933 -0.994793 -0.0968014 0.395527 -0.146975 0.100466 -0.984025 -0.491933 0.988626 -0.0171563 -0.149414 0.443193 
-0.0881317 -0.955411 0.28182 -0.328524 0.971516 -0.144923 -0.187494 -0.340382 0.219977 0.257269 0.940969 0.460094 -0.032199 -0.994774 -0.0968876 0.395717 -0.147166 0.1006 -0.983983 -0.491943 0.988588 -0.0174247 -0.149636 0.443244 
-0.135343 -0.961972 0.237259 -0.406876 0.990564 -0.126156 0.0535571 -0.314158 -0.0215888 0.242268 0.969969 0.431565 -0.0324928 -0.994757 -0.0969723 0.395847 -0.147345 0.100731 -0.983942 -0.491948 0.988551 -0.0176826 -0.149845 0.44326 
-0.169088 -0.968465 0.182989 -0.477213 0.949019 -0.109869 0.295451 -0.285547 -0.266029 0.223618 0.937669 0.414766 -0.0326797 -0.994749 -0.0969916 0.395674 -0.147444 0.10078 -0.983923 -0.491916 0.98853 -0.0178535 -0.149963 0.443056 
-0.169088 -0.968465 0.182989 -0.477213 0.949019 -0.109869 0.295451 -0.285547 -0.266029 0.223618 0.937669 0.414766 -0.0321148 -0.994773 -0.0969268 0.395612 -0.147145 0.100626 -0.983983 -0.491945 0.988593 -0.0173381 -0.149608 0.443189 
0.257415 -0.94067 0.221082 0.168995 -0.0610591 -0.244169 -0.967808 -0.438832 0.96437 0.235629 -0.120289 0.571952 -0.0325873 -0.994748 -0.0970311 0.395917 -0.14716 0.1008 -0.983963 -0.491963 0.988576 -0.0177856 -0.149672 0.443272 
0.247242 -0.927536 0.280266 0.134005 0.0940377 -0.264911 -0.959677 -0.427004 0.96438 0.263628 0.0217262 0.561512 -0.0330597 -0.994722 -0.0971353 0.396223 -0.147175 0.100974 -0.983943 -0.491981 0.988558 -0.018233 -0.149736 0.443355 
0.184663 -0.930019 0.317748 0.0441149 0.338144 -0.243446 -0.909061 -0.41467 0.922799 0.275315 0.269525 0.543576 -0.0335321 -0.994696 -0.0972395 0.396528 -0.147189 0.101148 -0.983923 -0.491999 0.98854 -0.0186804 -0.1498 0.443437 
0.113101 -0.937172 0.330027 -0.0471673 0.561803 -0.213642 -0.799209 -0.397426 0.819504 0.275801 0.502342 0.524496 -0.0340046 -0.99467 -0.0973436 0.396833 -0.147204 0.101322 -0.983903 -0.492017 0.988522 -0.0191279 -0.149864 0.44352 
0.0403243 -0.942995 0.330355 -0.142675 0.752218 -0.188972 -0.631236 -0.379052 0.65768 0.273953 0.701717 0.509486 -0.0344769 -0.994643 -0.0974477 0.397138 -0.147218 0.101496 -0.983883 -0.492034 0.988503 -0.0195752 -0.149928 0.443603 
-0.0282167 -0.949041 0.313886 -0.237681 0.891544 -0.1659 -0.421458 -0.360491 0.452055 0.267951 0.850793 0.48646 -0.0349489 -0.994617 -0.0975521 0.397441 -0.147232 0.101671 -0.983863 -0.492052 0.988484 -0.0200221 -0.149992 0.443685 
-0.0878417 -0.955334 0.282173 -0.326486 0.971213 -0.145102 -0.18892 -0.339785 0.221426 0.257455 0.940578 0.457462 -0.0354179 -0.99459 -0.097657 0.397728 -0.147244 0.101845 -0.983843 -0.492069 0.988466 -0.0204662 -0.150055 0.443765 
-0.135178 -0.961934 0.237507 -0.40602 0.990586 -0.125979 0.0535627 -0.313419 -0.0216029 0.242512 0.969908 0.431036 -0.0358679 -0.994563 -0.0977622 0.397927 -0.147247 0.102017 -0.983825 -0.492079 0.988449 -0.0208925 -0.150105 0.443816 
-0.169008 -0.968457 0.183103 -0.4768 0.949015 -0.109743 0.295513 -0.285181 -0.266097 0.223712 0.937628 0.414561 -0.0361551 -0.994548 -0.0978121 0.397684 -0.14718 0.102108 -0.983825 -0.49206 0.988449 -0.0211743 -0.150069 0.44366 
-0.169008 -0.968457 0.183103 -0.4768 0.949015 -0.109743 0.295513 -0.285181 -0.266097 0.223712 0.937628 0.414561 -0.0353386 -0.994594 -0.0976389 0.397724 -0.147254 0.101816 -0.983844 -0.492026 0.988467 -0.02039 -0.150056 0.443732 
0.25808 -0.940566 0.220749 0.166289 -0.0598279 -0.24361 -0.968026 -0.434236 0.964269 0.236621 -0.119143 0.570823 -0.0358262 -0.994558 -0.0978276 0.398051 -0.147227 0.102075 -0.983822 -0.492058 0.988454 -0.0208437 -0.150082 0.443816 
0.247288 -0.927672 0.279773 0.132159 0.0938288 -0.264458 -0.959822 -0.42296 0.964388 0.263603 0.0216452 0.561937 -0.036314 -0.994522 -0.0980165 0.398379 -0.147199 0.102334 -0.983799 -0.49209 0.98844 -0.0212978 -0.150109 0.443901 
0.184706 -0.93013 0.317398 0.0431335 0.338519 -0.24298 -0.909046 -0.411092 0.922653 0.275351 0.269987 0.543719 -0.0368019 -0.994485 -0.0982054 0.398706 -0.147171 0.102594 -0.983776 -0.492122 0.988426 -0.0217519 -0.150135 0.443985 
0.113378 -0.937152 0.329986 -0.0474747 0.561837 -0.213452 -0.799236 -0.394524 0.819442 0.276014 0.502326 0.522941 -0.0372898 -0.994449 -0.0983942 0.399033 -0.147143 0.102854 -0.983753 -0.492153 0.988412 -0.0222059 -0.150161 0.444069 
0.0406555 -0.942935 0.330487 -0.142274 0.752109 -0.188868 -0.631396 -0.37692 0.657783 0.274232 0.701511 0.507472 -0.0377776 -0.994411 -0.0985832 0.39936 -0.147114 0.103113 -0.98373 -0.492185 0.988398 -0.02266 -0.150187 0.444153 
-0.0279175 -0.948963 0.314151 -0.2366 0.891351 -0.165882 -0.421873 -0.359159 0.452454 0.268241 0.850489 0.484248 -0.038265 -0.994374 -0.0987723 0.399684 -0.147085 0.103373 -0.983707 -0.492216 0.988383 -0.0231136 -0.150213 0.444237 
-0.0876021 -0.955261 0.282494 -0.324709 0.970926 -0.145297 -0.190239 -0.339413 0.222773 0.257615 0.940216 0.45506 -0.0387496 -0.994336 -0.0989621 0.399992 -0.147055 0.103633 -0.983684 -0.492244 0.988369 -0.0235645 -0.150238 0.444319 
-0.135042 -0.961898 0.237733 -0.405322 0.990604 -0.125832 0.0535713 -0.312831 -0.0216158 0.242734 0.969852 0.43056 -0.0392158 -0.994299 -0.0991521 0.400205 -0.147014 0.10389 -0.983663 -0.492255 0.988357 -0.0239983 -0.15025 0.444371 
-0.168954 -0.968447 0.183204 -0.476531 0.949005 -0.109647 0.295579 -0.284933 -0.266165 0.223801 0.937587 0.414387 -0.0395171 -0.994275 -0.0992761 0.399943 -0.1469 0.104055 -0.983663 -0.492203 0.988362 -0.0242879 -0.150171 0.444196 
-0.168954 -0.968447 0.183204 -0.476531 0.949005 -0.109647 0.295579 -0.284933 -0.266165 0.223801 0.937587 0.414387 -0.038765 -0.994337 -0.098955 0.399976 -0.147088 0.103629 -0.98368 -0.492205 0.988364 -0.0235773 -0.150272 0.444277 
0.258707 -0.940456 0.220485 0.164083 -0.0589207 -0.243194 -0.968186 -0.430421 0.964157 0.237485 -0.118328 0.569709 -0.0391274 -0.994343 -0.0987516 0.400317 -0.146895 0.103477 -0.983725 -0.492258 0.988378 -0.0239844 -0.150113 0.444353 
0.247328 -0.927785 0.279363 0.130602 0.0936506 -0.26408 -0.959943 -0.419568 0.964395 0.263584 0.021573 0.562238 -0.0394898 -0.994348 -0.0985495 0.400658 -0.146702 0.103327 -0.983769 -0.492311 0.988392 -0.0243915 -0.149953 0.444428 
0.184743 -0.930228 0.317091 0.0423148 0.338834 -0.242575 -0.909037 -0.408082 0.92253 0.275379 0.270379 0.543811 -0.0398523 -0.994354 -0.0983474 0.401 -0.146509 0.103177 -0.983814 -0.492364 0.988406 -0.0247985 -0.149794 0.444504 
0.113609 -0.937131 0.329967 -0.0477177 0.561872 -0.213302 -0.799251 -0.392108 0.819386 0.276201 0.502314 0.52155 -0.0402148 -0.994359 -0.0981454 0.401341 -0.146316 0.103026 -0.983858 -0.492417 0.98842 -0.0252055 -0.149634 0.444579 
0.0409342 -0.942877 0.330616 -0.14191 0.752011 -0.188797 -0.631534 -0.375163 0.657878 0.274479 0.701326 0.505661 -0.0405774 -0.994364 -0.0979436 0.401681 -0.146123 0.102876 -0.983903 -0.492469 0.988434 -0.0256124 -0.149474 0.444655 
-0.0276652 -0.948889 0.314397 -0.23565 0.891172 -0.165887 -0.422249 -0.35809 0.452821 0.2685 0.850212 0.482242 -0.0409397 -0.994369 -0.097742 0.402019 -0.14593 0.102726 -0.983947 -0.492521 0.988447 -0.026019 -0.149314 0.444732 
-0.0873994 -0.955192 0.28279 -0.323139 0.970655 -0.145499 -0.191466 -0.339194 0.224032 0.257757 0.939878 0.452839 -0.0412996 -0.994374 -0.0975415 0.402341 -0.145738 0.102576 -0.983991 -0.492567 0.988461 -0.0264229 -0.149154 0.444812 
-0.134927 -0.961862 0.23794 -0.404736 0.99062 -0.125706 0.0535818 -0.312348 -0.0216278 0.242938 0.969801 0.43012 -0.0416417 -0.994379 -0.0973445 0.402571 -0.145547 0.102427 -0.984035 -0.492593 0.988475 -0.0268087 -0.148994 0.444898 
-0.168917 -0.968436 0.183297 -0.476348 0.948994 -0.109569 0.295645 -0.284755 -0.266229 0.223887 0.937548 0.414226 -0.0418299 -0.994391 -0.0971477 0.402364 -0.145355 0.102255 -0.984081 -0.492574 0.988495 -0.0270432 -0.148817 0.44495 
-0.168917 -0.968436 0.183297 -0.476348 0.948994 -0.109569 0.295645 -0.284755 -0.266229 0.223887 0.937548 0.414226 -0.0412265 -0.994378 -0.0975295 0.402229 -0.145852 0.102556 -0.983976 -0.492585 0.988447 -0.026341 -0.14926 0.444752 
0.259293 -0.940345 0.220269 0.162236 -0.0582325 -0.242876 -0.968308 -0.427185 0.964042 0.238248 -0.117735 0.568626 -0.0417337 -0.994337 -0.0977367 0.402585 -0.14595 0.10284 -0.983932 -0.492613 0.988411 -0.0267985 -0.149415 0.444824 
0.247366 -0.92788 0.279014 0.12926 0.0934962 -0.263761 -0.960046 -0.416669 0.964401 0.263569 0.0215078 0.562455 -0.0422418 -0.994295 -0.0979443 0.402942 -0.146047 0.103124 -0.983888 -0.49264 0.988375 -0.0272567 -0.14957 0.444896 
0.184776 -0.930313 0.316822 0.0416162 0.339105 -0.242222 -0.90903 -0.40551 0.922424 0.275403 0.270717 0.54387 -0.04275 -0.994253 -0.0981519 0.403298 -0.146145 0.103408 -0.983844 -0.492667 0.988339 -0.0277149 -0.149726 0.444968 
0.113808 -0.937109 0.329962 -0.0479164 0.561906 -0.213183 -0.799259 -0.390067 0.819335 0.27637 0.502305 0.520294 -0.0432582 -0.99421 -0.0983593 0.403654 -0.146242 0.103692 -0.983799 -0.492695 0.988303 -0.0281731 -0.149881 0.44504 
0.0411724 -0.942822 0.330743 -0.14158 0.751922 -0.188749 -0.631655 -0.373694 0.657966 0.2747 0.701157 0.50402 -0.0437664 -0.994168 -0.0985667 0.40401 -0.146339 0.103977 -0.983755 -0.492722 0.988266 -0.0286312 -0.150036 0.445112 
-0.0274494 -0.948819 0.314625 -0.234807 0.891006 -0.165907 -0.422591 -0.357223 0.453161 0.268733 0.849957 0.480406 -0.0442741 -0.994124 -0.0987743 0.404363 -0.146435 0.104261 -0.98371 -0.492749 0.988229 -0.0290889 -0.150191 0.445184 
-0.0872256 -0.955126 0.283066 -0.321737 0.970397 -0.145704 -0.192614 -0.339088 0.225214 0.257885 0.93956 0.450772 -0.044779 -0.994081 -0.0989826 0.404698 -0.14653 0.104546 -0.983666 -0.492772 0.988192 -0.0295437 -0.150344 0.445252 
-0.134828 -0.961829 0.238131 -0.404237 0.990633 -0.125597 0.0535939 -0.311943 -0.0216395 0.243126 0.969753 0.429711 -0.0452643 -0.994038 -0.0991904 0.404931 -0.146611 0.104827 -0.983624 -0.492777 0.988158 -0.0299806 -0.150482 0.445282 
-0.168891 -0.968425 0.183382 -0.476219 0.948981 -0.109504 0.295708 -0.284622 -0.26629 0.223969 0.937511 0.414073 -0.0455731 -0.994012 -0.0993161 0.404649 -0.146597 0.104998 -0.983608 -0.492707 0.988146 -0.0302666 -0.150504 0.445033 
-0.168891 -0.968425 0.183382 -0.476219 0.948981 -0.109504 0.295708 -0.284622 -0.26629 0.223969 0.937511 0.414073 -0.0449224 -0.994065 -0.0990757 0.40463 -0.14664 0.104663 -0.983637 -0.492799 0.988169 -0.0296589 -0.150471 0.445172 
0.25984 -0.940236 0.220088 0.160653 -0.0576973 -0.242626 -0.968403 -0.424387 0.963926 0.238931 -0.117293 0.567583 -0.0454529 -0.994003 -0.0994596 0.405009 -0.146485 0.105118 -0.983612 -0.492826 0.988168 -0.0301386 -0.150384 0.445222 
