0.275657 -0.8825 0.381061 -0.604483 0.633204 0.464965 0.618757 -0.181741 -0.723233 0.0707247 0.686973 0.426588 -0.014256 -0.994591 -0.102886 0.352352 -0.156733 0.103848 -0.982166 -0.490725 0.987538 0.00212388 -0.157366 0.441079 
0.253065 -0.943704 0.213027 0.420533 -0.141007 -0.253823 -0.956917 -0.351917 0.957118 0.212124 -0.197303 0.789374 -0.0142696 -0.994577 -0.103021 0.355508 -0.156807 0.103982 -0.98214 -0.490518 0.987526 0.0021396 -0.15744 0.440996 
0.190657 -0.949375 0.249676 0.341173 0.0933737 -0.23565 -0.967342 -0.403022 0.977206 0.207743 0.0437185 0.723742 -0.0142857 -0.994563 -0.103156 0.358661 -0.156879 0.104118 -0.982114 -0.490302 0.987514 0.00215276 -0.157514 0.440914 
0.14121 -0.953321 0.266904 0.231558 0.356227 -0.202616 -0.912167 -0.220296 0.923668 0.223886 0.310987 0.895308 -0.0143036 -0.994548 -0.10329 0.36181 -0.156951 0.104253 -0.982088 -0.49008 0.987503 0.00216405 -0.157586 0.440832 
0.168068 -0.903703 0.393794 -0.254125 0.665572 -0.190648 -0.721572 -0.000121093 0.727163 0.383372 0.569438 1.04446 -0.014323 -0.994534 -0.103424 0.364955 -0.157021 0.104388 -0.982063 -0.489851 0.987491 0.00217362 -0.157658 0.440751 
0.0438059 -0.954355 0.295446 -0.380149 0.827968 -0.130809 -0.545305 -0.374229 0.559061 0.268508 0.784445 0.90383 -0.0143437 -0.99452 -0.103557 0.368094 -0.157091 0.104523 -0.982037 -0.489614 0.98748 0.00218183 -0.157729 0.440671 
-0.0317052 -0.968313 0.247718 -0.408992 0.931084 -0.118731 -0.344944 -0.433466 0.363426 0.219709 0.905345 0.802256 -0.0143637 -0.994506 -0.103692 0.371213 -0.157159 0.10466 -0.982012 -0.489367 0.987469 0.00219088 -0.157799 0.440595 
-0.0851518 -0.969094 0.231531 -0.487389 0.988571 -0.111186 -0.101805 -0.380521 0.124401 0.220216 0.967486 0.700681 -0.0143684 -0.994491 -0.103833 0.374221 -0.157226 0.104799 -0.981986 -0.489082 0.987458 0.00221559 -0.157866 0.440527 
-0.128794 -0.969831 0.206976 -0.540539 0.986247 -0.103467 0.128886 -0.317685 -0.103583 0.220729 0.969819 0.59569 -0.0142534 -0.994477 -0.103983 0.376588 -0.157278 0.104929 -0.981964 -0.488642 0.987451 0.00235798 -0.157905 0.440399 
-0.151757 -0.97411 0.16757 -0.566309 0.937091 -0.087873 0.337844 -0.246562 -0.314372 0.208299 0.926165 0.504807 -0.0130952 -0.994503 -0.103887 0.375749 -0.157183 0.104651 -0.982009 -0.487665 0.987483 0.00346967 -0.157689 0.439544 
-0.151757 -0.97411 0.16757 -0.566309 0.937091 -0.087873 0.337844 -0.246562 -0.314372 0.208299 0.926165 0.504807 -0.0149337 -0.994555 -0.103142 0.373544 -0.157217 0.104206 -0.982051 -0.489201 0.987451 0.00154991 -0.157917 0.440793 
0.349419 -0.918565 0.184781 0.0796354 -0.0891712 -0.228918 -0.969353 -0.615616 0.932714 0.322233 -0.161898 0.808256 -0.0149092 -0.994541 -0.103276 0.374737 -0.157258 0.104334 -0.982031 -0.489256 0.987445 0.00159974 -0.157955 0.440805 
0.29836 -0.919951 0.254306 0.102747 0.105778 -0.232929 -0.966724 -0.703587 0.948574 0.315332 0.0278134 0.693081 -0.014885 -0.994528 -0.103409 0.375929 -0.157298 0.104462 -0.982011 -0.489309 0.987439 0.00164889 -0.157992 0.440817 
0.224196 -0.925454 0.305403 0.00446323 0.346783 -0.217109 -0.912472 -0.729118 0.910757 0.310482 0.272257 0.655026 -0.0148611 -0.994514 -0.103542 0.377121 -0.157338 0.104589 -0.981991 -0.489362 0.987433 0.00169773 -0.15803 0.440829 
0.108098 -0.945763 0.306346 -0.0547268 0.570111 -0.193471 -0.798462 -0.715907 0.814425 0.260964 0.518276 0.684841 -0.0148374 -0.994501 -0.103675 0.378311 -0.157378 0.104717 -0.981971 -0.489413 0.987427 0.00174628 -0.158067 0.440842 
0.014708 -0.960456 0.278042 -0.183866 0.773258 -0.165369 -0.612148 -0.654558 0.633921 0.224001 0.740248 0.73526 -0.014814 -0.994487 -0.103808 0.3795 -0.157418 0.104844 -0.981951 -0.489463 0.987421 0.0017946 -0.158103 0.440854 
-0.0490379 -0.966086 0.253523 -0.345264 0.917999 -0.143606 -0.369668 -0.547165 0.393538 0.214606 0.893908 0.726951 -0.0147906 -0.994473 -0.103942 0.380682 -0.157458 0.104973 -0.981931 -0.489506 0.987415 0.0018431 -0.15814 0.440869 
-0.0967926 -0.966217 0.238863 -0.463301 0.98441 -0.128347 -0.120267 -0.435654 0.146861 0.223498 0.963577 0.651568 -0.0147637 -0.99446 -0.104077 0.38182 -0.157497 0.105102 -0.981911 -0.489519 0.987409 0.00189526 -0.158176 0.44089 
-0.13721 -0.967523 0.212305 -0.525996 0.986893 -0.115149 0.113057 -0.352162 -0.0849386 0.225035 0.970641 0.561023 -0.0147027 -0.994446 -0.104214 0.382704 -0.157526 0.105227 -0.981892 -0.489405 0.987405 0.0019799 -0.158198 0.440881 
-0.167061 -0.971751 0.166703 -0.552487 0.940193 -0.106106 0.323696 -0.297236 -0.296864 0.21081 0.93136 0.485386 -0.0142942 -0.994455 -0.104185 0.382317 -0.157469 0.105135 -0.981911 -0.48884 0.98742 0.00237031 -0.158099 0.44048 
-0.167061 -0.971751 0.166703 -0.552487 0.940193 -0.106106 0.323696 -0.297236 -0.296864 0.21081 0.93136 0.485386 -0.0148249 -0.994554 -0.103161 0.379815 -0.157358 0.104207 -0.982028 -0.489526 0.98743 0.00167475 -0.158046 0.441125 
0.333476 -0.920851 0.202056 0.149879 -0.0807832 -0.241447 -0.967046 -0.686104 0.939291 0.306164 -0.154906 0.717122 -0.0148143 -0.99454 -0.103304 0.380438 -0.157391 0.104346 -0.982008 -0.489614 0.987425 0.00171133 -0.158077 0.441127 
0.285369 -0.919913 0.268933 0.162916 0.10333 -0.249435 -0.962863 -0.734137 0.952831 0.30256 0.023874 0.633713 -0.0148046 -0.994525 -0.103446 0.381062 -0.157424 0.104485 -0.981988 -0.489702 0.98742 0.00174696 -0.158109 0.441129 
0.208263 -0.927198 0.311338 0.0601141 0.340443 -0.229692 -0.911779 -0.742856 0.916911 0.295882 0.267821 0.617797 -0.014795 -0.99451 -0.103588 0.381684 -0.157457 0.104624 -0.981968 -0.48979 0.987415 0.00178249 -0.15814 0.441132 
0.094487 -0.947368 0.305885 -0.0189931 0.572566 -0.199642 -0.79518 -0.720327 0.814396 0.250274 0.523567 0.666925 -0.0147854 -0.994496 -0.10373 0.382307 -0.15749 0.104763 -0.981948 -0.489878 0.98741 0.00181794 -0.158172 0.441134 
0.00586005 -0.960034 0.279822 -0.167131 0.776311 -0.172017 -0.606425 -0.650673 0.630323 0.220783 0.744277 0.714332 -0.014776 -0.994481 -0.103873 0.382929 -0.157523 0.104902 -0.981928 -0.489964 0.987405 0.00185331 -0.158203 0.441136 
-0.0532049 -0.963001 0.264193 -0.332805 0.916444 -0.152168 -0.370102 -0.538286 0.39661 0.222427 0.890633 0.690653 -0.0147667 -0.994466 -0.104015 0.383547 -0.157555 0.105041 -0.981908 -0.490046 0.9874 0.00188863 -0.158235 0.441141 
-0.0997841 -0.963158 0.249738 -0.446253 0.982162 -0.135545 -0.130326 -0.431675 0.159375 0.232278 0.959503 0.613196 -0.0147566 -0.994451 -0.104159 0.384142 -0.157588 0.105181 -0.981887 -0.490105 0.987395 0.0019249 -0.158266 0.441149 
-0.139889 -0.965649 0.21898 -0.510244 0.98757 -0.120059 0.101446 -0.354667 -0.0716709 0.230449 0.970441 0.531561 -0.0147332 -0.994437 -0.104302 0.384597 -0.157614 0.105319 -0.981868 -0.490069 0.987391 0.00197347 -0.158289 0.441142 
-0.171272 -0.970356 0.170514 -0.541385 0.943183 -0.111471 0.313017 -0.308601 -0.28473 0.214437 0.934315 0.464188 -0.0145461 -0.994436 -0.104332 0.384361 -0.157587 0.105319 -0.981873 -0.489696 0.987398 0.00215905 -0.158242 0.440891 
-0.171272 -0.970356 0.170514 -0.541385 0.943183 -0.111471 0.313017 -0.308601 -0.28473 0.214437 0.934315 0.464188 -0.0146383 -0.994439 -0.10429 0.382787 -0.157542 0.105292 -0.981883 -0.489384 0.987404 0.00205694 -0.158207 0.44085 
0.324198 -0.92264 0.208882 0.182148 -0.0840904 -0.248041 -0.965093 -0.708597 0.942245 0.295316 -0.157999 0.674892 -0.0146486 -0.994436 -0.104323 0.383139 -0.157561 0.105327 -0.981876 -0.489515 0.987401 0.00205415 -0.158227 0.440889 
0.277198 -0.921132 0.273271 0.188444 0.0966301 -0.256247 -0.961769 -0.739048 0.955941 0.293007 0.0179776 0.613676 -0.0146593 -0.994432 -0.104357 0.38349 -0.157578 0.105362 -0.98187 -0.489645 0.987398 0.0020509 -0.158245 0.440928 
0.190502 -0.931683 0.309314 0.0938118 0.34287 -0.232095 -0.91026 -0.735391 0.919864 0.279461 0.275232 0.616601 -0.01467 -0.994428 -0.104391 0.383841 -0.157595 0.105397 -0.981863 -0.489775 0.987395 0.00204761 -0.158263 0.440968 
0.0796623 -0.949484 0.303536 -0.000919465 0.578262 -0.204012 -0.789931 -0.69863 0.811952 0.238451 0.532799 0.664289 -0.0146808 -0.994424 -0.104425 0.384193 -0.157612 0.105432 -0.981857 -0.489905 0.987392 0.00204428 -0.158281 0.441007 
0.00136131 -0.95724 0.289293 -0.160146 0.778376 -0.180603 -0.60126 -0.613301 0.627797 0.225997 0.744846 0.687161 -0.0146916 -0.994421 -0.104459 0.384543 -0.157629 0.105468 -0.98185 -0.490035 0.987389 0.00204087 -0.1583 0.441046 
-0.0526623 -0.95844 0.28039 -0.314943 0.911796 -0.160657 -0.377912 -0.505226 0.407253 0.235757 0.882363 0.644969 -0.0147027 -0.994417 -0.104493 0.384892 -0.157647 0.105503 -0.981843 -0.49016 0.987386 0.00203726 -0.158318 0.441087 
-0.100092 -0.960336 0.260261 -0.421941 0.979528 -0.141025 -0.143656 -0.414685 0.174662 0.240554 0.954792 0.57433 -0.0147144 -0.994413 -0.104528 0.385226 -0.157664 0.105539 -0.981837 -0.490266 0.987383 0.00203318 -0.158336 0.441132 
-0.140725 -0.964262 0.224488 -0.489812 0.988267 -0.123216 0.0902543 -0.348752 -0.0593682 0.234555 0.970288 0.505401 -0.0147228 -0.994409 -0.104562 0.385474 -0.157675 0.105574 -0.981831 -0.490288 0.987381 0.0020315 -0.158348 0.441164 
-0.172532 -0.969521 0.173961 -0.526952 0.945869 -0.113786 0.303948 -0.309235 -0.274889 0.216985 0.936671 0.44612 -0.0146535 -0.994417 -0.104501 0.385293 -0.157644 0.105502 -0.981844 -0.490012 0.987387 0.00208641 -0.15831 0.441006 
-0.172532 -0.969521 0.173961 -0.526952 0.945869 -0.113786 0.303948 -0.309235 -0.274889 0.216985 0.936671 0.44612 -0.0146862 -0.99442 -0.104465 0.384643 -0.157624 0.105473 -0.98185 -0.490023 0.98739 0.00204665 -0.158294 0.441071 
0.313193 -0.925425 0.213304 0.207247 -0.0971104 -0.254634 -0.962149 -0.714953 0.944711 0.280624 -0.169618 0.639483 -0.0146911 -0.994418 -0.104487 0.384833 -0.157636 0.105495 -0.981846 -0.490128 0.987388 0.00204649 -0.158306 0.441097 
0.268549 -0.922445 0.277446 0.198341 0.0987676 -0.26014 -0.960506 -0.726114 0.958189 0.285346 0.0212474 0.60323 -0.0146959 -0.994415 -0.104509 0.385023 -0.157648 0.105517 -0.981842 -0.490232 0.987386 0.00204666 -0.158318 0.441124 
0.169781 -0.935633 0.309459 0.119949 0.346517 -0.237287 -0.907536 -0.702247 0.922551 0.261315 0.283926 0.6142 -0.0147006 -0.994413 -0.104531 0.385212 -0.15766 0.10554 -0.981837 -0.490336 0.987384 0.00204681 -0.158331 0.44115 
0.0768144 -0.946364 0.313838 0.00101253 0.580513 -0.213463 -0.785773 -0.638762 0.81062 0.242546 0.532979 0.641571 -0.0147053 -0.994411 -0.104553 0.385402 -0.157672 0.105562 -0.981833 -0.49044 0.987382 0.00204695 -0.158343 0.441176 
0.010113 -0.95069 0.309979 -0.153704 0.771022 -0.189979 -0.60781 -0.549537 0.636728 0.245148 0.731081 0.635902 -0.0147101 -0.994408 -0.104575 0.385591 -0.157684 0.105585 -0.981829 -0.490544 0.98738 0.00204704 -0.158356 0.441203 
-0.0471278 -0.954082 0.295814 -0.291508 0.904291 -0.166547 -0.393091 -0.464091 0.424308 0.248977 0.870617 0.594332 -0.0147151 -0.994406 -0.104597 0.385779 -0.157696 0.105607 -0.981824 -0.490645 0.987378 0.00204692 -0.158368 0.441231 
-0.0982791 -0.958305 0.268315 -0.39562 0.976925 -0.144282 -0.157482 -0.394753 0.189629 0.246647 0.950372 0.539348 -0.0147209 -0.994403 -0.104619 0.385959 -0.157709 0.10563 -0.98182 -0.490731 0.987376 0.00204607 -0.158381 0.441261 
-0.140374 -0.963348 0.228595 -0.468599 0.988897 -0.125046 0.0802824 -0.340371 -0.0487549 0.237327 0.970206 0.483672 -0.0147271 -0.994401 -0.10464 0.386089 -0.157717 0.105652 -0.981816 -0.490759 0.987374 0.00204425 -0.15839 0.441285 
-0.172566 -0.969023 0.176679 -0.511123 0.94797 -0.114667 0.296992 -0.306012 -0.267533 0.218737 0.938392 0.431649 -0.0147 -0.994406 -0.104598 0.385975 -0.157699 0.105606 -0.981824 -0.490576 0.987378 0.00206218 -0.158369 0.441188 
-0.172566 -0.969023 0.176679 -0.511123 0.94797 -0.114667 0.296992 -0.306012 -0.267533 0.218737 0.938392 0.431649 -0.0145879 -0.994432 -0.104368 0.384696 -0.157564 0.105361 -0.981872 -0.490036 0.987401 0.00212118 -0.158224 0.441133 
0.281815 -0.933552 0.221499 0.243218 -0.106039 -0.259746 -0.959837 -0.693544 0.953591 0.247009 -0.172193 0.607536 -0.0146016 -0.994428 -0.104399 0.384881 -0.157582 0.105394 -0.981866 -0.49014 0.987398 0.00211465 -0.158243 0.441153 
0.253359 -0.924794 0.28384 0.2083 0.0990098 -0.267083 -0.958574 -0.67435 0.962292 0.270966 0.0238959 0.587983 -0.0146162 -0.994425 -0.104431 0.385066 -0.1576 0.105428 -0.981859 -0.490244 0.987395 0.00210737 -0.158263 0.441174 
0.168335 -0.933491 0.316636 0.111734 0.346473 -0.244691 -0.905584 -0.624365 0.922833 0.262147 0.282239 0.593484 -0.0146308 -0.994421 -0.104463 0.385251 -0.157618 0.105462 -0.981852 -0.490348 0.987392 0.00210006 -0.158282 0.441194 
0.0912852 -0.940408 0.327566 -0.0152501 0.573397 -0.219301 -0.789382 -0.556702 0.814176 0.259884 0.519208 0.599148 -0.0146454 -0.994418 -0.104495 0.385436 -0.157637 0.105495 -0.981846 -0.490452 0.987389 0.00209273 -0.158302 0.441215 
0.0220113 -0.946199 0.322836 -0.150229 0.761845 -0.193226 -0.618269 -0.489209 0.647386 0.25956 0.716603 0.587259 -0.01466 -0.994414 -0.104527 0.38562 -0.157655 0.105529 -0.981839 -0.490555 0.987385 0.00208536 -0.158321 0.441235 
-0.0410492 -0.951685 0.304319 -0.273092 0.898708 -0.168265 -0.404983 -0.429405 0.436623 0.25687 0.862194 0.555843 -0.0146749 -0.99441 -0.104559 0.385804 -0.157673 0.105563 -0.981833 -0.490656 0.987382 0.00207778 -0.158341 0.441257 
-0.0956968 -0.95715 0.273324 -0.374586 0.975083 -0.145347 -0.167591 -0.377461 0.200137 0.250475 0.94721 0.513694 -0.0146906 -0.994407 -0.104591 0.385979 -0.157691 0.105597 -0.981826 -0.490742 0.987379 0.00206948 -0.158361 0.441281 
-0.139375 -0.962826 0.231391 -0.450648 0.989416 -0.125878 0.0721797 -0.332431 -0.0403696 0.239002 0.97018 0.467684 -0.0147067 -0.994403 -0.104622 0.386105 -0.157706 0.105631 -0.98182 -0.490771 0.987377 0.00206025 -0.158377 0.4413 
-0.171845 -0.968803 0.178576 -0.500008 0.948507 -0.113753 0.295627 -0.300614 -0.266091 0.220183 0.938464 0.424534 -0.0146897 -0.994407 -0.104591 0.385989 -0.157695 0.105597 -0.981826 -0.490591 0.987379 0.00207074 -0.158364 0.4412 
-0.171845 -0.968803 0.178576 -0.500008 0.948507 -0.113753 0.295627 -0.300614 -0.266091 0.220183 0.938464 0.424534 -0.0145882 -0.994432 -0.104368 0.384696 -0.157564 0.105361 -0.981872 -0.490036 0.987401 0.00212095 -0.158224 0.441132 
0.257933 -0.937882 0.232054 0.246233 -0.100678 -0.264964 -0.958988 -0.607996 0.960903 0.223991 -0.162767 0.589473 -0.0146026 -0.994428 -0.1044 0.384881 -0.157583 0.105395 -0.981865 -0.49014 0.987398 0.00211388 -0.158244 0.441153 
0.25074 -0.924809 0.286109 0.189084 0.0948203 -0.270666 -0.957992 -0.582346 0.963399 0.267336 0.0198237 0.565951 -0.0146171 -0.994425 -0.104432 0.385066 -0.157601 0.105429 -0.981859 -0.490244 0.987395 0.00210668 -0.158263 0.441173 
0.178052 -0.930797 0.319241 0.0840744 0.339558 -0.24638 -0.907743 -0.5432 0.923579 0.270026 0.272192 0.565751 -0.0146315 -0.994421 -0.104464 0.385251 -0.157619 0.105462 -0.981852 -0.490348 0.987392 0.00209945 -0.158283 0.441194 
0.101602 -0.937944 0.33157 -0.0298189 0.566687 -0.219367 -0.794194 -0.495746 0.817645 0.268588 0.509232 0.567702 -0.014646 -0.994418 -0.104495 0.385436 -0.157637 0.105496 -0.981846 -0.490452 0.987388 0.00209221 -0.158302 0.441214 
0.02931 -0.94448 0.32726 -0.148478 0.756878 -0.192881 -0.624446 -0.448918 0.652899 0.265998 0.709203 0.5575 -0.0146606 -0.994414 -0.104527 0.38562 -0.157655 0.10553 -0.981839 -0.490555 0.987385 0.00208492 -0.158322 0.441235 
-0.0366928 -0.950594 0.30826 -0.261322 0.895736 -0.16805 -0.411601 -0.405617 0.443069 0.261017 0.857648 0.532007 -0.0146754 -0.99441 -0.104559 0.385804 -0.157673 0.105563 -0.981833 -0.490656 0.987382 0.00207743 -0.158341 0.441257 
-0.0934399 -0.956526 0.276273 -0.359905 0.973959 -0.145391 -0.17397 -0.364791 0.206574 0.252823 0.945202 0.496698 -0.014691 -0.994407 -0.104591 0.385979 -0.157692 0.105598 -0.981826 -0.490742 0.987379 0.00206922 -0.158361 0.441281 
-0.138306 -0.962539 0.233218 -0.436763 0.989814 -0.126314 0.0656697 -0.326533 -0.0337509 0.239925 0.970205 0.456267 -0.0147069 -0.994403 -0.104622 0.386105 -0.157706 0.105631 -0.98182 -0.490771 0.987377 0.00206007 -0.158377 0.441299 
-0.171042 -0.96873 0.179743 -0.492716 0.948722 -0.112711 0.295335 -0.295921 -0.265841 0.22104 0.938334 0.421515 -0.0146898 -0.994407 -0.104591 0.385989 -0.157695 0.105597 -0.981826 -0.490591 0.987379 0.00207064 -0.158364 0.4412 
-0.171042 -0.96873 0.179743 -0.492716 0.948722 -0.112711 0.295335 -0.295921 -0.265841 0.22104 0.938334 0.421515 -0.0145887 -0.994432 -0.104368 0.384696 -0.157564 0.105362 -0.981872 -0.490036 0.987401 0.00212047 -0.158224 0.441132 
0.258298 -0.938144 0.230581 0.22277 -0.0995003 -0.263246 -0.959584 -0.538813 0.960928 0.224916 -0.161341 0.584091 -0.0146026 -0.994428 -0.1044 0.384881 -0.157583 0.105395 -0.981865 -0.49014 0.987398 0.00211387 -0.158244 0.441153 
0.248418 -0.926612 0.282273 0.170586 0.0933578 -0.267148 -0.959123 -0.519055 0.964144 0.264615 0.0201422 0.554337 -0.0146171 -0.994425 -0.104432 0.385066 -0.157601 0.105429 -0.981859 -0.490244 0.987395 0.00210668 -0.158263 0.441174 
0.182314 -0.930632 0.317311 0.0672573 0.335149 -0.244574 -0.909867 -0.492943 0.924357 0.272228 0.267311 0.550586 -0.0146315 -0.994421 -0.104464 0.385251 -0.157619 0.105462 -0.981852 -0.490348 0.987392 0.00209945 -0.158283 0.441194 
0.106593 -0.937349 0.331686 -0.0375517 0.563635 -0.21785 -0.796779 -0.458765 0.819118 0.271881 0.505101 0.550623 -0.014646 -0.994418 -0.104495 0.385436 -0.157637 0.105496 -0.981846 -0.490452 0.987388 0.00209221 -0.158302 0.441215 
0.0334814 -0.943811 0.328784 -0.147003 0.754623 -0.191823 -0.627494 -0.423715 0.655304 0.269117 0.705799 0.540269 -0.0146606 -0.994414 -0.104527 0.38562 -0.157655 0.10553 -0.981839 -0.490555 0.987385 0.00208492 -0.158322 0.441235 
-0.0338004 -0.950033 0.310313 -0.253588 0.894147 -0.167457 -0.415282 -0.389916 0.446496 0.263428 0.85513 0.516999 -0.0146754 -0.99441 -0.104559 0.385804 -0.157673 0.105563 -0.981833 -0.490656 0.987382 0.00207743 -0.158341 0.441257 
-0.0917356 -0.956147 0.278151 -0.349642 0.973239 -0.145191 -0.178118 -0.355997 0.210692 0.254368 0.943878 0.48504 -0.014691 -0.994407 -0.104591 0.385979 -0.157692 0.105598 -0.981826 -0.490742 0.987379 0.00206922 -0.158361 0.441281 
-0.137405 -0.962361 0.234482 -0.426237 0.990105 -0.126636 0.0604555 -0.322538 -0.0284861 0.240469 0.970239 0.44767 -0.0147069 -0.994403 -0.104622 0.386105 -0.157706 0.105631 -0.98182 -0.490771 0.987377 0.00206007 -0.158377 0.4413 
-0.170415 -0.968666 0.180678 -0.48744 0.948843 -0.111852 0.295273 -0.292463 -0.265812 0.221754 0.938173 0.419512 -0.0146898 -0.994407 -0.104591 0.38599 -0.157695 0.105597 -0.981826 -0.490591 0.987379 0.00207063 -0.158364 0.4412 
-0.170415 -0.968666 0.180678 -0.48744 0.948843 -0.111852 0.295273 -0.292463 -0.265812 0.221754 0.938173 0.419512 -0.0145887 -0.994432 -0.104368 0.384697 -0.157564 0.105361 -0.981872 -0.490036 0.987401 0.00212039 -0.158224 0.441133 
0.256694 -0.939379 0.227321 0.207684 -0.0896564 -0.257332 -0.962155 -0.501397 0.962325 0.226598 -0.150277 0.57907 -0.0146026 -0.994428 -0.1044 0.384882 -0.157583 0.105395 -0.981865 -0.49014 0.987398 0.00211389 -0.158244 0.441153 
0.247572 -0.92755 0.279927 0.158368 0.0932352 -0.264773 -0.959793 -0.483478 0.964373 0.263717 0.0209299 0.548547 -0.0146171 -0.994425 -0.104432 0.385067 -0.157601 0.105429 -0.981859 -0.490244 0.987395 0.00210668 -0.158263 0.441174 
0.183861 -0.93103 0.315244 0.0585615 0.333449 -0.242617 -0.911015 -0.463656 0.924666 0.272618 0.265844 0.542836 -0.0146315 -0.994421 -0.104464 0.385251 -0.157619 0.105462 -0.981852 -0.490348 0.987392 0.00209945 -0.158283 0.441194 
0.109194 -0.937245 0.331132 -0.0415448 0.562409 -0.216424 -0.798033 -0.436191 0.819617 0.273372 0.503483 0.540993 -0.014646 -0.994418 -0.104495 0.385436 -0.157637 0.105496 -0.981846 -0.490452 0.987388 0.00209221 -0.158302 0.441215 
0.0359966 -0.943502 0.329407 -0.145791 0.75356 -0.190875 -0.629059 -0.407661 0.656393 0.270872 0.704114 0.529695 -0.0146606 -0.994414 -0.104527 0.385621 -0.157655 0.10553 -0.981839 -0.490555 0.987385 0.00208492 -0.158322 0.441235 
-0.0318748 -0.949704 0.311523 -0.248378 0.893234 -0.166915 -0.41746 -0.379492 0.448461 0.264956 0.853628 0.507104 -0.0146754 -0.99441 -0.104559 0.385804 -0.157673 0.105563 -0.981833 -0.490656 0.987382 0.00207743 -0.158341 0.441257 
-0.0905034 -0.955895 0.279417 -0.342442 0.972754 -0.144983 -0.180915 -0.349978 0.213447 0.255431 0.942972 0.4768 -0.014691 -0.994407 -0.104591 0.385979 -0.157692 0.105598 -0.981826 -0.490742 0.987379 0.00206921 -0.158361 0.441281 
-0.136705 -0.962241 0.23538 -0.418394 0.990313 -0.126918 0.0563107 -0.319936 -0.0243105 0.240798 0.970271 0.441072 -0.0147069 -0.994403 -0.104622 0.386105 -0.157706 0.105631 -0.98182 -0.490771 0.987377 0.00206007 -0.158377 0.4413 
-0.169944 -0.968605 0.181448 -0.483629 0.948918 -0.111174 0.295288 -0.28997 -0.265845 0.222362 0.93802 0.417949 -0.0146898 -0.994407 -0.104591 0.38599 -0.157695 0.105597 -0.981826 -0.490591 0.987379 0.00207063 -0.158364 0.4412 
-0.169944 -0.968605 0.181448 -0.483629 0.948918 -0.111174 0.295288 -0.28997 -0.265845 0.222362 0.93802 0.417949 -0.0145889 -0.994432 -0.104368 0.384697 -0.157564 0.105361 -0.981872 -0.490036 0.987401 0.00212018 -0.158224 0.441132 
0.255225 -0.94041 0.224697 0.193607 -0.0769995 -0.251424 -0.964809 -0.478103 0.963811 0.228941 -0.136581 0.576682 -0.0146026 -0.994428 -0.1044 0.384882 -0.157583 0.105395 -0.981865 -0.49014 0.987398 0.00211389 -0.158244 0.441153 
0.246919 -0.926511 0.283915 0.149318 0.0953506 -0.268336 -0.958595 -0.461115 0.964334 0.263766 0.0220864 0.555139 -0.0146171 -0.994425 -0.104432 0.385067 -0.157601 0.105429 -0.981859 -0.490244 0.987395 0.00210668 -0.158263 0.441173 
0.184071 -0.930285 0.317312 0.0532139 0.334812 -0.244179 -0.910098 -0.444967 0.924131 0.273762 0.266524 0.541029 -0.0146315 -0.994421 -0.104464 0.385251 -0.157619 0.105462 -0.981852 -0.490348 0.987392 0.00209945 -0.158283 0.441194 
0.11071 -0.937233 0.330663 -0.0438147 0.561914 -0.215397 -0.79866 -0.421782 0.819754 0.274224 0.502797 0.535012 -0.014646 -0.994418 -0.104495 0.385436 -0.157637 0.105496 -0.981846 -0.490452 0.987388 0.00209221 -0.158302 0.441214 
0.0375994 -0.943328 0.329726 -0.144854 0.753007 -0.19017 -0.629934 -0.397129 0.656938 0.271971 0.703182 0.522747 -0.0146606 -0.994414 -0.104527 0.385621 -0.157655 0.10553 -0.981839 -0.490555 0.987385 0.00208492 -0.158322 0.441235 
-0.0305742 -0.949488 0.312309 -0.244788 0.892664 -0.16651 -0.418838 -0.372492 0.449684 0.265982 0.852665 0.500294 -0.0146754 -0.99441 -0.104559 0.385804 -0.157673 0.105563 -0.981833 -0.490656 0.987382 0.00207743 -0.158341 0.441257 
-0.0896227 -0.955718 0.280306 -0.337348 0.972401 -0.144835 -0.182916 -0.34589 0.215414 0.256176 0.942322 0.470842 -0.014691 -0.994407 -0.104591 0.385979 -0.157692 0.105598 -0.981826 -0.490742 0.987379 0.00206921 -0.158361 0.441281 
-0.136232 -0.962125 0.236127 -0.413116 0.990422 -0.126865 0.0544945 -0.318025 -0.0224744 0.241289 0.970193 0.436446 -0.0147069 -0.994403 -0.104622 0.386105 -0.157706 0.105631 -0.98182 -0.490771 0.987377 0.00206006 -0.158377 0.441299 
-0.169607 -0.968548 0.182065 -0.480934 0.948964 -0.110662 0.295334 -0.2882 -0.265898 0.222864 0.937886 0.416701 -0.0146898 -0.994407 -0.104591 0.38599 -0.157695 0.105597 -0.981826 -0.490591 0.987379 0.00207062 -0.158364 0.4412 
-0.169607 -0.968548 0.182065 -0.480934 0.948964 -0.110662 0.295334 -0.2882 -0.265898 0.222864 0.937886 0.416701 -0.014589 -0.994432 -0.104368 0.384697 -0.157564 0.105361 -0.981872 -0.490036 0.987401 0.00212009 -0.158224 0.441133 
0.255392 -0.94074 0.22312 0.18383 -0.0697308 -0.248094 -0.966223 -0.462641 0.96432 0.231208 -0.12896 0.575271 -0.0146026 -0.994428 -0.1044 0.384882 -0.157583 0.105395 -0.981865 -0.49014 0.987398 0.00211388 -0.158244 0.441153 
0.247002 -0.926857 0.282711 0.143376 0.0949975 -0.267184 -0.958952 -0.447551 0.964347 0.26372 0.0220541 0.558253 -0.0146171 -0.994425 -0.104432 0.385067 -0.157601 0.105429 -0.981859 -0.490244 0.987395 0.00210668 -0.158263 0.441174 
0.184377 -0.929704 0.318834 0.0495155 0.336232 -0.245159 -0.90931 -0.432818 0.923555 0.274858 0.267394 0.542337 -0.0146315 -0.994421 -0.104464 0.385251 -0.157619 0.105462 -0.981852 -0.490348 0.987392 0.00209945 -0.158283 0.441194 
0.111671 -0.93721 0.330406 -0.0452268 0.561774 -0.214723 -0.798939 -0.412217 0.819719 0.274831 0.502522 0.531101 -0.014646 -0.994418 -0.104495 0.385436 -0.157637 0.105496 -0.981846 -0.490452 0.987388 0.00209221 -0.158302 0.441215 
0.0386625 -0.943212 0.329933 -0.144137 0.752689 -0.18968 -0.630461 -0.390052 0.65724 0.272712 0.702612 0.517936 -0.0146606 -0.994414 -0.104527 0.385621 -0.157655 0.10553 -0.981839 -0.490555 0.987385 0.00208492 -0.158322 0.441235 
-0.0296786 -0.949336 0.312858 -0.242252 0.892278 -0.166232 -0.419771 -0.367739 0.450511 0.266698 0.852005 0.495429 -0.0146754 -0.99441 -0.104559 0.385804 -0.157673 0.105563 -0.981833 -0.490656 0.987382 0.00207743 -0.158341 0.441257 
-0.0889735 -0.955592 0.280941 -0.333671 0.972101 -0.14477 -0.184557 -0.343145 0.217033 0.256682 0.941813 0.466447 -0.014691 -0.994407 -0.104591 0.385979 -0.157692 0.105598 -0.981826 -0.490742 0.987379 0.00206921 -0.158361 0.441281 
-0.13585 -0.962057 0.236623 -0.410025 0.990487 -0.126602 0.0539218 -0.316357 -0.0219189 0.241698 0.970104 0.433892 -0.0147069 -0.994403 -0.104622 0.386105 -0.157706 0.105631 -0.98182 -0.490771 0.987377 0.00206006 -0.158377 0.4413 
-0.169373 -0.968504 0.182517 -0.479099 0.948995 -0.110298 0.295369 -0.286954 -0.265935 0.223235 0.937787 0.415761 -0.0146898 -0.994407 -0.104591 0.38599 -0.157695 0.105597 -0.981826 -0.490591 0.987379 0.00207062 -0.158364 0.4412 
-0.169373 -0.968504 0.182517 -0.479099 0.948995 -0.110298 0.295369 -0.286954 -0.265935 0.223235 0.937787 0.415761 -0.0145887 -0.994432 -0.104368 0.384697 -0.157564 0.105361 -0.981872 -0.490036 0.987401 0.00212035 -0.158224 0.441133 
0.256017 -0.940798 0.222157 0.17717 -0.0654684 -0.246164 -0.967015 -0.452105 0.964453 0.233028 -0.124615 0.574113 -0.0146026 -0.994428 -0.1044 0.384882 -0.157583 0.105395 -0.981865 -0.49014 0.987398 0.00211388 -0.158244 0.441153 
0.247103 -0.927152 0.281656 0.139255 0.0946027 -0.266198 -0.959265 -0.438454 0.96436 0.263682 0.0219329 0.559917 -0.0146171 -0.994425 -0.104432 0.385067 -0.157601 0.105429 -0.981859 -0.490244 0.987395 0.00210668 -0.158263 0.441174 
0.184529 -0.929763 0.318574 0.0470424 0.337052 -0.244617 -0.909152 -0.424779 0.923225 0.275141 0.26824 0.542975 -0.0146315 -0.994421 -0.104464 0.385251 -0.157619 0.105462 -0.981852 -0.490348 0.987392 0.00209945 -0.158283 0.441194 
0.112311 -0.937198 0.330221 -0.0461426 0.561755 -0.214238 -0.799083 -0.405675 0.819645 0.275249 0.502414 0.528346 -0.014646 -0.994418 -0.104495 0.385436 -0.157637 0.105496 -0.981846 -0.490452 0.987388 0.00209221 -0.158302 0.441215 
0.039393 -0.943127 0.330089 -0.143578 0.752487 -0.189347 -0.630802 -0.38518 0.657428 0.273237 0.702232 0.514448 -0.0146606 -0.994414 -0.104527 0.385621 -0.157655 0.10553 -0.981839 -0.490555 0.987385 0.00208492 -0.158322 0.441235 
-0.0290481 -0.949221 0.313266 -0.240395 0.891993 -0.166054 -0.420445 -0.364472 0.451114 0.267218 0.851522 0.491814 -0.0146754 -0.99441 -0.104559 0.385804 -0.157673 0.105563 -0.981833 -0.490656 0.987382 0.00207743 -0.158341 0.441257 
-0.088496 -0.955495 0.28142 -0.330903 0.971831 -0.144781 -0.185966 -0.341355 0.218434 0.257035 0.941392 0.463042 -0.014691 -0.994407 -0.104591 0.385979 -0.157692 0.105598 -0.981826 -0.490742 0.987379 0.00206921 -0.158361 0.441281 
-0.135554 -0.962012 0.236975 -0.408021 0.990534 -0.126372 0.0535892 -0.315119 -0.0216065 0.241997 0.970037 0.432269 -0.0147069 -0.994403 -0.104622 0.386105 -0.157706 0.105631 -0.98182 -0.490771 0.987377 0.00206006 -0.158377 0.4413 
-0.169211 -0.968472 0.182837 -0.477893 0.949013 -0.110042 0.295406 -0.286108 -0.265973 0.2235 0.937713 0.415086 -0.0146898 -0.994407 -0.104591 0.38599 -0.157695 0.105597 -0.981826 -0.490591 0.987379 0.00207061 -0.158364 0.4412 
-0.169211 -0.968472 0.182837 -0.477893 0.949013 -0.110042 0.295406 -0.286108 -0.265973 0.2235 0.937713 0.415086 -0.0145891 -0.994432 -0.104368 0.384697 -0.157564 0.105361 -0.981872 -0.490036 0.987401 0.00212001 -0.158224 0.441133 
0.256719 -0.940756 0.221524 0.172461 -0.0628089 -0.244961 -0.967496 -0.444566 0.964443 0.234461 -0.121974 0.573063 -0.0146026 -0.994428 -0.1044 0.384882 -0.157583 0.105395 -0.981865 -0.49014 0.987398 0.00211388 -0.158244 0.441153 
0.247184 -0.927367 0.280873 0.136281 0.0942891 -0.265472 -0.959497 -0.431988 0.96437 0.263656 0.0218201 0.56089 -0.0146171 -0.994425 -0.104432 0.385067 -0.157601 0.105429 -0.981859 -0.490244 0.987395 0.00210668 -0.158263 0.441174 
0.184607 -0.929895 0.318144 0.0453565 0.337679 -0.243988 -0.909089 -0.419077 0.922981 0.275255 0.268964 0.543349 -0.0146315 -0.994421 -0.104464 0.385251 -0.157619 0.105462 -0.981852 -0.490348 0.987392 0.00209945 -0.158283 0.441194 
0.11276 -0.937187 0.330099 -0.046752 0.561772 -0.213893 -0.799163 -0.401017 0.819571 0.275554 0.502367 0.526264 -0.014646 -0.994418 -0.104495 0.385436 -0.157637 0.105496 -0.981846 -0.490452 0.987388 0.00209221 -0.158302 0.441215 
0.0399185 -0.943059 0.330223 -0.143112 0.75234 -0.189122 -0.631044 -0.381708 0.657564 0.27363 0.701952 0.511767 -0.0146606 -0.994414 -0.104527 0.385621 -0.157655 0.10553 -0.981839 -0.490555 0.987385 0.00208492 -0.158322 0.441235 
-0.0285817 -0.949127 0.313595 -0.238926 0.891755 -0.165951 -0.42099 -0.362194 0.451614 0.267618 0.851132 0.488939 -0.0146754 -0.99441 -0.104559 0.385804 -0.157673 0.105563 -0.981833 -0.490656 0.987382 0.00207743 -0.158341 0.441257 
-0.0881317 -0.955411 0.28182 -0.328524 0.971516 -0.144923 -0.187494 -0.340382 0.219977 0.257269 0.940969 0.460094 -0.014691 -0.994407 -0.104591 0.385979 -0.157692 0.105598 -0.981826 -0.490742 0.987379 0.00206921 -0.158361 0.441281 
-0.135343 -0.961972 0.237259 -0.406876 0.990564 -0.126156 0.0535571 -0.314158 -0.0215888 0.242268 0.969969 0.431565 -0.0147069 -0.994403 -0.104622 0.386105 -0.157706 0.105631 -0.98182 -0.490771 0.987377 0.00206006 -0.158377 0.4413 
-0.169088 -0.968465 0.182989 -0.477213 0.949019 -0.109869 0.295451 -0.285547 -0.266029 0.223618 0.937669 0.414766 -0.0146898 -0.994407 -0.104591 0.38599 -0.157695 0.105597 -0.981826 -0.490591 0.987379 0.00207061 -0.158364 0.4412 
-0.169088 -0.968465 0.182989 -0.477213 0.949019 -0.109869 0.295451 -0.285547 -0.266029 0.223618 0.937669 0.414766 -0.0145889 -0.994432 -0.104368 0.384697 -0.157564 0.105361 -0.981872 -0.490036 0.987401 0.00212016 -0.158224 0.441132 
0.257415 -0.94067 0.221082 0.168995 -0.0610591 -0.244169 -0.967808 -0.438832 0.96437 0.235629 -0.120289 0.571952 -0.0146026 -0.994428 -0.1044 0.384882 -0.157583 0.105395 -0.981865 -0.49014 0.987398 0.00211388 -0.158244 0.441153 
0.247242 -0.927536 0.280266 0.134005 0.0940377 -0.264911 -0.959677 -0.427004 0.96438 0.263628 0.0217262 0.561512 -0.0146171 -0.994425 -0.104432 0.385067 -0.157601 0.105429 -0.981859 -0.490244 0.987395 0.00210668 -0.158263 0.441173 
0.184663 -0.930019 0.317748 0.0441149 0.338144 -0.243446 -0.909061 -0.41467 0.922799 0.275315 0.269525 0.543576 -0.0146315 -0.994421 -0.104464 0.385252 -0.157619 0.105462 -0.981852 -0.490348 0.987392 0.00209945 -0.158283 0.441194 
0.113101 -0.937172 0.330027 -0.0471673 0.561803 -0.213642 -0.799209 -0.397426 0.819504 0.275801 0.502342 0.524496 -0.014646 -0.994418 -0.104495 0.385436 -0.157637 0.105496 -0.981846 -0.490452 0.987388 0.00209221 -0.158302 0.441214 
0.0403243 -0.942995 0.330355 -0.142675 0.752218 -0.188972 -0.631236 -0.379052 0.65768 0.273953 0.701717 0.509486 -0.0146606 -0.994414 -0.104527 0.385621 -0.157655 0.10553 -0.981839 -0.490555 0.987385 0.00208492 -0.158322 0.441235 
-0.0282167 -0.949041 0.313886 -0.237681 0.891544 -0.1659 -0.421458 -0.360491 0.452055 0.267951 0.850793 0.48646 -0.0146754 -0.99441 -0.104559 0.385804 -0.157673 0.105563 -0.981833 -0.490656 0.987382 0.00207743 -0.158341 0.441257 
-0.0878417 -0.955334 0.282173 -0.326486 0.971213 -0.145102 -0.18892 -0.339785 0.221426 0.257455 0.940578 0.457462 -0.014691 -0.994407 -0.104591 0.385979 -0.157692 0.105598 -0.981826 -0.490742 0.987379 0.00206921 -0.158361 0.441281 
-0.135178 -0.961934 0.237507 -0.40602 0.990586 -0.125979 0.0535627 -0.313419 -0.0216029 0.242512 0.969908 0.431036 -0.0147069 -0.994403 -0.104622 0.386105 -0.157706 0.105631 -0.98182 -0.490771 0.987377 0.00206006 -0.158377 0.441299 
-0.169008 -0.968457 0.183103 -0.4768 0.949015 -0.109743 0.295513 -0.285181 -0.266097 0.223712 0.937628 0.414561 -0.0146899 -0.994407 -0.104591 0.38599 -0.157695 0.105597 -0.981826 -0.490591 0.987379 0.00207061 -0.158364 0.4412 
-0.169008 -0.968457 0.183103 -0.4768 0.949015 -0.109743 0.295513 -0.285181 -0.266097 0.223712 0.937628 0.414561 -0.0145891 -0.994432 -0.104367 0.384697 -0.157564 0.105361 -0.981872 -0.490036 0.987401 0.00211989 -0.158224 0.441133 
0.25808 -0.940566 0.220749 0.166289 -0.0598279 -0.24361 -0.968026 -0.434236 0.964269 0.236621 -0.119143 0.570823 -0.0146033 -0.994428 -0.104399 0.384882 -0.157582 0.105394 -0.981866 -0.49014 0.987398 0.0021129 -0.158243 0.441153 
0.247288 -0.927672 0.279773 0.132159 0.0938288 -0.264458 -0.959822 -0.42296 0.964388 0.263603 0.0216452 0.561937 -0.0146177 -0.994425 -0.104431 0.385067 -0.1576 0.105428 -0.981859 -0.490244 0.987395 0.00210578 -0.158263 0.441174 
0.184706 -0.93013 0.317398 0.0431335 0.338519 -0.24298 -0.909046 -0.411092 0.922653 0.275351 0.269987 0.543719 -0.0146321 -0.994421 -0.104463 0.385251 -0.157618 0.105462 -0.981852 -0.490348 0.987392 0.00209867 -0.158282 0.441194 
0.113378 -0.937152 0.329986 -0.0474747 0.561837 -0.213452 -0.799236 -0.394524 0.819442 0.276014 0.502326 0.522941 -0.0146465 -0.994418 -0.104495 0.385436 -0.157636 0.105495 -0.981846 -0.490452 0.987389 0.00209154 -0.158302 0.441215 
0.0406555 -0.942935 0.330487 -0.142274 0.752109 -0.188868 -0.631396 -0.37692 0.657783 0.274232 0.701511 0.507472 -0.014661 -0.994414 -0.104527 0.385621 -0.157655 0.105529 -0.981839 -0.490555 0.987385 0.00208436 -0.158321 0.441235 
-0.0279175 -0.948963 0.314151 -0.2366 0.891351 -0.165882 -0.421873 -0.359159 0.452454 0.268241 0.850489 0.484248 -0.0146757 -0.99441 -0.104559 0.385804 -0.157673 0.105563 -0.981833 -0.490656 0.987382 0.00207698 -0.158341 0.441257 
-0.0876021 -0.955261 0.282494 -0.324709 0.970926 -0.145297 -0.190239 -0.339413 0.222773 0.257615 0.940216 0.45506 -0.0146912 -0.994407 -0.104591 0.385979 -0.157691 0.105597 -0.981826 -0.490742 0.987379 0.00206887 -0.158361 0.441281 
-0.135042 -0.961898 0.237733 -0.405322 0.990604 -0.125832 0.0535713 -0.312831 -0.0216158 0.242734 0.969852 0.43056 -0.0147071 -0.994403 -0.104622 0.386105 -0.157706 0.105631 -0.98182 -0.490771 0.987377 0.00205984 -0.158377 0.4413 
-0.168954 -0.968447 0.183204 -0.476531 0.949005 -0.109647 0.295579 -0.284933 -0.266165 0.223801 0.937587 0.414387 -0.0146899 -0.994407 -0.104591 0.38599 -0.157695 0.105597 -0.981826 -0.490591 0.987379 0.00207049 -0.158364 0.4412 
-0.168954 -0.968447 0.183204 -0.476531 0.949005 -0.109647 0.295579 -0.284933 -0.266165 0.223801 0.937587 0.414387 -0.0145895 -0.994432 -0.104368 0.384697 -0.157564 0.105361 -0.981872 -0.490036 0.987401 0.00211961 -0.158224 0.441133 
0.258707 -0.940456 0.220485 0.164083 -0.0589207 -0.243194 -0.968186 -0.430421 0.964157 0.237485 -0.118328 0.569709 -0.0146042 -0.994428 -0.1044 0.384882 -0.157581 0.105395 -0.981866 -0.49014 0.987398 0.00211205 -0.158242 0.441153 
0.247328 -0.927785 0.279363 0.130602 0.0936506 -0.26408 -0.959943 -0.419568 0.964395 0.263584 0.021573 0.562238 -0.0146186 -0.994425 -0.104432 0.385067 -0.157599 0.105429 -0.981859 -0.490244 0.987395 0.00210502 -0.158262 0.441174 
0.184743 -0.930228 0.317091 0.0423148 0.338834 -0.242575 -0.909037 -0.408082 0.92253 0.275379 0.270379 0.543811 -0.0146329 -0.994421 -0.104464 0.385251 -0.157618 0.105463 -0.981852 -0.490348 0.987392 0.002098 -0.158282 0.441194 
0.113609 -0.937131 0.329967 -0.0477177 0.561872 -0.213302 -0.799251 -0.392108 0.819386 0.276201 0.502314 0.52155 -0.0146472 -0.994418 -0.104495 0.385436 -0.157636 0.105496 -0.981846 -0.490452 0.987389 0.00209096 -0.158301 0.441215 
0.0409342 -0.942877 0.330616 -0.14191 0.752011 -0.188797 -0.631534 -0.375163 0.657878 0.274479 0.701326 0.505661 -0.0146615 -0.994414 -0.104527 0.385621 -0.157654 0.10553 -0.981839 -0.490555 0.987386 0.00208388 -0.158321 0.441235 
-0.0276652 -0.948889 0.314397 -0.23565 0.891172 -0.165887 -0.422249 -0.35809 0.452821 0.2685 0.850212 0.482242 -0.0146761 -0.99441 -0.104559 0.385804 -0.157673 0.105564 -0.981833 -0.490656 0.987382 0.0020766 -0.158341 0.441257 
-0.0873994 -0.955192 0.28279 -0.323139 0.970655 -0.145499 -0.191466 -0.339194 0.224032 0.257757 0.939878 0.452839 -0.0146915 -0.994407 -0.104591 0.385979 -0.157691 0.105598 -0.981826 -0.490742 0.987379 0.00206859 -0.15836 0.441281 
-0.134927 -0.961862 0.23794 -0.404736 0.99062 -0.125706 0.0535818 -0.312348 -0.0216278 0.242938 0.969801 0.43012 -0.0147073 -0.994403 -0.104622 0.386105 -0.157706 0.105631 -0.98182 -0.490771 0.987377 0.00205964 -0.158377 0.4413 
-0.168917 -0.968436 0.183297 -0.476348 0.948994 -0.109569 0.295645 -0.284755 -0.266229 0.223887 0.937548 0.414226 -0.01469 -0.994407 -0.104591 0.38599 -0.157695 0.105597 -0.981826 -0.490591 0.987379 0.00207039 -0.158364 0.4412 
-0.168917 -0.968436 0.183297 -0.476348 0.948994 -0.109569 0.295645 -0.284755 -0.266229 0.223887 0.937548 0.414226 -0.0145893 -0.994432 -0.104368 0.384697 -0.157564 0.105361 -0.981872 -0.490036 0.987401 0.00211976 -0.158224 0.441133 
0.259293 -0.940345 0.220269 0.162236 -0.0582325 -0.242876 -0.968308 -0.427185 0.964042 0.238248 -0.117735 0.568626 -0.0146026 -0.994428 -0.1044 0.384882 -0.157583 0.105395 -0.981865 -0.49014 0.987398 0.00211387 -0.158244 0.441153 
0.247366 -0.92788 0.279014 0.12926 0.0934962 -0.263761 -0.960046 -0.416669 0.964401 0.263569 0.0215078 0.562455 -0.0146171 -0.994425 -0.104432 0.385067 -0.157601 0.105429 -0.981859 -0.490244 0.987395 0.00210667 -0.158263 0.441174 
0.184776 -0.930313 0.316822 0.0416162 0.339105 -0.242222 -0.90903 -0.40551 0.922424 0.275403 0.270717 0.54387 -0.0146315 -0.994421 -0.104464 0.385251 -0.157619 0.105462 -0.981852 -0.490348 0.987392 0.00209945 -0.158283 0.441194 
0.113808 -0.937109 0.329962 -0.0479164 0.561906 -0.213183 -0.799259 -0.390067 0.819335 0.27637 0.502305 0.520294 -0.014646 -0.994418 -0.104495 0.385436 -0.157637 0.105496 -0.981846 -0.490452 0.987388 0.0020922 -0.158302 0.441215 
0.0411724 -0.942822 0.330743 -0.14158 0.751922 -0.188749 -0.631655 -0.373694 0.657966 0.2747 0.701157 0.50402 -0.0146606 -0.994414 -0.104527 0.385621 -0.157655 0.10553 -0.981839 -0.490555 0.987385 0.00208492 -0.158322 0.441235 
-0.0274494 -0.948819 0.314625 -0.234807 0.891006 -0.165907 -0.422591 -0.357223 0.453161 0.268733 0.849957 0.480406 -0.0146754 -0.99441 -0.104559 0.385804 -0.157673 0.105563 -0.981833 -0.490656 0.987382 0.00207743 -0.158341 0.441257 
-0.0872256 -0.955126 0.283066 -0.321737 0.970397 -0.145704 -0.192614 -0.339088 0.225214 0.257885 0.93956 0.450772 -0.014691 -0.994407 -0.104591 0.385979 -0.157692 0.105598 -0.981826 -0.490742 0.987379 0.00206921 -0.158361 0.441281 
-0.134828 -0.961829 0.238131 -0.404237 0.990633 -0.125597 0.0535939 -0.311943 -0.0216395 0.243126 0.969753 0.429711 -0.0147069 -0.994403 -0.104622 0.386105 -0.157706 0.105631 -0.98182 -0.490771 0.987377 0.00206006 -0.158377 0.4413 
-0.168891 -0.968425 0.183382 -0.476219 0.948981 -0.109504 0.295708 -0.284622 -0.26629 0.223969 0.937511 0.414073 -0.0146899 -0.994407 -0.104591 0.38599 -0.157695 0.105597 -0.981826 -0.490591 0.987379 0.0020706 -0.158364 0.4412 
-0.168891 -0.968425 0.183382 -0.476219 0.948981 -0.109504 0.295708 -0.284622 -0.26629 0.223969 0.937511 0.414073 -0.0145895 -0.994432 -0.104368 0.384697 -0.157564 0.105361 -0.981872 -0.490036 0.987401 0.00211961 -0.158224 0.441133 
0.25984 -0.940236 0.220088 0.160653 -0.0576973 -0.242626 -0.968403 -0.424387 0.963926 0.238931 -0.117293 0.567583 -0.0146042 -0.994428 -0.1044 0.384882 -0.157581 0.105395 -0.981866 -0.49014 0.987398 0.00211205 -0.158242 0.441153 
0.247403 -0.927961 0.278711 0.128076 0.0933596 -0.263484 -0.960136 -0.414141 0.964404 0.26356 0.0214476 0.562616 -0.0146186 -0.994425 -0.104432 0.385067 -0.157599 0.105429 -0.981859 -0.490244 0.987395 0.00210502 -0.158262 0.441174 
