1537364273501 -0.268915 0.929907 -0.250915 -0.606119 -0.957262 -0.286833 -0.0370901 -0.309725 -0.106461 0.230217 0.967298 0.360038 0.16008 -0.304787 0.938871 0.370831 -0.775623 0.549475 0.310623 -0.528794 -0.61056 -0.777934 -0.14844 0.432481 
1537364273504 -0.230986 0.926072 -0.298391 -0.611334 -0.970365 -0.241642 0.00121626 -0.30728 -0.0709773 0.289829 0.954443 0.36669 0.316225 -0.384867 0.86711 0.400813 -0.930002 -0.30626 0.203228 -0.504337 0.187345 -0.870679 -0.454774 0.485882 
1537364274473 -0.194492 0.917701 -0.346405 -0.61655 -0.980347 -0.193758 0.0371176 -0.304836 -0.033056 0.346817 0.93735 0.373342 0.316225 -0.384867 0.86711 0.400813 -0.930002 -0.30626 0.203228 -0.504337 0.187345 -0.870679 -0.454774 0.485882 
