1535159782353 0.225704 0.918623 -0.324329 -0.536925 -0.935618 0.29716 0.190564 -0.202499 0.271434 0.260438 0.926551 0.434347 0.281565 -0.254364 0.925214 0.346329 -0.942746 -0.252957 0.217356 -0.486429 0.178752 -0.933441 -0.311024 0.470669 
1535159782377 0.224284 0.918582 -0.325429 -0.54681 -0.936231 0.295792 0.189681 -0.2068 0.270497 0.262135 0.926346 0.428902 0.263935 -0.237699 0.934793 0.349727 -0.952814 -0.214919 0.214373 -0.485637 0.149948 -0.947264 -0.283208 0.46639 
1535159783041 0.222863 0.918537 -0.32653 -0.5567 -0.936841 0.294421 0.188802 -0.211103 0.269558 0.263829 0.926138 0.423456 0.246789 -0.220189 0.943722 0.353124 -0.961557 -0.176663 0.210233 -0.484842 0.12043 -0.959326 -0.255323 0.46211 
1535159783048 0.221443 0.918488 -0.327631 -0.566591 -0.937448 0.293048 0.187923 -0.215407 0.268617 0.265522 0.925928 0.41801 0.230162 -0.20187 0.951984 0.356521 -0.968958 -0.138266 0.204947 -0.484046 0.0902544 -0.969604 -0.227427 0.45783 
1535159783116 0.220024 0.918436 -0.328733 -0.57648 -0.938052 0.291672 0.187046 -0.21971 0.267672 0.267213 0.925715 0.412564 0.214088 -0.182777 0.959562 0.359918 -0.975002 -0.0998042 0.198522 -0.483251 0.059483 -0.978075 -0.199575 0.45355 
1535159783948 0.218606 0.918379 -0.329835 -0.586369 -0.938653 0.290295 0.186171 -0.224013 0.266725 0.268903 0.925499 0.407118 0.198599 -0.16295 0.96644 0.363315 -0.979676 -0.0613559 0.190974 -0.482456 0.0281775 -0.984725 -0.171824 0.44927 
1535159784447 0.217188 0.918319 -0.330938 -0.596259 -0.939251 0.288915 0.185297 -0.228316 0.265775 0.27059 0.925281 0.401672 0.183727 -0.142429 0.972604 0.366712 -0.982971 -0.0229985 0.182318 -0.48166 -0.00359887 -0.989538 -0.144229 0.44499 
1535159784903 0.215771 0.918254 -0.332042 -0.606148 -0.939847 0.287533 0.184425 -0.232619 0.264822 0.272275 0.92506 0.396226 0.169501 -0.121255 0.978042 0.370109 -0.98488 0.0151908 0.17257 -0.480865 -0.0357821 -0.992505 -0.116846 0.44071 
1535159785550 0.214354 0.918186 -0.333146 -0.616039 -0.94044 0.286149 0.183554 -0.236923 0.263866 0.273959 0.924836 0.39078 0.155951 -0.0994695 0.982744 0.373506 -0.9854 0.0531349 0.16175 -0.48007 -0.0683072 -0.993621 -0.0897309 0.436431 
1535159785804 0.212939 0.918114 -0.334252 -0.625926 -0.94103 0.284762 0.182684 -0.241225 0.262907 0.27564 0.924609 0.385334 0.143103 -0.077118 0.986699 0.376903 -0.98453 0.0907574 0.149881 -0.479275 -0.101109 -0.992883 -0.0629374 0.432151 
1535159787466 0.213738 0.917905 -0.334315 -0.625672 -0.940828 0.285545 0.1825 -0.241343 0.26298 0.275526 0.924623 0.385715 0.142383 -0.0781601 0.986721 0.376523 -0.984786 0.0891434 0.149165 -0.479817 -0.0996184 -0.992947 -0.0642784 0.432118 
1535159787485 0.213517 0.917918 -0.33442 -0.626683 -0.940907 0.285328 0.182431 -0.24176 0.262876 0.275706 0.924598 0.385133 0.144117 -0.077936 0.986487 0.376874 -0.98477 0.0866774 0.150714 -0.480169 -0.0972522 -0.993183 -0.0642573 0.432225 
1535159787589 0.213295 0.917932 -0.334524 -0.627697 -0.940987 0.285111 0.182362 -0.242178 0.262773 0.275886 0.924574 0.38455 0.145851 -0.0777075 0.98625 0.377225 -0.984746 0.0842124 0.152263 -0.480521 -0.0948865 -0.993413 -0.0642397 0.432332 
1535159787775 0.213073 0.917945 -0.334628 -0.628712 -0.941066 0.284894 0.182294 -0.242597 0.262669 0.276065 0.92455 0.383968 0.147583 -0.0774746 0.986011 0.377575 -0.984713 0.0817472 0.153812 -0.480874 -0.0925202 -0.993637 -0.0642257 0.43244 
1535159787916 0.212852 0.917959 -0.334732 -0.629727 -0.941145 0.284676 0.182226 -0.243016 0.262566 0.276245 0.924526 0.383385 0.149315 -0.0772374 0.985768 0.377926 -0.984671 0.0792819 0.155361 -0.481227 -0.0901532 -0.993856 -0.0642155 0.432547 
1535159788176 0.21263 0.917972 -0.334836 -0.630742 -0.941224 0.284459 0.182158 -0.243435 0.262463 0.276424 0.924502 0.382802 0.151046 -0.0769959 0.985524 0.378277 -0.984621 0.0768165 0.156909 -0.481579 -0.0877858 -0.994068 -0.064209 0.432654 
1535159788228 0.212408 0.917986 -0.33494 -0.631758 -0.941302 0.284241 0.18209 -0.243854 0.26236 0.276603 0.924477 0.382219 0.152776 -0.0767501 0.985276 0.378628 -0.984563 0.074351 0.158457 -0.481932 -0.0854178 -0.994274 -0.0642062 0.432761 
1535159788541 0.212186 0.917999 -0.335045 -0.632772 -0.941381 0.284024 0.182021 -0.244272 0.262256 0.276782 0.924453 0.381636 0.154505 -0.0764999 0.985026 0.378979 -0.984495 0.0718855 0.160004 -0.482285 -0.0830493 -0.994475 -0.0642072 0.432868 
1535159788635 0.211964 0.918012 -0.335149 -0.633788 -0.94146 0.283806 0.181953 -0.244691 0.262153 0.276961 0.924429 0.381053 0.156232 -0.0762454 0.984773 0.37933 -0.98442 0.0694199 0.161551 -0.482637 -0.0806804 -0.99467 -0.0642118 0.432976 
1535159788757 0.211743 0.918025 -0.335253 -0.634802 -0.941539 0.283589 0.181885 -0.24511 0.262049 0.277141 0.924404 0.380471 0.157959 -0.0759866 0.984518 0.379681 -0.984335 0.0669543 0.163098 -0.48299 -0.0783109 -0.994858 -0.0642203 0.433083 
1535159789111 0.212684 0.917797 -0.335282 -0.63353 -0.94126 0.284547 0.181832 -0.244805 0.262288 0.276914 0.924404 0.381314 0.157288 -0.076137 0.984613 0.379548 -0.984358 0.0680499 0.162509 -0.482928 -0.0793758 -0.994773 -0.0642426 0.433003 
1535159789136 0.212202 0.917649 -0.335992 -0.633723 -0.941237 0.284375 0.18222 -0.244942 0.262762 0.27758 0.92407 0.381313 0.158823 -0.0733522 0.984578 0.379661 -0.984541 0.0628239 0.163497 -0.483136 -0.0738479 -0.995325 -0.0622405 0.432766 
1535159789349 0.211719 0.9175 -0.336702 -0.633918 -0.941213 0.284204 0.182609 -0.245081 0.263236 0.278246 0.923735 0.381312 0.160343 -0.070559 0.984536 0.379776 -0.984694 0.0575979 0.164497 -0.483348 -0.0683139 -0.995843 -0.0602436 0.43253 
1535159789355 0.211235 0.917352 -0.33741 -0.634114 -0.941189 0.284033 0.182998 -0.245219 0.263709 0.278911 0.923399 0.38131 0.161848 -0.0677573 0.984487 0.37989 -0.984817 0.052373 0.165507 -0.48356 -0.0627748 -0.996326 -0.0582521 0.432293 
1535159789456 0.210752 0.917202 -0.33812 -0.634309 -0.941165 0.283862 0.183387 -0.245357 0.264182 0.279577 0.923062 0.381309 0.163337 -0.0649473 0.98443 0.380005 -0.984909 0.0471496 0.166527 -0.483771 -0.0572309 -0.996774 -0.0562659 0.432056 
1535159789619 0.210268 0.917051 -0.338828 -0.634505 -0.941141 0.283692 0.183776 -0.245496 0.264655 0.280243 0.922725 0.381308 0.16481 -0.0621291 0.984367 0.38012 -0.98497 0.0419276 0.167557 -0.483984 -0.0516823 -0.997187 -0.0542852 0.43182 
1535159789809 0.209783 0.9169 -0.339536 -0.6347 -0.941116 0.283521 0.184165 -0.245635 0.265127 0.280908 0.922387 0.381307 0.166267 -0.0593028 0.984296 0.380234 -0.985001 0.0367074 0.168597 -0.484195 -0.0461292 -0.997565 -0.0523101 0.431583 
1535159789864 0.209298 0.916749 -0.340244 -0.634897 -0.941091 0.283351 0.184554 -0.245774 0.265598 0.281574 0.922049 0.381305 0.167708 -0.0564684 0.984218 0.380349 -0.985001 0.031489 0.169648 -0.484408 -0.0405718 -0.997908 -0.0503405 0.431347 
1535159789979 0.208813 0.916596 -0.340952 -0.635092 -0.941065 0.283182 0.184943 -0.245912 0.26607 0.282239 0.921709 0.381304 0.169133 -0.0536261 0.984133 0.380463 -0.984971 0.0262729 0.170708 -0.484619 -0.0350104 -0.998215 -0.0483766 0.43111 
1535159789986 0.208327 0.916444 -0.341659 -0.635289 -0.94104 0.283012 0.185333 -0.246051 0.266541 0.282904 0.921369 0.381302 0.170542 -0.0507761 0.984041 0.380578 -0.98491 0.021059 0.171779 -0.484833 -0.0294451 -0.998488 -0.0464184 0.430873 
1535159790653 0.20864 0.916653 -0.340904 -0.635095 -0.941115 0.282998 0.18497 -0.245806 0.266029 0.282238 0.921721 0.381292 0.170003 -0.0513605 0.984104 0.38044 -0.984964 0.0223105 0.171316 -0.484784 -0.0307547 -0.998431 -0.0467953 0.430865 
1535159790682 0.208013 0.916761 -0.340997 -0.635159 -0.941249 0.282437 0.185149 -0.245942 0.266048 0.28245 0.921651 0.381339 0.170299 -0.0517781 0.984031 0.380425 -0.985008 0.0189546 0.171466 -0.484837 -0.0275301 -0.998479 -0.0477738 0.430978 
1535159790764 0.207384 0.91687 -0.341089 -0.635226 -0.941382 0.281873 0.185328 -0.24608 0.266066 0.282661 0.921581 0.381386 0.170598 -0.052194 0.983957 0.38041 -0.985041 0.0155983 0.171613 -0.484892 -0.0243052 -0.998515 -0.0487522 0.43109 
1535159790815 0.206755 0.916977 -0.341181 -0.635294 -0.941516 0.28131 0.185507 -0.246217 0.266084 0.282873 0.921511 0.381432 0.170898 -0.0526089 0.983883 0.380395 -0.985063 0.0122417 0.171758 -0.484947 -0.0210804 -0.99854 -0.049731 0.431203 
1535159790821 0.206126 0.917085 -0.341273 -0.635362 -0.941648 0.280746 0.185687 -0.246355 0.266102 0.283085 0.921441 0.381479 0.1712 -0.0530227 0.983808 0.38038 -0.985074 0.00888494 0.1719 -0.485001 -0.0178557 -0.998554 -0.0507102 0.431316 
1535159790965 0.205497 0.917192 -0.341365 -0.635429 -0.941781 0.280183 0.185866 -0.246493 0.266119 0.283296 0.921371 0.381526 0.171502 -0.0534356 0.983733 0.380365 -0.985075 0.00552817 0.172037 -0.485056 -0.0146311 -0.998556 -0.0516899 0.431429 
1535159791132 0.204868 0.917298 -0.341457 -0.635497 -0.941913 0.279619 0.186045 -0.246631 0.266137 0.283508 0.9213 0.381572 0.171807 -0.0538473 0.983658 0.380351 -0.985065 0.00217108 0.172172 -0.485111 -0.0114066 -0.998547 -0.05267 0.431542 
1535159791221 0.204239 0.917405 -0.341548 -0.635566 -0.942045 0.279056 0.186225 -0.246769 0.266155 0.283719 0.92123 0.381618 0.172113 -0.0542579 0.983582 0.380336 -0.985043 -0.001186 0.172303 -0.485166 -0.00818227 -0.998526 -0.0536505 0.431655 
1535159791400 0.20361 0.917511 -0.34164 -0.635633 -0.942176 0.278492 0.186404 -0.246907 0.266172 0.283931 0.92116 0.381665 0.172419 -0.0546676 0.983505 0.380321 -0.985011 -0.0045431 0.172431 -0.48522 -0.0049582 -0.998494 -0.0546315 0.431767 
1535159791431 0.20298 0.917616 -0.341731 -0.6357 -0.942307 0.277928 0.186584 -0.247045 0.266189 0.284142 0.92109 0.381711 0.172727 -0.0550761 0.983429 0.380306 -0.984968 -0.00790021 0.172555 -0.485275 -0.00173439 -0.998451 -0.0556128 0.43188 
1535159791678 0.203574 0.917553 -0.341548 -0.635598 -0.94222 0.278401 0.186318 -0.246952 0.266044 0.283884 0.921212 0.381667 0.172397 -0.0543645 0.983526 0.380355 -0.985003 -0.00250341 0.172518 -0.485117 -0.00691667 -0.998518 -0.0539808 0.431685 
1535159791688 0.203199 0.917731 -0.341291 -0.63565 -0.942296 0.278004 0.186527 -0.247075 0.266062 0.283695 0.921264 0.381639 0.171595 -0.0554403 0.983606 0.380327 -0.985127 -0.000595115 0.171826 -0.48507 -0.00894075 -0.998462 -0.0547179 0.431796 
1535159791703 0.202823 0.91791 -0.341034 -0.635707 -0.942372 0.277607 0.186736 -0.247201 0.26608 0.283506 0.921317 0.381609 0.170788 -0.0565149 0.983686 0.380299 -0.985247 0.00131488 0.171135 -0.48502 -0.0109651 -0.998401 -0.0554565 0.431906 
1535159791720 0.202447 0.918088 -0.340777 -0.635763 -0.942447 0.277209 0.186946 -0.247326 0.266099 0.283318 0.92137 0.38158 0.169979 -0.0575878 0.983764 0.38027 -0.985362 0.0032256 0.170444 -0.484969 -0.0129887 -0.998335 -0.0561966 0.432017 
1535159791834 0.202071 0.918267 -0.34052 -0.63582 -0.942523 0.276811 0.187155 -0.247452 0.266118 0.283129 0.921423 0.381551 0.169168 -0.0586592 0.98384 0.380241 -0.985473 0.00513707 0.169755 -0.484919 -0.0150118 -0.998265 -0.056938 0.432127 
1535159791883 0.201695 0.918445 -0.340262 -0.635878 -0.942598 0.276413 0.187364 -0.247578 0.266136 0.28294 0.921475 0.381522 0.168356 -0.0597288 0.983915 0.380213 -0.985579 0.00704917 0.169068 -0.484868 -0.017034 -0.99819 -0.0576807 0.432238 
1535159792064 0.201318 0.918623 -0.340005 -0.635935 -0.942673 0.276014 0.187573 -0.247704 0.266155 0.282752 0.921528 0.381493 0.16754 -0.0607969 0.983989 0.380184 -0.985681 0.00896211 0.168382 -0.484818 -0.0190557 -0.99811 -0.0584249 0.432348 
1535159792071 0.200942 0.9188 -0.339748 -0.635992 -0.942748 0.275616 0.187782 -0.247829 0.266174 0.282563 0.92158 0.381463 0.166722 -0.0618634 0.984061 0.380155 -0.985779 0.0108757 0.167697 -0.484768 -0.0210766 -0.998025 -0.0591704 0.432459 
1535159792248 0.200566 0.918978 -0.33949 -0.636048 -0.942823 0.275218 0.18799 -0.247954 0.266193 0.282374 0.921632 0.381434 0.165902 -0.0629282 0.984132 0.380127 -0.985872 0.01279 0.167013 -0.484718 -0.0230969 -0.997936 -0.0599172 0.432569 
1535159792305 0.20019 0.919155 -0.339232 -0.636106 -0.942897 0.27482 0.188199 -0.24808 0.266212 0.282186 0.921685 0.381405 0.16508 -0.0639913 0.984202 0.380098 -0.98596 0.014705 0.166331 -0.484667 -0.0251165 -0.997842 -0.0606654 0.43268 
1535159792754 0.200416 0.918963 -0.339619 -0.636042 -0.942803 0.275159 0.188175 -0.247852 0.266375 0.282481 0.921547 0.381456 0.16564 -0.0632899 0.984153 0.380114 -0.98589 0.0138325 0.166822 -0.484682 -0.0241714 -0.997899 -0.0601057 0.432717 
1535159792767 0.200806 0.919014 -0.339251 -0.636032 -0.942793 0.275371 0.187918 -0.247869 0.266119 0.282108 0.921735 0.381395 0.165759 -0.0640322 0.984085 0.380122 -0.985868 0.0137692 0.166956 -0.484761 -0.0242406 -0.997853 -0.060845 0.432797 
1535159792873 0.201196 0.919064 -0.338882 -0.636024 -0.942782 0.275583 0.18766 -0.247887 0.265862 0.281735 0.921923 0.381333 0.165879 -0.0647752 0.984016 0.38013 -0.985846 0.0137064 0.167089 -0.484842 -0.0243105 -0.997806 -0.0615848 0.432877 
1535159792904 0.201586 0.919115 -0.338513 -0.636015 -0.942771 0.275795 0.187403 -0.247905 0.265605 0.281363 0.922111 0.381272 0.165998 -0.0655181 0.983947 0.380139 -0.985825 0.0136433 0.167223 -0.484925 -0.0243805 -0.997758 -0.0623245 0.432958 
1535159792926 0.201975 0.919165 -0.338144 -0.636006 -0.94276 0.276007 0.187146 -0.247922 0.265348 0.28099 0.922299 0.38121 0.166117 -0.0662609 0.983877 0.380148 -0.985803 0.0135802 0.167357 -0.485008 -0.0244505 -0.99771 -0.0630642 0.433038 
1535159793060 0.202364 0.919215 -0.337775 -0.635998 -0.942749 0.276219 0.186888 -0.24794 0.265091 0.280618 0.922486 0.381149 0.166236 -0.0670036 0.983807 0.380157 -0.985781 0.013517 0.167491 -0.485089 -0.0245206 -0.997661 -0.0638039 0.433119 
1535159793076 0.202754 0.919265 -0.337406 -0.635989 -0.942738 0.276432 0.186631 -0.247958 0.264833 0.280245 0.922673 0.381087 0.166356 -0.0677463 0.983736 0.380166 -0.985759 0.0134537 0.167625 -0.485172 -0.0245908 -0.997612 -0.0645435 0.433199 
1535159793082 0.203143 0.919315 -0.337036 -0.63598 -0.942726 0.276644 0.186374 -0.247976 0.264576 0.279872 0.92286 0.381026 0.166475 -0.068489 0.983664 0.380175 -0.985737 0.0133903 0.167758 -0.485254 -0.0246611 -0.997562 -0.065283 0.433279 
1535159793209 0.203532 0.919364 -0.336667 -0.635972 -0.942715 0.276857 0.186117 -0.247994 0.264318 0.2795 0.923047 0.380964 0.166594 -0.0692316 0.983592 0.380184 -0.985715 0.0133267 0.167892 -0.485338 -0.0247315 -0.997512 -0.0660225 0.43336 
1535159793238 0.203921 0.919413 -0.336298 -0.635964 -0.942703 0.27707 0.18586 -0.248011 0.26406 0.279128 0.923233 0.380903 0.166713 -0.0699742 0.983519 0.380193 -0.985693 0.0132631 0.168025 -0.48542 -0.024802 -0.997461 -0.066762 0.43344 
1535159793335 0.202948 0.91928 -0.337247 -0.635967 -0.942712 0.276564 0.186564 -0.24797 0.264775 0.280064 0.922745 0.381032 0.166172 -0.06746 0.983787 0.380121 -0.985791 0.0134909 0.167436 -0.485197 -0.0245674 -0.997631 -0.0642596 0.433188 
1535159793350 0.20368 0.919192 -0.337047 -0.635772 -0.942558 0.277204 0.186391 -0.247857 0.26476 0.279723 0.922853 0.381077 0.16641 -0.0669556 0.983781 0.380157 -0.985733 0.0142679 0.167711 -0.485334 -0.0252656 -0.997654 -0.063626 0.433049 
1535159793493 0.204412 0.919102 -0.336849 -0.635572 -0.942404 0.277844 0.186219 -0.247742 0.264746 0.279382 0.92296 0.381123 0.166648 -0.0664507 0.983775 0.380193 -0.985675 0.0150446 0.167986 -0.485473 -0.0259633 -0.997676 -0.0629916 0.43291 
1535159793519 0.205144 0.919012 -0.33665 -0.635371 -0.942249 0.278484 0.186048 -0.247626 0.264732 0.279042 0.923067 0.38117 0.166887 -0.065946 0.983768 0.38023 -0.985616 0.0158214 0.168261 -0.485611 -0.0266607 -0.997698 -0.062357 0.432771 
1535159793641 0.205876 0.918921 -0.336451 -0.635172 -0.942093 0.279124 0.185876 -0.247511 0.264717 0.278701 0.923174 0.381216 0.167125 -0.0654415 0.983761 0.380266 -0.985556 0.0165984 0.168535 -0.485749 -0.027358 -0.997718 -0.0617222 0.432632 
1535159793717 0.206608 0.91883 -0.336252 -0.634972 -0.941937 0.279764 0.185704 -0.247395 0.264702 0.278361 0.923281 0.381262 0.167365 -0.0649371 0.983754 0.380303 -0.985496 0.0173755 0.168808 -0.485888 -0.0280551 -0.997738 -0.0610871 0.432493 
1535159793885 0.207339 0.918738 -0.336053 -0.634771 -0.941781 0.280403 0.185533 -0.24728 0.264686 0.27802 0.923388 0.381308 0.167604 -0.0644329 0.983747 0.380339 -0.985435 0.0181528 0.169081 -0.486026 -0.0287521 -0.997757 -0.0604519 0.432355 
1535159793903 0.208071 0.918645 -0.335854 -0.634572 -0.941624 0.281043 0.185362 -0.247165 0.264671 0.27768 0.923495 0.381354 0.167845 -0.0639288 0.983738 0.380376 -0.985374 0.0189301 0.169354 -0.486164 -0.0294488 -0.997775 -0.0598164 0.432216 
1535159793910 0.208802 0.918552 -0.335654 -0.634371 -0.941467 0.281683 0.18519 -0.247049 0.264655 0.277339 0.923602 0.381401 0.168085 -0.0634249 0.98373 0.380412 -0.985312 0.0197076 0.169626 -0.486303 -0.0301455 -0.997792 -0.0591807 0.432077 
1535159794114 0.209533 0.918458 -0.335455 -0.634172 -0.941309 0.282322 0.18502 -0.246934 0.264639 0.276999 0.923709 0.381447 0.168325 -0.0629212 0.983721 0.380448 -0.985249 0.0204852 0.169897 -0.486441 -0.0308419 -0.997808 -0.0585449 0.431938 
1535159794399 0.20905 0.918472 -0.335718 -0.63434 -0.941376 0.281965 0.185223 -0.247061 0.264783 0.277316 0.923572 0.381411 0.167819 -0.0635698 0.983766 0.380353 -0.985355 0.0197661 0.169367 -0.486318 -0.0302119 -0.997782 -0.0593217 0.432047 
1535159794408 0.209255 0.918405 -0.335773 -0.633995 -0.941332 0.282166 0.185137 -0.246916 0.264775 0.277333 0.923569 0.381555 0.168096 -0.0628977 0.983762 0.380403 -0.985309 0.0198135 0.169627 -0.486507 -0.0301609 -0.997823 -0.0586431 0.431851 
1535159794415 0.20946 0.918338 -0.33583 -0.633645 -0.941289 0.282367 0.185052 -0.246769 0.264768 0.277352 0.923566 0.3817 0.168292 -0.0622635 0.983769 0.380444 -0.985281 0.019724 0.169799 -0.486659 -0.0299762 -0.997865 -0.0580277 0.431695 
1535159794426 0.209665 0.91827 -0.335887 -0.633294 -0.941245 0.282569 0.184967 -0.246621 0.26476 0.277371 0.923562 0.381846 0.168488 -0.0616293 0.983775 0.380484 -0.985253 0.0196346 0.169971 -0.486811 -0.0297912 -0.997906 -0.0574123 0.431539 
1535159794635 0.20987 0.918203 -0.335944 -0.632943 -0.941201 0.28277 0.184881 -0.246473 0.264753 0.27739 0.923559 0.381991 0.168683 -0.060995 0.983781 0.380525 -0.985226 0.0195453 0.170143 -0.486962 -0.0296062 -0.997947 -0.0567968 0.431383 
1535159794694 0.210075 0.918135 -0.336 -0.632594 -0.941158 0.282971 0.184796 -0.246326 0.264746 0.277408 0.923555 0.382136 0.168879 -0.0603607 0.983787 0.380565 -0.985198 0.0194562 0.170315 -0.487114 -0.029421 -0.997987 -0.0561814 0.431227 
1535159794746 0.21028 0.918067 -0.336057 -0.632243 -0.941114 0.283172 0.18471 -0.246178 0.264739 0.277427 0.923552 0.382281 0.169075 -0.0597263 0.983792 0.380606 -0.98517 0.0193671 0.170487 -0.487266 -0.0292357 -0.998027 -0.055566 0.431071 
1535159794838 0.210485 0.918 -0.336114 -0.631894 -0.94107 0.283373 0.184625 -0.246031 0.264731 0.277446 0.923548 0.382426 0.16927 -0.0590919 0.983797 0.380646 -0.985142 0.0192781 0.170659 -0.487417 -0.0290503 -0.998066 -0.0549507 0.430915 
1535159795045 0.21069 0.917932 -0.33617 -0.631542 -0.941026 0.283574 0.18454 -0.245883 0.264724 0.277465 0.923545 0.382571 0.169465 -0.0584574 0.983801 0.380687 -0.985113 0.0191893 0.170831 -0.487569 -0.0288648 -0.998105 -0.0543353 0.430759 
1535159795072 0.210895 0.917864 -0.336227 -0.631193 -0.940983 0.283775 0.184454 -0.245736 0.264717 0.277483 0.923541 0.382716 0.16966 -0.0578229 0.983805 0.380727 -0.985085 0.0191005 0.171004 -0.487721 -0.0286791 -0.998144 -0.0537199 0.430603 
1535159795390 0.210561 0.917966 -0.336157 -0.631401 -0.941057 0.283449 0.184576 -0.245773 0.264718 0.277479 0.923542 0.382533 0.169478 -0.0584169 0.983801 0.380673 -0.985116 0.0190359 0.170834 -0.487538 -0.0287071 -0.998111 -0.0543213 0.430798 
1535159795405 0.210533 0.917893 -0.336376 -0.630907 -0.941017 0.283515 0.18468 -0.245568 0.264884 0.277654 0.923442 0.382727 0.170181 -0.0590105 0.983644 0.380747 -0.985048 0.0169667 0.171442 -0.487764 -0.026806 -0.998113 -0.0552408 0.430815 
1535159795516 0.210504 0.917819 -0.336596 -0.630408 -0.940976 0.283582 0.184784 -0.24536 0.265051 0.277831 0.923341 0.382921 0.170872 -0.0596675 0.983485 0.380819 -0.984978 0.0148852 0.172035 -0.487977 -0.0249043 -0.998107 -0.0562277 0.430856 
1535159795601 0.210476 0.917745 -0.336816 -0.629909 -0.940935 0.283649 0.184889 -0.245152 0.265218 0.278007 0.92324 0.383116 0.171564 -0.0603229 0.983324 0.380892 -0.984904 0.0128033 0.172625 -0.488191 -0.0230031 -0.998097 -0.0572157 0.430897 
1535159795758 0.210447 0.91767 -0.337035 -0.629409 -0.940895 0.283716 0.184993 -0.244944 0.265385 0.278184 0.923139 0.383311 0.172257 -0.0609769 0.983163 0.380964 -0.984826 0.010721 0.173214 -0.488404 -0.0211025 -0.998082 -0.0582048 0.430938 
1535159795881 0.210419 0.917596 -0.337255 -0.628909 -0.940854 0.283783 0.185096 -0.244736 0.265551 0.27836 0.923037 0.383506 0.172952 -0.0616293 0.983 0.381037 -0.984743 0.00863823 0.1738 -0.488618 -0.0192026 -0.998062 -0.059195 0.430979 
1535159796027 0.21039 0.917522 -0.337475 -0.628411 -0.940813 0.28385 0.185201 -0.244529 0.265718 0.278537 0.922936 0.3837 0.173648 -0.0622802 0.982837 0.381109 -0.984656 0.00655505 0.174385 -0.488831 -0.0173033 -0.998037 -0.0601863 0.43102 
1535159796032 0.210362 0.917448 -0.337695 -0.627911 -0.940773 0.283917 0.185304 -0.244321 0.265884 0.278713 0.922835 0.383895 0.174345 -0.0629296 0.982672 0.381182 -0.984564 0.00447141 0.174967 -0.489044 -0.0154045 -0.998008 -0.0611786 0.431061 
1535159796179 0.210333 0.917373 -0.337915 -0.627412 -0.940732 0.283984 0.185408 -0.244113 0.266051 0.27889 0.922734 0.38409 0.175043 -0.0635775 0.982506 0.381254 -0.984468 0.00238741 0.175547 -0.489258 -0.0135065 -0.997974 -0.0621721 0.431102 
1535159796338 0.210304 0.917299 -0.338134 -0.626914 -0.940691 0.284051 0.185512 -0.243905 0.266218 0.279066 0.922632 0.384284 0.175742 -0.0642238 0.982339 0.381326 -0.984368 0.000303016 0.176125 -0.489471 -0.0116091 -0.997935 -0.0631666 0.431143 
1535159796769 0.21008 0.917412 -0.337966 -0.62714 -0.940762 0.283786 0.185559 -0.243891 0.266144 0.278963 0.922685 0.384195 0.175391 -0.06385 0.982426 0.381216 -0.984408 0.00216057 0.175885 -0.489274 -0.0133529 -0.997957 -0.0624756 0.431026 
1535159796782 0.209856 0.91735 -0.338276 -0.626689 -0.940606 0.283854 0.186243 -0.243757 0.266871 0.2791 0.922433 0.384366 0.175592 -0.0636733 0.982402 0.381274 -0.984373 0.00213153 0.176083 -0.489352 -0.0133058 -0.997969 -0.062304 0.430972 
1535159796899 0.209631 0.917287 -0.338586 -0.626234 -0.94045 0.283923 0.186927 -0.243621 0.267598 0.279237 0.922181 0.384538 0.175794 -0.063496 0.982377 0.381333 -0.984338 0.00210253 0.176281 -0.489431 -0.0132586 -0.99798 -0.0621319 0.430919 
1535159796913 0.209407 0.917223 -0.338895 -0.625777 -0.940293 0.283992 0.187611 -0.243484 0.268325 0.279374 0.921928 0.38471 0.175995 -0.0633188 0.982352 0.381392 -0.984302 0.00207359 0.176478 -0.48951 -0.0132114 -0.997991 -0.0619599 0.430865 
1535159796932 0.209181 0.917161 -0.339205 -0.625323 -0.940135 0.284061 0.188295 -0.243349 0.269051 0.27951 0.921675 0.384881 0.176197 -0.0631416 0.982328 0.38145 -0.984267 0.00204465 0.176676 -0.489589 -0.0131641 -0.998002 -0.0617879 0.430812 
1535159797031 0.208956 0.917097 -0.339514 -0.624866 -0.939977 0.28413 0.188978 -0.243212 0.269777 0.279647 0.921422 0.385053 0.176398 -0.0629644 0.982303 0.381509 -0.984231 0.00201581 0.176874 -0.489668 -0.0131169 -0.998014 -0.061616 0.430758 
1535159797092 0.208731 0.917034 -0.339823 -0.624412 -0.939819 0.284199 0.189662 -0.243076 0.270504 0.279784 0.921167 0.385225 0.1766 -0.0627872 0.982278 0.381567 -0.984196 0.00198693 0.177072 -0.489746 -0.0130696 -0.998025 -0.061444 0.430704 
1535159797168 0.208505 0.916971 -0.340132 -0.623955 -0.93966 0.284269 0.190345 -0.24294 0.271229 0.27992 0.920912 0.385397 0.176801 -0.0626099 0.982253 0.381626 -0.98416 0.00195815 0.177269 -0.489825 -0.0130222 -0.998036 -0.061272 0.430651 
1535159797181 0.208279 0.916908 -0.34044 -0.6235 -0.9395 0.284338 0.191028 -0.242804 0.271955 0.280056 0.920657 0.385568 0.177003 -0.0624327 0.982228 0.381685 -0.984125 0.0019294 0.177467 -0.489904 -0.0129749 -0.998047 -0.0611001 0.430597 
1535159797244 0.208053 0.916845 -0.340749 -0.623043 -0.93934 0.284408 0.191711 -0.242667 0.272681 0.280193 0.920401 0.38574 0.177204 -0.0622554 0.982203 0.381743 -0.984089 0.00190063 0.177665 -0.489983 -0.0129274 -0.998058 -0.0609281 0.430544 
1535159797739 0.208125 0.91685 -0.340689 -0.62327 -0.939425 0.284358 0.191365 -0.24276 0.272331 0.280224 0.920494 0.385676 0.176691 -0.0627799 0.982262 0.381618 -0.984178 0.00214024 0.177172 -0.48977 -0.0132251 -0.998025 -0.0614084 0.430642 
1535159797754 0.20842 0.916828 -0.340569 -0.623172 -0.939541 0.284422 0.190701 -0.242712 0.271705 0.280233 0.920677 0.385715 0.176865 -0.0622535 0.982264 0.381653 -0.984156 0.00145978 0.177298 -0.489848 -0.0124713 -0.998059 -0.061009 0.430568 
1535159797769 0.208716 0.916806 -0.340448 -0.62307 -0.939656 0.284486 0.190036 -0.242663 0.271079 0.280241 0.920859 0.385755 0.177039 -0.0617257 0.982266 0.381688 -0.984134 0.000779536 0.177424 -0.489929 -0.0117174 -0.998093 -0.0606084 0.430493 
1535159797776 0.209012 0.916783 -0.340328 -0.622968 -0.939771 0.284551 0.189371 -0.242613 0.270453 0.280249 0.92104 0.385795 0.177213 -0.0611978 0.982268 0.381724 -0.984112 9.92596e-05 0.177551 -0.490009 -0.0109633 -0.998126 -0.0602079 0.430419 
1535159797843 0.209307 0.916761 -0.340207 -0.622866 -0.939885 0.284615 0.188706 -0.242563 0.269826 0.280258 0.921222 0.385835 0.177386 -0.0606698 0.982269 0.38176 -0.984088 -0.000580968 0.177679 -0.49009 -0.0102091 -0.998158 -0.0598075 0.430345 
1535159797937 0.209603 0.916738 -0.340086 -0.622763 -0.939999 0.284679 0.188041 -0.242513 0.2692 0.280266 0.921402 0.385875 0.17756 -0.0601416 0.982271 0.381796 -0.984065 -0.0012612 0.177807 -0.49017 -0.00945476 -0.998189 -0.0594071 0.430271 
1535159798086 0.209898 0.916715 -0.339964 -0.622662 -0.940112 0.284744 0.187376 -0.242464 0.268573 0.280275 0.921583 0.385915 0.177732 -0.0596133 0.982272 0.381831 -0.98404 -0.00194117 0.177934 -0.49025 -0.0087005 -0.99822 -0.0590069 0.430197 
1535159798114 0.210193 0.916693 -0.339843 -0.622559 -0.940225 0.284808 0.186711 -0.242413 0.267946 0.280284 0.921762 0.385955 0.177905 -0.0590848 0.982272 0.381867 -0.984016 -0.00262127 0.178063 -0.490331 -0.00794603 -0.99825 -0.0586067 0.430123 
1535159798119 0.210488 0.91667 -0.339721 -0.622458 -0.940338 0.284872 0.186045 -0.242364 0.267319 0.280292 0.921942 0.385994 0.178076 -0.0585563 0.982273 0.381902 -0.98399 -0.00330111 0.178191 -0.490411 -0.00719161 -0.998279 -0.0582067 0.430048 
1535159798125 0.210784 0.916648 -0.339599 -0.622356 -0.94045 0.284936 0.18538 -0.242314 0.266692 0.280301 0.922121 0.386034 0.178248 -0.0580276 0.982273 0.381938 -0.983965 -0.00398095 0.17832 -0.490491 -0.00643707 -0.998307 -0.0578067 0.429974 
1535159798410 0.210317 0.916618 -0.339969 -0.622557 -0.940174 0.284974 0.186714 -0.24238 0.268027 0.280361 0.921715 0.385954 0.178031 -0.0587105 0.982272 0.381863 -0.983999 -0.00335022 0.178144 -0.490393 -0.00716807 -0.998269 -0.0583675 0.430074 
1535159798428 0.210406 0.916585 -0.340003 -0.622284 -0.940138 0.28508 0.186733 -0.242276 0.268085 0.28036 0.921699 0.386058 0.178353 -0.0582993 0.982238 0.381877 -0.983951 -0.00493351 0.178371 -0.490482 -0.00555304 -0.998287 -0.0582436 0.430062 
1535159798444 0.210495 0.916551 -0.340039 -0.622007 -0.940102 0.285188 0.186752 -0.24217 0.268142 0.280361 0.921682 0.386164 0.178675 -0.0578877 0.982204 0.381891 -0.9839 -0.00651735 0.1786 -0.490574 -0.00393736 -0.998302 -0.0581202 0.43005 
1535159798632 0.210584 0.916517 -0.340074 -0.62173 -0.940066 0.285296 0.186771 -0.242064 0.2682 0.280361 0.921665 0.386269 0.178996 -0.0574756 0.982169 0.381905 -0.983847 -0.00810106 0.178828 -0.490665 -0.00232163 -0.998314 -0.0579972 0.430038 
1535159798640 0.210673 0.916484 -0.34011 -0.621452 -0.940029 0.285403 0.186789 -0.241958 0.268258 0.280361 0.921648 0.386374 0.179317 -0.0570629 0.982135 0.38192 -0.983791 -0.00968467 0.179057 -0.490756 -0.000705854 -0.998324 -0.0578746 0.430026 
1535159798649 0.210762 0.91645 -0.340145 -0.621175 -0.939993 0.285511 0.186808 -0.241851 0.268316 0.280362 0.921631 0.386479 0.179637 -0.0566498 0.982101 0.381934 -0.983733 -0.0112681 0.179285 -0.490847 0.000909928 -0.998331 -0.0577524 0.430014 
1535159798803 0.210851 0.916417 -0.34018 -0.620898 -0.939956 0.285618 0.186827 -0.241746 0.268373 0.280362 0.921614 0.386584 0.179956 -0.0562361 0.982066 0.381948 -0.983671 -0.0128515 0.179515 -0.490938 0.00252581 -0.998335 -0.0576305 0.430002 
1535159798879 0.21094 0.916383 -0.340216 -0.620622 -0.93992 0.285726 0.186846 -0.24164 0.268431 0.280362 0.921597 0.386689 0.180275 -0.0558219 0.982031 0.381963 -0.983608 -0.0144347 0.179744 -0.491029 0.00414169 -0.998336 -0.057509 0.42999 
1535159799068 0.211029 0.916349 -0.340251 -0.620344 -0.939883 0.285834 0.186865 -0.241533 0.268489 0.280363 0.92158 0.386795 0.180593 -0.0554072 0.981996 0.381977 -0.983541 -0.0160178 0.179973 -0.49112 0.00575761 -0.998335 -0.0573879 0.429978 
1535159799159 0.211118 0.916316 -0.340287 -0.620067 -0.939847 0.285941 0.186884 -0.241427 0.268547 0.280363 0.921564 0.3869 0.18091 -0.054992 0.981961 0.381991 -0.983472 -0.0176007 0.180203 -0.491211 0.00737354 -0.998332 -0.0572672 0.429966 
1535159799450 0.21115 0.91633 -0.340228 -0.620265 -0.939849 0.285949 0.186861 -0.241555 0.268514 0.280307 0.92159 0.386806 0.180755 -0.0552602 0.981974 0.381969 -0.983507 -0.0166284 0.180102 -0.491084 0.00637622 -0.998334 -0.0573544 0.43005 
1535159799461 0.21114 0.916274 -0.340385 -0.620025 -0.939724 0.286105 0.18725 -0.241465 0.268958 0.280332 0.921453 0.386905 0.180876 -0.055281 0.981951 0.381987 -0.983477 -0.0178915 0.18015 -0.491173 0.00760974 -0.998311 -0.0576037 0.430083 
1535159799467 0.21113 0.916217 -0.340544 -0.61978 -0.939599 0.286261 0.187639 -0.241373 0.269402 0.280359 0.921315 0.387004 0.181015 -0.0552899 0.981925 0.382005 -0.98344 -0.0192111 0.180213 -0.491266 0.0088999 -0.998286 -0.0578518 0.430113 
1535159799475 0.21112 0.91616 -0.340702 -0.619534 -0.939474 0.286417 0.188027 -0.24128 0.269846 0.280385 0.921177 0.387104 0.181154 -0.0552987 0.981899 0.382023 -0.983402 -0.0205306 0.180275 -0.491359 0.0101899 -0.998259 -0.0581001 0.430143 
1535159799708 0.21111 0.916104 -0.340861 -0.619291 -0.939349 0.286572 0.188416 -0.241188 0.27029 0.28041 0.921039 0.387203 0.181293 -0.0553073 0.981873 0.382041 -0.983362 -0.02185 0.180338 -0.491452 0.01148 -0.99823 -0.0583484 0.430173 
1535159799714 0.2111 0.916047 -0.341019 -0.619045 -0.939223 0.286728 0.188805 -0.241095 0.270734 0.280436 0.920901 0.387303 0.181432 -0.0553157 0.981846 0.382059 -0.98332 -0.0231695 0.1804 -0.491545 0.0127699 -0.9982 -0.0585968 0.430203 
1535159799919 0.21109 0.915991 -0.341177 -0.618801 -0.939097 0.286884 0.189193 -0.241003 0.271178 0.280462 0.920763 0.387402 0.181571 -0.055324 0.98182 0.382076 -0.983277 -0.0244888 0.180461 -0.491637 0.0140598 -0.998168 -0.0588453 0.430234 
1535159799926 0.21108 0.915934 -0.341336 -0.618556 -0.938971 0.287039 0.189582 -0.24091 0.271621 0.280488 0.920624 0.387502 0.18171 -0.055332 0.981794 0.382094 -0.983232 -0.0258081 0.180522 -0.491731 0.0153496 -0.998134 -0.0590939 0.430264 
1535159800105 0.21107 0.915877 -0.341494 -0.618311 -0.938845 0.287195 0.18997 -0.240818 0.272065 0.280513 0.920485 0.387601 0.18185 -0.0553399 0.981768 0.382112 -0.983186 -0.0271275 0.180583 -0.491823 0.0166394 -0.998099 -0.0593425 0.430294 
1535159800122 0.21106 0.915821 -0.341653 -0.618066 -0.938719 0.287351 0.190359 -0.240725 0.272509 0.280539 0.920346 0.387701 0.181988 -0.0553476 0.981742 0.38213 -0.983137 -0.0284467 0.180643 -0.491916 0.0179291 -0.998062 -0.0595912 0.430324 
1535159800337 0.210981 0.915939 -0.341383 -0.618305 -0.938882 0.287072 0.189974 -0.240761 0.272006 0.280438 0.920526 0.387656 0.181796 -0.0552807 0.981781 0.382139 -0.983201 -0.0267979 0.180549 -0.491812 0.0163288 -0.998111 -0.0592237 0.430273 
1535159800352 0.210986 0.915897 -0.341495 -0.618105 -0.938854 0.287127 0.19003 -0.240677 0.272101 0.28052 0.920473 0.387718 0.181624 -0.0554253 0.981805 0.382131 -0.983259 -0.0250815 0.180478 -0.491876 0.0146221 -0.998148 -0.0590528 0.430262 
1535159800357 0.21099 0.915854 -0.341606 -0.6179 -0.938825 0.287183 0.190087 -0.240591 0.272195 0.280602 0.92042 0.38778 0.181453 -0.0555699 0.981828 0.382122 -0.983315 -0.0233645 0.180405 -0.49194 0.0129148 -0.998181 -0.0588822 0.430251 
1535159800390 0.210995 0.915811 -0.341717 -0.617696 -0.938797 0.287239 0.190143 -0.240505 0.272289 0.280684 0.920367 0.387842 0.181281 -0.0557142 0.981852 0.382114 -0.983367 -0.0216474 0.180333 -0.492005 0.0112074 -0.998212 -0.0587118 0.43024 
1535159800580 0.210999 0.915769 -0.341828 -0.617491 -0.938768 0.287294 0.190199 -0.240419 0.272384 0.280766 0.920314 0.387904 0.18111 -0.0558582 0.981875 0.382105 -0.983417 -0.0199302 0.18026 -0.492069 0.00949999 -0.99824 -0.0585415 0.430229 
1535159800587 0.211004 0.915726 -0.341939 -0.617288 -0.93874 0.28735 0.190256 -0.240333 0.272478 0.280847 0.920261 0.387967 0.180937 -0.056002 0.981899 0.382097 -0.983464 -0.0182129 0.180187 -0.492133 0.00779245 -0.998265 -0.0583713 0.430219 
1535159800790 0.211009 0.915684 -0.342051 -0.617082 -0.938712 0.287405 0.190312 -0.240247 0.272573 0.280929 0.920208 0.388029 0.180765 -0.0561454 0.981923 0.382088 -0.983508 -0.0164956 0.180113 -0.492197 0.00608491 -0.998286 -0.0582012 0.430208 
1535159800797 0.211013 0.915641 -0.342162 -0.616879 -0.938683 0.287461 0.190368 -0.240161 0.272667 0.281011 0.920155 0.388091 0.180592 -0.0562886 0.981946 0.38208 -0.983548 -0.0147782 0.180039 -0.492261 0.00437727 -0.998305 -0.0580313 0.430197 
1535159800848 0.211018 0.915599 -0.342273 -0.616673 -0.938655 0.287517 0.190424 -0.240074 0.272761 0.281093 0.920102 0.388154 0.180419 -0.0564314 0.98197 0.382071 -0.983586 -0.0130608 0.179965 -0.492325 0.00266963 -0.998321 -0.0578615 0.430186 
1535159800989 0.211022 0.915556 -0.342384 -0.616469 -0.938626 0.287572 0.190481 -0.239988 0.272856 0.281175 0.920049 0.388216 0.180245 -0.0565739 0.981993 0.382063 -0.983621 -0.0113433 0.179891 -0.492389 0.000961947 -0.998334 -0.0576919 0.430175 
1535159801256 0.210942 0.915602 -0.342309 -0.616703 -0.938666 0.287459 0.190454 -0.240041 0.27278 0.281139 0.920082 0.388093 0.180613 -0.0565132 0.981929 0.382124 -0.983551 -0.0129534 0.180166 -0.492255 0.0025376 -0.998318 -0.0579231 0.430179 
1535159801265 0.211011 0.915534 -0.34245 -0.616442 -0.938625 0.287579 0.190477 -0.239942 0.27287 0.28124 0.920025 0.388197 0.180615 -0.0567035 0.981918 0.382114 -0.983554 -0.0108656 0.180289 -0.492367 0.000446157 -0.998332 -0.0577335 0.430154 
1535159801271 0.211079 0.915465 -0.342592 -0.616178 -0.938583 0.2877 0.190501 -0.239841 0.272961 0.28134 0.919968 0.388302 0.180618 -0.0568938 0.981907 0.382103 -0.983552 -0.00877763 0.180412 -0.492479 -0.0016455 -0.998342 -0.0575434 0.430128 
1535159801293 0.211147 0.915397 -0.342733 -0.615914 -0.938542 0.28782 0.190525 -0.23974 0.273051 0.28144 0.91991 0.388407 0.18062 -0.0570841 0.981895 0.382093 -0.983546 -0.00668964 0.180535 -0.49259 -0.00373713 -0.998347 -0.0573531 0.430103 
1535159801441 0.211215 0.915328 -0.342874 -0.615649 -0.9385 0.28794 0.190549 -0.239639 0.273142 0.281541 0.919852 0.388512 0.180622 -0.0572744 0.981884 0.382083 -0.983535 -0.00460168 0.180657 -0.492702 -0.00582872 -0.998348 -0.0571625 0.430078 
1535159801527 0.211283 0.91526 -0.343015 -0.615386 -0.938458 0.28806 0.190573 -0.239538 0.273232 0.281641 0.919795 0.388617 0.180623 -0.0574647 0.981872 0.382073 -0.98352 -0.00251373 0.18078 -0.492814 -0.00792028 -0.998344 -0.0569717 0.430052 
1535159801677 0.211351 0.915191 -0.343157 -0.61512 -0.938416 0.28818 0.190596 -0.239437 0.273323 0.281741 0.919737 0.388722 0.180624 -0.0576549 0.981861 0.382063 -0.983501 -0.000425741 0.180901 -0.492926 -0.0100118 -0.998336 -0.0567806 0.430027 
1535159801679 0.211419 0.915122 -0.343298 -0.614857 -0.938375 0.2883 0.19062 -0.239336 0.273413 0.281841 0.91968 0.388826 0.180626 -0.0578452 0.981849 0.382053 -0.983477 0.0016621 0.181023 -0.493038 -0.0121033 -0.998324 -0.0565892 0.430002 
1535159801747 0.211486 0.915054 -0.343439 -0.614593 -0.938333 0.28842 0.190644 -0.239236 0.273504 0.281942 0.919622 0.388931 0.180626 -0.0580355 0.981838 0.382042 -0.98345 0.00375009 0.181144 -0.49315 -0.0141947 -0.998307 -0.0563976 0.429977 
1535159801949 0.211555 0.914985 -0.343581 -0.614327 -0.938291 0.28854 0.190668 -0.239134 0.273595 0.282042 0.919564 0.389036 0.180625 -0.0582258 0.981827 0.382032 -0.983417 0.00583797 0.181264 -0.493262 -0.0162861 -0.998286 -0.0562058 0.429951 
1535159802216 0.211442 0.915094 -0.343358 -0.61454 -0.938389 0.288314 0.190527 -0.2392 0.273345 0.281918 0.919676 0.388944 0.180577 -0.0579999 0.981849 0.382048 -0.983453 0.00412662 0.181116 -0.493175 -0.0145564 -0.998308 -0.056295 0.430043 
1535159802226 0.211508 0.915138 -0.343202 -0.614222 -0.938316 0.288403 0.190754 -0.239092 0.273546 0.281686 0.919688 0.389051 0.180686 -0.0571075 0.981882 0.382043 -0.983466 0.00181198 0.181083 -0.49329 -0.0121203 -0.998366 -0.0558359 0.429948 
1535159802233 0.211574 0.915181 -0.343046 -0.6139 -0.938242 0.288493 0.190981 -0.238982 0.273748 0.281454 0.919699 0.389158 0.180793 -0.0562148 0.981913 0.382039 -0.983474 -0.000503482 0.181051 -0.493407 -0.00968337 -0.998419 -0.0553768 0.429853 
1535159802248 0.211641 0.915224 -0.34289 -0.613579 -0.938168 0.288583 0.191208 -0.238872 0.27395 0.281221 0.91971 0.389266 0.180897 -0.0553218 0.981945 0.382035 -0.983475 -0.00281896 0.18102 -0.493524 -0.00724631 -0.998465 -0.0549176 0.429757 
1535159802493 0.211707 0.915267 -0.342734 -0.613259 -0.938094 0.288672 0.191435 -0.238763 0.274152 0.280989 0.919721 0.389373 0.180999 -0.0544287 0.981976 0.382031 -0.983472 -0.00513435 0.18099 -0.493641 -0.00480922 -0.998504 -0.0544584 0.429662 
1535159802518 0.211773 0.91531 -0.342578 -0.612936 -0.93802 0.288762 0.191662 -0.238653 0.274353 0.280757 0.919731 0.389481 0.181099 -0.0535351 0.982007 0.382027 -0.983462 -0.00744992 0.180962 -0.493758 -0.00237194 -0.998538 -0.053999 0.429567 
1535159802636 0.21184 0.915353 -0.342423 -0.612614 -0.937946 0.288852 0.191888 -0.238542 0.274555 0.280525 0.919742 0.389588 0.181198 -0.0526414 0.982037 0.382022 -0.983447 -0.0097654 0.180934 -0.493875 6.53545e-05 -0.998566 -0.0535395 0.429472 
1535159802857 0.211906 0.915396 -0.342267 -0.612293 -0.937872 0.288941 0.192116 -0.238433 0.274757 0.280292 0.919753 0.389696 0.181293 -0.0517474 0.982067 0.382018 -0.983426 -0.0120808 0.180908 -0.493991 0.00250268 -0.998587 -0.0530799 0.429377 
1535159802898 0.211972 0.915439 -0.342111 -0.611972 -0.937798 0.289031 0.192343 -0.238323 0.274958 0.28006 0.919763 0.389803 0.181387 -0.0508532 0.982096 0.382014 -0.983399 -0.0143962 0.180882 -0.494108 0.00494003 -0.998602 -0.0526203 0.429281 
1535159803109 0.212039 0.915481 -0.341955 -0.611649 -0.937724 0.28912 0.192569 -0.238213 0.27516 0.279827 0.919774 0.389911 0.181478 -0.0499587 0.982125 0.38201 -0.983367 -0.0167116 0.180858 -0.494225 0.00737741 -0.998611 -0.0521606 0.429186 
1535159803462 0.212163 0.915376 -0.342159 -0.611892 -0.937723 0.289251 0.192376 -0.238353 0.275067 0.280035 0.919738 0.389807 0.181267 -0.0503646 0.982143 0.381971 -0.983415 -0.0155195 0.180706 -0.494228 0.00614125 -0.99861 -0.0523424 0.429163 
1535159803470 0.212311 0.915363 -0.342103 -0.611566 -0.937653 0.289415 0.192473 -0.238224 0.275193 0.27991 0.919739 0.389905 0.1807 -0.050082 0.982262 0.381959 -0.983525 -0.0144511 0.180196 -0.494298 0.00517021 -0.998641 -0.0518682 0.429077 
1535159803477 0.212459 0.915349 -0.342047 -0.611235 -0.937582 0.289579 0.19257 -0.238093 0.275318 0.279784 0.919739 0.390004 0.180138 -0.0497731 0.982381 0.381945 -0.983632 -0.013458 0.179685 -0.49437 0.00427737 -0.99867 -0.0513827 0.428981 
1535159803667 0.212608 0.915336 -0.341992 -0.610905 -0.937512 0.289743 0.192666 -0.237962 0.275444 0.279659 0.91974 0.390103 0.179576 -0.0494636 0.9825 0.381931 -0.983738 -0.0124651 0.179175 -0.494443 0.00338429 -0.998698 -0.0508976 0.428886 
