1534185928525 0.360953 0.904417 -0.227469 -0.51167 -0.920465 0.384696 0.0689375 -0.194405 0.149855 0.184494 0.971342 0.339705 0.16008 -0.304787 0.938871 0.370831 -0.775623 0.549475 0.310623 -0.528794 -0.61056 -0.777934 -0.14844 0.432481 
1534185928535 0.345769 0.907698 -0.237754 -0.52133 -0.924359 0.373055 0.079942 -0.196447 0.161259 0.192128 0.96803 0.344261 0.316231 -0.384871 0.867106 0.40083 -0.930001 -0.306257 0.203234 -0.504368 0.187338 -0.870678 -0.454779 0.485897 
1534185929619 0.330428 0.910713 -0.247829 -0.530898 -0.927941 0.361446 0.0910115 -0.198404 0.172462 0.199898 0.964519 0.348658 0.316231 -0.384871 0.867106 0.40083 -0.930001 -0.306257 0.203234 -0.504368 0.187338 -0.870678 -0.454779 0.485897 
1534185930228 0.31491 0.913467 -0.257702 -0.540452 -0.931212 0.349858 0.102191 -0.200353 0.183508 0.207794 0.960805 0.353043 0.316231 -0.384871 0.867106 0.40083 -0.930001 -0.306257 0.203234 -0.504368 0.187338 -0.870678 -0.454779 0.485897 
1534185930842 0.299215 0.915961 -0.26737 -0.550016 -0.934173 0.338292 0.11349 -0.202311 0.194401 0.215812 0.956887 0.357449 0.316231 -0.384871 0.867106 0.40083 -0.930001 -0.306257 0.203234 -0.504368 0.187338 -0.870678 -0.454779 0.485897 
1534185931453 0.283346 0.918195 -0.276827 -0.5596 -0.93682 0.326752 0.124906 -0.204287 0.205142 0.223945 0.952767 0.361885 0.316231 -0.384871 0.867106 0.40083 -0.930001 -0.306257 0.203234 -0.504368 0.187338 -0.870678 -0.454779 0.485897 
1534185932031 0.267317 0.920166 -0.286069 -0.569184 -0.939153 0.315246 0.136425 -0.206262 0.215716 0.232194 0.948448 0.366322 0.316231 -0.384871 0.867106 0.40083 -0.930001 -0.306257 0.203234 -0.504368 0.187338 -0.870678 -0.454779 0.485897 
1534185932618 0.251134 0.921874 -0.295092 -0.578767 -0.941171 0.303778 0.148041 -0.208237 0.226118 0.240554 0.94393 0.370758 0.316231 -0.384871 0.867106 0.40083 -0.930001 -0.306257 0.203234 -0.504368 0.187338 -0.870678 -0.454779 0.485897 
1534185932624 0.234803 0.923318 -0.303893 -0.588348 -0.942873 0.292354 0.159749 -0.210211 0.236344 0.249022 0.939217 0.375195 0.316231 -0.384871 0.867106 0.40083 -0.930001 -0.306257 0.203234 -0.504368 0.187338 -0.870678 -0.454779 0.485897 
1534185933458 0.218435 0.924409 -0.312656 -0.597035 -0.94424 0.281105 0.171438 -0.211735 0.246368 0.257774 0.934267 0.379838 0.316442 -0.385045 0.866951 0.401525 -0.929984 -0.306148 0.203478 -0.505625 0.187068 -0.87064 -0.454964 0.486487 
1534185934046 0.219291 0.92442 -0.312023 -0.596638 -0.944165 0.281668 0.170926 -0.211811 0.245894 0.257119 0.934573 0.379647 0.316442 -0.385045 0.866951 0.401525 -0.929984 -0.306148 0.203478 -0.505625 0.187068 -0.87064 -0.454964 0.486487 
1534185934058 0.217543 0.924533 -0.312913 -0.597727 -0.944296 0.280466 0.172172 -0.212047 0.24694 0.258028 0.934046 0.380089 0.316221 -0.384863 0.867113 0.400797 -0.930002 -0.306262 0.203223 -0.504308 0.187351 -0.87068 -0.45477 0.485869 
1534185934263 0.215793 0.924642 -0.3138 -0.598817 -0.944424 0.279264 0.17342 -0.212283 0.247984 0.258938 0.933518 0.38053 0.316221 -0.384863 0.867113 0.400797 -0.930002 -0.306262 0.203223 -0.504308 0.187351 -0.87068 -0.45477 0.485869 
1534185934269 0.214041 0.924749 -0.314684 -0.599908 -0.944549 0.278062 0.174668 -0.21252 0.249026 0.259849 0.932987 0.380972 0.31622 -0.384863 0.867113 0.400797 -0.930002 -0.306262 0.203222 -0.504307 0.187351 -0.87068 -0.45477 0.485868 
1534185934568 0.212288 0.924852 -0.315566 -0.600998 -0.94467 0.276861 0.175917 -0.212756 0.250066 0.260761 0.932454 0.381413 0.31622 -0.384863 0.867113 0.400797 -0.930002 -0.306262 0.203222 -0.504307 0.187351 -0.87068 -0.45477 0.485868 
1534185934785 0.210533 0.924953 -0.316445 -0.602089 -0.944787 0.27566 0.177168 -0.212993 0.251103 0.261674 0.93192 0.381855 0.316221 -0.384863 0.867113 0.400796 -0.930002 -0.306262 0.203223 -0.504306 0.187351 -0.87068 -0.45477 0.485868 
1534185935000 0.208777 0.925051 -0.317322 -0.603181 -0.944901 0.27446 0.178419 -0.21323 0.252139 0.262588 0.931383 0.382296 0.31622 -0.384863 0.867113 0.400796 -0.930002 -0.306262 0.203222 -0.504306 0.187351 -0.87068 -0.454769 0.485868 
1534185935221 0.207019 0.925146 -0.318196 -0.604272 -0.945012 0.273261 0.179671 -0.213466 0.253172 0.263503 0.930844 0.382737 0.31622 -0.384863 0.867113 0.400796 -0.930002 -0.306262 0.203222 -0.504306 0.187351 -0.87068 -0.454769 0.485868 
1534185935433 0.20526 0.925238 -0.319067 -0.605364 -0.945118 0.272062 0.180924 -0.213704 0.254204 0.264419 0.930303 0.383178 0.31622 -0.384863 0.867113 0.400796 -0.930002 -0.306262 0.203222 -0.504305 0.187351 -0.87068 -0.45477 0.485867 
1534185935650 0.203499 0.925327 -0.319936 -0.606454 -0.945222 0.270864 0.182178 -0.21394 0.255233 0.265337 0.929759 0.38362 0.31622 -0.384863 0.867113 0.400796 -0.930002 -0.306262 0.203222 -0.504305 0.187351 -0.87068 -0.45477 0.485867 
1534185935875 0.204167 0.92526 -0.319702 -0.606134 -0.945196 0.271323 0.181626 -0.213988 0.254794 0.265099 0.929948 0.383429 0.31622 -0.384863 0.867113 0.400796 -0.930002 -0.306262 0.203222 -0.504305 0.187351 -0.87068 -0.45477 0.485867 
1534185935886 0.204157 0.925111 -0.320139 -0.606104 -0.945277 0.271318 0.181216 -0.213912 0.254504 0.265623 0.929877 0.383371 0.31622 -0.384863 0.867113 0.400795 -0.930002 -0.306262 0.203222 -0.504304 0.187351 -0.87068 -0.454769 0.485867 
1534185936008 0.204035 0.92494 -0.32071 -0.606198 -0.945348 0.271268 0.18092 -0.213949 0.254338 0.266269 0.929738 0.383365 0.31622 -0.384863 0.867113 0.400795 -0.930002 -0.306262 0.203222 -0.504304 0.187351 -0.87068 -0.454769 0.485867 
1534185936024 0.203913 0.924769 -0.321282 -0.606291 -0.945419 0.271218 0.180623 -0.213986 0.254172 0.266915 0.929598 0.383359 0.31622 -0.384863 0.867113 0.400795 -0.930002 -0.306262 0.203222 -0.504304 0.187351 -0.87068 -0.454769 0.485867 
1534185936031 0.203791 0.924597 -0.321854 -0.606383 -0.945489 0.271168 0.180327 -0.214022 0.254006 0.267561 0.929458 0.383353 0.31622 -0.384863 0.867113 0.400795 -0.930002 -0.306262 0.203222 -0.504304 0.187351 -0.87068 -0.454769 0.485867 
1534185936149 0.203669 0.924425 -0.322425 -0.606477 -0.94556 0.271117 0.180031 -0.214059 0.25384 0.268206 0.929317 0.383347 0.31622 -0.384863 0.867113 0.400795 -0.930002 -0.306262 0.203222 -0.504304 0.187351 -0.87068 -0.454769 0.485867 
1534185936183 0.203547 0.924252 -0.322997 -0.60657 -0.945631 0.271067 0.179735 -0.214096 0.253674 0.268851 0.929176 0.383341 0.31622 -0.384863 0.867113 0.400795 -0.930002 -0.306262 0.203222 -0.504304 0.187351 -0.87068 -0.454769 0.485867 
1534185936189 0.203425 0.924079 -0.323568 -0.606662 -0.945702 0.271016 0.179438 -0.214132 0.253508 0.269497 0.929035 0.383335 0.31622 -0.384863 0.867113 0.400795 -0.930002 -0.306262 0.203222 -0.504304 0.187351 -0.87068 -0.454769 0.485867 
1534185936290 0.203304 0.923905 -0.324139 -0.606755 -0.945773 0.270965 0.179142 -0.214169 0.253341 0.270142 0.928893 0.383329 0.31622 -0.384863 0.867113 0.400795 -0.930002 -0.306262 0.203222 -0.504304 0.187351 -0.87068 -0.454769 0.485867 
1534185936321 0.203182 0.923732 -0.32471 -0.606848 -0.945843 0.270914 0.178846 -0.214206 0.253175 0.270787 0.92875 0.383323 0.31622 -0.384863 0.867113 0.400795 -0.930002 -0.306262 0.203222 -0.504304 0.187351 -0.87068 -0.454769 0.485867 
1534185936404 0.203359 0.924055 -0.323678 -0.606701 -0.945746 0.270943 0.179315 -0.214085 0.253396 0.269652 0.92902 0.38332 0.31622 -0.384863 0.867113 0.400795 -0.930002 -0.306262 0.203222 -0.504304 0.187351 -0.87068 -0.454769 0.485867 
1534185936417 0.20324 0.924244 -0.323213 -0.606723 -0.94582 0.270689 0.179309 -0.214146 0.253216 0.269258 0.929183 0.383269 0.31622 -0.384863 0.867113 0.400795 -0.930002 -0.306262 0.203222 -0.504304 0.187351 -0.87068 -0.454769 0.485867 
1534185936553 0.203119 0.924434 -0.322746 -0.60675 -0.945894 0.270434 0.179304 -0.214209 0.253036 0.268864 0.929347 0.383217 0.31622 -0.384863 0.867113 0.400795 -0.930002 -0.306262 0.203222 -0.504304 0.187351 -0.87068 -0.454769 0.485867 
1534185936583 0.202997 0.924623 -0.32228 -0.606776 -0.945968 0.270178 0.179298 -0.214273 0.252856 0.268469 0.92951 0.383165 0.31622 -0.384863 0.867113 0.400795 -0.930002 -0.306262 0.203222 -0.504304 0.187351 -0.87068 -0.454769 0.485867 
1534185936677 0.202876 0.924812 -0.321813 -0.606802 -0.946042 0.269923 0.179292 -0.214336 0.252676 0.268074 0.929672 0.383113 0.31622 -0.384863 0.867113 0.400795 -0.930002 -0.306262 0.203222 -0.504304 0.187351 -0.87068 -0.454769 0.485867 
1534185936722 0.202755 0.925001 -0.321346 -0.606828 -0.946116 0.269667 0.179286 -0.214399 0.252496 0.26768 0.929835 0.383061 0.31622 -0.384863 0.867113 0.400795 -0.930002 -0.306262 0.203222 -0.504304 0.187351 -0.87068 -0.454769 0.485867 
1534185936793 0.202633 0.92519 -0.320879 -0.606855 -0.94619 0.269412 0.17928 -0.214462 0.252317 0.267285 0.929997 0.383009 0.31622 -0.384863 0.867113 0.400795 -0.930002 -0.306262 0.203222 -0.504304 0.187351 -0.87068 -0.454769 0.485867 
1534185936847 0.202512 0.925378 -0.320412 -0.60688 -0.946264 0.269156 0.179274 -0.214525 0.252137 0.26689 0.93016 0.382957 0.31622 -0.384863 0.867113 0.400795 -0.930002 -0.306262 0.203222 -0.504304 0.187351 -0.87068 -0.454769 0.485867 
1534185936906 0.20239 0.925566 -0.319945 -0.606908 -0.946338 0.268901 0.179268 -0.214589 0.251958 0.266494 0.930322 0.382905 0.31622 -0.384863 0.867113 0.400795 -0.930002 -0.306262 0.203222 -0.504304 0.187351 -0.87068 -0.454769 0.485867 
1534185936975 0.202268 0.925754 -0.319478 -0.606933 -0.946412 0.268645 0.179261 -0.214652 0.251778 0.266099 0.930483 0.382853 0.31622 -0.384863 0.867113 0.400795 -0.930002 -0.306262 0.203222 -0.504304 0.187351 -0.87068 -0.454769 0.485867 
1534185937029 0.202342 0.92554 -0.320052 -0.606854 -0.946345 0.268878 0.179261 -0.214523 0.251968 0.266607 0.930286 0.383019 0.31622 -0.384863 0.867113 0.400795 -0.930002 -0.306262 0.203222 -0.504304 0.187351 -0.87068 -0.454769 0.485867 
1534185937041 0.201834 0.925639 -0.320085 -0.606799 -0.946354 0.268513 0.179762 -0.2147 0.252342 0.266632 0.930178 0.383044 0.31622 -0.384863 0.867113 0.400795 -0.930002 -0.306262 0.203222 -0.504304 0.187351 -0.87068 -0.45477 0.485867 
1534185937057 0.201326 0.925739 -0.320117 -0.606748 -0.946363 0.268146 0.180263 -0.21488 0.252715 0.266656 0.93007 0.383068 0.31622 -0.384863 0.867113 0.400795 -0.930002 -0.306262 0.203222 -0.504304 0.187351 -0.87068 -0.45477 0.485867 
1534185937160 0.200818 0.925838 -0.320149 -0.606697 -0.946371 0.267779 0.180764 -0.215059 0.253087 0.266679 0.929962 0.383092 0.31622 -0.384863 0.867113 0.400795 -0.930002 -0.306262 0.203222 -0.504304 0.187351 -0.87068 -0.45477 0.485867 
1534185937236 0.200309 0.925938 -0.320181 -0.606647 -0.946379 0.267411 0.181265 -0.215239 0.25346 0.266703 0.929853 0.383115 0.31622 -0.384863 0.867113 0.400795 -0.930002 -0.306262 0.203222 -0.504304 0.187351 -0.87068 -0.45477 0.485867 
1534185937329 0.199801 0.926037 -0.320212 -0.606598 -0.946387 0.267044 0.181766 -0.215419 0.253833 0.266727 0.929745 0.383139 0.31622 -0.384863 0.867113 0.400795 -0.930002 -0.306262 0.203222 -0.504304 0.187351 -0.87068 -0.45477 0.485867 
1534185937399 0.199292 0.926135 -0.320243 -0.606546 -0.946394 0.266677 0.182267 -0.215599 0.254206 0.266752 0.929636 0.383163 0.31622 -0.384863 0.867113 0.400795 -0.930002 -0.306262 0.203222 -0.504304 0.187351 -0.87068 -0.45477 0.485867 
1534185937496 0.198784 0.926234 -0.320274 -0.606497 -0.946401 0.26631 0.182768 -0.215779 0.254578 0.266776 0.929527 0.383187 0.31622 -0.384863 0.867113 0.400795 -0.930002 -0.306262 0.203222 -0.504304 0.187351 -0.87068 -0.45477 0.485867 
1534185937573 0.198275 0.926333 -0.320304 -0.606446 -0.946407 0.265942 0.183269 -0.215958 0.254951 0.2668 0.929418 0.38321 0.31622 -0.384863 0.867113 0.400795 -0.930002 -0.306262 0.203222 -0.504304 0.187351 -0.87068 -0.45477 0.485867 
1534185937671 0.197766 0.926431 -0.320334 -0.606396 -0.946413 0.265575 0.183771 -0.216138 0.255323 0.266825 0.929309 0.383234 0.31622 -0.384863 0.867113 0.400795 -0.930002 -0.306262 0.203222 -0.504304 0.187351 -0.87068 -0.45477 0.485867 
1534185937761 0.198379 0.92632 -0.320277 -0.606414 -0.946406 0.266014 0.183175 -0.216017 0.254877 0.266774 0.929446 0.383183 0.31622 -0.384863 0.867113 0.400795 -0.930002 -0.306262 0.203222 -0.504304 0.187351 -0.87068 -0.45477 0.485867 
1534185937775 0.197923 0.926271 -0.320699 -0.606286 -0.946455 0.265717 0.183351 -0.216246 0.255048 0.267238 0.929266 0.383199 0.31622 -0.384863 0.867113 0.400795 -0.930002 -0.306262 0.203222 -0.504304 0.187351 -0.87068 -0.45477 0.485867 
1534185937792 0.197467 0.926222 -0.321121 -0.606152 -0.946504 0.26542 0.183527 -0.216474 0.255219 0.267702 0.929085 0.383215 0.31622 -0.384863 0.867113 0.400795 -0.930002 -0.306262 0.203222 -0.504304 0.187351 -0.87068 -0.45477 0.485867 
1534185937892 0.197011 0.926173 -0.321544 -0.606018 -0.946553 0.265124 0.183704 -0.216702 0.25539 0.268167 0.928904 0.383231 0.31622 -0.384863 0.867113 0.400795 -0.930002 -0.306262 0.203222 -0.504304 0.187351 -0.87068 -0.45477 0.485867 
1534185937945 0.196555 0.926123 -0.321966 -0.605884 -0.946602 0.264827 0.18388 -0.21693 0.255561 0.268631 0.928723 0.383247 0.31622 -0.384863 0.867113 0.400795 -0.930002 -0.306262 0.203222 -0.504304 0.187351 -0.87068 -0.45477 0.485867 
1534185938020 0.196099 0.926073 -0.322388 -0.60575 -0.94665 0.264531 0.184056 -0.217157 0.255731 0.269096 0.928541 0.383264 0.31622 -0.384863 0.867113 0.400795 -0.930002 -0.306262 0.203222 -0.504304 0.187351 -0.87068 -0.45477 0.485867 
1534185938075 0.195643 0.926022 -0.32281 -0.605617 -0.946699 0.264234 0.184232 -0.217385 0.255901 0.26956 0.92836 0.38328 0.31622 -0.384863 0.867113 0.400795 -0.930002 -0.306262 0.203222 -0.504304 0.187351 -0.87068 -0.45477 0.485867 
1534185938147 0.195187 0.925971 -0.323232 -0.605482 -0.946747 0.263938 0.184409 -0.217612 0.256071 0.270025 0.928178 0.383296 0.31622 -0.384863 0.867113 0.400795 -0.930002 -0.306262 0.203222 -0.504304 0.187351 -0.87068 -0.45477 0.485867 
1534185938210 0.19473 0.92592 -0.323654 -0.605349 -0.946795 0.263642 0.184586 -0.21784 0.25624 0.270489 0.927996 0.383312 0.31622 -0.384863 0.867113 0.400795 -0.930002 -0.306262 0.203222 -0.504304 0.187351 -0.87068 -0.45477 0.485867 
1534185938288 0.194274 0.925869 -0.324075 -0.605216 -0.946843 0.263346 0.184762 -0.218068 0.25641 0.270954 0.927814 0.383329 0.31622 -0.384863 0.867113 0.400795 -0.930002 -0.306262 0.203222 -0.504304 0.187351 -0.87068 -0.45477 0.485867 
1534185938353 0.194922 0.925923 -0.32353 -0.605392 -0.946735 0.26382 0.184642 -0.217773 0.256318 0.270307 0.928028 0.383294 0.31622 -0.384863 0.867113 0.400795 -0.930002 -0.306262 0.203222 -0.504304 0.187351 -0.87068 -0.45477 0.485867 
1534185938364 0.194581 0.925958 -0.323637 -0.605104 -0.946711 0.26362 0.185049 -0.217916 0.256665 0.270384 0.927909 0.383258 0.31622 -0.384863 0.867113 0.400795 -0.930002 -0.306262 0.203222 -0.504304 0.187351 -0.87068 -0.45477 0.485867 
1534185938380 0.19424 0.925991 -0.323745 -0.604811 -0.946687 0.263421 0.185457 -0.218057 0.257013 0.270462 0.92779 0.383222 0.31622 -0.384863 0.867113 0.400795 -0.930002 -0.306262 0.203222 -0.504304 0.187351 -0.87068 -0.45477 0.485867 
1534185938467 0.193899 0.926025 -0.323852 -0.604518 -0.946662 0.263222 0.185865 -0.218198 0.25736 0.27054 0.927671 0.383187 0.31622 -0.384863 0.867113 0.400795 -0.930002 -0.306262 0.203222 -0.504304 0.187351 -0.87068 -0.45477 0.485867 
1534185938543 0.193559 0.926059 -0.32396 -0.604225 -0.946637 0.263023 0.186272 -0.218339 0.257708 0.270618 0.927552 0.383151 0.31622 -0.384863 0.867113 0.400795 -0.930002 -0.306262 0.203222 -0.504304 0.187351 -0.87068 -0.45477 0.485867 
1534185938635 0.193218 0.926092 -0.324067 -0.603932 -0.946612 0.262824 0.18668 -0.21848 0.258055 0.270696 0.927433 0.383116 0.31622 -0.384863 0.867113 0.400795 -0.930002 -0.306262 0.203222 -0.504304 0.187351 -0.87068 -0.45477 0.485867 
1534185938704 0.192877 0.926126 -0.324174 -0.603639 -0.946587 0.262625 0.187087 -0.218621 0.258402 0.270774 0.927313 0.383081 0.31622 -0.384863 0.867113 0.400795 -0.930002 -0.306262 0.203222 -0.504304 0.187351 -0.87068 -0.45477 0.485867 
1534185938799 0.192536 0.92616 -0.324281 -0.603346 -0.946561 0.262426 0.187495 -0.218761 0.25875 0.270853 0.927193 0.383045 0.31622 -0.384863 0.867113 0.400795 -0.930002 -0.306262 0.203222 -0.504304 0.187351 -0.87068 -0.45477 0.485867 
1534185938864 0.192195 0.926193 -0.324388 -0.603053 -0.946536 0.262227 0.187902 -0.218903 0.259097 0.270931 0.927073 0.38301 0.31622 -0.384863 0.867113 0.400795 -0.930002 -0.306262 0.203222 -0.504304 0.187351 -0.87068 -0.45477 0.485867 
1534185938960 0.191854 0.926226 -0.324495 -0.602761 -0.94651 0.262028 0.18831 -0.219044 0.259444 0.271009 0.926953 0.382974 0.31622 -0.384863 0.867113 0.400795 -0.930002 -0.306262 0.203222 -0.504304 0.187351 -0.87068 -0.45477 0.485867 
1534185939049 0.192219 0.926209 -0.324328 -0.603066 -0.946533 0.262235 0.187903 -0.218841 0.259088 0.270869 0.927094 0.383018 0.31622 -0.384863 0.867113 0.400795 -0.930002 -0.306262 0.203222 -0.504304 0.187351 -0.87068 -0.45477 0.485867 
1534185939061 0.191779 0.926241 -0.324497 -0.60279 -0.946598 0.261882 0.188071 -0.218902 0.259179 0.2711 0.927001 0.383016 0.31622 -0.384863 0.867113 0.400795 -0.930002 -0.306262 0.203222 -0.504304 0.187351 -0.87068 -0.45477 0.485867 
1534185939077 0.19134 0.926272 -0.324667 -0.60251 -0.946662 0.261531 0.188237 -0.21896 0.259269 0.271332 0.926908 0.383014 0.31622 -0.384863 0.867113 0.400795 -0.930002 -0.306262 0.203222 -0.504304 0.187351 -0.87068 -0.45477 0.485867 
1534185939153 0.190901 0.926303 -0.324836 -0.60223 -0.946726 0.261179 0.188402 -0.219018 0.259358 0.271565 0.926815 0.383012 0.31622 -0.384863 0.867113 0.400795 -0.930002 -0.306262 0.203222 -0.504304 0.187351 -0.87068 -0.45477 0.485867 
1534185939247 0.190462 0.926334 -0.325006 -0.601949 -0.94679 0.260827 0.188568 -0.219076 0.259448 0.271797 0.926722 0.383011 0.31622 -0.384863 0.867113 0.400795 -0.930002 -0.306262 0.203222 -0.504304 0.187351 -0.87068 -0.45477 0.485867 
1534185939305 0.190023 0.926365 -0.325176 -0.601669 -0.946854 0.260476 0.188734 -0.219134 0.259537 0.27203 0.926628 0.38301 0.31622 -0.384863 0.867113 0.400795 -0.930002 -0.306262 0.203222 -0.504304 0.187351 -0.87068 -0.45477 0.485867 
1534185939407 0.189584 0.926396 -0.325345 -0.601389 -0.946917 0.260124 0.1889 -0.219193 0.259626 0.272262 0.926535 0.383008 0.31622 -0.384863 0.867113 0.400795 -0.930002 -0.306262 0.203222 -0.504304 0.187351 -0.87068 -0.45477 0.485867 
1534185939465 0.189144 0.926426 -0.325514 -0.60111 -0.946981 0.259772 0.189067 -0.219252 0.259716 0.272495 0.926442 0.383006 0.31622 -0.384863 0.867113 0.400795 -0.930002 -0.306262 0.203222 -0.504304 0.187351 -0.87068 -0.45477 0.485867 
1534185939567 0.188705 0.926456 -0.325684 -0.600828 -0.947044 0.259421 0.189233 -0.21931 0.259805 0.272728 0.926348 0.383005 0.31622 -0.384863 0.867113 0.400795 -0.930002 -0.306262 0.203222 -0.504304 0.187351 -0.87068 -0.45477 0.485867 
1534185939620 0.188266 0.926486 -0.325853 -0.600549 -0.947107 0.259069 0.189399 -0.219368 0.259894 0.27296 0.926255 0.383003 0.31622 -0.384863 0.867113 0.400795 -0.930002 -0.306262 0.203222 -0.504304 0.187351 -0.87068 -0.45477 0.485867 
1534185939734 0.188646 0.926505 -0.325578 -0.600855 -0.947055 0.259345 0.189281 -0.219253 0.259807 0.272633 0.926376 0.383075 0.31622 -0.384863 0.867113 0.400795 -0.930002 -0.306262 0.203222 -0.504304 0.187351 -0.87068 -0.45477 0.485867 
1534185939744 0.188425 0.926628 -0.325357 -0.600662 -0.947092 0.259099 0.18943 -0.219278 0.259831 0.27245 0.926423 0.383045 0.31622 -0.384863 0.867113 0.400795 -0.930002 -0.306262 0.203222 -0.504304 0.187351 -0.87068 -0.45477 0.485867 
1534185939761 0.188204 0.92675 -0.325136 -0.600466 -0.947129 0.258854 0.18958 -0.219303 0.259856 0.272266 0.92647 0.383015 0.31622 -0.384863 0.867113 0.400795 -0.930002 -0.306262 0.203222 -0.504304 0.187351 -0.87068 -0.45477 0.485867 
1534185939778 0.187983 0.926872 -0.324915 -0.600269 -0.947166 0.258609 0.189729 -0.219326 0.259881 0.272083 0.926517 0.382986 0.31622 -0.384863 0.867113 0.400795 -0.930002 -0.306262 0.203222 -0.504304 0.187351 -0.87068 -0.45477 0.485867 
1534185939794 0.187762 0.926995 -0.324694 -0.600071 -0.947203 0.258364 0.189879 -0.21935 0.259906 0.2719 0.926563 0.382956 0.31622 -0.384863 0.867113 0.400795 -0.930002 -0.306262 0.203222 -0.504304 0.187351 -0.87068 -0.45477 0.485867 
1534185939910 0.187541 0.927117 -0.324474 -0.599874 -0.94724 0.258118 0.190028 -0.219373 0.259931 0.271717 0.92661 0.382927 0.31622 -0.384863 0.867113 0.400795 -0.930002 -0.306262 0.203222 -0.504304 0.187351 -0.87068 -0.45477 0.485867 
1534185939948 0.18732 0.927239 -0.324253 -0.599677 -0.947277 0.257873 0.190177 -0.219397 0.259956 0.271533 0.926657 0.382898 0.31622 -0.384863 0.867113 0.400795 -0.930002 -0.306262 0.203222 -0.504304 0.187351 -0.87068 -0.45477 0.485867 
1534185939955 0.187099 0.92736 -0.324032 -0.599479 -0.947314 0.257628 0.190326 -0.21942 0.259981 0.27135 0.926703 0.382868 0.31622 -0.384863 0.867113 0.400795 -0.930002 -0.306262 0.203222 -0.504304 0.187351 -0.87068 -0.45477 0.485867 
1534185940051 0.186878 0.927482 -0.323811 -0.599283 -0.947351 0.257382 0.190476 -0.219444 0.260006 0.271167 0.92675 0.382839 0.31622 -0.384863 0.867113 0.400795 -0.930002 -0.306262 0.203222 -0.504304 0.187351 -0.87068 -0.45477 0.485867 
1534185940081 0.186657 0.927604 -0.32359 -0.599086 -0.947387 0.257137 0.190625 -0.219468 0.260031 0.270983 0.926797 0.382809 0.31622 -0.384863 0.867113 0.400795 -0.930002 -0.306262 0.203222 -0.504304 0.187351 -0.87068 -0.45477 0.485867 
1534185940136 0.187062 0.927402 -0.323934 -0.599488 -0.947342 0.257551 0.190292 -0.219357 0.259907 0.27128 0.926745 0.382908 0.31622 -0.384863 0.867113 0.400795 -0.930002 -0.306262 0.203222 -0.504304 0.187351 -0.87068 -0.45477 0.485867 
1534185940148 0.18699 0.927459 -0.323813 -0.599326 -0.947408 0.257405 0.190161 -0.219357 0.259718 0.271224 0.926814 0.382877 0.31622 -0.384863 0.867113 0.400795 -0.930002 -0.306262 0.203222 -0.504304 0.187351 -0.87068 -0.45477 0.485867 
1534185940165 0.186918 0.927516 -0.323692 -0.599162 -0.947474 0.257258 0.190031 -0.219355 0.259529 0.27117 0.926883 0.382846 0.31622 -0.384863 0.867113 0.400795 -0.930002 -0.306262 0.203222 -0.504304 0.187351 -0.87068 -0.45477 0.485867 
1534185940182 0.186846 0.927572 -0.323573 -0.598995 -0.94754 0.257112 0.1899 -0.219353 0.25934 0.271116 0.926951 0.382816 0.31622 -0.384863 0.867113 0.400795 -0.930002 -0.306262 0.203222 -0.504304 0.187351 -0.87068 -0.45477 0.485867 
1534185940206 0.186773 0.927628 -0.323452 -0.59883 -0.947606 0.256966 0.189769 -0.219351 0.259151 0.271061 0.92702 0.382785 0.31622 -0.384863 0.867113 0.400795 -0.930002 -0.306262 0.203222 -0.504304 0.187351 -0.87068 -0.45477 0.485867 
1534185940279 0.186701 0.927685 -0.323333 -0.598664 -0.947671 0.25682 0.189638 -0.219349 0.258963 0.271007 0.927089 0.382755 0.31622 -0.384863 0.867113 0.400795 -0.930002 -0.306262 0.203222 -0.504304 0.187351 -0.87068 -0.45477 0.485867 
1534185940331 0.186629 0.927741 -0.323212 -0.598499 -0.947737 0.256673 0.189507 -0.219347 0.258774 0.270953 0.927157 0.382724 0.31622 -0.384863 0.867113 0.400795 -0.930002 -0.306262 0.203222 -0.504304 0.187351 -0.87068 -0.45477 0.485867 
1534185940379 0.186557 0.927797 -0.323093 -0.598332 -0.947803 0.256527 0.189376 -0.219344 0.258585 0.270899 0.927226 0.382694 0.31622 -0.384863 0.867113 0.400795 -0.930002 -0.306262 0.203222 -0.504304 0.187351 -0.87068 -0.45477 0.485867 
1534185940386 0.186484 0.927854 -0.322973 -0.598167 -0.947869 0.256381 0.189246 -0.219343 0.258396 0.270844 0.927294 0.382663 0.31622 -0.384863 0.867113 0.400795 -0.930002 -0.306262 0.203222 -0.504304 0.187351 -0.87068 -0.45477 0.485867 
1534185940476 0.186412 0.92791 -0.322853 -0.598 -0.947934 0.256234 0.189115 -0.21934 0.258207 0.27079 0.927363 0.382633 0.31622 -0.384863 0.867113 0.400795 -0.930002 -0.306262 0.203222 -0.504304 0.187351 -0.87068 -0.45477 0.485867 
1534185940525 0.186471 0.927803 -0.323126 -0.598346 -0.947809 0.256465 0.189431 -0.219305 0.258625 0.270938 0.927203 0.382703 0.31622 -0.384863 0.867113 0.400795 -0.930002 -0.306262 0.203222 -0.504304 0.187351 -0.87068 -0.45477 0.485867 
1534185940537 0.186287 0.927827 -0.323162 -0.598219 -0.947849 0.256296 0.18946 -0.219311 0.258611 0.271015 0.927185 0.382663 0.31622 -0.384863 0.867113 0.400795 -0.930002 -0.306262 0.203222 -0.504304 0.187351 -0.87068 -0.45477 0.485867 
1534185940553 0.186103 0.927851 -0.323199 -0.598087 -0.947888 0.256127 0.18949 -0.219316 0.258598 0.271092 0.927166 0.382624 0.31622 -0.384863 0.867113 0.400795 -0.930002 -0.306262 0.203222 -0.504304 0.187351 -0.87068 -0.45477 0.485867 
1534185940570 0.185919 0.927876 -0.323236 -0.597956 -0.947928 0.255958 0.18952 -0.21932 0.258586 0.271169 0.927147 0.382584 0.31622 -0.384863 0.867113 0.400795 -0.930002 -0.306262 0.203222 -0.504304 0.187351 -0.87068 -0.45477 0.485867 
1534185940586 0.185734 0.9279 -0.323272 -0.597824 -0.947968 0.255789 0.18955 -0.219325 0.258573 0.271246 0.927128 0.382545 0.31622 -0.384863 0.867113 0.400795 -0.930002 -0.306262 0.203222 -0.504304 0.187351 -0.87068 -0.45477 0.485867 
1534185940603 0.18555 0.927924 -0.323309 -0.597693 -0.948007 0.25562 0.18958 -0.21933 0.25856 0.271323 0.927109 0.382505 0.31622 -0.384863 0.867113 0.400795 -0.930002 -0.306262 0.203222 -0.504304 0.187351 -0.87068 -0.45477 0.485867 
1534185940694 0.185366 0.927948 -0.323346 -0.597561 -0.948047 0.255451 0.18961 -0.219334 0.258547 0.2714 0.92709 0.382466 0.31622 -0.384863 0.867113 0.400795 -0.930002 -0.306262 0.203222 -0.504304 0.187351 -0.87068 -0.45477 0.485867 
1534185940701 0.185181 0.927972 -0.323382 -0.59743 -0.948087 0.255281 0.18964 -0.219338 0.258534 0.271477 0.927071 0.382427 0.31622 -0.384863 0.867113 0.400795 -0.930002 -0.306262 0.203222 -0.504304 0.187351 -0.87068 -0.45477 0.485867 
1534185940771 0.184997 0.927996 -0.323419 -0.597298 -0.948126 0.255113 0.189669 -0.219342 0.258521 0.271554 0.927052 0.382388 0.31622 -0.384863 0.867113 0.400795 -0.930002 -0.306262 0.203222 -0.504304 0.187351 -0.87068 -0.45477 0.485867 
1534185940801 0.184813 0.92802 -0.323456 -0.597167 -0.948166 0.254943 0.1897 -0.219347 0.258508 0.271631 0.927033 0.382348 0.31622 -0.384863 0.867113 0.400795 -0.930002 -0.306262 0.203222 -0.504304 0.187351 -0.87068 -0.45477 0.485867 
1534185940849 0.185055 0.92798 -0.323432 -0.597522 -0.948101 0.255184 0.189699 -0.219245 0.258572 0.271541 0.927042 0.382452 0.31622 -0.384863 0.867113 0.400795 -0.930002 -0.306262 0.203222 -0.504304 0.187351 -0.87068 -0.45477 0.485867 
1534185940861 0.184874 0.928003 -0.323468 -0.597409 -0.948064 0.255098 0.190001 -0.219269 0.258838 0.271542 0.926967 0.382405 0.31622 -0.384863 0.867113 0.400795 -0.930002 -0.306262 0.203222 -0.504304 0.187351 -0.87068 -0.45477 0.485867 
1534185940878 0.184693 0.928026 -0.323506 -0.59729 -0.948026 0.255013 0.190303 -0.219291 0.259104 0.271544 0.926892 0.382357 0.31622 -0.384863 0.867113 0.400795 -0.930002 -0.306262 0.203222 -0.504304 0.187351 -0.87068 -0.45477 0.485867 
1534185940895 0.184513 0.928049 -0.323544 -0.597172 -0.947988 0.254927 0.190605 -0.219313 0.259371 0.271547 0.926817 0.38231 0.31622 -0.384863 0.867113 0.400795 -0.930002 -0.306262 0.203222 -0.504304 0.187351 -0.87068 -0.45477 0.485867 
1534185940911 0.184332 0.928071 -0.323582 -0.597053 -0.94795 0.254842 0.190907 -0.219334 0.259637 0.271549 0.926741 0.382263 0.31622 -0.384863 0.867113 0.400795 -0.930002 -0.306262 0.203222 -0.504304 0.187351 -0.87068 -0.45477 0.485867 
1534185940928 0.184151 0.928094 -0.32362 -0.596934 -0.947913 0.254757 0.191209 -0.219356 0.259904 0.271552 0.926666 0.382216 0.31622 -0.384863 0.867113 0.400795 -0.930002 -0.306262 0.203222 -0.504304 0.187351 -0.87068 -0.45477 0.485867 
1534185940950 0.18397 0.928117 -0.323657 -0.596816 -0.947875 0.254671 0.191511 -0.219378 0.26017 0.271554 0.92659 0.382169 0.31622 -0.384863 0.867113 0.400795 -0.930002 -0.306262 0.203222 -0.504304 0.187351 -0.87068 -0.45477 0.485867 
1534185941061 0.18379 0.928139 -0.323695 -0.596697 -0.947836 0.254586 0.191812 -0.2194 0.260437 0.271557 0.926515 0.382122 0.31622 -0.384863 0.867113 0.400795 -0.930002 -0.306262 0.203222 -0.504304 0.187351 -0.87068 -0.45477 0.485867 
1534185941087 0.183609 0.928162 -0.323733 -0.596579 -0.947798 0.254501 0.192114 -0.219422 0.260703 0.271559 0.926439 0.382075 0.31622 -0.384863 0.867113 0.400795 -0.930002 -0.306262 0.203222 -0.504304 0.187351 -0.87068 -0.45477 0.485867 
1534185941117 0.183428 0.928185 -0.32377 -0.596461 -0.94776 0.254415 0.192416 -0.219444 0.26097 0.271562 0.926363 0.382028 0.31622 -0.384863 0.867113 0.400795 -0.930002 -0.306262 0.203222 -0.504304 0.187351 -0.87068 -0.45477 0.485867 
1534185941154 0.183806 0.928108 -0.323777 -0.596798 -0.947894 0.254555 0.19157 -0.219345 0.260217 0.271694 0.926536 0.38212 0.31622 -0.384863 0.867113 0.400795 -0.930002 -0.306262 0.203222 -0.504304 0.187351 -0.87068 -0.45477 0.485867 
1534185941170 0.183672 0.928177 -0.323654 -0.596723 -0.947935 0.254388 0.191589 -0.219353 0.260162 0.271614 0.926575 0.382068 0.31622 -0.384863 0.867113 0.400795 -0.930002 -0.306262 0.203222 -0.504304 0.187351 -0.87068 -0.45477 0.485867 
1534185941189 0.18353 0.928247 -0.323533 -0.596635 -0.947971 0.254222 0.191631 -0.219365 0.26013 0.27153 0.926609 0.382011 0.31622 -0.384863 0.867113 0.400795 -0.930002 -0.306262 0.203222 -0.504304 0.187351 -0.87068 -0.45477 0.485867 
1534185941204 0.183389 0.928317 -0.323413 -0.596546 -0.948007 0.254055 0.191673 -0.219377 0.260098 0.271447 0.926642 0.381955 0.31622 -0.384863 0.867113 0.400795 -0.930002 -0.306262 0.203222 -0.504304 0.187351 -0.87068 -0.45477 0.485867 
1534185941220 0.183248 0.928387 -0.323291 -0.596459 -0.948044 0.253888 0.191714 -0.219388 0.260065 0.271363 0.926676 0.381899 0.31622 -0.384863 0.867113 0.400795 -0.930002 -0.306262 0.203222 -0.504304 0.187351 -0.87068 -0.45477 0.485867 
1534185941237 0.183107 0.928457 -0.323171 -0.596369 -0.94808 0.253722 0.191755 -0.2194 0.260032 0.27128 0.926709 0.381843 0.31622 -0.384863 0.867113 0.400795 -0.930002 -0.306262 0.203222 -0.504304 0.187351 -0.87068 -0.45477 0.485867 
1534185941254 0.182966 0.928527 -0.32305 -0.596281 -0.948116 0.253555 0.191797 -0.219411 0.26 0.271197 0.926743 0.381786 0.31622 -0.384863 0.867113 0.400795 -0.930002 -0.306262 0.203222 -0.504304 0.187351 -0.87068 -0.45477 0.485867 
1534185941276 0.182825 0.928597 -0.32293 -0.596191 -0.948152 0.253389 0.191838 -0.219422 0.259967 0.271114 0.926776 0.38173 0.31622 -0.384863 0.867113 0.400795 -0.930002 -0.306262 0.203222 -0.504304 0.187351 -0.87068 -0.45477 0.485867 
1534185941306 0.182684 0.928666 -0.322809 -0.596103 -0.948188 0.253222 0.191879 -0.219434 0.259934 0.27103 0.92681 0.381674 0.31622 -0.384863 0.867113 0.400795 -0.930002 -0.306262 0.203222 -0.504304 0.187351 -0.87068 -0.45477 0.485867 
1534185941322 0.182543 0.928736 -0.322688 -0.596013 -0.948224 0.253056 0.191921 -0.219444 0.259902 0.270947 0.926843 0.381618 0.31622 -0.384863 0.867113 0.400795 -0.930002 -0.306262 0.203222 -0.504304 0.187351 -0.87068 -0.45477 0.485867 
1534185941352 0.183341 0.928374 -0.323275 -0.596447 -0.947925 0.254077 0.192051 -0.219396 0.260432 0.27123 0.926612 0.381997 0.31622 -0.384863 0.867113 0.400795 -0.930002 -0.306262 0.203222 -0.504304 0.187351 -0.87068 -0.45477 0.485867 
1534185941362 0.183365 0.92837 -0.323274 -0.596372 -0.947968 0.254049 0.191873 -0.2194 0.260257 0.271271 0.926649 0.382009 0.31622 -0.384863 0.867113 0.400795 -0.930002 -0.306262 0.203222 -0.504304 0.187351 -0.87068 -0.45477 0.485867 
1534185941379 0.18339 0.928366 -0.323273 -0.596295 -0.948011 0.254022 0.191695 -0.219403 0.260082 0.271311 0.926686 0.382021 0.31622 -0.384863 0.867113 0.400795 -0.930002 -0.306262 0.203222 -0.504304 0.187351 -0.87068 -0.45477 0.485867 
1534185941396 0.183415 0.928361 -0.323272 -0.596216 -0.948055 0.253996 0.191517 -0.219404 0.259906 0.271353 0.926724 0.382034 0.31622 -0.384863 0.867113 0.400795 -0.930002 -0.306262 0.203222 -0.504304 0.187351 -0.87068 -0.45477 0.485867 
1534185941412 0.183441 0.928356 -0.323271 -0.596138 -0.948098 0.253969 0.191339 -0.219406 0.259731 0.271393 0.926761 0.382046 0.31622 -0.384863 0.867113 0.400795 -0.930002 -0.306262 0.203222 -0.504304 0.187351 -0.87068 -0.45477 0.485867 
1534185941505 0.183466 0.928352 -0.32327 -0.596059 -0.948141 0.253942 0.19116 -0.219408 0.259556 0.271434 0.926798 0.382059 0.31622 -0.384863 0.867113 0.400795 -0.930002 -0.306262 0.203222 -0.504304 0.187351 -0.87068 -0.45477 0.485867 
1534185941521 0.183491 0.928347 -0.323268 -0.595982 -0.948184 0.253916 0.190982 -0.21941 0.259381 0.271474 0.926835 0.382071 0.31622 -0.384863 0.867113 0.400795 -0.930002 -0.306262 0.203222 -0.504304 0.187351 -0.87068 -0.45477 0.485867 
1534185941538 0.183517 0.928343 -0.323267 -0.595902 -0.948227 0.253889 0.190804 -0.219412 0.259205 0.271515 0.926872 0.382084 0.31622 -0.384863 0.867113 0.400795 -0.930002 -0.306262 0.203222 -0.504304 0.187351 -0.87068 -0.45477 0.485867 
1534185941584 0.183542 0.928338 -0.323266 -0.595825 -0.94827 0.253862 0.190626 -0.219414 0.25903 0.271556 0.926909 0.382097 0.31622 -0.384863 0.867113 0.400795 -0.930002 -0.306262 0.203222 -0.504304 0.187351 -0.87068 -0.45477 0.485867 
1534185941591 0.183567 0.928333 -0.323265 -0.595745 -0.948313 0.253836 0.190447 -0.219415 0.258855 0.271597 0.926946 0.38211 0.31622 -0.384863 0.867113 0.400795 -0.930002 -0.306262 0.203222 -0.504304 0.187351 -0.87068 -0.45477 0.485867 
1534185941662 0.183404 0.928409 -0.323141 -0.596026 -0.94816 0.253851 0.191189 -0.219322 0.259531 0.271325 0.926837 0.382136 0.31622 -0.384863 0.867113 0.400795 -0.930002 -0.306262 0.203222 -0.504304 0.187351 -0.87068 -0.45477 0.485867 
1534185941675 0.18331 0.92835 -0.323364 -0.595948 -0.94819 0.253797 0.191112 -0.219337 0.259488 0.271578 0.926775 0.382146 0.31622 -0.384863 0.867113 0.400795 -0.930002 -0.306262 0.203222 -0.504304 0.187351 -0.87068 -0.45477 0.485867 
1534185941691 0.183217 0.92829 -0.323588 -0.595865 -0.948219 0.253743 0.191036 -0.21935 0.259445 0.271831 0.926712 0.382157 0.31622 -0.384863 0.867113 0.400795 -0.930002 -0.306262 0.203222 -0.504304 0.187351 -0.87068 -0.45477 0.485867 
1534185941708 0.183124 0.92823 -0.323812 -0.595783 -0.948249 0.25369 0.190961 -0.219363 0.259403 0.272085 0.92665 0.382168 0.31622 -0.384863 0.867113 0.400795 -0.930002 -0.306262 0.203222 -0.504304 0.187351 -0.87068 -0.45477 0.485867 
1534185941725 0.183031 0.92817 -0.324036 -0.5957 -0.948278 0.253636 0.190885 -0.219376 0.259361 0.272339 0.926587 0.38218 0.31622 -0.384863 0.867113 0.400795 -0.930002 -0.306262 0.203222 -0.504304 0.187351 -0.87068 -0.45477 0.485867 
1534185941731 0.182937 0.928111 -0.32426 -0.595616 -0.948308 0.253583 0.190809 -0.219389 0.259319 0.272593 0.926524 0.382191 0.31622 -0.384863 0.867113 0.400795 -0.930002 -0.306262 0.203222 -0.504304 0.187351 -0.87068 -0.45477 0.485867 
1534185941854 0.182844 0.928051 -0.324484 -0.595535 -0.948337 0.253529 0.190733 -0.219402 0.259276 0.272846 0.926461 0.382202 0.31622 -0.384863 0.867113 0.400795 -0.930002 -0.306262 0.203222 -0.504304 0.187351 -0.87068 -0.45477 0.485867 
1534185941886 0.182751 0.927991 -0.324708 -0.595451 -0.948367 0.253476 0.190658 -0.219414 0.259234 0.2731 0.926399 0.382214 0.31622 -0.384863 0.867113 0.400795 -0.930002 -0.306262 0.203222 -0.504304 0.187351 -0.87068 -0.45477 0.485867 
1534185941903 0.182658 0.927931 -0.324932 -0.595369 -0.948396 0.253422 0.190582 -0.219428 0.259192 0.273353 0.926336 0.382225 0.31622 -0.384863 0.867113 0.400795 -0.930002 -0.306262 0.203222 -0.504304 0.187351 -0.87068 -0.45477 0.485867 
1534185941948 0.182564 0.927871 -0.325156 -0.595287 -0.948426 0.253368 0.190506 -0.219441 0.259149 0.273607 0.926273 0.382236 0.31622 -0.384863 0.867113 0.400795 -0.930002 -0.306262 0.203222 -0.504304 0.187351 -0.87068 -0.45477 0.485867 
1534185942011 0.18276 0.928062 -0.324499 -0.59551 -0.948364 0.253442 0.190716 -0.219388 0.259238 0.272888 0.92646 0.382283 0.31622 -0.384863 0.867113 0.400795 -0.930002 -0.306262 0.203222 -0.504304 0.187351 -0.87068 -0.45477 0.485867 
1534185942022 0.182679 0.928114 -0.324397 -0.595402 -0.94839 0.253335 0.19073 -0.219409 0.2592 0.272813 0.926493 0.382227 0.31622 -0.384863 0.867113 0.400795 -0.930002 -0.306262 0.203222 -0.504304 0.187351 -0.87068 -0.45477 0.485867 
1534185942029 0.182599 0.928165 -0.324296 -0.595289 -0.948416 0.253228 0.190744 -0.219429 0.259163 0.272738 0.926525 0.382172 0.31622 -0.384863 0.867113 0.400795 -0.930002 -0.306262 0.203222 -0.504304 0.187351 -0.87068 -0.45477 0.485867 
1534185942044 0.182518 0.928216 -0.324195 -0.595176 -0.948441 0.253121 0.190758 -0.219448 0.259126 0.272663 0.926558 0.382116 0.31622 -0.384863 0.867113 0.400795 -0.930002 -0.306262 0.203222 -0.504304 0.187351 -0.87068 -0.45477 0.485867 
1534185942059 0.182438 0.928267 -0.324094 -0.595063 -0.948467 0.253014 0.190773 -0.219467 0.259088 0.272588 0.92659 0.382061 0.31622 -0.384863 0.867113 0.400795 -0.930002 -0.306262 0.203222 -0.504304 0.187351 -0.87068 -0.45477 0.485867 
1534185942139 0.182358 0.928318 -0.323993 -0.594951 -0.948493 0.252907 0.190787 -0.219487 0.259051 0.272513 0.926622 0.382005 0.31622 -0.384863 0.867113 0.400795 -0.930002 -0.306262 0.203222 -0.504304 0.187351 -0.87068 -0.45477 0.485867 
1534185942156 0.182277 0.928369 -0.323892 -0.594837 -0.948518 0.252801 0.190801 -0.219506 0.259014 0.272438 0.926655 0.38195 0.31622 -0.384863 0.867113 0.400795 -0.930002 -0.306262 0.203222 -0.504304 0.187351 -0.87068 -0.45477 0.485867 
1534185942172 0.182197 0.92842 -0.32379 -0.594725 -0.948544 0.252694 0.190815 -0.219526 0.258977 0.272363 0.926687 0.381895 0.31622 -0.384863 0.867113 0.400795 -0.930002 -0.306262 0.203222 -0.504304 0.187351 -0.87068 -0.45477 0.485867 
1534185942197 0.182117 0.928471 -0.32369 -0.594611 -0.948569 0.252587 0.190829 -0.219544 0.258939 0.272289 0.92672 0.38184 0.31622 -0.384863 0.867113 0.400795 -0.930002 -0.306262 0.203222 -0.504304 0.187351 -0.87068 -0.45477 0.485867 
1534185942245 0.182036 0.928522 -0.323588 -0.594498 -0.948595 0.25248 0.190844 -0.219564 0.258902 0.272214 0.926752 0.381784 0.31622 -0.384863 0.867113 0.400795 -0.930002 -0.306262 0.203222 -0.504304 0.187351 -0.87068 -0.45477 0.485867 
1534185942277 0.182108 0.928396 -0.323911 -0.594922 -0.948516 0.252682 0.190969 -0.219416 0.259142 0.272458 0.926613 0.381995 0.31622 -0.384863 0.867113 0.400795 -0.930002 -0.306262 0.203222 -0.504304 0.187351 -0.87068 -0.45477 0.485867 
1534185942290 0.181881 0.928498 -0.323745 -0.594764 -0.948529 0.252468 0.191189 -0.219485 0.259254 0.272307 0.926626 0.381932 0.31622 -0.384863 0.867113 0.400795 -0.930002 -0.306262 0.203222 -0.504304 0.187351 -0.87068 -0.45477 0.485867 
1534185942306 0.181653 0.928601 -0.323578 -0.594604 -0.948541 0.252252 0.19141 -0.219555 0.259367 0.272157 0.926639 0.381867 0.31622 -0.384863 0.867113 0.400795 -0.930002 -0.306262 0.203222 -0.504304 0.187351 -0.87068 -0.45477 0.485867 
1534185942323 0.181426 0.928703 -0.323412 -0.594445 -0.948554 0.252037 0.191631 -0.219625 0.25948 0.272007 0.926651 0.381804 0.31622 -0.384863 0.867113 0.400795 -0.930002 -0.306262 0.203222 -0.504304 0.187351 -0.87068 -0.45477 0.485867 
1534185942359 0.181197 0.928806 -0.323246 -0.594284 -0.948567 0.251821 0.191852 -0.219695 0.259593 0.271857 0.926663 0.381739 0.31622 -0.384863 0.867113 0.400795 -0.930002 -0.306262 0.203222 -0.504304 0.187351 -0.87068 -0.45477 0.485867 
1534185942419 0.18097 0.928908 -0.32308 -0.594122 -0.948579 0.251606 0.192072 -0.219764 0.259706 0.271708 0.926676 0.381675 0.31622 -0.384863 0.867113 0.400795 -0.930002 -0.306262 0.203222 -0.504304 0.187351 -0.87068 -0.45477 0.485867 
1534185942426 0.180742 0.92901 -0.322913 -0.593962 -0.948592 0.25139 0.192293 -0.219834 0.259819 0.271557 0.926688 0.381611 0.31622 -0.384863 0.867113 0.400795 -0.930002 -0.306262 0.203222 -0.504304 0.187351 -0.87068 -0.45477 0.485867 
1534185942503 0.180514 0.929112 -0.322747 -0.593802 -0.948604 0.251175 0.192513 -0.219903 0.259932 0.271408 0.9267 0.381547 0.31622 -0.384863 0.867113 0.400795 -0.930002 -0.306262 0.203222 -0.504304 0.187351 -0.87068 -0.45477 0.485867 
