1533760905652 0.020107 0.666369 -0.745351 -0.473378 -0.959648 0.222006 0.172593 -0.216899 0.280483 0.711805 0.643943 0.441963 0.16008 -0.304787 0.938871 0.370831 -0.775623 0.549475 0.310623 -0.528794 -0.61056 -0.777934 -0.14844 0.432481 
1533760905665 0.0344561 0.693003 -0.720111 -0.487545 -0.9586 0.226707 0.172305 -0.215925 0.282662 0.684361 0.672125 0.438201 0.316221 -0.384864 0.867112 0.4008 -0.930002 -0.306262 0.203224 -0.504312 0.18735 -0.87068 -0.45477 0.485871 
1533760906756 0.0487456 0.718637 -0.693675 -0.501767 -0.957481 0.231336 0.172377 -0.215353 0.284348 0.655778 0.699358 0.434204 0.316221 -0.384864 0.867112 0.4008 -0.930002 -0.306262 0.203224 -0.504312 0.18735 -0.87068 -0.45477 0.485871 
1533760907766 0.0629982 0.74318 -0.666119 -0.516049 -0.956301 0.235897 0.172745 -0.215041 0.285516 0.626127 0.725565 0.430064 0.316221 -0.384864 0.867112 0.4008 -0.930002 -0.306262 0.203224 -0.504312 0.18735 -0.87068 -0.45477 0.485871 
1533760908708 0.0772732 0.766524 -0.637549 -0.530352 -0.955073 0.240422 0.173301 -0.214749 0.286121 0.595514 0.750665 0.425919 0.316221 -0.384864 0.867112 0.4008 -0.930002 -0.306262 0.203224 -0.504312 0.18735 -0.87068 -0.45477 0.485871 
1533760909582 0.0915783 0.788612 -0.608034 -0.54465 -0.953801 0.244922 0.174005 -0.214388 0.286143 0.564008 0.774608 0.421815 0.316221 -0.384864 0.867112 0.4008 -0.930002 -0.306262 0.203224 -0.504312 0.18735 -0.87068 -0.45477 0.485871 
1533760910410 0.105888 0.809412 -0.577616 -0.558936 -0.952486 0.24939 0.17486 -0.213969 0.285585 0.531656 0.79736 0.417742 0.316221 -0.384864 0.867112 0.4008 -0.930002 -0.306262 0.203224 -0.504312 0.18735 -0.87068 -0.45477 0.485871 
1533760911239 0.120171 0.828899 -0.546338 -0.573213 -0.951129 0.253814 0.175877 -0.213518 0.284452 0.498502 0.818891 0.413687 0.316221 -0.384864 0.867112 0.4008 -0.930002 -0.306262 0.203224 -0.504312 0.18735 -0.87068 -0.45477 0.485871 
1533760911245 0.134399 0.847048 -0.514244 -0.587484 -0.949731 0.258186 0.177062 -0.213052 0.282751 0.464597 0.839167 0.40964 0.316221 -0.384864 0.867112 0.4008 -0.930002 -0.306262 0.203224 -0.504312 0.18735 -0.87068 -0.45477 0.485871 
1533760912454 0.14884 0.863593 -0.48172 -0.600507 -0.948288 0.262761 0.178061 -0.211583 0.28035 0.430307 0.858044 0.406012 0.316301 -0.384929 0.867054 0.401061 -0.929996 -0.306221 0.203316 -0.504786 0.187248 -0.870666 -0.45484 0.486093 
1533760913315 0.149258 0.863109 -0.482457 -0.600255 -0.948173 0.263354 0.1778 -0.211793 0.280518 0.430915 0.857684 0.406097 0.316301 -0.384929 0.867054 0.401061 -0.929996 -0.306221 0.203316 -0.504786 0.187248 -0.870666 -0.45484 0.486093 
1533760913327 0.150598 0.864786 -0.479026 -0.601829 -0.948038 0.263699 0.178007 -0.211822 0.280257 0.427328 0.859562 0.405643 0.31622 -0.384863 0.867113 0.400796 -0.930002 -0.306262 0.203222 -0.504306 0.187351 -0.87068 -0.454769 0.485868 
1533760913633 0.151937 0.866449 -0.475586 -0.603408 -0.947903 0.264042 0.178217 -0.211855 0.27999 0.423731 0.861427 0.405188 0.316221 -0.384863 0.867113 0.400795 -0.930002 -0.306262 0.203223 -0.504305 0.187351 -0.87068 -0.45477 0.485867 
1533760913936 0.153275 0.868097 -0.472138 -0.604986 -0.947768 0.264385 0.178428 -0.211887 0.279719 0.420129 0.863278 0.404734 0.31622 -0.384863 0.867113 0.400795 -0.930002 -0.306262 0.203222 -0.504305 0.187352 -0.87068 -0.454769 0.485867 
1533760914251 0.154611 0.869731 -0.468682 -0.606565 -0.947633 0.264726 0.178641 -0.211919 0.279442 0.416519 0.865115 0.404279 0.31622 -0.384863 0.867113 0.400795 -0.930002 -0.306262 0.203222 -0.504304 0.187352 -0.87068 -0.454769 0.485867 
1533760914257 0.155946 0.87135 -0.465219 -0.608143 -0.947497 0.265066 0.178855 -0.211952 0.279159 0.412902 0.866938 0.403824 0.31622 -0.384863 0.867113 0.400795 -0.930002 -0.306262 0.203222 -0.504304 0.187351 -0.87068 -0.454769 0.485867 
1533760914688 0.157281 0.872955 -0.461749 -0.609721 -0.947361 0.265406 0.17907 -0.211984 0.278871 0.409279 0.868747 0.403369 0.31622 -0.384863 0.867113 0.400795 -0.930002 -0.306262 0.203222 -0.504304 0.187351 -0.87068 -0.454769 0.485867 
1533760914995 0.158614 0.874545 -0.458272 -0.6113 -0.947225 0.265744 0.179287 -0.212017 0.278578 0.405649 0.870542 0.402914 0.31622 -0.384863 0.867113 0.400795 -0.930002 -0.306262 0.203222 -0.504304 0.187351 -0.87068 -0.454769 0.485867 
1533760915298 0.159946 0.87612 -0.454788 -0.612878 -0.947089 0.266082 0.179505 -0.212049 0.278279 0.402013 0.872322 0.402459 0.31622 -0.384863 0.867113 0.400795 -0.930002 -0.306262 0.203222 -0.504304 0.187351 -0.87068 -0.454769 0.485867 
1533760915617 0.161276 0.87768 -0.451296 -0.614456 -0.946953 0.266418 0.179725 -0.212081 0.277974 0.398371 0.874089 0.402004 0.31622 -0.384863 0.867113 0.400795 -0.930002 -0.306262 0.203222 -0.504304 0.187351 -0.87068 -0.454769 0.485867 
1533760915939 0.161376 0.877317 -0.451966 -0.614236 -0.946945 0.266631 0.17945 -0.212236 0.277943 0.399029 0.873799 0.402103 0.31622 -0.384863 0.867113 0.400795 -0.930002 -0.306262 0.203222 -0.504304 0.187351 -0.87068 -0.454769 0.485867 
1533760915950 0.162125 0.877566 -0.451214 -0.614428 -0.946898 0.267027 0.179111 -0.212222 0.277668 0.398215 0.874257 0.401925 0.31622 -0.384863 0.867113 0.400795 -0.930002 -0.306262 0.203222 -0.504304 0.187351 -0.87068 -0.454769 0.485867 
1533760915968 0.162875 0.877814 -0.45046 -0.614625 -0.94685 0.267423 0.178773 -0.212212 0.277393 0.397401 0.874715 0.401747 0.31622 -0.384863 0.867113 0.400795 -0.930002 -0.306262 0.203222 -0.504304 0.187351 -0.87068 -0.454769 0.485867 
1533760916121 0.163624 0.878061 -0.449706 -0.614821 -0.946802 0.26782 0.178434 -0.212201 0.277116 0.396586 0.875172 0.401568 0.31622 -0.384863 0.867113 0.400795 -0.930002 -0.306262 0.203222 -0.504304 0.187351 -0.87068 -0.454769 0.485867 
1533760916237 0.164373 0.878308 -0.448951 -0.615018 -0.946753 0.268216 0.178096 -0.21219 0.276839 0.395771 0.875628 0.40139 0.31622 -0.384863 0.867113 0.400795 -0.930002 -0.306262 0.203222 -0.504304 0.187351 -0.87068 -0.454769 0.485867 
1533760916356 0.165121 0.878554 -0.448195 -0.615215 -0.946704 0.268613 0.177758 -0.212179 0.276561 0.394956 0.876084 0.401211 0.31622 -0.384863 0.867113 0.400795 -0.930002 -0.306262 0.203222 -0.504304 0.187351 -0.87068 -0.454769 0.485867 
1533760916474 0.16587 0.878798 -0.447439 -0.615411 -0.946655 0.269011 0.17742 -0.212168 0.276282 0.394141 0.876539 0.401033 0.31622 -0.384863 0.867113 0.400795 -0.930002 -0.306262 0.203222 -0.504304 0.187351 -0.87068 -0.454769 0.485867 
1533760916605 0.166618 0.879042 -0.446682 -0.615608 -0.946605 0.269408 0.177083 -0.212158 0.276003 0.393326 0.876993 0.400854 0.31622 -0.384863 0.867113 0.400795 -0.930002 -0.306262 0.203222 -0.504304 0.187351 -0.87068 -0.454769 0.485867 
1533760916725 0.167365 0.879284 -0.445924 -0.615804 -0.946555 0.269806 0.176746 -0.212147 0.275723 0.39251 0.877447 0.400675 0.31622 -0.384863 0.867113 0.400795 -0.930002 -0.306262 0.203222 -0.504304 0.187351 -0.87068 -0.454769 0.485867 
1533760916842 0.168113 0.879526 -0.445166 -0.616 -0.946504 0.270204 0.176409 -0.212136 0.275442 0.391695 0.877899 0.400497 0.31622 -0.384863 0.867113 0.400795 -0.930002 -0.306262 0.203222 -0.504304 0.187351 -0.87068 -0.454769 0.485867 
1533760916981 0.167582 0.879328 -0.445755 -0.615834 -0.94654 0.269931 0.176634 -0.212164 0.275642 0.392325 0.877555 0.40063 0.31622 -0.384863 0.867113 0.400795 -0.930002 -0.306262 0.203222 -0.504304 0.187351 -0.87068 -0.454769 0.485867 
1533760916993 0.167681 0.879675 -0.445034 -0.61582 -0.94653 0.269864 0.176791 -0.212201 0.275617 0.391593 0.87789 0.400555 0.31622 -0.384863 0.867113 0.400795 -0.930002 -0.306262 0.203222 -0.504304 0.187351 -0.87068 -0.45477 0.485867 
1533760917009 0.167779 0.880021 -0.444311 -0.61581 -0.946519 0.269797 0.176949 -0.212242 0.275592 0.390861 0.878224 0.400478 0.31622 -0.384863 0.867113 0.400795 -0.930002 -0.306262 0.203222 -0.504304 0.187351 -0.87068 -0.45477 0.485867 
1533760917108 0.167878 0.880367 -0.443589 -0.615802 -0.946509 0.269729 0.177107 -0.212283 0.275568 0.390128 0.878557 0.400401 0.31622 -0.384863 0.867113 0.400795 -0.930002 -0.306262 0.203222 -0.504304 0.187351 -0.87068 -0.45477 0.485867 
1533760917201 0.167977 0.880712 -0.442866 -0.615791 -0.946499 0.269662 0.177264 -0.212323 0.275543 0.389396 0.87889 0.400325 0.31622 -0.384863 0.867113 0.400795 -0.930002 -0.306262 0.203222 -0.504304 0.187351 -0.87068 -0.45477 0.485867 
1533760917288 0.168075 0.881056 -0.442143 -0.615783 -0.946489 0.269594 0.177422 -0.212364 0.275518 0.388663 0.879222 0.400249 0.31622 -0.384863 0.867113 0.400795 -0.930002 -0.306262 0.203222 -0.504304 0.187351 -0.87068 -0.45477 0.485867 
1533760917387 0.168174 0.8814 -0.44142 -0.615774 -0.946478 0.269526 0.17758 -0.212405 0.275493 0.38793 0.879553 0.400172 0.31622 -0.384863 0.867113 0.400795 -0.930002 -0.306262 0.203222 -0.504304 0.187351 -0.87068 -0.45477 0.485867 
1533760917469 0.168273 0.881743 -0.440696 -0.615764 -0.946468 0.269458 0.177737 -0.212445 0.275468 0.387196 0.879884 0.400096 0.31622 -0.384863 0.867113 0.400795 -0.930002 -0.306262 0.203222 -0.504304 0.187351 -0.87068 -0.45477 0.485867 
1533760917567 0.168371 0.882086 -0.439972 -0.615754 -0.946458 0.26939 0.177895 -0.212485 0.275442 0.386463 0.880215 0.400019 0.31622 -0.384863 0.867113 0.400795 -0.930002 -0.306262 0.203222 -0.504304 0.187351 -0.87068 -0.45477 0.485867 
1533760917649 0.16847 0.882428 -0.439248 -0.615746 -0.946448 0.269322 0.178052 -0.212527 0.275417 0.385729 0.880545 0.399943 0.31622 -0.384863 0.867113 0.400795 -0.930002 -0.306262 0.203222 -0.504304 0.187351 -0.87068 -0.45477 0.485867 
1533760917754 0.168539 0.882106 -0.439868 -0.615712 -0.94643 0.269516 0.177851 -0.212549 0.275435 0.38633 0.880276 0.400111 0.31622 -0.384863 0.867113 0.400795 -0.930002 -0.306262 0.203222 -0.504304 0.187351 -0.87068 -0.45477 0.485867 
1533760917768 0.168067 0.88209 -0.44008 -0.615627 -0.946439 0.269243 0.178219 -0.212705 0.275694 0.386556 0.880095 0.40015 0.31622 -0.384863 0.867113 0.400795 -0.930002 -0.306262 0.203222 -0.504304 0.187351 -0.87068 -0.45477 0.485867 
1533760917785 0.167594 0.882075 -0.440291 -0.615544 -0.946447 0.268968 0.178588 -0.212863 0.275953 0.386782 0.879915 0.400189 0.31622 -0.384863 0.867113 0.400795 -0.930002 -0.306262 0.203222 -0.504304 0.187351 -0.87068 -0.45477 0.485867 
1533760917906 0.167121 0.882059 -0.440502 -0.615461 -0.946455 0.268694 0.178958 -0.213022 0.276212 0.387008 0.879734 0.400227 0.31622 -0.384863 0.867113 0.400795 -0.930002 -0.306262 0.203222 -0.504304 0.187351 -0.87068 -0.45477 0.485867 
1533760917975 0.166648 0.882044 -0.440713 -0.61538 -0.946463 0.26842 0.179328 -0.213181 0.276471 0.387234 0.879553 0.400265 0.31622 -0.384863 0.867113 0.400795 -0.930002 -0.306262 0.203222 -0.504304 0.187351 -0.87068 -0.45477 0.485867 
1533760918064 0.166174 0.882028 -0.440923 -0.615298 -0.946471 0.268145 0.179697 -0.213341 0.27673 0.38746 0.879372 0.400303 0.31622 -0.384863 0.867113 0.400795 -0.930002 -0.306262 0.203222 -0.504304 0.187351 -0.87068 -0.45477 0.485867 
1533760918119 0.165701 0.882012 -0.441133 -0.615215 -0.946478 0.267871 0.180067 -0.213499 0.276988 0.387686 0.879191 0.400341 0.31622 -0.384863 0.867113 0.400795 -0.930002 -0.306262 0.203222 -0.504304 0.187351 -0.87068 -0.45477 0.485867 
1533760918213 0.165227 0.881996 -0.441343 -0.615134 -0.946485 0.267597 0.180437 -0.213659 0.277247 0.387912 0.87901 0.400379 0.31622 -0.384863 0.867113 0.400795 -0.930002 -0.306262 0.203222 -0.504304 0.187351 -0.87068 -0.45477 0.485867 
1533760918262 0.164753 0.881979 -0.441553 -0.615052 -0.946492 0.267323 0.180806 -0.213818 0.277505 0.388138 0.878829 0.400417 0.31622 -0.384863 0.867113 0.400795 -0.930002 -0.306262 0.203222 -0.504304 0.187351 -0.87068 -0.45477 0.485867 
1533760918362 0.164279 0.881963 -0.441762 -0.614971 -0.946499 0.267049 0.181176 -0.213977 0.277763 0.388364 0.878647 0.400455 0.31622 -0.384863 0.867113 0.400795 -0.930002 -0.306262 0.203222 -0.504304 0.187351 -0.87068 -0.45477 0.485867 
1533760918419 0.164723 0.881948 -0.441627 -0.615124 -0.946554 0.267232 0.180618 -0.213734 0.277312 0.388272 0.87883 0.400324 0.31622 -0.384863 0.867113 0.400795 -0.930002 -0.306262 0.203222 -0.504304 0.187351 -0.87068 -0.45477 0.485867 
1533760918432 0.164341 0.88193 -0.441805 -0.614987 -0.946604 0.26695 0.180772 -0.213954 0.277368 0.388506 0.878709 0.400313 0.31622 -0.384863 0.867113 0.400795 -0.930002 -0.306262 0.203222 -0.504304 0.187351 -0.87068 -0.45477 0.485867 
1533760918449 0.163958 0.881913 -0.441982 -0.614849 -0.946654 0.266668 0.180927 -0.214178 0.277425 0.388739 0.878588 0.4003 0.31622 -0.384863 0.867113 0.400795 -0.930002 -0.306262 0.203222 -0.504304 0.187351 -0.87068 -0.45477 0.485867 
1533760918507 0.163576 0.881895 -0.442158 -0.614712 -0.946703 0.266386 0.181083 -0.214402 0.277481 0.388971 0.878468 0.400287 0.31622 -0.384863 0.867113 0.400795 -0.930002 -0.306262 0.203222 -0.504304 0.187351 -0.87068 -0.45477 0.485867 
1533760918590 0.163193 0.881878 -0.442334 -0.614576 -0.946753 0.266104 0.181239 -0.214627 0.277537 0.389204 0.878347 0.400274 0.31622 -0.384863 0.867113 0.400795 -0.930002 -0.306262 0.203222 -0.504304 0.187351 -0.87068 -0.45477 0.485867 
1533760918641 0.16281 0.88186 -0.44251 -0.614439 -0.946802 0.265822 0.181394 -0.21485 0.277593 0.389436 0.878226 0.400261 0.31622 -0.384863 0.867113 0.400795 -0.930002 -0.306262 0.203222 -0.504304 0.187351 -0.87068 -0.45477 0.485867 
1533760918740 0.162428 0.881843 -0.442685 -0.614303 -0.946852 0.26554 0.18155 -0.215075 0.27765 0.389669 0.878105 0.400247 0.31622 -0.384863 0.867113 0.400795 -0.930002 -0.306262 0.203222 -0.504304 0.187351 -0.87068 -0.45477 0.485867 
1533760918797 0.162045 0.881825 -0.442861 -0.614166 -0.946901 0.265258 0.181706 -0.215298 0.277705 0.389901 0.877985 0.400235 0.31622 -0.384863 0.867113 0.400795 -0.930002 -0.306262 0.203222 -0.504304 0.187351 -0.87068 -0.45477 0.485867 
1533760918802 0.161663 0.881807 -0.443037 -0.614029 -0.94695 0.264976 0.181862 -0.215522 0.277761 0.390134 0.877864 0.400222 0.31622 -0.384863 0.867113 0.400795 -0.930002 -0.306262 0.203222 -0.504304 0.187351 -0.87068 -0.45477 0.485867 
1533760918929 0.16128 0.881789 -0.443212 -0.613893 -0.946999 0.264694 0.182018 -0.215747 0.277817 0.390366 0.877743 0.400208 0.31622 -0.384863 0.867113 0.400795 -0.930002 -0.306262 0.203222 -0.504304 0.187351 -0.87068 -0.45477 0.485867 
1533760918988 0.161834 0.881771 -0.443045 -0.614099 -0.946992 0.26503 0.181564 -0.215523 0.277518 0.390177 0.877921 0.400179 0.31622 -0.384863 0.867113 0.400795 -0.930002 -0.306262 0.203222 -0.504304 0.187351 -0.87068 -0.45477 0.485867 
1533760918999 0.161411 0.88179 -0.443162 -0.613804 -0.946965 0.264817 0.182015 -0.215653 0.277856 0.39028 0.877769 0.400179 0.31622 -0.384863 0.867113 0.400795 -0.930002 -0.306262 0.203222 -0.504304 0.187351 -0.87068 -0.45477 0.485867 
1533760919016 0.160989 0.881808 -0.44328 -0.613505 -0.946938 0.264603 0.182466 -0.215781 0.278193 0.390383 0.877616 0.400179 0.31622 -0.384863 0.867113 0.400795 -0.930002 -0.306262 0.203222 -0.504304 0.187351 -0.87068 -0.45477 0.485867 
1533760919133 0.160566 0.881826 -0.443397 -0.613206 -0.946911 0.26439 0.182916 -0.215909 0.27853 0.390487 0.877463 0.400179 0.31622 -0.384863 0.867113 0.400795 -0.930002 -0.306262 0.203222 -0.504304 0.187351 -0.87068 -0.45477 0.485867 
1533760919205 0.160144 0.881844 -0.443515 -0.612907 -0.946883 0.264177 0.183366 -0.216037 0.278867 0.390591 0.877309 0.400179 0.31622 -0.384863 0.867113 0.400795 -0.930002 -0.306262 0.203222 -0.504304 0.187351 -0.87068 -0.45477 0.485867 
1533760919304 0.159721 0.881862 -0.443631 -0.612609 -0.946855 0.263964 0.183817 -0.216166 0.279203 0.390695 0.877156 0.400179 0.31622 -0.384863 0.867113 0.400795 -0.930002 -0.306262 0.203222 -0.504304 0.187351 -0.87068 -0.45477 0.485867 
1533760919384 0.159298 0.881879 -0.443748 -0.612309 -0.946827 0.26375 0.184267 -0.216293 0.27954 0.3908 0.877002 0.40018 0.31622 -0.384863 0.867113 0.400795 -0.930002 -0.306262 0.203222 -0.504304 0.187351 -0.87068 -0.45477 0.485867 
1533760919472 0.158876 0.881897 -0.443865 -0.612011 -0.946799 0.263537 0.184717 -0.216421 0.279876 0.390904 0.876849 0.40018 0.31622 -0.384863 0.867113 0.400795 -0.930002 -0.306262 0.203222 -0.504304 0.187351 -0.87068 -0.45477 0.485867 
1533760919544 0.158453 0.881914 -0.443982 -0.611711 -0.94677 0.263324 0.185167 -0.216549 0.280213 0.391008 0.876695 0.40018 0.31622 -0.384863 0.867113 0.400795 -0.930002 -0.306262 0.203222 -0.504304 0.187351 -0.87068 -0.45477 0.485867 
1533760919653 0.15803 0.881932 -0.444098 -0.611412 -0.946741 0.263111 0.185618 -0.216677 0.280549 0.391113 0.87654 0.400181 0.31622 -0.384863 0.867113 0.400795 -0.930002 -0.306262 0.203222 -0.504304 0.187351 -0.87068 -0.45477 0.485867 
1533760919727 0.158705 0.881891 -0.443938 -0.611745 -0.946783 0.263462 0.184903 -0.21661 0.280025 0.390969 0.876772 0.400183 0.31622 -0.384863 0.867113 0.400795 -0.930002 -0.306262 0.203222 -0.504304 0.187351 -0.87068 -0.45477 0.485867 
1533760919739 0.158338 0.881947 -0.443959 -0.61145 -0.94688 0.26309 0.184937 -0.216656 0.279906 0.391093 0.876755 0.400216 0.31622 -0.384863 0.867113 0.400795 -0.930002 -0.306262 0.203222 -0.504304 0.187351 -0.87068 -0.45477 0.485867 
1533760919756 0.157971 0.882002 -0.443979 -0.611151 -0.946977 0.262718 0.184972 -0.216699 0.279787 0.391218 0.876737 0.40025 0.31622 -0.384863 0.867113 0.400795 -0.930002 -0.306262 0.203222 -0.504304 0.187351 -0.87068 -0.45477 0.485867 
1533760919821 0.157604 0.882058 -0.444 -0.610852 -0.947073 0.262346 0.185006 -0.216743 0.279668 0.391342 0.87672 0.400284 0.31622 -0.384863 0.867113 0.400795 -0.930002 -0.306262 0.203222 -0.504304 0.187351 -0.87068 -0.45477 0.485867 
1533760919930 0.157237 0.882113 -0.44402 -0.610552 -0.947169 0.261975 0.18504 -0.216786 0.279549 0.391467 0.876702 0.400319 0.31622 -0.384863 0.867113 0.400795 -0.930002 -0.306262 0.203222 -0.504304 0.187351 -0.87068 -0.45477 0.485867 
1533760919990 0.15687 0.882168 -0.444041 -0.610252 -0.947265 0.261603 0.185075 -0.216829 0.279429 0.391592 0.876684 0.400353 0.31622 -0.384863 0.867113 0.400795 -0.930002 -0.306262 0.203222 -0.504304 0.187351 -0.87068 -0.45477 0.485867 
1533760920100 0.156502 0.882223 -0.444061 -0.609953 -0.947361 0.261231 0.185109 -0.216872 0.27931 0.391716 0.876667 0.400387 0.31622 -0.384863 0.867113 0.400795 -0.930002 -0.306262 0.203222 -0.504304 0.187351 -0.87068 -0.45477 0.485867 
1533760920162 0.156135 0.882277 -0.444082 -0.609653 -0.947457 0.260859 0.185143 -0.216915 0.27919 0.391841 0.876649 0.400421 0.31622 -0.384863 0.867113 0.400795 -0.930002 -0.306262 0.203222 -0.504304 0.187351 -0.87068 -0.45477 0.485867 
1533760920267 0.155768 0.882332 -0.444102 -0.609354 -0.947552 0.260487 0.185178 -0.216959 0.279071 0.391965 0.876632 0.400455 0.31622 -0.384863 0.867113 0.400795 -0.930002 -0.306262 0.203222 -0.504304 0.187351 -0.87068 -0.45477 0.485867 
1533760920331 0.155401 0.882387 -0.444122 -0.609055 -0.947648 0.260115 0.185212 -0.217002 0.278952 0.392089 0.876614 0.40049 0.31622 -0.384863 0.867113 0.400795 -0.930002 -0.306262 0.203222 -0.504304 0.187351 -0.87068 -0.45477 0.485867 
1533760920452 0.155765 0.882393 -0.443981 -0.609345 -0.947542 0.260474 0.185248 -0.216936 0.279107 0.391836 0.876678 0.400462 0.31622 -0.384863 0.867113 0.400795 -0.930002 -0.306262 0.203222 -0.504304 0.187351 -0.87068 -0.45477 0.485867 
1533760920463 0.155468 0.882383 -0.444106 -0.609136 -0.947596 0.26023 0.185318 -0.21694 0.279091 0.392022 0.8766 0.400505 0.31622 -0.384863 0.867113 0.400795 -0.930002 -0.306262 0.203222 -0.504304 0.187351 -0.87068 -0.45477 0.485867 
1533760920469 0.155172 0.882371 -0.444232 -0.608922 -0.947649 0.259986 0.185388 -0.216941 0.279075 0.392209 0.876521 0.400549 0.31622 -0.384863 0.867113 0.400795 -0.930002 -0.306262 0.203222 -0.504304 0.187351 -0.87068 -0.45477 0.485867 
1533760920483 0.154876 0.88236 -0.444358 -0.608709 -0.947702 0.259742 0.185458 -0.216942 0.279059 0.392396 0.876442 0.400593 0.31622 -0.384863 0.867113 0.400795 -0.930002 -0.306262 0.203222 -0.504304 0.187351 -0.87068 -0.45477 0.485867 
1533760920626 0.15458 0.882349 -0.444484 -0.608495 -0.947755 0.259499 0.185528 -0.216943 0.279043 0.392583 0.876364 0.400637 0.31622 -0.384863 0.867113 0.400795 -0.930002 -0.306262 0.203222 -0.504304 0.187351 -0.87068 -0.45477 0.485867 
1533760920668 0.154284 0.882337 -0.44461 -0.608283 -0.947808 0.259255 0.185598 -0.216945 0.279027 0.39277 0.876285 0.40068 0.31622 -0.384863 0.867113 0.400795 -0.930002 -0.306262 0.203222 -0.504304 0.187351 -0.87068 -0.45477 0.485867 
1533760920777 0.153988 0.882325 -0.444736 -0.608068 -0.947861 0.259011 0.185667 -0.216946 0.27901 0.392957 0.876206 0.400724 0.31622 -0.384863 0.867113 0.400795 -0.930002 -0.306262 0.203222 -0.504304 0.187351 -0.87068 -0.45477 0.485867 
1533760920822 0.153692 0.882313 -0.444862 -0.607855 -0.947914 0.258767 0.185737 -0.216948 0.278994 0.393144 0.876128 0.400768 0.31622 -0.384863 0.867113 0.400795 -0.930002 -0.306262 0.203222 -0.504304 0.187351 -0.87068 -0.45477 0.485867 
1533760920927 0.153396 0.882301 -0.444988 -0.607641 -0.947967 0.258524 0.185807 -0.216948 0.278978 0.393331 0.876049 0.400812 0.31622 -0.384863 0.867113 0.400795 -0.930002 -0.306262 0.203222 -0.504304 0.187351 -0.87068 -0.45477 0.485867 
1533760920974 0.1531 0.882289 -0.445113 -0.607428 -0.94802 0.25828 0.185877 -0.21695 0.278961 0.393518 0.87597 0.400856 0.31622 -0.384863 0.867113 0.400795 -0.930002 -0.306262 0.203222 -0.504304 0.187351 -0.87068 -0.45477 0.485867 
1533760921090 0.153493 0.882296 -0.444965 -0.607703 -0.947927 0.25864 0.18585 -0.216938 0.27906 0.393268 0.876051 0.400758 0.31622 -0.384863 0.867113 0.400795 -0.930002 -0.306262 0.203222 -0.504304 0.187351 -0.87068 -0.45477 0.485867 
1533760921100 0.153314 0.882279 -0.44506 -0.607559 -0.947949 0.25851 0.185917 -0.21694 0.279083 0.393391 0.875989 0.400773 0.31622 -0.384863 0.867113 0.400795 -0.930002 -0.306262 0.203222 -0.504304 0.187351 -0.87068 -0.45477 0.485867 
1533760921107 0.153135 0.882262 -0.445156 -0.607411 -0.947972 0.258379 0.185982 -0.216939 0.279104 0.393515 0.875926 0.400788 0.31622 -0.384863 0.867113 0.400795 -0.930002 -0.306262 0.203222 -0.504304 0.187351 -0.87068 -0.45477 0.485867 
1533760921121 0.152956 0.882245 -0.445251 -0.607263 -0.947995 0.258249 0.186048 -0.216938 0.279125 0.393638 0.875864 0.400803 0.31622 -0.384863 0.867113 0.400795 -0.930002 -0.306262 0.203222 -0.504304 0.187351 -0.87068 -0.45477 0.485867 
1533760921138 0.152777 0.882228 -0.445346 -0.607114 -0.948017 0.258119 0.186113 -0.216937 0.279146 0.393762 0.875802 0.400819 0.31622 -0.384863 0.867113 0.400795 -0.930002 -0.306262 0.203222 -0.504304 0.187351 -0.87068 -0.45477 0.485867 
1533760921256 0.152597 0.882211 -0.445441 -0.606967 -0.94804 0.257988 0.186179 -0.216937 0.279168 0.393886 0.875739 0.400834 0.31622 -0.384863 0.867113 0.400795 -0.930002 -0.306262 0.203222 -0.504304 0.187351 -0.87068 -0.45477 0.485867 
1533760921293 0.152419 0.882194 -0.445537 -0.606818 -0.948062 0.257858 0.186244 -0.216936 0.279189 0.394009 0.875677 0.40085 0.31622 -0.384863 0.867113 0.400795 -0.930002 -0.306262 0.203222 -0.504304 0.187351 -0.87068 -0.45477 0.485867 
1533760921335 0.15224 0.882177 -0.445632 -0.60667 -0.948085 0.257728 0.18631 -0.216936 0.27921 0.394133 0.875615 0.400865 0.31622 -0.384863 0.867113 0.400795 -0.930002 -0.306262 0.203222 -0.504304 0.187351 -0.87068 -0.45477 0.485867 
1533760921404 0.152061 0.882159 -0.445727 -0.606521 -0.948107 0.257598 0.186375 -0.216934 0.279231 0.394257 0.875552 0.400881 0.31622 -0.384863 0.867113 0.400795 -0.930002 -0.306262 0.203222 -0.504304 0.187351 -0.87068 -0.45477 0.485867 
1533760921449 0.151882 0.882142 -0.445822 -0.606374 -0.94813 0.257468 0.186441 -0.216934 0.279252 0.39438 0.87549 0.400896 0.31622 -0.384863 0.867113 0.400795 -0.930002 -0.306262 0.203222 -0.504304 0.187351 -0.87068 -0.45477 0.485867 
1533760921504 0.152328 0.882178 -0.445598 -0.606627 -0.948092 0.25777 0.186216 -0.216995 0.279138 0.394102 0.875652 0.400888 0.31622 -0.384863 0.867113 0.400795 -0.930002 -0.306262 0.203222 -0.504304 0.187351 -0.87068 -0.45477 0.485867 
1533760921515 0.15201 0.882237 -0.44559 -0.606498 -0.947992 0.257698 0.186823 -0.217043 0.279649 0.394017 0.875527 0.400874 0.31622 -0.384863 0.867113 0.400795 -0.930002 -0.306262 0.203222 -0.504304 0.187351 -0.87068 -0.45477 0.485867 
1533760921531 0.151689 0.882297 -0.44558 -0.606369 -0.947892 0.257623 0.187431 -0.217096 0.280162 0.393931 0.875402 0.400857 0.31622 -0.384863 0.867113 0.400795 -0.930002 -0.306262 0.203222 -0.504304 0.187351 -0.87068 -0.45477 0.485867 
1533760921623 0.151369 0.882357 -0.44557 -0.606241 -0.947792 0.257549 0.188039 -0.217148 0.280674 0.393845 0.875276 0.40084 0.31622 -0.384863 0.867113 0.400795 -0.930002 -0.306262 0.203222 -0.504304 0.187351 -0.87068 -0.45477 0.485867 
1533760921666 0.151048 0.882417 -0.445561 -0.606112 -0.947691 0.257475 0.188646 -0.217199 0.281185 0.393759 0.87515 0.400824 0.31622 -0.384863 0.867113 0.400795 -0.930002 -0.306262 0.203222 -0.504304 0.187351 -0.87068 -0.45477 0.485867 
1533760921726 0.150728 0.882477 -0.44555 -0.605985 -0.94759 0.257401 0.189254 -0.217251 0.281697 0.393673 0.875024 0.400807 0.31622 -0.384863 0.867113 0.400795 -0.930002 -0.306262 0.203222 -0.504304 0.187351 -0.87068 -0.45477 0.485867 
1533760921767 0.150408 0.882537 -0.44554 -0.605856 -0.947489 0.257327 0.189861 -0.217302 0.282209 0.393588 0.874898 0.400791 0.31622 -0.384863 0.867113 0.400795 -0.930002 -0.306262 0.203222 -0.504304 0.187351 -0.87068 -0.45477 0.485867 
1533760921844 0.150087 0.882597 -0.44553 -0.605728 -0.947387 0.257253 0.190469 -0.217354 0.282721 0.393502 0.874771 0.400775 0.31622 -0.384863 0.867113 0.400795 -0.930002 -0.306262 0.203222 -0.504304 0.187351 -0.87068 -0.45477 0.485867 
1533760921850 0.149767 0.882657 -0.445519 -0.605601 -0.947285 0.257178 0.191076 -0.217407 0.283232 0.393417 0.874644 0.400758 0.31622 -0.384863 0.867113 0.400795 -0.930002 -0.306262 0.203222 -0.504304 0.187351 -0.87068 -0.45477 0.485867 
1533760921951 0.149446 0.882716 -0.445508 -0.605473 -0.947183 0.257103 0.191683 -0.217458 0.283744 0.393331 0.874517 0.400742 0.31622 -0.384863 0.867113 0.400795 -0.930002 -0.306262 0.203222 -0.504304 0.187351 -0.87068 -0.45477 0.485867 
1533760922015 0.149907 0.882592 -0.445599 -0.605757 -0.947411 0.257115 0.190539 -0.217317 0.282739 0.393602 0.874721 0.400764 0.31622 -0.384863 0.867113 0.400795 -0.930002 -0.306262 0.203222 -0.504304 0.187351 -0.87068 -0.45477 0.485867 
1533760922027 0.149782 0.882559 -0.445708 -0.605662 -0.947383 0.257093 0.190707 -0.217335 0.282898 0.393691 0.874629 0.400755 0.31622 -0.384863 0.867113 0.400795 -0.930002 -0.306262 0.203222 -0.504304 0.187351 -0.87068 -0.45477 0.485867 
1533760922044 0.149657 0.882525 -0.445817 -0.605561 -0.947355 0.257072 0.190873 -0.21735 0.283057 0.393781 0.874537 0.400746 0.31622 -0.384863 0.867113 0.400795 -0.930002 -0.306262 0.203222 -0.504304 0.187351 -0.87068 -0.45477 0.485867 
1533760922061 0.149532 0.882491 -0.445925 -0.605462 -0.947327 0.257051 0.191039 -0.217365 0.283216 0.393871 0.874445 0.400738 0.31622 -0.384863 0.867113 0.400795 -0.930002 -0.306262 0.203222 -0.504304 0.187351 -0.87068 -0.45477 0.485867 
1533760922077 0.149408 0.882457 -0.446034 -0.605361 -0.947299 0.25703 0.191206 -0.217381 0.283375 0.393961 0.874353 0.40073 0.31622 -0.384863 0.867113 0.400795 -0.930002 -0.306262 0.203222 -0.504304 0.187351 -0.87068 -0.45477 0.485867 
1533760922100 0.149283 0.882423 -0.446143 -0.605262 -0.947272 0.257009 0.191372 -0.217396 0.283534 0.39405 0.874261 0.400721 0.31622 -0.384863 0.867113 0.400795 -0.930002 -0.306262 0.203222 -0.504304 0.187351 -0.87068 -0.45477 0.485867 
1533760922168 0.149158 0.882389 -0.446252 -0.605161 -0.947244 0.256988 0.191538 -0.217411 0.283692 0.39414 0.874169 0.400713 0.31622 -0.384863 0.867113 0.400795 -0.930002 -0.306262 0.203222 -0.504304 0.187351 -0.87068 -0.45477 0.485867 
1533760922193 0.149033 0.882355 -0.446361 -0.605062 -0.947216 0.256966 0.191704 -0.217427 0.283851 0.39423 0.874077 0.400705 0.31622 -0.384863 0.867113 0.400795 -0.930002 -0.306262 0.203222 -0.504304 0.187351 -0.87068 -0.45477 0.485867 
1533760922216 0.148908 0.882321 -0.44647 -0.604961 -0.947188 0.256946 0.19187 -0.217441 0.28401 0.39432 0.873985 0.400697 0.31622 -0.384863 0.867113 0.400795 -0.930002 -0.306262 0.203222 -0.504304 0.187351 -0.87068 -0.45477 0.485867 
1533760922258 0.148783 0.882287 -0.446579 -0.604862 -0.94716 0.256924 0.192037 -0.217457 0.284168 0.394409 0.873893 0.400688 0.31622 -0.384863 0.867113 0.400795 -0.930002 -0.306262 0.203222 -0.504304 0.187351 -0.87068 -0.45477 0.485867 
1533760922307 0.149142 0.882455 -0.446128 -0.605148 -0.947297 0.256876 0.191424 -0.217355 0.283523 0.394066 0.874258 0.400755 0.31622 -0.384863 0.867113 0.400795 -0.930002 -0.306262 0.203222 -0.504304 0.187351 -0.87068 -0.45477 0.485867 
1533760922317 0.148998 0.882439 -0.446207 -0.605065 -0.947343 0.256732 0.191388 -0.217355 0.283444 0.394194 0.874225 0.400739 0.31622 -0.384863 0.867113 0.400795 -0.930002 -0.306262 0.203222 -0.504304 0.187351 -0.87068 -0.45477 0.485867 
1533760922334 0.148855 0.882423 -0.446287 -0.604976 -0.947389 0.25659 0.191351 -0.217353 0.283365 0.394324 0.874193 0.400724 0.31622 -0.384863 0.867113 0.400795 -0.930002 -0.306262 0.203222 -0.504304 0.187351 -0.87068 -0.45477 0.485867 
1533760922350 0.148712 0.882406 -0.446367 -0.604888 -0.947435 0.256448 0.191313 -0.21735 0.283286 0.394454 0.87416 0.400709 0.31622 -0.384863 0.867113 0.400795 -0.930002 -0.306262 0.203222 -0.504304 0.187351 -0.87068 -0.45477 0.485867 
1533760922367 0.148569 0.88239 -0.446448 -0.604799 -0.947482 0.256305 0.191276 -0.217347 0.283207 0.394583 0.874127 0.400694 0.31622 -0.384863 0.867113 0.400795 -0.930002 -0.306262 0.203222 -0.504304 0.187351 -0.87068 -0.45477 0.485867 
1533760922384 0.148427 0.882373 -0.446528 -0.60471 -0.947528 0.256163 0.191238 -0.217344 0.283127 0.394713 0.874094 0.400679 0.31622 -0.384863 0.867113 0.400795 -0.930002 -0.306262 0.203222 -0.504304 0.187351 -0.87068 -0.45477 0.485867 
1533760922400 0.148284 0.882356 -0.446609 -0.604623 -0.947574 0.256021 0.1912 -0.217342 0.283048 0.394843 0.874061 0.400664 0.31622 -0.384863 0.867113 0.400795 -0.930002 -0.306262 0.203222 -0.504304 0.187351 -0.87068 -0.45477 0.485867 
1533760922473 0.148141 0.882339 -0.446689 -0.604534 -0.94762 0.255878 0.191163 -0.217338 0.282968 0.394973 0.874028 0.40065 0.31622 -0.384863 0.867113 0.400795 -0.930002 -0.306262 0.203222 -0.504304 0.187351 -0.87068 -0.45477 0.485867 
1533760922521 0.147998 0.882323 -0.44677 -0.604446 -0.947666 0.255736 0.191125 -0.217336 0.282889 0.395102 0.873996 0.400635 0.31622 -0.384863 0.867113 0.400795 -0.930002 -0.306262 0.203222 -0.504304 0.187351 -0.87068 -0.45477 0.485867 
1533760922544 0.147856 0.882306 -0.44685 -0.604356 -0.947712 0.255594 0.191087 -0.217332 0.28281 0.395232 0.873963 0.40062 0.31622 -0.384863 0.867113 0.400795 -0.930002 -0.306262 0.203222 -0.504304 0.187351 -0.87068 -0.45477 0.485867 
1533760922572 0.148038 0.88247 -0.446466 -0.604677 -0.947621 0.255759 0.191317 -0.217169 0.283019 0.394758 0.874109 0.400675 0.31622 -0.384863 0.867113 0.400795 -0.930002 -0.306262 0.203222 -0.504304 0.187351 -0.87068 -0.45477 0.485867 
1533760922584 0.148048 0.882429 -0.446544 -0.604604 -0.947699 0.255674 0.191044 -0.217157 0.282753 0.394906 0.874128 0.400664 0.31622 -0.384863 0.867113 0.400795 -0.930002 -0.306262 0.203222 -0.504304 0.187351 -0.87068 -0.45477 0.485867 
1533760922600 0.148058 0.882387 -0.446623 -0.604527 -0.947777 0.255589 0.19077 -0.217143 0.282485 0.395054 0.874148 0.400655 0.31622 -0.384863 0.867113 0.400795 -0.930002 -0.306262 0.203222 -0.504304 0.187351 -0.87068 -0.45477 0.485867 
1533760922617 0.148069 0.882345 -0.446702 -0.60445 -0.947855 0.255504 0.190496 -0.217129 0.282218 0.395202 0.874167 0.400645 0.31622 -0.384863 0.867113 0.400795 -0.930002 -0.306262 0.203222 -0.504304 0.187351 -0.87068 -0.45477 0.485867 
1533760922634 0.148079 0.882303 -0.446781 -0.604373 -0.947933 0.255419 0.190223 -0.217114 0.28195 0.395351 0.874186 0.400636 0.31622 -0.384863 0.867113 0.400795 -0.930002 -0.306262 0.203222 -0.504304 0.187351 -0.87068 -0.45477 0.485867 
1533760922650 0.14809 0.882261 -0.44686 -0.604297 -0.948011 0.255334 0.189949 -0.217101 0.281683 0.395499 0.874206 0.400626 0.31622 -0.384863 0.867113 0.400795 -0.930002 -0.306262 0.203222 -0.504304 0.187351 -0.87068 -0.45477 0.485867 
1533760922719 0.148101 0.88222 -0.44694 -0.60422 -0.948088 0.255249 0.189675 -0.217086 0.281416 0.395647 0.874225 0.400616 0.31622 -0.384863 0.867113 0.400795 -0.930002 -0.306262 0.203222 -0.504304 0.187351 -0.87068 -0.45477 0.485867 
1533760922745 0.148111 0.882178 -0.447018 -0.604143 -0.948166 0.255163 0.189401 -0.217072 0.281148 0.395795 0.874244 0.400607 0.31622 -0.384863 0.867113 0.400795 -0.930002 -0.306262 0.203222 -0.504304 0.187351 -0.87068 -0.45477 0.485867 
1533760922785 0.148122 0.882136 -0.447098 -0.604066 -0.948244 0.255078 0.189127 -0.217057 0.28088 0.395944 0.874262 0.400597 0.31622 -0.384863 0.867113 0.400795 -0.930002 -0.306262 0.203222 -0.504304 0.187351 -0.87068 -0.45477 0.485867 
1533760922812 0.148132 0.882094 -0.447177 -0.603989 -0.948321 0.254993 0.188853 -0.217043 0.280613 0.396092 0.874281 0.400587 0.31622 -0.384863 0.867113 0.400795 -0.930002 -0.306262 0.203222 -0.504304 0.187351 -0.87068 -0.45477 0.485867 
1533760922859 0.147893 0.882242 -0.446964 -0.604245 -0.948146 0.255035 0.189676 -0.216986 0.281332 0.395736 0.874212 0.400599 0.31622 -0.384863 0.867113 0.400795 -0.930002 -0.306262 0.203222 -0.504304 0.187351 -0.87068 -0.45477 0.485867 
1533760922869 0.147837 0.882201 -0.447063 -0.604182 -0.948191 0.254954 0.189556 -0.216996 0.281207 0.395878 0.874187 0.400604 0.31622 -0.384863 0.867113 0.400795 -0.930002 -0.306262 0.203222 -0.504304 0.187351 -0.87068 -0.45477 0.485867 
1533760922886 0.14778 0.88216 -0.447163 -0.604117 -0.948237 0.254874 0.189436 -0.217004 0.281083 0.396022 0.874162 0.40061 0.31622 -0.384863 0.867113 0.400795 -0.930002 -0.306262 0.203222 -0.504304 0.187351 -0.87068 -0.45477 0.485867 
1533760922902 0.147724 0.882119 -0.447263 -0.604049 -0.948283 0.254793 0.189315 -0.21701 0.280958 0.396166 0.874137 0.400617 0.31622 -0.384863 0.867113 0.400795 -0.930002 -0.306262 0.203222 -0.504304 0.187351 -0.87068 -0.45477 0.485867 
1533760922919 0.147667 0.882077 -0.447363 -0.603983 -0.948329 0.254712 0.189195 -0.217018 0.280834 0.396309 0.874112 0.400623 0.31622 -0.384863 0.867113 0.400795 -0.930002 -0.306262 0.203222 -0.504304 0.187351 -0.87068 -0.45477 0.485867 
1533760922937 0.147611 0.882036 -0.447464 -0.603916 -0.948374 0.254631 0.189075 -0.217025 0.280709 0.396453 0.874086 0.400629 0.31622 -0.384863 0.867113 0.400795 -0.930002 -0.306262 0.203222 -0.504304 0.187351 -0.87068 -0.45477 0.485867 
1533760922952 0.147554 0.881995 -0.447564 -0.603848 -0.94842 0.254551 0.188954 -0.217031 0.280584 0.396597 0.874061 0.400636 0.31622 -0.384863 0.867113 0.400795 -0.930002 -0.306262 0.203222 -0.504304 0.187351 -0.87068 -0.45477 0.485867 
1533760922969 0.147498 0.881953 -0.447664 -0.603782 -0.948466 0.25447 0.188834 -0.217039 0.28046 0.396741 0.874036 0.400642 0.31622 -0.384863 0.867113 0.400795 -0.930002 -0.306262 0.203222 -0.504304 0.187351 -0.87068 -0.45477 0.485867 
1533760923007 0.147441 0.881912 -0.447764 -0.603716 -0.948511 0.254389 0.188714 -0.217046 0.280335 0.396885 0.874011 0.400648 0.31622 -0.384863 0.867113 0.400795 -0.930002 -0.306262 0.203222 -0.504304 0.187351 -0.87068 -0.45477 0.485867 
1533760923013 0.147385 0.88187 -0.447864 -0.603648 -0.948557 0.254308 0.188593 -0.217053 0.28021 0.397029 0.873985 0.400655 0.31622 -0.384863 0.867113 0.400795 -0.930002 -0.306262 0.203222 -0.504304 0.187351 -0.87068 -0.45477 0.485867 
1533760923090 0.147364 0.882125 -0.44737 -0.603914 -0.948409 0.254397 0.189215 -0.216903 0.280721 0.396406 0.874104 0.400698 0.31622 -0.384863 0.867113 0.400795 -0.930002 -0.306262 0.203222 -0.504304 0.187351 -0.87068 -0.45477 0.485867 
1533760923102 0.147138 0.882183 -0.447329 -0.603801 -0.948402 0.254248 0.189451 -0.216963 0.280863 0.396373 0.874074 0.400702 0.31622 -0.384863 0.867113 0.400795 -0.930002 -0.306262 0.203222 -0.504304 0.187351 -0.87068 -0.45477 0.485867 
1533760923119 0.146913 0.882241 -0.447289 -0.603689 -0.948395 0.254098 0.189686 -0.217023 0.281004 0.39634 0.874043 0.400707 0.31622 -0.384863 0.867113 0.400795 -0.930002 -0.306262 0.203222 -0.504304 0.187351 -0.87068 -0.45477 0.485867 
1533760923136 0.146686 0.882299 -0.447248 -0.603575 -0.948388 0.253948 0.189922 -0.217086 0.281146 0.396306 0.874013 0.40071 0.31622 -0.384863 0.867113 0.400795 -0.930002 -0.306262 0.203222 -0.504304 0.187351 -0.87068 -0.45477 0.485867 
1533760923142 0.14646 0.882357 -0.447208 -0.603461 -0.948381 0.253798 0.190158 -0.217147 0.281288 0.396273 0.873982 0.400713 0.31622 -0.384863 0.867113 0.400795 -0.930002 -0.306262 0.203222 -0.504304 0.187351 -0.87068 -0.45477 0.485867 
1533760923254 0.146234 0.882416 -0.447167 -0.603347 -0.948374 0.253647 0.190394 -0.21721 0.28143 0.396239 0.873952 0.400716 0.31622 -0.384863 0.867113 0.400795 -0.930002 -0.306262 0.203222 -0.504304 0.187351 -0.87068 -0.45477 0.485867 
1533760923269 0.146008 0.882474 -0.447126 -0.603234 -0.948367 0.253497 0.19063 -0.217272 0.281571 0.396206 0.873921 0.40072 0.31622 -0.384863 0.867113 0.400795 -0.930002 -0.306262 0.203222 -0.504304 0.187351 -0.87068 -0.45477 0.485867 
1533760923318 0.145782 0.882532 -0.447086 -0.60312 -0.948359 0.253347 0.190866 -0.217333 0.281713 0.396173 0.873891 0.400723 0.31622 -0.384863 0.867113 0.400795 -0.930002 -0.306262 0.203222 -0.504304 0.187351 -0.87068 -0.45477 0.485867 
1533760923376 0.145556 0.88259 -0.447045 -0.603007 -0.948352 0.253197 0.191102 -0.217394 0.281855 0.39614 0.87386 0.400727 0.31622 -0.384863 0.867113 0.400795 -0.930002 -0.306262 0.203222 -0.504304 0.187351 -0.87068 -0.45477 0.485867 
1533760923404 0.145329 0.882648 -0.447003 -0.602892 -0.948345 0.253046 0.191338 -0.217458 0.281997 0.396106 0.873829 0.400729 0.31622 -0.384863 0.867113 0.400795 -0.930002 -0.306262 0.203222 -0.504304 0.187351 -0.87068 -0.45477 0.485867 
1533760923445 0.145994 0.882435 -0.447208 -0.603183 -0.948371 0.2535 0.190605 -0.217371 0.281563 0.396292 0.873885 0.400658 0.31622 -0.384863 0.867113 0.400795 -0.930002 -0.306262 0.203222 -0.504304 0.187351 -0.87068 -0.45477 0.485867 
1533760923461 0.145701 0.882467 -0.447239 -0.603015 -0.948354 0.253334 0.190911 -0.217451 0.281774 0.396325 0.873802 0.400641 0.31622 -0.384863 0.867113 0.400795 -0.930002 -0.306262 0.203222 -0.504304 0.187351 -0.87068 -0.45477 0.485867 
1533760923476 0.145407 0.8825 -0.447269 -0.602844 -0.948336 0.253168 0.191219 -0.217532 0.281985 0.396357 0.873719 0.400623 0.31622 -0.384863 0.867113 0.400795 -0.930002 -0.306262 0.203222 -0.504304 0.187351 -0.87068 -0.45477 0.485867 
1533760923494 0.145112 0.882533 -0.4473 -0.602672 -0.948318 0.253001 0.191527 -0.217613 0.282196 0.39639 0.873636 0.400606 0.31622 -0.384863 0.867113 0.400795 -0.930002 -0.306262 0.203222 -0.504304 0.187351 -0.87068 -0.45477 0.485867 
1533760923535 0.144817 0.882566 -0.447332 -0.602499 -0.948301 0.252835 0.191834 -0.217693 0.282408 0.396424 0.873552 0.400588 0.31622 -0.384863 0.867113 0.400795 -0.930002 -0.306262 0.203222 -0.504304 0.187351 -0.87068 -0.45477 0.485867 
1533760923619 0.144523 0.882598 -0.447363 -0.602326 -0.948283 0.252669 0.192142 -0.217773 0.282619 0.396457 0.873469 0.40057 0.31622 -0.384863 0.867113 0.400795 -0.930002 -0.306262 0.203222 -0.504304 0.187351 -0.87068 -0.45477 0.485867 
1533760923653 0.144228 0.882631 -0.447393 -0.602155 -0.948265 0.252503 0.192449 -0.217854 0.28283 0.396491 0.873386 0.400552 0.31622 -0.384863 0.867113 0.400795 -0.930002 -0.306262 0.203222 -0.504304 0.187351 -0.87068 -0.45477 0.485867 
1533760923690 0.143934 0.882663 -0.447424 -0.601983 -0.948246 0.252337 0.192757 -0.217934 0.283041 0.396524 0.873302 0.400535 0.31622 -0.384863 0.867113 0.400795 -0.930002 -0.306262 0.203222 -0.504304 0.187351 -0.87068 -0.45477 0.485867 
