1531854173581 0.275657 -0.8825 0.381061 -0.604483 0.633204 0.464965 0.618757 -0.181741 -0.723233 0.0707247 0.686973 0.426588 0.16008 -0.775623 -0.61056 0.370831 -0.304787 0.549475 -0.777934 -0.528794 0.938871 0.310623 -0.14844 0.432481 
1531854173601 -0.148927 -0.980986 0.124446 -0.59749 0.846377 -0.0613795 0.529035 -0.25182 -0.511338 0.184116 0.839425 0.412457 0.316303 -0.930106 0.186692 0.400738 -0.384294 -0.305552 -0.871181 -0.506308 0.867335 0.203813 -0.454081 0.485857 
1531854173621 -0.112289 -0.984909 0.131704 -0.601182 0.846531 -0.0254084 0.531733 -0.25525 -0.520362 0.1712 0.836609 0.413526 0.316241 -0.929997 0.187342 0.40083 -0.384855 -0.306262 -0.870684 -0.504432 0.867109 0.203246 -0.454766 0.485875 
1531854173641 -0.0746476 -0.987498 0.138836 -0.603408 0.844952 0.0113066 0.534722 -0.25552 -0.529607 0.157226 0.833545 0.416527 0.316222 -0.930001 0.187353 0.400789 -0.384857 -0.306263 -0.870683 -0.504315 0.867115 0.203225 -0.454765 0.485864 
1531854173661 -0.0369476 -0.988579 0.146101 -0.605466 0.841933 0.0479617 0.537446 -0.255677 -0.538315 0.142865 0.830546 0.419613 0.316221 -0.930002 0.187353 0.400787 -0.384858 -0.306263 -0.870682 -0.504306 0.867115 0.203224 -0.454766 0.485864 
1531854173681 0.000740163 -0.988148 0.1535 -0.607511 0.83749 0.084493 0.53988 -0.255827 -0.546452 0.128155 0.827627 0.422704 0.316221 -0.930002 0.187353 0.40079 -0.38486 -0.306263 -0.870681 -0.504305 0.867115 0.203223 -0.454767 0.485865 
1531854173701 0.0383566 -0.986205 0.161023 -0.609556 0.831631 0.120843 0.542022 -0.255975 -0.554003 0.113122 0.824793 0.425794 0.31622 -0.930002 0.187352 0.400792 -0.384861 -0.306263 -0.870681 -0.504305 0.867114 0.203223 -0.454768 0.485866 
1531854173721 0.0758426 -0.982753 0.168657 -0.611601 0.824363 0.156956 0.543866 -0.256121 -0.560957 0.0977866 0.822049 0.428884 0.31622 -0.930002 0.187352 0.400793 -0.384861 -0.306262 -0.870681 -0.504305 0.867114 0.203222 -0.454768 0.485866 
1531854173768 0.113139 -0.977796 0.176391 -0.613646 0.8157 0.192773 0.54541 -0.256268 -0.567304 0.082175 0.819398 0.431972 0.31622 -0.930002 0.187352 0.400795 -0.384862 -0.306262 -0.870681 -0.504306 0.867114 0.203222 -0.454769 0.485867 
1531854173788 0.15013 -0.971349 0.184234 -0.615634 0.805679 0.228203 0.54663 -0.256512 -0.573011 0.0663674 0.816856 0.434972 0.316223 -0.930002 0.187348 0.400803 -0.384864 -0.306261 -0.87068 -0.504322 0.867111 0.203226 -0.454771 0.485876 
1531854173927 0.15013 -0.971349 0.184234 -0.615634 0.805679 0.228203 0.54663 -0.256512 -0.573011 0.0663674 0.816856 0.434972 0.316223 -0.930002 0.187348 0.400803 -0.384864 -0.306261 -0.87068 -0.504322 0.867111 0.203226 -0.454771 0.485876 
1531854173947 0.186876 -0.963412 0.192134 -0.617686 0.794265 0.263268 0.547569 -0.256648 -0.578118 0.0502776 0.814403 0.438062 0.316221 -0.930002 0.187351 0.400796 -0.384863 -0.306262 -0.87068 -0.504305 0.867113 0.203223 -0.45477 0.485867 
1531854173967 0.186933 -0.963405 0.192111 -0.617735 0.794237 0.263303 0.547594 -0.256551 -0.578138 0.0502182 0.814392 0.438153 0.31622 -0.930002 0.187352 0.400795 -0.384863 -0.306262 -0.87068 -0.504304 0.867113 0.203222 -0.454769 0.485867 
1531854173985 0.186933 -0.963405 0.19211 -0.617736 0.794237 0.263303 0.547594 -0.256549 -0.578138 0.0502175 0.814392 0.438155 0.31622 -0.930002 0.187352 0.400795 -0.384863 -0.306262 -0.87068 -0.504304 0.867113 0.203222 -0.454769 0.485867 
1531854173998 0.186934 -0.963405 0.192111 -0.617736 0.794236 0.263304 0.547594 -0.256549 -0.578139 0.050218 0.814392 0.438155 0.31622 -0.930002 0.187352 0.400795 -0.384863 -0.306262 -0.87068 -0.504304 0.867113 0.203222 -0.454769 0.485867 
1531854174018 0.186934 -0.963405 0.192112 -0.617736 0.794236 0.263305 0.547594 -0.256548 -0.578139 0.0502183 0.814392 0.438155 0.31622 -0.930002 0.187352 0.400795 -0.384863 -0.306262 -0.87068 -0.504304 0.867113 0.203222 -0.454769 0.485867 
1531854174042 0.186934 -0.963405 0.192112 -0.617736 0.794236 0.263304 0.547594 -0.256548 -0.578139 0.0502184 0.814392 0.438155 0.31622 -0.930002 0.187352 0.400795 -0.384863 -0.306262 -0.87068 -0.504304 0.867113 0.203222 -0.454769 0.485867 
1531854174069 0.186934 -0.963405 0.192112 -0.617736 0.794236 0.263305 0.547594 -0.256548 -0.578139 0.0502188 0.814391 0.438155 0.31622 -0.930002 0.187352 0.400795 -0.384863 -0.306262 -0.87068 -0.504304 0.867113 0.203222 -0.454769 0.485867 
1531854174089 0.186933 -0.963405 0.192113 -0.617736 0.794236 0.263304 0.547594 -0.256548 -0.578139 0.0502194 0.814391 0.438155 0.31622 -0.930002 0.187352 0.400795 -0.384863 -0.306262 -0.87068 -0.504304 0.867113 0.203222 -0.454769 0.485867 
1531854174109 0.186933 -0.963405 0.192113 -0.617736 0.794236 0.263305 0.547594 -0.256548 -0.578139 0.0502197 0.814391 0.438155 0.31622 -0.930002 0.187352 0.400795 -0.384863 -0.306262 -0.87068 -0.504304 0.867113 0.203222 -0.454769 0.485867 
1531854174136 0.186933 -0.963405 0.192113 -0.617736 0.794236 0.263305 0.547594 -0.256548 -0.578139 0.0502197 0.814391 0.438155 0.31622 -0.930002 0.187352 0.400795 -0.384863 -0.306262 -0.87068 -0.504304 0.867113 0.203222 -0.454769 0.485867 
1531854174156 0.186933 -0.963405 0.192113 -0.617736 0.794236 0.263305 0.547594 -0.256548 -0.578139 0.0502197 0.814391 0.438155 0.31622 -0.930002 0.187352 0.400795 -0.384863 -0.306262 -0.87068 -0.504304 0.867113 0.203222 -0.454769 0.485867 
1531854174175 0.186933 -0.963405 0.192113 -0.617736 0.794236 0.263305 0.547594 -0.256548 -0.578139 0.0502197 0.814391 0.438155 0.31622 -0.930002 0.187352 0.400795 -0.384863 -0.306262 -0.87068 -0.504304 0.867113 0.203222 -0.454769 0.485867 
1531854174206 0.186933 -0.963405 0.192113 -0.617736 0.794236 0.263305 0.547594 -0.256548 -0.578139 0.0502197 0.814391 0.438155 0.31622 -0.930002 0.187352 0.400795 -0.384863 -0.306262 -0.87068 -0.504304 0.867113 0.203222 -0.454769 0.485867 
1531854174222 0.186933 -0.963405 0.192113 -0.617736 0.794236 0.263305 0.547594 -0.256548 -0.578139 0.0502197 0.814391 0.438155 0.31622 -0.930002 0.187352 0.400795 -0.384863 -0.306262 -0.87068 -0.504304 0.867113 0.203222 -0.454769 0.485867 
1531854174242 0.186933 -0.963405 0.192113 -0.617736 0.794236 0.263305 0.547594 -0.256548 -0.578139 0.0502197 0.814391 0.438155 0.31622 -0.930002 0.187352 0.400795 -0.384863 -0.306262 -0.87068 -0.504304 0.867113 0.203222 -0.454769 0.485867 
1531854174262 0.186933 -0.963405 0.192113 -0.617736 0.794236 0.263305 0.547594 -0.256548 -0.578139 0.0502197 0.814391 0.438155 0.31622 -0.930002 0.187352 0.400795 -0.384863 -0.306262 -0.87068 -0.504304 0.867113 0.203222 -0.454769 0.485867 
1531854174282 0.186933 -0.963405 0.192113 -0.617736 0.794236 0.263305 0.547594 -0.256548 -0.578139 0.0502197 0.814391 0.438155 0.31622 -0.930002 0.187352 0.400795 -0.384863 -0.306262 -0.87068 -0.504304 0.867113 0.203222 -0.454769 0.485867 
1531854174302 0.186933 -0.963405 0.192113 -0.617736 0.794236 0.263305 0.547594 -0.256548 -0.578139 0.0502197 0.814391 0.438155 0.31622 -0.930002 0.187352 0.400795 -0.384863 -0.306262 -0.87068 -0.504304 0.867113 0.203222 -0.454769 0.485867 
1531854174346 0.186933 -0.963405 0.192113 -0.617736 0.794236 0.263305 0.547594 -0.256548 -0.578139 0.0502197 0.814391 0.438155 0.31622 -0.930002 0.187352 0.400795 -0.384863 -0.306262 -0.87068 -0.504304 0.867113 0.203222 -0.454769 0.485867 
1531854174384 0.186933 -0.963405 0.192113 -0.617736 0.794236 0.263305 0.547594 -0.256548 -0.578139 0.0502197 0.814391 0.438155 0.31622 -0.930002 0.187352 0.400795 -0.384863 -0.306262 -0.87068 -0.504304 0.867113 0.203222 -0.454769 0.485867 
1531854174397 0.186811 -0.963418 0.192164 -0.617747 0.794151 0.263243 0.547748 -0.256559 -0.578296 0.0502819 0.814276 0.438188 0.31622 -0.930002 0.187352 0.400795 -0.384863 -0.306262 -0.87068 -0.504304 0.867113 0.203222 -0.454769 0.485867 
1531854174417 0.186688 -0.963432 0.192215 -0.617758 0.794064 0.263182 0.547902 -0.25657 -0.578454 0.0503439 0.81416 0.438222 0.31622 -0.930002 0.187352 0.400795 -0.384863 -0.306262 -0.87068 -0.504304 0.867113 0.203222 -0.454769 0.485867 
1531854174437 0.186566 -0.963445 0.192266 -0.617769 0.793978 0.26312 0.548057 -0.25658 -0.578612 0.0504059 0.814044 0.438255 0.31622 -0.930002 0.187352 0.400795 -0.384863 -0.306262 -0.87068 -0.504304 0.867113 0.203222 -0.454769 0.485867 
1531854174457 0.186444 -0.963459 0.192316 -0.61778 0.793892 0.263059 0.548211 -0.256591 -0.578769 0.0504679 0.813928 0.438289 0.31622 -0.930002 0.187352 0.400795 -0.384863 -0.306262 -0.87068 -0.504304 0.867113 0.203222 -0.454769 0.485867 
1531854174477 0.186322 -0.963472 0.192367 -0.617791 0.793806 0.262998 0.548365 -0.256602 -0.578927 0.0505299 0.813813 0.438322 0.31622 -0.930002 0.187352 0.400795 -0.384863 -0.306262 -0.87068 -0.504304 0.867113 0.203222 -0.454769 0.485867 
1531854174500 0.1862 -0.963486 0.192418 -0.617802 0.79372 0.262936 0.548519 -0.256613 -0.579084 0.0505919 0.813697 0.438355 0.31622 -0.930002 0.187352 0.400795 -0.384863 -0.306262 -0.87068 -0.504304 0.867113 0.203222 -0.454769 0.485867 
1531854174517 0.186077 -0.963499 0.192469 -0.617813 0.793634 0.262875 0.548673 -0.256623 -0.579241 0.050654 0.813581 0.438389 0.31622 -0.930002 0.187352 0.400795 -0.384863 -0.306262 -0.87068 -0.504304 0.867113 0.203222 -0.454769 0.485867 
1531854174557 0.185955 -0.963513 0.192519 -0.617825 0.793547 0.262813 0.548828 -0.256634 -0.579399 0.050716 0.813464 0.438422 0.31622 -0.930002 0.187352 0.400795 -0.384863 -0.306262 -0.87068 -0.504304 0.867113 0.203222 -0.454769 0.485867 
1531854174578 0.185833 -0.963526 0.19257 -0.617835 0.793461 0.262752 0.548982 -0.256645 -0.579556 0.050778 0.813349 0.438454 0.31622 -0.930002 0.187352 0.400795 -0.384863 -0.306262 -0.87068 -0.504304 0.867113 0.203222 -0.454769 0.485867 
1531854174633 0.185833 -0.963526 0.19257 -0.617835 0.793461 0.262752 0.548982 -0.256645 -0.579556 0.050778 0.813349 0.438454 0.31622 -0.930002 0.187352 0.400795 -0.384863 -0.306262 -0.87068 -0.504304 0.867113 0.203222 -0.454769 0.485867 
1531854174646 0.185693 -0.963547 0.192602 -0.617848 0.793374 0.262666 0.549149 -0.256658 -0.579721 0.0508322 0.813228 0.438487 0.31622 -0.930002 0.187352 0.400795 -0.384863 -0.306262 -0.87068 -0.504304 0.867113 0.203222 -0.454769 0.485867 
1531854174666 0.185675 -0.963554 0.192584 -0.617849 0.793371 0.262642 0.549164 -0.256661 -0.57973 0.0508247 0.813222 0.438488 0.31622 -0.930002 0.187352 0.400795 -0.384863 -0.306262 -0.87068 -0.504304 0.867113 0.203222 -0.454769 0.485867 
1531854174686 0.185658 -0.963561 0.192566 -0.617849 0.79337 0.262618 0.549178 -0.256663 -0.579738 0.050817 0.813217 0.438488 0.31622 -0.930002 0.187352 0.400795 -0.384863 -0.306262 -0.87068 -0.504304 0.867113 0.203222 -0.454769 0.485867 
1531854174706 0.18564 -0.963568 0.192548 -0.61785 0.793368 0.262594 0.549192 -0.256666 -0.579746 0.0508093 0.813212 0.438488 0.31622 -0.930002 0.187352 0.400795 -0.384863 -0.306262 -0.87068 -0.504304 0.867113 0.203222 -0.454769 0.485867 
1531854174727 0.185623 -0.963575 0.19253 -0.617851 0.793366 0.262569 0.549206 -0.256668 -0.579753 0.0508015 0.813207 0.438487 0.31622 -0.930002 0.187352 0.400795 -0.384863 -0.306262 -0.87068 -0.504304 0.867113 0.203222 -0.454769 0.485867 
1531854174748 0.185605 -0.963582 0.192512 -0.617852 0.793365 0.262545 0.54922 -0.256671 -0.579761 0.0507938 0.813202 0.438487 0.31622 -0.930002 0.187352 0.400795 -0.384863 -0.306262 -0.87068 -0.504304 0.867113 0.203222 -0.454769 0.485867 
1531854174766 0.185588 -0.963589 0.192493 -0.617852 0.793363 0.262521 0.549234 -0.256673 -0.579769 0.0507861 0.813197 0.438487 0.31622 -0.930002 0.187352 0.400795 -0.384863 -0.306262 -0.87068 -0.504304 0.867113 0.203222 -0.454769 0.485867 
1531854174786 0.18557 -0.963596 0.192475 -0.617853 0.793362 0.262497 0.549248 -0.256676 -0.579777 0.0507784 0.813192 0.438487 0.31622 -0.930002 0.187352 0.400795 -0.384863 -0.306262 -0.87068 -0.504304 0.867113 0.203222 -0.454769 0.485867 
1531854174806 0.185553 -0.963603 0.192457 -0.617854 0.79336 0.262473 0.549261 -0.256678 -0.579785 0.0507707 0.813186 0.438486 0.31622 -0.930002 0.187352 0.400795 -0.384863 -0.306262 -0.87068 -0.504304 0.867113 0.203222 -0.454769 0.485867 
1531854174838 0.251023 0.628093 0.736537 0.219106 -0.762436 -0.340508 0.550224 0.0236007 0.596389 -0.699681 0.393405 0.475945 -0.381792 -0.790969 -0.478125 0.39339 0.0140842 0.512273 -0.858707 -0.293379 0.924141 -0.334582 -0.184442 0.602503 
1531854174851 0.190396 -0.963546 0.18796 -0.526824 0.787471 0.264228 0.556843 -0.203037 -0.586208 0.0419923 0.809072 0.44922 0.311151 -0.93129 0.18943 0.401155 -0.387 -0.306212 -0.86975 -0.475125 0.867995 0.197315 -0.455688 0.490655 
1531854174871 0.187041 -0.963704 0.190501 -0.543998 0.788249 0.262962 0.556339 -0.220449 -0.586241 0.0461037 0.808824 0.442087 0.315941 -0.930064 0.187516 0.400282 -0.385007 -0.306314 -0.870598 -0.501787 0.867151 0.202863 -0.454859 0.48592 
1531854174891 0.187037 -0.963695 0.190549 -0.544854 0.788331 0.262981 0.556216 -0.221345 -0.586133 0.0461826 0.808897 0.441634 0.316194 -0.930007 0.187372 0.400739 -0.384877 -0.306272 -0.87067 -0.504065 0.867116 0.203186 -0.45478 0.485858 
1531854174911 0.187057 -0.96369 0.190556 -0.544876 0.788324 0.263001 0.556215 -0.221389 -0.586135 0.0461763 0.808896 0.441624 0.316216 -0.930003 0.187357 0.400794 -0.384867 -0.306266 -0.870677 -0.504271 0.867113 0.203214 -0.454774 0.485863 
1531854174931 0.187073 -0.963685 0.190563 -0.544864 0.788318 0.263019 0.556215 -0.221404 -0.586138 0.0461712 0.808895 0.441629 0.316218 -0.930002 0.187355 0.400798 -0.384865 -0.306265 -0.870678 -0.504292 0.867113 0.203218 -0.454772 0.485864 
1531854174951 0.187088 -0.96368 0.190574 -0.544856 0.788317 0.263037 0.556209 -0.221417 -0.586136 0.0461727 0.808896 0.44163 0.316219 -0.930002 0.187354 0.400797 -0.384864 -0.306264 -0.870679 -0.504297 0.867113 0.203219 -0.454771 0.485865 
1531854174971 0.187102 -0.963674 0.190589 -0.544851 0.788317 0.263057 0.556199 -0.221426 -0.586131 0.0461786 0.808899 0.441629 0.316219 -0.930002 0.187353 0.400796 -0.384864 -0.306263 -0.870679 -0.504298 0.867113 0.20322 -0.454771 0.485866 
1531854174991 0.187118 -0.963668 0.190608 -0.544849 0.788317 0.263081 0.556188 -0.221429 -0.586126 0.046187 0.808902 0.441629 0.316218 -0.930003 0.187353 0.400793 -0.384864 -0.306263 -0.870679 -0.504291 0.867114 0.203219 -0.45477 0.485865 
1531854175011 0.187133 -0.963661 0.190627 -0.544859 0.788319 0.263103 0.556175 -0.221402 -0.586118 0.0461961 0.808907 0.441633 0.316213 -0.930002 0.187364 0.400754 -0.384862 -0.306271 -0.870678 -0.504215 0.867116 0.203211 -0.454769 0.485844 
1531854175072 0.187133 -0.963661 0.190627 -0.544859 0.788319 0.263103 0.556175 -0.221402 -0.586118 0.0461961 0.808907 0.441633 0.316213 -0.930002 0.187364 0.400754 -0.384862 -0.306271 -0.870678 -0.504215 0.867116 0.203211 -0.454769 0.485844 
1531854175091 0.187174 -0.963653 0.190629 -0.544842 0.788327 0.263136 0.556148 -0.22143 -0.586095 0.0461811 0.808925 0.441625 0.316219 -0.930002 0.187352 0.400792 -0.384863 -0.306263 -0.87068 -0.504295 0.867114 0.203221 -0.454769 0.485866 
1531854175111 0.187199 -0.963652 0.190609 -0.54484 0.788336 0.263144 0.55613 -0.221428 -0.586074 0.046157 0.808942 0.441621 0.316219 -0.930002 0.187353 0.400795 -0.384862 -0.306263 -0.87068 -0.504303 0.867114 0.203221 -0.454769 0.485867 
1531854175131 0.187224 -0.963651 0.19059 -0.544838 0.788346 0.263152 0.556113 -0.221425 -0.586053 0.0461327 0.808958 0.441618 0.31622 -0.930002 0.187352 0.400795 -0.384862 -0.306263 -0.87068 -0.504304 0.867114 0.203221 -0.454769 0.485867 
1531854175151 0.187249 -0.96365 0.19057 -0.544835 0.788355 0.26316 0.556096 -0.221423 -0.586032 0.0461085 0.808975 0.441615 0.31622 -0.930002 0.187352 0.400795 -0.384862 -0.306263 -0.87068 -0.504304 0.867114 0.203221 -0.454769 0.485867 
1531854175171 0.187274 -0.963649 0.190551 -0.544833 0.788365 0.263168 0.556079 -0.22142 -0.586011 0.0460842 0.808991 0.441612 0.31622 -0.930002 0.187352 0.400795 -0.384862 -0.306263 -0.87068 -0.504304 0.867114 0.203221 -0.454769 0.485867 
1531854175194 0.187299 -0.963648 0.190531 -0.544831 0.788374 0.263176 0.556061 -0.221417 -0.585991 0.0460599 0.809008 0.441608 0.31622 -0.930002 0.187352 0.400795 -0.384862 -0.306263 -0.87068 -0.504304 0.867114 0.203221 -0.454769 0.485867 
1531854175204 0.187324 -0.963647 0.190511 -0.544828 0.788384 0.263184 0.556044 -0.221414 -0.58597 0.0460357 0.809024 0.441605 0.31622 -0.930002 0.187352 0.400795 -0.384862 -0.306263 -0.87068 -0.504304 0.867114 0.203221 -0.454769 0.485867 
1531854175224 0.187349 -0.963646 0.190492 -0.544826 0.788393 0.263192 0.556027 -0.221412 -0.585949 0.0460114 0.809041 0.441602 0.31622 -0.930002 0.187352 0.400795 -0.384862 -0.306263 -0.87068 -0.504304 0.867114 0.203221 -0.454769 0.485867 
1531854175244 0.187374 -0.963645 0.190472 -0.544824 0.788403 0.2632 0.55601 -0.221409 -0.585928 0.0459872 0.809057 0.441599 0.31622 -0.930002 0.187352 0.400795 -0.384862 -0.306263 -0.87068 -0.504303 0.867114 0.203221 -0.454769 0.485867 
1531854175324 0.187374 -0.963645 0.190472 -0.544824 0.788403 0.2632 0.55601 -0.221409 -0.585928 0.0459872 0.809057 0.441599 0.31622 -0.930002 0.187352 0.400795 -0.384862 -0.306263 -0.87068 -0.504303 0.867114 0.203221 -0.454769 0.485867 
1531854175337 0.187402 -0.963642 0.19046 -0.544821 0.788413 0.263214 0.555988 -0.221406 -0.585905 0.045968 0.809075 0.441596 0.31622 -0.930002 0.187352 0.400795 -0.384862 -0.306263 -0.87068 -0.504304 0.867114 0.203221 -0.454769 0.485867 
1531854175357 0.187405 -0.96364 0.190467 -0.544821 0.788415 0.26322 0.555984 -0.221405 -0.585903 0.0459729 0.809076 0.441596 0.31622 -0.930002 0.187352 0.400795 -0.384862 -0.306263 -0.87068 -0.504304 0.867114 0.203221 -0.454769 0.485867 
1531854175377 0.187407 -0.963638 0.190474 -0.544822 0.788416 0.263226 0.555979 -0.221405 -0.585901 0.0459779 0.809078 0.441597 0.31622 -0.930002 0.187352 0.400795 -0.384862 -0.306263 -0.87068 -0.504304 0.867114 0.203221 -0.454769 0.485867 
1531854175397 0.18741 -0.963636 0.190481 -0.544822 0.788417 0.263232 0.555975 -0.221404 -0.585898 0.045983 0.809079 0.441597 0.31622 -0.930002 0.187352 0.400795 -0.384862 -0.306263 -0.87068 -0.504304 0.867114 0.203221 -0.454769 0.485867 
1531854175417 0.187413 -0.963634 0.190488 -0.544822 0.788418 0.263238 0.555971 -0.221403 -0.585896 0.045988 0.80908 0.441597 0.31622 -0.930002 0.187352 0.400795 -0.384862 -0.306263 -0.87068 -0.504304 0.867114 0.203221 -0.454769 0.485867 
1531854175437 0.187416 -0.963632 0.190495 -0.544822 0.788419 0.263244 0.555966 -0.221403 -0.585894 0.045993 0.809082 0.441598 0.31622 -0.930002 0.187352 0.400795 -0.384862 -0.306263 -0.87068 -0.504304 0.867114 0.203221 -0.454769 0.485867 
1531854175478 0.187418 -0.96363 0.190502 -0.544822 0.78842 0.26325 0.555962 -0.221402 -0.585892 0.045998 0.809083 0.441598 0.31622 -0.930002 0.187352 0.400795 -0.384862 -0.306263 -0.87068 -0.504304 0.867114 0.203221 -0.454769 0.485867 
1531854175497 0.187421 -0.963628 0.190509 -0.544822 0.788421 0.263257 0.555958 -0.221402 -0.585889 0.046003 0.809084 0.441598 0.31622 -0.930002 0.187352 0.400795 -0.384862 -0.306263 -0.87068 -0.504304 0.867114 0.203221 -0.454769 0.485867 
1531854175517 0.187424 -0.963627 0.190516 -0.544822 0.788422 0.263263 0.555953 -0.221401 -0.585887 0.046008 0.809086 0.441599 0.31622 -0.930002 0.187352 0.400795 -0.384862 -0.306263 -0.87068 -0.504304 0.867114 0.203221 -0.454769 0.485867 
1531854175565 0.187424 -0.963627 0.190516 -0.544822 0.788422 0.263263 0.555953 -0.221401 -0.585887 0.046008 0.809086 0.441599 0.31622 -0.930002 0.187352 0.400795 -0.384862 -0.306263 -0.87068 -0.504304 0.867114 0.203221 -0.454769 0.485867 
1531854175585 0.187428 -0.963623 0.19053 -0.544823 0.788421 0.263275 0.555948 -0.2214 -0.585886 0.0460176 0.809086 0.4416 0.31622 -0.930002 0.187352 0.400795 -0.384862 -0.306263 -0.87068 -0.504304 0.867114 0.203221 -0.454769 0.485867 
1531854175624 0.18743 -0.963621 0.190538 -0.544823 0.78842 0.26328 0.555948 -0.2214 -0.585888 0.0460222 0.809085 0.441601 0.31622 -0.930002 0.187352 0.400795 -0.384862 -0.306263 -0.87068 -0.504304 0.867114 0.203221 -0.454769 0.485867 
1531854175645 0.187432 -0.963619 0.190545 -0.544823 0.788418 0.263286 0.555947 -0.221399 -0.585889 0.0460268 0.809083 0.441602 0.31622 -0.930002 0.187352 0.400795 -0.384862 -0.306263 -0.87068 -0.504304 0.867114 0.203221 -0.454769 0.485867 
1531854175664 0.187434 -0.963617 0.190552 -0.544823 0.788417 0.263292 0.555946 -0.221398 -0.58589 0.0460313 0.809082 0.441603 0.31622 -0.930002 0.187352 0.400795 -0.384862 -0.306263 -0.87068 -0.504304 0.867114 0.203221 -0.454769 0.485867 
1531854175684 0.187436 -0.963616 0.190559 -0.544823 0.788415 0.263298 0.555945 -0.221398 -0.585892 0.0460359 0.809081 0.441603 0.31622 -0.930002 0.187352 0.400795 -0.384862 -0.306263 -0.87068 -0.504304 0.867114 0.203221 -0.454769 0.485867 
1531854175704 0.187438 -0.963614 0.190567 -0.544824 0.788414 0.263304 0.555945 -0.221397 -0.585893 0.0460404 0.80908 0.441604 0.31622 -0.930002 0.187352 0.400795 -0.384862 -0.306263 -0.87068 -0.504304 0.867114 0.203221 -0.454769 0.485867 
1531854175724 0.18744 -0.963612 0.190574 -0.544824 0.788413 0.26331 0.555944 -0.221397 -0.585894 0.046045 0.809078 0.441605 0.31622 -0.930002 0.187352 0.400795 -0.384862 -0.306263 -0.87068 -0.504304 0.867114 0.203221 -0.454769 0.485867 
1531854175744 0.187442 -0.96361 0.190581 -0.544824 0.788411 0.263316 0.555943 -0.221396 -0.585895 0.0460496 0.809077 0.441606 0.31622 -0.930002 0.187352 0.400795 -0.384862 -0.306263 -0.87068 -0.504304 0.867114 0.203221 -0.454769 0.485867 
1531854175764 0.187444 -0.963608 0.190589 -0.544824 0.78841 0.263321 0.555942 -0.221395 -0.585897 0.0460541 0.809076 0.441607 0.31622 -0.930002 0.187352 0.400795 -0.384862 -0.306263 -0.87068 -0.504304 0.867114 0.203221 -0.454769 0.485867 
1531854175806 0.187444 -0.963608 0.190589 -0.544824 0.78841 0.263321 0.555942 -0.221395 -0.585897 0.0460541 0.809076 0.441607 0.31622 -0.930002 0.187352 0.400795 -0.384862 -0.306263 -0.87068 -0.504304 0.867114 0.203221 -0.454769 0.485867 
1531854175826 0.187428 -0.963611 0.19059 -0.544826 0.788395 0.263311 0.555969 -0.221397 -0.585922 0.0460561 0.809057 0.441611 0.31622 -0.930002 0.187352 0.400795 -0.384862 -0.306263 -0.87068 -0.504304 0.867114 0.203221 -0.454769 0.485867 
1531854175846 0.18741 -0.963616 0.190584 -0.544827 0.788381 0.263294 0.555996 -0.221399 -0.585946 0.0460534 0.80904 0.441614 0.31622 -0.930002 0.187352 0.400795 -0.384862 -0.306263 -0.87068 -0.504304 0.867114 0.203221 -0.454769 0.485867 
1531854175866 0.187392 -0.963621 0.190578 -0.544829 0.788367 0.263277 0.556024 -0.221401 -0.585971 0.0460508 0.809023 0.441616 0.31622 -0.930002 0.187352 0.400795 -0.384862 -0.306263 -0.87068 -0.504304 0.867114 0.203221 -0.454769 0.485867 
1531854175886 0.187374 -0.963625 0.190571 -0.54483 0.788353 0.26326 0.556051 -0.221402 -0.585995 0.0460481 0.809005 0.441619 0.31622 -0.930002 0.187352 0.400795 -0.384862 -0.306263 -0.87068 -0.504304 0.867114 0.203221 -0.454769 0.485867 
1531854175907 0.187356 -0.96363 0.190565 -0.544832 0.78834 0.263244 0.556079 -0.221404 -0.586019 0.0460454 0.808988 0.441622 0.31622 -0.930002 0.187352 0.400795 -0.384862 -0.306263 -0.87068 -0.504304 0.867114 0.203221 -0.454769 0.485867 
1531854175926 0.187338 -0.963635 0.190559 -0.544833 0.788326 0.263227 0.556106 -0.221406 -0.586043 0.0460428 0.808971 0.441625 0.31622 -0.930002 0.187352 0.400795 -0.384862 -0.306263 -0.87068 -0.504304 0.867114 0.203221 -0.454769 0.485867 
1531854175946 0.18732 -0.963639 0.190553 -0.544835 0.788312 0.26321 0.556133 -0.221408 -0.586067 0.0460401 0.808953 0.441628 0.31622 -0.930002 0.187352 0.400795 -0.384862 -0.306263 -0.87068 -0.504304 0.867114 0.203221 -0.454769 0.485867 
1531854175966 0.187302 -0.963644 0.190547 -0.544836 0.788298 0.263193 0.556161 -0.22141 -0.586092 0.0460375 0.808936 0.441631 0.31622 -0.930002 0.187352 0.400795 -0.384862 -0.306263 -0.87068 -0.504304 0.867114 0.203221 -0.454769 0.485867 
1531854175986 0.187285 -0.963649 0.190541 -0.544838 0.788285 0.263177 0.556188 -0.221412 -0.586116 0.0460348 0.808919 0.441634 0.31622 -0.930002 0.187352 0.400795 -0.384862 -0.306263 -0.87068 -0.504304 0.867114 0.203221 -0.454769 0.485867 
1531854176035 0.187285 -0.963649 0.190541 -0.544838 0.788285 0.263177 0.556188 -0.221412 -0.586116 0.0460348 0.808919 0.441634 0.31622 -0.930002 0.187352 0.400795 -0.384862 -0.306263 -0.87068 -0.504304 0.867114 0.203221 -0.454769 0.485867 
1531854176054 0.187266 -0.963654 0.190535 -0.544839 0.78827 0.26316 0.556218 -0.221414 -0.586142 0.0460321 0.808899 0.441637 0.31622 -0.930002 0.187352 0.400795 -0.384862 -0.306263 -0.87068 -0.504304 0.867114 0.203221 -0.454769 0.485867 
1531854176074 0.187265 -0.963654 0.190535 -0.544839 0.788268 0.263159 0.55622 -0.221414 -0.586145 0.0460321 0.808898 0.441637 0.31622 -0.930002 0.187352 0.400795 -0.384862 -0.306263 -0.87068 -0.504304 0.867114 0.203221 -0.454769 0.485867 
1531854176094 0.187264 -0.963654 0.190535 -0.544839 0.788267 0.263158 0.556222 -0.221414 -0.586147 0.0460321 0.808896 0.441637 0.31622 -0.930002 0.187352 0.400795 -0.384862 -0.306263 -0.87068 -0.504304 0.867114 0.203221 -0.454769 0.485867 
1531854176114 0.187263 -0.963654 0.190535 -0.544839 0.788265 0.263158 0.556225 -0.221415 -0.586149 0.046032 0.808895 0.441637 0.31622 -0.930002 0.187352 0.400795 -0.384862 -0.306263 -0.87068 -0.504304 0.867114 0.203221 -0.454769 0.485867 
1531854176146 0.187262 -0.963654 0.190535 -0.544839 0.788264 0.263157 0.556227 -0.221415 -0.586151 0.046032 0.808893 0.441638 0.31622 -0.930002 0.187352 0.400795 -0.384862 -0.306263 -0.87068 -0.504304 0.867114 0.203221 -0.454769 0.485867 
1531854176180 0.187261 -0.963654 0.190536 -0.544839 0.788262 0.263157 0.556229 -0.221415 -0.586153 0.046032 0.808891 0.441638 0.31622 -0.930002 0.187352 0.400795 -0.384862 -0.306263 -0.87068 -0.504304 0.867114 0.203221 -0.454769 0.485867 
1531854176200 0.18726 -0.963654 0.190536 -0.54484 0.788261 0.263156 0.556232 -0.221416 -0.586156 0.0460319 0.80889 0.441638 0.31622 -0.930002 0.187352 0.400795 -0.384862 -0.306263 -0.87068 -0.504304 0.867114 0.203221 -0.454769 0.485867 
1531854176221 0.187259 -0.963655 0.190536 -0.54484 0.788259 0.263156 0.556234 -0.221416 -0.586158 0.0460319 0.808888 0.441638 0.31622 -0.930002 0.187352 0.400795 -0.384862 -0.306263 -0.87068 -0.504304 0.867114 0.203221 -0.454769 0.485867 
1531854176240 0.187258 -0.963655 0.190536 -0.54484 0.788258 0.263155 0.556236 -0.221416 -0.58616 0.0460319 0.808886 0.441638 0.31622 -0.930002 0.187352 0.400795 -0.384862 -0.306263 -0.87068 -0.504304 0.867114 0.203221 -0.454769 0.485867 
1531854176323 0.187258 -0.963655 0.190536 -0.54484 0.788258 0.263155 0.556236 -0.221416 -0.58616 0.0460319 0.808886 0.441638 0.31622 -0.930002 0.187352 0.400795 -0.384862 -0.306263 -0.87068 -0.504304 0.867114 0.203221 -0.454769 0.485867 
1531854176341 0.187251 -0.963657 0.190533 -0.544844 0.788251 0.263149 0.556249 -0.221417 -0.586171 0.04603 0.808878 0.441639 0.31622 -0.930002 0.187352 0.400795 -0.384862 -0.306263 -0.87068 -0.504304 0.867114 0.203221 -0.454769 0.485867 
1531854176381 0.187246 -0.963658 0.190531 -0.544848 0.788246 0.263143 0.556259 -0.221417 -0.58618 0.0460281 0.808872 0.441641 0.31622 -0.930002 0.187352 0.400795 -0.384862 -0.306263 -0.87068 -0.504304 0.867114 0.203221 -0.454769 0.485867 
1531854176402 0.18724 -0.96366 0.190528 -0.544852 0.788241 0.263137 0.556269 -0.221418 -0.586189 0.0460262 0.808866 0.441642 0.31622 -0.930002 0.187352 0.400795 -0.384862 -0.306263 -0.87068 -0.504304 0.867114 0.203221 -0.454769 0.485867 
1531854176415 0.187234 -0.963662 0.190525 -0.544856 0.788235 0.263131 0.556279 -0.221418 -0.586198 0.0460243 0.808859 0.441643 0.31622 -0.930002 0.187352 0.400795 -0.384862 -0.306263 -0.87068 -0.504304 0.867114 0.203221 -0.454769 0.485867 
1531854176441 0.187228 -0.963663 0.190522 -0.54486 0.78823 0.263126 0.55629 -0.221419 -0.586207 0.0460224 0.808853 0.441644 0.31622 -0.930002 0.187352 0.400795 -0.384862 -0.306263 -0.87068 -0.504304 0.867114 0.203221 -0.454769 0.485867 
1531854176461 0.187222 -0.963665 0.19052 -0.544864 0.788225 0.26312 0.5563 -0.221419 -0.586216 0.0460205 0.808847 0.441645 0.31622 -0.930002 0.187352 0.400795 -0.384862 -0.306263 -0.87068 -0.504304 0.867114 0.203221 -0.454769 0.485867 
1531854176481 0.187217 -0.963667 0.190517 -0.544868 0.78822 0.263114 0.55631 -0.22142 -0.586225 0.0460186 0.80884 0.441647 0.31622 -0.930002 0.187352 0.400795 -0.384862 -0.306263 -0.87068 -0.504304 0.867114 0.203221 -0.454769 0.485867 
1531854176495 0.187211 -0.963668 0.190514 -0.544872 0.788214 0.263108 0.55632 -0.22142 -0.586234 0.0460167 0.808834 0.441648 0.31622 -0.930002 0.187352 0.400795 -0.384862 -0.306263 -0.87068 -0.504304 0.867114 0.203221 -0.454769 0.485867 
1531854176521 0.187205 -0.96367 0.190511 -0.544876 0.788209 0.263103 0.55633 -0.221421 -0.586243 0.0460148 0.808827 0.441649 0.31622 -0.930002 0.187352 0.400795 -0.384862 -0.306263 -0.87068 -0.504304 0.867114 0.203221 -0.454769 0.485867 
1531854176592 0.187205 -0.96367 0.190511 -0.544876 0.788209 0.263103 0.55633 -0.221421 -0.586243 0.0460148 0.808827 0.441649 0.31622 -0.930002 0.187352 0.400795 -0.384862 -0.306263 -0.87068 -0.504304 0.867114 0.203221 -0.454769 0.485867 
1531854176606 0.187184 -0.96367 0.19053 -0.544899 0.788198 0.263097 0.556349 -0.221422 -0.586265 0.0460362 0.80881 0.441654 0.31622 -0.930002 0.187352 0.400795 -0.384862 -0.306263 -0.87068 -0.504304 0.867114 0.203221 -0.454769 0.485867 
1531854176626 0.187168 -0.963669 0.190552 -0.544917 0.788192 0.263098 0.556357 -0.221423 -0.586278 0.0460594 0.808799 0.441657 0.31622 -0.930002 0.187352 0.400795 -0.384862 -0.306263 -0.87068 -0.504304 0.867114 0.203221 -0.454769 0.485867 
1531854176646 0.187152 -0.963668 0.190574 -0.544936 0.788186 0.263098 0.556366 -0.221424 -0.586291 0.0460826 0.808788 0.44166 0.31622 -0.930002 0.187352 0.400795 -0.384862 -0.306263 -0.87068 -0.504304 0.867114 0.203221 -0.454769 0.485867 
1531854176686 0.187136 -0.963667 0.190596 -0.544955 0.78818 0.263099 0.556374 -0.221424 -0.586305 0.0461058 0.808778 0.441664 0.31622 -0.930002 0.187352 0.400795 -0.384862 -0.306263 -0.87068 -0.504304 0.867114 0.203221 -0.454769 0.485867 
1531854176699 0.18712 -0.963665 0.190617 -0.544974 0.788174 0.263099 0.556382 -0.221425 -0.586318 0.0461291 0.808767 0.441667 0.31622 -0.930002 0.187352 0.400795 -0.384862 -0.306263 -0.87068 -0.504304 0.867114 0.203221 -0.454769 0.485867 
1531854176726 0.187104 -0.963664 0.190639 -0.544993 0.788168 0.263099 0.556391 -0.221426 -0.586331 0.0461524 0.808756 0.441671 0.31622 -0.930002 0.187352 0.400795 -0.384862 -0.306263 -0.87068 -0.504304 0.867114 0.203221 -0.454769 0.485867 
1531854176746 0.187088 -0.963663 0.190661 -0.545011 0.788161 0.2631 0.556399 -0.221427 -0.586344 0.0461756 0.808745 0.441674 0.31622 -0.930002 0.187352 0.400795 -0.384862 -0.306263 -0.87068 -0.504304 0.867114 0.203221 -0.454769 0.485867 
1531854176766 0.187073 -0.963662 0.190683 -0.54503 0.788155 0.2631 0.556408 -0.221427 -0.586357 0.0461989 0.808734 0.441677 0.31622 -0.930002 0.187352 0.400795 -0.384862 -0.306263 -0.87068 -0.504304 0.867114 0.203221 -0.454769 0.485867 
1531854176786 0.187057 -0.963661 0.190704 -0.545048 0.788149 0.2631 0.556416 -0.221428 -0.58637 0.0462221 0.808723 0.441681 0.31622 -0.930002 0.187352 0.400795 -0.384862 -0.306263 -0.87068 -0.504304 0.867114 0.203221 -0.454769 0.485867 
1531854176837 0.187057 -0.963661 0.190704 -0.545048 0.788149 0.2631 0.556416 -0.221428 -0.58637 0.0462221 0.808723 0.441681 0.31622 -0.930002 0.187352 0.400795 -0.384862 -0.306263 -0.87068 -0.504304 0.867114 0.203221 -0.454769 0.485867 
1531854176857 0.18704 -0.963659 0.190728 -0.545096 0.788138 0.263102 0.556432 -0.221427 -0.586391 0.046245 0.808707 0.441687 0.31622 -0.930002 0.187352 0.400795 -0.384862 -0.306263 -0.87068 -0.504304 0.867114 0.203221 -0.454769 0.485867 
1531854176896 0.187039 -0.963659 0.19073 -0.545125 0.788132 0.263102 0.55644 -0.221426 -0.586399 0.0462448 0.808701 0.44169 0.31622 -0.930002 0.187352 0.400795 -0.384862 -0.306263 -0.87068 -0.504304 0.867114 0.203221 -0.454769 0.485867 
1531854176939 0.187038 -0.963659 0.190732 -0.545154 0.788126 0.263103 0.556447 -0.221425 -0.586407 0.0462445 0.808695 0.441693 0.31622 -0.930002 0.187352 0.400795 -0.384862 -0.306263 -0.87068 -0.504304 0.867114 0.203221 -0.454769 0.485867 
1531854176959 0.187036 -0.963659 0.190734 -0.545183 0.788121 0.263104 0.556455 -0.221424 -0.586415 0.0462443 0.808689 0.441696 0.31622 -0.930002 0.187352 0.400795 -0.384862 -0.306263 -0.87068 -0.504304 0.867114 0.203221 -0.454769 0.485867 
1531854177010 0.187035 -0.963658 0.190736 -0.545212 0.788115 0.263104 0.556462 -0.221423 -0.586423 0.046244 0.808684 0.441699 0.31622 -0.930002 0.187352 0.400795 -0.384862 -0.306263 -0.87068 -0.504304 0.867114 0.203221 -0.454769 0.485867 
1531854177033 0.187034 -0.963658 0.190738 -0.545241 0.78811 0.263105 0.55647 -0.221421 -0.586431 0.0462437 0.808678 0.441702 0.31622 -0.930002 0.187352 0.400795 -0.384862 -0.306263 -0.87068 -0.504304 0.867114 0.203221 -0.454769 0.485867 
1531854177066 0.187033 -0.963658 0.19074 -0.545269 0.788104 0.263106 0.556478 -0.22142 -0.586439 0.0462435 0.808672 0.441705 0.31622 -0.930002 0.187352 0.400795 -0.384862 -0.306263 -0.87068 -0.504304 0.867114 0.203221 -0.454769 0.485867 
1531854177100 0.187032 -0.963658 0.190742 -0.545298 0.788098 0.263107 0.556485 -0.221419 -0.586447 0.0462432 0.808666 0.441708 0.31622 -0.930002 0.187352 0.400795 -0.384862 -0.306263 -0.87068 -0.504304 0.867114 0.203221 -0.454769 0.485867 
1531854177126 0.187031 -0.963658 0.190744 -0.545326 0.788093 0.263107 0.556493 -0.221417 -0.586455 0.046243 0.808661 0.441711 0.31622 -0.930002 0.187352 0.400795 -0.384862 -0.306263 -0.87068 -0.504304 0.867114 0.203221 -0.454769 0.485867 
1531854177183 0.187031 -0.963658 0.190744 -0.545326 0.788093 0.263107 0.556493 -0.221417 -0.586455 0.046243 0.808661 0.441711 0.31622 -0.930002 0.187352 0.400795 -0.384862 -0.306263 -0.87068 -0.504304 0.867114 0.203221 -0.454769 0.485867 
1531854177224 0.187023 -0.963657 0.190757 -0.545391 0.788084 0.263109 0.556504 -0.221414 -0.586469 0.0462536 0.80865 0.441717 0.31622 -0.930002 0.187352 0.400795 -0.384862 -0.306263 -0.87068 -0.504304 0.867114 0.203221 -0.454769 0.485867 
1531854177244 0.187016 -0.963656 0.190767 -0.545429 0.788082 0.26311 0.556508 -0.221413 -0.586475 0.0462644 0.808645 0.44172 0.31622 -0.930002 0.187352 0.400795 -0.384862 -0.306263 -0.87068 -0.504304 0.867114 0.203221 -0.454769 0.485867 
1531854177264 0.187009 -0.963655 0.190778 -0.545466 0.788079 0.26311 0.556511 -0.221411 -0.58648 0.0462753 0.808641 0.441723 0.31622 -0.930002 0.187352 0.400795 -0.384862 -0.306263 -0.87068 -0.504304 0.867114 0.203221 -0.454769 0.485867 
1531854177285 0.187002 -0.963655 0.190788 -0.545503 0.788076 0.263111 0.556514 -0.221409 -0.586486 0.0462862 0.808636 0.441726 0.31622 -0.930002 0.187352 0.400795 -0.384862 -0.306263 -0.87068 -0.504304 0.867114 0.203221 -0.454769 0.485867 
1531854177305 0.186995 -0.963654 0.190798 -0.54554 0.788074 0.263112 0.556518 -0.221407 -0.586492 0.046297 0.808631 0.441729 0.31622 -0.930002 0.187352 0.400795 -0.384862 -0.306263 -0.87068 -0.504304 0.867114 0.203221 -0.454769 0.485867 
1531854177331 0.186988 -0.963653 0.190809 -0.545576 0.788071 0.263112 0.556521 -0.221406 -0.586498 0.0463079 0.808626 0.441732 0.31622 -0.930002 0.187352 0.400795 -0.384862 -0.306263 -0.87068 -0.504304 0.867114 0.203221 -0.454769 0.485867 
1531854177351 0.186981 -0.963652 0.190819 -0.545613 0.788068 0.263113 0.556525 -0.221404 -0.586503 0.0463188 0.808621 0.441736 0.31622 -0.930002 0.187352 0.400795 -0.384862 -0.306263 -0.87068 -0.504304 0.867114 0.203221 -0.454769 0.485867 
1531854177374 0.186974 -0.963652 0.190829 -0.54565 0.788066 0.263114 0.556528 -0.221402 -0.586509 0.0463297 0.808616 0.441739 0.31622 -0.930002 0.187352 0.400795 -0.384862 -0.306263 -0.87068 -0.504304 0.867114 0.203221 -0.454769 0.485867 
1531854177391 0.186967 -0.963651 0.19084 -0.545685 0.788063 0.263114 0.556532 -0.2214 -0.586515 0.0463405 0.808612 0.441742 0.31622 -0.930002 0.187352 0.400795 -0.384862 -0.306263 -0.87068 -0.504304 0.867114 0.203221 -0.454769 0.485867 
1531854177431 0.186967 -0.963651 0.19084 -0.545685 0.788063 0.263114 0.556532 -0.2214 -0.586515 0.0463405 0.808612 0.441742 0.31622 -0.930002 0.187352 0.400795 -0.384862 -0.306263 -0.87068 -0.504304 0.867114 0.203221 -0.454769 0.485867 
1531854177451 0.186955 -0.96365 0.19086 -0.545766 0.788055 0.263117 0.556541 -0.221395 -0.586529 0.04636 0.8086 0.441749 0.31622 -0.930002 0.187352 0.400795 -0.384862 -0.306263 -0.87068 -0.504304 0.867114 0.203221 -0.454769 0.485867 
1531854177465 0.186949 -0.963649 0.190869 -0.545811 0.788051 0.263118 0.556548 -0.221393 -0.586538 0.0463687 0.808594 0.441754 0.31622 -0.930002 0.187352 0.400795 -0.384862 -0.306263 -0.87068 -0.504304 0.867114 0.203221 -0.454769 0.485867 
1531854177491 0.186943 -0.963648 0.190879 -0.545856 0.788046 0.263119 0.556554 -0.22139 -0.586546 0.0463773 0.808587 0.441758 0.31622 -0.930002 0.187352 0.400795 -0.384862 -0.306263 -0.87068 -0.504304 0.867114 0.203221 -0.454769 0.485867 
1531854177504 0.186938 -0.963647 0.190889 -0.5459 0.788041 0.263121 0.55656 -0.221387 -0.586554 0.0463859 0.80858 0.441762 0.31622 -0.930002 0.187352 0.400795 -0.384862 -0.306263 -0.87068 -0.504304 0.867114 0.203221 -0.454769 0.485867 
1531854177537 0.186932 -0.963646 0.190898 -0.545944 0.788036 0.263122 0.556567 -0.221384 -0.586563 0.0463946 0.808574 0.441767 0.31622 -0.930002 0.187352 0.400795 -0.384862 -0.306263 -0.87068 -0.504304 0.867114 0.203221 -0.454769 0.485867 
1531854177551 0.186926 -0.963646 0.190908 -0.545988 0.788031 0.263123 0.556573 -0.221381 -0.586571 0.0464032 0.808567 0.441771 0.31622 -0.930002 0.187352 0.400795 -0.384862 -0.306263 -0.87068 -0.504304 0.867114 0.203221 -0.454769 0.485867 
1531854177570 0.18692 -0.963645 0.190917 -0.546033 0.788026 0.263125 0.556579 -0.221378 -0.58658 0.0464118 0.808561 0.441775 0.31622 -0.930002 0.187352 0.400795 -0.384862 -0.306263 -0.87068 -0.504304 0.867114 0.203221 -0.454769 0.485867 
1531854177584 0.186915 -0.963644 0.190927 -0.546077 0.788021 0.263126 0.556586 -0.221375 -0.586588 0.0464204 0.808554 0.44178 0.31622 -0.930002 0.187352 0.400795 -0.384862 -0.306263 -0.87068 -0.504304 0.867114 0.203221 -0.454769 0.485867 
1531854177623 0.186909 -0.963643 0.190936 -0.54612 0.788016 0.263127 0.556592 -0.221372 -0.586597 0.0464291 0.808547 0.441784 0.31622 -0.930002 0.187352 0.400795 -0.384862 -0.306263 -0.87068 -0.504304 0.867114 0.203221 -0.454769 0.485867 
1531854177685 0.186909 -0.963643 0.190936 -0.54612 0.788016 0.263127 0.556592 -0.221372 -0.586597 0.0464291 0.808547 0.441784 0.31622 -0.930002 0.187352 0.400795 -0.384862 -0.306263 -0.87068 -0.504304 0.867114 0.203221 -0.454769 0.485867 
1531854177701 0.186902 -0.963645 0.190935 -0.546213 0.788003 0.263122 0.556613 -0.221368 -0.586617 0.0464253 0.808533 0.441791 0.31622 -0.930002 0.187352 0.400795 -0.384862 -0.306263 -0.87068 -0.504304 0.867114 0.203221 -0.454769 0.485867 
1531854177752 0.1869 -0.963647 0.190924 -0.546264 0.787994 0.263115 0.556628 -0.221366 -0.586628 0.0464128 0.808525 0.441794 0.31622 -0.930002 0.187352 0.400795 -0.384862 -0.306263 -0.87068 -0.504304 0.867114 0.203221 -0.454769 0.485867 
1531854177772 0.186899 -0.96365 0.190913 -0.546313 0.787986 0.263108 0.556643 -0.221365 -0.58664 0.0464003 0.808517 0.441797 0.31622 -0.930002 0.187352 0.400795 -0.384862 -0.306263 -0.87068 -0.504304 0.867114 0.203221 -0.454769 0.485867 
1531854177796 0.186898 -0.963652 0.190902 -0.546363 0.787978 0.263101 0.556659 -0.221363 -0.586652 0.0463879 0.80851 0.441799 0.31622 -0.930002 0.187352 0.400795 -0.384862 -0.306263 -0.87068 -0.504304 0.867114 0.203221 -0.454769 0.485867 
1531854177812 0.186897 -0.963655 0.19089 -0.546412 0.787969 0.263095 0.556674 -0.221361 -0.586663 0.0463754 0.808502 0.441802 0.31622 -0.930002 0.187352 0.400795 -0.384862 -0.306263 -0.87068 -0.504304 0.867114 0.203221 -0.454769 0.485867 
1531854177832 0.186895 -0.963657 0.190879 -0.546462 0.787961 0.263088 0.556689 -0.22136 -0.586675 0.0463629 0.808494 0.441805 0.31622 -0.930002 0.187352 0.400795 -0.384862 -0.306263 -0.87068 -0.504304 0.867114 0.203221 -0.454769 0.485867 
