1535164559454 0.232408 0.92433 -0.302655 -0.602438 -0.938398 0.294914 0.180096 -0.232822 0.255725 0.242155 0.93593 0.389484 0.221682 -0.214571 0.951218 0.412858 -0.961366 -0.21135 0.176372 -0.482426 0.163195 -0.953567 -0.253133 0.463435 
1535164559464 0.232261 0.924014 -0.303731 -0.602416 -0.938269 0.295142 0.180398 -0.232879 0.256334 0.243082 0.935523 0.389508 0.212746 -0.199076 0.956613 0.409638 -0.966557 -0.186361 0.176175 -0.483537 0.143204 -0.962101 -0.232065 0.459957 
1535164559472 0.232111 0.923697 -0.304807 -0.602393 -0.938139 0.295369 0.180701 -0.232935 0.256943 0.244009 0.935115 0.389533 0.204129 -0.183277 0.961635 0.406416 -0.971194 -0.161274 0.175421 -0.484642 0.122936 -0.969742 -0.210918 0.456477 
1535164559620 0.231962 0.923379 -0.305883 -0.602371 -0.938009 0.295597 0.181003 -0.232992 0.257552 0.244935 0.934705 0.389557 0.195841 -0.16719 0.966278 0.403194 -0.975273 -0.136113 0.174113 -0.485748 0.102413 -0.976484 -0.189712 0.452998 
1535164559695 0.231812 0.92306 -0.306959 -0.602349 -0.937878 0.295825 0.181305 -0.233049 0.258161 0.245862 0.934294 0.389582 0.18789 -0.150829 0.97054 0.399973 -0.97879 -0.110902 0.172252 -0.486855 0.0816543 -0.982319 -0.168467 0.449519 
1535164559789 0.231661 0.922739 -0.308035 -0.602326 -0.937748 0.296055 0.181606 -0.233105 0.25877 0.246788 0.933881 0.389606 0.180284 -0.13421 0.974415 0.396751 -0.981741 -0.085665 0.16984 -0.48796 0.0606791 -0.987243 -0.147203 0.446039 
1535164559880 0.23151 0.922418 -0.309109 -0.602304 -0.937617 0.296283 0.181908 -0.233162 0.259379 0.247713 0.933467 0.38963 0.17303 -0.117349 0.977901 0.393529 -0.984124 -0.0604264 0.16688 -0.489066 0.0395079 -0.991251 -0.125941 0.44256 
1535164559886 0.231358 0.922095 -0.310184 -0.602282 -0.937486 0.296513 0.182208 -0.233219 0.259987 0.248638 0.933052 0.389655 0.166135 -0.100262 0.980993 0.390307 -0.985936 -0.0352103 0.163373 -0.490173 0.018161 -0.994338 -0.104702 0.439081 
1535164560028 0.231204 0.921772 -0.311258 -0.602259 -0.937355 0.296742 0.182509 -0.233275 0.260595 0.249562 0.932635 0.389679 0.159605 -0.0829658 0.983688 0.387085 -0.987175 -0.010041 0.159324 -0.491279 -0.00334127 -0.996502 -0.0835044 0.435602 
1535164560116 0.231051 0.921447 -0.312332 -0.602237 -0.937224 0.296972 0.18281 -0.233332 0.261203 0.250486 0.932218 0.389704 0.153447 -0.0654769 0.985985 0.383863 -0.987841 0.0150577 0.154736 -0.492384 -0.0249782 -0.99774 -0.0623702 0.432122 
1535164560215 0.231344 0.921747 -0.311228 -0.602259 -0.937328 0.296861 0.182456 -0.233382 0.26057 0.249513 0.932656 0.389714 0.204795 -0.184701 0.96122 0.406701 -0.970889 -0.162975 0.175539 -0.484661 0.124232 -0.969188 -0.212701 0.456395 
1535164560227 0.231307 0.921825 -0.311023 -0.602261 -0.93753 0.2966 0.181839 -0.233329 0.259873 0.249533 0.932845 0.389715 0.201465 -0.177719 0.963238 0.405105 -0.971971 -0.157932 0.174153 -0.485136 0.121175 -0.971326 -0.204556 0.455296 
1535164560243 0.231271 0.921904 -0.310818 -0.602263 -0.937732 0.29634 0.181221 -0.233276 0.259176 0.249553 0.933033 0.389717 0.198156 -0.170709 0.965191 0.403508 -0.973031 -0.152896 0.172723 -0.485609 0.118088 -0.973387 -0.196402 0.454197 
1535164560341 0.231235 0.921982 -0.310613 -0.602265 -0.937934 0.29608 0.180602 -0.233224 0.258478 0.249573 0.933222 0.389718 0.194867 -0.163671 0.967077 0.40191 -0.974068 -0.147867 0.17125 -0.48608 0.11497 -0.97537 -0.188241 0.453097 
1535164560358 0.231198 0.92206 -0.310407 -0.602267 -0.938135 0.29582 0.179984 -0.233171 0.257781 0.249592 0.933409 0.38972 0.191599 -0.156605 0.968899 0.400312 -0.975082 -0.142847 0.169734 -0.48655 0.111823 -0.977277 -0.180073 0.451998 
1535164560365 0.231162 0.922138 -0.310203 -0.602269 -0.938335 0.29556 0.179365 -0.233118 0.257083 0.249612 0.933597 0.389721 0.188353 -0.149514 0.970654 0.398714 -0.976073 -0.137836 0.168174 -0.487021 0.108646 -0.979105 -0.171898 0.450898 
1535164560392 0.231126 0.922216 -0.309997 -0.602271 -0.938535 0.2953 0.178746 -0.233065 0.256385 0.24963 0.933783 0.389723 0.18513 -0.142396 0.972343 0.397116 -0.977041 -0.132833 0.166571 -0.487492 0.10544 -0.980856 -0.163718 0.449799 
1535164560465 0.231089 0.922294 -0.309793 -0.602273 -0.938734 0.29504 0.178127 -0.233012 0.255687 0.24965 0.93397 0.389724 0.181928 -0.135252 0.973966 0.395519 -0.977986 -0.12784 0.164926 -0.487964 0.102205 -0.982529 -0.155533 0.448699 
1535164560480 0.231052 0.922372 -0.309587 -0.602275 -0.938933 0.29478 0.177508 -0.23296 0.254988 0.249668 0.934156 0.389726 0.178748 -0.128085 0.975522 0.393921 -0.978907 -0.122857 0.163237 -0.488434 0.0989416 -0.984124 -0.147343 0.447599 
1535164560501 0.231016 0.92245 -0.309383 -0.602277 -0.939132 0.29452 0.176888 -0.232907 0.25429 0.249687 0.934341 0.389727 0.175591 -0.120892 0.977012 0.392323 -0.979806 -0.117884 0.161507 -0.488906 0.0956495 -0.985641 -0.139151 0.4465 
1535164560540 0.231374 0.922105 -0.310143 -0.602285 -0.938376 0.295658 0.178988 -0.233185 0.256742 0.249617 0.933689 0.389726 0.201943 -0.178928 0.962914 0.405332 -0.971896 -0.158063 0.174456 -0.485132 0.120986 -0.971082 -0.205819 0.45535 
1535164560554 0.231264 0.922203 -0.309935 -0.602282 -0.938531 0.295389 0.17862 -0.233149 0.256275 0.249575 0.933828 0.389741 0.198496 -0.17094 0.96508 0.40373 -0.973008 -0.152623 0.173093 -0.48557 0.117704 -0.973389 -0.196621 0.454061 
1535164560572 0.231154 0.9223 -0.309725 -0.60228 -0.938685 0.295121 0.178251 -0.233112 0.255808 0.249531 0.933968 0.389757 0.195073 -0.162917 0.967163 0.402125 -0.974095 -0.147191 0.171677 -0.486003 0.114388 -0.975599 -0.18741 0.452772 
1535164560586 0.231044 0.922399 -0.309515 -0.602277 -0.93884 0.294852 0.177884 -0.233076 0.25534 0.249486 0.934108 0.389772 0.191677 -0.154862 0.969163 0.400521 -0.975157 -0.141767 0.170209 -0.486436 0.111037 -0.977711 -0.178188 0.451482 
1535164560602 0.230934 0.922496 -0.309305 -0.602275 -0.938994 0.294583 0.177515 -0.23304 0.254873 0.249442 0.934248 0.389788 0.188307 -0.146776 0.971081 0.398917 -0.976193 -0.136354 0.168689 -0.486871 0.107651 -0.979727 -0.168958 0.450193 
1535164560619 0.230824 0.922594 -0.309096 -0.602272 -0.939147 0.294315 0.177147 -0.233003 0.254406 0.249397 0.934387 0.389803 0.184963 -0.138659 0.972914 0.397312 -0.977202 -0.13095 0.167115 -0.487303 0.104231 -0.981644 -0.159719 0.448903 
1535164560626 0.230714 0.922692 -0.308886 -0.602269 -0.939301 0.294046 0.176778 -0.232967 0.253939 0.249352 0.934526 0.389818 0.181647 -0.130513 0.974664 0.395708 -0.978186 -0.125557 0.165491 -0.487737 0.100777 -0.983464 -0.150473 0.447614 
1535164560639 0.230603 0.92279 -0.308677 -0.602267 -0.939454 0.293777 0.17641 -0.232931 0.253472 0.249307 0.934665 0.389834 0.178358 -0.122338 0.976331 0.394104 -0.979144 -0.120175 0.163814 -0.488171 0.0972901 -0.985186 -0.141221 0.446325 
1535164560656 0.230493 0.922887 -0.308467 -0.602264 -0.939607 0.293509 0.176041 -0.232895 0.253004 0.249262 0.934803 0.389849 0.175097 -0.114136 0.977913 0.3925 -0.980076 -0.114805 0.162085 -0.488604 0.0937698 -0.986809 -0.131964 0.445035 
1535164560674 0.230382 0.922985 -0.308258 -0.602262 -0.93976 0.29324 0.175673 -0.232858 0.252537 0.249217 0.934942 0.389865 0.171864 -0.105906 0.979411 0.390896 -0.980981 -0.109447 0.160305 -0.489037 0.0902168 -0.988335 -0.122702 0.443746 
1535164560880 0.231167 0.922372 -0.309504 -0.602272 -0.93904 0.29474 0.177009 -0.233027 0.254491 0.249718 0.934278 0.389732 0.199177 -0.172135 0.964727 0.404063 -0.972837 -0.153241 0.173509 -0.485491 0.117969 -0.973081 -0.197981 0.454087 
1535164560905 0.231005 0.922467 -0.309339 -0.602268 -0.939102 0.294534 0.177024 -0.233021 0.25441 0.249608 0.93433 0.38974 0.196233 -0.165031 0.96657 0.402713 -0.973752 -0.148734 0.172297 -0.485837 0.115327 -0.975009 -0.189885 0.452936 
1535164560975 0.230842 0.922564 -0.309174 -0.602264 -0.939164 0.294326 0.17704 -0.233015 0.254328 0.249497 0.934381 0.389747 0.193306 -0.157903 0.968349 0.401361 -0.974649 -0.144233 0.171044 -0.486178 0.112659 -0.976864 -0.181781 0.451784 
1535164560999 0.230679 0.92266 -0.309009 -0.60226 -0.939226 0.294119 0.177056 -0.233009 0.254247 0.249386 0.934433 0.389755 0.190397 -0.150752 0.970063 0.40001 -0.975529 -0.139739 0.169754 -0.486519 0.109965 -0.978645 -0.173669 0.450632 
1535164561005 0.230516 0.922756 -0.308844 -0.602257 -0.939288 0.293911 0.177072 -0.233003 0.254166 0.249276 0.934484 0.389762 0.187507 -0.143578 0.971713 0.398658 -0.976391 -0.135253 0.168425 -0.486859 0.107245 -0.980353 -0.165549 0.44948 
1535164561019 0.230353 0.922851 -0.308679 -0.602253 -0.93935 0.293704 0.177087 -0.232997 0.254085 0.249165 0.934536 0.38977 0.184637 -0.136382 0.973298 0.397306 -0.977235 -0.130775 0.167059 -0.487201 0.104499 -0.981987 -0.157423 0.448329 
1535164561026 0.23019 0.922947 -0.308514 -0.602249 -0.939412 0.293497 0.177103 -0.232991 0.254004 0.249054 0.934587 0.389777 0.181785 -0.129164 0.974818 0.395954 -0.978062 -0.126305 0.165654 -0.487541 0.101728 -0.983546 -0.149291 0.447177 
1535164561119 0.230027 0.923043 -0.308349 -0.602245 -0.939473 0.29329 0.177118 -0.232986 0.253923 0.248944 0.934639 0.389785 0.178953 -0.121925 0.976274 0.394603 -0.978871 -0.121845 0.164212 -0.487882 0.098932 -0.985032 -0.141154 0.446025 
1535164561136 0.229864 0.923139 -0.308184 -0.602241 -0.939535 0.293082 0.177134 -0.23298 0.253843 0.248833 0.93469 0.389792 0.176141 -0.114666 0.977664 0.393251 -0.979662 -0.117393 0.162732 -0.488224 0.0961109 -0.986443 -0.133012 0.444873 
1535164561153 0.229701 0.923234 -0.308019 -0.602237 -0.939597 0.292875 0.17715 -0.232974 0.253762 0.248722 0.934742 0.3898 0.173348 -0.107387 0.978988 0.3919 -0.980435 -0.112951 0.161215 -0.488565 0.0932652 -0.98778 -0.124866 0.443721 
1535164561232 0.230323 0.92285 -0.308705 -0.602205 -0.939341 0.293697 0.177148 -0.233022 0.254146 0.249178 0.934516 0.389768 0.196547 -0.166184 0.966308 0.402893 -0.973693 -0.148959 0.172432 -0.485858 0.115285 -0.974779 -0.19109 0.45295 
1535164561239 0.230368 0.922988 -0.30826 -0.602223 -0.939375 0.293609 0.177109 -0.233018 0.253978 0.248772 0.93467 0.389725 0.195024 -0.161244 0.967453 0.401943 -0.974043 -0.147414 0.171783 -0.486145 0.114917 -0.975843 -0.185808 0.452286 
1535164561255 0.230413 0.923125 -0.307815 -0.602242 -0.93941 0.293522 0.177071 -0.233013 0.253809 0.248365 0.934824 0.389682 0.193501 -0.156297 0.968571 0.400991 -0.974391 -0.145871 0.171124 -0.486429 0.11454 -0.976879 -0.18052 0.451621 
1535164561270 0.230458 0.923262 -0.30737 -0.602261 -0.939444 0.293434 0.177032 -0.233009 0.25364 0.247958 0.934978 0.389638 0.191979 -0.151343 0.96966 0.400039 -0.974737 -0.144331 0.170457 -0.486712 0.114155 -0.977887 -0.175228 0.450956 
1535164561287 0.230503 0.923399 -0.306925 -0.602281 -0.939479 0.293347 0.176994 -0.233006 0.253471 0.247552 0.935131 0.389595 0.190458 -0.146382 0.97072 0.399087 -0.975082 -0.142795 0.169781 -0.486995 0.113761 -0.978868 -0.169931 0.450291 
1535164561382 0.230548 0.923536 -0.306479 -0.6023 -0.939514 0.29326 0.176955 -0.233002 0.253302 0.247145 0.935285 0.389552 0.18894 -0.141415 0.971753 0.398134 -0.975424 -0.141262 0.169096 -0.487277 0.113359 -0.97982 -0.164629 0.449626 
1535164561418 0.230592 0.923672 -0.306034 -0.602319 -0.939548 0.293172 0.176916 -0.232997 0.253133 0.246738 0.935438 0.389508 0.187424 -0.136441 0.972757 0.397183 -0.975764 -0.139733 0.168404 -0.487561 0.112949 -0.980744 -0.159324 0.448962 
1535164561464 0.230637 0.923809 -0.305588 -0.602338 -0.939583 0.293085 0.176878 -0.232993 0.252964 0.246331 0.935591 0.389465 0.185909 -0.131462 0.973733 0.396231 -0.976102 -0.138207 0.167702 -0.487845 0.11253 -0.98164 -0.154014 0.448297 
1535164561514 0.230682 0.923945 -0.305143 -0.602358 -0.939617 0.292997 0.176839 -0.23299 0.252795 0.245924 0.935744 0.389422 0.184396 -0.126476 0.97468 0.395278 -0.976438 -0.136684 0.166992 -0.488126 0.112103 -0.982508 -0.1487 0.447632 
1535164561564 0.230726 0.924081 -0.304697 -0.602377 -0.939652 0.29291 0.1768 -0.232985 0.252626 0.245517 0.935896 0.389378 0.182885 -0.121484 0.9756 0.394327 -0.976772 -0.135165 0.166274 -0.48841 0.111667 -0.983347 -0.143382 0.446967 
1535164561625 0.230877 0.923689 -0.30577 -0.602302 -0.939511 0.293359 0.176802 -0.233105 0.253011 0.246454 0.935546 0.389503 0.194014 -0.157681 0.968243 0.401339 -0.974337 -0.145806 0.17149 -0.486395 0.114135 -0.976666 -0.181923 0.451554 
1535164561638 0.230961 0.923706 -0.305655 -0.602312 -0.939627 0.293284 0.176311 -0.233065 0.252503 0.24648 0.935676 0.389491 0.193314 -0.155271 0.968773 0.400814 -0.974423 -0.1457 0.171089 -0.486533 0.114585 -0.977068 -0.179465 0.451254 
1535164561654 0.231046 0.923723 -0.30554 -0.602322 -0.939743 0.293208 0.175819 -0.233024 0.251995 0.246506 0.935806 0.38948 0.192611 -0.152859 0.969296 0.400288 -0.974509 -0.145594 0.170687 -0.486667 0.115033 -0.977464 -0.177005 0.450952 
1535164561671 0.23113 0.923739 -0.305425 -0.602331 -0.939858 0.293133 0.175327 -0.232984 0.251487 0.246533 0.935936 0.389468 0.191908 -0.150446 0.969813 0.399761 -0.974595 -0.145489 0.170285 -0.4868 0.115479 -0.977854 -0.174544 0.450651 
1535164561780 0.231215 0.923756 -0.30531 -0.602341 -0.939973 0.293058 0.174835 -0.232943 0.250979 0.246559 0.936065 0.389456 0.191203 -0.148032 0.970324 0.399235 -0.974681 -0.145386 0.169882 -0.486936 0.115923 -0.978238 -0.172082 0.45035 
1535164561786 0.231299 0.923773 -0.305196 -0.60235 -0.940088 0.292984 0.174342 -0.232903 0.25047 0.246585 0.936195 0.389444 0.190497 -0.145617 0.970828 0.398708 -0.974766 -0.145283 0.169479 -0.487069 0.116366 -0.978616 -0.169618 0.450049 
1535164561793 0.231383 0.92379 -0.30508 -0.60236 -0.940203 0.292908 0.17385 -0.232862 0.249962 0.246611 0.936324 0.389433 0.189791 -0.143201 0.971325 0.398182 -0.974852 -0.145181 0.169076 -0.487203 0.116807 -0.978987 -0.167153 0.449747 
1535164561808 0.231467 0.923807 -0.304965 -0.60237 -0.940317 0.292833 0.173358 -0.232822 0.249453 0.246637 0.936453 0.389421 0.189082 -0.140784 0.971817 0.397655 -0.974937 -0.145081 0.168672 -0.487336 0.117246 -0.979353 -0.164687 0.449446 
1535164561854 0.231552 0.923824 -0.30485 -0.602379 -0.940431 0.292758 0.172866 -0.232781 0.248945 0.246663 0.936581 0.389409 0.188373 -0.138366 0.972302 0.397129 -0.975021 -0.144981 0.168268 -0.48747 0.117683 -0.979712 -0.16222 0.449145 
1535164561921 0.231636 0.923841 -0.304735 -0.602389 -0.940545 0.292683 0.172373 -0.232741 0.248436 0.246689 0.936709 0.389398 0.187663 -0.135947 0.97278 0.396602 -0.975106 -0.144882 0.167864 -0.487605 0.118118 -0.980065 -0.159751 0.448844 
1535164562256 0.23136 0.923765 -0.305172 -0.602333 -0.940085 0.293026 0.17429 -0.232962 0.250427 0.246564 0.936212 0.389506 0.189522 -0.142187 0.971527 0.397977 -0.97492 -0.144824 0.168988 -0.487341 0.116672 -0.979188 -0.166068 0.449373 
1535164562266 0.231448 0.923725 -0.305228 -0.60234 -0.940152 0.293032 0.173916 -0.232924 0.250092 0.246708 0.936263 0.389524 0.189853 -0.143166 0.971318 0.398014 -0.974827 -0.145289 0.169124 -0.487313 0.116909 -0.978976 -0.167145 0.449597 
1535164562273 0.231535 0.923685 -0.305283 -0.602343 -0.940219 0.293036 0.173542 -0.232885 0.249758 0.246852 0.936315 0.389542 0.190185 -0.144144 0.971109 0.398054 -0.974734 -0.145754 0.169261 -0.48729 0.117145 -0.978764 -0.168222 0.449823 
1535164562286 0.231622 0.923644 -0.305339 -0.602347 -0.940287 0.293042 0.173168 -0.232846 0.249423 0.246997 0.936366 0.389561 0.190518 -0.145122 0.970898 0.398094 -0.974641 -0.14622 0.169397 -0.487266 0.117381 -0.97855 -0.169299 0.450049 
1535164562303 0.23171 0.923604 -0.305396 -0.60235 -0.940354 0.293047 0.172794 -0.232806 0.249088 0.247142 0.936417 0.38958 0.190851 -0.146099 0.970686 0.398134 -0.974547 -0.146685 0.169532 -0.487243 0.117617 -0.978335 -0.170376 0.450274 
1535164562321 0.231797 0.923563 -0.305452 -0.602355 -0.940421 0.293053 0.172419 -0.232767 0.248753 0.247287 0.936467 0.389598 0.191184 -0.147076 0.970473 0.398173 -0.974454 -0.147151 0.169667 -0.487219 0.117852 -0.978118 -0.171452 0.4505 
1535164562336 0.231884 0.923523 -0.305508 -0.602358 -0.940488 0.293057 0.172045 -0.232728 0.248419 0.247432 0.936518 0.389617 0.191517 -0.148053 0.970258 0.398213 -0.97436 -0.147616 0.169802 -0.487196 0.118086 -0.977901 -0.172528 0.450725 
1535164562353 0.231972 0.923482 -0.305564 -0.602362 -0.940555 0.293063 0.17167 -0.232689 0.248084 0.247577 0.936568 0.389635 0.191851 -0.14903 0.970043 0.398252 -0.974266 -0.148082 0.169936 -0.487172 0.118321 -0.977682 -0.173604 0.450951 
1535164562449 0.232059 0.923442 -0.30562 -0.602366 -0.940622 0.293068 0.171296 -0.23265 0.247749 0.247722 0.936619 0.389653 0.192184 -0.150006 0.969827 0.398292 -0.974171 -0.148548 0.170069 -0.487148 0.118555 -0.977462 -0.17468 0.451176 
1535164562466 0.232146 0.923402 -0.305675 -0.602368 -0.940688 0.293072 0.170921 -0.23261 0.247414 0.247866 0.936669 0.389672 0.192518 -0.150982 0.969609 0.398332 -0.974077 -0.149014 0.170202 -0.487126 0.118788 -0.977241 -0.175756 0.451402 
1535164562838 0.232004 0.923494 -0.305504 -0.60234 -0.9404 0.293229 0.172236 -0.232853 0.248642 0.247337 0.936484 0.389662 0.192206 -0.149775 0.969858 0.39828 -0.9741 -0.149061 0.170027 -0.487088 0.119102 -0.977419 -0.174546 0.451371 
1535164562850 0.23193 0.92345 -0.305693 -0.602335 -0.940375 0.293237 0.172359 -0.232855 0.248806 0.247491 0.9364 0.389671 0.193006 -0.149274 0.969776 0.398475 -0.973455 -0.153053 0.170179 -0.487008 0.123024 -0.976879 -0.174852 0.451389 
1535164562856 0.231856 0.923406 -0.305882 -0.60233 -0.94035 0.293245 0.172482 -0.232857 0.24897 0.247645 0.936315 0.38968 0.193804 -0.148769 0.969695 0.398672 -0.972792 -0.157043 0.17033 -0.48693 0.126944 -0.976322 -0.175157 0.451407 
1535164562922 0.231781 0.923362 -0.306071 -0.602325 -0.940324 0.293253 0.172605 -0.232859 0.249133 0.247799 0.936231 0.389689 0.194601 -0.14826 0.969613 0.398868 -0.972114 -0.16103 0.170481 -0.486854 0.130861 -0.97575 -0.175463 0.451425 
1535164562928 0.231707 0.923319 -0.306259 -0.60232 -0.940299 0.293261 0.172728 -0.232861 0.249297 0.247953 0.936147 0.389698 0.195396 -0.147749 0.969531 0.399065 -0.971419 -0.165014 0.17063 -0.486778 0.134776 -0.975162 -0.175769 0.451444 
1535164562958 0.231633 0.923274 -0.306448 -0.602315 -0.940274 0.29327 0.17285 -0.232863 0.24946 0.248108 0.936062 0.389706 0.196189 -0.147234 0.969449 0.399262 -0.970709 -0.168996 0.170778 -0.486703 0.138689 -0.974558 -0.176076 0.451462 
1535164562974 0.231558 0.923231 -0.306637 -0.60231 -0.940249 0.293277 0.172974 -0.232865 0.249624 0.248261 0.935978 0.389715 0.19698 -0.146716 0.969368 0.399459 -0.969982 -0.172974 0.170924 -0.486626 0.142599 -0.973938 -0.176384 0.45148 
1535164562989 0.231484 0.923186 -0.306826 -0.602305 -0.940224 0.293286 0.173096 -0.232867 0.249787 0.248416 0.935893 0.389724 0.197768 -0.146194 0.969286 0.399656 -0.969239 -0.17695 0.17107 -0.48655 0.146506 -0.973302 -0.176692 0.451499 
1535164563073 0.23141 0.923143 -0.307014 -0.6023 -0.940199 0.293293 0.173219 -0.232868 0.249951 0.24857 0.935809 0.389733 0.198555 -0.14567 0.969204 0.399853 -0.96848 -0.180923 0.171214 -0.486473 0.150411 -0.97265 -0.177001 0.451517 
1535164563090 0.231335 0.923099 -0.307202 -0.602295 -0.940174 0.293301 0.173342 -0.23287 0.250115 0.248724 0.935724 0.389742 0.199339 -0.145142 0.969122 0.400049 -0.967704 -0.184893 0.171356 -0.486397 0.154312 -0.971982 -0.177311 0.451535 
1535164563142 0.231678 0.923293 -0.306358 -0.602351 -0.940269 0.293289 0.172844 -0.232853 0.249437 0.248015 0.936093 0.389646 0.193385 -0.149256 0.969703 0.398561 -0.973055 -0.15567 0.170093 -0.487006 0.125567 -0.976468 -0.175339 0.45139 
1535164563154 0.231589 0.923314 -0.306361 -0.602349 -0.940224 0.293272 0.173118 -0.232864 0.249689 0.247956 0.936041 0.389638 0.194517 -0.151143 0.969185 0.399059 -0.972482 -0.158875 0.170403 -0.486811 0.128224 -0.975661 -0.177887 0.451794 
1535164563170 0.2315 0.923336 -0.306364 -0.602347 -0.940179 0.293255 0.173391 -0.232875 0.249941 0.247897 0.93599 0.389629 0.195656 -0.153024 0.96866 0.39956 -0.9719 -0.16208 0.170706 -0.486622 0.130878 -0.97484 -0.180436 0.452199 
1535164563186 0.231411 0.923357 -0.306367 -0.602345 -0.940134 0.293237 0.173664 -0.232887 0.250192 0.247838 0.935938 0.389621 0.196799 -0.1549 0.96813 0.40006 -0.971309 -0.165283 0.171 -0.486432 0.133528 -0.974006 -0.182983 0.452603 
1535164563203 0.231322 0.923379 -0.306369 -0.602343 -0.940089 0.293219 0.173937 -0.232898 0.250444 0.247779 0.935887 0.389612 0.197948 -0.156772 0.967595 0.40056 -0.970708 -0.168486 0.171286 -0.486242 0.136173 -0.973157 -0.185531 0.453008 
1535164563210 0.231234 0.9234 -0.306372 -0.602342 -0.940044 0.293202 0.17421 -0.232909 0.250695 0.24772 0.935835 0.389604 0.199101 -0.158639 0.967053 0.401061 -0.970098 -0.171687 0.171564 -0.486053 0.138814 -0.972295 -0.188079 0.453413 
1535164563283 0.231144 0.923421 -0.306374 -0.60234 -0.939999 0.293184 0.174484 -0.23292 0.250946 0.247661 0.935783 0.389595 0.200259 -0.160502 0.966507 0.401561 -0.969478 -0.174888 0.171833 -0.485863 0.141451 -0.971418 -0.190626 0.453818 
1535164563300 0.231056 0.923442 -0.306378 -0.602338 -0.939954 0.293167 0.174757 -0.232932 0.251198 0.247602 0.935731 0.389587 0.201423 -0.16236 0.965955 0.402061 -0.968849 -0.178087 0.172093 -0.485672 0.144083 -0.970528 -0.193173 0.454222 
1535164563316 0.230967 0.923464 -0.30638 -0.602336 -0.939908 0.29315 0.17503 -0.232943 0.251449 0.247543 0.935679 0.389578 0.202591 -0.164213 0.965397 0.402562 -0.968211 -0.181285 0.172345 -0.485484 0.146711 -0.969624 -0.195719 0.454627 
1535164563334 0.230878 0.923485 -0.306383 -0.602334 -0.939863 0.293132 0.175303 -0.232954 0.2517 0.247484 0.935627 0.38957 0.203764 -0.166061 0.964834 0.403062 -0.967564 -0.184482 0.172589 -0.485293 0.149334 -0.968705 -0.198266 0.455032 
1535164563379 0.2313 0.923398 -0.306329 -0.602317 -0.940081 0.293205 0.174009 -0.232872 0.250497 0.247725 0.935887 0.389633 0.194155 -0.150301 0.969388 0.398877 -0.97263 -0.158085 0.170294 -0.486885 0.12765 -0.975919 -0.176881 0.451667 
1535164563390 0.231297 0.92337 -0.306415 -0.602315 -0.940113 0.293187 0.173866 -0.232846 0.250379 0.24785 0.935885 0.389649 0.196298 -0.152886 0.968552 0.399664 -0.971628 -0.163235 0.171155 -0.486637 0.131934 -0.974669 -0.180591 0.452235 
1535164563406 0.231294 0.923341 -0.306503 -0.602313 -0.940145 0.29317 0.173722 -0.232819 0.250262 0.247977 0.935883 0.389664 0.198455 -0.155456 0.967703 0.400454 -0.970599 -0.168384 0.171999 -0.486395 0.136207 -0.973386 -0.184302 0.452805 
1535164563427 0.23129 0.923313 -0.306591 -0.60231 -0.940177 0.293152 0.173578 -0.232792 0.250145 0.248103 0.935881 0.38968 0.200621 -0.158013 0.966842 0.401243 -0.969546 -0.173531 0.172822 -0.486152 0.140468 -0.972069 -0.188015 0.453374 
1535164563521 0.231287 0.923285 -0.306678 -0.602308 -0.940209 0.293135 0.173435 -0.232766 0.250028 0.248228 0.935879 0.389696 0.202799 -0.160557 0.965968 0.402033 -0.968468 -0.178675 0.173625 -0.485909 0.144718 -0.97072 -0.191729 0.453943 
1535164563526 0.231283 0.923257 -0.306765 -0.602306 -0.940241 0.293117 0.173291 -0.232739 0.249911 0.248354 0.935877 0.389711 0.204987 -0.163087 0.965082 0.402822 -0.967364 -0.183818 0.174408 -0.485665 0.148956 -0.969337 -0.195445 0.454512 
1535164563542 0.231281 0.923228 -0.306854 -0.602304 -0.940273 0.2931 0.173148 -0.232713 0.249793 0.24848 0.935874 0.389727 0.207185 -0.165604 0.964183 0.403612 -0.966235 -0.188958 0.175171 -0.485423 0.153181 -0.96792 -0.199162 0.455082 
1535164563548 0.231277 0.9232 -0.306941 -0.602301 -0.940305 0.293082 0.173004 -0.232686 0.249676 0.248606 0.935872 0.389743 0.209394 -0.168108 0.963272 0.404401 -0.965081 -0.194096 0.175914 -0.48518 0.157394 -0.966471 -0.20288 0.455651 
1535164563564 0.231274 0.923171 -0.307029 -0.602299 -0.940336 0.293064 0.172861 -0.232659 0.249559 0.248732 0.93587 0.389758 0.211613 -0.170598 0.962349 0.405191 -0.963902 -0.19923 0.176637 -0.484938 0.161595 -0.964989 -0.206599 0.45622 
1535164563585 0.231271 0.923143 -0.307116 -0.602297 -0.940368 0.293047 0.172717 -0.232633 0.249442 0.248858 0.935868 0.389774 0.213842 -0.173074 0.961414 0.40598 -0.962698 -0.204362 0.177339 -0.484694 0.165784 -0.963474 -0.210319 0.456789 
1535164563691 0.231474 0.923257 -0.306622 -0.602295 -0.94009 0.293374 0.173675 -0.232884 0.250302 0.248051 0.935853 0.389711 0.1976 -0.154448 0.968039 0.40015 -0.970994 -0.16646 0.171645 -0.486402 0.134629 -0.973877 -0.18286 0.452754 
1535164563703 0.23148 0.923337 -0.306377 -0.602302 -0.940134 0.293287 0.17358 -0.232869 0.250129 0.247855 0.93595 0.389681 0.200253 -0.158727 0.966801 0.401184 -0.969906 -0.171606 0.172723 -0.486133 0.138493 -0.972295 -0.188315 0.453495 
1535164563720 0.231485 0.923417 -0.306132 -0.60231 -0.940179 0.293201 0.173486 -0.232855 0.249958 0.247659 0.936048 0.38965 0.202924 -0.162988 0.965535 0.40222 -0.968794 -0.176753 0.173772 -0.485869 0.142339 -0.970666 -0.193769 0.454238 
1535164563821 0.23149 0.923496 -0.305886 -0.602317 -0.940223 0.293115 0.173392 -0.23284 0.249786 0.247463 0.936146 0.38962 0.20561 -0.16723 0.96424 0.403255 -0.967657 -0.181901 0.174791 -0.485604 0.146166 -0.968992 -0.199222 0.45498 
1535164563827 0.231495 0.923577 -0.305641 -0.602325 -0.940267 0.293028 0.173298 -0.232825 0.249615 0.247266 0.936243 0.389589 0.208312 -0.171454 0.962917 0.404291 -0.966495 -0.18705 0.175781 -0.48534 0.149975 -0.967272 -0.204674 0.455722 
1535164563850 0.231501 0.923656 -0.305396 -0.602332 -0.940311 0.292943 0.173203 -0.232811 0.249444 0.247071 0.936341 0.389559 0.21103 -0.175659 0.961567 0.405326 -0.96531 -0.192199 0.176741 -0.485075 0.153766 -0.965507 -0.210125 0.456464 
1535164563865 0.231506 0.923736 -0.30515 -0.60234 -0.940355 0.292856 0.173109 -0.232796 0.249272 0.246874 0.936438 0.389529 0.213763 -0.179845 0.960188 0.406362 -0.964099 -0.197347 0.177671 -0.484811 0.157537 -0.963696 -0.215574 0.457206 
1535164563891 0.231511 0.923816 -0.304905 -0.602347 -0.9404 0.292771 0.173015 -0.232782 0.249101 0.246678 0.936535 0.389498 0.216512 -0.184011 0.958782 0.407397 -0.962865 -0.202495 0.178571 -0.484546 0.161289 -0.96184 -0.221021 0.457948 
1535164563942 0.231516 0.923896 -0.30466 -0.602355 -0.940444 0.292684 0.172921 -0.232767 0.24893 0.246481 0.936633 0.389468 0.219276 -0.188158 0.957348 0.408433 -0.961606 -0.207642 0.179441 -0.484282 0.165022 -0.959938 -0.226465 0.45869 
1535164563949 0.231521 0.923975 -0.304414 -0.602362 -0.940488 0.292598 0.172826 -0.232752 0.248758 0.246285 0.93673 0.389437 0.222055 -0.192285 0.955886 0.409469 -0.960323 -0.212788 0.180281 -0.484017 0.168736 -0.957991 -0.231907 0.459432 
1535164564686 0.231576 0.923635 -0.305402 -0.60236 -0.940275 0.293032 0.173246 -0.23281 0.249509 0.247042 0.936331 0.389565 0.221347 -0.190803 0.956347 0.409181 -0.960638 -0.211471 0.180149 -0.48401 0.167867 -0.958579 -0.230102 0.459521 
1535164564700 0.23155 0.923705 -0.305211 -0.602373 -0.940204 0.293049 0.173605 -0.232822 0.249801 0.246762 0.936327 0.389548 0.222658 -0.193247 0.955552 0.409759 -0.959915 -0.214632 0.180269 -0.483817 0.170255 -0.957387 -0.23329 0.459894 
1535164564790 0.231524 0.923775 -0.305018 -0.602388 -0.940133 0.293065 0.173963 -0.232834 0.250093 0.246481 0.936323 0.389532 0.223977 -0.195684 0.954747 0.410339 -0.959182 -0.217791 0.180379 -0.48363 0.172638 -0.956177 -0.236476 0.460267 
1535164564810 0.231499 0.923845 -0.304825 -0.602402 -0.940062 0.29308 0.174322 -0.232846 0.250385 0.246199 0.936319 0.389515 0.225301 -0.198114 0.953934 0.410919 -0.958441 -0.220949 0.180479 -0.483442 0.175016 -0.954951 -0.239661 0.460641 
1535164564817 0.231473 0.923915 -0.304633 -0.602417 -0.93999 0.293096 0.17468 -0.232859 0.250676 0.245918 0.936315 0.389498 0.226632 -0.200538 0.953112 0.411499 -0.957691 -0.224106 0.180568 -0.483254 0.177387 -0.953709 -0.242843 0.461014 
1535164564890 0.231448 0.923985 -0.30444 -0.602431 -0.939919 0.293112 0.175039 -0.232871 0.250968 0.245636 0.936311 0.389482 0.227967 -0.202956 0.952281 0.412079 -0.956933 -0.22726 0.180646 -0.483065 0.179752 -0.95245 -0.246023 0.461388 
1535164564941 0.231423 0.924055 -0.304247 -0.602446 -0.939847 0.293127 0.175397 -0.232883 0.25126 0.245355 0.936306 0.389465 0.22931 -0.205368 0.951442 0.412659 -0.956166 -0.230413 0.180714 -0.482878 0.182111 -0.951175 -0.249202 0.461761 
1535164564977 0.231397 0.924125 -0.304054 -0.60246 -0.939775 0.293143 0.175755 -0.232896 0.251551 0.245073 0.936302 0.389448 0.230657 -0.207774 0.950593 0.413239 -0.95539 -0.233564 0.18077 -0.482689 0.184465 -0.949883 -0.252378 0.462135 
1535164565026 0.231372 0.924194 -0.303861 -0.602474 -0.939703 0.293158 0.176114 -0.232908 0.251843 0.244792 0.936297 0.389432 0.232011 -0.210173 0.949736 0.413819 -0.954606 -0.236713 0.180817 -0.482502 0.186812 -0.948575 -0.255552 0.462508 
1535164565086 0.231347 0.924264 -0.303669 -0.602489 -0.939631 0.293174 0.176472 -0.23292 0.252134 0.24451 0.936292 0.389415 0.23337 -0.212565 0.94887 0.414399 -0.953813 -0.239859 0.180853 -0.482314 0.189152 -0.94725 -0.258724 0.462882 
1535164565298 0.231316 0.924089 -0.304225 -0.602443 -0.939897 0.292999 0.175344 -0.23282 0.251171 0.24538 0.936324 0.389446 0.227241 -0.201516 0.952761 0.411785 -0.957237 -0.226104 0.180486 -0.483076 0.179053 -0.953031 -0.244278 0.461432 
1535164565312 0.230999 0.92392 -0.304976 -0.602406 -0.939762 0.293049 0.175981 -0.232842 0.251966 0.245953 0.93596 0.389504 0.229523 -0.207641 0.950897 0.413195 -0.956505 -0.228849 0.180904 -0.482657 0.180049 -0.951059 -0.251136 0.46215 
1535164565389 0.230686 0.923746 -0.30574 -0.602369 -0.939637 0.293096 0.176571 -0.232863 0.252718 0.246552 0.935599 0.389566 0.231811 -0.213751 0.948986 0.414606 -0.955768 -0.231596 0.181303 -0.482242 0.181028 -0.949038 -0.257983 0.462869 
1535164565531 0.230373 0.923571 -0.306504 -0.602331 -0.939511 0.293143 0.177161 -0.232885 0.253471 0.247151 0.935237 0.389628 0.234106 -0.219843 0.947029 0.416018 -0.955026 -0.234344 0.181682 -0.481827 0.181989 -0.94697 -0.264817 0.463587 
1535164565589 0.230058 0.923396 -0.307268 -0.602294 -0.939385 0.293191 0.177751 -0.232907 0.254223 0.24775 0.934875 0.38969 0.236406 -0.225918 0.945025 0.41743 -0.954279 -0.237094 0.182041 -0.481412 0.182934 -0.944853 -0.27164 0.464306 
1535164565603 0.229744 0.923219 -0.308032 -0.602256 -0.939258 0.293239 0.178341 -0.232928 0.254975 0.248349 0.934511 0.389752 0.238711 -0.231976 0.942976 0.418842 -0.953526 -0.239845 0.182379 -0.480997 0.183861 -0.942688 -0.278449 0.465025 
1535164565610 0.229428 0.923043 -0.308794 -0.602219 -0.939131 0.293286 0.178931 -0.23295 0.255726 0.248947 0.934146 0.389814 0.241022 -0.238016 0.940881 0.420253 -0.952769 -0.242597 0.182697 -0.480581 0.18477 -0.940476 -0.285246 0.465743 
1535164565668 0.229112 0.922866 -0.309557 -0.602181 -0.939003 0.293335 0.179521 -0.232971 0.256477 0.249545 0.933781 0.389876 0.243338 -0.244038 0.93874 0.421665 -0.952006 -0.24535 0.182995 -0.480167 0.185662 -0.938216 -0.292029 0.466462 
1535164565858 0.228795 0.922689 -0.310319 -0.602143 -0.938875 0.293384 0.18011 -0.232993 0.257228 0.250143 0.933414 0.389938 0.245658 -0.250042 0.936553 0.423076 -0.951239 -0.248104 0.183272 -0.479752 0.186537 -0.935908 -0.298798 0.467181 
1535164565904 0.228478 0.922511 -0.311081 -0.602106 -0.938746 0.293433 0.180699 -0.233015 0.257979 0.25074 0.933047 0.39 0.247984 -0.256027 0.93432 0.424488 -0.950467 -0.250858 0.183528 -0.479336 0.187394 -0.933553 -0.305554 0.467899 
1535164566268 0.2288 0.922779 -0.310048 -0.602133 -0.938916 0.293295 0.180044 -0.232963 0.257076 0.249915 0.933517 0.389931 0.240546 -0.236507 0.941383 0.419945 -0.952843 -0.242394 0.182577 -0.480569 0.185005 -0.940909 -0.283662 0.465768 
1535164566279 0.228819 0.922781 -0.310029 -0.602134 -0.938961 0.29326 0.179862 -0.232941 0.256892 0.249949 0.933559 0.389922 0.241207 -0.238919 0.940605 0.420454 -0.952633 -0.243278 0.182497 -0.480431 0.185226 -0.940071 -0.286283 0.466046 
1535164566286 0.228838 0.922782 -0.31001 -0.602134 -0.939007 0.293225 0.179679 -0.23292 0.256708 0.249985 0.9336 0.389913 0.241868 -0.241328 0.939819 0.420965 -0.952423 -0.244162 0.182415 -0.480296 0.185446 -0.939226 -0.288902 0.466323 
1535164566388 0.228856 0.922784 -0.309992 -0.602134 -0.939053 0.293189 0.179497 -0.232898 0.256523 0.25002 0.933641 0.389904 0.24253 -0.243735 0.939027 0.421477 -0.952212 -0.245046 0.182331 -0.480163 0.185664 -0.938374 -0.291519 0.466602 
1535164566404 0.228874 0.922786 -0.309972 -0.602135 -0.939099 0.293153 0.179315 -0.232877 0.256339 0.250054 0.933683 0.389895 0.243192 -0.24614 0.938229 0.421988 -0.952001 -0.245929 0.182243 -0.480028 0.18588 -0.937515 -0.294133 0.46688 
1535164566427 0.228892 0.922788 -0.309954 -0.602135 -0.939145 0.293118 0.179133 -0.232855 0.256155 0.250089 0.933724 0.389886 0.243855 -0.248542 0.937423 0.422499 -0.95179 -0.246812 0.182154 -0.479895 0.186094 -0.936649 -0.296746 0.467159 
1535164566444 0.22891 0.92279 -0.309935 -0.602136 -0.939191 0.293082 0.178951 -0.232834 0.25597 0.250124 0.933765 0.389878 0.244518 -0.250941 0.936611 0.42301 -0.951578 -0.247694 0.182062 -0.47976 0.186306 -0.935776 -0.299356 0.467437 
1535164566460 0.228929 0.922791 -0.309916 -0.602136 -0.939237 0.293047 0.178768 -0.232812 0.255786 0.25016 0.933806 0.389869 0.245182 -0.253339 0.935791 0.423522 -0.951366 -0.248577 0.181968 -0.479627 0.186517 -0.934895 -0.301964 0.467715 
1535164566481 0.228946 0.922793 -0.309897 -0.602136 -0.939282 0.293011 0.178586 -0.23279 0.255601 0.250194 0.933847 0.38986 0.245846 -0.255733 0.934965 0.424033 -0.951154 -0.249459 0.18187 -0.479492 0.186725 -0.934008 -0.30457 0.467993 
1535164566493 0.228965 0.922795 -0.309879 -0.602137 -0.939328 0.292976 0.178404 -0.232769 0.255417 0.25023 0.933888 0.389851 0.246511 -0.258125 0.934132 0.424545 -0.950941 -0.250341 0.181771 -0.479359 0.186931 -0.933114 -0.307174 0.468272 
1535164566556 0.228858 0.922784 -0.30999 -0.602176 -0.939059 0.293185 0.179475 -0.232835 0.256501 0.250025 0.933646 0.38988 0.241655 -0.240291 0.94014 0.420731 -0.952486 -0.243849 0.182503 -0.480335 0.185398 -0.939573 -0.287802 0.466268 
1535164566567 0.228974 0.922812 -0.309823 -0.602182 -0.939104 0.29319 0.179228 -0.232813 0.25623 0.249917 0.933749 0.389878 0.242612 -0.243423 0.939087 0.421616 -0.952448 -0.24371 0.182891 -0.48016 0.184346 -0.938803 -0.290975 0.466532 
1535164566583 0.229089 0.922839 -0.309655 -0.602187 -0.93915 0.293195 0.178981 -0.232791 0.25596 0.24981 0.933852 0.389875 0.243565 -0.246552 0.938023 0.422503 -0.952408 -0.243572 0.183279 -0.479989 0.183289 -0.938022 -0.294144 0.466797 
1535164566590 0.229205 0.922866 -0.309488 -0.602193 -0.939196 0.2932 0.178733 -0.23277 0.255689 0.249703 0.933955 0.389873 0.244515 -0.249679 0.936948 0.42339 -0.952368 -0.243436 0.183668 -0.479818 0.182229 -0.93723 -0.29731 0.467062 
1535164566604 0.22932 0.922894 -0.30932 -0.602198 -0.939241 0.293204 0.178486 -0.232748 0.255418 0.249596 0.934058 0.38987 0.245462 -0.252804 0.935863 0.424278 -0.952327 -0.2433 0.184058 -0.479648 0.181165 -0.936427 -0.300473 0.467327 
1535164566622 0.229435 0.922921 -0.309153 -0.602204 -0.939287 0.293209 0.178239 -0.232726 0.255147 0.249489 0.93416 0.389868 0.246405 -0.255925 0.934766 0.425165 -0.952286 -0.243166 0.184448 -0.479478 0.180098 -0.935614 -0.303631 0.467592 
1535164566627 0.229551 0.922949 -0.308985 -0.602209 -0.939332 0.293213 0.177992 -0.232704 0.254876 0.249382 0.934263 0.389866 0.247344 -0.259044 0.933658 0.426052 -0.952245 -0.243033 0.184838 -0.479306 0.179029 -0.934789 -0.306786 0.467856 
1535164566642 0.229666 0.922976 -0.308818 -0.602215 -0.939377 0.293219 0.177744 -0.232682 0.254605 0.249275 0.934365 0.389863 0.248279 -0.26216 0.932539 0.42694 -0.952202 -0.242901 0.185229 -0.479136 0.177956 -0.933955 -0.309936 0.468121 
1535164566669 0.229782 0.923003 -0.30865 -0.60222 -0.939423 0.293224 0.177497 -0.232661 0.254334 0.249168 0.934468 0.389861 0.249211 -0.265273 0.93141 0.427826 -0.952159 -0.242771 0.18562 -0.478965 0.176879 -0.933109 -0.313083 0.468386 
1535164566696 0.229897 0.923031 -0.308483 -0.602226 -0.939468 0.293228 0.17725 -0.232639 0.254063 0.24906 0.93457 0.389858 0.250139 -0.268383 0.930269 0.428713 -0.952116 -0.242642 0.186011 -0.478794 0.1758 -0.932253 -0.316226 0.468651 
1535164566766 0.229159 0.922872 -0.309505 -0.60213 -0.939203 0.293164 0.178755 -0.232791 0.255704 0.249725 0.933945 0.389874 0.242135 -0.242482 0.939454 0.421232 -0.952481 -0.243827 0.182559 -0.480296 0.184797 -0.939016 -0.289999 0.466397 
1535164566781 0.229253 0.922883 -0.309402 -0.602129 -0.939207 0.293206 0.178661 -0.232785 0.255602 0.249634 0.933997 0.389869 0.243594 -0.24633 0.938075 0.422243 -0.952163 -0.244749 0.182983 -0.480105 0.184519 -0.937774 -0.294165 0.466787 
1535164566796 0.229348 0.922894 -0.3093 -0.602128 -0.939212 0.293248 0.178567 -0.23278 0.2555 0.249545 0.934049 0.389864 0.245052 -0.250172 0.936677 0.423256 -0.951844 -0.245672 0.183405 -0.479918 0.184233 -0.936514 -0.298327 0.467179 
1535164566812 0.229444 0.922904 -0.309198 -0.602126 -0.939217 0.293292 0.178472 -0.232774 0.255397 0.249454 0.934101 0.389859 0.246509 -0.254007 0.935261 0.424269 -0.951525 -0.246597 0.183823 -0.47973 0.18394 -0.935238 -0.302483 0.46757 
1535164566836 0.229539 0.922915 -0.309095 -0.602125 -0.939221 0.293335 0.178377 -0.232769 0.255295 0.249364 0.934153 0.389854 0.247965 -0.257837 0.933827 0.425282 -0.951204 -0.247523 0.184236 -0.479544 0.183641 -0.933945 -0.306633 0.467961 
1535164566853 0.229635 0.922925 -0.308993 -0.602124 -0.939226 0.293379 0.178282 -0.232763 0.255192 0.249274 0.934205 0.389849 0.249419 -0.26166 0.932376 0.426295 -0.950883 -0.24845 0.184645 -0.479355 0.183335 -0.932634 -0.310777 0.468352 
1535164566860 0.22973 0.922936 -0.30889 -0.602123 -0.93923 0.293422 0.178187 -0.232757 0.25509 0.249184 0.934257 0.389845 0.250872 -0.265477 0.930906 0.427308 -0.950561 -0.24938 0.18505 -0.479169 0.183023 -0.931306 -0.314915 0.468743 
1535164566873 0.229825 0.922947 -0.308788 -0.602122 -0.939235 0.293465 0.178092 -0.232752 0.254988 0.249094 0.934309 0.38984 0.252323 -0.269288 0.929418 0.428321 -0.950238 -0.250311 0.18545 -0.478981 0.182704 -0.929962 -0.319047 0.469134 
1535164566893 0.22992 0.922957 -0.308685 -0.60212 -0.939239 0.293508 0.177997 -0.232746 0.254885 0.249004 0.934361 0.389835 0.253772 -0.273092 0.927912 0.429335 -0.949915 -0.251244 0.185847 -0.478795 0.182379 -0.9286 -0.323173 0.469526 
1535164566910 0.230015 0.922968 -0.308583 -0.602119 -0.939244 0.293551 0.177902 -0.232741 0.254783 0.248914 0.934413 0.38983 0.25522 -0.27689 0.926388 0.430347 -0.94959 -0.252178 0.186238 -0.478607 0.182047 -0.927221 -0.327293 0.469917 
1535164566995 0.229481 0.922964 -0.308993 -0.602196 -0.939293 0.293204 0.178215 -0.232642 0.255084 0.249338 0.934218 0.389866 0.243076 -0.245355 0.938464 0.421935 -0.952347 -0.244137 0.182844 -0.480219 0.184252 -0.938189 -0.293007 0.466658 
1535164567007 0.229631 0.922934 -0.308972 -0.602195 -0.939334 0.293266 0.177897 -0.232616 0.254798 0.249377 0.934285 0.38988 0.244219 -0.249414 0.937096 0.422898 -0.952078 -0.245163 0.182872 -0.479989 0.18413 -0.93685 -0.297335 0.467063 
1535164567023 0.229781 0.922903 -0.308952 -0.602193 -0.939374 0.293328 0.177579 -0.23259 0.254512 0.249418 0.934352 0.389894 0.245364 -0.253468 0.935709 0.423863 -0.951809 -0.246189 0.182897 -0.479765 0.184003 -0.935492 -0.301659 0.467469 
1535164567040 0.229931 0.922872 -0.308933 -0.602191 -0.939415 0.293391 0.17726 -0.232564 0.254226 0.249458 0.934419 0.389909 0.246508 -0.257515 0.934302 0.424827 -0.951539 -0.247215 0.182917 -0.47954 0.18387 -0.934115 -0.305976 0.467875 
1535164567057 0.230081 0.922841 -0.308913 -0.60219 -0.939456 0.293453 0.176942 -0.232539 0.25394 0.249499 0.934486 0.389923 0.247651 -0.261556 0.932876 0.425793 -0.951269 -0.248242 0.182933 -0.479316 0.183732 -0.932719 -0.310287 0.468281 
1535164567075 0.230232 0.92281 -0.308894 -0.602188 -0.939496 0.293516 0.176623 -0.232513 0.253655 0.249541 0.934553 0.389937 0.248793 -0.26559 0.931431 0.426758 -0.950998 -0.249268 0.182943 -0.479092 0.183588 -0.931304 -0.314592 0.468688 
1535164567127 0.230381 0.922779 -0.308874 -0.602186 -0.939536 0.293578 0.176304 -0.232487 0.253369 0.249581 0.934619 0.389951 0.249935 -0.269618 0.929967 0.427722 -0.950727 -0.250294 0.182949 -0.478867 0.183439 -0.92987 -0.318891 0.469093 
