1533580248796 -0.054184 0.975487 -0.213282 -0.494027 -0.996068 -0.0378093 0.0801219 -0.221792 0.0700938 0.216784 0.9737 0.337689 0.16008 -0.304787 0.938871 0.370831 -0.775623 0.549475 0.310623 -0.528794 -0.61056 -0.777934 -0.14844 0.432481 
1533580248808 -0.0288386 0.974532 -0.222388 -0.506213 -0.995792 -0.00864865 0.0912319 -0.224602 0.086985 0.224083 0.97068 0.342238 0.316231 -0.384871 0.867106 0.40083 -0.930001 -0.306257 0.203234 -0.504368 0.187338 -0.870678 -0.454779 0.485897 
1533580250027 -0.00359551 0.972771 -0.231738 -0.518297 -0.994573 0.0206179 0.101979 -0.227301 0.103981 0.230847 0.967418 0.346586 0.316231 -0.384871 0.867106 0.40083 -0.930001 -0.306257 0.203234 -0.504368 0.187338 -0.870678 -0.454779 0.485897 
1533580250673 0.0214857 0.970202 -0.241341 -0.530371 -0.992405 0.0499415 0.112417 -0.229993 0.12112 0.237093 0.963907 0.350923 0.316231 -0.384871 0.867106 0.40083 -0.930001 -0.306257 0.203234 -0.504368 0.187338 -0.870678 -0.454779 0.485897 
1533580251308 0.0463805 0.966827 -0.251187 -0.542428 -0.989292 0.0792927 0.122532 -0.232674 0.138385 0.242814 0.960151 0.355245 0.316231 -0.384871 0.867106 0.40083 -0.930001 -0.306257 0.203234 -0.504368 0.187338 -0.870678 -0.454779 0.485897 
1533580251958 0.0710647 0.962647 -0.261266 -0.554461 -0.985236 0.108642 0.132312 -0.23534 0.155754 0.248006 0.956156 0.359546 0.316231 -0.384871 0.867106 0.40083 -0.930001 -0.306257 0.203234 -0.504368 0.187338 -0.870678 -0.454779 0.485897 
1533580252618 0.0954996 0.957669 -0.27157 -0.56652 -0.98024 0.137953 0.141771 -0.238029 0.173234 0.252665 0.951919 0.363891 0.316231 -0.384871 0.867106 0.40083 -0.930001 -0.306257 0.203234 -0.504368 0.187338 -0.870678 -0.454779 0.485897 
1533580253290 0.119663 0.951897 -0.282086 -0.578597 -0.974308 0.167197 0.150893 -0.240732 0.190799 0.256782 0.947448 0.36826 0.316231 -0.384871 0.867106 0.40083 -0.930001 -0.306257 0.203234 -0.504368 0.187338 -0.870678 -0.454779 0.485897 
1533580253966 0.143537 0.945338 -0.292803 -0.590672 -0.967449 0.196346 0.15966 -0.243434 0.208423 0.260355 0.942749 0.372628 0.316231 -0.384871 0.867106 0.40083 -0.930001 -0.306257 0.203234 -0.504368 0.187338 -0.870678 -0.454779 0.485897 
1533580254660 0.167192 0.93792 -0.303895 -0.601839 -0.95966 0.225486 0.167955 -0.24566 0.226053 0.263555 0.937784 0.377186 0.316442 -0.385045 0.866951 0.401525 -0.929984 -0.306148 0.203478 -0.505625 0.187068 -0.87064 -0.454964 0.486487 
1533580255331 0.166059 0.938141 -0.303834 -0.601464 -0.960089 0.224132 0.167316 -0.245679 0.225065 0.263923 0.937918 0.376618 0.316442 -0.385045 0.866951 0.401525 -0.929984 -0.306148 0.203478 -0.505625 0.187068 -0.87064 -0.454964 0.486487 
1533580255344 0.168503 0.937353 -0.304921 -0.602803 -0.959222 0.227154 0.168211 -0.245997 0.226937 0.264143 0.937405 0.377092 0.316221 -0.384863 0.867113 0.400797 -0.930002 -0.306262 0.203223 -0.504308 0.187351 -0.87068 -0.45477 0.485869 
1533580255575 0.170943 0.936556 -0.306009 -0.604141 -0.958345 0.230172 0.169103 -0.246314 0.22881 0.264355 0.93689 0.377566 0.316221 -0.384863 0.867113 0.400797 -0.930002 -0.306262 0.203223 -0.504308 0.187351 -0.87068 -0.45477 0.485869 
1533580255813 0.173379 0.935751 -0.307098 -0.605481 -0.957458 0.233189 0.169992 -0.246633 0.230682 0.264561 0.936372 0.37804 0.31622 -0.384863 0.867113 0.400797 -0.930002 -0.306262 0.203222 -0.504307 0.187351 -0.87068 -0.45477 0.485868 
1533580256052 0.175811 0.934938 -0.30819 -0.606822 -0.956561 0.236204 0.170876 -0.246951 0.232555 0.26476 0.935853 0.378513 0.316221 -0.384863 0.867113 0.400796 -0.930002 -0.306262 0.203223 -0.504306 0.187351 -0.87068 -0.45477 0.485868 
1533580256058 0.17824 0.934117 -0.309284 -0.608163 -0.955654 0.239218 0.171757 -0.24727 0.234427 0.264954 0.935331 0.378987 0.31622 -0.384863 0.867113 0.400796 -0.930002 -0.306262 0.203222 -0.504306 0.187351 -0.87068 -0.454769 0.485868 
1533580256395 0.180665 0.933287 -0.310379 -0.609503 -0.954737 0.242229 0.172634 -0.247588 0.2363 0.265142 0.934806 0.379461 0.31622 -0.384863 0.867113 0.400796 -0.930002 -0.306262 0.203222 -0.504306 0.187351 -0.87068 -0.454769 0.485868 
1533580256639 0.183086 0.932449 -0.311477 -0.610844 -0.95381 0.245239 0.173507 -0.247907 0.238172 0.265323 0.934279 0.379934 0.31622 -0.384863 0.867113 0.400796 -0.930002 -0.306262 0.203222 -0.504305 0.187351 -0.87068 -0.45477 0.485867 
1533580256884 0.185503 0.931603 -0.312577 -0.612184 -0.952873 0.248246 0.174375 -0.248226 0.240045 0.265499 0.93375 0.380408 0.31622 -0.384863 0.867113 0.400796 -0.930002 -0.306262 0.203222 -0.504305 0.187351 -0.87068 -0.45477 0.485867 
1533580257134 0.187917 0.930749 -0.313678 -0.613526 -0.951926 0.251252 0.17524 -0.248545 0.241917 0.265668 0.933218 0.380881 0.316221 -0.384863 0.867113 0.400795 -0.930002 -0.306262 0.203223 -0.504305 0.187351 -0.87068 -0.45477 0.485867 
1533580257398 0.187397 0.930926 -0.313462 -0.613198 -0.952207 0.250524 0.174753 -0.24857 0.241212 0.265733 0.933382 0.380681 0.316221 -0.384863 0.867113 0.400795 -0.930002 -0.306262 0.203223 -0.504305 0.187351 -0.87068 -0.45477 0.485867 
1533580257410 0.187764 0.930963 -0.313134 -0.6133 -0.952031 0.250922 0.17514 -0.248623 0.241621 0.265229 0.93342 0.380634 0.31622 -0.384863 0.867113 0.400795 -0.930002 -0.306262 0.203222 -0.504304 0.187351 -0.87068 -0.454769 0.485867 
1533580257426 0.18813 0.930999 -0.312805 -0.613405 -0.951855 0.25132 0.175529 -0.248679 0.242031 0.264723 0.933457 0.380587 0.31622 -0.384863 0.867113 0.400795 -0.930002 -0.306262 0.203222 -0.504304 0.187351 -0.87068 -0.454769 0.485867 
1533580257545 0.188495 0.931036 -0.312477 -0.61351 -0.951678 0.251717 0.175917 -0.248734 0.242441 0.264218 0.933494 0.380539 0.31622 -0.384863 0.867113 0.400795 -0.930002 -0.306262 0.203222 -0.504304 0.187351 -0.87068 -0.454769 0.485867 
1533580257583 0.188861 0.931072 -0.312148 -0.613616 -0.951501 0.252113 0.176306 -0.24879 0.242851 0.263712 0.933531 0.380492 0.31622 -0.384863 0.867113 0.400795 -0.930002 -0.306262 0.203222 -0.504304 0.187351 -0.87068 -0.454769 0.485867 
1533580257675 0.189227 0.931108 -0.31182 -0.613722 -0.951324 0.25251 0.176695 -0.248846 0.24326 0.263206 0.933567 0.380444 0.31622 -0.384863 0.867113 0.400795 -0.930002 -0.306262 0.203222 -0.504304 0.187351 -0.87068 -0.454769 0.485867 
1533580257731 0.189594 0.931143 -0.311491 -0.613827 -0.951147 0.252906 0.177084 -0.248901 0.243669 0.2627 0.933603 0.380396 0.31622 -0.384863 0.867113 0.400795 -0.930002 -0.306262 0.203222 -0.504304 0.187351 -0.87068 -0.454769 0.485867 
1533580257808 0.18996 0.931178 -0.311163 -0.613934 -0.950969 0.253302 0.177473 -0.248957 0.244078 0.262193 0.933638 0.380349 0.31622 -0.384863 0.867113 0.400795 -0.930002 -0.306262 0.203222 -0.504304 0.187351 -0.87068 -0.454769 0.485867 
1533580257875 0.190326 0.931213 -0.310835 -0.614039 -0.95079 0.253698 0.177863 -0.249012 0.244486 0.261687 0.933674 0.380301 0.31622 -0.384863 0.867113 0.400795 -0.930002 -0.306262 0.203222 -0.504304 0.187351 -0.87068 -0.454769 0.485867 
1533580257948 0.190693 0.931247 -0.310507 -0.614144 -0.950612 0.254093 0.178252 -0.249068 0.244894 0.26118 0.933709 0.380254 0.31622 -0.384863 0.867113 0.400795 -0.930002 -0.306262 0.203222 -0.504304 0.187351 -0.87068 -0.454769 0.485867 
1533580258023 0.190286 0.931217 -0.310848 -0.61397 -0.950864 0.253592 0.177621 -0.249046 0.244232 0.261775 0.933715 0.380355 0.31622 -0.384863 0.867113 0.400795 -0.930002 -0.306262 0.203222 -0.504304 0.187351 -0.87068 -0.454769 0.485867 
1533580258034 0.190453 0.931357 -0.310324 -0.614002 -0.950778 0.253705 0.177916 -0.24909 0.244435 0.261165 0.933833 0.380324 0.31622 -0.384863 0.867113 0.400795 -0.930002 -0.306262 0.203222 -0.504304 0.187351 -0.87068 -0.454769 0.485867 
1533580258051 0.19062 0.931498 -0.3098 -0.61404 -0.950692 0.253819 0.178214 -0.249138 0.244639 0.260553 0.933951 0.380292 0.31622 -0.384863 0.867113 0.400795 -0.930002 -0.306262 0.203222 -0.504304 0.187351 -0.87068 -0.45477 0.485867 
1533580258084 0.190787 0.931638 -0.309275 -0.614079 -0.950606 0.253932 0.178511 -0.249186 0.244843 0.259941 0.934068 0.38026 0.31622 -0.384863 0.867113 0.400795 -0.930002 -0.306262 0.203222 -0.504304 0.187351 -0.87068 -0.45477 0.485867 
1533580258186 0.190955 0.931778 -0.30875 -0.614117 -0.95052 0.254045 0.178809 -0.249233 0.245047 0.259329 0.934184 0.380228 0.31622 -0.384863 0.867113 0.400795 -0.930002 -0.306262 0.203222 -0.504304 0.187351 -0.87068 -0.45477 0.485867 
1533580258228 0.191123 0.931917 -0.308226 -0.614154 -0.950434 0.254158 0.179107 -0.24928 0.245251 0.258717 0.934301 0.380196 0.31622 -0.384863 0.867113 0.400795 -0.930002 -0.306262 0.203222 -0.504304 0.187351 -0.87068 -0.45477 0.485867 
1533580258326 0.19129 0.932056 -0.307701 -0.614192 -0.950347 0.254271 0.179404 -0.249327 0.245454 0.258104 0.934417 0.380164 0.31622 -0.384863 0.867113 0.400795 -0.930002 -0.306262 0.203222 -0.504304 0.187351 -0.87068 -0.45477 0.485867 
1533580258383 0.191458 0.932195 -0.307176 -0.614229 -0.950261 0.254384 0.179702 -0.249374 0.245658 0.257492 0.934532 0.380132 0.31622 -0.384863 0.867113 0.400795 -0.930002 -0.306262 0.203222 -0.504304 0.187351 -0.87068 -0.45477 0.485867 
1533580258467 0.191626 0.932333 -0.306651 -0.614268 -0.950175 0.254496 0.18 -0.249422 0.245861 0.256879 0.934647 0.3801 0.31622 -0.384863 0.867113 0.400795 -0.930002 -0.306262 0.203222 -0.504304 0.187351 -0.87068 -0.45477 0.485867 
1533580258473 0.191794 0.932471 -0.306126 -0.614305 -0.950088 0.254609 0.180298 -0.249469 0.246065 0.256267 0.934762 0.380068 0.31622 -0.384863 0.867113 0.400795 -0.930002 -0.306262 0.203222 -0.504304 0.187351 -0.87068 -0.45477 0.485867 
1533580258614 0.191628 0.932269 -0.306845 -0.614276 -0.950191 0.254518 0.179882 -0.249448 0.245796 0.257091 0.934606 0.380118 0.31622 -0.384863 0.867113 0.400795 -0.930002 -0.306262 0.203222 -0.504304 0.187351 -0.87068 -0.45477 0.485867 
1533580258625 0.191682 0.9323 -0.306717 -0.614274 -0.950168 0.254557 0.17995 -0.249462 0.245844 0.25694 0.934635 0.380154 0.31622 -0.384863 0.867113 0.400795 -0.930002 -0.306262 0.203222 -0.504304 0.187351 -0.87068 -0.45477 0.485867 
1533580258641 0.191749 0.932345 -0.306539 -0.614277 -0.95014 0.2546 0.180033 -0.24948 0.245898 0.256734 0.934678 0.380189 0.31622 -0.384863 0.867113 0.400795 -0.930002 -0.306262 0.203222 -0.504304 0.187351 -0.87068 -0.45477 0.485867 
1533580258658 0.191815 0.932389 -0.30636 -0.614279 -0.950113 0.254644 0.180116 -0.249498 0.245951 0.256528 0.93472 0.380224 0.31622 -0.384863 0.867113 0.400795 -0.930002 -0.306262 0.203222 -0.504304 0.187351 -0.87068 -0.45477 0.485867 
1533580258675 0.191882 0.932434 -0.306182 -0.614282 -0.950086 0.254687 0.1802 -0.249516 0.246005 0.256322 0.934762 0.38026 0.31622 -0.384863 0.867113 0.400795 -0.930002 -0.306262 0.203222 -0.504304 0.187351 -0.87068 -0.45477 0.485867 
1533580258692 0.191949 0.932479 -0.306004 -0.614285 -0.950058 0.25473 0.180283 -0.249534 0.246059 0.256116 0.934805 0.380295 0.31622 -0.384863 0.867113 0.400795 -0.930002 -0.306262 0.203222 -0.504304 0.187351 -0.87068 -0.45477 0.485867 
1533580258708 0.192016 0.932524 -0.305826 -0.614286 -0.950031 0.254773 0.180367 -0.249551 0.246112 0.255911 0.934847 0.380331 0.31622 -0.384863 0.867113 0.400795 -0.930002 -0.306262 0.203222 -0.504304 0.187351 -0.87068 -0.45477 0.485867 
1533580258725 0.192083 0.932569 -0.305647 -0.61429 -0.950004 0.254816 0.18045 -0.249569 0.246166 0.255705 0.934889 0.380366 0.31622 -0.384863 0.867113 0.400795 -0.930002 -0.306262 0.203222 -0.504304 0.187351 -0.87068 -0.45477 0.485867 
1533580258742 0.192149 0.932613 -0.305469 -0.614292 -0.949976 0.254859 0.180534 -0.249587 0.246219 0.255499 0.934931 0.380402 0.31622 -0.384863 0.867113 0.400795 -0.930002 -0.306262 0.203222 -0.504304 0.187351 -0.87068 -0.45477 0.485867 
1533580258748 0.192216 0.932658 -0.30529 -0.614295 -0.949949 0.254902 0.180617 -0.249605 0.246273 0.255293 0.934973 0.380437 0.31622 -0.384863 0.867113 0.400795 -0.930002 -0.306262 0.203222 -0.504304 0.187351 -0.87068 -0.45477 0.485867 
1533580258766 0.191718 0.932409 -0.306363 -0.614309 -0.950085 0.254601 0.180321 -0.249433 0.246134 0.2565 0.93468 0.380131 0.31622 -0.384863 0.867113 0.400795 -0.930002 -0.306262 0.203222 -0.504304 0.187351 -0.87068 -0.45477 0.485867 
1533580258782 0.191627 0.932436 -0.306338 -0.614275 -0.950055 0.25456 0.180537 -0.249465 0.246321 0.256443 0.934646 0.380169 0.31622 -0.384863 0.867113 0.400795 -0.930002 -0.306262 0.203222 -0.504304 0.187351 -0.87068 -0.45477 0.485867 
1533580258798 0.191535 0.932463 -0.306313 -0.61424 -0.950026 0.254519 0.180752 -0.2495 0.246507 0.256385 0.934613 0.380206 0.31622 -0.384863 0.867113 0.400795 -0.930002 -0.306262 0.203222 -0.504304 0.187351 -0.87068 -0.45477 0.485867 
1533580258815 0.191443 0.93249 -0.306288 -0.614205 -0.949996 0.254478 0.180968 -0.249536 0.246694 0.256327 0.934579 0.380243 0.31622 -0.384863 0.867113 0.400795 -0.930002 -0.306262 0.203222 -0.504304 0.187351 -0.87068 -0.45477 0.485867 
1533580258822 0.191351 0.932517 -0.306263 -0.614171 -0.949966 0.254437 0.181183 -0.24957 0.24688 0.25627 0.934546 0.38028 0.31622 -0.384863 0.867113 0.400795 -0.930002 -0.306262 0.203222 -0.504304 0.187351 -0.87068 -0.45477 0.485867 
1533580258835 0.19126 0.932544 -0.306238 -0.614136 -0.949936 0.254396 0.181397 -0.249604 0.247067 0.256212 0.934512 0.380318 0.31622 -0.384863 0.867113 0.400795 -0.930002 -0.306262 0.203222 -0.504304 0.187351 -0.87068 -0.45477 0.485867 
1533580258852 0.191167 0.932571 -0.306212 -0.614103 -0.949906 0.254354 0.181613 -0.24964 0.247253 0.256154 0.934479 0.380354 0.31622 -0.384863 0.867113 0.400795 -0.930002 -0.306262 0.203222 -0.504304 0.187351 -0.87068 -0.45477 0.485867 
1533580258912 0.191076 0.932598 -0.306187 -0.614068 -0.949876 0.254313 0.181828 -0.249675 0.24744 0.256097 0.934445 0.380392 0.31622 -0.384863 0.867113 0.400795 -0.930002 -0.306262 0.203222 -0.504304 0.187351 -0.87068 -0.45477 0.485867 
1533580258919 0.190984 0.932625 -0.306162 -0.614034 -0.949845 0.254271 0.182043 -0.249709 0.247626 0.256039 0.934412 0.380429 0.31622 -0.384863 0.867113 0.400795 -0.930002 -0.306262 0.203222 -0.504304 0.187351 -0.87068 -0.45477 0.485867 
1533580258945 0.190892 0.932653 -0.306136 -0.614001 -0.949815 0.25423 0.182258 -0.249745 0.247813 0.255981 0.934378 0.380465 0.31622 -0.384863 0.867113 0.400795 -0.930002 -0.306262 0.203222 -0.504304 0.187351 -0.87068 -0.45477 0.485867 
1533580258969 0.191582 0.932666 -0.305663 -0.614151 -0.949973 0.254482 0.181081 -0.249616 0.246674 0.25568 0.934762 0.380359 0.31622 -0.384863 0.867113 0.400795 -0.930002 -0.306262 0.203222 -0.504304 0.187351 -0.87068 -0.45477 0.485867 
1533580258980 0.191258 0.932622 -0.306001 -0.614093 -0.950023 0.254258 0.181135 -0.249751 0.246733 0.256064 0.934641 0.380417 0.31622 -0.384863 0.867113 0.400795 -0.930002 -0.306262 0.203222 -0.504304 0.187351 -0.87068 -0.45477 0.485867 
1533580258997 0.190935 0.932577 -0.306339 -0.614031 -0.950072 0.254035 0.18119 -0.249886 0.246794 0.256449 0.934519 0.380476 0.31622 -0.384863 0.867113 0.400795 -0.930002 -0.306262 0.203222 -0.504304 0.187351 -0.87068 -0.45477 0.485867 
1533580259004 0.190611 0.932532 -0.306678 -0.613968 -0.950121 0.253811 0.181245 -0.250019 0.246855 0.256834 0.934398 0.380535 0.31622 -0.384863 0.867113 0.400795 -0.930002 -0.306262 0.203222 -0.504304 0.187351 -0.87068 -0.45477 0.485867 
1533580259018 0.190288 0.932487 -0.307016 -0.613905 -0.95017 0.253588 0.181299 -0.250153 0.246915 0.257219 0.934276 0.380594 0.31622 -0.384863 0.867113 0.400795 -0.930002 -0.306262 0.203222 -0.504304 0.187351 -0.87068 -0.45477 0.485867 
1533580259056 0.189964 0.932441 -0.307355 -0.613842 -0.950219 0.253365 0.181354 -0.250286 0.246975 0.257604 0.934154 0.380653 0.31622 -0.384863 0.867113 0.400795 -0.930002 -0.306262 0.203222 -0.504304 0.187351 -0.87068 -0.45477 0.485867 
1533580259143 0.189641 0.932396 -0.307693 -0.613781 -0.950268 0.253141 0.18141 -0.25042 0.247035 0.257988 0.934032 0.380711 0.31622 -0.384863 0.867113 0.400795 -0.930002 -0.306262 0.203222 -0.504304 0.187351 -0.87068 -0.45477 0.485867 
1533580259170 0.189317 0.93235 -0.308031 -0.613717 -0.950317 0.252918 0.181465 -0.250554 0.247095 0.258373 0.93391 0.38077 0.31622 -0.384863 0.867113 0.400795 -0.930002 -0.306262 0.203222 -0.504304 0.187351 -0.87068 -0.45477 0.485867 
1533580259206 0.188994 0.932303 -0.308369 -0.613655 -0.950366 0.252695 0.18152 -0.250687 0.247155 0.258758 0.933787 0.380829 0.31622 -0.384863 0.867113 0.400795 -0.930002 -0.306262 0.203222 -0.504304 0.187351 -0.87068 -0.45477 0.485867 
1533580259276 0.18867 0.932257 -0.308708 -0.613592 -0.950415 0.252472 0.181575 -0.250821 0.247215 0.259143 0.933665 0.380888 0.31622 -0.384863 0.867113 0.400795 -0.930002 -0.306262 0.203222 -0.504304 0.187351 -0.87068 -0.45477 0.485867 
1533580259318 0.189427 0.932364 -0.307919 -0.613693 -0.95032 0.252974 0.18137 -0.25057 0.246999 0.258265 0.933965 0.380771 0.31622 -0.384863 0.867113 0.400795 -0.930002 -0.306262 0.203222 -0.504304 0.187351 -0.87068 -0.45477 0.485867 
1533580259331 0.188972 0.932368 -0.308187 -0.613612 -0.950382 0.252627 0.181531 -0.250773 0.24711 0.258591 0.933845 0.380794 0.31622 -0.384863 0.867113 0.400795 -0.930002 -0.306262 0.203222 -0.504304 0.187351 -0.87068 -0.45477 0.485867 
1533580259347 0.188517 0.932372 -0.308454 -0.613531 -0.950443 0.25228 0.181693 -0.250977 0.247223 0.258916 0.933726 0.380817 0.31622 -0.384863 0.867113 0.400795 -0.930002 -0.306262 0.203222 -0.504304 0.187351 -0.87068 -0.45477 0.485867 
1533580259386 0.188062 0.932375 -0.308722 -0.613449 -0.950504 0.251934 0.181855 -0.251181 0.247335 0.259241 0.933606 0.38084 0.31622 -0.384863 0.867113 0.400795 -0.930002 -0.306262 0.203222 -0.504304 0.187351 -0.87068 -0.45477 0.485867 
1533580259472 0.187607 0.932378 -0.308989 -0.613369 -0.950565 0.251587 0.182018 -0.251387 0.247447 0.259566 0.933486 0.380863 0.31622 -0.384863 0.867113 0.400795 -0.930002 -0.306262 0.203222 -0.504304 0.187351 -0.87068 -0.45477 0.485867 
1533580259531 0.187151 0.932382 -0.309256 -0.61329 -0.950626 0.25124 0.18218 -0.251592 0.247559 0.259891 0.933366 0.380885 0.31622 -0.384863 0.867113 0.400795 -0.930002 -0.306262 0.203222 -0.504304 0.187351 -0.87068 -0.45477 0.485867 
1533580259623 0.186696 0.932384 -0.309523 -0.613209 -0.950686 0.250893 0.182342 -0.251796 0.24767 0.260216 0.933245 0.380908 0.31622 -0.384863 0.867113 0.400795 -0.930002 -0.306262 0.203222 -0.504304 0.187351 -0.87068 -0.45477 0.485867 
1533580259676 0.18624 0.932387 -0.309789 -0.61313 -0.950746 0.250546 0.182505 -0.252002 0.247782 0.260541 0.933125 0.38093 0.31622 -0.384863 0.867113 0.400795 -0.930002 -0.306262 0.203222 -0.504304 0.187351 -0.87068 -0.45477 0.485867 
1533580259770 0.185785 0.932389 -0.310056 -0.613049 -0.950806 0.250199 0.182668 -0.252206 0.247893 0.260866 0.933005 0.380953 0.31622 -0.384863 0.867113 0.400795 -0.930002 -0.306262 0.203222 -0.504304 0.187351 -0.87068 -0.45477 0.485867 
1533580259812 0.185329 0.932391 -0.310323 -0.612968 -0.950866 0.249852 0.18283 -0.252411 0.248004 0.261192 0.932884 0.380976 0.31622 -0.384863 0.867113 0.400795 -0.930002 -0.306262 0.203222 -0.504304 0.187351 -0.87068 -0.45477 0.485867 
1533580259921 0.186029 0.932373 -0.309957 -0.613069 -0.950738 0.250431 0.182706 -0.252211 0.247973 0.260699 0.93303 0.38098 0.31622 -0.384863 0.867113 0.400795 -0.930002 -0.306262 0.203222 -0.504304 0.187351 -0.87068 -0.45477 0.485867 
1533580259932 0.185954 0.93235 -0.310071 -0.613012 -0.95076 0.250375 0.182666 -0.25228 0.247943 0.260836 0.933 0.380945 0.31622 -0.384863 0.867113 0.400795 -0.930002 -0.306262 0.203222 -0.504304 0.187351 -0.87068 -0.45477 0.485867 
1533580259949 0.18588 0.932327 -0.310186 -0.612951 -0.950783 0.250319 0.182626 -0.252348 0.247912 0.260973 0.93297 0.38091 0.31622 -0.384863 0.867113 0.400795 -0.930002 -0.306262 0.203222 -0.504304 0.187351 -0.87068 -0.45477 0.485867 
1533580259966 0.185806 0.932303 -0.3103 -0.61289 -0.950805 0.250264 0.182585 -0.252415 0.247882 0.26111 0.93294 0.380875 0.31622 -0.384863 0.867113 0.400795 -0.930002 -0.306262 0.203222 -0.504304 0.187351 -0.87068 -0.45477 0.485867 
1533580259982 0.185733 0.93228 -0.310415 -0.612829 -0.950828 0.250209 0.182545 -0.252482 0.247852 0.261246 0.932909 0.38084 0.31622 -0.384863 0.867113 0.400795 -0.930002 -0.306262 0.203222 -0.504304 0.187351 -0.87068 -0.45477 0.485867 
1533580259989 0.185659 0.932257 -0.310529 -0.612768 -0.95085 0.250153 0.182505 -0.25255 0.247821 0.261383 0.932879 0.380805 0.31622 -0.384863 0.867113 0.400795 -0.930002 -0.306262 0.203222 -0.504304 0.187351 -0.87068 -0.45477 0.485867 
1533580260002 0.185585 0.932233 -0.310644 -0.612707 -0.950872 0.250098 0.182464 -0.252617 0.247791 0.26152 0.932849 0.380771 0.31622 -0.384863 0.867113 0.400795 -0.930002 -0.306262 0.203222 -0.504304 0.187351 -0.87068 -0.45477 0.485867 
1533580260019 0.185511 0.93221 -0.310758 -0.612646 -0.950895 0.250042 0.182424 -0.252684 0.24776 0.261656 0.932819 0.380736 0.31622 -0.384863 0.867113 0.400795 -0.930002 -0.306262 0.203222 -0.504304 0.187351 -0.87068 -0.45477 0.485867 
1533580260081 0.185438 0.932186 -0.310873 -0.612584 -0.950917 0.249987 0.182384 -0.252751 0.24773 0.261793 0.932788 0.380701 0.31622 -0.384863 0.867113 0.400795 -0.930002 -0.306262 0.203222 -0.504304 0.187351 -0.87068 -0.45477 0.485867 
1533580260121 0.185364 0.932163 -0.310987 -0.612523 -0.950939 0.249931 0.182343 -0.252819 0.247699 0.26193 0.932758 0.380667 0.31622 -0.384863 0.867113 0.400795 -0.930002 -0.306262 0.203222 -0.504304 0.187351 -0.87068 -0.45477 0.485867 
1533580260150 0.185875 0.932241 -0.310445 -0.612789 -0.950752 0.250399 0.182677 -0.252485 0.248034 0.261202 0.932873 0.380839 0.31622 -0.384863 0.867113 0.400795 -0.930002 -0.306262 0.203222 -0.504304 0.187351 -0.87068 -0.45477 0.485867 
1533580260161 0.1858 0.932262 -0.310428 -0.612651 -0.950759 0.250333 0.182732 -0.252548 0.248065 0.26119 0.932868 0.380767 0.31622 -0.384863 0.867113 0.400795 -0.930002 -0.306262 0.203222 -0.504304 0.187351 -0.87068 -0.45477 0.485867 
1533580260178 0.185725 0.932283 -0.310412 -0.612509 -0.950766 0.250267 0.182787 -0.252608 0.248095 0.261181 0.932863 0.380695 0.31622 -0.384863 0.867113 0.400795 -0.930002 -0.306262 0.203222 -0.504304 0.187351 -0.87068 -0.45477 0.485867 
1533580260197 0.185649 0.932303 -0.310396 -0.612368 -0.950772 0.250202 0.182842 -0.252669 0.248126 0.261171 0.932857 0.380623 0.31622 -0.384863 0.867113 0.400795 -0.930002 -0.306262 0.203222 -0.504304 0.187351 -0.87068 -0.45477 0.485867 
1533580260211 0.185574 0.932323 -0.31038 -0.612225 -0.950779 0.250136 0.182898 -0.252729 0.248157 0.261162 0.932852 0.380551 0.31622 -0.384863 0.867113 0.400795 -0.930002 -0.306262 0.203222 -0.504304 0.187351 -0.87068 -0.45477 0.485867 
1533580260228 0.185499 0.932343 -0.310364 -0.612083 -0.950785 0.250071 0.182953 -0.25279 0.248188 0.261152 0.932846 0.38048 0.31622 -0.384863 0.867113 0.400795 -0.930002 -0.306262 0.203222 -0.504304 0.187351 -0.87068 -0.45477 0.485867 
1533580260305 0.185424 0.932364 -0.310348 -0.611942 -0.950792 0.250005 0.183008 -0.252851 0.248218 0.261143 0.932841 0.380408 0.31622 -0.384863 0.867113 0.400795 -0.930002 -0.306262 0.203222 -0.504304 0.187351 -0.87068 -0.45477 0.485867 
1533580260358 0.185349 0.932384 -0.310332 -0.611799 -0.950799 0.24994 0.183063 -0.252911 0.248249 0.261133 0.932835 0.380336 0.31622 -0.384863 0.867113 0.400795 -0.930002 -0.306262 0.203222 -0.504304 0.187351 -0.87068 -0.45477 0.485867 
1533580260365 0.185273 0.932404 -0.310316 -0.611658 -0.950805 0.249874 0.183118 -0.252971 0.24828 0.261124 0.93283 0.380264 0.31622 -0.384863 0.867113 0.400795 -0.930002 -0.306262 0.203222 -0.504304 0.187351 -0.87068 -0.45477 0.485867 
1533580260419 0.185198 0.932424 -0.3103 -0.611516 -0.950812 0.249808 0.183173 -0.253032 0.24831 0.261114 0.932824 0.380193 0.31622 -0.384863 0.867113 0.400795 -0.930002 -0.306262 0.203222 -0.504304 0.187351 -0.87068 -0.45477 0.485867 
1533580260473 0.185476 0.932378 -0.310274 -0.611872 -0.950799 0.250022 0.182951 -0.252955 0.248155 0.261075 0.932877 0.380411 0.31622 -0.384863 0.867113 0.400795 -0.930002 -0.306262 0.203222 -0.504304 0.187351 -0.87068 -0.45477 0.485867 
1533580260485 0.18519 0.932481 -0.310136 -0.611673 -0.950799 0.249784 0.183275 -0.253008 0.248368 0.260936 0.932859 0.380348 0.31622 -0.384863 0.867113 0.400795 -0.930002 -0.306262 0.203222 -0.504304 0.187351 -0.87068 -0.45477 0.485867 
1533580260491 0.184905 0.932583 -0.309999 -0.61147 -0.950798 0.249547 0.183599 -0.25306 0.248581 0.260798 0.932841 0.380286 0.31622 -0.384863 0.867113 0.400795 -0.930002 -0.306262 0.203222 -0.504304 0.187351 -0.87068 -0.45477 0.485867 
1533580260505 0.18462 0.932685 -0.309863 -0.611268 -0.950798 0.24931 0.183923 -0.253112 0.248794 0.260661 0.932822 0.380224 0.31622 -0.384863 0.867113 0.400795 -0.930002 -0.306262 0.203222 -0.504304 0.187351 -0.87068 -0.45477 0.485867 
1533580260527 0.184335 0.932786 -0.309726 -0.611065 -0.950798 0.249072 0.184247 -0.253163 0.249007 0.260523 0.932804 0.380161 0.31622 -0.384863 0.867113 0.400795 -0.930002 -0.306262 0.203222 -0.504304 0.187351 -0.87068 -0.45477 0.485867 
1533580260616 0.18405 0.932888 -0.309589 -0.610863 -0.950797 0.248835 0.184571 -0.253215 0.249221 0.260386 0.932785 0.380099 0.31622 -0.384863 0.867113 0.400795 -0.930002 -0.306262 0.203222 -0.504304 0.187351 -0.87068 -0.45477 0.485867 
1533580260662 0.183765 0.93299 -0.309452 -0.610659 -0.950796 0.248598 0.184895 -0.253266 0.249434 0.260248 0.932767 0.380037 0.31622 -0.384863 0.867113 0.400795 -0.930002 -0.306262 0.203222 -0.504304 0.187351 -0.87068 -0.45477 0.485867 
1533580260709 0.18348 0.933091 -0.309315 -0.610457 -0.950795 0.24836 0.185219 -0.253318 0.249647 0.260111 0.932748 0.379975 0.31622 -0.384863 0.867113 0.400795 -0.930002 -0.306262 0.203222 -0.504304 0.187351 -0.87068 -0.45477 0.485867 
1533580260716 0.183195 0.933193 -0.309178 -0.610253 -0.950794 0.248122 0.185542 -0.253369 0.24986 0.259974 0.932729 0.379913 0.31622 -0.384863 0.867113 0.400795 -0.930002 -0.306262 0.203222 -0.504304 0.187351 -0.87068 -0.45477 0.485867 
1533580260815 0.18291 0.933294 -0.30904 -0.610051 -0.950793 0.247885 0.185866 -0.253421 0.250074 0.259837 0.93271 0.37985 0.31622 -0.384863 0.867113 0.400795 -0.930002 -0.306262 0.203222 -0.504304 0.187351 -0.87068 -0.45477 0.485867 
1533580260857 0.183502 0.933107 -0.309256 -0.610431 -0.950804 0.248355 0.185178 -0.253355 0.249596 0.260061 0.932775 0.380018 0.31622 -0.384863 0.867113 0.400795 -0.930002 -0.306262 0.203222 -0.504304 0.187351 -0.87068 -0.45477 0.485867 
1533580260870 0.183282 0.9332 -0.309105 -0.610261 -0.950832 0.248133 0.185333 -0.253379 0.249652 0.259939 0.932795 0.380006 0.31622 -0.384863 0.867113 0.400795 -0.930002 -0.306262 0.203222 -0.504304 0.187351 -0.87068 -0.45477 0.485867 
1533580260877 0.183063 0.933293 -0.308954 -0.610086 -0.95086 0.247912 0.185487 -0.253402 0.249707 0.259817 0.932814 0.379994 0.31622 -0.384863 0.867113 0.400795 -0.930002 -0.306262 0.203222 -0.504304 0.187351 -0.87068 -0.45477 0.485867 
1533580260890 0.182844 0.933385 -0.308804 -0.609912 -0.950887 0.24769 0.185641 -0.253424 0.249762 0.259694 0.932833 0.379983 0.31622 -0.384863 0.867113 0.400795 -0.930002 -0.306262 0.203222 -0.504304 0.187351 -0.87068 -0.45477 0.485867 
1533580260907 0.182625 0.933478 -0.308653 -0.609737 -0.950915 0.247469 0.185795 -0.253446 0.249818 0.259572 0.932852 0.379971 0.31622 -0.384863 0.867113 0.400795 -0.930002 -0.306262 0.203222 -0.504304 0.187351 -0.87068 -0.45477 0.485867 
1533580260972 0.182406 0.933571 -0.308502 -0.609562 -0.950942 0.247248 0.185949 -0.253467 0.249873 0.259449 0.932872 0.37996 0.31622 -0.384863 0.867113 0.400795 -0.930002 -0.306262 0.203222 -0.504304 0.187351 -0.87068 -0.45477 0.485867 
1533580261027 0.182187 0.933664 -0.308351 -0.609388 -0.95097 0.247026 0.186103 -0.25349 0.249928 0.259327 0.932891 0.379949 0.31622 -0.384863 0.867113 0.400795 -0.930002 -0.306262 0.203222 -0.504304 0.187351 -0.87068 -0.45477 0.485867 
1533580261063 0.181968 0.933756 -0.3082 -0.609212 -0.950997 0.246805 0.186257 -0.253511 0.249984 0.259204 0.93291 0.379937 0.31622 -0.384863 0.867113 0.400795 -0.930002 -0.306262 0.203222 -0.504304 0.187351 -0.87068 -0.45477 0.485867 
1533580261097 0.181749 0.933849 -0.308049 -0.609038 -0.951024 0.246583 0.186411 -0.253534 0.250039 0.259082 0.932929 0.379926 0.31622 -0.384863 0.867113 0.400795 -0.930002 -0.306262 0.203222 -0.504304 0.187351 -0.87068 -0.45477 0.485867 
1533580261164 0.18153 0.933941 -0.307898 -0.608862 -0.951052 0.246362 0.186565 -0.253555 0.250095 0.25896 0.932948 0.379915 0.31622 -0.384863 0.867113 0.400795 -0.930002 -0.306262 0.203222 -0.504304 0.187351 -0.87068 -0.45477 0.485867 
1533580261209 0.181934 0.933745 -0.308253 -0.609263 -0.951015 0.246772 0.18621 -0.253469 0.249941 0.259276 0.932902 0.379972 0.31622 -0.384863 0.867113 0.400795 -0.930002 -0.306262 0.203222 -0.504304 0.187351 -0.87068 -0.45477 0.485867 
1533580261220 0.181602 0.933794 -0.308299 -0.609105 -0.951027 0.246521 0.18648 -0.253521 0.250136 0.259336 0.932833 0.379964 0.31622 -0.384863 0.867113 0.400795 -0.930002 -0.306262 0.203222 -0.504304 0.187351 -0.87068 -0.45477 0.485867 
1533580261227 0.181271 0.933844 -0.308346 -0.608942 -0.951039 0.246271 0.18675 -0.25357 0.250332 0.259396 0.932763 0.379957 0.31622 -0.384863 0.867113 0.400795 -0.930002 -0.306262 0.203222 -0.504304 0.187351 -0.87068 -0.45477 0.485867 
1533580261241 0.180939 0.933893 -0.308392 -0.608779 -0.951051 0.246021 0.18702 -0.25362 0.250527 0.259457 0.932694 0.379951 0.31622 -0.384863 0.867113 0.400795 -0.930002 -0.306262 0.203222 -0.504304 0.187351 -0.87068 -0.45477 0.485867 
1533580261257 0.180607 0.933942 -0.308438 -0.608616 -0.951062 0.245771 0.187289 -0.253669 0.250722 0.259518 0.932625 0.379944 0.31622 -0.384863 0.867113 0.400795 -0.930002 -0.306262 0.203222 -0.504304 0.187351 -0.87068 -0.45477 0.485867 
1533580261264 0.180275 0.933991 -0.308484 -0.608453 -0.951074 0.245521 0.187559 -0.253718 0.250918 0.259579 0.932555 0.379937 0.31622 -0.384863 0.867113 0.400795 -0.930002 -0.306262 0.203222 -0.504304 0.187351 -0.87068 -0.45477 0.485867 
1533580261376 0.179944 0.934039 -0.30853 -0.608291 -0.951085 0.245271 0.187829 -0.253768 0.251113 0.259639 0.932486 0.37993 0.31622 -0.384863 0.867113 0.400795 -0.930002 -0.306262 0.203222 -0.504304 0.187351 -0.87068 -0.45477 0.485867 
1533580261407 0.179612 0.934088 -0.308576 -0.608127 -0.951096 0.245021 0.188099 -0.253817 0.251308 0.2597 0.932416 0.379924 0.31622 -0.384863 0.867113 0.400795 -0.930002 -0.306262 0.203222 -0.504304 0.187351 -0.87068 -0.45477 0.485867 
1533580261413 0.17928 0.934137 -0.308621 -0.607965 -0.951107 0.24477 0.188369 -0.253867 0.251503 0.259761 0.932347 0.379917 0.31622 -0.384863 0.867113 0.400795 -0.930002 -0.306262 0.203222 -0.504304 0.187351 -0.87068 -0.45477 0.485867 
1533580261515 0.178948 0.934185 -0.308667 -0.607801 -0.951118 0.24452 0.188638 -0.253916 0.251698 0.259822 0.932277 0.37991 0.31622 -0.384863 0.867113 0.400795 -0.930002 -0.306262 0.203222 -0.504304 0.187351 -0.87068 -0.45477 0.485867 
1533580261559 0.179688 0.934077 -0.308566 -0.608111 -0.951076 0.245096 0.1881 -0.25385 0.251328 0.25967 0.932419 0.379943 0.31622 -0.384863 0.867113 0.400795 -0.930002 -0.306262 0.203222 -0.504304 0.187351 -0.87068 -0.45477 0.485867 
1533580261570 0.179526 0.934106 -0.308573 -0.608012 -0.951129 0.244922 0.188062 -0.253845 0.251246 0.25973 0.932425 0.379925 0.31622 -0.384863 0.867113 0.400795 -0.930002 -0.306262 0.203222 -0.504304 0.187351 -0.87068 -0.45477 0.485867 
1533580261586 0.179351 0.934136 -0.308582 -0.607893 -0.951181 0.24474 0.188037 -0.253847 0.251175 0.259792 0.932427 0.379906 0.31622 -0.384863 0.867113 0.400795 -0.930002 -0.306262 0.203222 -0.504304 0.187351 -0.87068 -0.45477 0.485867 
1533580261603 0.179177 0.934167 -0.308591 -0.607772 -0.951232 0.244558 0.188012 -0.253848 0.251103 0.259854 0.932429 0.379888 0.31622 -0.384863 0.867113 0.400795 -0.930002 -0.306262 0.203222 -0.504304 0.187351 -0.87068 -0.45477 0.485867 
1533580261620 0.179002 0.934197 -0.3086 -0.607654 -0.951284 0.244375 0.187988 -0.253851 0.251032 0.259916 0.932431 0.379869 0.31622 -0.384863 0.867113 0.400795 -0.930002 -0.306262 0.203222 -0.504304 0.187351 -0.87068 -0.45477 0.485867 
1533580261637 0.178828 0.934228 -0.308609 -0.607534 -0.951336 0.244193 0.187963 -0.253853 0.25096 0.259978 0.932433 0.379851 0.31622 -0.384863 0.867113 0.400795 -0.930002 -0.306262 0.203222 -0.504304 0.187351 -0.87068 -0.45477 0.485867 
1533580261726 0.178653 0.934258 -0.308618 -0.607414 -0.951387 0.244011 0.187938 -0.253855 0.250889 0.26004 0.932435 0.379832 0.31622 -0.384863 0.867113 0.400795 -0.930002 -0.306262 0.203222 -0.504304 0.187351 -0.87068 -0.45477 0.485867 
1533580261755 0.178478 0.934288 -0.308627 -0.607295 -0.951439 0.243829 0.187913 -0.253857 0.250817 0.260101 0.932437 0.379814 0.31622 -0.384863 0.867113 0.400795 -0.930002 -0.306262 0.203222 -0.504304 0.187351 -0.87068 -0.45477 0.485867 
1533580261761 0.178304 0.934319 -0.308636 -0.607176 -0.951491 0.243646 0.187888 -0.25386 0.250746 0.260163 0.932439 0.379795 0.31622 -0.384863 0.867113 0.400795 -0.930002 -0.306262 0.203222 -0.504304 0.187351 -0.87068 -0.45477 0.485867 
1533580261839 0.178129 0.934349 -0.308645 -0.607056 -0.951542 0.243464 0.187863 -0.253861 0.250674 0.260225 0.932441 0.379777 0.31622 -0.384863 0.867113 0.400795 -0.930002 -0.306262 0.203222 -0.504304 0.187351 -0.87068 -0.45477 0.485867 
1533580261893 0.178781 0.934264 -0.308527 -0.607288 -0.951418 0.244056 0.187722 -0.253985 0.25068 0.259977 0.932508 0.379851 0.31622 -0.384863 0.867113 0.400795 -0.930002 -0.306262 0.203222 -0.504304 0.187351 -0.87068 -0.45477 0.485867 
1533580261904 0.178652 0.934292 -0.308515 -0.607191 -0.951463 0.243911 0.187686 -0.253988 0.250604 0.26001 0.932519 0.379801 0.31622 -0.384863 0.867113 0.400795 -0.930002 -0.306262 0.203222 -0.504304 0.187351 -0.87068 -0.45477 0.485867 
1533580261921 0.178522 0.934321 -0.308504 -0.607089 -0.951507 0.243766 0.18765 -0.253989 0.250528 0.260045 0.93253 0.379751 0.31622 -0.384863 0.867113 0.400795 -0.930002 -0.306262 0.203222 -0.504304 0.187351 -0.87068 -0.45477 0.485867 
1533580261938 0.178392 0.934349 -0.308494 -0.606988 -0.951551 0.243621 0.187613 -0.25399 0.250452 0.260079 0.932541 0.379702 0.31622 -0.384863 0.867113 0.400795 -0.930002 -0.306262 0.203222 -0.504304 0.187351 -0.87068 -0.45477 0.485867 
1533580261954 0.178263 0.934377 -0.308483 -0.606887 -0.951596 0.243476 0.187577 -0.253991 0.250376 0.260113 0.932552 0.379653 0.31622 -0.384863 0.867113 0.400795 -0.930002 -0.306262 0.203222 -0.504304 0.187351 -0.87068 -0.45477 0.485867 
1533580261961 0.178133 0.934405 -0.308472 -0.606786 -0.95164 0.243331 0.18754 -0.253992 0.2503 0.260147 0.932563 0.379603 0.31622 -0.384863 0.867113 0.400795 -0.930002 -0.306262 0.203222 -0.504304 0.187351 -0.87068 -0.45477 0.485867 
1533580261974 0.178004 0.934434 -0.308462 -0.606684 -0.951684 0.243186 0.187504 -0.253993 0.250223 0.260182 0.932574 0.379554 0.31622 -0.384863 0.867113 0.400795 -0.930002 -0.306262 0.203222 -0.504304 0.187351 -0.87068 -0.45477 0.485867 
1533580261992 0.177874 0.934462 -0.308451 -0.606583 -0.951729 0.24304 0.187467 -0.253994 0.250147 0.260216 0.932585 0.379504 0.31622 -0.384863 0.867113 0.400795 -0.930002 -0.306262 0.203222 -0.504304 0.187351 -0.87068 -0.45477 0.485867 
1533580262111 0.177744 0.93449 -0.30844 -0.606481 -0.951773 0.242895 0.187431 -0.253995 0.250071 0.26025 0.932595 0.379455 0.31622 -0.384863 0.867113 0.400795 -0.930002 -0.306262 0.203222 -0.504304 0.187351 -0.87068 -0.45477 0.485867 
1533580262134 0.177615 0.934518 -0.308429 -0.60638 -0.951817 0.24275 0.187394 -0.253996 0.249995 0.260284 0.932606 0.379405 0.31622 -0.384863 0.867113 0.400795 -0.930002 -0.306262 0.203222 -0.504304 0.187351 -0.87068 -0.45477 0.485867 
1533580262159 0.177931 0.93439 -0.308636 -0.606708 -0.951698 0.243153 0.187479 -0.253989 0.250224 0.26037 0.932521 0.379515 0.31622 -0.384863 0.867113 0.400795 -0.930002 -0.306262 0.203222 -0.504304 0.187351 -0.87068 -0.45477 0.485867 
1533580262171 0.177767 0.93443 -0.308608 -0.606615 -0.951711 0.243011 0.187596 -0.254006 0.250291 0.260357 0.932507 0.37946 0.31622 -0.384863 0.867113 0.400795 -0.930002 -0.306262 0.203222 -0.504304 0.187351 -0.87068 -0.45477 0.485867 
1533580262188 0.177605 0.93447 -0.30858 -0.606517 -0.951724 0.24287 0.187712 -0.254021 0.250357 0.260345 0.932492 0.379406 0.31622 -0.384863 0.867113 0.400795 -0.930002 -0.306262 0.203222 -0.504304 0.187351 -0.87068 -0.45477 0.485867 
1533580262205 0.177443 0.93451 -0.308553 -0.60642 -0.951737 0.24273 0.187828 -0.254037 0.250422 0.260332 0.932478 0.379351 0.31622 -0.384863 0.867113 0.400795 -0.930002 -0.306262 0.203222 -0.504304 0.187351 -0.87068 -0.45477 0.485867 
1533580262221 0.17728 0.93455 -0.308525 -0.606322 -0.95175 0.242589 0.187944 -0.254052 0.250488 0.26032 0.932464 0.379297 0.31622 -0.384863 0.867113 0.400795 -0.930002 -0.306262 0.203222 -0.504304 0.187351 -0.87068 -0.45477 0.485867 
1533580262237 0.177118 0.93459 -0.308498 -0.606223 -0.951763 0.242449 0.18806 -0.254066 0.250554 0.260308 0.93245 0.379243 0.31622 -0.384863 0.867113 0.400795 -0.930002 -0.306262 0.203222 -0.504304 0.187351 -0.87068 -0.45477 0.485867 
1533580262254 0.176955 0.93463 -0.30847 -0.606126 -0.951776 0.242308 0.188176 -0.254082 0.250619 0.260295 0.932436 0.379189 0.31622 -0.384863 0.867113 0.400795 -0.930002 -0.306262 0.203222 -0.504304 0.187351 -0.87068 -0.45477 0.485867 
1533580262271 0.176793 0.93467 -0.308442 -0.606028 -0.951788 0.242167 0.188292 -0.254096 0.250685 0.260283 0.932421 0.379135 0.31622 -0.384863 0.867113 0.400795 -0.930002 -0.306262 0.203222 -0.504304 0.187351 -0.87068 -0.45477 0.485867 
1533580262316 0.176631 0.93471 -0.308414 -0.60593 -0.951801 0.242027 0.188408 -0.254112 0.250751 0.260271 0.932407 0.37908 0.31622 -0.384863 0.867113 0.400795 -0.930002 -0.306262 0.203222 -0.504304 0.187351 -0.87068 -0.45477 0.485867 
1533580262350 0.176468 0.93475 -0.308387 -0.605833 -0.951814 0.241886 0.188523 -0.254127 0.250817 0.260258 0.932393 0.379026 0.31622 -0.384863 0.867113 0.400795 -0.930002 -0.306262 0.203222 -0.504304 0.187351 -0.87068 -0.45477 0.485867 
1533580262385 0.177029 0.934635 -0.308413 -0.606196 -0.951762 0.242365 0.188169 -0.254069 0.250618 0.260224 0.932456 0.379255 0.31622 -0.384863 0.867113 0.400795 -0.930002 -0.306262 0.203222 -0.504304 0.187351 -0.87068 -0.45477 0.485867 
1533580262399 0.17687 0.934678 -0.308374 -0.606109 -0.951774 0.242227 0.18829 -0.254086 0.250687 0.260199 0.932444 0.379251 0.31622 -0.384863 0.867113 0.400795 -0.930002 -0.306262 0.203222 -0.504304 0.187351 -0.87068 -0.45477 0.485867 
1533580262416 0.176712 0.93472 -0.308336 -0.606017 -0.951785 0.242089 0.18841 -0.254101 0.250756 0.260176 0.932433 0.379247 0.31622 -0.384863 0.867113 0.400795 -0.930002 -0.306262 0.203222 -0.504304 0.187351 -0.87068 -0.45477 0.485867 
1533580262434 0.176554 0.934762 -0.308299 -0.605926 -0.951796 0.241951 0.18853 -0.254117 0.250824 0.260152 0.932421 0.379243 0.31622 -0.384863 0.867113 0.400795 -0.930002 -0.306262 0.203222 -0.504304 0.187351 -0.87068 -0.45477 0.485867 
1533580262449 0.176396 0.934805 -0.308261 -0.605833 -0.951808 0.241813 0.18865 -0.254132 0.250892 0.260128 0.932409 0.379239 0.31622 -0.384863 0.867113 0.400795 -0.930002 -0.306262 0.203222 -0.504304 0.187351 -0.87068 -0.45477 0.485867 
1533580262466 0.176238 0.934847 -0.308224 -0.605741 -0.951819 0.241675 0.188769 -0.254146 0.250961 0.260105 0.932397 0.379236 0.31622 -0.384863 0.867113 0.400795 -0.930002 -0.306262 0.203222 -0.504304 0.187351 -0.87068 -0.45477 0.485867 
1533580262482 0.176079 0.934889 -0.308186 -0.60565 -0.95183 0.241537 0.188889 -0.254162 0.251029 0.260081 0.932385 0.379232 0.31622 -0.384863 0.867113 0.400795 -0.930002 -0.306262 0.203222 -0.504304 0.187351 -0.87068 -0.45477 0.485867 
1533580262499 0.175921 0.934931 -0.308149 -0.605557 -0.951841 0.2414 0.189009 -0.254176 0.251097 0.260058 0.932373 0.379228 0.31622 -0.384863 0.867113 0.400795 -0.930002 -0.306262 0.203222 -0.504304 0.187351 -0.87068 -0.45477 0.485867 
