1534335199566 0.0970711 0.863636 -0.494683 -0.526692 -0.962941 0.20716 0.17271 -0.235878 0.251637 0.459585 0.85174 0.441233 0.16008 -0.304787 0.938871 0.370831 -0.775623 0.549475 0.310623 -0.528794 -0.61056 -0.777934 -0.14844 0.432481 
1534335199578 0.09985 0.863498 -0.494369 -0.535079 -0.962753 0.209315 0.171152 -0.234925 0.251268 0.458866 0.852236 0.43789 0.316241 -0.38488 0.867098 0.400864 -0.930001 -0.306251 0.203246 -0.504429 0.187325 -0.870677 -0.454788 0.485926 
1534335199584 0.102628 0.863354 -0.494051 -0.543466 -0.962558 0.21147 0.169595 -0.233972 0.250898 0.458148 0.852731 0.434547 0.316241 -0.38488 0.867098 0.400864 -0.930001 -0.306251 0.203246 -0.504429 0.187325 -0.870677 -0.454788 0.485926 
1534335200397 0.105406 0.863204 -0.493729 -0.551853 -0.962355 0.213626 0.168038 -0.23302 0.250524 0.457431 0.853226 0.431203 0.316241 -0.38488 0.867098 0.400864 -0.930001 -0.306251 0.203246 -0.504429 0.187325 -0.870677 -0.454788 0.485926 
1534335200961 0.108182 0.863047 -0.493402 -0.560239 -0.962145 0.215781 0.166482 -0.232066 0.250149 0.456714 0.85372 0.42786 0.316241 -0.38488 0.867098 0.400864 -0.930001 -0.306251 0.203246 -0.504429 0.187325 -0.870677 -0.454788 0.485926 
1534335201558 0.110958 0.862884 -0.493071 -0.568625 -0.961927 0.217936 0.164927 -0.231113 0.249771 0.455998 0.854213 0.424517 0.316241 -0.38488 0.867098 0.400864 -0.930001 -0.306251 0.203246 -0.504429 0.187325 -0.870677 -0.454788 0.485926 
1534335202161 0.113733 0.862715 -0.492735 -0.57701 -0.961701 0.220091 0.163372 -0.230159 0.249391 0.455283 0.854705 0.421174 0.316241 -0.38488 0.867098 0.400864 -0.930001 -0.306251 0.203246 -0.504429 0.187325 -0.870677 -0.454788 0.485926 
1534335202754 0.116507 0.862539 -0.492395 -0.585394 -0.961468 0.222246 0.161819 -0.229205 0.249008 0.454569 0.855197 0.417831 0.316241 -0.38488 0.867098 0.400864 -0.930001 -0.306251 0.203246 -0.504429 0.187325 -0.870677 -0.454788 0.485926 
1534335203359 0.11928 0.862357 -0.49205 -0.593777 -0.961228 0.224401 0.160265 -0.228251 0.248622 0.453856 0.855688 0.414489 0.316241 -0.38488 0.867098 0.400864 -0.930001 -0.306251 0.203246 -0.504429 0.187325 -0.870677 -0.454788 0.485926 
1534335203974 0.122117 0.862143 -0.491728 -0.601392 -0.960973 0.226614 0.158671 -0.226947 0.248229 0.453161 0.85617 0.411227 0.316531 -0.385118 0.866887 0.401814 -0.929976 -0.306103 0.20358 -0.50615 0.186955 -0.870623 -0.455042 0.486735 
1534335204588 0.122253 0.862455 -0.491147 -0.600906 -0.960925 0.226682 0.158868 -0.227231 0.24835 0.452533 0.856467 0.411562 0.316531 -0.385118 0.866887 0.401814 -0.929976 -0.306103 0.20358 -0.50615 0.186955 -0.870623 -0.455042 0.486735 
1534335204600 0.122511 0.862407 -0.491167 -0.601873 -0.960905 0.226886 0.158697 -0.227143 0.2483 0.452522 0.856487 0.411186 0.316221 -0.384863 0.867113 0.400797 -0.930002 -0.306262 0.203223 -0.504308 0.187351 -0.87068 -0.45477 0.485869 
1534335204814 0.122768 0.862359 -0.491187 -0.602839 -0.960885 0.227089 0.158526 -0.227056 0.24825 0.452512 0.856507 0.41081 0.316221 -0.384863 0.867113 0.400797 -0.930002 -0.306262 0.203223 -0.504308 0.187351 -0.87068 -0.45477 0.485869 
1534335204821 0.123026 0.862311 -0.491207 -0.603806 -0.960865 0.227292 0.158356 -0.226968 0.248199 0.452502 0.856528 0.410434 0.316221 -0.384863 0.867113 0.400797 -0.930002 -0.306262 0.203223 -0.504308 0.187351 -0.87068 -0.45477 0.485869 
1534335205125 0.123283 0.862263 -0.491227 -0.604772 -0.960845 0.227495 0.158185 -0.226881 0.248148 0.452491 0.856548 0.410057 0.316221 -0.384863 0.867113 0.400797 -0.930002 -0.306262 0.203223 -0.504308 0.187351 -0.87068 -0.45477 0.485869 
1534335205353 0.12354 0.862215 -0.491246 -0.605739 -0.960825 0.227698 0.158014 -0.226793 0.248098 0.452481 0.856568 0.409681 0.316221 -0.384863 0.867113 0.400797 -0.930002 -0.306262 0.203223 -0.504308 0.187351 -0.87068 -0.45477 0.485869 
1534335205571 0.123797 0.862167 -0.491266 -0.606705 -0.960805 0.227901 0.157843 -0.226705 0.248047 0.452471 0.856588 0.409305 0.316221 -0.384863 0.867113 0.400797 -0.930002 -0.306262 0.203223 -0.504308 0.187351 -0.87068 -0.45477 0.485869 
1534335205578 0.124054 0.862119 -0.491286 -0.607672 -0.960785 0.228103 0.157673 -0.226618 0.247997 0.45246 0.856608 0.408929 0.316221 -0.384863 0.867113 0.400797 -0.930002 -0.306262 0.203223 -0.504308 0.187351 -0.87068 -0.45477 0.485869 
1534335205892 0.124312 0.86207 -0.491306 -0.608638 -0.960765 0.228306 0.157502 -0.22653 0.247946 0.45245 0.856628 0.408553 0.316221 -0.384863 0.867113 0.400797 -0.930002 -0.306262 0.203223 -0.504308 0.187351 -0.87068 -0.45477 0.485869 
1534335206107 0.12457 0.862022 -0.491325 -0.609604 -0.960745 0.22851 0.157331 -0.226442 0.247895 0.45244 0.856648 0.408177 0.316221 -0.384863 0.867113 0.400797 -0.930002 -0.306262 0.203223 -0.504308 0.187351 -0.87068 -0.45477 0.485869 
1534335206343 0.124399 0.862179 -0.491093 -0.609294 -0.960763 0.228327 0.157487 -0.226428 0.247912 0.452233 0.856753 0.408417 0.316221 -0.384863 0.867113 0.400797 -0.930002 -0.306262 0.203223 -0.504308 0.187351 -0.87068 -0.45477 0.485869 
1534335206356 0.124671 0.862544 -0.490383 -0.60936 -0.960683 0.228514 0.157702 -0.226466 0.248085 0.451442 0.85712 0.408185 0.31622 -0.384863 0.867113 0.400795 -0.930002 -0.306262 0.203222 -0.504304 0.187351 -0.87068 -0.454769 0.485867 
1534335206497 0.124942 0.862909 -0.489672 -0.609431 -0.960603 0.2287 0.157918 -0.226506 0.248257 0.45065 0.857487 0.407952 0.31622 -0.384863 0.867113 0.400795 -0.930002 -0.306262 0.203222 -0.504304 0.187351 -0.87068 -0.454769 0.485867 
1534335206548 0.125214 0.863272 -0.48896 -0.609501 -0.960523 0.228886 0.158133 -0.226545 0.248428 0.449857 0.857853 0.407719 0.31622 -0.384863 0.867113 0.400795 -0.930002 -0.306262 0.203222 -0.504304 0.187351 -0.87068 -0.454769 0.485867 
1534335206668 0.125486 0.863635 -0.488249 -0.609569 -0.960443 0.229073 0.158348 -0.226585 0.248599 0.449065 0.858218 0.407487 0.31622 -0.384863 0.867113 0.400795 -0.930002 -0.306262 0.203222 -0.504304 0.187351 -0.87068 -0.454769 0.485867 
1534335206713 0.125757 0.863998 -0.487537 -0.60964 -0.960364 0.229258 0.158564 -0.226625 0.24877 0.448272 0.858583 0.407254 0.31622 -0.384863 0.867113 0.400795 -0.930002 -0.306262 0.203222 -0.504304 0.187351 -0.87068 -0.454769 0.485867 
1534335206827 0.12603 0.86436 -0.486825 -0.60971 -0.960284 0.229444 0.158779 -0.226664 0.248941 0.447479 0.858947 0.407021 0.31622 -0.384863 0.867113 0.400795 -0.930002 -0.306262 0.203222 -0.504304 0.187351 -0.87068 -0.454769 0.485867 
1534335206897 0.126302 0.864721 -0.486112 -0.609781 -0.960204 0.229629 0.158995 -0.226704 0.249112 0.446686 0.859311 0.406789 0.31622 -0.384863 0.867113 0.400795 -0.930002 -0.306262 0.203222 -0.504304 0.187351 -0.87068 -0.454769 0.485867 
1534335206998 0.126574 0.865082 -0.4854 -0.60985 -0.960124 0.229814 0.159211 -0.226744 0.249282 0.445892 0.859674 0.406556 0.31622 -0.384863 0.867113 0.400795 -0.930002 -0.306262 0.203222 -0.504304 0.187351 -0.87068 -0.454769 0.485867 
1534335207059 0.126846 0.865441 -0.484687 -0.609922 -0.960044 0.229999 0.159427 -0.226784 0.249452 0.445098 0.860036 0.406323 0.31622 -0.384863 0.867113 0.400795 -0.930002 -0.306262 0.203222 -0.504304 0.187351 -0.87068 -0.454769 0.485867 
1534335207173 0.126444 0.86506 -0.485472 -0.609829 -0.960182 0.22964 0.159109 -0.226681 0.249123 0.446024 0.859652 0.406646 0.31622 -0.384863 0.867113 0.400795 -0.930002 -0.306262 0.203222 -0.504304 0.187351 -0.87068 -0.454769 0.485867 
1534335207185 0.12622 0.865169 -0.485337 -0.609835 -0.960202 0.229437 0.159281 -0.226834 0.249159 0.445917 0.859696 0.40659 0.31622 -0.384863 0.867113 0.400795 -0.930002 -0.306262 0.203222 -0.504304 0.187351 -0.87068 -0.454769 0.485867 
1534335207201 0.125996 0.865278 -0.485201 -0.609843 -0.960222 0.229234 0.159453 -0.226988 0.249196 0.44581 0.859741 0.406534 0.31622 -0.384863 0.867113 0.400795 -0.930002 -0.306262 0.203222 -0.504304 0.187351 -0.87068 -0.454769 0.485867 
1534335207331 0.125772 0.865387 -0.485064 -0.609853 -0.960242 0.229031 0.159625 -0.227142 0.249232 0.445703 0.859786 0.406478 0.31622 -0.384863 0.867113 0.400795 -0.930002 -0.306262 0.203222 -0.504304 0.187351 -0.87068 -0.454769 0.485867 
1534335207351 0.125547 0.865496 -0.484928 -0.609863 -0.960262 0.228827 0.159798 -0.227297 0.249269 0.445595 0.859831 0.406422 0.31622 -0.384863 0.867113 0.400795 -0.930002 -0.306262 0.203222 -0.504304 0.187351 -0.87068 -0.454769 0.485867 
1534335207382 0.125323 0.865605 -0.484791 -0.609873 -0.960282 0.228623 0.15997 -0.227452 0.249305 0.445488 0.859876 0.406366 0.31622 -0.384863 0.867113 0.400795 -0.930002 -0.306262 0.203222 -0.504304 0.187351 -0.87068 -0.454769 0.485867 
1534335207469 0.125099 0.865714 -0.484655 -0.609882 -0.960301 0.22842 0.160142 -0.227606 0.249342 0.445381 0.859921 0.40631 0.31622 -0.384863 0.867113 0.400795 -0.930002 -0.306262 0.203222 -0.504304 0.187351 -0.87068 -0.454769 0.485867 
1534335207493 0.124874 0.865823 -0.484518 -0.609892 -0.960321 0.228216 0.160315 -0.227761 0.249379 0.445274 0.859966 0.406254 0.31622 -0.384863 0.867113 0.400795 -0.930002 -0.306262 0.203222 -0.504304 0.187351 -0.87068 -0.454769 0.485867 
1534335207548 0.12465 0.865931 -0.484381 -0.609901 -0.960341 0.228013 0.160487 -0.227915 0.249416 0.445167 0.860011 0.406198 0.31622 -0.384863 0.867113 0.400795 -0.930002 -0.306262 0.203222 -0.504304 0.187351 -0.87068 -0.454769 0.485867 
1534335207555 0.124426 0.86604 -0.484245 -0.60991 -0.96036 0.227809 0.160659 -0.228069 0.249452 0.445059 0.860056 0.406142 0.31622 -0.384863 0.867113 0.400795 -0.930002 -0.306262 0.203222 -0.504304 0.187351 -0.87068 -0.454769 0.485867 
1534335207660 0.124818 0.865787 -0.484595 -0.609888 -0.960369 0.228109 0.160181 -0.227646 0.249223 0.445397 0.859947 0.406209 0.31622 -0.384863 0.867113 0.400795 -0.930002 -0.306262 0.203222 -0.504304 0.187351 -0.87068 -0.454769 0.485867 
1534335207680 0.124245 0.865661 -0.484968 -0.609776 -0.960408 0.227742 0.160467 -0.227909 0.249357 0.44583 0.859684 0.406195 0.31622 -0.384863 0.867113 0.400795 -0.930002 -0.306262 0.203222 -0.504304 0.187351 -0.87068 -0.45477 0.485867 
1534335207697 0.123671 0.865534 -0.485342 -0.609667 -0.960448 0.227374 0.160753 -0.228174 0.249491 0.446265 0.859419 0.406181 0.31622 -0.384863 0.867113 0.400795 -0.930002 -0.306262 0.203222 -0.504304 0.187351 -0.87068 -0.45477 0.485867 
1534335207714 0.123098 0.865406 -0.485715 -0.609558 -0.960486 0.227007 0.16104 -0.22844 0.249625 0.446699 0.859155 0.406168 0.31622 -0.384863 0.867113 0.400795 -0.930002 -0.306262 0.203222 -0.504304 0.187351 -0.87068 -0.45477 0.485867 
1534335207885 0.122523 0.865278 -0.486088 -0.60945 -0.960525 0.226639 0.161326 -0.228705 0.249759 0.447134 0.85889 0.406154 0.31622 -0.384863 0.867113 0.400795 -0.930002 -0.306262 0.203222 -0.504304 0.187351 -0.87068 -0.45477 0.485867 
1534335207891 0.121949 0.86515 -0.486461 -0.609341 -0.960564 0.226271 0.161613 -0.22897 0.249892 0.447568 0.858625 0.40614 0.31622 -0.384863 0.867113 0.400795 -0.930002 -0.306262 0.203222 -0.504304 0.187351 -0.87068 -0.45477 0.485867 
1534335208070 0.121374 0.865021 -0.486834 -0.609233 -0.960602 0.225903 0.161901 -0.229236 0.250025 0.448003 0.858359 0.406126 0.31622 -0.384863 0.867113 0.400795 -0.930002 -0.306262 0.203222 -0.504304 0.187351 -0.87068 -0.45477 0.485867 
1534335208152 0.1208 0.864892 -0.487206 -0.609124 -0.96064 0.225536 0.162188 -0.229501 0.250158 0.448437 0.858094 0.406113 0.31622 -0.384863 0.867113 0.400795 -0.930002 -0.306262 0.203222 -0.504304 0.187351 -0.87068 -0.45477 0.485867 
1534335208159 0.120225 0.864762 -0.487578 -0.609016 -0.960677 0.225168 0.162476 -0.229767 0.25029 0.448872 0.857828 0.406099 0.31622 -0.384863 0.867113 0.400795 -0.930002 -0.306262 0.203222 -0.504304 0.187351 -0.87068 -0.45477 0.485867 
1534335208310 0.11965 0.864632 -0.48795 -0.608907 -0.960715 0.224801 0.162763 -0.230032 0.250422 0.449306 0.857562 0.406085 0.31622 -0.384863 0.867113 0.400795 -0.930002 -0.306262 0.203222 -0.504304 0.187351 -0.87068 -0.45477 0.485867 
1534335208413 0.120195 0.864783 -0.487548 -0.609028 -0.960664 0.225168 0.162557 -0.229707 0.250357 0.448831 0.85783 0.40611 0.31622 -0.384863 0.867113 0.400795 -0.930002 -0.306262 0.203222 -0.504304 0.187351 -0.87068 -0.45477 0.485867 
1534335208425 0.119876 0.864807 -0.487585 -0.608753 -0.960695 0.224913 0.162725 -0.229827 0.25039 0.448914 0.857777 0.406118 0.31622 -0.384863 0.867113 0.400795 -0.930002 -0.306262 0.203222 -0.504304 0.187351 -0.87068 -0.45477 0.485867 
1534335208443 0.119557 0.86483 -0.487622 -0.608473 -0.960726 0.224659 0.162893 -0.229945 0.250423 0.448997 0.857724 0.406126 0.31622 -0.384863 0.867113 0.400795 -0.930002 -0.306262 0.203222 -0.504304 0.187351 -0.87068 -0.45477 0.485867 
1534335208449 0.119238 0.864853 -0.48766 -0.608194 -0.960757 0.224404 0.163061 -0.230063 0.250456 0.44908 0.857671 0.406134 0.31622 -0.384863 0.867113 0.400795 -0.930002 -0.306262 0.203222 -0.504304 0.187351 -0.87068 -0.45477 0.485867 
1534335208614 0.118918 0.864876 -0.487697 -0.607914 -0.960788 0.22415 0.163229 -0.230181 0.250489 0.449163 0.857618 0.406142 0.31622 -0.384863 0.867113 0.400795 -0.930002 -0.306262 0.203222 -0.504304 0.187351 -0.87068 -0.45477 0.485867 
1534335208652 0.118599 0.864898 -0.487734 -0.607636 -0.960819 0.223895 0.163397 -0.2303 0.250523 0.449246 0.857564 0.40615 0.31622 -0.384863 0.867113 0.400795 -0.930002 -0.306262 0.203222 -0.504304 0.187351 -0.87068 -0.45477 0.485867 
1534335208771 0.11828 0.864921 -0.487772 -0.607356 -0.960849 0.223641 0.163564 -0.230418 0.250556 0.449329 0.857511 0.406158 0.31622 -0.384863 0.867113 0.400795 -0.930002 -0.306262 0.203222 -0.504304 0.187351 -0.87068 -0.45477 0.485867 
1534335208778 0.117961 0.864944 -0.487809 -0.607077 -0.96088 0.223386 0.163732 -0.230536 0.250589 0.449412 0.857458 0.406166 0.31622 -0.384863 0.867113 0.400795 -0.930002 -0.306262 0.203222 -0.504304 0.187351 -0.87068 -0.45477 0.485867 
1534335208943 0.117641 0.864966 -0.487846 -0.606798 -0.960911 0.223131 0.1639 -0.230655 0.250622 0.449495 0.857405 0.406174 0.31622 -0.384863 0.867113 0.400795 -0.930002 -0.306262 0.203222 -0.504304 0.187351 -0.87068 -0.45477 0.485867 
1534335208997 0.117322 0.864989 -0.487883 -0.606518 -0.960941 0.222877 0.164068 -0.230772 0.250655 0.449578 0.857352 0.406183 0.31622 -0.384863 0.867113 0.400795 -0.930002 -0.306262 0.203222 -0.504304 0.187351 -0.87068 -0.45477 0.485867 
1534335209123 0.117812 0.864959 -0.487818 -0.606873 -0.960904 0.223248 0.163778 -0.230662 0.250565 0.449451 0.857444 0.406197 0.31622 -0.384863 0.867113 0.400795 -0.930002 -0.306262 0.203222 -0.504304 0.187351 -0.87068 -0.45477 0.485867 
1534335209136 0.117315 0.86495 -0.487954 -0.606582 -0.960904 0.222952 0.164183 -0.230747 0.250801 0.449616 0.857289 0.406274 0.31622 -0.384863 0.867113 0.400795 -0.930002 -0.306262 0.203222 -0.504304 0.187351 -0.87068 -0.45477 0.485867 
1534335209153 0.116819 0.864939 -0.488092 -0.606286 -0.960903 0.222659 0.164588 -0.230829 0.251037 0.449782 0.857133 0.406352 0.31622 -0.384863 0.867113 0.400795 -0.930002 -0.306262 0.203222 -0.504304 0.187351 -0.87068 -0.45477 0.485867 
1534335209169 0.116323 0.864928 -0.488229 -0.60599 -0.960901 0.222365 0.164993 -0.230912 0.251272 0.449948 0.856977 0.40643 0.31622 -0.384863 0.867113 0.400795 -0.930002 -0.306262 0.203222 -0.504304 0.187351 -0.87068 -0.45477 0.485867 
1534335209335 0.115826 0.864917 -0.488367 -0.605694 -0.9609 0.22207 0.165398 -0.230994 0.251508 0.450114 0.85682 0.406508 0.31622 -0.384863 0.867113 0.400795 -0.930002 -0.306262 0.203222 -0.504304 0.187351 -0.87068 -0.45477 0.485867 
1534335209383 0.115329 0.864907 -0.488503 -0.605399 -0.960898 0.221776 0.165804 -0.231077 0.251743 0.45028 0.856664 0.406586 0.31622 -0.384863 0.867113 0.400795 -0.930002 -0.306262 0.203222 -0.504304 0.187351 -0.87068 -0.45477 0.485867 
1534335209390 0.114833 0.864895 -0.48864 -0.605103 -0.960895 0.221482 0.166209 -0.231159 0.251979 0.450446 0.856508 0.406664 0.31622 -0.384863 0.867113 0.400795 -0.930002 -0.306262 0.203222 -0.504304 0.187351 -0.87068 -0.45477 0.485867 
1534335209544 0.114336 0.864884 -0.488777 -0.604807 -0.960893 0.221188 0.166614 -0.231242 0.252214 0.450612 0.856351 0.406742 0.31622 -0.384863 0.867113 0.400795 -0.930002 -0.306262 0.203222 -0.504304 0.187351 -0.87068 -0.45477 0.485867 
1534335209596 0.113839 0.864873 -0.488913 -0.604512 -0.96089 0.220894 0.16702 -0.231325 0.252449 0.450778 0.856194 0.40682 0.31622 -0.384863 0.867113 0.400795 -0.930002 -0.306262 0.203222 -0.504304 0.187351 -0.87068 -0.45477 0.485867 
1534335209603 0.113343 0.864861 -0.489049 -0.604215 -0.960887 0.220601 0.167425 -0.231407 0.252684 0.450945 0.856037 0.406898 0.31622 -0.384863 0.867113 0.400795 -0.930002 -0.306262 0.203222 -0.504304 0.187351 -0.87068 -0.45477 0.485867 
1534335209777 0.113891 0.864832 -0.488973 -0.604636 -0.960945 0.220842 0.166776 -0.231172 0.252219 0.450882 0.856208 0.406715 0.31622 -0.384863 0.867113 0.400795 -0.930002 -0.306262 0.203222 -0.504304 0.187351 -0.87068 -0.45477 0.485867 
1534335209791 0.113507 0.864778 -0.489158 -0.604402 -0.960963 0.220594 0.166999 -0.231213 0.252322 0.451108 0.856058 0.406796 0.31622 -0.384863 0.867113 0.400795 -0.930002 -0.306262 0.203222 -0.504304 0.187351 -0.87068 -0.45477 0.485867 
1534335209811 0.113123 0.864723 -0.489343 -0.604163 -0.960981 0.220345 0.167221 -0.231252 0.252425 0.451333 0.855909 0.406878 0.31622 -0.384863 0.867113 0.400795 -0.930002 -0.306262 0.203222 -0.504304 0.187351 -0.87068 -0.45477 0.485867 
1534335209828 0.112739 0.864669 -0.489528 -0.603925 -0.960999 0.220097 0.167444 -0.231292 0.252527 0.451559 0.85576 0.40696 0.31622 -0.384863 0.867113 0.400795 -0.930002 -0.306262 0.203222 -0.504304 0.187351 -0.87068 -0.45477 0.485867 
1534335209834 0.112355 0.864614 -0.489712 -0.603687 -0.961018 0.219848 0.167667 -0.231331 0.252629 0.451784 0.855611 0.407042 0.31622 -0.384863 0.867113 0.400795 -0.930002 -0.306262 0.203222 -0.504304 0.187351 -0.87068 -0.45477 0.485867 
1534335210011 0.111972 0.86456 -0.489897 -0.603448 -0.961035 0.2196 0.167889 -0.23137 0.252732 0.45201 0.855461 0.407124 0.31622 -0.384863 0.867113 0.400795 -0.930002 -0.306262 0.203222 -0.504304 0.187351 -0.87068 -0.45477 0.485867 
1534335210051 0.111587 0.864505 -0.490081 -0.60321 -0.961053 0.219351 0.168113 -0.23141 0.252834 0.452235 0.855312 0.407206 0.31622 -0.384863 0.867113 0.400795 -0.930002 -0.306262 0.203222 -0.504304 0.187351 -0.87068 -0.45477 0.485867 
1534335210174 0.111204 0.86445 -0.490266 -0.602971 -0.961071 0.219103 0.168335 -0.231449 0.252936 0.452461 0.855162 0.407288 0.31622 -0.384863 0.867113 0.400795 -0.930002 -0.306262 0.203222 -0.504304 0.187351 -0.87068 -0.45477 0.485867 
1534335210231 0.11082 0.864394 -0.49045 -0.602733 -0.961088 0.218855 0.168558 -0.231488 0.253038 0.452686 0.855013 0.40737 0.31622 -0.384863 0.867113 0.400795 -0.930002 -0.306262 0.203222 -0.504304 0.187351 -0.87068 -0.45477 0.485867 
1534335210345 0.110435 0.864339 -0.490634 -0.602495 -0.961106 0.218606 0.168781 -0.231528 0.25314 0.452912 0.854863 0.407452 0.31622 -0.384863 0.867113 0.400795 -0.930002 -0.306262 0.203222 -0.504304 0.187351 -0.87068 -0.45477 0.485867 
1534335210408 0.110828 0.864333 -0.490557 -0.602857 -0.961126 0.218813 0.168395 -0.231374 0.252889 0.452824 0.854984 0.407246 0.31622 -0.384863 0.867113 0.400795 -0.930002 -0.306262 0.203222 -0.504304 0.187351 -0.87068 -0.45477 0.485867 
1534335210421 0.110738 0.864451 -0.490369 -0.602718 -0.961134 0.218704 0.168495 -0.231401 0.252901 0.452651 0.855072 0.40723 0.31622 -0.384863 0.867113 0.400795 -0.930002 -0.306262 0.203222 -0.504304 0.187351 -0.87068 -0.45477 0.485867 
1534335210438 0.110649 0.864569 -0.490181 -0.602577 -0.961141 0.218596 0.168595 -0.231426 0.252914 0.452478 0.85516 0.407213 0.31622 -0.384863 0.867113 0.400795 -0.930002 -0.306262 0.203222 -0.504304 0.187351 -0.87068 -0.45477 0.485867 
1534335210444 0.11056 0.864687 -0.489993 -0.602435 -0.961148 0.218488 0.168695 -0.231451 0.252926 0.452304 0.855248 0.407197 0.31622 -0.384863 0.867113 0.400795 -0.930002 -0.306262 0.203222 -0.504304 0.187351 -0.87068 -0.45477 0.485867 
1534335210548 0.110471 0.864805 -0.489805 -0.602293 -0.961155 0.21838 0.168794 -0.231476 0.252938 0.452131 0.855336 0.407181 0.31622 -0.384863 0.867113 0.400795 -0.930002 -0.306262 0.203222 -0.504304 0.187351 -0.87068 -0.45477 0.485867 
1534335210555 0.110381 0.864923 -0.489616 -0.602152 -0.961162 0.218272 0.168895 -0.231502 0.25295 0.451958 0.855424 0.407165 0.31622 -0.384863 0.867113 0.400795 -0.930002 -0.306262 0.203222 -0.504304 0.187351 -0.87068 -0.45477 0.485867 
1534335210637 0.110293 0.865041 -0.489429 -0.602009 -0.961169 0.218164 0.168994 -0.231526 0.252962 0.451785 0.855512 0.407148 0.31622 -0.384863 0.867113 0.400795 -0.930002 -0.306262 0.203222 -0.504304 0.187351 -0.87068 -0.45477 0.485867 
1534335210681 0.110203 0.865158 -0.48924 -0.601868 -0.961176 0.218055 0.169094 -0.231552 0.252975 0.451611 0.8556 0.407132 0.31622 -0.384863 0.867113 0.400795 -0.930002 -0.306262 0.203222 -0.504304 0.187351 -0.87068 -0.45477 0.485867 
1534335210741 0.110115 0.865276 -0.489052 -0.601724 -0.961183 0.217948 0.169194 -0.231576 0.252987 0.451438 0.855688 0.407116 0.31622 -0.384863 0.867113 0.400795 -0.930002 -0.306262 0.203222 -0.504304 0.187351 -0.87068 -0.45477 0.485867 
1534335210762 0.110026 0.865394 -0.488864 -0.601583 -0.96119 0.217839 0.169293 -0.231602 0.252999 0.451265 0.855775 0.4071 0.31622 -0.384863 0.867113 0.400795 -0.930002 -0.306262 0.203222 -0.504304 0.187351 -0.87068 -0.45477 0.485867 
1534335210805 0.11028 0.865091 -0.489342 -0.601984 -0.961211 0.218062 0.168883 -0.231489 0.252806 0.451736 0.855584 0.407083 0.31622 -0.384863 0.867113 0.400795 -0.930002 -0.306262 0.203222 -0.504304 0.187351 -0.87068 -0.45477 0.485867 
1534335210817 0.110107 0.865208 -0.489174 -0.601853 -0.961194 0.217947 0.169133 -0.231513 0.252949 0.451568 0.85563 0.40703 0.31622 -0.384863 0.867113 0.400795 -0.930002 -0.306262 0.203222 -0.504304 0.187351 -0.87068 -0.45477 0.485867 
1534335210844 0.109935 0.865325 -0.489006 -0.601717 -0.961176 0.217832 0.169382 -0.231534 0.253092 0.451399 0.855677 0.406977 0.31622 -0.384863 0.867113 0.400795 -0.930002 -0.306262 0.203222 -0.504304 0.187351 -0.87068 -0.45477 0.485867 
1534335210861 0.109763 0.865442 -0.488837 -0.601581 -0.961158 0.217717 0.169631 -0.231556 0.253234 0.451231 0.855724 0.406924 0.31622 -0.384863 0.867113 0.400795 -0.930002 -0.306262 0.203222 -0.504304 0.187351 -0.87068 -0.45477 0.485867 
1534335210882 0.109591 0.865559 -0.488669 -0.601445 -0.96114 0.217603 0.16988 -0.231578 0.253377 0.451062 0.85577 0.406871 0.31622 -0.384863 0.867113 0.400795 -0.930002 -0.306262 0.203222 -0.504304 0.187351 -0.87068 -0.45477 0.485867 
1534335210898 0.109419 0.865675 -0.488501 -0.60131 -0.961122 0.217488 0.170129 -0.2316 0.25352 0.450894 0.855817 0.406818 0.31622 -0.384863 0.867113 0.400795 -0.930002 -0.306262 0.203222 -0.504304 0.187351 -0.87068 -0.45477 0.485867 
1534335210986 0.109248 0.865792 -0.488333 -0.601174 -0.961104 0.217373 0.170378 -0.231621 0.253662 0.450725 0.855863 0.406765 0.31622 -0.384863 0.867113 0.400795 -0.930002 -0.306262 0.203222 -0.504304 0.187351 -0.87068 -0.45477 0.485867 
1534335210992 0.109076 0.865909 -0.488165 -0.601039 -0.961085 0.217258 0.170627 -0.231643 0.253805 0.450557 0.85591 0.406712 0.31622 -0.384863 0.867113 0.400795 -0.930002 -0.306262 0.203222 -0.504304 0.187351 -0.87068 -0.45477 0.485867 
1534335211059 0.108904 0.866025 -0.487996 -0.600904 -0.961067 0.217143 0.170876 -0.231666 0.253948 0.450388 0.855956 0.406659 0.31622 -0.384863 0.867113 0.400795 -0.930002 -0.306262 0.203222 -0.504304 0.187351 -0.87068 -0.45477 0.485867 
1534335211124 0.108732 0.866142 -0.487828 -0.600767 -0.961049 0.217028 0.171125 -0.231687 0.254091 0.450219 0.856002 0.406607 0.31622 -0.384863 0.867113 0.400795 -0.930002 -0.306262 0.203222 -0.504304 0.187351 -0.87068 -0.45477 0.485867 
1534335211180 0.109185 0.86587 -0.488209 -0.601112 -0.961097 0.217319 0.170486 -0.231623 0.253716 0.450601 0.855913 0.406691 0.31622 -0.384863 0.867113 0.400795 -0.930002 -0.306262 0.203222 -0.504304 0.187351 -0.87068 -0.45477 0.485867 
1534335211194 0.109025 0.865974 -0.48806 -0.600999 -0.961131 0.217122 0.170543 -0.231643 0.253655 0.450496 0.855986 0.406666 0.31622 -0.384863 0.867113 0.400795 -0.930002 -0.306262 0.203222 -0.504304 0.187351 -0.87068 -0.45477 0.485867 
1534335211210 0.108864 0.866077 -0.487912 -0.600881 -0.961165 0.216926 0.1706 -0.23166 0.253594 0.450392 0.856059 0.406641 0.31622 -0.384863 0.867113 0.400795 -0.930002 -0.306262 0.203222 -0.504304 0.187351 -0.87068 -0.45477 0.485867 
1534335211230 0.108704 0.866181 -0.487764 -0.600763 -0.9612 0.216729 0.170657 -0.231678 0.253532 0.450288 0.856132 0.406616 0.31622 -0.384863 0.867113 0.400795 -0.930002 -0.306262 0.203222 -0.504304 0.187351 -0.87068 -0.45477 0.485867 
1534335211241 0.108544 0.866284 -0.487616 -0.600647 -0.961234 0.216532 0.170713 -0.231697 0.253471 0.450183 0.856205 0.406591 0.31622 -0.384863 0.867113 0.400795 -0.930002 -0.306262 0.203222 -0.504304 0.187351 -0.87068 -0.45477 0.485867 
1534335211251 0.108384 0.866388 -0.487468 -0.600529 -0.961268 0.216336 0.17077 -0.231714 0.25341 0.450079 0.856278 0.406566 0.31622 -0.384863 0.867113 0.400795 -0.930002 -0.306262 0.203222 -0.504304 0.187351 -0.87068 -0.45477 0.485867 
1534335211272 0.108223 0.866491 -0.48732 -0.600413 -0.961302 0.216139 0.170826 -0.231733 0.253348 0.449975 0.856351 0.406541 0.31622 -0.384863 0.867113 0.400795 -0.930002 -0.306262 0.203222 -0.504304 0.187351 -0.87068 -0.45477 0.485867 
1534335211395 0.108063 0.866594 -0.487172 -0.600294 -0.961337 0.215942 0.170883 -0.23175 0.253287 0.44987 0.856424 0.406516 0.31622 -0.384863 0.867113 0.400795 -0.930002 -0.306262 0.203222 -0.504304 0.187351 -0.87068 -0.45477 0.485867 
1534335211416 0.107903 0.866697 -0.487024 -0.600178 -0.961371 0.215746 0.170939 -0.231768 0.253226 0.449766 0.856497 0.406491 0.31622 -0.384863 0.867113 0.400795 -0.930002 -0.306262 0.203222 -0.504304 0.187351 -0.87068 -0.45477 0.485867 
1534335211423 0.107743 0.866801 -0.486876 -0.600061 -0.961405 0.215549 0.170996 -0.231786 0.253165 0.449662 0.85657 0.406466 0.31622 -0.384863 0.867113 0.400795 -0.930002 -0.306262 0.203222 -0.504304 0.187351 -0.87068 -0.45477 0.485867 
1534335211500 0.108063 0.866442 -0.487443 -0.600407 -0.961309 0.216045 0.170909 -0.231687 0.253393 0.450114 0.856265 0.406461 0.31622 -0.384863 0.867113 0.400795 -0.930002 -0.306262 0.203222 -0.504304 0.187351 -0.87068 -0.45477 0.485867 
1534335211511 0.108002 0.866375 -0.487576 -0.600305 -0.96136 0.21594 0.170755 -0.231695 0.253226 0.450294 0.85622 0.406474 0.31622 -0.384863 0.867113 0.400795 -0.930002 -0.306262 0.203222 -0.504304 0.187351 -0.87068 -0.45477 0.485867 
1534335211528 0.107944 0.866307 -0.48771 -0.600198 -0.96141 0.215838 0.170601 -0.231701 0.253059 0.450474 0.856174 0.406488 0.31622 -0.384863 0.867113 0.400795 -0.930002 -0.306262 0.203222 -0.504304 0.187351 -0.87068 -0.45477 0.485867 
1534335211545 0.107885 0.866239 -0.487843 -0.600091 -0.96146 0.215735 0.170447 -0.231707 0.252893 0.450654 0.856129 0.406502 0.31622 -0.384863 0.867113 0.400795 -0.930002 -0.306262 0.203222 -0.504304 0.187351 -0.87068 -0.45477 0.485867 
1534335211562 0.107826 0.866171 -0.487977 -0.599984 -0.961511 0.215633 0.170293 -0.231712 0.252726 0.450833 0.856083 0.406517 0.31622 -0.384863 0.867113 0.400795 -0.930002 -0.306262 0.203222 -0.504304 0.187351 -0.87068 -0.45477 0.485867 
1534335211624 0.107766 0.866103 -0.48811 -0.599878 -0.961561 0.215529 0.170139 -0.231719 0.25256 0.451013 0.856038 0.406531 0.31622 -0.384863 0.867113 0.400795 -0.930002 -0.306262 0.203222 -0.504304 0.187351 -0.87068 -0.45477 0.485867 
1534335211692 0.107708 0.866035 -0.488244 -0.59977 -0.961611 0.215427 0.169985 -0.231724 0.252394 0.451192 0.855992 0.406545 0.31622 -0.384863 0.867113 0.400795 -0.930002 -0.306262 0.203222 -0.504304 0.187351 -0.87068 -0.45477 0.485867 
1534335211737 0.107649 0.865967 -0.488377 -0.599664 -0.961662 0.215324 0.169831 -0.23173 0.252227 0.451372 0.855947 0.406559 0.31622 -0.384863 0.867113 0.400795 -0.930002 -0.306262 0.203222 -0.504304 0.187351 -0.87068 -0.45477 0.485867 
1534335211769 0.10759 0.865899 -0.488511 -0.599556 -0.961712 0.215221 0.169677 -0.231736 0.252061 0.451551 0.855901 0.406573 0.31622 -0.384863 0.867113 0.400795 -0.930002 -0.306262 0.203222 -0.504304 0.187351 -0.87068 -0.45477 0.485867 
1534335211833 0.107531 0.865831 -0.488644 -0.59945 -0.961762 0.215118 0.169523 -0.231742 0.251894 0.451731 0.855855 0.406587 0.31622 -0.384863 0.867113 0.400795 -0.930002 -0.306262 0.203222 -0.504304 0.187351 -0.87068 -0.45477 0.485867 
1534335211892 0.107696 0.865925 -0.488441 -0.599699 -0.961641 0.215404 0.169844 -0.231727 0.252284 0.451414 0.855908 0.406512 0.31622 -0.384863 0.867113 0.400795 -0.930002 -0.306262 0.203222 -0.504304 0.187351 -0.87068 -0.45477 0.485867 
1534335211903 0.107723 0.865961 -0.488373 -0.599644 -0.961679 0.215341 0.169711 -0.231728 0.25213 0.451376 0.855973 0.406503 0.31622 -0.384863 0.867113 0.400795 -0.930002 -0.306262 0.203222 -0.504304 0.187351 -0.87068 -0.45477 0.485867 
1534335211920 0.10775 0.865995 -0.488305 -0.599584 -0.961716 0.215279 0.169578 -0.231728 0.251976 0.451339 0.856038 0.406494 0.31622 -0.384863 0.867113 0.400795 -0.930002 -0.306262 0.203222 -0.504304 0.187351 -0.87068 -0.45477 0.485867 
1534335211936 0.107777 0.86603 -0.488237 -0.599524 -0.961754 0.215217 0.169446 -0.231727 0.251822 0.451302 0.856103 0.406486 0.31622 -0.384863 0.867113 0.400795 -0.930002 -0.306262 0.203222 -0.504304 0.187351 -0.87068 -0.45477 0.485867 
1534335211953 0.107803 0.866065 -0.48817 -0.599466 -0.961791 0.215154 0.169313 -0.231728 0.251668 0.451265 0.856168 0.406477 0.31622 -0.384863 0.867113 0.400795 -0.930002 -0.306262 0.203222 -0.504304 0.187351 -0.87068 -0.45477 0.485867 
1534335211970 0.107831 0.8661 -0.488102 -0.599406 -0.961828 0.215092 0.16918 -0.231727 0.251514 0.451228 0.856233 0.406468 0.31622 -0.384863 0.867113 0.400795 -0.930002 -0.306262 0.203222 -0.504304 0.187351 -0.87068 -0.45477 0.485867 
1534335211986 0.107857 0.866135 -0.488034 -0.599347 -0.961865 0.21503 0.169047 -0.231727 0.25136 0.45119 0.856298 0.406459 0.31622 -0.384863 0.867113 0.400795 -0.930002 -0.306262 0.203222 -0.504304 0.187351 -0.87068 -0.45477 0.485867 
1534335212004 0.107884 0.866169 -0.487967 -0.599287 -0.961903 0.214968 0.168914 -0.231726 0.251206 0.451154 0.856362 0.406451 0.31622 -0.384863 0.867113 0.400795 -0.930002 -0.306262 0.203222 -0.504304 0.187351 -0.87068 -0.45477 0.485867 
1534335212044 0.107911 0.866204 -0.487899 -0.599228 -0.96194 0.214906 0.168781 -0.231726 0.251051 0.451116 0.856427 0.406442 0.31622 -0.384863 0.867113 0.400795 -0.930002 -0.306262 0.203222 -0.504304 0.187351 -0.87068 -0.45477 0.485867 
1534335212061 0.107938 0.866239 -0.487831 -0.599169 -0.961977 0.214843 0.168649 -0.231725 0.250897 0.451079 0.856492 0.406433 0.31622 -0.384863 0.867113 0.400795 -0.930002 -0.306262 0.203222 -0.504304 0.187351 -0.87068 -0.45477 0.485867 
1534335212087 0.107707 0.866076 -0.488172 -0.599464 -0.961774 0.215121 0.169451 -0.23173 0.251773 0.45126 0.856139 0.406554 0.31622 -0.384863 0.867113 0.400795 -0.930002 -0.306262 0.203222 -0.504304 0.187351 -0.87068 -0.45477 0.485867 
1534335212103 0.107638 0.86608 -0.48818 -0.599403 -0.96181 0.215013 0.169386 -0.231751 0.251667 0.451304 0.856148 0.406585 0.31622 -0.384863 0.867113 0.400795 -0.930002 -0.306262 0.203222 -0.504304 0.187351 -0.87068 -0.45477 0.485867 
1534335212114 0.10757 0.866083 -0.488189 -0.599339 -0.961845 0.214905 0.169321 -0.231771 0.25156 0.451348 0.856156 0.406616 0.31622 -0.384863 0.867113 0.400795 -0.930002 -0.306262 0.203222 -0.504304 0.187351 -0.87068 -0.45477 0.485867 
1534335212121 0.107502 0.866087 -0.488198 -0.599275 -0.961881 0.214798 0.169256 -0.23179 0.251454 0.451393 0.856163 0.406648 0.31622 -0.384863 0.867113 0.400795 -0.930002 -0.306262 0.203222 -0.504304 0.187351 -0.87068 -0.45477 0.485867 
1534335212135 0.107434 0.86609 -0.488207 -0.599209 -0.961916 0.214692 0.16919 -0.23181 0.251348 0.451438 0.856171 0.406679 0.31622 -0.384863 0.867113 0.400795 -0.930002 -0.306262 0.203222 -0.504304 0.187351 -0.87068 -0.45477 0.485867 
1534335212151 0.107366 0.866093 -0.488216 -0.599144 -0.961951 0.214585 0.169124 -0.231829 0.251241 0.451482 0.856179 0.406711 0.31622 -0.384863 0.867113 0.400795 -0.930002 -0.306262 0.203222 -0.504304 0.187351 -0.87068 -0.45477 0.485867 
1534335212168 0.107298 0.866096 -0.488225 -0.59908 -0.961987 0.214478 0.169059 -0.231848 0.251135 0.451527 0.856186 0.406742 0.31622 -0.384863 0.867113 0.400795 -0.930002 -0.306262 0.203222 -0.504304 0.187351 -0.87068 -0.45477 0.485867 
1534335212185 0.10723 0.8661 -0.488234 -0.599016 -0.962022 0.21437 0.168994 -0.231868 0.251029 0.451571 0.856194 0.406773 0.31622 -0.384863 0.867113 0.400795 -0.930002 -0.306262 0.203222 -0.504304 0.187351 -0.87068 -0.45477 0.485867 
1534335212229 0.107162 0.866103 -0.488244 -0.59895 -0.962057 0.214264 0.168928 -0.231887 0.250922 0.451616 0.856202 0.406805 0.31622 -0.384863 0.867113 0.400795 -0.930002 -0.306262 0.203222 -0.504304 0.187351 -0.87068 -0.45477 0.485867 
1534335212244 0.107094 0.866106 -0.488253 -0.598886 -0.962093 0.214157 0.168863 -0.231907 0.250816 0.45166 0.856209 0.406836 0.31622 -0.384863 0.867113 0.400795 -0.930002 -0.306262 0.203222 -0.504304 0.187351 -0.87068 -0.45477 0.485867 
1534335212269 0.10767 0.866229 -0.487908 -0.59918 -0.961982 0.214671 0.168838 -0.231733 0.250992 0.451181 0.856411 0.406543 0.31622 -0.384863 0.867113 0.400795 -0.930002 -0.306262 0.203222 -0.504304 0.187351 -0.87068 -0.45477 0.485867 
1534335212280 0.107432 0.866329 -0.487783 -0.599067 -0.961975 0.214501 0.169096 -0.231791 0.251123 0.451069 0.856431 0.406542 0.31622 -0.384863 0.867113 0.400795 -0.930002 -0.306262 0.203222 -0.504304 0.187351 -0.87068 -0.45477 0.485867 
1534335212287 0.107194 0.866429 -0.487658 -0.598948 -0.961967 0.214332 0.169354 -0.231847 0.251254 0.450957 0.856452 0.406542 0.31622 -0.384863 0.867113 0.400795 -0.930002 -0.306262 0.203222 -0.504304 0.187351 -0.87068 -0.45477 0.485867 
1534335212300 0.106956 0.866529 -0.487532 -0.598831 -0.961959 0.214164 0.169612 -0.231904 0.251385 0.450845 0.856472 0.406542 0.31622 -0.384863 0.867113 0.400795 -0.930002 -0.306262 0.203222 -0.504304 0.187351 -0.87068 -0.45477 0.485867 
1534335212410 0.106719 0.866629 -0.487407 -0.598714 -0.961951 0.213995 0.16987 -0.231961 0.251517 0.450733 0.856492 0.406541 0.31622 -0.384863 0.867113 0.400795 -0.930002 -0.306262 0.203222 -0.504304 0.187351 -0.87068 -0.45477 0.485867 
1534335212449 0.106481 0.866729 -0.487281 -0.598596 -0.961943 0.213826 0.170128 -0.232017 0.251648 0.450621 0.856513 0.406541 0.31622 -0.384863 0.867113 0.400795 -0.930002 -0.306262 0.203222 -0.504304 0.187351 -0.87068 -0.45477 0.485867 
1534335212463 0.106243 0.866829 -0.487155 -0.598479 -0.961935 0.213656 0.170386 -0.232074 0.251779 0.450509 0.856533 0.406541 0.31622 -0.384863 0.867113 0.400795 -0.930002 -0.306262 0.203222 -0.504304 0.187351 -0.87068 -0.45477 0.485867 
1534335212489 0.106006 0.866929 -0.487029 -0.59836 -0.961927 0.213488 0.170643 -0.23213 0.25191 0.450397 0.856553 0.406541 0.31622 -0.384863 0.867113 0.400795 -0.930002 -0.306262 0.203222 -0.504304 0.187351 -0.87068 -0.45477 0.485867 
1534335212561 0.105769 0.867028 -0.486903 -0.598243 -0.961919 0.213319 0.170901 -0.232186 0.252042 0.450285 0.856573 0.40654 0.31622 -0.384863 0.867113 0.400795 -0.930002 -0.306262 0.203222 -0.504304 0.187351 -0.87068 -0.45477 0.485867 
1534335212586 0.10553 0.867128 -0.486777 -0.598126 -0.961911 0.213149 0.17116 -0.232243 0.252173 0.450174 0.856594 0.40654 0.31622 -0.384863 0.867113 0.400795 -0.930002 -0.306262 0.203222 -0.504304 0.187351 -0.87068 -0.45477 0.485867 
1534335212614 0.106422 0.866761 -0.487237 -0.598543 -0.961907 0.213843 0.170314 -0.231994 0.251814 0.450551 0.856501 0.406457 0.31622 -0.384863 0.867113 0.400795 -0.930002 -0.306262 0.203222 -0.504304 0.187351 -0.87068 -0.45477 0.485867 
1534335212621 0.106112 0.86676 -0.487306 -0.598372 -0.96195 0.213572 0.170408 -0.232061 0.251778 0.450681 0.856443 0.406467 0.31622 -0.384863 0.867113 0.400795 -0.930002 -0.306262 0.203222 -0.504304 0.187351 -0.87068 -0.45477 0.485867 
1534335212627 0.105804 0.866759 -0.487375 -0.598198 -0.961993 0.213302 0.170502 -0.232126 0.251742 0.450811 0.856385 0.406477 0.31622 -0.384863 0.867113 0.400795 -0.930002 -0.306262 0.203222 -0.504304 0.187351 -0.87068 -0.45477 0.485867 
1534335212643 0.105496 0.866758 -0.487444 -0.598023 -0.962037 0.213031 0.170596 -0.232191 0.251707 0.450941 0.856327 0.406487 0.31622 -0.384863 0.867113 0.400795 -0.930002 -0.306262 0.203222 -0.504304 0.187351 -0.87068 -0.45477 0.485867 
1534335212651 0.105188 0.866757 -0.487513 -0.597848 -0.96208 0.212762 0.17069 -0.232256 0.251671 0.451072 0.856269 0.406497 0.31622 -0.384863 0.867113 0.400795 -0.930002 -0.306262 0.203222 -0.504304 0.187351 -0.87068 -0.45477 0.485867 
1534335212732 0.10488 0.866755 -0.487582 -0.597672 -0.962123 0.212492 0.170784 -0.23232 0.251635 0.451202 0.856211 0.406507 0.31622 -0.384863 0.867113 0.400795 -0.930002 -0.306262 0.203222 -0.504304 0.187351 -0.87068 -0.45477 0.485867 
1534335212739 0.104571 0.866754 -0.48765 -0.597498 -0.962166 0.212221 0.170878 -0.232385 0.251599 0.451331 0.856153 0.406517 0.31622 -0.384863 0.867113 0.400795 -0.930002 -0.306262 0.203222 -0.504304 0.187351 -0.87068 -0.45477 0.485867 
1534335212896 0.104262 0.866752 -0.487719 -0.597323 -0.962209 0.211951 0.170973 -0.23245 0.251563 0.451461 0.856095 0.406527 0.31622 -0.384863 0.867113 0.400795 -0.930002 -0.306262 0.203222 -0.504304 0.187351 -0.87068 -0.45477 0.485867 
1534335212949 0.103955 0.86675 -0.487788 -0.597147 -0.962251 0.211681 0.171066 -0.232515 0.251527 0.451591 0.856037 0.406537 0.31622 -0.384863 0.867113 0.400795 -0.930002 -0.306262 0.203222 -0.504304 0.187351 -0.87068 -0.45477 0.485867 
1534335212992 0.103646 0.866749 -0.487857 -0.596973 -0.962294 0.211411 0.17116 -0.23258 0.251491 0.451721 0.855979 0.406547 0.31622 -0.384863 0.867113 0.400795 -0.930002 -0.306262 0.203222 -0.504304 0.187351 -0.87068 -0.45477 0.485867 
1534335213056 0.10439 0.866839 -0.487538 -0.597305 -0.962178 0.212056 0.171015 -0.232461 0.251627 0.451246 0.85619 0.406606 0.31622 -0.384863 0.867113 0.400795 -0.930002 -0.306262 0.203222 -0.504304 0.187351 -0.87068 -0.45477 0.485867 
1534335213067 0.104102 0.866873 -0.487538 -0.597126 -0.962186 0.211848 0.171227 -0.232509 0.251717 0.451277 0.856147 0.406638 0.31622 -0.384863 0.867113 0.400795 -0.930002 -0.306262 0.203222 -0.504304 0.187351 -0.87068 -0.45477 0.485867 
1534335213093 0.103815 0.866907 -0.487539 -0.596943 -0.962194 0.211641 0.171439 -0.232554 0.251805 0.451309 0.856104 0.406671 0.31622 -0.384863 0.867113 0.400795 -0.930002 -0.306262 0.203222 -0.504304 0.187351 -0.87068 -0.45477 0.485867 
1534335213106 0.103527 0.866942 -0.487539 -0.596759 -0.962201 0.211434 0.171652 -0.2326 0.251894 0.45134 0.856061 0.406703 0.31622 -0.384863 0.867113 0.400795 -0.930002 -0.306262 0.203222 -0.504304 0.187351 -0.87068 -0.45477 0.485867 
1534335213127 0.103239 0.866976 -0.487539 -0.596578 -0.962209 0.211226 0.171864 -0.232646 0.251983 0.451372 0.856019 0.406736 0.31622 -0.384863 0.867113 0.400795 -0.930002 -0.306262 0.203222 -0.504304 0.187351 -0.87068 -0.45477 0.485867 
1534335213144 0.102952 0.86701 -0.48754 -0.596394 -0.962216 0.21102 0.172076 -0.232691 0.252072 0.451403 0.855976 0.406768 0.31622 -0.384863 0.867113 0.400795 -0.930002 -0.306262 0.203222 -0.504304 0.187351 -0.87068 -0.45477 0.485867 
1534335213286 0.102664 0.867044 -0.48754 -0.596212 -0.962224 0.210812 0.172289 -0.232737 0.252161 0.451434 0.855933 0.406801 0.31622 -0.384863 0.867113 0.400795 -0.930002 -0.306262 0.203222 -0.504304 0.187351 -0.87068 -0.45477 0.485867 
1534335213324 0.102377 0.867078 -0.48754 -0.596028 -0.962231 0.210605 0.1725 -0.232783 0.25225 0.451466 0.85589 0.406833 0.31622 -0.384863 0.867113 0.400795 -0.930002 -0.306262 0.203222 -0.504304 0.187351 -0.87068 -0.45477 0.485867 
