1530656668311 0.275657 -0.8825 0.381061 -0.604483 0.633204 0.464965 0.618757 -0.181741 -0.723233 0.0707247 0.686973 0.426588 -0.0562326 -0.994993 -0.0826289 0.446966 -0.137844 0.0897042 -0.986383 -0.501135 0.988856 -0.044077 -0.142198 0.445497 
1530656668323 0.300885 -0.922898 0.240265 0.225257 -0.138768 -0.291628 -0.946412 -0.486344 0.94351 0.25142 -0.215815 0.468712 -0.0522975 -0.995003 -0.0850572 0.440945 -0.138902 0.0915936 -0.986061 -0.500159 0.988924 -0.0397539 -0.142998 0.444941 
1530656668607 0.242825 -0.925174 0.291699 0.16152 0.102786 -0.274468 -0.956087 -0.435487 0.964609 0.262144 0.0284473 0.461493 -0.0483651 -0.994991 -0.0874871 0.434923 -0.139968 0.0934769 -0.985734 -0.499178 0.988974 -0.0354297 -0.143788 0.444384 
1530656668835 0.185198 -0.926148 0.328559 0.0634541 0.340052 -0.25329 -0.905654 -0.39584 0.921991 0.279452 0.26803 0.437571 -0.0444346 -0.994957 -0.0899198 0.4289 -0.141042 0.095355 -0.985401 -0.498197 0.989006 -0.0311034 -0.144568 0.443826 
1530656669070 0.108749 -0.933954 0.340446 -0.0100477 0.566676 -0.223137 -0.793151 -0.393705 0.816732 0.279177 0.504984 0.453534 -0.040506 -0.994902 -0.092355 0.422878 -0.142123 0.097228 -0.985062 -0.497216 0.98902 -0.0267752 -0.145337 0.443268 
1530656669306 0.0372286 -0.940161 0.33869 -0.098386 0.750403 -0.197521 -0.630778 -0.379776 0.659932 0.277637 0.698146 0.449359 -0.0365787 -0.994825 -0.0947932 0.416855 -0.143211 0.0990959 -0.984718 -0.496235 0.989016 -0.0224443 -0.146095 0.44271 
1530656669543 -0.0276971 -0.946596 0.321231 -0.198397 0.888256 -0.170708 -0.426451 -0.355415 0.458513 0.273524 0.845547 0.440016 -0.0326542 -0.994726 -0.0972336 0.410833 -0.144307 0.100958 -0.984369 -0.495254 0.988994 -0.0181123 -0.146842 0.442153 
1530656669776 -0.0860491 -0.953826 0.28777 -0.298191 0.970276 -0.145805 -0.193145 -0.330411 0.226186 0.262597 0.938021 0.431334 -0.0287317 -0.994605 -0.0996765 0.404811 -0.145409 0.102816 -0.984015 -0.494274 0.988954 -0.0137785 -0.147579 0.441595 
1530656670010 -0.133997 -0.961333 0.240591 -0.397711 0.990741 -0.124607 0.053898 -0.305255 -0.0218346 0.245585 0.969129 0.423196 -0.0248122 -0.994462 -0.102122 0.398794 -0.14652 0.104667 -0.983655 -0.493301 0.988897 -0.00944388 -0.148305 0.441041 
1530656670237 -0.168046 -0.968645 0.182994 -0.493233 0.94835 -0.108189 0.298206 -0.280336 -0.269058 0.223654 0.936796 0.414797 -0.0209174 -0.994298 -0.104563 0.392949 -0.147636 0.106511 -0.98329 -0.492426 0.988821 -0.00513069 -0.149022 0.440521 
1530656670482 -0.168046 -0.968645 0.182994 -0.493233 0.94835 -0.108189 0.298206 -0.280336 -0.269058 0.223654 0.936796 0.414797 -0.0217256 -0.994591 -0.101573 0.39769 -0.149207 0.103685 -0.983355 -0.492517 0.988567 -0.0062085 -0.150653 0.441173 
1530656670494 0.280755 -0.928413 0.243364 0.287768 -0.14415 -0.291475 -0.945655 -0.485421 0.948893 0.230416 -0.215663 0.482452 -0.0212514 -0.994545 -0.102119 0.396595 -0.149162 0.104153 -0.983312 -0.492398 0.988584 -0.00566446 -0.150561 0.441048 
1530656670518 0.230219 -0.928641 0.290905 0.201887 0.100587 -0.274625 -0.956276 -0.456571 0.967926 0.249414 0.0301848 0.473161 -0.0207771 -0.994499 -0.102664 0.3955 -0.149116 0.10462 -0.98327 -0.492279 0.988601 -0.00512057 -0.150469 0.440922 
1530656670535 0.170645 -0.930795 0.323267 0.101621 0.342906 -0.251472 -0.905084 -0.431197 0.92374 0.265299 0.276262 0.465824 -0.0203027 -0.994452 -0.103209 0.394406 -0.149071 0.105088 -0.983227 -0.49216 0.988618 -0.00457671 -0.150377 0.440797 
1530656670552 0.105023 -0.934666 0.339661 0.00120975 0.564008 -0.225325 -0.794433 -0.405891 0.819064 0.275005 0.503494 0.457314 -0.0198284 -0.994405 -0.103754 0.393311 -0.149025 0.105555 -0.983183 -0.492041 0.988635 -0.00403295 -0.150284 0.440672 
1530656670568 0.0375019 -0.940025 0.339037 -0.0987905 0.749589 -0.197903 -0.631625 -0.380798 0.66084 0.277826 0.697211 0.447832 -0.019354 -0.994358 -0.104299 0.392216 -0.14898 0.106022 -0.98314 -0.491922 0.988651 -0.00348921 -0.150191 0.440547 
1530656670585 -0.0276228 -0.946572 0.321307 -0.198535 0.888121 -0.170761 -0.426711 -0.355532 0.458779 0.273572 0.845387 0.439595 -0.0188797 -0.99431 -0.104843 0.391121 -0.148935 0.106489 -0.983096 -0.491803 0.988667 -0.00294568 -0.150098 0.440421 
1530656670601 -0.0860291 -0.953825 0.287779 -0.298229 0.970274 -0.145793 -0.193166 -0.330328 0.226203 0.262606 0.938014 0.431354 -0.0184052 -0.994261 -0.105389 0.390026 -0.148891 0.106957 -0.983052 -0.491684 0.988682 -0.00240177 -0.150005 0.440296 
1530656670654 -0.134011 -0.961334 0.240579 -0.39775 0.990739 -0.124621 0.0539045 -0.305195 -0.0218391 0.245575 0.969132 0.423216 -0.017931 -0.994212 -0.105934 0.388933 -0.148846 0.107425 -0.983008 -0.491566 0.988698 -0.00185843 -0.149911 0.440171 
1530656670715 -0.168354 -0.968609 0.182902 -0.493437 0.948258 -0.108471 0.298397 -0.280353 -0.26919 0.223675 0.936753 0.414453 -0.0174604 -0.994162 -0.106477 0.387869 -0.148803 0.107891 -0.982964 -0.491465 0.988713 -0.00131886 -0.149818 0.440054 
1530656670770 -0.168354 -0.968609 0.182902 -0.493437 0.948258 -0.108471 0.298397 -0.280353 -0.26919 0.223675 0.936753 0.414453 -0.0183578 -0.994449 -0.103608 0.392424 -0.149946 0.105191 -0.983082 -0.491554 0.988524 -0.00251168 -0.151045 0.440661 
1530656670781 0.280859 -0.928369 0.243412 0.288043 -0.144209 -0.291562 -0.945619 -0.483956 0.948853 0.230484 -0.215767 0.481724 -0.0152 -0.994815 -0.100556 0.39175 -0.148242 0.101698 -0.983708 -0.49186 0.988834 -4.57947e-05 -0.149019 0.440253 
1530656670798 0.230386 -0.928601 0.2909 0.201489 0.100464 -0.274647 -0.956282 -0.456577 0.967899 0.24954 0.0300161 0.473433 -0.0120456 -0.995163 -0.0974945 0.391077 -0.146525 0.0982058 -0.98432 -0.492167 0.989134 0.00242873 -0.147 0.439845 
1530656670805 0.170719 -0.930775 0.323285 0.101413 0.342841 -0.251486 -0.905105 -0.431262 0.92375 0.265354 0.276175 0.465959 -0.00889708 -0.995492 -0.0944265 0.390403 -0.144798 0.0947175 -0.984917 -0.492473 0.989421 0.00490984 -0.144988 0.439437 
1530656670811 0.105057 -0.934654 0.339682 0.00111837 0.563968 -0.225339 -0.794457 -0.40593 0.819086 0.275033 0.503442 0.457344 -0.00575388 -0.995802 -0.091351 0.389729 -0.143058 0.0912326 -0.9855 -0.492779 0.989698 0.00739805 -0.142982 0.43903 
1530656670818 0.0375184 -0.940026 0.339034 -0.0987622 0.749587 -0.19789 -0.631632 -0.380778 0.660842 0.277833 0.697207 0.447782 -0.00261607 -0.996093 -0.0882683 0.389056 -0.141307 0.0877511 -0.986069 -0.493085 0.989962 0.0098933 -0.140985 0.438622 
1530656671152 -0.027607 -0.946571 0.321313 -0.198486 0.888123 -0.170749 -0.426711 -0.355503 0.458776 0.273585 0.845385 0.439569 0.000516314 -0.996366 -0.0851781 0.388382 -0.139544 0.0842729 -0.986623 -0.493391 0.990216 0.0123955 -0.138994 0.438214 
1530656671209 -0.0860265 -0.953822 0.287791 -0.298203 0.970274 -0.145793 -0.193166 -0.330305 0.226204 0.262619 0.93801 0.431364 0.00364301 -0.996619 -0.0820804 0.387708 -0.13777 0.080798 -0.987163 -0.493697 0.990457 0.0149045 -0.13701 0.437806 
1530656671278 -0.134026 -0.96133 0.240587 -0.397753 0.990737 -0.124634 0.053909 -0.305179 -0.021839 0.245584 0.969129 0.423237 0.00676365 -0.996854 -0.078976 0.387035 -0.135985 0.0773272 -0.987688 -0.494003 0.990688 0.01742 -0.135034 0.437398 
1530656671345 -0.168508 -0.96858 0.182917 -0.493507 0.948228 -0.108606 0.298444 -0.280366 -0.269201 0.223737 0.936735 0.414331 0.00986764 -0.997069 -0.0758669 0.386382 -0.134195 0.0738638 -0.988198 -0.494292 0.990906 0.0199322 -0.133073 0.437007 
1530656671413 -0.168508 -0.96858 0.182917 -0.493507 0.948228 -0.108606 0.298444 -0.280366 -0.269201 0.223737 0.936735 0.414331 0.00261053 -0.996655 -0.0816837 0.388179 -0.138268 0.0805397 -0.987115 -0.493019 0.990391 0.0138712 -0.137595 0.438625 
1530656671426 0.280904 -0.928348 0.243439 0.288147 -0.144206 -0.2916 -0.945608 -0.483438 0.94884 0.23052 -0.215785 0.481311 0.00316776 -0.996436 -0.0842976 0.388109 -0.14234 0.0829904 -0.986333 -0.493228 0.989813 0.0151234 -0.14157 0.439404 
1530656671443 0.230428 -0.928592 0.290894 0.201402 0.100432 -0.274648 -0.956286 -0.456587 0.967893 0.24957 0.0299734 0.473478 0.00371466 -0.996209 -0.0869137 0.388039 -0.146412 0.0854358 -0.985527 -0.493436 0.989217 0.0163861 -0.145539 0.440183 
1530656671461 0.170727 -0.930773 0.323285 0.101394 0.342832 -0.251487 -0.905108 -0.431273 0.923752 0.265359 0.276163 0.465962 0.00425059 -0.995975 -0.089531 0.38797 -0.150482 0.0878752 -0.984699 -0.493645 0.988604 0.0176584 -0.149503 0.440961 
1530656671922 0.105066 -0.934651 0.339689 0.00111044 0.563956 -0.225344 -0.794464 -0.405939 0.819094 0.275041 0.503426 0.457331 0.00477575 -0.995734 -0.09215 0.3879 -0.154552 0.0903088 -0.983849 -0.493854 0.987973 0.0189405 -0.153461 0.44174 
1530656671967 0.0375282 -0.940027 0.339029 -0.0987292 0.749589 -0.197879 -0.631633 -0.380762 0.660839 0.277837 0.697208 0.447746 0.0052901 -0.995485 -0.0947704 0.38783 -0.15862 0.0927365 -0.982975 -0.494062 0.987326 0.0202325 -0.157413 0.442519 
1530656672026 -0.0276005 -0.946568 0.32132 -0.198454 0.888124 -0.170746 -0.42671 -0.355486 0.458774 0.273594 0.845383 0.439553 0.00579362 -0.995229 -0.0973923 0.38776 -0.162686 0.0951583 -0.982078 -0.494271 0.986661 0.0215342 -0.161359 0.443298 
1530656672099 -0.0860301 -0.953818 0.287802 -0.298191 0.970273 -0.145799 -0.193164 -0.330295 0.226205 0.262629 0.938007 0.431374 0.00628609 -0.994966 -0.100015 0.38769 -0.166751 0.0975741 -0.981159 -0.494479 0.985979 0.0228454 -0.165299 0.444076 
1530656672184 -0.134034 -0.961327 0.240593 -0.397759 0.990736 -0.124642 0.0539113 -0.305173 -0.0218383 0.24559 0.969128 0.423252 0.00676738 -0.994696 -0.10264 0.38762 -0.170815 0.0999836 -0.980217 -0.494685 0.98528 0.0241659 -0.169232 0.444853 
1530656672249 -0.168562 -0.968567 0.182933 -0.49354 0.948217 -0.10865 0.298462 -0.280383 -0.269205 0.223769 0.936726 0.414253 0.00723449 -0.994418 -0.105262 0.387552 -0.174861 0.102384 -0.979255 -0.494856 0.984567 0.0254905 -0.173144 0.445583 
1530656672291 -0.168562 -0.968567 0.182933 -0.49354 0.948217 -0.10865 0.298462 -0.280383 -0.269205 0.223769 0.936726 0.414253 0.00668923 -0.995133 -0.0983131 0.387827 -0.162953 0.0959164 -0.98196 -0.493991 0.986611 0.022589 -0.161518 0.442848 
1530656672306 0.280953 -0.92833 0.243452 0.288128 -0.144226 -0.291629 -0.945596 -0.483092 0.948823 0.230556 -0.215823 0.481115 0.00668775 -0.995413 -0.0954374 0.387846 -0.162751 0.0930835 -0.982267 -0.493993 0.986644 0.0221017 -0.161382 0.442983 
1530656672323 0.23049 -0.928577 0.290895 0.201255 0.100383 -0.274659 -0.956288 -0.456601 0.967883 0.249615 0.0299074 0.47359 0.00668664 -0.995685 -0.0925608 0.387864 -0.162549 0.0902495 -0.982564 -0.493996 0.986678 0.0216157 -0.161244 0.443119 
1530656672341 0.170765 -0.930762 0.323296 0.10129 0.342797 -0.251497 -0.905119 -0.43131 0.923758 0.265388 0.276115 0.466031 0.00668502 -0.995948 -0.0896826 0.387883 -0.162347 0.0874139 -0.982854 -0.493998 0.986711 0.0211301 -0.161105 0.443255 
1530656672695 0.105095 -0.93464 0.339712 0.00103703 0.563921 -0.22536 -0.794485 -0.405981 0.819115 0.275067 0.503378 0.45736 0.00668277 -0.996203 -0.0868041 0.387902 -0.162145 0.0845778 -0.983136 -0.494 0.986744 0.0206449 -0.160964 0.44339 
1530656672731 0.0375279 -0.940018 0.339055 -0.0987316 0.749594 -0.197894 -0.631622 -0.380768 0.660833 0.277857 0.697205 0.447834 0.00667993 -0.99645 -0.0839249 0.387921 -0.161942 0.0817409 -0.983409 -0.494002 0.986778 0.0201601 -0.160821 0.443526 
1530656672766 -0.0276014 -0.946564 0.321332 -0.198436 0.888124 -0.170753 -0.426708 -0.355472 0.458774 0.273605 0.845379 0.439552 0.00667641 -0.996688 -0.0810454 0.387939 -0.16174 0.0789037 -0.983674 -0.494005 0.986811 0.0196757 -0.160678 0.443661 
1530656672805 -0.0860343 -0.953815 0.28781 -0.298194 0.970272 -0.145805 -0.193164 -0.330288 0.226207 0.262635 0.938005 0.431389 0.00667249 -0.996918 -0.0781642 0.387958 -0.161538 0.0760647 -0.983931 -0.494007 0.986844 0.0191917 -0.160533 0.443797 
1530656672848 -0.134039 -0.961326 0.240595 -0.39777 0.990735 -0.124647 0.0539115 -0.305169 -0.0218372 0.245592 0.969127 0.423263 0.00666787 -0.99714 -0.0752828 0.387977 -0.161336 0.0732255 -0.984179 -0.494009 0.986877 0.0187082 -0.160386 0.443932 
1530656672888 -0.168584 -0.968562 0.182942 -0.493562 0.948212 -0.108667 0.298472 -0.280397 -0.269209 0.223785 0.936721 0.414184 0.00666322 -0.997353 -0.0724036 0.387993 -0.161134 0.0703881 -0.984419 -0.494007 0.98691 0.0182261 -0.160238 0.444069 
1530656672928 -0.168584 -0.968562 0.182942 -0.493562 0.948212 -0.108667 0.298472 -0.280397 -0.269209 0.223785 0.936721 0.414184 0.00743911 -0.996362 -0.0848971 0.387942 -0.163251 0.0825504 -0.983125 -0.49399 0.986556 0.0211732 -0.162043 0.443726 
1530656672941 0.280998 -0.928313 0.243463 0.288096 -0.144242 -0.291654 -0.945586 -0.482819 0.948807 0.23059 -0.215856 0.48095 0.00657975 -0.996244 -0.0863422 0.388016 -0.161289 0.0841562 -0.983313 -0.494006 0.986885 0.020396 -0.16013 0.443636 
1530656672958 0.230541 -0.928564 0.290895 0.201134 0.100342 -0.274668 -0.956289 -0.456615 0.967875 0.249653 0.0298516 0.473683 0.0057228 -0.996123 -0.0877879 0.38809 -0.159325 0.0857596 -0.983494 -0.494022 0.98721 0.0196152 -0.158217 0.443546 
1530656672975 0.170797 -0.930753 0.323306 0.101203 0.342767 -0.251505 -0.905127 -0.431343 0.923763 0.265412 0.276076 0.466091 0.00486828 -0.995999 -0.0892351 0.388163 -0.157359 0.0873613 -0.98367 -0.494039 0.987529 0.0188307 -0.156304 0.443456 
1530656672991 0.105117 -0.934631 0.339729 0.000973624 0.563893 -0.225373 -0.794501 -0.406017 0.819131 0.275087 0.503341 0.457391 0.00401685 -0.995872 -0.0906836 0.388237 -0.155391 0.0889612 -0.983839 -0.494055 0.987845 0.0180433 -0.154392 0.443366 
1530656673008 0.0375321 -0.940009 0.339079 -0.0987654 0.749599 -0.197905 -0.631613 -0.380786 0.660828 0.277879 0.697202 0.447976 0.00316832 -0.995742 -0.0921336 0.388311 -0.153421 0.0905593 -0.984003 -0.494071 0.988156 0.0172528 -0.152481 0.443276 
1530656673025 -0.0276042 -0.94656 0.321344 -0.198421 0.888124 -0.17076 -0.426704 -0.355467 0.458774 0.273615 0.845377 0.439557 0.00232299 -0.995609 -0.0935849 0.388385 -0.151449 0.0921554 -0.98416 -0.494087 0.988462 0.0164595 -0.15057 0.443187 
1530656673358 -0.0860376 -0.953813 0.287817 -0.298197 0.970272 -0.14581 -0.193164 -0.330284 0.226209 0.262641 0.938003 0.431402 0.00147995 -0.995473 -0.095038 0.388459 -0.149475 0.0937502 -0.984311 -0.494104 0.988764 0.0156625 -0.148659 0.443097 
1530656673374 -0.134042 -0.961325 0.240596 -0.397779 0.990735 -0.12465 0.0539115 -0.305167 -0.0218363 0.245593 0.969127 0.423273 0.000640442 -0.995334 -0.0964922 0.388532 -0.147499 0.0953428 -0.984456 -0.494121 0.989062 0.014863 -0.14675 0.443007 
1530656673391 -0.1686 -0.968557 0.18295 -0.493579 0.948208 -0.108678 0.29848 -0.280408 -0.269212 0.223798 0.936717 0.414128 -0.00019465 -0.995192 -0.0979471 0.388602 -0.145527 0.0969326 -0.984594 -0.494148 0.989354 0.0140623 -0.144846 0.442928 
1530656673415 -0.1686 -0.968557 0.18295 -0.493579 0.948208 -0.108678 0.29848 -0.280408 -0.269212 0.223798 0.936717 0.414128 0.0044913 -0.996347 -0.0852749 0.388244 -0.155296 0.0835463 -0.984329 -0.494066 0.987858 0.0176638 -0.154354 0.443474 
1530656673428 0.281038 -0.928299 0.243472 0.288061 -0.144255 -0.291676 -0.945577 -0.482602 0.948793 0.230621 -0.215884 0.480812 0.00385688 -0.996293 -0.085938 0.388345 -0.154369 0.0843154 -0.984409 -0.494071 0.988006 0.0170629 -0.153472 0.443495 
1530656673444 0.230583 -0.928554 0.290895 0.201035 0.100307 -0.274675 -0.956291 -0.456628 0.967869 0.249683 0.0298053 0.47376 0.00322255 -0.996238 -0.0866016 0.388446 -0.153441 0.0850839 -0.984488 -0.494077 0.988153 0.0164608 -0.15259 0.443516 
1530656673461 0.170823 -0.930746 0.323313 0.101134 0.342744 -0.251511 -0.905135 -0.43137 0.923767 0.265431 0.276044 0.466139 0.00258979 -0.996182 -0.0872656 0.388547 -0.152513 0.0858515 -0.984565 -0.494082 0.988298 0.015859 -0.151709 0.443536 
1530656673478 0.105134 -0.934624 0.339743 0.000924373 0.563871 -0.225382 -0.794514 -0.406044 0.819143 0.275102 0.503312 0.457415 0.00195712 -0.996125 -0.08793 0.388648 -0.151585 0.0866185 -0.984642 -0.494087 0.988442 0.0152559 -0.150828 0.443557 
1530656673498 0.0375375 -0.940003 0.339094 -0.0987929 0.749602 -0.197911 -0.631608 -0.3808 0.660824 0.277895 0.697199 0.448077 0.00132488 -0.996067 -0.0885949 0.388749 -0.150655 0.087385 -0.984717 -0.494093 0.988586 0.0146519 -0.149947 0.443578 
1530656673515 -0.0276058 -0.946557 0.321354 -0.198407 0.888125 -0.170766 -0.426701 -0.355463 0.458773 0.273623 0.845374 0.439558 0.000693052 -0.996008 -0.0892603 0.388851 -0.149725 0.0881508 -0.98479 -0.494098 0.988727 0.014047 -0.149066 0.443599 
1530656673532 -0.08604 -0.953811 0.287823 -0.298197 0.970271 -0.145814 -0.193163 -0.330283 0.22621 0.262646 0.938001 0.431411 6.22927e-05 -0.995948 -0.0899261 0.388952 -0.148794 0.0889158 -0.984863 -0.494103 0.988868 0.0134418 -0.148186 0.44362 
1530656673539 -0.134044 -0.961325 0.240598 -0.397787 0.990735 -0.124652 0.0539115 -0.305166 -0.0218355 0.245595 0.969127 0.423281 -0.000567991 -0.995888 -0.0905928 0.389053 -0.147863 0.0896806 -0.984933 -0.494109 0.989008 0.0128359 -0.147306 0.443641 
1530656673545 -0.168613 -0.968554 0.182957 -0.493591 0.948205 -0.108687 0.298487 -0.280418 -0.269215 0.22381 0.936714 0.414082 -0.00119592 -0.995826 -0.0912595 0.389149 -0.146933 0.090444 -0.985003 -0.494119 0.989146 0.0122311 -0.146428 0.443665 
1530656673572 -0.168613 -0.968554 0.182957 -0.493591 0.948205 -0.108687 0.298487 -0.280418 -0.269215 0.22381 0.936714 0.414082 0.00184451 -0.9956 -0.0936828 0.388394 -0.151166 0.0923288 -0.984187 -0.49423 0.988507 0.015977 -0.150331 0.443207 
1530656673586 0.281073 -0.928286 0.24348 0.288025 -0.144265 -0.291695 -0.945569 -0.482429 0.948781 0.230648 -0.215907 0.480699 0.00213069 -0.99571 -0.0925004 0.388572 -0.152258 0.0910991 -0.984133 -0.494345 0.988338 0.0161808 -0.151411 0.443518 
1530656673602 0.230618 -0.928545 0.290895 0.200954 0.100279 -0.274681 -0.956292 -0.456641 0.967863 0.249709 0.0297667 0.473825 0.00241785 -0.995819 -0.0913172 0.38875 -0.153351 0.0898681 -0.984077 -0.494459 0.988169 0.0163829 -0.152493 0.44383 
1530656673618 0.170844 -0.93074 0.323319 0.101078 0.342725 -0.251516 -0.90514 -0.431392 0.923771 0.265447 0.276018 0.466178 0.00270629 -0.995926 -0.0901343 0.388929 -0.154443 0.0886368 -0.984018 -0.494574 0.987998 0.0165837 -0.153574 0.444141 
1530656673636 0.105148 -0.934618 0.339753 0.000884632 0.563855 -0.22539 -0.794523 -0.406067 0.819153 0.275114 0.503289 0.457434 0.00299594 -0.996031 -0.0889517 0.389107 -0.155535 0.0874054 -0.983956 -0.494688 0.987826 0.016783 -0.154656 0.444453 
1530656673652 0.0375425 -0.939999 0.339106 -0.0988158 0.749603 -0.197914 -0.631605 -0.380811 0.660822 0.277907 0.697196 0.448155 0.00328691 -0.996135 -0.0877692 0.389285 -0.156626 0.0861735 -0.983892 -0.494802 0.987653 0.0169809 -0.155737 0.444764 
1530656673668 -0.0276063 -0.946554 0.321362 -0.198396 0.888125 -0.170769 -0.426698 -0.355461 0.458771 0.27363 0.845373 0.439558 0.00357886 -0.996238 -0.0865874 0.389463 -0.157716 0.084942 -0.983824 -0.494917 0.987478 0.0171772 -0.156818 0.445075 
1530656673685 -0.0860414 -0.953809 0.287827 -0.298197 0.970271 -0.145816 -0.193162 -0.330283 0.22621 0.262651 0.938 0.431419 0.00387272 -0.996339 -0.0854049 0.389641 -0.158806 0.083709 -0.983755 -0.495031 0.987302 0.0173726 -0.1579 0.445387 
1530656673702 -0.134046 -0.961324 0.240599 -0.397792 0.990735 -0.124654 0.0539117 -0.305167 -0.021835 0.245596 0.969126 0.423288 0.00416741 -0.996438 -0.084223 0.389819 -0.159895 0.0824761 -0.983683 -0.495144 0.987125 0.0175662 -0.158982 0.445697 
1530656673718 -0.168622 -0.968551 0.182964 -0.4936 0.948203 -0.108693 0.298492 -0.280426 -0.269218 0.223819 0.936711 0.414045 0.00446277 -0.996536 -0.0830422 0.389991 -0.160979 0.081244 -0.983608 -0.49524 0.986948 0.0177577 -0.160059 0.445994 
1530656673738 -0.168622 -0.968551 0.182964 -0.4936 0.948203 -0.108693 0.298492 -0.280426 -0.269218 0.223819 0.936711 0.414045 0.000944472 -0.995662 -0.0930399 0.388776 -0.150834 0.0918336 -0.984284 -0.494298 0.988559 0.0149632 -0.150093 0.443509 
1530656673755 0.281103 -0.928276 0.243486 0.287991 -0.144274 -0.29171 -0.945563 -0.482292 0.948771 0.230672 -0.215927 0.480606 0.00118071 -0.99579 -0.0916591 0.388999 -0.152888 0.0904018 -0.9841 -0.494421 0.988243 0.0151755 -0.152138 0.443946 
1530656673772 0.230646 -0.928538 0.290895 0.200888 0.100255 -0.274687 -0.956293 -0.456652 0.967859 0.249729 0.0297348 0.473877 0.00141999 -0.995916 -0.0902785 0.389222 -0.154942 0.0889692 -0.983909 -0.494543 0.987923 0.015385 -0.154183 0.444382 
1530656673791 0.17086 -0.930736 0.323323 0.101032 0.342709 -0.251521 -0.905145 -0.43141 0.923773 0.26546 0.275997 0.466211 0.00166234 -0.996039 -0.0888982 0.389444 -0.156995 0.087536 -0.983712 -0.494666 0.987598 0.0155918 -0.156227 0.444819 
1530656673805 0.105159 -0.934614 0.339761 0.000852765 0.563841 -0.225396 -0.794531 -0.406085 0.819161 0.275124 0.503271 0.45745 0.00190751 -0.996161 -0.0875183 0.389667 -0.159046 0.0861022 -0.983509 -0.494788 0.987269 0.0157955 -0.158271 0.445255 
1530656673822 0.0375466 -0.939995 0.339115 -0.0988348 0.749604 -0.197917 -0.631603 -0.38082 0.66082 0.277917 0.697193 0.448214 0.00215556 -0.996281 -0.0861387 0.38989 -0.161097 0.0846679 -0.9833 -0.49491 0.986936 0.0159962 -0.160315 0.445692 
1530656673838 -0.0276061 -0.946552 0.321367 -0.198387 0.888126 -0.170771 -0.426696 -0.355459 0.45877 0.273635 0.845372 0.439556 0.00240655 -0.996399 -0.0847592 0.390113 -0.163147 0.0832326 -0.983085 -0.495033 0.986599 0.016194 -0.162359 0.446129 
1530656673855 -0.0860423 -0.953808 0.287831 -0.298197 0.970271 -0.145818 -0.193162 -0.330283 0.22621 0.262654 0.937999 0.431424 0.00266025 -0.996514 -0.0833807 0.390336 -0.165195 0.0817975 -0.982863 -0.495155 0.986257 0.0163887 -0.164401 0.446565 
1530656673872 -0.134047 -0.961323 0.240601 -0.397796 0.990734 -0.124655 0.0539118 -0.305168 -0.0218346 0.245598 0.969126 0.423293 0.00291669 -0.996628 -0.0820018 0.390558 -0.167242 0.0803611 -0.982635 -0.495276 0.985912 0.0165802 -0.166444 0.447001 
1530656673888 -0.16863 -0.968549 0.182969 -0.493607 0.948201 -0.108698 0.298497 -0.280433 -0.269221 0.223827 0.936708 0.414016 0.00317565 -0.996739 -0.0806245 0.390773 -0.16928 0.0789255 -0.982403 -0.495373 0.985563 0.0167679 -0.168478 0.447414 
1530656673912 -0.16863 -0.968549 0.182969 -0.493607 0.948201 -0.108698 0.298497 -0.280433 -0.269221 0.223827 0.936708 0.414016 0.00377568 -0.996201 -0.086999 0.390039 -0.157246 0.0853258 -0.983866 -0.494629 0.987552 0.017395 -0.156326 0.444974 
1530656673925 0.281128 -0.928267 0.243492 0.287961 -0.144281 -0.291723 -0.945558 -0.482185 0.948762 0.230692 -0.215943 0.480531 0.00419664 -0.996506 -0.0834137 0.390315 -0.159243 0.081684 -0.983854 -0.494712 0.98723 0.0174119 -0.158344 0.445429 
1530656673942 0.23067 -0.928532 0.290895 0.200836 0.100235 -0.274691 -0.956294 -0.456661 0.967856 0.249746 0.029709 0.47392 0.00462611 -0.996798 -0.0798288 0.390591 -0.161238 0.0780416 -0.983825 -0.494796 0.986905 0.0174227 -0.16036 0.445885 
1530656673959 0.170874 -0.930732 0.323327 0.100996 0.342697 -0.251524 -0.905149 -0.431425 0.923775 0.26547 0.27598 0.466237 0.00506311 -0.997076 -0.0762435 0.390867 -0.16323 0.0743978 -0.983779 -0.494879 0.986575 0.0174262 -0.162376 0.44634 
1530656673975 0.105168 -0.934611 0.339768 0.000827586 0.563831 -0.2254 -0.794537 -0.406099 0.819167 0.275131 0.503258 0.457463 0.00550728 -0.997342 -0.0726582 0.391143 -0.16522 0.0707532 -0.983716 -0.494962 0.986241 0.0174222 -0.164391 0.446796 
1530656673992 0.0375493 -0.939993 0.339122 -0.0988507 0.749605 -0.197919 -0.631601 -0.380829 0.660819 0.277924 0.697192 0.448262 0.0059587 -0.997594 -0.0690729 0.391419 -0.167208 0.0671077 -0.983635 -0.495045 0.985904 0.0174107 -0.166405 0.447251 
1530656674107 -0.0276066 -0.946548 0.32138 -0.198398 0.888128 -0.170776 -0.42669 -0.355468 0.458766 0.273647 0.84537 0.439604 0.00641743 -0.997833 -0.0654875 0.391695 -0.169193 0.0634612 -0.983538 -0.495129 0.985562 0.0173918 -0.168419 0.447706 
1530656674162 -0.0860431 -0.953807 0.287835 -0.298197 0.970271 -0.145819 -0.193161 -0.330284 0.22621 0.262657 0.937998 0.431429 0.00688336 -0.998059 -0.0619019 0.391971 -0.171176 0.0598136 -0.983423 -0.495212 0.985216 0.0173654 -0.170432 0.448162 
1530656674207 -0.134048 -0.961323 0.240602 -0.397799 0.990734 -0.124656 0.0539121 -0.305169 -0.0218344 0.245599 0.969125 0.423297 0.00735639 -0.998271 -0.0583165 0.392247 -0.173157 0.0561654 -0.983291 -0.495293 0.984867 0.0173314 -0.172444 0.448616 
1530656674213 -0.168635 -0.968547 0.182974 -0.493612 0.948199 -0.108701 0.298502 -0.280439 -0.269223 0.223833 0.936706 0.413993 0.00783618 -0.99847 -0.0547348 0.392513 -0.175127 0.0525202 -0.983144 -0.49535 0.984515 0.0172896 -0.174448 0.449052 
1530656674291 -0.168635 -0.968547 0.182974 -0.493612 0.948199 -0.108701 0.298502 -0.280439 -0.269223 0.223833 0.936706 0.413993 0.00516883 -0.997342 -0.0726734 0.391207 -0.166559 0.0708005 -0.983486 -0.494954 0.986018 0.0171879 -0.16575 0.446787 
1530656674307 0.281148 -0.928259 0.243496 0.287935 -0.144286 -0.291734 -0.945554 -0.482101 0.948756 0.230708 -0.215955 0.48047 0.005209 -0.997338 -0.0727354 0.391404 -0.166098 0.0708631 -0.98356 -0.495043 0.986096 0.0172045 -0.165286 0.446876 
1530656674324 0.230687 -0.928528 0.290895 0.200795 0.10022 -0.274694 -0.956294 -0.456669 0.967853 0.249759 0.0296889 0.473954 0.00524891 -0.997333 -0.0727984 0.3916 -0.165636 0.0709266 -0.983633 -0.495132 0.986173 0.0172211 -0.164822 0.446965 
1530656674341 0.170884 -0.930729 0.32333 0.100968 0.342688 -0.251526 -0.905152 -0.431436 0.923777 0.265477 0.275968 0.466257 0.00528896 -0.997328 -0.0728617 0.391797 -0.165175 0.0709906 -0.983706 -0.49522 0.98625 0.0172377 -0.164359 0.447053 
1530656674357 0.105173 -0.934609 0.339771 0.000810698 0.563824 -0.225402 -0.794541 -0.406108 0.819171 0.275136 0.503249 0.457472 0.005329 -0.997323 -0.0729247 0.391994 -0.164714 0.0710542 -0.983779 -0.495309 0.986327 0.0172543 -0.163895 0.447142 
1530656674374 0.0375506 -0.939991 0.339125 -0.0988607 0.749605 -0.197921 -0.631601 -0.380835 0.660819 0.277927 0.697191 0.44829 0.00536904 -0.997318 -0.0729875 0.39219 -0.164253 0.0711177 -0.983851 -0.495398 0.986404 0.0172708 -0.163431 0.447231 
1530656674392 -0.0276049 -0.946545 0.321389 -0.198414 0.888129 -0.170778 -0.426687 -0.355475 0.458764 0.273657 0.845368 0.439649 0.00540907 -0.997314 -0.0730502 0.392387 -0.163792 0.0711811 -0.983924 -0.495487 0.98648 0.0172871 -0.162967 0.44732 
1530656674407 -0.0860438 -0.953806 0.287838 -0.298195 0.970271 -0.14582 -0.19316 -0.330286 0.226209 0.262661 0.937997 0.431432 0.00544918 -0.997309 -0.0731131 0.392584 -0.163331 0.0712446 -0.983996 -0.495576 0.986556 0.0173036 -0.162503 0.447409 
1530656674425 -0.134049 -0.961322 0.240604 -0.3978 0.990734 -0.124657 0.0539128 -0.305171 -0.0218346 0.245601 0.969125 0.4233 0.00548908 -0.997304 -0.0731759 0.39278 -0.162869 0.0713083 -0.984067 -0.495664 0.986632 0.0173197 -0.162039 0.447497 
1530656674441 -0.16864 -0.968545 0.182978 -0.493615 0.948197 -0.108704 0.298505 -0.280444 -0.269226 0.223839 0.936704 0.413976 0.00552892 -0.997299 -0.0732385 0.392971 -0.16241 0.0713716 -0.984139 -0.495745 0.986708 0.0173359 -0.161576 0.447584 
1530656674640 -0.16864 -0.968545 0.182978 -0.493615 0.948197 -0.108704 0.298505 -0.280444 -0.269226 0.223839 0.936704 0.413976 0.00811802 -0.998257 -0.0584511 0.392986 -0.168971 0.0562431 -0.984015 -0.494788 0.985588 0.0178648 -0.16822 0.448359 
1530656674657 0.28115 -0.928257 0.243502 0.287952 -0.144278 -0.291738 -0.945554 -0.482045 0.948756 0.23071 -0.215949 0.480418 0.00762677 -0.998146 -0.0603909 0.39319 -0.16934 0.0582312 -0.983836 -0.494878 0.985528 0.0177301 -0.168582 0.448522 
1530656674674 0.230701 -0.928524 0.290894 0.200764 0.100209 -0.274697 -0.956295 -0.456674 0.967851 0.249768 0.029674 0.473978 0.0071331 -0.99803 -0.0623315 0.393394 -0.169708 0.0602207 -0.983653 -0.494967 0.985469 0.0175947 -0.168944 0.448686 
1530656674690 0.170891 -0.930727 0.323332 0.100949 0.342681 -0.251528 -0.905154 -0.431444 0.923778 0.265482 0.275959 0.466272 0.00663893 -0.99791 -0.0642711 0.393597 -0.170075 0.0622093 -0.983466 -0.495057 0.985409 0.0174601 -0.169307 0.448849 
1530656674707 0.105177 -0.934608 0.339774 0.000798927 0.56382 -0.225404 -0.794544 -0.406114 0.819173 0.275139 0.503243 0.457479 0.00614411 -0.997787 -0.0662101 0.393801 -0.170441 0.0641976 -0.983274 -0.495146 0.985349 0.0173263 -0.16967 0.449013 
1530656674724 0.0375517 -0.939991 0.339128 -0.0988674 0.749606 -0.197921 -0.6316 -0.380838 0.660819 0.27793 0.69719 0.448308 0.00564878 -0.997659 -0.0681482 0.394005 -0.170806 0.0661852 -0.983079 -0.495236 0.985289 0.0171933 -0.170032 0.449176 
1530656674740 -0.0276035 -0.946543 0.321395 -0.198424 0.88813 -0.170779 -0.426685 -0.355479 0.458763 0.273662 0.845367 0.439676 0.00515229 -0.997528 -0.0700866 0.394209 -0.17117 0.0681734 -0.98288 -0.495326 0.985228 0.0170608 -0.170396 0.449339 
1530656674757 -0.086044 -0.953805 0.28784 -0.298194 0.970271 -0.145821 -0.193159 -0.330288 0.226209 0.262663 0.937997 0.431434 0.00465531 -0.997392 -0.072024 0.394413 -0.171533 0.0701608 -0.982677 -0.495415 0.985167 0.0169292 -0.170759 0.449503 
1530656674774 -0.13405 -0.961322 0.240605 -0.397801 0.990734 -0.124658 0.0539133 -0.305172 -0.0218348 0.245603 0.969125 0.423302 0.00415749 -0.997252 -0.0739619 0.394616 -0.171895 0.0721489 -0.98247 -0.495504 0.985106 0.0167983 -0.171123 0.449666 
1530656674790 -0.168644 -0.968544 0.182981 -0.493617 0.948196 -0.108705 0.298509 -0.280449 -0.269228 0.223844 0.936702 0.413964 0.00365986 -0.997109 -0.0758966 0.394813 -0.172254 0.074134 -0.982259 -0.495586 0.985046 0.0166684 -0.171485 0.449818 
1530656674810 -0.168644 -0.968544 0.182981 -0.493617 0.948196 -0.108705 0.298509 -0.280449 -0.269228 0.223844 0.936702 0.413964 0.00587774 -0.997601 -0.0689776 0.3928 -0.166092 0.0670468 -0.983828 -0.495427 0.986093 0.0172393 -0.165299 0.44786 
1530656674827 0.281149 -0.928256 0.243507 0.287968 -0.144271 -0.291741 -0.945554 -0.482006 0.948758 0.230711 -0.215943 0.480382 0.00447333 -0.997313 -0.0731217 0.392993 -0.163983 0.0714009 -0.983876 -0.49544 0.986453 0.0163919 -0.163223 0.447616 
1530656674844 0.23071 -0.928522 0.290894 0.200742 0.100201 -0.274698 -0.956295 -0.456679 0.967849 0.249775 0.0296629 0.473997 0.00307782 -0.997006 -0.0772671 0.393186 -0.161869 0.0757518 -0.983901 -0.495453 0.986808 0.0155354 -0.161151 0.447372 
1530656674860 0.170896 -0.930726 0.323333 0.100934 0.342677 -0.251529 -0.905155 -0.43145 0.923779 0.265486 0.275952 0.466283 0.00169078 -0.996679 -0.0814142 0.393379 -0.159747 0.0800996 -0.983903 -0.495466 0.987157 0.0146692 -0.159081 0.447128 
1530656674877 0.105179 -0.934607 0.339776 0.00079039 0.563817 -0.225405 -0.794546 -0.406118 0.819175 0.275141 0.503239 0.457484 0.000312897 -0.996333 -0.0855625 0.393572 -0.157619 0.0844439 -0.983883 -0.495479 0.9875 0.0137941 -0.157014 0.446884 
1530656674894 0.0375524 -0.93999 0.339129 -0.0988722 0.749606 -0.197922 -0.6316 -0.380841 0.660819 0.277931 0.697189 0.44832 -0.00105601 -0.995967 -0.0897121 0.393765 -0.155484 0.0887847 -0.983841 -0.495493 0.987838 0.0129098 -0.15495 0.44664 
1530656675010 -0.0276025 -0.946541 0.321399 -0.198431 0.88813 -0.17078 -0.426684 -0.355482 0.458763 0.273667 0.845366 0.439695 -0.00241596 -0.995582 -0.0938633 0.393959 -0.153342 0.0931223 -0.983776 -0.495506 0.98817 0.0120164 -0.152889 0.446396 
1530656675086 -0.0860442 -0.953805 0.287842 -0.298193 0.970271 -0.145821 -0.193158 -0.330289 0.226209 0.262665 0.937996 0.431435 -0.00376674 -0.995178 -0.0980152 0.394152 -0.151194 0.0974558 -0.983688 -0.495519 0.988497 0.011114 -0.150832 0.446152 
1530656675146 -0.13405 -0.961322 0.240606 -0.397802 0.990734 -0.124658 0.0539137 -0.305174 -0.021835 0.245604 0.969124 0.423303 -0.00510841 -0.994754 -0.102169 0.394345 -0.149039 0.101786 -0.983579 -0.495534 0.988818 0.0102026 -0.148777 0.445908 
1530656675195 -0.168646 -0.968543 0.182983 -0.493619 0.948195 -0.108706 0.298511 -0.280453 -0.269229 0.223847 0.936701 0.413955 -0.00643758 -0.994311 -0.106319 0.394531 -0.146885 0.106108 -0.983446 -0.495564 0.989133 0.00928564 -0.146732 0.445677 
1530656675254 -0.168646 -0.968543 0.182983 -0.493619 0.948195 -0.108706 0.298511 -0.280453 -0.269229 0.223847 0.936701 0.413955 -0.00260741 -0.99565 -0.0931409 0.393895 -0.155783 0.0924085 -0.983459 -0.495783 0.987788 0.0119455 -0.155347 0.446696 
1530656675270 0.281149 -0.928255 0.243511 0.287981 -0.144266 -0.291744 -0.945554 -0.481978 0.948759 0.230711 -0.215939 0.480357 -0.00398322 -0.995129 -0.0985003 0.394261 -0.155377 0.0979206 -0.98299 -0.495817 0.987847 0.0113892 -0.15501 0.44679 
1530656675289 0.230718 -0.92852 0.290894 0.200726 0.100195 -0.2747 -0.956295 -0.456683 0.967848 0.24978 0.0296546 0.474011 -0.00535704 -0.994578 -0.103857 0.394626 -0.154962 0.103429 -0.982491 -0.495851 0.987906 0.0108307 -0.154676 0.446884 
1530656675304 0.1709 -0.930724 0.323334 0.100923 0.342673 -0.25153 -0.905156 -0.431455 0.923779 0.265489 0.275948 0.466291 -0.00672899 -0.993996 -0.109211 0.394992 -0.154541 0.108935 -0.981962 -0.495886 0.987964 0.0102699 -0.154346 0.446978 
1530656675320 0.105181 -0.934606 0.339777 0.000784133 0.563815 -0.225406 -0.794547 -0.406122 0.819176 0.275143 0.503236 0.457487 -0.00809842 -0.993383 -0.114562 0.395358 -0.154111 0.114437 -0.981404 -0.49592 0.98802 0.00970748 -0.154018 0.447072 
1530656675411 0.0375529 -0.93999 0.33913 -0.0988756 0.749606 -0.197922 -0.6316 -0.380843 0.660819 0.277932 0.697189 0.448329 -0.00946549 -0.99274 -0.11991 0.395723 -0.153674 0.119935 -0.980816 -0.495954 0.988076 0.00914319 -0.153694 0.447165 
1530656675500 -0.0276017 -0.946541 0.321402 -0.198437 0.88813 -0.170781 -0.426683 -0.355485 0.458762 0.27367 0.845365 0.439709 -0.0108302 -0.992065 -0.125255 0.396089 -0.153229 0.12543 -0.980198 -0.495988 0.988131 0.00857705 -0.153372 0.447259 
1530656675572 -0.0860442 -0.953804 0.287843 -0.298193 0.970271 -0.145822 -0.193158 -0.33029 0.226208 0.262666 0.937996 0.431435 -0.0121924 -0.991361 -0.130597 0.396455 -0.152777 0.13092 -0.97955 -0.496023 0.988185 0.00800916 -0.153054 0.447353 
1530656675652 -0.134051 -0.961321 0.240607 -0.397802 0.990734 -0.124658 0.053914 -0.305175 -0.0218351 0.245604 0.969124 0.423304 -0.0135521 -0.990625 -0.135936 0.39682 -0.152317 0.136407 -0.978873 -0.496057 0.988239 0.0074395 -0.152738 0.447447 
1530656675723 -0.168648 -0.968542 0.182985 -0.49362 0.948195 -0.108707 0.298513 -0.280456 -0.26923 0.223849 0.9367 0.413949 -0.0149058 -0.98986 -0.141265 0.397175 -0.15185 0.141883 -0.978167 -0.496096 0.988291 0.00687073 -0.152425 0.447532 
1530656675813 -0.168648 -0.968542 0.182985 -0.49362 0.948195 -0.108707 0.298513 -0.280456 -0.26923 0.223849 0.9367 0.413949 -0.0119048 -0.991462 -0.129848 0.396196 -0.152736 0.130136 -0.979661 -0.495988 0.988195 0.00816985 -0.152981 0.44722 
1530656675826 0.281148 -0.928255 0.243513 0.28799 -0.144262 -0.291746 -0.945554 -0.481958 0.948759 0.230711 -0.215936 0.480339 -0.0123615 -0.991572 -0.128967 0.396605 -0.153285 0.129332 -0.979682 -0.496016 0.988105 0.00765843 -0.153592 0.447437 
1530656675844 0.230723 -0.928519 0.290894 0.200715 0.10019 -0.274701 -0.956296 -0.456685 0.967848 0.249784 0.0296487 0.474021 -0.0128195 -0.99168 -0.128086 0.397015 -0.153834 0.128528 -0.979702 -0.496044 0.988013 0.00714475 -0.154202 0.447655 
1530656675860 0.170903 -0.930724 0.323335 0.100916 0.34267 -0.251531 -0.905157 -0.431458 0.92378 0.265491 0.275944 0.466296 -0.0132765 -0.991788 -0.127205 0.397424 -0.154384 0.127724 -0.97972 -0.496073 0.987922 0.00663121 -0.154812 0.447872 
1530656675876 0.105183 -0.934606 0.339778 0.000779636 0.563813 -0.225407 -0.794548 -0.406124 0.819177 0.275144 0.503234 0.45749 -0.0137332 -0.991894 -0.126324 0.397833 -0.154934 0.126921 -0.979738 -0.496101 0.987829 0.00611687 -0.155421 0.44809 
1530656675893 0.0375533 -0.939989 0.339131 -0.0988782 0.749606 -0.197922 -0.6316 -0.380844 0.660819 0.277933 0.697189 0.448335 -0.0141896 -0.992 -0.125442 0.398243 -0.155484 0.126117 -0.979755 -0.496129 0.987736 0.00560188 -0.15603 0.448307 
1530656675910 -0.0276012 -0.94654 0.321404 -0.198441 0.88813 -0.170781 -0.426683 -0.355486 0.458762 0.273672 0.845365 0.439719 -0.0146455 -0.992104 -0.124559 0.398652 -0.156034 0.125314 -0.97977 -0.496157 0.987643 0.00508623 -0.156638 0.448524 
1530656675926 -0.0860443 -0.953804 0.287844 -0.298193 0.970271 -0.145822 -0.193157 -0.33029 0.226208 0.262667 0.937996 0.431436 -0.0151008 -0.992208 -0.123676 0.399061 -0.156585 0.124511 -0.979785 -0.496185 0.987549 0.00457033 -0.157245 0.448742 
1530656676179 -0.134051 -0.961321 0.240607 -0.397802 0.990734 -0.124658 0.0539143 -0.305175 -0.0218352 0.245605 0.969124 0.423305 -0.0155555 -0.99231 -0.122792 0.39947 -0.157136 0.123707 -0.979798 -0.496213 0.987454 0.00405387 -0.157852 0.448959 
1530656676196 -0.168649 -0.968542 0.182986 -0.49362 0.948194 -0.108708 0.298514 -0.280457 -0.269231 0.22385 0.936699 0.413945 -0.0160074 -0.992412 -0.12191 0.399866 -0.157685 0.122905 -0.979811 -0.496231 0.98736 0.00353913 -0.158456 0.449167 
1530656676216 -0.168649 -0.968542 0.182986 -0.49362 0.948194 -0.108708 0.298514 -0.280457 -0.269231 0.22385 0.936699 0.413945 -0.0149642 -0.990882 -0.133898 0.397891 -0.154581 0.134596 -0.978769 -0.496069 0.987867 0.00605166 -0.155186 0.448077 
1530656676229 0.281148 -0.928254 0.243515 0.287996 -0.14426 -0.291747 -0.945554 -0.481944 0.94876 0.230711 -0.215934 0.480326 -0.0148901 -0.991597 -0.128507 0.398373 -0.155527 0.129254 -0.979339 -0.496089 0.987719 0.005404 -0.156145 0.448331 
1530656676246 0.230727 -0.928518 0.290894 0.200707 0.100187 -0.274702 -0.956296 -0.456687 0.967847 0.249787 0.0296444 0.474028 -0.0148119 -0.992282 -0.123114 0.398855 -0.156472 0.123911 -0.979879 -0.49611 0.987571 0.00475008 -0.1571 0.448584 
1530656676262 0.170905 -0.930723 0.323335 0.10091 0.342669 -0.251531 -0.905158 -0.43146 0.92378 0.265493 0.275942 0.466301 -0.0147284 -0.992938 -0.117716 0.399338 -0.157417 0.118563 -0.980389 -0.49613 0.987422 0.0040909 -0.158051 0.448838 
1530656676280 0.105184 -0.934605 0.339779 0.000776413 0.563812 -0.225407 -0.794549 -0.406126 0.819178 0.275145 0.503232 0.457491 -0.0146398 -0.993565 -0.112315 0.39982 -0.15836 0.113213 -0.980869 -0.496151 0.987273 0.00342658 -0.158999 0.449092 
1530656676332 0.0375536 -0.939989 0.339132 -0.09888 0.749606 -0.197923 -0.6316 -0.380845 0.660818 0.277934 0.697188 0.44834 -0.0145459 -0.994162 -0.106911 0.400302 -0.159304 0.107861 -0.98132 -0.496171 0.987122 0.00275709 -0.159942 0.449346 
1530656676422 -0.0276008 -0.946539 0.321405 -0.198444 0.888131 -0.170781 -0.426682 -0.355487 0.458762 0.273673 0.845364 0.439726 -0.0144469 -0.99473 -0.101504 0.400784 -0.160246 0.102506 -0.98174 -0.496192 0.986971 0.00208248 -0.160882 0.449599 
1530656676428 -0.0860443 -0.953804 0.287844 -0.298192 0.970271 -0.145822 -0.193157 -0.330291 0.226208 0.262667 0.937996 0.431436 -0.0143427 -0.995269 -0.0960936 0.401267 -0.161188 0.0971479 -0.982131 -0.496212 0.98682 0.00140274 -0.161819 0.449853 
1530656676491 -0.134051 -0.961321 0.240608 -0.397802 0.990734 -0.124659 0.0539144 -0.305176 -0.0218353 0.245605 0.969124 0.423306 -0.0142332 -0.995778 -0.0906801 0.401748 -0.162129 0.0917875 -0.982491 -0.496231 0.986667 0.000717881 -0.162751 0.450106 
1530656676627 -0.16865 -0.968542 0.182987 -0.493621 0.948194 -0.108708 0.298515 -0.280459 -0.269232 0.223852 0.936699 0.413942 -0.0141168 -0.996258 -0.0852703 0.402215 -0.163066 0.0864309 -0.982822 -0.496234 0.986514 3.03405e-05 -0.163676 0.450354 
1530656676701 -0.16865 -0.968542 0.182987 -0.493621 0.948194 -0.108708 0.298515 -0.280459 -0.269232 0.223852 0.936699 0.413942 -0.0136238 -0.995094 -0.0979925 0.400871 -0.160318 0.0989076 -0.982098 -0.496004 0.986971 0.00233004 -0.160879 0.449807 
1530656676714 0.281148 -0.928254 0.243517 0.288001 -0.144258 -0.291748 -0.945554 -0.481934 0.94876 0.230711 -0.215932 0.480317 -0.0138768 -0.995136 -0.0975269 0.401297 -0.159601 0.0984902 -0.982256 -0.496061 0.987084 0.00193485 -0.160191 0.449823 
