1533297735410 0.151476 0.944409 -0.291797 -0.605419 -0.940156 0.228809 0.252496 -0.223143 0.305225 0.236088 0.922551 0.380871 1 0 0 0 0 1 0 0 0 0 1 1.306 
1533297735423 0.149597 0.944209 -0.293412 -0.605474 -0.941137 0.226955 0.250506 -0.223275 0.303121 0.238665 0.922581 0.381073 0.313239 -0.3866 0.867422 0.386189 -0.93126 -0.304042 0.200784 -0.500185 0.18611 -0.870689 -0.455263 0.505382 
1533297735440 0.147721 0.944 -0.295029 -0.605529 -0.94211 0.225095 0.248519 -0.223406 0.301011 0.241238 0.922603 0.381275 0.316244 -0.384866 0.867103 0.400216 -0.929998 -0.306258 0.203249 -0.504049 0.187334 -0.87068 -0.454777 0.486145 
1533297735456 0.145848 0.943784 -0.296649 -0.605583 -0.943075 0.223228 0.246534 -0.223538 0.298895 0.243805 0.922616 0.381477 0.316258 -0.384857 0.867102 0.400836 -0.929992 -0.306267 0.203261 -0.504368 0.187338 -0.870681 -0.454774 0.485921 
1533297735473 0.143978 0.943559 -0.298272 -0.605638 -0.944032 0.221356 0.24455 -0.223669 0.296772 0.246368 0.922621 0.381679 0.316239 -0.384881 0.867098 0.400855 -0.93 -0.306257 0.203241 -0.504361 0.187331 -0.870674 -0.454789 0.485943 
1533297735490 0.142111 0.943327 -0.299897 -0.605693 -0.944981 0.219477 0.24257 -0.223801 0.294643 0.248925 0.922617 0.381881 0.316214 -0.384899 0.867099 0.400827 -0.930009 -0.306245 0.203216 -0.504329 0.187327 -0.87067 -0.454799 0.48594 
1533297735507 0.140248 0.943087 -0.301524 -0.605748 -0.945923 0.217591 0.240591 -0.223933 0.292507 0.251476 0.922605 0.382083 0.3162 -0.384907 0.867101 0.400798 -0.930014 -0.306239 0.203202 -0.504306 0.187326 -0.870669 -0.454801 0.485922 
1533297735523 0.138388 0.942839 -0.303154 -0.605803 -0.946856 0.2157 0.238614 -0.224064 0.290365 0.254022 0.922584 0.382285 0.316197 -0.384904 0.867103 0.400778 -0.930014 -0.30624 0.2032 -0.504292 0.187329 -0.87067 -0.454799 0.485903 
1533297735540 0.136531 0.942584 -0.304787 -0.605859 -0.947782 0.213802 0.23664 -0.224196 0.288217 0.256563 0.922554 0.382487 0.316201 -0.384895 0.867106 0.400765 -0.930012 -0.306246 0.203202 -0.504277 0.187337 -0.870672 -0.454792 0.485883 
1533297735556 0.134678 0.942322 -0.306416 -0.605926 -0.948698 0.211898 0.234673 -0.224333 0.286067 0.259091 0.922517 0.382674 0.316123 -0.384928 0.86712 0.40068 -0.93004 -0.30621 0.20313 -0.504145 0.18733 -0.87067 -0.454798 0.485852 
1533297735583 0.150115 0.944365 -0.292643 -0.605449 -0.940637 0.22756 0.251831 -0.223088 0.304414 0.237467 0.922465 0.381007 1 0 0 0 0 1 0 0 0 0 1 1.306 
1533297735593 0.148373 0.944165 -0.294175 -0.605501 -0.941566 0.225829 0.249909 -0.223225 0.302388 0.239905 0.9225 0.381195 0.313239 -0.3866 0.867422 0.386189 -0.93126 -0.304042 0.200784 -0.500185 0.18611 -0.870689 -0.455263 0.505382 
1533297735610 0.146634 0.943957 -0.295708 -0.605553 -0.942488 0.224092 0.24799 -0.223362 0.300357 0.242338 0.922528 0.381384 0.316244 -0.384866 0.867103 0.400216 -0.929998 -0.306258 0.203249 -0.504049 0.187334 -0.87068 -0.454777 0.486145 
1533297735626 0.144897 0.943743 -0.297244 -0.605604 -0.943403 0.222349 0.246072 -0.223499 0.298321 0.244766 0.922548 0.381572 0.316258 -0.384857 0.867102 0.400836 -0.929992 -0.306267 0.203261 -0.504368 0.187338 -0.870681 -0.454774 0.485921 
1533297735643 0.143164 0.943522 -0.298783 -0.605656 -0.944311 0.2206 0.244156 -0.223636 0.296278 0.247189 0.92256 0.381761 0.316239 -0.384881 0.867098 0.400855 -0.93 -0.306257 0.203241 -0.504361 0.187331 -0.870674 -0.454789 0.485943 
1533297735660 0.141434 0.943293 -0.300323 -0.605708 -0.945212 0.218846 0.242242 -0.223773 0.29423 0.249608 0.922564 0.381949 0.316214 -0.384899 0.867099 0.400827 -0.930009 -0.306245 0.203216 -0.504329 0.187327 -0.87067 -0.454799 0.48594 
1533297735676 0.139706 0.943058 -0.301866 -0.60576 -0.946105 0.217085 0.24033 -0.223911 0.292176 0.252021 0.922561 0.382137 0.3162 -0.384907 0.867101 0.400798 -0.930014 -0.306239 0.203202 -0.504306 0.187326 -0.870669 -0.454801 0.485922 
1533297735683 0.137982 0.942816 -0.303411 -0.605812 -0.946992 0.21532 0.23842 -0.224048 0.290116 0.254431 0.922549 0.382326 0.316197 -0.384904 0.867103 0.400778 -0.930014 -0.30624 0.2032 -0.504292 0.187329 -0.87067 -0.454799 0.485903 
1533297735697 0.136261 0.942567 -0.304959 -0.605865 -0.947871 0.213548 0.236512 -0.224185 0.288051 0.256834 0.92253 0.382514 0.316201 -0.384895 0.867106 0.400765 -0.930012 -0.306246 0.203202 -0.504277 0.187337 -0.870672 -0.454792 0.485883 
1533297735713 0.134542 0.942314 -0.306502 -0.605929 -0.948742 0.211771 0.234611 -0.224327 0.285985 0.259226 0.922504 0.382689 0.316123 -0.384928 0.86712 0.40068 -0.93004 -0.30621 0.20313 -0.504145 0.18733 -0.87067 -0.454798 0.485852 
1533297735741 0.145244 0.943645 -0.297386 -0.605686 -0.943138 0.222882 0.246605 -0.2235 0.298989 0.244658 0.92236 0.381429 1 0 0 0 0 1 0 0 0 0 1 1.306 
1533297735753 0.144008 0.943041 -0.299892 -0.605319 -0.944327 0.221553 0.24323 -0.22347 0.295818 0.248169 0.922444 0.381514 0.313239 -0.3866 0.867422 0.386189 -0.93126 -0.304042 0.200784 -0.500185 0.18611 -0.870689 -0.455263 0.505382 
1533297735770 0.142781 0.942426 -0.302401 -0.604953 -0.945503 0.220211 0.239857 -0.22344 0.292639 0.251674 0.922509 0.381599 0.316244 -0.384866 0.867103 0.400217 -0.929998 -0.306258 0.203249 -0.504049 0.187334 -0.87068 -0.454777 0.486145 
1533297735786 0.141562 0.941801 -0.304911 -0.604586 -0.946667 0.218855 0.236484 -0.22341 0.289452 0.255172 0.922553 0.381684 0.316258 -0.384857 0.867102 0.400836 -0.929992 -0.306267 0.203261 -0.504368 0.187338 -0.870681 -0.454774 0.485921 
1533297735793 0.140351 0.941166 -0.307422 -0.60422 -0.947818 0.217487 0.233112 -0.22338 0.286258 0.258663 0.922578 0.381769 0.316239 -0.384881 0.867098 0.400855 -0.93 -0.306257 0.203241 -0.504361 0.187331 -0.870674 -0.454789 0.485943 
1533297735807 0.13915 0.94052 -0.309936 -0.603853 -0.948956 0.216106 0.229741 -0.22335 0.283055 0.262147 0.922583 0.381854 0.316214 -0.384899 0.867099 0.400827 -0.930009 -0.306245 0.203216 -0.504329 0.187327 -0.87067 -0.454799 0.48594 
1533297735823 0.137957 0.939863 -0.31245 -0.603487 -0.950081 0.214712 0.226372 -0.223321 0.279845 0.265624 0.922567 0.381939 0.3162 -0.384907 0.867101 0.400798 -0.930014 -0.306239 0.203202 -0.504306 0.187326 -0.870669 -0.454801 0.485922 
1533297735840 0.136772 0.939196 -0.314966 -0.60312 -0.951194 0.213305 0.223003 -0.223291 0.276628 0.269093 0.922532 0.382024 0.316197 -0.384904 0.867103 0.400778 -0.930014 -0.30624 0.2032 -0.504292 0.187329 -0.87067 -0.454799 0.485903 
1533297735857 0.135596 0.938519 -0.317482 -0.602758 -0.952294 0.211885 0.219636 -0.223262 0.273403 0.272555 0.922478 0.382108 0.316201 -0.384895 0.867106 0.400765 -0.930012 -0.306246 0.203202 -0.504277 0.187337 -0.870672 -0.454792 0.485883 
1533297735873 0.134426 0.937837 -0.319986 -0.602447 -0.95338 0.210448 0.216282 -0.223253 0.270178 0.275994 0.922405 0.382171 0.316123 -0.384928 0.86712 0.40068 -0.93004 -0.30621 0.20313 -0.504145 0.18733 -0.87067 -0.454798 0.485852 
1533297735900 0.140445 0.942768 -0.30243 -0.60595 -0.946071 0.217853 0.239771 -0.22402 0.291934 0.252446 0.922521 0.381864 1 0 0 0 0 1 0 0 0 0 1 1.306 
1533297735913 0.139376 0.942157 -0.304819 -0.605523 -0.947324 0.216501 0.23602 -0.223944 0.288362 0.255867 0.922702 0.381854 0.313239 -0.3866 0.867422 0.386189 -0.93126 -0.304042 0.200784 -0.500185 0.18611 -0.870689 -0.455263 0.505382 
1533297735930 0.138316 0.941536 -0.307211 -0.605096 -0.948561 0.215134 0.23227 -0.223867 0.284782 0.259282 0.922861 0.381845 0.316244 -0.384866 0.867103 0.400217 -0.929998 -0.306258 0.203249 -0.504049 0.187334 -0.87068 -0.454777 0.486145 
1533297735947 0.137265 0.940906 -0.309605 -0.604669 -0.949783 0.213755 0.22852 -0.223791 0.281195 0.262689 0.922997 0.381835 0.316258 -0.384857 0.867102 0.400836 -0.929992 -0.306267 0.203261 -0.504368 0.187338 -0.870681 -0.454774 0.485921 
1533297735963 0.136224 0.940265 -0.312 -0.604243 -0.95099 0.212361 0.224769 -0.223715 0.277599 0.26609 0.923111 0.381825 0.316239 -0.384881 0.867098 0.400855 -0.93 -0.306257 0.203241 -0.504361 0.187331 -0.870674 -0.454789 0.485943 
1533297735980 0.135192 0.939616 -0.314396 -0.603816 -0.952181 0.210953 0.22102 -0.223638 0.273996 0.269482 0.923204 0.381816 0.316214 -0.384899 0.867099 0.400827 -0.930009 -0.306245 0.203216 -0.504329 0.187327 -0.87067 -0.454799 0.48594 
1533297735997 0.134169 0.938957 -0.316794 -0.603389 -0.953357 0.209531 0.21727 -0.223562 0.270386 0.272867 0.923274 0.381806 0.3162 -0.384907 0.867101 0.400798 -0.930014 -0.306239 0.203202 -0.504306 0.187326 -0.870669 -0.454801 0.485922 
1533297736013 0.133156 0.938289 -0.319193 -0.602962 -0.954518 0.208096 0.213521 -0.223486 0.266767 0.276244 0.923323 0.381796 0.316197 -0.384904 0.867103 0.400778 -0.930014 -0.30624 0.2032 -0.504292 0.187329 -0.87067 -0.454799 0.485903 
1533297736030 0.132152 0.937611 -0.321593 -0.60254 -0.955663 0.206647 0.209773 -0.223411 0.263141 0.279613 0.923349 0.381785 0.316201 -0.384895 0.867106 0.400765 -0.930012 -0.306246 0.203202 -0.504277 0.187337 -0.870672 -0.454792 0.485883 
1533297736047 0.131153 0.936929 -0.323979 -0.602173 -0.956791 0.205179 0.206039 -0.223358 0.259517 0.282958 0.923356 0.381755 0.316123 -0.384928 0.86712 0.40068 -0.93004 -0.30621 0.20313 -0.504145 0.18733 -0.87067 -0.454798 0.485852 
1533297736072 0.138468 0.941014 -0.308739 -0.605227 -0.948464 0.215721 0.23212 -0.224218 0.28503 0.260686 0.922389 0.381833 1 0 0 0 0 1 0 0 0 0 1 1.306 
1533297736083 0.137732 0.940612 -0.310288 -0.604842 -0.949262 0.214779 0.229722 -0.224168 0.282722 0.262905 0.922469 0.381828 0.313239 -0.3866 0.867422 0.386189 -0.93126 -0.304042 0.200784 -0.500185 0.18611 -0.870689 -0.455263 0.505382 
1533297736100 0.136999 0.940206 -0.31184 -0.604457 -0.950053 0.213831 0.227323 -0.224118 0.280411 0.265121 0.92254 0.381823 0.316244 -0.384866 0.867103 0.400216 -0.929998 -0.306258 0.203249 -0.504049 0.187334 -0.87068 -0.454777 0.486145 
1533297736117 0.136271 0.939796 -0.313392 -0.604073 -0.950838 0.212877 0.224925 -0.224069 0.278097 0.267334 0.922602 0.381817 0.316258 -0.384857 0.867102 0.400836 -0.929992 -0.306267 0.203261 -0.504368 0.187338 -0.870681 -0.454774 0.485921 
1533297736133 0.135545 0.939381 -0.314944 -0.603688 -0.951616 0.211917 0.222527 -0.224019 0.275779 0.269544 0.922655 0.381812 0.316239 -0.384881 0.867098 0.400855 -0.93 -0.306257 0.203241 -0.504361 0.187331 -0.870674 -0.454789 0.485943 
1533297736150 0.134825 0.938963 -0.316498 -0.603303 -0.952388 0.210951 0.220129 -0.223969 0.273458 0.27175 0.922698 0.381807 0.316214 -0.384899 0.867099 0.400827 -0.930009 -0.306245 0.203216 -0.504329 0.187327 -0.87067 -0.454799 0.48594 
1533297736167 0.134107 0.93854 -0.318052 -0.602918 -0.953153 0.20998 0.217731 -0.223919 0.271134 0.273953 0.922733 0.381802 0.3162 -0.384907 0.867101 0.400798 -0.930014 -0.306239 0.203202 -0.504306 0.187326 -0.870669 -0.454801 0.485922 
1533297736183 0.133394 0.938114 -0.319607 -0.602534 -0.953913 0.209003 0.215334 -0.223869 0.268807 0.276153 0.922758 0.381797 0.316197 -0.384904 0.867103 0.400778 -0.930014 -0.30624 0.2032 -0.504292 0.187329 -0.87067 -0.454799 0.485903 
1533297736200 0.132685 0.937683 -0.321162 -0.602153 -0.954665 0.20802 0.212937 -0.223821 0.266476 0.278349 0.922774 0.381791 0.316201 -0.384895 0.867106 0.400765 -0.930012 -0.306246 0.203202 -0.504277 0.187337 -0.870672 -0.454792 0.485883 
1533297736217 0.131976 0.937253 -0.322707 -0.601814 -0.95541 0.207028 0.210549 -0.223787 0.264147 0.28053 0.922783 0.381771 0.316123 -0.384928 0.86712 0.40068 -0.93004 -0.30621 0.20313 -0.504145 0.18733 -0.87067 -0.454798 0.485852 
1533297736244 0.133307 0.940066 -0.313857 -0.604083 -0.95195 0.209555 0.223333 -0.22303 0.275718 0.269004 0.922831 0.381943 1 0 0 0 0 1 0 0 0 0 1 1.306 
1533297736257 0.132855 0.93968 -0.3152 -0.603733 -0.952654 0.208822 0.221007 -0.222963 0.273497 0.270915 0.922933 0.382003 0.313239 -0.3866 0.867422 0.386189 -0.93126 -0.304042 0.200784 -0.500185 0.18611 -0.870689 -0.455263 0.505382 
1533297736273 0.132405 0.939291 -0.316544 -0.603384 -0.953352 0.208084 0.218681 -0.222897 0.271273 0.272824 0.923027 0.382063 0.316244 -0.384866 0.867103 0.400216 -0.929998 -0.306258 0.203249 -0.504049 0.187334 -0.87068 -0.454777 0.486145 
1533297736290 0.13196 0.9389 -0.317889 -0.603034 -0.954044 0.207341 0.216356 -0.22283 0.269048 0.27473 0.923113 0.382123 0.316258 -0.384857 0.867102 0.400836 -0.929992 -0.306267 0.203261 -0.504368 0.187338 -0.870681 -0.454774 0.485921 
1533297736307 0.131517 0.938506 -0.319233 -0.602685 -0.954731 0.206593 0.21403 -0.222764 0.266819 0.276633 0.923191 0.382183 0.316239 -0.384881 0.867098 0.400855 -0.93 -0.306257 0.203241 -0.504361 0.187331 -0.870674 -0.454789 0.485943 
1533297736323 0.131078 0.938109 -0.320579 -0.602335 -0.955412 0.205841 0.211703 -0.222698 0.264589 0.278535 0.923261 0.382243 0.316214 -0.384899 0.867099 0.400827 -0.930009 -0.306245 0.203216 -0.504329 0.187327 -0.87067 -0.454799 0.48594 
1533297736340 0.130641 0.937709 -0.321924 -0.601985 -0.956087 0.205083 0.209377 -0.222631 0.262356 0.280434 0.923323 0.382303 0.3162 -0.384907 0.867101 0.400798 -0.930014 -0.306239 0.203202 -0.504306 0.187326 -0.870669 -0.454801 0.485922 
1533297736357 0.130209 0.937306 -0.323269 -0.601636 -0.956756 0.204321 0.207051 -0.222565 0.260121 0.28233 0.923378 0.382363 0.316197 -0.384904 0.867103 0.400778 -0.930014 -0.30624 0.2032 -0.504292 0.187329 -0.87067 -0.454799 0.485903 
1533297736373 0.129779 0.936901 -0.324615 -0.60129 -0.95742 0.203554 0.204725 -0.222499 0.257883 0.284224 0.923425 0.382422 0.316201 -0.384895 0.867106 0.400765 -0.930012 -0.306246 0.203202 -0.504277 0.187337 -0.870672 -0.454792 0.485883 
1533297736390 0.12935 0.936496 -0.32595 -0.600982 -0.958077 0.202779 0.202407 -0.222448 0.255649 0.286104 0.923465 0.382468 0.316123 -0.384928 0.86712 0.40068 -0.93004 -0.30621 0.20313 -0.504145 0.18733 -0.87067 -0.454798 0.485852 
1533297736415 0.13107 0.938982 -0.318014 -0.60296 -0.95397 0.206742 0.217255 -0.222875 0.269745 0.2749 0.922858 0.381949 1 0 0 0 0 1 0 0 0 0 1 1.306 
1533297736427 0.130914 0.938627 -0.319126 -0.602676 -0.954537 0.206293 0.215181 -0.222835 0.267808 0.276447 0.92296 0.382016 0.313239 -0.3866 0.867422 0.386189 -0.93126 -0.304042 0.200784 -0.500185 0.18611 -0.870689 -0.455263 0.505382 
1533297736443 0.13076 0.93827 -0.320237 -0.602392 -0.9551 0.20584 0.213107 -0.222794 0.265869 0.277993 0.923057 0.382082 0.316244 -0.384866 0.867103 0.400216 -0.929998 -0.306258 0.203249 -0.504049 0.187334 -0.87068 -0.454777 0.486145 
1533297736460 0.130608 0.937911 -0.321348 -0.602108 -0.955658 0.205384 0.211032 -0.222754 0.263929 0.279537 0.923147 0.382149 0.316258 -0.384857 0.867102 0.400836 -0.929992 -0.306267 0.203261 -0.504368 0.187338 -0.870681 -0.454774 0.485921 
1533297736477 0.130459 0.93755 -0.322459 -0.601824 -0.956213 0.204924 0.208957 -0.222713 0.261988 0.281079 0.923232 0.382216 0.316239 -0.384881 0.867098 0.400855 -0.93 -0.306257 0.203241 -0.504361 0.187331 -0.870674 -0.454789 0.485943 
1533297736493 0.130312 0.937188 -0.32357 -0.60154 -0.956763 0.204461 0.206882 -0.222673 0.260045 0.28262 0.923311 0.382283 0.316214 -0.384899 0.867099 0.400827 -0.930009 -0.306245 0.203216 -0.504329 0.187327 -0.87067 -0.454799 0.48594 
1533297736510 0.130168 0.936824 -0.32468 -0.601255 -0.957309 0.203995 0.204807 -0.222633 0.258101 0.28416 0.923383 0.382349 0.3162 -0.384907 0.867101 0.400798 -0.930014 -0.306239 0.203202 -0.504306 0.187326 -0.870669 -0.454801 0.485922 
1533297736527 0.130026 0.936458 -0.32579 -0.600972 -0.957851 0.203525 0.202731 -0.222592 0.256155 0.285698 0.923451 0.382416 0.316197 -0.384904 0.867103 0.400778 -0.930014 -0.30624 0.2032 -0.504292 0.187329 -0.87067 -0.454799 0.485903 
1533297736543 0.129886 0.936091 -0.3269 -0.60069 -0.958388 0.203052 0.200655 -0.222553 0.254208 0.287234 0.923512 0.382482 0.316201 -0.384895 0.867106 0.400765 -0.930012 -0.306246 0.203202 -0.504277 0.187337 -0.870672 -0.454792 0.485883 
1533297736560 0.129746 0.935725 -0.328001 -0.600441 -0.95892 0.202572 0.198585 -0.222526 0.252265 0.288761 0.923569 0.382536 0.316123 -0.384928 0.86712 0.40068 -0.93004 -0.30621 0.20313 -0.504145 0.18733 -0.87067 -0.454798 0.485852 
1533297736585 0.128704 0.938047 -0.321718 -0.602122 -0.956238 0.20335 0.210373 -0.222204 0.262762 0.280563 0.923169 0.382275 1 0 0 0 0 1 0 0 0 0 1 1.306 
1533297736597 0.128723 0.937795 -0.322445 -0.60192 -0.95651 0.203237 0.209245 -0.222229 0.261762 0.281487 0.923172 0.382336 0.313239 -0.3866 0.867422 0.386189 -0.93126 -0.304042 0.200784 -0.500185 0.18611 -0.870689 -0.455263 0.505382 
1533297736613 0.128744 0.937542 -0.323172 -0.601718 -0.95678 0.203124 0.208116 -0.222254 0.260761 0.282411 0.923173 0.382397 0.316244 -0.384866 0.867103 0.400216 -0.929998 -0.306258 0.203249 -0.504049 0.187334 -0.87068 -0.454777 0.486145 
1533297736630 0.128766 0.937288 -0.3239 -0.601516 -0.95705 0.203009 0.206986 -0.222278 0.25976 0.283335 0.923172 0.382458 0.316258 -0.384857 0.867102 0.400836 -0.929992 -0.306267 0.203261 -0.504368 0.187338 -0.870681 -0.454774 0.485921 
1533297736647 0.128788 0.937033 -0.324627 -0.601314 -0.957318 0.202893 0.205856 -0.222303 0.258758 0.284259 0.923169 0.382519 0.316239 -0.384881 0.867098 0.400855 -0.93 -0.306257 0.203241 -0.504361 0.187331 -0.870674 -0.454789 0.485943 
1533297736663 0.128811 0.936778 -0.325353 -0.601113 -0.957585 0.202775 0.204726 -0.222328 0.257757 0.285182 0.923164 0.38258 0.316214 -0.384899 0.867099 0.400827 -0.930009 -0.306245 0.203216 -0.504329 0.187327 -0.87067 -0.454799 0.48594 
1533297736680 0.128835 0.936522 -0.32608 -0.600911 -0.957851 0.202657 0.203596 -0.222353 0.256755 0.286106 0.923158 0.382641 0.3162 -0.384907 0.867101 0.400798 -0.930014 -0.306239 0.203202 -0.504306 0.187326 -0.870669 -0.454801 0.485922 
1533297736697 0.128859 0.936266 -0.326806 -0.600709 -0.958116 0.202538 0.202466 -0.222378 0.255752 0.287028 0.92315 0.382702 0.316197 -0.384904 0.867103 0.400778 -0.930014 -0.30624 0.2032 -0.504292 0.187329 -0.87067 -0.454799 0.485903 
1533297736713 0.128885 0.936008 -0.327532 -0.600509 -0.95838 0.202417 0.201335 -0.222403 0.25475 0.287951 0.92314 0.382763 0.316201 -0.384895 0.867106 0.400765 -0.930012 -0.306246 0.203202 -0.504277 0.187337 -0.870672 -0.454792 0.485883 
1533297736730 0.12891 0.935753 -0.328252 -0.60033 -0.958642 0.202294 0.200209 -0.222436 0.253749 0.288867 0.923129 0.382816 0.316123 -0.384928 0.86712 0.40068 -0.93004 -0.30621 0.20313 -0.504145 0.18733 -0.87067 -0.454798 0.485852 
1533297736755 0.127944 0.937081 -0.324822 -0.601317 -0.9578 0.201743 0.204742 -0.221982 0.257391 0.284919 0.923348 0.382473 1 0 0 0 0 1 0 0 0 0 1 1.306 
1533297736767 0.128083 0.936824 -0.325508 -0.601157 -0.957999 0.201781 0.203772 -0.22201 0.256579 0.285736 0.923321 0.382532 0.313239 -0.3866 0.867422 0.386189 -0.93126 -0.304042 0.200784 -0.500185 0.18611 -0.870689 -0.455263 0.505382 
1533297736783 0.128224 0.936566 -0.326194 -0.600996 -0.958197 0.201819 0.202801 -0.222039 0.255769 0.286554 0.923293 0.382591 0.316244 -0.384866 0.867103 0.400216 -0.929998 -0.306258 0.203249 -0.504049 0.187334 -0.87068 -0.454777 0.486145 
1533297736800 0.128366 0.936308 -0.32688 -0.600836 -0.958394 0.201856 0.201831 -0.222067 0.254958 0.287371 0.923263 0.382651 0.316258 -0.384857 0.867102 0.400836 -0.929992 -0.306267 0.203261 -0.504368 0.187338 -0.870681 -0.454774 0.485921 
1533297736817 0.128507 0.936049 -0.327565 -0.600675 -0.95859 0.201892 0.20086 -0.222096 0.254148 0.288188 0.923232 0.38271 0.316239 -0.384881 0.867098 0.400855 -0.93 -0.306257 0.203241 -0.504361 0.187331 -0.870674 -0.454789 0.485943 
1533297736833 0.128649 0.935789 -0.32825 -0.600515 -0.958786 0.201927 0.19989 -0.222124 0.253337 0.289005 0.923199 0.382769 0.316214 -0.384899 0.867099 0.400827 -0.930009 -0.306245 0.203216 -0.504329 0.187327 -0.87067 -0.454799 0.48594 
1533297736850 0.128793 0.935529 -0.328934 -0.600354 -0.95898 0.201961 0.198918 -0.222152 0.252526 0.289822 0.923165 0.382828 0.3162 -0.384907 0.867101 0.400798 -0.930014 -0.306239 0.203202 -0.504306 0.187326 -0.870669 -0.454801 0.485922 
1533297736867 0.128936 0.935268 -0.329618 -0.600194 -0.959174 0.201995 0.197947 -0.222181 0.251715 0.290639 0.92313 0.382887 0.316197 -0.384904 0.867103 0.400778 -0.930014 -0.30624 0.2032 -0.504292 0.187329 -0.87067 -0.454799 0.485903 
1533297736883 0.129081 0.935007 -0.330302 -0.600035 -0.959367 0.202028 0.196976 -0.22221 0.250904 0.291455 0.923093 0.382946 0.316201 -0.384895 0.867106 0.400765 -0.930012 -0.306246 0.203202 -0.504277 0.187337 -0.870672 -0.454792 0.485883 
1533297736902 0.129224 0.934747 -0.330981 -0.599894 -0.959559 0.202058 0.196008 -0.222245 0.250095 0.292267 0.923056 0.382998 0.316123 -0.384928 0.86712 0.40068 -0.93004 -0.30621 0.20313 -0.504145 0.18733 -0.87067 -0.454798 0.485852 
1533297736925 0.127994 0.936379 -0.32682 -0.600727 -0.958344 0.201608 0.202313 -0.222095 0.255331 0.287312 0.923178 0.382739 1 0 0 0 0 1 0 0 0 0 1 1.306 
1533297736937 0.128147 0.936212 -0.32724 -0.600627 -0.958357 0.201804 0.202055 -0.222162 0.255205 0.28772 0.923086 0.382767 0.313239 -0.3866 0.867422 0.386189 -0.93126 -0.304042 0.200784 -0.500185 0.18611 -0.870689 -0.455263 0.505382 
1533297736953 0.128301 0.936044 -0.327658 -0.600527 -0.95837 0.202 0.201798 -0.22223 0.255079 0.288127 0.922994 0.382796 0.316244 -0.384866 0.867103 0.400216 -0.929998 -0.306258 0.203249 -0.504049 0.187334 -0.87068 -0.454777 0.486145 
1533297736970 0.128456 0.935876 -0.328077 -0.600428 -0.958383 0.202196 0.20154 -0.222297 0.254953 0.288534 0.922901 0.382824 0.316258 -0.384857 0.867102 0.400836 -0.929992 -0.306267 0.203261 -0.504368 0.187338 -0.870681 -0.454774 0.485921 
1533297736987 0.128611 0.935708 -0.328496 -0.600328 -0.958396 0.202393 0.201282 -0.222365 0.254827 0.288942 0.922809 0.382853 0.316239 -0.384881 0.867098 0.400855 -0.93 -0.306257 0.203241 -0.504361 0.187331 -0.870674 -0.454789 0.485943 
1533297737003 0.128765 0.93554 -0.328914 -0.600228 -0.958409 0.202588 0.201025 -0.222432 0.254701 0.289349 0.922716 0.382881 0.316214 -0.384899 0.867099 0.400827 -0.930009 -0.306245 0.203216 -0.504329 0.187327 -0.87067 -0.454799 0.48594 
1533297737020 0.12892 0.935372 -0.329332 -0.600128 -0.958421 0.202784 0.200767 -0.222499 0.254575 0.289756 0.922623 0.382909 0.3162 -0.384907 0.867101 0.400798 -0.930014 -0.306239 0.203202 -0.504306 0.187326 -0.870669 -0.454801 0.485922 
1533297737037 0.129075 0.935203 -0.329751 -0.600028 -0.958434 0.20298 0.200509 -0.222567 0.254449 0.290163 0.92253 0.382938 0.316197 -0.384904 0.867103 0.400778 -0.930014 -0.30624 0.2032 -0.504292 0.187329 -0.87067 -0.454799 0.485903 
1533297737053 0.12923 0.935034 -0.330168 -0.59993 -0.958446 0.203175 0.200251 -0.222634 0.254323 0.29057 0.922436 0.382966 0.316201 -0.384895 0.867106 0.400765 -0.930012 -0.306246 0.203202 -0.504277 0.187337 -0.870672 -0.454792 0.485883 
1533297737070 0.129384 0.934866 -0.330584 -0.599841 -0.958459 0.20337 0.199994 -0.222704 0.254198 0.290975 0.922343 0.382991 0.316123 -0.384928 0.86712 0.40068 -0.93004 -0.30621 0.20313 -0.504145 0.18733 -0.87067 -0.454798 0.485852 
1533297737095 0.127574 0.935528 -0.329412 -0.600312 -0.959394 0.200639 0.198261 -0.221825 0.251571 0.290743 0.923136 0.382911 1 0 0 0 0 1 0 0 0 0 1 1.306 
1533297737107 0.127839 0.935395 -0.329687 -0.600247 -0.959397 0.2009 0.197983 -0.221882 0.251427 0.290991 0.923098 0.382928 0.313239 -0.3866 0.867422 0.386189 -0.93126 -0.304042 0.200784 -0.500185 0.18611 -0.870689 -0.455263 0.505382 
1533297737123 0.128103 0.935262 -0.329962 -0.600182 -0.959399 0.20116 0.197706 -0.22194 0.251282 0.291238 0.923059 0.382944 0.316244 -0.384866 0.867103 0.400216 -0.929998 -0.306258 0.203249 -0.504049 0.187334 -0.87068 -0.454777 0.486145 
1533297737140 0.128367 0.935129 -0.330237 -0.600117 -0.959402 0.20142 0.197428 -0.221997 0.251137 0.291487 0.92302 0.38296 0.316258 -0.384857 0.867102 0.400836 -0.929992 -0.306267 0.203261 -0.504368 0.187338 -0.870681 -0.454774 0.485921 
1533297737157 0.128631 0.934995 -0.330512 -0.600052 -0.959404 0.201679 0.197151 -0.222054 0.250992 0.291735 0.922981 0.382977 0.316239 -0.384881 0.867098 0.400855 -0.93 -0.306257 0.203241 -0.504361 0.187331 -0.870674 -0.454789 0.485943 
1533297737163 0.128895 0.934862 -0.330787 -0.599987 -0.959407 0.20194 0.196873 -0.222112 0.250848 0.291983 0.922942 0.382993 0.316214 -0.384899 0.867099 0.400827 -0.930009 -0.306245 0.203216 -0.504329 0.187327 -0.87067 -0.454799 0.48594 
1533297737177 0.129159 0.934728 -0.331061 -0.599921 -0.959409 0.202199 0.196595 -0.222169 0.250703 0.292231 0.922902 0.38301 0.3162 -0.384907 0.867101 0.400798 -0.930014 -0.306239 0.203202 -0.504306 0.187326 -0.870669 -0.454801 0.485922 
1533297737195 0.129423 0.934594 -0.331336 -0.599856 -0.959411 0.202459 0.196317 -0.222226 0.250559 0.292479 0.922863 0.383027 0.316197 -0.384904 0.867103 0.400778 -0.930014 -0.30624 0.2032 -0.504292 0.187329 -0.87067 -0.454799 0.485903 
1533297737210 0.129688 0.93446 -0.331611 -0.599792 -0.959413 0.202719 0.196039 -0.222284 0.250414 0.292728 0.922824 0.383043 0.316201 -0.384895 0.867106 0.400765 -0.930012 -0.306246 0.203202 -0.504277 0.187337 -0.870672 -0.454792 0.485883 
1533297737227 0.129951 0.934327 -0.331883 -0.599734 -0.959415 0.202978 0.195762 -0.222343 0.25027 0.292974 0.922784 0.383057 0.316123 -0.384928 0.86712 0.40068 -0.93004 -0.30621 0.20313 -0.504145 0.18733 -0.87067 -0.454798 0.485852 
1533297737255 0.128603 0.935156 -0.330068 -0.600076 -0.959153 0.201856 0.198191 -0.22234 0.251966 0.291098 0.922917 0.382997 1 0 0 0 0 1 0 0 0 0 1 1.306 
1533297737267 0.128781 0.935121 -0.330096 -0.60004 -0.959095 0.202067 0.198256 -0.222413 0.252095 0.291062 0.922893 0.382981 0.313239 -0.3866 0.867422 0.386189 -0.93126 -0.304042 0.200784 -0.500185 0.18611 -0.870689 -0.455263 0.505382 
1533297737284 0.12896 0.935087 -0.330124 -0.600003 -0.959037 0.202279 0.198322 -0.222486 0.252225 0.291025 0.922869 0.382965 0.316244 -0.384866 0.867103 0.400216 -0.929998 -0.306258 0.203249 -0.504049 0.187334 -0.87068 -0.454777 0.486145 
1533297737300 0.129138 0.935053 -0.330151 -0.599967 -0.958979 0.20249 0.198387 -0.22256 0.252355 0.290989 0.922845 0.382949 0.316258 -0.384857 0.867102 0.400836 -0.929992 -0.306267 0.203261 -0.504368 0.187338 -0.870681 -0.454774 0.485921 
1533297737317 0.129317 0.935018 -0.330179 -0.599931 -0.958921 0.202701 0.198453 -0.222633 0.252485 0.290952 0.922821 0.382933 0.316239 -0.384881 0.867098 0.400855 -0.93 -0.306257 0.203241 -0.504361 0.187331 -0.870674 -0.454789 0.485943 
1533297737334 0.129495 0.934984 -0.330207 -0.599895 -0.958862 0.202913 0.198518 -0.222706 0.252615 0.290916 0.922797 0.382917 0.316214 -0.384899 0.867099 0.400827 -0.930009 -0.306245 0.203216 -0.504329 0.187327 -0.87067 -0.454799 0.48594 
1533297737340 0.129674 0.934949 -0.330234 -0.599858 -0.958804 0.203124 0.198584 -0.222779 0.252744 0.290879 0.922773 0.382902 0.3162 -0.384907 0.867101 0.400798 -0.930014 -0.306239 0.203202 -0.504306 0.187326 -0.870669 -0.454801 0.485922 
1533297737354 0.129852 0.934915 -0.330262 -0.599822 -0.958746 0.203336 0.198649 -0.222852 0.252874 0.290842 0.922749 0.382886 0.316197 -0.384904 0.867103 0.400778 -0.930014 -0.30624 0.2032 -0.504292 0.187329 -0.87067 -0.454799 0.485903 
1533297737370 0.130031 0.93488 -0.330289 -0.599786 -0.958687 0.203547 0.198715 -0.222926 0.253004 0.290805 0.922725 0.38287 0.316201 -0.384895 0.867106 0.400765 -0.930012 -0.306246 0.203202 -0.504277 0.187337 -0.870672 -0.454792 0.485883 
1533297737387 0.130209 0.934845 -0.330317 -0.599752 -0.958629 0.203759 0.19878 -0.222998 0.253133 0.290769 0.922701 0.382854 0.316123 -0.384928 0.86712 0.40068 -0.93004 -0.30621 0.20313 -0.504145 0.18733 -0.87067 -0.454798 0.485852 
1533297737412 0.129456 0.934444 -0.331747 -0.599839 -0.959394 0.202591 0.196265 -0.222094 0.250607 0.292869 0.922726 0.383049 1 0 0 0 0 1 0 0 0 0 1 1.306 
1533297737424 0.129588 0.934437 -0.331715 -0.599823 -0.959276 0.202824 0.1966 -0.222152 0.25099 0.292729 0.922667 0.383007 0.313239 -0.3866 0.867422 0.386189 -0.93126 -0.304042 0.200784 -0.500185 0.18611 -0.870689 -0.455263 0.505382 
1533297737442 0.12972 0.934431 -0.331681 -0.599808 -0.959158 0.203056 0.196935 -0.222211 0.251372 0.292588 0.922607 0.382964 0.316244 -0.384866 0.867103 0.400216 -0.929998 -0.306258 0.203249 -0.504049 0.187334 -0.87068 -0.454777 0.486145 
1533297737457 0.129853 0.934424 -0.331648 -0.599792 -0.95904 0.203289 0.197271 -0.222269 0.251755 0.292447 0.922548 0.382922 0.316258 -0.384857 0.867102 0.400836 -0.929992 -0.306267 0.203261 -0.504368 0.187338 -0.870681 -0.454774 0.485921 
1533297737474 0.129985 0.934417 -0.331615 -0.599776 -0.958922 0.203522 0.197605 -0.222328 0.252137 0.292307 0.922488 0.382879 0.316239 -0.384881 0.867098 0.400855 -0.93 -0.306257 0.203241 -0.504361 0.187331 -0.870674 -0.454789 0.485943 
1533297737491 0.130118 0.93441 -0.331582 -0.599761 -0.958803 0.203755 0.19794 -0.222387 0.252519 0.292166 0.922428 0.382837 0.316214 -0.384899 0.867099 0.400827 -0.930009 -0.306245 0.203216 -0.504329 0.187327 -0.87067 -0.454799 0.48594 
1533297737507 0.13025 0.934404 -0.331548 -0.599745 -0.958685 0.203987 0.198275 -0.222445 0.252901 0.292025 0.922368 0.382795 0.3162 -0.384907 0.867101 0.400798 -0.930014 -0.306239 0.203202 -0.504306 0.187326 -0.870669 -0.454801 0.485922 
1533297737524 0.130382 0.934397 -0.331515 -0.599729 -0.958566 0.20422 0.19861 -0.222503 0.253283 0.291884 0.922308 0.382752 0.316197 -0.384904 0.867103 0.400778 -0.930014 -0.30624 0.2032 -0.504292 0.187329 -0.87067 -0.454799 0.485903 
1533297737540 0.130515 0.93439 -0.331482 -0.599713 -0.958447 0.204452 0.198945 -0.222562 0.253665 0.291743 0.922247 0.38271 0.316201 -0.384895 0.867106 0.400765 -0.930012 -0.306246 0.203202 -0.504277 0.187337 -0.870672 -0.454792 0.485883 
1533297737557 0.130648 0.934383 -0.33145 -0.599698 -0.958328 0.204685 0.199279 -0.222618 0.254046 0.291602 0.922187 0.382669 0.316123 -0.384928 0.86712 0.40068 -0.93004 -0.30621 0.20313 -0.504145 0.18733 -0.87067 -0.454798 0.485852 
1533297737583 0.129934 0.934739 -0.330726 -0.599767 -0.958708 0.203541 0.19862 -0.222486 0.252974 0.291262 0.922589 0.382917 1 0 0 0 0 1 0 0 0 0 1 1.306 
1533297737594 0.130007 0.934755 -0.330653 -0.599765 -0.95858 0.203729 0.199046 -0.22255 0.253423 0.29108 0.922523 0.382892 0.313239 -0.3866 0.867422 0.386189 -0.93126 -0.304042 0.200784 -0.500185 0.18611 -0.870689 -0.455263 0.505382 
1533297737610 0.130079 0.93477 -0.330581 -0.599763 -0.958451 0.203917 0.199472 -0.222613 0.253872 0.290899 0.922457 0.382867 0.316244 -0.384866 0.867103 0.400216 -0.929998 -0.306258 0.203249 -0.504049 0.187334 -0.87068 -0.454777 0.486145 
1533297737627 0.130151 0.934786 -0.330508 -0.599762 -0.958323 0.204105 0.199898 -0.222677 0.25432 0.290717 0.922391 0.382842 0.316258 -0.384857 0.867102 0.400836 -0.929992 -0.306267 0.203261 -0.504368 0.187338 -0.870681 -0.454774 0.485921 
1533297737644 0.130223 0.934802 -0.330436 -0.59976 -0.958194 0.204292 0.200324 -0.22274 0.254769 0.290535 0.922324 0.382817 0.316239 -0.384881 0.867098 0.400855 -0.93 -0.306257 0.203241 -0.504361 0.187331 -0.870674 -0.454789 0.485943 
1533297737660 0.130295 0.934817 -0.330363 -0.599758 -0.958065 0.20448 0.20075 -0.222804 0.255217 0.290353 0.922258 0.382792 0.316214 -0.384899 0.867099 0.400827 -0.930009 -0.306245 0.203216 -0.504329 0.187327 -0.87067 -0.454799 0.48594 
1533297737677 0.130367 0.934833 -0.330291 -0.599756 -0.957935 0.204667 0.201176 -0.222868 0.255665 0.290171 0.922191 0.382768 0.3162 -0.384907 0.867101 0.400798 -0.930014 -0.306239 0.203202 -0.504306 0.187326 -0.870669 -0.454801 0.485922 
1533297737694 0.130439 0.934848 -0.330219 -0.599754 -0.957806 0.204854 0.201601 -0.222931 0.256113 0.289989 0.922124 0.382743 0.316197 -0.384904 0.867103 0.400778 -0.930014 -0.30624 0.2032 -0.504292 0.187329 -0.87067 -0.454799 0.485903 
1533297737710 0.130511 0.934864 -0.330147 -0.599752 -0.957676 0.205042 0.202027 -0.222995 0.256561 0.289807 0.922057 0.382718 0.316201 -0.384895 0.867106 0.400765 -0.930012 -0.306246 0.203202 -0.504277 0.187337 -0.870672 -0.454792 0.485883 
1533297737717 0.130584 0.934879 -0.330075 -0.599749 -0.957546 0.205229 0.202452 -0.223055 0.257009 0.289625 0.921989 0.382695 0.316123 -0.384928 0.86712 0.40068 -0.93004 -0.30621 0.20313 -0.504145 0.18733 -0.87067 -0.454798 0.485852 
1533297737740 0.1304 0.93452 -0.331162 -0.599751 -0.958443 0.2043 0.199121 -0.222638 0.253739 0.291435 0.922324 0.382707 1 0 0 0 0 1 0 0 0 0 1 1.306 
1533297737751 0.130606 0.934574 -0.330929 -0.599762 -0.958374 0.204488 0.199257 -0.222663 0.253892 0.291129 0.922379 0.382644 0.313239 -0.3866 0.867422 0.386189 -0.93126 -0.304042 0.200784 -0.500185 0.18611 -0.870689 -0.455263 0.505382 
1533297737767 0.130812 0.934628 -0.330695 -0.599774 -0.958306 0.204676 0.199393 -0.222689 0.254044 0.290824 0.922433 0.382582 0.316244 -0.384866 0.867103 0.400216 -0.929998 -0.306258 0.203249 -0.504049 0.187334 -0.87068 -0.454777 0.486145 
1533297737784 0.131018 0.934682 -0.330461 -0.599785 -0.958238 0.204864 0.199529 -0.222714 0.254195 0.290518 0.922488 0.382519 0.316258 -0.384857 0.867102 0.400836 -0.929992 -0.306267 0.203261 -0.504368 0.187338 -0.870681 -0.454774 0.485921 
1533297737801 0.131224 0.934735 -0.330227 -0.599797 -0.958169 0.205052 0.199664 -0.222739 0.254347 0.290213 0.922542 0.382457 0.316239 -0.384881 0.867098 0.400855 -0.93 -0.306257 0.203241 -0.504361 0.187331 -0.870674 -0.454789 0.485943 
1533297737817 0.13143 0.934789 -0.329993 -0.599808 -0.958101 0.205239 0.1998 -0.222764 0.254498 0.289907 0.922597 0.382394 0.316214 -0.384899 0.867099 0.400827 -0.930009 -0.306245 0.203216 -0.504329 0.187327 -0.87067 -0.454799 0.48594 
1533297737834 0.131636 0.934843 -0.329759 -0.599819 -0.958032 0.205427 0.199936 -0.22279 0.25465 0.289601 0.922651 0.382331 0.3162 -0.384907 0.867101 0.400798 -0.930014 -0.306239 0.203202 -0.504306 0.187326 -0.870669 -0.454801 0.485922 
1533297737851 0.131842 0.934896 -0.329526 -0.599831 -0.957964 0.205615 0.200071 -0.222815 0.254801 0.289296 0.922705 0.382269 0.316197 -0.384904 0.867103 0.400778 -0.930014 -0.30624 0.2032 -0.504292 0.187329 -0.87067 -0.454799 0.485903 
1533297737867 0.132048 0.934949 -0.329292 -0.599842 -0.957895 0.205802 0.200207 -0.22284 0.254952 0.28899 0.922759 0.382206 0.316201 -0.384895 0.867106 0.400765 -0.930012 -0.306246 0.203202 -0.504277 0.187337 -0.870672 -0.454792 0.485883 
1533297737884 0.132254 0.935002 -0.329059 -0.59985 -0.957826 0.20599 0.200342 -0.222864 0.255103 0.288685 0.922813 0.382147 0.316123 -0.384928 0.86712 0.40068 -0.93004 -0.30621 0.20313 -0.504145 0.18733 -0.87067 -0.454798 0.485852 
1533297737909 0.130521 0.934875 -0.330112 -0.599746 -0.957697 0.205018 0.201951 -0.222765 0.256478 0.289788 0.922086 0.382621 1 0 0 0 0 1 0 0 0 0 1 1.306 
1533297737921 0.130519 0.93483 -0.330238 -0.599741 -0.957602 0.205151 0.202268 -0.222797 0.256835 0.289837 0.921971 0.382621 0.313239 -0.3866 0.867422 0.386189 -0.93126 -0.304042 0.200784 -0.500185 0.18611 -0.870689 -0.455263 0.505382 
1533297737927 0.130515 0.934786 -0.330365 -0.599737 -0.957506 0.205284 0.202586 -0.222829 0.257193 0.289886 0.921856 0.382621 0.316244 -0.384866 0.867103 0.400216 -0.929998 -0.306258 0.203249 -0.504049 0.187334 -0.87068 -0.454777 0.486145 
1533297737941 0.130512 0.934741 -0.330492 -0.599732 -0.95741 0.205417 0.202904 -0.222861 0.257551 0.289935 0.92174 0.38262 0.316258 -0.384857 0.867102 0.400836 -0.929992 -0.306267 0.203261 -0.504368 0.187338 -0.870681 -0.454774 0.485921 
1533297737948 0.130509 0.934697 -0.330619 -0.599728 -0.957314 0.20555 0.203222 -0.222893 0.25791 0.289984 0.921625 0.38262 0.316239 -0.384881 0.867098 0.400855 -0.93 -0.306257 0.203241 -0.504361 0.187331 -0.870674 -0.454789 0.485943 
1533297737961 0.130505 0.934653 -0.330746 -0.599723 -0.957218 0.205683 0.20354 -0.222925 0.258268 0.290033 0.921509 0.38262 0.316214 -0.384899 0.867099 0.400827 -0.930009 -0.306245 0.203216 -0.504329 0.187327 -0.87067 -0.454799 0.48594 
1533297737978 0.130502 0.934608 -0.330872 -0.599718 -0.957122 0.205816 0.203858 -0.222958 0.258626 0.290081 0.921393 0.38262 0.3162 -0.384907 0.867101 0.400798 -0.930014 -0.306239 0.203202 -0.504306 0.187326 -0.870669 -0.454801 0.485922 
1533297737994 0.130498 0.934564 -0.330999 -0.599714 -0.957025 0.205949 0.204176 -0.22299 0.258985 0.29013 0.921277 0.38262 0.316197 -0.384904 0.867103 0.400778 -0.930014 -0.30624 0.2032 -0.504292 0.187329 -0.87067 -0.454799 0.485903 
1533297738011 0.130495 0.93452 -0.331126 -0.599709 -0.956929 0.206082 0.204494 -0.223022 0.259343 0.290178 0.921161 0.382619 0.316201 -0.384895 0.867106 0.400765 -0.930012 -0.306246 0.203202 -0.504277 0.187337 -0.870672 -0.454792 0.485883 
1533297738028 0.130491 0.934475 -0.331253 -0.599706 -0.956832 0.206215 0.204811 -0.223053 0.2597 0.290227 0.921045 0.382619 0.316123 -0.384928 0.86712 0.40068 -0.93004 -0.30621 0.20313 -0.504145 0.18733 -0.87067 -0.454798 0.485852 
1533297738056 0.131777 0.935137 -0.328868 -0.599748 -0.957885 0.205512 0.20055 -0.222851 0.255128 0.28859 0.922835 0.382395 1 0 0 0 0 1 0 0 0 0 1 1.306 
1533297738068 0.131822 0.935152 -0.328807 -0.599754 -0.957848 0.205576 0.200663 -0.22286 0.255245 0.288496 0.922833 0.382354 0.313239 -0.3866 0.867422 0.386189 -0.93126 -0.304042 0.200784 -0.500185 0.18611 -0.870689 -0.455263 0.505382 
1533297738085 0.131865 0.935167 -0.328746 -0.59976 -0.957811 0.205638 0.200777 -0.222869 0.255363 0.288401 0.92283 0.382314 0.316244 -0.384866 0.867103 0.400216 -0.929998 -0.306258 0.203249 -0.504049 0.187334 -0.87068 -0.454777 0.486145 
1533297738101 0.131909 0.935183 -0.328685 -0.599766 -0.957774 0.205701 0.20089 -0.222878 0.25548 0.288306 0.922827 0.382273 0.316258 -0.384857 0.867102 0.400836 -0.929992 -0.306267 0.203261 -0.504368 0.187338 -0.870681 -0.454774 0.485921 
1533297738118 0.131952 0.935198 -0.328623 -0.599772 -0.957736 0.205763 0.201004 -0.222887 0.255597 0.288211 0.922824 0.382233 0.316239 -0.384881 0.867098 0.400855 -0.93 -0.306257 0.203241 -0.504361 0.187331 -0.870674 -0.454789 0.485943 
1533297738134 0.131995 0.935214 -0.328561 -0.599778 -0.957699 0.205826 0.201118 -0.222896 0.255714 0.288116 0.922821 0.382192 0.316214 -0.384899 0.867099 0.400827 -0.930009 -0.306245 0.203216 -0.504329 0.187327 -0.87067 -0.454799 0.48594 
1533297738151 0.132038 0.935229 -0.328499 -0.599784 -0.957662 0.205888 0.201231 -0.222905 0.255832 0.288021 0.922819 0.382152 0.3162 -0.384907 0.867101 0.400798 -0.930014 -0.306239 0.203202 -0.504306 0.187326 -0.870669 -0.454801 0.485922 
1533297738168 0.132082 0.935245 -0.328438 -0.59979 -0.957624 0.205951 0.201345 -0.222914 0.255949 0.287926 0.922816 0.382112 0.316197 -0.384904 0.867103 0.400778 -0.930014 -0.30624 0.2032 -0.504292 0.187329 -0.87067 -0.454799 0.485903 
1533297738184 0.132125 0.93526 -0.328377 -0.599796 -0.957587 0.206013 0.201458 -0.222923 0.256066 0.287832 0.922813 0.382071 0.316201 -0.384895 0.867106 0.400765 -0.930012 -0.306246 0.203202 -0.504277 0.187337 -0.870672 -0.454792 0.485883 
1533297738201 0.132169 0.935276 -0.328316 -0.5998 -0.95755 0.206075 0.201572 -0.222931 0.256183 0.287737 0.92281 0.382032 0.316123 -0.384928 0.86712 0.40068 -0.93004 -0.30621 0.20313 -0.504145 0.18733 -0.87067 -0.454798 0.485852 
1533297738228 0.130953 0.934572 -0.330795 -0.599828 -0.957226 0.206033 0.203149 -0.222908 0.258012 0.290043 0.921577 0.382505 1 0 0 0 0 1 0 0 0 0 1 1.306 
1533297738241 0.130995 0.934504 -0.330973 -0.599825 -0.957243 0.206084 0.203014 -0.222905 0.257925 0.290228 0.921543 0.382523 0.313239 -0.3866 0.867422 0.386189 -0.93126 -0.304042 0.200784 -0.500185 0.18611 -0.870689 -0.455263 0.505382 
1533297738258 0.131038 0.934434 -0.331152 -0.599823 -0.957261 0.206136 0.202878 -0.222902 0.257839 0.290414 0.921509 0.382541 0.316244 -0.384866 0.867103 0.400216 -0.929998 -0.306258 0.203249 -0.504049 0.187334 -0.87068 -0.454777 0.486145 
1533297738275 0.13108 0.934365 -0.33133 -0.59982 -0.957278 0.206188 0.202742 -0.222899 0.257752 0.290599 0.921475 0.382559 0.316258 -0.384857 0.867102 0.400836 -0.929992 -0.306267 0.203261 -0.504368 0.187338 -0.870681 -0.454774 0.485921 
1533297738293 0.131123 0.934296 -0.331507 -0.599817 -0.957296 0.20624 0.202607 -0.222896 0.257665 0.290784 0.921441 0.382577 0.316239 -0.384881 0.867098 0.400855 -0.93 -0.306257 0.203241 -0.504361 0.187331 -0.870674 -0.454789 0.485943 
