1533559954418 0.103297 0.943539 -0.314745 -0.603801 -0.95832 0.179152 0.222546 -0.226207 0.266368 0.278638 0.922718 0.380977 1 0 0 0 0 1 0 0 0 0 1 1.306 
1533559954430 0.101764 0.943699 -0.314763 -0.60389 -0.959004 0.177184 0.221172 -0.226393 0.26449 0.279352 0.923042 0.380996 0.313239 -0.3866 0.867422 0.386189 -0.93126 -0.304042 0.200784 -0.500185 0.18611 -0.870689 -0.455263 0.505382 
1533559954677 0.100229 0.943857 -0.314782 -0.603979 -0.959682 0.175214 0.219798 -0.226579 0.262612 0.280061 0.923364 0.381015 0.316244 -0.384866 0.867103 0.400216 -0.929998 -0.306258 0.203249 -0.504049 0.187334 -0.87068 -0.454777 0.486145 
1533559954928 0.0986957 0.944011 -0.314805 -0.604068 -0.960353 0.173243 0.218424 -0.226765 0.260732 0.280766 0.923682 0.381035 0.316258 -0.384857 0.867102 0.400836 -0.929992 -0.306267 0.203261 -0.504368 0.187338 -0.870681 -0.454774 0.485921 
1533559955159 0.0971609 0.944162 -0.314829 -0.604157 -0.961018 0.17127 0.217049 -0.226951 0.258851 0.281467 0.923998 0.381054 0.316239 -0.384881 0.867098 0.400855 -0.93 -0.306257 0.203241 -0.504361 0.187331 -0.870674 -0.454789 0.485943 
1533559955388 0.0956263 0.94431 -0.314855 -0.604246 -0.961678 0.169296 0.215674 -0.227137 0.256967 0.282165 0.924311 0.381073 0.316214 -0.384899 0.867099 0.400827 -0.930009 -0.306245 0.203216 -0.504329 0.187327 -0.87067 -0.454799 0.48594 
1533559955395 0.0940909 0.944455 -0.314883 -0.604336 -0.962331 0.167319 0.214298 -0.227323 0.255081 0.282858 0.924621 0.381092 0.3162 -0.384907 0.867101 0.400798 -0.930014 -0.306239 0.203202 -0.504306 0.187326 -0.870669 -0.454801 0.485922 
1533559955686 0.0925558 0.944596 -0.314914 -0.604425 -0.962978 0.165342 0.212922 -0.227509 0.253194 0.283548 0.924929 0.381111 0.316197 -0.384904 0.867103 0.400778 -0.930014 -0.30624 0.2032 -0.504292 0.187329 -0.87067 -0.454799 0.485903 
1533559955924 0.0910203 0.944735 -0.314947 -0.604513 -0.963619 0.163363 0.211545 -0.227695 0.251304 0.284234 0.925233 0.381131 0.316201 -0.384895 0.867106 0.400765 -0.930012 -0.306246 0.203202 -0.504277 0.187337 -0.870672 -0.454792 0.485883 
1533559956181 0.0894854 0.94487 -0.314982 -0.604594 -0.964253 0.161383 0.21017 -0.227878 0.249416 0.284915 0.925535 0.381148 0.316123 -0.384928 0.86712 0.40068 -0.93004 -0.30621 0.20313 -0.504145 0.18733 -0.87067 -0.454798 0.485852 
1533559956421 0.0896913 0.944882 -0.314887 -0.604577 -0.964194 0.161599 0.210273 -0.22792 0.249569 0.284752 0.925544 0.381203 1 0 0 0 0 1 0 0 0 0 1 1.306 
1533559956434 0.0895193 0.944894 -0.3149 -0.604588 -0.964263 0.161382 0.210126 -0.227935 0.249365 0.284836 0.925573 0.3812 0.313239 -0.3866 0.867422 0.386189 -0.93126 -0.304042 0.200784 -0.500185 0.18611 -0.870689 -0.455263 0.505382 
1533559956576 0.0893466 0.944906 -0.314913 -0.6046 -0.964332 0.161164 0.209977 -0.22795 0.249161 0.28492 0.925602 0.381196 0.316244 -0.384866 0.867103 0.400216 -0.929998 -0.306258 0.203249 -0.504049 0.187334 -0.87068 -0.454777 0.486145 
1533559956695 0.0891749 0.944918 -0.314926 -0.604612 -0.9644 0.160946 0.209829 -0.227964 0.248957 0.285003 0.925631 0.381193 0.316258 -0.384857 0.867102 0.400836 -0.929992 -0.306267 0.203261 -0.504368 0.187338 -0.870681 -0.454774 0.485921 
1533559956824 0.0890022 0.94493 -0.314939 -0.604623 -0.964469 0.160728 0.209681 -0.227979 0.248753 0.285087 0.925661 0.381189 0.316239 -0.384881 0.867098 0.400855 -0.93 -0.306257 0.203241 -0.504361 0.187331 -0.870674 -0.454789 0.485943 
1533559956938 0.0888303 0.944941 -0.314952 -0.604634 -0.964538 0.16051 0.209532 -0.227994 0.248549 0.28517 0.92569 0.381186 0.316214 -0.384899 0.867099 0.400827 -0.930009 -0.306245 0.203216 -0.504329 0.187327 -0.87067 -0.454799 0.48594 
1533559957025 0.0886584 0.944953 -0.314966 -0.604646 -0.964606 0.160293 0.209384 -0.228009 0.248345 0.285254 0.925719 0.381183 0.3162 -0.384907 0.867101 0.400798 -0.930014 -0.306239 0.203202 -0.504306 0.187326 -0.870669 -0.454801 0.485922 
1533559957103 0.0884865 0.944965 -0.314979 -0.604657 -0.964674 0.160075 0.209236 -0.228024 0.248141 0.285337 0.925748 0.381179 0.316197 -0.384904 0.867103 0.400778 -0.930014 -0.30624 0.2032 -0.504292 0.187329 -0.87067 -0.454799 0.485903 
1533559957236 0.0883137 0.944977 -0.314992 -0.604669 -0.964743 0.159857 0.209087 -0.228038 0.247936 0.285421 0.925777 0.381176 0.316201 -0.384895 0.867106 0.400765 -0.930012 -0.306246 0.203202 -0.504277 0.187337 -0.870672 -0.454792 0.485883 
1533559957377 0.0881417 0.944988 -0.315005 -0.604679 -0.964811 0.159639 0.20894 -0.228053 0.247733 0.285504 0.925806 0.381172 0.316123 -0.384928 0.86712 0.40068 -0.93004 -0.30621 0.20313 -0.504145 0.18733 -0.87067 -0.454798 0.485852 
1533559957523 0.0882538 0.944944 -0.315108 -0.604673 -0.964767 0.159805 0.209015 -0.228096 0.247863 0.285559 0.925754 0.381119 1 0 0 0 0 1 0 0 0 0 1 1.306 
1533559957536 0.0884462 0.944891 -0.315211 -0.604672 -0.964871 0.159866 0.208486 -0.228062 0.247388 0.285698 0.925838 0.381092 0.313239 -0.3866 0.867422 0.386189 -0.93126 -0.304042 0.200784 -0.500185 0.18611 -0.870689 -0.455263 0.505382 
1533559957868 0.0886376 0.944839 -0.315313 -0.604672 -0.964975 0.159926 0.207957 -0.228028 0.246913 0.285837 0.925922 0.381065 0.316244 -0.384866 0.867103 0.400216 -0.929998 -0.306258 0.203249 -0.504049 0.187334 -0.87068 -0.454777 0.486145 
1533559958024 0.0888293 0.944787 -0.315416 -0.604672 -0.965079 0.159987 0.207428 -0.227994 0.246438 0.285976 0.926006 0.381038 0.316258 -0.384857 0.867102 0.400836 -0.929992 -0.306267 0.203261 -0.504368 0.187338 -0.870681 -0.454774 0.485921 
1533559958186 0.0890209 0.944734 -0.315519 -0.604671 -0.965183 0.160047 0.206899 -0.22796 0.245962 0.286115 0.926089 0.381011 0.316239 -0.384881 0.867098 0.400855 -0.93 -0.306257 0.203241 -0.504361 0.187331 -0.870674 -0.454789 0.485943 
1533559958353 0.0892128 0.944682 -0.315622 -0.604671 -0.965286 0.160107 0.20637 -0.227926 0.245487 0.286254 0.926172 0.380984 0.316214 -0.384899 0.867099 0.400827 -0.930009 -0.306245 0.203216 -0.504329 0.187327 -0.87067 -0.454799 0.48594 
1533559958515 0.0894045 0.94463 -0.315724 -0.60467 -0.965389 0.160167 0.20584 -0.227892 0.245012 0.286394 0.926255 0.380957 0.3162 -0.384907 0.867101 0.400798 -0.930014 -0.306239 0.203202 -0.504306 0.187326 -0.870669 -0.454801 0.485922 
1533559958690 0.0895962 0.944577 -0.315826 -0.60467 -0.965492 0.160227 0.205311 -0.227858 0.244536 0.286533 0.926337 0.38093 0.316197 -0.384904 0.867103 0.400778 -0.930014 -0.30624 0.2032 -0.504292 0.187329 -0.87067 -0.454799 0.485903 
1533559958837 0.0897881 0.944525 -0.315928 -0.604669 -0.965594 0.160287 0.204782 -0.227824 0.244061 0.286672 0.92642 0.380903 0.316201 -0.384895 0.867106 0.400765 -0.930012 -0.306246 0.203202 -0.504277 0.187337 -0.870672 -0.454792 0.485883 
1533559958999 0.0899796 0.944473 -0.31603 -0.604671 -0.965696 0.160347 0.204254 -0.227793 0.243587 0.286811 0.926502 0.380875 0.316123 -0.384928 0.86712 0.40068 -0.93004 -0.30621 0.20313 -0.504145 0.18733 -0.87067 -0.454798 0.485852 
1533559959176 0.0900216 0.944434 -0.316135 -0.604681 -0.965667 0.160439 0.20432 -0.227852 0.243687 0.286888 0.926451 0.38086 1 0 0 0 0 1 0 0 0 0 1 1.306 
1533559959187 0.0901755 0.944447 -0.316051 -0.604686 -0.965703 0.160504 0.204097 -0.227836 0.243487 0.286807 0.926529 0.380862 0.313239 -0.3866 0.867422 0.386189 -0.93126 -0.304042 0.200784 -0.500185 0.18611 -0.870689 -0.455263 0.505382 
1533559959383 0.0903295 0.94446 -0.315967 -0.604692 -0.965739 0.16057 0.203874 -0.22782 0.243286 0.286726 0.926607 0.380864 0.316244 -0.384866 0.867103 0.400216 -0.929998 -0.306258 0.203249 -0.504049 0.187334 -0.87068 -0.454777 0.486145 
1533559959595 0.0904827 0.944474 -0.315883 -0.604697 -0.965775 0.160636 0.203652 -0.227804 0.243086 0.286645 0.926684 0.380866 0.316258 -0.384857 0.867102 0.400836 -0.929992 -0.306267 0.203261 -0.504368 0.187338 -0.870681 -0.454774 0.485921 
1533559959731 0.0906369 0.944487 -0.315799 -0.604702 -0.965811 0.160702 0.203428 -0.227788 0.242885 0.286565 0.926762 0.380868 0.316239 -0.384881 0.867098 0.400855 -0.93 -0.306257 0.203241 -0.504361 0.187331 -0.870674 -0.454789 0.485943 
1533559959899 0.0907903 0.9445 -0.315715 -0.604708 -0.965847 0.160767 0.203206 -0.227772 0.242685 0.286484 0.926839 0.38087 0.316214 -0.384899 0.867099 0.400827 -0.930009 -0.306245 0.203216 -0.504329 0.187327 -0.87067 -0.454799 0.48594 
1533559960028 0.0909435 0.944514 -0.315631 -0.604713 -0.965883 0.160833 0.202983 -0.227756 0.242484 0.286403 0.926917 0.380872 0.3162 -0.384907 0.867101 0.400798 -0.930014 -0.306239 0.203202 -0.504306 0.187326 -0.870669 -0.454801 0.485922 
1533559960196 0.0910978 0.944527 -0.315547 -0.604718 -0.965919 0.160899 0.20276 -0.22774 0.242283 0.286322 0.926994 0.380874 0.316197 -0.384904 0.867103 0.400778 -0.930014 -0.30624 0.2032 -0.504292 0.187329 -0.87067 -0.454799 0.485903 
1533559960346 0.0912512 0.94454 -0.315463 -0.604723 -0.965955 0.160965 0.202537 -0.227724 0.242083 0.286241 0.927072 0.380876 0.316201 -0.384895 0.867106 0.400765 -0.930012 -0.306246 0.203202 -0.504277 0.187337 -0.870672 -0.454792 0.485883 
1533559960475 0.0914047 0.944553 -0.315379 -0.604728 -0.965991 0.16103 0.202315 -0.227709 0.241883 0.286161 0.927149 0.380878 0.316123 -0.384928 0.86712 0.40068 -0.93004 -0.30621 0.20313 -0.504145 0.18733 -0.87067 -0.454798 0.485852 
1533559960617 0.0914906 0.944524 -0.315441 -0.604716 -0.96597 0.161139 0.202327 -0.227774 0.241933 0.286196 0.927125 0.380907 1 0 0 0 0 1 0 0 0 0 1 1.306 
1533559960630 0.0914145 0.944506 -0.315519 -0.604711 -0.965954 0.161112 0.202426 -0.227771 0.242027 0.286272 0.927077 0.380916 0.313239 -0.3866 0.867422 0.386189 -0.93126 -0.304042 0.200784 -0.500185 0.18611 -0.870689 -0.455263 0.505382 
1533559960647 0.091336 0.944487 -0.315599 -0.604706 -0.965937 0.161084 0.202527 -0.227768 0.242122 0.28635 0.927028 0.380926 0.316244 -0.384866 0.867103 0.400216 -0.929998 -0.306258 0.203249 -0.504049 0.187334 -0.87068 -0.454777 0.486145 
1533559960862 0.0912581 0.944468 -0.315677 -0.604701 -0.965921 0.161057 0.202627 -0.227766 0.242217 0.286428 0.926979 0.380935 0.316258 -0.384857 0.867102 0.400836 -0.929992 -0.306267 0.203261 -0.504368 0.187338 -0.870681 -0.454774 0.485921 
1533559960991 0.0911802 0.944449 -0.315756 -0.604696 -0.965904 0.161029 0.202727 -0.227763 0.242311 0.286505 0.92693 0.380944 0.316239 -0.384881 0.867098 0.400855 -0.93 -0.306257 0.203241 -0.504361 0.187331 -0.870674 -0.454789 0.485943 
1533559961153 0.0911019 0.94443 -0.315835 -0.604692 -0.965888 0.161001 0.202827 -0.22776 0.242406 0.286583 0.926881 0.380953 0.316214 -0.384899 0.867099 0.400827 -0.930009 -0.306245 0.203216 -0.504329 0.187327 -0.87067 -0.454799 0.48594 
1533559961237 0.091024 0.944411 -0.315914 -0.604687 -0.965872 0.160973 0.202928 -0.227757 0.242501 0.286661 0.926833 0.380963 0.3162 -0.384907 0.867101 0.400798 -0.930014 -0.306239 0.203202 -0.504306 0.187326 -0.870669 -0.454801 0.485922 
1533559961351 0.090946 0.944393 -0.315993 -0.604682 -0.965855 0.160946 0.203028 -0.227754 0.242595 0.286739 0.926784 0.380972 0.316197 -0.384904 0.867103 0.400778 -0.930014 -0.30624 0.2032 -0.504292 0.187329 -0.87067 -0.454799 0.485903 
1533559961445 0.0908677 0.944374 -0.316072 -0.604677 -0.965839 0.160918 0.203128 -0.227752 0.24269 0.286817 0.926735 0.380981 0.316201 -0.384895 0.867106 0.400765 -0.930012 -0.306246 0.203202 -0.504277 0.187337 -0.870672 -0.454792 0.485883 
1533559961451 0.0907901 0.944355 -0.31615 -0.604673 -0.965822 0.16089 0.203228 -0.227749 0.242784 0.286894 0.926686 0.38099 0.316123 -0.384928 0.86712 0.40068 -0.93004 -0.30621 0.20313 -0.504145 0.18733 -0.87067 -0.454798 0.485852 
1533559961719 0.0906303 0.944386 -0.316102 -0.604688 -0.965843 0.160724 0.20326 -0.227698 0.242761 0.286884 0.926696 0.381008 1 0 0 0 0 1 0 0 0 0 1 1.306 
1533559961733 0.0906774 0.944367 -0.316146 -0.604685 -0.965886 0.160722 0.203059 -0.22768 0.242574 0.286949 0.926725 0.381 0.313239 -0.3866 0.867422 0.386189 -0.93126 -0.304042 0.200784 -0.500185 0.18611 -0.870689 -0.455263 0.505382 
1533559962053 0.0907251 0.944347 -0.316191 -0.604682 -0.965929 0.16072 0.202856 -0.227662 0.242385 0.287014 0.926754 0.380991 0.316244 -0.384866 0.867103 0.400216 -0.929998 -0.306258 0.203249 -0.504049 0.187334 -0.87068 -0.454777 0.486145 
1533559962266 0.0907728 0.944328 -0.316236 -0.604678 -0.965972 0.160718 0.202654 -0.227645 0.242197 0.287079 0.926783 0.380982 0.316258 -0.384857 0.867102 0.400836 -0.929992 -0.306267 0.203261 -0.504368 0.187338 -0.870681 -0.454774 0.485921 
1533559962422 0.0908202 0.944309 -0.31628 -0.604675 -0.966014 0.160716 0.202452 -0.227627 0.242008 0.287144 0.926812 0.380974 0.316239 -0.384881 0.867098 0.400855 -0.93 -0.306257 0.203241 -0.504361 0.187331 -0.870674 -0.454789 0.485943 
1533559962549 0.0908676 0.944289 -0.316324 -0.604672 -0.966057 0.160713 0.20225 -0.227609 0.24182 0.287209 0.926841 0.380966 0.316214 -0.384899 0.867099 0.400827 -0.930009 -0.306245 0.203216 -0.504329 0.187327 -0.87067 -0.454799 0.48594 
1533559962670 0.0909154 0.94427 -0.316369 -0.604669 -0.9661 0.160711 0.202048 -0.227591 0.241631 0.287275 0.92687 0.380957 0.3162 -0.384907 0.867101 0.400798 -0.930014 -0.306239 0.203202 -0.504306 0.187326 -0.870669 -0.454801 0.485922 
1533559962811 0.090963 0.94425 -0.316413 -0.604666 -0.966142 0.160709 0.201845 -0.227573 0.241443 0.28734 0.926899 0.380949 0.316197 -0.384904 0.867103 0.400778 -0.930014 -0.30624 0.2032 -0.504292 0.187329 -0.87067 -0.454799 0.485903 
1533559962924 0.0910104 0.944231 -0.316457 -0.604663 -0.966185 0.160707 0.201644 -0.227556 0.241255 0.287405 0.926928 0.38094 0.316201 -0.384895 0.867106 0.400765 -0.930012 -0.306246 0.203202 -0.504277 0.187337 -0.870672 -0.454792 0.485883 
1533559963054 0.0910577 0.944211 -0.316502 -0.60466 -0.966227 0.160705 0.201442 -0.227539 0.241067 0.28747 0.926956 0.380931 0.316123 -0.384928 0.86712 0.40068 -0.93004 -0.30621 0.20313 -0.504145 0.18733 -0.87067 -0.454798 0.485852 
1533559963138 0.0911196 0.944216 -0.316469 -0.604642 -0.966199 0.160782 0.201515 -0.227613 0.241157 0.28741 0.926951 0.380937 1 0 0 0 0 1 0 0 0 0 1 1.306 
1533559963150 0.0910074 0.944269 -0.316343 -0.60465 -0.966107 0.160772 0.201963 -0.227643 0.241567 0.287241 0.926897 0.380935 0.313239 -0.3866 0.867422 0.386189 -0.93126 -0.304042 0.200784 -0.500185 0.18611 -0.870689 -0.455263 0.505382 
1533559963391 0.0908959 0.944322 -0.316218 -0.604659 -0.966015 0.160763 0.202409 -0.227674 0.241976 0.287073 0.926842 0.380933 0.316244 -0.384866 0.867103 0.400216 -0.929998 -0.306258 0.203249 -0.504049 0.187334 -0.87068 -0.454777 0.486145 
1533559963550 0.0907843 0.944375 -0.316091 -0.604667 -0.965923 0.160754 0.202856 -0.227704 0.242385 0.286904 0.926788 0.38093 0.316258 -0.384857 0.867102 0.400836 -0.929992 -0.306267 0.203261 -0.504368 0.187338 -0.870681 -0.454774 0.485921 
1533559963716 0.090673 0.944428 -0.315966 -0.604675 -0.965831 0.160744 0.203302 -0.227734 0.242794 0.286735 0.926733 0.380928 0.316239 -0.384881 0.867098 0.400855 -0.93 -0.306257 0.203241 -0.504361 0.187331 -0.870674 -0.454789 0.485943 
1533559963898 0.0905614 0.944481 -0.315839 -0.604683 -0.965739 0.160734 0.203749 -0.227764 0.243203 0.286566 0.926678 0.380926 0.316214 -0.384899 0.867099 0.400827 -0.930009 -0.306245 0.203216 -0.504329 0.187327 -0.87067 -0.454799 0.48594 
1533559964080 0.0904501 0.944534 -0.315713 -0.604692 -0.965646 0.160725 0.204195 -0.227795 0.243612 0.286398 0.926623 0.380924 0.3162 -0.384907 0.867101 0.400798 -0.930014 -0.306239 0.203202 -0.504306 0.187326 -0.870669 -0.454801 0.485922 
1533559964236 0.090339 0.944587 -0.315587 -0.6047 -0.965553 0.160715 0.204641 -0.227825 0.244021 0.286229 0.926567 0.380922 0.316197 -0.384904 0.867103 0.400778 -0.930014 -0.30624 0.2032 -0.504292 0.187329 -0.87067 -0.454799 0.485903 
1533559964429 0.0902275 0.944639 -0.315461 -0.604708 -0.96546 0.160705 0.205088 -0.227855 0.24443 0.28606 0.926512 0.380919 0.316201 -0.384895 0.867106 0.400765 -0.930012 -0.306246 0.203202 -0.504277 0.187337 -0.870672 -0.454792 0.485883 
1533559964596 0.0901169 0.944692 -0.315335 -0.604714 -0.965367 0.160695 0.205533 -0.227883 0.244838 0.285892 0.926456 0.380919 0.316123 -0.384928 0.86712 0.40068 -0.93004 -0.30621 0.20313 -0.504145 0.18733 -0.87067 -0.454798 0.485852 
1533559964748 0.0900316 0.944665 -0.315441 -0.604714 -0.965399 0.160611 0.205448 -0.227842 0.244743 0.28603 0.926438 0.380867 1 0 0 0 0 1 0 0 0 0 1 1.306 
1533559964759 0.0900337 0.944699 -0.315337 -0.604718 -0.965433 0.16055 0.205335 -0.227836 0.244607 0.28595 0.926499 0.380852 0.313239 -0.3866 0.867422 0.386189 -0.93126 -0.304042 0.200784 -0.500185 0.18611 -0.870689 -0.455263 0.505382 
1533559965020 0.0900356 0.944734 -0.315232 -0.604722 -0.965467 0.160488 0.205222 -0.227831 0.244471 0.285868 0.92656 0.380837 0.316244 -0.384866 0.867103 0.400216 -0.929998 -0.306258 0.203249 -0.504049 0.187334 -0.87068 -0.454777 0.486145 
1533559965284 0.0900375 0.944769 -0.315127 -0.604727 -0.965501 0.160427 0.205109 -0.227825 0.244336 0.285788 0.92662 0.380823 0.316258 -0.384857 0.867102 0.400836 -0.929992 -0.306267 0.203261 -0.504368 0.187338 -0.870681 -0.454774 0.485921 
1533559965434 0.0900393 0.944803 -0.315023 -0.604731 -0.965536 0.160366 0.204997 -0.22782 0.244201 0.285708 0.926681 0.380808 0.316239 -0.384881 0.867098 0.400855 -0.93 -0.306257 0.203241 -0.504361 0.187331 -0.870674 -0.454789 0.485943 
1533559965441 0.0900411 0.944838 -0.314917 -0.604735 -0.96557 0.160305 0.204884 -0.227814 0.244066 0.285627 0.926741 0.380793 0.316214 -0.384899 0.867099 0.400827 -0.930009 -0.306245 0.203216 -0.504329 0.187327 -0.87067 -0.454799 0.48594 
1533559965636 0.0900429 0.944873 -0.314813 -0.604739 -0.965604 0.160244 0.204772 -0.227808 0.24393 0.285546 0.926802 0.380778 0.3162 -0.384907 0.867101 0.400798 -0.930014 -0.306239 0.203202 -0.504306 0.187326 -0.870669 -0.454801 0.485922 
1533559965719 0.0900447 0.944908 -0.314708 -0.604743 -0.965638 0.160183 0.204659 -0.227803 0.243795 0.285466 0.926862 0.380763 0.316197 -0.384904 0.867103 0.400778 -0.930014 -0.30624 0.2032 -0.504292 0.187329 -0.87067 -0.454799 0.485903 
1533559965851 0.0900465 0.944943 -0.314603 -0.604747 -0.965672 0.160122 0.204547 -0.227797 0.24366 0.285385 0.926923 0.380749 0.316201 -0.384895 0.867106 0.400765 -0.930012 -0.306246 0.203202 -0.504277 0.187337 -0.870672 -0.454792 0.485883 
1533559966134 0.0900481 0.944977 -0.314498 -0.60475 -0.965705 0.160061 0.204434 -0.227792 0.243525 0.285304 0.926983 0.380735 0.316123 -0.384928 0.86712 0.40068 -0.93004 -0.30621 0.20313 -0.504145 0.18733 -0.87067 -0.454798 0.485852 
1533559966263 0.090097 0.94499 -0.314447 -0.604743 -0.965692 0.160106 0.204464 -0.227838 0.243561 0.285237 0.926994 0.380791 1 0 0 0 0 1 0 0 0 0 1 1.306 
1533559966274 0.0901523 0.944943 -0.31457 -0.604736 -0.965722 0.160144 0.204293 -0.227825 0.243422 0.28537 0.92699 0.380807 0.313239 -0.3866 0.867422 0.386189 -0.93126 -0.304042 0.200784 -0.500185 0.18611 -0.870689 -0.455263 0.505382 
1533559966570 0.0902092 0.944897 -0.314694 -0.604729 -0.965751 0.160182 0.204122 -0.227812 0.243283 0.285503 0.926985 0.380823 0.316244 -0.384866 0.867103 0.400216 -0.929998 -0.306258 0.203249 -0.504049 0.187334 -0.87068 -0.454777 0.486145 
1533559966724 0.090266 0.94485 -0.314818 -0.604722 -0.965781 0.160221 0.203951 -0.227799 0.243144 0.285635 0.926981 0.380839 0.316258 -0.384857 0.867102 0.400836 -0.929992 -0.306267 0.203261 -0.504368 0.187338 -0.870681 -0.454774 0.485921 
1533559966870 0.0903226 0.944804 -0.314941 -0.604715 -0.965811 0.160259 0.20378 -0.227786 0.243004 0.285768 0.926977 0.380855 0.316239 -0.384881 0.867098 0.400855 -0.93 -0.306257 0.203241 -0.504361 0.187331 -0.870674 -0.454789 0.485943 
1533559966877 0.0903791 0.944757 -0.315065 -0.604707 -0.965841 0.160297 0.203609 -0.227772 0.242865 0.2859 0.926972 0.380871 0.316214 -0.384899 0.867099 0.400827 -0.930009 -0.306245 0.203216 -0.504329 0.187327 -0.87067 -0.454799 0.48594 
1533559967035 0.0904362 0.94471 -0.315189 -0.6047 -0.96587 0.160336 0.203438 -0.227759 0.242726 0.286033 0.926968 0.380887 0.3162 -0.384907 0.867101 0.400798 -0.930014 -0.306239 0.203202 -0.504306 0.187326 -0.870669 -0.454801 0.485922 
1533559967178 0.0904929 0.944664 -0.315312 -0.604693 -0.9659 0.160374 0.203267 -0.227746 0.242587 0.286166 0.926963 0.380903 0.316197 -0.384904 0.867103 0.400778 -0.930014 -0.30624 0.2032 -0.504292 0.187329 -0.87067 -0.454799 0.485903 
1533559967184 0.0905498 0.944617 -0.315435 -0.604686 -0.965929 0.160413 0.203096 -0.227733 0.242448 0.286298 0.926959 0.380919 0.316201 -0.384895 0.867106 0.400765 -0.930012 -0.306246 0.203202 -0.504277 0.187337 -0.870672 -0.454792 0.485883 
1533559967388 0.0906064 0.94457 -0.315559 -0.604682 -0.965959 0.160451 0.202926 -0.227722 0.242309 0.28643 0.926954 0.380934 0.316123 -0.384928 0.86712 0.40068 -0.93004 -0.30621 0.20313 -0.504145 0.18733 -0.87067 -0.454798 0.485852 
1533559967692 0.0906499 0.944577 -0.315526 -0.604694 -0.965937 0.160505 0.202986 -0.227687 0.24238 0.286377 0.926952 0.380888 1 0 0 0 0 1 0 0 0 0 1 1.306 
1533559967704 0.0906615 0.944581 -0.31551 -0.604694 -0.96597 0.160472 0.202855 -0.22768 0.242244 0.286382 0.926986 0.380885 0.313239 -0.3866 0.867422 0.386189 -0.93126 -0.304042 0.200784 -0.500185 0.18611 -0.870689 -0.455263 0.505382 
1533559967720 0.0906734 0.944585 -0.315495 -0.604695 -0.966003 0.16044 0.202724 -0.227673 0.242108 0.286388 0.92702 0.380882 0.316244 -0.384866 0.867103 0.400216 -0.929998 -0.306258 0.203249 -0.504049 0.187334 -0.87068 -0.454777 0.486145 
1533559967836 0.0906846 0.944589 -0.315481 -0.604696 -0.966036 0.160407 0.202593 -0.227666 0.241973 0.286393 0.927053 0.380879 0.316258 -0.384857 0.867102 0.400836 -0.929992 -0.306267 0.203261 -0.504368 0.187338 -0.870681 -0.454774 0.485921 
1533559968026 0.0906959 0.944593 -0.315466 -0.604696 -0.966069 0.160374 0.202463 -0.227659 0.241837 0.286399 0.927087 0.380876 0.316239 -0.384881 0.867098 0.400855 -0.93 -0.306257 0.203241 -0.504361 0.187331 -0.870674 -0.454789 0.485943 
1533559968153 0.0907075 0.944597 -0.315451 -0.604697 -0.966102 0.160342 0.202331 -0.227652 0.241701 0.286405 0.927121 0.380874 0.316214 -0.384899 0.867099 0.400827 -0.930009 -0.306245 0.203216 -0.504329 0.187327 -0.87067 -0.454799 0.48594 
1533559968305 0.0907188 0.9446 -0.315437 -0.604697 -0.966135 0.160309 0.202201 -0.227644 0.241566 0.286411 0.927154 0.380871 0.3162 -0.384907 0.867101 0.400798 -0.930014 -0.306239 0.203202 -0.504306 0.187326 -0.870669 -0.454801 0.485922 
1533559968461 0.0907301 0.944604 -0.315422 -0.604698 -0.966167 0.160276 0.20207 -0.227637 0.241431 0.286416 0.927188 0.380868 0.316197 -0.384904 0.867103 0.400778 -0.930014 -0.30624 0.2032 -0.504292 0.187329 -0.87067 -0.454799 0.485903 
1533559968578 0.0907413 0.944608 -0.315407 -0.604698 -0.9662 0.160243 0.201939 -0.22763 0.241295 0.286422 0.927221 0.380865 0.316201 -0.384895 0.867106 0.400765 -0.930012 -0.306246 0.203202 -0.504277 0.187337 -0.870672 -0.454792 0.485883 
