1535378987892 0.239257 0.926589 -0.290152 -0.63703 -0.937167 0.298527 0.180555 -0.243174 0.253919 0.228722 0.939793 0.375176 0.182713 -0.106677 0.977362 0.381454 -0.982174 0.0248428 0.186324 -0.486774 -0.0441569 -0.993983 -0.100236 0.441746 
1535378987902 0.240023 0.926805 -0.288827 -0.637121 -0.937562 0.298465 0.178593 -0.243047 0.251726 0.227927 0.940576 0.37494 0.179215 -0.108371 0.977823 0.38142 -0.982253 0.0361773 0.184037 -0.486338 -0.0553192 -0.993452 -0.099964 0.441548 
1535378988287 0.240786 0.92702 -0.287499 -0.637213 -0.937954 0.298404 0.17663 -0.24292 0.24953 0.227131 0.941353 0.374704 0.175696 -0.110023 0.978277 0.381384 -0.982197 0.0475114 0.181744 -0.485897 -0.0664753 -0.992793 -0.099717 0.44135 
1535378988723 0.241545 0.927234 -0.28617 -0.637305 -0.93834 0.298345 0.174665 -0.242793 0.247333 0.226335 0.942125 0.374468 0.172158 -0.111635 0.978723 0.381348 -0.982006 0.0588431 0.179447 -0.485456 -0.0776237 -0.992006 -0.099496 0.441152 
1535378988903 0.242301 0.927447 -0.284838 -0.637396 -0.938722 0.298286 0.1727 -0.242666 0.245133 0.225539 0.94289 0.374232 0.1686 -0.113206 0.979162 0.381313 -0.98168 0.070171 0.177146 -0.485017 -0.0887628 -0.991091 -0.0993012 0.440954 
1535378989132 0.243054 0.927658 -0.283505 -0.637489 -0.9391 0.29823 0.170734 -0.24254 0.242932 0.224742 0.94365 0.373996 0.165023 -0.114736 0.979593 0.381276 -0.981218 0.0814935 0.174842 -0.484576 -0.0998911 -0.990048 -0.0991326 0.440756 
1535378989315 0.243804 0.927869 -0.282169 -0.63758 -0.939473 0.298176 0.168767 -0.242413 0.240729 0.223945 0.944404 0.37376 0.161428 -0.116224 0.980017 0.381241 -0.980621 0.092809 0.172534 -0.484136 -0.111007 -0.988877 -0.0989902 0.440558 
1535378989692 0.244551 0.928078 -0.280832 -0.637673 -0.939841 0.298123 0.166799 -0.242286 0.238524 0.223147 0.945152 0.373524 0.157815 -0.117671 0.980433 0.381205 -0.97989 0.104116 0.170224 -0.483695 -0.122109 -0.98758 -0.098874 0.44036 
1535378990240 0.245294 0.928286 -0.279493 -0.637764 -0.940205 0.298072 0.16483 -0.242159 0.236318 0.222349 0.945894 0.373288 0.154185 -0.119077 0.98084 0.381169 -0.979023 0.115413 0.167911 -0.483255 -0.133196 -0.986154 -0.0987841 0.440162 
1535378990612 0.246035 0.928492 -0.278153 -0.637856 -0.940563 0.298022 0.162859 -0.242033 0.234109 0.221551 0.94663 0.373052 0.150538 -0.12044 0.98124 0.381133 -0.978021 0.126698 0.165595 -0.482815 -0.144266 -0.984602 -0.0987204 0.439964 
1535378991007 0.245515 0.928372 -0.279011 -0.637762 -0.940278 0.298074 0.164405 -0.242125 0.235795 0.221984 0.94611 0.373277 0.151131 -0.120173 0.981182 0.381189 -0.978113 0.125428 0.166021 -0.482863 -0.143018 -0.984798 -0.0985866 0.440034 
1535378991022 0.244889 0.928418 -0.279408 -0.637701 -0.940244 0.297732 0.165221 -0.242186 0.236583 0.222251 0.94585 0.373297 0.153657 -0.119076 0.980923 0.381188 -0.978638 0.118886 0.167731 -0.483142 -0.136591 -0.985742 -0.0982644 0.440077 
1535378991313 0.244261 0.928465 -0.279804 -0.637641 -0.940209 0.297388 0.166037 -0.242246 0.23737 0.222517 0.945591 0.373317 0.156197 -0.117936 0.98066 0.381187 -0.979122 0.112274 0.169454 -0.483431 -0.130087 -0.986654 -0.0979367 0.440125 
1535378991320 0.243633 0.928511 -0.280198 -0.63758 -0.940173 0.297045 0.166853 -0.242307 0.238156 0.222784 0.94533 0.373337 0.158729 -0.116779 0.980392 0.381187 -0.979558 0.105658 0.171179 -0.483722 -0.123576 -0.987522 -0.0976204 0.440173 
1535378991765 0.243004 0.928556 -0.280593 -0.637519 -0.940136 0.296702 0.167669 -0.242367 0.238943 0.223051 0.945069 0.373357 0.161253 -0.115604 0.980119 0.381188 -0.979946 0.09904 0.172906 -0.484012 -0.11706 -0.988345 -0.0973156 0.440221 
1535378992081 0.242376 0.928601 -0.280986 -0.637459 -0.940098 0.296359 0.168486 -0.242428 0.239729 0.223318 0.944806 0.373376 0.163768 -0.114413 0.979842 0.381188 -0.980287 0.0924196 0.174634 -0.484303 -0.110537 -0.989125 -0.0970223 0.44027 
1535378992093 0.241747 0.928646 -0.281379 -0.637398 -0.940059 0.296016 0.169302 -0.242488 0.240514 0.223585 0.944544 0.373396 0.166274 -0.113205 0.97956 0.381188 -0.980579 0.0857973 0.176362 -0.484593 -0.104009 -0.98986 -0.0967404 0.440318 
1535378992388 0.241117 0.928691 -0.281772 -0.637337 -0.94002 0.295674 0.170118 -0.242549 0.2413 0.223853 0.94428 0.373416 0.168772 -0.11198 0.979273 0.381188 -0.980823 0.0791733 0.178093 -0.484884 -0.0974751 -0.990551 -0.0964701 0.440366 
1535378992394 0.240487 0.928735 -0.282164 -0.637276 -0.939979 0.295331 0.170934 -0.242609 0.242084 0.224121 0.944015 0.373436 0.171261 -0.110738 0.978983 0.381188 -0.98102 0.072548 0.179824 -0.485173 -0.0909365 -0.991198 -0.0962113 0.440414 
1535378992924 0.239857 0.928779 -0.282556 -0.637216 -0.939938 0.294989 0.17175 -0.24267 0.242869 0.22439 0.94375 0.373456 0.173741 -0.109479 0.978687 0.381188 -0.981169 0.0659217 0.181555 -0.485463 -0.0843932 -0.991801 -0.095964 0.440462 
