1535134762520 0.243512 0.930168 -0.274754 -0.634871 -0.943988 0.292339 0.153053 -0.242994 0.222686 0.222095 0.949255 0.372141 0.16008 -0.304787 0.938871 0.370831 -0.775623 0.549475 0.310623 -0.528794 -0.61056 -0.777934 -0.14844 0.432481 
1535134762532 0.243828 0.930034 -0.274927 -0.634974 -0.943593 0.292981 0.154252 -0.243014 0.224008 0.221809 0.949011 0.372205 0.316241 -0.38488 0.867098 0.400864 -0.930001 -0.306251 0.203246 -0.504429 0.187325 -0.870677 -0.454788 0.485926 
1535134762549 0.244142 0.9299 -0.275101 -0.635078 -0.943197 0.293622 0.155451 -0.243035 0.225329 0.221522 0.948765 0.372269 0.316241 -0.38488 0.867098 0.400864 -0.930001 -0.306251 0.203246 -0.504429 0.187325 -0.870677 -0.454788 0.485926 
1535134762670 0.244457 0.929766 -0.275275 -0.635182 -0.942799 0.294262 0.156649 -0.243055 0.22665 0.221236 0.948517 0.372333 0.316241 -0.38488 0.867098 0.400864 -0.930001 -0.306251 0.203246 -0.504429 0.187325 -0.870677 -0.454788 0.485926 
1535134762720 0.24477 0.929632 -0.27545 -0.635285 -0.9424 0.294902 0.157847 -0.243075 0.22797 0.220947 0.948268 0.372396 0.316241 -0.38488 0.867098 0.400864 -0.930001 -0.306251 0.203246 -0.504429 0.187325 -0.870677 -0.454788 0.485926 
1535134762794 0.245084 0.929497 -0.275624 -0.635389 -0.941998 0.295541 0.159044 -0.243096 0.22929 0.220658 0.948017 0.37246 0.316241 -0.38488 0.867098 0.400864 -0.930001 -0.306251 0.203246 -0.504429 0.187325 -0.870677 -0.454788 0.485926 
1535134762849 0.245398 0.929362 -0.2758 -0.635492 -0.941594 0.296181 0.160241 -0.243116 0.230609 0.220369 0.947764 0.372524 0.316241 -0.38488 0.867098 0.400864 -0.930001 -0.306251 0.203246 -0.504429 0.187325 -0.870677 -0.454788 0.485926 
1535134762904 0.245711 0.929228 -0.275975 -0.635596 -0.941189 0.29682 0.161438 -0.243136 0.231927 0.220078 0.94751 0.372588 0.316241 -0.38488 0.867098 0.400864 -0.930001 -0.306251 0.203246 -0.504429 0.187325 -0.870677 -0.454788 0.485926 
1535134762911 0.246023 0.929092 -0.276152 -0.635699 -0.940781 0.297458 0.162634 -0.243157 0.233246 0.219786 0.947254 0.372652 0.316241 -0.38488 0.867098 0.400864 -0.930001 -0.306251 0.203246 -0.504429 0.187325 -0.870677 -0.454788 0.485926 
1535134763025 0.246338 0.928955 -0.276334 -0.635767 -0.940371 0.298099 0.163827 -0.24316 0.234563 0.2195 0.946995 0.372723 0.316531 -0.385118 0.866887 0.401814 -0.929976 -0.306103 0.20358 -0.50615 0.186955 -0.870623 -0.455042 0.486735 
1535134763081 0.245958 0.929182 -0.275907 -0.635592 -0.940975 0.297186 0.162008 -0.24318 0.232531 0.219775 0.947433 0.372645 0.316531 -0.385118 0.866887 0.401814 -0.929976 -0.306103 0.20358 -0.50615 0.186955 -0.870623 -0.455042 0.486735 
1535134763092 0.245336 0.929123 -0.276661 -0.635537 -0.940771 0.297068 0.163402 -0.243273 0.234008 0.220186 0.946973 0.372711 0.316221 -0.384863 0.867113 0.400797 -0.930002 -0.306262 0.203223 -0.504308 0.187351 -0.87068 -0.45477 0.485869 
1535134763112 0.244712 0.929063 -0.277414 -0.635482 -0.940565 0.29695 0.164796 -0.243367 0.235484 0.220598 0.946511 0.372777 0.316221 -0.384863 0.867113 0.400797 -0.930002 -0.306262 0.203223 -0.504308 0.187351 -0.87068 -0.45477 0.485869 
1535134763239 0.244088 0.929002 -0.278166 -0.635427 -0.940357 0.296832 0.16619 -0.24346 0.236959 0.22101 0.946047 0.372843 0.316221 -0.384863 0.867113 0.400797 -0.930002 -0.306262 0.203223 -0.504308 0.187351 -0.87068 -0.45477 0.485869 
1535134763310 0.243462 0.928941 -0.278917 -0.635372 -0.940147 0.296715 0.167583 -0.243553 0.238433 0.221423 0.94558 0.372909 0.316221 -0.384863 0.867113 0.400797 -0.930002 -0.306262 0.203223 -0.504308 0.187351 -0.87068 -0.45477 0.485869 
1535134763316 0.242834 0.92888 -0.279667 -0.635317 -0.939934 0.296599 0.168976 -0.243647 0.239907 0.221835 0.94511 0.372975 0.316221 -0.384863 0.867113 0.400797 -0.930002 -0.306262 0.203223 -0.504308 0.187351 -0.87068 -0.45477 0.485869 
1535134763444 0.242206 0.928819 -0.280415 -0.635262 -0.939719 0.296483 0.170369 -0.24374 0.24138 0.222247 0.944639 0.373041 0.316221 -0.384863 0.867113 0.400797 -0.930002 -0.306262 0.203223 -0.504308 0.187351 -0.87068 -0.45477 0.485869 
1535134763495 0.241576 0.928756 -0.281163 -0.635207 -0.939502 0.296369 0.171761 -0.243834 0.242852 0.22266 0.944164 0.373107 0.316221 -0.384863 0.867113 0.400797 -0.930002 -0.306262 0.203223 -0.504308 0.187351 -0.87068 -0.45477 0.485869 
1535134763594 0.240945 0.928694 -0.281909 -0.635152 -0.939283 0.296254 0.173153 -0.243927 0.244323 0.223072 0.943687 0.373173 0.316221 -0.384863 0.867113 0.400797 -0.930002 -0.306262 0.203223 -0.504308 0.187351 -0.87068 -0.45477 0.485869 
1535134763600 0.240313 0.928631 -0.282655 -0.635097 -0.939061 0.29614 0.174545 -0.24402 0.245793 0.223485 0.943207 0.373239 0.316221 -0.384863 0.867113 0.400797 -0.930002 -0.306262 0.203223 -0.504308 0.187351 -0.87068 -0.45477 0.485869 
1535134763755 0.241014 0.928717 -0.281774 -0.635194 -0.939333 0.296232 0.172915 -0.243884 0.24406 0.223004 0.943771 0.373177 0.316221 -0.384863 0.867113 0.400797 -0.930002 -0.306262 0.203223 -0.504308 0.187351 -0.87068 -0.45477 0.485869 
1535134763767 0.240807 0.928697 -0.282018 -0.635211 -0.939433 0.296037 0.172706 -0.243912 0.243879 0.223348 0.943736 0.373271 0.31622 -0.384863 0.867113 0.400795 -0.930002 -0.306262 0.203222 -0.504305 0.187352 -0.87068 -0.454769 0.485867 
1535134763784 0.2406 0.928676 -0.282263 -0.635222 -0.939533 0.295842 0.172496 -0.243937 0.243698 0.223693 0.943701 0.373367 0.31622 -0.384863 0.867113 0.400795 -0.930002 -0.306262 0.203222 -0.504304 0.187351 -0.87068 -0.454769 0.485867 
1535134763800 0.240394 0.928655 -0.282509 -0.635234 -0.939633 0.295648 0.172287 -0.243963 0.243518 0.224038 0.943666 0.373462 0.31622 -0.384863 0.867113 0.400795 -0.930002 -0.306262 0.203222 -0.504304 0.187351 -0.87068 -0.454769 0.485867 
1535134763896 0.240187 0.928633 -0.282754 -0.635245 -0.939733 0.295453 0.172077 -0.243988 0.243337 0.224383 0.943631 0.373557 0.31622 -0.384863 0.867113 0.400795 -0.930002 -0.306262 0.203222 -0.504304 0.187351 -0.87068 -0.454769 0.485867 
1535134763913 0.239981 0.928612 -0.283 -0.635256 -0.939832 0.295258 0.171867 -0.244014 0.243156 0.224727 0.943596 0.373652 0.31622 -0.384863 0.867113 0.400795 -0.930002 -0.306262 0.203222 -0.504304 0.187351 -0.87068 -0.454769 0.485867 
1535134763956 0.239774 0.928591 -0.283245 -0.635269 -0.939932 0.295063 0.171658 -0.24404 0.242975 0.225072 0.94356 0.373747 0.31622 -0.384863 0.867113 0.400795 -0.930002 -0.306262 0.203222 -0.504304 0.187351 -0.87068 -0.454769 0.485867 
1535134764010 0.239568 0.928569 -0.283491 -0.63528 -0.940031 0.294868 0.171448 -0.244065 0.242794 0.225417 0.943525 0.373842 0.31622 -0.384863 0.867113 0.400795 -0.930002 -0.306262 0.203222 -0.504304 0.187351 -0.87068 -0.454769 0.485867 
1535134764039 0.239362 0.928547 -0.283736 -0.635292 -0.94013 0.294673 0.171239 -0.244091 0.242612 0.225761 0.943489 0.373938 0.31622 -0.384863 0.867113 0.400795 -0.930002 -0.306262 0.203222 -0.504304 0.187351 -0.87068 -0.454769 0.485867 
1535134764078 0.239156 0.928525 -0.283982 -0.635303 -0.94023 0.294478 0.171029 -0.244116 0.242431 0.226106 0.943453 0.374033 0.31622 -0.384863 0.867113 0.400795 -0.930002 -0.306262 0.203222 -0.504304 0.187351 -0.87068 -0.454769 0.485867 
1535134764122 0.239863 0.92848 -0.283534 -0.635264 -0.939923 0.295188 0.171491 -0.244173 0.242922 0.225366 0.943504 0.373719 0.31622 -0.384863 0.867113 0.400795 -0.930002 -0.306262 0.203222 -0.504304 0.187351 -0.87068 -0.454769 0.485867 
1535134764133 0.239542 0.928625 -0.283328 -0.635298 -0.94009 0.294765 0.171301 -0.244256 0.242589 0.22532 0.9436 0.373769 0.31622 -0.384863 0.867113 0.400795 -0.930002 -0.306262 0.203222 -0.504304 0.187351 -0.87068 -0.454769 0.485867 
1535134764149 0.239222 0.928771 -0.28312 -0.635337 -0.940258 0.29434 0.171109 -0.244341 0.242255 0.225273 0.943697 0.373818 0.31622 -0.384863 0.867113 0.400795 -0.930002 -0.306262 0.203222 -0.504304 0.187351 -0.87068 -0.454769 0.485867 
1535134764295 0.238901 0.928917 -0.282913 -0.635375 -0.940426 0.293916 0.170918 -0.244426 0.241922 0.225226 0.943794 0.373867 0.31622 -0.384863 0.867113 0.400795 -0.930002 -0.306262 0.203222 -0.504304 0.187351 -0.87068 -0.454769 0.485867 
1535134764311 0.23858 0.929063 -0.282706 -0.635414 -0.940593 0.293491 0.170727 -0.244511 0.241588 0.225179 0.943891 0.373916 0.31622 -0.384863 0.867113 0.400795 -0.930002 -0.306262 0.203222 -0.504304 0.187351 -0.87068 -0.454769 0.485867 
1535134764403 0.238259 0.929208 -0.282498 -0.635454 -0.94076 0.293067 0.170536 -0.244596 0.241254 0.225131 0.943987 0.373965 0.31622 -0.384863 0.867113 0.400795 -0.930002 -0.306262 0.203222 -0.504304 0.187351 -0.87068 -0.454769 0.485867 
1535134764446 0.237937 0.929353 -0.282291 -0.635493 -0.940927 0.292642 0.170345 -0.244682 0.240921 0.225084 0.944084 0.374014 0.31622 -0.384863 0.867113 0.400795 -0.930002 -0.306262 0.203222 -0.504304 0.187351 -0.87068 -0.454769 0.485867 
1535134764494 0.237616 0.929498 -0.282084 -0.635531 -0.941093 0.292218 0.170153 -0.244767 0.240587 0.225036 0.94418 0.374063 0.31622 -0.384863 0.867113 0.400795 -0.930002 -0.306262 0.203222 -0.504304 0.187351 -0.87068 -0.454769 0.485867 
1535134764549 0.237294 0.929644 -0.281876 -0.635571 -0.94126 0.291793 0.169961 -0.244852 0.240253 0.224988 0.944277 0.374112 0.31622 -0.384863 0.867113 0.400795 -0.930002 -0.306262 0.203222 -0.504304 0.187351 -0.87068 -0.454769 0.485867 
1535134764555 0.236973 0.929788 -0.281669 -0.63561 -0.941426 0.291369 0.16977 -0.244937 0.239919 0.22494 0.944373 0.374161 0.31622 -0.384863 0.867113 0.400795 -0.930002 -0.306262 0.203222 -0.504304 0.187351 -0.87068 -0.454769 0.485867 
1535134764675 0.23756 0.929539 -0.281997 -0.63551 -0.941153 0.292106 0.170014 -0.244835 0.240408 0.225014 0.944231 0.374061 0.31622 -0.384863 0.867113 0.400795 -0.930002 -0.306262 0.203222 -0.504304 0.187351 -0.87068 -0.454769 0.485867 
1535134764686 0.237364 0.929659 -0.281766 -0.635529 -0.941302 0.291783 0.169745 -0.244921 0.24002 0.224935 0.944349 0.374083 0.31622 -0.384863 0.867113 0.400795 -0.930002 -0.306262 0.203222 -0.504304 0.187351 -0.87068 -0.45477 0.485867 
1535134764703 0.237165 0.929781 -0.281533 -0.635555 -0.941451 0.291458 0.169477 -0.245011 0.239632 0.224855 0.944466 0.374103 0.31622 -0.384863 0.867113 0.400795 -0.930002 -0.306262 0.203222 -0.504304 0.187351 -0.87068 -0.45477 0.485867 
1535134764709 0.236966 0.929902 -0.281301 -0.635579 -0.941599 0.291134 0.169209 -0.2451 0.239244 0.224776 0.944584 0.374124 0.31622 -0.384863 0.867113 0.400795 -0.930002 -0.306262 0.203222 -0.504304 0.187351 -0.87068 -0.45477 0.485867 
1535134764723 0.236767 0.930022 -0.281068 -0.635604 -0.941748 0.290809 0.16894 -0.245189 0.238855 0.224696 0.944701 0.374144 0.31622 -0.384863 0.867113 0.400795 -0.930002 -0.306262 0.203222 -0.504304 0.187351 -0.87068 -0.45477 0.485867 
1535134764740 0.236568 0.930143 -0.280836 -0.635629 -0.941896 0.290484 0.168672 -0.245278 0.238467 0.224616 0.944818 0.374165 0.31622 -0.384863 0.867113 0.400795 -0.930002 -0.306262 0.203222 -0.504304 0.187351 -0.87068 -0.45477 0.485867 
1535134764907 0.236369 0.930264 -0.280604 -0.635653 -0.942044 0.29016 0.168403 -0.245366 0.238079 0.224536 0.944935 0.374186 0.31622 -0.384863 0.867113 0.400795 -0.930002 -0.306262 0.203222 -0.504304 0.187351 -0.87068 -0.45477 0.485867 
1535134764913 0.23617 0.930385 -0.280371 -0.635679 -0.942192 0.289835 0.168135 -0.245456 0.237691 0.224456 0.945052 0.374206 0.31622 -0.384863 0.867113 0.400795 -0.930002 -0.306262 0.203222 -0.504304 0.187351 -0.87068 -0.45477 0.485867 
1535134764950 0.235971 0.930505 -0.280139 -0.635703 -0.94234 0.28951 0.167866 -0.245544 0.237303 0.224375 0.945168 0.374227 0.31622 -0.384863 0.867113 0.400795 -0.930002 -0.306262 0.203222 -0.504304 0.187351 -0.87068 -0.45477 0.485867 
1535134765033 0.235772 0.930625 -0.279907 -0.635729 -0.942488 0.289185 0.167597 -0.245634 0.236915 0.224294 0.945285 0.374247 0.31622 -0.384863 0.867113 0.400795 -0.930002 -0.306262 0.203222 -0.504304 0.187351 -0.87068 -0.45477 0.485867 
1535134765068 0.236249 0.930298 -0.280591 -0.635655 -0.942135 0.289986 0.168196 -0.245478 0.23784 0.224618 0.944976 0.374152 0.31622 -0.384863 0.867113 0.400795 -0.930002 -0.306262 0.203222 -0.504304 0.187351 -0.87068 -0.45477 0.485867 
1535134765082 0.236612 0.930276 -0.280361 -0.635642 -0.942155 0.290185 0.16774 -0.24546 0.237401 0.224454 0.945125 0.374138 0.31622 -0.384863 0.867113 0.400795 -0.930002 -0.306262 0.203222 -0.504304 0.187351 -0.87068 -0.45477 0.485867 
1535134765098 0.236975 0.930252 -0.280132 -0.635624 -0.942174 0.290387 0.167283 -0.24544 0.236962 0.224291 0.945274 0.374125 0.31622 -0.384863 0.867113 0.400795 -0.930002 -0.306262 0.203222 -0.504304 0.187351 -0.87068 -0.45477 0.485867 
1535134765242 0.237339 0.930228 -0.279904 -0.635607 -0.942193 0.290589 0.166827 -0.245419 0.236524 0.224129 0.945422 0.374112 0.31622 -0.384863 0.867113 0.400795 -0.930002 -0.306262 0.203222 -0.504304 0.187351 -0.87068 -0.45477 0.485867 
1535134765268 0.237702 0.930204 -0.279675 -0.635589 -0.942211 0.290791 0.16637 -0.245399 0.236085 0.223966 0.94557 0.374099 0.31622 -0.384863 0.867113 0.400795 -0.930002 -0.306262 0.203222 -0.504304 0.187351 -0.87068 -0.45477 0.485867 
1535134765310 0.238065 0.93018 -0.279446 -0.63557 -0.942229 0.290993 0.165914 -0.245378 0.235646 0.223804 0.945718 0.374086 0.31622 -0.384863 0.867113 0.400795 -0.930002 -0.306262 0.203222 -0.504304 0.187351 -0.87068 -0.45477 0.485867 
1535134765369 0.238428 0.930156 -0.279217 -0.635552 -0.942247 0.291195 0.165457 -0.245357 0.235207 0.223641 0.945866 0.374074 0.31622 -0.384863 0.867113 0.400795 -0.930002 -0.306262 0.203222 -0.504304 0.187351 -0.87068 -0.45477 0.485867 
1535134765409 0.238791 0.930132 -0.278987 -0.635535 -0.942265 0.291397 0.165001 -0.245337 0.234768 0.223479 0.946013 0.374061 0.31622 -0.384863 0.867113 0.400795 -0.930002 -0.306262 0.203222 -0.504304 0.187351 -0.87068 -0.45477 0.485867 
1535134765457 0.239154 0.930107 -0.278757 -0.635516 -0.942282 0.291599 0.164544 -0.245316 0.234329 0.223317 0.94616 0.374048 0.31622 -0.384863 0.867113 0.400795 -0.930002 -0.306262 0.203222 -0.504304 0.187351 -0.87068 -0.45477 0.485867 
1535134765497 0.239516 0.930083 -0.278528 -0.635498 -0.942299 0.291801 0.164088 -0.245296 0.23389 0.223155 0.946307 0.374035 0.31622 -0.384863 0.867113 0.400795 -0.930002 -0.306262 0.203222 -0.504304 0.187351 -0.87068 -0.45477 0.485867 
1535134765542 0.238713 0.930115 -0.279109 -0.635583 -0.942215 0.29141 0.165261 -0.245296 0.235047 0.223531 0.945932 0.374062 0.31622 -0.384863 0.867113 0.400795 -0.930002 -0.306262 0.203222 -0.504304 0.187351 -0.87068 -0.45477 0.485867 
1535134765553 0.239264 0.930001 -0.279017 -0.635389 -0.942091 0.291905 0.165092 -0.245207 0.234983 0.223359 0.945988 0.374147 0.31622 -0.384863 0.867113 0.400795 -0.930002 -0.306262 0.203222 -0.504304 0.187351 -0.87068 -0.45477 0.485867 
1535134765570 0.239816 0.929886 -0.278926 -0.635192 -0.941967 0.292402 0.164922 -0.245116 0.234918 0.223188 0.946045 0.374232 0.31622 -0.384863 0.867113 0.400795 -0.930002 -0.306262 0.203222 -0.504304 0.187351 -0.87068 -0.45477 0.485867 
1535134765707 0.240368 0.929771 -0.278835 -0.634994 -0.941843 0.292898 0.164752 -0.245025 0.234852 0.223018 0.946101 0.374318 0.31622 -0.384863 0.867113 0.400795 -0.930002 -0.306262 0.203222 -0.504304 0.187351 -0.87068 -0.45477 0.485867 
1535134765781 0.24092 0.929655 -0.278744 -0.634796 -0.941718 0.293394 0.164583 -0.244934 0.234787 0.222847 0.946158 0.374403 0.31622 -0.384863 0.867113 0.400795 -0.930002 -0.306262 0.203222 -0.504304 0.187351 -0.87068 -0.45477 0.485867 
1535134765879 0.241472 0.929539 -0.278653 -0.634597 -0.941593 0.29389 0.164413 -0.244842 0.234722 0.222677 0.946214 0.374489 0.31622 -0.384863 0.867113 0.400795 -0.930002 -0.306262 0.203222 -0.504304 0.187351 -0.87068 -0.45477 0.485867 
1535134765952 0.242024 0.929423 -0.278562 -0.634399 -0.941467 0.294387 0.164243 -0.244751 0.234656 0.222507 0.94627 0.374575 0.31622 -0.384863 0.867113 0.400795 -0.930002 -0.306262 0.203222 -0.504304 0.187351 -0.87068 -0.45477 0.485867 
1535134766051 0.242576 0.929307 -0.278471 -0.634201 -0.941342 0.294883 0.164073 -0.24466 0.23459 0.222336 0.946327 0.37466 0.31622 -0.384863 0.867113 0.400795 -0.930002 -0.306262 0.203222 -0.504304 0.187351 -0.87068 -0.45477 0.485867 
1535134766058 0.243128 0.92919 -0.278379 -0.634004 -0.941216 0.295379 0.163903 -0.244569 0.234524 0.222165 0.946383 0.374746 0.31622 -0.384863 0.867113 0.400795 -0.930002 -0.306262 0.203222 -0.504304 0.187351 -0.87068 -0.45477 0.485867 
1535134766221 0.243679 0.929073 -0.278288 -0.633805 -0.94109 0.295875 0.163733 -0.244477 0.234459 0.221995 0.946439 0.374831 0.31622 -0.384863 0.867113 0.400795 -0.930002 -0.306262 0.203222 -0.504304 0.187351 -0.87068 -0.45477 0.485867 
1535134766326 0.242978 0.929225 -0.278394 -0.633998 -0.941223 0.295268 0.164059 -0.244487 0.234649 0.222168 0.946352 0.374772 0.31622 -0.384863 0.867113 0.400795 -0.930002 -0.306262 0.203222 -0.504304 0.187351 -0.87068 -0.45477 0.485867 
1535134766337 0.243097 0.929144 -0.278559 -0.633648 -0.941134 0.295466 0.164216 -0.244407 0.234885 0.22224 0.946276 0.374912 0.31622 -0.384863 0.867113 0.400795 -0.930002 -0.306262 0.203222 -0.504304 0.187351 -0.87068 -0.45477 0.485867 
1535134766405 0.243216 0.929063 -0.278724 -0.633294 -0.941044 0.295665 0.164374 -0.244325 0.235123 0.222313 0.9462 0.375053 0.31622 -0.384863 0.867113 0.400795 -0.930002 -0.306262 0.203222 -0.504304 0.187351 -0.87068 -0.45477 0.485867 
1535134766412 0.243335 0.928983 -0.27889 -0.632939 -0.940954 0.295865 0.164531 -0.244243 0.23536 0.222386 0.946124 0.375194 0.31622 -0.384863 0.867113 0.400795 -0.930002 -0.306262 0.203222 -0.504304 0.187351 -0.87068 -0.45477 0.485867 
1535134766607 0.243454 0.928902 -0.279055 -0.632585 -0.940863 0.296064 0.164689 -0.244161 0.235598 0.222458 0.946048 0.375334 0.31622 -0.384863 0.867113 0.400795 -0.930002 -0.306262 0.203222 -0.504304 0.187351 -0.87068 -0.45477 0.485867 
1535134766757 0.243573 0.928821 -0.27922 -0.63223 -0.940773 0.296263 0.164846 -0.244079 0.235835 0.222531 0.945971 0.375475 0.31622 -0.384863 0.867113 0.400795 -0.930002 -0.306262 0.203222 -0.504304 0.187351 -0.87068 -0.45477 0.485867 
1535134766906 0.243692 0.92874 -0.279386 -0.631875 -0.940683 0.296462 0.165004 -0.243997 0.236073 0.222604 0.945895 0.375616 0.31622 -0.384863 0.867113 0.400795 -0.930002 -0.306262 0.203222 -0.504304 0.187351 -0.87068 -0.45477 0.485867 
1535134767053 0.24381 0.928659 -0.279552 -0.631521 -0.940592 0.296661 0.165161 -0.243915 0.23631 0.222676 0.945819 0.375757 0.31622 -0.384863 0.867113 0.400795 -0.930002 -0.306262 0.203222 -0.504304 0.187351 -0.87068 -0.45477 0.485867 
1535134767060 0.243929 0.928578 -0.279717 -0.631166 -0.940502 0.296861 0.165318 -0.243832 0.236548 0.222749 0.945742 0.375898 0.31622 -0.384863 0.867113 0.400795 -0.930002 -0.306262 0.203222 -0.504304 0.187351 -0.87068 -0.45477 0.485867 
1535134767257 0.244048 0.928497 -0.279883 -0.630812 -0.940411 0.29706 0.165476 -0.24375 0.236786 0.222821 0.945666 0.376038 0.31622 -0.384863 0.867113 0.400795 -0.930002 -0.306262 0.203222 -0.504304 0.187351 -0.87068 -0.45477 0.485867 
1535134767421 0.244088 0.928503 -0.279828 -0.631003 -0.940466 0.297027 0.165223 -0.243887 0.236526 0.22284 0.945726 0.37593 0.31622 -0.384863 0.867113 0.400795 -0.930002 -0.306262 0.203222 -0.504304 0.187351 -0.87068 -0.45477 0.485867 
1535134767433 0.244114 0.928438 -0.280019 -0.630554 -0.94038 0.297161 0.165472 -0.243692 0.236842 0.22293 0.945626 0.376098 0.31622 -0.384863 0.867113 0.400795 -0.930002 -0.306262 0.203222 -0.504304 0.187351 -0.87068 -0.45477 0.485867 
1535134767574 0.244138 0.928374 -0.280212 -0.630097 -0.940294 0.297293 0.165723 -0.243494 0.237158 0.223023 0.945525 0.376269 0.31622 -0.384863 0.867113 0.400795 -0.930002 -0.306262 0.203222 -0.504304 0.187351 -0.87068 -0.45477 0.485867 
1535134767744 0.244162 0.928309 -0.280406 -0.62964 -0.940208 0.297426 0.165973 -0.243296 0.237474 0.223116 0.945423 0.37644 0.31622 -0.384863 0.867113 0.400795 -0.930002 -0.306262 0.203222 -0.504304 0.187351 -0.87068 -0.45477 0.485867 
1535134767914 0.244186 0.928244 -0.2806 -0.629183 -0.940122 0.297558 0.166223 -0.243098 0.23779 0.223208 0.945322 0.376611 0.31622 -0.384863 0.867113 0.400795 -0.930002 -0.306262 0.203222 -0.504304 0.187351 -0.87068 -0.45477 0.485867 
1535134768092 0.24421 0.928179 -0.280793 -0.628725 -0.940035 0.297691 0.166473 -0.242899 0.238107 0.223301 0.945221 0.376783 0.31622 -0.384863 0.867113 0.400795 -0.930002 -0.306262 0.203222 -0.504304 0.187351 -0.87068 -0.45477 0.485867 
1535134768275 0.244234 0.928114 -0.280987 -0.628268 -0.939949 0.297824 0.166723 -0.242701 0.238423 0.223394 0.945119 0.376954 0.31622 -0.384863 0.867113 0.400795 -0.930002 -0.306262 0.203222 -0.504304 0.187351 -0.87068 -0.45477 0.485867 
1535134768448 0.244258 0.928049 -0.28118 -0.62781 -0.939863 0.297957 0.166973 -0.242503 0.238739 0.223486 0.945017 0.377125 0.31622 -0.384863 0.867113 0.400795 -0.930002 -0.306262 0.203222 -0.504304 0.187351 -0.87068 -0.45477 0.485867 
1535134768620 0.244282 0.927985 -0.281374 -0.627353 -0.939776 0.298089 0.167223 -0.242305 0.239055 0.223579 0.944915 0.377296 0.31622 -0.384863 0.867113 0.400795 -0.930002 -0.306262 0.203222 -0.504304 0.187351 -0.87068 -0.45477 0.485867 
1535134768788 0.244305 0.927919 -0.281568 -0.626895 -0.939689 0.298222 0.167473 -0.242106 0.239371 0.223672 0.944813 0.377467 0.31622 -0.384863 0.867113 0.400795 -0.930002 -0.306262 0.203222 -0.504304 0.187351 -0.87068 -0.45477 0.485867 
1535134768978 0.244208 0.927985 -0.281436 -0.627115 -0.939743 0.298079 0.167429 -0.242163 0.239262 0.22359 0.94486 0.377404 0.31622 -0.384863 0.867113 0.400795 -0.930002 -0.306262 0.203222 -0.504304 0.187351 -0.87068 -0.45477 0.485867 
1535134768991 0.24426 0.927934 -0.281558 -0.626753 -0.939682 0.298195 0.167561 -0.242001 0.239445 0.223647 0.944801 0.377516 0.31622 -0.384863 0.867113 0.400795 -0.930002 -0.306262 0.203222 -0.504304 0.187351 -0.87068 -0.45477 0.485867 
1535134768997 0.244312 0.927883 -0.281681 -0.626387 -0.939622 0.29831 0.167693 -0.241838 0.239627 0.223705 0.944741 0.377629 0.31622 -0.384863 0.867113 0.400795 -0.930002 -0.306262 0.203222 -0.504304 0.187351 -0.87068 -0.45477 0.485867 
1535134769206 0.244364 0.927832 -0.281805 -0.626021 -0.939562 0.298425 0.167824 -0.241674 0.23981 0.223763 0.944681 0.377741 0.31622 -0.384863 0.867113 0.400795 -0.930002 -0.306262 0.203222 -0.504304 0.187351 -0.87068 -0.45477 0.485867 
1535134769360 0.244415 0.927781 -0.281928 -0.625655 -0.939502 0.29854 0.167955 -0.24151 0.239992 0.223821 0.94462 0.377854 0.31622 -0.384863 0.867113 0.400795 -0.930002 -0.306262 0.203222 -0.504304 0.187351 -0.87068 -0.45477 0.485867 
1535134769366 0.244467 0.92773 -0.282051 -0.625288 -0.939442 0.298655 0.168086 -0.241346 0.240175 0.22388 0.94456 0.377967 0.31622 -0.384863 0.867113 0.400795 -0.930002 -0.306262 0.203222 -0.504304 0.187351 -0.87068 -0.45477 0.485867 
1535134769573 0.244518 0.927679 -0.282175 -0.624923 -0.939382 0.29877 0.168217 -0.241183 0.240357 0.223938 0.9445 0.37808 0.31622 -0.384863 0.867113 0.400795 -0.930002 -0.306262 0.203222 -0.504304 0.187351 -0.87068 -0.45477 0.485867 
1535134769580 0.24457 0.927628 -0.282298 -0.624556 -0.939322 0.298885 0.168348 -0.241019 0.24054 0.223996 0.94444 0.378193 0.31622 -0.384863 0.867113 0.400795 -0.930002 -0.306262 0.203222 -0.504304 0.187351 -0.87068 -0.45477 0.485867 
1535134769792 0.244621 0.927577 -0.282422 -0.62419 -0.939262 0.299001 0.16848 -0.240855 0.240722 0.224054 0.94438 0.378305 0.31622 -0.384863 0.867113 0.400795 -0.930002 -0.306262 0.203222 -0.504304 0.187351 -0.87068 -0.45477 0.485867 
1535134769799 0.244673 0.927525 -0.282545 -0.623823 -0.939202 0.299116 0.168611 -0.240691 0.240904 0.224112 0.944319 0.378418 0.31622 -0.384863 0.867113 0.400795 -0.930002 -0.306262 0.203222 -0.504304 0.187351 -0.87068 -0.45477 0.485867 
1535134770028 0.244469 0.927613 -0.282433 -0.624022 -0.939287 0.298871 0.16857 -0.240783 0.240779 0.224075 0.94436 0.378391 0.31622 -0.384863 0.867113 0.400795 -0.930002 -0.306262 0.203222 -0.504304 0.187351 -0.87068 -0.45477 0.485867 
1535134770039 0.244598 0.927556 -0.282511 -0.623696 -0.939249 0.299012 0.168531 -0.240646 0.240796 0.224126 0.944344 0.378476 0.31622 -0.384863 0.867113 0.400795 -0.930002 -0.306262 0.203222 -0.504304 0.187351 -0.87068 -0.45477 0.485867 
1535134770056 0.244726 0.927498 -0.282589 -0.623365 -0.939212 0.299153 0.168491 -0.240507 0.240812 0.224176 0.944327 0.378561 0.31622 -0.384863 0.867113 0.400795 -0.930002 -0.306262 0.203222 -0.504304 0.187351 -0.87068 -0.45477 0.485867 
1535134770230 0.244855 0.92744 -0.282667 -0.623033 -0.939174 0.299294 0.168451 -0.240368 0.240829 0.224227 0.944311 0.378648 0.31622 -0.384863 0.867113 0.400795 -0.930002 -0.306262 0.203222 -0.504304 0.187351 -0.87068 -0.45477 0.485867 
1535134770378 0.244984 0.927382 -0.282745 -0.622702 -0.939136 0.299435 0.168412 -0.240228 0.240846 0.224278 0.944295 0.378733 0.31622 -0.384863 0.867113 0.400795 -0.930002 -0.306262 0.203222 -0.504304 0.187351 -0.87068 -0.45477 0.485867 
1535134770522 0.245113 0.927325 -0.282822 -0.622372 -0.939098 0.299576 0.168372 -0.24009 0.240862 0.224328 0.944279 0.378819 0.31622 -0.384863 0.867113 0.400795 -0.930002 -0.306262 0.203222 -0.504304 0.187351 -0.87068 -0.45477 0.485867 
1535134770663 0.245241 0.927267 -0.2829 -0.62204 -0.93906 0.299717 0.168332 -0.23995 0.240879 0.224379 0.944262 0.378905 0.31622 -0.384863 0.867113 0.400795 -0.930002 -0.306262 0.203222 -0.504304 0.187351 -0.87068 -0.45477 0.485867 
1535134770808 0.24537 0.927209 -0.282978 -0.62171 -0.939022 0.299858 0.168292 -0.239811 0.240895 0.224429 0.944246 0.378991 0.31622 -0.384863 0.867113 0.400795 -0.930002 -0.306262 0.203222 -0.504304 0.187351 -0.87068 -0.45477 0.485867 
1535134770953 0.245499 0.927151 -0.283056 -0.621378 -0.938984 0.299999 0.168253 -0.239672 0.240912 0.22448 0.94423 0.379077 0.31622 -0.384863 0.867113 0.400795 -0.930002 -0.306262 0.203222 -0.504304 0.187351 -0.87068 -0.45477 0.485867 
1535134771102 0.245627 0.927094 -0.283134 -0.621047 -0.938947 0.30014 0.168213 -0.239533 0.240929 0.22453 0.944214 0.379162 0.31622 -0.384863 0.867113 0.400795 -0.930002 -0.306262 0.203222 -0.504304 0.187351 -0.87068 -0.45477 0.485867 
1535134771263 0.245612 0.927074 -0.283212 -0.621264 -0.938948 0.300142 0.168203 -0.239636 0.24094 0.224608 0.944192 0.379025 0.31622 -0.384863 0.867113 0.400795 -0.930002 -0.306262 0.203222 -0.504304 0.187351 -0.87068 -0.45477 0.485867 
1535134771275 0.24559 0.927024 -0.283394 -0.621025 -0.93884 0.300259 0.168592 -0.239581 0.241381 0.224657 0.944068 0.379091 0.31622 -0.384863 0.867113 0.400795 -0.930002 -0.306262 0.203222 -0.504304 0.187351 -0.87068 -0.45477 0.485867 
1535134771282 0.245568 0.926974 -0.283576 -0.620782 -0.938733 0.300377 0.16898 -0.239524 0.24182 0.224706 0.943944 0.379158 0.31622 -0.384863 0.867113 0.400795 -0.930002 -0.306262 0.203222 -0.504304 0.187351 -0.87068 -0.45477 0.485867 
1535134771422 0.245547 0.926924 -0.283759 -0.620539 -0.938625 0.300495 0.169369 -0.239468 0.24226 0.224755 0.943819 0.379224 0.31622 -0.384863 0.867113 0.400795 -0.930002 -0.306262 0.203222 -0.504304 0.187351 -0.87068 -0.45477 0.485867 
1535134771500 0.245525 0.926874 -0.283941 -0.620295 -0.938517 0.300613 0.169757 -0.23941 0.2427 0.224804 0.943695 0.379291 0.31622 -0.384863 0.867113 0.400795 -0.930002 -0.306262 0.203222 -0.504304 0.187351 -0.87068 -0.45477 0.485867 
1535134771606 0.245504 0.926823 -0.284124 -0.620051 -0.938409 0.300732 0.170145 -0.239353 0.24314 0.224853 0.94357 0.379358 0.31622 -0.384863 0.867113 0.400795 -0.930002 -0.306262 0.203222 -0.504304 0.187351 -0.87068 -0.45477 0.485867 
1535134771613 0.245482 0.926773 -0.284306 -0.619808 -0.938301 0.30085 0.170533 -0.239297 0.243579 0.224902 0.943445 0.379425 0.31622 -0.384863 0.867113 0.400795 -0.930002 -0.306262 0.203222 -0.504304 0.187351 -0.87068 -0.45477 0.485867 
1535134771785 0.24546 0.926723 -0.284489 -0.619564 -0.938192 0.300968 0.170921 -0.239239 0.244019 0.224951 0.94332 0.379492 0.31622 -0.384863 0.867113 0.400795 -0.930002 -0.306262 0.203222 -0.504304 0.187351 -0.87068 -0.45477 0.485867 
1535134771865 0.245438 0.926673 -0.284671 -0.619321 -0.938083 0.301086 0.171309 -0.239183 0.244458 0.224999 0.943194 0.379558 0.31622 -0.384863 0.867113 0.400795 -0.930002 -0.306262 0.203222 -0.504304 0.187351 -0.87068 -0.45477 0.485867 
1535134771966 0.245416 0.926622 -0.284854 -0.619077 -0.937974 0.301204 0.171697 -0.239125 0.244898 0.225048 0.943069 0.379625 0.31622 -0.384863 0.867113 0.400795 -0.930002 -0.306262 0.203222 -0.504304 0.187351 -0.87068 -0.45477 0.485867 
1535134772061 0.245389 0.926687 -0.284669 -0.619313 -0.938133 0.301004 0.171179 -0.239178 0.244316 0.225052 0.943219 0.379518 0.31622 -0.384863 0.867113 0.400795 -0.930002 -0.306262 0.203222 -0.504304 0.187351 -0.87068 -0.45477 0.485867 
1535134772074 0.245471 0.926598 -0.284885 -0.619091 -0.938083 0.301149 0.1712 -0.239079 0.244426 0.225221 0.94315 0.379616 0.31622 -0.384863 0.867113 0.400795 -0.930002 -0.306262 0.203222 -0.504304 0.187351 -0.87068 -0.45477 0.485867 
1535134772093 0.245554 0.92651 -0.285102 -0.618864 -0.938032 0.301295 0.171221 -0.238978 0.244538 0.225391 0.94308 0.379716 0.31622 -0.384863 0.867113 0.400795 -0.930002 -0.306262 0.203222 -0.504304 0.187351 -0.87068 -0.45477 0.485867 
1535134772196 0.245637 0.926421 -0.285319 -0.618636 -0.937982 0.301441 0.171242 -0.238876 0.244649 0.225561 0.943011 0.379816 0.31622 -0.384863 0.867113 0.400795 -0.930002 -0.306262 0.203222 -0.504304 0.187351 -0.87068 -0.45477 0.485867 
1535134772300 0.245719 0.926332 -0.285536 -0.618408 -0.937931 0.301587 0.171263 -0.238774 0.24476 0.225731 0.942941 0.379915 0.31622 -0.384863 0.867113 0.400795 -0.930002 -0.306262 0.203222 -0.504304 0.187351 -0.87068 -0.45477 0.485867 
1535134772401 0.245802 0.926243 -0.285753 -0.618182 -0.93788 0.301733 0.171284 -0.238674 0.244872 0.2259 0.942872 0.380014 0.31622 -0.384863 0.867113 0.400795 -0.930002 -0.306262 0.203222 -0.504304 0.187351 -0.87068 -0.45477 0.485867 
1535134772502 0.245885 0.926154 -0.285971 -0.617954 -0.937829 0.301879 0.171305 -0.238572 0.244983 0.22607 0.942802 0.380114 0.31622 -0.384863 0.867113 0.400795 -0.930002 -0.306262 0.203222 -0.504304 0.187351 -0.87068 -0.45477 0.485867 
1535134772600 0.245967 0.926065 -0.286188 -0.617728 -0.937779 0.302024 0.171326 -0.238471 0.245094 0.22624 0.942732 0.380213 0.31622 -0.384863 0.867113 0.400795 -0.930002 -0.306262 0.203222 -0.504304 0.187351 -0.87068 -0.45477 0.485867 
1535134772606 0.24605 0.925976 -0.286405 -0.6175 -0.937728 0.30217 0.171347 -0.238369 0.245206 0.22641 0.942663 0.380313 0.31622 -0.384863 0.867113 0.400795 -0.930002 -0.306262 0.203222 -0.504304 0.187351 -0.87068 -0.45477 0.485867 
1535134772774 0.246133 0.925887 -0.286622 -0.617273 -0.937677 0.302316 0.171367 -0.238268 0.245317 0.226579 0.942593 0.380413 0.31622 -0.384863 0.867113 0.400795 -0.930002 -0.306262 0.203222 -0.504304 0.187351 -0.87068 -0.45477 0.485867 
1535134772884 0.245948 0.925998 -0.286423 -0.617497 -0.937733 0.302096 0.171449 -0.238298 0.245289 0.226421 0.942638 0.38034 0.31622 -0.384863 0.867113 0.400795 -0.930002 -0.306262 0.203222 -0.504304 0.187351 -0.87068 -0.45477 0.485867 
1535134772894 0.246076 0.926023 -0.286231 -0.617321 -0.93771 0.302173 0.17144 -0.238226 0.245249 0.226214 0.942698 0.380367 0.31622 -0.384863 0.867113 0.400795 -0.930002 -0.306262 0.203222 -0.504304 0.187351 -0.87068 -0.45477 0.485867 
1535134772911 0.246209 0.926045 -0.286046 -0.617137 -0.937685 0.302257 0.171431 -0.238151 0.245212 0.226013 0.942756 0.380396 0.31622 -0.384863 0.867113 0.400795 -0.930002 -0.306262 0.203222 -0.504304 0.187351 -0.87068 -0.45477 0.485867 
1535134772928 0.246342 0.926067 -0.28586 -0.616955 -0.937659 0.30234 0.171421 -0.238077 0.245174 0.225811 0.942814 0.380425 0.31622 -0.384863 0.867113 0.400795 -0.930002 -0.306262 0.203222 -0.504304 0.187351 -0.87068 -0.45477 0.485867 
1535134773019 0.246475 0.926089 -0.285674 -0.616773 -0.937634 0.302423 0.171412 -0.238003 0.245137 0.225609 0.942872 0.380453 0.31622 -0.384863 0.867113 0.400795 -0.930002 -0.306262 0.203222 -0.504304 0.187351 -0.87068 -0.45477 0.485867 
1535134773026 0.246607 0.926111 -0.285488 -0.616591 -0.937609 0.302507 0.171403 -0.23793 0.2451 0.225407 0.94293 0.380481 0.31622 -0.384863 0.867113 0.400795 -0.930002 -0.306262 0.203222 -0.504304 0.187351 -0.87068 -0.45477 0.485867 
1535134773144 0.24674 0.926133 -0.285303 -0.616408 -0.937584 0.30259 0.171393 -0.237855 0.245063 0.225205 0.942988 0.38051 0.31622 -0.384863 0.867113 0.400795 -0.930002 -0.306262 0.203222 -0.504304 0.187351 -0.87068 -0.45477 0.485867 
1535134773192 0.246873 0.926154 -0.285117 -0.616227 -0.937559 0.302674 0.171384 -0.237782 0.245025 0.225003 0.943046 0.380538 0.31622 -0.384863 0.867113 0.400795 -0.930002 -0.306262 0.203222 -0.504304 0.187351 -0.87068 -0.45477 0.485867 
1535134773269 0.247006 0.926176 -0.284931 -0.616043 -0.937533 0.302757 0.171374 -0.237707 0.244988 0.224802 0.943104 0.380567 0.31622 -0.384863 0.867113 0.400795 -0.930002 -0.306262 0.203222 -0.504304 0.187351 -0.87068 -0.45477 0.485867 
1535134773337 0.247139 0.926198 -0.284745 -0.615861 -0.937508 0.302841 0.171365 -0.237633 0.24495 0.2246 0.943162 0.380596 0.31622 -0.384863 0.867113 0.400795 -0.930002 -0.306262 0.203222 -0.504304 0.187351 -0.87068 -0.45477 0.485867 
1535134773422 0.24688 0.926177 -0.285038 -0.616131 -0.937545 0.302676 0.171452 -0.237688 0.245069 0.224908 0.943057 0.380505 0.31622 -0.384863 0.867113 0.400795 -0.930002 -0.306262 0.203222 -0.504304 0.187351 -0.87068 -0.45477 0.485867 
1535134773435 0.246894 0.926133 -0.285169 -0.615901 -0.937513 0.30274 0.171518 -0.237584 0.24518 0.225003 0.943006 0.380593 0.31622 -0.384863 0.867113 0.400795 -0.930002 -0.306262 0.203222 -0.504304 0.187351 -0.87068 -0.45477 0.485867 
1535134773450 0.246911 0.926089 -0.285298 -0.615664 -0.937479 0.302807 0.171582 -0.237476 0.245291 0.225096 0.942955 0.380682 0.31622 -0.384863 0.867113 0.400795 -0.930002 -0.306262 0.203222 -0.504304 0.187351 -0.87068 -0.45477 0.485867 
1535134773583 0.246927 0.926044 -0.285428 -0.615427 -0.937446 0.302873 0.171647 -0.237369 0.245401 0.225189 0.942904 0.380771 0.31622 -0.384863 0.867113 0.400795 -0.930002 -0.306262 0.203222 -0.504304 0.187351 -0.87068 -0.45477 0.485867 
1535134773673 0.246944 0.926 -0.285557 -0.615189 -0.937413 0.30294 0.171711 -0.237262 0.245511 0.225282 0.942853 0.38086 0.31622 -0.384863 0.867113 0.400795 -0.930002 -0.306262 0.203222 -0.504304 0.187351 -0.87068 -0.45477 0.485867 
1535134773787 0.246961 0.925955 -0.285686 -0.614951 -0.93738 0.303006 0.171776 -0.237154 0.245621 0.225375 0.942802 0.38095 0.31622 -0.384863 0.867113 0.400795 -0.930002 -0.306262 0.203222 -0.504304 0.187351 -0.87068 -0.45477 0.485867 
1535134773873 0.246978 0.925911 -0.285816 -0.614714 -0.937346 0.303072 0.17184 -0.237047 0.245732 0.225467 0.942751 0.381039 0.31622 -0.384863 0.867113 0.400795 -0.930002 -0.306262 0.203222 -0.504304 0.187351 -0.87068 -0.45477 0.485867 
1535134773975 0.246994 0.925867 -0.285945 -0.614476 -0.937313 0.303139 0.171905 -0.236939 0.245842 0.225561 0.9427 0.381128 0.31622 -0.384863 0.867113 0.400795 -0.930002 -0.306262 0.203222 -0.504304 0.187351 -0.87068 -0.45477 0.485867 
1535134774084 0.247011 0.925822 -0.286074 -0.614239 -0.93728 0.303205 0.171969 -0.236832 0.245952 0.225653 0.94265 0.381217 0.31622 -0.384863 0.867113 0.400795 -0.930002 -0.306262 0.203222 -0.504304 0.187351 -0.87068 -0.45477 0.485867 
1535134774192 0.247028 0.925778 -0.286204 -0.614001 -0.937246 0.303272 0.172034 -0.236724 0.246062 0.225746 0.942598 0.381306 0.31622 -0.384863 0.867113 0.400795 -0.930002 -0.306262 0.203222 -0.504304 0.187351 -0.87068 -0.45477 0.485867 
1535134774306 0.246976 0.925867 -0.28596 -0.614196 -0.937306 0.303135 0.171948 -0.236845 0.245886 0.225565 0.942688 0.381288 0.31622 -0.384863 0.867113 0.400795 -0.930002 -0.306262 0.203222 -0.504304 0.187351 -0.87068 -0.45477 0.485867 
1535134774319 0.247029 0.925882 -0.285864 -0.613894 -0.93729 0.303169 0.171975 -0.236728 0.245894 0.225455 0.942712 0.381364 0.31622 -0.384863 0.867113 0.400795 -0.930002 -0.306262 0.203222 -0.504304 0.187351 -0.87068 -0.45477 0.485867 
1535134774336 0.247081 0.925898 -0.285769 -0.613587 -0.937274 0.303204 0.172002 -0.236609 0.245902 0.225346 0.942736 0.381442 0.31622 -0.384863 0.867113 0.400795 -0.930002 -0.306262 0.203222 -0.504304 0.187351 -0.87068 -0.45477 0.485867 
1535134774450 0.247133 0.925913 -0.285674 -0.61328 -0.937258 0.303238 0.172028 -0.23649 0.245911 0.225236 0.94276 0.381519 0.31622 -0.384863 0.867113 0.400795 -0.930002 -0.306262 0.203222 -0.504304 0.187351 -0.87068 -0.45477 0.485867 
1535134774556 0.247186 0.925929 -0.285579 -0.612972 -0.937242 0.303272 0.172055 -0.23637 0.245919 0.225127 0.942784 0.381596 0.31622 -0.384863 0.867113 0.400795 -0.930002 -0.306262 0.203222 -0.504304 0.187351 -0.87068 -0.45477 0.485867 
1535134774658 0.247238 0.925944 -0.285484 -0.612664 -0.937226 0.303307 0.172082 -0.23625 0.245927 0.225018 0.942808 0.381674 0.31622 -0.384863 0.867113 0.400795 -0.930002 -0.306262 0.203222 -0.504304 0.187351 -0.87068 -0.45477 0.485867 
1535134774778 0.247291 0.925959 -0.285389 -0.612356 -0.93721 0.303341 0.172109 -0.236131 0.245936 0.224908 0.942832 0.381751 0.31622 -0.384863 0.867113 0.400795 -0.930002 -0.306262 0.203222 -0.504304 0.187351 -0.87068 -0.45477 0.485867 
1535134774893 0.247343 0.925975 -0.285294 -0.61205 -0.937194 0.303375 0.172136 -0.236012 0.245944 0.224799 0.942856 0.381828 0.31622 -0.384863 0.867113 0.400795 -0.930002 -0.306262 0.203222 -0.504304 0.187351 -0.87068 -0.45477 0.485867 
1535134775007 0.247395 0.92599 -0.285198 -0.611743 -0.937178 0.303409 0.172162 -0.235892 0.245953 0.224689 0.94288 0.381905 0.31622 -0.384863 0.867113 0.400795 -0.930002 -0.306262 0.203222 -0.504304 0.187351 -0.87068 -0.45477 0.485867 
1535134775127 0.247448 0.926005 -0.285103 -0.611435 -0.937162 0.303444 0.172189 -0.235773 0.245961 0.22458 0.942903 0.381983 0.31622 -0.384863 0.867113 0.400795 -0.930002 -0.306262 0.203222 -0.504304 0.187351 -0.87068 -0.45477 0.485867 
1535134775252 0.247436 0.925988 -0.28517 -0.611651 -0.937193 0.303419 0.172065 -0.235921 0.245856 0.224684 0.942906 0.381907 0.31622 -0.384863 0.867113 0.400795 -0.930002 -0.306262 0.203222 -0.504304 0.187351 -0.87068 -0.45477 0.485867 
1535134775263 0.247728 0.925961 -0.285005 -0.611341 -0.937172 0.303616 0.171831 -0.235768 0.245641 0.224532 0.942998 0.381971 0.31622 -0.384863 0.867113 0.400795 -0.930002 -0.306262 0.203222 -0.504304 0.187351 -0.87068 -0.45477 0.485867 
1535134775280 0.248021 0.925932 -0.284842 -0.611023 -0.937151 0.303813 0.171597 -0.235612 0.245426 0.22438 0.94309 0.382037 0.31622 -0.384863 0.867113 0.400795 -0.930002 -0.306262 0.203222 -0.504304 0.187351 -0.87068 -0.45477 0.485867 
1535134775439 0.248313 0.925904 -0.284678 -0.610708 -0.93713 0.304011 0.171363 -0.235456 0.245211 0.224228 0.943182 0.382103 0.31622 -0.384863 0.867113 0.400795 -0.930002 -0.306262 0.203222 -0.504304 0.187351 -0.87068 -0.45477 0.485867 
1535134775577 0.248606 0.925876 -0.284514 -0.610392 -0.937108 0.304208 0.171129 -0.2353 0.244996 0.224077 0.943274 0.382168 0.31622 -0.384863 0.867113 0.400795 -0.930002 -0.306262 0.203222 -0.504304 0.187351 -0.87068 -0.45477 0.485867 
1535134775703 0.248898 0.925848 -0.28435 -0.610077 -0.937087 0.304406 0.170895 -0.235145 0.244781 0.223925 0.943366 0.382233 0.31622 -0.384863 0.867113 0.400795 -0.930002 -0.306262 0.203222 -0.504304 0.187351 -0.87068 -0.45477 0.485867 
1535134775709 0.249191 0.92582 -0.284186 -0.609761 -0.937065 0.304603 0.170662 -0.234989 0.244566 0.223773 0.943458 0.382299 0.31622 -0.384863 0.867113 0.400795 -0.930002 -0.306262 0.203222 -0.504304 0.187351 -0.87068 -0.45477 0.485867 
1535134775897 0.249483 0.925792 -0.284021 -0.609445 -0.937044 0.304801 0.170428 -0.234834 0.244351 0.223621 0.94355 0.382364 0.31622 -0.384863 0.867113 0.400795 -0.930002 -0.306262 0.203222 -0.504304 0.187351 -0.87068 -0.45477 0.485867 
