1533736325915 0.0758895 0.845078 -0.529229 -0.533909 -0.950987 0.220911 0.216386 -0.243346 0.299776 0.486868 0.820423 0.415233 0.16008 -0.304787 0.938871 0.370831 -0.775623 0.549475 0.310623 -0.528794 -0.61056 -0.777934 -0.14844 0.432481 
1533736325928 0.0832641 0.831256 -0.549618 -0.541011 -0.950977 0.231123 0.205489 -0.238931 0.297843 0.505564 0.80975 0.415738 0.316241 -0.38488 0.867098 0.400864 -0.930001 -0.306251 0.203246 -0.504429 0.187325 -0.870677 -0.454788 0.485926 
1533736326510 0.0906766 0.816894 -0.569615 -0.548113 -0.950853 0.24106 0.194342 -0.234517 0.296068 0.523998 0.798605 0.416243 0.316241 -0.38488 0.867098 0.400864 -0.930001 -0.306251 0.203246 -0.504429 0.187325 -0.870677 -0.454788 0.485926 
1533736327104 0.0981223 0.802002 -0.589207 -0.555216 -0.950616 0.250715 0.182953 -0.230103 0.294452 0.542158 0.786996 0.416748 0.316241 -0.38488 0.867098 0.400864 -0.930001 -0.306251 0.203246 -0.504429 0.187325 -0.870677 -0.454788 0.485926 
1533736327110 0.105596 0.786589 -0.608381 -0.56232 -0.950265 0.260083 0.17133 -0.225691 0.292996 0.560031 0.774931 0.417252 0.316241 -0.38488 0.867098 0.400864 -0.930001 -0.306251 0.203246 -0.504429 0.187325 -0.870677 -0.454788 0.485926 
1533736327958 0.113093 0.770666 -0.627124 -0.569424 -0.9498 0.269157 0.159481 -0.22128 0.291701 0.577606 0.762418 0.417756 0.316241 -0.38488 0.867098 0.400864 -0.930001 -0.306251 0.203246 -0.504429 0.187325 -0.870677 -0.454788 0.485926 
1533736328579 0.120607 0.754244 -0.645423 -0.576531 -0.949223 0.27793 0.147413 -0.21687 0.290568 0.594871 0.749466 0.418259 0.316241 -0.38488 0.867098 0.400864 -0.930001 -0.306251 0.203246 -0.504429 0.187325 -0.870677 -0.454788 0.485926 
1533736329215 0.128134 0.737334 -0.663265 -0.583638 -0.948533 0.286397 0.135135 -0.212462 0.289597 0.611813 0.736083 0.418761 0.316241 -0.38488 0.867098 0.400864 -0.930001 -0.306251 0.203246 -0.504429 0.187325 -0.870677 -0.454788 0.485926 
1533736329865 0.135669 0.719948 -0.680639 -0.590748 -0.947731 0.294552 0.122656 -0.208055 0.28879 0.628422 0.722278 0.419263 0.316241 -0.38488 0.867098 0.400864 -0.930001 -0.306251 0.203246 -0.504429 0.187325 -0.870677 -0.454788 0.485926 
1533736330524 0.142859 0.702363 -0.697336 -0.598596 -0.946841 0.302172 0.110377 -0.204597 0.288241 0.644498 0.708194 0.419418 0.316531 -0.385118 0.866887 0.401814 -0.929976 -0.306103 0.20358 -0.50615 0.186955 -0.870623 -0.455042 0.486735 
1533736331178 0.142495 0.703001 -0.696767 -0.598214 -0.946953 0.301692 0.11073 -0.204653 0.288052 0.644027 0.708699 0.419361 0.316531 -0.385118 0.866887 0.401814 -0.929976 -0.306103 0.20358 -0.50615 0.186955 -0.870623 -0.455042 0.486735 
1533736331190 0.143324 0.701102 -0.698509 -0.598884 -0.946843 0.302532 0.109377 -0.204106 0.288005 0.645702 0.707193 0.419454 0.316221 -0.384863 0.867113 0.400797 -0.930002 -0.306262 0.203223 -0.504308 0.187351 -0.87068 -0.45477 0.485869 
1533736331409 0.144153 0.699196 -0.700246 -0.599555 -0.946731 0.303369 0.10802 -0.20356 0.28796 0.647373 0.705682 0.419546 0.316221 -0.384863 0.867113 0.400797 -0.930002 -0.306262 0.203223 -0.504308 0.187351 -0.87068 -0.45477 0.485869 
1533736331640 0.144982 0.697286 -0.701977 -0.600225 -0.946617 0.304203 0.106662 -0.203013 0.287918 0.649039 0.704167 0.419638 0.316221 -0.384863 0.867113 0.400797 -0.930002 -0.306262 0.203223 -0.504308 0.187351 -0.87068 -0.45477 0.485869 
1533736331869 0.14581 0.695371 -0.703703 -0.600895 -0.946502 0.305033 0.105302 -0.202467 0.287877 0.650702 0.702647 0.419731 0.316221 -0.384863 0.867113 0.400797 -0.930002 -0.306262 0.203223 -0.504308 0.187351 -0.87068 -0.45477 0.485869 
1533736332094 0.146639 0.693451 -0.705424 -0.601566 -0.946386 0.30586 0.10394 -0.20192 0.287838 0.652361 0.701123 0.419823 0.316221 -0.384863 0.867113 0.400797 -0.930002 -0.306262 0.203223 -0.504308 0.187351 -0.87068 -0.45477 0.485869 
1533736332325 0.147468 0.691526 -0.707139 -0.602234 -0.946268 0.306683 0.102575 -0.201372 0.287801 0.654017 0.699595 0.419916 0.31622 -0.384863 0.867113 0.400797 -0.930002 -0.306262 0.203222 -0.504307 0.187351 -0.87068 -0.45477 0.485868 
1533736332332 0.148297 0.689595 -0.708849 -0.602903 -0.94615 0.307503 0.101208 -0.200824 0.287766 0.655668 0.698062 0.420009 0.316221 -0.384863 0.867113 0.400796 -0.930002 -0.306262 0.203223 -0.504306 0.187351 -0.87068 -0.45477 0.485868 
1533736332653 0.149125 0.68766 -0.710553 -0.603573 -0.946029 0.308318 0.09984 -0.200277 0.287732 0.657315 0.696525 0.420102 0.316221 -0.384863 0.867113 0.400796 -0.930002 -0.306262 0.203223 -0.504306 0.187351 -0.87068 -0.45477 0.485868 
1533736332891 0.149953 0.68572 -0.712251 -0.604243 -0.945908 0.30913 0.0984694 -0.19973 0.287701 0.658959 0.694983 0.420194 0.316221 -0.384863 0.867113 0.400796 -0.930002 -0.306262 0.203223 -0.504306 0.187351 -0.87068 -0.45477 0.485868 
1533736333132 0.149854 0.686139 -0.711869 -0.604048 -0.94593 0.308992 0.0986973 -0.199919 0.287682 0.658588 0.695343 0.420185 0.316221 -0.384863 0.867113 0.400796 -0.930002 -0.306262 0.203223 -0.504306 0.187351 -0.87068 -0.45477 0.485868 
1533736333144 0.150963 0.686491 -0.711295 -0.604123 -0.94577 0.309661 0.0981346 -0.19983 0.287629 0.657907 0.696009 0.419997 0.31622 -0.384863 0.867113 0.400795 -0.930002 -0.306262 0.203222 -0.504304 0.187351 -0.87068 -0.454769 0.485867 
1533736333273 0.152072 0.68684 -0.710722 -0.604197 -0.945608 0.31033 0.0975709 -0.199738 0.287574 0.657227 0.696674 0.419811 0.31622 -0.384863 0.867113 0.400795 -0.930002 -0.306262 0.203222 -0.504304 0.187351 -0.87068 -0.454769 0.485867 
1533736333379 0.153181 0.687188 -0.710147 -0.60427 -0.945446 0.310999 0.0970081 -0.199646 0.287518 0.656546 0.697338 0.419624 0.31622 -0.384863 0.867113 0.400795 -0.930002 -0.306262 0.203222 -0.504304 0.187351 -0.87068 -0.454769 0.485867 
1533736333482 0.15429 0.687535 -0.709571 -0.604344 -0.945284 0.311668 0.0964462 -0.199554 0.287461 0.655865 0.698002 0.419437 0.31622 -0.384863 0.867113 0.400795 -0.930002 -0.306262 0.203222 -0.504304 0.187351 -0.87068 -0.454769 0.485867 
1533736333585 0.155398 0.68788 -0.708994 -0.604416 -0.94512 0.312338 0.0958841 -0.199461 0.287403 0.655184 0.698666 0.419251 0.31622 -0.384863 0.867113 0.400795 -0.930002 -0.306262 0.203222 -0.504304 0.187351 -0.87068 -0.454769 0.485867 
1533736333682 0.156506 0.688224 -0.708416 -0.60449 -0.944955 0.313008 0.0953232 -0.19937 0.287344 0.654502 0.699329 0.419064 0.31622 -0.384863 0.867113 0.400795 -0.930002 -0.306262 0.203222 -0.504304 0.187351 -0.87068 -0.454769 0.485867 
1533736333782 0.157615 0.688567 -0.707837 -0.604562 -0.944789 0.313679 0.0947622 -0.199277 0.287284 0.65382 0.699991 0.418878 0.31622 -0.384863 0.867113 0.400795 -0.930002 -0.306262 0.203222 -0.504304 0.187351 -0.87068 -0.454769 0.485867 
1533736333892 0.158723 0.688909 -0.707256 -0.604636 -0.944622 0.314349 0.0942023 -0.199185 0.287222 0.653138 0.700653 0.418691 0.31622 -0.384863 0.867113 0.400795 -0.930002 -0.306262 0.203222 -0.504304 0.187351 -0.87068 -0.454769 0.485867 
1533736333980 0.15983 0.68925 -0.706675 -0.604709 -0.944454 0.31502 0.093643 -0.199093 0.28716 0.652455 0.701314 0.418505 0.31622 -0.384863 0.867113 0.400795 -0.930002 -0.306262 0.203222 -0.504304 0.187351 -0.87068 -0.454769 0.485867 
1533736334092 0.158843 0.689013 -0.707128 -0.604653 -0.944586 0.314454 0.0942145 -0.199124 0.287274 0.652978 0.70078 0.4187 0.31622 -0.384863 0.867113 0.400795 -0.930002 -0.306262 0.203222 -0.504304 0.187351 -0.87068 -0.454769 0.485867 
1533736334104 0.159452 0.689203 -0.706806 -0.604692 -0.944397 0.315042 0.0941452 -0.199099 0.287559 0.652494 0.701115 0.418632 0.31622 -0.384863 0.867113 0.400795 -0.930002 -0.306262 0.203222 -0.504304 0.187351 -0.87068 -0.454769 0.485867 
1533736334111 0.160061 0.689394 -0.706482 -0.604732 -0.944207 0.31563 0.0940755 -0.199071 0.287842 0.652008 0.70145 0.418562 0.31622 -0.384863 0.867113 0.400795 -0.930002 -0.306262 0.203222 -0.504304 0.187351 -0.87068 -0.454769 0.485867 
1533736334124 0.160671 0.689584 -0.706158 -0.604773 -0.944017 0.316218 0.0940059 -0.199043 0.288125 0.651522 0.701786 0.418492 0.31622 -0.384863 0.867113 0.400795 -0.930002 -0.306262 0.203222 -0.504304 0.187351 -0.87068 -0.454769 0.485867 
1533736334141 0.16128 0.689773 -0.705834 -0.604813 -0.943827 0.316806 0.093937 -0.199016 0.288408 0.651035 0.702121 0.418423 0.31622 -0.384863 0.867113 0.400795 -0.930002 -0.306262 0.203222 -0.504304 0.187351 -0.87068 -0.454769 0.485867 
1533736334251 0.161889 0.689962 -0.70551 -0.604853 -0.943637 0.317394 0.0938684 -0.198989 0.28869 0.650549 0.702456 0.418354 0.31622 -0.384863 0.867113 0.400795 -0.930002 -0.306262 0.203222 -0.504304 0.187351 -0.87068 -0.454769 0.485867 
1533736334289 0.162498 0.69015 -0.705186 -0.604893 -0.943446 0.317981 0.0938001 -0.198962 0.288972 0.650062 0.702791 0.418285 0.31622 -0.384863 0.867113 0.400795 -0.930002 -0.306262 0.203222 -0.504304 0.187351 -0.87068 -0.454769 0.485867 
1533736334295 0.163108 0.690338 -0.704861 -0.604934 -0.943254 0.318569 0.0937314 -0.198933 0.289253 0.649574 0.703126 0.418215 0.31622 -0.384863 0.867113 0.400795 -0.930002 -0.306262 0.203222 -0.504304 0.187351 -0.87068 -0.454769 0.485867 
1533736334387 0.163718 0.690526 -0.704536 -0.604974 -0.943062 0.319156 0.0936635 -0.198905 0.289534 0.649087 0.70346 0.418145 0.31622 -0.384863 0.867113 0.400795 -0.930002 -0.306262 0.203222 -0.504304 0.187351 -0.87068 -0.454769 0.485867 
1533736334423 0.164328 0.690712 -0.704211 -0.605014 -0.94287 0.319743 0.0935959 -0.198878 0.289815 0.648599 0.703795 0.418076 0.31622 -0.384863 0.867113 0.400795 -0.930002 -0.306262 0.203222 -0.504304 0.187351 -0.87068 -0.454769 0.485867 
1533736334476 0.163161 0.690446 -0.704743 -0.604917 -0.943205 0.31868 0.0938457 -0.198892 0.289383 0.649405 0.703229 0.418244 0.31622 -0.384863 0.867113 0.400795 -0.930002 -0.306262 0.203222 -0.504304 0.187351 -0.87068 -0.454769 0.485867 
1533736334490 0.163493 0.690501 -0.704612 -0.604934 -0.94312 0.318962 0.0937395 -0.198894 0.289472 0.649209 0.703373 0.418221 0.31622 -0.384863 0.867113 0.400795 -0.930002 -0.306262 0.203222 -0.504304 0.187351 -0.87068 -0.454769 0.485867 
1533736334506 0.163832 0.690559 -0.704477 -0.604953 -0.943033 0.319252 0.0936345 -0.198891 0.289566 0.649005 0.703523 0.418196 0.31622 -0.384863 0.867113 0.400795 -0.930002 -0.306262 0.203222 -0.504304 0.187351 -0.87068 -0.454769 0.485867 
1533736334513 0.164171 0.690616 -0.704342 -0.60497 -0.942945 0.319542 0.0935291 -0.198887 0.28966 0.648801 0.703673 0.41817 0.31622 -0.384863 0.867113 0.400795 -0.930002 -0.306262 0.203222 -0.504304 0.187351 -0.87068 -0.454769 0.485867 
1533736334526 0.164511 0.690673 -0.704206 -0.604988 -0.942857 0.319832 0.0934237 -0.198883 0.289753 0.648597 0.703822 0.418146 0.31622 -0.384863 0.867113 0.400795 -0.930002 -0.306262 0.203222 -0.504304 0.187351 -0.87068 -0.454769 0.485867 
1533736334543 0.16485 0.69073 -0.704071 -0.605005 -0.942769 0.320123 0.0933182 -0.198878 0.289847 0.648393 0.703971 0.418121 0.31622 -0.384863 0.867113 0.400795 -0.930002 -0.306262 0.203222 -0.504304 0.187351 -0.87068 -0.454769 0.485867 
1533736334559 0.165189 0.690788 -0.703935 -0.605022 -0.942681 0.320413 0.0932134 -0.198875 0.28994 0.648188 0.704121 0.418096 0.31622 -0.384863 0.867113 0.400795 -0.930002 -0.306262 0.203222 -0.504304 0.187351 -0.87068 -0.454769 0.485867 
1533736334576 0.165528 0.690845 -0.7038 -0.60504 -0.942592 0.320703 0.0931086 -0.198872 0.290034 0.647984 0.70427 0.418071 0.31622 -0.384863 0.867113 0.400795 -0.930002 -0.306262 0.203222 -0.504304 0.187351 -0.87068 -0.454769 0.485867 
1533736334648 0.165868 0.690901 -0.703664 -0.605057 -0.942504 0.320993 0.0930032 -0.198867 0.290127 0.64778 0.70442 0.418046 0.31622 -0.384863 0.867113 0.400795 -0.930002 -0.306262 0.203222 -0.504304 0.187351 -0.87068 -0.45477 0.485867 
1533736334669 0.166207 0.690958 -0.703528 -0.605074 -0.942416 0.321283 0.0928984 -0.198864 0.290221 0.647576 0.704569 0.418021 0.31622 -0.384863 0.867113 0.400795 -0.930002 -0.306262 0.203222 -0.504304 0.187351 -0.87068 -0.45477 0.485867 
1533736334696 0.165374 0.690623 -0.704054 -0.605021 -0.94265 0.320557 0.093025 -0.199013 0.289935 0.648292 0.704027 0.418109 0.31622 -0.384863 0.867113 0.400795 -0.930002 -0.306262 0.203222 -0.504304 0.187351 -0.87068 -0.45477 0.485867 
1533736334709 0.165528 0.690702 -0.70394 -0.605029 -0.942608 0.320688 0.0930076 -0.199007 0.289985 0.648144 0.704144 0.418077 0.31622 -0.384863 0.867113 0.400795 -0.930002 -0.306262 0.203222 -0.504304 0.187351 -0.87068 -0.45477 0.485867 
1533736334726 0.165683 0.690782 -0.703825 -0.605039 -0.942565 0.320818 0.0929897 -0.199001 0.290035 0.647994 0.704261 0.418041 0.31622 -0.384863 0.867113 0.400795 -0.930002 -0.306262 0.203222 -0.504304 0.187351 -0.87068 -0.45477 0.485867 
1533736334742 0.165838 0.690862 -0.703709 -0.60505 -0.942522 0.320948 0.0929722 -0.198996 0.290085 0.647844 0.704379 0.418005 0.31622 -0.384863 0.867113 0.400795 -0.930002 -0.306262 0.203222 -0.504304 0.187351 -0.87068 -0.45477 0.485867 
1533736334759 0.165993 0.690942 -0.703595 -0.605059 -0.94248 0.321079 0.0929544 -0.19899 0.290135 0.647694 0.704496 0.417971 0.31622 -0.384863 0.867113 0.400795 -0.930002 -0.306262 0.203222 -0.504304 0.187351 -0.87068 -0.45477 0.485867 
1533736334776 0.166147 0.691023 -0.703479 -0.605071 -0.942437 0.321209 0.0929372 -0.198986 0.290185 0.647544 0.704613 0.417934 0.31622 -0.384863 0.867113 0.400795 -0.930002 -0.306262 0.203222 -0.504304 0.187351 -0.87068 -0.45477 0.485867 
1533736334792 0.166301 0.691103 -0.703364 -0.605083 -0.942394 0.321339 0.0929201 -0.198981 0.290235 0.647393 0.704731 0.417898 0.31622 -0.384863 0.867113 0.400795 -0.930002 -0.306262 0.203222 -0.504304 0.187351 -0.87068 -0.45477 0.485867 
1533736334809 0.166456 0.691183 -0.703248 -0.605093 -0.942352 0.321469 0.0929025 -0.198976 0.290285 0.647243 0.704848 0.417863 0.31622 -0.384863 0.867113 0.400795 -0.930002 -0.306262 0.203222 -0.504304 0.187351 -0.87068 -0.45477 0.485867 
1533736334826 0.166611 0.691263 -0.703133 -0.605103 -0.942309 0.321599 0.092885 -0.198971 0.290335 0.647093 0.704965 0.417828 0.31622 -0.384863 0.867113 0.400795 -0.930002 -0.306262 0.203222 -0.504304 0.187351 -0.87068 -0.45477 0.485867 
1533736334843 0.166765 0.691343 -0.703018 -0.605115 -0.942266 0.321729 0.0928681 -0.198967 0.290385 0.646943 0.705083 0.417792 0.31622 -0.384863 0.867113 0.400795 -0.930002 -0.306262 0.203222 -0.504304 0.187351 -0.87068 -0.45477 0.485867 
1533736334890 0.166013 0.690975 -0.703557 -0.605067 -0.942512 0.321008 0.0928707 -0.198941 0.290019 0.647693 0.704544 0.417966 0.31622 -0.384863 0.867113 0.400795 -0.930002 -0.306262 0.203222 -0.504304 0.187351 -0.87068 -0.45477 0.485867 
1533736334904 0.166099 0.691032 -0.703481 -0.605067 -0.942495 0.321065 0.0928507 -0.198943 0.290026 0.647605 0.704623 0.417964 0.31622 -0.384863 0.867113 0.400795 -0.930002 -0.306262 0.203222 -0.504304 0.187351 -0.87068 -0.45477 0.485867 
1533736334920 0.166185 0.691089 -0.703404 -0.605069 -0.942477 0.321122 0.0928312 -0.198944 0.290033 0.647515 0.704702 0.417958 0.31622 -0.384863 0.867113 0.400795 -0.930002 -0.306262 0.203222 -0.504304 0.187351 -0.87068 -0.45477 0.485867 
1533736334937 0.166271 0.691147 -0.703328 -0.605072 -0.94246 0.321178 0.0928119 -0.198946 0.29004 0.647426 0.704781 0.417952 0.31622 -0.384863 0.867113 0.400795 -0.930002 -0.306262 0.203222 -0.504304 0.187351 -0.87068 -0.45477 0.485867 
1533736334953 0.166357 0.691204 -0.703251 -0.605074 -0.942443 0.321235 0.0927924 -0.198948 0.290047 0.647337 0.70486 0.417947 0.31622 -0.384863 0.867113 0.400795 -0.930002 -0.306262 0.203222 -0.504304 0.187351 -0.87068 -0.45477 0.485867 
1533736334971 0.166443 0.691262 -0.703174 -0.605077 -0.942425 0.321291 0.0927734 -0.19895 0.290054 0.647248 0.704939 0.41794 0.31622 -0.384863 0.867113 0.400795 -0.930002 -0.306262 0.203222 -0.504304 0.187351 -0.87068 -0.45477 0.485867 
1533736334977 0.166529 0.691319 -0.703098 -0.605079 -0.942408 0.321347 0.092754 -0.198952 0.290061 0.647159 0.705018 0.417935 0.31622 -0.384863 0.867113 0.400795 -0.930002 -0.306262 0.203222 -0.504304 0.187351 -0.87068 -0.45477 0.485867 
1533736334990 0.166615 0.691376 -0.703021 -0.605081 -0.942391 0.321404 0.0927346 -0.198954 0.290068 0.64707 0.705097 0.41793 0.31622 -0.384863 0.867113 0.400795 -0.930002 -0.306262 0.203222 -0.504304 0.187351 -0.87068 -0.45477 0.485867 
1533736335007 0.166701 0.691433 -0.702944 -0.605085 -0.942373 0.32146 0.0927158 -0.198957 0.290075 0.64698 0.705176 0.417923 0.31622 -0.384863 0.867113 0.400795 -0.930002 -0.306262 0.203222 -0.504304 0.187351 -0.87068 -0.45477 0.485867 
1533736335023 0.166786 0.69149 -0.702868 -0.605087 -0.942356 0.321516 0.0926966 -0.198959 0.290082 0.646891 0.705255 0.417918 0.31622 -0.384863 0.867113 0.400795 -0.930002 -0.306262 0.203222 -0.504304 0.187351 -0.87068 -0.45477 0.485867 
1533736335043 0.16659 0.691031 -0.703366 -0.605121 -0.942378 0.32147 0.0926336 -0.199018 0.290124 0.647405 0.704766 0.417809 0.31622 -0.384863 0.867113 0.400795 -0.930002 -0.306262 0.203222 -0.504304 0.187351 -0.87068 -0.45477 0.485867 
1533736335057 0.166592 0.691062 -0.703336 -0.60512 -0.94239 0.32144 0.0926157 -0.199015 0.290083 0.647387 0.704799 0.417812 0.31622 -0.384863 0.867113 0.400795 -0.930002 -0.306262 0.203222 -0.504304 0.187351 -0.87068 -0.45477 0.485867 
1533736335073 0.166595 0.691093 -0.703304 -0.605121 -0.942402 0.32141 0.0925981 -0.199014 0.290043 0.647369 0.704833 0.417813 0.31622 -0.384863 0.867113 0.400795 -0.930002 -0.306262 0.203222 -0.504304 0.187351 -0.87068 -0.45477 0.485867 
1533736335090 0.166597 0.691125 -0.703272 -0.605122 -0.942414 0.321379 0.0925809 -0.199013 0.290002 0.64735 0.704867 0.417813 0.31622 -0.384863 0.867113 0.400795 -0.930002 -0.306262 0.203222 -0.504304 0.187351 -0.87068 -0.45477 0.485867 
1533736335107 0.166599 0.691156 -0.703241 -0.605122 -0.942426 0.321348 0.0925633 -0.199011 0.289961 0.647332 0.7049 0.417814 0.31622 -0.384863 0.867113 0.400795 -0.930002 -0.306262 0.203222 -0.504304 0.187351 -0.87068 -0.45477 0.485867 
1533736335123 0.166601 0.691188 -0.703209 -0.605124 -0.942439 0.321317 0.0925465 -0.19901 0.28992 0.647313 0.704934 0.417814 0.31622 -0.384863 0.867113 0.400795 -0.930002 -0.306262 0.203222 -0.504304 0.187351 -0.87068 -0.45477 0.485867 
1533736335140 0.166603 0.69122 -0.703178 -0.605125 -0.942451 0.321287 0.092529 -0.199009 0.289879 0.647295 0.704968 0.417815 0.31622 -0.384863 0.867113 0.400795 -0.930002 -0.306262 0.203222 -0.504304 0.187351 -0.87068 -0.45477 0.485867 
1533736335157 0.166605 0.691252 -0.703146 -0.605127 -0.942463 0.321256 0.0925123 -0.199009 0.289839 0.647276 0.705002 0.417814 0.31622 -0.384863 0.867113 0.400795 -0.930002 -0.306262 0.203222 -0.504304 0.187351 -0.87068 -0.45477 0.485867 
1533736335173 0.166607 0.691283 -0.703114 -0.605128 -0.942475 0.321225 0.092495 -0.199008 0.289798 0.647257 0.705035 0.417815 0.31622 -0.384863 0.867113 0.400795 -0.930002 -0.306262 0.203222 -0.504304 0.187351 -0.87068 -0.45477 0.485867 
1533736335190 0.166608 0.691315 -0.703083 -0.60513 -0.942487 0.321194 0.0924783 -0.199008 0.289757 0.647239 0.705069 0.417815 0.31622 -0.384863 0.867113 0.400795 -0.930002 -0.306262 0.203222 -0.504304 0.187351 -0.87068 -0.45477 0.485867 
1533736335216 0.166683 0.691324 -0.703056 -0.605086 -0.942355 0.32151 0.0927279 -0.198987 0.290144 0.647072 0.705063 0.417862 0.31622 -0.384863 0.867113 0.400795 -0.930002 -0.306262 0.203222 -0.504304 0.187351 -0.87068 -0.45477 0.485867 
1533736335227 0.166674 0.691539 -0.702847 -0.605082 -0.942377 0.321429 0.0927815 -0.198984 0.290078 0.646883 0.705264 0.417832 0.31622 -0.384863 0.867113 0.400795 -0.930002 -0.306262 0.203222 -0.504304 0.187351 -0.87068 -0.45477 0.485867 
1533736335243 0.166663 0.691754 -0.702637 -0.605082 -0.9424 0.321348 0.0928364 -0.198987 0.290011 0.646693 0.705466 0.417801 0.31622 -0.384863 0.867113 0.400795 -0.930002 -0.306262 0.203222 -0.504304 0.187351 -0.87068 -0.45477 0.485867 
1533736335260 0.166653 0.69197 -0.702428 -0.605081 -0.942422 0.321266 0.0928911 -0.198989 0.289944 0.646503 0.705667 0.417769 0.31622 -0.384863 0.867113 0.400795 -0.930002 -0.306262 0.203222 -0.504304 0.187351 -0.87068 -0.45477 0.485867 
1533736335346 0.166642 0.692185 -0.702218 -0.605081 -0.942445 0.321184 0.0929461 -0.198991 0.289877 0.646313 0.705869 0.417737 0.31622 -0.384863 0.867113 0.400795 -0.930002 -0.306262 0.203222 -0.504304 0.187351 -0.87068 -0.45477 0.485867 
1533736335369 0.166631 0.692401 -0.702008 -0.605082 -0.942467 0.321102 0.0930011 -0.198994 0.28981 0.646123 0.706071 0.417705 0.31622 -0.384863 0.867113 0.400795 -0.930002 -0.306262 0.203222 -0.504304 0.187351 -0.87068 -0.45477 0.485867 
1533736335394 0.16662 0.692616 -0.701798 -0.605081 -0.942489 0.321021 0.0930555 -0.198995 0.289743 0.645933 0.706272 0.417674 0.31622 -0.384863 0.867113 0.400795 -0.930002 -0.306262 0.203222 -0.504304 0.187351 -0.87068 -0.45477 0.485867 
1533736335436 0.166609 0.692832 -0.701588 -0.605082 -0.942512 0.320939 0.0931106 -0.198998 0.289677 0.645742 0.706473 0.417642 0.31622 -0.384863 0.867113 0.400795 -0.930002 -0.306262 0.203222 -0.504304 0.187351 -0.87068 -0.45477 0.485867 
1533736335488 0.166598 0.693047 -0.701378 -0.605081 -0.942534 0.320857 0.0931651 -0.199 0.28961 0.645552 0.706674 0.417611 0.31622 -0.384863 0.867113 0.400795 -0.930002 -0.306262 0.203222 -0.504304 0.187351 -0.87068 -0.45477 0.485867 
1533736335512 0.166588 0.693262 -0.701168 -0.60508 -0.942557 0.320775 0.0932196 -0.199001 0.289543 0.645362 0.706876 0.417579 0.31622 -0.384863 0.867113 0.400795 -0.930002 -0.306262 0.203222 -0.504304 0.187351 -0.87068 -0.45477 0.485867 
1533736335545 0.166663 0.692632 -0.701772 -0.605049 -0.942454 0.321109 0.0931045 -0.199018 0.289833 0.645871 0.706291 0.417663 0.31622 -0.384863 0.867113 0.400795 -0.930002 -0.306262 0.203222 -0.504304 0.187351 -0.87068 -0.45477 0.485867 
1533736335555 0.166723 0.692649 -0.701741 -0.605057 -0.942507 0.321006 0.0929224 -0.199011 0.289626 0.645904 0.706346 0.417667 0.31622 -0.384863 0.867113 0.400795 -0.930002 -0.306262 0.203222 -0.504304 0.187351 -0.87068 -0.45477 0.485867 
1533736335572 0.166784 0.692665 -0.701711 -0.605063 -0.94256 0.320905 0.0927391 -0.198999 0.28942 0.645937 0.7064 0.417672 0.31622 -0.384863 0.867113 0.400795 -0.930002 -0.306262 0.203222 -0.504304 0.187351 -0.87068 -0.45477 0.485867 
1533736335588 0.166845 0.692682 -0.70168 -0.605069 -0.942613 0.320803 0.0925559 -0.198987 0.289213 0.64597 0.706455 0.417677 0.31622 -0.384863 0.867113 0.400795 -0.930002 -0.306262 0.203222 -0.504304 0.187351 -0.87068 -0.45477 0.485867 
1533736335605 0.166906 0.692698 -0.70165 -0.605074 -0.942665 0.320701 0.0923726 -0.198975 0.289006 0.646003 0.706509 0.417682 0.31622 -0.384863 0.867113 0.400795 -0.930002 -0.306262 0.203222 -0.504304 0.187351 -0.87068 -0.45477 0.485867 
1533736335725 0.166966 0.692714 -0.701619 -0.60508 -0.942718 0.3206 0.0921897 -0.198965 0.2888 0.646036 0.706564 0.417687 0.31622 -0.384863 0.867113 0.400795 -0.930002 -0.306262 0.203222 -0.504304 0.187351 -0.87068 -0.45477 0.485867 
1533736335738 0.167027 0.692731 -0.701588 -0.605085 -0.94277 0.320498 0.0920062 -0.198953 0.288593 0.646069 0.706618 0.417692 0.31622 -0.384863 0.867113 0.400795 -0.930002 -0.306262 0.203222 -0.504304 0.187351 -0.87068 -0.45477 0.485867 
1533736335755 0.167088 0.692747 -0.701558 -0.605091 -0.942823 0.320396 0.0918232 -0.198942 0.288387 0.646102 0.706672 0.417697 0.31622 -0.384863 0.867113 0.400795 -0.930002 -0.306262 0.203222 -0.504304 0.187351 -0.87068 -0.45477 0.485867 
1533736335771 0.167148 0.692764 -0.701527 -0.605097 -0.942875 0.320294 0.0916402 -0.198931 0.28818 0.646135 0.706726 0.417702 0.31622 -0.384863 0.867113 0.400795 -0.930002 -0.306262 0.203222 -0.504304 0.187351 -0.87068 -0.45477 0.485867 
1533736335788 0.16721 0.69278 -0.701497 -0.605102 -0.942928 0.320193 0.0914565 -0.198918 0.287973 0.646168 0.70678 0.417708 0.31622 -0.384863 0.867113 0.400795 -0.930002 -0.306262 0.203222 -0.504304 0.187351 -0.87068 -0.45477 0.485867 
1533736335817 0.167024 0.692648 -0.701671 -0.605101 -0.942679 0.320712 0.0921949 -0.199023 0.288893 0.646052 0.706511 0.417647 0.31622 -0.384863 0.867113 0.400795 -0.930002 -0.306262 0.203222 -0.504304 0.187351 -0.87068 -0.45477 0.485867 
1533736335831 0.167088 0.692524 -0.701778 -0.60511 -0.942748 0.320593 0.0919038 -0.199009 0.28863 0.646244 0.706443 0.417672 0.31622 -0.384863 0.867113 0.400795 -0.930002 -0.306262 0.203222 -0.504304 0.187351 -0.87068 -0.45477 0.485867 
1533736335845 0.167155 0.6924 -0.701885 -0.605115 -0.942817 0.320475 0.0916105 -0.198991 0.288368 0.646435 0.706375 0.417699 0.31622 -0.384863 0.867113 0.400795 -0.930002 -0.306262 0.203222 -0.504304 0.187351 -0.87068 -0.45477 0.485867 
1533736335862 0.167222 0.692275 -0.701991 -0.60512 -0.942885 0.320357 0.0913173 -0.198973 0.288105 0.646627 0.706307 0.417726 0.31622 -0.384863 0.867113 0.400795 -0.930002 -0.306262 0.203222 -0.504304 0.187351 -0.87068 -0.45477 0.485867 
1533736335879 0.16729 0.692151 -0.702098 -0.605125 -0.942953 0.32024 0.0910239 -0.198955 0.287842 0.646818 0.706239 0.417753 0.31622 -0.384863 0.867113 0.400795 -0.930002 -0.306262 0.203222 -0.504304 0.187351 -0.87068 -0.45477 0.485867 
1533736335886 0.167357 0.692027 -0.702204 -0.605131 -0.943022 0.320122 0.0907311 -0.198937 0.287579 0.64701 0.706171 0.41778 0.31622 -0.384863 0.867113 0.400795 -0.930002 -0.306262 0.203222 -0.504304 0.187351 -0.87068 -0.45477 0.485867 
1533736336006 0.167424 0.691902 -0.702311 -0.605136 -0.94309 0.320004 0.0904376 -0.198919 0.287316 0.647201 0.706102 0.417807 0.31622 -0.384863 0.867113 0.400795 -0.930002 -0.306262 0.203222 -0.504304 0.187351 -0.87068 -0.45477 0.485867 
1533736336034 0.167491 0.691778 -0.702418 -0.605142 -0.943158 0.319886 0.0901446 -0.198901 0.287053 0.647392 0.706034 0.417834 0.31622 -0.384863 0.867113 0.400795 -0.930002 -0.306262 0.203222 -0.504304 0.187351 -0.87068 -0.45477 0.485867 
1533736336076 0.167559 0.691653 -0.702524 -0.605146 -0.943226 0.319768 0.0898511 -0.198883 0.28679 0.647584 0.705965 0.417861 0.31622 -0.384863 0.867113 0.400795 -0.930002 -0.306262 0.203222 -0.504304 0.187351 -0.87068 -0.45477 0.485867 
1533736336082 0.167626 0.691529 -0.702631 -0.605152 -0.943294 0.319649 0.089558 -0.198865 0.286527 0.647775 0.705896 0.417888 0.31622 -0.384863 0.867113 0.400795 -0.930002 -0.306262 0.203222 -0.504304 0.187351 -0.87068 -0.45477 0.485867 
1533736336181 0.167553 0.691688 -0.702491 -0.605143 -0.943145 0.319945 0.0900728 -0.198966 0.28706 0.647459 0.70597 0.417788 0.31622 -0.384863 0.867113 0.400795 -0.930002 -0.306262 0.203222 -0.504304 0.187351 -0.87068 -0.45477 0.485867 
1533736336192 0.167543 0.691734 -0.702448 -0.605141 -0.943121 0.31999 0.0901626 -0.198954 0.287145 0.647387 0.706001 0.417786 0.31622 -0.384863 0.867113 0.400795 -0.930002 -0.306262 0.203222 -0.504304 0.187351 -0.87068 -0.45477 0.485867 
1533736336209 0.167532 0.691781 -0.702404 -0.605141 -0.943097 0.320034 0.0902538 -0.198946 0.287229 0.647315 0.706033 0.417782 0.31622 -0.384863 0.867113 0.400795 -0.930002 -0.306262 0.203222 -0.504304 0.187351 -0.87068 -0.45477 0.485867 
1533736336287 0.16752 0.691829 -0.702361 -0.605141 -0.943074 0.320077 0.0903449 -0.198938 0.287313 0.647243 0.706065 0.417778 0.31622 -0.384863 0.867113 0.400795 -0.930002 -0.306262 0.203222 -0.504304 0.187351 -0.87068 -0.45477 0.485867 
1533736336305 0.167509 0.691876 -0.702317 -0.605141 -0.94305 0.320121 0.0904362 -0.19893 0.287397 0.647171 0.706097 0.417773 0.31622 -0.384863 0.867113 0.400795 -0.930002 -0.306262 0.203222 -0.504304 0.187351 -0.87068 -0.45477 0.485867 
1533736336321 0.167498 0.691922 -0.702273 -0.605141 -0.943027 0.320165 0.090527 -0.198921 0.287481 0.647099 0.706128 0.41777 0.31622 -0.384863 0.867113 0.400795 -0.930002 -0.306262 0.203222 -0.504304 0.187351 -0.87068 -0.45477 0.485867 
1533736336337 0.167486 0.69197 -0.702229 -0.605142 -0.943003 0.320209 0.0906184 -0.198914 0.287565 0.647027 0.70616 0.417765 0.31622 -0.384863 0.867113 0.400795 -0.930002 -0.306262 0.203222 -0.504304 0.187351 -0.87068 -0.45477 0.485867 
1533736336354 0.167475 0.692017 -0.702186 -0.605142 -0.942979 0.320253 0.0907093 -0.198905 0.287649 0.646955 0.706192 0.417762 0.31622 -0.384863 0.867113 0.400795 -0.930002 -0.306262 0.203222 -0.504304 0.187351 -0.87068 -0.45477 0.485867 
1533736336371 0.167463 0.692064 -0.702142 -0.605143 -0.942956 0.320296 0.0908008 -0.198898 0.287733 0.646883 0.706224 0.417757 0.31622 -0.384863 0.867113 0.400795 -0.930002 -0.306262 0.203222 -0.504304 0.187351 -0.87068 -0.45477 0.485867 
1533736336387 0.167452 0.692111 -0.702099 -0.605143 -0.942932 0.32034 0.0908918 -0.198889 0.287818 0.646811 0.706255 0.417754 0.31622 -0.384863 0.867113 0.400795 -0.930002 -0.306262 0.203222 -0.504304 0.187351 -0.87068 -0.45477 0.485867 
1533736336415 0.167327 0.691783 -0.702451 -0.60513 -0.943077 0.32002 0.0905151 -0.198904 0.287415 0.64732 0.705953 0.417705 0.31622 -0.384863 0.867113 0.400795 -0.930002 -0.306262 0.203222 -0.504304 0.187351 -0.87068 -0.45477 0.485867 
1533736336427 0.167213 0.691799 -0.702463 -0.605124 -0.943055 0.320033 0.0906925 -0.198903 0.287552 0.647296 0.705919 0.417717 0.31622 -0.384863 0.867113 0.400795 -0.930002 -0.306262 0.203222 -0.504304 0.187351 -0.87068 -0.45477 0.485867 
1533736336444 0.167097 0.691816 -0.702474 -0.60512 -0.943034 0.320045 0.0908708 -0.198905 0.287689 0.647273 0.705884 0.417729 0.31622 -0.384863 0.867113 0.400795 -0.930002 -0.306262 0.203222 -0.504304 0.187351 -0.87068 -0.45477 0.485867 
1533736336461 0.16698 0.691832 -0.702485 -0.605116 -0.943013 0.320057 0.0910496 -0.198907 0.287826 0.647249 0.70585 0.41774 0.31622 -0.384863 0.867113 0.400795 -0.930002 -0.306262 0.203222 -0.504304 0.187351 -0.87068 -0.45477 0.485867 
1533736336478 0.166864 0.691849 -0.702496 -0.605113 -0.942992 0.320068 0.0912286 -0.19891 0.287963 0.647226 0.705816 0.417751 0.31622 -0.384863 0.867113 0.400795 -0.930002 -0.306262 0.203222 -0.504304 0.187351 -0.87068 -0.45477 0.485867 
1533736336494 0.166747 0.691866 -0.702507 -0.605111 -0.942971 0.32008 0.0914077 -0.198913 0.2881 0.647202 0.705782 0.417762 0.31622 -0.384863 0.867113 0.400795 -0.930002 -0.306262 0.203222 -0.504304 0.187351 -0.87068 -0.45477 0.485867 
1533736336511 0.166631 0.691883 -0.702519 -0.605107 -0.942949 0.320091 0.0915862 -0.198915 0.288237 0.647179 0.705747 0.417773 0.31622 -0.384863 0.867113 0.400795 -0.930002 -0.306262 0.203222 -0.504304 0.187351 -0.87068 -0.45477 0.485867 
1533736336529 0.166514 0.6919 -0.70253 -0.605104 -0.942928 0.320103 0.0917654 -0.198919 0.288374 0.647155 0.705713 0.417784 0.31622 -0.384863 0.867113 0.400795 -0.930002 -0.306262 0.203222 -0.504304 0.187351 -0.87068 -0.45477 0.485867 
1533736336544 0.166398 0.691916 -0.702541 -0.605101 -0.942907 0.320114 0.091944 -0.198921 0.288511 0.647131 0.705679 0.417795 0.31622 -0.384863 0.867113 0.400795 -0.930002 -0.306262 0.203222 -0.504304 0.187351 -0.87068 -0.45477 0.485867 
1533736336569 0.166282 0.691933 -0.702552 -0.605097 -0.942885 0.320126 0.0921226 -0.198923 0.288648 0.647108 0.705644 0.417807 0.31622 -0.384863 0.867113 0.400795 -0.930002 -0.306262 0.203222 -0.504304 0.187351 -0.87068 -0.45477 0.485867 
1533736336589 0.167046 0.691883 -0.70242 -0.605154 -0.943053 0.31998 0.090908 -0.198923 0.287658 0.647233 0.705934 0.417735 0.31622 -0.384863 0.867113 0.400795 -0.930002 -0.306262 0.203222 -0.504304 0.187351 -0.87068 -0.45477 0.485867 
1533736336602 0.167021 0.691886 -0.702423 -0.605152 -0.943035 0.320012 0.0909779 -0.198918 0.28773 0.647214 0.705921 0.417741 0.31622 -0.384863 0.867113 0.400795 -0.930002 -0.306262 0.203222 -0.504304 0.187351 -0.87068 -0.45477 0.485867 
1533736336619 0.166996 0.691888 -0.702426 -0.605151 -0.943017 0.320044 0.091049 -0.198915 0.287803 0.647195 0.705909 0.417748 0.31622 -0.384863 0.867113 0.400795 -0.930002 -0.306262 0.203222 -0.504304 0.187351 -0.87068 -0.45477 0.485867 
1533736336637 0.16697 0.691891 -0.70243 -0.60515 -0.943 0.320076 0.0911205 -0.198913 0.287877 0.647176 0.705896 0.417753 0.31622 -0.384863 0.867113 0.400795 -0.930002 -0.306262 0.203222 -0.504304 0.187351 -0.87068 -0.45477 0.485867 
1533736336652 0.166944 0.691895 -0.702433 -0.60515 -0.942982 0.320108 0.0911921 -0.198912 0.28795 0.647157 0.705884 0.417759 0.31622 -0.384863 0.867113 0.400795 -0.930002 -0.306262 0.203222 -0.504304 0.187351 -0.87068 -0.45477 0.485867 
1533736336669 0.166918 0.691897 -0.702436 -0.605149 -0.942964 0.320141 0.0912632 -0.198909 0.288023 0.647138 0.705871 0.417765 0.31622 -0.384863 0.867113 0.400795 -0.930002 -0.306262 0.203222 -0.504304 0.187351 -0.87068 -0.45477 0.485867 
1533736336685 0.166892 0.6919 -0.702439 -0.605149 -0.942946 0.320173 0.091335 -0.198908 0.288096 0.647119 0.705859 0.41777 0.31622 -0.384863 0.867113 0.400795 -0.930002 -0.306262 0.203222 -0.504304 0.187351 -0.87068 -0.45477 0.485867 
1533736336702 0.166866 0.691903 -0.702442 -0.605148 -0.942928 0.320205 0.0914062 -0.198906 0.28817 0.6471 0.705847 0.417776 0.31622 -0.384863 0.867113 0.400795 -0.930002 -0.306262 0.203222 -0.504304 0.187351 -0.87068 -0.45477 0.485867 
1533736336719 0.166841 0.691906 -0.702446 -0.605147 -0.94291 0.320237 0.0914775 -0.198903 0.288243 0.647081 0.705834 0.417782 0.31622 -0.384863 0.867113 0.400795 -0.930002 -0.306262 0.203222 -0.504304 0.187351 -0.87068 -0.45477 0.485867 
1533736336735 0.166815 0.691909 -0.702449 -0.605147 -0.942893 0.320269 0.0915494 -0.198902 0.288316 0.647062 0.705822 0.417788 0.31622 -0.384863 0.867113 0.400795 -0.930002 -0.306262 0.203222 -0.504304 0.187351 -0.87068 -0.45477 0.485867 
1533736336763 0.166688 0.691914 -0.702474 -0.605124 -0.942904 0.320205 0.0916525 -0.198967 0.288351 0.647088 0.705783 0.417839 0.31622 -0.384863 0.867113 0.400795 -0.930002 -0.306262 0.203222 -0.504304 0.187351 -0.87068 -0.45477 0.485867 
1533736336775 0.166578 0.692031 -0.702385 -0.605117 -0.94288 0.320213 0.0918788 -0.198968 0.288496 0.64696 0.705842 0.417833 0.31622 -0.384863 0.867113 0.400795 -0.930002 -0.306262 0.203222 -0.504304 0.187351 -0.87068 -0.45477 0.485867 
1533736336792 0.166467 0.692149 -0.702295 -0.605113 -0.942855 0.32022 0.0921066 -0.198973 0.28864 0.64683 0.705902 0.417825 0.31622 -0.384863 0.867113 0.400795 -0.930002 -0.306262 0.203222 -0.504304 0.187351 -0.87068 -0.45477 0.485867 
1533736336809 0.166356 0.692268 -0.702205 -0.605109 -0.94283 0.320227 0.0923342 -0.198979 0.288785 0.6467 0.705962 0.417817 0.31622 -0.384863 0.867113 0.400795 -0.930002 -0.306262 0.203222 -0.504304 0.187351 -0.87068 -0.45477 0.485867 
1533736336876 0.166245 0.692386 -0.702114 -0.605106 -0.942806 0.320234 0.092562 -0.198984 0.288929 0.646569 0.706023 0.417809 0.31622 -0.384863 0.867113 0.400795 -0.930002 -0.306262 0.203222 -0.504304 0.187351 -0.87068 -0.45477 0.485867 
1533736336907 0.166134 0.692505 -0.702024 -0.605102 -0.942781 0.320241 0.0927899 -0.19899 0.289074 0.646439 0.706083 0.417801 0.31622 -0.384863 0.867113 0.400795 -0.930002 -0.306262 0.203222 -0.504304 0.187351 -0.87068 -0.45477 0.485867 
1533736336939 0.166023 0.692623 -0.701933 -0.605098 -0.942756 0.320248 0.0930172 -0.198995 0.289219 0.646309 0.706143 0.417793 0.31622 -0.384863 0.867113 0.400795 -0.930002 -0.306262 0.203222 -0.504304 0.187351 -0.87068 -0.45477 0.485867 
1533736336982 0.165912 0.692741 -0.701842 -0.605095 -0.942731 0.320255 0.0932452 -0.199001 0.289363 0.646178 0.706203 0.417785 0.31622 -0.384863 0.867113 0.400795 -0.930002 -0.306262 0.203222 -0.504304 0.187351 -0.87068 -0.45477 0.485867 
1533736337011 0.165801 0.692859 -0.701752 -0.605091 -0.942706 0.320262 0.0934727 -0.199006 0.289508 0.646048 0.706263 0.417777 0.31622 -0.384863 0.867113 0.400795 -0.930002 -0.306262 0.203222 -0.504304 0.187351 -0.87068 -0.45477 0.485867 
1533736337040 0.165691 0.692978 -0.701661 -0.605087 -0.942681 0.320269 0.0937001 -0.199011 0.289652 0.645918 0.706323 0.41777 0.31622 -0.384863 0.867113 0.400795 -0.930002 -0.306262 0.203222 -0.504304 0.187351 -0.87068 -0.45477 0.485867 
1533736337075 0.165817 0.692694 -0.701912 -0.605101 -0.942772 0.320143 0.0932222 -0.198882 0.289286 0.646284 0.706137 0.417793 0.31622 -0.384863 0.867113 0.400795 -0.930002 -0.306262 0.203222 -0.504304 0.187351 -0.87068 -0.45477 0.485867 
1533736337091 0.165829 0.692704 -0.701899 -0.605099 -0.942757 0.320177 0.0932492 -0.198878 0.289326 0.646257 0.706146 0.417794 0.31622 -0.384863 0.867113 0.400795 -0.930002 -0.306262 0.203222 -0.504304 0.187351 -0.87068 -0.45477 0.485867 
1533736337108 0.16584 0.692715 -0.701886 -0.605098 -0.942744 0.320209 0.093276 -0.198873 0.289364 0.646229 0.706156 0.417796 0.31622 -0.384863 0.867113 0.400795 -0.930002 -0.306262 0.203222 -0.504304 0.187351 -0.87068 -0.45477 0.485867 
1533736337126 0.165852 0.692726 -0.701871 -0.605095 -0.94273 0.320242 0.0933032 -0.198869 0.289402 0.646201 0.706166 0.417794 0.31622 -0.384863 0.867113 0.400795 -0.930002 -0.306262 0.203222 -0.504304 0.187351 -0.87068 -0.45477 0.485867 
1533736337141 0.165863 0.692737 -0.701858 -0.605094 -0.942716 0.320275 0.0933302 -0.198864 0.289441 0.646173 0.706176 0.417794 0.31622 -0.384863 0.867113 0.400795 -0.930002 -0.306262 0.203222 -0.504304 0.187351 -0.87068 -0.45477 0.485867 
1533736337158 0.165874 0.692748 -0.701845 -0.605092 -0.942702 0.320308 0.0933572 -0.19886 0.289479 0.646145 0.706186 0.417795 0.31622 -0.384863 0.867113 0.400795 -0.930002 -0.306262 0.203222 -0.504304 0.187351 -0.87068 -0.45477 0.485867 
1533736337175 0.165886 0.69276 -0.70183 -0.60509 -0.942688 0.32034 0.0933846 -0.198856 0.289518 0.646116 0.706196 0.417793 0.31622 -0.384863 0.867113 0.400795 -0.930002 -0.306262 0.203222 -0.504304 0.187351 -0.87068 -0.45477 0.485867 
1533736337181 0.165897 0.692771 -0.701817 -0.605088 -0.942675 0.320373 0.0934116 -0.198851 0.289556 0.646088 0.706206 0.417793 0.31622 -0.384863 0.867113 0.400795 -0.930002 -0.306262 0.203222 -0.504304 0.187351 -0.87068 -0.45477 0.485867 
1533736337195 0.165909 0.692782 -0.701803 -0.605086 -0.942661 0.320406 0.0934387 -0.198847 0.289594 0.64606 0.706216 0.417793 0.31622 -0.384863 0.867113 0.400795 -0.930002 -0.306262 0.203222 -0.504304 0.187351 -0.87068 -0.45477 0.485867 
1533736337202 0.16592 0.692793 -0.70179 -0.605084 -0.942647 0.320438 0.0934657 -0.198843 0.289633 0.646032 0.706226 0.417793 0.31622 -0.384863 0.867113 0.400795 -0.930002 -0.306262 0.203222 -0.504304 0.187351 -0.87068 -0.45477 0.485867 
1533736337224 0.165501 0.692932 -0.701751 -0.605104 -0.94273 0.320111 0.0937539 -0.198907 0.289603 0.646045 0.706226 0.417747 0.31622 -0.384863 0.867113 0.400795 -0.930002 -0.306262 0.203222 -0.504304 0.187351 -0.87068 -0.45477 0.485867 
1533736337235 0.16559 0.692835 -0.701826 -0.605109 -0.942752 0.3201 0.0935657 -0.198901 0.28948 0.646154 0.706177 0.417762 0.31622 -0.384863 0.867113 0.400795 -0.930002 -0.306262 0.203222 -0.504304 0.187351 -0.87068 -0.45477 0.485867 
1533736337252 0.165679 0.692738 -0.701901 -0.60511 -0.942774 0.320091 0.0933763 -0.198891 0.289357 0.646263 0.706128 0.417778 0.31622 -0.384863 0.867113 0.400795 -0.930002 -0.306262 0.203222 -0.504304 0.187351 -0.87068 -0.45477 0.485867 
1533736337269 0.165769 0.69264 -0.701976 -0.605112 -0.942796 0.320081 0.0931871 -0.198881 0.289234 0.646372 0.706078 0.417794 0.31622 -0.384863 0.867113 0.400795 -0.930002 -0.306262 0.203222 -0.504304 0.187351 -0.87068 -0.45477 0.485867 
1533736337285 0.165859 0.692543 -0.702051 -0.605113 -0.942818 0.320072 0.0929976 -0.198871 0.289112 0.646481 0.706028 0.417811 0.31622 -0.384863 0.867113 0.400795 -0.930002 -0.306262 0.203222 -0.504304 0.187351 -0.87068 -0.45477 0.485867 
1533736337302 0.165948 0.692446 -0.702126 -0.605115 -0.94284 0.320062 0.0928087 -0.198862 0.288989 0.64659 0.705979 0.417827 0.31622 -0.384863 0.867113 0.400795 -0.930002 -0.306262 0.203222 -0.504304 0.187351 -0.87068 -0.45477 0.485867 
1533736337318 0.166038 0.692348 -0.702201 -0.605116 -0.942862 0.320053 0.092619 -0.198851 0.288866 0.6467 0.705929 0.417843 0.31622 -0.384863 0.867113 0.400795 -0.930002 -0.306262 0.203222 -0.504304 0.187351 -0.87068 -0.45477 0.485867 
1533736337403 0.166127 0.692251 -0.702276 -0.605118 -0.942883 0.320043 0.09243 -0.198842 0.288743 0.646809 0.705879 0.417859 0.31622 -0.384863 0.867113 0.400795 -0.930002 -0.306262 0.203222 -0.504304 0.187351 -0.87068 -0.45477 0.485867 
