1534190857780 -0.349168 0.892616 -0.285164 -0.572375 -0.924544 -0.278592 0.260009 -0.275943 0.152643 0.354434 0.922538 0.36745 0.16008 -0.304787 0.938871 0.370831 -0.775623 0.549475 0.310623 -0.528794 -0.61056 -0.777934 -0.14844 0.432481 
1534190857793 -0.300769 0.901269 -0.311853 -0.576115 -0.940237 -0.225481 0.25517 -0.271138 0.15966 0.369963 0.915225 0.371952 0.316225 -0.384867 0.86711 0.400813 -0.930002 -0.30626 0.203228 -0.504337 0.187345 -0.870679 -0.454774 0.485882 
1534190858716 -0.251698 0.906814 -0.338136 -0.579855 -0.953196 -0.171797 0.248802 -0.266333 0.167527 0.384933 0.907613 0.376455 0.316225 -0.384867 0.86711 0.400813 -0.930002 -0.30626 0.203228 -0.504337 0.187345 -0.870679 -0.454774 0.485882 
1534190858722 -0.202113 0.909235 -0.363925 -0.583594 -0.963378 -0.117716 0.240927 -0.261528 0.17622 0.399292 0.899729 0.380957 0.316225 -0.384867 0.86711 0.400813 -0.930002 -0.30626 0.203228 -0.504337 0.187345 -0.870679 -0.454774 0.485882 
1534190860026 -0.152178 0.908523 -0.389136 -0.587335 -0.970749 -0.0634155 0.231571 -0.256724 0.18571 0.412994 0.891599 0.385459 0.316225 -0.384867 0.86711 0.400813 -0.930002 -0.30626 0.203228 -0.504337 0.187345 -0.870679 -0.454774 0.485882 
1534190860970 -0.102058 0.904681 -0.413686 -0.591075 -0.975285 -0.00907368 0.220764 -0.25192 0.195967 0.425993 0.883248 0.389961 0.316225 -0.384867 0.86711 0.400813 -0.930002 -0.30626 0.203228 -0.504337 0.187345 -0.870679 -0.454774 0.485882 
1534190861935 -0.0519162 0.897721 -0.437494 -0.594817 -0.976972 0.0451309 0.208541 -0.247117 0.206956 0.438246 0.874705 0.394463 0.316225 -0.384867 0.86711 0.400813 -0.930002 -0.30626 0.203228 -0.504337 0.187345 -0.870679 -0.454774 0.485882 
1534190862906 -0.00191769 0.887667 -0.460483 -0.59856 -0.975803 0.0990204 0.194944 -0.242315 0.218642 0.449714 0.865998 0.398964 0.316225 -0.384867 0.86711 0.400813 -0.930002 -0.30626 0.203228 -0.504337 0.187345 -0.870679 -0.454774 0.485882 
1534190863905 0.0477731 0.874551 -0.482575 -0.602305 -0.971783 0.152418 0.180017 -0.237516 0.230987 0.460359 0.857155 0.403464 0.316225 -0.384867 0.86711 0.400813 -0.930002 -0.30626 0.203228 -0.504337 0.187345 -0.870679 -0.454774 0.485882 
1534190864911 0.0966808 0.858635 -0.503387 -0.607344 -0.964917 0.204896 0.164171 -0.233737 0.244105 0.469855 0.848321 0.407598 0.316379 -0.384993 0.866998 0.401317 -0.929989 -0.306181 0.203405 -0.505249 0.187149 -0.870651 -0.454908 0.48631 
1534190865934 0.0966696 0.858815 -0.503082 -0.60723 -0.96476 0.205131 0.164798 -0.233976 0.244729 0.469423 0.848381 0.407486 0.316379 -0.384993 0.866998 0.401317 -0.929989 -0.306181 0.203405 -0.505249 0.187149 -0.870651 -0.454908 0.48631 
1534190865945 0.101594 0.856999 -0.505204 -0.607486 -0.963936 0.210366 0.163011 -0.233369 0.245978 0.470424 0.847464 0.407984 0.31622 -0.384863 0.867113 0.400797 -0.930002 -0.306262 0.203222 -0.504307 0.187351 -0.87068 -0.45477 0.485868 
1534190865952 0.106512 0.855153 -0.507316 -0.607737 -0.963084 0.215593 0.16121 -0.232759 0.247233 0.471417 0.846547 0.408483 0.31622 -0.384863 0.867113 0.400796 -0.930002 -0.306262 0.203222 -0.504306 0.187351 -0.87068 -0.454769 0.485868 
1534190866442 0.111425 0.853276 -0.509416 -0.607989 -0.962203 0.220811 0.159397 -0.23215 0.248494 0.472401 0.845629 0.408982 0.31622 -0.384863 0.867113 0.400796 -0.930002 -0.306262 0.203222 -0.504305 0.187351 -0.87068 -0.45477 0.485867 
1534190866793 0.11633 0.85137 -0.511505 -0.60824 -0.961294 0.226019 0.157571 -0.23154 0.249761 0.473376 0.84471 0.409482 0.316221 -0.384863 0.867113 0.400795 -0.930002 -0.306262 0.203223 -0.504305 0.187351 -0.87068 -0.45477 0.485867 
1534190867160 0.121229 0.849433 -0.513582 -0.608491 -0.960357 0.231219 0.155733 -0.230929 0.251035 0.474343 0.843789 0.409981 0.31622 -0.384863 0.867113 0.400795 -0.930002 -0.306262 0.203222 -0.504305 0.187352 -0.87068 -0.454769 0.485867 
1534190867518 0.12612 0.847467 -0.515648 -0.608744 -0.959391 0.236408 0.153883 -0.23032 0.252314 0.475301 0.842868 0.41048 0.31622 -0.384863 0.867113 0.400795 -0.930002 -0.306262 0.203222 -0.504305 0.187352 -0.87068 -0.454769 0.485867 
1534190867870 0.131005 0.845471 -0.517703 -0.608994 -0.958397 0.241588 0.152019 -0.22971 0.253599 0.47625 0.841946 0.41098 0.31622 -0.384863 0.867113 0.400795 -0.930002 -0.306262 0.203222 -0.504304 0.187352 -0.87068 -0.454769 0.485867 
1534190868220 0.135882 0.843446 -0.519746 -0.609246 -0.957375 0.246758 0.150144 -0.2291 0.25489 0.47719 0.841024 0.411479 0.31622 -0.384863 0.867113 0.400795 -0.930002 -0.306262 0.203222 -0.504304 0.187352 -0.87068 -0.454769 0.485867 
1534190868568 0.140751 0.84139 -0.521778 -0.609497 -0.956325 0.251918 0.148257 -0.22849 0.256187 0.478122 0.8401 0.411978 0.31622 -0.384863 0.867113 0.400795 -0.930002 -0.306262 0.203222 -0.504304 0.187351 -0.87068 -0.454769 0.485867 
1534190868928 0.140484 0.841617 -0.521484 -0.60946 -0.956326 0.251709 0.148602 -0.228605 0.256328 0.477833 0.840221 0.411917 0.31622 -0.384863 0.867113 0.400795 -0.930002 -0.306262 0.203222 -0.504304 0.187351 -0.87068 -0.454769 0.485867 
1534190868940 0.141324 0.841754 -0.521036 -0.609497 -0.956174 0.2524 0.148413 -0.22857 0.256436 0.477227 0.840533 0.411849 0.31622 -0.384863 0.867113 0.400795 -0.930002 -0.306262 0.203222 -0.504304 0.187351 -0.87068 -0.454769 0.485867 
1534190868956 0.142165 0.841889 -0.520587 -0.609536 -0.95602 0.253092 0.148222 -0.228532 0.256543 0.47662 0.840844 0.41178 0.31622 -0.384863 0.867113 0.400795 -0.930002 -0.306262 0.203222 -0.504304 0.187351 -0.87068 -0.454769 0.485867 
1534190869070 0.143007 0.842024 -0.520138 -0.609575 -0.955866 0.253784 0.148031 -0.228493 0.256649 0.476013 0.841156 0.411712 0.31622 -0.384863 0.867113 0.400795 -0.930002 -0.306262 0.203222 -0.504304 0.187351 -0.87068 -0.454769 0.485867 
1534190869142 0.143848 0.842159 -0.519689 -0.609614 -0.955712 0.254476 0.147842 -0.228455 0.256755 0.475406 0.841467 0.411643 0.31622 -0.384863 0.867113 0.400795 -0.930002 -0.306262 0.203222 -0.504304 0.187351 -0.87068 -0.454769 0.485867 
1534190869217 0.14469 0.842292 -0.51924 -0.609653 -0.955556 0.255168 0.147652 -0.228416 0.256859 0.474799 0.841777 0.411576 0.31622 -0.384863 0.867113 0.400795 -0.930002 -0.306262 0.203222 -0.504304 0.187351 -0.87068 -0.454769 0.485867 
1534190869274 0.145531 0.842424 -0.51879 -0.609691 -0.955401 0.25586 0.147463 -0.228378 0.256964 0.474192 0.842088 0.411507 0.31622 -0.384863 0.867113 0.400795 -0.930002 -0.306262 0.203222 -0.504304 0.187351 -0.87068 -0.454769 0.485867 
1534190869363 0.146372 0.842555 -0.518339 -0.60973 -0.955244 0.256552 0.147275 -0.22834 0.257068 0.473584 0.842398 0.411439 0.31622 -0.384863 0.867113 0.400795 -0.930002 -0.306262 0.203222 -0.504304 0.187351 -0.87068 -0.454769 0.485867 
1534190869412 0.147213 0.842686 -0.517889 -0.609769 -0.955087 0.257244 0.147086 -0.2283 0.257171 0.472976 0.842708 0.411372 0.31622 -0.384863 0.867113 0.400795 -0.930002 -0.306262 0.203222 -0.504304 0.187351 -0.87068 -0.454769 0.485867 
1534190869508 0.148054 0.842815 -0.517438 -0.609807 -0.95493 0.257935 0.146898 -0.228262 0.257273 0.472368 0.843018 0.411304 0.31622 -0.384863 0.867113 0.400795 -0.930002 -0.306262 0.203222 -0.504304 0.187351 -0.87068 -0.454769 0.485867 
1534190869575 0.146866 0.842703 -0.51796 -0.60976 -0.95514 0.256961 0.14724 -0.228241 0.257174 0.473099 0.842638 0.411399 0.31622 -0.384863 0.867113 0.400795 -0.930002 -0.306262 0.203222 -0.504304 0.187351 -0.87068 -0.454769 0.485867 
1534190869586 0.147215 0.84296 -0.517443 -0.609711 -0.955024 0.257282 0.147426 -0.22826 0.257403 0.472467 0.842923 0.411348 0.31622 -0.384863 0.867113 0.400795 -0.930002 -0.306262 0.203222 -0.504304 0.187351 -0.87068 -0.454769 0.485867 
1534190869606 0.147563 0.843217 -0.516924 -0.609666 -0.954909 0.257602 0.147614 -0.228284 0.257631 0.471834 0.843208 0.411296 0.31622 -0.384863 0.867113 0.400795 -0.930002 -0.306262 0.203222 -0.504304 0.187351 -0.87068 -0.454769 0.485867 
1534190869663 0.14791 0.843474 -0.516406 -0.609623 -0.954794 0.257921 0.147802 -0.228309 0.257859 0.4712 0.843492 0.411243 0.31622 -0.384863 0.867113 0.400795 -0.930002 -0.306262 0.203222 -0.504304 0.187351 -0.87068 -0.454769 0.485867 
1534190869760 0.148258 0.84373 -0.515887 -0.609578 -0.954678 0.258241 0.147991 -0.228333 0.258087 0.470566 0.843777 0.41119 0.31622 -0.384863 0.867113 0.400795 -0.930002 -0.306262 0.203222 -0.504304 0.187351 -0.87068 -0.454769 0.485867 
1534190869805 0.148607 0.843985 -0.515369 -0.609533 -0.954562 0.258561 0.148179 -0.228356 0.258315 0.469932 0.84406 0.411138 0.31622 -0.384863 0.867113 0.400795 -0.930002 -0.306262 0.203222 -0.504304 0.187351 -0.87068 -0.454769 0.485867 
1534190869894 0.148955 0.84424 -0.51485 -0.609489 -0.954447 0.25888 0.148368 -0.228381 0.258542 0.469297 0.844344 0.411085 0.31622 -0.384863 0.867113 0.400795 -0.930002 -0.306262 0.203222 -0.504304 0.187351 -0.87068 -0.454769 0.485867 
1534190869938 0.149304 0.844495 -0.514331 -0.609444 -0.954331 0.259199 0.148556 -0.228404 0.258769 0.468662 0.844627 0.411032 0.31622 -0.384863 0.867113 0.400795 -0.930002 -0.306262 0.203222 -0.504304 0.187351 -0.87068 -0.454769 0.485867 
1534190870027 0.149652 0.844749 -0.513812 -0.609401 -0.954214 0.259518 0.148746 -0.228429 0.258996 0.468027 0.844909 0.41098 0.31622 -0.384863 0.867113 0.400795 -0.930002 -0.306262 0.203222 -0.504304 0.187351 -0.87068 -0.454769 0.485867 
1534190870066 0.150001 0.845003 -0.513293 -0.609356 -0.954098 0.259837 0.148935 -0.228452 0.259223 0.467392 0.845191 0.410927 0.31622 -0.384863 0.867113 0.400795 -0.930002 -0.306262 0.203222 -0.504304 0.187351 -0.87068 -0.454769 0.485867 
1534190870168 0.149634 0.844589 -0.514081 -0.609423 -0.954203 0.259576 0.148719 -0.228453 0.25905 0.468284 0.844751 0.410999 0.31622 -0.384863 0.867113 0.400795 -0.930002 -0.306262 0.203222 -0.504304 0.187351 -0.87068 -0.454769 0.485867 
1534190870178 0.14939 0.84458 -0.514166 -0.609338 -0.954234 0.259395 0.148837 -0.228587 0.259077 0.4684 0.844678 0.411025 0.31622 -0.384863 0.867113 0.400795 -0.930002 -0.306262 0.203222 -0.504304 0.187351 -0.87068 -0.45477 0.485867 
1534190870199 0.149144 0.844573 -0.51425 -0.609254 -0.954265 0.259212 0.148956 -0.228723 0.259104 0.468515 0.844606 0.41105 0.31622 -0.384863 0.867113 0.400795 -0.930002 -0.306262 0.203222 -0.504304 0.187351 -0.87068 -0.45477 0.485867 
1534190870273 0.148898 0.844565 -0.514333 -0.60917 -0.954296 0.259029 0.149075 -0.22886 0.259131 0.468629 0.844534 0.411075 0.31622 -0.384863 0.867113 0.400795 -0.930002 -0.306262 0.203222 -0.504304 0.187351 -0.87068 -0.45477 0.485867 
1534190870336 0.148652 0.844558 -0.514417 -0.609088 -0.954327 0.258847 0.149194 -0.228997 0.259158 0.468744 0.844462 0.411099 0.31622 -0.384863 0.867113 0.400795 -0.930002 -0.306262 0.203222 -0.504304 0.187351 -0.87068 -0.45477 0.485867 
1534190870381 0.148406 0.84455 -0.5145 -0.609005 -0.954358 0.258664 0.149314 -0.229134 0.259185 0.468858 0.84439 0.411123 0.31622 -0.384863 0.867113 0.400795 -0.930002 -0.306262 0.203222 -0.504304 0.187351 -0.87068 -0.45477 0.485867 
1534190870431 0.14816 0.844542 -0.514584 -0.608921 -0.954389 0.258481 0.149433 -0.229271 0.259212 0.468973 0.844318 0.411148 0.31622 -0.384863 0.867113 0.400795 -0.930002 -0.306262 0.203222 -0.504304 0.187351 -0.87068 -0.45477 0.485867 
1534190870479 0.147914 0.844535 -0.514667 -0.608839 -0.954419 0.258298 0.149552 -0.229408 0.25924 0.469087 0.844246 0.411173 0.31622 -0.384863 0.867113 0.400795 -0.930002 -0.306262 0.203222 -0.504304 0.187351 -0.87068 -0.45477 0.485867 
1534190870541 0.147668 0.844527 -0.514751 -0.608756 -0.95445 0.258115 0.149671 -0.229545 0.259266 0.469202 0.844174 0.411197 0.31622 -0.384863 0.867113 0.400795 -0.930002 -0.306262 0.203222 -0.504304 0.187351 -0.87068 -0.45477 0.485867 
1534190870590 0.147423 0.844519 -0.514834 -0.608672 -0.954481 0.257933 0.14979 -0.229681 0.259293 0.469317 0.844102 0.411222 0.31622 -0.384863 0.867113 0.400795 -0.930002 -0.306262 0.203222 -0.504304 0.187351 -0.87068 -0.45477 0.485867 
1534190870646 0.147859 0.844583 -0.514604 -0.608802 -0.954461 0.25818 0.149492 -0.229427 0.259119 0.469065 0.844296 0.411162 0.31622 -0.384863 0.867113 0.400795 -0.930002 -0.306262 0.203222 -0.504304 0.187351 -0.87068 -0.45477 0.485867 
1534190870659 0.14747 0.844437 -0.514955 -0.60865 -0.954575 0.25781 0.149399 -0.229661 0.258919 0.469531 0.844098 0.411187 0.31622 -0.384863 0.867113 0.400795 -0.930002 -0.306262 0.203222 -0.504304 0.187351 -0.87068 -0.45477 0.485867 
1534190870676 0.14708 0.844291 -0.515306 -0.608492 -0.954689 0.257441 0.149308 -0.229896 0.25872 0.469997 0.8439 0.411212 0.31622 -0.384863 0.867113 0.400795 -0.930002 -0.306262 0.203222 -0.504304 0.187351 -0.87068 -0.45477 0.485867 
1534190870692 0.14669 0.844144 -0.515657 -0.608335 -0.954803 0.257071 0.149216 -0.230131 0.258521 0.470462 0.843701 0.411236 0.31622 -0.384863 0.867113 0.400795 -0.930002 -0.306262 0.203222 -0.504304 0.187351 -0.87068 -0.45477 0.485867 
1534190870808 0.146301 0.843997 -0.516008 -0.60818 -0.954917 0.256701 0.149125 -0.230365 0.258321 0.470928 0.843503 0.411261 0.31622 -0.384863 0.867113 0.400795 -0.930002 -0.306262 0.203222 -0.504304 0.187351 -0.87068 -0.45477 0.485867 
1534190870855 0.145912 0.84385 -0.516359 -0.608022 -0.95503 0.256332 0.149034 -0.230599 0.258121 0.471393 0.843304 0.411286 0.31622 -0.384863 0.867113 0.400795 -0.930002 -0.306262 0.203222 -0.504304 0.187351 -0.87068 -0.45477 0.485867 
1534190870862 0.145523 0.843702 -0.51671 -0.607866 -0.955144 0.255962 0.148943 -0.230833 0.257922 0.471858 0.843105 0.411311 0.31622 -0.384863 0.867113 0.400795 -0.930002 -0.306262 0.203222 -0.504304 0.187351 -0.87068 -0.45477 0.485867 
1534190870981 0.145134 0.843554 -0.517062 -0.607708 -0.955257 0.255592 0.148852 -0.231067 0.257721 0.472323 0.842906 0.411336 0.31622 -0.384863 0.867113 0.400795 -0.930002 -0.306262 0.203222 -0.504304 0.187351 -0.87068 -0.45477 0.485867 
1534190870988 0.144745 0.843406 -0.517413 -0.607552 -0.95537 0.255222 0.148761 -0.231301 0.257521 0.472788 0.842707 0.411361 0.31622 -0.384863 0.867113 0.400795 -0.930002 -0.306262 0.203222 -0.504304 0.187351 -0.87068 -0.45477 0.485867 
1534190871026 0.144356 0.843257 -0.517763 -0.607395 -0.955483 0.254852 0.148671 -0.231536 0.257321 0.473253 0.842507 0.411386 0.31622 -0.384863 0.867113 0.400795 -0.930002 -0.306262 0.203222 -0.504304 0.187351 -0.87068 -0.45477 0.485867 
1534190871161 0.144944 0.843502 -0.5172 -0.607637 -0.955333 0.255367 0.148747 -0.231202 0.257544 0.472538 0.84284 0.411337 0.31622 -0.384863 0.867113 0.400795 -0.930002 -0.306262 0.203222 -0.504304 0.187351 -0.87068 -0.45477 0.485867 
1534190871174 0.144572 0.843628 -0.517099 -0.607352 -0.955385 0.25504 0.148979 -0.231316 0.257564 0.47249 0.842861 0.411316 0.31622 -0.384863 0.867113 0.400795 -0.930002 -0.306262 0.203222 -0.504304 0.187351 -0.87068 -0.45477 0.485867 
1534190871191 0.144198 0.843753 -0.516998 -0.607064 -0.955436 0.254712 0.149213 -0.231429 0.257585 0.472442 0.842881 0.411294 0.31622 -0.384863 0.867113 0.400795 -0.930002 -0.306262 0.203222 -0.504304 0.187351 -0.87068 -0.45477 0.485867 
1534190871207 0.143824 0.843879 -0.516898 -0.606775 -0.955486 0.254385 0.149446 -0.231543 0.257605 0.472395 0.842901 0.411272 0.31622 -0.384863 0.867113 0.400795 -0.930002 -0.306262 0.203222 -0.504304 0.187351 -0.87068 -0.45477 0.485867 
1534190871349 0.143451 0.844004 -0.516798 -0.606486 -0.955537 0.254058 0.149679 -0.231657 0.257626 0.472348 0.842921 0.411249 0.31622 -0.384863 0.867113 0.400795 -0.930002 -0.306262 0.203222 -0.504304 0.187351 -0.87068 -0.45477 0.485867 
1534190871400 0.143077 0.844129 -0.516697 -0.606198 -0.955587 0.253731 0.149911 -0.23177 0.257646 0.4723 0.842942 0.411228 0.31622 -0.384863 0.867113 0.400795 -0.930002 -0.306262 0.203222 -0.504304 0.187351 -0.87068 -0.45477 0.485867 
1534190871493 0.142704 0.844253 -0.516596 -0.605909 -0.955638 0.253404 0.150144 -0.231883 0.257667 0.472253 0.842962 0.411206 0.31622 -0.384863 0.867113 0.400795 -0.930002 -0.306262 0.203222 -0.504304 0.187351 -0.87068 -0.45477 0.485867 
1534190871562 0.14233 0.844378 -0.516496 -0.605621 -0.955688 0.253076 0.150377 -0.231997 0.257688 0.472205 0.842982 0.411184 0.31622 -0.384863 0.867113 0.400795 -0.930002 -0.306262 0.203222 -0.504304 0.187351 -0.87068 -0.45477 0.485867 
1534190871626 0.141957 0.844503 -0.516395 -0.605333 -0.955738 0.252749 0.150609 -0.23211 0.257708 0.472158 0.843003 0.411162 0.31622 -0.384863 0.867113 0.400795 -0.930002 -0.306262 0.203222 -0.504304 0.187351 -0.87068 -0.45477 0.485867 
1534190871714 0.141583 0.844627 -0.516294 -0.605043 -0.955788 0.252422 0.150842 -0.232223 0.257729 0.472111 0.843023 0.41114 0.31622 -0.384863 0.867113 0.400795 -0.930002 -0.306262 0.203222 -0.504304 0.187351 -0.87068 -0.45477 0.485867 
1534190871782 0.142064 0.844406 -0.516524 -0.605442 -0.955715 0.252876 0.150539 -0.232125 0.257733 0.472263 0.842936 0.411175 0.31622 -0.384863 0.867113 0.400795 -0.930002 -0.306262 0.203222 -0.504304 0.187351 -0.87068 -0.45477 0.485867 
1534190871794 0.141536 0.844392 -0.516691 -0.605157 -0.95573 0.25257 0.150958 -0.232175 0.257968 0.472451 0.842759 0.411239 0.31622 -0.384863 0.867113 0.400795 -0.930002 -0.306262 0.203222 -0.504304 0.187351 -0.87068 -0.45477 0.485867 
1534190871811 0.141009 0.844378 -0.516858 -0.604867 -0.955745 0.252266 0.151374 -0.232222 0.258202 0.47264 0.842581 0.411304 0.31622 -0.384863 0.867113 0.400795 -0.930002 -0.306262 0.203222 -0.504304 0.187351 -0.87068 -0.45477 0.485867 
1534190871855 0.140482 0.844363 -0.517026 -0.604578 -0.955759 0.251961 0.15179 -0.232269 0.258437 0.472829 0.842404 0.411369 0.31622 -0.384863 0.867113 0.400795 -0.930002 -0.306262 0.203222 -0.504304 0.187351 -0.87068 -0.45477 0.485867 
1534190871980 0.139955 0.844348 -0.517194 -0.604289 -0.955773 0.251656 0.152207 -0.232316 0.25867 0.473018 0.842226 0.411435 0.31622 -0.384863 0.867113 0.400795 -0.930002 -0.306262 0.203222 -0.504304 0.187351 -0.87068 -0.45477 0.485867 
1534190872025 0.139428 0.844333 -0.51736 -0.604 -0.955787 0.251351 0.152623 -0.232363 0.258904 0.473206 0.842048 0.411499 0.31622 -0.384863 0.867113 0.400795 -0.930002 -0.306262 0.203222 -0.504304 0.187351 -0.87068 -0.45477 0.485867 
1534190872142 0.138901 0.844317 -0.517528 -0.60371 -0.9558 0.251047 0.15304 -0.23241 0.259138 0.473396 0.841869 0.411565 0.31622 -0.384863 0.867113 0.400795 -0.930002 -0.306262 0.203222 -0.504304 0.187351 -0.87068 -0.45477 0.485867 
1534190872206 0.138373 0.844302 -0.517694 -0.603421 -0.955813 0.250742 0.153456 -0.232457 0.259371 0.473585 0.841691 0.41163 0.31622 -0.384863 0.867113 0.400795 -0.930002 -0.306262 0.203222 -0.504304 0.187351 -0.87068 -0.45477 0.485867 
1534190872306 0.137846 0.844286 -0.517861 -0.603131 -0.955826 0.250438 0.153872 -0.232503 0.259604 0.473774 0.841513 0.411695 0.31622 -0.384863 0.867113 0.400795 -0.930002 -0.306262 0.203222 -0.504304 0.187351 -0.87068 -0.45477 0.485867 
1534190872313 0.137318 0.84427 -0.518027 -0.602842 -0.955839 0.250134 0.154289 -0.23255 0.259838 0.473963 0.841334 0.41176 0.31622 -0.384863 0.867113 0.400795 -0.930002 -0.306262 0.203222 -0.504304 0.187351 -0.87068 -0.45477 0.485867 
1534190872484 0.137939 0.844253 -0.51789 -0.603162 -0.955807 0.250533 0.153837 -0.23251 0.259625 0.473783 0.841501 0.411686 0.31622 -0.384863 0.867113 0.400795 -0.930002 -0.306262 0.203222 -0.504304 0.187351 -0.87068 -0.45477 0.485867 
1534190872495 0.137591 0.844235 -0.518011 -0.602938 -0.955817 0.250332 0.154103 -0.232543 0.259774 0.473921 0.841378 0.411729 0.31622 -0.384863 0.867113 0.400795 -0.930002 -0.306262 0.203222 -0.504304 0.187351 -0.87068 -0.45477 0.485867 
1534190872511 0.137243 0.844217 -0.518133 -0.60271 -0.955827 0.250131 0.154369 -0.232573 0.259922 0.474059 0.841254 0.411772 0.31622 -0.384863 0.867113 0.400795 -0.930002 -0.306262 0.203222 -0.504304 0.187351 -0.87068 -0.45477 0.485867 
1534190872528 0.136895 0.844199 -0.518254 -0.602483 -0.955836 0.24993 0.154636 -0.232603 0.260071 0.474197 0.84113 0.411815 0.31622 -0.384863 0.867113 0.400795 -0.930002 -0.306262 0.203222 -0.504304 0.187351 -0.87068 -0.45477 0.485867 
1534190872677 0.136548 0.844181 -0.518376 -0.602255 -0.955846 0.249729 0.154902 -0.232633 0.260219 0.474336 0.841006 0.411859 0.31622 -0.384863 0.867113 0.400795 -0.930002 -0.306262 0.203222 -0.504304 0.187351 -0.87068 -0.45477 0.485867 
1534190872712 0.1362 0.844163 -0.518497 -0.602028 -0.955855 0.249527 0.155169 -0.232664 0.260367 0.474474 0.840883 0.411902 0.31622 -0.384863 0.867113 0.400795 -0.930002 -0.306262 0.203222 -0.504304 0.187351 -0.87068 -0.45477 0.485867 
1534190872819 0.135852 0.844144 -0.518619 -0.601799 -0.955864 0.249326 0.155435 -0.232693 0.260515 0.474613 0.840758 0.411946 0.31622 -0.384863 0.867113 0.400795 -0.930002 -0.306262 0.203222 -0.504304 0.187351 -0.87068 -0.45477 0.485867 
1534190872876 0.135504 0.844126 -0.518739 -0.601572 -0.955873 0.249125 0.155702 -0.232724 0.260663 0.474751 0.840634 0.411989 0.31622 -0.384863 0.867113 0.400795 -0.930002 -0.306262 0.203222 -0.504304 0.187351 -0.87068 -0.45477 0.485867 
1534190872954 0.135156 0.844107 -0.518861 -0.601344 -0.955882 0.248924 0.155968 -0.232753 0.260811 0.47489 0.84051 0.412033 0.31622 -0.384863 0.867113 0.400795 -0.930002 -0.306262 0.203222 -0.504304 0.187351 -0.87068 -0.45477 0.485867 
1534190873013 0.134808 0.844088 -0.518982 -0.601116 -0.955891 0.248723 0.156234 -0.232784 0.260958 0.475028 0.840386 0.412076 0.31622 -0.384863 0.867113 0.400795 -0.930002 -0.306262 0.203222 -0.504304 0.187351 -0.87068 -0.45477 0.485867 
1534190873095 0.135323 0.844133 -0.518774 -0.601428 -0.955895 0.248984 0.155793 -0.23276 0.260676 0.474811 0.840596 0.411981 0.31622 -0.384863 0.867113 0.400795 -0.930002 -0.306262 0.203222 -0.504304 0.187351 -0.87068 -0.45477 0.485867 
1534190873106 0.135119 0.844119 -0.51885 -0.601272 -0.955949 0.248778 0.155789 -0.232773 0.260583 0.474944 0.84055 0.412001 0.31622 -0.384863 0.867113 0.400795 -0.930002 -0.306262 0.203222 -0.504304 0.187351 -0.87068 -0.45477 0.485867 
1534190873129 0.134917 0.844105 -0.518926 -0.601112 -0.956003 0.248574 0.155785 -0.232783 0.260491 0.475077 0.840504 0.412021 0.31622 -0.384863 0.867113 0.400795 -0.930002 -0.306262 0.203222 -0.504304 0.187351 -0.87068 -0.45477 0.485867 
1534190873140 0.134715 0.84409 -0.519003 -0.600952 -0.956057 0.248369 0.155782 -0.232794 0.260398 0.47521 0.840457 0.412042 0.31622 -0.384863 0.867113 0.400795 -0.930002 -0.306262 0.203222 -0.504304 0.187351 -0.87068 -0.45477 0.485867 
1534190873156 0.134512 0.844076 -0.519079 -0.600791 -0.956111 0.248165 0.155778 -0.232803 0.260305 0.475343 0.840411 0.412063 0.31622 -0.384863 0.867113 0.400795 -0.930002 -0.306262 0.203222 -0.504304 0.187351 -0.87068 -0.45477 0.485867 
1534190873275 0.13431 0.844061 -0.519155 -0.600632 -0.956164 0.24796 0.155774 -0.232814 0.260212 0.475475 0.840365 0.412083 0.31622 -0.384863 0.867113 0.400795 -0.930002 -0.306262 0.203222 -0.504304 0.187351 -0.87068 -0.45477 0.485867 
1534190873313 0.134108 0.844046 -0.519231 -0.600471 -0.956218 0.247756 0.15577 -0.232824 0.26012 0.475608 0.840318 0.412104 0.31622 -0.384863 0.867113 0.400795 -0.930002 -0.306262 0.203222 -0.504304 0.187351 -0.87068 -0.45477 0.485867 
1534190873360 0.133906 0.844031 -0.519308 -0.600312 -0.956272 0.247551 0.155766 -0.232834 0.260027 0.475741 0.840272 0.412125 0.31622 -0.384863 0.867113 0.400795 -0.930002 -0.306262 0.203222 -0.504304 0.187351 -0.87068 -0.45477 0.485867 
1534190873429 0.133704 0.844016 -0.519384 -0.600151 -0.956325 0.247346 0.155762 -0.232844 0.259934 0.475874 0.840225 0.412146 0.31622 -0.384863 0.867113 0.400795 -0.930002 -0.306262 0.203222 -0.504304 0.187351 -0.87068 -0.45477 0.485867 
1534190873474 0.133501 0.844001 -0.51946 -0.599991 -0.956379 0.247142 0.155759 -0.232854 0.259841 0.476007 0.840179 0.412167 0.31622 -0.384863 0.867113 0.400795 -0.930002 -0.306262 0.203222 -0.504304 0.187351 -0.87068 -0.45477 0.485867 
1534190873522 0.133882 0.844039 -0.519302 -0.600293 -0.956229 0.247613 0.155927 -0.232803 0.260194 0.475696 0.840245 0.41214 0.31622 -0.384863 0.867113 0.400795 -0.930002 -0.306262 0.203222 -0.504304 0.187351 -0.87068 -0.45477 0.485867 
1534190873537 0.133725 0.844145 -0.51917 -0.600171 -0.956218 0.247516 0.156152 -0.232819 0.260317 0.475558 0.840285 0.412125 0.31622 -0.384863 0.867113 0.400795 -0.930002 -0.306262 0.203222 -0.504304 0.187351 -0.87068 -0.45477 0.485867 
1534190873550 0.133567 0.844251 -0.519038 -0.600047 -0.956206 0.247418 0.156377 -0.232837 0.260441 0.47542 0.840325 0.412108 0.31622 -0.384863 0.867113 0.400795 -0.930002 -0.306262 0.203222 -0.504304 0.187351 -0.87068 -0.45477 0.485867 
1534190873567 0.133409 0.844357 -0.518905 -0.599923 -0.956194 0.247321 0.156603 -0.232856 0.260565 0.475282 0.840365 0.412091 0.31622 -0.384863 0.867113 0.400795 -0.930002 -0.306262 0.203222 -0.504304 0.187351 -0.87068 -0.45477 0.485867 
1534190873584 0.133252 0.844463 -0.518773 -0.5998 -0.956183 0.247224 0.156828 -0.232873 0.260689 0.475144 0.840404 0.412075 0.31622 -0.384863 0.867113 0.400795 -0.930002 -0.306262 0.203222 -0.504304 0.187351 -0.87068 -0.45477 0.485867 
1534190873669 0.133094 0.84457 -0.518641 -0.599677 -0.956171 0.247126 0.157055 -0.232893 0.260813 0.475006 0.840444 0.412057 0.31622 -0.384863 0.867113 0.400795 -0.930002 -0.306262 0.203222 -0.504304 0.187351 -0.87068 -0.45477 0.485867 
1534190873688 0.132936 0.844676 -0.518509 -0.599553 -0.956159 0.247028 0.15728 -0.232911 0.260937 0.474869 0.840483 0.412041 0.31622 -0.384863 0.867113 0.400795 -0.930002 -0.306262 0.203222 -0.504304 0.187351 -0.87068 -0.45477 0.485867 
1534190873701 0.132778 0.844781 -0.518376 -0.59943 -0.956147 0.246931 0.157505 -0.232929 0.261061 0.474731 0.840522 0.412024 0.31622 -0.384863 0.867113 0.400795 -0.930002 -0.306262 0.203222 -0.504304 0.187351 -0.87068 -0.45477 0.485867 
1534190873750 0.13262 0.844888 -0.518244 -0.599307 -0.956135 0.246833 0.157731 -0.232948 0.261185 0.474593 0.840562 0.412006 0.31622 -0.384863 0.867113 0.400795 -0.930002 -0.306262 0.203222 -0.504304 0.187351 -0.87068 -0.45477 0.485867 
1534190873788 0.132463 0.844994 -0.518111 -0.599184 -0.956123 0.246735 0.157957 -0.232966 0.261309 0.474455 0.840601 0.41199 0.31622 -0.384863 0.867113 0.400795 -0.930002 -0.306262 0.203222 -0.504304 0.187351 -0.87068 -0.45477 0.485867 
1534190873823 0.132908 0.844639 -0.518576 -0.599585 -0.956203 0.246943 0.157144 -0.23292 0.260789 0.474978 0.840467 0.412046 0.31622 -0.384863 0.867113 0.400795 -0.930002 -0.306262 0.203222 -0.504304 0.187351 -0.87068 -0.45477 0.485867 
1534190873835 0.132712 0.844684 -0.518552 -0.59948 -0.956244 0.246748 0.157205 -0.232929 0.26074 0.474999 0.84047 0.412024 0.31622 -0.384863 0.867113 0.400795 -0.930002 -0.306262 0.203222 -0.504304 0.187351 -0.87068 -0.45477 0.485867 
1534190873852 0.132516 0.844728 -0.51853 -0.599372 -0.956284 0.246552 0.157264 -0.232937 0.260691 0.475022 0.840473 0.412002 0.31622 -0.384863 0.867113 0.400795 -0.930002 -0.306262 0.203222 -0.504304 0.187351 -0.87068 -0.45477 0.485867 
1534190873868 0.132321 0.844773 -0.518508 -0.599264 -0.956325 0.246357 0.157324 -0.232946 0.260641 0.475045 0.840475 0.411979 0.31622 -0.384863 0.867113 0.400795 -0.930002 -0.306262 0.203222 -0.504304 0.187351 -0.87068 -0.45477 0.485867 
1534190873885 0.132125 0.844817 -0.518486 -0.599154 -0.956365 0.246161 0.157384 -0.232953 0.260592 0.475068 0.840478 0.411957 0.31622 -0.384863 0.867113 0.400795 -0.930002 -0.306262 0.203222 -0.504304 0.187351 -0.87068 -0.45477 0.485867 
1534190873902 0.13193 0.844861 -0.518464 -0.599045 -0.956406 0.245966 0.157443 -0.232961 0.260542 0.47509 0.84048 0.411935 0.31622 -0.384863 0.867113 0.400795 -0.930002 -0.306262 0.203222 -0.504304 0.187351 -0.87068 -0.45477 0.485867 
1534190873918 0.131734 0.844905 -0.518441 -0.598937 -0.956446 0.245771 0.157503 -0.232969 0.260492 0.475113 0.840483 0.411912 0.31622 -0.384863 0.867113 0.400795 -0.930002 -0.306262 0.203222 -0.504304 0.187351 -0.87068 -0.45477 0.485867 
1534190873948 0.131539 0.844949 -0.518419 -0.598829 -0.956487 0.245575 0.157562 -0.232977 0.260443 0.475135 0.840485 0.41189 0.31622 -0.384863 0.867113 0.400795 -0.930002 -0.306262 0.203222 -0.504304 0.187351 -0.87068 -0.45477 0.485867 
1534190874013 0.131343 0.844993 -0.518397 -0.598719 -0.956527 0.24538 0.157622 -0.232985 0.260393 0.475158 0.840488 0.411868 0.31622 -0.384863 0.867113 0.400795 -0.930002 -0.306262 0.203222 -0.504304 0.187351 -0.87068 -0.45477 0.485867 
1534190874031 0.131148 0.845037 -0.518375 -0.59861 -0.956567 0.245184 0.157681 -0.232993 0.260344 0.475181 0.84049 0.411846 0.31622 -0.384863 0.867113 0.400795 -0.930002 -0.306262 0.203222 -0.504304 0.187351 -0.87068 -0.45477 0.485867 
1534190874067 0.131661 0.844937 -0.518409 -0.598989 -0.956443 0.245727 0.157592 -0.232865 0.260542 0.47508 0.840486 0.411997 0.31622 -0.384863 0.867113 0.400795 -0.930002 -0.306262 0.203222 -0.504304 0.187351 -0.87068 -0.45477 0.485867 
1534190874080 0.131493 0.844952 -0.518427 -0.598902 -0.956497 0.24553 0.157569 -0.232872 0.260427 0.475154 0.84048 0.41201 0.31622 -0.384863 0.867113 0.400795 -0.930002 -0.306262 0.203222 -0.504304 0.187351 -0.87068 -0.45477 0.485867 
1534190874097 0.131326 0.844967 -0.518445 -0.598812 -0.956551 0.245334 0.157545 -0.232878 0.260313 0.475229 0.840473 0.412023 0.31622 -0.384863 0.867113 0.400795 -0.930002 -0.306262 0.203222 -0.504304 0.187351 -0.87068 -0.45477 0.485867 
1534190874113 0.13116 0.844981 -0.518464 -0.59872 -0.956606 0.245138 0.157521 -0.232883 0.260198 0.475305 0.840466 0.412038 0.31622 -0.384863 0.867113 0.400795 -0.930002 -0.306262 0.203222 -0.504304 0.187351 -0.87068 -0.45477 0.485867 
1534190874129 0.130993 0.844996 -0.518482 -0.59863 -0.95666 0.244943 0.157497 -0.232888 0.260083 0.475379 0.840459 0.412051 0.31622 -0.384863 0.867113 0.400795 -0.930002 -0.306262 0.203222 -0.504304 0.187351 -0.87068 -0.45477 0.485867 
1534190874146 0.130827 0.84501 -0.5185 -0.598539 -0.956714 0.244747 0.157473 -0.232893 0.259968 0.475455 0.840452 0.412065 0.31622 -0.384863 0.867113 0.400795 -0.930002 -0.306262 0.203222 -0.504304 0.187351 -0.87068 -0.45477 0.485867 
1534190874163 0.13066 0.845024 -0.518519 -0.598447 -0.956768 0.244551 0.157449 -0.232897 0.259853 0.47553 0.840445 0.412079 0.31622 -0.384863 0.867113 0.400795 -0.930002 -0.306262 0.203222 -0.504304 0.187351 -0.87068 -0.45477 0.485867 
1534190874181 0.130493 0.845039 -0.518538 -0.598357 -0.956822 0.244356 0.157425 -0.232902 0.259738 0.475605 0.840438 0.412093 0.31622 -0.384863 0.867113 0.400795 -0.930002 -0.306262 0.203222 -0.504304 0.187351 -0.87068 -0.45477 0.485867 
1534190874235 0.130327 0.845053 -0.518556 -0.598266 -0.956876 0.24416 0.157401 -0.232908 0.259623 0.47568 0.840431 0.412107 0.31622 -0.384863 0.867113 0.400795 -0.930002 -0.306262 0.203222 -0.504304 0.187351 -0.87068 -0.45477 0.485867 
1534190874278 0.13016 0.845067 -0.518575 -0.598174 -0.956929 0.243964 0.157377 -0.232912 0.259508 0.475755 0.840424 0.412121 0.31622 -0.384863 0.867113 0.400795 -0.930002 -0.306262 0.203222 -0.504304 0.187351 -0.87068 -0.45477 0.485867 
1534190874304 0.130496 0.845059 -0.518504 -0.598518 -0.956794 0.244402 0.157523 -0.232787 0.25984 0.475545 0.84044 0.412027 0.31622 -0.384863 0.867113 0.400795 -0.930002 -0.306262 0.203222 -0.504304 0.187351 -0.87068 -0.45477 0.485867 
1534190874318 0.130432 0.845174 -0.518332 -0.598445 -0.956834 0.244258 0.157502 -0.232791 0.259723 0.475414 0.84055 0.412019 0.31622 -0.384863 0.867113 0.400795 -0.930002 -0.306262 0.203222 -0.504304 0.187351 -0.87068 -0.45477 0.485867 
1534190874334 0.130368 0.84529 -0.51816 -0.598371 -0.956875 0.244112 0.15748 -0.232797 0.259606 0.475284 0.84066 0.41201 0.31622 -0.384863 0.867113 0.400795 -0.930002 -0.306262 0.203222 -0.504304 0.187351 -0.87068 -0.45477 0.485867 
1534190874351 0.130304 0.845405 -0.517988 -0.598298 -0.956915 0.243967 0.157459 -0.232802 0.259488 0.475153 0.84077 0.412001 0.31622 -0.384863 0.867113 0.400795 -0.930002 -0.306262 0.203222 -0.504304 0.187351 -0.87068 -0.45477 0.485867 
1534190874368 0.130239 0.84552 -0.517816 -0.598223 -0.956956 0.243822 0.157437 -0.232808 0.259371 0.475023 0.840881 0.411991 0.31622 -0.384863 0.867113 0.400795 -0.930002 -0.306262 0.203222 -0.504304 0.187351 -0.87068 -0.45477 0.485867 
1534190874384 0.130174 0.845635 -0.517644 -0.598149 -0.956996 0.243677 0.157416 -0.232814 0.259254 0.474892 0.84099 0.411982 0.31622 -0.384863 0.867113 0.400795 -0.930002 -0.306262 0.203222 -0.504304 0.187351 -0.87068 -0.45477 0.485867 
1534190874453 0.13011 0.845751 -0.517472 -0.598075 -0.957037 0.243532 0.157394 -0.232819 0.259137 0.474761 0.8411 0.411973 0.31622 -0.384863 0.867113 0.400795 -0.930002 -0.306262 0.203222 -0.504304 0.187351 -0.87068 -0.45477 0.485867 
1534190874469 0.130046 0.845866 -0.5173 -0.598001 -0.957077 0.243387 0.157372 -0.232824 0.25902 0.474631 0.84121 0.411964 0.31622 -0.384863 0.867113 0.400795 -0.930002 -0.306262 0.203222 -0.504304 0.187351 -0.87068 -0.45477 0.485867 
1534190874485 0.12998 0.845981 -0.517128 -0.597926 -0.957118 0.243241 0.157351 -0.232831 0.258903 0.474499 0.84132 0.411953 0.31622 -0.384863 0.867113 0.400795 -0.930002 -0.306262 0.203222 -0.504304 0.187351 -0.87068 -0.45477 0.485867 
1534190874502 0.129916 0.846096 -0.516956 -0.597852 -0.957158 0.243096 0.15733 -0.232837 0.258786 0.474369 0.84143 0.411944 0.31622 -0.384863 0.867113 0.400795 -0.930002 -0.306262 0.203222 -0.504304 0.187351 -0.87068 -0.45477 0.485867 
1534190874531 0.130279 0.845612 -0.517656 -0.598186 -0.956951 0.243825 0.15746 -0.232851 0.259367 0.474858 0.840975 0.412048 0.31622 -0.384863 0.867113 0.400795 -0.930002 -0.306262 0.203222 -0.504304 0.187351 -0.87068 -0.45477 0.485867 
1534190874542 0.130237 0.845579 -0.517721 -0.598111 -0.956998 0.243726 0.157329 -0.232867 0.259216 0.474968 0.84096 0.412053 0.31622 -0.384863 0.867113 0.400795 -0.930002 -0.306262 0.203222 -0.504304 0.187351 -0.87068 -0.45477 0.485867 
1534190874559 0.130196 0.845545 -0.517787 -0.598033 -0.957045 0.243627 0.157197 -0.23288 0.259064 0.475079 0.840944 0.412058 0.31622 -0.384863 0.867113 0.400795 -0.930002 -0.306262 0.203222 -0.504304 0.187351 -0.87068 -0.45477 0.485867 
1534190874576 0.130155 0.845511 -0.517853 -0.597954 -0.957092 0.243529 0.157065 -0.232893 0.258912 0.47519 0.840928 0.412064 0.31622 -0.384863 0.867113 0.400795 -0.930002 -0.306262 0.203222 -0.504304 0.187351 -0.87068 -0.45477 0.485867 
1534190874593 0.130113 0.845477 -0.517919 -0.597875 -0.957138 0.243431 0.156933 -0.232906 0.258761 0.475301 0.840911 0.412069 0.31622 -0.384863 0.867113 0.400795 -0.930002 -0.306262 0.203222 -0.504304 0.187351 -0.87068 -0.45477 0.485867 
1534190874691 0.130072 0.845443 -0.517985 -0.597798 -0.957185 0.243332 0.156801 -0.23292 0.258609 0.475412 0.840895 0.412075 0.31622 -0.384863 0.867113 0.400795 -0.930002 -0.306262 0.203222 -0.504304 0.187351 -0.87068 -0.45477 0.485867 
1534190874708 0.13003 0.845408 -0.518051 -0.597718 -0.957231 0.243234 0.156669 -0.232932 0.258457 0.475523 0.840879 0.412081 0.31622 -0.384863 0.867113 0.400795 -0.930002 -0.306262 0.203222 -0.504304 0.187351 -0.87068 -0.45477 0.485867 
1534190874724 0.129989 0.845374 -0.518117 -0.59764 -0.957278 0.243135 0.156538 -0.232946 0.258305 0.475634 0.840863 0.412086 0.31622 -0.384863 0.867113 0.400795 -0.930002 -0.306262 0.203222 -0.504304 0.187351 -0.87068 -0.45477 0.485867 
1534190874754 0.129948 0.84534 -0.518183 -0.597561 -0.957325 0.243037 0.156406 -0.232958 0.258154 0.475745 0.840847 0.412092 0.31622 -0.384863 0.867113 0.400795 -0.930002 -0.306262 0.203222 -0.504304 0.187351 -0.87068 -0.45477 0.485867 
1534190874760 0.129906 0.845306 -0.518249 -0.597482 -0.957371 0.242938 0.156274 -0.232971 0.258002 0.475856 0.840831 0.412098 0.31622 -0.384863 0.867113 0.400795 -0.930002 -0.306262 0.203222 -0.504304 0.187351 -0.87068 -0.45477 0.485867 
1534190874841 0.130016 0.845499 -0.517906 -0.597747 -0.957195 0.243266 0.156844 -0.232886 0.2586 0.475344 0.840936 0.412145 0.31622 -0.384863 0.867113 0.400795 -0.930002 -0.306262 0.203222 -0.504304 0.187351 -0.87068 -0.45477 0.485867 
1534190874853 0.129827 0.845586 -0.517812 -0.597622 -0.957174 0.243173 0.157116 -0.232932 0.258773 0.475238 0.840943 0.412106 0.31622 -0.384863 0.867113 0.400795 -0.930002 -0.306262 0.203222 -0.504304 0.187351 -0.87068 -0.45477 0.485867 
1534190874870 0.129638 0.845673 -0.517718 -0.597498 -0.957152 0.243081 0.157389 -0.232981 0.258947 0.475131 0.84095 0.412066 0.31622 -0.384863 0.867113 0.400795 -0.930002 -0.306262 0.203222 -0.504304 0.187351 -0.87068 -0.45477 0.485867 
1534190874976 0.129449 0.845759 -0.517624 -0.597375 -0.957131 0.242988 0.157663 -0.23303 0.259121 0.475024 0.840957 0.412026 0.31622 -0.384863 0.867113 0.400795 -0.930002 -0.306262 0.203222 -0.504304 0.187351 -0.87068 -0.45477 0.485867 
1534190875004 0.12926 0.845846 -0.517529 -0.597251 -0.957109 0.242896 0.157936 -0.23308 0.259295 0.474917 0.840964 0.411985 0.31622 -0.384863 0.867113 0.400795 -0.930002 -0.306262 0.203222 -0.504304 0.187351 -0.87068 -0.45477 0.485867 
1534190875026 0.12907 0.845933 -0.517435 -0.597129 -0.957088 0.242803 0.15821 -0.23313 0.259469 0.47481 0.84097 0.411945 0.31622 -0.384863 0.867113 0.400795 -0.930002 -0.306262 0.203222 -0.504304 0.187351 -0.87068 -0.45477 0.485867 
1534190875033 0.128881 0.846019 -0.51734 -0.597005 -0.957066 0.24271 0.158483 -0.233179 0.259643 0.474703 0.840977 0.411904 0.31622 -0.384863 0.867113 0.400795 -0.930002 -0.306262 0.203222 -0.504304 0.187351 -0.87068 -0.45477 0.485867 
1534190875093 0.128692 0.846106 -0.517246 -0.596881 -0.957044 0.242617 0.158756 -0.233228 0.259817 0.474597 0.840983 0.411864 0.31622 -0.384863 0.867113 0.400795 -0.930002 -0.306262 0.203222 -0.504304 0.187351 -0.87068 -0.45477 0.485867 
1534190875165 0.128503 0.846193 -0.517151 -0.596759 -0.957022 0.242524 0.159029 -0.233279 0.259991 0.474489 0.84099 0.411823 0.31622 -0.384863 0.867113 0.400795 -0.930002 -0.306262 0.203222 -0.504304 0.187351 -0.87068 -0.45477 0.485867 
1534190875207 0.128314 0.846279 -0.517057 -0.596635 -0.957 0.242432 0.159303 -0.233328 0.260165 0.474383 0.840997 0.411783 0.31622 -0.384863 0.867113 0.400795 -0.930002 -0.306262 0.203222 -0.504304 0.187351 -0.87068 -0.45477 0.485867 
1534190875247 0.128655 0.846023 -0.51739 -0.596969 -0.95711 0.2425 0.158535 -0.233186 0.259591 0.474803 0.840936 0.411818 0.31622 -0.384863 0.867113 0.400795 -0.930002 -0.306262 0.203222 -0.504304 0.187351 -0.87068 -0.45477 0.485867 
1534190875259 0.128378 0.846105 -0.517325 -0.596797 -0.957109 0.242322 0.158813 -0.233244 0.259732 0.474749 0.840924 0.411804 0.31622 -0.384863 0.867113 0.400795 -0.930002 -0.306262 0.203222 -0.504304 0.187351 -0.87068 -0.45477 0.485867 
1534190875279 0.128102 0.846187 -0.517259 -0.596624 -0.957109 0.242143 0.159091 -0.233305 0.259872 0.474694 0.840912 0.411788 0.31622 -0.384863 0.867113 0.400795 -0.930002 -0.306262 0.203222 -0.504304 0.187351 -0.87068 -0.45477 0.485867 
1534190875292 0.127824 0.846269 -0.517193 -0.59645 -0.957107 0.241964 0.15937 -0.233366 0.260012 0.474638 0.8409 0.411772 0.31622 -0.384863 0.867113 0.400795 -0.930002 -0.306262 0.203222 -0.504304 0.187351 -0.87068 -0.45477 0.485867 
1534190875309 0.127547 0.846352 -0.517127 -0.596276 -0.957106 0.241785 0.159649 -0.233428 0.260152 0.474583 0.840887 0.411756 0.31622 -0.384863 0.867113 0.400795 -0.930002 -0.306262 0.203222 -0.504304 0.187351 -0.87068 -0.45477 0.485867 
1534190875378 0.127271 0.846434 -0.517061 -0.596103 -0.957105 0.241606 0.159927 -0.233489 0.260292 0.474528 0.840875 0.41174 0.31622 -0.384863 0.867113 0.400795 -0.930002 -0.306262 0.203222 -0.504304 0.187351 -0.87068 -0.45477 0.485867 
1534190875441 0.126994 0.846515 -0.516995 -0.595929 -0.957104 0.241427 0.160205 -0.233549 0.260433 0.474473 0.840863 0.411724 0.31622 -0.384863 0.867113 0.400795 -0.930002 -0.306262 0.203222 -0.504304 0.187351 -0.87068 -0.45477 0.485867 
1534190875474 0.126717 0.846598 -0.516929 -0.595756 -0.957102 0.241247 0.160484 -0.233612 0.260573 0.474418 0.84085 0.411708 0.31622 -0.384863 0.867113 0.400795 -0.930002 -0.306262 0.203222 -0.504304 0.187351 -0.87068 -0.45477 0.485867 
