1533579003756 0.189748 0.957671 -0.216478 -0.518322 -0.977682 0.204549 0.0479357 -0.23679 0.090187 0.202551 0.97511 0.339723 0.16008 -0.304787 0.938871 0.370831 -0.775623 0.549475 0.310623 -0.528794 -0.61056 -0.777934 -0.14844 0.432481 
1533579003768 0.190455 0.955263 -0.226273 -0.528044 -0.975942 0.20916 0.0615627 -0.238073 0.106136 0.209104 0.972117 0.343997 0.316231 -0.384871 0.867106 0.40083 -0.930001 -0.306257 0.203234 -0.504368 0.187338 -0.870678 -0.454779 0.485897 
1533579004655 0.191027 0.95278 -0.23605 -0.537673 -0.973971 0.213876 0.0750765 -0.239273 0.122017 0.215564 0.968836 0.348124 0.316231 -0.384871 0.867106 0.40083 -0.930001 -0.306257 0.203234 -0.504368 0.187338 -0.870678 -0.454779 0.485897 
1533579005210 0.191438 0.950224 -0.245817 -0.547299 -0.971773 0.21868 0.0885246 -0.240474 0.137874 0.221932 0.965265 0.352256 0.316231 -0.384871 0.867106 0.40083 -0.930001 -0.306257 0.203234 -0.504368 0.187338 -0.870678 -0.454779 0.485897 
1533579005770 0.191678 0.947598 -0.255574 -0.556956 -0.969346 0.223565 0.101919 -0.241701 0.153715 0.228204 0.961402 0.356434 0.316231 -0.384871 0.867106 0.40083 -0.930001 -0.306257 0.203234 -0.504368 0.187338 -0.870678 -0.454779 0.485897 
1533579006338 0.191756 0.944901 -0.265314 -0.566613 -0.966691 0.228535 0.115238 -0.242928 0.169522 0.234379 0.95725 0.360612 0.316231 -0.384871 0.867106 0.40083 -0.930001 -0.306257 0.203234 -0.504368 0.187338 -0.870678 -0.454779 0.485897 
1533579006910 0.191672 0.942135 -0.275035 -0.576268 -0.96381 0.233588 0.128479 -0.244154 0.185289 0.240456 0.952811 0.36479 0.316231 -0.384871 0.867106 0.40083 -0.930001 -0.306257 0.203234 -0.504368 0.187338 -0.870678 -0.454779 0.485897 
1533579007486 0.191426 0.939299 -0.284734 -0.585922 -0.960703 0.238723 0.141637 -0.245379 0.201012 0.246432 0.948085 0.368969 0.316231 -0.384871 0.867106 0.40083 -0.930001 -0.306257 0.203234 -0.504368 0.187338 -0.870678 -0.454779 0.485897 
1533579007493 0.191019 0.936395 -0.294407 -0.595574 -0.957371 0.243938 0.154707 -0.246604 0.216684 0.252305 0.943075 0.373148 0.316231 -0.384871 0.867106 0.40083 -0.930001 -0.306257 0.203234 -0.504368 0.187338 -0.870678 -0.454779 0.485897 
1533579008326 0.190552 0.933343 -0.304237 -0.604299 -0.953803 0.249354 0.167579 -0.247334 0.232271 0.258249 0.937741 0.377524 0.316442 -0.385045 0.866951 0.401525 -0.929984 -0.306148 0.203478 -0.505625 0.187068 -0.87064 -0.454964 0.486487 
1533579008895 0.19118 0.933409 -0.303642 -0.603858 -0.953886 0.249609 0.166723 -0.247477 0.231412 0.257766 0.938086 0.377224 0.316442 -0.385045 0.866951 0.401525 -0.929984 -0.306148 0.203478 -0.505625 0.187068 -0.87064 -0.454964 0.486487 
1533579008906 0.191044 0.933109 -0.304646 -0.604963 -0.953512 0.250107 0.168113 -0.247636 0.233062 0.258366 0.937512 0.377651 0.316221 -0.384863 0.867113 0.400797 -0.930002 -0.306262 0.203223 -0.504308 0.187351 -0.87068 -0.45477 0.485869 
1533579009107 0.190905 0.93281 -0.305648 -0.606068 -0.953135 0.250604 0.169502 -0.247795 0.23471 0.258965 0.936936 0.378079 0.316221 -0.384863 0.867113 0.400797 -0.930002 -0.306262 0.203223 -0.504308 0.187351 -0.87068 -0.45477 0.485869 
1533579009314 0.190765 0.93251 -0.306651 -0.607175 -0.952756 0.251103 0.170891 -0.247955 0.236358 0.259563 0.936356 0.378506 0.31622 -0.384863 0.867113 0.400797 -0.930002 -0.306262 0.203222 -0.504307 0.187351 -0.87068 -0.45477 0.485868 
1533579009520 0.190622 0.932209 -0.307652 -0.608282 -0.952374 0.251602 0.172278 -0.248116 0.238005 0.26016 0.935773 0.378933 0.316221 -0.384863 0.867113 0.400796 -0.930002 -0.306262 0.203223 -0.504306 0.187351 -0.87068 -0.45477 0.485868 
1533579009728 0.190478 0.931907 -0.308653 -0.609389 -0.95199 0.252102 0.173664 -0.248276 0.239651 0.260756 0.935186 0.37936 0.31622 -0.384863 0.867113 0.400796 -0.930002 -0.306262 0.203222 -0.504306 0.187351 -0.87068 -0.454769 0.485868 
1533579009937 0.190332 0.931605 -0.309654 -0.610495 -0.951604 0.252603 0.17505 -0.248436 0.241297 0.261351 0.934597 0.379788 0.31622 -0.384863 0.867113 0.400796 -0.930002 -0.306262 0.203222 -0.504306 0.187351 -0.87068 -0.454769 0.485868 
1533579010149 0.190185 0.931302 -0.310655 -0.611603 -0.951215 0.253104 0.176434 -0.248597 0.242942 0.261944 0.934005 0.380215 0.31622 -0.384863 0.867113 0.400796 -0.930002 -0.306262 0.203222 -0.504305 0.187351 -0.87068 -0.45477 0.485867 
1533579010362 0.190036 0.930998 -0.311655 -0.61271 -0.950823 0.253607 0.177817 -0.248757 0.244586 0.262537 0.933409 0.380642 0.31622 -0.384863 0.867113 0.400796 -0.930002 -0.306262 0.203222 -0.504305 0.187351 -0.87068 -0.45477 0.485867 
1533579010576 0.189884 0.930694 -0.312654 -0.613818 -0.950429 0.25411 0.1792 -0.248917 0.246229 0.263128 0.93281 0.381069 0.316221 -0.384863 0.867113 0.400795 -0.930002 -0.306262 0.203223 -0.504305 0.187351 -0.87068 -0.45477 0.485867 
1533579010797 0.190322 0.930663 -0.312481 -0.613456 -0.9505 0.25432 0.178523 -0.24906 0.245615 0.263037 0.932998 0.380843 0.316221 -0.384863 0.867113 0.400795 -0.930002 -0.306262 0.203223 -0.504305 0.187351 -0.87068 -0.45477 0.485867 
1533579010810 0.190539 0.930706 -0.31222 -0.613554 -0.950409 0.254526 0.178716 -0.249087 0.2458 0.262684 0.933048 0.380796 0.31622 -0.384863 0.867113 0.400795 -0.930002 -0.306262 0.203222 -0.504304 0.187351 -0.87068 -0.454769 0.485867 
1533579010816 0.190756 0.93075 -0.311958 -0.613656 -0.950317 0.254731 0.17891 -0.249115 0.245986 0.26233 0.933099 0.380748 0.31622 -0.384863 0.867113 0.400795 -0.930002 -0.306262 0.203222 -0.504304 0.187351 -0.87068 -0.454769 0.485867 
1533579010830 0.190973 0.930793 -0.311695 -0.613758 -0.950226 0.254937 0.179104 -0.249144 0.246171 0.261976 0.933149 0.3807 0.31622 -0.384863 0.867113 0.400795 -0.930002 -0.306262 0.203222 -0.504304 0.187351 -0.87068 -0.454769 0.485867 
1533579010948 0.19119 0.930836 -0.311432 -0.613861 -0.950134 0.255142 0.179299 -0.249173 0.246357 0.261622 0.9332 0.380652 0.31622 -0.384863 0.867113 0.400795 -0.930002 -0.306262 0.203222 -0.504304 0.187351 -0.87068 -0.454769 0.485867 
1533579010977 0.191406 0.93088 -0.311169 -0.613964 -0.950042 0.255346 0.179493 -0.249203 0.246542 0.261268 0.93325 0.380603 0.31622 -0.384863 0.867113 0.400795 -0.930002 -0.306262 0.203222 -0.504304 0.187351 -0.87068 -0.454769 0.485867 
1533579011037 0.191623 0.930923 -0.310907 -0.614066 -0.949951 0.255552 0.179687 -0.249231 0.246728 0.260914 0.9333 0.380555 0.31622 -0.384863 0.867113 0.400795 -0.930002 -0.306262 0.203222 -0.504304 0.187351 -0.87068 -0.454769 0.485867 
1533579011094 0.19184 0.930966 -0.310644 -0.614169 -0.949859 0.255756 0.179882 -0.249261 0.246913 0.260559 0.93335 0.380507 0.31622 -0.384863 0.867113 0.400795 -0.930002 -0.306262 0.203222 -0.504304 0.187351 -0.87068 -0.454769 0.485867 
1533579011150 0.192057 0.931009 -0.310382 -0.614271 -0.949767 0.255961 0.180076 -0.249289 0.247098 0.260205 0.9334 0.380459 0.31622 -0.384863 0.867113 0.400795 -0.930002 -0.306262 0.203222 -0.504304 0.187351 -0.87068 -0.454769 0.485867 
1533579011206 0.192274 0.931052 -0.310119 -0.614374 -0.949675 0.256166 0.18027 -0.249319 0.247283 0.25985 0.93345 0.380411 0.31622 -0.384863 0.867113 0.400795 -0.930002 -0.306262 0.203222 -0.504304 0.187351 -0.87068 -0.454769 0.485867 
1533579011273 0.191883 0.931033 -0.310415 -0.614204 -0.949821 0.255783 0.180044 -0.249244 0.247026 0.260291 0.933395 0.380541 0.31622 -0.384863 0.867113 0.400795 -0.930002 -0.306262 0.203222 -0.504304 0.187351 -0.87068 -0.454769 0.485867 
1533579011285 0.191818 0.931256 -0.309787 -0.614231 -0.949739 0.255699 0.180592 -0.249304 0.24739 0.259576 0.933498 0.380492 0.31622 -0.384863 0.867113 0.400795 -0.930002 -0.306262 0.203222 -0.504304 0.187351 -0.87068 -0.45477 0.485867 
1533579011302 0.191752 0.931479 -0.309157 -0.614263 -0.949657 0.255614 0.181142 -0.249367 0.247755 0.258859 0.9336 0.380442 0.31622 -0.384863 0.867113 0.400795 -0.930002 -0.306262 0.203222 -0.504304 0.187351 -0.87068 -0.45477 0.485867 
1533579011391 0.191686 0.931702 -0.308526 -0.614297 -0.949575 0.255529 0.181691 -0.249431 0.24812 0.258141 0.933702 0.380392 0.31622 -0.384863 0.867113 0.400795 -0.930002 -0.306262 0.203222 -0.504304 0.187351 -0.87068 -0.45477 0.485867 
1533579011474 0.19162 0.931923 -0.307897 -0.614327 -0.949493 0.255443 0.182241 -0.249493 0.248484 0.257425 0.933803 0.380342 0.31622 -0.384863 0.867113 0.400795 -0.930002 -0.306262 0.203222 -0.504304 0.187351 -0.87068 -0.45477 0.485867 
1533579011550 0.191555 0.932145 -0.307266 -0.61436 -0.949411 0.255357 0.18279 -0.249556 0.248849 0.256707 0.933903 0.380292 0.31622 -0.384863 0.867113 0.400795 -0.930002 -0.306262 0.203222 -0.504304 0.187351 -0.87068 -0.45477 0.485867 
1533579011623 0.19149 0.932366 -0.306635 -0.614393 -0.949328 0.25527 0.18334 -0.24962 0.249214 0.25599 0.934003 0.380242 0.31622 -0.384863 0.867113 0.400795 -0.930002 -0.306262 0.203222 -0.504304 0.187351 -0.87068 -0.45477 0.485867 
1533579011698 0.191425 0.932586 -0.306004 -0.614425 -0.949245 0.255183 0.183889 -0.249682 0.249579 0.255272 0.934102 0.380193 0.31622 -0.384863 0.867113 0.400795 -0.930002 -0.306262 0.203222 -0.504304 0.187351 -0.87068 -0.45477 0.485867 
1533579011779 0.191361 0.932807 -0.305373 -0.614458 -0.949162 0.255096 0.184438 -0.249746 0.249944 0.254555 0.9342 0.380143 0.31622 -0.384863 0.867113 0.400795 -0.930002 -0.306262 0.203222 -0.504304 0.187351 -0.87068 -0.45477 0.485867 
1533579011860 0.191297 0.933026 -0.304742 -0.614489 -0.949079 0.255008 0.184987 -0.249809 0.250309 0.253837 0.934298 0.380093 0.31622 -0.384863 0.867113 0.400795 -0.930002 -0.306262 0.203222 -0.504304 0.187351 -0.87068 -0.45477 0.485867 
1533579011948 0.191417 0.93277 -0.305451 -0.614427 -0.949116 0.2552 0.184532 -0.249748 0.250077 0.254586 0.934156 0.380143 0.31622 -0.384863 0.867113 0.400795 -0.930002 -0.306262 0.203222 -0.504304 0.187351 -0.87068 -0.45477 0.485867 
1533579011961 0.191471 0.93288 -0.305079 -0.614431 -0.949127 0.255155 0.184538 -0.249756 0.249995 0.254225 0.934276 0.380146 0.31622 -0.384863 0.867113 0.400795 -0.930002 -0.306262 0.203222 -0.504304 0.187351 -0.87068 -0.45477 0.485867 
1533579011977 0.191524 0.932992 -0.304705 -0.614439 -0.949138 0.255109 0.184545 -0.249765 0.249912 0.253862 0.934397 0.380149 0.31622 -0.384863 0.867113 0.400795 -0.930002 -0.306262 0.203222 -0.504304 0.187351 -0.87068 -0.45477 0.485867 
1533579011994 0.191578 0.933103 -0.304331 -0.614448 -0.949149 0.255064 0.184551 -0.249775 0.249829 0.2535 0.934518 0.380151 0.31622 -0.384863 0.867113 0.400795 -0.930002 -0.306262 0.203222 -0.504304 0.187351 -0.87068 -0.45477 0.485867 
1533579012011 0.191631 0.933214 -0.303957 -0.614456 -0.94916 0.255018 0.184557 -0.249785 0.249746 0.253137 0.934638 0.380154 0.31622 -0.384863 0.867113 0.400795 -0.930002 -0.306262 0.203222 -0.504304 0.187351 -0.87068 -0.45477 0.485867 
1533579012027 0.191685 0.933324 -0.303583 -0.614465 -0.949171 0.254972 0.184564 -0.249796 0.249663 0.252774 0.934759 0.380156 0.31622 -0.384863 0.867113 0.400795 -0.930002 -0.306262 0.203222 -0.504304 0.187351 -0.87068 -0.45477 0.485867 
1533579012134 0.191738 0.933435 -0.303209 -0.614473 -0.949182 0.254927 0.18457 -0.249805 0.24958 0.252411 0.934879 0.380158 0.31622 -0.384863 0.867113 0.400795 -0.930002 -0.306262 0.203222 -0.504304 0.187351 -0.87068 -0.45477 0.485867 
1533579012157 0.191791 0.933546 -0.302835 -0.614483 -0.949193 0.254881 0.184576 -0.249816 0.249497 0.252048 0.934999 0.380161 0.31622 -0.384863 0.867113 0.400795 -0.930002 -0.306262 0.203222 -0.504304 0.187351 -0.87068 -0.45477 0.485867 
1533579012189 0.191845 0.933656 -0.30246 -0.614491 -0.949204 0.254836 0.184583 -0.249825 0.249414 0.251685 0.935119 0.380163 0.31622 -0.384863 0.867113 0.400795 -0.930002 -0.306262 0.203222 -0.504304 0.187351 -0.87068 -0.45477 0.485867 
1533579012241 0.191898 0.933766 -0.302086 -0.6145 -0.949215 0.25479 0.184589 -0.249836 0.249331 0.251322 0.935238 0.380165 0.31622 -0.384863 0.867113 0.400795 -0.930002 -0.306262 0.203222 -0.504304 0.187351 -0.87068 -0.45477 0.485867 
1533579012289 0.191964 0.933451 -0.303017 -0.614461 -0.949106 0.255133 0.184677 -0.249874 0.249697 0.252144 0.93492 0.380151 0.31622 -0.384863 0.867113 0.400795 -0.930002 -0.306262 0.203222 -0.504304 0.187351 -0.87068 -0.45477 0.485867 
1533579012302 0.19192 0.93342 -0.30314 -0.614429 -0.949156 0.255074 0.184498 -0.249873 0.249537 0.252319 0.934915 0.380214 0.31622 -0.384863 0.867113 0.400795 -0.930002 -0.306262 0.203222 -0.504304 0.187351 -0.87068 -0.45477 0.485867 
1533579012318 0.191878 0.933388 -0.303264 -0.614393 -0.949207 0.255016 0.184318 -0.24987 0.249377 0.252494 0.934911 0.380277 0.31622 -0.384863 0.867113 0.400795 -0.930002 -0.306262 0.203222 -0.504304 0.187351 -0.87068 -0.45477 0.485867 
1533579012434 0.191836 0.933357 -0.303388 -0.614357 -0.949258 0.254958 0.184137 -0.249866 0.249217 0.252669 0.934906 0.38034 0.31622 -0.384863 0.867113 0.400795 -0.930002 -0.306262 0.203222 -0.504304 0.187351 -0.87068 -0.45477 0.485867 
1533579012451 0.191794 0.933325 -0.303512 -0.614321 -0.949308 0.2549 0.183957 -0.249863 0.249057 0.252844 0.934901 0.380404 0.31622 -0.384863 0.867113 0.400795 -0.930002 -0.306262 0.203222 -0.504304 0.187351 -0.87068 -0.45477 0.485867 
1533579012468 0.191751 0.933294 -0.303636 -0.614284 -0.949359 0.254842 0.183777 -0.249859 0.248897 0.253019 0.934896 0.380468 0.31622 -0.384863 0.867113 0.400795 -0.930002 -0.306262 0.203222 -0.504304 0.187351 -0.87068 -0.45477 0.485867 
1533579012484 0.191709 0.933262 -0.303759 -0.614249 -0.949409 0.254783 0.183597 -0.249856 0.248737 0.253194 0.934892 0.380531 0.31622 -0.384863 0.867113 0.400795 -0.930002 -0.306262 0.203222 -0.504304 0.187351 -0.87068 -0.45477 0.485867 
1533579012516 0.191667 0.93323 -0.303883 -0.614212 -0.949459 0.254725 0.183417 -0.249853 0.248577 0.25337 0.934887 0.380595 0.31622 -0.384863 0.867113 0.400795 -0.930002 -0.306262 0.203222 -0.504304 0.187351 -0.87068 -0.45477 0.485867 
1533579012552 0.191625 0.933199 -0.304007 -0.614176 -0.94951 0.254667 0.183237 -0.249849 0.248417 0.253545 0.934882 0.380658 0.31622 -0.384863 0.867113 0.400795 -0.930002 -0.306262 0.203222 -0.504304 0.187351 -0.87068 -0.45477 0.485867 
1533579012577 0.191583 0.933167 -0.304131 -0.614139 -0.94956 0.254609 0.183056 -0.249846 0.248257 0.25372 0.934877 0.380722 0.31622 -0.384863 0.867113 0.400795 -0.930002 -0.306262 0.203222 -0.504304 0.187351 -0.87068 -0.45477 0.485867 
1533579012597 0.191701 0.933278 -0.303717 -0.614251 -0.949384 0.254794 0.183711 -0.249848 0.248839 0.253127 0.934883 0.380478 0.31622 -0.384863 0.867113 0.400795 -0.930002 -0.306262 0.203222 -0.504304 0.187351 -0.87068 -0.45477 0.485867 
1533579012611 0.191363 0.933262 -0.303977 -0.614197 -0.949439 0.25454 0.183781 -0.249971 0.24889 0.253439 0.934785 0.380506 0.31622 -0.384863 0.867113 0.400795 -0.930002 -0.306262 0.203222 -0.504304 0.187351 -0.87068 -0.45477 0.485867 
1533579012627 0.191024 0.933246 -0.304239 -0.614141 -0.949493 0.254285 0.183851 -0.250096 0.248942 0.253753 0.934686 0.380535 0.31622 -0.384863 0.867113 0.400795 -0.930002 -0.306262 0.203222 -0.504304 0.187351 -0.87068 -0.45477 0.485867 
1533579012733 0.190686 0.93323 -0.3045 -0.614086 -0.949548 0.254031 0.183921 -0.25022 0.248994 0.254066 0.934587 0.380563 0.31622 -0.384863 0.867113 0.400795 -0.930002 -0.306262 0.203222 -0.504304 0.187351 -0.87068 -0.45477 0.485867 
1533579012761 0.190347 0.933214 -0.304762 -0.614029 -0.949602 0.253777 0.183992 -0.250344 0.249045 0.25438 0.934488 0.380592 0.31622 -0.384863 0.867113 0.400795 -0.930002 -0.306262 0.203222 -0.504304 0.187351 -0.87068 -0.45477 0.485867 
1533579012794 0.190009 0.933198 -0.305023 -0.613973 -0.949656 0.253522 0.184063 -0.250468 0.249097 0.254693 0.934389 0.38062 0.31622 -0.384863 0.867113 0.400795 -0.930002 -0.306262 0.203222 -0.504304 0.187351 -0.87068 -0.45477 0.485867 
1533579012865 0.18967 0.933181 -0.305284 -0.613915 -0.949711 0.253268 0.184133 -0.250592 0.249148 0.255007 0.934289 0.380649 0.31622 -0.384863 0.867113 0.400795 -0.930002 -0.306262 0.203222 -0.504304 0.187351 -0.87068 -0.45477 0.485867 
1533579012890 0.189332 0.933164 -0.305546 -0.61386 -0.949765 0.253014 0.184204 -0.250716 0.2492 0.255321 0.93419 0.380677 0.31622 -0.384863 0.867113 0.400795 -0.930002 -0.306262 0.203222 -0.504304 0.187351 -0.87068 -0.45477 0.485867 
1533579012934 0.188993 0.933147 -0.305807 -0.613802 -0.949819 0.252759 0.184274 -0.25084 0.249251 0.255635 0.93409 0.380706 0.31622 -0.384863 0.867113 0.400795 -0.930002 -0.306262 0.203222 -0.504304 0.187351 -0.87068 -0.45477 0.485867 
1533579012983 0.188655 0.93313 -0.306068 -0.613746 -0.949873 0.252505 0.184345 -0.250964 0.249302 0.255948 0.933991 0.380735 0.31622 -0.384863 0.867113 0.400795 -0.930002 -0.306262 0.203222 -0.504304 0.187351 -0.87068 -0.45477 0.485867 
1533579013035 0.189247 0.933183 -0.30554 -0.613903 -0.949822 0.252892 0.184078 -0.250675 0.249047 0.255373 0.934217 0.380642 0.31622 -0.384863 0.867113 0.400795 -0.930002 -0.306262 0.203222 -0.504304 0.187351 -0.87068 -0.45477 0.485867 
1533579013048 0.188745 0.933259 -0.305618 -0.613843 -0.949855 0.252501 0.18444 -0.25087 0.249299 0.25548 0.93412 0.380626 0.31622 -0.384863 0.867113 0.400795 -0.930002 -0.306262 0.203222 -0.504304 0.187351 -0.87068 -0.45477 0.485867 
1533579013064 0.188242 0.933336 -0.305694 -0.613787 -0.949889 0.252109 0.184803 -0.251067 0.249552 0.255588 0.934023 0.380609 0.31622 -0.384863 0.867113 0.400795 -0.930002 -0.306262 0.203222 -0.504304 0.187351 -0.87068 -0.45477 0.485867 
1533579013130 0.187739 0.933412 -0.30577 -0.613731 -0.949922 0.251717 0.185167 -0.251265 0.249805 0.255695 0.933926 0.380592 0.31622 -0.384863 0.867113 0.400795 -0.930002 -0.306262 0.203222 -0.504304 0.187351 -0.87068 -0.45477 0.485867 
1533579013212 0.187235 0.933489 -0.305846 -0.613675 -0.949955 0.251325 0.185531 -0.251462 0.250058 0.255802 0.933829 0.380575 0.31622 -0.384863 0.867113 0.400795 -0.930002 -0.306262 0.203222 -0.504304 0.187351 -0.87068 -0.45477 0.485867 
1533579013293 0.186732 0.933565 -0.305922 -0.613619 -0.949987 0.250933 0.185895 -0.25166 0.250311 0.255909 0.933732 0.380557 0.31622 -0.384863 0.867113 0.400795 -0.930002 -0.306262 0.203222 -0.504304 0.187351 -0.87068 -0.45477 0.485867 
1533579013370 0.186229 0.93364 -0.305998 -0.613563 -0.950019 0.250541 0.186259 -0.251857 0.250564 0.256017 0.933634 0.38054 0.31622 -0.384863 0.867113 0.400795 -0.930002 -0.306262 0.203222 -0.504304 0.187351 -0.87068 -0.45477 0.485867 
1533579013455 0.185725 0.933716 -0.306073 -0.613508 -0.950051 0.250149 0.186623 -0.252055 0.250817 0.256125 0.933537 0.380523 0.31622 -0.384863 0.867113 0.400795 -0.930002 -0.306262 0.203222 -0.504304 0.187351 -0.87068 -0.45477 0.485867 
1533579013462 0.185221 0.933791 -0.306148 -0.613451 -0.950083 0.249757 0.186987 -0.252252 0.251069 0.256232 0.933439 0.380506 0.31622 -0.384863 0.867113 0.400795 -0.930002 -0.306262 0.203222 -0.504304 0.187351 -0.87068 -0.45477 0.485867 
1533579013608 0.184718 0.933866 -0.306224 -0.613395 -0.950114 0.249366 0.187351 -0.252449 0.251322 0.25634 0.933342 0.380489 0.31622 -0.384863 0.867113 0.400795 -0.930002 -0.306262 0.203222 -0.504304 0.187351 -0.87068 -0.45477 0.485867 
1533579013706 0.185191 0.93375 -0.306292 -0.613484 -0.950081 0.249765 0.186985 -0.252234 0.251098 0.256375 0.933393 0.380446 0.31622 -0.384863 0.867113 0.400795 -0.930002 -0.306262 0.203222 -0.504304 0.187351 -0.87068 -0.45477 0.485867 
1533579013717 0.185119 0.933725 -0.306411 -0.613411 -0.950078 0.249739 0.187034 -0.25233 0.251161 0.256491 0.933344 0.380428 0.31622 -0.384863 0.867113 0.400795 -0.930002 -0.306262 0.203222 -0.504304 0.187351 -0.87068 -0.45477 0.485867 
1533579013734 0.185048 0.9337 -0.30653 -0.613333 -0.950076 0.249712 0.187084 -0.252425 0.251225 0.256607 0.933295 0.38041 0.31622 -0.384863 0.867113 0.400795 -0.930002 -0.306262 0.203222 -0.504304 0.187351 -0.87068 -0.45477 0.485867 
1533579013751 0.184976 0.933676 -0.306649 -0.613256 -0.950073 0.249685 0.187134 -0.252519 0.251288 0.256724 0.933245 0.380393 0.31622 -0.384863 0.867113 0.400795 -0.930002 -0.306262 0.203222 -0.504304 0.187351 -0.87068 -0.45477 0.485867 
1533579013767 0.184904 0.933651 -0.306769 -0.613179 -0.95007 0.249659 0.187184 -0.252614 0.251352 0.256841 0.933196 0.380375 0.31622 -0.384863 0.867113 0.400795 -0.930002 -0.306262 0.203222 -0.504304 0.187351 -0.87068 -0.45477 0.485867 
1533579013774 0.184833 0.933626 -0.306888 -0.613103 -0.950067 0.249632 0.187234 -0.252709 0.251415 0.256957 0.933147 0.380358 0.31622 -0.384863 0.867113 0.400795 -0.930002 -0.306262 0.203222 -0.504304 0.187351 -0.87068 -0.45477 0.485867 
1533579013829 0.184761 0.933601 -0.307007 -0.613025 -0.950064 0.249606 0.187283 -0.252803 0.251479 0.257074 0.933098 0.38034 0.31622 -0.384863 0.867113 0.400795 -0.930002 -0.306262 0.203222 -0.504304 0.187351 -0.87068 -0.45477 0.485867 
1533579013866 0.18469 0.933576 -0.307126 -0.612948 -0.950061 0.24958 0.187333 -0.252898 0.251542 0.25719 0.933049 0.380322 0.31622 -0.384863 0.867113 0.400795 -0.930002 -0.306262 0.203222 -0.504304 0.187351 -0.87068 -0.45477 0.485867 
1533579013886 0.184618 0.93355 -0.307245 -0.61287 -0.950058 0.249553 0.187383 -0.252991 0.251606 0.257307 0.932999 0.380305 0.31622 -0.384863 0.867113 0.400795 -0.930002 -0.306262 0.203222 -0.504304 0.187351 -0.87068 -0.45477 0.485867 
1533579013914 0.184546 0.933525 -0.307365 -0.612793 -0.950055 0.249527 0.187433 -0.253086 0.251669 0.257423 0.93295 0.380288 0.31622 -0.384863 0.867113 0.400795 -0.930002 -0.306262 0.203222 -0.504304 0.187351 -0.87068 -0.45477 0.485867 
1533579013953 0.18499 0.933597 -0.30688 -0.613048 -0.950007 0.249809 0.187303 -0.252746 0.251527 0.256889 0.933136 0.380398 0.31622 -0.384863 0.867113 0.400795 -0.930002 -0.306262 0.203222 -0.504304 0.187351 -0.87068 -0.45477 0.485867 
1533579013964 0.184889 0.933578 -0.306999 -0.61289 -0.949931 0.249835 0.187651 -0.252839 0.251886 0.256934 0.933027 0.380363 0.31622 -0.384863 0.867113 0.400795 -0.930002 -0.306262 0.203222 -0.504304 0.187351 -0.87068 -0.45477 0.485867 
1533579013980 0.184788 0.933558 -0.30712 -0.612727 -0.949856 0.249861 0.187997 -0.252929 0.252244 0.25698 0.932917 0.380329 0.31622 -0.384863 0.867113 0.400795 -0.930002 -0.306262 0.203222 -0.504304 0.187351 -0.87068 -0.45477 0.485867 
1533579013997 0.184687 0.933538 -0.307241 -0.612563 -0.94978 0.249888 0.188344 -0.253018 0.252602 0.257027 0.932807 0.380296 0.31622 -0.384863 0.867113 0.400795 -0.930002 -0.306262 0.203222 -0.504304 0.187351 -0.87068 -0.45477 0.485867 
1533579014014 0.184587 0.933518 -0.307362 -0.612401 -0.949705 0.249914 0.188691 -0.253109 0.252961 0.257073 0.932697 0.380261 0.31622 -0.384863 0.867113 0.400795 -0.930002 -0.306262 0.203222 -0.504304 0.187351 -0.87068 -0.45477 0.485867 
1533579014089 0.184486 0.933498 -0.307483 -0.612237 -0.949629 0.24994 0.189038 -0.253199 0.253319 0.25712 0.932587 0.380228 0.31622 -0.384863 0.867113 0.400795 -0.930002 -0.306262 0.203222 -0.504304 0.187351 -0.87068 -0.45477 0.485867 
1533579014146 0.184385 0.933478 -0.307604 -0.612073 -0.949553 0.249967 0.189384 -0.253289 0.253677 0.257167 0.932477 0.380194 0.31622 -0.384863 0.867113 0.400795 -0.930002 -0.306262 0.203222 -0.504304 0.187351 -0.87068 -0.45477 0.485867 
1533579014199 0.184284 0.933459 -0.307725 -0.611911 -0.949476 0.249993 0.189731 -0.253379 0.254035 0.257213 0.932367 0.38016 0.31622 -0.384863 0.867113 0.400795 -0.930002 -0.306262 0.203222 -0.504304 0.187351 -0.87068 -0.45477 0.485867 
1533579014243 0.184183 0.933439 -0.307845 -0.611749 -0.9494 0.25002 0.190078 -0.25347 0.254393 0.257259 0.932256 0.380126 0.31622 -0.384863 0.867113 0.400795 -0.930002 -0.306262 0.203222 -0.504304 0.187351 -0.87068 -0.45477 0.485867 
1533579014285 0.184082 0.933419 -0.307966 -0.611584 -0.949324 0.250046 0.190424 -0.253559 0.254751 0.257306 0.932146 0.380092 0.31622 -0.384863 0.867113 0.400795 -0.930002 -0.306262 0.203222 -0.504304 0.187351 -0.87068 -0.45477 0.485867 
1533579014333 0.184513 0.933404 -0.307752 -0.611911 -0.949426 0.250221 0.189685 -0.253502 0.254059 0.257189 0.932367 0.380157 0.31622 -0.384863 0.867113 0.400795 -0.930002 -0.306262 0.203222 -0.504304 0.187351 -0.87068 -0.45477 0.485867 
1533579014345 0.184252 0.933415 -0.307875 -0.611729 -0.949414 0.250063 0.189953 -0.253539 0.254293 0.257301 0.932272 0.380174 0.31622 -0.384863 0.867113 0.400795 -0.930002 -0.306262 0.203222 -0.504304 0.187351 -0.87068 -0.45477 0.485867 
1533579014361 0.183992 0.933427 -0.307996 -0.611544 -0.949401 0.249906 0.190221 -0.253574 0.254528 0.257413 0.932177 0.380191 0.31622 -0.384863 0.867113 0.400795 -0.930002 -0.306262 0.203222 -0.504304 0.187351 -0.87068 -0.45477 0.485867 
1533579014378 0.183731 0.933438 -0.308118 -0.611359 -0.949389 0.249749 0.190489 -0.253609 0.254762 0.257525 0.932082 0.380209 0.31622 -0.384863 0.867113 0.400795 -0.930002 -0.306262 0.203222 -0.504304 0.187351 -0.87068 -0.45477 0.485867 
1533579014409 0.183471 0.933449 -0.308239 -0.611173 -0.949376 0.249592 0.190757 -0.253643 0.254996 0.257637 0.931987 0.380226 0.31622 -0.384863 0.867113 0.400795 -0.930002 -0.306262 0.203222 -0.504304 0.187351 -0.87068 -0.45477 0.485867 
1533579014503 0.183211 0.93346 -0.30836 -0.610989 -0.949364 0.249435 0.191024 -0.253679 0.25523 0.257749 0.931892 0.380243 0.31622 -0.384863 0.867113 0.400795 -0.930002 -0.306262 0.203222 -0.504304 0.187351 -0.87068 -0.45477 0.485867 
1533579014539 0.18295 0.933471 -0.308482 -0.610802 -0.949351 0.249278 0.191292 -0.253713 0.255464 0.257861 0.931797 0.380261 0.31622 -0.384863 0.867113 0.400795 -0.930002 -0.306262 0.203222 -0.504304 0.187351 -0.87068 -0.45477 0.485867 
1533579014597 0.18269 0.933482 -0.308603 -0.610618 -0.949338 0.249121 0.19156 -0.253748 0.255698 0.257973 0.931702 0.380278 0.31622 -0.384863 0.867113 0.400795 -0.930002 -0.306262 0.203222 -0.504304 0.187351 -0.87068 -0.45477 0.485867 
1533579014604 0.182429 0.933493 -0.308724 -0.610431 -0.949325 0.248965 0.191828 -0.253783 0.255931 0.258085 0.931607 0.380296 0.31622 -0.384863 0.867113 0.400795 -0.930002 -0.306262 0.203222 -0.504304 0.187351 -0.87068 -0.45477 0.485867 
1533579014701 0.182169 0.933504 -0.308846 -0.610246 -0.949312 0.248808 0.192096 -0.253818 0.256165 0.258197 0.931512 0.380314 0.31622 -0.384863 0.867113 0.400795 -0.930002 -0.306262 0.203222 -0.504304 0.187351 -0.87068 -0.45477 0.485867 
1533579014760 0.182759 0.933499 -0.30851 -0.610478 -0.949308 0.249185 0.191629 -0.253877 0.255762 0.257849 0.931719 0.380343 0.31622 -0.384863 0.867113 0.400795 -0.930002 -0.306262 0.203222 -0.504304 0.187351 -0.87068 -0.45477 0.485867 
1533579014772 0.182522 0.933546 -0.308507 -0.610316 -0.949386 0.248928 0.191575 -0.253879 0.25564 0.257926 0.931731 0.380329 0.31622 -0.384863 0.867113 0.400795 -0.930002 -0.306262 0.203222 -0.504304 0.187351 -0.87068 -0.45477 0.485867 
1533579014789 0.182283 0.933593 -0.308506 -0.610148 -0.949464 0.248671 0.191521 -0.253878 0.255519 0.258004 0.931742 0.380315 0.31622 -0.384863 0.867113 0.400795 -0.930002 -0.306262 0.203222 -0.504304 0.187351 -0.87068 -0.45477 0.485867 
1533579014805 0.182045 0.93364 -0.308505 -0.609979 -0.949543 0.248413 0.191467 -0.253876 0.255398 0.258083 0.931754 0.380302 0.31622 -0.384863 0.867113 0.400795 -0.930002 -0.306262 0.203222 -0.504304 0.187351 -0.87068 -0.45477 0.485867 
1533579014826 0.181807 0.933687 -0.308504 -0.609812 -0.949621 0.248156 0.191413 -0.253875 0.255277 0.258162 0.931765 0.380289 0.31622 -0.384863 0.867113 0.400795 -0.930002 -0.306262 0.203222 -0.504304 0.187351 -0.87068 -0.45477 0.485867 
1533579014910 0.181569 0.933734 -0.308503 -0.609645 -0.949699 0.247898 0.19136 -0.253875 0.255156 0.25824 0.931776 0.380275 0.31622 -0.384863 0.867113 0.400795 -0.930002 -0.306262 0.203222 -0.504304 0.187351 -0.87068 -0.45477 0.485867 
1533579014961 0.18133 0.93378 -0.308502 -0.609477 -0.949777 0.24764 0.191306 -0.253873 0.255035 0.258319 0.931788 0.380262 0.31622 -0.384863 0.867113 0.400795 -0.930002 -0.306262 0.203222 -0.504304 0.187351 -0.87068 -0.45477 0.485867 
1533579015007 0.181092 0.933827 -0.308501 -0.60931 -0.949855 0.247383 0.191252 -0.253873 0.254914 0.258397 0.931799 0.380248 0.31622 -0.384863 0.867113 0.400795 -0.930002 -0.306262 0.203222 -0.504304 0.187351 -0.87068 -0.45477 0.485867 
1533579015056 0.180854 0.933873 -0.3085 -0.609141 -0.949933 0.247125 0.191198 -0.253871 0.254793 0.258476 0.93181 0.380235 0.31622 -0.384863 0.867113 0.400795 -0.930002 -0.306262 0.203222 -0.504304 0.187351 -0.87068 -0.45477 0.485867 
1533579015110 0.180615 0.93392 -0.308499 -0.608974 -0.950011 0.246867 0.191144 -0.25387 0.254672 0.258554 0.931822 0.380221 0.31622 -0.384863 0.867113 0.400795 -0.930002 -0.306262 0.203222 -0.504304 0.187351 -0.87068 -0.45477 0.485867 
1533579015170 0.181009 0.933899 -0.308333 -0.609262 -0.949881 0.24726 0.191283 -0.253802 0.254878 0.258255 0.931849 0.380281 0.31622 -0.384863 0.867113 0.400795 -0.930002 -0.306262 0.203222 -0.504304 0.187351 -0.87068 -0.45477 0.485867 
1533579015180 0.180856 0.933987 -0.308156 -0.609134 -0.949968 0.24702 0.191157 -0.25381 0.254659 0.258167 0.931933 0.380256 0.31622 -0.384863 0.867113 0.400795 -0.930002 -0.306262 0.203222 -0.504304 0.187351 -0.87068 -0.45477 0.485867 
1533579015197 0.180703 0.934074 -0.30798 -0.609002 -0.950056 0.246781 0.191031 -0.253817 0.254441 0.258078 0.932017 0.380232 0.31622 -0.384863 0.867113 0.400795 -0.930002 -0.306262 0.203222 -0.504304 0.187351 -0.87068 -0.45477 0.485867 
1533579015214 0.180551 0.934162 -0.307804 -0.60887 -0.950144 0.246542 0.190904 -0.253823 0.254222 0.25799 0.932101 0.380207 0.31622 -0.384863 0.867113 0.400795 -0.930002 -0.306262 0.203222 -0.504304 0.187351 -0.87068 -0.45477 0.485867 
1533579015230 0.180398 0.934249 -0.307628 -0.608737 -0.950231 0.246303 0.190777 -0.253829 0.254003 0.257902 0.932185 0.380183 0.31622 -0.384863 0.867113 0.400795 -0.930002 -0.306262 0.203222 -0.504304 0.187351 -0.87068 -0.45477 0.485867 
1533579015247 0.180245 0.934337 -0.307451 -0.608606 -0.950318 0.246063 0.190651 -0.253836 0.253785 0.257813 0.932269 0.380158 0.31622 -0.384863 0.867113 0.400795 -0.930002 -0.306262 0.203222 -0.504304 0.187351 -0.87068 -0.45477 0.485867 
1533579015264 0.180092 0.934424 -0.307276 -0.608473 -0.950406 0.245824 0.190524 -0.253842 0.253566 0.257725 0.932353 0.380134 0.31622 -0.384863 0.867113 0.400795 -0.930002 -0.306262 0.203222 -0.504304 0.187351 -0.87068 -0.45477 0.485867 
1533579015350 0.179939 0.934512 -0.307099 -0.608342 -0.950493 0.245585 0.190397 -0.253848 0.253347 0.257636 0.932437 0.38011 0.31622 -0.384863 0.867113 0.400795 -0.930002 -0.306262 0.203222 -0.504304 0.187351 -0.87068 -0.45477 0.485867 
1533579015370 0.179787 0.934599 -0.306923 -0.608209 -0.95058 0.245346 0.19027 -0.253854 0.253129 0.257547 0.932521 0.380086 0.31622 -0.384863 0.867113 0.400795 -0.930002 -0.306262 0.203222 -0.504304 0.187351 -0.87068 -0.45477 0.485867 
1533579015396 0.179634 0.934686 -0.306747 -0.608077 -0.950667 0.245107 0.190143 -0.25386 0.25291 0.257459 0.932605 0.380061 0.31622 -0.384863 0.867113 0.400795 -0.930002 -0.306262 0.203222 -0.504304 0.187351 -0.87068 -0.45477 0.485867 
1533579015452 0.179994 0.934477 -0.307173 -0.608442 -0.950393 0.245742 0.190692 -0.253769 0.253683 0.257612 0.932353 0.380135 0.31622 -0.384863 0.867113 0.400795 -0.930002 -0.306262 0.203222 -0.504304 0.187351 -0.87068 -0.45477 0.485867 
1533579015463 0.179809 0.934557 -0.307039 -0.608317 -0.950452 0.245516 0.190689 -0.253775 0.253592 0.257538 0.932397 0.38008 0.31622 -0.384863 0.867113 0.400795 -0.930002 -0.306262 0.203222 -0.504304 0.187351 -0.87068 -0.45477 0.485867 
1533579015479 0.179625 0.934635 -0.306906 -0.608188 -0.950511 0.245291 0.190684 -0.253778 0.253502 0.257466 0.932442 0.380026 0.31622 -0.384863 0.867113 0.400795 -0.930002 -0.306262 0.203222 -0.504304 0.187351 -0.87068 -0.45477 0.485867 
1533579015497 0.179442 0.934714 -0.306773 -0.608059 -0.95057 0.245067 0.19068 -0.253782 0.253411 0.257394 0.932487 0.379972 0.31622 -0.384863 0.867113 0.400795 -0.930002 -0.306262 0.203222 -0.504304 0.187351 -0.87068 -0.45477 0.485867 
1533579015513 0.179258 0.934793 -0.306641 -0.607929 -0.950629 0.244842 0.190675 -0.253785 0.253321 0.257321 0.932531 0.379918 0.31622 -0.384863 0.867113 0.400795 -0.930002 -0.306262 0.203222 -0.504304 0.187351 -0.87068 -0.45477 0.485867 
1533579015529 0.179075 0.934872 -0.306508 -0.607799 -0.950688 0.244618 0.190671 -0.253788 0.25323 0.257249 0.932576 0.379865 0.31622 -0.384863 0.867113 0.400795 -0.930002 -0.306262 0.203222 -0.504304 0.187351 -0.87068 -0.45477 0.485867 
1533579015546 0.178891 0.93495 -0.306375 -0.60767 -0.950746 0.244393 0.190666 -0.253792 0.253139 0.257176 0.93262 0.379811 0.31622 -0.384863 0.867113 0.400795 -0.930002 -0.306262 0.203222 -0.504304 0.187351 -0.87068 -0.45477 0.485867 
1533579015638 0.178708 0.935029 -0.306243 -0.60754 -0.950805 0.244169 0.190661 -0.253795 0.253049 0.257104 0.932665 0.379757 0.31622 -0.384863 0.867113 0.400795 -0.930002 -0.306262 0.203222 -0.504304 0.187351 -0.87068 -0.45477 0.485867 
1533579015665 0.178524 0.935107 -0.30611 -0.607411 -0.950863 0.243944 0.190657 -0.253799 0.252958 0.257032 0.932709 0.379703 0.31622 -0.384863 0.867113 0.400795 -0.930002 -0.306262 0.203222 -0.504304 0.187351 -0.87068 -0.45477 0.485867 
1533579015690 0.178341 0.935186 -0.305977 -0.607281 -0.950922 0.24372 0.190652 -0.253802 0.252868 0.256959 0.932754 0.379649 0.31622 -0.384863 0.867113 0.400795 -0.930002 -0.306262 0.203222 -0.504304 0.187351 -0.87068 -0.45477 0.485867 
1533579015732 0.178761 0.934995 -0.306317 -0.607679 -0.950707 0.244323 0.19095 -0.253702 0.253378 0.257083 0.932581 0.379872 0.31622 -0.384863 0.867113 0.400795 -0.930002 -0.306262 0.203222 -0.504304 0.187351 -0.87068 -0.45477 0.485867 
1533579015745 0.178599 0.935006 -0.306376 -0.607562 -0.950768 0.244151 0.190867 -0.253713 0.253264 0.257204 0.932579 0.379831 0.31622 -0.384863 0.867113 0.400795 -0.930002 -0.306262 0.203222 -0.504304 0.187351 -0.87068 -0.45477 0.485867 
1533579015762 0.178437 0.935017 -0.306436 -0.607441 -0.950829 0.24398 0.190784 -0.253721 0.253151 0.257326 0.932576 0.379791 0.31622 -0.384863 0.867113 0.400795 -0.930002 -0.306262 0.203222 -0.504304 0.187351 -0.87068 -0.45477 0.485867 
1533579015768 0.178274 0.935028 -0.306497 -0.60732 -0.950889 0.243809 0.190701 -0.25373 0.253038 0.257448 0.932573 0.379751 0.31622 -0.384863 0.867113 0.400795 -0.930002 -0.306262 0.203222 -0.504304 0.187351 -0.87068 -0.45477 0.485867 
1533579015782 0.178112 0.935039 -0.306558 -0.607199 -0.95095 0.243638 0.190618 -0.253739 0.252924 0.25757 0.93257 0.379711 0.31622 -0.384863 0.867113 0.400795 -0.930002 -0.306262 0.203222 -0.504304 0.187351 -0.87068 -0.45477 0.485867 
1533579015799 0.17795 0.93505 -0.306618 -0.607079 -0.95101 0.243467 0.190535 -0.253748 0.252811 0.257691 0.932567 0.379671 0.31622 -0.384863 0.867113 0.400795 -0.930002 -0.306262 0.203222 -0.504304 0.187351 -0.87068 -0.45477 0.485867 
1533579015890 0.177788 0.935061 -0.306679 -0.606957 -0.951071 0.243296 0.190452 -0.253756 0.252698 0.257814 0.932564 0.379631 0.31622 -0.384863 0.867113 0.400795 -0.930002 -0.306262 0.203222 -0.504304 0.187351 -0.87068 -0.45477 0.485867 
1533579015896 0.177625 0.935072 -0.30674 -0.606836 -0.951131 0.243124 0.190369 -0.253765 0.252584 0.257935 0.932561 0.379591 0.31622 -0.384863 0.867113 0.400795 -0.930002 -0.306262 0.203222 -0.504304 0.187351 -0.87068 -0.45477 0.485867 
1533579015954 0.177463 0.935083 -0.306801 -0.606714 -0.951191 0.242953 0.190286 -0.253773 0.252471 0.258058 0.932558 0.379551 0.31622 -0.384863 0.867113 0.400795 -0.930002 -0.306262 0.203222 -0.504304 0.187351 -0.87068 -0.45477 0.485867 
1533579016002 0.177301 0.935094 -0.306861 -0.606594 -0.951252 0.242782 0.190203 -0.253782 0.252358 0.258179 0.932555 0.379511 0.31622 -0.384863 0.867113 0.400795 -0.930002 -0.306262 0.203222 -0.504304 0.187351 -0.87068 -0.45477 0.485867 
1533579016050 0.177527 0.935112 -0.306676 -0.606901 -0.951122 0.243047 0.190512 -0.253692 0.252687 0.257866 0.932553 0.379672 0.31622 -0.384863 0.867113 0.400795 -0.930002 -0.306262 0.203222 -0.504304 0.187351 -0.87068 -0.45477 0.485867 
1533579016062 0.177374 0.935128 -0.306715 -0.606809 -0.951102 0.24296 0.190724 -0.253734 0.252871 0.257888 0.932497 0.379644 0.31622 -0.384863 0.867113 0.400795 -0.930002 -0.306262 0.203222 -0.504304 0.187351 -0.87068 -0.45477 0.485867 
1533579016069 0.177221 0.935144 -0.306754 -0.606713 -0.951081 0.242874 0.190936 -0.253775 0.253055 0.25791 0.93244 0.379616 0.31622 -0.384863 0.867113 0.400795 -0.930002 -0.306262 0.203222 -0.504304 0.187351 -0.87068 -0.45477 0.485867 
1533579016082 0.177069 0.93516 -0.306793 -0.606617 -0.951061 0.242788 0.191148 -0.253815 0.25324 0.257933 0.932384 0.379588 0.31622 -0.384863 0.867113 0.400795 -0.930002 -0.306262 0.203222 -0.504304 0.187351 -0.87068 -0.45477 0.485867 
1533579016100 0.176916 0.935176 -0.306832 -0.606521 -0.95104 0.242703 0.19136 -0.253856 0.253424 0.257955 0.932328 0.37956 0.31622 -0.384863 0.867113 0.400795 -0.930002 -0.306262 0.203222 -0.504304 0.187351 -0.87068 -0.45477 0.485867 
1533579016115 0.176763 0.935192 -0.306872 -0.606424 -0.951019 0.242617 0.191572 -0.253896 0.253609 0.257978 0.932271 0.379532 0.31622 -0.384863 0.867113 0.400795 -0.930002 -0.306262 0.203222 -0.504304 0.187351 -0.87068 -0.45477 0.485867 
1533579016132 0.176611 0.935208 -0.30691 -0.606329 -0.950998 0.242531 0.191784 -0.253936 0.253793 0.258 0.932215 0.379504 0.31622 -0.384863 0.867113 0.400795 -0.930002 -0.306262 0.203222 -0.504304 0.187351 -0.87068 -0.45477 0.485867 
1533579016176 0.176458 0.935224 -0.30695 -0.606232 -0.950977 0.242445 0.191996 -0.253976 0.253978 0.258023 0.932159 0.379477 0.31622 -0.384863 0.867113 0.400795 -0.930002 -0.306262 0.203222 -0.504304 0.187351 -0.87068 -0.45477 0.485867 
1533579016200 0.176306 0.93524 -0.306988 -0.606136 -0.950956 0.24236 0.192208 -0.254017 0.254162 0.258045 0.932102 0.379449 0.31622 -0.384863 0.867113 0.400795 -0.930002 -0.306262 0.203222 -0.504304 0.187351 -0.87068 -0.45477 0.485867 
1533579016207 0.176153 0.935256 -0.307027 -0.60604 -0.950935 0.242274 0.19242 -0.254057 0.254346 0.258068 0.932046 0.379421 0.31622 -0.384863 0.867113 0.400795 -0.930002 -0.306262 0.203222 -0.504304 0.187351 -0.87068 -0.45477 0.485867 
1533579016273 0.17667 0.935206 -0.306884 -0.606354 -0.950945 0.242625 0.19193 -0.253899 0.253951 0.257922 0.932194 0.379533 0.31622 -0.384863 0.867113 0.400795 -0.930002 -0.306262 0.203222 -0.504304 0.187351 -0.87068 -0.45477 0.485867 
1533579016286 0.176494 0.935265 -0.306806 -0.606265 -0.95091 0.242511 0.192245 -0.253943 0.254204 0.257815 0.932154 0.379502 0.31622 -0.384863 0.867113 0.400795 -0.930002 -0.306262 0.203222 -0.504304 0.187351 -0.87068 -0.45477 0.485867 
1533579016302 0.176317 0.935325 -0.306725 -0.606174 -0.950875 0.242396 0.192562 -0.253989 0.254457 0.257705 0.932116 0.37947 0.31622 -0.384863 0.867113 0.400795 -0.930002 -0.306262 0.203222 -0.504304 0.187351 -0.87068 -0.45477 0.485867 
1533579016319 0.176141 0.935384 -0.306645 -0.606084 -0.95084 0.242282 0.192878 -0.254033 0.25471 0.257597 0.932077 0.379438 0.31622 -0.384863 0.867113 0.400795 -0.930002 -0.306262 0.203222 -0.504304 0.187351 -0.87068 -0.45477 0.485867 
1533579016336 0.175965 0.935444 -0.306565 -0.605994 -0.950805 0.242168 0.193195 -0.254078 0.254963 0.257488 0.932038 0.379406 0.31622 -0.384863 0.867113 0.400795 -0.930002 -0.306262 0.203222 -0.504304 0.187351 -0.87068 -0.45477 0.485867 
1533579016353 0.175788 0.935503 -0.306484 -0.605903 -0.95077 0.242054 0.193512 -0.254125 0.255216 0.257379 0.931998 0.379373 0.31622 -0.384863 0.867113 0.400795 -0.930002 -0.306262 0.203222 -0.504304 0.187351 -0.87068 -0.45477 0.485867 
1533579016369 0.175612 0.935563 -0.306403 -0.605813 -0.950735 0.241939 0.193828 -0.25417 0.255469 0.25727 0.931959 0.379341 0.31622 -0.384863 0.867113 0.400795 -0.930002 -0.306262 0.203222 -0.504304 0.187351 -0.87068 -0.45477 0.485867 
1533579016438 0.175435 0.935622 -0.306323 -0.605723 -0.950699 0.241825 0.194144 -0.254215 0.255722 0.257161 0.93192 0.379309 0.31622 -0.384863 0.867113 0.400795 -0.930002 -0.306262 0.203222 -0.504304 0.187351 -0.87068 -0.45477 0.485867 
