1533574280994 0.274853 0.917673 -0.286935 -0.577705 -0.957196 0.28932 0.0084077 -0.223737 0.0907316 0.272342 0.957913 0.338322 1 0 0 0 0 1 0 0 0 0 1 1.306 
1533574281006 0.266985 0.918891 -0.290446 -0.581378 -0.957814 0.286278 0.0252579 -0.226234 0.106357 0.271449 0.956558 0.342624 0.31324 -0.386601 0.867422 0.386191 -0.93126 -0.304042 0.200784 -0.500189 0.186109 -0.870689 -0.455263 0.505381 
1533574281013 0.259054 0.920087 -0.29382 -0.585046 -0.958132 0.283213 0.0421105 -0.228729 0.121959 0.270609 0.954933 0.346931 0.316245 -0.384866 0.867103 0.400217 -0.929998 -0.306258 0.20325 -0.50405 0.187333 -0.87068 -0.454777 0.486145 
