1532365097201 0.275657 0.633204 -0.723233 -0.604483 -0.8825 0.464965 0.0707247 -0.181741 0.381061 0.618757 0.686973 0.426588 0.299356 -0.24165 0.923034 0.277839 -0.913555 -0.351741 0.204196 -0.502946 0.275325 -0.904369 -0.326057 0.473684 
1532365097215 0.300885 -0.138768 0.94351 0.225257 -0.922898 -0.291628 0.25142 -0.486344 0.240265 -0.946412 -0.215815 0.468712 0.310829 -0.243336 0.918789 0.29317 -0.909415 -0.357166 0.213064 -0.500835 0.276314 -0.901787 -0.332311 0.474758 
1532365098182 0.242825 0.102786 0.964609 0.16152 -0.925174 -0.274468 0.262144 -0.435487 0.291699 -0.956087 0.0284473 0.461493 0.322836 -0.245333 0.914105 0.30674 -0.905015 -0.362678 0.222288 -0.49784 0.276992 -0.899042 -0.339116 0.475109 
1532365098189 0.185198 0.340052 0.921991 0.0634542 -0.926148 -0.25329 0.279452 -0.39584 0.328559 -0.905654 0.26803 0.437571 0.334722 -0.247202 0.909314 0.320428 -0.900498 -0.368194 0.231381 -0.4948 0.277606 -0.896284 -0.345848 0.47532 
1532365098919 0.108749 0.566676 0.816732 -0.0100478 -0.933954 -0.223137 0.279178 -0.393705 0.340446 -0.793151 0.504984 0.453534 0.34652 -0.248964 0.904401 0.334204 -0.895857 -0.373716 0.24037 -0.491761 0.278145 -0.893506 -0.352536 0.475465 
1532365099599 0.0372286 0.750403 0.659932 -0.0983861 -0.940161 -0.197521 0.277637 -0.379776 0.33869 -0.630778 0.698146 0.449359 0.358249 -0.250632 0.899356 0.348019 -0.891089 -0.379245 0.249268 -0.48872 0.278601 -0.890706 -0.3592 0.475576 
1532365100178 -0.0276971 0.888256 0.458513 -0.198397 -0.946596 -0.170708 0.273524 -0.355415 0.321231 -0.42645 0.845547 0.440017 0.369919 -0.252215 0.894174 0.361844 -0.886192 -0.384782 0.258083 -0.485672 0.278969 -0.88788 -0.365849 0.475667 
1532365100766 -0.0860491 0.970276 0.226186 -0.298191 -0.953826 -0.145805 0.262596 -0.330411 0.28777 -0.193145 0.938021 0.431334 0.381538 -0.253719 0.888851 0.375654 -0.881164 -0.390328 0.266821 -0.482619 0.279245 -0.885026 -0.372492 0.475753 
1532365101349 -0.133997 0.990741 -0.0218345 -0.397711 -0.961333 -0.124607 0.245585 -0.305255 0.240591 0.0538979 0.969129 0.423196 0.393088 -0.255132 0.883397 0.389483 -0.876012 -0.395878 0.275469 -0.479554 0.279436 -0.88215 -0.379114 0.475824 
1532365101917 -0.168045 0.948351 -0.269057 -0.493233 -0.968645 -0.108188 0.223654 -0.280336 0.182994 0.298205 0.936796 0.414798 0.404545 -0.256435 0.877829 0.40307 -0.870745 -0.401421 0.284016 -0.476334 0.279547 -0.879262 -0.385683 0.475774 
1532365102513 -0.168045 0.948351 -0.269057 -0.493233 -0.968645 -0.108188 0.223654 -0.280336 0.182994 0.298205 0.936796 0.414798 0.404488 -0.256347 0.877881 0.403041 -0.870728 -0.401502 0.283951 -0.47631 0.279681 -0.879251 -0.385612 0.475855 
1532365102523 0.280755 -0.144149 0.948893 0.287767 -0.928413 -0.291475 0.230416 -0.485423 0.243364 -0.945655 -0.215663 0.482453 0.405664 -0.2565 0.877294 0.404528 -0.870187 -0.402054 0.284826 -0.476168 0.279662 -0.878954 -0.386302 0.47614 
1532365102858 0.230219 0.100587 0.967927 0.201888 -0.928641 -0.274625 0.249414 -0.456571 0.290905 -0.956276 0.0301851 0.473161 0.40681 -0.256634 0.876724 0.405954 -0.869654 -0.402601 0.28568 -0.475876 0.279655 -0.878664 -0.386965 0.476119 
1532365102864 0.170645 0.342906 0.92374 0.101622 -0.930795 -0.251472 0.265299 -0.431197 0.323267 -0.905084 0.276262 0.465824 0.407954 -0.256766 0.876153 0.407374 -0.869121 -0.403149 0.286532 -0.475571 0.279648 -0.878375 -0.387627 0.47609 
1532365103153 0.105023 0.564008 0.819064 0.00120991 -0.934666 -0.225325 0.275005 -0.405891 0.339661 -0.794433 0.503494 0.457314 0.409097 -0.256898 0.875581 0.408794 -0.868586 -0.403696 0.287383 -0.475268 0.279641 -0.878085 -0.388289 0.476063 
1532365103519 0.0375018 0.749589 0.66084 -0.0987905 -0.940025 -0.197903 0.277826 -0.380798 0.339037 -0.631625 0.697211 0.447832 0.41024 -0.25703 0.875008 0.410215 -0.868049 -0.404243 0.288233 -0.474965 0.279632 -0.877794 -0.388951 0.476038 
1532365103774 -0.0276228 0.888121 0.458779 -0.198535 -0.946572 -0.170761 0.273572 -0.355532 0.321307 -0.426711 0.845387 0.439595 0.411383 -0.257161 0.874433 0.411635 -0.867511 -0.404791 0.289082 -0.474664 0.279622 -0.877504 -0.389614 0.476015 
1532365104016 -0.0860291 0.970274 0.226203 -0.298229 -0.953825 -0.145793 0.262606 -0.330328 0.287779 -0.193166 0.938014 0.431354 0.412525 -0.257291 0.873856 0.413056 -0.866972 -0.405339 0.289931 -0.474363 0.279612 -0.877213 -0.390276 0.475993 
1532365104262 -0.134011 0.990739 -0.0218391 -0.39775 -0.961334 -0.124621 0.245575 -0.305195 0.240579 0.0539045 0.969132 0.423216 0.413666 -0.25742 0.873278 0.414476 -0.866432 -0.405887 0.290778 -0.474061 0.2796 -0.876921 -0.390939 0.475971 
1532365104495 -0.168354 0.948258 -0.26919 -0.493437 -0.968609 -0.10847 0.223675 -0.280353 0.182902 0.298397 0.936753 0.414454 0.414806 -0.257546 0.8727 0.415865 -0.865891 -0.406432 0.291626 -0.473738 0.279586 -0.876632 -0.391597 0.475941 
1532365104749 -0.168354 0.948258 -0.26919 -0.493437 -0.968609 -0.10847 0.223675 -0.280353 0.182902 0.298397 0.936753 0.414454 0.414724 -0.257637 0.872713 0.415804 -0.865965 -0.406317 0.291567 -0.473792 0.27948 -0.876658 -0.391614 0.475882 
1532365104761 0.280859 -0.144209 0.948853 0.288043 -0.928369 -0.291562 0.230484 -0.483956 0.243412 -0.945619 -0.215767 0.481724 0.4411 -0.251682 0.861445 0.417381 -0.846253 -0.436232 0.30587 -0.471783 0.298808 -0.86392 -0.405409 0.477036 
1532365105416 0.230386 0.100464 0.967899 0.201489 -0.928601 -0.274647 0.249539 -0.456577 0.2909 -0.956282 0.0300162 0.473433 0.467013 -0.244784 0.849694 0.418922 -0.82531 -0.465619 0.319473 -0.469692 0.317432 -0.850459 -0.419472 0.478023 
1532365105423 0.170719 0.342841 0.92375 0.101413 -0.930775 -0.251486 0.265353 -0.431262 0.323285 -0.905105 0.276175 0.465959 0.49243 -0.236956 0.837475 0.420518 -0.803164 -0.494434 0.332359 -0.467636 0.335322 -0.836293 -0.433789 0.479069 
1532365106012 0.105057 0.563969 0.819086 0.00111853 -0.934654 -0.225339 0.275033 -0.40593 0.339682 -0.794457 0.503442 0.457344 0.517305 -0.228211 0.824812 0.422165 -0.779853 -0.522634 0.344504 -0.465591 0.352455 -0.821446 -0.448332 0.480113 
1532365106873 0.0375184 0.749587 0.660842 -0.0987623 -0.940026 -0.19789 0.277833 -0.380778 0.339034 -0.631632 0.697207 0.447783 0.54162 -0.21857 0.811711 0.423803 -0.755406 -0.550177 0.355903 -0.463544 0.368795 -0.805936 -0.463096 0.481159 
1532365107536 -0.027607 0.888123 0.458776 -0.198487 -0.946571 -0.170749 0.273585 -0.355503 0.321313 -0.426711 0.845385 0.439569 0.565331 -0.208047 0.798196 0.425446 -0.729863 -0.577021 0.366535 -0.461495 0.384319 -0.789787 -0.478053 0.482204 
1532365108195 -0.0860265 0.970274 0.226204 -0.298203 -0.953822 -0.145793 0.262619 -0.330305 0.287791 -0.193166 0.93801 0.431364 0.588397 -0.196655 0.784293 0.42711 -0.703264 -0.603123 0.376379 -0.459447 0.399009 -0.773026 -0.493176 0.483242 
