1533576704313 0.163859 0.935651 -0.312583 -0.598473 -0.9569 0.227772 0.180173 -0.252253 0.239777 0.269587 0.932647 0.37982 0.16008 -0.304787 0.938871 0.370831 -0.775623 0.549475 0.310623 -0.528794 -0.61056 -0.777934 -0.14844 0.432481 
1533576704324 0.164131 0.93445 -0.316012 -0.599908 -0.957 0.228521 0.178688 -0.252106 0.23919 0.273096 0.931776 0.380444 0.319941 -0.387858 0.86441 0.410789 -0.929915 -0.303213 0.208135 -0.525722 0.181373 -0.870419 -0.457685 0.498579 
1533576704542 0.164405 0.933237 -0.319437 -0.601341 -0.957099 0.229263 0.1772 -0.251958 0.238605 0.2766 0.930892 0.381069 0.320106 -0.388598 0.864016 0.411942 -0.929774 -0.303875 0.207798 -0.525428 0.181803 -0.869857 -0.45858 0.499119 
1533576704756 0.164682 0.93201 -0.322857 -0.602774 -0.957197 0.23 0.17571 -0.251811 0.23802 0.280101 0.929994 0.381694 0.320104 -0.388609 0.864011 0.411974 -0.929775 -0.303876 0.207793 -0.525424 0.181802 -0.869852 -0.458591 0.499129 
1533576704977 0.16496 0.930771 -0.326272 -0.604206 -0.957294 0.23073 0.174217 -0.251664 0.237437 0.283599 0.929083 0.382319 0.320104 -0.38861 0.864011 0.411975 -0.929775 -0.303876 0.207793 -0.525424 0.181802 -0.869851 -0.458592 0.499129 
1533576705196 0.16524 0.929519 -0.329682 -0.605636 -0.95739 0.231456 0.172721 -0.251517 0.236854 0.287093 0.928158 0.382944 0.320104 -0.38861 0.864011 0.411975 -0.929775 -0.303876 0.207793 -0.525424 0.181802 -0.869851 -0.458592 0.499129 
1533576705420 0.165523 0.928254 -0.333087 -0.607066 -0.957485 0.232175 0.171222 -0.251371 0.236272 0.290584 0.92722 0.38357 0.320104 -0.38861 0.864011 0.411975 -0.929775 -0.303876 0.207793 -0.525424 0.181802 -0.869851 -0.458592 0.499129 
1533576705638 0.165807 0.926976 -0.336487 -0.608491 -0.957579 0.232888 0.169721 -0.251225 0.235692 0.294072 0.926267 0.384194 0.320105 -0.388611 0.864011 0.411972 -0.929775 -0.303877 0.207794 -0.525423 0.181802 -0.869851 -0.458593 0.499133 
1533576705855 0.166082 0.925689 -0.339877 -0.609811 -0.957671 0.233589 0.168234 -0.251113 0.235124 0.29755 0.925301 0.384754 0.32017 -0.388673 0.863959 0.411907 -0.929763 -0.303871 0.207852 -0.525515 0.181745 -0.869825 -0.458664 0.499426 
1533576706079 0.165874 0.924695 -0.342673 -0.608908 -0.957747 0.233851 0.167434 -0.252145 0.23496 0.300421 0.924414 0.383037 0.323023 -0.393587 0.860666 0.410569 -0.930042 -0.300327 0.21172 -0.53005 0.175151 -0.868846 -0.463065 0.517686 
1533576706396 0.166062 0.92495 -0.341893 -0.609129 -0.957728 0.233868 0.16752 -0.251915 0.234905 0.299622 0.924687 0.383536 0.323023 -0.393587 0.860666 0.410569 -0.930042 -0.300327 0.21172 -0.53005 0.175151 -0.868846 -0.463065 0.517686 
1533576706408 0.166138 0.924758 -0.342376 -0.609599 -0.957741 0.233994 0.167272 -0.251781 0.2348 0.300117 0.924553 0.383837 0.318875 -0.387063 0.865159 0.409315 -0.929767 -0.304942 0.20626 -0.519854 0.183988 -0.870168 -0.457117 0.493638 
1533576706547 0.166214 0.924566 -0.342858 -0.610068 -0.957753 0.234118 0.167025 -0.251647 0.234694 0.300611 0.924419 0.384138 0.318779 -0.38701 0.865219 0.409194 -0.929792 -0.304923 0.206179 -0.519479 0.184032 -0.870198 -0.457042 0.493374 
1533576706621 0.16629 0.924373 -0.34334 -0.610537 -0.957766 0.234243 0.166777 -0.251513 0.234589 0.301106 0.924285 0.384439 0.318777 -0.38701 0.865219 0.40919 -0.929792 -0.304922 0.206177 -0.519471 0.184032 -0.870199 -0.457041 0.493373 
1533576706628 0.166366 0.92418 -0.343822 -0.611006 -0.957778 0.234368 0.16653 -0.251379 0.234484 0.3016 0.924151 0.384739 0.318777 -0.38701 0.865219 0.40919 -0.929792 -0.304922 0.206177 -0.519471 0.184032 -0.870199 -0.457041 0.493373 
1533576706773 0.166442 0.923987 -0.344304 -0.611475 -0.957791 0.234493 0.166282 -0.251245 0.234379 0.302095 0.924016 0.38504 0.318777 -0.38701 0.865219 0.40919 -0.929792 -0.304922 0.206177 -0.519471 0.184032 -0.870199 -0.457041 0.493373 
1533576706845 0.166518 0.923794 -0.344786 -0.611943 -0.957803 0.234617 0.166035 -0.25111 0.234274 0.302589 0.923881 0.385341 0.318777 -0.38701 0.865219 0.40919 -0.929792 -0.304922 0.206177 -0.519471 0.184032 -0.870199 -0.457041 0.493373 
1533576706950 0.166594 0.9236 -0.345268 -0.61241 -0.957816 0.234742 0.165787 -0.250976 0.23417 0.303084 0.923745 0.385642 0.318778 -0.38701 0.865219 0.409192 -0.929792 -0.304923 0.206178 -0.519475 0.184032 -0.870199 -0.457041 0.493373 
1533576707027 0.166666 0.923407 -0.34575 -0.612834 -0.957828 0.234863 0.165544 -0.250852 0.234068 0.303578 0.923608 0.385926 0.318815 -0.387021 0.8652 0.409289 -0.929782 -0.304932 0.20621 -0.519671 0.184019 -0.87019 -0.457062 0.493426 
1533576707122 0.166597 0.923279 -0.346122 -0.612338 -0.957836 0.23487 0.165486 -0.250987 0.234083 0.303959 0.923479 0.385638 0.32003 -0.388538 0.864071 0.411872 -0.929783 -0.303907 0.207714 -0.525146 0.181892 -0.869873 -0.458515 0.498858 
1533576707256 0.166693 0.923548 -0.345359 -0.612519 -0.957808 0.234838 0.165694 -0.250981 0.23413 0.303168 0.923728 0.3857 0.32003 -0.388538 0.864071 0.411872 -0.929783 -0.303907 0.207714 -0.525146 0.181892 -0.869873 -0.458515 0.498858 
1533576707269 0.166975 0.923566 -0.345174 -0.61265 -0.957748 0.235083 0.165697 -0.25094 0.234176 0.302923 0.923796 0.385691 0.31802 -0.386277 0.865825 0.40681 -0.929831 -0.305414 0.205273 -0.515119 0.185143 -0.870352 -0.4563 0.490771 
1533576707379 0.167258 0.923584 -0.34499 -0.612781 -0.957687 0.235328 0.1657 -0.2509 0.234223 0.302678 0.923864 0.385683 0.317959 -0.386268 0.865851 0.406615 -0.929849 -0.305393 0.205221 -0.514756 0.185154 -0.870363 -0.456274 0.490726 
1533576707406 0.16754 0.923601 -0.344806 -0.612911 -0.957626 0.235574 0.165703 -0.250859 0.234271 0.302433 0.923933 0.385674 0.317958 -0.386269 0.865852 0.40661 -0.92985 -0.305392 0.20522 -0.514746 0.185154 -0.870363 -0.456274 0.490728 
1533576707442 0.167823 0.923619 -0.344622 -0.613042 -0.957565 0.235819 0.165706 -0.250819 0.234318 0.302188 0.924001 0.385666 0.317958 -0.386269 0.865852 0.40661 -0.92985 -0.305392 0.20522 -0.514746 0.185154 -0.870363 -0.456274 0.490728 
1533576707512 0.168106 0.923636 -0.344437 -0.613173 -0.957504 0.236065 0.165709 -0.250778 0.234365 0.301944 0.924069 0.385657 0.317958 -0.386269 0.865852 0.40661 -0.92985 -0.305392 0.20522 -0.514746 0.185154 -0.870363 -0.456274 0.490728 
1533576707545 0.168388 0.923653 -0.344253 -0.613303 -0.957443 0.23631 0.165712 -0.250737 0.234411 0.301699 0.924137 0.385648 0.317958 -0.386269 0.865852 0.40661 -0.92985 -0.305392 0.20522 -0.514746 0.185154 -0.870363 -0.456274 0.490728 
1533576707578 0.168671 0.92367 -0.344069 -0.613433 -0.957382 0.236556 0.165716 -0.250697 0.234458 0.301454 0.924205 0.38564 0.317959 -0.386268 0.865852 0.406612 -0.92985 -0.305392 0.20522 -0.51475 0.185154 -0.870363 -0.456274 0.490727 
1533576707631 0.168951 0.923687 -0.343887 -0.613546 -0.95732 0.2368 0.16572 -0.250659 0.234506 0.301211 0.924272 0.385632 0.317984 -0.386271 0.865841 0.406701 -0.929842 -0.305401 0.205242 -0.514911 0.18515 -0.870359 -0.456283 0.490737 
1533576707668 0.169184 0.923688 -0.343768 -0.613279 -0.957263 0.237018 0.165744 -0.250648 0.234575 0.301035 0.924312 0.385703 0.318729 -0.386984 0.865248 0.409037 -0.929801 -0.304928 0.206129 -0.51919 0.18407 -0.870208 -0.457008 0.493279 
1533576707795 0.168371 0.923627 -0.344331 -0.613341 -0.957431 0.236327 0.165757 -0.25068 0.234472 0.301765 0.9241 0.385633 0.318729 -0.386984 0.865248 0.409037 -0.929801 -0.304928 0.206129 -0.51919 0.18407 -0.870208 -0.457008 0.493279 
1533576707809 0.168382 0.923868 -0.34368 -0.613346 -0.957318 0.236363 0.166356 -0.250691 0.234924 0.301 0.924235 0.385627 0.317443 -0.385817 0.866242 0.40489 -0.929885 -0.305692 0.204613 -0.511653 0.18586 -0.870459 -0.455805 0.489135 
1533576707912 0.168393 0.924107 -0.34303 -0.61335 -0.957205 0.236398 0.166955 -0.250701 0.235376 0.300236 0.924368 0.38562 0.317401 -0.385815 0.866258 0.404738 -0.929898 -0.305676 0.204577 -0.511383 0.185865 -0.870465 -0.455791 0.489127 
1533576707990 0.168405 0.924346 -0.34238 -0.613355 -0.957092 0.236433 0.167554 -0.250712 0.235827 0.299472 0.924501 0.385614 0.3174 -0.385815 0.866258 0.404733 -0.929898 -0.305675 0.204576 -0.511377 0.185865 -0.870465 -0.455791 0.489129 
1533576708046 0.168417 0.924585 -0.341729 -0.613359 -0.956979 0.236467 0.168152 -0.250723 0.236279 0.298708 0.924633 0.385607 0.3174 -0.385815 0.866258 0.404733 -0.929898 -0.305675 0.204576 -0.511376 0.185865 -0.870465 -0.455791 0.489129 
1533576708126 0.168429 0.924823 -0.341078 -0.613363 -0.956865 0.236501 0.168751 -0.250734 0.23673 0.297943 0.924764 0.385601 0.3174 -0.385815 0.866258 0.404733 -0.929898 -0.305675 0.204576 -0.511376 0.185865 -0.870465 -0.455791 0.489129 
1533576708174 0.168442 0.92506 -0.340427 -0.613368 -0.956751 0.236534 0.16935 -0.250745 0.237182 0.297179 0.924894 0.385594 0.3174 -0.385815 0.866258 0.404733 -0.929898 -0.305675 0.204576 -0.511376 0.185865 -0.870465 -0.455791 0.489129 
1533576708253 0.168454 0.925297 -0.339776 -0.613372 -0.956637 0.236566 0.169949 -0.250756 0.237633 0.296414 0.925024 0.385587 0.317401 -0.385815 0.866258 0.404735 -0.929898 -0.305675 0.204577 -0.511379 0.185865 -0.870465 -0.455791 0.489128 
1533576708315 0.168467 0.925533 -0.339129 -0.613363 -0.956522 0.236599 0.170546 -0.250761 0.238083 0.295653 0.925152 0.38559 0.317418 -0.385816 0.866252 0.4048 -0.929893 -0.305682 0.204592 -0.511494 0.185862 -0.870462 -0.455796 0.489131 
1533576708381 0.168596 0.925677 -0.338669 -0.613046 -0.956405 0.236753 0.170993 -0.250339 0.238465 0.295076 0.925238 0.385995 0.317925 -0.386255 0.86587 0.406492 -0.929857 -0.305394 0.205186 -0.514537 0.185177 -0.870369 -0.456254 0.490679 
1533576708650 0.168314 0.925658 -0.338862 -0.61324 -0.956509 0.236456 0.170817 -0.250521 0.238244 0.295374 0.9252 0.385738 0.317925 -0.386255 0.86587 0.406492 -0.929857 -0.305394 0.205186 -0.514537 0.185177 -0.870369 -0.456254 0.490679 
1533576708719 0.168411 0.925738 -0.338594 -0.613271 -0.956501 0.236487 0.170823 -0.250574 0.238211 0.295097 0.925296 0.385739 0.317047 -0.385511 0.866523 0.403549 -0.929924 -0.305876 0.204162 -0.50925 0.186342 -0.870529 -0.455472 0.488068 
1533576708770 0.168509 0.925819 -0.338327 -0.613301 -0.956492 0.236518 0.170828 -0.250626 0.238176 0.294821 0.925393 0.385739 0.317018 -0.38551 0.866534 0.403443 -0.929933 -0.305865 0.204137 -0.509063 0.186346 -0.870534 -0.455463 0.488066 
1533576708787 0.168606 0.925899 -0.338059 -0.613332 -0.956483 0.23655 0.170834 -0.250679 0.238142 0.294544 0.92549 0.38574 0.317018 -0.38551 0.866534 0.40344 -0.929933 -0.305864 0.204136 -0.509058 0.186345 -0.870534 -0.455463 0.488068 
1533576708807 0.168704 0.925979 -0.337791 -0.613362 -0.956475 0.236581 0.170839 -0.250732 0.238108 0.294267 0.925587 0.38574 0.317018 -0.38551 0.866534 0.40344 -0.929933 -0.305864 0.204136 -0.509058 0.186345 -0.870534 -0.455463 0.488068 
1533576708863 0.168802 0.926058 -0.337523 -0.613392 -0.956466 0.236612 0.170844 -0.250784 0.238074 0.29399 0.925684 0.385741 0.317018 -0.38551 0.866534 0.40344 -0.929933 -0.305864 0.204136 -0.509058 0.186345 -0.870534 -0.455463 0.488068 
1533576708880 0.168899 0.926138 -0.337255 -0.613423 -0.956457 0.236644 0.170849 -0.250837 0.238039 0.293714 0.92578 0.385741 0.317018 -0.38551 0.866534 0.40344 -0.929933 -0.305864 0.204136 -0.509058 0.186345 -0.870534 -0.455463 0.488068 
1533576708914 0.168997 0.926218 -0.336987 -0.613453 -0.956448 0.236675 0.170855 -0.25089 0.238005 0.293437 0.925877 0.385742 0.317018 -0.38551 0.866534 0.403441 -0.929933 -0.305865 0.204137 -0.50906 0.186346 -0.870534 -0.455463 0.488067 
1533576708950 0.169094 0.926297 -0.336721 -0.613473 -0.95644 0.236706 0.170859 -0.250941 0.23797 0.293162 0.925973 0.385745 0.31703 -0.38551 0.86653 0.403486 -0.929929 -0.305869 0.204147 -0.509138 0.186344 -0.870532 -0.455467 0.488069 
1533576708976 0.169225 0.926342 -0.336531 -0.613273 -0.95643 0.236778 0.170816 -0.250834 0.237918 0.292962 0.92605 0.385885 0.317378 -0.385806 0.866271 0.404651 -0.929903 -0.305676 0.204553 -0.511231 0.18588 -0.870469 -0.455777 0.489098 
1533576709098 0.168728 0.926146 -0.337318 -0.613406 -0.956476 0.236509 0.170929 -0.250728 0.238084 0.293797 0.925743 0.385728 0.317378 -0.385806 0.866271 0.404651 -0.929903 -0.305676 0.204553 -0.511231 0.18588 -0.870469 -0.455777 0.489098 
1533576709109 0.168677 0.926222 -0.337136 -0.613422 -0.956512 0.236394 0.170887 -0.250782 0.237977 0.29365 0.925817 0.385699 0.316776 -0.385301 0.866716 0.402639 -0.92995 -0.306001 0.203854 -0.507617 0.186671 -0.870578 -0.455245 0.487349 
1533576709126 0.168626 0.926298 -0.336953 -0.613438 -0.956548 0.23628 0.170845 -0.250837 0.237869 0.293502 0.925891 0.385671 0.316757 -0.385301 0.866723 0.402566 -0.929956 -0.305994 0.203837 -0.507489 0.186673 -0.870581 -0.455238 0.487348 
1533576709143 0.168575 0.926374 -0.33677 -0.613454 -0.956584 0.236165 0.170803 -0.250891 0.23776 0.293355 0.925966 0.385642 0.316756 -0.385301 0.866723 0.402564 -0.929956 -0.305994 0.203837 -0.507486 0.186673 -0.870581 -0.455238 0.487348 
1533576709160 0.168524 0.92645 -0.336587 -0.61347 -0.95662 0.236051 0.17076 -0.250946 0.237652 0.293208 0.92604 0.385614 0.316756 -0.385301 0.866723 0.402564 -0.929956 -0.305994 0.203837 -0.507486 0.186673 -0.870581 -0.455238 0.487348 
1533576709230 0.168473 0.926525 -0.336404 -0.613486 -0.956655 0.235936 0.170718 -0.251001 0.237544 0.293061 0.926114 0.385585 0.316756 -0.385301 0.866723 0.402564 -0.929956 -0.305994 0.203837 -0.507486 0.186673 -0.870581 -0.455238 0.487348 
1533576709266 0.168422 0.926601 -0.336221 -0.613502 -0.956691 0.235822 0.170676 -0.251055 0.237436 0.292914 0.926189 0.385556 0.316756 -0.385301 0.866723 0.402564 -0.929956 -0.305994 0.203837 -0.507486 0.186673 -0.870581 -0.455238 0.487348 
1533576709273 0.168371 0.926677 -0.336038 -0.613518 -0.956727 0.235707 0.170633 -0.25111 0.237328 0.292766 0.926263 0.385528 0.316756 -0.385301 0.866723 0.402565 -0.929956 -0.305994 0.203837 -0.507488 0.186673 -0.870581 -0.455238 0.487348 
1533576709301 0.16832 0.926752 -0.335856 -0.613527 -0.956763 0.235593 0.17059 -0.251162 0.23722 0.292621 0.926337 0.385502 0.316765 -0.385301 0.86672 0.402595 -0.929954 -0.305997 0.203844 -0.507541 0.186672 -0.87058 -0.455241 0.487349 
1533576709326 0.168321 0.926793 -0.335743 -0.613375 -0.956796 0.235532 0.170489 -0.251026 0.237086 0.29254 0.926397 0.385603 0.317002 -0.385504 0.866543 0.403384 -0.929936 -0.305865 0.204121 -0.508959 0.186356 -0.870536 -0.455454 0.488047 
1533576709460 0.168587 0.926535 -0.336321 -0.613476 -0.956648 0.236012 0.170655 -0.251001 0.237494 0.29297 0.926156 0.385679 0.317002 -0.385504 0.866543 0.403384 -0.929936 -0.305865 0.204121 -0.508959 0.186356 -0.870536 -0.455454 0.488047 
1533576709473 0.1682 0.926506 -0.336593 -0.613467 -0.956668 0.235759 0.170891 -0.251156 0.237687 0.293264 0.926014 0.385708 0.316593 -0.385158 0.866846 0.402026 -0.929967 -0.306087 0.203645 -0.506517 0.186895 -0.870611 -0.455089 0.486861 
1533576709490 0.167812 0.926478 -0.336865 -0.613458 -0.956688 0.235506 0.171127 -0.251312 0.237879 0.293557 0.925871 0.385738 0.31658 -0.385158 0.866851 0.401977 -0.929972 -0.306082 0.203634 -0.506431 0.186896 -0.870613 -0.455085 0.486861 
1533576709533 0.167425 0.926449 -0.337136 -0.613449 -0.956708 0.235252 0.171363 -0.251467 0.238071 0.293851 0.925729 0.385767 0.316579 -0.385158 0.866851 0.401976 -0.929972 -0.306082 0.203634 -0.506429 0.186896 -0.870613 -0.455085 0.486861 
1533576709629 0.167037 0.92642 -0.337408 -0.613439 -0.956728 0.234999 0.171599 -0.251622 0.238263 0.294145 0.925586 0.385796 0.316579 -0.385158 0.866851 0.401976 -0.929972 -0.306082 0.203634 -0.506429 0.186896 -0.870613 -0.455085 0.486861 
1533576709662 0.166649 0.926391 -0.33768 -0.61343 -0.956748 0.234746 0.171834 -0.251777 0.238455 0.294438 0.925443 0.385825 0.316579 -0.385158 0.866851 0.401976 -0.929972 -0.306082 0.203634 -0.506429 0.186896 -0.870613 -0.455085 0.486861 
1533576709669 0.166261 0.926362 -0.337951 -0.613421 -0.956768 0.234493 0.17207 -0.251932 0.238646 0.294732 0.9253 0.385855 0.316579 -0.385158 0.866851 0.401976 -0.929972 -0.306082 0.203634 -0.506429 0.186896 -0.870613 -0.455085 0.486861 
1533576709785 0.165874 0.926332 -0.338222 -0.613411 -0.956788 0.234239 0.172306 -0.252087 0.238838 0.295026 0.925157 0.385884 0.316579 -0.385158 0.866851 0.401976 -0.929972 -0.306082 0.203634 -0.50643 0.186896 -0.870613 -0.455085 0.486861 
1533576709834 0.165487 0.926302 -0.338493 -0.613403 -0.956807 0.233987 0.17254 -0.252235 0.239027 0.29532 0.925015 0.385912 0.316585 -0.385158 0.866849 0.401997 -0.92997 -0.306084 0.203639 -0.506466 0.186895 -0.870613 -0.455087 0.486862 
1533576709910 0.165257 0.92624 -0.338777 -0.613384 -0.956814 0.233866 0.172666 -0.251993 0.239159 0.295613 0.924887 0.385918 0.316746 -0.385296 0.866729 0.402527 -0.929958 -0.305994 0.203826 -0.507419 0.186681 -0.870583 -0.455232 0.487334 
1533576710049 0.165715 0.926374 -0.338186 -0.61344 -0.95683 0.234067 0.172308 -0.252009 0.238779 0.295032 0.925171 0.385879 0.316746 -0.385296 0.866729 0.402527 -0.929958 -0.305994 0.203826 -0.507419 0.186681 -0.870583 -0.455232 0.487334 
1533576710060 0.165306 0.926397 -0.338324 -0.613399 -0.956935 0.233666 0.172264 -0.252187 0.23864 0.295278 0.925128 0.385868 0.316469 -0.385061 0.866934 0.401616 -0.929979 -0.306145 0.203505 -0.50578 0.187046 -0.870634 -0.454984 0.486533 
1533576710077 0.164895 0.926419 -0.338463 -0.613357 -0.957041 0.233265 0.17222 -0.252365 0.238499 0.295525 0.925085 0.385856 0.31646 -0.38506 0.866938 0.401583 -0.929982 -0.306141 0.203497 -0.505723 0.187047 -0.870635 -0.454981 0.486532 
1533576710192 0.164485 0.926441 -0.338602 -0.613316 -0.957147 0.232865 0.172176 -0.252543 0.238359 0.295772 0.925043 0.385845 0.31646 -0.38506 0.866938 0.401582 -0.929982 -0.306141 0.203497 -0.505721 0.187047 -0.870635 -0.454981 0.486532 
1533576710234 0.164075 0.926463 -0.338741 -0.613275 -0.957252 0.232464 0.172132 -0.252721 0.238219 0.296018 0.925 0.385834 0.31646 -0.38506 0.866938 0.401582 -0.929982 -0.306141 0.203497 -0.505721 0.187047 -0.870635 -0.454981 0.486532 
1533576710240 0.163664 0.926485 -0.338881 -0.613233 -0.957357 0.232063 0.172088 -0.252899 0.238078 0.296265 0.924957 0.385823 0.31646 -0.38506 0.866938 0.401582 -0.929982 -0.306141 0.203497 -0.505721 0.187047 -0.870635 -0.454981 0.486532 
1533576710353 0.163254 0.926506 -0.33902 -0.613192 -0.957462 0.231662 0.172044 -0.253076 0.237938 0.296512 0.924914 0.385811 0.31646 -0.38506 0.866938 0.401582 -0.929982 -0.306141 0.203497 -0.505721 0.187047 -0.870635 -0.454981 0.486532 
1533576710408 0.162844 0.926528 -0.339159 -0.61315 -0.957567 0.231261 0.172 -0.253254 0.237797 0.296758 0.924871 0.3858 0.31646 -0.38506 0.866938 0.401583 -0.929982 -0.306141 0.203497 -0.505722 0.187047 -0.870635 -0.454981 0.486532 
1533576710481 0.162435 0.926548 -0.339298 -0.613111 -0.957672 0.23086 0.171954 -0.253425 0.237654 0.297005 0.924829 0.38579 0.316464 -0.385061 0.866937 0.401596 -0.929981 -0.306143 0.2035 -0.505746 0.187046 -0.870635 -0.454982 0.486533 
1533576710537 0.162181 0.926532 -0.339465 -0.613084 -0.957765 0.230591 0.171794 -0.253205 0.23745 0.297266 0.924797 0.385807 0.316572 -0.385155 0.866855 0.401951 -0.929973 -0.306082 0.203626 -0.506384 0.186901 -0.870615 -0.455081 0.486851 
1533576710680 0.162902 0.926578 -0.338992 -0.613126 -0.957552 0.231291 0.172046 -0.253201 0.237819 0.296575 0.924924 0.385836 0.316572 -0.385155 0.866855 0.401951 -0.929973 -0.306082 0.203626 -0.506384 0.186901 -0.870615 -0.455081 0.486851 
1533576710691 0.162719 0.92653 -0.339211 -0.613077 -0.957557 0.231192 0.172148 -0.253352 0.237924 0.296802 0.924825 0.385823 0.316386 -0.384995 0.866994 0.401342 -0.929987 -0.306184 0.203411 -0.505287 0.187147 -0.870649 -0.454913 0.486312 
1533576710707 0.162536 0.926482 -0.33943 -0.613028 -0.957562 0.231095 0.17225 -0.253503 0.238028 0.297028 0.924725 0.385811 0.31638 -0.384995 0.866996 0.40132 -0.929989 -0.306181 0.203406 -0.505249 0.187148 -0.87065 -0.454911 0.486311 
1533576710724 0.162354 0.926434 -0.339648 -0.612979 -0.957567 0.230998 0.172353 -0.253653 0.238132 0.297254 0.924626 0.385798 0.31638 -0.384995 0.866996 0.401319 -0.929989 -0.306181 0.203405 -0.505248 0.187148 -0.87065 -0.454911 0.486311 
1533576710742 0.162172 0.926386 -0.339867 -0.612929 -0.957572 0.2309 0.172455 -0.253804 0.238235 0.29748 0.924527 0.385785 0.31638 -0.384995 0.866996 0.401319 -0.929989 -0.306181 0.203405 -0.505248 0.187148 -0.87065 -0.454911 0.486311 
1533576710747 0.161989 0.926338 -0.340085 -0.61288 -0.957577 0.230803 0.172558 -0.253955 0.238339 0.297706 0.924427 0.385773 0.31638 -0.384995 0.866996 0.401319 -0.929989 -0.306181 0.203405 -0.505248 0.187148 -0.87065 -0.454911 0.486311 
1533576710860 0.161807 0.926289 -0.340304 -0.612831 -0.957582 0.230706 0.17266 -0.254105 0.238443 0.297931 0.924328 0.38576 0.31638 -0.384995 0.866996 0.401319 -0.929989 -0.306181 0.203405 -0.505248 0.187148 -0.87065 -0.454911 0.486311 
1533576710880 0.161624 0.926241 -0.340522 -0.612781 -0.957587 0.230608 0.172762 -0.254256 0.238547 0.298157 0.924228 0.385748 0.31638 -0.384995 0.866996 0.40132 -0.929989 -0.306181 0.203406 -0.505249 0.187148 -0.87065 -0.454911 0.486311 
1533576710923 0.161444 0.926192 -0.34074 -0.612737 -0.957592 0.230512 0.172863 -0.254401 0.238649 0.298383 0.924129 0.385735 0.316383 -0.384995 0.866995 0.401329 -0.929988 -0.306182 0.203408 -0.505264 0.187148 -0.87065 -0.454912 0.486312 
1533576710977 0.16137 0.926123 -0.340962 -0.612786 -0.95759 0.230503 0.172887 -0.254296 0.238708 0.298603 0.924042 0.385726 0.316455 -0.385058 0.866941 0.401565 -0.929983 -0.306142 0.203492 -0.505691 0.18705 -0.870636 -0.454978 0.486526 
1533576711105 0.161807 0.92632 -0.340221 -0.612784 -0.957545 0.230737 0.172823 -0.254152 0.238591 0.297813 0.924328 0.38578 0.316455 -0.385058 0.866941 0.401565 -0.929983 -0.306142 0.203492 -0.505691 0.18705 -0.870636 -0.454978 0.486526 
1533576711117 0.161724 0.926318 -0.340265 -0.612673 -0.957472 0.230775 0.173174 -0.254278 0.238939 0.297788 0.924246 0.385743 0.316331 -0.384951 0.867034 0.401159 -0.929992 -0.30621 0.203348 -0.504959 0.187215 -0.87066 -0.454865 0.486164 
1533576711134 0.16164 0.926317 -0.340307 -0.612563 -0.9574 0.230813 0.173525 -0.254404 0.239287 0.297762 0.924164 0.385707 0.316327 -0.384951 0.867035 0.401144 -0.929993 -0.306208 0.203344 -0.504933 0.187216 -0.87066 -0.454864 0.486163 
1533576711151 0.161556 0.926316 -0.34035 -0.612452 -0.957327 0.23085 0.173877 -0.25453 0.239635 0.297736 0.924083 0.38567 0.316327 -0.384951 0.867035 0.401144 -0.929993 -0.306208 0.203344 -0.504933 0.187216 -0.87066 -0.454864 0.486163 
1533576711221 0.161472 0.926315 -0.340393 -0.612342 -0.957254 0.230888 0.174228 -0.254656 0.239982 0.297709 0.924001 0.385634 0.316327 -0.384951 0.867035 0.401144 -0.929993 -0.306208 0.203344 -0.504933 0.187216 -0.87066 -0.454864 0.486163 
1533576711270 0.161387 0.926314 -0.340435 -0.612231 -0.957181 0.230926 0.174579 -0.254782 0.24033 0.297683 0.923919 0.385597 0.316327 -0.384951 0.867035 0.401144 -0.929993 -0.306208 0.203344 -0.504933 0.187216 -0.87066 -0.454864 0.486163 
1533576711305 0.161303 0.926313 -0.340478 -0.61212 -0.957108 0.230963 0.17493 -0.254907 0.240678 0.297657 0.923837 0.38556 0.316327 -0.384951 0.867035 0.401144 -0.929993 -0.306208 0.203344 -0.504933 0.187216 -0.87066 -0.454864 0.486163 
1533576711334 0.161219 0.926312 -0.34052 -0.61201 -0.957035 0.231001 0.175281 -0.255033 0.241025 0.297631 0.923755 0.385524 0.316327 -0.384951 0.867035 0.401144 -0.929993 -0.306208 0.203344 -0.504933 0.187216 -0.87066 -0.454864 0.486163 
1533576711374 0.161137 0.926311 -0.340563 -0.611909 -0.956961 0.23104 0.17563 -0.255153 0.241371 0.297605 0.923673 0.385491 0.316328 -0.384951 0.867035 0.40115 -0.929993 -0.306209 0.203346 -0.504944 0.187216 -0.87066 -0.454864 0.486164 
1533576711405 0.161166 0.926277 -0.340641 -0.612005 -0.956883 0.231172 0.17588 -0.255011 0.24166 0.297608 0.923596 0.385584 0.316377 -0.384994 0.866998 0.401308 -0.929989 -0.306182 0.203402 -0.505228 0.18715 -0.870651 -0.454909 0.486307 
1533576711518 0.161437 0.926308 -0.340427 -0.612164 -0.957121 0.231035 0.174765 -0.254895 0.240537 0.297616 0.923887 0.385629 0.316377 -0.384994 0.866998 0.401308 -0.929989 -0.306182 0.203402 -0.505228 0.18715 -0.870651 -0.454909 0.486307 
1533576711528 0.161261 0.926397 -0.34027 -0.612021 -0.957115 0.230885 0.174996 -0.254971 0.240679 0.297458 0.923901 0.385604 0.316313 -0.384938 0.867046 0.4011 -0.929994 -0.306217 0.203328 -0.504853 0.187235 -0.870663 -0.454851 0.486121 
1533576711535 0.161083 0.926486 -0.340112 -0.611871 -0.957109 0.230734 0.175229 -0.255052 0.240822 0.297297 0.923915 0.385574 0.316308 -0.384936 0.867049 0.401083 -0.929995 -0.306218 0.203323 -0.504823 0.18724 -0.870664 -0.454847 0.486112 
1533576711549 0.160906 0.926575 -0.339953 -0.611723 -0.957102 0.230583 0.175461 -0.255132 0.240965 0.297137 0.923929 0.385546 0.316308 -0.384935 0.867049 0.401082 -0.929995 -0.306218 0.203322 -0.50482 0.18724 -0.870664 -0.454847 0.486111 
1533576711566 0.16073 0.926664 -0.339795 -0.611576 -0.957096 0.230433 0.175693 -0.255211 0.241108 0.296977 0.923943 0.385519 0.316308 -0.384935 0.867049 0.401082 -0.929995 -0.306218 0.203322 -0.50482 0.18724 -0.870664 -0.454847 0.486111 
1533576711582 0.160553 0.926752 -0.339637 -0.611429 -0.95709 0.230282 0.175924 -0.25529 0.24125 0.296817 0.923958 0.385491 0.316308 -0.384935 0.867049 0.401082 -0.929995 -0.306218 0.203322 -0.50482 0.18724 -0.870664 -0.454847 0.486111 
1533576711693 0.160377 0.926841 -0.339478 -0.611281 -0.957083 0.230132 0.176156 -0.255369 0.241393 0.296657 0.923972 0.385464 0.316308 -0.384935 0.867049 0.401082 -0.929995 -0.306218 0.203322 -0.50482 0.18724 -0.870664 -0.454847 0.486111 
1533576711713 0.160201 0.926929 -0.33932 -0.611137 -0.957077 0.229982 0.176387 -0.255446 0.241536 0.296498 0.923986 0.385438 0.316308 -0.384936 0.867049 0.401083 -0.929995 -0.306218 0.203323 -0.504823 0.18724 -0.870664 -0.454847 0.486112 
1533576711743 0.160028 0.927017 -0.339162 -0.611005 -0.95707 0.229833 0.176615 -0.255516 0.241676 0.296338 0.924 0.385417 0.316309 -0.384936 0.867048 0.401087 -0.929995 -0.306218 0.203324 -0.504829 0.187239 -0.870664 -0.454848 0.486113 
1533576711777 0.15992 0.927084 -0.339029 -0.611023 -0.957062 0.229739 0.176783 -0.25544 0.241781 0.296201 0.924017 0.385493 0.316325 -0.38495 0.867036 0.401137 -0.929994 -0.306209 0.203342 -0.50492 0.187217 -0.870661 -0.454862 0.48616 
1533576711876 0.160676 0.926748 -0.33959 -0.611337 -0.957055 0.230405 0.175951 -0.255406 0.241306 0.296735 0.92397 0.385472 0.316325 -0.38495 0.867036 0.401137 -0.929994 -0.306209 0.203342 -0.50492 0.187217 -0.870661 -0.454862 0.48616 
1533576711887 0.160424 0.92681 -0.339539 -0.611273 -0.957069 0.230195 0.176153 -0.255389 0.241421 0.296703 0.92395 0.385471 0.316309 -0.384937 0.867048 0.401086 -0.929995 -0.306217 0.203324 -0.504829 0.187238 -0.870663 -0.454848 0.486115 
1533576711904 0.160165 0.926874 -0.339487 -0.611196 -0.957082 0.229981 0.176361 -0.255386 0.24154 0.29667 0.923929 0.385466 0.316307 -0.384935 0.867049 0.40108 -0.929995 -0.306218 0.203322 -0.504818 0.18724 -0.870664 -0.454847 0.48611 
1533576711921 0.159879 0.926944 -0.339432 -0.611056 -0.957096 0.229744 0.176591 -0.255445 0.241672 0.296636 0.923906 0.38544 0.316301 -0.38493 0.867054 0.401059 -0.929996 -0.306221 0.203315 -0.50478 0.187248 -0.870665 -0.454841 0.486093 
1533576711937 0.159579 0.927017 -0.339374 -0.610879 -0.957111 0.229496 0.176832 -0.255532 0.241812 0.2966 0.923881 0.385401 0.316294 -0.384924 0.867059 0.401037 -0.929996 -0.306225 0.203307 -0.504741 0.187257 -0.870666 -0.454835 0.486074 
1533576711944 0.159279 0.927089 -0.339316 -0.610697 -0.957126 0.229249 0.177074 -0.255619 0.241951 0.296564 0.923856 0.385359 0.316289 -0.38492 0.867063 0.401021 -0.929996 -0.306227 0.203301 -0.504711 0.187264 -0.870667 -0.45483 0.486059 
1533576711958 0.158981 0.927162 -0.339258 -0.610513 -0.95714 0.229003 0.177315 -0.255702 0.242091 0.296528 0.923831 0.385317 0.316285 -0.384917 0.867066 0.401008 -0.929997 -0.306229 0.203297 -0.504687 0.187269 -0.870668 -0.454827 0.486048 
1533576711964 0.158683 0.927234 -0.3392 -0.610327 -0.957154 0.228757 0.177556 -0.255784 0.24223 0.296491 0.923806 0.385274 0.316282 -0.384914 0.867068 0.400997 -0.929997 -0.306231 0.203293 -0.504668 0.187273 -0.870669 -0.454824 0.486039 
1533576712110 0.158387 0.927306 -0.339142 -0.610151 -0.957168 0.228512 0.177794 -0.255858 0.242367 0.296455 0.923782 0.385234 0.316279 -0.384911 0.86707 0.400989 -0.929997 -0.306233 0.20329 -0.504654 0.187277 -0.870669 -0.454822 0.486031 
1533576712127 0.15817 0.92736 -0.339096 -0.610203 -0.95718 0.228331 0.177966 -0.255773 0.242464 0.296428 0.923765 0.385276 0.31629 -0.384921 0.867062 0.401023 -0.929997 -0.306227 0.203302 -0.504714 0.187262 -0.870667 -0.454831 0.486062 
1533576712218 0.158915 0.927262 -0.339016 -0.610397 -0.957116 0.228938 0.177528 -0.255715 0.242229 0.296266 0.923879 0.385389 0.31629 -0.384921 0.867062 0.401023 -0.929997 -0.306227 0.203302 -0.504714 0.187262 -0.870667 -0.454831 0.486062 
1533576712230 0.158618 0.927334 -0.338956 -0.610396 -0.957095 0.228735 0.177902 -0.255584 0.242506 0.296195 0.923829 0.385412 0.316287 -0.384919 0.867064 0.401015 -0.929997 -0.306228 0.203299 -0.5047 0.187265 -0.870668 -0.454829 0.486055 
1533576712247 0.158176 0.92744 -0.338872 -0.610231 -0.957054 0.228445 0.178494 -0.255615 0.242956 0.296086 0.923745 0.385352 0.316277 -0.38491 0.867071 0.400982 -0.929997 -0.306233 0.203288 -0.504641 0.187279 -0.870669 -0.45482 0.486027 
1533576712263 0.157752 0.927545 -0.338783 -0.610033 -0.957024 0.228154 0.179026 -0.255692 0.243349 0.295982 0.923675 0.385265 0.316271 -0.384905 0.867076 0.400962 -0.929998 -0.306236 0.20328 -0.504604 0.187287 -0.870671 -0.454815 0.486009 
1533576712280 0.157328 0.92765 -0.338693 -0.609829 -0.956994 0.227862 0.179558 -0.255773 0.243743 0.295877 0.923605 0.385173 0.316267 -0.384901 0.867079 0.400948 -0.929998 -0.306239 0.203276 -0.504579 0.187292 -0.870672 -0.454811 0.485997 
1533576712419 0.156906 0.927755 -0.338602 -0.609628 -0.956963 0.227572 0.180089 -0.255846 0.244135 0.295773 0.923535 0.385083 0.316264 -0.384899 0.867081 0.400938 -0.929999 -0.30624 0.203272 -0.504562 0.187296 -0.870672 -0.454808 0.485989 
1533576712449 0.156483 0.92786 -0.338511 -0.609423 -0.956932 0.227282 0.180621 -0.255922 0.244528 0.295668 0.923464 0.38499 0.316262 -0.384897 0.867083 0.400931 -0.929999 -0.306241 0.203269 -0.504548 0.187299 -0.870673 -0.454806 0.485982 
1533576712513 0.15606 0.927964 -0.33842 -0.609218 -0.956901 0.226991 0.181152 -0.255997 0.244921 0.295563 0.923394 0.384897 0.31626 -0.384895 0.867084 0.400924 -0.929999 -0.306242 0.203267 -0.504537 0.187301 -0.870673 -0.454804 0.485977 
1533576712565 0.15564 0.928068 -0.338328 -0.609027 -0.956869 0.226702 0.18168 -0.256063 0.245311 0.295459 0.923324 0.384809 0.316258 -0.384894 0.867086 0.40092 -0.929999 -0.306243 0.203266 -0.504529 0.187303 -0.870673 -0.454803 0.485972 
1533576712613 0.155343 0.928134 -0.338283 -0.609109 -0.956834 0.226516 0.182095 -0.255849 0.245636 0.295394 0.923258 0.384899 0.316267 -0.384901 0.867079 0.400947 -0.929998 -0.306238 0.203275 -0.504577 0.187292 -0.870672 -0.454811 0.485997 
1533576712695 0.156272 0.927937 -0.338397 -0.609339 -0.956941 0.227093 0.180809 -0.255968 0.244627 0.29557 0.92347 0.384975 0.316267 -0.384901 0.867079 0.400947 -0.929998 -0.306238 0.203275 -0.504577 0.187292 -0.870672 -0.454811 0.485997 
1533576712707 0.156216 0.927957 -0.338368 -0.609334 -0.956971 0.22701 0.180755 -0.25596 0.244545 0.295571 0.923491 0.384972 0.316266 -0.384901 0.86708 0.400945 -0.929999 -0.306239 0.203275 -0.504574 0.187293 -0.870672 -0.45481 0.485996 
1533576712713 0.156115 0.927996 -0.338306 -0.609316 -0.957031 0.226852 0.180638 -0.255953 0.244376 0.29557 0.923536 0.384965 0.316265 -0.3849 0.86708 0.400943 -0.929999 -0.306239 0.203274 -0.504571 0.187294 -0.870672 -0.45481 0.485994 
1533576712727 0.155981 0.928058 -0.338199 -0.609232 -0.957123 0.22662 0.180439 -0.255995 0.2441 0.295553 0.923614 0.384937 0.316263 -0.384898 0.867082 0.400933 -0.929999 -0.306241 0.203271 -0.504553 0.187297 -0.870672 -0.454807 0.485986 
1533576712744 0.155857 0.928106 -0.338125 -0.609098 -0.957187 0.226438 0.180332 -0.256062 0.243932 0.295543 0.923662 0.38489 0.316259 -0.384895 0.867085 0.400921 -0.929999 -0.306243 0.203266 -0.504531 0.187302 -0.870673 -0.454804 0.485975 
1533576712760 0.155733 0.928152 -0.338055 -0.608957 -0.957248 0.226259 0.18023 -0.256125 0.243769 0.295534 0.923708 0.384842 0.316256 -0.384892 0.867087 0.400911 -0.929999 -0.306244 0.203263 -0.504514 0.187306 -0.870674 -0.454801 0.485966 
1533576712777 0.15561 0.928198 -0.337985 -0.608807 -0.957309 0.226081 0.180129 -0.256185 0.243607 0.295526 0.923753 0.384794 0.316253 -0.38489 0.867089 0.400903 -0.93 -0.306245 0.20326 -0.504499 0.187309 -0.870674 -0.454799 0.485959 
1533576712794 0.155481 0.928245 -0.337917 -0.608611 -0.957371 0.225898 0.180032 -0.256252 0.243448 0.29552 0.923797 0.384736 0.31625 -0.384887 0.867092 0.400892 -0.93 -0.306247 0.203256 -0.504479 0.187314 -0.870675 -0.454796 0.48595 
1533576712800 0.155358 0.928289 -0.33785 -0.608432 -0.957432 0.225721 0.17993 -0.256303 0.243287 0.295514 0.923841 0.384686 0.316247 -0.384885 0.867094 0.400884 -0.93 -0.306249 0.203253 -0.504464 0.187317 -0.870675 -0.454793 0.485942 
1533576712909 0.155263 0.928331 -0.337779 -0.608452 -0.957493 0.225563 0.179803 -0.256321 0.243107 0.295504 0.923892 0.38468 0.316251 -0.384888 0.867091 0.400896 -0.93 -0.306246 0.203257 -0.504486 0.187312 -0.870674 -0.454797 0.485954 
1533576713013 0.155639 0.928166 -0.338059 -0.608719 -0.95729 0.22614 0.180157 -0.256176 0.243664 0.295581 0.92372 0.38482 0.316251 -0.384888 0.867091 0.400896 -0.93 -0.306246 0.203257 -0.504486 0.187312 -0.870674 -0.454797 0.485954 
1533576713025 0.155562 0.928144 -0.338156 -0.608724 -0.957333 0.22605 0.180042 -0.256182 0.243545 0.29572 0.923707 0.38477 0.31625 -0.384888 0.867091 0.400894 -0.93 -0.306247 0.203257 -0.504482 0.187313 -0.870675 -0.454796 0.485952 
1533576713042 0.15545 0.928106 -0.338312 -0.608726 -0.9574 0.225916 0.179852 -0.256201 0.243352 0.295942 0.923687 0.384693 0.31625 -0.384887 0.867091 0.400892 -0.93 -0.306247 0.203256 -0.50448 0.187313 -0.870675 -0.454796 0.485951 
1533576713058 0.155321 0.928059 -0.3385 -0.608699 -0.957479 0.225762 0.179625 -0.256247 0.243123 0.296208 0.923662 0.384618 0.316249 -0.384886 0.867092 0.400889 -0.93 -0.306248 0.203255 -0.504473 0.187315 -0.870675 -0.454795 0.485947 
1533576713075 0.155174 0.928016 -0.338684 -0.60856 -0.95755 0.225603 0.179449 -0.25634 0.24294 0.296461 0.923629 0.384602 0.316245 -0.384883 0.867095 0.400876 -0.93 -0.30625 0.20325 -0.50445 0.18732 -0.870676 -0.454791 0.485936 
1533576713092 0.155031 0.927974 -0.338867 -0.608371 -0.957616 0.225452 0.179284 -0.256411 0.242769 0.29671 0.923594 0.384587 0.316241 -0.38488 0.867098 0.400863 -0.930001 -0.306252 0.203246 -0.504427 0.187325 -0.870676 -0.454788 0.485925 
1533576713098 0.1549 0.927929 -0.339047 -0.60818 -0.957682 0.225311 0.179111 -0.256452 0.242594 0.296955 0.923562 0.384562 0.316238 -0.384877 0.867101 0.400853 -0.930001 -0.306253 0.203242 -0.504408 0.187329 -0.870677 -0.454785 0.485916 
1533576713243 0.154776 0.927884 -0.339227 -0.607997 -0.957747 0.225174 0.178935 -0.256478 0.242416 0.297199 0.92353 0.384532 0.316235 -0.384875 0.867102 0.400845 -0.930001 -0.306255 0.20324 -0.504395 0.187332 -0.870677 -0.454783 0.48591 
1533576713274 0.154656 0.92784 -0.339402 -0.607845 -0.957812 0.22504 0.178757 -0.256501 0.242237 0.297438 0.9235 0.3845 0.316234 -0.384874 0.867103 0.400842 -0.930001 -0.306255 0.203238 -0.504388 0.187334 -0.870678 -0.454782 0.485906 
1533576713359 0.154543 0.927818 -0.339514 -0.608077 -0.957876 0.2249 0.178587 -0.256601 0.242053 0.297613 0.923492 0.384403 0.316241 -0.38488 0.867098 0.400862 -0.930001 -0.306252 0.203246 -0.504425 0.187325 -0.870676 -0.454788 0.485925 
1533576713445 0.155037 0.927821 -0.339281 -0.60802 -0.957716 0.225414 0.178798 -0.256616 0.242371 0.297215 0.923536 0.384513 0.316241 -0.38488 0.867098 0.400862 -0.930001 -0.306252 0.203246 -0.504425 0.187325 -0.870676 -0.454788 0.485925 
1533576713456 0.154926 0.92786 -0.339224 -0.608015 -0.957687 0.225357 0.179024 -0.256553 0.242556 0.297135 0.923514 0.384542 0.31624 -0.384879 0.867099 0.40086 -0.930001 -0.306252 0.203245 -0.504422 0.187326 -0.870677 -0.454787 0.485923 
1533576713462 0.154779 0.927912 -0.339151 -0.607996 -0.957642 0.225289 0.179348 -0.256481 0.242826 0.297026 0.923478 0.384574 0.31624 -0.384879 0.867099 0.400859 -0.930001 -0.306252 0.203244 -0.504419 0.187327 -0.870677 -0.454787 0.485922 
1533576713476 0.154571 0.927979 -0.339062 -0.607849 -0.957591 0.225183 0.179758 -0.25653 0.243163 0.296897 0.92343 0.384535 0.316237 -0.384877 0.867101 0.400851 -0.930001 -0.306254 0.203242 -0.504405 0.18733 -0.870677 -0.454785 0.485915 
1533576713493 0.154383 0.928041 -0.338978 -0.607706 -0.957549 0.225078 0.180109 -0.256579 0.243446 0.296783 0.923393 0.384494 0.316236 -0.384876 0.867102 0.400846 -0.930001 -0.306254 0.20324 -0.504396 0.187332 -0.870677 -0.454783 0.485911 
1533576713568 0.154194 0.928103 -0.338894 -0.607559 -0.957508 0.224974 0.180461 -0.256627 0.243728 0.296668 0.923355 0.384452 0.316235 -0.384875 0.867103 0.400843 -0.930001 -0.306255 0.203239 -0.50439 0.187333 -0.870678 -0.454782 0.485908 
1533576713601 0.154006 0.928165 -0.33881 -0.60741 -0.957466 0.224869 0.180811 -0.256673 0.244011 0.296553 0.923317 0.384409 0.316234 -0.384874 0.867103 0.40084 -0.930001 -0.306255 0.203238 -0.504385 0.187334 -0.870678 -0.454781 0.485905 
1533576713608 0.153818 0.928226 -0.338726 -0.60726 -0.957424 0.224766 0.181162 -0.256717 0.244293 0.296439 0.923279 0.384366 0.316233 -0.384873 0.867104 0.400838 -0.930001 -0.306256 0.203237 -0.504381 0.187335 -0.870678 -0.454781 0.485903 
1533576713683 0.153632 0.928288 -0.338643 -0.607117 -0.957382 0.224663 0.18151 -0.256757 0.244574 0.296325 0.923242 0.384327 0.316233 -0.384873 0.867104 0.400836 -0.930001 -0.306256 0.203236 -0.504378 0.187336 -0.870678 -0.45478 0.485902 
1533576713706 0.153489 0.928336 -0.338574 -0.6071 -0.95734 0.224596 0.181818 -0.256703 0.244831 0.296223 0.923206 0.384355 0.316234 -0.384874 0.867103 0.40084 -0.930001 -0.306255 0.203238 -0.504385 0.187334 -0.870678 -0.454781 0.485905 
1533576713790 0.154125 0.92814 -0.338825 -0.60743 -0.957436 0.224997 0.180814 -0.256688 0.244055 0.296535 0.923312 0.384433 0.316234 -0.384874 0.867103 0.40084 -0.930001 -0.306255 0.203238 -0.504385 0.187334 -0.870678 -0.454781 0.485905 
1533576713803 0.154034 0.92817 -0.338783 -0.607428 -0.957425 0.224935 0.180947 -0.25664 0.244154 0.296487 0.923301 0.38445 0.316233 -0.384874 0.867104 0.400839 -0.930001 -0.306255 0.203237 -0.504383 0.187335 -0.870678 -0.454781 0.485905 
1533576713819 0.153898 0.928216 -0.33872 -0.607417 -0.957404 0.224848 0.181167 -0.256573 0.244323 0.29641 0.923281 0.384474 0.316233 -0.384874 0.867104 0.400838 -0.930001 -0.306256 0.203237 -0.504382 0.187335 -0.870678 -0.454781 0.485904 
1533576713836 0.153719 0.928273 -0.338643 -0.607324 -0.957371 0.224741 0.181474 -0.256559 0.244564 0.296311 0.923249 0.384458 0.316232 -0.384873 0.867105 0.400834 -0.930001 -0.306256 0.203236 -0.504375 0.187336 -0.870678 -0.45478 0.485901 
1533576713853 0.153552 0.928326 -0.338573 -0.607198 -0.957349 0.22463 0.181724 -0.256583 0.244753 0.296229 0.923225 0.384419 0.316231 -0.384872 0.867105 0.400831 -0.930001 -0.306257 0.203235 -0.504369 0.187338 -0.870678 -0.454779 0.485898 
1533576713869 0.153387 0.928379 -0.338503 -0.607064 -0.957328 0.22452 0.181973 -0.256606 0.244941 0.296146 0.923202 0.384379 0.31623 -0.384871 0.867106 0.400828 -0.930001 -0.306257 0.203234 -0.504364 0.187339 -0.870678 -0.454778 0.485896 
1533576713886 0.153222 0.928432 -0.338434 -0.606928 -0.957306 0.22441 0.182221 -0.256626 0.245128 0.296065 0.923178 0.384338 0.31623 -0.38487 0.867106 0.400826 -0.930001 -0.306257 0.203233 -0.50436 0.18734 -0.870679 -0.454778 0.485894 
1533576713903 0.153057 0.928484 -0.338365 -0.606789 -0.957285 0.224301 0.182469 -0.256644 0.245315 0.295983 0.923155 0.384299 0.316229 -0.38487 0.867107 0.400825 -0.930002 -0.306258 0.203232 -0.504357 0.18734 -0.870679 -0.454777 0.485892 
