1533761141770 0.158782 0.885879 -0.435898 -0.617205 -0.95159 0.255001 0.171611 -0.214607 0.263181 0.387547 0.883483 0.398653 0.16008 -0.304787 0.938871 0.370831 -0.775623 0.549475 0.310623 -0.528794 -0.61056 -0.777934 -0.14844 0.432481 
1533761141786 0.158763 0.885752 -0.436163 -0.617343 -0.951673 0.254918 0.171276 -0.214391 0.262894 0.387893 0.883417 0.398755 0.316241 -0.38488 0.867098 0.400864 -0.930001 -0.306251 0.203246 -0.504429 0.187325 -0.870677 -0.454788 0.485926 
1533761141802 0.158743 0.885624 -0.43643 -0.617481 -0.951755 0.254836 0.170942 -0.214174 0.262608 0.388238 0.88335 0.398857 0.316241 -0.38488 0.867098 0.400864 -0.930001 -0.306251 0.203246 -0.504429 0.187325 -0.870677 -0.454788 0.485926 
1533761141916 0.158723 0.885497 -0.436695 -0.617618 -0.951837 0.254752 0.170609 -0.213957 0.262323 0.388583 0.883284 0.39896 0.316241 -0.38488 0.867098 0.400864 -0.930001 -0.306251 0.203246 -0.504429 0.187325 -0.870677 -0.454788 0.485926 
1533761141951 0.158704 0.885369 -0.436961 -0.617756 -0.951919 0.25467 0.170275 -0.213741 0.262037 0.388928 0.883217 0.399062 0.316241 -0.38488 0.867098 0.400864 -0.930001 -0.306251 0.203246 -0.504429 0.187325 -0.870677 -0.454788 0.485926 
1533761142036 0.158685 0.885241 -0.437227 -0.617894 -0.952001 0.254587 0.169941 -0.213524 0.261751 0.389274 0.883149 0.399164 0.316241 -0.38488 0.867098 0.400864 -0.930001 -0.306251 0.203246 -0.504429 0.187325 -0.870677 -0.454788 0.485926 
1533761142081 0.158665 0.885113 -0.437493 -0.618032 -0.952083 0.254503 0.169607 -0.213308 0.261465 0.389619 0.883082 0.399267 0.316241 -0.38488 0.867098 0.400864 -0.930001 -0.306251 0.203246 -0.504429 0.187325 -0.870677 -0.454788 0.485926 
1533761142166 0.158646 0.884985 -0.437759 -0.618169 -0.952164 0.25442 0.169273 -0.213092 0.261179 0.389964 0.883014 0.399369 0.316241 -0.38488 0.867098 0.400864 -0.930001 -0.306251 0.203246 -0.504429 0.187325 -0.870677 -0.454788 0.485926 
1533761142214 0.158627 0.884857 -0.438025 -0.618307 -0.952246 0.254337 0.16894 -0.212875 0.260893 0.390309 0.882946 0.399471 0.316241 -0.38488 0.867098 0.400864 -0.930001 -0.306251 0.203246 -0.504429 0.187325 -0.870677 -0.454788 0.485926 
1533761142282 0.158604 0.884732 -0.438285 -0.618466 -0.952328 0.254249 0.16861 -0.212673 0.260609 0.390649 0.88288 0.399567 0.316531 -0.385118 0.866887 0.401814 -0.929976 -0.306103 0.20358 -0.50615 0.186955 -0.870623 -0.455042 0.486735 
1533761142355 0.158745 0.884951 -0.437791 -0.618196 -0.952139 0.254529 0.169255 -0.213002 0.261213 0.38997 0.883001 0.399447 0.316531 -0.385118 0.866887 0.401814 -0.929976 -0.306103 0.20358 -0.50615 0.186955 -0.870623 -0.455042 0.486735 
1533761142366 0.15873 0.884917 -0.437867 -0.618235 -0.952165 0.254494 0.169158 -0.212946 0.261125 0.390071 0.882983 0.39947 0.316221 -0.384863 0.867113 0.400797 -0.930002 -0.306262 0.203223 -0.504308 0.187351 -0.87068 -0.45477 0.485869 
1533761142383 0.158717 0.884881 -0.437943 -0.618273 -0.952192 0.25446 0.16906 -0.21289 0.261037 0.390173 0.882964 0.399493 0.316221 -0.384863 0.867113 0.400797 -0.930002 -0.306262 0.203223 -0.504308 0.187351 -0.87068 -0.45477 0.485869 
1533761142400 0.158703 0.884846 -0.438019 -0.618312 -0.952218 0.254426 0.168961 -0.212834 0.260948 0.390275 0.882945 0.399516 0.316221 -0.384863 0.867113 0.400797 -0.930002 -0.306262 0.203223 -0.504308 0.187351 -0.87068 -0.45477 0.485869 
1533761142406 0.158689 0.884811 -0.438096 -0.618351 -0.952245 0.254393 0.168863 -0.212778 0.26086 0.390377 0.882926 0.399539 0.316221 -0.384863 0.867113 0.400797 -0.930002 -0.306262 0.203223 -0.504308 0.187351 -0.87068 -0.45477 0.485869 
1533761142420 0.158676 0.884776 -0.438171 -0.618389 -0.952271 0.254358 0.168765 -0.212722 0.260772 0.390479 0.882907 0.399561 0.316221 -0.384863 0.867113 0.400797 -0.930002 -0.306262 0.203223 -0.504308 0.187351 -0.87068 -0.45477 0.485869 
1533761142427 0.158662 0.88474 -0.438248 -0.618428 -0.952298 0.254325 0.168666 -0.212666 0.260683 0.390582 0.882888 0.399584 0.316221 -0.384863 0.867113 0.400797 -0.930002 -0.306262 0.203223 -0.504308 0.187351 -0.87068 -0.45477 0.485869 
1533761142440 0.158649 0.884705 -0.438324 -0.618466 -0.952324 0.254291 0.168568 -0.21261 0.260595 0.390683 0.882869 0.399607 0.316221 -0.384863 0.867113 0.400797 -0.930002 -0.306262 0.203223 -0.504308 0.187351 -0.87068 -0.45477 0.485869 
1533761142457 0.158635 0.884669 -0.4384 -0.618505 -0.95235 0.254257 0.168469 -0.212554 0.260506 0.390786 0.882849 0.39963 0.316221 -0.384863 0.867113 0.400797 -0.930002 -0.306262 0.203223 -0.504308 0.187351 -0.87068 -0.45477 0.485869 
1533761142473 0.158622 0.884634 -0.438476 -0.618544 -0.952377 0.254223 0.168371 -0.212498 0.260418 0.390888 0.88283 0.399653 0.316221 -0.384863 0.867113 0.400797 -0.930002 -0.306262 0.203223 -0.504308 0.187351 -0.87068 -0.45477 0.485869 
1533761142497 0.158615 0.884772 -0.438201 -0.618414 -0.952309 0.254268 0.168687 -0.212711 0.26067 0.390546 0.882907 0.399563 0.316221 -0.384863 0.867113 0.400797 -0.930002 -0.306262 0.203223 -0.504308 0.187351 -0.87068 -0.45477 0.485869 
1533761142510 0.159013 0.884748 -0.438105 -0.618457 -0.952254 0.254589 0.168514 -0.212674 0.260629 0.390392 0.882988 0.399486 0.316221 -0.384863 0.867113 0.400795 -0.930002 -0.306262 0.203223 -0.504305 0.187351 -0.87068 -0.45477 0.485867 
1533761142527 0.159412 0.884723 -0.43801 -0.6185 -0.952198 0.254912 0.168339 -0.212634 0.260587 0.390237 0.883068 0.399409 0.31622 -0.384863 0.867113 0.400795 -0.930002 -0.306262 0.203222 -0.504305 0.187352 -0.87068 -0.454769 0.485867 
1533761142543 0.159812 0.884698 -0.437914 -0.618544 -0.952143 0.255234 0.168165 -0.212593 0.260546 0.390082 0.883149 0.399332 0.31622 -0.384863 0.867113 0.400795 -0.930002 -0.306262 0.203222 -0.504304 0.187352 -0.87068 -0.454769 0.485867 
1533761142630 0.160211 0.884674 -0.437818 -0.618587 -0.952087 0.255557 0.167991 -0.212554 0.260505 0.389927 0.883229 0.399255 0.31622 -0.384863 0.867113 0.400795 -0.930002 -0.306262 0.203222 -0.504304 0.187352 -0.87068 -0.454769 0.485867 
1533761142666 0.16061 0.884649 -0.437723 -0.61863 -0.952031 0.255879 0.167817 -0.212515 0.260463 0.389772 0.88331 0.399178 0.31622 -0.384863 0.867113 0.400795 -0.930002 -0.306262 0.203222 -0.504304 0.187352 -0.87068 -0.454769 0.485867 
1533761142708 0.16101 0.884623 -0.437627 -0.618673 -0.951975 0.256202 0.167642 -0.212473 0.260421 0.389618 0.88339 0.399102 0.31622 -0.384863 0.867113 0.400795 -0.930002 -0.306262 0.203222 -0.504304 0.187351 -0.87068 -0.454769 0.485867 
1533761142771 0.161409 0.884598 -0.437531 -0.618716 -0.951919 0.256525 0.167468 -0.212434 0.26038 0.389463 0.883471 0.399025 0.31622 -0.384863 0.867113 0.400795 -0.930002 -0.306262 0.203222 -0.504304 0.187351 -0.87068 -0.454769 0.485867 
1533761142809 0.161808 0.884572 -0.437435 -0.618759 -0.951863 0.256847 0.167294 -0.212394 0.260338 0.389309 0.883551 0.398948 0.31622 -0.384863 0.867113 0.400795 -0.930002 -0.306262 0.203222 -0.504304 0.187351 -0.87068 -0.454769 0.485867 
1533761142843 0.162208 0.884547 -0.43734 -0.618801 -0.951806 0.25717 0.16712 -0.212353 0.260296 0.389154 0.883632 0.398871 0.31622 -0.384863 0.867113 0.400795 -0.930002 -0.306262 0.203222 -0.504304 0.187351 -0.87068 -0.454769 0.485867 
1533761142929 0.161428 0.884556 -0.43761 -0.618715 -0.951892 0.256591 0.167517 -0.212478 0.260465 0.389515 0.883423 0.399037 0.31622 -0.384863 0.867113 0.400795 -0.930002 -0.306262 0.203222 -0.504304 0.187351 -0.87068 -0.454769 0.485867 
1533761142941 0.16165 0.884856 -0.43692 -0.618671 -0.951796 0.256746 0.167824 -0.212531 0.260678 0.38873 0.883706 0.398939 0.31622 -0.384863 0.867113 0.400795 -0.930002 -0.306262 0.203222 -0.504304 0.187351 -0.87068 -0.454769 0.485867 
1533761142958 0.161871 0.885157 -0.436228 -0.618631 -0.9517 0.256901 0.168132 -0.212586 0.260891 0.387943 0.883989 0.398839 0.31622 -0.384863 0.867113 0.400795 -0.930002 -0.306262 0.203222 -0.504304 0.187351 -0.87068 -0.454769 0.485867 
1533761143100 0.162093 0.885457 -0.435537 -0.618591 -0.951604 0.257055 0.168441 -0.212642 0.261104 0.387156 0.884271 0.39874 0.31622 -0.384863 0.867113 0.400795 -0.930002 -0.306262 0.203222 -0.504304 0.187351 -0.87068 -0.454769 0.485867 
1533761143176 0.162315 0.885756 -0.434845 -0.618551 -0.951508 0.257208 0.16875 -0.212698 0.261317 0.386368 0.884553 0.39864 0.31622 -0.384863 0.867113 0.400795 -0.930002 -0.306262 0.203222 -0.504304 0.187351 -0.87068 -0.454769 0.485867 
1533761143280 0.162536 0.886055 -0.434153 -0.618511 -0.951412 0.257361 0.169059 -0.212754 0.26153 0.38558 0.884833 0.398541 0.31622 -0.384863 0.867113 0.400795 -0.930002 -0.306262 0.203222 -0.504304 0.187351 -0.87068 -0.454769 0.485867 
1533761143368 0.162758 0.886353 -0.433461 -0.618471 -0.951315 0.257515 0.169368 -0.212809 0.261742 0.384792 0.885114 0.398442 0.31622 -0.384863 0.867113 0.400795 -0.930002 -0.306262 0.203222 -0.504304 0.187351 -0.87068 -0.454769 0.485867 
1533761143478 0.16298 0.88665 -0.432769 -0.618432 -0.951219 0.257667 0.169677 -0.212865 0.261954 0.384004 0.885393 0.398342 0.31622 -0.384863 0.867113 0.400795 -0.930002 -0.306262 0.203222 -0.504304 0.187351 -0.87068 -0.454769 0.485867 
1533761143570 0.163203 0.886947 -0.432076 -0.618391 -0.951122 0.25782 0.169986 -0.21292 0.262166 0.383215 0.885672 0.398243 0.31622 -0.384863 0.867113 0.400795 -0.930002 -0.306262 0.203222 -0.504304 0.187351 -0.87068 -0.454769 0.485867 
1533761143677 0.163425 0.887243 -0.431383 -0.618351 -0.951026 0.257972 0.170295 -0.212975 0.262378 0.382426 0.88595 0.398144 0.31622 -0.384863 0.867113 0.400795 -0.930002 -0.306262 0.203222 -0.504304 0.187351 -0.87068 -0.454769 0.485867 
1533761143765 0.163214 0.886943 -0.432081 -0.618362 -0.951147 0.257793 0.169891 -0.212912 0.262071 0.383244 0.885688 0.398279 0.31622 -0.384863 0.867113 0.400795 -0.930002 -0.306262 0.203222 -0.504304 0.187351 -0.87068 -0.454769 0.485867 
1533761143776 0.162852 0.886967 -0.432167 -0.618278 -0.951232 0.25745 0.169934 -0.213068 0.261987 0.383418 0.885637 0.398301 0.31622 -0.384863 0.867113 0.400795 -0.930002 -0.306262 0.203222 -0.504304 0.187351 -0.87068 -0.454769 0.485867 
1533761143793 0.162488 0.886992 -0.432253 -0.618196 -0.951317 0.257106 0.169977 -0.213226 0.261903 0.38359 0.885587 0.398321 0.31622 -0.384863 0.867113 0.400795 -0.930002 -0.306262 0.203222 -0.504304 0.187351 -0.87068 -0.454769 0.485867 
1533761143839 0.162125 0.887017 -0.432339 -0.618114 -0.951402 0.256762 0.170021 -0.213385 0.261819 0.383763 0.885537 0.398342 0.31622 -0.384863 0.867113 0.400795 -0.930002 -0.306262 0.203222 -0.504304 0.187351 -0.87068 -0.45477 0.485867 
1533761143940 0.161762 0.887042 -0.432424 -0.618032 -0.951487 0.256419 0.170064 -0.213544 0.261736 0.383936 0.885487 0.398362 0.31622 -0.384863 0.867113 0.400795 -0.930002 -0.306262 0.203222 -0.504304 0.187351 -0.87068 -0.45477 0.485867 
1533761143994 0.161398 0.887066 -0.432509 -0.617951 -0.951572 0.256075 0.170108 -0.213703 0.261652 0.384108 0.885437 0.398382 0.31622 -0.384863 0.867113 0.400795 -0.930002 -0.306262 0.203222 -0.504304 0.187351 -0.87068 -0.45477 0.485867 
1533761144081 0.161035 0.887091 -0.432594 -0.617869 -0.951657 0.255731 0.170151 -0.213861 0.261567 0.384281 0.885387 0.398402 0.31622 -0.384863 0.867113 0.400795 -0.930002 -0.306262 0.203222 -0.504304 0.187351 -0.87068 -0.45477 0.485867 
1533761144131 0.160672 0.887115 -0.432679 -0.617789 -0.951741 0.255387 0.170195 -0.214021 0.261483 0.384453 0.885337 0.398422 0.31622 -0.384863 0.867113 0.400795 -0.930002 -0.306262 0.203222 -0.504304 0.187351 -0.87068 -0.45477 0.485867 
1533761144224 0.160308 0.887139 -0.432765 -0.617707 -0.951825 0.255043 0.170239 -0.214179 0.261399 0.384626 0.885287 0.398443 0.31622 -0.384863 0.867113 0.400795 -0.930002 -0.306262 0.203222 -0.504304 0.187351 -0.87068 -0.45477 0.485867 
1533761144273 0.159945 0.887163 -0.43285 -0.617625 -0.95191 0.254699 0.170282 -0.214338 0.261315 0.384798 0.885237 0.398463 0.31622 -0.384863 0.867113 0.400795 -0.930002 -0.306262 0.203222 -0.504304 0.187351 -0.87068 -0.45477 0.485867 
1533761144381 0.1605 0.887107 -0.43276 -0.617761 -0.951791 0.255218 0.170172 -0.214127 0.261409 0.384585 0.885302 0.398474 0.31622 -0.384863 0.867113 0.400795 -0.930002 -0.306262 0.203222 -0.504304 0.187351 -0.87068 -0.45477 0.485867 
1533761144395 0.159962 0.887007 -0.433164 -0.617613 -0.951847 0.254863 0.17039 -0.21438 0.261534 0.385049 0.885063 0.398494 0.31622 -0.384863 0.867113 0.400795 -0.930002 -0.306262 0.203222 -0.504304 0.187351 -0.87068 -0.45477 0.485867 
1533761144410 0.159422 0.886907 -0.433567 -0.617462 -0.951903 0.254508 0.170609 -0.214634 0.26166 0.385515 0.884823 0.398512 0.31622 -0.384863 0.867113 0.400795 -0.930002 -0.306262 0.203222 -0.504304 0.187351 -0.87068 -0.45477 0.485867 
1533761144469 0.158883 0.886807 -0.43397 -0.617311 -0.951958 0.254152 0.170827 -0.214889 0.261785 0.385979 0.884584 0.398531 0.31622 -0.384863 0.867113 0.400795 -0.930002 -0.306262 0.203222 -0.504304 0.187351 -0.87068 -0.45477 0.485867 
1533761144584 0.158343 0.886706 -0.434373 -0.61716 -0.952014 0.253797 0.171047 -0.215142 0.26191 0.386445 0.884344 0.39855 0.31622 -0.384863 0.867113 0.400795 -0.930002 -0.306262 0.203222 -0.504304 0.187351 -0.87068 -0.45477 0.485867 
1533761144658 0.157804 0.886605 -0.434775 -0.61701 -0.952069 0.253441 0.171266 -0.215396 0.262035 0.38691 0.884103 0.398569 0.31622 -0.384863 0.867113 0.400795 -0.930002 -0.306262 0.203222 -0.504304 0.187351 -0.87068 -0.45477 0.485867 
1533761144756 0.157264 0.886504 -0.435177 -0.616858 -0.952124 0.253086 0.171485 -0.215651 0.262159 0.387374 0.883863 0.398587 0.31622 -0.384863 0.867113 0.400795 -0.930002 -0.306262 0.203222 -0.504304 0.187351 -0.87068 -0.45477 0.485867 
1533761144829 0.156725 0.886402 -0.435579 -0.616707 -0.952179 0.252731 0.171704 -0.215904 0.262283 0.387839 0.883622 0.398606 0.31622 -0.384863 0.867113 0.400795 -0.930002 -0.306262 0.203222 -0.504304 0.187351 -0.87068 -0.45477 0.485867 
1533761144934 0.156185 0.886299 -0.435981 -0.616557 -0.952234 0.252376 0.171924 -0.216158 0.262407 0.388304 0.883381 0.398625 0.31622 -0.384863 0.867113 0.400795 -0.930002 -0.306262 0.203222 -0.504304 0.187351 -0.87068 -0.45477 0.485867 
1533761145005 0.155645 0.886197 -0.436383 -0.616406 -0.952288 0.25202 0.172144 -0.216412 0.262531 0.388769 0.88314 0.398644 0.31622 -0.384863 0.867113 0.400795 -0.930002 -0.306262 0.203222 -0.504304 0.187351 -0.87068 -0.45477 0.485867 
1533761145115 0.156438 0.886236 -0.43602 -0.616561 -0.952155 0.252664 0.171934 -0.216248 0.26254 0.388261 0.88336 0.39863 0.31622 -0.384863 0.867113 0.400795 -0.930002 -0.306262 0.203222 -0.504304 0.187351 -0.87068 -0.45477 0.485867 
1533761145125 0.156168 0.886224 -0.436142 -0.616278 -0.952239 0.252387 0.171876 -0.216332 0.262398 0.388469 0.883311 0.398622 0.31622 -0.384863 0.867113 0.400795 -0.930002 -0.306262 0.203222 -0.504304 0.187351 -0.87068 -0.45477 0.485867 
1533761145142 0.155899 0.886211 -0.436264 -0.61599 -0.952323 0.252111 0.171817 -0.216413 0.262253 0.388678 0.883262 0.398614 0.31622 -0.384863 0.867113 0.400795 -0.930002 -0.306262 0.203222 -0.504304 0.187351 -0.87068 -0.45477 0.485867 
1533761145273 0.155629 0.886197 -0.436387 -0.615702 -0.952407 0.251835 0.171758 -0.216495 0.262109 0.388887 0.883213 0.398607 0.31622 -0.384863 0.867113 0.400795 -0.930002 -0.306262 0.203222 -0.504304 0.187351 -0.87068 -0.45477 0.485867 
1533761145338 0.15536 0.886184 -0.43651 -0.615414 -0.95249 0.251559 0.171699 -0.216576 0.261965 0.389096 0.883164 0.3986 0.31622 -0.384863 0.867113 0.400795 -0.930002 -0.306262 0.203222 -0.504304 0.187351 -0.87068 -0.45477 0.485867 
1533761145445 0.155091 0.886171 -0.436633 -0.615125 -0.952574 0.251283 0.17164 -0.216657 0.261821 0.389305 0.883115 0.398592 0.31622 -0.384863 0.867113 0.400795 -0.930002 -0.306262 0.203222 -0.504304 0.187351 -0.87068 -0.45477 0.485867 
1533761145509 0.154821 0.886157 -0.436756 -0.614838 -0.952657 0.251006 0.171582 -0.216738 0.261677 0.389514 0.883065 0.398585 0.31622 -0.384863 0.867113 0.400795 -0.930002 -0.306262 0.203222 -0.504304 0.187351 -0.87068 -0.45477 0.485867 
1533761145626 0.154552 0.886144 -0.436879 -0.614549 -0.95274 0.25073 0.171523 -0.216819 0.261532 0.389723 0.883016 0.398578 0.31622 -0.384863 0.867113 0.400795 -0.930002 -0.306262 0.203222 -0.504304 0.187351 -0.87068 -0.45477 0.485867 
1533761145678 0.154283 0.88613 -0.437001 -0.614262 -0.952824 0.250453 0.171464 -0.216901 0.261388 0.389931 0.882967 0.39857 0.31622 -0.384863 0.867113 0.400795 -0.930002 -0.306262 0.203222 -0.504304 0.187351 -0.87068 -0.45477 0.485867 
1533761145803 0.154014 0.886116 -0.437124 -0.613973 -0.952907 0.250177 0.171405 -0.216981 0.261243 0.39014 0.882917 0.398563 0.31622 -0.384863 0.867113 0.400795 -0.930002 -0.306262 0.203222 -0.504304 0.187351 -0.87068 -0.45477 0.485867 
1533761145871 0.154281 0.8862 -0.436861 -0.614301 -0.95281 0.250446 0.171553 -0.21681 0.26144 0.389778 0.883019 0.398626 0.31622 -0.384863 0.867113 0.400795 -0.930002 -0.306262 0.203222 -0.504304 0.187351 -0.87068 -0.45477 0.485867 
1533761145884 0.153868 0.886293 -0.436817 -0.614031 -0.952856 0.250098 0.171803 -0.216867 0.261515 0.389789 0.882992 0.398643 0.31622 -0.384863 0.867113 0.400795 -0.930002 -0.306262 0.203222 -0.504304 0.187351 -0.87068 -0.45477 0.485867 
1533761145901 0.153455 0.886386 -0.436774 -0.613757 -0.952902 0.24975 0.172051 -0.216922 0.261588 0.389801 0.882965 0.398661 0.31622 -0.384863 0.867113 0.400795 -0.930002 -0.306262 0.203222 -0.504304 0.187351 -0.87068 -0.45477 0.485867 
1533761145907 0.153042 0.886479 -0.43673 -0.613483 -0.952949 0.249402 0.1723 -0.216976 0.261662 0.389813 0.882938 0.398678 0.31622 -0.384863 0.867113 0.400795 -0.930002 -0.306262 0.203222 -0.504304 0.187351 -0.87068 -0.45477 0.485867 
1533761146046 0.152629 0.886571 -0.436687 -0.613208 -0.952995 0.249055 0.172548 -0.217031 0.261735 0.389824 0.882911 0.398696 0.31622 -0.384863 0.867113 0.400795 -0.930002 -0.306262 0.203222 -0.504304 0.187351 -0.87068 -0.45477 0.485867 
1533761146052 0.152216 0.886664 -0.436643 -0.612935 -0.95304 0.248707 0.172797 -0.217086 0.261809 0.389836 0.882884 0.398714 0.31622 -0.384863 0.867113 0.400795 -0.930002 -0.306262 0.203222 -0.504304 0.187351 -0.87068 -0.45477 0.485867 
1533761146207 0.151804 0.886756 -0.4366 -0.61266 -0.953086 0.248359 0.173046 -0.21714 0.261883 0.389848 0.882857 0.398732 0.31622 -0.384863 0.867113 0.400795 -0.930002 -0.306262 0.203222 -0.504304 0.187351 -0.87068 -0.45477 0.485867 
1533761146264 0.151391 0.886848 -0.436556 -0.612387 -0.953132 0.248011 0.173294 -0.217195 0.261956 0.38986 0.88283 0.398749 0.31622 -0.384863 0.867113 0.400795 -0.930002 -0.306262 0.203222 -0.504304 0.187351 -0.87068 -0.45477 0.485867 
1533761146366 0.150978 0.88694 -0.436512 -0.612111 -0.953177 0.247663 0.173543 -0.217249 0.26203 0.389872 0.882802 0.398767 0.31622 -0.384863 0.867113 0.400795 -0.930002 -0.306262 0.203222 -0.504304 0.187351 -0.87068 -0.45477 0.485867 
1533761146425 0.150565 0.887032 -0.436468 -0.611838 -0.953222 0.247315 0.173791 -0.217304 0.262103 0.389884 0.882775 0.398785 0.31622 -0.384863 0.867113 0.400795 -0.930002 -0.306262 0.203222 -0.504304 0.187351 -0.87068 -0.45477 0.485867 
1533761146543 0.151095 0.88689 -0.436573 -0.612139 -0.953214 0.247696 0.173289 -0.217339 0.261826 0.389965 0.882822 0.398717 0.31622 -0.384863 0.867113 0.400795 -0.930002 -0.306262 0.203222 -0.504304 0.187351 -0.87068 -0.45477 0.485867 
1533761146555 0.150753 0.887002 -0.436465 -0.61192 -0.953172 0.247513 0.173785 -0.21737 0.262179 0.389827 0.882778 0.398718 0.31622 -0.384863 0.867113 0.400795 -0.930002 -0.306262 0.203222 -0.504304 0.187351 -0.87068 -0.45477 0.485867 
1533761146572 0.150411 0.887112 -0.436359 -0.611697 -0.953128 0.247331 0.174281 -0.2174 0.262532 0.389692 0.882733 0.398719 0.31622 -0.384863 0.867113 0.400795 -0.930002 -0.306262 0.203222 -0.504304 0.187351 -0.87068 -0.45477 0.485867 
1533761146589 0.150069 0.887222 -0.436252 -0.611473 -0.953085 0.247148 0.174777 -0.217429 0.262885 0.389556 0.882688 0.39872 0.31622 -0.384863 0.867113 0.400795 -0.930002 -0.306262 0.203222 -0.504304 0.187351 -0.87068 -0.45477 0.485867 
1533761146675 0.149728 0.887333 -0.436144 -0.61125 -0.953041 0.246966 0.175272 -0.217459 0.263238 0.38942 0.882642 0.398721 0.31622 -0.384863 0.867113 0.400795 -0.930002 -0.306262 0.203222 -0.504304 0.187351 -0.87068 -0.45477 0.485867 
1533761146765 0.149386 0.887443 -0.436037 -0.611027 -0.952997 0.246783 0.175768 -0.217489 0.263591 0.389285 0.882597 0.398723 0.31622 -0.384863 0.867113 0.400795 -0.930002 -0.306262 0.203222 -0.504304 0.187351 -0.87068 -0.45477 0.485867 
1533761146801 0.149045 0.887553 -0.43593 -0.610803 -0.952953 0.246601 0.176263 -0.217518 0.263944 0.389149 0.882551 0.398724 0.31622 -0.384863 0.867113 0.400795 -0.930002 -0.306262 0.203222 -0.504304 0.187351 -0.87068 -0.45477 0.485867 
1533761146900 0.148704 0.887664 -0.435822 -0.610581 -0.952908 0.246418 0.176759 -0.217548 0.264297 0.389013 0.882505 0.398725 0.31622 -0.384863 0.867113 0.400795 -0.930002 -0.306262 0.203222 -0.504304 0.187351 -0.87068 -0.45477 0.485867 
1533761146956 0.148362 0.887774 -0.435714 -0.610358 -0.952864 0.246235 0.177254 -0.217577 0.26465 0.388878 0.882459 0.398726 0.31622 -0.384863 0.867113 0.400795 -0.930002 -0.306262 0.203222 -0.504304 0.187351 -0.87068 -0.45477 0.485867 
1533761147013 0.148021 0.887884 -0.435606 -0.610134 -0.952819 0.246053 0.17775 -0.217606 0.265003 0.388743 0.882413 0.398728 0.31622 -0.384863 0.867113 0.400795 -0.930002 -0.306262 0.203222 -0.504304 0.187351 -0.87068 -0.45477 0.485867 
1533761147099 0.148818 0.887682 -0.435745 -0.610465 -0.952888 0.246509 0.176743 -0.217682 0.264306 0.388913 0.882547 0.398743 0.31622 -0.384863 0.867113 0.400795 -0.930002 -0.306262 0.203222 -0.504304 0.187351 -0.87068 -0.45477 0.485867 
1533761147113 0.148537 0.887686 -0.435834 -0.610296 -0.952922 0.24629 0.176866 -0.217693 0.264343 0.389044 0.882478 0.398757 0.31622 -0.384863 0.867113 0.400795 -0.930002 -0.306262 0.203222 -0.504304 0.187351 -0.87068 -0.45477 0.485867 
1533761147129 0.148257 0.887689 -0.435923 -0.610123 -0.952955 0.246073 0.176989 -0.217702 0.26438 0.389175 0.882409 0.398773 0.31622 -0.384863 0.867113 0.400795 -0.930002 -0.306262 0.203222 -0.504304 0.187351 -0.87068 -0.45477 0.485867 
1533761147146 0.147977 0.887692 -0.436012 -0.60995 -0.952988 0.245855 0.177113 -0.21771 0.264417 0.389306 0.88234 0.398788 0.31622 -0.384863 0.867113 0.400795 -0.930002 -0.306262 0.203222 -0.504304 0.187351 -0.87068 -0.45477 0.485867 
1533761147163 0.147697 0.887694 -0.436101 -0.609776 -0.953021 0.245637 0.177236 -0.217719 0.264455 0.389437 0.882271 0.398803 0.31622 -0.384863 0.867113 0.400795 -0.930002 -0.306262 0.203222 -0.504304 0.187351 -0.87068 -0.45477 0.485867 
1533761147306 0.147416 0.887697 -0.43619 -0.609604 -0.953054 0.24542 0.17736 -0.217728 0.264492 0.389567 0.882203 0.398818 0.31622 -0.384863 0.867113 0.400795 -0.930002 -0.306262 0.203222 -0.504304 0.187351 -0.87068 -0.45477 0.485867 
1533761147339 0.147136 0.8877 -0.43628 -0.60943 -0.953087 0.245202 0.177484 -0.217736 0.264529 0.389698 0.882134 0.398834 0.31622 -0.384863 0.867113 0.400795 -0.930002 -0.306262 0.203222 -0.504304 0.187351 -0.87068 -0.45477 0.485867 
1533761147441 0.146856 0.887703 -0.436369 -0.609257 -0.95312 0.244984 0.177607 -0.217745 0.264566 0.389829 0.882065 0.398849 0.31622 -0.384863 0.867113 0.400795 -0.930002 -0.306262 0.203222 -0.504304 0.187351 -0.87068 -0.45477 0.485867 
1533761147482 0.146576 0.887705 -0.436458 -0.609083 -0.953153 0.244767 0.177731 -0.217753 0.264603 0.38996 0.881996 0.398864 0.31622 -0.384863 0.867113 0.400795 -0.930002 -0.306262 0.203222 -0.504304 0.187351 -0.87068 -0.45477 0.485867 
1533761147569 0.146295 0.887708 -0.436547 -0.60891 -0.953186 0.244549 0.177854 -0.217762 0.26464 0.390091 0.881927 0.39888 0.31622 -0.384863 0.867113 0.400795 -0.930002 -0.306262 0.203222 -0.504304 0.187351 -0.87068 -0.45477 0.485867 
1533761147639 0.146744 0.88775 -0.43631 -0.609204 -0.953106 0.244919 0.177773 -0.217708 0.264679 0.389762 0.88206 0.39889 0.31622 -0.384863 0.867113 0.400795 -0.930002 -0.306262 0.203222 -0.504304 0.187351 -0.87068 -0.45477 0.485867 
1533761147649 0.146594 0.887783 -0.436292 -0.609088 -0.953137 0.244771 0.177815 -0.217722 0.264652 0.389779 0.882061 0.39887 0.31622 -0.384863 0.867113 0.400795 -0.930002 -0.306262 0.203222 -0.504304 0.187351 -0.87068 -0.45477 0.485867 
1533761147666 0.146444 0.887816 -0.436275 -0.608967 -0.953167 0.244622 0.177854 -0.217733 0.264625 0.389798 0.882061 0.398851 0.31622 -0.384863 0.867113 0.400795 -0.930002 -0.306262 0.203222 -0.504304 0.187351 -0.87068 -0.45477 0.485867 
1533761147682 0.146294 0.887849 -0.436259 -0.608846 -0.953198 0.244473 0.177894 -0.217745 0.264597 0.389816 0.882061 0.398832 0.31622 -0.384863 0.867113 0.400795 -0.930002 -0.306262 0.203222 -0.504304 0.187351 -0.87068 -0.45477 0.485867 
1533761147699 0.146145 0.887882 -0.436242 -0.608725 -0.953229 0.244325 0.177934 -0.217756 0.264569 0.389834 0.882061 0.398813 0.31622 -0.384863 0.867113 0.400795 -0.930002 -0.306262 0.203222 -0.504304 0.187351 -0.87068 -0.45477 0.485867 
1533761147716 0.145995 0.887915 -0.436225 -0.608605 -0.953259 0.244176 0.177974 -0.217768 0.264541 0.389852 0.882062 0.398794 0.31622 -0.384863 0.867113 0.400795 -0.930002 -0.306262 0.203222 -0.504304 0.187351 -0.87068 -0.45477 0.485867 
1533761147732 0.145845 0.887948 -0.436209 -0.608483 -0.95329 0.244027 0.178014 -0.217779 0.264514 0.389871 0.882062 0.398776 0.31622 -0.384863 0.867113 0.400795 -0.930002 -0.306262 0.203222 -0.504304 0.187351 -0.87068 -0.45477 0.485867 
1533761147854 0.145695 0.887981 -0.436192 -0.608363 -0.953321 0.243879 0.178053 -0.21779 0.264486 0.389889 0.882062 0.398756 0.31622 -0.384863 0.867113 0.400795 -0.930002 -0.306262 0.203222 -0.504304 0.187351 -0.87068 -0.45477 0.485867 
1533761147879 0.145545 0.888013 -0.436175 -0.608241 -0.953351 0.24373 0.178093 -0.217801 0.264458 0.389908 0.882062 0.398738 0.31622 -0.384863 0.867113 0.400795 -0.930002 -0.306262 0.203222 -0.504304 0.187351 -0.87068 -0.45477 0.485867 
1533761147906 0.145395 0.888046 -0.436159 -0.608121 -0.953382 0.243581 0.178133 -0.217813 0.26443 0.389926 0.882063 0.398719 0.31622 -0.384863 0.867113 0.400795 -0.930002 -0.306262 0.203222 -0.504304 0.187351 -0.87068 -0.45477 0.485867 
1533761147957 0.145707 0.888038 -0.436071 -0.608457 -0.953358 0.243808 0.177952 -0.217753 0.264346 0.389803 0.882142 0.398836 0.31622 -0.384863 0.867113 0.400795 -0.930002 -0.306262 0.203222 -0.504304 0.187351 -0.87068 -0.45477 0.485867 
1533761147970 0.14551 0.888062 -0.436089 -0.60835 -0.953395 0.243625 0.178003 -0.217766 0.26432 0.389864 0.882123 0.398803 0.31622 -0.384863 0.867113 0.400795 -0.930002 -0.306262 0.203222 -0.504304 0.187351 -0.87068 -0.45477 0.485867 
1533761147987 0.145314 0.888085 -0.436106 -0.608241 -0.953432 0.243442 0.178054 -0.217779 0.264294 0.389924 0.882105 0.39877 0.31622 -0.384863 0.867113 0.400795 -0.930002 -0.306262 0.203222 -0.504304 0.187351 -0.87068 -0.45477 0.485867 
1533761148003 0.145118 0.888109 -0.436124 -0.608129 -0.953469 0.24326 0.178105 -0.217789 0.264268 0.389984 0.882086 0.398738 0.31622 -0.384863 0.867113 0.400795 -0.930002 -0.306262 0.203222 -0.504304 0.187351 -0.87068 -0.45477 0.485867 
1533761148009 0.144921 0.888132 -0.436141 -0.608019 -0.953506 0.243077 0.178156 -0.217802 0.264242 0.390044 0.882067 0.398705 0.31622 -0.384863 0.867113 0.400795 -0.930002 -0.306262 0.203222 -0.504304 0.187351 -0.87068 -0.45477 0.485867 
1533761148023 0.144725 0.888156 -0.436158 -0.607908 -0.953543 0.242895 0.178207 -0.217813 0.264216 0.390105 0.882048 0.398673 0.31622 -0.384863 0.867113 0.400795 -0.930002 -0.306262 0.203222 -0.504304 0.187351 -0.87068 -0.45477 0.485867 
1533761148043 0.144529 0.888179 -0.436176 -0.607797 -0.95358 0.242712 0.178258 -0.217824 0.26419 0.390165 0.882029 0.398641 0.31622 -0.384863 0.867113 0.400795 -0.930002 -0.306262 0.203222 -0.504304 0.187351 -0.87068 -0.45477 0.485867 
1533761148188 0.144333 0.888202 -0.436193 -0.607686 -0.953617 0.24253 0.178308 -0.217835 0.264164 0.390225 0.88201 0.398608 0.31622 -0.384863 0.867113 0.400795 -0.930002 -0.306262 0.203222 -0.504304 0.187351 -0.87068 -0.45477 0.485867 
1533761148209 0.144137 0.888226 -0.43621 -0.607576 -0.953654 0.242347 0.178359 -0.217847 0.264138 0.390286 0.881991 0.398576 0.31622 -0.384863 0.867113 0.400795 -0.930002 -0.306262 0.203222 -0.504304 0.187351 -0.87068 -0.45477 0.485867 
1533761148232 0.143941 0.888249 -0.436228 -0.607465 -0.953691 0.242165 0.17841 -0.217858 0.264112 0.390346 0.881972 0.398543 0.31622 -0.384863 0.867113 0.400795 -0.930002 -0.306262 0.203222 -0.504304 0.187351 -0.87068 -0.45477 0.485867 
1533761148278 0.144461 0.888214 -0.436127 -0.60781 -0.953615 0.242605 0.178216 -0.21777 0.2641 0.390152 0.882061 0.398655 0.31622 -0.384863 0.867113 0.400795 -0.930002 -0.306262 0.203222 -0.504304 0.187351 -0.87068 -0.45477 0.485867 
1533761148289 0.144422 0.888188 -0.436194 -0.607722 -0.953629 0.242572 0.178188 -0.217769 0.264072 0.390233 0.882034 0.398622 0.31622 -0.384863 0.867113 0.400795 -0.930002 -0.306262 0.203222 -0.504304 0.187351 -0.87068 -0.45477 0.485867 
1533761148306 0.144383 0.88816 -0.436262 -0.607629 -0.953643 0.242539 0.178159 -0.217766 0.264044 0.390315 0.882006 0.39859 0.31622 -0.384863 0.867113 0.400795 -0.930002 -0.306262 0.203222 -0.504304 0.187351 -0.87068 -0.45477 0.485867 
1533761148323 0.144345 0.888133 -0.43633 -0.607537 -0.953656 0.242507 0.17813 -0.217763 0.264016 0.390397 0.881978 0.398557 0.31622 -0.384863 0.867113 0.400795 -0.930002 -0.306262 0.203222 -0.504304 0.187351 -0.87068 -0.45477 0.485867 
1533761148339 0.144306 0.888106 -0.436398 -0.607445 -0.95367 0.242475 0.178101 -0.21776 0.263988 0.390479 0.88195 0.398525 0.31622 -0.384863 0.867113 0.400795 -0.930002 -0.306262 0.203222 -0.504304 0.187351 -0.87068 -0.45477 0.485867 
1533761148356 0.144267 0.888079 -0.436466 -0.607353 -0.953683 0.242442 0.178073 -0.217757 0.26396 0.390561 0.881922 0.398493 0.31622 -0.384863 0.867113 0.400795 -0.930002 -0.306262 0.203222 -0.504304 0.187351 -0.87068 -0.45477 0.485867 
1533761148363 0.144229 0.888052 -0.436535 -0.60726 -0.953697 0.24241 0.178044 -0.217753 0.263932 0.390643 0.881895 0.398461 0.31622 -0.384863 0.867113 0.400795 -0.930002 -0.306262 0.203222 -0.504304 0.187351 -0.87068 -0.45477 0.485867 
1533761148439 0.14419 0.888024 -0.436603 -0.607169 -0.95371 0.242378 0.178015 -0.217751 0.263904 0.390725 0.881867 0.398428 0.31622 -0.384863 0.867113 0.400795 -0.930002 -0.306262 0.203222 -0.504304 0.187351 -0.87068 -0.45477 0.485867 
1533761148446 0.144151 0.887997 -0.436671 -0.607075 -0.953724 0.242346 0.177986 -0.217747 0.263876 0.390807 0.881839 0.398396 0.31622 -0.384863 0.867113 0.400795 -0.930002 -0.306262 0.203222 -0.504304 0.187351 -0.87068 -0.45477 0.485867 
1533761148525 0.144113 0.88797 -0.436739 -0.606984 -0.953738 0.242313 0.177957 -0.217744 0.263848 0.390889 0.881811 0.398364 0.31622 -0.384863 0.867113 0.400795 -0.930002 -0.306262 0.203222 -0.504304 0.187351 -0.87068 -0.45477 0.485867 
1533761148568 0.144152 0.888009 -0.436646 -0.607292 -0.953698 0.242379 0.178078 -0.21769 0.263969 0.390758 0.881833 0.398435 0.31622 -0.384863 0.867113 0.400795 -0.930002 -0.306262 0.203222 -0.504304 0.187351 -0.87068 -0.45477 0.485867 
1533761148581 0.143985 0.887978 -0.436764 -0.607221 -0.953661 0.242347 0.178324 -0.217715 0.264196 0.390848 0.881724 0.398442 0.31622 -0.384863 0.867113 0.400795 -0.930002 -0.306262 0.203222 -0.504304 0.187351 -0.87068 -0.45477 0.485867 
1533761148595 0.14382 0.887947 -0.436883 -0.607147 -0.953622 0.242316 0.17857 -0.21774 0.264425 0.390939 0.881616 0.39845 0.31622 -0.384863 0.867113 0.400795 -0.930002 -0.306262 0.203222 -0.504304 0.187351 -0.87068 -0.45477 0.485867 
1533761148612 0.143654 0.887915 -0.437002 -0.607072 -0.953584 0.242286 0.178816 -0.217764 0.264653 0.39103 0.881507 0.398457 0.31622 -0.384863 0.867113 0.400795 -0.930002 -0.306262 0.203222 -0.504304 0.187351 -0.87068 -0.45477 0.485867 
1533761148631 0.143489 0.887883 -0.437121 -0.606996 -0.953546 0.242255 0.179062 -0.217787 0.264881 0.391121 0.881398 0.398465 0.31622 -0.384863 0.867113 0.400795 -0.930002 -0.306262 0.203222 -0.504304 0.187351 -0.87068 -0.45477 0.485867 
1533761148645 0.143323 0.887851 -0.437239 -0.60692 -0.953507 0.242225 0.179307 -0.217811 0.265109 0.391212 0.881289 0.398472 0.31622 -0.384863 0.867113 0.400795 -0.930002 -0.306262 0.203222 -0.504304 0.187351 -0.87068 -0.45477 0.485867 
1533761148702 0.143157 0.88782 -0.437358 -0.606846 -0.953469 0.242195 0.179553 -0.217835 0.265337 0.391303 0.88118 0.39848 0.31622 -0.384863 0.867113 0.400795 -0.930002 -0.306262 0.203222 -0.504304 0.187351 -0.87068 -0.45477 0.485867 
1533761148732 0.142992 0.887788 -0.437477 -0.606769 -0.95343 0.242164 0.179799 -0.217858 0.265564 0.391394 0.881071 0.398487 0.31622 -0.384863 0.867113 0.400795 -0.930002 -0.306262 0.203222 -0.504304 0.187351 -0.87068 -0.45477 0.485867 
1533761148771 0.142826 0.887756 -0.437595 -0.606695 -0.953391 0.242134 0.180045 -0.217882 0.265792 0.391484 0.880962 0.398495 0.31622 -0.384863 0.867113 0.400795 -0.930002 -0.306262 0.203222 -0.504304 0.187351 -0.87068 -0.45477 0.485867 
1533761148800 0.142661 0.887725 -0.437714 -0.60662 -0.953353 0.242104 0.18029 -0.217906 0.26602 0.391575 0.880853 0.398502 0.31622 -0.384863 0.867113 0.400795 -0.930002 -0.306262 0.203222 -0.504304 0.187351 -0.87068 -0.45477 0.485867 
1533761148834 0.143118 0.887823 -0.437363 -0.606903 -0.953461 0.24218 0.179611 -0.217776 0.265384 0.391303 0.881166 0.398483 0.31622 -0.384863 0.867113 0.400795 -0.930002 -0.306262 0.203222 -0.504304 0.187351 -0.87068 -0.45477 0.485867 
1533761148847 0.143078 0.887792 -0.43744 -0.606838 -0.953519 0.242083 0.179434 -0.217788 0.265197 0.391435 0.881164 0.398502 0.31622 -0.384863 0.867113 0.400795 -0.930002 -0.306262 0.203222 -0.504304 0.187351 -0.87068 -0.45477 0.485867 
1533761148864 0.143039 0.88776 -0.437518 -0.606768 -0.953578 0.241987 0.179255 -0.217797 0.265009 0.391567 0.881161 0.398523 0.31622 -0.384863 0.867113 0.400795 -0.930002 -0.306262 0.203222 -0.504304 0.187351 -0.87068 -0.45477 0.485867 
1533761148881 0.143 0.887728 -0.437596 -0.606699 -0.953636 0.24189 0.179076 -0.217806 0.264821 0.391699 0.881159 0.398543 0.31622 -0.384863 0.867113 0.400795 -0.930002 -0.306262 0.203222 -0.504304 0.187351 -0.87068 -0.45477 0.485867 
1533761148899 0.14296 0.887696 -0.437674 -0.606629 -0.953694 0.241793 0.178897 -0.217815 0.264633 0.391832 0.881157 0.398563 0.31622 -0.384863 0.867113 0.400795 -0.930002 -0.306262 0.203222 -0.504304 0.187351 -0.87068 -0.45477 0.485867 
1533761148914 0.142921 0.887664 -0.437751 -0.606561 -0.953752 0.241697 0.178719 -0.217825 0.264445 0.391964 0.881155 0.398583 0.31622 -0.384863 0.867113 0.400795 -0.930002 -0.306262 0.203222 -0.504304 0.187351 -0.87068 -0.45477 0.485867 
1533761148993 0.142882 0.887632 -0.437829 -0.606491 -0.95381 0.2416 0.178539 -0.217833 0.264257 0.392096 0.881152 0.398604 0.31622 -0.384863 0.867113 0.400795 -0.930002 -0.306262 0.203222 -0.504304 0.187351 -0.87068 -0.45477 0.485867 
1533761149010 0.142842 0.8876 -0.437907 -0.606422 -0.953868 0.241503 0.178361 -0.217843 0.264069 0.392228 0.88115 0.398624 0.31622 -0.384863 0.867113 0.400795 -0.930002 -0.306262 0.203222 -0.504304 0.187351 -0.87068 -0.45477 0.485867 
1533761149026 0.142803 0.887568 -0.437985 -0.606352 -0.953926 0.241406 0.178182 -0.217851 0.263881 0.39236 0.881147 0.398644 0.31622 -0.384863 0.867113 0.400795 -0.930002 -0.306262 0.203222 -0.504304 0.187351 -0.87068 -0.45477 0.485867 
1533761149077 0.142764 0.887536 -0.438063 -0.606283 -0.953984 0.24131 0.178003 -0.217861 0.263693 0.392492 0.881145 0.398665 0.31622 -0.384863 0.867113 0.400795 -0.930002 -0.306262 0.203222 -0.504304 0.187351 -0.87068 -0.45477 0.485867 
1533761149129 0.142797 0.887622 -0.437876 -0.606559 -0.953806 0.241558 0.178617 -0.217764 0.264317 0.392143 0.881113 0.398567 0.31622 -0.384863 0.867113 0.400795 -0.930002 -0.306262 0.203222 -0.504304 0.187351 -0.87068 -0.45477 0.485867 
1533761149141 0.142582 0.887588 -0.438015 -0.606448 -0.953794 0.24146 0.178814 -0.217815 0.264477 0.39228 0.881004 0.398579 0.31622 -0.384863 0.867113 0.400795 -0.930002 -0.306262 0.203222 -0.504304 0.187351 -0.87068 -0.45477 0.485867 
1533761149157 0.142366 0.887554 -0.438155 -0.606332 -0.953782 0.241361 0.179012 -0.217864 0.264636 0.392419 0.880895 0.398592 0.31622 -0.384863 0.867113 0.400795 -0.930002 -0.306262 0.203222 -0.504304 0.187351 -0.87068 -0.45477 0.485867 
1533761149174 0.142151 0.88752 -0.438294 -0.606216 -0.95377 0.241263 0.179209 -0.217913 0.264796 0.392557 0.880785 0.398604 0.31622 -0.384863 0.867113 0.400795 -0.930002 -0.306262 0.203222 -0.504304 0.187351 -0.87068 -0.45477 0.485867 
1533761149191 0.141935 0.887486 -0.438433 -0.6061 -0.953757 0.241164 0.179406 -0.217962 0.264955 0.392695 0.880676 0.398617 0.31622 -0.384863 0.867113 0.400795 -0.930002 -0.306262 0.203222 -0.504304 0.187351 -0.87068 -0.45477 0.485867 
1533761149288 0.14172 0.887451 -0.438572 -0.605986 -0.953745 0.241065 0.179604 -0.218012 0.265114 0.392833 0.880566 0.398629 0.31622 -0.384863 0.867113 0.400795 -0.930002 -0.306262 0.203222 -0.504304 0.187351 -0.87068 -0.45477 0.485867 
1533761149328 0.141504 0.887417 -0.438712 -0.605869 -0.953733 0.240967 0.179801 -0.21806 0.265273 0.392971 0.880456 0.398642 0.31622 -0.384863 0.867113 0.400795 -0.930002 -0.306262 0.203222 -0.504304 0.187351 -0.87068 -0.45477 0.485867 
1533761149368 0.141288 0.887382 -0.438851 -0.605754 -0.953721 0.240868 0.179998 -0.21811 0.265433 0.393109 0.880347 0.398655 0.31622 -0.384863 0.867113 0.400795 -0.930002 -0.306262 0.203222 -0.504304 0.187351 -0.87068 -0.45477 0.485867 
1533761149409 0.141073 0.887348 -0.43899 -0.605639 -0.953708 0.240769 0.180196 -0.218159 0.265592 0.393247 0.880237 0.398667 0.31622 -0.384863 0.867113 0.400795 -0.930002 -0.306262 0.203222 -0.504304 0.187351 -0.87068 -0.45477 0.485867 
1533761149450 0.140857 0.887313 -0.439129 -0.605523 -0.953696 0.240671 0.180393 -0.218208 0.265751 0.393386 0.880127 0.39868 0.31622 -0.384863 0.867113 0.400795 -0.930002 -0.306262 0.203222 -0.504304 0.187351 -0.87068 -0.45477 0.485867 
1533761149502 0.141388 0.887376 -0.438832 -0.605829 -0.953749 0.240889 0.179819 -0.218088 0.265277 0.393111 0.880393 0.398623 0.31622 -0.384863 0.867113 0.400795 -0.930002 -0.306262 0.203222 -0.504304 0.187351 -0.87068 -0.45477 0.485867 
1533761149513 0.141079 0.887477 -0.438727 -0.605659 -0.953711 0.240717 0.180252 -0.218163 0.265579 0.392989 0.880356 0.398584 0.31622 -0.384863 0.867113 0.400795 -0.930002 -0.306262 0.203222 -0.504304 0.187351 -0.87068 -0.45477 0.485867 
1533761149529 0.140769 0.887578 -0.438622 -0.605487 -0.953673 0.240543 0.180687 -0.218241 0.265881 0.392866 0.88032 0.398542 0.31622 -0.384863 0.867113 0.400795 -0.930002 -0.306262 0.203222 -0.504304 0.187351 -0.87068 -0.45477 0.485867 
1533761149546 0.140459 0.887679 -0.438516 -0.605316 -0.953634 0.24037 0.181121 -0.21832 0.266184 0.392744 0.880283 0.398501 0.31622 -0.384863 0.867113 0.400795 -0.930002 -0.306262 0.203222 -0.504304 0.187351 -0.87068 -0.45477 0.485867 
1533761149662 0.140149 0.88778 -0.438411 -0.605145 -0.953595 0.240196 0.181555 -0.218397 0.266486 0.392621 0.880246 0.39846 0.31622 -0.384863 0.867113 0.400795 -0.930002 -0.306262 0.203222 -0.504304 0.187351 -0.87068 -0.45477 0.485867 
1533761149701 0.139839 0.887882 -0.438305 -0.604974 -0.953556 0.240022 0.18199 -0.218476 0.266788 0.392499 0.88021 0.398418 0.31622 -0.384863 0.867113 0.400795 -0.930002 -0.306262 0.203222 -0.504304 0.187351 -0.87068 -0.45477 0.485867 
1533761149779 0.13953 0.887983 -0.438199 -0.604803 -0.953517 0.239849 0.182424 -0.218553 0.267091 0.392376 0.880172 0.398377 0.31622 -0.384863 0.867113 0.400795 -0.930002 -0.306262 0.203222 -0.504304 0.187351 -0.87068 -0.45477 0.485867 
1533761149833 0.13922 0.888084 -0.438093 -0.604632 -0.953477 0.239675 0.182858 -0.218631 0.267393 0.392254 0.880135 0.398336 0.31622 -0.384863 0.867113 0.400795 -0.930002 -0.306262 0.203222 -0.504304 0.187351 -0.87068 -0.45477 0.485867 
