1533675557066 0.275657 0.633204 -0.723233 -0.604483 -0.8825 0.464965 0.0707247 -0.181741 0.381061 0.618757 0.686973 0.426588 0.16008 -0.304787 0.938871 0.370831 -0.775623 0.549475 0.310623 -0.528794 -0.61056 -0.777934 -0.14844 0.432481 
1533675557076 -0.0948711 0.961412 -0.258238 -0.620723 -0.992323 -0.0706583 0.1015 -0.251522 0.0793364 0.265885 0.960735 0.395861 0.31622 -0.384863 0.867113 0.400795 -0.930002 -0.306262 0.203222 -0.504304 0.187351 -0.87068 -0.45477 0.485867 
1533675557096 -0.0159248 0.999804 0.0117445 -0.643838 -0.999747 -0.0161081 0.0156781 -0.247813 0.0158642 -0.0114919 0.999808 0.384261 0.31622 -0.384863 0.867113 0.400795 -0.930002 -0.306262 0.203222 -0.504304 0.187351 -0.87068 -0.45477 0.485867 
1533675557116 0.0426599 0.957629 0.284827 -0.668069 -0.996833 0.0599462 -0.0522472 -0.244697 -0.0671078 -0.281696 0.957154 0.374739 0.31622 -0.384863 0.867113 0.400795 -0.930002 -0.306262 0.203222 -0.504304 0.187351 -0.87068 -0.45477 0.485867 
1533675557136 0.0757863 0.837922 0.540502 -0.686464 -0.983807 0.15113 -0.0963479 -0.239672 -0.162418 -0.524448 0.835808 0.362588 0.31622 -0.384863 0.867113 0.400795 -0.930002 -0.306262 0.203222 -0.504304 0.187352 -0.87068 -0.454769 0.485867 
1533675557163 0.07673 0.6634 0.74432 -0.656557 -0.961225 0.247537 -0.121536 -0.229876 -0.264874 -0.706134 0.656671 0.371455 0.31622 -0.384863 0.867113 0.400795 -0.930002 -0.306262 0.203222 -0.504304 0.187352 -0.87068 -0.454769 0.485867 
1533675557173 0.0440827 0.439703 0.897061 -0.630005 -0.931268 0.343147 -0.122433 -0.230279 -0.361658 -0.830007 0.424608 0.371553 0.31622 -0.384863 0.867113 0.400795 -0.930002 -0.306262 0.203222 -0.504304 0.187352 -0.87068 -0.454769 0.485867 
1533675557193 -0.0260904 0.17332 0.98452 -0.610296 -0.896715 0.431238 -0.099681 -0.239593 -0.441839 -0.885434 0.144168 0.347177 0.31622 -0.384863 0.867113 0.400795 -0.930002 -0.306262 0.203222 -0.504304 0.187352 -0.87068 -0.454769 0.485867 
1533675557213 -0.111806 -0.133183 0.984765 -0.615817 -0.863668 0.503166 -0.030007 -0.225695 -0.491504 -0.853865 -0.171282 0.289614 0.31622 -0.384863 0.867113 0.400795 -0.930002 -0.306262 0.203222 -0.504304 0.187351 -0.87068 -0.454769 0.485867 
1533675557233 -0.092579 -0.364968 0.926406 -0.580467 -0.828117 0.544821 0.131882 -0.113242 -0.552858 -0.754962 -0.352675 0.388689 0.31622 -0.384863 0.867113 0.400796 -0.930002 -0.306262 0.203222 -0.504305 0.187351 -0.87068 -0.45477 0.485867 
1533675557286 -0.092579 -0.364968 0.926406 -0.580467 -0.828117 0.544821 0.131882 -0.113242 -0.552858 -0.754962 -0.352675 0.388689 0.31622 -0.384863 0.867113 0.400796 -0.930002 -0.306262 0.203222 -0.504305 0.187351 -0.87068 -0.45477 0.485867 
1533675557296 -0.193258 -0.571071 0.797828 -0.558859 -0.794792 0.567908 0.213976 -0.124527 -0.575289 -0.592755 -0.563635 0.406482 0.31622 -0.384863 0.867113 0.400795 -0.930002 -0.306262 0.203222 -0.504304 0.187351 -0.87068 -0.454769 0.485867 
1533675557316 -0.193258 -0.571071 0.797828 -0.558859 -0.794792 0.567909 0.213976 -0.124527 -0.575289 -0.592754 -0.563635 0.406482 0.31622 -0.384863 0.867113 0.400795 -0.930002 -0.306262 0.203222 -0.504304 0.187351 -0.87068 -0.454769 0.485867 
1533675557326 -0.193259 -0.571071 0.797828 -0.558859 -0.794791 0.56791 0.213976 -0.124527 -0.57529 -0.592754 -0.563635 0.406482 0.31622 -0.384863 0.867113 0.400795 -0.930002 -0.306262 0.203222 -0.504304 0.187351 -0.87068 -0.454769 0.485867 
1533675557336 -0.193259 -0.571071 0.797828 -0.558859 -0.794791 0.56791 0.213977 -0.124527 -0.57529 -0.592753 -0.563635 0.406482 0.31622 -0.384863 0.867113 0.400795 -0.930002 -0.306262 0.203222 -0.504304 0.187351 -0.87068 -0.454769 0.485867 
1533675557346 -0.193259 -0.571071 0.797828 -0.558859 -0.79479 0.567911 0.213977 -0.124527 -0.575291 -0.592753 -0.563635 0.406482 0.31622 -0.384863 0.867113 0.400795 -0.930002 -0.306262 0.203222 -0.504304 0.187351 -0.87068 -0.454769 0.485867 
1533675557356 -0.193259 -0.571071 0.797828 -0.558859 -0.79479 0.567911 0.213977 -0.124527 -0.575292 -0.592752 -0.563635 0.406482 0.31622 -0.384863 0.867113 0.400795 -0.930002 -0.306262 0.203222 -0.504304 0.187351 -0.87068 -0.454769 0.485867 
1533675557366 -0.19326 -0.571071 0.797828 -0.558859 -0.794789 0.567912 0.213977 -0.124527 -0.575292 -0.592751 -0.563635 0.406482 0.31622 -0.384863 0.867113 0.400795 -0.930002 -0.306262 0.203222 -0.504304 0.187351 -0.87068 -0.454769 0.485867 
1533675557376 -0.19326 -0.571071 0.797828 -0.558859 -0.794789 0.567913 0.213978 -0.124527 -0.575293 -0.592751 -0.563635 0.406482 0.31622 -0.384863 0.867113 0.400795 -0.930002 -0.306262 0.203222 -0.504304 0.187351 -0.87068 -0.454769 0.485867 
1533675557386 -0.193423 -0.570671 0.798074 -0.558135 -0.794876 0.567975 0.213488 -0.124926 -0.575117 -0.593077 -0.563472 0.406672 0.31622 -0.384863 0.867113 0.400795 -0.930002 -0.306262 0.203222 -0.504304 0.187351 -0.87068 -0.454769 0.485867 
