1533679202085 0.0338795 0.553353 -0.832257 -0.495186 -0.942714 0.294218 0.157245 -0.223807 0.331877 0.779253 0.531622 0.453428 0.16008 -0.304787 0.938871 0.370831 -0.775623 0.549475 0.310623 -0.528794 -0.61056 -0.777934 -0.14844 0.432481 
1533679202095 0.0227872 0.548317 -0.83596 -0.511095 -0.943958 0.287208 0.162652 -0.226423 0.329279 0.785404 0.524133 0.454897 0.316223 -0.384865 0.867111 0.400804 -0.930002 -0.306261 0.203225 -0.504321 0.187348 -0.87068 -0.454772 0.485875 
1533679202850 0.0117212 0.54329 -0.839463 -0.527022 -0.945107 0.280185 0.168136 -0.229126 0.326552 0.791412 0.516751 0.456038 0.316223 -0.384865 0.867111 0.400804 -0.930002 -0.306261 0.203225 -0.504321 0.187348 -0.87068 -0.454772 0.485875 
1533679203609 0.00066668 0.538083 -0.842892 -0.542937 -0.946151 0.273205 0.17366 -0.231784 0.323726 0.797387 0.50929 0.457344 0.316223 -0.384865 0.867111 0.400804 -0.930002 -0.306261 0.203225 -0.504321 0.187348 -0.87068 -0.454772 0.485875 
1533679204381 -0.0103687 0.532759 -0.846203 -0.558849 -0.947093 0.266252 0.179234 -0.234439 0.320792 0.803292 0.501812 0.458651 0.316223 -0.384865 0.867111 0.400804 -0.930002 -0.306261 0.203225 -0.504321 0.187348 -0.87068 -0.454772 0.485875 
1533679205167 -0.0213829 0.527319 -0.849398 -0.574756 -0.947933 0.259327 0.184857 -0.237093 0.317751 0.809125 0.494318 0.45996 0.316223 -0.384865 0.867111 0.400804 -0.930002 -0.306261 0.203225 -0.504321 0.187348 -0.87068 -0.454772 0.485875 
1533679205950 -0.0323741 0.521764 -0.852476 -0.590657 -0.948672 0.25243 0.190529 -0.239743 0.314602 0.814887 0.48681 0.461272 0.316223 -0.384865 0.867111 0.400804 -0.930002 -0.306261 0.203225 -0.504321 0.187348 -0.87068 -0.454772 0.485875 
1533679206750 -0.0433405 0.516093 -0.855435 -0.606551 -0.949308 0.245564 0.196247 -0.242389 0.311346 0.820577 0.479288 0.462585 0.316223 -0.384865 0.867111 0.400804 -0.930002 -0.306261 0.203225 -0.504321 0.187348 -0.87068 -0.454772 0.485875 
1533679207562 -0.05428 0.510307 -0.858278 -0.622435 -0.949842 0.238728 0.202012 -0.245031 0.307983 0.826193 0.471753 0.463901 0.316223 -0.384865 0.867111 0.400804 -0.930002 -0.306261 0.203225 -0.504321 0.187348 -0.87068 -0.454772 0.485875 
1533679208394 -0.0650186 0.503382 -0.861614 -0.636278 -0.950355 0.232067 0.207295 -0.246309 0.304301 0.832317 0.463302 0.466275 0.316334 -0.384956 0.867031 0.401168 -0.929993 -0.306204 0.203353 -0.504979 0.187206 -0.87066 -0.454869 0.486184 
