1532543514219 0.249075 0.698604 -0.670756 -0.581336 -0.956928 0.284195 -0.0593463 -0.252933 0.149166 0.656647 0.7393 0.406173 -0.0779044 -0.111907 0.99066 0.371932 -0.981409 0.183435 -0.0564557 -0.461656 -0.175404 -0.976641 -0.124117 0.455619 
1532543514229 0.248958 0.698538 -0.670869 -0.581346 -0.956955 0.284116 -0.0592892 -0.252943 0.149189 0.656752 0.739202 0.406163 -0.0779126 -0.111933 0.990657 0.371935 -0.981382 0.183584 -0.0564402 -0.461659 -0.175551 -0.97661 -0.124153 0.455608 
1532543514236 0.248841 0.698471 -0.670981 -0.581356 -0.956982 0.284038 -0.0592328 -0.252954 0.149212 0.656856 0.739104 0.406154 -0.0779208 -0.11196 0.990653 0.371938 -0.981355 0.183733 -0.0564246 -0.461662 -0.175698 -0.976579 -0.124189 0.455597 
1532543514375 0.248725 0.698405 -0.671094 -0.581366 -0.957008 0.283959 -0.0591765 -0.252964 0.149234 0.656961 0.739007 0.406144 -0.077929 -0.111987 0.990649 0.371941 -0.981328 0.183882 -0.056409 -0.461665 -0.175845 -0.976548 -0.124226 0.455586 
1532543514392 0.248608 0.698338 -0.671207 -0.581375 -0.957035 0.283881 -0.0591201 -0.252974 0.149257 0.657066 0.738909 0.406134 -0.0779372 -0.112014 0.990646 0.371944 -0.981301 0.184031 -0.0563934 -0.461668 -0.175992 -0.976517 -0.124263 0.455575 
1532543514407 0.248491 0.698271 -0.671319 -0.581385 -0.957062 0.283802 -0.0590638 -0.252984 0.149279 0.657171 0.738811 0.406124 -0.0779454 -0.112041 0.990642 0.371947 -0.981274 0.18418 -0.0563777 -0.461671 -0.176139 -0.976486 -0.124299 0.455564 
1532543514589 0.248375 0.698205 -0.671432 -0.581395 -0.957089 0.283724 -0.0590074 -0.252995 0.149302 0.657276 0.738714 0.406115 -0.0779537 -0.112068 0.990638 0.371949 -0.981247 0.184329 -0.0563621 -0.461673 -0.176286 -0.976455 -0.124336 0.455553 
1532543514640 0.248258 0.698138 -0.671544 -0.581405 -0.957116 0.283645 -0.058951 -0.253005 0.149324 0.65738 0.738616 0.406105 -0.0779619 -0.112095 0.990634 0.371952 -0.98122 0.184477 -0.0563464 -0.461676 -0.176434 -0.976423 -0.124372 0.455542 
1532543514662 0.248142 0.698071 -0.671657 -0.581415 -0.957142 0.283567 -0.0588946 -0.253015 0.149347 0.657485 0.738518 0.406095 -0.0779701 -0.112122 0.990631 0.371955 -0.981193 0.184626 -0.0563308 -0.461679 -0.176581 -0.976392 -0.124409 0.455531 
1532543514783 0.248024 0.698004 -0.671769 -0.581424 -0.957169 0.283488 -0.0588381 -0.253025 0.149369 0.65759 0.73842 0.406085 -0.0779784 -0.112149 0.990627 0.371958 -0.981166 0.184775 -0.0563152 -0.461682 -0.176727 -0.976361 -0.124446 0.45552 
1532543515004 0.24798 0.697966 -0.671826 -0.581421 -0.957175 0.283475 -0.058802 -0.252968 0.149404 0.657637 0.738371 0.406034 -0.0780319 -0.112184 0.990619 0.371901 -0.981176 0.184707 -0.0563706 -0.461709 -0.176651 -0.97637 -0.124485 0.455497 
1532543515021 0.247973 0.697963 -0.671832 -0.581422 -0.957177 0.283468 -0.0588004 -0.252975 0.149402 0.657643 0.738366 0.406038 -0.0780276 -0.112183 0.990619 0.371907 -0.981172 0.184731 -0.0563635 -0.461707 -0.176675 -0.976365 -0.124485 0.455498 
1532543515044 0.247966 0.69796 -0.671837 -0.581424 -0.957179 0.283462 -0.0587983 -0.252981 0.149401 0.657649 0.738361 0.406042 -0.0780232 -0.112182 0.99062 0.371913 -0.981168 0.184753 -0.0563565 -0.461704 -0.176697 -0.976361 -0.124484 0.455499 
1532543515054 0.247959 0.697957 -0.671843 -0.581425 -0.957181 0.283456 -0.0587962 -0.252988 0.1494 0.657654 0.738356 0.406047 -0.0780188 -0.112181 0.99062 0.371919 -0.981164 0.184774 -0.0563496 -0.461702 -0.17672 -0.976357 -0.124484 0.455501 
1532543515079 0.247951 0.697954 -0.671849 -0.581426 -0.957183 0.283449 -0.0587938 -0.252995 0.149399 0.657661 0.738351 0.406051 -0.0780143 -0.11218 0.990621 0.371925 -0.981161 0.184796 -0.0563426 -0.461699 -0.176742 -0.976353 -0.124484 0.455502 
1532543515098 0.247944 0.697951 -0.671855 -0.581428 -0.957185 0.283443 -0.0587917 -0.253002 0.149399 0.657667 0.738346 0.406055 -0.0780104 -0.112179 0.990621 0.371931 -0.981157 0.184819 -0.0563359 -0.461697 -0.176766 -0.976349 -0.124483 0.455503 
1532543515125 0.247937 0.697948 -0.67186 -0.581429 -0.957187 0.283436 -0.0587895 -0.253009 0.149398 0.657672 0.738341 0.406059 -0.078006 -0.112178 0.990622 0.371937 -0.981153 0.184841 -0.056329 -0.461695 -0.176788 -0.976345 -0.124483 0.455504 
1532543515182 0.24793 0.697945 -0.671866 -0.581431 -0.957189 0.28343 -0.0587874 -0.253016 0.149397 0.657678 0.738336 0.406063 -0.0780017 -0.112177 0.990622 0.371943 -0.981149 0.184863 -0.0563221 -0.461692 -0.176811 -0.976341 -0.124482 0.455505 
1532543515228 0.247923 0.697942 -0.671872 -0.581432 -0.957191 0.283424 -0.0587852 -0.253022 0.149396 0.657684 0.738331 0.406068 -0.0779973 -0.112176 0.990622 0.371949 -0.981145 0.184885 -0.0563152 -0.46169 -0.176834 -0.976337 -0.124482 0.455507 
1532543515251 0.247915 0.697939 -0.671878 -0.581433 -0.957193 0.283417 -0.0587831 -0.253029 0.149395 0.65769 0.738326 0.406072 -0.077993 -0.112175 0.990623 0.371955 -0.981142 0.184906 -0.0563082 -0.461687 -0.176856 -0.976333 -0.124481 0.455508 
1532543515393 0.247891 0.697903 -0.671923 -0.581421 -0.957192 0.28343 -0.0587454 -0.252987 0.149445 0.657722 0.738287 0.406017 -0.078093 -0.112223 0.99061 0.371902 -0.981144 0.184866 -0.0564038 -0.461729 -0.176801 -0.976335 -0.124544 0.455475 
1532543515404 0.249404 0.698414 -0.670832 -0.581344 -0.957156 0.283038 -0.0611783 -0.252853 0.147143 0.657348 0.739082 0.405902 -0.0733067 -0.110107 0.991213 0.371755 -0.981092 0.186467 -0.0518448 -0.461819 -0.17912 -0.976272 -0.121695 0.455292 
1532543515410 0.250913 0.698926 -0.669735 -0.581266 -0.957112 0.282647 -0.0636113 -0.25272 0.144839 0.656973 0.73987 0.405788 -0.0685129 -0.107998 0.991787 0.371607 -0.981015 0.188078 -0.0472885 -0.461909 -0.181426 -0.976198 -0.118833 0.45511 
1532543515745 0.252419 0.699437 -0.668635 -0.581189 -0.957062 0.282259 -0.0660436 -0.252586 0.142535 0.656596 0.740652 0.405673 -0.0637125 -0.105896 0.992334 0.37146 -0.980912 0.189697 -0.0427359 -0.461999 -0.183717 -0.976115 -0.115961 0.454927 
1532543515771 0.253922 0.699948 -0.66753 -0.581111 -0.957006 0.281871 -0.0684765 -0.252453 0.140227 0.656217 0.741428 0.405559 -0.0589058 -0.103801 0.992852 0.371313 -0.980784 0.191325 -0.0381871 -0.462088 -0.185994 -0.976023 -0.113076 0.454744 
1532543516140 0.255422 0.70046 -0.66642 -0.581034 -0.956942 0.281485 -0.0709094 -0.252319 0.137918 0.655837 0.742197 0.405444 -0.0540929 -0.101713 0.993342 0.371166 -0.980629 0.192963 -0.0336423 -0.462178 -0.188256 -0.97592 -0.11018 0.454562 
1532543516216 0.256918 0.700971 -0.665306 -0.580957 -0.956872 0.2811 -0.0733424 -0.252186 0.135607 0.655456 0.742959 0.40533 -0.049274 -0.0996325 0.993804 0.371018 -0.980449 0.194609 -0.0291016 -0.462268 -0.190503 -0.975808 -0.107274 0.454379 
1532543516444 0.258412 0.701482 -0.664188 -0.580879 -0.956795 0.280717 -0.0757753 -0.252052 0.133294 0.655073 0.743715 0.405215 -0.0444493 -0.0975602 0.994237 0.370871 -0.980243 0.196263 -0.0245652 -0.462358 -0.192736 -0.975686 -0.104357 0.454196 
1532543516749 0.259901 0.701994 -0.663066 -0.580802 -0.956711 0.280334 -0.0782084 -0.251919 0.130978 0.654689 0.744464 0.405101 -0.0396189 -0.0954946 0.994641 0.370724 -0.980012 0.197927 -0.0200334 -0.462447 -0.194953 -0.975554 -0.101427 0.454014 
1532543516762 0.261382 0.702505 -0.661942 -0.580726 -0.956621 0.279954 -0.0806335 -0.251797 0.128668 0.654304 0.745206 0.40499 -0.0347993 -0.0934445 0.995016 0.370595 -0.979755 0.199598 -0.0155207 -0.462521 -0.197153 -0.975412 -0.0984986 0.453843 
1532543517488 0.261384 0.702546 -0.661897 -0.580737 -0.956605 0.280042 -0.0805236 -0.251787 0.128788 0.654221 0.745257 0.405058 -0.0349101 -0.0935471 0.995003 0.370585 -0.979761 0.199562 -0.015613 -0.46254 -0.197104 -0.97541 -0.0986205 0.453798 
1532543517652 0.262796 0.702683 -0.661192 -0.581003 -0.956394 0.280245 -0.0822963 -0.251677 0.127468 0.653988 0.745689 0.404924 -0.0335933 -0.0921567 0.995178 0.370676 -0.97914 0.202683 -0.0142828 -0.462475 -0.200389 -0.974898 -0.0970432 0.453694 
1532543517659 0.264208 0.702819 -0.660484 -0.581269 -0.95618 0.280449 -0.0840678 -0.251567 0.126147 0.653753 0.746119 0.404791 -0.0322721 -0.0907699 0.995349 0.370767 -0.978507 0.205805 -0.0129579 -0.462411 -0.203671 -0.974374 -0.0954608 0.45359 
1532543517995 0.265618 0.702955 -0.659773 -0.581534 -0.955963 0.280653 -0.085839 -0.251458 0.124826 0.653519 0.746546 0.404657 -0.0309463 -0.0893874 0.995516 0.370857 -0.977862 0.208925 -0.0116382 -0.462346 -0.206948 -0.973838 -0.0938741 0.453486 
1532543518041 0.267026 0.703091 -0.65906 -0.5818 -0.955743 0.280857 -0.0876104 -0.251348 0.123504 0.653286 0.74697 0.404524 -0.0296157 -0.0880086 0.995679 0.370948 -0.977205 0.212046 -0.0103234 -0.462282 -0.210221 -0.973289 -0.0922823 0.453382 
1532543518265 0.268434 0.703226 -0.658344 -0.582066 -0.955518 0.281062 -0.0893807 -0.251238 0.122181 0.653052 0.747392 0.40439 -0.0282805 -0.0866339 0.995839 0.371039 -0.976536 0.215166 -0.00901374 -0.462217 -0.21349 -0.972727 -0.0906861 0.453278 
1532543518434 0.269839 0.703361 -0.657625 -0.582332 -0.955291 0.281267 -0.0911505 -0.251128 0.120857 0.652819 0.747811 0.404257 -0.0269407 -0.0852637 0.995994 0.37113 -0.975855 0.218285 -0.00770926 -0.462152 -0.216753 -0.972153 -0.0890857 0.453175 
1532543518603 0.271244 0.703495 -0.656903 -0.582598 -0.95506 0.281473 -0.0929195 -0.251018 0.119532 0.652586 0.748227 0.404124 -0.0255961 -0.0838972 0.996146 0.371221 -0.975161 0.221404 -0.0064098 -0.462088 -0.220013 -0.971566 -0.0874803 0.453071 
1532543518610 0.272647 0.703628 -0.656179 -0.582863 -0.954825 0.281679 -0.0946891 -0.250908 0.118206 0.652353 0.748641 0.40399 -0.0242469 -0.0825348 0.996293 0.371312 -0.974455 0.224523 -0.00511545 -0.462024 -0.223269 -0.970967 -0.0858705 0.452967 
1532543518841 0.274044 0.703761 -0.655455 -0.583113 -0.954588 0.281885 -0.0964517 -0.250804 0.116884 0.652121 0.74905 0.403863 -0.0228973 -0.0811813 0.996436 0.371405 -0.973738 0.227639 -0.00382957 -0.461964 -0.226517 -0.970356 -0.0842617 0.452871 
1532543519317 0.274014 0.703843 -0.655378 -0.583096 -0.954591 0.281906 -0.0963617 -0.250834 0.116932 0.652023 0.749128 0.403913 -0.0228457 -0.0810137 0.996451 0.371418 -0.973759 0.22755 -0.00382512 -0.461951 -0.226433 -0.97039 -0.0840864 0.452923 
1532543519332 0.275 0.703957 -0.654843 -0.583326 -0.954397 0.282189 -0.0974434 -0.25077 0.116194 0.651777 0.749457 0.4038 -0.0224486 -0.0800349 0.996539 0.371548 -0.974144 0.225897 -0.00380167 -0.461899 -0.224811 -0.970858 -0.0830366 0.452735 
1532543519578 0.275986 0.704071 -0.654305 -0.583555 -0.954202 0.282474 -0.0985245 -0.250706 0.115456 0.651531 0.749785 0.403688 -0.0220527 -0.0790553 0.996626 0.371679 -0.974526 0.224243 -0.00377603 -0.461847 -0.223188 -0.971321 -0.0819866 0.452547 
1532543519602 0.276971 0.704185 -0.653767 -0.583785 -0.954006 0.282758 -0.099605 -0.250643 0.114717 0.651285 0.750112 0.403576 -0.0216584 -0.0780748 0.996712 0.371809 -0.974905 0.222589 -0.00374861 -0.461794 -0.221564 -0.971781 -0.0809365 0.452359 
1532543519864 0.277956 0.704298 -0.653227 -0.584015 -0.953808 0.283042 -0.100685 -0.250579 0.113979 0.651039 0.750438 0.403463 -0.0212657 -0.0770936 0.996797 0.37194 -0.975282 0.220934 -0.0037194 -0.461742 -0.21994 -0.972237 -0.0798863 0.452171 
1532543519982 0.27894 0.70441 -0.652686 -0.584244 -0.953609 0.283327 -0.101765 -0.250515 0.113239 0.650793 0.750763 0.403351 -0.0208747 -0.0761117 0.996881 0.37207 -0.975655 0.219278 -0.0036884 -0.46169 -0.218314 -0.972689 -0.0788361 0.451983 
1532543520132 0.279923 0.704522 -0.652144 -0.584474 -0.953408 0.283612 -0.102845 -0.250451 0.1125 0.650548 0.751087 0.403238 -0.0204853 -0.0751289 0.996963 0.372201 -0.976026 0.217622 -0.00365561 -0.461638 -0.216687 -0.973137 -0.0777858 0.451794 
1532543520344 0.280905 0.704634 -0.6516 -0.584704 -0.953206 0.283897 -0.103924 -0.250387 0.111759 0.650302 0.75141 0.403126 -0.0200976 -0.0741453 0.997045 0.372332 -0.976394 0.215966 -0.00362101 -0.461586 -0.215059 -0.973582 -0.0767355 0.451606 
1532543520466 0.281887 0.704745 -0.651056 -0.584933 -0.953003 0.284183 -0.105003 -0.250323 0.111019 0.650057 0.751732 0.403013 -0.0197113 -0.0731614 0.997125 0.372462 -0.97676 0.214308 -0.00358442 -0.461534 -0.21343 -0.974022 -0.0756853 0.451419 
1532543520473 0.282865 0.704856 -0.650512 -0.585149 -0.952799 0.284468 -0.106078 -0.250262 0.11028 0.649813 0.752052 0.402907 -0.0193277 -0.0721804 0.997204 0.372589 -0.977122 0.212651 -0.00354615 -0.461486 -0.211801 -0.974459 -0.0746391 0.451245 
1532543521087 0.282823 0.704858 -0.650528 -0.585178 -0.952813 0.284424 -0.106066 -0.25022 0.110265 0.649829 0.75204 0.402864 -0.0192446 -0.0722827 0.997199 0.372601 -0.977128 0.212626 -0.00344494 -0.461455 -0.211781 -0.974457 -0.0747214 0.451212 
1532543521100 0.283134 0.704647 -0.650621 -0.585315 -0.952703 0.284742 -0.106206 -0.250204 0.110421 0.649919 0.751939 0.402864 -0.018522 -0.070541 0.997337 0.372762 -0.977254 0.212048 -0.00315104 -0.461448 -0.211261 -0.97471 -0.072864 0.45095 
1532543521252 0.283446 0.704436 -0.650714 -0.585451 -0.952592 0.285061 -0.106347 -0.250187 0.110578 0.650008 0.751839 0.402865 -0.0178015 -0.068799 0.997472 0.372923 -0.97738 0.21147 -0.00285709 -0.46144 -0.210739 -0.97496 -0.0710073 0.450689 
1532543521370 0.283758 0.704224 -0.650807 -0.585588 -0.952481 0.285379 -0.106488 -0.250171 0.110735 0.650098 0.751738 0.402866 -0.0170815 -0.0670566 0.997603 0.373084 -0.977506 0.210893 -0.00256156 -0.461433 -0.210216 -0.975206 -0.0691506 0.450428 
1532543521460 0.28407 0.704013 -0.6509 -0.585725 -0.952369 0.285697 -0.106629 -0.250155 0.110892 0.650187 0.751638 0.402866 -0.0163627 -0.0653135 0.997731 0.373245 -0.977631 0.210316 -0.00226534 -0.461426 -0.209691 -0.975449 -0.0672939 0.450167 
1532543521709 0.284382 0.703801 -0.650992 -0.585861 -0.952258 0.286016 -0.10677 -0.250139 0.111049 0.650276 0.751538 0.402866 -0.0156457 -0.0635694 0.997855 0.373405 -0.977755 0.20974 -0.00196882 -0.461419 -0.209165 -0.975689 -0.0654368 0.449906 
1532543521768 0.284693 0.703589 -0.651085 -0.585998 -0.952146 0.286334 -0.106912 -0.250122 0.111206 0.650365 0.751437 0.402867 -0.0149288 -0.0618248 0.997975 0.373566 -0.977879 0.209164 -0.00167043 -0.461413 -0.208637 -0.975924 -0.0635798 0.449646 
1532543521914 0.285005 0.703378 -0.651178 -0.586135 -0.952035 0.286651 -0.107053 -0.250106 0.111362 0.650454 0.751337 0.402868 -0.0142123 -0.0600801 0.998092 0.373727 -0.978002 0.208589 -0.00137021 -0.461406 -0.208109 -0.976156 -0.061723 0.449387 
1532543522173 0.285317 0.703165 -0.65127 -0.586271 -0.951923 0.28697 -0.107194 -0.25009 0.11152 0.650543 0.751237 0.402868 -0.0134977 -0.0583343 0.998206 0.373888 -0.978125 0.208014 -0.00106997 -0.461402 -0.207578 -0.976385 -0.0598659 0.449129 
1532543522179 0.285628 0.702953 -0.651363 -0.586401 -0.951811 0.287288 -0.107334 -0.250073 0.111678 0.650632 0.751136 0.402869 -0.0127852 -0.0565951 0.998315 0.374045 -0.978247 0.207441 -0.000768197 -0.461402 -0.207048 -0.976609 -0.0580162 0.448891 
1532543522519 0.285738 0.702967 -0.651299 -0.586405 -0.951775 0.287395 -0.107369 -0.25011 0.111704 0.65057 0.751187 0.402938 -0.0135647 -0.0583274 0.998205 0.373861 -0.978132 0.20798 -0.00113913 -0.461377 -0.207541 -0.976392 -0.0598731 0.449192 
1532543522689 0.286305 0.70279 -0.651241 -0.586663 -0.951623 0.287708 -0.10788 -0.250082 0.11155 0.650623 0.751164 0.402895 -0.014183 -0.0605527 0.998064 0.37415 -0.978222 0.207556 -0.00130864 -0.461311 -0.207075 -0.976347 -0.0621777 0.449497 
1532543522818 0.286872 0.702613 -0.651183 -0.58692 -0.95147 0.288021 -0.108392 -0.250054 0.111397 0.650676 0.75114 0.402853 -0.0148002 -0.0627783 0.997918 0.37444 -0.978312 0.207131 -0.00147891 -0.461244 -0.206607 -0.976297 -0.0644823 0.449802 
1532543522925 0.287439 0.702435 -0.651125 -0.587178 -0.951317 0.288334 -0.108904 -0.250027 0.111244 0.650729 0.751117 0.40281 -0.0154162 -0.0650038 0.997766 0.37473 -0.978401 0.206707 -0.00165018 -0.461178 -0.206138 -0.976241 -0.0667864 0.450107 
1532543523180 0.288006 0.702258 -0.651066 -0.587435 -0.951163 0.288647 -0.109415 -0.249999 0.11109 0.650782 0.751094 0.402767 -0.0160311 -0.0672291 0.997609 0.375019 -0.978491 0.206284 -0.00182239 -0.461112 -0.205668 -0.97618 -0.06909 0.450412 
1532543523216 0.288574 0.702079 -0.651007 -0.587693 -0.951009 0.28896 -0.109928 -0.249971 0.110937 0.650835 0.75107 0.402724 -0.0166451 -0.069455 0.997446 0.375309 -0.978579 0.20586 -0.00199562 -0.461045 -0.205195 -0.976114 -0.0713938 0.450717 
1532543523440 0.289141 0.701901 -0.650947 -0.587951 -0.950855 0.289273 -0.11044 -0.249943 0.110784 0.650889 0.751047 0.402682 -0.0172579 -0.0716805 0.997278 0.375598 -0.978668 0.205436 -0.0021699 -0.460979 -0.204722 -0.976042 -0.0736969 0.451022 
1532543523632 0.289708 0.701723 -0.650887 -0.588208 -0.9507 0.289585 -0.110951 -0.249915 0.11063 0.650942 0.751023 0.402639 -0.0178696 -0.0739057 0.997105 0.375888 -0.978756 0.205014 -0.00234514 -0.460913 -0.204247 -0.975965 -0.0759992 0.451327 
1532543523638 0.290275 0.701544 -0.650828 -0.588465 -0.950545 0.289898 -0.111463 -0.249887 0.110478 0.650996 0.750999 0.402597 -0.0184803 -0.0761307 0.996927 0.376177 -0.978844 0.204591 -0.00252149 -0.460846 -0.20377 -0.975883 -0.078301 0.451631 
1532543523693 0.29084 0.701365 -0.650768 -0.588709 -0.950389 0.29021 -0.111973 -0.249859 0.110326 0.651049 0.750975 0.402557 -0.0190863 -0.0783482 0.996743 0.376459 -0.978932 0.204168 -0.00269674 -0.460771 -0.203292 -0.975795 -0.0805944 0.451915 
1532543524037 0.290669 0.701451 -0.650752 -0.588732 -0.950458 0.289992 -0.111953 -0.249788 0.110184 0.651054 0.750991 0.402522 -0.0178829 -0.0737004 0.99712 0.375854 -0.978769 0.204951 -0.00240517 -0.460928 -0.204184 -0.975993 -0.0758008 0.451362 
1532543524300 0.291334 0.701146 -0.650783 -0.589018 -0.950241 0.290548 -0.112358 -0.249781 0.110304 0.651134 0.750904 0.40248 -0.019054 -0.074727 0.997022 0.37624 -0.978181 0.207731 -0.00312439 -0.460787 -0.206879 -0.975327 -0.0770547 0.451545 
1532543524349 0.291999 0.700841 -0.650813 -0.589304 -0.950023 0.291104 -0.112764 -0.249774 0.110425 0.651214 0.750817 0.402437 -0.020228 -0.0757496 0.996922 0.376625 -0.977584 0.210513 -0.00384007 -0.460646 -0.209574 -0.974652 -0.0783098 0.451728 
1532543524631 0.292665 0.700536 -0.650843 -0.589591 -0.949804 0.29166 -0.11317 -0.249767 0.110545 0.651294 0.75073 0.402395 -0.0214045 -0.0767697 0.996819 0.377011 -0.976978 0.213292 -0.00455178 -0.460505 -0.212265 -0.973968 -0.0795677 0.451911 
1532543524746 0.29333 0.700231 -0.650872 -0.589877 -0.949585 0.292216 -0.113575 -0.24976 0.110666 0.651373 0.750644 0.402353 -0.0225839 -0.0777857 0.996714 0.377396 -0.976363 0.216072 -0.00526005 -0.460363 -0.214952 -0.973274 -0.0808268 0.452094 
1532543524890 0.293994 0.699925 -0.650901 -0.590163 -0.949365 0.29277 -0.113981 -0.249753 0.110787 0.651453 0.750557 0.40231 -0.0237662 -0.0787977 0.996607 0.377782 -0.97574 0.21885 -0.00596492 -0.460222 -0.217638 -0.972572 -0.0820873 0.452277 
1532543525166 0.294659 0.699619 -0.65093 -0.590449 -0.949145 0.293326 -0.114386 -0.249746 0.110908 0.651532 0.75047 0.402268 -0.024951 -0.079807 0.996498 0.378168 -0.975109 0.221627 -0.00666591 -0.460081 -0.220319 -0.97186 -0.0833504 0.45246 
1532543525236 0.295323 0.699312 -0.650959 -0.590735 -0.948924 0.293881 -0.114792 -0.249739 0.111029 0.651611 0.750384 0.402226 -0.0261387 -0.0808126 0.996387 0.378553 -0.974469 0.224403 -0.00736337 -0.45994 -0.222997 -0.97114 -0.084615 0.452643 
1532543525487 0.295987 0.699004 -0.650988 -0.591021 -0.948703 0.294435 -0.115198 -0.249732 0.11115 0.651691 0.750296 0.402184 -0.027329 -0.0818145 0.996273 0.378938 -0.97382 0.227178 -0.00805711 -0.459799 -0.225672 -0.97041 -0.0858812 0.452826 
1532543525588 0.29665 0.698697 -0.651016 -0.591292 -0.948482 0.294989 -0.115602 -0.249724 0.111272 0.65177 0.75021 0.402145 -0.0285167 -0.0828096 0.996157 0.379314 -0.973163 0.229949 -0.00874304 -0.459663 -0.228342 -0.969673 -0.0871447 0.452995 
1532543526109 0.296671 0.698714 -0.650988 -0.59126 -0.94847 0.295037 -0.115575 -0.249726 0.111312 0.65173 0.750238 0.402175 -0.0284909 -0.0828886 0.996151 0.379309 -0.973171 0.229917 -0.00870253 -0.459652 -0.228311 -0.969674 -0.0872153 0.453008 
1532543526121 0.297268 0.698588 -0.650851 -0.591564 -0.948302 0.295377 -0.116084 -0.249722 0.111151 0.651711 0.750279 0.402086 -0.0292299 -0.0827337 0.996143 0.379624 -0.97323 0.229638 -0.0094852 -0.459526 -0.227968 -0.969753 -0.0872312 0.453005 
1532543526276 0.297864 0.698462 -0.650713 -0.591868 -0.948134 0.295716 -0.116594 -0.249718 0.11099 0.651692 0.750319 0.401997 -0.0299691 -0.0825789 0.996134 0.379939 -0.973288 0.229358 -0.0102681 -0.459401 -0.227624 -0.969833 -0.0872467 0.453002 
1532543526371 0.298461 0.698336 -0.650575 -0.592172 -0.947965 0.296055 -0.117103 -0.249714 0.110828 0.651673 0.750359 0.401907 -0.0307083 -0.0824244 0.996124 0.380254 -0.973345 0.229078 -0.011051 -0.459275 -0.22728 -0.969912 -0.087262 0.453 
1532543526553 0.299057 0.69821 -0.650436 -0.592476 -0.947796 0.296394 -0.117613 -0.24971 0.110667 0.651654 0.7504 0.401818 -0.0314476 -0.0822701 0.996114 0.380569 -0.973402 0.228798 -0.0118338 -0.459149 -0.226936 -0.969991 -0.087277 0.452997 
1532543526683 0.299654 0.698084 -0.650297 -0.59278 -0.947627 0.296734 -0.118123 -0.249706 0.110506 0.651635 0.75044 0.401729 -0.0321868 -0.082116 0.996103 0.380883 -0.973458 0.228518 -0.0126167 -0.459024 -0.226591 -0.97007 -0.0872918 0.452994 
1532543526799 0.30025 0.697957 -0.650158 -0.593084 -0.947457 0.297073 -0.118632 -0.249703 0.110344 0.651616 0.75048 0.40164 -0.0329262 -0.0819621 0.996091 0.381198 -0.973513 0.228238 -0.0133996 -0.458898 -0.226247 -0.970149 -0.0873062 0.452991 
1532543527017 0.300846 0.69783 -0.650019 -0.593388 -0.947286 0.297412 -0.119141 -0.249699 0.110183 0.651597 0.75052 0.401551 -0.0336655 -0.0818085 0.996079 0.381513 -0.973568 0.227957 -0.0141825 -0.458772 -0.225903 -0.970228 -0.0873204 0.452988 
1532543527092 0.301442 0.697703 -0.64988 -0.593691 -0.947116 0.297751 -0.119651 -0.249695 0.110021 0.651579 0.75056 0.401462 -0.0344046 -0.0816553 0.996067 0.381828 -0.973622 0.227676 -0.0149649 -0.458647 -0.225559 -0.970307 -0.0873345 0.452986 
1532543527353 0.302036 0.697575 -0.649741 -0.593977 -0.946945 0.298089 -0.120158 -0.249689 0.109861 0.651561 0.750599 0.401378 -0.0351407 -0.0815027 0.996053 0.382133 -0.973675 0.227396 -0.0157444 -0.458529 -0.225215 -0.970386 -0.087348 0.452986 
1532543527701 0.302054 0.69768 -0.649619 -0.593968 -0.946938 0.298129 -0.120113 -0.249718 0.10987 0.65143 0.750711 0.401446 -0.0350475 -0.0815759 0.996051 0.382165 -0.973675 0.227403 -0.0156361 -0.458463 -0.225229 -0.970378 -0.0873984 0.452987 
1532543527716 0.302586 0.697457 -0.649612 -0.594212 -0.946759 0.298564 -0.120443 -0.249694 0.109947 0.65147 0.750665 0.401365 -0.0355992 -0.0816851 0.996022 0.382335 -0.973593 0.227721 -0.0161219 -0.458408 -0.225498 -0.970294 -0.0876347 0.453003 
1532543527942 0.303118 0.697234 -0.649603 -0.594457 -0.94658 0.298998 -0.120773 -0.249669 0.110023 0.65151 0.750619 0.401284 -0.0361518 -0.0817948 0.995993 0.382504 -0.97351 0.228039 -0.0166083 -0.458352 -0.225767 -0.97021 -0.0878721 0.45302 
1532543527949 0.30365 0.69701 -0.649595 -0.594701 -0.946401 0.299432 -0.121102 -0.249645 0.1101 0.65155 0.750574 0.401203 -0.0367039 -0.0819045 0.995964 0.382674 -0.973427 0.228357 -0.0170942 -0.458296 -0.226035 -0.970126 -0.0881096 0.453036 
1532543527982 0.304182 0.696787 -0.649586 -0.594946 -0.946221 0.299867 -0.121432 -0.249621 0.110177 0.651589 0.750528 0.401122 -0.037256 -0.0820139 0.995935 0.382844 -0.973344 0.228675 -0.0175799 -0.458241 -0.226303 -0.970042 -0.0883473 0.453053 
1532543527989 0.304715 0.696563 -0.649576 -0.59519 -0.946041 0.300302 -0.121762 -0.249596 0.110254 0.651628 0.750483 0.401042 -0.0378081 -0.0821232 0.995905 0.383013 -0.973261 0.228993 -0.0180655 -0.458185 -0.226571 -0.969958 -0.088585 0.453069 
1532543528170 0.305246 0.696338 -0.649567 -0.595435 -0.94586 0.300736 -0.122092 -0.249572 0.110331 0.651668 0.750437 0.400961 -0.0383603 -0.0822323 0.995875 0.383183 -0.973177 0.229311 -0.0185511 -0.45813 -0.226839 -0.969873 -0.088823 0.453085 
1532543528329 0.305778 0.696114 -0.649558 -0.595679 -0.94568 0.30117 -0.122421 -0.249548 0.110408 0.651707 0.750392 0.40088 -0.0389124 -0.0823413 0.995844 0.383353 -0.973092 0.229629 -0.0190366 -0.458075 -0.227107 -0.969789 -0.089061 0.453102 
1532543528336 0.306309 0.695889 -0.649548 -0.595923 -0.945499 0.301603 -0.122751 -0.249523 0.110485 0.651747 0.750346 0.400799 -0.0394644 -0.0824501 0.995814 0.383522 -0.973007 0.229946 -0.0195218 -0.458019 -0.227374 -0.969704 -0.0892993 0.453118 
1532543528492 0.30684 0.695664 -0.649539 -0.596154 -0.945318 0.302037 -0.123079 -0.249498 0.110563 0.651786 0.7503 0.400722 -0.0400145 -0.0825583 0.995783 0.383687 -0.972922 0.230264 -0.0200051 -0.457967 -0.227642 -0.96962 -0.0895367 0.453134 
1532543528902 0.307117 0.695708 -0.649361 -0.596122 -0.945215 0.302337 -0.123126 -0.2496 0.110666 0.6516 0.750447 0.400802 -0.0398854 -0.0826509 0.99578 0.383708 -0.972928 0.230254 -0.0198588 -0.457965 -0.227641 -0.969614 -0.0895972 0.453112 
1532543529044 0.307495 0.695598 -0.649299 -0.5964 -0.945066 0.302776 -0.123198 -0.24959 0.110896 0.651513 0.750488 0.400681 -0.0402071 -0.0813147 0.995877 0.384023 -0.973087 0.229519 -0.0205464 -0.457881 -0.226902 -0.969901 -0.0883546 0.452918 
1532543529130 0.307873 0.695489 -0.649238 -0.596679 -0.944915 0.303215 -0.12327 -0.249581 0.111125 0.651426 0.75053 0.400559 -0.0405297 -0.0799774 0.995972 0.384338 -0.973246 0.228784 -0.0212333 -0.457797 -0.226164 -0.970186 -0.0871102 0.452724 
1532543529293 0.308252 0.695379 -0.649176 -0.596957 -0.944765 0.303654 -0.123343 -0.249571 0.111355 0.651339 0.750572 0.400438 -0.0408534 -0.0786403 0.996066 0.384652 -0.973403 0.228047 -0.0219193 -0.457714 -0.225426 -0.970469 -0.0858652 0.45253 
1532543529492 0.30863 0.695269 -0.649113 -0.597236 -0.944614 0.304093 -0.123415 -0.249562 0.111584 0.651251 0.750614 0.400317 -0.041178 -0.077303 0.996157 0.384967 -0.97356 0.22731 -0.0226044 -0.45763 -0.224689 -0.970749 -0.0846193 0.452336 
1532543529549 0.309008 0.695159 -0.649051 -0.597514 -0.944464 0.304531 -0.123487 -0.249552 0.111813 0.651164 0.750656 0.400196 -0.0415037 -0.0759662 0.996246 0.385282 -0.973716 0.226571 -0.0232885 -0.457546 -0.223952 -0.971028 -0.083373 0.452143 
1532543529812 0.309387 0.695049 -0.648989 -0.597792 -0.944313 0.304971 -0.123559 -0.249542 0.112043 0.651076 0.750697 0.400074 -0.0418304 -0.0746295 0.996334 0.385597 -0.973871 0.225831 -0.0239716 -0.457462 -0.223214 -0.971304 -0.0821262 0.451949 
1532543529819 0.309765 0.694939 -0.648927 -0.598071 -0.944161 0.305409 -0.123631 -0.249533 0.112272 0.650988 0.750739 0.399953 -0.0421576 -0.0732932 0.996419 0.385912 -0.974026 0.225091 -0.0246532 -0.457379 -0.222478 -0.971577 -0.0808788 0.451755 
1532543530075 0.310143 0.694828 -0.648865 -0.598348 -0.94401 0.305848 -0.123703 -0.249523 0.112502 0.650901 0.750781 0.399832 -0.0424854 -0.0719576 0.996502 0.386226 -0.97418 0.224349 -0.0253334 -0.457299 -0.221741 -0.971849 -0.0796311 0.451568 
1532543530155 0.31052 0.694716 -0.648804 -0.59861 -0.943858 0.306286 -0.123774 -0.24951 0.112731 0.650814 0.750822 0.399718 -0.0428129 -0.0706269 0.996584 0.38653 -0.974332 0.223607 -0.0260101 -0.457229 -0.221006 -0.972117 -0.0783873 0.451397 
1532543530614 0.310609 0.694843 -0.648625 -0.598591 -0.943819 0.306438 -0.123696 -0.249568 0.112815 0.650606 0.750989 0.399808 -0.0426614 -0.0707278 0.996583 0.386563 -0.974332 0.223628 -0.0258379 -0.457211 -0.221037 -0.972105 -0.0784527 0.451357 
1532543530627 0.310988 0.694575 -0.648731 -0.598862 -0.943685 0.306743 -0.123963 -0.24955 0.112892 0.650749 0.750854 0.399752 -0.0426438 -0.0712333 0.996548 0.386834 -0.974421 0.223251 -0.025739 -0.45722 -0.220647 -0.972155 -0.0789315 0.451418 
1532543530748 0.311366 0.694308 -0.648836 -0.599134 -0.943551 0.307046 -0.124231 -0.249531 0.112968 0.650891 0.750719 0.399695 -0.0426263 -0.0717384 0.996512 0.387105 -0.97451 0.222874 -0.0256406 -0.457223 -0.220257 -0.972204 -0.0794101 0.451468 
1532543530856 0.311744 0.69404 -0.648941 -0.599405 -0.943417 0.30735 -0.124498 -0.249513 0.113045 0.651034 0.750584 0.399639 -0.0426083 -0.0722437 0.996476 0.387376 -0.974599 0.222496 -0.025542 -0.457227 -0.219867 -0.972253 -0.0798888 0.451519 
1532543531023 0.312122 0.693772 -0.649045 -0.599677 -0.943283 0.307653 -0.124766 -0.249495 0.113122 0.651176 0.750449 0.399583 -0.04259 -0.072749 0.996441 0.387647 -0.974688 0.222118 -0.0254436 -0.457231 -0.219477 -0.972302 -0.0803675 0.451571 
1532543531114 0.312501 0.693504 -0.64915 -0.599948 -0.943149 0.307956 -0.125033 -0.249477 0.113199 0.651318 0.750314 0.399527 -0.0425722 -0.0732538 0.996404 0.387918 -0.974776 0.22174 -0.0253462 -0.457235 -0.219086 -0.97235 -0.0808461 0.451623 
1532543531275 0.312879 0.693236 -0.649254 -0.600219 -0.943014 0.30826 -0.125301 -0.249458 0.113276 0.65146 0.750179 0.39947 -0.0425537 -0.0737589 0.996368 0.388188 -0.974865 0.221363 -0.0252483 -0.45724 -0.218696 -0.972398 -0.0813248 0.451676 
1532543531282 0.313257 0.692967 -0.649359 -0.600491 -0.942879 0.308563 -0.125569 -0.24944 0.113353 0.651602 0.750044 0.399414 -0.0425349 -0.0742636 0.996331 0.388459 -0.974953 0.220985 -0.0251506 -0.457245 -0.218307 -0.972446 -0.0818031 0.451729 
1532543531344 0.313635 0.692698 -0.649463 -0.600761 -0.942744 0.308867 -0.125837 -0.249421 0.11343 0.651744 0.749909 0.399358 -0.042516 -0.0747688 0.996294 0.38873 -0.975041 0.220607 -0.0250531 -0.457249 -0.217916 -0.972493 -0.082282 0.451782 
1532543531563 0.314012 0.69243 -0.649567 -0.601018 -0.942609 0.309169 -0.126104 -0.249401 0.113508 0.651886 0.749774 0.399305 -0.0424958 -0.0752729 0.996257 0.388994 -0.975129 0.220229 -0.024955 -0.457248 -0.217526 -0.97254 -0.0827596 0.45183 
1532543531923 0.313983 0.692374 -0.64964 -0.601034 -0.942623 0.309113 -0.126141 -0.249377 0.113475 0.651972 0.749704 0.399238 -0.0424181 -0.075164 0.996269 0.388973 -0.975113 0.220305 -0.0248963 -0.457221 -0.217612 -0.972531 -0.0826383 0.451859 
1532543531936 0.31457 0.692139 -0.649607 -0.601253 -0.942444 0.309439 -0.126676 -0.249344 0.113336 0.652067 0.749642 0.399208 -0.0427849 -0.0736505 0.996366 0.389129 -0.975202 0.219829 -0.0256266 -0.457118 -0.217142 -0.972754 -0.0812295 0.451626 
1532543532145 0.315156 0.691903 -0.649574 -0.601472 -0.942265 0.309765 -0.127212 -0.249311 0.113197 0.652163 0.74958 0.399177 -0.0431522 -0.0721377 0.996461 0.389284 -0.97529 0.219351 -0.0263558 -0.457016 -0.216673 -0.972976 -0.0798206 0.451393 
1532543532235 0.315743 0.691667 -0.649541 -0.601691 -0.942085 0.310091 -0.127747 -0.249278 0.113058 0.652258 0.749518 0.399146 -0.0435203 -0.0706253 0.996553 0.38944 -0.975378 0.218871 -0.0270843 -0.456914 -0.216204 -0.973194 -0.0784117 0.451161 
1532543532390 0.31633 0.69143 -0.649507 -0.60191 -0.941905 0.310417 -0.128283 -0.249245 0.11292 0.652354 0.749455 0.399116 -0.0438892 -0.0691129 0.996643 0.389596 -0.975465 0.21839 -0.0278122 -0.456812 -0.215735 -0.973411 -0.0770022 0.450929 
1532543532612 0.316916 0.691194 -0.649474 -0.602128 -0.941724 0.310743 -0.128818 -0.249212 0.112781 0.65245 0.749393 0.399085 -0.0442578 -0.0676007 0.99673 0.389752 -0.975552 0.217909 -0.0285383 -0.45671 -0.215267 -0.973625 -0.0755922 0.450697 
1532543532618 0.317502 0.690957 -0.649439 -0.602347 -0.941544 0.311068 -0.129354 -0.249178 0.112642 0.652545 0.749331 0.399055 -0.0446283 -0.0660881 0.996815 0.389907 -0.975638 0.217426 -0.029265 -0.456608 -0.2148 -0.973837 -0.0741814 0.450467 
1532543532849 0.318088 0.69072 -0.649405 -0.602566 -0.941362 0.311393 -0.129889 -0.249145 0.112503 0.652641 0.749268 0.399025 -0.0449994 -0.0645755 0.996898 0.390063 -0.975724 0.216942 -0.0299908 -0.456508 -0.214333 -0.974046 -0.0727701 0.450237 
1532543532934 0.318674 0.690482 -0.64937 -0.602784 -0.941181 0.311719 -0.130424 -0.249112 0.112365 0.652737 0.749205 0.398994 -0.0453705 -0.0630634 0.996978 0.390219 -0.975809 0.216457 -0.0307152 -0.456409 -0.213866 -0.974253 -0.0713586 0.450009 
1532543533075 0.319258 0.690245 -0.649335 -0.602992 -0.940999 0.312043 -0.130958 -0.249079 0.112228 0.652833 0.749142 0.398966 -0.0457404 -0.0615578 0.997055 0.390368 -0.975893 0.215972 -0.0314355 -0.456324 -0.213401 -0.974457 -0.0699525 0.449802 
1532543533354 0.319287 0.690322 -0.649239 -0.602977 -0.94099 0.312078 -0.13094 -0.249074 0.112222 0.652735 0.749228 0.399006 -0.0454202 -0.0630798 0.996974 0.390196 -0.9758 0.216492 -0.0307578 -0.456393 -0.213897 -0.974244 -0.0713864 0.450039 
1532543533506 0.319744 0.690003 -0.649354 -0.603194 -0.940832 0.312397 -0.131316 -0.24908 0.112248 0.65292 0.749063 0.398984 -0.0450767 -0.0639424 0.996935 0.390433 -0.975986 0.215715 -0.0302938 -0.456441 -0.213117 -0.974361 -0.0721306 0.450126 
1532543533524 0.320201 0.689683 -0.649468 -0.603412 -0.940673 0.312716 -0.131691 -0.249086 0.112274 0.653105 0.748899 0.398962 -0.0447346 -0.0648036 0.996895 0.390669 -0.976172 0.214936 -0.0298327 -0.456485 -0.212335 -0.974476 -0.0728745 0.450205 
1532543533592 0.320658 0.689364 -0.649582 -0.603629 -0.940514 0.313035 -0.132066 -0.249091 0.1123 0.653289 0.748734 0.398941 -0.0443921 -0.0656642 0.996854 0.390906 -0.976358 0.214156 -0.0293726 -0.456529 -0.211554 -0.97459 -0.0736186 0.450285 
1532543533773 0.321114 0.689044 -0.649695 -0.603847 -0.940355 0.313354 -0.132442 -0.249097 0.112326 0.653474 0.748569 0.398919 -0.0440484 -0.0665246 0.996812 0.391142 -0.976542 0.213376 -0.0289125 -0.456574 -0.210773 -0.974703 -0.074363 0.450367 
1532543533877 0.321571 0.688723 -0.649809 -0.604064 -0.940196 0.313673 -0.132818 -0.249103 0.112353 0.653659 0.748403 0.398897 -0.0437038 -0.0673853 0.996769 0.391379 -0.976726 0.212595 -0.0284528 -0.456619 -0.209991 -0.974814 -0.0751082 0.450449 
1532543534016 0.322028 0.688403 -0.649923 -0.604281 -0.940037 0.313991 -0.133193 -0.249109 0.112379 0.653843 0.748238 0.398875 -0.0433586 -0.0682451 0.996726 0.391615 -0.976909 0.211815 -0.0279937 -0.456665 -0.209211 -0.974924 -0.0758532 0.450531 
1532543534130 0.322484 0.688082 -0.650036 -0.604499 -0.939877 0.31431 -0.133569 -0.249115 0.112406 0.654028 0.748073 0.398853 -0.0430127 -0.069105 0.996682 0.391852 -0.977091 0.211033 -0.0275353 -0.45671 -0.20843 -0.975033 -0.076599 0.450613 
1532543534282 0.322941 0.687761 -0.650149 -0.604715 -0.939717 0.314628 -0.133945 -0.24912 0.112433 0.654212 0.747907 0.398832 -0.0426662 -0.0699645 0.996637 0.392088 -0.977273 0.21025 -0.0270776 -0.456755 -0.207648 -0.975141 -0.0773449 0.450695 
1532543534388 0.323396 0.687441 -0.650262 -0.604921 -0.939557 0.314946 -0.134319 -0.249125 0.112461 0.654396 0.747742 0.398811 -0.0423191 -0.0708214 0.996591 0.392319 -0.977453 0.209468 -0.0266209 -0.456789 -0.206868 -0.975247 -0.0780891 0.450769 
1532543534765 0.323459 0.687437 -0.650234 -0.604942 -0.939533 0.315012 -0.134335 -0.249105 0.112485 0.654368 0.747763 0.398875 -0.0424367 -0.0708504 0.996584 0.392318 -0.977433 0.209548 -0.0267237 -0.456808 -0.206939 -0.975228 -0.0781441 0.450765 
1532543534781 0.323823 0.687234 -0.650268 -0.605186 -0.939387 0.315381 -0.13449 -0.249098 0.112656 0.654404 0.747706 0.398822 -0.0433365 -0.0717614 0.99648 0.392578 -0.977258 0.210281 -0.0273572 -0.456711 -0.207578 -0.975004 -0.0792422 0.450894 
1532543535023 0.324187 0.68703 -0.650301 -0.60543 -0.93924 0.31575 -0.134645 -0.24909 0.112828 0.65444 0.747649 0.398769 -0.0442367 -0.072672 0.996374 0.392837 -0.977082 0.211014 -0.0279896 -0.456614 -0.208215 -0.974778 -0.0803411 0.451022 
1532543535042 0.324551 0.686826 -0.650335 -0.605674 -0.939094 0.316119 -0.1348 -0.249083 0.112999 0.654475 0.747592 0.398716 -0.0451374 -0.073582 0.996267 0.393097 -0.976905 0.211747 -0.028621 -0.456518 -0.208851 -0.974551 -0.0814403 0.451151 
1532543535268 0.324915 0.686622 -0.650369 -0.605918 -0.938947 0.316488 -0.134955 -0.249076 0.113171 0.654511 0.747534 0.398663 -0.0460387 -0.0744911 0.996158 0.393356 -0.976727 0.212481 -0.0292517 -0.456421 -0.209485 -0.974322 -0.0825399 0.451279 
1532543535416 0.325279 0.686418 -0.650403 -0.606162 -0.938801 0.316857 -0.135109 -0.249068 0.113343 0.654547 0.747477 0.39861 -0.0469406 -0.0753995 0.996048 0.393616 -0.976548 0.213215 -0.0298815 -0.456324 -0.210119 -0.974092 -0.0836397 0.451408 
1532543535432 0.325643 0.686214 -0.650436 -0.606406 -0.938654 0.317226 -0.135264 -0.249061 0.113515 0.654582 0.74742 0.398556 -0.047843 -0.0763072 0.995936 0.393876 -0.976368 0.213949 -0.0305105 -0.456227 -0.210752 -0.97386 -0.0847399 0.451537 
1532543535505 0.326006 0.686009 -0.65047 -0.60665 -0.938507 0.317595 -0.135419 -0.249054 0.113687 0.654618 0.747362 0.398503 -0.0487459 -0.0772141 0.995822 0.394135 -0.976187 0.214684 -0.0311386 -0.45613 -0.211383 -0.973627 -0.0858404 0.451665 
1532543535725 0.326371 0.685804 -0.650503 -0.606893 -0.938359 0.317965 -0.135574 -0.249046 0.11386 0.654653 0.747305 0.398451 -0.0496492 -0.0781201 0.995707 0.394395 -0.976005 0.21542 -0.0317656 -0.456034 -0.212013 -0.973392 -0.086941 0.451794 
1532543535864 0.326734 0.685599 -0.650537 -0.607123 -0.938212 0.318333 -0.135729 -0.249037 0.114032 0.654689 0.747248 0.398401 -0.0505495 -0.0790227 0.99559 0.394646 -0.975822 0.216155 -0.032389 -0.45594 -0.212642 -0.973156 -0.0880386 0.451913 
1532543536316 0.326878 0.685605 -0.650459 -0.607097 -0.938167 0.318418 -0.135839 -0.249086 0.113986 0.654642 0.747296 0.398456 -0.050605 -0.0789776 0.995591 0.394593 -0.97581 0.2162 -0.032449 -0.455981 -0.212684 -0.97315 -0.0880079 0.451881 
1532543536323 0.327245 0.68557 -0.650311 -0.607275 -0.938088 0.318423 -0.13637 -0.249055 0.113583 0.654676 0.747328 0.398414 -0.051428 -0.0794233 0.995513 0.394742 -0.975732 0.216444 -0.0331379 -0.455888 -0.212841 -0.973059 -0.0886272 0.451956 
1532543536329 0.327611 0.685535 -0.650164 -0.607452 -0.938009 0.318429 -0.136902 -0.249023 0.11318 0.65471 0.747359 0.398373 -0.0522522 -0.0798686 0.995435 0.39489 -0.975654 0.216689 -0.0338279 -0.455795 -0.212998 -0.972968 -0.0892466 0.452031 
1532543536510 0.327978 0.6855 -0.650016 -0.60763 -0.93793 0.318434 -0.137434 -0.248992 0.112776 0.654744 0.74739 0.398331 -0.0530758 -0.0803135 0.995356 0.395038 -0.975576 0.216935 -0.034517 -0.455702 -0.213155 -0.972877 -0.0898659 0.452106 
1532543536632 0.328345 0.685465 -0.649868 -0.607808 -0.93785 0.318439 -0.137965 -0.24896 0.112373 0.654778 0.747421 0.398289 -0.0538994 -0.0807582 0.995275 0.395187 -0.975497 0.21718 -0.035206 -0.455609 -0.213311 -0.972785 -0.0904852 0.452181 
1532543536639 0.328711 0.685429 -0.649719 -0.607985 -0.937769 0.318445 -0.138497 -0.248929 0.11197 0.654813 0.747451 0.398248 -0.0547231 -0.0812026 0.995194 0.395335 -0.975417 0.217426 -0.0358948 -0.455517 -0.213466 -0.972693 -0.0911046 0.452256 
1532543536782 0.329078 0.685394 -0.649571 -0.608163 -0.937689 0.31845 -0.139029 -0.248897 0.111567 0.654847 0.747481 0.398206 -0.0555467 -0.0816468 0.995112 0.395484 -0.975336 0.217672 -0.0365834 -0.455424 -0.213621 -0.972601 -0.091724 0.452332 
1532543536908 0.329445 0.685359 -0.649422 -0.60834 -0.937608 0.318456 -0.139561 -0.248866 0.111163 0.654881 0.747512 0.398164 -0.0563705 -0.0820908 0.995029 0.395632 -0.975255 0.217918 -0.0372718 -0.455331 -0.213775 -0.972509 -0.0923436 0.452407 
1532543537053 0.329812 0.685323 -0.649273 -0.608518 -0.937527 0.318462 -0.140092 -0.248835 0.11076 0.654915 0.747541 0.398123 -0.0571941 -0.0825346 0.994946 0.395781 -0.975174 0.218164 -0.0379599 -0.455238 -0.213929 -0.972416 -0.0929632 0.452482 
1532543537059 0.330177 0.685288 -0.649125 -0.608685 -0.937446 0.318467 -0.140622 -0.248803 0.110358 0.65495 0.747571 0.398084 -0.0580146 -0.0829766 0.994861 0.395924 -0.975091 0.218411 -0.0386452 -0.45515 -0.214082 -0.972323 -0.0935808 0.452553 
1532543537576 0.330229 0.685321 -0.649064 -0.608651 -0.937421 0.318554 -0.140589 -0.248874 0.110413 0.654872 0.74763 0.398116 -0.0579309 -0.0829254 0.994871 0.395934 -0.975123 0.218281 -0.0385867 -0.455152 -0.213962 -0.972356 -0.0935077 0.452607 
1532543537590 0.330405 0.685365 -0.648928 -0.608803 -0.937372 0.318628 -0.140749 -0.248872 0.110302 0.654791 0.747718 0.398075 -0.0583183 -0.0837123 0.994782 0.396164 -0.974556 0.220804 -0.0385515 -0.455169 -0.216425 -0.971719 -0.0944593 0.452725 
