1535381208010 0.214389 0.919285 -0.330079 -0.472515 -0.943664 0.282151 0.172885 -0.171208 0.252063 0.274419 0.927986 0.474078 0.296187 -0.307317 0.904339 0.408551 -0.948702 -0.204324 0.241282 -0.490714 0.110629 -0.929413 -0.35207 0.470047 
1535381208044 0.21839 0.920088 -0.325183 -0.488992 -0.943271 0.28443 0.171288 -0.178133 0.250091 0.269328 0.930009 0.463942 0.280016 -0.291542 0.914655 0.405863 -0.956144 -0.16996 0.238543 -0.489974 0.085909 -0.941338 -0.326348 0.466935 
1535381208954 0.222376 0.920857 -0.320268 -0.505473 -0.942866 0.286713 0.169704 -0.185062 0.248098 0.264232 0.932003 0.453804 0.264237 -0.275031 0.924412 0.403172 -0.962549 -0.135477 0.234831 -0.489228 0.060651 -0.951842 -0.300529 0.463822 
1535381209904 0.226349 0.92159 -0.315338 -0.521952 -0.942449 0.289001 0.168131 -0.19199 0.246081 0.259134 0.933967 0.443667 0.248876 -0.25781 0.933592 0.400482 -0.967907 -0.100934 0.230151 -0.488483 0.0348959 -0.960909 -0.274656 0.46071 
1535381210823 0.23031 0.922287 -0.310393 -0.538431 -0.942019 0.291296 0.166571 -0.198917 0.244042 0.254034 0.935901 0.43353 0.233959 -0.239908 0.942182 0.397792 -0.972208 -0.0663863 0.224511 -0.487739 0.0086859 -0.968523 -0.248772 0.457597 
1535381211796 0.234258 0.922949 -0.305433 -0.55491 -0.941578 0.293597 0.165022 -0.205846 0.241981 0.248931 0.937805 0.423393 0.21951 -0.221354 0.950167 0.395101 -0.975445 -0.0318908 0.217921 -0.486994 -0.017936 -0.974672 -0.222919 0.454484 
1535381212775 0.238192 0.923575 -0.300457 -0.571392 -0.941124 0.295903 0.163485 -0.212775 0.239897 0.243826 0.93968 0.413255 0.205553 -0.202178 0.957534 0.392411 -0.977614 0.00249584 0.210391 -0.486247 -0.0449263 -0.979346 -0.197139 0.451371 
1535381213800 0.242113 0.924165 -0.295466 -0.587871 -0.940658 0.298215 0.161961 -0.219702 0.237791 0.23872 0.941524 0.403118 0.19211 -0.182412 0.964272 0.38972 -0.978711 0.0367176 0.201933 -0.485502 -0.0722407 -0.982536 -0.171475 0.448258 
1535381214860 0.246021 0.92472 -0.290461 -0.604351 -0.940179 0.300532 0.160448 -0.226631 0.235662 0.233612 0.943339 0.39298 0.179205 -0.162088 0.970368 0.38703 -0.978733 0.070718 0.192562 -0.484756 -0.0998345 -0.984239 -0.145968 0.445145 
1535381215919 0.249915 0.925238 -0.285441 -0.620831 -0.939689 0.302854 0.158948 -0.233559 0.233512 0.228503 0.945124 0.382843 0.166857 -0.141239 0.975813 0.384339 -0.977681 0.104442 0.182294 -0.484011 -0.127663 -0.984451 -0.12066 0.442033 
1535381217018 0.250763 0.924895 -0.285808 -0.620615 -0.939433 0.303757 0.158738 -0.233773 0.233632 0.228692 0.945048 0.383219 0.167504 -0.14238 0.975536 0.384642 -0.977787 0.102469 0.182846 -0.483995 -0.125996 -0.984494 -0.122054 0.442057 
1535381217031 0.251067 0.924979 -0.28527 -0.622281 -0.939408 0.3039 0.15861 -0.234443 0.233405 0.228163 0.945232 0.382168 0.170619 -0.141363 0.975144 0.384573 -0.978283 0.0939025 0.184781 -0.484364 -0.11769 -0.985494 -0.122272 0.442219 
1535381217367 0.251371 0.925063 -0.28473 -0.62395 -0.939384 0.304042 0.158482 -0.235114 0.233176 0.227633 0.945416 0.381117 0.173725 -0.140319 0.974746 0.384504 -0.978702 0.0853309 0.186714 -0.484734 -0.109376 -0.986422 -0.122507 0.442381 
1535381217715 0.251674 0.925147 -0.28419 -0.62562 -0.939359 0.304184 0.158354 -0.235785 0.232947 0.227103 0.9456 0.380066 0.176821 -0.139248 0.974343 0.384436 -0.979042 0.0767552 0.188643 -0.485104 -0.101054 -0.987278 -0.122758 0.442542 
1535381218066 0.251977 0.92523 -0.28365 -0.62729 -0.939335 0.304326 0.158226 -0.236457 0.232718 0.226573 0.945784 0.379014 0.179906 -0.13815 0.973934 0.384367 -0.979304 0.0681759 0.190569 -0.485473 -0.0927259 -0.988062 -0.123025 0.442704 
1535381218432 0.25228 0.925313 -0.28311 -0.62896 -0.93931 0.304469 0.158098 -0.237129 0.232488 0.226043 0.945967 0.377963 0.182981 -0.137025 0.97352 0.384298 -0.979488 0.0595938 0.192491 -0.485843 -0.0843918 -0.988773 -0.12331 0.442866 
1535381218804 0.252583 0.925395 -0.28257 -0.63063 -0.939286 0.304611 0.15797 -0.2378 0.232259 0.225513 0.94615 0.376911 0.186046 -0.135873 0.973101 0.38423 -0.979593 0.0510096 0.19441 -0.486213 -0.0760525 -0.989412 -0.12361 0.443028 
1535381219199 0.252886 0.925477 -0.282029 -0.632299 -0.939261 0.304753 0.157842 -0.238472 0.232029 0.224983 0.946332 0.37586 0.189099 -0.134694 0.972676 0.384161 -0.979621 0.0424239 0.196324 -0.486583 -0.0677085 -0.989979 -0.123927 0.44319 
1535381219553 0.253189 0.925559 -0.281489 -0.63397 -0.939236 0.304896 0.157715 -0.239143 0.231799 0.224453 0.946515 0.374809 0.192142 -0.133489 0.972246 0.384092 -0.97957 0.0338374 0.198235 -0.486952 -0.0593605 -0.990472 -0.12426 0.443351 
1535381219942 0.253491 0.925641 -0.280948 -0.635641 -0.939211 0.305038 0.157587 -0.239815 0.231569 0.223923 0.946697 0.373757 0.195173 -0.132257 0.97181 0.384024 -0.979441 0.0252508 0.200142 -0.487322 -0.0510093 -0.990894 -0.12461 0.443513 
1535381220361 0.254005 0.925404 -0.281264 -0.63542 -0.939038 0.305617 0.157497 -0.239934 0.231707 0.224113 0.946618 0.373963 0.194704 -0.132475 0.971875 0.38401 -0.979465 0.0266141 0.199852 -0.487234 -0.0523409 -0.990829 -0.124572 0.443476 
1535381220377 0.253391 0.925227 -0.282399 -0.635574 -0.939016 0.305404 0.158039 -0.240116 0.232468 0.225132 0.946189 0.373984 0.195385 -0.132086 0.971791 0.383923 -0.979436 0.0245396 0.200257 -0.487409 -0.0502986 -0.990934 -0.124575 0.443577 
1535381220528 0.252775 0.925048 -0.283532 -0.635732 -0.938994 0.305192 0.158581 -0.240299 0.233227 0.22615 0.94576 0.374005 0.196053 -0.131718 0.971707 0.383838 -0.979402 0.0225225 0.200659 -0.487582 -0.0483156 -0.991031 -0.124589 0.443675 
1535381220720 0.252159 0.924868 -0.284665 -0.63589 -0.938971 0.304981 0.159122 -0.240482 0.233985 0.227168 0.945328 0.374026 0.19672 -0.131348 0.971622 0.383753 -0.979364 0.0205054 0.20106 -0.487754 -0.0463324 -0.991124 -0.124604 0.443774 
1535381220920 0.251542 0.924687 -0.285797 -0.636048 -0.938948 0.30477 0.159664 -0.240665 0.234742 0.228187 0.944895 0.374046 0.197387 -0.130977 0.971537 0.383668 -0.979322 0.0184884 0.201461 -0.487927 -0.044349 -0.991213 -0.124619 0.443872 
1535381221100 0.250924 0.924505 -0.286929 -0.636206 -0.938924 0.304559 0.160206 -0.240848 0.235498 0.229205 0.944461 0.374067 0.198052 -0.130605 0.971451 0.383583 -0.979276 0.0164716 0.201862 -0.488098 -0.0423654 -0.991298 -0.124636 0.44397 
1535381221276 0.250305 0.924321 -0.288059 -0.636364 -0.938899 0.304349 0.160748 -0.241032 0.236254 0.230223 0.944024 0.374088 0.198717 -0.130231 0.971366 0.383498 -0.979225 0.0144547 0.202263 -0.488271 -0.0403817 -0.991378 -0.124653 0.444069 
1535381221467 0.249685 0.924136 -0.289189 -0.636522 -0.938874 0.30414 0.161291 -0.241214 0.237009 0.231241 0.943586 0.374108 0.199381 -0.129856 0.97128 0.383413 -0.979169 0.012438 0.202663 -0.488443 -0.0383978 -0.991455 -0.124671 0.444167 
1535381221646 0.249064 0.923949 -0.290318 -0.636681 -0.938848 0.303931 0.161833 -0.241398 0.237763 0.232258 0.943146 0.374129 0.200045 -0.129479 0.971194 0.383328 -0.97911 0.0104214 0.203064 -0.488616 -0.0364138 -0.991527 -0.12469 0.444266 
1535381221828 0.248443 0.923761 -0.291447 -0.636838 -0.938822 0.303723 0.162376 -0.241581 0.238516 0.233276 0.942705 0.374149 0.200707 -0.129101 0.971107 0.383243 -0.979046 0.00840491 0.203465 -0.488788 -0.0344296 -0.991596 -0.124709 0.444364 
1535381222018 0.249093 0.923948 -0.290297 -0.636696 -0.938836 0.303959 0.161852 -0.241371 0.237781 0.232225 0.94315 0.374119 0.200391 -0.129444 0.971127 0.383325 -0.97907 0.00953615 0.203301 -0.488659 -0.0355768 -0.991541 -0.124823 0.444265 
1535381222030 0.248575 0.924125 -0.290178 -0.636757 -0.939019 0.303399 0.161838 -0.241476 0.237599 0.232254 0.943189 0.374149 0.200449 -0.128897 0.971188 0.38322 -0.979086 0.00885561 0.203255 -0.488704 -0.0347993 -0.991618 -0.124426 0.44425 
1535381222192 0.248056 0.924302 -0.290059 -0.636822 -0.939203 0.302838 0.161826 -0.241583 0.237417 0.232282 0.943228 0.374179 0.200508 -0.128349 0.971248 0.383116 -0.979101 0.00817518 0.20321 -0.48875 -0.0340219 -0.991695 -0.124027 0.444235 
1535381222208 0.247537 0.924478 -0.28994 -0.636886 -0.939385 0.302277 0.161813 -0.241689 0.237234 0.23231 0.943266 0.374209 0.200566 -0.127801 0.971308 0.383011 -0.979116 0.00749502 0.203164 -0.488795 -0.0332447 -0.991771 -0.123629 0.44422 
1535381222377 0.247018 0.924655 -0.28982 -0.636952 -0.939568 0.301716 0.1618 -0.241796 0.237052 0.232338 0.943305 0.374238 0.200624 -0.127254 0.971368 0.382907 -0.97913 0.00681468 0.20312 -0.48884 -0.0324673 -0.991847 -0.123231 0.444205 
1535381222446 0.246499 0.924831 -0.289701 -0.637018 -0.93975 0.301155 0.161787 -0.241904 0.23687 0.232366 0.943344 0.374267 0.200681 -0.126706 0.971428 0.382802 -0.979144 0.00613442 0.203075 -0.488886 -0.03169 -0.991921 -0.122832 0.444189 
1535381222453 0.24598 0.925006 -0.289581 -0.637083 -0.939932 0.300593 0.161774 -0.242011 0.236688 0.232394 0.943383 0.374297 0.200738 -0.126158 0.971488 0.382697 -0.979157 0.00545402 0.203031 -0.488931 -0.0309126 -0.991995 -0.122434 0.444174 
1535381222621 0.24546 0.925182 -0.289462 -0.637148 -0.940114 0.300032 0.16176 -0.242118 0.236506 0.232421 0.943422 0.374326 0.200795 -0.12561 0.971547 0.382593 -0.97917 0.0047737 0.202987 -0.488977 -0.0301352 -0.992068 -0.122035 0.444159 
1535381222695 0.244941 0.925357 -0.289342 -0.637214 -0.940295 0.29947 0.161747 -0.242225 0.236323 0.232449 0.943461 0.374356 0.200851 -0.125062 0.971606 0.382488 -0.979182 0.00409332 0.202944 -0.489022 -0.0293577 -0.99214 -0.121637 0.444144 
1535381222829 0.244421 0.925531 -0.289223 -0.637279 -0.940476 0.298909 0.161734 -0.242332 0.236141 0.232476 0.9435 0.374385 0.200906 -0.124514 0.971665 0.382384 -0.979193 0.00341292 0.2029 -0.489068 -0.0285802 -0.992212 -0.121238 0.444129 
1535381222934 0.245168 0.925309 -0.289303 -0.637192 -0.940247 0.29967 0.161657 -0.242318 0.236278 0.232383 0.943489 0.374402 0.200816 -0.125127 0.971605 0.382563 -0.979186 0.00419152 0.202922 -0.489008 -0.0294636 -0.992132 -0.121681 0.444169 
1535381222955 0.244871 0.925597 -0.288631 -0.637221 -0.940483 0.299113 0.161317 -0.242391 0.235648 0.23195 0.943753 0.374365 0.200175 -0.124943 0.971761 0.382474 -0.979265 0.00601226 0.202494 -0.489013 -0.0311426 -0.992146 -0.121148 0.444091 
1535381223130 0.244573 0.925886 -0.287957 -0.637257 -0.940718 0.298556 0.160977 -0.242468 0.235018 0.231516 0.944016 0.374326 0.199534 -0.124758 0.971916 0.382383 -0.979341 0.00783286 0.202064 -0.489014 -0.032822 -0.992156 -0.120617 0.444013 
1535381223263 0.244274 0.926174 -0.287284 -0.637291 -0.940953 0.297999 0.160637 -0.242543 0.234388 0.231081 0.944279 0.374288 0.198894 -0.124572 0.972072 0.382293 -0.979414 0.00965331 0.201633 -0.489017 -0.0345015 -0.992164 -0.120087 0.443935 
1535381223371 0.243975 0.926461 -0.286611 -0.637326 -0.941187 0.297443 0.160296 -0.242619 0.233758 0.230646 0.944542 0.37425 0.198254 -0.124384 0.972226 0.382203 -0.979483 0.0114737 0.201201 -0.489019 -0.0361813 -0.992168 -0.119558 0.443858 
1535381223505 0.243676 0.926748 -0.285937 -0.637361 -0.941421 0.296886 0.159955 -0.242695 0.233129 0.23021 0.944804 0.374212 0.197614 -0.124196 0.972381 0.382113 -0.979548 0.0132938 0.200769 -0.489021 -0.0378613 -0.992169 -0.119029 0.44378 
1535381223619 0.243375 0.927034 -0.285264 -0.637395 -0.941654 0.296329 0.159613 -0.242771 0.232499 0.229774 0.945065 0.374174 0.196974 -0.124006 0.972535 0.382023 -0.979611 0.015114 0.200334 -0.489024 -0.0395416 -0.992166 -0.118501 0.443702 
1535381223741 0.243075 0.92732 -0.28459 -0.63743 -0.941887 0.295772 0.159271 -0.242847 0.231869 0.229337 0.945326 0.374135 0.196335 -0.123816 0.972688 0.381933 -0.97967 0.0169339 0.1999 -0.489026 -0.0412221 -0.992161 -0.117974 0.443624 
1535381223868 0.242773 0.927606 -0.283917 -0.637464 -0.94212 0.295216 0.158928 -0.242923 0.23124 0.2289 0.945586 0.374097 0.195695 -0.123624 0.972842 0.381843 -0.979726 0.0187538 0.199463 -0.489029 -0.0429028 -0.992152 -0.117447 0.443546 
1535381223989 0.242472 0.92789 -0.283243 -0.6375 -0.942352 0.29466 0.158585 -0.242999 0.23061 0.228462 0.945846 0.374059 0.195057 -0.12343 0.972994 0.381753 -0.979778 0.0205734 0.199026 -0.489031 -0.0445837 -0.99214 -0.116921 0.443468 
1535381224146 0.242925 0.927499 -0.284136 -0.637439 -0.942049 0.29543 0.158952 -0.24293 0.23137 0.229056 0.945516 0.374064 0.195669 -0.123534 0.972858 0.381848 -0.979731 0.018785 0.199436 -0.489006 -0.0429123 -0.992163 -0.117354 0.443602 
1535381224160 0.243236 0.927522 -0.283794 -0.637397 -0.941974 0.295663 0.15896 -0.242934 0.231347 0.228662 0.945618 0.374021 0.195107 -0.123064 0.973031 0.38182 -0.979882 0.0180394 0.198762 -0.48898 -0.0420134 -0.992235 -0.117069 0.44353 
1535381224312 0.243556 0.927537 -0.283471 -0.637356 -0.941893 0.295912 0.158976 -0.242939 0.231339 0.22828 0.945712 0.373978 0.194543 -0.122595 0.973203 0.381789 -0.980032 0.0172946 0.198087 -0.488949 -0.0411156 -0.992306 -0.116782 0.443457 
1535381224434 0.243877 0.927551 -0.283149 -0.637315 -0.941812 0.296161 0.158992 -0.242943 0.231331 0.227898 0.945806 0.373935 0.193979 -0.122125 0.973374 0.381759 -0.980181 0.0165495 0.197412 -0.488918 -0.0402179 -0.992377 -0.116495 0.443384 
1535381224560 0.244197 0.927565 -0.282826 -0.637273 -0.941731 0.29641 0.159009 -0.242948 0.231323 0.227517 0.945899 0.373892 0.193414 -0.121657 0.973545 0.381729 -0.980329 0.0158041 0.196737 -0.488887 -0.0393203 -0.992446 -0.116207 0.443311 
1535381224678 0.244517 0.927579 -0.282504 -0.637232 -0.94165 0.296659 0.159025 -0.242952 0.231315 0.227135 0.945993 0.37385 0.19285 -0.121188 0.973716 0.3817 -0.980476 0.0150582 0.196063 -0.488857 -0.0384229 -0.992515 -0.115918 0.443239 
1535381224805 0.244838 0.927593 -0.28218 -0.637191 -0.941569 0.296908 0.159041 -0.242957 0.231307 0.226753 0.946087 0.373807 0.192284 -0.12072 0.973886 0.381669 -0.980622 0.0143121 0.195388 -0.488825 -0.0375256 -0.992583 -0.115629 0.443166 
1535381224908 0.245158 0.927607 -0.281857 -0.637149 -0.941487 0.297157 0.159058 -0.242961 0.231299 0.226371 0.94618 0.373764 0.191718 -0.120253 0.974055 0.38164 -0.980766 0.0135656 0.194714 -0.488795 -0.0366285 -0.992651 -0.115339 0.443093 
1535381225031 0.245478 0.92762 -0.281535 -0.637108 -0.941406 0.297406 0.159074 -0.242966 0.23129 0.225989 0.946274 0.373721 0.191151 -0.119786 0.974224 0.38161 -0.98091 0.0128188 0.194039 -0.488765 -0.0357315 -0.992717 -0.115049 0.44302 
1535381225120 0.245798 0.927633 -0.281212 -0.637066 -0.941325 0.297655 0.159091 -0.24297 0.231282 0.225607 0.946367 0.373678 0.190584 -0.119319 0.974392 0.381579 -0.981053 0.0120717 0.193365 -0.488733 -0.0348347 -0.992783 -0.114758 0.442947 
1535381225270 0.245231 0.927603 -0.281806 -0.637121 -0.941473 0.297213 0.159038 -0.243023 0.23128 0.226311 0.946199 0.373821 0.191045 -0.119828 0.97424 0.381593 -0.98093 0.0128353 0.193936 -0.488796 -0.0357437 -0.992712 -0.115091 0.443019 
1535381225285 0.245799 0.927512 -0.281609 -0.636923 -0.941294 0.297753 0.159087 -0.242922 0.231405 0.225973 0.946249 0.373854 0.191047 -0.120386 0.974171 0.381636 -0.980935 0.0125902 0.193929 -0.488901 -0.0356113 -0.992647 -0.115685 0.443049 
1535381225314 0.246368 0.927421 -0.281413 -0.63672 -0.941115 0.298293 0.159135 -0.242818 0.231529 0.225636 0.9463 0.373887 0.191049 -0.120943 0.974101 0.38168 -0.980939 0.0123453 0.193922 -0.489006 -0.0354791 -0.992583 -0.116279 0.44308 
1535381225485 0.246937 0.927329 -0.281217 -0.636516 -0.940935 0.298833 0.159183 -0.242714 0.231652 0.225299 0.94635 0.373921 0.19105 -0.1215 0.974032 0.381724 -0.980944 0.0121004 0.193916 -0.489112 -0.0353469 -0.992518 -0.116873 0.44311 
1535381225625 0.247505 0.927237 -0.281021 -0.636313 -0.940756 0.299373 0.159232 -0.24261 0.231776 0.224962 0.9464 0.373955 0.191052 -0.122057 0.973962 0.381768 -0.980948 0.0118556 0.193908 -0.489217 -0.0352147 -0.992452 -0.117466 0.44314 
1535381225745 0.248074 0.927144 -0.280825 -0.63611 -0.940576 0.299912 0.15928 -0.242507 0.231899 0.224624 0.94645 0.373988 0.191055 -0.122613 0.973891 0.381811 -0.980952 0.0116107 0.193902 -0.489323 -0.0350825 -0.992387 -0.11806 0.44317 
1535381225872 0.248642 0.927051 -0.28063 -0.635907 -0.940395 0.300452 0.159329 -0.242402 0.232022 0.224287 0.946499 0.374022 0.191057 -0.12317 0.973821 0.381855 -0.980957 0.0113658 0.193894 -0.489428 -0.0349503 -0.99232 -0.118653 0.443201 
1535381225979 0.24921 0.926958 -0.280434 -0.635704 -0.940214 0.300991 0.159378 -0.242299 0.232145 0.223949 0.946549 0.374056 0.191059 -0.123727 0.973749 0.381899 -0.980961 0.0111209 0.193887 -0.489533 -0.034818 -0.992254 -0.119246 0.443231 
1535381226106 0.249779 0.926864 -0.280238 -0.6355 -0.940033 0.301531 0.159427 -0.242195 0.232267 0.223612 0.946599 0.37409 0.191062 -0.124284 0.973678 0.381942 -0.980965 0.0108761 0.19388 -0.489639 -0.0346859 -0.992187 -0.11984 0.443261 
1535381226233 0.250347 0.92677 -0.280042 -0.635297 -0.939852 0.30207 0.159476 -0.242091 0.23239 0.223274 0.946649 0.374123 0.191064 -0.12484 0.973606 0.381986 -0.980969 0.0106312 0.193872 -0.489744 -0.0345537 -0.99212 -0.120433 0.443292 
1535381226382 0.249792 0.926827 -0.28035 -0.63551 -0.940044 0.301549 0.159329 -0.2422 0.232209 0.223742 0.946582 0.374061 0.190976 -0.123969 0.973735 0.381905 -0.980975 0.0111329 0.193813 -0.489599 -0.0348672 -0.992224 -0.119484 0.4432 
1535381226413 0.25008 0.926738 -0.280386 -0.635141 -0.939964 0.301834 0.159263 -0.242059 0.232225 0.223725 0.946583 0.374182 0.190974 -0.124596 0.973655 0.381948 -0.980919 0.0125975 0.19401 -0.489723 -0.0364386 -0.992128 -0.119813 0.44319 
1535381226443 0.250369 0.926649 -0.280423 -0.634768 -0.939883 0.302121 0.159197 -0.241915 0.232241 0.223707 0.946583 0.374304 0.190973 -0.125233 0.973574 0.381993 -0.980859 0.014059 0.19421 -0.489849 -0.038009 -0.992028 -0.120151 0.443179 
1535381226660 0.250658 0.92656 -0.28046 -0.634393 -0.939802 0.302407 0.15913 -0.241771 0.232257 0.22369 0.946583 0.374427 0.190971 -0.12587 0.973492 0.382037 -0.980797 0.0155204 0.194411 -0.489975 -0.0395794 -0.991925 -0.120489 0.443169 
1535381226843 0.250946 0.92647 -0.280497 -0.634021 -0.939721 0.302693 0.159064 -0.241628 0.232273 0.223672 0.946583 0.374549 0.190968 -0.126506 0.97341 0.382081 -0.980733 0.0169816 0.194612 -0.490101 -0.0411496 -0.99182 -0.120826 0.443159 
1535381227037 0.251235 0.926381 -0.280534 -0.633647 -0.93964 0.30298 0.158998 -0.241484 0.232289 0.223655 0.946584 0.374671 0.190964 -0.127143 0.973328 0.382126 -0.980667 0.0184425 0.194813 -0.490226 -0.0427198 -0.991713 -0.121163 0.443148 
1535381227233 0.251524 0.926291 -0.280571 -0.633273 -0.939559 0.303266 0.158932 -0.24134 0.232304 0.223638 0.946584 0.374793 0.19096 -0.12778 0.973245 0.38217 -0.980598 0.0199032 0.195016 -0.490352 -0.0442898 -0.991603 -0.1215 0.443138 
1535381227430 0.251812 0.926202 -0.280607 -0.6329 -0.939477 0.303552 0.158865 -0.241196 0.23232 0.22362 0.946584 0.374915 0.190953 -0.128417 0.973163 0.382215 -0.980527 0.0213639 0.195218 -0.490478 -0.0458598 -0.99149 -0.121837 0.443128 
1535381227628 0.252101 0.926112 -0.280644 -0.632525 -0.939396 0.303839 0.158799 -0.241052 0.232336 0.223603 0.946584 0.375038 0.190946 -0.129053 0.97308 0.382259 -0.980454 0.0228244 0.19542 -0.490603 -0.0474296 -0.991375 -0.122173 0.443118 
1535381227827 0.252389 0.926023 -0.280681 -0.632152 -0.939315 0.304125 0.158733 -0.240909 0.232352 0.223585 0.946584 0.37516 0.190939 -0.12969 0.972997 0.382304 -0.980378 0.0242846 0.195625 -0.490729 -0.0489993 -0.991257 -0.122508 0.443107 
1535381228035 0.252414 0.926 -0.280732 -0.632318 -0.939283 0.304181 0.158812 -0.241098 0.232453 0.223601 0.946556 0.375096 0.190869 -0.129261 0.973068 0.382229 -0.980454 0.0231062 0.195387 -0.490665 -0.0477398 -0.991341 -0.122324 0.443093 
1535381228046 0.252334 0.925946 -0.280985 -0.631855 -0.939174 0.304273 0.159278 -0.240922 0.232979 0.223702 0.946403 0.375252 0.191714 -0.12883 0.972959 0.382306 -0.980391 0.0209119 0.195948 -0.490819 -0.0455904 -0.991446 -0.122294 0.443026 
1535381228252 0.252255 0.92589 -0.281239 -0.631385 -0.939065 0.304367 0.159744 -0.240742 0.233505 0.223805 0.946249 0.375409 0.192558 -0.128397 0.972849 0.382383 -0.980324 0.0187175 0.196508 -0.490974 -0.0434404 -0.991546 -0.122266 0.44296 
1535381228453 0.252176 0.925835 -0.281492 -0.630917 -0.938955 0.30446 0.16021 -0.240563 0.234032 0.223907 0.946094 0.375566 0.193401 -0.127963 0.972739 0.38246 -0.980251 0.0165232 0.197068 -0.491129 -0.0412901 -0.991641 -0.12224 0.442893 
1535381228659 0.252096 0.925779 -0.281746 -0.630448 -0.938845 0.304553 0.160676 -0.240384 0.234558 0.22401 0.94594 0.375722 0.194243 -0.127526 0.972629 0.382537 -0.980172 0.0143291 0.197628 -0.491284 -0.0391397 -0.991732 -0.122214 0.442827 
1535381228876 0.252016 0.925724 -0.281999 -0.629981 -0.938735 0.304647 0.161142 -0.240206 0.235083 0.224112 0.945785 0.375879 0.195084 -0.127088 0.972518 0.382614 -0.980089 0.0121351 0.198189 -0.491439 -0.036989 -0.991817 -0.12219 0.44276 
1535381229107 0.251937 0.925668 -0.282253 -0.629512 -0.938625 0.30474 0.161608 -0.240026 0.235609 0.224215 0.94563 0.376036 0.195924 -0.126648 0.972406 0.382691 -0.98 0.00994137 0.198748 -0.491594 -0.0348381 -0.991898 -0.122167 0.442694 
1535381229345 0.251857 0.925612 -0.282507 -0.629044 -0.938514 0.304834 0.162074 -0.239848 0.236135 0.224317 0.945475 0.376193 0.196763 -0.126206 0.972294 0.382768 -0.979906 0.00774777 0.199309 -0.491749 -0.032687 -0.991974 -0.122145 0.442627 
1535381229555 0.251777 0.925557 -0.28276 -0.628574 -0.938403 0.304928 0.162539 -0.239668 0.236661 0.224419 0.945319 0.37635 0.1976 -0.125762 0.972182 0.382845 -0.979807 0.00555446 0.199868 -0.491904 -0.0305358 -0.992045 -0.122125 0.442561 
1535381229768 0.251697 0.925501 -0.283014 -0.628106 -0.938292 0.305021 0.163005 -0.239489 0.237186 0.224522 0.945163 0.376506 0.198437 -0.125316 0.972069 0.382922 -0.979703 0.00336137 0.200428 -0.492058 -0.0283844 -0.992111 -0.122106 0.442494 
1535381229998 0.251735 0.925521 -0.282914 -0.628321 -0.938373 0.304953 0.162663 -0.239577 0.236824 0.224531 0.945251 0.376447 0.197942 -0.125594 0.972134 0.38288 -0.979775 0.00431919 0.200056 -0.49201 -0.0293247 -0.992072 -0.122199 0.442576 
1535381230018 0.251625 0.925499 -0.283085 -0.627894 -0.938293 0.304982 0.16307 -0.2394 0.237257 0.224584 0.94513 0.37658 0.19838 -0.125167 0.9721 0.382941 -0.979717 0.00328969 0.200358 -0.492115 -0.0282762 -0.99213 -0.121976 0.44248 
1535381230162 0.251516 0.925476 -0.283256 -0.627463 -0.938212 0.305013 0.163477 -0.239221 0.237691 0.224638 0.945008 0.376715 0.198818 -0.12474 0.972066 0.383002 -0.979658 0.00226021 0.200661 -0.492221 -0.0272275 -0.992187 -0.121753 0.442384 
1535381230344 0.251408 0.925453 -0.283428 -0.627032 -0.938132 0.305043 0.163884 -0.239042 0.238125 0.224691 0.944887 0.376849 0.199256 -0.124312 0.972031 0.383064 -0.979598 0.00123081 0.200964 -0.492327 -0.0261787 -0.992242 -0.121531 0.442287 
1535381230548 0.251299 0.92543 -0.283599 -0.6266 -0.938051 0.305073 0.164291 -0.238863 0.238558 0.224744 0.944765 0.376983 0.199693 -0.123884 0.971996 0.383125 -0.979536 0.00020153 0.201268 -0.492432 -0.0251298 -0.992297 -0.121309 0.442191 
1535381230754 0.25119 0.925407 -0.28377 -0.626168 -0.937969 0.305103 0.164698 -0.238684 0.238992 0.224797 0.944642 0.377118 0.20013 -0.123455 0.97196 0.383186 -0.979473 -0.000827623 0.201572 -0.492538 -0.0240807 -0.99235 -0.121087 0.442095 
1535381230946 0.251081 0.925384 -0.283941 -0.625738 -0.937888 0.305134 0.165104 -0.238505 0.239425 0.224851 0.94452 0.377252 0.200566 -0.123026 0.971925 0.383248 -0.979409 -0.0018566 0.201876 -0.492644 -0.0230315 -0.992402 -0.120866 0.441999 
1535381231161 0.250972 0.925361 -0.284113 -0.625305 -0.937806 0.305164 0.165511 -0.238326 0.239858 0.224904 0.944397 0.377386 0.201002 -0.122597 0.971889 0.383309 -0.979344 -0.00288543 0.202179 -0.49275 -0.0219822 -0.992452 -0.120644 0.441903 
1535381231367 0.250863 0.925338 -0.284283 -0.624875 -0.937725 0.305194 0.165918 -0.238147 0.240292 0.224957 0.944274 0.37752 0.201437 -0.122167 0.971853 0.38337 -0.979278 -0.0039142 0.202484 -0.492855 -0.0209328 -0.992502 -0.120424 0.441806 
1535381231574 0.250754 0.925315 -0.284454 -0.624444 -0.937643 0.305225 0.166324 -0.237969 0.240725 0.22501 0.944151 0.377655 0.201872 -0.121736 0.971817 0.383431 -0.97921 -0.00494277 0.202789 -0.492961 -0.0198833 -0.99255 -0.120203 0.44171 
1535381231771 0.250673 0.925329 -0.28448 -0.624695 -0.937734 0.305087 0.166062 -0.238006 0.240453 0.225139 0.94419 0.377547 0.201474 -0.122042 0.971861 0.383366 -0.979276 -0.00414479 0.20249 -0.492892 -0.0206842 -0.992516 -0.120348 0.441808 
1535381231784 0.250794 0.92523 -0.284696 -0.624387 -0.937699 0.305243 0.165971 -0.237864 0.240463 0.225335 0.944141 0.377649 0.202482 -0.122325 0.971616 0.38343 -0.979094 -0.0056278 0.203332 -0.493072 -0.0194044 -0.992474 -0.120907 0.44185 
1535381232009 0.250914 0.92513 -0.284914 -0.624074 -0.937665 0.3054 0.165879 -0.23772 0.240472 0.225532 0.944091 0.377752 0.203491 -0.122606 0.97137 0.383495 -0.978909 -0.00711071 0.204173 -0.493254 -0.0181257 -0.99243 -0.121467 0.441893 
1535381232205 0.251034 0.925031 -0.285131 -0.623762 -0.93763 0.305556 0.165787 -0.237575 0.240482 0.225729 0.944042 0.377855 0.204501 -0.122885 0.971122 0.38356 -0.978721 -0.00859381 0.205014 -0.493435 -0.0168475 -0.992384 -0.122027 0.441936 
1535381232400 0.251155 0.924931 -0.285349 -0.623449 -0.937596 0.305712 0.165695 -0.237431 0.240491 0.225927 0.943992 0.377958 0.205511 -0.123163 0.970874 0.383626 -0.978531 -0.0100772 0.205853 -0.493617 -0.0155698 -0.992335 -0.122589 0.441979 
1535381232597 0.251275 0.924831 -0.285566 -0.623136 -0.937561 0.305868 0.165603 -0.237286 0.240501 0.226124 0.943943 0.378062 0.206521 -0.123439 0.970624 0.383691 -0.978338 -0.0115608 0.206692 -0.4938 -0.0142927 -0.992285 -0.123152 0.442021 
1535381232789 0.251395 0.924732 -0.285783 -0.622824 -0.937526 0.306024 0.165511 -0.237142 0.24051 0.226321 0.943893 0.378164 0.207531 -0.123713 0.970374 0.383756 -0.978142 -0.0130445 0.207529 -0.493981 -0.0130161 -0.992232 -0.123716 0.442064 
1535381232989 0.251515 0.924632 -0.286001 -0.62251 -0.937492 0.30618 0.165419 -0.236997 0.24052 0.226518 0.943843 0.378268 0.208542 -0.123987 0.970122 0.383821 -0.977943 -0.0145286 0.208367 -0.494163 -0.0117402 -0.992178 -0.124282 0.442107 
1535381233214 0.251635 0.924532 -0.286218 -0.622198 -0.937457 0.306336 0.165327 -0.236853 0.240529 0.226715 0.943793 0.378371 0.209552 -0.124258 0.96987 0.383886 -0.977741 -0.0160127 0.209201 -0.494345 -0.0104647 -0.992121 -0.124848 0.442149 
1535381233403 0.251756 0.924432 -0.286436 -0.621884 -0.937422 0.306492 0.165235 -0.236708 0.240539 0.226912 0.943744 0.378474 0.210564 -0.124528 0.969616 0.383951 -0.977537 -0.0174972 0.210036 -0.494527 -0.00918989 -0.992062 -0.125415 0.442192 
1535381233634 0.251684 0.924474 -0.28636 -0.622093 -0.937414 0.306436 0.165386 -0.236795 0.240646 0.226813 0.94374 0.378403 0.21014 -0.124442 0.969719 0.383942 -0.977621 -0.0166639 0.209714 -0.494349 -0.00993799 -0.992087 -0.125159 0.442169 
1535381233649 0.251728 0.9244 -0.286562 -0.621855 -0.937357 0.306556 0.165483 -0.236695 0.24082 0.226954 0.943662 0.378493 0.21042 -0.124698 0.969626 0.383959 -0.977562 -0.016922 0.209966 -0.494461 -0.00977435 -0.99205 -0.125461 0.442196 
1535381233663 0.251773 0.924325 -0.286764 -0.621612 -0.9373 0.306677 0.165581 -0.236594 0.240995 0.227095 0.943583 0.378584 0.2107 -0.124953 0.969532 0.383976 -0.977504 -0.0171798 0.210218 -0.494575 -0.00961102 -0.992014 -0.125762 0.442222 
1535381233841 0.251818 0.92425 -0.286966 -0.621369 -0.937243 0.306799 0.165678 -0.236492 0.241169 0.227236 0.943505 0.378676 0.21098 -0.125208 0.969438 0.383993 -0.977445 -0.0174377 0.21047 -0.494689 -0.00944777 -0.991977 -0.126063 0.442249 
1535381234078 0.251863 0.924175 -0.287168 -0.621126 -0.937186 0.306921 0.165776 -0.23639 0.241343 0.227377 0.943426 0.378767 0.21126 -0.125463 0.969344 0.384011 -0.977386 -0.0176957 0.210722 -0.494803 -0.00928461 -0.99194 -0.126364 0.442276 
1535381234205 0.251908 0.9241 -0.28737 -0.620882 -0.937129 0.307042 0.165873 -0.236288 0.241518 0.227519 0.943347 0.378858 0.211539 -0.125718 0.96925 0.384028 -0.977327 -0.0179537 0.210973 -0.494917 -0.00912154 -0.991904 -0.126666 0.442302 
1535381234345 0.251953 0.924025 -0.287572 -0.62064 -0.937072 0.307164 0.16597 -0.236186 0.241692 0.227659 0.943269 0.378949 0.21182 -0.125973 0.969156 0.384045 -0.977268 -0.0182119 0.211225 -0.495031 -0.00895854 -0.991867 -0.126967 0.442329 
1535381234461 0.251998 0.923949 -0.287775 -0.620396 -0.937015 0.307285 0.166067 -0.236084 0.241867 0.227801 0.94319 0.37904 0.212099 -0.126228 0.969062 0.384063 -0.977208 -0.01847 0.211477 -0.495145 -0.00879565 -0.991829 -0.127268 0.442356 
1535381234589 0.252043 0.923874 -0.287977 -0.620153 -0.936958 0.307407 0.166165 -0.235982 0.242041 0.227941 0.943111 0.379132 0.212379 -0.126482 0.968967 0.38408 -0.977149 -0.0187282 0.211728 -0.495258 -0.00863284 -0.991792 -0.12757 0.442382 
1535381234707 0.252088 0.923799 -0.288179 -0.619909 -0.936901 0.307529 0.166262 -0.23588 0.242216 0.228083 0.943032 0.379223 0.21266 -0.126737 0.968872 0.384097 -0.97709 -0.0189865 0.21198 -0.495372 -0.0084701 -0.991755 -0.127871 0.442409 
1535381234864 0.252158 0.923829 -0.28802 -0.620094 -0.936924 0.307528 0.166135 -0.236018 0.242054 0.227961 0.943103 0.379168 0.212229 -0.126417 0.969009 0.384038 -0.977181 -0.0186166 0.211591 -0.495233 -0.00870897 -0.991803 -0.127483 0.442363 
1535381234879 0.252219 0.923803 -0.288051 -0.619904 -0.936901 0.307597 0.166136 -0.235937 0.242081 0.227973 0.943094 0.379222 0.212397 -0.125909 0.969038 0.384042 -0.977155 -0.019795 0.211604 -0.495306 -0.00746069 -0.991844 -0.127237 0.442334 
1535381234904 0.25228 0.923776 -0.288083 -0.619709 -0.936877 0.307668 0.166136 -0.235854 0.242106 0.227986 0.943084 0.379276 0.212563 -0.1254 0.969067 0.384046 -0.977128 -0.020974 0.211617 -0.49538 -0.00621162 -0.991885 -0.12699 0.442305 
1535381235099 0.252342 0.92375 -0.288115 -0.619514 -0.936854 0.307739 0.166136 -0.235771 0.242132 0.227998 0.943074 0.379331 0.21273 -0.124891 0.969097 0.38405 -0.977098 -0.022153 0.211631 -0.495455 -0.0049625 -0.991923 -0.126744 0.442276 
1535381235258 0.252403 0.923723 -0.288147 -0.619318 -0.936831 0.30781 0.166136 -0.235687 0.242158 0.228011 0.943064 0.379385 0.212895 -0.124382 0.969126 0.384055 -0.977068 -0.0233319 0.211645 -0.495529 -0.00371333 -0.99196 -0.126497 0.442248 
1535381235417 0.252465 0.923696 -0.288179 -0.619123 -0.936808 0.30788 0.166136 -0.235604 0.242184 0.228024 0.943055 0.37944 0.21306 -0.123873 0.969155 0.384059 -0.977036 -0.0245108 0.21166 -0.495604 -0.00246412 -0.991995 -0.12625 0.442219 
1535381235570 0.252527 0.923669 -0.28821 -0.618928 -0.936784 0.307951 0.166136 -0.235521 0.242209 0.228037 0.943045 0.379495 0.213225 -0.123363 0.969184 0.384063 -0.977002 -0.0256897 0.211675 -0.495678 -0.00121485 -0.992029 -0.126004 0.44219 
1535381235733 0.252588 0.923643 -0.288242 -0.618732 -0.936761 0.308022 0.166136 -0.235437 0.242235 0.22805 0.943035 0.379549 0.213388 -0.122853 0.969212 0.384068 -0.976968 -0.0268684 0.21169 -0.495752 3.44436e-05 -0.992061 -0.125757 0.442161 
1535381235888 0.25265 0.923616 -0.288274 -0.618537 -0.936738 0.308093 0.166136 -0.235354 0.242261 0.228063 0.943025 0.379604 0.213551 -0.122343 0.969241 0.384072 -0.976931 -0.0280472 0.211705 -0.495826 0.00128379 -0.992091 -0.12551 0.442132 
1535381236054 0.252712 0.923589 -0.288306 -0.618341 -0.936715 0.308164 0.166136 -0.23527 0.242287 0.228076 0.943016 0.379659 0.213713 -0.121833 0.969269 0.384076 -0.976893 -0.0292259 0.211721 -0.495901 0.00253318 -0.99212 -0.125264 0.442104 
1535381236234 0.252524 0.923663 -0.288233 -0.618577 -0.936755 0.307981 0.166248 -0.235301 0.242327 0.228022 0.943018 0.379619 0.21356 -0.122282 0.969247 0.384091 -0.976929 -0.0281795 0.211698 -0.495828 0.00142622 -0.992095 -0.125478 0.442092 
1535381236250 0.252502 0.923633 -0.288349 -0.618405 -0.936734 0.308006 0.166315 -0.235245 0.242428 0.228111 0.942971 0.379673 0.213609 -0.122612 0.969194 0.384093 -0.976918 -0.028629 0.211689 -0.495896 0.0017915 -0.992042 -0.125897 0.44217 
1535381236265 0.252482 0.923602 -0.288465 -0.618229 -0.936714 0.308032 0.166382 -0.235187 0.242527 0.228201 0.942924 0.379727 0.213659 -0.122942 0.969141 0.384095 -0.976906 -0.0290781 0.211682 -0.495964 0.00215623 -0.991988 -0.126315 0.442249 
1535381236280 0.252462 0.923571 -0.288581 -0.618053 -0.936693 0.308058 0.166449 -0.23513 0.242627 0.22829 0.942876 0.379782 0.213709 -0.123272 0.969089 0.384098 -0.976894 -0.0295271 0.211674 -0.496033 0.00252094 -0.991934 -0.126734 0.442327 
1535381236454 0.252442 0.92354 -0.288697 -0.617876 -0.936673 0.308085 0.166516 -0.235072 0.242727 0.228379 0.942829 0.379837 0.213759 -0.123602 0.969036 0.3841 -0.976882 -0.0299762 0.211666 -0.496101 0.00288562 -0.991879 -0.127152 0.442406 
1535381236497 0.252422 0.923509 -0.288814 -0.617699 -0.936652 0.308111 0.166583 -0.235013 0.242827 0.228469 0.942781 0.379891 0.213808 -0.123932 0.968982 0.384102 -0.97687 -0.0304251 0.211657 -0.49617 0.00325028 -0.991824 -0.127571 0.442484 
1535381236629 0.252402 0.923479 -0.28893 -0.617524 -0.936632 0.308137 0.16665 -0.234956 0.242927 0.228558 0.942734 0.379946 0.213859 -0.124262 0.968929 0.384104 -0.976858 -0.0308742 0.211649 -0.496238 0.00361493 -0.991769 -0.127989 0.442563 
1535381236683 0.252382 0.923448 -0.289046 -0.617348 -0.936611 0.308163 0.166716 -0.234898 0.243027 0.228647 0.942687 0.38 0.213909 -0.124592 0.968876 0.384107 -0.976846 -0.0313232 0.211641 -0.496307 0.00397954 -0.991714 -0.128407 0.442641 
1535381236810 0.252362 0.923417 -0.289162 -0.617171 -0.936591 0.30819 0.166783 -0.23484 0.243127 0.228737 0.942639 0.380055 0.213959 -0.124922 0.968822 0.384109 -0.976833 -0.0317722 0.211632 -0.496375 0.00434414 -0.991658 -0.128826 0.44272 
1535381236857 0.252342 0.923386 -0.289278 -0.616995 -0.93657 0.308216 0.16685 -0.234782 0.243227 0.228826 0.942592 0.380109 0.21401 -0.125252 0.968768 0.384111 -0.97682 -0.0322212 0.211623 -0.496444 0.00470871 -0.991602 -0.129244 0.442798 
1535381237015 0.252412 0.923414 -0.289128 -0.617208 -0.936594 0.308215 0.166717 -0.234857 0.243062 0.228715 0.942661 0.379996 0.21402 -0.124492 0.968864 0.384131 -0.976822 -0.0311106 0.21178 -0.496254 0.00377691 -0.991733 -0.128265 0.442664 
1535381237037 0.252376 0.923393 -0.289225 -0.616963 -0.936533 0.308265 0.166969 -0.23476 0.243336 0.22873 0.942587 0.380075 0.214013 -0.124861 0.968818 0.38413 -0.976823 -0.0312675 0.211751 -0.496365 0.00385314 -0.991681 -0.128658 0.442714 
1535381237046 0.252341 0.923373 -0.289322 -0.616713 -0.936471 0.308316 0.16722 -0.23466 0.243609 0.228745 0.942513 0.380155 0.214007 -0.125229 0.968772 0.38413 -0.976824 -0.0314234 0.211724 -0.496477 0.00392819 -0.99163 -0.129052 0.442764 
1535381237196 0.252306 0.923352 -0.289418 -0.616464 -0.93641 0.308367 0.167472 -0.234561 0.243883 0.22876 0.942438 0.380234 0.214001 -0.125597 0.968725 0.38413 -0.976825 -0.0315793 0.211696 -0.496589 0.00400324 -0.991579 -0.129445 0.442814 
1535381237307 0.25227 0.923331 -0.289515 -0.616214 -0.936348 0.308418 0.167724 -0.234461 0.244156 0.228775 0.942364 0.380314 0.213994 -0.125966 0.968679 0.38413 -0.976826 -0.0317351 0.211667 -0.496701 0.00407829 -0.991527 -0.129838 0.442864 
1535381237432 0.252235 0.923311 -0.289612 -0.615966 -0.936286 0.308468 0.167976 -0.234362 0.24443 0.22879 0.942289 0.380393 0.213988 -0.126334 0.968632 0.38413 -0.976827 -0.031891 0.211639 -0.496813 0.00415336 -0.991475 -0.130231 0.442913 
1535381237565 0.2522 0.92329 -0.289708 -0.615715 -0.936224 0.308519 0.168228 -0.234263 0.244703 0.228805 0.942215 0.380473 0.213982 -0.126703 0.968586 0.38413 -0.976828 -0.0320468 0.211611 -0.496925 0.00422842 -0.991423 -0.130624 0.442963 
1535381237670 0.252165 0.923269 -0.289805 -0.615466 -0.936162 0.30857 0.168479 -0.234164 0.244977 0.22882 0.94214 0.380553 0.213976 -0.127071 0.968539 0.384129 -0.976829 -0.0322027 0.211583 -0.497037 0.00430349 -0.991371 -0.131017 0.443013 
1535381237806 0.25213 0.923248 -0.289902 -0.615216 -0.9361 0.308621 0.168731 -0.234064 0.24525 0.228835 0.942065 0.380633 0.21397 -0.127439 0.968492 0.384129 -0.97683 -0.0323585 0.211554 -0.497149 0.00437855 -0.991318 -0.13141 0.443063 
1535381237930 0.252094 0.923228 -0.289998 -0.614967 -0.936038 0.308672 0.168983 -0.233965 0.245524 0.22885 0.94199 0.380712 0.213964 -0.127808 0.968444 0.384129 -0.976831 -0.0325142 0.211526 -0.497261 0.00445362 -0.991266 -0.131803 0.443113 
1535381238078 0.252267 0.923237 -0.289817 -0.615154 -0.936106 0.308697 0.168559 -0.234162 0.245085 0.228778 0.942122 0.38067 0.21405 -0.127202 0.968505 0.384161 -0.976813 -0.0322046 0.211656 -0.497036 0.0042673 -0.991354 -0.131146 0.443038 
1535381238098 0.252296 0.923221 -0.289844 -0.614817 -0.93605 0.308774 0.16873 -0.234034 0.245272 0.228738 0.942083 0.380782 0.213805 -0.126707 0.968624 0.384147 -0.976868 -0.031863 0.211457 -0.497144 0.00407025 -0.991428 -0.130588 0.442926 
1535381238115 0.252324 0.923205 -0.289871 -0.614475 -0.935993 0.308852 0.168901 -0.233903 0.245457 0.228699 0.942044 0.380896 0.213558 -0.126217 0.968743 0.384133 -0.976923 -0.0315249 0.211254 -0.497255 0.00387569 -0.991502 -0.130036 0.442816 
1535381238327 0.252353 0.923188 -0.289898 -0.614132 -0.935937 0.308929 0.169071 -0.233772 0.245643 0.228661 0.942005 0.38101 0.213311 -0.125726 0.968861 0.384119 -0.976977 -0.0311868 0.211051 -0.497366 0.00368096 -0.991575 -0.129484 0.442706 
1535381238517 0.252382 0.923172 -0.289925 -0.613792 -0.93588 0.309007 0.169242 -0.233642 0.245828 0.228622 0.941966 0.381123 0.213064 -0.125236 0.968979 0.384105 -0.977032 -0.030849 0.210848 -0.497476 0.00348616 -0.991647 -0.128933 0.442596 
1535381238685 0.25241 0.923156 -0.289952 -0.613449 -0.935824 0.309084 0.169412 -0.233511 0.246014 0.228583 0.941927 0.381237 0.212818 -0.124746 0.969096 0.384091 -0.977086 -0.0305112 0.210645 -0.497587 0.00329121 -0.99172 -0.128381 0.442486 
1535381238854 0.252439 0.923139 -0.289979 -0.613106 -0.935767 0.309162 0.169583 -0.23338 0.246199 0.228544 0.941888 0.38135 0.212571 -0.124255 0.969213 0.384078 -0.977141 -0.0301735 0.210442 -0.497698 0.00309608 -0.991791 -0.127829 0.442376 
1535381239008 0.252468 0.923123 -0.290006 -0.612765 -0.935711 0.309239 0.169753 -0.23325 0.246384 0.228505 0.941849 0.381464 0.212326 -0.123765 0.96933 0.384064 -0.977195 -0.0298361 0.210239 -0.497808 0.00290085 -0.991863 -0.127277 0.442266 
1535381239187 0.252496 0.923107 -0.290034 -0.612424 -0.935654 0.309317 0.169924 -0.23312 0.24657 0.228466 0.94181 0.381577 0.212079 -0.123274 0.969446 0.38405 -0.977249 -0.0294985 0.210035 -0.497919 0.00270544 -0.991934 -0.126725 0.442156 
1535381239365 0.252525 0.92309 -0.290061 -0.612081 -0.935598 0.309395 0.170094 -0.232989 0.246755 0.228427 0.941771 0.381691 0.211833 -0.122783 0.969562 0.384036 -0.977303 -0.0291611 0.209831 -0.498029 0.0025099 -0.992005 -0.126173 0.442046 
1535381239558 0.252682 0.923082 -0.28995 -0.612262 -0.935579 0.309502 0.170002 -0.233181 0.246666 0.228315 0.941822 0.381675 0.212311 -0.123483 0.969369 0.384062 -0.977198 -0.0295986 0.210256 -0.497829 0.00272909 -0.991905 -0.126951 0.442188 
1535381239583 0.25298 0.923048 -0.289798 -0.611947 -0.935515 0.309743 0.169915 -0.233028 0.246603 0.228125 0.941884 0.381755 0.211992 -0.123366 0.969454 0.384059 -0.97727 -0.0285653 0.210066 -0.497956 0.00177782 -0.99195 -0.126617 0.44211 
1535381239600 0.253279 0.923014 -0.289646 -0.611626 -0.935451 0.309984 0.169829 -0.232873 0.24654 0.227936 0.941946 0.381835 0.211673 -0.123248 0.969538 0.384056 -0.97734 -0.0275316 0.209877 -0.498083 0.000826076 -0.991994 -0.126283 0.442031 
1535381239813 0.253577 0.92298 -0.289494 -0.611306 -0.935386 0.310226 0.169743 -0.232717 0.246478 0.227746 0.942009 0.381915 0.211354 -0.123129 0.969623 0.384052 -0.97741 -0.0264978 0.209687 -0.49821 -0.00012572 -0.992037 -0.125948 0.441953 
1535381239975 0.253875 0.922945 -0.289343 -0.610986 -0.935322 0.310467 0.169657 -0.232562 0.246416 0.227557 0.942071 0.381996 0.211035 -0.123011 0.969708 0.384049 -0.977478 -0.0254639 0.209496 -0.498337 -0.00107762 -0.992079 -0.125614 0.441875 
1535381240142 0.254174 0.922911 -0.289191 -0.610665 -0.935257 0.310708 0.169571 -0.232406 0.246353 0.227367 0.942133 0.382077 0.210716 -0.122891 0.969792 0.384046 -0.977545 -0.0244302 0.209305 -0.498463 -0.00202963 -0.992119 -0.12528 0.441796 
