1535121153128 0.253108 0.924525 -0.284937 -0.59901 -0.931947 0.312051 0.184658 -0.230429 0.259636 0.218808 0.940591 0.386923 0.383041 -0.441834 0.81121 0.340349 -0.917564 -0.0806817 0.389316 -0.516031 -0.106563 -0.893461 -0.436315 0.487349 
1535121153138 0.248825 0.924284 -0.289457 -0.602763 -0.932766 0.309163 0.185381 -0.231982 0.260834 0.223868 0.939068 0.386227 0.358442 -0.408694 0.839338 0.344288 -0.927802 -0.0563169 0.368798 -0.512194 -0.103457 -0.910932 -0.399374 0.481564 
1535121153145 0.244532 0.924007 -0.293965 -0.606518 -0.933572 0.306275 0.186117 -0.233536 0.262008 0.228925 0.937521 0.38553 0.333434 -0.374159 0.865348 0.348226 -0.9373 -0.0327979 0.346978 -0.508351 -0.101443 -0.926784 -0.361635 0.475778 
1535121153840 0.240232 0.923693 -0.298462 -0.610272 -0.934364 0.303387 0.186868 -0.23509 0.263158 0.23398 0.935949 0.384834 0.308086 -0.338318 0.88917 0.352164 -0.946033 -0.0101884 0.323912 -0.504509 -0.100526 -0.940977 -0.323199 0.469991 
1535121154292 0.235922 0.923344 -0.302948 -0.614026 -0.935144 0.300499 0.187633 -0.236643 0.264285 0.239033 0.934354 0.384137 0.282464 -0.301268 0.910742 0.356102 -0.953977 0.0114519 0.299662 -0.500669 -0.100708 -0.953471 -0.284168 0.464205 
1535121154465 0.231604 0.922957 -0.307424 -0.617781 -0.93591 0.297612 0.188411 -0.238197 0.265389 0.244084 0.932734 0.38344 0.256636 -0.263106 0.930007 0.360039 -0.961112 0.0320659 0.274291 -0.496826 -0.101989 -0.964234 -0.244645 0.458418 
1535121154793 0.227278 0.922535 -0.311887 -0.621534 -0.936664 0.294724 0.189205 -0.23975 0.266469 0.249131 0.93109 0.382744 0.230671 -0.223933 0.946913 0.363977 -0.967419 0.0515986 0.247869 -0.492986 -0.104365 -0.973238 -0.204734 0.452632 
1535121155460 0.222944 0.922077 -0.316339 -0.625289 -0.937404 0.291837 0.190012 -0.241305 0.267525 0.254176 0.929422 0.382047 0.204637 -0.183852 0.961417 0.367915 -0.97288 0.0699989 0.220462 -0.489144 -0.107831 -0.980458 -0.164542 0.446846 
1535121155943 0.218601 0.921582 -0.32078 -0.629044 -0.938131 0.288951 0.190833 -0.242859 0.268558 0.259217 0.92773 0.381351 0.178602 -0.142971 0.973479 0.371853 -0.977483 0.0872176 0.192146 -0.485303 -0.112376 -0.985876 -0.124174 0.441059 
1535121156087 0.214251 0.921051 -0.325209 -0.6328 -0.938845 0.286066 0.191668 -0.244413 0.269567 0.264256 0.926014 0.380654 0.152637 -0.101396 0.983067 0.37579 -0.981214 0.10321 0.162994 -0.48146 -0.117989 -0.989478 -0.0837379 0.435272 
1535121157992 0.214992 0.920961 -0.324976 -0.632469 -0.938766 0.286624 0.19122 -0.244533 0.269252 0.263966 0.926189 0.380628 0.153061 -0.101399 0.983001 0.375799 -0.98123 0.102478 0.163357 -0.481636 -0.1173 -0.989554 -0.0838104 0.435769 
1535121158006 0.214032 0.920648 -0.326493 -0.632543 -0.93863 0.286387 0.192239 -0.244671 0.270487 0.265311 0.925444 0.380727 0.150433 -0.0972055 0.98383 0.376193 -0.981554 0.104085 0.160369 -0.48124 -0.11799 -0.989807 -0.0797547 0.435141 
1535121158110 0.213069 0.920333 -0.328008 -0.632616 -0.938493 0.28615 0.193258 -0.244809 0.271721 0.266656 0.924696 0.380827 0.147805 -0.0930056 0.984634 0.376586 -0.981869 0.105679 0.157372 -0.480839 -0.118692 -0.990041 -0.0756993 0.434512 
1535121158116 0.212104 0.920015 -0.329521 -0.63269 -0.938354 0.285916 0.194277 -0.244947 0.272953 0.268001 0.923944 0.380926 0.145179 -0.0887998 0.985412 0.376978 -0.982174 0.107261 0.154367 -0.480437 -0.119404 -0.990257 -0.0716448 0.433884 
1535121158337 0.211136 0.919695 -0.331032 -0.632764 -0.938214 0.285682 0.195296 -0.245085 0.274183 0.269345 0.923188 0.381026 0.142554 -0.0845883 0.986166 0.377371 -0.98247 0.10883 0.151354 -0.480035 -0.120127 -0.990455 -0.0675913 0.433256 
1535121158383 0.210167 0.919373 -0.332542 -0.632837 -0.938072 0.28545 0.196316 -0.245223 0.275411 0.270689 0.92243 0.381125 0.13993 -0.0803711 0.986894 0.377764 -0.982757 0.110386 0.148334 -0.479632 -0.120861 -0.990634 -0.0635389 0.432627 
1535121158616 0.209196 0.919048 -0.334049 -0.632911 -0.937928 0.285219 0.197335 -0.24536 0.276638 0.272032 0.921667 0.381225 0.137309 -0.0761484 0.987597 0.378157 -0.983035 0.111929 0.145305 -0.479229 -0.121605 -0.990794 -0.0594877 0.431999 
1535121158780 0.208222 0.91872 -0.335555 -0.632984 -0.937783 0.28499 0.198355 -0.245498 0.277862 0.273376 0.920901 0.381324 0.13469 -0.0719202 0.988274 0.378549 -0.983304 0.113459 0.142269 -0.478826 -0.12236 -0.990936 -0.0554377 0.431371 
1535121158906 0.207247 0.91839 -0.337059 -0.633058 -0.937636 0.284762 0.199374 -0.245636 0.279085 0.274719 0.920131 0.381424 0.132074 -0.0676867 0.988926 0.378942 -0.983563 0.114975 0.139227 -0.478425 -0.123126 -0.99106 -0.051389 0.430742 
1535121158947 0.206269 0.918058 -0.338561 -0.633132 -0.937487 0.284536 0.200394 -0.245774 0.280306 0.276061 0.919358 0.381523 0.129459 -0.0634481 0.989553 0.379335 -0.983813 0.116479 0.136176 -0.478022 -0.123902 -0.991164 -0.0473419 0.430114 
1535121159589 0.207108 0.918226 -0.337589 -0.63307 -0.937585 0.284828 0.199519 -0.245728 0.279359 0.275196 0.919905 0.381419 0.132076 -0.0679519 0.988908 0.378778 -0.983601 0.11463 0.139244 -0.478758 -0.12282 -0.991081 -0.0516976 0.43107 
1535121159597 0.206577 0.918216 -0.337944 -0.633313 -0.937702 0.28441 0.199566 -0.245841 0.279359 0.275664 0.919765 0.381449 0.135489 -0.0679253 0.988448 0.378844 -0.98438 0.103973 0.142076 -0.47916 -0.112422 -0.992258 -0.0527771 0.431399 
1535121159604 0.206047 0.918205 -0.338297 -0.633556 -0.937818 0.283992 0.199613 -0.245954 0.279359 0.276131 0.919625 0.381478 0.138949 -0.0679019 0.987969 0.378904 -0.985031 0.0932918 0.144948 -0.479573 -0.102012 -0.993321 -0.0539227 0.431749 
1535121159788 0.205516 0.918193 -0.33865 -0.633799 -0.937935 0.283574 0.19966 -0.246067 0.279359 0.276599 0.919485 0.381507 0.142408 -0.0678411 0.98748 0.378963 -0.985561 0.0826005 0.147806 -0.479986 -0.0915937 -0.994271 -0.0550986 0.432099 
1535121159795 0.204985 0.918182 -0.339003 -0.634042 -0.938051 0.283155 0.199708 -0.24618 0.279358 0.277065 0.919344 0.381537 0.145865 -0.0677428 0.986982 0.379022 -0.985969 0.0718999 0.150651 -0.480399 -0.0811694 -0.995109 -0.0563046 0.432449 
1535121159904 0.204454 0.91817 -0.339356 -0.634285 -0.938167 0.282736 0.199756 -0.246293 0.279358 0.277532 0.919204 0.381566 0.14932 -0.0676069 0.986475 0.379081 -0.986255 0.0611915 0.15348 -0.480814 -0.0707402 -0.995834 -0.0575405 0.432799 
1535121159985 0.203923 0.918158 -0.339708 -0.634528 -0.938283 0.282318 0.199803 -0.246406 0.279357 0.277998 0.919063 0.381596 0.152771 -0.0674337 0.985958 0.37914 -0.98642 0.0504768 0.156295 -0.481226 -0.0603075 -0.996446 -0.0588065 0.433149 
1535121160162 0.203392 0.918145 -0.340061 -0.634771 -0.938399 0.281899 0.199851 -0.246519 0.279355 0.278465 0.918922 0.381625 0.156219 -0.0672229 0.985432 0.3792 -0.986463 0.0397566 0.159094 -0.481641 -0.0498722 -0.996946 -0.0601021 0.433498 
1535121160259 0.202861 0.918132 -0.340413 -0.635014 -0.938514 0.28148 0.1999 -0.246632 0.279354 0.278931 0.918781 0.381654 0.159663 -0.0669748 0.984897 0.379259 -0.986384 0.0290328 0.161878 -0.482054 -0.039436 -0.997332 -0.0614274 0.433848 
1535121160263 0.202329 0.918118 -0.340766 -0.635257 -0.938629 0.281062 0.199948 -0.246745 0.279352 0.279398 0.91864 0.381684 0.163102 -0.0666893 0.984353 0.379318 -0.986183 0.0183064 0.164645 -0.482466 -0.0290001 -0.997606 -0.062782 0.434198 
1535121160926 0.202671 0.918206 -0.340328 -0.63502 -0.938557 0.281283 0.199977 -0.24655 0.279348 0.278887 0.918796 0.381652 0.148671 -0.0677985 0.98656 0.379003 -0.986347 0.0612896 0.152851 -0.480696 -0.0708289 -0.995815 -0.0577608 0.432645 
1535121160932 0.202168 0.918413 -0.340067 -0.635207 -0.938688 0.280735 0.200132 -0.246676 0.279273 0.278756 0.918859 0.381674 0.149577 -0.0673646 0.986453 0.378989 -0.986661 0.0546516 0.153341 -0.480782 -0.0642409 -0.99623 -0.0582914 0.432762 
1535121160940 0.201664 0.918621 -0.339804 -0.635397 -0.938819 0.280186 0.200289 -0.246804 0.279197 0.278623 0.918922 0.381696 0.150482 -0.0669237 0.986345 0.378977 -0.98693 0.0480105 0.153829 -0.480878 -0.0576497 -0.996602 -0.0588243 0.43288 
1535121161149 0.20116 0.918829 -0.339541 -0.635587 -0.938949 0.279636 0.200445 -0.246931 0.279122 0.27849 0.918985 0.381718 0.151384 -0.0664768 0.986237 0.378965 -0.987156 0.0413677 0.154313 -0.480971 -0.0510566 -0.99693 -0.0593605 0.432997 
1535121161272 0.200656 0.919036 -0.339278 -0.635777 -0.939079 0.279087 0.200601 -0.247058 0.279047 0.278357 0.919048 0.38174 0.152283 -0.0660238 0.986129 0.378952 -0.987336 0.0347232 0.154794 -0.481065 -0.0444617 -0.997214 -0.0598999 0.433114 
1535121161280 0.200151 0.919243 -0.339014 -0.635966 -0.939209 0.278537 0.200757 -0.247185 0.278972 0.278224 0.919111 0.381762 0.153178 -0.0655649 0.986021 0.378939 -0.987473 0.0280776 0.15527 -0.481157 -0.0378654 -0.997453 -0.0604427 0.433232 
1535121161448 0.199647 0.91945 -0.338752 -0.636156 -0.939339 0.277988 0.200912 -0.247313 0.278897 0.278091 0.919174 0.381784 0.154071 -0.0650999 0.985913 0.378927 -0.987565 0.0214307 0.155744 -0.481252 -0.0312677 -0.997649 -0.0609885 0.433349 
1535121161480 0.199143 0.919656 -0.338488 -0.636345 -0.939468 0.277438 0.201068 -0.24744 0.278823 0.277957 0.919237 0.381806 0.15496 -0.064629 0.985805 0.378914 -0.987613 0.0147833 0.156213 -0.481345 -0.0246693 -0.9978 -0.0615376 0.433466 
1535121161690 0.198639 0.919862 -0.338225 -0.636536 -0.939597 0.276888 0.201223 -0.247568 0.278748 0.277825 0.9193 0.381828 0.155846 -0.064152 0.985696 0.378902 -0.987616 0.00813517 0.156679 -0.48144 -0.0180701 -0.997907 -0.0620897 0.433583 
1535121161836 0.198134 0.920068 -0.337961 -0.636725 -0.939726 0.276338 0.201379 -0.247695 0.278673 0.277691 0.919363 0.38185 0.156729 -0.0636692 0.985587 0.378889 -0.987575 0.00148714 0.157141 -0.481534 -0.0114708 -0.99797 -0.062645 0.433701 
1535121162146 0.198437 0.919932 -0.338154 -0.636631 -0.939603 0.276721 0.201425 -0.247509 0.278872 0.27776 0.919282 0.381854 0.153785 -0.0650558 0.98596 0.378864 -0.987576 0.022515 0.155522 -0.481232 -0.0323165 -0.997628 -0.060785 0.433363 
1535121162160 0.198385 0.920134 -0.337635 -0.636654 -0.939736 0.276438 0.201194 -0.247596 0.27846 0.277374 0.919524 0.38182 0.151186 -0.0650447 0.986363 0.378895 -0.987778 0.0283313 0.153271 -0.480989 -0.0379145 -0.99748 -0.0599665 0.433057 
1535121162185 0.198333 0.920335 -0.337116 -0.636677 -0.939868 0.276155 0.200963 -0.247684 0.27805 0.276987 0.919764 0.381785 0.148583 -0.0650192 0.98676 0.378926 -0.987942 0.0341465 0.151011 -0.48074 -0.043513 -0.9973 -0.0591616 0.432752 
1535121162193 0.198281 0.920536 -0.336597 -0.636701 -0.940001 0.275872 0.200732 -0.247771 0.277639 0.2766 0.920005 0.381751 0.14598 -0.0649786 0.987151 0.378956 -0.988068 0.0399606 0.148746 -0.480488 -0.0491124 -0.997086 -0.0583698 0.432446 
1535121162200 0.198229 0.920737 -0.336078 -0.636725 -0.940133 0.275589 0.200501 -0.247859 0.277228 0.276213 0.920245 0.381716 0.143376 -0.0649225 0.987537 0.378986 -0.988155 0.0457731 0.146475 -0.480238 -0.0547122 -0.99684 -0.0575907 0.432141 
1535121162381 0.198176 0.920938 -0.335558 -0.636748 -0.940265 0.275306 0.200271 -0.247946 0.276818 0.275824 0.920485 0.381682 0.140773 -0.0648509 0.987916 0.379016 -0.988203 0.0515838 0.1442 -0.47999 -0.060312 -0.996561 -0.0568243 0.431835 
1535121162434 0.198123 0.921138 -0.335039 -0.636772 -0.940397 0.275024 0.200039 -0.248034 0.276407 0.275437 0.920724 0.381647 0.138168 -0.0647643 0.988289 0.379047 -0.988213 0.0573929 0.141918 -0.479739 -0.065912 -0.996249 -0.0560711 0.43153 
1535121162548 0.19807 0.921339 -0.334519 -0.636796 -0.940529 0.274741 0.199808 -0.248121 0.275997 0.275049 0.920964 0.381613 0.135562 -0.0646623 0.988656 0.379077 -0.988185 0.0631999 0.139631 -0.479489 -0.0715119 -0.995904 -0.0553308 0.431224 
1535121162554 0.198017 0.921539 -0.334 -0.636819 -0.94066 0.274459 0.199576 -0.248209 0.275586 0.274661 0.921202 0.381578 0.132958 -0.0645449 0.989018 0.379107 -0.988117 0.0690044 0.13734 -0.47924 -0.0771112 -0.995526 -0.0546033 0.430919 
1535121162680 0.197963 0.921739 -0.333479 -0.636843 -0.940792 0.274176 0.199344 -0.248296 0.275175 0.274272 0.921441 0.381544 0.130352 -0.0644124 0.989373 0.379137 -0.988012 0.0748065 0.135043 -0.478989 -0.08271 -0.995116 -0.053889 0.430613 
1535121163859 0.198157 0.921469 -0.334109 -0.636761 -0.940576 0.274668 0.199687 -0.2482 0.275774 0.274685 0.921139 0.381659 0.131152 -0.0642235 0.98928 0.379261 -0.987911 0.0747324 0.135822 -0.479038 -0.0826542 -0.995133 -0.0536458 0.43075 
1535121163875 0.198643 0.921521 -0.333678 -0.636721 -0.9406 0.274903 0.19925 -0.24819 0.275342 0.274277 0.921389 0.3816 0.13493 -0.0656865 0.988675 0.379234 -0.98831 0.0625443 0.139036 -0.479488 -0.0709688 -0.995878 -0.0564796 0.431345 
1535121163997 0.19913 0.921571 -0.333247 -0.636682 -0.940623 0.275139 0.198813 -0.248179 0.27491 0.27387 0.92164 0.381541 0.138726 -0.0671028 0.988055 0.379208 -0.988555 0.0503417 0.142215 -0.479946 -0.0592834 -0.996475 -0.059351 0.43194 
1535121164032 0.199617 0.921622 -0.332816 -0.636642 -0.940646 0.275375 0.198376 -0.248169 0.274477 0.273463 0.92189 0.381482 0.142537 -0.0684717 0.987418 0.379182 -0.988644 0.0381274 0.145358 -0.480403 -0.0476006 -0.996924 -0.0622596 0.432535 
1535121164112 0.200103 0.921672 -0.332385 -0.636602 -0.940669 0.275611 0.197939 -0.248158 0.274044 0.273056 0.922139 0.381423 0.146362 -0.0697932 0.986766 0.379156 -0.988579 0.0259032 0.148463 -0.480861 -0.0359221 -0.997225 -0.0652048 0.433131 
1535121164171 0.20059 0.921722 -0.331953 -0.636563 -0.940692 0.275847 0.197502 -0.248148 0.273611 0.272649 0.922388 0.381364 0.150201 -0.071067 0.986098 0.37913 -0.988358 0.0136712 0.151531 -0.48132 -0.02425 -0.997378 -0.0681862 0.433726 
1535121164224 0.201076 0.921771 -0.331521 -0.636523 -0.940714 0.276084 0.197066 -0.248138 0.273177 0.272241 0.922637 0.381306 0.154052 -0.0722931 0.985414 0.379104 -0.987983 0.00143349 0.154559 -0.481777 -0.0125861 -0.997382 -0.0712034 0.434321 
1535121164282 0.201562 0.92182 -0.331089 -0.636483 -0.940736 0.276321 0.196629 -0.248127 0.272743 0.271835 0.922885 0.381247 0.157916 -0.0734709 0.984715 0.379078 -0.987452 -0.0108083 0.157549 -0.482236 -0.000932141 -0.997239 -0.0742558 0.434916 
1535121164348 0.202047 0.921869 -0.330657 -0.636443 -0.940758 0.276557 0.196192 -0.248117 0.272309 0.271428 0.923133 0.381188 0.161791 -0.0746006 0.984001 0.379052 -0.986767 -0.0230518 0.160499 -0.482693 0.0107097 -0.996947 -0.077343 0.435511 
1535121164406 0.202533 0.921918 -0.330224 -0.636404 -0.940779 0.276794 0.195755 -0.248106 0.271875 0.271021 0.923381 0.381129 0.165677 -0.0756819 0.983272 0.379026 -0.985927 -0.0352953 0.163408 -0.48315 0.0223378 -0.996507 -0.0804644 0.436106 
1535121165535 0.201684 0.921817 -0.331023 -0.636454 -0.940673 0.276458 0.196738 -0.24816 0.27287 0.271705 0.922886 0.38133 0.161287 -0.0747366 0.984074 0.378944 -0.986857 -0.0223031 0.16005 -0.482618 0.00998629 -0.996954 -0.0773516 0.435247 
1535121165643 0.202436 0.921708 -0.330867 -0.636237 -0.940562 0.277078 0.196396 -0.248054 0.272696 0.271443 0.923014 0.381381 0.158416 -0.0741071 0.984587 0.378983 -0.987371 -0.013409 0.157855 -0.482444 0.00150414 -0.99716 -0.0752954 0.434761 
1535121165836 0.203187 0.921599 -0.330712 -0.636019 -0.940451 0.277697 0.196054 -0.247948 0.27252 0.271183 0.923143 0.381432 0.155548 -0.0734522 0.985094 0.379022 -0.987804 -0.00451554 0.155639 -0.482264 -0.0069838 -0.997289 -0.0732588 0.434276 
1535121165958 0.203938 0.921489 -0.330557 -0.635801 -0.940339 0.278316 0.195711 -0.247841 0.272345 0.270922 0.923271 0.381483 0.152683 -0.0727716 0.985592 0.37906 -0.988154 0.00437694 0.153403 -0.482081 -0.0154773 -0.997339 -0.0712413 0.43379 
1535121165965 0.204689 0.921378 -0.330401 -0.635582 -0.940227 0.278935 0.195369 -0.247735 0.272169 0.270662 0.923399 0.381534 0.149824 -0.0720651 0.986083 0.379098 -0.988422 0.0132674 0.151149 -0.4819 -0.0239753 -0.997312 -0.0692429 0.433305 
1535121166169 0.20544 0.921267 -0.330245 -0.635365 -0.940114 0.279554 0.195026 -0.247628 0.271993 0.270402 0.923527 0.381585 0.146971 -0.0713326 0.986565 0.379137 -0.988608 0.0221549 0.148877 -0.481721 -0.0324771 -0.997207 -0.0672638 0.432819 
1535121166183 0.206191 0.921155 -0.330089 -0.635146 -0.940001 0.280173 0.194684 -0.247522 0.271816 0.270142 0.923655 0.381636 0.144122 -0.0705746 0.98704 0.379175 -0.988711 0.0310393 0.146585 -0.481539 -0.0409823 -0.997023 -0.0653044 0.432334 
1535121166387 0.206941 0.921043 -0.329932 -0.634928 -0.939887 0.280791 0.194342 -0.247415 0.27164 0.269882 0.923783 0.381687 0.141279 -0.0697909 0.987507 0.379214 -0.988732 0.0399196 0.144275 -0.481358 -0.0494899 -0.996763 -0.0633647 0.431848 
1535121166401 0.207691 0.92093 -0.329776 -0.63471 -0.939772 0.28141 0.194 -0.247309 0.271463 0.269622 0.923911 0.381738 0.138442 -0.0689814 0.987965 0.379252 -0.988671 0.0487947 0.141948 -0.481178 -0.0579992 -0.996424 -0.0614447 0.431363 
1535121166623 0.208441 0.920817 -0.329618 -0.634491 -0.939658 0.282029 0.193658 -0.247202 0.271286 0.269362 0.924039 0.381789 0.13561 -0.0681466 0.988416 0.37929 -0.988527 0.0576644 0.139601 -0.480996 -0.0665097 -0.996007 -0.0595449 0.430877 
1535121166889 0.207992 0.920854 -0.329798 -0.634638 -0.93977 0.281632 0.193687 -0.247377 0.27124 0.269649 0.923969 0.38173 0.150504 -0.0719544 0.985987 0.379205 -0.988341 0.0123086 0.151761 -0.481893 -0.023056 -0.997332 -0.069263 0.433655 
1535121166899 0.208141 0.920822 -0.329794 -0.634292 -0.939747 0.281762 0.193612 -0.247235 0.271206 0.269624 0.923986 0.38188 0.15348 -0.0744139 0.985346 0.379284 -0.987986 0.00672227 0.154399 -0.482351 -0.0181132 -0.997205 -0.0724882 0.434159 
1535121166916 0.208292 0.920789 -0.329792 -0.633945 -0.939723 0.281893 0.193537 -0.247091 0.271172 0.269601 0.924003 0.38203 0.156471 -0.0768557 0.984688 0.379363 -0.987595 0.00112971 0.157021 -0.482815 -0.0131804 -0.997042 -0.0757255 0.434663 
1535121166922 0.208442 0.920756 -0.329789 -0.633597 -0.9397 0.282023 0.193461 -0.246948 0.271138 0.269577 0.92402 0.38218 0.159473 -0.0792797 0.984014 0.379443 -0.987168 -0.00446955 0.159624 -0.483282 -0.00825683 -0.996842 -0.0789751 0.435166 
1535121167198 0.208593 0.920723 -0.329786 -0.633249 -0.939676 0.282154 0.193385 -0.246805 0.271104 0.269554 0.924036 0.38233 0.162484 -0.0816862 0.983324 0.379522 -0.986705 -0.0100747 0.162206 -0.483745 -0.00334332 -0.996607 -0.0822372 0.43567 
1535121167240 0.208743 0.920689 -0.329784 -0.632901 -0.939653 0.282285 0.193309 -0.246661 0.271071 0.26953 0.924053 0.382481 0.165507 -0.0840748 0.982618 0.379602 -0.986207 -0.0156861 0.164769 -0.484211 0.00156048 -0.996336 -0.0855113 0.436174 
1535121167373 0.208893 0.920657 -0.32978 -0.632554 -0.939629 0.282415 0.193234 -0.246518 0.271037 0.269506 0.92407 0.382631 0.16854 -0.0864455 0.981897 0.379681 -0.985674 -0.021303 0.167312 -0.484675 0.00645396 -0.996029 -0.0887975 0.436678 
1535121167633 0.209044 0.920623 -0.329778 -0.632206 -0.939605 0.282546 0.193157 -0.246374 0.271003 0.269483 0.924087 0.382781 0.171583 -0.0887981 0.98116 0.379761 -0.985104 -0.0269257 0.169836 -0.485141 0.0113373 -0.995686 -0.0920954 0.437181 
1535121167797 0.209194 0.92059 -0.329775 -0.631859 -0.939582 0.282676 0.193082 -0.246231 0.270969 0.269459 0.924104 0.382931 0.174636 -0.0911327 0.980407 0.379841 -0.9845 -0.0325534 0.172339 -0.485605 0.0162098 -0.995307 -0.0954051 0.437685 
1535121167870 0.209345 0.920557 -0.329773 -0.631511 -0.939558 0.282807 0.193006 -0.246087 0.270935 0.269436 0.92412 0.383081 0.1777 -0.0934489 0.979638 0.37992 -0.983859 -0.0381863 0.174823 -0.486072 0.0210718 -0.994892 -0.0987262 0.438189 
1535121168526 0.20933 0.920559 -0.329775 -0.631711 -0.939539 0.282815 0.193086 -0.246204 0.271012 0.269418 0.924103 0.382998 0.177201 -0.0934143 0.979731 0.379869 -0.983966 -0.0373099 0.17441 -0.485942 0.0202613 -0.994928 -0.0985278 0.437815 
1535121168539 0.209221 0.920533 -0.329918 -0.631281 -0.939449 0.282857 0.19346 -0.246042 0.271406 0.269465 0.923974 0.383153 0.178163 -0.0936181 0.979537 0.379934 -0.983716 -0.0409107 0.175013 -0.486134 0.0236892 -0.994767 -0.0993824 0.437869 
1535121168545 0.209113 0.920506 -0.330061 -0.630846 -0.93936 0.282899 0.193834 -0.245878 0.2718 0.269513 0.923844 0.383309 0.179127 -0.0938173 0.979343 0.380001 -0.983452 -0.0445114 0.175615 -0.486333 0.0271162 -0.994594 -0.100238 0.437924 
1535121168622 0.209005 0.920479 -0.330205 -0.630409 -0.93927 0.282941 0.194208 -0.245713 0.272193 0.269561 0.923714 0.383465 0.180092 -0.0940128 0.979147 0.380067 -0.983175 -0.0481118 0.176214 -0.486534 0.0305422 -0.994408 -0.101096 0.437978 
1535121168919 0.208897 0.920452 -0.330349 -0.629976 -0.93918 0.282983 0.194582 -0.245549 0.272587 0.269609 0.923584 0.383621 0.181057 -0.094205 0.97895 0.380134 -0.982886 -0.0517114 0.176809 -0.486732 0.0339666 -0.994209 -0.101955 0.438032 
1535121168929 0.208789 0.920425 -0.330493 -0.62954 -0.93909 0.283025 0.194956 -0.245384 0.27298 0.269658 0.923454 0.383778 0.182023 -0.0943934 0.978753 0.3802 -0.982583 -0.0553107 0.177401 -0.486932 0.03739 -0.993997 -0.102817 0.438087 
1535121168948 0.208681 0.920398 -0.330637 -0.629104 -0.938999 0.283067 0.19533 -0.245219 0.273373 0.269706 0.923323 0.383934 0.18299 -0.0945783 0.978555 0.380267 -0.982267 -0.0589095 0.177991 -0.487132 0.0408121 -0.993773 -0.103681 0.438141 
1535121169273 0.208572 0.920371 -0.33078 -0.628669 -0.938909 0.283109 0.195704 -0.245055 0.273767 0.269754 0.923193 0.38409 0.183957 -0.0947597 0.978356 0.380333 -0.981939 -0.0625074 0.178576 -0.48733 0.0442326 -0.993536 -0.104547 0.438196 
1535121169288 0.208464 0.920344 -0.330924 -0.628233 -0.938818 0.283151 0.196077 -0.24489 0.27416 0.269802 0.923062 0.384246 0.184925 -0.0949375 0.978156 0.3804 -0.981597 -0.0661049 0.179159 -0.48753 0.0476519 -0.993286 -0.105415 0.43825 
1535121169472 0.208355 0.920317 -0.331067 -0.627798 -0.938727 0.283193 0.196451 -0.244726 0.274553 0.26985 0.922931 0.384402 0.185893 -0.0951118 0.977956 0.380466 -0.981242 -0.0697014 0.179738 -0.487729 0.0510696 -0.993023 -0.106285 0.438304 
1535121169854 0.208393 0.920372 -0.330889 -0.627841 -0.938732 0.283177 0.196451 -0.24475 0.274508 0.269677 0.922995 0.384491 0.184574 -0.0948454 0.978231 0.380302 -0.9817 -0.0652617 0.178901 -0.48744 0.046873 -0.993351 -0.105155 0.438181 
1535121169868 0.208237 0.920283 -0.331234 -0.627626 -0.938584 0.283285 0.197002 -0.244638 0.275131 0.269868 0.922753 0.384564 0.184204 -0.0957566 0.978212 0.380365 -0.981891 -0.0627538 0.178754 -0.487495 0.0442697 -0.993425 -0.105582 0.438219 
1535121169883 0.208115 0.920134 -0.331725 -0.627185 -0.938386 0.283496 0.197639 -0.244485 0.275897 0.270155 0.922441 0.38473 0.18383 -0.0966689 0.978193 0.380426 -0.982075 -0.0602445 0.178605 -0.487543 0.0416651 -0.993492 -0.106011 0.438256 
1535121169888 0.207992 0.919985 -0.332216 -0.626747 -0.938188 0.283707 0.198276 -0.244333 0.276663 0.270441 0.922128 0.384897 0.183453 -0.09758 0.978173 0.380488 -0.982252 -0.0577348 0.178459 -0.487593 0.0390607 -0.993552 -0.10644 0.438294 
1535121170100 0.207869 0.919835 -0.332706 -0.626307 -0.937989 0.283919 0.198912 -0.24418 0.277428 0.270727 0.921814 0.385063 0.183075 -0.0984901 0.978153 0.38055 -0.982423 -0.0552247 0.178313 -0.487643 0.0364561 -0.993605 -0.106869 0.438331 
1535121170181 0.207746 0.919686 -0.333197 -0.625868 -0.93779 0.284131 0.199549 -0.244027 0.278193 0.271013 0.921499 0.38523 0.182694 -0.0993993 0.978132 0.380612 -0.982587 -0.052714 0.178169 -0.487693 0.0338514 -0.99365 -0.107299 0.438369 
1535121170473 0.207622 0.919536 -0.333687 -0.625429 -0.93759 0.284342 0.200185 -0.243875 0.278958 0.271299 0.921184 0.385396 0.182311 -0.100307 0.978111 0.380674 -0.982744 -0.0502029 0.178026 -0.487744 0.0312467 -0.993689 -0.107729 0.438406 
1535121170596 0.207498 0.919386 -0.334177 -0.624989 -0.93739 0.284555 0.200821 -0.243722 0.279723 0.271584 0.920867 0.385563 0.181925 -0.101214 0.97809 0.380736 -0.982895 -0.0476912 0.177883 -0.487793 0.0286419 -0.993721 -0.108159 0.438444 
1535121170676 0.207373 0.919236 -0.334667 -0.62455 -0.937189 0.284767 0.201456 -0.243569 0.280488 0.271869 0.920551 0.385729 0.181537 -0.10212 0.978067 0.380798 -0.983039 -0.0451792 0.177742 -0.487844 0.0260372 -0.993746 -0.10859 0.438481 
1535121170964 0.207248 0.919086 -0.335157 -0.62411 -0.936987 0.28498 0.202092 -0.243416 0.281252 0.272154 0.920233 0.385896 0.181146 -0.103025 0.978045 0.38086 -0.983177 -0.0426666 0.177602 -0.487893 0.0234323 -0.993763 -0.109021 0.438519 
1535121171293 0.207165 0.919206 -0.334877 -0.624342 -0.9371 0.28475 0.201895 -0.243418 0.28094 0.271987 0.920378 0.38583 0.181417 -0.1026 0.978039 0.380806 -0.983106 -0.0434989 0.177793 -0.487846 0.024302 -0.993771 -0.108759 0.438521 
1535121171304 0.207168 0.919183 -0.334938 -0.624044 -0.937081 0.284783 0.201933 -0.243307 0.280998 0.27203 0.920348 0.385927 0.182369 -0.101715 0.977955 0.380868 -0.982854 -0.0463629 0.178461 -0.48803 0.0271887 -0.993733 -0.108426 0.438456 
1535121171313 0.207172 0.91916 -0.335 -0.623743 -0.937063 0.284817 0.201969 -0.243194 0.281055 0.272074 0.920317 0.386025 0.183322 -0.100825 0.977869 0.380931 -0.982593 -0.0492267 0.179132 -0.48822 0.0300762 -0.993686 -0.108094 0.438391 
1535121171526 0.207176 0.919137 -0.335061 -0.623441 -0.937045 0.284851 0.202005 -0.24308 0.281113 0.272117 0.920287 0.386123 0.184273 -0.0999323 0.977782 0.380994 -0.982322 -0.0520895 0.179805 -0.488412 0.0329638 -0.99363 -0.107764 0.438326 
1535121171666 0.20718 0.919113 -0.335123 -0.62314 -0.937027 0.284885 0.202041 -0.242968 0.28117 0.272161 0.920256 0.386221 0.18522 -0.099037 0.977694 0.381057 -0.982043 -0.054951 0.180478 -0.4886 0.0358513 -0.993565 -0.107437 0.438261 
1535121171702 0.207184 0.91909 -0.335185 -0.622839 -0.937009 0.284919 0.202077 -0.242855 0.281227 0.272205 0.920226 0.386318 0.186165 -0.0981387 0.977605 0.38112 -0.981754 -0.0578117 0.181152 -0.488791 0.0387389 -0.993492 -0.107111 0.438196 
1535121171934 0.207187 0.919066 -0.335246 -0.622537 -0.936991 0.284953 0.202113 -0.242741 0.281285 0.272248 0.920196 0.386416 0.187108 -0.0972377 0.977515 0.381184 -0.981457 -0.0606712 0.181827 -0.488982 0.0416266 -0.99341 -0.106787 0.438131 
1535121172056 0.207192 0.919043 -0.335309 -0.622236 -0.936973 0.284987 0.202149 -0.242629 0.281342 0.272292 0.920165 0.386514 0.188047 -0.096334 0.977424 0.381246 -0.981151 -0.0635295 0.182502 -0.489172 0.0445141 -0.99332 -0.106465 0.438066 
1535121172099 0.207196 0.919019 -0.335371 -0.621935 -0.936955 0.285021 0.202185 -0.242516 0.2814 0.272335 0.920135 0.386612 0.188983 -0.0954275 0.977333 0.381309 -0.980836 -0.0663866 0.183179 -0.489361 0.0474015 -0.99322 -0.106145 0.438001 
1535121172330 0.2072 0.918996 -0.335433 -0.621633 -0.936937 0.285055 0.202221 -0.242403 0.281457 0.272379 0.920104 0.38671 0.189918 -0.0945181 0.97724 0.381373 -0.980511 -0.0692427 0.183856 -0.489553 0.0502889 -0.993112 -0.105826 0.437936 
1535121172847 0.207179 0.918998 -0.335439 -0.621863 -0.936951 0.285028 0.202193 -0.242479 0.281424 0.2724 0.920108 0.386598 0.189665 -0.0947784 0.977264 0.381383 -0.980585 -0.0687799 0.183639 -0.489456 0.0498111 -0.99312 -0.105983 0.437983 
1535121172858 0.207198 0.918939 -0.335589 -0.62159 -0.936941 0.285084 0.20216 -0.24238 0.281444 0.27254 0.92006 0.386712 0.186879 -0.093011 0.97797 0.381325 -0.981361 -0.0630696 0.181529 -0.489269 0.044796 -0.993666 -0.103064 0.43743 
1535121172864 0.207218 0.918879 -0.33574 -0.621316 -0.936931 0.285141 0.202127 -0.242281 0.281464 0.272681 0.920013 0.386826 0.184098 -0.0912283 0.978665 0.381265 -0.982103 -0.0573601 0.179398 -0.489075 0.0397701 -0.994177 -0.100155 0.436877 
1535121172979 0.207237 0.91882 -0.335891 -0.621042 -0.936921 0.285199 0.202093 -0.242181 0.281483 0.272822 0.919965 0.38694 0.181326 -0.0894289 0.979348 0.381205 -0.982809 -0.0516528 0.17725 -0.488883 0.0347349 -0.994653 -0.0972575 0.436323 
1535121173256 0.207257 0.91876 -0.336042 -0.620768 -0.93691 0.285256 0.20206 -0.242082 0.281502 0.272963 0.919917 0.387054 0.178561 -0.087613 0.98002 0.381146 -0.983481 -0.0459479 0.175084 -0.488689 0.0296903 -0.995094 -0.0943702 0.43577 
1535121173264 0.207276 0.918701 -0.336193 -0.620494 -0.9369 0.285313 0.202026 -0.241982 0.281522 0.273104 0.91987 0.387168 0.175804 -0.0857806 0.980681 0.381086 -0.984117 -0.0402457 0.1729 -0.488495 0.0246367 -0.995501 -0.0914935 0.435217 
1535121173396 0.207296 0.918641 -0.336343 -0.62022 -0.93689 0.28537 0.201993 -0.241883 0.281541 0.273244 0.919822 0.387282 0.173055 -0.0839318 0.981329 0.381026 -0.984718 -0.0345463 0.170698 -0.488301 0.0195743 -0.995872 -0.0886276 0.434663 
1535121173615 0.207316 0.918581 -0.336494 -0.619946 -0.93688 0.285427 0.201959 -0.241783 0.28156 0.273385 0.919774 0.387396 0.170316 -0.0820665 0.981966 0.380966 -0.985283 -0.0288503 0.16848 -0.488108 0.0145035 -0.996209 -0.0857724 0.43411 
1535121173753 0.207335 0.918522 -0.336645 -0.619671 -0.93687 0.285484 0.201926 -0.241684 0.28158 0.273526 0.919726 0.387511 0.167584 -0.0801851 0.982592 0.380906 -0.985813 -0.0231575 0.166243 -0.487914 0.00942415 -0.996511 -0.0829283 0.433557 
1535121173796 0.207355 0.918462 -0.336795 -0.619397 -0.93686 0.285541 0.201892 -0.241584 0.281599 0.273667 0.919678 0.387625 0.164861 -0.0782874 0.983205 0.380847 -0.986307 -0.0174685 0.16399 -0.487721 0.00433679 -0.996778 -0.0800953 0.433003 
1535121174297 0.20714 0.918618 -0.336504 -0.619635 -0.936895 0.285288 0.202085 -0.241559 0.28164 0.273409 0.919743 0.387591 0.168205 -0.0803207 0.982474 0.381018 -0.985697 -0.0242705 0.166772 -0.487929 0.0104499 -0.996474 -0.0832543 0.433886 
1535121174428 0.207275 0.918557 -0.336586 -0.619449 -0.936909 0.28539 0.201878 -0.241479 0.281494 0.273506 0.919758 0.387639 0.167647 -0.0796912 0.982621 0.381 -0.9858 -0.0232778 0.166301 -0.48795 0.00962055 -0.996548 -0.0824621 0.433718 
1535121174444 0.20741 0.918497 -0.336667 -0.619258 -0.936923 0.285491 0.20167 -0.241397 0.281349 0.273603 0.919774 0.387687 0.167087 -0.0790628 0.982767 0.380981 -0.985903 -0.0222846 0.165828 -0.487968 0.0087898 -0.996621 -0.0816717 0.43355 
1535121174451 0.207545 0.918436 -0.336749 -0.619068 -0.936936 0.285593 0.201463 -0.241315 0.281204 0.2737 0.91979 0.387736 0.166529 -0.0784338 0.982912 0.380963 -0.986004 -0.0212917 0.165354 -0.487986 0.00795861 -0.996692 -0.0808817 0.433383 
1535121174573 0.20768 0.918376 -0.336831 -0.618877 -0.93695 0.285694 0.201255 -0.241233 0.281059 0.273797 0.919805 0.387784 0.16597 -0.0778042 0.983057 0.380944 -0.986105 -0.0202991 0.164878 -0.488004 0.00712692 -0.996762 -0.0800921 0.433215 
1535121174656 0.207815 0.918315 -0.336913 -0.618686 -0.936963 0.285796 0.201048 -0.24115 0.280913 0.273894 0.91982 0.387833 0.165412 -0.077174 0.9832 0.380925 -0.986204 -0.0193067 0.164402 -0.488021 0.00629475 -0.996831 -0.0793029 0.433047 
1535121174837 0.20795 0.918255 -0.336994 -0.618496 -0.936977 0.285897 0.20084 -0.241068 0.280768 0.273991 0.919836 0.387881 0.164855 -0.0765431 0.983343 0.380907 -0.986303 -0.0183147 0.163926 -0.48804 0.00546223 -0.996898 -0.078514 0.432879 
1535121174864 0.208086 0.918194 -0.337076 -0.618305 -0.93699 0.285999 0.200633 -0.240986 0.280623 0.274088 0.919851 0.38793 0.164298 -0.0759118 0.983485 0.380888 -0.9864 -0.0173228 0.163448 -0.488057 0.00462914 -0.996964 -0.0777255 0.432711 
1535121174903 0.208221 0.918133 -0.337158 -0.618115 -0.937004 0.286101 0.200425 -0.240904 0.280478 0.274185 0.919867 0.387978 0.163742 -0.0752797 0.983627 0.380869 -0.986496 -0.0163314 0.16297 -0.488075 0.0037957 -0.997029 -0.0769373 0.432544 
1535121174910 0.208356 0.918073 -0.337239 -0.617925 -0.937017 0.286202 0.200218 -0.240822 0.280333 0.274282 0.919882 0.388026 0.163186 -0.0746471 0.983767 0.380851 -0.986591 -0.0153403 0.16249 -0.488093 0.00296181 -0.997092 -0.0761494 0.432376 
1535121175317 0.207913 0.918301 -0.336892 -0.61813 -0.937044 0.285783 0.20069 -0.240837 0.280571 0.273957 0.919906 0.388039 0.163665 -0.0753087 0.983637 0.380871 -0.98651 -0.0160952 0.162911 -0.48813 0.00356327 -0.99703 -0.076927 0.432464 
1535121175336 0.207929 0.918235 -0.33706 -0.617918 -0.936928 0.285945 0.201001 -0.24077 0.280947 0.274007 0.919777 0.38811 0.165249 -0.0774544 0.983206 0.380897 -0.986224 -0.0205129 0.164141 -0.488341 0.00745502 -0.996785 -0.0797771 0.43301 
1535121175455 0.207945 0.91817 -0.337229 -0.617705 -0.936812 0.286106 0.201313 -0.240702 0.281322 0.274058 0.919647 0.388181 0.166844 -0.079592 0.982766 0.380923 -0.985918 -0.0249334 0.16536 -0.488558 0.0113424 -0.996516 -0.0826312 0.433557 
1535121175463 0.20796 0.918104 -0.337397 -0.617492 -0.936696 0.286267 0.201624 -0.240634 0.281698 0.274109 0.919517 0.388252 0.168446 -0.081722 0.982317 0.38095 -0.985593 -0.0293561 0.166566 -0.488775 0.0152249 -0.996223 -0.0854896 0.434103 
1535121175595 0.207976 0.918039 -0.337566 -0.617279 -0.936579 0.286428 0.201936 -0.240566 0.282073 0.274159 0.919386 0.388323 0.170057 -0.0838442 0.981861 0.380977 -0.985249 -0.0337809 0.167759 -0.488993 0.0191026 -0.995906 -0.0883521 0.434649 
1535121175701 0.207991 0.917974 -0.337734 -0.617065 -0.936463 0.286589 0.202247 -0.240498 0.282448 0.27421 0.919256 0.388395 0.171675 -0.0859585 0.981396 0.381004 -0.984886 -0.0382078 0.168939 -0.489211 0.0229752 -0.995566 -0.0912187 0.435195 
1535121175918 0.208006 0.917908 -0.337903 -0.616852 -0.936346 0.286751 0.202558 -0.240431 0.282824 0.274261 0.919126 0.388466 0.173301 -0.0880652 0.980924 0.38103 -0.984503 -0.0426362 0.170106 -0.489428 0.0268425 -0.995202 -0.0940894 0.435742 
1535121175967 0.208021 0.917843 -0.338071 -0.616639 -0.936229 0.286912 0.20287 -0.240362 0.283199 0.274311 0.918995 0.388537 0.174935 -0.0901638 0.980443 0.381057 -0.984101 -0.0470667 0.17126 -0.489646 0.0307048 -0.994814 -0.0969639 0.436288 
1535121176050 0.208036 0.917777 -0.33824 -0.616426 -0.936113 0.287073 0.20318 -0.240295 0.283574 0.274362 0.918864 0.388608 0.176577 -0.0922546 0.979954 0.381084 -0.98368 -0.0514986 0.1724 -0.489863 0.0345615 -0.994403 -0.0998425 0.436834 
1535121176109 0.208051 0.917712 -0.338408 -0.616212 -0.935995 0.287234 0.203492 -0.240227 0.283949 0.274412 0.918733 0.38868 0.178227 -0.0943373 0.979457 0.381111 -0.983239 -0.0559322 0.173528 -0.490082 0.038413 -0.993968 -0.102725 0.43738 
1535121176563 0.20786 0.917796 -0.338297 -0.616468 -0.936128 0.286944 0.203291 -0.240219 0.283652 0.274433 0.918819 0.388563 0.176223 -0.0918827 0.980053 0.381041 -0.983787 -0.0501102 0.172196 -0.489722 0.0332888 -0.994508 -0.0992236 0.436405 
1535121176578 0.207862 0.917711 -0.338525 -0.616229 -0.936031 0.287089 0.203531 -0.240165 0.283969 0.274564 0.918682 0.388664 0.177436 -0.0914252 0.979876 0.381045 -0.983478 -0.0527714 0.173165 -0.489935 0.0358778 -0.994413 -0.0992783 0.436458 
1535121176603 0.207863 0.917627 -0.338754 -0.615989 -0.935935 0.287234 0.20377 -0.24011 0.284286 0.274695 0.918544 0.388766 0.17865 -0.0909646 0.979699 0.38105 -0.98316 -0.0554327 0.174134 -0.490154 0.0384673 -0.99431 -0.0993358 0.43651 
1535121176789 0.207864 0.917542 -0.338982 -0.615749 -0.935839 0.287379 0.204009 -0.240055 0.284603 0.274827 0.918407 0.388867 0.179862 -0.0905007 0.97952 0.381055 -0.982835 -0.058093 0.175103 -0.490372 0.0410563 -0.994201 -0.0993959 0.436563 
1535121176802 0.207865 0.917458 -0.339211 -0.615508 -0.935742 0.287524 0.204247 -0.24 0.28492 0.274958 0.91827 0.388969 0.181073 -0.0900334 0.97934 0.38106 -0.982501 -0.0607526 0.176072 -0.490591 0.0436451 -0.994084 -0.0994586 0.436616 
1535121176809 0.207865 0.917373 -0.339439 -0.615269 -0.935645 0.287668 0.204487 -0.239945 0.285236 0.275088 0.918132 0.389071 0.182282 -0.089563 0.979159 0.381065 -0.982159 -0.0634111 0.17704 -0.490809 0.0462333 -0.993961 -0.0995238 0.436669 
1535121176858 0.207867 0.917288 -0.339668 -0.615028 -0.935549 0.287813 0.204725 -0.239889 0.285553 0.27522 0.917994 0.389172 0.18349 -0.0890892 0.978976 0.38107 -0.981808 -0.066069 0.178008 -0.491029 0.0488213 -0.99383 -0.0995915 0.436722 
1535121176864 0.207867 0.917204 -0.339896 -0.614788 -0.935452 0.287958 0.204964 -0.239834 0.28587 0.275351 0.917857 0.389274 0.184696 -0.0886122 0.978793 0.381075 -0.98145 -0.0687257 0.178976 -0.491246 0.0514087 -0.993692 -0.0996619 0.436774 
1535121177131 0.207868 0.917118 -0.340125 -0.614547 -0.935355 0.288103 0.205203 -0.239779 0.286186 0.275482 0.917718 0.389375 0.185902 -0.0881318 0.978608 0.38108 -0.981084 -0.0713816 0.179943 -0.491467 0.0539959 -0.993548 -0.0997347 0.436827 
1535121177260 0.207868 0.917034 -0.340352 -0.614307 -0.935258 0.288248 0.205441 -0.239724 0.286503 0.275612 0.917581 0.389477 0.187105 -0.0876483 0.978422 0.381085 -0.980709 -0.0740364 0.18091 -0.491685 0.0565824 -0.993396 -0.0998101 0.43688 
1535121177861 0.207875 0.917153 -0.340028 -0.614542 -0.935404 0.288039 0.205068 -0.239759 0.28602 0.275435 0.917785 0.389388 0.186708 -0.0879679 0.978469 0.381102 -0.980809 -0.0736217 0.180535 -0.491572 0.0561553 -0.993399 -0.100025 0.436782 
1535121177889 0.208016 0.917176 -0.339878 -0.614225 -0.93535 0.288159 0.205145 -0.239674 0.286092 0.275231 0.917823 0.389491 0.187286 -0.0866099 0.97848 0.381105 -0.980664 -0.0740511 0.181149 -0.491766 0.0567681 -0.993486 -0.098804 0.436623 
1535121177997 0.208158 0.917199 -0.339728 -0.613904 -0.935297 0.288279 0.20522 -0.239586 0.286164 0.275029 0.917861 0.389595 0.187866 -0.0852517 0.978488 0.38111 -0.980517 -0.074481 0.181766 -0.491967 0.0573829 -0.993572 -0.0975832 0.436465 
1535121178062 0.2083 0.917222 -0.339579 -0.613584 -0.935243 0.288398 0.205296 -0.239499 0.286236 0.274826 0.9179 0.389699 0.188445 -0.0838931 0.978494 0.381114 -0.98037 -0.0749101 0.182384 -0.492167 0.0579983 -0.993655 -0.0963627 0.436307 
1535121178241 0.208442 0.917245 -0.33943 -0.613263 -0.93519 0.288518 0.205371 -0.239412 0.286307 0.274623 0.917938 0.389803 0.189023 -0.082534 0.978498 0.381119 -0.980222 -0.0753383 0.183002 -0.492368 0.0586145 -0.993737 -0.0951423 0.436149 
1535121178383 0.208584 0.917268 -0.339281 -0.612942 -0.935136 0.288638 0.205446 -0.239325 0.286379 0.274421 0.917976 0.389906 0.189601 -0.0811745 0.9785 0.381124 -0.980073 -0.0757658 0.183621 -0.492569 0.0592315 -0.993816 -0.0939222 0.43599 
1535121178460 0.208727 0.917291 -0.339131 -0.612621 -0.935083 0.288758 0.205522 -0.239237 0.286451 0.274218 0.918014 0.39001 0.190178 -0.0798145 0.9785 0.381128 -0.979924 -0.0761923 0.18424 -0.49277 0.0598492 -0.993894 -0.0927022 0.435832 
1535121178617 0.208869 0.917314 -0.338982 -0.612301 -0.935029 0.288878 0.205598 -0.23915 0.286522 0.274015 0.918053 0.390114 0.190753 -0.0784544 0.978498 0.381133 -0.979774 -0.0766178 0.184859 -0.49297 0.0604674 -0.993969 -0.0914826 0.435674 
1535121178677 0.20901 0.917337 -0.338833 -0.611981 -0.934975 0.288998 0.205673 -0.239063 0.286594 0.273812 0.918091 0.390218 0.191327 -0.0770939 0.978494 0.381137 -0.979624 -0.0770424 0.185478 -0.49317 0.0610863 -0.994043 -0.0902633 0.435515 
1535121178857 0.209153 0.91736 -0.338684 -0.611659 -0.934922 0.289118 0.205749 -0.238976 0.286665 0.27361 0.918129 0.390322 0.191902 -0.0757327 0.978488 0.381142 -0.979472 -0.0774664 0.186099 -0.493372 0.0617061 -0.994114 -0.089044 0.435357 
1535121179255 0.208819 0.917407 -0.338761 -0.611959 -0.934999 0.288822 0.205813 -0.238887 0.286656 0.273763 0.918086 0.39019 0.191523 -0.0762569 0.978521 0.381083 -0.979549 -0.077492 0.185685 -0.493325 0.0616679 -0.994072 -0.0895389 0.435487 
1535121179273 0.209026 0.917454 -0.338506 -0.611687 -0.934909 0.288999 0.205971 -0.238784 0.286797 0.273419 0.918144 0.390255 0.191686 -0.0764173 0.978477 0.381106 -0.979531 -0.0773164 0.185854 -0.49347 0.0614499 -0.994074 -0.0896736 0.4355 
1535121179288 0.209234 0.9175 -0.338254 -0.611409 -0.93482 0.289177 0.206129 -0.238678 0.286938 0.273077 0.918202 0.390321 0.191851 -0.0765777 0.978432 0.38113 -0.979512 -0.0771413 0.186025 -0.493619 0.0612321 -0.994075 -0.0898084 0.435512 
1535121179304 0.209442 0.917545 -0.338001 -0.61113 -0.93473 0.289355 0.206286 -0.238572 0.287079 0.272735 0.91826 0.390387 0.192016 -0.076738 0.978387 0.381154 -0.979493 -0.0769662 0.186196 -0.493769 0.0610144 -0.994076 -0.089943 0.435525 
1535121179353 0.209649 0.917591 -0.337748 -0.610854 -0.93464 0.289532 0.206444 -0.238467 0.28722 0.272392 0.918318 0.390453 0.19218 -0.0768985 0.978342 0.381178 -0.979475 -0.076791 0.186367 -0.493917 0.0607966 -0.994077 -0.0900778 0.435538 
