1535161135772 0.220546 0.925324 -0.308438 -0.519941 -0.942901 0.283183 0.175344 -0.188608 0.249594 0.252155 0.934944 0.438874 0.303173 -0.270086 0.91386 0.334884 -0.942726 -0.225006 0.246251 -0.491755 0.139115 -0.936176 -0.322833 0.471866 
1535161135783 0.223527 0.925403 -0.306048 -0.531454 -0.942369 0.285381 0.174637 -0.194058 0.24895 0.249374 0.935861 0.43251 0.286331 -0.257549 0.922867 0.339749 -0.951482 -0.189707 0.242267 -0.49103 0.112679 -0.94746 -0.299372 0.468693 
1535161135790 0.226503 0.925468 -0.303655 -0.542971 -0.941831 0.287578 0.173936 -0.19951 0.248297 0.246594 0.936771 0.426145 0.269806 -0.244284 0.931413 0.344612 -0.959094 -0.154257 0.237368 -0.490302 0.0856923 -0.957356 -0.27591 0.465521 
1535161136838 0.229476 0.925519 -0.301257 -0.554487 -0.941285 0.289776 0.173241 -0.204962 0.247635 0.243813 0.937674 0.41978 0.253628 -0.230312 0.939483 0.349476 -0.965549 -0.118715 0.231563 -0.489575 0.0581993 -0.965848 -0.252487 0.462348 
1535161136914 0.232446 0.925557 -0.298854 -0.566006 -0.940732 0.291973 0.172552 -0.210415 0.246964 0.241032 0.938569 0.413415 0.237822 -0.215656 0.947065 0.354339 -0.970838 -0.0831378 0.22486 -0.488847 0.0302444 -0.972924 -0.229139 0.459175 
1535161136922 0.235412 0.925581 -0.296447 -0.577522 -0.940173 0.29417 0.171869 -0.215867 0.246284 0.238252 0.939457 0.407051 0.222415 -0.200341 0.954146 0.359202 -0.97495 -0.0475832 0.217274 -0.488119 0.00187242 -0.97857 -0.205906 0.456003 
1535161137504 0.238375 0.925592 -0.294036 -0.589039 -0.939606 0.296367 0.171191 -0.221318 0.245596 0.235471 0.940338 0.400686 0.207431 -0.184391 0.960714 0.364066 -0.97788 -0.0121086 0.208814 -0.487391 -0.0268705 -0.982778 -0.182824 0.45283 
1535161138332 0.241335 0.925589 -0.291621 -0.600555 -0.939033 0.298565 0.170519 -0.22677 0.244898 0.232689 0.941212 0.394321 0.192895 -0.167832 0.96676 0.368929 -0.979624 0.0232285 0.199495 -0.486664 -0.0559379 -0.985542 -0.159931 0.449657 
1535161138620 0.244291 0.925573 -0.289201 -0.612073 -0.938452 0.300762 0.169853 -0.232223 0.244192 0.229908 0.942079 0.387956 0.17883 -0.15069 0.972272 0.373793 -0.980177 0.058371 0.189331 -0.485936 -0.0852826 -0.986856 -0.137264 0.446484 
1535161139553 0.247246 0.925541 -0.286781 -0.623565 -0.937864 0.302962 0.16919 -0.237663 0.243476 0.22713 0.942937 0.381596 0.165259 -0.132993 0.977242 0.378657 -0.979539 0.0932619 0.178339 -0.48521 -0.114857 -0.986719 -0.114859 0.443312 
1535161140754 0.248212 0.925211 -0.28701 -0.623341 -0.937575 0.303956 0.169007 -0.237863 0.243605 0.227144 0.942901 0.382183 0.164995 -0.133703 0.97719 0.378271 -0.979752 0.0917073 0.177975 -0.485539 -0.113411 -0.986769 -0.115865 0.443426 
1535161140772 0.24841 0.925241 -0.286745 -0.624513 -0.937545 0.304076 0.168959 -0.238387 0.24352 0.226865 0.94299 0.381488 0.168655 -0.134086 0.976512 0.37786 -0.980189 0.0815706 0.18049 -0.485855 -0.103856 -0.987607 -0.117673 0.443853 
1535161140779 0.248608 0.92527 -0.286479 -0.625691 -0.937515 0.304196 0.168912 -0.238914 0.243435 0.226585 0.943079 0.380792 0.172316 -0.134432 0.975825 0.377449 -0.980518 0.0714243 0.182985 -0.486173 -0.0942967 -0.988345 -0.119505 0.444281 
1535161140904 0.248806 0.925299 -0.286213 -0.626867 -0.937484 0.304316 0.168865 -0.239441 0.24335 0.226306 0.943168 0.380097 0.17598 -0.13474 0.975129 0.377038 -0.98074 0.0612701 0.185459 -0.48649 -0.0847349 -0.988985 -0.121362 0.444709 
1535161141213 0.249004 0.925328 -0.285947 -0.628045 -0.937454 0.304435 0.168818 -0.239967 0.243265 0.226026 0.943257 0.379401 0.179645 -0.135009 0.974423 0.376627 -0.980855 0.051109 0.187912 -0.486808 -0.0751717 -0.989525 -0.123243 0.445136 
1535161141516 0.249202 0.925357 -0.285681 -0.629222 -0.937423 0.304555 0.168772 -0.240494 0.243179 0.225746 0.943346 0.378705 0.18331 -0.135241 0.973708 0.376216 -0.980863 0.0409423 0.190343 -0.487125 -0.0656081 -0.989966 -0.125148 0.445564 
1535161141639 0.2494 0.925385 -0.285415 -0.630398 -0.937393 0.304675 0.168725 -0.24102 0.243094 0.225466 0.943435 0.37801 0.186976 -0.135435 0.972984 0.375805 -0.980764 0.0307708 0.192754 -0.487443 -0.0560452 -0.990308 -0.127076 0.445992 
1535161141647 0.249598 0.925414 -0.285149 -0.631575 -0.937362 0.304795 0.168678 -0.241547 0.243009 0.225186 0.943524 0.377314 0.190641 -0.135591 0.972251 0.375394 -0.980559 0.020596 0.195143 -0.48776 -0.046484 -0.990551 -0.129028 0.446419 
1535161142002 0.249796 0.925443 -0.284883 -0.632752 -0.937332 0.304915 0.168631 -0.242073 0.242923 0.224906 0.943613 0.376618 0.194307 -0.135708 0.971508 0.374984 -0.980245 0.0104186 0.19751 -0.488078 -0.0369255 -0.990694 -0.131003 0.446847 
1535161142206 0.249993 0.925471 -0.284617 -0.633929 -0.937301 0.305035 0.168584 -0.2426 0.242838 0.224626 0.943702 0.375923 0.197972 -0.135788 0.970757 0.374573 -0.979826 0.000240044 0.199855 -0.488395 -0.0273708 -0.990738 -0.133001 0.447274 
1535161142954 0.250524 0.925265 -0.284821 -0.633695 -0.937114 0.30562 0.168562 -0.242728 0.243012 0.224681 0.943644 0.37619 0.197655 -0.135857 0.970812 0.374651 -0.979841 0.0019623 0.199768 -0.488234 -0.0290449 -0.990726 -0.132731 0.447136 
1535161142965 0.249976 0.92508 -0.2859 -0.633915 -0.937153 0.305393 0.168756 -0.242894 0.243425 0.225748 0.943283 0.376206 0.197692 -0.134032 0.971058 0.375329 -0.97988 0.000707683 0.199586 -0.488311 -0.0274382 -0.990977 -0.131196 0.446944 
1535161142971 0.249426 0.924894 -0.28698 -0.634139 -0.937192 0.305166 0.168951 -0.243061 0.243838 0.226814 0.94292 0.37622 0.197727 -0.132207 0.971301 0.376009 -0.979917 -0.000547819 0.199407 -0.488391 -0.0258308 -0.991222 -0.12966 0.446753 
1535161143159 0.248876 0.924707 -0.288058 -0.634363 -0.937231 0.304938 0.169146 -0.243228 0.24425 0.227881 0.942556 0.376235 0.197761 -0.130381 0.971541 0.376688 -0.979951 -0.00180392 0.199231 -0.488471 -0.0242233 -0.991462 -0.128123 0.446561 
1535161143165 0.248326 0.924518 -0.289137 -0.634587 -0.93727 0.304711 0.169341 -0.243396 0.244662 0.228947 0.942191 0.37625 0.19779 -0.128554 0.971778 0.377367 -0.979983 -0.00306009 0.199055 -0.488551 -0.0226157 -0.991698 -0.126586 0.446369 
1535161143256 0.247775 0.924329 -0.290214 -0.634812 -0.937308 0.304484 0.169537 -0.243564 0.245074 0.230013 0.941824 0.376265 0.197817 -0.126728 0.972013 0.378047 -0.980014 -0.00431673 0.198883 -0.488631 -0.021008 -0.991928 -0.125049 0.446178 
1535161143263 0.247224 0.924137 -0.291291 -0.635035 -0.937346 0.304258 0.169733 -0.243731 0.245484 0.231079 0.941456 0.37628 0.197841 -0.1249 0.972244 0.378726 -0.980042 -0.00557361 0.198712 -0.48871 -0.0194003 -0.992154 -0.12351 0.445986 
1535161143356 0.246672 0.923945 -0.292368 -0.635261 -0.937384 0.304031 0.169929 -0.243899 0.245894 0.232145 0.941087 0.376294 0.197862 -0.123073 0.972473 0.379405 -0.980068 -0.00683088 0.198543 -0.48879 -0.0177924 -0.992374 -0.121971 0.445795 
1535161143582 0.246119 0.923751 -0.293444 -0.635484 -0.937422 0.303805 0.170125 -0.244066 0.246303 0.23321 0.940717 0.376309 0.19788 -0.121245 0.972699 0.380085 -0.980093 -0.00808838 0.198376 -0.48887 -0.0161845 -0.99259 -0.120432 0.445603 
1535161143644 0.245566 0.923556 -0.29452 -0.635709 -0.93746 0.303579 0.170322 -0.244234 0.246712 0.234275 0.940345 0.376324 0.197896 -0.119416 0.972922 0.380764 -0.980115 -0.00934633 0.198212 -0.48895 -0.0145765 -0.9928 -0.118891 0.445411 
1535161143987 0.246046 0.923761 -0.293474 -0.635472 -0.937463 0.30372 0.170051 -0.244045 0.24622 0.233281 0.940721 0.376277 0.198157 -0.120455 0.972741 0.380375 -0.980047 -0.00859302 0.198581 -0.488833 -0.0155612 -0.992682 -0.119754 0.445431 
1535161143999 0.245356 0.923936 -0.293502 -0.635484 -0.937555 0.303152 0.170556 -0.244174 0.246559 0.233327 0.940621 0.376345 0.197805 -0.119066 0.972983 0.380774 -0.980099 -0.00713389 0.198379 -0.488844 -0.0166791 -0.992861 -0.118108 0.445238 
1535161144016 0.244666 0.92411 -0.293529 -0.635501 -0.937646 0.302584 0.171061 -0.244306 0.246897 0.233373 0.940521 0.376412 0.197455 -0.117678 0.973223 0.381173 -0.98015 -0.00567397 0.198174 -0.488855 -0.0177987 -0.993036 -0.116462 0.445045 
1535161144020 0.243975 0.924284 -0.293555 -0.635519 -0.937737 0.302016 0.171566 -0.244438 0.247235 0.233419 0.94042 0.376478 0.197105 -0.116288 0.973461 0.381572 -0.9802 -0.00421469 0.197966 -0.488866 -0.0189183 -0.993207 -0.114816 0.444851 
1535161144229 0.243285 0.924458 -0.293581 -0.635535 -0.937828 0.301448 0.172072 -0.244569 0.247572 0.233466 0.94032 0.376545 0.196758 -0.114898 0.973696 0.381971 -0.980247 -0.00275546 0.197756 -0.488877 -0.0200388 -0.993374 -0.11317 0.444658 
1535161144274 0.242594 0.924631 -0.293607 -0.635553 -0.937917 0.30088 0.172577 -0.244701 0.24791 0.233513 0.940219 0.376612 0.196413 -0.113506 0.973929 0.38237 -0.980293 -0.00129696 0.197545 -0.488888 -0.0211594 -0.993536 -0.111524 0.444465 
1535161144283 0.241903 0.924804 -0.293632 -0.635571 -0.938006 0.300311 0.173082 -0.244832 0.248248 0.23356 0.940118 0.376679 0.196068 -0.112114 0.97416 0.38277 -0.980337 0.000161634 0.19733 -0.4889 -0.0222809 -0.993695 -0.109878 0.444272 
1535161144360 0.241212 0.924977 -0.293657 -0.635587 -0.938095 0.299743 0.173587 -0.244964 0.248586 0.233607 0.940017 0.376746 0.195726 -0.110721 0.974388 0.383169 -0.980379 0.00161975 0.197113 -0.488911 -0.0234029 -0.99385 -0.108232 0.444079 
1535161144560 0.240521 0.925149 -0.293682 -0.635605 -0.938183 0.299174 0.174092 -0.245096 0.248923 0.233655 0.939916 0.376812 0.195385 -0.109328 0.974614 0.383568 -0.98042 0.00307768 0.196894 -0.488922 -0.0245255 -0.994001 -0.106586 0.443885 
1535161144601 0.23983 0.925321 -0.293706 -0.635622 -0.93827 0.298605 0.174597 -0.245227 0.249261 0.233702 0.939815 0.376879 0.195045 -0.107933 0.974837 0.383967 -0.980459 0.00453523 0.196672 -0.488933 -0.0256486 -0.994148 -0.10494 0.443692 
1535161144816 0.240417 0.925213 -0.293564 -0.63562 -0.938245 0.29902 0.174024 -0.245084 0.248791 0.233597 0.939966 0.376849 0.195618 -0.110289 0.974459 0.383234 -0.980393 0.00206404 0.197043 -0.488917 -0.023743 -0.993897 -0.107723 0.444079 
1535161144822 0.240101 0.925422 -0.293164 -0.635583 -0.938353 0.298619 0.17413 -0.245152 0.248688 0.233283 0.940071 0.376848 0.195291 -0.111133 0.974429 0.383369 -0.980411 0.00380767 0.196924 -0.489005 -0.025595 -0.993798 -0.108212 0.444113 
1535161144829 0.239786 0.925631 -0.292763 -0.635551 -0.938461 0.298217 0.174236 -0.245222 0.248586 0.232967 0.940176 0.376846 0.194961 -0.111977 0.974398 0.383505 -0.980427 0.00555171 0.196805 -0.489094 -0.0274472 -0.993695 -0.108703 0.444147 
1535161144846 0.23947 0.92584 -0.292362 -0.635518 -0.938568 0.297816 0.174342 -0.245293 0.248483 0.232652 0.940282 0.376844 0.19463 -0.11282 0.974367 0.383641 -0.980439 0.00729573 0.196688 -0.489183 -0.0292991 -0.993589 -0.109193 0.444181 
1535161144853 0.239154 0.926048 -0.29196 -0.635486 -0.938676 0.297414 0.174448 -0.245363 0.248381 0.232336 0.940387 0.376842 0.194298 -0.113663 0.974335 0.383777 -0.980448 0.0090398 0.196572 -0.489271 -0.0311506 -0.993478 -0.109684 0.444215 
1535161144979 0.238838 0.926256 -0.291558 -0.635454 -0.938783 0.297013 0.174554 -0.245434 0.248278 0.23202 0.940492 0.37684 0.193964 -0.114504 0.974303 0.383913 -0.980453 0.0107839 0.196456 -0.48936 -0.0330019 -0.993364 -0.110175 0.444248 
1535161145034 0.238522 0.926464 -0.291157 -0.635421 -0.938891 0.296611 0.17466 -0.245504 0.248176 0.231704 0.940597 0.376838 0.193629 -0.115346 0.974271 0.384049 -0.980456 0.0125281 0.196341 -0.489449 -0.0348529 -0.993246 -0.110666 0.444282 
1535161145161 0.238206 0.926671 -0.290755 -0.63539 -0.938998 0.296209 0.174765 -0.245575 0.248074 0.231388 0.940701 0.376836 0.193292 -0.116186 0.974238 0.384185 -0.980455 0.0142724 0.196227 -0.489537 -0.0367036 -0.993125 -0.111157 0.444316 
1535161145222 0.237889 0.926879 -0.290353 -0.635357 -0.939105 0.295807 0.174871 -0.245645 0.247972 0.231072 0.940806 0.376834 0.192953 -0.117026 0.974204 0.384321 -0.98045 0.0160166 0.196114 -0.489626 -0.038554 -0.993 -0.111648 0.44435 
1535161145300 0.237573 0.927086 -0.289951 -0.635326 -0.939212 0.295405 0.174976 -0.245715 0.24787 0.230756 0.94091 0.376832 0.192613 -0.117865 0.97417 0.384457 -0.980443 0.017761 0.196002 -0.489715 -0.0404041 -0.992871 -0.112139 0.444384 
1535161145431 0.237998 0.926799 -0.290519 -0.635363 -0.939031 0.295985 0.174968 -0.245561 0.24815 0.231164 0.940736 0.376867 0.194277 -0.113592 0.974348 0.383987 -0.980423 0.00997531 0.196652 -0.489179 -0.0320574 -0.993477 -0.10943 0.444209 
1535161145442 0.238454 0.926816 -0.290091 -0.635303 -0.939038 0.296224 0.174523 -0.245528 0.247683 0.23079 0.940951 0.376835 0.193647 -0.113408 0.974494 0.383965 -0.980546 0.0101325 0.196029 -0.489241 -0.0321053 -0.993497 -0.109239 0.444156 
1535161145594 0.23891 0.926832 -0.289663 -0.635239 -0.939046 0.296463 0.174077 -0.245493 0.247215 0.230418 0.941166 0.376804 0.193015 -0.113223 0.974641 0.383941 -0.980669 0.0102896 0.195404 -0.489298 -0.0321529 -0.993516 -0.109048 0.444102 
1535161145601 0.239366 0.926848 -0.289234 -0.635175 -0.939053 0.296702 0.173632 -0.245458 0.246747 0.230045 0.94138 0.376772 0.192383 -0.113038 0.974788 0.383918 -0.980791 0.0104465 0.19478 -0.489355 -0.0322006 -0.993536 -0.108857 0.444048 
1535161145746 0.239822 0.926864 -0.288806 -0.635111 -0.939059 0.296942 0.173186 -0.245423 0.246278 0.229672 0.941593 0.376741 0.191751 -0.112853 0.974934 0.383894 -0.980914 0.0106034 0.194155 -0.489412 -0.0322485 -0.993555 -0.108666 0.443994 
1535161145772 0.240278 0.926879 -0.288377 -0.635046 -0.939066 0.297181 0.17274 -0.245387 0.24581 0.229299 0.941806 0.37671 0.191119 -0.112668 0.975079 0.383871 -0.981035 0.0107601 0.193529 -0.489469 -0.0322965 -0.993574 -0.108475 0.44394 
1535161145794 0.240733 0.926894 -0.287948 -0.634983 -0.939072 0.297421 0.172295 -0.245352 0.245341 0.228927 0.942019 0.376678 0.190487 -0.112482 0.975224 0.383847 -0.981157 0.0109166 0.192905 -0.489527 -0.0323445 -0.993594 -0.108283 0.443887 
1535161145924 0.241189 0.926909 -0.287519 -0.634917 -0.939077 0.297661 0.171849 -0.245317 0.244872 0.228554 0.942232 0.376647 0.189854 -0.112297 0.975369 0.383824 -0.981278 0.0110731 0.192279 -0.489584 -0.0323928 -0.993613 -0.108092 0.443833 
1535161145962 0.241643 0.926924 -0.287089 -0.634854 -0.939082 0.297901 0.171404 -0.245282 0.244402 0.228182 0.942444 0.376616 0.189222 -0.112112 0.975513 0.3838 -0.981398 0.0112294 0.191654 -0.489641 -0.0324411 -0.993632 -0.107901 0.443779 
1535161145967 0.242098 0.926938 -0.28666 -0.634789 -0.939087 0.298141 0.170958 -0.245246 0.243933 0.22781 0.942656 0.376585 0.188589 -0.111926 0.975657 0.383776 -0.981518 0.0113857 0.191028 -0.489698 -0.0324896 -0.993651 -0.10771 0.443725 
1535161146242 0.241298 0.926915 -0.28741 -0.634892 -0.939088 0.297708 0.171708 -0.245304 0.244723 0.22847 0.942291 0.376684 0.189221 -0.11205 0.97552 0.383779 -0.981402 0.0111405 0.191642 -0.489687 -0.0323412 -0.99364 -0.107858 0.443854 
1535161146257 0.242043 0.926744 -0.287334 -0.634691 -0.938967 0.298338 0.171275 -0.245187 0.244451 0.228341 0.942393 0.376732 0.189238 -0.113027 0.975404 0.383829 -0.981404 0.0107898 0.191652 -0.48982 -0.0321863 -0.993533 -0.108883 0.443936 
1535161146280 0.242788 0.926572 -0.287258 -0.634486 -0.938845 0.298969 0.170842 -0.245069 0.244179 0.228213 0.942494 0.376781 0.189256 -0.114004 0.975287 0.383879 -0.981405 0.0104384 0.191663 -0.489954 -0.0320309 -0.993425 -0.109909 0.444018 
1535161146290 0.243533 0.9264 -0.287183 -0.63428 -0.938723 0.299599 0.170409 -0.24495 0.243906 0.228085 0.942596 0.376829 0.189274 -0.114982 0.975169 0.383928 -0.981407 0.010087 0.191674 -0.490087 -0.0318755 -0.993316 -0.110935 0.4441 
1535161146446 0.244278 0.926228 -0.287107 -0.634075 -0.9386 0.30023 0.169975 -0.244831 0.243634 0.227958 0.942697 0.376878 0.189293 -0.115959 0.97505 0.383978 -0.981408 0.00973554 0.191685 -0.490221 -0.0317202 -0.993206 -0.11196 0.444182 
1535161146530 0.245023 0.926054 -0.287031 -0.633869 -0.938477 0.30086 0.169542 -0.244712 0.243361 0.22783 0.942798 0.376927 0.189311 -0.116936 0.974929 0.384028 -0.98141 0.00938407 0.191695 -0.490355 -0.0315649 -0.993095 -0.112986 0.444264 
1535161146677 0.245768 0.925881 -0.286954 -0.633664 -0.938353 0.30149 0.169109 -0.244594 0.243088 0.227703 0.9429 0.376976 0.18933 -0.117913 0.974808 0.384078 -0.981411 0.00903263 0.191705 -0.490488 -0.0314096 -0.992983 -0.114011 0.444347 
1535161146772 0.246513 0.925707 -0.286878 -0.633458 -0.938228 0.30212 0.168675 -0.244474 0.242815 0.227576 0.943 0.377025 0.189349 -0.11889 0.974686 0.384128 -0.981412 0.00868113 0.191715 -0.490622 -0.0312543 -0.99287 -0.115036 0.444429 
1535161146900 0.247257 0.925532 -0.2868 -0.633253 -0.938103 0.30275 0.168242 -0.244356 0.242542 0.227449 0.943101 0.377073 0.189368 -0.119867 0.974562 0.384178 -0.981414 0.00832966 0.191724 -0.490755 -0.031099 -0.992755 -0.116061 0.444511 
1535161146984 0.248002 0.925357 -0.286723 -0.633048 -0.937977 0.30338 0.167809 -0.244237 0.242269 0.227322 0.943202 0.377122 0.189387 -0.120843 0.974438 0.384228 -0.981415 0.00797818 0.191732 -0.490889 -0.0309438 -0.99264 -0.117086 0.444593 
1535161147247 0.24761 0.925434 -0.286811 -0.633183 -0.937991 0.303106 0.168223 -0.244305 0.242614 0.227372 0.943102 0.377127 0.189465 -0.119886 0.974541 0.384186 -0.981391 0.00842055 0.191833 -0.490689 -0.0312042 -0.992752 -0.116059 0.444437 
1535161147247 0.247829 0.925392 -0.286759 -0.632866 -0.937966 0.303274 0.16806 -0.244149 0.242488 0.22732 0.943147 0.377233 0.188114 -0.120218 0.974762 0.384039 -0.981542 0.0118135 0.190879 -0.490628 -0.0344624 -0.992677 -0.115776 0.444199 
1535161147254 0.248049 0.925349 -0.286707 -0.632543 -0.937941 0.303444 0.167896 -0.24399 0.242362 0.227268 0.943191 0.37734 0.186762 -0.120544 0.974982 0.383891 -0.981681 0.0152063 0.189925 -0.490564 -0.0377203 -0.992591 -0.115496 0.44396 
1535161147488 0.248268 0.925306 -0.286656 -0.63222 -0.937915 0.303614 0.167732 -0.243831 0.242236 0.227216 0.943236 0.377447 0.185407 -0.120866 0.9752 0.383742 -0.981807 0.0185996 0.188968 -0.4905 -0.0409781 -0.992495 -0.115219 0.443721 
1535161147494 0.248488 0.925263 -0.286604 -0.631899 -0.937889 0.303783 0.167569 -0.243672 0.242111 0.227164 0.943281 0.377554 0.184052 -0.121184 0.975418 0.383595 -0.981921 0.0219926 0.188011 -0.490437 -0.0442359 -0.992386 -0.114945 0.443483 
1535161147563 0.248707 0.92522 -0.286552 -0.631575 -0.937864 0.303953 0.167405 -0.243513 0.241985 0.227112 0.943326 0.377661 0.182695 -0.121496 0.975634 0.383447 -0.982022 0.025386 0.187052 -0.490374 -0.0474936 -0.992267 -0.114674 0.443244 
1535161147747 0.248927 0.925177 -0.2865 -0.631252 -0.937838 0.304123 0.167241 -0.243354 0.241859 0.22706 0.943371 0.377768 0.181337 -0.121804 0.975849 0.383298 -0.982111 0.0287792 0.186092 -0.49031 -0.0507511 -0.992137 -0.114407 0.443006 
1535161147933 0.249146 0.925134 -0.286448 -0.63093 -0.937812 0.304293 0.167078 -0.243196 0.241733 0.227008 0.943415 0.377875 0.179977 -0.122108 0.976062 0.383151 -0.982187 0.0321725 0.185132 -0.490247 -0.0540083 -0.991995 -0.114142 0.442767 
1535161147983 0.249366 0.925091 -0.286397 -0.630607 -0.937786 0.304462 0.166914 -0.243037 0.241608 0.226956 0.94346 0.377982 0.178617 -0.122406 0.976275 0.383002 -0.982251 0.0355657 0.18417 -0.490183 -0.0572654 -0.991843 -0.113881 0.442528 
1535161148228 0.249585 0.925048 -0.286345 -0.630285 -0.93776 0.304632 0.16675 -0.242878 0.241482 0.226904 0.943505 0.378089 0.177255 -0.1227 0.976486 0.382854 -0.982302 0.0389587 0.183207 -0.49012 -0.0605221 -0.991679 -0.113623 0.44229 
1535161148577 0.249432 0.925064 -0.286426 -0.630513 -0.937771 0.304529 0.166879 -0.24295 0.241599 0.226977 0.943457 0.37802 0.177914 -0.122499 0.976392 0.382965 -0.982275 0.0373859 0.183677 -0.490142 -0.0590036 -0.991764 -0.113677 0.442438 
1535161148591 0.249414 0.925011 -0.286614 -0.630012 -0.937681 0.304633 0.167189 -0.242774 0.241964 0.227054 0.943345 0.378176 0.178855 -0.122075 0.976273 0.383072 -0.982245 0.0349451 0.184319 -0.490366 -0.0566167 -0.991905 -0.113658 0.442402 
1535161148595 0.249396 0.924957 -0.286803 -0.629506 -0.937591 0.30474 0.1675 -0.242596 0.24233 0.22713 0.943233 0.378332 0.179796 -0.121649 0.976153 0.383179 -0.982208 0.0325043 0.184962 -0.490592 -0.0542296 -0.992041 -0.113641 0.442366 
1535161148867 0.249379 0.924903 -0.286992 -0.628998 -0.937501 0.304846 0.16781 -0.242417 0.242697 0.227207 0.94312 0.378489 0.180735 -0.121221 0.976033 0.383286 -0.982165 0.0300637 0.185604 -0.490819 -0.0518423 -0.99217 -0.113625 0.44233 
1535161148882 0.249361 0.924849 -0.287181 -0.628493 -0.937411 0.304952 0.168121 -0.24224 0.243063 0.227284 0.943007 0.378646 0.181674 -0.12079 0.975912 0.383393 -0.982114 0.0276231 0.186247 -0.491044 -0.0494545 -0.992294 -0.113611 0.442295 
1535161148895 0.249343 0.924795 -0.28737 -0.627987 -0.937321 0.305059 0.168431 -0.242061 0.243429 0.227361 0.942894 0.378803 0.182611 -0.120357 0.975791 0.3835 -0.982058 0.0251827 0.18689 -0.49127 -0.0470665 -0.992411 -0.113599 0.442259 
1535161149072 0.249325 0.924741 -0.287559 -0.62748 -0.93723 0.305165 0.168742 -0.241883 0.243796 0.227438 0.942781 0.378959 0.183547 -0.119921 0.975669 0.383607 -0.981995 0.0227424 0.187532 -0.491496 -0.0446782 -0.992523 -0.113588 0.442223 
1535161149278 0.249308 0.924687 -0.287748 -0.626974 -0.93714 0.305271 0.169052 -0.241705 0.244162 0.227514 0.942668 0.379116 0.184482 -0.119484 0.975546 0.383714 -0.981926 0.0203023 0.188175 -0.491722 -0.0422896 -0.992629 -0.113579 0.442187 
1535161149402 0.24929 0.924633 -0.287937 -0.626469 -0.937049 0.305378 0.169363 -0.241527 0.244528 0.227591 0.942554 0.379273 0.185416 -0.119044 0.975423 0.383821 -0.98185 0.0178622 0.188817 -0.491947 -0.0399007 -0.992728 -0.113571 0.442151 
1535161149614 0.249272 0.924579 -0.288126 -0.625961 -0.936958 0.305484 0.169673 -0.241348 0.244894 0.227667 0.942441 0.37943 0.186348 -0.118601 0.975299 0.383929 -0.981767 0.0154225 0.189459 -0.492173 -0.0375116 -0.992822 -0.113565 0.442116 
1535161149961 0.249379 0.924539 -0.288164 -0.626154 -0.936961 0.305564 0.169514 -0.241512 0.244775 0.227725 0.942458 0.379306 0.185772 -0.118793 0.975385 0.383824 -0.981836 0.0165196 0.189013 -0.492061 -0.0385664 -0.992782 -0.113567 0.44218 
1535161149969 0.249261 0.924546 -0.288242 -0.6257 -0.936842 0.305606 0.170095 -0.241342 0.245349 0.227639 0.942329 0.379437 0.187078 -0.119045 0.975105 0.383971 -0.981682 0.0138189 0.190027 -0.492275 -0.0360966 -0.992793 -0.114279 0.442282 
1535161149974 0.249145 0.924553 -0.288322 -0.62524 -0.936723 0.305649 0.170673 -0.241169 0.245922 0.227555 0.9422 0.379569 0.188385 -0.119292 0.974823 0.384119 -0.981519 0.0111176 0.19104 -0.492493 -0.0336272 -0.992797 -0.114993 0.442385 
1535161150004 0.249029 0.924559 -0.288401 -0.624781 -0.936603 0.305692 0.171252 -0.240997 0.246494 0.22747 0.942071 0.379701 0.189693 -0.119536 0.97454 0.384266 -0.981349 0.00841591 0.19205 -0.492709 -0.0311585 -0.992794 -0.11571 0.442488 
1535161150265 0.248912 0.924566 -0.28848 -0.624322 -0.936483 0.305734 0.171831 -0.240825 0.247067 0.227386 0.941941 0.379832 0.191 -0.119776 0.974255 0.384414 -0.981171 0.00571388 0.193059 -0.492926 -0.0286906 -0.992784 -0.116429 0.44259 
1535161150285 0.248795 0.924573 -0.288559 -0.623863 -0.936363 0.305777 0.17241 -0.240653 0.24764 0.227301 0.941811 0.379964 0.192308 -0.120013 0.973968 0.384562 -0.980984 0.00301163 0.194065 -0.493142 -0.0262234 -0.992768 -0.117151 0.442693 
1535161150456 0.248679 0.924579 -0.288638 -0.623404 -0.936242 0.30582 0.172988 -0.240481 0.248212 0.227216 0.941681 0.380096 0.193617 -0.120246 0.97368 0.38471 -0.98079 0.000309044 0.195069 -0.493359 -0.0237571 -0.992744 -0.117876 0.442795 
1535161150653 0.248562 0.924586 -0.288716 -0.622945 -0.936121 0.305862 0.173567 -0.240309 0.248785 0.227131 0.941551 0.380228 0.194925 -0.120475 0.973391 0.384857 -0.980587 -0.00239372 0.19607 -0.493575 -0.0212915 -0.992713 -0.118603 0.442898 
1535161150743 0.248445 0.924593 -0.288795 -0.622487 -0.936 0.305904 0.174145 -0.240137 0.249357 0.227047 0.94142 0.380359 0.196234 -0.120701 0.9731 0.385005 -0.980376 -0.0050967 0.197069 -0.493792 -0.0188268 -0.992676 -0.119332 0.443001 
1535161150946 0.248329 0.9246 -0.288874 -0.622026 -0.935878 0.305947 0.174723 -0.239964 0.249929 0.226962 0.941288 0.380491 0.197544 -0.120923 0.972807 0.385153 -0.980158 -0.00779996 0.198067 -0.494009 -0.0163629 -0.992631 -0.120064 0.443103 
1535161151328 0.248336 0.924567 -0.288971 -0.622105 -0.93588 0.305969 0.174676 -0.239948 0.249916 0.227064 0.941267 0.380465 0.196921 -0.120972 0.972928 0.385032 -0.980263 -0.00659753 0.197585 -0.493984 -0.0174834 -0.992634 -0.119884 0.443024 
1535161151338 0.248339 0.924546 -0.289037 -0.621834 -0.935869 0.305994 0.174691 -0.239829 0.249953 0.227118 0.941244 0.380548 0.197551 -0.12099 0.972797 0.3851 -0.980157 -0.00786556 0.198068 -0.494113 -0.0163126 -0.992623 -0.120143 0.443065 
1535161151352 0.248343 0.924524 -0.289104 -0.621558 -0.935858 0.306019 0.174705 -0.239709 0.24999 0.227174 0.941221 0.380632 0.198182 -0.121007 0.972667 0.385169 -0.980048 -0.00913344 0.19855 -0.494244 -0.0151422 -0.99261 -0.120403 0.443107 
1535161151369 0.248347 0.924502 -0.289171 -0.621283 -0.935847 0.306045 0.174719 -0.239588 0.250027 0.227229 0.941198 0.380715 0.198814 -0.121023 0.972536 0.385238 -0.979938 -0.0104014 0.199033 -0.494375 -0.0139719 -0.992595 -0.120663 0.443149 
1535161151586 0.248351 0.92448 -0.289239 -0.621007 -0.935836 0.30607 0.174733 -0.239467 0.250064 0.227285 0.941174 0.380799 0.199446 -0.121039 0.972405 0.385306 -0.979825 -0.0116694 0.199515 -0.494506 -0.0128017 -0.992579 -0.120924 0.443191 
1535161151595 0.248355 0.924457 -0.289306 -0.620731 -0.935825 0.306096 0.174747 -0.239346 0.250101 0.227341 0.941151 0.380883 0.200077 -0.121054 0.972273 0.385375 -0.979711 -0.0129374 0.199997 -0.494637 -0.0116317 -0.992562 -0.121186 0.443232 
1535161151600 0.248359 0.924435 -0.289373 -0.620456 -0.935814 0.306121 0.174761 -0.239226 0.250139 0.227396 0.941128 0.380967 0.200709 -0.121067 0.972141 0.385444 -0.979595 -0.0142053 0.200479 -0.494768 -0.0104619 -0.992543 -0.121448 0.443274 
1535161151807 0.248363 0.924413 -0.28944 -0.620179 -0.935803 0.306147 0.174775 -0.239104 0.250176 0.227452 0.941105 0.381051 0.201341 -0.12108 0.972009 0.385513 -0.979477 -0.0154733 0.200961 -0.494899 -0.00929215 -0.992522 -0.121711 0.443316 
1535161151853 0.248367 0.924391 -0.289508 -0.619904 -0.935792 0.306172 0.174789 -0.238984 0.250213 0.227507 0.941081 0.381135 0.201972 -0.121093 0.971877 0.385582 -0.979358 -0.0167412 0.201441 -0.49503 -0.00812261 -0.9925 -0.121974 0.443357 
1535161152067 0.248371 0.924369 -0.289575 -0.619629 -0.935781 0.306198 0.174803 -0.238863 0.25025 0.227562 0.941058 0.381218 0.202603 -0.121104 0.971744 0.38565 -0.979236 -0.018009 0.201921 -0.495161 -0.00695323 -0.992476 -0.122238 0.443399 
1535161152317 0.248112 0.924469 -0.289477 -0.619874 -0.935862 0.305922 0.174857 -0.238862 0.250207 0.227527 0.941078 0.381187 0.20212 -0.121055 0.97185 0.385658 -0.979329 -0.0169892 0.20156 -0.494991 -0.00788887 -0.9925 -0.121987 0.443415 
1535161152336 0.248167 0.924362 -0.289772 -0.619644 -0.935778 0.306093 0.175006 -0.23878 0.250466 0.227732 0.94096 0.381271 0.202443 -0.120068 0.971906 0.385671 -0.979273 -0.0182523 0.201723 -0.495103 -0.00648092 -0.992598 -0.121274 0.443323 
1535161152349 0.248221 0.924255 -0.290068 -0.61941 -0.935694 0.306264 0.175155 -0.238696 0.250725 0.227938 0.940841 0.381355 0.202764 -0.11908 0.97196 0.385684 -0.979214 -0.0195148 0.201887 -0.495217 -0.00507316 -0.992693 -0.120562 0.443232 
1535161152356 0.248276 0.924147 -0.290364 -0.619176 -0.93561 0.306435 0.175303 -0.238612 0.250984 0.228144 0.940722 0.381439 0.203084 -0.118093 0.972014 0.385697 -0.979155 -0.0207771 0.202051 -0.495331 -0.00366517 -0.992785 -0.11985 0.443141 
1535161152470 0.248331 0.924039 -0.290659 -0.618942 -0.935526 0.306607 0.175452 -0.238527 0.251243 0.228349 0.940603 0.381523 0.203402 -0.117104 0.972067 0.38571 -0.979093 -0.0220392 0.202217 -0.495445 -0.00225694 -0.992875 -0.119139 0.443049 
1535161152476 0.248385 0.923932 -0.290955 -0.618709 -0.935442 0.306778 0.175601 -0.238444 0.251502 0.228555 0.940484 0.381608 0.203719 -0.116116 0.972119 0.385722 -0.979029 -0.0233011 0.202384 -0.495558 -0.000848476 -0.992962 -0.118427 0.442958 
1535161152581 0.24844 0.923824 -0.291251 -0.618474 -0.935358 0.30695 0.175749 -0.238359 0.251761 0.228761 0.940364 0.381692 0.204034 -0.115126 0.972171 0.385736 -0.978964 -0.0245627 0.202551 -0.495673 0.000560227 -0.993047 -0.117716 0.442866 
1535161152819 0.248494 0.923716 -0.291546 -0.618241 -0.935274 0.307121 0.175898 -0.238275 0.25202 0.228966 0.940245 0.381776 0.204348 -0.114137 0.972222 0.385749 -0.978896 -0.0258242 0.202719 -0.495786 0.00196915 -0.993129 -0.117005 0.442775 
1535161152884 0.248549 0.923608 -0.291842 -0.618006 -0.935189 0.307292 0.176046 -0.23819 0.252279 0.229172 0.940125 0.381861 0.20466 -0.113146 0.972272 0.385762 -0.978827 -0.0270854 0.202888 -0.4959 0.0033783 -0.993209 -0.116294 0.442684 
1535161152962 0.248603 0.9235 -0.292138 -0.617773 -0.935105 0.307464 0.176195 -0.238106 0.252538 0.229377 0.940006 0.381945 0.204972 -0.112156 0.972321 0.385775 -0.978756 -0.0283465 0.203059 -0.496014 0.00478769 -0.993286 -0.115583 0.442592 
1535161153218 0.248548 0.923604 -0.291857 -0.617985 -0.935191 0.307293 0.176037 -0.238134 0.252274 0.229188 0.940123 0.381849 0.204398 -0.113805 0.97225 0.38571 -0.978885 -0.0263667 0.202706 -0.495821 0.00256611 -0.993153 -0.116791 0.442716 
1535161153232 0.248688 0.923544 -0.291926 -0.617781 -0.935167 0.307428 0.17593 -0.238043 0.252225 0.229247 0.940121 0.381912 0.20438 -0.112402 0.972417 0.385702 -0.978887 -0.0265831 0.202667 -0.49589 0.00306969 -0.993307 -0.115462 0.442526 
1535161153238 0.248829 0.923484 -0.291995 -0.617572 -0.935142 0.307563 0.175823 -0.237949 0.252177 0.229307 0.94012 0.381976 0.204361 -0.110999 0.972582 0.385695 -0.978889 -0.0268009 0.202628 -0.49596 0.00357461 -0.993459 -0.114133 0.442336 
1535161153244 0.248969 0.923425 -0.292064 -0.617363 -0.935118 0.307698 0.175717 -0.237855 0.252129 0.229367 0.940118 0.382039 0.204342 -0.109596 0.972745 0.385688 -0.978891 -0.0270188 0.202589 -0.496029 0.00407946 -0.993609 -0.112803 0.442146 
1535161153251 0.249109 0.923365 -0.292134 -0.617154 -0.935094 0.307833 0.17561 -0.237762 0.252081 0.229426 0.940116 0.382103 0.204322 -0.108192 0.972906 0.38568 -0.978893 -0.0272366 0.20255 -0.496099 0.00458425 -0.993757 -0.111474 0.441956 
1535161153391 0.249249 0.923305 -0.292203 -0.616944 -0.935069 0.307968 0.175504 -0.237668 0.252033 0.229486 0.940115 0.382167 0.204302 -0.106789 0.973066 0.385673 -0.978895 -0.0274545 0.202512 -0.496168 0.00508905 -0.993903 -0.110144 0.441766 
1535161153537 0.24939 0.923245 -0.292272 -0.616736 -0.935045 0.308103 0.175397 -0.237574 0.251985 0.229545 0.940113 0.382231 0.20428 -0.105385 0.973223 0.385665 -0.978896 -0.0276725 0.202474 -0.496238 0.00559379 -0.994046 -0.108814 0.441576 
1535161153748 0.24953 0.923185 -0.292342 -0.616526 -0.93502 0.308237 0.175291 -0.23748 0.251937 0.229605 0.940111 0.382295 0.204258 -0.103981 0.973379 0.385658 -0.978898 -0.0278906 0.202437 -0.496307 0.00609853 -0.994188 -0.107483 0.441386 
1535161153766 0.24967 0.923126 -0.292411 -0.616317 -0.934996 0.308372 0.175184 -0.237387 0.251889 0.229664 0.94011 0.382358 0.204235 -0.102577 0.973533 0.385651 -0.9789 -0.0281086 0.2024 -0.496377 0.00660321 -0.994328 -0.106153 0.441196 
1535161153861 0.24981 0.923066 -0.29248 -0.616107 -0.934971 0.308507 0.175078 -0.237293 0.251841 0.229724 0.940108 0.382422 0.204212 -0.101172 0.973685 0.385643 -0.978901 -0.0283267 0.202362 -0.496446 0.00710787 -0.994466 -0.104822 0.441006 
1535161154087 0.249721 0.923111 -0.292413 -0.616322 -0.934972 0.30843 0.175208 -0.237322 0.251926 0.229645 0.940105 0.382312 0.204303 -0.103568 0.973414 0.385621 -0.97889 -0.0275975 0.202516 -0.496337 0.00588974 -0.994239 -0.10702 0.441273 
1535161154104 0.24972 0.923051 -0.292602 -0.616154 -0.934982 0.308457 0.17511 -0.237254 0.25189 0.229849 0.940064 0.382381 0.204547 -0.104079 0.973308 0.38563 -0.978837 -0.0280968 0.202705 -0.496419 0.00624942 -0.994172 -0.107624 0.441337 
1535161154120 0.24972 0.922992 -0.292791 -0.615981 -0.934991 0.308484 0.175012 -0.237184 0.251856 0.230053 0.940024 0.382452 0.204794 -0.104591 0.973201 0.38564 -0.978783 -0.028597 0.202895 -0.496502 0.00660962 -0.994104 -0.108228 0.4414 
1535161154131 0.24972 0.922932 -0.292979 -0.615809 -0.935 0.308511 0.174914 -0.237114 0.251821 0.230256 0.939983 0.382522 0.205041 -0.105103 0.973094 0.38565 -0.978729 -0.0290973 0.203085 -0.496586 0.00696965 -0.994036 -0.108833 0.441464 
1535161154244 0.24972 0.922872 -0.293168 -0.615636 -0.93501 0.308539 0.174817 -0.237043 0.251787 0.23046 0.939942 0.382592 0.205287 -0.105614 0.972987 0.38566 -0.978674 -0.0295977 0.203274 -0.496669 0.00732952 -0.993967 -0.109438 0.441528 
1535161154307 0.24972 0.922812 -0.293357 -0.615465 -0.935019 0.308566 0.174719 -0.236973 0.251753 0.230664 0.939902 0.382662 0.205533 -0.106125 0.972879 0.385669 -0.97862 -0.0300981 0.203463 -0.496752 0.00768922 -0.993897 -0.110042 0.441591 
1535161154313 0.24972 0.922752 -0.293546 -0.615291 -0.935028 0.308593 0.174621 -0.236903 0.251718 0.230867 0.939861 0.382732 0.205781 -0.106636 0.972771 0.385679 -0.978565 -0.0305987 0.203652 -0.496836 0.0080488 -0.993827 -0.110647 0.441655 
1535161154529 0.24972 0.922692 -0.293735 -0.615119 -0.935038 0.30862 0.174523 -0.236833 0.251684 0.231071 0.93982 0.382802 0.206027 -0.107147 0.972662 0.385689 -0.97851 -0.0310993 0.20384 -0.496919 0.00840819 -0.993757 -0.111252 0.441719 
1535161154551 0.24972 0.922631 -0.293924 -0.614946 -0.935047 0.308648 0.174426 -0.236762 0.251649 0.231275 0.939779 0.382873 0.206275 -0.107658 0.972554 0.385699 -0.978455 -0.0316001 0.204029 -0.497003 0.00876747 -0.993686 -0.111857 0.441782 
1535161154575 0.24972 0.922571 -0.294112 -0.614774 -0.935056 0.308675 0.174328 -0.236692 0.251615 0.231478 0.939738 0.382943 0.206522 -0.108169 0.972444 0.385709 -0.978399 -0.0321009 0.204216 -0.497086 0.00912656 -0.993614 -0.112462 0.441846 
1535161154838 0.249438 0.922774 -0.293717 -0.614984 -0.935099 0.308361 0.174653 -0.236654 0.251736 0.231089 0.939802 0.382875 0.206252 -0.107318 0.972596 0.385649 -0.978463 -0.0311294 0.204061 -0.496946 0.00837692 -0.993737 -0.111427 0.441758 
1535161154850 0.249545 0.922726 -0.293774 -0.614743 -0.935059 0.308484 0.174648 -0.236556 0.251777 0.231113 0.939785 0.382954 0.206495 -0.107619 0.972511 0.385666 -0.978408 -0.0316275 0.204247 -0.497074 0.00877718 -0.993689 -0.111826 0.441821 
1535161154857 0.249653 0.922679 -0.293832 -0.614497 -0.935019 0.308608 0.174643 -0.236456 0.251818 0.231138 0.939767 0.383033 0.206739 -0.10792 0.972426 0.385684 -0.978353 -0.0321257 0.204434 -0.497204 0.00917728 -0.99364 -0.112226 0.441883 
1535161154864 0.249761 0.922631 -0.29389 -0.61425 -0.934979 0.308732 0.174638 -0.236356 0.251859 0.231164 0.93975 0.383113 0.206985 -0.108221 0.97234 0.385702 -0.978297 -0.0326242 0.204622 -0.497335 0.0095773 -0.993591 -0.112625 0.441946 
1535161154872 0.249869 0.922583 -0.293948 -0.614005 -0.93494 0.308855 0.174632 -0.236256 0.2519 0.231189 0.939733 0.383192 0.207229 -0.108522 0.972255 0.385719 -0.978242 -0.0331224 0.204808 -0.497465 0.00997716 -0.993542 -0.113025 0.442009 
1535161155101 0.249976 0.922536 -0.294007 -0.613758 -0.9349 0.308979 0.174627 -0.236156 0.251941 0.231214 0.939716 0.383272 0.207474 -0.108823 0.972169 0.385737 -0.978185 -0.0336209 0.204995 -0.497595 0.010377 -0.993492 -0.113425 0.442072 
1535161155159 0.250084 0.922488 -0.294065 -0.613511 -0.93486 0.309103 0.174621 -0.236055 0.251983 0.231239 0.939698 0.383352 0.20772 -0.109124 0.972083 0.385755 -0.978129 -0.0341193 0.205181 -0.497725 0.0107767 -0.993442 -0.113824 0.442135 
1535161155166 0.250192 0.92244 -0.294123 -0.613266 -0.93482 0.309227 0.174616 -0.235955 0.252024 0.231264 0.939681 0.383431 0.207965 -0.109424 0.971996 0.385773 -0.978073 -0.0346178 0.205367 -0.497855 0.0111762 -0.993392 -0.114224 0.442197 
1535161155322 0.2503 0.922392 -0.294181 -0.61302 -0.93478 0.30935 0.174611 -0.235856 0.252065 0.23129 0.939664 0.383511 0.208209 -0.109725 0.97191 0.385791 -0.978016 -0.0351163 0.205553 -0.497985 0.0115757 -0.993342 -0.114624 0.44226 
1535161155366 0.250408 0.922344 -0.294239 -0.612773 -0.93474 0.309474 0.174605 -0.235755 0.252106 0.231315 0.939647 0.383591 0.208455 -0.110025 0.971824 0.385809 -0.977959 -0.035615 0.205739 -0.498116 0.0119751 -0.993291 -0.115024 0.442323 
1535161155626 0.250349 0.922359 -0.294243 -0.612985 -0.934778 0.309399 0.174536 -0.235878 0.252024 0.231357 0.939659 0.383471 0.208306 -0.109654 0.971897 0.385848 -0.977995 -0.0351466 0.205647 -0.497852 0.0116088 -0.993348 -0.114562 0.442248 
1535161155639 0.250449 0.922422 -0.293961 -0.612758 -0.93476 0.309432 0.174571 -0.235775 0.251989 0.231062 0.93974 0.383524 0.208186 -0.109495 0.971941 0.385827 -0.978018 -0.0352796 0.205513 -0.498016 0.0117871 -0.993361 -0.114433 0.442216 
1535161155644 0.250548 0.922484 -0.293681 -0.612526 -0.934743 0.309465 0.174606 -0.23567 0.251955 0.230768 0.939822 0.383577 0.208035 -0.109311 0.971994 0.385807 -0.978048 -0.0353827 0.205352 -0.498173 0.0119446 -0.993378 -0.114272 0.44218 
1535161155655 0.250648 0.922547 -0.2934 -0.612295 -0.934725 0.309498 0.174641 -0.235565 0.251921 0.230475 0.939903 0.38363 0.207884 -0.109126 0.972047 0.385786 -0.978079 -0.0354856 0.20519 -0.49833 0.0121021 -0.993394 -0.114111 0.442144 
1535161155661 0.250748 0.922609 -0.293119 -0.612064 -0.934708 0.309532 0.174675 -0.235459 0.251886 0.230182 0.939984 0.383683 0.207733 -0.108942 0.9721 0.385766 -0.978109 -0.0355887 0.205029 -0.498487 0.0122596 -0.993411 -0.11395 0.442108 
1535161155806 0.250847 0.922671 -0.292838 -0.611834 -0.93469 0.309565 0.17471 -0.235355 0.251852 0.229888 0.940065 0.383737 0.207582 -0.108758 0.972153 0.385745 -0.978139 -0.0356919 0.204868 -0.498644 0.012417 -0.993427 -0.113789 0.442072 
1535161155833 0.250947 0.922733 -0.292558 -0.611602 -0.934673 0.309598 0.174744 -0.235249 0.251818 0.229594 0.940146 0.38379 0.207431 -0.108573 0.972206 0.385725 -0.978169 -0.0357949 0.204706 -0.498801 0.0125744 -0.993444 -0.113628 0.442036 
1535161155850 0.251046 0.922795 -0.292277 -0.611371 -0.934656 0.309631 0.174779 -0.235144 0.251783 0.229301 0.940227 0.383843 0.20728 -0.108389 0.972259 0.385704 -0.978199 -0.0358982 0.204545 -0.498957 0.0127319 -0.99346 -0.113467 0.442001 
1535161155883 0.251146 0.922856 -0.291996 -0.611141 -0.934638 0.309664 0.174814 -0.23504 0.251749 0.229007 0.940308 0.383896 0.207129 -0.108205 0.972311 0.385684 -0.978229 -0.0360013 0.204383 -0.499114 0.0128892 -0.993477 -0.113306 0.441965 
1535161155954 0.251245 0.922918 -0.291716 -0.610908 -0.934621 0.309697 0.174848 -0.234934 0.251714 0.228714 0.940388 0.38395 0.206978 -0.108021 0.972364 0.385663 -0.978259 -0.0361045 0.204222 -0.499271 0.0130466 -0.993493 -0.113145 0.441929 
1535161156174 0.250788 0.922845 -0.292339 -0.611431 -0.934771 0.309355 0.17465 -0.235075 0.251611 0.22947 0.940231 0.3838 0.207395 -0.10862 0.972208 0.385662 -0.978176 -0.0358189 0.204666 -0.498873 0.0125926 -0.993438 -0.113678 0.441959 
1535161156227 0.251001 0.922774 -0.292383 -0.611079 -0.934632 0.30964 0.17489 -0.234953 0.251917 0.229373 0.940173 0.383903 0.207061 -0.10911 0.972225 0.385677 -0.978258 -0.0349602 0.204422 -0.498997 0.0116847 -0.993415 -0.113976 0.441992 
1535161156237 0.251213 0.922701 -0.292428 -0.610721 -0.934492 0.309926 0.175129 -0.234829 0.252223 0.229277 0.940115 0.384007 0.206725 -0.1096 0.972241 0.385691 -0.97834 -0.0341019 0.204178 -0.499121 0.0107774 -0.993391 -0.114276 0.442025 
1535161156293 0.251425 0.922629 -0.292474 -0.610365 -0.934352 0.310212 0.175369 -0.234705 0.25253 0.229181 0.940056 0.384111 0.20639 -0.11009 0.972257 0.385706 -0.97842 -0.0332435 0.203934 -0.499246 0.00987003 -0.993366 -0.114575 0.442058 
1535161156301 0.251638 0.922557 -0.292519 -0.610007 -0.934212 0.310498 0.175608 -0.234581 0.252836 0.229085 0.939997 0.384215 0.206055 -0.11058 0.972272 0.38572 -0.978499 -0.0323849 0.203691 -0.49937 0.00896284 -0.993339 -0.114875 0.442091 
