1530572590716 1 0 0 0 0 1 0 0 0 0 1 1.306 -0.088934 -0.991389 -0.0961169 0.448754 -0.143654 0.108257 -0.983689 -0.497015 0.985624 -0.0736758 -0.152045 0.445536 
1530572590726 0.279909 -0.928343 0.244603 0.300984 -0.147656 -0.293387 -0.944522 -0.479371 0.948604 0.228263 -0.219197 0.478029 -0.0816912 -0.991992 -0.0963199 0.442544 -0.144702 0.107424 -0.983627 -0.496443 0.986097 -0.066416 -0.152319 0.44512 
1530572590750 0.23037 -0.928584 0.290966 0.201188 0.100176 -0.27479 -0.956272 -0.45446 0.967933 0.249444 0.0297182 0.470147 -0.0744445 -0.992543 -0.0965246 0.436335 -0.145744 0.106583 -0.983564 -0.49587 0.986517 -0.0591531 -0.152592 0.444704 
1530572590766 0.170624 -0.93075 0.323406 0.101341 0.34256 -0.251713 -0.905148 -0.42958 0.923872 0.265226 0.275889 0.462302 -0.067194 -0.99304 -0.0967313 0.430125 -0.14678 0.105734 -0.983502 -0.495298 0.986884 -0.0518872 -0.152863 0.444287 
1530572590783 0.105004 -0.934631 0.339764 0.00153788 0.56382 -0.225486 -0.794521 -0.404652 0.819196 0.274994 0.503286 0.454426 -0.0599401 -0.993484 -0.0969401 0.423915 -0.147809 0.104878 -0.983439 -0.494725 0.987198 -0.0446188 -0.153133 0.443871 
1530572590799 0.0374996 -0.939998 0.339112 -0.0982593 0.749701 -0.197908 -0.631491 -0.379722 0.660713 0.277914 0.697296 0.446559 -0.0526832 -0.993874 -0.0971508 0.417706 -0.148832 0.104014 -0.983377 -0.494153 0.987458 -0.0373482 -0.153401 0.443455 
1530572590806 -0.0275689 -0.946518 0.321472 -0.198054 0.888172 -0.17076 -0.426605 -0.354797 0.458684 0.273761 0.845378 0.438699 -0.0454237 -0.994212 -0.0973635 0.411496 -0.149849 0.103143 -0.983314 -0.493581 0.987665 -0.0300759 -0.153667 0.443039 
1530572590816 -0.0860243 -0.953777 0.28794 -0.297856 0.970284 -0.14581 -0.193102 -0.329878 0.226161 0.262772 0.937978 0.43084 -0.0381619 -0.994496 -0.0975781 0.405286 -0.15086 0.102264 -0.983251 -0.493008 0.987818 -0.0228022 -0.153932 0.442623 
1530572590836 -0.134105 -0.961303 0.24065 -0.397671 0.990726 -0.124703 0.0539551 -0.304953 -0.0218574 0.245654 0.969111 0.422969 -0.0308983 -0.994727 -0.0977947 0.399076 -0.151864 0.101378 -0.983189 -0.492436 0.987918 -0.0155274 -0.154195 0.442206 
1530572590853 -0.169826 -0.96857 0.181743 -0.497693 0.947801 -0.110027 0.299278 -0.279789 -0.269875 0.223081 0.936698 0.414737 -0.0236334 -0.994904 -0.0980132 0.392867 -0.152861 0.100484 -0.983126 -0.491863 0.987965 -0.00825219 -0.154457 0.44179 
1530572590883 1 0 0 0 0 1 0 0 0 0 1 1.306 -0.0888552 -0.991476 -0.09529 0.448168 -0.143695 0.107428 -0.983774 -0.497133 0.985625 -0.0737208 -0.152016 0.445764 
1530572590894 0.279909 -0.928343 0.244603 0.300984 -0.147656 -0.293387 -0.944522 -0.479371 0.948604 0.228263 -0.219197 0.478029 -0.0816198 -0.99207 -0.0955757 0.442017 -0.144736 0.106677 -0.983703 -0.496549 0.986098 -0.0664564 -0.152295 0.445325 
1530572590901 0.23037 -0.928584 0.290966 0.201188 0.100176 -0.27479 -0.956272 -0.45446 0.967933 0.249444 0.0297182 0.470147 -0.0743808 -0.992612 -0.0958635 0.435866 -0.145772 0.10592 -0.983632 -0.495965 0.986518 -0.0591892 -0.152573 0.444886 
1530572590911 0.170624 -0.93075 0.323406 0.101341 0.34256 -0.251713 -0.905148 -0.42958 0.923872 0.265226 0.275889 0.462302 -0.0671381 -0.9931 -0.0961534 0.429715 -0.146801 0.105154 -0.983561 -0.49538 0.986885 -0.051919 -0.152848 0.444447 
1530572590931 0.105004 -0.934631 0.339764 0.00153788 0.56382 -0.225486 -0.794521 -0.404652 0.819196 0.274994 0.503286 0.454426 -0.0598921 -0.993535 -0.0964453 0.423564 -0.147825 0.104381 -0.98349 -0.494796 0.987198 -0.0446462 -0.153121 0.444008 
1530572590950 0.0374996 -0.939998 0.339112 -0.0982593 0.749701 -0.197908 -0.631491 -0.379722 0.660713 0.277914 0.697296 0.446559 -0.0526432 -0.993917 -0.0967393 0.417413 -0.148844 0.103601 -0.983419 -0.494212 0.987458 -0.0373712 -0.153392 0.443569 
1530572590966 -0.0275689 -0.946518 0.321472 -0.198054 0.888172 -0.17076 -0.426605 -0.354797 0.458684 0.273761 0.845378 0.438699 -0.0453917 -0.994245 -0.0970352 0.411261 -0.149857 0.102813 -0.983348 -0.493628 0.987665 -0.0300945 -0.153661 0.44313 
1530572590971 -0.0860243 -0.953777 0.28794 -0.297856 0.970284 -0.14581 -0.193102 -0.329878 0.226161 0.262772 0.937978 0.43084 -0.0381381 -0.994521 -0.0973331 0.40511 -0.150863 0.102018 -0.983276 -0.493044 0.987819 -0.0228163 -0.153928 0.442691 
1530572590981 -0.134105 -0.961303 0.24065 -0.397671 0.990726 -0.124703 0.0539551 -0.304953 -0.0218574 0.245654 0.969111 0.422969 -0.0308828 -0.994743 -0.097633 0.398959 -0.151864 0.101215 -0.983205 -0.492459 0.987919 -0.0155372 -0.154192 0.442252 
1530572591002 -0.169826 -0.96857 0.181743 -0.497693 0.947801 -0.110027 0.299278 -0.279789 -0.269875 0.223081 0.936698 0.414737 -0.0236262 -0.994912 -0.0979348 0.392808 -0.152859 0.100405 -0.983134 -0.491875 0.987965 -0.00825744 -0.154454 0.441813 
1530572591026 1 0 0 0 0 1 0 0 0 0 1 1.306 -0.0891176 -0.99179 -0.0917047 0.443314 -0.145431 0.104041 -0.983883 -0.498248 0.985347 -0.0743446 -0.153509 0.446492 
1530572591038 0.279909 -0.928343 0.244603 0.300984 -0.147656 -0.293387 -0.944522 -0.479371 0.948604 0.228263 -0.219197 0.478029 -0.0818561 -0.992356 -0.0923534 0.437648 -0.146287 0.103624 -0.9838 -0.497552 0.98585 -0.0670199 -0.153651 0.44598 
1530572591055 0.23037 -0.928584 0.290966 0.201188 0.100176 -0.27479 -0.956272 -0.45446 0.967933 0.249444 0.0297182 0.470147 -0.07459 -0.992868 -0.0930036 0.431983 -0.14714 0.1032 -0.983717 -0.496857 0.986299 -0.0596909 -0.153788 0.445468 
1530572591073 0.170624 -0.93075 0.323406 0.101341 0.34256 -0.251713 -0.905148 -0.42958 0.923872 0.265226 0.275889 0.462302 -0.0673204 -0.993326 -0.0936548 0.426317 -0.14799 0.102771 -0.983635 -0.496161 0.986695 -0.0523587 -0.153921 0.444957 
1530572591088 0.105004 -0.934631 0.339764 0.00153788 0.56382 -0.225486 -0.794521 -0.404652 0.819196 0.274994 0.503286 0.454426 -0.0600477 -0.993731 -0.0943069 0.420651 -0.148837 0.102335 -0.983552 -0.495465 0.987037 -0.0450237 -0.154049 0.444445 
1530572591105 0.0374996 -0.939998 0.339112 -0.0982593 0.749701 -0.197908 -0.631491 -0.379722 0.660713 0.277914 0.697296 0.446559 -0.0527723 -0.994081 -0.0949601 0.414986 -0.14968 0.101892 -0.98347 -0.49477 0.987325 -0.0376863 -0.154172 0.443933 
1530572591121 -0.0275689 -0.946518 0.321472 -0.198054 0.888172 -0.17076 -0.426605 -0.354797 0.458684 0.273761 0.845378 0.438699 -0.0454946 -0.994378 -0.0956141 0.40932 -0.150521 0.101444 -0.983388 -0.494074 0.98756 -0.0303469 -0.15429 0.443421 
1530572591138 -0.0860243 -0.953777 0.28794 -0.297856 0.970284 -0.14581 -0.193102 -0.329878 0.226161 0.262772 0.937978 0.43084 -0.0382149 -0.994621 -0.096269 0.403654 -0.151358 0.100989 -0.983307 -0.493378 0.98774 -0.0230059 -0.154403 0.442909 
1530572591155 -0.134105 -0.961303 0.24065 -0.397671 0.990726 -0.124703 0.0539551 -0.304953 -0.0218574 0.245654 0.969111 0.422969 -0.0309338 -0.994811 -0.0969247 0.397988 -0.152191 0.100528 -0.983225 -0.492682 0.987867 -0.0156638 -0.154511 0.442398 
1530572591171 -0.169826 -0.96857 0.181743 -0.497694 0.947801 -0.110028 0.299278 -0.279789 -0.269875 0.223081 0.936698 0.414737 -0.0236515 -0.994946 -0.0975812 0.392323 -0.153022 0.100061 -0.983144 -0.491987 0.98794 -0.00832082 -0.154615 0.441886 
1530572591199 1 0 0 0 0 1 0 0 0 0 1 1.306 -0.0837758 -0.992303 -0.0911939 0.437001 -0.148433 0.102921 -0.983552 -0.49819 0.985368 -0.0688617 -0.155913 0.445724 
1530572591211 0.279909 -0.928343 0.244603 0.300984 -0.147656 -0.293387 -0.944522 -0.479371 0.948604 0.228263 -0.219197 0.478029 -0.0776271 -0.992637 -0.092978 0.432035 -0.148747 0.103747 -0.983418 -0.497449 0.985824 -0.0625096 -0.155706 0.445275 
1530572591228 0.23037 -0.928584 0.290966 0.201188 0.100176 -0.27479 -0.956272 -0.45446 0.967933 0.249444 0.0297182 0.470147 -0.0714764 -0.992931 -0.094761 0.42707 -0.149068 0.104571 -0.983282 -0.496709 0.98624 -0.0561556 -0.155488 0.444826 
1530572591245 0.170624 -0.93075 0.323406 0.101341 0.34256 -0.251713 -0.905148 -0.42958 0.923872 0.265226 0.275889 0.462302 -0.0653234 -0.993183 -0.0965426 0.422104 -0.149393 0.105393 -0.983145 -0.495968 0.986618 -0.0497995 -0.155259 0.444377 
1530572591251 0.105004 -0.934631 0.339764 0.00153788 0.56382 -0.225486 -0.794521 -0.404652 0.819196 0.274994 0.503286 0.454426 -0.0591683 -0.993394 -0.0983225 0.417138 -0.149724 0.106212 -0.983007 -0.495227 0.986956 -0.0434417 -0.155019 0.443928 
1530572591258 0.0374996 -0.939998 0.339112 -0.0982593 0.749701 -0.197908 -0.631491 -0.379722 0.660713 0.277914 0.697296 0.446559 -0.0530116 -0.993564 -0.100101 0.412173 -0.150059 0.107029 -0.982867 -0.494487 0.987255 -0.0370823 -0.154767 0.44348 
1530572591265 -0.0275689 -0.946518 0.321472 -0.198054 0.888172 -0.17076 -0.426605 -0.354797 0.458684 0.273761 0.845378 0.438699 -0.0468533 -0.993693 -0.101877 0.407207 -0.1504 0.107844 -0.982726 -0.493746 0.987514 -0.0307216 -0.154504 0.443031 
1530572591285 -0.0860243 -0.953777 0.28794 -0.297856 0.970284 -0.14581 -0.193102 -0.329878 0.226161 0.262772 0.937978 0.43084 -0.0406938 -0.993781 -0.103652 0.402241 -0.150746 0.108657 -0.982583 -0.493005 0.987735 -0.02436 -0.15423 0.442582 
1530572591301 -0.134105 -0.961303 0.24065 -0.397671 0.990726 -0.124703 0.0539551 -0.304953 -0.0218574 0.245654 0.969111 0.422969 -0.0345333 -0.993828 -0.105425 0.397275 -0.151096 0.109467 -0.982439 -0.492264 0.987916 -0.0179975 -0.153944 0.442133 
1530572591319 -0.169827 -0.96857 0.181742 -0.497694 0.947801 -0.110028 0.299278 -0.279789 -0.269876 0.223081 0.936698 0.414737 -0.028372 -0.993833 -0.107195 0.39231 -0.151452 0.110274 -0.982294 -0.491524 0.988057 -0.0116347 -0.153647 0.441684 
1530572591342 1 0 0 0 0 1 0 0 0 0 1 1.306 -0.075872 -0.99278 -0.0929028 0.43082 -0.150341 0.103496 -0.983202 -0.497323 0.985718 -0.0606304 -0.157108 0.444606 
1530572591355 0.279909 -0.928343 0.244603 0.300984 -0.147656 -0.293387 -0.944522 -0.479371 0.948604 0.228263 -0.219197 0.478029 -0.0707745 -0.993143 -0.0930492 0.426631 -0.151187 0.102886 -0.983136 -0.496665 0.985968 -0.0555132 -0.157432 0.44441 
1530572591371 0.23037 -0.928584 0.290966 0.201188 0.100176 -0.27479 -0.956272 -0.45446 0.967933 0.249444 0.0297182 0.470147 -0.0656757 -0.993479 -0.0931982 0.422442 -0.152029 0.102272 -0.983071 -0.496007 0.986192 -0.0503951 -0.157754 0.444213 
1530572591388 0.170624 -0.93075 0.323406 0.101341 0.34256 -0.251713 -0.905148 -0.42958 0.923872 0.265226 0.275889 0.462302 -0.0605752 -0.993789 -0.0933489 0.418252 -0.152868 0.101654 -0.983005 -0.495349 0.986388 -0.0452757 -0.158076 0.444016 
1530572591405 0.105004 -0.934631 0.339764 0.00153788 0.56382 -0.225486 -0.794521 -0.404652 0.819196 0.274994 0.503286 0.454426 -0.0554733 -0.994073 -0.0935013 0.414063 -0.153703 0.101031 -0.982938 -0.494691 0.986559 -0.0401554 -0.158397 0.44382 
1530572591421 0.0374996 -0.939998 0.339112 -0.0982593 0.749701 -0.197908 -0.631491 -0.379722 0.660713 0.277914 0.697296 0.446559 -0.05037 -0.99433 -0.0936553 0.409874 -0.154536 0.100404 -0.982872 -0.494033 0.986702 -0.0350342 -0.158717 0.443624 
1530572591438 -0.0275689 -0.946518 0.321472 -0.198054 0.888172 -0.17076 -0.426605 -0.354797 0.458684 0.273761 0.845378 0.438699 -0.0452655 -0.99456 -0.093811 0.405685 -0.155365 0.0997734 -0.982806 -0.493375 0.98682 -0.0299123 -0.159036 0.443427 
1530572591455 -0.0860243 -0.953777 0.28794 -0.297856 0.970284 -0.14581 -0.193102 -0.329878 0.226161 0.262772 0.937978 0.43084 -0.0401599 -0.994765 -0.0939684 0.401496 -0.156191 0.099138 -0.982739 -0.492717 0.98691 -0.0247898 -0.159354 0.443231 
1530572591473 -0.134105 -0.961303 0.24065 -0.397671 0.990726 -0.124703 0.0539551 -0.304953 -0.0218574 0.245654 0.969111 0.422969 -0.0350534 -0.994943 -0.0941273 0.397306 -0.157013 0.0984983 -0.982672 -0.492059 0.986974 -0.0196668 -0.159672 0.443034 
1530572591480 -0.169827 -0.96857 0.181742 -0.497694 0.9478 -0.110029 0.299279 -0.279789 -0.269876 0.22308 0.936697 0.414737 -0.0299461 -0.995094 -0.094288 0.393117 -0.157832 0.0978544 -0.982605 -0.491401 0.987012 -0.0145435 -0.159989 0.442838 
1530572591514 1 0 0 0 0 1 0 0 0 0 1 1.306 -0.0642781 -0.993173 -0.0973424 0.424245 -0.150752 0.106089 -0.982863 -0.495654 0.98648 -0.048502 -0.156542 0.443293 
1530572591525 0.279909 -0.928343 0.244603 0.300984 -0.147656 -0.293387 -0.944522 -0.479371 0.948604 0.228263 -0.219197 0.478029 -0.0605849 -0.993471 -0.096668 0.4208 -0.150515 0.104831 -0.983034 -0.495159 0.98675 -0.045007 -0.155883 0.443125 
1530572591542 0.23037 -0.928584 0.290966 0.201188 0.100176 -0.27479 -0.956272 -0.45446 0.967933 0.249444 0.0297182 0.470147 -0.0568901 -0.993755 -0.0959911 0.417356 -0.150272 0.103575 -0.983204 -0.494664 0.987006 -0.0415097 -0.155226 0.442956 
1530572591558 0.170624 -0.93075 0.323406 0.101341 0.34256 -0.251713 -0.905148 -0.42958 0.923872 0.265226 0.275889 0.462302 -0.0531947 -0.994025 -0.0953113 0.413911 -0.150026 0.102319 -0.983373 -0.494169 0.98725 -0.0380111 -0.154572 0.442788 
1530572591576 0.105004 -0.934631 0.339764 0.00153787 0.56382 -0.225486 -0.794521 -0.404652 0.819196 0.274994 0.503286 0.454426 -0.0494988 -0.994281 -0.0946294 0.410467 -0.149774 0.101064 -0.983542 -0.493674 0.98748 -0.0345111 -0.15392 0.442619 
1530572591591 0.0374996 -0.939998 0.339112 -0.0982593 0.749701 -0.197908 -0.631491 -0.379722 0.660713 0.277914 0.697296 0.446559 -0.0458024 -0.994523 -0.0939449 0.407022 -0.149518 0.0998093 -0.983709 -0.49318 0.987698 -0.0310098 -0.15327 0.442451 
1530572591608 -0.0275689 -0.946518 0.321472 -0.198054 0.888172 -0.17076 -0.426605 -0.354797 0.458684 0.273761 0.845378 0.438699 -0.0421056 -0.994751 -0.0932579 0.403577 -0.149256 0.098556 -0.983875 -0.492685 0.987902 -0.0275073 -0.152623 0.442283 
1530572591626 -0.0860243 -0.953777 0.28794 -0.297856 0.970284 -0.14581 -0.193102 -0.329878 0.226161 0.262772 0.937978 0.43084 -0.0384084 -0.994965 -0.0925685 0.400133 -0.148991 0.0973034 -0.98404 -0.49219 0.988092 -0.0240036 -0.151978 0.442114 
1530572591641 -0.134105 -0.961303 0.24065 -0.397671 0.990726 -0.124703 0.0539551 -0.304953 -0.0218574 0.245654 0.969111 0.422969 -0.0347109 -0.995165 -0.0918765 0.396688 -0.14872 0.0960518 -0.984203 -0.491695 0.98827 -0.0204988 -0.151335 0.441946 
1530572591658 -0.169827 -0.96857 0.181741 -0.497694 0.9478 -0.110029 0.299279 -0.279789 -0.269876 0.22308 0.936697 0.414737 -0.0310132 -0.995351 -0.091182 0.393244 -0.148445 0.094801 -0.984366 -0.4912 0.988434 -0.0169929 -0.150695 0.441777 
1530572591684 1 0 0 0 0 1 0 0 0 0 1 1.306 -0.0511215 -0.993641 -0.100318 0.417474 -0.151125 0.106989 -0.982708 -0.493594 0.987192 -0.0350769 -0.155634 0.442262 
1530572591695 0.279909 -0.928343 0.244603 0.300984 -0.147656 -0.293387 -0.944522 -0.479371 0.948604 0.228263 -0.219197 0.478029 -0.0488115 -0.993878 -0.0991204 0.41477 -0.15033 0.105418 -0.982999 -0.493316 0.98743 -0.0330809 -0.154555 0.442175 
1530572591711 0.23037 -0.928584 0.290966 0.201188 0.100176 -0.27479 -0.956272 -0.45446 0.967933 0.249444 0.0297182 0.470147 -0.0465021 -0.994107 -0.0979201 0.412066 -0.149531 0.103849 -0.983288 -0.493038 0.987663 -0.0310829 -0.153479 0.442088 
1530572591733 0.170624 -0.93075 0.323406 0.101341 0.34256 -0.251713 -0.905148 -0.42958 0.923872 0.265226 0.275889 0.462302 -0.0441934 -0.99433 -0.0967169 0.409362 -0.148729 0.102281 -0.983574 -0.49276 0.98789 -0.0290829 -0.152406 0.442001 
1530572591745 0.105004 -0.934631 0.339764 0.00153787 0.56382 -0.225486 -0.794521 -0.404652 0.819196 0.274994 0.503286 0.454426 -0.0418857 -0.994547 -0.0955115 0.406658 -0.147922 0.100715 -0.983857 -0.492482 0.988112 -0.0270812 -0.151334 0.441914 
1530572591761 0.0374996 -0.939998 0.339112 -0.0982593 0.749701 -0.197908 -0.631491 -0.379722 0.660713 0.277914 0.697296 0.446559 -0.0395785 -0.994757 -0.0943028 0.403955 -0.147113 0.0991494 -0.984138 -0.492205 0.988328 -0.0250775 -0.150266 0.441827 
1530572591778 -0.0275689 -0.946518 0.321472 -0.198054 0.888172 -0.17076 -0.426605 -0.354797 0.458684 0.273761 0.845378 0.438699 -0.0372722 -0.99496 -0.0930918 0.401251 -0.146299 0.0975857 -0.984415 -0.491927 0.988538 -0.0230721 -0.149199 0.441739 
1530572591785 -0.0860243 -0.953777 0.28794 -0.297856 0.970284 -0.14581 -0.193102 -0.329878 0.226161 0.262772 0.937978 0.43084 -0.0349668 -0.995156 -0.091878 0.398547 -0.145481 0.0960235 -0.98469 -0.491649 0.988743 -0.0210649 -0.148134 0.441652 
1530572591795 -0.134105 -0.961303 0.24065 -0.397671 0.990726 -0.124703 0.0539551 -0.304953 -0.0218574 0.245654 0.969111 0.422969 -0.0326622 -0.995346 -0.0906616 0.395843 -0.14466 0.0944628 -0.984962 -0.491371 0.988942 -0.0190559 -0.147072 0.441565 
1530572591822 -0.169828 -0.96857 0.181741 -0.497694 0.9478 -0.11003 0.29928 -0.279789 -0.269877 0.22308 0.936697 0.414737 -0.0303585 -0.995529 -0.0894426 0.393139 -0.143835 0.0929036 -0.985231 -0.491093 0.989136 -0.0170452 -0.146012 0.441478 
1530572591849 1 0 0 0 0 1 0 0 0 0 1 1.306 -0.0406487 -0.99384 -0.103098 0.4118 -0.148645 0.10805 -0.98297 -0.491764 0.988055 -0.0246314 -0.152122 0.441485 
1530572591862 0.279909 -0.928343 0.244603 0.300984 -0.147656 -0.293387 -0.944522 -0.479371 0.948604 0.228263 -0.219197 0.478029 -0.0393225 -0.994033 -0.101743 0.409731 -0.148432 0.106503 -0.983171 -0.49171 0.988141 -0.0235588 -0.151734 0.441557 
1530572591879 0.23037 -0.928584 0.290966 0.201188 0.100176 -0.27479 -0.956272 -0.45446 0.967933 0.249444 0.0297182 0.470147 -0.0379958 -0.994223 -0.100387 0.407663 -0.148216 0.104956 -0.98337 -0.491657 0.988225 -0.022485 -0.151347 0.441629 
1530572591896 0.170624 -0.93075 0.323406 0.101341 0.34256 -0.251713 -0.905148 -0.42958 0.923872 0.265226 0.275889 0.462302 -0.0366694 -0.994408 -0.0990309 0.405594 -0.147997 0.103409 -0.983567 -0.491603 0.988308 -0.0214105 -0.150962 0.4417 
1530572591912 0.105004 -0.934631 0.339764 0.00153787 0.56382 -0.225486 -0.794521 -0.404652 0.819196 0.274994 0.503286 0.454426 -0.0353432 -0.994591 -0.0976735 0.403525 -0.147777 0.101861 -0.983761 -0.49155 0.988389 -0.0203354 -0.150578 0.441772 
1530572591929 0.0374996 -0.939998 0.339112 -0.0982593 0.749701 -0.197908 -0.631491 -0.379722 0.660713 0.277914 0.697296 0.446559 -0.0340172 -0.994769 -0.0963152 0.401457 -0.147555 0.100314 -0.983954 -0.491496 0.988469 -0.0192596 -0.150196 0.441844 
1530572591946 -0.0275689 -0.946518 0.321472 -0.198054 0.888172 -0.17076 -0.426605 -0.354797 0.458684 0.273761 0.845378 0.438699 -0.0326916 -0.994944 -0.0949564 0.399388 -0.147331 0.0987665 -0.984144 -0.491442 0.988547 -0.0181832 -0.149815 0.441916 
1530572591962 -0.0860243 -0.953777 0.28794 -0.297856 0.970284 -0.14581 -0.193102 -0.329878 0.226161 0.262772 0.937978 0.43084 -0.0313661 -0.995116 -0.0935969 0.397319 -0.147104 0.0972193 -0.984332 -0.491389 0.988624 -0.0171062 -0.149435 0.441988 
1530572591979 -0.134105 -0.961303 0.24065 -0.397671 0.990726 -0.124703 0.0539551 -0.304953 -0.0218574 0.245654 0.969111 0.422969 -0.030041 -0.995284 -0.0922367 0.39525 -0.146876 0.0956722 -0.984517 -0.491335 0.988699 -0.0160285 -0.149057 0.442059 
1530572591995 -0.169828 -0.96857 0.181741 -0.497694 0.9478 -0.11003 0.29928 -0.279789 -0.269877 0.22308 0.936697 0.414737 -0.0287163 -0.995448 -0.0908762 0.393182 -0.146645 0.0941254 -0.984701 -0.491282 0.988772 -0.0149504 -0.14868 0.442131 
1530572592021 1 0 0 0 0 1 0 0 0 0 1 1.306 -0.0340037 -0.994057 -0.103416 0.407279 -0.145445 0.107297 -0.983531 -0.49079 0.988782 -0.0184023 -0.148229 0.441272 
1530572592032 0.279909 -0.928343 0.244603 0.300984 -0.147656 -0.293387 -0.944522 -0.479371 0.948604 0.228263 -0.219197 0.478029 -0.0334811 -0.994219 -0.102021 0.405743 -0.14587 0.105846 -0.983625 -0.490847 0.988737 -0.018051 -0.14857 0.441458 
1530572592049 0.23037 -0.928584 0.290966 0.201188 0.100176 -0.27479 -0.956272 -0.45446 0.967933 0.249444 0.0297182 0.470147 -0.0329577 -0.994378 -0.100626 0.404207 -0.146294 0.104396 -0.983717 -0.490903 0.988692 -0.0177001 -0.148913 0.441643 
1530572592066 0.170624 -0.93075 0.323406 0.101341 0.34256 -0.251713 -0.905148 -0.42958 0.923872 0.265226 0.275889 0.462302 -0.0324337 -0.994536 -0.0992303 0.402671 -0.146718 0.102945 -0.983807 -0.49096 0.988646 -0.0173497 -0.149255 0.441828 
1530572592082 0.105004 -0.934631 0.339764 0.00153787 0.56382 -0.225486 -0.794521 -0.404652 0.819196 0.274994 0.503286 0.454426 -0.0319092 -0.994691 -0.0978348 0.401135 -0.147141 0.101493 -0.983895 -0.491016 0.988601 -0.0169998 -0.149598 0.442014 
1530572592099 0.0374996 -0.939998 0.339112 -0.0982593 0.749701 -0.197908 -0.631491 -0.379722 0.660713 0.277914 0.697296 0.446559 -0.031384 -0.994844 -0.0964399 0.3996 -0.147563 0.100042 -0.98398 -0.491073 0.988555 -0.0166503 -0.149942 0.4422 
1530572592116 -0.0275689 -0.946518 0.321472 -0.198054 0.888172 -0.17076 -0.426605 -0.354797 0.458684 0.273761 0.845378 0.438699 -0.0308582 -0.994995 -0.0950445 0.398064 -0.147984 0.0985898 -0.984063 -0.491129 0.988508 -0.0163014 -0.150286 0.442385 
1530572592132 -0.0860243 -0.953777 0.28794 -0.297856 0.970284 -0.14581 -0.193102 -0.329878 0.226161 0.262772 0.937978 0.43084 -0.0303318 -0.995143 -0.0936491 0.396528 -0.148404 0.0971375 -0.984145 -0.491186 0.988461 -0.0159529 -0.15063 0.442571 
1530572592149 -0.134105 -0.961303 0.24065 -0.397671 0.990726 -0.124703 0.0539551 -0.304953 -0.0218574 0.245654 0.969111 0.422969 -0.0298048 -0.995289 -0.0922535 0.394992 -0.148824 0.0956845 -0.984223 -0.491242 0.988414 -0.0156051 -0.150975 0.442756 
1530572592156 -0.169828 -0.96857 0.18174 -0.497694 0.9478 -0.11003 0.29928 -0.279789 -0.269877 0.22308 0.936697 0.414737 -0.0292772 -0.995433 -0.0908575 0.393456 -0.149243 0.0942308 -0.9843 -0.491299 0.988367 -0.0152577 -0.15132 0.442941 
1530572592190 1 0 0 0 0 1 0 0 0 0 1 1.306 -0.0306337 -0.99443 -0.100847 0.402376 -0.145148 0.10425 -0.983902 -0.490532 0.988936 -0.0155029 -0.147533 0.441141 
1530572592202 0.279909 -0.928343 0.244603 0.300984 -0.147656 -0.293387 -0.944522 -0.479371 0.948604 0.228263 -0.219197 0.478029 -0.0306307 -0.994549 -0.0996706 0.401419 -0.145279 0.103088 -0.984006 -0.490614 0.988917 -0.0156608 -0.147644 0.441336 
1530572592219 0.23037 -0.928584 0.290966 0.201188 0.100176 -0.27479 -0.956272 -0.45446 0.967933 0.249444 0.0297182 0.470147 -0.0306275 -0.994666 -0.0984922 0.400461 -0.14541 0.101924 -0.984107 -0.490696 0.988897 -0.015819 -0.147756 0.441532 
1530572592225 0.170624 -0.93075 0.323406 0.101341 0.34256 -0.251713 -0.905148 -0.42958 0.923872 0.265226 0.275889 0.462302 -0.0306243 -0.994782 -0.0973146 0.399504 -0.145541 0.100761 -0.984208 -0.490777 0.988878 -0.0159774 -0.147867 0.441727 
1530572592235 0.105004 -0.934631 0.339764 0.00153787 0.56382 -0.225486 -0.794521 -0.404652 0.819196 0.274994 0.503286 0.454426 -0.0306209 -0.994897 -0.0961368 0.398546 -0.145672 0.099597 -0.984307 -0.490859 0.988859 -0.016136 -0.147978 0.441923 
1530572592256 0.0374996 -0.939998 0.339112 -0.0982593 0.749701 -0.197908 -0.631491 -0.379722 0.660713 0.277914 0.697296 0.446559 -0.0306174 -0.99501 -0.094959 0.397589 -0.145802 0.0984334 -0.984405 -0.490941 0.98884 -0.0162946 -0.148089 0.442118 
1530572592277 -0.0275689 -0.946518 0.321472 -0.198054 0.888172 -0.17076 -0.426605 -0.354797 0.458684 0.273761 0.845378 0.438699 -0.0306137 -0.995122 -0.093781 0.396632 -0.145933 0.0972695 -0.984501 -0.491023 0.988821 -0.0164534 -0.148199 0.442313 
1530572592289 -0.0860243 -0.953777 0.28794 -0.297856 0.970284 -0.14581 -0.193102 -0.329878 0.226161 0.262772 0.937978 0.43084 -0.0306098 -0.995233 -0.0926029 0.395674 -0.146064 0.0961056 -0.984596 -0.491105 0.988801 -0.0166124 -0.14831 0.442509 
1530572592306 -0.134105 -0.961303 0.24065 -0.397671 0.990726 -0.124703 0.0539551 -0.304953 -0.0218574 0.245654 0.969111 0.422969 -0.0306058 -0.995342 -0.0914245 0.394717 -0.146195 0.0949414 -0.984689 -0.491186 0.988782 -0.0167714 -0.14842 0.442704 
1530572592322 -0.169828 -0.96857 0.18174 -0.497694 0.9478 -0.11003 0.29928 -0.279789 -0.269877 0.22308 0.936697 0.414737 -0.0306016 -0.995449 -0.0902459 0.393759 -0.146326 0.0937771 -0.984781 -0.491268 0.988763 -0.0169306 -0.14853 0.4429 
1530572592347 1 0 0 0 0 1 0 0 0 0 1 1.306 -0.0296091 -0.994818 -0.0972633 0.398979 -0.146609 0.100576 -0.984068 -0.490609 0.988751 -0.0148777 -0.148828 0.441775 
1530572592359 0.279909 -0.928343 0.244603 0.300984 -0.147656 -0.293387 -0.944522 -0.479371 0.948604 0.228263 -0.219197 0.478029 -0.0298013 -0.994894 -0.0964268 0.398458 -0.146292 0.0997722 -0.984197 -0.490698 0.988792 -0.0152239 -0.148518 0.441892 
1530572592376 0.23037 -0.928584 0.290966 0.201188 0.100176 -0.27479 -0.956272 -0.45446 0.967933 0.249444 0.0297182 0.470147 -0.0299931 -0.994969 -0.0955906 0.397938 -0.145974 0.0989684 -0.984326 -0.490786 0.988834 -0.0155692 -0.148208 0.44201 
1530572592393 0.170624 -0.93075 0.323406 0.101341 0.34256 -0.251713 -0.905148 -0.42958 0.923872 0.265226 0.275889 0.462302 -0.0301855 -0.995043 -0.0947543 0.397417 -0.145657 0.0981645 -0.984453 -0.490875 0.988875 -0.0159146 -0.147898 0.442127 
1530572592409 0.105004 -0.934631 0.339764 0.00153787 0.56382 -0.225486 -0.794521 -0.404652 0.819196 0.274994 0.503286 0.454426 -0.0303781 -0.995116 -0.093918 0.396897 -0.145339 0.0973604 -0.98458 -0.490963 0.988915 -0.0162596 -0.147587 0.442244 
1530572592426 0.0374996 -0.939998 0.339112 -0.0982593 0.749701 -0.197908 -0.631491 -0.379722 0.660713 0.277914 0.697296 0.446559 -0.030571 -0.995189 -0.0930818 0.396376 -0.145022 0.0965561 -0.984706 -0.491052 0.988956 -0.0166045 -0.147276 0.442362 
1530572592432 -0.0275689 -0.946518 0.321472 -0.198054 0.888172 -0.17076 -0.426605 -0.354797 0.458684 0.273761 0.845378 0.438699 -0.0307641 -0.995261 -0.0922455 0.395855 -0.144705 0.0957517 -0.984831 -0.491141 0.988996 -0.0169491 -0.146965 0.442479 
1530572592442 -0.0860243 -0.953777 0.28794 -0.297856 0.970284 -0.14581 -0.193102 -0.329878 0.226161 0.262772 0.937978 0.43084 -0.0309575 -0.995332 -0.0914092 0.395335 -0.144388 0.0949471 -0.984955 -0.491229 0.989037 -0.0172934 -0.146653 0.442596 
1530572592463 -0.134105 -0.961303 0.24065 -0.397671 0.990726 -0.124703 0.0539551 -0.304953 -0.0218574 0.245654 0.969111 0.422969 -0.0311512 -0.995403 -0.0905729 0.394814 -0.144071 0.0941422 -0.985079 -0.491318 0.989077 -0.0176375 -0.146341 0.442713 
1530572592479 -0.169828 -0.96857 0.18174 -0.497694 0.9478 -0.11003 0.29928 -0.279789 -0.269877 0.22308 0.936697 0.414737 -0.0313451 -0.995472 -0.0897366 0.394294 -0.143754 0.0933373 -0.985202 -0.491406 0.989117 -0.0179813 -0.146029 0.442831 
1530572592506 1 0 0 0 0 1 0 0 0 0 1 1.306 -0.0295677 -0.995091 -0.0944404 0.396721 -0.146166 0.0977704 -0.984417 -0.490684 0.988818 -0.015303 -0.148339 0.442131 
1530572592516 0.279909 -0.928343 0.244603 0.300984 -0.147656 -0.293387 -0.944522 -0.479371 0.948604 0.228263 -0.219197 0.478029 -0.0299219 -0.995124 -0.0939888 0.396556 -0.146081 0.0973749 -0.984469 -0.490782 0.98882 -0.0157272 -0.148282 0.442267 
1530572592532 0.23037 -0.928584 0.290966 0.201188 0.100176 -0.27479 -0.956272 -0.45446 0.967933 0.249444 0.0297182 0.470147 -0.0302769 -0.995155 -0.0935372 0.396392 -0.145997 0.0969794 -0.98452 -0.49088 0.988822 -0.016152 -0.148226 0.442403 
1530572592549 0.170624 -0.93075 0.323406 0.101341 0.34256 -0.251713 -0.905148 -0.42958 0.923872 0.265226 0.275889 0.462302 -0.0306319 -0.995187 -0.0930857 0.396227 -0.145913 0.096584 -0.984571 -0.490978 0.988823 -0.0165769 -0.148169 0.442539 
1530572592566 0.105004 -0.934631 0.339764 0.00153787 0.56382 -0.225486 -0.794521 -0.404652 0.819196 0.274994 0.503286 0.454426 -0.0309869 -0.995218 -0.0926342 0.396063 -0.145829 0.0961885 -0.984623 -0.491076 0.988824 -0.0170016 -0.148113 0.442675 
1530572592583 0.0374996 -0.939998 0.339112 -0.0982593 0.749701 -0.197908 -0.631491 -0.379722 0.660713 0.277914 0.697296 0.446559 -0.031342 -0.995249 -0.0921827 0.395898 -0.145746 0.0957929 -0.984673 -0.491174 0.988825 -0.0174264 -0.148056 0.44281 
1530572592599 -0.0275689 -0.946518 0.321472 -0.198054 0.888172 -0.17076 -0.426605 -0.354797 0.458684 0.273761 0.845378 0.438699 -0.0316971 -0.995279 -0.0917311 0.395733 -0.145663 0.0953973 -0.984724 -0.491271 0.988826 -0.0178511 -0.147999 0.442946 
1530572592616 -0.0860243 -0.953777 0.28794 -0.297856 0.970284 -0.14581 -0.193102 -0.329878 0.226161 0.262772 0.937978 0.43084 -0.0320523 -0.995309 -0.0912796 0.395569 -0.145579 0.0950017 -0.984775 -0.491369 0.988827 -0.0182759 -0.147942 0.443082 
1530572592633 -0.134105 -0.961303 0.24065 -0.397671 0.990726 -0.124703 0.0539551 -0.304953 -0.0218574 0.245654 0.969111 0.422969 -0.0324075 -0.995339 -0.0908281 0.395404 -0.145496 0.0946059 -0.984825 -0.491467 0.988828 -0.0187005 -0.147884 0.443218 
1530572592649 -0.169828 -0.96857 0.18174 -0.497694 0.9478 -0.11003 0.29928 -0.279789 -0.269877 0.22308 0.936697 0.414737 -0.0327627 -0.995369 -0.0903766 0.39524 -0.145413 0.0942102 -0.984875 -0.491565 0.988828 -0.0191252 -0.147827 0.443354 
1530572592673 1 0 0 0 0 1 0 0 0 0 1 1.306 -0.0301984 -0.995377 -0.0911722 0.395781 -0.145172 0.0946144 -0.984872 -0.491006 0.988945 -0.0165058 -0.147359 0.442433 
1530572592686 0.279909 -0.928343 0.244603 0.300984 -0.147656 -0.293387 -0.944522 -0.479371 0.948604 0.228263 -0.219197 0.478029 -0.0307024 -0.99537 -0.0910812 0.395848 -0.145375 0.0946021 -0.984843 -0.491084 0.9889 -0.0169961 -0.147606 0.442597 
1530572592703 0.23037 -0.928584 0.290966 0.201188 0.100176 -0.27479 -0.956272 -0.45446 0.967933 0.249444 0.0297182 0.470147 -0.0312066 -0.995363 -0.090989 0.395915 -0.145578 0.0945889 -0.984815 -0.491161 0.988855 -0.0174867 -0.147855 0.442762 
1530572592719 0.170624 -0.93075 0.323406 0.101341 0.34256 -0.251713 -0.905148 -0.42958 0.923872 0.265226 0.275889 0.462302 -0.0317109 -0.995355 -0.0908967 0.395982 -0.145781 0.0945759 -0.984786 -0.491239 0.988809 -0.0179774 -0.148103 0.442926 
1530572592736 0.105004 -0.934631 0.339764 0.00153787 0.56382 -0.225486 -0.794521 -0.404652 0.819196 0.274994 0.503286 0.454426 -0.0322151 -0.995348 -0.0908043 0.396049 -0.145983 0.094563 -0.984757 -0.491316 0.988762 -0.0184682 -0.14835 0.44309 
1530572592753 0.0374996 -0.939998 0.339112 -0.0982593 0.749701 -0.197908 -0.631491 -0.379722 0.660713 0.277914 0.697296 0.446559 -0.0327194 -0.99534 -0.0907118 0.396116 -0.146186 0.0945502 -0.984728 -0.491394 0.988716 -0.0189589 -0.148598 0.443255 
1530572592769 -0.0275689 -0.946518 0.321472 -0.198054 0.888172 -0.17076 -0.426605 -0.354797 0.458684 0.273761 0.845378 0.438699 -0.0332236 -0.995331 -0.0906191 0.396184 -0.146389 0.0945376 -0.984699 -0.491472 0.988669 -0.0194496 -0.148846 0.443419 
1530572592786 -0.0860243 -0.953777 0.28794 -0.297856 0.970284 -0.14581 -0.193102 -0.329878 0.226161 0.262772 0.937978 0.43084 -0.0337278 -0.995323 -0.0905264 0.396251 -0.146591 0.094525 -0.984671 -0.491549 0.988622 -0.0199404 -0.149094 0.443583 
1530572592803 -0.134105 -0.961303 0.24065 -0.397671 0.990726 -0.124703 0.0539551 -0.304953 -0.0218574 0.245654 0.969111 0.422969 -0.0342319 -0.995314 -0.0904335 0.396318 -0.146794 0.0945125 -0.984642 -0.491627 0.988575 -0.0204311 -0.149341 0.443747 
1530572592819 -0.169828 -0.96857 0.18174 -0.497694 0.9478 -0.11003 0.29928 -0.279789 -0.269877 0.22308 0.936697 0.414737 -0.034736 -0.995305 -0.0903404 0.396385 -0.146997 0.0945001 -0.984612 -0.491704 0.988527 -0.0209218 -0.149589 0.443912 
1530572592844 1 0 0 0 0 1 0 0 0 0 1 1.306 -0.031967 -0.995366 -0.090686 0.395593 -0.145509 0.0944003 -0.984843 -0.491326 0.98884 -0.0182868 -0.147853 0.443146 
1530572592856 0.279909 -0.928343 0.244603 0.300984 -0.147656 -0.293387 -0.944522 -0.479371 0.948604 0.228263 -0.219197 0.478029 -0.0326677 -0.99534 -0.0907261 0.395923 -0.145634 0.0945461 -0.984811 -0.491395 0.988799 -0.0189587 -0.148044 0.4433 
1530572592873 0.23037 -0.928584 0.290966 0.201188 0.100176 -0.27479 -0.956272 -0.45446 0.967933 0.249444 0.0297182 0.470147 -0.0333677 -0.995313 -0.0907658 0.396254 -0.145758 0.0946916 -0.984778 -0.491465 0.988757 -0.01963 -0.148234 0.443454 
1530572592889 0.170624 -0.93075 0.323406 0.101341 0.34256 -0.251713 -0.905148 -0.42958 0.923872 0.265226 0.275889 0.462302 -0.0340679 -0.995286 -0.0908057 0.396584 -0.145882 0.0948375 -0.984746 -0.491534 0.988715 -0.0203013 -0.148425 0.443608 
1530572592906 0.105004 -0.934631 0.339764 0.00153787 0.56382 -0.225486 -0.794521 -0.404652 0.819196 0.274994 0.503286 0.454426 -0.0347681 -0.995258 -0.0908454 0.396915 -0.146005 0.0949834 -0.984714 -0.491604 0.988673 -0.0209727 -0.148615 0.443762 
1530572592923 0.0374996 -0.939998 0.339112 -0.0982593 0.749701 -0.197908 -0.631491 -0.379722 0.660713 0.277914 0.697296 0.446559 -0.0354682 -0.99523 -0.0908851 0.397245 -0.146128 0.0951295 -0.984681 -0.491673 0.98863 -0.021644 -0.148805 0.443917 
1530572592939 -0.0275689 -0.946518 0.321472 -0.198054 0.888172 -0.17076 -0.426605 -0.354797 0.458684 0.273761 0.845378 0.438699 -0.0361683 -0.995201 -0.0909245 0.397575 -0.146252 0.0952756 -0.984649 -0.491742 0.988586 -0.0223153 -0.148996 0.444071 
1530572592956 -0.0860243 -0.953777 0.28794 -0.297856 0.970284 -0.14581 -0.193102 -0.329878 0.226161 0.262772 0.937978 0.43084 -0.0368685 -0.995171 -0.0909639 0.397906 -0.146375 0.0954219 -0.984616 -0.491812 0.988542 -0.0229865 -0.149186 0.444225 
1530572592979 -0.134105 -0.961303 0.24065 -0.397671 0.990726 -0.124703 0.0539551 -0.304953 -0.0218574 0.245654 0.969111 0.422969 -0.0375686 -0.995142 -0.0910031 0.398236 -0.146498 0.0955681 -0.984584 -0.491881 0.988497 -0.0236577 -0.149376 0.444379 
1530572592995 -0.169828 -0.96857 0.18174 -0.497694 0.9478 -0.11003 0.29928 -0.279789 -0.269877 0.22308 0.936697 0.414737 -0.0382687 -0.995111 -0.0910421 0.398567 -0.146621 0.0957145 -0.984551 -0.491951 0.988452 -0.0243288 -0.149567 0.444533 
1530572593021 1 0 0 0 0 1 0 0 0 0 1 1.306 -0.0349204 -0.995251 -0.0908613 0.396318 -0.147075 0.0950447 -0.984548 -0.491621 0.988509 -0.0210173 -0.149696 0.443295 
1530572593032 0.279909 -0.928343 0.244603 0.300984 -0.147656 -0.293387 -0.944522 -0.479371 0.948604 0.228263 -0.219197 0.478029 -0.0356614 -0.995208 -0.0910424 0.396816 -0.147012 0.0953335 -0.98453 -0.491696 0.988492 -0.0217253 -0.149708 0.443494 
1530572593049 0.23037 -0.928584 0.290966 0.201188 0.100176 -0.27479 -0.956272 -0.45446 0.967933 0.249444 0.0297182 0.470147 -0.0364024 -0.995165 -0.091222 0.397313 -0.14695 0.0956207 -0.984511 -0.491771 0.988474 -0.0224336 -0.14972 0.443692 
1530572593065 0.170624 -0.93075 0.323406 0.101341 0.34256 -0.251713 -0.905148 -0.42958 0.923872 0.265226 0.275889 0.462302 -0.0371436 -0.995121 -0.091402 0.397811 -0.146886 0.0959084 -0.984493 -0.491846 0.988456 -0.0231419 -0.149732 0.443891 
1530572593082 0.105004 -0.934631 0.339764 0.00153787 0.56382 -0.225486 -0.794521 -0.404652 0.819196 0.274994 0.503286 0.454426 -0.0378846 -0.995077 -0.091582 0.398308 -0.146823 0.096196 -0.984474 -0.491921 0.988437 -0.0238501 -0.149744 0.444089 
1530572593099 0.0374996 -0.939998 0.339112 -0.0982593 0.749701 -0.197908 -0.631491 -0.379722 0.660713 0.277914 0.697296 0.446559 -0.0386257 -0.995032 -0.0917621 0.398805 -0.146758 0.0964837 -0.984456 -0.491996 0.988418 -0.0245584 -0.149756 0.444288 
1530572593116 -0.0275689 -0.946518 0.321472 -0.198054 0.888172 -0.17076 -0.426605 -0.354797 0.458684 0.273761 0.845378 0.438699 -0.0393667 -0.994986 -0.091942 0.399303 -0.146694 0.0967712 -0.984437 -0.492071 0.988398 -0.0252667 -0.149768 0.444487 
1530572593132 -0.0860243 -0.953777 0.28794 -0.297856 0.970284 -0.14581 -0.193102 -0.329878 0.226161 0.262772 0.937978 0.43084 -0.0401077 -0.99494 -0.092122 0.3998 -0.14663 0.0970587 -0.984418 -0.492146 0.988378 -0.0259749 -0.149781 0.444685 
1530572593149 -0.134105 -0.961303 0.24065 -0.397671 0.990726 -0.124703 0.0539551 -0.304953 -0.0218574 0.245654 0.969111 0.422969 -0.0408486 -0.994893 -0.092302 0.400298 -0.146565 0.0973462 -0.984399 -0.492221 0.988357 -0.0266831 -0.149793 0.444884 
1530572593165 -0.169828 -0.96857 0.18174 -0.497694 0.9478 -0.11003 0.29928 -0.279789 -0.269877 0.22308 0.936697 0.414737 -0.0415895 -0.994845 -0.0924818 0.400795 -0.1465 0.0976334 -0.984381 -0.492296 0.988336 -0.0273913 -0.149806 0.445082 
1530572593191 1 0 0 0 0 1 0 0 0 0 1 1.306 -0.0378582 -0.995162 -0.0906647 0.397464 -0.147313 0.0952965 -0.984488 -0.492009 0.988365 -0.0239149 -0.150208 0.443941 
1530572593202 0.279909 -0.928343 0.244603 0.300984 -0.147656 -0.293387 -0.944522 -0.479371 0.948604 0.228263 -0.219197 0.478029 -0.0385233 -0.995142 -0.0906003 0.398079 -0.147037 0.0953259 -0.984527 -0.492076 0.98838 -0.0246056 -0.149995 0.444101 
1530572593219 0.23037 -0.928584 0.290966 0.201188 0.100176 -0.27479 -0.956272 -0.45446 0.967933 0.249444 0.0297182 0.470147 -0.0391882 -0.995122 -0.0905344 0.398694 -0.146762 0.0953535 -0.984565 -0.492143 0.988395 -0.0252963 -0.149783 0.444261 
1530572593226 0.170624 -0.93075 0.323406 0.101341 0.34256 -0.251713 -0.905148 -0.42958 0.923872 0.265226 0.275889 0.462302 -0.039853 -0.995102 -0.0904692 0.399308 -0.146487 0.0953815 -0.984603 -0.492211 0.98841 -0.0259869 -0.14957 0.444421 
1530572593235 0.105004 -0.934631 0.339764 0.00153787 0.56382 -0.225486 -0.794521 -0.404652 0.819196 0.274994 0.503286 0.454426 -0.0405179 -0.995081 -0.0904041 0.399923 -0.146211 0.0954092 -0.984642 -0.492278 0.988423 -0.0266775 -0.149358 0.444581 
1530572593256 0.0374996 -0.939998 0.339112 -0.0982593 0.749701 -0.197908 -0.631491 -0.379722 0.660713 0.277914 0.697296 0.446559 -0.0411827 -0.995059 -0.0903394 0.400538 -0.145936 0.0954369 -0.98468 -0.492345 0.988437 -0.0273681 -0.149145 0.444741 
1530572593272 -0.0275689 -0.946518 0.321472 -0.198054 0.888172 -0.17076 -0.426605 -0.354797 0.458684 0.273761 0.845378 0.438699 -0.0418476 -0.995037 -0.0902746 0.401153 -0.14566 0.0954643 -0.984718 -0.492412 0.988449 -0.0280586 -0.148932 0.444902 
1530572593289 -0.0860243 -0.953777 0.28794 -0.297856 0.970284 -0.14581 -0.193102 -0.329878 0.226161 0.262772 0.937978 0.43084 -0.0425124 -0.995015 -0.0902101 0.401768 -0.145384 0.0954916 -0.984756 -0.492479 0.988461 -0.0287492 -0.148719 0.445062 
1530572593306 -0.134105 -0.961303 0.24065 -0.397671 0.990726 -0.124703 0.0539551 -0.304953 -0.0218574 0.245654 0.969111 0.422969 -0.0431773 -0.994992 -0.0901455 0.402382 -0.145109 0.0955185 -0.984794 -0.492547 0.988473 -0.0294398 -0.148506 0.445222 
1530572593322 -0.169828 -0.96857 0.18174 -0.497694 0.9478 -0.11003 0.29928 -0.279789 -0.269877 0.22308 0.936697 0.414737 -0.0438421 -0.994969 -0.0900811 0.402997 -0.144833 0.0955452 -0.984832 -0.492614 0.988484 -0.0301304 -0.148293 0.445382 
1530572593349 1 0 0 0 0 1 0 0 0 0 1 1.306 -0.0401029 -0.995012 -0.0913415 0.398997 -0.147361 0.096305 -0.984383 -0.492254 0.98827 -0.0260165 -0.150488 0.444354 
1530572593362 0.279909 -0.928343 0.244603 0.300984 -0.147656 -0.293387 -0.944522 -0.479371 0.948604 0.228263 -0.219197 0.478029 -0.0409343 -0.994965 -0.0914834 0.399712 -0.147256 0.0965679 -0.984373 -0.492326 0.988251 -0.0268231 -0.150468 0.444544 
1530572593379 0.23037 -0.928584 0.290966 0.201188 0.100176 -0.27479 -0.956272 -0.45446 0.967933 0.249444 0.0297182 0.470147 -0.0417659 -0.994917 -0.0916253 0.400427 -0.147152 0.0968306 -0.984363 -0.492398 0.988232 -0.0276299 -0.150449 0.444733 
1530572593396 0.170624 -0.93075 0.323406 0.101341 0.34256 -0.251713 -0.905148 -0.42958 0.923872 0.265226 0.275889 0.462302 -0.0425974 -0.994869 -0.0917676 0.401142 -0.147048 0.0970937 -0.984352 -0.492469 0.988212 -0.0284366 -0.150429 0.444923 
1530572593412 0.105004 -0.934631 0.339764 0.00153787 0.56382 -0.225486 -0.794521 -0.404652 0.819196 0.274994 0.503286 0.454426 -0.0434289 -0.99482 -0.0919099 0.401857 -0.146943 0.0973567 -0.984342 -0.492541 0.988191 -0.0292433 -0.15041 0.445113 
1530572593429 0.0374996 -0.939998 0.339112 -0.0982593 0.749701 -0.197908 -0.631491 -0.379722 0.660713 0.277914 0.697296 0.446559 -0.0442603 -0.99477 -0.0920524 0.402572 -0.146838 0.0976197 -0.984332 -0.492613 0.98817 -0.03005 -0.150391 0.445303 
1530572593446 -0.0275689 -0.946518 0.321472 -0.198054 0.888172 -0.17076 -0.426605 -0.354797 0.458684 0.273761 0.845378 0.438699 -0.0450917 -0.994719 -0.0921947 0.403287 -0.146733 0.0978825 -0.984321 -0.492685 0.988148 -0.0308567 -0.150372 0.445492 
1530572593462 -0.0860243 -0.953777 0.28794 -0.297856 0.970284 -0.14581 -0.193102 -0.329878 0.226161 0.262772 0.937978 0.43084 -0.045923 -0.994668 -0.0923371 0.404002 -0.146627 0.0981453 -0.984311 -0.492757 0.988125 -0.0316634 -0.150353 0.445682 
