1533547925994 0.152338 0.937994 -0.311385 -0.599308 -0.950377 0.225498 0.214323 -0.220885 0.27125 0.263284 0.9258 0.379604 1 0 0 0 0 1 0 0 0 0 1 1.306 
1533547926005 0.150879 0.937778 -0.312741 -0.59934 -0.951232 0.223833 0.212267 -0.221029 0.269061 0.265463 0.925816 0.379898 0.313239 -0.3866 0.867422 0.386189 -0.93126 -0.304042 0.200784 -0.500185 0.18611 -0.870689 -0.455263 0.505382 
1533547926302 0.149423 0.937557 -0.3141 -0.599372 -0.952079 0.222163 0.210212 -0.221173 0.266867 0.267637 0.925825 0.380192 0.316244 -0.384866 0.867103 0.400216 -0.929998 -0.306258 0.203249 -0.504049 0.187334 -0.87068 -0.454777 0.486145 
1533547926549 0.14797 0.937331 -0.31546 -0.599404 -0.95292 0.220487 0.208159 -0.221318 0.264668 0.269807 0.925827 0.380486 0.316258 -0.384857 0.867102 0.400836 -0.929992 -0.306267 0.203261 -0.504368 0.187338 -0.870681 -0.454774 0.485921 
1533547926795 0.14652 0.937099 -0.316823 -0.599436 -0.953753 0.218806 0.206106 -0.221462 0.262465 0.271972 0.92582 0.38078 0.316239 -0.384881 0.867098 0.400855 -0.93 -0.306257 0.203241 -0.504361 0.187331 -0.870674 -0.454789 0.485943 
1533547927103 0.145072 0.936862 -0.318187 -0.599467 -0.954579 0.217119 0.204056 -0.221606 0.260257 0.274132 0.925807 0.381074 0.316214 -0.384899 0.867099 0.400827 -0.930009 -0.306245 0.203216 -0.504329 0.187327 -0.87067 -0.454799 0.48594 
1533547927352 0.143628 0.93662 -0.319554 -0.599499 -0.955398 0.215427 0.202006 -0.22175 0.258044 0.276287 0.925785 0.381368 0.3162 -0.384907 0.867101 0.400798 -0.930014 -0.306239 0.203202 -0.504306 0.187326 -0.870669 -0.454801 0.485922 
1533547927611 0.142186 0.936371 -0.320923 -0.599531 -0.956209 0.21373 0.199959 -0.221894 0.255826 0.278438 0.925756 0.381662 0.316197 -0.384904 0.867103 0.400778 -0.930014 -0.30624 0.2032 -0.504292 0.187329 -0.87067 -0.454799 0.485903 
1533547927862 0.140747 0.936118 -0.322294 -0.599564 -0.957013 0.212028 0.197912 -0.222039 0.253605 0.280584 0.92572 0.381956 0.316201 -0.384895 0.867106 0.400765 -0.930012 -0.306246 0.203202 -0.504277 0.187337 -0.870672 -0.454792 0.485883 
1533547928126 0.139311 0.935861 -0.323661 -0.599609 -0.957809 0.21032 0.195874 -0.222189 0.251383 0.282718 0.925677 0.382234 0.316123 -0.384928 0.86712 0.40068 -0.93004 -0.30621 0.20313 -0.504145 0.18733 -0.87067 -0.454798 0.485852 
1533547928394 0.139263 0.935923 -0.323503 -0.599601 -0.957818 0.21024 0.195919 -0.222138 0.251379 0.282572 0.925722 0.382261 1 0 0 0 0 1 0 0 0 0 1 1.306 
1533547928406 0.139126 0.93589 -0.323656 -0.599604 -0.957896 0.210079 0.19571 -0.222157 0.251157 0.2828 0.925713 0.382289 0.313239 -0.3866 0.867422 0.386189 -0.93126 -0.304042 0.200784 -0.500185 0.18611 -0.870689 -0.455263 0.505382 
1533547928412 0.13899 0.935857 -0.32381 -0.599606 -0.957974 0.209918 0.195501 -0.222176 0.250934 0.283029 0.925703 0.382317 0.316244 -0.384866 0.867103 0.400216 -0.929998 -0.306258 0.203249 -0.504049 0.187334 -0.87068 -0.454777 0.486145 
1533547928718 0.138853 0.935825 -0.323963 -0.599609 -0.958052 0.209757 0.195292 -0.222195 0.250712 0.283257 0.925694 0.382346 0.316258 -0.384857 0.867102 0.400836 -0.929992 -0.306267 0.203261 -0.504368 0.187338 -0.870681 -0.454774 0.485921 
1533547928911 0.138716 0.935791 -0.324118 -0.599612 -0.95813 0.209596 0.195082 -0.222214 0.25049 0.283486 0.925684 0.382374 0.316239 -0.384881 0.867098 0.400855 -0.93 -0.306257 0.203241 -0.504361 0.187331 -0.870674 -0.454789 0.485943 
1533547929042 0.13858 0.935758 -0.324271 -0.599614 -0.958208 0.209434 0.194873 -0.222233 0.250268 0.283714 0.925674 0.382402 0.316214 -0.384899 0.867099 0.400827 -0.930009 -0.306245 0.203216 -0.504329 0.187327 -0.87067 -0.454799 0.48594 
1533547929144 0.138443 0.935725 -0.324425 -0.599617 -0.958285 0.209273 0.194664 -0.222252 0.250045 0.283942 0.925664 0.38243 0.3162 -0.384907 0.867101 0.400798 -0.930014 -0.306239 0.203202 -0.504306 0.187326 -0.870669 -0.454801 0.485922 
1533547929308 0.138306 0.935692 -0.324579 -0.59962 -0.958363 0.209111 0.194455 -0.222271 0.249823 0.28417 0.925654 0.382458 0.316197 -0.384904 0.867103 0.400778 -0.930014 -0.30624 0.2032 -0.504292 0.187329 -0.87067 -0.454799 0.485903 
1533547929496 0.13817 0.935659 -0.324732 -0.599623 -0.958441 0.20895 0.194246 -0.22229 0.249601 0.284398 0.925644 0.382487 0.316201 -0.384895 0.867106 0.400765 -0.930012 -0.306246 0.203202 -0.504277 0.187337 -0.870672 -0.454792 0.485883 
1533547929622 0.138033 0.935626 -0.324886 -0.599627 -0.958518 0.208788 0.194037 -0.22231 0.249379 0.284626 0.925634 0.382513 0.316123 -0.384928 0.86712 0.40068 -0.93004 -0.30621 0.20313 -0.504145 0.18733 -0.87067 -0.454798 0.485852 
1533547929808 0.138277 0.935554 -0.324989 -0.599633 -0.958468 0.209054 0.193999 -0.222401 0.249436 0.284666 0.925606 0.382519 1 0 0 0 0 1 0 0 0 0 1 1.306 
1533547929819 0.138314 0.935495 -0.325144 -0.599629 -0.958559 0.209011 0.193597 -0.222373 0.249067 0.284892 0.925636 0.382514 0.313239 -0.3866 0.867422 0.386189 -0.93126 -0.304042 0.200784 -0.500185 0.18611 -0.870689 -0.455263 0.505382 
1533547930002 0.138352 0.935436 -0.325297 -0.599625 -0.958649 0.208968 0.193195 -0.222345 0.248698 0.285117 0.925666 0.38251 0.316244 -0.384866 0.867103 0.400216 -0.929998 -0.306258 0.203249 -0.504049 0.187334 -0.87068 -0.454777 0.486145 
1533547930156 0.13839 0.935377 -0.32545 -0.59962 -0.958739 0.208925 0.192793 -0.222317 0.248329 0.285342 0.925696 0.382505 0.316258 -0.384857 0.867102 0.400836 -0.929992 -0.306267 0.203261 -0.504368 0.187338 -0.870681 -0.454774 0.485921 
1533547930311 0.138427 0.935318 -0.325604 -0.599616 -0.958829 0.208882 0.192391 -0.222289 0.24796 0.285566 0.925726 0.382501 0.316239 -0.384881 0.867098 0.400855 -0.93 -0.306257 0.203241 -0.504361 0.187331 -0.870674 -0.454789 0.485943 
1533547930485 0.138465 0.935259 -0.325758 -0.599612 -0.958919 0.208839 0.191989 -0.222261 0.24759 0.285791 0.925755 0.382497 0.316214 -0.384899 0.867099 0.400827 -0.930009 -0.306245 0.203216 -0.504329 0.187327 -0.87067 -0.454799 0.48594 
1533547930663 0.138503 0.9352 -0.325911 -0.599608 -0.959009 0.208796 0.191587 -0.222232 0.247221 0.286016 0.925784 0.382492 0.3162 -0.384907 0.867101 0.400798 -0.930014 -0.306239 0.203202 -0.504306 0.187326 -0.870669 -0.454801 0.485922 
1533547930824 0.138541 0.935141 -0.326064 -0.599604 -0.959099 0.208753 0.191185 -0.222204 0.246852 0.286241 0.925813 0.382488 0.316197 -0.384904 0.867103 0.400778 -0.930014 -0.30624 0.2032 -0.504292 0.187329 -0.87067 -0.454799 0.485903 
1533547930955 0.138579 0.935082 -0.326217 -0.5996 -0.959188 0.208709 0.190783 -0.222176 0.246483 0.286465 0.925842 0.382483 0.316201 -0.384895 0.867106 0.400765 -0.930012 -0.306246 0.203202 -0.504277 0.187337 -0.870672 -0.454792 0.485883 
1533547931117 0.138617 0.935023 -0.32637 -0.599598 -0.959277 0.208666 0.190382 -0.222151 0.246114 0.286689 0.925871 0.382477 0.316123 -0.384928 0.86712 0.40068 -0.93004 -0.30621 0.20313 -0.504145 0.18733 -0.87067 -0.454798 0.485852 
1533547931286 0.138726 0.934985 -0.326433 -0.599606 -0.959204 0.208848 0.190554 -0.22217 0.24634 0.28668 0.925814 0.382478 1 0 0 0 0 1 0 0 0 0 1 1.306 
1533547931297 0.138797 0.934994 -0.326377 -0.599608 -0.959245 0.208843 0.190353 -0.222157 0.246141 0.286655 0.925875 0.382466 0.313239 -0.3866 0.867422 0.386189 -0.93126 -0.304042 0.200784 -0.500185 0.18611 -0.870689 -0.455263 0.505382 
1533547931314 0.138868 0.935003 -0.326321 -0.599611 -0.959286 0.208838 0.190151 -0.222144 0.24594 0.286629 0.925936 0.382454 0.316244 -0.384866 0.867103 0.400216 -0.929998 -0.306258 0.203249 -0.504049 0.187334 -0.87068 -0.454777 0.486145 
1533547931484 0.138939 0.935012 -0.326264 -0.599613 -0.959327 0.208833 0.18995 -0.222131 0.24574 0.286603 0.925997 0.382442 0.316258 -0.384857 0.867102 0.400836 -0.929992 -0.306267 0.203261 -0.504368 0.187338 -0.870681 -0.454774 0.485921 
1533547931643 0.13901 0.935021 -0.326208 -0.599616 -0.959368 0.208829 0.189748 -0.222118 0.24554 0.286576 0.926058 0.38243 0.316239 -0.384881 0.867098 0.400855 -0.93 -0.306257 0.203241 -0.504361 0.187331 -0.870674 -0.454789 0.485943 
1533547931759 0.139081 0.93503 -0.326151 -0.599618 -0.959409 0.208824 0.189546 -0.222105 0.24534 0.28655 0.92612 0.382418 0.316214 -0.384899 0.867099 0.400827 -0.930009 -0.306245 0.203216 -0.504329 0.187327 -0.87067 -0.454799 0.48594 
1533547931912 0.139152 0.935039 -0.326095 -0.59962 -0.95945 0.208819 0.189345 -0.222091 0.24514 0.286524 0.926181 0.382406 0.3162 -0.384907 0.867101 0.400798 -0.930014 -0.306239 0.203202 -0.504306 0.187326 -0.870669 -0.454801 0.485922 
1533547932030 0.139223 0.935049 -0.326039 -0.599623 -0.95949 0.208814 0.189143 -0.222078 0.244939 0.286498 0.926242 0.382394 0.316197 -0.384904 0.867103 0.400778 -0.930014 -0.30624 0.2032 -0.504292 0.187329 -0.87067 -0.454799 0.485903 
1533547932142 0.139294 0.935058 -0.325982 -0.599625 -0.959531 0.208809 0.188941 -0.222065 0.244739 0.286472 0.926303 0.382382 0.316201 -0.384895 0.867106 0.400765 -0.930012 -0.306246 0.203202 -0.504277 0.187337 -0.870672 -0.454792 0.485883 
1533547932355 0.139365 0.935067 -0.325926 -0.599627 -0.959572 0.208804 0.18874 -0.222053 0.244539 0.286446 0.926364 0.38237 0.316123 -0.384928 0.86712 0.40068 -0.93004 -0.30621 0.20313 -0.504145 0.18733 -0.87067 -0.454798 0.485852 
1533547932548 0.139454 0.935018 -0.326029 -0.599643 -0.959521 0.208952 0.188833 -0.222065 0.244687 0.286498 0.926308 0.382369 1 0 0 0 0 1 0 0 0 0 1 1.306 
1533547932559 0.139461 0.935002 -0.32607 -0.599642 -0.959539 0.208945 0.188751 -0.222063 0.244614 0.286554 0.92631 0.382369 0.313239 -0.3866 0.867422 0.386189 -0.93126 -0.304042 0.200784 -0.500185 0.18611 -0.870689 -0.455263 0.505382 
1533547932565 0.139468 0.934986 -0.326112 -0.59964 -0.959556 0.208939 0.18867 -0.222062 0.244541 0.28661 0.926312 0.38237 0.316244 -0.384866 0.867103 0.400216 -0.929998 -0.306258 0.203249 -0.504049 0.187334 -0.87068 -0.454777 0.486145 
1533547932659 0.139475 0.934971 -0.326154 -0.599639 -0.959574 0.208932 0.188589 -0.22206 0.244469 0.286665 0.926314 0.38237 0.316258 -0.384857 0.867102 0.400836 -0.929992 -0.306267 0.203261 -0.504368 0.187338 -0.870681 -0.454774 0.485921 
1533547932666 0.139482 0.934955 -0.326196 -0.599637 -0.959591 0.208925 0.188508 -0.222059 0.244397 0.286721 0.926316 0.38237 0.316239 -0.384881 0.867098 0.400855 -0.93 -0.306257 0.203241 -0.504361 0.187331 -0.870674 -0.454789 0.485943 
1533547932815 0.139489 0.934939 -0.326238 -0.599636 -0.959608 0.208919 0.188426 -0.222058 0.244325 0.286777 0.926318 0.38237 0.316214 -0.384899 0.867099 0.400827 -0.930009 -0.306245 0.203216 -0.504329 0.187327 -0.87067 -0.454799 0.48594 
1533547932822 0.139496 0.934924 -0.326279 -0.599635 -0.959626 0.208912 0.188345 -0.222056 0.244252 0.286833 0.92632 0.382371 0.3162 -0.384907 0.867101 0.400798 -0.930014 -0.306239 0.203202 -0.504306 0.187326 -0.870669 -0.454801 0.485922 
1533547933011 0.139503 0.934908 -0.326321 -0.599633 -0.959643 0.208906 0.188264 -0.222054 0.24418 0.286888 0.926321 0.382371 0.316197 -0.384904 0.867103 0.400778 -0.930014 -0.30624 0.2032 -0.504292 0.187329 -0.87067 -0.454799 0.485903 
1533547933112 0.13951 0.934893 -0.326363 -0.599632 -0.959661 0.208899 0.188183 -0.222053 0.244108 0.286944 0.926323 0.382371 0.316201 -0.384895 0.867106 0.400765 -0.930012 -0.306246 0.203202 -0.504277 0.187337 -0.870672 -0.454792 0.485883 
1533547933314 0.139517 0.934877 -0.326404 -0.599631 -0.959678 0.208892 0.188102 -0.222052 0.244036 0.286999 0.926325 0.382371 0.316123 -0.384928 0.86712 0.40068 -0.93004 -0.30621 0.20313 -0.504145 0.18733 -0.87067 -0.454798 0.485852 
1533547933424 0.139547 0.93488 -0.326385 -0.599666 -0.959654 0.208939 0.188173 -0.222021 0.244113 0.286958 0.926317 0.382427 1 0 0 0 0 1 0 0 0 0 1 1.306 
1533547933437 0.139499 0.934884 -0.326393 -0.599661 -0.95963 0.208933 0.188301 -0.222032 0.244234 0.286948 0.926289 0.382421 0.313239 -0.3866 0.867422 0.386189 -0.93126 -0.304042 0.200784 -0.500185 0.18611 -0.870689 -0.455263 0.505382 
1533547933635 0.139451 0.934888 -0.326401 -0.599656 -0.959606 0.208926 0.188431 -0.222043 0.244355 0.28694 0.926259 0.382415 0.316244 -0.384866 0.867103 0.400216 -0.929998 -0.306258 0.203249 -0.504049 0.187334 -0.87068 -0.454777 0.486145 
1533547933902 0.139403 0.934892 -0.32641 -0.59965 -0.959582 0.208919 0.188559 -0.222055 0.244476 0.286931 0.92623 0.382409 0.316258 -0.384857 0.867102 0.400836 -0.929992 -0.306267 0.203261 -0.504368 0.187338 -0.870681 -0.454774 0.485921 
1533547934122 0.139356 0.934896 -0.326419 -0.599645 -0.959558 0.208912 0.188688 -0.222066 0.244597 0.286923 0.926201 0.382403 0.316239 -0.384881 0.867098 0.400855 -0.93 -0.306257 0.203241 -0.504361 0.187331 -0.870674 -0.454789 0.485943 
1533547934261 0.139307 0.9349 -0.326427 -0.59964 -0.959535 0.208905 0.188818 -0.222077 0.244718 0.286914 0.926171 0.382397 0.316214 -0.384899 0.867099 0.400827 -0.930009 -0.306245 0.203216 -0.504329 0.187327 -0.87067 -0.454799 0.48594 
1533547934382 0.139259 0.934905 -0.326436 -0.599635 -0.959511 0.208898 0.188947 -0.222088 0.244839 0.286906 0.926142 0.382391 0.3162 -0.384907 0.867101 0.400798 -0.930014 -0.306239 0.203202 -0.504306 0.187326 -0.870669 -0.454801 0.485922 
1533547934489 0.139211 0.934909 -0.326445 -0.59963 -0.959487 0.208891 0.189076 -0.222099 0.24496 0.286898 0.926113 0.382385 0.316197 -0.384904 0.867103 0.400778 -0.930014 -0.30624 0.2032 -0.504292 0.187329 -0.87067 -0.454799 0.485903 
1533547934618 0.139163 0.934913 -0.326453 -0.599624 -0.959463 0.208884 0.189205 -0.222111 0.245081 0.286889 0.926083 0.382379 0.316201 -0.384895 0.867106 0.400765 -0.930012 -0.306246 0.203202 -0.504277 0.187337 -0.870672 -0.454792 0.485883 
1533547934724 0.139115 0.934917 -0.326462 -0.599619 -0.959439 0.208877 0.189334 -0.222121 0.245202 0.286881 0.926054 0.382373 0.316123 -0.384928 0.86712 0.40068 -0.93004 -0.30621 0.20313 -0.504145 0.18733 -0.87067 -0.454798 0.485852 
1533547934789 0.139057 0.934939 -0.326423 -0.599623 -0.959469 0.208789 0.189278 -0.222062 0.245117 0.286873 0.926079 0.382419 1 0 0 0 0 1 0 0 0 0 1 1.306 
1533547934801 0.138924 0.934939 -0.326481 -0.599619 -0.959439 0.208734 0.18949 -0.222088 0.245309 0.286914 0.926015 0.382428 0.313239 -0.3866 0.867422 0.386189 -0.93126 -0.304042 0.200784 -0.500185 0.18611 -0.870689 -0.455263 0.505382 
1533547934808 0.13879 0.934938 -0.32654 -0.599614 -0.959409 0.208679 0.189703 -0.222114 0.245503 0.286956 0.925951 0.382437 0.316244 -0.384866 0.867103 0.400216 -0.929998 -0.306258 0.203249 -0.504049 0.187334 -0.87068 -0.454777 0.486145 
1533547934968 0.138657 0.934937 -0.326599 -0.59961 -0.959379 0.208625 0.189916 -0.22214 0.245696 0.286998 0.925886 0.382446 0.316258 -0.384857 0.867102 0.400836 -0.929992 -0.306267 0.203261 -0.504368 0.187338 -0.870681 -0.454774 0.485921 
1533547935136 0.138523 0.934937 -0.326657 -0.599606 -0.959348 0.20857 0.190129 -0.222166 0.24589 0.287041 0.925822 0.382455 0.316239 -0.384881 0.867098 0.400855 -0.93 -0.306257 0.203241 -0.504361 0.187331 -0.870674 -0.454789 0.485943 
1533547935356 0.13839 0.934936 -0.326716 -0.599602 -0.959318 0.208515 0.190342 -0.222192 0.246083 0.287083 0.925757 0.382464 0.316214 -0.384899 0.867099 0.400827 -0.930009 -0.306245 0.203216 -0.504329 0.187327 -0.87067 -0.454799 0.48594 
1533547935626 0.138257 0.934935 -0.326774 -0.599597 -0.959288 0.20846 0.190556 -0.222218 0.246276 0.287125 0.925693 0.382473 0.3162 -0.384907 0.867101 0.400798 -0.930014 -0.306239 0.203202 -0.504306 0.187326 -0.870669 -0.454801 0.485922 
1533547935633 0.138123 0.934934 -0.326833 -0.599593 -0.959257 0.208405 0.190768 -0.222244 0.24647 0.287167 0.925628 0.382482 0.316197 -0.384904 0.867103 0.400778 -0.930014 -0.30624 0.2032 -0.504292 0.187329 -0.87067 -0.454799 0.485903 
1533547935785 0.13799 0.934934 -0.326891 -0.599589 -0.959227 0.208351 0.190981 -0.22227 0.246663 0.287209 0.925564 0.382491 0.316201 -0.384895 0.867106 0.400765 -0.930012 -0.306246 0.203202 -0.504277 0.187337 -0.870672 -0.454792 0.485883 
1533547935792 0.137857 0.934933 -0.326949 -0.599585 -0.959196 0.208296 0.191194 -0.222295 0.246856 0.287251 0.925499 0.3825 0.316123 -0.384928 0.86712 0.40068 -0.93004 -0.30621 0.20313 -0.504145 0.18733 -0.87067 -0.454798 0.485852 
1533547935951 0.137938 0.934968 -0.326816 -0.599566 -0.959205 0.208321 0.191125 -0.222301 0.246779 0.28712 0.925561 0.382564 1 0 0 0 0 1 0 0 0 0 1 1.306 
1533547935963 0.137927 0.934931 -0.326924 -0.59956 -0.959227 0.208308 0.191025 -0.222302 0.246697 0.287247 0.925543 0.382579 0.313239 -0.3866 0.867422 0.386189 -0.93126 -0.304042 0.200784 -0.500185 0.18611 -0.870689 -0.455263 0.505382 
1533547936173 0.137916 0.934895 -0.327033 -0.599554 -0.95925 0.208295 0.190925 -0.222302 0.246614 0.287375 0.925525 0.382594 0.316244 -0.384866 0.867103 0.400216 -0.929998 -0.306258 0.203249 -0.504049 0.187334 -0.87068 -0.454777 0.486145 
1533547936307 0.137904 0.934859 -0.327141 -0.599549 -0.959273 0.208282 0.190825 -0.222303 0.246532 0.287502 0.925508 0.382609 0.316258 -0.384857 0.867102 0.400836 -0.929992 -0.306267 0.203261 -0.504368 0.187338 -0.870681 -0.454774 0.485921 
1533547936438 0.137893 0.934822 -0.32725 -0.599543 -0.959296 0.208269 0.190724 -0.222303 0.246449 0.28763 0.92549 0.382624 0.316239 -0.384881 0.867098 0.400855 -0.93 -0.306257 0.203241 -0.504361 0.187331 -0.870674 -0.454789 0.485943 
1533547936611 0.137881 0.934786 -0.327359 -0.599537 -0.959319 0.208255 0.190623 -0.222304 0.246366 0.287758 0.925472 0.382639 0.316214 -0.384899 0.867099 0.400827 -0.930009 -0.306245 0.203216 -0.504329 0.187327 -0.87067 -0.454799 0.48594 
1533547936730 0.13787 0.93475 -0.327468 -0.599531 -0.959342 0.208242 0.190523 -0.222305 0.246284 0.287886 0.925455 0.382654 0.3162 -0.384907 0.867101 0.400798 -0.930014 -0.306239 0.203202 -0.504306 0.187326 -0.870669 -0.454801 0.485922 
1533547936919 0.137859 0.934713 -0.327576 -0.599525 -0.959364 0.208229 0.190422 -0.222305 0.246201 0.288013 0.925437 0.382669 0.316197 -0.384904 0.867103 0.400778 -0.930014 -0.30624 0.2032 -0.504292 0.187329 -0.87067 -0.454799 0.485903 
1533547937076 0.137847 0.934677 -0.327684 -0.59952 -0.959387 0.208215 0.190322 -0.222306 0.246119 0.28814 0.925419 0.382684 0.316201 -0.384895 0.867106 0.400765 -0.930012 -0.306246 0.203202 -0.504277 0.187337 -0.870672 -0.454792 0.485883 
1533547937213 0.137836 0.934641 -0.327793 -0.599516 -0.95941 0.208202 0.190222 -0.222307 0.246036 0.288268 0.925401 0.382698 0.316123 -0.384928 0.86712 0.40068 -0.93004 -0.30621 0.20313 -0.504145 0.18733 -0.87067 -0.454798 0.485852 
1533547937364 0.13787 0.934656 -0.327733 -0.599517 -0.959372 0.20826 0.190348 -0.222316 0.246164 0.288175 0.925396 0.38271 1 0 0 0 0 1 0 0 0 0 1 1.306 
1533547937377 0.137913 0.934708 -0.327568 -0.599526 -0.959364 0.208269 0.190379 -0.222313 0.246171 0.288001 0.925449 0.382678 0.313239 -0.3866 0.867422 0.386189 -0.93126 -0.304042 0.200784 -0.500185 0.18611 -0.870689 -0.455263 0.505382 
1533547937534 0.137955 0.93476 -0.327401 -0.599535 -0.959356 0.208277 0.19041 -0.22231 0.246178 0.287826 0.925501 0.382646 0.316244 -0.384866 0.867103 0.400216 -0.929998 -0.306258 0.203249 -0.504049 0.187334 -0.87068 -0.454777 0.486145 
1533547937710 0.137998 0.934813 -0.327234 -0.599544 -0.959349 0.208285 0.190441 -0.222307 0.246185 0.287651 0.925554 0.382613 0.316258 -0.384857 0.867102 0.400836 -0.929992 -0.306267 0.203261 -0.504368 0.187338 -0.870681 -0.454774 0.485921 
1533547937943 0.138041 0.934865 -0.327067 -0.599553 -0.959341 0.208293 0.190472 -0.222304 0.246191 0.287476 0.925607 0.382581 0.316239 -0.384881 0.867098 0.400855 -0.93 -0.306257 0.203241 -0.504361 0.187331 -0.870674 -0.454789 0.485943 
1533547937950 0.138084 0.934917 -0.3269 -0.599562 -0.959333 0.208301 0.190502 -0.222301 0.246198 0.287301 0.925659 0.382549 0.316214 -0.384899 0.867099 0.400827 -0.930009 -0.306245 0.203216 -0.504329 0.187327 -0.87067 -0.454799 0.48594 
1533547938159 0.138127 0.934969 -0.326733 -0.599571 -0.959325 0.208309 0.190533 -0.222297 0.246204 0.287126 0.925712 0.382517 0.3162 -0.384907 0.867101 0.400798 -0.930014 -0.306239 0.203202 -0.504306 0.187326 -0.870669 -0.454801 0.485922 
1533547938356 0.13817 0.935021 -0.326566 -0.59958 -0.959317 0.208317 0.190564 -0.222294 0.246211 0.286951 0.925764 0.382485 0.316197 -0.384904 0.867103 0.400778 -0.930014 -0.30624 0.2032 -0.504292 0.187329 -0.87067 -0.454799 0.485903 
1533547938553 0.138212 0.935073 -0.3264 -0.599589 -0.959309 0.208325 0.190595 -0.222291 0.246217 0.286776 0.925817 0.382452 0.316201 -0.384895 0.867106 0.400765 -0.930012 -0.306246 0.203202 -0.504277 0.187337 -0.870672 -0.454792 0.485883 
1533547938747 0.138255 0.935124 -0.326233 -0.599595 -0.959302 0.208333 0.190625 -0.222287 0.246224 0.286601 0.925869 0.382422 0.316123 -0.384928 0.86712 0.40068 -0.93004 -0.30621 0.20313 -0.504145 0.18733 -0.87067 -0.454798 0.485852 
1533547938891 0.138231 0.93512 -0.326255 -0.599588 -0.959334 0.20828 0.190518 -0.222277 0.24611 0.286653 0.925883 0.382449 1 0 0 0 0 1 0 0 0 0 1 1.306 
1533547938902 0.138337 0.935148 -0.326132 -0.599598 -0.959326 0.208345 0.190486 -0.222266 0.246081 0.286516 0.925934 0.382433 0.313239 -0.3866 0.867422 0.386189 -0.93126 -0.304042 0.200784 -0.500185 0.18611 -0.870689 -0.455263 0.505382 
1533547938919 0.138443 0.935175 -0.326007 -0.599609 -0.959319 0.20841 0.190454 -0.222256 0.246051 0.286378 0.925984 0.382416 0.316244 -0.384866 0.867103 0.400216 -0.929998 -0.306258 0.203249 -0.504049 0.187334 -0.87068 -0.454777 0.486145 
1533547939110 0.138549 0.935203 -0.325883 -0.599619 -0.959311 0.208475 0.190421 -0.222246 0.246021 0.286241 0.926034 0.3824 0.316258 -0.384857 0.867102 0.400836 -0.929992 -0.306267 0.203261 -0.504368 0.187338 -0.870681 -0.454774 0.485921 
1533547939166 0.138655 0.93523 -0.325759 -0.59963 -0.959304 0.20854 0.190388 -0.222235 0.245991 0.286103 0.926085 0.382384 0.316239 -0.384881 0.867098 0.400855 -0.93 -0.306257 0.203241 -0.504361 0.187331 -0.870674 -0.454789 0.485943 
1533547939279 0.138761 0.935258 -0.325635 -0.59964 -0.959296 0.208605 0.190356 -0.222225 0.245961 0.285967 0.926135 0.382368 0.316214 -0.384899 0.867099 0.400827 -0.930009 -0.306245 0.203216 -0.504329 0.187327 -0.87067 -0.454799 0.48594 
1533547939449 0.138866 0.935285 -0.325511 -0.59965 -0.959288 0.208669 0.190323 -0.222214 0.245931 0.28583 0.926185 0.382351 0.3162 -0.384907 0.867101 0.400798 -0.930014 -0.306239 0.203202 -0.504306 0.187326 -0.870669 -0.454801 0.485922 
1533547939599 0.138972 0.935313 -0.325388 -0.599661 -0.959281 0.208734 0.190291 -0.222204 0.245901 0.285693 0.926236 0.382335 0.316197 -0.384904 0.867103 0.400778 -0.930014 -0.30624 0.2032 -0.504292 0.187329 -0.87067 -0.454799 0.485903 
1533547939705 0.139078 0.93534 -0.325263 -0.599671 -0.959273 0.208799 0.190258 -0.222193 0.245871 0.285555 0.926286 0.382319 0.316201 -0.384895 0.867106 0.400765 -0.930012 -0.306246 0.203202 -0.504277 0.187337 -0.870672 -0.454792 0.485883 
1533547939797 0.139184 0.935367 -0.325139 -0.59968 -0.959265 0.208864 0.190225 -0.222183 0.24584 0.285418 0.926336 0.382303 0.316123 -0.384928 0.86712 0.40068 -0.93004 -0.30621 0.20313 -0.504145 0.18733 -0.87067 -0.454798 0.485852 
1533547939961 0.139296 0.935314 -0.325244 -0.599663 -0.959214 0.20903 0.1903 -0.222214 0.245976 0.28547 0.926284 0.382281 1 0 0 0 0 1 0 0 0 0 1 1.306 
1533547939973 0.139296 0.935312 -0.325251 -0.59966 -0.959268 0.208969 0.190095 -0.222203 0.245765 0.285523 0.926324 0.382285 0.313239 -0.3866 0.867422 0.386189 -0.93126 -0.304042 0.200784 -0.500185 0.18611 -0.870689 -0.455263 0.505382 
1533547939980 0.139297 0.93531 -0.325257 -0.599656 -0.959322 0.208908 0.18989 -0.222192 0.245555 0.285575 0.926364 0.382288 0.316244 -0.384866 0.867103 0.400216 -0.929998 -0.306258 0.203249 -0.504049 0.187334 -0.87068 -0.454777 0.486145 
1533547940138 0.139298 0.935308 -0.325262 -0.599652 -0.959376 0.208847 0.189686 -0.222182 0.245345 0.285626 0.926404 0.382292 0.316258 -0.384857 0.867102 0.400836 -0.929992 -0.306267 0.203261 -0.504368 0.187338 -0.870681 -0.454774 0.485921 
1533547940286 0.139299 0.935305 -0.325268 -0.599649 -0.95943 0.208787 0.189481 -0.222171 0.245134 0.285678 0.926444 0.382295 0.316239 -0.384881 0.867098 0.400855 -0.93 -0.306257 0.203241 -0.504361 0.187331 -0.870674 -0.454789 0.485943 
1533547940403 0.1393 0.935303 -0.325274 -0.599646 -0.959483 0.208726 0.189276 -0.22216 0.244924 0.285729 0.926483 0.382299 0.316214 -0.384899 0.867099 0.400827 -0.930009 -0.306245 0.203216 -0.504329 0.187327 -0.87067 -0.454799 0.48594 
1533547940613 0.1393 0.935301 -0.32528 -0.599642 -0.959537 0.208665 0.189071 -0.222149 0.244713 0.28578 0.926523 0.382303 0.3162 -0.384907 0.867101 0.400798 -0.930014 -0.306239 0.203202 -0.504306 0.187326 -0.870669 -0.454801 0.485922 
1533547940794 0.139302 0.935299 -0.325286 -0.599639 -0.95959 0.208605 0.188866 -0.222138 0.244503 0.285832 0.926563 0.382306 0.316197 -0.384904 0.867103 0.400778 -0.930014 -0.30624 0.2032 -0.504292 0.187329 -0.87067 -0.454799 0.485903 
1533547940957 0.139302 0.935297 -0.325292 -0.599635 -0.959644 0.208544 0.188661 -0.222128 0.244292 0.285883 0.926603 0.38231 0.316201 -0.384895 0.867106 0.400765 -0.930012 -0.306246 0.203202 -0.504277 0.187337 -0.870672 -0.454792 0.485883 
1533547941101 0.139303 0.935295 -0.325298 -0.599632 -0.959697 0.208484 0.188457 -0.222118 0.244082 0.285935 0.926642 0.382313 0.316123 -0.384928 0.86712 0.40068 -0.93004 -0.30621 0.20313 -0.504145 0.18733 -0.87067 -0.454798 0.485852 
1533547941203 0.139362 0.935291 -0.325283 -0.599624 -0.959646 0.208585 0.188604 -0.222175 0.244249 0.285872 0.926617 0.382309 1 0 0 0 0 1 0 0 0 0 1 1.306 
1533547941215 0.139378 0.935275 -0.325323 -0.599625 -0.959627 0.208627 0.188653 -0.222172 0.244313 0.285895 0.926593 0.382315 0.313239 -0.3866 0.867422 0.386189 -0.93126 -0.304042 0.200784 -0.500185 0.18611 -0.870689 -0.455263 0.505382 
1533547941222 0.139394 0.935258 -0.325365 -0.599627 -0.959608 0.208671 0.188701 -0.222169 0.244378 0.285919 0.926569 0.38232 0.316244 -0.384866 0.867103 0.400216 -0.929998 -0.306258 0.203249 -0.504049 0.187334 -0.87068 -0.454777 0.486145 
1533547941235 0.139411 0.935241 -0.325407 -0.599628 -0.95959 0.208714 0.188749 -0.222166 0.244443 0.285943 0.926544 0.382325 0.316258 -0.384857 0.867102 0.400836 -0.929992 -0.306267 0.203261 -0.504368 0.187338 -0.870681 -0.454774 0.485921 
1533547941242 0.139427 0.935224 -0.325448 -0.59963 -0.959571 0.208757 0.188798 -0.222163 0.244508 0.285967 0.92652 0.382331 0.316239 -0.384881 0.867098 0.400855 -0.93 -0.306257 0.203241 -0.504361 0.187331 -0.870674 -0.454789 0.485943 
1533547941396 0.139444 0.935207 -0.325489 -0.599631 -0.959552 0.2088 0.188846 -0.222161 0.244572 0.285991 0.926495 0.382336 0.316214 -0.384899 0.867099 0.400827 -0.930009 -0.306245 0.203216 -0.504329 0.187327 -0.87067 -0.454799 0.48594 
1533547941526 0.13946 0.93519 -0.325531 -0.599632 -0.959533 0.208843 0.188894 -0.222158 0.244637 0.286014 0.926471 0.382342 0.3162 -0.384907 0.867101 0.400798 -0.930014 -0.306239 0.203202 -0.504306 0.187326 -0.870669 -0.454801 0.485922 
1533547941677 0.139477 0.935173 -0.325572 -0.599634 -0.959514 0.208886 0.188943 -0.222155 0.244701 0.286038 0.926447 0.382347 0.316197 -0.384904 0.867103 0.400778 -0.930014 -0.30624 0.2032 -0.504292 0.187329 -0.87067 -0.454799 0.485903 
1533547941867 0.139493 0.935157 -0.325613 -0.599635 -0.959495 0.208929 0.188991 -0.222152 0.244766 0.286061 0.926422 0.382353 0.316201 -0.384895 0.867106 0.400765 -0.930012 -0.306246 0.203202 -0.504277 0.187337 -0.870672 -0.454792 0.485883 
1533547941874 0.13951 0.93514 -0.325654 -0.599637 -0.959477 0.208971 0.189039 -0.222149 0.24483 0.286085 0.926398 0.382358 0.316123 -0.384928 0.86712 0.40068 -0.93004 -0.30621 0.20313 -0.504145 0.18733 -0.87067 -0.454798 0.485852 
1533547942101 0.139396 0.93518 -0.325586 -0.599657 -0.959546 0.208789 0.188886 -0.22212 0.244621 0.286085 0.926454 0.382377 1 0 0 0 0 1 0 0 0 0 1 1.306 
1533547942113 0.139324 0.935155 -0.325689 -0.599651 -0.959495 0.208815 0.189117 -0.222133 0.244862 0.286148 0.92637 0.382381 0.313239 -0.3866 0.867422 0.386189 -0.93126 -0.304042 0.200784 -0.500185 0.18611 -0.870689 -0.455263 0.505382 
1533547942442 0.139252 0.93513 -0.325792 -0.599646 -0.959444 0.20884 0.189349 -0.222145 0.245105 0.286212 0.926286 0.382385 0.316244 -0.384866 0.867103 0.400216 -0.929998 -0.306258 0.203249 -0.504049 0.187334 -0.87068 -0.454777 0.486145 
1533547942582 0.13918 0.935105 -0.325894 -0.59964 -0.959393 0.208866 0.189581 -0.222158 0.245346 0.286275 0.926203 0.382389 0.316258 -0.384857 0.867102 0.400836 -0.929992 -0.306267 0.203261 -0.504368 0.187338 -0.870681 -0.454774 0.485921 
1533547942589 0.139108 0.93508 -0.325997 -0.599634 -0.959341 0.208892 0.189813 -0.222171 0.245588 0.286338 0.926119 0.382393 0.316239 -0.384881 0.867098 0.400855 -0.93 -0.306257 0.203241 -0.504361 0.187331 -0.870674 -0.454789 0.485943 
1533547942744 0.139036 0.935055 -0.3261 -0.599628 -0.95929 0.208918 0.190044 -0.222183 0.24583 0.286401 0.926036 0.382397 0.316214 -0.384899 0.867099 0.400827 -0.930009 -0.306245 0.203216 -0.504329 0.187327 -0.87067 -0.454799 0.48594 
1533547942848 0.138965 0.93503 -0.326202 -0.599623 -0.959238 0.208944 0.190276 -0.222196 0.246071 0.286464 0.925952 0.382401 0.3162 -0.384907 0.867101 0.400798 -0.930014 -0.306239 0.203202 -0.504306 0.187326 -0.870669 -0.454801 0.485922 
1533547942992 0.138893 0.935005 -0.326305 -0.599617 -0.959186 0.20897 0.190507 -0.222209 0.246313 0.286527 0.925868 0.382405 0.316197 -0.384904 0.867103 0.400778 -0.930014 -0.30624 0.2032 -0.504292 0.187329 -0.87067 -0.454799 0.485903 
1533547943112 0.138821 0.93498 -0.326407 -0.599611 -0.959135 0.208995 0.190739 -0.222222 0.246555 0.28659 0.925784 0.382409 0.316201 -0.384895 0.867106 0.400765 -0.930012 -0.306246 0.203202 -0.504277 0.187337 -0.870672 -0.454792 0.485883 
1533547943246 0.138749 0.934955 -0.32651 -0.599607 -0.959083 0.209021 0.190971 -0.222233 0.246796 0.286653 0.925701 0.382413 0.316123 -0.384928 0.86712 0.40068 -0.93004 -0.30621 0.20313 -0.504145 0.18733 -0.87067 -0.454798 0.485852 
1533547943350 0.138792 0.934963 -0.326468 -0.59959 -0.959125 0.208997 0.190786 -0.222291 0.246608 0.286644 0.925754 0.382437 1 0 0 0 0 1 0 0 0 0 1 1.306 
1533547943362 0.138809 0.934976 -0.326423 -0.599593 -0.959152 0.20897 0.190682 -0.222279 0.246496 0.286621 0.925791 0.382427 0.313239 -0.3866 0.867422 0.386189 -0.93126 -0.304042 0.200784 -0.500185 0.18611 -0.870689 -0.455263 0.505382 
1533547943369 0.138825 0.93499 -0.326377 -0.599597 -0.959179 0.208942 0.190578 -0.222267 0.246382 0.286597 0.925828 0.382418 0.316244 -0.384866 0.867103 0.400216 -0.929998 -0.306258 0.203249 -0.504049 0.187334 -0.87068 -0.454777 0.486145 
1533547943648 0.138841 0.935003 -0.326332 -0.5996 -0.959205 0.208914 0.190474 -0.222256 0.246269 0.286573 0.925866 0.382408 0.316258 -0.384857 0.867102 0.400836 -0.929992 -0.306267 0.203261 -0.504368 0.187338 -0.870681 -0.454774 0.485921 
1533547943809 0.138857 0.935017 -0.326286 -0.599604 -0.959232 0.208885 0.19037 -0.222244 0.246155 0.28655 0.925903 0.382399 0.316239 -0.384881 0.867098 0.400855 -0.93 -0.306257 0.203241 -0.504361 0.187331 -0.870674 -0.454789 0.485943 
1533547943926 0.138874 0.93503 -0.32624 -0.599607 -0.959259 0.208858 0.190265 -0.222232 0.246042 0.286526 0.925941 0.382389 0.316214 -0.384899 0.867099 0.400827 -0.930009 -0.306245 0.203216 -0.504329 0.187327 -0.87067 -0.454799 0.48594 
1533547944043 0.13889 0.935044 -0.326195 -0.59961 -0.959286 0.208829 0.190161 -0.22222 0.245928 0.286503 0.925978 0.382379 0.3162 -0.384907 0.867101 0.400798 -0.930014 -0.306239 0.203202 -0.504306 0.187326 -0.870669 -0.454801 0.485922 
1533547944183 0.138906 0.935057 -0.326149 -0.599614 -0.959312 0.208801 0.190057 -0.222208 0.245815 0.286479 0.926016 0.38237 0.316197 -0.384904 0.867103 0.400778 -0.930014 -0.30624 0.2032 -0.504292 0.187329 -0.87067 -0.454799 0.485903 
1533547944336 0.138922 0.935071 -0.326104 -0.599617 -0.959339 0.208773 0.189954 -0.222197 0.245702 0.286456 0.926053 0.38236 0.316201 -0.384895 0.867106 0.400765 -0.930012 -0.306246 0.203202 -0.504277 0.187337 -0.870672 -0.454792 0.485883 
1533547944494 0.138938 0.935084 -0.326058 -0.59962 -0.959366 0.208745 0.18985 -0.222185 0.245588 0.286432 0.92609 0.382351 0.316123 -0.384928 0.86712 0.40068 -0.93004 -0.30621 0.20313 -0.504145 0.18733 -0.87067 -0.454798 0.485852 
1533547944629 0.138833 0.935088 -0.326091 -0.599619 -0.959337 0.208704 0.190037 -0.222156 0.245758 0.286448 0.92604 0.382359 1 0 0 0 0 1 0 0 0 0 1 1.306 
1533547944640 0.1388 0.935063 -0.326177 -0.599616 -0.959358 0.208673 0.189968 -0.222159 0.245696 0.286553 0.926024 0.382375 0.313239 -0.3866 0.867422 0.386189 -0.93126 -0.304042 0.200784 -0.500185 0.18611 -0.870689 -0.455263 0.505382 
1533547944897 0.138767 0.935038 -0.326264 -0.599612 -0.959379 0.208641 0.189898 -0.222162 0.245634 0.286659 0.926008 0.382391 0.316244 -0.384866 0.867103 0.400216 -0.929998 -0.306258 0.203249 -0.504049 0.187334 -0.87068 -0.454777 0.486145 
1533547945012 0.138735 0.935013 -0.32635 -0.599608 -0.9594 0.208609 0.189828 -0.222164 0.245571 0.286764 0.925992 0.382407 0.316258 -0.384857 0.867102 0.400836 -0.929992 -0.306267 0.203261 -0.504368 0.187338 -0.870681 -0.454774 0.485921 
1533547945156 0.138702 0.934987 -0.326436 -0.599605 -0.95942 0.208577 0.189758 -0.222167 0.245508 0.28687 0.925976 0.382423 0.316239 -0.384881 0.867098 0.400855 -0.93 -0.306257 0.203241 -0.504361 0.187331 -0.870674 -0.454789 0.485943 
1533547945283 0.138669 0.934962 -0.326522 -0.599602 -0.959441 0.208546 0.189688 -0.22217 0.245445 0.286975 0.92596 0.382439 0.316214 -0.384899 0.867099 0.400827 -0.930009 -0.306245 0.203216 -0.504329 0.187327 -0.87067 -0.454799 0.48594 
1533547945452 0.138636 0.934937 -0.326608 -0.599598 -0.959462 0.208514 0.189618 -0.222173 0.245383 0.28708 0.925944 0.382456 0.3162 -0.384907 0.867101 0.400798 -0.930014 -0.306239 0.203202 -0.504306 0.187326 -0.870669 -0.454801 0.485922 
1533547945649 0.138604 0.934912 -0.326694 -0.599595 -0.959483 0.208482 0.189547 -0.222176 0.24532 0.287185 0.925928 0.382472 0.316197 -0.384904 0.867103 0.400778 -0.930014 -0.30624 0.2032 -0.504292 0.187329 -0.87067 -0.454799 0.485903 
1533547945866 0.138571 0.934887 -0.32678 -0.599591 -0.959503 0.20845 0.189478 -0.222178 0.245257 0.28729 0.925912 0.382488 0.316201 -0.384895 0.867106 0.400765 -0.930012 -0.306246 0.203202 -0.504277 0.187337 -0.870672 -0.454792 0.485883 
1533547946045 0.138539 0.934861 -0.326866 -0.599589 -0.959524 0.208418 0.189408 -0.222182 0.245195 0.287395 0.925896 0.382503 0.316123 -0.384928 0.86712 0.40068 -0.93004 -0.30621 0.20313 -0.504145 0.18733 -0.87067 -0.454798 0.485852 
1533547946198 0.138576 0.934842 -0.326904 -0.5996 -0.959518 0.208462 0.189391 -0.222201 0.245198 0.287425 0.925886 0.382465 1 0 0 0 0 1 0 0 0 0 1 1.306 
1533547946209 0.138628 0.934876 -0.326787 -0.599606 -0.959534 0.208459 0.189312 -0.22219 0.245105 0.287319 0.925944 0.382449 0.313239 -0.3866 0.867422 0.386189 -0.93126 -0.304042 0.200784 -0.500185 0.18611 -0.870689 -0.455263 0.505382 
