1533550171398 0.0970359 0.877152 -0.470306 -0.617585 -0.951693 0.220083 0.214111 -0.220774 0.291314 0.426811 0.856136 0.38122 1 0 0 0 0 1 0 0 0 0 1 1.306 
1533550171410 0.0973854 0.883896 -0.457433 -0.616305 -0.955291 0.211941 0.206155 -0.221472 0.279168 0.416905 0.865018 0.380684 0.313239 -0.3866 0.867422 0.38619 -0.93126 -0.304042 0.200784 -0.500187 0.186109 -0.870689 -0.455263 0.505382 
1533550171937 0.0975513 0.890468 -0.444467 -0.615023 -0.958753 0.203887 0.19805 -0.222171 0.266978 0.406814 0.873627 0.380147 0.316244 -0.384866 0.867103 0.400217 -0.929998 -0.306258 0.203249 -0.50405 0.187333 -0.87068 -0.454777 0.486145 
1533550172450 0.0975326 0.896866 -0.431414 -0.613742 -0.962076 0.195923 0.189801 -0.222869 0.25475 0.396541 0.881962 0.37961 0.316258 -0.384857 0.867102 0.400837 -0.929992 -0.306267 0.203261 -0.504368 0.187338 -0.870681 -0.454774 0.485921 
1533550172958 0.0973298 0.903089 -0.418278 -0.612461 -0.96526 0.188052 0.181409 -0.223568 0.242487 0.386091 0.890019 0.379073 0.316239 -0.384881 0.867098 0.400855 -0.93 -0.306257 0.203241 -0.504361 0.187331 -0.870674 -0.45479 0.485943 
1533550173455 0.0969427 0.909134 -0.405064 -0.611179 -0.968305 0.180277 0.172877 -0.224267 0.230192 0.375466 0.897795 0.378536 0.316214 -0.384899 0.867099 0.400827 -0.930009 -0.306245 0.203216 -0.504329 0.187327 -0.87067 -0.454799 0.48594 
1533550173966 0.0963718 0.915 -0.391775 -0.609898 -0.971208 0.172601 0.164208 -0.224966 0.217871 0.36467 0.905289 0.377999 0.3162 -0.384907 0.867101 0.400798 -0.930014 -0.306239 0.203202 -0.504306 0.187326 -0.870669 -0.454801 0.485923 
1533550174473 0.095617 0.920683 -0.378417 -0.608616 -0.973969 0.165025 0.155404 -0.225664 0.205527 0.353707 0.912497 0.377462 0.316197 -0.384904 0.867103 0.400778 -0.930014 -0.30624 0.2032 -0.504292 0.187329 -0.87067 -0.454799 0.485903 
1533550175008 0.0946793 0.926183 -0.364994 -0.607331 -0.976588 0.157553 0.146469 -0.226362 0.193163 0.342581 0.919416 0.376927 0.3162 -0.384895 0.867106 0.400765 -0.930012 -0.306246 0.203202 -0.504277 0.187337 -0.870672 -0.454792 0.485883 
1533550175522 0.0935559 0.931484 -0.351546 -0.606003 -0.97906 0.150196 0.137417 -0.227049 0.180802 0.331328 0.92603 0.376452 0.316122 -0.384928 0.86712 0.400679 -0.93004 -0.30621 0.203129 -0.504143 0.18733 -0.87067 -0.454798 0.485851 
1533550176041 0.093616 0.931426 -0.351683 -0.606011 -0.979058 0.150264 0.137351 -0.227089 0.180778 0.33146 0.925988 0.376415 1 0 0 0 0 1 0 0 0 0 1 1.306 
1533550176053 0.0934905 0.931955 -0.350315 -0.605887 -0.979298 0.149528 0.136444 -0.227156 0.179541 0.330306 0.926641 0.376358 0.313239 -0.3866 0.867422 0.386189 -0.93126 -0.304042 0.200784 -0.500185 0.18611 -0.870689 -0.455263 0.505382 
1533550176278 0.0933633 0.932481 -0.348945 -0.605763 -0.979536 0.148793 0.135535 -0.227223 0.178304 0.32915 0.92729 0.376302 0.316244 -0.384866 0.867103 0.400216 -0.929998 -0.306258 0.203249 -0.504049 0.187334 -0.87068 -0.454777 0.486145 
1533550176499 0.0932339 0.933006 -0.347575 -0.60564 -0.979773 0.148059 0.134625 -0.227291 0.177068 0.327992 0.927938 0.376245 0.316258 -0.384857 0.867102 0.400836 -0.929992 -0.306267 0.203261 -0.504368 0.187338 -0.870681 -0.454774 0.485921 
1533550176713 0.0931025 0.933528 -0.346203 -0.605516 -0.980008 0.147326 0.133714 -0.227358 0.175831 0.326833 0.928582 0.376189 0.316239 -0.384881 0.867098 0.400855 -0.93 -0.306257 0.203241 -0.504361 0.187331 -0.870674 -0.454789 0.485943 
1533550176934 0.0929696 0.934049 -0.344832 -0.605392 -0.980242 0.146595 0.132802 -0.227425 0.174594 0.325672 0.929223 0.376132 0.316214 -0.384899 0.867099 0.400827 -0.930009 -0.306245 0.203216 -0.504329 0.187327 -0.87067 -0.454799 0.48594 
1533550177157 0.0928349 0.934568 -0.34346 -0.605268 -0.980474 0.145865 0.131888 -0.227492 0.173357 0.32451 0.929861 0.376075 0.3162 -0.384907 0.867101 0.400798 -0.930014 -0.306239 0.203202 -0.504306 0.187326 -0.870669 -0.454801 0.485922 
1533550177388 0.0926979 0.935085 -0.342087 -0.605144 -0.980705 0.145135 0.130973 -0.227559 0.17212 0.323345 0.930496 0.376019 0.316197 -0.384904 0.867103 0.400778 -0.930014 -0.30624 0.2032 -0.504292 0.187329 -0.87067 -0.454799 0.485903 
1533550177592 0.0925594 0.9356 -0.340714 -0.60502 -0.980934 0.144407 0.130057 -0.227627 0.170883 0.32218 0.931128 0.375962 0.316201 -0.384895 0.867106 0.400765 -0.930012 -0.306246 0.203202 -0.504277 0.187337 -0.870672 -0.454792 0.485883 
1533550177810 0.0924191 0.936111 -0.339344 -0.604891 -0.981162 0.14368 0.12914 -0.227693 0.169647 0.321016 0.931756 0.375912 0.316123 -0.384928 0.86712 0.40068 -0.93004 -0.30621 0.20313 -0.504145 0.18733 -0.87067 -0.454798 0.485852 
1533550178032 0.0924266 0.936097 -0.339382 -0.6049 -0.981155 0.143704 0.129164 -0.22765 0.16968 0.321048 0.931739 0.375916 1 0 0 0 0 1 0 0 0 0 1 1.306 
1533550178044 0.0924654 0.936172 -0.339164 -0.6049 -0.981153 0.143708 0.129178 -0.227682 0.169673 0.320827 0.931816 0.375889 0.313239 -0.3866 0.867422 0.386189 -0.93126 -0.304042 0.200784 -0.500185 0.18611 -0.870689 -0.455263 0.505382 
1533550178050 0.0925047 0.936247 -0.338945 -0.6049 -0.98115 0.143712 0.129192 -0.227714 0.169666 0.320605 0.931894 0.375862 0.316244 -0.384866 0.867103 0.400216 -0.929998 -0.306258 0.203249 -0.504049 0.187334 -0.87068 -0.454777 0.486145 
1533550178231 0.0925442 0.936323 -0.338726 -0.604899 -0.981148 0.143717 0.129207 -0.227745 0.16966 0.320383 0.931971 0.375836 0.316258 -0.384857 0.867102 0.400836 -0.929992 -0.306267 0.203261 -0.504368 0.187338 -0.870681 -0.454774 0.485921 
1533550178359 0.0925837 0.936398 -0.338508 -0.604899 -0.981145 0.143721 0.129221 -0.227777 0.169653 0.320162 0.932048 0.375809 0.316239 -0.384881 0.867098 0.400855 -0.93 -0.306257 0.203241 -0.504361 0.187331 -0.870674 -0.454789 0.485943 
1533550178649 0.0926234 0.936473 -0.33829 -0.604899 -0.981143 0.143726 0.129235 -0.227809 0.169646 0.31994 0.932126 0.375782 0.316214 -0.384899 0.867099 0.400827 -0.930009 -0.306245 0.203216 -0.504329 0.187327 -0.87067 -0.454799 0.48594 
1533550178837 0.0926626 0.936548 -0.33807 -0.604899 -0.98114 0.14373 0.129249 -0.227841 0.169639 0.319718 0.932203 0.375755 0.3162 -0.384907 0.867101 0.400798 -0.930014 -0.306239 0.203202 -0.504306 0.187326 -0.870669 -0.454801 0.485922 
1533550179018 0.0927021 0.936623 -0.337852 -0.604899 -0.981138 0.143735 0.129264 -0.227873 0.169632 0.319496 0.932281 0.375728 0.316197 -0.384904 0.867103 0.400778 -0.930014 -0.30624 0.2032 -0.504292 0.187329 -0.87067 -0.454799 0.485903 
1533550179191 0.0927415 0.936698 -0.337633 -0.604898 -0.981135 0.14374 0.129278 -0.227904 0.169626 0.319275 0.932358 0.375702 0.316201 -0.384895 0.867106 0.400765 -0.930012 -0.306246 0.203202 -0.504277 0.187337 -0.870672 -0.454792 0.485883 
1533550179342 0.092781 0.936773 -0.337415 -0.604895 -0.981133 0.143744 0.129292 -0.227935 0.169619 0.319053 0.932435 0.375677 0.316123 -0.384928 0.86712 0.40068 -0.93004 -0.30621 0.20313 -0.504145 0.18733 -0.87067 -0.454798 0.485852 
1533550179515 0.0929085 0.936745 -0.337457 -0.604905 -0.981122 0.143866 0.129234 -0.227986 0.169608 0.31908 0.932428 0.375716 1 0 0 0 0 1 0 0 0 0 1 1.306 
1533550179525 0.0929887 0.936764 -0.337381 -0.604895 -0.981148 0.143868 0.129038 -0.227974 0.169417 0.319021 0.932482 0.375684 0.313239 -0.3866 0.867422 0.386189 -0.93126 -0.304042 0.200784 -0.500185 0.18611 -0.870689 -0.455263 0.505382 
1533550179693 0.0930694 0.936784 -0.337305 -0.604885 -0.981174 0.143871 0.12884 -0.227962 0.169224 0.318963 0.932537 0.375652 0.316244 -0.384866 0.867103 0.400216 -0.929998 -0.306258 0.203249 -0.504049 0.187334 -0.87068 -0.454777 0.486145 
1533550179848 0.093149 0.936803 -0.337229 -0.604876 -0.981199 0.143872 0.128643 -0.22795 0.169031 0.318905 0.932592 0.37562 0.316258 -0.384857 0.867102 0.400836 -0.929992 -0.306267 0.203261 -0.504368 0.187338 -0.870681 -0.454774 0.485921 
1533550180026 0.0932294 0.936823 -0.337153 -0.604866 -0.981225 0.143874 0.128445 -0.227938 0.168838 0.318848 0.932647 0.375588 0.316239 -0.384881 0.867098 0.400855 -0.93 -0.306257 0.203241 -0.504361 0.187331 -0.870674 -0.454789 0.485943 
1533550180155 0.0933093 0.936842 -0.337077 -0.604856 -0.98125 0.143876 0.128248 -0.227926 0.168645 0.31879 0.932701 0.375557 0.316214 -0.384899 0.867099 0.400827 -0.930009 -0.306245 0.203216 -0.504329 0.187327 -0.87067 -0.454799 0.48594 
1533550180264 0.093389 0.936861 -0.337 -0.604846 -0.981276 0.143878 0.12805 -0.227913 0.168452 0.318732 0.932756 0.375525 0.3162 -0.384907 0.867101 0.400798 -0.930014 -0.306239 0.203202 -0.504306 0.187326 -0.870669 -0.454801 0.485922 
1533550180270 0.0934687 0.936881 -0.336924 -0.604836 -0.981301 0.143879 0.127853 -0.227901 0.168259 0.318674 0.932811 0.375493 0.316197 -0.384904 0.867103 0.400778 -0.930014 -0.30624 0.2032 -0.504292 0.187329 -0.87067 -0.454799 0.485903 
1533550180439 0.0935492 0.9369 -0.336848 -0.604827 -0.981327 0.143882 0.127655 -0.227889 0.168066 0.318616 0.932865 0.375461 0.316201 -0.384895 0.867106 0.400765 -0.930012 -0.306246 0.203202 -0.504277 0.187337 -0.870672 -0.454792 0.485883 
1533550180566 0.0936291 0.936919 -0.336772 -0.604817 -0.981352 0.143884 0.127458 -0.227878 0.167873 0.318558 0.93292 0.37543 0.316123 -0.384928 0.86712 0.40068 -0.93004 -0.30621 0.20313 -0.504145 0.18733 -0.87067 -0.454798 0.485852 
1533550180724 0.0934453 0.936887 -0.336914 -0.60483 -0.981372 0.143726 0.127481 -0.227814 0.167859 0.318726 0.932865 0.375368 1 0 0 0 0 1 0 0 0 0 1 1.306 
1533550180735 0.0935371 0.936928 -0.336773 -0.604837 -0.981382 0.143758 0.127372 -0.227809 0.167753 0.318589 0.932931 0.375366 0.313239 -0.3866 0.867422 0.386189 -0.93126 -0.304042 0.200784 -0.500185 0.18611 -0.870689 -0.455263 0.505382 
1533550180752 0.0936297 0.93697 -0.336631 -0.604843 -0.981391 0.143791 0.127263 -0.227804 0.167646 0.318451 0.932997 0.375365 0.316244 -0.384866 0.867103 0.400216 -0.929998 -0.306258 0.203249 -0.504049 0.187334 -0.87068 -0.454777 0.486145 
1533550180988 0.0937219 0.937012 -0.33649 -0.60485 -0.9814 0.143824 0.127153 -0.227799 0.167539 0.318314 0.933063 0.375364 0.316258 -0.384857 0.867102 0.400836 -0.929992 -0.306267 0.203261 -0.504368 0.187338 -0.870681 -0.454774 0.485921 
1533550181124 0.0938139 0.937053 -0.336348 -0.604856 -0.98141 0.143856 0.127044 -0.227794 0.167432 0.318177 0.933129 0.375362 0.316239 -0.384881 0.867098 0.400855 -0.93 -0.306257 0.203241 -0.504361 0.187331 -0.870674 -0.454789 0.485943 
1533550181285 0.0939065 0.937095 -0.336206 -0.604863 -0.981419 0.143889 0.126934 -0.227789 0.167325 0.318039 0.933195 0.375361 0.316214 -0.384899 0.867099 0.400827 -0.930009 -0.306245 0.203216 -0.504329 0.187327 -0.87067 -0.454799 0.48594 
1533550181424 0.0939986 0.937137 -0.336064 -0.60487 -0.981429 0.143921 0.126824 -0.227784 0.167219 0.317902 0.933261 0.375359 0.3162 -0.384907 0.867101 0.400798 -0.930014 -0.306239 0.203202 -0.504306 0.187326 -0.870669 -0.454801 0.485922 
1533550181589 0.0940908 0.937178 -0.335923 -0.604876 -0.981438 0.143954 0.126715 -0.227779 0.167112 0.317765 0.933327 0.375358 0.316197 -0.384904 0.867103 0.400778 -0.930014 -0.30624 0.2032 -0.504292 0.187329 -0.87067 -0.454799 0.485903 
1533550181735 0.0941833 0.93722 -0.335781 -0.604883 -0.981447 0.143987 0.126605 -0.227774 0.167005 0.317627 0.933393 0.375356 0.316201 -0.384895 0.867106 0.400765 -0.930012 -0.306246 0.203202 -0.504277 0.187337 -0.870672 -0.454792 0.485883 
1533550181882 0.0942753 0.937261 -0.335639 -0.604888 -0.981457 0.14402 0.126496 -0.227769 0.166898 0.31749 0.933459 0.375355 0.316123 -0.384928 0.86712 0.40068 -0.93004 -0.30621 0.20313 -0.504145 0.18733 -0.87067 -0.454798 0.485852 
1533550182047 0.0942567 0.937239 -0.335706 -0.604871 -0.981436 0.144053 0.126614 -0.227758 0.167027 0.31754 0.933419 0.375369 1 0 0 0 0 1 0 0 0 0 1 1.306 
1533550182058 0.0942626 0.937227 -0.335739 -0.604868 -0.981437 0.14406 0.126599 -0.227762 0.167019 0.317573 0.933409 0.375372 0.313239 -0.3866 0.867422 0.386189 -0.93126 -0.304042 0.200784 -0.500185 0.18611 -0.870689 -0.455263 0.505382 
1533550182075 0.0942696 0.937214 -0.335773 -0.604865 -0.981438 0.144069 0.126584 -0.227767 0.167011 0.317607 0.933399 0.375374 0.316244 -0.384866 0.867103 0.400216 -0.929998 -0.306258 0.203249 -0.504049 0.187334 -0.87068 -0.454777 0.486145 
1533550182092 0.0942764 0.937201 -0.335806 -0.604863 -0.981439 0.144077 0.126569 -0.227772 0.167003 0.317641 0.933389 0.375377 0.316258 -0.384857 0.867102 0.400836 -0.929992 -0.306267 0.203261 -0.504368 0.187338 -0.870681 -0.454774 0.485921 
1533550182347 0.0942831 0.937189 -0.335839 -0.60486 -0.981439 0.144085 0.126555 -0.227776 0.166995 0.317674 0.933379 0.37538 0.316239 -0.384881 0.867098 0.400855 -0.93 -0.306257 0.203241 -0.504361 0.187331 -0.870674 -0.454789 0.485943 
1533550182573 0.09429 0.937176 -0.335873 -0.604857 -0.98144 0.144094 0.12654 -0.227781 0.166987 0.317708 0.933369 0.375382 0.316214 -0.384899 0.867099 0.400827 -0.930009 -0.306245 0.203216 -0.504329 0.187327 -0.87067 -0.454799 0.48594 
1533550182763 0.0942968 0.937163 -0.335906 -0.604854 -0.981441 0.144102 0.126525 -0.227785 0.166979 0.317741 0.933359 0.375385 0.3162 -0.384907 0.867101 0.400798 -0.930014 -0.306239 0.203202 -0.504306 0.187326 -0.870669 -0.454801 0.485922 
1533550182954 0.0943036 0.937151 -0.335939 -0.604851 -0.981441 0.14411 0.12651 -0.22779 0.166971 0.317774 0.933349 0.375388 0.316197 -0.384904 0.867103 0.400778 -0.930014 -0.30624 0.2032 -0.504292 0.187329 -0.87067 -0.454799 0.485903 
1533550183089 0.0943103 0.937138 -0.335972 -0.604849 -0.981442 0.144119 0.126495 -0.227794 0.166964 0.317807 0.933339 0.375391 0.316201 -0.384895 0.867106 0.400765 -0.930012 -0.306246 0.203202 -0.504277 0.187337 -0.870672 -0.454792 0.485883 
1533550183095 0.0943173 0.937126 -0.336006 -0.604846 -0.981443 0.144127 0.12648 -0.227799 0.166956 0.317841 0.933329 0.375393 0.316123 -0.384928 0.86712 0.40068 -0.93004 -0.30621 0.20313 -0.504145 0.18733 -0.87067 -0.454798 0.485852 
1533550183200 0.0944078 0.937106 -0.336035 -0.604872 -0.981438 0.144209 0.126427 -0.227809 0.166935 0.317861 0.933326 0.375362 1 0 0 0 0 1 0 0 0 0 1 1.306 
1533550183213 0.0943401 0.937121 -0.336011 -0.604869 -0.981408 0.144212 0.126656 -0.227827 0.167149 0.317815 0.933303 0.375354 0.313239 -0.3866 0.867422 0.386189 -0.93126 -0.304042 0.200784 -0.500185 0.18611 -0.870689 -0.455263 0.505382 
1533550183396 0.0942717 0.937137 -0.335986 -0.604865 -0.981378 0.144214 0.126885 -0.227844 0.167363 0.317768 0.933281 0.375345 0.316244 -0.384866 0.867103 0.400216 -0.929998 -0.306258 0.203249 -0.504049 0.187334 -0.87068 -0.454777 0.486145 
1533550183605 0.0942033 0.937153 -0.335962 -0.604862 -0.981348 0.144215 0.127114 -0.227862 0.167576 0.317721 0.933259 0.375337 0.316258 -0.384857 0.867102 0.400836 -0.929992 -0.306267 0.203261 -0.504368 0.187338 -0.870681 -0.454774 0.485921 
