1530572336804 0.275657 -0.8825 0.381061 -0.604483 0.633204 0.464965 0.618757 -0.181741 -0.723233 0.0707247 0.686973 0.426588 -0.0899113 -0.991327 -0.0958493 0.448701 -0.145264 0.108263 -0.983452 -0.496951 0.985299 -0.0745 -0.153738 0.445851 
1530572336814 0.279959 -0.928327 0.244604 0.300914 -0.147635 -0.293395 -0.944523 -0.479405 0.948592 0.228316 -0.219193 0.477999 -0.0825258 -0.991948 -0.0960617 0.442499 -0.146067 0.107389 -0.983429 -0.49639 0.985827 -0.0671268 -0.153753 0.44539 
1530572336831 0.230439 -0.928572 0.290949 0.201144 0.100162 -0.274773 -0.956278 -0.454448 0.967918 0.249506 0.0296893 0.470138 -0.075136 -0.992515 -0.0962738 0.436296 -0.146864 0.106508 -0.983406 -0.495829 0.986299 -0.0597501 -0.153767 0.444929 
1530572336854 0.170924 -0.930702 0.323387 0.101345 0.342533 -0.251615 -0.905186 -0.429528 0.923827 0.265489 0.275789 0.46227 -0.0677422 -0.993026 -0.0964858 0.430094 -0.147654 0.105621 -0.983383 -0.495268 0.986716 -0.05237 -0.153779 0.444468 
1530572336867 0.105241 -0.934585 0.339817 0.00154856 0.563806 -0.225413 -0.794552 -0.404593 0.819175 0.27521 0.503202 0.454389 -0.0603447 -0.993483 -0.0966983 0.423891 -0.148437 0.104729 -0.983361 -0.494707 0.987079 -0.044987 -0.15379 0.444007 
1530572336881 0.0376412 -0.939972 0.33917 -0.0982441 0.749696 -0.197848 -0.631515 -0.379703 0.660711 0.278046 0.697246 0.446561 -0.052944 -0.993884 -0.0969108 0.417689 -0.149214 0.103831 -0.983338 -0.494146 0.987387 -0.0376015 -0.153799 0.443547 
1530572336898 -0.0274964 -0.946509 0.321504 -0.19804 0.888171 -0.170715 -0.426625 -0.354799 0.45869 0.273819 0.845356 0.438708 -0.0455406 -0.99423 -0.0971235 0.411487 -0.149984 0.102927 -0.983316 -0.493584 0.987639 -0.0302138 -0.153806 0.443086 
1530572336914 -0.0859579 -0.953775 0.287965 -0.297843 0.970288 -0.145755 -0.193125 -0.329885 0.22617 0.262808 0.937965 0.430849 -0.0381345 -0.994521 -0.0973361 0.405284 -0.150748 0.102018 -0.983294 -0.493023 0.987836 -0.0228242 -0.153812 0.442625 
1530572336931 -0.133892 -0.961306 0.240757 -0.39763 0.990756 -0.124507 0.0538483 -0.304986 -0.0217887 0.245741 0.969091 0.423012 -0.0307268 -0.994756 -0.0975488 0.399082 -0.151504 0.101102 -0.983273 -0.492462 0.987979 -0.0154338 -0.153816 0.442164 
1530572336949 -0.16635 -0.968714 0.184174 -0.49704 0.948952 -0.106511 0.296892 -0.280489 -0.267987 0.224161 0.936982 0.415826 -0.0233177 -0.994937 -0.0977612 0.39288 -0.152253 0.100181 -0.983251 -0.491901 0.988066 -0.00804271 -0.153818 0.441703 
1530572336972 -0.16635 -0.968714 0.184174 -0.49704 0.948952 -0.106511 0.296892 -0.280489 -0.267987 0.224161 0.936982 0.415826 -0.0898767 -0.991425 -0.094858 0.447925 -0.145553 0.107296 -0.983515 -0.497144 0.98526 -0.0745882 -0.153948 0.445982 
1530572336984 0.279944 -0.928332 0.244602 0.300919 -0.147641 -0.29339 -0.944523 -0.479385 0.948596 0.2283 -0.219192 0.478003 -0.0824941 -0.992037 -0.0951706 0.4418 -0.146324 0.106518 -0.983485 -0.496564 0.985791 -0.0672059 -0.153946 0.445508 
1530572337001 0.230437 -0.928573 0.290948 0.201144 0.100162 -0.274772 -0.956278 -0.454448 0.967919 0.249504 0.0296898 0.470138 -0.0751077 -0.992594 -0.0954828 0.435675 -0.147089 0.105734 -0.983456 -0.495983 0.986268 -0.0598206 -0.153941 0.445034 
1530572337018 0.170946 -0.930695 0.323396 0.101346 0.342532 -0.251618 -0.905185 -0.429525 0.923823 0.265511 0.275779 0.46227 -0.0677174 -0.993095 -0.095795 0.429551 -0.147848 0.104944 -0.983427 -0.495403 0.986689 -0.052432 -0.153934 0.44456 
1530572337035 0.10526 -0.934578 0.339831 0.00154922 0.5638 -0.225416 -0.794555 -0.40459 0.819176 0.275231 0.503188 0.454388 -0.0603236 -0.993541 -0.0961072 0.423426 -0.148601 0.104148 -0.983398 -0.494822 0.987056 -0.0450404 -0.153924 0.444086 
1530572337051 0.0376356 -0.939972 0.339171 -0.0982457 0.749695 -0.197853 -0.631515 -0.379703 0.660712 0.278042 0.697246 0.446561 -0.0529267 -0.993933 -0.0964193 0.417301 -0.149349 0.103347 -0.983369 -0.494242 0.987367 -0.0376463 -0.153912 0.443612 
1530572337068 -0.0275104 -0.946508 0.321506 -0.198043 0.888168 -0.170729 -0.426624 -0.354797 0.458694 0.273815 0.845355 0.438706 -0.045527 -0.994269 -0.0967314 0.411176 -0.15009 0.102541 -0.98334 -0.493662 0.987624 -0.0302502 -0.153898 0.443138 
1530572337085 -0.0859875 -0.953774 0.28796 -0.297848 0.970285 -0.145782 -0.193118 -0.329881 0.22617 0.262798 0.937968 0.430844 -0.038125 -0.99455 -0.0970433 0.405051 -0.150825 0.101729 -0.983312 -0.493081 0.987825 -0.0228523 -0.153881 0.442664 
1530572337101 -0.133994 -0.961304 0.240707 -0.397649 0.990742 -0.124599 0.0539059 -0.30497 -0.0218281 0.245702 0.9691 0.422988 -0.0307211 -0.994775 -0.0973551 0.398927 -0.151554 0.100911 -0.983285 -0.492501 0.987971 -0.0154531 -0.153862 0.44219 
1530572337118 -0.168164 -0.968644 0.182895 -0.4974 0.948284 -0.108291 0.298379 -0.280131 -0.269217 0.223613 0.93676 0.415185 -0.0233158 -0.994946 -0.0976664 0.392802 -0.152277 0.100087 -0.983257 -0.49192 0.988063 -0.00805314 -0.153841 0.441716 
1530572337156 -0.168164 -0.968644 0.182895 -0.4974 0.948284 -0.108291 0.298379 -0.280131 -0.269217 0.223613 0.93676 0.415185 -0.0894651 -0.991763 -0.0916614 0.442288 -0.147694 0.104223 -0.983526 -0.498237 0.984978 -0.0744535 -0.155801 0.446398 
1530572337169 0.279944 -0.928332 0.244603 0.300918 -0.14764 -0.293391 -0.944523 -0.479383 0.948596 0.228301 -0.219192 0.478 -0.0821232 -0.992339 -0.0922999 0.436727 -0.14824 0.103745 -0.983495 -0.497547 0.985536 -0.0670852 -0.155624 0.445882 
1530572337184 0.230433 -0.928574 0.290949 0.201135 0.100157 -0.274774 -0.956278 -0.454444 0.96792 0.249499 0.0296862 0.470131 -0.0747776 -0.99286 -0.0929372 0.431166 -0.148782 0.103263 -0.983464 -0.496858 0.986039 -0.0597137 -0.155442 0.445367 
1530572337201 0.170907 -0.930708 0.323379 0.101361 0.342537 -0.25161 -0.905185 -0.429539 0.923828 0.265472 0.2758 0.462285 -0.0674284 -0.993327 -0.0935716 0.425605 -0.149322 0.102776 -0.983433 -0.496168 0.986487 -0.0523391 -0.155255 0.444851 
1530572337218 0.105225 -0.934591 0.339806 0.00157288 0.563812 -0.225408 -0.794548 -0.404636 0.819172 0.275193 0.503215 0.45443 -0.0600756 -0.993739 -0.0942054 0.420044 -0.149857 0.102285 -0.983403 -0.495478 0.986881 -0.0449611 -0.155064 0.444336 
1530572337237 0.0376324 -0.939973 0.339168 -0.0982377 0.749694 -0.197854 -0.631516 -0.379715 0.660713 0.278038 0.697247 0.446568 -0.0527196 -0.994096 -0.0948381 0.414483 -0.150389 0.101791 -0.983373 -0.494789 0.98722 -0.0375804 -0.154868 0.44382 
1530572337251 -0.0275109 -0.946508 0.321506 -0.198044 0.888168 -0.170729 -0.426625 -0.354797 0.458694 0.273814 0.845355 0.438706 -0.0453609 -0.994398 -0.0954698 0.408921 -0.150918 0.101293 -0.983343 -0.494099 0.987505 -0.0301972 -0.154667 0.443304 
1530572337268 -0.0859935 -0.953774 0.28796 -0.297849 0.970284 -0.145787 -0.193117 -0.32988 0.226171 0.262796 0.937968 0.430843 -0.0380002 -0.994646 -0.096099 0.40336 -0.151442 0.10079 -0.983314 -0.493409 0.987735 -0.0228127 -0.154462 0.442789 
1530572337284 -0.134035 -0.9613 0.240699 -0.397656 0.990736 -0.12464 0.0539165 -0.304962 -0.0218293 0.245696 0.969101 0.422982 -0.0306378 -0.994839 -0.0967271 0.397799 -0.151963 0.100284 -0.983285 -0.492719 0.987911 -0.0154267 -0.154252 0.442273 
1530572337301 -0.168532 -0.968602 0.182777 -0.497457 0.948201 -0.108653 0.298511 -0.280044 -0.269279 0.223618 0.936741 0.415121 -0.0232743 -0.994978 -0.0973536 0.392238 -0.15248 0.0997736 -0.983257 -0.49203 0.988032 -0.00804012 -0.154037 0.441758 
1530572337339 -0.168532 -0.968602 0.182777 -0.497457 0.948201 -0.108653 0.298511 -0.280044 -0.269279 0.223618 0.936741 0.415121 -0.0824569 -0.992268 -0.0927625 0.434815 -0.151203 0.104458 -0.982968 -0.497619 0.985058 -0.0670265 -0.158647 0.444809 
1530572337345 0.279949 -0.92833 0.244604 0.300903 -0.147644 -0.293394 -0.944522 -0.479377 0.948594 0.228304 -0.219197 0.477994 -0.0763968 -0.992601 -0.0943749 0.43007 -0.151162 0.105088 -0.982907 -0.49694 0.985552 -0.0608251 -0.158072 0.444438 
1530572337352 0.230423 -0.928578 0.290943 0.201162 0.100165 -0.274767 -0.956279 -0.454451 0.967922 0.249491 0.0296987 0.470149 -0.0703327 -0.992895 -0.0959833 0.425325 -0.151125 0.105717 -0.982845 -0.496262 0.986009 -0.0546207 -0.157486 0.444068 
1530572337368 0.170901 -0.930709 0.323378 0.10138 0.342534 -0.251613 -0.905186 -0.429553 0.923831 0.265465 0.275798 0.462288 -0.0642663 -0.99315 -0.0975876 0.42058 -0.151091 0.106346 -0.982783 -0.495583 0.986429 -0.0484152 -0.15689 0.443697 
1530572337385 0.105225 -0.934591 0.339806 0.00157043 0.563812 -0.225409 -0.794548 -0.404635 0.819173 0.275193 0.503215 0.45443 -0.0581971 -0.993365 -0.0991884 0.415835 -0.151061 0.106975 -0.982719 -0.494904 0.98681 -0.0422079 -0.156285 0.443327 
1530572337401 0.0376322 -0.939973 0.339168 -0.0982381 0.749694 -0.197854 -0.631516 -0.379714 0.660713 0.278038 0.697247 0.446568 -0.0521256 -0.993542 -0.100785 0.41109 -0.151036 0.107605 -0.982654 -0.494226 0.987153 -0.0359992 -0.155669 0.442956 
1530572337418 -0.027511 -0.946508 0.321505 -0.198044 0.888169 -0.170729 -0.426624 -0.354797 0.458694 0.273814 0.845356 0.438706 -0.046052 -0.993679 -0.102379 0.406344 -0.151014 0.108235 -0.982588 -0.493547 0.987458 -0.0297895 -0.155044 0.442585 
1530572337435 -0.0859929 -0.953774 0.28796 -0.297849 0.970284 -0.145787 -0.193118 -0.32988 0.226172 0.262796 0.937968 0.430843 -0.0399766 -0.993777 -0.103967 0.401599 -0.150996 0.108864 -0.982522 -0.492868 0.987726 -0.0235792 -0.154408 0.442215 
1530572337451 -0.134036 -0.961301 0.240698 -0.397656 0.990736 -0.12464 0.0539166 -0.304962 -0.0218294 0.245695 0.969101 0.422982 -0.0338997 -0.993836 -0.105552 0.396854 -0.150982 0.109494 -0.982454 -0.492189 0.987955 -0.0173684 -0.153763 0.441844 
1530572337468 -0.168532 -0.968602 0.182777 -0.497457 0.948201 -0.108653 0.298511 -0.280044 -0.269279 0.223618 0.936741 0.415121 -0.0278217 -0.993855 -0.107133 0.392109 -0.150971 0.110123 -0.982385 -0.491511 0.988147 -0.0111576 -0.153107 0.441474 
1530572337503 -0.168532 -0.968602 0.182777 -0.497457 0.948201 -0.108653 0.298511 -0.280044 -0.269279 0.223618 0.936741 0.415121 -0.0706345 -0.992961 -0.095072 0.427761 -0.151339 0.104874 -0.982903 -0.496386 0.985955 -0.0550388 -0.157681 0.443853 
1530572337515 0.279948 -0.928331 0.244603 0.300905 -0.147646 -0.293394 -0.944521 -0.479376 0.948594 0.228302 -0.219199 0.477997 -0.0660142 -0.993288 -0.0949812 0.42388 -0.152 0.104088 -0.982884 -0.495826 0.986173 -0.0504472 -0.157851 0.443719 
1530572337531 0.230424 -0.928578 0.290944 0.201164 0.100163 -0.274768 -0.956279 -0.454459 0.967922 0.249491 0.0296964 0.470156 -0.0613933 -0.993593 -0.0948915 0.419998 -0.152658 0.1033 -0.982866 -0.495267 0.98637 -0.0458554 -0.158022 0.443584 
1530572337548 0.1709 -0.930709 0.323379 0.101382 0.342533 -0.251614 -0.905186 -0.429555 0.923831 0.265464 0.275798 0.462288 -0.0567709 -0.993876 -0.0948014 0.416117 -0.153313 0.102507 -0.982847 -0.494707 0.986546 -0.0412628 -0.158194 0.44345 
1530572337565 0.105225 -0.934591 0.339806 0.00157168 0.563812 -0.225409 -0.794548 -0.404636 0.819173 0.275193 0.503214 0.45443 -0.0521472 -0.994138 -0.0947127 0.412235 -0.153964 0.101711 -0.982827 -0.494148 0.986699 -0.0366693 -0.158366 0.443316 
1530572337571 0.0376322 -0.939973 0.339168 -0.0982379 0.749694 -0.197854 -0.631516 -0.379714 0.660713 0.278038 0.697247 0.446568 -0.0475222 -0.994378 -0.0946249 0.408354 -0.154611 0.100913 -0.982808 -0.493588 0.986832 -0.0320751 -0.158538 0.443181 
1530572337583 -0.027511 -0.946508 0.321505 -0.198044 0.888168 -0.170729 -0.426625 -0.354797 0.458694 0.273814 0.845355 0.438705 -0.0428961 -0.994597 -0.094538 0.404473 -0.155255 0.100112 -0.982789 -0.493028 0.986943 -0.0274803 -0.158711 0.443047 
1530572337601 -0.0859935 -0.953774 0.28796 -0.297849 0.970284 -0.145788 -0.193118 -0.32988 0.226171 0.262796 0.937968 0.430843 -0.0382691 -0.994794 -0.0944517 0.400591 -0.155895 0.0993072 -0.982769 -0.492469 0.987032 -0.0228851 -0.158884 0.442913 
1530572337618 -0.134035 -0.961301 0.240699 -0.397656 0.990736 -0.124639 0.0539163 -0.304962 -0.0218293 0.245695 0.969101 0.422982 -0.0336412 -0.994969 -0.0943662 0.39671 -0.156531 0.0984998 -0.982749 -0.491909 0.9871 -0.0182896 -0.159057 0.442779 
1530572337636 -0.168532 -0.968602 0.182777 -0.497457 0.948201 -0.108653 0.298511 -0.280044 -0.269279 0.223618 0.936741 0.415121 -0.0290126 -0.995123 -0.0942816 0.392829 -0.157163 0.0976894 -0.982729 -0.49135 0.987146 -0.0136939 -0.159231 0.442644 
1530572337668 -0.168532 -0.968602 0.182777 -0.497457 0.948201 -0.108653 0.298511 -0.280044 -0.269279 0.223618 0.936741 0.415121 -0.056386 -0.993354 -0.100337 0.420702 -0.149527 0.107765 -0.982867 -0.49453 0.987149 -0.0404169 -0.15461 0.442795 
1530572337681 0.279947 -0.928331 0.244603 0.300906 -0.147648 -0.293393 -0.944521 -0.479374 0.948594 0.228301 -0.219201 0.477999 -0.0534338 -0.993618 -0.0993357 0.417614 -0.149325 0.10631 -0.983057 -0.494152 0.987343 -0.0376952 -0.154053 0.442663 
1530572337698 0.230423 -0.928578 0.290944 0.201164 0.100164 -0.274768 -0.956279 -0.454459 0.967922 0.249491 0.0296967 0.470155 -0.0504819 -0.993872 -0.0983315 0.414525 -0.149118 0.104854 -0.983244 -0.493775 0.98753 -0.0349731 -0.153497 0.442532 
1530572337715 0.1709 -0.930709 0.323379 0.101382 0.342533 -0.251613 -0.905186 -0.429555 0.923831 0.265464 0.275798 0.462288 -0.0475299 -0.994117 -0.0973253 0.411437 -0.148907 0.103398 -0.98343 -0.493397 0.987708 -0.0322499 -0.152945 0.4424 
1530572337731 0.105225 -0.934591 0.339806 0.0015715 0.563812 -0.225409 -0.794548 -0.404636 0.819173 0.275193 0.503214 0.45443 -0.0445776 -0.994352 -0.0963175 0.408349 -0.148691 0.101943 -0.983615 -0.493019 0.987878 -0.0295256 -0.152396 0.442269 
1530572337748 0.0376321 -0.939973 0.339168 -0.0982377 0.749694 -0.197854 -0.631516 -0.379715 0.660714 0.278038 0.697246 0.446568 -0.0416251 -0.994577 -0.0953079 0.405261 -0.148471 0.100489 -0.983798 -0.492642 0.98804 -0.0268002 -0.151849 0.442137 
1530572337765 -0.027511 -0.946508 0.321505 -0.198043 0.888168 -0.170729 -0.426625 -0.354797 0.458694 0.273814 0.845355 0.438705 -0.0386724 -0.994793 -0.0942966 0.402172 -0.148247 0.0990347 -0.983979 -0.492264 0.988194 -0.0240737 -0.151305 0.442005 
1530572337782 -0.0859935 -0.953774 0.28796 -0.297849 0.970284 -0.145788 -0.193118 -0.32988 0.226171 0.262796 0.937968 0.430843 -0.0357199 -0.994999 -0.0932836 0.399084 -0.148019 0.0975811 -0.984159 -0.491886 0.988339 -0.0213463 -0.150765 0.441874 
1530572337798 -0.134035 -0.961301 0.240699 -0.397656 0.990736 -0.124639 0.0539163 -0.304962 -0.0218293 0.245695 0.969101 0.422982 -0.0327671 -0.995195 -0.0922685 0.395996 -0.147786 0.0961277 -0.984337 -0.491508 0.988476 -0.0186179 -0.150225 0.441742 
1530572337815 -0.168532 -0.968602 0.182777 -0.497457 0.948201 -0.108653 0.298511 -0.280044 -0.269279 0.223618 0.936741 0.415121 -0.0298144 -0.995381 -0.0912519 0.392907 -0.147548 0.094675 -0.984513 -0.491131 0.988605 -0.0158886 -0.14969 0.441611 
1530572337839 -0.168532 -0.968602 0.182777 -0.497457 0.948201 -0.108653 0.298511 -0.280044 -0.269279 0.223618 0.936741 0.415121 -0.042298 -0.993565 -0.105071 0.413947 -0.148457 0.110248 -0.982754 -0.492433 0.988014 -0.02597 -0.152164 0.441259 
1530572337851 0.279952 -0.928342 0.244559 0.30098 -0.147641 -0.293348 -0.944537 -0.47939 0.948593 0.228318 -0.219184 0.477999 -0.0408248 -0.993805 -0.103367 0.411598 -0.147839 0.108323 -0.983061 -0.492276 0.988168 -0.0248515 -0.151346 0.441259 
1530572337868 0.230438 -0.928583 0.290917 0.201188 0.100167 -0.274739 -0.956287 -0.454469 0.967918 0.249505 0.0297027 0.47014 -0.0393518 -0.99404 -0.101663 0.409249 -0.147218 0.106399 -0.983365 -0.492119 0.988321 -0.0237305 -0.150528 0.44126 
1530572337885 0.170908 -0.93071 0.323371 0.101378 0.342536 -0.251602 -0.905188 -0.429552 0.923829 0.26547 0.275801 0.462286 -0.0378798 -0.99427 -0.0999568 0.406899 -0.146595 0.104475 -0.983664 -0.491962 0.988471 -0.0226078 -0.149712 0.44126 
1530572337901 0.105228 -0.934591 0.339804 0.00157024 0.563812 -0.225405 -0.794549 -0.404634 0.819172 0.275194 0.503215 0.454427 -0.0364088 -0.994496 -0.0982491 0.40455 -0.145968 0.102552 -0.98396 -0.491805 0.988619 -0.0214836 -0.148898 0.44126 
1530572337918 0.0376422 -0.939977 0.339156 -0.0982335 0.7497 -0.197837 -0.631514 -0.379718 0.660706 0.278037 0.697254 0.446563 -0.0349389 -0.994716 -0.09654 0.402201 -0.145338 0.100629 -0.984251 -0.491648 0.988765 -0.0203577 -0.148086 0.441261 
1530572337935 -0.027466 -0.94652 0.321475 -0.198032 0.888184 -0.170668 -0.426615 -0.354808 0.458666 0.273812 0.845372 0.438701 -0.03347 -0.994931 -0.0948293 0.399852 -0.144706 0.0987068 -0.984539 -0.49149 0.988909 -0.0192302 -0.147276 0.441261 
1530572337951 -0.0859456 -0.953782 0.287946 -0.297841 0.970294 -0.145734 -0.193111 -0.32989 0.22615 0.262795 0.937974 0.430843 -0.0320022 -0.995141 -0.0931172 0.397503 -0.14407 0.0967848 -0.984823 -0.491333 0.98905 -0.0181011 -0.146468 0.441261 
1530572337968 -0.133999 -0.961306 0.240696 -0.397651 0.990741 -0.124602 0.0539174 -0.30497 -0.02184 0.245692 0.969102 0.422984 -0.0305355 -0.995346 -0.0914035 0.395153 -0.143432 0.0948632 -0.985103 -0.491176 0.989189 -0.0169704 -0.145661 0.441261 
1530572337985 -0.168389 -0.968625 0.182785 -0.49744 0.94822 -0.108513 0.298503 -0.280081 -0.269303 0.223585 0.936742 0.415129 -0.0290696 -0.995546 -0.0896881 0.392804 -0.14279 0.0929417 -0.985379 -0.491019 0.989326 -0.015838 -0.144856 0.441262 
1530572338005 -0.168389 -0.968625 0.182785 -0.49744 0.94822 -0.108513 0.298503 -0.280081 -0.269303 0.223585 0.936742 0.415129 -0.0329124 -0.993857 -0.105663 0.409118 -0.146027 0.109367 -0.983217 -0.490961 0.988733 -0.0169305 -0.14873 0.440967 
1530572338018 0.279952 -0.928342 0.244556 0.30098 -0.147642 -0.293345 -0.944537 -0.479389 0.948593 0.228319 -0.219184 0.477997 -0.0323152 -0.99405 -0.104024 0.407319 -0.145985 0.107657 -0.983412 -0.490992 0.988759 -0.0165932 -0.148595 0.441078 
1530572338035 0.230444 -0.928584 0.290907 0.201189 0.100168 -0.274728 -0.95629 -0.454469 0.967916 0.249511 0.0297052 0.470137 -0.0317176 -0.994239 -0.102385 0.405521 -0.145941 0.105946 -0.983604 -0.491024 0.988785 -0.0162553 -0.148461 0.441189 
1530572338051 0.17091 -0.930711 0.323369 0.101378 0.342537 -0.2516 -0.905188 -0.429552 0.923828 0.265471 0.275802 0.462286 -0.0311201 -0.994425 -0.100746 0.403722 -0.145896 0.104235 -0.983793 -0.491055 0.98881 -0.0159172 -0.148327 0.441299 
1530572338068 0.105228 -0.934591 0.339804 0.0015701 0.563812 -0.225406 -0.794549 -0.404634 0.819172 0.275194 0.503215 0.454427 -0.0305226 -0.994609 -0.0991069 0.401924 -0.14585 0.102524 -0.98398 -0.491086 0.988836 -0.0155789 -0.148193 0.44141 
1530572338085 0.0376402 -0.939976 0.339158 -0.0982342 0.749699 -0.19784 -0.631515 -0.379718 0.660708 0.278037 0.697252 0.446563 -0.0299253 -0.994789 -0.0974672 0.400125 -0.145803 0.100812 -0.984164 -0.491118 0.988861 -0.0152404 -0.14806 0.441521 
1530572338101 -0.0274755 -0.946518 0.321479 -0.198034 0.888182 -0.170679 -0.426616 -0.354806 0.45867 0.27381 0.84537 0.438701 -0.029328 -0.994966 -0.0958274 0.398326 -0.145755 0.0991008 -0.984345 -0.491149 0.988886 -0.0149015 -0.147928 0.441632 
1530572338118 -0.0859623 -0.95378 0.287948 -0.297844 0.970291 -0.145751 -0.193111 -0.329887 0.226155 0.262793 0.937973 0.430843 -0.0287308 -0.99514 -0.0941866 0.396528 -0.145706 0.0973885 -0.984523 -0.49118 0.988911 -0.0145625 -0.147796 0.441743 
1530572338135 -0.134015 -0.961304 0.240695 -0.397653 0.990739 -0.124618 0.0539187 -0.304967 -0.0218374 0.245692 0.969102 0.422983 -0.0281336 -0.995311 -0.0925458 0.394729 -0.145656 0.0956762 -0.984698 -0.491211 0.988935 -0.0142233 -0.147665 0.441853 
1530572338152 -0.168456 -0.968616 0.182775 -0.497449 0.948209 -0.108578 0.298514 -0.280064 -0.2693 0.223595 0.936741 0.415122 -0.0275365 -0.995479 -0.0909047 0.392931 -0.145605 0.0939636 -0.984871 -0.491243 0.988959 -0.0138837 -0.147534 0.441964 
1530572338175 -0.168456 -0.968616 0.182775 -0.497449 0.948209 -0.108578 0.298514 -0.280064 -0.2693 0.223595 0.936741 0.415122 -0.0301076 -0.994138 -0.103844 0.404759 -0.144204 0.107124 -0.983732 -0.490553 0.98909 -0.0146431 -0.146584 0.440819 
1530572338188 0.27995 -0.928342 0.244558 0.30098 -0.147642 -0.293347 -0.944537 -0.479388 0.948594 0.228316 -0.219185 0.477997 -0.0299293 -0.994295 -0.102381 0.403477 -0.144665 0.105657 -0.983823 -0.490638 0.989028 -0.0146342 -0.147002 0.441037 
1530572338205 0.230443 -0.928584 0.290908 0.201189 0.100168 -0.27473 -0.95629 -0.454469 0.967917 0.24951 0.0297048 0.470138 -0.0297507 -0.99445 -0.100918 0.402195 -0.145126 0.10419 -0.983912 -0.490723 0.988966 -0.0146263 -0.14742 0.441255 
1530572338221 0.170908 -0.93071 0.323371 0.101378 0.342536 -0.251603 -0.905188 -0.429552 0.923829 0.26547 0.275801 0.462287 -0.0295715 -0.994603 -0.0994552 0.400913 -0.145586 0.102723 -0.983998 -0.490807 0.988904 -0.014619 -0.147838 0.441473 
1530572338238 0.105227 -0.934591 0.339805 0.00156986 0.563812 -0.225407 -0.794549 -0.404634 0.819172 0.275194 0.503214 0.454427 -0.0293915 -0.994753 -0.0979921 0.399631 -0.146046 0.101256 -0.984082 -0.490892 0.988841 -0.0146123 -0.148256 0.441691 
1530572338255 0.0376404 -0.939976 0.339158 -0.0982341 0.749699 -0.197839 -0.631515 -0.379718 0.660707 0.278037 0.697253 0.446563 -0.0292109 -0.994901 -0.0965289 0.398349 -0.146506 0.0997886 -0.984164 -0.490977 0.988778 -0.0146062 -0.148674 0.441909 
1530572338271 -0.0274873 -0.946515 0.321486 -0.198037 0.888178 -0.170695 -0.426618 -0.354804 0.458677 0.27381 0.845366 0.438701 -0.0290296 -0.995048 -0.0950657 0.397067 -0.146966 0.098321 -0.984243 -0.491062 0.988715 -0.0146008 -0.149092 0.442127 
1530572338288 -0.0859737 -0.953778 0.287951 -0.297846 0.970289 -0.145764 -0.193112 -0.329884 0.226159 0.262793 0.937972 0.430842 -0.0288476 -0.995192 -0.0936021 0.395785 -0.147425 0.096853 -0.98432 -0.491147 0.988652 -0.0145959 -0.14951 0.442345 
1530572338305 -0.134023 -0.961303 0.240696 -0.397654 0.990738 -0.124626 0.0539188 -0.304965 -0.0218353 0.245693 0.969102 0.422982 -0.0286649 -0.995334 -0.0921386 0.394503 -0.147884 0.0953849 -0.984394 -0.491231 0.988589 -0.0145917 -0.149928 0.442563 
1530572338321 -0.168487 -0.968611 0.182773 -0.497453 0.948205 -0.108609 0.298516 -0.280056 -0.269295 0.223602 0.93674 0.41512 -0.0284816 -0.995473 -0.0906749 0.393221 -0.148343 0.0939165 -0.984466 -0.491316 0.988526 -0.0145882 -0.150346 0.442781 
1530572338342 -0.168487 -0.968611 0.182773 -0.497453 0.948205 -0.108609 0.298516 -0.280056 -0.269295 0.223602 0.93674 0.41512 -0.0282744 -0.994614 -0.0997161 0.400356 -0.144668 0.102777 -0.984128 -0.490456 0.989076 -0.0133999 -0.146795 0.440759 
1530572338358 0.279945 -0.928342 0.244566 0.300979 -0.147642 -0.293353 -0.944535 -0.479388 0.948595 0.228309 -0.219185 0.477999 -0.0284624 -0.994717 -0.0986266 0.399603 -0.144759 0.101728 -0.984224 -0.49055 0.989057 -0.0137363 -0.14689 0.44098 
1530572338375 0.230438 -0.928583 0.290915 0.201187 0.100166 -0.274738 -0.956288 -0.454469 0.967918 0.249505 0.0297028 0.47014 -0.0286498 -0.994819 -0.0975375 0.398849 -0.144851 0.100679 -0.984318 -0.490644 0.989039 -0.0140721 -0.146985 0.441201 
1530572338391 0.170907 -0.93071 0.323373 0.101377 0.342535 -0.251605 -0.905188 -0.429552 0.923829 0.265469 0.2758 0.462287 -0.0288372 -0.99492 -0.0964482 0.398096 -0.144944 0.0996305 -0.984411 -0.490738 0.98902 -0.0144081 -0.147081 0.441422 
1530572338408 0.105227 -0.934591 0.339805 0.00156971 0.563812 -0.225407 -0.794549 -0.404634 0.819173 0.275194 0.503214 0.454427 -0.0290244 -0.99502 -0.0953588 0.397342 -0.145037 0.0985816 -0.984503 -0.490832 0.989 -0.0147441 -0.147176 0.441643 
1530572338426 0.037643 -0.939978 0.339153 -0.0982331 0.749701 -0.197833 -0.631514 -0.379719 0.660705 0.278036 0.697256 0.446562 -0.0292116 -0.995118 -0.0942692 0.396589 -0.14513 0.0975325 -0.984594 -0.490926 0.988981 -0.0150803 -0.14727 0.441864 
1530572338441 -0.0274959 -0.946513 0.321492 -0.198039 0.888175 -0.170707 -0.42662 -0.354802 0.458682 0.273811 0.845363 0.438702 -0.0293986 -0.995215 -0.0931796 0.395835 -0.145223 0.0964834 -0.984683 -0.49102 0.988962 -0.0154165 -0.147365 0.442084 
1530572338458 -0.0859812 -0.953777 0.287954 -0.297847 0.970287 -0.145772 -0.193114 -0.329883 0.226163 0.262794 0.937971 0.430842 -0.0295855 -0.995311 -0.0920898 0.395082 -0.145316 0.0954342 -0.984772 -0.491114 0.988943 -0.0157528 -0.147458 0.442305 
1530572338475 -0.134028 -0.961302 0.240697 -0.397655 0.990737 -0.124631 0.0539184 -0.304964 -0.0218336 0.245694 0.969102 0.422982 -0.0297724 -0.995406 -0.0909999 0.394328 -0.14541 0.0943849 -0.984859 -0.491208 0.988923 -0.0160893 -0.147552 0.442526 
1530572338491 -0.168503 -0.968608 0.182772 -0.497455 0.948203 -0.108624 0.298516 -0.280052 -0.269291 0.223606 0.93674 0.41512 -0.0299591 -0.995499 -0.0899098 0.393575 -0.145504 0.0933355 -0.984945 -0.491302 0.988904 -0.0164258 -0.147645 0.442747 
1530572338512 -0.168503 -0.968608 0.182772 -0.497455 0.948203 -0.108624 0.298516 -0.280052 -0.269291 0.223606 0.93674 0.41512 -0.0280817 -0.994997 -0.0958771 0.397394 -0.145817 0.0989665 -0.984349 -0.490696 0.988913 -0.0136617 -0.147867 0.441759 
1530572338526 0.280096 -0.928367 0.244297 0.301008 -0.147655 -0.293119 -0.944605 -0.479375 0.948548 0.228508 -0.21918 0.477914 -0.0283813 -0.995058 -0.0951549 0.397034 -0.145493 0.0982916 -0.984465 -0.49078 0.988952 -0.014096 -0.147564 0.441865 
1530572338541 0.230557 -0.928605 0.290751 0.201213 0.100199 -0.274556 -0.956336 -0.454462 0.967886 0.249623 0.0297445 0.47009 -0.028681 -0.995118 -0.0944323 0.396673 -0.145168 0.0976163 -0.98458 -0.490865 0.988991 -0.0145301 -0.147259 0.441972 
1530572338558 0.170929 -0.930716 0.323342 0.101384 0.342547 -0.251565 -0.905194 -0.429552 0.923821 0.265484 0.275814 0.462278 -0.028981 -0.995178 -0.0937098 0.396313 -0.144844 0.0969407 -0.984694 -0.490949 0.98903 -0.0149641 -0.146955 0.442078 
1530572338575 0.10523 -0.934592 0.339802 0.00157074 0.563813 -0.225402 -0.794549 -0.404635 0.819171 0.275195 0.503216 0.454426 -0.0292817 -0.995237 -0.0929871 0.395953 -0.14452 0.0962648 -0.984808 -0.491034 0.989069 -0.0153983 -0.14665 0.442185 
1530572338592 0.0376479 -0.93998 0.339146 -0.0982313 0.749705 -0.197824 -0.631513 -0.37972 0.660701 0.278035 0.69726 0.44656 -0.0295819 -0.995295 -0.0922648 0.395593 -0.144196 0.0955889 -0.984922 -0.491118 0.989107 -0.0158317 -0.146345 0.442291 
1530572338608 -0.0274967 -0.946513 0.321493 -0.19804 0.888175 -0.170708 -0.42662 -0.354801 0.458683 0.273811 0.845362 0.438702 -0.0298823 -0.995353 -0.0915426 0.395232 -0.143872 0.0949129 -0.985034 -0.491202 0.989145 -0.0162647 -0.146039 0.442397 
1530572338625 -0.0859863 -0.953775 0.287956 -0.297848 0.970286 -0.145779 -0.193115 -0.329882 0.226166 0.262795 0.93797 0.430843 -0.0301832 -0.99541 -0.0908203 0.394872 -0.143548 0.0942366 -0.985146 -0.491287 0.989183 -0.0166978 -0.145733 0.442504 
1530572338647 -0.134032 -0.961301 0.240698 -0.397655 0.990737 -0.124636 0.0539175 -0.304963 -0.0218315 0.245695 0.969101 0.422982 -0.0304843 -0.995466 -0.090098 0.394512 -0.143224 0.0935601 -0.985258 -0.491371 0.989221 -0.0171307 -0.145427 0.44261 
1530572338663 -0.168517 -0.968605 0.182774 -0.497456 0.948202 -0.108639 0.298514 -0.280048 -0.269286 0.223612 0.936741 0.41512 -0.0307857 -0.995522 -0.0893758 0.394151 -0.142901 0.0928834 -0.985369 -0.491456 0.989258 -0.0175634 -0.14512 0.442717 
1530572338683 -0.168517 -0.968605 0.182774 -0.497456 0.948202 -0.108639 0.298514 -0.280048 -0.269286 0.223612 0.936741 0.41512 -0.0291462 -0.995275 -0.0926206 0.395659 -0.145251 0.0958936 -0.984737 -0.490927 0.988965 -0.0152481 -0.147359 0.442194 
1530572338697 0.280068 -0.928364 0.24434 0.301003 -0.147655 -0.293156 -0.944594 -0.479378 0.948557 0.228472 -0.219181 0.477927 -0.0294974 -0.995292 -0.0923269 0.395603 -0.145172 0.0956535 -0.984772 -0.491005 0.988967 -0.015645 -0.14731 0.442311 
1530572338713 0.23053 -0.928601 0.290785 0.201207 0.100192 -0.274594 -0.956326 -0.454464 0.967893 0.249596 0.0297359 0.4701 -0.0298495 -0.995308 -0.0920328 0.395546 -0.145094 0.0954131 -0.984807 -0.491083 0.988968 -0.0160426 -0.147261 0.442428 
1530572338730 0.170922 -0.930714 0.323352 0.101381 0.342543 -0.251578 -0.905192 -0.429552 0.923823 0.265479 0.27581 0.462281 -0.0302015 -0.995325 -0.0917387 0.39549 -0.145016 0.0951727 -0.984841 -0.491161 0.988968 -0.0164401 -0.147212 0.442545 
1530572338747 0.105229 -0.934591 0.339803 0.00157041 0.563813 -0.225404 -0.794549 -0.404635 0.819171 0.275195 0.503216 0.454426 -0.0305536 -0.995341 -0.0914447 0.395433 -0.144938 0.0949324 -0.984876 -0.491239 0.988969 -0.0168377 -0.147163 0.442662 
1530572338763 0.0376453 -0.939979 0.339149 -0.0982322 0.749703 -0.197828 -0.631513 -0.379719 0.660703 0.278035 0.697258 0.446561 -0.0309057 -0.995357 -0.0911507 0.395376 -0.14486 0.0946919 -0.984911 -0.491318 0.988969 -0.0172352 -0.147114 0.442779 
1530572338780 -0.0275006 -0.946512 0.321496 -0.198041 0.888173 -0.170713 -0.426621 -0.354801 0.458686 0.273811 0.845361 0.438702 -0.0312577 -0.995373 -0.0908566 0.39532 -0.144782 0.0944513 -0.984945 -0.491396 0.98897 -0.0176327 -0.147065 0.442897 
1530572338797 -0.0859886 -0.953775 0.287957 -0.297849 0.970286 -0.145781 -0.193116 -0.329881 0.226168 0.262795 0.93797 0.430843 -0.0316099 -0.995389 -0.0905625 0.395263 -0.144705 0.0942108 -0.98498 -0.491474 0.98897 -0.0180302 -0.147015 0.443014 
1530572338813 -0.134033 -0.961301 0.240698 -0.397655 0.990736 -0.124637 0.0539173 -0.304962 -0.0218309 0.245695 0.969101 0.422982 -0.031962 -0.995404 -0.0902685 0.395207 -0.144627 0.0939702 -0.985014 -0.491552 0.98897 -0.0184277 -0.146966 0.443131 
1530572338830 -0.168522 -0.968604 0.182775 -0.497457 0.948202 -0.108643 0.298514 -0.280047 -0.269284 0.223613 0.936741 0.41512 -0.0323141 -0.99542 -0.0899745 0.395151 -0.14455 0.0937296 -0.985048 -0.49163 0.98897 -0.0188252 -0.146916 0.443248 
1530572338850 -0.168522 -0.968604 0.182775 -0.497457 0.948202 -0.108643 0.298514 -0.280047 -0.269284 0.223613 0.936741 0.41512 -0.0297081 -0.995488 -0.0901209 0.395138 -0.144174 0.0934855 -0.985127 -0.49115 0.989106 -0.0162731 -0.146301 0.442386 
1530572338863 0.280045 -0.928362 0.244375 0.300998 -0.147655 -0.293186 -0.944585 -0.47938 0.948563 0.228444 -0.219182 0.477938 -0.0302159 -0.995473 -0.0901092 0.395271 -0.144391 0.0935519 -0.985088 -0.491218 0.989059 -0.0167544 -0.146564 0.442543 
1530572338880 0.230512 -0.928598 0.290808 0.201203 0.100187 -0.274619 -0.956319 -0.454465 0.967898 0.249578 0.0297301 0.470107 -0.0307238 -0.995459 -0.0900979 0.395404 -0.144608 0.093619 -0.98505 -0.491285 0.989012 -0.0172356 -0.146828 0.442699 
1530572338897 0.170918 -0.930713 0.323357 0.10138 0.342541 -0.251585 -0.905191 -0.429552 0.923825 0.265476 0.275807 0.462282 -0.0312318 -0.995444 -0.0900866 0.395538 -0.144825 0.0936863 -0.985012 -0.491353 0.988964 -0.0177169 -0.147091 0.442856 
1530572338913 0.105228 -0.934591 0.339804 0.00157008 0.563812 -0.225405 -0.794549 -0.404635 0.819172 0.275194 0.503215 0.454427 -0.0317397 -0.995429 -0.090075 0.395671 -0.145042 0.0937537 -0.984974 -0.49142 0.988916 -0.0181981 -0.147355 0.443013 
1530572338930 0.0376382 -0.939975 0.33916 -0.0982348 0.749698 -0.197843 -0.631515 -0.379718 0.660709 0.278037 0.697251 0.446563 -0.0322479 -0.995414 -0.0900634 0.395804 -0.145258 0.0938212 -0.984935 -0.491488 0.988868 -0.0186796 -0.147618 0.44317 
1530572338947 -0.0275034 -0.946511 0.321498 -0.198041 0.888172 -0.170718 -0.426622 -0.3548 0.458688 0.273812 0.845359 0.438703 -0.0327555 -0.995398 -0.0900516 0.395937 -0.145476 0.0938887 -0.984897 -0.491556 0.988819 -0.0191605 -0.147882 0.443326 
1530572338963 -0.0859902 -0.953775 0.287958 -0.297849 0.970285 -0.145783 -0.193116 -0.329881 0.226169 0.262795 0.937969 0.430843 -0.0332635 -0.995383 -0.0900397 0.39607 -0.145692 0.0939564 -0.984858 -0.491623 0.988771 -0.0196417 -0.148145 0.443483 
1530572338980 -0.134034 -0.961301 0.240698 -0.397656 0.990736 -0.124638 0.0539171 -0.304962 -0.0218304 0.245695 0.969101 0.422982 -0.0337713 -0.995367 -0.0900277 0.396204 -0.145909 0.0940242 -0.98482 -0.491691 0.988721 -0.0201228 -0.148408 0.44364 
1530572338997 -0.168525 -0.968603 0.182775 -0.497457 0.948201 -0.108646 0.298513 -0.280046 -0.269283 0.223614 0.936741 0.41512 -0.0342792 -0.99535 -0.0900155 0.396337 -0.146126 0.0940921 -0.984781 -0.491758 0.988672 -0.0206039 -0.148672 0.443796 
1530572339017 -0.168525 -0.968603 0.182775 -0.497457 0.948201 -0.108646 0.298513 -0.280046 -0.269283 0.223614 0.936741 0.41512 -0.0315168 -0.995413 -0.090331 0.395313 -0.14491 0.0939717 -0.984972 -0.49142 0.988943 -0.0179534 -0.147207 0.442775 
1530572339030 0.280027 -0.928359 0.244404 0.300995 -0.147654 -0.293212 -0.944577 -0.479381 0.948569 0.22842 -0.219183 0.477947 -0.0322172 -0.995386 -0.0903827 0.395673 -0.145007 0.0941279 -0.984943 -0.491484 0.988906 -0.018626 -0.147371 0.442954 
1530572339047 0.230499 -0.928596 0.290825 0.2012 0.100183 -0.274638 -0.956314 -0.454466 0.967902 0.249565 0.0297257 0.470113 -0.0329171 -0.995358 -0.0904341 0.396033 -0.145105 0.0942839 -0.984914 -0.491549 0.988868 -0.019298 -0.147535 0.443133 
1530572339063 0.170915 -0.930713 0.32336 0.10138 0.34254 -0.251589 -0.90519 -0.429552 0.923826 0.265475 0.275806 0.462283 -0.0336169 -0.99533 -0.0904853 0.396393 -0.145203 0.0944399 -0.984884 -0.491613 0.988831 -0.01997 -0.1477 0.443312 
1530572339081 0.105228 -0.934591 0.339805 0.00156983 0.563812 -0.225406 -0.794549 -0.404634 0.819172 0.275194 0.503215 0.454427 -0.0343168 -0.995302 -0.0905364 0.396753 -0.145301 0.0945959 -0.984855 -0.491677 0.988792 -0.020642 -0.147865 0.443491 
1530572339097 0.0376355 -0.939974 0.339164 -0.0982358 0.749696 -0.197848 -0.631516 -0.379717 0.660711 0.278037 0.697249 0.446564 -0.0350166 -0.995273 -0.0905874 0.397113 -0.145399 0.0947521 -0.984825 -0.491742 0.988753 -0.0213139 -0.148029 0.443671 
1530572339113 -0.0275058 -0.94651 0.321501 -0.198042 0.888171 -0.170721 -0.426623 -0.354799 0.45869 0.273813 0.845358 0.438703 -0.0357164 -0.995243 -0.0906383 0.397474 -0.145497 0.0949083 -0.984796 -0.491806 0.988714 -0.0219858 -0.148194 0.44385 
1530572339130 -0.0859914 -0.953774 0.287959 -0.297849 0.970285 -0.145785 -0.193116 -0.32988 0.22617 0.262796 0.937969 0.430843 -0.0364162 -0.995213 -0.0906891 0.397834 -0.145594 0.0950646 -0.984767 -0.49187 0.988674 -0.0226577 -0.148359 0.444029 
1530572339147 -0.134034 -0.961301 0.240699 -0.397656 0.990736 -0.124639 0.0539169 -0.304962 -0.0218301 0.245695 0.969101 0.422982 -0.037116 -0.995183 -0.0907397 0.398194 -0.145691 0.0952209 -0.984737 -0.491934 0.988634 -0.0233295 -0.148524 0.444208 
1530572339163 -0.168527 -0.968603 0.182776 -0.497457 0.948201 -0.108648 0.298513 -0.280046 -0.269282 0.223616 0.936741 0.41512 -0.0378158 -0.995152 -0.0907902 0.398554 -0.145789 0.0953773 -0.984707 -0.491999 0.988593 -0.0240013 -0.148689 0.444387 
1530572339183 -0.168527 -0.968603 0.182776 -0.497457 0.948201 -0.108648 0.298513 -0.280046 -0.269282 0.223616 0.936741 0.41512 -0.0346531 -0.995322 -0.0901895 0.396029 -0.146432 0.0943264 -0.984713 -0.491781 0.988614 -0.0209168 -0.149016 0.443212 
1530572339197 0.280014 -0.928357 0.244427 0.300992 -0.147653 -0.293231 -0.944571 -0.479382 0.948573 0.228403 -0.219184 0.477954 -0.0353752 -0.995276 -0.0904135 0.396557 -0.146348 0.0946539 -0.984694 -0.491844 0.9886 -0.0216019 -0.149005 0.443407 
1530572339213 0.230489 -0.928595 0.290838 0.201198 0.10018 -0.274653 -0.95631 -0.454467 0.967904 0.249556 0.0297223 0.470117 -0.0360976 -0.99523 -0.0906371 0.397085 -0.146263 0.094981 -0.984675 -0.491907 0.988587 -0.0222876 -0.148994 0.443602 
1530572339230 0.170914 -0.930712 0.323363 0.101379 0.342539 -0.251592 -0.90519 -0.429552 0.923827 0.265474 0.275805 0.462284 -0.03682 -0.995183 -0.0908607 0.397613 -0.146179 0.095308 -0.984656 -0.491971 0.988573 -0.0229732 -0.148984 0.443797 
1530572339237 0.105227 -0.934591 0.339805 0.00156968 0.563812 -0.225407 -0.794549 -0.404634 0.819172 0.275194 0.503214 0.454427 -0.0375424 -0.995135 -0.0910843 0.398141 -0.146094 0.0956349 -0.984637 -0.492034 0.988558 -0.0236588 -0.148973 0.443992 
1530572339243 0.0376344 -0.939974 0.339166 -0.0982362 0.749695 -0.19785 -0.631516 -0.379717 0.660712 0.278038 0.697248 0.446565 -0.0382647 -0.995087 -0.0913079 0.398669 -0.146009 0.0959618 -0.984618 -0.492097 0.988543 -0.0243444 -0.148963 0.444187 
1530572339250 -0.0275077 -0.946509 0.321502 -0.198042 0.88817 -0.170724 -0.426624 -0.354799 0.458692 0.273813 0.845357 0.438703 -0.038987 -0.995039 -0.0915315 0.399198 -0.145923 0.0962886 -0.984599 -0.49216 0.988527 -0.02503 -0.148953 0.444382 
1530572339270 -0.0859923 -0.953774 0.287959 -0.297849 0.970285 -0.145786 -0.193117 -0.32988 0.22617 0.262796 0.937969 0.430843 -0.0397093 -0.99499 -0.0917551 0.399726 -0.145838 0.0966154 -0.98458 -0.492223 0.988511 -0.0257156 -0.148944 0.444577 
1530572339288 -0.134035 -0.961301 0.240699 -0.397656 0.990736 -0.124639 0.0539168 -0.304962 -0.0218298 0.245696 0.969101 0.422982 -0.0404315 -0.99494 -0.0919787 0.400254 -0.145752 0.0969421 -0.98456 -0.492287 0.988495 -0.0264012 -0.148934 0.444772 
1530572339304 -0.168529 -0.968603 0.182776 -0.497457 0.948201 -0.10865 0.298512 -0.280045 -0.269281 0.223616 0.936741 0.41512 -0.0411537 -0.994889 -0.0922023 0.400782 -0.145666 0.0972687 -0.984541 -0.49235 0.988478 -0.0270868 -0.148924 0.444967 
1530572339324 -0.168529 -0.968603 0.182776 -0.497457 0.948201 -0.10865 0.298512 -0.280045 -0.269281 0.223616 0.936741 0.41512 -0.0364974 -0.995235 -0.0904136 0.397283 -0.146348 0.0948214 -0.984678 -0.491948 0.98856 -0.0227063 -0.149112 0.44369 
1530572339337 0.280009 -0.928357 0.244434 0.300991 -0.147653 -0.293237 -0.944569 -0.479383 0.948574 0.228396 -0.219184 0.477956 -0.0372531 -0.995213 -0.09035 0.397918 -0.146085 0.094865 -0.984713 -0.492025 0.98857 -0.0234849 -0.148919 0.443863 
1530572339354 0.230482 -0.928593 0.290848 0.201197 0.100178 -0.274664 -0.956307 -0.454467 0.967906 0.249548 0.0297197 0.47012 -0.038009 -0.99519 -0.0902862 0.398552 -0.14582 0.0949081 -0.984748 -0.492103 0.988581 -0.0242638 -0.148726 0.444037 
1530572339370 0.170912 -0.930712 0.323365 0.101379 0.342538 -0.251595 -0.905189 -0.429552 0.923827 0.265473 0.275804 0.462285 -0.0387649 -0.995167 -0.0902226 0.399187 -0.145555 0.094951 -0.984783 -0.49218 0.98859 -0.0250427 -0.148532 0.44421 
1530572339387 0.105227 -0.934591 0.339805 0.00156957 0.563812 -0.225407 -0.794549 -0.404634 0.819173 0.275194 0.503214 0.454427 -0.0395207 -0.995143 -0.0901591 0.399821 -0.14529 0.0949937 -0.984818 -0.492258 0.988599 -0.0258215 -0.148338 0.444384 
1530572339404 0.0376338 -0.939973 0.339166 -0.0982365 0.749695 -0.197852 -0.631516 -0.379717 0.660713 0.278038 0.697247 0.446565 -0.0402766 -0.995118 -0.0900958 0.400456 -0.145025 0.0950362 -0.984853 -0.492335 0.988608 -0.0266004 -0.148145 0.444557 
1530572339420 -0.0275088 -0.946509 0.321504 -0.198043 0.888169 -0.170726 -0.426624 -0.354799 0.458693 0.273814 0.845356 0.438704 -0.0410324 -0.995093 -0.0900327 0.401091 -0.14476 0.0950785 -0.984888 -0.492412 0.988616 -0.0273792 -0.147951 0.444731 
1530572339437 -0.0859928 -0.953774 0.28796 -0.297849 0.970285 -0.145787 -0.193117 -0.32988 0.226171 0.262796 0.937969 0.430843 -0.0417882 -0.995067 -0.0899696 0.401725 -0.144495 0.0951205 -0.984923 -0.49249 0.988623 -0.0281581 -0.147757 0.444905 
1530572339454 -0.134035 -0.9613 0.240699 -0.397656 0.990736 -0.124639 0.0539167 -0.304962 -0.0218296 0.245696 0.969101 0.422983 -0.0425441 -0.995041 -0.0899068 0.40236 -0.14423 0.0951624 -0.984958 -0.492567 0.988629 -0.0289369 -0.147563 0.445078 
1530572339471 -0.16853 -0.968602 0.182776 -0.497457 0.948201 -0.108651 0.298512 -0.280045 -0.26928 0.223617 0.936741 0.41512 -0.0432999 -0.995014 -0.089844 0.402994 -0.143964 0.095204 -0.984993 -0.492645 0.988635 -0.0297157 -0.147369 0.445251 
1530572339490 -0.16853 -0.968602 0.182776 -0.497457 0.948201 -0.108651 0.298512 -0.280045 -0.26928 0.223617 0.936741 0.41512 -0.038727 -0.995127 -0.0906741 0.398557 -0.1461 0.095406 -0.984659 -0.492253 0.988511 -0.0248854 -0.149083 0.444257 
1530572339504 0.280008 -0.928358 0.244434 0.300991 -0.147654 -0.293237 -0.944569 -0.479383 0.948575 0.228395 -0.219184 0.477956 -0.0396509 -0.995074 -0.0908601 0.399318 -0.146038 0.0957262 -0.984637 -0.492329 0.988484 -0.0257727 -0.149114 0.444445 
