1535122707833 0.244055 0.927518 -0.283103 -0.622278 -0.940878 0.29719 0.162566 -0.237035 0.234918 0.22669 0.945212 0.381186 0.157003 -0.12186 0.980051 0.383127 -0.979028 0.111241 0.170671 -0.486654 -0.12982 -0.986294 -0.101839 0.440662 
1535122707845 0.244136 0.927613 -0.282721 -0.623638 -0.940992 0.297069 0.162121 -0.237635 0.234373 0.226459 0.945402 0.380345 0.155899 -0.121589 0.980261 0.383117 -0.978822 0.114278 0.169845 -0.486314 -0.132673 -0.98598 -0.101198 0.440492 
1535122707851 0.244217 0.927708 -0.282339 -0.625001 -0.941107 0.296948 0.161677 -0.238236 0.233829 0.226227 0.945593 0.379504 0.154794 -0.121314 0.98047 0.383107 -0.978607 0.117314 0.169015 -0.485971 -0.135527 -0.985657 -0.100559 0.440322 
1535122708175 0.244297 0.927803 -0.281957 -0.626365 -0.941221 0.296828 0.161232 -0.238838 0.233285 0.225995 0.945782 0.378662 0.15369 -0.121035 0.980678 0.383097 -0.978382 0.120348 0.168184 -0.485629 -0.138379 -0.985326 -0.0999219 0.440152 
1535122708292 0.244377 0.927898 -0.281575 -0.627729 -0.941335 0.296708 0.160788 -0.23944 0.23274 0.225763 0.945972 0.37782 0.152587 -0.120753 0.980885 0.383087 -0.978147 0.123382 0.16735 -0.485286 -0.141231 -0.984985 -0.0992874 0.439982 
1535122708400 0.244458 0.927993 -0.281192 -0.629093 -0.941449 0.296588 0.160343 -0.240042 0.232196 0.225531 0.946161 0.376979 0.151484 -0.120467 0.981091 0.383077 -0.977902 0.126414 0.166514 -0.484943 -0.144083 -0.984636 -0.0986553 0.439813 
1535122708406 0.244537 0.928088 -0.280809 -0.630458 -0.941562 0.296468 0.159899 -0.240644 0.231651 0.225298 0.94635 0.376137 0.150382 -0.120178 0.981296 0.383067 -0.977648 0.129445 0.165676 -0.4846 -0.146934 -0.984277 -0.0980257 0.439643 
1535122708758 0.244617 0.928183 -0.280427 -0.631821 -0.941675 0.296348 0.159454 -0.241245 0.231106 0.225066 0.946539 0.375295 0.149281 -0.119886 0.9815 0.383057 -0.977384 0.132474 0.164836 -0.484258 -0.149784 -0.98391 -0.0973985 0.439473 
1535122708815 0.244697 0.928277 -0.280044 -0.633186 -0.941788 0.296228 0.159009 -0.241847 0.230562 0.224833 0.946727 0.374453 0.14818 -0.11959 0.981703 0.383047 -0.977111 0.135502 0.163994 -0.483914 -0.152634 -0.983533 -0.0967738 0.439303 
1535122708821 0.244776 0.928372 -0.279661 -0.63455 -0.941901 0.296108 0.158564 -0.242449 0.230017 0.224601 0.946914 0.373612 0.147081 -0.11929 0.981905 0.383037 -0.976828 0.138528 0.16315 -0.483571 -0.155483 -0.983148 -0.0961514 0.439133 
1535122709347 0.24536 0.927812 -0.281003 -0.631557 -0.94148 0.297159 0.159095 -0.241495 0.231113 0.225523 0.946428 0.375394 0.147484 -0.119397 0.981831 0.38306 -0.976844 0.137983 0.163515 -0.483733 -0.154999 -0.983212 -0.0962816 0.439261 
1535122709358 0.244757 0.927715 -0.281849 -0.63156 -0.941435 0.296925 0.1598 -0.241594 0.231937 0.22623 0.946058 0.375416 0.147339 -0.119352 0.981859 0.383058 -0.976812 0.138343 0.163399 -0.483689 -0.155335 -0.983166 -0.0962012 0.439231 
1535122709364 0.244143 0.927623 -0.282682 -0.631569 -0.941392 0.296679 0.160505 -0.241691 0.232754 0.226929 0.94569 0.375435 0.147193 -0.119308 0.981886 0.383054 -0.976781 0.138704 0.163281 -0.483638 -0.155672 -0.983121 -0.0961213 0.439202 
1535122709375 0.243529 0.92753 -0.283515 -0.631577 -0.941349 0.296434 0.16121 -0.241788 0.233571 0.227627 0.94532 0.375455 0.147046 -0.119263 0.981913 0.383051 -0.976749 0.139065 0.163164 -0.483588 -0.156009 -0.983075 -0.0960414 0.439172 
1535122709398 0.242914 0.927437 -0.284347 -0.631586 -0.941305 0.296189 0.161915 -0.241885 0.234387 0.228326 0.94495 0.375475 0.146899 -0.119219 0.981941 0.383048 -0.976717 0.139425 0.163046 -0.483537 -0.156346 -0.98303 -0.0959616 0.439142 
1535122709557 0.242299 0.927343 -0.285179 -0.631594 -0.94126 0.295945 0.162621 -0.241982 0.235202 0.229024 0.944578 0.375495 0.146753 -0.119174 0.981968 0.383045 -0.976685 0.139786 0.162928 -0.483486 -0.156682 -0.982984 -0.0958818 0.439112 
1535122709589 0.241682 0.927248 -0.28601 -0.631603 -0.941215 0.295701 0.163326 -0.242079 0.236017 0.229723 0.944205 0.375514 0.146606 -0.11913 0.981995 0.383041 -0.976653 0.140147 0.162811 -0.483437 -0.157019 -0.982938 -0.095802 0.439082 
1535122709652 0.241065 0.927152 -0.286839 -0.631612 -0.941169 0.295457 0.164031 -0.242176 0.236831 0.230422 0.943831 0.375534 0.146459 -0.119085 0.982023 0.383038 -0.976621 0.140507 0.162692 -0.483385 -0.157356 -0.982892 -0.0957224 0.439053 
1535122709658 0.240447 0.927055 -0.287669 -0.63162 -0.941122 0.295214 0.164737 -0.242273 0.237644 0.231121 0.943456 0.375554 0.146313 -0.11904 0.98205 0.383035 -0.976589 0.140868 0.162575 -0.483335 -0.157692 -0.982846 -0.0956427 0.439023 
1535122709716 0.239829 0.926958 -0.288498 -0.631629 -0.941074 0.294972 0.165443 -0.24237 0.238457 0.23182 0.943079 0.375574 0.146166 -0.118996 0.982077 0.383031 -0.976556 0.141229 0.162457 -0.483284 -0.158029 -0.982799 -0.0955632 0.438993 
1535122710013 0.240386 0.927188 -0.287294 -0.631638 -0.941238 0.294991 0.164473 -0.242106 0.237246 0.230875 0.943616 0.37553 0.146426 -0.119044 0.982032 0.383044 -0.976635 0.140462 0.162649 -0.483398 -0.1573 -0.982903 -0.0956956 0.439098 
1535122710027 0.240116 0.927143 -0.287662 -0.631887 -0.941276 0.294829 0.164544 -0.24227 0.237367 0.23126 0.943491 0.375497 0.150594 -0.118603 0.981455 0.383073 -0.977952 0.127419 0.165454 -0.483853 -0.14468 -0.984732 -0.0967994 0.439398 
1535122710034 0.239846 0.927098 -0.288032 -0.632137 -0.941315 0.294667 0.164616 -0.242435 0.237488 0.231646 0.943366 0.375464 0.154757 -0.118106 0.980868 0.383103 -0.97909 0.114355 0.168246 -0.484317 -0.132038 -0.986394 -0.0979389 0.439699 
1535122710232 0.239576 0.927053 -0.288401 -0.632386 -0.941353 0.294505 0.164688 -0.2426 0.23761 0.232032 0.943241 0.375431 0.158911 -0.117553 0.98027 0.383133 -0.980049 0.101273 0.171019 -0.484779 -0.119379 -0.987889 -0.0991147 0.44 
1535122710352 0.239306 0.927008 -0.28877 -0.632636 -0.941391 0.294342 0.16476 -0.242765 0.237731 0.232418 0.943115 0.375399 0.163055 -0.116946 0.979662 0.383163 -0.98083 0.0881755 0.173776 -0.485242 -0.106704 -0.989216 -0.100326 0.4403 
1535122710469 0.239035 0.926963 -0.289139 -0.632886 -0.941429 0.29418 0.164832 -0.242929 0.237852 0.232803 0.94299 0.375366 0.16719 -0.116283 0.979043 0.383192 -0.981432 0.0750648 0.176513 -0.485703 -0.0940171 -0.990375 -0.101574 0.440601 
1535122710594 0.238764 0.926918 -0.289507 -0.633135 -0.941467 0.294017 0.164904 -0.243094 0.237973 0.233188 0.942864 0.375333 0.171314 -0.115565 0.978415 0.383222 -0.981855 0.0619429 0.179232 -0.486167 -0.0813189 -0.991367 -0.102856 0.440901 
1535122710696 0.238494 0.926872 -0.289876 -0.633385 -0.941505 0.293855 0.164976 -0.243258 0.238093 0.233574 0.942738 0.3753 0.175426 -0.114792 0.977777 0.383252 -0.982099 0.0488127 0.181932 -0.486628 -0.0686124 -0.99219 -0.104174 0.441202 
1535122710719 0.238224 0.926827 -0.290245 -0.633635 -0.941543 0.293693 0.165049 -0.243423 0.238214 0.233959 0.942612 0.375267 0.179526 -0.113965 0.97713 0.383282 -0.982164 0.0356764 0.184612 -0.48709 -0.0558998 -0.992844 -0.105527 0.441502 
1535122710938 0.237953 0.926781 -0.290613 -0.633884 -0.941581 0.29353 0.165121 -0.243588 0.238335 0.234345 0.942486 0.375234 0.183614 -0.113083 0.976472 0.383312 -0.982049 0.0225361 0.187273 -0.487554 -0.0431832 -0.99333 -0.106915 0.441803 
1535122711880 0.238091 0.92687 -0.290213 -0.633676 -0.941602 0.293536 0.16499 -0.243378 0.238113 0.233983 0.942632 0.375292 0.178904 -0.114083 0.97723 0.383184 -0.982266 0.0359178 0.184019 -0.486992 -0.0560934 -0.992822 -0.105634 0.441532 
1535122711996 0.237678 0.927052 -0.289972 -0.633883 -0.941752 0.293055 0.164991 -0.243543 0.237933 0.233867 0.942706 0.375238 0.179879 -0.115823 0.976846 0.383181 -0.982231 0.0328952 0.184771 -0.487112 -0.0535343 -0.992725 -0.107848 0.441842 
1535122712013 0.237265 0.927234 -0.289729 -0.634097 -0.941901 0.292573 0.164994 -0.243711 0.237755 0.233749 0.94278 0.375183 0.180861 -0.11756 0.976457 0.383181 -0.982187 0.0298693 0.185518 -0.48724 -0.0509756 -0.992617 -0.110063 0.442153 
1535122712223 0.236852 0.927415 -0.289486 -0.634309 -0.94205 0.292092 0.164996 -0.243878 0.237577 0.233631 0.942854 0.375129 0.181847 -0.119293 0.976064 0.38318 -0.982134 0.0268421 0.186258 -0.487367 -0.0484188 -0.992496 -0.11228 0.442464 
1535122712364 0.236439 0.927596 -0.289243 -0.634521 -0.942199 0.291611 0.164998 -0.244046 0.237398 0.233513 0.942928 0.375074 0.182837 -0.121022 0.975666 0.383179 -0.982073 0.0238132 0.186992 -0.487494 -0.0458639 -0.992364 -0.114499 0.442775 
1535122712371 0.236025 0.927777 -0.289001 -0.634734 -0.942347 0.291129 0.165 -0.244213 0.23722 0.233395 0.943002 0.375019 0.183832 -0.122748 0.975263 0.383178 -0.982003 0.0207829 0.187718 -0.487621 -0.0433109 -0.99222 -0.116718 0.443086 
1535122712380 0.235612 0.927958 -0.288758 -0.634946 -0.942496 0.290648 0.165002 -0.24438 0.237042 0.233277 0.943076 0.374965 0.184831 -0.12447 0.974856 0.383176 -0.981925 0.0177513 0.188437 -0.487747 -0.0407599 -0.992065 -0.11894 0.443396 
1535122712653 0.235198 0.928138 -0.288515 -0.635159 -0.942644 0.290166 0.165004 -0.244548 0.236864 0.233158 0.94315 0.37491 0.185834 -0.126189 0.974444 0.383175 -0.981838 0.0147181 0.18915 -0.487874 -0.0382107 -0.991897 -0.121162 0.443707 
1535122712809 0.234784 0.928319 -0.288272 -0.635371 -0.942792 0.289684 0.165006 -0.244715 0.236686 0.23304 0.943224 0.374855 0.186841 -0.127904 0.974028 0.383174 -0.981743 0.0116837 0.189855 -0.488 -0.0356636 -0.991718 -0.123386 0.444018 
1535122712816 0.23437 0.928499 -0.288029 -0.635585 -0.942939 0.289202 0.165007 -0.244883 0.236508 0.232921 0.943298 0.374801 0.187853 -0.129616 0.973607 0.383173 -0.981639 0.00864781 0.190554 -0.488128 -0.0331184 -0.991527 -0.125612 0.444329 
1535122713216 0.234831 0.928289 -0.288331 -0.635399 -0.942802 0.289717 0.164887 -0.244855 0.236597 0.233118 0.943227 0.37482 0.187606 -0.128968 0.973741 0.383193 -0.981647 0.00995718 0.190448 -0.488005 -0.0342573 -0.991599 -0.124733 0.444073 
1535122713229 0.234631 0.928526 -0.28773 -0.635469 -0.942965 0.289309 0.164675 -0.244966 0.236147 0.232681 0.943448 0.37475 0.188374 -0.130288 0.973417 0.383196 -0.981535 0.00855723 0.191091 -0.48814 -0.0332265 -0.991439 -0.12627 0.444344 
1535122713254 0.234431 0.928763 -0.287127 -0.635545 -0.943127 0.2889 0.164463 -0.245081 0.235698 0.232243 0.943668 0.374679 0.189146 -0.131606 0.97309 0.383201 -0.981421 0.00715574 0.191733 -0.488284 -0.0321964 -0.991276 -0.127807 0.444616 
1535122713331 0.23423 0.928999 -0.286525 -0.63562 -0.943289 0.288491 0.16425 -0.245195 0.235248 0.231804 0.943888 0.374608 0.189918 -0.132923 0.97276 0.383206 -0.981305 0.00575361 0.192373 -0.488425 -0.0311676 -0.99111 -0.129345 0.444888 
1535122713438 0.234029 0.929235 -0.285923 -0.635696 -0.943451 0.288083 0.164037 -0.245309 0.234799 0.231365 0.944108 0.374537 0.190692 -0.134239 0.972428 0.383211 -0.981187 0.00435053 0.19301 -0.488567 -0.03014 -0.990939 -0.130884 0.445159 
1535122713605 0.233827 0.929471 -0.285321 -0.635771 -0.943613 0.287674 0.163824 -0.245423 0.234349 0.230926 0.944327 0.374466 0.191467 -0.135553 0.972094 0.383215 -0.981067 0.00294657 0.193645 -0.48871 -0.0291135 -0.990766 -0.132422 0.445431 
1535122713626 0.233626 0.929706 -0.284719 -0.635846 -0.943774 0.287266 0.163611 -0.245536 0.2339 0.230487 0.944546 0.374395 0.192243 -0.136866 0.971756 0.38322 -0.980945 0.00154189 0.194278 -0.488851 -0.0280883 -0.990588 -0.133962 0.445703 
1535122713821 0.233424 0.929941 -0.284117 -0.635922 -0.943935 0.286858 0.163397 -0.245651 0.233451 0.230047 0.944764 0.374324 0.19302 -0.138177 0.971417 0.383225 -0.980821 0.000136162 0.194908 -0.488994 -0.0270642 -0.990407 -0.135501 0.445975 
1535122713883 0.233221 0.930176 -0.283514 -0.635997 -0.944096 0.286449 0.163183 -0.245764 0.233002 0.229607 0.944982 0.374253 0.193799 -0.139488 0.971074 0.383229 -0.980696 -0.00127025 0.195536 -0.489135 -0.0260414 -0.990223 -0.137041 0.446246 
1535122713898 0.233019 0.93041 -0.282912 -0.636073 -0.944257 0.286041 0.162969 -0.245879 0.232553 0.229167 0.945199 0.374182 0.194579 -0.140796 0.970729 0.383234 -0.980568 -0.00267768 0.196162 -0.489278 -0.0250196 -0.990035 -0.138581 0.446518 
1535122714325 0.23336 0.930129 -0.283556 -0.63597 -0.944025 0.286626 0.163287 -0.245788 0.233152 0.229579 0.944952 0.374275 0.194108 -0.140337 0.97089 0.383188 -0.980636 -0.00155404 0.195832 -0.48918 -0.0259738 -0.990103 -0.137922 0.44617 
1535122714340 0.233915 0.930056 -0.283336 -0.635941 -0.944024 0.286982 0.162663 -0.245728 0.232599 0.229427 0.945125 0.374239 0.193906 -0.141166 0.97081 0.383195 -0.980622 0.000314871 0.195912 -0.489255 -0.0279618 -0.989986 -0.13837 0.446242 
1535122714441 0.23447 0.929983 -0.283118 -0.635908 -0.944023 0.28734 0.16204 -0.245666 0.232046 0.229277 0.945297 0.374203 0.193699 -0.141995 0.970731 0.383201 -0.980604 0.00218436 0.195989 -0.489325 -0.0299498 -0.989865 -0.138818 0.446314 
1535122714624 0.235025 0.929909 -0.2829 -0.635873 -0.94402 0.287698 0.161416 -0.245604 0.231492 0.229126 0.945469 0.374168 0.19349 -0.142823 0.970651 0.383207 -0.980582 0.0040539 0.196067 -0.489394 -0.0319378 -0.98974 -0.139265 0.446385 
1535122714704 0.23558 0.929835 -0.282681 -0.635839 -0.944018 0.288056 0.160793 -0.245541 0.230939 0.228976 0.945641 0.374133 0.19328 -0.143651 0.970571 0.383213 -0.980557 0.00592323 0.196145 -0.489463 -0.0339254 -0.989611 -0.139713 0.446457 
1535122714711 0.236134 0.929761 -0.282462 -0.635807 -0.944014 0.288414 0.16017 -0.24548 0.230385 0.228826 0.945812 0.374097 0.193068 -0.144478 0.97049 0.383219 -0.980528 0.00779236 0.196225 -0.489534 -0.0359127 -0.989477 -0.14016 0.446528 
1535122714882 0.236689 0.929687 -0.282242 -0.635772 -0.944011 0.288772 0.159546 -0.245417 0.229832 0.228677 0.945983 0.374062 0.192855 -0.145305 0.970409 0.383225 -0.980495 0.00966156 0.196306 -0.489603 -0.0378999 -0.98934 -0.140607 0.4466 
1535122714935 0.237243 0.929612 -0.282022 -0.635739 -0.944006 0.28913 0.158923 -0.245355 0.229278 0.228527 0.946154 0.374026 0.19264 -0.146131 0.970328 0.383231 -0.980459 0.0115305 0.196388 -0.489674 -0.0398867 -0.989198 -0.141054 0.446672 
1535122715053 0.237797 0.929538 -0.281802 -0.635705 -0.944001 0.289488 0.1583 -0.245293 0.228724 0.228378 0.946324 0.373991 0.192423 -0.146957 0.970246 0.383237 -0.980418 0.0133995 0.19647 -0.489743 -0.0418734 -0.989052 -0.141501 0.446743 
1535122715059 0.238351 0.929463 -0.281581 -0.635671 -0.943996 0.289846 0.157676 -0.245231 0.228169 0.228229 0.946494 0.373955 0.192204 -0.147782 0.970164 0.383243 -0.980374 0.0152682 0.196553 -0.489813 -0.0438598 -0.988902 -0.141947 0.446815 
1535122715512 0.237827 0.929505 -0.281884 -0.635705 -0.943965 0.289559 0.158382 -0.245403 0.228839 0.228421 0.946286 0.374062 0.192245 -0.147019 0.970272 0.38318 -0.980411 0.0143945 0.196435 -0.489786 -0.0428463 -0.989029 -0.141372 0.446781 
1535122715525 0.23838 0.929389 -0.2818 -0.635499 -0.94381 0.290088 0.158338 -0.24531 0.228905 0.228221 0.946318 0.374113 0.193301 -0.14735 0.970012 0.383259 -0.98034 0.0108944 0.197014 -0.489972 -0.0395978 -0.989024 -0.142347 0.44687 
1535122715535 0.238933 0.929272 -0.281717 -0.635289 -0.943654 0.290619 0.158294 -0.245215 0.228971 0.228022 0.94635 0.374165 0.194361 -0.147677 0.96975 0.383339 -0.980256 0.00739296 0.197592 -0.490164 -0.036349 -0.989008 -0.143324 0.44696 
1535122715651 0.239486 0.929155 -0.281634 -0.63508 -0.943498 0.29115 0.15825 -0.245121 0.229036 0.227822 0.946382 0.374217 0.195421 -0.147999 0.969488 0.38342 -0.980161 0.00389127 0.198166 -0.490356 -0.033101 -0.98898 -0.144303 0.44705 
1535122715884 0.24004 0.929037 -0.28155 -0.63487 -0.943342 0.291681 0.158206 -0.245026 0.229102 0.227622 0.946414 0.374268 0.196482 -0.148318 0.969225 0.3835 -0.980053 0.000389274 0.198737 -0.490548 -0.0298536 -0.98894 -0.145283 0.447139 
1535122715892 0.240593 0.928919 -0.281467 -0.63466 -0.943185 0.292211 0.158162 -0.244931 0.229167 0.227423 0.946447 0.37432 0.197545 -0.148633 0.96896 0.383581 -0.979933 -0.00311295 0.199304 -0.49074 -0.0266068 -0.988888 -0.146265 0.447229 
1535122716080 0.241146 0.928801 -0.281383 -0.634451 -0.943028 0.292742 0.158118 -0.244837 0.229233 0.227223 0.946479 0.374372 0.198607 -0.148944 0.968695 0.383661 -0.979801 -0.00661514 0.199867 -0.490931 -0.023361 -0.988823 -0.14725 0.447319 
1535122716176 0.241699 0.928683 -0.2813 -0.634241 -0.94287 0.293272 0.158074 -0.244742 0.229298 0.227023 0.946511 0.374424 0.199672 -0.149252 0.968429 0.383742 -0.979656 -0.0101177 0.200427 -0.491124 -0.0201158 -0.988747 -0.148235 0.447408 
1535122716294 0.242252 0.928564 -0.281216 -0.634032 -0.942712 0.293803 0.15803 -0.244647 0.229363 0.226823 0.946543 0.374476 0.200736 -0.149555 0.968162 0.383822 -0.9795 -0.01362 0.200983 -0.491315 -0.0168716 -0.98866 -0.149223 0.447498 
1535122716332 0.242805 0.928445 -0.281133 -0.633822 -0.942554 0.294333 0.157986 -0.244553 0.229428 0.226623 0.946575 0.374527 0.201802 -0.149855 0.967894 0.383902 -0.979332 -0.0171224 0.201535 -0.491507 -0.0136283 -0.98856 -0.150213 0.447588 
1535122716862 0.242175 0.928604 -0.281153 -0.634018 -0.942749 0.293701 0.158 -0.244616 0.229295 0.226793 0.946567 0.374466 0.201473 -0.149736 0.967981 0.383882 -0.97939 -0.0164237 0.201307 -0.491393 -0.0142451 -0.98859 -0.149959 0.447522 
1535122716885 0.242511 0.928558 -0.281013 -0.633633 -0.942687 0.293975 0.15786 -0.244467 0.229192 0.226625 0.946632 0.374594 0.201969 -0.149883 0.967855 0.38392 -0.979303 -0.0175623 0.201638 -0.491526 -0.0132243 -0.988548 -0.150328 0.447512 
1535122716900 0.242832 0.928513 -0.280885 -0.633254 -0.94263 0.294234 0.157715 -0.244333 0.229087 0.226472 0.946694 0.37472 0.202465 -0.150029 0.967729 0.383958 -0.979213 -0.0187014 0.201968 -0.491661 -0.0122033 -0.988505 -0.150697 0.447503 
1535122716907 0.243152 0.928468 -0.280757 -0.632874 -0.942573 0.294494 0.157571 -0.244198 0.228981 0.22632 0.946756 0.374846 0.202961 -0.150174 0.967602 0.383996 -0.979123 -0.0198402 0.202298 -0.491797 -0.0111825 -0.98846 -0.151066 0.447493 
1535122716978 0.243473 0.928422 -0.280629 -0.632494 -0.942516 0.294753 0.157427 -0.244063 0.228875 0.226168 0.946818 0.374973 0.203457 -0.150319 0.967476 0.384035 -0.979031 -0.0209793 0.202628 -0.491933 -0.0101619 -0.988415 -0.151436 0.447484 
1535122717215 0.243793 0.928377 -0.280501 -0.632116 -0.942459 0.295013 0.157282 -0.243929 0.228769 0.226016 0.94688 0.375098 0.203955 -0.150463 0.967349 0.384073 -0.978938 -0.0221186 0.202958 -0.492068 -0.00914127 -0.988368 -0.151805 0.447474 
1535122717356 0.244114 0.928332 -0.280373 -0.631736 -0.942402 0.295273 0.157138 -0.243794 0.228663 0.225864 0.946942 0.375225 0.204451 -0.150607 0.967222 0.384111 -0.978843 -0.0232575 0.203286 -0.492204 -0.0081211 -0.98832 -0.152176 0.447465 
1535122717467 0.244435 0.928286 -0.280245 -0.631357 -0.942345 0.295532 0.156994 -0.24366 0.228557 0.225712 0.947004 0.375351 0.204948 -0.15075 0.967094 0.38415 -0.978747 -0.0243969 0.203615 -0.492338 -0.00710086 -0.988271 -0.152546 0.447455 
1535122717472 0.244755 0.92824 -0.280116 -0.630977 -0.942287 0.295792 0.15685 -0.243525 0.228451 0.22556 0.947065 0.375477 0.205445 -0.150893 0.966966 0.384188 -0.97865 -0.0255359 0.203942 -0.492474 -0.00608103 -0.98822 -0.152917 0.447446 
1535122717598 0.245075 0.928194 -0.279988 -0.630598 -0.94223 0.296051 0.156706 -0.243391 0.228344 0.225408 0.947127 0.375603 0.205942 -0.151034 0.966838 0.384226 -0.978551 -0.0266753 0.20427 -0.492609 -0.00506116 -0.988169 -0.153288 0.447436 
1535122717994 0.244551 0.928396 -0.279777 -0.630815 -0.942338 0.295542 0.157019 -0.243387 0.228462 0.225246 0.947138 0.375555 0.205672 -0.150928 0.966912 0.384211 -0.978604 -0.0259067 0.204115 -0.492497 -0.00575731 -0.988205 -0.153027 0.447457 
1535122718006 0.244391 0.928343 -0.280093 -0.63034 -0.942232 0.295587 0.157566 -0.243243 0.229067 0.225404 0.946954 0.375688 0.206261 -0.151092 0.966761 0.384273 -0.978481 -0.0262335 0.204661 -0.492647 -0.00556121 -0.988172 -0.153252 0.447439 
1535122718020 0.244231 0.92829 -0.28041 -0.629862 -0.942126 0.295633 0.158113 -0.243097 0.229673 0.225565 0.946769 0.375821 0.206853 -0.151255 0.966609 0.384335 -0.978357 -0.0265612 0.20521 -0.492798 -0.00536492 -0.988138 -0.153476 0.44742 
1535122718027 0.244071 0.928236 -0.280727 -0.629383 -0.94202 0.295679 0.158659 -0.242951 0.230278 0.225726 0.946583 0.375954 0.207444 -0.151419 0.966457 0.384397 -0.978233 -0.0268889 0.205759 -0.49295 -0.00516878 -0.988104 -0.153701 0.447402 
1535122718112 0.243911 0.928182 -0.281044 -0.628904 -0.941913 0.295725 0.159206 -0.242805 0.230883 0.225887 0.946397 0.376088 0.208036 -0.151581 0.966304 0.38446 -0.978109 -0.0272167 0.206308 -0.493101 -0.00497275 -0.98807 -0.153925 0.447384 
1535122718250 0.24375 0.928128 -0.281361 -0.628424 -0.941806 0.295771 0.159752 -0.242658 0.231489 0.226048 0.946211 0.376222 0.208628 -0.151744 0.966151 0.384522 -0.977983 -0.0275447 0.206856 -0.493253 -0.00477684 -0.988036 -0.15415 0.447366 
1535122718480 0.243589 0.928074 -0.281677 -0.627946 -0.941699 0.295817 0.160298 -0.242512 0.232094 0.226208 0.946025 0.376355 0.209219 -0.151906 0.965998 0.384584 -0.977858 -0.0278727 0.207405 -0.493404 -0.00458114 -0.988002 -0.154374 0.447348 
1535122718528 0.243429 0.92802 -0.281994 -0.627466 -0.941591 0.295863 0.160844 -0.242366 0.232699 0.226369 0.945837 0.376489 0.209811 -0.152069 0.965844 0.384647 -0.977732 -0.0282009 0.207953 -0.493556 -0.00438549 -0.987968 -0.154599 0.447329 
1535122718628 0.243267 0.927966 -0.28231 -0.626988 -0.941483 0.29591 0.16139 -0.24222 0.233303 0.226529 0.94565 0.376622 0.210402 -0.152231 0.96569 0.384709 -0.977606 -0.028529 0.208501 -0.493707 -0.00419005 -0.987933 -0.154824 0.447311 
1535122718867 0.243106 0.927912 -0.282627 -0.62651 -0.941375 0.295956 0.161937 -0.242074 0.233908 0.22669 0.945462 0.376755 0.210994 -0.152392 0.965535 0.384771 -0.977479 -0.0288575 0.209049 -0.493858 -0.00399459 -0.987899 -0.155049 0.447293 
1535122719198 0.243012 0.928062 -0.282216 -0.626748 -0.941502 0.295695 0.161672 -0.242034 0.233491 0.226419 0.94563 0.376759 0.210611 -0.152142 0.965658 0.384774 -0.977561 -0.0284864 0.208718 -0.493652 -0.0042466 -0.987948 -0.154727 0.447364 
1535122719208 0.242915 0.92797 -0.282601 -0.62629 -0.941445 0.295749 0.161906 -0.241855 0.233823 0.226724 0.945475 0.376943 0.207888 -0.150891 0.966444 0.384728 -0.978112 -0.0230571 0.206797 -0.493484 -0.00892051 -0.988281 -0.152382 0.446841 
1535122719215 0.242819 0.927878 -0.282987 -0.625829 -0.941388 0.295804 0.162139 -0.241675 0.234154 0.22703 0.94532 0.377128 0.205168 -0.149625 0.967222 0.384682 -0.978632 -0.0176287 0.204861 -0.493312 -0.0136015 -0.988586 -0.150045 0.446317 
1535122719484 0.242722 0.927785 -0.283373 -0.625368 -0.94133 0.295859 0.162373 -0.241494 0.234486 0.227337 0.945164 0.377313 0.202453 -0.148344 0.967991 0.384635 -0.979121 -0.0122025 0.202911 -0.493139 -0.0182887 -0.988861 -0.147717 0.445793 
1535122719664 0.242625 0.927693 -0.28376 -0.624906 -0.941273 0.295914 0.162607 -0.241314 0.234817 0.227643 0.945008 0.377498 0.199743 -0.147047 0.968752 0.384588 -0.979579 -0.00677852 0.200947 -0.492966 -0.0229819 -0.989106 -0.145398 0.445268 
1535122719716 0.242527 0.9276 -0.284146 -0.624446 -0.941215 0.295969 0.16284 -0.241134 0.235149 0.227949 0.944852 0.377682 0.197039 -0.145734 0.969504 0.384542 -0.980005 -0.00135716 0.198969 -0.492795 -0.0276809 -0.989323 -0.143088 0.444745 
1535122720002 0.24243 0.927507 -0.284532 -0.623984 -0.941157 0.296024 0.163073 -0.240953 0.23548 0.228255 0.944695 0.377867 0.194339 -0.144407 0.970247 0.384495 -0.9804 0.00406177 0.196977 -0.492621 -0.0323857 -0.98951 -0.140787 0.444221 
1535122720089 0.242333 0.927414 -0.284918 -0.623522 -0.941099 0.296079 0.163307 -0.240772 0.235811 0.228561 0.944538 0.378052 0.191644 -0.143063 0.970982 0.384448 -0.980763 0.00947784 0.194971 -0.492447 -0.0370961 -0.989668 -0.138495 0.443696 
1535122720222 0.242235 0.927321 -0.285304 -0.623061 -0.941041 0.296135 0.16354 -0.240592 0.236143 0.228867 0.944382 0.378237 0.188955 -0.141705 0.971708 0.384401 -0.981095 0.0148907 0.192952 -0.492275 -0.0418117 -0.989797 -0.136212 0.443172 
1535122720505 0.242137 0.927228 -0.285689 -0.6226 -0.940983 0.29619 0.163774 -0.240411 0.236474 0.229173 0.944224 0.378421 0.186272 -0.140331 0.972425 0.384354 -0.981396 0.0203003 0.19092 -0.492104 -0.0465325 -0.989897 -0.133939 0.442649 
1535122721099 0.241957 0.927327 -0.285519 -0.622877 -0.941065 0.295954 0.163733 -0.240298 0.236334 0.229075 0.944283 0.37832 0.186788 -0.140544 0.972295 0.384374 -0.981335 0.0193861 0.191327 -0.49221 -0.0457388 -0.989885 -0.1343 0.442893 
1535122721111 0.24205 0.927304 -0.285516 -0.622598 -0.941014 0.296068 0.163816 -0.240197 0.236439 0.229023 0.94427 0.378396 0.189121 -0.140267 0.971884 0.384444 -0.981113 0.0139558 0.192931 -0.492465 -0.0406253 -0.990015 -0.134979 0.443063 
1535122721128 0.242143 0.92728 -0.285513 -0.622317 -0.940964 0.296182 0.163899 -0.240094 0.236544 0.228971 0.944256 0.378472 0.191442 -0.139969 0.971472 0.384515 -0.980861 0.00854541 0.194523 -0.492724 -0.0355289 -0.990119 -0.135655 0.443231 
1535122721325 0.242237 0.927257 -0.285511 -0.622036 -0.940914 0.296296 0.163983 -0.239992 0.23665 0.228919 0.944242 0.378548 0.19376 -0.139659 0.971057 0.384586 -0.980577 0.00313532 0.19611 -0.492983 -0.0304332 -0.990195 -0.136339 0.443399 
1535122721470 0.24233 0.927233 -0.285509 -0.621755 -0.940863 0.29641 0.164066 -0.23989 0.236755 0.228867 0.944228 0.378624 0.196076 -0.139336 0.970639 0.384657 -0.980261 -0.0022744 0.197693 -0.493242 -0.0253381 -0.990243 -0.137031 0.443567 
1535122721509 0.242423 0.927209 -0.285506 -0.621474 -0.940813 0.296524 0.164149 -0.239788 0.23686 0.228814 0.944215 0.3787 0.19839 -0.139 0.970217 0.384728 -0.979914 -0.00768356 0.199272 -0.493502 -0.020244 -0.990263 -0.137732 0.443735 
1535122721732 0.242516 0.927186 -0.285504 -0.621193 -0.940762 0.296639 0.164232 -0.239686 0.236965 0.228763 0.944201 0.378776 0.2007 -0.138651 0.969791 0.384799 -0.979536 -0.0130918 0.200845 -0.49376 -0.0151511 -0.990255 -0.138441 0.443902 
1535122721888 0.24261 0.927162 -0.285502 -0.620912 -0.940712 0.296753 0.164315 -0.239583 0.237071 0.22871 0.944187 0.378852 0.203009 -0.13829 0.969362 0.38487 -0.979125 -0.0184993 0.202414 -0.49402 -0.0100594 -0.990219 -0.139159 0.444071 
1535122722032 0.242703 0.927138 -0.2855 -0.620632 -0.940661 0.296867 0.164398 -0.239481 0.237176 0.228659 0.944173 0.378928 0.205314 -0.137916 0.96893 0.384941 -0.978683 -0.0239054 0.203978 -0.494278 -0.00496914 -0.990155 -0.139884 0.444239 
1535122722092 0.242796 0.927114 -0.285498 -0.620351 -0.94061 0.296981 0.164482 -0.239379 0.237281 0.228606 0.944159 0.379004 0.207617 -0.137529 0.968494 0.385012 -0.97821 -0.0293103 0.205538 -0.494537 0.000119485 -0.990064 -0.140618 0.444406 
1535122722694 0.242608 0.927186 -0.285425 -0.620575 -0.94066 0.296788 0.164547 -0.239444 0.237276 0.228567 0.94417 0.378953 0.204789 -0.13802 0.969026 0.384909 -0.978791 -0.023452 0.203513 -0.494159 -0.00536321 -0.990152 -0.139896 0.444151 
1535122722707 0.242741 0.927094 -0.28561 -0.620343 -0.94056 0.29701 0.164716 -0.239375 0.237537 0.22865 0.944085 0.379002 0.204647 -0.13948 0.968847 0.384937 -0.978818 -0.0232613 0.203405 -0.494218 -0.00583418 -0.989952 -0.141286 0.444348 
1535122722726 0.242874 0.927003 -0.285795 -0.620106 -0.94046 0.297233 0.164885 -0.239304 0.237797 0.228732 0.943999 0.379052 0.204505 -0.140939 0.968666 0.384965 -0.978845 -0.0230696 0.203297 -0.494277 -0.0063058 -0.989749 -0.142676 0.444545 
1535122722880 0.243006 0.926911 -0.28598 -0.619869 -0.94036 0.297456 0.165054 -0.239232 0.238057 0.228815 0.943914 0.379101 0.204361 -0.142398 0.968483 0.384992 -0.978872 -0.0228777 0.20319 -0.494336 -0.0067772 -0.989545 -0.144065 0.444742 
1535122722887 0.243139 0.926819 -0.286165 -0.619632 -0.94026 0.297679 0.165222 -0.239161 0.238316 0.228897 0.943828 0.379151 0.204217 -0.143857 0.968298 0.38502 -0.978899 -0.0226858 0.203083 -0.494395 -0.00724832 -0.989338 -0.145454 0.444939 
1535122723012 0.243272 0.926727 -0.28635 -0.619394 -0.94016 0.297902 0.165391 -0.239089 0.238576 0.22898 0.943742 0.379201 0.204072 -0.145316 0.96811 0.385048 -0.978925 -0.0224936 0.202976 -0.494454 -0.00771933 -0.98913 -0.146844 0.445136 
1535122723074 0.243405 0.926635 -0.286535 -0.619156 -0.940059 0.298125 0.165559 -0.239017 0.238836 0.229062 0.943657 0.379251 0.203926 -0.146774 0.967921 0.385075 -0.978952 -0.022301 0.202869 -0.494513 -0.00819023 -0.988919 -0.148232 0.445332 
1535122723314 0.243537 0.926543 -0.28672 -0.61892 -0.939959 0.298348 0.165728 -0.238946 0.239096 0.229144 0.943571 0.379301 0.203781 -0.148232 0.96773 0.385103 -0.978978 -0.0221087 0.202763 -0.494572 -0.00866068 -0.988705 -0.149621 0.445529 
1535122723323 0.24367 0.92645 -0.286905 -0.618683 -0.939858 0.298571 0.165896 -0.238875 0.239356 0.229226 0.943485 0.37935 0.203634 -0.149689 0.967536 0.385131 -0.979005 -0.021916 0.202657 -0.494631 -0.00913101 -0.98849 -0.151009 0.445726 
1535122723538 0.243802 0.926358 -0.287091 -0.618445 -0.939758 0.298794 0.166064 -0.238803 0.239616 0.229309 0.943399 0.3794 0.203485 -0.151147 0.967341 0.385158 -0.979031 -0.0217229 0.20255 -0.49469 -0.00960127 -0.988273 -0.152397 0.445923 
1535122723890 0.243619 0.926436 -0.286997 -0.618682 -0.939847 0.298562 0.165976 -0.23885 0.239452 0.229298 0.943443 0.379331 0.203676 -0.149729 0.967521 0.385146 -0.978996 -0.0219292 0.202698 -0.494576 -0.00913278 -0.988484 -0.151051 0.445862 
1535122723903 0.243659 0.926403 -0.287067 -0.618494 -0.939738 0.298708 0.166333 -0.238772 0.23984 0.229239 0.943359 0.37939 0.20311 -0.148267 0.967865 0.385139 -0.979109 -0.0210438 0.202246 -0.494607 -0.00961887 -0.988723 -0.149444 0.445588 
1535122724018 0.243701 0.92637 -0.287138 -0.618301 -0.939628 0.298856 0.166688 -0.238691 0.240228 0.229181 0.943274 0.37945 0.202542 -0.146805 0.968207 0.385132 -0.979221 -0.0201584 0.20179 -0.494634 -0.0101062 -0.98896 -0.147837 0.445313 
1535122724043 0.243743 0.926337 -0.287209 -0.618108 -0.939518 0.299003 0.167043 -0.23861 0.240615 0.229123 0.94319 0.37951 0.201975 -0.145341 0.968546 0.385124 -0.979333 -0.0192738 0.201333 -0.494662 -0.0105944 -0.989194 -0.14623 0.445039 
1535122724113 0.243785 0.926304 -0.287281 -0.617914 -0.939408 0.29915 0.167399 -0.238529 0.241002 0.229064 0.943105 0.379571 0.201409 -0.143877 0.968883 0.385117 -0.979445 -0.0183898 0.200874 -0.494689 -0.0110836 -0.989425 -0.144623 0.444764 
1535122724261 0.243827 0.926271 -0.287352 -0.61772 -0.939297 0.299297 0.167754 -0.238448 0.241389 0.229006 0.94302 0.379631 0.200843 -0.142412 0.969217 0.385109 -0.979555 -0.0175064 0.200413 -0.494716 -0.0115737 -0.989653 -0.143016 0.444489 
1535122724407 0.243869 0.926237 -0.287423 -0.617526 -0.939187 0.299445 0.168109 -0.238367 0.241776 0.228948 0.942935 0.379691 0.200278 -0.140946 0.969548 0.385101 -0.979665 -0.0166238 0.199951 -0.494743 -0.0120648 -0.989878 -0.141409 0.444215 
1535122724455 0.243911 0.926204 -0.287494 -0.617334 -0.939076 0.299592 0.168464 -0.238286 0.242163 0.228889 0.94285 0.379751 0.199714 -0.139479 0.969876 0.385094 -0.979774 -0.0157419 0.199488 -0.494771 -0.0125567 -0.9901 -0.139802 0.44394 
1535122724461 0.243952 0.926171 -0.287565 -0.617141 -0.938966 0.299739 0.168819 -0.238206 0.24255 0.22883 0.942765 0.379812 0.199151 -0.138011 0.970202 0.385086 -0.979882 -0.0148607 0.199024 -0.494798 -0.0130496 -0.990319 -0.138194 0.443666 
1535122724672 0.243994 0.926138 -0.287637 -0.616947 -0.938855 0.299886 0.169174 -0.238124 0.242937 0.228772 0.94268 0.379872 0.198588 -0.136543 0.970525 0.385078 -0.97999 -0.0139801 0.198557 -0.494825 -0.0135435 -0.990536 -0.136587 0.443391 
1535122724984 0.243877 0.926191 -0.287567 -0.617216 -0.939032 0.299623 0.168656 -0.238151 0.242369 0.228904 0.942794 0.379776 0.198858 -0.137561 0.970326 0.385106 -0.979939 -0.0145146 0.19877 -0.494861 -0.0132591 -0.990387 -0.137688 0.44359 
1535122724996 0.243893 0.926076 -0.287922 -0.616989 -0.938958 0.299769 0.168808 -0.238065 0.242639 0.229176 0.942658 0.379865 0.198766 -0.137129 0.970406 0.385098 -0.979957 -0.0143559 0.198693 -0.49491 -0.0133157 -0.990449 -0.137234 0.443519 
1535122725012 0.243911 0.925961 -0.288278 -0.616757 -0.938884 0.299917 0.168959 -0.237977 0.242909 0.229449 0.942522 0.379955 0.198672 -0.136698 0.970486 0.385091 -0.979975 -0.0141963 0.198614 -0.49496 -0.0133729 -0.990511 -0.136781 0.443448 
1535122725025 0.243928 0.925845 -0.288635 -0.616523 -0.93881 0.300064 0.169109 -0.237888 0.243178 0.229723 0.942386 0.380045 0.198579 -0.136266 0.970566 0.385083 -0.979993 -0.0140372 0.198537 -0.49501 -0.0134297 -0.990573 -0.136327 0.443377 
1535122725054 0.243946 0.925729 -0.288991 -0.61629 -0.938735 0.300212 0.16926 -0.237799 0.243448 0.229996 0.94225 0.380135 0.198486 -0.135834 0.970645 0.385075 -0.980011 -0.013878 0.198459 -0.495059 -0.0134868 -0.990634 -0.135873 0.443306 
1535122725066 0.243963 0.925614 -0.289347 -0.616059 -0.938661 0.30036 0.169411 -0.237711 0.243717 0.230269 0.942114 0.380225 0.198392 -0.135402 0.970725 0.385067 -0.980029 -0.0137186 0.19838 -0.495109 -0.0135441 -0.990696 -0.13542 0.443235 
1535122725130 0.24398 0.925498 -0.289704 -0.615826 -0.938586 0.300507 0.169561 -0.237622 0.243986 0.230542 0.941977 0.380315 0.198299 -0.13497 0.970804 0.38506 -0.980047 -0.0135596 0.198302 -0.495159 -0.0136011 -0.990757 -0.134966 0.443164 
1535122725223 0.243997 0.925382 -0.29006 -0.615594 -0.938512 0.300655 0.169711 -0.237534 0.244256 0.230815 0.94184 0.380405 0.198205 -0.134538 0.970883 0.385052 -0.980065 -0.0134003 0.198223 -0.495209 -0.0136584 -0.990818 -0.134512 0.443093 
1535122725286 0.244014 0.925265 -0.290416 -0.615361 -0.938437 0.300803 0.169862 -0.237445 0.244525 0.231088 0.941704 0.380495 0.198113 -0.134106 0.970962 0.385044 -0.980083 -0.0132414 0.198145 -0.495258 -0.0137156 -0.990879 -0.134058 0.443022 
1535122725293 0.244031 0.925149 -0.290772 -0.615129 -0.938363 0.30095 0.170012 -0.237357 0.244794 0.231361 0.941567 0.380585 0.198019 -0.133674 0.97104 0.385037 -0.980101 -0.0130822 0.198066 -0.495308 -0.0137729 -0.990939 -0.133605 0.442951 
1535122725585 0.243505 0.925893 -0.288837 -0.616036 -0.9388 0.29981 0.169611 -0.237463 0.243638 0.229859 0.942234 0.380381 0.198145 -0.134511 0.970899 0.385005 -0.980078 -0.013412 0.19816 -0.49524 -0.0136329 -0.990821 -0.134488 0.443167 
1535122725596 0.243609 0.92585 -0.288888 -0.615845 -0.938807 0.299887 0.169438 -0.237422 0.243507 0.229934 0.94225 0.380422 0.199299 -0.135142 0.970575 0.385029 -0.979878 -0.016429 0.198921 -0.49545 -0.0109372 -0.99069 -0.135697 0.443371 
1535122725823 0.243714 0.925807 -0.288939 -0.615653 -0.938814 0.299964 0.169265 -0.237381 0.243378 0.230008 0.942265 0.380463 0.200457 -0.13577 0.970249 0.385054 -0.979668 -0.0194467 0.199682 -0.495666 -0.0082427 -0.990549 -0.136908 0.443575 
1535122725829 0.243818 0.925763 -0.28899 -0.61546 -0.93882 0.300041 0.169092 -0.237339 0.243248 0.230081 0.942281 0.380504 0.201617 -0.136394 0.969921 0.385078 -0.979449 -0.0224646 0.200438 -0.495881 -0.00554963 -0.9904 -0.13812 0.443779 
1535122725835 0.243923 0.92572 -0.289041 -0.615268 -0.938826 0.300119 0.16892 -0.237298 0.243119 0.230156 0.942296 0.380545 0.202778 -0.137014 0.969592 0.385103 -0.979221 -0.025483 0.201191 -0.496097 -0.00285793 -0.990241 -0.139335 0.443983 
1535122725842 0.244028 0.925676 -0.289092 -0.615075 -0.938832 0.300197 0.168747 -0.237256 0.242989 0.23023 0.942311 0.380587 0.203941 -0.137631 0.96926 0.385129 -0.978983 -0.0285016 0.201939 -0.496314 -0.000167637 -0.990073 -0.140551 0.444187 
1535122726027 0.244133 0.925633 -0.289142 -0.614882 -0.938839 0.300274 0.168574 -0.237214 0.24286 0.230304 0.942327 0.380628 0.205105 -0.138244 0.968928 0.385153 -0.978737 -0.0315204 0.202684 -0.496528 0.00252109 -0.989896 -0.14177 0.444391 
1535122726033 0.244238 0.925589 -0.289194 -0.61469 -0.938845 0.300352 0.168401 -0.237173 0.24273 0.230378 0.942342 0.380669 0.206271 -0.138853 0.968593 0.385179 -0.978481 -0.0345395 0.203425 -0.496745 0.00520846 -0.98971 -0.14299 0.444595 
1535122726214 0.244343 0.925545 -0.289244 -0.614497 -0.938851 0.300429 0.168229 -0.237131 0.242601 0.230452 0.942357 0.38071 0.207438 -0.139459 0.968257 0.385203 -0.978216 -0.0375586 0.204162 -0.49696 0.0078942 -0.989515 -0.144212 0.444799 
1535122726272 0.244448 0.925502 -0.289296 -0.614304 -0.938857 0.300507 0.168056 -0.237089 0.242471 0.230527 0.942372 0.380751 0.208607 -0.140061 0.967919 0.385229 -0.977942 -0.0405781 0.204895 -0.497177 0.0105785 -0.989311 -0.145436 0.445003 
1535122726780 0.244023 0.92559 -0.289371 -0.614592 -0.938929 0.300152 0.168288 -0.237015 0.242621 0.230633 0.942308 0.380621 0.208229 -0.140004 0.968008 0.38522 -0.978033 -0.0394854 0.204674 -0.497069 0.00956694 -0.989363 -0.145151 0.444734 
1535122726790 0.244217 0.925626 -0.289094 -0.614228 -0.938945 0.300224 0.168072 -0.236909 0.242365 0.230398 0.942431 0.38074 0.208057 -0.14068 0.967947 0.385229 -0.978079 -0.0386709 0.204614 -0.497147 0.00864626 -0.9893 -0.145642 0.444807 
1535122726797 0.244411 0.925661 -0.288818 -0.61386 -0.93896 0.300296 0.167857 -0.236802 0.24211 0.230163 0.942554 0.38086 0.207884 -0.141356 0.967886 0.385238 -0.978123 -0.0378567 0.204554 -0.497225 0.00772593 -0.989235 -0.146134 0.444881 
1535122727034 0.244604 0.925695 -0.288542 -0.613492 -0.938976 0.300368 0.167642 -0.236694 0.241854 0.229928 0.942677 0.38098 0.207711 -0.142032 0.967824 0.385247 -0.978166 -0.0370425 0.204495 -0.497303 0.00680571 -0.989169 -0.146626 0.444954 
1535122727040 0.244798 0.92573 -0.288266 -0.613123 -0.938991 0.30044 0.167427 -0.236586 0.241599 0.229694 0.942799 0.3811 0.207538 -0.142708 0.967762 0.385256 -0.978209 -0.0362282 0.204436 -0.497381 0.00588555 -0.989102 -0.147117 0.445027 
1535122727246 0.244992 0.925765 -0.28799 -0.612756 -0.939006 0.300513 0.167212 -0.236479 0.241344 0.229459 0.942922 0.38122 0.207363 -0.143384 0.967699 0.385265 -0.978252 -0.0354137 0.204377 -0.49746 0.00496537 -0.989033 -0.147609 0.445101 
1535122727288 0.245185 0.9258 -0.287714 -0.612387 -0.939021 0.300585 0.166997 -0.236371 0.241088 0.229225 0.943044 0.38134 0.207188 -0.14406 0.967636 0.385274 -0.978293 -0.0345995 0.204319 -0.497537 0.00404552 -0.988964 -0.148101 0.445174 
1535122727374 0.245379 0.925834 -0.287438 -0.612019 -0.939036 0.300657 0.166782 -0.236263 0.240832 0.22899 0.943167 0.38146 0.207012 -0.144735 0.967573 0.385283 -0.978333 -0.0337848 0.204261 -0.497616 0.0031255 -0.988893 -0.148593 0.445247 
1535122727380 0.245572 0.925869 -0.287162 -0.61165 -0.939051 0.30073 0.166566 -0.236155 0.240577 0.228755 0.943289 0.38158 0.206837 -0.145411 0.967509 0.385292 -0.978373 -0.0329704 0.204204 -0.497693 0.00220582 -0.988822 -0.149085 0.44532 
1535122727541 0.245765 0.925903 -0.286885 -0.611282 -0.939066 0.300802 0.166351 -0.236047 0.240321 0.228521 0.943411 0.3817 0.20666 -0.146086 0.967445 0.385301 -0.978412 -0.0321559 0.204147 -0.497771 0.00128612 -0.988749 -0.149577 0.445394 
1535122727844 0.245357 0.925979 -0.286989 -0.611565 -0.939085 0.300515 0.166765 -0.235994 0.240665 0.22859 0.943306 0.381654 0.20677 -0.145463 0.967516 0.385311 -0.978387 -0.0330638 0.204122 -0.497705 0.0022974 -0.988811 -0.149156 0.445367 
1535122727857 0.245471 0.925918 -0.287089 -0.611188 -0.938921 0.300769 0.16723 -0.235868 0.241188 0.228504 0.943194 0.381756 0.207215 -0.14346 0.96772 0.38529 -0.978287 -0.034613 0.204346 -0.497898 0.00418017 -0.989051 -0.147517 0.445121 
1535122727864 0.24559 0.925848 -0.287212 -0.610826 -0.938751 0.301036 0.1677 -0.235745 0.241726 0.228435 0.943073 0.381851 0.207658 -0.141455 0.96792 0.385271 -0.978183 -0.0361618 0.204575 -0.498096 0.00606362 -0.989284 -0.145878 0.444876 
1535122728092 0.245709 0.925779 -0.287334 -0.610465 -0.938582 0.301302 0.168171 -0.235623 0.242264 0.228366 0.942951 0.381946 0.208097 -0.139449 0.968117 0.385251 -0.978076 -0.03771 0.204806 -0.498294 0.00794778 -0.989511 -0.144239 0.44463 
1535122728208 0.245828 0.925709 -0.287457 -0.610102 -0.938412 0.301569 0.168641 -0.2355 0.242801 0.228297 0.94283 0.382042 0.208532 -0.137441 0.96831 0.385232 -0.977966 -0.0392576 0.205039 -0.498492 0.00983269 -0.989732 -0.142599 0.444385 
