1533738908269 0.223532 0.822695 -0.522691 -0.521934 -0.946936 0.310372 0.0835511 -0.182133 0.230966 0.476279 0.848418 0.38582 0.16008 -0.304787 0.938871 0.370831 -0.775623 0.549475 0.310623 -0.528794 -0.61056 -0.777934 -0.14844 0.432481 
1533738908280 0.219147 0.82077 -0.527551 -0.529857 -0.947884 0.307265 0.0842914 -0.183444 0.231282 0.481585 0.845331 0.38676 0.316241 -0.38488 0.867098 0.400864 -0.930001 -0.306251 0.203246 -0.504429 0.187325 -0.870677 -0.454788 0.485926 
1533738908798 0.214769 0.818799 -0.532393 -0.537751 -0.948818 0.304162 0.0850325 -0.184723 0.231558 0.486881 0.842216 0.387678 0.316241 -0.38488 0.867098 0.400864 -0.930001 -0.306251 0.203246 -0.504429 0.187325 -0.870677 -0.454788 0.485926 
1533738909319 0.210381 0.816788 -0.537212 -0.545657 -0.949738 0.301058 0.0858004 -0.186015 0.231812 0.49216 0.839072 0.388608 0.316241 -0.38488 0.867098 0.400864 -0.930001 -0.306251 0.203246 -0.504429 0.187325 -0.870677 -0.454788 0.485926 
1533738909844 0.20599 0.814735 -0.54201 -0.553563 -0.950645 0.297954 0.0865866 -0.187308 0.232039 0.497423 0.8359 0.389539 0.316241 -0.38488 0.867098 0.400864 -0.930001 -0.306251 0.203246 -0.504429 0.187325 -0.870677 -0.454788 0.485926 
1533738909851 0.201594 0.812641 -0.546786 -0.561467 -0.951538 0.294851 0.087391 -0.188599 0.232238 0.50267 0.832699 0.390469 0.316241 -0.38488 0.867098 0.400864 -0.930001 -0.306251 0.203246 -0.504429 0.187325 -0.870677 -0.454788 0.485926 
1533738910583 0.197194 0.810505 -0.55154 -0.56937 -0.952418 0.29175 0.0882135 -0.18989 0.232409 0.507902 0.829471 0.3914 0.316241 -0.38488 0.867098 0.400864 -0.930001 -0.306251 0.203246 -0.504429 0.187325 -0.870677 -0.454788 0.485926 
1533738911114 0.192792 0.808327 -0.556273 -0.577271 -0.953284 0.28865 0.089054 -0.191179 0.232553 0.513117 0.826214 0.392331 0.316241 -0.38488 0.867098 0.400864 -0.930001 -0.306251 0.203246 -0.504429 0.187325 -0.870677 -0.454788 0.485926 
1533738911656 0.188386 0.806107 -0.560983 -0.58517 -0.954136 0.285552 0.0899124 -0.192468 0.232669 0.518316 0.82293 0.393263 0.316241 -0.38488 0.867098 0.400864 -0.930001 -0.306251 0.203246 -0.504429 0.187325 -0.870677 -0.454788 0.485926 
1533738912190 0.184233 0.803594 -0.565945 -0.592164 -0.954948 0.282648 0.0904697 -0.192962 0.232664 0.523781 0.819464 0.394636 0.316531 -0.385118 0.866887 0.401814 -0.929976 -0.306103 0.20358 -0.50615 0.186955 -0.870623 -0.455042 0.486735 
1533738912702 0.184862 0.803597 -0.565736 -0.591781 -0.95482 0.283162 0.0902162 -0.192992 0.232692 0.523499 0.819636 0.394349 0.316531 -0.385118 0.866887 0.401814 -0.929976 -0.306103 0.20358 -0.50615 0.186955 -0.870623 -0.455042 0.486735 
1533738912713 0.184333 0.803396 -0.566195 -0.592707 -0.954918 0.282783 0.0903639 -0.193204 0.232708 0.524012 0.819303 0.394423 0.316221 -0.384863 0.867113 0.400797 -0.930002 -0.306262 0.203223 -0.504308 0.187351 -0.87068 -0.45477 0.485869 
1533738912900 0.183803 0.803194 -0.566653 -0.593633 -0.955016 0.282403 0.0905129 -0.193416 0.232724 0.524526 0.81897 0.394497 0.316221 -0.384863 0.867113 0.400797 -0.930002 -0.306262 0.203223 -0.504308 0.187351 -0.87068 -0.45477 0.485869 
1533738913096 0.183273 0.802992 -0.567111 -0.594558 -0.955114 0.282023 0.090662 -0.193629 0.232739 0.52504 0.818637 0.39457 0.316221 -0.384863 0.867113 0.400797 -0.930002 -0.306262 0.203223 -0.504308 0.187351 -0.87068 -0.45477 0.485869 
1533738913287 0.182742 0.80279 -0.567568 -0.595485 -0.955212 0.281643 0.0908119 -0.193842 0.232754 0.525553 0.818303 0.394643 0.31622 -0.384863 0.867113 0.400797 -0.930002 -0.306262 0.203222 -0.504307 0.187351 -0.87068 -0.45477 0.485868 
1533738913485 0.182212 0.802588 -0.568025 -0.596413 -0.95531 0.281262 0.0909622 -0.194056 0.232769 0.526065 0.817969 0.394716 0.316221 -0.384863 0.867113 0.400796 -0.930002 -0.306262 0.203223 -0.504306 0.187351 -0.87068 -0.45477 0.485868 
1533738913678 0.181681 0.802384 -0.568482 -0.597339 -0.955408 0.280882 0.0911122 -0.194269 0.232783 0.526578 0.817635 0.394789 0.316221 -0.384863 0.867113 0.400796 -0.930002 -0.306262 0.203223 -0.504306 0.187351 -0.87068 -0.45477 0.485868 
1533738913885 0.181151 0.802181 -0.568938 -0.598267 -0.955505 0.280502 0.091263 -0.194483 0.232798 0.52709 0.817301 0.394862 0.31622 -0.384863 0.867113 0.400796 -0.930002 -0.306262 0.203222 -0.504306 0.187351 -0.87068 -0.454769 0.485868 
1533738913891 0.18062 0.801977 -0.569394 -0.599193 -0.955602 0.280122 0.0914136 -0.194696 0.232811 0.527603 0.816966 0.394935 0.31622 -0.384863 0.867113 0.400796 -0.930002 -0.306262 0.203222 -0.504306 0.187351 -0.87068 -0.454769 0.485868 
1533738914167 0.18009 0.801772 -0.56985 -0.60012 -0.955699 0.279742 0.0915644 -0.194909 0.232825 0.528115 0.816631 0.395009 0.31622 -0.384863 0.867113 0.400796 -0.930002 -0.306262 0.203222 -0.504306 0.187351 -0.87068 -0.454769 0.485868 
1533738914370 0.180321 0.801824 -0.569704 -0.599815 -0.955668 0.279887 0.0914389 -0.194883 0.232771 0.527959 0.816748 0.394959 0.31622 -0.384863 0.867113 0.400796 -0.930002 -0.306262 0.203222 -0.504306 0.187351 -0.87068 -0.454769 0.485868 
1533738914383 0.181129 0.801867 -0.569387 -0.599942 -0.955562 0.280415 0.0909314 -0.194897 0.232579 0.527614 0.817025 0.394815 0.31622 -0.384863 0.867113 0.400795 -0.930002 -0.306262 0.203222 -0.504304 0.187351 -0.87068 -0.454769 0.485867 
1533738914400 0.181937 0.801909 -0.56907 -0.600073 -0.955455 0.280943 0.0904246 -0.194913 0.232388 0.527269 0.817302 0.394671 0.31622 -0.384863 0.867113 0.400795 -0.930002 -0.306262 0.203222 -0.504304 0.187351 -0.87068 -0.454769 0.485867 
1533738914534 0.182745 0.801951 -0.568752 -0.600204 -0.955348 0.281471 0.0899182 -0.194928 0.232197 0.526923 0.81758 0.394527 0.31622 -0.384863 0.867113 0.400795 -0.930002 -0.306262 0.203222 -0.504304 0.187351 -0.87068 -0.454769 0.485867 
1533738914560 0.183552 0.801993 -0.568433 -0.600333 -0.955239 0.281999 0.0894118 -0.194943 0.232005 0.526578 0.817856 0.394383 0.31622 -0.384863 0.867113 0.400795 -0.930002 -0.306262 0.203222 -0.504304 0.187351 -0.87068 -0.454769 0.485867 
1533738914666 0.184359 0.802034 -0.568114 -0.600465 -0.955131 0.282527 0.088906 -0.19496 0.231813 0.526233 0.818133 0.394239 0.31622 -0.384863 0.867113 0.400795 -0.930002 -0.306262 0.203222 -0.504304 0.187351 -0.87068 -0.454769 0.485867 
1533738914673 0.185166 0.802074 -0.567795 -0.600595 -0.955021 0.283055 0.0884001 -0.194975 0.231621 0.525887 0.81841 0.394095 0.31622 -0.384863 0.867113 0.400795 -0.930002 -0.306262 0.203222 -0.504304 0.187351 -0.87068 -0.454769 0.485867 
1533738914800 0.185973 0.802114 -0.567475 -0.600727 -0.954911 0.283583 0.0878949 -0.194991 0.231428 0.525542 0.818686 0.39395 0.31622 -0.384863 0.867113 0.400795 -0.930002 -0.306262 0.203222 -0.504304 0.187351 -0.87068 -0.454769 0.485867 
1533738914841 0.18678 0.802153 -0.567154 -0.600857 -0.9548 0.284111 0.0873894 -0.195007 0.231235 0.525197 0.818962 0.393806 0.31622 -0.384863 0.867113 0.400795 -0.930002 -0.306262 0.203222 -0.504304 0.187351 -0.87068 -0.454769 0.485867 
1533738914931 0.187586 0.802192 -0.566833 -0.600989 -0.954689 0.284639 0.0868847 -0.195023 0.231041 0.524851 0.819238 0.393661 0.31622 -0.384863 0.867113 0.400795 -0.930002 -0.306262 0.203222 -0.504304 0.187351 -0.87068 -0.454769 0.485867 
1533738914983 0.186516 0.80208 -0.567344 -0.600772 -0.954854 0.28391 0.0874647 -0.195113 0.231228 0.525417 0.818823 0.393874 0.31622 -0.384863 0.867113 0.400795 -0.930002 -0.306262 0.203222 -0.504304 0.187351 -0.87068 -0.454769 0.485867 
1533738914997 0.187015 0.802235 -0.566961 -0.600813 -0.954756 0.284283 0.0873222 -0.19512 0.23123 0.524978 0.819103 0.393778 0.31622 -0.384863 0.867113 0.400795 -0.930002 -0.306262 0.203222 -0.504304 0.187351 -0.87068 -0.454769 0.485867 
1533738915013 0.187511 0.802391 -0.566576 -0.600859 -0.954658 0.284654 0.0871813 -0.195132 0.231232 0.524539 0.819385 0.39368 0.31622 -0.384863 0.867113 0.400795 -0.930002 -0.306262 0.203222 -0.504304 0.187351 -0.87068 -0.454769 0.485867 
1533738915030 0.188008 0.802547 -0.566191 -0.600907 -0.95456 0.285026 0.087041 -0.195144 0.231233 0.524098 0.819666 0.393581 0.31622 -0.384863 0.867113 0.400795 -0.930002 -0.306262 0.203222 -0.504304 0.187351 -0.87068 -0.454769 0.485867 
1533738915098 0.188504 0.802702 -0.565805 -0.600953 -0.954461 0.285397 0.0869006 -0.195156 0.231235 0.523658 0.819947 0.393482 0.31622 -0.384863 0.867113 0.400795 -0.930002 -0.306262 0.203222 -0.504304 0.187351 -0.87068 -0.454769 0.485867 
1533738915159 0.189001 0.802857 -0.56542 -0.600998 -0.954363 0.285769 0.08676 -0.195167 0.231235 0.523218 0.820227 0.393385 0.31622 -0.384863 0.867113 0.400795 -0.930002 -0.306262 0.203222 -0.504304 0.187351 -0.87068 -0.454769 0.485867 
1533738915221 0.189498 0.803011 -0.565034 -0.601045 -0.954264 0.286141 0.0866201 -0.195179 0.231236 0.522778 0.820508 0.393286 0.31622 -0.384863 0.867113 0.400795 -0.930002 -0.306262 0.203222 -0.504304 0.187351 -0.87068 -0.454769 0.485867 
1533738915264 0.189994 0.803165 -0.564649 -0.601091 -0.954166 0.286512 0.08648 -0.19519 0.231236 0.522337 0.820788 0.393188 0.31622 -0.384863 0.867113 0.400795 -0.930002 -0.306262 0.203222 -0.504304 0.187351 -0.87068 -0.454769 0.485867 
1533738915343 0.19049 0.803319 -0.564262 -0.601138 -0.954067 0.286884 0.0863406 -0.195202 0.231237 0.521897 0.821069 0.393089 0.31622 -0.384863 0.867113 0.400795 -0.930002 -0.306262 0.203222 -0.504304 0.187351 -0.87068 -0.454769 0.485867 
1533738915392 0.190987 0.803472 -0.563876 -0.601183 -0.953967 0.287256 0.0862008 -0.195213 0.231236 0.521456 0.821348 0.392991 0.31622 -0.384863 0.867113 0.400795 -0.930002 -0.306262 0.203222 -0.504304 0.187351 -0.87068 -0.454769 0.485867 
1533738915473 0.190281 0.803267 -0.564408 -0.601086 -0.954094 0.286757 0.086456 -0.195199 0.231295 0.522047 0.820956 0.393219 0.31622 -0.384863 0.867113 0.400795 -0.930002 -0.306262 0.203222 -0.504304 0.187351 -0.87068 -0.454769 0.485867 
1533738915486 0.190371 0.803441 -0.564128 -0.6011 -0.954062 0.286834 0.0865556 -0.195205 0.231354 0.521736 0.821138 0.393209 0.31622 -0.384863 0.867113 0.400795 -0.930002 -0.306262 0.203222 -0.504304 0.187351 -0.87068 -0.45477 0.485867 
1533738915503 0.190461 0.803617 -0.563848 -0.601117 -0.95403 0.286911 0.0866568 -0.195214 0.231413 0.521423 0.82132 0.393197 0.31622 -0.384863 0.867113 0.400795 -0.930002 -0.306262 0.203222 -0.504304 0.187351 -0.87068 -0.45477 0.485867 
1533738915520 0.190551 0.803793 -0.563567 -0.601134 -0.953997 0.286988 0.0867579 -0.195223 0.231472 0.52111 0.821502 0.393186 0.31622 -0.384863 0.867113 0.400795 -0.930002 -0.306262 0.203222 -0.504304 0.187351 -0.87068 -0.45477 0.485867 
1533738915536 0.19064 0.803968 -0.563286 -0.601152 -0.953965 0.287065 0.0868592 -0.195232 0.231532 0.520797 0.821684 0.393174 0.31622 -0.384863 0.867113 0.400795 -0.930002 -0.306262 0.203222 -0.504304 0.187351 -0.87068 -0.45477 0.485867 
1533738915635 0.19073 0.804144 -0.563005 -0.60117 -0.953933 0.287141 0.0869606 -0.195242 0.231591 0.520483 0.821865 0.393162 0.31622 -0.384863 0.867113 0.400795 -0.930002 -0.306262 0.203222 -0.504304 0.187351 -0.87068 -0.45477 0.485867 
1533738915702 0.19082 0.804319 -0.562725 -0.601187 -0.9539 0.287218 0.0870617 -0.19525 0.23165 0.52017 0.822047 0.39315 0.31622 -0.384863 0.867113 0.400795 -0.930002 -0.306262 0.203222 -0.504304 0.187351 -0.87068 -0.45477 0.485867 
1533738915727 0.190909 0.804494 -0.562444 -0.601205 -0.953868 0.287295 0.0871633 -0.19526 0.231709 0.519857 0.822229 0.393138 0.31622 -0.384863 0.867113 0.400795 -0.930002 -0.306262 0.203222 -0.504304 0.187351 -0.87068 -0.45477 0.485867 
1533738915751 0.190999 0.804669 -0.562163 -0.601222 -0.953836 0.287371 0.0872644 -0.195269 0.231768 0.519543 0.82241 0.393126 0.31622 -0.384863 0.867113 0.400795 -0.930002 -0.306262 0.203222 -0.504304 0.187351 -0.87068 -0.45477 0.485867 
1533738915811 0.191089 0.804844 -0.561881 -0.601241 -0.953803 0.287448 0.0873661 -0.195279 0.231828 0.51923 0.822591 0.393114 0.31622 -0.384863 0.867113 0.400795 -0.930002 -0.306262 0.203222 -0.504304 0.187351 -0.87068 -0.45477 0.485867 
1533738915865 0.190983 0.80444 -0.562497 -0.601152 -0.953841 0.287389 0.0871467 -0.195296 0.23176 0.519889 0.822194 0.393215 0.31622 -0.384863 0.867113 0.400795 -0.930002 -0.306262 0.203222 -0.504304 0.187351 -0.87068 -0.45477 0.485867 
1533738915877 0.191147 0.804423 -0.562464 -0.601158 -0.95385 0.28743 0.0869206 -0.195292 0.23159 0.519891 0.82224 0.393239 0.31622 -0.384863 0.867113 0.400795 -0.930002 -0.306262 0.203222 -0.504304 0.187351 -0.87068 -0.45477 0.485867 
1533738915896 0.191313 0.804405 -0.562433 -0.601161 -0.953858 0.287472 0.0866925 -0.195284 0.23142 0.519896 0.822285 0.393266 0.31622 -0.384863 0.867113 0.400795 -0.930002 -0.306262 0.203222 -0.504304 0.187351 -0.87068 -0.45477 0.485867 
1533738915911 0.191479 0.804387 -0.562403 -0.601163 -0.953866 0.287514 0.0864645 -0.195277 0.23125 0.519901 0.82233 0.393292 0.31622 -0.384863 0.867113 0.400795 -0.930002 -0.306262 0.203222 -0.504304 0.187351 -0.87068 -0.45477 0.485867 
1533738916023 0.191644 0.804369 -0.562372 -0.601166 -0.953874 0.287556 0.0862363 -0.195268 0.23108 0.519905 0.822375 0.393319 0.31622 -0.384863 0.867113 0.400795 -0.930002 -0.306262 0.203222 -0.504304 0.187351 -0.87068 -0.45477 0.485867 
1533738916043 0.19181 0.804351 -0.562342 -0.601168 -0.953881 0.287598 0.086008 -0.19526 0.230909 0.51991 0.82242 0.393346 0.31622 -0.384863 0.867113 0.400795 -0.930002 -0.306262 0.203222 -0.504304 0.187351 -0.87068 -0.45477 0.485867 
1533738916056 0.191976 0.804333 -0.562312 -0.601169 -0.953889 0.287641 0.0857797 -0.195252 0.230739 0.519915 0.822464 0.393373 0.31622 -0.384863 0.867113 0.400795 -0.930002 -0.306262 0.203222 -0.504304 0.187351 -0.87068 -0.45477 0.485867 
1533738916083 0.192142 0.804315 -0.562281 -0.601172 -0.953897 0.287683 0.0855518 -0.195244 0.230569 0.51992 0.822509 0.393399 0.31622 -0.384863 0.867113 0.400795 -0.930002 -0.306262 0.203222 -0.504304 0.187351 -0.87068 -0.45477 0.485867 
1533738916141 0.192307 0.804297 -0.56225 -0.601175 -0.953905 0.287725 0.0853239 -0.195237 0.230399 0.519925 0.822554 0.393425 0.31622 -0.384863 0.867113 0.400795 -0.930002 -0.306262 0.203222 -0.504304 0.187351 -0.87068 -0.45477 0.485867 
1533738916171 0.192473 0.804278 -0.56222 -0.601177 -0.953912 0.287767 0.0850954 -0.195228 0.230229 0.51993 0.822598 0.393452 0.31622 -0.384863 0.867113 0.400795 -0.930002 -0.306262 0.203222 -0.504304 0.187351 -0.87068 -0.45477 0.485867 
1533738916197 0.192015 0.804303 -0.562341 -0.601162 -0.953828 0.287797 0.0859384 -0.195281 0.230961 0.519875 0.822428 0.393384 0.31622 -0.384863 0.867113 0.400795 -0.930002 -0.306262 0.203222 -0.504304 0.187351 -0.87068 -0.45477 0.485867 
1533738916210 0.192205 0.804407 -0.562127 -0.601165 -0.953849 0.287799 0.0856987 -0.195268 0.230717 0.519713 0.822599 0.393366 0.31622 -0.384863 0.867113 0.400795 -0.930002 -0.306262 0.203222 -0.504304 0.187351 -0.87068 -0.45477 0.485867 
1533738916227 0.192395 0.804511 -0.561913 -0.601171 -0.95387 0.287801 0.0854579 -0.195253 0.230471 0.51955 0.82277 0.393348 0.31622 -0.384863 0.867113 0.400795 -0.930002 -0.306262 0.203222 -0.504304 0.187351 -0.87068 -0.45477 0.485867 
1533738916243 0.192584 0.804616 -0.561698 -0.601177 -0.953891 0.287803 0.0852169 -0.195237 0.230225 0.519387 0.822942 0.393329 0.31622 -0.384863 0.867113 0.400795 -0.930002 -0.306262 0.203222 -0.504304 0.187351 -0.87068 -0.45477 0.485867 
1533738916260 0.192774 0.80472 -0.561484 -0.601183 -0.953912 0.287804 0.0849763 -0.195222 0.22998 0.519225 0.823113 0.393311 0.31622 -0.384863 0.867113 0.400795 -0.930002 -0.306262 0.203222 -0.504304 0.187351 -0.87068 -0.45477 0.485867 
1533738916348 0.192963 0.804824 -0.561269 -0.60119 -0.953933 0.287806 0.0847357 -0.195207 0.229734 0.519062 0.823284 0.393292 0.31622 -0.384863 0.867113 0.400795 -0.930002 -0.306262 0.203222 -0.504304 0.187351 -0.87068 -0.45477 0.485867 
1533738916365 0.193152 0.804929 -0.561054 -0.601195 -0.953953 0.287808 0.0844951 -0.195192 0.229488 0.518899 0.823455 0.393274 0.31622 -0.384863 0.867113 0.400795 -0.930002 -0.306262 0.203222 -0.504304 0.187351 -0.87068 -0.45477 0.485867 
1533738916381 0.193342 0.805033 -0.560839 -0.601201 -0.953974 0.28781 0.0842539 -0.195177 0.229242 0.518736 0.823627 0.393256 0.31622 -0.384863 0.867113 0.400795 -0.930002 -0.306262 0.203222 -0.504304 0.187351 -0.87068 -0.45477 0.485867 
1533738916397 0.193532 0.805137 -0.560624 -0.601206 -0.953995 0.287812 0.0840132 -0.195163 0.228996 0.518573 0.823798 0.393238 0.31622 -0.384863 0.867113 0.400795 -0.930002 -0.306262 0.203222 -0.504304 0.187351 -0.87068 -0.45477 0.485867 
1533738916458 0.193721 0.805242 -0.560409 -0.601212 -0.954015 0.287814 0.0837725 -0.195148 0.22875 0.51841 0.823968 0.393219 0.31622 -0.384863 0.867113 0.400795 -0.930002 -0.306262 0.203222 -0.504304 0.187351 -0.87068 -0.45477 0.485867 
1533738916489 0.192993 0.804895 -0.561158 -0.601185 -0.953963 0.287738 0.0846297 -0.195228 0.229584 0.518991 0.823371 0.393268 0.31622 -0.384863 0.867113 0.400795 -0.930002 -0.306262 0.203222 -0.504304 0.187351 -0.87068 -0.45477 0.485867 
1533738916506 0.192926 0.804836 -0.561266 -0.601188 -0.953967 0.287715 0.0846637 -0.195238 0.229625 0.519095 0.823294 0.393289 0.31622 -0.384863 0.867113 0.400795 -0.930002 -0.306262 0.203222 -0.504304 0.187351 -0.87068 -0.45477 0.485867 
1533738916522 0.19286 0.804775 -0.561375 -0.601188 -0.95397 0.287694 0.0846958 -0.195245 0.229665 0.519201 0.823216 0.393314 0.31622 -0.384863 0.867113 0.400795 -0.930002 -0.306262 0.203222 -0.504304 0.187351 -0.87068 -0.45477 0.485867 
1533738916539 0.192794 0.804715 -0.561484 -0.601188 -0.953974 0.287672 0.0847278 -0.195251 0.229705 0.519306 0.823138 0.393338 0.31622 -0.384863 0.867113 0.400795 -0.930002 -0.306262 0.203222 -0.504304 0.187351 -0.87068 -0.45477 0.485867 
1533738916654 0.192729 0.804654 -0.561594 -0.601187 -0.953977 0.287651 0.0847597 -0.195258 0.229745 0.519412 0.82306 0.393362 0.31622 -0.384863 0.867113 0.400795 -0.930002 -0.306262 0.203222 -0.504304 0.187351 -0.87068 -0.45477 0.485867 
1533738916670 0.192664 0.804593 -0.561703 -0.601186 -0.953981 0.28763 0.0847915 -0.195264 0.229785 0.519518 0.822982 0.393387 0.31622 -0.384863 0.867113 0.400795 -0.930002 -0.306262 0.203222 -0.504304 0.187351 -0.87068 -0.45477 0.485867 
1533738916687 0.192598 0.804532 -0.561813 -0.601185 -0.953984 0.287609 0.0848232 -0.195269 0.229825 0.519624 0.822904 0.393411 0.31622 -0.384863 0.867113 0.400795 -0.930002 -0.306262 0.203222 -0.504304 0.187351 -0.87068 -0.45477 0.485867 
1533738916694 0.192533 0.804472 -0.561922 -0.601184 -0.953988 0.287587 0.0848553 -0.195276 0.229865 0.519729 0.822827 0.393435 0.31622 -0.384863 0.867113 0.400795 -0.930002 -0.306262 0.203222 -0.504304 0.187351 -0.87068 -0.45477 0.485867 
1533738916707 0.192467 0.804412 -0.562031 -0.601184 -0.953992 0.287566 0.0848875 -0.195283 0.229905 0.519834 0.822749 0.393459 0.31622 -0.384863 0.867113 0.400795 -0.930002 -0.306262 0.203222 -0.504304 0.187351 -0.87068 -0.45477 0.485867 
1533738916724 0.192402 0.804351 -0.56214 -0.601183 -0.953995 0.287545 0.0849191 -0.195289 0.229945 0.51994 0.822671 0.393484 0.31622 -0.384863 0.867113 0.400795 -0.930002 -0.306262 0.203222 -0.504304 0.187351 -0.87068 -0.45477 0.485867 
1533738916752 0.19286 0.80469 -0.561497 -0.601173 -0.953945 0.287763 0.084741 -0.195318 0.229768 0.519294 0.823128 0.393371 0.31622 -0.384863 0.867113 0.400795 -0.930002 -0.306262 0.203222 -0.504304 0.187351 -0.87068 -0.45477 0.485867 
1533738916764 0.192765 0.804735 -0.561465 -0.601175 -0.953965 0.28768 0.0848051 -0.195326 0.229768 0.519271 0.823143 0.393374 0.31622 -0.384863 0.867113 0.400795 -0.930002 -0.306262 0.203222 -0.504304 0.187351 -0.87068 -0.45477 0.485867 
1533738916781 0.192668 0.804781 -0.561433 -0.60118 -0.953984 0.287596 0.0848703 -0.195338 0.229768 0.519246 0.823159 0.393374 0.31622 -0.384863 0.867113 0.400795 -0.930002 -0.306262 0.203222 -0.504304 0.187351 -0.87068 -0.45477 0.485867 
1533738916787 0.192572 0.804827 -0.5614 -0.601185 -0.954004 0.287512 0.0849355 -0.19535 0.229767 0.519221 0.823174 0.393374 0.31622 -0.384863 0.867113 0.400795 -0.930002 -0.306262 0.203222 -0.504304 0.187351 -0.87068 -0.45477 0.485867 
1533738916801 0.192475 0.804873 -0.561367 -0.60119 -0.954023 0.287428 0.0850008 -0.195363 0.229767 0.519197 0.82319 0.393374 0.31622 -0.384863 0.867113 0.400795 -0.930002 -0.306262 0.203222 -0.504304 0.187351 -0.87068 -0.45477 0.485867 
1533738916817 0.192379 0.804919 -0.561334 -0.601196 -0.954043 0.287343 0.0850663 -0.195375 0.229767 0.519172 0.823206 0.393374 0.31622 -0.384863 0.867113 0.400795 -0.930002 -0.306262 0.203222 -0.504304 0.187351 -0.87068 -0.45477 0.485867 
1533738916906 0.192282 0.804965 -0.561301 -0.601202 -0.954062 0.287259 0.0851318 -0.195388 0.229767 0.519147 0.823221 0.393374 0.31622 -0.384863 0.867113 0.400795 -0.930002 -0.306262 0.203222 -0.504304 0.187351 -0.87068 -0.45477 0.485867 
1533738916923 0.192186 0.80501 -0.561269 -0.601207 -0.954082 0.287175 0.0851968 -0.1954 0.229767 0.519123 0.823237 0.393374 0.31622 -0.384863 0.867113 0.400795 -0.930002 -0.306262 0.203222 -0.504304 0.187351 -0.87068 -0.45477 0.485867 
1533738916940 0.192089 0.805056 -0.561236 -0.601212 -0.954101 0.287091 0.0852618 -0.195412 0.229767 0.519098 0.823252 0.393374 0.31622 -0.384863 0.867113 0.400795 -0.930002 -0.306262 0.203222 -0.504304 0.187351 -0.87068 -0.45477 0.485867 
1533738916956 0.191993 0.805102 -0.561203 -0.601218 -0.954121 0.287007 0.0853274 -0.195425 0.229767 0.519073 0.823268 0.393374 0.31622 -0.384863 0.867113 0.400795 -0.930002 -0.306262 0.203222 -0.504304 0.187351 -0.87068 -0.45477 0.485867 
1533738916981 0.192392 0.80495 -0.561285 -0.601185 -0.954081 0.287258 0.0849311 -0.195359 0.229599 0.519171 0.823253 0.393412 0.31622 -0.384863 0.867113 0.400795 -0.930002 -0.306262 0.203222 -0.504304 0.187351 -0.87068 -0.45477 0.485867 
1533738916993 0.192548 0.805109 -0.561003 -0.601193 -0.954156 0.287117 0.0845624 -0.195335 0.229156 0.519002 0.823483 0.393375 0.31622 -0.384863 0.867113 0.400795 -0.930002 -0.306262 0.203222 -0.504304 0.187351 -0.87068 -0.45477 0.485867 
1533738917009 0.192705 0.805268 -0.560722 -0.601204 -0.95423 0.286977 0.084193 -0.195312 0.228712 0.518833 0.823713 0.393336 0.31622 -0.384863 0.867113 0.400795 -0.930002 -0.306262 0.203222 -0.504304 0.187351 -0.87068 -0.45477 0.485867 
1533738917026 0.192861 0.805426 -0.56044 -0.601215 -0.954305 0.286837 0.0838237 -0.195288 0.228269 0.518664 0.823942 0.393298 0.31622 -0.384863 0.867113 0.400795 -0.930002 -0.306262 0.203222 -0.504304 0.187351 -0.87068 -0.45477 0.485867 
1533738917133 0.193017 0.805585 -0.560158 -0.601228 -0.954379 0.286697 0.0834545 -0.195265 0.227825 0.518495 0.824171 0.393259 0.31622 -0.384863 0.867113 0.400795 -0.930002 -0.306262 0.203222 -0.504304 0.187351 -0.87068 -0.45477 0.485867 
1533738917153 0.193173 0.805744 -0.559876 -0.601238 -0.954454 0.286558 0.083085 -0.195242 0.227382 0.518326 0.8244 0.393221 0.31622 -0.384863 0.867113 0.400795 -0.930002 -0.306262 0.203222 -0.504304 0.187351 -0.87068 -0.45477 0.485867 
1533738917193 0.193329 0.805903 -0.559594 -0.601251 -0.954528 0.286418 0.0827158 -0.195219 0.226938 0.518156 0.824629 0.393183 0.31622 -0.384863 0.867113 0.400795 -0.930002 -0.306262 0.203222 -0.504304 0.187351 -0.87068 -0.45477 0.485867 
1533738917249 0.193484 0.806061 -0.559311 -0.601262 -0.954601 0.286278 0.0823463 -0.195196 0.226495 0.517987 0.824857 0.393144 0.31622 -0.384863 0.867113 0.400795 -0.930002 -0.306262 0.203222 -0.504304 0.187351 -0.87068 -0.45477 0.485867 
1533738917286 0.19364 0.80622 -0.559029 -0.601275 -0.954675 0.286139 0.0819771 -0.195174 0.226051 0.517817 0.825086 0.393106 0.31622 -0.384863 0.867113 0.400795 -0.930002 -0.306262 0.203222 -0.504304 0.187351 -0.87068 -0.45477 0.485867 
1533738917326 0.193795 0.806378 -0.558746 -0.601286 -0.954749 0.285999 0.0816074 -0.19515 0.225607 0.517647 0.825314 0.393067 0.31622 -0.384863 0.867113 0.400795 -0.930002 -0.306262 0.203222 -0.504304 0.187351 -0.87068 -0.45477 0.485867 
1533738917371 0.193324 0.80599 -0.559469 -0.601234 -0.954585 0.286271 0.0825565 -0.195213 0.2267 0.518101 0.824729 0.393167 0.31622 -0.384863 0.867113 0.400795 -0.930002 -0.306262 0.203222 -0.504304 0.187351 -0.87068 -0.45477 0.485867 
1533738917383 0.193183 0.805924 -0.559614 -0.601231 -0.954542 0.286332 0.0828441 -0.195219 0.227001 0.518171 0.824602 0.393178 0.31622 -0.384863 0.867113 0.400795 -0.930002 -0.306262 0.203222 -0.504304 0.187351 -0.87068 -0.45477 0.485867 
1533738917400 0.193041 0.805858 -0.559758 -0.601227 -0.954499 0.286392 0.0831325 -0.195227 0.227303 0.51824 0.824476 0.393187 0.31622 -0.384863 0.867113 0.400795 -0.930002 -0.306262 0.203222 -0.504304 0.187351 -0.87068 -0.45477 0.485867 
1533738917416 0.192899 0.805792 -0.559901 -0.601224 -0.954456 0.286453 0.0834213 -0.195237 0.227606 0.518309 0.824349 0.393196 0.31622 -0.384863 0.867113 0.400795 -0.930002 -0.306262 0.203222 -0.504304 0.187351 -0.87068 -0.45477 0.485867 
1533738917538 0.192757 0.805726 -0.560045 -0.601222 -0.954412 0.286513 0.0837102 -0.195246 0.227908 0.518378 0.824222 0.393205 0.31622 -0.384863 0.867113 0.400795 -0.930002 -0.306262 0.203222 -0.504304 0.187351 -0.87068 -0.45477 0.485867 
1533738917554 0.192615 0.80566 -0.560188 -0.601219 -0.954369 0.286573 0.0839992 -0.195256 0.22821 0.518447 0.824095 0.393213 0.31622 -0.384863 0.867113 0.400795 -0.930002 -0.306262 0.203222 -0.504304 0.187351 -0.87068 -0.45477 0.485867 
1533738917571 0.192473 0.805594 -0.560332 -0.601217 -0.954325 0.286634 0.0842876 -0.195265 0.228512 0.518516 0.823968 0.393222 0.31622 -0.384863 0.867113 0.400795 -0.930002 -0.306262 0.203222 -0.504304 0.187351 -0.87068 -0.45477 0.485867 
1533738917589 0.192331 0.805529 -0.560475 -0.601215 -0.954281 0.286694 0.0845767 -0.195275 0.228814 0.518584 0.823841 0.393231 0.31622 -0.384863 0.867113 0.400795 -0.930002 -0.306262 0.203222 -0.504304 0.187351 -0.87068 -0.45477 0.485867 
1533738917604 0.192189 0.805463 -0.560618 -0.601212 -0.954238 0.286755 0.0848651 -0.195284 0.229116 0.518653 0.823714 0.39324 0.31622 -0.384863 0.867113 0.400795 -0.930002 -0.306262 0.203222 -0.504304 0.187351 -0.87068 -0.45477 0.485867 
1533738917621 0.192046 0.805397 -0.560761 -0.60121 -0.954194 0.286815 0.0851542 -0.195294 0.229418 0.518721 0.823587 0.393248 0.31622 -0.384863 0.867113 0.400795 -0.930002 -0.306262 0.203222 -0.504304 0.187351 -0.87068 -0.45477 0.485867 
1533738917664 0.192759 0.805707 -0.560072 -0.601196 -0.954398 0.28655 0.0837516 -0.195278 0.227968 0.518388 0.824199 0.393208 0.31622 -0.384863 0.867113 0.400795 -0.930002 -0.306262 0.203222 -0.504304 0.187351 -0.87068 -0.45477 0.485867 
1533738917677 0.192699 0.805701 -0.560102 -0.601198 -0.954374 0.286584 0.083904 -0.195275 0.228118 0.518378 0.824164 0.3932 0.31622 -0.384863 0.867113 0.400795 -0.930002 -0.306262 0.203222 -0.504304 0.187351 -0.87068 -0.45477 0.485867 
1533738917684 0.192636 0.805696 -0.56013 -0.601203 -0.954351 0.286617 0.0840584 -0.195277 0.228268 0.518368 0.824129 0.39319 0.31622 -0.384863 0.867113 0.400795 -0.930002 -0.306262 0.203222 -0.504304 0.187351 -0.87068 -0.45477 0.485867 
1533738917698 0.192574 0.805691 -0.560159 -0.601207 -0.954327 0.28665 0.0842128 -0.195278 0.228419 0.518357 0.824094 0.393179 0.31622 -0.384863 0.867113 0.400795 -0.930002 -0.306262 0.203222 -0.504304 0.187351 -0.87068 -0.45477 0.485867 
1533738917714 0.192512 0.805686 -0.560187 -0.601213 -0.954304 0.286682 0.0843673 -0.195279 0.228569 0.518347 0.824059 0.393169 0.31622 -0.384863 0.867113 0.400795 -0.930002 -0.306262 0.203222 -0.504304 0.187351 -0.87068 -0.45477 0.485867 
1533738917732 0.192449 0.805681 -0.560215 -0.601218 -0.95428 0.286715 0.0845218 -0.195281 0.22872 0.518336 0.824023 0.393158 0.31622 -0.384863 0.867113 0.400795 -0.930002 -0.306262 0.203222 -0.504304 0.187351 -0.87068 -0.45477 0.485867 
1533738917747 0.192387 0.805676 -0.560244 -0.601223 -0.954257 0.286748 0.0846759 -0.195282 0.22887 0.518326 0.823988 0.393148 0.31622 -0.384863 0.867113 0.400795 -0.930002 -0.306262 0.203222 -0.504304 0.187351 -0.87068 -0.45477 0.485867 
1533738917764 0.192324 0.805671 -0.560272 -0.601228 -0.954233 0.28678 0.0848306 -0.195284 0.229021 0.518315 0.823953 0.393137 0.31622 -0.384863 0.867113 0.400795 -0.930002 -0.306262 0.203222 -0.504304 0.187351 -0.87068 -0.45477 0.485867 
1533738917781 0.192262 0.805666 -0.560301 -0.601233 -0.95421 0.286813 0.0849848 -0.195285 0.229171 0.518305 0.823918 0.393127 0.31622 -0.384863 0.867113 0.400795 -0.930002 -0.306262 0.203222 -0.504304 0.187351 -0.87068 -0.45477 0.485867 
1533738917797 0.1922 0.805662 -0.560329 -0.601239 -0.954186 0.286845 0.0851395 -0.195287 0.229322 0.518294 0.823883 0.393116 0.31622 -0.384863 0.867113 0.400795 -0.930002 -0.306262 0.203222 -0.504304 0.187351 -0.87068 -0.45477 0.485867 
1533738917818 0.192173 0.805608 -0.560415 -0.601192 -0.954248 0.286705 0.0849215 -0.195245 0.229087 0.518456 0.823846 0.393251 0.31622 -0.384863 0.867113 0.400795 -0.930002 -0.306262 0.203222 -0.504304 0.187351 -0.87068 -0.45477 0.485867 
1533738917831 0.192097 0.805542 -0.560537 -0.601197 -0.954224 0.286743 0.0850617 -0.195251 0.229251 0.518538 0.823749 0.393265 0.31622 -0.384863 0.867113 0.400795 -0.930002 -0.306262 0.203222 -0.504304 0.187351 -0.87068 -0.45477 0.485867 
1533738917847 0.19202 0.805474 -0.56066 -0.6012 -0.9542 0.286781 0.0852022 -0.195259 0.229415 0.518621 0.823651 0.393281 0.31622 -0.384863 0.867113 0.400795 -0.930002 -0.306262 0.203222 -0.504304 0.187351 -0.87068 -0.45477 0.485867 
1533738917864 0.191943 0.805407 -0.560783 -0.601202 -0.954176 0.286819 0.0853426 -0.195267 0.229579 0.518705 0.823553 0.393298 0.31622 -0.384863 0.867113 0.400795 -0.930002 -0.306262 0.203222 -0.504304 0.187351 -0.87068 -0.45477 0.485867 
1533738917881 0.191867 0.805339 -0.560906 -0.601205 -0.954152 0.286858 0.0854829 -0.195275 0.229743 0.518788 0.823454 0.393313 0.31622 -0.384863 0.867113 0.400795 -0.930002 -0.306262 0.203222 -0.504304 0.187351 -0.87068 -0.45477 0.485867 
1533738917927 0.19179 0.805272 -0.561029 -0.601208 -0.954127 0.286896 0.0856231 -0.195282 0.229907 0.518871 0.823356 0.393329 0.31622 -0.384863 0.867113 0.400795 -0.930002 -0.306262 0.203222 -0.504304 0.187351 -0.87068 -0.45477 0.485867 
1533738917944 0.191714 0.805204 -0.561152 -0.601209 -0.954103 0.286935 0.0857633 -0.19529 0.230071 0.518955 0.823257 0.393346 0.31622 -0.384863 0.867113 0.400795 -0.930002 -0.306262 0.203222 -0.504304 0.187351 -0.87068 -0.45477 0.485867 
1533738917960 0.191637 0.805137 -0.561275 -0.601212 -0.954079 0.286973 0.0859035 -0.195298 0.230235 0.519039 0.823159 0.393362 0.31622 -0.384863 0.867113 0.400795 -0.930002 -0.306262 0.203222 -0.504304 0.187351 -0.87068 -0.45477 0.485867 
1533738917977 0.191561 0.80507 -0.561398 -0.601215 -0.954055 0.287011 0.0860437 -0.195305 0.230399 0.519122 0.823061 0.393377 0.31622 -0.384863 0.867113 0.400795 -0.930002 -0.306262 0.203222 -0.504304 0.187351 -0.87068 -0.45477 0.485867 
1533738917994 0.191484 0.805002 -0.561521 -0.601216 -0.954031 0.28705 0.0861837 -0.195312 0.230563 0.519206 0.822962 0.393394 0.31622 -0.384863 0.867113 0.400795 -0.930002 -0.306262 0.203222 -0.504304 0.187351 -0.87068 -0.45477 0.485867 
1533738918023 0.191856 0.805241 -0.561051 -0.601235 -0.954171 0.286824 0.0853738 -0.195341 0.22967 0.518959 0.823367 0.393193 0.31622 -0.384863 0.867113 0.400795 -0.930002 -0.306262 0.203222 -0.504304 0.187351 -0.87068 -0.45477 0.485867 
1533738918034 0.19193 0.80518 -0.561114 -0.601244 -0.954186 0.286825 0.0852041 -0.195333 0.229546 0.519054 0.823342 0.39319 0.31622 -0.384863 0.867113 0.400795 -0.930002 -0.306262 0.203222 -0.504304 0.187351 -0.87068 -0.45477 0.485867 
1533738918050 0.192004 0.805117 -0.561178 -0.601251 -0.954201 0.286827 0.0850322 -0.195321 0.229422 0.519151 0.823315 0.393188 0.31622 -0.384863 0.867113 0.400795 -0.930002 -0.306262 0.203222 -0.504304 0.187351 -0.87068 -0.45477 0.485867 
1533738918067 0.192079 0.805054 -0.561243 -0.601257 -0.954216 0.286828 0.0848603 -0.195309 0.229297 0.519247 0.823289 0.393187 0.31622 -0.384863 0.867113 0.400795 -0.930002 -0.306262 0.203222 -0.504304 0.187351 -0.87068 -0.45477 0.485867 
1533738918084 0.192154 0.804991 -0.561307 -0.601263 -0.954231 0.28683 0.0846883 -0.195297 0.229173 0.519343 0.823263 0.393186 0.31622 -0.384863 0.867113 0.400795 -0.930002 -0.306262 0.203222 -0.504304 0.187351 -0.87068 -0.45477 0.485867 
1533738918100 0.192229 0.804928 -0.561372 -0.601269 -0.954246 0.286831 0.0845162 -0.195285 0.229049 0.51944 0.823237 0.393185 0.31622 -0.384863 0.867113 0.400795 -0.930002 -0.306262 0.203222 -0.504304 0.187351 -0.87068 -0.45477 0.485867 
1533738918168 0.192304 0.804866 -0.561436 -0.601275 -0.95426 0.286833 0.0843445 -0.195274 0.228924 0.519536 0.823211 0.393184 0.31622 -0.384863 0.867113 0.400795 -0.930002 -0.306262 0.203222 -0.504304 0.187351 -0.87068 -0.45477 0.485867 
1533738918185 0.192379 0.804803 -0.5615 -0.60128 -0.954275 0.286834 0.0841723 -0.195261 0.2288 0.519633 0.823184 0.393183 0.31622 -0.384863 0.867113 0.400795 -0.930002 -0.306262 0.203222 -0.504304 0.187351 -0.87068 -0.45477 0.485867 
1533738918190 0.192454 0.80474 -0.561565 -0.601287 -0.95429 0.286836 0.0840005 -0.195249 0.228675 0.519729 0.823158 0.393182 0.31622 -0.384863 0.867113 0.400795 -0.930002 -0.306262 0.203222 -0.504304 0.187351 -0.87068 -0.45477 0.485867 
1533738918213 0.192529 0.804677 -0.561629 -0.601292 -0.954305 0.286837 0.0838282 -0.195237 0.228551 0.519826 0.823132 0.393181 0.31622 -0.384863 0.867113 0.400795 -0.930002 -0.306262 0.203222 -0.504304 0.187351 -0.87068 -0.45477 0.485867 
1533738918252 0.192272 0.804914 -0.561378 -0.601253 -0.954243 0.286855 0.0844701 -0.195303 0.229025 0.519449 0.823237 0.393139 0.31622 -0.384863 0.867113 0.400795 -0.930002 -0.306262 0.203222 -0.504304 0.187351 -0.87068 -0.45477 0.485867 
1533738918265 0.192391 0.80488 -0.561385 -0.601257 -0.954207 0.286981 0.084442 -0.195303 0.229073 0.519432 0.823235 0.39315 0.31622 -0.384863 0.867113 0.400795 -0.930002 -0.306262 0.203222 -0.504304 0.187351 -0.87068 -0.45477 0.485867 
1533738918281 0.192512 0.804845 -0.561394 -0.601258 -0.954171 0.287108 0.0844126 -0.195298 0.22912 0.519416 0.823232 0.393165 0.31622 -0.384863 0.867113 0.400795 -0.930002 -0.306262 0.203222 -0.504304 0.187351 -0.87068 -0.45477 0.485867 
1533738918298 0.192633 0.80481 -0.561404 -0.601257 -0.954136 0.287236 0.0843827 -0.195292 0.229168 0.5194 0.823229 0.39318 0.31622 -0.384863 0.867113 0.400795 -0.930002 -0.306262 0.203222 -0.504304 0.187351 -0.87068 -0.45477 0.485867 
1533738918315 0.192753 0.804775 -0.561412 -0.601258 -0.9541 0.287363 0.0843538 -0.195288 0.229215 0.519384 0.823226 0.393193 0.31622 -0.384863 0.867113 0.400795 -0.930002 -0.306262 0.203222 -0.504304 0.187351 -0.87068 -0.45477 0.485867 
1533738918331 0.192874 0.804739 -0.561421 -0.601258 -0.954064 0.287491 0.0843242 -0.195283 0.229263 0.519368 0.823223 0.393208 0.31622 -0.384863 0.867113 0.400795 -0.930002 -0.306262 0.203222 -0.504304 0.187351 -0.87068 -0.45477 0.485867 
1533738918348 0.192995 0.804704 -0.561431 -0.601258 -0.954028 0.287619 0.0842946 -0.195277 0.22931 0.519352 0.823219 0.393222 0.31622 -0.384863 0.867113 0.400795 -0.930002 -0.306262 0.203222 -0.504304 0.187351 -0.87068 -0.45477 0.485867 
1533738918365 0.193115 0.804669 -0.56144 -0.601259 -0.953992 0.287746 0.0842654 -0.195273 0.229358 0.519336 0.823216 0.393236 0.31622 -0.384863 0.867113 0.400795 -0.930002 -0.306262 0.203222 -0.504304 0.187351 -0.87068 -0.45477 0.485867 
1533738918381 0.193236 0.804633 -0.561449 -0.601258 -0.953957 0.287874 0.0842357 -0.195267 0.229405 0.51932 0.823213 0.393251 0.31622 -0.384863 0.867113 0.400795 -0.930002 -0.306262 0.203222 -0.504304 0.187351 -0.87068 -0.45477 0.485867 
1533738918398 0.193357 0.804598 -0.561458 -0.601259 -0.953921 0.288001 0.0842065 -0.195263 0.229453 0.519304 0.82321 0.393265 0.31622 -0.384863 0.867113 0.400795 -0.930002 -0.306262 0.203222 -0.504304 0.187351 -0.87068 -0.45477 0.485867 
1533738918424 0.192681 0.804645 -0.561623 -0.601309 -0.954192 0.287149 0.0840404 -0.195296 0.228892 0.519703 0.823114 0.393159 0.31622 -0.384863 0.867113 0.400795 -0.930002 -0.306262 0.203222 -0.504304 0.187351 -0.87068 -0.45477 0.485867 
1533738918435 0.192715 0.804751 -0.56146 -0.601309 -0.954173 0.287189 0.0841244 -0.195294 0.228944 0.519517 0.823217 0.393126 0.31622 -0.384863 0.867113 0.400795 -0.930002 -0.306262 0.203222 -0.504304 0.187351 -0.87068 -0.45477 0.485867 
1533738918451 0.192748 0.804857 -0.561296 -0.601313 -0.954153 0.287229 0.0842105 -0.195295 0.228998 0.519331 0.82332 0.393092 0.31622 -0.384863 0.867113 0.400795 -0.930002 -0.306262 0.203222 -0.504304 0.187351 -0.87068 -0.45477 0.485867 
1533738918468 0.192781 0.804963 -0.561132 -0.601316 -0.954134 0.287268 0.0842965 -0.195296 0.229051 0.519144 0.823423 0.393057 0.31622 -0.384863 0.867113 0.400795 -0.930002 -0.306262 0.203222 -0.504304 0.187351 -0.87068 -0.45477 0.485867 
1533738918485 0.192814 0.80507 -0.560968 -0.60132 -0.954114 0.287308 0.0843826 -0.195297 0.229104 0.518958 0.823525 0.393022 0.31622 -0.384863 0.867113 0.400795 -0.930002 -0.306262 0.203222 -0.504304 0.187351 -0.87068 -0.45477 0.485867 
1533738918595 0.192847 0.805176 -0.560805 -0.601323 -0.954095 0.287347 0.0844684 -0.195298 0.229158 0.518771 0.823628 0.392988 0.31622 -0.384863 0.867113 0.400795 -0.930002 -0.306262 0.203222 -0.504304 0.187351 -0.87068 -0.45477 0.485867 
1533738918612 0.19288 0.805282 -0.560641 -0.601327 -0.954075 0.287386 0.0845548 -0.1953 0.229211 0.518585 0.823731 0.392953 0.31622 -0.384863 0.867113 0.400795 -0.930002 -0.306262 0.203222 -0.504304 0.187351 -0.87068 -0.45477 0.485867 
1533738918633 0.192913 0.805388 -0.560477 -0.601332 -0.954056 0.287426 0.0846412 -0.195302 0.229264 0.518398 0.823833 0.392918 0.31622 -0.384863 0.867113 0.400795 -0.930002 -0.306262 0.203222 -0.504304 0.187351 -0.87068 -0.45477 0.485867 
1533738918639 0.192946 0.805494 -0.560313 -0.601335 -0.954036 0.287465 0.0847272 -0.195302 0.229318 0.518211 0.823936 0.392884 0.31622 -0.384863 0.867113 0.400795 -0.930002 -0.306262 0.203222 -0.504304 0.187351 -0.87068 -0.45477 0.485867 
1533738918692 0.19298 0.8056 -0.560149 -0.601338 -0.954017 0.287505 0.0848131 -0.195303 0.229371 0.518025 0.824038 0.392849 0.31622 -0.384863 0.867113 0.400795 -0.930002 -0.306262 0.203222 -0.504304 0.187351 -0.87068 -0.45477 0.485867 
1533738918729 0.192906 0.805198 -0.560753 -0.601353 -0.954038 0.287492 0.0846155 -0.195299 0.229344 0.518657 0.823648 0.392991 0.31622 -0.384863 0.867113 0.400795 -0.930002 -0.306262 0.203222 -0.504304 0.187351 -0.87068 -0.45477 0.485867 
1533738918745 0.19295 0.80522 -0.560706 -0.601352 -0.954037 0.287506 0.0845785 -0.19529 0.22931 0.518614 0.823684 0.392993 0.31622 -0.384863 0.867113 0.400795 -0.930002 -0.306262 0.203222 -0.504304 0.187351 -0.87068 -0.45477 0.485867 
1533738918762 0.192996 0.805243 -0.560657 -0.601351 -0.954036 0.28752 0.0845409 -0.195278 0.229276 0.518571 0.823721 0.392994 0.31622 -0.384863 0.867113 0.400795 -0.930002 -0.306262 0.203222 -0.504304 0.187351 -0.87068 -0.45477 0.485867 
1533738918780 0.193041 0.805266 -0.560608 -0.601351 -0.954035 0.287534 0.084503 -0.195266 0.229241 0.518527 0.823758 0.392996 0.31622 -0.384863 0.867113 0.400795 -0.930002 -0.306262 0.203222 -0.504304 0.187351 -0.87068 -0.45477 0.485867 
1533738918795 0.193087 0.805289 -0.560559 -0.60135 -0.954035 0.287548 0.0844655 -0.195255 0.229207 0.518484 0.823795 0.392997 0.31622 -0.384863 0.867113 0.400795 -0.930002 -0.306262 0.203222 -0.504304 0.187351 -0.87068 -0.45477 0.485867 
1533738918812 0.193132 0.805312 -0.560511 -0.601349 -0.954034 0.287562 0.0844274 -0.195242 0.229172 0.518441 0.823832 0.393 0.31622 -0.384863 0.867113 0.400795 -0.930002 -0.306262 0.203222 -0.504304 0.187351 -0.87068 -0.45477 0.485867 
1533738918829 0.193178 0.805335 -0.560462 -0.601348 -0.954033 0.287576 0.0843899 -0.195231 0.229138 0.518397 0.823869 0.393001 0.31622 -0.384863 0.867113 0.400795 -0.930002 -0.306262 0.203222 -0.504304 0.187351 -0.87068 -0.45477 0.485867 
1533738918835 0.193223 0.805358 -0.560414 -0.601347 -0.954032 0.28759 0.0843517 -0.195218 0.229103 0.518354 0.823906 0.393004 0.31622 -0.384863 0.867113 0.400795 -0.930002 -0.306262 0.203222 -0.504304 0.187351 -0.87068 -0.45477 0.485867 
