1537284028229 0.275657 0.633204 -0.723233 -0.604483 -0.8825 0.464965 0.0707247 -0.181741 0.381061 0.618757 0.686973 0.426588 0.16008 -0.304787 0.938871 0.370831 -0.775623 0.549475 0.310623 -0.528794 -0.61056 -0.777934 -0.14844 0.432481 
1537284028249 -0.178264 0.803966 -0.567328 -0.607623 -0.974961 -0.0664192 0.212225 -0.258382 0.13294 0.590955 0.795675 0.412928 0.316225 -0.384867 0.86711 0.400813 -0.930002 -0.30626 0.203228 -0.504337 0.187345 -0.870679 -0.454774 0.485882 
1537284028269 -0.170468 0.756941 -0.630857 -0.617984 -0.974098 -0.032919 0.223719 -0.261642 0.148575 0.652653 0.742946 0.418594 0.316225 -0.384867 0.86711 0.400813 -0.930002 -0.30626 0.203228 -0.504337 0.187345 -0.870679 -0.454774 0.485882 
1537284028279 -0.16392 0.704694 -0.690316 -0.628345 -0.972623 0.00140102 0.232385 -0.264901 0.164728 0.70951 0.685172 0.42426 0.316225 -0.384867 0.86711 0.400813 -0.930002 -0.30626 0.203228 -0.504337 0.187345 -0.870679 -0.454774 0.485882 
1537284028289 -0.158667 0.647601 -0.745277 -0.638704 -0.970547 0.0362932 0.238163 -0.268159 0.181283 0.761115 0.622768 0.429926 0.316225 -0.384867 0.86711 0.400813 -0.930002 -0.30626 0.203228 -0.504337 0.187345 -0.870679 -0.454774 0.485882 
1537284028299 -0.154748 0.586071 -0.795345 -0.649062 -0.967885 0.0715064 0.241009 -0.271416 0.198121 0.807098 0.556184 0.435592 0.316225 -0.384867 0.86711 0.400813 -0.930002 -0.30626 0.203228 -0.504337 0.187345 -0.870679 -0.454774 0.485882 
1537284028309 -0.152189 0.520549 -0.840159 -0.659418 -0.964656 0.106787 0.240905 -0.274672 0.215121 0.847127 0.485899 0.441257 0.316225 -0.384867 0.86711 0.400813 -0.930002 -0.30626 0.203228 -0.504337 0.187345 -0.870679 -0.454774 0.485882 
1537284028319 -0.15101 0.451506 -0.879396 -0.669768 -0.960884 0.141882 0.237849 -0.277924 0.232161 0.880915 0.412419 0.446921 0.316225 -0.384867 0.86711 0.400813 -0.930002 -0.30626 0.203228 -0.504337 0.187345 -0.870679 -0.454774 0.485882 
1537284028329 -0.151217 0.37944 -0.912775 -0.680109 -0.956595 0.176539 0.231863 -0.281168 0.249119 0.908218 0.336275 0.452582 0.316225 -0.384867 0.86711 0.400813 -0.930002 -0.30626 0.203228 -0.504337 0.187345 -0.870679 -0.454774 0.485882 
1537284028339 -0.152284 0.305059 -0.940079 -0.688244 -0.951877 0.210699 0.222568 -0.28285 0.26597 0.928733 0.258293 0.457726 0.316379 -0.384993 0.866998 0.401317 -0.929989 -0.306181 0.203405 -0.505249 0.187149 -0.870651 -0.454908 0.48631 
1537284028380 0.275657 0.633204 -0.723233 -0.604483 -0.8825 0.464965 0.0707247 -0.181741 0.381061 0.618757 0.686973 0.426588 0.16008 -0.304787 0.938871 0.370831 -0.775623 0.549475 0.310623 -0.528794 -0.61056 -0.777934 -0.14844 0.432481 
1537284028400 -0.155772 0.228333 -0.961041 -0.700781 -0.946595 0.243544 0.211293 -0.287645 0.282301 0.94263 0.178201 0.463889 0.316223 -0.384865 0.867111 0.400804 -0.930002 -0.306261 0.203225 -0.504321 0.187348 -0.87068 -0.454772 0.485875 
1537284028420 -0.155772 0.228332 -0.961041 -0.700781 -0.946595 0.243543 0.211294 -0.287645 0.2823 0.94263 0.178201 0.463889 0.316223 -0.384865 0.867111 0.400804 -0.930002 -0.306261 0.203225 -0.504321 0.187348 -0.87068 -0.454772 0.485875 
1537284028430 -0.155773 0.228332 -0.961041 -0.700781 -0.946595 0.243543 0.211294 -0.287645 0.2823 0.94263 0.178201 0.463889 0.316223 -0.384865 0.867111 0.400804 -0.930002 -0.306261 0.203225 -0.504321 0.187348 -0.87068 -0.454772 0.485875 
1537284028440 -0.155773 0.228332 -0.961041 -0.700781 -0.946595 0.243543 0.211295 -0.287645 0.2823 0.94263 0.1782 0.463889 0.316223 -0.384865 0.867111 0.400804 -0.930002 -0.306261 0.203225 -0.504321 0.187348 -0.87068 -0.454772 0.485875 
1537284028450 -0.155774 0.228332 -0.961041 -0.700781 -0.946595 0.243542 0.211295 -0.287645 0.282299 0.94263 0.1782 0.463889 0.316223 -0.384865 0.867111 0.400804 -0.930002 -0.306261 0.203225 -0.504321 0.187348 -0.87068 -0.454772 0.485875 
1537284028460 -0.155774 0.228331 -0.961041 -0.700781 -0.946595 0.243542 0.211295 -0.287645 0.282299 0.94263 0.1782 0.463889 0.316223 -0.384865 0.867111 0.400804 -0.930002 -0.306261 0.203225 -0.504321 0.187348 -0.87068 -0.454772 0.485875 
1537284028470 -0.155775 0.228331 -0.961041 -0.700781 -0.946595 0.243542 0.211296 -0.287645 0.282299 0.942631 0.178199 0.463889 0.316223 -0.384865 0.867111 0.400804 -0.930002 -0.306261 0.203225 -0.504321 0.187348 -0.87068 -0.454772 0.485875 
1537284028480 -0.155776 0.228331 -0.961041 -0.700781 -0.946595 0.243541 0.211296 -0.287645 0.282298 0.942631 0.178199 0.463889 0.316223 -0.384865 0.867111 0.400804 -0.930002 -0.306261 0.203225 -0.504321 0.187348 -0.87068 -0.454772 0.485875 
1537284028490 -0.155122 0.228603 -0.961082 -0.698468 -0.946658 0.243749 0.210772 -0.285909 0.282446 0.942511 0.178598 0.463161 0.316334 -0.384956 0.867031 0.401168 -0.929993 -0.306204 0.203353 -0.504979 0.187206 -0.87066 -0.454869 0.486184 
1537284028531 0.275657 0.633204 -0.723233 -0.604483 -0.8825 0.464965 0.0707247 -0.181741 0.381061 0.618757 0.686973 0.426588 0.16008 -0.304787 0.938871 0.370831 -0.775623 0.549475 0.310623 -0.528794 -0.61056 -0.777934 -0.14844 0.432481 
1537284028551 -0.154992 0.228342 -0.961165 -0.700892 -0.946836 0.243306 0.210483 -0.28769 0.281919 0.942689 0.178492 0.463842 0.316223 -0.384865 0.867111 0.400804 -0.930002 -0.306261 0.203225 -0.504321 0.187348 -0.87068 -0.454772 0.485875 
1537284028571 -0.154207 0.228354 -0.961288 -0.701003 -0.947077 0.24307 0.209669 -0.287735 0.281539 0.942747 0.178785 0.463795 0.316223 -0.384865 0.867111 0.400804 -0.930002 -0.306261 0.203225 -0.504321 0.187348 -0.87068 -0.454772 0.485875 
1537284028594 -0.153423 0.228366 -0.961411 -0.701114 -0.947318 0.242835 0.208855 -0.28778 0.28116 0.942804 0.179078 0.463749 0.316223 -0.384865 0.867111 0.400804 -0.930002 -0.306261 0.203225 -0.504321 0.187348 -0.87068 -0.454772 0.485875 
1537284028614 -0.152638 0.228378 -0.961533 -0.701225 -0.947557 0.2426 0.20804 -0.287826 0.28078 0.942862 0.179371 0.463702 0.316223 -0.384865 0.867111 0.400804 -0.930002 -0.306261 0.203225 -0.504321 0.187348 -0.87068 -0.454772 0.485875 
1537284028624 -0.151853 0.22839 -0.961654 -0.701335 -0.947796 0.242365 0.207225 -0.287871 0.2804 0.942919 0.179663 0.463655 0.316223 -0.384865 0.867111 0.400804 -0.930002 -0.306261 0.203225 -0.504321 0.187348 -0.87068 -0.454772 0.485875 
1537284028634 -0.151068 0.228403 -0.961775 -0.701446 -0.948034 0.24213 0.20641 -0.287916 0.280019 0.942977 0.179956 0.463609 0.316223 -0.384865 0.867111 0.400804 -0.930002 -0.306261 0.203225 -0.504321 0.187348 -0.87068 -0.454772 0.485875 
1537284028644 -0.150282 0.228416 -0.961895 -0.701557 -0.948271 0.241895 0.205595 -0.287961 0.279638 0.943034 0.180247 0.463562 0.316223 -0.384865 0.867111 0.400804 -0.930002 -0.306261 0.203225 -0.504321 0.187348 -0.87068 -0.454772 0.485875 
1537284028654 -0.149497 0.228428 -0.962014 -0.701668 -0.948507 0.241659 0.20478 -0.288006 0.279257 0.943091 0.180539 0.463515 0.316223 -0.384865 0.867111 0.400804 -0.930002 -0.306261 0.203225 -0.504321 0.187348 -0.87068 -0.454772 0.485875 
1537284028664 -0.148053 0.228714 -0.962169 -0.699457 -0.948803 0.241634 0.203434 -0.286306 0.279021 0.943028 0.18123 0.462742 0.316334 -0.384956 0.867031 0.401168 -0.929993 -0.306204 0.203353 -0.504979 0.187206 -0.87066 -0.454869 0.486184 
1537284028702 0.275657 0.633204 -0.723233 -0.604483 -0.8825 0.464965 0.0707247 -0.181741 0.381061 0.618757 0.686973 0.426588 0.16008 -0.304787 0.938871 0.370831 -0.775623 0.549475 0.310623 -0.528794 -0.61056 -0.777934 -0.14844 0.432481 
1537284028722 -0.14743 0.228706 -0.962267 -0.701841 -0.949017 0.241357 0.202764 -0.288134 0.278624 0.943101 0.181463 0.463405 0.316223 -0.384865 0.867111 0.400804 -0.930002 -0.306261 0.203225 -0.504321 0.187348 -0.87068 -0.454772 0.485875 
1537284028769 -0.146934 0.228957 -0.962283 -0.701792 -0.949056 0.241525 0.202381 -0.288171 0.278752 0.942997 0.181805 0.463389 0.316223 -0.384865 0.867111 0.400804 -0.930002 -0.306261 0.203225 -0.504321 0.187348 -0.87068 -0.454772 0.485875 
1537284028792 -0.146438 0.229208 -0.962299 -0.701743 -0.949095 0.241694 0.201997 -0.288208 0.278881 0.942893 0.182147 0.463373 0.316223 -0.384865 0.867111 0.400804 -0.930002 -0.306261 0.203225 -0.504321 0.187348 -0.87068 -0.454772 0.485875 
1537284028802 -0.145941 0.229459 -0.962315 -0.701694 -0.949134 0.241862 0.201613 -0.288246 0.27901 0.942789 0.18249 0.463356 0.316223 -0.384865 0.867111 0.400804 -0.930002 -0.306261 0.203225 -0.504321 0.187348 -0.87068 -0.454772 0.485875 
1537284028812 -0.145445 0.22971 -0.96233 -0.701645 -0.949172 0.242031 0.20123 -0.288283 0.279138 0.942685 0.182832 0.46334 0.316223 -0.384865 0.867111 0.400804 -0.930002 -0.306261 0.203225 -0.504321 0.187348 -0.87068 -0.454772 0.485875 
1537284028842 -0.144949 0.229961 -0.962345 -0.701596 -0.94921 0.2422 0.200846 -0.28832 0.279266 0.94258 0.183175 0.463323 0.316223 -0.384865 0.867111 0.400804 -0.930002 -0.306261 0.203225 -0.504321 0.187348 -0.87068 -0.454772 0.485875 
1537284028852 -0.144452 0.230211 -0.96236 -0.701547 -0.949248 0.242368 0.200462 -0.288358 0.279394 0.942476 0.183517 0.463307 0.316223 -0.384865 0.867111 0.400804 -0.930002 -0.306261 0.203225 -0.504321 0.187348 -0.87068 -0.454772 0.485875 
1537284028862 -0.143956 0.230462 -0.962374 -0.701498 -0.949286 0.242537 0.200079 -0.288395 0.279522 0.942371 0.18386 0.463291 0.316223 -0.384865 0.867111 0.400804 -0.930002 -0.306261 0.203225 -0.504321 0.187348 -0.87068 -0.454772 0.485875 
1537284028872 -0.142812 0.230976 -0.962421 -0.699167 -0.94938 0.242914 0.199175 -0.286714 0.27979 0.942148 0.184593 0.462566 0.316334 -0.384956 0.867031 0.401168 -0.929993 -0.306204 0.203353 -0.504979 0.187206 -0.87066 -0.454869 0.486184 
1537284028911 0.275657 0.633204 -0.723233 -0.604483 -0.8825 0.464965 0.0707247 -0.181741 0.381061 0.618757 0.686973 0.426588 0.16008 -0.304787 0.938871 0.370831 -0.775623 0.549475 0.310623 -0.528794 -0.61056 -0.777934 -0.14844 0.432481 
1537284028930 -0.142622 0.231085 -0.962423 -0.701369 -0.949318 0.243233 0.199082 -0.288396 0.280098 0.942039 0.184682 0.463448 0.316223 -0.384865 0.867111 0.400804 -0.930002 -0.306261 0.203225 -0.504321 0.187348 -0.87068 -0.454772 0.485875 
1537284028952 -0.142282 0.231207 -0.962444 -0.701338 -0.949274 0.24359 0.198852 -0.288322 0.280418 0.941917 0.18482 0.463639 0.316223 -0.384865 0.867111 0.400804 -0.930002 -0.306261 0.203225 -0.504321 0.187348 -0.87068 -0.454772 0.485875 
1537284028972 -0.141942 0.231328 -0.962465 -0.701307 -0.94923 0.243948 0.198623 -0.288248 0.280739 0.941794 0.184958 0.463829 0.316223 -0.384865 0.867111 0.400804 -0.930002 -0.306261 0.203225 -0.504321 0.187348 -0.87068 -0.454772 0.485875 
1537284028992 -0.141602 0.23145 -0.962486 -0.701276 -0.949186 0.244306 0.198393 -0.288174 0.281059 0.941672 0.185095 0.46402 0.316223 -0.384865 0.867111 0.400804 -0.930002 -0.306261 0.203225 -0.504321 0.187348 -0.87068 -0.454772 0.485875 
1537284029002 -0.141261 0.231572 -0.962507 -0.701244 -0.949142 0.244663 0.198164 -0.2881 0.281379 0.941549 0.185233 0.46421 0.316223 -0.384865 0.867111 0.400804 -0.930002 -0.306261 0.203225 -0.504321 0.187348 -0.87068 -0.454772 0.485875 
1537284029012 -0.140921 0.231693 -0.962528 -0.701213 -0.949098 0.245021 0.197934 -0.288027 0.281699 0.941426 0.185371 0.4644 0.316223 -0.384865 0.867111 0.400804 -0.930002 -0.306261 0.203225 -0.504321 0.187348 -0.87068 -0.454772 0.485875 
1537284029022 -0.140581 0.231815 -0.962548 -0.701182 -0.949053 0.245378 0.197705 -0.287953 0.282019 0.941303 0.185509 0.464591 0.316223 -0.384865 0.867111 0.400804 -0.930002 -0.306261 0.203225 -0.504321 0.187348 -0.87068 -0.454772 0.485875 
1537284029032 -0.14024 0.231936 -0.962569 -0.701151 -0.949009 0.245736 0.197476 -0.287879 0.282339 0.94118 0.185647 0.464781 0.316223 -0.384865 0.867111 0.400804 -0.930002 -0.306261 0.203225 -0.504321 0.187348 -0.87068 -0.454772 0.485875 
1537284029042 -0.139255 0.232317 -0.96262 -0.69886 -0.949017 0.2463 0.196729 -0.286101 0.282797 0.940938 0.186175 0.46426 0.316334 -0.384956 0.867031 0.401168 -0.929993 -0.306204 0.203353 -0.504979 0.187206 -0.87066 -0.454869 0.486184 
1537284029095 0.275657 0.633204 -0.723233 -0.604483 -0.8825 0.464965 0.0707247 -0.181741 0.381061 0.618757 0.686973 0.426588 0.16008 -0.304787 0.938871 0.370831 -0.775623 0.549475 0.310623 -0.528794 -0.61056 -0.777934 -0.14844 0.432481 
1537284029115 -0.13952 0.232192 -0.962611 -0.70104 -0.948911 0.246499 0.196992 -0.287651 0.283023 0.940917 0.185939 0.465474 0.316223 -0.384865 0.867111 0.400804 -0.930002 -0.306261 0.203225 -0.504321 0.187348 -0.87068 -0.454772 0.485875 
1537284029135 -0.139481 0.232207 -0.962614 -0.700992 -0.948904 0.246546 0.196968 -0.287571 0.283066 0.940901 0.185954 0.465786 0.316223 -0.384865 0.867111 0.400804 -0.930002 -0.306261 0.203225 -0.504321 0.187348 -0.87068 -0.454772 0.485875 
1537284029185 -0.139442 0.232222 -0.962616 -0.700944 -0.948897 0.246594 0.196943 -0.287491 0.283109 0.940885 0.185969 0.466098 0.316223 -0.384865 0.867111 0.400804 -0.930002 -0.306261 0.203225 -0.504321 0.187348 -0.87068 -0.454772 0.485875 
1537284029195 -0.139403 0.232236 -0.962618 -0.700896 -0.948889 0.246641 0.196919 -0.28741 0.283153 0.940869 0.185984 0.46641 0.316223 -0.384865 0.867111 0.400804 -0.930002 -0.306261 0.203225 -0.504321 0.187348 -0.87068 -0.454772 0.485875 
1537284029205 -0.139364 0.232251 -0.96262 -0.700848 -0.948882 0.246689 0.196894 -0.28733 0.283196 0.940853 0.185999 0.466721 0.316223 -0.384865 0.867111 0.400804 -0.930002 -0.306261 0.203225 -0.504321 0.187348 -0.87068 -0.454772 0.485875 
1537284029215 -0.139325 0.232265 -0.962622 -0.700799 -0.948875 0.246736 0.196869 -0.28725 0.28324 0.940837 0.186014 0.467033 0.316223 -0.384865 0.867111 0.400804 -0.930002 -0.306261 0.203225 -0.504321 0.187348 -0.87068 -0.454772 0.485875 
1537284029225 -0.139286 0.23228 -0.962624 -0.700751 -0.948868 0.246784 0.196845 -0.28717 0.283283 0.940821 0.186029 0.467345 0.316223 -0.384865 0.867111 0.400804 -0.930002 -0.306261 0.203225 -0.504321 0.187348 -0.87068 -0.454772 0.485875 
1537284029245 -0.139247 0.232295 -0.962626 -0.700703 -0.94886 0.246832 0.19682 -0.287089 0.283327 0.940805 0.186045 0.467657 0.316223 -0.384865 0.867111 0.400804 -0.930002 -0.306261 0.203225 -0.504321 0.187348 -0.87068 -0.454772 0.485875 
1537284029255 -0.138557 0.232574 -0.962658 -0.698396 -0.948907 0.247086 0.196273 -0.2853 0.283508 0.940669 0.186456 0.467238 0.316334 -0.384956 0.867031 0.401168 -0.929993 -0.306204 0.203353 -0.504979 0.187206 -0.87066 -0.454869 0.486184 
1537284029311 0.275657 0.633204 -0.723233 -0.604483 -0.8825 0.464965 0.0707247 -0.181741 0.381061 0.618757 0.686973 0.426588 0.16008 -0.304787 0.938871 0.370831 -0.775623 0.549475 0.310623 -0.528794 -0.61056 -0.777934 -0.14844 0.432481 
1537284029335 -0.139662 0.232476 -0.962522 -0.70044 -0.948675 0.247129 0.197341 -0.286702 0.283745 0.940682 0.18603 0.469009 0.316223 -0.384865 0.867111 0.400804 -0.930002 -0.306261 0.203225 -0.504321 0.187348 -0.87068 -0.454772 0.485875 
1537284029355 -0.140154 0.232628 -0.962414 -0.700274 -0.948503 0.247332 0.197912 -0.286475 0.284075 0.940591 0.185984 0.469737 0.316223 -0.384865 0.867111 0.400804 -0.930002 -0.306261 0.203225 -0.504321 0.187348 -0.87068 -0.454772 0.485875 
1537284029365 -0.140646 0.232781 -0.962306 -0.700108 -0.948331 0.247534 0.198482 -0.286248 0.284406 0.9405 0.185938 0.470465 0.316223 -0.384865 0.867111 0.400804 -0.930002 -0.306261 0.203225 -0.504321 0.187348 -0.87068 -0.454772 0.485875 
1537284029375 -0.141138 0.232933 -0.962197 -0.699941 -0.948159 0.247736 0.199052 -0.286021 0.284737 0.940409 0.185892 0.471193 0.316223 -0.384865 0.867111 0.400804 -0.930002 -0.306261 0.203225 -0.504321 0.187348 -0.87068 -0.454772 0.485875 
1537284029385 -0.14163 0.233085 -0.962087 -0.699775 -0.947986 0.247939 0.199622 -0.285794 0.285068 0.940318 0.185846 0.471921 0.316223 -0.384865 0.867111 0.400804 -0.930002 -0.306261 0.203225 -0.504321 0.187348 -0.87068 -0.454772 0.485875 
1537284029395 -0.142122 0.233238 -0.961978 -0.699609 -0.947813 0.248141 0.200193 -0.285567 0.285398 0.940227 0.1858 0.472649 0.316223 -0.384865 0.867111 0.400804 -0.930002 -0.306261 0.203225 -0.504321 0.187348 -0.87068 -0.454772 0.485875 
1537284029415 -0.142614 0.233391 -0.961868 -0.699442 -0.947639 0.248343 0.200763 -0.28534 0.285729 0.940135 0.185753 0.473377 0.316223 -0.384865 0.867111 0.400804 -0.930002 -0.306261 0.203225 -0.504321 0.187348 -0.87068 -0.454772 0.485875 
1537284029427 -0.143105 0.233544 -0.961758 -0.699276 -0.947465 0.248544 0.201333 -0.285113 0.28606 0.940044 0.185707 0.474105 0.316223 -0.384865 0.867111 0.400804 -0.930002 -0.306261 0.203225 -0.504321 0.187348 -0.87068 -0.454772 0.485875 
1537284029435 -0.142934 0.233973 -0.961679 -0.69685 -0.947349 0.248954 0.201373 -0.283169 0.28653 0.939829 0.18607 0.474056 0.316334 -0.384956 0.867031 0.401168 -0.929993 -0.306204 0.203353 -0.504979 0.187206 -0.87066 -0.454869 0.486184 
029314 0.275657 0.633204 -0.723233 -0.604483 -0.8825 0.464965 0.0707247 -0.181741 0.381061 0.618757 0.686973 0.426588 0.16008 -0.304787 0.938871 0.370831 -0.775623 0.549475 0.310623 -0.528794 -0.61056 -0.777934 -0.14844 0.432481 
1537284029334 -0.142047 0.233159 -0.962008 -0.699624 -0.947817 0.248194 0.200105 -0.285555 0.285421 0.940232 0.185737 0.472646 0.316223 -0.384865 0.867111 0.400804 -0.930002 -0.306261 0.203225 -0.504321 0.187348 -0.87068 -0.454772 0.485875 
1537284029354 -0.142273 0.233236 -0.961956 -0.699549 -0.94774 0.248278 0.200368 -0.285456 0.285565 0.940191 0.185723 0.47297 0.316223 -0.384865 0.867111 0.400804 -0.930002 -0.306261 0.203225 -0.504321 0.187348 -0.87068 -0.454772 0.485875 
1537284029364 -0.1425 0.233312 -0.961904 -0.699473 -0.947662 0.248361 0.200631 -0.285356 0.28571 0.94015 0.18571 0.473294 0.316223 -0.384865 0.867111 0.400804 -0.930002 -0.306261 0.203225 -0.504321 0.187348 -0.87068 -0.454772 0.485875 
1537284029374 -0.142727 0.233389 -0.961852 -0.699397 -0.947585 0.248445 0.200894 -0.285256 0.285854 0.940109 0.185696 0.473618 0.316223 -0.384865 0.867111 0.400804 -0.930002 -0.306261 0.203225 -0.504321 0.187348 -0.87068 -0.454772 0.485875 
1537284029384 -0.142954 0.233466 -0.961799 -0.699321 -0.947507 0.248529 0.201157 -0.285157 0.285998 0.940068 0.185682 0.473942 0.316223 -0.384865 0.867111 0.400804 -0.930002 -0.306261 0.203225 -0.504321 0.187348 -0.87068 -0.454772 0.485875 
1537284029394 -0.143181 0.233543 -0.961747 -0.699246 -0.947429 0.248613 0.20142 -0.285057 0.286143 0.940026 0.185668 0.474265 0.316223 -0.384865 0.867111 0.400804 -0.930002 -0.306261 0.203225 -0.504321 0.187348 -0.87068 -0.454772 0.485875 
1537284029414 -0.143408 0.233619 -0.961694 -0.69917 -0.947351 0.248697 0.201683 -0.284958 0.286287 0.939985 0.185654 0.474589 0.316223 -0.384865 0.867111 0.400804 -0.930002 -0.306261 0.203225 -0.504321 0.187348 -0.87068 -0.454772 0.485875 
1537284029424 -0.143635 0.233696 -0.961642 -0.699094 -0.947273 0.24878 0.201946 -0.284858 0.286432 0.939944 0.185641 0.474913 0.316223 -0.384865 0.867111 0.400804 -0.930002 -0.306261 0.203225 -0.504321 0.187348 -0.87068 -0.454772 0.485875 
1537284029444 -0.143198 0.234049 -0.961621 -0.696759 -0.947253 0.249072 0.20168 -0.283041 0.286716 0.939779 0.186038 0.474458 0.316334 -0.384956 0.867031 0.401168 -0.929993 -0.306204 0.203353 -0.504979 0.187206 -0.87066 -0.454869 0.486184 
