1537390231711 0.229203 0.923319 -0.308136 -0.533543 -0.942176 0.289955 0.168017 -0.202005 0.244479 0.251809 0.936388 0.434843 0.16008 -0.304787 0.938871 0.370831 -0.775623 0.549475 0.310623 -0.528794 -0.61056 -0.777934 -0.14844 0.432481 
1537390231748 0.230392 0.9236 -0.306402 -0.543876 -0.941973 0.290679 0.167909 -0.207032 0.244146 0.249938 0.936976 0.428756 0.316231 -0.384871 0.867106 0.40083 -0.930001 -0.306257 0.203234 -0.504368 0.187338 -0.870678 -0.454779 0.485897 
1537390241769 0.231581 0.923877 -0.304668 -0.554209 -0.941768 0.291402 0.167803 -0.212059 0.24381 0.248066 0.937561 0.422669 0.316231 -0.384871 0.867106 0.40083 -0.930001 -0.306257 0.203234 -0.504368 0.187338 -0.870678 -0.454779 0.485897 
1537390241775 0.232768 0.924149 -0.302932 -0.56454 -0.941563 0.292125 0.167697 -0.217085 0.243471 0.246195 0.938142 0.416582 0.316231 -0.384871 0.867106 0.40083 -0.930001 -0.306257 0.203234 -0.504368 0.187338 -0.870678 -0.454779 0.485897 
1537390262321 0.233955 0.924417 -0.301195 -0.574869 -0.941357 0.292848 0.167593 -0.22211 0.24313 0.244322 0.938719 0.410496 0.316231 -0.384871 0.867106 0.40083 -0.930001 -0.306257 0.203234 -0.504368 0.187338 -0.870678 -0.454779 0.485897 
1537390273087 0.235142 0.92468 -0.299457 -0.585196 -0.94115 0.293571 0.167491 -0.227135 0.242787 0.24245 0.939294 0.40441 0.316231 -0.384871 0.867106 0.40083 -0.930001 -0.306257 0.203234 -0.504368 0.187338 -0.870678 -0.454779 0.485897 
1537390284102 0.236328 0.924939 -0.297719 -0.59552 -0.940942 0.294295 0.167389 -0.232157 0.242442 0.240578 0.939864 0.398325 0.316231 -0.384871 0.867106 0.40083 -0.930001 -0.306257 0.203234 -0.504368 0.187338 -0.870678 -0.454779 0.485897 
1537390295619 0.237513 0.925194 -0.29598 -0.605838 -0.940733 0.29502 0.167288 -0.237177 0.242094 0.238705 0.940431 0.39224 0.316231 -0.384871 0.867106 0.40083 -0.930001 -0.306257 0.203234 -0.504368 0.187338 -0.870678 -0.454779 0.485897 
