1535150929393 0.262365 0.929761 -0.258281 -0.601295 -0.936492 0.309876 0.164194 -0.230287 0.232696 0.198799 0.952014 0.381836 0.268214 -0.190742 0.944287 0.404012 -0.95638 -0.170499 0.237208 -0.498773 0.115755 -0.96672 -0.228152 0.46082 
1535150929403 0.261386 0.929561 -0.25999 -0.604686 -0.93668 0.30931 0.164189 -0.231533 0.233041 0.200611 0.95155 0.380918 0.255921 -0.185845 0.948665 0.402013 -0.962504 -0.1403 0.232169 -0.497343 0.0899507 -0.972511 -0.214782 0.458773 
1535150929410 0.260405 0.929357 -0.261696 -0.60808 -0.936868 0.308742 0.164185 -0.23278 0.233383 0.20242 0.951083 0.38 0.243739 -0.180545 0.952888 0.400011 -0.967734 -0.110009 0.226693 -0.495908 0.063898 -0.977395 -0.201533 0.456725 
1535150930053 0.259424 0.929149 -0.263403 -0.611473 -0.937055 0.308175 0.164181 -0.234027 0.233723 0.20423 0.950612 0.379082 0.231682 -0.174849 0.956949 0.398009 -0.972064 -0.0796568 0.220787 -0.494473 0.037623 -0.981368 -0.188419 0.454676 
1535150930190 0.258443 0.928938 -0.265108 -0.614867 -0.937242 0.307608 0.164179 -0.235275 0.234061 0.20604 0.950138 0.378163 0.219763 -0.168762 0.960845 0.396007 -0.97549 -0.0492742 0.214458 -0.493038 0.0111526 -0.984424 -0.175454 0.452628 
1535150930529 0.257461 0.928722 -0.266813 -0.618261 -0.937428 0.307041 0.164178 -0.236522 0.234398 0.207848 0.949661 0.377245 0.207992 -0.16229 0.964573 0.394006 -0.978008 -0.0188925 0.207711 -0.491602 -0.0154862 -0.986562 -0.16265 0.45058 
1535150930953 0.256478 0.928503 -0.268517 -0.621654 -0.937614 0.306473 0.164177 -0.237769 0.234732 0.209657 0.949181 0.376327 0.196384 -0.15544 0.968128 0.392004 -0.979616 0.011457 0.200554 -0.490167 -0.042266 -0.987779 -0.150021 0.448532 
1535150931671 0.255494 0.92828 -0.270219 -0.625048 -0.937799 0.305905 0.164178 -0.239016 0.235065 0.211465 0.948698 0.375408 0.184949 -0.148219 0.971506 0.390002 -0.980312 0.0417435 0.192994 -0.488732 -0.0691594 -0.988073 -0.13758 0.446484 
1535150931760 0.254509 0.928054 -0.271921 -0.628442 -0.937984 0.305337 0.16418 -0.240264 0.235396 0.213272 0.948211 0.37449 0.173701 -0.140634 0.974705 0.388001 -0.980095 0.0719356 0.18504 -0.487296 -0.096139 -0.987445 -0.12534 0.444435 
1535150932162 0.253524 0.927824 -0.273622 -0.631837 -0.938168 0.304769 0.164183 -0.241512 0.235725 0.215079 0.947721 0.373571 0.162647 -0.132693 0.977721 0.385999 -0.978965 0.102003 0.176698 -0.48586 -0.123177 -0.985894 -0.113312 0.442387 
1535150933142 0.254234 0.92763 -0.273619 -0.631546 -0.937975 0.30545 0.164024 -0.241662 0.23573 0.214947 0.947749 0.373659 0.163406 -0.133083 0.977542 0.386287 -0.979094 0.0997846 0.17725 -0.485811 -0.121133 -0.986069 -0.113995 0.442725 
1535150933159 0.25354 0.927496 -0.274716 -0.631409 -0.937937 0.305186 0.164729 -0.241691 0.236625 0.215901 0.947309 0.373764 0.164822 -0.132323 0.977407 0.386066 -0.979376 0.0954521 0.178077 -0.485987 -0.116859 -0.9866 -0.113861 0.442812 
1535150933259 0.252846 0.927359 -0.275815 -0.631268 -0.937898 0.304923 0.165434 -0.241718 0.237519 0.216857 0.946867 0.373869 0.166237 -0.131557 0.977271 0.385847 -0.979638 0.0911173 0.178905 -0.486169 -0.112583 -0.987112 -0.113731 0.442899 
1535150933447 0.252151 0.927221 -0.276913 -0.631128 -0.937859 0.304661 0.166139 -0.241745 0.238412 0.217813 0.946423 0.373974 0.167648 -0.130785 0.977133 0.385627 -0.97988 0.0867815 0.179734 -0.48635 -0.108304 -0.987605 -0.113605 0.442986 
1535150933477 0.251454 0.927082 -0.278009 -0.630987 -0.937819 0.304399 0.166844 -0.241772 0.239304 0.218769 0.945978 0.374079 0.169055 -0.130007 0.976995 0.385408 -0.980102 0.0824446 0.180564 -0.486532 -0.104023 -0.988079 -0.113482 0.443073 
1535150933495 0.250757 0.926942 -0.279106 -0.630845 -0.937778 0.304138 0.16755 -0.241799 0.240195 0.219725 0.94553 0.374185 0.170459 -0.129223 0.976855 0.385188 -0.980304 0.0781068 0.181394 -0.486715 -0.0997392 -0.988535 -0.113363 0.44316 
1535150933771 0.250058 0.9268 -0.280201 -0.630705 -0.937736 0.303877 0.168255 -0.241826 0.241086 0.220681 0.945081 0.37429 0.171859 -0.128432 0.976714 0.384969 -0.980486 0.0737683 0.182223 -0.486895 -0.0954538 -0.988971 -0.113248 0.443247 
1535150933824 0.249358 0.926657 -0.281295 -0.630565 -0.937693 0.303618 0.168961 -0.241853 0.241975 0.221636 0.94463 0.374395 0.173256 -0.127635 0.976571 0.384749 -0.980648 0.069429 0.183053 -0.487076 -0.0911664 -0.989388 -0.113136 0.443334 
1535150933941 0.248657 0.926513 -0.282388 -0.630423 -0.93765 0.303359 0.169667 -0.24188 0.242864 0.222592 0.944177 0.374501 0.174649 -0.126832 0.976428 0.38453 -0.980791 0.065089 0.183884 -0.487259 -0.0868771 -0.989786 -0.113028 0.443421 
1535150934177 0.247956 0.926367 -0.283481 -0.630283 -0.937605 0.3031 0.170373 -0.241907 0.243751 0.223548 0.943722 0.374606 0.176038 -0.126023 0.976283 0.38431 -0.980913 0.0607485 0.184715 -0.48744 -0.082586 -0.990166 -0.112923 0.443508 
1535150934364 0.248478 0.9265 -0.282589 -0.630408 -0.937666 0.303252 0.169765 -0.241916 0.242984 0.222791 0.944099 0.374506 0.173059 -0.128081 0.976548 0.384917 -0.980572 0.0705618 0.183027 -0.486856 -0.0923492 -0.98925 -0.113382 0.443255 
1535150934381 0.247865 0.926392 -0.283479 -0.630644 -0.937644 0.302999 0.170336 -0.242082 0.243692 0.223582 0.943729 0.374567 0.171333 -0.127681 0.976905 0.384848 -0.980541 0.0743563 0.181689 -0.48669 -0.0958373 -0.989024 -0.112457 0.442984 
1535150934568 0.24725 0.926284 -0.284369 -0.630883 -0.937622 0.302745 0.170908 -0.242248 0.244401 0.224374 0.943358 0.374628 0.169608 -0.127275 0.977259 0.384777 -0.980494 0.0781486 0.180347 -0.486519 -0.099325 -0.988784 -0.111538 0.442713 
1535150934727 0.246634 0.926175 -0.285258 -0.631121 -0.9376 0.302491 0.17148 -0.242415 0.245109 0.225165 0.942986 0.374688 0.167883 -0.126862 0.97761 0.384706 -0.980431 0.0819392 0.179001 -0.486348 -0.102813 -0.98853 -0.110623 0.442442 
1535150934732 0.246017 0.926065 -0.286146 -0.63136 -0.937577 0.302238 0.172053 -0.242582 0.245816 0.225956 0.942613 0.374749 0.16616 -0.126443 0.977959 0.384635 -0.980352 0.0857282 0.177651 -0.486177 -0.106301 -0.988263 -0.109714 0.442171 
1535150934739 0.245399 0.925954 -0.287033 -0.631598 -0.937553 0.301984 0.172625 -0.242748 0.246523 0.226747 0.942238 0.37481 0.164438 -0.126017 0.978305 0.384564 -0.980258 0.0895154 0.176297 -0.486007 -0.10979 -0.987981 -0.108809 0.441899 
1535150935026 0.244781 0.925842 -0.287921 -0.631837 -0.937529 0.301732 0.173198 -0.242915 0.247228 0.227538 0.941862 0.37487 0.162716 -0.125584 0.978648 0.384493 -0.980149 0.0933009 0.174939 -0.485836 -0.113278 -0.987686 -0.107909 0.441628 
1535150935182 0.244162 0.92573 -0.288806 -0.632076 -0.937504 0.301479 0.173771 -0.243082 0.247934 0.228329 0.941485 0.374931 0.160997 -0.125144 0.978989 0.384423 -0.980023 0.0970844 0.173577 -0.485666 -0.116767 -0.987377 -0.107014 0.441357 
1535150935347 0.243542 0.925616 -0.289692 -0.632314 -0.937479 0.301228 0.174343 -0.243248 0.248638 0.229121 0.941107 0.374992 0.159278 -0.124698 0.979327 0.384352 -0.979882 0.100866 0.172212 -0.485496 -0.120255 -0.987054 -0.106124 0.441086 
1535150935352 0.242921 0.925502 -0.290577 -0.632553 -0.937453 0.300976 0.174917 -0.243415 0.249343 0.229912 0.940728 0.375052 0.15756 -0.124246 0.979662 0.384281 -0.979726 0.104646 0.170842 -0.485324 -0.123744 -0.986718 -0.105239 0.440814 
1535150935843 0.243441 0.92561 -0.289797 -0.632312 -0.937491 0.301164 0.174388 -0.243285 0.248692 0.229228 0.941067 0.374964 0.158215 -0.124233 0.979558 0.384426 -0.979816 0.103002 0.17132 -0.485377 -0.12218 -0.986893 -0.105429 0.441025 
1535150935855 0.243256 0.92576 -0.289474 -0.632535 -0.937657 0.300819 0.174092 -0.243397 0.248247 0.229078 0.941221 0.374969 0.15985 -0.124296 0.979285 0.384429 -0.980253 0.0970004 0.17232 -0.485595 -0.11641 -0.987493 -0.106336 0.441217 
1535150935863 0.243071 0.925909 -0.289151 -0.632762 -0.937822 0.300473 0.173797 -0.243511 0.247803 0.228927 0.941375 0.374973 0.161487 -0.124348 0.979009 0.384433 -0.980654 0.090996 0.173316 -0.485818 -0.110637 -0.988057 -0.107248 0.441409 
1535150936077 0.242885 0.926059 -0.288828 -0.632988 -0.937988 0.300127 0.173502 -0.243625 0.247358 0.228776 0.941528 0.374977 0.163123 -0.124391 0.978733 0.384437 -0.981017 0.0849882 0.174305 -0.48604 -0.104863 -0.988587 -0.108166 0.441601 
1535150936082 0.2427 0.926208 -0.288506 -0.633215 -0.938153 0.299782 0.173206 -0.243739 0.246914 0.228625 0.941682 0.374981 0.16476 -0.124424 0.978454 0.384441 -0.981344 0.0789774 0.175289 -0.486263 -0.099086 -0.989081 -0.10909 0.441793 
1535150936145 0.242514 0.926357 -0.288183 -0.633443 -0.938318 0.299436 0.172911 -0.243853 0.246469 0.228474 0.941835 0.374985 0.166396 -0.124447 0.978175 0.384445 -0.981634 0.0729638 0.176267 -0.486486 -0.0933072 -0.98954 -0.11002 0.441986 
1535150936313 0.242327 0.926506 -0.28786 -0.633669 -0.938482 0.29909 0.172615 -0.243967 0.246025 0.228322 0.941988 0.37499 0.168032 -0.124459 0.977893 0.384449 -0.981888 0.0669476 0.177239 -0.486708 -0.0875266 -0.989964 -0.110956 0.442178 
1535150936542 0.242141 0.926655 -0.287537 -0.633897 -0.938647 0.298744 0.172319 -0.244082 0.24558 0.22817 0.94214 0.374994 0.169668 -0.124462 0.97761 0.384453 -0.982105 0.0609289 0.178205 -0.486932 -0.0817445 -0.990352 -0.111897 0.44237 
1535150936689 0.241955 0.926804 -0.287214 -0.634123 -0.938811 0.298399 0.172023 -0.244195 0.245136 0.228018 0.942293 0.374998 0.171304 -0.124455 0.977326 0.384457 -0.982286 0.0549081 0.179165 -0.487154 -0.075961 -0.990705 -0.112844 0.442562 
1535150936715 0.241768 0.926953 -0.286892 -0.634351 -0.938975 0.298053 0.171727 -0.24431 0.244691 0.227866 0.942445 0.375002 0.172939 -0.124437 0.97704 0.384461 -0.982429 0.0488853 0.180119 -0.487377 -0.0701764 -0.991022 -0.113797 0.442755 
1535150937169 0.242011 0.926785 -0.287229 -0.634142 -0.938757 0.298492 0.172156 -0.244242 0.245287 0.227975 0.942264 0.375016 0.170937 -0.124411 0.977396 0.38445 -0.982244 0.0563235 0.178954 -0.487012 -0.0773141 -0.990631 -0.112574 0.44254 
1535150937181 0.241882 0.926998 -0.286651 -0.634247 -0.938948 0.298115 0.171768 -0.244313 0.244683 0.227603 0.942511 0.374964 0.172116 -0.125912 0.976997 0.384437 -0.982256 0.0530625 0.179881 -0.487233 -0.074491 -0.990621 -0.114545 0.442858 
1535150937202 0.241751 0.92721 -0.286072 -0.634356 -0.939139 0.297737 0.171379 -0.244387 0.244079 0.227231 0.942758 0.374912 0.173309 -0.127409 0.976591 0.384425 -0.982259 0.0497648 0.180807 -0.487462 -0.0716363 -0.990601 -0.116524 0.443179 
1535150937210 0.241621 0.927423 -0.285494 -0.634465 -0.939329 0.29736 0.17099 -0.24446 0.243474 0.226858 0.943004 0.37486 0.174507 -0.128902 0.976182 0.384413 -0.982251 0.0464652 0.181727 -0.48769 -0.0687835 -0.990568 -0.118505 0.4435 
1535150937409 0.24149 0.927635 -0.284916 -0.634575 -0.93952 0.296982 0.1706 -0.244533 0.242869 0.226486 0.943249 0.374807 0.175709 -0.13039 0.975769 0.384401 -0.982232 0.0431637 0.18264 -0.487919 -0.0659323 -0.990523 -0.120489 0.443821 
1535150937456 0.241358 0.927846 -0.284337 -0.634685 -0.93971 0.296605 0.17021 -0.244607 0.242264 0.226113 0.943494 0.374755 0.176915 -0.131875 0.975351 0.384389 -0.982202 0.0398604 0.183547 -0.488148 -0.063083 -0.990465 -0.122476 0.444142 
1535150937463 0.241227 0.928058 -0.283758 -0.634793 -0.939899 0.296228 0.16982 -0.24468 0.24166 0.225739 0.943739 0.374703 0.178125 -0.133354 0.97493 0.384376 -0.982163 0.0365554 0.184446 -0.488375 -0.0602356 -0.990394 -0.124464 0.444463 
1535150937656 0.241094 0.928269 -0.28318 -0.634903 -0.940088 0.295851 0.169429 -0.244754 0.241055 0.225366 0.943982 0.37465 0.179339 -0.134829 0.974504 0.384364 -0.982112 0.0332486 0.185339 -0.488604 -0.05739 -0.990311 -0.126455 0.444784 
1535150937681 0.240962 0.928479 -0.282601 -0.635012 -0.940277 0.295474 0.169038 -0.244827 0.24045 0.224992 0.944226 0.374598 0.180557 -0.1363 0.974075 0.384352 -0.982051 0.0299402 0.186225 -0.488832 -0.0545464 -0.990215 -0.128448 0.445105 
1535150937855 0.240829 0.92869 -0.282022 -0.635122 -0.940466 0.295097 0.168647 -0.244901 0.239845 0.224617 0.944469 0.374545 0.181779 -0.137766 0.973641 0.38434 -0.981979 0.0266301 0.187104 -0.489061 -0.0517048 -0.990107 -0.130443 0.445426 
1535150937969 0.241356 0.928293 -0.282876 -0.634944 -0.940092 0.295979 0.169184 -0.244972 0.240778 0.225096 0.944117 0.374701 0.177987 -0.132634 0.975053 0.384341 -0.982099 0.0381542 0.184463 -0.488186 -0.0616684 -0.99043 -0.123469 0.444181 
1535150937977 0.241701 0.928394 -0.28225 -0.634961 -0.940125 0.296081 0.168825 -0.24498 0.240304 0.224545 0.944369 0.374624 0.178275 -0.132092 0.975074 0.384322 -0.982114 0.0371276 0.184592 -0.4883 -0.0605853 -0.990542 -0.123111 0.444159 
1535150937983 0.242045 0.928496 -0.28162 -0.63498 -0.940157 0.296182 0.168466 -0.244989 0.23983 0.223991 0.944621 0.374547 0.178556 -0.131489 0.975104 0.384304 -0.982121 0.0362434 0.184728 -0.488397 -0.0596309 -0.990655 -0.122667 0.444114 
1535150938023 0.242388 0.928597 -0.280992 -0.634999 -0.94019 0.296283 0.168106 -0.244999 0.239356 0.223438 0.944872 0.374469 0.178836 -0.130886 0.975134 0.384287 -0.982128 0.0353592 0.184865 -0.488495 -0.0586762 -0.990767 -0.122223 0.444069 
1535150938179 0.242731 0.928697 -0.280362 -0.635019 -0.940222 0.296384 0.167747 -0.245008 0.238881 0.222885 0.945123 0.374392 0.179117 -0.130282 0.975164 0.38427 -0.982133 0.0344751 0.185003 -0.488594 -0.0577213 -0.990877 -0.121779 0.444024 
1535150938186 0.243074 0.928797 -0.279733 -0.63504 -0.940254 0.296486 0.167388 -0.245018 0.238407 0.222332 0.945373 0.374314 0.179396 -0.129678 0.975193 0.384253 -0.982138 0.0335909 0.185141 -0.488693 -0.0567663 -0.990987 -0.121336 0.443979 
1535150938202 0.243417 0.928897 -0.279103 -0.635059 -0.940285 0.296588 0.167029 -0.245028 0.237931 0.221779 0.945623 0.374237 0.179675 -0.129074 0.975222 0.384235 -0.982142 0.032707 0.185279 -0.48879 -0.0558111 -0.991095 -0.120892 0.443933 
1535150938368 0.243759 0.928996 -0.278473 -0.63508 -0.940317 0.29669 0.16667 -0.245038 0.237456 0.221226 0.945872 0.374159 0.179953 -0.128469 0.97525 0.384218 -0.982144 0.0318229 0.185417 -0.48889 -0.0548557 -0.991203 -0.120449 0.443888 
1535150938506 0.244101 0.929095 -0.277843 -0.635099 -0.940348 0.296793 0.166311 -0.245047 0.236981 0.220672 0.94612 0.374082 0.180231 -0.127864 0.975278 0.384201 -0.982146 0.0309391 0.185556 -0.488987 -0.0539002 -0.991309 -0.120005 0.443843 
1535150938546 0.244443 0.929194 -0.277212 -0.635121 -0.940379 0.296895 0.165952 -0.245057 0.236505 0.220119 0.946368 0.374004 0.180508 -0.127259 0.975306 0.384184 -0.982148 0.0300552 0.185696 -0.489086 -0.0529444 -0.991414 -0.119562 0.443798 
1535150938749 0.244108 0.929037 -0.278031 -0.635097 -0.94029 0.296885 0.166474 -0.245091 0.237203 0.220792 0.946037 0.374175 0.180078 -0.128449 0.97523 0.384252 -0.982142 0.0314416 0.185496 -0.48884 -0.0544896 -0.991218 -0.120494 0.443908 
1535150938764 0.244857 0.928941 -0.277694 -0.634908 -0.94015 0.297491 0.166187 -0.244984 0.236989 0.220382 0.946186 0.374209 0.180944 -0.128816 0.975021 0.38429 -0.982071 0.029634 0.186167 -0.489069 -0.0528751 -0.991226 -0.121144 0.443981 
1535150938884 0.245589 0.928836 -0.277398 -0.634716 -0.940005 0.298095 0.165923 -0.24487 0.236806 0.220007 0.946319 0.374246 0.181812 -0.129181 0.974811 0.38433 -0.981996 0.0278251 0.186839 -0.489302 -0.0512603 -0.991231 -0.121796 0.444054 
1535150938931 0.24632 0.928731 -0.277102 -0.634523 -0.93986 0.298699 0.165659 -0.244755 0.236622 0.219632 0.946452 0.374283 0.18268 -0.129544 0.974601 0.384371 -0.981918 0.0260159 0.18751 -0.489537 -0.0496459 -0.991232 -0.122449 0.444128 
1535150939154 0.247052 0.928625 -0.276806 -0.634331 -0.939714 0.299303 0.165395 -0.244641 0.236438 0.219257 0.946585 0.374321 0.183549 -0.129906 0.974389 0.384411 -0.981836 0.0242064 0.188179 -0.489771 -0.0480319 -0.991231 -0.123103 0.444201 
1535150939174 0.247783 0.928519 -0.276509 -0.63414 -0.939568 0.299907 0.165131 -0.244527 0.236254 0.218882 0.946718 0.374357 0.184418 -0.130265 0.974177 0.38445 -0.981751 0.0223966 0.188847 -0.490003 -0.0464185 -0.991226 -0.123758 0.444275 
1535150939409 0.248514 0.928411 -0.276212 -0.633948 -0.939421 0.30051 0.164867 -0.244413 0.236069 0.218508 0.94685 0.374395 0.185288 -0.130624 0.973964 0.384491 -0.981662 0.0205864 0.189514 -0.490237 -0.0448054 -0.991218 -0.124414 0.444348 
1535150939414 0.249244 0.928304 -0.275915 -0.633756 -0.939274 0.301114 0.164604 -0.244299 0.235885 0.218133 0.946983 0.374432 0.186158 -0.13098 0.97375 0.38453 -0.98157 0.018776 0.190179 -0.49047 -0.0431928 -0.991207 -0.125071 0.444421 
1535150939427 0.249975 0.928196 -0.275617 -0.633563 -0.939126 0.301718 0.164341 -0.244184 0.235699 0.217758 0.947115 0.374469 0.187029 -0.131336 0.973535 0.38457 -0.981474 0.0169652 0.190843 -0.490705 -0.0415806 -0.991193 -0.125729 0.444495 
1535150939662 0.250705 0.928087 -0.27532 -0.633372 -0.938978 0.302322 0.164078 -0.244071 0.235514 0.217384 0.947247 0.374506 0.1879 -0.131689 0.97332 0.38461 -0.981375 0.0151542 0.191505 -0.490938 -0.039969 -0.991175 -0.126389 0.444568 
1535150939983 0.250267 0.9281 -0.275676 -0.63355 -0.939049 0.302008 0.164252 -0.244212 0.235698 0.217766 0.947114 0.374454 0.18743 -0.131644 0.973417 0.384571 -0.981425 0.0161823 0.19116 -0.490776 -0.0409173 -0.991165 -0.126166 0.444502 
1535150939995 0.250446 0.928023 -0.275773 -0.633194 -0.938981 0.302214 0.164258 -0.244078 0.235778 0.217808 0.947084 0.374564 0.188174 -0.132946 0.973096 0.384632 -0.981333 0.0145866 0.19176 -0.490989 -0.0396879 -0.991016 -0.127719 0.444672 
1535150940002 0.250624 0.927946 -0.27587 -0.632834 -0.938914 0.30242 0.164265 -0.243942 0.235858 0.21785 0.947055 0.374676 0.188923 -0.134245 0.972773 0.384694 -0.981239 0.0129893 0.19236 -0.491204 -0.0384589 -0.990863 -0.129272 0.444842 
1535150940260 0.250801 0.927869 -0.275968 -0.632474 -0.938846 0.302626 0.164272 -0.243806 0.235938 0.217892 0.947025 0.374787 0.189673 -0.135542 0.972447 0.384756 -0.981141 0.0113912 0.192956 -0.491419 -0.037231 -0.990706 -0.130825 0.445011 
1535150940292 0.250979 0.927791 -0.276066 -0.632114 -0.938778 0.302833 0.164279 -0.24367 0.236018 0.217934 0.946995 0.374898 0.190424 -0.136838 0.972118 0.384818 -0.981041 0.00979224 0.19355 -0.491634 -0.0360042 -0.990545 -0.132379 0.445181 
1535150940460 0.251157 0.927714 -0.276164 -0.631753 -0.938711 0.303039 0.164285 -0.243534 0.236098 0.217977 0.946966 0.37501 0.191177 -0.138132 0.971787 0.384881 -0.980939 0.00819235 0.194142 -0.491848 -0.0347785 -0.99038 -0.133933 0.445351 
1535150940466 0.251335 0.927637 -0.276261 -0.631394 -0.938643 0.303245 0.164292 -0.243398 0.236178 0.218019 0.946936 0.375121 0.191931 -0.139425 0.971454 0.384942 -0.980835 0.00659196 0.19473 -0.492063 -0.0335541 -0.990211 -0.135488 0.445521 
1535150940568 0.251512 0.92756 -0.276359 -0.631033 -0.938575 0.303451 0.164299 -0.243261 0.236259 0.218061 0.946906 0.375232 0.192688 -0.140716 0.971118 0.385005 -0.980727 0.00499046 0.195317 -0.492278 -0.0323307 -0.990037 -0.137043 0.445691 
1535150940783 0.25169 0.927482 -0.276457 -0.630673 -0.938507 0.303657 0.164306 -0.243125 0.236339 0.218103 0.946877 0.375343 0.193444 -0.142006 0.97078 0.385066 -0.980618 0.00338846 0.1959 -0.492493 -0.0311085 -0.98986 -0.138598 0.445861 
1535150940922 0.251868 0.927405 -0.276555 -0.630314 -0.93844 0.303863 0.164312 -0.24299 0.236419 0.218145 0.946847 0.375455 0.194203 -0.143294 0.970439 0.385128 -0.980506 0.00178558 0.196481 -0.492707 -0.0298875 -0.989678 -0.140154 0.446031 
1535150941270 0.251524 0.927542 -0.276408 -0.630536 -0.938553 0.303489 0.164358 -0.242978 0.236336 0.218083 0.946882 0.375364 0.193928 -0.142653 0.970588 0.385123 -0.980535 0.00279171 0.196326 -0.492585 -0.0307162 -0.989769 -0.139335 0.44587 
1535150941281 0.251502 0.927503 -0.27656 -0.630076 -0.938546 0.303506 0.164363 -0.242791 0.236385 0.218227 0.946836 0.375494 0.194269 -0.142685 0.970516 0.385172 -0.980479 0.00236918 0.196612 -0.492713 -0.0303528 -0.989765 -0.139439 0.445836 
1535150941288 0.251481 0.927462 -0.276714 -0.62961 -0.938539 0.303525 0.164368 -0.242602 0.236435 0.218371 0.946791 0.375625 0.194611 -0.142716 0.970442 0.385222 -0.980422 0.00194651 0.196899 -0.492843 -0.0299896 -0.989762 -0.139543 0.445803 
1535150941321 0.251461 0.927422 -0.276868 -0.629144 -0.938532 0.303544 0.164373 -0.242411 0.236485 0.218516 0.946745 0.375757 0.194953 -0.142748 0.970369 0.385272 -0.980365 0.00152388 0.197185 -0.492972 -0.0296265 -0.989758 -0.139648 0.44577 
1535150941463 0.25144 0.927382 -0.277021 -0.62868 -0.938525 0.303563 0.164378 -0.242223 0.236534 0.21866 0.946699 0.375888 0.195294 -0.142779 0.970296 0.385321 -0.980308 0.00110115 0.197472 -0.493101 -0.0292633 -0.989754 -0.139753 0.445736 
1535150941525 0.251419 0.927342 -0.277175 -0.628214 -0.938518 0.303582 0.164383 -0.242033 0.236584 0.218805 0.946653 0.376019 0.195636 -0.142811 0.970222 0.385371 -0.980251 0.000678447 0.197758 -0.493231 -0.0289002 -0.98975 -0.139858 0.445703 
1535150941571 0.251398 0.927301 -0.277329 -0.627748 -0.938511 0.3036 0.164388 -0.241843 0.236634 0.21895 0.946607 0.37615 0.195978 -0.142842 0.970149 0.385421 -0.980193 0.000255805 0.198044 -0.49336 -0.0285372 -0.989745 -0.139962 0.44567 
1535150941576 0.251377 0.927261 -0.277483 -0.627283 -0.938504 0.303619 0.164393 -0.241654 0.236684 0.219094 0.946561 0.376281 0.19632 -0.142873 0.970075 0.385471 -0.980135 -0.000166961 0.198331 -0.493489 -0.0281741 -0.989741 -0.140067 0.445636 
1535150941636 0.251356 0.927221 -0.277636 -0.626818 -0.938497 0.303638 0.164398 -0.241465 0.236734 0.219239 0.946515 0.376413 0.196661 -0.142904 0.970002 0.38552 -0.980077 -0.000589659 0.198617 -0.493619 -0.0278111 -0.989736 -0.140173 0.445603 
1535150941872 0.251335 0.92718 -0.27779 -0.626352 -0.93849 0.303657 0.164402 -0.241275 0.236784 0.219383 0.94647 0.376544 0.197003 -0.142934 0.969928 0.38557 -0.980019 -0.00101233 0.198903 -0.493748 -0.0274482 -0.989732 -0.140278 0.445569 
1535150942075 0.250753 0.927525 -0.277164 -0.627538 -0.938688 0.302951 0.164579 -0.241553 0.236618 0.218902 0.946622 0.376223 0.196464 -0.142968 0.970032 0.385501 -0.980116 -0.000564646 0.198423 -0.493646 -0.0278204 -0.989727 -0.140236 0.445626 
1535150942091 0.250734 0.927451 -0.277429 -0.627194 -0.938559 0.303103 0.165033 -0.241465 0.23715 0.219004 0.946466 0.376336 0.196893 -0.142268 0.970048 0.38556 -0.980027 -0.000383014 0.198862 -0.493779 -0.0279201 -0.989828 -0.139502 0.445461 
1535150942104 0.250715 0.927377 -0.277694 -0.626845 -0.93843 0.303256 0.165486 -0.241375 0.23768 0.219107 0.946309 0.37645 0.197322 -0.141567 0.970063 0.385619 -0.979938 -0.00020073 0.199302 -0.493913 -0.0280198 -0.989929 -0.138767 0.445296 
1535150942304 0.250696 0.927303 -0.277959 -0.626497 -0.9383 0.303409 0.165938 -0.241284 0.23821 0.219209 0.946152 0.376563 0.197751 -0.140866 0.970078 0.385678 -0.979849 -1.81069e-05 0.199741 -0.494048 -0.0281192 -0.990029 -0.138031 0.445131 
1535150942355 0.250677 0.927228 -0.278225 -0.626147 -0.93817 0.303563 0.166391 -0.241194 0.238741 0.219312 0.945994 0.376677 0.198181 -0.140166 0.970092 0.385737 -0.979759 0.000164705 0.20018 -0.494182 -0.0282181 -0.990128 -0.137296 0.444965 
1535150942361 0.250658 0.927154 -0.27849 -0.625798 -0.93804 0.303716 0.166843 -0.241103 0.239271 0.219414 0.945837 0.376791 0.198611 -0.139465 0.970105 0.385796 -0.979669 0.000347942 0.200619 -0.494317 -0.0283168 -0.990227 -0.13656 0.4448 
1535150942374 0.250639 0.927079 -0.278755 -0.62545 -0.93791 0.303869 0.167296 -0.241013 0.239801 0.219516 0.945679 0.376905 0.19904 -0.138764 0.970117 0.385855 -0.979579 0.000531528 0.201057 -0.494451 -0.0284152 -0.990325 -0.135825 0.444635 
1535150942380 0.250619 0.927005 -0.27902 -0.6251 -0.93778 0.304023 0.167748 -0.240922 0.240331 0.219619 0.94552 0.377019 0.19947 -0.138063 0.970129 0.385914 -0.979489 0.000715392 0.201496 -0.494586 -0.0285132 -0.990423 -0.135089 0.44447 
1535150942636 0.250599 0.92693 -0.279285 -0.624752 -0.937649 0.304176 0.1682 -0.240832 0.240862 0.219721 0.945362 0.377132 0.199899 -0.137363 0.97014 0.385973 -0.979399 0.000899606 0.201934 -0.49472 -0.0286109 -0.99052 -0.134353 0.444305 
1535150942692 0.25058 0.926856 -0.279551 -0.624402 -0.937518 0.30433 0.168652 -0.240741 0.241391 0.219823 0.945203 0.377246 0.200329 -0.136662 0.97015 0.386033 -0.979308 0.0010841 0.202372 -0.494854 -0.0287083 -0.990617 -0.133617 0.44414 
1535150942965 0.250233 0.927028 -0.27929 -0.624675 -0.937763 0.303813 0.168223 -0.240637 0.240799 0.219813 0.945356 0.377128 0.199673 -0.137391 0.970183 0.385914 -0.979443 0.000972745 0.201717 -0.494782 -0.0286577 -0.990516 -0.134372 0.444249 
1535150942977 0.250093 0.926884 -0.279892 -0.624213 -0.937562 0.304006 0.168994 -0.240499 0.241727 0.220152 0.94504 0.377299 0.199752 -0.136234 0.97033 0.385936 -0.979463 -6.65594e-05 0.201623 -0.494812 -0.0274033 -0.990677 -0.13345 0.444077 
1535150942983 0.249952 0.926739 -0.280496 -0.623747 -0.937359 0.304199 0.169765 -0.240359 0.242654 0.220492 0.944723 0.377471 0.19983 -0.135077 0.970475 0.385959 -0.979482 -0.00110684 0.20153 -0.494842 -0.026148 -0.990834 -0.132527 0.443905 
1535150943214 0.249811 0.926595 -0.281099 -0.623281 -0.937157 0.304393 0.170535 -0.240219 0.243581 0.220832 0.944405 0.377643 0.199906 -0.13392 0.97062 0.385981 -0.979499 -0.002147 0.201438 -0.494872 -0.0248926 -0.99099 -0.131603 0.443733 
1535150943233 0.249669 0.92645 -0.281702 -0.622814 -0.936953 0.304588 0.171305 -0.240079 0.244508 0.221172 0.944086 0.377815 0.19998 -0.132762 0.970764 0.386003 -0.979515 -0.00318731 0.201347 -0.494902 -0.0236371 -0.991143 -0.13068 0.443561 
1535150943269 0.249527 0.926305 -0.282305 -0.622348 -0.936749 0.304782 0.172075 -0.239939 0.245435 0.221511 0.943766 0.377988 0.200054 -0.131604 0.970906 0.386025 -0.979529 -0.00422782 0.201257 -0.494932 -0.0223815 -0.991293 -0.129756 0.443389 
1535150943471 0.249383 0.926159 -0.282907 -0.621882 -0.936544 0.304977 0.172844 -0.239799 0.246362 0.221851 0.943445 0.37816 0.200126 -0.130446 0.971048 0.386048 -0.979542 -0.00526853 0.201169 -0.494962 -0.0211258 -0.991441 -0.128832 0.443217 
1535150943478 0.24924 0.926014 -0.28351 -0.621415 -0.936338 0.305172 0.173614 -0.239659 0.247288 0.22219 0.943123 0.378332 0.200196 -0.129288 0.971188 0.38607 -0.979554 -0.00630907 0.201081 -0.494993 -0.01987 -0.991587 -0.127908 0.443045 
1535150943628 0.249095 0.925868 -0.284112 -0.620949 -0.936131 0.305368 0.174383 -0.239519 0.248214 0.222528 0.9428 0.378504 0.200265 -0.12813 0.971327 0.386092 -0.979565 -0.00734982 0.200993 -0.495023 -0.0186141 -0.99173 -0.126983 0.442873 
1535150943794 0.24895 0.925722 -0.284714 -0.620483 -0.935924 0.305563 0.175151 -0.239379 0.24914 0.222867 0.942475 0.378676 0.200333 -0.126971 0.971465 0.386115 -0.979574 -0.00839084 0.200908 -0.495052 -0.0173581 -0.991871 -0.126058 0.442701 
1535150944227 0.24876 0.925869 -0.284404 -0.620733 -0.936104 0.305207 0.17481 -0.239323 0.248653 0.222746 0.942633 0.37858 0.200199 -0.127743 0.971392 0.386055 -0.979587 -0.00773791 0.200871 -0.495095 -0.0181432 -0.991777 -0.126684 0.442788 
1535150944242 0.248854 0.92585 -0.284381 -0.62043 -0.936039 0.305328 0.174946 -0.239225 0.248803 0.222656 0.942614 0.378666 0.200205 -0.126938 0.971496 0.38606 -0.979612 -0.00903721 0.200697 -0.495138 -0.0166964 -0.991869 -0.126159 0.442699 
1535150944249 0.248947 0.925832 -0.28436 -0.620122 -0.935974 0.305449 0.175082 -0.239124 0.248954 0.222567 0.942595 0.378753 0.200214 -0.126092 0.971605 0.386065 -0.979634 -0.0103754 0.200522 -0.495183 -0.0152033 -0.991964 -0.125601 0.442608 
1535150944264 0.24904 0.925814 -0.284338 -0.619814 -0.935909 0.305569 0.175218 -0.239024 0.249104 0.222478 0.942577 0.37884 0.200221 -0.125245 0.971712 0.38607 -0.979655 -0.0117138 0.200348 -0.495228 -0.0137103 -0.992057 -0.125043 0.442518 
1535150944481 0.249134 0.925795 -0.284316 -0.619505 -0.935844 0.30569 0.175353 -0.238923 0.249254 0.222389 0.942558 0.378927 0.200227 -0.124399 0.97182 0.386076 -0.979673 -0.0130522 0.200174 -0.495273 -0.0122172 -0.992146 -0.124484 0.442427 
1535150944521 0.249227 0.925777 -0.284295 -0.619196 -0.935779 0.305811 0.175489 -0.238823 0.249404 0.2223 0.942539 0.379014 0.200232 -0.123553 0.971927 0.386081 -0.97969 -0.0143908 0.200002 -0.495318 -0.010724 -0.992234 -0.123925 0.442336 
1535150944760 0.249321 0.925758 -0.284273 -0.618889 -0.935715 0.305931 0.175625 -0.238723 0.249555 0.222211 0.94252 0.3791 0.200236 -0.122706 0.972033 0.386086 -0.979704 -0.0157295 0.19983 -0.495363 -0.00923079 -0.992318 -0.123366 0.442245 
1535150944766 0.249414 0.92574 -0.284252 -0.61858 -0.93565 0.306052 0.175761 -0.238622 0.249705 0.222123 0.942502 0.379187 0.200238 -0.12186 0.972139 0.386091 -0.979717 -0.0170683 0.199659 -0.495408 -0.00773762 -0.992401 -0.122806 0.442154 
1535150944995 0.249507 0.925721 -0.28423 -0.618272 -0.935585 0.306173 0.175897 -0.238521 0.249855 0.222034 0.942483 0.379274 0.200239 -0.121013 0.972245 0.386096 -0.979727 -0.0184072 0.199489 -0.495453 -0.00624441 -0.99248 -0.122246 0.442064 
1535150945065 0.249601 0.925702 -0.284209 -0.617963 -0.93552 0.306293 0.176033 -0.23842 0.250005 0.221945 0.942464 0.379361 0.200239 -0.120167 0.97235 0.386102 -0.979736 -0.0197463 0.199319 -0.495499 -0.00475117 -0.992557 -0.121685 0.441973 
1535150945382 0.249689 0.92565 -0.284302 -0.618167 -0.935525 0.306369 0.17587 -0.23861 0.249896 0.222058 0.942466 0.379307 0.200144 -0.120834 0.972287 0.386049 -0.979749 -0.0187822 0.199346 -0.49553 -0.00582619 -0.992495 -0.122147 0.441974 
1535150945392 0.249885 0.92557 -0.284389 -0.617933 -0.935547 0.306507 0.175517 -0.238479 0.24962 0.2222 0.942506 0.379395 0.200474 -0.121233 0.972169 0.386074 -0.979683 -0.0191571 0.199634 -0.495627 -0.0055784 -0.992439 -0.122611 0.442059 
1535150945399 0.250081 0.92549 -0.284477 -0.617695 -0.935568 0.306645 0.175162 -0.238346 0.249344 0.222343 0.942545 0.379484 0.200806 -0.121631 0.972051 0.386099 -0.979617 -0.0195337 0.199924 -0.495727 -0.00532927 -0.992383 -0.123074 0.442143 
1535150945410 0.250277 0.92541 -0.284564 -0.617457 -0.935589 0.306783 0.174807 -0.238214 0.249068 0.222485 0.942585 0.379573 0.201137 -0.122029 0.971932 0.386124 -0.97955 -0.0199105 0.200214 -0.495826 -0.0050803 -0.992327 -0.123538 0.442228 
1535150945594 0.250473 0.92533 -0.284652 -0.617218 -0.93561 0.306921 0.174452 -0.238081 0.248792 0.222628 0.942624 0.379662 0.201469 -0.122427 0.971814 0.386149 -0.979483 -0.0202874 0.200504 -0.495926 -0.00483149 -0.99227 -0.124002 0.442313 
1535150945607 0.25067 0.92525 -0.28474 -0.61698 -0.935631 0.307059 0.174097 -0.237948 0.248515 0.222771 0.942663 0.379752 0.201802 -0.122824 0.971694 0.386175 -0.979416 -0.0206645 0.200794 -0.496025 -0.00458278 -0.992213 -0.124466 0.442397 
1535150945799 0.250866 0.92517 -0.284827 -0.616742 -0.935651 0.307197 0.173742 -0.237815 0.248239 0.222913 0.942702 0.379841 0.202133 -0.123222 0.971575 0.3862 -0.979348 -0.0210415 0.201082 -0.496124 -0.00433434 -0.992156 -0.12493 0.442482 
1535150945878 0.251062 0.92509 -0.284915 -0.616503 -0.935672 0.307335 0.173387 -0.237682 0.247963 0.223056 0.942741 0.37993 0.202466 -0.123619 0.971455 0.386225 -0.979281 -0.0214188 0.201372 -0.496224 -0.00408595 -0.992099 -0.125394 0.442567 
1535150945883 0.251258 0.92501 -0.285002 -0.616265 -0.935692 0.307473 0.173032 -0.237549 0.247687 0.223199 0.94278 0.380019 0.202798 -0.124016 0.971336 0.38625 -0.979213 -0.021796 0.20166 -0.496323 -0.00383782 -0.992041 -0.125859 0.442651 
1535150946053 0.251455 0.924929 -0.28509 -0.616027 -0.935713 0.30761 0.172677 -0.237416 0.247411 0.223342 0.942818 0.380108 0.20313 -0.124413 0.971215 0.386275 -0.979145 -0.0221735 0.201948 -0.496422 -0.00358982 -0.991983 -0.126323 0.442736 
1535150946199 0.250839 0.925165 -0.284868 -0.616463 -0.935732 0.307112 0.173456 -0.237575 0.247962 0.223051 0.942743 0.379928 0.202521 -0.124037 0.971391 0.386196 -0.97927 -0.0216371 0.201401 -0.496401 -0.00396304 -0.992042 -0.125847 0.44261 
1535150946219 0.250948 0.925127 -0.284896 -0.616329 -0.935726 0.307202 0.173334 -0.237495 0.247877 0.223087 0.942756 0.379954 0.202464 -0.124092 0.971396 0.386185 -0.979275 -0.0202405 0.201521 -0.496462 -0.00534552 -0.992064 -0.125618 0.442586 
1535150946238 0.251058 0.925088 -0.284926 -0.61619 -0.935718 0.307292 0.173212 -0.237412 0.247792 0.223124 0.94277 0.37998 0.202406 -0.124147 0.971401 0.386174 -0.979279 -0.0188431 0.20164 -0.496523 -0.00672869 -0.992085 -0.125388 0.442563 
1535150946368 0.251168 0.925049 -0.284955 -0.616051 -0.935711 0.307382 0.17309 -0.237329 0.247707 0.223161 0.942783 0.380007 0.202348 -0.124203 0.971406 0.386163 -0.97928 -0.0174451 0.201758 -0.496584 -0.00811258 -0.992104 -0.125159 0.442539 
1535150946398 0.251278 0.92501 -0.284984 -0.615912 -0.935704 0.307473 0.172969 -0.237247 0.247622 0.223198 0.942797 0.380033 0.20229 -0.124258 0.971411 0.386152 -0.97928 -0.0160475 0.201876 -0.496645 -0.00949592 -0.99212 -0.124929 0.442516 
1535150946405 0.251388 0.924971 -0.285014 -0.615772 -0.935697 0.307563 0.172847 -0.237164 0.247538 0.223235 0.94281 0.38006 0.202232 -0.124313 0.971416 0.38614 -0.979277 -0.0146498 0.201994 -0.496706 -0.0108794 -0.992135 -0.124699 0.442492 
1535150946593 0.251498 0.924932 -0.285043 -0.615634 -0.93569 0.307653 0.172725 -0.237081 0.247453 0.223272 0.942824 0.380087 0.202174 -0.124369 0.971421 0.386129 -0.979273 -0.0132518 0.202112 -0.496768 -0.0122633 -0.992148 -0.12447 0.442468 
1535150946633 0.251608 0.924893 -0.285073 -0.615494 -0.935683 0.307743 0.172603 -0.236998 0.247368 0.223309 0.942837 0.380113 0.202116 -0.124424 0.971426 0.386118 -0.979267 -0.011854 0.202229 -0.496829 -0.0136468 -0.992158 -0.12424 0.442445 
1535150946640 0.251718 0.924854 -0.285102 -0.615356 -0.935676 0.307834 0.172481 -0.236916 0.247283 0.223346 0.942851 0.38014 0.202058 -0.124479 0.971431 0.386107 -0.979258 -0.0104562 0.202346 -0.49689 -0.0150303 -0.992167 -0.12401 0.442421 
1535150946646 0.251828 0.924815 -0.285131 -0.615216 -0.935668 0.307924 0.172359 -0.236833 0.247199 0.223384 0.942864 0.380167 0.201999 -0.124534 0.971436 0.386096 -0.979248 -0.0090584 0.202462 -0.496951 -0.0164138 -0.992174 -0.123779 0.442398 
1535150947011 0.251439 0.924958 -0.285012 -0.615441 -0.935745 0.307555 0.1726 -0.23687 0.247305 0.2233 0.942856 0.380119 0.201878 -0.124393 0.971479 0.386052 -0.9793 -0.0107508 0.202127 -0.496957 -0.014699 -0.992175 -0.123989 0.442425 
1535150947023 0.251523 0.924943 -0.284984 -0.615224 -0.935715 0.307638 0.172618 -0.236777 0.247334 0.223246 0.942861 0.380171 0.201767 -0.124338 0.971509 0.386041 -0.979314 -0.0101026 0.202095 -0.497046 -0.0153134 -0.992188 -0.123804 0.442407 
1535150947029 0.251608 0.924929 -0.284956 -0.615001 -0.935684 0.30772 0.172636 -0.236683 0.247363 0.223193 0.942866 0.380225 0.201658 -0.124283 0.971539 0.386031 -0.979326 -0.00945431 0.202065 -0.497136 -0.015928 -0.992202 -0.12362 0.442389 
1535150947040 0.251692 0.924914 -0.284929 -0.61478 -0.935654 0.307803 0.172655 -0.236588 0.247392 0.223139 0.942871 0.380278 0.201549 -0.124228 0.971569 0.38602 -0.979339 -0.008806 0.202035 -0.497226 -0.0165427 -0.992215 -0.123436 0.442371 
1535150947047 0.251777 0.9249 -0.284901 -0.614557 -0.935623 0.307885 0.172673 -0.236493 0.247422 0.223085 0.942876 0.380332 0.201439 -0.124173 0.971598 0.386009 -0.979351 -0.00815772 0.202004 -0.497316 -0.0171574 -0.992227 -0.123252 0.442353 
1535150947066 0.251861 0.924885 -0.284874 -0.614335 -0.935593 0.307968 0.172691 -0.236398 0.247451 0.223032 0.942881 0.380385 0.20133 -0.124118 0.971628 0.385999 -0.979362 -0.00750945 0.201974 -0.497406 -0.0177721 -0.992239 -0.123068 0.442335 
1535150947082 0.251946 0.924871 -0.284846 -0.614113 -0.935562 0.30805 0.172709 -0.236304 0.24748 0.222978 0.942886 0.380438 0.201221 -0.124062 0.971658 0.385988 -0.979373 -0.00686111 0.201943 -0.497496 -0.0183868 -0.992251 -0.122884 0.442318 
1535150947189 0.25203 0.924856 -0.284819 -0.61389 -0.935532 0.308133 0.172727 -0.236208 0.24751 0.222925 0.942891 0.380492 0.201112 -0.124007 0.971687 0.385978 -0.979384 -0.00621285 0.201912 -0.497586 -0.0190015 -0.992262 -0.1227 0.4423 
1535150947265 0.252115 0.924842 -0.284792 -0.613669 -0.935501 0.308215 0.172745 -0.236114 0.247539 0.222871 0.942896 0.380545 0.201003 -0.123951 0.971717 0.385967 -0.979394 -0.00556452 0.201881 -0.497676 -0.0196163 -0.992273 -0.122516 0.442282 
1535150947295 0.252199 0.924827 -0.284764 -0.613447 -0.935471 0.308297 0.172763 -0.236019 0.247568 0.222818 0.942901 0.380599 0.200894 -0.123896 0.971747 0.385956 -0.979404 -0.00491619 0.20185 -0.497766 -0.020231 -0.992283 -0.122332 0.442264 
1535150947629 0.251743 0.924944 -0.284786 -0.613692 -0.935636 0.307828 0.172704 -0.236055 0.247407 0.222979 0.942905 0.380501 0.201243 -0.124193 0.971636 0.385974 -0.979369 -0.00688986 0.201963 -0.497451 -0.018388 -0.992234 -0.123017 0.442267 
1535150947639 0.251873 0.924965 -0.284606 -0.613408 -0.935641 0.307883 0.17258 -0.235953 0.247256 0.22282 0.942982 0.380576 0.200967 -0.124207 0.971692 0.385971 -0.979421 -0.00663131 0.201718 -0.497563 -0.0186112 -0.992234 -0.122984 0.442256 
1535150947647 0.252004 0.924984 -0.284426 -0.613121 -0.935646 0.307937 0.172455 -0.235849 0.247103 0.222663 0.943059 0.380652 0.200692 -0.124222 0.971747 0.385968 -0.979473 -0.00637354 0.201473 -0.497674 -0.0188338 -0.992234 -0.122951 0.442245 
1535150947657 0.252134 0.925004 -0.284247 -0.612833 -0.935651 0.307992 0.17233 -0.235745 0.246951 0.222506 0.943136 0.380728 0.200417 -0.124236 0.971802 0.385965 -0.979525 -0.00611575 0.201228 -0.497786 -0.0190564 -0.992234 -0.122918 0.442234 
1535150947678 0.252265 0.925023 -0.284067 -0.612545 -0.935656 0.308047 0.172204 -0.235641 0.246799 0.222348 0.943213 0.380803 0.200142 -0.12425 0.971857 0.385962 -0.979577 -0.00585801 0.200983 -0.497898 -0.019279 -0.992234 -0.122885 0.442223 
1535150947692 0.252395 0.925043 -0.283888 -0.612259 -0.935661 0.308102 0.172079 -0.235537 0.246647 0.222191 0.94329 0.380879 0.199866 -0.124264 0.971912 0.385959 -0.979629 -0.00560011 0.200737 -0.498009 -0.0195016 -0.992233 -0.122852 0.442212 
1535150947710 0.252525 0.925063 -0.283708 -0.61197 -0.935666 0.308156 0.171954 -0.235433 0.246495 0.222033 0.943367 0.380955 0.199591 -0.124279 0.971966 0.385957 -0.979681 -0.00534244 0.200492 -0.498121 -0.0197242 -0.992233 -0.12282 0.442201 
1535150947730 0.252655 0.925082 -0.283528 -0.611683 -0.935671 0.308211 0.171829 -0.235329 0.246342 0.221876 0.943444 0.381031 0.199315 -0.124293 0.972021 0.385954 -0.979732 -0.00508456 0.200246 -0.498233 -0.0199469 -0.992233 -0.122787 0.44219 
1535150947746 0.252785 0.925102 -0.283349 -0.611396 -0.935676 0.308266 0.171704 -0.235226 0.24619 0.221718 0.943521 0.381106 0.199041 -0.124307 0.972075 0.385951 -0.979784 -0.00482691 0.200002 -0.498344 -0.0201694 -0.992232 -0.122754 0.442179 
1535150947850 0.252916 0.925121 -0.283169 -0.611108 -0.935681 0.308321 0.171578 -0.235121 0.246038 0.221561 0.943597 0.381182 0.198765 -0.124321 0.97213 0.385948 -0.979835 -0.00456901 0.199756 -0.498456 -0.0203921 -0.992232 -0.122722 0.442168 
1535150948288 0.252393 0.925191 -0.283408 -0.611417 -0.935776 0.307907 0.171802 -0.235077 0.246213 0.221844 0.943485 0.381097 0.199933 -0.124125 0.971916 0.385985 -0.979619 -0.00577296 0.20078 -0.497965 -0.0193111 -0.99225 -0.12275 0.442273 
1535150948301 0.252701 0.925176 -0.283183 -0.611117 -0.93573 0.308126 0.171659 -0.234945 0.246071 0.221604 0.943579 0.381144 0.199794 -0.123594 0.972012 0.385986 -0.979663 -0.00643406 0.200548 -0.498105 -0.0185326 -0.992312 -0.122366 0.442189 
1535150948317 0.253008 0.92516 -0.282959 -0.610812 -0.935685 0.308344 0.171516 -0.234811 0.245928 0.221365 0.943672 0.381192 0.199722 -0.123038 0.972097 0.38599 -0.979693 -0.00714385 0.200378 -0.49822 -0.0177096 -0.992376 -0.121966 0.442108 
1535150948323 0.253316 0.925145 -0.282734 -0.610508 -0.935639 0.308563 0.171373 -0.234677 0.245786 0.221126 0.943765 0.38124 0.19965 -0.122482 0.972182 0.385994 -0.979722 -0.0078538 0.200208 -0.498334 -0.0168866 -0.99244 -0.121566 0.442026 
1535150948411 0.253623 0.925129 -0.28251 -0.610203 -0.935593 0.308781 0.17123 -0.234543 0.245643 0.220886 0.943858 0.381288 0.199577 -0.121926 0.972267 0.385998 -0.97975 -0.00856387 0.200039 -0.498449 -0.0160636 -0.992502 -0.121166 0.441945 
