1535148681720 0.21906 0.920077 -0.324763 -0.484807 -0.942397 0.28575 0.17388 -0.177254 0.252785 0.267966 0.929674 0.465639 0.310492 -0.251019 0.916834 0.357059 -0.949458 -0.128665 0.286313 -0.502484 0.0460945 -0.959393 -0.278281 0.463743 
1535148681734 0.222379 0.921015 -0.31981 -0.499855 -0.942135 0.287402 0.172573 -0.183804 0.250856 0.262928 0.931633 0.456315 0.293691 -0.24067 0.925107 0.359751 -0.955507 -0.101693 0.276886 -0.500675 0.0274388 -0.965265 -0.259828 0.461394 
1535148681741 0.225685 0.921922 -0.314843 -0.514905 -0.941865 0.289058 0.171274 -0.190354 0.248909 0.257885 0.933563 0.446991 0.277033 -0.229788 0.932979 0.362442 -0.960823 -0.0747732 0.266885 -0.498861 0.00843472 -0.970364 -0.241501 0.459045 
1535148682741 0.228979 0.922797 -0.309862 -0.529955 -0.941588 0.29072 0.169984 -0.196905 0.246944 0.252839 0.935463 0.437667 0.260537 -0.218386 0.94044 0.365134 -0.965402 -0.0479331 0.256321 -0.497048 -0.0108987 -0.974685 -0.223319 0.456695 
1535148682958 0.232261 0.92364 -0.304867 -0.545003 -0.941302 0.292387 0.168703 -0.203455 0.24496 0.247789 0.937334 0.428343 0.244218 -0.206474 0.947484 0.367825 -0.969239 -0.0212001 0.245206 -0.495235 -0.0305417 -0.978222 -0.2053 0.454346 
1535148683475 0.235532 0.924451 -0.299859 -0.560052 -0.941008 0.294059 0.16743 -0.210005 0.242957 0.242735 0.939176 0.419019 0.228092 -0.194064 0.954103 0.370516 -0.97233 0.00539891 0.233548 -0.493421 -0.0504744 -0.980974 -0.187463 0.451996 
1535148684267 0.23879 0.925229 -0.294839 -0.575101 -0.940707 0.295736 0.166166 -0.216556 0.240936 0.237678 0.940988 0.409695 0.212177 -0.18117 0.960291 0.373207 -0.974672 0.0318368 0.221361 -0.491607 -0.0706765 -0.982936 -0.169826 0.449646 
1535148684453 0.242036 0.925976 -0.289806 -0.59015 -0.940397 0.297419 0.164911 -0.223106 0.238897 0.232618 0.942771 0.40037 0.196489 -0.167804 0.96604 0.375898 -0.976262 0.0580865 0.208658 -0.489793 -0.0911275 -0.984108 -0.152407 0.447297 
1535148685528 0.24527 0.92669 -0.28476 -0.6052 -0.94008 0.299106 0.163665 -0.229657 0.23684 0.227555 0.944524 0.391046 0.181044 -0.15398 0.971346 0.378588 -0.977099 0.0841215 0.195451 -0.487977 -0.111806 -0.984487 -0.135224 0.444947 
1535148685705 0.248492 0.927372 -0.279701 -0.62025 -0.939754 0.300798 0.162427 -0.236207 0.234764 0.222489 0.946248 0.381722 0.165856 -0.139711 0.976203 0.381279 -0.977182 0.109915 0.181753 -0.486163 -0.132693 -0.984073 -0.118293 0.442598 
1535148687404 0.249541 0.927022 -0.279927 -0.62005 -0.939484 0.301834 0.16207 -0.236483 0.234734 0.222544 0.946242 0.382315 0.16586 -0.139681 0.976207 0.381205 -0.977274 0.10923 0.18167 -0.486248 -0.132007 -0.984153 -0.11839 0.442833 
1535148687419 0.249759 0.927123 -0.279399 -0.62157 -0.939477 0.301902 0.161982 -0.237108 0.234528 0.222033 0.946413 0.381324 0.168984 -0.14064 0.975533 0.381356 -0.977996 0.0989356 0.183674 -0.486835 -0.122347 -0.985105 -0.120827 0.443583 
1535148687764 0.249975 0.927224 -0.27887 -0.623096 -0.939471 0.301968 0.161895 -0.237736 0.234322 0.221521 0.946584 0.380332 0.17203 -0.141443 0.974884 0.381698 -0.978428 0.0903813 0.185769 -0.487083 -0.114387 -0.985812 -0.122843 0.444011 
1535148687771 0.250191 0.927325 -0.27834 -0.624622 -0.939465 0.302034 0.161808 -0.238364 0.234116 0.221008 0.946755 0.37934 0.175081 -0.142219 0.974228 0.382039 -0.978785 0.0818191 0.187844 -0.487331 -0.106425 -0.986448 -0.124877 0.444439 
1535148687792 0.250407 0.927425 -0.277811 -0.626147 -0.939459 0.302099 0.16172 -0.238992 0.23391 0.220496 0.946925 0.378349 0.178139 -0.142968 0.973564 0.38238 -0.979067 0.0732493 0.189902 -0.487579 -0.0984628 -0.987013 -0.126927 0.444867 
1535148688260 0.250623 0.927525 -0.277281 -0.627673 -0.939452 0.302165 0.161633 -0.23962 0.233704 0.219983 0.947095 0.377357 0.1812 -0.14369 0.972892 0.382721 -0.979273 0.0646729 0.191941 -0.487826 -0.0904998 -0.987507 -0.128993 0.445294 
1535148688352 0.250839 0.927625 -0.276751 -0.629197 -0.939446 0.302231 0.161546 -0.240247 0.233497 0.219471 0.947265 0.376365 0.184266 -0.144385 0.972213 0.383062 -0.979405 0.0560906 0.193959 -0.488074 -0.0825369 -0.987931 -0.131076 0.445722 
1535148688759 0.251054 0.927725 -0.276221 -0.630723 -0.93944 0.302297 0.161459 -0.240875 0.233291 0.218958 0.947435 0.375373 0.187337 -0.145053 0.971527 0.383403 -0.979461 0.0475029 0.195959 -0.488321 -0.0745748 -0.988283 -0.133175 0.44615 
1535148688827 0.25127 0.927824 -0.275691 -0.632248 -0.939433 0.302364 0.161372 -0.241502 0.233084 0.218446 0.947604 0.374382 0.190411 -0.145694 0.970833 0.383744 -0.979442 0.0389105 0.197939 -0.488569 -0.0666142 -0.988564 -0.13529 0.446577 
1535148689247 0.251485 0.927923 -0.275161 -0.633774 -0.939427 0.30243 0.161285 -0.24213 0.232877 0.217933 0.947773 0.37339 0.19349 -0.146308 0.970132 0.384086 -0.979347 0.0303141 0.199899 -0.488817 -0.0586556 -0.988775 -0.137421 0.447005 
1535148689745 0.252175 0.927643 -0.275473 -0.633528 -0.93921 0.303174 0.16115 -0.242355 0.233006 0.21809 0.947705 0.373685 0.193007 -0.14607 0.970264 0.383999 -0.979364 0.0317399 0.199595 -0.488709 -0.0599509 -0.988765 -0.13693 0.446915 
1535148689756 0.251677 0.927402 -0.276737 -0.633708 -0.939249 0.303006 0.161239 -0.242489 0.233386 0.219345 0.947322 0.373716 0.193957 -0.146734 0.969974 0.384067 -0.979218 0.0307755 0.200461 -0.48889 -0.0592659 -0.988697 -0.137716 0.447018 
1535148689763 0.25118 0.92716 -0.278 -0.633888 -0.939288 0.302838 0.161329 -0.242623 0.233766 0.220599 0.946937 0.373747 0.194909 -0.147398 0.969683 0.384136 -0.97907 0.0298107 0.201327 -0.489076 -0.0585821 -0.988628 -0.138502 0.447121 
1535148689769 0.250681 0.926915 -0.279261 -0.634069 -0.939327 0.30267 0.161419 -0.242757 0.234145 0.221853 0.94655 0.373777 0.195861 -0.14806 0.96939 0.384205 -0.978921 0.0288453 0.202192 -0.489262 -0.057899 -0.988558 -0.13929 0.447224 
1535148689784 0.250182 0.926669 -0.280523 -0.63425 -0.939365 0.302502 0.161509 -0.242892 0.234524 0.223107 0.946162 0.373808 0.196814 -0.148722 0.969096 0.384274 -0.97877 0.0278792 0.203057 -0.489449 -0.0572166 -0.988486 -0.140077 0.447327 
1535148689982 0.249683 0.926421 -0.281784 -0.63443 -0.939404 0.302335 0.161599 -0.243026 0.234902 0.22436 0.945771 0.373839 0.197766 -0.149382 0.9688 0.384343 -0.978618 0.0269126 0.20392 -0.489634 -0.056535 -0.988413 -0.140866 0.447429 
1535148690165 0.249183 0.926172 -0.283044 -0.634611 -0.939442 0.302167 0.16169 -0.24316 0.235279 0.225613 0.94538 0.373869 0.19872 -0.150042 0.968503 0.384412 -0.978464 0.0259453 0.204783 -0.489821 -0.055854 -0.988339 -0.141654 0.447533 
1535148690257 0.248683 0.92592 -0.284304 -0.634792 -0.93948 0.302 0.161781 -0.243294 0.235656 0.226866 0.944986 0.3739 0.199673 -0.1507 0.968205 0.384481 -0.978308 0.0249775 0.205644 -0.490006 -0.0551739 -0.988264 -0.142444 0.447635 
1535148690450 0.248182 0.925667 -0.285563 -0.634973 -0.939518 0.301832 0.161872 -0.243429 0.236032 0.228118 0.944591 0.373931 0.200627 -0.151357 0.967905 0.384551 -0.978151 0.024009 0.206505 -0.490194 -0.0544944 -0.988188 -0.143233 0.447739 
1535148690458 0.24768 0.925412 -0.286822 -0.635153 -0.939556 0.301665 0.161964 -0.243563 0.236407 0.22937 0.944193 0.373962 0.201581 -0.152014 0.967604 0.384619 -0.977992 0.02304 0.207364 -0.490379 -0.0538158 -0.98811 -0.144024 0.447841 
1535148690793 0.248073 0.925597 -0.285883 -0.635006 -0.939522 0.301808 0.161895 -0.243485 0.236131 0.228432 0.94449 0.373866 0.201117 -0.151789 0.967736 0.384516 -0.978063 0.0236078 0.206966 -0.49027 -0.0542613 -0.988131 -0.143712 0.447699 
1535148690801 0.247294 0.925864 -0.285694 -0.635064 -0.939546 0.301206 0.162873 -0.243653 0.236851 0.228145 0.944379 0.373877 0.202665 -0.151441 0.967467 0.384553 -0.978034 0.0178723 0.207676 -0.49041 -0.0487415 -0.988305 -0.144492 0.447795 
1535148690808 0.246516 0.926131 -0.285502 -0.635125 -0.939569 0.300604 0.163852 -0.243822 0.237571 0.227857 0.944268 0.373887 0.204212 -0.151083 0.967198 0.384593 -0.977972 0.0121362 0.208383 -0.490554 -0.0432213 -0.988447 -0.145277 0.447891 
1535148691034 0.245737 0.926397 -0.285309 -0.635187 -0.93959 0.300001 0.164831 -0.243991 0.238292 0.227569 0.944155 0.373897 0.205757 -0.150716 0.966927 0.384631 -0.977877 0.00640011 0.209085 -0.490699 -0.0377009 -0.988556 -0.146065 0.447987 
1535148691207 0.244959 0.926663 -0.285116 -0.635249 -0.939611 0.299398 0.165809 -0.244161 0.239012 0.227281 0.944043 0.373908 0.2073 -0.150341 0.966656 0.384671 -0.977748 0.000663991 0.209782 -0.490844 -0.0321806 -0.988634 -0.146858 0.448083 
1535148691221 0.24418 0.926928 -0.284922 -0.635309 -0.93963 0.298794 0.166787 -0.24433 0.239732 0.226995 0.943929 0.373918 0.20884 -0.149956 0.966385 0.384709 -0.977586 -0.00507177 0.210474 -0.490987 -0.0266605 -0.98868 -0.147654 0.448179 
1535148691378 0.243402 0.927193 -0.284726 -0.635371 -0.939648 0.298189 0.167765 -0.2445 0.240453 0.226708 0.943815 0.373928 0.210378 -0.149562 0.966112 0.384749 -0.977391 -0.0108072 0.211161 -0.491133 -0.0211408 -0.988693 -0.148455 0.448276 
1535148691617 0.242624 0.927457 -0.284531 -0.635432 -0.939664 0.297585 0.168742 -0.244669 0.241173 0.226422 0.943699 0.373938 0.211913 -0.14916 0.965839 0.384787 -0.977164 -0.0165419 0.211843 -0.491277 -0.0156217 -0.988675 -0.149259 0.448372 
1535148691623 0.241845 0.927721 -0.284334 -0.635495 -0.93968 0.296979 0.16972 -0.244839 0.241894 0.226137 0.943583 0.373948 0.213447 -0.148748 0.965564 0.384827 -0.976902 -0.0222759 0.212521 -0.491422 -0.0101033 -0.988624 -0.150067 0.448468 
1535148691724 0.241067 0.927984 -0.284136 -0.635556 -0.939694 0.296374 0.170697 -0.245008 0.242614 0.225852 0.943467 0.373959 0.214977 -0.148328 0.96529 0.384865 -0.976608 -0.0280088 0.213194 -0.491566 -0.00458588 -0.988542 -0.150879 0.448564 
1535148692306 0.241519 0.927869 -0.284125 -0.635507 -0.93968 0.296708 0.170193 -0.244835 0.242219 0.225881 0.943561 0.373971 0.214332 -0.148478 0.96541 0.384804 -0.976744 -0.0266881 0.212743 -0.491549 -0.00582284 -0.988555 -0.150745 0.448474 
1535148692320 0.241241 0.92812 -0.283542 -0.635499 -0.939881 0.296215 0.169941 -0.244916 0.241716 0.225499 0.943782 0.373955 0.214184 -0.148142 0.965494 0.384795 -0.97678 -0.0272339 0.212509 -0.491572 -0.00518738 -0.988591 -0.150536 0.448438 
1535148692336 0.240961 0.928371 -0.282959 -0.635497 -0.940082 0.295721 0.16969 -0.244999 0.241213 0.225116 0.944002 0.373938 0.214037 -0.147806 0.965578 0.384785 -0.976815 -0.0277811 0.212275 -0.491595 -0.00455073 -0.988626 -0.150325 0.448402 
1535148692428 0.240681 0.928621 -0.282376 -0.635495 -0.940283 0.295227 0.169439 -0.245083 0.24071 0.224732 0.944221 0.373921 0.213888 -0.14747 0.965663 0.384776 -0.97685 -0.0283282 0.21204 -0.491618 -0.0039141 -0.988661 -0.150115 0.448366 
1535148692472 0.240401 0.92887 -0.281793 -0.635493 -0.940483 0.294733 0.169188 -0.245167 0.240207 0.224348 0.944441 0.373905 0.213741 -0.147134 0.965747 0.384766 -0.976885 -0.0288755 0.211807 -0.49164 -0.00327753 -0.988695 -0.149905 0.44833 
1535148692595 0.24012 0.92912 -0.281209 -0.63549 -0.940683 0.294239 0.168936 -0.24525 0.239704 0.223964 0.94466 0.373888 0.213592 -0.146798 0.965831 0.384757 -0.976919 -0.0294227 0.211572 -0.491663 -0.00264097 -0.988729 -0.149694 0.448294 
1535148692673 0.239839 0.929369 -0.280626 -0.635488 -0.940882 0.293745 0.168684 -0.245334 0.239202 0.223579 0.944878 0.373871 0.213443 -0.146462 0.965915 0.384748 -0.976953 -0.0299701 0.211338 -0.491686 -0.00200446 -0.988762 -0.149483 0.448257 
1535148692741 0.239558 0.929617 -0.280043 -0.635485 -0.941082 0.293252 0.168431 -0.245417 0.238699 0.223194 0.945096 0.373854 0.213295 -0.146126 0.965998 0.384738 -0.976987 -0.0305175 0.211105 -0.491709 -0.00136798 -0.988795 -0.149272 0.448221 
1535148692781 0.239276 0.929865 -0.279459 -0.635483 -0.941281 0.292758 0.168178 -0.245501 0.238197 0.222809 0.945314 0.373838 0.213146 -0.14579 0.966082 0.384729 -0.97702 -0.0310651 0.210871 -0.491731 -0.000731504 -0.988828 -0.149061 0.448185 
1535148692830 0.238994 0.930113 -0.278876 -0.63548 -0.941479 0.292264 0.167925 -0.245584 0.237694 0.222423 0.945531 0.373821 0.212996 -0.145454 0.966165 0.384719 -0.977053 -0.0316126 0.210637 -0.491754 -9.5118e-05 -0.98886 -0.14885 0.448149 
1535148693081 0.239395 0.929774 -0.279661 -0.63546 -0.9412 0.292955 0.168288 -0.245471 0.238398 0.22293 0.945235 0.373878 0.213237 -0.146068 0.96602 0.384769 -0.977 -0.0304717 0.211053 -0.491723 -0.00139181 -0.988805 -0.149206 0.448203 
1535148693093 0.239901 0.929751 -0.279305 -0.635415 -0.941186 0.293266 0.167819 -0.24542 0.237941 0.222618 0.945423 0.373839 0.213008 -0.148082 0.965764 0.3848 -0.977043 -0.0283368 0.211151 -0.491815 -0.00390096 -0.988569 -0.150718 0.448401 
1535148693101 0.240408 0.929727 -0.278949 -0.635366 -0.941173 0.293578 0.16735 -0.245367 0.237483 0.222307 0.945612 0.373801 0.212773 -0.150091 0.965505 0.384832 -0.977081 -0.0262167 0.211249 -0.491905 -0.00639413 -0.988325 -0.152229 0.448599 
1535148693283 0.240914 0.929702 -0.278593 -0.635315 -0.941159 0.29389 0.16688 -0.245313 0.237025 0.221997 0.9458 0.373763 0.212532 -0.152099 0.965244 0.384864 -0.977114 -0.0240963 0.211349 -0.491995 -0.00888714 -0.988071 -0.153739 0.448796 
1535148693318 0.241421 0.929677 -0.278237 -0.635265 -0.941144 0.294202 0.166411 -0.24526 0.236566 0.221686 0.945987 0.373726 0.212287 -0.154106 0.96498 0.384895 -0.977141 -0.0219763 0.211453 -0.492085 -0.0113795 -0.98781 -0.155248 0.448994 
1535148693449 0.241927 0.929653 -0.277881 -0.635216 -0.941129 0.294515 0.165942 -0.245207 0.236108 0.221376 0.946174 0.373687 0.212037 -0.156112 0.964712 0.384927 -0.977163 -0.0198562 0.21156 -0.492176 -0.0138715 -0.98754 -0.156757 0.449191 
1535148693492 0.242432 0.929627 -0.277524 -0.635165 -0.941114 0.294827 0.165472 -0.245153 0.235649 0.221066 0.946361 0.37365 0.211781 -0.158117 0.964442 0.384958 -0.97718 -0.0177365 0.211671 -0.492266 -0.0163629 -0.987261 -0.158265 0.449388 
1535148693499 0.242938 0.929602 -0.277167 -0.635116 -0.941099 0.295139 0.165003 -0.2451 0.23519 0.220756 0.946548 0.373612 0.211521 -0.160121 0.964168 0.38499 -0.977192 -0.0156168 0.211785 -0.492356 -0.0188539 -0.986974 -0.159772 0.449586 
1535148693658 0.243443 0.929576 -0.27681 -0.635065 -0.941083 0.295452 0.164534 -0.245047 0.234731 0.220446 0.946734 0.373574 0.211255 -0.162123 0.963892 0.385021 -0.977198 -0.0134971 0.211901 -0.492446 -0.0213444 -0.986678 -0.161278 0.449783 
1535148693698 0.243949 0.92955 -0.276452 -0.635016 -0.941066 0.295765 0.164065 -0.244994 0.234272 0.220136 0.94692 0.373536 0.210985 -0.164125 0.963612 0.385053 -0.977199 -0.0113778 0.212022 -0.492536 -0.0238343 -0.986374 -0.162783 0.449981 
1535148694188 0.243211 0.929592 -0.276959 -0.635053 -0.941111 0.295286 0.164671 -0.245105 0.234859 0.2206 0.946666 0.373552 0.210972 -0.162968 0.963811 0.385078 -0.977229 -0.012271 0.211834 -0.492448 -0.0226951 -0.986555 -0.161845 0.449882 
1535148694200 0.244049 0.92943 -0.276767 -0.634843 -0.941042 0.295914 0.163935 -0.244964 0.234265 0.220441 0.94685 0.37361 0.207341 -0.161124 0.964909 0.384961 -0.97786 -0.00563951 0.209182 -0.492172 -0.0282627 -0.986918 -0.158726 0.449231 
1535148694207 0.244887 0.929267 -0.276573 -0.634631 -0.940972 0.296543 0.163199 -0.244823 0.233671 0.220282 0.947034 0.373668 0.203717 -0.159254 0.96599 0.384841 -0.978445 0.000987432 0.206506 -0.49189 -0.0338408 -0.987237 -0.15562 0.44858 
1535148694429 0.245725 0.929104 -0.276379 -0.634419 -0.940901 0.297172 0.162463 -0.244681 0.233077 0.220124 0.947217 0.373726 0.200102 -0.157358 0.967056 0.384723 -0.978981 0.00760907 0.203808 -0.491608 -0.0394293 -0.987512 -0.152528 0.447929 
1535148694604 0.246563 0.92894 -0.276184 -0.634206 -0.940829 0.297802 0.161726 -0.244539 0.232482 0.219966 0.9474 0.373784 0.196496 -0.155437 0.968106 0.384603 -0.97947 0.0142251 0.201086 -0.491326 -0.0450277 -0.987743 -0.149451 0.447278 
1535148694668 0.247401 0.928775 -0.275988 -0.633995 -0.940756 0.298431 0.16099 -0.244398 0.231887 0.219808 0.947583 0.373842 0.192898 -0.153491 0.969139 0.384485 -0.979911 0.020835 0.198342 -0.491046 -0.0506358 -0.98793 -0.146388 0.446627 
1535148694783 0.248238 0.92861 -0.275792 -0.633782 -0.940682 0.29906 0.160254 -0.244256 0.231292 0.219652 0.947764 0.373901 0.18931 -0.151519 0.970157 0.384365 -0.980305 0.0274387 0.195575 -0.490763 -0.0562533 -0.988073 -0.143341 0.445975 
1535148695022 0.249076 0.928444 -0.275596 -0.63357 -0.940606 0.299689 0.159517 -0.244114 0.230696 0.219495 0.947946 0.373959 0.185731 -0.149523 0.971158 0.384247 -0.98065 0.0340356 0.192787 -0.490482 -0.0618799 -0.988172 -0.140308 0.445324 
1535148695033 0.249912 0.928278 -0.275398 -0.633357 -0.94053 0.300318 0.158782 -0.243972 0.230101 0.219339 0.948127 0.374017 0.182161 -0.147501 0.972142 0.384127 -0.980948 0.0406255 0.189975 -0.4902 -0.0675152 -0.988227 -0.13729 0.444673 
1535148695217 0.250749 0.928111 -0.2752 -0.633145 -0.940453 0.300947 0.158046 -0.24383 0.229505 0.219183 0.948307 0.374075 0.178601 -0.145454 0.973111 0.384008 -0.981198 0.0472078 0.187142 -0.489919 -0.073159 -0.988238 -0.134288 0.444022 
1535148695872 0.250363 0.928166 -0.275365 -0.633276 -0.940473 0.300685 0.158427 -0.244001 0.229845 0.21931 0.948196 0.374071 0.17911 -0.145424 0.973022 0.38413 -0.981237 0.0453413 0.187399 -0.490001 -0.0713705 -0.98833 -0.134575 0.444448 
1535148695894 0.250553 0.928097 -0.275424 -0.632947 -0.940423 0.300876 0.158363 -0.243855 0.229845 0.219337 0.948189 0.374191 0.178934 -0.145397 0.973058 0.384135 -0.981228 0.0459332 0.1873 -0.490069 -0.0719285 -0.988307 -0.134448 0.444317 
1535148695911 0.250701 0.928037 -0.275492 -0.632621 -0.940381 0.301032 0.158316 -0.243718 0.229856 0.219377 0.948177 0.374308 0.178757 -0.145369 0.973095 0.38414 -0.981219 0.0465255 0.1872 -0.490136 -0.0724867 -0.988283 -0.134322 0.444186 
1535148695930 0.250849 0.927977 -0.27556 -0.632295 -0.940338 0.301188 0.15827 -0.243581 0.229866 0.219418 0.948165 0.374426 0.178579 -0.145341 0.973132 0.384145 -0.98121 0.0471178 0.187099 -0.490204 -0.073045 -0.988259 -0.134196 0.444054 
1535148695993 0.250997 0.927917 -0.275628 -0.631969 -0.940296 0.301345 0.158223 -0.243443 0.229877 0.219458 0.948153 0.374543 0.178402 -0.145313 0.973169 0.38415 -0.981201 0.0477102 0.186998 -0.490272 -0.0736033 -0.988235 -0.13407 0.443923 
1535148696004 0.251146 0.927857 -0.275696 -0.631643 -0.940254 0.301501 0.158177 -0.243307 0.229888 0.219499 0.948141 0.37466 0.178223 -0.145285 0.973205 0.384155 -0.981191 0.0483026 0.186897 -0.49034 -0.0741616 -0.98821 -0.133944 0.443792 
1535148696025 0.251294 0.927796 -0.275764 -0.631316 -0.940212 0.301657 0.15813 -0.243169 0.229898 0.219539 0.948129 0.374778 0.178047 -0.145257 0.973242 0.384159 -0.981181 0.0488947 0.186796 -0.490407 -0.0747198 -0.988185 -0.133818 0.443661 
1535148696043 0.251442 0.927736 -0.275831 -0.630991 -0.940169 0.301813 0.158083 -0.243032 0.229909 0.219579 0.948117 0.374895 0.177868 -0.145229 0.973279 0.384164 -0.981171 0.0494871 0.186695 -0.490475 -0.0752782 -0.98816 -0.133692 0.44353 
1535148696138 0.251591 0.927675 -0.275899 -0.630664 -0.940127 0.301969 0.158037 -0.242894 0.22992 0.21962 0.948105 0.375013 0.177691 -0.1452 0.973315 0.384169 -0.98116 0.0500792 0.186594 -0.490543 -0.0758364 -0.988134 -0.133566 0.443398 
1535148696168 0.251739 0.927615 -0.275967 -0.630338 -0.940085 0.302125 0.15799 -0.242758 0.229931 0.21966 0.948093 0.375131 0.177514 -0.145172 0.973352 0.384174 -0.981149 0.0506714 0.186493 -0.49061 -0.0763946 -0.988108 -0.13344 0.443267 
1535148696379 0.250566 0.928028 -0.275646 -0.631881 -0.940413 0.300933 0.158315 -0.243254 0.229871 0.219553 0.948133 0.374491 0.17823 -0.145295 0.973203 0.384182 -0.98121 0.0480311 0.186867 -0.490328 -0.0738949 -0.988222 -0.134004 0.44387 
1535148696390 0.25052 0.92801 -0.275748 -0.631406 -0.940292 0.301033 0.15884 -0.243111 0.230414 0.219492 0.948015 0.374638 0.178262 -0.145365 0.973186 0.384234 -0.981191 0.0481858 0.186926 -0.49044 -0.0740663 -0.988204 -0.134041 0.443754 
1535148696497 0.250474 0.927992 -0.275852 -0.630926 -0.940171 0.301134 0.159366 -0.242966 0.230958 0.219431 0.947897 0.374787 0.178296 -0.145435 0.97317 0.384286 -0.981172 0.0483412 0.186986 -0.490552 -0.0742385 -0.988186 -0.134078 0.443639 
1535148696545 0.250428 0.927974 -0.275955 -0.630447 -0.940049 0.301234 0.159892 -0.242822 0.231502 0.21937 0.947778 0.374935 0.178328 -0.145505 0.973153 0.384338 -0.981153 0.0484966 0.187046 -0.490664 -0.0744107 -0.988168 -0.134114 0.443523 
1535148696552 0.250381 0.927955 -0.276058 -0.629967 -0.939927 0.301335 0.160418 -0.242676 0.232046 0.219309 0.947659 0.375084 0.178362 -0.145575 0.973137 0.38439 -0.981134 0.048652 0.187105 -0.490777 -0.0745829 -0.98815 -0.134151 0.443407 
1535148696681 0.250335 0.927937 -0.276161 -0.629487 -0.939805 0.301435 0.160943 -0.242531 0.23259 0.219248 0.94754 0.375232 0.178394 -0.145645 0.97312 0.384442 -0.981115 0.0488075 0.187165 -0.490889 -0.0747551 -0.988132 -0.134187 0.443291 
1535148696700 0.250289 0.927919 -0.276264 -0.629008 -0.939683 0.301535 0.161469 -0.242387 0.233134 0.219187 0.947421 0.37538 0.178427 -0.145715 0.973104 0.384494 -0.981096 0.0489628 0.187225 -0.491001 -0.0749273 -0.988114 -0.134224 0.443176 
1535148696732 0.250243 0.927901 -0.276368 -0.628527 -0.93956 0.301636 0.161995 -0.242241 0.233677 0.219126 0.947301 0.375529 0.17846 -0.145785 0.973087 0.384547 -0.981077 0.0491183 0.187284 -0.491114 -0.0750995 -0.988096 -0.13426 0.44306 
1535148696738 0.250196 0.927882 -0.276471 -0.628048 -0.939437 0.301736 0.16252 -0.242096 0.234221 0.219065 0.947181 0.375677 0.178493 -0.145855 0.973071 0.384599 -0.981058 0.0492737 0.187344 -0.491226 -0.0752717 -0.988078 -0.134297 0.442944 
1535148696861 0.25015 0.927864 -0.276574 -0.627567 -0.939314 0.301836 0.163046 -0.241951 0.234764 0.219004 0.94706 0.375826 0.178526 -0.145925 0.973054 0.384651 -0.981039 0.049429 0.187404 -0.491338 -0.0754439 -0.98806 -0.134333 0.442829 
1535148697301 0.250311 0.927856 -0.276457 -0.627755 -0.939301 0.301942 0.162923 -0.242089 0.234643 0.218895 0.947115 0.3758 0.178347 -0.145809 0.973104 0.384463 -0.981105 0.0490308 0.18716 -0.491089 -0.0750016 -0.988097 -0.134309 0.443156 
1535148697315 0.250358 0.927868 -0.276374 -0.627421 -0.939256 0.302003 0.16307 -0.241961 0.234773 0.21876 0.947114 0.375885 0.178487 -0.145712 0.973093 0.384535 -0.981092 0.04887 0.187272 -0.491189 -0.074843 -0.988119 -0.134235 0.443056 
1535148697332 0.250408 0.927879 -0.27629 -0.627082 -0.939211 0.302066 0.163216 -0.241831 0.234902 0.218624 0.947114 0.37597 0.178627 -0.145616 0.973082 0.384607 -0.981078 0.0487076 0.187384 -0.49129 -0.0746826 -0.988141 -0.13416 0.442957 
1535148697343 0.250457 0.927891 -0.276207 -0.626744 -0.939165 0.302129 0.163362 -0.241702 0.235032 0.218489 0.947113 0.376055 0.178768 -0.14552 0.97307 0.38468 -0.981065 0.048545 0.187497 -0.491391 -0.0745222 -0.988164 -0.134086 0.442857 
1535148697410 0.250507 0.927902 -0.276123 -0.626405 -0.93912 0.302192 0.163507 -0.241572 0.235161 0.218353 0.947112 0.376141 0.178909 -0.145423 0.973059 0.384752 -0.981051 0.0483827 0.187609 -0.491492 -0.0743618 -0.988186 -0.134011 0.442758 
1535148697417 0.250557 0.927913 -0.27604 -0.626066 -0.939074 0.302255 0.163653 -0.241441 0.23529 0.218218 0.947111 0.376226 0.179049 -0.145327 0.973048 0.384824 -0.981038 0.0482202 0.187721 -0.491594 -0.0742014 -0.988208 -0.133937 0.442658 
1535148697610 0.250606 0.927925 -0.275957 -0.625728 -0.939028 0.302317 0.163799 -0.241312 0.235419 0.218082 0.94711 0.376311 0.17919 -0.14523 0.973036 0.384896 -0.981024 0.0480577 0.187834 -0.491695 -0.074041 -0.98823 -0.133863 0.442559 
1535148697628 0.250656 0.927936 -0.275874 -0.625389 -0.938983 0.30238 0.163944 -0.241182 0.235549 0.217947 0.947109 0.376397 0.17933 -0.145133 0.973025 0.384969 -0.981011 0.0478953 0.187946 -0.491796 -0.0738805 -0.988252 -0.133788 0.442459 
1535148697744 0.250705 0.927948 -0.27579 -0.625051 -0.938937 0.302443 0.16409 -0.241052 0.235678 0.217811 0.947108 0.376482 0.179471 -0.145037 0.973013 0.385041 -0.980997 0.0477329 0.188058 -0.491897 -0.0737201 -0.988274 -0.133714 0.44236 
1535148697808 0.250755 0.927959 -0.275707 -0.624713 -0.938891 0.302505 0.164236 -0.240922 0.235807 0.217676 0.947107 0.376568 0.179612 -0.14494 0.973002 0.385113 -0.980984 0.0475704 0.188171 -0.491998 -0.0735596 -0.988296 -0.13364 0.44226 
1535148697908 0.250193 0.928022 -0.276004 -0.626023 -0.939183 0.301889 0.163702 -0.24123 0.235241 0.218262 0.947113 0.376247 0.179248 -0.14504 0.973054 0.384926 -0.981043 0.0476999 0.18783 -0.491774 -0.0736574 -0.988275 -0.13374 0.442548 
1535148697914 0.250248 0.927934 -0.276252 -0.625538 -0.939084 0.302064 0.16395 -0.241035 0.235581 0.218396 0.946998 0.376382 0.182108 -0.145212 0.972497 0.385054 -0.981047 0.0397569 0.189646 -0.49212 -0.0662023 -0.988601 -0.13522 0.442843 
1535148697921 0.250302 0.927845 -0.276501 -0.62505 -0.938984 0.302239 0.164198 -0.240839 0.23592 0.218531 0.946882 0.376519 0.18497 -0.145361 0.971934 0.385183 -0.980987 0.0318104 0.191451 -0.49247 -0.058747 -0.988867 -0.136713 0.443138 
1535148698214 0.250357 0.927756 -0.27675 -0.624562 -0.938884 0.302414 0.164446 -0.240643 0.236259 0.218666 0.946767 0.376655 0.187833 -0.145487 0.971366 0.385313 -0.980861 0.0238616 0.193242 -0.492821 -0.0512926 -0.989072 -0.13822 0.443434 
1535148698397 0.250411 0.927667 -0.276999 -0.624074 -0.938784 0.302589 0.164694 -0.240447 0.236598 0.218801 0.946651 0.376791 0.190695 -0.145589 0.970793 0.385442 -0.98067 0.0159112 0.195021 -0.493172 -0.0438395 -0.989217 -0.139741 0.443729 
1535148698427 0.250466 0.927578 -0.277247 -0.623586 -0.938684 0.302765 0.164941 -0.240251 0.236937 0.218935 0.946535 0.376927 0.193556 -0.145669 0.970215 0.385571 -0.980414 0.00795971 0.196786 -0.493521 -0.0363883 -0.989301 -0.141275 0.444024 
1535148698712 0.25052 0.927489 -0.277496 -0.623098 -0.938584 0.30294 0.165189 -0.240054 0.237276 0.21907 0.946419 0.377063 0.196418 -0.145725 0.969631 0.385701 -0.980093 7.4937e-06 0.198539 -0.493872 -0.0289393 -0.989325 -0.142823 0.44432 
1535148698858 0.250574 0.9274 -0.277745 -0.62261 -0.938484 0.303115 0.165437 -0.239858 0.237615 0.219205 0.946303 0.377199 0.199279 -0.145758 0.969042 0.38583 -0.979707 -0.00794469 0.200277 -0.494222 -0.0214932 -0.989288 -0.144383 0.444615 
1535148698918 0.250629 0.927311 -0.277994 -0.622121 -0.938383 0.303291 0.165684 -0.239661 0.237954 0.21934 0.946186 0.377335 0.202139 -0.145768 0.968448 0.38596 -0.979256 -0.0158966 0.202002 -0.494574 -0.0140504 -0.989191 -0.145957 0.444911 
1535148699228 0.250683 0.927221 -0.278243 -0.621633 -0.938283 0.303466 0.165932 -0.239465 0.238293 0.219474 0.94607 0.377471 0.204997 -0.145754 0.967849 0.386089 -0.97874 -0.0238473 0.203713 -0.494924 -0.00661137 -0.989033 -0.147544 0.445206 
1535148699929 0.250506 0.927291 -0.278171 -0.621857 -0.938371 0.303247 0.165835 -0.239512 0.238132 0.219485 0.946108 0.377383 0.204632 -0.145963 0.967895 0.386048 -0.978808 -0.0226949 0.203517 -0.494761 -0.00773973 -0.98903 -0.147514 0.445076 
1535148699942 0.250504 0.927197 -0.278485 -0.621488 -0.938269 0.303396 0.16614 -0.239378 0.238535 0.219675 0.945962 0.377514 0.205971 -0.145574 0.96767 0.38609 -0.978548 -0.0261768 0.204348 -0.494959 -0.00441726 -0.989001 -0.147843 0.445189 
1535148699957 0.250503 0.927103 -0.2788 -0.621115 -0.938167 0.303545 0.166443 -0.239241 0.238938 0.219866 0.945816 0.377646 0.207309 -0.145179 0.967443 0.386135 -0.978275 -0.0296588 0.20518 -0.495163 -0.00109465 -0.988961 -0.148174 0.445303 
1535148700190 0.250501 0.927008 -0.279114 -0.620741 -0.938065 0.303694 0.166747 -0.239104 0.239341 0.220057 0.94567 0.377777 0.208646 -0.14478 0.967215 0.386178 -0.977989 -0.03314 0.20601 -0.495366 0.0022275 -0.988909 -0.148508 0.445417 
1535148700195 0.250499 0.926914 -0.279428 -0.620367 -0.937962 0.303844 0.16705 -0.238968 0.239744 0.220247 0.945523 0.377909 0.209982 -0.144376 0.966987 0.386223 -0.97769 -0.0366206 0.206838 -0.49557 0.00554917 -0.988845 -0.148844 0.445531 
1535148700446 0.250497 0.92682 -0.279743 -0.619993 -0.93786 0.303993 0.167354 -0.238831 0.240147 0.220438 0.945376 0.378041 0.211316 -0.143967 0.966757 0.386267 -0.977378 -0.0401003 0.207665 -0.495774 0.00887031 -0.98877 -0.149184 0.445645 
1535148700452 0.250495 0.926726 -0.280057 -0.61962 -0.937757 0.304143 0.167657 -0.238694 0.24055 0.220628 0.94523 0.378173 0.212647 -0.143554 0.966526 0.38631 -0.977053 -0.0435792 0.208491 -0.495976 0.0121908 -0.988683 -0.149527 0.445758 
1535148700605 0.250493 0.926631 -0.280372 -0.619245 -0.937654 0.304293 0.16796 -0.238557 0.240952 0.220819 0.945083 0.378305 0.213978 -0.143135 0.966295 0.386355 -0.976715 -0.0470573 0.209315 -0.496181 0.0155108 -0.988584 -0.149872 0.445872 
1535148700612 0.25049 0.926537 -0.280686 -0.618872 -0.937551 0.304442 0.168264 -0.238421 0.241355 0.221009 0.944935 0.378436 0.215307 -0.142713 0.966062 0.386399 -0.976365 -0.0505344 0.210138 -0.496384 0.0188301 -0.988473 -0.15022 0.445986 
1535148700729 0.250488 0.926442 -0.281 -0.618499 -0.937448 0.304592 0.168567 -0.238284 0.241758 0.221199 0.944788 0.378568 0.216634 -0.142285 0.965829 0.386442 -0.976002 -0.0540105 0.210959 -0.496586 0.0221486 -0.988351 -0.150571 0.4461 
1535148701108 0.250198 0.926648 -0.280579 -0.618696 -0.937656 0.304119 0.168265 -0.238283 0.241252 0.220987 0.944967 0.378453 0.214742 -0.142835 0.96617 0.386352 -0.976506 -0.049589 0.209708 -0.496274 0.0179578 -0.988504 -0.150128 0.445958 
1535148701118 0.250219 0.926509 -0.281018 -0.618401 -0.93761 0.304255 0.168271 -0.238161 0.241406 0.221381 0.944835 0.378572 0.215148 -0.142569 0.966119 0.386357 -0.976409 -0.0499697 0.210066 -0.496356 0.0183279 -0.988523 -0.149956 0.445941 
1535148701151 0.250241 0.92637 -0.281458 -0.618102 -0.937565 0.304393 0.168278 -0.238036 0.241561 0.221775 0.944703 0.378691 0.215556 -0.142302 0.966067 0.386363 -0.976312 -0.0503504 0.210425 -0.496439 0.0186979 -0.988542 -0.149785 0.445925 
1535148701348 0.250262 0.926231 -0.281897 -0.617804 -0.937519 0.30453 0.168285 -0.237912 0.241717 0.222168 0.944571 0.378811 0.215963 -0.142036 0.966016 0.386369 -0.976215 -0.0507307 0.210784 -0.496522 0.0190678 -0.988561 -0.149613 0.445908 
1535148701354 0.250284 0.926091 -0.282336 -0.617505 -0.937473 0.304667 0.168292 -0.237788 0.241872 0.222562 0.944439 0.37893 0.21637 -0.141769 0.965963 0.386374 -0.976118 -0.0511112 0.211144 -0.496605 0.019438 -0.988579 -0.149442 0.445891 
1535148701562 0.250305 0.925951 -0.282775 -0.617207 -0.937428 0.304804 0.168298 -0.237664 0.242027 0.222955 0.944306 0.379049 0.216777 -0.141502 0.965912 0.38638 -0.97602 -0.0514913 0.211502 -0.496688 0.0198081 -0.988598 -0.149271 0.445875 
1535148701615 0.250326 0.925811 -0.283214 -0.616907 -0.937382 0.304941 0.168305 -0.237539 0.242182 0.223349 0.944173 0.379169 0.217184 -0.141235 0.965859 0.386386 -0.975922 -0.0518716 0.211862 -0.496771 0.0201783 -0.988616 -0.1491 0.445858 
1535148701745 0.250347 0.925671 -0.283653 -0.616609 -0.937336 0.305078 0.168311 -0.237415 0.242337 0.223742 0.94404 0.379289 0.21759 -0.140968 0.965807 0.386391 -0.975824 -0.0522515 0.212221 -0.496854 0.0205486 -0.988634 -0.148929 0.445842 
1535148701861 0.250369 0.925531 -0.284093 -0.616309 -0.93729 0.305215 0.168317 -0.237291 0.242492 0.224136 0.943907 0.379408 0.217998 -0.1407 0.965754 0.386397 -0.975725 -0.0526316 0.212581 -0.496937 0.020919 -0.988652 -0.148758 0.445825 
1535148701901 0.25039 0.92539 -0.284531 -0.61601 -0.937245 0.305352 0.168324 -0.237166 0.242647 0.224529 0.943774 0.379528 0.218404 -0.140433 0.965701 0.386403 -0.975626 -0.0530113 0.212939 -0.49702 0.0212894 -0.98867 -0.148588 0.445808 
1535148702127 0.250205 0.925676 -0.283762 -0.616513 -0.937383 0.304953 0.168274 -0.237315 0.242301 0.223891 0.944014 0.379313 0.217849 -0.140693 0.965788 0.386365 -0.975763 -0.0523902 0.212466 -0.496917 0.0207053 -0.988666 -0.148697 0.44579 
1535148702140 0.250302 0.925616 -0.283873 -0.616338 -0.937356 0.305067 0.168217 -0.237244 0.242305 0.223985 0.943991 0.37938 0.216188 -0.140599 0.966175 0.386323 -0.976207 -0.0481558 0.211425 -0.496867 0.0168008 -0.988895 -0.147664 0.445564 
1535148702303 0.250399 0.925555 -0.283985 -0.616161 -0.937329 0.305181 0.168162 -0.237171 0.24231 0.22408 0.943967 0.379447 0.214508 -0.140512 0.966562 0.386281 -0.976638 -0.0438703 0.210366 -0.496805 0.0128445 -0.989107 -0.14664 0.445335 
1535148702329 0.250496 0.925495 -0.284097 -0.615984 -0.937302 0.305295 0.168106 -0.237099 0.242315 0.224175 0.943943 0.379515 0.212827 -0.140417 0.966948 0.386239 -0.977049 -0.0395842 0.209302 -0.496743 0.00888623 -0.989301 -0.145619 0.445106 
1535148702351 0.250593 0.925434 -0.284209 -0.615807 -0.937275 0.305409 0.16805 -0.237026 0.24232 0.22427 0.94392 0.379582 0.211146 -0.140315 0.967331 0.386197 -0.977442 -0.0352975 0.208233 -0.496681 0.00492602 -0.989477 -0.144603 0.444878 
1535148702366 0.25069 0.925374 -0.284321 -0.615631 -0.937248 0.305523 0.167995 -0.236954 0.242325 0.224364 0.943896 0.37965 0.209466 -0.140206 0.967712 0.386155 -0.977816 -0.0310103 0.20716 -0.49662 0.000964009 -0.989637 -0.143591 0.444649 
1535148702382 0.250787 0.925313 -0.284433 -0.615453 -0.93722 0.305638 0.167939 -0.236881 0.24233 0.224459 0.943872 0.379717 0.207785 -0.140089 0.968091 0.386113 -0.97817 -0.0267226 0.206081 -0.496557 -0.00299983 -0.989778 -0.142584 0.44442 
1535148702554 0.250884 0.925252 -0.284544 -0.615277 -0.937193 0.305751 0.167884 -0.236809 0.242335 0.224554 0.943848 0.379784 0.206104 -0.139965 0.968468 0.386071 -0.978505 -0.0224347 0.204998 -0.496496 -0.00696532 -0.989902 -0.141581 0.444192 
1535148702747 0.250982 0.925191 -0.284657 -0.615099 -0.937166 0.305866 0.167828 -0.236736 0.24234 0.224649 0.943824 0.379852 0.204423 -0.139834 0.968843 0.386029 -0.978822 -0.0181464 0.203909 -0.496432 -0.0109325 -0.990009 -0.140582 0.443963 
1535148702797 0.251078 0.925131 -0.284768 -0.614922 -0.937139 0.30598 0.167772 -0.236664 0.242345 0.224743 0.943801 0.379919 0.202743 -0.139695 0.969216 0.385987 -0.979119 -0.013858 0.202817 -0.496371 -0.0149011 -0.990098 -0.139588 0.443734 
1535148702955 0.250951 0.925186 -0.284699 -0.615125 -0.937188 0.305832 0.167767 -0.236745 0.242286 0.224715 0.943822 0.379792 0.208155 -0.140086 0.968012 0.386197 -0.978095 -0.0283986 0.206214 -0.49668 -0.0013974 -0.989732 -0.142929 0.444635 
1535148702965 0.251046 0.92517 -0.284668 -0.614888 -0.937138 0.30594 0.167849 -0.236653 0.24238 0.224635 0.943817 0.379858 0.209598 -0.140774 0.967601 0.386241 -0.977786 -0.0319577 0.207154 -0.496897 0.00176031 -0.989526 -0.144345 0.444872 
1535148702996 0.25114 0.925155 -0.284635 -0.614644 -0.937089 0.306045 0.16793 -0.236555 0.242473 0.224554 0.943813 0.379925 0.211044 -0.141456 0.967187 0.386286 -0.977464 -0.0355176 0.208092 -0.497119 0.00491623 -0.989307 -0.145764 0.445109 
1535148703157 0.251234 0.92514 -0.284602 -0.614401 -0.93704 0.306151 0.168012 -0.236458 0.242565 0.224473 0.943808 0.379992 0.212492 -0.142134 0.96677 0.386331 -0.977129 -0.0390778 0.209024 -0.497341 0.00806995 -0.989076 -0.147187 0.445347 
1535148703243 0.251327 0.925124 -0.284569 -0.614157 -0.936991 0.306257 0.168093 -0.236361 0.242658 0.224393 0.943803 0.380059 0.213942 -0.142805 0.966352 0.386376 -0.976782 -0.0426382 0.209951 -0.497563 0.0112215 -0.988832 -0.148612 0.445584 
1535148703349 0.251421 0.925109 -0.284537 -0.613914 -0.936942 0.306363 0.168174 -0.236263 0.242751 0.224312 0.943799 0.380127 0.215394 -0.143471 0.96593 0.386422 -0.976421 -0.0461987 0.210872 -0.497786 0.0143707 -0.988576 -0.150039 0.445822 
1535148703376 0.251514 0.925094 -0.284504 -0.613671 -0.936892 0.306468 0.168256 -0.236166 0.242844 0.224231 0.943794 0.380194 0.216848 -0.144132 0.965507 0.386467 -0.976048 -0.0497593 0.211787 -0.498007 0.0175176 -0.988307 -0.15147 0.446059 
1535148703591 0.251608 0.925078 -0.284472 -0.613427 -0.936843 0.306574 0.168337 -0.236068 0.242936 0.224151 0.943789 0.380261 0.218304 -0.144787 0.96508 0.386512 -0.975662 -0.05332 0.212698 -0.49823 0.0206621 -0.988025 -0.152903 0.446296 
1535148703711 0.251701 0.925063 -0.284439 -0.613183 -0.936794 0.306679 0.168419 -0.235971 0.243029 0.224069 0.943785 0.380328 0.219761 -0.145437 0.964652 0.386557 -0.975263 -0.0568806 0.213602 -0.498452 0.0238043 -0.987731 -0.15434 0.446534 
1535148703807 0.251795 0.925047 -0.284406 -0.61294 -0.936745 0.306784 0.1685 -0.235874 0.243122 0.223988 0.94378 0.380395 0.221219 -0.146081 0.964221 0.386602 -0.974852 -0.0604411 0.214501 -0.498673 0.0269439 -0.987424 -0.155779 0.446771 
1535148704047 0.251565 0.925147 -0.284283 -0.613155 -0.936832 0.306519 0.168497 -0.235889 0.243023 0.223938 0.943818 0.380414 0.216393 -0.14404 0.965622 0.386324 -0.976181 -0.0477865 0.211631 -0.497905 0.0156605 -0.988417 -0.15095 0.445719 
1535148704058 0.251684 0.925153 -0.28416 -0.612843 -0.936759 0.306648 0.16867 -0.235776 0.243183 0.223738 0.943824 0.380493 0.215488 -0.143727 0.965871 0.386319 -0.976411 -0.0455488 0.211062 -0.49799 0.0136591 -0.988569 -0.150151 0.445579 
1535148704064 0.251803 0.925158 -0.284039 -0.612527 -0.936685 0.306778 0.168843 -0.235661 0.243343 0.22354 0.943829 0.380573 0.214582 -0.143412 0.96612 0.386313 -0.976636 -0.0433107 0.210489 -0.498072 0.0116568 -0.988715 -0.149355 0.445439 
1535148704281 0.251922 0.925163 -0.283918 -0.612211 -0.936611 0.306908 0.169016 -0.235546 0.243504 0.223342 0.943835 0.380653 0.213677 -0.143095 0.966367 0.386307 -0.976857 -0.0410727 0.209915 -0.498154 0.00965363 -0.988856 -0.148559 0.445299 
1535148704317 0.252042 0.925167 -0.283797 -0.611894 -0.936538 0.307038 0.169188 -0.235431 0.243664 0.223144 0.94384 0.380733 0.212772 -0.142775 0.966614 0.386301 -0.977072 -0.0388346 0.209338 -0.498236 0.0076497 -0.988993 -0.147765 0.445159 
1535148704455 0.252161 0.925172 -0.283676 -0.611579 -0.936464 0.307168 0.169361 -0.235316 0.243824 0.222946 0.943846 0.380813 0.211868 -0.142454 0.96686 0.386295 -0.977282 -0.0365965 0.20876 -0.498319 0.00564501 -0.989125 -0.146971 0.445019 
1535148704578 0.25228 0.925176 -0.283555 -0.611262 -0.93639 0.307298 0.169534 -0.235201 0.243985 0.222748 0.943851 0.380893 0.210964 -0.142131 0.967105 0.386289 -0.977487 -0.0343584 0.20818 -0.498401 0.00363951 -0.989251 -0.146179 0.444879 
1535148704586 0.252399 0.925181 -0.283433 -0.610946 -0.936316 0.307428 0.169707 -0.235086 0.244145 0.222549 0.943856 0.380972 0.210061 -0.141805 0.96735 0.386284 -0.977687 -0.0321205 0.207598 -0.498483 0.00163329 -0.989373 -0.145388 0.444739 
1535148704699 0.252519 0.925186 -0.283313 -0.610629 -0.936242 0.307557 0.16988 -0.234971 0.244305 0.222351 0.943862 0.381052 0.209159 -0.141478 0.967593 0.386278 -0.977882 -0.0298824 0.207013 -0.498565 -0.000373702 -0.98949 -0.144598 0.444599 
1535148704884 0.252638 0.92519 -0.283191 -0.610314 -0.936168 0.307687 0.170053 -0.234856 0.244465 0.222153 0.943867 0.381132 0.208257 -0.141148 0.967836 0.386272 -0.978071 -0.0276446 0.206428 -0.498647 -0.00238141 -0.989602 -0.14381 0.444459 
1535148705144 0.252606 0.925185 -0.283238 -0.610548 -0.936206 0.307638 0.169931 -0.234935 0.244353 0.222243 0.943875 0.381107 0.208804 -0.141313 0.967694 0.386243 -0.977957 -0.0293269 0.206736 -0.498612 -0.000835131 -0.98953 -0.144322 0.444677 
1535148705156 0.252796 0.925171 -0.283112 -0.610272 -0.936152 0.307799 0.169937 -0.234816 0.244362 0.222077 0.943911 0.381167 0.21001 -0.141609 0.96739 0.386297 -0.977699 -0.0303619 0.207804 -0.498914 -5.51569e-05 -0.989457 -0.144828 0.444753 
1535148705163 0.252987 0.925157 -0.282988 -0.609993 -0.936098 0.307961 0.169943 -0.234695 0.244373 0.221912 0.943948 0.381227 0.211217 -0.141904 0.967084 0.386352 -0.977439 -0.0313973 0.208872 -0.499221 0.0007241 -0.989382 -0.145334 0.44483 
1535148705360 0.253178 0.925142 -0.282864 -0.609714 -0.936044 0.308124 0.169948 -0.234575 0.244383 0.221746 0.943984 0.381287 0.212424 -0.142197 0.966776 0.386408 -0.977176 -0.0324329 0.209939 -0.499527 0.00150271 -0.989307 -0.145841 0.444906 
1535148705463 0.253369 0.925128 -0.28274 -0.609435 -0.935989 0.308286 0.169954 -0.234454 0.244394 0.221581 0.94402 0.381347 0.213631 -0.142489 0.966467 0.386463 -0.976912 -0.0334689 0.211005 -0.499834 0.00228071 -0.98923 -0.146349 0.444983 
1535148705485 0.253561 0.925113 -0.282617 -0.609156 -0.935935 0.308448 0.169959 -0.234334 0.244404 0.221416 0.944056 0.381407 0.214837 -0.14278 0.966157 0.386519 -0.976645 -0.0345052 0.21207 -0.500142 0.00305807 -0.989153 -0.146858 0.44506 
