1535387057302 0.026272 0.947386 -0.319014 -0.531205 -0.99843 0.00907775 -0.0552661 -0.230294 -0.0494624 0.319966 0.946137 0.360045 0.293225 -0.310532 0.904206 0.411606 -0.949524 -0.204855 0.237568 -0.492729 0.111459 -0.928226 -0.354926 0.472658 
1535387057343 0.0484248 0.948755 -0.31228 -0.54188 -0.998616 0.0395714 -0.0346298 -0.231401 -0.0204978 0.313525 0.949359 0.361238 0.276887 -0.295171 0.914444 0.408588 -0.957006 -0.170329 0.234794 -0.49176 0.0864516 -0.940139 -0.329643 0.46942 
1535387058095 0.0707435 0.949402 -0.305993 -0.552546 -0.99746 0.0698879 -0.0137654 -0.232502 0.00831628 0.30619 0.951934 0.362425 0.260937 -0.27907 0.924138 0.405573 -0.963433 -0.135682 0.231059 -0.490794 0.0609071 -0.950637 -0.30427 0.466184 
1535387058863 0.0931938 0.949325 -0.300162 -0.563217 -0.994962 0.0999828 0.00730208 -0.233606 0.0369431 0.297969 0.95386 0.363615 0.245398 -0.262254 0.933275 0.402555 -0.968795 -0.10097 0.226365 -0.489825 0.0348672 -0.959702 -0.278848 0.462946 
1535387059612 0.115745 0.948525 -0.294795 -0.573888 -0.991127 0.129815 0.0285418 -0.234711 0.0653413 0.288876 0.955134 0.364804 0.230299 -0.24475 0.941838 0.399537 -0.973084 -0.0662494 0.220723 -0.488854 0.00837415 -0.96732 -0.25342 0.459708 
1535387060401 0.138367 0.947002 -0.289899 -0.58456 -0.98596 0.159342 0.0499242 -0.235815 0.0934715 0.278921 0.955754 0.365994 0.215663 -0.226588 0.949814 0.396519 -0.976292 -0.031578 0.214141 -0.487884 -0.0185286 -0.973479 -0.228027 0.45647 
1535387061206 0.161027 0.944759 -0.285482 -0.595231 -0.979468 0.188524 0.0714194 -0.23692 0.121294 0.26812 0.955719 0.367183 0.201514 -0.207797 0.95719 0.393501 -0.978414 0.00298776 0.206631 -0.486914 -0.0457973 -0.978167 -0.20271 0.453233 
1535387061993 0.183694 0.9418 -0.281549 -0.605904 -0.97166 0.21732 0.0929977 -0.238025 0.148771 0.256487 0.95503 0.368372 0.187876 -0.188408 0.963953 0.390483 -0.979447 0.0373918 0.198204 -0.485943 -0.073387 -0.981379 -0.17751 0.449995 
1535387062785 0.206337 0.938127 -0.278107 -0.616576 -0.962547 0.245689 0.114629 -0.239129 0.175864 0.244039 0.953686 0.369562 0.17477 -0.168452 0.970092 0.387465 -0.979389 0.0715774 0.188874 -0.484974 -0.101253 -0.983108 -0.15247 0.446757 
1535387063588 0.228925 0.933744 -0.275163 -0.627226 -0.952141 0.273596 0.136281 -0.240224 0.202535 0.230796 0.95169 0.370756 0.162219 -0.147962 0.975598 0.384449 -0.97824 0.105489 0.178657 -0.484006 -0.129349 -0.983351 -0.12763 0.44352 
1535387064425 0.228401 0.933593 -0.276109 -0.626985 -0.952524 0.272935 0.134922 -0.240491 0.201322 0.232185 0.951609 0.370428 0.162909 -0.149079 0.975313 0.384758 -0.978313 0.103756 0.17927 -0.484006 -0.12792 -0.983367 -0.128943 0.44348 
1535387064545 0.229913 0.932905 -0.277181 -0.62778 -0.95157 0.275218 0.137 -0.240625 0.204093 0.232259 0.951001 0.370634 0.164876 -0.146747 0.975336 0.384471 -0.978221 0.10209 0.180724 -0.484351 -0.126093 -0.983892 -0.126719 0.443275 
1535387064801 0.231419 0.932212 -0.278254 -0.62858 -0.950607 0.277498 0.139075 -0.240761 0.206862 0.232325 0.950386 0.370838 0.16684 -0.144411 0.975351 0.384185 -0.978122 0.100427 0.182183 -0.484697 -0.124261 -0.984408 -0.124496 0.44307 
1535387065102 0.232922 0.931516 -0.27933 -0.629382 -0.949633 0.279777 0.141147 -0.240898 0.209631 0.232385 0.949764 0.371043 0.168798 -0.142071 0.975358 0.383898 -0.978018 0.0987677 0.183645 -0.485044 -0.122424 -0.984917 -0.122276 0.442866 
1535387065367 0.23442 0.930815 -0.28041 -0.630182 -0.948649 0.282055 0.143215 -0.241034 0.212398 0.232438 0.949136 0.371247 0.170752 -0.139727 0.975357 0.383612 -0.977908 0.0971114 0.18511 -0.48539 -0.120583 -0.985417 -0.120058 0.442661 
1535387065621 0.235914 0.930111 -0.281493 -0.630982 -0.947654 0.284332 0.14528 -0.24117 0.215164 0.232485 0.948502 0.371452 0.1727 -0.137378 0.975347 0.383326 -0.977791 0.0954582 0.186579 -0.485736 -0.118737 -0.985908 -0.117842 0.442456 
1535387065884 0.237404 0.929402 -0.282579 -0.631783 -0.94665 0.286608 0.147341 -0.241307 0.217929 0.232524 0.947861 0.371657 0.174644 -0.135026 0.975329 0.383039 -0.977669 0.0938084 0.18805 -0.486083 -0.116886 -0.986391 -0.115628 0.442252 
1535387066134 0.23889 0.928689 -0.283668 -0.632584 -0.945636 0.288883 0.149399 -0.241444 0.220692 0.232557 0.947213 0.371861 0.176583 -0.13267 0.975304 0.382753 -0.977541 0.0921617 0.189525 -0.486429 -0.11503 -0.986866 -0.113416 0.442047 
1535387066380 0.240372 0.927973 -0.28476 -0.633384 -0.944611 0.291157 0.151452 -0.24158 0.223453 0.232583 0.946559 0.372066 0.178516 -0.13031 0.97527 0.382466 -0.977407 0.0905184 0.191002 -0.486776 -0.113169 -0.987333 -0.111206 0.441842 
1535387066677 0.241849 0.927252 -0.285855 -0.634185 -0.943576 0.293429 0.153502 -0.241717 0.226213 0.232602 0.945898 0.37227 0.180445 -0.127945 0.975228 0.38218 -0.977267 0.0888785 0.192483 -0.487122 -0.111304 -0.987791 -0.108999 0.441638 
1535387066940 0.241643 0.927446 -0.285399 -0.633859 -0.943906 0.292871 0.152536 -0.241817 0.225054 0.232531 0.946192 0.372181 0.179767 -0.128481 0.975283 0.382222 -0.977329 0.0894061 0.191923 -0.48707 -0.111855 -0.987674 -0.109496 0.441687 
1535387066953 0.241932 0.927337 -0.285509 -0.634167 -0.943521 0.293486 0.153733 -0.241898 0.226355 0.232191 0.945966 0.372304 0.181278 -0.127519 0.975129 0.382174 -0.97782 0.0824097 0.192554 -0.487234 -0.104914 -0.988407 -0.109751 0.441792 
1535387067232 0.242219 0.927228 -0.285618 -0.63448 -0.943134 0.294098 0.154931 -0.241982 0.227656 0.231848 0.945737 0.372426 0.182781 -0.126546 0.974976 0.382128 -0.97826 0.0754097 0.193184 -0.487401 -0.0979694 -0.98909 -0.110012 0.441896 
1535387067547 0.242506 0.92712 -0.285726 -0.634793 -0.942746 0.294711 0.156129 -0.242066 0.228957 0.231505 0.945507 0.372548 0.184279 -0.125563 0.974821 0.382081 -0.97865 0.0684063 0.193814 -0.487568 -0.0910198 -0.989724 -0.110277 0.442001 
1535387067848 0.242794 0.927011 -0.285836 -0.635105 -0.942355 0.295322 0.157326 -0.242149 0.230257 0.231161 0.945276 0.372671 0.185768 -0.124569 0.974666 0.382034 -0.978991 0.0614005 0.194439 -0.487735 -0.0840661 -0.990309 -0.110546 0.442106 
1535387068152 0.24308 0.926902 -0.285946 -0.635418 -0.941963 0.295934 0.158523 -0.242233 0.231556 0.230817 0.945043 0.372793 0.18725 -0.123565 0.97451 0.381988 -0.979281 0.054392 0.195064 -0.487902 -0.0771086 -0.990845 -0.11082 0.442211 
1535387068472 0.243367 0.926793 -0.286056 -0.635732 -0.941568 0.296544 0.159719 -0.242317 0.232855 0.230471 0.944808 0.372915 0.188726 -0.12255 0.974353 0.381941 -0.979521 0.0473813 0.195687 -0.488068 -0.0701476 -0.991331 -0.111099 0.442316 
1535387068765 0.243653 0.926683 -0.286167 -0.636044 -0.941172 0.297155 0.160915 -0.2424 0.234153 0.230125 0.944571 0.373037 0.190194 -0.121525 0.974196 0.381895 -0.979711 0.0403691 0.196307 -0.488235 -0.0631836 -0.991767 -0.111381 0.44242 
1535387069054 0.243939 0.926574 -0.286277 -0.636357 -0.940774 0.297764 0.162111 -0.242484 0.235451 0.229777 0.944333 0.373159 0.191655 -0.120489 0.974038 0.381848 -0.979851 0.0333554 0.196925 -0.488402 -0.0562168 -0.992154 -0.111669 0.442525 
1535387069358 0.244226 0.926464 -0.286389 -0.63667 -0.940374 0.298374 0.163306 -0.242568 0.236748 0.229429 0.944093 0.373281 0.193108 -0.119443 0.97388 0.381801 -0.979941 0.0263408 0.19754 -0.488568 -0.0492476 -0.992492 -0.111961 0.44263 
1535387069665 0.244056 0.926518 -0.286359 -0.63643 -0.940684 0.297948 0.162296 -0.242576 0.23569 0.229764 0.944277 0.373114 0.192692 -0.119772 0.973922 0.38179 -0.979958 0.0276154 0.197282 -0.488543 -0.0505241 -0.992417 -0.11205 0.442594 
1535387069678 0.243792 0.926848 -0.285513 -0.636545 -0.940799 0.297503 0.162445 -0.242642 0.235503 0.229008 0.944507 0.37315 0.192743 -0.119464 0.97395 0.381748 -0.980056 0.0254897 0.197078 -0.488532 -0.0483694 -0.992511 -0.112169 0.442632 
1535387069693 0.243529 0.927178 -0.284666 -0.636666 -0.940914 0.297057 0.162595 -0.24271 0.235316 0.22825 0.944737 0.373185 0.192793 -0.119156 0.973978 0.381706 -0.980151 0.0233633 0.196873 -0.488521 -0.046214 -0.992601 -0.112287 0.44267 
1535387069705 0.243264 0.927507 -0.283819 -0.636787 -0.941029 0.296611 0.162744 -0.242778 0.23513 0.227492 0.944966 0.373219 0.192843 -0.118848 0.974005 0.381664 -0.98024 0.0212366 0.196669 -0.488509 -0.0440583 -0.992685 -0.112404 0.442708 
1535387069934 0.243 0.927835 -0.282972 -0.636908 -0.941144 0.296165 0.162893 -0.242847 0.234944 0.226735 0.945195 0.373254 0.192892 -0.11854 0.974033 0.381622 -0.980325 0.01911 0.196464 -0.488498 -0.0419026 -0.992765 -0.112521 0.442746 
1535387070090 0.242736 0.928162 -0.282125 -0.637027 -0.941259 0.295719 0.163041 -0.242914 0.234758 0.225977 0.945422 0.373289 0.192941 -0.118232 0.974061 0.38158 -0.980405 0.0169831 0.196259 -0.488487 -0.0397466 -0.992841 -0.112638 0.442784 
1535387070242 0.242471 0.928489 -0.281277 -0.637149 -0.941373 0.295272 0.163189 -0.242983 0.234572 0.225218 0.945649 0.373323 0.192989 -0.117923 0.974089 0.381539 -0.980481 0.014856 0.196054 -0.488476 -0.0375904 -0.992912 -0.112754 0.442823 
1535387070382 0.242206 0.928814 -0.280429 -0.63727 -0.941488 0.294825 0.163336 -0.243051 0.234387 0.224459 0.945876 0.373358 0.193036 -0.117615 0.974117 0.381497 -0.980552 0.0127289 0.195848 -0.488465 -0.035434 -0.992978 -0.11287 0.442861 
1535387070537 0.241941 0.929139 -0.279581 -0.63739 -0.941602 0.294379 0.163483 -0.243119 0.234201 0.2237 0.946101 0.373393 0.193082 -0.117306 0.974145 0.381455 -0.980618 0.0106016 0.195642 -0.488453 -0.0332776 -0.993039 -0.112986 0.442899 
1535387070714 0.241675 0.929463 -0.278732 -0.63751 -0.941716 0.293932 0.16363 -0.243187 0.234016 0.222941 0.946326 0.373427 0.193128 -0.116998 0.974173 0.381413 -0.98068 0.00847425 0.195436 -0.488442 -0.0311209 -0.993096 -0.1131 0.442937 
1535387070901 0.24179 0.929211 -0.27947 -0.637406 -0.941628 0.294227 0.163605 -0.243085 0.234252 0.223599 0.946113 0.373414 0.193087 -0.11728 0.974147 0.38147 -0.980635 0.0100685 0.195585 -0.488446 -0.0327464 -0.993048 -0.113065 0.442883 
1535387070919 0.241606 0.929466 -0.278782 -0.637466 -0.941773 0.293837 0.163474 -0.243167 0.23386 0.223053 0.946339 0.37339 0.192779 -0.119309 0.973962 0.381477 -0.980674 0.0103588 0.195377 -0.488454 -0.0333993 -0.992803 -0.115006 0.443172 
1535387071120 0.241421 0.929721 -0.278092 -0.63753 -0.941917 0.293446 0.163344 -0.243251 0.233469 0.222505 0.946564 0.373364 0.192468 -0.121339 0.973772 0.381484 -0.980712 0.0106505 0.195167 -0.488463 -0.0340525 -0.992554 -0.116949 0.44346 
1535387071321 0.241235 0.929975 -0.277401 -0.637597 -0.942062 0.293055 0.163213 -0.243336 0.233078 0.221956 0.946789 0.373339 0.192157 -0.123368 0.973579 0.381491 -0.98075 0.0109422 0.194959 -0.488471 -0.0347049 -0.992301 -0.118891 0.443749 
1535387071523 0.241049 0.930229 -0.276711 -0.637662 -0.942206 0.292664 0.163082 -0.243421 0.232687 0.221408 0.947014 0.373313 0.191844 -0.125397 0.973382 0.381498 -0.980788 0.0112346 0.194751 -0.488479 -0.0353567 -0.992043 -0.120832 0.444037 
1535387071731 0.240863 0.930482 -0.276021 -0.637726 -0.94235 0.292273 0.162951 -0.243505 0.232296 0.220859 0.947238 0.373288 0.19153 -0.127425 0.97318 0.381506 -0.980826 0.0115273 0.194544 -0.488488 -0.0360078 -0.991781 -0.122774 0.444326 
1535387071932 0.240677 0.930735 -0.27533 -0.637791 -0.942494 0.291883 0.162819 -0.24359 0.231906 0.22031 0.947462 0.373263 0.191214 -0.129452 0.972974 0.381513 -0.980864 0.0118204 0.194337 -0.488496 -0.0366583 -0.991515 -0.124715 0.444614 
1535387072143 0.24049 0.930988 -0.274639 -0.637857 -0.942638 0.291492 0.162687 -0.243674 0.231515 0.219761 0.947685 0.373237 0.190897 -0.131479 0.972765 0.38152 -0.980901 0.0121139 0.194131 -0.488504 -0.0373081 -0.991245 -0.126655 0.444903 
1535387072345 0.240303 0.931239 -0.273949 -0.637922 -0.942781 0.291101 0.162555 -0.243759 0.231124 0.219211 0.947907 0.373212 0.190579 -0.133505 0.972551 0.381527 -0.980938 0.0124079 0.193926 -0.488512 -0.0379573 -0.99097 -0.128595 0.445191 
1535387072546 0.240115 0.931491 -0.273258 -0.637986 -0.942924 0.29071 0.162422 -0.243843 0.230734 0.218661 0.948129 0.373187 0.190259 -0.13553 0.972334 0.381534 -0.980975 0.0127024 0.19372 -0.488521 -0.038606 -0.990692 -0.130535 0.44548 
1535387072760 0.240422 0.931213 -0.273935 -0.637891 -0.942756 0.291207 0.162508 -0.243854 0.231101 0.219183 0.947919 0.373251 0.190422 -0.134597 0.972431 0.381567 -0.980946 0.0127846 0.193859 -0.488487 -0.038525 -0.990818 -0.129598 0.445379 
1535387072766 0.240724 0.931172 -0.273807 -0.63786 -0.942685 0.291468 0.162452 -0.243842 0.231077 0.219007 0.947966 0.373214 0.190413 -0.13646 0.972174 0.381604 -0.98087 0.0143645 0.194133 -0.488575 -0.0404562 -0.990541 -0.131115 0.445572 
1535387072965 0.241027 0.931132 -0.273679 -0.637826 -0.942614 0.29173 0.162395 -0.243828 0.231051 0.218832 0.948013 0.373177 0.190402 -0.138323 0.971912 0.381643 -0.980791 0.0159445 0.19441 -0.488668 -0.0423881 -0.990259 -0.13263 0.445767 
1535387073172 0.24133 0.931091 -0.273551 -0.637792 -0.942543 0.291992 0.162338 -0.243815 0.231026 0.218657 0.948059 0.37314 0.190386 -0.140186 0.971649 0.381682 -0.980708 0.0175238 0.19469 -0.48876 -0.0443197 -0.98997 -0.134145 0.445961 
1535387073387 0.241633 0.931049 -0.273424 -0.637758 -0.942471 0.292254 0.162281 -0.243802 0.231001 0.218482 0.948106 0.373103 0.190368 -0.142048 0.971382 0.381721 -0.980623 0.0191025 0.194972 -0.488853 -0.0462512 -0.989675 -0.135659 0.446155 
1535387073586 0.241936 0.931008 -0.273296 -0.637725 -0.9424 0.292517 0.162223 -0.243789 0.230975 0.218307 0.948152 0.373066 0.190345 -0.143909 0.971112 0.381759 -0.980534 0.0206807 0.195256 -0.488945 -0.0481825 -0.989375 -0.137172 0.446349 
1535387073775 0.242239 0.930967 -0.273169 -0.637691 -0.942328 0.292779 0.162166 -0.243775 0.23095 0.218132 0.948199 0.37303 0.190319 -0.14577 0.97084 0.381798 -0.980442 0.0222582 0.195543 -0.489038 -0.0501136 -0.989068 -0.138683 0.446544 
1535387073965 0.242542 0.930925 -0.273041 -0.637657 -0.942257 0.293041 0.16211 -0.243762 0.230924 0.217956 0.948245 0.372993 0.190289 -0.147631 0.970564 0.381837 -0.980348 0.0238351 0.195833 -0.48913 -0.0520444 -0.988755 -0.140194 0.446738 
1535387074162 0.242845 0.930884 -0.272914 -0.637622 -0.942185 0.293303 0.162053 -0.243748 0.230898 0.217781 0.948292 0.372956 0.190256 -0.149491 0.970286 0.381876 -0.98025 0.0254113 0.196125 -0.489223 -0.0539751 -0.988436 -0.141704 0.446932 
1535387074349 0.243147 0.930842 -0.272786 -0.637589 -0.942113 0.293565 0.161996 -0.243735 0.230873 0.217606 0.948338 0.372919 0.190219 -0.151351 0.970005 0.381915 -0.980149 0.0269869 0.196419 -0.489315 -0.0559056 -0.988112 -0.143213 0.447126 
1535387074563 0.242688 0.930911 -0.272961 -0.637658 -0.942207 0.293179 0.162148 -0.243672 0.230972 0.217834 0.948262 0.37297 0.190208 -0.15049 0.970141 0.381892 -0.980197 0.0263415 0.196266 -0.489265 -0.0550911 -0.98826 -0.1425 0.446976 
1535387074579 0.243196 0.930789 -0.272922 -0.637459 -0.94206 0.293673 0.162106 -0.243594 0.231036 0.217686 0.94828 0.373024 0.190398 -0.15046 0.970108 0.381935 -0.98009 0.0275595 0.196631 -0.489399 -0.0563208 -0.988232 -0.142217 0.446881 
1535387074702 0.243704 0.930668 -0.272884 -0.637256 -0.941913 0.294168 0.162063 -0.243514 0.231101 0.217537 0.948298 0.373078 0.190589 -0.15043 0.970076 0.381979 -0.979982 0.0287768 0.196997 -0.489534 -0.0575499 -0.988202 -0.141934 0.446787 
1535387074818 0.244212 0.930546 -0.272845 -0.637054 -0.941766 0.294663 0.162021 -0.243434 0.231165 0.217389 0.948317 0.373132 0.19078 -0.150399 0.970043 0.382023 -0.979871 0.029994 0.197364 -0.489669 -0.0587789 -0.98817 -0.14165 0.446692 
1535387074929 0.24472 0.930424 -0.272806 -0.63685 -0.941618 0.295157 0.161978 -0.243354 0.231229 0.21724 0.948335 0.373187 0.190971 -0.150369 0.97001 0.382067 -0.97976 0.0312113 0.197729 -0.489804 -0.0600077 -0.988137 -0.141365 0.446598 
1535387075028 0.245228 0.930302 -0.272768 -0.636647 -0.94147 0.295652 0.161936 -0.243273 0.231293 0.217092 0.948354 0.373242 0.191162 -0.15034 0.969977 0.382111 -0.979646 0.0324285 0.198094 -0.489939 -0.0612363 -0.988102 -0.14108 0.446503 
1535387075148 0.245736 0.930179 -0.272729 -0.636445 -0.941322 0.296147 0.161893 -0.243194 0.231357 0.216943 0.948372 0.373296 0.191353 -0.15031 0.969944 0.382155 -0.979532 0.0336457 0.198459 -0.490074 -0.0624648 -0.988066 -0.140795 0.446408 
1535387075241 0.246243 0.930056 -0.27269 -0.636241 -0.941174 0.296641 0.161851 -0.243113 0.231421 0.216794 0.94839 0.373351 0.191545 -0.150281 0.96991 0.382198 -0.979415 0.0348628 0.198823 -0.490209 -0.0636931 -0.988028 -0.140509 0.446314 
1535387075358 0.246751 0.929933 -0.272652 -0.636038 -0.941025 0.297136 0.161808 -0.243033 0.231485 0.216646 0.948409 0.373405 0.191736 -0.150252 0.969877 0.382242 -0.979297 0.0360799 0.199187 -0.490344 -0.0649213 -0.987989 -0.140223 0.446219 
1535387075463 0.247259 0.929809 -0.272613 -0.635834 -0.940876 0.29763 0.161766 -0.242952 0.231549 0.216497 0.948427 0.37346 0.191927 -0.150223 0.969844 0.382286 -0.979177 0.037297 0.199551 -0.490479 -0.0661493 -0.987948 -0.139936 0.446125 
1535387075605 0.246756 0.929946 -0.272603 -0.63602 -0.941048 0.297109 0.161724 -0.243053 0.231388 0.216626 0.948437 0.373378 0.191659 -0.150258 0.969891 0.382251 -0.979373 0.0351597 0.19898 -0.490203 -0.0639994 -0.988021 -0.14042 0.446292 
1535387075630 0.247054 0.9299 -0.272489 -0.635659 -0.940988 0.297358 0.161616 -0.242917 0.231314 0.216481 0.948488 0.373492 0.192024 -0.150571 0.969771 0.382308 -0.979236 0.0360398 0.199494 -0.49038 -0.0649884 -0.987942 -0.140524 0.446236 
1535387075654 0.247353 0.929854 -0.272376 -0.635293 -0.940928 0.297608 0.161507 -0.242778 0.231239 0.216337 0.948539 0.373606 0.192389 -0.150884 0.96965 0.382365 -0.979098 0.0369196 0.200009 -0.490558 -0.0659772 -0.987862 -0.140627 0.446181 
1535387075876 0.247652 0.929807 -0.272263 -0.634926 -0.940867 0.297858 0.161398 -0.242639 0.231165 0.216193 0.94859 0.373721 0.192754 -0.151197 0.969529 0.382423 -0.978959 0.0377992 0.200523 -0.490736 -0.0669659 -0.987781 -0.140729 0.446125 
1535387076082 0.247951 0.929761 -0.27215 -0.634562 -0.940807 0.298107 0.161289 -0.242501 0.23109 0.216048 0.948641 0.373835 0.193118 -0.15151 0.969407 0.38248 -0.97882 0.0386787 0.201038 -0.490914 -0.0679546 -0.987699 -0.140831 0.44607 
1535387076247 0.248249 0.929714 -0.272036 -0.634195 -0.940747 0.298357 0.16118 -0.242361 0.231016 0.215904 0.948692 0.37395 0.193482 -0.151823 0.969286 0.382537 -0.978678 0.0395578 0.201553 -0.491092 -0.0689433 -0.987616 -0.140932 0.446014 
1535387076437 0.248548 0.929667 -0.271923 -0.633829 -0.940686 0.298607 0.161071 -0.242222 0.230941 0.21576 0.948743 0.374065 0.193845 -0.152137 0.969164 0.382595 -0.978536 0.0404369 0.202068 -0.49127 -0.0699319 -0.987532 -0.141033 0.445959 
1535387076613 0.248847 0.929621 -0.27181 -0.633463 -0.940625 0.298856 0.160962 -0.242084 0.230866 0.215616 0.948794 0.374179 0.194209 -0.152451 0.969042 0.382652 -0.978393 0.0413156 0.202583 -0.491448 -0.0709205 -0.987447 -0.141133 0.445903 
1535387076812 0.249146 0.929574 -0.271697 -0.633096 -0.940565 0.299106 0.160854 -0.241945 0.230791 0.215472 0.948845 0.374294 0.194572 -0.152766 0.968919 0.382709 -0.978249 0.0421942 0.203098 -0.491626 -0.0719091 -0.987361 -0.141233 0.445848 
1535387076995 0.249444 0.929527 -0.271583 -0.632731 -0.940504 0.299356 0.160745 -0.241806 0.230716 0.215328 0.948896 0.374408 0.194934 -0.15308 0.968797 0.382767 -0.978104 0.0430726 0.203613 -0.491804 -0.0728977 -0.987275 -0.141332 0.445792 
1535387077221 0.249315 0.929562 -0.271581 -0.63294 -0.94052 0.299248 0.160851 -0.241878 0.230791 0.215325 0.948879 0.374354 0.194449 -0.152751 0.968946 0.38267 -0.978284 0.0420626 0.202954 -0.491681 -0.0717578 -0.987369 -0.141255 0.445882 
1535387077239 0.249331 0.929466 -0.271894 -0.632451 -0.940461 0.299368 0.160971 -0.241704 0.231014 0.215571 0.948769 0.374498 0.194999 -0.151341 0.969057 0.382709 -0.978312 0.0403675 0.203165 -0.491803 -0.0698656 -0.987657 -0.140187 0.445666 
1535387077429 0.249347 0.92937 -0.272209 -0.631958 -0.940402 0.29949 0.161091 -0.241527 0.231237 0.215818 0.948658 0.374644 0.195546 -0.14993 0.969166 0.382749 -0.978336 0.0386727 0.203379 -0.491924 -0.0679729 -0.98794 -0.13912 0.44545 
1535387077644 0.249363 0.929273 -0.272524 -0.631465 -0.940342 0.299611 0.161212 -0.241351 0.231461 0.216065 0.948547 0.374789 0.19609 -0.148518 0.969273 0.382788 -0.978357 0.0369781 0.203594 -0.492046 -0.0660793 -0.988218 -0.138053 0.445234 
1535387077852 0.249379 0.929177 -0.272838 -0.630971 -0.940283 0.299733 0.161332 -0.241174 0.231684 0.216312 0.948436 0.374935 0.196632 -0.147105 0.969379 0.382828 -0.978374 0.0352836 0.203811 -0.492168 -0.0641849 -0.988491 -0.136986 0.445018 
1535387078067 0.249395 0.92908 -0.273153 -0.630477 -0.940224 0.299854 0.161452 -0.240997 0.231908 0.21656 0.948325 0.37508 0.197171 -0.145691 0.969483 0.382867 -0.978388 0.0335894 0.20403 -0.49229 -0.0622897 -0.98876 -0.13592 0.444802 
1535387078275 0.249411 0.928983 -0.273468 -0.629983 -0.940164 0.299976 0.161572 -0.24082 0.232131 0.216807 0.948214 0.375226 0.197707 -0.144276 0.969586 0.382907 -0.978399 0.0318954 0.20425 -0.492412 -0.0603937 -0.989023 -0.134853 0.444587 
1535387078493 0.249427 0.928886 -0.273782 -0.62949 -0.940105 0.300097 0.161692 -0.240644 0.232355 0.217054 0.948103 0.375371 0.19824 -0.142859 0.969687 0.382946 -0.978406 0.0302016 0.204472 -0.492534 -0.0584969 -0.989282 -0.133787 0.444371 
1535387078725 0.249443 0.928789 -0.274097 -0.628997 -0.940046 0.300218 0.161812 -0.240468 0.232578 0.217301 0.947992 0.375516 0.198771 -0.141442 0.969786 0.382986 -0.97841 0.0285079 0.204697 -0.492656 -0.0565993 -0.989536 -0.132722 0.444155 
1535387078950 0.249459 0.928692 -0.274411 -0.628502 -0.939986 0.30034 0.161932 -0.240291 0.232801 0.217548 0.94788 0.375662 0.199299 -0.140023 0.969883 0.383025 -0.978411 0.0268146 0.204923 -0.492778 -0.0547009 -0.989785 -0.131656 0.443939 
1535387079241 0.249346 0.928822 -0.274074 -0.628726 -0.940056 0.300136 0.161904 -0.240293 0.232639 0.217275 0.947982 0.37568 0.199037 -0.140655 0.969846 0.382993 -0.978428 0.0273627 0.204767 -0.492751 -0.055339 -0.989681 -0.132174 0.444082 
1535387079264 0.249315 0.928741 -0.274376 -0.628319 -0.940006 0.300213 0.162051 -0.240124 0.232875 0.217514 0.94787 0.375828 0.199312 -0.139612 0.96994 0.383022 -0.978562 0.0240395 0.204544 -0.492785 -0.0518736 -0.989914 -0.131827 0.443975 
1535387079480 0.249307 0.928651 -0.274687 -0.627919 -0.939951 0.300314 0.162187 -0.239968 0.233107 0.217758 0.947757 0.375972 0.199584 -0.138567 0.970034 0.38305 -0.978684 0.0207151 0.204323 -0.492819 -0.0484068 -0.990136 -0.131479 0.443869 
1535387079706 0.2493 0.928561 -0.274999 -0.627517 -0.939895 0.300415 0.162322 -0.239812 0.23334 0.218003 0.947643 0.376115 0.199853 -0.137521 0.970127 0.383079 -0.978795 0.0173903 0.204103 -0.492854 -0.0449392 -0.990346 -0.131129 0.443762 
1535387079944 0.249292 0.928471 -0.275309 -0.627118 -0.939839 0.300516 0.162458 -0.239656 0.233572 0.218247 0.94753 0.376258 0.200118 -0.136474 0.97022 0.383108 -0.978894 0.0140649 0.203885 -0.492888 -0.0414711 -0.990544 -0.130779 0.443656 
1535387080172 0.249284 0.928381 -0.27562 -0.626717 -0.939783 0.300617 0.162593 -0.2395 0.233805 0.218491 0.947416 0.376401 0.200379 -0.135426 0.970313 0.383136 -0.978981 0.0107391 0.203668 -0.492922 -0.0380023 -0.990729 -0.130428 0.443549 
1535387080409 0.249277 0.92829 -0.275931 -0.626316 -0.939727 0.300719 0.162729 -0.239344 0.234037 0.218736 0.947302 0.376545 0.200637 -0.134377 0.970406 0.383165 -0.979057 0.00741307 0.203452 -0.492957 -0.034533 -0.990903 -0.130076 0.443442 
1535387080637 0.249269 0.9282 -0.276242 -0.625916 -0.939672 0.30082 0.162864 -0.239188 0.23427 0.21898 0.947188 0.376688 0.200892 -0.133327 0.970498 0.383194 -0.979121 0.00408653 0.203238 -0.492991 -0.0310632 -0.991064 -0.129723 0.443336 
1535387080863 0.249261 0.928109 -0.276553 -0.625515 -0.939616 0.300921 0.162999 -0.239031 0.234502 0.219224 0.947074 0.376832 0.201141 -0.132277 0.97059 0.383223 -0.979174 0.000759936 0.203024 -0.493025 -0.0275929 -0.991213 -0.129369 0.443229 
1535387081088 0.249253 0.928019 -0.276864 -0.625115 -0.93956 0.301022 0.163135 -0.238875 0.234734 0.219468 0.94696 0.376975 0.201388 -0.131225 0.970682 0.383251 -0.979214 -0.00256699 0.202811 -0.49306 -0.0241222 -0.991349 -0.129015 0.443123 
1535387081336 0.249192 0.928093 -0.27667 -0.625327 -0.939579 0.300927 0.163198 -0.238921 0.234721 0.219286 0.947006 0.376904 0.201253 -0.131637 0.970654 0.38319 -0.97921 -0.0013639 0.202842 -0.493089 -0.0253776 -0.991297 -0.129174 0.443223 
1535387081344 0.24921 0.927966 -0.277079 -0.625022 -0.939489 0.301096 0.163408 -0.238796 0.235065 0.219589 0.94685 0.377007 0.201729 -0.13151 0.970572 0.383226 -0.979135 -0.00230542 0.203196 -0.493206 -0.0244848 -0.991312 -0.129231 0.443181 
1535387081362 0.249229 0.927839 -0.277488 -0.62471 -0.939398 0.301266 0.163618 -0.238668 0.235409 0.219894 0.946694 0.377112 0.202205 -0.131384 0.97049 0.383263 -0.979059 -0.00324694 0.203551 -0.493324 -0.0235922 -0.991326 -0.129289 0.44314 
1535387081565 0.249247 0.927712 -0.277898 -0.6244 -0.939306 0.301437 0.163828 -0.238541 0.235753 0.220198 0.946538 0.377217 0.202681 -0.131258 0.970408 0.383299 -0.978982 -0.00418844 0.203905 -0.493442 -0.0226997 -0.991339 -0.129348 0.443098 
1535387081743 0.249264 0.927584 -0.278307 -0.624089 -0.939215 0.301607 0.164037 -0.238414 0.236098 0.220502 0.946381 0.377321 0.203157 -0.131131 0.970326 0.383336 -0.978903 -0.00512984 0.204259 -0.49356 -0.0218072 -0.991352 -0.129407 0.443056 
1535387081932 0.249282 0.927457 -0.278716 -0.623779 -0.939124 0.301777 0.164247 -0.238287 0.236442 0.220805 0.946224 0.377425 0.203633 -0.131004 0.970243 0.383372 -0.978824 -0.00607128 0.204614 -0.493678 -0.0209147 -0.991363 -0.129466 0.443014 
1535387082096 0.2493 0.927329 -0.279125 -0.623468 -0.939032 0.301947 0.164456 -0.238159 0.236786 0.221109 0.946067 0.37753 0.204108 -0.130876 0.97016 0.383409 -0.978744 -0.00701259 0.204968 -0.493796 -0.0200222 -0.991374 -0.129526 0.442973 
1535387082271 0.249317 0.927201 -0.279534 -0.623158 -0.938941 0.302118 0.164666 -0.238032 0.23713 0.221412 0.94591 0.377634 0.204584 -0.130748 0.970077 0.383445 -0.978662 -0.00795392 0.205322 -0.493914 -0.0191297 -0.991384 -0.129586 0.442931 
1535387082441 0.249334 0.927073 -0.279944 -0.622847 -0.938849 0.302288 0.164875 -0.237905 0.237475 0.221716 0.945753 0.377739 0.205059 -0.13062 0.969994 0.383482 -0.97858 -0.00889513 0.205676 -0.494032 -0.0182372 -0.991393 -0.129646 0.442889 
1535387082615 0.249351 0.926945 -0.280353 -0.622536 -0.938758 0.302459 0.165084 -0.237778 0.237819 0.222019 0.945595 0.377844 0.205534 -0.130491 0.969911 0.383518 -0.978496 -0.0098363 0.20603 -0.49415 -0.0173447 -0.991401 -0.129707 0.442848 
1535387082810 0.24944 0.926964 -0.280209 -0.622752 -0.938767 0.302487 0.164977 -0.237856 0.237688 0.221899 0.945656 0.377773 0.205067 -0.130545 0.970003 0.383453 -0.978578 -0.00886455 0.205687 -0.493968 -0.0182528 -0.991403 -0.129567 0.442954 
1535387082832 0.249468 0.92693 -0.280297 -0.622518 -0.938678 0.302605 0.165268 -0.237778 0.238011 0.221879 0.945579 0.377841 0.20558 -0.131051 0.969826 0.383493 -0.978473 -0.00917414 0.206173 -0.494095 -0.0181219 -0.991333 -0.130116 0.443034 
1535387082846 0.249495 0.926896 -0.280385 -0.62228 -0.938589 0.302724 0.165558 -0.237698 0.238334 0.22186 0.945503 0.377909 0.206094 -0.131557 0.969648 0.383534 -0.978367 -0.00948345 0.20666 -0.494225 -0.0179919 -0.991263 -0.130665 0.443114 
1535387083046 0.249523 0.926862 -0.280472 -0.622042 -0.938499 0.302842 0.165848 -0.237619 0.238657 0.22184 0.945426 0.377978 0.206608 -0.132062 0.96947 0.383575 -0.978261 -0.009793 0.207147 -0.494354 -0.0178623 -0.991193 -0.131215 0.443194 
1535387083210 0.24955 0.926828 -0.28056 -0.621804 -0.93841 0.30296 0.166137 -0.237539 0.238979 0.221821 0.945349 0.378047 0.207122 -0.132567 0.969292 0.383616 -0.978154 -0.0101028 0.207634 -0.494484 -0.0177329 -0.991122 -0.131764 0.443274 
1535387083354 0.249578 0.926794 -0.280648 -0.621565 -0.93832 0.303079 0.166427 -0.237459 0.239302 0.221801 0.945272 0.378116 0.207637 -0.133072 0.969112 0.383657 -0.978048 -0.010413 0.208121 -0.494613 -0.0176039 -0.991052 -0.132313 0.443354 
1535387083483 0.249605 0.92676 -0.280736 -0.621327 -0.938231 0.303197 0.166717 -0.237379 0.239625 0.221782 0.945195 0.378184 0.20815 -0.133577 0.968933 0.383698 -0.977941 -0.0107232 0.208607 -0.494742 -0.0174751 -0.99098 -0.132863 0.443434 
1535387083628 0.249633 0.926726 -0.280824 -0.621088 -0.938141 0.303315 0.167006 -0.237299 0.239947 0.221762 0.945117 0.378253 0.208665 -0.134082 0.968752 0.38374 -0.977833 -0.0110338 0.209094 -0.494872 -0.0173466 -0.990909 -0.133412 0.443514 
1535387083772 0.24966 0.926692 -0.280911 -0.620851 -0.938051 0.303434 0.167296 -0.237219 0.24027 0.221742 0.94504 0.378322 0.209179 -0.134586 0.968571 0.38378 -0.977726 -0.0113447 0.20958 -0.495001 -0.0172184 -0.990837 -0.133961 0.443594 
1535387083891 0.249688 0.926658 -0.280999 -0.620613 -0.937961 0.303552 0.167586 -0.23714 0.240593 0.221722 0.944963 0.37839 0.209693 -0.13509 0.96839 0.383821 -0.977618 -0.0116556 0.210065 -0.49513 -0.0170905 -0.990765 -0.134511 0.443674 
1535387084071 0.249763 0.926666 -0.280906 -0.620802 -0.938052 0.303504 0.167162 -0.237314 0.24016 0.221753 0.945065 0.378282 0.209169 -0.134601 0.968572 0.383758 -0.977726 -0.0112227 0.209586 -0.49505 -0.0173405 -0.990836 -0.13395 0.443607 
1535387084093 0.249745 0.926619 -0.281077 -0.62056 -0.937935 0.303631 0.16759 -0.237228 0.240636 0.221777 0.944939 0.378354 0.209323 -0.134748 0.968518 0.383778 -0.977697 -0.0115349 0.209702 -0.49514 -0.017085 -0.990813 -0.134157 0.443641 
1535387084108 0.249727 0.926572 -0.281249 -0.620314 -0.937817 0.303758 0.168018 -0.23714 0.241113 0.221802 0.944811 0.378427 0.209477 -0.134895 0.968464 0.383799 -0.977669 -0.0118471 0.209817 -0.49523 -0.0168298 -0.990789 -0.134364 0.443675 
1535387084115 0.24971 0.926524 -0.281422 -0.620067 -0.937699 0.303885 0.168446 -0.237051 0.24159 0.221826 0.944684 0.3785 0.209631 -0.135042 0.96841 0.38382 -0.97764 -0.0121592 0.209933 -0.495321 -0.0165746 -0.990765 -0.134571 0.443709 
1535387084367 0.249692 0.926476 -0.281595 -0.61982 -0.937581 0.304013 0.168874 -0.236963 0.242067 0.221851 0.944556 0.378573 0.209785 -0.135189 0.968357 0.383841 -0.977611 -0.0124714 0.210049 -0.495411 -0.0163195 -0.990741 -0.134778 0.443743 
1535387084500 0.249675 0.926428 -0.281767 -0.619573 -0.937462 0.30414 0.169302 -0.236874 0.242543 0.221876 0.944428 0.378646 0.209938 -0.135336 0.968303 0.383862 -0.977583 -0.0127835 0.210164 -0.495502 -0.0160643 -0.990717 -0.134985 0.443777 
1535387084613 0.249657 0.926381 -0.28194 -0.619328 -0.937343 0.304268 0.16973 -0.236786 0.24302 0.2219 0.9443 0.378718 0.210093 -0.135482 0.968249 0.383882 -0.977554 -0.0130957 0.210279 -0.495592 -0.0158092 -0.990693 -0.135193 0.443811 
1535387084725 0.249639 0.926333 -0.282113 -0.61908 -0.937225 0.304395 0.170158 -0.236697 0.243497 0.221925 0.944171 0.378791 0.210247 -0.135629 0.968195 0.383903 -0.977525 -0.0134079 0.210394 -0.495683 -0.0155542 -0.990669 -0.1354 0.443846 
1535387084863 0.249621 0.926285 -0.282285 -0.618834 -0.937105 0.304523 0.170585 -0.236609 0.243973 0.221949 0.944042 0.378864 0.210401 -0.135776 0.968141 0.383924 -0.977495 -0.0137202 0.21051 -0.495773 -0.0152991 -0.990645 -0.135607 0.44388 
1535387084960 0.249603 0.926238 -0.282458 -0.618588 -0.936986 0.30465 0.171013 -0.236521 0.24445 0.221974 0.943913 0.378937 0.210555 -0.135923 0.968087 0.383945 -0.977466 -0.0140324 0.210625 -0.495864 -0.0150441 -0.99062 -0.135814 0.443914 
1535387085100 0.249576 0.926316 -0.282226 -0.618831 -0.937145 0.304443 0.170508 -0.236551 0.243866 0.221932 0.944074 0.378846 0.210317 -0.135678 0.968173 0.383944 -0.977507 -0.0133009 0.210481 -0.495705 -0.0156801 -0.990664 -0.135424 0.443778 
1535387085122 0.249592 0.926279 -0.282331 -0.618638 -0.937156 0.304464 0.17041 -0.236472 0.243807 0.222056 0.94406 0.378917 0.210232 -0.135829 0.96817 0.383941 -0.977537 -0.014045 0.210295 -0.495765 -0.0149662 -0.990633 -0.135731 0.443826 
1535387085136 0.249609 0.926242 -0.282438 -0.618441 -0.937167 0.304486 0.170311 -0.236391 0.243748 0.22218 0.944046 0.378988 0.210146 -0.13598 0.968167 0.383938 -0.977566 -0.0147888 0.210109 -0.495826 -0.0142525 -0.990601 -0.136037 0.443875 
1535387085156 0.249626 0.926205 -0.282544 -0.618245 -0.937178 0.304507 0.170213 -0.23631 0.243689 0.222305 0.944032 0.37906 0.210061 -0.13613 0.968165 0.383936 -0.977594 -0.0155327 0.209923 -0.495887 -0.0135387 -0.990569 -0.136343 0.443923 
1535387085338 0.249642 0.926168 -0.282651 -0.618048 -0.937189 0.304529 0.170115 -0.236228 0.24363 0.222429 0.944018 0.379132 0.209977 -0.136281 0.968162 0.383933 -0.977622 -0.0162766 0.209738 -0.495948 -0.0128249 -0.990537 -0.136649 0.443971 
1535387085403 0.249659 0.926131 -0.282757 -0.617852 -0.9372 0.30455 0.170017 -0.236148 0.243572 0.222554 0.944004 0.379203 0.209893 -0.136432 0.968159 0.38393 -0.977649 -0.0170204 0.209552 -0.496008 -0.0121111 -0.990503 -0.136955 0.444019 
1535387085552 0.249676 0.926094 -0.282864 -0.617654 -0.937211 0.304572 0.169918 -0.236066 0.243513 0.222678 0.943989 0.379275 0.209808 -0.136583 0.968156 0.383928 -0.977676 -0.0177642 0.209365 -0.496069 -0.0113972 -0.990469 -0.137261 0.444068 
1535387085602 0.249692 0.926057 -0.28297 -0.617458 -0.937221 0.304593 0.16982 -0.235985 0.243454 0.222803 0.943975 0.379346 0.209725 -0.136734 0.968153 0.383925 -0.977702 -0.018508 0.20918 -0.496129 -0.0106833 -0.990435 -0.137566 0.444116 
1535387085733 0.249709 0.92602 -0.283077 -0.61726 -0.937232 0.304615 0.169722 -0.235904 0.243395 0.222927 0.943961 0.379418 0.20964 -0.136884 0.96815 0.383922 -0.977728 -0.0192516 0.208992 -0.49619 -0.00996935 -0.9904 -0.137872 0.444164 
1535387085796 0.249726 0.925983 -0.283183 -0.617064 -0.937243 0.304636 0.169624 -0.235823 0.243337 0.223052 0.943947 0.379489 0.209556 -0.137035 0.968146 0.38392 -0.977753 -0.0199952 0.208805 -0.496251 -0.00925538 -0.990364 -0.138177 0.444213 
1535387085961 0.249788 0.926 -0.283072 -0.617248 -0.937189 0.30471 0.169788 -0.235933 0.243478 0.222881 0.94395 0.379436 0.209609 -0.136712 0.968181 0.383902 -0.977727 -0.0185172 0.209061 -0.496185 -0.0106531 -0.990438 -0.137548 0.444084 
1535387085970 0.249882 0.925983 -0.283045 -0.617023 -0.937259 0.304708 0.169408 -0.235795 0.243115 0.222954 0.944027 0.379501 0.209305 -0.136416 0.968288 0.383878 -0.977785 -0.0177718 0.208854 -0.496279 -0.011283 -0.990492 -0.137106 0.44402 
1535387085989 0.249976 0.925966 -0.283017 -0.616794 -0.937328 0.304706 0.169028 -0.235655 0.242751 0.223027 0.944103 0.379567 0.209002 -0.136121 0.968395 0.383853 -0.977843 -0.0170262 0.208648 -0.496373 -0.0119133 -0.990546 -0.136664 0.443955 
1535387086158 0.25007 0.925949 -0.28299 -0.616564 -0.937397 0.304704 0.168647 -0.235515 0.242387 0.223101 0.944179 0.379633 0.208699 -0.135826 0.968502 0.383829 -0.977899 -0.0162806 0.208441 -0.496467 -0.0125438 -0.990599 -0.136221 0.443891 
1535387086305 0.250163 0.925932 -0.282963 -0.616335 -0.937466 0.304702 0.168267 -0.235375 0.242023 0.223174 0.944255 0.379699 0.208396 -0.13553 0.968609 0.383804 -0.977956 -0.015535 0.208234 -0.496561 -0.0131745 -0.990651 -0.13578 0.443826 
1535387086427 0.250257 0.925915 -0.282935 -0.616104 -0.937535 0.3047 0.167886 -0.235235 0.241659 0.223247 0.944331 0.379766 0.208094 -0.135234 0.968715 0.38378 -0.978011 -0.0147896 0.208026 -0.496656 -0.0138052 -0.990703 -0.135338 0.443762 
1535387086563 0.250351 0.925898 -0.282908 -0.615876 -0.937604 0.304698 0.167506 -0.235095 0.241295 0.22332 0.944407 0.379832 0.20779 -0.134937 0.968821 0.383756 -0.978067 -0.0140441 0.207817 -0.49675 -0.0144361 -0.990755 -0.134896 0.443697 
1535387086678 0.250445 0.925881 -0.28288 -0.615645 -0.937673 0.304696 0.167125 -0.234954 0.240931 0.223394 0.944483 0.379898 0.207489 -0.134641 0.968927 0.383731 -0.978121 -0.0132988 0.207609 -0.496844 -0.0150671 -0.990805 -0.134454 0.443633 
1535387086806 0.250539 0.925864 -0.282853 -0.615416 -0.937741 0.304693 0.166745 -0.234815 0.240566 0.223467 0.944558 0.379964 0.207186 -0.134344 0.969033 0.383707 -0.978176 -0.0125534 0.2074 -0.496938 -0.0156983 -0.990855 -0.134013 0.443568 
1535387086937 0.250633 0.925847 -0.282825 -0.615187 -0.937809 0.304691 0.166364 -0.234675 0.240202 0.22354 0.944634 0.38003 0.206884 -0.134047 0.969139 0.383682 -0.978229 -0.0118081 0.207191 -0.497032 -0.0163296 -0.990905 -0.133571 0.443504 
1535387087076 0.250616 0.925824 -0.282915 -0.615384 -0.937701 0.304797 0.166782 -0.234825 0.240642 0.223491 0.944533 0.379984 0.20745 -0.134483 0.968958 0.383761 -0.978128 -0.0131619 0.207587 -0.496853 -0.0151636 -0.990828 -0.134272 0.443658 
1535387087096 0.250784 0.925866 -0.282629 -0.615117 -0.937717 0.304848 0.166594 -0.234711 0.240403 0.223247 0.944652 0.380037 0.207483 -0.133916 0.969029 0.383746 -0.978129 -0.013574 0.207556 -0.496983 -0.0146414 -0.9909 -0.133803 0.443574 
1535387087231 0.250951 0.925908 -0.282344 -0.614847 -0.937734 0.3049 0.166406 -0.234595 0.240164 0.223004 0.94477 0.380091 0.207518 -0.133348 0.9691 0.383731 -0.978129 -0.0139866 0.207527 -0.497115 -0.0141189 -0.990971 -0.133334 0.443491 
1535387087371 0.251119 0.925949 -0.28206 -0.614577 -0.93775 0.304953 0.166218 -0.234479 0.239924 0.222761 0.944888 0.380144 0.207552 -0.13278 0.969171 0.383717 -0.978129 -0.0143992 0.207498 -0.497246 -0.0135963 -0.991041 -0.132865 0.443408 
1535387087472 0.251287 0.92599 -0.281775 -0.614306 -0.937767 0.305005 0.16603 -0.234362 0.239685 0.222518 0.945006 0.380198 0.207586 -0.132212 0.969241 0.383702 -0.978129 -0.0148117 0.207469 -0.497378 -0.0130738 -0.991111 -0.132396 0.443324 
1535387087601 0.251455 0.926031 -0.28149 -0.614036 -0.937783 0.305057 0.165841 -0.234247 0.239445 0.222275 0.945124 0.380251 0.207619 -0.131644 0.969311 0.383687 -0.978129 -0.0152244 0.20744 -0.497509 -0.0125512 -0.99118 -0.131926 0.443241 
1535387087718 0.251622 0.926072 -0.281206 -0.613765 -0.937799 0.30511 0.165653 -0.23413 0.239205 0.222032 0.945242 0.380305 0.207652 -0.131077 0.969381 0.383673 -0.978129 -0.015637 0.207412 -0.49764 -0.0120287 -0.991249 -0.131457 0.443158 
1535387087836 0.25179 0.926113 -0.280921 -0.613495 -0.937815 0.305162 0.165465 -0.234014 0.238966 0.221789 0.94536 0.380359 0.207686 -0.130509 0.96945 0.383658 -0.978128 -0.0160496 0.207384 -0.497771 -0.011506 -0.991317 -0.130987 0.443074 
1535387087971 0.251957 0.926154 -0.280636 -0.613223 -0.937831 0.305215 0.165277 -0.233897 0.238726 0.221546 0.945477 0.380413 0.207718 -0.129941 0.96952 0.383643 -0.978127 -0.0164623 0.207356 -0.497903 -0.0109834 -0.991385 -0.130518 0.442991 
1535387088075 0.252125 0.926195 -0.280351 -0.612953 -0.937847 0.305267 0.165088 -0.233782 0.238486 0.221303 0.945595 0.380466 0.20775 -0.129372 0.969589 0.383628 -0.978126 -0.0168749 0.207328 -0.498034 -0.0104608 -0.991452 -0.130048 0.442907 
1535387088220 0.25176 0.926236 -0.280541 -0.61323 -0.937914 0.304981 0.165237 -0.233819 0.238608 0.221524 0.945512 0.380442 0.207546 -0.130121 0.969532 0.383651 -0.978163 -0.0164545 0.207186 -0.497923 -0.0110061 -0.991362 -0.130695 0.442987 
1535387088253 0.251918 0.92621 -0.280487 -0.612866 -0.937813 0.305177 0.165447 -0.233689 0.238837 0.221365 0.945492 0.380514 0.207539 -0.129174 0.969661 0.383643 -0.978171 -0.0168723 0.207113 -0.498052 -0.0103933 -0.991478 -0.129856 0.442836 
1535387088265 0.252078 0.926183 -0.280433 -0.612498 -0.937713 0.305374 0.165656 -0.233557 0.239064 0.221208 0.945471 0.380587 0.207532 -0.128228 0.969788 0.383635 -0.978179 -0.0172895 0.207042 -0.498182 -0.0097814 -0.991594 -0.129018 0.442685 
1535387088494 0.252237 0.926156 -0.280379 -0.61213 -0.937612 0.30557 0.165864 -0.233426 0.239292 0.22105 0.94545 0.38066 0.207524 -0.127282 0.969914 0.383628 -0.978187 -0.0177068 0.206971 -0.498311 -0.00916949 -0.991709 -0.12818 0.442533 
1535387088666 0.252396 0.926128 -0.280326 -0.611762 -0.937511 0.305766 0.166073 -0.233294 0.239519 0.220892 0.94543 0.380733 0.207516 -0.126335 0.970039 0.38362 -0.978194 -0.0181242 0.2069 -0.498441 -0.0085576 -0.991822 -0.127341 0.442382 
1535387088832 0.252555 0.926101 -0.280272 -0.611395 -0.93741 0.305962 0.166282 -0.233162 0.239746 0.220735 0.945409 0.380806 0.207507 -0.125389 0.970164 0.383612 -0.978201 -0.0185417 0.20683 -0.49857 -0.0079457 -0.991934 -0.126503 0.442231 
