1530638343750 0.275657 -0.8825 0.381061 -0.604483 0.633204 0.464965 0.618757 -0.181741 -0.723233 0.0707247 0.686973 0.426588 0.0590577 -0.99646 -0.0598334 0.37276 0.0785465 0.0643907 -0.994829 -0.482878 0.99516 0.0540526 0.0820712 0.44437 
1530638343762 0.300885 -0.922898 0.240265 0.225257 -0.138768 -0.291628 -0.946412 -0.486344 0.94351 0.25142 -0.215815 0.468712 0.0517539 -0.99661 -0.0639576 0.374234 0.0551122 0.066796 -0.996243 -0.483696 0.997138 0.0480346 0.0583823 0.444148 
1530638344320 0.242825 -0.925174 0.291699 0.16152 0.102786 -0.274468 -0.956087 -0.435487 0.964609 0.262144 0.0284473 0.461493 0.0443522 -0.996705 -0.0679047 0.375709 0.0316658 0.06934 -0.99709 -0.484511 0.998514 0.0420729 0.0346369 0.443924 
1530638344881 0.185198 -0.926148 0.328559 0.0634542 0.340052 -0.25329 -0.905654 -0.39584 0.921991 0.279452 0.26803 0.437571 0.0368579 -0.996747 -0.0716738 0.377183 0.0082213 0.0720226 -0.997369 -0.485326 0.999287 0.0361717 0.0108492 0.4437 
1530638345439 0.108749 -0.933954 0.340446 -0.0100477 0.566676 -0.223137 -0.793151 -0.393705 0.816732 0.279178 0.504984 0.453534 0.0292761 -0.996734 -0.0752631 0.378657 -0.015207 0.0748425 -0.997079 -0.486141 0.999456 0.0303352 -0.0129663 0.443476 
1530638345999 0.0372286 -0.940161 0.33869 -0.0983861 0.750403 -0.197521 -0.630778 -0.379776 0.659932 0.277637 0.698146 0.449359 0.0216102 -0.996666 -0.0786696 0.380132 -0.0386047 0.0777974 -0.996221 -0.486956 0.999021 0.0245656 -0.0367948 0.443251 
1530638346555 -0.0276971 -0.946596 0.321231 -0.198397 0.888256 -0.170708 -0.426451 -0.355415 0.458513 0.273524 0.845547 0.440017 0.0138655 -0.996545 -0.0818914 0.381606 -0.0619573 0.0808856 -0.994796 -0.487772 0.997982 0.0188671 -0.0606217 0.443027 
1530638347116 -0.0860491 -0.953826 0.28777 -0.298191 0.970276 -0.145805 -0.193145 -0.330411 0.226186 0.262597 0.938021 0.431334 0.0060462 -0.996369 -0.0849259 0.38308 -0.0852509 0.0841047 -0.992803 -0.488586 0.996341 0.0132427 -0.0844328 0.442803 
1530638347704 -0.133997 -0.961333 0.240591 -0.397711 0.990741 -0.124607 0.053898 -0.305255 -0.0218346 0.245585 0.969129 0.423196 -0.00184192 -0.996139 -0.0877725 0.384552 -0.10847 0.0874538 -0.990246 -0.489395 0.994098 0.0076967 -0.108212 0.442574 
1530638348284 -0.168046 -0.968645 0.182994 -0.493233 0.948351 -0.108189 0.298205 -0.280336 -0.269057 0.223654 0.936796 0.414798 -0.00976807 -0.995855 -0.0904292 0.385976 -0.131533 0.0909274 -0.987133 -0.490135 0.991264 0.00225203 -0.131876 0.442227 
1530638348857 -0.168046 -0.968645 0.182994 -0.493233 0.948351 -0.108189 0.298205 -0.280336 -0.269057 0.223654 0.936796 0.414798 -0.00984884 -0.995853 -0.0904433 0.385915 -0.131344 0.0909524 -0.987156 -0.490178 0.991288 0.00215686 -0.131695 0.442256 
1530638348867 0.280755 -0.928413 0.243364 0.287768 -0.14415 -0.291475 -0.945655 -0.485422 0.948893 0.230416 -0.215663 0.482452 -0.0106415 -0.995822 -0.0906969 0.386074 -0.133677 0.0913046 -0.98681 -0.490263 0.990968 0.00162293 -0.13409 0.442243 
1530638349108 0.230219 -0.928641 0.290905 0.201888 0.100587 -0.274625 -0.956276 -0.456571 0.967926 0.249414 0.0301849 0.473161 -0.0114354 -0.99579 -0.0909492 0.386232 -0.13601 0.0916588 -0.986458 -0.490348 0.990642 0.00108945 -0.136485 0.442231 
1530638349357 0.170645 -0.930795 0.323267 0.101622 0.342906 -0.251472 -0.905084 -0.431197 0.92374 0.265299 0.276262 0.465824 -0.0122298 -0.995758 -0.0911996 0.386391 -0.138341 0.0920143 -0.986101 -0.490434 0.990309 0.000556801 -0.138879 0.442218 
1530638349599 0.105023 -0.934666 0.339661 0.00120981 0.564008 -0.225325 -0.794433 -0.405891 0.819064 0.275005 0.503494 0.457314 -0.0130249 -0.995725 -0.0914481 0.386549 -0.140671 0.092371 -0.985738 -0.490519 0.989971 2.50287e-05 -0.141273 0.442205 
1530638349819 0.0375019 -0.940025 0.339037 -0.0987905 0.749589 -0.197903 -0.631625 -0.380798 0.66084 0.277826 0.697211 0.447832 -0.0138205 -0.995691 -0.0916945 0.386708 -0.143001 0.0927288 -0.985369 -0.490604 0.989626 -0.000505954 -0.143666 0.442193 
1530638350051 -0.0276228 -0.946572 0.321307 -0.198535 0.888121 -0.170761 -0.426711 -0.355532 0.458779 0.273572 0.845387 0.439595 -0.0146167 -0.995657 -0.0919395 0.386867 -0.145328 0.0930884 -0.984995 -0.490689 0.989276 -0.00103598 -0.146058 0.44218 
1530638350303 -0.0860291 -0.953825 0.287779 -0.298229 0.970274 -0.145793 -0.193166 -0.330328 0.226203 0.262606 0.938014 0.431354 -0.0154135 -0.995623 -0.0921818 0.387025 -0.147656 0.0934484 -0.984614 -0.490774 0.988919 -0.00156517 -0.14845 0.442167 
1530638350560 -0.134011 -0.961334 0.240579 -0.39775 0.990739 -0.124621 0.0539045 -0.305195 -0.0218391 0.245575 0.969132 0.423216 -0.0162109 -0.995588 -0.0924226 0.387184 -0.149981 0.0938102 -0.984228 -0.490859 0.988556 -0.00209363 -0.15084 0.442154 
1530638350796 -0.168354 -0.968609 0.182902 -0.493437 0.948258 -0.108471 0.298397 -0.280353 -0.26919 0.223675 0.936753 0.414453 -0.0170061 -0.995552 -0.0926612 0.387337 -0.152299 0.0941724 -0.983838 -0.490936 0.988188 -0.002619 -0.153223 0.442128 
1530638351036 -0.168354 -0.968609 0.182902 -0.493437 0.948258 -0.108471 0.298397 -0.280353 -0.26919 0.223675 0.936753 0.414453 -0.0169752 -0.995561 -0.092573 0.387371 -0.152155 0.0940801 -0.983869 -0.490907 0.988211 -0.00261598 -0.153077 0.442188 
1530638351053 0.280859 -0.928369 0.243412 0.288043 -0.144209 -0.291562 -0.945619 -0.483956 0.948853 0.230484 -0.215767 0.481724 -0.0148574 -0.995822 -0.090096 0.387284 -0.15398 0.0913097 -0.983846 -0.491169 0.987962 -0.000744408 -0.154694 0.442598 
1530638351314 0.230386 -0.928601 0.2909 0.201489 0.100464 -0.274647 -0.956282 -0.456577 0.967899 0.24954 0.0300161 0.473433 -0.0127338 -0.996072 -0.0876219 0.387198 -0.155801 0.0885352 -0.983813 -0.491431 0.987706 0.00112395 -0.156316 0.443009 
1530638351556 0.170719 -0.930775 0.323285 0.101413 0.342841 -0.251486 -0.905105 -0.431262 0.92375 0.265354 0.276175 0.465959 -0.0106059 -0.996312 -0.085151 0.387111 -0.157615 0.085757 -0.98377 -0.491693 0.987444 0.00298729 -0.157943 0.443419 
1530638351791 0.105057 -0.934654 0.339682 0.0011184 0.563968 -0.225339 -0.794457 -0.40593 0.819086 0.275033 0.503442 0.457344 -0.00847337 -0.99654 -0.0826831 0.387024 -0.159422 0.0829748 -0.983717 -0.491955 0.987174 0.00484613 -0.159574 0.44383 
1530638352026 0.0375184 -0.940026 0.339034 -0.0987622 0.749587 -0.19789 -0.631632 -0.380778 0.660842 0.277833 0.697207 0.447782 -0.00633625 -0.996757 -0.0802182 0.386938 -0.161223 0.0801886 -0.983655 -0.492217 0.986898 0.00670035 -0.161208 0.44424 
1530638352034 -0.027607 -0.946571 0.321313 -0.198486 0.888123 -0.170749 -0.426711 -0.355503 0.458776 0.273585 0.845385 0.439569 -0.00419451 -0.996964 -0.0777563 0.386851 -0.163018 0.0773985 -0.983583 -0.492479 0.986614 0.00855 -0.162847 0.444651 
1530638352343 -0.0860265 -0.953822 0.287791 -0.298203 0.970274 -0.145793 -0.193166 -0.330305 0.226204 0.262619 0.93801 0.431364 -0.0020484 -0.997159 -0.0752971 0.386764 -0.164806 0.0746043 -0.983501 -0.492741 0.986324 0.0103948 -0.16449 0.445061 
1530638352683 -0.134026 -0.96133 0.240587 -0.397753 0.990737 -0.124634 0.053909 -0.305179 -0.021839 0.245584 0.969129 0.423237 0.000102061 -0.997344 -0.0728404 0.386677 -0.166588 0.0718056 -0.983409 -0.493001 0.986027 0.0122347 -0.166138 0.44547 
1530638352960 -0.168508 -0.96858 0.182917 -0.493507 0.948228 -0.108606 0.298444 -0.280366 -0.269201 0.223737 0.936735 0.414331 0.00224982 -0.997517 -0.070389 0.386595 -0.168355 0.0690067 -0.983308 -0.493225 0.985724 0.0140626 -0.167782 0.445858 
1530638353221 -0.168508 -0.96858 0.182917 -0.493507 0.948228 -0.108606 0.298444 -0.280366 -0.269201 0.223737 0.936735 0.414331 0.00214851 -0.997517 -0.0703976 0.386567 -0.168277 0.0690332 -0.98332 -0.493247 0.985737 0.013959 -0.167711 0.445915 
1530638353235 0.280904 -0.928348 0.243439 0.288147 -0.144206 -0.2916 -0.945608 -0.483438 0.94884 0.23052 -0.215785 0.481311 0.00276705 -0.997528 -0.0702118 0.386581 -0.168554 0.0687423 -0.983293 -0.493332 0.985689 0.0145553 -0.167947 0.446055 
1530638353431 0.230428 -0.928592 0.290894 0.201402 0.100432 -0.274648 -0.956286 -0.456587 0.967893 0.24957 0.0299734 0.473478 0.00338617 -0.997539 -0.0700258 0.386596 -0.168829 0.0684507 -0.983266 -0.493417 0.98564 0.0151519 -0.168182 0.446194 
1530638353628 0.170727 -0.930774 0.323285 0.101395 0.342832 -0.251487 -0.905108 -0.431273 0.923752 0.265359 0.276163 0.465962 0.00400514 -0.99755 -0.06984 0.38661 -0.169104 0.0681591 -0.983239 -0.493502 0.98559 0.0157483 -0.168417 0.446334 
1530638353823 0.105066 -0.934651 0.339689 0.00111049 0.563956 -0.225344 -0.794464 -0.405939 0.819094 0.275041 0.503426 0.457331 0.00462454 -0.99756 -0.0696543 0.386625 -0.16938 0.0678671 -0.983211 -0.493587 0.98554 0.0163449 -0.168653 0.446474 
1530638353830 0.0375282 -0.940027 0.339029 -0.0987293 0.749589 -0.197879 -0.631633 -0.380762 0.660839 0.277837 0.697208 0.447746 0.00524413 -0.99757 -0.0694687 0.386639 -0.169655 0.067575 -0.983184 -0.493671 0.98549 0.0169416 -0.168888 0.446614 
1530638354034 -0.0276005 -0.946568 0.32132 -0.198454 0.888124 -0.170746 -0.42671 -0.355486 0.458774 0.273594 0.845383 0.439553 0.00586395 -0.99758 -0.0692832 0.386653 -0.16993 0.0672826 -0.983157 -0.493756 0.985439 0.0175385 -0.169124 0.446753 
1530638354248 -0.0860301 -0.953818 0.287802 -0.298191 0.970273 -0.145799 -0.193164 -0.330295 0.226205 0.262629 0.938007 0.431374 0.00648346 -0.997589 -0.069098 0.386668 -0.170205 0.0669903 -0.983129 -0.493841 0.985387 0.0181349 -0.16936 0.446893 
1530638354462 -0.134034 -0.961327 0.240593 -0.397759 0.990736 -0.124642 0.0539113 -0.305173 -0.0218383 0.24559 0.969128 0.423252 0.00710316 -0.997597 -0.0689126 0.386682 -0.170479 0.0666974 -0.983101 -0.493925 0.985336 0.0187313 -0.169596 0.447032 
1530638354659 -0.168562 -0.968567 0.182933 -0.49354 0.948217 -0.10865 0.298462 -0.280383 -0.269205 0.223769 0.936726 0.414253 0.00772068 -0.997606 -0.0687275 0.386697 -0.170752 0.0664048 -0.983074 -0.493999 0.985284 0.0193254 -0.169831 0.447165 
1530638354870 -0.168562 -0.968567 0.182933 -0.49354 0.948217 -0.10865 0.298462 -0.280383 -0.269205 0.223769 0.936726 0.414253 0.00786637 -0.997604 -0.0687399 0.386736 -0.170863 0.0663902 -0.983056 -0.493969 0.985263 0.0194782 -0.169931 0.44712 
1530638354883 0.280953 -0.92833 0.243452 0.288128 -0.144226 -0.291629 -0.945596 -0.483092 0.948823 0.230556 -0.215823 0.481115 0.00768451 -0.99763 -0.0683707 0.386858 -0.169848 0.0660771 -0.983252 -0.493959 0.98544 0.0191685 -0.168938 0.447035 
1530638355103 0.23049 -0.928577 0.290895 0.201255 0.100383 -0.274659 -0.956288 -0.456601 0.967883 0.249615 0.0299074 0.47359 0.00750069 -0.997657 -0.0680017 0.38698 -0.168832 0.0657639 -0.983448 -0.49395 0.985616 0.0188574 -0.167943 0.44695 
1530638355311 0.170765 -0.930762 0.323296 0.10129 0.342797 -0.251497 -0.905119 -0.43131 0.923758 0.265388 0.276115 0.466031 0.00731651 -0.997683 -0.0676329 0.387102 -0.167816 0.0654504 -0.983643 -0.49394 0.985791 0.0185467 -0.166949 0.446865 
1530638355572 0.105095 -0.93464 0.339711 0.00103706 0.563921 -0.22536 -0.794485 -0.405981 0.819115 0.275067 0.503378 0.45736 0.00713206 -0.99771 -0.0672644 0.387224 -0.1668 0.0651367 -0.983837 -0.49393 0.985965 0.0182365 -0.165954 0.44678 
1530638355780 0.0375279 -0.940018 0.339055 -0.0987316 0.749594 -0.197894 -0.631622 -0.380768 0.660833 0.277857 0.697205 0.447834 0.00694759 -0.997736 -0.0668965 0.387346 -0.165785 0.0648231 -0.984029 -0.493921 0.986138 0.017927 -0.164959 0.446694 
1530638356000 -0.0276014 -0.946564 0.321332 -0.198436 0.888124 -0.170753 -0.426708 -0.355472 0.458774 0.273605 0.84538 0.439552 0.00676213 -0.997762 -0.0665281 0.387468 -0.164768 0.0645085 -0.984221 -0.493911 0.986309 0.0176171 -0.163963 0.446609 
1530638356251 -0.0860343 -0.953815 0.28781 -0.298194 0.970272 -0.145805 -0.193164 -0.330288 0.226207 0.262635 0.938005 0.431389 0.00657657 -0.997787 -0.0661601 0.38759 -0.163752 0.0641938 -0.984411 -0.493901 0.98648 0.0173079 -0.162967 0.446524 
1530638356477 -0.134039 -0.961326 0.240595 -0.39777 0.990735 -0.124647 0.0539115 -0.305169 -0.0218372 0.245592 0.969127 0.423263 0.006391 -0.997813 -0.0657924 0.387712 -0.162736 0.0638789 -0.9846 -0.493892 0.986649 0.0169994 -0.161972 0.446439 
1530638356719 -0.168584 -0.968562 0.182942 -0.493562 0.948212 -0.108667 0.298472 -0.280397 -0.269209 0.223785 0.936721 0.414184 0.00620506 -0.997838 -0.0654253 0.38783 -0.161722 0.0635639 -0.984787 -0.493886 0.986817 0.0166914 -0.160978 0.446362 
1530638356927 -0.168584 -0.968562 0.182942 -0.493562 0.948212 -0.108667 0.298472 -0.280397 -0.269209 0.223785 0.936721 0.414184 0.0061512 -0.997846 -0.0653116 0.387817 -0.161691 0.0634609 -0.984799 -0.493882 0.986822 0.016618 -0.160952 0.446436 
1530638356940 0.280998 -0.928314 0.243463 0.288097 -0.144242 -0.291654 -0.945586 -0.482819 0.948807 0.23059 -0.215856 0.48095 0.00573401 -0.997826 -0.0656519 0.387959 -0.162841 0.0638449 -0.984584 -0.493888 0.986636 0.0163365 -0.162121 0.446672 
1530638357173 0.230541 -0.928564 0.290895 0.201134 0.100342 -0.274668 -0.956289 -0.456615 0.967875 0.249653 0.0298516 0.473683 0.00531625 -0.997806 -0.0659918 0.3881 -0.163991 0.0642294 -0.984369 -0.493893 0.986447 0.0160553 -0.16329 0.446908 
1530638357179 0.170797 -0.930753 0.323306 0.101203 0.342768 -0.251505 -0.905127 -0.431343 0.923763 0.265412 0.276076 0.466091 0.00489838 -0.997786 -0.0663306 0.388242 -0.16514 0.0646135 -0.984151 -0.493899 0.986258 0.0157746 -0.164458 0.447144 
1530638357391 0.105117 -0.934631 0.339729 0.000973656 0.563893 -0.225373 -0.794501 -0.406017 0.819131 0.275087 0.503341 0.457391 0.00448006 -0.997765 -0.0666692 0.388383 -0.166289 0.0649983 -0.983933 -0.493905 0.986067 0.0154944 -0.165626 0.44738 
1530638357659 0.0375321 -0.940009 0.339079 -0.0987654 0.749599 -0.197905 -0.631613 -0.380786 0.660828 0.277879 0.697202 0.447976 0.00406129 -0.997744 -0.0670075 0.388525 -0.167438 0.0653835 -0.983712 -0.493911 0.985874 0.0152147 -0.166794 0.447616 
1530638357869 -0.0276042 -0.94656 0.321344 -0.198421 0.888124 -0.17076 -0.426704 -0.355467 0.458774 0.273615 0.845377 0.439557 0.00364207 -0.997723 -0.0673454 0.388666 -0.168586 0.0657693 -0.98349 -0.493916 0.98568 0.0149354 -0.167963 0.447851 
1530638358070 -0.0860376 -0.953813 0.287817 -0.298197 0.970272 -0.14581 -0.193164 -0.330284 0.226209 0.262641 0.938003 0.431402 0.00322252 -0.997702 -0.0676825 0.388807 -0.169734 0.066155 -0.983267 -0.493922 0.985485 0.0146566 -0.169131 0.448087 
1530638358276 -0.134042 -0.961325 0.240596 -0.397779 0.990735 -0.12465 0.0539115 -0.305167 -0.0218363 0.245593 0.969127 0.423273 0.00280232 -0.99768 -0.068019 0.388949 -0.17088 0.0665411 -0.983042 -0.493927 0.985288 0.0143779 -0.170298 0.448323 
1530638358563 -0.1686 -0.968557 0.18295 -0.493579 0.948208 -0.108678 0.29848 -0.280408 -0.269212 0.223798 0.936717 0.414128 0.00238363 -0.997658 -0.0683547 0.389086 -0.172024 0.0669269 -0.982817 -0.493926 0.98509 0.0141013 -0.171461 0.448546 
1530638358776 -0.1686 -0.968557 0.18295 -0.493579 0.948208 -0.108678 0.29848 -0.280408 -0.269212 0.223798 0.936717 0.414128 0.00239638 -0.997657 -0.0683657 0.389117 -0.17205 0.0669351 -0.982812 -0.493904 0.985085 0.0141175 -0.171486 0.448491 
1530638358790 0.281038 -0.928299 0.243472 0.288061 -0.144255 -0.291676 -0.945577 -0.482602 0.948793 0.230621 -0.215884 0.480813 0.00180518 -0.997536 -0.0701338 0.389185 -0.171552 0.0687852 -0.982771 -0.4939 0.985173 0.0138056 -0.171005 0.448474 
1530638359021 0.230583 -0.928554 0.290895 0.201035 0.100307 -0.274675 -0.956291 -0.456628 0.967869 0.249683 0.0298054 0.47376 0.00121383 -0.997411 -0.0719036 0.389252 -0.171052 0.0706368 -0.982727 -0.493896 0.985261 0.0134921 -0.170523 0.448457 
1530638359304 0.170823 -0.930746 0.323313 0.101134 0.342744 -0.251511 -0.905135 -0.431369 0.923767 0.265431 0.276044 0.466139 0.000624177 -0.997282 -0.0736725 0.38932 -0.170551 0.072487 -0.982679 -0.493892 0.985349 0.0131783 -0.170042 0.44844 
1530638359532 0.105134 -0.934624 0.339743 0.000924398 0.563871 -0.225382 -0.794514 -0.406044 0.819143 0.275102 0.503312 0.457415 3.49621e-05 -0.99715 -0.0754418 0.389387 -0.170049 0.0743371 -0.982628 -0.493888 0.985436 0.0128631 -0.169561 0.448423 
1530638359796 0.0375375 -0.940003 0.339094 -0.0987928 0.749602 -0.197911 -0.631608 -0.3808 0.660824 0.277895 0.697199 0.448077 -0.000553506 -0.997015 -0.0772112 0.389455 -0.169545 0.0761869 -0.982573 -0.493884 0.985522 0.0125469 -0.169081 0.448405 
1530638360028 -0.0276058 -0.946557 0.321354 -0.198407 0.888125 -0.170766 -0.426701 -0.355463 0.458773 0.273623 0.845374 0.439558 -0.00114125 -0.996875 -0.0789807 0.389523 -0.169041 0.0780365 -0.982515 -0.493879 0.985608 0.0122297 -0.168602 0.448388 
1530638360251 -0.08604 -0.953811 0.287823 -0.298197 0.970271 -0.145814 -0.193163 -0.330283 0.22621 0.262646 0.938001 0.431411 -0.00172796 -0.996733 -0.0807506 0.38959 -0.168535 0.0798859 -0.982453 -0.493875 0.985694 0.0119117 -0.168123 0.448371 
1530638360494 -0.134044 -0.961325 0.240598 -0.397787 0.990735 -0.124652 0.0539115 -0.305166 -0.0218355 0.245595 0.969127 0.423281 -0.00231334 -0.996587 -0.0825195 0.389658 -0.168029 0.0817338 -0.982388 -0.493872 0.985779 0.0115931 -0.167645 0.448354 
1530638360723 -0.168613 -0.968554 0.182957 -0.493591 0.948205 -0.108687 0.298487 -0.280418 -0.269215 0.22381 0.936714 0.414082 -0.00289688 -0.996437 -0.0842878 0.389723 -0.167522 0.0835805 -0.982319 -0.493873 0.985864 0.0112744 -0.167168 0.448338 
1530638360963 -0.168613 -0.968554 0.182957 -0.493591 0.948205 -0.108687 0.298487 -0.280418 -0.269215 0.22381 0.936714 0.414082 -0.00291026 -0.996449 -0.0841449 0.389677 -0.167532 0.0834419 -0.982329 -0.493888 0.985862 0.0112381 -0.16718 0.448357 
1530638360976 0.281073 -0.928286 0.24348 0.288025 -0.144265 -0.291695 -0.945569 -0.482429 0.948781 0.230648 -0.215907 0.480699 -0.00224036 -0.996467 -0.0839584 0.389752 -0.167599 0.0831452 -0.982343 -0.494009 0.985853 0.0118706 -0.167193 0.448396 
1530638360983 0.230618 -0.928545 0.290895 0.200954 0.100279 -0.274681 -0.956292 -0.456641 0.967863 0.249709 0.0297667 0.473825 -0.00156935 -0.996484 -0.0837719 0.389826 -0.167667 0.0828483 -0.982356 -0.494129 0.985842 0.0125041 -0.167208 0.448434 
1530638361155 0.170844 -0.93074 0.323319 0.101078 0.342725 -0.251516 -0.90514 -0.431392 0.923771 0.265447 0.276018 0.466178 -0.000899046 -0.9965 -0.0835858 0.389901 -0.167735 0.0825519 -0.98237 -0.49425 0.985832 0.013137 -0.167222 0.448473 
1530638361375 0.105148 -0.934618 0.339753 0.000884652 0.563855 -0.22539 -0.794523 -0.406067 0.819153 0.275114 0.50329 0.457434 -0.000228298 -0.996516 -0.0833994 0.389975 -0.167802 0.0822551 -0.982383 -0.49437 0.985821 0.0137703 -0.167236 0.448512 
1530638361382 0.0375425 -0.939999 0.339106 -0.0988158 0.749603 -0.197914 -0.631605 -0.380811 0.660822 0.277907 0.697196 0.448154 0.000442583 -0.996532 -0.083213 0.39005 -0.167869 0.0819581 -0.982396 -0.494491 0.985809 0.0144037 -0.167251 0.448551 
1530638361604 -0.0276063 -0.946554 0.321362 -0.198396 0.888125 -0.170769 -0.426698 -0.355461 0.458771 0.27363 0.845373 0.439558 0.00111362 -0.996547 -0.0830265 0.390125 -0.167936 0.081661 -0.98241 -0.494612 0.985797 0.0150372 -0.167266 0.448589 
1530638361813 -0.0860414 -0.953809 0.287827 -0.298197 0.970271 -0.145816 -0.193162 -0.330283 0.22621 0.262651 0.938 0.431419 0.00178436 -0.996561 -0.0828402 0.390199 -0.168003 0.0813642 -0.982423 -0.494732 0.985785 0.0156704 -0.16728 0.448628 
1530638362035 -0.134046 -0.961324 0.240599 -0.397792 0.990735 -0.124654 0.0539117 -0.305167 -0.021835 0.245596 0.969126 0.423288 0.00245524 -0.996575 -0.0826536 0.390274 -0.16807 0.0810668 -0.982436 -0.494852 0.985772 0.0163037 -0.167295 0.448666 
1530638362236 -0.168622 -0.968551 0.182964 -0.4936 0.948203 -0.108693 0.298492 -0.280426 -0.269218 0.223819 0.936711 0.414045 0.00312384 -0.996589 -0.0824672 0.390347 -0.168136 0.0807702 -0.982449 -0.49496 0.985759 0.0169347 -0.16731 0.448701 
1530638362421 -0.168622 -0.968551 0.182964 -0.4936 0.948203 -0.108693 0.298492 -0.280426 -0.269218 0.223819 0.936711 0.414045 0.00302443 -0.996583 -0.0825461 0.390325 -0.168121 0.0808648 -0.982444 -0.494963 0.985762 0.0168491 -0.167302 0.44866 
1530638362434 0.281103 -0.928276 0.243486 0.287991 -0.144274 -0.29171 -0.945563 -0.482292 0.948771 0.230672 -0.215927 0.480606 0.00382648 -0.996795 -0.0799098 0.390342 -0.164838 0.0781885 -0.983217 -0.495021 0.986313 0.0169344 -0.16401 0.448216 
1530638362724 0.230646 -0.928538 0.290895 0.200889 0.100255 -0.274687 -0.956293 -0.456652 0.967859 0.249729 0.0297348 0.473877 0.0046203 -0.996999 -0.0772701 0.390358 -0.161551 0.0755117 -0.983971 -0.495078 0.986854 0.0170293 -0.160718 0.447771 
1530638363026 0.17086 -0.930736 0.323323 0.101032 0.342709 -0.251521 -0.905145 -0.43141 0.923773 0.26546 0.275997 0.466211 0.00540523 -0.997197 -0.0746266 0.390375 -0.15826 0.0728341 -0.984708 -0.495135 0.987383 0.017133 -0.157423 0.447327 
1530638363307 0.105159 -0.934614 0.339761 0.000852779 0.563841 -0.225396 -0.794531 -0.406085 0.819161 0.275124 0.503271 0.45745 0.00618131 -0.997387 -0.0719803 0.390392 -0.154965 0.0701566 -0.985426 -0.495193 0.987901 0.0172457 -0.154127 0.446882 
1530638363610 0.0375466 -0.939995 0.339115 -0.0988348 0.749604 -0.197917 -0.631603 -0.38082 0.66082 0.277917 0.697193 0.448214 0.00694852 -0.99757 -0.0693308 0.390409 -0.151667 0.067479 -0.986126 -0.49525 0.988407 0.0173673 -0.150829 0.446438 
1530638363900 -0.0276061 -0.946552 0.321367 -0.198387 0.888126 -0.170771 -0.426696 -0.355459 0.45877 0.273635 0.845372 0.439556 0.00770661 -0.997745 -0.066678 0.390425 -0.148365 0.0648011 -0.986807 -0.495307 0.988903 0.0174976 -0.147531 0.445993 
1530638364195 -0.0860423 -0.953808 0.287831 -0.298197 0.970271 -0.145818 -0.193162 -0.330283 0.22621 0.262654 0.937999 0.431424 0.0084563 -0.997913 -0.0640228 0.390442 -0.145059 0.0621237 -0.987471 -0.495365 0.989387 0.0176374 -0.14423 0.445549 
1530638364512 -0.134047 -0.961323 0.240601 -0.397796 0.990734 -0.124655 0.0539118 -0.305168 -0.0218346 0.245598 0.969126 0.423293 0.00919683 -0.998073 -0.0613642 0.390459 -0.141749 0.0594459 -0.988116 -0.495423 0.98986 0.0177859 -0.14093 0.445105 
1530638364802 -0.16863 -0.968549 0.182969 -0.493607 0.948201 -0.108698 0.298497 -0.280433 -0.269221 0.223827 0.936708 0.414016 0.00992665 -0.998226 -0.058706 0.390475 -0.138448 0.0567714 -0.988741 -0.495487 0.99032 0.0179426 -0.137639 0.44469 
1530638365172 -0.16863 -0.968549 0.182969 -0.493607 0.948201 -0.108698 0.298497 -0.280433 -0.269221 0.223827 0.936708 0.414016 0.00993607 -0.998221 -0.0587966 0.390507 -0.138444 0.0568599 -0.988737 -0.495465 0.99032 0.0179642 -0.137632 0.44464 
1530638365187 0.281128 -0.928267 0.243492 0.287961 -0.144281 -0.291723 -0.945558 -0.482185 0.948762 0.230692 -0.215943 0.480531 0.00876761 -0.99806 -0.0616337 0.390658 -0.141005 0.0597862 -0.988202 -0.495405 0.98997 0.0173548 -0.140208 0.445054 
1530638365484 0.23067 -0.928532 0.290895 0.200836 0.100235 -0.274691 -0.956294 -0.456661 0.967856 0.249746 0.029709 0.47392 0.00759164 -0.997891 -0.0644662 0.390808 -0.143562 0.0627126 -0.987652 -0.495346 0.989612 0.0167528 -0.142783 0.445468 
1530638365771 0.170874 -0.930732 0.323327 0.100996 0.342697 -0.251524 -0.905149 -0.431425 0.923775 0.26547 0.27598 0.466237 0.00640819 -0.997712 -0.0672957 0.390959 -0.146115 0.0656405 -0.987088 -0.495286 0.989247 0.0161583 -0.14536 0.445882 
1530638366063 0.105168 -0.934611 0.339768 0.000827595 0.563831 -0.2254 -0.794537 -0.406099 0.819167 0.275131 0.503258 0.457463 0.00521751 -0.997525 -0.0701212 0.39111 -0.148663 0.0685691 -0.986508 -0.495226 0.988874 0.0155715 -0.147937 0.446296 
1530638366351 0.0375493 -0.939993 0.339122 -0.0988507 0.749605 -0.197919 -0.631601 -0.380829 0.660819 0.277924 0.697192 0.448262 0.00401953 -0.997328 -0.0729429 0.39126 -0.151206 0.0714987 -0.985913 -0.495166 0.988494 0.0149924 -0.150515 0.446711 
1530638366647 -0.0276066 -0.946548 0.32138 -0.198398 0.888128 -0.170776 -0.42669 -0.355468 0.458766 0.273647 0.84537 0.439604 0.00281429 -0.997122 -0.0757605 0.391411 -0.153745 0.0744286 -0.985303 -0.495106 0.988107 0.0144207 -0.153093 0.447125 
1530638366952 -0.0860431 -0.953807 0.287835 -0.298197 0.970271 -0.145819 -0.193161 -0.330284 0.22621 0.262657 0.937998 0.431429 0.00160164 -0.996907 -0.0785753 0.391562 -0.15628 0.0773604 -0.984679 -0.495047 0.987712 0.0138568 -0.155673 0.447539 
1530638367249 -0.134048 -0.961323 0.240602 -0.397799 0.990734 -0.124656 0.0539121 -0.305169 -0.0218344 0.245599 0.969125 0.423297 0.000381805 -0.996683 -0.0813857 0.391712 -0.158809 0.0802924 -0.984039 -0.494986 0.987309 0.0133005 -0.158252 0.447952 
1530638367596 -0.168635 -0.968547 0.182974 -0.493612 0.948199 -0.108701 0.298502 -0.280439 -0.269223 0.223833 0.936706 0.413993 -0.000841805 -0.996449 -0.0841892 0.391858 -0.161325 0.0832218 -0.983386 -0.494922 0.986901 0.012754 -0.160823 0.448341 
1530638367881 -0.168635 -0.968547 0.182974 -0.493612 0.948199 -0.108701 0.298502 -0.280439 -0.269223 0.223833 0.936706 0.413993 -0.000747285 -0.996464 -0.0840167 0.391891 -0.161199 0.083038 -0.983422 -0.494888 0.986922 0.0128085 -0.160691 0.448414 
1530638367899 0.281148 -0.928259 0.243496 0.287935 -0.144286 -0.291734 -0.945554 -0.482102 0.948756 0.230708 -0.215955 0.48047 1.31884e-05 -0.996616 -0.0821991 0.39203 -0.162485 0.0811046 -0.983372 -0.495003 0.986711 0.0133691 -0.161935 0.44863 
1530638368099 0.230687 -0.928528 0.290895 0.200795 0.10022 -0.274694 -0.956294 -0.456669 0.967853 0.249759 0.0296889 0.473954 0.000776608 -0.996764 -0.0803812 0.392168 -0.163772 0.0791692 -0.983316 -0.495118 0.986498 0.0139278 -0.16318 0.448845 
1530638368315 0.170884 -0.930729 0.32333 0.100968 0.342688 -0.251526 -0.905152 -0.431436 0.923777 0.265477 0.275968 0.466257 0.00154216 -0.996908 -0.0785645 0.392307 -0.165056 0.0772332 -0.983256 -0.495232 0.986283 0.0144839 -0.164427 0.449061 
1530638368551 0.105173 -0.934609 0.339771 0.000810704 0.563824 -0.225402 -0.794541 -0.406108 0.819171 0.275136 0.503249 0.457472 0.00231 -0.997048 -0.0767485 0.392445 -0.166339 0.0752964 -0.98319 -0.495347 0.986066 0.0150374 -0.165674 0.449277 
1530638368761 0.0375506 -0.939991 0.339125 -0.0988607 0.749605 -0.197921 -0.631601 -0.380835 0.660819 0.277927 0.697191 0.44829 0.00308026 -0.997184 -0.0749331 0.392584 -0.16762 0.0733585 -0.983119 -0.495462 0.985847 0.0155885 -0.166922 0.449493 
1530638368982 -0.0276049 -0.946545 0.321389 -0.198414 0.888129 -0.170778 -0.426687 -0.355475 0.458764 0.273657 0.845368 0.439649 0.00385249 -0.997316 -0.073119 0.392723 -0.168898 0.0714201 -0.983042 -0.495577 0.985626 0.0161368 -0.16817 0.449708 
1530638369212 -0.0860438 -0.953806 0.287838 -0.298195 0.970271 -0.14582 -0.19316 -0.330286 0.226209 0.262661 0.937997 0.431432 0.00462771 -0.997444 -0.0713047 0.392861 -0.170176 0.0694799 -0.982961 -0.495691 0.985403 0.0166832 -0.169419 0.449924 
1530638369436 -0.134049 -0.961322 0.240604 -0.3978 0.990734 -0.124657 0.0539128 -0.305171 -0.0218346 0.245601 0.969125 0.4233 0.0054046 -0.997568 -0.0694917 0.393 -0.171451 0.0675393 -0.982875 -0.495805 0.985178 0.0172264 -0.170669 0.450139 
1530638369669 -0.16864 -0.968545 0.182978 -0.493615 0.948197 -0.108704 0.298505 -0.280444 -0.269226 0.223839 0.936704 0.413976 0.00618249 -0.997688 -0.0676804 0.393135 -0.17272 0.0655991 -0.982784 -0.495899 0.984952 0.0177658 -0.171915 0.450342 
1530638369912 -0.16864 -0.968545 0.182978 -0.493615 0.948197 -0.108704 0.298505 -0.280444 -0.269226 0.223839 0.936704 0.413976 0.00635805 -0.997683 -0.0677308 0.393215 -0.172849 0.0656162 -0.98276 -0.495852 0.984928 0.0179556 -0.172031 0.450297 
1530638369924 0.28115 -0.928257 0.243502 0.287952 -0.144278 -0.291738 -0.945554 -0.482045 0.948756 0.23071 -0.215949 0.480418 0.00544736 -0.997583 -0.069267 0.393386 -0.174374 0.0672592 -0.98238 -0.49582 0.984665 0.0174297 -0.173586 0.45053 
1530638370241 0.230701 -0.928524 0.290894 0.200764 0.100209 -0.274697 -0.956295 -0.456674 0.967851 0.249768 0.029674 0.473978 0.00453403 -0.99748 -0.0708014 0.393556 -0.175897 0.0689027 -0.981994 -0.495789 0.984398 0.0169062 -0.175142 0.450762 
1530638370474 0.170891 -0.930727 0.323332 0.100949 0.342681 -0.251528 -0.905154 -0.431444 0.923778 0.265482 0.275959 0.466272 0.00361818 -0.997374 -0.0723344 0.393727 -0.17742 0.0705471 -0.981603 -0.495757 0.984129 0.0163852 -0.176698 0.450995 
1530638370715 0.105177 -0.934608 0.339774 0.000798931 0.56382 -0.225404 -0.794544 -0.406114 0.819173 0.275139 0.503243 0.457479 0.00270003 -0.997265 -0.0738657 0.393898 -0.17894 0.0721919 -0.981208 -0.495725 0.983856 0.0158668 -0.178255 0.451227 
1530638370969 0.0375517 -0.939991 0.339128 -0.0988674 0.749606 -0.197921 -0.6316 -0.380838 0.660819 0.27793 0.69719 0.448308 0.0017795 -0.997152 -0.0753953 0.394068 -0.180458 0.0738374 -0.980807 -0.495694 0.983581 0.015351 -0.179813 0.45146 
1530638371220 -0.0276035 -0.946543 0.321395 -0.198424 0.88813 -0.170779 -0.426685 -0.355479 0.458763 0.273662 0.845367 0.439676 0.000856645 -0.997037 -0.076923 0.394239 -0.181974 0.0754833 -0.980402 -0.495662 0.983303 0.0148378 -0.18137 0.451692 
1530638371468 -0.086044 -0.953805 0.28784 -0.298194 0.970271 -0.145821 -0.193159 -0.330288 0.226209 0.262663 0.937997 0.431434 -6.86076e-05 -0.996918 -0.0784491 0.39441 -0.183488 0.0771297 -0.979991 -0.49563 0.983022 0.0143273 -0.182928 0.451924 
1530638371715 -0.13405 -0.961322 0.240605 -0.397801 0.990734 -0.124658 0.0539133 -0.305172 -0.0218348 0.245603 0.969125 0.423302 -0.000996355 -0.996796 -0.0799741 0.39458 -0.185001 0.0787774 -0.979576 -0.495598 0.982738 0.0138193 -0.184486 0.452156 
1530638371967 -0.168644 -0.968544 0.182981 -0.493617 0.948196 -0.108705 0.298509 -0.280449 -0.269228 0.223844 0.936702 0.413964 -0.00192365 -0.996672 -0.0814956 0.394746 -0.186506 0.0804234 -0.979157 -0.495564 0.982452 0.0133158 -0.18604 0.452374 
1530638372211 -0.168644 -0.968544 0.182981 -0.493617 0.948196 -0.108705 0.298509 -0.280449 -0.269228 0.223844 0.936702 0.413964 -0.00193117 -0.996678 -0.0814261 0.394736 -0.18644 0.0803574 -0.979174 -0.495553 0.982464 0.0132902 -0.185976 0.452333 
1530638372227 0.281149 -0.928256 0.243507 0.287968 -0.144271 -0.291741 -0.945554 -0.482006 0.948758 0.230711 -0.215943 0.480382 -0.0015015 -0.99688 -0.0789115 0.394807 -0.183515 0.0778461 -0.97993 -0.495566 0.983016 0.0130101 -0.183059 0.45197 
1530638372526 0.23071 -0.928522 0.290894 0.200742 0.100201 -0.274698 -0.956295 -0.456679 0.967849 0.249775 0.0296629 0.473997 -0.00108017 -0.997077 -0.0763958 0.394878 -0.180587 0.0753343 -0.98067 -0.49558 0.983558 0.0127368 -0.180141 0.451607 
1530638372849 0.170896 -0.930726 0.323333 0.100934 0.342677 -0.251529 -0.905155 -0.43145 0.923779 0.265486 0.275952 0.466283 -0.000666485 -0.997267 -0.0738779 0.39495 -0.177656 0.0728208 -0.981395 -0.495593 0.984092 0.0124708 -0.177219 0.451243 
1530638373195 0.105179 -0.934607 0.339776 0.000790392 0.563817 -0.225405 -0.794546 -0.406118 0.819175 0.275141 0.503239 0.457484 -0.000260302 -0.997451 -0.0713586 0.395021 -0.174723 0.0703063 -0.982104 -0.495606 0.984618 0.0122123 -0.174296 0.45088 
1530638373485 0.0375524 -0.93999 0.339129 -0.0988722 0.749606 -0.197922 -0.6316 -0.380841 0.660819 0.277931 0.697189 0.44832 0.000138346 -0.997628 -0.0688375 0.395092 -0.171787 0.0677905 -0.982799 -0.495619 0.985134 0.0119613 -0.17137 0.450517 
1530638373760 -0.0276025 -0.946541 0.321399 -0.198431 0.88813 -0.17078 -0.426684 -0.355482 0.458763 0.273667 0.845366 0.439695 0.000529561 -0.997799 -0.0663154 0.395163 -0.168849 0.065274 -0.983478 -0.495632 0.985642 0.0117181 -0.168443 0.450154 
1530638374059 -0.0860442 -0.953805 0.287842 -0.298193 0.970271 -0.145821 -0.193158 -0.330289 0.226209 0.262665 0.937996 0.431435 0.00091297 -0.997963 -0.0637906 0.395234 -0.165907 0.0627554 -0.984143 -0.495646 0.986141 0.0114818 -0.165512 0.449791 
1530638374069 -0.13405 -0.961322 0.240606 -0.397802 0.990734 -0.124658 0.0539137 -0.305174 -0.021835 0.245604 0.969124 0.423303 0.00128908 -0.998121 -0.0612648 0.395306 -0.162964 0.0602361 -0.984791 -0.49566 0.986631 0.0112534 -0.16258 0.449428 
1530638374384 -0.168646 -0.968543 0.182983 -0.493619 0.948195 -0.108706 0.298511 -0.280453 -0.269229 0.223847 0.936701 0.413955 0.00165716 -0.998272 -0.0587405 0.395374 -0.160029 0.0577188 -0.985423 -0.495682 0.987111 0.0110332 -0.159656 0.449092 
1530638374778 -0.168646 -0.968543 0.182983 -0.493619 0.948195 -0.108706 0.298511 -0.280453 -0.269229 0.223847 0.936701 0.413955 0.00165642 -0.998271 -0.0587542 0.395348 -0.159943 0.0577335 -0.985436 -0.49568 0.987125 0.0110296 -0.159571 0.449144 
1530638374791 0.281149 -0.928255 0.243511 0.287981 -0.144266 -0.291744 -0.945554 -0.481978 0.948759 0.230711 -0.215939 0.480357 0.00107224 -0.998352 -0.0573806 0.395604 -0.15936 0.0564768 -0.985604 -0.495627 0.98722 0.010201 -0.159037 0.449135 
1530638375040 0.230718 -0.92852 0.290894 0.200726 0.100195 -0.2747 -0.956295 -0.456683 0.967848 0.24978 0.0296546 0.474011 0.000485566 -0.99843 -0.0560064 0.395861 -0.158776 0.055219 -0.985769 -0.495574 0.987315 0.00937114 -0.1585 0.449126 
1530638375278 0.1709 -0.930724 0.323334 0.100923 0.342673 -0.25153 -0.905156 -0.431455 0.923779 0.265489 0.275948 0.466291 -0.000101636 -0.998507 -0.0546329 0.396117 -0.158193 0.053961 -0.985933 -0.495521 0.987408 0.00854234 -0.157962 0.449117 
1530638375521 0.105181 -0.934606 0.339777 0.000784139 0.563815 -0.225406 -0.794547 -0.406122 0.819176 0.275143 0.503236 0.457487 -0.000689549 -0.99858 -0.0532596 0.396373 -0.157611 0.0527025 -0.986094 -0.495468 0.987501 0.00771435 -0.157424 0.449108 
1530638375790 0.0375529 -0.93999 0.33913 -0.0988756 0.749606 -0.197922 -0.6316 -0.380843 0.660819 0.277932 0.697189 0.448329 -0.00127828 -0.998652 -0.0518866 0.39663 -0.15703 0.0514434 -0.986253 -0.495414 0.987593 0.00688704 -0.156884 0.449099 
1530638376036 -0.0276017 -0.946541 0.321402 -0.198437 0.88813 -0.170781 -0.426683 -0.355485 0.458762 0.27367 0.845365 0.439709 -0.00186766 -0.998722 -0.0505141 0.396886 -0.156449 0.050184 -0.98641 -0.495361 0.987684 0.00606061 -0.156343 0.449089 
1530638376265 -0.0860442 -0.953804 0.287843 -0.298193 0.970271 -0.145822 -0.193158 -0.33029 0.226208 0.262666 0.937996 0.431435 -0.00245796 -0.998789 -0.0491417 0.397142 -0.155869 0.0489239 -0.986565 -0.495308 0.987775 0.00523474 -0.155801 0.44908 
1530638376504 -0.134051 -0.961321 0.240607 -0.397802 0.990734 -0.124658 0.053914 -0.305175 -0.0218351 0.245604 0.969124 0.423304 -0.00304918 -0.998854 -0.0477689 0.397398 -0.15529 0.0476626 -0.986718 -0.495255 0.987864 0.00440935 -0.155257 0.449071 
1530638376754 -0.168648 -0.968542 0.182985 -0.49362 0.948195 -0.108707 0.298513 -0.280456 -0.26923 0.223849 0.9367 0.413949 -0.0036383 -0.998916 -0.0463984 0.397646 -0.154713 0.0464024 -0.986869 -0.495207 0.987953 0.00358793 -0.154714 0.449068 
1530638376995 -0.168648 -0.968542 0.182985 -0.49362 0.948195 -0.108707 0.298513 -0.280456 -0.26923 0.223849 0.9367 0.413949 -0.00364231 -0.998912 -0.0464834 0.397639 -0.154929 0.0464861 -0.986831 -0.495248 0.987919 0.00360726 -0.15493 0.448997 
1530638377012 0.281148 -0.928255 0.243513 0.28799 -0.144262 -0.291746 -0.945554 -0.481958 0.948759 0.230711 -0.215936 0.480339 -0.00524661 -0.998742 -0.0498787 0.397914 -0.155413 0.0500877 -0.986579 -0.495185 0.987836 0.0025756 -0.15548 0.449155 
1530638377303 0.230723 -0.928519 0.290894 0.200715 0.10019 -0.274701 -0.956296 -0.456685 0.967848 0.249784 0.0296487 0.474021 -0.00685205 -0.998556 -0.0532728 0.398188 -0.155892 0.0536894 -0.986314 -0.495122 0.98775 0.00154651 -0.156034 0.449313 
1530638377598 0.170903 -0.930724 0.323335 0.100916 0.34267 -0.251531 -0.905157 -0.431458 0.92378 0.265491 0.275944 0.466296 -0.00845947 -0.998357 -0.0566657 0.398462 -0.156364 0.0572913 -0.986036 -0.495059 0.987663 0.000519148 -0.156592 0.449472 
1530638377898 0.105183 -0.934606 0.339778 0.000779638 0.563813 -0.225407 -0.794548 -0.406124 0.819177 0.275144 0.503234 0.45749 -0.0100683 -0.998144 -0.0600567 0.398737 -0.156831 0.0608928 -0.985746 -0.494996 0.987574 -0.000506044 -0.157153 0.44963 
1530638378201 0.0375533 -0.939989 0.339131 -0.0988782 0.749606 -0.197922 -0.6316 -0.380844 0.660819 0.277933 0.697189 0.448335 -0.0116788 -0.997917 -0.0634461 0.399011 -0.157292 0.0644939 -0.985444 -0.494934 0.987483 -0.00152919 -0.157718 0.449788 
1530638378487 -0.0276012 -0.94654 0.321404 -0.198441 0.88813 -0.170781 -0.426683 -0.355486 0.458762 0.273672 0.845365 0.439719 -0.0132909 -0.997676 -0.0668342 0.399286 -0.157747 0.0680952 -0.985129 -0.494871 0.98739 -0.00255033 -0.158286 0.449946 
1530638378779 -0.0860443 -0.953804 0.287844 -0.298193 0.970271 -0.145822 -0.193157 -0.33029 0.226208 0.262667 0.937996 0.431436 -0.0149043 -0.99742 -0.0702196 0.39956 -0.158197 0.0716951 -0.984801 -0.494808 0.987295 -0.00356927 -0.158857 0.450104 
1530638379108 -0.134051 -0.961321 0.240607 -0.397802 0.990734 -0.124658 0.0539143 -0.305175 -0.0218352 0.245605 0.969124 0.423305 -0.0165192 -0.997151 -0.0736038 0.399835 -0.15864 0.0752952 -0.984461 -0.494745 0.987198 -0.00458597 -0.159432 0.450262 
1530638379440 -0.168649 -0.968542 0.182986 -0.49362 0.948194 -0.108708 0.298514 -0.280457 -0.269231 0.22385 0.936699 0.413945 -0.0181311 -0.996868 -0.0769833 0.4001 -0.159075 0.0788914 -0.984109 -0.494689 0.9871 -0.00559688 -0.160007 0.450411 
1530638379762 -0.168649 -0.968542 0.182986 -0.49362 0.948194 -0.108708 0.298514 -0.280457 -0.269231 0.22385 0.936699 0.413945 -0.0179547 -0.996877 -0.0769076 0.400138 -0.159119 0.0787886 -0.984111 -0.494653 0.987096 -0.00543198 -0.160036 0.450417 
1530638379775 0.281148 -0.928254 0.243515 0.287996 -0.14426 -0.291747 -0.945554 -0.481944 0.94876 0.230711 -0.215934 0.480326 -0.0177923 -0.996982 -0.0755646 0.400345 -0.156835 0.077424 -0.984585 -0.494698 0.987465 -0.00566687 -0.157739 0.450148 
1530638379781 0.230727 -0.928518 0.290894 0.200707 0.100187 -0.274702 -0.956296 -0.456687 0.967847 0.249787 0.0296444 0.474028 -0.0176323 -0.997086 -0.074221 0.400553 -0.154551 0.0760583 -0.985053 -0.494743 0.987827 -0.00589786 -0.155442 0.449879 
1530638380058 0.170905 -0.930723 0.323335 0.10091 0.342669 -0.251531 -0.905158 -0.43146 0.92378 0.265493 0.275942 0.466301 -0.0174756 -0.997188 -0.0728764 0.40076 -0.152266 0.0746916 -0.985513 -0.494788 0.988185 -0.00612589 -0.153143 0.44961 
1530638380364 0.105184 -0.934605 0.339779 0.000776416 0.563812 -0.225407 -0.794549 -0.406126 0.819178 0.275145 0.503232 0.457491 -0.017322 -0.997288 -0.0715314 0.400967 -0.14998 0.0733244 -0.985966 -0.494833 0.988537 -0.00635064 -0.150843 0.449341 
1530638380613 0.0375536 -0.939989 0.339132 -0.09888 0.749606 -0.197923 -0.6316 -0.380845 0.660818 0.277934 0.697188 0.44834 -0.0171715 -0.997386 -0.070186 0.401175 -0.147693 0.0719565 -0.986412 -0.494879 0.988884 -0.00657221 -0.148542 0.449072 
1530638380895 -0.0276008 -0.946539 0.321405 -0.198444 0.888131 -0.170781 -0.426682 -0.355487 0.458762 0.273673 0.845364 0.439726 -0.017024 -0.997482 -0.0688405 0.401382 -0.145405 0.0705884 -0.986851 -0.494924 0.989226 -0.00679039 -0.146241 0.448802 
1530638381155 -0.0860443 -0.953804 0.287844 -0.298192 0.970271 -0.145822 -0.193157 -0.330291 0.226208 0.262667 0.937996 0.431436 -0.0168797 -0.997577 -0.0674943 0.401589 -0.143116 0.0692194 -0.987282 -0.494969 0.989562 -0.00700551 -0.143938 0.448533 
1530638381397 -0.134051 -0.961321 0.240608 -0.397802 0.990734 -0.124659 0.0539144 -0.305176 -0.0218353 0.245605 0.969124 0.423306 -0.0167383 -0.997669 -0.0661472 0.401796 -0.140826 0.0678494 -0.987707 -0.495014 0.989893 -0.00721722 -0.141634 0.448265 
1530638381659 -0.16865 -0.968542 0.182987 -0.493621 0.948194 -0.108708 0.298515 -0.280459 -0.269232 0.223852 0.936699 0.413942 -0.0166006 -0.99776 -0.0648015 0.401997 -0.138543 0.0664807 -0.988123 -0.495063 0.990217 -0.00742562 -0.139336 0.448014 
1530638381933 -0.16865 -0.968542 0.182987 -0.493621 0.948194 -0.108708 0.298515 -0.280459 -0.269232 0.223852 0.936699 0.413942 -0.0165625 -0.997752 -0.0649291 0.401983 -0.138604 0.0666021 -0.988106 -0.495084 0.990209 -0.00736607 -0.139396 0.447981 
1530638381946 0.281148 -0.928254 0.243517 0.288001 -0.144258 -0.291748 -0.945554 -0.481934 0.94876 0.230711 -0.215932 0.480317 -0.016731 -0.997881 -0.0628756 0.402312 -0.141311 0.0646131 -0.987854 -0.495138 0.989824 -0.00764279 -0.142093 0.448387 
