1534186787987 0.32364 0.859437 -0.39576 -0.589329 -0.914793 0.391057 0.101136 -0.195529 0.241685 0.329307 0.912768 0.375654 0.16008 -0.304787 0.938871 0.370831 -0.775623 0.549475 0.310623 -0.528794 -0.61056 -0.777934 -0.14844 0.432481 
1534186788001 0.308414 0.862523 -0.401166 -0.591475 -0.919705 0.378079 0.105822 -0.197873 0.242947 0.336318 0.909872 0.378167 0.316241 -0.38488 0.867098 0.400864 -0.930001 -0.306251 0.203246 -0.504429 0.187325 -0.870677 -0.454788 0.485926 
1534186788532 0.293109 0.865367 -0.406482 -0.59362 -0.924396 0.365049 0.110591 -0.200216 0.244087 0.343335 0.906941 0.380681 0.316241 -0.38488 0.867098 0.400864 -0.930001 -0.306251 0.203246 -0.504429 0.187325 -0.870677 -0.454788 0.485926 
1534186789076 0.277728 0.867967 -0.411705 -0.595765 -0.928865 0.351971 0.115439 -0.202559 0.245106 0.350358 0.903976 0.383194 0.316241 -0.38488 0.867098 0.400864 -0.930001 -0.306251 0.203246 -0.504429 0.187325 -0.870677 -0.454788 0.485926 
1534186789612 0.262277 0.870322 -0.416834 -0.59791 -0.93311 0.338848 0.120367 -0.204902 0.246002 0.357383 0.900978 0.385707 0.316241 -0.38488 0.867098 0.400864 -0.930001 -0.306251 0.203246 -0.504429 0.187325 -0.870677 -0.454788 0.485926 
1534186790146 0.246759 0.872432 -0.421868 -0.600054 -0.93713 0.325683 0.125373 -0.207245 0.246775 0.364408 0.897947 0.388221 0.316241 -0.38488 0.867098 0.400864 -0.930001 -0.306251 0.203246 -0.504429 0.187325 -0.870677 -0.454788 0.485926 
1534186790692 0.23118 0.874296 -0.426806 -0.602197 -0.940923 0.312482 0.130455 -0.209587 0.247425 0.371433 0.894884 0.390735 0.316241 -0.38488 0.867098 0.400864 -0.930001 -0.306251 0.203246 -0.504429 0.187325 -0.870677 -0.454788 0.485926 
1534186791242 0.215542 0.875913 -0.431645 -0.60434 -0.94449 0.299246 0.135612 -0.211928 0.247953 0.378455 0.891791 0.393248 0.316241 -0.38488 0.867098 0.400864 -0.930001 -0.306251 0.203246 -0.504429 0.187325 -0.870677 -0.454788 0.485926 
1534186791804 0.19985 0.877284 -0.436385 -0.606482 -0.947829 0.285979 0.140843 -0.214269 0.248356 0.385471 0.888668 0.395762 0.316241 -0.38488 0.867098 0.400864 -0.930001 -0.306251 0.203246 -0.504429 0.187325 -0.870677 -0.454788 0.485926 
1534186792355 0.184235 0.878299 -0.441189 -0.607938 -0.950927 0.272806 0.145995 -0.216153 0.248587 0.392641 0.885459 0.398471 0.316531 -0.385118 0.866887 0.401814 -0.929976 -0.306103 0.20358 -0.50615 0.186955 -0.870623 -0.455042 0.486735 
1534186792905 0.18457 0.8785 -0.44065 -0.607801 -0.950941 0.272893 0.145742 -0.215831 0.248284 0.392132 0.885769 0.39825 0.316531 -0.385118 0.866887 0.401814 -0.929976 -0.306103 0.20358 -0.50615 0.186955 -0.870623 -0.455042 0.486735 
1534186792918 0.182949 0.87859 -0.441146 -0.608102 -0.951239 0.271543 0.146317 -0.216146 0.248342 0.392866 0.885428 0.398503 0.316221 -0.384863 0.867113 0.400797 -0.930002 -0.306262 0.203223 -0.504308 0.187351 -0.87068 -0.45477 0.485869 
1534186793085 0.181327 0.878678 -0.44164 -0.608403 -0.951535 0.270193 0.146893 -0.216461 0.248399 0.3936 0.885086 0.398756 0.316221 -0.384863 0.867113 0.400797 -0.930002 -0.306262 0.203223 -0.504308 0.187351 -0.87068 -0.45477 0.485869 
1534186793282 0.179704 0.878764 -0.442132 -0.608704 -0.951828 0.268842 0.14747 -0.216776 0.248455 0.394333 0.884744 0.399008 0.316221 -0.384863 0.867113 0.400797 -0.930002 -0.306262 0.203223 -0.504308 0.187351 -0.87068 -0.45477 0.485869 
1534186793473 0.178081 0.878847 -0.442623 -0.609005 -0.952119 0.267491 0.148048 -0.217091 0.248509 0.395066 0.884402 0.399261 0.316221 -0.384863 0.867113 0.400797 -0.930002 -0.306262 0.203223 -0.504308 0.187351 -0.87068 -0.45477 0.485869 
1534186793661 0.176458 0.878927 -0.443114 -0.609306 -0.952407 0.26614 0.148626 -0.217406 0.248562 0.395799 0.884059 0.399514 0.316221 -0.384863 0.867113 0.400797 -0.930002 -0.306262 0.203223 -0.504308 0.187351 -0.87068 -0.45477 0.485869 
1534186793843 0.174834 0.879005 -0.443603 -0.609607 -0.952693 0.264789 0.149205 -0.217721 0.248613 0.396532 0.883716 0.399767 0.316221 -0.384863 0.867113 0.400797 -0.930002 -0.306262 0.203223 -0.504308 0.187351 -0.87068 -0.45477 0.485869 
1534186794032 0.17321 0.87908 -0.444091 -0.609908 -0.952977 0.263438 0.149785 -0.218036 0.248664 0.397264 0.883373 0.40002 0.316221 -0.384863 0.867113 0.400797 -0.930002 -0.306262 0.203223 -0.504308 0.187351 -0.87068 -0.45477 0.485869 
1534186794229 0.171585 0.879153 -0.444578 -0.610211 -0.953258 0.262086 0.150366 -0.218352 0.248713 0.397997 0.883029 0.400272 0.31622 -0.384863 0.867113 0.400797 -0.930002 -0.306262 0.203222 -0.504307 0.187351 -0.87068 -0.45477 0.485868 
1534186794422 0.169959 0.879222 -0.445064 -0.610512 -0.953537 0.260735 0.150948 -0.218667 0.24876 0.39873 0.882685 0.400525 0.31622 -0.384863 0.867113 0.400797 -0.930002 -0.306262 0.203222 -0.504307 0.187351 -0.87068 -0.45477 0.485868 
1534186794627 0.170393 0.87931 -0.444725 -0.610397 -0.953507 0.260989 0.150697 -0.218489 0.248578 0.398371 0.882899 0.40047 0.31622 -0.384863 0.867113 0.400797 -0.930002 -0.306262 0.203222 -0.504307 0.187351 -0.87068 -0.45477 0.485868 
1534186794639 0.170519 0.879398 -0.444503 -0.610431 -0.953547 0.260964 0.150489 -0.218531 0.248339 0.398193 0.883046 0.4004 0.31622 -0.384863 0.867113 0.400795 -0.930002 -0.306262 0.203222 -0.504304 0.187351 -0.87068 -0.454769 0.485867 
1534186794655 0.170645 0.879486 -0.44428 -0.610469 -0.953586 0.260939 0.150281 -0.218576 0.2481 0.398015 0.883193 0.400328 0.31622 -0.384863 0.867113 0.400795 -0.930002 -0.306262 0.203222 -0.504304 0.187351 -0.87068 -0.454769 0.485867 
1534186794672 0.170771 0.879574 -0.444058 -0.610507 -0.953626 0.260914 0.150074 -0.218621 0.247861 0.397837 0.883341 0.400256 0.31622 -0.384863 0.867113 0.400795 -0.930002 -0.306262 0.203222 -0.504304 0.187351 -0.87068 -0.454769 0.485867 
1534186794679 0.170897 0.879662 -0.443835 -0.610546 -0.953665 0.260889 0.149866 -0.218667 0.247623 0.397658 0.883488 0.400185 0.31622 -0.384863 0.867113 0.400795 -0.930002 -0.306262 0.203222 -0.504304 0.187351 -0.87068 -0.454769 0.485867 
1534186794794 0.171023 0.87975 -0.443612 -0.610583 -0.953705 0.260864 0.149658 -0.218711 0.247384 0.39748 0.883635 0.400113 0.31622 -0.384863 0.867113 0.400795 -0.930002 -0.306262 0.203222 -0.504304 0.187351 -0.87068 -0.454769 0.485867 
1534186794810 0.171148 0.879838 -0.443389 -0.610622 -0.953744 0.260839 0.14945 -0.218757 0.247145 0.397301 0.883782 0.400042 0.31622 -0.384863 0.867113 0.400795 -0.930002 -0.306262 0.203222 -0.504304 0.187351 -0.87068 -0.454769 0.485867 
1534186794841 0.171274 0.879926 -0.443166 -0.610659 -0.953783 0.260814 0.149242 -0.218801 0.246906 0.397123 0.883929 0.39997 0.31622 -0.384863 0.867113 0.400795 -0.930002 -0.306262 0.203222 -0.504304 0.187351 -0.87068 -0.454769 0.485867 
1534186794917 0.171399 0.880014 -0.442943 -0.610698 -0.953823 0.260789 0.149035 -0.218847 0.246667 0.396944 0.884076 0.399898 0.31622 -0.384863 0.867113 0.400795 -0.930002 -0.306262 0.203222 -0.504304 0.187351 -0.87068 -0.454769 0.485867 
1534186794946 0.171525 0.880101 -0.44272 -0.610736 -0.953862 0.260765 0.148827 -0.218892 0.246428 0.396766 0.884223 0.399827 0.31622 -0.384863 0.867113 0.400795 -0.930002 -0.306262 0.203222 -0.504304 0.187351 -0.87068 -0.454769 0.485867 
1534186794996 0.171314 0.879816 -0.443369 -0.610661 -0.953731 0.260957 0.149327 -0.218838 0.247081 0.397272 0.883813 0.400016 0.31622 -0.384863 0.867113 0.400795 -0.930002 -0.306262 0.203222 -0.504304 0.187351 -0.87068 -0.454769 0.485867 
1534186795010 0.171316 0.880067 -0.442869 -0.610622 -0.953729 0.260877 0.149481 -0.218907 0.247087 0.396769 0.884038 0.399948 0.31622 -0.384863 0.867113 0.400795 -0.930002 -0.306262 0.203222 -0.504304 0.187351 -0.87068 -0.454769 0.485867 
1534186795025 0.171317 0.880319 -0.442367 -0.61059 -0.953727 0.260796 0.149635 -0.21898 0.247094 0.396262 0.884263 0.399878 0.31622 -0.384863 0.867113 0.400795 -0.930002 -0.306262 0.203222 -0.504304 0.187351 -0.87068 -0.454769 0.485867 
1534186795041 0.171319 0.880571 -0.441865 -0.610556 -0.953725 0.260715 0.14979 -0.219052 0.247101 0.395756 0.884488 0.399808 0.31622 -0.384863 0.867113 0.400795 -0.930002 -0.306262 0.203222 -0.504304 0.187351 -0.87068 -0.454769 0.485867 
1534186795155 0.171321 0.880822 -0.441363 -0.610523 -0.953723 0.260634 0.149944 -0.219125 0.247108 0.395249 0.884712 0.399739 0.31622 -0.384863 0.867113 0.400795 -0.930002 -0.306262 0.203222 -0.504304 0.187351 -0.87068 -0.454769 0.485867 
1534186795161 0.171323 0.881073 -0.440861 -0.610488 -0.95372 0.260553 0.150098 -0.219196 0.247115 0.394743 0.884936 0.399669 0.31622 -0.384863 0.867113 0.400795 -0.930002 -0.306262 0.203222 -0.504304 0.187351 -0.87068 -0.454769 0.485867 
1534186795289 0.171325 0.881324 -0.440358 -0.610455 -0.953718 0.260472 0.150252 -0.219269 0.247122 0.394236 0.88516 0.399599 0.31622 -0.384863 0.867113 0.400795 -0.930002 -0.306262 0.203222 -0.504304 0.187351 -0.87068 -0.454769 0.485867 
1534186795340 0.171327 0.881575 -0.439856 -0.610421 -0.953716 0.260391 0.150406 -0.219341 0.247129 0.393729 0.885384 0.39953 0.31622 -0.384863 0.867113 0.400795 -0.930002 -0.306262 0.203222 -0.504304 0.187351 -0.87068 -0.454769 0.485867 
1534186795426 0.171328 0.881825 -0.439353 -0.610388 -0.953714 0.26031 0.150561 -0.219414 0.247136 0.393222 0.885607 0.39946 0.31622 -0.384863 0.867113 0.400795 -0.930002 -0.306262 0.203222 -0.504304 0.187351 -0.87068 -0.454769 0.485867 
1534186795468 0.17133 0.882075 -0.43885 -0.610354 -0.953712 0.260228 0.150714 -0.219486 0.247143 0.392715 0.88583 0.399391 0.31622 -0.384863 0.867113 0.400795 -0.930002 -0.306262 0.203222 -0.504304 0.187351 -0.87068 -0.454769 0.485867 
1534186795571 0.171491 0.881739 -0.439462 -0.610407 -0.953648 0.260533 0.150593 -0.219427 0.247279 0.393267 0.885548 0.399539 0.31622 -0.384863 0.867113 0.400795 -0.930002 -0.306262 0.203222 -0.504304 0.187351 -0.87068 -0.454769 0.485867 
1534186795581 0.171098 0.88174 -0.439614 -0.610327 -0.953745 0.260163 0.150615 -0.219576 0.247175 0.39351 0.885468 0.399557 0.31622 -0.384863 0.867113 0.400795 -0.930002 -0.306262 0.203222 -0.504304 0.187351 -0.87068 -0.45477 0.485867 
1534186795598 0.170704 0.88174 -0.439766 -0.610248 -0.953843 0.259793 0.150638 -0.219727 0.247071 0.393753 0.885389 0.399574 0.31622 -0.384863 0.867113 0.400795 -0.930002 -0.306262 0.203222 -0.504304 0.187351 -0.87068 -0.45477 0.485867 
1534186795615 0.170309 0.881741 -0.439918 -0.610169 -0.95394 0.259422 0.15066 -0.219879 0.246968 0.393996 0.88531 0.399591 0.31622 -0.384863 0.867113 0.400795 -0.930002 -0.306262 0.203222 -0.504304 0.187351 -0.87068 -0.45477 0.485867 
1534186795753 0.169915 0.881741 -0.440069 -0.610089 -0.954037 0.259051 0.150683 -0.22003 0.246864 0.394239 0.885231 0.399608 0.31622 -0.384863 0.867113 0.400795 -0.930002 -0.306262 0.203222 -0.504304 0.187351 -0.87068 -0.45477 0.485867 
1534186795786 0.169521 0.881742 -0.440221 -0.610011 -0.954134 0.25868 0.150706 -0.220183 0.24676 0.394482 0.885152 0.399625 0.31622 -0.384863 0.867113 0.400795 -0.930002 -0.306262 0.203222 -0.504304 0.187351 -0.87068 -0.45477 0.485867 
1534186795883 0.169126 0.881742 -0.440372 -0.609932 -0.954231 0.258309 0.150728 -0.220334 0.246656 0.394725 0.885072 0.399642 0.31622 -0.384863 0.867113 0.400795 -0.930002 -0.306262 0.203222 -0.504304 0.187351 -0.87068 -0.45477 0.485867 
1534186795918 0.168732 0.881742 -0.440523 -0.609854 -0.954328 0.257938 0.150752 -0.220487 0.246552 0.394967 0.884993 0.399658 0.31622 -0.384863 0.867113 0.400795 -0.930002 -0.306262 0.203222 -0.504304 0.187351 -0.87068 -0.45477 0.485867 
1534186796010 0.168337 0.881742 -0.440675 -0.609775 -0.954424 0.257567 0.150775 -0.220638 0.246448 0.39521 0.884914 0.399675 0.31622 -0.384863 0.867113 0.400795 -0.930002 -0.306262 0.203222 -0.504304 0.187351 -0.87068 -0.45477 0.485867 
1534186796050 0.167943 0.881741 -0.440826 -0.609696 -0.954521 0.257196 0.150797 -0.22079 0.246343 0.395452 0.884835 0.399692 0.31622 -0.384863 0.867113 0.400795 -0.930002 -0.306262 0.203222 -0.504304 0.187351 -0.87068 -0.45477 0.485867 
1534186796141 0.168612 0.881781 -0.440491 -0.609803 -0.954361 0.257807 0.15077 -0.220572 0.246508 0.394965 0.885007 0.399706 0.31622 -0.384863 0.867113 0.400795 -0.930002 -0.306262 0.203222 -0.504304 0.187351 -0.87068 -0.45477 0.485867 
1534186796156 0.168196 0.88181 -0.440591 -0.609671 -0.954463 0.257404 0.150809 -0.220787 0.246394 0.395163 0.88495 0.399679 0.31622 -0.384863 0.867113 0.400795 -0.930002 -0.306262 0.203222 -0.504304 0.187351 -0.87068 -0.45477 0.485867 
1534186796171 0.167778 0.88184 -0.440691 -0.609539 -0.954566 0.257 0.150849 -0.221004 0.246282 0.39536 0.884893 0.399651 0.31622 -0.384863 0.867113 0.400795 -0.930002 -0.306262 0.203222 -0.504304 0.187351 -0.87068 -0.45477 0.485867 
1534186796187 0.16736 0.88187 -0.440791 -0.609409 -0.954668 0.256596 0.15089 -0.221223 0.24617 0.395556 0.884837 0.399622 0.31622 -0.384863 0.867113 0.400795 -0.930002 -0.306262 0.203222 -0.504304 0.187351 -0.87068 -0.45477 0.485867 
1534186796324 0.166942 0.881899 -0.44089 -0.609279 -0.95477 0.256191 0.150931 -0.221441 0.246058 0.395752 0.88478 0.399593 0.31622 -0.384863 0.867113 0.400795 -0.930002 -0.306262 0.203222 -0.504304 0.187351 -0.87068 -0.45477 0.485867 
1534186796387 0.166524 0.881928 -0.44099 -0.609148 -0.954872 0.255787 0.150971 -0.221658 0.245945 0.395949 0.884723 0.399565 0.31622 -0.384863 0.867113 0.400795 -0.930002 -0.306262 0.203222 -0.504304 0.187351 -0.87068 -0.45477 0.485867 
1534186796474 0.166106 0.881958 -0.441089 -0.609019 -0.954974 0.255382 0.151012 -0.221877 0.245833 0.396145 0.884667 0.399536 0.31622 -0.384863 0.867113 0.400795 -0.930002 -0.306262 0.203222 -0.504304 0.187351 -0.87068 -0.45477 0.485867 
1534186796530 0.165688 0.881986 -0.441189 -0.608888 -0.955075 0.254978 0.151053 -0.222095 0.24572 0.396341 0.88461 0.399508 0.31622 -0.384863 0.867113 0.400795 -0.930002 -0.306262 0.203222 -0.504304 0.187351 -0.87068 -0.45477 0.485867 
1534186796635 0.165269 0.882015 -0.441288 -0.608759 -0.955177 0.254573 0.151094 -0.222314 0.245608 0.396537 0.884554 0.399479 0.31622 -0.384863 0.867113 0.400795 -0.930002 -0.306262 0.203222 -0.504304 0.187351 -0.87068 -0.45477 0.485867 
1534186796686 0.164851 0.882044 -0.441387 -0.608628 -0.955278 0.254169 0.151135 -0.222531 0.245495 0.396733 0.884497 0.39945 0.31622 -0.384863 0.867113 0.400795 -0.930002 -0.306262 0.203222 -0.504304 0.187351 -0.87068 -0.45477 0.485867 
1534186796799 0.165323 0.882004 -0.44129 -0.60881 -0.955191 0.254583 0.150987 -0.222278 0.245516 0.396555 0.884571 0.399472 0.31622 -0.384863 0.867113 0.400795 -0.930002 -0.306262 0.203222 -0.504304 0.187351 -0.87068 -0.45477 0.485867 
1534186796810 0.164878 0.881989 -0.441486 -0.608522 -0.95517 0.254377 0.151467 -0.222399 0.245896 0.396721 0.884391 0.399466 0.31622 -0.384863 0.867113 0.400795 -0.930002 -0.306262 0.203222 -0.504304 0.187351 -0.87068 -0.45477 0.485867 
1534186796827 0.164435 0.881974 -0.441683 -0.60823 -0.955149 0.254171 0.151948 -0.222517 0.246277 0.396887 0.88421 0.39946 0.31622 -0.384863 0.867113 0.400795 -0.930002 -0.306262 0.203222 -0.504304 0.187351 -0.87068 -0.45477 0.485867 
1534186796949 0.163991 0.881958 -0.441879 -0.607938 -0.955127 0.253966 0.152429 -0.222636 0.246658 0.397054 0.884029 0.399454 0.31622 -0.384863 0.867113 0.400795 -0.930002 -0.306262 0.203222 -0.504304 0.187351 -0.87068 -0.45477 0.485867 
1534186797049 0.163547 0.881942 -0.442076 -0.607645 -0.955104 0.253761 0.152909 -0.222754 0.247038 0.397221 0.883848 0.399449 0.31622 -0.384863 0.867113 0.400795 -0.930002 -0.306262 0.203222 -0.504304 0.187351 -0.87068 -0.45477 0.485867 
1534186797124 0.163103 0.881926 -0.442272 -0.607354 -0.955082 0.253555 0.15339 -0.222873 0.247419 0.397387 0.883667 0.399443 0.31622 -0.384863 0.867113 0.400795 -0.930002 -0.306262 0.203222 -0.504304 0.187351 -0.87068 -0.45477 0.485867 
1534186797224 0.162659 0.881909 -0.442468 -0.607061 -0.955059 0.25335 0.15387 -0.22299 0.247799 0.397554 0.883485 0.399437 0.31622 -0.384863 0.867113 0.400795 -0.930002 -0.306262 0.203222 -0.504304 0.187351 -0.87068 -0.45477 0.485867 
1534186797293 0.162215 0.881893 -0.442663 -0.606769 -0.955036 0.253145 0.154351 -0.223109 0.248179 0.397721 0.883304 0.399432 0.31622 -0.384863 0.867113 0.400795 -0.930002 -0.306262 0.203222 -0.504304 0.187351 -0.87068 -0.45477 0.485867 
1534186797392 0.161771 0.881877 -0.442859 -0.606476 -0.955012 0.25294 0.154831 -0.223227 0.248559 0.397888 0.883121 0.399426 0.31622 -0.384863 0.867113 0.400795 -0.930002 -0.306262 0.203222 -0.504304 0.187351 -0.87068 -0.45477 0.485867 
1534186797466 0.161327 0.88186 -0.443054 -0.606184 -0.954989 0.252735 0.155312 -0.223345 0.248939 0.398055 0.882939 0.399421 0.31622 -0.384863 0.867113 0.400795 -0.930002 -0.306262 0.203222 -0.504304 0.187351 -0.87068 -0.45477 0.485867 
1534186797569 0.162009 0.881817 -0.442891 -0.606512 -0.955006 0.253104 0.154603 -0.223305 0.248429 0.397916 0.883145 0.399386 0.31622 -0.384863 0.867113 0.400795 -0.930002 -0.306262 0.203222 -0.504304 0.187351 -0.87068 -0.45477 0.485867 
1534186797581 0.161568 0.881815 -0.443056 -0.606221 -0.954984 0.252893 0.155083 -0.223357 0.2488 0.398055 0.882978 0.399428 0.31622 -0.384863 0.867113 0.400795 -0.930002 -0.306262 0.203222 -0.504304 0.187351 -0.87068 -0.45477 0.485867 
1534186797598 0.161127 0.881812 -0.443221 -0.605927 -0.954962 0.252683 0.155562 -0.223408 0.249171 0.398194 0.882811 0.39947 0.31622 -0.384863 0.867113 0.400795 -0.930002 -0.306262 0.203222 -0.504304 0.187351 -0.87068 -0.45477 0.485867 
1534186797626 0.160688 0.881809 -0.443387 -0.60563 -0.954939 0.252473 0.15604 -0.223457 0.249541 0.398334 0.882643 0.399513 0.31622 -0.384863 0.867113 0.400795 -0.930002 -0.306262 0.203222 -0.504304 0.187351 -0.87068 -0.45477 0.485867 
1534186797767 0.160247 0.881806 -0.443552 -0.605336 -0.954916 0.252263 0.156519 -0.223507 0.249911 0.398474 0.882476 0.399556 0.31622 -0.384863 0.867113 0.400795 -0.930002 -0.306262 0.203222 -0.504304 0.187351 -0.87068 -0.45477 0.485867 
1534186797819 0.159807 0.881803 -0.443718 -0.60504 -0.954893 0.252053 0.156997 -0.223556 0.250281 0.398614 0.882308 0.399599 0.31622 -0.384863 0.867113 0.400795 -0.930002 -0.306262 0.203222 -0.504304 0.187351 -0.87068 -0.45477 0.485867 
1534186797923 0.159367 0.881799 -0.443883 -0.604744 -0.95487 0.251843 0.157475 -0.223606 0.25065 0.398754 0.882139 0.399642 0.31622 -0.384863 0.867113 0.400795 -0.930002 -0.306262 0.203222 -0.504304 0.187351 -0.87068 -0.45477 0.485867 
1534186797929 0.158927 0.881796 -0.444047 -0.604449 -0.954846 0.251633 0.157953 -0.223656 0.25102 0.398894 0.881971 0.399684 0.31622 -0.384863 0.867113 0.400795 -0.930002 -0.306262 0.203222 -0.504304 0.187351 -0.87068 -0.45477 0.485867 
1534186798083 0.158486 0.881793 -0.444211 -0.604155 -0.954822 0.251424 0.158432 -0.223706 0.251389 0.399034 0.881802 0.399727 0.31622 -0.384863 0.867113 0.400795 -0.930002 -0.306262 0.203222 -0.504304 0.187351 -0.87068 -0.45477 0.485867 
1534186798150 0.158046 0.881789 -0.444376 -0.603858 -0.954798 0.251214 0.15891 -0.223755 0.251759 0.399174 0.881634 0.39977 0.31622 -0.384863 0.867113 0.400795 -0.930002 -0.306262 0.203222 -0.504304 0.187351 -0.87068 -0.45477 0.485867 
1534186798258 0.15867 0.881732 -0.444265 -0.604144 -0.954798 0.251587 0.158317 -0.223815 0.251365 0.399064 0.881796 0.399729 0.31622 -0.384863 0.867113 0.400795 -0.930002 -0.306262 0.203222 -0.504304 0.187351 -0.87068 -0.45477 0.485867 
1534186798269 0.158423 0.881811 -0.444197 -0.60394 -0.954885 0.251281 0.158279 -0.223806 0.251191 0.399083 0.881837 0.399741 0.31622 -0.384863 0.867113 0.400795 -0.930002 -0.306262 0.203222 -0.504304 0.187351 -0.87068 -0.45477 0.485867 
1534186798285 0.158177 0.881889 -0.44413 -0.603731 -0.954972 0.250976 0.158239 -0.223795 0.251015 0.399102 0.881878 0.399754 0.31622 -0.384863 0.867113 0.400795 -0.930002 -0.306262 0.203222 -0.504304 0.187351 -0.87068 -0.45477 0.485867 
1534186798302 0.157931 0.881967 -0.444063 -0.603522 -0.955059 0.250671 0.158199 -0.223783 0.25084 0.399122 0.881919 0.399766 0.31622 -0.384863 0.867113 0.400795 -0.930002 -0.306262 0.203222 -0.504304 0.187351 -0.87068 -0.45477 0.485867 
1534186798431 0.157685 0.882045 -0.443996 -0.603313 -0.955145 0.250366 0.158159 -0.223771 0.250665 0.399142 0.88196 0.399779 0.31622 -0.384863 0.867113 0.400795 -0.930002 -0.306262 0.203222 -0.504304 0.187351 -0.87068 -0.45477 0.485867 
1534186798470 0.157439 0.882122 -0.443929 -0.603104 -0.955232 0.250061 0.158119 -0.223759 0.250489 0.399162 0.882001 0.399792 0.31622 -0.384863 0.867113 0.400795 -0.930002 -0.306262 0.203222 -0.504304 0.187351 -0.87068 -0.45477 0.485867 
1534186798557 0.157193 0.8822 -0.443862 -0.602896 -0.955318 0.249755 0.158079 -0.223748 0.250314 0.399181 0.882042 0.399805 0.31622 -0.384863 0.867113 0.400795 -0.930002 -0.306262 0.203222 -0.504304 0.187351 -0.87068 -0.45477 0.485867 
1534186798622 0.156947 0.882277 -0.443795 -0.602686 -0.955405 0.24945 0.158038 -0.223736 0.250139 0.399201 0.882082 0.399818 0.31622 -0.384863 0.867113 0.400795 -0.930002 -0.306262 0.203222 -0.504304 0.187351 -0.87068 -0.45477 0.485867 
1534186798683 0.156701 0.882355 -0.443728 -0.602478 -0.955491 0.249145 0.157998 -0.223724 0.249963 0.39922 0.882123 0.399831 0.31622 -0.384863 0.867113 0.400795 -0.930002 -0.306262 0.203222 -0.504304 0.187351 -0.87068 -0.45477 0.485867 
1534186798762 0.156454 0.882432 -0.443661 -0.60227 -0.955577 0.24884 0.157958 -0.223713 0.249788 0.399239 0.882164 0.399844 0.31622 -0.384863 0.867113 0.400795 -0.930002 -0.306262 0.203222 -0.504304 0.187351 -0.87068 -0.45477 0.485867 
1534186798821 0.156845 0.882323 -0.44374 -0.602595 -0.955441 0.249319 0.158029 -0.223679 0.250065 0.399182 0.882112 0.399849 0.31622 -0.384863 0.867113 0.400795 -0.930002 -0.306262 0.203222 -0.504304 0.187351 -0.87068 -0.45477 0.485867 
1534186798834 0.156694 0.882437 -0.443568 -0.602435 -0.955478 0.249133 0.158096 -0.223691 0.250017 0.399047 0.882187 0.399823 0.31622 -0.384863 0.867113 0.400795 -0.930002 -0.306262 0.203222 -0.504304 0.187351 -0.87068 -0.45477 0.485867 
1534186798840 0.156544 0.88255 -0.443396 -0.60227 -0.955515 0.248948 0.158163 -0.223701 0.24997 0.398912 0.882261 0.399798 0.31622 -0.384863 0.867113 0.400795 -0.930002 -0.306262 0.203222 -0.504304 0.187351 -0.87068 -0.45477 0.485867 
1534186798855 0.156394 0.882662 -0.443225 -0.602105 -0.955552 0.248763 0.15823 -0.223712 0.249922 0.398778 0.882335 0.399773 0.31622 -0.384863 0.867113 0.400795 -0.930002 -0.306262 0.203222 -0.504304 0.187351 -0.87068 -0.45477 0.485867 
1534186798872 0.156244 0.882775 -0.443053 -0.601942 -0.955589 0.248578 0.158297 -0.223722 0.249874 0.398644 0.882409 0.399747 0.31622 -0.384863 0.867113 0.400795 -0.930002 -0.306262 0.203222 -0.504304 0.187351 -0.87068 -0.45477 0.485867 
1534186798888 0.156094 0.882888 -0.442881 -0.601777 -0.955626 0.248394 0.158363 -0.223732 0.249826 0.398509 0.882484 0.399722 0.31622 -0.384863 0.867113 0.400795 -0.930002 -0.306262 0.203222 -0.504304 0.187351 -0.87068 -0.45477 0.485867 
1534186798963 0.155944 0.883 -0.44271 -0.601612 -0.955663 0.248209 0.15843 -0.223742 0.249778 0.398375 0.882558 0.399697 0.31622 -0.384863 0.867113 0.400795 -0.930002 -0.306262 0.203222 -0.504304 0.187351 -0.87068 -0.45477 0.485867 
1534186799018 0.155794 0.883113 -0.442538 -0.601448 -0.9557 0.248024 0.158497 -0.223753 0.249731 0.398241 0.882632 0.399672 0.31622 -0.384863 0.867113 0.400795 -0.930002 -0.306262 0.203222 -0.504304 0.187351 -0.87068 -0.45477 0.485867 
1534186799046 0.155644 0.883225 -0.442366 -0.601284 -0.955737 0.247839 0.158563 -0.223763 0.249683 0.398106 0.882706 0.399646 0.31622 -0.384863 0.867113 0.400795 -0.930002 -0.306262 0.203222 -0.504304 0.187351 -0.87068 -0.45477 0.485867 
1534186799079 0.155494 0.883338 -0.442195 -0.601118 -0.955774 0.247654 0.15863 -0.223772 0.249635 0.397972 0.88278 0.399621 0.31622 -0.384863 0.867113 0.400795 -0.930002 -0.306262 0.203222 -0.504304 0.187351 -0.87068 -0.45477 0.485867 
1534186799138 0.155884 0.883131 -0.442471 -0.601512 -0.955676 0.248107 0.158512 -0.223709 0.249767 0.398149 0.882663 0.399764 0.31622 -0.384863 0.867113 0.400795 -0.930002 -0.306262 0.203222 -0.504304 0.187351 -0.87068 -0.45477 0.485867 
1534186799151 0.155666 0.883156 -0.442498 -0.601367 -0.95572 0.247903 0.158564 -0.223728 0.249733 0.398221 0.88264 0.399758 0.31622 -0.384863 0.867113 0.400795 -0.930002 -0.306262 0.203222 -0.504304 0.187351 -0.87068 -0.45477 0.485867 
1534186799166 0.155448 0.88318 -0.442526 -0.601217 -0.955765 0.247699 0.158614 -0.223745 0.249698 0.398295 0.882617 0.399753 0.31622 -0.384863 0.867113 0.400795 -0.930002 -0.306262 0.203222 -0.504304 0.187351 -0.87068 -0.45477 0.485867 
1534186799182 0.155231 0.883204 -0.442554 -0.601068 -0.955809 0.247495 0.158665 -0.223762 0.249664 0.398368 0.882594 0.399748 0.31622 -0.384863 0.867113 0.400795 -0.930002 -0.306262 0.203222 -0.504304 0.187351 -0.87068 -0.45477 0.485867 
1534186799199 0.155013 0.883228 -0.442582 -0.600918 -0.955854 0.247291 0.158715 -0.223779 0.249629 0.398441 0.88257 0.399743 0.31622 -0.384863 0.867113 0.400795 -0.930002 -0.306262 0.203222 -0.504304 0.187351 -0.87068 -0.45477 0.485867 
1534186799233 0.154796 0.883252 -0.44261 -0.600769 -0.955898 0.247087 0.158766 -0.223797 0.249594 0.398514 0.882547 0.399737 0.31622 -0.384863 0.867113 0.400795 -0.930002 -0.306262 0.203222 -0.504304 0.187351 -0.87068 -0.45477 0.485867 
1534186799323 0.154578 0.883276 -0.442639 -0.600619 -0.955942 0.246884 0.158817 -0.223813 0.249559 0.398587 0.882524 0.399732 0.31622 -0.384863 0.867113 0.400795 -0.930002 -0.306262 0.203222 -0.504304 0.187351 -0.87068 -0.45477 0.485867 
1534186799329 0.154361 0.8833 -0.442667 -0.60047 -0.955987 0.24668 0.158867 -0.22383 0.249525 0.39866 0.882501 0.399727 0.31622 -0.384863 0.867113 0.400795 -0.930002 -0.306262 0.203222 -0.504304 0.187351 -0.87068 -0.45477 0.485867 
1534186799396 0.154144 0.883324 -0.442695 -0.60032 -0.956031 0.246476 0.158918 -0.223847 0.24949 0.398734 0.882477 0.399722 0.31622 -0.384863 0.867113 0.400795 -0.930002 -0.306262 0.203222 -0.504304 0.187351 -0.87068 -0.45477 0.485867 
1534186799465 0.153926 0.883348 -0.442723 -0.600171 -0.956075 0.246272 0.158969 -0.223864 0.249455 0.398807 0.882454 0.399717 0.31622 -0.384863 0.867113 0.400795 -0.930002 -0.306262 0.203222 -0.504304 0.187351 -0.87068 -0.45477 0.485867 
1534186799502 0.154454 0.883358 -0.442518 -0.600462 -0.955967 0.246744 0.158887 -0.223843 0.249543 0.398492 0.882572 0.399804 0.31622 -0.384863 0.867113 0.400795 -0.930002 -0.306262 0.203222 -0.504304 0.187351 -0.87068 -0.45477 0.485867 
1534186799517 0.154166 0.883359 -0.442618 -0.600356 -0.955945 0.246613 0.159222 -0.223878 0.249805 0.398572 0.882461 0.399783 0.31622 -0.384863 0.867113 0.400795 -0.930002 -0.306262 0.203222 -0.504304 0.187351 -0.87068 -0.45477 0.485867 
1534186799534 0.153877 0.883359 -0.442717 -0.600249 -0.955923 0.246482 0.159555 -0.223914 0.250066 0.398652 0.882351 0.39976 0.31622 -0.384863 0.867113 0.400795 -0.930002 -0.306262 0.203222 -0.504304 0.187351 -0.87068 -0.45477 0.485867 
1534186799541 0.153587 0.883359 -0.442817 -0.600142 -0.955901 0.246351 0.15989 -0.223949 0.250328 0.398732 0.88224 0.399739 0.31622 -0.384863 0.867113 0.400795 -0.930002 -0.306262 0.203222 -0.504304 0.187351 -0.87068 -0.45477 0.485867 
1534186799573 0.153298 0.88336 -0.442917 -0.600033 -0.955879 0.246219 0.160224 -0.223986 0.25059 0.398813 0.88213 0.399716 0.31622 -0.384863 0.867113 0.400795 -0.930002 -0.306262 0.203222 -0.504304 0.187351 -0.87068 -0.45477 0.485867 
1534186799649 0.153009 0.88336 -0.443016 -0.599926 -0.955857 0.246088 0.160557 -0.224021 0.250851 0.398893 0.882019 0.399694 0.31622 -0.384863 0.867113 0.400795 -0.930002 -0.306262 0.203222 -0.504304 0.187351 -0.87068 -0.45477 0.485867 
1534186799682 0.152719 0.88336 -0.443116 -0.599818 -0.955834 0.245957 0.160892 -0.224057 0.251113 0.398974 0.881908 0.399672 0.31622 -0.384863 0.867113 0.400795 -0.930002 -0.306262 0.203222 -0.504304 0.187351 -0.87068 -0.45477 0.485867 
1534186799716 0.15243 0.88336 -0.443215 -0.599709 -0.955812 0.245825 0.161226 -0.224093 0.251374 0.399054 0.881797 0.399649 0.31622 -0.384863 0.867113 0.400795 -0.930002 -0.306262 0.203222 -0.504304 0.187351 -0.87068 -0.45477 0.485867 
1534186799755 0.152141 0.88336 -0.443314 -0.599601 -0.955789 0.245694 0.16156 -0.224129 0.251636 0.399135 0.881686 0.399627 0.31622 -0.384863 0.867113 0.400795 -0.930002 -0.306262 0.203222 -0.504304 0.187351 -0.87068 -0.45477 0.485867 
1534186799785 0.151852 0.883361 -0.443413 -0.599493 -0.955766 0.245563 0.161894 -0.224164 0.251897 0.399216 0.881575 0.399605 0.31622 -0.384863 0.867113 0.400795 -0.930002 -0.306262 0.203222 -0.504304 0.187351 -0.87068 -0.45477 0.485867 
1534186799822 0.152899 0.88332 -0.443134 -0.599793 -0.955816 0.246104 0.160775 -0.224215 0.251073 0.398973 0.88192 0.399686 0.31622 -0.384863 0.867113 0.400795 -0.930002 -0.306262 0.203222 -0.504304 0.187351 -0.87068 -0.45477 0.485867 
1534186799834 0.152806 0.883322 -0.443162 -0.599718 -0.9558 0.246075 0.160916 -0.224234 0.251192 0.398985 0.881881 0.399664 0.31622 -0.384863 0.867113 0.400795 -0.930002 -0.306262 0.203222 -0.504304 0.187351 -0.87068 -0.45477 0.485867 
1534186799840 0.152711 0.883324 -0.443191 -0.599637 -0.955783 0.246046 0.161059 -0.224253 0.251312 0.398999 0.88184 0.39964 0.31622 -0.384863 0.867113 0.400795 -0.930002 -0.306262 0.203222 -0.504304 0.187351 -0.87068 -0.45477 0.485867 
1534186799854 0.152617 0.883326 -0.44322 -0.599557 -0.955767 0.246017 0.1612 -0.224271 0.251432 0.399013 0.8818 0.399617 0.31622 -0.384863 0.867113 0.400795 -0.930002 -0.306262 0.203222 -0.504304 0.187351 -0.87068 -0.45477 0.485867 
1534186799871 0.152522 0.883327 -0.443249 -0.599477 -0.95575 0.245988 0.161342 -0.224289 0.251552 0.399027 0.881759 0.399594 0.31622 -0.384863 0.867113 0.400795 -0.930002 -0.306262 0.203222 -0.504304 0.187351 -0.87068 -0.45477 0.485867 
1534186799888 0.152428 0.883329 -0.443277 -0.599398 -0.955734 0.245959 0.161484 -0.224308 0.251672 0.399041 0.881719 0.399571 0.31622 -0.384863 0.867113 0.400795 -0.930002 -0.306262 0.203222 -0.504304 0.187351 -0.87068 -0.45477 0.485867 
1534186799905 0.152334 0.883331 -0.443306 -0.599317 -0.955717 0.24593 0.161626 -0.224325 0.251792 0.399055 0.881678 0.399548 0.31622 -0.384863 0.867113 0.400795 -0.930002 -0.306262 0.203222 -0.504304 0.187351 -0.87068 -0.45477 0.485867 
1534186799911 0.15224 0.883333 -0.443335 -0.599238 -0.955701 0.245901 0.161768 -0.224344 0.251911 0.399068 0.881638 0.399525 0.31622 -0.384863 0.867113 0.400795 -0.930002 -0.306262 0.203222 -0.504304 0.187351 -0.87068 -0.45477 0.485867 
1534186799927 0.152146 0.883335 -0.443364 -0.599157 -0.955684 0.245873 0.161909 -0.224361 0.252031 0.399082 0.881597 0.399503 0.31622 -0.384863 0.867113 0.400795 -0.930002 -0.306262 0.203222 -0.504304 0.187351 -0.87068 -0.45477 0.485867 
1534186799964 0.152051 0.883336 -0.443393 -0.599077 -0.955667 0.245844 0.162051 -0.22438 0.252151 0.399096 0.881557 0.39948 0.31622 -0.384863 0.867113 0.400795 -0.930002 -0.306262 0.203222 -0.504304 0.187351 -0.87068 -0.45477 0.485867 
1534186800009 0.15236 0.883318 -0.443323 -0.599433 -0.955718 0.245949 0.161593 -0.224297 0.251773 0.399071 0.881676 0.399568 0.31622 -0.384863 0.867113 0.400795 -0.930002 -0.306262 0.203222 -0.504304 0.187351 -0.87068 -0.45477 0.485867 
1534186800021 0.152175 0.883331 -0.443361 -0.599354 -0.955731 0.245817 0.161718 -0.224304 0.251836 0.399124 0.881634 0.399562 0.31622 -0.384863 0.867113 0.400795 -0.930002 -0.306262 0.203222 -0.504304 0.187351 -0.87068 -0.45477 0.485867 
1534186800039 0.15199 0.883343 -0.443401 -0.599273 -0.955743 0.245685 0.161843 -0.224311 0.2519 0.399179 0.881591 0.399556 0.31622 -0.384863 0.867113 0.400795 -0.930002 -0.306262 0.203222 -0.504304 0.187351 -0.87068 -0.45477 0.485867 
1534186800055 0.151805 0.883355 -0.44344 -0.59919 -0.955756 0.245554 0.161968 -0.224317 0.251963 0.399233 0.881548 0.399551 0.31622 -0.384863 0.867113 0.400795 -0.930002 -0.306262 0.203222 -0.504304 0.187351 -0.87068 -0.45477 0.485867 
1534186800071 0.15162 0.883367 -0.44348 -0.599107 -0.955769 0.245422 0.162092 -0.224323 0.252027 0.399288 0.881505 0.399545 0.31622 -0.384863 0.867113 0.400795 -0.930002 -0.306262 0.203222 -0.504304 0.187351 -0.87068 -0.45477 0.485867 
1534186800088 0.151435 0.883379 -0.44352 -0.599024 -0.955781 0.245291 0.162216 -0.224328 0.25209 0.399343 0.881463 0.39954 0.31622 -0.384863 0.867113 0.400795 -0.930002 -0.306262 0.203222 -0.504304 0.187351 -0.87068 -0.45477 0.485867 
1534186800105 0.15125 0.883391 -0.443559 -0.598942 -0.955794 0.245159 0.162341 -0.224335 0.252153 0.399397 0.88142 0.399534 0.31622 -0.384863 0.867113 0.400795 -0.930002 -0.306262 0.203222 -0.504304 0.187351 -0.87068 -0.45477 0.485867 
1534186800121 0.151065 0.883402 -0.443599 -0.598859 -0.955807 0.245028 0.162465 -0.22434 0.252216 0.399452 0.881377 0.399529 0.31622 -0.384863 0.867113 0.400795 -0.930002 -0.306262 0.203222 -0.504304 0.187351 -0.87068 -0.45477 0.485867 
1534186800138 0.15088 0.883414 -0.443638 -0.598777 -0.955819 0.244897 0.16259 -0.224346 0.25228 0.399506 0.881334 0.399523 0.31622 -0.384863 0.867113 0.400795 -0.930002 -0.306262 0.203222 -0.504304 0.187351 -0.87068 -0.45477 0.485867 
1534186800219 0.150695 0.883426 -0.443677 -0.598695 -0.955832 0.244765 0.162715 -0.224352 0.252343 0.39956 0.881291 0.399517 0.31622 -0.384863 0.867113 0.400795 -0.930002 -0.306262 0.203222 -0.504304 0.187351 -0.87068 -0.45477 0.485867 
1534186800254 0.151043 0.883448 -0.443514 -0.599013 -0.955871 0.244897 0.162286 -0.224225 0.251986 0.39943 0.881452 0.399518 0.31622 -0.384863 0.867113 0.400795 -0.930002 -0.306262 0.203222 -0.504304 0.187351 -0.87068 -0.45477 0.485867 
1534186800266 0.150914 0.883432 -0.443591 -0.59896 -0.955865 0.244838 0.16241 -0.224245 0.252086 0.399503 0.881391 0.399537 0.31622 -0.384863 0.867113 0.400795 -0.930002 -0.306262 0.203222 -0.504304 0.187351 -0.87068 -0.45477 0.485867 
1534186800283 0.150785 0.883415 -0.443669 -0.598902 -0.955859 0.244778 0.162534 -0.224264 0.252185 0.399577 0.881329 0.399557 0.31622 -0.384863 0.867113 0.400795 -0.930002 -0.306262 0.203222 -0.504304 0.187351 -0.87068 -0.45477 0.485867 
1534186800299 0.150656 0.883398 -0.443747 -0.598845 -0.955853 0.244718 0.162658 -0.224283 0.252285 0.399651 0.881267 0.399576 0.31622 -0.384863 0.867113 0.400795 -0.930002 -0.306262 0.203222 -0.504304 0.187351 -0.87068 -0.45477 0.485867 
1534186800316 0.150526 0.883381 -0.443825 -0.598787 -0.955847 0.244659 0.162782 -0.224302 0.252384 0.399726 0.881205 0.399596 0.31622 -0.384863 0.867113 0.400795 -0.930002 -0.306262 0.203222 -0.504304 0.187351 -0.87068 -0.45477 0.485867 
1534186800323 0.150397 0.883364 -0.443902 -0.598731 -0.955841 0.244599 0.162906 -0.224321 0.252483 0.3998 0.881143 0.399615 0.31622 -0.384863 0.867113 0.400795 -0.930002 -0.306262 0.203222 -0.504304 0.187351 -0.87068 -0.45477 0.485867 
1534186800337 0.150268 0.883346 -0.44398 -0.598673 -0.955836 0.24454 0.16303 -0.22434 0.252583 0.399874 0.88108 0.399635 0.31622 -0.384863 0.867113 0.400795 -0.930002 -0.306262 0.203222 -0.504304 0.187351 -0.87068 -0.45477 0.485867 
1534186800343 0.150139 0.883329 -0.444058 -0.598616 -0.95583 0.24448 0.163153 -0.224359 0.252682 0.399948 0.881018 0.399655 0.31622 -0.384863 0.867113 0.400795 -0.930002 -0.306262 0.203222 -0.504304 0.187351 -0.87068 -0.45477 0.485867 
1534186800357 0.150009 0.883312 -0.444136 -0.598559 -0.955824 0.244421 0.163277 -0.224378 0.252781 0.400022 0.880956 0.399674 0.31622 -0.384863 0.867113 0.400795 -0.930002 -0.306262 0.203222 -0.504304 0.187351 -0.87068 -0.45477 0.485867 
1534186800373 0.14988 0.883295 -0.444214 -0.5985 -0.955818 0.244362 0.163401 -0.224396 0.25288 0.400097 0.880894 0.399694 0.31622 -0.384863 0.867113 0.400795 -0.930002 -0.306262 0.203222 -0.504304 0.187351 -0.87068 -0.45477 0.485867 
1534186800401 0.150736 0.883398 -0.443719 -0.598721 -0.955848 0.244773 0.162606 -0.224379 0.252256 0.399618 0.88129 0.399534 0.31622 -0.384863 0.867113 0.400795 -0.930002 -0.306262 0.203222 -0.504304 0.187351 -0.87068 -0.45477 0.485867 
1534186800413 0.150437 0.883357 -0.443902 -0.5986 -0.955837 0.244632 0.162883 -0.224423 0.252477 0.399794 0.881147 0.399569 0.31622 -0.384863 0.867113 0.400795 -0.930002 -0.306262 0.203222 -0.504304 0.187351 -0.87068 -0.45477 0.485867 
1534186800430 0.150138 0.883316 -0.444085 -0.598474 -0.955826 0.244491 0.163161 -0.224466 0.252698 0.399971 0.881003 0.399605 0.31622 -0.384863 0.867113 0.400795 -0.930002 -0.306262 0.203222 -0.504304 0.187351 -0.87068 -0.45477 0.485867 
1534186800447 0.149838 0.883275 -0.444268 -0.598348 -0.955814 0.24435 0.163439 -0.224508 0.252919 0.400148 0.88086 0.39964 0.31622 -0.384863 0.867113 0.400795 -0.930002 -0.306262 0.203222 -0.504304 0.187351 -0.87068 -0.45477 0.485867 
1534186800494 0.149539 0.883233 -0.444451 -0.598222 -0.955802 0.24421 0.163717 -0.22455 0.25314 0.400325 0.880716 0.399676 0.31622 -0.384863 0.867113 0.400795 -0.930002 -0.306262 0.203222 -0.504304 0.187351 -0.87068 -0.45477 0.485867 
1534186800527 0.14924 0.883192 -0.444634 -0.598098 -0.955791 0.24407 0.163996 -0.224593 0.253361 0.400502 0.880572 0.399712 0.31622 -0.384863 0.867113 0.400795 -0.930002 -0.306262 0.203222 -0.504304 0.187351 -0.87068 -0.45477 0.485867 
1534186800562 0.148941 0.88315 -0.444817 -0.597971 -0.955779 0.243929 0.164273 -0.224635 0.253582 0.400679 0.880427 0.399748 0.31622 -0.384863 0.867113 0.400795 -0.930002 -0.306262 0.203222 -0.504304 0.187351 -0.87068 -0.45477 0.485867 
1534186800597 0.148642 0.883109 -0.444999 -0.597846 -0.955767 0.243789 0.164552 -0.224677 0.253803 0.400856 0.880283 0.399783 0.31622 -0.384863 0.867113 0.400795 -0.930002 -0.306262 0.203222 -0.504304 0.187351 -0.87068 -0.45477 0.485867 
1534186800646 0.148342 0.883067 -0.445182 -0.597721 -0.955754 0.243649 0.16483 -0.22472 0.254024 0.401033 0.880139 0.399819 0.31622 -0.384863 0.867113 0.400795 -0.930002 -0.306262 0.203222 -0.504304 0.187351 -0.87068 -0.45477 0.485867 
1534186800686 0.148043 0.883025 -0.445364 -0.597595 -0.955742 0.243509 0.165108 -0.224762 0.254244 0.40121 0.879994 0.399855 0.31622 -0.384863 0.867113 0.400795 -0.930002 -0.306262 0.203222 -0.504304 0.187351 -0.87068 -0.45477 0.485867 
1534186800742 0.148766 0.883124 -0.444928 -0.597879 -0.955792 0.243816 0.164362 -0.224688 0.253633 0.400808 0.880354 0.399793 0.31622 -0.384863 0.867113 0.400795 -0.930002 -0.306262 0.203222 -0.504304 0.187351 -0.87068 -0.45477 0.485867 
1534186800753 0.148597 0.883163 -0.444908 -0.597714 -0.955822 0.243656 0.164427 -0.224737 0.25362 0.400819 0.880353 0.399794 0.31622 -0.384863 0.867113 0.400795 -0.930002 -0.306262 0.203222 -0.504304 0.187351 -0.87068 -0.45477 0.485867 
1534186800770 0.148428 0.883201 -0.444888 -0.597547 -0.955852 0.243495 0.164491 -0.224785 0.253607 0.400831 0.880351 0.399794 0.31622 -0.384863 0.867113 0.400795 -0.930002 -0.306262 0.203222 -0.504304 0.187351 -0.87068 -0.45477 0.485867 
1534186800786 0.148259 0.88324 -0.444868 -0.597378 -0.955882 0.243335 0.164555 -0.224832 0.253593 0.400844 0.880349 0.399795 0.31622 -0.384863 0.867113 0.400795 -0.930002 -0.306262 0.203222 -0.504304 0.187351 -0.87068 -0.45477 0.485867 
1534186800803 0.14809 0.883278 -0.444848 -0.597209 -0.955911 0.243175 0.164619 -0.224878 0.25358 0.400857 0.880347 0.399797 0.31622 -0.384863 0.867113 0.400795 -0.930002 -0.306262 0.203222 -0.504304 0.187351 -0.87068 -0.45477 0.485867 
1534186800820 0.147921 0.883316 -0.444828 -0.59704 -0.955941 0.243015 0.164682 -0.224925 0.253566 0.40087 0.880345 0.399798 0.31622 -0.384863 0.867113 0.400795 -0.930002 -0.306262 0.203222 -0.504304 0.187351 -0.87068 -0.45477 0.485867 
1534186800943 0.147751 0.883355 -0.444808 -0.596872 -0.955971 0.242854 0.164746 -0.224972 0.253553 0.400882 0.880344 0.399799 0.31622 -0.384863 0.867113 0.400795 -0.930002 -0.306262 0.203222 -0.504304 0.187351 -0.87068 -0.45477 0.485867 
1534186800977 0.147582 0.883393 -0.444788 -0.596702 -0.956001 0.242694 0.164809 -0.225018 0.253539 0.400895 0.880342 0.3998 0.31622 -0.384863 0.867113 0.400795 -0.930002 -0.306262 0.203222 -0.504304 0.187351 -0.87068 -0.45477 0.485867 
