1533576561992 0.395489 0.893034 -0.214659 -0.518987 -0.905981 0.417719 0.0686297 -0.213297 0.150956 0.167335 0.974275 0.336109 0.16008 -0.304787 0.938871 0.370831 -0.775623 0.549475 0.310623 -0.528794 -0.61056 -0.777934 -0.14844 0.432481 
1533576562004 0.371778 0.900048 -0.227364 -0.527597 -0.911757 0.400085 0.0929077 -0.224358 0.174586 0.17276 0.969368 0.364826 0.3171 -0.384749 0.866842 0.387568 -0.936698 -0.27015 0.222748 -0.52181 0.148475 -0.882602 -0.446058 0.585392 
1533576562021 0.353909 0.904384 -0.238406 -0.530167 -0.917595 0.385082 0.0986414 -0.22013 0.181016 0.18385 0.966143 0.362678 0.317345 -0.385073 0.866609 0.387656 -0.936511 -0.270965 0.222541 -0.521555 0.149126 -0.882211 -0.446615 0.585906 
1533576562037 0.335918 0.908327 -0.249202 -0.532661 -0.923086 0.370084 0.104642 -0.215872 0.187275 0.194884 0.962782 0.360557 0.317346 -0.385074 0.866608 0.387656 -0.936511 -0.270967 0.222541 -0.521554 0.149127 -0.88221 -0.446616 0.585908 
1533576562054 0.317811 0.91186 -0.259822 -0.535092 -0.928251 0.355082 0.110753 -0.211612 0.19325 0.205982 0.959284 0.358442 0.317346 -0.385074 0.866608 0.387656 -0.936511 -0.270967 0.222541 -0.521554 0.149127 -0.88221 -0.446616 0.585908 
1533576562071 0.2996 0.914985 -0.270264 -0.537463 -0.933093 0.34008 0.116972 -0.207349 0.198939 0.217136 0.955654 0.356333 0.317346 -0.385074 0.866608 0.387656 -0.936511 -0.270967 0.222541 -0.521554 0.149127 -0.88221 -0.446616 0.585908 
1533576562087 0.281298 0.917707 -0.280507 -0.539772 -0.937602 0.325097 0.123343 -0.203085 0.204385 0.228308 0.951894 0.354253 0.317346 -0.385074 0.866608 0.387656 -0.936511 -0.270967 0.222541 -0.521554 0.149127 -0.88221 -0.446616 0.585908 
1533576562104 0.262934 0.920106 -0.290294 -0.542035 -0.941623 0.310296 0.130626 -0.198847 0.210267 0.239001 0.94798 0.352564 0.317346 -0.385073 0.866608 0.387656 -0.936511 -0.270966 0.222541 -0.521554 0.149127 -0.882211 -0.446616 0.585908 
1533576562121 0.244462 0.922177 -0.299714 -0.544249 -0.94521 0.295601 0.138559 -0.194665 0.216371 0.24942 0.943914 0.3512 0.317277 -0.384918 0.866703 0.387611 -0.936536 -0.270885 0.222536 -0.521579 0.149118 -0.882304 -0.446435 0.585923 
1533576562137 0.235574 0.926714 -0.292757 -0.541839 -0.94431 0.289476 0.156467 -0.183027 0.229746 0.239594 0.943298 0.348683 0.289357 -0.335704 0.896424 0.383514 -0.950993 -0.207474 0.229275 -0.51783 0.109016 -0.918835 -0.379286 0.609542 
1533576562258 0.394008 0.893444 -0.215674 -0.519293 -0.906547 0.416433 0.0689622 -0.213098 0.151428 0.168347 0.974027 0.336002 0.289357 -0.335704 0.896424 0.383514 -0.950993 -0.207474 0.229275 -0.51783 0.109016 -0.918835 -0.379286 0.609542 
1533576562271 0.370462 0.900366 -0.228253 -0.527834 -0.912238 0.398945 0.0930831 -0.224088 0.174869 0.173737 0.969142 0.364516 0.325325 -0.398635 0.85747 0.392531 -0.93242 -0.286119 0.220745 -0.524727 0.157342 -0.871336 -0.464777 0.568149 
1533576562287 0.352731 0.904638 -0.239187 -0.53038 -0.918005 0.384065 0.0987999 -0.219895 0.181242 0.184725 0.965934 0.362392 0.325406 -0.398786 0.857368 0.392605 -0.932394 -0.286189 0.220766 -0.524736 0.157331 -0.871244 -0.464953 0.568033 
1533576562304 0.334879 0.908524 -0.249879 -0.532852 -0.923428 0.369191 0.10478 -0.215672 0.187448 0.195657 0.962591 0.360297 0.325406 -0.398787 0.857368 0.392605 -0.932394 -0.286189 0.220766 -0.524736 0.157331 -0.871243 -0.464954 0.568032 
1533576562321 0.316916 0.912008 -0.260397 -0.535263 -0.928531 0.354313 0.110868 -0.211448 0.193374 0.206651 0.959115 0.358208 0.325406 -0.398787 0.857368 0.392605 -0.932394 -0.286189 0.220766 -0.524736 0.157331 -0.871243 -0.464954 0.568032 
1533576562337 0.298851 0.91509 -0.270738 -0.537613 -0.933316 0.339437 0.117061 -0.207221 0.19902 0.2177 0.955509 0.356125 0.325406 -0.398787 0.857368 0.392605 -0.932394 -0.286189 0.220766 -0.524736 0.157331 -0.871243 -0.464954 0.568032 
1533576562354 0.280697 0.917778 -0.280879 -0.539903 -0.937771 0.324583 0.123417 -0.202993 0.204438 0.228757 0.951775 0.354075 0.325406 -0.398787 0.857368 0.392605 -0.932394 -0.286189 0.220766 -0.524736 0.157331 -0.871243 -0.464954 0.568032 
1533576562371 0.262483 0.920151 -0.290561 -0.542149 -0.941738 0.309913 0.1307 -0.198794 0.210312 0.239326 0.947888 0.352428 0.325406 -0.398787 0.857368 0.392605 -0.932394 -0.286189 0.220766 -0.524736 0.157331 -0.871243 -0.464954 0.568033 
1533576562388 0.244161 0.922201 -0.299885 -0.544348 -0.945282 0.295346 0.138612 -0.194652 0.216398 0.249632 0.943851 0.3511 0.325383 -0.398743 0.857397 0.392573 -0.932399 -0.28618 0.220755 -0.524728 0.157345 -0.871266 -0.464906 0.568087 
1533576562404 0.235359 0.926689 -0.293007 -0.541945 -0.944402 0.289273 0.156286 -0.183081 0.229587 0.239933 0.943251 0.348545 0.317665 -0.385656 0.866232 0.387794 -0.936364 -0.271498 0.222511 -0.521624 0.149367 -0.881793 -0.44736 0.585438 
1533576562528 0.361578 0.902021 -0.235838 -0.524837 -0.917624 0.389065 0.0812102 -0.207174 0.16501 0.187047 0.968393 0.336851 0.317665 -0.385656 0.866232 0.387794 -0.936364 -0.271498 0.222511 -0.521624 0.149367 -0.881793 -0.44736 0.585438 
1533576562541 0.341734 0.907063 -0.245876 -0.531889 -0.921604 0.374675 0.101314 -0.216556 0.184022 0.191978 0.963992 0.360546 0.326842 -0.400844 0.855861 0.396996 -0.931101 -0.291754 0.218932 -0.5269 0.161943 -0.868449 -0.468583 0.555732 
1533576562557 0.326991 0.910051 -0.254725 -0.533986 -0.925949 0.362419 0.106164 -0.213267 0.188931 0.201148 0.961168 0.358903 0.326867 -0.400886 0.855832 0.397047 -0.931097 -0.291751 0.218951 -0.526916 0.161915 -0.868431 -0.468628 0.555638 
1533576562574 0.312181 0.912781 -0.263391 -0.536032 -0.930059 0.350179 0.111202 -0.209956 0.193737 0.210253 0.958259 0.357285 0.326867 -0.400886 0.855832 0.397047 -0.931097 -0.291751 0.218951 -0.526916 0.161915 -0.868431 -0.468628 0.555638 
1533576562591 0.297309 0.915237 -0.271933 -0.538038 -0.933952 0.337945 0.116304 -0.206646 0.198344 0.219394 0.955262 0.355672 0.326867 -0.400886 0.855832 0.397047 -0.931097 -0.291751 0.218951 -0.526916 0.161915 -0.868431 -0.468628 0.555638 
1533576562607 0.282381 0.917423 -0.280351 -0.540002 -0.937631 0.32572 0.121468 -0.203336 0.202753 0.228566 0.952181 0.354066 0.326867 -0.400886 0.855832 0.397047 -0.931097 -0.291751 0.218951 -0.526916 0.161915 -0.868431 -0.468628 0.555638 
1533576562624 0.267423 0.919394 -0.288445 -0.541936 -0.940977 0.313631 0.127273 -0.200044 0.207479 0.237384 0.949 0.352737 0.326867 -0.400886 0.855832 0.397047 -0.931097 -0.291751 0.218951 -0.526916 0.161915 -0.868431 -0.468628 0.555638 
1533576562641 0.252397 0.921171 -0.296209 -0.543858 -0.943975 0.301673 0.13381 -0.196815 0.21262 0.245841 0.945703 0.351794 0.326867 -0.400886 0.855832 0.397047 -0.931097 -0.291751 0.218951 -0.526916 0.161915 -0.868431 -0.468628 0.555638 
1533576562657 0.237286 0.922725 -0.303766 -0.545754 -0.946704 0.289763 0.140676 -0.193645 0.217826 0.254196 0.942304 0.351062 0.32686 -0.400875 0.85584 0.397025 -0.931097 -0.291757 0.218943 -0.526908 0.161928 -0.868434 -0.468617 0.555679 
1533576562674 0.230344 0.926202 -0.298484 -0.543464 -0.946136 0.284882 0.15385 -0.183421 0.227529 0.246968 0.941933 0.347874 0.325481 -0.398911 0.857282 0.392726 -0.93235 -0.286354 0.220736 -0.524796 0.157432 -0.871132 -0.465127 0.567705 
1533576562794 0.320628 0.912197 -0.255137 -0.531187 -0.928251 0.356214 0.107055 -0.201519 0.188539 0.202506 0.96096 0.343548 0.325481 -0.398911 0.857282 0.392726 -0.93235 -0.286354 0.220736 -0.524796 0.157432 -0.871132 -0.465127 0.567705 
1533576562804 0.306395 0.915016 -0.262426 -0.535636 -0.930762 0.34576 0.118874 -0.206657 0.199508 0.207833 0.957602 0.356933 0.32653 -0.399985 0.856382 0.400699 -0.930615 -0.294532 0.217269 -0.528382 0.165328 -0.867907 -0.468405 0.54613 
1533576562821 0.295236 0.916735 -0.269133 -0.53729 -0.933743 0.336521 0.12197 -0.204566 0.202383 0.215291 0.955348 0.35576 0.326537 -0.399995 0.856375 0.400737 -0.930617 -0.294516 0.217283 -0.528394 0.165304 -0.867908 -0.468412 0.546058 
1533576562837 0.284053 0.918304 -0.275738 -0.538916 -0.936596 0.327295 0.125167 -0.202464 0.205189 0.222701 0.953049 0.354604 0.326537 -0.399995 0.856375 0.400737 -0.930617 -0.294516 0.217284 -0.528394 0.165304 -0.867908 -0.468412 0.546058 
1533576562854 0.272858 0.919739 -0.282186 -0.540522 -0.939278 0.318127 0.128652 -0.20037 0.208097 0.229948 0.950694 0.35357 0.326537 -0.399995 0.856375 0.400737 -0.930617 -0.294516 0.217284 -0.528394 0.165304 -0.867908 -0.468412 0.546058 
1533576562861 0.261632 0.921095 -0.288328 -0.542134 -0.941692 0.309098 0.132946 -0.198336 0.211577 0.236733 0.948258 0.352958 0.326537 -0.399995 0.856375 0.400737 -0.930617 -0.294516 0.217284 -0.528394 0.165304 -0.867908 -0.468412 0.546058 
1533576562874 0.250344 0.922328 -0.294344 -0.543753 -0.94394 0.300103 0.137537 -0.196372 0.215188 0.243412 0.945751 0.352571 0.326537 -0.399995 0.856375 0.400737 -0.930617 -0.294516 0.217284 -0.528394 0.165304 -0.867908 -0.468412 0.546058 
1533576562891 0.239008 0.923422 -0.300279 -0.545372 -0.946049 0.291125 0.142261 -0.194465 0.218786 0.250077 0.943183 0.352318 0.326537 -0.399995 0.856375 0.400737 -0.930617 -0.294516 0.217283 -0.528394 0.165304 -0.867908 -0.468412 0.546058 
1533576562908 0.227628 0.924375 -0.306131 -0.546972 -0.94803 0.282156 0.147059 -0.192594 0.222315 0.256747 0.940562 0.352141 0.326535 -0.399993 0.856376 0.40072 -0.930616 -0.294524 0.217277 -0.528389 0.165314 -0.867906 -0.468412 0.54609 
1533576562925 0.22293 0.926416 -0.303408 -0.544878 -0.948216 0.278308 0.153071 -0.184227 0.226248 0.253572 0.940485 0.347835 0.326872 -0.400887 0.855829 0.397147 -0.931083 -0.291817 0.218921 -0.526958 0.161983 -0.868408 -0.468646 0.555393 
1533576563046 0.278328 0.920488 -0.274291 -0.537265 -0.937559 0.322394 0.130558 -0.195299 0.208607 0.220826 0.952743 0.34826 0.326872 -0.400887 0.855829 0.397147 -0.931083 -0.291817 0.218921 -0.526958 0.161983 -0.868408 -0.468646 0.555393 
1533576563058 0.269797 0.921547 -0.279213 -0.539621 -0.939097 0.315916 0.135256 -0.197366 0.212853 0.225716 0.950655 0.353373 0.325795 -0.398493 0.857357 0.403676 -0.930385 -0.296321 0.215818 -0.529359 0.168051 -0.867985 -0.467292 0.538303 
1533576563074 0.262555 0.922212 -0.283884 -0.540878 -0.940882 0.309941 0.136668 -0.19657 0.214024 0.231219 0.949069 0.352775 0.325797 -0.398494 0.857356 0.403705 -0.930388 -0.296303 0.215829 -0.529367 0.168031 -0.86799 -0.467288 0.538246 
1533576563091 0.255286 0.922891 -0.288273 -0.542158 -0.942456 0.304095 0.138933 -0.195848 0.215883 0.236217 0.947416 0.352649 0.325797 -0.398494 0.857356 0.403705 -0.930388 -0.296303 0.215829 -0.529367 0.168031 -0.86799 -0.467288 0.538246 
1533576563108 0.247968 0.923521 -0.29261 -0.54346 -0.943956 0.298254 0.141395 -0.195204 0.217853 0.241149 0.94572 0.352723 0.325797 -0.398494 0.857356 0.403705 -0.930388 -0.296303 0.215829 -0.529367 0.168031 -0.86799 -0.467288 0.538246 
1533576563124 0.240623 0.924088 -0.29692 -0.544769 -0.945401 0.292414 0.143914 -0.194605 0.219813 0.24608 0.943995 0.352892 0.325797 -0.398494 0.857356 0.403705 -0.930388 -0.296303 0.215829 -0.529367 0.168031 -0.86799 -0.467288 0.538246 
1533576563141 0.233263 0.924589 -0.301205 -0.546081 -0.946796 0.286578 0.14646 -0.194035 0.221734 0.251016 0.942245 0.353116 0.325797 -0.398494 0.857356 0.403705 -0.930388 -0.296303 0.215829 -0.529367 0.168031 -0.86799 -0.467288 0.538246 
1533576563158 0.225892 0.925022 -0.305463 -0.547391 -0.948142 0.280748 0.149022 -0.193484 0.223607 0.255959 0.940471 0.353377 0.325797 -0.398494 0.857356 0.403705 -0.930388 -0.296303 0.215829 -0.529367 0.168031 -0.86799 -0.467288 0.538246 
1533576563174 0.21851 0.92539 -0.309689 -0.548684 -0.949443 0.274918 0.151585 -0.192936 0.225414 0.260909 0.938677 0.353643 0.325797 -0.398494 0.857356 0.403692 -0.930386 -0.296312 0.215825 -0.529364 0.16804 -0.867987 -0.467291 0.538272 
1533576563191 0.21625 0.926344 -0.30842 -0.546674 -0.949804 0.272746 0.153238 -0.186291 0.226071 0.259801 0.938826 0.348865 0.326524 -0.399967 0.856393 0.400817 -0.930612 -0.294551 0.217256 -0.528423 0.165356 -0.867909 -0.468392 0.545862 
1533576563320 0.237833 0.924904 -0.296627 -0.543155 -0.945618 0.290251 0.146835 -0.188448 0.221905 0.245574 0.943637 0.347871 0.326524 -0.399967 0.856393 0.400817 -0.930612 -0.294551 0.217256 -0.528423 0.165356 -0.867909 -0.468392 0.545862 
1533576563331 0.234072 0.925079 -0.299062 -0.544255 -0.946357 0.287277 0.147922 -0.189463 0.222754 0.248395 0.942699 0.349311 0.325025 -0.397007 0.858338 0.406031 -0.930243 -0.297668 0.214573 -0.529958 0.170313 -0.868204 -0.466063 0.531781 
1533576563348 0.230512 0.925233 -0.301345 -0.545187 -0.947067 0.284436 0.148865 -0.190036 0.223448 0.251078 0.941823 0.350038 0.325024 -0.397006 0.858339 0.406054 -0.930246 -0.297651 0.214581 -0.529963 0.170296 -0.868211 -0.466057 0.531734 
1533576563364 0.226937 0.92537 -0.303629 -0.546128 -0.947768 0.281587 0.149816 -0.190639 0.224133 0.253771 0.940938 0.350822 0.325024 -0.397006 0.858339 0.406054 -0.930246 -0.297651 0.214581 -0.529963 0.170296 -0.868211 -0.466057 0.531734 
1533576563381 0.223359 0.92549 -0.305908 -0.54707 -0.94846 0.278736 0.150766 -0.191251 0.2248 0.256467 0.940048 0.351627 0.325024 -0.397006 0.858339 0.406054 -0.930246 -0.297651 0.214581 -0.529963 0.170296 -0.868211 -0.466057 0.531734 
1533576563388 0.21978 0.925592 -0.308182 -0.548011 -0.949142 0.275886 0.151712 -0.191866 0.225446 0.259165 0.939153 0.352444 0.325024 -0.397006 0.858339 0.406054 -0.930246 -0.297651 0.214581 -0.529963 0.170296 -0.868211 -0.466057 0.531734 
1533576563401 0.216202 0.925677 -0.310448 -0.54895 -0.949815 0.273035 0.152653 -0.192482 0.226071 0.261864 0.938253 0.353269 0.325024 -0.397006 0.858339 0.406054 -0.930246 -0.297651 0.214581 -0.529963 0.170296 -0.868211 -0.466057 0.531734 
1533576563418 0.212624 0.925746 -0.312707 -0.549886 -0.950479 0.270186 0.153589 -0.193097 0.226674 0.264565 0.93735 0.3541 0.325024 -0.397006 0.858339 0.406054 -0.930246 -0.297651 0.214581 -0.529963 0.170296 -0.868211 -0.466057 0.531734 
1533576563434 0.209043 0.925798 -0.314959 -0.550808 -0.951137 0.26733 0.15451 -0.193697 0.227243 0.26727 0.936444 0.35491 0.325025 -0.397007 0.858338 0.406043 -0.930245 -0.297659 0.214577 -0.529961 0.170303 -0.868208 -0.46606 0.531756 
1533576563451 0.209055 0.926069 -0.314153 -0.54882 -0.951227 0.267097 0.154357 -0.188375 0.226855 0.266562 0.93674 0.350221 0.325781 -0.398462 0.857377 0.403769 -0.930386 -0.296327 0.215806 -0.529386 0.168074 -0.867997 -0.467261 0.538084 
1533576563570 0.220348 0.926125 -0.306169 -0.54603 -0.949134 0.275953 0.151639 -0.187409 0.224925 0.257182 0.939822 0.348759 0.325781 -0.398462 0.857377 0.403769 -0.930386 -0.296327 0.215806 -0.529386 0.168074 -0.867997 -0.467261 0.538084 
1533576563581 0.21815 0.926126 -0.307735 -0.546834 -0.949517 0.274266 0.152301 -0.188405 0.225451 0.258976 0.939204 0.349743 0.324316 -0.395677 0.85922 0.40787 -0.93014 -0.298754 0.213507 -0.530268 0.172216 -0.868439 -0.464926 0.526294 
1533576563598 0.215952 0.92612 -0.309299 -0.547636 -0.949897 0.272579 0.152956 -0.189399 0.225964 0.260771 0.938583 0.350728 0.324314 -0.395675 0.859221 0.407888 -0.930144 -0.298739 0.213514 -0.530271 0.172201 -0.868445 -0.46492 0.526256 
1533576563614 0.213754 0.926107 -0.31086 -0.548435 -0.950276 0.270892 0.153604 -0.190388 0.226463 0.262569 0.937962 0.351716 0.324314 -0.395675 0.859221 0.407888 -0.930144 -0.298739 0.213514 -0.530271 0.172201 -0.868445 -0.46492 0.526256 
1533576563631 0.211557 0.926088 -0.312418 -0.549232 -0.950651 0.269203 0.154245 -0.191374 0.226948 0.264369 0.937339 0.352706 0.324314 -0.395675 0.859221 0.407888 -0.930144 -0.298739 0.213514 -0.530271 0.172201 -0.868445 -0.46492 0.526256 
1533576563648 0.209361 0.926061 -0.313972 -0.550025 -0.951025 0.267514 0.154879 -0.192357 0.227419 0.26617 0.936715 0.353699 0.324314 -0.395675 0.859221 0.407888 -0.930144 -0.298739 0.213514 -0.530271 0.172201 -0.868445 -0.46492 0.526256 
1533576563664 0.207164 0.926028 -0.315523 -0.550817 -0.951396 0.265825 0.155506 -0.193336 0.227877 0.267972 0.936089 0.354694 0.324314 -0.395675 0.859221 0.407888 -0.930144 -0.298739 0.213514 -0.530271 0.172201 -0.868445 -0.46492 0.526256 
1533576563681 0.204968 0.925988 -0.317071 -0.551605 -0.951765 0.264134 0.156127 -0.194311 0.228321 0.269777 0.935463 0.355691 0.324314 -0.395675 0.859221 0.407888 -0.930144 -0.298739 0.213514 -0.530271 0.172201 -0.868445 -0.46492 0.526256 
1533576563698 0.202767 0.925942 -0.318618 -0.55238 -0.952136 0.262435 0.15673 -0.195268 0.22874 0.271588 0.934836 0.356665 0.324315 -0.395676 0.859221 0.40788 -0.930142 -0.298746 0.213511 -0.53027 0.172208 -0.868442 -0.464923 0.526273 
1533576563714 0.203599 0.926005 -0.317903 -0.550454 -0.952085 0.26295 0.156176 -0.19044 0.228212 0.270874 0.935172 0.352199 0.325009 -0.396977 0.858358 0.406103 -0.930245 -0.29767 0.214561 -0.529974 0.170331 -0.868218 -0.466031 0.531599 
1533576563835 0.210744 0.92653 -0.311654 -0.54805 -0.951132 0.267957 0.153453 -0.188689 0.225689 0.264085 0.937723 0.350401 0.325009 -0.396977 0.858358 0.406103 -0.930245 -0.29767 0.214561 -0.529974 0.170331 -0.868218 -0.466031 0.531599 
1533576563848 0.209121 0.926494 -0.312854 -0.548772 -0.951371 0.266757 0.154056 -0.189791 0.226188 0.265424 0.937224 0.351436 0.323686 -0.394518 0.85999 0.409287 -0.93006 -0.299654 0.212594 -0.530356 0.173827 -0.868656 -0.463919 0.521654 
1533576563864 0.207498 0.926454 -0.314052 -0.549491 -0.95161 0.265557 0.154654 -0.19089 0.226678 0.266765 0.936725 0.352474 0.323684 -0.394517 0.859991 0.409301 -0.930063 -0.29964 0.212599 -0.530357 0.173814 -0.868661 -0.463914 0.521622 
1533576563881 0.205874 0.926409 -0.315249 -0.550207 -0.951849 0.264355 0.155244 -0.191984 0.227157 0.268108 0.936225 0.353512 0.323684 -0.394517 0.859991 0.409301 -0.930063 -0.29964 0.212599 -0.530357 0.173814 -0.868661 -0.463914 0.521622 
1533576563898 0.204249 0.926361 -0.316444 -0.550921 -0.952087 0.263152 0.155828 -0.193073 0.227626 0.269454 0.935725 0.354553 0.323684 -0.394517 0.859991 0.409301 -0.930063 -0.29964 0.212599 -0.530357 0.173814 -0.868661 -0.463914 0.521622 
1533576563914 0.202625 0.92631 -0.317637 -0.551632 -0.952324 0.261947 0.156404 -0.194159 0.228083 0.270802 0.935224 0.355595 0.323684 -0.394517 0.859991 0.409301 -0.930063 -0.29964 0.212599 -0.530357 0.173814 -0.868661 -0.463914 0.521622 
1533576563931 0.201 0.926254 -0.318829 -0.552341 -0.952561 0.260741 0.156974 -0.19524 0.22853 0.272153 0.934723 0.356638 0.323684 -0.394517 0.859991 0.409301 -0.930063 -0.29964 0.212599 -0.530357 0.173814 -0.868661 -0.463914 0.521622 
1533576563948 0.199374 0.926195 -0.32002 -0.553046 -0.952798 0.259533 0.157537 -0.196317 0.228966 0.273505 0.934221 0.357683 0.323684 -0.394517 0.859991 0.409301 -0.930063 -0.29964 0.212599 -0.530357 0.173814 -0.868661 -0.463914 0.521622 
1533576563964 0.197743 0.926133 -0.32121 -0.553739 -0.953038 0.258316 0.158083 -0.197376 0.22938 0.274865 0.93372 0.358706 0.323685 -0.394518 0.859991 0.409295 -0.930062 -0.299647 0.212597 -0.530357 0.17382 -0.868659 -0.463917 0.521637 
1533576563981 0.19886 0.926135 -0.320513 -0.551895 -0.952913 0.259123 0.157519 -0.192835 0.228936 0.274097 0.934055 0.354533 0.3243 -0.395649 0.859239 0.407926 -0.930143 -0.298753 0.213496 -0.530276 0.172231 -0.868452 -0.464896 0.526142 
1533576564108 0.204277 0.926327 -0.316528 -0.550095 -0.952021 0.263263 0.156042 -0.190684 0.227876 0.269466 0.935661 0.352551 0.3243 -0.395649 0.859239 0.407926 -0.930143 -0.298753 0.213496 -0.530276 0.172231 -0.868452 -0.464896 0.526142 
1533576564121 0.203198 0.926255 -0.31743 -0.550742 -0.952168 0.262495 0.156438 -0.191867 0.228225 0.270459 0.935289 0.353583 0.323131 -0.393517 0.860657 0.410361 -0.929995 -0.300409 0.211809 -0.530271 0.175198 -0.868849 -0.463041 0.517714 
1533576564128 0.202119 0.926182 -0.31833 -0.551386 -0.952316 0.261724 0.156827 -0.193045 0.228565 0.271453 0.934918 0.354617 0.32313 -0.393516 0.860658 0.410371 -0.929998 -0.300397 0.211813 -0.530271 0.175187 -0.868854 -0.463036 0.517688 
1533576564141 0.201038 0.926108 -0.31923 -0.552027 -0.952465 0.26095 0.157211 -0.194219 0.228897 0.27245 0.934546 0.355651 0.32313 -0.393516 0.860658 0.410371 -0.929998 -0.300397 0.211813 -0.530271 0.175187 -0.868854 -0.463036 0.517688 
1533576564158 0.199956 0.926032 -0.320129 -0.552665 -0.952615 0.260175 0.157588 -0.195389 0.229221 0.273449 0.934175 0.356687 0.32313 -0.393516 0.860658 0.410371 -0.929998 -0.300397 0.211813 -0.530271 0.175187 -0.868854 -0.463036 0.517688 
1533576564175 0.198874 0.925954 -0.321028 -0.553301 -0.952766 0.259397 0.157959 -0.196554 0.229536 0.27445 0.933804 0.357723 0.32313 -0.393516 0.860658 0.410371 -0.929998 -0.300397 0.211813 -0.530271 0.175187 -0.868854 -0.463036 0.517688 
1533576564191 0.19779 0.925874 -0.321926 -0.553935 -0.952917 0.258616 0.158325 -0.197714 0.229844 0.275454 0.933433 0.35876 0.32313 -0.393516 0.860658 0.410371 -0.929998 -0.300397 0.211813 -0.530271 0.175187 -0.868854 -0.463036 0.517688 
1533576564208 0.196705 0.925793 -0.322823 -0.554565 -0.953069 0.257833 0.158684 -0.19887 0.230143 0.276459 0.933062 0.359798 0.32313 -0.393516 0.860658 0.410371 -0.929998 -0.300397 0.211813 -0.530271 0.175187 -0.868854 -0.463036 0.517688 
1533576564225 0.195613 0.92571 -0.323722 -0.555184 -0.953226 0.25704 0.159028 -0.200008 0.230424 0.277472 0.932692 0.360815 0.323131 -0.393516 0.860658 0.410367 -0.929997 -0.300402 0.211811 -0.530271 0.175192 -0.868852 -0.463038 0.5177 
1533576564231 0.196927 0.925658 -0.323074 -0.553414 -0.953043 0.258063 0.158472 -0.195847 0.230064 0.276696 0.933011 0.356986 0.323671 -0.394494 0.860007 0.409331 -0.930063 -0.299652 0.212584 -0.530357 0.17384 -0.868667 -0.463893 0.521526 
1533576564379 0.199178 0.92637 -0.319634 -0.551626 -0.952936 0.259166 0.157305 -0.192712 0.228561 0.273259 0.934392 0.354369 0.323671 -0.394494 0.860007 0.409331 -0.930063 -0.299652 0.212584 -0.530357 0.17384 -0.868667 -0.463893 0.521526 
1533576564392 0.198504 0.926301 -0.320254 -0.552204 -0.952991 0.258739 0.157679 -0.193919 0.22892 0.273899 0.934117 0.355407 0.322644 -0.392653 0.861234 0.411155 -0.929943 -0.301047 0.211132 -0.530052 0.17637 -0.869019 -0.462276 0.514357 
1533576564408 0.197829 0.926231 -0.320873 -0.55278 -0.953047 0.258309 0.158047 -0.195121 0.229272 0.274541 0.933842 0.356445 0.322642 -0.392652 0.861236 0.411163 -0.929946 -0.301037 0.211135 -0.53005 0.176361 -0.869023 -0.462272 0.514335 
1533576564425 0.197153 0.926161 -0.321493 -0.553353 -0.953104 0.257876 0.158409 -0.196319 0.229617 0.275185 0.933568 0.357484 0.322642 -0.392652 0.861236 0.411163 -0.929946 -0.301037 0.211135 -0.53005 0.176361 -0.869023 -0.462272 0.514335 
1533576564442 0.196475 0.926089 -0.322112 -0.553924 -0.953162 0.25744 0.158766 -0.197512 0.229956 0.275831 0.933294 0.358523 0.322642 -0.392652 0.861236 0.411163 -0.929946 -0.301037 0.211135 -0.53005 0.176361 -0.869023 -0.462272 0.514335 
1533576564458 0.195795 0.926017 -0.322732 -0.554492 -0.953222 0.257002 0.159118 -0.1987 0.230289 0.27648 0.93302 0.359562 0.322642 -0.392652 0.861236 0.411163 -0.929946 -0.301037 0.211135 -0.53005 0.176361 -0.869023 -0.462272 0.514335 
1533576564475 0.195114 0.925945 -0.323352 -0.555058 -0.953282 0.256562 0.159464 -0.199884 0.230614 0.277132 0.932746 0.360602 0.322642 -0.392652 0.861236 0.411163 -0.929946 -0.301037 0.211135 -0.53005 0.176361 -0.869023 -0.462272 0.514335 
1533576564492 0.194432 0.925872 -0.323972 -0.555621 -0.953345 0.256118 0.159804 -0.201063 0.230933 0.277786 0.932472 0.361642 0.322642 -0.392652 0.861236 0.411163 -0.929946 -0.301037 0.211135 -0.53005 0.176361 -0.869023 -0.462272 0.514335 
1533576564508 0.193742 0.925799 -0.324594 -0.556173 -0.953412 0.255664 0.160131 -0.202225 0.231237 0.278447 0.9322 0.362661 0.322643 -0.392652 0.861235 0.41116 -0.929944 -0.301041 0.211134 -0.530051 0.176365 -0.869021 -0.462274 0.514345 
1533576564526 0.195194 0.925707 -0.323983 -0.554481 -0.953186 0.256841 0.159587 -0.198379 0.230943 0.277666 0.932506 0.359164 0.323118 -0.393496 0.860671 0.410393 -0.929998 -0.300407 0.2118 -0.530267 0.175209 -0.868859 -0.463018 0.517606 
1533576564651 0.197006 0.925734 -0.322808 -0.553438 -0.952985 0.258141 0.158689 -0.195956 0.230233 0.276369 0.933066 0.357041 0.323118 -0.393496 0.860671 0.410393 -0.929998 -0.300407 0.2118 -0.530267 0.175209 -0.868859 -0.463018 0.517606 
1533576564661 0.19629 0.925763 -0.323162 -0.55395 -0.953073 0.257599 0.159044 -0.197043 0.230483 0.276778 0.932883 0.358043 0.322215 -0.391906 0.861735 0.411723 -0.929901 -0.301589 0.210545 -0.529726 0.177376 -0.869168 -0.46161 0.511486 
1533576564680 0.195574 0.925791 -0.323516 -0.554459 -0.953161 0.257056 0.159396 -0.198127 0.230729 0.277189 0.932701 0.359045 0.322213 -0.391905 0.861736 0.411728 -0.929903 -0.30158 0.210547 -0.529724 0.177368 -0.869172 -0.461606 0.511469 
1533576564695 0.194856 0.925818 -0.32387 -0.554965 -0.953249 0.256511 0.159742 -0.199206 0.230968 0.277602 0.932518 0.360046 0.322213 -0.391905 0.861736 0.411728 -0.929903 -0.30158 0.210547 -0.529724 0.177368 -0.869172 -0.461606 0.511469 
1533576564711 0.194137 0.925845 -0.324224 -0.55547 -0.95334 0.255963 0.160084 -0.200282 0.231202 0.278018 0.932337 0.361048 0.322213 -0.391905 0.861736 0.411728 -0.929903 -0.30158 0.210547 -0.529724 0.177368 -0.869172 -0.461606 0.511469 
1533576564728 0.193416 0.925872 -0.324579 -0.555972 -0.953431 0.255412 0.160421 -0.201353 0.231431 0.278435 0.932155 0.362049 0.322213 -0.391905 0.861736 0.411728 -0.929903 -0.30158 0.210547 -0.529724 0.177368 -0.869172 -0.461606 0.511469 
1533576564745 0.192694 0.925898 -0.324934 -0.556472 -0.953523 0.254858 0.160753 -0.202421 0.231653 0.278856 0.931974 0.363051 0.322213 -0.391905 0.861736 0.411728 -0.929903 -0.30158 0.210547 -0.529724 0.177368 -0.869172 -0.461606 0.511469 
1533576564761 0.191971 0.925923 -0.325289 -0.55697 -0.953616 0.254302 0.16108 -0.203485 0.23187 0.279278 0.931794 0.364051 0.322213 -0.391905 0.861736 0.411728 -0.929903 -0.30158 0.210547 -0.529724 0.177368 -0.869172 -0.461606 0.511469 
1533576564778 0.191241 0.925949 -0.325646 -0.557457 -0.953714 0.253736 0.161395 -0.204532 0.232072 0.279708 0.931615 0.365033 0.322214 -0.391905 0.861736 0.411726 -0.929902 -0.301584 0.210546 -0.529725 0.177372 -0.86917 -0.461608 0.511477 
1533576564795 0.192531 0.925881 -0.325079 -0.555881 -0.953525 0.254767 0.160887 -0.200893 0.231781 0.278996 0.931901 0.361878 0.322632 -0.392635 0.861247 0.411179 -0.929946 -0.301045 0.211124 -0.530043 0.176379 -0.869028 -0.462256 0.514266 
1533576564920 0.194782 0.925901 -0.323679 -0.554466 -0.953257 0.256418 0.159849 -0.198247 0.231002 0.277413 0.932566 0.35922 0.322632 -0.392635 0.861247 0.411179 -0.929946 -0.301045 0.211124 -0.530043 0.176379 -0.869028 -0.462256 0.514266 
1533576564931 0.194044 0.92595 -0.32398 -0.554947 -0.95334 0.255855 0.160253 -0.199255 0.231278 0.277766 0.932393 0.36016 0.321836 -0.391259 0.862171 0.412106 -0.929866 -0.302052 0.210033 -0.529319 0.178243 -0.869299 -0.46103 0.509023 
1533576564948 0.193306 0.926 -0.32428 -0.555426 -0.953424 0.25529 0.160652 -0.200259 0.231549 0.278121 0.93222 0.361099 0.321834 -0.391258 0.862172 0.41211 -0.929868 -0.302044 0.210035 -0.529315 0.178236 -0.869303 -0.461026 0.509009 
1533576564965 0.192566 0.926049 -0.32458 -0.555903 -0.953509 0.254723 0.161047 -0.20126 0.231816 0.278478 0.932047 0.362039 0.321834 -0.391258 0.862172 0.41211 -0.929868 -0.302044 0.210035 -0.529315 0.178236 -0.869303 -0.461026 0.509009 
1533576564981 0.191825 0.926097 -0.32488 -0.556378 -0.953595 0.254154 0.161438 -0.202257 0.232077 0.278836 0.931875 0.362978 0.321834 -0.391258 0.862172 0.41211 -0.929868 -0.302044 0.210035 -0.529315 0.178236 -0.869303 -0.461026 0.509009 
1533576564998 0.191083 0.926145 -0.325181 -0.556852 -0.953682 0.253582 0.161824 -0.20325 0.232332 0.279197 0.931703 0.363917 0.321834 -0.391258 0.862172 0.41211 -0.929868 -0.302044 0.210035 -0.529315 0.178236 -0.869303 -0.461026 0.509009 
1533576565015 0.190339 0.926193 -0.325481 -0.557323 -0.953769 0.253009 0.162205 -0.20424 0.232583 0.27956 0.931532 0.364856 0.321834 -0.391258 0.862172 0.41211 -0.929868 -0.302044 0.210035 -0.529315 0.178236 -0.869303 -0.461026 0.509009 
1533576565032 0.189595 0.92624 -0.325782 -0.557792 -0.953858 0.252432 0.162582 -0.205226 0.232828 0.279925 0.931361 0.365794 0.321834 -0.391258 0.862172 0.41211 -0.929868 -0.302044 0.210035 -0.529315 0.178236 -0.869303 -0.461026 0.509009 
1533576565048 0.188844 0.926287 -0.326084 -0.558251 -0.953951 0.251847 0.162947 -0.206198 0.233059 0.280297 0.931191 0.366714 0.321835 -0.391258 0.862171 0.412108 -0.929867 -0.302048 0.210034 -0.529317 0.178239 -0.869301 -0.461028 0.509015 
1533576565065 0.190041 0.926226 -0.325562 -0.556763 -0.953784 0.252796 0.162452 -0.202708 0.232768 0.279643 0.931461 0.363793 0.322204 -0.39189 0.861746 0.411739 -0.929903 -0.301587 0.210537 -0.529715 0.177384 -0.869176 -0.461592 0.51141 
1533576565184 0.192592 0.925981 -0.324757 -0.555785 -0.95343 0.254867 0.161286 -0.20087 0.232118 0.278571 0.931944 0.361798 0.322204 -0.39189 0.861746 0.411739 -0.929903 -0.301587 0.210537 -0.529715 0.177384 -0.869176 -0.461592 0.51141 
1533576565195 0.191859 0.926055 -0.32498 -0.556233 -0.95352 0.254286 0.161674 -0.201798 0.232357 0.278857 0.931799 0.362664 0.321499 -0.390697 0.862551 0.412341 -0.929838 -0.302449 0.209583 -0.528847 0.178994 -0.869414 -0.460522 0.506901 
1533576565211 0.191124 0.926129 -0.325204 -0.556679 -0.95361 0.253702 0.162058 -0.202722 0.232592 0.279144 0.931654 0.363529 0.321497 -0.390696 0.862552 0.412343 -0.92984 -0.302442 0.209585 -0.528843 0.178988 -0.869417 -0.460519 0.506889 
1533576565228 0.190389 0.926202 -0.325427 -0.557123 -0.953701 0.253115 0.162438 -0.203643 0.232821 0.279434 0.93151 0.364394 0.321497 -0.390696 0.862552 0.412343 -0.92984 -0.302442 0.209585 -0.528843 0.178988 -0.869417 -0.460519 0.506889 
1533576565245 0.189652 0.926274 -0.32565 -0.557565 -0.953793 0.252527 0.162815 -0.204561 0.233046 0.279725 0.931367 0.365259 0.321497 -0.390696 0.862552 0.412343 -0.92984 -0.302442 0.209585 -0.528843 0.178988 -0.869417 -0.460519 0.506889 
1533576565261 0.188914 0.926347 -0.325873 -0.558006 -0.953886 0.251936 0.163187 -0.205476 0.233267 0.280017 0.931223 0.366123 0.321497 -0.390696 0.862552 0.412343 -0.92984 -0.302442 0.209585 -0.528843 0.178988 -0.869417 -0.460519 0.506889 
1533576565279 0.188174 0.926419 -0.326096 -0.558445 -0.953979 0.251343 0.163555 -0.206388 0.233482 0.280312 0.931081 0.366987 0.321497 -0.390696 0.862552 0.412343 -0.92984 -0.302442 0.209585 -0.528843 0.178988 -0.869417 -0.460519 0.506889 
1533576565295 0.187434 0.92649 -0.326319 -0.558882 -0.954073 0.250748 0.163919 -0.207297 0.233693 0.280608 0.930939 0.367851 0.321497 -0.390696 0.862552 0.412343 -0.92984 -0.302442 0.209585 -0.528843 0.178988 -0.869417 -0.460519 0.506889 
1533576565311 0.186688 0.926562 -0.326544 -0.559309 -0.954171 0.250144 0.164272 -0.208192 0.233891 0.280911 0.930797 0.368697 0.321498 -0.390696 0.862552 0.412342 -0.929839 -0.302445 0.209584 -0.528845 0.178991 -0.869416 -0.46052 0.506895 
1533576565328 0.187779 0.926506 -0.326078 -0.557906 -0.954027 0.251004 0.163798 -0.204896 0.233606 0.280329 0.931044 0.366053 0.321826 -0.391245 0.862181 0.412117 -0.929868 -0.302049 0.210026 -0.529305 0.17825 -0.869306 -0.461014 0.508958 
1533576565466 0.18998 0.92635 -0.325244 -0.556714 -0.953791 0.252689 0.162578 -0.202695 0.232789 0.279329 0.93155 0.363906 0.321826 -0.391245 0.862181 0.412117 -0.929868 -0.302049 0.210026 -0.529305 0.17825 -0.869306 -0.461014 0.508958 
1533576565478 0.18933 0.926415 -0.325438 -0.557139 -0.953864 0.252178 0.162939 -0.203589 0.233018 0.279574 0.931419 0.364706 0.321198 -0.390207 0.862885 0.412456 -0.929816 -0.302791 0.209187 -0.528327 0.179647 -0.869515 -0.460077 0.505066 
1533576565495 0.188678 0.92648 -0.325631 -0.557561 -0.953939 0.251664 0.163297 -0.204479 0.233241 0.279822 0.931289 0.365504 0.321196 -0.390206 0.862886 0.412457 -0.929818 -0.302784 0.209188 -0.528323 0.179642 -0.869518 -0.460074 0.505057 
1533576565511 0.188025 0.926545 -0.325825 -0.557982 -0.954014 0.251148 0.163651 -0.205367 0.23346 0.280071 0.931159 0.366303 0.321196 -0.390206 0.862886 0.412457 -0.929818 -0.302784 0.209188 -0.528323 0.179642 -0.869518 -0.460074 0.505057 
1533576565528 0.187371 0.926609 -0.326018 -0.558402 -0.95409 0.25063 0.164002 -0.206252 0.233676 0.280321 0.931029 0.367101 0.321196 -0.390206 0.862886 0.412457 -0.929818 -0.302784 0.209188 -0.528323 0.179642 -0.869518 -0.460074 0.505057 
1533576565545 0.186716 0.926673 -0.326211 -0.558819 -0.954167 0.25011 0.164349 -0.207134 0.233886 0.280573 0.930901 0.367898 0.321196 -0.390206 0.862886 0.412457 -0.929818 -0.302784 0.209188 -0.528323 0.179642 -0.869518 -0.460074 0.505057 
1533576565562 0.186059 0.926737 -0.326404 -0.559235 -0.954244 0.249588 0.164693 -0.208013 0.234093 0.280827 0.930772 0.368695 0.321196 -0.390206 0.862886 0.412457 -0.929818 -0.302784 0.209188 -0.528323 0.179642 -0.869518 -0.460074 0.505057 
1533576565578 0.185402 0.926801 -0.326597 -0.55965 -0.954323 0.249063 0.165033 -0.208889 0.234296 0.281082 0.930644 0.369492 0.321196 -0.390206 0.862886 0.412457 -0.929818 -0.302784 0.209188 -0.528323 0.179642 -0.869518 -0.460074 0.505057 
1533576565595 0.184739 0.926865 -0.326791 -0.560055 -0.954404 0.248531 0.165363 -0.209752 0.234487 0.281342 0.930517 0.370273 0.321197 -0.390207 0.862885 0.412457 -0.929817 -0.302787 0.209188 -0.528325 0.179644 -0.869516 -0.460075 0.505061 
1533576565611 0.185799 0.926799 -0.326378 -0.558714 -0.954265 0.249374 0.164897 -0.206632 0.234217 0.280813 0.930745 0.367853 0.32149 -0.390685 0.86256 0.412347 -0.929841 -0.302446 0.209577 -0.528831 0.178999 -0.86942 -0.460508 0.506846 
1533576565739 0.187673 0.926614 -0.325832 -0.557881 -0.953994 0.250925 0.164108 -0.204919 0.233824 0.280043 0.931076 0.366063 0.32149 -0.390685 0.86256 0.412347 -0.929841 -0.302446 0.209577 -0.528831 0.178999 -0.86942 -0.460508 0.506846 
1533576565751 0.187087 0.926677 -0.325988 -0.558282 -0.954064 0.250456 0.164419 -0.205767 0.234009 0.280253 0.930966 0.366792 0.320928 -0.389779 0.863179 0.412476 -0.929799 -0.303087 0.208835 -0.52777 0.180218 -0.869604 -0.459685 0.503472 
1533576565768 0.1865 0.92674 -0.326145 -0.55868 -0.954134 0.249985 0.164728 -0.206612 0.234191 0.280464 0.930857 0.36752 0.320926 -0.389778 0.86318 0.412476 -0.929801 -0.303081 0.208836 -0.527765 0.180213 -0.869606 -0.459683 0.503465 
1533576565785 0.185911 0.926803 -0.326301 -0.559078 -0.954205 0.249512 0.165034 -0.207454 0.23437 0.280677 0.930748 0.368247 0.320926 -0.389778 0.86318 0.412476 -0.929801 -0.303081 0.208836 -0.527765 0.180213 -0.869606 -0.459683 0.503465 
1533576565802 0.185322 0.926866 -0.326457 -0.559473 -0.954277 0.249037 0.165336 -0.208294 0.234545 0.28089 0.930639 0.368975 0.320926 -0.389778 0.86318 0.412476 -0.929801 -0.303081 0.208836 -0.527765 0.180213 -0.869606 -0.459683 0.503465 
1533576565818 0.184732 0.926929 -0.326613 -0.559868 -0.954349 0.24856 0.165636 -0.209131 0.234716 0.281105 0.930531 0.369701 0.320926 -0.389778 0.86318 0.412476 -0.929801 -0.303081 0.208836 -0.527765 0.180213 -0.869606 -0.459683 0.503465 
1533576565835 0.18414 0.926992 -0.326769 -0.560261 -0.954422 0.248081 0.165933 -0.209966 0.234884 0.281321 0.930424 0.370428 0.320926 -0.389778 0.86318 0.412476 -0.929801 -0.303081 0.208836 -0.527765 0.180213 -0.869606 -0.459683 0.503465 
1533576565852 0.183547 0.927055 -0.326924 -0.560652 -0.954496 0.2476 0.166227 -0.210798 0.235048 0.281538 0.930317 0.371153 0.320926 -0.389778 0.86318 0.412476 -0.929801 -0.303081 0.208836 -0.527765 0.180213 -0.869606 -0.459683 0.503465 
1533576565868 0.182949 0.927118 -0.327081 -0.561034 -0.954573 0.247111 0.166511 -0.211618 0.235201 0.28176 0.930211 0.371865 0.320927 -0.389779 0.863179 0.412476 -0.9298 -0.303083 0.208836 -0.527768 0.180216 -0.869605 -0.459684 0.503468 
1533576565885 0.183951 0.927047 -0.326721 -0.559755 -0.954444 0.247913 0.166062 -0.208691 0.234946 0.281289 0.930418 0.369676 0.32119 -0.390197 0.862893 0.412459 -0.929819 -0.302788 0.209181 -0.52831 0.179652 -0.86952 -0.460065 0.505019 
1533576566006 0.185876 0.926822 -0.326267 -0.558695 -0.954244 0.249435 0.164928 -0.206687 0.234242 0.280682 0.930778 0.367866 0.32119 -0.390197 0.862893 0.412459 -0.929819 -0.302788 0.209181 -0.52831 0.179652 -0.86952 -0.460065 0.505019 
1533576566018 0.185329 0.926887 -0.326396 -0.559078 -0.954305 0.248997 0.165233 -0.207491 0.234424 0.280859 0.930679 0.368537 0.320684 -0.389404 0.863439 0.412418 -0.929786 -0.303344 0.208521 -0.527186 0.18072 -0.869682 -0.45934 0.502083 
1533576566035 0.18478 0.926951 -0.326525 -0.55946 -0.954368 0.248557 0.165536 -0.208292 0.234603 0.281037 0.93058 0.369208 0.320682 -0.389403 0.86344 0.412417 -0.929788 -0.303338 0.208521 -0.527181 0.180715 -0.869684 -0.459337 0.502077 
1533576566051 0.184231 0.927015 -0.326653 -0.559841 -0.954431 0.248115 0.165835 -0.209091 0.234779 0.281216 0.930482 0.369877 0.320682 -0.389403 0.86344 0.412417 -0.929788 -0.303338 0.208521 -0.527181 0.180715 -0.869684 -0.459337 0.502077 
1533576566068 0.18368 0.927079 -0.326781 -0.56022 -0.954494 0.247671 0.166132 -0.209888 0.234952 0.281396 0.930384 0.370547 0.320682 -0.389403 0.86344 0.412417 -0.929788 -0.303338 0.208521 -0.527181 0.180715 -0.869684 -0.459337 0.502077 
1533576566085 0.183128 0.927143 -0.326909 -0.560598 -0.954559 0.247225 0.166427 -0.210682 0.235121 0.281577 0.930286 0.371215 0.320682 -0.389403 0.86344 0.412417 -0.929788 -0.303338 0.208521 -0.527181 0.180715 -0.869684 -0.459337 0.502077 
1533576566102 0.182575 0.927207 -0.327037 -0.560974 -0.954624 0.246777 0.166718 -0.211474 0.235288 0.281759 0.930189 0.371884 0.320682 -0.389403 0.86344 0.412417 -0.929788 -0.303338 0.208521 -0.527181 0.180715 -0.869684 -0.459337 0.502077 
1533576566119 0.18202 0.927271 -0.327165 -0.561349 -0.954689 0.246327 0.167007 -0.212264 0.23545 0.281942 0.930092 0.372551 0.320682 -0.389403 0.86344 0.412417 -0.929788 -0.303338 0.208521 -0.527181 0.180715 -0.869684 -0.459337 0.502077 
1533576566135 0.181461 0.927335 -0.327293 -0.561716 -0.954758 0.245869 0.167288 -0.213042 0.235603 0.28213 0.929997 0.373206 0.320683 -0.389404 0.863439 0.412418 -0.929787 -0.303341 0.208521 -0.527183 0.180717 -0.869683 -0.459339 0.502079 
1533576566151 0.182413 0.92726 -0.326977 -0.560484 -0.954637 0.246634 0.16685 -0.210263 0.235357 0.281709 0.930187 0.37121 0.32092 -0.38977 0.863186 0.412475 -0.929801 -0.303084 0.20883 -0.527751 0.180222 -0.869609 -0.459675 0.503433 
1533576566282 0.183516 0.927176 -0.326598 -0.559634 -0.954546 0.247459 0.16615 -0.20846 0.23487 0.281262 0.930445 0.369474 0.32092 -0.38977 0.863186 0.412475 -0.929801 -0.303084 0.20883 -0.527751 0.180222 -0.869609 -0.459675 0.503433 
1533576566295 0.183072 0.927226 -0.326706 -0.56 -0.954589 0.247112 0.16642 -0.209241 0.235042 0.281404 0.930359 0.370091 0.320463 -0.389073 0.86367 0.412299 -0.929776 -0.303568 0.208238 -0.526582 0.181163 -0.869752 -0.459033 0.500865 
1533576566311 0.182625 0.927276 -0.326814 -0.560364 -0.954633 0.246762 0.166689 -0.21002 0.235212 0.281546 0.930273 0.370707 0.320461 -0.389073 0.863671 0.412298 -0.929778 -0.303563 0.208238 -0.526577 0.181159 -0.869754 -0.459031 0.500861 
1533576566328 0.182178 0.927326 -0.326922 -0.560728 -0.954677 0.24641 0.166955 -0.210797 0.235379 0.281689 0.930187 0.371323 0.320461 -0.389073 0.863671 0.412298 -0.929778 -0.303563 0.208238 -0.526577 0.181159 -0.869754 -0.459031 0.500861 
1533576566345 0.18173 0.927376 -0.327029 -0.561089 -0.954722 0.246057 0.16722 -0.211572 0.235543 0.281833 0.930102 0.371938 0.320461 -0.389073 0.863671 0.412298 -0.929778 -0.303563 0.208238 -0.526577 0.181159 -0.869754 -0.459031 0.500861 
1533576566362 0.18128 0.927426 -0.327137 -0.56145 -0.954767 0.245701 0.167482 -0.212344 0.235705 0.281978 0.930017 0.372553 0.320461 -0.389073 0.863671 0.412298 -0.929778 -0.303563 0.208238 -0.526577 0.181159 -0.869754 -0.459031 0.500861 
1533576566378 0.18083 0.927476 -0.327244 -0.561809 -0.954814 0.245344 0.167741 -0.213114 0.235863 0.282124 0.929933 0.373167 0.320461 -0.389073 0.863671 0.412298 -0.929778 -0.303563 0.208238 -0.526577 0.181159 -0.869754 -0.459031 0.500861 
