1535384943773 0.211374 0.92115 -0.326808 -0.488045 -0.944215 0.278838 0.175237 -0.178521 0.252546 0.271537 0.928702 0.463742 0.139916 -0.159005 0.977313 0.404358 -0.99004 -0.0380425 0.135549 -0.479455 0.0156266 -0.986545 -0.162744 0.45353 
1535384943786 0.217155 0.921421 -0.322221 -0.502993 -0.94303 0.283272 0.174504 -0.184548 0.252068 0.26597 0.930442 0.454785 0.142572 -0.155199 0.977541 0.402075 -0.989784 -0.0224294 0.140797 -0.480018 7.41086e-05 -0.987629 -0.156812 0.45228 
1535384944641 0.222928 0.92164 -0.31762 -0.517943 -0.941819 0.287703 0.173795 -0.190579 0.251557 0.260396 0.932155 0.445825 0.145287 -0.151431 0.977732 0.399792 -0.989269 -0.00679021 0.14595 -0.48058 -0.0154623 -0.988445 -0.150792 0.451031 
1535384945553 0.228691 0.921807 -0.313005 -0.532895 -0.940581 0.292129 0.173109 -0.19661 0.251011 0.254818 0.933842 0.436865 0.148059 -0.147703 0.977887 0.397509 -0.988493 0.00887026 0.151004 -0.481143 -0.0309778 -0.988992 -0.14469 0.449781 
1535384946439 0.234446 0.921921 -0.308377 -0.547846 -0.939318 0.296552 0.172446 -0.202642 0.250432 0.249235 0.935503 0.427905 0.150886 -0.144015 0.978005 0.395226 -0.987458 0.0245476 0.155959 -0.481705 -0.0464681 -0.989271 -0.138505 0.448532 
1535384947337 0.240191 0.921983 -0.303737 -0.562797 -0.93803 0.300971 0.171805 -0.208673 0.249817 0.243648 0.937138 0.418945 0.153769 -0.14037 0.978086 0.392943 -0.986164 0.0402371 0.160814 -0.482268 -0.0619287 -0.989281 -0.13224 0.447282 
1535384948240 0.245927 0.921992 -0.299085 -0.57775 -0.936715 0.305385 0.171187 -0.214705 0.249169 0.238057 0.938746 0.409985 0.156706 -0.136768 0.97813 0.390661 -0.984611 0.0559345 0.165566 -0.482831 -0.0773552 -0.989023 -0.125898 0.446033 
1535384949174 0.251653 0.921948 -0.29442 -0.592701 -0.935375 0.309795 0.170591 -0.220736 0.248486 0.232464 0.940327 0.401026 0.159698 -0.133209 0.978137 0.388378 -0.9828 0.0716351 0.170215 -0.483393 -0.0927431 -0.988496 -0.119478 0.444783 
1535384950176 0.257369 0.921851 -0.289745 -0.607651 -0.934009 0.314201 0.170018 -0.226766 0.247769 0.226867 0.941882 0.392066 0.162741 -0.129696 0.978107 0.386095 -0.98073 0.0873347 0.174758 -0.483956 -0.108088 -0.9877 -0.112984 0.443534 
1535384951101 0.263074 0.921702 -0.285057 -0.622603 -0.932617 0.3186 0.169467 -0.232798 0.247018 0.221267 0.943411 0.383107 0.165836 -0.126229 0.978041 0.383812 -0.978404 0.103029 0.179195 -0.484518 -0.123386 -0.986636 -0.106417 0.442284 
1535384952189 0.263756 0.921314 -0.285679 -0.622382 -0.932456 0.319338 0.168966 -0.23299 0.246899 0.221817 0.943312 0.383277 0.16527 -0.126764 0.978068 0.384207 -0.978768 0.100826 0.178457 -0.484475 -0.121236 -0.986795 -0.10741 0.442312 
1535384952298 0.264258 0.921335 -0.285147 -0.623895 -0.932331 0.319705 0.168962 -0.233572 0.246834 0.221202 0.943474 0.382365 0.168723 -0.125974 0.97758 0.384184 -0.979039 0.0933724 0.181007 -0.484869 -0.114081 -0.98763 -0.10758 0.442462 
1535384952663 0.26476 0.921356 -0.284616 -0.625413 -0.932206 0.32007 0.168959 -0.234156 0.246768 0.220587 0.943635 0.381452 0.172169 -0.125158 0.977084 0.384161 -0.979248 0.0859167 0.183556 -0.485263 -0.106921 -0.98841 -0.107769 0.442612 
1535384953021 0.265261 0.921376 -0.284084 -0.62693 -0.932081 0.320436 0.168956 -0.23474 0.246703 0.219972 0.943796 0.380539 0.175608 -0.124316 0.97658 0.384139 -0.979393 0.0784584 0.186101 -0.485658 -0.0997561 -0.989136 -0.107976 0.442762 
1535384953353 0.265762 0.921395 -0.283552 -0.628447 -0.931956 0.320802 0.168953 -0.235324 0.246637 0.219357 0.943956 0.379626 0.179039 -0.123447 0.976067 0.384116 -0.979476 0.070998 0.188643 -0.486053 -0.0925862 -0.989808 -0.108202 0.442912 
1535384953678 0.266263 0.921414 -0.283021 -0.629965 -0.93183 0.321167 0.16895 -0.235908 0.24657 0.218742 0.944116 0.378713 0.182462 -0.122552 0.975545 0.384093 -0.979496 0.063536 0.191182 -0.486447 -0.0854121 -0.990426 -0.108447 0.443062 
1535384954012 0.266764 0.921432 -0.282488 -0.631483 -0.931704 0.321533 0.168948 -0.236492 0.246504 0.218127 0.944276 0.377799 0.185876 -0.121632 0.975016 0.384071 -0.979454 0.0560729 0.193717 -0.486842 -0.0782342 -0.99099 -0.10871 0.443212 
1535384954392 0.267264 0.92145 -0.281956 -0.633002 -0.931579 0.321898 0.168946 -0.237077 0.246437 0.217511 0.944435 0.376886 0.189283 -0.120685 0.974478 0.384048 -0.979349 0.0486092 0.196249 -0.487236 -0.0710529 -0.9915 -0.108992 0.443362 
1535384954751 0.267765 0.921467 -0.281424 -0.634518 -0.931453 0.322264 0.168944 -0.23766 0.246369 0.216896 0.944594 0.375973 0.192681 -0.119713 0.973932 0.384025 -0.979181 0.0411452 0.198776 -0.487631 -0.0638687 -0.991956 -0.109293 0.443512 
1535384955111 0.268266 0.921484 -0.280892 -0.636037 -0.931327 0.322629 0.168942 -0.238245 0.246302 0.216281 0.944753 0.37506 0.196069 -0.118715 0.973377 0.384003 -0.97895 0.0336816 0.2013 -0.488025 -0.0566821 -0.992357 -0.109612 0.443662 
1535384955502 0.268665 0.921249 -0.281282 -0.63583 -0.93121 0.323084 0.168717 -0.238327 0.246308 0.216604 0.944677 0.375133 0.195394 -0.118904 0.97349 0.384014 -0.979024 0.0347946 0.200754 -0.487956 -0.0577426 -0.992296 -0.109611 0.443655 
1535384955519 0.268088 0.921185 -0.282039 -0.636044 -0.931189 0.322836 0.169305 -0.238535 0.247013 0.217243 0.944346 0.3751 0.197157 -0.118655 0.973165 0.383897 -0.978889 0.0307563 0.202067 -0.488185 -0.0539073 -0.992459 -0.110087 0.443748 
1535384955772 0.26751 0.921122 -0.282795 -0.636263 -0.931168 0.322587 0.169893 -0.238745 0.247718 0.217882 0.944014 0.375066 0.198921 -0.118401 0.972837 0.383782 -0.978736 0.0267177 0.203378 -0.48842 -0.0500721 -0.992606 -0.110568 0.443841 
1535384956009 0.266931 0.921057 -0.283551 -0.636483 -0.931147 0.322338 0.170482 -0.238956 0.248423 0.21852 0.943682 0.375031 0.200683 -0.118139 0.972507 0.383667 -0.978565 0.022679 0.204688 -0.488656 -0.046237 -0.992738 -0.111055 0.443934 
1535384956252 0.266352 0.920993 -0.284306 -0.636702 -0.931125 0.32209 0.17107 -0.239166 0.249126 0.219159 0.943348 0.374997 0.202443 -0.117869 0.972175 0.383552 -0.978376 0.0186403 0.205994 -0.48889 -0.042402 -0.992854 -0.111547 0.444028 
1535384956501 0.265772 0.920927 -0.28506 -0.63692 -0.931102 0.321843 0.171659 -0.239375 0.24983 0.219798 0.943013 0.374963 0.204201 -0.117593 0.97184 0.383437 -0.978169 0.0146017 0.207298 -0.489123 -0.0385673 -0.992955 -0.112044 0.444121 
1535384956726 0.265191 0.920861 -0.285814 -0.63714 -0.931079 0.321595 0.172248 -0.239586 0.250533 0.220437 0.942678 0.374929 0.205959 -0.117309 0.971504 0.383322 -0.977944 0.0105632 0.208599 -0.489358 -0.0347329 -0.993039 -0.112546 0.444214 
1535384956956 0.26461 0.920793 -0.286568 -0.637358 -0.931055 0.321348 0.172837 -0.239796 0.251235 0.221076 0.942341 0.374895 0.207714 -0.117018 0.971165 0.383206 -0.977701 0.00652502 0.209898 -0.489592 -0.0308988 -0.993108 -0.113054 0.444307 
1535384957226 0.264028 0.920726 -0.287321 -0.637578 -0.93103 0.321102 0.173426 -0.240006 0.251937 0.221715 0.942003 0.37486 0.209467 -0.11672 0.970824 0.383091 -0.977441 0.00248717 0.211194 -0.489827 -0.0270652 -0.993162 -0.113566 0.4444 
1535384957461 0.263445 0.920658 -0.288073 -0.637796 -0.931005 0.320855 0.174015 -0.240216 0.252638 0.222354 0.941665 0.374826 0.21122 -0.116415 0.970481 0.382976 -0.977162 -0.00155052 0.212488 -0.49006 -0.023232 -0.993199 -0.114084 0.444493 
1535384957714 0.263898 0.920726 -0.287441 -0.637607 -0.931005 0.321055 0.173649 -0.240022 0.252167 0.221783 0.941926 0.374869 0.210659 -0.11662 0.970578 0.382985 -0.977258 -0.0004564 0.212054 -0.489955 -0.0242867 -0.993177 -0.114063 0.444455 
1535384957729 0.263398 0.920884 -0.287392 -0.637591 -0.931132 0.320582 0.173841 -0.240093 0.25222 0.221811 0.941905 0.374946 0.210915 -0.116545 0.970532 0.382887 -0.977232 -0.00169111 0.212168 -0.489983 -0.0230859 -0.993184 -0.114248 0.444474 
1535384957745 0.262954 0.921031 -0.287329 -0.637575 -0.93124 0.320162 0.174037 -0.240159 0.252285 0.221808 0.941888 0.375026 0.211195 -0.116464 0.970481 0.382788 -0.9772 -0.00297678 0.2123 -0.490018 -0.0218364 -0.99319 -0.114437 0.444494 
1535384957759 0.262511 0.921177 -0.287265 -0.637559 -0.931347 0.319743 0.174234 -0.240225 0.252351 0.221806 0.941871 0.375107 0.211475 -0.116383 0.970429 0.382688 -0.977166 -0.00426241 0.212432 -0.490052 -0.020587 -0.993195 -0.114627 0.444514 
1535384957929 0.262067 0.921323 -0.287202 -0.637544 -0.931454 0.319323 0.17443 -0.240291 0.252417 0.221803 0.941854 0.375187 0.211754 -0.116301 0.970378 0.382589 -0.977132 -0.00554789 0.212563 -0.490086 -0.0193377 -0.993199 -0.114816 0.444535 
1535384958001 0.261623 0.921469 -0.287138 -0.637529 -0.931561 0.318904 0.174627 -0.240357 0.252482 0.221801 0.941837 0.375267 0.212034 -0.116219 0.970327 0.38249 -0.977095 -0.00683353 0.212695 -0.490121 -0.0180884 -0.9932 -0.115006 0.444555 
1535384958113 0.261179 0.921615 -0.287074 -0.637514 -0.931668 0.318484 0.174823 -0.240423 0.252548 0.221798 0.94182 0.375347 0.212314 -0.116136 0.970276 0.382391 -0.977056 -0.00811914 0.212826 -0.490155 -0.016839 -0.9932 -0.115196 0.444575 
1535384958183 0.260735 0.92176 -0.287011 -0.637498 -0.931774 0.318064 0.175019 -0.240489 0.252614 0.221796 0.941803 0.375427 0.212593 -0.116054 0.970225 0.382292 -0.977016 -0.00940465 0.212956 -0.490189 -0.0155898 -0.993198 -0.115386 0.444595 
1535384958300 0.260291 0.921906 -0.286947 -0.637483 -0.931881 0.317644 0.175216 -0.240555 0.252679 0.221793 0.941786 0.375507 0.212873 -0.115971 0.970173 0.382193 -0.976975 -0.0106903 0.213088 -0.490223 -0.0143405 -0.993195 -0.115576 0.444615 
1535384958370 0.259847 0.922051 -0.286883 -0.637467 -0.931987 0.317224 0.175412 -0.240621 0.252745 0.221791 0.941769 0.375588 0.213152 -0.115887 0.970122 0.382094 -0.976931 -0.0119757 0.213217 -0.490257 -0.0130913 -0.99319 -0.115766 0.444636 
1535384958505 0.260522 0.921809 -0.287047 -0.637476 -0.931816 0.317883 0.175125 -0.240529 0.252679 0.221851 0.941773 0.375462 0.212931 -0.115919 0.970167 0.382216 -0.976961 -0.0106086 0.213155 -0.490172 -0.0144166 -0.993202 -0.115507 0.444676 
1535384958521 0.260091 0.922066 -0.286614 -0.637443 -0.931989 0.317344 0.175184 -0.240632 0.252487 0.221557 0.941893 0.375499 0.212413 -0.117876 0.970044 0.382156 -0.977031 -0.00825565 0.212939 -0.490186 -0.0170921 -0.992994 -0.116922 0.444868 
1535384958764 0.259661 0.922322 -0.286179 -0.637416 -0.932161 0.316806 0.175244 -0.240738 0.252295 0.221261 0.942014 0.375534 0.211887 -0.119832 0.96992 0.382096 -0.977094 -0.00590137 0.212725 -0.490197 -0.0197674 -0.992777 -0.118337 0.44506 
1535384959002 0.25923 0.922578 -0.285745 -0.637388 -0.932333 0.316267 0.175303 -0.240843 0.252103 0.220965 0.942135 0.375569 0.211357 -0.121786 0.969792 0.382036 -0.977151 -0.00354683 0.212515 -0.490208 -0.0224416 -0.99255 -0.119753 0.445251 
1535384959215 0.258799 0.922833 -0.28531 -0.637361 -0.932504 0.315728 0.175363 -0.240948 0.251911 0.220669 0.942256 0.375605 0.210821 -0.123738 0.969661 0.381975 -0.977202 -0.00119184 0.212308 -0.49022 -0.025115 -0.992314 -0.121169 0.445443 
1535384959439 0.258369 0.923088 -0.284876 -0.637334 -0.932675 0.315189 0.175421 -0.241054 0.251719 0.220373 0.942376 0.37564 0.21028 -0.125689 0.969528 0.381915 -0.977246 0.00116351 0.212105 -0.490231 -0.0277873 -0.992069 -0.122584 0.445635 
1535384959654 0.257938 0.923343 -0.284441 -0.637305 -0.932846 0.31465 0.17548 -0.241159 0.251527 0.220077 0.942497 0.375676 0.209734 -0.127638 0.969392 0.381855 -0.977284 0.00351936 0.211905 -0.490243 -0.0304588 -0.991815 -0.124001 0.445826 
1535384959888 0.257506 0.923597 -0.284006 -0.637278 -0.933017 0.314111 0.175538 -0.241265 0.251336 0.21978 0.942617 0.375711 0.209183 -0.129585 0.969252 0.381794 -0.977315 0.00587549 0.211708 -0.490255 -0.0331292 -0.991551 -0.125417 0.446018 
1535384960106 0.257075 0.92385 -0.283571 -0.63725 -0.933187 0.313572 0.175596 -0.24137 0.251145 0.219484 0.942737 0.375747 0.208626 -0.131531 0.96911 0.381734 -0.97734 0.00823201 0.211515 -0.490266 -0.0357985 -0.991278 -0.126833 0.44621 
1535384960327 0.256643 0.924104 -0.283136 -0.637223 -0.933358 0.313032 0.175654 -0.241476 0.250953 0.219187 0.942857 0.375782 0.208064 -0.133475 0.968965 0.381674 -0.977358 0.0105888 0.211325 -0.490278 -0.0384669 -0.990996 -0.12825 0.446401 
1535384960556 0.256973 0.923887 -0.283544 -0.637235 -0.933212 0.313472 0.175641 -0.241323 0.251156 0.219472 0.942737 0.375695 0.208267 -0.132645 0.969036 0.381683 -0.977344 0.00999958 0.211421 -0.490298 -0.037734 -0.991113 -0.127558 0.446326 
1535384960574 0.257404 0.923819 -0.283374 -0.637216 -0.933173 0.313781 0.175296 -0.241287 0.25086 0.219315 0.942852 0.375652 0.208264 -0.132374 0.969073 0.381694 -0.977351 0.00989096 0.211394 -0.490348 -0.0375681 -0.991151 -0.127316 0.446267 
1535384960714 0.257835 0.923751 -0.283205 -0.637191 -0.933134 0.314091 0.17495 -0.241248 0.250563 0.21916 0.942967 0.37561 0.208264 -0.132102 0.969111 0.381705 -0.977357 0.00978153 0.21137 -0.490402 -0.0374017 -0.991188 -0.127074 0.446208 
1535384960747 0.258266 0.923682 -0.283036 -0.637168 -0.933095 0.314401 0.174605 -0.24121 0.250266 0.219004 0.943082 0.375567 0.208263 -0.13183 0.969148 0.381716 -0.977364 0.00967216 0.211344 -0.490454 -0.0372353 -0.991225 -0.126832 0.446149 
1535384960854 0.258697 0.923614 -0.282866 -0.637143 -0.933055 0.31471 0.174259 -0.241172 0.249969 0.218849 0.943197 0.375525 0.208262 -0.131558 0.969185 0.381728 -0.97737 0.00956278 0.211319 -0.490507 -0.037069 -0.991262 -0.12659 0.446091 
1535384960899 0.259128 0.923545 -0.282697 -0.637119 -0.933015 0.31502 0.173914 -0.241133 0.249672 0.218694 0.943312 0.375483 0.208261 -0.131287 0.969222 0.381739 -0.977377 0.00945345 0.211294 -0.49056 -0.0369026 -0.991299 -0.126348 0.446032 
1535384960988 0.259559 0.923476 -0.282526 -0.637096 -0.932974 0.315329 0.173568 -0.241095 0.249375 0.218539 0.943426 0.37544 0.208261 -0.131015 0.969259 0.38175 -0.977383 0.00934401 0.211269 -0.490612 -0.0367362 -0.991336 -0.126106 0.445973 
1535384961040 0.259989 0.923407 -0.282357 -0.637071 -0.932934 0.315639 0.173223 -0.241056 0.249078 0.218384 0.94354 0.375398 0.20826 -0.130743 0.969296 0.381762 -0.97739 0.00923466 0.211244 -0.490665 -0.0365699 -0.991373 -0.125864 0.445914 
1535384961134 0.26042 0.923338 -0.282186 -0.637047 -0.932893 0.315949 0.172877 -0.241018 0.248781 0.218229 0.943655 0.375356 0.208258 -0.130471 0.969333 0.381773 -0.977396 0.00912527 0.211219 -0.490717 -0.0364035 -0.99141 -0.125622 0.445855 
1535384961191 0.26085 0.923268 -0.282016 -0.637022 -0.932852 0.316259 0.172532 -0.240979 0.248483 0.218074 0.943769 0.375313 0.208258 -0.1302 0.969369 0.381784 -0.977402 0.00901583 0.211194 -0.49077 -0.0362371 -0.991447 -0.12538 0.445797 
1535384961287 0.260075 0.923427 -0.282211 -0.637075 -0.932964 0.315647 0.173047 -0.241023 0.248876 0.218287 0.943616 0.375406 0.20835 -0.130852 0.969262 0.381765 -0.977369 0.00923371 0.21134 -0.490618 -0.0366041 -0.991359 -0.125967 0.445959 
1535384961314 0.260742 0.923306 -0.281992 -0.636892 -0.932874 0.316158 0.172597 -0.240899 0.248514 0.21806 0.943764 0.37543 0.208748 -0.130369 0.969241 0.381828 -0.977348 0.007527 0.211506 -0.490769 -0.0348693 -0.991437 -0.125845 0.445902 
1535384961327 0.26141 0.923184 -0.281773 -0.636705 -0.932784 0.31667 0.172145 -0.240773 0.248151 0.217833 0.943912 0.375455 0.209145 -0.129886 0.96922 0.381891 -0.977323 0.00582082 0.211674 -0.490922 -0.0331351 -0.991512 -0.125723 0.445846 
1535384961554 0.262077 0.923062 -0.281554 -0.636518 -0.932693 0.317182 0.171694 -0.240647 0.247788 0.217606 0.94406 0.37548 0.209542 -0.129402 0.969199 0.381954 -0.977295 0.00411472 0.211842 -0.491075 -0.0314007 -0.991584 -0.125602 0.445789 
1535384961726 0.262745 0.922939 -0.281335 -0.636331 -0.932602 0.317694 0.171243 -0.240521 0.247425 0.21738 0.944207 0.375505 0.209937 -0.128917 0.969178 0.382017 -0.977265 0.00240874 0.212009 -0.491227 -0.0296662 -0.991652 -0.125481 0.445733 
1535384961886 0.263412 0.922816 -0.281115 -0.636143 -0.93251 0.318207 0.170791 -0.240394 0.247061 0.217154 0.944354 0.37553 0.210332 -0.128432 0.969157 0.38208 -0.977231 0.000702771 0.212178 -0.49138 -0.0279315 -0.991718 -0.12536 0.445676 
1535384962053 0.264079 0.922692 -0.280894 -0.635957 -0.932418 0.318719 0.17034 -0.240268 0.246698 0.216928 0.944501 0.375555 0.210726 -0.127946 0.969136 0.382143 -0.977194 -0.00100308 0.212346 -0.491533 -0.0261967 -0.991781 -0.125239 0.44562 
1535384962228 0.264745 0.922568 -0.280674 -0.635769 -0.932325 0.319231 0.169889 -0.240142 0.246334 0.216702 0.944648 0.37558 0.211119 -0.127459 0.969114 0.382206 -0.977154 -0.00270889 0.212515 -0.491685 -0.0244618 -0.99184 -0.125119 0.445563 
1535384962408 0.265412 0.922444 -0.280453 -0.635582 -0.932231 0.319743 0.169438 -0.240016 0.24597 0.216476 0.944795 0.375605 0.211512 -0.126972 0.969093 0.382269 -0.977111 -0.00441457 0.212683 -0.491838 -0.0227267 -0.991896 -0.124999 0.445507 
1535384962573 0.266078 0.922319 -0.280232 -0.635394 -0.932137 0.320255 0.168987 -0.239889 0.245606 0.216251 0.944941 0.37563 0.211903 -0.126484 0.969071 0.382332 -0.977065 -0.00612013 0.212852 -0.491991 -0.0209915 -0.99195 -0.12488 0.44545 
1535384962767 0.265486 0.922431 -0.280425 -0.63557 -0.932237 0.319784 0.169326 -0.239958 0.245867 0.216469 0.944823 0.375602 0.211671 -0.126891 0.969069 0.382291 -0.977091 -0.00505358 0.212762 -0.491934 -0.0221003 -0.991904 -0.125054 0.445416 
1535384962781 0.265734 0.922373 -0.28038 -0.635217 -0.932212 0.319973 0.169107 -0.239819 0.245694 0.216436 0.944876 0.375726 0.211945 -0.127 0.968995 0.382332 -0.977062 -0.00650029 0.212857 -0.49205 -0.0207341 -0.991881 -0.125464 0.445422 
1535384962797 0.265983 0.922315 -0.280336 -0.63486 -0.932187 0.320163 0.168888 -0.239678 0.245521 0.216404 0.944928 0.375851 0.212219 -0.127109 0.96892 0.382373 -0.97703 -0.00794603 0.212953 -0.492167 -0.0193691 -0.991857 -0.125875 0.445429 
1535384963024 0.266231 0.922257 -0.280292 -0.634502 -0.932162 0.320352 0.168668 -0.239536 0.245347 0.216373 0.94498 0.375976 0.212494 -0.127217 0.968846 0.382414 -0.976997 -0.00939174 0.213048 -0.492284 -0.0180042 -0.99183 -0.126286 0.445435 
1535384963213 0.266479 0.922198 -0.280248 -0.634145 -0.932136 0.320541 0.168449 -0.239396 0.245174 0.216341 0.945032 0.3761 0.212769 -0.127325 0.968771 0.382455 -0.976961 -0.0108375 0.213143 -0.4924 -0.0166394 -0.991802 -0.126697 0.445441 
1535384963219 0.266728 0.92214 -0.280204 -0.633787 -0.932111 0.320731 0.16823 -0.239254 0.245001 0.216309 0.945084 0.376225 0.213043 -0.127432 0.968697 0.382496 -0.976923 -0.0122831 0.213237 -0.492517 -0.0152746 -0.991771 -0.127109 0.445447 
1535384963470 0.266976 0.922082 -0.28016 -0.633429 -0.932085 0.32092 0.16801 -0.239113 0.244828 0.216278 0.945137 0.376351 0.213319 -0.127539 0.968622 0.382537 -0.976884 -0.0137289 0.21333 -0.492634 -0.01391 -0.991738 -0.12752 0.445454 
1535384963644 0.267225 0.922023 -0.280115 -0.633072 -0.93206 0.321109 0.167791 -0.238972 0.244655 0.216246 0.945189 0.376475 0.213594 -0.127646 0.968547 0.382578 -0.976842 -0.0151745 0.213423 -0.492751 -0.0125454 -0.991704 -0.127931 0.44546 
1535384963841 0.267473 0.921964 -0.280071 -0.632714 -0.932034 0.321299 0.167572 -0.23883 0.244482 0.216215 0.945241 0.3766 0.213869 -0.127752 0.968473 0.382619 -0.976798 -0.0166202 0.213515 -0.492867 -0.0111809 -0.991667 -0.128343 0.445466 
1535384964021 0.267721 0.921906 -0.280027 -0.632356 -0.932008 0.321488 0.167353 -0.23869 0.244309 0.216183 0.945293 0.376725 0.214144 -0.127858 0.968398 0.38266 -0.976753 -0.0180658 0.213607 -0.492984 -0.00981651 -0.991628 -0.128755 0.445473 
1535384964242 0.267453 0.92198 -0.280038 -0.632586 -0.932079 0.321239 0.167438 -0.238687 0.244333 0.216235 0.945274 0.37661 0.213764 -0.127606 0.968515 0.382583 -0.976819 -0.0163566 0.213441 -0.492873 -0.0113947 -0.99169 -0.128144 0.445475 
1535384964254 0.267439 0.921839 -0.280516 -0.632136 -0.931937 0.321441 0.167836 -0.238539 0.244887 0.216537 0.945062 0.376773 0.214071 -0.128994 0.968263 0.382656 -0.976722 -0.014346 0.21403 -0.493016 -0.013718 -0.991542 -0.129063 0.445544 
1535384964450 0.267426 0.921697 -0.280994 -0.631682 -0.931796 0.321644 0.168232 -0.23839 0.245439 0.216839 0.944849 0.376937 0.214377 -0.130383 0.96801 0.38273 -0.976619 -0.0123369 0.214622 -0.493159 -0.0160408 -0.991387 -0.129979 0.445613 
1535384964672 0.267412 0.921555 -0.281472 -0.631228 -0.931654 0.321847 0.168628 -0.23824 0.245991 0.217141 0.944636 0.377101 0.214679 -0.131772 0.967755 0.382803 -0.976512 -0.0103286 0.215215 -0.493302 -0.0183638 -0.991226 -0.130894 0.445682 
1535384964883 0.267398 0.921413 -0.28195 -0.630773 -0.931512 0.32205 0.169024 -0.23809 0.246543 0.217444 0.944423 0.377265 0.214977 -0.133161 0.967498 0.382877 -0.9764 -0.00832106 0.21581 -0.493445 -0.0206869 -0.991059 -0.131808 0.445751 
1535384965092 0.267384 0.921271 -0.282429 -0.630319 -0.93137 0.322253 0.16942 -0.23794 0.247095 0.217746 0.944209 0.377429 0.215273 -0.134551 0.96724 0.38295 -0.976283 -0.0063144 0.216407 -0.493588 -0.0230103 -0.990887 -0.132719 0.44582 
1535384965292 0.267369 0.921128 -0.282907 -0.629865 -0.931228 0.322456 0.169815 -0.237791 0.247647 0.218047 0.943995 0.377592 0.215565 -0.135942 0.966981 0.383024 -0.976161 -0.00430853 0.217005 -0.493731 -0.0253338 -0.990707 -0.13363 0.445889 
1535384965522 0.267354 0.920986 -0.283385 -0.62941 -0.931085 0.322659 0.170211 -0.237641 0.248199 0.218349 0.94378 0.377756 0.215854 -0.137332 0.96672 0.383097 -0.976034 -0.00230356 0.217606 -0.493874 -0.0276575 -0.990522 -0.134538 0.445958 
1535384965723 0.267339 0.920843 -0.283863 -0.628956 -0.930942 0.322863 0.170606 -0.237491 0.24875 0.21865 0.943565 0.37792 0.216139 -0.138723 0.966457 0.383171 -0.975902 -0.000299388 0.218208 -0.494017 -0.0299813 -0.990331 -0.135445 0.446027 
1535384965938 0.267323 0.9207 -0.284341 -0.628502 -0.930799 0.323066 0.171001 -0.237342 0.249302 0.218952 0.94335 0.378084 0.216421 -0.140115 0.966193 0.383244 -0.975765 0.00170391 0.218812 -0.494161 -0.0323052 -0.990134 -0.136351 0.446096 
1535384966173 0.267241 0.920833 -0.283987 -0.628712 -0.930881 0.32287 0.170924 -0.237342 0.249083 0.21868 0.94347 0.37805 0.216295 -0.139321 0.966336 0.383221 -0.975838 0.000501487 0.218494 -0.49407 -0.0309254 -0.990247 -0.135846 0.446105 
1535384966186 0.26722 0.92079 -0.284145 -0.628256 -0.930732 0.323016 0.171459 -0.237184 0.249661 0.218646 0.943326 0.378183 0.216718 -0.139953 0.96615 0.383305 -0.975726 0.000874174 0.218993 -0.494202 -0.0314934 -0.990158 -0.136367 0.446107 
1535384966338 0.267209 0.920744 -0.284304 -0.627812 -0.930584 0.323168 0.171978 -0.237029 0.250226 0.218615 0.943183 0.378309 0.217143 -0.140587 0.965963 0.383389 -0.975613 0.00124619 0.219493 -0.494334 -0.0320617 -0.990068 -0.136888 0.44611 
1535384966543 0.267198 0.920698 -0.284463 -0.627369 -0.930435 0.32332 0.172498 -0.236874 0.250791 0.218584 0.94304 0.378435 0.217566 -0.14122 0.965775 0.383474 -0.9755 0.00161789 0.219994 -0.494466 -0.0326301 -0.989977 -0.137408 0.446112 
1535384966746 0.267187 0.920652 -0.284623 -0.626926 -0.930286 0.323472 0.173017 -0.236719 0.251356 0.218553 0.942897 0.378561 0.21799 -0.141854 0.965587 0.383558 -0.975386 0.00198925 0.220494 -0.494599 -0.0331988 -0.989886 -0.137929 0.446115 
1535384966947 0.267176 0.920606 -0.284782 -0.626482 -0.930136 0.323624 0.173536 -0.236564 0.251921 0.218522 0.942754 0.378687 0.218413 -0.142488 0.965398 0.383643 -0.975272 0.00236033 0.220995 -0.494731 -0.0337677 -0.989794 -0.138449 0.446117 
1535384967143 0.267165 0.92056 -0.284942 -0.626039 -0.929986 0.323776 0.174056 -0.236409 0.252486 0.21849 0.94261 0.378812 0.218835 -0.143122 0.965208 0.383727 -0.975157 0.002731 0.221496 -0.494864 -0.0343368 -0.989701 -0.138968 0.44612 
1535384967348 0.267153 0.920514 -0.285101 -0.625595 -0.929836 0.323928 0.174575 -0.236254 0.253051 0.218459 0.942465 0.378938 0.219257 -0.143755 0.965018 0.383812 -0.975042 0.00310141 0.221997 -0.494996 -0.0349062 -0.989608 -0.139488 0.446122 
1535384967541 0.267142 0.920468 -0.28526 -0.625152 -0.929685 0.32408 0.175094 -0.236099 0.253615 0.218427 0.942321 0.379064 0.219679 -0.144389 0.964828 0.383896 -0.974927 0.00347148 0.222498 -0.495129 -0.0354757 -0.989515 -0.140007 0.446125 
1535384967719 0.26713 0.920422 -0.28542 -0.624708 -0.929534 0.324232 0.175613 -0.235944 0.25418 0.218396 0.942176 0.37919 0.2201 -0.145024 0.964637 0.38398 -0.974811 0.00384117 0.222999 -0.495261 -0.0360455 -0.989421 -0.140525 0.446127 
1535384967936 0.267006 0.920502 -0.285278 -0.624935 -0.929644 0.324022 0.175418 -0.23598 0.253909 0.218369 0.942255 0.379163 0.219714 -0.144497 0.964804 0.383935 -0.974911 0.00366428 0.222565 -0.495143 -0.0356952 -0.989498 -0.140066 0.446151 
1535384967948 0.26699 0.920429 -0.28553 -0.624635 -0.929564 0.324128 0.175647 -0.235847 0.254219 0.218522 0.942136 0.379254 0.220107 -0.142956 0.964944 0.383946 -0.974918 0.00120559 0.222561 -0.495226 -0.0329796 -0.989728 -0.139105 0.445987 
1535384968151 0.266975 0.920354 -0.285783 -0.62433 -0.929483 0.324235 0.175876 -0.235712 0.254529 0.218676 0.942017 0.379346 0.220496 -0.141413 0.965082 0.383958 -0.974918 -0.00125292 0.222559 -0.49531 -0.0302636 -0.98995 -0.138142 0.445824 
1535384968356 0.266959 0.92028 -0.286037 -0.624026 -0.929403 0.324342 0.176105 -0.235577 0.25484 0.21883 0.941897 0.379438 0.220881 -0.139869 0.965219 0.383969 -0.974912 -0.00371147 0.222561 -0.495394 -0.027547 -0.990163 -0.13718 0.44566 
1535384968575 0.266944 0.920206 -0.28629 -0.623721 -0.929322 0.324449 0.176334 -0.235442 0.25515 0.218984 0.941777 0.37953 0.221262 -0.138324 0.965355 0.383981 -0.974898 -0.00617 0.222565 -0.495478 -0.0248298 -0.990368 -0.136217 0.445497 
1535384968794 0.266929 0.920132 -0.286543 -0.623416 -0.929241 0.324556 0.176563 -0.235307 0.25546 0.219138 0.941657 0.379623 0.221639 -0.136777 0.965489 0.383992 -0.974878 -0.00862849 0.222572 -0.495562 -0.022112 -0.990564 -0.135254 0.445333 
1535384968998 0.266913 0.920057 -0.286796 -0.623112 -0.92916 0.324663 0.176792 -0.235172 0.255771 0.219292 0.941537 0.379714 0.222011 -0.13523 0.965621 0.384004 -0.974851 -0.0110869 0.22258 -0.495645 -0.0193938 -0.990752 -0.13429 0.445169 
1535384969234 0.266897 0.919983 -0.28705 -0.622806 -0.929079 0.32477 0.177021 -0.235037 0.256081 0.219446 0.941417 0.379807 0.222379 -0.133681 0.965752 0.384015 -0.974818 -0.0135451 0.222591 -0.495729 -0.016675 -0.990932 -0.133327 0.445006 
1535384969476 0.266882 0.919908 -0.287303 -0.622502 -0.928998 0.324877 0.177249 -0.234902 0.256391 0.219599 0.941297 0.379899 0.222743 -0.132131 0.965881 0.384027 -0.974777 -0.0160034 0.222605 -0.495813 -0.0139557 -0.991103 -0.132363 0.444842 
1535384969701 0.266866 0.919834 -0.287556 -0.622196 -0.928917 0.324984 0.177478 -0.234766 0.256701 0.219753 0.941176 0.379991 0.223102 -0.13058 0.966009 0.384038 -0.97473 -0.0184614 0.222621 -0.495897 -0.011236 -0.991266 -0.131399 0.444679 
1535384969955 0.266834 0.919938 -0.287251 -0.622408 -0.928969 0.324858 0.177438 -0.234814 0.256547 0.2195 0.941277 0.379994 0.222987 -0.131234 0.965947 0.384009 -0.974745 -0.0176155 0.222625 -0.495845 -0.0122003 -0.991195 -0.131848 0.444725 
1535384969997 0.266722 0.919933 -0.287373 -0.62218 -0.928927 0.324839 0.177692 -0.234736 0.256815 0.219554 0.941192 0.38006 0.223509 -0.129432 0.96607 0.384012 -0.974657 -0.02013 0.222799 -0.495951 -0.0093904 -0.991384 -0.130651 0.44455 
1535384970285 0.266611 0.919927 -0.287496 -0.621948 -0.928885 0.324819 0.177947 -0.234655 0.257082 0.219608 0.941106 0.380127 0.224028 -0.127629 0.966189 0.384015 -0.97456 -0.0226442 0.222978 -0.496059 -0.00657987 -0.991563 -0.129455 0.444374 
1535384970515 0.2665 0.91992 -0.287618 -0.621717 -0.928843 0.3248 0.178202 -0.234575 0.25735 0.219662 0.941021 0.380193 0.224542 -0.125824 0.966307 0.384018 -0.974457 -0.0251579 0.22316 -0.496167 -0.00376866 -0.991734 -0.128259 0.444199 
1535384970764 0.266388 0.919914 -0.287741 -0.621485 -0.928801 0.324781 0.178457 -0.234494 0.257618 0.219715 0.940935 0.38026 0.22505 -0.124018 0.966422 0.384022 -0.974347 -0.0276711 0.223345 -0.496274 -0.000956794 -0.991894 -0.127064 0.444024 
1535384971025 0.266277 0.919908 -0.287864 -0.621252 -0.928758 0.324762 0.178711 -0.234413 0.257885 0.219769 0.940849 0.380327 0.225553 -0.12221 0.966535 0.384025 -0.974229 -0.0301837 0.223532 -0.496382 0.0018557 -0.992045 -0.125868 0.443849 
1535384971265 0.266165 0.919902 -0.287987 -0.621021 -0.928716 0.324743 0.178966 -0.234333 0.258153 0.219823 0.940763 0.380394 0.226051 -0.1204 0.966646 0.384028 -0.974104 -0.0326957 0.223723 -0.49649 0.00466881 -0.992187 -0.124673 0.443674 
1535384971518 0.266054 0.919896 -0.288109 -0.620788 -0.928673 0.324724 0.179221 -0.234252 0.258421 0.219877 0.940677 0.380461 0.226544 -0.118589 0.966754 0.384032 -0.973972 -0.0352071 0.223917 -0.496598 0.00748249 -0.992319 -0.123479 0.443498 
1535384971759 0.265942 0.91989 -0.288232 -0.620557 -0.928631 0.324705 0.179476 -0.234172 0.258688 0.219931 0.940591 0.380527 0.227032 -0.116777 0.966861 0.384035 -0.973833 -0.0377179 0.224114 -0.496705 0.0102967 -0.992442 -0.122284 0.443323 
1535384972016 0.265831 0.919884 -0.288354 -0.620325 -0.928588 0.324686 0.179731 -0.234092 0.258956 0.219984 0.940504 0.380594 0.227515 -0.114963 0.966965 0.384038 -0.973686 -0.0402281 0.224313 -0.496813 0.0131115 -0.992555 -0.12109 0.443148 
1535384972285 0.266121 0.919849 -0.288196 -0.620513 -0.928578 0.32487 0.179451 -0.23423 0.258694 0.219857 0.940606 0.380542 0.227391 -0.115642 0.966913 0.384069 -0.973725 -0.0396179 0.224255 -0.496739 0.0123739 -0.992501 -0.121612 0.443236 
1535384972302 0.266202 0.919834 -0.288169 -0.620323 -0.928559 0.324938 0.179425 -0.23415 0.258679 0.219818 0.94062 0.38059 0.227651 -0.115783 0.966835 0.384079 -0.973664 -0.0396735 0.224508 -0.496834 0.0123634 -0.992482 -0.121766 0.443261 
1535384972321 0.266284 0.919818 -0.288144 -0.620128 -0.92854 0.325008 0.179399 -0.234067 0.258663 0.219782 0.940632 0.380639 0.227914 -0.115914 0.966757 0.38409 -0.973603 -0.0397421 0.224763 -0.496933 0.0123677 -0.992464 -0.121912 0.443284 
1535384972439 0.266366 0.919803 -0.288119 -0.619931 -0.928521 0.325077 0.179372 -0.233984 0.258647 0.219746 0.940645 0.380688 0.228179 -0.116045 0.966679 0.384102 -0.973541 -0.0398109 0.225019 -0.497031 0.012372 -0.992446 -0.122059 0.443307 
1535384972554 0.266448 0.919787 -0.288093 -0.619737 -0.928502 0.325146 0.179345 -0.233902 0.258632 0.219709 0.940658 0.380737 0.228442 -0.116176 0.966601 0.384114 -0.973479 -0.0398796 0.225274 -0.497129 0.0123762 -0.992428 -0.122205 0.44333 
1535384972628 0.26653 0.919771 -0.288068 -0.619541 -0.928482 0.325216 0.179319 -0.233819 0.258616 0.219672 0.940671 0.380787 0.228706 -0.116307 0.966523 0.384126 -0.973417 -0.0399484 0.22553 -0.497227 0.0123803 -0.99241 -0.122352 0.443353 
1535384972740 0.266611 0.919755 -0.288043 -0.619345 -0.928463 0.325285 0.179292 -0.233736 0.258601 0.219636 0.940684 0.380836 0.228969 -0.116438 0.966445 0.384137 -0.973355 -0.0400172 0.225785 -0.497326 0.0123844 -0.992391 -0.122498 0.443376 
1535384972846 0.266693 0.919739 -0.288018 -0.619151 -0.928444 0.325354 0.179265 -0.233653 0.258585 0.219599 0.940696 0.380885 0.229233 -0.116569 0.966366 0.384149 -0.973293 -0.0400861 0.226041 -0.497423 0.0123885 -0.992373 -0.122645 0.443399 
1535384972935 0.266775 0.919724 -0.287992 -0.618956 -0.928425 0.325424 0.179239 -0.233571 0.258569 0.219563 0.940709 0.380934 0.229496 -0.1167 0.966288 0.38416 -0.973231 -0.0401549 0.226296 -0.497521 0.0123925 -0.992355 -0.122791 0.443422 
1535384973053 0.266857 0.919708 -0.287967 -0.61876 -0.928406 0.325493 0.179212 -0.233488 0.258554 0.219526 0.940722 0.380983 0.22976 -0.116831 0.96621 0.384172 -0.973168 -0.0402238 0.226551 -0.49762 0.0123965 -0.992337 -0.122938 0.443445 
1535384973163 0.266581 0.919799 -0.28793 -0.619015 -0.92846 0.325244 0.179382 -0.233491 0.258643 0.219511 0.940701 0.380931 0.229437 -0.116644 0.966309 0.38418 -0.973243 -0.0402497 0.226225 -0.497417 0.0125061 -0.992358 -0.122757 0.443393 
1535384973187 0.266757 0.919784 -0.287816 -0.618843 -0.928494 0.325318 0.179071 -0.2334 0.258338 0.219467 0.940795 0.380977 0.22937 -0.116703 0.966318 0.384171 -0.973259 -0.0402099 0.226162 -0.497477 0.0124618 -0.992353 -0.122805 0.443405 
1535384973200 0.266933 0.919768 -0.287703 -0.618666 -0.928528 0.325392 0.17876 -0.233307 0.258034 0.219423 0.940889 0.381025 0.229305 -0.116763 0.966326 0.384163 -0.973275 -0.0401696 0.226101 -0.497538 0.0124168 -0.992347 -0.122853 0.443416 
1535384973237 0.26711 0.919752 -0.28759 -0.61849 -0.928562 0.325466 0.178448 -0.233214 0.257729 0.21938 0.940983 0.381072 0.22924 -0.116822 0.966334 0.384154 -0.973291 -0.0401292 0.22604 -0.497599 0.0123718 -0.992342 -0.122901 0.443428 
1535384973378 0.267286 0.919736 -0.287477 -0.618313 -0.928596 0.32554 0.178136 -0.233121 0.257424 0.219336 0.941076 0.38112 0.229176 -0.116882 0.966342 0.384145 -0.973307 -0.0400889 0.225979 -0.49766 0.0123268 -0.992336 -0.122949 0.443439 
1535384973442 0.267463 0.91972 -0.287364 -0.618136 -0.92863 0.325615 0.177825 -0.233028 0.257119 0.219293 0.94117 0.381167 0.22911 -0.116942 0.96635 0.384137 -0.973323 -0.0400485 0.225917 -0.497721 0.0122818 -0.992331 -0.122998 0.443451 
1535384973560 0.267639 0.919704 -0.287251 -0.61796 -0.928663 0.325689 0.177513 -0.232935 0.256814 0.21925 0.941263 0.381214 0.229046 -0.117001 0.966358 0.384128 -0.973339 -0.0400082 0.225856 -0.497781 0.0122368 -0.992326 -0.123046 0.443463 
1535384973615 0.267816 0.919688 -0.287138 -0.617782 -0.928697 0.325763 0.177201 -0.232842 0.256509 0.219207 0.941356 0.381262 0.228981 -0.117061 0.966367 0.38412 -0.973355 -0.0399679 0.225795 -0.497842 0.0121918 -0.99232 -0.123094 0.443474 
1535384973736 0.267992 0.919672 -0.287024 -0.617606 -0.92873 0.325838 0.17689 -0.232749 0.256204 0.219163 0.941449 0.381309 0.228917 -0.117121 0.966375 0.384111 -0.97337 -0.0399276 0.225735 -0.497903 0.0121468 -0.992315 -0.123142 0.443486 
1535384973791 0.268168 0.919656 -0.286911 -0.617428 -0.928763 0.325912 0.176578 -0.232655 0.255899 0.21912 0.941542 0.381357 0.228851 -0.117181 0.966383 0.384103 -0.973386 -0.0398872 0.225673 -0.497964 0.0121018 -0.992309 -0.12319 0.443497 
1535384973952 0.267892 0.919674 -0.287115 -0.617654 -0.928717 0.325795 0.177037 -0.232734 0.256357 0.219221 0.941394 0.381266 0.228958 -0.116917 0.96639 0.384133 -0.973359 -0.040017 0.225767 -0.497835 0.0122761 -0.992335 -0.122964 0.443504 
1535384973977 0.26787 0.91966 -0.287178 -0.617396 -0.928735 0.325777 0.176978 -0.232609 0.256316 0.219305 0.941386 0.381356 0.228731 -0.117568 0.966364 0.384127 -0.973423 -0.0392083 0.225632 -0.497932 0.0113625 -0.992291 -0.123411 0.443567 
1535384973992 0.267848 0.919646 -0.287244 -0.617134 -0.928752 0.325759 0.176918 -0.232481 0.256275 0.219391 0.941377 0.381448 0.228504 -0.11822 0.966338 0.384122 -0.973487 -0.0383999 0.225497 -0.49803 0.0104492 -0.992245 -0.12386 0.44363 
1535384974199 0.267826 0.919632 -0.28731 -0.616871 -0.92877 0.325741 0.176859 -0.232354 0.256234 0.219477 0.941368 0.381539 0.228278 -0.118871 0.966312 0.384116 -0.973549 -0.0375916 0.225364 -0.498128 0.00953593 -0.992198 -0.124308 0.443693 
1535384974366 0.267804 0.919617 -0.287375 -0.616608 -0.928787 0.325724 0.176799 -0.232227 0.256193 0.219563 0.941359 0.38163 0.22805 -0.119522 0.966285 0.38411 -0.973611 -0.0367829 0.225229 -0.498226 0.00862284 -0.99215 -0.124757 0.443756 
1535384974529 0.267783 0.919603 -0.287441 -0.616345 -0.928805 0.325706 0.17674 -0.232099 0.256152 0.219649 0.94135 0.381722 0.227822 -0.120174 0.966258 0.384104 -0.973672 -0.0359743 0.225096 -0.498323 0.00770983 -0.992101 -0.125205 0.443819 
1535384974661 0.267761 0.919589 -0.287507 -0.616083 -0.928823 0.325688 0.17668 -0.231972 0.256111 0.219735 0.941342 0.381813 0.227593 -0.120824 0.966231 0.384099 -0.973733 -0.0351654 0.224963 -0.498421 0.00679693 -0.992051 -0.125654 0.443883 
1535384974812 0.267739 0.919575 -0.287573 -0.61582 -0.92884 0.32567 0.176621 -0.231844 0.25607 0.219821 0.941333 0.381904 0.227365 -0.121475 0.966203 0.384093 -0.973792 -0.0343566 0.224831 -0.498519 0.00588413 -0.992 -0.126103 0.443946 
1535384974940 0.267717 0.919561 -0.287638 -0.615558 -0.928858 0.325652 0.176561 -0.231717 0.256029 0.219907 0.941324 0.381995 0.227134 -0.122125 0.966176 0.384087 -0.973851 -0.0335475 0.224698 -0.498616 0.00497143 -0.991948 -0.126552 0.444009 
1535384975091 0.267696 0.919546 -0.287704 -0.615294 -0.928875 0.325635 0.176501 -0.231589 0.255988 0.219993 0.941315 0.382087 0.226905 -0.122776 0.966147 0.384082 -0.973909 -0.0327385 0.224567 -0.498714 0.00405884 -0.991894 -0.127001 0.444072 
1535384975258 0.267613 0.91957 -0.287704 -0.61552 -0.928914 0.325543 0.176467 -0.231667 0.255934 0.220027 0.941321 0.381941 0.227158 -0.122105 0.966173 0.384077 -0.973845 -0.0336443 0.22471 -0.498588 0.00506804 -0.991947 -0.126554 0.443965 
1535384975278 0.26771 0.919533 -0.287732 -0.615193 -0.928867 0.325658 0.176505 -0.231543 0.256004 0.220013 0.941306 0.382026 0.22716 -0.122075 0.966176 0.384077 -0.973847 -0.0330365 0.224789 -0.498735 0.00447791 -0.991971 -0.126387 0.443928 
1535384975292 0.267809 0.919495 -0.287761 -0.614863 -0.928819 0.325774 0.176542 -0.231417 0.256075 0.219999 0.94129 0.382112 0.227162 -0.122046 0.966179 0.384077 -0.973849 -0.0324298 0.224869 -0.498882 0.00388865 -0.991994 -0.126221 0.44389 
1535384975483 0.267908 0.919458 -0.287791 -0.614533 -0.928771 0.32589 0.176579 -0.231291 0.256145 0.219985 0.941274 0.382198 0.227165 -0.122017 0.966182 0.384076 -0.973851 -0.0318231 0.224949 -0.499029 0.00329939 -0.992018 -0.126055 0.443853 
1535384975653 0.268006 0.91942 -0.28782 -0.614202 -0.928723 0.326007 0.176616 -0.231164 0.256216 0.219971 0.941258 0.382284 0.227168 -0.121987 0.966185 0.384076 -0.973852 -0.0312164 0.225029 -0.499177 0.00271013 -0.992041 -0.125889 0.443815 
1535384975821 0.268105 0.919382 -0.287849 -0.613872 -0.928675 0.326123 0.176653 -0.231039 0.256286 0.219956 0.941242 0.382369 0.22717 -0.121958 0.966188 0.384076 -0.973853 -0.0306096 0.225109 -0.499324 0.00212086 -0.992063 -0.125723 0.443778 
1535384975983 0.268203 0.919344 -0.287878 -0.613541 -0.928627 0.326239 0.17669 -0.230912 0.256356 0.219943 0.941226 0.382456 0.227173 -0.121929 0.966191 0.384076 -0.973853 -0.0300029 0.225188 -0.499471 0.0015316 -0.992085 -0.125557 0.443741 
1535384976147 0.268302 0.919306 -0.287907 -0.613211 -0.928579 0.326355 0.176728 -0.230786 0.256427 0.219928 0.94121 0.382541 0.227176 -0.1219 0.966194 0.384076 -0.973853 -0.0293961 0.225268 -0.499618 0.000942339 -0.992107 -0.12539 0.443703 
1535384976311 0.2684 0.919268 -0.287937 -0.612879 -0.928531 0.326472 0.176765 -0.230659 0.256497 0.219915 0.941194 0.382627 0.227179 -0.12187 0.966197 0.384076 -0.973853 -0.0287894 0.225347 -0.499766 0.000353081 -0.992128 -0.125224 0.443666 
1535384976477 0.268499 0.91923 -0.287966 -0.612549 -0.928483 0.326588 0.176802 -0.230533 0.256568 0.2199 0.941178 0.382713 0.227181 -0.121841 0.966201 0.384076 -0.973852 -0.0281826 0.225427 -0.499913 -0.000236183 -0.992149 -0.125058 0.443628 
1535384976677 0.268697 0.919164 -0.287991 -0.612739 -0.928442 0.326768 0.176687 -0.230765 0.25651 0.219908 0.941192 0.382696 0.227162 -0.12197 0.966189 0.384059 -0.973857 -0.0290453 0.225298 -0.499756 0.000583519 -0.992109 -0.12538 0.443622 
1535384976699 0.26881 0.919117 -0.288035 -0.61246 -0.928315 0.326965 0.176988 -0.230641 0.25685 0.219811 0.941122 0.382765 0.227348 -0.122696 0.966053 0.384089 -0.973814 -0.0287111 0.225528 -0.499897 6.50514e-05 -0.992029 -0.126011 0.443699 
1535384976710 0.268924 0.91907 -0.288079 -0.612176 -0.928188 0.327162 0.177289 -0.230514 0.25719 0.219715 0.941052 0.382836 0.227533 -0.123422 0.965917 0.38412 -0.97377 -0.0283768 0.225757 -0.50004 -0.000453759 -0.991949 -0.126641 0.443776 
1535384976887 0.269037 0.919023 -0.288124 -0.611893 -0.928061 0.32736 0.17759 -0.230388 0.25753 0.219618 0.940982 0.382906 0.227719 -0.124147 0.96578 0.384151 -0.973727 -0.0280426 0.225987 -0.500183 -0.000972692 -0.991867 -0.127271 0.443853 
1535384977036 0.269151 0.918976 -0.288168 -0.611608 -0.927934 0.327557 0.177891 -0.230261 0.257869 0.219521 0.940911 0.382977 0.227903 -0.124873 0.965643 0.384182 -0.973683 -0.0277086 0.226218 -0.500327 -0.00149174 -0.991786 -0.127901 0.44393 
