1530656525407 0.275657 -0.8825 0.381061 -0.604483 0.633204 0.464965 0.618757 -0.181741 -0.723233 0.0707247 0.686973 0.426588 -0.0559842 -0.995053 -0.0820661 0.447012 -0.141527 0.0892739 -0.985901 -0.50117 0.98835 -0.0435803 -0.145825 0.446413 
1530656525414 0.300885 -0.922898 0.240265 0.225257 -0.138768 -0.291628 -0.946412 -0.486344 0.94351 0.25142 -0.215815 0.468712 -0.0521904 -0.995051 -0.0845581 0.440978 -0.142293 0.0912193 -0.985612 -0.500178 0.988448 -0.0394075 -0.146349 0.445778 
1530656525421 0.242825 -0.925174 0.291699 0.16152 0.102786 -0.274468 -0.956087 -0.435487 0.964609 0.262144 0.0284473 0.461493 -0.0483988 -0.995027 -0.0870522 0.434943 -0.143066 0.0931617 -0.985319 -0.499181 0.988529 -0.0352341 -0.146864 0.445141 
1530656526071 0.185198 -0.926148 0.328559 0.0634541 0.340052 -0.25329 -0.905654 -0.39584 0.921991 0.279452 0.26803 0.437571 -0.0446085 -0.994983 -0.0895478 0.428908 -0.143847 0.0951003 -0.98502 -0.498185 0.988594 -0.0310591 -0.147367 0.444503 
1530656526531 0.108749 -0.933954 0.340446 -0.0100477 0.566676 -0.223137 -0.793151 -0.393705 0.816732 0.279177 0.504984 0.453534 -0.0408194 -0.994918 -0.0920449 0.422873 -0.144635 0.0970351 -0.984716 -0.497188 0.988643 -0.0268826 -0.147861 0.443866 
1530656526989 0.0372286 -0.940161 0.33869 -0.098386 0.750403 -0.197521 -0.630778 -0.379776 0.659932 0.277637 0.698146 0.449359 -0.037031 -0.994832 -0.0945436 0.416838 -0.14543 0.0989662 -0.984406 -0.496191 0.988675 -0.022704 -0.148343 0.443229 
1530656527452 -0.0276971 -0.946596 0.321231 -0.198397 0.888256 -0.170708 -0.426451 -0.355415 0.458513 0.273524 0.845547 0.440016 -0.0332447 -0.994725 -0.0970435 0.410803 -0.146233 0.100893 -0.984092 -0.495194 0.988691 -0.0185249 -0.148816 0.442592 
1530656527937 -0.0860491 -0.953826 0.28777 -0.298191 0.970276 -0.145805 -0.193145 -0.330411 0.226186 0.262597 0.938021 0.431334 -0.0294599 -0.994597 -0.0995446 0.404768 -0.147043 0.102817 -0.983772 -0.494198 0.988691 -0.0143445 -0.149277 0.441955 
1530656528415 -0.133997 -0.961333 0.240591 -0.397711 0.990741 -0.124607 0.053898 -0.305255 -0.0218346 0.245585 0.969129 0.423196 -0.0256773 -0.994448 -0.102047 0.398739 -0.14786 0.104736 -0.983447 -0.493209 0.988675 -0.0101636 -0.149729 0.441321 
1530656528897 -0.168046 -0.968645 0.182994 -0.493233 0.94835 -0.108189 0.298206 -0.280336 -0.269058 0.223654 0.936796 0.414797 -0.0219183 -0.994279 -0.104544 0.392881 -0.148685 0.106648 -0.983117 -0.492322 0.988642 -0.00600418 -0.150172 0.440726 
1530656529381 -0.168046 -0.968645 0.182994 -0.493233 0.94835 -0.108189 0.298206 -0.280336 -0.269058 0.223654 0.936796 0.414797 -0.0216991 -0.994357 -0.103847 0.393457 -0.148838 0.105927 -0.983172 -0.4922 0.988623 -0.00587748 -0.150297 0.440927 
1530656529391 0.280755 -0.928413 0.243364 0.287768 -0.14415 -0.291475 -0.945655 -0.485421 0.948893 0.230416 -0.215663 0.482452 -0.0213402 -0.994331 -0.104169 0.392777 -0.148905 0.106191 -0.983133 -0.4921 0.988621 -0.00546901 -0.150327 0.440838 
1530656529456 0.230219 -0.928641 0.290905 0.201887 0.100587 -0.274625 -0.956276 -0.456571 0.967926 0.249414 0.0301848 0.473161 -0.0209823 -0.994305 -0.10449 0.392098 -0.148972 0.106455 -0.983094 -0.492 0.988619 -0.00506145 -0.150358 0.44075 
1530656529615 0.170645 -0.930795 0.323267 0.101621 0.342906 -0.251472 -0.905084 -0.431197 0.92374 0.265299 0.276262 0.465824 -0.0206244 -0.994278 -0.104811 0.391418 -0.14904 0.10672 -0.983055 -0.491901 0.988616 -0.00465392 -0.150388 0.440661 
1530656529622 0.105023 -0.934666 0.339661 0.00120975 0.564008 -0.225325 -0.794433 -0.405891 0.819064 0.275005 0.503494 0.457314 -0.0202666 -0.994252 -0.105132 0.390739 -0.149107 0.106984 -0.983017 -0.491801 0.988613 -0.00424642 -0.150418 0.440573 
1530656529784 0.0375019 -0.940025 0.339037 -0.0987905 0.749589 -0.197903 -0.631625 -0.380798 0.66084 0.277826 0.697211 0.447832 -0.0199088 -0.994225 -0.105453 0.390059 -0.149175 0.107248 -0.982978 -0.491701 0.98861 -0.00383889 -0.150449 0.440484 
1530656530014 -0.0276228 -0.946572 0.321307 -0.198535 0.888121 -0.170761 -0.426711 -0.355532 0.458779 0.273572 0.845387 0.439595 -0.0195511 -0.994198 -0.105774 0.389379 -0.149243 0.107511 -0.982938 -0.491601 0.988607 -0.00343147 -0.150479 0.440395 
1530656530191 -0.0860291 -0.953825 0.287779 -0.298229 0.970274 -0.145793 -0.193166 -0.330328 0.226203 0.262606 0.938014 0.431354 -0.0191933 -0.994171 -0.106095 0.3887 -0.14931 0.107775 -0.982899 -0.491502 0.988604 -0.00302392 -0.150509 0.440307 
1530656530351 -0.134011 -0.961334 0.240579 -0.39775 0.990739 -0.124621 0.0539045 -0.305195 -0.0218391 0.245575 0.969132 0.423216 -0.0188354 -0.994143 -0.106416 0.388021 -0.149379 0.108039 -0.98286 -0.491403 0.988601 -0.00261619 -0.150539 0.440219 
1530656530519 -0.168354 -0.968609 0.182902 -0.493437 0.948258 -0.108471 0.298397 -0.280353 -0.26919 0.223675 0.936753 0.414453 -0.0184803 -0.994115 -0.106738 0.387361 -0.149446 0.108303 -0.982821 -0.491315 0.988597 -0.00221124 -0.150569 0.440135 
1530656530690 -0.168354 -0.968609 0.182902 -0.493437 0.948258 -0.108471 0.298397 -0.280353 -0.26919 0.223675 0.936753 0.414453 -0.0187424 -0.994138 -0.106486 0.387717 -0.1494 0.108094 -0.982851 -0.491354 0.988599 -0.00251195 -0.15055 0.44019 
1530656530706 0.280859 -0.928369 0.243412 0.288043 -0.144209 -0.291562 -0.945619 -0.483956 0.948853 0.230484 -0.215767 0.481724 -0.0161239 -0.994776 -0.100803 0.387559 -0.151002 0.102082 -0.983249 -0.491594 0.988402 -0.000632437 -0.151859 0.440503 
1530656530972 0.230386 -0.928601 0.2909 0.201489 0.100464 -0.274647 -0.956282 -0.456577 0.967899 0.24954 0.0300161 0.473433 -0.0134951 -0.995375 -0.0951177 0.3874 -0.152587 0.0960623 -0.98361 -0.491834 0.988198 0.0012398 -0.153178 0.440816 
1530656531235 0.170719 -0.930775 0.323285 0.101413 0.342841 -0.251486 -0.905105 -0.431262 0.92375 0.265354 0.276175 0.465959 -0.0108578 -0.995934 -0.0894337 0.387242 -0.154156 0.090037 -0.983936 -0.492075 0.987987 0.00310339 -0.154507 0.441129 
1530656531502 0.105057 -0.934654 0.339682 0.00111837 0.563968 -0.225339 -0.794457 -0.40593 0.819086 0.275033 0.503442 0.457344 -0.00821127 -0.996453 -0.0837502 0.387083 -0.155709 0.0840056 -0.984224 -0.492315 0.987769 0.00495892 -0.155846 0.441442 
1530656531765 0.0375184 -0.940026 0.339034 -0.0987622 0.749587 -0.19789 -0.631632 -0.380778 0.660842 0.277833 0.697207 0.447782 -0.00555534 -0.996933 -0.0780666 0.386925 -0.157245 0.0779675 -0.984477 -0.492555 0.987544 0.00680649 -0.157196 0.441755 
1530656532034 -0.027607 -0.946571 0.321313 -0.198486 0.888123 -0.170749 -0.426711 -0.355503 0.458776 0.273585 0.845385 0.439569 -0.00289109 -0.997373 -0.072385 0.386766 -0.158765 0.071925 -0.984693 -0.492795 0.987312 0.00864536 -0.158556 0.442068 
1530656532307 -0.0860265 -0.953822 0.287791 -0.298203 0.970274 -0.145793 -0.193166 -0.330305 0.226204 0.262619 0.93801 0.431364 -0.000218 -0.997773 -0.066704 0.386608 -0.160268 0.0658766 -0.984873 -0.493035 0.987073 0.0104758 -0.159926 0.44238 
1530656532574 -0.134026 -0.96133 0.240587 -0.397753 0.990737 -0.124634 0.053909 -0.305179 -0.021839 0.245584 0.969129 0.423237 0.00246364 -0.998133 -0.0610236 0.386449 -0.161755 0.0598224 -0.985016 -0.493272 0.986828 0.0122976 -0.161306 0.442692 
1530656532845 -0.168508 -0.96858 0.182917 -0.493507 0.948228 -0.108606 0.298444 -0.280366 -0.269201 0.223737 0.936735 0.414331 0.00514558 -0.998454 -0.0553507 0.386296 -0.163219 0.0537706 -0.985123 -0.493473 0.986576 0.0141033 -0.16269 0.44299 
1530656533112 -0.168508 -0.96858 0.182917 -0.493507 0.948228 -0.108606 0.298444 -0.280366 -0.269201 0.223737 0.936735 0.414331 0.00446527 -0.998396 -0.0564328 0.386352 -0.162921 0.054953 -0.985107 -0.493408 0.986629 0.0135929 -0.162415 0.442846 
1530656533126 0.280904 -0.928348 0.243439 0.288147 -0.144206 -0.2916 -0.945608 -0.483438 0.94884 0.23052 -0.215785 0.481311 0.004725 -0.998308 -0.0579626 0.386393 -0.164055 0.056404 -0.984837 -0.493465 0.98644 0.0141624 -0.163511 0.443151 
1530656533294 0.230428 -0.928592 0.290894 0.201402 0.100432 -0.274648 -0.956286 -0.456587 0.967893 0.24957 0.0299734 0.473478 0.00498276 -0.998216 -0.0594933 0.386435 -0.165189 0.057855 -0.984564 -0.493523 0.986249 0.0147335 -0.164606 0.443457 
1530656533452 0.170727 -0.930773 0.323285 0.101394 0.342832 -0.251487 -0.905108 -0.431273 0.923752 0.265359 0.276163 0.465962 0.00523898 -0.998122 -0.0610249 0.386476 -0.166324 0.0593059 -0.984286 -0.49358 0.986057 0.0153065 -0.165701 0.443762 
1530656533608 0.105066 -0.934651 0.339689 0.00111045 0.563956 -0.225344 -0.794464 -0.405939 0.819094 0.275041 0.503426 0.457331 0.00549333 -0.998026 -0.0625562 0.386518 -0.167458 0.0607556 -0.984005 -0.493638 0.985864 0.015881 -0.166794 0.444068 
1530656533759 0.0375282 -0.940027 0.339029 -0.0987292 0.749589 -0.197879 -0.631633 -0.380762 0.660839 0.277837 0.697208 0.447746 0.00574592 -0.997928 -0.0640876 0.386559 -0.168593 0.0622045 -0.983721 -0.493695 0.985669 0.0164571 -0.167886 0.444373 
1530656533907 -0.0276005 -0.946568 0.32132 -0.198454 0.888124 -0.170746 -0.42671 -0.355486 0.458774 0.273594 0.845383 0.439553 0.00599657 -0.997827 -0.065619 0.3866 -0.169727 0.0636525 -0.983433 -0.493752 0.985473 0.0170346 -0.168977 0.444679 
1530656534063 -0.0860301 -0.953818 0.287802 -0.298191 0.970273 -0.145799 -0.193164 -0.330295 0.226205 0.262629 0.938007 0.431374 0.00624556 -0.997723 -0.0671506 0.386642 -0.170862 0.0650996 -0.983142 -0.49381 0.985275 0.0176138 -0.170066 0.444984 
1530656534219 -0.134034 -0.961327 0.240593 -0.397759 0.990736 -0.124642 0.0539113 -0.305173 -0.0218383 0.24559 0.969128 0.423252 0.00649258 -0.997617 -0.0686825 0.386683 -0.171997 0.0665463 -0.982847 -0.493866 0.985076 0.0181944 -0.171155 0.445289 
1530656534382 -0.168562 -0.968567 0.182933 -0.49354 0.948217 -0.10865 0.298462 -0.280383 -0.269205 0.223769 0.936726 0.414253 0.00673686 -0.997509 -0.0702128 0.386724 -0.173128 0.0679905 -0.98255 -0.493911 0.984876 0.0187751 -0.172238 0.445577 
1530656534543 -0.168562 -0.968567 0.182933 -0.49354 0.948217 -0.10865 0.298462 -0.280383 -0.269205 0.223769 0.936726 0.414253 0.00653958 -0.997568 -0.0693935 0.386734 -0.172599 0.0672274 -0.982695 -0.49391 0.984971 0.0184036 -0.171739 0.445339 
1530656534560 0.280953 -0.92833 0.243452 0.288128 -0.144226 -0.291629 -0.945596 -0.483092 0.948823 0.230556 -0.215823 0.481115 0.00584307 -0.99743 -0.07141 0.386815 -0.170328 0.0693749 -0.982942 -0.493876 0.98537 0.0179065 -0.169485 0.445152 
1530656534723 0.23049 -0.928577 0.290895 0.201255 0.100383 -0.274659 -0.956288 -0.456601 0.967883 0.249615 0.0299074 0.47359 0.00515171 -0.997287 -0.0734269 0.386897 -0.168055 0.0715201 -0.98318 -0.493842 0.985764 0.0174048 -0.16723 0.444965 
1530656534878 0.170765 -0.930762 0.323296 0.10129 0.342797 -0.251497 -0.905119 -0.43131 0.923758 0.265388 0.276115 0.466031 0.00446444 -0.99714 -0.0754452 0.386978 -0.165779 0.073664 -0.983408 -0.493808 0.986153 0.0168976 -0.164976 0.444779 
1530656535030 0.105095 -0.93464 0.339712 0.00103703 0.563921 -0.22536 -0.794485 -0.405981 0.819115 0.275067 0.503378 0.45736 0.00378211 -0.996988 -0.0774647 0.387059 -0.163501 0.0758062 -0.983626 -0.493774 0.986536 0.0163857 -0.162722 0.444592 
1530656535193 0.0375279 -0.940018 0.339055 -0.0987316 0.749594 -0.197894 -0.631622 -0.380768 0.660833 0.277857 0.697205 0.447834 0.00310446 -0.996831 -0.0794853 0.38714 -0.161221 0.0779469 -0.983835 -0.493741 0.986913 0.015869 -0.160468 0.444405 
1530656535348 -0.0276014 -0.946564 0.321332 -0.198436 0.888124 -0.170753 -0.426708 -0.355472 0.458774 0.273605 0.845379 0.439552 0.00243139 -0.99667 -0.0815075 0.387222 -0.158938 0.0800865 -0.984035 -0.493707 0.987286 0.0153472 -0.158214 0.444218 
1530656535509 -0.0860343 -0.953815 0.28781 -0.298194 0.970272 -0.145805 -0.193164 -0.330288 0.226207 0.262635 0.938005 0.431389 0.00176322 -0.996504 -0.0835301 0.387303 -0.156654 0.0822236 -0.984225 -0.493673 0.987652 0.0148207 -0.155961 0.444031 
1530656535662 -0.134039 -0.961326 0.240595 -0.39777 0.990735 -0.124647 0.0539115 -0.305169 -0.0218372 0.245592 0.969127 0.423263 0.00109983 -0.996333 -0.0855546 0.387384 -0.154367 0.08436 -0.984406 -0.49364 0.988013 0.0142895 -0.153708 0.443845 
1530656535821 -0.168584 -0.968562 0.182942 -0.493562 0.948212 -0.108667 0.298472 -0.280397 -0.269209 0.223785 0.936721 0.414184 0.000442542 -0.996158 -0.0875785 0.387463 -0.152085 0.0864927 -0.984576 -0.493622 0.988367 0.0137551 -0.151462 0.443673 
1530656535986 -0.168584 -0.968562 0.182942 -0.493562 0.948212 -0.108667 0.298472 -0.280397 -0.269209 0.223785 0.936721 0.414184 0.000884691 -0.996245 -0.0865762 0.387501 -0.153555 0.0854141 -0.984442 -0.493602 0.98814 0.0141652 -0.152903 0.443726 
1530656535999 0.280998 -0.928313 0.243463 0.288096 -0.144242 -0.291654 -0.945586 -0.482819 0.948807 0.23059 -0.215856 0.48095 0.00183583 -0.996678 -0.0814252 0.387579 -0.151944 0.0802019 -0.98513 -0.493676 0.988387 0.0141806 -0.151292 0.443582 
1530656536005 0.230541 -0.928564 0.290895 0.201134 0.100342 -0.274668 -0.956289 -0.456615 0.967875 0.249653 0.0298516 0.473683 0.00277883 -0.997083 -0.0762706 0.387657 -0.150328 0.0749877 -0.985788 -0.493751 0.988632 0.0142049 -0.149681 0.443438 
1530656536270 0.170797 -0.930753 0.323306 0.101203 0.342767 -0.251505 -0.905127 -0.431343 0.923763 0.265412 0.276076 0.466091 0.00371333 -0.997461 -0.0711127 0.387735 -0.148706 0.0697717 -0.986417 -0.493825 0.988874 0.0142378 -0.14807 0.443295 
1530656536645 0.105117 -0.934631 0.339729 0.000973621 0.563893 -0.225373 -0.794501 -0.406017 0.819131 0.275087 0.503341 0.457391 0.00463933 -0.997812 -0.0659512 0.387813 -0.147079 0.0645538 -0.987016 -0.4939 0.989114 0.0142791 -0.146458 0.443151 
1530656536919 0.0375321 -0.940009 0.339079 -0.0987654 0.749599 -0.197905 -0.631613 -0.380786 0.660828 0.277879 0.697202 0.447976 0.00555681 -0.998135 -0.0607864 0.387891 -0.145447 0.0593341 -0.987585 -0.493974 0.98935 0.014329 -0.144846 0.443007 
1530656537183 -0.0276042 -0.94656 0.321344 -0.198421 0.888124 -0.17076 -0.426704 -0.355467 0.458774 0.273615 0.845377 0.439557 0.00646573 -0.998431 -0.0556184 0.387969 -0.143809 0.054113 -0.988125 -0.494048 0.989584 0.0143874 -0.143233 0.442863 
1530656537445 -0.0860376 -0.953813 0.287817 -0.298197 0.970272 -0.14581 -0.193164 -0.330284 0.226209 0.262641 0.938003 0.431402 0.00736605 -0.9987 -0.0504469 0.388047 -0.142166 0.0488899 -0.988635 -0.494123 0.989815 0.0144542 -0.141621 0.44272 
1530656537710 -0.134042 -0.961325 0.240596 -0.397779 0.990735 -0.12465 0.0539115 -0.305167 -0.0218363 0.245593 0.969127 0.423273 0.0082578 -0.998941 -0.0452728 0.388125 -0.140519 0.0436659 -0.989115 -0.494197 0.990044 0.0145296 -0.14001 0.442576 
1530656537980 -0.1686 -0.968557 0.18295 -0.493579 0.948208 -0.108678 0.29848 -0.280408 -0.269212 0.223798 0.936717 0.414128 0.00913909 -0.999154 -0.0401018 0.3882 -0.138872 0.0384467 -0.989564 -0.494264 0.990268 0.0146127 -0.138403 0.442449 
1530656538260 -0.1686 -0.968557 0.18295 -0.493579 0.948208 -0.108678 0.29848 -0.280408 -0.269212 0.223798 0.936717 0.414128 0.00908745 -0.999115 -0.0410575 0.38822 -0.139416 0.0393923 -0.98945 -0.494206 0.990192 0.0147156 -0.138934 0.442506 
1530656538273 0.281038 -0.928299 0.243472 0.288061 -0.144255 -0.291676 -0.945577 -0.482602 0.948793 0.230621 -0.215884 0.480812 0.00923044 -0.999121 -0.0408861 0.388314 -0.140161 0.0391915 -0.989353 -0.494264 0.990086 0.0148628 -0.139676 0.442673 
1530656538290 0.230583 -0.928554 0.290895 0.201035 0.100307 -0.274675 -0.956291 -0.456628 0.967869 0.249683 0.0298053 0.47376 0.0093749 -0.999127 -0.040715 0.388408 -0.140906 0.0389906 -0.989255 -0.494322 0.989979 0.0150112 -0.140418 0.44284 
1530656538413 0.170823 -0.930746 0.323313 0.101134 0.342744 -0.251511 -0.905135 -0.43137 0.923767 0.265431 0.276044 0.466139 0.0095192 -0.999132 -0.0405441 0.388501 -0.141651 0.0387897 -0.989156 -0.494381 0.989871 0.0151591 -0.141159 0.443007 
1530656538450 0.105134 -0.934624 0.339743 0.000924372 0.563871 -0.225382 -0.794514 -0.406044 0.819143 0.275102 0.503312 0.457415 0.0096639 -0.999138 -0.0403732 0.388595 -0.142396 0.0385886 -0.989057 -0.494439 0.989763 0.0153071 -0.1419 0.443174 
1530656538520 0.0375375 -0.940003 0.339094 -0.0987929 0.749602 -0.197911 -0.631608 -0.3808 0.660824 0.277895 0.697199 0.448077 0.00980879 -0.999143 -0.0402025 0.388689 -0.143141 0.0383875 -0.988958 -0.494497 0.989654 0.0154551 -0.142642 0.443341 
1530656538585 -0.0276058 -0.946557 0.321354 -0.198407 0.888125 -0.170766 -0.426701 -0.355463 0.458773 0.273623 0.845374 0.439558 0.00995388 -0.999149 -0.040032 0.388783 -0.143886 0.0381862 -0.988857 -0.494555 0.989544 0.015603 -0.143383 0.443508 
1530656538632 -0.08604 -0.953811 0.287823 -0.298197 0.970271 -0.145814 -0.193163 -0.330283 0.22621 0.262646 0.938001 0.431411 0.0100989 -0.999154 -0.0398616 0.388877 -0.144631 0.0379849 -0.988756 -0.494613 0.989434 0.0157506 -0.144125 0.443675 
1530656538692 -0.134044 -0.961325 0.240598 -0.397787 0.990735 -0.124652 0.0539115 -0.305166 -0.0218355 0.245595 0.969127 0.423281 0.0102441 -0.999159 -0.0396909 0.38897 -0.145375 0.0377831 -0.988655 -0.494671 0.989324 0.015898 -0.144866 0.443842 
1530656538746 -0.168613 -0.968554 0.182957 -0.493591 0.948205 -0.108687 0.298487 -0.280418 -0.269215 0.22381 0.936714 0.414082 0.0103891 -0.999165 -0.0395205 0.389061 -0.146117 0.0375815 -0.988553 -0.494719 0.989213 0.0160448 -0.145604 0.443999 
1530656538801 -0.168613 -0.968554 0.182957 -0.493591 0.948205 -0.108687 0.298487 -0.280418 -0.269215 0.22381 0.936714 0.414082 0.0102656 -0.999153 -0.0398479 0.388979 -0.144831 0.0379441 -0.988729 -0.494577 0.989403 0.0159211 -0.144318 0.443674 
1530656538814 0.281073 -0.928286 0.24348 0.288025 -0.144265 -0.291695 -0.945569 -0.482429 0.948781 0.230648 -0.215907 0.480699 0.0108825 -0.999146 -0.039855 0.389091 -0.145631 0.0378487 -0.988615 -0.494706 0.989279 0.0165627 -0.145094 0.443864 
1530656538831 0.230618 -0.928545 0.290895 0.200954 0.100279 -0.274681 -0.956292 -0.456641 0.967863 0.249709 0.0297667 0.473825 0.0114998 -0.999139 -0.0398626 0.389203 -0.146431 0.0377527 -0.9885 -0.494834 0.989154 0.0172047 -0.145871 0.444054 
1530656538930 0.170844 -0.93074 0.323319 0.101078 0.342725 -0.251516 -0.90514 -0.431392 0.923771 0.265447 0.276018 0.466178 0.0121169 -0.999131 -0.0398706 0.389316 -0.147231 0.0376562 -0.988385 -0.494963 0.989028 0.0178464 -0.146647 0.444243 
1530656539022 0.105148 -0.934618 0.339753 0.000884631 0.563855 -0.22539 -0.794523 -0.406067 0.819153 0.275114 0.503289 0.457434 0.0127339 -0.999123 -0.0398791 0.389428 -0.148031 0.0375592 -0.988269 -0.495091 0.988901 0.0184879 -0.147423 0.444433 
1530656539109 0.0375425 -0.939999 0.339106 -0.0988158 0.749603 -0.197914 -0.631605 -0.380811 0.660822 0.277907 0.697196 0.448155 0.0133503 -0.999115 -0.0398882 0.38954 -0.14883 0.0374619 -0.988153 -0.49522 0.988773 0.0191287 -0.148198 0.444623 
1530656539197 -0.0276063 -0.946554 0.321362 -0.198396 0.888125 -0.170769 -0.426698 -0.355461 0.458771 0.27363 0.845373 0.439558 0.0139677 -0.999106 -0.0398977 0.389652 -0.14963 0.0373638 -0.988036 -0.495349 0.988643 0.0197704 -0.148974 0.444813 
1530656539295 -0.0860414 -0.953809 0.287827 -0.298197 0.970271 -0.145816 -0.193162 -0.330283 0.22621 0.262651 0.938 0.431419 0.0145845 -0.999097 -0.0399078 0.389764 -0.150429 0.0372654 -0.987918 -0.495477 0.988513 0.0204116 -0.14975 0.445003 
1530656539379 -0.134046 -0.961324 0.240599 -0.397792 0.990735 -0.124654 0.0539117 -0.305167 -0.021835 0.245596 0.969126 0.423288 0.0152012 -0.999087 -0.039918 0.389876 -0.151228 0.0371661 -0.9878 -0.495604 0.988382 0.0210525 -0.150525 0.445192 
1530656539479 -0.168622 -0.968551 0.182964 -0.4936 0.948203 -0.108693 0.298492 -0.280426 -0.269218 0.223819 0.936711 0.414045 0.0158163 -0.999077 -0.0399285 0.389986 -0.152024 0.0370663 -0.987682 -0.495716 0.98825 0.0216916 -0.151297 0.445369 
1530656539571 -0.168622 -0.968551 0.182964 -0.4936 0.948203 -0.108693 0.298492 -0.280426 -0.269218 0.223819 0.936711 0.414045 0.0151605 -0.999091 -0.0398294 0.389917 -0.151248 0.0370842 -0.9878 -0.495574 0.98838 0.0209997 -0.150548 0.445208 
1530656539588 0.281103 -0.928276 0.243486 0.287991 -0.144274 -0.29171 -0.945563 -0.482292 0.948771 0.230672 -0.215927 0.480606 0.0149041 -0.999021 -0.0416554 0.390034 -0.152925 0.0388924 -0.987472 -0.495623 0.988125 0.0210875 -0.152196 0.445492 
1530656539745 0.230646 -0.928538 0.290895 0.200888 0.100255 -0.274687 -0.956293 -0.456652 0.967859 0.249729 0.0297348 0.473877 0.0146438 -0.998947 -0.0434798 0.390152 -0.154601 0.0406995 -0.987138 -0.495673 0.987868 0.0211775 -0.153843 0.445776 
1530656539918 0.17086 -0.930736 0.323323 0.101032 0.342709 -0.251521 -0.905145 -0.43141 0.923773 0.26546 0.275997 0.466211 0.0143804 -0.99887 -0.045304 0.390269 -0.156277 0.0425066 -0.986798 -0.495722 0.987609 0.0212706 -0.155489 0.446061 
1530656540087 0.105159 -0.934614 0.339761 0.000852765 0.563841 -0.225396 -0.794531 -0.406085 0.819161 0.275124 0.503271 0.45745 0.014114 -0.998789 -0.0471274 0.390386 -0.157952 0.0443132 -0.986452 -0.495772 0.987346 0.0213666 -0.157135 0.446345 
1530656540257 0.0375466 -0.939995 0.339115 -0.0988348 0.749604 -0.197917 -0.631603 -0.38082 0.66082 0.277917 0.697193 0.448214 0.0138444 -0.998705 -0.0489502 0.390503 -0.159625 0.0461195 -0.9861 -0.495821 0.987081 0.0214656 -0.15878 0.446629 
1530656540263 -0.0276061 -0.946552 0.321367 -0.198387 0.888126 -0.170771 -0.426696 -0.355459 0.45877 0.273635 0.845372 0.439556 0.0135717 -0.998618 -0.0507721 0.390621 -0.161297 0.0479253 -0.985741 -0.49587 0.986813 0.0215676 -0.160424 0.446913 
1530656540425 -0.0860423 -0.953808 0.287831 -0.298197 0.970271 -0.145818 -0.193162 -0.330283 0.22621 0.262654 0.937999 0.431424 0.0132959 -0.998527 -0.0525935 0.390738 -0.162969 0.0497309 -0.985377 -0.49592 0.986542 0.0216726 -0.162068 0.447197 
1530656540669 -0.134047 -0.961323 0.240601 -0.397796 0.990734 -0.124655 0.0539118 -0.305168 -0.0218346 0.245598 0.969126 0.423293 0.0130168 -0.998434 -0.0544146 0.390855 -0.16464 0.0515364 -0.985007 -0.495968 0.986268 0.0217804 -0.163711 0.447481 
1530656540845 -0.16863 -0.968549 0.182969 -0.493607 0.948201 -0.108698 0.298497 -0.280433 -0.269221 0.223827 0.936708 0.414016 0.0127353 -0.998336 -0.056233 0.390969 -0.166304 0.0533396 -0.984631 -0.496007 0.985992 0.0218914 -0.165348 0.447746 
1530656541019 -0.16863 -0.968549 0.182969 -0.493607 0.948201 -0.108698 0.298497 -0.280433 -0.269221 0.223827 0.936708 0.414016 0.0129406 -0.998382 -0.0553703 0.390926 -0.165475 0.0524732 -0.984817 -0.495944 0.986129 0.0219065 -0.164528 0.447584 
1530656541032 0.281128 -0.928267 0.243492 0.287961 -0.144281 -0.291723 -0.945558 -0.482185 0.948762 0.230692 -0.215943 0.480531 0.0112501 -0.998269 -0.0577303 0.391027 -0.165058 0.0550881 -0.984744 -0.495794 0.98622 0.0206074 -0.164152 0.447565 
1530656541195 0.23067 -0.928532 0.290895 0.200836 0.100235 -0.274691 -0.956294 -0.456661 0.967856 0.249746 0.029709 0.47392 0.00956052 -0.998147 -0.0600911 0.391129 -0.164637 0.0577025 -0.984665 -0.495644 0.986308 0.0193071 -0.16378 0.447545 
1530656541383 0.170874 -0.930732 0.323327 0.100996 0.342697 -0.251524 -0.905149 -0.431425 0.923775 0.26547 0.27598 0.466237 0.00787148 -0.998017 -0.0624524 0.39123 -0.164212 0.0603163 -0.984579 -0.495494 0.986394 0.0180055 -0.163412 0.447526 
1530656541580 0.105168 -0.934611 0.339768 0.000827587 0.563831 -0.2254 -0.794537 -0.406099 0.819167 0.275131 0.503258 0.457463 0.00618363 -0.997878 -0.0648137 0.391331 -0.163782 0.0629291 -0.984487 -0.495344 0.986477 0.0167031 -0.163046 0.447507 
1530656541758 0.0375493 -0.939993 0.339122 -0.0988507 0.749605 -0.197919 -0.631601 -0.380829 0.660819 0.277924 0.697192 0.448262 0.0044968 -0.997731 -0.0671753 0.391432 -0.163348 0.0655408 -0.984389 -0.495194 0.986558 0.0153996 -0.162683 0.447487 
1530656541945 -0.0276066 -0.946548 0.32138 -0.198398 0.888128 -0.170776 -0.42669 -0.355468 0.458766 0.273647 0.84537 0.439604 0.00281091 -0.997575 -0.0695374 0.391534 -0.16291 0.0681519 -0.984284 -0.495044 0.986637 0.0140951 -0.162323 0.447468 
1530656542132 -0.0860431 -0.953807 0.287835 -0.298197 0.970271 -0.145819 -0.193161 -0.330284 0.22621 0.262657 0.937998 0.431429 0.00112627 -0.997411 -0.0718989 0.391635 -0.162467 0.0707612 -0.984173 -0.494894 0.986713 0.0127897 -0.161967 0.447449 
1530656542329 -0.134048 -0.961323 0.240602 -0.397799 0.990734 -0.124656 0.0539121 -0.305169 -0.0218344 0.245599 0.969125 0.423297 -0.000557374 -0.997239 -0.0742617 0.391736 -0.162019 0.0733706 -0.984056 -0.494746 0.986787 0.0114833 -0.161613 0.44743 
1530656542336 -0.168635 -0.968547 0.182974 -0.493612 0.948199 -0.108701 0.298502 -0.280439 -0.269223 0.223833 0.936706 0.413993 -0.00223461 -0.997058 -0.0766219 0.391834 -0.161569 0.0759753 -0.983932 -0.494615 0.986859 0.010181 -0.161264 0.447415 
1530656542723 -0.168635 -0.968547 0.182974 -0.493612 0.948199 -0.108701 0.298502 -0.280439 -0.269223 0.223833 0.936706 0.413993 0.000144833 -0.997311 -0.0732878 0.39169 -0.162281 0.0722929 -0.984093 -0.494813 0.986745 0.0120357 -0.161834 0.447472 
1530656542948 0.281148 -0.928259 0.243496 0.287935 -0.144286 -0.291734 -0.945554 -0.482101 0.948756 0.230708 -0.215955 0.48047 7.42125e-05 -0.997202 -0.0747512 0.391793 -0.161763 0.0737547 -0.98407 -0.494881 0.98683 0.012165 -0.161305 0.447417 
1530656542964 0.230687 -0.928528 0.290895 0.200795 0.10022 -0.274694 -0.956294 -0.456669 0.967853 0.249759 0.0296889 0.473954 4.7494e-06 -0.997091 -0.0762152 0.391897 -0.161245 0.0752171 -0.984044 -0.49495 0.986914 0.012294 -0.160776 0.447361 
1530656543122 0.170884 -0.930729 0.32333 0.100968 0.342688 -0.251526 -0.905152 -0.431436 0.923777 0.265477 0.275968 0.466257 -6.36201e-05 -0.996978 -0.0776785 0.392 -0.160727 0.0766788 -0.984016 -0.495018 0.986999 0.0124224 -0.160246 0.447306 
1530656543199 0.105173 -0.934609 0.339771 0.000810698 0.563824 -0.225402 -0.794541 -0.406108 0.819171 0.275136 0.503249 0.457472 -0.000131411 -0.996863 -0.0791418 0.392104 -0.160209 0.0781405 -0.983985 -0.495087 0.987083 0.0125499 -0.159717 0.44725 
1530656543316 0.0375506 -0.939991 0.339125 -0.0988607 0.749605 -0.197921 -0.631601 -0.380835 0.660819 0.277927 0.697191 0.44829 -0.000198504 -0.996746 -0.080605 0.392207 -0.159691 0.0796022 -0.983952 -0.495155 0.987167 0.0126766 -0.159187 0.447195 
1530656543410 -0.0276049 -0.946545 0.321389 -0.198414 0.888129 -0.170778 -0.426687 -0.355475 0.458764 0.273657 0.845368 0.439649 -0.000264894 -0.996627 -0.0820681 0.39231 -0.159173 0.0810638 -0.983917 -0.495223 0.987251 0.0128024 -0.158657 0.44714 
1530656543508 -0.0860438 -0.953806 0.287838 -0.298195 0.970271 -0.14582 -0.19316 -0.330286 0.226209 0.262661 0.937997 0.431432 -0.000330347 -0.996505 -0.0835307 0.392414 -0.158654 0.082525 -0.983879 -0.495292 0.987334 0.0129275 -0.158127 0.447084 
1530656543514 -0.134049 -0.961322 0.240604 -0.3978 0.990734 -0.124657 0.0539128 -0.305171 -0.0218346 0.245601 0.969125 0.4233 -0.000395193 -0.996381 -0.084994 0.392517 -0.158135 0.0839869 -0.983839 -0.49536 0.987417 0.0130518 -0.157596 0.447029 
1530656543625 -0.16864 -0.968545 0.182978 -0.493615 0.948197 -0.108704 0.298505 -0.280444 -0.269226 0.223839 0.936704 0.413976 -0.000459398 -0.996256 -0.0864553 0.392618 -0.157618 0.0854468 -0.983796 -0.495427 0.9875 0.013175 -0.157067 0.446974 
1530656543818 -0.16864 -0.968545 0.182978 -0.493615 0.948197 -0.108704 0.298505 -0.280444 -0.269226 0.223839 0.936704 0.413976 -0.000374073 -0.996381 -0.085 0.392519 -0.15816 0.0839891 -0.983835 -0.495318 0.987413 0.0130755 -0.157619 0.447054 
1530656543831 0.28115 -0.928257 0.243502 0.287952 -0.144278 -0.291738 -0.945554 -0.482045 0.948756 0.23071 -0.215949 0.480418 -0.00122636 -0.996487 -0.0837334 0.392682 -0.158549 0.082868 -0.983867 -0.495219 0.98735 0.0120693 -0.158094 0.447147 
1530656543837 0.230701 -0.928524 0.290894 0.200764 0.100209 -0.274697 -0.956295 -0.456674 0.967851 0.249768 0.029674 0.473978 -0.00207951 -0.996592 -0.0824651 0.392845 -0.158941 0.0817464 -0.983898 -0.495121 0.987286 0.011061 -0.158569 0.447239 
1530656543983 0.170891 -0.930727 0.323332 0.100949 0.342681 -0.251528 -0.905154 -0.431444 0.923778 0.265482 0.275959 0.466272 -0.00293121 -0.996694 -0.0811968 0.393009 -0.159333 0.0806253 -0.983927 -0.495022 0.987221 0.0100532 -0.159043 0.447332 
1530656544154 0.105177 -0.934608 0.339774 0.000798928 0.56382 -0.225404 -0.794544 -0.406114 0.819173 0.275139 0.503243 0.457479 -0.00378292 -0.996793 -0.0799278 0.393172 -0.159726 0.0795045 -0.983955 -0.494924 0.987154 0.00904435 -0.159515 0.447425 
1530656544209 0.0375517 -0.939991 0.339128 -0.0988674 0.749606 -0.197921 -0.6316 -0.380838 0.660819 0.27793 0.69719 0.448308 -0.00463431 -0.996891 -0.0786582 0.393335 -0.16012 0.0783839 -0.98398 -0.494825 0.987087 0.00803471 -0.159986 0.447518 
1530656544328 -0.0276035 -0.946543 0.321395 -0.198424 0.88813 -0.170779 -0.426685 -0.355479 0.458763 0.273662 0.845367 0.439676 -0.00548539 -0.996986 -0.0773881 0.393498 -0.160515 0.0772636 -0.984005 -0.494726 0.987018 0.00702431 -0.160455 0.44761 
1530656544378 -0.086044 -0.953805 0.28784 -0.298194 0.970271 -0.145821 -0.193159 -0.330288 0.226209 0.262663 0.937997 0.431434 -0.00633557 -0.997079 -0.0761176 0.393661 -0.160911 0.0761437 -0.984027 -0.494628 0.986949 0.00601379 -0.160923 0.447703 
1530656544499 -0.13405 -0.961322 0.240605 -0.397801 0.990734 -0.124658 0.0539133 -0.305172 -0.0218348 0.245603 0.969125 0.423302 -0.00718485 -0.997169 -0.0748468 0.393825 -0.161308 0.0750242 -0.984048 -0.494529 0.986878 0.00500313 -0.16139 0.447796 
1530656544550 -0.168644 -0.968544 0.182981 -0.493617 0.948196 -0.108705 0.298509 -0.280449 -0.269228 0.223844 0.936702 0.413964 -0.0080308 -0.997257 -0.0735759 0.393982 -0.161704 0.073905 -0.984068 -0.494435 0.986807 0.0039947 -0.161855 0.447888 
1530656544670 -0.168644 -0.968544 0.182981 -0.493617 0.948196 -0.108705 0.298509 -0.280449 -0.269228 0.223844 0.936702 0.413964 -0.00698166 -0.99715 -0.0751202 0.393806 -0.161128 0.0752622 -0.98406 -0.494531 0.986909 0.00523357 -0.161194 0.447811 
1530656544684 0.281149 -0.928256 0.243507 0.287968 -0.144271 -0.291741 -0.945554 -0.482006 0.948758 0.230711 -0.215943 0.480382 -0.00684717 -0.997372 -0.0721295 0.39396 -0.160018 0.0722945 -0.984463 -0.494534 0.98709 0.00480122 -0.160092 0.447695 
1530656544885 0.23071 -0.928522 0.290894 0.200742 0.100201 -0.274698 -0.956295 -0.456679 0.967849 0.249775 0.0296629 0.473997 -0.00671657 -0.997585 -0.0691379 0.394113 -0.158908 0.0693257 -0.984857 -0.494537 0.987271 0.00437167 -0.158989 0.447579 
1530656545109 0.170896 -0.930726 0.323333 0.100934 0.342677 -0.251529 -0.905155 -0.43145 0.923779 0.265486 0.275952 0.466283 -0.00658941 -0.997788 -0.0661451 0.394267 -0.157796 0.0663553 -0.98524 -0.49454 0.98745 0.00394529 -0.157884 0.447464 
1530656545321 0.105179 -0.934607 0.339776 0.000790391 0.563817 -0.225405 -0.794546 -0.406118 0.819175 0.275141 0.503239 0.457484 -0.00646562 -0.997983 -0.0631518 0.39442 -0.156684 0.0633841 -0.985613 -0.494543 0.987628 0.0035223 -0.156778 0.447348 
1530656545544 0.0375524 -0.93999 0.339129 -0.0988722 0.749606 -0.197922 -0.6316 -0.380841 0.660819 0.277931 0.697189 0.44832 -0.00634521 -0.998169 -0.0601577 0.394574 -0.155572 0.0604118 -0.985976 -0.494546 0.987804 0.00310264 -0.155671 0.447232 
1530656545753 -0.0276025 -0.946541 0.321399 -0.198431 0.88813 -0.17078 -0.426684 -0.355482 0.458763 0.273667 0.845366 0.439695 -0.00622819 -0.998345 -0.0571636 0.394728 -0.15446 0.0574391 -0.986328 -0.494549 0.987979 0.00268642 -0.154562 0.447116 
1530656545971 -0.0860442 -0.953805 0.287842 -0.298193 0.970271 -0.145821 -0.193158 -0.330289 0.226209 0.262665 0.937996 0.431435 -0.00611455 -0.998513 -0.0541677 0.394881 -0.153346 0.0544643 -0.986671 -0.494552 0.988154 0.00227333 -0.153451 0.447 
1530656546182 -0.13405 -0.961322 0.240606 -0.397802 0.990734 -0.124658 0.0539137 -0.305174 -0.021835 0.245604 0.969124 0.423303 -0.00600419 -0.998672 -0.0511714 0.395035 -0.152232 0.0514888 -0.987003 -0.494555 0.988327 0.00186379 -0.152339 0.446885 
1530656546405 -0.168646 -0.968543 0.182983 -0.493619 0.948195 -0.108706 0.298511 -0.280453 -0.269229 0.223847 0.936701 0.413955 -0.00589662 -0.998821 -0.048178 0.395183 -0.151122 0.0485156 -0.987324 -0.494558 0.988498 0.00145887 -0.15123 0.446782 
1530656546631 -0.168646 -0.968543 0.182983 -0.493619 0.948195 -0.108706 0.298511 -0.280453 -0.269229 0.223847 0.936701 0.413955 -0.00600266 -0.998779 -0.0490328 0.39511 -0.151462 0.0493761 -0.987229 -0.494565 0.988445 0.00150059 -0.151573 0.446881 
1530656546642 0.281149 -0.928255 0.243511 0.287981 -0.144266 -0.291744 -0.945554 -0.481978 0.948759 0.230711 -0.215939 0.480357 -0.00605873 -0.998695 -0.0507082 0.395328 -0.149435 0.0510439 -0.987453 -0.494645 0.988753 0.00159485 -0.149549 0.446672 
1530656546794 0.230718 -0.92852 0.290894 0.200726 0.100195 -0.2747 -0.956295 -0.456683 0.967848 0.24978 0.0296546 0.474011 -0.00611213 -0.998608 -0.0523841 0.395545 -0.147405 0.0527125 -0.987671 -0.494724 0.989057 0.00168491 -0.147522 0.446462 
1530656546961 0.1709 -0.930724 0.323334 0.100923 0.342673 -0.25153 -0.905156 -0.431455 0.923779 0.265489 0.275948 0.466291 -0.00616198 -0.998519 -0.0540596 0.395763 -0.145375 0.0543808 -0.987881 -0.494804 0.989357 0.00177163 -0.145495 0.446253 
1530656547119 0.105181 -0.934606 0.339777 0.000784137 0.563815 -0.225406 -0.794547 -0.406122 0.819176 0.275143 0.503236 0.457487 -0.00620831 -0.998426 -0.0557352 0.39598 -0.143345 0.0560492 -0.988084 -0.494883 0.989653 0.00185503 -0.143467 0.446043 
1530656547125 0.0375529 -0.93999 0.33913 -0.0988756 0.749606 -0.197922 -0.6316 -0.380843 0.660819 0.277932 0.697189 0.448329 -0.00625123 -0.998331 -0.0574106 0.396197 -0.141314 0.0577175 -0.988281 -0.494963 0.989945 0.00193496 -0.141439 0.445833 
1530656547278 -0.0276017 -0.946541 0.321402 -0.198437 0.88813 -0.170781 -0.426683 -0.355485 0.458762 0.27367 0.845365 0.439709 -0.00629047 -0.998233 -0.059086 0.396415 -0.139283 0.0593859 -0.98847 -0.495043 0.990233 0.00201173 -0.13941 0.445624 
1530656547499 -0.0860442 -0.953804 0.287843 -0.298193 0.970271 -0.145822 -0.193158 -0.33029 0.226208 0.262666 0.937996 0.431435 -0.00632674 -0.998132 -0.0607617 0.396632 -0.13725 0.0610546 -0.988653 -0.495122 0.990516 0.0020846 -0.13738 0.445414 
1530656547653 -0.134051 -0.961321 0.240607 -0.397802 0.990734 -0.124658 0.053914 -0.305175 -0.0218351 0.245604 0.969124 0.423304 -0.00635925 -0.998029 -0.0624369 0.39685 -0.135217 0.062723 -0.988829 -0.495202 0.990796 0.00215435 -0.13535 0.445205 
1530656547815 -0.168648 -0.968542 0.182985 -0.49362 0.948195 -0.108707 0.298513 -0.280456 -0.26923 0.223849 0.9367 0.413949 -0.00638845 -0.997922 -0.0641108 0.397061 -0.133191 0.06439 -0.988997 -0.495285 0.99107 0.0022208 -0.133325 0.445007 
1530656547982 -0.168648 -0.968542 0.182985 -0.49362 0.948195 -0.108707 0.298513 -0.280456 -0.26923 0.223849 0.9367 0.413949 -0.00640464 -0.997987 -0.0630921 0.396965 -0.13461 0.0633796 -0.98887 -0.49524 0.990878 0.00215946 -0.134745 0.445076 
1530656547995 0.281148 -0.928255 0.243513 0.28799 -0.144262 -0.291746 -0.945554 -0.481958 0.948759 0.230711 -0.215936 0.480339 -0.00680575 -0.998069 -0.0617471 0.397279 -0.136641 0.0620975 -0.988672 -0.495257 0.990597 0.00170852 -0.136799 0.445427 
1530656548179 0.230723 -0.928519 0.290894 0.200715 0.10019 -0.274701 -0.956296 -0.456685 0.967848 0.249784 0.0296487 0.474021 -0.00720515 -0.998148 -0.0604014 0.397593 -0.138673 0.0608167 -0.988469 -0.495273 0.990312 0.00125396 -0.138854 0.445779 
1530656548353 0.170903 -0.930724 0.323335 0.100916 0.34267 -0.251531 -0.905157 -0.431458 0.92378 0.265491 0.275944 0.466296 -0.00760167 -0.998226 -0.059055 0.397907 -0.140703 0.0595369 -0.98826 -0.49529 0.990023 0.000796815 -0.140906 0.44613 
1530656548526 0.105183 -0.934606 0.339778 0.000779638 0.563813 -0.225407 -0.794548 -0.406124 0.819177 0.275144 0.503234 0.45749 -0.00799531 -0.998302 -0.0577077 0.398221 -0.142735 0.0582579 -0.988045 -0.495307 0.989729 0.000337151 -0.142958 0.446482 
1530656548703 0.0375533 -0.939989 0.339131 -0.0988782 0.749606 -0.197922 -0.6316 -0.380844 0.660819 0.277933 0.697189 0.448335 -0.0083862 -0.998375 -0.0563594 0.398535 -0.144766 0.0569798 -0.987824 -0.495323 0.98943 -0.000125173 -0.145008 0.446833 
1530656548875 -0.0276012 -0.94654 0.321404 -0.198441 0.88813 -0.170781 -0.426683 -0.355486 0.458762 0.273672 0.845365 0.439719 -0.00877436 -0.998447 -0.0550104 0.398849 -0.146797 0.0557026 -0.987597 -0.49534 0.989128 -0.000590163 -0.147058 0.447184 
1530656549044 -0.0860443 -0.953804 0.287844 -0.298193 0.970271 -0.145822 -0.193157 -0.33029 0.226208 0.262667 0.937996 0.431436 -0.00915951 -0.998517 -0.0536599 0.399163 -0.148828 0.0544257 -0.987364 -0.495357 0.988821 -0.00105766 -0.149106 0.447536 
1530656549215 -0.134051 -0.961321 0.240607 -0.397802 0.990734 -0.124658 0.0539143 -0.305175 -0.0218352 0.245605 0.969124 0.423305 -0.00954228 -0.998585 -0.0523089 0.399477 -0.150858 0.0531502 -0.987126 -0.495372 0.988509 -0.00152819 -0.151152 0.447886 
1530656549221 -0.168649 -0.968542 0.182986 -0.49362 0.948194 -0.108708 0.298514 -0.280457 -0.269231 0.22385 0.936699 0.413945 -0.00991991 -0.998652 -0.0509579 0.39978 -0.152882 0.051876 -0.986882 -0.495374 0.988195 -0.00199923 -0.15319 0.448219 
1530656549553 -0.168649 -0.968542 0.182986 -0.49362 0.948194 -0.108708 0.298514 -0.280457 -0.269231 0.22385 0.936699 0.413945 -0.00925207 -0.99854 -0.0532154 0.399358 -0.149803 0.0540012 -0.98724 -0.495369 0.988673 -0.00116218 -0.150084 0.44761 
1530656549757 0.281148 -0.928254 0.243515 0.287996 -0.14426 -0.291747 -0.945554 -0.481944 0.94876 0.230711 -0.215934 0.480326 -0.00979313 -0.998475 -0.0543298 0.39969 -0.150861 0.0551858 -0.987013 -0.495414 0.988506 -0.00146969 -0.151172 0.447853 
1530656549910 0.230727 -0.928518 0.290894 0.200707 0.100187 -0.274702 -0.956296 -0.456687 0.967847 0.249787 0.0296444 0.474028 -0.010337 -0.998408 -0.0554437 0.400022 -0.151919 0.056371 -0.986784 -0.49546 0.988339 -0.00177739 -0.15226 0.448097 
1530656550065 0.170905 -0.930723 0.323335 0.10091 0.342669 -0.251531 -0.905158 -0.43146 0.92378 0.265493 0.275942 0.466301 -0.0108817 -0.99834 -0.0565565 0.400354 -0.152977 0.0575561 -0.986552 -0.495505 0.98817 -0.00208358 -0.153349 0.44834 
1530656550221 0.105184 -0.934605 0.339779 0.000776416 0.563812 -0.225407 -0.794549 -0.406126 0.819178 0.275145 0.503232 0.457491 -0.0114276 -0.99827 -0.0576686 0.400686 -0.154033 0.0587414 -0.986318 -0.495551 0.988 -0.00238841 -0.154437 0.448584 
1530656550379 0.0375536 -0.939989 0.339132 -0.09888 0.749606 -0.197923 -0.6316 -0.380845 0.660818 0.277934 0.697188 0.44834 -0.0119744 -0.998199 -0.0587796 0.401017 -0.155087 0.0599265 -0.986082 -0.495596 0.987828 -0.00269179 -0.155526 0.448827 
1530656550541 -0.0276008 -0.946539 0.321405 -0.198444 0.888131 -0.170781 -0.426682 -0.355487 0.458762 0.273673 0.845364 0.439726 -0.0125229 -0.998126 -0.0598907 0.401349 -0.156142 0.0611126 -0.985842 -0.495641 0.987655 -0.00299418 -0.156615 0.44907 
1530656550696 -0.0860443 -0.953804 0.287844 -0.298192 0.970271 -0.145822 -0.193157 -0.330291 0.226208 0.262667 0.937996 0.431436 -0.0130724 -0.998052 -0.0610006 0.401681 -0.157196 0.0622985 -0.985601 -0.495687 0.987481 -0.00329513 -0.157704 0.449314 
1530656550848 -0.134051 -0.961321 0.240608 -0.397802 0.990734 -0.124659 0.0539144 -0.305176 -0.0218353 0.245605 0.969124 0.423306 -0.0136231 -0.997976 -0.0621101 0.402013 -0.158248 0.0634849 -0.985356 -0.495731 0.987305 -0.00359475 -0.158793 0.449556 
1530656550998 -0.16865 -0.968542 0.182987 -0.493621 0.948194 -0.108708 0.298515 -0.280459 -0.269232 0.223852 0.936699 0.413942 -0.0141731 -0.997899 -0.0632176 0.402334 -0.159296 0.0646699 -0.98511 -0.495767 0.987129 -0.00389174 -0.159878 0.449785 
1530656551152 -0.16865 -0.968542 0.182987 -0.493621 0.948194 -0.108708 0.298515 -0.280459 -0.269232 0.223852 0.936699 0.413942 -0.0136556 -0.99796 -0.0623593 0.402157 -0.158623 0.0637374 -0.98528 -0.495683 0.987245 -0.00356293 -0.15917 0.44963 
1530656551165 0.281148 -0.928254 0.243517 0.288001 -0.144258 -0.291748 -0.945554 -0.481934 0.94876 0.230711 -0.215932 0.480317 -0.0147282 -0.997672 -0.0665843 0.402468 -0.159626 0.0680836 -0.984827 -0.495732 0.987068 -0.00387615 -0.160257 0.449855 
