1533580870520 0.241341 0.947487 -0.209816 -0.494236 -0.961427 0.262844 0.0810677 -0.222038 0.131959 0.182158 0.974374 0.337064 0.16008 -0.304787 0.938871 0.370831 -0.775623 0.549475 0.310623 -0.528794 -0.61056 -0.777934 -0.14844 0.432481 
1533580870531 0.234249 0.946203 -0.223222 -0.506482 -0.961711 0.259136 0.0892198 -0.225074 0.142265 0.193776 0.970676 0.342048 0.316231 -0.384871 0.867106 0.40083 -0.930001 -0.306257 0.203234 -0.504368 0.187338 -0.870678 -0.454779 0.485897 
1533580871845 0.227048 0.944727 -0.236515 -0.518621 -0.961885 0.255542 0.0973444 -0.227997 0.152403 0.205398 0.966739 0.346828 0.316231 -0.384871 0.867106 0.40083 -0.930001 -0.306257 0.203234 -0.504368 0.187338 -0.870678 -0.454779 0.485897 
1533580872504 0.219707 0.943067 -0.249706 -0.530744 -0.961948 0.252041 0.105504 -0.230909 0.162433 0.217025 0.962557 0.351593 0.316231 -0.384871 0.867106 0.40083 -0.930001 -0.306257 0.203234 -0.504368 0.187338 -0.870678 -0.454779 0.485897 
1533580873162 0.212228 0.941222 -0.262794 -0.542846 -0.961902 0.248635 0.113693 -0.233806 0.17235 0.228653 0.95813 0.356338 0.316231 -0.384871 0.867106 0.40083 -0.930001 -0.306257 0.203234 -0.504368 0.187338 -0.870678 -0.454779 0.485897 
1533580873864 0.204599 0.939195 -0.275777 -0.554977 -0.961744 0.245317 0.121938 -0.236731 0.182176 0.240278 0.953456 0.361135 0.316231 -0.384871 0.867106 0.40083 -0.930001 -0.306257 0.203234 -0.504368 0.187338 -0.870678 -0.454779 0.485897 
1533580874562 0.196829 0.936985 -0.288648 -0.567121 -0.961475 0.24209 0.130224 -0.239668 0.191897 0.251896 0.948538 0.36595 0.316231 -0.384871 0.867106 0.40083 -0.930001 -0.306257 0.203234 -0.504368 0.187338 -0.870678 -0.454779 0.485897 
1533580875265 0.188923 0.934593 -0.301404 -0.579263 -0.961095 0.23896 0.138542 -0.242603 0.201504 0.263504 0.943378 0.370765 0.316231 -0.384871 0.867106 0.40083 -0.930001 -0.306257 0.203234 -0.504368 0.187338 -0.870678 -0.454779 0.485897 
1533580875980 0.180884 0.932019 -0.314041 -0.591401 -0.960605 0.235925 0.146889 -0.245536 0.210993 0.275099 0.937978 0.375581 0.316231 -0.384871 0.867106 0.40083 -0.930001 -0.306257 0.203234 -0.504368 0.187338 -0.870678 -0.454779 0.485897 
1533580876728 0.172849 0.929157 -0.326787 -0.602402 -0.959992 0.23314 0.155115 -0.247844 0.220313 0.286902 0.932282 0.380645 0.316442 -0.385045 0.866951 0.401525 -0.929984 -0.306148 0.203478 -0.505625 0.187068 -0.87064 -0.454964 0.486487 
1533580877456 0.173582 0.92918 -0.326335 -0.602001 -0.959859 0.233756 0.155015 -0.24784 0.22032 0.286327 0.932457 0.380272 0.316442 -0.385045 0.866951 0.401525 -0.929984 -0.306148 0.203478 -0.505625 0.187068 -0.87064 -0.454964 0.486487 
1533580877468 0.172673 0.928904 -0.3276 -0.603372 -0.959807 0.233392 0.15588 -0.248198 0.221256 0.287516 0.931869 0.380765 0.316221 -0.384863 0.867113 0.400797 -0.930002 -0.306262 0.203223 -0.504308 0.187351 -0.87068 -0.45477 0.485869 
1533580877727 0.171762 0.928626 -0.328864 -0.604745 -0.959754 0.233029 0.156744 -0.248557 0.222192 0.288706 0.931278 0.381258 0.31622 -0.384863 0.867113 0.400797 -0.930002 -0.306262 0.203222 -0.504307 0.187351 -0.87068 -0.45477 0.485868 
1533580877734 0.17085 0.928346 -0.330127 -0.606119 -0.959701 0.232667 0.157609 -0.248917 0.223125 0.289896 0.930685 0.381751 0.316221 -0.384863 0.867113 0.400796 -0.930002 -0.306262 0.203223 -0.504306 0.187351 -0.87068 -0.45477 0.485868 
1533580878095 0.169936 0.928064 -0.331389 -0.607493 -0.959646 0.232306 0.158474 -0.249277 0.224058 0.291085 0.93009 0.382243 0.31622 -0.384863 0.867113 0.400796 -0.930002 -0.306262 0.203222 -0.504306 0.187351 -0.87068 -0.454769 0.485868 
1533580878364 0.169021 0.927781 -0.332649 -0.608867 -0.959589 0.231946 0.15934 -0.249637 0.224989 0.292274 0.929492 0.382736 0.31622 -0.384863 0.867113 0.400796 -0.930002 -0.306262 0.203222 -0.504305 0.187351 -0.87068 -0.45477 0.485867 
1533580878623 0.168104 0.927495 -0.333907 -0.61024 -0.959532 0.231587 0.160206 -0.249996 0.225919 0.293464 0.928892 0.383229 0.31622 -0.384863 0.867113 0.400796 -0.930002 -0.306262 0.203222 -0.504305 0.187351 -0.87068 -0.45477 0.485867 
1533580878890 0.167187 0.927207 -0.335164 -0.611615 -0.959473 0.231229 0.161072 -0.250356 0.226847 0.294652 0.928289 0.383721 0.316221 -0.384863 0.867113 0.400795 -0.930002 -0.306262 0.203223 -0.504305 0.187351 -0.87068 -0.45477 0.485867 
1533580879154 0.166268 0.926918 -0.33642 -0.612988 -0.959413 0.230872 0.161939 -0.250716 0.227774 0.295841 0.927684 0.384214 0.316221 -0.384863 0.867113 0.400795 -0.930002 -0.306262 0.203223 -0.504305 0.187351 -0.87068 -0.45477 0.485867 
1533580879427 0.165347 0.926626 -0.337675 -0.614363 -0.959352 0.230515 0.162806 -0.251076 0.2287 0.297029 0.927076 0.384706 0.31622 -0.384863 0.867113 0.400795 -0.930002 -0.306262 0.203222 -0.504305 0.187352 -0.87068 -0.454769 0.485867 
1533580879702 0.165823 0.926606 -0.337496 -0.614033 -0.959337 0.230842 0.162431 -0.251112 0.228418 0.296838 0.927207 0.384493 0.31622 -0.384863 0.867113 0.400795 -0.930002 -0.306262 0.203222 -0.504305 0.187352 -0.87068 -0.454769 0.485867 
1533580879714 0.166142 0.926717 -0.337035 -0.614144 -0.959287 0.231054 0.162428 -0.251144 0.228398 0.296328 0.927375 0.384435 0.31622 -0.384863 0.867113 0.400795 -0.930002 -0.306262 0.203222 -0.504304 0.187351 -0.87068 -0.454769 0.485867 
1533580879731 0.166459 0.926828 -0.336574 -0.614258 -0.959236 0.231264 0.162427 -0.251177 0.22838 0.295816 0.927543 0.384377 0.31622 -0.384863 0.867113 0.400795 -0.930002 -0.306262 0.203222 -0.504304 0.187351 -0.87068 -0.454769 0.485867 
1533580879861 0.166776 0.926938 -0.336112 -0.614372 -0.959185 0.231475 0.162427 -0.251211 0.228361 0.295305 0.92771 0.384318 0.31622 -0.384863 0.867113 0.400795 -0.930002 -0.306262 0.203222 -0.504304 0.187351 -0.87068 -0.454769 0.485867 
1533580879900 0.167093 0.927048 -0.335651 -0.614487 -0.959135 0.231685 0.162427 -0.251245 0.228343 0.294794 0.927877 0.384259 0.31622 -0.384863 0.867113 0.400795 -0.930002 -0.306262 0.203222 -0.504304 0.187351 -0.87068 -0.454769 0.485867 
1533580879907 0.16741 0.927158 -0.335189 -0.614601 -0.959084 0.231896 0.162426 -0.251278 0.228324 0.294283 0.928044 0.384201 0.31622 -0.384863 0.867113 0.400795 -0.930002 -0.306262 0.203222 -0.504304 0.187351 -0.87068 -0.454769 0.485867 
1533580880054 0.167727 0.927268 -0.334727 -0.614716 -0.959033 0.232106 0.162426 -0.251312 0.228305 0.293771 0.928211 0.384142 0.31622 -0.384863 0.867113 0.400795 -0.930002 -0.306262 0.203222 -0.504304 0.187351 -0.87068 -0.454769 0.485867 
1533580880096 0.168044 0.927377 -0.334265 -0.61483 -0.958982 0.232317 0.162426 -0.251346 0.228286 0.29326 0.928377 0.384084 0.31622 -0.384863 0.867113 0.400795 -0.930002 -0.306262 0.203222 -0.504304 0.187351 -0.87068 -0.454769 0.485867 
1533580880207 0.168361 0.927486 -0.333803 -0.614945 -0.958931 0.232527 0.162426 -0.25138 0.228266 0.292748 0.928544 0.384025 0.31622 -0.384863 0.867113 0.400795 -0.930002 -0.306262 0.203222 -0.504304 0.187351 -0.87068 -0.454769 0.485867 
1533580880249 0.168678 0.927594 -0.333341 -0.615059 -0.95888 0.232737 0.162426 -0.251413 0.228247 0.292236 0.928709 0.383967 0.31622 -0.384863 0.867113 0.400795 -0.930002 -0.306262 0.203222 -0.504304 0.187351 -0.87068 -0.454769 0.485867 
1533580880374 0.168431 0.927462 -0.333836 -0.614868 -0.958907 0.232613 0.162446 -0.251418 0.228317 0.292756 0.928528 0.384117 0.31622 -0.384863 0.867113 0.400795 -0.930002 -0.306262 0.203222 -0.504304 0.187351 -0.87068 -0.454769 0.485867 
1533580880397 0.16827 0.927677 -0.333318 -0.614901 -0.958785 0.232563 0.163236 -0.251504 0.228947 0.292113 0.928576 0.384075 0.31622 -0.384863 0.867113 0.400795 -0.930002 -0.306262 0.203222 -0.504304 0.187351 -0.87068 -0.45477 0.485867 
1533580880409 0.168108 0.927892 -0.3328 -0.614938 -0.958663 0.232512 0.164025 -0.251593 0.229578 0.291469 0.928623 0.384032 0.31622 -0.384863 0.867113 0.400795 -0.930002 -0.306262 0.203222 -0.504304 0.187351 -0.87068 -0.45477 0.485867 
1533580880416 0.167946 0.928107 -0.332282 -0.614975 -0.95854 0.23246 0.164814 -0.251681 0.230208 0.290826 0.928668 0.38399 0.31622 -0.384863 0.867113 0.400795 -0.930002 -0.306262 0.203222 -0.504304 0.187351 -0.87068 -0.45477 0.485867 
1533580880593 0.167785 0.928322 -0.331764 -0.615012 -0.958416 0.232408 0.165604 -0.251769 0.230838 0.290182 0.928713 0.383947 0.31622 -0.384863 0.867113 0.400795 -0.930002 -0.306262 0.203222 -0.504304 0.187351 -0.87068 -0.45477 0.485867 
1533580880651 0.167624 0.928536 -0.331245 -0.615048 -0.958293 0.232355 0.166393 -0.251857 0.231468 0.289538 0.928757 0.383904 0.31622 -0.384863 0.867113 0.400795 -0.930002 -0.306262 0.203222 -0.504304 0.187351 -0.87068 -0.45477 0.485867 
1533580880750 0.167463 0.92875 -0.330726 -0.615085 -0.958168 0.232301 0.167182 -0.251946 0.232098 0.288894 0.928801 0.383861 0.31622 -0.384863 0.867113 0.400795 -0.930002 -0.306262 0.203222 -0.504304 0.187351 -0.87068 -0.45477 0.485867 
1533580880820 0.167303 0.928963 -0.330207 -0.615122 -0.958043 0.232247 0.16797 -0.252034 0.232728 0.288251 0.928843 0.383819 0.31622 -0.384863 0.867113 0.400795 -0.930002 -0.306262 0.203222 -0.504304 0.187351 -0.87068 -0.45477 0.485867 
1533580880919 0.167143 0.929177 -0.329687 -0.61516 -0.957918 0.232192 0.168759 -0.252123 0.233358 0.287606 0.928885 0.383776 0.31622 -0.384863 0.867113 0.400795 -0.930002 -0.306262 0.203222 -0.504304 0.187351 -0.87068 -0.45477 0.485867 
1533580880992 0.166984 0.92939 -0.329168 -0.615196 -0.957792 0.232137 0.169548 -0.252211 0.233988 0.286962 0.928925 0.383733 0.31622 -0.384863 0.867113 0.400795 -0.930002 -0.306262 0.203222 -0.504304 0.187351 -0.87068 -0.45477 0.485867 
1533580881105 0.167193 0.929133 -0.329786 -0.615125 -0.957921 0.232242 0.168675 -0.252129 0.233311 0.287708 0.928865 0.383765 0.31622 -0.384863 0.867113 0.400795 -0.930002 -0.306262 0.203222 -0.504304 0.187351 -0.87068 -0.45477 0.485867 
1533580881119 0.167057 0.929266 -0.32948 -0.615129 -0.957894 0.232121 0.168992 -0.252156 0.233518 0.287376 0.928916 0.383778 0.31622 -0.384863 0.867113 0.400795 -0.930002 -0.306262 0.203222 -0.504304 0.187351 -0.87068 -0.45477 0.485867 
1533580881135 0.166922 0.929399 -0.329173 -0.615137 -0.957867 0.232001 0.169311 -0.252186 0.233726 0.287042 0.928967 0.383791 0.31622 -0.384863 0.867113 0.400795 -0.930002 -0.306262 0.203222 -0.504304 0.187351 -0.87068 -0.45477 0.485867 
1533580881151 0.166787 0.929532 -0.328865 -0.615145 -0.95784 0.23188 0.169629 -0.252216 0.233933 0.286708 0.929017 0.383803 0.31622 -0.384863 0.867113 0.400795 -0.930002 -0.306262 0.203222 -0.504304 0.187351 -0.87068 -0.45477 0.485867 
1533580881158 0.166651 0.929665 -0.328558 -0.615154 -0.957813 0.231759 0.169948 -0.252246 0.234141 0.286375 0.929068 0.383816 0.31622 -0.384863 0.867113 0.400795 -0.930002 -0.306262 0.203222 -0.504304 0.187351 -0.87068 -0.45477 0.485867 
1533580881171 0.166516 0.929798 -0.32825 -0.615163 -0.957785 0.231638 0.170266 -0.252276 0.234349 0.286041 0.929118 0.383828 0.31622 -0.384863 0.867113 0.400795 -0.930002 -0.306262 0.203222 -0.504304 0.187351 -0.87068 -0.45477 0.485867 
1533580881325 0.166381 0.929931 -0.327942 -0.615173 -0.957758 0.231517 0.170585 -0.252306 0.234556 0.285707 0.929169 0.38384 0.31622 -0.384863 0.867113 0.400795 -0.930002 -0.306262 0.203222 -0.504304 0.187351 -0.87068 -0.45477 0.485867 
1533580881346 0.166246 0.930063 -0.327635 -0.61518 -0.957731 0.231396 0.170903 -0.252336 0.234764 0.285374 0.929219 0.383853 0.31622 -0.384863 0.867113 0.400795 -0.930002 -0.306262 0.203222 -0.504304 0.187351 -0.87068 -0.45477 0.485867 
1533580881391 0.166112 0.930196 -0.327327 -0.615188 -0.957703 0.231275 0.171221 -0.252365 0.234972 0.285041 0.929269 0.383865 0.31622 -0.384863 0.867113 0.400795 -0.930002 -0.306262 0.203222 -0.504304 0.187351 -0.87068 -0.45477 0.485867 
1533580881452 0.165977 0.930328 -0.327019 -0.615198 -0.957675 0.231153 0.171539 -0.252396 0.23518 0.284707 0.929318 0.383877 0.31622 -0.384863 0.867113 0.400795 -0.930002 -0.306262 0.203222 -0.504304 0.187351 -0.87068 -0.45477 0.485867 
1533580881500 0.166264 0.930034 -0.327709 -0.615139 -0.957759 0.231388 0.170754 -0.252343 0.234635 0.285476 0.92922 0.383888 0.31622 -0.384863 0.867113 0.400795 -0.930002 -0.306262 0.203222 -0.504304 0.187351 -0.87068 -0.45477 0.485867 
1533580881512 0.166172 0.930059 -0.327686 -0.615118 -0.957804 0.231262 0.170674 -0.25235 0.234518 0.285498 0.929243 0.383922 0.31622 -0.384863 0.867113 0.400795 -0.930002 -0.306262 0.203222 -0.504304 0.187351 -0.87068 -0.45477 0.485867 
1533580881529 0.16608 0.930083 -0.327663 -0.615093 -0.957848 0.231137 0.170593 -0.252356 0.234401 0.285519 0.929266 0.383957 0.31622 -0.384863 0.867113 0.400795 -0.930002 -0.306262 0.203222 -0.504304 0.187351 -0.87068 -0.45477 0.485867 
1533580881546 0.165989 0.930107 -0.32764 -0.615068 -0.957893 0.231013 0.170512 -0.252362 0.234283 0.28554 0.929289 0.383993 0.31622 -0.384863 0.867113 0.400795 -0.930002 -0.306262 0.203222 -0.504304 0.187351 -0.87068 -0.45477 0.485867 
1533580881562 0.165898 0.930132 -0.327616 -0.615043 -0.957937 0.230888 0.170431 -0.252367 0.234166 0.285562 0.929312 0.384028 0.31622 -0.384863 0.867113 0.400795 -0.930002 -0.306262 0.203222 -0.504304 0.187351 -0.87068 -0.45477 0.485867 
1533580881648 0.165807 0.930156 -0.327593 -0.615019 -0.957982 0.230763 0.17035 -0.252373 0.234049 0.285583 0.929335 0.384063 0.31622 -0.384863 0.867113 0.400795 -0.930002 -0.306262 0.203222 -0.504304 0.187351 -0.87068 -0.45477 0.485867 
1533580881664 0.165716 0.930181 -0.32757 -0.614993 -0.958026 0.230639 0.170269 -0.252378 0.233931 0.285604 0.929358 0.384098 0.31622 -0.384863 0.867113 0.400795 -0.930002 -0.306262 0.203222 -0.504304 0.187351 -0.87068 -0.45477 0.485867 
1533580881688 0.165625 0.930205 -0.327547 -0.614967 -0.958071 0.230514 0.170188 -0.252383 0.233814 0.285626 0.929381 0.384134 0.31622 -0.384863 0.867113 0.400795 -0.930002 -0.306262 0.203222 -0.504304 0.187351 -0.87068 -0.45477 0.485867 
1533580881705 0.165534 0.930229 -0.327524 -0.614943 -0.958115 0.230389 0.170107 -0.252389 0.233697 0.285647 0.929404 0.384169 0.31622 -0.384863 0.867113 0.400795 -0.930002 -0.306262 0.203222 -0.504304 0.187351 -0.87068 -0.45477 0.485867 
1533580881722 0.165443 0.930254 -0.327501 -0.614918 -0.958159 0.230264 0.170026 -0.252394 0.23358 0.285668 0.929427 0.384204 0.31622 -0.384863 0.867113 0.400795 -0.930002 -0.306262 0.203222 -0.504304 0.187351 -0.87068 -0.45477 0.485867 
1533580881742 0.165887 0.930133 -0.327619 -0.615013 -0.957914 0.230909 0.170535 -0.25242 0.234271 0.285541 0.929292 0.384061 0.31622 -0.384863 0.867113 0.400795 -0.930002 -0.306262 0.203222 -0.504304 0.187351 -0.87068 -0.45477 0.485867 
1533580881755 0.165594 0.930111 -0.327828 -0.614975 -0.957993 0.230638 0.17046 -0.252525 0.234156 0.28583 0.929232 0.384077 0.31622 -0.384863 0.867113 0.400795 -0.930002 -0.306262 0.203222 -0.504304 0.187351 -0.87068 -0.45477 0.485867 
1533580881772 0.1653 0.93009 -0.328037 -0.614938 -0.958071 0.230366 0.170384 -0.252629 0.234041 0.286119 0.929172 0.384092 0.31622 -0.384863 0.867113 0.400795 -0.930002 -0.306262 0.203222 -0.504304 0.187351 -0.87068 -0.45477 0.485867 
1533580881794 0.165006 0.930068 -0.328247 -0.614898 -0.95815 0.230094 0.170308 -0.252735 0.233926 0.286408 0.929112 0.384108 0.31622 -0.384863 0.867113 0.400795 -0.930002 -0.306262 0.203222 -0.504304 0.187351 -0.87068 -0.45477 0.485867 
1533580881870 0.164712 0.930047 -0.328456 -0.614859 -0.958229 0.229822 0.170233 -0.252841 0.233811 0.286697 0.929052 0.384124 0.31622 -0.384863 0.867113 0.400795 -0.930002 -0.306262 0.203222 -0.504304 0.187351 -0.87068 -0.45477 0.485867 
1533580881911 0.164418 0.930025 -0.328665 -0.614819 -0.958307 0.22955 0.170157 -0.252946 0.233695 0.286985 0.928992 0.38414 0.31622 -0.384863 0.867113 0.400795 -0.930002 -0.306262 0.203222 -0.504304 0.187351 -0.87068 -0.45477 0.485867 
1533580881944 0.164124 0.930003 -0.328875 -0.61478 -0.958386 0.229278 0.170082 -0.253052 0.23358 0.287274 0.928931 0.384155 0.31622 -0.384863 0.867113 0.400795 -0.930002 -0.306262 0.203222 -0.504304 0.187351 -0.87068 -0.45477 0.485867 
1533580881950 0.16383 0.92998 -0.329084 -0.614741 -0.958464 0.229006 0.170006 -0.253157 0.233465 0.287563 0.928871 0.384171 0.31622 -0.384863 0.867113 0.400795 -0.930002 -0.306262 0.203222 -0.504304 0.187351 -0.87068 -0.45477 0.485867 
1533580882033 0.163536 0.929958 -0.329293 -0.614702 -0.958543 0.228734 0.169931 -0.253262 0.233349 0.287852 0.928811 0.384187 0.31622 -0.384863 0.867113 0.400795 -0.930002 -0.306262 0.203222 -0.504304 0.187351 -0.87068 -0.45477 0.485867 
1533580882061 0.163242 0.929936 -0.329502 -0.614662 -0.958621 0.228462 0.169856 -0.253367 0.233234 0.28814 0.928751 0.384203 0.31622 -0.384863 0.867113 0.400795 -0.930002 -0.306262 0.203222 -0.504304 0.187351 -0.87068 -0.45477 0.485867 
1533580882112 0.163898 0.930047 -0.328861 -0.614804 -0.958419 0.229071 0.170176 -0.253024 0.233605 0.287295 0.928919 0.384166 0.31622 -0.384863 0.867113 0.400795 -0.930002 -0.306262 0.203222 -0.504304 0.187351 -0.87068 -0.45477 0.485867 
1533580882127 0.163381 0.93004 -0.329138 -0.614738 -0.958489 0.228659 0.170332 -0.253217 0.233676 0.287647 0.928792 0.384158 0.31622 -0.384863 0.867113 0.400795 -0.930002 -0.306262 0.203222 -0.504304 0.187351 -0.87068 -0.45477 0.485867 
1533580882141 0.162863 0.930033 -0.329415 -0.614676 -0.95856 0.228246 0.170488 -0.253415 0.233747 0.287998 0.928665 0.384149 0.31622 -0.384863 0.867113 0.400795 -0.930002 -0.306262 0.203222 -0.504304 0.187351 -0.87068 -0.45477 0.485867 
1533580882185 0.162345 0.930025 -0.329692 -0.614615 -0.958631 0.227832 0.170645 -0.253613 0.233818 0.28835 0.928538 0.38414 0.31622 -0.384863 0.867113 0.400795 -0.930002 -0.306262 0.203222 -0.504304 0.187351 -0.87068 -0.45477 0.485867 
1533580882301 0.161828 0.930017 -0.329969 -0.614554 -0.958701 0.227419 0.170801 -0.253811 0.233889 0.288701 0.928411 0.38413 0.31622 -0.384863 0.867113 0.400795 -0.930002 -0.306262 0.203222 -0.504304 0.187351 -0.87068 -0.45477 0.485867 
1533580882382 0.16131 0.930009 -0.330246 -0.614491 -0.958771 0.227006 0.170958 -0.254008 0.23396 0.289053 0.928284 0.384122 0.31622 -0.384863 0.867113 0.400795 -0.930002 -0.306262 0.203222 -0.504304 0.187351 -0.87068 -0.45477 0.485867 
1533580882469 0.160792 0.930001 -0.330522 -0.61443 -0.958841 0.226592 0.171114 -0.254205 0.23403 0.289404 0.928157 0.384112 0.31622 -0.384863 0.867113 0.400795 -0.930002 -0.306262 0.203222 -0.504304 0.187351 -0.87068 -0.45477 0.485867 
1533580882562 0.160274 0.929992 -0.330799 -0.614368 -0.95891 0.226179 0.171271 -0.254402 0.234101 0.289756 0.928029 0.384103 0.31622 -0.384863 0.867113 0.400795 -0.930002 -0.306262 0.203222 -0.504304 0.187351 -0.87068 -0.45477 0.485867 
1533580882636 0.159756 0.929983 -0.331075 -0.614307 -0.95898 0.225766 0.171428 -0.2546 0.234171 0.290107 0.927902 0.384094 0.31622 -0.384863 0.867113 0.400795 -0.930002 -0.306262 0.203222 -0.504304 0.187351 -0.87068 -0.45477 0.485867 
1533580882732 0.159238 0.929973 -0.331351 -0.614245 -0.959049 0.225353 0.171585 -0.254797 0.23424 0.290459 0.927774 0.384085 0.31622 -0.384863 0.867113 0.400795 -0.930002 -0.306262 0.203222 -0.504304 0.187351 -0.87068 -0.45477 0.485867 
1533580882807 0.15985 0.929979 -0.331039 -0.614309 -0.958978 0.22583 0.171355 -0.25458 0.234115 0.290068 0.927928 0.384025 0.31622 -0.384863 0.867113 0.400795 -0.930002 -0.306262 0.203222 -0.504304 0.187351 -0.87068 -0.45477 0.485867 
1533580882817 0.159877 0.929927 -0.331173 -0.614234 -0.958982 0.22587 0.171281 -0.254671 0.23408 0.290205 0.927894 0.384011 0.31622 -0.384863 0.867113 0.400795 -0.930002 -0.306262 0.203222 -0.504304 0.187351 -0.87068 -0.45477 0.485867 
1533580882834 0.159903 0.929874 -0.331307 -0.614155 -0.958986 0.225909 0.171206 -0.25476 0.234045 0.290343 0.92786 0.383997 0.31622 -0.384863 0.867113 0.400795 -0.930002 -0.306262 0.203222 -0.504304 0.187351 -0.87068 -0.45477 0.485867 
1533580882851 0.15993 0.929822 -0.331442 -0.614076 -0.95899 0.225948 0.171131 -0.254849 0.23401 0.290481 0.927826 0.383984 0.31622 -0.384863 0.867113 0.400795 -0.930002 -0.306262 0.203222 -0.504304 0.187351 -0.87068 -0.45477 0.485867 
1533580882867 0.159956 0.929769 -0.331577 -0.613996 -0.958994 0.225987 0.171056 -0.254937 0.233974 0.290619 0.927791 0.383971 0.31622 -0.384863 0.867113 0.400795 -0.930002 -0.306262 0.203222 -0.504304 0.187351 -0.87068 -0.45477 0.485867 
1533580882885 0.159983 0.929717 -0.331712 -0.613916 -0.958998 0.226026 0.17098 -0.255026 0.233939 0.290757 0.927757 0.383958 0.31622 -0.384863 0.867113 0.400795 -0.930002 -0.306262 0.203222 -0.504304 0.187351 -0.87068 -0.45477 0.485867 
1533580882966 0.16001 0.929664 -0.331847 -0.613836 -0.959003 0.226065 0.170905 -0.255114 0.233903 0.290895 0.927723 0.383944 0.31622 -0.384863 0.867113 0.400795 -0.930002 -0.306262 0.203222 -0.504304 0.187351 -0.87068 -0.45477 0.485867 
1533580882993 0.160036 0.929611 -0.331981 -0.613757 -0.959007 0.226103 0.17083 -0.255203 0.233868 0.291033 0.927688 0.383931 0.31622 -0.384863 0.867113 0.400795 -0.930002 -0.306262 0.203222 -0.504304 0.187351 -0.87068 -0.45477 0.485867 
1533580883020 0.160063 0.929559 -0.332116 -0.613678 -0.959011 0.226142 0.170755 -0.255292 0.233832 0.291171 0.927654 0.383918 0.31622 -0.384863 0.867113 0.400795 -0.930002 -0.306262 0.203222 -0.504304 0.187351 -0.87068 -0.45477 0.485867 
1533580883048 0.160089 0.929506 -0.332251 -0.613598 -0.959015 0.226181 0.17068 -0.25538 0.233797 0.291309 0.927619 0.383904 0.31622 -0.384863 0.867113 0.400795 -0.930002 -0.306262 0.203222 -0.504304 0.187351 -0.87068 -0.45477 0.485867 
1533580883086 0.159995 0.929691 -0.331776 -0.613867 -0.959002 0.226042 0.170941 -0.255069 0.233918 0.290824 0.927741 0.383968 0.31622 -0.384863 0.867113 0.400795 -0.930002 -0.306262 0.203222 -0.504304 0.187351 -0.87068 -0.45477 0.485867 
1533580883098 0.159937 0.929722 -0.331717 -0.613718 -0.958977 0.226019 0.171107 -0.255149 0.234057 0.290743 0.927732 0.383914 0.31622 -0.384863 0.867113 0.400795 -0.930002 -0.306262 0.203222 -0.504304 0.187351 -0.87068 -0.45477 0.485867 
1533580883114 0.159879 0.929754 -0.331658 -0.613564 -0.958953 0.225996 0.171274 -0.255227 0.234196 0.290661 0.927722 0.38386 0.31622 -0.384863 0.867113 0.400795 -0.930002 -0.306262 0.203222 -0.504304 0.187351 -0.87068 -0.45477 0.485867 
1533580883135 0.159821 0.929785 -0.331598 -0.61341 -0.958929 0.225973 0.17144 -0.255305 0.234335 0.29058 0.927713 0.383807 0.31622 -0.384863 0.867113 0.400795 -0.930002 -0.306262 0.203222 -0.504304 0.187351 -0.87068 -0.45477 0.485867 
1533580883152 0.159763 0.929816 -0.331539 -0.613255 -0.958904 0.22595 0.171606 -0.255383 0.234473 0.290498 0.927703 0.383753 0.31622 -0.384863 0.867113 0.400795 -0.930002 -0.306262 0.203222 -0.504304 0.187351 -0.87068 -0.45477 0.485867 
1533580883168 0.159706 0.929847 -0.33148 -0.613101 -0.95888 0.225927 0.171772 -0.25546 0.234612 0.290417 0.927694 0.3837 0.31622 -0.384863 0.867113 0.400795 -0.930002 -0.306262 0.203222 -0.504304 0.187351 -0.87068 -0.45477 0.485867 
1533580883269 0.159648 0.929878 -0.331421 -0.612947 -0.958856 0.225904 0.171939 -0.255538 0.234751 0.290335 0.927684 0.383647 0.31622 -0.384863 0.867113 0.400795 -0.930002 -0.306262 0.203222 -0.504304 0.187351 -0.87068 -0.45477 0.485867 
1533580883312 0.15959 0.929909 -0.331361 -0.612792 -0.958831 0.225881 0.172105 -0.255615 0.23489 0.290254 0.927674 0.383593 0.31622 -0.384863 0.867113 0.400795 -0.930002 -0.306262 0.203222 -0.504304 0.187351 -0.87068 -0.45477 0.485867 
1533580883319 0.159532 0.92994 -0.331302 -0.612639 -0.958807 0.225858 0.172271 -0.255693 0.235029 0.290172 0.927665 0.38354 0.31622 -0.384863 0.867113 0.400795 -0.930002 -0.306262 0.203222 -0.504304 0.187351 -0.87068 -0.45477 0.485867 
1533580883387 0.159475 0.929971 -0.331243 -0.612483 -0.958782 0.225835 0.172437 -0.255771 0.235168 0.290091 0.927655 0.383487 0.31622 -0.384863 0.867113 0.400795 -0.930002 -0.306262 0.203222 -0.504304 0.187351 -0.87068 -0.45477 0.485867 
1533580883443 0.159819 0.929793 -0.331576 -0.612879 -0.958803 0.226123 0.171944 -0.25567 0.23485 0.290436 0.927627 0.3836 0.31622 -0.384863 0.867113 0.400795 -0.930002 -0.306262 0.203222 -0.504304 0.187351 -0.87068 -0.45477 0.485867 
1533580883456 0.159567 0.929929 -0.331315 -0.612695 -0.958772 0.225929 0.172371 -0.255729 0.235147 0.290151 0.927641 0.383559 0.31622 -0.384863 0.867113 0.400795 -0.930002 -0.306262 0.203222 -0.504304 0.187351 -0.87068 -0.45477 0.485867 
1533580883471 0.159314 0.930066 -0.331053 -0.612509 -0.958741 0.225733 0.172799 -0.255789 0.235444 0.289865 0.927655 0.383518 0.31622 -0.384863 0.867113 0.400795 -0.930002 -0.306262 0.203222 -0.504304 0.187351 -0.87068 -0.45477 0.485867 
1533580883477 0.159062 0.930202 -0.330792 -0.612322 -0.95871 0.225538 0.173226 -0.255849 0.235741 0.28958 0.927669 0.383477 0.31622 -0.384863 0.867113 0.400795 -0.930002 -0.306262 0.203222 -0.504304 0.187351 -0.87068 -0.45477 0.485867 
1533580883491 0.15881 0.930339 -0.330529 -0.612137 -0.958679 0.225342 0.173653 -0.255908 0.236039 0.289293 0.927683 0.383436 0.31622 -0.384863 0.867113 0.400795 -0.930002 -0.306262 0.203222 -0.504304 0.187351 -0.87068 -0.45477 0.485867 
1533580883609 0.158557 0.930475 -0.330268 -0.611949 -0.958647 0.225147 0.17408 -0.255967 0.236336 0.289009 0.927696 0.383395 0.31622 -0.384863 0.867113 0.400795 -0.930002 -0.306262 0.203222 -0.504304 0.187351 -0.87068 -0.45477 0.485867 
1533580883666 0.158305 0.93061 -0.330005 -0.611763 -0.958616 0.224952 0.174507 -0.256027 0.236633 0.288723 0.927709 0.383354 0.31622 -0.384863 0.867113 0.400795 -0.930002 -0.306262 0.203222 -0.504304 0.187351 -0.87068 -0.45477 0.485867 
1533580883710 0.158053 0.930746 -0.329743 -0.611575 -0.958584 0.224756 0.174934 -0.256086 0.236931 0.288438 0.927722 0.383313 0.31622 -0.384863 0.867113 0.400795 -0.930002 -0.306262 0.203222 -0.504304 0.187351 -0.87068 -0.45477 0.485867 
1533580883753 0.157802 0.930882 -0.329481 -0.611389 -0.958552 0.22456 0.175361 -0.256145 0.237228 0.288152 0.927734 0.383272 0.31622 -0.384863 0.867113 0.400795 -0.930002 -0.306262 0.203222 -0.504304 0.187351 -0.87068 -0.45477 0.485867 
1533580883821 0.15755 0.931017 -0.329218 -0.611201 -0.95852 0.224364 0.175787 -0.256204 0.237526 0.287867 0.927747 0.383231 0.31622 -0.384863 0.867113 0.400795 -0.930002 -0.306262 0.203222 -0.504304 0.187351 -0.87068 -0.45477 0.485867 
1533580883875 0.157906 0.930758 -0.329781 -0.611605 -0.95863 0.224599 0.174883 -0.256072 0.236843 0.288523 0.927718 0.383317 0.31622 -0.384863 0.867113 0.400795 -0.930002 -0.306262 0.203222 -0.504304 0.187351 -0.87068 -0.45477 0.485867 
1533580883886 0.157599 0.93078 -0.329865 -0.611427 -0.958628 0.224391 0.175162 -0.256104 0.237056 0.288613 0.927635 0.38334 0.31622 -0.384863 0.867113 0.400795 -0.930002 -0.306262 0.203222 -0.504304 0.187351 -0.87068 -0.45477 0.485867 
1533580883902 0.157293 0.930802 -0.32995 -0.611243 -0.958625 0.224184 0.17544 -0.256134 0.237269 0.288703 0.927553 0.383364 0.31622 -0.384863 0.867113 0.400795 -0.930002 -0.306262 0.203222 -0.504304 0.187351 -0.87068 -0.45477 0.485867 
1533580883923 0.156986 0.930824 -0.330034 -0.61106 -0.958623 0.223977 0.175717 -0.256164 0.237482 0.288793 0.92747 0.383388 0.31622 -0.384863 0.867113 0.400795 -0.930002 -0.306262 0.203222 -0.504304 0.187351 -0.87068 -0.45477 0.485867 
1533580884014 0.156679 0.930846 -0.330118 -0.610877 -0.95862 0.22377 0.175995 -0.256194 0.237694 0.288883 0.927388 0.383412 0.31622 -0.384863 0.867113 0.400795 -0.930002 -0.306262 0.203222 -0.504304 0.187351 -0.87068 -0.45477 0.485867 
1533580884073 0.156373 0.930867 -0.330202 -0.610693 -0.958618 0.223563 0.176272 -0.256223 0.237907 0.288973 0.927305 0.383436 0.31622 -0.384863 0.867113 0.400795 -0.930002 -0.306262 0.203222 -0.504304 0.187351 -0.87068 -0.45477 0.485867 
1533580884146 0.156066 0.930889 -0.330286 -0.610511 -0.958615 0.223355 0.17655 -0.256253 0.23812 0.289063 0.927222 0.38346 0.31622 -0.384863 0.867113 0.400795 -0.930002 -0.306262 0.203222 -0.504304 0.187351 -0.87068 -0.45477 0.485867 
1533580884203 0.155759 0.930911 -0.33037 -0.610326 -0.958612 0.223149 0.176828 -0.256282 0.238332 0.289154 0.92714 0.383484 0.31622 -0.384863 0.867113 0.400795 -0.930002 -0.306262 0.203222 -0.504304 0.187351 -0.87068 -0.45477 0.485867 
1533580884210 0.155453 0.930932 -0.330453 -0.610144 -0.958609 0.222941 0.177105 -0.256312 0.238545 0.289244 0.927057 0.383508 0.31622 -0.384863 0.867113 0.400795 -0.930002 -0.306262 0.203222 -0.504304 0.187351 -0.87068 -0.45477 0.485867 
1533580884326 0.155146 0.930954 -0.330537 -0.609959 -0.958606 0.222734 0.177383 -0.256342 0.238757 0.289335 0.926974 0.383532 0.31622 -0.384863 0.867113 0.400795 -0.930002 -0.306262 0.203222 -0.504304 0.187351 -0.87068 -0.45477 0.485867 
1533580884377 0.155678 0.930933 -0.330345 -0.610284 -0.95863 0.223062 0.17684 -0.256253 0.238314 0.289148 0.927146 0.383467 0.31622 -0.384863 0.867113 0.400795 -0.930002 -0.306262 0.203222 -0.504304 0.187351 -0.87068 -0.45477 0.485867 
1533580884388 0.155429 0.93092 -0.330499 -0.610137 -0.958623 0.222915 0.177061 -0.25629 0.238503 0.289304 0.927049 0.383494 0.31622 -0.384863 0.867113 0.400795 -0.930002 -0.306262 0.203222 -0.504304 0.187351 -0.87068 -0.45477 0.485867 
1533580884405 0.155181 0.930907 -0.330653 -0.609985 -0.958616 0.22277 0.177282 -0.256324 0.238692 0.289459 0.926952 0.383521 0.31622 -0.384863 0.867113 0.400795 -0.930002 -0.306262 0.203222 -0.504304 0.187351 -0.87068 -0.45477 0.485867 
1533580884428 0.154933 0.930893 -0.330808 -0.609834 -0.958609 0.222624 0.177503 -0.256359 0.238882 0.289614 0.926854 0.383548 0.31622 -0.384863 0.867113 0.400795 -0.930002 -0.306262 0.203222 -0.504304 0.187351 -0.87068 -0.45477 0.485867 
1533580884438 0.154685 0.93088 -0.330962 -0.609682 -0.958602 0.222478 0.177723 -0.256393 0.239071 0.28977 0.926757 0.383576 0.31622 -0.384863 0.867113 0.400795 -0.930002 -0.306262 0.203222 -0.504304 0.187351 -0.87068 -0.45477 0.485867 
1533580884530 0.154436 0.930866 -0.331116 -0.609529 -0.958595 0.222333 0.177944 -0.256427 0.23926 0.289925 0.92666 0.383604 0.31622 -0.384863 0.867113 0.400795 -0.930002 -0.306262 0.203222 -0.504304 0.187351 -0.87068 -0.45477 0.485867 
1533580884571 0.154188 0.930852 -0.33127 -0.609378 -0.958588 0.222187 0.178165 -0.256462 0.239449 0.29008 0.926562 0.383631 0.31622 -0.384863 0.867113 0.400795 -0.930002 -0.306262 0.203222 -0.504304 0.187351 -0.87068 -0.45477 0.485867 
1533580884625 0.15394 0.930839 -0.331424 -0.609226 -0.95858 0.222042 0.178386 -0.256495 0.239638 0.290236 0.926465 0.383659 0.31622 -0.384863 0.867113 0.400795 -0.930002 -0.306262 0.203222 -0.504304 0.187351 -0.87068 -0.45477 0.485867 
1533580884681 0.153692 0.930825 -0.331578 -0.609074 -0.958573 0.221896 0.178606 -0.25653 0.239827 0.290391 0.926367 0.383686 0.31622 -0.384863 0.867113 0.400795 -0.930002 -0.306262 0.203222 -0.504304 0.187351 -0.87068 -0.45477 0.485867 
1533580884719 0.153443 0.930811 -0.331732 -0.608923 -0.958565 0.221751 0.178827 -0.256565 0.240016 0.290547 0.926269 0.383713 0.31622 -0.384863 0.867113 0.400795 -0.930002 -0.306262 0.203222 -0.504304 0.187351 -0.87068 -0.45477 0.485867 
1533580884800 0.153892 0.930842 -0.331437 -0.609231 -0.958595 0.221991 0.17837 -0.25644 0.23961 0.290264 0.926463 0.383673 0.31622 -0.384863 0.867113 0.400795 -0.930002 -0.306262 0.203222 -0.504304 0.187351 -0.87068 -0.45477 0.485867 
1533580884810 0.15382 0.930884 -0.331353 -0.609112 -0.958671 0.22183 0.178164 -0.256446 0.239354 0.290253 0.926533 0.383645 0.31622 -0.384863 0.867113 0.400795 -0.930002 -0.306262 0.203222 -0.504304 0.187351 -0.87068 -0.45477 0.485867 
1533580884827 0.153748 0.930925 -0.331269 -0.608988 -0.958746 0.221669 0.177959 -0.256449 0.239098 0.290243 0.926602 0.383619 0.31622 -0.384863 0.867113 0.400795 -0.930002 -0.306262 0.203222 -0.504304 0.187351 -0.87068 -0.45477 0.485867 
1533580884844 0.153675 0.930967 -0.331187 -0.608863 -0.958821 0.221508 0.177753 -0.256452 0.238843 0.290233 0.926671 0.383593 0.31622 -0.384863 0.867113 0.400795 -0.930002 -0.306262 0.203222 -0.504304 0.187351 -0.87068 -0.45477 0.485867 
1533580884850 0.153603 0.931008 -0.331104 -0.608739 -0.958896 0.221347 0.177548 -0.256455 0.238588 0.290222 0.92674 0.383566 0.31622 -0.384863 0.867113 0.400795 -0.930002 -0.306262 0.203222 -0.504304 0.187351 -0.87068 -0.45477 0.485867 
1533580884864 0.15353 0.93105 -0.331021 -0.608615 -0.958971 0.221186 0.177343 -0.256459 0.238332 0.290212 0.926809 0.383539 0.31622 -0.384863 0.867113 0.400795 -0.930002 -0.306262 0.203222 -0.504304 0.187351 -0.87068 -0.45477 0.485867 
1533580885000 0.153458 0.931091 -0.330938 -0.608491 -0.959046 0.221026 0.177137 -0.256462 0.238077 0.290202 0.926878 0.383513 0.31622 -0.384863 0.867113 0.400795 -0.930002 -0.306262 0.203222 -0.504304 0.187351 -0.87068 -0.45477 0.485867 
1533580885027 0.153386 0.931133 -0.330855 -0.608367 -0.959121 0.220865 0.176932 -0.256465 0.237821 0.290191 0.926947 0.383486 0.31622 -0.384863 0.867113 0.400795 -0.930002 -0.306262 0.203222 -0.504304 0.187351 -0.87068 -0.45477 0.485867 
1533580885059 0.153313 0.931174 -0.330772 -0.608242 -0.959196 0.220704 0.176727 -0.256468 0.237566 0.290181 0.927015 0.38346 0.31622 -0.384863 0.867113 0.400795 -0.930002 -0.306262 0.203222 -0.504304 0.187351 -0.87068 -0.45477 0.485867 
1533580885127 0.153241 0.931215 -0.330689 -0.608119 -0.959271 0.220543 0.176521 -0.256471 0.23731 0.29017 0.927084 0.383434 0.31622 -0.384863 0.867113 0.400795 -0.930002 -0.306262 0.203222 -0.504304 0.187351 -0.87068 -0.45477 0.485867 
1533580885174 0.153395 0.931178 -0.330722 -0.608411 -0.959097 0.220876 0.177051 -0.256448 0.237914 0.290036 0.926972 0.38357 0.31622 -0.384863 0.867113 0.400795 -0.930002 -0.306262 0.203222 -0.504304 0.187351 -0.87068 -0.45477 0.485867 
1533580885185 0.153349 0.931256 -0.330523 -0.608317 -0.959123 0.220773 0.177038 -0.256465 0.237838 0.289864 0.927045 0.383502 0.31622 -0.384863 0.867113 0.400795 -0.930002 -0.306262 0.203222 -0.504304 0.187351 -0.87068 -0.45477 0.485867 
1533580885202 0.153303 0.931334 -0.330325 -0.608218 -0.959149 0.220669 0.177026 -0.25648 0.237763 0.289692 0.927118 0.383434 0.31622 -0.384863 0.867113 0.400795 -0.930002 -0.306262 0.203222 -0.504304 0.187351 -0.87068 -0.45477 0.485867 
1533580885222 0.153258 0.931412 -0.330128 -0.60812 -0.959175 0.220566 0.177014 -0.256496 0.237688 0.289522 0.92719 0.383366 0.31622 -0.384863 0.867113 0.400795 -0.930002 -0.306262 0.203222 -0.504304 0.187351 -0.87068 -0.45477 0.485867 
1533580885235 0.153212 0.931489 -0.32993 -0.608023 -0.959201 0.220463 0.177001 -0.256512 0.237612 0.28935 0.927263 0.383298 0.31622 -0.384863 0.867113 0.400795 -0.930002 -0.306262 0.203222 -0.504304 0.187351 -0.87068 -0.45477 0.485867 
1533580885310 0.153166 0.931567 -0.329732 -0.607924 -0.959227 0.22036 0.176989 -0.256527 0.237537 0.289179 0.927336 0.38323 0.31622 -0.384863 0.867113 0.400795 -0.930002 -0.306262 0.203222 -0.504304 0.187351 -0.87068 -0.45477 0.485867 
1533580885331 0.153121 0.931644 -0.329534 -0.607825 -0.959253 0.220257 0.176976 -0.256543 0.237461 0.289008 0.927409 0.383162 0.31622 -0.384863 0.867113 0.400795 -0.930002 -0.306262 0.203222 -0.504304 0.187351 -0.87068 -0.45477 0.485867 
1533580885348 0.153075 0.931722 -0.329336 -0.607727 -0.959279 0.220154 0.176964 -0.256558 0.237386 0.288837 0.927481 0.383094 0.31622 -0.384863 0.867113 0.400795 -0.930002 -0.306262 0.203222 -0.504304 0.187351 -0.87068 -0.45477 0.485867 
1533580885372 0.153029 0.931799 -0.329138 -0.607629 -0.959305 0.220051 0.176951 -0.256574 0.23731 0.288665 0.927554 0.383026 0.31622 -0.384863 0.867113 0.400795 -0.930002 -0.306262 0.203222 -0.504304 0.187351 -0.87068 -0.45477 0.485867 
1533580885398 0.152984 0.931877 -0.328941 -0.60753 -0.959331 0.219948 0.176939 -0.256589 0.237235 0.288494 0.927626 0.382958 0.31622 -0.384863 0.867113 0.400795 -0.930002 -0.306262 0.203222 -0.504304 0.187351 -0.87068 -0.45477 0.485867 
1533580885459 0.153317 0.931566 -0.329664 -0.607912 -0.95915 0.220553 0.177167 -0.256581 0.237751 0.289034 0.927326 0.383294 0.31622 -0.384863 0.867113 0.400795 -0.930002 -0.306262 0.203222 -0.504304 0.187351 -0.87068 -0.45477 0.485867 
1533580885473 0.153265 0.93155 -0.329734 -0.60781 -0.959225 0.220437 0.176906 -0.256576 0.237482 0.289175 0.927351 0.38327 0.31622 -0.384863 0.867113 0.400795 -0.930002 -0.306262 0.203222 -0.504304 0.187351 -0.87068 -0.45477 0.485867 
1533580885489 0.153215 0.931533 -0.329804 -0.607703 -0.9593 0.220321 0.176643 -0.256568 0.237212 0.289317 0.927376 0.383247 0.31622 -0.384863 0.867113 0.400795 -0.930002 -0.306262 0.203222 -0.504304 0.187351 -0.87068 -0.45477 0.485867 
1533580885506 0.153164 0.931517 -0.329875 -0.607596 -0.959375 0.220205 0.176381 -0.256561 0.236942 0.289458 0.927401 0.383224 0.31622 -0.384863 0.867113 0.400795 -0.930002 -0.306262 0.203222 -0.504304 0.187351 -0.87068 -0.45477 0.485867 
1533580885607 0.153113 0.9315 -0.329945 -0.607488 -0.959449 0.22009 0.176118 -0.256553 0.236671 0.2896 0.927426 0.383201 0.31622 -0.384863 0.867113 0.400795 -0.930002 -0.306262 0.203222 -0.504304 0.187351 -0.87068 -0.45477 0.485867 
1533580885628 0.153062 0.931484 -0.330016 -0.60738 -0.959524 0.219974 0.175855 -0.256545 0.236401 0.289741 0.927451 0.383178 0.31622 -0.384863 0.867113 0.400795 -0.930002 -0.306262 0.203222 -0.504304 0.187351 -0.87068 -0.45477 0.485867 
1533580885686 0.153012 0.931467 -0.330086 -0.607274 -0.959599 0.219858 0.175593 -0.256538 0.236131 0.289882 0.927475 0.383155 0.31622 -0.384863 0.867113 0.400795 -0.930002 -0.306262 0.203222 -0.504304 0.187351 -0.87068 -0.45477 0.485867 
1533580885743 0.152961 0.93145 -0.330157 -0.607166 -0.959673 0.219742 0.17533 -0.25653 0.235861 0.290024 0.9275 0.383132 0.31622 -0.384863 0.867113 0.400795 -0.930002 -0.306262 0.203222 -0.504304 0.187351 -0.87068 -0.45477 0.485867 
1533580885791 0.15291 0.931434 -0.330227 -0.60706 -0.959748 0.219626 0.175068 -0.256522 0.235591 0.290165 0.927524 0.383109 0.31622 -0.384863 0.867113 0.400795 -0.930002 -0.306262 0.203222 -0.504304 0.187351 -0.87068 -0.45477 0.485867 
1533580885842 0.15286 0.931417 -0.330298 -0.606951 -0.959822 0.219511 0.174805 -0.256514 0.23532 0.290306 0.927549 0.383086 0.31622 -0.384863 0.867113 0.400795 -0.930002 -0.306262 0.203222 -0.504304 0.187351 -0.87068 -0.45477 0.485867 
1533580885905 0.153071 0.931461 -0.330075 -0.607163 -0.959665 0.219819 0.175281 -0.256559 0.235824 0.289931 0.927538 0.383127 0.31622 -0.384863 0.867113 0.400795 -0.930002 -0.306262 0.203222 -0.504304 0.187351 -0.87068 -0.45477 0.485867 
1533580885920 0.15284 0.931404 -0.330343 -0.607062 -0.959617 0.219757 0.17562 -0.25659 0.236169 0.290161 0.927378 0.383117 0.31622 -0.384863 0.867113 0.400795 -0.930002 -0.306262 0.203222 -0.504304 0.187351 -0.87068 -0.45477 0.485867 
1533580885935 0.15261 0.931346 -0.330613 -0.606956 -0.959569 0.219697 0.175958 -0.256619 0.236513 0.290393 0.927218 0.383109 0.31622 -0.384863 0.867113 0.400795 -0.930002 -0.306262 0.203222 -0.504304 0.187351 -0.87068 -0.45477 0.485867 
1533580885952 0.15238 0.931288 -0.330883 -0.60685 -0.95952 0.219637 0.176296 -0.256648 0.236856 0.290625 0.927058 0.3831 0.31622 -0.384863 0.867113 0.400795 -0.930002 -0.306262 0.203222 -0.504304 0.187351 -0.87068 -0.45477 0.485867 
1533580885969 0.15215 0.93123 -0.331152 -0.606744 -0.959472 0.219577 0.176634 -0.256676 0.2372 0.290857 0.926897 0.383091 0.31622 -0.384863 0.867113 0.400795 -0.930002 -0.306262 0.203222 -0.504304 0.187351 -0.87068 -0.45477 0.485867 
1533580886066 0.15192 0.931171 -0.331422 -0.606637 -0.959423 0.219517 0.176972 -0.256705 0.237544 0.291088 0.926736 0.383083 0.31622 -0.384863 0.867113 0.400795 -0.930002 -0.306262 0.203222 -0.504304 0.187351 -0.87068 -0.45477 0.485867 
1533580886072 0.15169 0.931113 -0.331691 -0.606532 -0.959375 0.219457 0.17731 -0.256734 0.237887 0.29132 0.926576 0.383074 0.31622 -0.384863 0.867113 0.400795 -0.930002 -0.306262 0.203222 -0.504304 0.187351 -0.87068 -0.45477 0.485867 
1533580886147 0.151459 0.931054 -0.331961 -0.606425 -0.959326 0.219397 0.177648 -0.256762 0.238231 0.291552 0.926414 0.383065 0.31622 -0.384863 0.867113 0.400795 -0.930002 -0.306262 0.203222 -0.504304 0.187351 -0.87068 -0.45477 0.485867 
