1534185583968 0.137692 0.54918 -0.824283 -0.474986 -0.951522 0.304435 0.0438834 -0.198241 0.27504 0.77828 0.564475 0.444091 0.16008 -0.304787 0.938871 0.370831 -0.775623 0.549475 0.310623 -0.528794 -0.61056 -0.777934 -0.14844 0.432481 
1534185583981 0.158498 0.604703 -0.780521 -0.493476 -0.950515 0.307383 0.0451247 -0.20111 0.267206 0.734745 0.623499 0.433867 0.316223 -0.384865 0.867111 0.400804 -0.930002 -0.306261 0.203225 -0.504321 0.187348 -0.87068 -0.454772 0.485875 
1534185585422 0.179098 0.655918 -0.733277 -0.498847 -0.949534 0.310323 0.0456677 -0.197111 0.257507 0.688093 0.678394 0.423804 0.316223 -0.384865 0.867111 0.400804 -0.930002 -0.306261 0.203225 -0.504321 0.187348 -0.87068 -0.454772 0.485875 
1534185586777 0.198743 0.704035 -0.681788 -0.51074 -0.948544 0.313158 0.0468732 -0.1965 0.246508 0.63739 0.730046 0.413688 0.316223 -0.384865 0.867111 0.400804 -0.930002 -0.306261 0.203225 -0.504321 0.187348 -0.87068 -0.454772 0.485875 
1534185588150 0.217458 0.748398 -0.626588 -0.522717 -0.947573 0.315852 0.0483973 -0.196127 0.234129 0.583214 0.777846 0.403391 0.316223 -0.384865 0.867111 0.400804 -0.930002 -0.306261 0.203225 -0.504321 0.187348 -0.87068 -0.454772 0.485875 
1534185589428 0.235216 0.788669 -0.568045 -0.534701 -0.946622 0.318426 0.0501228 -0.195748 0.22041 0.525934 0.82147 0.393103 0.316223 -0.384865 0.867111 0.400804 -0.930002 -0.306261 0.203225 -0.504321 0.187348 -0.87068 -0.454772 0.485875 
1534185590589 0.251938 0.824619 -0.506489 -0.546671 -0.945691 0.320879 0.0520189 -0.19531 0.205417 0.465876 0.860676 0.382861 0.316223 -0.384865 0.867111 0.400804 -0.930002 -0.306261 0.203225 -0.504321 0.187348 -0.87068 -0.454772 0.485875 
1534185591665 0.267527 0.856067 -0.442242 -0.55863 -0.944786 0.323194 0.0540885 -0.194841 0.189233 0.403354 0.895263 0.372642 0.316223 -0.384865 0.867111 0.400804 -0.930002 -0.306261 0.203225 -0.504321 0.187348 -0.87068 -0.454772 0.485875 
1534185592672 0.281892 0.882853 -0.375643 -0.570583 -0.943912 0.325356 0.0563296 -0.194362 0.171949 0.338695 0.925051 0.36243 0.316223 -0.384865 0.867111 0.400804 -0.930002 -0.306261 0.203225 -0.504321 0.187348 -0.87068 -0.454772 0.485875 
1534185593717 0.295102 0.904672 -0.30738 -0.581188 -0.943024 0.327524 0.0586039 -0.193265 0.153692 0.272573 0.94978 0.352805 0.316334 -0.384956 0.867031 0.401168 -0.929993 -0.306204 0.203353 -0.504979 0.187206 -0.87066 -0.454869 0.486184 
1534185594795 0.295791 0.90425 -0.30796 -0.580967 -0.942802 0.328229 0.0582172 -0.193531 0.153724 0.273125 0.949616 0.353112 0.316334 -0.384956 0.867031 0.401168 -0.929993 -0.306204 0.203353 -0.504979 0.187206 -0.87066 -0.454869 0.486184 
1534185594805 0.296942 0.906242 -0.300916 -0.582317 -0.942747 0.328335 0.0585207 -0.193517 0.151835 0.266311 0.951853 0.352003 0.31622 -0.384863 0.867113 0.400797 -0.930002 -0.306262 0.203222 -0.504307 0.187351 -0.87068 -0.45477 0.485868 
1534185595166 0.298079 0.908184 -0.293855 -0.58367 -0.942692 0.328438 0.0588256 -0.193504 0.149938 0.25948 0.954038 0.350892 0.31622 -0.384863 0.867113 0.400796 -0.930002 -0.306262 0.203222 -0.504306 0.187351 -0.87068 -0.454769 0.485868 
1534185595527 0.299201 0.910076 -0.286777 -0.585024 -0.942637 0.328539 0.0591314 -0.193491 0.148031 0.252634 0.956171 0.349782 0.31622 -0.384863 0.867113 0.400796 -0.930002 -0.306262 0.203222 -0.504305 0.187351 -0.87068 -0.45477 0.485867 
1534185595886 0.30031 0.911916 -0.279683 -0.586378 -0.942584 0.328638 0.059438 -0.193479 0.146117 0.245775 0.958251 0.348671 0.316221 -0.384863 0.867113 0.400795 -0.930002 -0.306262 0.203223 -0.504305 0.187351 -0.87068 -0.45477 0.485867 
1534185596249 0.301404 0.913706 -0.272575 -0.58773 -0.94253 0.328735 0.0597453 -0.193466 0.144195 0.238903 0.960278 0.347561 0.316221 -0.384863 0.867113 0.400795 -0.930002 -0.306262 0.203223 -0.504305 0.187351 -0.87068 -0.45477 0.485867 
1534185596604 0.302484 0.915445 -0.265451 -0.589085 -0.942478 0.32883 0.0600535 -0.193454 0.142264 0.232017 0.962252 0.34645 0.31622 -0.384863 0.867113 0.400795 -0.930002 -0.306262 0.203222 -0.504305 0.187352 -0.87068 -0.454769 0.485867 
1534185596962 0.30355 0.917132 -0.258314 -0.590438 -0.942426 0.328922 0.0603624 -0.193441 0.140325 0.225118 0.964173 0.34534 0.31622 -0.384863 0.867113 0.400795 -0.930002 -0.306262 0.203222 -0.504305 0.187352 -0.87068 -0.454769 0.485867 
1534185597321 0.304601 0.918769 -0.251161 -0.591792 -0.942374 0.329013 0.0606722 -0.193429 0.138379 0.218207 0.966042 0.344229 0.31622 -0.384863 0.867113 0.400795 -0.930002 -0.306262 0.203222 -0.504304 0.187352 -0.87068 -0.454769 0.485867 
1534185597686 0.305638 0.920354 -0.243996 -0.593145 -0.942324 0.329101 0.0609826 -0.193416 0.136425 0.211285 0.967857 0.343119 0.31622 -0.384863 0.867113 0.400795 -0.930002 -0.306262 0.203222 -0.504304 0.187352 -0.87068 -0.454769 0.485867 
1534185598064 0.305796 0.920098 -0.244762 -0.592973 -0.942251 0.329339 0.0608261 -0.193503 0.136575 0.212026 0.967673 0.343239 0.31622 -0.384863 0.867113 0.400795 -0.930002 -0.306262 0.203222 -0.504304 0.187352 -0.87068 -0.454769 0.485867 
1534185598073 0.306133 0.920065 -0.244466 -0.593058 -0.942259 0.329464 0.0600177 -0.193526 0.135763 0.211977 0.967799 0.343115 0.31622 -0.384863 0.867113 0.400795 -0.930002 -0.306262 0.203222 -0.504304 0.187351 -0.87068 -0.454769 0.485867 
1534185598090 0.30647 0.920031 -0.244169 -0.593141 -0.942266 0.329589 0.0592079 -0.193547 0.134949 0.211927 0.967923 0.342987 0.31622 -0.384863 0.867113 0.400795 -0.930002 -0.306262 0.203222 -0.504304 0.187351 -0.87068 -0.454769 0.485867 
1534185598206 0.306806 0.919998 -0.243873 -0.593224 -0.942273 0.329715 0.0583983 -0.193568 0.134135 0.211877 0.968047 0.342859 0.31622 -0.384863 0.867113 0.400795 -0.930002 -0.306262 0.203222 -0.504304 0.187351 -0.87068 -0.454769 0.485867 
1534185598285 0.307143 0.919964 -0.243575 -0.593307 -0.942279 0.32984 0.0575884 -0.193588 0.13332 0.211828 0.968171 0.342731 0.31622 -0.384863 0.867113 0.400795 -0.930002 -0.306262 0.203222 -0.504304 0.187351 -0.87068 -0.454769 0.485867 
1534185598373 0.307479 0.919931 -0.243278 -0.593389 -0.942284 0.329965 0.0567785 -0.193609 0.132506 0.211779 0.968293 0.342603 0.31622 -0.384863 0.867113 0.400795 -0.930002 -0.306262 0.203222 -0.504304 0.187351 -0.87068 -0.454769 0.485867 
1534185598459 0.307815 0.919897 -0.24298 -0.593471 -0.942288 0.330091 0.0559687 -0.19363 0.131691 0.21173 0.968415 0.342475 0.31622 -0.384863 0.867113 0.400795 -0.930002 -0.306262 0.203222 -0.504304 0.187351 -0.87068 -0.45477 0.485867 
1534185598536 0.30815 0.919863 -0.242682 -0.593554 -0.942292 0.330216 0.0551589 -0.193651 0.130876 0.21168 0.968536 0.342347 0.31622 -0.384863 0.867113 0.400795 -0.930002 -0.306262 0.203222 -0.504304 0.187351 -0.87068 -0.45477 0.485867 
1534185598627 0.308486 0.91983 -0.242384 -0.593636 -0.942295 0.330342 0.0543491 -0.193671 0.130061 0.211631 0.968657 0.342219 0.31622 -0.384863 0.867113 0.400795 -0.930002 -0.306262 0.203222 -0.504304 0.187351 -0.87068 -0.45477 0.485867 
1534185598702 0.308821 0.919796 -0.242086 -0.593719 -0.942298 0.330467 0.0535394 -0.193692 0.129247 0.211583 0.968777 0.342091 0.31622 -0.384863 0.867113 0.400795 -0.930002 -0.306262 0.203222 -0.504304 0.187351 -0.87068 -0.45477 0.485867 
1534185598808 0.308389 0.919876 -0.242331 -0.593609 -0.942306 0.330278 0.0545467 -0.19365 0.130213 0.211529 0.968659 0.342265 0.31622 -0.384863 0.867113 0.400795 -0.930002 -0.306262 0.203222 -0.504304 0.187351 -0.87068 -0.45477 0.485867 
1534185598820 0.308446 0.9199 -0.242167 -0.593662 -0.942327 0.33026 0.0542947 -0.193686 0.129924 0.211454 0.968714 0.342218 0.31622 -0.384863 0.867113 0.400795 -0.930002 -0.306262 0.203222 -0.504304 0.187351 -0.87068 -0.45477 0.485867 
1534185598836 0.308503 0.919925 -0.242001 -0.593719 -0.942349 0.33024 0.0540437 -0.193724 0.129635 0.211377 0.96877 0.342171 0.31622 -0.384863 0.867113 0.400795 -0.930002 -0.306262 0.203222 -0.504304 0.187351 -0.87068 -0.45477 0.485867 
1534185598853 0.308559 0.91995 -0.241835 -0.593778 -0.94237 0.33022 0.0537924 -0.193763 0.129345 0.2113 0.968825 0.342122 0.31622 -0.384863 0.867113 0.400795 -0.930002 -0.306262 0.203222 -0.504304 0.187351 -0.87068 -0.45477 0.485867 
1534185598870 0.308615 0.919974 -0.241669 -0.593836 -0.942391 0.3302 0.0535408 -0.193801 0.129055 0.211223 0.968881 0.342072 0.31622 -0.384863 0.867113 0.400795 -0.930002 -0.306262 0.203222 -0.504304 0.187351 -0.87068 -0.45477 0.485867 
1534185598886 0.308672 0.919999 -0.241502 -0.593893 -0.942413 0.33018 0.0532893 -0.193838 0.128765 0.211146 0.968936 0.342023 0.31622 -0.384863 0.867113 0.400795 -0.930002 -0.306262 0.203222 -0.504304 0.187351 -0.87068 -0.45477 0.485867 
1534185598893 0.308728 0.920024 -0.241336 -0.593951 -0.942434 0.33016 0.0530377 -0.193876 0.128476 0.211069 0.968991 0.341973 0.31622 -0.384863 0.867113 0.400795 -0.930002 -0.306262 0.203222 -0.504304 0.187351 -0.87068 -0.45477 0.485867 
1534185599017 0.308784 0.920049 -0.24117 -0.594008 -0.942455 0.330141 0.052786 -0.193913 0.128186 0.210992 0.969046 0.341924 0.31622 -0.384863 0.867113 0.400795 -0.930002 -0.306262 0.203222 -0.504304 0.187351 -0.87068 -0.45477 0.485867 
1534185599033 0.30884 0.920073 -0.241004 -0.594064 -0.942476 0.330121 0.0525343 -0.193951 0.127896 0.210915 0.969101 0.341874 0.31622 -0.384863 0.867113 0.400795 -0.930002 -0.306262 0.203222 -0.504304 0.187351 -0.87068 -0.45477 0.485867 
1534185599073 0.308897 0.920098 -0.240838 -0.594121 -0.942497 0.330101 0.0522825 -0.193988 0.127606 0.210839 0.969156 0.341825 0.31622 -0.384863 0.867113 0.400795 -0.930002 -0.306262 0.203222 -0.504304 0.187351 -0.87068 -0.45477 0.485867 
1534185599136 0.308732 0.920038 -0.241276 -0.593996 -0.942453 0.330127 0.0529055 -0.193907 0.128327 0.211058 0.969013 0.341959 0.31622 -0.384863 0.867113 0.400795 -0.930002 -0.306262 0.203222 -0.504304 0.187351 -0.87068 -0.45477 0.485867 
1534185599149 0.308832 0.920037 -0.241153 -0.594032 -0.942465 0.330144 0.0525851 -0.193909 0.127996 0.211039 0.969061 0.341936 0.31622 -0.384863 0.867113 0.400795 -0.930002 -0.306262 0.203222 -0.504304 0.187351 -0.87068 -0.45477 0.485867 
1534185599168 0.308934 0.920035 -0.241029 -0.594074 -0.942476 0.330161 0.0522644 -0.193912 0.127663 0.211018 0.96911 0.341909 0.31622 -0.384863 0.867113 0.400795 -0.930002 -0.306262 0.203222 -0.504304 0.187351 -0.87068 -0.45477 0.485867 
1534185599182 0.309036 0.920034 -0.240904 -0.594114 -0.942488 0.330179 0.0519432 -0.193914 0.127331 0.210997 0.969158 0.341881 0.31622 -0.384863 0.867113 0.400795 -0.930002 -0.306262 0.203222 -0.504304 0.187351 -0.87068 -0.45477 0.485867 
1534185599199 0.309137 0.920032 -0.24078 -0.594152 -0.9425 0.330197 0.0516218 -0.193916 0.126998 0.210977 0.969206 0.341852 0.31622 -0.384863 0.867113 0.400795 -0.930002 -0.306262 0.203222 -0.504304 0.187351 -0.87068 -0.45477 0.485867 
1534185599216 0.309239 0.92003 -0.240656 -0.594191 -0.942511 0.330214 0.0513007 -0.193918 0.126666 0.210957 0.969254 0.341825 0.31622 -0.384863 0.867113 0.400795 -0.930002 -0.306262 0.203222 -0.504304 0.187351 -0.87068 -0.45477 0.485867 
1534185599222 0.309341 0.920029 -0.240532 -0.59423 -0.942522 0.330232 0.0509795 -0.19392 0.126334 0.210936 0.969302 0.341798 0.31622 -0.384863 0.867113 0.400795 -0.930002 -0.306262 0.203222 -0.504304 0.187351 -0.87068 -0.45477 0.485867 
1534185599340 0.309442 0.920027 -0.240407 -0.594268 -0.942533 0.330249 0.0506583 -0.193922 0.126001 0.210916 0.969349 0.34177 0.31622 -0.384863 0.867113 0.400795 -0.930002 -0.306262 0.203222 -0.504304 0.187351 -0.87068 -0.45477 0.485867 
1534185599366 0.309544 0.920025 -0.240283 -0.594307 -0.942544 0.330267 0.050337 -0.193923 0.125669 0.210896 0.969397 0.341742 0.31622 -0.384863 0.867113 0.400795 -0.930002 -0.306262 0.203222 -0.504304 0.187351 -0.87068 -0.45477 0.485867 
1534185599385 0.309646 0.920024 -0.240159 -0.594345 -0.942555 0.330285 0.0500157 -0.193925 0.125336 0.210876 0.969444 0.341715 0.31622 -0.384863 0.867113 0.400795 -0.930002 -0.306262 0.203222 -0.504304 0.187351 -0.87068 -0.45477 0.485867 
1534185599444 0.309358 0.920015 -0.240561 -0.594269 -0.942511 0.330259 0.0510078 -0.193912 0.126376 0.210952 0.969293 0.341822 0.31622 -0.384863 0.867113 0.400795 -0.930002 -0.306262 0.203222 -0.504304 0.187351 -0.87068 -0.45477 0.485867 
1534185599455 0.309411 0.919974 -0.240651 -0.594282 -0.942531 0.330253 0.0506768 -0.193903 0.126097 0.211141 0.969288 0.341831 0.31622 -0.384863 0.867113 0.400795 -0.930002 -0.306262 0.203222 -0.504304 0.187351 -0.87068 -0.45477 0.485867 
1534185599472 0.309465 0.919932 -0.240742 -0.594289 -0.94255 0.330249 0.0503444 -0.193889 0.125818 0.211332 0.969282 0.341843 0.31622 -0.384863 0.867113 0.400795 -0.930002 -0.306262 0.203222 -0.504304 0.187351 -0.87068 -0.45477 0.485867 
1534185599489 0.309519 0.91989 -0.240833 -0.594296 -0.94257 0.330244 0.050012 -0.193876 0.125539 0.211522 0.969277 0.341853 0.31622 -0.384863 0.867113 0.400795 -0.930002 -0.306262 0.203222 -0.504304 0.187351 -0.87068 -0.45477 0.485867 
1534185599505 0.309574 0.919848 -0.240923 -0.594304 -0.942589 0.330239 0.0496797 -0.193863 0.12526 0.211712 0.969272 0.341862 0.31622 -0.384863 0.867113 0.400795 -0.930002 -0.306262 0.203222 -0.504304 0.187351 -0.87068 -0.45477 0.485867 
1534185599522 0.309628 0.919806 -0.241014 -0.594312 -0.942608 0.330234 0.0493472 -0.19385 0.124981 0.211902 0.969266 0.341871 0.31622 -0.384863 0.867113 0.400795 -0.930002 -0.306262 0.203222 -0.504304 0.187351 -0.87068 -0.45477 0.485867 
1534185599605 0.309682 0.919764 -0.241104 -0.59432 -0.942627 0.330229 0.0490148 -0.193837 0.124702 0.212092 0.969261 0.34188 0.31622 -0.384863 0.867113 0.400795 -0.930002 -0.306262 0.203222 -0.504304 0.187351 -0.87068 -0.45477 0.485867 
1534185599630 0.309736 0.919722 -0.241195 -0.594327 -0.942646 0.330224 0.0486825 -0.193825 0.124422 0.212283 0.969255 0.341889 0.31622 -0.384863 0.867113 0.400795 -0.930002 -0.306262 0.203222 -0.504304 0.187351 -0.87068 -0.45477 0.485867 
1534185599662 0.309791 0.91968 -0.241285 -0.594335 -0.942665 0.330218 0.04835 -0.193812 0.124143 0.212473 0.969249 0.341898 0.31622 -0.384863 0.867113 0.400795 -0.930002 -0.306262 0.203222 -0.504304 0.187351 -0.87068 -0.45477 0.485867 
1534185599669 0.309845 0.919638 -0.241375 -0.594343 -0.942684 0.330213 0.0480176 -0.193799 0.123864 0.212663 0.969243 0.341907 0.31622 -0.384863 0.867113 0.400795 -0.930002 -0.306262 0.203222 -0.504304 0.187351 -0.87068 -0.45477 0.485867 
1534185599769 0.309767 0.919702 -0.241233 -0.594324 -0.942596 0.330325 0.0489776 -0.193861 0.12473 0.212213 0.969231 0.341902 0.31622 -0.384863 0.867113 0.400795 -0.930002 -0.306262 0.203222 -0.504304 0.187351 -0.87068 -0.45477 0.485867 
1534185599779 0.309828 0.919707 -0.241133 -0.594333 -0.942613 0.330315 0.0487097 -0.193847 0.124449 0.212204 0.969269 0.341905 0.31622 -0.384863 0.867113 0.400795 -0.930002 -0.306262 0.203222 -0.504304 0.187351 -0.87068 -0.45477 0.485867 
1534185599796 0.309889 0.919713 -0.241033 -0.594347 -0.94263 0.330306 0.0484414 -0.19383 0.124167 0.212194 0.969307 0.341907 0.31622 -0.384863 0.867113 0.400795 -0.930002 -0.306262 0.203222 -0.504304 0.187351 -0.87068 -0.45477 0.485867 
1534185599813 0.30995 0.919718 -0.240934 -0.594358 -0.942647 0.330297 0.0481732 -0.193814 0.123885 0.212184 0.969345 0.341908 0.31622 -0.384863 0.867113 0.400795 -0.930002 -0.306262 0.203222 -0.504304 0.187351 -0.87068 -0.45477 0.485867 
1534185599819 0.310011 0.919724 -0.240834 -0.594368 -0.942664 0.330287 0.0479049 -0.193797 0.123604 0.212174 0.969383 0.341909 0.31622 -0.384863 0.867113 0.400795 -0.930002 -0.306262 0.203222 -0.504304 0.187351 -0.87068 -0.45477 0.485867 
1534185599833 0.310071 0.91973 -0.240734 -0.594378 -0.942681 0.330278 0.0476365 -0.193781 0.123322 0.212165 0.969421 0.341909 0.31622 -0.384863 0.867113 0.400795 -0.930002 -0.306262 0.203222 -0.504304 0.187351 -0.87068 -0.45477 0.485867 
1534185599849 0.310132 0.919735 -0.240634 -0.594389 -0.942698 0.330268 0.0473682 -0.193765 0.12304 0.212155 0.969459 0.34191 0.31622 -0.384863 0.867113 0.400795 -0.930002 -0.306262 0.203222 -0.504304 0.187351 -0.87068 -0.45477 0.485867 
1534185599893 0.310193 0.919741 -0.240535 -0.594399 -0.942715 0.330259 0.0470998 -0.193748 0.122758 0.212146 0.969497 0.34191 0.31622 -0.384863 0.867113 0.400795 -0.930002 -0.306262 0.203222 -0.504304 0.187351 -0.87068 -0.45477 0.485867 
1534185599974 0.310254 0.919747 -0.240435 -0.594409 -0.942731 0.330249 0.0468314 -0.193732 0.122477 0.212136 0.969535 0.341911 0.31622 -0.384863 0.867113 0.400795 -0.930002 -0.306262 0.203222 -0.504304 0.187351 -0.87068 -0.45477 0.485867 
1534185599991 0.310314 0.919752 -0.240335 -0.594419 -0.942748 0.33024 0.046563 -0.193715 0.122195 0.212126 0.969573 0.341911 0.31622 -0.384863 0.867113 0.400795 -0.930002 -0.306262 0.203222 -0.504304 0.187351 -0.87068 -0.45477 0.485867 
1534185600022 0.309817 0.919831 -0.240676 -0.594364 -0.942762 0.330032 0.0477403 -0.193719 0.123344 0.212109 0.969431 0.341929 0.31622 -0.384863 0.867113 0.400795 -0.930002 -0.306262 0.203222 -0.504304 0.187351 -0.87068 -0.45477 0.485867 
1534185600034 0.309871 0.919838 -0.240577 -0.594365 -0.942761 0.33005 0.0476305 -0.193702 0.123215 0.212047 0.969461 0.34192 0.31622 -0.384863 0.867113 0.400795 -0.930002 -0.306262 0.203222 -0.504304 0.187351 -0.87068 -0.45477 0.485867 
1534185600041 0.309925 0.919846 -0.240477 -0.594371 -0.94276 0.330069 0.0475213 -0.193685 0.123086 0.211984 0.969491 0.341913 0.31622 -0.384863 0.867113 0.400795 -0.930002 -0.306262 0.203222 -0.504304 0.187351 -0.87068 -0.45477 0.485867 
1534185600054 0.309979 0.919854 -0.240377 -0.594378 -0.942759 0.330087 0.0474113 -0.193667 0.122957 0.211921 0.969521 0.341903 0.31622 -0.384863 0.867113 0.400795 -0.930002 -0.306262 0.203222 -0.504304 0.187351 -0.87068 -0.45477 0.485867 
1534185600071 0.310033 0.919862 -0.240276 -0.594383 -0.942758 0.330105 0.047301 -0.19365 0.122827 0.211858 0.969551 0.341892 0.31622 -0.384863 0.867113 0.400795 -0.930002 -0.306262 0.203222 -0.504304 0.187351 -0.87068 -0.45477 0.485867 
1534185600088 0.310087 0.91987 -0.240176 -0.594388 -0.942757 0.330123 0.0471911 -0.193632 0.122697 0.211794 0.969582 0.341883 0.31622 -0.384863 0.867113 0.400795 -0.930002 -0.306262 0.203222 -0.504304 0.187351 -0.87068 -0.45477 0.485867 
1534185600104 0.310141 0.919878 -0.240076 -0.594392 -0.942756 0.330142 0.0470808 -0.193615 0.122568 0.211731 0.969612 0.341872 0.31622 -0.384863 0.867113 0.400795 -0.930002 -0.306262 0.203222 -0.504304 0.187351 -0.87068 -0.45477 0.485867 
1534185600121 0.310195 0.919886 -0.239976 -0.594397 -0.942756 0.33016 0.0469707 -0.193597 0.122438 0.211668 0.969642 0.341862 0.31622 -0.384863 0.867113 0.400795 -0.930002 -0.306262 0.203222 -0.504304 0.187351 -0.87068 -0.45477 0.485867 
1534185600138 0.310249 0.919894 -0.239876 -0.594401 -0.942755 0.330178 0.0468605 -0.193579 0.122308 0.211605 0.969672 0.341851 0.31622 -0.384863 0.867113 0.400795 -0.930002 -0.306262 0.203222 -0.504304 0.187351 -0.87068 -0.45477 0.485867 
1534185600154 0.310303 0.919902 -0.239775 -0.594405 -0.942754 0.330197 0.0467503 -0.193562 0.122179 0.211542 0.969702 0.341841 0.31622 -0.384863 0.867113 0.400795 -0.930002 -0.306262 0.203222 -0.504304 0.187351 -0.87068 -0.45477 0.485867 
1534185600180 0.31034 0.919739 -0.240352 -0.5944 -0.942709 0.330318 0.04679 -0.193777 0.122427 0.212061 0.969557 0.341948 0.31622 -0.384863 0.867113 0.400795 -0.930002 -0.306262 0.203222 -0.504304 0.187351 -0.87068 -0.45477 0.485867 
1534185600191 0.310314 0.919773 -0.240257 -0.594404 -0.942699 0.330321 0.0469834 -0.193791 0.122576 0.21191 0.969572 0.341944 0.31622 -0.384863 0.867113 0.400795 -0.930002 -0.306262 0.203222 -0.504304 0.187351 -0.87068 -0.45477 0.485867 
1534185600208 0.310288 0.919807 -0.240161 -0.594413 -0.942688 0.330324 0.0471768 -0.193807 0.122724 0.211758 0.969586 0.341938 0.31622 -0.384863 0.867113 0.400795 -0.930002 -0.306262 0.203222 -0.504304 0.187351 -0.87068 -0.45477 0.485867 
1534185600224 0.310262 0.919841 -0.240064 -0.594421 -0.942677 0.330327 0.04737 -0.193822 0.122873 0.211606 0.969601 0.341933 0.31622 -0.384863 0.867113 0.400795 -0.930002 -0.306262 0.203222 -0.504304 0.187351 -0.87068 -0.45477 0.485867 
1534185600241 0.310236 0.919874 -0.239968 -0.594428 -0.942666 0.330331 0.0475632 -0.193837 0.123021 0.211454 0.969615 0.341928 0.31622 -0.384863 0.867113 0.400795 -0.930002 -0.306262 0.203222 -0.504304 0.187351 -0.87068 -0.45477 0.485867 
1534185600258 0.31021 0.919908 -0.239872 -0.594436 -0.942655 0.330334 0.0477566 -0.193853 0.123169 0.211302 0.969629 0.341923 0.31622 -0.384863 0.867113 0.400795 -0.930002 -0.306262 0.203222 -0.504304 0.187351 -0.87068 -0.45477 0.485867 
1534185600274 0.310184 0.919942 -0.239776 -0.594445 -0.942644 0.330337 0.0479499 -0.193869 0.123318 0.21115 0.969643 0.341917 0.31622 -0.384863 0.867113 0.400795 -0.930002 -0.306262 0.203222 -0.504304 0.187351 -0.87068 -0.45477 0.485867 
1534185600291 0.310159 0.919976 -0.239679 -0.594453 -0.942633 0.33034 0.0481431 -0.193885 0.123466 0.210998 0.969658 0.341912 0.31622 -0.384863 0.867113 0.400795 -0.930002 -0.306262 0.203222 -0.504304 0.187351 -0.87068 -0.45477 0.485867 
1534185600308 0.310133 0.920009 -0.239583 -0.59446 -0.942622 0.330343 0.0483363 -0.1939 0.123615 0.210846 0.969672 0.341907 0.31622 -0.384863 0.867113 0.400795 -0.930002 -0.306262 0.203222 -0.504304 0.187351 -0.87068 -0.45477 0.485867 
1534185600349 0.310107 0.920043 -0.239487 -0.59447 -0.942611 0.330346 0.0485297 -0.193916 0.123763 0.210694 0.969686 0.341901 0.31622 -0.384863 0.867113 0.400795 -0.930002 -0.306262 0.203222 -0.504304 0.187351 -0.87068 -0.45477 0.485867 
1534185600376 0.310013 0.919982 -0.239845 -0.594442 -0.942795 0.330012 0.0472239 -0.193762 0.122597 0.211485 0.969662 0.341891 0.31622 -0.384863 0.867113 0.400795 -0.930002 -0.306262 0.203222 -0.504304 0.187351 -0.87068 -0.45477 0.485867 
1534185600389 0.30993 0.919924 -0.240175 -0.594434 -0.942773 0.330033 0.0475159 -0.19378 0.122977 0.211704 0.969566 0.341929 0.31622 -0.384863 0.867113 0.400795 -0.930002 -0.306262 0.203222 -0.504304 0.187351 -0.87068 -0.45477 0.485867 
1534185600406 0.309846 0.919866 -0.240505 -0.594422 -0.94275 0.330055 0.0478081 -0.193797 0.123357 0.211923 0.96947 0.341969 0.31622 -0.384863 0.867113 0.400795 -0.930002 -0.306262 0.203222 -0.504304 0.187351 -0.87068 -0.45477 0.485867 
1534185600422 0.309763 0.919807 -0.240834 -0.594411 -0.942728 0.330076 0.0481003 -0.193814 0.123737 0.212141 0.969374 0.342008 0.31622 -0.384863 0.867113 0.400795 -0.930002 -0.306262 0.203222 -0.504304 0.187351 -0.87068 -0.45477 0.485867 
1534185600536 0.309679 0.919749 -0.241163 -0.5944 -0.942706 0.330097 0.0483925 -0.193832 0.124116 0.21236 0.969277 0.342047 0.31622 -0.384863 0.867113 0.400795 -0.930002 -0.306262 0.203222 -0.504304 0.187351 -0.87068 -0.45477 0.485867 
1534185600552 0.309596 0.919691 -0.241493 -0.594388 -0.942683 0.330119 0.0486847 -0.193848 0.124496 0.212579 0.969181 0.342086 0.31622 -0.384863 0.867113 0.400795 -0.930002 -0.306262 0.203222 -0.504304 0.187351 -0.87068 -0.45477 0.485867 
1534185600582 0.309512 0.919633 -0.241823 -0.594376 -0.94266 0.330141 0.0489768 -0.193865 0.124876 0.212798 0.969084 0.342126 0.31622 -0.384863 0.867113 0.400795 -0.930002 -0.306262 0.203222 -0.504304 0.187351 -0.87068 -0.45477 0.485867 
1534185600588 0.309428 0.919574 -0.242152 -0.594365 -0.942637 0.330162 0.049269 -0.193882 0.125256 0.213016 0.968987 0.342165 0.31622 -0.384863 0.867113 0.400795 -0.930002 -0.306262 0.203222 -0.504304 0.187351 -0.87068 -0.45477 0.485867 
1534185600677 0.309344 0.919516 -0.242481 -0.594353 -0.942615 0.330184 0.0495611 -0.193899 0.125636 0.213235 0.968889 0.342204 0.31622 -0.384863 0.867113 0.400795 -0.930002 -0.306262 0.203222 -0.504304 0.187351 -0.87068 -0.45477 0.485867 
1534185600700 0.30926 0.919457 -0.24281 -0.594341 -0.942591 0.330206 0.0498532 -0.193916 0.126015 0.213453 0.968792 0.342244 0.31622 -0.384863 0.867113 0.400795 -0.930002 -0.306262 0.203222 -0.504304 0.187351 -0.87068 -0.45477 0.485867 
1534185600724 0.309686 0.919508 -0.242076 -0.594418 -0.942608 0.330314 0.0488033 -0.19392 0.124836 0.213069 0.969029 0.342064 0.31622 -0.384863 0.867113 0.400795 -0.930002 -0.306262 0.203222 -0.504304 0.187351 -0.87068 -0.45477 0.485867 
1534185600737 0.309689 0.919481 -0.242172 -0.594419 -0.942618 0.330305 0.0486881 -0.193911 0.124758 0.213197 0.969011 0.342082 0.31622 -0.384863 0.867113 0.400795 -0.930002 -0.306262 0.203222 -0.504304 0.187351 -0.87068 -0.45477 0.485867 
1534185600754 0.309695 0.919454 -0.242269 -0.594415 -0.942626 0.330298 0.0485708 -0.193899 0.124679 0.213327 0.968993 0.342102 0.31622 -0.384863 0.867113 0.400795 -0.930002 -0.306262 0.203222 -0.504304 0.187351 -0.87068 -0.45477 0.485867 
1534185600770 0.3097 0.919426 -0.242366 -0.594411 -0.942635 0.33029 0.0484537 -0.193887 0.124601 0.213456 0.968974 0.342122 0.31622 -0.384863 0.867113 0.400795 -0.930002 -0.306262 0.203222 -0.504304 0.187351 -0.87068 -0.45477 0.485867 
1534185600787 0.309705 0.919399 -0.242462 -0.594407 -0.942644 0.330283 0.0483366 -0.193875 0.124522 0.213586 0.968956 0.342142 0.31622 -0.384863 0.867113 0.400795 -0.930002 -0.306262 0.203222 -0.504304 0.187351 -0.87068 -0.45477 0.485867 
1534185600804 0.309711 0.919372 -0.242559 -0.594402 -0.942652 0.330275 0.0482194 -0.193863 0.124443 0.213715 0.968937 0.342162 0.31622 -0.384863 0.867113 0.400795 -0.930002 -0.306262 0.203222 -0.504304 0.187351 -0.87068 -0.45477 0.485867 
1534185600820 0.309716 0.919344 -0.242656 -0.594399 -0.942661 0.330267 0.0481023 -0.193852 0.124364 0.213844 0.968919 0.342182 0.31622 -0.384863 0.867113 0.400795 -0.930002 -0.306262 0.203222 -0.504304 0.187351 -0.87068 -0.45477 0.485867 
1534185600837 0.309721 0.919317 -0.242753 -0.594394 -0.94267 0.33026 0.0479851 -0.19384 0.124285 0.213974 0.968901 0.342202 0.31622 -0.384863 0.867113 0.400795 -0.930002 -0.306262 0.203222 -0.504304 0.187351 -0.87068 -0.45477 0.485867 
1534185600855 0.309727 0.91929 -0.24285 -0.594391 -0.942678 0.330252 0.0478681 -0.193829 0.124206 0.214103 0.968882 0.342221 0.31622 -0.384863 0.867113 0.400795 -0.930002 -0.306262 0.203222 -0.504304 0.187351 -0.87068 -0.45477 0.485867 
1534185600870 0.309732 0.919262 -0.242946 -0.594388 -0.942687 0.330244 0.047751 -0.193817 0.124127 0.214232 0.968864 0.342241 0.31622 -0.384863 0.867113 0.400795 -0.930002 -0.306262 0.203222 -0.504304 0.187351 -0.87068 -0.45477 0.485867 
1534185600895 0.309384 0.919482 -0.242559 -0.594383 -0.942683 0.330088 0.0488906 -0.193876 0.12502 0.213531 0.968904 0.342149 0.31622 -0.384863 0.867113 0.400795 -0.930002 -0.306262 0.203222 -0.504304 0.187351 -0.87068 -0.45477 0.485867 
1534185600908 0.309464 0.919504 -0.242374 -0.59439 -0.942708 0.330069 0.0485449 -0.193848 0.124637 0.213465 0.968968 0.342146 0.31622 -0.384863 0.867113 0.400795 -0.930002 -0.306262 0.203222 -0.504304 0.187351 -0.87068 -0.45477 0.485867 
1534185600914 0.309545 0.919525 -0.242188 -0.594401 -0.942731 0.330052 0.0481996 -0.193819 0.124255 0.213398 0.969031 0.342144 0.31622 -0.384863 0.867113 0.400795 -0.930002 -0.306262 0.203222 -0.504304 0.187351 -0.87068 -0.45477 0.485867 
1534185600927 0.309626 0.919547 -0.242001 -0.594413 -0.942755 0.330034 0.0478543 -0.19379 0.123873 0.213331 0.969095 0.342141 0.31622 -0.384863 0.867113 0.400795 -0.930002 -0.306262 0.203222 -0.504304 0.187351 -0.87068 -0.45477 0.485867 
1534185600944 0.309707 0.919569 -0.241815 -0.594425 -0.942779 0.330017 0.0475091 -0.193762 0.123491 0.213264 0.969159 0.342138 0.31622 -0.384863 0.867113 0.400795 -0.930002 -0.306262 0.203222 -0.504304 0.187351 -0.87068 -0.45477 0.485867 
1534185600961 0.309787 0.919591 -0.241629 -0.594438 -0.942802 0.329999 0.0471639 -0.193734 0.123109 0.213197 0.969222 0.342135 0.31622 -0.384863 0.867113 0.400795 -0.930002 -0.306262 0.203222 -0.504304 0.187351 -0.87068 -0.45477 0.485867 
1534185601057 0.309868 0.919613 -0.241443 -0.594449 -0.942826 0.329981 0.0468187 -0.193705 0.122727 0.213131 0.969285 0.342133 0.31622 -0.384863 0.867113 0.400795 -0.930002 -0.306262 0.203222 -0.504304 0.187351 -0.87068 -0.45477 0.485867 
1534185601074 0.309948 0.919635 -0.241256 -0.594462 -0.942849 0.329964 0.0464735 -0.193677 0.122344 0.213064 0.969348 0.34213 0.31622 -0.384863 0.867113 0.400795 -0.930002 -0.306262 0.203222 -0.504304 0.187351 -0.87068 -0.45477 0.485867 
1534185601092 0.310028 0.919656 -0.24107 -0.594474 -0.942872 0.329946 0.0461283 -0.193649 0.121962 0.212997 0.969411 0.342127 0.31622 -0.384863 0.867113 0.400795 -0.930002 -0.306262 0.203222 -0.504304 0.187351 -0.87068 -0.45477 0.485867 
1534185601108 0.310108 0.919678 -0.240883 -0.594489 -0.942895 0.329928 0.0457843 -0.193623 0.121581 0.212929 0.969474 0.342127 0.31622 -0.384863 0.867113 0.400795 -0.930002 -0.306262 0.203222 -0.504304 0.187351 -0.87068 -0.45477 0.485867 
1534185601134 0.309797 0.919616 -0.241522 -0.594439 -0.942782 0.330033 0.0473374 -0.193686 0.123242 0.213037 0.96924 0.342201 0.31622 -0.384863 0.867113 0.400795 -0.930002 -0.306262 0.203222 -0.504304 0.187351 -0.87068 -0.45477 0.485867 
1534185601147 0.309645 0.919691 -0.241428 -0.594427 -0.942787 0.329957 0.0477529 -0.193715 0.123579 0.212829 0.969243 0.342188 0.31622 -0.384863 0.867113 0.400795 -0.930002 -0.306262 0.203222 -0.504304 0.187351 -0.87068 -0.45477 0.485867 
1534185601164 0.309493 0.919768 -0.241332 -0.59442 -0.942793 0.329879 0.048169 -0.193747 0.123915 0.212618 0.969246 0.342172 0.31622 -0.384863 0.867113 0.400795 -0.930002 -0.306262 0.203222 -0.504304 0.187351 -0.87068 -0.45477 0.485867 
1534185601181 0.30934 0.919844 -0.241236 -0.594413 -0.942799 0.329801 0.0485849 -0.193779 0.124251 0.212408 0.969249 0.342156 0.31622 -0.384863 0.867113 0.400795 -0.930002 -0.306262 0.203222 -0.504304 0.187351 -0.87068 -0.45477 0.485867 
1534185601305 0.309187 0.919921 -0.241141 -0.594407 -0.942805 0.329724 0.0490009 -0.193811 0.124587 0.212198 0.969252 0.342141 0.31622 -0.384863 0.867113 0.400795 -0.930002 -0.306262 0.203222 -0.504304 0.187351 -0.87068 -0.45477 0.485867 
1534185601327 0.309035 0.919997 -0.241045 -0.5944 -0.942811 0.329646 0.0494169 -0.193843 0.124923 0.211988 0.969255 0.342125 0.31622 -0.384863 0.867113 0.400795 -0.930002 -0.306262 0.203222 -0.504304 0.187351 -0.87068 -0.45477 0.485867 
1534185601349 0.308882 0.920074 -0.240949 -0.594393 -0.942816 0.329568 0.0498327 -0.193875 0.125259 0.211778 0.969258 0.34211 0.31622 -0.384863 0.867113 0.400795 -0.930002 -0.306262 0.203222 -0.504304 0.187351 -0.87068 -0.45477 0.485867 
1534185601384 0.30873 0.92015 -0.240853 -0.594387 -0.942821 0.329489 0.0502486 -0.193907 0.125595 0.211568 0.96926 0.342094 0.31622 -0.384863 0.867113 0.400795 -0.930002 -0.306262 0.203222 -0.504304 0.187351 -0.87068 -0.45477 0.485867 
1534185601429 0.308578 0.920226 -0.240757 -0.594379 -0.942826 0.329411 0.0506644 -0.193939 0.125931 0.211358 0.969262 0.342079 0.31622 -0.384863 0.867113 0.400795 -0.930002 -0.306262 0.203222 -0.504304 0.187351 -0.87068 -0.45477 0.485867 
1534185601436 0.308425 0.920302 -0.240661 -0.594372 -0.942831 0.329333 0.0510802 -0.19397 0.126267 0.211148 0.969264 0.342064 0.31622 -0.384863 0.867113 0.400795 -0.930002 -0.306262 0.203222 -0.504304 0.187351 -0.87068 -0.45477 0.485867 
1534185601511 0.308874 0.920105 -0.24084 -0.594372 -0.942816 0.329558 0.0498958 -0.193877 0.12528 0.211656 0.969282 0.342125 0.31622 -0.384863 0.867113 0.400795 -0.930002 -0.306262 0.203222 -0.504304 0.187351 -0.87068 -0.45477 0.485867 
1534185601522 0.308876 0.920158 -0.240635 -0.594376 -0.942793 0.329587 0.0501415 -0.19389 0.125448 0.211382 0.96932 0.342109 0.31622 -0.384863 0.867113 0.400795 -0.930002 -0.306262 0.203222 -0.504304 0.187351 -0.87068 -0.45477 0.485867 
1534185601539 0.308877 0.920211 -0.24043 -0.594384 -0.94277 0.329614 0.0503869 -0.193904 0.125616 0.211107 0.969358 0.342092 0.31622 -0.384863 0.867113 0.400795 -0.930002 -0.306262 0.203222 -0.504304 0.187351 -0.87068 -0.45477 0.485867 
1534185601555 0.308878 0.920264 -0.240225 -0.594392 -0.942747 0.329642 0.0506322 -0.193919 0.125783 0.210832 0.969396 0.342075 0.31622 -0.384863 0.867113 0.400795 -0.930002 -0.306262 0.203222 -0.504304 0.187351 -0.87068 -0.45477 0.485867 
1534185601562 0.30888 0.920317 -0.24002 -0.594401 -0.942725 0.329669 0.0508775 -0.193934 0.125951 0.210558 0.969434 0.342058 0.31622 -0.384863 0.867113 0.400795 -0.930002 -0.306262 0.203222 -0.504304 0.187351 -0.87068 -0.45477 0.485867 
1534185601576 0.308881 0.92037 -0.239815 -0.594408 -0.942702 0.329697 0.0511227 -0.193948 0.126118 0.210283 0.969472 0.342041 0.31622 -0.384863 0.867113 0.400795 -0.930002 -0.306262 0.203222 -0.504304 0.187351 -0.87068 -0.45477 0.485867 
1534185601592 0.308882 0.920423 -0.23961 -0.594417 -0.942679 0.329724 0.0513681 -0.193962 0.126285 0.210009 0.969509 0.342024 0.31622 -0.384863 0.867113 0.400795 -0.930002 -0.306262 0.203222 -0.504304 0.187351 -0.87068 -0.45477 0.485867 
1534185601622 0.308884 0.920476 -0.239405 -0.594425 -0.942656 0.329751 0.0516133 -0.193977 0.126453 0.209734 0.969547 0.342007 0.31622 -0.384863 0.867113 0.400795 -0.930002 -0.306262 0.203222 -0.504304 0.187351 -0.87068 -0.45477 0.485867 
1534185601700 0.308885 0.920529 -0.2392 -0.594434 -0.942633 0.329778 0.0518587 -0.193992 0.12662 0.209459 0.969585 0.34199 0.31622 -0.384863 0.867113 0.400795 -0.930002 -0.306262 0.203222 -0.504304 0.187351 -0.87068 -0.45477 0.485867 
1534185601707 0.308887 0.920582 -0.238995 -0.594442 -0.94261 0.329805 0.052104 -0.194006 0.126788 0.209185 0.969622 0.341973 0.31622 -0.384863 0.867113 0.400795 -0.930002 -0.306262 0.203222 -0.504304 0.187351 -0.87068 -0.45477 0.485867 
1534185601737 0.30922 0.920283 -0.239713 -0.594371 -0.942576 0.330045 0.0511901 -0.193971 0.126225 0.210118 0.969493 0.34207 0.31622 -0.384863 0.867113 0.400795 -0.930002 -0.306262 0.203222 -0.504304 0.187351 -0.87068 -0.45477 0.485867 
1534185601753 0.309269 0.920274 -0.239684 -0.594371 -0.942595 0.330033 0.0509259 -0.193958 0.12597 0.210175 0.969514 0.342063 0.31622 -0.384863 0.867113 0.400795 -0.930002 -0.306262 0.203222 -0.504304 0.187351 -0.87068 -0.45477 0.485867 
1534185601770 0.309318 0.920265 -0.239656 -0.594371 -0.942613 0.330023 0.0506613 -0.193942 0.125714 0.210233 0.969535 0.342057 0.31622 -0.384863 0.867113 0.400795 -0.930002 -0.306262 0.203222 -0.504304 0.187351 -0.87068 -0.45477 0.485867 
1534185601786 0.309367 0.920256 -0.239628 -0.59437 -0.942631 0.330012 0.0503966 -0.193926 0.125458 0.21029 0.969556 0.342052 0.31622 -0.384863 0.867113 0.400795 -0.930002 -0.306262 0.203222 -0.504304 0.187351 -0.87068 -0.45477 0.485867 
1534185601878 0.309416 0.920246 -0.2396 -0.594369 -0.942648 0.330001 0.0501321 -0.193911 0.125202 0.210347 0.969576 0.342046 0.31622 -0.384863 0.867113 0.400795 -0.930002 -0.306262 0.203222 -0.504304 0.187351 -0.87068 -0.45477 0.485867 
1534185601885 0.309466 0.920237 -0.239572 -0.594367 -0.942666 0.329991 0.0498673 -0.193895 0.124946 0.210405 0.969597 0.342041 0.31622 -0.384863 0.867113 0.400795 -0.930002 -0.306262 0.203222 -0.504304 0.187351 -0.87068 -0.45477 0.485867 
1534185601910 0.309515 0.920228 -0.239545 -0.594365 -0.942684 0.32998 0.0496026 -0.193879 0.124691 0.210462 0.969617 0.342036 0.31622 -0.384863 0.867113 0.400795 -0.930002 -0.306262 0.203222 -0.504304 0.187351 -0.87068 -0.45477 0.485867 
1534185601925 0.309564 0.920218 -0.239516 -0.594364 -0.942702 0.329969 0.049338 -0.193863 0.124435 0.210519 0.969638 0.342031 0.31622 -0.384863 0.867113 0.400795 -0.930002 -0.306262 0.203222 -0.504304 0.187351 -0.87068 -0.45477 0.485867 
1534185601941 0.309613 0.920209 -0.239488 -0.594363 -0.942719 0.329958 0.0490734 -0.193848 0.124179 0.210576 0.969658 0.342025 0.31622 -0.384863 0.867113 0.400795 -0.930002 -0.306262 0.203222 -0.504304 0.187351 -0.87068 -0.45477 0.485867 
1534185601958 0.309662 0.9202 -0.239461 -0.594361 -0.942737 0.329948 0.0488087 -0.193831 0.123923 0.210634 0.969678 0.34202 0.31622 -0.384863 0.867113 0.400795 -0.930002 -0.306262 0.203222 -0.504304 0.187351 -0.87068 -0.45477 0.485867 
1534185601983 0.309446 0.920202 -0.239734 -0.594364 -0.942614 0.330079 0.0502684 -0.193995 0.125388 0.210421 0.969536 0.342056 0.31622 -0.384863 0.867113 0.400795 -0.930002 -0.306262 0.203222 -0.504304 0.187351 -0.87068 -0.45477 0.485867 
1534185601995 0.309526 0.920217 -0.239569 -0.59437 -0.942619 0.330096 0.0500685 -0.193977 0.125155 0.210325 0.969587 0.342028 0.31622 -0.384863 0.867113 0.400795 -0.930002 -0.306262 0.203222 -0.504304 0.187351 -0.87068 -0.45477 0.485867 
1534185602011 0.309608 0.920233 -0.239404 -0.594379 -0.942623 0.330114 0.0498683 -0.19396 0.124921 0.210228 0.969639 0.341999 0.31622 -0.384863 0.867113 0.400795 -0.930002 -0.306262 0.203222 -0.504304 0.187351 -0.87068 -0.45477 0.485867 
1534185602028 0.309689 0.920249 -0.239238 -0.594391 -0.942627 0.330132 0.0496682 -0.193943 0.124687 0.210131 0.96969 0.34197 0.31622 -0.384863 0.867113 0.400795 -0.930002 -0.306262 0.203222 -0.504304 0.187351 -0.87068 -0.45477 0.485867 
1534185602045 0.30977 0.920265 -0.239073 -0.5944 -0.942631 0.33015 0.049468 -0.193926 0.124453 0.210034 0.969741 0.341941 0.31622 -0.384863 0.867113 0.400795 -0.930002 -0.306262 0.203222 -0.504304 0.187351 -0.87068 -0.45477 0.485867 
1534185602061 0.309851 0.92028 -0.238907 -0.594412 -0.942636 0.330168 0.049268 -0.193909 0.12422 0.209936 0.969792 0.341912 0.31622 -0.384863 0.867113 0.400795 -0.930002 -0.306262 0.203222 -0.504304 0.187351 -0.87068 -0.45477 0.485867 
1534185602078 0.309932 0.920296 -0.238741 -0.594421 -0.94264 0.330186 0.0490678 -0.193892 0.123986 0.209839 0.969843 0.341883 0.31622 -0.384863 0.867113 0.400795 -0.930002 -0.306262 0.203222 -0.504304 0.187351 -0.87068 -0.45477 0.485867 
1534185602095 0.310013 0.920312 -0.238575 -0.594432 -0.942644 0.330204 0.0488678 -0.193875 0.123752 0.209742 0.969894 0.341853 0.31622 -0.384863 0.867113 0.400795 -0.930002 -0.306262 0.203222 -0.504304 0.187351 -0.87068 -0.45477 0.485867 
1534185602112 0.310094 0.920328 -0.238409 -0.594442 -0.942648 0.330222 0.0486677 -0.193858 0.123518 0.209645 0.969945 0.341824 0.31622 -0.384863 0.867113 0.400795 -0.930002 -0.306262 0.203222 -0.504304 0.187351 -0.87068 -0.45477 0.485867 
1534185602133 0.310175 0.920343 -0.238243 -0.594454 -0.942652 0.33024 0.0484677 -0.193842 0.123284 0.209547 0.969995 0.341795 0.31622 -0.384863 0.867113 0.400795 -0.930002 -0.306262 0.203222 -0.504304 0.187351 -0.87068 -0.45477 0.485867 
1534185602170 0.309926 0.920244 -0.238949 -0.594359 -0.94261 0.330244 0.0492384 -0.193908 0.124223 0.209975 0.969783 0.341951 0.31622 -0.384863 0.867113 0.400795 -0.930002 -0.306262 0.203222 -0.504304 0.187351 -0.87068 -0.45477 0.485867 
1534185602182 0.310029 0.920237 -0.238845 -0.594371 -0.942622 0.330262 0.0489008 -0.193881 0.123882 0.20998 0.969826 0.341941 0.31622 -0.384863 0.867113 0.400795 -0.930002 -0.306262 0.203222 -0.504304 0.187351 -0.87068 -0.45477 0.485867 
1534185602198 0.310131 0.920229 -0.238741 -0.594385 -0.942633 0.33028 0.0485619 -0.193852 0.12354 0.209985 0.969868 0.341931 0.31622 -0.384863 0.867113 0.400795 -0.930002 -0.306262 0.203222 -0.504304 0.187351 -0.87068 -0.45477 0.485867 
1534185602215 0.310233 0.920222 -0.238638 -0.5944 -0.942644 0.330298 0.0482236 -0.193823 0.123198 0.20999 0.969911 0.341921 0.31622 -0.384863 0.867113 0.400795 -0.930002 -0.306262 0.203222 -0.504304 0.187351 -0.87068 -0.45477 0.485867 
1534185602231 0.310336 0.920214 -0.238534 -0.594413 -0.942655 0.330316 0.0478843 -0.193795 0.122855 0.209995 0.969953 0.341912 0.31622 -0.384863 0.867113 0.400795 -0.930002 -0.306262 0.203222 -0.504304 0.187351 -0.87068 -0.45477 0.485867 
1534185602248 0.310438 0.920206 -0.23843 -0.594427 -0.942666 0.330334 0.0475456 -0.193766 0.122513 0.21 0.969995 0.341902 0.31622 -0.384863 0.867113 0.400795 -0.930002 -0.306262 0.203222 -0.504304 0.187351 -0.87068 -0.45477 0.485867 
1534185602255 0.31054 0.920199 -0.238326 -0.594441 -0.942677 0.330352 0.0472069 -0.193738 0.122171 0.210005 0.970037 0.341892 0.31622 -0.384863 0.867113 0.400795 -0.930002 -0.306262 0.203222 -0.504304 0.187351 -0.87068 -0.45477 0.485867 
1534185602306 0.310642 0.920191 -0.238222 -0.594459 -0.942687 0.33037 0.0468693 -0.19371 0.12183 0.210009 0.970079 0.341887 0.31622 -0.384863 0.867113 0.400795 -0.930002 -0.306262 0.203222 -0.504304 0.187351 -0.87068 -0.45477 0.485867 
