0.275657 -0.8825 0.381061 -0.604483 0.633204 0.464965 0.618757 -0.181741 -0.723233 0.0707247 0.686973 0.426588 -0.0156816 -0.99465 -0.102101 0.371412 -0.153188 0.103298 -0.982783 -0.491509 0.988073 0.000229098 -0.153988 0.440901 
0.320923 -0.916034 0.240605 0.0954863 -0.111305 -0.28876 -0.95091 -0.48646 0.940542 0.278388 -0.194628 0.490352 -0.0156821 -0.994613 -0.102462 0.372938 -0.153146 0.103655 -0.982752 -0.491521 0.988079 0.000280073 -0.153946 0.44087 
0.238008 -0.926606 0.291124 0.162094 0.102588 -0.274078 -0.95622 -0.45934 0.96583 0.257454 0.0298258 0.472111 -0.0156838 -0.994576 -0.102824 0.374464 -0.153103 0.104012 -0.982721 -0.49153 0.988086 0.000329789 -0.153904 0.440839 
0.17415 -0.92995 0.323829 0.0919549 0.342759 -0.251043 -0.905259 -0.435778 0.923141 0.268646 0.275029 0.459276 -0.0156854 -0.994539 -0.103185 0.375989 -0.153061 0.10437 -0.98269 -0.49154 0.988092 0.000379682 -0.153862 0.440808 
0.107001 -0.934071 0.34068 -0.00245771 0.563865 -0.225207 -0.794568 -0.40919 0.818906 0.277117 0.502592 0.4492 -0.0156879 -0.994501 -0.103546 0.377515 -0.153018 0.104727 -0.982659 -0.491548 0.988099 0.000428539 -0.153819 0.440777 
0.0395687 -0.939031 0.341548 -0.101022 0.7494 -0.198206 -0.631755 -0.377859 0.660935 0.280954 0.695867 0.437153 -0.0156904 -0.994463 -0.103907 0.379039 -0.152975 0.105084 -0.982627 -0.491556 0.988106 0.000477347 -0.153777 0.440747 
-0.0247761 -0.944724 0.326928 -0.198401 0.88787 -0.171087 -0.427103 -0.34406 0.459428 0.279688 0.843031 0.423964 -0.0156928 -0.994425 -0.104268 0.380562 -0.152932 0.105441 -0.982596 -0.491559 0.988112 0.000526244 -0.153734 0.440717 
-0.0841659 -0.952214 0.293605 -0.295318 0.970347 -0.145325 -0.193151 -0.318818 0.226589 0.268642 0.93621 0.418977 -0.0156955 -0.994387 -0.104629 0.382077 -0.15289 0.105798 -0.982564 -0.491553 0.988119 0.000574821 -0.153692 0.440688 
-0.133634 -0.960725 0.243208 -0.390458 0.990791 -0.124122 0.0540949 -0.299082 -0.021783 0.248197 0.968465 0.419029 -0.015695 -0.99435 -0.104989 0.383553 -0.152847 0.106153 -0.982532 -0.491521 0.988125 0.000626378 -0.153649 0.440662 
-0.168825 -0.968147 0.184903 -0.468879 0.948999 -0.108984 0.295843 -0.2763 -0.266268 0.225419 0.93717 0.411822 -0.0156647 -0.994312 -0.105346 0.384818 -0.152803 0.106502 -0.982501 -0.49144 0.988133 0.000706584 -0.153602 0.440635 
-0.168825 -0.968147 0.184903 -0.468879 0.948999 -0.108984 0.295843 -0.2763 -0.266268 0.225419 0.93717 0.411822 -0.0165023 -0.994499 -0.103441 0.381253 -0.153266 0.104748 -0.982618 -0.491837 0.988047 -0.0003614 -0.154152 0.440953 
0.309255 -0.91851 0.246373 0.1352 -0.10662 -0.290929 -0.950785 -0.504825 0.944983 0.267767 -0.187903 0.457884 -0.0164225 -0.994476 -0.103669 0.381795 -0.153216 0.104961 -0.982603 -0.491814 0.988056 -0.000253114 -0.154093 0.440917 
0.23733 -0.926671 0.29147 0.170333 0.10325 -0.27428 -0.956091 -0.46605 0.965926 0.257004 0.0305836 0.464513 -0.0163424 -0.994454 -0.103896 0.382336 -0.153165 0.105174 -0.982588 -0.49179 0.988065 -0.000144598 -0.154034 0.440881 
0.174097 -0.929909 0.323974 0.0929164 0.342922 -0.251152 -0.905167 -0.437764 0.92309 0.268685 0.275162 0.457469 -0.0162626 -0.994431 -0.104124 0.382878 -0.153114 0.105386 -0.982573 -0.491767 0.988075 -3.62816e-05 -0.153975 0.440845 
0.107044 -0.934046 0.340734 -0.00256499 0.56382 -0.225246 -0.794589 -0.409541 0.818932 0.277168 0.502523 0.449217 -0.0161829 -0.994409 -0.104352 0.383419 -0.153064 0.105599 -0.982558 -0.491743 0.988084 7.18524e-05 -0.153917 0.440809 
0.039291 -0.939242 0.341 -0.10088 0.749452 -0.198012 -0.631753 -0.37959 0.660891 0.280385 0.696137 0.439775 -0.0161034 -0.994386 -0.104579 0.38396 -0.153013 0.105812 -0.982543 -0.491719 0.988093 0.000179714 -0.153858 0.440773 
-0.0257837 -0.945499 0.324604 -0.198765 0.887986 -0.170802 -0.426975 -0.350009 0.459147 0.277235 0.843993 0.430618 -0.0160235 -0.994364 -0.104807 0.384501 -0.152962 0.106024 -0.982528 -0.491693 0.988102 0.000287898 -0.153799 0.440737 
-0.0850336 -0.95304 0.290662 -0.296283 0.970301 -0.14551 -0.193243 -0.325236 0.226463 0.265598 0.937109 0.425648 -0.0159436 -0.994341 -0.105034 0.385039 -0.152912 0.106237 -0.982513 -0.491664 0.988111 0.000396153 -0.15374 0.440702 
-0.133807 -0.961 0.242021 -0.390914 0.990766 -0.124333 0.054073 -0.301578 -0.0218729 0.247021 0.968763 0.421893 -0.0158628 -0.994318 -0.105262 0.385563 -0.152861 0.106449 -0.982498 -0.491627 0.98812 0.000505203 -0.153681 0.440668 
-0.168822 -0.968162 0.184831 -0.468576 0.948972 -0.108979 0.295932 -0.276934 -0.266367 0.225359 0.937156 0.412683 -0.0157727 -0.994296 -0.105488 0.386015 -0.152812 0.106658 -0.982483 -0.491574 0.988129 0.000623355 -0.153622 0.440637 
-0.168822 -0.968162 0.184831 -0.468576 0.948972 -0.108979 0.295932 -0.276934 -0.266367 0.225359 0.937156 0.412683 -0.0156746 -0.994343 -0.10505 0.384613 -0.152789 0.106211 -0.982535 -0.491474 0.988135 0.00064969 -0.15359 0.440726 
0.308953 -0.918765 0.245803 0.136331 -0.105426 -0.289937 -0.951221 -0.510612 0.945216 0.267969 -0.186439 0.454167 -0.0156778 -0.994336 -0.105116 0.384818 -0.152786 0.106277 -0.982528 -0.491487 0.988135 0.000656486 -0.153587 0.440713 
0.237432 -0.926624 0.291537 0.170488 0.103599 -0.274253 -0.956061 -0.468348 0.965864 0.257202 0.0308806 0.463097 -0.0156807 -0.994329 -0.105184 0.385024 -0.152783 0.106344 -0.982521 -0.4915 0.988135 0.000663718 -0.153584 0.440699 
0.174128 -0.929888 0.324017 0.0926864 0.342995 -0.251164 -0.905136 -0.438361 0.923057 0.268746 0.275213 0.457044 -0.0156835 -0.994322 -0.105251 0.385229 -0.15278 0.106411 -0.982515 -0.491512 0.988136 0.000670911 -0.153582 0.440686 
0.107049 -0.934047 0.34073 -0.00266013 0.563809 -0.225244 -0.794597 -0.409703 0.818939 0.277168 0.502512 0.449325 -0.0156864 -0.994315 -0.105317 0.385435 -0.152777 0.106477 -0.982508 -0.491525 0.988136 0.000678056 -0.153579 0.440672 
0.039129 -0.939346 0.340731 -0.100761 0.749477 -0.197936 -0.631748 -0.38041 0.660873 0.28009 0.696273 0.440888 -0.0156895 -0.994308 -0.105384 0.38564 -0.152774 0.106543 -0.982501 -0.491538 0.988137 0.000684999 -0.153576 0.440659 
-0.0261646 -0.945762 0.323804 -0.198791 0.888018 -0.170738 -0.426935 -0.352069 0.459065 0.276373 0.844321 0.432925 -0.0156929 -0.994301 -0.10545 0.385845 -0.152772 0.106609 -0.982494 -0.491549 0.988137 0.000691631 -0.153574 0.440646 
-0.0852922 -0.953262 0.289856 -0.296502 0.970292 -0.145574 -0.193239 -0.327048 0.226403 0.264763 0.937359 0.427646 -0.0156951 -0.994294 -0.105517 0.386049 -0.152769 0.106676 -0.982488 -0.49156 0.988137 0.000699447 -0.153571 0.440633 
-0.133852 -0.961069 0.241725 -0.390972 0.990759 -0.124383 0.0540884 -0.302232 -0.0219161 0.246731 0.968836 0.422724 -0.0156978 -0.994287 -0.105584 0.386248 -0.152766 0.106742 -0.982481 -0.491565 0.988138 0.000706758 -0.153568 0.440621 
-0.168785 -0.968165 0.184845 -0.468393 0.94898 -0.108943 0.29592 -0.277164 -0.266362 0.225361 0.937157 0.412996 -0.0156969 -0.99428 -0.10565 0.386417 -0.152763 0.106807 -0.982474 -0.491562 0.988138 0.000717535 -0.153565 0.440609 
-0.168785 -0.968165 0.184845 -0.468393 0.94898 -0.108943 0.29592 -0.277164 -0.266362 0.225361 0.937157 0.412996 -0.0156511 -0.994306 -0.105403 0.384871 -0.152841 0.106556 -0.982489 -0.491428 0.988127 0.000732845 -0.153639 0.4406 
0.308886 -0.918844 0.245592 0.136629 -0.105025 -0.289592 -0.951371 -0.512822 0.945283 0.268072 -0.185952 0.452676 -0.0156563 -0.994303 -0.105435 0.385051 -0.152833 0.106588 -0.982487 -0.491445 0.988128 0.000731794 -0.153631 0.440599 
0.237471 -0.926605 0.291564 0.170487 0.103742 -0.274242 -0.956049 -0.469262 0.965839 0.257281 0.031003 0.462524 -0.0156615 -0.9943 -0.105466 0.38523 -0.152825 0.10662 -0.982485 -0.491463 0.988129 0.00073066 -0.153623 0.440598 
0.17414 -0.929881 0.324033 0.0925774 0.343027 -0.251167 -0.905123 -0.438609 0.923043 0.26877 0.275236 0.456869 -0.0156667 -0.994296 -0.105498 0.38541 -0.152816 0.106652 -0.982483 -0.49148 0.98813 0.000729488 -0.153616 0.440598 
0.107048 -0.934049 0.340725 -0.00269602 0.563806 -0.225241 -0.7946 -0.409784 0.818941 0.277163 0.502511 0.449376 -0.015672 -0.994293 -0.105529 0.38559 -0.152808 0.106684 -0.982481 -0.491497 0.988132 0.000728271 -0.153608 0.440597 
0.039056 -0.939391 0.340616 -0.100706 0.749488 -0.197905 -0.631745 -0.380763 0.660865 0.279961 0.696333 0.441348 -0.0156775 -0.994289 -0.105561 0.385769 -0.1528 0.106716 -0.982478 -0.491515 0.988133 0.000726867 -0.1536 0.440596 
-0.0263148 -0.945862 0.3235 -0.19879 0.888029 -0.170718 -0.426918 -0.352859 0.459033 0.276043 0.844446 0.433812 -0.0156833 -0.994286 -0.105592 0.385949 -0.152792 0.106748 -0.982476 -0.491531 0.988134 0.000725161 -0.153593 0.440595 
-0.0853859 -0.95334 0.289572 -0.296573 0.97029 -0.145597 -0.193233 -0.327693 0.226377 0.264469 0.937448 0.428376 -0.0156885 -0.994282 -0.105623 0.386127 -0.152784 0.106779 -0.982474 -0.491546 0.988135 0.000723975 -0.153586 0.440595 
-0.133868 -0.961092 0.241624 -0.39098 0.990756 -0.1244 0.0540963 -0.302459 -0.0219335 0.246632 0.968861 0.423025 -0.015693 -0.994279 -0.105654 0.3863 -0.152776 0.106811 -0.982472 -0.491557 0.988136 0.000723464 -0.153578 0.440595 
-0.168763 -0.968166 0.184863 -0.46831 0.948987 -0.108919 0.295907 -0.277256 -0.266351 0.22537 0.937158 0.41312 -0.0156951 -0.994276 -0.105685 0.386448 -0.152768 0.106842 -0.98247 -0.491559 0.988137 0.000725362 -0.15357 0.440595 
-0.168763 -0.968166 0.184863 -0.46831 0.948987 -0.108919 0.295907 -0.277256 -0.266351 0.22537 0.937158 0.41312 -0.0156858 -0.994303 -0.105432 0.384876 -0.152828 0.106591 -0.982488 -0.491435 0.988128 0.000701956 -0.153629 0.440607 
0.308866 -0.918874 0.245505 0.136731 -0.104867 -0.289453 -0.951431 -0.513744 0.945307 0.268119 -0.185761 0.452043 -0.0156874 -0.9943 -0.10546 0.385055 -0.152821 0.106619 -0.982486 -0.491452 0.988129 0.00070392 -0.153622 0.440605 
0.237488 -0.926598 0.291575 0.170477 0.103803 -0.274236 -0.956044 -0.46965 0.965828 0.257315 0.0310555 0.462279 -0.0156892 -0.994297 -0.105489 0.385234 -0.152814 0.106647 -0.982484 -0.491468 0.98813 0.000705841 -0.153616 0.440604 
0.174145 -0.929877 0.32404 0.0925281 0.343041 -0.251168 -0.905118 -0.438716 0.923037 0.26878 0.275246 0.456794 -0.015691 -0.994294 -0.105518 0.385414 -0.152807 0.106676 -0.982482 -0.491485 0.988131 0.000707758 -0.153609 0.440603 
0.107047 -0.93405 0.340722 -0.00271102 0.563805 -0.225239 -0.794602 -0.409822 0.818942 0.27716 0.502511 0.449399 -0.0156928 -0.994291 -0.105546 0.385593 -0.1528 0.106704 -0.98248 -0.491502 0.988132 0.000709642 -0.153602 0.440601 
0.0390235 -0.939411 0.340566 -0.100681 0.749493 -0.197893 -0.631743 -0.380917 0.660862 0.279904 0.696359 0.441546 -0.0156948 -0.994288 -0.105575 0.385772 -0.152794 0.106733 -0.982478 -0.491518 0.988133 0.000711343 -0.153596 0.4406 
-0.0263781 -0.945904 0.323373 -0.198788 0.888034 -0.170711 -0.426911 -0.353188 0.45902 0.275905 0.844498 0.434183 -0.0156971 -0.994284 -0.105603 0.385951 -0.152787 0.106761 -0.982476 -0.491534 0.988134 0.000712746 -0.15359 0.440598 
-0.0854241 -0.953371 0.289458 -0.2966 0.970289 -0.145607 -0.193229 -0.327955 0.226366 0.264351 0.937484 0.428675 -0.0156989 -0.994281 -0.105631 0.386128 -0.15278 0.106789 -0.982474 -0.491548 0.988135 0.000714664 -0.153583 0.440597 
-0.133874 -0.961101 0.241583 -0.390981 0.990755 -0.124406 0.0540999 -0.302551 -0.021941 0.246593 0.968871 0.423149 -0.0157 -0.994278 -0.10566 0.386301 -0.152773 0.106818 -0.982472 -0.491558 0.988137 0.000717254 -0.153576 0.440596 
-0.168753 -0.968166 0.184871 -0.468273 0.94899 -0.108909 0.2959 -0.277295 -0.266346 0.225375 0.937158 0.413173 -0.0156986 -0.994275 -0.105688 0.386449 -0.152766 0.106845 -0.98247 -0.49156 0.988138 0.000722201 -0.153569 0.440596 
-0.168753 -0.968166 0.184871 -0.468273 0.94899 -0.108909 0.2959 -0.277295 -0.266346 0.225375 0.937158 0.413173 -0.0156946 -0.994303 -0.105433 0.384877 -0.152823 0.106592 -0.982488 -0.491437 0.988129 0.000692786 -0.153625 0.440608 
0.308858 -0.918887 0.245467 0.136771 -0.1048 -0.289393 -0.951456 -0.514144 0.945317 0.26814 -0.185681 0.451766 -0.0156954 -0.9943 -0.105461 0.385056 -0.152816 0.10662 -0.982486 -0.491453 0.98813 0.000695637 -0.153619 0.440606 
0.237496 -0.926594 0.29158 0.17047 0.10383 -0.274234 -0.956041 -0.469822 0.965824 0.25733 0.0310787 0.462171 -0.0156963 -0.994297 -0.105489 0.385235 -0.15281 0.106648 -0.982484 -0.49147 0.988131 0.000698504 -0.153612 0.440605 
0.174147 -0.929876 0.324043 0.0925058 0.343047 -0.251168 -0.905115 -0.438764 0.923034 0.268785 0.275251 0.45676 -0.0156972 -0.994294 -0.105518 0.385414 -0.152804 0.106677 -0.982482 -0.491486 0.988132 0.000701348 -0.153606 0.440603 
0.107046 -0.934051 0.34072 -0.00271759 0.563804 -0.225238 -0.794602 -0.409839 0.818942 0.277159 0.502511 0.44941 -0.0156981 -0.99429 -0.105547 0.385593 -0.152797 0.106705 -0.98248 -0.491503 0.988133 0.000704151 -0.1536 0.440602 
0.039009 -0.939419 0.340543 -0.100669 0.749495 -0.197887 -0.631742 -0.380985 0.66086 0.279879 0.69637 0.441633 -0.0156992 -0.994287 -0.105575 0.385772 -0.152791 0.106733 -0.982478 -0.491519 0.988134 0.000706769 -0.153594 0.4406 
-0.0264058 -0.945922 0.323317 -0.198786 0.888037 -0.170707 -0.426908 -0.353332 0.459014 0.275845 0.844521 0.434345 -0.0157006 -0.994284 -0.105603 0.385951 -0.152785 0.106762 -0.982476 -0.491535 0.988135 0.000709089 -0.153588 0.440599 
-0.0854405 -0.953385 0.289409 -0.296611 0.970289 -0.145611 -0.193228 -0.328067 0.226362 0.2643 0.9375 0.428804 -0.0157015 -0.994281 -0.105632 0.386129 -0.152779 0.10679 -0.982474 -0.491549 0.988136 0.000711922 -0.153582 0.440597 
-0.133877 -0.961105 0.241566 -0.390981 0.990755 -0.124409 0.0541015 -0.30259 -0.0219442 0.246576 0.968875 0.423202 -0.0157017 -0.994278 -0.10566 0.386302 -0.152772 0.106818 -0.982472 -0.491559 0.988137 0.000715425 -0.153575 0.440597 
-0.168748 -0.968166 0.184875 -0.468257 0.948992 -0.108904 0.295897 -0.277312 -0.266344 0.225377 0.937159 0.413195 -0.0156995 -0.994275 -0.105688 0.386449 -0.152766 0.106845 -0.98247 -0.49156 0.988138 0.000721268 -0.153569 0.440596 
-0.168748 -0.968166 0.184875 -0.468257 0.948992 -0.108904 0.295897 -0.277312 -0.266344 0.225377 0.937159 0.413195 -0.0156996 -0.994303 -0.10543 0.384878 -0.152821 0.10659 -0.982489 -0.491438 0.988129 0.000687144 -0.153623 0.440609 
0.308855 -0.918892 0.24545 0.136787 -0.104771 -0.289367 -0.951467 -0.514321 0.945321 0.26815 -0.185646 0.451644 -0.0157004 -0.9943 -0.105459 0.385057 -0.152814 0.106619 -0.982487 -0.491454 0.98813 0.000690168 -0.153617 0.440607 
0.237499 -0.926593 0.291583 0.170467 0.103842 -0.274233 -0.95604 -0.469897 0.965821 0.257337 0.0310889 0.462123 -0.0157008 -0.994297 -0.105487 0.385236 -0.152808 0.106647 -0.982485 -0.491471 0.988131 0.000693543 -0.153611 0.440606 
0.174148 -0.929875 0.324044 0.0924958 0.34305 -0.251168 -0.905114 -0.438785 0.923033 0.268787 0.275253 0.456745 -0.0157011 -0.994294 -0.105516 0.385415 -0.152802 0.106676 -0.982482 -0.491487 0.988132 0.000696987 -0.153605 0.440604 
0.107046 -0.934051 0.34072 -0.0027205 0.563804 -0.225238 -0.794602 -0.409847 0.818942 0.277158 0.502511 0.449414 -0.0157015 -0.994291 -0.105545 0.385594 -0.152796 0.106704 -0.98248 -0.491503 0.988133 0.000700408 -0.153599 0.440602 
0.0390025 -0.939423 0.340534 -0.100664 0.749496 -0.197884 -0.631742 -0.381015 0.660859 0.279868 0.696375 0.441672 -0.0157021 -0.994288 -0.105574 0.385773 -0.15279 0.106733 -0.982478 -0.49152 0.988134 0.000703648 -0.153593 0.440601 
-0.026418 -0.94593 0.323293 -0.198786 0.888038 -0.170706 -0.426906 -0.353395 0.459011 0.275818 0.844531 0.434416 -0.0157029 -0.994284 -0.105602 0.385951 -0.152784 0.106761 -0.982476 -0.491535 0.988135 0.000706592 -0.153587 0.440599 
-0.0854477 -0.953391 0.289387 -0.296616 0.970289 -0.145613 -0.193227 -0.328117 0.226359 0.264278 0.937506 0.428861 -0.0157032 -0.994281 -0.105631 0.386129 -0.152778 0.106789 -0.982474 -0.491549 0.988136 0.000710049 -0.153581 0.440598 
-0.133878 -0.961107 0.241559 -0.390981 0.990755 -0.12441 0.0541022 -0.302607 -0.0219456 0.246569 0.968877 0.423225 -0.0157029 -0.994278 -0.10566 0.386302 -0.152772 0.106818 -0.982472 -0.491559 0.988137 0.000714176 -0.153575 0.440597 
-0.168746 -0.968166 0.184877 -0.46825 0.948992 -0.108901 0.295896 -0.277319 -0.266343 0.225378 0.937159 0.413206 -0.0157001 -0.994275 -0.105688 0.386449 -0.152766 0.106845 -0.98247 -0.49156 0.988138 0.000720628 -0.153569 0.440596 
-0.168746 -0.968166 0.184877 -0.46825 0.948992 -0.108901 0.295896 -0.277319 -0.266343 0.225378 0.937159 0.413206 -0.0157036 -0.994303 -0.105428 0.384878 -0.152819 0.106589 -0.982489 -0.491439 0.988129 0.000682835 -0.153622 0.44061 
0.308854 -0.918894 0.245443 0.136795 -0.104758 -0.289355 -0.951472 -0.5144 0.945323 0.268154 -0.18563 0.451589 -0.0157032 -0.9943 -0.105458 0.385057 -0.152813 0.106618 -0.982487 -0.491455 0.98813 0.000687067 -0.153616 0.440608 
0.2375 -0.926592 0.291584 0.170465 0.103847 -0.274233 -0.95604 -0.469931 0.965821 0.25734 0.0310935 0.462101 -0.0157031 -0.994297 -0.105486 0.385236 -0.152807 0.106647 -0.982485 -0.491472 0.988131 0.000690993 -0.15361 0.440606 
0.174148 -0.929875 0.324044 0.0924913 0.343051 -0.251168 -0.905113 -0.438795 0.923032 0.268788 0.275254 0.456738 -0.0157032 -0.994294 -0.105515 0.385415 -0.152801 0.106675 -0.982483 -0.491488 0.988132 0.000694795 -0.153604 0.440605 
0.107046 -0.934051 0.340719 -0.00272179 0.563804 -0.225238 -0.794602 -0.409851 0.818942 0.277158 0.502511 0.449416 -0.0157032 -0.994291 -0.105544 0.385594 -0.152795 0.106704 -0.982481 -0.491504 0.988133 0.000698537 -0.153598 0.440603 
0.0389996 -0.939425 0.340529 -0.100662 0.749496 -0.197883 -0.631742 -0.381029 0.660859 0.279863 0.696378 0.441689 -0.0157035 -0.994288 -0.105573 0.385773 -0.152789 0.106732 -0.982478 -0.49152 0.988134 0.000702091 -0.153592 0.440601 
-0.0264234 -0.945934 0.323282 -0.198786 0.888038 -0.170705 -0.426905 -0.353423 0.45901 0.275807 0.844536 0.434448 -0.015704 -0.994284 -0.105602 0.385951 -0.152783 0.106761 -0.982476 -0.491536 0.988135 0.000705347 -0.153587 0.440599 
-0.085451 -0.953393 0.289378 -0.296618 0.970289 -0.145614 -0.193227 -0.328139 0.226358 0.264268 0.93751 0.428886 -0.0157041 -0.994281 -0.10563 0.386129 -0.152778 0.106789 -0.982474 -0.491549 0.988136 0.000709116 -0.153581 0.440598 
-0.133879 -0.961107 0.241555 -0.39098 0.990755 -0.124411 0.0541025 -0.302615 -0.0219463 0.246565 0.968878 0.423236 -0.0157034 -0.994278 -0.105659 0.386302 -0.152772 0.106818 -0.982472 -0.491559 0.988137 0.000713554 -0.153575 0.440597 
-0.168745 -0.968166 0.184878 -0.468246 0.948993 -0.1089 0.295895 -0.277323 -0.266342 0.225379 0.937159 0.41321 -0.0157004 -0.994275 -0.105688 0.386449 -0.152765 0.106845 -0.98247 -0.49156 0.988138 0.000720314 -0.153568 0.440596 
-0.168745 -0.968166 0.184878 -0.468246 0.948993 -0.1089 0.295895 -0.277323 -0.266342 0.225379 0.937159 0.41321 -0.0157077 -0.994303 -0.105427 0.384878 -0.152819 0.106589 -0.982489 -0.491439 0.988129 0.000678543 -0.153622 0.44061 
0.308854 -0.918895 0.24544 0.136798 -0.104752 -0.28935 -0.951474 -0.514435 0.945323 0.268156 -0.185623 0.451565 -0.0157073 -0.9943 -0.105456 0.385057 -0.152812 0.106618 -0.982487 -0.491455 0.98813 0.000682751 -0.153616 0.440608 
0.237501 -0.926592 0.291584 0.170464 0.10385 -0.274232 -0.95604 -0.469946 0.96582 0.257341 0.0310956 0.462092 -0.0157069 -0.994297 -0.105485 0.385236 -0.152806 0.106646 -0.982485 -0.491472 0.988131 0.000686988 -0.15361 0.440606 
0.174149 -0.929875 0.324045 0.0924893 0.343052 -0.251168 -0.905113 -0.438799 0.923032 0.268788 0.275254 0.456735 -0.0157065 -0.994294 -0.105514 0.385415 -0.1528 0.106675 -0.982483 -0.491488 0.988132 0.000691244 -0.153604 0.440605 
0.107046 -0.934051 0.340719 -0.00272237 0.563804 -0.225238 -0.794602 -0.409852 0.818942 0.277157 0.502511 0.449417 -0.0157061 -0.994291 -0.105543 0.385594 -0.152794 0.106703 -0.982481 -0.491504 0.988133 0.000695479 -0.153598 0.440603 
0.0389983 -0.939426 0.340527 -0.100661 0.749496 -0.197883 -0.631742 -0.381035 0.660859 0.279861 0.696379 0.441697 -0.0157059 -0.994288 -0.105572 0.385773 -0.152789 0.106732 -0.982478 -0.49152 0.988134 0.000699538 -0.153592 0.440601 
-0.0264259 -0.945935 0.323277 -0.198785 0.888038 -0.170705 -0.426905 -0.353436 0.45901 0.275801 0.844538 0.434462 -0.015706 -0.994285 -0.105601 0.385951 -0.152783 0.10676 -0.982476 -0.491536 0.988135 0.000703302 -0.153586 0.440599 
-0.0854524 -0.953394 0.289373 -0.296619 0.970289 -0.145615 -0.193227 -0.328149 0.226358 0.264264 0.937511 0.428897 -0.0157055 -0.994281 -0.10563 0.386129 -0.152777 0.106789 -0.982474 -0.491549 0.988136 0.00070758 -0.153581 0.440598 
-0.133879 -0.961108 0.241554 -0.39098 0.990755 -0.124411 0.0541027 -0.302618 -0.0219466 0.246564 0.968878 0.42324 -0.0157044 -0.994278 -0.105659 0.386302 -0.152771 0.106817 -0.982472 -0.491559 0.988137 0.000712529 -0.153575 0.440597 
-0.168745 -0.968166 0.184878 -0.468245 0.948993 -0.1089 0.295895 -0.277324 -0.266342 0.225379 0.937159 0.413212 -0.0157009 -0.994275 -0.105688 0.386449 -0.152765 0.106845 -0.98247 -0.49156 0.988138 0.000719786 -0.153568 0.440596 
-0.168745 -0.968166 0.184878 -0.468245 0.948993 -0.1089 0.295895 -0.277324 -0.266342 0.225379 0.937159 0.413212 -0.0157084 -0.994303 -0.105426 0.384879 -0.152817 0.106588 -0.98249 -0.49144 0.98813 0.000677602 -0.153621 0.440611 
0.308853 -0.918896 0.245438 0.136799 -0.10475 -0.289348 -0.951475 -0.514451 0.945324 0.268157 -0.18562 0.451554 -0.0157075 -0.9943 -0.105456 0.385058 -0.152812 0.106617 -0.982487 -0.491456 0.98813 0.000682488 -0.153615 0.440609 
0.237501 -0.926591 0.291584 0.170464 0.103851 -0.274232 -0.95604 -0.469953 0.96582 0.257342 0.0310965 0.462087 -0.015707 -0.994297 -0.105485 0.385237 -0.152806 0.106646 -0.982485 -0.491472 0.988131 0.000686905 -0.15361 0.440607 
0.174149 -0.929875 0.324045 0.0924884 0.343052 -0.251168 -0.905113 -0.438801 0.923032 0.268788 0.275255 0.456734 -0.0157065 -0.994294 -0.105514 0.385416 -0.1528 0.106675 -0.982483 -0.491489 0.988132 0.000691216 -0.153604 0.440605 
0.107045 -0.934051 0.340719 -0.00272263 0.563804 -0.225238 -0.794602 -0.409853 0.818942 0.277157 0.502511 0.449418 -0.0157061 -0.994291 -0.105543 0.385595 -0.152794 0.106703 -0.982481 -0.491505 0.988133 0.000695468 -0.153598 0.440603 
0.0389977 -0.939426 0.340526 -0.100661 0.749496 -0.197883 -0.631742 -0.381038 0.660859 0.27986 0.696379 0.4417 -0.0157059 -0.994288 -0.105572 0.385773 -0.152789 0.106732 -0.982478 -0.491521 0.988134 0.000699535 -0.153592 0.440602 
-0.026427 -0.945936 0.323275 -0.198785 0.888038 -0.170705 -0.426905 -0.353441 0.45901 0.275799 0.844538 0.434469 -0.015706 -0.994285 -0.105601 0.385952 -0.152783 0.10676 -0.982476 -0.491536 0.988135 0.000703302 -0.153586 0.4406 
-0.085453 -0.953395 0.289371 -0.29662 0.970289 -0.145615 -0.193226 -0.328153 0.226358 0.264262 0.937511 0.428902 -0.0157055 -0.994281 -0.10563 0.386129 -0.152777 0.106789 -0.982474 -0.49155 0.988136 0.000707582 -0.153581 0.440598 
-0.133879 -0.961108 0.241553 -0.39098 0.990755 -0.124411 0.0541027 -0.30262 -0.0219467 0.246563 0.968878 0.423242 -0.0157044 -0.994278 -0.105659 0.386302 -0.152771 0.106817 -0.982472 -0.49156 0.988137 0.000712531 -0.153575 0.440597 
-0.168745 -0.968166 0.184878 -0.468244 0.948993 -0.1089 0.295895 -0.277325 -0.266342 0.225379 0.937159 0.413213 -0.0157009 -0.994275 -0.105688 0.38645 -0.152765 0.106845 -0.98247 -0.491561 0.988138 0.000719791 -0.153568 0.440596 
-0.168745 -0.968166 0.184878 -0.468244 0.948993 -0.1089 0.295895 -0.277325 -0.266342 0.225379 0.937159 0.413213 -0.0157086 -0.994303 -0.105426 0.384879 -0.152816 0.106588 -0.98249 -0.49144 0.98813 0.000677205 -0.15362 0.440611 
0.308853 -0.918896 0.245437 0.1368 -0.104748 -0.289347 -0.951476 -0.514458 0.945324 0.268157 -0.185619 0.451549 -0.0157073 -0.9943 -0.105455 0.385058 -0.15281 0.106616 -0.982488 -0.491456 0.988131 0.000682265 -0.153614 0.440609 
0.237501 -0.926591 0.291584 0.170464 0.103851 -0.274232 -0.95604 -0.469956 0.96582 0.257342 0.0310969 0.462085 -0.0157068 -0.994297 -0.105484 0.385237 -0.152805 0.106645 -0.982485 -0.491472 0.988132 0.000686705 -0.153608 0.440607 
0.174149 -0.929875 0.324045 0.092488 0.343052 -0.251168 -0.905113 -0.438802 0.923032 0.268789 0.275255 0.456733 -0.0157064 -0.994294 -0.105513 0.385416 -0.152799 0.106673 -0.982483 -0.491489 0.988132 0.000691036 -0.153603 0.440605 
0.107045 -0.934051 0.340719 -0.00272275 0.563804 -0.225238 -0.794602 -0.409853 0.818942 0.277157 0.502511 0.449418 -0.015706 -0.994291 -0.105542 0.385595 -0.152793 0.106702 -0.982481 -0.491505 0.988133 0.000695313 -0.153597 0.440603 
0.0389974 -0.939426 0.340526 -0.100661 0.749496 -0.197883 -0.631742 -0.381039 0.660859 0.279859 0.696379 0.441702 -0.0157058 -0.994288 -0.105571 0.385773 -0.152788 0.106731 -0.982479 -0.491521 0.988134 0.000699405 -0.153591 0.440602 
-0.0264275 -0.945936 0.323274 -0.198785 0.888038 -0.170705 -0.426905 -0.353444 0.459009 0.275798 0.844539 0.434471 -0.0157059 -0.994285 -0.1056 0.385952 -0.152782 0.10676 -0.982476 -0.491536 0.988135 0.000703198 -0.153586 0.4406 
-0.0854533 -0.953395 0.289371 -0.29662 0.970289 -0.145615 -0.193226 -0.328155 0.226358 0.264261 0.937512 0.428905 -0.0157055 -0.994282 -0.105629 0.386129 -0.152777 0.106788 -0.982474 -0.49155 0.988136 0.000707504 -0.15358 0.440598 
-0.133879 -0.961108 0.241553 -0.39098 0.990755 -0.124411 0.0541028 -0.30262 -0.0219467 0.246563 0.968878 0.423243 -0.0157044 -0.994278 -0.105659 0.386302 -0.152771 0.106817 -0.982472 -0.49156 0.988137 0.000712479 -0.153574 0.440597 
-0.168745 -0.968166 0.184878 -0.468244 0.948993 -0.1089 0.295895 -0.277325 -0.266342 0.225379 0.937159 0.413213 -0.0157008 -0.994275 -0.105687 0.38645 -0.152765 0.106845 -0.98247 -0.491561 0.988138 0.000719763 -0.153568 0.440596 
-0.168745 -0.968166 0.184878 -0.468244 0.948993 -0.1089 0.295895 -0.277325 -0.266342 0.225379 0.937159 0.413213 -0.0157088 -0.994303 -0.105425 0.384879 -0.152815 0.106587 -0.98249 -0.49144 0.98813 0.000676801 -0.153619 0.440611 
0.308853 -0.918896 0.245437 0.1368 -0.104748 -0.289346 -0.951476 -0.514461 0.945324 0.268157 -0.185618 0.451547 -0.0157082 -0.9943 -0.105455 0.385058 -0.152809 0.106617 -0.982488 -0.491456 0.988131 0.000681504 -0.153613 0.440609 
0.237502 -0.926591 0.291584 0.170464 0.103851 -0.274232 -0.95604 -0.469958 0.96582 0.257342 0.0310971 0.462085 -0.0157076 -0.994297 -0.105485 0.385237 -0.152804 0.106645 -0.982485 -0.491472 0.988132 0.000685956 -0.153608 0.440607 
0.174149 -0.929875 0.324045 0.0924878 0.343052 -0.251168 -0.905113 -0.438802 0.923032 0.268789 0.275255 0.456733 -0.0157071 -0.994294 -0.105514 0.385416 -0.152798 0.106674 -0.982483 -0.491489 0.988133 0.000690366 -0.153602 0.440605 
0.107045 -0.934051 0.340719 -0.0027228 0.563804 -0.225238 -0.794602 -0.409853 0.818942 0.277157 0.502511 0.449418 -0.0157066 -0.994291 -0.105543 0.385595 -0.152793 0.106703 -0.982481 -0.491505 0.988133 0.000694735 -0.153596 0.440603 
0.0389973 -0.939426 0.340526 -0.100661 0.749496 -0.197882 -0.631742 -0.38104 0.660859 0.279859 0.69638 0.441702 -0.0157063 -0.994288 -0.105572 0.385773 -0.152787 0.106732 -0.982479 -0.491521 0.988134 0.000698922 -0.153591 0.440602 
-0.0264277 -0.945936 0.323274 -0.198785 0.888038 -0.170705 -0.426905 -0.353445 0.459009 0.275797 0.844539 0.434473 -0.0157063 -0.994285 -0.105601 0.385952 -0.152782 0.10676 -0.982476 -0.491536 0.988135 0.000702812 -0.153585 0.4406 
-0.0854534 -0.953395 0.28937 -0.29662 0.970289 -0.145615 -0.193226 -0.328156 0.226358 0.264261 0.937512 0.428906 -0.0157058 -0.994281 -0.10563 0.386129 -0.152776 0.106789 -0.982474 -0.49155 0.988136 0.000707214 -0.15358 0.440598 
-0.133879 -0.961108 0.241553 -0.39098 0.990755 -0.124411 0.0541028 -0.302621 -0.0219468 0.246563 0.968878 0.423244 -0.0157046 -0.994278 -0.105659 0.386302 -0.152771 0.106817 -0.982472 -0.49156 0.988137 0.000712285 -0.153574 0.440597 
-0.168745 -0.968166 0.184878 -0.468244 0.948993 -0.1089 0.295895 -0.277325 -0.266342 0.225379 0.937159 0.413214 -0.0157009 -0.994275 -0.105688 0.38645 -0.152765 0.106845 -0.98247 -0.491561 0.988138 0.000719663 -0.153568 0.440596 
-0.168745 -0.968166 0.184878 -0.468244 0.948993 -0.1089 0.295895 -0.277325 -0.266342 0.225379 0.937159 0.413214 -0.0157083 -0.994303 -0.105425 0.384879 -0.152815 0.106587 -0.98249 -0.49144 0.98813 0.000677262 -0.153619 0.440611 
0.308853 -0.918896 0.245437 0.1368 -0.104748 -0.289346 -0.951476 -0.514463 0.945324 0.268157 -0.185618 0.451546 -0.0157081 -0.9943 -0.105455 0.385058 -0.152809 0.106617 -0.982488 -0.491456 0.988131 0.000681523 -0.153613 0.440609 
0.237502 -0.926591 0.291584 0.170464 0.103851 -0.274232 -0.95604 -0.469958 0.96582 0.257342 0.0310972 0.462084 -0.0157076 -0.994297 -0.105485 0.385237 -0.152804 0.106645 -0.982485 -0.491472 0.988132 0.00068596 -0.153608 0.440607 
0.174149 -0.929875 0.324045 0.0924878 0.343052 -0.251168 -0.905113 -0.438802 0.923032 0.268789 0.275255 0.456733 -0.0157071 -0.994294 -0.105514 0.385416 -0.152798 0.106674 -0.982483 -0.491489 0.988133 0.000690368 -0.153602 0.440605 
0.107045 -0.934051 0.340719 -0.00272283 0.563804 -0.225238 -0.794602 -0.409854 0.818942 0.277157 0.502511 0.449418 -0.0157066 -0.994291 -0.105543 0.385595 -0.152793 0.106703 -0.982481 -0.491505 0.988133 0.000694736 -0.153596 0.440603 
0.0389972 -0.939426 0.340526 -0.10066 0.749496 -0.197882 -0.631742 -0.38104 0.660859 0.279859 0.69638 0.441703 -0.0157063 -0.994288 -0.105572 0.385773 -0.152787 0.106732 -0.982479 -0.491521 0.988134 0.000698922 -0.153591 0.440602 
-0.0264278 -0.945936 0.323274 -0.198785 0.888038 -0.170705 -0.426905 -0.353446 0.459009 0.275797 0.844539 0.434473 -0.0157063 -0.994285 -0.105601 0.385952 -0.152782 0.10676 -0.982476 -0.491536 0.988135 0.000702812 -0.153585 0.4406 
-0.0854535 -0.953395 0.28937 -0.29662 0.970289 -0.145615 -0.193226 -0.328156 0.226358 0.264261 0.937512 0.428906 -0.0157058 -0.994281 -0.10563 0.386129 -0.152776 0.106789 -0.982474 -0.49155 0.988136 0.000707214 -0.15358 0.440598 
-0.133879 -0.961108 0.241553 -0.39098 0.990755 -0.124411 0.0541028 -0.302621 -0.0219468 0.246563 0.968878 0.423244 -0.0157046 -0.994278 -0.105659 0.386302 -0.152771 0.106817 -0.982472 -0.49156 0.988137 0.000712285 -0.153574 0.440597 
-0.168745 -0.968166 0.184878 -0.468244 0.948993 -0.1089 0.295895 -0.277326 -0.266342 0.225379 0.937159 0.413214 -0.0157009 -0.994275 -0.105688 0.38645 -0.152765 0.106845 -0.98247 -0.491561 0.988138 0.000719663 -0.153568 0.440596 
-0.168745 -0.968166 0.184878 -0.468244 0.948993 -0.1089 0.295895 -0.277326 -0.266342 0.225379 0.937159 0.413214 -0.0157081 -0.994303 -0.105425 0.384879 -0.152815 0.106587 -0.98249 -0.49144 0.98813 0.000677474 -0.153618 0.440612 
0.308853 -0.918896 0.245437 0.136801 -0.104748 -0.289346 -0.951476 -0.514463 0.945324 0.268157 -0.185618 0.451545 -0.0157073 -0.9943 -0.105454 0.385058 -0.15281 0.106616 -0.982488 -0.491456 0.988131 0.000682284 -0.153614 0.44061 
0.237502 -0.926591 0.291584 0.170464 0.103851 -0.274232 -0.956039 -0.469959 0.96582 0.257342 0.0310972 0.462084 -0.0157068 -0.994297 -0.105484 0.385237 -0.152805 0.106644 -0.982485 -0.491472 0.988132 0.000686724 -0.153608 0.440608 
0.174149 -0.929875 0.324045 0.0924877 0.343052 -0.251168 -0.905113 -0.438803 0.923032 0.268789 0.275255 0.456733 -0.0157063 -0.994294 -0.105513 0.385416 -0.152799 0.106673 -0.982483 -0.491489 0.988132 0.000691047 -0.153602 0.440606 
0.107045 -0.934051 0.340719 -0.00272284 0.563804 -0.225238 -0.794602 -0.409854 0.818942 0.277157 0.502511 0.449418 -0.015706 -0.994291 -0.105542 0.385595 -0.152793 0.106702 -0.982481 -0.491505 0.988133 0.000695318 -0.153597 0.440604 
0.0389972 -0.939426 0.340526 -0.10066 0.749496 -0.197882 -0.631742 -0.38104 0.660859 0.279859 0.69638 0.441703 -0.0157058 -0.994288 -0.105571 0.385773 -0.152788 0.106731 -0.982479 -0.491521 0.988134 0.000699407 -0.153591 0.440602 
-0.0264278 -0.945936 0.323274 -0.198785 0.888038 -0.170705 -0.426905 -0.353446 0.459009 0.275797 0.844539 0.434474 -0.0157059 -0.994285 -0.1056 0.385952 -0.152782 0.10676 -0.982476 -0.491536 0.988135 0.000703199 -0.153586 0.4406 
-0.0854535 -0.953395 0.28937 -0.29662 0.970289 -0.145615 -0.193226 -0.328156 0.226358 0.26426 0.937512 0.428906 -0.0157055 -0.994282 -0.105629 0.386129 -0.152777 0.106788 -0.982474 -0.49155 0.988136 0.000707504 -0.15358 0.440599 
-0.133879 -0.961108 0.241553 -0.39098 0.990755 -0.124411 0.0541028 -0.302621 -0.0219468 0.246563 0.968878 0.423244 -0.0157044 -0.994278 -0.105659 0.386302 -0.152771 0.106817 -0.982472 -0.49156 0.988137 0.000712479 -0.153574 0.440597 
-0.168745 -0.968166 0.184878 -0.468244 0.948993 -0.1089 0.295895 -0.277326 -0.266342 0.225379 0.937159 0.413214 -0.0157008 -0.994275 -0.105687 0.38645 -0.152765 0.106845 -0.98247 -0.491561 0.988138 0.000719763 -0.153568 0.440596 
-0.168745 -0.968166 0.184878 -0.468244 0.948993 -0.1089 0.295895 -0.277326 -0.266342 0.225379 0.937159 0.413214 -0.0157078 -0.994303 -0.105424 0.384879 -0.152814 0.106586 -0.98249 -0.49144 0.98813 0.000677543 -0.153618 0.440612 
0.308853 -0.918896 0.245437 0.136801 -0.104748 -0.289346 -0.951476 -0.514464 0.945324 0.268157 -0.185618 0.451545 -0.015707 -0.9943 -0.105453 0.385058 -0.152809 0.106614 -0.982488 -0.491456 0.988131 0.000682158 -0.153612 0.44061 
0.237502 -0.926591 0.291584 0.170464 0.103851 -0.274232 -0.956039 -0.469959 0.96582 0.257342 0.0310973 0.462084 -0.0157065 -0.994297 -0.105482 0.385237 -0.152803 0.106643 -0.982486 -0.491472 0.988132 0.000686541 -0.153607 0.440608 
0.174149 -0.929875 0.324045 0.0924877 0.343052 -0.251168 -0.905113 -0.438803 0.923032 0.268789 0.275255 0.456733 -0.0157062 -0.994294 -0.105512 0.385416 -0.152798 0.106672 -0.982484 -0.491489 0.988133 0.000690871 -0.153601 0.440606 
0.107045 -0.934051 0.340719 -0.00272284 0.563804 -0.225238 -0.794602 -0.409854 0.818942 0.277157 0.502511 0.449418 -0.0157058 -0.994291 -0.105541 0.385595 -0.152792 0.106701 -0.982481 -0.491505 0.988134 0.000695164 -0.153596 0.440604 
0.0389972 -0.939426 0.340526 -0.10066 0.749496 -0.197882 -0.631742 -0.38104 0.660859 0.279859 0.69638 0.441703 -0.0157057 -0.994288 -0.10557 0.385773 -0.152787 0.10673 -0.982479 -0.491521 0.988134 0.000699277 -0.15359 0.440602 
-0.0264279 -0.945936 0.323274 -0.198785 0.888038 -0.170705 -0.426905 -0.353446 0.459009 0.275797 0.844539 0.434474 -0.0157058 -0.994285 -0.1056 0.385952 -0.152781 0.106759 -0.982477 -0.491536 0.988135 0.000703095 -0.153585 0.4406 
-0.0854535 -0.953395 0.28937 -0.29662 0.970289 -0.145615 -0.193226 -0.328156 0.226358 0.26426 0.937512 0.428906 -0.0157054 -0.994282 -0.105629 0.386129 -0.152776 0.106788 -0.982474 -0.49155 0.988136 0.000707426 -0.15358 0.440599 
-0.133879 -0.961108 0.241553 -0.39098 0.990755 -0.124411 0.0541028 -0.302621 -0.0219468 0.246563 0.968878 0.423244 -0.0157043 -0.994278 -0.105658 0.386302 -0.15277 0.106817 -0.982472 -0.49156 0.988137 0.000712426 -0.153574 0.440597 
-0.168745 -0.968166 0.184878 -0.468244 0.948993 -0.1089 0.295895 -0.277326 -0.266342 0.225379 0.937159 0.413214 -0.0157008 -0.994275 -0.105687 0.38645 -0.152765 0.106845 -0.98247 -0.491561 0.988138 0.000719735 -0.153568 0.440596 
-0.168745 -0.968166 0.184878 -0.468244 0.948993 -0.1089 0.295895 -0.277326 -0.266342 0.225379 0.937159 0.413214 -0.0157076 -0.994303 -0.105424 0.38488 -0.152815 0.106586 -0.98249 -0.49144 0.98813 0.000677755 -0.153618 0.440612 
0.308853 -0.918896 0.245437 0.136801 -0.104748 -0.289346 -0.951476 -0.514464 0.945324 0.268157 -0.185618 0.451545 -0.0157069 -0.9943 -0.105453 0.385059 -0.152809 0.106614 -0.982488 -0.491456 0.988131 0.000682277 -0.153612 0.44061 
0.237502 -0.926591 0.291584 0.170464 0.103851 -0.274232 -0.956039 -0.469959 0.96582 0.257342 0.0310973 0.462084 -0.0157065 -0.994297 -0.105482 0.385238 -0.152803 0.106643 -0.982486 -0.491472 0.988132 0.000686557 -0.153607 0.440608 
0.174149 -0.929875 0.324045 0.0924877 0.343052 -0.251168 -0.905113 -0.438803 0.923032 0.268789 0.275255 0.456733 -0.0157062 -0.994294 -0.105512 0.385416 -0.152798 0.106672 -0.982484 -0.491489 0.988133 0.000690871 -0.153601 0.440606 
0.107045 -0.934051 0.340719 -0.00272284 0.563804 -0.225238 -0.794602 -0.409854 0.818942 0.277157 0.502511 0.449418 -0.0157058 -0.994291 -0.105541 0.385595 -0.152792 0.106701 -0.982481 -0.491505 0.988134 0.000695163 -0.153596 0.440604 
0.0389972 -0.939426 0.340526 -0.10066 0.749496 -0.197882 -0.631742 -0.38104 0.660859 0.279859 0.69638 0.441703 -0.0157057 -0.994288 -0.10557 0.385774 -0.152787 0.10673 -0.982479 -0.491521 0.988134 0.000699277 -0.15359 0.440602 
-0.0264279 -0.945936 0.323274 -0.198785 0.888038 -0.170705 -0.426905 -0.353446 0.459009 0.275797 0.844539 0.434474 -0.0157058 -0.994285 -0.1056 0.385952 -0.152781 0.106759 -0.982477 -0.491536 0.988135 0.000703095 -0.153585 0.4406 
-0.0854535 -0.953395 0.28937 -0.29662 0.970289 -0.145615 -0.193226 -0.328156 0.226358 0.26426 0.937512 0.428906 -0.0157054 -0.994282 -0.105629 0.38613 -0.152776 0.106788 -0.982474 -0.49155 0.988136 0.000707426 -0.15358 0.440599 
-0.133879 -0.961108 0.241553 -0.39098 0.990755 -0.124411 0.0541028 -0.302621 -0.0219468 0.246563 0.968878 0.423244 -0.0157043 -0.994278 -0.105658 0.386302 -0.15277 0.106817 -0.982472 -0.49156 0.988137 0.000712426 -0.153574 0.440597 
-0.168745 -0.968166 0.184878 -0.468244 0.948993 -0.1089 0.295895 -0.277326 -0.266342 0.225379 0.937159 0.413214 -0.0157008 -0.994275 -0.105687 0.38645 -0.152765 0.106845 -0.98247 -0.491561 0.988138 0.000719733 -0.153568 0.440596 
-0.168745 -0.968166 0.184878 -0.468244 0.948993 -0.1089 0.295895 -0.277326 -0.266342 0.225379 0.937159 0.413214 -0.0157073 -0.994303 -0.105424 0.384879 -0.152814 0.106585 -0.98249 -0.49144 0.98813 0.000678 -0.153618 0.440612 
0.308853 -0.918896 0.245437 0.136801 -0.104748 -0.289346 -0.951476 -0.514464 0.945324 0.268157 -0.185618 0.451545 -0.015707 -0.9943 -0.105453 0.385058 -0.152809 0.106614 -0.982488 -0.491456 0.988131 0.000682196 -0.153612 0.44061 
0.237502 -0.926591 0.291584 0.170464 0.103851 -0.274232 -0.956039 -0.469959 0.96582 0.257342 0.0310973 0.462084 -0.0157065 -0.994297 -0.105482 0.385237 -0.152803 0.106643 -0.982486 -0.491472 0.988132 0.000686548 -0.153607 0.440608 
0.174149 -0.929875 0.324045 0.0924877 0.343052 -0.251168 -0.905113 -0.438803 0.923032 0.268789 0.275255 0.456733 -0.0157062 -0.994294 -0.105512 0.385416 -0.152798 0.106672 -0.982484 -0.491489 0.988133 0.000690873 -0.153601 0.440606 
0.107045 -0.934051 0.340719 -0.00272284 0.563804 -0.225238 -0.794602 -0.409854 0.818942 0.277157 0.502511 0.449418 -0.0157058 -0.994291 -0.105541 0.385595 -0.152792 0.106701 -0.982481 -0.491505 0.988134 0.000695165 -0.153596 0.440604 
0.0389972 -0.939426 0.340526 -0.10066 0.749496 -0.197882 -0.631742 -0.38104 0.660859 0.279859 0.69638 0.441703 -0.0157057 -0.994288 -0.10557 0.385773 -0.152787 0.10673 -0.982479 -0.491521 0.988134 0.000699278 -0.15359 0.440602 
-0.0264279 -0.945936 0.323274 -0.198785 0.888038 -0.170705 -0.426905 -0.353446 0.459009 0.275797 0.844539 0.434474 -0.0157058 -0.994285 -0.1056 0.385952 -0.152781 0.106759 -0.982477 -0.491536 0.988135 0.000703095 -0.153585 0.4406 
-0.0854535 -0.953395 0.28937 -0.29662 0.970289 -0.145615 -0.193226 -0.328156 0.226358 0.26426 0.937512 0.428906 -0.0157054 -0.994282 -0.105629 0.386129 -0.152776 0.106788 -0.982474 -0.49155 0.988136 0.000707426 -0.15358 0.440599 
-0.133879 -0.961108 0.241553 -0.39098 0.990755 -0.124411 0.0541028 -0.302621 -0.0219468 0.246563 0.968878 0.423244 -0.0157043 -0.994278 -0.105658 0.386302 -0.15277 0.106817 -0.982472 -0.49156 0.988137 0.000712426 -0.153574 0.440597 
-0.168745 -0.968166 0.184878 -0.468244 0.948993 -0.1089 0.295895 -0.277326 -0.266342 0.225379 0.937159 0.413214 -0.0157008 -0.994275 -0.105687 0.38645 -0.152765 0.106845 -0.98247 -0.491561 0.988138 0.000719735 -0.153568 0.440596 
-0.168745 -0.968166 0.184878 -0.468244 0.948993 -0.1089 0.295895 -0.277326 -0.266342 0.225379 0.937159 0.413214 -0.0157072 -0.994303 -0.105424 0.38488 -0.152814 0.106585 -0.98249 -0.49144 0.98813 0.000678088 -0.153618 0.440612 
0.308853 -0.918896 0.245437 0.136801 -0.104748 -0.289346 -0.951476 -0.514464 0.945324 0.268157 -0.185618 0.451545 -0.0157068 -0.9943 -0.105453 0.385059 -0.152809 0.106614 -0.982488 -0.491456 0.988131 0.00068232 -0.153612 0.44061 
