1535392536634 0.21529 0.918192 -0.332526 -0.472351 -0.943127 0.283819 0.173084 -0.170875 0.253302 0.276351 0.927075 0.474391 0.236836 -0.0844803 0.96787 0.38302 -0.97091 -0.0567244 0.232629 -0.50557 0.0352493 -0.994809 -0.0954571 0.439735 
1535392536651 0.220452 0.918814 -0.327387 -0.488149 -0.942471 0.287127 0.171192 -0.177726 0.251296 0.270813 0.929253 0.464194 0.230259 -0.0889236 0.969058 0.383601 -0.972993 -0.0376892 0.227736 -0.503572 0.016272 -0.995325 -0.0952003 0.439715 
1535392537237 0.225598 0.919389 -0.322227 -0.50395 -0.941794 0.290439 0.169321 -0.184582 0.249259 0.265273 0.931397 0.453995 0.223588 -0.0932386 0.970214 0.384182 -0.97468 -0.0186168 0.222828 -0.501574 -0.00271393 -0.99547 -0.0950403 0.439694 
1535392537801 0.230729 0.919916 -0.317046 -0.519749 -0.941096 0.293758 0.167467 -0.191437 0.24719 0.259731 0.933508 0.443796 0.216829 -0.0974221 0.971336 0.384762 -0.975968 0.000483832 0.217912 -0.499576 -0.0216994 -0.995243 -0.0949759 0.439674 
1535392538395 0.235844 0.920397 -0.311845 -0.53555 -0.940377 0.297082 0.165632 -0.198293 0.245091 0.254188 0.935585 0.433597 0.209984 -0.101472 0.972425 0.385343 -0.976858 0.0196053 0.212987 -0.497576 -0.040677 -0.994645 -0.0950074 0.439654 
1535392538993 0.240943 0.92083 -0.306624 -0.551349 -0.939637 0.300412 0.163815 -0.205147 0.242959 0.248645 0.937628 0.423398 0.203056 -0.105388 0.973479 0.385923 -0.977349 0.0387395 0.208057 -0.495577 -0.0596388 -0.993676 -0.0951345 0.439633 
1535392539583 0.246025 0.921216 -0.301384 -0.56715 -0.938876 0.303747 0.162016 -0.212003 0.240797 0.243102 0.939637 0.413199 0.196046 -0.109167 0.974499 0.386504 -0.977441 0.0578789 0.203122 -0.493577 -0.0785772 -0.992337 -0.0953575 0.439613 
1535392540165 0.251091 0.921555 -0.296124 -0.582952 -0.938095 0.307087 0.160237 -0.218859 0.238603 0.237558 0.941613 0.402999 0.188959 -0.112808 0.975484 0.387083 -0.977134 0.0770157 0.198185 -0.491576 -0.0974845 -0.990628 -0.095676 0.439592 
1535392540779 0.256141 0.921846 -0.290845 -0.598751 -0.937293 0.310432 0.158476 -0.225713 0.236378 0.232015 0.943554 0.392801 0.181798 -0.11631 0.976433 0.387664 -0.976428 0.0961419 0.193249 -0.489575 -0.116353 -0.988549 -0.09609 0.439572 
1535392541372 0.261173 0.92209 -0.285548 -0.614552 -0.93647 0.313782 0.156733 -0.232569 0.234122 0.226472 0.945461 0.382602 0.174564 -0.119671 0.977347 0.388244 -0.975323 0.11525 0.188315 -0.487575 -0.135175 -0.986102 -0.0965994 0.439551 
1535392541992 0.21529 0.918192 -0.332526 -0.472351 -0.943127 0.283819 0.173084 -0.170875 0.253302 0.276351 0.927075 0.474391 0.174873 -0.119315 0.977335 0.388264 -0.975343 0.114737 0.188523 -0.487756 -0.13463 -0.986205 -0.0963086 0.439574 
1535392542007 0.220452 0.918814 -0.327387 -0.488149 -0.942471 0.287127 0.171192 -0.177726 0.251296 0.270813 0.929253 0.464194 0.177538 -0.118518 0.976951 0.387837 -0.975705 0.108296 0.190449 -0.48798 -0.128372 -0.987029 -0.0964115 0.439679 
1535392542351 0.225598 0.919389 -0.322227 -0.50395 -0.941794 0.290439 0.169321 -0.184582 0.249259 0.265273 0.931397 0.453995 0.180197 -0.117703 0.976563 0.387409 -0.976022 0.101853 0.192373 -0.488204 -0.122109 -0.987812 -0.0965268 0.439784 
1535392542693 0.230729 0.919916 -0.317046 -0.519749 -0.941096 0.293758 0.167467 -0.191437 0.24719 0.259731 0.933508 0.443796 0.182851 -0.11687 0.97617 0.386982 -0.976292 0.0954066 0.194296 -0.488429 -0.11584 -0.988554 -0.0966544 0.439889 
1535392543038 0.235843 0.920397 -0.311845 -0.53555 -0.940377 0.297081 0.165632 -0.198293 0.245091 0.254188 0.935585 0.433597 0.185498 -0.11602 0.975771 0.386555 -0.976517 0.0889581 0.196217 -0.488653 -0.109568 -0.989255 -0.0967944 0.439994 
