1533311614772 0.130309 0.933611 -0.333752 -0.599769 -0.956488 0.207007 0.205616 -0.222988 0.261055 0.292436 0.919963 0.383014 1 0 0 0 0 1 0 0 0 0 1 1.306 
1533311614785 0.132392 0.93411 -0.331527 -0.599721 -0.955866 0.208825 0.206669 -0.222797 0.262283 0.289535 0.920531 0.382661 0.313239 -0.3866 0.867422 0.386189 -0.93126 -0.304042 0.200784 -0.500185 0.18611 -0.870689 -0.455263 0.505382 
1533311615038 0.134476 0.934599 -0.329302 -0.599674 -0.955239 0.210638 0.207726 -0.222605 0.263504 0.286628 0.921092 0.382308 0.316244 -0.384866 0.867103 0.400216 -0.929998 -0.306258 0.203249 -0.504049 0.187334 -0.87068 -0.454777 0.486145 
1533311615278 0.136564 0.935078 -0.327078 -0.599626 -0.954607 0.212447 0.208787 -0.222414 0.264719 0.283718 0.921644 0.381955 0.316258 -0.384857 0.867102 0.400836 -0.929992 -0.306267 0.203261 -0.504368 0.187338 -0.870681 -0.454774 0.485921 
1533311615536 0.138653 0.935546 -0.324853 -0.599578 -0.95397 0.214251 0.209852 -0.222222 0.265926 0.280803 0.922189 0.381602 0.316239 -0.384881 0.867098 0.400855 -0.93 -0.306257 0.203241 -0.504361 0.187331 -0.870674 -0.454789 0.485943 
1533311615794 0.140745 0.936003 -0.322628 -0.599531 -0.953328 0.216052 0.210921 -0.222031 0.267127 0.277884 0.922726 0.38125 0.316214 -0.384899 0.867099 0.400827 -0.930009 -0.306245 0.203216 -0.504329 0.187327 -0.87067 -0.454799 0.48594 
1533311616056 0.142839 0.93645 -0.320403 -0.599483 -0.952681 0.217848 0.211995 -0.221839 0.268321 0.274961 0.923255 0.380897 0.3162 -0.384907 0.867101 0.400798 -0.930014 -0.306239 0.203202 -0.504306 0.187326 -0.870669 -0.454801 0.485922 
1533311616305 0.144935 0.936886 -0.318179 -0.599435 -0.952029 0.21964 0.213072 -0.221648 0.269509 0.272034 0.923776 0.380544 0.316197 -0.384904 0.867103 0.400778 -0.930014 -0.30624 0.2032 -0.504292 0.187329 -0.87067 -0.454799 0.485903 
1533311616579 0.147034 0.937312 -0.315954 -0.599386 -0.951372 0.221428 0.214153 -0.221456 0.270689 0.269102 0.92429 0.380191 0.316201 -0.384895 0.867106 0.400765 -0.930012 -0.306246 0.203202 -0.504277 0.187337 -0.870672 -0.454792 0.485883 
1533311616837 0.149134 0.937724 -0.313739 -0.59932 -0.950711 0.223212 0.215234 -0.221261 0.27186 0.266176 0.924793 0.379858 0.316123 -0.384928 0.86712 0.40068 -0.93004 -0.30621 0.20313 -0.504145 0.18733 -0.87067 -0.454798 0.485852 
1533311617120 0.149031 0.93774 -0.313741 -0.599351 -0.950714 0.223128 0.215307 -0.22123 0.271907 0.266191 0.924775 0.379861 1 0 0 0 0 1 0 0 0 0 1 1.306 
1533311617132 0.149253 0.937779 -0.313518 -0.599345 -0.950646 0.223317 0.215409 -0.221214 0.27202 0.265894 0.924827 0.379823 0.313239 -0.3866 0.867422 0.386189 -0.93126 -0.304042 0.200784 -0.500185 0.18611 -0.870689 -0.455263 0.505382 
1533311617370 0.149476 0.937819 -0.313293 -0.599339 -0.950579 0.223505 0.215511 -0.221199 0.272133 0.265596 0.924879 0.379786 0.316244 -0.384866 0.867103 0.400216 -0.929998 -0.306258 0.203249 -0.504049 0.187334 -0.87068 -0.454777 0.486145 
1533311617563 0.149699 0.937858 -0.31307 -0.599334 -0.950512 0.223693 0.215614 -0.221183 0.272246 0.265299 0.924931 0.379748 0.316258 -0.384857 0.867102 0.400836 -0.929992 -0.306267 0.203261 -0.504368 0.187338 -0.870681 -0.454774 0.485921 
1533311617704 0.149921 0.937897 -0.312846 -0.599328 -0.950444 0.223881 0.215716 -0.221167 0.27236 0.265002 0.924983 0.379711 0.316239 -0.384881 0.867098 0.400855 -0.93 -0.306257 0.203241 -0.504361 0.187331 -0.870674 -0.454789 0.485943 
1533311617862 0.150144 0.937936 -0.312622 -0.599322 -0.950377 0.224069 0.215818 -0.221152 0.272473 0.264705 0.925035 0.379673 0.316214 -0.384899 0.867099 0.400827 -0.930009 -0.306245 0.203216 -0.504329 0.187327 -0.87067 -0.454799 0.48594 
1533311618004 0.150366 0.937975 -0.312398 -0.599316 -0.950309 0.224257 0.215921 -0.221136 0.272586 0.264408 0.925087 0.379635 0.3162 -0.384907 0.867101 0.400798 -0.930014 -0.306239 0.203202 -0.504306 0.187326 -0.870669 -0.454801 0.485922 
1533311618187 0.150589 0.938014 -0.312174 -0.59931 -0.950241 0.224445 0.216023 -0.22112 0.272699 0.26411 0.925138 0.379598 0.316197 -0.384904 0.867103 0.400778 -0.930014 -0.30624 0.2032 -0.504292 0.187329 -0.87067 -0.454799 0.485903 
1533311618372 0.150812 0.938052 -0.311951 -0.599304 -0.950173 0.224633 0.216125 -0.221104 0.272812 0.263814 0.92519 0.37956 0.316201 -0.384895 0.867106 0.400765 -0.930012 -0.306246 0.203202 -0.504277 0.187337 -0.870672 -0.454792 0.485883 
1533311618502 0.151034 0.938091 -0.311728 -0.599297 -0.950106 0.224821 0.216228 -0.221088 0.272924 0.263516 0.925241 0.379525 0.316123 -0.384928 0.86712 0.40068 -0.93004 -0.30621 0.20313 -0.504145 0.18733 -0.87067 -0.454798 0.485852 
1533311618673 0.150967 0.93808 -0.311795 -0.59933 -0.950106 0.224784 0.216267 -0.221029 0.272962 0.263589 0.92521 0.379514 1 0 0 0 0 1 0 0 0 0 1 1.306 
1533311618684 0.151029 0.938091 -0.311729 -0.599327 -0.950138 0.224787 0.216124 -0.221025 0.272816 0.263545 0.925265 0.379498 0.313239 -0.3866 0.867422 0.386189 -0.93126 -0.304042 0.200784 -0.500185 0.18611 -0.870689 -0.455263 0.505382 
1533311618701 0.151092 0.938103 -0.311664 -0.599324 -0.95017 0.22479 0.21598 -0.221022 0.27267 0.263501 0.925321 0.379482 0.316244 -0.384866 0.867103 0.400216 -0.929998 -0.306258 0.203249 -0.504049 0.187334 -0.87068 -0.454777 0.486145 
1533311618982 0.151153 0.938114 -0.311599 -0.599321 -0.950202 0.224792 0.215836 -0.221018 0.272524 0.263457 0.925376 0.379467 0.316258 -0.384857 0.867102 0.400836 -0.929992 -0.306267 0.203261 -0.504368 0.187338 -0.870681 -0.454774 0.485921 
1533311619121 0.151215 0.938126 -0.311534 -0.599318 -0.950234 0.224794 0.215693 -0.221015 0.272378 0.263414 0.925431 0.379451 0.316239 -0.384881 0.867098 0.400855 -0.93 -0.306257 0.203241 -0.504361 0.187331 -0.870674 -0.454789 0.485943 
1533311619128 0.151277 0.938138 -0.311469 -0.599314 -0.950266 0.224797 0.215549 -0.221011 0.272232 0.26337 0.925487 0.379435 0.316214 -0.384899 0.867099 0.400827 -0.930009 -0.306245 0.203216 -0.504329 0.187327 -0.87067 -0.454799 0.48594 
1533311619288 0.151339 0.938149 -0.311404 -0.599311 -0.950298 0.224799 0.215405 -0.221007 0.272086 0.263327 0.925542 0.379419 0.3162 -0.384907 0.867101 0.400798 -0.930014 -0.306239 0.203202 -0.504306 0.187326 -0.870669 -0.454801 0.485922 
1533311619389 0.151401 0.938161 -0.311339 -0.599308 -0.95033 0.224802 0.215262 -0.221004 0.27194 0.263284 0.925597 0.379403 0.316197 -0.384904 0.867103 0.400778 -0.930014 -0.30624 0.2032 -0.504292 0.187329 -0.87067 -0.454799 0.485903 
1533311619502 0.151463 0.938173 -0.311274 -0.599305 -0.950362 0.224804 0.215118 -0.221 0.271794 0.26324 0.925653 0.379388 0.316201 -0.384895 0.867106 0.400765 -0.930012 -0.306246 0.203202 -0.504277 0.187337 -0.870672 -0.454792 0.485883 
1533311619508 0.151525 0.938184 -0.311209 -0.599302 -0.950393 0.224807 0.214975 -0.220997 0.271648 0.263197 0.925708 0.379372 0.316123 -0.384928 0.86712 0.40068 -0.93004 -0.30621 0.20313 -0.504145 0.18733 -0.87067 -0.454798 0.485852 
1533311619660 0.151622 0.938148 -0.31127 -0.599296 -0.950325 0.224963 0.215113 -0.221067 0.271832 0.263192 0.925655 0.379373 1 0 0 0 0 1 0 0 0 0 1 1.306 
1533311619673 0.151685 0.938153 -0.311223 -0.599297 -0.95033 0.224997 0.215055 -0.221057 0.271779 0.263144 0.925684 0.379365 0.313239 -0.3866 0.867422 0.386189 -0.93126 -0.304042 0.200784 -0.500185 0.18611 -0.870689 -0.455263 0.505382 
1533311619690 0.151749 0.938159 -0.311176 -0.599299 -0.950336 0.22503 0.214995 -0.221047 0.271724 0.263096 0.925714 0.379358 0.316244 -0.384866 0.867103 0.400216 -0.929998 -0.306258 0.203249 -0.504049 0.187334 -0.87068 -0.454777 0.486145 
1533311619733 0.151812 0.938164 -0.311129 -0.5993 -0.950342 0.225063 0.214936 -0.221036 0.271669 0.263049 0.925744 0.37935 0.316258 -0.384857 0.867102 0.400836 -0.929992 -0.306267 0.203261 -0.504368 0.187338 -0.870681 -0.454774 0.485921 
1533311619813 0.151875 0.93817 -0.311081 -0.599302 -0.950347 0.225096 0.214877 -0.221026 0.271614 0.263001 0.925773 0.379342 0.316239 -0.384881 0.867098 0.400855 -0.93 -0.306257 0.203241 -0.504361 0.187331 -0.870674 -0.454789 0.485943 
1533311620011 0.151939 0.938175 -0.311034 -0.599303 -0.950353 0.22513 0.214817 -0.221016 0.271559 0.262953 0.925803 0.379335 0.316214 -0.384899 0.867099 0.400827 -0.930009 -0.306245 0.203216 -0.504329 0.187327 -0.87067 -0.454799 0.48594 
1533311620148 0.152002 0.93818 -0.310987 -0.599304 -0.950358 0.225163 0.214758 -0.221006 0.271504 0.262905 0.925833 0.379327 0.3162 -0.384907 0.867101 0.400798 -0.930014 -0.306239 0.203202 -0.504306 0.187326 -0.870669 -0.454801 0.485922 
1533311620258 0.152065 0.938186 -0.31094 -0.599306 -0.950364 0.225196 0.214699 -0.220996 0.27145 0.262858 0.925862 0.379319 0.316197 -0.384904 0.867103 0.400778 -0.930014 -0.30624 0.2032 -0.504292 0.187329 -0.87067 -0.454799 0.485903 
1533311620378 0.152128 0.938191 -0.310892 -0.599307 -0.950369 0.225229 0.214639 -0.220985 0.271395 0.26281 0.925892 0.379311 0.316201 -0.384895 0.867106 0.400765 -0.930012 -0.306246 0.203202 -0.504277 0.187337 -0.870672 -0.454792 0.485883 
1533311620460 0.152192 0.938197 -0.310845 -0.599308 -0.950375 0.225262 0.21458 -0.220976 0.27134 0.262762 0.925922 0.379304 0.316123 -0.384928 0.86712 0.40068 -0.93004 -0.30621 0.20313 -0.504145 0.18733 -0.87067 -0.454798 0.485852 
1533311620617 0.152258 0.93818 -0.310862 -0.599295 -0.950329 0.225362 0.214678 -0.221037 0.271463 0.262734 0.925893 0.379316 1 0 0 0 0 1 0 0 0 0 1 1.306 
1533311620632 0.152279 0.938128 -0.311011 -0.59929 -0.950359 0.225383 0.214521 -0.221019 0.271345 0.262905 0.92588 0.379325 0.313239 -0.3866 0.867422 0.386189 -0.93126 -0.304042 0.200784 -0.500185 0.18611 -0.870689 -0.455263 0.505382 
1533311620875 0.1523 0.938074 -0.311161 -0.599286 -0.95039 0.225404 0.214365 -0.221 0.271227 0.263077 0.925865 0.379334 0.316244 -0.384866 0.867103 0.400216 -0.929998 -0.306258 0.203249 -0.504049 0.187334 -0.87068 -0.454777 0.486145 
1533311620882 0.15232 0.938021 -0.311311 -0.599281 -0.95042 0.225425 0.214209 -0.220982 0.27111 0.263248 0.925851 0.379343 0.316258 -0.384857 0.867102 0.400836 -0.929992 -0.306267 0.203261 -0.504368 0.187338 -0.870681 -0.454774 0.485921 
1533311621100 0.152341 0.937968 -0.311461 -0.599277 -0.95045 0.225446 0.214053 -0.220963 0.270992 0.263419 0.925837 0.379352 0.316239 -0.384881 0.867098 0.400855 -0.93 -0.306257 0.203241 -0.504361 0.187331 -0.870674 -0.454789 0.485943 
1533311621107 0.152361 0.937915 -0.31161 -0.599272 -0.95048 0.225466 0.213897 -0.220945 0.270875 0.26359 0.925822 0.379362 0.316214 -0.384899 0.867099 0.400827 -0.930009 -0.306245 0.203216 -0.504329 0.187327 -0.87067 -0.454799 0.48594 
1533311621290 0.152382 0.937862 -0.31176 -0.599267 -0.950511 0.225488 0.213741 -0.220927 0.270757 0.263761 0.925808 0.379371 0.3162 -0.384907 0.867101 0.400798 -0.930014 -0.306239 0.203202 -0.504306 0.187326 -0.870669 -0.454801 0.485922 
1533311621592 0.152402 0.937809 -0.31191 -0.599263 -0.950541 0.225508 0.213585 -0.220908 0.27064 0.263932 0.925794 0.37938 0.316197 -0.384904 0.867103 0.400778 -0.930014 -0.30624 0.2032 -0.504292 0.187329 -0.87067 -0.454799 0.485903 
1533311621713 0.152423 0.937756 -0.312059 -0.599258 -0.950571 0.225529 0.213429 -0.22089 0.270522 0.264103 0.925779 0.379389 0.316201 -0.384895 0.867106 0.400765 -0.930012 -0.306246 0.203202 -0.504277 0.187337 -0.870672 -0.454792 0.485883 
1533311621825 0.152443 0.937703 -0.312209 -0.599256 -0.950601 0.225549 0.213273 -0.220873 0.270405 0.264274 0.925765 0.379397 0.316123 -0.384928 0.86712 0.40068 -0.93004 -0.30621 0.20313 -0.504145 0.18733 -0.87067 -0.454798 0.485852 
1533311621968 0.152337 0.937724 -0.312197 -0.599288 -0.950596 0.225469 0.213381 -0.22084 0.270483 0.264268 0.925744 0.379375 1 0 0 0 0 1 0 0 0 0 1 1.306 
1533311621980 0.152309 0.937709 -0.312256 -0.599286 -0.950593 0.225463 0.213399 -0.220844 0.270508 0.264326 0.92572 0.379368 0.313239 -0.3866 0.867422 0.386189 -0.93126 -0.304042 0.200784 -0.500185 0.18611 -0.870689 -0.455263 0.505382 
1533311621997 0.152282 0.937693 -0.312316 -0.599283 -0.95059 0.225458 0.213417 -0.220848 0.270534 0.264385 0.925695 0.379361 0.316244 -0.384866 0.867103 0.400216 -0.929998 -0.306258 0.203249 -0.504049 0.187334 -0.87068 -0.454777 0.486145 
1533311622013 0.152255 0.937678 -0.312375 -0.599281 -0.950587 0.225454 0.213435 -0.220852 0.270559 0.264444 0.925671 0.379354 0.316258 -0.384857 0.867102 0.400836 -0.929992 -0.306267 0.203261 -0.504368 0.187338 -0.870681 -0.454774 0.485921 
1533311622020 0.152227 0.937663 -0.312435 -0.599278 -0.950584 0.225449 0.213453 -0.220856 0.270585 0.264502 0.925647 0.379347 0.316239 -0.384881 0.867098 0.400855 -0.93 -0.306257 0.203241 -0.504361 0.187331 -0.870674 -0.454789 0.485943 
1533311622303 0.1522 0.937647 -0.312494 -0.599276 -0.950582 0.225444 0.213471 -0.220859 0.27061 0.264561 0.925623 0.37934 0.316214 -0.384899 0.867099 0.400827 -0.930009 -0.306245 0.203216 -0.504329 0.187327 -0.87067 -0.454799 0.48594 
1533311622474 0.152173 0.937632 -0.312553 -0.599274 -0.950579 0.225439 0.213489 -0.220863 0.270636 0.264619 0.925599 0.379334 0.3162 -0.384907 0.867101 0.400798 -0.930014 -0.306239 0.203202 -0.504306 0.187326 -0.870669 -0.454801 0.485922 
1533311622617 0.152146 0.937617 -0.312613 -0.599271 -0.950576 0.225434 0.213507 -0.220867 0.270661 0.264678 0.925575 0.379327 0.316197 -0.384904 0.867103 0.400778 -0.930014 -0.30624 0.2032 -0.504292 0.187329 -0.87067 -0.454799 0.485903 
1533311622705 0.152119 0.937601 -0.312672 -0.599269 -0.950573 0.22543 0.213525 -0.220871 0.270686 0.264736 0.92555 0.37932 0.316201 -0.384895 0.867106 0.400765 -0.930012 -0.306246 0.203202 -0.504277 0.187337 -0.870672 -0.454792 0.485883 
1533311622723 0.152092 0.937586 -0.312732 -0.599267 -0.95057 0.225425 0.213543 -0.220875 0.270712 0.264795 0.925526 0.379313 0.316123 -0.384928 0.86712 0.40068 -0.93004 -0.30621 0.20313 -0.504145 0.18733 -0.87067 -0.454798 0.485852 
1533311622866 0.152072 0.93764 -0.312579 -0.599269 -0.950596 0.22535 0.213506 -0.220809 0.270631 0.264668 0.925586 0.379327 1 0 0 0 0 1 0 0 0 0 1 1.306 
1533311622877 0.152071 0.937687 -0.312439 -0.599275 -0.950585 0.225327 0.213577 -0.220817 0.270669 0.264521 0.925617 0.379314 0.313239 -0.3866 0.867422 0.386189 -0.93126 -0.304042 0.200784 -0.500185 0.18611 -0.870689 -0.455263 0.505382 
1533311623053 0.152069 0.937734 -0.312297 -0.599281 -0.950575 0.225304 0.213649 -0.220826 0.270707 0.264372 0.925648 0.379301 0.316244 -0.384866 0.867103 0.400216 -0.929998 -0.306258 0.203249 -0.504049 0.187334 -0.87068 -0.454777 0.486145 
1533311623296 0.152068 0.937782 -0.312156 -0.599287 -0.950564 0.225281 0.21372 -0.220834 0.270746 0.264224 0.925679 0.379289 0.316258 -0.384857 0.867102 0.400836 -0.929992 -0.306267 0.203261 -0.504368 0.187338 -0.870681 -0.454774 0.485921 
1533311623442 0.152066 0.937829 -0.312014 -0.599293 -0.950553 0.225258 0.213792 -0.220843 0.270784 0.264076 0.925711 0.379276 0.316239 -0.384881 0.867098 0.400855 -0.93 -0.306257 0.203241 -0.504361 0.187331 -0.870674 -0.454789 0.485943 
1533311623448 0.152065 0.937876 -0.311873 -0.5993 -0.950543 0.225235 0.213864 -0.220851 0.270822 0.263928 0.925742 0.379263 0.316214 -0.384899 0.867099 0.400827 -0.930009 -0.306245 0.203216 -0.504329 0.187327 -0.87067 -0.454799 0.48594 
1533311623674 0.152063 0.937923 -0.311732 -0.599306 -0.950532 0.225212 0.213936 -0.220859 0.270861 0.263779 0.925773 0.37925 0.3162 -0.384907 0.867101 0.400798 -0.930014 -0.306239 0.203202 -0.504306 0.187326 -0.870669 -0.454801 0.485922 
1533311623847 0.152062 0.937971 -0.31159 -0.599312 -0.950521 0.225189 0.214007 -0.220868 0.270899 0.263631 0.925804 0.379237 0.316197 -0.384904 0.867103 0.400778 -0.930014 -0.30624 0.2032 -0.504292 0.187329 -0.87067 -0.454799 0.485903 
1533311623982 0.15206 0.938018 -0.311449 -0.599318 -0.950511 0.225166 0.214079 -0.220876 0.270937 0.263483 0.925835 0.379225 0.316201 -0.384895 0.867106 0.400765 -0.930012 -0.306246 0.203202 -0.504277 0.187337 -0.870672 -0.454792 0.485883 
1533311624172 0.152059 0.938064 -0.311309 -0.599322 -0.9505 0.225143 0.21415 -0.220884 0.270975 0.263336 0.925865 0.379213 0.316123 -0.384928 0.86712 0.40068 -0.93004 -0.30621 0.20313 -0.504145 0.18733 -0.87067 -0.454798 0.485852 
1533311624276 0.152193 0.938028 -0.311353 -0.599308 -0.950484 0.225273 0.214083 -0.220959 0.270956 0.263354 0.925866 0.379254 1 0 0 0 0 1 0 0 0 0 1 1.306 
1533311624287 0.152202 0.93801 -0.311403 -0.599306 -0.950483 0.225293 0.214068 -0.220951 0.270954 0.263401 0.925853 0.379257 0.313239 -0.3866 0.867422 0.386189 -0.93126 -0.304042 0.200784 -0.500185 0.18611 -0.870689 -0.455263 0.505382 
1533311624294 0.152212 0.937992 -0.311454 -0.599305 -0.950482 0.225313 0.21405 -0.220944 0.270952 0.26345 0.92584 0.379259 0.316244 -0.384866 0.867103 0.400216 -0.929998 -0.306258 0.203249 -0.504049 0.187334 -0.87068 -0.454777 0.486145 
1533311624454 0.152222 0.937973 -0.311504 -0.599303 -0.950481 0.225333 0.214033 -0.220936 0.27095 0.263498 0.925827 0.379262 0.316258 -0.384857 0.867102 0.400836 -0.929992 -0.306267 0.203261 -0.504368 0.187338 -0.870681 -0.454774 0.485921 
1533311624618 0.152231 0.937955 -0.311554 -0.599302 -0.950481 0.225352 0.214016 -0.220928 0.270947 0.263546 0.925814 0.379264 0.316239 -0.384881 0.867098 0.400855 -0.93 -0.306257 0.203241 -0.504361 0.187331 -0.870674 -0.454789 0.485943 
1533311624753 0.152241 0.937937 -0.311604 -0.5993 -0.95048 0.225373 0.213999 -0.220921 0.270945 0.263594 0.925801 0.379267 0.316214 -0.384899 0.867099 0.400827 -0.930009 -0.306245 0.203216 -0.504329 0.187327 -0.87067 -0.454799 0.48594 
1533311624931 0.152251 0.937919 -0.311655 -0.599298 -0.950479 0.225392 0.213982 -0.220913 0.270942 0.263642 0.925788 0.37927 0.3162 -0.384907 0.867101 0.400798 -0.930014 -0.306239 0.203202 -0.504306 0.187326 -0.870669 -0.454801 0.485922 
1533311625010 0.15226 0.9379 -0.311705 -0.599297 -0.950478 0.225412 0.213965 -0.220905 0.27094 0.26369 0.925775 0.379272 0.316197 -0.384904 0.867103 0.400778 -0.930014 -0.30624 0.2032 -0.504292 0.187329 -0.87067 -0.454799 0.485903 
1533311625169 0.15227 0.937882 -0.311755 -0.599295 -0.950477 0.225432 0.213948 -0.220897 0.270938 0.263738 0.925762 0.379275 0.316201 -0.384895 0.867106 0.400765 -0.930012 -0.306246 0.203202 -0.504277 0.187337 -0.870672 -0.454792 0.485883 
1533311625270 0.15228 0.937864 -0.311805 -0.599294 -0.950476 0.225452 0.213931 -0.22089 0.270935 0.263786 0.925749 0.379277 0.316123 -0.384928 0.86712 0.40068 -0.93004 -0.30621 0.20313 -0.504145 0.18733 -0.87067 -0.454798 0.485852 
