1532458823605 -0.233337 0.625392 -0.744607 -0.516259 -0.820274 -0.537824 -0.194666 -0.358494 -0.52221 0.565359 0.638487 0.370288 0.16008 -0.304787 0.938871 0.370831 -0.775623 0.549475 0.310623 -0.528794 -0.61056 -0.777934 -0.14844 0.432481 
1532458823617 -0.170302 0.63372 -0.754584 -0.52386 -0.859586 -0.46994 -0.200669 -0.341976 -0.481777 0.614455 0.624768 0.38115 0.316305 -0.38429 0.867336 0.400737 -0.930106 -0.305553 0.203815 -0.506322 0.186693 -0.871182 -0.454078 0.485854 
1532458824805 -0.106667 0.636648 -0.763742 -0.531414 -0.893013 -0.399098 -0.207963 -0.325446 -0.437207 0.659848 0.611106 0.392016 0.316242 -0.384853 0.86711 0.400828 -0.929997 -0.306262 0.203248 -0.504438 0.187342 -0.870685 -0.454765 0.485876 
1532458824811 -0.0428933 0.634158 -0.772013 -0.538965 -0.920312 -0.325812 -0.2165 -0.308916 -0.388826 0.701206 0.597599 0.402882 0.316223 -0.384857 0.867115 0.40079 -0.930001 -0.306263 0.203227 -0.50432 0.187352 -0.870683 -0.454765 0.485866 
1532458826445 0.0205562 0.626269 -0.779336 -0.546515 -0.941285 -0.250614 -0.226219 -0.292386 -0.336987 0.738228 0.584346 0.413748 0.316222 -0.384859 0.867115 0.40079 -0.930002 -0.306263 0.203224 -0.504311 0.187352 -0.870682 -0.454766 0.485866 
