1535376379910 0.251589 0.924048 -0.287816 -0.604792 -0.934087 0.309675 0.177714 -0.23089 0.253346 0.224134 0.941052 0.384142 0.197407 -0.112314 0.973867 0.383396 -0.980245 -0.0102156 0.197522 -0.499607 -0.0122358 -0.99362 -0.112112 0.439954 
1535376379923 0.251214 0.9243 -0.287334 -0.608068 -0.934526 0.308926 0.176707 -0.231991 0.252095 0.22413 0.941389 0.383102 0.192655 -0.11295 0.974744 0.383169 -0.98093 0.00384053 0.194323 -0.497905 -0.0256923 -0.993593 -0.110056 0.43985 
1535376380401 0.250838 0.924552 -0.286851 -0.611348 -0.934964 0.308175 0.175701 -0.233094 0.250846 0.224123 0.941725 0.382062 0.18789 -0.113519 0.975608 0.382941 -0.981409 0.0178979 0.19109 -0.496201 -0.0391536 -0.993375 -0.108045 0.439746 
1535376380864 0.25046 0.924804 -0.286368 -0.614629 -0.935399 0.307424 0.174695 -0.234198 0.249595 0.224114 0.942059 0.381021 0.183115 -0.114019 0.976457 0.382712 -0.981682 0.0319537 0.187826 -0.494497 -0.0526171 -0.992965 -0.106079 0.439641 
1535376381326 0.250082 0.925056 -0.285886 -0.617909 -0.935833 0.306674 0.173688 -0.235302 0.248344 0.224105 0.942392 0.37998 0.178331 -0.114451 0.977292 0.382484 -0.981749 0.0460046 0.184532 -0.492793 -0.0660798 -0.992363 -0.104158 0.439537 
1535376381785 0.249704 0.925307 -0.285404 -0.62119 -0.936265 0.305923 0.17268 -0.236405 0.247093 0.224095 0.942723 0.37894 0.173539 -0.114814 0.978111 0.382256 -0.98161 0.0600481 0.181208 -0.491089 -0.0795391 -0.99157 -0.102282 0.439433 
1535376382209 0.249324 0.925557 -0.284923 -0.62447 -0.936696 0.305172 0.171671 -0.237509 0.245842 0.224084 0.943052 0.377899 0.16874 -0.11511 0.978916 0.382028 -0.981264 0.074081 0.177856 -0.489385 -0.092992 -0.990587 -0.100453 0.439328 
1535376382613 0.248944 0.925808 -0.284442 -0.627749 -0.937125 0.304421 0.170662 -0.238612 0.24459 0.224072 0.943381 0.376859 0.163934 -0.115336 0.979706 0.3818 -0.980713 0.0881006 0.174474 -0.487682 -0.106436 -0.989412 -0.0986691 0.439224 
1535376383064 0.248563 0.926057 -0.283961 -0.63103 -0.937552 0.303669 0.169652 -0.239716 0.243338 0.224059 0.943708 0.375818 0.159123 -0.115495 0.98048 0.381572 -0.979955 0.102104 0.171065 -0.485978 -0.119868 -0.988046 -0.0969324 0.43912 
1535376383297 0.248181 0.926307 -0.283481 -0.634311 -0.937977 0.302918 0.168642 -0.240819 0.242085 0.224045 0.944033 0.374777 0.154308 -0.115584 0.981239 0.381344 -0.978991 0.116088 0.167629 -0.484274 -0.133285 -0.986491 -0.0952426 0.439015 
1535376383986 0.249062 0.92596 -0.283841 -0.634021 -0.937636 0.303924 0.168727 -0.241054 0.242501 0.224116 0.94391 0.374977 0.154862 -0.11539 0.981174 0.381468 -0.979088 0.1147 0.168022 -0.484439 -0.131929 -0.986676 -0.0952142 0.439079 
1535376383992 0.248287 0.925879 -0.284784 -0.63413 -0.937604 0.303576 0.16953 -0.241144 0.243418 0.224923 0.943482 0.375017 0.158141 -0.115367 0.980654 0.381454 -0.979472 0.1074 0.170586 -0.484765 -0.125002 -0.9875 -0.0960148 0.439365 
1535376384011 0.247511 0.925796 -0.285726 -0.634239 -0.93757 0.303229 0.170335 -0.241235 0.244336 0.225728 0.943052 0.375057 0.161421 -0.115321 0.980125 0.381441 -0.979797 0.100093 0.173144 -0.485096 -0.118071 -0.988272 -0.0968341 0.439651 
1535376384296 0.246734 0.925713 -0.286666 -0.634349 -0.937536 0.302882 0.17114 -0.241325 0.245252 0.226533 0.942621 0.375097 0.164699 -0.11525 0.979587 0.381429 -0.980063 0.0927819 0.175695 -0.485427 -0.111137 -0.988994 -0.0976715 0.439937 
1535376384704 0.245956 0.925629 -0.287605 -0.634459 -0.9375 0.302537 0.171945 -0.241416 0.246168 0.227339 0.942188 0.375137 0.167976 -0.115155 0.979042 0.381416 -0.980269 0.0854658 0.178239 -0.485758 -0.1042 -0.989664 -0.098527 0.440223 
1535376385018 0.245177 0.925543 -0.288543 -0.634568 -0.937464 0.302191 0.17275 -0.241507 0.247083 0.228145 0.941754 0.375177 0.171249 -0.115036 0.978489 0.381403 -0.980415 0.0781456 0.180774 -0.486087 -0.09726 -0.990283 -0.0994005 0.440509 
1535376385308 0.244397 0.925457 -0.289481 -0.634678 -0.937426 0.301846 0.173556 -0.241598 0.247997 0.22895 0.941318 0.375217 0.174521 -0.114892 0.977927 0.381391 -0.980502 0.0708216 0.183301 -0.486419 -0.0903182 -0.99085 -0.100292 0.440796 
1535376385602 0.243616 0.925369 -0.290418 -0.634788 -0.937387 0.301502 0.174362 -0.241688 0.24891 0.229756 0.94088 0.375257 0.17779 -0.114724 0.977358 0.381378 -0.98053 0.0634943 0.18582 -0.486749 -0.0833747 -0.991366 -0.101201 0.441082 
1535376385608 0.242834 0.925281 -0.291353 -0.634898 -0.937347 0.301158 0.175168 -0.241779 0.249823 0.230562 0.940441 0.375296 0.181057 -0.114531 0.976781 0.381366 -0.980498 0.0561642 0.188331 -0.487081 -0.0764299 -0.991831 -0.102129 0.441368 
1535376386031 0.242052 0.925191 -0.292288 -0.635008 -0.937306 0.300815 0.175974 -0.24187 0.250734 0.231369 0.94 0.375336 0.18432 -0.114314 0.976196 0.381353 -0.980407 0.0488317 0.190834 -0.487411 -0.0694843 -0.992244 -0.103074 0.441654 
1535376386356 0.2429 0.925243 -0.29142 -0.634888 -0.937281 0.301279 0.175315 -0.241833 0.250007 0.230558 0.940393 0.375305 0.183656 -0.114459 0.976304 0.381321 -0.98044 0.0501699 0.190316 -0.487342 -0.0707644 -0.99216 -0.103006 0.441547 
1535376386373 0.242544 0.925255 -0.291677 -0.635036 -0.937332 0.301027 0.175475 -0.241919 0.250162 0.230838 0.940283 0.37533 0.184996 -0.113692 0.976141 0.38135 -0.980559 0.044782 0.191049 -0.487443 -0.0654342 -0.992506 -0.103197 0.441628 
1535376386608 0.242189 0.925267 -0.291934 -0.635187 -0.937383 0.300775 0.175636 -0.242008 0.250317 0.231117 0.940174 0.375355 0.186333 -0.112918 0.975976 0.381382 -0.980647 0.0393931 0.191783 -0.48755 -0.0601024 -0.992823 -0.103392 0.44171 
1535376386615 0.241833 0.925279 -0.29219 -0.635339 -0.937433 0.300524 0.175797 -0.242096 0.250471 0.231395 0.940064 0.375379 0.187666 -0.112137 0.975811 0.381413 -0.980705 0.0340036 0.192515 -0.487656 -0.0547691 -0.993111 -0.103592 0.441791 
1535376386986 0.241478 0.925291 -0.292446 -0.635491 -0.937483 0.300273 0.175958 -0.242185 0.250626 0.231674 0.939954 0.375404 0.188995 -0.111348 0.975645 0.381444 -0.980733 0.0286137 0.193247 -0.487763 -0.0494345 -0.993369 -0.103795 0.441873 
1535376387256 0.241122 0.925303 -0.292702 -0.635643 -0.937534 0.300021 0.17612 -0.242273 0.250781 0.231952 0.939844 0.375428 0.19032 -0.110553 0.975478 0.381476 -0.980731 0.0232235 0.193977 -0.48787 -0.0440987 -0.993599 -0.104003 0.441955 
1535376387516 0.240766 0.925314 -0.292959 -0.635794 -0.937584 0.29977 0.176281 -0.242361 0.250935 0.232231 0.939734 0.375453 0.191639 -0.10975 0.97531 0.381507 -0.9807 0.0178333 0.194705 -0.487976 -0.0387619 -0.993799 -0.104214 0.442036 
1535376387523 0.24041 0.925326 -0.293215 -0.635947 -0.937634 0.299518 0.176442 -0.24245 0.25109 0.232509 0.939624 0.375477 0.192955 -0.10894 0.975141 0.381538 -0.980638 0.0124431 0.195433 -0.488083 -0.0334242 -0.99397 -0.10443 0.442118 
1535376387874 0.240054 0.925337 -0.293471 -0.636099 -0.937684 0.299267 0.176604 -0.242538 0.251244 0.232788 0.939514 0.375502 0.194266 -0.108122 0.974972 0.381569 -0.980547 0.00705325 0.196159 -0.488189 -0.0280859 -0.994113 -0.104649 0.442199 
1535376388135 0.239698 0.925348 -0.293726 -0.636252 -0.937733 0.299016 0.176765 -0.242627 0.251398 0.233067 0.939404 0.375526 0.195572 -0.107298 0.974802 0.381601 -0.980425 0.0016637 0.196883 -0.488296 -0.022747 -0.994226 -0.104872 0.442281 
1535376388427 0.240076 0.925341 -0.293439 -0.636087 -0.937672 0.299287 0.176629 -0.242576 0.251265 0.232745 0.939519 0.37545 0.195215 -0.107602 0.97484 0.381547 -0.980464 0.00304092 0.196677 -0.488249 -0.0241272 -0.994189 -0.104906 0.442255 
1535376388443 0.239822 0.925556 -0.29297 -0.636208 -0.937848 0.298853 0.176429 -0.242657 0.25085 0.23245 0.939703 0.375451 0.195055 -0.109452 0.974666 0.381559 -0.980459 0.00413975 0.19668 -0.488267 -0.0255618 -0.993983 -0.106506 0.442471 
1535376388652 0.239568 0.92577 -0.2925 -0.636334 -0.938024 0.298419 0.176229 -0.242741 0.250436 0.232153 0.939887 0.375451 0.194893 -0.111302 0.974489 0.381572 -0.980453 0.00523834 0.196684 -0.488285 -0.0269959 -0.993773 -0.108105 0.442688 
1535376388659 0.239314 0.925985 -0.29203 -0.636459 -0.938199 0.297986 0.176029 -0.242824 0.250021 0.231856 0.94007 0.375451 0.194728 -0.113151 0.974309 0.381584 -0.980445 0.00633672 0.19669 -0.488303 -0.0284295 -0.993558 -0.109704 0.442904 
1535376388936 0.23906 0.926198 -0.29156 -0.636585 -0.938375 0.297552 0.175829 -0.242908 0.249606 0.231559 0.940254 0.375451 0.194559 -0.115 0.974126 0.381596 -0.980436 0.00743547 0.196697 -0.488321 -0.0298632 -0.993338 -0.111303 0.44312 
1535376389127 0.238805 0.926412 -0.291089 -0.636711 -0.93855 0.297118 0.175628 -0.242992 0.249192 0.231261 0.940437 0.37545 0.194389 -0.116848 0.97394 0.381609 -0.980425 0.00853393 0.196707 -0.488339 -0.0312963 -0.993113 -0.112902 0.443337 
1535376389328 0.23855 0.926625 -0.290619 -0.636837 -0.938725 0.296684 0.175427 -0.243076 0.248777 0.230963 0.94062 0.37545 0.194215 -0.118696 0.973751 0.381621 -0.980413 0.00963239 0.196718 -0.488356 -0.0327291 -0.992884 -0.1145 0.443553 
1535376389335 0.238295 0.926838 -0.290149 -0.636963 -0.938899 0.29625 0.175226 -0.243159 0.248363 0.230665 0.940803 0.37545 0.194039 -0.120543 0.97356 0.381633 -0.980399 0.0107307 0.196731 -0.488374 -0.0341614 -0.99265 -0.116098 0.443769 
1535376389573 0.238039 0.927051 -0.289678 -0.637089 -0.939073 0.295817 0.175025 -0.243244 0.247948 0.230366 0.940985 0.37545 0.193861 -0.122389 0.973365 0.381645 -0.980383 0.0118291 0.196746 -0.488392 -0.0355935 -0.992412 -0.117695 0.443985 
1535376389767 0.237783 0.927264 -0.289208 -0.637214 -0.939248 0.295383 0.174823 -0.243327 0.247534 0.230068 0.941167 0.37545 0.193679 -0.124235 0.973167 0.381658 -0.980366 0.0129274 0.196762 -0.48841 -0.0370253 -0.992169 -0.119292 0.444202 
1535376389978 0.238057 0.927027 -0.289741 -0.637037 -0.939031 0.295881 0.175144 -0.243297 0.248092 0.230382 0.940943 0.375472 0.193579 -0.123211 0.973317 0.38161 -0.980405 0.0126141 0.196586 -0.488468 -0.036499 -0.9923 -0.118355 0.444117 
1535376390028 0.237854 0.927187 -0.289394 -0.637094 -0.939157 0.295553 0.175022 -0.24341 0.24781 0.230157 0.941073 0.375439 0.192739 -0.124036 0.973379 0.381595 -0.98051 0.0141732 0.195957 -0.488437 -0.0381016 -0.992176 -0.118887 0.444138 
1535376390245 0.23765 0.927348 -0.289046 -0.637155 -0.939283 0.295224 0.174901 -0.243525 0.247527 0.229931 0.941202 0.375405 0.191892 -0.124876 0.973439 0.381579 -0.980612 0.0157406 0.195325 -0.488403 -0.0397139 -0.992048 -0.119434 0.444163 
1535376390251 0.237446 0.927509 -0.288698 -0.637218 -0.939409 0.294895 0.174779 -0.243641 0.247244 0.229705 0.941332 0.375371 0.191045 -0.125714 0.973498 0.381562 -0.980711 0.0173083 0.194695 -0.488368 -0.0413255 -0.991916 -0.119982 0.444188 
1535376390497 0.237242 0.927669 -0.288351 -0.637278 -0.939535 0.294566 0.174657 -0.243756 0.246962 0.22948 0.941461 0.375338 0.190196 -0.126551 0.973556 0.381546 -0.980807 0.0188766 0.194066 -0.488334 -0.0429366 -0.991781 -0.120531 0.444214 
1535376390663 0.237038 0.92783 -0.288003 -0.63734 -0.939661 0.294237 0.174534 -0.243872 0.246679 0.229254 0.94159 0.375304 0.189345 -0.127386 0.973613 0.38153 -0.9809 0.0204455 0.193437 -0.4883 -0.0445471 -0.991642 -0.121082 0.444239 
1535376390837 0.236833 0.92799 -0.287655 -0.637402 -0.939787 0.293907 0.174412 -0.243987 0.246396 0.229027 0.941719 0.37527 0.188492 -0.12822 0.973669 0.381514 -0.980989 0.0220149 0.192808 -0.488266 -0.046157 -0.991501 -0.121633 0.444264 
1535376391030 0.236629 0.92815 -0.287307 -0.637463 -0.939912 0.293578 0.17429 -0.244102 0.246114 0.228801 0.941848 0.375236 0.187639 -0.129052 0.973723 0.381498 -0.981076 0.0235846 0.192182 -0.488232 -0.0477663 -0.991357 -0.122185 0.444289 
1535376391202 0.236424 0.92831 -0.286959 -0.637525 -0.940038 0.293249 0.174167 -0.244218 0.245831 0.228575 0.941977 0.375202 0.186783 -0.129883 0.973777 0.381482 -0.98116 0.0251549 0.191554 -0.488198 -0.049375 -0.99121 -0.122738 0.444314 
1535376391379 0.236219 0.928469 -0.286611 -0.637586 -0.940163 0.29292 0.174044 -0.244333 0.245549 0.228348 0.942106 0.375169 0.185927 -0.130713 0.97383 0.381466 -0.98124 0.0267257 0.190929 -0.488164 -0.0509831 -0.99106 -0.123292 0.444339 
1535376391563 0.236324 0.928307 -0.287049 -0.637517 -0.940007 0.293222 0.174375 -0.244122 0.246043 0.228619 0.941911 0.375231 0.18651 -0.130252 0.97378 0.381472 -0.981171 0.0259147 0.191392 -0.48816 -0.0501644 -0.991142 -0.122966 0.444305 
1535376391570 0.236618 0.928289 -0.286866 -0.637498 -0.939997 0.293409 0.174116 -0.244115 0.245799 0.228454 0.942015 0.375183 0.186005 -0.1307 0.973817 0.381474 -0.981165 0.0278815 0.19115 -0.488195 -0.0521348 -0.99103 -0.123052 0.4443 
1535376391581 0.236913 0.92827 -0.286684 -0.637478 -0.939987 0.293597 0.173857 -0.244109 0.245555 0.22829 0.942118 0.375135 0.185497 -0.131148 0.973854 0.381475 -0.981154 0.029849 0.190907 -0.488228 -0.0541056 -0.990913 -0.123139 0.444294 
1535376391782 0.237207 0.928251 -0.286501 -0.637457 -0.939976 0.293784 0.173598 -0.244101 0.245312 0.228126 0.942221 0.375087 0.184987 -0.131594 0.97389 0.381475 -0.98114 0.0318166 0.190663 -0.488259 -0.0560761 -0.990793 -0.123227 0.444289 
1535376391789 0.237503 0.928231 -0.28632 -0.637436 -0.939965 0.293972 0.173338 -0.244094 0.245068 0.227962 0.942324 0.375039 0.184477 -0.13204 0.973927 0.381476 -0.981121 0.0337842 0.19042 -0.488289 -0.0580464 -0.990668 -0.123315 0.444283 
1535376392010 0.237798 0.928212 -0.286137 -0.637415 -0.939954 0.29416 0.173078 -0.244087 0.244824 0.227798 0.942427 0.374991 0.183965 -0.132485 0.973963 0.381476 -0.981099 0.0357517 0.190176 -0.48832 -0.0600164 -0.99054 -0.123404 0.444278 
1535376392184 0.238092 0.928193 -0.285954 -0.637395 -0.939943 0.294348 0.172819 -0.244079 0.24458 0.227634 0.94253 0.374943 0.183454 -0.132928 0.973999 0.381477 -0.981072 0.0377192 0.189934 -0.488352 -0.061986 -0.990408 -0.123493 0.444272 
1535376392191 0.238387 0.928173 -0.285773 -0.637374 -0.939932 0.294536 0.17256 -0.244072 0.244336 0.227471 0.942633 0.374895 0.18294 -0.133371 0.974035 0.381477 -0.981042 0.0396867 0.18969 -0.488382 -0.0639554 -0.990271 -0.123582 0.444267 
1535376392412 0.238681 0.928154 -0.285589 -0.637353 -0.939921 0.294723 0.172301 -0.244065 0.244091 0.227306 0.942736 0.374847 0.182427 -0.133813 0.974071 0.381477 -0.981007 0.041654 0.189448 -0.488414 -0.0659245 -0.990131 -0.123672 0.444261 
1535376392418 0.238976 0.928135 -0.285407 -0.637333 -0.939909 0.294911 0.172041 -0.244058 0.243847 0.227143 0.942839 0.374799 0.181912 -0.134253 0.974107 0.381478 -0.980968 0.0436213 0.189205 -0.488445 -0.0678933 -0.989986 -0.123763 0.444256 
1535376392667 0.238507 0.928136 -0.285793 -0.637357 -0.9399 0.294655 0.172527 -0.244126 0.244339 0.227468 0.942633 0.374855 0.18224 -0.133964 0.974085 0.381433 -0.980985 0.042499 0.189375 -0.488448 -0.0667671 -0.990075 -0.123671 0.444247 
1535376392679 0.239121 0.928032 -0.285619 -0.637172 -0.93983 0.295129 0.1721 -0.24403 0.244009 0.227281 0.942764 0.374902 0.182303 -0.133858 0.974088 0.381467 -0.981015 0.0418835 0.189355 -0.48854 -0.066145 -0.990115 -0.123681 0.444204 
1535376392822 0.239737 0.927926 -0.285446 -0.636981 -0.939759 0.295603 0.171673 -0.24393 0.243679 0.227094 0.942894 0.37495 0.182354 -0.133761 0.974092 0.381502 -0.981043 0.0413254 0.18933 -0.488632 -0.0655797 -0.990152 -0.123689 0.444164 
1535376392947 0.240351 0.927821 -0.285272 -0.636792 -0.939687 0.296078 0.171247 -0.243831 0.243349 0.226907 0.943024 0.374998 0.182405 -0.133664 0.974096 0.381537 -0.981072 0.0407671 0.189306 -0.488725 -0.0650145 -0.990188 -0.123698 0.444124 
1535376393094 0.240966 0.927715 -0.285098 -0.636602 -0.939615 0.296552 0.17082 -0.243732 0.243019 0.22672 0.943154 0.375046 0.182457 -0.133567 0.974099 0.381572 -0.981099 0.0402089 0.189281 -0.488817 -0.0644492 -0.990224 -0.123706 0.444084 
1535376393247 0.241581 0.927609 -0.284923 -0.636413 -0.939543 0.297027 0.170394 -0.243634 0.242689 0.226534 0.943284 0.375094 0.182508 -0.13347 0.974103 0.381607 -0.981127 0.0396506 0.189257 -0.48891 -0.0638839 -0.990259 -0.123715 0.444043 
1535376393391 0.242195 0.927502 -0.284748 -0.636222 -0.93947 0.297502 0.169967 -0.243534 0.242358 0.226347 0.943414 0.375142 0.182559 -0.133373 0.974107 0.381642 -0.981154 0.0390923 0.189232 -0.489002 -0.0633186 -0.990295 -0.123723 0.444003 
1535376393543 0.24281 0.927395 -0.284574 -0.636031 -0.939397 0.297976 0.169541 -0.243435 0.242027 0.226161 0.943543 0.37519 0.182609 -0.133276 0.97411 0.381678 -0.981181 0.0385341 0.189207 -0.489095 -0.0627532 -0.99033 -0.123731 0.443963 
1535376393666 0.243424 0.927288 -0.284398 -0.635842 -0.939323 0.298451 0.169115 -0.243336 0.241697 0.225975 0.943673 0.375238 0.182661 -0.133179 0.974114 0.381713 -0.981207 0.0379757 0.189183 -0.489187 -0.0621879 -0.990364 -0.12374 0.443923 
1535376393681 0.244038 0.92718 -0.284222 -0.635652 -0.939249 0.298925 0.168688 -0.243238 0.241366 0.225789 0.943802 0.375286 0.182711 -0.133082 0.974118 0.381748 -0.981234 0.0374174 0.189158 -0.489279 -0.0616225 -0.990398 -0.123748 0.443883 
1535376393892 0.243518 0.927264 -0.284396 -0.635869 -0.93928 0.298557 0.169165 -0.243277 0.241769 0.225932 0.943664 0.375252 0.182526 -0.133315 0.974121 0.381678 -0.981202 0.0384395 0.189114 -0.489151 -0.0626564 -0.990328 -0.123793 0.44397 
1535376393995 0.243736 0.92724 -0.284288 -0.635507 -0.939214 0.298754 0.169184 -0.243152 0.241806 0.225771 0.943694 0.375364 0.182933 -0.133015 0.974086 0.38172 -0.981176 0.0376595 0.189407 -0.489305 -0.0618775 -0.990398 -0.123622 0.443881 
1535376394009 0.243954 0.927215 -0.284181 -0.635141 -0.939147 0.298953 0.169202 -0.243025 0.241844 0.22561 0.943722 0.375477 0.183339 -0.132714 0.97405 0.381762 -0.981149 0.0368804 0.1897 -0.489461 -0.0610993 -0.990468 -0.123451 0.443793 
1535376394257 0.244173 0.92719 -0.284074 -0.634775 -0.939081 0.299151 0.169221 -0.242899 0.241881 0.225449 0.943751 0.375589 0.183745 -0.132414 0.974014 0.381804 -0.981121 0.0361013 0.189994 -0.489616 -0.060321 -0.990537 -0.123281 0.443704 
1535376394438 0.244392 0.927165 -0.283967 -0.634409 -0.939014 0.299349 0.16924 -0.242772 0.241919 0.225288 0.94378 0.375702 0.184152 -0.132113 0.973979 0.381846 -0.981093 0.0353222 0.190288 -0.489771 -0.0595426 -0.990605 -0.12311 0.443616 
1535376394630 0.244611 0.92714 -0.28386 -0.634042 -0.938948 0.299548 0.169259 -0.242645 0.241957 0.225127 0.943809 0.375815 0.184557 -0.131812 0.973943 0.381888 -0.981063 0.0345432 0.190582 -0.489926 -0.058764 -0.990673 -0.12294 0.443527 
1535376394712 0.24483 0.927115 -0.283753 -0.633677 -0.938881 0.299746 0.169278 -0.242518 0.241994 0.224966 0.943837 0.375928 0.184963 -0.13151 0.973907 0.38193 -0.981033 0.0337644 0.190876 -0.490081 -0.0579854 -0.99074 -0.122771 0.443438 
1535376394827 0.245049 0.92709 -0.283646 -0.63331 -0.938814 0.299945 0.169297 -0.242391 0.242032 0.224805 0.943866 0.376041 0.185368 -0.131208 0.97387 0.381972 -0.981003 0.0329855 0.19117 -0.490236 -0.0572067 -0.990806 -0.122601 0.44335 
1535376395074 0.245268 0.927065 -0.283539 -0.632944 -0.938747 0.300143 0.169316 -0.242264 0.242069 0.224644 0.943895 0.376153 0.185773 -0.130906 0.973834 0.382014 -0.980971 0.0322068 0.191464 -0.490391 -0.0564278 -0.990872 -0.122432 0.443261 
1535376395240 0.245486 0.92704 -0.283432 -0.632579 -0.93868 0.300341 0.169335 -0.242137 0.242107 0.224483 0.943924 0.376266 0.186178 -0.130603 0.973797 0.382056 -0.980939 0.0314282 0.191758 -0.490546 -0.0556489 -0.990936 -0.122263 0.443173 
1535376395428 0.245333 0.927087 -0.283409 -0.632806 -0.938719 0.300192 0.169386 -0.242187 0.242113 0.224486 0.943921 0.376256 0.185696 -0.130938 0.973844 0.381998 -0.980987 0.0321915 0.191386 -0.490442 -0.0564092 -0.990868 -0.12247 0.443233 
1535376395446 0.245419 0.927005 -0.283606 -0.632293 -0.938629 0.300372 0.169565 -0.241993 0.242375 0.224586 0.94383 0.376421 0.186571 -0.131543 0.973595 0.38209 -0.980933 0.029959 0.192025 -0.490619 -0.0544274 -0.990858 -0.123445 0.443315 
1535376395645 0.245504 0.926921 -0.283804 -0.631775 -0.938539 0.300553 0.169745 -0.241797 0.242638 0.224688 0.943738 0.376587 0.187448 -0.132147 0.973345 0.382182 -0.980873 0.0277258 0.192662 -0.490796 -0.0524464 -0.990842 -0.124422 0.443396 
1535376395802 0.24559 0.926838 -0.284002 -0.631258 -0.938448 0.300734 0.169924 -0.2416 0.242901 0.224789 0.943647 0.376753 0.188326 -0.132748 0.973094 0.382275 -0.980809 0.0254922 0.193297 -0.490974 -0.0504661 -0.990822 -0.1254 0.443478 
1535376395972 0.245675 0.926755 -0.284199 -0.630741 -0.938358 0.300915 0.170103 -0.241404 0.243164 0.224891 0.943555 0.37692 0.189205 -0.133348 0.972841 0.382367 -0.98074 0.023258 0.193929 -0.491152 -0.0484864 -0.990796 -0.126379 0.44356 
1535376396149 0.24576 0.926671 -0.284398 -0.630223 -0.938267 0.301096 0.170283 -0.241207 0.243427 0.224992 0.943463 0.377086 0.190085 -0.133946 0.972587 0.38246 -0.980665 0.0210234 0.194559 -0.491329 -0.0465074 -0.990766 -0.12736 0.443642 
1535376396316 0.245846 0.926588 -0.284595 -0.629706 -0.938176 0.301277 0.170462 -0.241012 0.24369 0.225093 0.943371 0.377252 0.190966 -0.134541 0.972332 0.382552 -0.980586 0.0187882 0.195187 -0.491507 -0.0445291 -0.99073 -0.128342 0.443724 
1535376396606 0.245931 0.926504 -0.284793 -0.629188 -0.938086 0.301458 0.170641 -0.240815 0.243953 0.225195 0.943278 0.377418 0.191849 -0.135135 0.972076 0.382645 -0.980502 0.0165526 0.195812 -0.491685 -0.0425515 -0.990689 -0.129324 0.443806 
1535376396851 0.246016 0.926421 -0.284991 -0.628671 -0.937995 0.301639 0.17082 -0.240619 0.244216 0.225296 0.943186 0.377584 0.192732 -0.135726 0.971819 0.382737 -0.980412 0.0143165 0.196435 -0.491862 -0.0405745 -0.990643 -0.130308 0.443887 
1535376397031 0.246101 0.926338 -0.285189 -0.628154 -0.937904 0.301819 0.171 -0.240423 0.244479 0.225397 0.943094 0.37775 0.193617 -0.136316 0.971561 0.382829 -0.980318 0.01208 0.197057 -0.49204 -0.0385983 -0.990592 -0.131294 0.443969 
1535376397229 0.245831 0.92649 -0.284927 -0.628909 -0.938079 0.301417 0.170748 -0.240651 0.244078 0.225309 0.943219 0.377516 0.193146 -0.136009 0.971698 0.382792 -0.980366 0.0133344 0.196736 -0.491906 -0.0397148 -0.990618 -0.130763 0.443945 
1535376397291 0.245827 0.926411 -0.285186 -0.628461 -0.93802 0.301516 0.170897 -0.240457 0.244309 0.225499 0.943114 0.377652 0.193891 -0.135405 0.971634 0.382851 -0.980323 0.0106586 0.19711 -0.492033 -0.0370459 -0.990733 -0.130674 0.44387 
1535376397507 0.245823 0.926333 -0.285445 -0.628008 -0.937961 0.301616 0.171045 -0.240261 0.24454 0.225689 0.943008 0.37779 0.194634 -0.134798 0.971569 0.382911 -0.980273 0.0079827 0.197485 -0.49216 -0.0343763 -0.990841 -0.130585 0.443796 
1535376397703 0.245819 0.926254 -0.285704 -0.627556 -0.937902 0.301716 0.171194 -0.240065 0.244771 0.22588 0.942903 0.377927 0.195375 -0.134189 0.971505 0.38297 -0.980216 0.00530696 0.19786 -0.492288 -0.0317064 -0.990942 -0.130497 0.443722 
1535376397716 0.245815 0.926175 -0.285963 -0.627103 -0.937843 0.301815 0.171343 -0.239869 0.245002 0.22607 0.942797 0.378065 0.196115 -0.133578 0.97144 0.38303 -0.980151 0.0026314 0.198236 -0.492416 -0.0290362 -0.991035 -0.130411 0.443647 
1535376398001 0.245811 0.926096 -0.286222 -0.626649 -0.937784 0.301915 0.171492 -0.239672 0.245232 0.22626 0.942692 0.378202 0.196853 -0.132965 0.971375 0.38309 -0.980078 -4.39407e-05 0.198611 -0.492544 -0.0263657 -0.991121 -0.130325 0.443573 
1535376398032 0.245807 0.926017 -0.286481 -0.626197 -0.937724 0.302015 0.17164 -0.239476 0.245463 0.22645 0.942586 0.378339 0.19759 -0.13235 0.971309 0.383149 -0.979998 -0.00271901 0.198987 -0.492671 -0.0236949 -0.991199 -0.13024 0.443498 
1535376398314 0.245803 0.925938 -0.286741 -0.625743 -0.937665 0.302115 0.171789 -0.23928 0.245694 0.226641 0.94248 0.378477 0.198324 -0.131733 0.971243 0.383209 -0.979911 -0.0053938 0.199363 -0.492799 -0.0210239 -0.991271 -0.130156 0.443424 
1535376398518 0.245798 0.925859 -0.287 -0.625291 -0.937605 0.302214 0.171937 -0.239084 0.245925 0.226831 0.942374 0.378614 0.199058 -0.131114 0.971177 0.383268 -0.979816 -0.00806841 0.199739 -0.492927 -0.0183527 -0.991334 -0.130074 0.44335 
1535376398736 0.245794 0.925779 -0.287259 -0.624837 -0.937546 0.302314 0.172086 -0.238887 0.246156 0.227021 0.942268 0.378752 0.199789 -0.130493 0.971111 0.383328 -0.979714 -0.0107426 0.200115 -0.493055 -0.0156813 -0.991391 -0.129992 0.443275 
1535376398950 0.24567 0.925923 -0.286901 -0.625523 -0.937685 0.302031 0.171823 -0.239095 0.245748 0.226811 0.942425 0.378576 0.199542 -0.130843 0.971114 0.383279 -0.979747 -0.00976968 0.2 -0.492965 -0.016681 -0.991355 -0.130142 0.443324 
1535376399093 0.245655 0.92584 -0.287181 -0.62522 -0.937608 0.302144 0.172049 -0.239001 0.24606 0.226999 0.942298 0.378697 0.200237 -0.130408 0.97103 0.383311 -0.979636 -0.0116798 0.200443 -0.493109 -0.0147979 -0.991392 -0.130091 0.443296 
1535376399251 0.245632 0.925759 -0.287462 -0.624906 -0.937531 0.302251 0.172278 -0.238895 0.246374 0.227188 0.942171 0.378822 0.200932 -0.129971 0.970945 0.383345 -0.97952 -0.0135909 0.200887 -0.493254 -0.0129135 -0.991425 -0.13004 0.443268 
1535376399262 0.24561 0.925678 -0.287743 -0.624592 -0.937455 0.302358 0.172507 -0.23879 0.246687 0.227377 0.942043 0.378947 0.201626 -0.129533 0.97086 0.383378 -0.979401 -0.0155017 0.201331 -0.493399 -0.011029 -0.991454 -0.12999 0.44324 
1535376399565 0.245587 0.925597 -0.288024 -0.624278 -0.937378 0.302464 0.172736 -0.238685 0.247001 0.227566 0.941915 0.379072 0.202319 -0.129093 0.970774 0.383411 -0.979277 -0.0174122 0.201775 -0.493545 -0.00914446 -0.99148 -0.129941 0.443213 
1535376399739 0.245564 0.925515 -0.288305 -0.623963 -0.937301 0.302571 0.172964 -0.238579 0.247314 0.227755 0.941787 0.379197 0.203011 -0.128652 0.970688 0.383444 -0.97915 -0.0193225 0.202219 -0.49369 -0.00725983 -0.991502 -0.129892 0.443185 
1535376399754 0.245541 0.925434 -0.288586 -0.62365 -0.937225 0.302678 0.173193 -0.238474 0.247627 0.227943 0.941659 0.379321 0.203702 -0.12821 0.970602 0.383477 -0.979018 -0.0212324 0.202663 -0.493835 -0.00537514 -0.99152 -0.129845 0.443157 
1535376399998 0.245518 0.925352 -0.288866 -0.623335 -0.937148 0.302785 0.173422 -0.238368 0.247941 0.228132 0.941531 0.379447 0.204392 -0.127766 0.970515 0.38351 -0.978883 -0.0231422 0.203107 -0.493981 -0.0034904 -0.991534 -0.129798 0.443129 
1535376400179 0.245495 0.925271 -0.289147 -0.623021 -0.937071 0.302892 0.173651 -0.238263 0.248254 0.228321 0.941403 0.379571 0.205081 -0.127321 0.970428 0.383543 -0.978744 -0.0250516 0.203551 -0.494126 -0.00160561 -0.991545 -0.129752 0.443101 
1535376400357 0.245472 0.925189 -0.289428 -0.622707 -0.936994 0.302999 0.173879 -0.238158 0.248568 0.22851 0.941274 0.379696 0.205769 -0.126875 0.970341 0.383576 -0.978601 -0.0269607 0.203995 -0.494271 0.000279209 -0.991552 -0.129707 0.443074 
1535376400565 0.245625 0.925231 -0.289163 -0.622893 -0.937021 0.303033 0.173675 -0.238267 0.248315 0.228293 0.941394 0.379607 0.205512 -0.127121 0.970363 0.383612 -0.978654 -0.0259294 0.203872 -0.494171 -0.000755436 -0.991548 -0.129737 0.443035 
1535376400585 0.245671 0.925159 -0.289356 -0.622606 -0.936929 0.303186 0.173901 -0.238163 0.248615 0.228383 0.941293 0.379688 0.205679 -0.127632 0.970261 0.38363 -0.978619 -0.0254948 0.204097 -0.494272 -0.00131256 -0.991494 -0.130146 0.443085 
1535376400705 0.245717 0.925086 -0.289549 -0.622314 -0.936838 0.30334 0.174127 -0.238056 0.248914 0.228475 0.941191 0.37977 0.205844 -0.128142 0.970159 0.383649 -0.978583 -0.0250599 0.204322 -0.494374 -0.00187015 -0.991439 -0.130556 0.443136 
1535376400855 0.245763 0.925013 -0.289743 -0.62202 -0.936746 0.303493 0.174352 -0.237949 0.249213 0.228566 0.94109 0.379852 0.20601 -0.128652 0.970056 0.383668 -0.978547 -0.0246251 0.204547 -0.494477 -0.00242781 -0.991384 -0.130965 0.443186 
1535376401013 0.245809 0.92494 -0.289936 -0.62173 -0.936655 0.303646 0.174577 -0.237843 0.249511 0.228657 0.940989 0.379934 0.206176 -0.129163 0.969953 0.383687 -0.97851 -0.0241904 0.204774 -0.494579 -0.00298553 -0.991328 -0.131374 0.443236 
1535376401166 0.245856 0.924867 -0.29013 -0.621437 -0.936563 0.3038 0.174802 -0.237736 0.24981 0.228749 0.940887 0.380016 0.206341 -0.129673 0.96985 0.383706 -0.978474 -0.0237559 0.205 -0.494681 -0.00354332 -0.991272 -0.131784 0.443287 
1535376401318 0.245902 0.924794 -0.290323 -0.621144 -0.936471 0.303953 0.175027 -0.237629 0.250109 0.22884 0.940786 0.380098 0.206506 -0.130184 0.969746 0.383725 -0.978437 -0.0233214 0.205226 -0.494784 -0.00410119 -0.991216 -0.132192 0.443337 
1535376401324 0.245948 0.924722 -0.290517 -0.620852 -0.936379 0.304107 0.175253 -0.237522 0.250408 0.228931 0.940684 0.380179 0.20667 -0.130694 0.969642 0.383743 -0.9784 -0.022887 0.205452 -0.494886 -0.00465912 -0.991159 -0.132601 0.443388 
1535376401556 0.245993 0.924649 -0.29071 -0.620561 -0.936287 0.30426 0.175478 -0.237416 0.250707 0.229022 0.940582 0.380261 0.206835 -0.131205 0.969538 0.383762 -0.978362 -0.0224529 0.205679 -0.494988 -0.00521711 -0.991101 -0.13301 0.443438 
1535376401563 0.246039 0.924575 -0.290904 -0.620267 -0.936195 0.304414 0.175703 -0.237309 0.251005 0.229113 0.940481 0.380343 0.206999 -0.131715 0.969434 0.383781 -0.978324 -0.0220187 0.205906 -0.49509 -0.00577518 -0.991043 -0.133418 0.443489 
1535376401796 0.245849 0.924735 -0.290559 -0.620501 -0.936345 0.304076 0.175489 -0.237306 0.250633 0.228919 0.940627 0.380287 0.206755 -0.130926 0.969593 0.383714 -0.978381 -0.0227489 0.205557 -0.494932 -0.00485562 -0.991131 -0.132799 0.443404 
1535376401811 0.245769 0.92471 -0.290705 -0.620285 -0.936232 0.30415 0.175962 -0.237254 0.251131 0.228921 0.940494 0.380357 0.206383 -0.130477 0.969733 0.383699 -0.978457 -0.0220766 0.205269 -0.494969 -0.0053746 -0.991205 -0.132223 0.443337 
1535376401957 0.24569 0.924685 -0.290852 -0.620064 -0.936119 0.304224 0.176434 -0.2372 0.25163 0.228924 0.94036 0.380427 0.20601 -0.130028 0.969872 0.383683 -0.978532 -0.0214037 0.20498 -0.495005 -0.00589425 -0.991279 -0.131646 0.44327 
1535376401981 0.24561 0.92466 -0.290999 -0.619844 -0.936006 0.304298 0.176906 -0.237146 0.252128 0.228927 0.940226 0.380498 0.205637 -0.129579 0.970012 0.383667 -0.978607 -0.020731 0.20469 -0.495041 -0.00641412 -0.991352 -0.13107 0.443202 
1535376402152 0.245531 0.924634 -0.291146 -0.619623 -0.935893 0.304372 0.177377 -0.237092 0.252626 0.228929 0.940091 0.380568 0.205264 -0.129129 0.970151 0.383651 -0.978682 -0.0200584 0.2044 -0.495078 -0.0069342 -0.991425 -0.130493 0.443135 
1535376402205 0.245451 0.924609 -0.291292 -0.619402 -0.935779 0.304447 0.177849 -0.237038 0.253124 0.228932 0.939957 0.380639 0.204892 -0.128679 0.970289 0.383635 -0.978756 -0.019386 0.204109 -0.495114 -0.0074545 -0.991497 -0.129917 0.443068 
1535376402285 0.245371 0.924584 -0.291439 -0.619182 -0.935665 0.304521 0.178321 -0.236984 0.253622 0.228934 0.939822 0.380709 0.20452 -0.128228 0.970427 0.38362 -0.97883 -0.0187136 0.203818 -0.49515 -0.00797503 -0.991568 -0.129341 0.443 
1535376402363 0.245292 0.924559 -0.291586 -0.61896 -0.935551 0.304595 0.178793 -0.23693 0.25412 0.228937 0.939687 0.38078 0.204148 -0.127778 0.970565 0.383604 -0.978903 -0.0180415 0.203527 -0.495186 -0.00849576 -0.991639 -0.128765 0.442933 
1535376402559 0.245212 0.924534 -0.291733 -0.61874 -0.935436 0.304669 0.179264 -0.236876 0.254618 0.22894 0.939551 0.38085 0.203776 -0.127327 0.970702 0.383588 -0.978976 -0.0173694 0.203235 -0.495222 -0.00901672 -0.991709 -0.128189 0.442866 
1535376402603 0.245132 0.924509 -0.291879 -0.61852 -0.935322 0.304743 0.179736 -0.236823 0.255116 0.228942 0.939416 0.38092 0.203404 -0.126876 0.970839 0.383572 -0.979048 -0.0166974 0.202942 -0.495259 -0.0095379 -0.991778 -0.127614 0.442798 
1535376402767 0.245277 0.924521 -0.29172 -0.618737 -0.935469 0.304684 0.179068 -0.236942 0.254435 0.228974 0.939592 0.380819 0.204268 -0.127626 0.97056 0.383647 -0.978878 -0.0180348 0.203647 -0.49512 -0.00848692 -0.991658 -0.128615 0.442952 
1535376402861 0.245326 0.924525 -0.291666 -0.61855 -0.935433 0.304741 0.179161 -0.236855 0.254522 0.228881 0.939592 0.380868 0.204144 -0.12704 0.970663 0.383634 -0.978898 -0.0172368 0.20362 -0.495197 -0.00913677 -0.991748 -0.127878 0.442866 
1535376402872 0.245375 0.924528 -0.291614 -0.618359 -0.935396 0.304799 0.179253 -0.236767 0.254608 0.22879 0.93959 0.380918 0.204021 -0.126454 0.970765 0.383621 -0.978918 -0.0164384 0.203593 -0.495274 -0.00978725 -0.991836 -0.127142 0.442779 
1535376402879 0.245423 0.924532 -0.291561 -0.618168 -0.93536 0.304856 0.179345 -0.236678 0.254695 0.228699 0.939589 0.380968 0.203897 -0.125867 0.970867 0.383609 -0.978937 -0.0156399 0.203564 -0.495351 -0.0104379 -0.991924 -0.126405 0.442693 
1535376402891 0.245472 0.924535 -0.291509 -0.617977 -0.935323 0.304914 0.179437 -0.23659 0.254781 0.228608 0.939588 0.381018 0.203775 -0.125281 0.970969 0.383596 -0.978955 -0.0148416 0.203536 -0.495428 -0.0110885 -0.99201 -0.125669 0.442607 
1535376403116 0.245521 0.924539 -0.291456 -0.617787 -0.935287 0.304971 0.179529 -0.236502 0.254868 0.228517 0.939586 0.381067 0.203653 -0.124694 0.97107 0.383583 -0.978973 -0.0140433 0.203507 -0.495505 -0.0117392 -0.992096 -0.124932 0.44252 
1535376403183 0.24557 0.924543 -0.291404 -0.617595 -0.935251 0.305029 0.179621 -0.236413 0.254954 0.228426 0.939585 0.381118 0.203531 -0.124107 0.971171 0.38357 -0.97899 -0.0132448 0.203477 -0.495582 -0.01239 -0.99218 -0.124196 0.442434 
1535376403304 0.245619 0.924546 -0.291352 -0.617405 -0.935214 0.305086 0.179714 -0.236324 0.255041 0.228335 0.939584 0.381167 0.20341 -0.123521 0.971271 0.383557 -0.979007 -0.0124465 0.203447 -0.49566 -0.013041 -0.992264 -0.123459 0.442348 
1535376403369 0.245668 0.924549 -0.2913 -0.617213 -0.935178 0.305144 0.179805 -0.236235 0.255127 0.228245 0.939582 0.381217 0.203289 -0.122933 0.971371 0.383545 -0.979023 -0.0116482 0.203416 -0.495737 -0.0136919 -0.992347 -0.122723 0.442262 
1535376403500 0.245717 0.924553 -0.291247 -0.617023 -0.935141 0.305201 0.179898 -0.236147 0.255214 0.228153 0.939581 0.381267 0.203168 -0.122346 0.97147 0.383532 -0.979039 -0.0108498 0.203385 -0.495814 -0.014343 -0.992428 -0.121986 0.442175 
1535376403566 0.245556 0.924623 -0.29116 -0.617262 -0.935236 0.304984 0.179772 -0.236214 0.255021 0.228159 0.939632 0.381241 0.203265 -0.123375 0.97132 0.383523 -0.979032 -0.0120338 0.203351 -0.49575 -0.0133997 -0.992287 -0.123234 0.442251 
1535376403573 0.245651 0.924591 -0.291181 -0.617026 -0.93523 0.305062 0.179672 -0.236128 0.254951 0.228185 0.939644 0.381305 0.203444 -0.121711 0.971492 0.383502 -0.979008 -0.0126758 0.203429 -0.495857 -0.012445 -0.992485 -0.121734 0.442041 
1535376403579 0.245747 0.924559 -0.291203 -0.616786 -0.935224 0.305141 0.179571 -0.23604 0.254882 0.228211 0.939657 0.381369 0.203621 -0.120046 0.971662 0.383482 -0.978982 -0.013318 0.20351 -0.495965 -0.0114899 -0.992679 -0.120235 0.441831 
1535376403818 0.245843 0.924526 -0.291225 -0.616547 -0.935217 0.305219 0.179471 -0.235953 0.254813 0.228236 0.939669 0.381433 0.203796 -0.118381 0.97183 0.383461 -0.978957 -0.0139599 0.20359 -0.496074 -0.0105346 -0.99287 -0.118735 0.441622 
1535376404040 0.245939 0.924494 -0.291246 -0.616307 -0.935211 0.305298 0.179371 -0.235865 0.254744 0.228262 0.939682 0.381498 0.20397 -0.116715 0.971995 0.383441 -0.97893 -0.0146017 0.203672 -0.496182 -0.00957891 -0.993058 -0.117235 0.441412 
1535376404210 0.246035 0.924462 -0.291268 -0.616068 -0.935204 0.305377 0.179271 -0.235778 0.254676 0.228288 0.939694 0.381562 0.204143 -0.115049 0.972157 0.38342 -0.978903 -0.0152433 0.203755 -0.49629 -0.008623 -0.993243 -0.115734 0.441202 
1535376404278 0.246132 0.924429 -0.291289 -0.615827 -0.935198 0.305456 0.179171 -0.23569 0.254607 0.228314 0.939707 0.381627 0.204313 -0.113383 0.972317 0.3834 -0.978876 -0.0158849 0.203839 -0.496398 -0.00766681 -0.993424 -0.114233 0.440992 
1535376404415 0.246228 0.924397 -0.291311 -0.615588 -0.935191 0.305534 0.179071 -0.235602 0.254538 0.228339 0.939719 0.381691 0.204482 -0.111716 0.972474 0.383379 -0.978847 -0.0165262 0.203924 -0.496506 -0.00671036 -0.993603 -0.112733 0.440782 
1535376404676 0.246324 0.924365 -0.291332 -0.615349 -0.935185 0.305613 0.17897 -0.235515 0.254469 0.228365 0.939731 0.381755 0.20465 -0.110049 0.972629 0.383359 -0.978818 -0.0171674 0.20401 -0.496614 -0.00575364 -0.993778 -0.111232 0.440572 
1535376404874 0.24642 0.924332 -0.291354 -0.615108 -0.935178 0.305692 0.17887 -0.235427 0.2544 0.228391 0.939744 0.38182 0.204816 -0.108382 0.972781 0.383338 -0.978789 -0.0178084 0.204097 -0.496722 -0.00479665 -0.99395 -0.10973 0.440363 
1535376405081 0.246128 0.924419 -0.291324 -0.615338 -0.935216 0.305444 0.179096 -0.235478 0.254542 0.22837 0.93971 0.381733 0.204886 -0.109178 0.972678 0.383363 -0.978773 -0.017725 0.204181 -0.496611 -0.0050514 -0.993864 -0.110492 0.440552 
1535376405087 0.246254 0.92438 -0.291344 -0.615042 -0.935189 0.305561 0.179033 -0.235365 0.254518 0.228374 0.939716 0.38182 0.204803 -0.108218 0.972802 0.383341 -0.978798 -0.0194001 0.203907 -0.496701 -0.00319405 -0.993938 -0.109897 0.440428 
1535376405093 0.246363 0.924345 -0.291361 -0.614745 -0.935167 0.305663 0.178978 -0.235243 0.254496 0.228377 0.939721 0.381907 0.20472 -0.10726 0.972926 0.383319 -0.97882 -0.0210753 0.203636 -0.496792 -0.00133724 -0.994008 -0.109302 0.440304 
1535376405332 0.246472 0.924311 -0.291378 -0.614448 -0.935144 0.305765 0.178924 -0.235121 0.254474 0.22838 0.939726 0.381995 0.204635 -0.106301 0.973049 0.383297 -0.978838 -0.0227507 0.203367 -0.496883 0.0005195 -0.994074 -0.108707 0.44018 
1535376405519 0.246581 0.924276 -0.291395 -0.614151 -0.935121 0.305866 0.178869 -0.234999 0.254452 0.228383 0.939731 0.382083 0.204547 -0.105342 0.973172 0.383275 -0.978854 -0.0244262 0.203098 -0.496973 0.00237617 -0.994136 -0.108111 0.440056 
1535376405699 0.246691 0.924242 -0.291412 -0.613854 -0.935098 0.305968 0.178814 -0.234876 0.25443 0.228387 0.939737 0.38217 0.204459 -0.104383 0.973294 0.383253 -0.978866 -0.0261019 0.20283 -0.497064 0.0042328 -0.994195 -0.107514 0.439931 
1535376405860 0.2468 0.924208 -0.291428 -0.613558 -0.935076 0.30607 0.178759 -0.234755 0.254408 0.22839 0.939742 0.382258 0.204368 -0.103425 0.973415 0.383231 -0.978875 -0.0277778 0.202563 -0.497155 0.00608934 -0.994249 -0.106917 0.439807 
1535376406106 0.246909 0.924173 -0.291445 -0.61326 -0.935053 0.306171 0.178704 -0.234632 0.254386 0.228393 0.939747 0.382345 0.204276 -0.102466 0.973536 0.383209 -0.978881 -0.0294539 0.202297 -0.497246 0.00794583 -0.9943 -0.106319 0.439683 
1535376406275 0.247018 0.924139 -0.291462 -0.612964 -0.93503 0.306273 0.17865 -0.23451 0.254364 0.228396 0.939752 0.382433 0.204182 -0.101508 0.973656 0.383187 -0.978884 -0.0311302 0.202032 -0.497336 0.00980222 -0.994348 -0.105721 0.439559 
1535376406437 0.247127 0.924104 -0.291479 -0.612668 -0.935007 0.306374 0.178595 -0.234389 0.254342 0.2284 0.939757 0.38252 0.204085 -0.10055 0.973776 0.383165 -0.978884 -0.0328066 0.201768 -0.497427 0.0116585 -0.994391 -0.105122 0.439435 
1535376406630 0.247047 0.924088 -0.291596 -0.612889 -0.935004 0.306344 0.178667 -0.234484 0.254433 0.228504 0.939707 0.382395 0.204315 -0.102143 0.973562 0.383208 -0.978865 -0.0303289 0.202246 -0.497255 0.00886898 -0.994307 -0.106181 0.43964 
1535376406646 0.247273 0.924068 -0.291471 -0.612577 -0.934922 0.306553 0.178733 -0.234347 0.254512 0.228307 0.939734 0.382463 0.203755 -0.102525 0.973639 0.383194 -0.978993 -0.0289505 0.201827 -0.497318 0.00749514 -0.994309 -0.10627 0.43963 
1535376406904 0.247499 0.924046 -0.291346 -0.612261 -0.934841 0.306764 0.178798 -0.234207 0.254593 0.22811 0.93976 0.382531 0.203194 -0.102905 0.973716 0.383181 -0.979119 -0.0275716 0.201408 -0.497379 0.00612103 -0.994309 -0.106358 0.439621 
1535376407072 0.247726 0.924025 -0.291221 -0.611945 -0.934759 0.306975 0.178864 -0.234067 0.254673 0.227912 0.939786 0.3826 0.202633 -0.103284 0.973793 0.383167 -0.979243 -0.0261924 0.200989 -0.497441 0.00474696 -0.994307 -0.106448 0.439611 
1535376407236 0.247952 0.924003 -0.291097 -0.611628 -0.934677 0.307186 0.17893 -0.233928 0.254753 0.227715 0.939812 0.382669 0.202072 -0.103663 0.973869 0.383153 -0.979365 -0.0248131 0.200571 -0.497503 0.00337294 -0.994303 -0.106538 0.439601 
1535376407407 0.248179 0.923982 -0.290972 -0.611311 -0.934595 0.307397 0.178996 -0.233788 0.254833 0.227518 0.939838 0.382737 0.20151 -0.104041 0.973945 0.383139 -0.979485 -0.0234335 0.200152 -0.497565 0.00199898 -0.994297 -0.106628 0.439592 
