1533746764067 -0.100073 0.774696 -0.624365 -0.552304 -0.966246 0.0740489 0.246748 -0.231615 0.237388 0.627983 0.741137 0.414432 0.16008 -0.304787 0.938871 0.370831 -0.775623 0.549475 0.310623 -0.528794 -0.61056 -0.777934 -0.14844 0.432481 
1533746764078 -0.0773332 0.780457 -0.620408 -0.559124 -0.967319 0.0919859 0.236291 -0.230704 0.241484 0.618405 0.747837 0.414586 0.316241 -0.38488 0.867098 0.400864 -0.930001 -0.306251 0.203246 -0.504429 0.187325 -0.870677 -0.454788 0.485926 
1533746764692 -0.0545282 0.785733 -0.616158 -0.565942 -0.96791 0.110006 0.225938 -0.229791 0.245308 0.608706 0.754521 0.41474 0.316241 -0.38488 0.867098 0.400864 -0.930001 -0.306251 0.203246 -0.504429 0.187325 -0.870677 -0.454788 0.485926 
1533746765288 -0.031671 0.79052 -0.611617 -0.57276 -0.968022 0.128099 0.215696 -0.228875 0.248859 0.59889 0.761183 0.414896 0.316241 -0.38488 0.867098 0.400864 -0.930001 -0.306251 0.203246 -0.504429 0.187325 -0.870677 -0.454788 0.485926 
1533746765873 -0.00877469 0.794816 -0.606787 -0.579577 -0.967652 0.146255 0.205569 -0.227957 0.252136 0.588963 0.767822 0.415052 0.316241 -0.38488 0.867098 0.400864 -0.930001 -0.306251 0.203246 -0.504429 0.187325 -0.870677 -0.454788 0.485926 
1533746766463 0.0141474 0.798618 -0.601672 -0.586392 -0.966802 0.164464 0.195565 -0.227037 0.255135 0.578931 0.774432 0.415209 0.316241 -0.38488 0.867098 0.400864 -0.930001 -0.306251 0.203246 -0.504429 0.187325 -0.870677 -0.454788 0.485926 
1533746767036 0.0370819 0.801924 -0.596274 -0.593206 -0.965471 0.182714 0.185689 -0.226116 0.257856 0.568799 0.78101 0.415367 0.316241 -0.38488 0.867098 0.400864 -0.930001 -0.306251 0.203246 -0.504429 0.187325 -0.870677 -0.454788 0.485926 
1533746767607 0.0600156 0.804733 -0.590596 -0.600018 -0.963661 0.200996 0.175947 -0.225193 0.260297 0.558575 0.787553 0.415525 0.316241 -0.38488 0.867098 0.400864 -0.930001 -0.306251 0.203246 -0.504429 0.187325 -0.870677 -0.454788 0.485926 
1533746768156 0.0829352 0.807042 -0.584641 -0.606828 -0.961373 0.219298 0.166344 -0.224268 0.262457 0.548262 0.794056 0.415684 0.316241 -0.38488 0.867098 0.400864 -0.930001 -0.306251 0.203246 -0.504429 0.187325 -0.870677 -0.454788 0.485926 
1533746768701 0.105795 0.808865 -0.578399 -0.613573 -0.958606 0.237592 0.156923 -0.223416 0.264352 0.537855 0.800519 0.415791 0.316531 -0.385118 0.866887 0.401814 -0.929976 -0.306103 0.20358 -0.50615 0.186955 -0.870623 -0.455042 0.486735 
1533746769250 0.104608 0.808522 -0.579094 -0.613395 -0.95866 0.236918 0.157608 -0.223386 0.264627 0.538667 0.799881 0.415696 0.316531 -0.385118 0.866887 0.401814 -0.929976 -0.306103 0.20358 -0.50615 0.186955 -0.870623 -0.455042 0.486735 
1533746769256 0.107019 0.808711 -0.578389 -0.6141 -0.958354 0.23882 0.156598 -0.223289 0.264773 0.537543 0.800589 0.415726 0.316221 -0.384863 0.867113 0.400797 -0.930002 -0.306262 0.203223 -0.504308 0.187351 -0.87068 -0.45477 0.485869 
1533746769263 0.10943 0.808893 -0.577682 -0.614806 -0.958042 0.240723 0.155588 -0.223193 0.264915 0.536418 0.801296 0.415757 0.316221 -0.384863 0.867113 0.400797 -0.930002 -0.306262 0.203223 -0.504308 0.187351 -0.87068 -0.45477 0.485869 
1533746769514 0.11184 0.809071 -0.576971 -0.615511 -0.957725 0.242625 0.154581 -0.223096 0.265055 0.535292 0.802003 0.415787 0.316221 -0.384863 0.867113 0.400797 -0.930002 -0.306262 0.203223 -0.504308 0.187351 -0.87068 -0.45477 0.485869 
1533746769692 0.11425 0.809243 -0.576258 -0.616216 -0.957403 0.244528 0.153575 -0.222999 0.265191 0.534165 0.802709 0.415818 0.316221 -0.384863 0.867113 0.400797 -0.930002 -0.306262 0.203223 -0.504308 0.187351 -0.87068 -0.45477 0.485869 
1533746769870 0.11666 0.809409 -0.575541 -0.616921 -0.957076 0.246431 0.152571 -0.222903 0.265323 0.533038 0.803414 0.415848 0.316221 -0.384863 0.867113 0.400797 -0.930002 -0.306262 0.203223 -0.504308 0.187351 -0.87068 -0.45477 0.485869 
1533746770045 0.119068 0.80957 -0.574821 -0.617626 -0.956743 0.248333 0.151569 -0.222806 0.265453 0.531909 0.804119 0.415879 0.316221 -0.384863 0.867113 0.400797 -0.930002 -0.306262 0.203223 -0.504308 0.187351 -0.87068 -0.45477 0.485869 
1533746770227 0.121477 0.809725 -0.574099 -0.618331 -0.956405 0.250236 0.150568 -0.222709 0.265579 0.53078 0.804823 0.415909 0.316221 -0.384863 0.867113 0.400797 -0.930002 -0.306262 0.203223 -0.504308 0.187351 -0.87068 -0.45477 0.485869 
1533746770410 0.123885 0.809874 -0.573373 -0.619037 -0.956062 0.252139 0.14957 -0.222613 0.265702 0.529651 0.805526 0.41594 0.316221 -0.384863 0.867113 0.400797 -0.930002 -0.306262 0.203223 -0.504308 0.187351 -0.87068 -0.45477 0.485869 
1533746770595 0.126292 0.810018 -0.572644 -0.619742 -0.955714 0.254041 0.148573 -0.222516 0.265822 0.52852 0.806229 0.415971 0.316221 -0.384863 0.867113 0.400797 -0.930002 -0.306262 0.203223 -0.504308 0.187351 -0.87068 -0.45477 0.485869 
1533746770791 0.1255 0.809876 -0.573018 -0.619449 -0.95582 0.253459 0.148887 -0.222644 0.265817 0.529017 0.805905 0.415929 0.316221 -0.384863 0.867113 0.400797 -0.930002 -0.306262 0.203223 -0.504308 0.187351 -0.87068 -0.45477 0.485869 
1533746770800 0.126585 0.81032 -0.572152 -0.619561 -0.955597 0.254347 0.148804 -0.222619 0.266104 0.52791 0.806536 0.415755 0.31622 -0.384863 0.867113 0.400795 -0.930002 -0.306262 0.203222 -0.504304 0.187351 -0.87068 -0.454769 0.485867 
1533746770844 0.127668 0.810763 -0.571282 -0.619681 -0.955372 0.255234 0.148725 -0.222599 0.266392 0.5268 0.807166 0.415578 0.31622 -0.384863 0.867113 0.400795 -0.930002 -0.306262 0.203222 -0.504304 0.187351 -0.87068 -0.454769 0.485867 
1533746770995 0.128751 0.811204 -0.570412 -0.619799 -0.955147 0.256121 0.148647 -0.222579 0.266678 0.525689 0.807796 0.415402 0.31622 -0.384863 0.867113 0.400795 -0.930002 -0.306262 0.203222 -0.504304 0.187351 -0.87068 -0.454769 0.485867 
1533746771129 0.129835 0.811644 -0.569542 -0.619917 -0.954921 0.257008 0.148569 -0.222559 0.266962 0.524578 0.808424 0.415226 0.31622 -0.384863 0.867113 0.400795 -0.930002 -0.306262 0.203222 -0.504304 0.187351 -0.87068 -0.454769 0.485867 
1533746771262 0.130919 0.812081 -0.56867 -0.620036 -0.954694 0.257894 0.148493 -0.222539 0.267245 0.523465 0.809052 0.41505 0.31622 -0.384863 0.867113 0.400795 -0.930002 -0.306262 0.203222 -0.504304 0.187351 -0.87068 -0.454769 0.485867 
1533746771386 0.132003 0.812515 -0.567797 -0.620153 -0.954466 0.258781 0.148417 -0.222518 0.267526 0.522352 0.809678 0.414874 0.31622 -0.384863 0.867113 0.400795 -0.930002 -0.306262 0.203222 -0.504304 0.187351 -0.87068 -0.454769 0.485867 
1533746771392 0.133087 0.812948 -0.566924 -0.620272 -0.954237 0.259667 0.148343 -0.222498 0.267807 0.521237 0.810303 0.414698 0.31622 -0.384863 0.867113 0.400795 -0.930002 -0.306262 0.203222 -0.504304 0.187351 -0.87068 -0.454769 0.485867 
1533746771568 0.134171 0.813379 -0.56605 -0.62039 -0.954006 0.260553 0.14827 -0.222477 0.268085 0.520122 0.810928 0.414522 0.31622 -0.384863 0.867113 0.400795 -0.930002 -0.306262 0.203222 -0.504304 0.187351 -0.87068 -0.454769 0.485867 
1533746771694 0.135256 0.813808 -0.565175 -0.620509 -0.953775 0.261439 0.148197 -0.222458 0.268363 0.519005 0.811551 0.414346 0.31622 -0.384863 0.867113 0.400795 -0.930002 -0.306262 0.203222 -0.504304 0.187351 -0.87068 -0.454769 0.485867 
1533746771838 0.134425 0.813521 -0.565786 -0.620438 -0.953995 0.260667 0.148142 -0.222469 0.267998 0.519843 0.811135 0.414459 0.31622 -0.384863 0.867113 0.400795 -0.930002 -0.306262 0.203222 -0.504304 0.187351 -0.87068 -0.454769 0.485867 
1533746771850 0.134666 0.813921 -0.565153 -0.620385 -0.95395 0.260771 0.148247 -0.222496 0.268037 0.519164 0.811557 0.414418 0.31622 -0.384863 0.867113 0.400795 -0.930002 -0.306262 0.203222 -0.504304 0.187351 -0.87068 -0.454769 0.485867 
1533746771867 0.134905 0.814321 -0.564519 -0.620335 -0.953905 0.260874 0.148355 -0.222527 0.268077 0.518484 0.811978 0.414376 0.31622 -0.384863 0.867113 0.400795 -0.930002 -0.306262 0.203222 -0.504304 0.187351 -0.87068 -0.454769 0.485867 
1533746771884 0.135143 0.814721 -0.563885 -0.620286 -0.95386 0.260978 0.148463 -0.222558 0.268118 0.517804 0.812399 0.414333 0.31622 -0.384863 0.867113 0.400795 -0.930002 -0.306262 0.203222 -0.504304 0.187351 -0.87068 -0.454769 0.485867 
1533746772014 0.135382 0.81512 -0.563251 -0.620237 -0.953815 0.261081 0.148572 -0.222589 0.268158 0.517123 0.812819 0.41429 0.31622 -0.384863 0.867113 0.400795 -0.930002 -0.306262 0.203222 -0.504304 0.187351 -0.87068 -0.454769 0.485867 
1533746772069 0.13562 0.815519 -0.562616 -0.620189 -0.95377 0.261184 0.148681 -0.222621 0.268198 0.516442 0.813239 0.414248 0.31622 -0.384863 0.867113 0.400795 -0.930002 -0.306262 0.203222 -0.504304 0.187351 -0.87068 -0.45477 0.485867 
1533746772170 0.135858 0.815917 -0.56198 -0.620141 -0.953725 0.261287 0.14879 -0.222653 0.268238 0.51576 0.813658 0.414205 0.31622 -0.384863 0.867113 0.400795 -0.930002 -0.306262 0.203222 -0.504304 0.187351 -0.87068 -0.45477 0.485867 
1533746772226 0.136097 0.816315 -0.561345 -0.620091 -0.95368 0.26139 0.148898 -0.222684 0.268277 0.515078 0.814077 0.414163 0.31622 -0.384863 0.867113 0.400795 -0.930002 -0.306262 0.203222 -0.504304 0.187351 -0.87068 -0.45477 0.485867 
1533746772321 0.136336 0.816712 -0.560708 -0.620043 -0.953634 0.261492 0.149007 -0.222716 0.268317 0.514396 0.814495 0.41412 0.31622 -0.384863 0.867113 0.400795 -0.930002 -0.306262 0.203222 -0.504304 0.187351 -0.87068 -0.45477 0.485867 
1533746772381 0.136574 0.817109 -0.560072 -0.619994 -0.953589 0.261595 0.149116 -0.222746 0.268356 0.513714 0.814913 0.414077 0.31622 -0.384863 0.867113 0.400795 -0.930002 -0.306262 0.203222 -0.504304 0.187351 -0.87068 -0.45477 0.485867 
1533746772490 0.136372 0.816635 -0.560812 -0.620019 -0.953629 0.261543 0.148957 -0.222726 0.268319 0.514493 0.814434 0.414095 0.31622 -0.384863 0.867113 0.400795 -0.930002 -0.306262 0.203222 -0.504304 0.187351 -0.87068 -0.45477 0.485867 
1533746772501 0.136045 0.816796 -0.560657 -0.619936 -0.953611 0.261367 0.149378 -0.222882 0.268549 0.514326 0.814463 0.414119 0.31622 -0.384863 0.867113 0.400795 -0.930002 -0.306262 0.203222 -0.504304 0.187351 -0.87068 -0.45477 0.485867 
1533746772518 0.135717 0.816958 -0.5605 -0.619856 -0.953593 0.261191 0.149801 -0.223043 0.268779 0.514158 0.814493 0.414141 0.31622 -0.384863 0.867113 0.400795 -0.930002 -0.306262 0.203222 -0.504304 0.187351 -0.87068 -0.45477 0.485867 
1533746772668 0.135388 0.81712 -0.560343 -0.619777 -0.953574 0.261014 0.150224 -0.223203 0.269009 0.51399 0.814523 0.414164 0.31622 -0.384863 0.867113 0.400795 -0.930002 -0.306262 0.203222 -0.504304 0.187351 -0.87068 -0.45477 0.485867 
1533746772761 0.13506 0.817282 -0.560186 -0.619698 -0.953556 0.260838 0.150648 -0.223363 0.269239 0.513822 0.814553 0.414186 0.31622 -0.384863 0.867113 0.400795 -0.930002 -0.306262 0.203222 -0.504304 0.187351 -0.87068 -0.45477 0.485867 
1533746772854 0.134732 0.817445 -0.560028 -0.619619 -0.953537 0.260661 0.151071 -0.223524 0.26947 0.513654 0.814583 0.414209 0.31622 -0.384863 0.867113 0.400795 -0.930002 -0.306262 0.203222 -0.504304 0.187351 -0.87068 -0.45477 0.485867 
1533746772951 0.134404 0.817606 -0.559871 -0.619539 -0.953519 0.260484 0.151494 -0.223683 0.2697 0.513486 0.814613 0.414231 0.31622 -0.384863 0.867113 0.400795 -0.930002 -0.306262 0.203222 -0.504304 0.187351 -0.87068 -0.45477 0.485867 
1533746773041 0.134076 0.817768 -0.559713 -0.619461 -0.9535 0.260307 0.151917 -0.223845 0.26993 0.513318 0.814643 0.414253 0.31622 -0.384863 0.867113 0.400795 -0.930002 -0.306262 0.203222 -0.504304 0.187351 -0.87068 -0.45477 0.485867 
1533746773140 0.133748 0.81793 -0.559556 -0.619381 -0.95348 0.26013 0.15234 -0.224004 0.270161 0.51315 0.814672 0.414276 0.31622 -0.384863 0.867113 0.400795 -0.930002 -0.306262 0.203222 -0.504304 0.187351 -0.87068 -0.45477 0.485867 
1533746773226 0.13342 0.818092 -0.559397 -0.619303 -0.953461 0.259953 0.152763 -0.224166 0.270391 0.512982 0.814701 0.414298 0.31622 -0.384863 0.867113 0.400795 -0.930002 -0.306262 0.203222 -0.504304 0.187351 -0.87068 -0.45477 0.485867 
1533746773340 0.13372 0.817902 -0.559603 -0.61939 -0.953485 0.260115 0.152337 -0.224031 0.270158 0.513203 0.81464 0.41425 0.31622 -0.384863 0.867113 0.400795 -0.930002 -0.306262 0.203222 -0.504304 0.187351 -0.87068 -0.45477 0.485867 
1533746773352 0.133217 0.817744 -0.559954 -0.619248 -0.953511 0.259848 0.152629 -0.224253 0.270315 0.513589 0.814344 0.414273 0.31622 -0.384863 0.867113 0.400795 -0.930002 -0.306262 0.203222 -0.504304 0.187351 -0.87068 -0.45477 0.485867 
1533746773369 0.132714 0.817586 -0.560304 -0.619107 -0.953536 0.259582 0.152923 -0.224478 0.270472 0.513976 0.814048 0.414295 0.31622 -0.384863 0.867113 0.400795 -0.930002 -0.306262 0.203222 -0.504304 0.187351 -0.87068 -0.45477 0.485867 
1533746773484 0.132209 0.817428 -0.560654 -0.618968 -0.953562 0.259315 0.153217 -0.224705 0.27063 0.514361 0.813752 0.414316 0.31622 -0.384863 0.867113 0.400795 -0.930002 -0.306262 0.203222 -0.504304 0.187351 -0.87068 -0.45477 0.485867 
1533746773573 0.131705 0.817269 -0.561003 -0.618827 -0.953587 0.259049 0.153511 -0.22493 0.270787 0.514747 0.813455 0.414338 0.31622 -0.384863 0.867113 0.400795 -0.930002 -0.306262 0.203222 -0.504304 0.187351 -0.87068 -0.45477 0.485867 
1533746773663 0.131201 0.817111 -0.561352 -0.618688 -0.953612 0.258782 0.153805 -0.225156 0.270944 0.515133 0.813159 0.414359 0.31622 -0.384863 0.867113 0.400795 -0.930002 -0.306262 0.203222 -0.504304 0.187351 -0.87068 -0.45477 0.485867 
1533746773757 0.130697 0.816952 -0.561701 -0.618549 -0.953637 0.258516 0.1541 -0.225383 0.271101 0.515519 0.812862 0.41438 0.31622 -0.384863 0.867113 0.400795 -0.930002 -0.306262 0.203222 -0.504304 0.187351 -0.87068 -0.45477 0.485867 
1533746773838 0.130192 0.816792 -0.56205 -0.618408 -0.953661 0.25825 0.154394 -0.225608 0.271257 0.515904 0.812565 0.414402 0.31622 -0.384863 0.867113 0.400795 -0.930002 -0.306262 0.203222 -0.504304 0.187351 -0.87068 -0.45477 0.485867 
1533746773936 0.129688 0.816633 -0.562398 -0.61827 -0.953685 0.257984 0.154689 -0.225835 0.271413 0.51629 0.812268 0.414423 0.31622 -0.384863 0.867113 0.400795 -0.930002 -0.306262 0.203222 -0.504304 0.187351 -0.87068 -0.45477 0.485867 
1533746774000 0.129183 0.816473 -0.562747 -0.61813 -0.95371 0.257718 0.154983 -0.22606 0.271569 0.516676 0.811971 0.414444 0.31622 -0.384863 0.867113 0.400795 -0.930002 -0.306262 0.203222 -0.504304 0.187351 -0.87068 -0.45477 0.485867 
1533746774117 0.129636 0.816633 -0.56241 -0.618326 -0.953724 0.257883 0.154618 -0.225776 0.271302 0.51634 0.812274 0.414388 0.31622 -0.384863 0.867113 0.400795 -0.930002 -0.306262 0.203222 -0.504304 0.187351 -0.87068 -0.45477 0.485867 
1533746774131 0.129411 0.816689 -0.56238 -0.618033 -0.953774 0.257654 0.15469 -0.225893 0.271233 0.516365 0.81228 0.414406 0.31622 -0.384863 0.867113 0.400795 -0.930002 -0.306262 0.203222 -0.504304 0.187351 -0.87068 -0.45477 0.485867 
1533746774146 0.129186 0.816745 -0.562351 -0.617737 -0.953825 0.257424 0.15476 -0.226006 0.271162 0.516392 0.812288 0.414425 0.31622 -0.384863 0.867113 0.400795 -0.930002 -0.306262 0.203222 -0.504304 0.187351 -0.87068 -0.45477 0.485867 
1533746774153 0.128961 0.816801 -0.562321 -0.61744 -0.953876 0.257194 0.15483 -0.22612 0.271091 0.516418 0.812295 0.414444 0.31622 -0.384863 0.867113 0.400795 -0.930002 -0.306262 0.203222 -0.504304 0.187351 -0.87068 -0.45477 0.485867 
1533746774313 0.128736 0.816857 -0.562292 -0.617143 -0.953926 0.256965 0.1549 -0.226234 0.27102 0.516444 0.812302 0.414464 0.31622 -0.384863 0.867113 0.400795 -0.930002 -0.306262 0.203222 -0.504304 0.187351 -0.87068 -0.45477 0.485867 
1533746774385 0.128511 0.816912 -0.562263 -0.616845 -0.953977 0.256735 0.154969 -0.226347 0.270949 0.51647 0.812308 0.414483 0.31622 -0.384863 0.867113 0.400795 -0.930002 -0.306262 0.203222 -0.504304 0.187351 -0.87068 -0.45477 0.485867 
1533746774470 0.128286 0.816968 -0.562233 -0.616549 -0.954027 0.256506 0.15504 -0.226461 0.270878 0.516496 0.812316 0.414502 0.31622 -0.384863 0.867113 0.400795 -0.930002 -0.306262 0.203222 -0.504304 0.187351 -0.87068 -0.45477 0.485867 
1533746774525 0.128062 0.817023 -0.562204 -0.616251 -0.954077 0.256276 0.155109 -0.226574 0.270807 0.516523 0.812322 0.414522 0.31622 -0.384863 0.867113 0.400795 -0.930002 -0.306262 0.203222 -0.504304 0.187351 -0.87068 -0.45477 0.485867 
1533746774625 0.127837 0.817079 -0.562174 -0.615955 -0.954128 0.256046 0.155179 -0.226688 0.270736 0.516549 0.81233 0.414541 0.31622 -0.384863 0.867113 0.400795 -0.930002 -0.306262 0.203222 -0.504304 0.187351 -0.87068 -0.45477 0.485867 
1533746774676 0.127611 0.817134 -0.562145 -0.615659 -0.954178 0.255817 0.155249 -0.226801 0.270666 0.516575 0.812337 0.41456 0.31622 -0.384863 0.867113 0.400795 -0.930002 -0.306262 0.203222 -0.504304 0.187351 -0.87068 -0.45477 0.485867 
1533746774796 0.127801 0.817087 -0.56217 -0.616037 -0.954145 0.255993 0.155163 -0.226638 0.270693 0.516562 0.812336 0.414528 0.31622 -0.384863 0.867113 0.400795 -0.930002 -0.306262 0.203222 -0.504304 0.187351 -0.87068 -0.45477 0.485867 
1533746774808 0.127463 0.817015 -0.562352 -0.615739 -0.954249 0.255637 0.155112 -0.226672 0.270486 0.516853 0.81222 0.414644 0.31622 -0.384863 0.867113 0.400795 -0.930002 -0.306262 0.203222 -0.504304 0.187351 -0.87068 -0.45477 0.485867 
1533746774825 0.127128 0.816942 -0.562534 -0.615436 -0.954352 0.255281 0.155058 -0.226701 0.270278 0.517144 0.812103 0.414762 0.31622 -0.384863 0.867113 0.400795 -0.930002 -0.306262 0.203222 -0.504304 0.187351 -0.87068 -0.45477 0.485867 
1533746774965 0.126792 0.816868 -0.562717 -0.615131 -0.954456 0.254926 0.155004 -0.226729 0.27007 0.517435 0.811987 0.41488 0.31622 -0.384863 0.867113 0.400795 -0.930002 -0.306262 0.203222 -0.504304 0.187351 -0.87068 -0.45477 0.485867 
1533746775048 0.126457 0.816794 -0.562899 -0.614828 -0.954559 0.254571 0.154951 -0.226758 0.269861 0.517726 0.811871 0.414999 0.31622 -0.384863 0.867113 0.400795 -0.930002 -0.306262 0.203222 -0.504304 0.187351 -0.87068 -0.45477 0.485867 
1533746775157 0.126121 0.816721 -0.563081 -0.614526 -0.954663 0.254215 0.154898 -0.226788 0.269653 0.518017 0.811755 0.415116 0.31622 -0.384863 0.867113 0.400795 -0.930002 -0.306262 0.203222 -0.504304 0.187351 -0.87068 -0.45477 0.485867 
1533746775164 0.125785 0.816647 -0.563264 -0.614222 -0.954766 0.25386 0.154845 -0.226816 0.269444 0.518308 0.811638 0.415234 0.31622 -0.384863 0.867113 0.400795 -0.930002 -0.306262 0.203222 -0.504304 0.187351 -0.87068 -0.45477 0.485867 
1533746775335 0.125449 0.816573 -0.563446 -0.613919 -0.954869 0.253504 0.154792 -0.226846 0.269235 0.518599 0.811522 0.415352 0.31622 -0.384863 0.867113 0.400795 -0.930002 -0.306262 0.203222 -0.504304 0.187351 -0.87068 -0.45477 0.485867 
1533746775341 0.125114 0.816498 -0.563629 -0.613615 -0.954972 0.253149 0.154739 -0.226874 0.269026 0.51889 0.811405 0.41547 0.31622 -0.384863 0.867113 0.400795 -0.930002 -0.306262 0.203222 -0.504304 0.187351 -0.87068 -0.45477 0.485867 
1533746775528 0.124779 0.816424 -0.563811 -0.613312 -0.955075 0.252793 0.154686 -0.226904 0.268817 0.51918 0.811289 0.415588 0.31622 -0.384863 0.867113 0.400795 -0.930002 -0.306262 0.203222 -0.504304 0.187351 -0.87068 -0.45477 0.485867 
1533746775614 0.125019 0.816486 -0.563667 -0.613594 -0.954989 0.253068 0.154763 -0.226884 0.269008 0.518948 0.811374 0.415464 0.31622 -0.384863 0.867113 0.400795 -0.930002 -0.306262 0.203222 -0.504304 0.187351 -0.87068 -0.45477 0.485867 
1533746775627 0.124726 0.816444 -0.563793 -0.613399 -0.95507 0.252768 0.154754 -0.226889 0.268857 0.51916 0.811289 0.415522 0.31622 -0.384863 0.867113 0.400795 -0.930002 -0.306262 0.203222 -0.504304 0.187351 -0.87068 -0.45477 0.485867 
1533746775644 0.124435 0.816402 -0.563918 -0.6132 -0.955151 0.25247 0.154743 -0.226891 0.268705 0.519372 0.811203 0.415582 0.31622 -0.384863 0.867113 0.400795 -0.930002 -0.306262 0.203222 -0.504304 0.187351 -0.87068 -0.45477 0.485867 
1533746775651 0.124145 0.816359 -0.564044 -0.613002 -0.955232 0.252171 0.154732 -0.226893 0.268553 0.519583 0.811118 0.415641 0.31622 -0.384863 0.867113 0.400795 -0.930002 -0.306262 0.203222 -0.504304 0.187351 -0.87068 -0.45477 0.485867 
1533746775776 0.123854 0.816317 -0.56417 -0.612802 -0.955312 0.251873 0.154721 -0.226894 0.2684 0.519795 0.811033 0.415701 0.31622 -0.384863 0.867113 0.400795 -0.930002 -0.306262 0.203222 -0.504304 0.187351 -0.87068 -0.45477 0.485867 
1533746775847 0.123564 0.816274 -0.564295 -0.612603 -0.955393 0.251575 0.15471 -0.226895 0.268248 0.520007 0.810947 0.415761 0.31622 -0.384863 0.867113 0.400795 -0.930002 -0.306262 0.203222 -0.504304 0.187351 -0.87068 -0.45477 0.485867 
1533746775895 0.123273 0.816231 -0.564421 -0.612404 -0.955473 0.251276 0.154699 -0.226898 0.268095 0.520219 0.810862 0.41582 0.31622 -0.384863 0.867113 0.400795 -0.930002 -0.306262 0.203222 -0.504304 0.187351 -0.87068 -0.45477 0.485867 
1533746775986 0.122983 0.816188 -0.564547 -0.612204 -0.955553 0.250978 0.154688 -0.226898 0.267943 0.520431 0.810777 0.41588 0.31622 -0.384863 0.867113 0.400795 -0.930002 -0.306262 0.203222 -0.504304 0.187351 -0.87068 -0.45477 0.485867 
1533746776033 0.122692 0.816145 -0.564672 -0.612006 -0.955633 0.250679 0.154677 -0.2269 0.26779 0.520642 0.810691 0.41594 0.31622 -0.384863 0.867113 0.400795 -0.930002 -0.306262 0.203222 -0.504304 0.187351 -0.87068 -0.45477 0.485867 
1533746776131 0.122402 0.816101 -0.564798 -0.611806 -0.955713 0.250381 0.154666 -0.226901 0.267637 0.520854 0.810606 0.416 0.31622 -0.384863 0.867113 0.400795 -0.930002 -0.306262 0.203222 -0.504304 0.187351 -0.87068 -0.45477 0.485867 
1533746776202 0.122665 0.816202 -0.564595 -0.612098 -0.95559 0.250732 0.154856 -0.226811 0.267955 0.520526 0.810711 0.415906 0.31622 -0.384863 0.867113 0.400795 -0.930002 -0.306262 0.203222 -0.504304 0.187351 -0.87068 -0.45477 0.485867 
1533746776212 0.122268 0.816323 -0.564506 -0.611933 -0.955568 0.250531 0.155319 -0.22685 0.268217 0.520434 0.810684 0.415909 0.31622 -0.384863 0.867113 0.400795 -0.930002 -0.306262 0.203222 -0.504304 0.187351 -0.87068 -0.45477 0.485867 
1533746776229 0.121871 0.816445 -0.564416 -0.611771 -0.955545 0.250329 0.155783 -0.226893 0.268478 0.52034 0.810658 0.41591 0.31622 -0.384863 0.867113 0.400795 -0.930002 -0.306262 0.203222 -0.504304 0.187351 -0.87068 -0.45477 0.485867 
1533746776357 0.121473 0.816566 -0.564326 -0.611609 -0.955522 0.250127 0.156248 -0.226936 0.26874 0.520247 0.810631 0.415911 0.31622 -0.384863 0.867113 0.400795 -0.930002 -0.306262 0.203222 -0.504304 0.187351 -0.87068 -0.45477 0.485867 
1533746776391 0.121075 0.816688 -0.564236 -0.611447 -0.955499 0.249924 0.156712 -0.226979 0.269001 0.520153 0.810604 0.415912 0.31622 -0.384863 0.867113 0.400795 -0.930002 -0.306262 0.203222 -0.504304 0.187351 -0.87068 -0.45477 0.485867 
1533746776398 0.120678 0.816809 -0.564145 -0.611286 -0.955476 0.249722 0.157177 -0.227022 0.269263 0.520059 0.810577 0.415913 0.31622 -0.384863 0.867113 0.400795 -0.930002 -0.306262 0.203222 -0.504304 0.187351 -0.87068 -0.45477 0.485867 
1533746776530 0.12028 0.81693 -0.564055 -0.611123 -0.955452 0.24952 0.157641 -0.227065 0.269524 0.519966 0.81055 0.415914 0.31622 -0.384863 0.867113 0.400795 -0.930002 -0.306262 0.203222 -0.504304 0.187351 -0.87068 -0.45477 0.485867 
1533746776562 0.119883 0.817052 -0.563963 -0.610963 -0.955429 0.249317 0.158105 -0.227109 0.269786 0.519873 0.810523 0.415915 0.31622 -0.384863 0.867113 0.400795 -0.930002 -0.306262 0.203222 -0.504304 0.187351 -0.87068 -0.45477 0.485867 
1533746776659 0.119485 0.817173 -0.563872 -0.6108 -0.955404 0.249115 0.158569 -0.227151 0.270047 0.519779 0.810496 0.415917 0.31622 -0.384863 0.867113 0.400795 -0.930002 -0.306262 0.203222 -0.504304 0.187351 -0.87068 -0.45477 0.485867 
1533746776709 0.119088 0.817294 -0.563781 -0.610638 -0.95538 0.248912 0.159033 -0.227194 0.270309 0.519686 0.810469 0.415918 0.31622 -0.384863 0.867113 0.400795 -0.930002 -0.306262 0.203222 -0.504304 0.187351 -0.87068 -0.45477 0.485867 
1533746776795 0.119666 0.817054 -0.564006 -0.610902 -0.955421 0.249213 0.158313 -0.227138 0.269908 0.519918 0.810453 0.415862 0.31622 -0.384863 0.867113 0.400795 -0.930002 -0.306262 0.203222 -0.504304 0.187351 -0.87068 -0.45477 0.485867 
1533746776806 0.119365 0.817078 -0.564035 -0.61078 -0.955426 0.249035 0.158567 -0.227172 0.270026 0.519966 0.810383 0.415884 0.31622 -0.384863 0.867113 0.400795 -0.930002 -0.306262 0.203222 -0.504304 0.187351 -0.87068 -0.45477 0.485867 
1533746776823 0.119063 0.817102 -0.564063 -0.610657 -0.95543 0.248857 0.158821 -0.227208 0.270144 0.520013 0.810314 0.415905 0.31622 -0.384863 0.867113 0.400795 -0.930002 -0.306262 0.203222 -0.504304 0.187351 -0.87068 -0.45477 0.485867 
1533746776829 0.11876 0.817127 -0.564092 -0.610534 -0.955434 0.248678 0.159077 -0.227245 0.270263 0.520061 0.810244 0.415925 0.31622 -0.384863 0.867113 0.400795 -0.930002 -0.306262 0.203222 -0.504304 0.187351 -0.87068 -0.45477 0.485867 
1533746776843 0.118459 0.817151 -0.56412 -0.610411 -0.955438 0.2485 0.159331 -0.227281 0.270381 0.520108 0.810174 0.415946 0.31622 -0.384863 0.867113 0.400795 -0.930002 -0.306262 0.203222 -0.504304 0.187351 -0.87068 -0.45477 0.485867 
1533746776850 0.118156 0.817175 -0.564148 -0.610288 -0.955442 0.248321 0.159587 -0.227318 0.2705 0.520155 0.810104 0.415966 0.31622 -0.384863 0.867113 0.400795 -0.930002 -0.306262 0.203222 -0.504304 0.187351 -0.87068 -0.45477 0.485867 
1533746777017 0.117854 0.8172 -0.564177 -0.610165 -0.955446 0.248142 0.159841 -0.227354 0.270618 0.520202 0.810034 0.415987 0.31622 -0.384863 0.867113 0.400795 -0.930002 -0.306262 0.203222 -0.504304 0.187351 -0.87068 -0.45477 0.485867 
1533746777031 0.117552 0.817224 -0.564205 -0.610042 -0.955449 0.247964 0.160096 -0.22739 0.270737 0.52025 0.809964 0.416008 0.31622 -0.384863 0.867113 0.400795 -0.930002 -0.306262 0.203222 -0.504304 0.187351 -0.87068 -0.45477 0.485867 
1533746777063 0.117249 0.817248 -0.564233 -0.609919 -0.955453 0.247785 0.160352 -0.227428 0.270855 0.520296 0.809894 0.416028 0.31622 -0.384863 0.867113 0.400795 -0.930002 -0.306262 0.203222 -0.504304 0.187351 -0.87068 -0.45477 0.485867 
1533746777143 0.116947 0.817272 -0.564261 -0.609796 -0.955456 0.247607 0.160606 -0.227464 0.270974 0.520344 0.809824 0.416048 0.31622 -0.384863 0.867113 0.400795 -0.930002 -0.306262 0.203222 -0.504304 0.187351 -0.87068 -0.45477 0.485867 
1533746777182 0.117506 0.81727 -0.564147 -0.610095 -0.955482 0.247861 0.160056 -0.227289 0.27064 0.520225 0.810013 0.415971 0.31622 -0.384863 0.867113 0.400795 -0.930002 -0.306262 0.203222 -0.504304 0.187351 -0.87068 -0.45477 0.485867 
1533746777193 0.117469 0.817263 -0.564166 -0.609999 -0.9555 0.24781 0.160031 -0.227306 0.270593 0.520262 0.810004 0.415958 0.31622 -0.384863 0.867113 0.400795 -0.930002 -0.306262 0.203222 -0.504304 0.187351 -0.87068 -0.45477 0.485867 
1533746777210 0.117434 0.817254 -0.564186 -0.609898 -0.955517 0.24776 0.160005 -0.227319 0.270547 0.520299 0.809996 0.415947 0.31622 -0.384863 0.867113 0.400795 -0.930002 -0.306262 0.203222 -0.504304 0.187351 -0.87068 -0.45477 0.485867 
1533746777227 0.117399 0.817244 -0.564206 -0.609796 -0.955535 0.24771 0.159978 -0.227332 0.270501 0.520338 0.809987 0.415935 0.31622 -0.384863 0.867113 0.400795 -0.930002 -0.306262 0.203222 -0.504304 0.187351 -0.87068 -0.45477 0.485867 
1533746777233 0.117364 0.817236 -0.564226 -0.609696 -0.955552 0.24766 0.159952 -0.227346 0.270454 0.520375 0.809978 0.415924 0.31622 -0.384863 0.867113 0.400795 -0.930002 -0.306262 0.203222 -0.504304 0.187351 -0.87068 -0.45477 0.485867 
1533746777247 0.117329 0.817227 -0.564247 -0.609595 -0.95557 0.24761 0.159925 -0.227358 0.270408 0.520413 0.809969 0.415912 0.31622 -0.384863 0.867113 0.400795 -0.930002 -0.306262 0.203222 -0.504304 0.187351 -0.87068 -0.45477 0.485867 
1533746777254 0.117294 0.817217 -0.564267 -0.609493 -0.955587 0.24756 0.159898 -0.227371 0.270362 0.520451 0.80996 0.415901 0.31622 -0.384863 0.867113 0.400795 -0.930002 -0.306262 0.203222 -0.504304 0.187351 -0.87068 -0.45477 0.485867 
1533746777360 0.117259 0.817209 -0.564287 -0.609393 -0.955604 0.24751 0.159872 -0.227384 0.270316 0.520489 0.809951 0.415889 0.31622 -0.384863 0.867113 0.400795 -0.930002 -0.306262 0.203222 -0.504304 0.187351 -0.87068 -0.45477 0.485867 
1533746777385 0.117225 0.817199 -0.564308 -0.609291 -0.955622 0.24746 0.159845 -0.227396 0.270269 0.520527 0.809942 0.415878 0.31622 -0.384863 0.867113 0.400795 -0.930002 -0.306262 0.203222 -0.504304 0.187351 -0.87068 -0.45477 0.485867 
1533746777406 0.11719 0.81719 -0.564328 -0.60919 -0.955639 0.24741 0.159819 -0.22741 0.270223 0.520565 0.809933 0.415867 0.31622 -0.384863 0.867113 0.400795 -0.930002 -0.306262 0.203222 -0.504304 0.187351 -0.87068 -0.45477 0.485867 
1533746777445 0.117268 0.817202 -0.564295 -0.609494 -0.955612 0.247503 0.159841 -0.227392 0.270287 0.520502 0.809952 0.415853 0.31622 -0.384863 0.867113 0.400795 -0.930002 -0.306262 0.203222 -0.504304 0.187351 -0.87068 -0.45477 0.485867 
1533746777458 0.117263 0.817123 -0.564411 -0.609402 -0.955654 0.24744 0.159682 -0.227398 0.270138 0.520657 0.809903 0.415882 0.31622 -0.384863 0.867113 0.400795 -0.930002 -0.306262 0.203222 -0.504304 0.187351 -0.87068 -0.45477 0.485867 
1533746777465 0.117261 0.817043 -0.564527 -0.609304 -0.955697 0.24738 0.159521 -0.2274 0.269988 0.520812 0.809853 0.415912 0.31622 -0.384863 0.867113 0.400795 -0.930002 -0.306262 0.203222 -0.504304 0.187351 -0.87068 -0.45477 0.485867 
1533746777478 0.117259 0.816962 -0.564645 -0.609206 -0.955739 0.247319 0.15936 -0.227401 0.269838 0.520967 0.809803 0.415944 0.31622 -0.384863 0.867113 0.400795 -0.930002 -0.306262 0.203222 -0.504304 0.187351 -0.87068 -0.45477 0.485867 
1533746777485 0.117257 0.816882 -0.564761 -0.609108 -0.955782 0.247259 0.159199 -0.227402 0.269689 0.521121 0.809753 0.415974 0.31622 -0.384863 0.867113 0.400795 -0.930002 -0.306262 0.203222 -0.504304 0.187351 -0.87068 -0.45477 0.485867 
1533746777581 0.117254 0.816801 -0.564878 -0.609012 -0.955824 0.247198 0.159038 -0.227404 0.269539 0.521276 0.809704 0.416005 0.31622 -0.384863 0.867113 0.400795 -0.930002 -0.306262 0.203222 -0.504304 0.187351 -0.87068 -0.45477 0.485867 
1533746777603 0.117252 0.816721 -0.564995 -0.608913 -0.955867 0.247137 0.158877 -0.227405 0.26939 0.521431 0.809654 0.416035 0.31622 -0.384863 0.867113 0.400795 -0.930002 -0.306262 0.203222 -0.504304 0.187351 -0.87068 -0.45477 0.485867 
1533746777646 0.11725 0.81664 -0.565112 -0.608815 -0.955909 0.247077 0.158716 -0.227406 0.26924 0.521586 0.809604 0.416066 0.31622 -0.384863 0.867113 0.400795 -0.930002 -0.306262 0.203222 -0.504304 0.187351 -0.87068 -0.45477 0.485867 
1533746777697 0.117248 0.81656 -0.565228 -0.608718 -0.955951 0.247016 0.158556 -0.227408 0.269091 0.52174 0.809554 0.416097 0.31622 -0.384863 0.867113 0.400795 -0.930002 -0.306262 0.203222 -0.504304 0.187351 -0.87068 -0.45477 0.485867 
1533746777703 0.117246 0.81648 -0.565345 -0.608621 -0.955994 0.246955 0.158395 -0.22741 0.268941 0.521895 0.809504 0.416127 0.31622 -0.384863 0.867113 0.400795 -0.930002 -0.306262 0.203222 -0.504304 0.187351 -0.87068 -0.45477 0.485867 
1533746777800 0.11728 0.816672 -0.56506 -0.608841 -0.95589 0.247121 0.158762 -0.227433 0.269295 0.521516 0.809631 0.416119 0.31622 -0.384863 0.867113 0.400795 -0.930002 -0.306262 0.203222 -0.504304 0.187351 -0.87068 -0.45477 0.485867 
1533746777811 0.1173 0.816612 -0.565142 -0.608766 -0.955916 0.247099 0.158642 -0.227431 0.269195 0.52162 0.809597 0.416129 0.31622 -0.384863 0.867113 0.400795 -0.930002 -0.306262 0.203222 -0.504304 0.187351 -0.87068 -0.45477 0.485867 
1533746777828 0.117322 0.816551 -0.565226 -0.608687 -0.955941 0.247079 0.15852 -0.227426 0.269095 0.521725 0.809562 0.41614 0.31622 -0.384863 0.867113 0.400795 -0.930002 -0.306262 0.203222 -0.504304 0.187351 -0.87068 -0.45477 0.485867 
1533746777845 0.117344 0.81649 -0.565309 -0.608608 -0.955967 0.247058 0.158397 -0.227421 0.268994 0.52183 0.809528 0.416152 0.31622 -0.384863 0.867113 0.400795 -0.930002 -0.306262 0.203222 -0.504304 0.187351 -0.87068 -0.45477 0.485867 
1533746777861 0.117366 0.816429 -0.565393 -0.608529 -0.955992 0.247037 0.158275 -0.227415 0.268894 0.521936 0.809493 0.416163 0.31622 -0.384863 0.867113 0.400795 -0.930002 -0.306262 0.203222 -0.504304 0.187351 -0.87068 -0.45477 0.485867 
1533746777879 0.117388 0.816367 -0.565477 -0.608449 -0.956018 0.247017 0.158152 -0.227409 0.268793 0.522041 0.809459 0.416175 0.31622 -0.384863 0.867113 0.400795 -0.930002 -0.306262 0.203222 -0.504304 0.187351 -0.87068 -0.45477 0.485867 
1533746777895 0.11741 0.816307 -0.56556 -0.608371 -0.956044 0.246996 0.15803 -0.227405 0.268692 0.522146 0.809424 0.416186 0.31622 -0.384863 0.867113 0.400795 -0.930002 -0.306262 0.203222 -0.504304 0.187351 -0.87068 -0.45477 0.485867 
1533746778000 0.117432 0.816245 -0.565644 -0.608291 -0.956069 0.246976 0.157907 -0.227398 0.268592 0.522252 0.80939 0.416198 0.31622 -0.384863 0.867113 0.400795 -0.930002 -0.306262 0.203222 -0.504304 0.187351 -0.87068 -0.45477 0.485867 
1533746778017 0.117454 0.816184 -0.565728 -0.608212 -0.956095 0.246955 0.157785 -0.227393 0.268491 0.522357 0.809355 0.416209 0.31622 -0.384863 0.867113 0.400795 -0.930002 -0.306262 0.203222 -0.504304 0.187351 -0.87068 -0.45477 0.485867 
1533746778038 0.117477 0.816123 -0.565812 -0.608132 -0.95612 0.246935 0.157662 -0.227387 0.26839 0.522462 0.809321 0.416221 0.31622 -0.384863 0.867113 0.400795 -0.930002 -0.306262 0.203222 -0.504304 0.187351 -0.87068 -0.45477 0.485867 
1533746778070 0.117102 0.816321 -0.565604 -0.608437 -0.956067 0.246779 0.158226 -0.227259 0.268742 0.522227 0.809356 0.416155 0.31622 -0.384863 0.867113 0.400795 -0.930002 -0.306262 0.203222 -0.504304 0.187351 -0.87068 -0.45477 0.485867 
1533746778089 0.11693 0.816324 -0.565635 -0.608389 -0.956076 0.246667 0.158347 -0.227262 0.268786 0.522275 0.809311 0.416165 0.31622 -0.384863 0.867113 0.400795 -0.930002 -0.306262 0.203222 -0.504304 0.187351 -0.87068 -0.45477 0.485867 
1533746778100 0.116757 0.816321 -0.565675 -0.608332 -0.956088 0.246552 0.158458 -0.227271 0.26882 0.522334 0.809261 0.416175 0.31622 -0.384863 0.867113 0.400795 -0.930002 -0.306262 0.203222 -0.504304 0.187351 -0.87068 -0.45477 0.485867 
1533746778117 0.116585 0.816318 -0.565715 -0.608276 -0.956099 0.246437 0.158568 -0.227279 0.268855 0.522393 0.809211 0.416184 0.31622 -0.384863 0.867113 0.400795 -0.930002 -0.306262 0.203222 -0.504304 0.187351 -0.87068 -0.45477 0.485867 
1533746778133 0.116412 0.816315 -0.565755 -0.608218 -0.95611 0.246322 0.158679 -0.227288 0.26889 0.522452 0.809162 0.416193 0.31622 -0.384863 0.867113 0.400795 -0.930002 -0.306262 0.203222 -0.504304 0.187351 -0.87068 -0.45477 0.485867 
1533746778140 0.11624 0.816312 -0.565795 -0.608161 -0.956121 0.246207 0.15879 -0.227296 0.268924 0.522511 0.809112 0.416203 0.31622 -0.384863 0.867113 0.400795 -0.930002 -0.306262 0.203222 -0.504304 0.187351 -0.87068 -0.45477 0.485867 
1533746778252 0.116067 0.816308 -0.565835 -0.608105 -0.956133 0.246092 0.1589 -0.227305 0.268959 0.52257 0.809062 0.416213 0.31622 -0.384863 0.867113 0.400795 -0.930002 -0.306262 0.203222 -0.504304 0.187351 -0.87068 -0.45477 0.485867 
1533746778268 0.115895 0.816305 -0.565875 -0.608046 -0.956144 0.245977 0.15901 -0.227314 0.268993 0.522629 0.809013 0.416221 0.31622 -0.384863 0.867113 0.400795 -0.930002 -0.306262 0.203222 -0.504304 0.187351 -0.87068 -0.45477 0.485867 
1533746778285 0.115722 0.816302 -0.565915 -0.607989 -0.956155 0.245862 0.159122 -0.227323 0.269028 0.522688 0.808963 0.416231 0.31622 -0.384863 0.867113 0.400795 -0.930002 -0.306262 0.203222 -0.504304 0.187351 -0.87068 -0.45477 0.485867 
1533746778302 0.11555 0.816299 -0.565954 -0.607932 -0.956166 0.245747 0.159232 -0.227331 0.269063 0.522747 0.808913 0.41624 0.31622 -0.384863 0.867113 0.400795 -0.930002 -0.306262 0.203222 -0.504304 0.187351 -0.87068 -0.45477 0.485867 
1533746778332 0.116083 0.816348 -0.565775 -0.608199 -0.956142 0.246071 0.158875 -0.227176 0.268918 0.522519 0.809109 0.416192 0.31622 -0.384863 0.867113 0.400795 -0.930002 -0.306262 0.203222 -0.504304 0.187351 -0.87068 -0.45477 0.485867 
1533746778345 0.115725 0.816453 -0.565696 -0.608091 -0.956093 0.245941 0.159371 -0.227226 0.269247 0.522415 0.809066 0.416209 0.31622 -0.384863 0.867113 0.400795 -0.930002 -0.306262 0.203222 -0.504304 0.187351 -0.87068 -0.45477 0.485867 
1533746778362 0.115365 0.81656 -0.565616 -0.607987 -0.956044 0.24581 0.15987 -0.22728 0.269577 0.52231 0.809024 0.416224 0.31622 -0.384863 0.867113 0.400795 -0.930002 -0.306262 0.203222 -0.504304 0.187351 -0.87068 -0.45477 0.485867 
1533746778400 0.115004 0.816667 -0.565534 -0.607884 -0.955994 0.245678 0.160368 -0.227335 0.269907 0.522204 0.808983 0.416238 0.31622 -0.384863 0.867113 0.400795 -0.930002 -0.306262 0.203222 -0.504304 0.187351 -0.87068 -0.45477 0.485867 
1533746778504 0.114645 0.816773 -0.565454 -0.607779 -0.955944 0.245547 0.160866 -0.227388 0.270237 0.522099 0.80894 0.416254 0.31622 -0.384863 0.867113 0.400795 -0.930002 -0.306262 0.203222 -0.504304 0.187351 -0.87068 -0.45477 0.485867 
1533746778547 0.114285 0.81688 -0.565372 -0.607676 -0.955894 0.245416 0.161365 -0.227443 0.270567 0.521994 0.808898 0.416269 0.31622 -0.384863 0.867113 0.400795 -0.930002 -0.306262 0.203222 -0.504304 0.187351 -0.87068 -0.45477 0.485867 
1533746778644 0.113925 0.816987 -0.565291 -0.607572 -0.955843 0.245284 0.161863 -0.227498 0.270897 0.521889 0.808855 0.416284 0.31622 -0.384863 0.867113 0.400795 -0.930002 -0.306262 0.203222 -0.504304 0.187351 -0.87068 -0.45477 0.485867 
1533746778692 0.113566 0.817093 -0.565209 -0.607468 -0.955792 0.245153 0.162361 -0.227551 0.271227 0.521784 0.808813 0.416299 0.31622 -0.384863 0.867113 0.400795 -0.930002 -0.306262 0.203222 -0.504304 0.187351 -0.87068 -0.45477 0.485867 
1533746778787 0.113205 0.8172 -0.565127 -0.607365 -0.955741 0.245021 0.162859 -0.227606 0.271557 0.521679 0.80877 0.416314 0.31622 -0.384863 0.867113 0.400795 -0.930002 -0.306262 0.203222 -0.504304 0.187351 -0.87068 -0.45477 0.485867 
1533746778848 0.112846 0.817307 -0.565045 -0.607261 -0.95569 0.24489 0.163357 -0.22766 0.271887 0.521574 0.808727 0.416329 0.31622 -0.384863 0.867113 0.400795 -0.930002 -0.306262 0.203222 -0.504304 0.187351 -0.87068 -0.45477 0.485867 
1533746778927 0.113306 0.817153 -0.565175 -0.607422 -0.955795 0.244987 0.162596 -0.227594 0.271326 0.521768 0.808789 0.416304 0.31622 -0.384863 0.867113 0.400795 -0.930002 -0.306262 0.203222 -0.504304 0.187351 -0.87068 -0.45477 0.485867 
1533746778938 0.113057 0.817192 -0.565168 -0.607272 -0.955798 0.244833 0.162812 -0.227654 0.271421 0.521779 0.808751 0.416322 0.31622 -0.384863 0.867113 0.400795 -0.930002 -0.306262 0.203222 -0.504304 0.187351 -0.87068 -0.45477 0.485867 
1533746778955 0.112807 0.817232 -0.565161 -0.607119 -0.9558 0.244679 0.16303 -0.227715 0.271516 0.52179 0.808712 0.416338 0.31622 -0.384863 0.867113 0.400795 -0.930002 -0.306262 0.203222 -0.504304 0.187351 -0.87068 -0.45477 0.485867 
1533746778971 0.112557 0.817271 -0.565154 -0.606966 -0.955802 0.244524 0.163247 -0.227778 0.271611 0.5218 0.808673 0.416354 0.31622 -0.384863 0.867113 0.400795 -0.930002 -0.306262 0.203222 -0.504304 0.187351 -0.87068 -0.45477 0.485867 
1533746778978 0.112308 0.81731 -0.565146 -0.606813 -0.955805 0.244369 0.163464 -0.227839 0.271706 0.521811 0.808634 0.416371 0.31622 -0.384863 0.867113 0.400795 -0.930002 -0.306262 0.203222 -0.504304 0.187351 -0.87068 -0.45477 0.485867 
1533746779089 0.112058 0.81735 -0.565139 -0.606661 -0.955807 0.244215 0.163682 -0.2279 0.271801 0.521822 0.808595 0.416388 0.31622 -0.384863 0.867113 0.400795 -0.930002 -0.306262 0.203222 -0.504304 0.187351 -0.87068 -0.45477 0.485867 
1533746779124 0.111808 0.817389 -0.565132 -0.606507 -0.955809 0.24406 0.1639 -0.227963 0.271896 0.521833 0.808556 0.416404 0.31622 -0.384863 0.867113 0.400795 -0.930002 -0.306262 0.203222 -0.504304 0.187351 -0.87068 -0.45477 0.485867 
1533746779160 0.111558 0.817428 -0.565124 -0.606355 -0.955812 0.243906 0.164117 -0.228024 0.271991 0.521844 0.808517 0.41642 0.31622 -0.384863 0.867113 0.400795 -0.930002 -0.306262 0.203222 -0.504304 0.187351 -0.87068 -0.45477 0.485867 
