1535118017426 0.223077 0.922466 -0.315109 -0.534131 -0.941079 0.288086 0.177135 -0.232752 0.254179 0.257028 0.932379 0.417159 0.216514 -0.116466 0.969308 0.3802 -0.975142 -0.0737046 0.208962 -0.511793 0.0471055 -0.990456 -0.129529 0.444832 
1535118017446 0.225763 0.923016 -0.311565 -0.54477 -0.940841 0.28954 0.176023 -0.234666 0.252683 0.253394 0.933779 0.412766 0.209951 -0.117412 0.970636 0.380059 -0.977321 -0.0532536 0.204956 -0.509906 0.0276255 -0.991654 -0.12593 0.444209 
1535118018064 0.228444 0.923548 -0.308013 -0.555406 -0.940599 0.290997 0.174915 -0.236576 0.251173 0.249759 0.935164 0.408369 0.203364 -0.118221 0.97194 0.379917 -0.97907 -0.0327762 0.200869 -0.50802 0.00810948 -0.992446 -0.122412 0.443586 
1535118018248 0.231119 0.924062 -0.304455 -0.566033 -0.94035 0.292459 0.173809 -0.238479 0.249651 0.246123 0.936535 0.403968 0.196758 -0.118892 0.973217 0.379777 -0.980385 -0.0122828 0.196706 -0.506139 -0.011433 -0.992831 -0.118977 0.442964 
1535118018673 0.233787 0.92456 -0.300888 -0.576667 -0.940096 0.293922 0.172711 -0.240389 0.248119 0.242486 0.93789 0.39957 0.190132 -0.119425 0.974468 0.379635 -0.981269 0.00821887 0.192466 -0.504252 -0.0309943 -0.992809 -0.115625 0.44234 
1535118019354 0.236447 0.925039 -0.297313 -0.587302 -0.939836 0.295389 0.171619 -0.242299 0.246577 0.238847 0.939229 0.395173 0.183492 -0.119819 0.975692 0.379494 -0.98172 0.0287192 0.188152 -0.502364 -0.0505653 -0.99238 -0.112359 0.441717 
1535118019558 0.239101 0.925501 -0.293731 -0.597938 -0.939571 0.296858 0.170532 -0.244209 0.245024 0.235207 0.940554 0.390775 0.176839 -0.120075 0.976888 0.379352 -0.981738 0.0492093 0.183766 -0.500476 -0.0701377 -0.991544 -0.10918 0.441094 
1535118020369 0.241748 0.925946 -0.290142 -0.608572 -0.9393 0.298331 0.169451 -0.246119 0.243461 0.231566 0.941862 0.386378 0.170178 -0.120193 0.978056 0.37921 -0.981322 0.0696799 0.179309 -0.498588 -0.0897025 -0.990302 -0.10609 0.440471 
1535118020504 0.244388 0.926373 -0.286545 -0.619206 -0.939024 0.299807 0.168375 -0.248029 0.241886 0.227924 0.943155 0.381981 0.163511 -0.120171 0.979195 0.379069 -0.980474 0.0901222 0.174785 -0.496701 -0.109251 -0.988654 -0.103089 0.439848 
1535118021006 0.247021 0.926781 -0.282943 -0.629831 -0.938742 0.301287 0.167304 -0.249933 0.240301 0.224283 0.944432 0.377585 0.156842 -0.120011 0.980305 0.378928 -0.979192 0.110527 0.170195 -0.494818 -0.128775 -0.986601 -0.100178 0.439225 
1535118022000 0.244882 0.925998 -0.287335 -0.618965 -0.93898 0.300342 0.167667 -0.248213 0.241558 0.228743 0.943041 0.381825 0.157265 -0.11986 0.980256 0.378958 -0.97919 0.11001 0.170545 -0.494969 -0.128279 -0.986677 -0.100065 0.439433 
1535118022014 0.245359 0.926119 -0.286537 -0.621112 -0.938928 0.300584 0.167524 -0.248574 0.241275 0.227934 0.943309 0.380962 0.160602 -0.122247 0.97942 0.378969 -0.979413 0.103212 0.173484 -0.495325 -0.122296 -0.987118 -0.103154 0.440092 
1535118022391 0.245837 0.926239 -0.285737 -0.623263 -0.938876 0.300826 0.16738 -0.248938 0.240992 0.227123 0.943577 0.380098 0.163955 -0.12461 0.978566 0.37898 -0.979586 0.0964033 0.176402 -0.495683 -0.116318 -0.987511 -0.10626 0.440752 
1535118022763 0.246314 0.926359 -0.284937 -0.625416 -0.938824 0.301068 0.167237 -0.249302 0.240707 0.226313 0.943845 0.379234 0.16732 -0.126948 0.977695 0.378991 -0.979708 0.0895831 0.179296 -0.496043 -0.110346 -0.987856 -0.109383 0.441411 
1535118022777 0.24679 0.926478 -0.284137 -0.627567 -0.938771 0.301311 0.167094 -0.249666 0.240423 0.225502 0.944111 0.37837 0.170698 -0.129262 0.976808 0.379002 -0.979779 0.0827524 0.182167 -0.496402 -0.10438 -0.988152 -0.112522 0.442071 
1535118022797 0.247267 0.926596 -0.283337 -0.629719 -0.938719 0.301553 0.166951 -0.25003 0.240137 0.224692 0.944377 0.377506 0.174087 -0.131551 0.975904 0.379014 -0.9798 0.0759117 0.185014 -0.496761 -0.0984214 -0.988399 -0.115678 0.44273 
1535118022833 0.247743 0.926713 -0.282536 -0.631869 -0.938666 0.301795 0.166809 -0.250393 0.239852 0.223881 0.944642 0.376642 0.177489 -0.133816 0.974983 0.379025 -0.979769 0.0690608 0.187839 -0.49712 -0.0924689 -0.988597 -0.118851 0.44339 
1535118023129 0.248219 0.926829 -0.281735 -0.634021 -0.938614 0.302038 0.166666 -0.250757 0.239566 0.223071 0.944906 0.375778 0.180902 -0.136055 0.974045 0.379036 -0.979688 0.062201 0.190638 -0.497479 -0.0865239 -0.988747 -0.12204 0.444049 
1535118023139 0.248695 0.926945 -0.280934 -0.636174 -0.938561 0.30228 0.166524 -0.251121 0.23928 0.22226 0.94517 0.374914 0.184328 -0.13827 0.97309 0.379047 -0.979556 0.0553317 0.193415 -0.497838 -0.0805863 -0.988848 -0.125244 0.444709 
1535118023256 0.24917 0.92706 -0.280132 -0.638326 -0.938508 0.302523 0.166382 -0.251485 0.238993 0.221449 0.945433 0.37405 0.187765 -0.14046 0.972119 0.379059 -0.979373 0.0484541 0.196167 -0.498197 -0.0746567 -0.9889 -0.128465 0.445368 
1535118024326 0.249739 0.926679 -0.280885 -0.638102 -0.938385 0.303175 0.165888 -0.251648 0.238882 0.222149 0.945296 0.373912 0.187187 -0.14033 0.972249 0.379004 -0.979433 0.0492149 0.195674 -0.498123 -0.075308 -0.988881 -0.128232 0.445159 
1535118024340 0.249224 0.926581 -0.281665 -0.63817 -0.938322 0.30301 0.166547 -0.251767 0.239666 0.222785 0.944948 0.374049 0.188313 -0.140833 0.971959 0.379047 -0.979612 0.0435899 0.196111 -0.498198 -0.0699865 -0.989073 -0.129753 0.445397 
1535118024350 0.248709 0.926482 -0.282444 -0.638239 -0.938258 0.302844 0.167205 -0.251885 0.240449 0.22342 0.944599 0.374185 0.189442 -0.141327 0.971668 0.379091 -0.97976 0.0379631 0.196542 -0.498278 -0.0646642 -0.989235 -0.131275 0.445636 
1535118024490 0.248194 0.926383 -0.283223 -0.638307 -0.938193 0.302679 0.167864 -0.252004 0.241232 0.224055 0.944249 0.374322 0.190575 -0.141815 0.971375 0.379135 -0.979877 0.032335 0.196963 -0.498359 -0.0593417 -0.989365 -0.132799 0.445875 
1535118024677 0.247677 0.926283 -0.284001 -0.638375 -0.938128 0.302515 0.168523 -0.252123 0.242014 0.22469 0.943898 0.374458 0.19171 -0.142296 0.971081 0.379179 -0.979964 0.0267055 0.197376 -0.49844 -0.0540192 -0.989464 -0.134326 0.446114 
1535118024717 0.24716 0.926182 -0.284778 -0.638444 -0.938063 0.30235 0.169182 -0.252242 0.242796 0.225325 0.943546 0.374595 0.192847 -0.142771 0.970787 0.379224 -0.98002 0.021075 0.197781 -0.498521 -0.0486967 -0.989531 -0.135854 0.446353 
1535118024730 0.246643 0.926081 -0.285555 -0.638512 -0.937997 0.302186 0.169841 -0.252361 0.243577 0.22596 0.943193 0.374731 0.193987 -0.143239 0.97049 0.379268 -0.980045 0.0154439 0.198176 -0.498601 -0.0433747 -0.989568 -0.137385 0.446592 
1535118024852 0.246125 0.925979 -0.286332 -0.63858 -0.93793 0.302023 0.1705 -0.252479 0.244358 0.226595 0.942838 0.374868 0.195129 -0.1437 0.970193 0.379312 -0.980039 0.00981185 0.198563 -0.498683 -0.0380529 -0.989573 -0.138917 0.446831 
1535118025063 0.245606 0.925876 -0.287108 -0.638649 -0.937862 0.30186 0.171158 -0.252598 0.245138 0.22723 0.942483 0.375004 0.196274 -0.144155 0.969895 0.379356 -0.980003 0.00417952 0.19894 -0.498763 -0.0327319 -0.989546 -0.140452 0.44707 
1535118025124 0.245086 0.925773 -0.287883 -0.638717 -0.937794 0.301697 0.171818 -0.252717 0.245918 0.227865 0.942126 0.375141 0.197421 -0.144603 0.969595 0.379401 -0.979936 -0.00145332 0.199309 -0.498844 -0.0274116 -0.989489 -0.141989 0.447309 
1535118025321 0.245651 0.925927 -0.286904 -0.638647 -0.937916 0.301805 0.170958 -0.25249 0.244884 0.227096 0.942581 0.374923 0.193886 -0.142852 0.970568 0.379247 -0.98001 0.0167727 0.198241 -0.4985 -0.0445982 -0.989602 -0.136745 0.446455 
1535118025332 0.244975 0.926074 -0.287009 -0.638773 -0.938011 0.301256 0.171409 -0.25263 0.2452 0.227227 0.942467 0.37499 0.195609 -0.141767 0.970381 0.379227 -0.979902 0.0112089 0.199166 -0.498634 -0.0391121 -0.989837 -0.136725 0.446479 
1535118025515 0.244286 0.926219 -0.287128 -0.638902 -0.938105 0.3007 0.171867 -0.252773 0.245526 0.227372 0.942348 0.375057 0.197369 -0.140704 0.970179 0.379208 -0.979757 0.00550476 0.200116 -0.498776 -0.0334977 -0.990036 -0.136769 0.446511 
1535118025664 0.243597 0.926364 -0.287246 -0.639032 -0.938199 0.300144 0.172325 -0.252915 0.245851 0.227516 0.942228 0.375124 0.199123 -0.139631 0.969976 0.379188 -0.979578 -0.000198506 0.201066 -0.498918 -0.0278824 -0.990204 -0.136819 0.446543 
1535118025795 0.242908 0.926509 -0.287363 -0.639162 -0.938293 0.299588 0.172784 -0.253057 0.246176 0.22766 0.942108 0.375191 0.200871 -0.138547 0.969771 0.379169 -0.979365 -0.00590078 0.202015 -0.499061 -0.0222662 -0.990338 -0.136873 0.446575 
1535118025822 0.242219 0.926653 -0.28748 -0.639292 -0.938385 0.299032 0.173243 -0.2532 0.246501 0.227804 0.941988 0.375258 0.202612 -0.137453 0.969564 0.37915 -0.979117 -0.0116018 0.202964 -0.499204 -0.0166494 -0.99044 -0.136934 0.446608 
1535118026036 0.241529 0.926797 -0.287596 -0.639422 -0.938478 0.298475 0.173702 -0.253342 0.246826 0.227949 0.941868 0.375325 0.204347 -0.13635 0.969356 0.37913 -0.978836 -0.0173012 0.203911 -0.499345 -0.0110322 -0.99051 -0.136999 0.446639 
1535118026188 0.24084 0.92694 -0.287713 -0.639552 -0.938569 0.297919 0.17416 -0.253484 0.247151 0.228094 0.941748 0.375392 0.206075 -0.135236 0.969146 0.379111 -0.978521 -0.0229992 0.204859 -0.499488 -0.00541462 -0.990546 -0.137071 0.446671 
1535118026287 0.24015 0.927083 -0.287829 -0.639682 -0.938661 0.297362 0.174619 -0.253627 0.247476 0.228239 0.941628 0.375459 0.207796 -0.134112 0.968935 0.379091 -0.978172 -0.0286952 0.205805 -0.49963 0.000202868 -0.990551 -0.137147 0.446703 
1535118026326 0.23946 0.927225 -0.287944 -0.639811 -0.938751 0.296806 0.175078 -0.253769 0.2478 0.228384 0.941507 0.375527 0.20951 -0.132978 0.968722 0.379072 -0.977789 -0.0343891 0.20675 -0.499771 0.00582021 -0.990522 -0.137229 0.446735 
1535118026966 0.239893 0.927136 -0.287871 -0.639711 -0.938734 0.297119 0.174638 -0.253568 0.247445 0.22834 0.941611 0.375446 0.207352 -0.134215 0.969016 0.379054 -0.978266 -0.0282363 0.20542 -0.499561 -0.000208968 -0.99055 -0.137153 0.446762 
1535118027115 0.239709 0.927352 -0.287328 -0.639778 -0.938832 0.296794 0.174666 -0.25368 0.247254 0.227884 0.941772 0.375377 0.207484 -0.135999 0.968739 0.379076 -0.978238 -0.0288547 0.205468 -0.499604 9.19635e-06 -0.990289 -0.139027 0.447007 
1535118027136 0.239523 0.927569 -0.286784 -0.639849 -0.93893 0.296468 0.174693 -0.253795 0.247063 0.227427 0.941933 0.375307 0.207618 -0.137783 0.968458 0.379098 -0.97821 -0.0294745 0.205515 -0.499649 0.000228344 -0.990024 -0.1409 0.447253 
1535118027143 0.239338 0.927784 -0.28624 -0.63992 -0.939027 0.296143 0.174721 -0.253909 0.246872 0.22697 0.942093 0.375237 0.207752 -0.139565 0.968174 0.37912 -0.978181 -0.0300941 0.205561 -0.499693 0.000447138 -0.989755 -0.142772 0.447498 
1535118027301 0.239153 0.928 -0.285696 -0.639992 -0.939124 0.295818 0.174748 -0.254024 0.246681 0.226513 0.942253 0.375166 0.207886 -0.141348 0.967886 0.379143 -0.978153 -0.0307139 0.205606 -0.499737 0.000665689 -0.989483 -0.144645 0.447743 
1535118027339 0.238967 0.928215 -0.285152 -0.640064 -0.939222 0.295493 0.174776 -0.254139 0.24649 0.226055 0.942413 0.375096 0.20802 -0.143129 0.967596 0.379165 -0.978124 -0.0313336 0.205649 -0.499781 0.0008839 -0.989208 -0.146516 0.447988 
1535118027529 0.238781 0.92843 -0.284608 -0.640136 -0.939319 0.295167 0.174803 -0.254254 0.246299 0.225598 0.942572 0.375026 0.208156 -0.14491 0.967302 0.379187 -0.978095 -0.0319536 0.205691 -0.499826 0.00110195 -0.988929 -0.148387 0.448234 
1535118027535 0.238596 0.928644 -0.284064 -0.640207 -0.939416 0.294842 0.17483 -0.254369 0.246109 0.22514 0.942731 0.374956 0.208291 -0.146691 0.967004 0.379209 -0.978066 -0.0325735 0.205732 -0.49987 0.00131969 -0.988646 -0.150258 0.448479 
1535118027720 0.238409 0.928858 -0.283519 -0.640279 -0.939513 0.294516 0.174857 -0.254484 0.245918 0.224682 0.94289 0.374885 0.208427 -0.148471 0.966703 0.379231 -0.978037 -0.0331936 0.205773 -0.499914 0.00153722 -0.98836 -0.152128 0.448724 
1535118027732 0.238223 0.929072 -0.282975 -0.640351 -0.93961 0.294191 0.174883 -0.254598 0.245728 0.224225 0.943049 0.374815 0.208563 -0.15025 0.966399 0.379254 -0.978007 -0.0338137 0.205811 -0.499958 0.00175444 -0.98807 -0.153998 0.44897 
1535118028062 0.238264 0.92891 -0.283473 -0.640274 -0.939575 0.294346 0.174813 -0.254428 0.245825 0.224692 0.942912 0.374882 0.208562 -0.147027 0.966894 0.379232 -0.978008 -0.0330789 0.205929 -0.499766 0.00170661 -0.988579 -0.150693 0.448637 
1535118028075 0.238587 0.928916 -0.28318 -0.640264 -0.939484 0.294607 0.174862 -0.254441 0.245859 0.224323 0.942991 0.374834 0.204116 -0.146006 0.967997 0.379132 -0.97892 -0.0231889 0.202921 -0.499432 -0.00718091 -0.989012 -0.147661 0.447938 
1535118028096 0.238909 0.928923 -0.282887 -0.640254 -0.939393 0.294868 0.174912 -0.254454 0.245894 0.223954 0.94307 0.374787 0.199674 -0.144939 0.969084 0.37903 -0.97973 -0.0132997 0.199879 -0.499093 -0.0160818 -0.989351 -0.144657 0.447239 
1535118028228 0.239232 0.928929 -0.282593 -0.640244 -0.939302 0.295129 0.174962 -0.254467 0.245928 0.223584 0.943149 0.374739 0.195239 -0.143828 0.970152 0.378929 -0.980437 -0.00341268 0.196803 -0.498754 -0.0249949 -0.989597 -0.14168 0.44654 
1535118028245 0.239554 0.928935 -0.2823 -0.640234 -0.93921 0.295389 0.175012 -0.25448 0.245963 0.223214 0.943227 0.374691 0.190811 -0.142671 0.971203 0.378827 -0.981041 0.00647106 0.193695 -0.498414 -0.0339193 -0.989749 -0.138731 0.445841 
1535118028251 0.239877 0.928941 -0.282007 -0.640224 -0.939119 0.29565 0.175061 -0.254493 0.245997 0.222845 0.943306 0.374644 0.186391 -0.141469 0.972237 0.378725 -0.981541 0.0163505 0.190554 -0.498074 -0.0428541 -0.989808 -0.13581 0.445142 
1535118028377 0.2402 0.928947 -0.281713 -0.640214 -0.939028 0.295911 0.175111 -0.254506 0.246031 0.222475 0.943384 0.374596 0.18198 -0.140222 0.973253 0.378624 -0.981937 0.0262244 0.187382 -0.497734 -0.0517981 -0.989773 -0.132917 0.444442 
1535118028431 0.240522 0.928952 -0.28142 -0.640204 -0.938936 0.296171 0.175161 -0.254519 0.246065 0.222105 0.943462 0.374548 0.177578 -0.138931 0.974251 0.378522 -0.98223 0.0360917 0.184179 -0.497396 -0.0607504 -0.989644 -0.130053 0.443743 
1535118028456 0.240845 0.928957 -0.281126 -0.640195 -0.938845 0.296432 0.175212 -0.254532 0.246099 0.221735 0.943541 0.3745 0.173184 -0.137594 0.975231 0.37842 -0.982419 0.0459515 0.180944 -0.497055 -0.0697102 -0.989422 -0.127217 0.443044 
1535118028531 0.241167 0.928962 -0.280833 -0.640185 -0.938753 0.296692 0.175262 -0.254545 0.246133 0.221365 0.943619 0.374453 0.168801 -0.136214 0.976193 0.378319 -0.982505 0.0558025 0.177679 -0.496716 -0.0786762 -0.989107 -0.124411 0.442345 
1535118029154 0.240291 0.928952 -0.281617 -0.640188 -0.939007 0.295978 0.17511 -0.254552 0.246021 0.222363 0.943413 0.374587 0.187143 -0.141456 0.972095 0.378843 -0.981434 0.0154019 0.191182 -0.49811 -0.0420159 -0.989825 -0.135947 0.445574 
1535118029309 0.241082 0.928816 -0.28139 -0.639987 -0.93888 0.29662 0.1747 -0.254436 0.24573 0.222075 0.943557 0.374627 0.185022 -0.140798 0.972596 0.378816 -0.981644 0.0201406 0.189659 -0.498046 -0.0462922 -0.989833 -0.134487 0.445134 
1535118029481 0.241872 0.928679 -0.281165 -0.639783 -0.938753 0.297264 0.174289 -0.254318 0.245439 0.221789 0.9437 0.374667 0.182901 -0.140131 0.973093 0.378788 -0.98183 0.0248787 0.188126 -0.497976 -0.0505715 -0.98982 -0.133034 0.444693 
1535118029487 0.242662 0.928541 -0.280939 -0.639579 -0.938626 0.297906 0.173879 -0.254201 0.245147 0.221503 0.943843 0.374707 0.180783 -0.139453 0.973586 0.37876 -0.981992 0.0296152 0.186586 -0.497907 -0.0548528 -0.989786 -0.131587 0.444252 
1535118029701 0.243452 0.928403 -0.280712 -0.639375 -0.938497 0.298549 0.173468 -0.254083 0.244855 0.221216 0.943986 0.374747 0.178667 -0.138764 0.974075 0.378731 -0.982131 0.03435 0.185038 -0.497836 -0.0591362 -0.98973 -0.130147 0.443812 
1535118029855 0.244242 0.928264 -0.280485 -0.639171 -0.938368 0.299192 0.173058 -0.253966 0.244563 0.22093 0.944129 0.374788 0.176554 -0.138066 0.97456 0.378703 -0.982246 0.0390831 0.183483 -0.497766 -0.0634216 -0.989652 -0.128714 0.443371 
1535118029971 0.245031 0.928125 -0.280258 -0.638967 -0.938239 0.299835 0.172648 -0.253848 0.24427 0.220644 0.944271 0.374828 0.174443 -0.137357 0.97504 0.378675 -0.982337 0.0438141 0.181921 -0.497697 -0.0677085 -0.989552 -0.127287 0.44293 
1535118030024 0.245821 0.927985 -0.28003 -0.638762 -0.938108 0.300478 0.172239 -0.253731 0.243977 0.220359 0.944414 0.374868 0.172334 -0.136637 0.975516 0.378646 -0.982404 0.0485432 0.180351 -0.497626 -0.0719973 -0.989431 -0.125867 0.44249 
1535118030251 0.24661 0.927844 -0.279802 -0.638559 -0.937977 0.30112 0.171829 -0.253613 0.243684 0.220073 0.944556 0.374909 0.170229 -0.135908 0.975987 0.378618 -0.982447 0.05327 0.178773 -0.497557 -0.0762876 -0.989288 -0.124454 0.442049 
1535118030409 0.247399 0.927703 -0.279573 -0.638354 -0.937846 0.301763 0.171419 -0.253495 0.243391 0.219788 0.944698 0.374949 0.168125 -0.135168 0.976455 0.378589 -0.982467 0.0579947 0.177188 -0.497486 -0.0805794 -0.989124 -0.123048 0.441608 
1535118031072 0.24679 0.927792 -0.279816 -0.638505 -0.937973 0.301255 0.171613 -0.253588 0.243517 0.220107 0.944591 0.374842 0.168543 -0.135228 0.976374 0.378559 -0.982465 0.0570666 0.177499 -0.497599 -0.079721 -0.98917 -0.123238 0.441918 
1535118031083 0.247014 0.927747 -0.279766 -0.638143 -0.937967 0.301413 0.17137 -0.253472 0.243313 0.22008 0.94465 0.374973 0.170954 -0.136465 0.975783 0.378629 -0.982326 0.0530172 0.179515 -0.497926 -0.0762309 -0.989225 -0.12499 0.442302 
1535118031093 0.24724 0.927702 -0.279716 -0.637778 -0.937961 0.301571 0.171126 -0.253355 0.243109 0.220054 0.944709 0.375104 0.17337 -0.137692 0.975184 0.378701 -0.982167 0.0489647 0.181525 -0.498259 -0.0727441 -0.989264 -0.126748 0.442686 
1535118031395 0.247466 0.927657 -0.279666 -0.637413 -0.937954 0.30173 0.170883 -0.253238 0.242904 0.220027 0.944768 0.375236 0.175789 -0.138908 0.974578 0.378773 -0.981988 0.044909 0.183527 -0.498591 -0.0692608 -0.989286 -0.128512 0.44307 
1535118031553 0.247692 0.927612 -0.279617 -0.637047 -0.937948 0.301888 0.170639 -0.25312 0.2427 0.22 0.944826 0.375367 0.178212 -0.140114 0.973965 0.378844 -0.981791 0.0408501 0.185521 -0.498925 -0.0657807 -0.989292 -0.130283 0.443454 
1535118031582 0.247917 0.927566 -0.279567 -0.636682 -0.937941 0.302047 0.170395 -0.253002 0.242495 0.219973 0.944885 0.375499 0.180639 -0.14131 0.973345 0.378916 -0.981574 0.0367881 0.187507 -0.499258 -0.0623041 -0.989282 -0.132061 0.443838 
1535118031822 0.248143 0.927521 -0.279517 -0.636317 -0.937934 0.302205 0.170152 -0.252885 0.242291 0.219946 0.944944 0.37563 0.183068 -0.142495 0.972718 0.378988 -0.981338 0.0327233 0.189484 -0.49959 -0.0588312 -0.989254 -0.133846 0.444221 
1535118031960 0.248369 0.927476 -0.279467 -0.635951 -0.937927 0.302364 0.169908 -0.252767 0.242086 0.21992 0.945002 0.375762 0.185501 -0.14367 0.972084 0.37906 -0.981083 0.0286554 0.191454 -0.499924 -0.0553617 -0.989211 -0.135637 0.444606 
1535118032003 0.248594 0.92743 -0.279417 -0.635586 -0.93792 0.302522 0.169664 -0.25265 0.241882 0.219893 0.945061 0.375893 0.187937 -0.144835 0.971443 0.379131 -0.980809 0.0245849 0.193415 -0.500256 -0.051896 -0.98915 -0.137435 0.444989 
1535118032174 0.24882 0.927385 -0.279367 -0.635221 -0.937913 0.302681 0.16942 -0.252533 0.241677 0.219867 0.94512 0.376025 0.190376 -0.145989 0.970796 0.379203 -0.980516 0.0205117 0.195367 -0.500588 -0.0484341 -0.989074 -0.13924 0.445373 
1535118032529 0.248306 0.927571 -0.279205 -0.635473 -0.938015 0.302192 0.169732 -0.25244 0.241812 0.219753 0.945111 0.37599 0.184821 -0.143679 0.972213 0.378992 -0.981175 0.0293998 0.19087 -0.499887 -0.0560068 -0.989188 -0.135541 0.444375 
1535118032541 0.248362 0.92752 -0.279325 -0.635006 -0.937935 0.302326 0.169932 -0.252264 0.242063 0.219784 0.94504 0.376131 0.186117 -0.144359 0.971865 0.379079 -0.981093 0.0261268 0.191765 -0.500082 -0.0530748 -0.98918 -0.136767 0.444567 
1535118032748 0.248419 0.927469 -0.279446 -0.634534 -0.937855 0.302461 0.170132 -0.252085 0.242313 0.219816 0.944968 0.376272 0.187416 -0.145035 0.971514 0.379167 -0.981 0.0228527 0.192658 -0.500281 -0.0501438 -0.989163 -0.137996 0.444759 
1535118032951 0.248475 0.927417 -0.279567 -0.634061 -0.937776 0.302596 0.170331 -0.251905 0.242564 0.219848 0.944897 0.376414 0.188717 -0.145706 0.971162 0.379256 -0.980896 0.0195777 0.193546 -0.500481 -0.0472139 -0.989134 -0.139228 0.444951 
1535118032957 0.248532 0.927365 -0.279688 -0.633588 -0.937696 0.302731 0.17053 -0.251726 0.242814 0.21988 0.944825 0.376556 0.19002 -0.146372 0.970808 0.379344 -0.980781 0.0163019 0.19443 -0.500681 -0.0442852 -0.989095 -0.140461 0.445143 
1535118033224 0.248588 0.927314 -0.279809 -0.633117 -0.937616 0.302866 0.17073 -0.251547 0.243065 0.219912 0.944753 0.376697 0.191324 -0.147034 0.970451 0.379432 -0.980655 0.0130255 0.195309 -0.500879 -0.0413578 -0.989046 -0.141698 0.445335 
1535118033265 0.248645 0.927262 -0.27993 -0.632644 -0.937536 0.303001 0.170929 -0.251368 0.243315 0.219944 0.944681 0.376839 0.19263 -0.147692 0.970093 0.37952 -0.980519 0.0097482 0.196184 -0.501079 -0.0384315 -0.988985 -0.142937 0.445527 
1535118033483 0.248701 0.927211 -0.280051 -0.632172 -0.937456 0.303136 0.171129 -0.251189 0.243566 0.219975 0.944609 0.376981 0.193937 -0.148345 0.969733 0.379608 -0.980371 0.00647034 0.197055 -0.501278 -0.0355066 -0.988914 -0.144179 0.445719 
1535118033549 0.248758 0.927159 -0.280172 -0.631699 -0.937376 0.303271 0.171328 -0.25101 0.243816 0.220007 0.944537 0.377123 0.195247 -0.148994 0.969371 0.379697 -0.980213 0.0031917 0.197921 -0.501478 -0.032583 -0.988833 -0.145422 0.445911 
1535118033848 0.248814 0.927107 -0.280293 -0.631227 -0.937296 0.303406 0.171527 -0.250831 0.244067 0.220039 0.944465 0.377264 0.196558 -0.149638 0.969006 0.379785 -0.980044 -8.74307e-05 0.198783 -0.501677 -0.0296608 -0.988741 -0.146669 0.446104 
1535118034254 0.248809 0.927096 -0.280334 -0.63141 -0.937319 0.303389 0.17143 -0.250965 0.243982 0.220109 0.944471 0.377139 0.196103 -0.149389 0.969137 0.379703 -0.980116 0.000640759 0.198424 -0.501587 -0.0302634 -0.988778 -0.146293 0.446034 
1535118034258 0.248713 0.927076 -0.280484 -0.630989 -0.937195 0.30346 0.171982 -0.250799 0.244556 0.220094 0.944326 0.377278 0.197969 -0.148333 0.96892 0.379789 -0.979868 -0.00389855 0.199609 -0.501835 -0.0258311 -0.98893 -0.146118 0.44601 
1535118034272 0.248618 0.927056 -0.280635 -0.630563 -0.93707 0.303533 0.172533 -0.250631 0.245129 0.220079 0.94418 0.377417 0.19983 -0.147267 0.9687 0.379876 -0.979597 -0.00843788 0.200795 -0.502088 -0.0213968 -0.989061 -0.145949 0.445987 
1535118034539 0.248524 0.927036 -0.280785 -0.630138 -0.936945 0.303605 0.173084 -0.250463 0.245703 0.220065 0.944035 0.377556 0.201686 -0.146193 0.968478 0.379963 -0.979303 -0.0129757 0.201982 -0.502341 -0.0169617 -0.989171 -0.145785 0.445963 
1535118034591 0.248429 0.927016 -0.280936 -0.629712 -0.93682 0.303677 0.173635 -0.250294 0.246276 0.22005 0.943889 0.377696 0.203537 -0.145111 0.968254 0.38005 -0.978987 -0.017512 0.203169 -0.502595 -0.0125259 -0.98926 -0.145626 0.44594 
1535118034767 0.248334 0.926996 -0.281086 -0.629286 -0.936694 0.303749 0.174186 -0.250126 0.246849 0.220036 0.943742 0.377835 0.205383 -0.144019 0.968027 0.380137 -0.978648 -0.0220466 0.204356 -0.502849 -0.00808952 -0.989329 -0.145472 0.445916 
1535118035023 0.248239 0.926975 -0.281237 -0.628862 -0.936568 0.303821 0.174737 -0.249958 0.247422 0.220021 0.943596 0.377974 0.207223 -0.142919 0.967798 0.380224 -0.978287 -0.0265793 0.205543 -0.503102 -0.0036528 -0.989377 -0.145324 0.445893 
1535118035033 0.248144 0.926955 -0.281387 -0.628435 -0.936442 0.303893 0.175288 -0.249789 0.247995 0.220006 0.943449 0.378114 0.209058 -0.141811 0.967566 0.380311 -0.977903 -0.0311103 0.206732 -0.503356 0.000784413 -0.989405 -0.145181 0.44587 
1535118035171 0.248048 0.926935 -0.281538 -0.62801 -0.936315 0.303966 0.175838 -0.249621 0.248568 0.219991 0.943301 0.378253 0.210887 -0.140694 0.967332 0.380398 -0.977497 -0.035639 0.207919 -0.503609 0.00522175 -0.989411 -0.145044 0.445846 
1535118035299 0.247953 0.926915 -0.281688 -0.627584 -0.936188 0.304038 0.176389 -0.249452 0.249141 0.219977 0.943154 0.378393 0.212711 -0.139569 0.967096 0.380486 -0.977067 -0.0401659 0.209108 -0.503864 0.00965937 -0.989397 -0.144912 0.445823 
1535118035832 0.247766 0.927025 -0.281489 -0.627831 -0.936334 0.303736 0.176133 -0.249446 0.248778 0.219928 0.943261 0.378363 0.210462 -0.140734 0.967419 0.380393 -0.977589 -0.0354395 0.207519 -0.503431 0.00507981 -0.989413 -0.145039 0.445951 
1535118035962 0.247825 0.927018 -0.281462 -0.627503 -0.936241 0.303856 0.17642 -0.249331 0.249068 0.219795 0.943215 0.378446 0.211206 -0.139122 0.96749 0.380418 -0.977417 -0.0370727 0.208042 -0.503573 0.00692419 -0.989581 -0.14381 0.445759 
1535118035983 0.247884 0.92701 -0.281436 -0.627171 -0.936149 0.303975 0.176706 -0.249213 0.249358 0.219663 0.94317 0.378529 0.211948 -0.137508 0.967559 0.380444 -0.977242 -0.0387052 0.208568 -0.503721 0.00876965 -0.989744 -0.142582 0.445568 
1535118036140 0.247944 0.927002 -0.28141 -0.626836 -0.936056 0.304095 0.176993 -0.249095 0.249648 0.219531 0.943124 0.378613 0.212687 -0.135893 0.967625 0.380471 -0.977063 -0.0403368 0.209096 -0.503869 0.0106161 -0.989902 -0.141355 0.445376 
1535118036185 0.248003 0.926994 -0.281384 -0.626503 -0.935962 0.304215 0.177279 -0.248977 0.249938 0.219399 0.943078 0.378697 0.213422 -0.134277 0.967688 0.380497 -0.976881 -0.0419673 0.209626 -0.504017 0.0124634 -0.990055 -0.140129 0.445185 
1535118036424 0.248062 0.926986 -0.281357 -0.626171 -0.935869 0.304334 0.177566 -0.24886 0.250227 0.219266 0.943032 0.37878 0.214154 -0.132659 0.96775 0.380523 -0.976695 -0.0435967 0.210158 -0.504164 0.0143115 -0.990203 -0.138903 0.444993 
1535118036430 0.248122 0.926978 -0.281331 -0.625837 -0.935776 0.304453 0.177852 -0.248742 0.250517 0.219134 0.942985 0.378864 0.214884 -0.131039 0.967809 0.38055 -0.976506 -0.0452253 0.210692 -0.504312 0.0161606 -0.990345 -0.137679 0.444802 
1535118036677 0.248181 0.92697 -0.281305 -0.625505 -0.935683 0.304573 0.178139 -0.248624 0.250807 0.219002 0.942939 0.378947 0.21561 -0.129418 0.967865 0.380576 -0.976313 -0.0468526 0.211227 -0.504459 0.0180105 -0.990483 -0.136454 0.444611 
1535118036796 0.24824 0.926962 -0.281279 -0.625171 -0.935589 0.304692 0.178425 -0.248506 0.251097 0.218869 0.942893 0.379031 0.216333 -0.127795 0.96792 0.380602 -0.976118 -0.0484791 0.211765 -0.504607 0.0198613 -0.990615 -0.135231 0.444419 
1535118036802 0.2483 0.926954 -0.281253 -0.624838 -0.935496 0.304812 0.178711 -0.248388 0.251387 0.218737 0.942846 0.379114 0.217053 -0.126171 0.967971 0.380628 -0.975918 -0.0501044 0.212304 -0.504754 0.0217129 -0.990742 -0.134008 0.444228 
1535118037256 0.248149 0.927011 -0.2812 -0.625076 -0.93557 0.304627 0.178634 -0.248423 0.251257 0.218754 0.942877 0.379101 0.216059 -0.128556 0.96788 0.380558 -0.976177 -0.0486719 0.211446 -0.50449 0.0199259 -0.990507 -0.13601 0.444585 
1535118037282 0.24816 0.926897 -0.281563 -0.624835 -0.935597 0.304682 0.178403 -0.248315 0.251148 0.219157 0.942812 0.37918 0.213999 -0.12931 0.968237 0.380544 -0.976707 -0.0442813 0.209957 -0.504397 0.0157254 -0.990615 -0.135774 0.444398 
1535118037300 0.248172 0.926783 -0.281929 -0.624592 -0.935623 0.304739 0.17817 -0.248206 0.25104 0.219562 0.942747 0.37926 0.211934 -0.130054 0.968592 0.380529 -0.977216 -0.0398893 0.208465 -0.504299 0.0115246 -0.990704 -0.135545 0.444211 
1535118037497 0.248183 0.926669 -0.282294 -0.624349 -0.935649 0.304794 0.177938 -0.248096 0.250932 0.219967 0.942681 0.379339 0.209866 -0.13079 0.968943 0.380514 -0.977703 -0.0354953 0.206972 -0.504202 0.00732315 -0.990775 -0.135323 0.444024 
1535118037504 0.248195 0.926554 -0.28266 -0.624106 -0.935675 0.30485 0.177706 -0.247987 0.250823 0.220372 0.942616 0.379419 0.207793 -0.131516 0.969291 0.380499 -0.978168 -0.0310995 0.205477 -0.504103 0.00312103 -0.990826 -0.135107 0.443837 
1535118037509 0.248207 0.92644 -0.283025 -0.623862 -0.9357 0.304906 0.177474 -0.247877 0.250715 0.220776 0.94255 0.379498 0.205717 -0.132232 0.969637 0.380483 -0.978611 -0.0267019 0.20398 -0.504005 -0.00108162 -0.990859 -0.134897 0.44365 
1535118037721 0.248219 0.926325 -0.28339 -0.623619 -0.935726 0.304961 0.177242 -0.247768 0.250607 0.221181 0.942484 0.379578 0.203638 -0.13294 0.969979 0.380468 -0.979032 -0.0223029 0.202482 -0.503908 -0.00528458 -0.990873 -0.134694 0.443463 
1535118037727 0.248231 0.92621 -0.283755 -0.623375 -0.935752 0.305017 0.17701 -0.247658 0.250498 0.221585 0.942417 0.379658 0.201554 -0.133638 0.970318 0.380453 -0.979431 -0.0179021 0.200982 -0.503808 -0.00948801 -0.990868 -0.134498 0.443276 
1535118038013 0.248242 0.926095 -0.28412 -0.623132 -0.935778 0.305072 0.176778 -0.247549 0.25039 0.221989 0.942351 0.379737 0.199467 -0.134327 0.970654 0.380438 -0.979809 -0.0135002 0.19948 -0.503711 -0.0136916 -0.990845 -0.134307 0.443089 
1535118038163 0.248254 0.92598 -0.284484 -0.622888 -0.935804 0.305127 0.176546 -0.247439 0.250281 0.222393 0.942285 0.379817 0.197376 -0.135006 0.970987 0.380422 -0.980164 -0.0090967 0.197977 -0.503612 -0.0178954 -0.990803 -0.134124 0.442902 
1535118038916 0.248148 0.926074 -0.284269 -0.623094 -0.93581 0.305005 0.176726 -0.247481 0.250365 0.222167 0.942316 0.379779 0.198027 -0.134839 0.970878 0.380439 -0.980042 -0.00962881 0.198559 -0.503644 -0.0174251 -0.990821 -0.134055 0.442976 
1535118038929 0.248275 0.926 -0.284402 -0.622909 -0.935777 0.30515 0.176648 -0.247391 0.250362 0.222279 0.94229 0.379822 0.200086 -0.134886 0.970449 0.38048 -0.979682 -0.0136194 0.200096 -0.503862 -0.0137733 -0.990767 -0.134871 0.443248 
1535118039009 0.248409 0.925937 -0.284489 -0.622733 -0.935743 0.305293 0.17658 -0.24731 0.250354 0.222344 0.942277 0.379867 0.202146 -0.134925 0.970017 0.380523 -0.979303 -0.0176106 0.201632 -0.504086 -0.0101224 -0.990699 -0.135692 0.44352 
1535118039028 0.248542 0.925874 -0.284576 -0.622558 -0.93571 0.305435 0.176512 -0.247229 0.250347 0.222409 0.942263 0.379911 0.204205 -0.134954 0.969581 0.380566 -0.978907 -0.0216016 0.203163 -0.504309 -0.00647318 -0.990616 -0.136519 0.443793 
1535118039035 0.248676 0.925812 -0.284662 -0.622382 -0.935676 0.305578 0.176444 -0.247148 0.25034 0.222474 0.94225 0.379956 0.206264 -0.134976 0.969142 0.380609 -0.978492 -0.0255924 0.20469 -0.504533 -0.00282555 -0.990518 -0.137352 0.444065 
1535118039268 0.24881 0.925749 -0.284749 -0.622207 -0.935642 0.30572 0.176375 -0.247067 0.250333 0.22254 0.942236 0.38 0.208323 -0.134989 0.9687 0.380652 -0.97806 -0.0295828 0.206213 -0.504758 0.000820366 -0.990405 -0.13819 0.444338 
1535118039295 0.248944 0.925687 -0.284836 -0.622032 -0.935609 0.305862 0.176308 -0.246987 0.250326 0.222604 0.942223 0.380045 0.21038 -0.134994 0.968255 0.380695 -0.977609 -0.0335727 0.207732 -0.504981 0.00446437 -0.990278 -0.139034 0.44461 
1535118039303 0.249078 0.925624 -0.284923 -0.621856 -0.935575 0.306005 0.176239 -0.246906 0.250319 0.22267 0.94221 0.380089 0.212437 -0.13499 0.967806 0.380738 -0.977141 -0.0375622 0.209247 -0.505206 0.00810665 -0.990135 -0.139884 0.444883 
1535118039516 0.249212 0.925561 -0.28501 -0.621681 -0.935541 0.306148 0.176171 -0.246825 0.250312 0.222734 0.942196 0.380134 0.214493 -0.134978 0.967354 0.380781 -0.976655 -0.041551 0.210758 -0.505429 0.0117469 -0.989977 -0.140739 0.445155 
1535118039523 0.249346 0.925498 -0.285096 -0.621505 -0.935508 0.30629 0.176102 -0.246744 0.250305 0.2228 0.942183 0.380178 0.216549 -0.134957 0.966899 0.380824 -0.97615 -0.0455393 0.212265 -0.505654 0.0153852 -0.989804 -0.1416 0.445428 
1535118039862 0.249237 0.925528 -0.285095 -0.621688 -0.935541 0.306183 0.176113 -0.246877 0.250288 0.222824 0.942181 0.380081 0.207614 -0.135083 0.968839 0.380605 -0.978211 -0.0288786 0.205595 -0.504695 0.000206315 -0.990413 -0.138135 0.444062 
1535118039876 0.249265 0.92554 -0.28503 -0.621514 -0.935464 0.306259 0.176388 -0.246794 0.250548 0.222668 0.942149 0.380139 0.207632 -0.134687 0.96889 0.380597 -0.978206 -0.0297994 0.205486 -0.504747 0.00119595 -0.99044 -0.137939 0.44407 
1535118039890 0.249294 0.925552 -0.284966 -0.621335 -0.935387 0.306335 0.176665 -0.246708 0.250808 0.222512 0.942117 0.380199 0.20765 -0.134291 0.968941 0.38059 -0.978201 -0.0307198 0.205377 -0.504801 0.00218539 -0.990466 -0.137743 0.444079 
1535118039905 0.249322 0.925564 -0.284902 -0.621157 -0.935309 0.306412 0.176941 -0.246623 0.251068 0.222356 0.942084 0.380258 0.207667 -0.133895 0.968992 0.380583 -0.978194 -0.0316402 0.205267 -0.504856 0.00317483 -0.99049 -0.137546 0.444088 
1535118039912 0.24935 0.925576 -0.284838 -0.620978 -0.935232 0.306489 0.177217 -0.246537 0.251328 0.222201 0.942052 0.380317 0.207684 -0.133499 0.969044 0.380576 -0.978187 -0.0325606 0.205158 -0.50491 0.00416429 -0.990514 -0.137349 0.444096 
1535118040103 0.249379 0.925588 -0.284774 -0.620798 -0.935154 0.306565 0.177494 -0.246451 0.251588 0.222045 0.942019 0.380377 0.207701 -0.133102 0.969094 0.380569 -0.978179 -0.0334811 0.205049 -0.504965 0.00515375 -0.990537 -0.137152 0.444105 
1535118040148 0.249407 0.925601 -0.28471 -0.62062 -0.935077 0.306641 0.17777 -0.246366 0.251848 0.221889 0.941986 0.380436 0.207717 -0.132706 0.969145 0.380562 -0.97817 -0.0344015 0.204941 -0.505019 0.00614317 -0.990558 -0.136955 0.444113 
1535118040277 0.249435 0.925612 -0.284646 -0.62044 -0.934999 0.306718 0.178046 -0.24628 0.252108 0.221733 0.941953 0.380495 0.207733 -0.13231 0.969196 0.380555 -0.97816 -0.035322 0.204832 -0.505074 0.00713265 -0.990579 -0.136758 0.444122 
1535118040329 0.249463 0.925625 -0.284582 -0.620262 -0.934922 0.306794 0.178323 -0.246195 0.252368 0.221577 0.94192 0.380554 0.207748 -0.131914 0.969247 0.380547 -0.978149 -0.0362425 0.204724 -0.505128 0.00812206 -0.990598 -0.13656 0.444131 
1535118040419 0.249492 0.925636 -0.284519 -0.620082 -0.934844 0.306871 0.178599 -0.246109 0.252628 0.221422 0.941887 0.380614 0.207763 -0.131517 0.969298 0.38054 -0.978137 -0.0371627 0.204615 -0.505183 0.00911135 -0.990617 -0.136363 0.444139 
1535118040903 0.249327 0.925686 -0.284501 -0.620325 -0.934998 0.306613 0.178231 -0.246178 0.252218 0.22157 0.941962 0.380534 0.208853 -0.13142 0.969077 0.380683 -0.977899 -0.0379196 0.205612 -0.505125 0.00972549 -0.990601 -0.136435 0.444558 
1535118040917 0.249524 0.925638 -0.284485 -0.620101 -0.93501 0.306742 0.17795 -0.246089 0.251981 0.221594 0.94202 0.380599 0.209739 -0.131494 0.968875 0.380688 -0.977699 -0.0390344 0.206351 -0.505338 0.0106855 -0.990548 -0.136749 0.444625 
1535118040939 0.249721 0.92559 -0.284469 -0.619874 -0.935021 0.30687 0.177669 -0.245999 0.251744 0.221617 0.942078 0.380664 0.210628 -0.131567 0.968672 0.380694 -0.977497 -0.0401495 0.207093 -0.505556 0.0116451 -0.990494 -0.137063 0.444693 
1535118041134 0.249918 0.925542 -0.284454 -0.619646 -0.935032 0.306999 0.177388 -0.245908 0.251507 0.221641 0.942136 0.380729 0.211516 -0.131639 0.968469 0.380701 -0.977293 -0.0412646 0.207835 -0.505775 0.0126044 -0.990439 -0.137378 0.444761 
1535118041141 0.250115 0.925493 -0.284438 -0.619418 -0.935043 0.307127 0.177107 -0.245817 0.25127 0.221664 0.942193 0.380795 0.212405 -0.13171 0.968265 0.380707 -0.977088 -0.0423798 0.208576 -0.505994 0.0135634 -0.990382 -0.137693 0.444829 
1535118041373 0.250312 0.925445 -0.284422 -0.61919 -0.935054 0.307256 0.176826 -0.245726 0.251033 0.221688 0.942251 0.38086 0.213294 -0.131779 0.96806 0.380714 -0.97688 -0.043495 0.209317 -0.506213 0.0145222 -0.990324 -0.13801 0.444897 
1535118041481 0.250508 0.925397 -0.284406 -0.618963 -0.935065 0.307384 0.176545 -0.245636 0.250796 0.221712 0.942308 0.380926 0.214182 -0.131848 0.967854 0.38072 -0.976671 -0.0446101 0.210056 -0.506431 0.0154805 -0.990266 -0.138327 0.444965 
1535118041529 0.250705 0.925348 -0.28439 -0.618735 -0.935076 0.307512 0.176264 -0.245545 0.250559 0.221736 0.942366 0.380991 0.215071 -0.131916 0.967648 0.380727 -0.97646 -0.0457253 0.210796 -0.506651 0.0164387 -0.990206 -0.138645 0.445033 
1535118041625 0.250902 0.9253 -0.284373 -0.618508 -0.935087 0.307641 0.175983 -0.245455 0.250322 0.221759 0.942423 0.381056 0.215959 -0.131982 0.967441 0.380733 -0.976247 -0.0468404 0.211535 -0.506869 0.0173964 -0.990145 -0.138963 0.445101 
1535118041768 0.251099 0.925251 -0.284357 -0.618279 -0.935097 0.307769 0.175702 -0.245363 0.250085 0.221783 0.942481 0.381122 0.216848 -0.132048 0.967233 0.38074 -0.976033 -0.0479557 0.212274 -0.507088 0.018354 -0.990083 -0.139282 0.445169 
1535118042144 0.25107 0.925232 -0.284446 -0.618456 -0.935084 0.307777 0.175757 -0.245562 0.250162 0.221854 0.942443 0.381015 0.216281 -0.132047 0.96736 0.380691 -0.976166 -0.047445 0.211774 -0.506981 0.0179323 -0.990107 -0.139162 0.445068 
1535118042151 0.251166 0.925256 -0.284284 -0.618218 -0.935058 0.307838 0.175789 -0.245449 0.250164 0.22167 0.942487 0.381072 0.215976 -0.130743 0.967606 0.380669 -0.976243 -0.0466134 0.211605 -0.507086 0.0174376 -0.99032 -0.137704 0.444839 
1535118042161 0.251262 0.925282 -0.284113 -0.617971 -0.935034 0.307896 0.175816 -0.245333 0.250157 0.221479 0.942533 0.381134 0.215671 -0.129435 0.967849 0.380646 -0.976319 -0.0457826 0.211435 -0.507191 0.0169434 -0.99053 -0.136244 0.444609 
1535118042167 0.251358 0.925309 -0.283941 -0.617724 -0.93501 0.307953 0.175843 -0.245218 0.25015 0.221289 0.94258 0.381196 0.215366 -0.128128 0.968091 0.380624 -0.976395 -0.0449517 0.211264 -0.507296 0.0164485 -0.990738 -0.134784 0.44438 
1535118042393 0.251453 0.925335 -0.28377 -0.617476 -0.934986 0.30801 0.17587 -0.245101 0.250143 0.221098 0.942626 0.381258 0.215063 -0.12682 0.968331 0.380602 -0.97647 -0.0441211 0.211092 -0.507401 0.0159531 -0.990944 -0.133324 0.44415 
1535118042400 0.251549 0.925362 -0.283599 -0.617228 -0.934963 0.308067 0.175897 -0.244985 0.250136 0.220908 0.942673 0.38132 0.21476 -0.125511 0.968569 0.38058 -0.976544 -0.0432907 0.210919 -0.507507 0.0154573 -0.991147 -0.131864 0.443921 
1535118042405 0.251645 0.925388 -0.283428 -0.616981 -0.934939 0.308124 0.175924 -0.24487 0.250129 0.220717 0.942719 0.381381 0.214457 -0.124202 0.968804 0.380557 -0.976619 -0.0424603 0.210744 -0.507612 0.0149609 -0.991348 -0.130404 0.443691 
1535118042544 0.251741 0.925415 -0.283257 -0.616733 -0.934915 0.308181 0.175951 -0.244753 0.250122 0.220527 0.942765 0.381443 0.214156 -0.122893 0.969038 0.380535 -0.976692 -0.0416304 0.210568 -0.507717 0.0144642 -0.991546 -0.128944 0.443462 
1535118042551 0.251836 0.925441 -0.283085 -0.616486 -0.934891 0.308238 0.175978 -0.244638 0.250115 0.220336 0.942812 0.381505 0.213855 -0.121583 0.96927 0.380513 -0.976766 -0.0408006 0.210391 -0.507822 0.0139669 -0.991742 -0.127483 0.443232 
1535118042722 0.251932 0.925467 -0.282914 -0.616238 -0.934867 0.308295 0.176005 -0.244521 0.250108 0.220146 0.942858 0.381567 0.213555 -0.120272 0.969499 0.38049 -0.976838 -0.039971 0.210212 -0.507927 0.0134692 -0.991936 -0.126022 0.443003 
1535118043019 0.251851 0.925443 -0.283065 -0.616477 -0.934877 0.308257 0.176017 -0.244639 0.250151 0.220301 0.942811 0.381541 0.213915 -0.121514 0.969265 0.380558 -0.976753 -0.0407227 0.210462 -0.507775 0.013897 -0.991754 -0.1274 0.443161 
1535118043030 0.251948 0.925494 -0.282813 -0.616114 -0.934774 0.308369 0.176369 -0.244498 0.25044 0.219931 0.942821 0.381614 0.214067 -0.121295 0.969259 0.380556 -0.976702 -0.0419441 0.210462 -0.507935 0.0151267 -0.99173 -0.127448 0.443134 
1535118043037 0.252045 0.925544 -0.282562 -0.615747 -0.93467 0.308482 0.176722 -0.244354 0.250729 0.219561 0.94283 0.381688 0.21422 -0.121075 0.969253 0.380555 -0.976648 -0.0431655 0.210463 -0.508098 0.0163564 -0.991704 -0.127495 0.443107 
1535118043058 0.252142 0.925594 -0.282311 -0.615381 -0.934566 0.308595 0.177074 -0.244211 0.251019 0.219191 0.942839 0.381762 0.214373 -0.120856 0.969246 0.380553 -0.976594 -0.0443868 0.210463 -0.50826 0.0175861 -0.991677 -0.127542 0.44308 
1535118043285 0.25224 0.925644 -0.28206 -0.615013 -0.934462 0.308708 0.177427 -0.244067 0.251308 0.218821 0.942848 0.381836 0.214525 -0.120636 0.96924 0.380552 -0.976537 -0.0456081 0.210464 -0.508423 0.0188158 -0.991649 -0.127589 0.443053 
