1535172216167 0.276725 0.920541 -0.275731 -0.601386 -0.926777 0.3315 0.176613 -0.229776 0.253984 0.206668 0.94487 0.384434 0.297456 -0.285871 0.910932 0.411102 -0.944064 -0.230326 0.235994 -0.491044 0.142348 -0.930176 -0.338392 0.469158 
1535172216179 0.271963 0.920785 -0.279629 -0.601478 -0.927847 0.327975 0.177574 -0.230148 0.255219 0.211159 0.943544 0.385024 0.280507 -0.264655 0.922645 0.408035 -0.951517 -0.203071 0.231035 -0.491225 0.126217 -0.94272 -0.308786 0.465136 
1535172216770 0.267192 0.920993 -0.283516 -0.601569 -0.928898 0.324449 0.17855 -0.230521 0.25643 0.21565 0.942199 0.385614 0.263883 -0.242743 0.93351 0.404968 -0.958322 -0.175824 0.225176 -0.491405 0.109474 -0.954024 -0.279023 0.461113 
1535172216777 0.262411 0.921166 -0.287392 -0.601661 -0.929932 0.320923 0.179541 -0.230893 0.257618 0.220142 0.940835 0.386204 0.247607 -0.220168 0.943513 0.401901 -0.964469 -0.148627 0.218424 -0.491586 0.0921415 -0.964073 -0.249147 0.457091 
1535172217642 0.25762 0.921304 -0.291259 -0.601752 -0.930948 0.317395 0.180547 -0.231266 0.258782 0.224634 0.939453 0.386794 0.231707 -0.196963 0.952637 0.398834 -0.969948 -0.121521 0.210792 -0.491767 0.0742472 -0.972851 -0.219201 0.453068 
1535172218248 0.25282 0.921406 -0.295114 -0.601844 -0.931945 0.313866 0.181567 -0.231638 0.259924 0.229126 0.938052 0.387384 0.216204 -0.173163 0.96087 0.395767 -0.974751 -0.0945459 0.202289 -0.491947 0.0558174 -0.980345 -0.189232 0.449046 
1535172218856 0.248011 0.921474 -0.298959 -0.601936 -0.932924 0.310336 0.182603 -0.23201 0.261041 0.233619 0.936632 0.387975 0.201123 -0.148802 0.968198 0.392699 -0.978871 -0.0677423 0.192929 -0.492128 0.0368796 -0.986544 -0.159283 0.445024 
1535172219463 0.243193 0.921506 -0.302793 -0.602027 -0.933885 0.306806 0.183653 -0.232383 0.262136 0.238111 0.935194 0.388565 0.186486 -0.123919 0.974611 0.389632 -0.982302 -0.0411502 0.182725 -0.492308 0.0174622 -0.991439 -0.1294 0.441001 
1535172220044 0.238366 0.921503 -0.306616 -0.602119 -0.934828 0.303275 0.184718 -0.232755 0.263207 0.242603 0.933738 0.389155 0.172314 -0.0985499 0.9801 0.386565 -0.985039 -0.0148094 0.171693 -0.492489 -0.00240568 -0.995022 -0.0996274 0.436979 
1535172220631 0.23353 0.921465 -0.310427 -0.602211 -0.935753 0.299744 0.185797 -0.233128 0.264254 0.247094 0.932263 0.389745 0.158629 -0.0727344 0.984655 0.3835 -0.987077 0.0112405 0.15985 -0.492672 -0.0226946 -0.997288 -0.0700114 0.432959 
