1535380282013 0.231559 0.962227 -0.14318 -0.465528 -0.938353 0.259753 0.228084 -0.22796 0.25666 0.081538 0.963056 0.43119 0.228606 0.0702395 0.970982 0.289002 -0.973245 -0.00715847 0.229656 -0.476389 0.0230817 -0.997504 0.0667238 0.434094 
1535380282034 0.236263 0.958702 -0.158335 -0.481447 -0.937802 0.267634 0.221134 -0.229064 0.254377 0.0962409 0.962304 0.425427 0.225607 0.0514432 0.972859 0.299521 -0.974202 0.00619129 0.225591 -0.477695 0.00558187 -0.998657 0.0515129 0.434511 
1535380282837 0.240993 0.954908 -0.173417 -0.497367 -0.937196 0.275397 0.214056 -0.230169 0.252163 0.11094 0.961304 0.419663 0.222277 0.0326752 0.974436 0.31004 -0.974911 0.0196166 0.221728 -0.479001 -0.0118701 -0.999273 0.0362157 0.434929 
1535380283687 0.245746 0.950845 -0.188421 -0.51329 -0.936536 0.283039 0.206854 -0.231275 0.250017 0.12563 0.960057 0.413899 0.218618 0.0139457 0.975711 0.320559 -0.975372 0.0331095 0.218069 -0.480307 -0.0292642 -0.999354 0.0208406 0.435346 
1535380284540 0.250522 0.946515 -0.203343 -0.529211 -0.935823 0.290558 0.199529 -0.23238 0.24794 0.140307 0.958561 0.408136 0.21463 -0.00473482 0.976684 0.331078 -0.975584 0.0466627 0.214615 -0.481614 -0.0465909 -0.998899 0.005396 0.435764 
1535380285370 0.25532 0.941918 -0.218178 -0.545133 -0.935055 0.297953 0.192084 -0.233486 0.245934 0.154966 0.956819 0.402372 0.210317 -0.0233562 0.977354 0.341597 -0.975547 0.0602686 0.211368 -0.48292 -0.0638405 -0.997909 -0.0101096 0.436181 
1535380286211 0.260138 0.937057 -0.232922 -0.561054 -0.934234 0.30522 0.184519 -0.234592 0.243998 0.169603 0.95483 0.396608 0.20568 -0.0419081 0.977722 0.352116 -0.975261 0.0739199 0.208331 -0.484226 -0.0810038 -0.996383 -0.0256676 0.436598 
1535380287035 0.264975 0.931932 -0.24757 -0.576977 -0.93336 0.312358 0.176839 -0.235698 0.242133 0.184214 0.952595 0.390844 0.200721 -0.0603804 0.977786 0.362635 -0.974727 0.0876089 0.205503 -0.485533 -0.0980712 -0.994323 -0.0412694 0.437016 
1535380287993 0.269829 0.926545 -0.262119 -0.592898 -0.932432 0.319366 0.169045 -0.236803 0.24034 0.198795 0.950114 0.38508 0.195445 -0.0787629 0.977547 0.373154 -0.973945 0.101328 0.202889 -0.486839 -0.115033 -0.99173 -0.0569066 0.437433 
1535380288912 0.274698 0.920898 -0.276563 -0.608819 -0.931452 0.326239 0.161139 -0.237909 0.238618 0.21334 0.94739 0.379317 0.189854 -0.0970455 0.977004 0.383673 -0.972915 0.11507 0.200489 -0.488145 -0.131881 -0.988606 -0.0725705 0.437851 
1535380289783 0.275282 0.920836 -0.276189 -0.608475 -0.931139 0.326858 0.161688 -0.237964 0.239163 0.212661 0.947405 0.379462 0.190296 -0.096239 0.976998 0.383299 -0.972957 0.114231 0.200761 -0.488051 -0.130924 -0.988782 -0.0718988 0.437915 
1535380289812 0.275711 0.920264 -0.277666 -0.610098 -0.93107 0.327477 0.160835 -0.238067 0.23894 0.214182 0.947119 0.378872 0.192255 -0.0987044 0.976368 0.384664 -0.973285 0.108071 0.202574 -0.488499 -0.125512 -0.989231 -0.0752902 0.438328 
1535380290121 0.27614 0.919689 -0.27914 -0.611725 -0.931 0.328094 0.159982 -0.238172 0.238718 0.215702 0.94683 0.378281 0.194229 -0.101158 0.975726 0.38603 -0.973576 0.101903 0.204366 -0.488949 -0.120103 -0.989638 -0.0786922 0.438742 
1535380290465 0.27657 0.919111 -0.280614 -0.613352 -0.930929 0.328709 0.159129 -0.238278 0.238497 0.217222 0.946538 0.37769 0.196216 -0.103598 0.975073 0.387396 -0.97383 0.0957274 0.206137 -0.489399 -0.114696 -0.990002 -0.0821034 0.439156 
1535380290785 0.276999 0.918531 -0.282087 -0.614979 -0.930857 0.329323 0.158274 -0.238383 0.238277 0.218741 0.946243 0.377099 0.198215 -0.106024 0.974407 0.388761 -0.974046 0.0895438 0.207885 -0.489849 -0.109293 -0.990324 -0.0855236 0.439569 
1535380291107 0.277429 0.917948 -0.283558 -0.616606 -0.930786 0.329936 0.157418 -0.238488 0.238058 0.220259 0.945946 0.376508 0.200228 -0.108437 0.97373 0.390127 -0.974225 0.0833528 0.209612 -0.490298 -0.103893 -0.990603 -0.0889528 0.439983 
1535380291413 0.277859 0.917362 -0.285029 -0.618232 -0.930713 0.330547 0.156562 -0.238593 0.237839 0.221778 0.945646 0.375917 0.202251 -0.110836 0.973042 0.391493 -0.974368 0.0771548 0.211315 -0.490748 -0.0984962 -0.990839 -0.0923908 0.440396 
1535380291729 0.278289 0.916774 -0.286498 -0.61986 -0.930641 0.331156 0.155704 -0.238699 0.237621 0.223296 0.945344 0.375326 0.204288 -0.113222 0.972341 0.392859 -0.974473 0.0709498 0.212998 -0.491198 -0.0931034 -0.991033 -0.0958374 0.44081 
1535380292092 0.278719 0.916183 -0.287966 -0.621486 -0.930567 0.331765 0.154845 -0.238804 0.237403 0.224813 0.945039 0.374735 0.206336 -0.115593 0.971629 0.394225 -0.974542 0.0647384 0.214657 -0.491648 -0.0877146 -0.991185 -0.0992923 0.441224 
1535380292422 0.27915 0.91559 -0.289432 -0.623114 -0.930493 0.332371 0.153985 -0.238909 0.237186 0.22633 0.944731 0.374144 0.208398 -0.11795 0.970906 0.395591 -0.974573 0.0585207 0.216294 -0.492098 -0.0823301 -0.991294 -0.102756 0.441637 
1535380292773 0.279365 0.915632 -0.28909 -0.622782 -0.930379 0.332567 0.154254 -0.238986 0.237382 0.22587 0.944792 0.374293 0.208026 -0.117477 0.971043 0.395318 -0.974558 0.0597946 0.216013 -0.491997 -0.0834398 -0.991274 -0.10205 0.44159 
1535380292795 0.279047 0.915323 -0.290373 -0.623029 -0.930445 0.332507 0.153986 -0.239055 0.237498 0.227207 0.944443 0.374345 0.209883 -0.117135 0.970685 0.39544 -0.974547 0.0549388 0.217348 -0.492314 -0.0787872 -0.991595 -0.102623 0.441678 
1535380293082 0.278729 0.915012 -0.291654 -0.623275 -0.93051 0.332447 0.153718 -0.239125 0.237614 0.228542 0.944091 0.374398 0.211738 -0.116782 0.970324 0.395565 -0.974511 0.0500821 0.21868 -0.492636 -0.0741337 -0.991894 -0.103201 0.441767 
1535380293359 0.278411 0.9147 -0.292935 -0.623522 -0.930576 0.332386 0.153451 -0.239194 0.237729 0.229876 0.943738 0.37445 0.213592 -0.11642 0.969961 0.395689 -0.974449 0.0452248 0.220008 -0.492957 -0.0694797 -0.99217 -0.103786 0.441856 
1535380293645 0.278092 0.914386 -0.294215 -0.623769 -0.930642 0.332325 0.153184 -0.239263 0.237844 0.231209 0.943383 0.374502 0.215443 -0.116049 0.969596 0.395814 -0.974362 0.0403669 0.221333 -0.493278 -0.0648251 -0.992423 -0.104377 0.441945 
1535380293933 0.277774 0.91407 -0.295495 -0.624016 -0.930708 0.332264 0.152917 -0.239333 0.237959 0.232543 0.943027 0.374555 0.217291 -0.115668 0.969229 0.395938 -0.974251 0.0355087 0.222655 -0.493599 -0.0601702 -0.992653 -0.104974 0.442034 
1535380294220 0.277455 0.913753 -0.296774 -0.624263 -0.930774 0.332202 0.15265 -0.239402 0.238073 0.233875 0.942668 0.374607 0.219138 -0.115279 0.96886 0.396062 -0.974113 0.0306501 0.223973 -0.493921 -0.055515 -0.99286 -0.105578 0.442123 
1535380294482 0.277136 0.913433 -0.298052 -0.62451 -0.93084 0.33214 0.152383 -0.239472 0.238187 0.235208 0.942308 0.374659 0.220982 -0.11488 0.968488 0.396186 -0.973951 0.0257913 0.225287 -0.494241 -0.0508597 -0.993044 -0.106188 0.442212 
1535380294771 0.276817 0.913112 -0.29933 -0.624757 -0.930906 0.332078 0.152117 -0.239541 0.2383 0.23654 0.941946 0.374711 0.222823 -0.114472 0.968115 0.396311 -0.973763 0.0209324 0.226599 -0.494564 -0.0462043 -0.993206 -0.106805 0.442301 
1535380295046 0.276498 0.912789 -0.300608 -0.625004 -0.930971 0.332015 0.15185 -0.23961 0.238413 0.237872 0.941582 0.374764 0.224662 -0.114055 0.967739 0.396435 -0.97355 0.0160737 0.227906 -0.494885 -0.0415491 -0.993344 -0.107428 0.44239 
1535380295347 0.276624 0.912912 -0.300119 -0.624901 -0.930924 0.332063 0.152033 -0.239533 0.238451 0.237332 0.941708 0.374738 0.224179 -0.114164 0.967838 0.396408 -0.97362 0.017097 0.227535 -0.494807 -0.0425235 -0.993315 -0.10732 0.4424 
1535380295359 0.276174 0.913054 -0.3001 -0.624884 -0.93109 0.331599 0.15203 -0.239619 0.238324 0.237434 0.941715 0.374818 0.224444 -0.114148 0.967778 0.396288 -0.973559 0.0170738 0.227799 -0.494897 -0.0425264 -0.993317 -0.107298 0.442345 
1535380295375 0.275725 0.913196 -0.300081 -0.62487 -0.931256 0.331134 0.152026 -0.239706 0.238197 0.237535 0.941722 0.374898 0.22471 -0.114132 0.967719 0.396169 -0.973497 0.0170507 0.228063 -0.494991 -0.0425295 -0.993319 -0.107275 0.44229 
1535380295506 0.275275 0.913338 -0.300062 -0.624855 -0.931422 0.33067 0.152023 -0.239794 0.238069 0.237636 0.941728 0.374977 0.224976 -0.114116 0.967659 0.39605 -0.973436 0.0170276 0.228327 -0.495085 -0.0425326 -0.993322 -0.107253 0.442235 
1535380295573 0.274825 0.91348 -0.300042 -0.62484 -0.931587 0.330205 0.152019 -0.239881 0.237942 0.237737 0.941735 0.375057 0.225241 -0.114099 0.967599 0.395931 -0.973374 0.0170046 0.228591 -0.495178 -0.0425358 -0.993324 -0.107231 0.44218 
1535380295674 0.274375 0.913622 -0.300023 -0.624827 -0.931753 0.32974 0.152015 -0.239969 0.237814 0.237838 0.941742 0.375136 0.225507 -0.114083 0.967539 0.395812 -0.973312 0.0169815 0.228855 -0.495272 -0.0425389 -0.993326 -0.107209 0.442126 
1535380295747 0.273925 0.913763 -0.300003 -0.624814 -0.931918 0.329275 0.152012 -0.240057 0.237687 0.237939 0.941749 0.375215 0.225773 -0.114067 0.967479 0.395694 -0.973251 0.0169585 0.22912 -0.495367 -0.042542 -0.993328 -0.107187 0.442071 
1535380295831 0.273475 0.913904 -0.299984 -0.624799 -0.932082 0.32881 0.152008 -0.240144 0.237559 0.238039 0.941755 0.375295 0.226039 -0.114051 0.967419 0.395575 -0.973189 0.0169354 0.229384 -0.49546 -0.0425451 -0.993331 -0.107165 0.442016 
1535380295893 0.273025 0.914045 -0.299965 -0.624784 -0.932247 0.328345 0.152005 -0.240231 0.237431 0.23814 0.941762 0.375374 0.226304 -0.114035 0.967358 0.395456 -0.973127 0.0169124 0.229648 -0.495554 -0.0425482 -0.993333 -0.107143 0.441961 
1535380295999 0.272574 0.914186 -0.299945 -0.624772 -0.932411 0.32788 0.152001 -0.240319 0.237304 0.238241 0.941769 0.375453 0.22657 -0.114019 0.967298 0.395337 -0.973065 0.0168893 0.229912 -0.495649 -0.0425512 -0.993335 -0.107121 0.441906 
1535380296076 0.273055 0.914017 -0.300023 -0.624794 -0.932208 0.328414 0.152096 -0.240091 0.23755 0.238154 0.941729 0.375274 0.226111 -0.114173 0.967387 0.395505 -0.973172 0.0169011 0.229458 -0.495505 -0.0425478 -0.993317 -0.107288 0.441932 
1535380296092 0.272477 0.914273 -0.299768 -0.624747 -0.932335 0.327862 0.152503 -0.240238 0.237712 0.23793 0.941744 0.3753 0.225974 -0.114372 0.967396 0.395389 -0.973236 0.0161172 0.229244 -0.495568 -0.0418108 -0.993307 -0.107669 0.441927 
1535380296113 0.271931 0.914519 -0.299512 -0.624705 -0.932451 0.327342 0.15291 -0.240385 0.237882 0.2377 0.941759 0.375321 0.225838 -0.114572 0.967404 0.395272 -0.973299 0.0153334 0.22903 -0.495631 -0.0410739 -0.993297 -0.10805 0.441922 
1535380296260 0.271385 0.914765 -0.299256 -0.624663 -0.932567 0.326822 0.153317 -0.240531 0.238053 0.237469 0.941775 0.375343 0.225701 -0.114771 0.967412 0.395156 -0.973361 0.0145497 0.228815 -0.495694 -0.0403369 -0.993285 -0.10843 0.441916 
1535380296401 0.270839 0.915011 -0.299 -0.624621 -0.932682 0.326302 0.153723 -0.240678 0.238223 0.237238 0.94179 0.375364 0.225564 -0.114971 0.967421 0.395039 -0.973423 0.013766 0.228599 -0.495757 -0.0395999 -0.993273 -0.108811 0.441911 
1535380296525 0.270293 0.915256 -0.298744 -0.62458 -0.932797 0.325782 0.15413 -0.240824 0.238394 0.237007 0.941805 0.375386 0.225428 -0.115171 0.967429 0.394923 -0.973484 0.0129823 0.228384 -0.49582 -0.0388628 -0.993261 -0.109191 0.441906 
1535380296666 0.269747 0.915501 -0.298488 -0.624538 -0.932911 0.325261 0.154536 -0.24097 0.238564 0.236777 0.941819 0.375408 0.225291 -0.115371 0.967436 0.394807 -0.973545 0.0121987 0.228168 -0.495883 -0.0381256 -0.993248 -0.109571 0.441901 
1535380296806 0.269201 0.915745 -0.298231 -0.624497 -0.933026 0.32474 0.154942 -0.241117 0.238735 0.236546 0.941834 0.375429 0.225155 -0.115572 0.967444 0.39469 -0.973605 0.0114151 0.227953 -0.495945 -0.0373883 -0.993234 -0.109951 0.441896 
1535380296928 0.268654 0.915989 -0.297974 -0.624454 -0.933139 0.324219 0.155348 -0.241264 0.238906 0.236316 0.941849 0.375451 0.225019 -0.115772 0.967452 0.394574 -0.973665 0.0106316 0.227736 -0.496008 -0.036651 -0.993219 -0.110331 0.44189 
1535380297040 0.268108 0.916233 -0.297716 -0.624414 -0.933253 0.323698 0.155754 -0.241411 0.239077 0.236086 0.941863 0.375472 0.224883 -0.115972 0.96746 0.394457 -0.973724 0.00984813 0.22752 -0.496071 -0.0359136 -0.993204 -0.11071 0.441885 
1535380297174 0.2686 0.915971 -0.29808 -0.624491 -0.93316 0.32418 0.155304 -0.241246 0.238885 0.236441 0.941822 0.375386 0.225132 -0.115639 0.967442 0.394676 -0.973617 0.0112352 0.227912 -0.495962 -0.0372249 -0.993228 -0.110058 0.441849 
1535380297195 0.268795 0.915992 -0.297839 -0.624444 -0.93307 0.324359 0.155472 -0.241275 0.239018 0.236115 0.941871 0.375368 0.225067 -0.116623 0.967338 0.394664 -0.973635 0.0109223 0.227849 -0.496024 -0.037138 -0.993116 -0.11109 0.441993 
1535380297312 0.268989 0.916013 -0.297598 -0.624397 -0.93298 0.324537 0.155641 -0.241305 0.239151 0.235788 0.941919 0.37535 0.225004 -0.117609 0.967234 0.394655 -0.973653 0.0106088 0.227787 -0.496089 -0.037051 -0.993003 -0.112123 0.442137 
1535380297422 0.269184 0.916034 -0.297358 -0.624351 -0.93289 0.324715 0.155809 -0.241334 0.239283 0.235461 0.941967 0.375332 0.22494 -0.118595 0.967128 0.394645 -0.973671 0.0102954 0.227725 -0.496155 -0.0369639 -0.992889 -0.113156 0.442282 
1535380297525 0.269378 0.916055 -0.297118 -0.624304 -0.9328 0.324893 0.155978 -0.241364 0.239415 0.235134 0.942015 0.375314 0.224877 -0.11958 0.967022 0.394635 -0.973689 0.00998202 0.227662 -0.496219 -0.0368766 -0.992774 -0.114189 0.442426 
1535380297638 0.269573 0.916076 -0.296877 -0.624258 -0.93271 0.325071 0.156146 -0.241394 0.239548 0.234808 0.942063 0.375296 0.224814 -0.120565 0.966914 0.394625 -0.973707 0.00966867 0.227599 -0.496285 -0.0367893 -0.992658 -0.115222 0.442571 
1535380297742 0.269767 0.916096 -0.296637 -0.624211 -0.93262 0.325248 0.156315 -0.241423 0.23968 0.234481 0.942111 0.375278 0.22475 -0.121551 0.966805 0.394615 -0.973725 0.00935544 0.227535 -0.496349 -0.0367019 -0.992541 -0.116254 0.442715 
1535380297882 0.269961 0.916117 -0.296396 -0.624165 -0.932529 0.325426 0.156483 -0.241453 0.239812 0.234154 0.942158 0.375259 0.224687 -0.122536 0.966696 0.394606 -0.973743 0.0090422 0.227471 -0.496416 -0.0366145 -0.992423 -0.117287 0.44286 
1535380297962 0.270156 0.916137 -0.296156 -0.624119 -0.932439 0.325603 0.156652 -0.241482 0.239944 0.233827 0.942206 0.375241 0.224624 -0.123521 0.966585 0.394596 -0.973761 0.00872909 0.227407 -0.496481 -0.0365269 -0.992304 -0.118319 0.443004 
1535380298118 0.27035 0.916158 -0.295915 -0.624072 -0.932349 0.32578 0.156821 -0.241512 0.240076 0.2335 0.942253 0.375223 0.224561 -0.124506 0.966473 0.394586 -0.973778 0.00841604 0.227343 -0.496545 -0.0364394 -0.992183 -0.119351 0.443149 
1535380298208 0.270093 0.916146 -0.296186 -0.624123 -0.932469 0.325537 0.156614 -0.241467 0.239901 0.233884 0.942203 0.375245 0.224802 -0.123363 0.966564 0.394623 -0.973722 0.0086767 0.227574 -0.496397 -0.0364607 -0.992324 -0.11817 0.443057 
1535380298234 0.270776 0.915983 -0.296066 -0.62393 -0.932297 0.326142 0.156374 -0.241369 0.239796 0.23368 0.94228 0.375308 0.224787 -0.123506 0.966549 0.394659 -0.973698 0.00939152 0.227649 -0.496505 -0.0371934 -0.992299 -0.118146 0.443023 
1535380298382 0.271459 0.915819 -0.295948 -0.623731 -0.932126 0.326747 0.156134 -0.241268 0.239691 0.233477 0.942357 0.375371 0.22477 -0.123649 0.966535 0.394696 -0.973673 0.0101066 0.227723 -0.496614 -0.0379262 -0.992275 -0.118122 0.442989 
1535380298524 0.272143 0.915655 -0.295829 -0.623534 -0.931953 0.327353 0.155894 -0.241168 0.239586 0.233274 0.942434 0.375435 0.224755 -0.123792 0.96652 0.394733 -0.973648 0.0108216 0.227798 -0.496723 -0.038659 -0.992249 -0.118098 0.442956 
1535380298707 0.272826 0.91549 -0.29571 -0.623335 -0.931781 0.327958 0.155654 -0.241067 0.23948 0.233071 0.942511 0.375498 0.224738 -0.123935 0.966505 0.39477 -0.973623 0.0115367 0.227873 -0.496832 -0.0393917 -0.992223 -0.118073 0.442922 
1535380298848 0.273509 0.915324 -0.295591 -0.623136 -0.931607 0.328564 0.155414 -0.240967 0.239375 0.232868 0.942588 0.375562 0.224722 -0.124078 0.966491 0.394807 -0.973596 0.0122517 0.227947 -0.49694 -0.0401245 -0.992197 -0.118049 0.442888 
1535380299002 0.274192 0.915158 -0.295472 -0.622939 -0.931434 0.329169 0.155174 -0.240867 0.239269 0.232665 0.942665 0.375626 0.224706 -0.124221 0.966476 0.394843 -0.97357 0.0129667 0.228021 -0.497049 -0.0408572 -0.99217 -0.118025 0.442854 
1535380299169 0.274875 0.914992 -0.295353 -0.62274 -0.93126 0.329774 0.154935 -0.240766 0.239163 0.232462 0.942742 0.375689 0.224689 -0.124365 0.966462 0.39488 -0.973542 0.0136817 0.228096 -0.497158 -0.0415899 -0.992142 -0.118 0.44282 
1535380299302 0.275558 0.914825 -0.295233 -0.622542 -0.931085 0.330379 0.154695 -0.240665 0.239058 0.23226 0.942819 0.375753 0.224673 -0.124508 0.966447 0.394917 -0.973515 0.0143966 0.22817 -0.497267 -0.0423226 -0.992114 -0.117976 0.442787 
1535380299452 0.27624 0.914658 -0.295114 -0.622343 -0.93091 0.330983 0.154455 -0.240565 0.238951 0.232057 0.942895 0.375817 0.224656 -0.124651 0.966433 0.394954 -0.973487 0.0151116 0.228245 -0.497376 -0.0430552 -0.992086 -0.117951 0.442753 
1535380299646 0.275836 0.914727 -0.295277 -0.622491 -0.930992 0.330662 0.154649 -0.240735 0.239099 0.232242 0.942812 0.375768 0.224553 -0.124336 0.966497 0.394856 -0.973566 0.0138921 0.227983 -0.497234 -0.0417732 -0.992143 -0.11793 0.442886 
1535380299662 0.276166 0.914642 -0.295232 -0.622163 -0.930921 0.330944 0.154475 -0.240565 0.238995 0.232177 0.942855 0.37589 0.224707 -0.124004 0.966504 0.3949 -0.973523 0.0141365 0.228152 -0.497346 -0.0419548 -0.992181 -0.117544 0.442768 
1535380299686 0.276496 0.914556 -0.295189 -0.621831 -0.930849 0.331225 0.154301 -0.240393 0.238891 0.232112 0.942897 0.376012 0.224859 -0.123672 0.966511 0.394944 -0.97348 0.0143816 0.228321 -0.497459 -0.0421367 -0.992219 -0.117158 0.442651 
1535380299901 0.276826 0.914471 -0.295145 -0.621498 -0.930778 0.331507 0.154128 -0.240221 0.238788 0.232048 0.942939 0.376134 0.225012 -0.123339 0.966518 0.394988 -0.973436 0.0146266 0.22849 -0.497571 -0.0423186 -0.992257 -0.116772 0.442533 
1535380300085 0.277156 0.914385 -0.295101 -0.621165 -0.930706 0.331789 0.153954 -0.240049 0.238684 0.231983 0.942981 0.376257 0.225166 -0.123007 0.966525 0.395032 -0.973393 0.0148717 0.228658 -0.497684 -0.0425005 -0.992294 -0.116386 0.442416 
1535380300277 0.277486 0.914299 -0.295057 -0.620832 -0.930635 0.332071 0.15378 -0.239876 0.238581 0.231918 0.943023 0.37638 0.225319 -0.122675 0.966531 0.395076 -0.97335 0.0151168 0.228827 -0.497796 -0.0426823 -0.992332 -0.116 0.442298 
1535380300451 0.277816 0.914213 -0.295013 -0.6205 -0.930563 0.332352 0.153606 -0.239704 0.238477 0.231853 0.943066 0.376502 0.225472 -0.122343 0.966537 0.39512 -0.973306 0.0153621 0.228996 -0.497909 -0.042864 -0.992369 -0.115613 0.442181 
1535380300630 0.278146 0.914127 -0.294969 -0.620167 -0.930491 0.332634 0.153432 -0.239532 0.238373 0.231789 0.943108 0.376625 0.225626 -0.122011 0.966544 0.395164 -0.973263 0.0156073 0.229164 -0.498022 -0.0430456 -0.992406 -0.115227 0.442063 
1535380300813 0.278476 0.914041 -0.294924 -0.619834 -0.930419 0.332916 0.153259 -0.23936 0.23827 0.231724 0.94315 0.376747 0.225779 -0.121679 0.96655 0.395209 -0.973219 0.0158527 0.229332 -0.498134 -0.0432272 -0.992443 -0.114841 0.441946 
1535380301000 0.278806 0.913955 -0.29488 -0.619501 -0.930346 0.333198 0.153085 -0.239187 0.238166 0.23166 0.943192 0.37687 0.225932 -0.121346 0.966556 0.395253 -0.973175 0.0160981 0.229501 -0.498247 -0.0434088 -0.99248 -0.114454 0.441828 
1535380301212 0.278764 0.913992 -0.294804 -0.61967 -0.930382 0.333122 0.153033 -0.239363 0.238077 0.23162 0.943224 0.376836 0.225696 -0.121742 0.966561 0.395194 -0.973239 0.0158283 0.229249 -0.498091 -0.0432083 -0.992436 -0.114912 0.442019 
1535380301228 0.278866 0.913952 -0.29483 -0.619208 -0.930289 0.333285 0.153245 -0.239146 0.238321 0.231542 0.943182 0.376967 0.225891 -0.122333 0.966441 0.395268 -0.973133 0.0170425 0.229612 -0.498218 -0.0445598 -0.992343 -0.115197 0.44199 
1535380301404 0.278967 0.913914 -0.294853 -0.618738 -0.930196 0.333446 0.153456 -0.238922 0.238564 0.231462 0.94314 0.377101 0.226086 -0.122925 0.96632 0.395342 -0.973025 0.0182558 0.229977 -0.498346 -0.0459108 -0.992248 -0.115482 0.441961 
1535380301621 0.279069 0.913876 -0.294876 -0.618268 -0.930103 0.333607 0.153668 -0.238698 0.238806 0.231381 0.943098 0.377235 0.22628 -0.123517 0.966199 0.395416 -0.972915 0.0194689 0.230341 -0.498473 -0.0472618 -0.992151 -0.115766 0.441931 
1535380301833 0.27917 0.913837 -0.294899 -0.617797 -0.930011 0.333768 0.15388 -0.238474 0.239049 0.231301 0.943057 0.377369 0.226473 -0.124109 0.966078 0.395491 -0.972804 0.0206817 0.230706 -0.498601 -0.0486128 -0.992053 -0.11605 0.441902 
1535380302036 0.279271 0.913799 -0.294922 -0.617328 -0.929918 0.333929 0.154091 -0.238251 0.239292 0.23122 0.943015 0.377502 0.226665 -0.124701 0.965957 0.395565 -0.97269 0.0218942 0.231072 -0.498728 -0.0499638 -0.991953 -0.116333 0.441873 
1535380302236 0.279373 0.91376 -0.294945 -0.616857 -0.929825 0.33409 0.154303 -0.238026 0.239534 0.23114 0.942973 0.377636 0.226857 -0.125294 0.965835 0.395639 -0.972575 0.0231065 0.231437 -0.498856 -0.0513147 -0.991851 -0.116616 0.441844 
1535380302440 0.279474 0.913722 -0.294968 -0.616388 -0.929732 0.334251 0.154514 -0.237802 0.239777 0.231059 0.942931 0.37777 0.227047 -0.125886 0.965713 0.395713 -0.972459 0.0243186 0.231803 -0.498984 -0.0526656 -0.991747 -0.116898 0.441815 
1535380302652 0.279575 0.913684 -0.294992 -0.615916 -0.929639 0.334412 0.154726 -0.237578 0.240019 0.230978 0.942889 0.377904 0.227237 -0.126479 0.965591 0.395787 -0.97234 0.0255303 0.23217 -0.499111 -0.0540165 -0.991641 -0.117179 0.441785 
1535380302844 0.279677 0.913645 -0.295015 -0.615447 -0.929546 0.334573 0.154937 -0.237354 0.240262 0.230897 0.942847 0.378038 0.227426 -0.127072 0.965469 0.395862 -0.97222 0.0267418 0.232536 -0.499239 -0.0553673 -0.991533 -0.11746 0.441756 
1535380303064 0.279678 0.913665 -0.294952 -0.61568 -0.929583 0.334527 0.15481 -0.237433 0.240114 0.230886 0.942888 0.377978 0.227364 -0.126328 0.965581 0.395828 -0.972329 0.0252031 0.23225 -0.499006 -0.0536755 -0.991668 -0.117103 0.441829 
1535380303214 0.279684 0.913661 -0.294957 -0.615302 -0.929576 0.33454 0.15483 -0.23724 0.240137 0.230882 0.942883 0.378084 0.227609 -0.126255 0.965533 0.395878 -0.972329 0.0241356 0.232367 -0.499111 -0.0526412 -0.991704 -0.117268 0.441794 
1535380303301 0.27969 0.913657 -0.294964 -0.61492 -0.929568 0.334552 0.154849 -0.237046 0.24016 0.230879 0.942878 0.37819 0.227855 -0.126181 0.965484 0.395929 -0.972326 0.023068 0.232485 -0.499218 -0.051607 -0.991739 -0.117433 0.44176 
1535380303471 0.279696 0.913654 -0.29497 -0.614538 -0.92956 0.334564 0.154869 -0.236851 0.240183 0.230876 0.942872 0.378297 0.228101 -0.126108 0.965436 0.395979 -0.972323 0.0220004 0.232602 -0.499324 -0.0505729 -0.991773 -0.117599 0.441725 
1535380303657 0.279702 0.91365 -0.294976 -0.614156 -0.929553 0.334576 0.154888 -0.236656 0.240206 0.230873 0.942867 0.378404 0.228347 -0.126034 0.965388 0.39603 -0.972319 0.0209328 0.232719 -0.499431 -0.0495387 -0.991805 -0.117765 0.44169 
1535380303834 0.279707 0.913646 -0.294982 -0.613773 -0.929545 0.334589 0.154908 -0.236461 0.240228 0.230871 0.942862 0.378511 0.228592 -0.125959 0.965339 0.396081 -0.972313 0.0198652 0.232836 -0.499537 -0.0485045 -0.991836 -0.117931 0.441656 
1535380304018 0.279713 0.913642 -0.294989 -0.613391 -0.929537 0.334601 0.154927 -0.236266 0.240251 0.230868 0.942857 0.378617 0.228838 -0.125885 0.965291 0.396131 -0.972306 0.0187975 0.232953 -0.499644 -0.0474703 -0.991867 -0.118097 0.441621 
1535380304203 0.279719 0.913639 -0.294995 -0.61301 -0.92953 0.334613 0.154947 -0.236072 0.240274 0.230865 0.942852 0.378724 0.229084 -0.12581 0.965242 0.396182 -0.972298 0.0177299 0.233069 -0.49975 -0.0464361 -0.991896 -0.118263 0.441587 
1535380304401 0.279724 0.913635 -0.295001 -0.612627 -0.929522 0.334625 0.154966 -0.235877 0.240297 0.230862 0.942847 0.378831 0.229329 -0.125735 0.965194 0.396232 -0.972289 0.0166622 0.233186 -0.499856 -0.0454018 -0.991924 -0.11843 0.441552 
1535380304582 0.27973 0.913631 -0.295007 -0.612245 -0.929515 0.334637 0.154985 -0.235682 0.24032 0.23086 0.942842 0.378937 0.229575 -0.12566 0.965145 0.396283 -0.972279 0.0155945 0.233302 -0.499963 -0.0443676 -0.991951 -0.118596 0.441517 
1535380304780 0.279917 0.913535 -0.295126 -0.612445 -0.929406 0.334887 0.1551 -0.235858 0.240523 0.230877 0.942786 0.378862 0.22921 -0.125803 0.965213 0.396181 -0.972313 0.0167521 0.233079 -0.499858 -0.0454914 -0.991914 -0.11848 0.441554 
1535380304793 0.279946 0.913547 -0.295062 -0.612137 -0.92937 0.334929 0.155222 -0.235701 0.240628 0.230768 0.942785 0.378947 0.229268 -0.125611 0.965224 0.396231 -0.972391 0.0147573 0.23289 -0.499912 -0.0434977 -0.99197 -0.11876 0.441556 
1535380304811 0.279975 0.913559 -0.294999 -0.611824 -0.929334 0.334972 0.155345 -0.235541 0.240733 0.23066 0.942785 0.379032 0.229325 -0.125419 0.965236 0.396282 -0.972465 0.0127612 0.232701 -0.499966 -0.0415027 -0.992022 -0.119039 0.441558 
1535380305010 0.280003 0.913571 -0.294935 -0.611511 -0.929298 0.335015 0.155468 -0.235382 0.240839 0.230551 0.942785 0.379118 0.229383 -0.125227 0.965247 0.396333 -0.972534 0.010765 0.232511 -0.500021 -0.0395075 -0.99207 -0.119318 0.441559 
1535380305180 0.280032 0.913582 -0.294872 -0.611197 -0.929262 0.335057 0.155591 -0.235222 0.240944 0.230443 0.942784 0.379203 0.229439 -0.125034 0.965258 0.396383 -0.9726 0.00876879 0.23232 -0.500075 -0.0375122 -0.992114 -0.119597 0.441561 
1535380305361 0.280061 0.913594 -0.294808 -0.610884 -0.929226 0.3351 0.155714 -0.235062 0.24105 0.230334 0.942784 0.379289 0.229496 -0.124842 0.96527 0.396434 -0.972661 0.00677244 0.232129 -0.50013 -0.0355168 -0.992154 -0.119875 0.441563 
1535380305550 0.280089 0.913606 -0.294745 -0.610572 -0.92919 0.335143 0.155837 -0.234903 0.241155 0.230226 0.942783 0.379375 0.229552 -0.12465 0.965281 0.396485 -0.972719 0.00477606 0.231938 -0.500184 -0.0335212 -0.992189 -0.120153 0.441565 
1535380305719 0.280118 0.913617 -0.294681 -0.610258 -0.929154 0.335186 0.15596 -0.234743 0.241261 0.230117 0.942783 0.37946 0.229608 -0.124457 0.965293 0.396536 -0.972772 0.00277957 0.231746 -0.500239 -0.0315255 -0.992221 -0.12043 0.441567 
1535380305889 0.280147 0.913629 -0.294618 -0.609945 -0.929118 0.335228 0.156083 -0.234583 0.241366 0.230008 0.942782 0.379546 0.229663 -0.124264 0.965305 0.396586 -0.972822 0.00078308 0.231553 -0.500293 -0.0295297 -0.992249 -0.120707 0.441568 
1535380306083 0.280176 0.913641 -0.294554 -0.609633 -0.929082 0.335271 0.156206 -0.234424 0.241472 0.2299 0.942782 0.379631 0.229718 -0.124072 0.965316 0.396637 -0.972868 -0.00121345 0.231359 -0.500348 -0.0275338 -0.992273 -0.120984 0.44157 
1535380306284 0.280169 0.913637 -0.294572 -0.60986 -0.929099 0.335254 0.156144 -0.234534 0.241415 0.229939 0.942787 0.379589 0.22961 -0.124227 0.965322 0.396571 -0.972847 0.000366996 0.231447 -0.500367 -0.0291064 -0.992254 -0.12077 0.441523 
1535380306299 0.280361 0.913587 -0.294545 -0.609621 -0.929099 0.335377 0.155875 -0.234409 0.241189 0.22996 0.942839 0.379656 0.229909 -0.124321 0.965239 0.396604 -0.97281 -0.000851394 0.231602 -0.500462 -0.0279712 -0.992242 -0.121136 0.44156 
1535380306312 0.280553 0.913536 -0.29452 -0.609379 -0.9291 0.3355 0.155606 -0.234283 0.240964 0.229983 0.942891 0.379723 0.23021 -0.124413 0.965155 0.396638 -0.972771 -0.00207049 0.23176 -0.500558 -0.0268356 -0.992228 -0.121502 0.441598 
1535380306477 0.280745 0.913485 -0.294496 -0.609136 -0.9291 0.335623 0.155338 -0.234156 0.240738 0.230006 0.942944 0.379791 0.230511 -0.124505 0.965072 0.396672 -0.97273 -0.0032895 0.231916 -0.500654 -0.0257 -0.992214 -0.121868 0.441636 
1535380306599 0.280937 0.913434 -0.294471 -0.608893 -0.929101 0.335746 0.155069 -0.23403 0.240513 0.230028 0.942996 0.379859 0.230812 -0.124596 0.964988 0.396706 -0.972688 -0.00450852 0.232072 -0.50075 -0.0245645 -0.992197 -0.122234 0.441674 
1535380306718 0.281129 0.913383 -0.294445 -0.608652 -0.929101 0.335869 0.1548 -0.233903 0.240287 0.230051 0.943048 0.379926 0.231112 -0.124687 0.964904 0.39674 -0.972645 -0.00572745 0.232226 -0.500846 -0.0234292 -0.99218 -0.1226 0.441711 
1535380306838 0.281321 0.913332 -0.29442 -0.608408 -0.929101 0.335993 0.154531 -0.233776 0.240061 0.230073 0.9431 0.379994 0.231414 -0.124778 0.96482 0.396774 -0.9726 -0.00694659 0.232382 -0.500943 -0.0222939 -0.99216 -0.122966 0.441749 
1535380306953 0.281513 0.913281 -0.294395 -0.608166 -0.929101 0.336116 0.154262 -0.23365 0.239836 0.230096 0.943151 0.380061 0.231715 -0.124868 0.964736 0.396808 -0.972554 -0.00816553 0.232536 -0.501039 -0.0211586 -0.99214 -0.123333 0.441787 
1535380307089 0.281705 0.91323 -0.29437 -0.607924 -0.929101 0.336239 0.153994 -0.233524 0.23961 0.230119 0.943203 0.380129 0.232016 -0.124958 0.964652 0.396842 -0.972506 -0.00938455 0.232689 -0.501135 -0.0200235 -0.992118 -0.1237 0.441824 
1535380307216 0.281897 0.913179 -0.294345 -0.607681 -0.929101 0.336362 0.153725 -0.233397 0.239385 0.230142 0.943255 0.380197 0.232318 -0.125047 0.964568 0.396876 -0.972456 -0.0106037 0.232844 -0.501231 -0.0188884 -0.992094 -0.124066 0.441862 
1535380307368 0.28181 0.913207 -0.29434 -0.607879 -0.929092 0.336312 0.153888 -0.233545 0.239521 0.230102 0.94323 0.380124 0.231806 -0.124908 0.964709 0.396789 -0.972549 -0.00902159 0.232521 -0.50117 -0.0203405 -0.992127 -0.12357 0.441822 
1535380307392 0.281852 0.913218 -0.294265 -0.607678 -0.929076 0.336343 0.15392 -0.233447 0.239537 0.230012 0.943248 0.380171 0.232302 -0.124264 0.964673 0.3968 -0.972466 -0.010707 0.232799 -0.501277 -0.0185999 -0.992191 -0.12333 0.441784 
1535380307410 0.281895 0.913229 -0.294191 -0.607474 -0.929058 0.336376 0.153954 -0.233347 0.239554 0.229922 0.943265 0.380219 0.232798 -0.12362 0.964636 0.396812 -0.972379 -0.0123923 0.233078 -0.501388 -0.0168592 -0.992252 -0.123091 0.441746 
1535380307653 0.281937 0.913239 -0.294118 -0.607269 -0.929041 0.336409 0.153987 -0.233247 0.239571 0.229833 0.943283 0.380267 0.233293 -0.122976 0.964599 0.396823 -0.972289 -0.0140774 0.233358 -0.501498 -0.0151183 -0.99231 -0.122852 0.441709 
1535380307847 0.28198 0.91325 -0.294044 -0.607066 -0.929024 0.336441 0.154021 -0.233148 0.239588 0.229743 0.9433 0.380315 0.233786 -0.12233 0.964562 0.396835 -0.972196 -0.0157622 0.233638 -0.501607 -0.0133773 -0.992364 -0.122614 0.441671 
1535380308029 0.282023 0.91326 -0.293971 -0.606861 -0.929006 0.336474 0.154054 -0.233048 0.239605 0.229654 0.943318 0.380363 0.234279 -0.121684 0.964524 0.396847 -0.9721 -0.0174468 0.233918 -0.501718 -0.0116361 -0.992416 -0.122376 0.441633 
1535380308232 0.282066 0.913271 -0.293897 -0.606656 -0.928989 0.336507 0.154087 -0.232948 0.239622 0.229565 0.943335 0.380411 0.234771 -0.121036 0.964486 0.396859 -0.972 -0.0191312 0.234199 -0.501829 -0.00989478 -0.992464 -0.122139 0.441595 
1535380308446 0.282108 0.913281 -0.293824 -0.606452 -0.928972 0.336539 0.154121 -0.232848 0.239639 0.229475 0.943353 0.380459 0.235261 -0.120388 0.964448 0.396871 -0.971898 -0.0208153 0.23448 -0.501939 -0.00815329 -0.992509 -0.121902 0.441558 
1535380308635 0.282151 0.913292 -0.29375 -0.606248 -0.928954 0.336572 0.154154 -0.232748 0.239656 0.229385 0.94337 0.380507 0.23575 -0.119739 0.964409 0.396883 -0.971793 -0.0224991 0.234761 -0.502049 -0.00641166 -0.99255 -0.121665 0.44152 
1535380308828 0.282194 0.913302 -0.293677 -0.606043 -0.928937 0.336605 0.154188 -0.232648 0.239673 0.229296 0.943388 0.380555 0.236238 -0.119089 0.96437 0.396895 -0.971684 -0.0241828 0.235043 -0.50216 -0.00466987 -0.992589 -0.12143 0.441482 
1535380309039 0.28211 0.91333 -0.293669 -0.606276 -0.928976 0.33651 0.154157 -0.232739 0.239619 0.229322 0.943395 0.380562 0.23587 -0.119434 0.964418 0.3969 -0.971769 -0.0233296 0.234778 -0.502108 -0.00554092 -0.992568 -0.121565 0.44154 
1535380309061 0.282249 0.913376 -0.293392 -0.606165 -0.928956 0.336575 0.154136 -0.232676 0.239533 0.229044 0.943484 0.380553 0.236009 -0.118885 0.964451 0.39689 -0.971732 -0.0226797 0.234995 -0.502174 -0.00606376 -0.992649 -0.120877 0.441448 
1535380309076 0.282388 0.913422 -0.293116 -0.606048 -0.928936 0.33664 0.154115 -0.232611 0.239447 0.228766 0.943574 0.380545 0.236149 -0.118335 0.964485 0.396882 -0.971695 -0.0220295 0.235211 -0.502243 -0.00658672 -0.992729 -0.120188 0.441357 
1535380309108 0.282527 0.913468 -0.29284 -0.605932 -0.928916 0.336705 0.154094 -0.232546 0.23936 0.228488 0.943663 0.380537 0.236288 -0.117786 0.964518 0.396873 -0.971657 -0.0213791 0.235427 -0.502312 -0.00710958 -0.992809 -0.1195 0.441265 
1535380309311 0.282666 0.913513 -0.292564 -0.605816 -0.928896 0.336769 0.154073 -0.232481 0.239274 0.22821 0.943752 0.380529 0.236429 -0.117237 0.96455 0.396864 -0.971619 -0.0207285 0.235642 -0.502381 -0.00763235 -0.992888 -0.118811 0.441174 
1535380309355 0.282805 0.913559 -0.292288 -0.605699 -0.928876 0.336834 0.154052 -0.232416 0.239188 0.227933 0.943841 0.380521 0.236569 -0.116688 0.964582 0.396856 -0.971581 -0.0200777 0.235856 -0.502451 -0.00815503 -0.992966 -0.118122 0.441082 
1535380309494 0.282943 0.913604 -0.292011 -0.605584 -0.928856 0.336899 0.154031 -0.232351 0.239101 0.227655 0.94393 0.380512 0.23671 -0.116139 0.964614 0.396847 -0.971542 -0.019427 0.236071 -0.502519 -0.00867757 -0.993043 -0.117433 0.440991 
1535380309545 0.283082 0.913649 -0.291735 -0.605467 -0.928836 0.336964 0.154009 -0.232286 0.239015 0.227377 0.944019 0.380505 0.23685 -0.115591 0.964645 0.396839 -0.971503 -0.018776 0.236284 -0.502589 -0.00920005 -0.993119 -0.116744 0.440899 
1535380309672 0.283221 0.913694 -0.291459 -0.605352 -0.928816 0.337029 0.153988 -0.232221 0.238928 0.227099 0.944108 0.380496 0.236992 -0.115042 0.964676 0.39683 -0.971463 -0.018125 0.236498 -0.502657 -0.00972238 -0.993195 -0.116054 0.440808 
1535380309728 0.28336 0.91374 -0.291183 -0.605236 -0.928796 0.337094 0.153967 -0.232156 0.238842 0.226821 0.944196 0.380488 0.237134 -0.114493 0.964707 0.396821 -0.971423 -0.0174738 0.236711 -0.502726 -0.0102446 -0.99327 -0.115365 0.440716 
1535380309882 0.282793 0.913709 -0.29183 -0.605491 -0.928915 0.336712 0.154084 -0.232176 0.239051 0.227511 0.943977 0.38046 0.236986 -0.115191 0.96466 0.396822 -0.971469 -0.018614 0.236436 -0.502616 -0.00927918 -0.993169 -0.116316 0.4409 
1535380309905 0.283055 0.913783 -0.291342 -0.605285 -0.928898 0.336821 0.153948 -0.232062 0.238805 0.227051 0.94415 0.380479 0.236706 -0.114894 0.964764 0.396803 -0.971531 -0.0178762 0.236237 -0.502694 -0.00989592 -0.993217 -0.115854 0.440827 
1535380309935 0.283318 0.913856 -0.290856 -0.605074 -0.928881 0.33693 0.153811 -0.231945 0.23856 0.226593 0.944322 0.380499 0.236425 -0.114596 0.964868 0.396783 -0.971593 -0.0171385 0.236037 -0.502772 -0.0105125 -0.993264 -0.115392 0.440754 
1535380309949 0.283581 0.913929 -0.29037 -0.604863 -0.928864 0.33704 0.153675 -0.231829 0.238315 0.226135 0.944494 0.38052 0.236145 -0.114297 0.964972 0.396764 -0.971654 -0.0164008 0.235837 -0.50285 -0.0111292 -0.993311 -0.114931 0.440681 
1535380310104 0.283844 0.914002 -0.289884 -0.604652 -0.928846 0.33715 0.153538 -0.231713 0.238069 0.225677 0.944666 0.38054 0.235864 -0.113999 0.965076 0.396745 -0.971715 -0.0156632 0.235636 -0.502928 -0.0117461 -0.993357 -0.114469 0.440608 
1535380310144 0.284107 0.914075 -0.289398 -0.604442 -0.928829 0.33726 0.153402 -0.231597 0.237823 0.225219 0.944837 0.38056 0.235584 -0.1137 0.96518 0.396725 -0.971775 -0.0149257 0.235436 -0.503006 -0.0123631 -0.993403 -0.114007 0.440536 
1535380310291 0.284369 0.914147 -0.288912 -0.604231 -0.928812 0.33737 0.153266 -0.23148 0.237577 0.224761 0.945008 0.38058 0.235304 -0.113401 0.965284 0.396706 -0.971835 -0.0141881 0.235234 -0.503084 -0.0129802 -0.993448 -0.113546 0.440463 
1535380310349 0.284631 0.914219 -0.288425 -0.604021 -0.928794 0.33748 0.153129 -0.231364 0.237331 0.224302 0.945178 0.3806 0.235024 -0.113102 0.965387 0.396686 -0.971894 -0.0134507 0.235032 -0.503162 -0.0135974 -0.993492 -0.113084 0.44039 
1535380310440 0.284894 0.91429 -0.287939 -0.603809 -0.928777 0.33759 0.152993 -0.231247 0.237085 0.223844 0.945349 0.380621 0.234744 -0.112802 0.96549 0.396667 -0.971953 -0.0127133 0.23483 -0.50324 -0.0142148 -0.993536 -0.112623 0.440317 
1535380310509 0.285156 0.914362 -0.287452 -0.603598 -0.928759 0.3377 0.152857 -0.231131 0.236839 0.223386 0.945519 0.380641 0.234465 -0.112502 0.965593 0.396648 -0.972011 -0.0119759 0.234628 -0.503317 -0.0148323 -0.993579 -0.112161 0.440244 
1535380310616 0.284841 0.914243 -0.288142 -0.603865 -0.928776 0.33759 0.152999 -0.231343 0.237152 0.224039 0.945286 0.380597 0.235246 -0.113289 0.965311 0.396745 -0.971846 -0.0138969 0.235208 -0.503061 -0.0132317 -0.993465 -0.113369 0.440405 
1535380310632 0.284997 0.914314 -0.287763 -0.603519 -0.928748 0.337656 0.153021 -0.231183 0.237074 0.223649 0.945398 0.380678 0.234864 -0.112927 0.965446 0.39673 -0.971953 -0.0149348 0.2347 -0.50315 -0.0120852 -0.993491 -0.113267 0.440367 
1535380310781 0.285152 0.914384 -0.287385 -0.603168 -0.92872 0.337723 0.153044 -0.231022 0.236997 0.22326 0.945509 0.380759 0.234483 -0.112565 0.965581 0.396715 -0.972059 -0.0159736 0.234194 -0.50324 -0.0109383 -0.993516 -0.113165 0.440329 
1535380311071 0.285307 0.914454 -0.287007 -0.602818 -0.928692 0.33779 0.153066 -0.23086 0.236921 0.22287 0.94562 0.38084 0.2341 -0.112203 0.965716 0.396701 -0.972163 -0.0170123 0.233686 -0.503329 -0.00979119 -0.99354 -0.113062 0.440291 
1535380311234 0.285462 0.914524 -0.286629 -0.602469 -0.928664 0.337857 0.153089 -0.230699 0.236844 0.222481 0.945731 0.380922 0.233718 -0.111841 0.965851 0.396686 -0.972266 -0.0180514 0.23318 -0.503418 -0.00864425 -0.993562 -0.112959 0.440253 
1535380311399 0.285618 0.914594 -0.286251 -0.602118 -0.928636 0.337924 0.153112 -0.230537 0.236767 0.222091 0.945842 0.381003 0.233335 -0.11148 0.965985 0.396671 -0.972368 -0.0190905 0.232673 -0.503507 -0.00749732 -0.993583 -0.112854 0.440215 
1535380311529 0.285773 0.914664 -0.285873 -0.601767 -0.928607 0.337991 0.153135 -0.230375 0.23669 0.221702 0.945952 0.381085 0.232952 -0.11112 0.966119 0.396656 -0.972468 -0.0201299 0.232167 -0.503596 -0.00635044 -0.993603 -0.11275 0.440177 
1535380311677 0.285928 0.914734 -0.285495 -0.601417 -0.928579 0.338058 0.153158 -0.230214 0.236613 0.221313 0.946063 0.381166 0.232567 -0.11076 0.966253 0.396641 -0.972566 -0.0211693 0.23166 -0.503686 -0.0052036 -0.993622 -0.112644 0.440139 
1535380311813 0.286083 0.914803 -0.285117 -0.601068 -0.928551 0.338124 0.153181 -0.230053 0.236535 0.220923 0.946173 0.381247 0.232183 -0.1104 0.966387 0.396627 -0.972664 -0.0222091 0.231154 -0.503775 -0.00405678 -0.993639 -0.112538 0.440101 
1535380311961 0.286238 0.914872 -0.284739 -0.600716 -0.928523 0.338191 0.153204 -0.229891 0.236458 0.220534 0.946283 0.381329 0.231798 -0.11004 0.96652 0.396612 -0.97276 -0.0232489 0.230648 -0.503864 -0.00291 -0.993655 -0.112432 0.440063 
1535380312154 0.28628 0.914757 -0.285067 -0.600958 -0.928491 0.338304 0.153151 -0.230065 0.236535 0.220839 0.946193 0.381233 0.232135 -0.11041 0.966397 0.396653 -0.972674 -0.021961 0.231134 -0.503786 -0.00429644 -0.993643 -0.112491 0.440118 
1535380312169 0.286591 0.914786 -0.284662 -0.60064 -0.928468 0.338467 0.152932 -0.229889 0.236248 0.220471 0.946351 0.381292 0.232248 -0.1101 0.966405 0.396664 -0.972648 -0.0221939 0.23122 -0.503949 -0.00400907 -0.993673 -0.112243 0.440055 
1535380312187 0.286902 0.914814 -0.284257 -0.600319 -0.928445 0.338629 0.152712 -0.229712 0.235961 0.220103 0.946508 0.381352 0.232364 -0.109792 0.966412 0.396676 -0.972622 -0.0224105 0.231311 -0.504111 -0.00373821 -0.993702 -0.111993 0.439995 
1535380312364 0.287214 0.914842 -0.283852 -0.599995 -0.928421 0.338791 0.152492 -0.229534 0.235673 0.219736 0.946665 0.381412 0.232481 -0.109484 0.966419 0.396688 -0.972595 -0.0226274 0.231403 -0.504274 -0.00346725 -0.993731 -0.111744 0.439935 
1535380312543 0.287525 0.91487 -0.283446 -0.599674 -0.928398 0.338954 0.152273 -0.229357 0.235385 0.219369 0.946822 0.381471 0.232596 -0.109175 0.966426 0.396699 -0.972568 -0.022844 0.231493 -0.504436 -0.00319633 -0.99376 -0.111494 0.439874 
