1537390496695 0.237275 0.925115 -0.296415 -0.602623 -0.940769 0.294896 0.167305 -0.235651 0.242188 0.239161 0.940291 0.394274 0.16008 -0.304787 0.938871 0.370831 -0.775623 0.549475 0.310623 -0.528794 -0.61056 -0.777934 -0.14844 0.432481 
1537390496706 0.237683 0.9252 -0.295824 -0.606043 -0.940648 0.295194 0.167456 -0.23731 0.242255 0.238465 0.94045 0.392259 0.316241 -0.38488 0.867098 0.400864 -0.930001 -0.306251 0.203246 -0.504429 0.187325 -0.870677 -0.454788 0.485926 
1537390497613 0.238091 0.925284 -0.295233 -0.609462 -0.940528 0.295492 0.167606 -0.238969 0.242322 0.237769 0.940609 0.390244 0.316241 -0.38488 0.867098 0.400864 -0.930001 -0.306251 0.203246 -0.504429 0.187325 -0.870677 -0.454788 0.485926 
1537390498534 0.238498 0.925367 -0.294642 -0.612879 -0.940407 0.29579 0.167757 -0.240627 0.242389 0.237074 0.940767 0.388229 0.316241 -0.38488 0.867098 0.400864 -0.930001 -0.306251 0.203246 -0.504429 0.187325 -0.870677 -0.454788 0.485926 
1537390498540 0.238906 0.92545 -0.294052 -0.616296 -0.940287 0.296088 0.167908 -0.242285 0.242456 0.236379 0.940925 0.386215 0.316241 -0.38488 0.867098 0.400864 -0.930001 -0.306251 0.203246 -0.504429 0.187325 -0.870677 -0.454788 0.485926 
1537390500309 0.239314 0.925532 -0.293461 -0.61971 -0.940166 0.296386 0.168059 -0.243941 0.242522 0.235683 0.941083 0.384201 0.316241 -0.38488 0.867098 0.400864 -0.930001 -0.306251 0.203246 -0.504429 0.187325 -0.870677 -0.454788 0.485926 
1537390501272 0.239723 0.925613 -0.292871 -0.623124 -0.940045 0.296683 0.168211 -0.245598 0.242588 0.234988 0.941239 0.382187 0.316241 -0.38488 0.867098 0.400864 -0.930001 -0.306251 0.203246 -0.504429 0.187325 -0.870677 -0.454788 0.485926 
1537390502232 0.240131 0.925694 -0.292281 -0.626535 -0.939924 0.296981 0.168362 -0.247253 0.242654 0.234293 0.941396 0.380174 0.316241 -0.38488 0.867098 0.400864 -0.930001 -0.306251 0.203246 -0.504429 0.187325 -0.870677 -0.454788 0.485926 
1537390503236 0.24054 0.925774 -0.291691 -0.629944 -0.939802 0.297279 0.168513 -0.248907 0.242719 0.233598 0.941552 0.378161 0.316241 -0.38488 0.867098 0.400864 -0.930001 -0.306251 0.203246 -0.504429 0.187325 -0.870677 -0.454788 0.485926 
1537390504270 0.24106 0.925757 -0.291316 -0.632184 -0.939657 0.297718 0.168548 -0.249982 0.242764 0.233106 0.941662 0.376377 0.316531 -0.385118 0.866887 0.401814 -0.929976 -0.306103 0.20358 -0.50615 0.186955 -0.870623 -0.455042 0.486735 
1537390505002 0.241553 0.925577 -0.291479 -0.631939 -0.939539 0.298209 0.168339 -0.250106 0.242732 0.233194 0.941649 0.376611 0.16008 -0.304787 0.938871 0.370831 -0.775623 0.549475 0.310623 -0.528794 -0.61056 -0.777934 -0.14844 0.432481 
1537390505016 0.240623 0.925283 -0.293175 -0.632689 -0.939482 0.297917 0.169171 -0.250344 0.243873 0.234726 0.940973 0.376554 0.316241 -0.38488 0.867098 0.400864 -0.930001 -0.306251 0.203246 -0.504429 0.187325 -0.870677 -0.454788 0.485926 
1537390505263 0.23969 0.924987 -0.294869 -0.633439 -0.939424 0.297626 0.170005 -0.250582 0.245013 0.236258 0.940293 0.376498 0.316241 -0.38488 0.867098 0.400864 -0.930001 -0.306251 0.203246 -0.504429 0.187325 -0.870677 -0.454788 0.485926 
1537390505564 0.238756 0.924688 -0.296561 -0.634189 -0.939364 0.297336 0.170839 -0.250821 0.246151 0.23779 0.939609 0.376441 0.316241 -0.38488 0.867098 0.400864 -0.930001 -0.306251 0.203246 -0.504429 0.187325 -0.870677 -0.454788 0.485926 
1537390505855 0.237819 0.924386 -0.298251 -0.634939 -0.939304 0.297047 0.171674 -0.251059 0.247287 0.239321 0.938922 0.376384 0.316241 -0.38488 0.867098 0.400864 -0.930001 -0.306251 0.203246 -0.504429 0.187325 -0.870677 -0.454788 0.485926 
1537390505862 0.236879 0.92408 -0.299939 -0.635689 -0.939242 0.296759 0.172509 -0.251297 0.248421 0.240852 0.938231 0.376328 0.316241 -0.38488 0.867098 0.400864 -0.930001 -0.306251 0.203246 -0.504429 0.187325 -0.870677 -0.454788 0.485926 
1537390506298 0.235938 0.923772 -0.301626 -0.636439 -0.939178 0.296473 0.173344 -0.251535 0.249554 0.242382 0.937536 0.376271 0.316241 -0.38488 0.867098 0.400864 -0.930001 -0.306251 0.203246 -0.504429 0.187325 -0.870677 -0.454788 0.485926 
1537390506611 0.234995 0.923461 -0.303311 -0.637189 -0.939114 0.296187 0.174179 -0.251773 0.250685 0.243913 0.936837 0.376214 0.316241 -0.38488 0.867098 0.400864 -0.930001 -0.306251 0.203246 -0.504429 0.187325 -0.870677 -0.454788 0.485926 
1537390506891 0.23405 0.923146 -0.304995 -0.637938 -0.939048 0.295904 0.175015 -0.252011 0.251813 0.245442 0.936135 0.376158 0.316241 -0.38488 0.867098 0.400864 -0.930001 -0.306251 0.203246 -0.504429 0.187325 -0.870677 -0.454788 0.485926 
1537390507237 0.233121 0.922812 -0.306713 -0.638486 -0.938977 0.295645 0.175831 -0.252148 0.252937 0.247006 0.93542 0.37614 0.316531 -0.385118 0.866887 0.401814 -0.929976 -0.306103 0.20358 -0.50615 0.186955 -0.870623 -0.455042 0.486735 
1537390507465 0.233947 0.922949 -0.305668 -0.638092 -0.938995 0.296011 0.175118 -0.252208 0.252107 0.246052 0.935896 0.376094 0.16008 -0.304787 0.938871 0.370831 -0.775623 0.549475 0.310623 -0.528794 -0.61056 -0.777934 -0.14844 0.432481 
1537390507478 0.233532 0.922785 -0.306481 -0.638566 -0.939047 0.295822 0.175156 -0.252296 0.252295 0.246896 0.935623 0.376155 0.316241 -0.38488 0.867098 0.400864 -0.930001 -0.306251 0.203246 -0.504429 0.187325 -0.870677 -0.454788 0.485926 
1537390507550 0.233116 0.92262 -0.307293 -0.639039 -0.9391 0.295631 0.175193 -0.252384 0.252482 0.247738 0.935349 0.376217 0.316241 -0.38488 0.867098 0.400864 -0.930001 -0.306251 0.203246 -0.504429 0.187325 -0.870677 -0.454788 0.485926 
1537390507745 0.2327 0.922455 -0.308104 -0.639513 -0.939153 0.29544 0.175231 -0.252472 0.252669 0.248581 0.935075 0.376278 0.316241 -0.38488 0.867098 0.400864 -0.930001 -0.306251 0.203246 -0.504429 0.187325 -0.870677 -0.454788 0.485926 
1537390507984 0.232284 0.922288 -0.308915 -0.639987 -0.939206 0.29525 0.175269 -0.252559 0.252856 0.249423 0.934801 0.37634 0.316241 -0.38488 0.867098 0.400864 -0.930001 -0.306251 0.203246 -0.504429 0.187325 -0.870677 -0.454788 0.485926 
1537390507991 0.231867 0.922121 -0.309726 -0.64046 -0.939259 0.29506 0.175307 -0.252647 0.253042 0.250265 0.934525 0.376401 0.316241 -0.38488 0.867098 0.400864 -0.930001 -0.306251 0.203246 -0.504429 0.187325 -0.870677 -0.454788 0.485926 
1537390508316 0.231451 0.921953 -0.310537 -0.640934 -0.939311 0.294869 0.175346 -0.252735 0.253228 0.251107 0.934249 0.376463 0.316241 -0.38488 0.867098 0.400864 -0.930001 -0.306251 0.203246 -0.504429 0.187325 -0.870677 -0.454788 0.485926 
1537390508547 0.231034 0.921784 -0.311348 -0.641408 -0.939364 0.294679 0.175384 -0.252823 0.253414 0.251949 0.933972 0.376524 0.316241 -0.38488 0.867098 0.400864 -0.930001 -0.306251 0.203246 -0.504429 0.187325 -0.870677 -0.454788 0.485926 
1537390508765 0.230617 0.921614 -0.312158 -0.641881 -0.939416 0.294489 0.175423 -0.252911 0.253599 0.252791 0.933694 0.376586 0.316241 -0.38488 0.867098 0.400864 -0.930001 -0.306251 0.203246 -0.504429 0.187325 -0.870677 -0.454788 0.485926 
1537390508997 0.230211 0.921434 -0.31299 -0.642235 -0.939467 0.294313 0.175449 -0.252939 0.253782 0.253653 0.93341 0.37667 0.316531 -0.385118 0.866887 0.401814 -0.929976 -0.306103 0.20358 -0.50615 0.186955 -0.870623 -0.455042 0.486735 
1537390509133 0.230952 0.921558 -0.312075 -0.641816 -0.939354 0.29477 0.175284 -0.253004 0.253525 0.252667 0.933748 0.37655 0.16008 -0.304787 0.938871 0.370831 -0.775623 0.549475 0.310623 -0.528794 -0.61056 -0.777934 -0.14844 0.432481 
1537390509147 0.230507 0.921585 -0.312325 -0.642105 -0.939504 0.294356 0.175177 -0.253094 0.253375 0.253051 0.933684 0.376635 0.316241 -0.38488 0.867098 0.400864 -0.930001 -0.306251 0.203246 -0.504429 0.187325 -0.870677 -0.454788 0.485926 
1537390509177 0.230062 0.921612 -0.312573 -0.642394 -0.939654 0.293942 0.17507 -0.253183 0.253225 0.253434 0.933621 0.37672 0.316241 -0.38488 0.867098 0.400864 -0.930001 -0.306251 0.203246 -0.504429 0.187325 -0.870677 -0.454788 0.485926 
1537390509340 0.229616 0.921639 -0.312823 -0.642683 -0.939803 0.293527 0.174963 -0.253273 0.253074 0.253818 0.933558 0.376805 0.316241 -0.38488 0.867098 0.400864 -0.930001 -0.306251 0.203246 -0.504429 0.187325 -0.870677 -0.454788 0.485926 
1537390509477 0.22917 0.921665 -0.313072 -0.642972 -0.939952 0.293112 0.174856 -0.253363 0.252924 0.254201 0.933494 0.37689 0.316241 -0.38488 0.867098 0.400864 -0.930001 -0.306251 0.203246 -0.504429 0.187325 -0.870677 -0.454788 0.485926 
1537390509681 0.228724 0.921691 -0.313322 -0.64326 -0.940102 0.292698 0.174749 -0.253452 0.252773 0.254585 0.93343 0.376976 0.316241 -0.38488 0.867098 0.400864 -0.930001 -0.306251 0.203246 -0.504429 0.187325 -0.870677 -0.454788 0.485926 
1537390509785 0.228279 0.921717 -0.313571 -0.643549 -0.940251 0.292283 0.174642 -0.253542 0.252622 0.254968 0.933367 0.377061 0.316241 -0.38488 0.867098 0.400864 -0.930001 -0.306251 0.203246 -0.504429 0.187325 -0.870677 -0.454788 0.485926 
1537390509800 0.227833 0.921742 -0.313821 -0.643838 -0.940399 0.291868 0.174535 -0.253631 0.252471 0.255352 0.933303 0.377146 0.316241 -0.38488 0.867098 0.400864 -0.930001 -0.306251 0.203246 -0.504429 0.187325 -0.870677 -0.454788 0.485926 
1537390510128 0.227387 0.921767 -0.31407 -0.644127 -0.940548 0.291453 0.174429 -0.253721 0.252319 0.255735 0.933239 0.377231 0.316241 -0.38488 0.867098 0.400864 -0.930001 -0.306251 0.203246 -0.504429 0.187325 -0.870677 -0.454788 0.485926 
1537390510260 0.226951 0.921784 -0.314337 -0.644318 -0.940694 0.291049 0.174312 -0.253762 0.252166 0.256135 0.933171 0.377334 0.316531 -0.385118 0.866887 0.401814 -0.929976 -0.306103 0.20358 -0.50615 0.186955 -0.870623 -0.455042 0.486735 
1537390510360 0.227734 0.921683 -0.314066 -0.643994 -0.940437 0.291806 0.174435 -0.253865 0.25242 0.255634 0.933239 0.377146 0.16008 -0.304787 0.938871 0.370831 -0.775623 0.549475 0.310623 -0.528794 -0.61056 -0.777934 -0.14844 0.432481 
1537390510377 0.227538 0.921869 -0.313661 -0.64402 -0.940538 0.29149 0.174416 -0.253967 0.252218 0.255324 0.933379 0.377138 0.316241 -0.38488 0.867098 0.400864 -0.930001 -0.306251 0.203246 -0.504429 0.187325 -0.870677 -0.454788 0.485926 
1537390510389 0.227341 0.922055 -0.313258 -0.644046 -0.94064 0.291173 0.174396 -0.25407 0.252015 0.255015 0.933518 0.377129 0.316241 -0.38488 0.867098 0.400864 -0.930001 -0.306251 0.203246 -0.504429 0.187325 -0.870677 -0.454788 0.485926 
1537390510536 0.227144 0.922241 -0.312852 -0.644071 -0.940742 0.290854 0.174377 -0.254172 0.251812 0.254705 0.933657 0.377121 0.316241 -0.38488 0.867098 0.400864 -0.930001 -0.306251 0.203246 -0.504429 0.187325 -0.870677 -0.454788 0.485926 
1537390510617 0.226947 0.922427 -0.312448 -0.644097 -0.940844 0.290537 0.174357 -0.254275 0.251609 0.254396 0.933796 0.377113 0.316241 -0.38488 0.867098 0.400864 -0.930001 -0.306251 0.203246 -0.504429 0.187325 -0.870677 -0.454788 0.485926 
1537390510637 0.226749 0.922612 -0.312043 -0.644123 -0.940946 0.290219 0.174337 -0.254377 0.251407 0.254085 0.933936 0.377105 0.316241 -0.38488 0.867098 0.400864 -0.930001 -0.306251 0.203246 -0.504429 0.187325 -0.870677 -0.454788 0.485926 
1537390510760 0.226552 0.922798 -0.311639 -0.644148 -0.941048 0.289901 0.174317 -0.25448 0.251204 0.253775 0.934074 0.377096 0.316241 -0.38488 0.867098 0.400864 -0.930001 -0.306251 0.203246 -0.504429 0.187325 -0.870677 -0.454788 0.485926 
1537390510844 0.226354 0.922983 -0.311234 -0.644174 -0.941149 0.289583 0.174297 -0.254582 0.251001 0.253465 0.934213 0.377088 0.316241 -0.38488 0.867098 0.400864 -0.930001 -0.306251 0.203246 -0.504429 0.187325 -0.870677 -0.454788 0.485926 
1537390510992 0.226157 0.923168 -0.310829 -0.6442 -0.941251 0.289265 0.174276 -0.254685 0.250798 0.253155 0.934352 0.37708 0.316241 -0.38488 0.867098 0.400864 -0.930001 -0.306251 0.203246 -0.504429 0.187325 -0.870677 -0.454788 0.485926 
1537390511105 0.225965 0.923347 -0.310435 -0.644168 -0.941351 0.288954 0.17425 -0.254758 0.250595 0.252854 0.934488 0.377083 0.316531 -0.385118 0.866887 0.401814 -0.929976 -0.306103 0.20358 -0.50615 0.186955 -0.870623 -0.455042 0.486735 
1537390511181 0.226313 0.922989 -0.311245 -0.644162 -0.941175 0.28953 0.174247 -0.254646 0.250943 0.253501 0.934219 0.37699 0.16008 -0.304787 0.938871 0.370831 -0.775623 0.549475 0.310623 -0.528794 -0.61056 -0.777934 -0.14844 0.432481 
1537390511192 0.226689 0.922998 -0.310944 -0.644092 -0.941146 0.289767 0.17401 -0.254629 0.250712 0.253198 0.934363 0.376975 0.316241 -0.38488 0.867098 0.400864 -0.930001 -0.306251 0.203246 -0.504429 0.187325 -0.870677 -0.454788 0.485926 
1537390511213 0.227064 0.923007 -0.310644 -0.644023 -0.941117 0.290004 0.173773 -0.254613 0.250482 0.252895 0.934507 0.37696 0.316241 -0.38488 0.867098 0.400864 -0.930001 -0.306251 0.203246 -0.504429 0.187325 -0.870677 -0.454788 0.485926 
1537390511396 0.227439 0.923016 -0.310343 -0.643953 -0.941087 0.29024 0.173537 -0.254596 0.250252 0.252591 0.934651 0.376945 0.316241 -0.38488 0.867098 0.400864 -0.930001 -0.306251 0.203246 -0.504429 0.187325 -0.870677 -0.454788 0.485926 
1537390511456 0.227815 0.923024 -0.310043 -0.643883 -0.941058 0.290478 0.1733 -0.25458 0.250021 0.252288 0.934794 0.37693 0.316241 -0.38488 0.867098 0.400864 -0.930001 -0.306251 0.203246 -0.504429 0.187325 -0.870677 -0.454788 0.485926 
1537390511521 0.22819 0.923033 -0.309741 -0.643814 -0.941028 0.290714 0.173064 -0.254563 0.24979 0.251984 0.934938 0.376915 0.316241 -0.38488 0.867098 0.400864 -0.930001 -0.306251 0.203246 -0.504429 0.187325 -0.870677 -0.454788 0.485926 
1537390511613 0.228566 0.923041 -0.309441 -0.643744 -0.940998 0.290951 0.172828 -0.254547 0.24956 0.251681 0.935081 0.3769 0.316241 -0.38488 0.867098 0.400864 -0.930001 -0.306251 0.203246 -0.504429 0.187325 -0.870677 -0.454788 0.485926 
1537390511683 0.228941 0.923049 -0.309139 -0.643674 -0.940968 0.291188 0.172592 -0.25453 0.249329 0.251377 0.935224 0.376885 0.316241 -0.38488 0.867098 0.400864 -0.930001 -0.306251 0.203246 -0.504429 0.187325 -0.870677 -0.454788 0.485926 
1537390511808 0.229316 0.923056 -0.308839 -0.643605 -0.940938 0.291426 0.172356 -0.254513 0.249097 0.251074 0.935367 0.37687 0.316241 -0.38488 0.867098 0.400864 -0.930001 -0.306251 0.203246 -0.504429 0.187325 -0.870677 -0.454788 0.485926 
1537390511873 0.229689 0.923066 -0.308533 -0.643557 -0.940908 0.29166 0.172122 -0.254507 0.248867 0.250767 0.935511 0.376851 0.316531 -0.385118 0.866887 0.401814 -0.929976 -0.306103 0.20358 -0.50615 0.186955 -0.870623 -0.455042 0.486735 
1537390511954 0.228884 0.923054 -0.309165 -0.643698 -0.941017 0.291104 0.17247 -0.254489 0.249199 0.251453 0.935239 0.376827 0.16008 -0.304787 0.938871 0.370831 -0.775623 0.549475 0.310623 -0.528794 -0.61056 -0.777934 -0.14844 0.432481 
1537390511959 0.229593 0.922976 -0.308872 -0.643464 -0.940914 0.29165 0.172106 -0.254376 0.248932 0.251107 0.935402 0.37689 0.316241 -0.38488 0.867098 0.400864 -0.930001 -0.306251 0.203246 -0.504429 0.187325 -0.870677 -0.454788 0.485926 
1537390512046 0.230303 0.922897 -0.308579 -0.643231 -0.940812 0.292196 0.171741 -0.254263 0.248665 0.250763 0.935566 0.376954 0.316241 -0.38488 0.867098 0.400864 -0.930001 -0.306251 0.203246 -0.504429 0.187325 -0.870677 -0.454788 0.485926 
1537390512283 0.231012 0.922818 -0.308287 -0.642997 -0.940709 0.292742 0.171375 -0.25415 0.248397 0.250418 0.93573 0.377017 0.316241 -0.38488 0.867098 0.400864 -0.930001 -0.306251 0.203246 -0.504429 0.187325 -0.870677 -0.454788 0.485926 
1537390512505 0.231721 0.922738 -0.307993 -0.642764 -0.940605 0.293288 0.17101 -0.254037 0.248128 0.250074 0.935893 0.37708 0.316241 -0.38488 0.867098 0.400864 -0.930001 -0.306251 0.203246 -0.504429 0.187325 -0.870677 -0.454788 0.485926 
1537390512741 0.232429 0.922658 -0.3077 -0.64253 -0.940501 0.293834 0.170645 -0.253925 0.24786 0.249729 0.936056 0.377143 0.316241 -0.38488 0.867098 0.400864 -0.930001 -0.306251 0.203246 -0.504429 0.187325 -0.870677 -0.454788 0.485926 
1537390512964 0.233138 0.922577 -0.307406 -0.642297 -0.940396 0.294379 0.170281 -0.253812 0.247591 0.249385 0.936219 0.377207 0.316241 -0.38488 0.867098 0.400864 -0.930001 -0.306251 0.203246 -0.504429 0.187325 -0.870677 -0.454788 0.485926 
1537390513193 0.233846 0.922496 -0.307112 -0.642063 -0.940291 0.294925 0.169916 -0.253699 0.247322 0.24904 0.936382 0.37727 0.316241 -0.38488 0.867098 0.400864 -0.930001 -0.306251 0.203246 -0.504429 0.187325 -0.870677 -0.454788 0.485926 
1537390513403 0.234555 0.922414 -0.306817 -0.641829 -0.940186 0.295471 0.169552 -0.253586 0.247053 0.248696 0.936544 0.377333 0.316241 -0.38488 0.867098 0.400864 -0.930001 -0.306251 0.203246 -0.504429 0.187325 -0.870677 -0.454788 0.485926 
1537390513643 0.235252 0.922341 -0.306503 -0.641703 -0.940082 0.296004 0.169199 -0.253526 0.246785 0.248334 0.936711 0.377376 0.316531 -0.385118 0.866887 0.401814 -0.929976 -0.306103 0.20358 -0.50615 0.186955 -0.870623 -0.455042 0.486735 
1537390513849 0.234676 0.922379 -0.306831 -0.641805 -0.940145 0.295599 0.169556 -0.253656 0.247094 0.248674 0.936539 0.377327 0.16008 -0.304787 0.938871 0.370831 -0.775623 0.549475 0.310623 -0.528794 -0.61056 -0.777934 -0.14844 0.432481 
1537390513857 0.23492 0.922309 -0.306852 -0.64144 -0.940105 0.295813 0.169402 -0.253521 0.247012 0.248677 0.93656 0.377475 0.316241 -0.38488 0.867098 0.400864 -0.930001 -0.306251 0.203246 -0.504429 0.187325 -0.870677 -0.454788 0.485926 
1537390513863 0.235151 0.922243 -0.306874 -0.641074 -0.940067 0.296016 0.16926 -0.253381 0.246939 0.24868 0.936579 0.377623 0.316241 -0.38488 0.867098 0.400864 -0.930001 -0.306251 0.203246 -0.504429 0.187325 -0.870677 -0.454788 0.485926 
1537390514208 0.235381 0.922177 -0.306895 -0.640708 -0.940028 0.296219 0.169118 -0.25324 0.246865 0.248683 0.936597 0.377771 0.316241 -0.38488 0.867098 0.400864 -0.930001 -0.306251 0.203246 -0.504429 0.187325 -0.870677 -0.454788 0.485926 
1537390514402 0.235612 0.922111 -0.306917 -0.640343 -0.93999 0.296422 0.168976 -0.2531 0.246792 0.248686 0.936616 0.377918 0.316241 -0.38488 0.867098 0.400864 -0.930001 -0.306251 0.203246 -0.504429 0.187325 -0.870677 -0.454788 0.485926 
1537390514668 0.235842 0.922045 -0.306938 -0.639977 -0.939951 0.296625 0.168834 -0.252959 0.246718 0.248689 0.936634 0.378066 0.316241 -0.38488 0.867098 0.400864 -0.930001 -0.306251 0.203246 -0.504429 0.187325 -0.870677 -0.454788 0.485926 
1537390514911 0.236072 0.921979 -0.30696 -0.639611 -0.939913 0.296828 0.168692 -0.252819 0.246645 0.248692 0.936653 0.378214 0.316241 -0.38488 0.867098 0.400864 -0.930001 -0.306251 0.203246 -0.504429 0.187325 -0.870677 -0.454788 0.485926 
1537390514918 0.236303 0.921913 -0.306981 -0.639245 -0.939874 0.297031 0.16855 -0.252678 0.246572 0.248695 0.936671 0.378362 0.316241 -0.38488 0.867098 0.400864 -0.930001 -0.306251 0.203246 -0.504429 0.187325 -0.870677 -0.454788 0.485926 
1537390515236 0.236533 0.921847 -0.307002 -0.638879 -0.939836 0.297234 0.168408 -0.252538 0.246498 0.248698 0.93669 0.37851 0.316241 -0.38488 0.867098 0.400864 -0.930001 -0.306251 0.203246 -0.504429 0.187325 -0.870677 -0.454788 0.485926 
1537390515464 0.236749 0.921794 -0.306996 -0.638666 -0.9398 0.297418 0.168282 -0.252473 0.246428 0.248674 0.936715 0.378629 0.316531 -0.385118 0.866887 0.401814 -0.929976 -0.306103 0.20358 -0.50615 0.186955 -0.870623 -0.455042 0.486735 
1537390515610 0.236693 0.921807 -0.306999 -0.638844 -0.939807 0.297373 0.168322 -0.252626 0.246454 0.248679 0.936707 0.378534 0.16008 -0.304787 0.938871 0.370831 -0.775623 0.549475 0.310623 -0.528794 -0.61056 -0.777934 -0.14844 0.432481 
1537390515623 0.236652 0.921768 -0.307148 -0.638389 -0.939693 0.297487 0.168758 -0.25247 0.246928 0.248687 0.936579 0.3787 0.316241 -0.38488 0.867098 0.400864 -0.930001 -0.306251 0.203246 -0.504429 0.187325 -0.870677 -0.454788 0.485926 
1537390515809 0.236612 0.921728 -0.307297 -0.637934 -0.939578 0.297602 0.169194 -0.252313 0.247403 0.248696 0.936452 0.378866 0.316241 -0.38488 0.867098 0.400864 -0.930001 -0.306251 0.203246 -0.504429 0.187325 -0.870677 -0.454788 0.485926 
1537390516101 0.236573 0.921689 -0.307445 -0.63748 -0.939463 0.297718 0.16963 -0.252157 0.247878 0.248704 0.936324 0.379032 0.316241 -0.38488 0.867098 0.400864 -0.930001 -0.306251 0.203246 -0.504429 0.187325 -0.870677 -0.454788 0.485926 
1537390516354 0.236533 0.92165 -0.307594 -0.637025 -0.939347 0.297833 0.170065 -0.252 0.248352 0.248712 0.936196 0.379198 0.316241 -0.38488 0.867098 0.400864 -0.930001 -0.306251 0.203246 -0.504429 0.187325 -0.870677 -0.454788 0.485926 
1537390516619 0.236493 0.92161 -0.307743 -0.63657 -0.939232 0.297948 0.170501 -0.251843 0.248827 0.24872 0.936068 0.379364 0.316241 -0.38488 0.867098 0.400864 -0.930001 -0.306251 0.203246 -0.504429 0.187325 -0.870677 -0.454788 0.485926 
1537390516626 0.236453 0.921571 -0.307892 -0.636115 -0.939116 0.298063 0.170936 -0.251687 0.249301 0.248728 0.93594 0.37953 0.316241 -0.38488 0.867098 0.400864 -0.930001 -0.306251 0.203246 -0.504429 0.187325 -0.870677 -0.454788 0.485926 
1537390517031 0.236413 0.921531 -0.308041 -0.63566 -0.939 0.298179 0.171372 -0.25153 0.249776 0.248736 0.935811 0.379696 0.316241 -0.38488 0.867098 0.400864 -0.930001 -0.306251 0.203246 -0.504429 0.187325 -0.870677 -0.454788 0.485926 
1537390517286 0.236372 0.921492 -0.30819 -0.635205 -0.938884 0.298294 0.171807 -0.251374 0.25025 0.248744 0.935682 0.379863 0.316241 -0.38488 0.867098 0.400864 -0.930001 -0.306251 0.203246 -0.504429 0.187325 -0.870677 -0.454788 0.485926 
1537390517568 0.236316 0.921466 -0.308309 -0.634913 -0.938771 0.29839 0.17226 -0.251299 0.250728 0.248723 0.93556 0.379998 0.316531 -0.385118 0.866887 0.401814 -0.929976 -0.306103 0.20358 -0.50615 0.186955 -0.870623 -0.455042 0.486735 
1537390517803 0.23622 0.921544 -0.308151 -0.635161 -0.938902 0.298163 0.171937 -0.251306 0.250326 0.248709 0.935671 0.379937 0.16008 -0.304787 0.938871 0.370831 -0.775623 0.549475 0.310623 -0.528794 -0.61056 -0.777934 -0.14844 0.432481 
1537390517824 0.23616 0.921529 -0.308241 -0.634705 -0.938754 0.298285 0.172532 -0.251127 0.250937 0.248617 0.935532 0.380066 0.316241 -0.38488 0.867098 0.400864 -0.930001 -0.306251 0.203246 -0.504429 0.187325 -0.870677 -0.454788 0.485926 
1537390517892 0.236101 0.921513 -0.308333 -0.634249 -0.938605 0.298408 0.173128 -0.250947 0.251548 0.248527 0.935392 0.380194 0.316241 -0.38488 0.867098 0.400864 -0.930001 -0.306251 0.203246 -0.504429 0.187325 -0.870677 -0.454788 0.485926 
1537390518164 0.236041 0.921498 -0.308425 -0.633793 -0.938456 0.29853 0.173723 -0.250768 0.25216 0.248437 0.935251 0.380323 0.316241 -0.38488 0.867098 0.400864 -0.930001 -0.306251 0.203246 -0.504429 0.187325 -0.870677 -0.454788 0.485926 
1537390518435 0.235982 0.921483 -0.308516 -0.633336 -0.938307 0.298653 0.174318 -0.250588 0.252771 0.248347 0.93511 0.380451 0.316241 -0.38488 0.867098 0.400864 -0.930001 -0.306251 0.203246 -0.504429 0.187325 -0.870677 -0.454788 0.485926 
1537390518748 0.235922 0.921468 -0.308607 -0.63288 -0.938157 0.298775 0.174914 -0.250409 0.253381 0.248256 0.934969 0.38058 0.316241 -0.38488 0.867098 0.400864 -0.930001 -0.306251 0.203246 -0.504429 0.187325 -0.870677 -0.454788 0.485926 
1537390518993 0.235862 0.921452 -0.308698 -0.632424 -0.938007 0.298897 0.175509 -0.250229 0.253992 0.248165 0.934827 0.380709 0.316241 -0.38488 0.867098 0.400864 -0.930001 -0.306251 0.203246 -0.504429 0.187325 -0.870677 -0.454788 0.485926 
1537390519260 0.235802 0.921437 -0.30879 -0.631968 -0.937856 0.29902 0.176104 -0.25005 0.254603 0.248075 0.934685 0.380837 0.316241 -0.38488 0.867098 0.400864 -0.930001 -0.306251 0.203246 -0.504429 0.187325 -0.870677 -0.454788 0.485926 
1537390519532 0.235743 0.921422 -0.308881 -0.631511 -0.937705 0.299142 0.176699 -0.24987 0.255213 0.247984 0.934543 0.380966 0.316241 -0.38488 0.867098 0.400864 -0.930001 -0.306251 0.203246 -0.504429 0.187325 -0.870677 -0.454788 0.485926 
1537390519832 0.235668 0.92142 -0.308944 -0.631204 -0.937557 0.299246 0.17731 -0.249767 0.255827 0.247867 0.934406 0.381066 0.316531 -0.385118 0.866887 0.401814 -0.929976 -0.306103 0.20358 -0.50615 0.186955 -0.870623 -0.455042 0.486735 
1537390520065 0.235488 0.921547 -0.308702 -0.631483 -0.937711 0.298923 0.17704 -0.249705 0.255429 0.247783 0.934537 0.381049 0.16008 -0.304787 0.938871 0.370831 -0.775623 0.549475 0.310623 -0.528794 -0.61056 -0.777934 -0.14844 0.432481 
1537390520077 0.235416 0.921497 -0.308906 -0.631197 -0.937681 0.298941 0.177166 -0.249586 0.255603 0.247948 0.934446 0.381154 0.316241 -0.38488 0.867098 0.400864 -0.930001 -0.306251 0.203246 -0.504429 0.187325 -0.870677 -0.454788 0.485926 
1537390520093 0.235347 0.921445 -0.309112 -0.630911 -0.937651 0.298961 0.177292 -0.249468 0.255777 0.248114 0.934354 0.381258 0.316241 -0.38488 0.867098 0.400864 -0.930001 -0.306251 0.203246 -0.504429 0.187325 -0.870677 -0.454788 0.485926 
1537390520098 0.235276 0.921394 -0.309317 -0.630626 -0.937621 0.29898 0.177418 -0.249349 0.255951 0.24828 0.934262 0.381363 0.316241 -0.38488 0.867098 0.400864 -0.930001 -0.306251 0.203246 -0.504429 0.187325 -0.870677 -0.454788 0.485926 
1537390520420 0.235206 0.921343 -0.309523 -0.63034 -0.937591 0.298999 0.177544 -0.24923 0.256126 0.248446 0.93417 0.381467 0.316241 -0.38488 0.867098 0.400864 -0.930001 -0.306251 0.203246 -0.504429 0.187325 -0.870677 -0.454788 0.485926 
1537390520616 0.235136 0.921292 -0.309728 -0.630054 -0.937561 0.299018 0.177669 -0.249112 0.2563 0.248612 0.934078 0.381572 0.316241 -0.38488 0.867098 0.400864 -0.930001 -0.306251 0.203246 -0.504429 0.187325 -0.870677 -0.454788 0.485926 
1537390520826 0.235066 0.921241 -0.309933 -0.629768 -0.937531 0.299038 0.177795 -0.248993 0.256474 0.248778 0.933986 0.381677 0.316241 -0.38488 0.867098 0.400864 -0.930001 -0.306251 0.203246 -0.504429 0.187325 -0.870677 -0.454788 0.485926 
1537390521048 0.234995 0.92119 -0.310138 -0.629482 -0.937501 0.299057 0.177921 -0.248874 0.256648 0.248944 0.933894 0.381781 0.316241 -0.38488 0.867098 0.400864 -0.930001 -0.306251 0.203246 -0.504429 0.187325 -0.870677 -0.454788 0.485926 
1537390521255 0.234925 0.921139 -0.310343 -0.629197 -0.937471 0.299076 0.178047 -0.248755 0.256822 0.24911 0.933802 0.381886 0.316241 -0.38488 0.867098 0.400864 -0.930001 -0.306251 0.203246 -0.504429 0.187325 -0.870677 -0.454788 0.485926 
1537390521484 0.234844 0.921097 -0.310529 -0.629014 -0.937443 0.299083 0.178184 -0.248689 0.256999 0.249258 0.933714 0.381971 0.316531 -0.385118 0.866887 0.401814 -0.929976 -0.306103 0.20358 -0.50615 0.186955 -0.870623 -0.455042 0.486735 
1537390521585 0.234829 0.921207 -0.310215 -0.629207 -0.937479 0.298977 0.178175 -0.248748 0.256884 0.248979 0.93382 0.381921 0.16008 -0.304787 0.938871 0.370831 -0.775623 0.549475 0.310623 -0.528794 -0.61056 -0.777934 -0.14844 0.432481 
1537390521599 0.234908 0.921109 -0.310445 -0.628918 -0.93743 0.299124 0.178184 -0.248658 0.256988 0.249164 0.933742 0.382018 0.316241 -0.38488 0.867098 0.400864 -0.930001 -0.306251 0.203246 -0.504429 0.187325 -0.870677 -0.454788 0.485926 
1537390521815 0.234987 0.921011 -0.310676 -0.628629 -0.937381 0.299272 0.178192 -0.248568 0.257093 0.249349 0.933664 0.382114 0.316241 -0.38488 0.867098 0.400864 -0.930001 -0.306251 0.203246 -0.504429 0.187325 -0.870677 -0.454788 0.485926 
1537390522009 0.235066 0.920914 -0.310905 -0.628341 -0.937333 0.299419 0.178201 -0.248478 0.257199 0.249533 0.933586 0.382211 0.316241 -0.38488 0.867098 0.400864 -0.930001 -0.306251 0.203246 -0.504429 0.187325 -0.870677 -0.454788 0.485926 
1537390522029 0.235146 0.920815 -0.311136 -0.628052 -0.937284 0.299567 0.178209 -0.248388 0.257304 0.249718 0.933507 0.382307 0.316241 -0.38488 0.867098 0.400864 -0.930001 -0.306251 0.203246 -0.504429 0.187325 -0.870677 -0.454788 0.485926 
1537390522289 0.235225 0.920717 -0.311366 -0.627763 -0.937235 0.299714 0.178217 -0.248298 0.257409 0.249902 0.933429 0.382404 0.316241 -0.38488 0.867098 0.400864 -0.930001 -0.306251 0.203246 -0.504429 0.187325 -0.870677 -0.454788 0.485926 
1537390522499 0.235304 0.920619 -0.311596 -0.627474 -0.937187 0.299861 0.178226 -0.248208 0.257514 0.250087 0.933351 0.382501 0.316241 -0.38488 0.867098 0.400864 -0.930001 -0.306251 0.203246 -0.504429 0.187325 -0.870677 -0.454788 0.485926 
1537390522757 0.235383 0.920521 -0.311827 -0.627185 -0.937138 0.300009 0.178234 -0.248118 0.257619 0.250271 0.933272 0.382597 0.316241 -0.38488 0.867098 0.400864 -0.930001 -0.306251 0.203246 -0.504429 0.187325 -0.870677 -0.454788 0.485926 
1537390522958 0.235462 0.920423 -0.312057 -0.626896 -0.937089 0.300156 0.178243 -0.248028 0.257724 0.250455 0.933194 0.382694 0.316241 -0.38488 0.867098 0.400864 -0.930001 -0.306251 0.203246 -0.504429 0.187325 -0.870677 -0.454788 0.485926 
1537390523197 0.23553 0.920334 -0.312267 -0.626712 -0.937042 0.30029 0.178262 -0.247991 0.257832 0.250621 0.933119 0.38277 0.316531 -0.385118 0.866887 0.401814 -0.929976 -0.306103 0.20358 -0.50615 0.186955 -0.870623 -0.455042 0.486735 
1537390523297 0.235193 0.920522 -0.311967 -0.626941 -0.937159 0.299882 0.178335 -0.247917 0.257714 0.25042 0.933206 0.382656 0.16008 -0.304787 0.938871 0.370831 -0.775623 0.549475 0.310623 -0.528794 -0.61056 -0.777934 -0.14844 0.432481 
1537390523318 0.235295 0.920477 -0.312024 -0.626721 -0.93713 0.299993 0.178303 -0.247812 0.257729 0.250453 0.933193 0.38272 0.316241 -0.38488 0.867098 0.400864 -0.930001 -0.306251 0.203246 -0.504429 0.187325 -0.870677 -0.454788 0.485926 
1537390523332 0.235396 0.920431 -0.312081 -0.6265 -0.9371 0.300104 0.178271 -0.247707 0.257743 0.250487 0.93318 0.382785 0.316241 -0.38488 0.867098 0.400864 -0.930001 -0.306251 0.203246 -0.504429 0.187325 -0.870677 -0.454788 0.485926 
1537390523541 0.235498 0.920386 -0.312139 -0.62628 -0.937071 0.300215 0.178239 -0.247602 0.257758 0.250522 0.933167 0.382849 0.316241 -0.38488 0.867098 0.400864 -0.930001 -0.306251 0.203246 -0.504429 0.187325 -0.870677 -0.454788 0.485926 
1537390523634 0.2356 0.92034 -0.312196 -0.626059 -0.937041 0.300326 0.178207 -0.247497 0.257772 0.250555 0.933154 0.382914 0.316241 -0.38488 0.867098 0.400864 -0.930001 -0.306251 0.203246 -0.504429 0.187325 -0.870677 -0.454788 0.485926 
1537390523825 0.235702 0.920294 -0.312254 -0.625839 -0.937012 0.300438 0.178175 -0.247392 0.257786 0.25059 0.93314 0.382978 0.316241 -0.38488 0.867098 0.400864 -0.930001 -0.306251 0.203246 -0.504429 0.187325 -0.870677 -0.454788 0.485926 
1537390523939 0.235804 0.920249 -0.312312 -0.625618 -0.936982 0.300549 0.178142 -0.247287 0.2578 0.250624 0.933127 0.383042 0.316241 -0.38488 0.867098 0.400864 -0.930001 -0.306251 0.203246 -0.504429 0.187325 -0.870677 -0.454788 0.485926 
1537390524135 0.235906 0.920203 -0.312369 -0.625398 -0.936953 0.30066 0.17811 -0.247182 0.257815 0.250658 0.933114 0.383107 0.316241 -0.38488 0.867098 0.400864 -0.930001 -0.306251 0.203246 -0.504429 0.187325 -0.870677 -0.454788 0.485926 
1537390524335 0.236007 0.920158 -0.312427 -0.625177 -0.936923 0.300771 0.178078 -0.247077 0.257829 0.250692 0.933101 0.383171 0.316241 -0.38488 0.867098 0.400864 -0.930001 -0.306251 0.203246 -0.504429 0.187325 -0.870677 -0.454788 0.485926 
1537390524458 0.236101 0.920119 -0.31247 -0.625033 -0.936895 0.300873 0.178054 -0.247011 0.257845 0.250712 0.933091 0.38322 0.316531 -0.385118 0.866887 0.401814 -0.929976 -0.306103 0.20358 -0.50615 0.186955 -0.870623 -0.455042 0.486735 
1537390524645 0.235947 0.920156 -0.312477 -0.625205 -0.936923 0.300739 0.178134 -0.247011 0.257885 0.250736 0.933074 0.383102 0.16008 -0.304787 0.938871 0.370831 -0.775623 0.549475 0.310623 -0.528794 -0.61056 -0.777934 -0.14844 0.432481 
1537390524664 0.236185 0.920116 -0.312415 -0.625022 -0.936945 0.300872 0.177792 -0.246905 0.257587 0.250724 0.933159 0.383151 0.316241 -0.38488 0.867098 0.400864 -0.930001 -0.306251 0.203246 -0.504429 0.187325 -0.870677 -0.454788 0.485926 
1537390524686 0.236423 0.920075 -0.312355 -0.624838 -0.936967 0.301006 0.17745 -0.2468 0.257288 0.250713 0.933245 0.3832 0.316241 -0.38488 0.867098 0.400864 -0.930001 -0.306251 0.203246 -0.504429 0.187325 -0.870677 -0.454788 0.485926 
1537390524837 0.236662 0.920035 -0.312294 -0.624655 -0.936989 0.30114 0.177108 -0.246695 0.25699 0.250701 0.93333 0.383248 0.316241 -0.38488 0.867098 0.400864 -0.930001 -0.306251 0.203246 -0.504429 0.187325 -0.870677 -0.454788 0.485926 
1537390524897 0.2369 0.919994 -0.312232 -0.624472 -0.93701 0.301273 0.176766 -0.246589 0.256691 0.250689 0.933416 0.383297 0.316241 -0.38488 0.867098 0.400864 -0.930001 -0.306251 0.203246 -0.504429 0.187325 -0.870677 -0.454788 0.485926 
1537390525093 0.237139 0.919953 -0.312172 -0.624289 -0.937032 0.301408 0.176423 -0.246484 0.256392 0.250678 0.933501 0.383346 0.316241 -0.38488 0.867098 0.400864 -0.930001 -0.306251 0.203246 -0.504429 0.187325 -0.870677 -0.454788 0.485926 
1537390525167 0.237377 0.919913 -0.312111 -0.624105 -0.937053 0.301541 0.176081 -0.246378 0.256094 0.250666 0.933586 0.383395 0.316241 -0.38488 0.867098 0.400864 -0.930001 -0.306251 0.203246 -0.504429 0.187325 -0.870677 -0.454788 0.485926 
1537390525174 0.237615 0.919872 -0.312049 -0.623922 -0.937074 0.301675 0.175739 -0.246273 0.255795 0.250655 0.933671 0.383443 0.316241 -0.38488 0.867098 0.400864 -0.930001 -0.306251 0.203246 -0.504429 0.187325 -0.870677 -0.454788 0.485926 
1537390525434 0.237854 0.919831 -0.311988 -0.623739 -0.937095 0.301809 0.175397 -0.246167 0.255496 0.250643 0.933756 0.383492 0.316241 -0.38488 0.867098 0.400864 -0.930001 -0.306251 0.203246 -0.504429 0.187325 -0.870677 -0.454788 0.485926 
1537390525536 0.238085 0.919797 -0.311913 -0.623624 -0.937117 0.301934 0.175063 -0.246097 0.255199 0.25062 0.933843 0.383528 0.316531 -0.385118 0.866887 0.401814 -0.929976 -0.306103 0.20358 -0.50615 0.186955 -0.870623 -0.455042 0.486735 
1537390525697 0.237705 0.919885 -0.311943 -0.623841 -0.93708 0.301712 0.175644 -0.246144 0.255689 0.250564 0.933724 0.383494 0.16008 -0.304787 0.938871 0.370831 -0.775623 0.549475 0.310623 -0.528794 -0.61056 -0.777934 -0.14844 0.432481 
1537390525714 0.23767 0.919889 -0.311957 -0.623629 -0.937086 0.301684 0.175659 -0.246079 0.255699 0.250582 0.933716 0.383558 0.316241 -0.38488 0.867098 0.400864 -0.930001 -0.306251 0.203246 -0.504429 0.187325 -0.870677 -0.454788 0.485926 
1537390525740 0.237634 0.919893 -0.311972 -0.623417 -0.937092 0.301656 0.175675 -0.246014 0.25571 0.2506 0.933709 0.383621 0.316241 -0.38488 0.867098 0.400864 -0.930001 -0.306251 0.203246 -0.504429 0.187325 -0.870677 -0.454788 0.485926 
1537390525815 0.2376 0.919897 -0.311987 -0.623205 -0.937098 0.301628 0.175689 -0.24595 0.25572 0.250619 0.933701 0.383685 0.316241 -0.38488 0.867098 0.400864 -0.930001 -0.306251 0.203246 -0.504429 0.187325 -0.870677 -0.454788 0.485926 
1537390525965 0.237564 0.919901 -0.312001 -0.622993 -0.937105 0.3016 0.175705 -0.245885 0.255731 0.250637 0.933693 0.383749 0.316241 -0.38488 0.867098 0.400864 -0.930001 -0.306251 0.203246 -0.504429 0.187325 -0.870677 -0.454788 0.485926 
1537390526063 0.237529 0.919905 -0.312016 -0.622781 -0.937111 0.301573 0.17572 -0.24582 0.255741 0.250655 0.933686 0.383813 0.316241 -0.38488 0.867098 0.400864 -0.930001 -0.306251 0.203246 -0.504429 0.187325 -0.870677 -0.454788 0.485926 
1537390526252 0.237494 0.919909 -0.312031 -0.622569 -0.937117 0.301546 0.175735 -0.245755 0.255752 0.250674 0.933678 0.383876 0.316241 -0.38488 0.867098 0.400864 -0.930001 -0.306251 0.203246 -0.504429 0.187325 -0.870677 -0.454788 0.485926 
1537390526318 0.237459 0.919913 -0.312046 -0.622357 -0.937123 0.301518 0.17575 -0.24569 0.255762 0.250692 0.93367 0.38394 0.316241 -0.38488 0.867098 0.400864 -0.930001 -0.306251 0.203246 -0.504429 0.187325 -0.870677 -0.454788 0.485926 
1537390526503 0.237424 0.919917 -0.312061 -0.622145 -0.937129 0.30149 0.175765 -0.245625 0.255773 0.25071 0.933662 0.384004 0.316241 -0.38488 0.867098 0.400864 -0.930001 -0.306251 0.203246 -0.504429 0.187325 -0.870677 -0.454788 0.485926 
1537390526645 0.237383 0.919927 -0.312064 -0.621994 -0.937136 0.301455 0.175787 -0.245592 0.255784 0.250718 0.933657 0.384056 0.316531 -0.385118 0.866887 0.401814 -0.929976 -0.306103 0.20358 -0.50615 0.186955 -0.870623 -0.455042 0.486735 
1537390526779 0.237373 0.920014 -0.311813 -0.622227 -0.937124 0.301412 0.175924 -0.245611 0.255837 0.250448 0.933715 0.384079 0.16008 -0.304787 0.938871 0.370831 -0.775623 0.549475 0.310623 -0.528794 -0.61056 -0.777934 -0.14844 0.432481 
1537390526789 0.23745 0.920059 -0.311624 -0.621897 -0.937057 0.301495 0.176137 -0.245514 0.25601 0.250186 0.933738 0.384161 0.316241 -0.38488 0.867098 0.400864 -0.930001 -0.306251 0.203246 -0.504429 0.187325 -0.870677 -0.454788 0.485926 
1537390526792 0.237527 0.920102 -0.311436 -0.621568 -0.936991 0.301578 0.17635 -0.245417 0.256182 0.249925 0.93376 0.384243 0.316241 -0.38488 0.867098 0.400864 -0.930001 -0.306251 0.203246 -0.504429 0.187325 -0.870677 -0.454788 0.485926 
1537390526962 0.237604 0.920146 -0.311249 -0.621238 -0.936924 0.301661 0.176563 -0.24532 0.256355 0.249664 0.933783 0.384325 0.316241 -0.38488 0.867098 0.400864 -0.930001 -0.306251 0.203246 -0.504429 0.187325 -0.870677 -0.454788 0.485926 
1537390527161 0.237682 0.92019 -0.31106 -0.620909 -0.936857 0.301744 0.176776 -0.245223 0.256528 0.249402 0.933805 0.384407 0.316241 -0.38488 0.867098 0.400864 -0.930001 -0.306251 0.203246 -0.504429 0.187325 -0.870677 -0.454788 0.485926 
1537390527398 0.237759 0.920233 -0.310873 -0.620579 -0.93679 0.301827 0.176988 -0.245126 0.2567 0.249142 0.933827 0.384489 0.316241 -0.38488 0.867098 0.400864 -0.930001 -0.306251 0.203246 -0.504429 0.187325 -0.870677 -0.454788 0.485926 
1537390527602 0.237837 0.920276 -0.310685 -0.620249 -0.936723 0.30191 0.177201 -0.245029 0.256873 0.24888 0.933849 0.384571 0.316241 -0.38488 0.867098 0.400864 -0.930001 -0.306251 0.203246 -0.504429 0.187325 -0.870677 -0.454788 0.485926 
1537390527797 0.237914 0.92032 -0.310497 -0.61992 -0.936656 0.301993 0.177414 -0.244932 0.257046 0.248619 0.933872 0.384653 0.316241 -0.38488 0.867098 0.400864 -0.930001 -0.306251 0.203246 -0.504429 0.187325 -0.870677 -0.454788 0.485926 
1537390528006 0.237992 0.920363 -0.310309 -0.61959 -0.936589 0.302076 0.177627 -0.244835 0.257218 0.248358 0.933894 0.384736 0.316241 -0.38488 0.867098 0.400864 -0.930001 -0.306251 0.203246 -0.504429 0.187325 -0.870677 -0.454788 0.485926 
1537390528216 0.238061 0.920414 -0.310106 -0.61934 -0.936523 0.302149 0.177849 -0.24478 0.257393 0.248082 0.933919 0.384802 0.316531 -0.385118 0.866887 0.401814 -0.929976 -0.306103 0.20358 -0.50615 0.186955 -0.870623 -0.455042 0.486735 
1537390528317 0.237696 0.920414 -0.310385 -0.619658 -0.93665 0.301825 0.177733 -0.244732 0.257269 0.248475 0.933848 0.384673 0.16008 -0.304787 0.938871 0.370831 -0.775623 0.549475 0.310623 -0.528794 -0.61056 -0.777934 -0.14844 0.432481 
1537390528324 0.23784 0.920388 -0.310352 -0.619295 -0.936464 0.302098 0.178245 -0.244632 0.257811 0.24824 0.933761 0.384758 0.316241 -0.38488 0.867098 0.400864 -0.930001 -0.306251 0.203246 -0.504429 0.187325 -0.870677 -0.454788 0.485926 
1537390528447 0.237984 0.920361 -0.31032 -0.618932 -0.936278 0.302372 0.178757 -0.244532 0.258353 0.248004 0.933674 0.384843 0.316241 -0.38488 0.867098 0.400864 -0.930001 -0.306251 0.203246 -0.504429 0.187325 -0.870677 -0.454788 0.485926 
1537390528454 0.238128 0.920335 -0.310287 -0.618569 -0.936092 0.302645 0.17927 -0.244432 0.258895 0.247768 0.933587 0.384929 0.316241 -0.38488 0.867098 0.400864 -0.930001 -0.306251 0.203246 -0.504429 0.187325 -0.870677 -0.454788 0.485926 
1537390528773 0.238272 0.920309 -0.310255 -0.618207 -0.935906 0.302918 0.179781 -0.244332 0.259436 0.247532 0.933499 0.385014 0.316241 -0.38488 0.867098 0.400864 -0.930001 -0.306251 0.203246 -0.504429 0.187325 -0.870677 -0.454788 0.485926 
1537390528973 0.238416 0.920283 -0.310222 -0.617844 -0.935719 0.303191 0.180293 -0.244231 0.259977 0.247296 0.933411 0.385099 0.316241 -0.38488 0.867098 0.400864 -0.930001 -0.306251 0.203246 -0.504429 0.187325 -0.870677 -0.454788 0.485926 
1537390529182 0.23856 0.920256 -0.31019 -0.617481 -0.935531 0.303464 0.180805 -0.244131 0.260519 0.247059 0.933323 0.385184 0.316241 -0.38488 0.867098 0.400864 -0.930001 -0.306251 0.203246 -0.504429 0.187325 -0.870677 -0.454788 0.485926 
