1533836748151 0.058358 0.532919 -0.844151 -0.582323 -0.962057 0.255787 0.0949715 -0.219996 0.266535 0.806579 0.527626 0.444154 0.16008 -0.304787 0.938871 0.370831 -0.775623 0.549475 0.310623 -0.528794 -0.61056 -0.777934 -0.14844 0.432481 
1533836748163 0.0800177 0.579299 -0.811178 -0.583395 -0.961329 0.25999 0.0908415 -0.219035 0.263523 0.77254 0.5777 0.436453 0.316223 -0.384865 0.867111 0.400804 -0.930002 -0.306261 0.203225 -0.504321 0.187348 -0.87068 -0.454772 0.485875 
1533836749432 0.101428 0.623545 -0.77518 -0.584502 -0.96048 0.264402 0.0870083 -0.218152 0.259213 0.73572 0.62572 0.428705 0.316223 -0.384865 0.867111 0.400804 -0.930002 -0.306261 0.203225 -0.504321 0.187348 -0.87068 -0.454772 0.485875 
1533836750683 0.122414 0.665581 -0.736218 -0.58577 -0.959516 0.268959 0.0836106 -0.217603 0.253662 0.696178 0.67156 0.42076 0.316223 -0.384865 0.867111 0.400804 -0.930002 -0.306261 0.203225 -0.504321 0.187348 -0.87068 -0.454772 0.485875 
1533836751859 0.142956 0.705167 -0.694481 -0.587128 -0.958445 0.27366 0.0805788 -0.217227 0.246873 0.654103 0.714985 0.412722 0.316223 -0.384865 0.867111 0.400804 -0.930002 -0.306261 0.203225 -0.504321 0.187348 -0.87068 -0.454772 0.485875 
1533836752927 0.163055 0.742076 -0.650182 -0.588476 -0.957272 0.278522 0.0778184 -0.216805 0.238837 0.609713 0.755783 0.404713 0.316223 -0.384865 0.867111 0.400804 -0.930002 -0.306261 0.203225 -0.504321 0.187348 -0.87068 -0.454772 0.485875 
1533836753911 0.182652 0.776163 -0.603497 -0.589787 -0.955998 0.283538 0.0753234 -0.2163 0.229578 0.563184 0.793799 0.396752 0.316223 -0.384865 0.867111 0.400804 -0.930002 -0.306261 0.203225 -0.504321 0.187348 -0.87068 -0.454772 0.485875 
1533836753917 0.20166 0.807317 -0.554592 -0.591072 -0.954627 0.288687 0.0731201 -0.215742 0.219135 0.514683 0.828904 0.38882 0.316223 -0.384865 0.867111 0.400804 -0.930002 -0.306261 0.203225 -0.504321 0.187348 -0.87068 -0.454772 0.485875 
1533836755215 0.22 0.835432 -0.50364 -0.592343 -0.953165 0.293945 0.0712303 -0.21516 0.20755 0.464381 0.860972 0.380901 0.316223 -0.384865 0.867111 0.400804 -0.930002 -0.306261 0.203225 -0.504321 0.187348 -0.87068 -0.454772 0.485875 
1533836756136 0.237886 0.86013 -0.451206 -0.592124 -0.95156 0.299543 0.0693312 -0.213543 0.194789 0.412857 0.889723 0.373578 0.316334 -0.384956 0.867031 0.401168 -0.929993 -0.306204 0.203353 -0.504979 0.187206 -0.87066 -0.454869 0.486184 
1533836757044 0.238349 0.859772 -0.451643 -0.591909 -0.951329 0.300238 0.0694958 -0.213755 0.195351 0.413097 0.889488 0.374032 0.316334 -0.384956 0.867031 0.401168 -0.929993 -0.306204 0.203353 -0.504979 0.187206 -0.87066 -0.454869 0.486184 
1533836757057 0.239995 0.862159 -0.446189 -0.592202 -0.951197 0.300684 0.0693771 -0.213775 0.193976 0.407763 0.892246 0.373138 0.316221 -0.384863 0.867113 0.400797 -0.930002 -0.306262 0.203223 -0.504308 0.187351 -0.87068 -0.45477 0.485869 
1533836757367 0.24163 0.864514 -0.440716 -0.592501 -0.951064 0.30113 0.0692624 -0.213798 0.192591 0.402413 0.894971 0.372241 0.316221 -0.384863 0.867113 0.400796 -0.930002 -0.306262 0.203223 -0.504306 0.187351 -0.87068 -0.45477 0.485868 
1533836757681 0.243257 0.866836 -0.435226 -0.592799 -0.950931 0.301576 0.0691504 -0.213821 0.191196 0.397048 0.897662 0.371345 0.31622 -0.384863 0.867113 0.400796 -0.930002 -0.306262 0.203222 -0.504306 0.187351 -0.87068 -0.454769 0.485868 
1533836757687 0.244876 0.869125 -0.429719 -0.593098 -0.950797 0.302023 0.0690413 -0.213844 0.18979 0.391669 0.900319 0.370448 0.31622 -0.384863 0.867113 0.400796 -0.930002 -0.306262 0.203222 -0.504305 0.187351 -0.87068 -0.45477 0.485867 
1533836758135 0.246485 0.87138 -0.424196 -0.593396 -0.950663 0.30247 0.0689351 -0.213868 0.188375 0.386276 0.902943 0.369552 0.316221 -0.384863 0.867113 0.400795 -0.930002 -0.306262 0.203223 -0.504305 0.187351 -0.87068 -0.45477 0.485867 
1533836758454 0.248086 0.873601 -0.418657 -0.593694 -0.950528 0.302918 0.0688316 -0.21389 0.18695 0.380869 0.905532 0.368656 0.316221 -0.384863 0.867113 0.400795 -0.930002 -0.306262 0.203223 -0.504305 0.187351 -0.87068 -0.45477 0.485867 
1533836758762 0.249678 0.87579 -0.413102 -0.593993 -0.950392 0.303366 0.0687312 -0.213914 0.185515 0.375449 0.908087 0.367759 0.31622 -0.384863 0.867113 0.400795 -0.930002 -0.306262 0.203222 -0.504305 0.187352 -0.87068 -0.454769 0.485867 
1533836759076 0.251261 0.877944 -0.407532 -0.594291 -0.950256 0.303815 0.0686334 -0.213937 0.18407 0.370015 0.910608 0.366863 0.31622 -0.384863 0.867113 0.400795 -0.930002 -0.306262 0.203222 -0.504305 0.187352 -0.87068 -0.454769 0.485867 
1533836759082 0.252835 0.880065 -0.401946 -0.594589 -0.950119 0.304264 0.0685385 -0.213959 0.182616 0.364568 0.913095 0.365967 0.31622 -0.384863 0.867113 0.400795 -0.930002 -0.306262 0.203222 -0.504305 0.187352 -0.87068 -0.454769 0.485867 
1533836759688 0.252873 0.88005 -0.401954 -0.59455 -0.950103 0.304311 0.0685494 -0.213979 0.182646 0.364563 0.913091 0.366014 0.31622 -0.384863 0.867113 0.400795 -0.930002 -0.306262 0.203222 -0.504305 0.187352 -0.87068 -0.454769 0.485867 
1533836759698 0.253545 0.880293 -0.400999 -0.594583 -0.950047 0.304609 0.0679939 -0.213973 0.182002 0.363729 0.913552 0.365862 0.31622 -0.384863 0.867113 0.400795 -0.930002 -0.306262 0.203222 -0.504304 0.187351 -0.87068 -0.454769 0.485867 
1533836759837 0.254215 0.880534 -0.400043 -0.594621 -0.949991 0.304907 0.0674396 -0.213969 0.181359 0.362894 0.914012 0.365708 0.31622 -0.384863 0.867113 0.400795 -0.930002 -0.306262 0.203222 -0.504304 0.187351 -0.87068 -0.454769 0.485867 
1533836759965 0.254885 0.880774 -0.399087 -0.594659 -0.949935 0.305206 0.0668855 -0.213966 0.180715 0.362059 0.91447 0.365554 0.31622 -0.384863 0.867113 0.400795 -0.930002 -0.306262 0.203222 -0.504304 0.187351 -0.87068 -0.454769 0.485867 
1533836760078 0.255554 0.881013 -0.39813 -0.594697 -0.949877 0.305504 0.0663319 -0.213963 0.18007 0.361223 0.914928 0.365401 0.31622 -0.384863 0.867113 0.400795 -0.930002 -0.306262 0.203222 -0.504304 0.187351 -0.87068 -0.454769 0.485867 
1533836760205 0.256222 0.881252 -0.397172 -0.594735 -0.94982 0.305804 0.0657785 -0.213959 0.179424 0.360388 0.915384 0.365247 0.31622 -0.384863 0.867113 0.400795 -0.930002 -0.306262 0.203222 -0.504304 0.187351 -0.87068 -0.454769 0.485867 
1533836760338 0.25689 0.881489 -0.396213 -0.594772 -0.949761 0.306104 0.0652253 -0.213955 0.178778 0.359552 0.915839 0.365093 0.31622 -0.384863 0.867113 0.400795 -0.930002 -0.306262 0.203222 -0.504304 0.187351 -0.87068 -0.454769 0.485867 
1533836760345 0.257557 0.881725 -0.395254 -0.594811 -0.949702 0.306404 0.0646726 -0.213952 0.178131 0.358717 0.916292 0.364939 0.31622 -0.384863 0.867113 0.400795 -0.930002 -0.306262 0.203222 -0.504304 0.187351 -0.87068 -0.454769 0.485867 
1533836760535 0.258223 0.88196 -0.394294 -0.594848 -0.949642 0.306705 0.06412 -0.213949 0.177483 0.357881 0.916745 0.364786 0.31622 -0.384863 0.867113 0.400795 -0.930002 -0.306262 0.203222 -0.504304 0.187351 -0.87068 -0.454769 0.485867 
1533836760664 0.258888 0.882194 -0.393333 -0.594885 -0.949582 0.307006 0.0635677 -0.213945 0.176835 0.357045 0.917196 0.364632 0.31622 -0.384863 0.867113 0.400795 -0.930002 -0.306262 0.203222 -0.504304 0.187351 -0.87068 -0.454769 0.485867 
1533836760788 0.258558 0.881955 -0.394086 -0.594859 -0.949569 0.306964 0.0639692 -0.214019 0.177388 0.357672 0.916845 0.36481 0.31622 -0.384863 0.867113 0.400795 -0.930002 -0.306262 0.203222 -0.504304 0.187351 -0.87068 -0.454769 0.485867 
1533836760802 0.258831 0.881966 -0.393882 -0.594868 -0.949584 0.307021 0.06347 -0.214015 0.176908 0.357596 0.916967 0.364769 0.31622 -0.384863 0.867113 0.400795 -0.930002 -0.306262 0.203222 -0.504304 0.187351 -0.87068 -0.454769 0.485867 
1533836760818 0.259105 0.881976 -0.393678 -0.594877 -0.949599 0.307078 0.0629694 -0.214009 0.176427 0.35752 0.917089 0.364728 0.31622 -0.384863 0.867113 0.400795 -0.930002 -0.306262 0.203222 -0.504304 0.187351 -0.87068 -0.454769 0.485867 
1533836760835 0.259378 0.881987 -0.393474 -0.594885 -0.949614 0.307134 0.0624692 -0.214005 0.175946 0.357445 0.917211 0.364687 0.31622 -0.384863 0.867113 0.400795 -0.930002 -0.306262 0.203222 -0.504304 0.187351 -0.87068 -0.454769 0.485867 
1533836760852 0.259651 0.881998 -0.393269 -0.594894 -0.949628 0.307192 0.0619681 -0.213998 0.175465 0.35737 0.917333 0.364648 0.31622 -0.384863 0.867113 0.400795 -0.930002 -0.306262 0.203222 -0.504304 0.187351 -0.87068 -0.454769 0.485867 
1533836760923 0.259924 0.882009 -0.393065 -0.594903 -0.949642 0.307248 0.0614677 -0.213992 0.174984 0.357294 0.917454 0.364607 0.31622 -0.384863 0.867113 0.400795 -0.930002 -0.306262 0.203222 -0.504304 0.187351 -0.87068 -0.454769 0.485867 
1533836760952 0.260198 0.882019 -0.392861 -0.594912 -0.949656 0.307306 0.0609667 -0.213985 0.174502 0.357219 0.917575 0.364567 0.31622 -0.384863 0.867113 0.400795 -0.930002 -0.306262 0.203222 -0.504304 0.187351 -0.87068 -0.454769 0.485867 
1533836760968 0.26047 0.88203 -0.392656 -0.594921 -0.949669 0.307363 0.0604661 -0.21398 0.174021 0.357144 0.917696 0.364527 0.31622 -0.384863 0.867113 0.400795 -0.930002 -0.306262 0.203222 -0.504304 0.187351 -0.87068 -0.454769 0.485867 
1533836761011 0.260743 0.88204 -0.392451 -0.59493 -0.949683 0.30742 0.0599656 -0.213974 0.173539 0.357068 0.917816 0.364486 0.31622 -0.384863 0.867113 0.400795 -0.930002 -0.306262 0.203222 -0.504304 0.187351 -0.87068 -0.454769 0.485867 
1533836761049 0.261016 0.882051 -0.392246 -0.594939 -0.949696 0.307477 0.059465 -0.213968 0.173058 0.356993 0.917936 0.364446 0.31622 -0.384863 0.867113 0.400795 -0.930002 -0.306262 0.203222 -0.504304 0.187351 -0.87068 -0.454769 0.485867 
1533836761079 0.260211 0.882033 -0.392821 -0.594891 -0.949615 0.307391 0.0611689 -0.214018 0.174703 0.357112 0.917578 0.364645 0.31622 -0.384863 0.867113 0.400795 -0.930002 -0.306262 0.203222 -0.504304 0.187351 -0.87068 -0.454769 0.485867 
1533836761090 0.260379 0.882102 -0.392554 -0.594897 -0.949583 0.3075 0.0611251 -0.214025 0.174629 0.356846 0.917696 0.364621 0.31622 -0.384863 0.867113 0.400795 -0.930002 -0.306262 0.203222 -0.504304 0.187351 -0.87068 -0.45477 0.485867 
1533836761107 0.260545 0.882173 -0.392285 -0.594909 -0.949551 0.307607 0.0610824 -0.214035 0.174555 0.35658 0.917813 0.364595 0.31622 -0.384863 0.867113 0.400795 -0.930002 -0.306262 0.203222 -0.504304 0.187351 -0.87068 -0.45477 0.485867 
1533836761124 0.260712 0.882243 -0.392016 -0.59492 -0.949519 0.307715 0.0610397 -0.214045 0.174481 0.356313 0.917931 0.364569 0.31622 -0.384863 0.867113 0.400795 -0.930002 -0.306262 0.203222 -0.504304 0.187351 -0.87068 -0.45477 0.485867 
1533836761140 0.260878 0.882313 -0.391747 -0.594931 -0.949487 0.307822 0.0609971 -0.214055 0.174407 0.356046 0.918049 0.364543 0.31622 -0.384863 0.867113 0.400795 -0.930002 -0.306262 0.203222 -0.504304 0.187351 -0.87068 -0.45477 0.485867 
1533836761227 0.261044 0.882384 -0.391478 -0.594943 -0.949455 0.307929 0.0609545 -0.214065 0.174333 0.355779 0.918166 0.364517 0.31622 -0.384863 0.867113 0.400795 -0.930002 -0.306262 0.203222 -0.504304 0.187351 -0.87068 -0.45477 0.485867 
1533836761244 0.26121 0.882453 -0.39121 -0.594954 -0.949423 0.308037 0.0609118 -0.214074 0.174259 0.355513 0.918284 0.364491 0.31622 -0.384863 0.867113 0.400795 -0.930002 -0.306262 0.203222 -0.504304 0.187351 -0.87068 -0.45477 0.485867 
1533836761260 0.261376 0.882524 -0.390941 -0.594966 -0.94939 0.308144 0.0608693 -0.214084 0.174185 0.355246 0.918401 0.364465 0.31622 -0.384863 0.867113 0.400795 -0.930002 -0.306262 0.203222 -0.504304 0.187351 -0.87068 -0.45477 0.485867 
1533836761328 0.261542 0.882593 -0.390672 -0.594977 -0.949358 0.308252 0.0608267 -0.214094 0.17411 0.354979 0.918518 0.364439 0.31622 -0.384863 0.867113 0.400795 -0.930002 -0.306262 0.203222 -0.504304 0.187351 -0.87068 -0.45477 0.485867 
1533836761361 0.261709 0.882663 -0.390403 -0.594988 -0.949326 0.308359 0.060784 -0.214103 0.174036 0.354712 0.918635 0.364413 0.31622 -0.384863 0.867113 0.400795 -0.930002 -0.306262 0.203222 -0.504304 0.187351 -0.87068 -0.45477 0.485867 
1533836761391 0.26124 0.882474 -0.391143 -0.594904 -0.949429 0.308031 0.0608479 -0.21415 0.174181 0.355466 0.918316 0.364571 0.31622 -0.384863 0.867113 0.400795 -0.930002 -0.306262 0.203222 -0.504304 0.187351 -0.87068 -0.45477 0.485867 
1533836761402 0.261338 0.88253 -0.390953 -0.594908 -0.949401 0.30811 0.0608819 -0.214152 0.174186 0.35526 0.918395 0.364547 0.31622 -0.384863 0.867113 0.400795 -0.930002 -0.306262 0.203222 -0.504304 0.187351 -0.87068 -0.45477 0.485867 
1533836761419 0.261434 0.882586 -0.390761 -0.594915 -0.949373 0.308188 0.0609176 -0.214156 0.174193 0.355052 0.918474 0.364522 0.31622 -0.384863 0.867113 0.400795 -0.930002 -0.306262 0.203222 -0.504304 0.187351 -0.87068 -0.45477 0.485867 
1533836761436 0.261531 0.882642 -0.39057 -0.594923 -0.949345 0.308267 0.0609533 -0.21416 0.1742 0.354845 0.918553 0.364496 0.31622 -0.384863 0.867113 0.400795 -0.930002 -0.306262 0.203222 -0.504304 0.187351 -0.87068 -0.45477 0.485867 
1533836761452 0.261627 0.882698 -0.390379 -0.594931 -0.949317 0.308346 0.0609891 -0.214165 0.174207 0.354637 0.918632 0.364471 0.31622 -0.384863 0.867113 0.400795 -0.930002 -0.306262 0.203222 -0.504304 0.187351 -0.87068 -0.45477 0.485867 
1533836761469 0.261724 0.882754 -0.390188 -0.594938 -0.949289 0.308425 0.0610248 -0.214169 0.174213 0.35443 0.918711 0.364446 0.31622 -0.384863 0.867113 0.400795 -0.930002 -0.306262 0.203222 -0.504304 0.187351 -0.87068 -0.45477 0.485867 
1533836761476 0.261821 0.882809 -0.389996 -0.594947 -0.949261 0.308504 0.0610607 -0.214174 0.17422 0.354222 0.91879 0.36442 0.31622 -0.384863 0.867113 0.400795 -0.930002 -0.306262 0.203222 -0.504304 0.187351 -0.87068 -0.45477 0.485867 
1533836761489 0.261918 0.882865 -0.389805 -0.594954 -0.949233 0.308582 0.0610964 -0.214177 0.174227 0.354014 0.918868 0.364395 0.31622 -0.384863 0.867113 0.400795 -0.930002 -0.306262 0.203222 -0.504304 0.187351 -0.87068 -0.45477 0.485867 
1533836761506 0.262014 0.882921 -0.389614 -0.594963 -0.949206 0.308661 0.0611323 -0.214182 0.174234 0.353806 0.918947 0.364369 0.31622 -0.384863 0.867113 0.400795 -0.930002 -0.306262 0.203222 -0.504304 0.187351 -0.87068 -0.45477 0.485867 
1533836761606 0.262111 0.882977 -0.389423 -0.59497 -0.949178 0.30874 0.0611681 -0.214186 0.17424 0.353599 0.919026 0.364344 0.31622 -0.384863 0.867113 0.400795 -0.930002 -0.306262 0.203222 -0.504304 0.187351 -0.87068 -0.45477 0.485867 
1533836761633 0.261779 0.882758 -0.390141 -0.594921 -0.949275 0.30847 0.0610146 -0.21417 0.174208 0.354379 0.918731 0.364434 0.31622 -0.384863 0.867113 0.400795 -0.930002 -0.306262 0.203222 -0.504304 0.187351 -0.87068 -0.45477 0.485867 
1533836761645 0.261801 0.88288 -0.389851 -0.59493 -0.94928 0.308449 0.0610509 -0.214166 0.17415 0.354095 0.918852 0.364392 0.31622 -0.384863 0.867113 0.400795 -0.930002 -0.306262 0.203222 -0.504304 0.187351 -0.87068 -0.45477 0.485867 
1533836761660 0.261823 0.883001 -0.38956 -0.594941 -0.949285 0.308427 0.0610868 -0.214164 0.174091 0.35381 0.918973 0.364349 0.31622 -0.384863 0.867113 0.400795 -0.930002 -0.306262 0.203222 -0.504304 0.187351 -0.87068 -0.45477 0.485867 
1533836761676 0.261845 0.883124 -0.389268 -0.594955 -0.949289 0.308405 0.0611232 -0.214164 0.174032 0.353524 0.919094 0.364306 0.31622 -0.384863 0.867113 0.400795 -0.930002 -0.306262 0.203222 -0.504304 0.187351 -0.87068 -0.45477 0.485867 
1533836761693 0.261867 0.883245 -0.388977 -0.594966 -0.949294 0.308383 0.0611591 -0.214161 0.173973 0.353238 0.919215 0.364263 0.31622 -0.384863 0.867113 0.400795 -0.930002 -0.306262 0.203222 -0.504304 0.187351 -0.87068 -0.45477 0.485867 
1533836761710 0.261889 0.883367 -0.388686 -0.594979 -0.949299 0.308362 0.0611953 -0.21416 0.173914 0.352953 0.919336 0.364219 0.31622 -0.384863 0.867113 0.400795 -0.930002 -0.306262 0.203222 -0.504304 0.187351 -0.87068 -0.45477 0.485867 
1533836761716 0.261911 0.883489 -0.388394 -0.594991 -0.949304 0.30834 0.0612313 -0.214158 0.173855 0.352667 0.919457 0.364176 0.31622 -0.384863 0.867113 0.400795 -0.930002 -0.306262 0.203222 -0.504304 0.187351 -0.87068 -0.45477 0.485867 
1533836761828 0.261933 0.883611 -0.388103 -0.595004 -0.949308 0.308318 0.0612675 -0.214157 0.173796 0.352381 0.919577 0.364133 0.31622 -0.384863 0.867113 0.400795 -0.930002 -0.306262 0.203222 -0.504304 0.187351 -0.87068 -0.45477 0.485867 
1533836761858 0.261955 0.883732 -0.387811 -0.595016 -0.949313 0.308296 0.0613035 -0.214156 0.173737 0.352095 0.919698 0.36409 0.31622 -0.384863 0.867113 0.400795 -0.930002 -0.306262 0.203222 -0.504304 0.187351 -0.87068 -0.45477 0.485867 
1533836761874 0.261976 0.883854 -0.387519 -0.59503 -0.949318 0.308274 0.0613397 -0.214155 0.173678 0.351809 0.919819 0.364046 0.31622 -0.384863 0.867113 0.400795 -0.930002 -0.306262 0.203222 -0.504304 0.187351 -0.87068 -0.45477 0.485867 
1533836761969 0.261969 0.883544 -0.38823 -0.595025 -0.949305 0.308347 0.0611724 -0.214206 0.173758 0.352524 0.91953 0.364172 0.31622 -0.384863 0.867113 0.400795 -0.930002 -0.306262 0.203222 -0.504304 0.187351 -0.87068 -0.45477 0.485867 
1533836761980 0.26194 0.883484 -0.388386 -0.595019 -0.94933 0.308295 0.0610387 -0.21419 0.173664 0.352719 0.919473 0.364207 0.31622 -0.384863 0.867113 0.400795 -0.930002 -0.306262 0.203222 -0.504304 0.187351 -0.87068 -0.45477 0.485867 
1533836761997 0.26191 0.883423 -0.388544 -0.595008 -0.949356 0.308244 0.0609046 -0.214172 0.173571 0.352915 0.919415 0.364244 0.31622 -0.384863 0.867113 0.400795 -0.930002 -0.306262 0.203222 -0.504304 0.187351 -0.87068 -0.45477 0.485867 
1533836762110 0.261881 0.883363 -0.388701 -0.594998 -0.949381 0.308193 0.0607705 -0.214154 0.173477 0.353111 0.919358 0.36428 0.31622 -0.384863 0.867113 0.400795 -0.930002 -0.306262 0.203222 -0.504304 0.187351 -0.87068 -0.45477 0.485867 
1533836762127 0.261852 0.883302 -0.388859 -0.594988 -0.949406 0.308142 0.0606364 -0.214135 0.173384 0.353307 0.9193 0.364317 0.31622 -0.384863 0.867113 0.400795 -0.930002 -0.306262 0.203222 -0.504304 0.187351 -0.87068 -0.45477 0.485867 
1533836762144 0.261822 0.883242 -0.389016 -0.594978 -0.949431 0.308091 0.0605025 -0.214118 0.17329 0.353503 0.919242 0.364353 0.31622 -0.384863 0.867113 0.400795 -0.930002 -0.306262 0.203222 -0.504304 0.187351 -0.87068 -0.45477 0.485867 
1533836762160 0.261793 0.883181 -0.389173 -0.594967 -0.949456 0.30804 0.0603683 -0.214099 0.173197 0.353699 0.919184 0.36439 0.31622 -0.384863 0.867113 0.400795 -0.930002 -0.306262 0.203222 -0.504304 0.187351 -0.87068 -0.45477 0.485867 
1533836762182 0.261764 0.88312 -0.389331 -0.594958 -0.949481 0.307988 0.0602344 -0.214081 0.173103 0.353895 0.919126 0.364427 0.31622 -0.384863 0.867113 0.400795 -0.930002 -0.306262 0.203222 -0.504304 0.187351 -0.87068 -0.45477 0.485867 
1533836762245 0.261734 0.883059 -0.389488 -0.594946 -0.949507 0.307937 0.0601002 -0.214062 0.17301 0.354091 0.919068 0.364464 0.31622 -0.384863 0.867113 0.400795 -0.930002 -0.306262 0.203222 -0.504304 0.187351 -0.87068 -0.45477 0.485867 
1533836762262 0.261705 0.882999 -0.389645 -0.594936 -0.949532 0.307886 0.0599663 -0.214044 0.172916 0.354287 0.919011 0.3645 0.31622 -0.384863 0.867113 0.400795 -0.930002 -0.306262 0.203222 -0.504304 0.187351 -0.87068 -0.45477 0.485867 
1533836762291 0.261806 0.883171 -0.389188 -0.595037 -0.949407 0.308146 0.0605992 -0.214078 0.173446 0.353632 0.919163 0.364301 0.31622 -0.384863 0.867113 0.400795 -0.930002 -0.306262 0.203222 -0.504304 0.187351 -0.87068 -0.45477 0.485867 
1533836762302 0.261765 0.883303 -0.388915 -0.595039 -0.949432 0.308062 0.0606414 -0.214074 0.173375 0.353374 0.919276 0.36426 0.31622 -0.384863 0.867113 0.400795 -0.930002 -0.306262 0.203222 -0.504304 0.187351 -0.87068 -0.45477 0.485867 
1533836762319 0.261724 0.883436 -0.38864 -0.595047 -0.949456 0.307979 0.060685 -0.214073 0.173304 0.353114 0.919389 0.364216 0.31622 -0.384863 0.867113 0.400795 -0.930002 -0.306262 0.203222 -0.504304 0.187351 -0.87068 -0.45477 0.485867 
1533836762480 0.261682 0.883569 -0.388366 -0.595056 -0.94948 0.307896 0.0607287 -0.214072 0.173234 0.352854 0.919502 0.364173 0.31622 -0.384863 0.867113 0.400795 -0.930002 -0.306262 0.203222 -0.504304 0.187351 -0.87068 -0.45477 0.485867 
1533836762496 0.261641 0.883702 -0.388091 -0.595062 -0.949504 0.307813 0.060772 -0.21407 0.173164 0.352594 0.919615 0.36413 0.31622 -0.384863 0.867113 0.400795 -0.930002 -0.306262 0.203222 -0.504304 0.187351 -0.87068 -0.45477 0.485867 
1533836762517 0.2616 0.883835 -0.387817 -0.59507 -0.949528 0.307729 0.0608155 -0.214069 0.173093 0.352334 0.919728 0.364087 0.31622 -0.384863 0.867113 0.400795 -0.930002 -0.306262 0.203222 -0.504304 0.187351 -0.87068 -0.45477 0.485867 
1533836762523 0.261559 0.883967 -0.387542 -0.595076 -0.949553 0.307646 0.0608588 -0.214067 0.173023 0.352074 0.919841 0.364044 0.31622 -0.384863 0.867113 0.400795 -0.930002 -0.306262 0.203222 -0.504304 0.187351 -0.87068 -0.45477 0.485867 
1533836762623 0.261517 0.8841 -0.387267 -0.595085 -0.949577 0.307563 0.0609023 -0.214067 0.172953 0.351813 0.919954 0.364001 0.31622 -0.384863 0.867113 0.400795 -0.930002 -0.306262 0.203222 -0.504304 0.187351 -0.87068 -0.45477 0.485867 
1533836762646 0.261476 0.884232 -0.386993 -0.595092 -0.949601 0.30748 0.0609455 -0.214065 0.172882 0.351553 0.920066 0.363958 0.31622 -0.384863 0.867113 0.400795 -0.930002 -0.306262 0.203222 -0.504304 0.187351 -0.87068 -0.45477 0.485867 
1533836762669 0.261435 0.884365 -0.386718 -0.5951 -0.949625 0.307396 0.060989 -0.214064 0.172812 0.351292 0.920179 0.363914 0.31622 -0.384863 0.867113 0.400795 -0.930002 -0.306262 0.203222 -0.504304 0.187351 -0.87068 -0.45477 0.485867 
1533836762744 0.261775 0.883981 -0.387365 -0.595081 -0.949487 0.307847 0.0608718 -0.214148 0.173059 0.351863 0.919915 0.364094 0.31622 -0.384863 0.867113 0.400795 -0.930002 -0.306262 0.203222 -0.504304 0.187351 -0.87068 -0.45477 0.485867 
1533836762755 0.261751 0.884023 -0.387284 -0.59508 -0.949457 0.307893 0.0610991 -0.214158 0.173255 0.351717 0.919934 0.364074 0.31622 -0.384863 0.867113 0.400795 -0.930002 -0.306262 0.203222 -0.504304 0.187351 -0.87068 -0.45477 0.485867 
1533836762772 0.261726 0.884067 -0.387202 -0.595083 -0.949428 0.307937 0.0613276 -0.214171 0.173451 0.351569 0.919953 0.364051 0.31622 -0.384863 0.867113 0.400795 -0.930002 -0.306262 0.203222 -0.504304 0.187351 -0.87068 -0.45477 0.485867 
1533836762790 0.261702 0.88411 -0.387119 -0.595086 -0.949399 0.307981 0.0615559 -0.214184 0.173647 0.351421 0.919973 0.364029 0.31622 -0.384863 0.867113 0.400795 -0.930002 -0.306262 0.203222 -0.504304 0.187351 -0.87068 -0.45477 0.485867 
1533836762805 0.261677 0.884154 -0.387036 -0.59509 -0.94937 0.308025 0.0617843 -0.214197 0.173843 0.351273 0.919992 0.364006 0.31622 -0.384863 0.867113 0.400795 -0.930002 -0.306262 0.203222 -0.504304 0.187351 -0.87068 -0.45477 0.485867 
1533836762822 0.261653 0.884198 -0.386953 -0.595093 -0.949341 0.308069 0.0620127 -0.21421 0.17404 0.351124 0.920012 0.363984 0.31622 -0.384863 0.867113 0.400795 -0.930002 -0.306262 0.203222 -0.504304 0.187351 -0.87068 -0.45477 0.485867 
1533836762838 0.261628 0.884241 -0.38687 -0.595096 -0.949312 0.308113 0.0622408 -0.214222 0.174236 0.350976 0.920031 0.363962 0.31622 -0.384863 0.867113 0.400795 -0.930002 -0.306262 0.203222 -0.504304 0.187351 -0.87068 -0.45477 0.485867 
1533836762855 0.261604 0.884284 -0.386788 -0.595098 -0.949282 0.308157 0.062469 -0.214235 0.174432 0.350828 0.920051 0.36394 0.31622 -0.384863 0.867113 0.400795 -0.930002 -0.306262 0.203222 -0.504304 0.187351 -0.87068 -0.45477 0.485867 
1533836762927 0.261579 0.884328 -0.386704 -0.595103 -0.949253 0.308201 0.0626975 -0.214248 0.174628 0.35068 0.92007 0.363917 0.31622 -0.384863 0.867113 0.400795 -0.930002 -0.306262 0.203222 -0.504304 0.187351 -0.87068 -0.45477 0.485867 
1533836762945 0.261555 0.884371 -0.386622 -0.595105 -0.949224 0.308245 0.0629257 -0.214261 0.174824 0.350532 0.920089 0.363895 0.31622 -0.384863 0.867113 0.400795 -0.930002 -0.306262 0.203222 -0.504304 0.187351 -0.87068 -0.45477 0.485867 
1533836762971 0.261555 0.884151 -0.387125 -0.595105 -0.949366 0.307994 0.0620012 -0.214119 0.174051 0.351307 0.91994 0.363969 0.31622 -0.384863 0.867113 0.400795 -0.930002 -0.306262 0.203222 -0.504304 0.187351 -0.87068 -0.45477 0.485867 
1533836762984 0.261589 0.884063 -0.387305 -0.595101 -0.949311 0.308129 0.0621632 -0.214122 0.174296 0.351412 0.919854 0.363961 0.31622 -0.384863 0.867113 0.400795 -0.930002 -0.306262 0.203222 -0.504304 0.187351 -0.87068 -0.45477 0.485867 
1533836762991 0.261623 0.883973 -0.387485 -0.595093 -0.949257 0.308264 0.0623235 -0.214122 0.17454 0.351518 0.919767 0.363954 0.31622 -0.384863 0.867113 0.400795 -0.930002 -0.306262 0.203222 -0.504304 0.187351 -0.87068 -0.45477 0.485867 
1533836763004 0.261658 0.883884 -0.387666 -0.595084 -0.949203 0.3084 0.0624838 -0.214122 0.174784 0.351624 0.91968 0.363947 0.31622 -0.384863 0.867113 0.400795 -0.930002 -0.306262 0.203222 -0.504304 0.187351 -0.87068 -0.45477 0.485867 
1533836763021 0.261693 0.883794 -0.387846 -0.595075 -0.949148 0.308535 0.062644 -0.214122 0.175029 0.35173 0.919593 0.36394 0.31622 -0.384863 0.867113 0.400795 -0.930002 -0.306262 0.203222 -0.504304 0.187351 -0.87068 -0.45477 0.485867 
1533836763157 0.261728 0.883705 -0.388027 -0.595066 -0.949093 0.308671 0.0628041 -0.214122 0.175273 0.351836 0.919506 0.363934 0.31622 -0.384863 0.867113 0.400795 -0.930002 -0.306262 0.203222 -0.504304 0.187351 -0.87068 -0.45477 0.485867 
1533836763173 0.261762 0.883615 -0.388207 -0.595058 -0.949039 0.308806 0.0629644 -0.214122 0.175517 0.351942 0.919419 0.363927 0.31622 -0.384863 0.867113 0.400795 -0.930002 -0.306262 0.203222 -0.504304 0.187351 -0.87068 -0.45477 0.485867 
1533836763190 0.261797 0.883525 -0.388388 -0.595049 -0.948984 0.308942 0.0631244 -0.214122 0.175761 0.352048 0.919331 0.36392 0.31622 -0.384863 0.867113 0.400795 -0.930002 -0.306262 0.203222 -0.504304 0.187351 -0.87068 -0.45477 0.485867 
1533836763197 0.261831 0.883436 -0.388568 -0.595041 -0.948929 0.309077 0.0632846 -0.214122 0.176006 0.352154 0.919244 0.363913 0.31622 -0.384863 0.867113 0.400795 -0.930002 -0.306262 0.203222 -0.504304 0.187351 -0.87068 -0.45477 0.485867 
1533836763210 0.261866 0.883346 -0.388749 -0.595032 -0.948874 0.309213 0.0634448 -0.214122 0.17625 0.35226 0.919157 0.363906 0.31622 -0.384863 0.867113 0.400795 -0.930002 -0.306262 0.203222 -0.504304 0.187351 -0.87068 -0.45477 0.485867 
1533836763236 0.261501 0.883832 -0.387889 -0.595098 -0.94919 0.308383 0.0627618 -0.214005 0.175089 0.351768 0.919567 0.363932 0.31622 -0.384863 0.867113 0.400795 -0.930002 -0.306262 0.203222 -0.504304 0.187351 -0.87068 -0.45477 0.485867 
1533836763247 0.261492 0.883734 -0.388118 -0.595095 -0.94921 0.308354 0.0625904 -0.213996 0.174991 0.352039 0.919482 0.363957 0.31622 -0.384863 0.867113 0.400795 -0.930002 -0.306262 0.203222 -0.504304 0.187351 -0.87068 -0.45477 0.485867 
1533836763264 0.261482 0.883635 -0.38835 -0.595086 -0.949231 0.308325 0.062418 -0.213984 0.174893 0.352312 0.919396 0.363983 0.31622 -0.384863 0.867113 0.400795 -0.930002 -0.306262 0.203222 -0.504304 0.187351 -0.87068 -0.45477 0.485867 
1533836763270 0.261473 0.883537 -0.388581 -0.595078 -0.949252 0.308297 0.0622457 -0.213973 0.174794 0.352585 0.91931 0.36401 0.31622 -0.384863 0.867113 0.400795 -0.930002 -0.306262 0.203222 -0.504304 0.187351 -0.87068 -0.45477 0.485867 
1533836763284 0.261464 0.883438 -0.388812 -0.59507 -0.949272 0.308268 0.0620734 -0.213961 0.174696 0.352858 0.919224 0.364036 0.31622 -0.384863 0.867113 0.400795 -0.930002 -0.306262 0.203222 -0.504304 0.187351 -0.87068 -0.45477 0.485867 
1533836763389 0.261455 0.883339 -0.389043 -0.595061 -0.949293 0.308239 0.061901 -0.213949 0.174598 0.353131 0.919138 0.364063 0.31622 -0.384863 0.867113 0.400795 -0.930002 -0.306262 0.203222 -0.504304 0.187351 -0.87068 -0.45477 0.485867 
1533836763408 0.261445 0.88324 -0.389274 -0.595054 -0.949314 0.30821 0.0617289 -0.213938 0.174499 0.353404 0.919051 0.364089 0.31622 -0.384863 0.867113 0.400795 -0.930002 -0.306262 0.203222 -0.504304 0.187351 -0.87068 -0.45477 0.485867 
1533836763429 0.261436 0.88314 -0.389505 -0.595045 -0.949334 0.308181 0.0615565 -0.213926 0.174401 0.353677 0.918965 0.364116 0.31622 -0.384863 0.867113 0.400795 -0.930002 -0.306262 0.203222 -0.504304 0.187351 -0.87068 -0.45477 0.485867 
1533836763480 0.261427 0.883041 -0.389736 -0.595037 -0.949355 0.308152 0.0613843 -0.213915 0.174303 0.35395 0.918879 0.364142 0.31622 -0.384863 0.867113 0.400795 -0.930002 -0.306262 0.203222 -0.504304 0.187351 -0.87068 -0.45477 0.485867 
1533836763515 0.261418 0.882942 -0.389966 -0.595029 -0.949375 0.308122 0.0612122 -0.213903 0.174204 0.354223 0.918792 0.364168 0.31622 -0.384863 0.867113 0.400795 -0.930002 -0.306262 0.203222 -0.504304 0.187351 -0.87068 -0.45477 0.485867 
1533836763544 0.261386 0.883299 -0.389178 -0.595071 -0.949323 0.308163 0.0618229 -0.213936 0.174538 0.353296 0.919085 0.36413 0.31622 -0.384863 0.867113 0.400795 -0.930002 -0.306262 0.203222 -0.504304 0.187351 -0.87068 -0.45477 0.485867 
1533836763561 0.261489 0.883291 -0.389129 -0.595075 -0.949337 0.308168 0.0615752 -0.213931 0.174306 0.353313 0.919123 0.364142 0.31622 -0.384863 0.867113 0.400795 -0.930002 -0.306262 0.203222 -0.504304 0.187351 -0.87068 -0.45477 0.485867 
1533836763577 0.261594 0.883281 -0.389079 -0.595078 -0.949351 0.308175 0.0613258 -0.213924 0.174072 0.35333 0.919161 0.364156 0.31622 -0.384863 0.867113 0.400795 -0.930002 -0.306262 0.203222 -0.504304 0.187351 -0.87068 -0.45477 0.485867 
1533836763594 0.2617 0.883272 -0.389029 -0.59508 -0.949365 0.308182 0.0610761 -0.213917 0.173839 0.353347 0.919199 0.364171 0.31622 -0.384863 0.867113 0.400795 -0.930002 -0.306262 0.203222 -0.504304 0.187351 -0.87068 -0.45477 0.485867 
1533836763611 0.261805 0.883263 -0.38898 -0.595082 -0.949379 0.308189 0.0608263 -0.213909 0.173605 0.353365 0.919236 0.364185 0.31622 -0.384863 0.867113 0.400795 -0.930002 -0.306262 0.203222 -0.504304 0.187351 -0.87068 -0.45477 0.485867 
1533836763627 0.26191 0.883254 -0.38893 -0.595085 -0.949392 0.308196 0.0605768 -0.213902 0.173371 0.353381 0.919274 0.364199 0.31622 -0.384863 0.867113 0.400795 -0.930002 -0.306262 0.203222 -0.504304 0.187351 -0.87068 -0.45477 0.485867 
1533836763644 0.262015 0.883244 -0.388881 -0.595086 -0.949406 0.308203 0.060327 -0.213894 0.173138 0.353399 0.919311 0.364214 0.31622 -0.384863 0.867113 0.400795 -0.930002 -0.306262 0.203222 -0.504304 0.187351 -0.87068 -0.45477 0.485867 
1533836763661 0.26212 0.883235 -0.388831 -0.595088 -0.94942 0.30821 0.0600775 -0.213887 0.172904 0.353416 0.919348 0.364228 0.31622 -0.384863 0.867113 0.400795 -0.930002 -0.306262 0.203222 -0.504304 0.187351 -0.87068 -0.45477 0.485867 
1533836763678 0.262225 0.883225 -0.388781 -0.595089 -0.949433 0.308217 0.0598276 -0.213878 0.17267 0.353434 0.919385 0.364242 0.31622 -0.384863 0.867113 0.400795 -0.930002 -0.306262 0.203222 -0.504304 0.187351 -0.87068 -0.45477 0.485867 
1533836763694 0.26233 0.883216 -0.388732 -0.595092 -0.949447 0.308224 0.059578 -0.213871 0.172437 0.353451 0.919423 0.364256 0.31622 -0.384863 0.867113 0.400795 -0.930002 -0.306262 0.203222 -0.504304 0.187351 -0.87068 -0.45477 0.485867 
1533836763718 0.261508 0.883017 -0.389737 -0.595055 -0.949354 0.308183 0.0612377 -0.213904 0.174184 0.353984 0.918888 0.364213 0.31622 -0.384863 0.867113 0.400795 -0.930002 -0.306262 0.203222 -0.504304 0.187351 -0.87068 -0.45477 0.485867 
1533836763731 0.261411 0.883029 -0.389774 -0.595047 -0.949356 0.308147 0.0613946 -0.213921 0.174321 0.353985 0.918862 0.364219 0.31622 -0.384863 0.867113 0.400795 -0.930002 -0.306262 0.203222 -0.504304 0.187351 -0.87068 -0.45477 0.485867 
1533836763747 0.261312 0.883042 -0.38981 -0.59504 -0.949358 0.308109 0.0615538 -0.213943 0.174459 0.353985 0.918836 0.364222 0.31622 -0.384863 0.867113 0.400795 -0.930002 -0.306262 0.203222 -0.504304 0.187351 -0.87068 -0.45477 0.485867 
1533836763764 0.261214 0.883055 -0.389847 -0.595032 -0.949359 0.308072 0.0617122 -0.213963 0.174596 0.353985 0.918809 0.364227 0.31622 -0.384863 0.867113 0.400795 -0.930002 -0.306262 0.203222 -0.504304 0.187351 -0.87068 -0.45477 0.485867 
1533836763886 0.261116 0.883068 -0.389883 -0.595025 -0.949361 0.308035 0.0618713 -0.213984 0.174734 0.353985 0.918783 0.364231 0.31622 -0.384863 0.867113 0.400795 -0.930002 -0.306262 0.203222 -0.504304 0.187351 -0.87068 -0.45477 0.485867 
1533836763893 0.261018 0.883081 -0.38992 -0.595018 -0.949363 0.307998 0.0620299 -0.214004 0.174872 0.353985 0.918757 0.364235 0.31622 -0.384863 0.867113 0.400795 -0.930002 -0.306262 0.203222 -0.504304 0.187351 -0.87068 -0.45477 0.485867 
1533836763906 0.260919 0.883094 -0.389956 -0.595012 -0.949364 0.30796 0.062189 -0.214026 0.17501 0.353984 0.918731 0.364238 0.31622 -0.384863 0.867113 0.400795 -0.930002 -0.306262 0.203222 -0.504304 0.187351 -0.87068 -0.45477 0.485867 
1533836763922 0.260821 0.883107 -0.389993 -0.595005 -0.949366 0.307923 0.0623477 -0.214046 0.175148 0.353984 0.918705 0.364242 0.31622 -0.384863 0.867113 0.400795 -0.930002 -0.306262 0.203222 -0.504304 0.187351 -0.87068 -0.45477 0.485867 
1533836763939 0.260722 0.88312 -0.390029 -0.594999 -0.949368 0.307886 0.0625068 -0.214068 0.175285 0.353984 0.918679 0.364246 0.31622 -0.384863 0.867113 0.400795 -0.930002 -0.306262 0.203222 -0.504304 0.187351 -0.87068 -0.45477 0.485867 
1533836763956 0.260624 0.883133 -0.390065 -0.594992 -0.949369 0.307849 0.0626655 -0.214088 0.175423 0.353984 0.918652 0.36425 0.31622 -0.384863 0.867113 0.400795 -0.930002 -0.306262 0.203222 -0.504304 0.187351 -0.87068 -0.45477 0.485867 
1533836763993 0.261243 0.883015 -0.389918 -0.595052 -0.94931 0.308189 0.0618965 -0.213977 0.174824 0.353983 0.918767 0.364223 0.31622 -0.384863 0.867113 0.400795 -0.930002 -0.306262 0.203222 -0.504304 0.187351 -0.87068 -0.45477 0.485867 
1533836764006 0.261207 0.882851 -0.390313 -0.595044 -0.949312 0.308198 0.0618097 -0.213979 0.174862 0.354384 0.918605 0.36427 0.31622 -0.384863 0.867113 0.400795 -0.930002 -0.306262 0.203222 -0.504304 0.187351 -0.87068 -0.45477 0.485867 
1533836764023 0.261172 0.882686 -0.390709 -0.595032 -0.949315 0.308207 0.0617228 -0.213979 0.174901 0.354786 0.918442 0.364318 0.31622 -0.384863 0.867113 0.400795 -0.930002 -0.306262 0.203222 -0.504304 0.187351 -0.87068 -0.45477 0.485867 
1533836764039 0.261136 0.882522 -0.391105 -0.59502 -0.949318 0.308216 0.061636 -0.213978 0.17494 0.355188 0.91828 0.364366 0.31622 -0.384863 0.867113 0.400795 -0.930002 -0.306262 0.203222 -0.504304 0.187351 -0.87068 -0.45477 0.485867 
1533836764168 0.261101 0.882357 -0.391501 -0.595007 -0.94932 0.308225 0.061549 -0.213978 0.174979 0.355589 0.918117 0.364414 0.31622 -0.384863 0.867113 0.400795 -0.930002 -0.306262 0.203222 -0.504304 0.187351 -0.87068 -0.45477 0.485867 
1533836764174 0.261065 0.882191 -0.391897 -0.594994 -0.949323 0.308235 0.0614621 -0.213977 0.175018 0.355991 0.917954 0.364463 0.31622 -0.384863 0.867113 0.400795 -0.930002 -0.306262 0.203222 -0.504304 0.187351 -0.87068 -0.45477 0.485867 
1533836764271 0.26103 0.882026 -0.392293 -0.594982 -0.949325 0.308244 0.0613753 -0.213977 0.175056 0.356392 0.917791 0.364511 0.31622 -0.384863 0.867113 0.400795 -0.930002 -0.306262 0.203222 -0.504304 0.187351 -0.87068 -0.45477 0.485867 
1533836764318 0.260994 0.881861 -0.392688 -0.594969 -0.949328 0.308253 0.0612883 -0.213976 0.175095 0.356794 0.917627 0.364559 0.31622 -0.384863 0.867113 0.400795 -0.930002 -0.306262 0.203222 -0.504304 0.187351 -0.87068 -0.45477 0.485867 
1533836764363 0.260958 0.881695 -0.393084 -0.594957 -0.949331 0.308262 0.0612016 -0.213976 0.175134 0.357195 0.917464 0.364607 0.31622 -0.384863 0.867113 0.400795 -0.930002 -0.306262 0.203222 -0.504304 0.187351 -0.87068 -0.45477 0.485867 
1533836764430 0.260923 0.881529 -0.393479 -0.594945 -0.949333 0.308271 0.0611148 -0.213976 0.175173 0.357597 0.9173 0.364655 0.31622 -0.384863 0.867113 0.400795 -0.930002 -0.306262 0.203222 -0.504304 0.187351 -0.87068 -0.45477 0.485867 
1533836764476 0.261043 0.881743 -0.392921 -0.595 -0.949317 0.30831 0.0611761 -0.21405 0.175083 0.357037 0.917535 0.364463 0.31622 -0.384863 0.867113 0.400795 -0.930002 -0.306262 0.203222 -0.504304 0.187351 -0.87068 -0.45477 0.485867 
1533836764490 0.261091 0.881769 -0.392829 -0.594993 -0.949301 0.308353 0.0612036 -0.214057 0.175097 0.356933 0.917573 0.364467 0.31622 -0.384863 0.867113 0.400795 -0.930002 -0.306262 0.203222 -0.504304 0.187351 -0.87068 -0.45477 0.485867 
1533836764505 0.261137 0.881797 -0.392735 -0.59499 -0.949285 0.308395 0.0612334 -0.214068 0.175113 0.356828 0.917611 0.364466 0.31622 -0.384863 0.867113 0.400795 -0.930002 -0.306262 0.203222 -0.504304 0.187351 -0.87068 -0.45477 0.485867 
1533836764522 0.261184 0.881825 -0.392642 -0.594989 -0.94927 0.308438 0.0612634 -0.21408 0.175129 0.356722 0.917649 0.364465 0.31622 -0.384863 0.867113 0.400795 -0.930002 -0.306262 0.203222 -0.504304 0.187351 -0.87068 -0.45477 0.485867 
1533836764539 0.26123 0.881853 -0.392548 -0.594985 -0.949254 0.30848 0.0612928 -0.21409 0.175145 0.356617 0.917687 0.364466 0.31622 -0.384863 0.867113 0.400795 -0.930002 -0.306262 0.203222 -0.504304 0.187351 -0.87068 -0.45477 0.485867 
1533836764652 0.261277 0.881881 -0.392455 -0.594983 -0.949238 0.308523 0.0613226 -0.214101 0.175161 0.356511 0.917725 0.364466 0.31622 -0.384863 0.867113 0.400795 -0.930002 -0.306262 0.203222 -0.504304 0.187351 -0.87068 -0.45477 0.485867 
1533836764669 0.261324 0.881908 -0.392362 -0.59498 -0.949222 0.308566 0.0613521 -0.214111 0.175176 0.356406 0.917763 0.364467 0.31622 -0.384863 0.867113 0.400795 -0.930002 -0.306262 0.203222 -0.504304 0.187351 -0.87068 -0.45477 0.485867 
1533836764687 0.26137 0.881936 -0.392268 -0.594978 -0.949207 0.308608 0.0613819 -0.214123 0.175192 0.3563 0.917801 0.364466 0.31622 -0.384863 0.867113 0.400795 -0.930002 -0.306262 0.203222 -0.504304 0.187351 -0.87068 -0.45477 0.485867 
1533836764702 0.261417 0.881964 -0.392175 -0.594975 -0.949191 0.308651 0.0614115 -0.214133 0.175208 0.356195 0.917838 0.364467 0.31622 -0.384863 0.867113 0.400795 -0.930002 -0.306262 0.203222 -0.504304 0.187351 -0.87068 -0.45477 0.485867 
1533836764719 0.261463 0.881992 -0.392081 -0.594974 -0.949175 0.308693 0.0614413 -0.214144 0.175223 0.356089 0.917876 0.364467 0.31622 -0.384863 0.867113 0.400795 -0.930002 -0.306262 0.203222 -0.504304 0.187351 -0.87068 -0.45477 0.485867 
1533836764739 0.261411 0.881846 -0.392443 -0.594953 -0.949212 0.308625 0.0612213 -0.214162 0.175105 0.356507 0.917737 0.364508 0.31622 -0.384863 0.867113 0.400795 -0.930002 -0.306262 0.203222 -0.504304 0.187351 -0.87068 -0.45477 0.485867 
1533836764752 0.261466 0.881893 -0.392301 -0.594945 -0.949236 0.308585 0.0610403 -0.214155 0.174889 0.356426 0.917809 0.364501 0.31622 -0.384863 0.867113 0.400795 -0.930002 -0.306262 0.203222 -0.504304 0.187351 -0.87068 -0.45477 0.485867 
1533836764769 0.261523 0.88194 -0.392158 -0.59494 -0.94926 0.308547 0.0608588 -0.214146 0.174673 0.356344 0.917882 0.364492 0.31622 -0.384863 0.867113 0.400795 -0.930002 -0.306262 0.203222 -0.504304 0.187351 -0.87068 -0.45477 0.485867 
1533836764786 0.26158 0.881986 -0.392016 -0.594935 -0.949284 0.308508 0.0606774 -0.214137 0.174457 0.356262 0.917955 0.364483 0.31622 -0.384863 0.867113 0.400795 -0.930002 -0.306262 0.203222 -0.504304 0.187351 -0.87068 -0.45477 0.485867 
1533836764802 0.261636 0.882033 -0.391873 -0.59493 -0.949309 0.308469 0.0604961 -0.214129 0.17424 0.356181 0.918028 0.364475 0.31622 -0.384863 0.867113 0.400795 -0.930002 -0.306262 0.203222 -0.504304 0.187351 -0.87068 -0.45477 0.485867 
1533836764819 0.261692 0.882079 -0.391731 -0.594924 -0.949333 0.30843 0.0603149 -0.21412 0.174024 0.356099 0.918101 0.364467 0.31622 -0.384863 0.867113 0.400795 -0.930002 -0.306262 0.203222 -0.504304 0.187351 -0.87068 -0.45477 0.485867 
1533836764836 0.261749 0.882126 -0.391588 -0.59492 -0.949357 0.308392 0.0601334 -0.214111 0.173808 0.356017 0.918174 0.364458 0.31622 -0.384863 0.867113 0.400795 -0.930002 -0.306262 0.203222 -0.504304 0.187351 -0.87068 -0.45477 0.485867 
1533836764852 0.261805 0.882173 -0.391446 -0.594915 -0.949381 0.308353 0.0599521 -0.214103 0.173592 0.355935 0.918246 0.364449 0.31622 -0.384863 0.867113 0.400795 -0.930002 -0.306262 0.203222 -0.504304 0.187351 -0.87068 -0.45477 0.485867 
