1535380787121 0.236695 0.959534 -0.152545 -0.394242 -0.937023 0.266948 0.225225 -0.206321 0.256833 0.0896287 0.962291 0.479927 0.263902 0.0800546 0.961222 0.303215 -0.96433 0.00064298 0.264702 -0.482551 0.0205725 -0.99679 0.0773687 0.431178 
1535380787138 0.248556 0.952391 -0.176555 -0.414449 -0.933814 0.284033 0.217522 -0.208559 0.257314 0.110803 0.959954 0.470314 0.266815 0.0684275 0.961316 0.3151 -0.96372 0.0114227 0.266669 -0.484874 0.00726666 -0.997591 0.0689927 0.430618 
1535380787906 0.260344 0.944497 -0.200366 -0.434656 -0.930392 0.300876 0.209391 -0.210796 0.258054 0.131905 0.957084 0.460701 0.269572 0.056762 0.961306 0.326985 -0.962961 0.0221763 0.268727 -0.487202 -0.00606474 -0.998141 0.0606377 0.430059 
1535380788766 0.272048 0.935859 -0.223958 -0.454863 -0.926758 0.317465 0.200839 -0.213033 0.259056 0.152917 0.953681 0.451088 0.272172 0.0450608 0.961193 0.338871 -0.962053 0.0329011 0.270873 -0.489529 -0.0194185 -0.998442 0.0523056 0.429499 
1535380789610 0.283659 0.926485 -0.247312 -0.47507 -0.922915 0.333785 0.191875 -0.215271 0.260318 0.173821 0.949748 0.441476 0.274613 0.0333271 0.960977 0.350756 -0.960996 0.0435942 0.273106 -0.491857 -0.0327912 -0.998493 0.0439987 0.42894 
1535380790486 0.29517 0.91638 -0.270411 -0.495278 -0.918866 0.349825 0.182504 -0.217509 0.261839 0.194602 0.945288 0.431863 0.276895 0.0215637 0.960658 0.362642 -0.95979 0.054253 0.275427 -0.494184 -0.0461794 -0.998294 0.035719 0.42838 
1535380791344 0.306569 0.905554 -0.293236 -0.515485 -0.914615 0.365572 0.172733 -0.219747 0.263618 0.215244 0.940306 0.42225 0.279018 0.00977371 0.960236 0.374527 -0.958436 0.0648748 0.277834 -0.496512 -0.0595797 -0.997846 0.0274687 0.427821 
1535380792210 0.31785 0.894014 -0.31577 -0.535692 -0.910165 0.381013 0.162572 -0.221985 0.265654 0.235729 0.934805 0.412637 0.28098 -0.00203986 0.959711 0.386413 -0.956934 0.0754567 0.280328 -0.49884 -0.0729885 -0.997147 0.0192498 0.427261 
1535380793104 0.329001 0.88177 -0.337993 -0.555899 -0.905519 0.396136 0.152027 -0.224222 0.267944 0.256042 0.928789 0.403024 0.282782 -0.013874 0.959084 0.398299 -0.955285 0.0859962 0.282906 -0.501168 -0.0864026 -0.996199 0.0110646 0.426702 
1535380794030 0.340018 0.86883 -0.359892 -0.576093 -0.90068 0.410932 0.141105 -0.226452 0.270487 0.27617 0.922262 0.393414 0.284419 -0.0257257 0.958355 0.410178 -0.953489 0.0964908 0.285566 -0.503481 -0.0998188 -0.995001 0.00291472 0.426141 
1535380795037 0.340479 0.869016 -0.359005 -0.575648 -0.900408 0.41132 0.141709 -0.226603 0.270813 0.275002 0.922515 0.393871 0.284229 -0.0245057 0.958443 0.409744 -0.953623 0.0960843 0.285256 -0.503468 -0.0990818 -0.995071 0.00394067 0.426234 
1535380795180 0.341527 0.867667 -0.361266 -0.577713 -0.89994 0.412744 0.140536 -0.226812 0.271049 0.277121 0.921811 0.392864 0.287322 -0.0259189 0.957483 0.411227 -0.953295 0.0894593 0.288487 -0.504172 -0.093133 -0.995653 0.000995272 0.426554 
1535380795534 0.342572 0.866312 -0.363523 -0.57978 -0.899471 0.414163 0.13936 -0.227021 0.271287 0.279237 0.921102 0.391857 0.290422 -0.0273116 0.956509 0.412712 -0.952918 0.0828264 0.291697 -0.504882 -0.0871909 -0.99619 -0.00197105 0.426874 
1535380795880 0.343615 0.864949 -0.365775 -0.581847 -0.899 0.415577 0.138181 -0.227231 0.271527 0.281351 0.920388 0.390849 0.293528 -0.0286825 0.95552 0.414198 -0.952491 0.0761855 0.294884 -0.505593 -0.0812548 -0.996681 -0.00495729 0.427195 
1535380796220 0.344658 0.863579 -0.368025 -0.583914 -0.898528 0.416989 0.136997 -0.227441 0.27177 0.283463 0.919668 0.389842 0.296637 -0.0300317 0.954518 0.415683 -0.952015 0.0695371 0.298047 -0.506301 -0.0753252 -0.997127 -0.00796331 0.427515 
1535380796559 0.345698 0.862202 -0.37027 -0.585981 -0.898053 0.418396 0.135811 -0.227651 0.272016 0.285573 0.918943 0.388834 0.299752 -0.031359 0.953502 0.417169 -0.951489 0.0628813 0.301188 -0.507011 -0.0694023 -0.997528 -0.0109889 0.427836 
