1532459837207 -0.409771 0.530109 -0.742343 -0.552082 -0.832152 -0.550585 0.0661712 -0.298651 -0.373645 0.644857 0.666745 0.42744 0.16008 -0.304787 0.938871 0.370831 -0.775623 0.549475 0.310623 -0.528794 -0.61056 -0.777934 -0.14844 0.432481 
1532459837220 -0.356245 0.570127 -0.740301 -0.555652 -0.884877 -0.460337 0.0712995 -0.288173 -0.300138 0.680475 0.668484 0.428207 0.316305 -0.38429 0.867336 0.400737 -0.930106 -0.305553 0.203815 -0.506322 0.186693 -0.871182 -0.454078 0.485854 
1532459838444 -0.298809 0.604315 -0.738591 -0.559209 -0.927821 -0.36506 0.0766736 -0.277691 -0.223295 0.708191 0.669779 0.428974 0.316242 -0.384853 0.86711 0.400828 -0.929997 -0.306262 0.203248 -0.504438 0.187342 -0.870685 -0.454765 0.485876 
1532459838450 -0.238098 0.632295 -0.737233 -0.562765 -0.960512 -0.265808 0.0822355 -0.267209 -0.143966 0.727702 0.670615 0.429742 0.316223 -0.384857 0.867115 0.40079 -0.930001 -0.306263 0.203227 -0.50432 0.187352 -0.870683 -0.454765 0.485866 
1532459840198 -0.174781 0.653758 -0.736242 -0.56632 -0.982588 -0.163677 0.087924 -0.256728 -0.0630246 0.73879 0.670982 0.43051 0.316222 -0.384859 0.867115 0.40079 -0.930002 -0.306263 0.203224 -0.504311 0.187352 -0.870682 -0.454766 0.485866 
1532459841451 -0.10956 0.668467 -0.735628 -0.569876 -0.993806 -0.0597939 0.0936763 -0.246247 0.0186334 0.741335 0.670877 0.431278 0.316221 -0.38486 0.867114 0.400792 -0.930002 -0.306262 0.203224 -0.50431 0.187352 -0.870681 -0.454767 0.485867 
1532459842707 -0.0431535 0.676259 -0.735399 -0.573431 -0.994041 0.044692 0.0994287 -0.235768 0.100106 0.735307 0.670301 0.432047 0.316221 -0.384861 0.867114 0.400794 -0.930002 -0.306262 0.203223 -0.504309 0.187351 -0.870681 -0.454768 0.485868 
1532459843976 0.0237037 0.67705 -0.735555 -0.576985 -0.983291 0.148626 0.105118 -0.22529 0.180493 0.720773 0.66926 0.432815 0.316221 -0.384862 0.867113 0.400797 -0.930002 -0.306262 0.203223 -0.50431 0.187351 -0.870681 -0.454769 0.485869 
1532459845222 0.0902714 0.67083 -0.736097 -0.580541 -0.961675 0.250861 0.110682 -0.214822 0.258907 0.697894 0.667765 0.433584 0.316223 -0.384864 0.867112 0.400804 -0.930002 -0.306262 0.203225 -0.504322 0.187349 -0.87068 -0.454771 0.485873 
1532459846467 0.155699 0.657715 -0.737 -0.584043 -0.929473 0.35014 0.116112 -0.204749 0.334421 0.666943 0.665845 0.434403 0.316247 -0.384888 0.867092 0.400869 -0.93 -0.306248 0.203252 -0.504449 0.187316 -0.870674 -0.454796 0.485948 
1532459847875 0.155588 0.657787 -0.736959 -0.584025 -0.929496 0.350048 0.116205 -0.204719 0.33441 0.66692 0.665873 0.434432 0.316247 -0.384888 0.867092 0.400869 -0.93 -0.306248 0.203252 -0.504449 0.187316 -0.870674 -0.454796 0.485948 
1532459848064 0.162083 0.656082 -0.737079 -0.584387 -0.925695 0.359814 0.116716 -0.20363 0.341787 0.663392 0.665652 0.4345 0.316222 -0.384863 0.867112 0.400801 -0.930002 -0.306262 0.203224 -0.504316 0.18735 -0.87068 -0.45477 0.48587 
1532459848559 0.16856 0.65431 -0.737202 -0.584749 -0.921791 0.369541 0.117224 -0.202542 0.349127 0.659786 0.665426 0.434569 0.316221 -0.384863 0.867113 0.400795 -0.930002 -0.306262 0.203223 -0.504305 0.187351 -0.87068 -0.45477 0.485867 
1532459849057 0.175017 0.65247 -0.737328 -0.585111 -0.917785 0.379225 0.117729 -0.201453 0.356428 0.656104 0.665197 0.434637 0.316221 -0.384863 0.867113 0.400795 -0.930002 -0.306262 0.203222 -0.504304 0.187351 -0.87068 -0.45477 0.485867 
1532459849540 0.181454 0.650561 -0.737458 -0.585473 -0.913676 0.388867 0.118232 -0.200364 0.36369 0.652344 0.664964 0.434705 0.31622 -0.384863 0.867113 0.400795 -0.930002 -0.306262 0.203222 -0.504304 0.187351 -0.87068 -0.45477 0.485867 
1532459850015 0.187871 0.648586 -0.737591 -0.585836 -0.909466 0.398464 0.118732 -0.199276 0.370912 0.648508 0.664727 0.434774 0.31622 -0.384863 0.867113 0.400795 -0.930002 -0.306262 0.203222 -0.504304 0.187351 -0.87068 -0.45477 0.485867 
1532459850021 0.194267 0.646542 -0.737728 -0.586198 -0.905155 0.408017 0.119229 -0.198187 0.378093 0.644597 0.664486 0.434842 0.31622 -0.384863 0.867113 0.400795 -0.930002 -0.306262 0.203222 -0.504304 0.187351 -0.87068 -0.45477 0.485867 
1532459850666 0.200641 0.644432 -0.737869 -0.58656 -0.900744 0.417525 0.119723 -0.197098 0.385232 0.64061 0.664241 0.43491 0.31622 -0.384863 0.867113 0.400795 -0.930002 -0.306262 0.203222 -0.504304 0.187351 -0.87068 -0.45477 0.485867 
1532459850672 0.206992 0.642255 -0.738013 -0.586922 -0.896232 0.426985 0.120215 -0.19601 0.392329 0.636548 0.663992 0.434978 0.31622 -0.384863 0.867113 0.400795 -0.930002 -0.306262 0.203222 -0.504304 0.187351 -0.87068 -0.45477 0.485867 
1532459851293 0.213309 0.640015 -0.73816 -0.58728 -0.891626 0.436386 0.120708 -0.194958 0.399378 0.632414 0.663739 0.43505 0.31622 -0.384863 0.867113 0.400795 -0.930002 -0.306262 0.203222 -0.504304 0.187351 -0.87068 -0.45477 0.485867 
1532459851783 0.213147 0.639993 -0.738226 -0.587287 -0.891684 0.436256 0.120751 -0.194941 0.399335 0.632527 0.663658 0.434986 0.31622 -0.384863 0.867113 0.400795 -0.930002 -0.306262 0.203222 -0.504304 0.187351 -0.87068 -0.45477 0.485867 
1532459851796 0.213562 0.639347 -0.738665 -0.58728 -0.891827 0.436242 0.119743 -0.194823 0.398794 0.633189 0.663351 0.435094 0.31622 -0.384863 0.867113 0.400795 -0.930002 -0.306262 0.203222 -0.504304 0.187351 -0.87068 -0.45477 0.485867 
1532459852008 0.213977 0.638701 -0.739104 -0.587272 -0.891968 0.436227 0.118736 -0.194704 0.398254 0.63385 0.663044 0.435202 0.31622 -0.384863 0.867113 0.400795 -0.930002 -0.306262 0.203222 -0.504304 0.187351 -0.87068 -0.45477 0.485867 
1532459852346 0.214393 0.638055 -0.739541 -0.587265 -0.89211 0.436211 0.117729 -0.194585 0.397714 0.634512 0.662736 0.43531 0.31622 -0.384863 0.867113 0.400795 -0.930002 -0.306262 0.203222 -0.504304 0.187351 -0.87068 -0.45477 0.485867 
1532459852560 0.214809 0.637409 -0.739978 -0.587258 -0.89225 0.436195 0.116722 -0.194467 0.397174 0.635172 0.662427 0.435418 0.31622 -0.384863 0.867113 0.400795 -0.930002 -0.306262 0.203222 -0.504304 0.187351 -0.87068 -0.45477 0.485867 
1532459852566 0.215225 0.636762 -0.740413 -0.587251 -0.89239 0.436177 0.115714 -0.194348 0.396634 0.635833 0.662116 0.435525 0.31622 -0.384863 0.867113 0.400795 -0.930002 -0.306262 0.203222 -0.504304 0.187351 -0.87068 -0.45477 0.485867 
1532459852825 0.215642 0.636115 -0.740848 -0.587243 -0.892529 0.436159 0.114707 -0.194229 0.396095 0.636493 0.661805 0.435633 0.31622 -0.384863 0.867113 0.400795 -0.930002 -0.306262 0.203222 -0.504304 0.187351 -0.87068 -0.45477 0.485867 
1532459853054 0.216059 0.635468 -0.741282 -0.587236 -0.892667 0.43614 0.1137 -0.194111 0.395555 0.637152 0.661493 0.435741 0.31622 -0.384863 0.867113 0.400795 -0.930002 -0.306262 0.203222 -0.504304 0.187351 -0.87068 -0.45477 0.485867 
1532459853302 0.216477 0.63482 -0.741715 -0.587229 -0.892805 0.436119 0.112693 -0.193993 0.395016 0.637811 0.66118 0.435849 0.31622 -0.384863 0.867113 0.400795 -0.930002 -0.306262 0.203222 -0.504304 0.187351 -0.87068 -0.45477 0.485867 
1532459853589 0.216893 0.634174 -0.742146 -0.587226 -0.892941 0.436098 0.111689 -0.193882 0.394478 0.638468 0.660867 0.435948 0.31622 -0.384863 0.867113 0.400795 -0.930002 -0.306262 0.203222 -0.504304 0.187351 -0.87068 -0.45477 0.485867 
1532459853849 0.216952 0.63401 -0.742269 -0.58719 -0.892943 0.436135 0.111534 -0.193948 0.394443 0.638606 0.660754 0.435858 0.31622 -0.384863 0.867113 0.400795 -0.930002 -0.306262 0.203222 -0.504304 0.187351 -0.87068 -0.45477 0.485867 
1532459853865 0.218034 0.633563 -0.742334 -0.587323 -0.892819 0.436665 0.110449 -0.193708 0.394127 0.638688 0.660865 0.435739 0.31622 -0.384863 0.867113 0.400795 -0.930002 -0.306262 0.203222 -0.504304 0.187351 -0.87068 -0.45477 0.485867 
1532459854164 0.219115 0.633116 -0.742397 -0.587456 -0.892694 0.437193 0.109364 -0.193468 0.393811 0.63877 0.660974 0.435619 0.31622 -0.384863 0.867113 0.400795 -0.930002 -0.306262 0.203222 -0.504304 0.187351 -0.87068 -0.45477 0.485867 
1532459854392 0.220196 0.632668 -0.742459 -0.587589 -0.892567 0.437721 0.108279 -0.193228 0.393494 0.638852 0.661083 0.4355 0.31622 -0.384863 0.867113 0.400795 -0.930002 -0.306262 0.203222 -0.504304 0.187351 -0.87068 -0.45477 0.485867 
1532459854629 0.221276 0.632219 -0.74252 -0.587722 -0.892439 0.438248 0.107194 -0.192988 0.393178 0.638934 0.661191 0.43538 0.31622 -0.384863 0.867113 0.400795 -0.930002 -0.306262 0.203222 -0.504304 0.187351 -0.87068 -0.45477 0.485867 
1532459854896 0.222357 0.63177 -0.742579 -0.587856 -0.89231 0.438775 0.106109 -0.192749 0.392862 0.639017 0.661299 0.435261 0.31622 -0.384863 0.867113 0.400795 -0.930002 -0.306262 0.203222 -0.504304 0.187351 -0.87068 -0.45477 0.485867 
1532459855125 0.223437 0.63132 -0.742638 -0.587989 -0.89218 0.439301 0.105023 -0.192509 0.392545 0.6391 0.661407 0.435142 0.31622 -0.384863 0.867113 0.400795 -0.930002 -0.306262 0.203222 -0.504304 0.187351 -0.87068 -0.45477 0.485867 
1532459855434 0.224517 0.63087 -0.742695 -0.588122 -0.892048 0.439827 0.103938 -0.192269 0.392228 0.639183 0.661515 0.435022 0.31622 -0.384863 0.867113 0.400795 -0.930002 -0.306262 0.203222 -0.504304 0.187351 -0.87068 -0.45477 0.485867 
1532459855780 0.225597 0.630419 -0.74275 -0.588255 -0.891914 0.440353 0.102852 -0.192029 0.391912 0.639267 0.661622 0.434903 0.31622 -0.384863 0.867113 0.400795 -0.930002 -0.306262 0.203222 -0.504304 0.187351 -0.87068 -0.45477 0.485867 
1532459856046 0.226673 0.629968 -0.742805 -0.588383 -0.891779 0.440876 0.101771 -0.191799 0.391598 0.63935 0.661727 0.434786 0.31622 -0.384863 0.867113 0.400795 -0.930002 -0.306262 0.203222 -0.504304 0.187351 -0.87068 -0.45477 0.485867 
1532459856296 0.226697 0.629918 -0.74284 -0.588366 -0.891775 0.440896 0.101726 -0.191848 0.391595 0.639385 0.661695 0.434775 0.31622 -0.384863 0.867113 0.400795 -0.930002 -0.306262 0.203222 -0.504304 0.187351 -0.87068 -0.45477 0.485867 
1532459856310 0.227359 0.629725 -0.742802 -0.588445 -0.891571 0.441403 0.101313 -0.191659 0.391674 0.639226 0.661802 0.434729 0.31622 -0.384863 0.867113 0.400795 -0.930002 -0.306262 0.203222 -0.504304 0.187351 -0.87068 -0.45477 0.485867 
1532459856513 0.228023 0.629531 -0.742763 -0.588524 -0.891367 0.441911 0.100899 -0.19147 0.391754 0.639066 0.661909 0.434684 0.31622 -0.384863 0.867113 0.400795 -0.930002 -0.306262 0.203222 -0.504304 0.187351 -0.87068 -0.45477 0.485867 
1532459856762 0.228686 0.629337 -0.742724 -0.588603 -0.891162 0.442418 0.100486 -0.191281 0.391834 0.638907 0.662015 0.434638 0.31622 -0.384863 0.867113 0.400795 -0.930002 -0.306262 0.203222 -0.504304 0.187351 -0.87068 -0.45477 0.485867 
1532459856999 0.229349 0.629142 -0.742684 -0.588681 -0.890956 0.442924 0.100073 -0.191092 0.391913 0.638748 0.662122 0.434592 0.31622 -0.384863 0.867113 0.400795 -0.930002 -0.306262 0.203222 -0.504304 0.187351 -0.87068 -0.45477 0.485867 
1532459857006 0.230011 0.628947 -0.742644 -0.58876 -0.890751 0.443431 0.0996601 -0.190903 0.391992 0.638588 0.662229 0.434547 0.31622 -0.384863 0.867113 0.400795 -0.930002 -0.306262 0.203222 -0.504304 0.187351 -0.87068 -0.45477 0.485867 
1532459857298 0.230673 0.628752 -0.742604 -0.588839 -0.890545 0.443937 0.0992471 -0.190714 0.392071 0.638429 0.662336 0.434501 0.31622 -0.384863 0.867113 0.400795 -0.930002 -0.306262 0.203222 -0.504304 0.187351 -0.87068 -0.45477 0.485867 
1532459857304 0.231336 0.628556 -0.742564 -0.588918 -0.890338 0.444443 0.0988341 -0.190525 0.39215 0.638269 0.662443 0.434455 0.31622 -0.384863 0.867113 0.400795 -0.930002 -0.306262 0.203222 -0.504304 0.187351 -0.87068 -0.45477 0.485867 
1532459857555 0.231998 0.62836 -0.742523 -0.588996 -0.890131 0.444949 0.0984214 -0.190336 0.392229 0.638109 0.66255 0.434409 0.31622 -0.384863 0.867113 0.400795 -0.930002 -0.306262 0.203222 -0.504304 0.187351 -0.87068 -0.45477 0.485867 
1532459857775 0.232658 0.628164 -0.742482 -0.589073 -0.889923 0.445455 0.0980104 -0.190153 0.392309 0.63795 0.662657 0.434365 0.31622 -0.384863 0.867113 0.400795 -0.930002 -0.306262 0.203222 -0.504304 0.187351 -0.87068 -0.45477 0.485867 
1532459858001 0.232794 0.627984 -0.742592 -0.589066 -0.889872 0.445592 0.0978577 -0.190247 0.392346 0.638031 0.662557 0.434321 0.31622 -0.384863 0.867113 0.400795 -0.930002 -0.306262 0.203222 -0.504304 0.187351 -0.87068 -0.45477 0.485867 
1532459858014 0.233262 0.627801 -0.7426 -0.589197 -0.889615 0.446134 0.0977243 -0.190116 0.39265 0.637832 0.662568 0.434208 0.31622 -0.384863 0.867113 0.400795 -0.930002 -0.306262 0.203222 -0.504304 0.187351 -0.87068 -0.45477 0.485867 
1532459858242 0.233731 0.627618 -0.742607 -0.589329 -0.889357 0.446676 0.0975913 -0.189985 0.392955 0.637633 0.662579 0.434094 0.31622 -0.384863 0.867113 0.400795 -0.930002 -0.306262 0.203222 -0.504304 0.187351 -0.87068 -0.45477 0.485867 
1532459858455 0.234199 0.627435 -0.742615 -0.58946 -0.889099 0.447219 0.0974587 -0.189854 0.39326 0.637433 0.66259 0.433981 0.31622 -0.384863 0.867113 0.400795 -0.930002 -0.306262 0.203222 -0.504304 0.187351 -0.87068 -0.45477 0.485867 
1532459858676 0.234667 0.627251 -0.742622 -0.589592 -0.888841 0.447761 0.097326 -0.189723 0.393565 0.637234 0.662601 0.433867 0.31622 -0.384863 0.867113 0.400795 -0.930002 -0.306262 0.203222 -0.504304 0.187351 -0.87068 -0.45477 0.485867 
1532459858882 0.235135 0.627067 -0.74263 -0.589723 -0.888582 0.448302 0.0971933 -0.189592 0.393869 0.637034 0.662612 0.433754 0.31622 -0.384863 0.867113 0.400795 -0.930002 -0.306262 0.203222 -0.504304 0.187351 -0.87068 -0.45477 0.485867 
1532459859092 0.235603 0.626883 -0.742637 -0.589854 -0.888323 0.448844 0.0970606 -0.18946 0.394174 0.636834 0.662623 0.43364 0.31622 -0.384863 0.867113 0.400795 -0.930002 -0.306262 0.203222 -0.504304 0.187351 -0.87068 -0.45477 0.485867 
1532459859333 0.236071 0.626698 -0.742644 -0.589986 -0.888064 0.449385 0.0969279 -0.189329 0.394478 0.636634 0.662635 0.433527 0.31622 -0.384863 0.867113 0.400795 -0.930002 -0.306262 0.203222 -0.504304 0.187351 -0.87068 -0.45477 0.485867 
1532459859561 0.236539 0.626513 -0.742651 -0.590117 -0.887804 0.449927 0.0967952 -0.189198 0.394782 0.636433 0.662646 0.433413 0.31622 -0.384863 0.867113 0.400795 -0.930002 -0.306262 0.203222 -0.504304 0.187351 -0.87068 -0.45477 0.485867 
1532459859811 0.237005 0.626328 -0.742659 -0.590242 -0.887544 0.450467 0.0966635 -0.18907 0.395087 0.636233 0.662656 0.433303 0.31622 -0.384863 0.867113 0.400795 -0.930002 -0.306262 0.203222 -0.504304 0.187351 -0.87068 -0.45477 0.485867 
1532459860043 0.237133 0.626378 -0.742575 -0.5902 -0.88752 0.450528 0.09661 -0.189122 0.395065 0.636141 0.662758 0.433354 0.31622 -0.384863 0.867113 0.400795 -0.930002 -0.306262 0.203222 -0.504304 0.187351 -0.87068 -0.45477 0.485867 
1532459860054 0.237635 0.626257 -0.742517 -0.590328 -0.887254 0.451076 0.0964929 -0.188998 0.395361 0.635871 0.66284 0.433242 0.31622 -0.384863 0.867113 0.400795 -0.930002 -0.306262 0.203222 -0.504304 0.187351 -0.87068 -0.45477 0.485867 
1532459860292 0.238136 0.626136 -0.742459 -0.590457 -0.886987 0.451626 0.0963758 -0.188874 0.395658 0.635601 0.662923 0.43313 0.31622 -0.384863 0.867113 0.400795 -0.930002 -0.306262 0.203222 -0.504304 0.187351 -0.87068 -0.45477 0.485867 
1532459860516 0.238638 0.626014 -0.7424 -0.590585 -0.88672 0.452174 0.0962591 -0.188751 0.395954 0.63533 0.663005 0.433018 0.31622 -0.384863 0.867113 0.400795 -0.930002 -0.306262 0.203222 -0.504304 0.187351 -0.87068 -0.45477 0.485867 
1532459860522 0.239139 0.625892 -0.742342 -0.590714 -0.886453 0.452723 0.0961425 -0.188627 0.39625 0.63506 0.663088 0.432906 0.31622 -0.384863 0.867113 0.400795 -0.930002 -0.306262 0.203222 -0.504304 0.187351 -0.87068 -0.45477 0.485867 
1532459860748 0.239639 0.62577 -0.742283 -0.590842 -0.886185 0.453271 0.0960259 -0.188503 0.396546 0.634789 0.66317 0.432794 0.31622 -0.384863 0.867113 0.400795 -0.930002 -0.306262 0.203222 -0.504304 0.187351 -0.87068 -0.45477 0.485867 
1532459860971 0.24014 0.625648 -0.742225 -0.59097 -0.885917 0.453819 0.0959094 -0.188379 0.396841 0.634518 0.663252 0.432681 0.31622 -0.384863 0.867113 0.400795 -0.930002 -0.306262 0.203222 -0.504304 0.187351 -0.87068 -0.45477 0.485867 
1532459861181 0.240641 0.625525 -0.742166 -0.591099 -0.885649 0.454367 0.0957929 -0.188255 0.397137 0.634247 0.663335 0.432569 0.31622 -0.384863 0.867113 0.400795 -0.930002 -0.306262 0.203222 -0.504304 0.187351 -0.87068 -0.45477 0.485867 
1532459861401 0.241141 0.625401 -0.742108 -0.591227 -0.885381 0.454915 0.0956765 -0.188132 0.397432 0.633976 0.663417 0.432457 0.31622 -0.384863 0.867113 0.400795 -0.930002 -0.306262 0.203222 -0.504304 0.187351 -0.87068 -0.45477 0.485867 
1532459861601 0.241641 0.625278 -0.74205 -0.591349 -0.885111 0.455462 0.095561 -0.18801 0.397728 0.633705 0.663499 0.43235 0.31622 -0.384863 0.867113 0.400795 -0.930002 -0.306262 0.203222 -0.504304 0.187351 -0.87068 -0.45477 0.485867 
1532459861792 0.241617 0.625277 -0.742058 -0.591335 -0.885098 0.455479 0.0956061 -0.188033 0.397772 0.633694 0.663483 0.432382 0.31622 -0.384863 0.867113 0.400795 -0.930002 -0.306262 0.203222 -0.504304 0.187351 -0.87068 -0.45477 0.485867 
1532459861802 0.24244 0.625021 -0.742005 -0.591452 -0.884747 0.456239 0.0952296 -0.187897 0.398052 0.633399 0.663596 0.432297 0.31622 -0.384863 0.867113 0.400795 -0.930002 -0.306262 0.203222 -0.504304 0.187351 -0.87068 -0.45477 0.485867 
1532459862079 0.243264 0.624764 -0.741952 -0.591569 -0.884395 0.457 0.0948523 -0.187761 0.398332 0.633104 0.66371 0.432213 0.31622 -0.384863 0.867113 0.400795 -0.930002 -0.306262 0.203222 -0.504304 0.187351 -0.87068 -0.45477 0.485867 
1532459862285 0.244086 0.624507 -0.741898 -0.591686 -0.884042 0.45776 0.0944757 -0.187625 0.398612 0.632809 0.663823 0.432128 0.31622 -0.384863 0.867113 0.400795 -0.930002 -0.306262 0.203222 -0.504304 0.187351 -0.87068 -0.45477 0.485867 
1532459862506 0.244909 0.624248 -0.741845 -0.591803 -0.883689 0.458519 0.0940991 -0.187489 0.398891 0.632514 0.663937 0.432044 0.31622 -0.384863 0.867113 0.400795 -0.930002 -0.306262 0.203222 -0.504304 0.187351 -0.87068 -0.45477 0.485867 
1532459862719 0.245731 0.62399 -0.741791 -0.59192 -0.883334 0.459279 0.0937225 -0.187353 0.39917 0.632219 0.66405 0.431959 0.31622 -0.384863 0.867113 0.400795 -0.930002 -0.306262 0.203222 -0.504304 0.187351 -0.87068 -0.45477 0.485867 
1532459862946 0.246553 0.62373 -0.741736 -0.592038 -0.882979 0.460037 0.093346 -0.187216 0.399449 0.631923 0.664164 0.431874 0.31622 -0.384863 0.867113 0.400795 -0.930002 -0.306262 0.203222 -0.504304 0.187351 -0.87068 -0.45477 0.485867 
1532459863155 0.247375 0.623469 -0.741682 -0.592155 -0.882623 0.460797 0.0929696 -0.18708 0.399728 0.631627 0.664278 0.43179 0.31622 -0.384863 0.867113 0.400795 -0.930002 -0.306262 0.203222 -0.504304 0.187351 -0.87068 -0.45477 0.485867 
1532459863371 0.248196 0.623208 -0.741627 -0.592272 -0.882266 0.461555 0.0925935 -0.186944 0.400007 0.631331 0.664392 0.431705 0.31622 -0.384863 0.867113 0.400795 -0.930002 -0.306262 0.203222 -0.504304 0.187351 -0.87068 -0.45477 0.485867 
1532459863570 0.249015 0.622946 -0.741572 -0.592383 -0.881909 0.462312 0.0922193 -0.186813 0.400286 0.631035 0.664505 0.431624 0.31622 -0.384863 0.867113 0.400795 -0.930002 -0.306262 0.203222 -0.504304 0.187351 -0.87068 -0.45477 0.485867 
1532459863826 0.249165 0.622838 -0.741612 -0.59234 -0.881873 0.462412 0.0920637 -0.186884 0.400271 0.631069 0.664481 0.431597 0.31622 -0.384863 0.867113 0.400795 -0.930002 -0.306262 0.203222 -0.504304 0.187351 -0.87068 -0.45477 0.485867 
1532459863838 0.24977 0.622709 -0.741518 -0.592464 -0.88153 0.463085 0.0919565 -0.186771 0.400648 0.630703 0.664602 0.431531 0.31622 -0.384863 0.867113 0.400795 -0.930002 -0.306262 0.203222 -0.504304 0.187351 -0.87068 -0.45477 0.485867 
1532459864125 0.250376 0.622578 -0.741423 -0.592587 -0.881187 0.46376 0.0918484 -0.186659 0.401025 0.630336 0.664722 0.431464 0.31622 -0.384863 0.867113 0.400795 -0.930002 -0.306262 0.203222 -0.504304 0.187351 -0.87068 -0.45477 0.485867 
1532459864329 0.250981 0.622447 -0.741329 -0.592711 -0.880843 0.464434 0.0917407 -0.186547 0.401402 0.629969 0.664842 0.431398 0.31622 -0.384863 0.867113 0.400795 -0.930002 -0.306262 0.203222 -0.504304 0.187351 -0.87068 -0.45477 0.485867 
1532459864507 0.251586 0.622315 -0.741234 -0.592835 -0.880499 0.465107 0.0916331 -0.186434 0.401778 0.629602 0.664963 0.431331 0.31622 -0.384863 0.867113 0.400795 -0.930002 -0.306262 0.203222 -0.504304 0.187351 -0.87068 -0.45477 0.485867 
1532459864742 0.252191 0.622183 -0.741139 -0.592959 -0.880155 0.46578 0.0915256 -0.186322 0.402154 0.629235 0.665083 0.431265 0.31622 -0.384863 0.867113 0.400795 -0.930002 -0.306262 0.203222 -0.504304 0.187351 -0.87068 -0.45477 0.485867 
1532459864963 0.252796 0.622051 -0.741045 -0.593083 -0.879809 0.466453 0.0914182 -0.186209 0.402529 0.628868 0.665203 0.431198 0.31622 -0.384863 0.867113 0.400795 -0.930002 -0.306262 0.203222 -0.504304 0.187351 -0.87068 -0.45477 0.485867 
1532459865188 0.253401 0.621918 -0.74095 -0.593207 -0.879464 0.467125 0.0913109 -0.186097 0.402904 0.6285 0.665324 0.431132 0.31622 -0.384863 0.867113 0.400795 -0.930002 -0.306262 0.203222 -0.504304 0.187351 -0.87068 -0.45477 0.485867 
1532459865380 0.254006 0.621784 -0.740855 -0.59333 -0.879117 0.467798 0.0912038 -0.185984 0.40328 0.628132 0.665444 0.431065 0.31622 -0.384863 0.867113 0.400795 -0.930002 -0.306262 0.203222 -0.504304 0.187351 -0.87068 -0.45477 0.485867 
1532459865609 0.254609 0.62165 -0.74076 -0.593448 -0.87877 0.46847 0.0910977 -0.185874 0.403655 0.627764 0.665564 0.431002 0.31622 -0.384863 0.867113 0.400795 -0.930002 -0.306262 0.203222 -0.504304 0.187351 -0.87068 -0.45477 0.485867 
1532459865833 0.254642 0.621537 -0.740843 -0.593418 -0.878701 0.468597 0.0911075 -0.185932 0.403784 0.62778 0.66547 0.431004 0.31622 -0.384863 0.867113 0.400795 -0.930002 -0.306262 0.203222 -0.504304 0.187351 -0.87068 -0.45477 0.485867 
1532459865844 0.255532 0.621429 -0.740628 -0.593531 -0.878244 0.469491 0.0909171 -0.185811 0.404217 0.627219 0.665736 0.430937 0.31622 -0.384863 0.867113 0.400795 -0.930002 -0.306262 0.203222 -0.504304 0.187351 -0.87068 -0.45477 0.485867 
1532459866145 0.256425 0.62132 -0.740411 -0.593644 -0.877785 0.470386 0.0907253 -0.185691 0.404648 0.626657 0.666004 0.430869 0.31622 -0.384863 0.867113 0.400795 -0.930002 -0.306262 0.203222 -0.504304 0.187351 -0.87068 -0.45477 0.485867 
1532459866368 0.257317 0.621209 -0.740194 -0.593758 -0.877325 0.47128 0.0905343 -0.18557 0.405079 0.626095 0.666271 0.430801 0.31622 -0.384863 0.867113 0.400795 -0.930002 -0.306262 0.203222 -0.504304 0.187351 -0.87068 -0.45477 0.485867 
1532459866602 0.258208 0.621098 -0.739977 -0.593871 -0.876864 0.472173 0.0903437 -0.185449 0.405509 0.625532 0.666538 0.430734 0.31622 -0.384863 0.867113 0.400795 -0.930002 -0.306262 0.203222 -0.504304 0.187351 -0.87068 -0.45477 0.485867 
1532459866836 0.259099 0.620986 -0.739759 -0.593984 -0.876402 0.473066 0.0901533 -0.185329 0.405939 0.624968 0.666805 0.430666 0.31622 -0.384863 0.867113 0.400795 -0.930002 -0.306262 0.203222 -0.504304 0.187351 -0.87068 -0.45477 0.485867 
1532459867046 0.259991 0.620872 -0.739542 -0.594098 -0.875939 0.473959 0.0899633 -0.185208 0.406368 0.624404 0.667072 0.430598 0.31622 -0.384863 0.867113 0.400795 -0.930002 -0.306262 0.203222 -0.504304 0.187351 -0.87068 -0.45477 0.485867 
1532459867282 0.260882 0.620758 -0.739324 -0.594211 -0.875476 0.474851 0.0897736 -0.185087 0.406796 0.62384 0.667339 0.430531 0.31622 -0.384863 0.867113 0.400795 -0.930002 -0.306262 0.203222 -0.504304 0.187351 -0.87068 -0.45477 0.485867 
1532459867519 0.261772 0.620643 -0.739106 -0.594324 -0.875011 0.475742 0.0895844 -0.184966 0.407224 0.623275 0.667605 0.430463 0.31622 -0.384863 0.867113 0.400795 -0.930002 -0.306262 0.203222 -0.504304 0.187351 -0.87068 -0.45477 0.485867 
1532459867526 0.262661 0.620526 -0.738888 -0.594432 -0.874545 0.476633 0.0893968 -0.184849 0.407652 0.62271 0.667871 0.430401 0.31622 -0.384863 0.867113 0.400795 -0.930002 -0.306262 0.203222 -0.504304 0.187351 -0.87068 -0.45477 0.485867 
1532459867806 0.262646 0.620486 -0.738928 -0.594411 -0.87457 0.476597 0.0893454 -0.184867 0.407609 0.622778 0.667835 0.43041 0.31622 -0.384863 0.867113 0.400795 -0.930002 -0.306262 0.203222 -0.504304 0.187351 -0.87068 -0.45477 0.485867 
1532459867819 0.263575 0.620341 -0.738718 -0.594535 -0.874021 0.477624 0.0892358 -0.184729 0.408186 0.622135 0.668081 0.430321 0.31622 -0.384863 0.867113 0.400795 -0.930002 -0.306262 0.203222 -0.504304 0.187351 -0.87068 -0.45477 0.485867 
1532459868070 0.264506 0.620196 -0.738508 -0.594659 -0.87347 0.478651 0.089125 -0.184592 0.408762 0.62149 0.668329 0.430232 0.31622 -0.384863 0.867113 0.400795 -0.930002 -0.306262 0.203222 -0.504304 0.187351 -0.87068 -0.45477 0.485867 
1532459868318 0.265435 0.62005 -0.738297 -0.594783 -0.872919 0.479676 0.089015 -0.184454 0.409337 0.620846 0.668576 0.430143 0.31622 -0.384863 0.867113 0.400795 -0.930002 -0.306262 0.203222 -0.504304 0.187351 -0.87068 -0.45477 0.485867 
1532459868546 0.266364 0.619902 -0.738086 -0.594907 -0.872366 0.4807 0.0889054 -0.184317 0.409911 0.6202 0.668823 0.430054 0.31622 -0.384863 0.867113 0.400795 -0.930002 -0.306262 0.203222 -0.504304 0.187351 -0.87068 -0.45477 0.485867 
1532459868802 0.267294 0.619753 -0.737875 -0.595031 -0.871812 0.481725 0.0887961 -0.184179 0.410485 0.619554 0.66907 0.429966 0.31622 -0.384863 0.867113 0.400795 -0.930002 -0.306262 0.203222 -0.504304 0.187351 -0.87068 -0.45477 0.485867 
1532459869042 0.268223 0.619603 -0.737664 -0.595155 -0.871257 0.482749 0.0886874 -0.184041 0.411058 0.618907 0.669317 0.429877 0.31622 -0.384863 0.867113 0.400795 -0.930002 -0.306262 0.203222 -0.504304 0.187351 -0.87068 -0.45477 0.485867 
1532459869300 0.269151 0.619452 -0.737453 -0.595279 -0.8707 0.483771 0.0885788 -0.183904 0.411629 0.618259 0.669565 0.429788 0.31622 -0.384863 0.867113 0.400795 -0.930002 -0.306262 0.203222 -0.504304 0.187351 -0.87068 -0.45477 0.485867 
1532459869546 0.27008 0.619299 -0.737242 -0.595403 -0.870142 0.484794 0.0884709 -0.183766 0.4122 0.617611 0.669812 0.429699 0.31622 -0.384863 0.867113 0.400795 -0.930002 -0.306262 0.203222 -0.504304 0.187351 -0.87068 -0.45477 0.485867 
1532459869792 0.271006 0.619145 -0.737031 -0.59552 -0.869584 0.485814 0.0883643 -0.183632 0.412771 0.616963 0.670058 0.429616 0.31622 -0.384863 0.867113 0.400795 -0.930002 -0.306262 0.203222 -0.504304 0.187351 -0.87068 -0.45477 0.485867 
1532459870071 0.271112 0.619158 -0.736982 -0.595515 -0.86954 0.485898 0.0883399 -0.1837 0.412794 0.616885 0.670115 0.429631 0.31622 -0.384863 0.867113 0.400795 -0.930002 -0.306262 0.203222 -0.504304 0.187351 -0.87068 -0.45477 0.485867 
1532459870081 0.271959 0.618881 -0.736902 -0.595613 -0.868969 0.486934 0.0882477 -0.18357 0.413437 0.616345 0.670215 0.429543 0.31622 -0.384863 0.867113 0.400795 -0.930002 -0.306262 0.203222 -0.504304 0.187351 -0.87068 -0.45477 0.485867 
1532459870334 0.272807 0.618603 -0.736822 -0.59571 -0.868397 0.48797 0.0881544 -0.183439 0.41408 0.615805 0.670315 0.429455 0.31622 -0.384863 0.867113 0.400795 -0.930002 -0.306262 0.203222 -0.504304 0.187351 -0.87068 -0.45477 0.485867 
1532459870579 0.273655 0.618323 -0.736742 -0.595808 -0.867825 0.489005 0.0880617 -0.183309 0.414721 0.615265 0.670415 0.429367 0.31622 -0.384863 0.867113 0.400795 -0.930002 -0.306262 0.203222 -0.504304 0.187351 -0.87068 -0.45477 0.485867 
1532459870808 0.274501 0.618043 -0.736663 -0.595905 -0.867251 0.490039 0.0879691 -0.183178 0.415362 0.614723 0.670514 0.429279 0.31622 -0.384863 0.867113 0.400795 -0.930002 -0.306262 0.203222 -0.504304 0.187351 -0.87068 -0.45477 0.485867 
1532459871033 0.275348 0.617761 -0.736583 -0.596003 -0.866675 0.491073 0.0878767 -0.183048 0.416003 0.614181 0.670614 0.429191 0.31622 -0.384863 0.867113 0.400795 -0.930002 -0.306262 0.203222 -0.504304 0.187351 -0.87068 -0.45477 0.485867 
1532459871277 0.276195 0.617479 -0.736503 -0.596101 -0.866098 0.492106 0.0877845 -0.182917 0.416643 0.613638 0.670714 0.429102 0.31622 -0.384863 0.867113 0.400795 -0.930002 -0.306262 0.203222 -0.504304 0.187351 -0.87068 -0.45477 0.485867 
1532459871594 0.27704 0.617195 -0.736423 -0.596198 -0.86552 0.493138 0.0876923 -0.182787 0.417281 0.613094 0.670814 0.429014 0.31622 -0.384863 0.867113 0.400795 -0.930002 -0.306262 0.203222 -0.504304 0.187351 -0.87068 -0.45477 0.485867 
1532459871822 0.277886 0.616911 -0.736343 -0.596296 -0.864941 0.49417 0.0876006 -0.182656 0.41792 0.61255 0.670914 0.428926 0.31622 -0.384863 0.867113 0.400795 -0.930002 -0.306262 0.203222 -0.504304 0.187351 -0.87068 -0.45477 0.485867 
1532459872046 0.278729 0.616625 -0.736263 -0.596388 -0.86436 0.4952 0.0875098 -0.182529 0.418558 0.612005 0.671013 0.428842 0.31622 -0.384863 0.867113 0.400795 -0.930002 -0.306262 0.203222 -0.504304 0.187351 -0.87068 -0.45477 0.485867 
1532459872319 0.278786 0.616648 -0.736222 -0.596347 -0.864321 0.495265 0.0875328 -0.182567 0.418602 0.611929 0.671055 0.428882 0.31622 -0.384863 0.867113 0.400795 -0.930002 -0.306262 0.203222 -0.504304 0.187351 -0.87068 -0.45477 0.485867 
1532459872331 0.279701 0.616438 -0.736051 -0.596449 -0.86377 0.496253 0.0873739 -0.182415 0.419128 0.61134 0.671263 0.428773 0.31622 -0.384863 0.867113 0.400795 -0.930002 -0.306262 0.203222 -0.504304 0.187351 -0.87068 -0.45477 0.485867 
1532459872567 0.280615 0.616227 -0.73588 -0.596551 -0.863218 0.49724 0.087216 -0.182263 0.419654 0.610751 0.671471 0.428665 0.31622 -0.384863 0.867113 0.400795 -0.930002 -0.306262 0.203222 -0.504304 0.187351 -0.87068 -0.45477 0.485867 
1532459872822 0.281529 0.616015 -0.735709 -0.596652 -0.862666 0.498226 0.0870583 -0.182111 0.420178 0.610161 0.67168 0.428556 0.31622 -0.384863 0.867113 0.400795 -0.930002 -0.306262 0.203222 -0.504304 0.187351 -0.87068 -0.45477 0.485867 
1532459873080 0.282442 0.615802 -0.735537 -0.596754 -0.862112 0.499211 0.0869009 -0.181959 0.420702 0.60957 0.671888 0.428448 0.31622 -0.384863 0.867113 0.400795 -0.930002 -0.306262 0.203222 -0.504304 0.187351 -0.87068 -0.45477 0.485867 
1532459873369 0.283355 0.615588 -0.735365 -0.596856 -0.861556 0.500197 0.0867439 -0.181808 0.421225 0.608979 0.672097 0.428339 0.31622 -0.384863 0.867113 0.400795 -0.930002 -0.306262 0.203222 -0.504304 0.187351 -0.87068 -0.45477 0.485867 
1532459873603 0.284268 0.615372 -0.735193 -0.596958 -0.860999 0.501181 0.0865872 -0.181656 0.421748 0.608387 0.672305 0.42823 0.31622 -0.384863 0.867113 0.400795 -0.930002 -0.306262 0.203222 -0.504304 0.187351 -0.87068 -0.45477 0.485867 
1532459873609 0.28518 0.615156 -0.73502 -0.59706 -0.860442 0.502164 0.0864306 -0.181504 0.422269 0.607794 0.672514 0.428122 0.31622 -0.384863 0.867113 0.400795 -0.930002 -0.306262 0.203222 -0.504304 0.187351 -0.87068 -0.45477 0.485867 
1532459873950 0.286092 0.614939 -0.734848 -0.597161 -0.859883 0.503148 0.0862747 -0.181352 0.422791 0.607201 0.672722 0.428013 0.31622 -0.384863 0.867113 0.400795 -0.930002 -0.306262 0.203222 -0.504304 0.187351 -0.87068 -0.45477 0.485867 
1532459874190 0.287002 0.61472 -0.734676 -0.597258 -0.859323 0.504129 0.0861201 -0.181204 0.423312 0.606608 0.67293 0.42791 0.31622 -0.384863 0.867113 0.400795 -0.930002 -0.306262 0.203222 -0.504304 0.187351 -0.87068 -0.45477 0.485867 
1532459874460 0.286989 0.614581 -0.734797 -0.597235 -0.859327 0.504138 0.086032 -0.181264 0.423313 0.606741 0.672809 0.427872 0.31622 -0.384863 0.867113 0.400795 -0.930002 -0.306262 0.203222 -0.504304 0.187351 -0.87068 -0.45477 0.485867 
1532459874472 0.287836 0.614455 -0.734572 -0.597327 -0.858744 0.50513 0.0860398 -0.181128 0.423922 0.606044 0.673054 0.427773 0.31622 -0.384863 0.867113 0.400795 -0.930002 -0.306262 0.203222 -0.504304 0.187351 -0.87068 -0.45477 0.485867 
1532459874714 0.288683 0.614328 -0.734345 -0.597419 -0.858159 0.506121 0.0860468 -0.180991 0.424529 0.605345 0.6733 0.427675 0.31622 -0.384863 0.867113 0.400795 -0.930002 -0.306262 0.203222 -0.504304 0.187351 -0.87068 -0.45477 0.485867 
1532459874957 0.28953 0.6142 -0.734119 -0.597511 -0.857574 0.507111 0.0860545 -0.180855 0.425135 0.604646 0.673546 0.427576 0.31622 -0.384863 0.867113 0.400795 -0.930002 -0.306262 0.203222 -0.504304 0.187351 -0.87068 -0.45477 0.485867 
1532459875210 0.290376 0.614071 -0.733893 -0.597603 -0.856987 0.5081 0.0860626 -0.180718 0.42574 0.603946 0.673791 0.427478 0.31622 -0.384863 0.867113 0.400795 -0.930002 -0.306262 0.203222 -0.504304 0.187351 -0.87068 -0.45477 0.485867 
1532459875429 0.291223 0.61394 -0.733666 -0.597694 -0.856399 0.50909 0.0860711 -0.180582 0.426345 0.603245 0.674037 0.427379 0.31622 -0.384863 0.867113 0.400795 -0.930002 -0.306262 0.203222 -0.504304 0.187351 -0.87068 -0.45477 0.485867 
1532459875689 0.292069 0.613809 -0.73344 -0.597786 -0.85581 0.510078 0.0860801 -0.180445 0.426949 0.602544 0.674282 0.42728 0.31622 -0.384863 0.867113 0.400795 -0.930002 -0.306262 0.203222 -0.504304 0.187351 -0.87068 -0.45477 0.485867 
1532459875927 0.292915 0.613676 -0.733213 -0.597878 -0.85522 0.511065 0.0860892 -0.180309 0.427551 0.601842 0.674527 0.427182 0.31622 -0.384863 0.867113 0.400795 -0.930002 -0.306262 0.203222 -0.504304 0.187351 -0.87068 -0.45477 0.485867 
1532459876203 0.293761 0.613543 -0.732987 -0.59797 -0.854628 0.512053 0.086099 -0.180172 0.428153 0.601139 0.674772 0.427083 0.31622 -0.384863 0.867113 0.400795 -0.930002 -0.306262 0.203222 -0.504304 0.187351 -0.87068 -0.45477 0.485867 
1532459876440 0.294605 0.613408 -0.732761 -0.598057 -0.854036 0.513038 0.0861097 -0.180039 0.428754 0.600436 0.675016 0.426991 0.31622 -0.384863 0.867113 0.400795 -0.930002 -0.306262 0.203222 -0.504304 0.187351 -0.87068 -0.45477 0.485867 
1532459876700 0.29475 0.613323 -0.732774 -0.598016 -0.853949 0.513193 0.0860459 -0.180111 0.428829 0.600389 0.67501 0.427026 0.31622 -0.384863 0.867113 0.400795 -0.930002 -0.306262 0.203222 -0.504304 0.187351 -0.87068 -0.45477 0.485867 
1532459876713 0.295491 0.6132 -0.732579 -0.598098 -0.853423 0.514064 0.0860592 -0.179982 0.429364 0.59977 0.67522 0.42691 0.31622 -0.384863 0.867113 0.400795 -0.930002 -0.306262 0.203222 -0.504304 0.187351 -0.87068 -0.45477 0.485867 
1532459876719 0.296234 0.613076 -0.732382 -0.59818 -0.852897 0.514936 0.0860717 -0.179852 0.429898 0.599149 0.675432 0.426794 0.31622 -0.384863 0.867113 0.400795 -0.930002 -0.306262 0.203222 -0.504304 0.187351 -0.87068 -0.45477 0.485867 
1532459877002 0.296976 0.612951 -0.732186 -0.598262 -0.85237 0.515806 0.0860848 -0.179723 0.430431 0.598528 0.675643 0.426678 0.31622 -0.384863 0.867113 0.400795 -0.930002 -0.306262 0.203222 -0.504304 0.187351 -0.87068 -0.45477 0.485867 
1532459877251 0.297718 0.612825 -0.73199 -0.598344 -0.851841 0.516675 0.0860981 -0.179593 0.430964 0.597906 0.675854 0.426562 0.31622 -0.384863 0.867113 0.400795 -0.930002 -0.306262 0.203222 -0.504304 0.187351 -0.87068 -0.45477 0.485867 
1532459877469 0.298461 0.612699 -0.731793 -0.598426 -0.851312 0.517545 0.0861118 -0.179464 0.431497 0.597283 0.676064 0.426446 0.31622 -0.384863 0.867113 0.400795 -0.930002 -0.306262 0.203222 -0.504304 0.187351 -0.87068 -0.45477 0.485867 
1532459877700 0.299202 0.612572 -0.731597 -0.598509 -0.850782 0.518413 0.0861257 -0.179334 0.432028 0.596661 0.676275 0.426329 0.31622 -0.384863 0.867113 0.400795 -0.930002 -0.306262 0.203222 -0.504304 0.187351 -0.87068 -0.45477 0.485867 
1532459877932 0.299944 0.612443 -0.731401 -0.598591 -0.850251 0.519281 0.0861401 -0.179205 0.432559 0.596037 0.676486 0.426213 0.31622 -0.384863 0.867113 0.400795 -0.930002 -0.306262 0.203222 -0.504304 0.187351 -0.87068 -0.45477 0.485867 
1532459878173 0.300685 0.612314 -0.731204 -0.598672 -0.849719 0.520149 0.0861547 -0.179075 0.433089 0.595413 0.676696 0.426097 0.31622 -0.384863 0.867113 0.400795 -0.930002 -0.306262 0.203222 -0.504304 0.187351 -0.87068 -0.45477 0.485867 
1532459878398 0.301425 0.612184 -0.731009 -0.59875 -0.849187 0.521015 0.08617 -0.178949 0.433618 0.594789 0.676906 0.425987 0.31622 -0.384863 0.867113 0.400795 -0.930002 -0.306262 0.203222 -0.504304 0.187351 -0.87068 -0.45477 0.485867 
1532459878659 0.301534 0.612017 -0.731104 -0.598713 -0.849103 0.521167 0.0860754 -0.179037 0.433707 0.594828 0.676815 0.425993 0.31622 -0.384863 0.867113 0.400795 -0.930002 -0.306262 0.203222 -0.504304 0.187351 -0.87068 -0.45477 0.485867 
1532459878669 0.302331 0.611772 -0.73098 -0.5988 -0.848506 0.522142 0.0860514 -0.178896 0.434319 0.594225 0.676952 0.4259 0.31622 -0.384863 0.867113 0.400795 -0.930002 -0.306262 0.203222 -0.504304 0.187351 -0.87068 -0.45477 0.485867 
1532459878895 0.303129 0.611525 -0.730855 -0.598887 -0.847908 0.523116 0.0860268 -0.178755 0.43493 0.593621 0.677089 0.425806 0.31622 -0.384863 0.867113 0.400795 -0.930002 -0.306262 0.203222 -0.504304 0.187351 -0.87068 -0.45477 0.485867 
1532459879117 0.303926 0.611278 -0.730731 -0.598973 -0.84731 0.524089 0.0860029 -0.178613 0.43554 0.593017 0.677226 0.425713 0.31622 -0.384863 0.867113 0.400795 -0.930002 -0.306262 0.203222 -0.504304 0.187351 -0.87068 -0.45477 0.485867 
1532459879386 0.304722 0.61103 -0.730607 -0.59906 -0.84671 0.525061 0.0859792 -0.178472 0.436149 0.592413 0.677363 0.425619 0.31622 -0.384863 0.867113 0.400795 -0.930002 -0.306262 0.203222 -0.504304 0.187351 -0.87068 -0.45477 0.485867 
1532459879393 0.305519 0.610781 -0.730483 -0.599147 -0.846109 0.526033 0.0859557 -0.178331 0.436758 0.591807 0.6775 0.425526 0.31622 -0.384863 0.867113 0.400795 -0.930002 -0.306262 0.203222 -0.504304 0.187351 -0.87068 -0.45477 0.485867 
1532459879731 0.306315 0.610531 -0.730358 -0.599234 -0.845507 0.527005 0.0859326 -0.17819 0.437367 0.5912 0.677637 0.425433 0.31622 -0.384863 0.867113 0.400795 -0.930002 -0.306262 0.203222 -0.504304 0.187351 -0.87068 -0.45477 0.485867 
1532459879961 0.30711 0.61028 -0.730234 -0.599321 -0.844904 0.527975 0.0859094 -0.178049 0.437974 0.590594 0.677774 0.425339 0.31622 -0.384863 0.867113 0.400795 -0.930002 -0.306262 0.203222 -0.504304 0.187351 -0.87068 -0.45477 0.485867 
1532459880208 0.307905 0.610028 -0.73011 -0.599407 -0.844299 0.528944 0.0858867 -0.177908 0.438581 0.589986 0.677911 0.425246 0.31622 -0.384863 0.867113 0.400795 -0.930002 -0.306262 0.203222 -0.504304 0.187351 -0.87068 -0.45477 0.485867 
1532459880460 0.308699 0.609775 -0.729986 -0.59949 -0.843694 0.529913 0.0858649 -0.17777 0.439187 0.589378 0.678047 0.425157 0.31622 -0.384863 0.867113 0.400795 -0.930002 -0.306262 0.203222 -0.504304 0.187351 -0.87068 -0.45477 0.485867 
1532459880735 0.308769 0.609697 -0.730021 -0.599489 -0.843609 0.530047 0.0858714 -0.177861 0.439301 0.589338 0.678008 0.425175 0.31622 -0.384863 0.867113 0.400795 -0.930002 -0.306262 0.203222 -0.504304 0.187351 -0.87068 -0.45477 0.485867 
1532459880747 0.309338 0.609584 -0.729875 -0.599561 -0.842997 0.530971 0.0861794 -0.17773 0.440076 0.588624 0.678127 0.425079 0.31622 -0.384863 0.867113 0.400795 -0.930002 -0.306262 0.203222 -0.504304 0.187351 -0.87068 -0.45477 0.485867 
1532459880991 0.309908 0.60947 -0.729728 -0.599633 -0.842383 0.531894 0.0864872 -0.177598 0.440849 0.587908 0.678245 0.424984 0.31622 -0.384863 0.867113 0.400795 -0.930002 -0.306262 0.203222 -0.504304 0.187351 -0.87068 -0.45477 0.485867 
1532459881227 0.310477 0.609355 -0.729582 -0.599706 -0.841768 0.532816 0.0867954 -0.177467 0.441622 0.587191 0.678363 0.424888 0.31622 -0.384863 0.867113 0.400795 -0.930002 -0.306262 0.203222 -0.504304 0.187351 -0.87068 -0.45477 0.485867 
1532459881436 0.311046 0.60924 -0.729436 -0.599778 -0.841152 0.533737 0.087104 -0.177336 0.442395 0.586474 0.67848 0.424792 0.31622 -0.384863 0.867113 0.400795 -0.930002 -0.306262 0.203222 -0.504304 0.187351 -0.87068 -0.45477 0.485867 
1532459881637 0.311615 0.609124 -0.72929 -0.59985 -0.840536 0.534657 0.0874125 -0.177205 0.443165 0.585756 0.678598 0.424697 0.31622 -0.384863 0.867113 0.400795 -0.930002 -0.306262 0.203222 -0.504304 0.187351 -0.87068 -0.45477 0.485867 
1532459881853 0.312184 0.609007 -0.729145 -0.599922 -0.839918 0.535578 0.0877214 -0.177073 0.443936 0.585036 0.678714 0.424601 0.31622 -0.384863 0.867113 0.400795 -0.930002 -0.306262 0.203222 -0.504304 0.187351 -0.87068 -0.45477 0.485867 
1532459882080 0.312752 0.60889 -0.728999 -0.599994 -0.839299 0.536496 0.0880303 -0.176942 0.444706 0.584316 0.678831 0.424505 0.31622 -0.384863 0.867113 0.400795 -0.930002 -0.306262 0.203222 -0.504304 0.187351 -0.87068 -0.45477 0.485867 
