1535383726921 0.214991 0.920243 -0.327005 -0.487432 -0.94361 0.282049 0.173347 -0.177494 0.251753 0.271297 0.928988 0.464105 0.139232 -0.0713751 0.987684 0.386123 -0.989924 0.0159373 0.1407 -0.486877 -0.0257835 -0.997322 -0.068437 0.435462 
1535383726939 0.218452 0.920942 -0.322715 -0.502534 -0.943284 0.283999 0.171932 -0.183727 0.24999 0.266853 0.93075 0.455022 0.140714 -0.0757348 0.987149 0.385531 -0.989294 0.0282043 0.143184 -0.486332 -0.0386858 -0.996729 -0.0709552 0.435754 
1535383727847 0.221901 0.921615 -0.318411 -0.517639 -0.942949 0.285952 0.170525 -0.189963 0.248209 0.262405 0.932489 0.445937 0.142139 -0.0801117 0.9866 0.384939 -0.988502 0.0404558 0.145698 -0.485787 -0.0515857 -0.995965 -0.0734403 0.436045 
1535383728792 0.22534 0.922262 -0.314094 -0.532744 -0.942605 0.28791 0.169128 -0.196199 0.246412 0.257955 0.934206 0.436852 0.143506 -0.0845051 0.986035 0.384348 -0.987547 0.0526895 0.148241 -0.485242 -0.0644809 -0.995029 -0.0758915 0.436337 
1535383729729 0.228769 0.922881 -0.309766 -0.547849 -0.942251 0.289873 0.16774 -0.202436 0.244597 0.253504 0.9359 0.427767 0.144815 -0.088914 0.985456 0.383756 -0.986429 0.0649034 0.150814 -0.484697 -0.0773689 -0.993922 -0.0783084 0.436628 
1535383730643 0.232188 0.923473 -0.305427 -0.562954 -0.941888 0.29184 0.16636 -0.208672 0.242765 0.249051 0.937571 0.418683 0.146067 -0.0933378 0.984862 0.383164 -0.98515 0.0770953 0.153416 -0.484152 -0.0902477 -0.992645 -0.0806907 0.43692 
1535383731588 0.235597 0.924039 -0.301075 -0.578059 -0.941516 0.293812 0.16499 -0.214908 0.240916 0.244596 0.939219 0.409598 0.14726 -0.0977756 0.984253 0.382572 -0.983708 0.0892629 0.156046 -0.483606 -0.103115 -0.991197 -0.0830378 0.437211 
1535383732576 0.238996 0.924577 -0.296712 -0.593165 -0.941135 0.295787 0.163628 -0.221145 0.239051 0.24014 0.940844 0.400513 0.148395 -0.102227 0.98363 0.38198 -0.982105 0.101404 0.158704 -0.483061 -0.115968 -0.989579 -0.0853494 0.437503 
1535383733532 0.242385 0.925088 -0.292339 -0.608269 -0.940745 0.297768 0.162275 -0.227381 0.237168 0.235683 0.942446 0.391428 0.149472 -0.10669 0.982993 0.381389 -0.98034 0.113517 0.16139 -0.482516 -0.128805 -0.987791 -0.0876251 0.437794 
1535383734500 0.245763 0.925572 -0.287953 -0.623375 -0.940345 0.299753 0.160932 -0.233617 0.235269 0.231224 0.944025 0.382344 0.15049 -0.111165 0.982342 0.380797 -0.978415 0.125599 0.164102 -0.481971 -0.141624 -0.985833 -0.0898644 0.438086 
1535383735523 0.246441 0.925214 -0.288525 -0.623131 -0.940238 0.300431 0.160296 -0.23387 0.23499 0.231778 0.943959 0.38252 0.150101 -0.110631 0.982461 0.380903 -0.978567 0.125082 0.163591 -0.482105 -0.140986 -0.985959 -0.0894845 0.437999 
1535383735638 0.246711 0.925296 -0.288029 -0.624662 -0.940207 0.300562 0.160226 -0.234466 0.234827 0.231277 0.944122 0.381595 0.152904 -0.111196 0.981965 0.380899 -0.97906 0.118087 0.165824 -0.482436 -0.134397 -0.986758 -0.0908116 0.438329 
1535383735964 0.24698 0.925379 -0.287533 -0.626197 -0.940178 0.300693 0.160156 -0.235065 0.234664 0.230776 0.944286 0.380669 0.155712 -0.111742 0.981462 0.380895 -0.9795 0.111086 0.168048 -0.482767 -0.127804 -0.987509 -0.092154 0.43866 
1535383736302 0.247249 0.925461 -0.287036 -0.627732 -0.940147 0.300824 0.160086 -0.235663 0.234501 0.230275 0.944448 0.379742 0.158522 -0.112268 0.980952 0.380891 -0.979887 0.104077 0.170262 -0.483098 -0.12121 -0.988212 -0.0935112 0.43899 
1535383736652 0.247518 0.925543 -0.28654 -0.629267 -0.940117 0.300955 0.160016 -0.236262 0.234337 0.229774 0.944611 0.378816 0.161335 -0.112773 0.980435 0.380887 -0.980222 0.0970627 0.172464 -0.483429 -0.114613 -0.988869 -0.0948833 0.439321 
1535383736994 0.247787 0.925625 -0.286043 -0.630803 -0.940087 0.301086 0.159946 -0.236861 0.234174 0.229273 0.944773 0.37789 0.16415 -0.113259 0.979912 0.380883 -0.980504 0.0900425 0.174656 -0.483761 -0.108015 -0.989477 -0.0962701 0.439651 
1535383737367 0.248056 0.925706 -0.285546 -0.632339 -0.940057 0.301217 0.159876 -0.237459 0.23401 0.228772 0.944935 0.376964 0.166967 -0.113724 0.979382 0.380879 -0.980733 0.083017 0.176837 -0.484092 -0.101416 -0.990038 -0.0976716 0.439982 
1535383737702 0.248324 0.925787 -0.28505 -0.633874 -0.940027 0.301348 0.159807 -0.238058 0.233846 0.22827 0.945097 0.376037 0.169786 -0.114169 0.978845 0.380875 -0.980909 0.0759865 0.179007 -0.484423 -0.0948161 -0.990551 -0.0990877 0.440312 
1535383738059 0.248593 0.925868 -0.284553 -0.635409 -0.939997 0.30148 0.159737 -0.238656 0.233683 0.227769 0.945259 0.375111 0.172607 -0.114593 0.978302 0.380871 -0.981032 0.0689515 0.181165 -0.484754 -0.0882158 -0.991017 -0.100518 0.440643 
1535383738444 0.248862 0.925948 -0.284056 -0.636945 -0.939967 0.301611 0.159668 -0.239255 0.233518 0.227268 0.94542 0.374185 0.17543 -0.114998 0.977752 0.380867 -0.981103 0.0619123 0.183313 -0.485086 -0.0816155 -0.991434 -0.101963 0.440973 
1535383738834 0.249338 0.925689 -0.284483 -0.636709 -0.939818 0.302162 0.159501 -0.239399 0.233608 0.227593 0.945319 0.374264 0.174864 -0.114907 0.977864 0.380835 -0.981088 0.0633911 0.182889 -0.484994 -0.0830032 -0.991352 -0.101649 0.440933 
1535383738848 0.248879 0.925514 -0.285454 -0.636923 -0.939817 0.30201 0.159795 -0.239572 0.234103 0.228505 0.944977 0.374236 0.176414 -0.114302 0.977657 0.380824 -0.981118 0.0595808 0.184005 -0.485149 -0.0792817 -0.991658 -0.101633 0.440953 
1535383739093 0.248419 0.925337 -0.286425 -0.637139 -0.939815 0.30186 0.16009 -0.239747 0.234597 0.229417 0.944633 0.374207 0.177962 -0.11369 0.977448 0.380813 -0.981132 0.0557695 0.18512 -0.485306 -0.0755581 -0.99195 -0.101621 0.440973 
1535383739366 0.247959 0.925159 -0.287396 -0.637356 -0.939813 0.301709 0.160384 -0.239921 0.235091 0.230329 0.944288 0.374179 0.179508 -0.113073 0.977237 0.380804 -0.98113 0.0519579 0.186235 -0.485464 -0.0718334 -0.992227 -0.101613 0.440993 
1535383739597 0.247499 0.924981 -0.288365 -0.637574 -0.939811 0.301559 0.160679 -0.240096 0.235584 0.231241 0.943943 0.37415 0.181051 -0.11245 0.977024 0.380794 -0.981113 0.0481463 0.18735 -0.485623 -0.0681076 -0.99249 -0.101609 0.441013 
1535383739838 0.247038 0.924801 -0.289335 -0.637792 -0.939808 0.301409 0.160974 -0.240271 0.236077 0.232153 0.943596 0.374121 0.182592 -0.111821 0.976809 0.380784 -0.981079 0.0443347 0.188465 -0.485782 -0.0643808 -0.992739 -0.10161 0.441033 
1535383740083 0.246576 0.924621 -0.290304 -0.638008 -0.939806 0.30126 0.161269 -0.240446 0.23657 0.233064 0.943248 0.374092 0.184129 -0.111185 0.976593 0.380774 -0.981029 0.0405233 0.189579 -0.48594 -0.0606531 -0.992973 -0.101615 0.441053 
1535383740334 0.246114 0.924439 -0.291272 -0.638227 -0.939803 0.30111 0.161564 -0.240621 0.237061 0.233975 0.942898 0.374063 0.185664 -0.110544 0.976375 0.380764 -0.980963 0.0367119 0.190693 -0.486099 -0.0569245 -0.993193 -0.101624 0.441073 
1535383740584 0.245652 0.924257 -0.29224 -0.638443 -0.9398 0.300961 0.16186 -0.240796 0.237553 0.234886 0.942548 0.374035 0.187196 -0.109897 0.976156 0.380754 -0.980881 0.0329007 0.191806 -0.486257 -0.0531952 -0.993398 -0.101637 0.441093 
1535383740827 0.245188 0.924073 -0.293208 -0.638662 -0.939797 0.300812 0.162155 -0.240971 0.238044 0.235797 0.942197 0.374006 0.188726 -0.109244 0.975935 0.380745 -0.980783 0.0290898 0.19292 -0.486417 -0.049465 -0.993589 -0.101655 0.441114 
1535383741092 0.245674 0.92424 -0.292274 -0.638455 -0.939803 0.30098 0.161809 -0.240827 0.237519 0.234927 0.942547 0.374056 0.188498 -0.10955 0.975944 0.380787 -0.980769 0.0302053 0.192821 -0.486272 -0.0506022 -0.993522 -0.101749 0.441082 
1535383741108 0.245061 0.924391 -0.292311 -0.638457 -0.939886 0.300477 0.162256 -0.240927 0.237821 0.234976 0.942458 0.37412 0.188789 -0.110382 0.975794 0.380748 -0.980742 0.0294306 0.193075 -0.486315 -0.0500303 -0.993453 -0.1027 0.441223 
1535383741128 0.244446 0.924543 -0.292347 -0.638463 -0.93997 0.299973 0.162703 -0.24103 0.238122 0.235025 0.94237 0.374183 0.189089 -0.111209 0.975642 0.380711 -0.980715 0.028631 0.193336 -0.48636 -0.0494344 -0.993384 -0.103651 0.441365 
1535383741294 0.243832 0.924694 -0.292383 -0.638469 -0.940053 0.299469 0.16315 -0.241132 0.238424 0.235074 0.942281 0.374246 0.18939 -0.112036 0.975489 0.380674 -0.980687 0.0278311 0.193596 -0.486405 -0.0488387 -0.993314 -0.104601 0.441507 
1535383741380 0.243217 0.924844 -0.292418 -0.638475 -0.940136 0.298965 0.163598 -0.241234 0.238725 0.235123 0.942193 0.374309 0.189692 -0.112862 0.975335 0.380637 -0.980658 0.027031 0.193855 -0.48645 -0.0482432 -0.993243 -0.105552 0.441649 
1535383741502 0.242603 0.924995 -0.292453 -0.638482 -0.940218 0.298461 0.164045 -0.241337 0.239027 0.235172 0.942104 0.374372 0.189994 -0.113689 0.975181 0.3806 -0.980628 0.0262306 0.194113 -0.486495 -0.0476481 -0.99317 -0.106503 0.441791 
1535383741603 0.241988 0.925144 -0.292489 -0.638488 -0.9403 0.297957 0.164492 -0.241439 0.239328 0.235222 0.942015 0.374435 0.190296 -0.114514 0.975025 0.380562 -0.980599 0.0254302 0.19437 -0.48654 -0.0470532 -0.993096 -0.107453 0.441933 
1535383741713 0.241373 0.925294 -0.292523 -0.638495 -0.940381 0.297453 0.16494 -0.241541 0.23963 0.235271 0.941926 0.374498 0.190599 -0.11534 0.974869 0.380525 -0.980568 0.0246293 0.194627 -0.486585 -0.0464586 -0.993021 -0.108404 0.442076 
1535383741809 0.240758 0.925444 -0.292558 -0.638501 -0.940462 0.296948 0.165387 -0.241644 0.239931 0.235321 0.941837 0.374561 0.190902 -0.116165 0.974711 0.380488 -0.980537 0.0238283 0.194883 -0.48663 -0.0458642 -0.992944 -0.109355 0.442218 
1535383741922 0.240143 0.925593 -0.292592 -0.638508 -0.940542 0.296444 0.165835 -0.241746 0.240232 0.235371 0.941748 0.374624 0.191206 -0.116989 0.974553 0.380451 -0.980505 0.0230271 0.195138 -0.486675 -0.0452702 -0.992866 -0.110306 0.44236 
1535383742038 0.240722 0.925476 -0.292484 -0.638506 -0.940502 0.296871 0.165299 -0.24159 0.23981 0.23529 0.941876 0.374542 0.190979 -0.116088 0.974705 0.380546 -0.980525 0.0237692 0.19495 -0.486558 -0.0457993 -0.992955 -0.109287 0.442235 
1535383742058 0.240317 0.925726 -0.292027 -0.638502 -0.94068 0.29633 0.165257 -0.241682 0.239519 0.23499 0.942025 0.37454 0.191239 -0.117632 0.974469 0.380539 -0.980484 0.0232215 0.195223 -0.486642 -0.0455931 -0.992786 -0.110895 0.442455 
1535383742098 0.239911 0.925976 -0.291568 -0.638502 -0.940857 0.295789 0.165216 -0.241777 0.239228 0.234687 0.942174 0.374537 0.1915 -0.119177 0.97423 0.380532 -0.980443 0.022673 0.195495 -0.486728 -0.0453871 -0.992614 -0.112504 0.442675 
1535383742282 0.239505 0.926225 -0.291109 -0.638503 -0.941035 0.295248 0.165174 -0.241871 0.238938 0.234384 0.942323 0.374534 0.191761 -0.120721 0.973989 0.380525 -0.980401 0.022124 0.195765 -0.486814 -0.0451815 -0.99244 -0.114112 0.442895 
1535383742468 0.239099 0.926474 -0.29065 -0.638504 -0.941212 0.294707 0.165132 -0.241965 0.238647 0.23408 0.942472 0.374531 0.192022 -0.122264 0.973745 0.380519 -0.980359 0.0215745 0.196036 -0.4869 -0.0449763 -0.992263 -0.11572 0.443115 
1535383742648 0.238693 0.926723 -0.290191 -0.638505 -0.941388 0.294166 0.16509 -0.24206 0.238356 0.233776 0.942621 0.374529 0.192284 -0.123808 0.973498 0.380512 -0.980317 0.0210246 0.196305 -0.486987 -0.0447715 -0.992083 -0.117328 0.443335 
1535383742801 0.238286 0.926971 -0.289731 -0.638506 -0.941565 0.293624 0.165047 -0.242155 0.238066 0.233472 0.94277 0.374525 0.192545 -0.12535 0.973249 0.380505 -0.980275 0.0204744 0.196572 -0.487073 -0.0445672 -0.991901 -0.118936 0.443555 
1535383742979 0.23788 0.927219 -0.289272 -0.638506 -0.941741 0.293083 0.165004 -0.242249 0.237776 0.233169 0.942918 0.374523 0.192808 -0.126893 0.972997 0.380499 -0.980233 0.0199237 0.19684 -0.487159 -0.0443632 -0.991716 -0.120543 0.443776 
1535383743166 0.237473 0.927466 -0.288813 -0.638508 -0.941917 0.292541 0.164961 -0.242344 0.237486 0.232864 0.943067 0.37452 0.19307 -0.128434 0.972743 0.380492 -0.980191 0.0193726 0.197106 -0.487245 -0.0441597 -0.991529 -0.12215 0.443996 
1535383743316 0.237066 0.927713 -0.288354 -0.638508 -0.942092 0.292 0.164918 -0.242438 0.237195 0.23256 0.943215 0.374517 0.193332 -0.129976 0.972486 0.380485 -0.980148 0.0188211 0.197371 -0.487331 -0.0439567 -0.991339 -0.123757 0.444216 
1535383743512 0.237601 0.927389 -0.288955 -0.638486 -0.941906 0.292667 0.164797 -0.242358 0.237399 0.233013 0.943052 0.374497 0.193002 -0.129004 0.972681 0.380451 -0.98021 0.0191282 0.197033 -0.487348 -0.0440237 -0.99146 -0.12276 0.444034 
1535383743523 0.238071 0.92736 -0.288661 -0.63845 -0.941887 0.292966 0.164376 -0.242316 0.237003 0.232753 0.943215 0.374468 0.19253 -0.129393 0.972723 0.380452 -0.980178 0.0218497 0.196912 -0.487378 -0.0467327 -0.991353 -0.122622 0.443995 
1535383743529 0.23854 0.927331 -0.288368 -0.63841 -0.941868 0.293264 0.163954 -0.242272 0.236608 0.232495 0.943378 0.37444 0.192054 -0.129781 0.972765 0.380452 -0.980138 0.0245703 0.196788 -0.487404 -0.0494405 -0.991238 -0.122484 0.443957 
1535383743768 0.23901 0.927301 -0.288074 -0.63837 -0.941848 0.293563 0.163533 -0.242227 0.236212 0.232236 0.943541 0.374413 0.191578 -0.130167 0.972808 0.380452 -0.980091 0.0272908 0.196664 -0.487431 -0.0521479 -0.991116 -0.122347 0.443918 
1535383743964 0.23948 0.927271 -0.28778 -0.63833 -0.941828 0.293861 0.163112 -0.242183 0.235816 0.231978 0.943704 0.374385 0.1911 -0.130552 0.97285 0.380451 -0.980037 0.0300112 0.196539 -0.487456 -0.0548549 -0.990987 -0.122211 0.443879 
1535383744158 0.239949 0.927241 -0.287486 -0.638289 -0.941808 0.29416 0.162691 -0.242138 0.235421 0.231719 0.943866 0.374357 0.190621 -0.130936 0.972892 0.380451 -0.979975 0.0327313 0.196414 -0.487482 -0.0575617 -0.99085 -0.122074 0.44384 
1535383744344 0.240418 0.927211 -0.287192 -0.63825 -0.941787 0.294459 0.16227 -0.242094 0.235024 0.231461 0.944028 0.374329 0.190142 -0.131318 0.972935 0.380451 -0.979905 0.0354512 0.196289 -0.487509 -0.060268 -0.990706 -0.121938 0.443802 
1535383744547 0.240887 0.92718 -0.286898 -0.638209 -0.941766 0.294758 0.161849 -0.24205 0.234628 0.231203 0.94419 0.374301 0.189661 -0.131699 0.972977 0.38045 -0.979828 0.038171 0.196163 -0.487535 -0.062974 -0.990555 -0.121803 0.443763 
1535383744733 0.241356 0.927149 -0.286603 -0.638169 -0.941744 0.295057 0.161428 -0.242005 0.234232 0.230945 0.944352 0.374273 0.18918 -0.132079 0.973019 0.38045 -0.979743 0.0408904 0.196038 -0.487561 -0.0656795 -0.990395 -0.121667 0.443724 
1535383744925 0.241825 0.927118 -0.286308 -0.638128 -0.941723 0.295356 0.161007 -0.241961 0.233835 0.230687 0.944513 0.374246 0.188698 -0.132457 0.973061 0.38045 -0.979651 0.0436095 0.195912 -0.487587 -0.0683846 -0.990229 -0.121533 0.443685 
1535383745152 0.241395 0.927143 -0.28659 -0.638165 -0.941751 0.295076 0.161357 -0.242066 0.234167 0.230946 0.944367 0.374266 0.188846 -0.132262 0.973059 0.38041 -0.979725 0.04213 0.195866 -0.487616 -0.0669006 -0.990319 -0.121624 0.443719 
1535383745165 0.242038 0.927089 -0.286224 -0.637977 -0.941647 0.295566 0.161067 -0.241965 0.233922 0.230538 0.944528 0.37431 0.189179 -0.131996 0.97303 0.380458 -0.979819 0.0397525 0.195892 -0.487722 -0.0645373 -0.990453 -0.121812 0.443687 
1535383745369 0.242681 0.927034 -0.285858 -0.637785 -0.941542 0.296056 0.160777 -0.241862 0.233676 0.23013 0.944688 0.374354 0.189513 -0.13173 0.973002 0.380506 -0.979908 0.0373748 0.195918 -0.48783 -0.062174 -0.990581 -0.122 0.443655 
1535383745555 0.243323 0.926978 -0.285491 -0.637592 -0.941437 0.296546 0.160488 -0.241758 0.23343 0.229722 0.944848 0.374399 0.189845 -0.131463 0.972973 0.380554 -0.979991 0.034997 0.195943 -0.487938 -0.0598103 -0.990703 -0.122188 0.443623 
1535383745736 0.243966 0.926922 -0.285125 -0.637399 -0.941332 0.297036 0.160198 -0.241655 0.233183 0.229314 0.945008 0.374444 0.190177 -0.131195 0.972944 0.380602 -0.980068 0.0326189 0.195968 -0.488046 -0.0574464 -0.99082 -0.122377 0.443591 
1535383745905 0.244608 0.926866 -0.284757 -0.637207 -0.941227 0.297526 0.159909 -0.241552 0.232937 0.228906 0.945168 0.374488 0.190508 -0.130927 0.972916 0.38065 -0.980139 0.0302407 0.195992 -0.488154 -0.0550822 -0.990931 -0.122565 0.443559 
1535383746084 0.24525 0.926809 -0.28439 -0.637014 -0.941121 0.298016 0.159619 -0.241448 0.232689 0.228499 0.945327 0.374533 0.190839 -0.130657 0.972887 0.380698 -0.980205 0.0278623 0.196016 -0.488261 -0.0527177 -0.991036 -0.122754 0.443527 
1535383746251 0.245892 0.926752 -0.284022 -0.636822 -0.941014 0.298506 0.15933 -0.241346 0.232442 0.228091 0.945487 0.374578 0.191168 -0.130387 0.972859 0.380746 -0.980265 0.0254837 0.196039 -0.488369 -0.050353 -0.991136 -0.122942 0.443495 
1535383746429 0.246534 0.926694 -0.283655 -0.636629 -0.940907 0.298997 0.159041 -0.241242 0.232195 0.227684 0.945646 0.374623 0.191497 -0.130116 0.97283 0.380794 -0.980319 0.0231051 0.196062 -0.488477 -0.0479881 -0.991229 -0.123131 0.443463 
1535383746608 0.247175 0.926635 -0.283287 -0.636437 -0.9408 0.299487 0.158753 -0.241139 0.231947 0.227276 0.945805 0.374667 0.191826 -0.129845 0.972802 0.380842 -0.980368 0.0207262 0.196085 -0.488585 -0.045623 -0.991318 -0.12332 0.443431 
1535383746831 0.246545 0.926714 -0.283577 -0.636572 -0.940919 0.29898 0.159006 -0.241241 0.232137 0.227621 0.945675 0.374662 0.191727 -0.130081 0.97279 0.380869 -0.980328 0.0219559 0.196149 -0.488475 -0.0468736 -0.99126 -0.123312 0.443426 
1535383746848 0.246605 0.926726 -0.283486 -0.636235 -0.940907 0.299018 0.159004 -0.241137 0.232121 0.227522 0.945703 0.374772 0.192135 -0.129939 0.972728 0.380901 -0.980255 0.0217888 0.196532 -0.488638 -0.0467317 -0.991283 -0.123187 0.443349 
1535383746859 0.246667 0.926738 -0.283395 -0.635892 -0.940895 0.299057 0.159001 -0.241031 0.232104 0.227425 0.94573 0.374883 0.192543 -0.129797 0.972666 0.380933 -0.980182 0.0216222 0.196916 -0.488802 -0.0465903 -0.991305 -0.123062 0.443271 
1535383747097 0.246728 0.926749 -0.283305 -0.635549 -0.940883 0.299096 0.158998 -0.240924 0.232087 0.227328 0.945758 0.374993 0.192951 -0.129655 0.972604 0.380965 -0.980108 0.0214557 0.1973 -0.488966 -0.0464489 -0.991327 -0.122937 0.443194 
1535383747254 0.246789 0.92676 -0.283215 -0.635207 -0.940871 0.299135 0.158996 -0.240818 0.23207 0.22723 0.945785 0.375104 0.193359 -0.129514 0.972542 0.380997 -0.980035 0.0212892 0.197684 -0.48913 -0.0463074 -0.991349 -0.122812 0.443117 
1535383747415 0.24685 0.926771 -0.283125 -0.634864 -0.940859 0.299174 0.158993 -0.240712 0.232054 0.227133 0.945813 0.375215 0.193767 -0.129372 0.97248 0.381029 -0.979961 0.0211227 0.198068 -0.489295 -0.0461659 -0.991371 -0.122687 0.443039 
1535383747578 0.246912 0.926783 -0.283034 -0.634522 -0.940847 0.299213 0.15899 -0.240606 0.232037 0.227036 0.94584 0.375325 0.194175 -0.12923 0.972417 0.381061 -0.979887 0.0209563 0.198452 -0.489458 -0.0460243 -0.991393 -0.122562 0.442962 
1535383747738 0.246973 0.926794 -0.282944 -0.634179 -0.940835 0.299252 0.158987 -0.240499 0.23202 0.226938 0.945868 0.375436 0.194584 -0.129089 0.972355 0.381094 -0.979812 0.0207899 0.198836 -0.489623 -0.0458826 -0.991415 -0.122437 0.442885 
1535383747880 0.247034 0.926805 -0.282854 -0.633837 -0.940823 0.299291 0.158984 -0.240393 0.232003 0.226841 0.945895 0.375547 0.194992 -0.128947 0.972292 0.381126 -0.979738 0.0206236 0.19922 -0.489787 -0.0457409 -0.991437 -0.122312 0.442808 
1535383748029 0.247095 0.926816 -0.282763 -0.633495 -0.940811 0.29933 0.158982 -0.240287 0.231986 0.226743 0.945923 0.375657 0.1954 -0.128805 0.972229 0.381158 -0.979663 0.0204574 0.199604 -0.48995 -0.0455992 -0.991459 -0.122188 0.44273 
1535383748206 0.24709 0.926768 -0.282928 -0.633723 -0.940812 0.299354 0.158934 -0.240366 0.23199 0.226911 0.945882 0.375505 0.19479 -0.129085 0.972314 0.381079 -0.979778 0.0206155 0.199023 -0.48977 -0.0457356 -0.991419 -0.122459 0.442854 
1535383748229 0.247182 0.92671 -0.283036 -0.633219 -0.940659 0.299586 0.1594 -0.240179 0.232512 0.22684 0.945771 0.375662 0.195054 -0.12958 0.972195 0.381155 -0.979706 0.0208991 0.199347 -0.489892 -0.0461494 -0.991349 -0.122874 0.442842 
1535383748425 0.247274 0.926652 -0.283146 -0.63271 -0.940506 0.299819 0.159866 -0.23999 0.233032 0.22677 0.945659 0.37582 0.195318 -0.130076 0.972076 0.381231 -0.979634 0.0211817 0.199671 -0.490015 -0.0465625 -0.991278 -0.12329 0.44283 
1535383748638 0.247366 0.926594 -0.283256 -0.632202 -0.940353 0.300051 0.160331 -0.239801 0.233553 0.2267 0.945548 0.375978 0.195581 -0.130572 0.971956 0.381307 -0.979562 0.0214641 0.199995 -0.490137 -0.0469758 -0.991207 -0.123705 0.442818 
1535383748848 0.247458 0.926536 -0.283366 -0.631693 -0.940199 0.300284 0.160796 -0.239612 0.234073 0.22663 0.945436 0.376136 0.195844 -0.131067 0.971837 0.381383 -0.979489 0.0217464 0.200319 -0.49026 -0.0473892 -0.991135 -0.12412 0.442806 
1535383749048 0.24755 0.926478 -0.283476 -0.631184 -0.940045 0.300516 0.161261 -0.239423 0.234594 0.22656 0.945323 0.376294 0.196107 -0.131563 0.971717 0.381459 -0.979417 0.0220285 0.200643 -0.490383 -0.0478027 -0.991063 -0.124535 0.442793 
1535383749262 0.247642 0.926419 -0.283585 -0.630676 -0.939891 0.300748 0.161726 -0.239234 0.235114 0.226489 0.945211 0.376451 0.196369 -0.132059 0.971596 0.381535 -0.979344 0.0223104 0.200968 -0.490505 -0.0482163 -0.990991 -0.12495 0.442781 
1535383749470 0.247733 0.926361 -0.283695 -0.630166 -0.939736 0.300981 0.162191 -0.239044 0.235634 0.226419 0.945098 0.376609 0.196631 -0.132555 0.971476 0.381612 -0.979271 0.0225922 0.201292 -0.490628 -0.04863 -0.990918 -0.125365 0.442769 
1535383749700 0.247825 0.926303 -0.283805 -0.629658 -0.939582 0.301213 0.162656 -0.238856 0.236154 0.226348 0.944986 0.376767 0.196894 -0.133051 0.971355 0.381688 -0.979197 0.0228736 0.201617 -0.49075 -0.0490438 -0.990845 -0.12578 0.442757 
1535383749918 0.247917 0.926245 -0.283915 -0.629149 -0.939427 0.301445 0.163121 -0.238667 0.236675 0.226277 0.944872 0.376925 0.197155 -0.133547 0.971234 0.381764 -0.979124 0.0231552 0.201941 -0.490873 -0.0494577 -0.990772 -0.126194 0.442745 
1535383750148 0.247592 0.926386 -0.283739 -0.629415 -0.939607 0.301013 0.162882 -0.238629 0.2363 0.226275 0.944967 0.37692 0.196789 -0.132936 0.971392 0.381649 -0.979225 0.0227837 0.201494 -0.490783 -0.0489176 -0.990863 -0.12569 0.442812 
1535383750161 0.24751 0.926233 -0.284309 -0.629025 -0.939445 0.301211 0.163445 -0.23852 0.237025 0.226638 0.944698 0.377074 0.197095 -0.132877 0.971338 0.381709 -0.979241 0.021146 0.201592 -0.490865 -0.0473269 -0.990907 -0.125951 0.442794 
1535383750308 0.24743 0.926079 -0.28488 -0.62863 -0.939284 0.30141 0.164007 -0.238409 0.237749 0.227003 0.944428 0.377228 0.197403 -0.132818 0.971283 0.381769 -0.979255 0.019508 0.201691 -0.490947 -0.0457359 -0.990948 -0.126212 0.442776 
1535383750524 0.247349 0.925925 -0.285451 -0.628236 -0.939121 0.301609 0.164569 -0.238297 0.238473 0.227367 0.944158 0.377382 0.19771 -0.132758 0.971229 0.381829 -0.979266 0.01787 0.201789 -0.491029 -0.0441449 -0.990987 -0.126472 0.442758 
1535383750711 0.247268 0.92577 -0.286021 -0.627841 -0.938959 0.301808 0.16513 -0.238186 0.239196 0.227731 0.943888 0.377537 0.198017 -0.132697 0.971175 0.381889 -0.979274 0.0162319 0.201887 -0.491111 -0.0425538 -0.991024 -0.126733 0.44274 
1535383750914 0.247186 0.925615 -0.286592 -0.627445 -0.938796 0.302008 0.165692 -0.238074 0.23992 0.228095 0.943616 0.377692 0.198325 -0.132636 0.97112 0.381949 -0.97928 0.0145938 0.201984 -0.491194 -0.0409627 -0.991057 -0.126994 0.442722 
1535383751134 0.247104 0.92546 -0.287163 -0.62705 -0.938632 0.302208 0.166253 -0.237963 0.240643 0.228459 0.943344 0.377846 0.198632 -0.132575 0.971066 0.38201 -0.979283 0.0129555 0.202082 -0.491276 -0.0393716 -0.991088 -0.127255 0.442705 
1535383751341 0.247021 0.925305 -0.287733 -0.626656 -0.938468 0.302408 0.166813 -0.237852 0.241366 0.228822 0.943071 0.378001 0.198939 -0.132513 0.971012 0.38207 -0.979283 0.0113174 0.202178 -0.491358 -0.0377805 -0.991117 -0.127516 0.442687 
1535383751546 0.246938 0.92515 -0.288303 -0.626261 -0.938304 0.302608 0.167374 -0.23774 0.242089 0.229185 0.942797 0.378155 0.199245 -0.13245 0.970957 0.38213 -0.979281 0.00967925 0.202274 -0.49144 -0.0361893 -0.991142 -0.127777 0.442669 
1535383751753 0.246855 0.924994 -0.288874 -0.625865 -0.938139 0.302809 0.167934 -0.237629 0.242812 0.229548 0.942523 0.37831 0.199553 -0.132387 0.970903 0.38219 -0.979276 0.00804091 0.20237 -0.491522 -0.0345981 -0.991165 -0.128039 0.442651 
1535383751972 0.246798 0.925056 -0.288724 -0.626082 -0.938256 0.30263 0.167602 -0.237697 0.242418 0.229533 0.942628 0.378172 0.199331 -0.132562 0.970925 0.382144 -0.979276 0.00930189 0.202316 -0.491449 -0.0358507 -0.991131 -0.12796 0.442648 
1535383751994 0.24683 0.924945 -0.289053 -0.62577 -0.938224 0.302743 0.167578 -0.237554 0.242509 0.229833 0.942532 0.378292 0.199756 -0.130837 0.971071 0.382165 -0.979286 0.00684677 0.202368 -0.491533 -0.0331259 -0.99138 -0.126759 0.44244 
1535383752241 0.246863 0.924833 -0.289383 -0.625451 -0.938191 0.302857 0.167554 -0.237407 0.242601 0.230134 0.942435 0.378413 0.200175 -0.129111 0.971216 0.382186 -0.979288 0.00439236 0.202423 -0.491619 -0.0304009 -0.99162 -0.125557 0.442232 
1535383752457 0.246897 0.924721 -0.289713 -0.625134 -0.938159 0.302971 0.16753 -0.237261 0.242693 0.230434 0.942337 0.378533 0.20059 -0.127383 0.971358 0.382208 -0.979284 0.00193801 0.202481 -0.491704 -0.0276753 -0.991852 -0.124356 0.442024 
1535383752681 0.24693 0.924608 -0.290043 -0.624817 -0.938126 0.303086 0.167506 -0.237115 0.242786 0.230735 0.94224 0.378654 0.201 -0.125655 0.971499 0.382229 -0.979273 -0.000516191 0.202542 -0.491789 -0.0249489 -0.992074 -0.123154 0.441816 
1535383752892 0.246963 0.924496 -0.290373 -0.6245 -0.938093 0.3032 0.167482 -0.23697 0.242878 0.231035 0.942143 0.378774 0.201406 -0.123925 0.971637 0.38225 -0.979256 -0.00297036 0.202607 -0.491874 -0.0222218 -0.992287 -0.121952 0.441608 
1535383753121 0.246997 0.924383 -0.290703 -0.624182 -0.938061 0.303314 0.167458 -0.236823 0.24297 0.231335 0.942045 0.378895 0.201807 -0.122193 0.971773 0.382272 -0.979231 -0.00542432 0.202673 -0.491959 -0.0194941 -0.992491 -0.12075 0.441401 
1535383753352 0.24703 0.924271 -0.291033 -0.623866 -0.938028 0.303429 0.167434 -0.236678 0.243062 0.231635 0.941948 0.379016 0.202203 -0.120461 0.971907 0.382293 -0.9792 -0.00787821 0.202744 -0.492044 -0.0167658 -0.992687 -0.119548 0.441193 
1535383753590 0.247063 0.924158 -0.291363 -0.623547 -0.937995 0.303543 0.16741 -0.236531 0.243155 0.231936 0.94185 0.379137 0.202594 -0.118727 0.972039 0.382314 -0.979162 -0.0103318 0.202817 -0.492129 -0.0140369 -0.992873 -0.118346 0.440985 
1535383753820 0.247097 0.924045 -0.291692 -0.62323 -0.937963 0.303657 0.167386 -0.236385 0.243247 0.232236 0.941752 0.379257 0.20298 -0.116992 0.972169 0.382336 -0.979118 -0.0127853 0.202893 -0.492215 -0.0113074 -0.993051 -0.117144 0.440777 
1535383754076 0.247029 0.924144 -0.291437 -0.62343 -0.937978 0.303549 0.167496 -0.236441 0.243256 0.231985 0.941812 0.379225 0.202924 -0.117701 0.972095 0.382291 -0.97912 -0.0121712 0.202916 -0.492154 -0.012052 -0.992974 -0.117714 0.440909 
1535383754098 0.247099 0.924095 -0.291532 -0.623207 -0.937962 0.30363 0.167439 -0.236347 0.243248 0.232072 0.941793 0.379295 0.203379 -0.117546 0.972018 0.382309 -0.979045 -0.0139178 0.203166 -0.492261 -0.010353 -0.99297 -0.117914 0.440934 
1535383754112 0.247169 0.924046 -0.291629 -0.62298 -0.937945 0.303713 0.167382 -0.236251 0.24324 0.23216 0.941773 0.379367 0.203835 -0.117391 0.971942 0.382328 -0.978967 -0.0156636 0.203416 -0.492369 -0.00865504 -0.992962 -0.118114 0.44096 
1535383754303 0.247239 0.923996 -0.291726 -0.622753 -0.937929 0.303795 0.167325 -0.236155 0.243233 0.232249 0.941753 0.379438 0.20429 -0.117234 0.971865 0.382346 -0.978886 -0.0174093 0.203666 -0.492477 -0.00695714 -0.992952 -0.118316 0.440985 
1535383754462 0.24731 0.923947 -0.291823 -0.622526 -0.937912 0.303878 0.167268 -0.236058 0.243225 0.232337 0.941733 0.37951 0.204746 -0.117077 0.971788 0.382365 -0.978801 -0.019155 0.203916 -0.492585 -0.0052593 -0.992938 -0.118517 0.44101 
1535383754609 0.24738 0.923897 -0.29192 -0.622298 -0.937896 0.303961 0.16721 -0.235962 0.243217 0.232426 0.941713 0.379581 0.205201 -0.116919 0.971711 0.382384 -0.978713 -0.0209005 0.204165 -0.492694 -0.00356155 -0.992921 -0.118719 0.441036 
1535383754753 0.24745 0.923848 -0.292016 -0.622071 -0.937879 0.304043 0.167153 -0.235866 0.24321 0.232514 0.941693 0.379652 0.205656 -0.116761 0.971634 0.382402 -0.978623 -0.0226459 0.204413 -0.492802 -0.00186389 -0.992902 -0.118922 0.441061 
1535383754912 0.24752 0.923798 -0.292114 -0.621843 -0.937863 0.304126 0.167096 -0.235769 0.243202 0.232603 0.941673 0.379724 0.20611 -0.116601 0.971557 0.382421 -0.978529 -0.0243912 0.204662 -0.49291 -0.000166313 -0.992879 -0.119125 0.441087 
1535383755065 0.247591 0.923749 -0.29221 -0.621616 -0.937846 0.304209 0.167039 -0.235673 0.243195 0.232691 0.941653 0.379795 0.206564 -0.116441 0.97148 0.382439 -0.978432 -0.0261364 0.20491 -0.493018 0.00153116 -0.992854 -0.119328 0.441112 
1535383755228 0.247661 0.923699 -0.292307 -0.621388 -0.937829 0.304291 0.166981 -0.235576 0.243187 0.23278 0.941633 0.379867 0.207017 -0.11628 0.971403 0.382458 -0.978332 -0.0278814 0.205157 -0.493127 0.00322853 -0.992825 -0.119532 0.441137 
1535383755428 0.247512 0.923804 -0.292104 -0.621615 -0.937844 0.304136 0.167182 -0.235587 0.243283 0.232568 0.941661 0.379828 0.206574 -0.116358 0.971488 0.382459 -0.978429 -0.02666 0.204857 -0.493074 0.00206317 -0.992849 -0.119355 0.441137 
1535383755446 0.247441 0.923811 -0.292139 -0.62139 -0.93778 0.304155 0.16751 -0.235504 0.243603 0.232513 0.941592 0.379878 0.206944 -0.116029 0.971448 0.382461 -0.97835 -0.0267549 0.205218 -0.49318 0.00217966 -0.992885 -0.119054 0.441096 
1535383755460 0.247371 0.923818 -0.292177 -0.62116 -0.937715 0.304174 0.167836 -0.235419 0.243922 0.232461 0.941522 0.379928 0.207315 -0.115701 0.971408 0.382464 -0.978272 -0.0268504 0.205582 -0.493289 0.00229679 -0.992921 -0.118753 0.441054 
1535383755478 0.2473 0.923825 -0.292214 -0.620929 -0.93765 0.304192 0.168162 -0.235333 0.244242 0.232408 0.941452 0.379979 0.207687 -0.115372 0.971368 0.382467 -0.978192 -0.0269458 0.205945 -0.493398 0.00241405 -0.992957 -0.118452 0.441013 
1535383755663 0.24723 0.923833 -0.292251 -0.6207 -0.937586 0.304211 0.168488 -0.235248 0.244561 0.232355 0.941382 0.380029 0.208057 -0.115043 0.971328 0.38247 -0.978113 -0.0270409 0.206308 -0.493506 0.00253138 -0.992992 -0.118151 0.440972 
1535383755733 0.247159 0.92384 -0.292289 -0.620469 -0.937521 0.30423 0.168815 -0.235162 0.244881 0.232303 0.941312 0.38008 0.208428 -0.114714 0.971287 0.382473 -0.978034 -0.0271361 0.206671 -0.493614 0.00264886 -0.993028 -0.11785 0.440931 
1535383755867 0.247089 0.923847 -0.292326 -0.620238 -0.937456 0.304249 0.169141 -0.235077 0.2452 0.23225 0.941242 0.380131 0.208799 -0.114385 0.971246 0.382476 -0.977955 -0.0272311 0.207034 -0.493723 0.00276644 -0.993063 -0.117549 0.44089 
1535383755940 0.247018 0.923854 -0.292363 -0.620009 -0.937391 0.304268 0.169467 -0.234992 0.245519 0.232197 0.941172 0.380181 0.20917 -0.114056 0.971205 0.382479 -0.977875 -0.0273259 0.207397 -0.493831 0.00288413 -0.993098 -0.117248 0.440848 
1535383756067 0.246948 0.923861 -0.292401 -0.619777 -0.937326 0.304286 0.169793 -0.234906 0.245839 0.232145 0.941102 0.380232 0.20954 -0.113727 0.971164 0.382482 -0.977795 -0.0274205 0.20776 -0.493939 0.00300193 -0.993134 -0.116947 0.440807 
1535383756152 0.246877 0.923868 -0.292438 -0.619548 -0.937261 0.304305 0.170119 -0.234821 0.246158 0.232092 0.941031 0.380282 0.209911 -0.113398 0.971122 0.382485 -0.977716 -0.0275152 0.208123 -0.494047 0.00311987 -0.993169 -0.116647 0.440766 
1535383756277 0.24691 0.923858 -0.292443 -0.619802 -0.93737 0.304226 0.16966 -0.234898 0.245711 0.232236 0.941112 0.380192 0.209425 -0.11396 0.971161 0.382509 -0.97782 -0.027373 0.207649 -0.493868 0.00291999 -0.993108 -0.117165 0.440774 
1535383756299 0.246936 0.923872 -0.292373 -0.619588 -0.937343 0.304258 0.169753 -0.234793 0.245787 0.232136 0.941117 0.380237 0.209508 -0.114253 0.971109 0.382507 -0.977804 -0.02702 0.207774 -0.493961 0.00250054 -0.993084 -0.117378 0.440812 
1535383756310 0.246962 0.923887 -0.292306 -0.619369 -0.937315 0.304289 0.169847 -0.234686 0.245865 0.232037 0.941121 0.380284 0.20959 -0.114547 0.971057 0.382505 -0.977787 -0.0266663 0.207898 -0.494056 0.00208047 -0.99306 -0.117592 0.440849 
1535383756438 0.246988 0.923901 -0.292238 -0.619148 -0.937288 0.304321 0.16994 -0.234578 0.245942 0.231938 0.941126 0.38033 0.209673 -0.114841 0.971004 0.382504 -0.97777 -0.0263128 0.208022 -0.494151 0.00166041 -0.993035 -0.117805 0.440887 
1535383756603 0.247014 0.923916 -0.29217 -0.61893 -0.937261 0.304352 0.170033 -0.234471 0.246019 0.231839 0.94113 0.380377 0.209755 -0.115134 0.970951 0.382502 -0.977753 -0.0259592 0.208147 -0.494245 0.00124032 -0.993011 -0.118018 0.440925 
1535383756730 0.247041 0.92393 -0.292103 -0.61871 -0.937234 0.304384 0.170126 -0.234363 0.246096 0.23174 0.941134 0.380423 0.209838 -0.115428 0.970899 0.382501 -0.977736 -0.0256057 0.208271 -0.49434 0.000820215 -0.992986 -0.118231 0.440962 
1535383756800 0.247067 0.923945 -0.292035 -0.61849 -0.937207 0.304415 0.17022 -0.234256 0.246173 0.231642 0.941138 0.38047 0.20992 -0.115722 0.970846 0.382499 -0.977719 -0.0252522 0.208396 -0.494435 0.000400084 -0.992961 -0.118444 0.441 
1535383756924 0.247093 0.923959 -0.291967 -0.618272 -0.93718 0.304446 0.170313 -0.234149 0.246251 0.231543 0.941142 0.380516 0.210002 -0.116015 0.970793 0.382498 -0.977701 -0.0248988 0.208521 -0.494529 -2.00499e-05 -0.992935 -0.118657 0.441038 
1535383757012 0.247119 0.923974 -0.291899 -0.618053 -0.937153 0.304478 0.170406 -0.234041 0.246328 0.231443 0.941146 0.380562 0.210084 -0.116309 0.97074 0.382496 -0.977683 -0.0245454 0.208645 -0.494624 -0.000440213 -0.99291 -0.11887 0.441075 
1535383757132 0.247145 0.923988 -0.291832 -0.617833 -0.937125 0.304509 0.1705 -0.233934 0.246405 0.231345 0.94115 0.380609 0.210165 -0.116603 0.970688 0.382494 -0.977665 -0.0241919 0.20877 -0.494719 -0.000860397 -0.992884 -0.119083 0.441113 
1535383757215 0.246964 0.924049 -0.291793 -0.6181 -0.937207 0.304297 0.170427 -0.233959 0.246275 0.231382 0.941176 0.380606 0.209961 -0.116074 0.970795 0.382492 -0.97771 -0.0248307 0.208487 -0.494575 -9.44421e-05 -0.99293 -0.1187 0.441056 
1535383757234 0.247131 0.924082 -0.291546 -0.617872 -0.93718 0.304395 0.170402 -0.233886 0.24621 0.231119 0.941257 0.380657 0.20974 -0.116496 0.970792 0.382484 -0.977756 -0.0234614 0.208429 -0.494674 -0.00150498 -0.992914 -0.118826 0.441071 
1535383757249 0.247297 0.924115 -0.291298 -0.617639 -0.937153 0.304492 0.170377 -0.23381 0.246146 0.230857 0.941338 0.38071 0.209519 -0.11692 0.970789 0.382476 -0.9778 -0.0220913 0.208372 -0.494774 -0.00291668 -0.992896 -0.118953 0.441086 
1535383757425 0.247464 0.924149 -0.291051 -0.617407 -0.937126 0.30459 0.170352 -0.233734 0.246082 0.230596 0.941419 0.380762 0.209297 -0.117342 0.970786 0.382469 -0.977842 -0.0207214 0.208314 -0.494874 -0.0043279 -0.992875 -0.119079 0.4411 
1535383757556 0.247631 0.924182 -0.290804 -0.617174 -0.937099 0.304687 0.170327 -0.233659 0.246017 0.230334 0.9415 0.380814 0.209076 -0.117764 0.970783 0.382461 -0.977883 -0.0193514 0.208257 -0.494973 -0.00573918 -0.992853 -0.119205 0.441115 
1535383757674 0.247798 0.924215 -0.290557 -0.61694 -0.937072 0.304785 0.170302 -0.233583 0.245953 0.230072 0.94158 0.380867 0.208854 -0.118186 0.970779 0.382453 -0.977921 -0.0179814 0.208201 -0.495073 -0.00715041 -0.992829 -0.119332 0.44113 
1535383757805 0.247964 0.924248 -0.29031 -0.616708 -0.937045 0.304882 0.170277 -0.233507 0.245889 0.22981 0.941661 0.380919 0.20863 -0.118607 0.970776 0.382445 -0.977957 -0.0166112 0.208144 -0.495172 -0.00856154 -0.992802 -0.119458 0.441145 
1535383757911 0.248131 0.924281 -0.290063 -0.616475 -0.937017 0.30498 0.170252 -0.233431 0.245824 0.229549 0.941742 0.380971 0.208407 -0.119028 0.970772 0.382437 -0.977991 -0.0152412 0.208088 -0.495272 -0.00997267 -0.992774 -0.119585 0.44116 
1535383758033 0.248298 0.924314 -0.289815 -0.616242 -0.93699 0.305077 0.170228 -0.233356 0.24576 0.229287 0.941823 0.381023 0.208183 -0.119449 0.970769 0.38243 -0.978024 -0.0138709 0.208032 -0.495372 -0.0113837 -0.992743 -0.119711 0.441174 
1535383758145 0.248464 0.924346 -0.289568 -0.61601 -0.936963 0.305175 0.170203 -0.23328 0.245695 0.229025 0.941903 0.381076 0.207958 -0.119869 0.970765 0.382422 -0.978054 -0.0125006 0.207975 -0.495471 -0.0127947 -0.992711 -0.119838 0.441189 
1535383758296 0.248484 0.924267 -0.289804 -0.61624 -0.936953 0.305241 0.170136 -0.233439 0.245711 0.229257 0.941843 0.380989 0.208214 -0.11946 0.970761 0.382421 -0.978016 -0.0137773 0.208075 -0.495352 -0.0114822 -0.992743 -0.119703 0.441201 
1535383758312 0.248607 0.924228 -0.289823 -0.615918 -0.936947 0.305337 0.169999 -0.233308 0.245611 0.229286 0.941861 0.381105 0.20804 -0.119287 0.970819 0.38241 -0.97805 -0.0134964 0.207931 -0.495474 -0.0117008 -0.992768 -0.119476 0.44114 
1535383758329 0.24873 0.924188 -0.289844 -0.615591 -0.936941 0.305434 0.169861 -0.233175 0.245511 0.229317 0.94188 0.381223 0.207865 -0.119113 0.970878 0.3824 -0.978085 -0.0132156 0.207787 -0.495596 -0.0119193 -0.992793 -0.119249 0.441079 
1535383758522 0.248853 0.924149 -0.289864 -0.615265 -0.936934 0.30553 0.169723 -0.233043 0.245411 0.229348 0.941899 0.38134 0.207691 -0.118938 0.970937 0.382389 -0.978119 -0.0129348 0.207643 -0.495718 -0.0121378 -0.992817 -0.119022 0.441019 
1535383758680 0.248976 0.924109 -0.289884 -0.614938 -0.936928 0.305627 0.169584 -0.23291 0.245311 0.229378 0.941917 0.381457 0.207517 -0.118764 0.970995 0.382379 -0.978153 -0.0126541 0.207499 -0.495839 -0.0123563 -0.992842 -0.118795 0.440958 
1535383758845 0.249099 0.92407 -0.289905 -0.614613 -0.936921 0.305724 0.169447 -0.232777 0.245211 0.229409 0.941936 0.381574 0.207342 -0.11859 0.971054 0.382368 -0.978188 -0.0123732 0.207354 -0.495961 -0.0125749 -0.992866 -0.118568 0.440897 
1535383758998 0.249223 0.92403 -0.289925 -0.614285 -0.936914 0.30582 0.169308 -0.232644 0.245111 0.22944 0.941954 0.381692 0.207167 -0.118415 0.971113 0.382357 -0.978222 -0.0120925 0.207209 -0.496083 -0.0127935 -0.992891 -0.118341 0.440836 
1535383759161 0.249346 0.92399 -0.289945 -0.61396 -0.936908 0.305917 0.16917 -0.232511 0.245011 0.22947 0.941973 0.381809 0.206993 -0.118241 0.971171 0.382347 -0.978256 -0.0118118 0.207065 -0.496205 -0.0130122 -0.992915 -0.118115 0.440775 
1535383759320 0.249469 0.923951 -0.289966 -0.613632 -0.936901 0.306014 0.169032 -0.232378 0.244911 0.229501 0.941992 0.381927 0.206818 -0.118066 0.971229 0.382336 -0.97829 -0.0115311 0.20692 -0.496327 -0.0132309 -0.992939 -0.117888 0.440715 
1535383759498 0.249593 0.923911 -0.289986 -0.613306 -0.936894 0.30611 0.168894 -0.232245 0.244811 0.229532 0.94201 0.382044 0.206644 -0.117892 0.971288 0.382326 -0.978324 -0.0112505 0.206776 -0.496449 -0.0134497 -0.992963 -0.117661 0.440654 
1535383759701 0.249542 0.923936 -0.28995 -0.613515 -0.936912 0.306051 0.168903 -0.232349 0.244795 0.229509 0.94202 0.381938 0.206903 -0.118164 0.9712 0.382331 -0.978274 -0.0116948 0.206987 -0.496293 -0.0131004 -0.992925 -0.118016 0.440774 
1535383759717 0.249651 0.92384 -0.290162 -0.6132 -0.936864 0.306212 0.168878 -0.232224 0.244867 0.229682 0.941959 0.382046 0.20665 -0.117844 0.971292 0.382335 -0.978314 -0.0106028 0.206857 -0.496384 -0.0140786 -0.992975 -0.11748 0.440669 
1535383759734 0.24976 0.923743 -0.290376 -0.612881 -0.936816 0.306373 0.168852 -0.232096 0.244939 0.229856 0.941898 0.382155 0.206397 -0.117525 0.971385 0.382339 -0.978352 -0.00950996 0.206727 -0.496474 -0.0150578 -0.993024 -0.116944 0.440564 
1535383759925 0.24987 0.923647 -0.290589 -0.612562 -0.936768 0.306534 0.168826 -0.231969 0.245011 0.23003 0.941836 0.382264 0.206146 -0.117206 0.971477 0.382343 -0.97839 -0.0084172 0.206597 -0.496565 -0.0160372 -0.993072 -0.116408 0.440459 
1535383760082 0.249979 0.92355 -0.290803 -0.612243 -0.936721 0.306694 0.168799 -0.231842 0.245082 0.230204 0.941775 0.382374 0.205893 -0.116886 0.971569 0.382347 -0.978426 -0.0073244 0.206465 -0.496655 -0.0170167 -0.993118 -0.115872 0.440354 
1535383760250 0.250088 0.923453 -0.291016 -0.611925 -0.936673 0.306855 0.168773 -0.231715 0.245154 0.230378 0.941714 0.382482 0.205642 -0.116566 0.97166 0.382351 -0.978462 -0.00623171 0.206334 -0.496746 -0.0179963 -0.993163 -0.115337 0.44025 
