1533580397323 0.438956 0.874895 -0.204637 -0.572068 -0.882076 0.462961 0.087225 -0.209334 0.171052 0.142218 0.974944 0.333802 0.16008 -0.304787 0.938871 0.370831 -0.775623 0.549475 0.310623 -0.528794 -0.61056 -0.777934 -0.14844 0.432481 
1533580397335 0.415485 0.883466 -0.216473 -0.576414 -0.891546 0.442719 0.0956374 -0.213344 0.180329 0.15326 0.971593 0.338613 0.316241 -0.38488 0.867098 0.400864 -0.930001 -0.306251 0.203246 -0.504429 0.187325 -0.870677 -0.454788 0.485926 
1533580397997 0.39169 0.891386 -0.228057 -0.580642 -0.900423 0.422336 0.104263 -0.217276 0.189255 0.164508 0.968049 0.343282 0.316241 -0.38488 0.867098 0.400864 -0.930001 -0.306251 0.203246 -0.504429 0.187325 -0.870677 -0.454788 0.485926 
1533580398675 0.367554 0.898666 -0.239382 -0.584927 -0.908705 0.401806 0.113172 -0.221246 0.197889 0.17593 0.964307 0.348022 0.316241 -0.38488 0.867098 0.400864 -0.930001 -0.306251 0.203246 -0.504429 0.187325 -0.870677 -0.454788 0.485926 
1533580399321 0.343108 0.905294 -0.250438 -0.589211 -0.916383 0.381152 0.122331 -0.225216 0.206201 0.187525 0.960373 0.352763 0.316241 -0.38488 0.867098 0.400864 -0.930001 -0.306251 0.203246 -0.504429 0.187325 -0.870677 -0.454788 0.485926 
1533580399965 0.318372 0.911265 -0.261218 -0.593494 -0.923452 0.360391 0.131733 -0.229185 0.214185 0.199283 0.956249 0.357504 0.316241 -0.38488 0.867098 0.400864 -0.930001 -0.306251 0.203246 -0.504429 0.187325 -0.870677 -0.454788 0.485926 
1533580400617 0.293363 0.916575 -0.271713 -0.597776 -0.929907 0.339539 0.141372 -0.233153 0.221835 0.211195 0.951938 0.362245 0.316241 -0.38488 0.867098 0.400864 -0.930001 -0.306251 0.203246 -0.504429 0.187325 -0.870677 -0.454788 0.485926 
1533580401270 0.268102 0.92122 -0.281915 -0.602056 -0.935742 0.318611 0.151238 -0.237119 0.229145 0.223252 0.947444 0.366986 0.316241 -0.38488 0.867098 0.400864 -0.930001 -0.306251 0.203246 -0.504429 0.187325 -0.870677 -0.454788 0.485926 
1533580401938 0.242608 0.925195 -0.291815 -0.606333 -0.940954 0.297624 0.161326 -0.241085 0.236109 0.235446 0.942771 0.371727 0.316241 -0.38488 0.867098 0.400864 -0.930001 -0.306251 0.203246 -0.504429 0.187325 -0.870677 -0.454788 0.485926 
1533580402608 0.217024 0.928397 -0.301628 -0.60949 -0.945516 0.276744 0.171499 -0.244459 0.242693 0.247975 0.937875 0.37671 0.316531 -0.385118 0.866887 0.401814 -0.929976 -0.306103 0.20358 -0.50615 0.186955 -0.870623 -0.455042 0.486735 
1533580403278 0.21755 0.928602 -0.300616 -0.609207 -0.945563 0.276885 0.17101 -0.244259 0.242036 0.247048 0.938289 0.376555 0.316531 -0.385118 0.866887 0.401814 -0.929976 -0.306103 0.20358 -0.50615 0.186955 -0.870623 -0.455042 0.486735 
1533580403289 0.214907 0.928887 -0.301636 -0.609783 -0.945985 0.274753 0.172114 -0.244739 0.242749 0.248355 0.937759 0.377019 0.316221 -0.384863 0.867113 0.400797 -0.930002 -0.306262 0.203223 -0.504308 0.187351 -0.87068 -0.45477 0.485869 
1533580403516 0.212259 0.929165 -0.302653 -0.610359 -0.946401 0.272619 0.17322 -0.245219 0.243459 0.249663 0.937228 0.377483 0.316221 -0.384863 0.867113 0.400797 -0.930002 -0.306262 0.203223 -0.504308 0.187351 -0.87068 -0.45477 0.485869 
1533580403752 0.20961 0.929436 -0.303666 -0.610935 -0.946809 0.270485 0.174328 -0.245698 0.244164 0.250973 0.936695 0.377947 0.316221 -0.384863 0.867113 0.400797 -0.930002 -0.306262 0.203223 -0.504308 0.187351 -0.87068 -0.45477 0.485869 
1533580403985 0.206959 0.929699 -0.304676 -0.611513 -0.947211 0.268351 0.175438 -0.246179 0.244865 0.252284 0.936159 0.37841 0.31622 -0.384863 0.867113 0.400797 -0.930002 -0.306262 0.203222 -0.504307 0.187351 -0.87068 -0.45477 0.485868 
1533580404212 0.204306 0.929956 -0.305683 -0.612089 -0.947607 0.266217 0.176551 -0.246659 0.245562 0.253596 0.935622 0.378874 0.31622 -0.384863 0.867113 0.400797 -0.930002 -0.306262 0.203222 -0.504307 0.187351 -0.87068 -0.45477 0.485868 
1533580404443 0.20165 0.930205 -0.306685 -0.612667 -0.947995 0.264083 0.177666 -0.24714 0.246256 0.25491 0.935082 0.379338 0.316221 -0.384863 0.867113 0.400796 -0.930002 -0.306262 0.203223 -0.504306 0.187351 -0.87068 -0.45477 0.485868 
1533580404681 0.198993 0.930447 -0.307685 -0.613246 -0.948377 0.261948 0.178783 -0.247621 0.246945 0.256225 0.934541 0.379801 0.31622 -0.384863 0.867113 0.400796 -0.930002 -0.306262 0.203222 -0.504306 0.187351 -0.87068 -0.454769 0.485868 
1533580404912 0.196334 0.930682 -0.308681 -0.613822 -0.948753 0.259814 0.179902 -0.248101 0.247631 0.257541 0.933998 0.380265 0.31622 -0.384863 0.867113 0.400796 -0.930002 -0.306262 0.203222 -0.504306 0.187351 -0.87068 -0.454769 0.485868 
1533580405143 0.193673 0.93091 -0.309673 -0.614399 -0.949122 0.25768 0.181023 -0.248582 0.248313 0.258858 0.933452 0.380728 0.31622 -0.384863 0.867113 0.400796 -0.930002 -0.306262 0.203222 -0.504306 0.187351 -0.87068 -0.454769 0.485868 
1533580405390 0.19431 0.930884 -0.309352 -0.614184 -0.949064 0.258143 0.180663 -0.2485 0.248034 0.25849 0.933629 0.380639 0.31622 -0.384863 0.867113 0.400796 -0.930002 -0.306262 0.203222 -0.504306 0.187351 -0.87068 -0.454769 0.485868 
1533580405403 0.194367 0.93098 -0.309026 -0.614241 -0.949084 0.258101 0.180619 -0.248542 0.247912 0.258185 0.933745 0.380607 0.31622 -0.384863 0.867113 0.400795 -0.930002 -0.306262 0.203222 -0.504304 0.187351 -0.87068 -0.454769 0.485867 
1533580405419 0.194425 0.931077 -0.308699 -0.614302 -0.949104 0.258059 0.180575 -0.248586 0.247792 0.257879 0.933862 0.380575 0.31622 -0.384863 0.867113 0.400795 -0.930002 -0.306262 0.203222 -0.504304 0.187351 -0.87068 -0.454769 0.485867 
1533580405496 0.194482 0.931173 -0.308373 -0.614363 -0.949124 0.258017 0.180531 -0.248629 0.247671 0.257574 0.933978 0.380542 0.31622 -0.384863 0.867113 0.400795 -0.930002 -0.306262 0.203222 -0.504304 0.187351 -0.87068 -0.454769 0.485867 
1533580405543 0.194539 0.931269 -0.308046 -0.614424 -0.949143 0.257975 0.180488 -0.248673 0.247551 0.257268 0.934094 0.38051 0.31622 -0.384863 0.867113 0.400795 -0.930002 -0.306262 0.203222 -0.504304 0.187351 -0.87068 -0.454769 0.485867 
1533580405585 0.194597 0.931365 -0.307719 -0.614484 -0.949163 0.257933 0.180444 -0.248717 0.24743 0.256962 0.93421 0.380478 0.31622 -0.384863 0.867113 0.400795 -0.930002 -0.306262 0.203222 -0.504304 0.187351 -0.87068 -0.454769 0.485867 
1533580405628 0.194654 0.931461 -0.307392 -0.614545 -0.949183 0.257891 0.180401 -0.248761 0.24731 0.256656 0.934326 0.380445 0.31622 -0.384863 0.867113 0.400795 -0.930002 -0.306262 0.203222 -0.504304 0.187351 -0.87068 -0.454769 0.485867 
1533580405667 0.194711 0.931557 -0.307066 -0.614606 -0.949202 0.25785 0.180357 -0.248804 0.247189 0.25635 0.934442 0.380413 0.31622 -0.384863 0.867113 0.400795 -0.930002 -0.306262 0.203222 -0.504304 0.187351 -0.87068 -0.454769 0.485867 
1533580405713 0.194768 0.931653 -0.306738 -0.614668 -0.949222 0.257808 0.180313 -0.248849 0.247069 0.256044 0.934558 0.38038 0.31622 -0.384863 0.867113 0.400795 -0.930002 -0.306262 0.203222 -0.504304 0.187351 -0.87068 -0.454769 0.485867 
1533580405755 0.194825 0.931748 -0.306412 -0.614728 -0.949242 0.257766 0.18027 -0.248892 0.246948 0.255738 0.934674 0.380348 0.31622 -0.384863 0.867113 0.400795 -0.930002 -0.306262 0.203222 -0.504304 0.187351 -0.87068 -0.454769 0.485867 
1533580405807 0.194745 0.931494 -0.307236 -0.614604 -0.949192 0.257918 0.180313 -0.248839 0.247202 0.256511 0.934395 0.380384 0.31622 -0.384863 0.867113 0.400795 -0.930002 -0.306262 0.203222 -0.504304 0.187351 -0.87068 -0.454769 0.485867 
1533580405820 0.194577 0.93173 -0.306626 -0.614609 -0.949152 0.257718 0.180808 -0.24893 0.247487 0.255854 0.934499 0.380361 0.31622 -0.384863 0.867113 0.400795 -0.930002 -0.306262 0.203222 -0.504304 0.187351 -0.87068 -0.454769 0.485867 
1533580405837 0.194409 0.931966 -0.306014 -0.614619 -0.949112 0.257518 0.181303 -0.249024 0.247772 0.255195 0.934604 0.380336 0.31622 -0.384863 0.867113 0.400795 -0.930002 -0.306262 0.203222 -0.504304 0.187351 -0.87068 -0.454769 0.485867 
1533580405886 0.194242 0.932202 -0.305402 -0.614629 -0.949072 0.257317 0.181798 -0.249118 0.248058 0.254536 0.934708 0.380312 0.31622 -0.384863 0.867113 0.400795 -0.930002 -0.306262 0.203222 -0.504304 0.187351 -0.87068 -0.45477 0.485867 
1533580405977 0.194074 0.932437 -0.304789 -0.614639 -0.949032 0.257115 0.182293 -0.249212 0.248343 0.253876 0.934812 0.380287 0.31622 -0.384863 0.867113 0.400795 -0.930002 -0.306262 0.203222 -0.504304 0.187351 -0.87068 -0.45477 0.485867 
1533580406030 0.193907 0.932672 -0.304176 -0.61465 -0.948991 0.256913 0.182788 -0.249306 0.248628 0.253217 0.934915 0.380263 0.31622 -0.384863 0.867113 0.400795 -0.930002 -0.306262 0.203222 -0.504304 0.187351 -0.87068 -0.45477 0.485867 
1533580406037 0.19374 0.932906 -0.303563 -0.614661 -0.94895 0.256711 0.183283 -0.2494 0.248914 0.252557 0.935017 0.380238 0.31622 -0.384863 0.867113 0.400795 -0.930002 -0.306262 0.203222 -0.504304 0.187351 -0.87068 -0.45477 0.485867 
1533580406161 0.193573 0.93314 -0.30295 -0.61467 -0.948909 0.256509 0.183778 -0.249494 0.2492 0.251898 0.935119 0.380214 0.31622 -0.384863 0.867113 0.400795 -0.930002 -0.306262 0.203222 -0.504304 0.187351 -0.87068 -0.45477 0.485867 
1533580406212 0.193407 0.933374 -0.302336 -0.614679 -0.948868 0.256306 0.184272 -0.249587 0.249485 0.251238 0.93522 0.38019 0.31622 -0.384863 0.867113 0.400795 -0.930002 -0.306262 0.203222 -0.504304 0.187351 -0.87068 -0.45477 0.485867 
1533580406308 0.19324 0.933607 -0.301723 -0.614691 -0.948827 0.256103 0.184767 -0.249682 0.249771 0.250578 0.935321 0.380165 0.31622 -0.384863 0.867113 0.400795 -0.930002 -0.306262 0.203222 -0.504304 0.187351 -0.87068 -0.45477 0.485867 
1533580406371 0.193534 0.933331 -0.302387 -0.614631 -0.948881 0.256398 0.184081 -0.249559 0.24934 0.251304 0.935241 0.380179 0.31622 -0.384863 0.867113 0.400795 -0.930002 -0.306262 0.203222 -0.504304 0.187351 -0.87068 -0.45477 0.485867 
1533580406384 0.193485 0.933407 -0.302184 -0.614614 -0.948881 0.256321 0.184184 -0.249578 0.249375 0.251099 0.935287 0.380186 0.31622 -0.384863 0.867113 0.400795 -0.930002 -0.306262 0.203222 -0.504304 0.187351 -0.87068 -0.45477 0.485867 
1533580406401 0.193436 0.933484 -0.301978 -0.614604 -0.948882 0.256243 0.184288 -0.249601 0.249409 0.250894 0.935333 0.380191 0.31622 -0.384863 0.867113 0.400795 -0.930002 -0.306262 0.203222 -0.504304 0.187351 -0.87068 -0.45477 0.485867 
1533580406417 0.193386 0.93356 -0.301773 -0.614592 -0.948883 0.256165 0.184391 -0.249623 0.249444 0.250689 0.935378 0.380197 0.31622 -0.384863 0.867113 0.400795 -0.930002 -0.306262 0.203222 -0.504304 0.187351 -0.87068 -0.45477 0.485867 
1533580406434 0.193337 0.933637 -0.301568 -0.614581 -0.948884 0.256087 0.184494 -0.249645 0.249478 0.250484 0.935424 0.380203 0.31622 -0.384863 0.867113 0.400795 -0.930002 -0.306262 0.203222 -0.504304 0.187351 -0.87068 -0.45477 0.485867 
1533580406451 0.193288 0.933713 -0.301364 -0.614568 -0.948885 0.256009 0.184597 -0.249666 0.249512 0.250279 0.93547 0.380209 0.31622 -0.384863 0.867113 0.400795 -0.930002 -0.306262 0.203222 -0.504304 0.187351 -0.87068 -0.45477 0.485867 
1533580406467 0.193239 0.933789 -0.301158 -0.614557 -0.948886 0.255931 0.1847 -0.249689 0.249547 0.250074 0.935516 0.380214 0.31622 -0.384863 0.867113 0.400795 -0.930002 -0.306262 0.203222 -0.504304 0.187351 -0.87068 -0.45477 0.485867 
1533580406484 0.193189 0.933866 -0.300954 -0.614545 -0.948887 0.255853 0.184803 -0.24971 0.249581 0.249869 0.935561 0.38022 0.31622 -0.384863 0.867113 0.400795 -0.930002 -0.306262 0.203222 -0.504304 0.187351 -0.87068 -0.45477 0.485867 
1533580406501 0.19314 0.933942 -0.300748 -0.614535 -0.948888 0.255775 0.184906 -0.249733 0.249615 0.249664 0.935607 0.380225 0.31622 -0.384863 0.867113 0.400795 -0.930002 -0.306262 0.203222 -0.504304 0.187351 -0.87068 -0.45477 0.485867 
1533580406517 0.193091 0.934018 -0.300543 -0.614523 -0.948889 0.255696 0.185009 -0.249754 0.24965 0.249459 0.935652 0.380231 0.31622 -0.384863 0.867113 0.400795 -0.930002 -0.306262 0.203222 -0.504304 0.187351 -0.87068 -0.45477 0.485867 
1533580406625 0.193264 0.933717 -0.301366 -0.614585 -0.948803 0.256074 0.184928 -0.249598 0.249842 0.250198 0.935404 0.380201 0.31622 -0.384863 0.867113 0.400795 -0.930002 -0.306262 0.203222 -0.504304 0.187351 -0.87068 -0.45477 0.485867 
1533580406636 0.193073 0.9337 -0.301542 -0.61454 -0.948748 0.256022 0.185282 -0.249641 0.2502 0.250315 0.935277 0.38024 0.31622 -0.384863 0.867113 0.400795 -0.930002 -0.306262 0.203222 -0.504304 0.187351 -0.87068 -0.45477 0.485867 
1533580406652 0.192882 0.933682 -0.301719 -0.61449 -0.948693 0.255971 0.185637 -0.249683 0.250557 0.250432 0.93515 0.380279 0.31622 -0.384863 0.867113 0.400795 -0.930002 -0.306262 0.203222 -0.504304 0.187351 -0.87068 -0.45477 0.485867 
1533580406748 0.192692 0.933664 -0.301895 -0.61444 -0.948637 0.255921 0.185991 -0.249726 0.250915 0.25055 0.935022 0.380319 0.31622 -0.384863 0.867113 0.400795 -0.930002 -0.306262 0.203222 -0.504304 0.187351 -0.87068 -0.45477 0.485867 
1533580406764 0.192502 0.933647 -0.302072 -0.61439 -0.948581 0.255871 0.186345 -0.249767 0.251272 0.250668 0.934895 0.380359 0.31622 -0.384863 0.867113 0.400795 -0.930002 -0.306262 0.203222 -0.504304 0.187351 -0.87068 -0.45477 0.485867 
1533580406781 0.192311 0.933629 -0.302248 -0.614341 -0.948525 0.255821 0.1867 -0.24981 0.251629 0.250785 0.934767 0.380398 0.31622 -0.384863 0.867113 0.400795 -0.930002 -0.306262 0.203222 -0.504304 0.187351 -0.87068 -0.45477 0.485867 
1533580406798 0.192121 0.933611 -0.302424 -0.614291 -0.948468 0.25577 0.187054 -0.249851 0.251987 0.250903 0.934639 0.380438 0.31622 -0.384863 0.867113 0.400795 -0.930002 -0.306262 0.203222 -0.504304 0.187351 -0.87068 -0.45477 0.485867 
1533580406827 0.19193 0.933593 -0.3026 -0.614242 -0.948412 0.25572 0.187408 -0.249893 0.252344 0.25102 0.934511 0.380477 0.31622 -0.384863 0.867113 0.400795 -0.930002 -0.306262 0.203222 -0.504304 0.187351 -0.87068 -0.45477 0.485867 
1533580406889 0.19174 0.933575 -0.302777 -0.614191 -0.948355 0.25567 0.187762 -0.249935 0.252701 0.251138 0.934383 0.380517 0.31622 -0.384863 0.867113 0.400795 -0.930002 -0.306262 0.203222 -0.504304 0.187351 -0.87068 -0.45477 0.485867 
1533580406906 0.191549 0.933557 -0.302953 -0.614142 -0.948299 0.25562 0.188116 -0.249977 0.253058 0.251256 0.934255 0.380556 0.31622 -0.384863 0.867113 0.400795 -0.930002 -0.306262 0.203222 -0.504304 0.187351 -0.87068 -0.45477 0.485867 
1533580406926 0.192406 0.933563 -0.302391 -0.614328 -0.9485 0.255945 0.186658 -0.249903 0.251652 0.250903 0.934729 0.380405 0.31622 -0.384863 0.867113 0.400795 -0.930002 -0.306262 0.203222 -0.504304 0.187351 -0.87068 -0.45477 0.485867 
1533580406940 0.192108 0.933539 -0.302653 -0.61427 -0.948515 0.25576 0.18683 -0.250037 0.25182 0.25118 0.93461 0.380419 0.31622 -0.384863 0.867113 0.400795 -0.930002 -0.306262 0.203222 -0.504304 0.187351 -0.87068 -0.45477 0.485867 
1533580406956 0.191811 0.933515 -0.302916 -0.61421 -0.948531 0.255577 0.187003 -0.250173 0.251989 0.251455 0.93449 0.380433 0.31622 -0.384863 0.867113 0.400795 -0.930002 -0.306262 0.203222 -0.504304 0.187351 -0.87068 -0.45477 0.485867 
1533580406973 0.191514 0.933491 -0.303178 -0.614151 -0.948546 0.255393 0.187176 -0.250308 0.252157 0.251731 0.93437 0.380447 0.31622 -0.384863 0.867113 0.400795 -0.930002 -0.306262 0.203222 -0.504304 0.187351 -0.87068 -0.45477 0.485867 
1533580406989 0.191216 0.933467 -0.30344 -0.614092 -0.948561 0.25521 0.18735 -0.250442 0.252325 0.252007 0.934251 0.380461 0.31622 -0.384863 0.867113 0.400795 -0.930002 -0.306262 0.203222 -0.504304 0.187351 -0.87068 -0.45477 0.485867 
1533580407077 0.190918 0.933443 -0.303702 -0.614032 -0.948576 0.255026 0.187523 -0.250579 0.252494 0.252283 0.934131 0.380475 0.31622 -0.384863 0.867113 0.400795 -0.930002 -0.306262 0.203222 -0.504304 0.187351 -0.87068 -0.45477 0.485867 
1533580407084 0.190621 0.933418 -0.303964 -0.613972 -0.948591 0.254842 0.187697 -0.250714 0.252662 0.252559 0.93401 0.380489 0.31622 -0.384863 0.867113 0.400795 -0.930002 -0.306262 0.203222 -0.504304 0.187351 -0.87068 -0.45477 0.485867 
1533580407172 0.190323 0.933393 -0.304227 -0.613913 -0.948606 0.254659 0.18787 -0.250849 0.252831 0.252835 0.93389 0.380502 0.31622 -0.384863 0.867113 0.400795 -0.930002 -0.306262 0.203222 -0.504304 0.187351 -0.87068 -0.45477 0.485867 
1533580407177 0.190026 0.933369 -0.304488 -0.613854 -0.948621 0.254475 0.188043 -0.250984 0.252999 0.253111 0.93377 0.380516 0.31622 -0.384863 0.867113 0.400795 -0.930002 -0.306262 0.203222 -0.504304 0.187351 -0.87068 -0.45477 0.485867 
1533580407261 0.189728 0.933344 -0.30475 -0.613794 -0.948636 0.254292 0.188217 -0.251119 0.253167 0.253387 0.93365 0.38053 0.31622 -0.384863 0.867113 0.400795 -0.930002 -0.306262 0.203222 -0.504304 0.187351 -0.87068 -0.45477 0.485867 
1533580407311 0.190303 0.933424 -0.304144 -0.613945 -0.948648 0.254586 0.18776 -0.250828 0.252691 0.252795 0.933939 0.380515 0.31622 -0.384863 0.867113 0.400795 -0.930002 -0.306262 0.203222 -0.504304 0.187351 -0.87068 -0.45477 0.485867 
1533580407322 0.189804 0.933456 -0.304357 -0.613876 -0.948772 0.254134 0.187746 -0.251001 0.2526 0.253131 0.933873 0.380519 0.31622 -0.384863 0.867113 0.400795 -0.930002 -0.306262 0.203222 -0.504304 0.187351 -0.87068 -0.45477 0.485867 
1533580407328 0.189305 0.933489 -0.304569 -0.613808 -0.948895 0.253681 0.187732 -0.251176 0.252509 0.253466 0.933806 0.380523 0.31622 -0.384863 0.867113 0.400795 -0.930002 -0.306262 0.203222 -0.504304 0.187351 -0.87068 -0.45477 0.485867 
1533580407360 0.188806 0.933521 -0.304781 -0.613741 -0.949019 0.253228 0.187719 -0.251351 0.252418 0.253801 0.93374 0.380526 0.31622 -0.384863 0.867113 0.400795 -0.930002 -0.306262 0.203222 -0.504304 0.187351 -0.87068 -0.45477 0.485867 
1533580407442 0.188307 0.933552 -0.304993 -0.613675 -0.949143 0.252775 0.187705 -0.251526 0.252327 0.254135 0.933674 0.380529 0.31622 -0.384863 0.867113 0.400795 -0.930002 -0.306262 0.203222 -0.504304 0.187351 -0.87068 -0.45477 0.485867 
1533580407515 0.187808 0.933584 -0.305204 -0.613608 -0.949266 0.252322 0.187692 -0.251702 0.252236 0.25447 0.933607 0.380532 0.31622 -0.384863 0.867113 0.400795 -0.930002 -0.306262 0.203222 -0.504304 0.187351 -0.87068 -0.45477 0.485867 
1533580407578 0.187308 0.933615 -0.305416 -0.613541 -0.949389 0.251869 0.187678 -0.251876 0.252144 0.254805 0.933541 0.380536 0.31622 -0.384863 0.867113 0.400795 -0.930002 -0.306262 0.203222 -0.504304 0.187351 -0.87068 -0.45477 0.485867 
1533580407648 0.186809 0.933646 -0.305627 -0.613475 -0.949511 0.251416 0.187665 -0.252052 0.252052 0.255139 0.933474 0.380539 0.31622 -0.384863 0.867113 0.400795 -0.930002 -0.306262 0.203222 -0.504304 0.187351 -0.87068 -0.45477 0.485867 
1533580407717 0.18631 0.933676 -0.305839 -0.613408 -0.949634 0.250962 0.187652 -0.252227 0.25196 0.255474 0.933407 0.380542 0.31622 -0.384863 0.867113 0.400795 -0.930002 -0.306262 0.203222 -0.504304 0.187351 -0.87068 -0.45477 0.485867 
1533580407774 0.185811 0.933706 -0.306051 -0.613341 -0.949756 0.250509 0.187639 -0.252402 0.251868 0.255808 0.933341 0.380546 0.31622 -0.384863 0.867113 0.400795 -0.930002 -0.306262 0.203222 -0.504304 0.187351 -0.87068 -0.45477 0.485867 
1533580407861 0.186408 0.93371 -0.305675 -0.613422 -0.949621 0.251015 0.187646 -0.252153 0.251936 0.255297 0.933462 0.380583 0.31622 -0.384863 0.867113 0.400795 -0.930002 -0.306262 0.203222 -0.504304 0.187351 -0.87068 -0.45477 0.485867 
1533580407874 0.186322 0.933708 -0.305735 -0.613359 -0.949613 0.250972 0.187746 -0.252235 0.252031 0.255349 0.933423 0.380559 0.31622 -0.384863 0.867113 0.400795 -0.930002 -0.306262 0.203222 -0.504304 0.187351 -0.87068 -0.45477 0.485867 
1533580407891 0.186234 0.933706 -0.305795 -0.613296 -0.949605 0.250927 0.187847 -0.252316 0.252126 0.2554 0.933383 0.380534 0.31622 -0.384863 0.867113 0.400795 -0.930002 -0.306262 0.203222 -0.504304 0.187351 -0.87068 -0.45477 0.485867 
1533580407907 0.186147 0.933704 -0.305854 -0.613231 -0.949597 0.250882 0.187948 -0.252399 0.252221 0.255452 0.933343 0.380509 0.31622 -0.384863 0.867113 0.400795 -0.930002 -0.306262 0.203222 -0.504304 0.187351 -0.87068 -0.45477 0.485867 
1533580407924 0.186059 0.933702 -0.305913 -0.613165 -0.949589 0.250837 0.188049 -0.252481 0.252316 0.255503 0.933303 0.380485 0.31622 -0.384863 0.867113 0.400795 -0.930002 -0.306262 0.203222 -0.504304 0.187351 -0.87068 -0.45477 0.485867 
1533580407941 0.185972 0.9337 -0.305972 -0.613101 -0.94958 0.250792 0.18815 -0.252563 0.252411 0.255555 0.933263 0.38046 0.31622 -0.384863 0.867113 0.400795 -0.930002 -0.306262 0.203222 -0.504304 0.187351 -0.87068 -0.45477 0.485867 
1533580407947 0.185885 0.933698 -0.306032 -0.613035 -0.949572 0.250747 0.188251 -0.252645 0.252506 0.255607 0.933223 0.380436 0.31622 -0.384863 0.867113 0.400795 -0.930002 -0.306262 0.203222 -0.504304 0.187351 -0.87068 -0.45477 0.485867 
1533580407974 0.185798 0.933695 -0.306093 -0.61297 -0.949564 0.250703 0.188352 -0.252727 0.252601 0.255659 0.933183 0.380411 0.31622 -0.384863 0.867113 0.400795 -0.930002 -0.306262 0.203222 -0.504304 0.187351 -0.87068 -0.45477 0.485867 
1533580408015 0.18571 0.933693 -0.306152 -0.612906 -0.949556 0.250658 0.188452 -0.252809 0.252696 0.255711 0.933143 0.380386 0.31622 -0.384863 0.867113 0.400795 -0.930002 -0.306262 0.203222 -0.504304 0.187351 -0.87068 -0.45477 0.485867 
1533580408078 0.185623 0.933691 -0.306212 -0.61284 -0.949548 0.250613 0.188553 -0.25289 0.252791 0.255763 0.933103 0.380362 0.31622 -0.384863 0.867113 0.400795 -0.930002 -0.306262 0.203222 -0.504304 0.187351 -0.87068 -0.45477 0.485867 
1533580408103 0.186295 0.933577 -0.30615 -0.613045 -0.949538 0.251111 0.187941 -0.252746 0.252335 0.255688 0.933247 0.380422 0.31622 -0.384863 0.867113 0.400795 -0.930002 -0.306262 0.203222 -0.504304 0.187351 -0.87068 -0.45477 0.485867 
1533580408114 0.186205 0.933617 -0.306085 -0.6129 -0.949496 0.251074 0.188202 -0.252836 0.252559 0.255582 0.933216 0.380349 0.31622 -0.384863 0.867113 0.400795 -0.930002 -0.306262 0.203222 -0.504304 0.187351 -0.87068 -0.45477 0.485867 
1533580408131 0.186115 0.933655 -0.306022 -0.61275 -0.949453 0.251037 0.188464 -0.252925 0.252783 0.255478 0.933184 0.380275 0.31622 -0.384863 0.867113 0.400795 -0.930002 -0.306262 0.203222 -0.504304 0.187351 -0.87068 -0.45477 0.485867 
1533580408148 0.186026 0.933693 -0.305959 -0.612601 -0.949411 0.251 0.188725 -0.253014 0.253007 0.255373 0.933152 0.380202 0.31622 -0.384863 0.867113 0.400795 -0.930002 -0.306262 0.203222 -0.504304 0.187351 -0.87068 -0.45477 0.485867 
1533580408164 0.185936 0.933732 -0.305896 -0.612451 -0.949369 0.250963 0.188986 -0.253103 0.253231 0.255269 0.933119 0.38013 0.31622 -0.384863 0.867113 0.400795 -0.930002 -0.306262 0.203222 -0.504304 0.187351 -0.87068 -0.45477 0.485867 
1533580408219 0.185847 0.93377 -0.305833 -0.6123 -0.949327 0.250927 0.189247 -0.253191 0.253455 0.255165 0.933087 0.380057 0.31622 -0.384863 0.867113 0.400795 -0.930002 -0.306262 0.203222 -0.504304 0.187351 -0.87068 -0.45477 0.485867 
1533580408284 0.185758 0.933809 -0.30577 -0.612151 -0.949284 0.25089 0.189509 -0.25328 0.253679 0.25506 0.933055 0.379984 0.31622 -0.384863 0.867113 0.400795 -0.930002 -0.306262 0.203222 -0.504304 0.187351 -0.87068 -0.45477 0.485867 
1533580408312 0.185668 0.933847 -0.305707 -0.612001 -0.949242 0.250853 0.18977 -0.253368 0.253903 0.254956 0.933022 0.379911 0.31622 -0.384863 0.867113 0.400795 -0.930002 -0.306262 0.203222 -0.504304 0.187351 -0.87068 -0.45477 0.485867 
1533580408339 0.185579 0.933885 -0.305644 -0.611851 -0.949199 0.250816 0.190031 -0.253457 0.254127 0.254852 0.93299 0.379838 0.31622 -0.384863 0.867113 0.400795 -0.930002 -0.306262 0.203222 -0.504304 0.187351 -0.87068 -0.45477 0.485867 
1533580408384 0.18549 0.933924 -0.305581 -0.611702 -0.949157 0.250779 0.190292 -0.253546 0.254352 0.254747 0.932957 0.379765 0.31622 -0.384863 0.867113 0.400795 -0.930002 -0.306262 0.203222 -0.504304 0.187351 -0.87068 -0.45477 0.485867 
1533580408445 0.185775 0.933817 -0.305735 -0.612061 -0.949243 0.250937 0.189652 -0.253367 0.25382 0.254984 0.933037 0.379944 0.31622 -0.384863 0.867113 0.400795 -0.930002 -0.306262 0.203222 -0.504304 0.187351 -0.87068 -0.45477 0.485867 
1533580408456 0.185532 0.933907 -0.305608 -0.611873 -0.949202 0.250772 0.190078 -0.253445 0.254153 0.254818 0.932992 0.379902 0.31622 -0.384863 0.867113 0.400795 -0.930002 -0.306262 0.203222 -0.504304 0.187351 -0.87068 -0.45477 0.485867 
1533580408472 0.185291 0.933996 -0.305481 -0.611681 -0.94916 0.250607 0.190504 -0.253521 0.254486 0.254652 0.932947 0.37986 0.31622 -0.384863 0.867113 0.400795 -0.930002 -0.306262 0.203222 -0.504304 0.187351 -0.87068 -0.45477 0.485867 
1533580408479 0.18505 0.934085 -0.305355 -0.61149 -0.949118 0.250443 0.190929 -0.253597 0.254818 0.254486 0.932901 0.379819 0.31622 -0.384863 0.867113 0.400795 -0.930002 -0.306262 0.203222 -0.504304 0.187351 -0.87068 -0.45477 0.485867 
1533580408492 0.184808 0.934174 -0.305228 -0.611297 -0.949075 0.250278 0.191354 -0.253673 0.25515 0.25432 0.932856 0.379778 0.31622 -0.384863 0.867113 0.400795 -0.930002 -0.306262 0.203222 -0.504304 0.187351 -0.87068 -0.45477 0.485867 
1533580408645 0.184567 0.934264 -0.305101 -0.611106 -0.949033 0.250114 0.19178 -0.253749 0.255483 0.254154 0.93281 0.379736 0.31622 -0.384863 0.867113 0.400795 -0.930002 -0.306262 0.203222 -0.504304 0.187351 -0.87068 -0.45477 0.485867 
1533580408685 0.184326 0.934353 -0.304974 -0.610914 -0.94899 0.249949 0.192205 -0.253825 0.255815 0.253989 0.932764 0.379695 0.31622 -0.384863 0.867113 0.400795 -0.930002 -0.306262 0.203222 -0.504304 0.187351 -0.87068 -0.45477 0.485867 
1533580408738 0.184085 0.934442 -0.304846 -0.610722 -0.948947 0.249785 0.19263 -0.253901 0.256147 0.253823 0.932718 0.379653 0.31622 -0.384863 0.867113 0.400795 -0.930002 -0.306262 0.203222 -0.504304 0.187351 -0.87068 -0.45477 0.485867 
1533580408786 0.183844 0.934531 -0.304719 -0.610529 -0.948904 0.24962 0.193055 -0.253977 0.25648 0.253657 0.932671 0.379612 0.31622 -0.384863 0.867113 0.400795 -0.930002 -0.306262 0.203222 -0.504304 0.187351 -0.87068 -0.45477 0.485867 
1533580408830 0.183602 0.93462 -0.304592 -0.610338 -0.948861 0.249455 0.19348 -0.254053 0.256812 0.253492 0.932625 0.37957 0.31622 -0.384863 0.867113 0.400795 -0.930002 -0.306262 0.203222 -0.504304 0.187351 -0.87068 -0.45477 0.485867 
1533580408878 0.184436 0.934368 -0.30486 -0.610731 -0.948909 0.25009 0.192425 -0.254022 0.256038 0.253794 0.932756 0.379686 0.31622 -0.384863 0.867113 0.400795 -0.930002 -0.306262 0.203222 -0.504304 0.187351 -0.87068 -0.45477 0.485867 
1533580408891 0.184128 0.934412 -0.304911 -0.61055 -0.948936 0.249841 0.192611 -0.254047 0.256158 0.253876 0.932701 0.379695 0.31622 -0.384863 0.867113 0.400795 -0.930002 -0.306262 0.203222 -0.504304 0.187351 -0.87068 -0.45477 0.485867 
1533580408908 0.18382 0.934456 -0.304962 -0.610364 -0.948964 0.249593 0.192796 -0.254068 0.256276 0.253958 0.932645 0.379706 0.31622 -0.384863 0.867113 0.400795 -0.930002 -0.306262 0.203222 -0.504304 0.187351 -0.87068 -0.45477 0.485867 
1533580408925 0.183512 0.9345 -0.305014 -0.610177 -0.948992 0.249346 0.192981 -0.25409 0.256395 0.254041 0.93259 0.379716 0.31622 -0.384863 0.867113 0.400795 -0.930002 -0.306262 0.203222 -0.504304 0.187351 -0.87068 -0.45477 0.485867 
1533580408969 0.183204 0.934543 -0.305065 -0.609993 -0.949019 0.249098 0.193167 -0.254112 0.256514 0.254124 0.932535 0.379726 0.31622 -0.384863 0.867113 0.400795 -0.930002 -0.306262 0.203222 -0.504304 0.187351 -0.87068 -0.45477 0.485867 
1533580409057 0.182896 0.934587 -0.305117 -0.609806 -0.949046 0.24885 0.193352 -0.254134 0.256632 0.254207 0.93248 0.379737 0.31622 -0.384863 0.867113 0.400795 -0.930002 -0.306262 0.203222 -0.504304 0.187351 -0.87068 -0.45477 0.485867 
1533580409095 0.182588 0.93463 -0.305169 -0.60962 -0.949074 0.248602 0.193537 -0.254155 0.256751 0.25429 0.932425 0.379747 0.31622 -0.384863 0.867113 0.400795 -0.930002 -0.306262 0.203222 -0.504304 0.187351 -0.87068 -0.45477 0.485867 
1533580409168 0.18228 0.934674 -0.30522 -0.609434 -0.949101 0.248354 0.193722 -0.254177 0.256869 0.254373 0.932369 0.379757 0.31622 -0.384863 0.867113 0.400795 -0.930002 -0.306262 0.203222 -0.504304 0.187351 -0.87068 -0.45477 0.485867 
1533580409228 0.181972 0.934717 -0.305271 -0.609248 -0.949128 0.248106 0.193907 -0.254199 0.256988 0.254456 0.932314 0.379768 0.31622 -0.384863 0.867113 0.400795 -0.930002 -0.306262 0.203222 -0.504304 0.187351 -0.87068 -0.45477 0.485867 
1533580409273 0.181664 0.93476 -0.305322 -0.609062 -0.949155 0.247858 0.194092 -0.254221 0.257106 0.254539 0.932259 0.379778 0.31622 -0.384863 0.867113 0.400795 -0.930002 -0.306262 0.203222 -0.504304 0.187351 -0.87068 -0.45477 0.485867 
1533580409342 0.182163 0.93469 -0.305241 -0.609367 -0.949121 0.24825 0.193757 -0.254166 0.256879 0.254415 0.932355 0.379721 0.31622 -0.384863 0.867113 0.400795 -0.930002 -0.306262 0.203222 -0.504304 0.187351 -0.87068 -0.45477 0.485867 
1533580409354 0.181889 0.934723 -0.305304 -0.609222 -0.949157 0.248021 0.193871 -0.25416 0.256937 0.254518 0.932311 0.379722 0.31622 -0.384863 0.867113 0.400795 -0.930002 -0.306262 0.203222 -0.504304 0.187351 -0.87068 -0.45477 0.485867 
1533580409371 0.181615 0.934755 -0.305367 -0.609073 -0.949194 0.247792 0.193984 -0.254152 0.256995 0.254622 0.932267 0.379723 0.31622 -0.384863 0.867113 0.400795 -0.930002 -0.306262 0.203222 -0.504304 0.187351 -0.87068 -0.45477 0.485867 
1533580409388 0.181342 0.934787 -0.305431 -0.608924 -0.949231 0.247563 0.194098 -0.254144 0.257054 0.254726 0.932222 0.379725 0.31622 -0.384863 0.867113 0.400795 -0.930002 -0.306262 0.203222 -0.504304 0.187351 -0.87068 -0.45477 0.485867 
1533580409404 0.181068 0.934819 -0.305495 -0.608774 -0.949267 0.247334 0.194212 -0.254135 0.257112 0.25483 0.932177 0.379726 0.31622 -0.384863 0.867113 0.400795 -0.930002 -0.306262 0.203222 -0.504304 0.187351 -0.87068 -0.45477 0.485867 
1533580409520 0.180795 0.934851 -0.305558 -0.608624 -0.949303 0.247105 0.194325 -0.254126 0.25717 0.254935 0.932133 0.379728 0.31622 -0.384863 0.867113 0.400795 -0.930002 -0.306262 0.203222 -0.504304 0.187351 -0.87068 -0.45477 0.485867 
1533580409557 0.180521 0.934884 -0.305622 -0.608475 -0.94934 0.246876 0.194439 -0.254118 0.257229 0.255039 0.932088 0.37973 0.31622 -0.384863 0.867113 0.400795 -0.930002 -0.306262 0.203222 -0.504304 0.187351 -0.87068 -0.45477 0.485867 
1533580409614 0.180248 0.934915 -0.305686 -0.608325 -0.949376 0.246648 0.194552 -0.25411 0.257287 0.255143 0.932044 0.379731 0.31622 -0.384863 0.867113 0.400795 -0.930002 -0.306262 0.203222 -0.504304 0.187351 -0.87068 -0.45477 0.485867 
1533580409685 0.179974 0.934947 -0.305749 -0.608176 -0.949412 0.246419 0.194666 -0.254101 0.257345 0.255247 0.931999 0.379733 0.31622 -0.384863 0.867113 0.400795 -0.930002 -0.306262 0.203222 -0.504304 0.187351 -0.87068 -0.45477 0.485867 
1533580409722 0.179701 0.934979 -0.305813 -0.608025 -0.949448 0.24619 0.19478 -0.254093 0.257403 0.255351 0.931955 0.379735 0.31622 -0.384863 0.867113 0.400795 -0.930002 -0.306262 0.203222 -0.504304 0.187351 -0.87068 -0.45477 0.485867 
1533580409781 0.180165 0.934981 -0.305534 -0.608299 -0.949407 0.246523 0.194559 -0.254082 0.25723 0.255024 0.932092 0.379774 0.31622 -0.384863 0.867113 0.400795 -0.930002 -0.306262 0.203222 -0.504304 0.187351 -0.87068 -0.45477 0.485867 
1533580409794 0.180029 0.934995 -0.305573 -0.608183 -0.94945 0.246386 0.194524 -0.254079 0.257168 0.255106 0.932087 0.379757 0.31622 -0.384863 0.867113 0.400795 -0.930002 -0.306262 0.203222 -0.504304 0.187351 -0.87068 -0.45477 0.485867 
1533580409811 0.179894 0.935008 -0.305611 -0.608062 -0.949492 0.24625 0.194488 -0.254074 0.257105 0.255188 0.932082 0.379741 0.31622 -0.384863 0.867113 0.400795 -0.930002 -0.306262 0.203222 -0.504304 0.187351 -0.87068 -0.45477 0.485867 
1533580409827 0.179759 0.935022 -0.305649 -0.607942 -0.949535 0.246114 0.194453 -0.25407 0.257042 0.25527 0.932077 0.379724 0.31622 -0.384863 0.867113 0.400795 -0.930002 -0.306262 0.203222 -0.504304 0.187351 -0.87068 -0.45477 0.485867 
1533580409844 0.179624 0.935035 -0.305687 -0.607821 -0.949577 0.245978 0.194417 -0.254065 0.256979 0.255351 0.932072 0.379708 0.31622 -0.384863 0.867113 0.400795 -0.930002 -0.306262 0.203222 -0.504304 0.187351 -0.87068 -0.45477 0.485867 
1533580409861 0.179489 0.935049 -0.305725 -0.607701 -0.94962 0.245842 0.194382 -0.25406 0.256916 0.255433 0.932066 0.379691 0.31622 -0.384863 0.867113 0.400795 -0.930002 -0.306262 0.203222 -0.504304 0.187351 -0.87068 -0.45477 0.485867 
1533580409961 0.179354 0.935062 -0.305763 -0.60758 -0.949662 0.245706 0.194346 -0.254055 0.256854 0.255515 0.932061 0.379675 0.31622 -0.384863 0.867113 0.400795 -0.930002 -0.306262 0.203222 -0.504304 0.187351 -0.87068 -0.45477 0.485867 
1533580409995 0.179219 0.935075 -0.305802 -0.60746 -0.949705 0.245569 0.194311 -0.254051 0.256791 0.255597 0.932056 0.379659 0.31622 -0.384863 0.867113 0.400795 -0.930002 -0.306262 0.203222 -0.504304 0.187351 -0.87068 -0.45477 0.485867 
1533580410026 0.179084 0.935089 -0.30584 -0.607339 -0.949747 0.245433 0.194275 -0.254045 0.256728 0.255679 0.932051 0.379643 0.31622 -0.384863 0.867113 0.400795 -0.930002 -0.306262 0.203222 -0.504304 0.187351 -0.87068 -0.45477 0.485867 
1533580410091 0.17895 0.935102 -0.305878 -0.607218 -0.94979 0.245297 0.19424 -0.254041 0.256665 0.255761 0.932046 0.379626 0.31622 -0.384863 0.867113 0.400795 -0.930002 -0.306262 0.203222 -0.504304 0.187351 -0.87068 -0.45477 0.485867 
1533580410139 0.179419 0.935023 -0.305845 -0.60745 -0.94967 0.245764 0.194236 -0.254143 0.256781 0.255603 0.932057 0.379678 0.31622 -0.384863 0.867113 0.400795 -0.930002 -0.306262 0.203222 -0.504304 0.187351 -0.87068 -0.45477 0.485867 
1533580410150 0.179264 0.935045 -0.305869 -0.607347 -0.949702 0.24562 0.19426 -0.254148 0.25677 0.255661 0.932044 0.379629 0.31622 -0.384863 0.867113 0.400795 -0.930002 -0.306262 0.203222 -0.504304 0.187351 -0.87068 -0.45477 0.485867 
1533580410166 0.179109 0.935066 -0.305894 -0.607241 -0.949734 0.245477 0.194285 -0.254151 0.256759 0.25572 0.932031 0.37958 0.31622 -0.384863 0.867113 0.400795 -0.930002 -0.306262 0.203222 -0.504304 0.187351 -0.87068 -0.45477 0.485867 
1533580410183 0.178955 0.935087 -0.305919 -0.607134 -0.949766 0.245334 0.194309 -0.254153 0.256749 0.255779 0.932018 0.379532 0.31622 -0.384863 0.867113 0.400795 -0.930002 -0.306262 0.203222 -0.504304 0.187351 -0.87068 -0.45477 0.485867 
1533580410200 0.178801 0.935109 -0.305944 -0.607027 -0.949798 0.24519 0.194334 -0.254156 0.256738 0.255838 0.932005 0.379484 0.31622 -0.384863 0.867113 0.400795 -0.930002 -0.306262 0.203222 -0.504304 0.187351 -0.87068 -0.45477 0.485867 
1533580410216 0.178646 0.93513 -0.305969 -0.606922 -0.94983 0.245047 0.194358 -0.254159 0.256727 0.255897 0.931991 0.379435 0.31622 -0.384863 0.867113 0.400795 -0.930002 -0.306262 0.203222 -0.504304 0.187351 -0.87068 -0.45477 0.485867 
1533580410223 0.178492 0.935151 -0.305994 -0.606814 -0.949862 0.244904 0.194383 -0.254162 0.256717 0.255957 0.931978 0.379387 0.31622 -0.384863 0.867113 0.400795 -0.930002 -0.306262 0.203222 -0.504304 0.187351 -0.87068 -0.45477 0.485867 
1533580410313 0.178337 0.935173 -0.306019 -0.606708 -0.949894 0.244761 0.194408 -0.254165 0.256706 0.256016 0.931965 0.379338 0.31622 -0.384863 0.867113 0.400795 -0.930002 -0.306262 0.203222 -0.504304 0.187351 -0.87068 -0.45477 0.485867 
1533580410319 0.178183 0.935194 -0.306044 -0.606601 -0.949925 0.244618 0.194432 -0.254167 0.256696 0.256075 0.931951 0.37929 0.31622 -0.384863 0.867113 0.400795 -0.930002 -0.306262 0.203222 -0.504304 0.187351 -0.87068 -0.45477 0.485867 
1533580410381 0.178028 0.935215 -0.306069 -0.606494 -0.949957 0.244475 0.194457 -0.25417 0.256685 0.256134 0.931938 0.379241 0.31622 -0.384863 0.867113 0.400795 -0.930002 -0.306262 0.203222 -0.504304 0.187351 -0.87068 -0.45477 0.485867 
1533580410411 0.178404 0.935159 -0.306022 -0.606823 -0.949847 0.244858 0.194514 -0.254108 0.256834 0.255972 0.931941 0.37939 0.31622 -0.384863 0.867113 0.400795 -0.930002 -0.306262 0.203222 -0.504304 0.187351 -0.87068 -0.45477 0.485867 
1533580410425 0.178228 0.935215 -0.305954 -0.606731 -0.949847 0.244712 0.194699 -0.254135 0.256956 0.255909 0.931925 0.379339 0.31622 -0.384863 0.867113 0.400795 -0.930002 -0.306262 0.203222 -0.504304 0.187351 -0.87068 -0.45477 0.485867 
1533580410441 0.17805 0.935271 -0.305887 -0.606636 -0.949846 0.244564 0.194886 -0.254162 0.25708 0.255847 0.931908 0.379287 0.31622 -0.384863 0.867113 0.400795 -0.930002 -0.306262 0.203222 -0.504304 0.187351 -0.87068 -0.45477 0.485867 
1533580410458 0.177873 0.935326 -0.305822 -0.60654 -0.949846 0.244417 0.195073 -0.25419 0.257204 0.255785 0.93189 0.379236 0.31622 -0.384863 0.867113 0.400795 -0.930002 -0.306262 0.203222 -0.504304 0.187351 -0.87068 -0.45477 0.485867 
1533580410474 0.177696 0.935381 -0.305755 -0.606444 -0.949845 0.24427 0.195259 -0.254216 0.257328 0.255724 0.931873 0.379184 0.31622 -0.384863 0.867113 0.400795 -0.930002 -0.306262 0.203222 -0.504304 0.187351 -0.87068 -0.45477 0.485867 
1533580410491 0.17752 0.935436 -0.305689 -0.606347 -0.949845 0.244123 0.195445 -0.254243 0.257452 0.255662 0.931856 0.379133 0.31622 -0.384863 0.867113 0.400795 -0.930002 -0.306262 0.203222 -0.504304 0.187351 -0.87068 -0.45477 0.485867 
1533580410508 0.177343 0.935491 -0.305623 -0.606252 -0.949844 0.243976 0.195631 -0.254269 0.257576 0.2556 0.931839 0.379081 0.31622 -0.384863 0.867113 0.400795 -0.930002 -0.306262 0.203222 -0.504304 0.187351 -0.87068 -0.45477 0.485867 
1533580410555 0.177166 0.935547 -0.305557 -0.606155 -0.949844 0.243829 0.195817 -0.254296 0.257699 0.255539 0.931821 0.37903 0.31622 -0.384863 0.867113 0.400795 -0.930002 -0.306262 0.203222 -0.504304 0.187351 -0.87068 -0.45477 0.485867 
1533580410572 0.176989 0.935602 -0.30549 -0.60606 -0.949843 0.243682 0.196003 -0.254322 0.257823 0.255477 0.931804 0.378979 0.31622 -0.384863 0.867113 0.400795 -0.930002 -0.306262 0.203222 -0.504304 0.187351 -0.87068 -0.45477 0.485867 
1533580410623 0.176813 0.935657 -0.305424 -0.605964 -0.949842 0.243535 0.196189 -0.254349 0.257947 0.255416 0.931787 0.378927 0.31622 -0.384863 0.867113 0.400795 -0.930002 -0.306262 0.203222 -0.504304 0.187351 -0.87068 -0.45477 0.485867 
1533580410645 0.177241 0.935531 -0.305561 -0.606327 -0.949897 0.243834 0.195554 -0.254196 0.257453 0.255591 0.931875 0.379062 0.31622 -0.384863 0.867113 0.400795 -0.930002 -0.306262 0.203222 -0.504304 0.187351 -0.87068 -0.45477 0.485867 
1533580410659 0.177142 0.935621 -0.305341 -0.606253 -0.949939 0.243671 0.195552 -0.254203 0.257365 0.255415 0.931948 0.379036 0.31622 -0.384863 0.867113 0.400795 -0.930002 -0.306262 0.203222 -0.504304 0.187351 -0.87068 -0.45477 0.485867 
1533580410665 0.177043 0.935712 -0.30512 -0.606176 -0.949981 0.243508 0.19555 -0.254211 0.257278 0.255237 0.93202 0.379008 0.31622 -0.384863 0.867113 0.400795 -0.930002 -0.306262 0.203222 -0.504304 0.187351 -0.87068 -0.45477 0.485867 
1533580410678 0.176944 0.935803 -0.304899 -0.606098 -0.950023 0.243345 0.195548 -0.254219 0.25719 0.25506 0.932093 0.37898 0.31622 -0.384863 0.867113 0.400795 -0.930002 -0.306262 0.203222 -0.504304 0.187351 -0.87068 -0.45477 0.485867 
1533580410695 0.176845 0.935894 -0.304678 -0.606022 -0.950065 0.243183 0.195546 -0.254226 0.257102 0.254882 0.932166 0.378953 0.31622 -0.384863 0.867113 0.400795 -0.930002 -0.306262 0.203222 -0.504304 0.187351 -0.87068 -0.45477 0.485867 
1533580410712 0.176747 0.935984 -0.304456 -0.605945 -0.950107 0.24302 0.195543 -0.254234 0.257015 0.254705 0.932239 0.378926 0.31622 -0.384863 0.867113 0.400795 -0.930002 -0.306262 0.203222 -0.504304 0.187351 -0.87068 -0.45477 0.485867 
1533580410728 0.176647 0.936075 -0.304235 -0.605866 -0.95015 0.242856 0.195542 -0.254241 0.256928 0.254527 0.932311 0.378898 0.31622 -0.384863 0.867113 0.400795 -0.930002 -0.306262 0.203222 -0.504304 0.187351 -0.87068 -0.45477 0.485867 
1533580410783 0.176548 0.936166 -0.304014 -0.60579 -0.950192 0.242693 0.19554 -0.254249 0.25684 0.254349 0.932384 0.37887 0.31622 -0.384863 0.867113 0.400795 -0.930002 -0.306262 0.203222 -0.504304 0.187351 -0.87068 -0.45477 0.485867 
