1533739402037 0.0851762 0.565186 -0.820554 -0.532311 -0.94744 0.300841 0.108867 -0.195528 0.308386 0.768153 0.561105 0.442371 0.16008 -0.304787 0.938871 0.370831 -0.775623 0.549475 0.310623 -0.528794 -0.61056 -0.777934 -0.14844 0.432481 
1533739402047 0.104879 0.603077 -0.790759 -0.538247 -0.948216 0.300356 0.103306 -0.194633 0.29981 0.738976 0.603348 0.435264 0.316221 -0.384864 0.867112 0.4008 -0.930002 -0.306262 0.203224 -0.504312 0.18735 -0.87068 -0.45477 0.485871 
1533739402054 0.12416 0.639341 -0.758833 -0.544112 -0.948877 0.300164 0.0976426 -0.193593 0.290201 0.707916 0.643924 0.428266 0.316221 -0.384864 0.867112 0.4008 -0.930002 -0.306262 0.203224 -0.504312 0.18735 -0.87068 -0.45477 0.485871 
1533739403799 0.142877 0.674025 -0.724759 -0.55005 -0.94942 0.300218 0.0920357 -0.192716 0.27962 0.674951 0.682827 0.421135 0.316221 -0.384864 0.867112 0.4008 -0.930002 -0.306262 0.203224 -0.504312 0.18735 -0.87068 -0.45477 0.485871 
1533739405028 0.160908 0.707098 -0.688564 -0.556149 -0.94985 0.300476 0.0865967 -0.192204 0.26813 0.640099 0.719986 0.413733 0.316221 -0.384864 0.867112 0.4008 -0.930002 -0.306262 0.203224 -0.504312 0.18735 -0.87068 -0.45477 0.485871 
1533739406161 0.178275 0.738347 -0.650432 -0.562308 -0.950167 0.300972 0.0812249 -0.191812 0.255734 0.603539 0.755209 0.406255 0.316221 -0.384864 0.867112 0.4008 -0.930002 -0.306262 0.203224 -0.504312 0.18735 -0.87068 -0.45477 0.485871 
1533739407195 0.194998 0.767611 -0.610531 -0.568437 -0.950369 0.301742 0.0758363 -0.19133 0.242436 0.565442 0.788353 0.398847 0.316221 -0.384864 0.867112 0.4008 -0.930002 -0.306262 0.203224 -0.504312 0.18735 -0.87068 -0.45477 0.485871 
1533739408128 0.21104 0.794814 -0.568975 -0.574525 -0.95045 0.302791 0.0704421 -0.190748 0.228269 0.525916 0.819332 0.391513 0.316221 -0.384864 0.867112 0.4008 -0.930002 -0.306262 0.203224 -0.504312 0.18735 -0.87068 -0.45477 0.485871 
1533739409060 0.226341 0.819902 -0.525862 -0.580585 -0.950412 0.304109 0.0650787 -0.190108 0.213277 0.485055 0.848077 0.384218 0.316221 -0.384864 0.867112 0.4008 -0.930002 -0.306262 0.203224 -0.504312 0.18735 -0.87068 -0.45477 0.485871 
1533739409984 0.241179 0.842485 -0.481718 -0.585316 -0.95019 0.305962 0.0593765 -0.188359 0.197411 0.443403 0.874313 0.377682 0.316301 -0.384929 0.867054 0.401061 -0.929996 -0.306221 0.203316 -0.504786 0.187248 -0.870666 -0.45484 0.486093 
1533739410906 0.24162 0.842176 -0.482037 -0.585124 -0.950046 0.306447 0.059191 -0.188568 0.197568 0.443656 0.874149 0.37799 0.316301 -0.384929 0.867054 0.401061 -0.929996 -0.306221 0.203316 -0.504786 0.187248 -0.870666 -0.45484 0.486093 
1533739410916 0.242951 0.844412 -0.477433 -0.585876 -0.950043 0.306546 0.0587246 -0.188587 0.195943 0.439315 0.876703 0.377159 0.316221 -0.384863 0.867113 0.400796 -0.930002 -0.306262 0.203223 -0.504306 0.187351 -0.87068 -0.45477 0.485868 
1533739411213 0.244273 0.846627 -0.472815 -0.586633 -0.950039 0.306647 0.0582601 -0.188609 0.194312 0.434961 0.879234 0.376325 0.31622 -0.384863 0.867113 0.400796 -0.930002 -0.306262 0.203222 -0.504305 0.187351 -0.87068 -0.45477 0.485867 
1533739411510 0.245586 0.848818 -0.468184 -0.58739 -0.950034 0.30675 0.0577961 -0.188631 0.192673 0.430596 0.881739 0.375492 0.316221 -0.384863 0.867113 0.400795 -0.930002 -0.306262 0.203223 -0.504305 0.187351 -0.87068 -0.45477 0.485867 
1533739411804 0.246891 0.850986 -0.463539 -0.588147 -0.950028 0.306855 0.0573327 -0.188654 0.191028 0.42622 0.88422 0.374659 0.31622 -0.384863 0.867113 0.400795 -0.930002 -0.306262 0.203222 -0.504305 0.187352 -0.87068 -0.454769 0.485867 
1533739412096 0.248187 0.853131 -0.458881 -0.588902 -0.950021 0.306962 0.0568696 -0.188675 0.189376 0.421832 0.886676 0.373826 0.31622 -0.384863 0.867113 0.400795 -0.930002 -0.306262 0.203222 -0.504305 0.187352 -0.87068 -0.454769 0.485867 
1533739412404 0.249474 0.855252 -0.454209 -0.58966 -0.950013 0.307072 0.0564074 -0.188698 0.187718 0.417433 0.889107 0.372992 0.31622 -0.384863 0.867113 0.400795 -0.930002 -0.306262 0.203222 -0.504304 0.187352 -0.87068 -0.454769 0.485867 
1533739412711 0.250752 0.857351 -0.449525 -0.590416 -0.950004 0.307184 0.0559455 -0.188719 0.186052 0.413023 0.891514 0.372159 0.31622 -0.384863 0.867113 0.400795 -0.930002 -0.306262 0.203222 -0.504304 0.187352 -0.87068 -0.454769 0.485867 
1533739413018 0.252022 0.859426 -0.444829 -0.591172 -0.949994 0.307298 0.0554841 -0.188741 0.18438 0.408601 0.893895 0.371326 0.31622 -0.384863 0.867113 0.400795 -0.930002 -0.306262 0.203222 -0.504304 0.187352 -0.87068 -0.454769 0.485867 
1533739413323 0.253282 0.861477 -0.440119 -0.591928 -0.949983 0.307415 0.0550233 -0.188763 0.182701 0.40417 0.896252 0.370493 0.31622 -0.384863 0.867113 0.400795 -0.930002 -0.306262 0.203222 -0.504304 0.187352 -0.87068 -0.454769 0.485867 
1533739413650 0.253456 0.861145 -0.440669 -0.591737 -0.949945 0.307588 0.0547101 -0.188978 0.182658 0.404744 0.896001 0.3707 0.31622 -0.384863 0.867113 0.400795 -0.930002 -0.306262 0.203222 -0.504304 0.187352 -0.87068 -0.454769 0.485867 
1533739413662 0.254262 0.861137 -0.440219 -0.591797 -0.94986 0.308 0.0538757 -0.188964 0.181982 0.404448 0.896273 0.37057 0.31622 -0.384863 0.867113 0.400795 -0.930002 -0.306262 0.203222 -0.504304 0.187351 -0.87068 -0.454769 0.485867 
1533739413776 0.25507 0.861129 -0.439768 -0.591856 -0.949773 0.308413 0.0530387 -0.188947 0.181304 0.404151 0.896544 0.370436 0.31622 -0.384863 0.867113 0.400795 -0.930002 -0.306262 0.203222 -0.504304 0.187351 -0.87068 -0.454769 0.485867 
1533739413905 0.255878 0.86112 -0.439317 -0.591913 -0.949685 0.308827 0.0522023 -0.18893 0.180625 0.403855 0.896814 0.370302 0.31622 -0.384863 0.867113 0.400795 -0.930002 -0.306262 0.203222 -0.504304 0.187351 -0.87068 -0.454769 0.485867 
1533739414021 0.256685 0.86111 -0.438864 -0.59197 -0.949596 0.30924 0.0513656 -0.188913 0.179946 0.403559 0.897084 0.370168 0.31622 -0.384863 0.867113 0.400795 -0.930002 -0.306262 0.203222 -0.504304 0.187351 -0.87068 -0.454769 0.485867 
1533739414136 0.257492 0.8611 -0.438411 -0.592028 -0.949506 0.309654 0.0505295 -0.188896 0.179267 0.403263 0.897353 0.370034 0.31622 -0.384863 0.867113 0.400795 -0.930002 -0.306262 0.203222 -0.504304 0.187351 -0.87068 -0.454769 0.485867 
1533739414251 0.258298 0.86109 -0.437957 -0.592085 -0.949415 0.310068 0.0496935 -0.188879 0.178587 0.402967 0.897621 0.3699 0.31622 -0.384863 0.867113 0.400795 -0.930002 -0.306262 0.203222 -0.504304 0.187351 -0.87068 -0.45477 0.485867 
1533739414361 0.259104 0.861079 -0.437503 -0.592143 -0.949323 0.310482 0.0488577 -0.188862 0.177907 0.402672 0.897889 0.369766 0.31622 -0.384863 0.867113 0.400795 -0.930002 -0.306262 0.203222 -0.504304 0.187351 -0.87068 -0.45477 0.485867 
1533739414474 0.25991 0.861067 -0.437047 -0.5922 -0.94923 0.310896 0.048022 -0.188845 0.177226 0.402377 0.898156 0.369632 0.31622 -0.384863 0.867113 0.400795 -0.930002 -0.306262 0.203222 -0.504304 0.187351 -0.87068 -0.45477 0.485867 
1533739414601 0.260715 0.861055 -0.436591 -0.592257 -0.949136 0.31131 0.0471864 -0.188828 0.176545 0.402082 0.898422 0.369498 0.31622 -0.384863 0.867113 0.400795 -0.930002 -0.306262 0.203222 -0.504304 0.187351 -0.87068 -0.45477 0.485867 
1533739414735 0.259914 0.861133 -0.436915 -0.592197 -0.949302 0.310727 0.0477003 -0.188818 0.176838 0.402366 0.898237 0.369598 0.31622 -0.384863 0.867113 0.400795 -0.930002 -0.306262 0.203222 -0.504304 0.187351 -0.87068 -0.45477 0.485867 
1533739414748 0.260348 0.861111 -0.4367 -0.592243 -0.94923 0.311 0.0473458 -0.18884 0.176584 0.402202 0.898361 0.369562 0.31622 -0.384863 0.867113 0.400795 -0.930002 -0.306262 0.203222 -0.504304 0.187351 -0.87068 -0.45477 0.485867 
1533739414762 0.260783 0.861088 -0.436484 -0.592284 -0.949158 0.311274 0.0469896 -0.188858 0.176329 0.402038 0.898484 0.369522 0.31622 -0.384863 0.867113 0.400795 -0.930002 -0.306262 0.203222 -0.504304 0.187351 -0.87068 -0.45477 0.485867 
1533739414768 0.261219 0.861066 -0.436269 -0.592325 -0.949085 0.311548 0.0466335 -0.188877 0.176073 0.401875 0.898607 0.369482 0.31622 -0.384863 0.867113 0.400795 -0.930002 -0.306262 0.203222 -0.504304 0.187351 -0.87068 -0.45477 0.485867 
1533739414782 0.261654 0.861043 -0.436053 -0.592366 -0.949013 0.311823 0.0462773 -0.188895 0.175818 0.401711 0.89873 0.369442 0.31622 -0.384863 0.867113 0.400795 -0.930002 -0.306262 0.203222 -0.504304 0.187351 -0.87068 -0.45477 0.485867 
1533739414938 0.262089 0.86102 -0.435837 -0.592408 -0.94894 0.312097 0.0459213 -0.188914 0.175563 0.401548 0.898853 0.369402 0.31622 -0.384863 0.867113 0.400795 -0.930002 -0.306262 0.203222 -0.504304 0.187351 -0.87068 -0.45477 0.485867 
1533739414967 0.262525 0.860996 -0.435621 -0.592449 -0.948867 0.312371 0.0455654 -0.188933 0.175307 0.401385 0.898976 0.369363 0.31622 -0.384863 0.867113 0.400795 -0.930002 -0.306262 0.203222 -0.504304 0.187351 -0.87068 -0.45477 0.485867 
1533739415041 0.26296 0.860973 -0.435405 -0.59249 -0.948794 0.312645 0.0452095 -0.188951 0.175051 0.401221 0.899099 0.369323 0.31622 -0.384863 0.867113 0.400795 -0.930002 -0.306262 0.203222 -0.504304 0.187351 -0.87068 -0.45477 0.485867 
1533739415087 0.263395 0.860949 -0.435189 -0.592531 -0.94872 0.312919 0.0448536 -0.18897 0.174796 0.401058 0.899221 0.369282 0.31622 -0.384863 0.867113 0.400795 -0.930002 -0.306262 0.203222 -0.504304 0.187351 -0.87068 -0.45477 0.485867 
1533739415093 0.26383 0.860926 -0.434972 -0.592573 -0.948646 0.313193 0.044498 -0.188989 0.17454 0.400895 0.899344 0.369243 0.31622 -0.384863 0.867113 0.400795 -0.930002 -0.306262 0.203222 -0.504304 0.187351 -0.87068 -0.45477 0.485867 
1533739415195 0.26309 0.860982 -0.43531 -0.59246 -0.948773 0.312721 0.0451051 -0.189004 0.174965 0.401143 0.89915 0.369318 0.31622 -0.384863 0.867113 0.400795 -0.930002 -0.306262 0.203222 -0.504304 0.187351 -0.87068 -0.45477 0.485867 
1533739415205 0.263219 0.860943 -0.435308 -0.592481 -0.948725 0.312866 0.0451119 -0.18902 0.175032 0.401113 0.899151 0.3693 0.31622 -0.384863 0.867113 0.400795 -0.930002 -0.306262 0.203222 -0.504304 0.187351 -0.87068 -0.45477 0.485867 
1533739415222 0.263348 0.860905 -0.435306 -0.592498 -0.948678 0.31301 0.0451164 -0.189033 0.175096 0.401084 0.899151 0.369279 0.31622 -0.384863 0.867113 0.400795 -0.930002 -0.306262 0.203222 -0.504304 0.187351 -0.87068 -0.45477 0.485867 
1533739415240 0.263477 0.860866 -0.435304 -0.592516 -0.94863 0.313153 0.0451207 -0.189046 0.17516 0.401054 0.899152 0.369256 0.31622 -0.384863 0.867113 0.400795 -0.930002 -0.306262 0.203222 -0.504304 0.187351 -0.87068 -0.45477 0.485867 
1533739415255 0.263606 0.860828 -0.435302 -0.592533 -0.948582 0.313297 0.0451253 -0.189059 0.175224 0.401025 0.899153 0.369235 0.31622 -0.384863 0.867113 0.400795 -0.930002 -0.306262 0.203222 -0.504304 0.187351 -0.87068 -0.45477 0.485867 
1533739415272 0.263735 0.860789 -0.4353 -0.592551 -0.948535 0.313441 0.0451297 -0.189072 0.175288 0.400995 0.899154 0.369212 0.31622 -0.384863 0.867113 0.400795 -0.930002 -0.306262 0.203222 -0.504304 0.187351 -0.87068 -0.45477 0.485867 
1533739415289 0.263863 0.860751 -0.435298 -0.592569 -0.948487 0.313584 0.0451342 -0.189085 0.175352 0.400965 0.899154 0.36919 0.31622 -0.384863 0.867113 0.400795 -0.930002 -0.306262 0.203222 -0.504304 0.187351 -0.87068 -0.45477 0.485867 
1533739415305 0.263992 0.860712 -0.435296 -0.592586 -0.948439 0.313728 0.0451388 -0.189099 0.175416 0.400936 0.899155 0.369169 0.31622 -0.384863 0.867113 0.400795 -0.930002 -0.306262 0.203222 -0.504304 0.187351 -0.87068 -0.45477 0.485867 
1533739415322 0.264121 0.860674 -0.435294 -0.592604 -0.948392 0.313871 0.0451431 -0.189112 0.17548 0.400906 0.899156 0.369146 0.31622 -0.384863 0.867113 0.400795 -0.930002 -0.306262 0.203222 -0.504304 0.187351 -0.87068 -0.45477 0.485867 
1533739415339 0.26425 0.860635 -0.435292 -0.592622 -0.948344 0.314015 0.0451477 -0.189125 0.175544 0.400876 0.899157 0.369124 0.31622 -0.384863 0.867113 0.400795 -0.930002 -0.306262 0.203222 -0.504304 0.187351 -0.87068 -0.45477 0.485867 
1533739415363 0.263538 0.860813 -0.435371 -0.592585 -0.94866 0.313105 0.0448286 -0.188998 0.174906 0.401205 0.899134 0.369191 0.31622 -0.384863 0.867113 0.400795 -0.930002 -0.306262 0.203222 -0.504304 0.187351 -0.87068 -0.45477 0.485867 
1533739415375 0.263647 0.860767 -0.435396 -0.592602 -0.948611 0.313248 0.0448671 -0.189009 0.175007 0.401193 0.89912 0.369178 0.31622 -0.384863 0.867113 0.400795 -0.930002 -0.306262 0.203222 -0.504304 0.187351 -0.87068 -0.45477 0.485867 
1533739415392 0.263773 0.860728 -0.435397 -0.592615 -0.948563 0.313391 0.0448765 -0.189015 0.175076 0.401165 0.899119 0.369164 0.31622 -0.384863 0.867113 0.400795 -0.930002 -0.306262 0.203222 -0.504304 0.187351 -0.87068 -0.45477 0.485867 
1533739415409 0.263899 0.860689 -0.435398 -0.592628 -0.948515 0.313535 0.0448855 -0.189021 0.175145 0.401137 0.899118 0.369149 0.31622 -0.384863 0.867113 0.400795 -0.930002 -0.306262 0.203222 -0.504304 0.187351 -0.87068 -0.45477 0.485867 
1533739415425 0.264025 0.86065 -0.435399 -0.592641 -0.948468 0.313678 0.0448948 -0.189027 0.175214 0.401109 0.899117 0.369135 0.31622 -0.384863 0.867113 0.400795 -0.930002 -0.306262 0.203222 -0.504304 0.187351 -0.87068 -0.45477 0.485867 
1533739415442 0.264151 0.860611 -0.435401 -0.592654 -0.94842 0.313821 0.0449041 -0.189034 0.175283 0.401081 0.899116 0.369121 0.31622 -0.384863 0.867113 0.400795 -0.930002 -0.306262 0.203222 -0.504304 0.187351 -0.87068 -0.45477 0.485867 
1533739415459 0.264278 0.860571 -0.435402 -0.592667 -0.948372 0.313964 0.044913 -0.189039 0.175351 0.401053 0.899115 0.369105 0.31622 -0.384863 0.867113 0.400795 -0.930002 -0.306262 0.203222 -0.504304 0.187351 -0.87068 -0.45477 0.485867 
1533739415475 0.264403 0.860532 -0.435403 -0.59268 -0.948324 0.314107 0.0449223 -0.189046 0.17542 0.401025 0.899114 0.369091 0.31622 -0.384863 0.867113 0.400795 -0.930002 -0.306262 0.203222 -0.504304 0.187351 -0.87068 -0.45477 0.485867 
1533739415492 0.26453 0.860493 -0.435404 -0.592692 -0.948276 0.314251 0.0449312 -0.189051 0.175489 0.400997 0.899113 0.369076 0.31622 -0.384863 0.867113 0.400795 -0.930002 -0.306262 0.203222 -0.504304 0.187351 -0.87068 -0.45477 0.485867 
1533739415509 0.264656 0.860453 -0.435405 -0.592705 -0.948228 0.314394 0.0449405 -0.189058 0.175558 0.400969 0.899112 0.369062 0.31622 -0.384863 0.867113 0.400795 -0.930002 -0.306262 0.203222 -0.504304 0.187351 -0.87068 -0.45477 0.485867 
1533739415535 0.264302 0.860598 -0.435333 -0.592616 -0.948391 0.313923 0.0447945 -0.189157 0.175211 0.401027 0.899154 0.36909 0.31622 -0.384863 0.867113 0.400795 -0.930002 -0.306262 0.203222 -0.504304 0.187351 -0.87068 -0.45477 0.485867 
1533739415545 0.264202 0.86058 -0.43543 -0.592614 -0.948347 0.314002 0.0451709 -0.189186 0.175599 0.401005 0.899089 0.369083 0.31622 -0.384863 0.867113 0.400795 -0.930002 -0.306262 0.203222 -0.504304 0.187351 -0.87068 -0.45477 0.485867 
1533739415562 0.2641 0.860563 -0.435526 -0.592612 -0.948304 0.314079 0.0455483 -0.189216 0.175986 0.400981 0.899023 0.369074 0.31622 -0.384863 0.867113 0.400795 -0.930002 -0.306262 0.203222 -0.504304 0.187351 -0.87068 -0.45477 0.485867 
1533739415579 0.263998 0.860546 -0.435621 -0.592611 -0.94826 0.314155 0.0459259 -0.189247 0.176374 0.400957 0.898958 0.369065 0.31622 -0.384863 0.867113 0.400795 -0.930002 -0.306262 0.203222 -0.504304 0.187351 -0.87068 -0.45477 0.485867 
1533739415681 0.263896 0.860529 -0.435716 -0.592611 -0.948216 0.314232 0.0463037 -0.189279 0.176761 0.400933 0.898893 0.369055 0.31622 -0.384863 0.867113 0.400795 -0.930002 -0.306262 0.203222 -0.504304 0.187351 -0.87068 -0.45477 0.485867 
1533739415697 0.263794 0.860512 -0.435811 -0.592609 -0.948172 0.314309 0.046681 -0.189309 0.177149 0.40091 0.898827 0.369047 0.31622 -0.384863 0.867113 0.400795 -0.930002 -0.306262 0.203222 -0.504304 0.187351 -0.87068 -0.45477 0.485867 
1533739415714 0.263692 0.860496 -0.435906 -0.59261 -0.948128 0.314385 0.0470588 -0.189341 0.177536 0.400885 0.898761 0.369037 0.31622 -0.384863 0.867113 0.400795 -0.930002 -0.306262 0.203222 -0.504304 0.187351 -0.87068 -0.45477 0.485867 
1533739415730 0.26359 0.860479 -0.436001 -0.592608 -0.948084 0.314462 0.0474361 -0.189372 0.177923 0.400862 0.898695 0.369028 0.31622 -0.384863 0.867113 0.400795 -0.930002 -0.306262 0.203222 -0.504304 0.187351 -0.87068 -0.45477 0.485867 
1533739415758 0.263488 0.860462 -0.436095 -0.592609 -0.94804 0.314538 0.0478139 -0.189404 0.178311 0.400837 0.898629 0.369018 0.31622 -0.384863 0.867113 0.400795 -0.930002 -0.306262 0.203222 -0.504304 0.187351 -0.87068 -0.45477 0.485867 
1533739415802 0.263386 0.860445 -0.43619 -0.592608 -0.947995 0.314615 0.0481913 -0.189435 0.178698 0.400813 0.898563 0.369009 0.31622 -0.384863 0.867113 0.400795 -0.930002 -0.306262 0.203222 -0.504304 0.187351 -0.87068 -0.45477 0.485867 
1533739415831 0.263829 0.860442 -0.435928 -0.592604 -0.948156 0.314361 0.0466572 -0.189346 0.177185 0.401018 0.898771 0.369007 0.31622 -0.384863 0.867113 0.400795 -0.930002 -0.306262 0.203222 -0.504304 0.187351 -0.87068 -0.45477 0.485867 
1533739415845 0.263877 0.860506 -0.435773 -0.592607 -0.948141 0.314399 0.0466995 -0.189345 0.177192 0.400852 0.898844 0.368996 0.31622 -0.384863 0.867113 0.400795 -0.930002 -0.306262 0.203222 -0.504304 0.187351 -0.87068 -0.45477 0.485867 
1533739415861 0.263924 0.860571 -0.435616 -0.592614 -0.948127 0.314437 0.0467428 -0.189348 0.1772 0.400683 0.898918 0.368983 0.31622 -0.384863 0.867113 0.400795 -0.930002 -0.306262 0.203222 -0.504304 0.187351 -0.87068 -0.45477 0.485867 
1533739415877 0.263972 0.860635 -0.43546 -0.592621 -0.948112 0.314475 0.0467861 -0.18935 0.177207 0.400514 0.898992 0.36897 0.31622 -0.384863 0.867113 0.400795 -0.930002 -0.306262 0.203222 -0.504304 0.187351 -0.87068 -0.45477 0.485867 
1533739415894 0.26402 0.8607 -0.435304 -0.592626 -0.948097 0.314514 0.0468291 -0.189351 0.177215 0.400346 0.899065 0.368958 0.31622 -0.384863 0.867113 0.400795 -0.930002 -0.306262 0.203222 -0.504304 0.187351 -0.87068 -0.45477 0.485867 
1533739415956 0.264068 0.860764 -0.435147 -0.592634 -0.948082 0.314552 0.0468725 -0.189353 0.177222 0.400177 0.899139 0.368944 0.31622 -0.384863 0.867113 0.400795 -0.930002 -0.306262 0.203222 -0.504304 0.187351 -0.87068 -0.45477 0.485867 
1533739415984 0.264116 0.860829 -0.43499 -0.592641 -0.948068 0.314589 0.046916 -0.189356 0.17723 0.400009 0.899212 0.368931 0.31622 -0.384863 0.867113 0.400795 -0.930002 -0.306262 0.203222 -0.504304 0.187351 -0.87068 -0.45477 0.485867 
1533739416001 0.264164 0.860893 -0.434834 -0.592647 -0.948053 0.314627 0.0469592 -0.189357 0.177237 0.39984 0.899286 0.368918 0.31622 -0.384863 0.867113 0.400795 -0.930002 -0.306262 0.203222 -0.504304 0.187351 -0.87068 -0.45477 0.485867 
1533739416017 0.264212 0.860958 -0.434677 -0.592653 -0.948038 0.314666 0.0470023 -0.189359 0.177245 0.399672 0.899359 0.368906 0.31622 -0.384863 0.867113 0.400795 -0.930002 -0.306262 0.203222 -0.504304 0.187351 -0.87068 -0.45477 0.485867 
1533739416034 0.264259 0.861022 -0.43452 -0.592661 -0.948023 0.314703 0.0470459 -0.189362 0.177252 0.399503 0.899433 0.368892 0.31622 -0.384863 0.867113 0.400795 -0.930002 -0.306262 0.203222 -0.504304 0.187351 -0.87068 -0.45477 0.485867 
1533739416054 0.263819 0.860747 -0.435333 -0.59263 -0.94817 0.314295 0.0468213 -0.189273 0.177124 0.400417 0.899051 0.368927 0.31622 -0.384863 0.867113 0.400795 -0.930002 -0.306262 0.203222 -0.504304 0.187351 -0.87068 -0.45477 0.485867 
1533739416067 0.263714 0.860687 -0.435515 -0.592631 -0.948157 0.314306 0.0470168 -0.189279 0.177352 0.400537 0.898953 0.368951 0.31622 -0.384863 0.867113 0.400795 -0.930002 -0.306262 0.203222 -0.504304 0.187351 -0.87068 -0.45477 0.485867 
1533739416084 0.263609 0.860626 -0.435699 -0.592626 -0.948143 0.314317 0.0472126 -0.189285 0.17758 0.40066 0.898853 0.368978 0.31622 -0.384863 0.867113 0.400795 -0.930002 -0.306262 0.203222 -0.504304 0.187351 -0.87068 -0.45477 0.485867 
1533739416101 0.263503 0.860565 -0.435883 -0.592622 -0.94813 0.314328 0.0474084 -0.189291 0.177808 0.400782 0.898754 0.369005 0.31622 -0.384863 0.867113 0.400795 -0.930002 -0.306262 0.203222 -0.504304 0.187351 -0.87068 -0.45477 0.485867 
1533739416220 0.263398 0.860504 -0.436067 -0.592618 -0.948116 0.314339 0.047604 -0.189296 0.178037 0.400904 0.898654 0.369031 0.31622 -0.384863 0.867113 0.400795 -0.930002 -0.306262 0.203222 -0.504304 0.187351 -0.87068 -0.45477 0.485867 
1533739416237 0.263292 0.860443 -0.436251 -0.592615 -0.948103 0.31435 0.0477998 -0.189302 0.178265 0.401026 0.898554 0.369057 0.31622 -0.384863 0.867113 0.400795 -0.930002 -0.306262 0.203222 -0.504304 0.187351 -0.87068 -0.45477 0.485867 
1533739416253 0.263186 0.860382 -0.436435 -0.59261 -0.948089 0.314362 0.0479954 -0.189306 0.178493 0.401148 0.898455 0.369084 0.31622 -0.384863 0.867113 0.400795 -0.930002 -0.306262 0.203222 -0.504304 0.187351 -0.87068 -0.45477 0.485867 
1533739416270 0.263081 0.860321 -0.436619 -0.592606 -0.948076 0.314373 0.0481912 -0.189312 0.178721 0.40127 0.898355 0.36911 0.31622 -0.384863 0.867113 0.400795 -0.930002 -0.306262 0.203222 -0.504304 0.187351 -0.87068 -0.45477 0.485867 
1533739416294 0.262975 0.86026 -0.436803 -0.592601 -0.948062 0.314384 0.0483867 -0.189317 0.178949 0.401392 0.898255 0.369137 0.31622 -0.384863 0.867113 0.400795 -0.930002 -0.306262 0.203222 -0.504304 0.187351 -0.87068 -0.45477 0.485867 
1533739416341 0.262869 0.860199 -0.436987 -0.592597 -0.948048 0.314395 0.0485824 -0.189322 0.179177 0.401514 0.898155 0.369163 0.31622 -0.384863 0.867113 0.400795 -0.930002 -0.306262 0.203222 -0.504304 0.187351 -0.87068 -0.45477 0.485867 
1533739416370 0.263336 0.860447 -0.436216 -0.592622 -0.948101 0.314366 0.0477433 -0.189297 0.178212 0.401004 0.898574 0.369068 0.31622 -0.384863 0.867113 0.400795 -0.930002 -0.306262 0.203222 -0.504304 0.187351 -0.87068 -0.45477 0.485867 
1533739416381 0.263551 0.860548 -0.435888 -0.592637 -0.948133 0.314335 0.047302 -0.189263 0.17772 0.400813 0.898757 0.369044 0.31622 -0.384863 0.867113 0.400795 -0.930002 -0.306262 0.203222 -0.504304 0.187351 -0.87068 -0.45477 0.485867 
1533739416388 0.263767 0.860648 -0.435559 -0.592658 -0.948165 0.314304 0.0468602 -0.189229 0.177228 0.400622 0.89894 0.369021 0.31622 -0.384863 0.867113 0.400795 -0.930002 -0.306262 0.203222 -0.504304 0.187351 -0.87068 -0.45477 0.485867 
1533739416538 0.263983 0.860749 -0.435229 -0.592676 -0.948197 0.314273 0.0464186 -0.189194 0.176736 0.400429 0.899122 0.368997 0.31622 -0.384863 0.867113 0.400795 -0.930002 -0.306262 0.203222 -0.504304 0.187351 -0.87068 -0.45477 0.485867 
1533739416554 0.264198 0.86085 -0.434899 -0.592696 -0.948229 0.314243 0.045977 -0.18916 0.176243 0.400237 0.899305 0.368973 0.31622 -0.384863 0.867113 0.400795 -0.930002 -0.306262 0.203222 -0.504304 0.187351 -0.87068 -0.45477 0.485867 
1533739416577 0.264414 0.86095 -0.434569 -0.592717 -0.94826 0.314212 0.0455355 -0.189127 0.175751 0.400044 0.899487 0.368949 0.31622 -0.384863 0.867113 0.400795 -0.930002 -0.306262 0.203222 -0.504304 0.187351 -0.87068 -0.45477 0.485867 
1533739416656 0.264628 0.861051 -0.434239 -0.592738 -0.948291 0.314182 0.0450949 -0.189094 0.175259 0.399852 0.899668 0.368928 0.31622 -0.384863 0.867113 0.400795 -0.930002 -0.306262 0.203222 -0.504304 0.187351 -0.87068 -0.45477 0.485867 
1533739416694 0.264842 0.861152 -0.433908 -0.592764 -0.948322 0.314151 0.0446543 -0.189063 0.174767 0.399658 0.89985 0.368905 0.31622 -0.384863 0.867113 0.400795 -0.930002 -0.306262 0.203222 -0.504304 0.187351 -0.87068 -0.45477 0.485867 
1533739416759 0.265057 0.861252 -0.433577 -0.592784 -0.948353 0.314121 0.0442129 -0.189029 0.174274 0.399466 0.900031 0.368881 0.31622 -0.384863 0.867113 0.400795 -0.930002 -0.306262 0.203222 -0.504304 0.187351 -0.87068 -0.45477 0.485867 
1533739416803 0.265271 0.861353 -0.433247 -0.592804 -0.948384 0.31409 0.0437713 -0.188996 0.173781 0.399273 0.900212 0.368857 0.31622 -0.384863 0.867113 0.400795 -0.930002 -0.306262 0.203222 -0.504304 0.187351 -0.87068 -0.45477 0.485867 
1533739416892 0.265011 0.861183 -0.433742 -0.592773 -0.94835 0.314123 0.0442534 -0.189105 0.174359 0.399612 0.89995 0.368883 0.31622 -0.384863 0.867113 0.400795 -0.930002 -0.306262 0.203222 -0.504304 0.187351 -0.87068 -0.45477 0.485867 
1533739416905 0.265074 0.861144 -0.433782 -0.59277 -0.94836 0.31412 0.0440707 -0.189101 0.174211 0.399699 0.89994 0.368897 0.31622 -0.384863 0.867113 0.400795 -0.930002 -0.306262 0.203222 -0.504304 0.187351 -0.87068 -0.45477 0.485867 
1533739416912 0.265139 0.861104 -0.433822 -0.592763 -0.948369 0.314118 0.0438854 -0.189093 0.174061 0.399787 0.899929 0.368907 0.31622 -0.384863 0.867113 0.400795 -0.930002 -0.306262 0.203222 -0.504304 0.187351 -0.87068 -0.45477 0.485867 
1533739416925 0.265204 0.861064 -0.433862 -0.592755 -0.948378 0.314116 0.0436999 -0.189086 0.173911 0.399876 0.899919 0.368917 0.31622 -0.384863 0.867113 0.400795 -0.930002 -0.306262 0.203222 -0.504304 0.187351 -0.87068 -0.45477 0.485867 
1533739416945 0.26527 0.861023 -0.433902 -0.592747 -0.948387 0.314114 0.0435142 -0.189078 0.173761 0.399964 0.899909 0.368927 0.31622 -0.384863 0.867113 0.400795 -0.930002 -0.306262 0.203222 -0.504304 0.187351 -0.87068 -0.45477 0.485867 
1533739416959 0.265335 0.860983 -0.433942 -0.592739 -0.948397 0.314112 0.0433288 -0.18907 0.173612 0.400052 0.899898 0.368937 0.31622 -0.384863 0.867113 0.400795 -0.930002 -0.306262 0.203222 -0.504304 0.187351 -0.87068 -0.45477 0.485867 
1533739416990 0.2654 0.860943 -0.433982 -0.592732 -0.948406 0.31411 0.0431434 -0.189063 0.173462 0.400141 0.899888 0.368947 0.31622 -0.384863 0.867113 0.400795 -0.930002 -0.306262 0.203222 -0.504304 0.187351 -0.87068 -0.45477 0.485867 
1533739417053 0.265466 0.860902 -0.434022 -0.592725 -0.948415 0.314108 0.0429582 -0.189056 0.173313 0.400229 0.899878 0.368958 0.31622 -0.384863 0.867113 0.400795 -0.930002 -0.306262 0.203222 -0.504304 0.187351 -0.87068 -0.45477 0.485867 
1533739417070 0.265531 0.860862 -0.434062 -0.592717 -0.948424 0.314106 0.0427727 -0.189048 0.173163 0.400317 0.899867 0.368968 0.31622 -0.384863 0.867113 0.400795 -0.930002 -0.306262 0.203222 -0.504304 0.187351 -0.87068 -0.45477 0.485867 
1533739417088 0.265596 0.860822 -0.434102 -0.592709 -0.948433 0.314104 0.0425872 -0.18904 0.173013 0.400405 0.899857 0.368978 0.31622 -0.384863 0.867113 0.400795 -0.930002 -0.306262 0.203222 -0.504304 0.187351 -0.87068 -0.45477 0.485867 
1533739417127 0.265469 0.860912 -0.434 -0.592729 -0.948389 0.314167 0.0430937 -0.189156 0.173448 0.400161 0.899881 0.368904 0.31622 -0.384863 0.867113 0.400795 -0.930002 -0.306262 0.203222 -0.504304 0.187351 -0.87068 -0.45477 0.485867 
1533739417138 0.265535 0.860901 -0.433982 -0.592734 -0.94839 0.314182 0.0429707 -0.189144 0.173343 0.400174 0.899896 0.368909 0.31622 -0.384863 0.867113 0.400795 -0.930002 -0.306262 0.203222 -0.504304 0.187351 -0.87068 -0.45477 0.485867 
1533739417154 0.265603 0.860889 -0.433964 -0.592735 -0.94839 0.314197 0.0428455 -0.189129 0.173235 0.400187 0.899911 0.368911 0.31622 -0.384863 0.867113 0.400795 -0.930002 -0.306262 0.203222 -0.504304 0.187351 -0.87068 -0.45477 0.485867 
1533739417171 0.265671 0.860877 -0.433946 -0.592735 -0.948391 0.314213 0.0427201 -0.189113 0.173128 0.400201 0.899925 0.368912 0.31622 -0.384863 0.867113 0.400795 -0.930002 -0.306262 0.203222 -0.504304 0.187351 -0.87068 -0.45477 0.485867 
1533739417190 0.265739 0.860865 -0.433928 -0.592736 -0.948391 0.314228 0.042595 -0.189098 0.173021 0.400214 0.89994 0.368913 0.31622 -0.384863 0.867113 0.400795 -0.930002 -0.306262 0.203222 -0.504304 0.187351 -0.87068 -0.45477 0.485867 
1533739417204 0.265807 0.860853 -0.43391 -0.592737 -0.948392 0.314244 0.0424698 -0.189083 0.172914 0.400228 0.899955 0.368914 0.31622 -0.384863 0.867113 0.400795 -0.930002 -0.306262 0.203222 -0.504304 0.187351 -0.87068 -0.45477 0.485867 
1533739417221 0.265875 0.860841 -0.433892 -0.592738 -0.948392 0.314259 0.0423445 -0.189067 0.172806 0.400241 0.899969 0.368916 0.31622 -0.384863 0.867113 0.400795 -0.930002 -0.306262 0.203222 -0.504304 0.187351 -0.87068 -0.45477 0.485867 
1533739417246 0.265944 0.86083 -0.433874 -0.592738 -0.948393 0.314275 0.0422192 -0.189052 0.172699 0.400255 0.899984 0.368917 0.31622 -0.384863 0.867113 0.400795 -0.930002 -0.306262 0.203222 -0.504304 0.187351 -0.87068 -0.45477 0.485867 
1533739417262 0.266012 0.860818 -0.433856 -0.592739 -0.948393 0.31429 0.0420938 -0.189036 0.172592 0.400268 0.899998 0.368918 0.31622 -0.384863 0.867113 0.400795 -0.930002 -0.306262 0.203222 -0.504304 0.187351 -0.87068 -0.45477 0.485867 
1533739417279 0.26608 0.860806 -0.433838 -0.59274 -0.948394 0.314306 0.0419688 -0.189021 0.172485 0.400282 0.900013 0.36892 0.31622 -0.384863 0.867113 0.400795 -0.930002 -0.306262 0.203222 -0.504304 0.187351 -0.87068 -0.45477 0.485867 
1533739417307 0.265758 0.860778 -0.43409 -0.592715 -0.948375 0.314278 0.0425846 -0.189122 0.173081 0.400363 0.899863 0.368931 0.31622 -0.384863 0.867113 0.400795 -0.930002 -0.306262 0.203222 -0.504304 0.187351 -0.87068 -0.45477 0.485867 
1533739417319 0.26571 0.86068 -0.434313 -0.592718 -0.948379 0.314268 0.0425735 -0.189121 0.173133 0.400581 0.899756 0.368972 0.31622 -0.384863 0.867113 0.400795 -0.930002 -0.306262 0.203222 -0.504304 0.187351 -0.87068 -0.45477 0.485867 
1533739417336 0.265664 0.860581 -0.434537 -0.592714 -0.948383 0.314259 0.0425598 -0.189115 0.173183 0.4008 0.899648 0.369011 0.31622 -0.384863 0.867113 0.400795 -0.930002 -0.306262 0.203222 -0.504304 0.187351 -0.87068 -0.45477 0.485867 
1533739417455 0.265618 0.860483 -0.43476 -0.592711 -0.948386 0.31425 0.0425467 -0.18911 0.173234 0.40102 0.89954 0.369052 0.31622 -0.384863 0.867113 0.400795 -0.930002 -0.306262 0.203222 -0.504304 0.187351 -0.87068 -0.45477 0.485867 
1533739417471 0.265572 0.860384 -0.434984 -0.59271 -0.94839 0.31424 0.0425339 -0.189106 0.173285 0.401239 0.899433 0.369092 0.31622 -0.384863 0.867113 0.400795 -0.930002 -0.306262 0.203222 -0.504304 0.187351 -0.87068 -0.45477 0.485867 
1533739417489 0.265526 0.860285 -0.435208 -0.592706 -0.948394 0.314231 0.0425208 -0.189101 0.173336 0.401458 0.899325 0.369134 0.31622 -0.384863 0.867113 0.400795 -0.930002 -0.306262 0.203222 -0.504304 0.187351 -0.87068 -0.45477 0.485867 
1533739417516 0.26548 0.860186 -0.435432 -0.592703 -0.948397 0.314222 0.0425076 -0.189096 0.173387 0.401678 0.899217 0.369175 0.31622 -0.384863 0.867113 0.400795 -0.930002 -0.306262 0.203222 -0.504304 0.187351 -0.87068 -0.45477 0.485867 
1533739417571 0.265434 0.860087 -0.435656 -0.592701 -0.948401 0.314213 0.0424947 -0.189092 0.173438 0.401897 0.89911 0.369216 0.31622 -0.384863 0.867113 0.400795 -0.930002 -0.306262 0.203222 -0.504304 0.187351 -0.87068 -0.45477 0.485867 
1533739417600 0.265387 0.859988 -0.435879 -0.592699 -0.948405 0.314204 0.0424819 -0.189087 0.173489 0.402116 0.899002 0.369256 0.31622 -0.384863 0.867113 0.400795 -0.930002 -0.306262 0.203222 -0.504304 0.187351 -0.87068 -0.45477 0.485867 
1533739417626 0.265341 0.859888 -0.436103 -0.592695 -0.948408 0.314195 0.0424686 -0.189082 0.17354 0.402335 0.898894 0.369298 0.31622 -0.384863 0.867113 0.400795 -0.930002 -0.306262 0.203222 -0.504304 0.187351 -0.87068 -0.45477 0.485867 
1533739417659 0.265531 0.860122 -0.435527 -0.592728 -0.948385 0.314268 0.042439 -0.18913 0.173375 0.401779 0.899174 0.369079 0.31622 -0.384863 0.867113 0.400795 -0.930002 -0.306262 0.203222 -0.504304 0.187351 -0.87068 -0.45477 0.485867 
1533739417671 0.265515 0.860035 -0.435708 -0.592726 -0.948392 0.314258 0.0423705 -0.189117 0.173365 0.401972 0.89909 0.369107 0.31622 -0.384863 0.867113 0.400795 -0.930002 -0.306262 0.203222 -0.504304 0.187351 -0.87068 -0.45477 0.485867 
1533739417688 0.265499 0.859948 -0.43589 -0.59272 -0.948398 0.314248 0.0423006 -0.1891 0.173354 0.402166 0.899005 0.369137 0.31622 -0.384863 0.867113 0.400795 -0.930002 -0.306262 0.203222 -0.504304 0.187351 -0.87068 -0.45477 0.485867 
1533739417704 0.265483 0.859861 -0.436071 -0.592715 -0.948404 0.314238 0.0422308 -0.189084 0.173343 0.402361 0.898921 0.369167 0.31622 -0.384863 0.867113 0.400795 -0.930002 -0.306262 0.203222 -0.504304 0.187351 -0.87068 -0.45477 0.485867 
1533739417721 0.265467 0.859773 -0.436253 -0.592709 -0.948411 0.314228 0.0421611 -0.189068 0.173332 0.402555 0.898836 0.369197 0.31622 -0.384863 0.867113 0.400795 -0.930002 -0.306262 0.203222 -0.504304 0.187351 -0.87068 -0.45477 0.485867 
1533739417738 0.265451 0.859686 -0.436434 -0.592704 -0.948417 0.314218 0.0420917 -0.189053 0.173321 0.402749 0.898751 0.369227 0.31622 -0.384863 0.867113 0.400795 -0.930002 -0.306262 0.203222 -0.504304 0.187351 -0.87068 -0.45477 0.485867 
1533739417754 0.265435 0.859599 -0.436616 -0.592698 -0.948424 0.314208 0.042022 -0.189036 0.17331 0.402943 0.898666 0.369257 0.31622 -0.384863 0.867113 0.400795 -0.930002 -0.306262 0.203222 -0.504304 0.187351 -0.87068 -0.45477 0.485867 
1533739417771 0.265419 0.859512 -0.436798 -0.592693 -0.94843 0.314197 0.0419525 -0.189021 0.173299 0.403137 0.898581 0.369287 0.31622 -0.384863 0.867113 0.400795 -0.930002 -0.306262 0.203222 -0.504304 0.187351 -0.87068 -0.45477 0.485867 
1533739417788 0.265403 0.859425 -0.436979 -0.592688 -0.948437 0.314187 0.041883 -0.189005 0.173288 0.403331 0.898496 0.369317 0.31622 -0.384863 0.867113 0.400795 -0.930002 -0.306262 0.203222 -0.504304 0.187351 -0.87068 -0.45477 0.485867 
1533739417846 0.265387 0.859337 -0.437161 -0.592681 -0.948443 0.314177 0.0418131 -0.188989 0.173277 0.403526 0.898411 0.369348 0.31622 -0.384863 0.867113 0.400795 -0.930002 -0.306262 0.203222 -0.504304 0.187351 -0.87068 -0.45477 0.485867 
1533739417866 0.265539 0.859684 -0.436386 -0.592703 -0.948367 0.314354 0.0422024 -0.189089 0.17346 0.402648 0.898769 0.369287 0.31622 -0.384863 0.867113 0.400795 -0.930002 -0.306262 0.203222 -0.504304 0.187351 -0.87068 -0.45477 0.485867 
1533739417879 0.265591 0.859712 -0.436298 -0.592703 -0.948365 0.314367 0.0421465 -0.189073 0.173392 0.402577 0.898814 0.369292 0.31622 -0.384863 0.867113 0.400795 -0.930002 -0.306262 0.203222 -0.504304 0.187351 -0.87068 -0.45477 0.485867 
1533739417896 0.265644 0.859733 -0.436226 -0.592707 -0.948363 0.314384 0.0420857 -0.189055 0.173325 0.40252 0.898852 0.369297 0.31622 -0.384863 0.867113 0.400795 -0.930002 -0.306262 0.203222 -0.504304 0.187351 -0.87068 -0.45477 0.485867 
1533739417912 0.265698 0.859753 -0.436153 -0.59271 -0.94836 0.3144 0.0420247 -0.189037 0.173257 0.402464 0.898891 0.369302 0.31622 -0.384863 0.867113 0.400795 -0.930002 -0.306262 0.203222 -0.504304 0.187351 -0.87068 -0.45477 0.485867 
1533739417929 0.265751 0.859773 -0.436081 -0.592713 -0.948357 0.314416 0.0419641 -0.18902 0.17319 0.402409 0.898928 0.369308 0.31622 -0.384863 0.867113 0.400795 -0.930002 -0.306262 0.203222 -0.504304 0.187351 -0.87068 -0.45477 0.485867 
