1532358362150 0.275657 0.633204 -0.723233 -0.604483 -0.8825 0.464965 0.0707247 -0.181741 0.381061 0.618757 0.686973 0.426588 -0.00930234 -0.117641 0.993013 0.417808 -0.996089 0.0883471 0.00113524 -0.495845 -0.0878633 -0.989118 -0.118003 0.447788 
1532358362162 0.300885 -0.138768 0.94351 0.225257 -0.922898 -0.291628 0.25142 -0.486344 0.240265 -0.946412 -0.215815 0.468712 -0.011206 -0.119838 0.99273 0.414704 -0.995937 0.0900536 -0.00037134 -0.495393 -0.0893544 -0.988701 -0.12036 0.446878 
1532358362575 0.242825 0.102786 0.964609 0.16152 -0.925174 -0.274468 0.262144 -0.435487 0.291699 -0.956087 0.0284473 0.461493 -0.0131154 -0.12203 0.99244 0.411601 -0.995779 0.0917636 -0.00187634 -0.49494 -0.0908408 -0.988275 -0.122719 0.445967 
1532358362972 0.185198 0.340052 0.921991 0.0634541 -0.926148 -0.25329 0.279452 -0.39584 0.328559 -0.905654 0.26803 0.437571 -0.0150265 -0.124219 0.992141 0.408497 -0.995616 0.0934764 -0.00337562 -0.494487 -0.0923225 -0.987842 -0.125079 0.445057 
1532358363360 0.108749 0.566676 0.816732 -0.0100477 -0.933954 -0.223137 0.279177 -0.393705 0.340446 -0.793151 0.504984 0.453534 -0.0169419 -0.126404 0.991834 0.405393 -0.995447 0.0951925 -0.00487186 -0.494034 -0.0937993 -0.987401 -0.127441 0.444146 
1532358363772 0.0372286 0.750403 0.659932 -0.098386 -0.940161 -0.197521 0.277637 -0.379776 0.33869 -0.630778 0.698146 0.449359 -0.0188605 -0.128584 0.991519 0.402289 -0.995273 0.0969115 -0.00636396 -0.493581 -0.0952713 -0.986952 -0.129804 0.443235 
1532358364165 -0.0276971 0.888256 0.458513 -0.198397 -0.946596 -0.170708 0.273524 -0.355415 0.321231 -0.426451 0.845547 0.440016 -0.0207822 -0.130761 0.991196 0.399185 -0.995093 0.0986336 -0.00785192 -0.493128 -0.0967385 -0.986495 -0.132169 0.442325 
1532358364552 -0.0860491 0.970276 0.226186 -0.298191 -0.953826 -0.145805 0.262597 -0.330411 0.28777 -0.193145 0.938021 0.431334 -0.0227069 -0.132934 0.990865 0.396082 -0.994908 0.100359 -0.00933546 -0.492676 -0.0982008 -0.986031 -0.134536 0.441414 
1532358364940 -0.133997 0.990741 -0.0218346 -0.397711 -0.961333 -0.124607 0.245585 -0.305255 0.240591 0.053898 0.969129 0.423196 -0.0246343 -0.135103 0.990525 0.392981 -0.994717 0.102087 -0.0108144 -0.492228 -0.0996582 -0.985558 -0.136904 0.440506 
1532358365306 -0.168046 0.94835 -0.269058 -0.493234 -0.968645 -0.108189 0.223654 -0.280336 0.182994 0.298206 0.936796 0.414797 -0.0265656 -0.137264 0.990178 0.389959 -0.994521 0.103816 -0.0122905 -0.491854 -0.101109 -0.985079 -0.13927 0.439626 
1532358365687 -0.168046 0.94835 -0.269058 -0.493234 -0.968645 -0.108189 0.223654 -0.280336 0.182994 0.298206 0.936796 0.414797 -0.0266178 -0.137177 0.990189 0.389932 -0.994521 0.103805 -0.0123535 -0.491895 -0.101092 -0.985092 -0.139188 0.439614 
1532358365700 0.280755 -0.14415 0.948893 0.287768 -0.928413 -0.291475 0.230416 -0.485421 0.243364 -0.945655 -0.215663 0.482452 -0.0268066 -0.137396 0.990153 0.389617 -0.994501 0.103976 -0.0124964 -0.491838 -0.101235 -0.985044 -0.139428 0.439523 
1532358365920 0.230219 0.100587 0.967926 0.201887 -0.928641 -0.274625 0.249414 -0.456571 0.290905 -0.956276 0.0301848 0.473161 -0.0269952 -0.137622 0.990117 0.3893 -0.994481 0.104151 -0.0126376 -0.49178 -0.101383 -0.984994 -0.139674 0.43943 
1532358366165 0.170645 0.342906 0.92374 0.101621 -0.930795 -0.251472 0.265299 -0.431197 0.323267 -0.905084 0.276262 0.465824 -0.0271835 -0.137847 0.99008 0.388984 -0.994461 0.104326 -0.0127786 -0.491722 -0.10153 -0.984944 -0.13992 0.439337 
1532358366342 0.105023 0.564008 0.819064 0.00120971 -0.934666 -0.225325 0.275005 -0.405891 0.339661 -0.794433 0.503494 0.457314 -0.0273718 -0.138073 0.990044 0.388668 -0.994441 0.104502 -0.0129195 -0.491664 -0.101677 -0.984894 -0.140166 0.439243 
1532358366348 0.0375019 0.749589 0.66084 -0.0987905 -0.940025 -0.197903 0.277826 -0.380798 0.339037 -0.631625 0.697211 0.447832 -0.0275602 -0.138298 0.990007 0.388352 -0.99442 0.104677 -0.0130602 -0.491606 -0.101825 -0.984843 -0.140412 0.43915 
1532358366516 -0.0276228 0.888121 0.458779 -0.198535 -0.946572 -0.170761 0.273572 -0.355532 0.321307 -0.426711 0.845387 0.439595 -0.0277484 -0.138524 0.98997 0.388035 -0.9944 0.104853 -0.0132008 -0.491547 -0.101973 -0.984793 -0.140658 0.439056 
1532358366739 -0.0860291 0.970274 0.226203 -0.298229 -0.953825 -0.145793 0.262606 -0.330328 0.287779 -0.193166 0.938014 0.431354 -0.0279368 -0.138749 0.989933 0.387719 -0.99438 0.105029 -0.0133415 -0.491489 -0.10212 -0.984742 -0.140904 0.438963 
1532358366968 -0.134011 0.990739 -0.0218391 -0.39775 -0.961334 -0.124621 0.245575 -0.305195 0.240579 0.0539045 0.969132 0.423216 -0.0281249 -0.138975 0.989896 0.387403 -0.994359 0.105204 -0.0134818 -0.491432 -0.102267 -0.984692 -0.14115 0.438869 
1532358367174 -0.168354 0.948258 -0.26919 -0.493437 -0.968609 -0.108471 0.223675 -0.280353 0.182902 0.298397 0.936753 0.414453 -0.0283136 -0.139199 0.98986 0.387095 -0.994339 0.105379 -0.0136227 -0.491382 -0.102414 -0.984641 -0.141395 0.438779 
1532358367400 -0.168354 0.948258 -0.26919 -0.493437 -0.968609 -0.108471 0.223675 -0.280353 0.182902 0.298397 0.936753 0.414453 -0.0283222 -0.1391 0.989873 0.38706 -0.994344 0.105322 -0.0136499 -0.491367 -0.102357 -0.984662 -0.141296 0.438832 
1532358367411 0.28086 -0.144209 0.948853 0.288043 -0.928369 -0.291562 0.230484 -0.483955 0.243412 -0.945619 -0.215767 0.481724 -0.0237936 -0.13762 0.990199 0.386908 -0.994602 0.103323 -0.00953933 -0.491524 -0.100998 -0.985081 -0.139335 0.438882 
1532358367709 0.230386 0.100464 0.967899 0.201488 -0.928601 -0.274647 0.24954 -0.456577 0.2909 -0.956282 0.030016 0.473433 -0.0192653 -0.13613 0.990504 0.386755 -0.994838 0.101329 -0.00542347 -0.491681 -0.0996282 -0.985495 -0.137379 0.438931 
1532358368024 0.170719 0.342841 0.92375 0.101413 -0.930775 -0.251486 0.265354 -0.431262 0.323285 -0.905105 0.276175 0.465959 -0.0147395 -0.134631 0.990786 0.386603 -0.995053 0.0993409 -0.00130427 -0.491837 -0.09825 -0.985904 -0.135429 0.438981 
1532358368317 0.105057 0.563968 0.819086 0.00111833 -0.934654 -0.225339 0.275033 -0.40593 0.339682 -0.794457 0.503442 0.457344 -0.0102155 -0.133122 0.991047 0.386451 -0.995245 0.097359 0.00281895 -0.491994 -0.0968626 -0.986306 -0.133484 0.43903 
1532358368324 0.0375184 0.749587 0.660842 -0.0987622 -0.940026 -0.19789 0.277833 -0.380778 0.339034 -0.631632 0.697207 0.447782 -0.0056934 -0.131604 0.991286 0.386299 -0.995416 0.095383 0.00694606 -0.492151 -0.095466 -0.986703 -0.131544 0.43908 
1532358368654 -0.027607 0.888123 0.458776 -0.198486 -0.946571 -0.170749 0.273585 -0.355503 0.321313 -0.426711 0.845385 0.439569 -0.00117323 -0.130077 0.991503 0.386146 -0.995566 0.0934131 0.011077 -0.492307 -0.0940602 -0.987094 -0.12961 0.439129 
1532358369042 -0.0860265 0.970274 0.226204 -0.298203 -0.953822 -0.145793 0.262619 -0.330305 0.287791 -0.193166 0.93801 0.431364 0.00334446 -0.12854 0.991699 0.385994 -0.995694 0.0914496 0.0152113 -0.492464 -0.0926457 -0.987479 -0.127681 0.439179 
1532358369349 -0.134026 0.990737 -0.021839 -0.397753 -0.96133 -0.124634 0.245584 -0.305179 0.240587 0.053909 0.969129 0.423237 0.00785973 -0.126994 0.991872 0.385842 -0.9958 0.0894915 0.0193489 -0.492619 -0.0912214 -0.987858 -0.125758 0.439228 
1532358369634 -0.168508 0.948228 -0.269201 -0.493507 -0.96858 -0.108606 0.223737 -0.280366 0.182917 0.298444 0.936735 0.414331 0.0123587 -0.125444 0.992024 0.385703 -0.995884 0.0875424 0.0234768 -0.492746 -0.0897891 -0.988231 -0.123845 0.439278 
1532358369931 -0.168508 0.948228 -0.269201 -0.493507 -0.96858 -0.108606 0.223737 -0.280366 0.182917 0.298444 0.936735 0.414331 0.0123697 -0.125487 0.992018 0.385727 -0.995877 0.0876169 0.0235011 -0.492729 -0.0898666 -0.988219 -0.123886 0.439283 
1532358369945 0.280904 -0.144206 0.94884 0.288147 -0.928348 -0.2916 0.23052 -0.483438 0.243439 -0.945608 -0.215785 0.481311 0.0134353 -0.124616 0.992114 0.385718 -0.995891 0.0872035 0.0244398 -0.492632 -0.0895614 -0.988366 -0.122932 0.439344 
1532358369951 0.230428 0.100432 0.967893 0.201402 -0.928592 -0.274648 0.24957 -0.456587 0.290894 -0.956286 0.0299733 0.473479 0.0145016 -0.123744 0.992208 0.38571 -0.995903 0.0867909 0.0253799 -0.492535 -0.0892553 -0.988511 -0.121979 0.439404 
1532358370171 0.170727 0.342832 0.923753 0.101394 -0.930773 -0.251487 0.265359 -0.431273 0.323285 -0.905108 0.276163 0.465962 0.0155677 -0.122872 0.9923 0.385702 -0.995915 0.0863791 0.0263203 -0.492438 -0.0889481 -0.988656 -0.121026 0.439465 
1532358370405 0.105066 0.563956 0.819094 0.00111042 -0.934651 -0.225344 0.275041 -0.405939 0.339689 -0.794464 0.503426 0.457331 0.0166336 -0.122 0.992391 0.385693 -0.995925 0.0859681 0.0272613 -0.492341 -0.0886398 -0.9888 -0.120073 0.439526 
1532358370593 0.0375282 0.749589 0.660839 -0.0987292 -0.940027 -0.197879 0.277837 -0.380762 0.339029 -0.631633 0.697208 0.447746 0.0176994 -0.121126 0.992479 0.385684 -0.995934 0.0855577 0.0282028 -0.492244 -0.0883304 -0.988943 -0.11912 0.439587 
1532358370823 -0.0276005 0.888124 0.458774 -0.198454 -0.946568 -0.170746 0.273594 -0.355486 0.32132 -0.42671 0.845383 0.439553 0.018765 -0.120253 0.992566 0.385676 -0.995942 0.0851481 0.0291448 -0.492147 -0.0880198 -0.989085 -0.118167 0.439647 
1532358371068 -0.0860301 0.970273 0.226205 -0.298191 -0.953818 -0.145799 0.262629 -0.330295 0.287802 -0.193164 0.938007 0.431374 0.0198301 -0.119378 0.992651 0.385667 -0.995949 0.0847394 0.0300869 -0.49205 -0.0877083 -0.989226 -0.117214 0.439708 
1532358371256 -0.134034 0.990736 -0.0218383 -0.397759 -0.961327 -0.124642 0.24559 -0.305173 0.240593 0.0539113 0.969128 0.423252 0.0208948 -0.118504 0.992734 0.385659 -0.995955 0.0843315 0.0310293 -0.491953 -0.0873958 -0.989366 -0.116262 0.439769 
1532358371467 -0.168562 0.948217 -0.269205 -0.49354 -0.968567 -0.10865 0.223769 -0.280383 0.182933 0.298462 0.936726 0.414253 0.0219567 -0.117631 0.992815 0.385654 -0.995959 0.0839249 0.0319698 -0.491857 -0.0870825 -0.989505 -0.115313 0.439833 
1532358371642 -0.168562 0.948217 -0.269205 -0.49354 -0.968567 -0.10865 0.223769 -0.280383 0.182933 0.298462 0.936726 0.414253 0.0218582 -0.117734 0.992805 0.385646 -0.99596 0.0839517 0.0318833 -0.491891 -0.0871013 -0.98949 -0.115424 0.439817 
1532358371655 0.280953 -0.144226 0.948823 0.288128 -0.92833 -0.291629 0.230556 -0.483092 0.243452 -0.945596 -0.215823 0.481115 0.0221386 -0.118721 0.992681 0.385799 -0.995896 0.0845372 0.0323207 -0.491911 -0.0877556 -0.989322 -0.116362 0.440055 
1532358371893 0.23049 0.100383 0.967883 0.201255 -0.928577 -0.274659 0.249615 -0.456601 0.290895 -0.956288 0.0299073 0.47359 0.0224186 -0.119709 0.992556 0.385951 -0.995832 0.0851229 0.032759 -0.491931 -0.0884108 -0.989153 -0.117302 0.440292 
1532358372083 0.170765 0.342797 0.923758 0.10129 -0.930762 -0.251497 0.265388 -0.43131 0.323296 -0.905119 0.276115 0.466031 0.0226979 -0.120698 0.99243 0.386104 -0.995767 0.085708 0.0331979 -0.49195 -0.0890661 -0.988982 -0.118242 0.440529 
1532358372283 0.105095 0.563921 0.819115 0.001037 -0.93464 -0.22536 0.275067 -0.405981 0.339712 -0.794485 0.503378 0.45736 0.0229765 -0.121686 0.992303 0.386256 -0.995702 0.0862925 0.0336373 -0.49197 -0.0897215 -0.98881 -0.119181 0.440767 
1532358372498 0.0375279 0.749594 0.660833 -0.0987316 -0.940018 -0.197894 0.277857 -0.380768 0.339055 -0.631622 0.697205 0.447834 0.0232542 -0.122674 0.992175 0.386409 -0.995636 0.0868762 0.0340769 -0.49199 -0.0903767 -0.988637 -0.120118 0.441005 
1532358372708 -0.0276014 0.888124 0.458774 -0.198436 -0.946564 -0.170753 0.273605 -0.355472 0.321332 -0.426708 0.845379 0.439552 0.0235316 -0.123663 0.992045 0.386562 -0.99557 0.08746 0.0345175 -0.49201 -0.0910329 -0.988463 -0.121057 0.441242 
1532358372892 -0.0860343 0.970272 0.226207 -0.298194 -0.953815 -0.145805 0.262635 -0.330288 0.28781 -0.193164 0.938005 0.431389 0.0238082 -0.124652 0.991915 0.386714 -0.995503 0.0880431 0.0349585 -0.49203 -0.0916889 -0.988287 -0.121995 0.441479 
1532358373086 -0.134039 0.990735 -0.0218372 -0.39777 -0.961326 -0.124647 0.245592 -0.305169 0.240595 0.0539115 0.969127 0.423263 0.0240842 -0.12564 0.991784 0.386867 -0.995436 0.0886257 0.0354 -0.492049 -0.0923452 -0.988109 -0.122932 0.441716 
1532358373093 -0.168584 0.948212 -0.269209 -0.493562 -0.968562 -0.108667 0.223785 -0.280397 0.182942 0.298472 0.936721 0.414184 0.0243589 -0.126625 0.991652 0.387016 -0.995368 0.0892071 0.0358411 -0.492058 -0.0930007 -0.987931 -0.123865 0.441941 
1532358373275 -0.168584 0.948212 -0.269209 -0.493562 -0.968562 -0.108667 0.223785 -0.280397 0.182942 0.298472 0.936721 0.414184 0.0241039 -0.125624 0.991785 0.386871 -0.995433 0.0886495 0.0354213 -0.49204 -0.092371 -0.988109 -0.122913 0.441665 
1532358373499 0.280998 -0.144242 0.948807 0.288096 -0.928313 -0.291654 0.23059 -0.482819 0.243463 -0.945586 -0.215856 0.48095 0.023802 -0.125977 0.991748 0.387023 -0.995449 0.0885745 0.0351421 -0.492026 -0.0922707 -0.988071 -0.123296 0.4418 
1532358373715 0.230541 0.100342 0.967875 0.201134 -0.928564 -0.274668 0.249653 -0.456615 0.290895 -0.956289 0.0298515 0.473683 0.0234995 -0.126332 0.99171 0.387174 -0.995466 0.0884995 0.0348622 -0.492012 -0.09217 -0.988032 -0.123679 0.441935 
1532358373945 0.170797 0.342767 0.923763 0.101203 -0.930753 -0.251505 0.265412 -0.431343 0.323306 -0.905127 0.276076 0.466091 0.0231973 -0.126686 0.991672 0.387326 -0.995482 0.0884245 0.0345827 -0.491998 -0.0920692 -0.987994 -0.124062 0.442071 
1532358374124 0.105117 0.563893 0.819131 0.000973603 -0.934631 -0.225373 0.275087 -0.406017 0.339729 -0.794501 0.503341 0.457391 0.022895 -0.12704 0.991633 0.387477 -0.995499 0.0883496 0.0343029 -0.491984 -0.0919683 -0.987955 -0.124446 0.442206 
1532358374290 0.0375321 0.749599 0.660828 -0.0987654 -0.940009 -0.197905 0.277879 -0.380786 0.339079 -0.631613 0.697202 0.447976 0.0225927 -0.127395 0.991595 0.387629 -0.995515 0.0882749 0.0340231 -0.49197 -0.0918673 -0.987916 -0.124829 0.442341 
1532358374461 -0.0276042 0.888124 0.458774 -0.198421 -0.94656 -0.17076 0.273615 -0.355467 0.321344 -0.426704 0.845377 0.439557 0.0222903 -0.127749 0.991556 0.387781 -0.995531 0.0882003 0.0337432 -0.491956 -0.0917662 -0.987877 -0.125212 0.442476 
1532358374647 -0.0860376 0.970272 0.226209 -0.298197 -0.953813 -0.14581 0.262641 -0.330284 0.287817 -0.193164 0.938003 0.431402 0.0219882 -0.128104 0.991517 0.387932 -0.995547 0.0881257 0.0334633 -0.491942 -0.0916649 -0.987838 -0.125595 0.442611 
1532358374855 -0.134042 0.990735 -0.0218363 -0.397779 -0.961325 -0.12465 0.245593 -0.305167 0.240596 0.0539115 0.969127 0.423273 0.021686 -0.128458 0.991478 0.388084 -0.995563 0.0880512 0.0331834 -0.491928 -0.0915635 -0.987798 -0.125978 0.442746 
1532358375019 -0.1686 0.948208 -0.269212 -0.493579 -0.968557 -0.108678 0.223798 -0.280408 0.18295 0.29848 0.936717 0.414128 0.0213852 -0.128811 0.991439 0.38823 -0.995579 0.0879767 0.0329047 -0.491911 -0.0914619 -0.987759 -0.12636 0.442877 
1532358375201 -0.1686 0.948208 -0.269212 -0.493579 -0.968557 -0.108678 0.223798 -0.280408 0.18295 0.29848 0.936717 0.414128 0.02131 -0.128706 0.991454 0.388154 -0.995574 0.0880587 0.0328299 -0.491936 -0.0915316 -0.987765 -0.12626 0.442907 
1532358375214 0.281038 -0.144255 0.948793 0.288061 -0.928299 -0.291676 0.230621 -0.482601 0.243472 -0.945577 -0.215884 0.480812 0.0214008 -0.127283 0.991636 0.38823 -0.995712 0.0865689 0.0326005 -0.49194 -0.0899943 -0.988081 -0.124884 0.442783 
1532358375221 0.230583 0.100307 0.967869 0.201035 -0.928554 -0.274675 0.249683 -0.456628 0.290895 -0.956291 0.0298053 0.47376 0.0214901 -0.125858 0.991815 0.388306 -0.995848 0.0850792 0.0323738 -0.491944 -0.0884574 -0.988393 -0.123508 0.442659 
1532358375466 0.170823 0.342744 0.923767 0.101134 -0.930746 -0.251511 0.265431 -0.43137 0.323313 -0.905135 0.276044 0.466139 0.0215771 -0.124434 0.991993 0.388382 -0.995982 0.0835886 0.0321491 -0.491948 -0.0869197 -0.988701 -0.12213 0.442535 
1532358375801 0.105134 0.563871 0.819143 0.000924356 -0.934624 -0.225382 0.275102 -0.406044 0.339743 -0.794514 0.503312 0.457415 0.021662 -0.123009 0.992169 0.388458 -0.996113 0.0820976 0.0319265 -0.491952 -0.085382 -0.989004 -0.120752 0.442411 
1532358376054 0.0375375 0.749602 0.660824 -0.0987929 -0.940003 -0.197911 0.277895 -0.3808 0.339094 -0.631608 0.697199 0.448077 0.0217446 -0.121583 0.992343 0.388534 -0.996242 0.0806061 0.0317059 -0.491957 -0.0838439 -0.989303 -0.119373 0.442287 
1532358376060 -0.0276058 0.888125 0.458773 -0.198407 -0.946557 -0.170766 0.273623 -0.355463 0.321354 -0.426701 0.845374 0.439558 0.021825 -0.120158 0.992515 0.388609 -0.996368 0.0791145 0.0314876 -0.491961 -0.0823058 -0.989597 -0.117994 0.442163 
1532358376272 -0.08604 0.970271 0.22621 -0.298197 -0.953811 -0.145814 0.262646 -0.330283 0.287823 -0.193163 0.938001 0.431411 0.0219032 -0.118731 0.992685 0.388685 -0.996492 0.0776222 0.0312713 -0.491965 -0.0807672 -0.989888 -0.116615 0.442039 
1532358376562 -0.134044 0.990735 -0.0218355 -0.397787 -0.961325 -0.124652 0.245595 -0.305166 0.240598 0.0539115 0.969127 0.423281 0.0219792 -0.117305 0.992853 0.388761 -0.996614 0.0761287 0.031057 -0.491969 -0.0792278 -0.990174 -0.115234 0.441915 
1532358376569 -0.168613 0.948205 -0.269215 -0.493591 -0.968554 -0.108687 0.22381 -0.280418 0.182957 0.298487 0.936714 0.414082 0.0220529 -0.115882 0.993018 0.388834 -0.996734 0.0746367 0.0308453 -0.491977 -0.0776901 -0.990455 -0.113858 0.441803 
1532358376812 -0.168613 0.948205 -0.269215 -0.493591 -0.968554 -0.108687 0.22381 -0.280418 0.182957 0.298487 0.936714 0.414082 0.0219449 -0.117166 0.99287 0.388744 -0.996614 0.0761501 0.0310139 -0.491997 -0.079241 -0.990189 -0.115098 0.441965 
1532358376829 0.281073 -0.144265 0.948781 0.288025 -0.928286 -0.291695 0.230648 -0.482429 0.24348 -0.945569 -0.215907 0.480699 0.0226369 -0.117102 0.992862 0.388828 -0.996515 0.0771085 0.0318147 -0.492133 -0.0802836 -0.990122 -0.114949 0.441983 
1532358377016 0.230618 0.100279 0.967863 0.200954 -0.928545 -0.274681 0.249709 -0.456641 0.290895 -0.956292 0.0297666 0.473825 0.0233306 -0.11704 0.992853 0.388913 -0.996414 0.0780669 0.032617 -0.49227 -0.0813265 -0.990054 -0.114799 0.442001 
1532358377206 0.170844 0.342725 0.923771 0.101078 -0.93074 -0.251516 0.265447 -0.431392 0.323319 -0.90514 0.276018 0.466178 0.0240236 -0.116978 0.992844 0.388997 -0.996312 0.0790251 0.0334184 -0.492406 -0.0823688 -0.989985 -0.114648 0.442018 
1532358377409 0.105148 0.563855 0.819153 0.000884619 -0.934618 -0.22539 0.275114 -0.406067 0.339753 -0.794523 0.503289 0.457434 0.0247171 -0.116917 0.992834 0.389082 -0.996209 0.0799832 0.03422 -0.492542 -0.0834109 -0.989916 -0.114497 0.442036 
1532358377598 0.0375425 0.749603 0.660822 -0.0988159 -0.939999 -0.197914 0.277907 -0.380811 0.339106 -0.631605 0.697196 0.448155 0.0254108 -0.116856 0.992824 0.389166 -0.996103 0.0809413 0.0350216 -0.492679 -0.0844529 -0.989845 -0.114344 0.442054 
1532358377806 -0.0276063 0.888125 0.458771 -0.198396 -0.946554 -0.170769 0.27363 -0.355461 0.321362 -0.426698 0.845373 0.439558 0.0261047 -0.116797 0.992813 0.38925 -0.995997 0.0818993 0.0358232 -0.492815 -0.0854947 -0.989773 -0.114191 0.442072 
1532358378017 -0.0860414 0.970271 0.22621 -0.298197 -0.953809 -0.145816 0.262651 -0.330283 0.287827 -0.193162 0.938 0.431419 0.0267983 -0.116738 0.992801 0.389335 -0.995888 0.0828572 0.0366243 -0.492951 -0.0865362 -0.9897 -0.114037 0.44209 
1532358378216 -0.134046 0.990735 -0.021835 -0.397792 -0.961324 -0.124654 0.245596 -0.305167 0.240599 0.0539117 0.969126 0.423288 0.0274914 -0.116679 0.992789 0.389419 -0.995778 0.0838151 0.0374246 -0.493087 -0.0875774 -0.989627 -0.113882 0.442107 
1532358378406 -0.168622 0.948203 -0.269218 -0.4936 -0.968551 -0.108693 0.223819 -0.280426 0.182964 0.298492 0.936711 0.414045 0.0281831 -0.116621 0.992776 0.389502 -0.995667 0.0847725 0.0382234 -0.493211 -0.0886178 -0.989552 -0.113727 0.44212 
1532358378629 -0.168622 0.948203 -0.269218 -0.4936 -0.968551 -0.108693 0.223819 -0.280426 0.182964 0.298492 0.936711 0.414045 0.028116 -0.116694 0.99277 0.389517 -0.995658 0.0848986 0.0381771 -0.493248 -0.0887398 -0.989533 -0.1138 0.442061 
1532358378642 0.281103 -0.144274 0.948771 0.287991 -0.928276 -0.29171 0.230672 -0.482292 0.243486 -0.945563 -0.215927 0.480606 0.0272162 -0.120075 0.992392 0.389646 -0.995595 0.0858525 0.0376918 -0.49321 -0.0897251 -0.989046 -0.11721 0.442575 
1532358378929 0.230646 0.100255 0.967859 0.200888 -0.928538 -0.274687 0.249729 -0.456652 0.290895 -0.956293 0.0297348 0.473877 0.0263119 -0.123455 0.992001 0.389776 -0.99553 0.0868082 0.0372089 -0.493172 -0.0907075 -0.988546 -0.120619 0.443088 
1532358379234 0.17086 0.342709 0.923773 0.101032 -0.930736 -0.251521 0.26546 -0.43141 0.323323 -0.905145 0.275997 0.466211 0.0254043 -0.126833 0.991599 0.389905 -0.995464 0.087766 0.0367293 -0.493134 -0.0916871 -0.988034 -0.124028 0.443602 
1532358379607 0.105159 0.563841 0.819161 0.000852753 -0.934614 -0.225396 0.275124 -0.406085 0.339761 -0.794531 0.503271 0.45745 0.0244933 -0.130209 0.991184 0.390034 -0.995396 0.088725 0.0362529 -0.493095 -0.0926633 -0.987509 -0.127436 0.444115 
1532358379940 0.0375466 0.749604 0.66082 -0.0988349 -0.939995 -0.197917 0.277917 -0.38082 0.339115 -0.631603 0.697193 0.448214 0.023579 -0.133582 0.990757 0.390164 -0.995327 0.0896857 0.0357799 -0.493057 -0.0936363 -0.986971 -0.130843 0.444629 
1532358380208 -0.0276061 0.888126 0.45877 -0.198387 -0.946552 -0.170771 0.273635 -0.355459 0.321367 -0.426696 0.845372 0.439556 0.0226612 -0.136952 0.990318 0.390293 -0.995257 0.0906476 0.0353099 -0.493019 -0.0946058 -0.986421 -0.134248 0.445142 
1532358380477 -0.0860423 0.970271 0.22621 -0.298197 -0.953808 -0.145818 0.262654 -0.330283 0.287831 -0.193162 0.937999 0.431424 0.0217402 -0.14032 0.989868 0.390422 -0.995185 0.0916114 0.0348434 -0.492981 -0.0955723 -0.985859 -0.137652 0.445656 
1532358380809 -0.134047 0.990734 -0.0218346 -0.397796 -0.961323 -0.124655 0.245598 -0.305168 0.240601 0.0539118 0.969126 0.423293 0.0208158 -0.143685 0.989404 0.390551 -0.995112 0.0925766 0.0343802 -0.492941 -0.0965357 -0.985284 -0.141056 0.446168 
1532358380817 -0.16863 0.948201 -0.269221 -0.493607 -0.968549 -0.108698 0.223827 -0.280433 0.182969 0.298497 0.936708 0.414016 0.0198912 -0.147037 0.988931 0.390676 -0.995037 0.0935417 0.033922 -0.49289 -0.0974941 -0.984698 -0.144446 0.446651 
1532358381385 -0.16863 0.948201 -0.269221 -0.493607 -0.968549 -0.108698 0.223827 -0.280433 0.182969 0.298497 0.936708 0.414016 0.0208866 -0.143528 0.989426 0.390558 -0.995117 0.0925036 0.0344255 -0.492917 -0.0964664 -0.985314 -0.140895 0.446213 
1532358381697 0.281128 -0.144281 0.948762 0.287961 -0.928267 -0.291723 0.230692 -0.482185 0.243492 -0.945558 -0.215943 0.480531 0.0202387 -0.143997 0.989371 0.390675 -0.994969 0.0942163 0.0340658 -0.492896 -0.0981202 -0.985083 -0.141365 0.446348 
1532358381941 0.23067 0.100235 0.967856 0.200835 -0.928532 -0.274691 0.249746 -0.456661 0.290895 -0.956294 0.029709 0.47392 0.0195899 -0.144465 0.989316 0.390792 -0.994817 0.0959287 0.0337068 -0.492874 -0.0997732 -0.984849 -0.141837 0.446482 
1532358382186 0.170874 0.342697 0.923775 0.100996 -0.930732 -0.251524 0.26547 -0.431425 0.323327 -0.905149 0.27598 0.466237 0.0189401 -0.144933 0.98926 0.39091 -0.994663 0.0976412 0.0333486 -0.492853 -0.101426 -0.984612 -0.14231 0.446617 
1532358382421 0.105168 0.563831 0.819167 0.00082758 -0.934611 -0.2254 0.275131 -0.406099 0.339768 -0.794537 0.503258 0.457463 0.0182896 -0.1454 0.989204 0.391027 -0.994505 0.0993535 0.0329912 -0.492832 -0.103078 -0.984372 -0.142784 0.446751 
1532358382647 0.0375493 0.749605 0.660819 -0.0988507 -0.939993 -0.197919 0.277924 -0.380829 0.339122 -0.631601 0.697192 0.448262 0.0176382 -0.145865 0.989147 0.391144 -0.994344 0.101066 0.0326346 -0.492811 -0.104729 -0.984129 -0.143258 0.446885 
1532358382866 -0.0276066 0.888128 0.458766 -0.198398 -0.946548 -0.170776 0.273647 -0.355468 0.32138 -0.42669 0.84537 0.439604 0.0169863 -0.146329 0.98909 0.391261 -0.99418 0.102778 0.032279 -0.492789 -0.10638 -0.983882 -0.143732 0.44702 
1532358383118 -0.0860431 0.970271 0.22621 -0.298197 -0.953807 -0.145819 0.262657 -0.330284 0.287835 -0.193161 0.937998 0.431429 0.0163334 -0.146793 0.989032 0.391378 -0.994014 0.104489 0.031924 -0.492768 -0.108029 -0.983633 -0.144207 0.447154 
1532358383340 -0.134048 0.990734 -0.0218344 -0.397799 -0.961323 -0.124656 0.245599 -0.305169 0.240602 0.0539121 0.969125 0.423297 0.0156797 -0.147255 0.988974 0.391495 -0.993843 0.106201 0.0315699 -0.492747 -0.109679 -0.983381 -0.144683 0.447289 
1532358383597 -0.168635 0.948199 -0.269223 -0.493612 -0.968547 -0.108701 0.223833 -0.280439 0.182974 0.298502 0.936706 0.413993 0.0150271 -0.147713 0.988916 0.391609 -0.99367 0.107912 0.0312179 -0.492726 -0.111327 -0.983126 -0.145157 0.447416 
1532358383842 -0.168635 0.948199 -0.269223 -0.493612 -0.968547 -0.108701 0.223833 -0.280439 0.182974 0.298502 0.936706 0.413993 0.0150121 -0.147876 0.988892 0.391616 -0.993666 0.107944 0.0312262 -0.492736 -0.111363 -0.983098 -0.145318 0.447359 
1532358383855 0.281149 -0.144286 0.948756 0.287935 -0.928259 -0.291734 0.230708 -0.482101 0.243496 -0.945554 -0.215955 0.48047 0.0160275 -0.144508 0.989374 0.391679 -0.994098 0.103883 0.0312772 -0.492797 -0.107299 -0.984035 -0.14199 0.446926 
1532358384170 0.230687 0.10022 0.967853 0.200795 -0.928528 -0.274694 0.249759 -0.456669 0.290895 -0.956294 0.0296889 0.473954 0.0170296 -0.141135 0.989844 0.391742 -0.994512 0.0998208 0.0313426 -0.492858 -0.103231 -0.984945 -0.13866 0.446493 
1532358384523 0.170884 0.342688 0.923777 0.100968 -0.930729 -0.251526 0.265477 -0.431436 0.32333 -0.905152 0.275968 0.466257 0.0180178 -0.137755 0.990302 0.391805 -0.994909 0.0957559 0.0314217 -0.492919 -0.0991558 -0.985827 -0.135329 0.44606 
1532358384839 0.105173 0.563824 0.819171 0.000810688 -0.934609 -0.225402 0.275136 -0.406108 0.339771 -0.794541 0.503249 0.457472 0.018992 -0.134371 0.990749 0.391868 -0.995289 0.09169 0.0315145 -0.49298 -0.0950765 -0.98668 -0.131996 0.445627 
1532358385166 0.0375506 0.749605 0.660819 -0.0988607 -0.939991 -0.197921 0.277927 -0.380835 0.339125 -0.631601 0.697191 0.44829 0.0199522 -0.13098 0.991184 0.391931 -0.995652 0.0876229 0.031621 -0.493041 -0.0909922 -0.987505 -0.128662 0.445194 
1532358385493 -0.0276049 0.888129 0.458764 -0.198414 -0.946545 -0.170778 0.273657 -0.355475 0.321389 -0.426687 0.845368 0.439649 0.0208983 -0.127584 0.991608 0.391994 -0.995998 0.0835547 0.0317413 -0.493102 -0.0869032 -0.988302 -0.125328 0.444761 
1532358385830 -0.0860438 0.970271 0.226209 -0.298195 -0.953806 -0.14582 0.262661 -0.330286 0.287838 -0.19316 0.937997 0.431432 0.0218303 -0.124183 0.992019 0.392057 -0.996326 0.0794859 0.0318753 -0.493163 -0.0828099 -0.989071 -0.121992 0.444328 
1532358386166 -0.134049 0.990734 -0.0218346 -0.3978 -0.961322 -0.124657 0.245601 -0.305171 0.240604 0.0539128 0.969125 0.4233 0.0227482 -0.120778 0.992419 0.39212 -0.996638 0.0754155 0.032023 -0.493225 -0.0787115 -0.989811 -0.118656 0.443896 
1532358386172 -0.16864 0.948197 -0.269226 -0.493615 -0.968545 -0.108704 0.223839 -0.280444 0.182978 0.298505 0.936704 0.413976 0.0236497 -0.117378 0.992806 0.392181 -0.996932 0.071349 0.0321835 -0.49329 -0.0746133 -0.990521 -0.11533 0.443494 
1532358386493 -0.16864 0.948197 -0.269226 -0.493615 -0.968545 -0.108704 0.223839 -0.280444 0.182978 0.298505 0.936704 0.413976 0.0228136 -0.120761 0.992419 0.392116 -0.996627 0.0755243 0.0321003 -0.493215 -0.0788282 -0.989804 -0.118631 0.443906 
1532358386509 0.28115 -0.144278 0.948756 0.287952 -0.928257 -0.291738 0.23071 -0.482045 0.243502 -0.945554 -0.215949 0.480418 0.023412 -0.122031 0.99225 0.392275 -0.996658 0.074844 0.0327206 -0.493341 -0.0782569 -0.9897 -0.119871 0.444109 
1532358386785 0.230701 0.100209 0.967851 0.200764 -0.928524 -0.274697 0.249768 -0.456674 0.290894 -0.956295 0.029674 0.473978 0.0240117 -0.1233 0.992079 0.392433 -0.996689 0.0741617 0.0333405 -0.493466 -0.0776852 -0.989594 -0.121111 0.444311 
1532358386991 0.170891 0.342681 0.923778 0.100949 -0.930727 -0.251528 0.265482 -0.431444 0.323332 -0.905154 0.275959 0.466272 0.024612 -0.124569 0.991906 0.392592 -0.996718 0.0734787 0.0339593 -0.493592 -0.0771142 -0.989486 -0.122352 0.444514 
1532358387204 0.105177 0.56382 0.819173 0.000798922 -0.934608 -0.225404 0.275139 -0.406114 0.339774 -0.794544 0.503243 0.457479 0.0252129 -0.125837 0.991731 0.392751 -0.996747 0.072795 0.0345771 -0.493717 -0.0765441 -0.989377 -0.123592 0.444716 
1532358387211 0.0375517 0.749606 0.660819 -0.0988674 -0.939991 -0.197921 0.27793 -0.380838 0.339128 -0.6316 0.69719 0.448308 0.0258146 -0.127104 0.991553 0.39291 -0.996776 0.0721103 0.0351942 -0.493843 -0.0759746 -0.989265 -0.124833 0.444919 
1532358387426 -0.0276035 0.88813 0.458763 -0.198424 -0.946543 -0.170779 0.273662 -0.355479 0.321395 -0.426685 0.845367 0.439676 0.0264166 -0.128371 0.991374 0.393068 -0.996803 0.0714253 0.03581 -0.493969 -0.0754062 -0.989151 -0.126073 0.445122 
1532358387670 -0.086044 0.970271 0.226209 -0.298194 -0.953805 -0.145821 0.262663 -0.330288 0.28784 -0.193159 0.937997 0.431434 0.0270201 -0.129637 0.991193 0.393227 -0.99683 0.0707386 0.0364255 -0.494094 -0.0748377 -0.989035 -0.127315 0.445324 
1532358387893 -0.13405 0.990734 -0.0218348 -0.397801 -0.961322 -0.124658 0.245603 -0.305172 0.240605 0.0539133 0.969125 0.423302 0.0276236 -0.130902 0.99101 0.393385 -0.996855 0.0700516 0.0370396 -0.494218 -0.0742704 -0.988917 -0.128555 0.445526 
1532358388103 -0.168644 0.948196 -0.269228 -0.493617 -0.968544 -0.108705 0.223844 -0.280449 0.182981 0.298509 0.936702 0.413964 0.0282262 -0.132162 0.990826 0.39354 -0.996881 0.0693644 0.037651 -0.494324 -0.0737041 -0.988798 -0.129792 0.445714 
1532358408594 -0.168644 0.948196 -0.269228 -0.493617 -0.968544 -0.108705 0.223844 -0.280449 0.182981 0.298509 0.936702 0.413964 0.0283914 -0.132289 0.990805 0.393607 -0.996871 0.0693987 0.0378311 -0.49429 -0.0737652 -0.988779 -0.129904 0.445647 
1532358408771 0.281149 -0.144271 0.948758 0.287968 -0.928256 -0.291741 0.230711 -0.482006 0.243507 -0.945554 -0.215943 0.480382 0.0269513 -0.131553 0.990943 0.393732 -0.996821 0.0708084 0.0365114 -0.494167 -0.0749703 -0.988777 -0.129227 0.445574 
1532358408777 0.23071 0.100201 0.967849 0.200742 -0.928522 -0.274698 0.249775 -0.456679 0.290894 -0.956295 0.0296629 0.473997 0.0255123 -0.130817 0.991078 0.393858 -0.996768 0.0722175 0.0351911 -0.494045 -0.0761768 -0.988773 -0.128552 0.4455 
1532358408983 0.170896 0.342677 0.923779 0.100934 -0.930726 -0.251529 0.265486 -0.43145 0.323333 -0.905155 0.275952 0.466283 0.0240737 -0.130079 0.991211 0.393983 -0.996711 0.0736255 0.0338693 -0.493922 -0.0773842 -0.988766 -0.127879 0.445427 
1532358409260 0.105179 0.563817 0.819175 0.000790387 -0.934607 -0.225405 0.275141 -0.406118 0.339776 -0.794546 0.503239 0.457484 0.0226362 -0.129338 0.991342 0.394109 -0.99665 0.0750324 0.0325467 -0.493799 -0.0785923 -0.988758 -0.127207 0.445354 
1532358409495 0.0375524 0.749606 0.660819 -0.0988722 -0.93999 -0.197922 0.277931 -0.380841 0.339129 -0.6316 0.697189 0.44832 0.0211995 -0.128596 0.99147 0.394234 -0.996585 0.0764381 0.0312231 -0.493677 -0.0798013 -0.988747 -0.126536 0.44528 
1532358409502 -0.0276025 0.88813 0.458763 -0.198431 -0.946541 -0.17078 0.273667 -0.355482 0.321399 -0.426684 0.845366 0.439695 0.0197641 -0.127852 0.991596 0.394359 -0.996517 0.0778425 0.0298988 -0.493554 -0.0810109 -0.988734 -0.125868 0.445207 
1532358409713 -0.0860442 0.970271 0.226209 -0.298193 -0.953805 -0.145821 0.262665 -0.330289 0.287842 -0.193158 0.937996 0.431435 0.0183287 -0.127105 0.99172 0.394485 -0.996445 0.0792464 0.0285728 -0.493431 -0.0822219 -0.988719 -0.1252 0.445134 
1532358410026 -0.13405 0.990734 -0.021835 -0.397802 -0.961322 -0.124658 0.245604 -0.305174 0.240606 0.0539137 0.969124 0.423303 0.016895 -0.126356 0.991841 0.39461 -0.99637 0.0806488 0.0272464 -0.49331 -0.0834335 -0.988701 -0.124535 0.445061 
1532358410238 -0.168646 0.948195 -0.269229 -0.493619 -0.968543 -0.108706 0.223847 -0.280453 0.182983 0.298511 0.936701 0.413955 0.0154666 -0.125608 0.991959 0.39473 -0.996291 0.0820486 0.0259236 -0.493205 -0.084645 -0.988681 -0.123873 0.444995 
1532358410474 -0.168646 0.948195 -0.269229 -0.493619 -0.968543 -0.108706 0.223847 -0.280453 0.182983 0.298511 0.936701 0.413955 0.015417 -0.125562 0.991966 0.394675 -0.996297 0.0819905 0.0258626 -0.493218 -0.0845792 -0.988692 -0.123833 0.44505 
1532358410487 0.281149 -0.144266 0.948759 0.287981 -0.928255 -0.291744 0.230711 -0.481978 0.243511 -0.945554 -0.215939 0.480357 0.0152363 -0.123123 0.992274 0.394651 -0.996308 0.0819847 0.0254711 -0.493156 -0.0844874 -0.988999 -0.12142 0.444688 
1532358410711 0.230718 0.100195 0.967848 0.200726 -0.92852 -0.2747 0.24978 -0.456683 0.290894 -0.956295 0.0296546 0.474011 0.0150559 -0.120683 0.992577 0.394626 -0.996318 0.0819787 0.0250801 -0.493093 -0.084397 -0.9893 -0.119005 0.444326 
1532358410990 0.1709 0.342673 0.923779 0.100923 -0.930724 -0.25153 0.265489 -0.431455 0.323334 -0.905156 0.275948 0.466291 0.014875 -0.118242 0.992873 0.394602 -0.996329 0.0819716 0.0246889 -0.493031 -0.0843067 -0.989596 -0.116589 0.443964 
1532358411206 0.105181 0.563815 0.819176 0.000784134 -0.934606 -0.225406 0.275143 -0.406122 0.339777 -0.794547 0.503236 0.457487 0.014694 -0.115801 0.993164 0.394578 -0.996339 0.0819636 0.0242978 -0.492968 -0.084217 -0.989885 -0.114172 0.443602 
1532358411439 0.0375529 0.749606 0.660819 -0.0988756 -0.93999 -0.197922 0.277932 -0.380843 0.33913 -0.6316 0.697189 0.448329 0.0145128 -0.113358 0.993448 0.394554 -0.996349 0.0819547 0.0239067 -0.492906 -0.0841277 -0.990168 -0.111755 0.44324 
1532358411669 -0.0276017 0.88813 0.458762 -0.198437 -0.946541 -0.170781 0.27367 -0.355485 0.321402 -0.426683 0.845365 0.439709 0.0143316 -0.110916 0.993726 0.394529 -0.996359 0.0819448 0.023516 -0.492844 -0.084039 -0.990446 -0.109338 0.442879 
1532358411971 -0.0860442 0.970271 0.226208 -0.298193 -0.953804 -0.145822 0.262666 -0.33029 0.287843 -0.193158 0.937996 0.431435 0.0141496 -0.108472 0.993999 0.394505 -0.996369 0.081934 0.0231245 -0.492781 -0.0839507 -0.990717 -0.106919 0.442517 
1532358412285 -0.134051 0.990734 -0.0218351 -0.397802 -0.961321 -0.124658 0.245604 -0.305175 0.240607 0.053914 0.969124 0.423304 0.0139683 -0.106028 0.994265 0.394481 -0.996379 0.0819219 0.0227342 -0.49272 -0.0838625 -0.990983 -0.1045 0.442156 
1532358412497 -0.168648 0.948195 -0.26923 -0.49362 -0.968542 -0.108707 0.223849 -0.280456 0.182985 0.298513 0.9367 0.413949 0.0137866 -0.103592 0.994524 0.394457 -0.996389 0.0819097 0.0223443 -0.492676 -0.0837759 -0.991241 -0.102089 0.441817 
1532358412741 -0.168648 0.948195 -0.26923 -0.49362 -0.968542 -0.108707 0.223849 -0.280456 0.182985 0.298513 0.9367 0.413949 0.0136954 -0.103406 0.994545 0.394406 -0.996396 0.0818634 0.0222326 -0.492684 -0.0837158 -0.991265 -0.101912 0.441886 
1532358412754 0.281148 -0.144262 0.948759 0.28799 -0.928255 -0.291746 0.230711 -0.481958 0.243513 -0.945554 -0.215936 0.480339 0.01333 -0.101483 0.994748 0.394629 -0.996484 0.0809489 0.0216116 -0.492666 -0.082717 -0.991538 -0.100047 0.441677 
1532358412989 0.230723 0.10019 0.967848 0.200715 -0.928519 -0.274701 0.249784 -0.456685 0.290894 -0.956296 0.0296487 0.474021 0.0129626 -0.0995605 0.994947 0.394853 -0.996571 0.0800337 0.0209924 -0.492647 -0.0817193 -0.991808 -0.0981817 0.441469 
1532358413218 0.170903 0.34267 0.92378 0.100916 -0.930724 -0.251531 0.265491 -0.431458 0.323335 -0.905157 0.275944 0.466296 0.0125931 -0.0976375 0.995142 0.395076 -0.996657 0.0791169 0.0203747 -0.492629 -0.0807219 -0.992072 -0.0963148 0.44126 
1532358413452 0.105183 0.563813 0.819177 0.000779635 -0.934606 -0.225407 0.275144 -0.406124 0.339778 -0.794548 0.503234 0.45749 0.0122217 -0.0957146 0.995334 0.3953 -0.996742 0.0781989 0.0197589 -0.49261 -0.0797252 -0.992332 -0.094447 0.441052 
1532358413690 0.0375533 0.749606 0.660819 -0.0988782 -0.939989 -0.197922 0.277933 -0.380844 0.339131 -0.6316 0.697189 0.448335 0.0118484 -0.0937917 0.995521 0.395523 -0.996826 0.0772797 0.0191448 -0.492592 -0.0787292 -0.992588 -0.0925784 0.440843 
1532358413935 -0.0276011 0.88813 0.458762 -0.198441 -0.94654 -0.170781 0.273672 -0.355486 0.321404 -0.426683 0.845365 0.439719 0.0114734 -0.0918693 0.995705 0.395746 -0.996908 0.0763595 0.0185326 -0.492574 -0.0777341 -0.992839 -0.0907091 0.440634 
1532358414194 -0.0860443 0.970271 0.226208 -0.298193 -0.953804 -0.145822 0.262667 -0.33029 0.287844 -0.193157 0.937996 0.431436 0.0110963 -0.0899466 0.995885 0.39597 -0.996989 0.0754378 0.0179221 -0.492555 -0.0767394 -0.993085 -0.0888387 0.440426 
1532358414448 -0.134051 0.990734 -0.0218352 -0.397802 -0.961321 -0.124658 0.245605 -0.305175 0.240607 0.0539143 0.969124 0.423305 0.010717 -0.0880232 0.996061 0.396193 -0.99707 0.0745145 0.0173128 -0.492538 -0.0757449 -0.993327 -0.0869667 0.440218 
1532358414690 -0.168649 0.948194 -0.269231 -0.49362 -0.968542 -0.108708 0.22385 -0.280457 0.182986 0.298514 0.936699 0.413945 0.0103379 -0.0861073 0.996232 0.396409 -0.997149 0.0735915 0.0167081 -0.492528 -0.0747529 -0.993564 -0.085101 0.440026 
1532358414937 -0.168649 0.948194 -0.269231 -0.49362 -0.968542 -0.108708 0.22385 -0.280457 0.182986 0.298514 0.936699 0.413945 0.0103266 -0.0862481 0.99622 0.396396 -0.99714 0.0737017 0.0167168 -0.492548 -0.0748649 -0.993544 -0.0852404 0.440003 
1532358414951 0.281148 -0.14426 0.94876 0.287996 -0.928254 -0.291747 0.230711 -0.481944 0.243515 -0.945554 -0.215934 0.480326 0.0102416 -0.0908369 0.995813 0.396725 -0.997191 0.0729608 0.0169112 -0.492642 -0.0741914 -0.993189 -0.0898346 0.440714 
1532358415219 0.230727 0.100187 0.967847 0.200707 -0.928518 -0.274702 0.249787 -0.456687 0.290894 -0.956296 0.0296444 0.474028 0.0101583 -0.0954235 0.995385 0.397055 -0.997242 0.0722192 0.0171006 -0.492736 -0.0735177 -0.992814 -0.0944267 0.441426 
1532358415498 0.170905 0.342669 0.92378 0.10091 -0.930723 -0.251531 0.265493 -0.43146 0.323335 -0.905158 0.275942 0.466301 0.0100783 -0.100009 0.994936 0.397384 -0.997292 0.0714769 0.0172868 -0.49283 -0.0728438 -0.992416 -0.0990177 0.442137 
1532358415778 0.105184 0.563812 0.819178 0.000776411 -0.934605 -0.225407 0.275145 -0.406126 0.339779 -0.794549 0.503232 0.457491 0.0100013 -0.104592 0.994465 0.397713 -0.997342 0.0707337 0.0174695 -0.492924 -0.0721694 -0.991997 -0.103606 0.442849 
1532358416056 0.0375536 0.749606 0.660818 -0.09888 -0.939989 -0.197923 0.277934 -0.380845 0.339132 -0.6316 0.697188 0.44834 0.00992739 -0.109172 0.993973 0.398043 -0.997392 0.0699897 0.0176488 -0.493018 -0.0714946 -0.991556 -0.108193 0.44356 
1532358416328 -0.0276008 0.888131 0.458762 -0.198444 -0.946539 -0.170781 0.273673 -0.355487 0.321405 -0.426682 0.845364 0.439726 0.00985665 -0.113751 0.99346 0.398372 -0.99744 0.0692448 0.0178247 -0.493112 -0.0708196 -0.991093 -0.112777 0.444271 
1532358416605 -0.0860443 0.970271 0.226208 -0.298192 -0.953804 -0.145822 0.262667 -0.330291 0.287844 -0.193157 0.937996 0.431436 0.00978885 -0.118327 0.992926 0.398701 -0.997489 0.0684987 0.0179968 -0.493206 -0.0701437 -0.990609 -0.11736 0.444983 
1532358416891 -0.134051 0.990734 -0.0218353 -0.397802 -0.961321 -0.124659 0.245605 -0.305176 0.240608 0.0539144 0.969124 0.423306 0.0097241 -0.122901 0.992371 0.39903 -0.997537 0.0677519 0.0181655 -0.493297 -0.0694676 -0.990104 -0.121939 0.445692 
1532358417187 -0.16865 0.948194 -0.269232 -0.493621 -0.968542 -0.108708 0.223852 -0.280459 0.182987 0.298515 0.936699 0.413942 0.00966306 -0.127455 0.991797 0.399349 -0.997584 0.0670046 0.0183302 -0.493357 -0.0687913 -0.989578 -0.1265 0.44636 
1532358417479 -0.16865 0.948194 -0.269232 -0.493621 -0.968542 -0.108708 0.223852 -0.280459 0.182987 0.298515 0.936699 0.413942 0.009632 -0.127299 0.991818 0.399344 -0.997591 0.066926 0.018278 -0.493362 -0.0687052 -0.989604 -0.126348 0.446398 
1532358417492 0.281148 -0.144258 0.94876 0.288001 -0.928254 -0.291748 0.230711 -0.481934 0.243517 -0.945554 -0.215932 0.480317 0.00933912 -0.127694 0.99177 0.399605 -0.997633 0.0663842 0.0179415 -0.493391 -0.0681289 -0.989589 -0.126772 0.446544 
1532358417673 0.230729 0.100185 0.967847 0.200701 -0.928517 -0.274702 0.249789 -0.456689 0.290894 -0.956296 0.0296413 0.474033 0.00904565 -0.128091 0.991721 0.399865 -0.997675 0.0658424 0.0176042 -0.49342 -0.0675523 -0.989574 -0.127197 0.44669 
