1537390878206 0.242814 0.920334 -0.306636 -0.615739 -0.934725 0.306521 0.179815 -0.24283 0.25948 0.242959 0.934688 0.386081 0.16008 -0.304787 0.938871 0.370831 -0.775623 0.549475 0.310623 -0.528794 -0.61056 -0.777934 -0.14844 0.432481 
1537390878211 0.242771 0.920887 -0.305007 -0.617842 -0.935244 0.305687 0.178532 -0.243759 0.257645 0.241913 0.935466 0.384874 0.316241 -0.38488 0.867098 0.400864 -0.930001 -0.306251 0.203246 -0.504429 0.187325 -0.870677 -0.454788 0.485926 
1537390879222 0.242725 0.921438 -0.303376 -0.619944 -0.93576 0.304855 0.177247 -0.244687 0.255807 0.240865 0.936241 0.383667 0.316241 -0.38488 0.867098 0.400864 -0.930001 -0.306251 0.203246 -0.504429 0.187325 -0.870677 -0.454788 0.485926 
1537390880337 0.242676 0.921986 -0.301745 -0.622046 -0.936273 0.304024 0.175959 -0.245616 0.253969 0.239815 0.93701 0.38246 0.316241 -0.38488 0.867098 0.400864 -0.930001 -0.306251 0.203246 -0.504429 0.187325 -0.870677 -0.454788 0.485926 
1537390881465 0.242624 0.922532 -0.300113 -0.624147 -0.936784 0.303194 0.174669 -0.246544 0.252131 0.238762 0.937775 0.381253 0.316241 -0.38488 0.867098 0.400864 -0.930001 -0.306251 0.203246 -0.504429 0.187325 -0.870677 -0.454788 0.485926 
1537390882585 0.242568 0.923076 -0.298481 -0.626247 -0.937291 0.302366 0.173378 -0.247471 0.250291 0.237708 0.938536 0.380046 0.316241 -0.38488 0.867098 0.400864 -0.930001 -0.306251 0.203246 -0.504429 0.187325 -0.870677 -0.454788 0.485926 
1537390883815 0.242509 0.923618 -0.296848 -0.628346 -0.937796 0.301539 0.172084 -0.248399 0.248451 0.236651 0.939291 0.37884 0.316241 -0.38488 0.867098 0.400864 -0.930001 -0.306251 0.203246 -0.504429 0.187325 -0.870677 -0.454788 0.485926 
1537390884954 0.242447 0.924158 -0.295215 -0.630445 -0.938298 0.300714 0.170788 -0.249326 0.246611 0.235592 0.940042 0.377633 0.316241 -0.38488 0.867098 0.400864 -0.930001 -0.306251 0.203246 -0.504429 0.187325 -0.870677 -0.454788 0.485926 
1537390886079 0.242382 0.924695 -0.293581 -0.632542 -0.938797 0.29989 0.169491 -0.250252 0.244769 0.234532 0.940788 0.376427 0.316241 -0.38488 0.867098 0.400864 -0.930001 -0.306251 0.203246 -0.504429 0.187325 -0.870677 -0.454788 0.485926 
1537390887289 0.24239 0.925164 -0.292095 -0.633831 -0.939276 0.299164 0.168111 -0.250779 0.242914 0.233609 0.941499 0.37538 0.316531 -0.385118 0.866887 0.401814 -0.929976 -0.306103 0.20358 -0.50615 0.186955 -0.870623 -0.455042 0.486735 
1537390888157 0.242436 0.925056 -0.292396 -0.633563 -0.939176 0.299348 0.168345 -0.250667 0.243257 0.233798 0.941363 0.375605 0.16008 -0.304787 0.938871 0.370831 -0.775623 0.549475 0.310623 -0.528794 -0.61056 -0.777934 -0.14844 0.432481 
1537390888162 0.241438 0.924812 -0.293992 -0.634145 -0.939175 0.298937 0.169078 -0.250845 0.24425 0.235288 0.940735 0.375679 0.316241 -0.38488 0.867098 0.400864 -0.930001 -0.306251 0.203246 -0.504429 0.187325 -0.870677 -0.454788 0.485926 
1537390888278 0.240439 0.924564 -0.295586 -0.634726 -0.939173 0.298527 0.169811 -0.251022 0.245242 0.236777 0.940103 0.375754 0.316241 -0.38488 0.867098 0.400864 -0.930001 -0.306251 0.203246 -0.504429 0.187325 -0.870677 -0.454788 0.485926 
1537390888489 0.239437 0.924313 -0.297178 -0.635308 -0.93917 0.298118 0.170546 -0.251199 0.246232 0.238266 0.939468 0.375828 0.316241 -0.38488 0.867098 0.400864 -0.930001 -0.306251 0.203246 -0.504429 0.187325 -0.870677 -0.454788 0.485926 
1537390888500 0.238434 0.92406 -0.298769 -0.635889 -0.939165 0.29771 0.17128 -0.251377 0.24722 0.239755 0.938829 0.375903 0.316241 -0.38488 0.867098 0.400864 -0.930001 -0.306251 0.203246 -0.504429 0.187325 -0.870677 -0.454788 0.485926 
1537390888808 0.237429 0.923803 -0.300359 -0.636471 -0.93916 0.297304 0.172015 -0.251554 0.248206 0.241243 0.938187 0.375977 0.316241 -0.38488 0.867098 0.400864 -0.930001 -0.306251 0.203246 -0.504429 0.187325 -0.870677 -0.454788 0.485926 
1537390888814 0.236422 0.923544 -0.301946 -0.637052 -0.939153 0.296898 0.172751 -0.251732 0.24919 0.242732 0.937542 0.376052 0.316241 -0.38488 0.867098 0.400864 -0.930001 -0.306251 0.203246 -0.504429 0.187325 -0.870677 -0.454788 0.485926 
1537390889433 0.235414 0.923281 -0.303533 -0.637634 -0.939145 0.296493 0.173487 -0.251909 0.250173 0.24422 0.936894 0.376126 0.316241 -0.38488 0.867098 0.400864 -0.930001 -0.306251 0.203246 -0.504429 0.187325 -0.870677 -0.454788 0.485926 
1537390889648 0.234403 0.923016 -0.305117 -0.638215 -0.939136 0.29609 0.174224 -0.252086 0.251153 0.245708 0.936242 0.376201 0.316241 -0.38488 0.867098 0.400864 -0.930001 -0.306251 0.203246 -0.504429 0.187325 -0.870677 -0.454788 0.485926 
1537390889971 0.233405 0.922736 -0.306726 -0.638654 -0.939123 0.295704 0.174946 -0.252193 0.25213 0.24722 0.935582 0.376303 0.316531 -0.385118 0.866887 0.401814 -0.929976 -0.306103 0.20358 -0.50615 0.186955 -0.870623 -0.455042 0.486735 
1537390890281 0.234732 0.923005 -0.304898 -0.638059 -0.939112 0.296304 0.173993 -0.252095 0.250939 0.245492 0.936356 0.376141 0.16008 -0.304787 0.938871 0.370831 -0.775623 0.549475 0.310623 -0.528794 -0.61056 -0.777934 -0.14844 0.432481 
1537390890285 0.234219 0.92278 -0.305971 -0.638479 -0.939182 0.296076 0.174 -0.252193 0.251154 0.246608 0.936005 0.376248 0.316241 -0.38488 0.867098 0.400864 -0.930001 -0.306251 0.203246 -0.504429 0.187325 -0.870677 -0.454788 0.485926 
1537390890300 0.233705 0.922555 -0.307042 -0.638899 -0.939253 0.295848 0.174008 -0.252291 0.251369 0.247724 0.935653 0.376356 0.316241 -0.38488 0.867098 0.400864 -0.930001 -0.306251 0.203246 -0.504429 0.187325 -0.870677 -0.454788 0.485926 
1537390890417 0.233191 0.922327 -0.308114 -0.639319 -0.939323 0.29562 0.174015 -0.252389 0.251583 0.24884 0.935299 0.376463 0.316241 -0.38488 0.867098 0.400864 -0.930001 -0.306251 0.203246 -0.504429 0.187325 -0.870677 -0.454788 0.485926 
1537390890535 0.232676 0.922099 -0.309184 -0.639739 -0.939393 0.295391 0.174023 -0.252488 0.251797 0.249954 0.934945 0.376571 0.316241 -0.38488 0.867098 0.400864 -0.930001 -0.306251 0.203246 -0.504429 0.187325 -0.870677 -0.454788 0.485926 
1537390890759 0.232162 0.92187 -0.310254 -0.640159 -0.939464 0.295162 0.174032 -0.252586 0.25201 0.251069 0.934588 0.376678 0.316241 -0.38488 0.867098 0.400864 -0.930001 -0.306251 0.203246 -0.504429 0.187325 -0.870677 -0.454788 0.485926 
1537390890775 0.231647 0.921638 -0.311324 -0.640579 -0.939534 0.294934 0.17404 -0.252684 0.252222 0.252183 0.934231 0.376785 0.316241 -0.38488 0.867098 0.400864 -0.930001 -0.306251 0.203246 -0.504429 0.187325 -0.870677 -0.454788 0.485926 
1537390890977 0.231131 0.921406 -0.312393 -0.640999 -0.939604 0.294706 0.174049 -0.252782 0.252434 0.253298 0.933872 0.376893 0.316241 -0.38488 0.867098 0.400864 -0.930001 -0.306251 0.203246 -0.504429 0.187325 -0.870677 -0.454788 0.485926 
1537390891297 0.230616 0.921172 -0.313462 -0.641419 -0.939674 0.294477 0.174058 -0.25288 0.252645 0.254411 0.933512 0.377 0.316241 -0.38488 0.867098 0.400864 -0.930001 -0.306251 0.203246 -0.504429 0.187325 -0.870677 -0.454788 0.485926 
1537390891629 0.230108 0.920929 -0.314546 -0.641752 -0.939742 0.294259 0.174059 -0.252935 0.252854 0.25554 0.933148 0.377124 0.316531 -0.385118 0.866887 0.401814 -0.929976 -0.306103 0.20358 -0.50615 0.186955 -0.870623 -0.455042 0.486735 
1537390891773 0.230506 0.921208 -0.313438 -0.64143 -0.939702 0.294368 0.174093 -0.252816 0.252642 0.254408 0.933514 0.377013 0.16008 -0.304787 0.938871 0.370831 -0.775623 0.549475 0.310623 -0.528794 -0.61056 -0.777934 -0.14844 0.432481 
1537390891780 0.230208 0.921327 -0.313306 -0.641616 -0.939825 0.294011 0.174031 -0.252909 0.252455 0.254389 0.93357 0.377057 0.316241 -0.38488 0.867098 0.400864 -0.930001 -0.306251 0.203246 -0.504429 0.187325 -0.870677 -0.454788 0.485926 
1537390891801 0.229912 0.921446 -0.313174 -0.641802 -0.939947 0.293656 0.173969 -0.253003 0.252269 0.254369 0.933626 0.377101 0.316241 -0.38488 0.867098 0.400864 -0.930001 -0.306251 0.203246 -0.504429 0.187325 -0.870677 -0.454788 0.485926 
1537390891929 0.229616 0.921565 -0.313042 -0.641989 -0.94007 0.2933 0.173907 -0.253096 0.252082 0.25435 0.933681 0.377144 0.316241 -0.38488 0.867098 0.400864 -0.930001 -0.306251 0.203246 -0.504429 0.187325 -0.870677 -0.454788 0.485926 
1537390892149 0.229319 0.921684 -0.31291 -0.642175 -0.940192 0.292944 0.173845 -0.25319 0.251895 0.254329 0.933737 0.377188 0.316241 -0.38488 0.867098 0.400864 -0.930001 -0.306251 0.203246 -0.504429 0.187325 -0.870677 -0.454788 0.485926 
1537390892354 0.229022 0.921802 -0.312778 -0.642361 -0.940315 0.292588 0.173783 -0.253283 0.251708 0.254309 0.933793 0.377232 0.316241 -0.38488 0.867098 0.400864 -0.930001 -0.306251 0.203246 -0.504429 0.187325 -0.870677 -0.454788 0.485926 
1537390892489 0.228725 0.921921 -0.312645 -0.642547 -0.940437 0.292232 0.17372 -0.253376 0.251521 0.254289 0.933849 0.377276 0.316241 -0.38488 0.867098 0.400864 -0.930001 -0.306251 0.203246 -0.504429 0.187325 -0.870677 -0.454788 0.485926 
1537390892593 0.228428 0.922039 -0.312513 -0.642733 -0.940559 0.291876 0.173658 -0.25347 0.251335 0.254269 0.933905 0.37732 0.316241 -0.38488 0.867098 0.400864 -0.930001 -0.306251 0.203246 -0.504429 0.187325 -0.870677 -0.454788 0.485926 
1537390892804 0.228131 0.922157 -0.312381 -0.64292 -0.940681 0.29152 0.173596 -0.253563 0.251148 0.254249 0.933961 0.377363 0.316241 -0.38488 0.867098 0.400864 -0.930001 -0.306251 0.203246 -0.504429 0.187325 -0.870677 -0.454788 0.485926 
1537390892810 0.227843 0.922268 -0.312265 -0.643018 -0.940801 0.291174 0.173524 -0.253613 0.250959 0.254243 0.934013 0.377424 0.316531 -0.385118 0.866887 0.401814 -0.929976 -0.306103 0.20358 -0.50615 0.186955 -0.870623 -0.455042 0.486735 
1537390893056 0.228483 0.922042 -0.312465 -0.642627 -0.940511 0.291953 0.173788 -0.253376 0.251465 0.25417 0.933897 0.377363 0.16008 -0.304787 0.938871 0.370831 -0.775623 0.549475 0.310623 -0.528794 -0.61056 -0.777934 -0.14844 0.432481 
1537390893066 0.228403 0.922221 -0.311996 -0.642733 -0.940652 0.291667 0.173508 -0.253477 0.251011 0.253849 0.934106 0.377327 0.316241 -0.38488 0.867098 0.400864 -0.930001 -0.306251 0.203246 -0.504429 0.187325 -0.870677 -0.454788 0.485926 
1537390893073 0.228322 0.9224 -0.311526 -0.642838 -0.940792 0.291379 0.173227 -0.253578 0.250557 0.25353 0.934315 0.37729 0.316241 -0.38488 0.867098 0.400864 -0.930001 -0.306251 0.203246 -0.504429 0.187325 -0.870677 -0.454788 0.485926 
1537390893180 0.228241 0.922578 -0.311057 -0.642944 -0.940933 0.291092 0.172946 -0.25368 0.250103 0.25321 0.934523 0.377253 0.316241 -0.38488 0.867098 0.400864 -0.930001 -0.306251 0.203246 -0.504429 0.187325 -0.870677 -0.454788 0.485926 
1537390893187 0.228159 0.922757 -0.310586 -0.64305 -0.941073 0.290805 0.172666 -0.253781 0.249648 0.252889 0.934731 0.377217 0.316241 -0.38488 0.867098 0.400864 -0.930001 -0.306251 0.203246 -0.504429 0.187325 -0.870677 -0.454788 0.485926 
1537390893395 0.228077 0.922935 -0.310116 -0.643155 -0.941214 0.290517 0.172385 -0.253882 0.249194 0.252569 0.934939 0.37718 0.316241 -0.38488 0.867098 0.400864 -0.930001 -0.306251 0.203246 -0.504429 0.187325 -0.870677 -0.454788 0.485926 
1537390893508 0.227995 0.923113 -0.309646 -0.643261 -0.941354 0.29023 0.172103 -0.253983 0.24874 0.252248 0.935147 0.377144 0.316241 -0.38488 0.867098 0.400864 -0.930001 -0.306251 0.203246 -0.504429 0.187325 -0.870677 -0.454788 0.485926 
1537390893622 0.227913 0.923291 -0.309177 -0.643367 -0.941494 0.289943 0.171822 -0.254084 0.248285 0.251927 0.935354 0.377107 0.316241 -0.38488 0.867098 0.400864 -0.930001 -0.306251 0.203246 -0.504429 0.187325 -0.870677 -0.454788 0.485926 
1537390893846 0.22783 0.923468 -0.308707 -0.643472 -0.941633 0.289656 0.17154 -0.254185 0.247831 0.251606 0.935561 0.377071 0.316241 -0.38488 0.867098 0.400864 -0.930001 -0.306251 0.203246 -0.504429 0.187325 -0.870677 -0.454788 0.485926 
1537390894090 0.227755 0.923639 -0.308251 -0.643498 -0.941771 0.289379 0.17125 -0.254247 0.247375 0.251299 0.935764 0.377049 0.316531 -0.385118 0.866887 0.401814 -0.929976 -0.306103 0.20358 -0.50615 0.186955 -0.870623 -0.455042 0.486735 
1537390894250 0.227971 0.923395 -0.308822 -0.64342 -0.941603 0.289807 0.17145 -0.254238 0.247814 0.251702 0.935539 0.377037 0.16008 -0.304787 0.938871 0.370831 -0.775623 0.549475 0.310623 -0.528794 -0.61056 -0.777934 -0.14844 0.432481 
1537390894261 0.228331 0.923351 -0.308687 -0.643409 -0.941503 0.290136 0.171445 -0.254246 0.247865 0.251484 0.935585 0.376998 0.316241 -0.38488 0.867098 0.400864 -0.930001 -0.306251 0.203246 -0.504429 0.187325 -0.870677 -0.454788 0.485926 
1537390894267 0.228692 0.923306 -0.308553 -0.643398 -0.941402 0.290466 0.171439 -0.254253 0.247915 0.251266 0.93563 0.37696 0.316241 -0.38488 0.867098 0.400864 -0.930001 -0.306251 0.203246 -0.504429 0.187325 -0.870677 -0.454788 0.485926 
1537390894275 0.229053 0.923262 -0.308419 -0.643388 -0.941301 0.290796 0.171434 -0.254261 0.247965 0.251047 0.935675 0.376921 0.316241 -0.38488 0.867098 0.400864 -0.930001 -0.306251 0.203246 -0.504429 0.187325 -0.870677 -0.454788 0.485926 
1537390894283 0.229414 0.923217 -0.308284 -0.643377 -0.9412 0.291126 0.171428 -0.254269 0.248015 0.250829 0.935721 0.376882 0.316241 -0.38488 0.867098 0.400864 -0.930001 -0.306251 0.203246 -0.504429 0.187325 -0.870677 -0.454788 0.485926 
1537390894394 0.229775 0.923172 -0.30815 -0.643366 -0.941099 0.291456 0.171422 -0.254277 0.248065 0.250611 0.935766 0.376843 0.316241 -0.38488 0.867098 0.400864 -0.930001 -0.306251 0.203246 -0.504429 0.187325 -0.870677 -0.454788 0.485926 
1537390894512 0.230136 0.923127 -0.308016 -0.643355 -0.940998 0.291786 0.171417 -0.254284 0.248114 0.250393 0.935811 0.376805 0.316241 -0.38488 0.867098 0.400864 -0.930001 -0.306251 0.203246 -0.504429 0.187325 -0.870677 -0.454788 0.485926 
1537390894629 0.230496 0.923082 -0.307881 -0.643345 -0.940896 0.292116 0.171411 -0.254292 0.248164 0.250174 0.935857 0.376766 0.316241 -0.38488 0.867098 0.400864 -0.930001 -0.306251 0.203246 -0.504429 0.187325 -0.870677 -0.454788 0.485926 
1537390894739 0.230857 0.923037 -0.307747 -0.643334 -0.940795 0.292446 0.171406 -0.2543 0.248213 0.249956 0.935902 0.376727 0.316241 -0.38488 0.867098 0.400864 -0.930001 -0.306251 0.203246 -0.504429 0.187325 -0.870677 -0.454788 0.485926 
1537390894759 0.231217 0.922992 -0.307612 -0.643325 -0.940693 0.292776 0.171401 -0.254309 0.248263 0.249737 0.935947 0.376688 0.316531 -0.385118 0.866887 0.401814 -0.929976 -0.306103 0.20358 -0.50615 0.186955 -0.870623 -0.455042 0.486735 
1537390894800 0.230104 0.923181 -0.307879 -0.643344 -0.941013 0.291723 0.171439 -0.254268 0.248085 0.250269 0.935852 0.376852 0.16008 -0.304787 0.938871 0.370831 -0.775623 0.549475 0.310623 -0.528794 -0.61056 -0.777934 -0.14844 0.432481 
1537390894812 0.230827 0.923021 -0.307816 -0.643143 -0.940859 0.292374 0.17118 -0.254181 0.248 0.250099 0.93592 0.376908 0.316241 -0.38488 0.867098 0.400864 -0.930001 -0.306251 0.203246 -0.504429 0.187325 -0.870677 -0.454788 0.485926 
1537390894929 0.231551 0.92286 -0.307755 -0.642942 -0.940703 0.293026 0.17092 -0.254095 0.247915 0.249929 0.935988 0.376964 0.316241 -0.38488 0.867098 0.400864 -0.930001 -0.306251 0.203246 -0.504429 0.187325 -0.870677 -0.454788 0.485926 
1537390895040 0.232275 0.922699 -0.307693 -0.64274 -0.940547 0.293678 0.17066 -0.254008 0.247831 0.24976 0.936055 0.37702 0.316241 -0.38488 0.867098 0.400864 -0.930001 -0.306251 0.203246 -0.504429 0.187325 -0.870677 -0.454788 0.485926 
1537390895046 0.232998 0.922537 -0.307631 -0.642539 -0.94039 0.294329 0.1704 -0.253922 0.247746 0.249591 0.936123 0.377075 0.316241 -0.38488 0.867098 0.400864 -0.930001 -0.306251 0.203246 -0.504429 0.187325 -0.870677 -0.454788 0.485926 
1537390895361 0.233722 0.922375 -0.307569 -0.642338 -0.940233 0.294981 0.170141 -0.253835 0.247661 0.249421 0.936191 0.377131 0.316241 -0.38488 0.867098 0.400864 -0.930001 -0.306251 0.203246 -0.504429 0.187325 -0.870677 -0.454788 0.485926 
1537390895676 0.234445 0.922212 -0.307507 -0.642137 -0.940075 0.295632 0.169881 -0.253748 0.247576 0.249252 0.936258 0.377187 0.316241 -0.38488 0.867098 0.400864 -0.930001 -0.306251 0.203246 -0.504429 0.187325 -0.870677 -0.454788 0.485926 
1537390895894 0.235168 0.922049 -0.307444 -0.641936 -0.939917 0.296283 0.169622 -0.253662 0.24749 0.249082 0.936326 0.377243 0.316241 -0.38488 0.867098 0.400864 -0.930001 -0.306251 0.203246 -0.504429 0.187325 -0.870677 -0.454788 0.485926 
1537390896100 0.235891 0.921885 -0.307381 -0.641734 -0.939759 0.296935 0.169363 -0.253575 0.247405 0.248913 0.936394 0.377299 0.316241 -0.38488 0.867098 0.400864 -0.930001 -0.306251 0.203246 -0.504429 0.187325 -0.870677 -0.454788 0.485926 
1537390896105 0.236604 0.92173 -0.3073 -0.641638 -0.939601 0.297573 0.169114 -0.25354 0.247322 0.248726 0.936465 0.377335 0.316531 -0.385118 0.866887 0.401814 -0.929976 -0.306103 0.20358 -0.50615 0.186955 -0.870623 -0.455042 0.486735 
1537390896460 0.23562 0.921916 -0.307496 -0.641877 -0.939774 0.296752 0.169599 -0.253724 0.247606 0.249015 0.936313 0.377204 0.16008 -0.304787 0.938871 0.370831 -0.775623 0.549475 0.310623 -0.528794 -0.61056 -0.777934 -0.14844 0.432481 
1537390896476 0.23582 0.921892 -0.307413 -0.641524 -0.939755 0.296895 0.169451 -0.253591 0.247485 0.248933 0.936367 0.377337 0.316241 -0.38488 0.867098 0.400864 -0.930001 -0.306251 0.203246 -0.504429 0.187325 -0.870677 -0.454788 0.485926 
1537390896593 0.236022 0.921868 -0.307333 -0.641171 -0.939737 0.297038 0.169302 -0.253457 0.247363 0.248853 0.936421 0.377469 0.316241 -0.38488 0.867098 0.400864 -0.930001 -0.306251 0.203246 -0.504429 0.187325 -0.870677 -0.454788 0.485926 
1537390896805 0.236223 0.921843 -0.307252 -0.640818 -0.939718 0.297182 0.169153 -0.253324 0.247242 0.248772 0.936474 0.377602 0.316241 -0.38488 0.867098 0.400864 -0.930001 -0.306251 0.203246 -0.504429 0.187325 -0.870677 -0.454788 0.485926 
1537390897013 0.236423 0.921819 -0.307171 -0.640465 -0.9397 0.297325 0.169004 -0.253191 0.247121 0.248692 0.936527 0.377735 0.316241 -0.38488 0.867098 0.400864 -0.930001 -0.306251 0.203246 -0.504429 0.187325 -0.870677 -0.454788 0.485926 
1537390897333 0.236624 0.921794 -0.30709 -0.640111 -0.939681 0.297469 0.168855 -0.253057 0.246999 0.248611 0.936581 0.377867 0.316241 -0.38488 0.867098 0.400864 -0.930001 -0.306251 0.203246 -0.504429 0.187325 -0.870677 -0.454788 0.485926 
1537390897651 0.236825 0.92177 -0.307009 -0.639758 -0.939662 0.297612 0.168706 -0.252924 0.246878 0.248531 0.936634 0.378 0.316241 -0.38488 0.867098 0.400864 -0.930001 -0.306251 0.203246 -0.504429 0.187325 -0.870677 -0.454788 0.485926 
1537390897880 0.237026 0.921745 -0.306928 -0.639405 -0.939643 0.297756 0.168558 -0.252791 0.246757 0.24845 0.936688 0.378133 0.316241 -0.38488 0.867098 0.400864 -0.930001 -0.306251 0.203246 -0.504429 0.187325 -0.870677 -0.454788 0.485926 
1537390898197 0.237227 0.92172 -0.306847 -0.639052 -0.939625 0.297899 0.168409 -0.252657 0.246635 0.24837 0.936741 0.378266 0.316241 -0.38488 0.867098 0.400864 -0.930001 -0.306251 0.203246 -0.504429 0.187325 -0.870677 -0.454788 0.485926 
1537390898416 0.237414 0.921708 -0.30674 -0.638839 -0.939609 0.298026 0.168275 -0.252594 0.246516 0.248265 0.9368 0.378372 0.316531 -0.385118 0.866887 0.401814 -0.929976 -0.306103 0.20358 -0.50615 0.186955 -0.870623 -0.455042 0.486735 
1537390898667 0.237251 0.921669 -0.306982 -0.639174 -0.939643 0.297923 0.168267 -0.252745 0.246543 0.248531 0.936722 0.378139 0.16008 -0.304787 0.938871 0.370831 -0.775623 0.549475 0.310623 -0.528794 -0.61056 -0.777934 -0.14844 0.432481 
1537390898693 0.23722 0.921656 -0.307046 -0.638717 -0.939566 0.29799 0.168576 -0.252566 0.246866 0.2485 0.936646 0.378294 0.316241 -0.38488 0.867098 0.400864 -0.930001 -0.306251 0.203246 -0.504429 0.187325 -0.870677 -0.454788 0.485926 
1537390898795 0.237188 0.921643 -0.30711 -0.638259 -0.939489 0.298057 0.168886 -0.252386 0.247189 0.248468 0.936569 0.378449 0.316241 -0.38488 0.867098 0.400864 -0.930001 -0.306251 0.203246 -0.504429 0.187325 -0.870677 -0.454788 0.485926 
1537390899010 0.237157 0.921629 -0.307174 -0.637802 -0.939412 0.298125 0.169196 -0.252207 0.247513 0.248437 0.936492 0.378604 0.316241 -0.38488 0.867098 0.400864 -0.930001 -0.306251 0.203246 -0.504429 0.187325 -0.870677 -0.454788 0.485926 
1537390899015 0.237125 0.921616 -0.307238 -0.637344 -0.939334 0.298192 0.169506 -0.252027 0.247836 0.248405 0.936415 0.37876 0.316241 -0.38488 0.867098 0.400864 -0.930001 -0.306251 0.203246 -0.504429 0.187325 -0.870677 -0.454788 0.485926 
1537390899522 0.237094 0.921603 -0.307302 -0.636886 -0.939257 0.29826 0.169816 -0.251848 0.248159 0.248373 0.936338 0.378915 0.316241 -0.38488 0.867098 0.400864 -0.930001 -0.306251 0.203246 -0.504429 0.187325 -0.870677 -0.454788 0.485926 
1537390899838 0.237063 0.92159 -0.307366 -0.636429 -0.939179 0.298327 0.170126 -0.251669 0.248482 0.248341 0.93626 0.37907 0.316241 -0.38488 0.867098 0.400864 -0.930001 -0.306251 0.203246 -0.504429 0.187325 -0.870677 -0.454788 0.485926 
1537390899845 0.237031 0.921576 -0.30743 -0.635971 -0.939102 0.298395 0.170436 -0.251489 0.248805 0.24831 0.936183 0.379225 0.316241 -0.38488 0.867098 0.400864 -0.930001 -0.306251 0.203246 -0.504429 0.187325 -0.870677 -0.454788 0.485926 
1537390900354 0.237 0.921563 -0.307494 -0.635514 -0.939024 0.298462 0.170746 -0.25131 0.249128 0.248278 0.936105 0.37938 0.316241 -0.38488 0.867098 0.400864 -0.930001 -0.306251 0.203246 -0.504429 0.187325 -0.870677 -0.454788 0.485926 
1537390900359 0.236952 0.921564 -0.307528 -0.635221 -0.93895 0.298509 0.171073 -0.251213 0.249455 0.248217 0.936034 0.379504 0.316531 -0.385118 0.866887 0.401814 -0.929976 -0.306103 0.20358 -0.50615 0.186955 -0.870623 -0.455042 0.486735 
1537390900907 0.237079 0.921513 -0.307583 -0.635424 -0.938982 0.298576 0.17078 -0.251379 0.249213 0.248327 0.93607 0.379366 0.16008 -0.304787 0.938871 0.370831 -0.775623 0.549475 0.310623 -0.528794 -0.61056 -0.777934 -0.14844 0.432481 
1537390900929 0.236967 0.921517 -0.307657 -0.635 -0.93884 0.298653 0.171425 -0.251234 0.249853 0.248218 0.935928 0.379505 0.316241 -0.38488 0.867098 0.400864 -0.930001 -0.306251 0.203246 -0.504429 0.187325 -0.870677 -0.454788 0.485926 
1537390901047 0.236856 0.921521 -0.30773 -0.634576 -0.938697 0.29873 0.172068 -0.251088 0.250493 0.24811 0.935786 0.379645 0.316241 -0.38488 0.867098 0.400864 -0.930001 -0.306251 0.203246 -0.504429 0.187325 -0.870677 -0.454788 0.485926 
1537390901271 0.236745 0.921525 -0.307804 -0.634153 -0.938555 0.298808 0.172711 -0.250943 0.251132 0.248003 0.935643 0.379784 0.316241 -0.38488 0.867098 0.400864 -0.930001 -0.306251 0.203246 -0.504429 0.187325 -0.870677 -0.454788 0.485926 
1537390901581 0.236634 0.921529 -0.307878 -0.633729 -0.938411 0.298885 0.173354 -0.250797 0.251771 0.247895 0.9355 0.379923 0.316241 -0.38488 0.867098 0.400864 -0.930001 -0.306251 0.203246 -0.504429 0.187325 -0.870677 -0.454788 0.485926 
1537390901901 0.236522 0.921533 -0.307951 -0.633305 -0.938268 0.298963 0.173997 -0.250652 0.25241 0.247786 0.935356 0.380063 0.316241 -0.38488 0.867098 0.400864 -0.930001 -0.306251 0.203246 -0.504429 0.187325 -0.870677 -0.454788 0.485926 
1537390902211 0.236411 0.921537 -0.308025 -0.632881 -0.938124 0.29904 0.17464 -0.250507 0.253049 0.247678 0.935212 0.380202 0.316241 -0.38488 0.867098 0.400864 -0.930001 -0.306251 0.203246 -0.504429 0.187325 -0.870677 -0.454788 0.485926 
1537390902422 0.2363 0.921541 -0.308098 -0.632457 -0.937979 0.299117 0.175283 -0.250361 0.253688 0.24757 0.935068 0.380341 0.316241 -0.38488 0.867098 0.400864 -0.930001 -0.306251 0.203246 -0.504429 0.187325 -0.870677 -0.454788 0.485926 
1537390902741 0.236188 0.921545 -0.308171 -0.632033 -0.937834 0.299194 0.175926 -0.250216 0.254327 0.247462 0.934923 0.380481 0.316241 -0.38488 0.867098 0.400864 -0.930001 -0.306251 0.203246 -0.504429 0.187325 -0.870677 -0.454788 0.485926 
1537390903073 0.236063 0.921561 -0.30822 -0.631743 -0.937691 0.299254 0.176583 -0.250138 0.254969 0.24733 0.934783 0.380594 0.316531 -0.385118 0.866887 0.401814 -0.929976 -0.306103 0.20358 -0.50615 0.186955 -0.870623 -0.455042 0.486735 
1537390903311 0.236057 0.921556 -0.308239 -0.631997 -0.937791 0.299157 0.17622 -0.250158 0.254609 0.247466 0.934845 0.380454 0.16008 -0.304787 0.938871 0.370831 -0.775623 0.549475 0.310623 -0.528794 -0.61056 -0.777934 -0.14844 0.432481 
1537390903322 0.236075 0.921497 -0.308402 -0.631641 -0.937745 0.299246 0.176314 -0.250006 0.254761 0.247579 0.934774 0.380584 0.316241 -0.38488 0.867098 0.400864 -0.930001 -0.306251 0.203246 -0.504429 0.187325 -0.870677 -0.454788 0.485926 
1537390903444 0.236087 0.92144 -0.308563 -0.631283 -0.937698 0.29933 0.176419 -0.249848 0.254921 0.247689 0.934701 0.380715 0.316241 -0.38488 0.867098 0.400864 -0.930001 -0.306251 0.203246 -0.504429 0.187325 -0.870677 -0.454788 0.485926 
1537390903654 0.236099 0.921382 -0.308726 -0.630926 -0.937652 0.299415 0.176522 -0.249691 0.255082 0.247801 0.934627 0.380846 0.316241 -0.38488 0.867098 0.400864 -0.930001 -0.306251 0.203246 -0.504429 0.187325 -0.870677 -0.454788 0.485926 
1537390903665 0.236111 0.921325 -0.308888 -0.630568 -0.937605 0.299499 0.176626 -0.249533 0.255242 0.247911 0.934554 0.380977 0.316241 -0.38488 0.867098 0.400864 -0.930001 -0.306251 0.203246 -0.504429 0.187325 -0.870677 -0.454788 0.485926 
1537390904071 0.236122 0.921268 -0.309049 -0.630211 -0.937558 0.299584 0.176731 -0.249375 0.255402 0.248022 0.934481 0.381108 0.316241 -0.38488 0.867098 0.400864 -0.930001 -0.306251 0.203246 -0.504429 0.187325 -0.870677 -0.454788 0.485926 
1537390904382 0.236134 0.921211 -0.309211 -0.629853 -0.937512 0.299669 0.176835 -0.249217 0.255563 0.248132 0.934408 0.381239 0.316241 -0.38488 0.867098 0.400864 -0.930001 -0.306251 0.203246 -0.504429 0.187325 -0.870677 -0.454788 0.485926 
1537390904708 0.236146 0.921153 -0.309373 -0.629496 -0.937465 0.299753 0.176939 -0.24906 0.255723 0.248243 0.934335 0.38137 0.316241 -0.38488 0.867098 0.400864 -0.930001 -0.306251 0.203246 -0.504429 0.187325 -0.870677 -0.454788 0.485926 
1537390904917 0.236158 0.921096 -0.309535 -0.629138 -0.937418 0.299838 0.177043 -0.248902 0.255883 0.248354 0.934261 0.381501 0.316241 -0.38488 0.867098 0.400864 -0.930001 -0.306251 0.203246 -0.504429 0.187325 -0.870677 -0.454788 0.485926 
1537390905229 0.236156 0.92105 -0.309673 -0.62891 -0.937374 0.299906 0.177161 -0.24881 0.256047 0.248442 0.934193 0.381608 0.316531 -0.385118 0.866887 0.401814 -0.929976 -0.306103 0.20358 -0.50615 0.186955 -0.870623 -0.455042 0.486735 
1537390905501 0.236109 0.921142 -0.309435 -0.629191 -0.937435 0.299768 0.177071 -0.248835 0.255866 0.248268 0.934289 0.381528 0.16008 -0.304787 0.938871 0.370831 -0.775623 0.549475 0.310623 -0.528794 -0.61056 -0.777934 -0.14844 0.432481 
1537390905522 0.236195 0.921121 -0.309432 -0.628952 -0.937467 0.299797 0.176855 -0.248702 0.255672 0.24831 0.934331 0.381601 0.316241 -0.38488 0.867098 0.400864 -0.930001 -0.306251 0.203246 -0.504429 0.187325 -0.870677 -0.454788 0.485926 
1537390905543 0.23628 0.9211 -0.30943 -0.628714 -0.937498 0.299826 0.17664 -0.248568 0.255478 0.248353 0.934372 0.381674 0.316241 -0.38488 0.867098 0.400864 -0.930001 -0.306251 0.203246 -0.504429 0.187325 -0.870677 -0.454788 0.485926 
1537390905662 0.236365 0.921079 -0.309427 -0.628475 -0.937529 0.299855 0.176425 -0.248435 0.255284 0.248396 0.934414 0.381747 0.316241 -0.38488 0.867098 0.400864 -0.930001 -0.306251 0.203246 -0.504429 0.187325 -0.870677 -0.454788 0.485926 
1537390905869 0.236451 0.921058 -0.309425 -0.628236 -0.937561 0.299884 0.17621 -0.248302 0.255091 0.248439 0.934455 0.38182 0.316241 -0.38488 0.867098 0.400864 -0.930001 -0.306251 0.203246 -0.504429 0.187325 -0.870677 -0.454788 0.485926 
1537390906079 0.236536 0.921037 -0.309422 -0.627998 -0.937592 0.299913 0.175994 -0.248168 0.254897 0.248482 0.934497 0.381893 0.316241 -0.38488 0.867098 0.400864 -0.930001 -0.306251 0.203246 -0.504429 0.187325 -0.870677 -0.454788 0.485926 
1537390906303 0.236621 0.921016 -0.309419 -0.627759 -0.937623 0.299942 0.175779 -0.248035 0.254703 0.248525 0.934538 0.381966 0.316241 -0.38488 0.867098 0.400864 -0.930001 -0.306251 0.203246 -0.504429 0.187325 -0.870677 -0.454788 0.485926 
1537390906521 0.236707 0.920995 -0.309417 -0.62752 -0.937654 0.29997 0.175564 -0.247901 0.254509 0.248569 0.934579 0.382039 0.316241 -0.38488 0.867098 0.400864 -0.930001 -0.306251 0.203246 -0.504429 0.187325 -0.870677 -0.454788 0.485926 
1537390906752 0.236792 0.920974 -0.309414 -0.627282 -0.937685 0.299999 0.175349 -0.247768 0.254315 0.248612 0.934621 0.382112 0.316241 -0.38488 0.867098 0.400864 -0.930001 -0.306251 0.203246 -0.504429 0.187325 -0.870677 -0.454788 0.485926 
1537390906964 0.236868 0.920961 -0.309395 -0.627131 -0.937718 0.300017 0.175143 -0.247679 0.254123 0.248639 0.934666 0.382167 0.316531 -0.385118 0.866887 0.401814 -0.929976 -0.306103 0.20358 -0.50615 0.186955 -0.870623 -0.455042 0.486735 
1537390907198 0.237007 0.920897 -0.309479 -0.627383 -0.93762 0.300226 0.175309 -0.247983 0.254355 0.248624 0.934607 0.382085 0.16008 -0.304787 0.938871 0.370831 -0.775623 0.549475 0.310623 -0.528794 -0.61056 -0.777934 -0.14844 0.432481 
1537390907206 0.236995 0.920845 -0.309642 -0.627151 -0.937601 0.300267 0.175341 -0.247889 0.254437 0.248766 0.934547 0.382167 0.316241 -0.38488 0.867098 0.400864 -0.930001 -0.306251 0.203246 -0.504429 0.187325 -0.870677 -0.454788 0.485926 
1537390907321 0.236983 0.920793 -0.309804 -0.626918 -0.937582 0.300308 0.175373 -0.247796 0.254519 0.248906 0.934487 0.38225 0.316241 -0.38488 0.867098 0.400864 -0.930001 -0.306251 0.203246 -0.504429 0.187325 -0.870677 -0.454788 0.485926 
1537390907326 0.236971 0.920742 -0.309967 -0.626686 -0.937562 0.30035 0.175405 -0.247702 0.254601 0.249047 0.934427 0.382332 0.316241 -0.38488 0.867098 0.400864 -0.930001 -0.306251 0.203246 -0.504429 0.187325 -0.870677 -0.454788 0.485926 
1537390907537 0.236959 0.92069 -0.31013 -0.626453 -0.937543 0.300392 0.175436 -0.247608 0.254683 0.249189 0.934367 0.382414 0.316241 -0.38488 0.867098 0.400864 -0.930001 -0.306251 0.203246 -0.504429 0.187325 -0.870677 -0.454788 0.485926 
1537390907756 0.236948 0.920638 -0.310293 -0.626221 -0.937524 0.300434 0.175468 -0.247514 0.254765 0.24933 0.934307 0.382496 0.316241 -0.38488 0.867098 0.400864 -0.930001 -0.306251 0.203246 -0.504429 0.187325 -0.870677 -0.454788 0.485926 
1537390907961 0.236936 0.920586 -0.310455 -0.625988 -0.937504 0.300475 0.1755 -0.247421 0.254847 0.249471 0.934247 0.382579 0.316241 -0.38488 0.867098 0.400864 -0.930001 -0.306251 0.203246 -0.504429 0.187325 -0.870677 -0.454788 0.485926 
1537390908177 0.236924 0.920534 -0.310618 -0.625756 -0.937485 0.300517 0.175531 -0.247327 0.254928 0.249612 0.934187 0.382661 0.316241 -0.38488 0.867098 0.400864 -0.930001 -0.306251 0.203246 -0.504429 0.187325 -0.870677 -0.454788 0.485926 
1537390908401 0.236912 0.920482 -0.310781 -0.625523 -0.937466 0.300558 0.175563 -0.247233 0.25501 0.249753 0.934127 0.382743 0.316241 -0.38488 0.867098 0.400864 -0.930001 -0.306251 0.203246 -0.504429 0.187325 -0.870677 -0.454788 0.485926 
1537390908621 0.236892 0.920438 -0.310928 -0.625372 -0.937448 0.30059 0.175604 -0.247181 0.255094 0.24988 0.93407 0.38281 0.316531 -0.385118 0.866887 0.401814 -0.929976 -0.306103 0.20358 -0.50615 0.186955 -0.870623 -0.455042 0.486735 
1537390908756 0.236931 0.920538 -0.310602 -0.625701 -0.937516 0.300488 0.175415 -0.247227 0.254808 0.249633 0.934214 0.382725 0.16008 -0.304787 0.938871 0.370831 -0.775623 0.549475 0.310623 -0.528794 -0.61056 -0.777934 -0.14844 0.432481 
1537390908759 0.237033 0.920486 -0.310677 -0.625491 -0.937485 0.300605 0.175383 -0.247131 0.254828 0.249683 0.934195 0.382787 0.316241 -0.38488 0.867098 0.400864 -0.930001 -0.306251 0.203246 -0.504429 0.187325 -0.870677 -0.454788 0.485926 
1537390908777 0.237135 0.920434 -0.310754 -0.625281 -0.937454 0.300721 0.175351 -0.247035 0.254849 0.249736 0.934176 0.382849 0.316241 -0.38488 0.867098 0.400864 -0.930001 -0.306251 0.203246 -0.504429 0.187325 -0.870677 -0.454788 0.485926 
1537390908897 0.237236 0.920382 -0.310831 -0.625071 -0.937422 0.300837 0.175318 -0.24694 0.254869 0.249788 0.934156 0.382911 0.316241 -0.38488 0.867098 0.400864 -0.930001 -0.306251 0.203246 -0.504429 0.187325 -0.870677 -0.454788 0.485926 
1537390909104 0.237337 0.92033 -0.310907 -0.624861 -0.937391 0.300952 0.175287 -0.246844 0.25489 0.249839 0.934137 0.382974 0.316241 -0.38488 0.867098 0.400864 -0.930001 -0.306251 0.203246 -0.504429 0.187325 -0.870677 -0.454788 0.485926 
1537390909317 0.237439 0.920278 -0.310984 -0.624651 -0.93736 0.301068 0.175254 -0.246748 0.25491 0.249892 0.934117 0.383036 0.316241 -0.38488 0.867098 0.400864 -0.930001 -0.306251 0.203246 -0.504429 0.187325 -0.870677 -0.454788 0.485926 
1537390909537 0.23754 0.920226 -0.311061 -0.624441 -0.937329 0.301184 0.175222 -0.246652 0.254931 0.249944 0.934098 0.383098 0.316241 -0.38488 0.867098 0.400864 -0.930001 -0.306251 0.203246 -0.504429 0.187325 -0.870677 -0.454788 0.485926 
1537390909762 0.237641 0.920174 -0.311137 -0.624231 -0.937298 0.3013 0.17519 -0.246557 0.254951 0.249996 0.934078 0.38316 0.316241 -0.38488 0.867098 0.400864 -0.930001 -0.306251 0.203246 -0.504429 0.187325 -0.870677 -0.454788 0.485926 
1537390909968 0.237742 0.920122 -0.311214 -0.624021 -0.937266 0.301416 0.175158 -0.246461 0.254972 0.250048 0.934059 0.383222 0.316241 -0.38488 0.867098 0.400864 -0.930001 -0.306251 0.203246 -0.504429 0.187325 -0.870677 -0.454788 0.485926 
1537390910182 0.237836 0.920077 -0.311276 -0.623884 -0.937237 0.301522 0.175134 -0.246403 0.254994 0.250086 0.934042 0.38327 0.316531 -0.385118 0.866887 0.401814 -0.929976 -0.306103 0.20358 -0.50615 0.186955 -0.870623 -0.455042 0.486735 
1537390910332 0.237491 0.920212 -0.311139 -0.624083 -0.937361 0.301133 0.175135 -0.246384 0.254856 0.250056 0.934088 0.383147 0.16008 -0.304787 0.938871 0.370831 -0.775623 0.549475 0.310623 -0.528794 -0.61056 -0.777934 -0.14844 0.432481 
1537390910346 0.237603 0.920177 -0.311158 -0.623844 -0.937329 0.301247 0.175115 -0.246284 0.254872 0.250049 0.934085 0.383229 0.316241 -0.38488 0.867098 0.400864 -0.930001 -0.306251 0.203246 -0.504429 0.187325 -0.870677 -0.454788 0.485926 
1537390910362 0.237716 0.920141 -0.311178 -0.623604 -0.937296 0.301362 0.175094 -0.246184 0.254888 0.250044 0.934083 0.38331 0.316241 -0.38488 0.867098 0.400864 -0.930001 -0.306251 0.203246 -0.504429 0.187325 -0.870677 -0.454788 0.485926 
1537390910580 0.237828 0.920105 -0.311199 -0.623365 -0.937263 0.301477 0.175072 -0.246084 0.254904 0.250038 0.93408 0.383392 0.316241 -0.38488 0.867098 0.400864 -0.930001 -0.306251 0.203246 -0.504429 0.187325 -0.870677 -0.454788 0.485926 
1537390910695 0.237941 0.920069 -0.311219 -0.623125 -0.93723 0.301591 0.175051 -0.245983 0.25492 0.250032 0.934077 0.383473 0.316241 -0.38488 0.867098 0.400864 -0.930001 -0.306251 0.203246 -0.504429 0.187325 -0.870677 -0.454788 0.485926 
1537390910910 0.238053 0.920033 -0.31124 -0.622886 -0.937197 0.301706 0.17503 -0.245883 0.254936 0.250026 0.934074 0.383555 0.316241 -0.38488 0.867098 0.400864 -0.930001 -0.306251 0.203246 -0.504429 0.187325 -0.870677 -0.454788 0.485926 
1537390910915 0.238166 0.919997 -0.31126 -0.622646 -0.937164 0.30182 0.175008 -0.245783 0.254952 0.250021 0.934071 0.383636 0.316241 -0.38488 0.867098 0.400864 -0.930001 -0.306251 0.203246 -0.504429 0.187325 -0.870677 -0.454788 0.485926 
1537390911227 0.238279 0.919961 -0.31128 -0.622407 -0.937131 0.301935 0.174987 -0.245683 0.254968 0.250015 0.934069 0.383718 0.316241 -0.38488 0.867098 0.400864 -0.930001 -0.306251 0.203246 -0.504429 0.187325 -0.870677 -0.454788 0.485926 
1537390911460 0.238391 0.919925 -0.311301 -0.622168 -0.937098 0.302049 0.174966 -0.245583 0.254984 0.250009 0.934066 0.3838 0.316241 -0.38488 0.867098 0.400864 -0.930001 -0.306251 0.203246 -0.504429 0.187325 -0.870677 -0.454788 0.485926 
1537390911670 0.238496 0.919896 -0.311307 -0.622005 -0.937067 0.302154 0.174953 -0.245522 0.255001 0.24999 0.934066 0.383866 0.316531 -0.385118 0.866887 0.401814 -0.929976 -0.306103 0.20358 -0.50615 0.186955 -0.870623 -0.455042 0.486735 
1537390911919 0.238505 0.919842 -0.311459 -0.622185 -0.937055 0.302201 0.174935 -0.245701 0.255036 0.250131 0.934019 0.383768 0.16008 -0.304787 0.938871 0.370831 -0.775623 0.549475 0.310623 -0.528794 -0.61056 -0.777934 -0.14844 0.432481 
1537390911930 0.238669 0.919819 -0.3114 -0.621875 -0.937028 0.302332 0.174857 -0.245595 0.254983 0.250058 0.934053 0.383857 0.316241 -0.38488 0.867098 0.400864 -0.930001 -0.306251 0.203246 -0.504429 0.187325 -0.870677 -0.454788 0.485926 
1537390912049 0.238834 0.919796 -0.311342 -0.621565 -0.937 0.302462 0.174778 -0.245488 0.254929 0.249985 0.934087 0.383945 0.316241 -0.38488 0.867098 0.400864 -0.930001 -0.306251 0.203246 -0.504429 0.187325 -0.870677 -0.454788 0.485926 
1537390912164 0.238997 0.919773 -0.311284 -0.621256 -0.936973 0.302591 0.1747 -0.245382 0.254876 0.249912 0.934121 0.384034 0.316241 -0.38488 0.867098 0.400864 -0.930001 -0.306251 0.203246 -0.504429 0.187325 -0.870677 -0.454788 0.485926 
1537390912377 0.239162 0.91975 -0.311226 -0.620946 -0.936946 0.302722 0.174621 -0.245275 0.254822 0.249839 0.934155 0.384123 0.316241 -0.38488 0.867098 0.400864 -0.930001 -0.306251 0.203246 -0.504429 0.187325 -0.870677 -0.454788 0.485926 
1537390912589 0.239326 0.919727 -0.311168 -0.620636 -0.936918 0.302852 0.174542 -0.245169 0.254769 0.249766 0.934189 0.384212 0.316241 -0.38488 0.867098 0.400864 -0.930001 -0.306251 0.203246 -0.504429 0.187325 -0.870677 -0.454788 0.485926 
1537390912913 0.23949 0.919704 -0.311109 -0.620326 -0.936891 0.302982 0.174464 -0.245063 0.254715 0.249693 0.934223 0.3843 0.316241 -0.38488 0.867098 0.400864 -0.930001 -0.306251 0.203246 -0.504429 0.187325 -0.870677 -0.454788 0.485926 
1537390912932 0.239654 0.919681 -0.311051 -0.620016 -0.936864 0.303112 0.174385 -0.244956 0.254662 0.24962 0.934257 0.384389 0.316241 -0.38488 0.867098 0.400864 -0.930001 -0.306251 0.203246 -0.504429 0.187325 -0.870677 -0.454788 0.485926 
1537390913125 0.239818 0.919658 -0.310993 -0.619706 -0.936836 0.303242 0.174306 -0.24485 0.254608 0.249547 0.934292 0.384478 0.316241 -0.38488 0.867098 0.400864 -0.930001 -0.306251 0.203246 -0.504429 0.187325 -0.870677 -0.454788 0.485926 
1537390913453 0.239973 0.919643 -0.310918 -0.619486 -0.936811 0.30336 0.174238 -0.24479 0.254557 0.249458 0.934329 0.384549 0.316531 -0.385118 0.866887 0.401814 -0.929976 -0.306103 0.20358 -0.50615 0.186955 -0.870623 -0.455042 0.486735 
1537390913705 0.239695 0.919692 -0.310986 -0.619896 -0.936852 0.303138 0.174397 -0.244882 0.254664 0.249546 0.934277 0.384467 0.16008 -0.304787 0.938871 0.370831 -0.775623 0.549475 0.310623 -0.528794 -0.61056 -0.777934 -0.14844 0.432481 
1537390913709 0.239852 0.91971 -0.310811 -0.619568 -0.936787 0.303279 0.174504 -0.244722 0.254756 0.249309 0.934315 0.384547 0.316241 -0.38488 0.867098 0.400864 -0.930001 -0.306251 0.203246 -0.504429 0.187325 -0.870677 -0.454788 0.485926 
1537390913821 0.240009 0.919729 -0.310636 -0.61924 -0.936722 0.303418 0.174612 -0.244561 0.254848 0.249071 0.934353 0.384626 0.316241 -0.38488 0.867098 0.400864 -0.930001 -0.306251 0.203246 -0.504429 0.187325 -0.870677 -0.454788 0.485926 
1537390913933 0.240166 0.919747 -0.310459 -0.618912 -0.936657 0.303558 0.174719 -0.2444 0.25494 0.248832 0.934392 0.384706 0.316241 -0.38488 0.867098 0.400864 -0.930001 -0.306251 0.203246 -0.504429 0.187325 -0.870677 -0.454788 0.485926 
1537390914147 0.240323 0.919765 -0.310284 -0.618583 -0.936591 0.303698 0.174826 -0.24424 0.255032 0.248595 0.93443 0.384786 0.316241 -0.38488 0.867098 0.400864 -0.930001 -0.306251 0.203246 -0.504429 0.187325 -0.870677 -0.454788 0.485926 
1537390914473 0.24048 0.919784 -0.310109 -0.618255 -0.936526 0.303837 0.174933 -0.244079 0.255123 0.248357 0.934468 0.384866 0.316241 -0.38488 0.867098 0.400864 -0.930001 -0.306251 0.203246 -0.504429 0.187325 -0.870677 -0.454788 0.485926 
1537390914893 0.240637 0.919802 -0.309933 -0.617927 -0.936461 0.303977 0.175041 -0.243919 0.255215 0.248119 0.934506 0.384946 0.316241 -0.38488 0.867098 0.400864 -0.930001 -0.306251 0.203246 -0.504429 0.187325 -0.870677 -0.454788 0.485926 
