1532543048697 0.268258 0.715145 -0.64545 -0.581626 -0.955376 0.283509 -0.0829463 -0.251821 0.123672 0.638898 0.759285 0.403277 -0.0819751 -0.113686 0.990129 0.372174 -0.97959 0.192138 -0.0590415 -0.461016 -0.183529 -0.974761 -0.127116 0.455692 
1532543048710 0.266308 0.71346 -0.648117 -0.581602 -0.955601 0.283405 -0.0806738 -0.251933 0.126122 0.640825 0.757256 0.403536 -0.0815329 -0.113572 0.990179 0.372157 -0.979725 0.191556 -0.0587008 -0.461096 -0.183008 -0.974888 -0.126888 0.45567 
1532543048717 0.26435 0.711768 -0.650773 -0.581578 -0.955819 0.283308 -0.0784013 -0.252045 0.128566 0.642746 0.755214 0.403794 -0.0810907 -0.113459 0.990228 0.372141 -0.979859 0.190975 -0.0583599 -0.461175 -0.182487 -0.975016 -0.12666 0.455645 
1532543048964 0.262384 0.710069 -0.653419 -0.581554 -0.95603 0.283217 -0.0761279 -0.252157 0.131003 0.644662 0.753159 0.404053 -0.0806482 -0.113345 0.990277 0.372124 -0.979992 0.190393 -0.0580186 -0.461254 -0.181966 -0.975143 -0.126432 0.45562 
1532543049139 0.26041 0.708364 -0.656055 -0.58153 -0.956233 0.283132 -0.0738539 -0.252268 0.133434 0.646573 0.751091 0.404311 -0.0802063 -0.113231 0.990326 0.372108 -0.980125 0.189812 -0.0576776 -0.461333 -0.181444 -0.975269 -0.126204 0.455595 
1532543049268 0.258427 0.706652 -0.658679 -0.581506 -0.95643 0.283052 -0.0715789 -0.25238 0.135859 0.648479 0.749011 0.40457 -0.0797644 -0.113116 0.990375 0.372091 -0.980257 0.18923 -0.0573365 -0.461412 -0.180923 -0.975396 -0.125977 0.45557 
1532543049487 0.256435 0.704934 -0.661294 -0.581481 -0.956619 0.282979 -0.0693031 -0.252492 0.138278 0.650378 0.746919 0.404829 -0.0793226 -0.113001 0.990423 0.372074 -0.980389 0.188648 -0.0569953 -0.461491 -0.180401 -0.975522 -0.125749 0.455546 
1532543049512 0.254435 0.703209 -0.663897 -0.581457 -0.956801 0.282911 -0.0670264 -0.252604 0.14069 0.652272 0.744814 0.405087 -0.0788809 -0.112886 0.990472 0.372058 -0.980521 0.188066 -0.0566541 -0.46157 -0.179879 -0.975647 -0.125522 0.455521 
1532543049678 0.252428 0.701478 -0.66649 -0.581434 -0.956976 0.282849 -0.0647491 -0.252716 0.143096 0.65416 0.742697 0.405345 -0.0784397 -0.112771 0.99052 0.372041 -0.980652 0.187485 -0.0563131 -0.461649 -0.179357 -0.975773 -0.125295 0.455497 
1532543049928 0.250418 0.699745 -0.669065 -0.58142 -0.957144 0.282794 -0.0624781 -0.25282 0.145489 0.656036 0.740574 0.405583 -0.0779991 -0.112656 0.990568 0.372026 -0.980783 0.186903 -0.0559722 -0.461723 -0.178835 -0.975897 -0.12507 0.455473 
1532543050456 0.250447 0.699855 -0.668939 -0.581441 -0.957135 0.282831 -0.0624433 -0.252787 0.145495 0.655904 0.74069 0.405628 -0.078084 -0.112519 0.990577 0.371999 -0.980773 0.186922 -0.0560788 -0.461716 -0.178851 -0.97591 -0.124951 0.455492 
1532543050468 0.25024 0.699669 -0.66921 -0.581435 -0.957153 0.282822 -0.0622177 -0.252802 0.145735 0.656106 0.740464 0.405651 -0.0780313 -0.112521 0.990581 0.372 -0.980787 0.186862 -0.0560339 -0.461725 -0.178797 -0.975921 -0.12494 0.455488 
1532543050590 0.250035 0.699484 -0.669481 -0.58143 -0.95717 0.282813 -0.0619924 -0.252817 0.145975 0.656307 0.740238 0.405675 -0.0779786 -0.112523 0.990585 0.372001 -0.980801 0.186803 -0.055989 -0.461734 -0.178744 -0.975932 -0.124929 0.455483 
1532543050612 0.249829 0.699298 -0.669752 -0.581424 -0.957187 0.282804 -0.0617672 -0.252833 0.146215 0.656509 0.740012 0.405698 -0.0779259 -0.112525 0.990589 0.372001 -0.980815 0.186743 -0.0559441 -0.461744 -0.17869 -0.975943 -0.124918 0.455479 
1532543050737 0.249623 0.699113 -0.670022 -0.581419 -0.957204 0.282796 -0.0615419 -0.252848 0.146455 0.65671 0.739786 0.405722 -0.0778731 -0.112526 0.990593 0.372002 -0.980829 0.186683 -0.0558992 -0.461753 -0.178637 -0.975954 -0.124907 0.455474 
1532543050854 0.249417 0.698927 -0.670293 -0.581413 -0.957221 0.282786 -0.0613165 -0.252863 0.146694 0.656912 0.739559 0.405745 -0.0778204 -0.112528 0.990596 0.372003 -0.980842 0.186624 -0.0558544 -0.461762 -0.178584 -0.975966 -0.124896 0.45547 
1532543050860 0.249211 0.698741 -0.670564 -0.581407 -0.957238 0.282778 -0.0610912 -0.252878 0.146934 0.657113 0.739332 0.405769 -0.0777677 -0.11253 0.9906 0.372004 -0.980856 0.186564 -0.0558095 -0.461771 -0.17853 -0.975977 -0.124884 0.455466 
1532543050959 0.249004 0.698555 -0.670834 -0.581402 -0.957255 0.282769 -0.0608658 -0.252893 0.147173 0.657315 0.739106 0.405792 -0.077715 -0.112532 0.990604 0.372005 -0.98087 0.186505 -0.0557646 -0.46178 -0.178477 -0.975988 -0.124873 0.455461 
1532543051008 0.248798 0.698369 -0.671104 -0.581396 -0.957272 0.282761 -0.0606405 -0.252909 0.147413 0.657516 0.738879 0.405816 -0.0776623 -0.112533 0.990608 0.372005 -0.980884 0.186445 -0.0557197 -0.46179 -0.178424 -0.975999 -0.124862 0.455457 
1532543051155 0.248592 0.698183 -0.671373 -0.581392 -0.957288 0.282753 -0.0604159 -0.252923 0.147651 0.657717 0.738653 0.405837 -0.0776101 -0.112535 0.990612 0.372006 -0.980898 0.186385 -0.0556753 -0.461798 -0.17837 -0.97601 -0.124851 0.455452 
1532543051220 0.248916 0.698536 -0.670886 -0.581408 -0.95729 0.282648 -0.0608817 -0.252901 0.147097 0.657387 0.739057 0.405741 -0.0777531 -0.112438 0.990612 0.371971 -0.980881 0.186428 -0.0558291 -0.461805 -0.178401 -0.976013 -0.124784 0.455503 
1532543051234 0.249958 0.699432 -0.669564 -0.581327 -0.957248 0.282487 -0.0622658 -0.252827 0.145592 0.656503 0.74014 0.405639 -0.0777338 -0.112447 0.990612 0.371975 -0.980884 0.186419 -0.0558096 -0.461805 -0.178393 -0.976014 -0.124789 0.455498 
1532543051250 0.250997 0.700327 -0.668239 -0.581246 -0.957204 0.282328 -0.0636504 -0.252752 0.144086 0.655617 0.741219 0.405538 -0.0777143 -0.112457 0.990613 0.371978 -0.980887 0.186408 -0.0557897 -0.461806 -0.178385 -0.976015 -0.124794 0.455492 
1532543051257 0.252034 0.70122 -0.666911 -0.581165 -0.957157 0.28217 -0.065035 -0.252678 0.142579 0.65473 0.742294 0.405436 -0.0776948 -0.112467 0.990613 0.371982 -0.98089 0.186398 -0.0557699 -0.461806 -0.178376 -0.976016 -0.1248 0.455487 
1532543051270 0.253068 0.702111 -0.66558 -0.581084 -0.957108 0.282014 -0.0664197 -0.252603 0.141069 0.653841 0.743365 0.405335 -0.0776753 -0.112477 0.990614 0.371985 -0.980893 0.186388 -0.0557501 -0.461806 -0.178368 -0.976017 -0.124806 0.455481 
1532543051288 0.254099 0.703001 -0.664246 -0.581004 -0.957057 0.281861 -0.0678045 -0.252529 0.139558 0.65295 0.744433 0.405233 -0.077655 -0.112487 0.990614 0.371989 -0.980896 0.186377 -0.0557295 -0.461806 -0.178359 -0.976018 -0.124811 0.455476 
1532543051296 0.255128 0.70389 -0.662909 -0.580923 -0.957002 0.281708 -0.0691893 -0.252455 0.138045 0.652058 0.745496 0.405131 -0.0776353 -0.112497 0.990615 0.371993 -0.9809 0.186367 -0.0557096 -0.461807 -0.17835 -0.976018 -0.124817 0.45547 
1532543051302 0.256154 0.704777 -0.661569 -0.580842 -0.956945 0.281558 -0.0705742 -0.25238 0.136531 0.651163 0.746556 0.40503 -0.0776156 -0.112507 0.990615 0.371996 -0.980903 0.186356 -0.0556896 -0.461807 -0.178342 -0.976019 -0.124822 0.455465 
1532543051308 0.257178 0.705664 -0.660226 -0.580761 -0.956886 0.281409 -0.0719598 -0.252306 0.135014 0.650267 0.747612 0.404928 -0.0775959 -0.112517 0.990615 0.372 -0.980906 0.186346 -0.0556697 -0.461807 -0.178333 -0.97602 -0.124828 0.455459 
1532543051331 0.258195 0.706546 -0.658884 -0.58068 -0.956825 0.281261 -0.0733406 -0.252237 0.1335 0.649372 0.748661 0.404835 -0.0775767 -0.112527 0.990616 0.372003 -0.980909 0.186336 -0.05565 -0.461808 -0.178325 -0.976021 -0.124834 0.455454 
1532543311679 0.25804 0.70647 -0.659026 -0.580688 -0.95686 0.281162 -0.0732518 -0.252199 0.133543 0.649498 0.748545 0.404798 -0.0776937 -0.112427 0.990618 0.371967 -0.980901 0.186336 -0.0557841 -0.461824 -0.178316 -0.976032 -0.124757 0.4555 
