1533575353486 -0.0755579 0.98327 -0.165744 -0.536916 -0.995047 -0.0635816 0.0764172 -0.269673 0.0646005 0.170697 0.983204 0.39044 0.16008 -0.304787 0.938871 0.370831 -0.775623 0.549475 0.310623 -0.528794 -0.61056 -0.777934 -0.14844 0.432481 
1533575353497 -0.0471975 0.982627 -0.17949 -0.544661 -0.995554 -0.0316112 0.0887271 -0.267562 0.0815118 0.18288 0.97975 0.389525 0.31622 -0.384862 0.867114 0.400795 -0.930002 -0.306263 0.203222 -0.504304 0.187352 -0.87068 -0.454769 0.485867 
1533575353504 -0.019037 0.980906 -0.193547 -0.552407 -0.99493 0.000533754 0.100565 -0.265451 0.0987478 0.194481 0.975923 0.38861 0.31622 -0.384862 0.867114 0.400795 -0.930002 -0.306263 0.203221 -0.504304 0.187353 -0.87068 -0.454769 0.485867 
1533575354295 0.00888898 0.97811 -0.207898 -0.560152 -0.993176 0.0328134 0.111914 -0.26334 0.116286 0.205485 0.971727 0.387694 0.31622 -0.384862 0.867114 0.400795 -0.930002 -0.306262 0.203222 -0.504304 0.187352 -0.87068 -0.454769 0.485867 
1533575354867 0.0365425 0.974242 -0.222525 -0.567898 -0.990293 0.0651842 0.122761 -0.261229 0.134104 0.215879 0.967167 0.386779 0.31622 -0.384862 0.867114 0.400795 -0.930002 -0.306263 0.203222 -0.504304 0.187352 -0.87068 -0.454769 0.485867 
1533575355435 0.0638879 0.969307 -0.237407 -0.575643 -0.986286 0.0976044 0.133092 -0.259118 0.152179 0.225648 0.96225 0.385864 0.31622 -0.384862 0.867114 0.400795 -0.930002 -0.306262 0.203222 -0.504304 0.187352 -0.87068 -0.454769 0.485867 
1533575356003 0.0908895 0.963312 -0.252526 -0.583388 -0.981159 0.130031 0.142892 -0.257007 0.170485 0.234781 0.956981 0.384949 0.31622 -0.384862 0.867114 0.400795 -0.930002 -0.306262 0.203222 -0.504304 0.187352 -0.87068 -0.454769 0.485867 
1533575356568 0.117512 0.956264 -0.267861 -0.591134 -0.97492 0.162423 0.152148 -0.254896 0.189001 0.243264 0.951368 0.384034 0.31622 -0.384862 0.867114 0.400795 -0.930002 -0.306262 0.203222 -0.504304 0.187352 -0.87068 -0.454769 0.485867 
1533575357136 0.143721 0.948173 -0.283394 -0.598879 -0.967577 0.194737 0.16085 -0.252785 0.207701 0.251088 0.945418 0.383118 0.316219 -0.384862 0.867114 0.400795 -0.930003 -0.306262 0.203222 -0.504304 0.187351 -0.870681 -0.454769 0.485867 
1533575357701 0.169481 0.93905 -0.299102 -0.606625 -0.959138 0.226931 0.168985 -0.250674 0.226561 0.258241 0.939139 0.382203 0.31622 -0.384862 0.867114 0.400795 -0.930002 -0.306262 0.203222 -0.504304 0.187352 -0.87068 -0.454769 0.485867 
1533575358275 0.168654 0.939457 -0.298289 -0.606198 -0.959586 0.225656 0.168147 -0.250877 0.225278 0.257875 0.939548 0.382107 0.31622 -0.384862 0.867114 0.400795 -0.930002 -0.306262 0.203222 -0.504304 0.187352 -0.87068 -0.454769 0.485867 
1533575358289 0.171291 0.938451 -0.299948 -0.607015 -0.958642 0.228998 0.169016 -0.250646 0.2273 0.258592 0.938864 0.382025 0.31622 -0.384862 0.867114 0.400795 -0.930002 -0.306262 0.203222 -0.504304 0.187352 -0.87068 -0.454769 0.485867 
1533575358451 0.173923 0.937434 -0.30161 -0.607833 -0.957685 0.232337 0.169878 -0.250414 0.229324 0.259302 0.938175 0.381943 0.31622 -0.384862 0.867114 0.400795 -0.930002 -0.306262 0.203222 -0.504304 0.187352 -0.87068 -0.454769 0.485867 
1533575358640 0.176549 0.936406 -0.303273 -0.60865 -0.956717 0.235674 0.170734 -0.250183 0.23135 0.260004 0.937483 0.381861 0.31622 -0.384862 0.867114 0.400795 -0.930002 -0.306262 0.203222 -0.504304 0.187352 -0.87068 -0.454769 0.485867 
1533575358819 0.17917 0.935367 -0.304939 -0.609467 -0.955737 0.239009 0.171584 -0.249951 0.233377 0.260699 0.936788 0.381779 0.31622 -0.384862 0.867114 0.400795 -0.930002 -0.306262 0.203222 -0.504304 0.187352 -0.87068 -0.454769 0.485867 
1533575359011 0.181785 0.934317 -0.306605 -0.610285 -0.954745 0.242343 0.172427 -0.24972 0.235405 0.261386 0.936089 0.381697 0.31622 -0.384862 0.867114 0.400795 -0.930002 -0.306262 0.203222 -0.504304 0.187352 -0.87068 -0.454769 0.485867 
1533575359195 0.184394 0.933255 -0.308274 -0.611102 -0.953742 0.245675 0.173264 -0.249489 0.237434 0.262065 0.935386 0.381615 0.31622 -0.384862 0.867114 0.400795 -0.930002 -0.306262 0.203222 -0.504304 0.187352 -0.87068 -0.454769 0.485867 
1533575359381 0.186999 0.932184 -0.309944 -0.611919 -0.952727 0.249005 0.174094 -0.249257 0.239465 0.262737 0.93468 0.381533 0.31622 -0.384862 0.867114 0.400795 -0.930002 -0.306262 0.203222 -0.504304 0.187352 -0.87068 -0.454769 0.485867 
1533575359388 0.189597 0.931101 -0.311616 -0.612736 -0.9517 0.252332 0.174918 -0.249026 0.241497 0.263401 0.933969 0.381451 0.31622 -0.384862 0.867114 0.400795 -0.930002 -0.306262 0.203222 -0.504304 0.187352 -0.87068 -0.454769 0.485867 
1533575359693 0.19219 0.930007 -0.31329 -0.613554 -0.950661 0.255658 0.175736 -0.248794 0.24353 0.264058 0.933256 0.381369 0.31622 -0.384862 0.867114 0.400795 -0.930002 -0.306262 0.203222 -0.504304 0.187352 -0.87068 -0.454769 0.485867 
1533575359884 0.191418 0.930397 -0.312605 -0.61321 -0.950986 0.254616 0.175488 -0.248945 0.242868 0.263691 0.933532 0.38141 0.31622 -0.384862 0.867114 0.400795 -0.930002 -0.306262 0.203222 -0.504304 0.187352 -0.87068 -0.454769 0.485867 
1533575359897 0.192103 0.930412 -0.312138 -0.613327 -0.950789 0.255239 0.175654 -0.24895 0.2431 0.263034 0.933657 0.381304 0.31622 -0.384862 0.867114 0.400795 -0.930002 -0.306262 0.203222 -0.504304 0.187352 -0.87068 -0.454769 0.485867 
1533575359914 0.192787 0.930427 -0.311672 -0.613444 -0.950591 0.255861 0.17582 -0.248955 0.243332 0.262377 0.933782 0.381198 0.31622 -0.384862 0.867114 0.400795 -0.930002 -0.306262 0.203222 -0.504304 0.187352 -0.87068 -0.454769 0.485867 
1533575360031 0.193473 0.93044 -0.311206 -0.613561 -0.950392 0.256483 0.175985 -0.24896 0.243563 0.261719 0.933906 0.381092 0.31622 -0.384862 0.867114 0.400795 -0.930002 -0.306262 0.203222 -0.504304 0.187352 -0.87068 -0.454769 0.485867 
1533575360079 0.194158 0.930453 -0.31074 -0.613678 -0.950193 0.257105 0.176151 -0.248965 0.243793 0.261062 0.93403 0.380986 0.31622 -0.384862 0.867114 0.400795 -0.930002 -0.306262 0.203222 -0.504304 0.187352 -0.87068 -0.454769 0.485867 
1533575360161 0.194843 0.930466 -0.310274 -0.613795 -0.949994 0.257727 0.176318 -0.24897 0.244023 0.260404 0.934153 0.38088 0.31622 -0.384862 0.867114 0.400795 -0.930002 -0.306262 0.203222 -0.504304 0.187352 -0.87068 -0.454769 0.485867 
1533575360168 0.195528 0.930477 -0.309807 -0.613913 -0.949794 0.258348 0.176484 -0.248976 0.244253 0.259746 0.934277 0.380775 0.31622 -0.384862 0.867114 0.400795 -0.930002 -0.306262 0.203222 -0.504304 0.187352 -0.87068 -0.454769 0.485867 
1533575360284 0.196213 0.930488 -0.309341 -0.61403 -0.949594 0.258969 0.176651 -0.248981 0.244482 0.259088 0.934399 0.380669 0.31622 -0.384862 0.867114 0.400795 -0.930002 -0.306262 0.203222 -0.504304 0.187352 -0.87068 -0.454769 0.485867 
1533575360342 0.196898 0.930498 -0.308875 -0.614147 -0.949393 0.25959 0.176819 -0.248986 0.244711 0.258429 0.934522 0.380563 0.31622 -0.384862 0.867114 0.400795 -0.930002 -0.306262 0.203222 -0.504304 0.187352 -0.87068 -0.454769 0.485867 
1533575360406 0.197583 0.930508 -0.308409 -0.614264 -0.949192 0.260211 0.176986 -0.248991 0.244939 0.25777 0.934644 0.380457 0.31622 -0.384862 0.867114 0.400795 -0.930002 -0.306262 0.203222 -0.504304 0.187352 -0.87068 -0.454769 0.485867 
1533575360478 0.196903 0.930432 -0.309071 -0.614097 -0.949378 0.259648 0.176819 -0.249075 0.244767 0.258609 0.934457 0.380639 0.31622 -0.384862 0.867114 0.400795 -0.930002 -0.306262 0.203222 -0.504304 0.187352 -0.87068 -0.454769 0.485867 
1533575360491 0.196966 0.930617 -0.308474 -0.614103 -0.949289 0.259673 0.177255 -0.249092 0.245059 0.257918 0.934572 0.380563 0.31622 -0.384862 0.867114 0.400795 -0.930002 -0.306262 0.203222 -0.504304 0.187352 -0.87068 -0.454769 0.485867 
1533575360508 0.19703 0.930801 -0.307877 -0.614109 -0.949201 0.259699 0.177689 -0.249108 0.245349 0.257227 0.934686 0.380486 0.31622 -0.384862 0.867114 0.400795 -0.930002 -0.306262 0.203222 -0.504304 0.187352 -0.87068 -0.454769 0.485867 
1533575360515 0.197095 0.930985 -0.307279 -0.614115 -0.949113 0.259724 0.178124 -0.249125 0.245639 0.256535 0.9348 0.38041 0.31622 -0.384862 0.867114 0.400795 -0.930002 -0.306262 0.203222 -0.504304 0.187352 -0.87068 -0.454769 0.485867 
1533575360644 0.197159 0.931168 -0.306682 -0.614121 -0.949024 0.259749 0.178559 -0.249141 0.245929 0.255844 0.934913 0.380333 0.31622 -0.384862 0.867114 0.400795 -0.930002 -0.306262 0.203222 -0.504304 0.187352 -0.87068 -0.454769 0.485867 
1533575360702 0.197224 0.931351 -0.306084 -0.614126 -0.948936 0.259773 0.178994 -0.249158 0.246218 0.255152 0.935026 0.380257 0.31622 -0.384862 0.867114 0.400795 -0.930002 -0.306262 0.203222 -0.504304 0.187352 -0.87068 -0.454769 0.485867 
1533575360769 0.197289 0.931534 -0.305486 -0.614132 -0.948847 0.259797 0.179428 -0.249175 0.246508 0.254461 0.935138 0.380181 0.31622 -0.384862 0.867114 0.400795 -0.930002 -0.306262 0.203222 -0.504304 0.187352 -0.87068 -0.454769 0.485867 
1533575360833 0.197354 0.931716 -0.304888 -0.614138 -0.948758 0.259821 0.179863 -0.249191 0.246798 0.253769 0.93525 0.380104 0.31622 -0.384862 0.867114 0.400795 -0.930002 -0.306262 0.203222 -0.504304 0.187352 -0.87068 -0.454769 0.485867 
1533575360906 0.197419 0.931898 -0.30429 -0.614144 -0.948669 0.259845 0.180298 -0.249208 0.247087 0.253077 0.935361 0.380028 0.31622 -0.384862 0.867114 0.400795 -0.930002 -0.306262 0.203222 -0.504304 0.187352 -0.87068 -0.454769 0.485867 
1533575360964 0.197485 0.932079 -0.303692 -0.61415 -0.94858 0.259868 0.180732 -0.249224 0.247377 0.252384 0.935471 0.379951 0.31622 -0.384862 0.867114 0.400795 -0.930002 -0.306262 0.203222 -0.504304 0.187352 -0.87068 -0.454769 0.485867 
1533575361034 0.197469 0.931844 -0.304422 -0.614109 -0.948722 0.259852 0.180008 -0.249216 0.246844 0.253266 0.935374 0.380039 0.31622 -0.384862 0.867114 0.400795 -0.930002 -0.306262 0.203222 -0.504304 0.187352 -0.87068 -0.454769 0.485867 
1533575361047 0.197513 0.931884 -0.304271 -0.614091 -0.948721 0.259856 0.180008 -0.249213 0.246813 0.253114 0.935423 0.380065 0.31622 -0.384862 0.867114 0.400795 -0.930002 -0.306262 0.203222 -0.504304 0.187352 -0.87068 -0.454769 0.485867 
1533575361064 0.197557 0.931924 -0.304119 -0.614074 -0.94872 0.25986 0.180007 -0.24921 0.246781 0.252962 0.935473 0.38009 0.31622 -0.384862 0.867114 0.400795 -0.930002 -0.306262 0.203222 -0.504304 0.187352 -0.87068 -0.454769 0.485867 
1533575361081 0.197601 0.931965 -0.303967 -0.614056 -0.948719 0.259864 0.180007 -0.249207 0.24675 0.25281 0.935522 0.380116 0.31622 -0.384862 0.867114 0.400795 -0.930002 -0.306262 0.203222 -0.504304 0.187352 -0.87068 -0.454769 0.485867 
1533575361097 0.197645 0.932005 -0.303815 -0.614039 -0.948718 0.259868 0.180006 -0.249204 0.246718 0.252658 0.935572 0.380142 0.31622 -0.384862 0.867114 0.400795 -0.930002 -0.306262 0.203222 -0.504304 0.187352 -0.87068 -0.454769 0.485867 
1533575361114 0.197689 0.932045 -0.303663 -0.614021 -0.948717 0.259872 0.180006 -0.2492 0.246687 0.252505 0.935621 0.380167 0.31622 -0.384862 0.867114 0.400795 -0.930002 -0.306262 0.203222 -0.504304 0.187352 -0.87068 -0.454769 0.485867 
1533575361131 0.197733 0.932085 -0.303511 -0.614004 -0.948716 0.259875 0.180005 -0.249197 0.246655 0.252353 0.93567 0.380193 0.31622 -0.384862 0.867114 0.400795 -0.930002 -0.306262 0.203222 -0.504304 0.187352 -0.87068 -0.454769 0.485867 
1533575361147 0.197777 0.932125 -0.303359 -0.613986 -0.948716 0.259879 0.180005 -0.249194 0.246624 0.252201 0.93572 0.380219 0.31622 -0.384862 0.867114 0.400795 -0.930002 -0.306262 0.203222 -0.504304 0.187352 -0.87068 -0.454769 0.485867 
1533575361164 0.197821 0.932165 -0.303207 -0.613969 -0.948715 0.259883 0.180004 -0.249191 0.246592 0.252049 0.935769 0.380245 0.31622 -0.384862 0.867114 0.400795 -0.930002 -0.306262 0.203222 -0.504304 0.187352 -0.87068 -0.454769 0.485867 
1533575361181 0.197865 0.932205 -0.303056 -0.613951 -0.948714 0.259887 0.180003 -0.249188 0.24656 0.251897 0.935818 0.38027 0.31622 -0.384862 0.867114 0.400795 -0.930002 -0.306262 0.203222 -0.504304 0.187352 -0.87068 -0.454769 0.485867 
1533575361201 0.197404 0.932026 -0.303906 -0.614075 -0.948779 0.259646 0.180004 -0.249248 0.246677 0.252806 0.935543 0.380042 0.31622 -0.384862 0.867114 0.400795 -0.930002 -0.306262 0.203222 -0.504304 0.187352 -0.87068 -0.454769 0.485867 
1533575361214 0.197332 0.932014 -0.303988 -0.614029 -0.948756 0.259634 0.180146 -0.249248 0.246824 0.252862 0.935488 0.380071 0.31622 -0.384862 0.867114 0.400795 -0.930002 -0.306262 0.203222 -0.504304 0.187352 -0.87068 -0.454769 0.485867 
1533575361231 0.19726 0.932001 -0.304077 -0.613981 -0.948739 0.259615 0.180263 -0.24925 0.246949 0.252931 0.935437 0.380108 0.31622 -0.384862 0.867114 0.400795 -0.930002 -0.306262 0.203222 -0.504304 0.187352 -0.87068 -0.454769 0.485867 
1533575361248 0.197187 0.931988 -0.304166 -0.613932 -0.948721 0.259597 0.180381 -0.249253 0.247073 0.253 0.935386 0.380144 0.31622 -0.384862 0.867114 0.400795 -0.930002 -0.306262 0.203222 -0.504304 0.187352 -0.87068 -0.454769 0.485867 
1533575361264 0.197114 0.931974 -0.304254 -0.613884 -0.948704 0.259578 0.180498 -0.249256 0.247197 0.253069 0.935334 0.380181 0.31622 -0.384862 0.867114 0.400795 -0.930002 -0.306262 0.203222 -0.504304 0.187352 -0.87068 -0.454769 0.485867 
1533575361281 0.197041 0.931961 -0.304343 -0.613835 -0.948687 0.259559 0.180615 -0.249258 0.247321 0.253137 0.935283 0.380217 0.31622 -0.384862 0.867114 0.400795 -0.930002 -0.306262 0.203222 -0.504304 0.187352 -0.87068 -0.454769 0.485867 
1533575361297 0.196968 0.931947 -0.304431 -0.613786 -0.94867 0.259541 0.180733 -0.249261 0.247446 0.253206 0.935231 0.380253 0.31622 -0.384862 0.867114 0.400795 -0.930002 -0.306262 0.203222 -0.504304 0.187352 -0.87068 -0.454769 0.485867 
1533575361356 0.196895 0.931933 -0.30452 -0.613738 -0.948653 0.259522 0.18085 -0.249264 0.24757 0.253275 0.93518 0.38029 0.31622 -0.384862 0.867114 0.400795 -0.930002 -0.306262 0.203222 -0.504304 0.187352 -0.87068 -0.454769 0.485867 
1533575361372 0.196822 0.93192 -0.304608 -0.613689 -0.948635 0.259503 0.180967 -0.249267 0.247694 0.253343 0.935128 0.380326 0.31622 -0.384862 0.867114 0.400795 -0.930002 -0.306262 0.203222 -0.504304 0.187352 -0.87068 -0.454769 0.485867 
1533575361389 0.196749 0.931907 -0.304696 -0.613641 -0.948618 0.259484 0.181085 -0.249269 0.247818 0.253412 0.935077 0.380363 0.31622 -0.384862 0.867114 0.400795 -0.930002 -0.306262 0.203222 -0.504304 0.187352 -0.87068 -0.454769 0.485867 
1533575361409 0.196812 0.932005 -0.304354 -0.613884 -0.948747 0.259332 0.180625 -0.249145 0.247272 0.253206 0.935277 0.380186 0.31622 -0.384862 0.867114 0.400795 -0.930002 -0.306262 0.203222 -0.504304 0.187352 -0.87068 -0.454769 0.485867 
1533575361422 0.196315 0.931907 -0.304976 -0.613802 -0.948803 0.259032 0.180766 -0.249271 0.247456 0.253875 0.935047 0.380275 0.31622 -0.384862 0.867114 0.400795 -0.930002 -0.306262 0.203222 -0.504304 0.187352 -0.87068 -0.454769 0.485867 
1533575361439 0.195817 0.931808 -0.305597 -0.61372 -0.948858 0.258731 0.180908 -0.249398 0.247639 0.254543 0.934817 0.380365 0.31622 -0.384862 0.867114 0.400795 -0.930002 -0.306262 0.203222 -0.504304 0.187352 -0.87068 -0.454769 0.485867 
1533575361514 0.195319 0.931709 -0.306217 -0.613638 -0.948912 0.25843 0.181051 -0.249524 0.247822 0.25521 0.934586 0.380455 0.31622 -0.384862 0.867114 0.400795 -0.930002 -0.306262 0.203222 -0.504304 0.187352 -0.87068 -0.454769 0.485867 
1533575361571 0.194822 0.931609 -0.306837 -0.613556 -0.948967 0.25813 0.181193 -0.249651 0.248005 0.255878 0.934355 0.380544 0.31622 -0.384862 0.867114 0.400795 -0.930002 -0.306262 0.203222 -0.504304 0.187352 -0.87068 -0.454769 0.485867 
1533575361624 0.194324 0.931509 -0.307457 -0.613473 -0.949021 0.257829 0.181336 -0.249777 0.248187 0.256545 0.934124 0.380634 0.31622 -0.384862 0.867114 0.400795 -0.930002 -0.306262 0.203222 -0.504304 0.187352 -0.87068 -0.454769 0.485867 
1533575361696 0.193826 0.931408 -0.308077 -0.613391 -0.949076 0.257529 0.181479 -0.249903 0.248369 0.257213 0.933892 0.380723 0.31622 -0.384862 0.867114 0.400795 -0.930002 -0.306262 0.203222 -0.504304 0.187352 -0.87068 -0.454769 0.485867 
1533575361743 0.193327 0.931306 -0.308696 -0.613309 -0.94913 0.257229 0.181622 -0.25003 0.248551 0.25788 0.93366 0.380812 0.31622 -0.384862 0.867114 0.400795 -0.930002 -0.306262 0.203222 -0.504304 0.187352 -0.87068 -0.454769 0.485867 
1533575361803 0.192829 0.931204 -0.309315 -0.613227 -0.949184 0.256928 0.181765 -0.250156 0.248732 0.258548 0.933427 0.380902 0.31622 -0.384862 0.867114 0.400795 -0.930002 -0.306262 0.203222 -0.504304 0.187352 -0.87068 -0.454769 0.485867 
1533575361872 0.19233 0.931101 -0.309935 -0.613145 -0.949237 0.256628 0.181908 -0.250283 0.248913 0.259215 0.933193 0.380991 0.31622 -0.384862 0.867114 0.400795 -0.930002 -0.306262 0.203222 -0.504304 0.187352 -0.87068 -0.454769 0.485867 
1533575361925 0.192954 0.931229 -0.309162 -0.613245 -0.949181 0.256992 0.181686 -0.250102 0.248643 0.258393 0.933493 0.380773 0.31622 -0.384862 0.867114 0.400795 -0.930002 -0.306262 0.203222 -0.504304 0.187352 -0.87068 -0.454769 0.485867 
1533575361938 0.192582 0.931216 -0.309433 -0.613173 -0.949286 0.256664 0.181602 -0.250243 0.248531 0.258767 0.93342 0.3808 0.31622 -0.384862 0.867114 0.400795 -0.930002 -0.306262 0.203222 -0.504304 0.187352 -0.87068 -0.454769 0.485867 
1533575361955 0.192211 0.931203 -0.309704 -0.6131 -0.949391 0.256335 0.181518 -0.250383 0.248418 0.259141 0.933346 0.380827 0.31622 -0.384862 0.867114 0.400795 -0.930002 -0.306262 0.203222 -0.504304 0.187352 -0.87068 -0.454769 0.485867 
1533575361972 0.191839 0.931189 -0.309976 -0.613028 -0.949496 0.256006 0.181434 -0.250524 0.248305 0.259514 0.933272 0.380854 0.31622 -0.384862 0.867114 0.400795 -0.930002 -0.306262 0.203222 -0.504304 0.187352 -0.87068 -0.454769 0.485867 
1533575362018 0.191467 0.931175 -0.310247 -0.612955 -0.9496 0.255678 0.181351 -0.250664 0.248193 0.259888 0.933198 0.380881 0.31622 -0.384862 0.867114 0.400795 -0.930002 -0.306262 0.203222 -0.504304 0.187352 -0.87068 -0.454769 0.485867 
1533575362087 0.191095 0.931161 -0.310519 -0.612883 -0.949705 0.255349 0.181267 -0.250805 0.24808 0.260262 0.933124 0.380908 0.31622 -0.384862 0.867114 0.400795 -0.930002 -0.306262 0.203222 -0.504304 0.187352 -0.87068 -0.454769 0.485867 
1533575362121 0.190724 0.931147 -0.31079 -0.612811 -0.949809 0.25502 0.181184 -0.250946 0.247966 0.260635 0.93305 0.380934 0.31622 -0.384862 0.867114 0.400795 -0.930002 -0.306262 0.203222 -0.504304 0.187352 -0.87068 -0.454769 0.485867 
1533575362164 0.190352 0.931132 -0.311061 -0.612738 -0.949913 0.254691 0.181101 -0.251086 0.247853 0.261009 0.932976 0.380961 0.31622 -0.384862 0.867114 0.400795 -0.930002 -0.306262 0.203222 -0.504304 0.187352 -0.87068 -0.454769 0.485867 
1533575362225 0.18998 0.931117 -0.311333 -0.612666 -0.950017 0.254362 0.181017 -0.251227 0.24774 0.261382 0.932901 0.380988 0.31622 -0.384862 0.867114 0.400795 -0.930002 -0.306262 0.203222 -0.504304 0.187352 -0.87068 -0.454769 0.485867 
1533575362263 0.189608 0.931102 -0.311604 -0.612593 -0.950121 0.254033 0.180934 -0.251367 0.247626 0.261755 0.932827 0.381015 0.31622 -0.384862 0.867114 0.400795 -0.930002 -0.306262 0.203222 -0.504304 0.187352 -0.87068 -0.454769 0.485867 
1533575362310 0.190419 0.93114 -0.310997 -0.612715 -0.949932 0.254708 0.180976 -0.251154 0.247727 0.260965 0.933021 0.380955 0.31622 -0.384862 0.867114 0.400795 -0.930002 -0.306262 0.203222 -0.504304 0.187352 -0.87068 -0.454769 0.485867 
1533575362323 0.190257 0.93118 -0.310975 -0.612636 -0.949951 0.254565 0.181078 -0.251297 0.24778 0.26096 0.933009 0.38091 0.31622 -0.384862 0.867114 0.400795 -0.930002 -0.306262 0.203222 -0.504304 0.187352 -0.87068 -0.454769 0.485867 
1533575362340 0.190095 0.931221 -0.310954 -0.612556 -0.94997 0.254422 0.181181 -0.25144 0.247833 0.260955 0.932996 0.380865 0.31622 -0.384862 0.867114 0.400795 -0.930002 -0.306262 0.203222 -0.504304 0.187352 -0.87068 -0.454769 0.485867 
1533575362357 0.189933 0.931261 -0.310932 -0.612477 -0.949989 0.254279 0.181284 -0.251582 0.247886 0.26095 0.932983 0.38082 0.31622 -0.384862 0.867114 0.400795 -0.930002 -0.306262 0.203222 -0.504304 0.187352 -0.87068 -0.454769 0.485867 
1533575362373 0.18977 0.931301 -0.31091 -0.612397 -0.950007 0.254137 0.181386 -0.251725 0.247939 0.260945 0.932971 0.380775 0.31622 -0.384862 0.867114 0.400795 -0.930002 -0.306262 0.203222 -0.504304 0.187352 -0.87068 -0.454769 0.485867 
1533575362458 0.189608 0.931342 -0.310887 -0.612318 -0.950026 0.253994 0.181489 -0.251868 0.247992 0.260939 0.932958 0.38073 0.31622 -0.384862 0.867114 0.400795 -0.930002 -0.306262 0.203222 -0.504304 0.187352 -0.87068 -0.454769 0.485867 
1533575362482 0.189446 0.931382 -0.310865 -0.612239 -0.950044 0.253851 0.181591 -0.252011 0.248045 0.260933 0.932946 0.380684 0.31622 -0.384862 0.867114 0.400795 -0.930002 -0.306262 0.203222 -0.504304 0.187352 -0.87068 -0.454769 0.485867 
1533575362523 0.189284 0.931423 -0.310843 -0.612159 -0.950063 0.253709 0.181694 -0.252154 0.248097 0.260928 0.932933 0.380639 0.31622 -0.384862 0.867114 0.400795 -0.930002 -0.306262 0.203222 -0.504304 0.187352 -0.87068 -0.454769 0.485867 
1533575362571 0.189122 0.931463 -0.31082 -0.61208 -0.950081 0.253566 0.181797 -0.252296 0.24815 0.260923 0.93292 0.380594 0.31622 -0.384862 0.867114 0.400795 -0.930002 -0.306262 0.203222 -0.504304 0.187352 -0.87068 -0.454769 0.485867 
1533575362605 0.18896 0.931504 -0.310798 -0.612 -0.9501 0.253423 0.181899 -0.252439 0.248203 0.260918 0.932908 0.380549 0.31622 -0.384862 0.867114 0.400795 -0.930002 -0.306262 0.203222 -0.504304 0.187352 -0.87068 -0.454769 0.485867 
1533575362652 0.189451 0.931339 -0.310992 -0.612178 -0.950041 0.253883 0.181563 -0.252215 0.248052 0.261058 0.932909 0.38066 0.31622 -0.384862 0.867114 0.400795 -0.930002 -0.306262 0.203222 -0.504304 0.187352 -0.87068 -0.454769 0.485867 
1533575362666 0.189467 0.931407 -0.310777 -0.612053 -0.949997 0.253899 0.181772 -0.252292 0.24821 0.260798 0.93294 0.380588 0.31622 -0.384862 0.867114 0.400795 -0.930002 -0.306262 0.203222 -0.504304 0.187352 -0.87068 -0.454769 0.485867 
1533575362682 0.189483 0.931476 -0.310563 -0.611928 -0.949952 0.253916 0.181982 -0.252369 0.248368 0.260538 0.93297 0.380517 0.31622 -0.384862 0.867114 0.400795 -0.930002 -0.306262 0.203222 -0.504304 0.187352 -0.87068 -0.454769 0.485867 
1533575362699 0.189498 0.931544 -0.310349 -0.611802 -0.949908 0.253932 0.182192 -0.252445 0.248527 0.260278 0.933 0.380445 0.31622 -0.384862 0.867114 0.400795 -0.930002 -0.306262 0.203222 -0.504304 0.187352 -0.87068 -0.454769 0.485867 
1533575362716 0.189516 0.931612 -0.310135 -0.611677 -0.949863 0.25395 0.182401 -0.252522 0.248685 0.260017 0.933031 0.380374 0.31622 -0.384862 0.867114 0.400795 -0.930002 -0.306262 0.203222 -0.504304 0.187352 -0.87068 -0.454769 0.485867 
1533575362732 0.189532 0.93168 -0.30992 -0.611552 -0.949818 0.253967 0.182611 -0.252599 0.248844 0.259757 0.933061 0.380302 0.31622 -0.384862 0.867114 0.400795 -0.930002 -0.306262 0.203222 -0.504304 0.187352 -0.87068 -0.454769 0.485867 
1533575362802 0.189548 0.931748 -0.309706 -0.611427 -0.949773 0.253983 0.18282 -0.252676 0.249002 0.259497 0.933091 0.38023 0.31622 -0.384862 0.867114 0.400795 -0.930002 -0.306262 0.203222 -0.504304 0.187352 -0.87068 -0.454769 0.485867 
1533575362825 0.189565 0.931815 -0.309492 -0.611302 -0.949728 0.254 0.18303 -0.252753 0.249161 0.259237 0.933121 0.380159 0.31622 -0.384862 0.867114 0.400795 -0.930002 -0.306262 0.203222 -0.504304 0.187352 -0.87068 -0.454769 0.485867 
1533575362853 0.189581 0.931883 -0.309277 -0.611176 -0.949684 0.254017 0.183239 -0.252829 0.249319 0.258977 0.933151 0.380087 0.31622 -0.384862 0.867114 0.400795 -0.930002 -0.306262 0.203222 -0.504304 0.187352 -0.87068 -0.454769 0.485867 
1533575362883 0.189598 0.931951 -0.309063 -0.611051 -0.949639 0.254033 0.183449 -0.252906 0.249478 0.258717 0.933181 0.380016 0.31622 -0.384862 0.867114 0.400795 -0.930002 -0.306262 0.203222 -0.504304 0.187352 -0.87068 -0.454769 0.485867 
1533575362925 0.189787 0.931681 -0.309759 -0.611391 -0.949704 0.254241 0.182821 -0.252765 0.249085 0.259482 0.933073 0.380226 0.31622 -0.384862 0.867114 0.400795 -0.930002 -0.306262 0.203222 -0.504304 0.187352 -0.87068 -0.454769 0.485867 
1533575362939 0.189518 0.931752 -0.309711 -0.611186 -0.949665 0.254075 0.183256 -0.252824 0.249439 0.259392 0.933004 0.380176 0.31622 -0.384862 0.867114 0.400795 -0.930002 -0.306262 0.203222 -0.504304 0.187352 -0.87068 -0.454769 0.485867 
1533575362955 0.189248 0.931823 -0.309664 -0.610981 -0.949626 0.253907 0.18369 -0.252882 0.249792 0.259302 0.932934 0.380126 0.31622 -0.384862 0.867114 0.400795 -0.930002 -0.306262 0.203222 -0.504304 0.187352 -0.87068 -0.454769 0.485867 
1533575362972 0.188978 0.931894 -0.309615 -0.610776 -0.949586 0.25374 0.184124 -0.25294 0.250146 0.259211 0.932865 0.380076 0.31622 -0.384862 0.867114 0.400795 -0.930002 -0.306262 0.203222 -0.504304 0.187352 -0.87068 -0.454769 0.485867 
1533575363027 0.188708 0.931964 -0.309567 -0.610571 -0.949547 0.253573 0.184559 -0.252999 0.2505 0.25912 0.932795 0.380026 0.31622 -0.384862 0.867114 0.400795 -0.930002 -0.306262 0.203222 -0.504304 0.187352 -0.87068 -0.454769 0.485867 
1533575363104 0.188439 0.932035 -0.309518 -0.610366 -0.949507 0.253405 0.184993 -0.253057 0.250853 0.25903 0.932725 0.379976 0.31622 -0.384862 0.867114 0.400795 -0.930002 -0.306262 0.203222 -0.504304 0.187352 -0.87068 -0.454769 0.485867 
1533575363140 0.188169 0.932106 -0.30947 -0.610162 -0.949467 0.253238 0.185427 -0.253116 0.251207 0.25894 0.932655 0.379926 0.31622 -0.384862 0.867114 0.400795 -0.930002 -0.306262 0.203222 -0.504304 0.187352 -0.87068 -0.454769 0.485867 
1533575363186 0.187899 0.932176 -0.309421 -0.609957 -0.949427 0.25307 0.185861 -0.253175 0.25156 0.25885 0.932585 0.379876 0.31622 -0.384862 0.867114 0.400795 -0.930002 -0.306262 0.203222 -0.504304 0.187352 -0.87068 -0.454769 0.485867 
1533575363258 0.187629 0.932247 -0.309372 -0.609752 -0.949386 0.252902 0.186295 -0.253233 0.251914 0.258759 0.932514 0.379826 0.31622 -0.384862 0.867114 0.400795 -0.930002 -0.306262 0.203222 -0.504304 0.187352 -0.87068 -0.454769 0.485867 
1533575363304 0.18736 0.932317 -0.309323 -0.609547 -0.949346 0.252735 0.186729 -0.253291 0.252267 0.258669 0.932444 0.379776 0.31622 -0.384862 0.867114 0.400795 -0.930002 -0.306262 0.203222 -0.504304 0.187352 -0.87068 -0.454769 0.485867 
1533575363368 0.18781 0.932226 -0.309325 -0.609854 -0.949454 0.252957 0.185877 -0.253227 0.251525 0.25878 0.932613 0.37987 0.31622 -0.384862 0.867114 0.400795 -0.930002 -0.306262 0.203222 -0.504304 0.187352 -0.87068 -0.454769 0.485867 
1533575363382 0.187534 0.932271 -0.309358 -0.609682 -0.949493 0.252719 0.186001 -0.253227 0.251584 0.258852 0.932578 0.379879 0.31622 -0.384862 0.867114 0.400795 -0.930002 -0.306262 0.203222 -0.504304 0.187352 -0.87068 -0.454769 0.485867 
1533575363398 0.187258 0.932315 -0.309391 -0.609511 -0.949532 0.252481 0.186124 -0.253227 0.251642 0.258923 0.932542 0.379887 0.31622 -0.384862 0.867114 0.400795 -0.930002 -0.306262 0.203222 -0.504304 0.187352 -0.87068 -0.454769 0.485867 
1533575363415 0.186982 0.93236 -0.309424 -0.609339 -0.949571 0.252244 0.186248 -0.253228 0.2517 0.258995 0.932507 0.379896 0.31622 -0.384862 0.867114 0.400795 -0.930002 -0.306262 0.203222 -0.504304 0.187352 -0.87068 -0.454769 0.485867 
1533575363504 0.186706 0.932404 -0.309456 -0.609168 -0.94961 0.252006 0.186371 -0.253228 0.251758 0.259066 0.932471 0.379904 0.31622 -0.384862 0.867114 0.400795 -0.930002 -0.306262 0.203222 -0.504304 0.187352 -0.87068 -0.454769 0.485867 
1533575363511 0.18643 0.932449 -0.309489 -0.608996 -0.949649 0.251768 0.186494 -0.253228 0.251816 0.259138 0.932436 0.379913 0.31622 -0.384862 0.867114 0.400795 -0.930002 -0.306262 0.203222 -0.504304 0.187352 -0.87068 -0.454769 0.485867 
1533575363599 0.186154 0.932493 -0.309521 -0.608824 -0.949687 0.25153 0.186618 -0.253228 0.251874 0.259209 0.9324 0.379922 0.31622 -0.384862 0.867114 0.400795 -0.930002 -0.306262 0.203222 -0.504304 0.187352 -0.87068 -0.454769 0.485867 
1533575363659 0.185878 0.932537 -0.309554 -0.608653 -0.949726 0.251293 0.186742 -0.253228 0.251933 0.25928 0.932365 0.37993 0.31622 -0.384862 0.867114 0.400795 -0.930002 -0.306262 0.203222 -0.504304 0.187352 -0.87068 -0.454769 0.485867 
1533575363715 0.185602 0.932581 -0.309586 -0.608481 -0.949765 0.251055 0.186866 -0.253229 0.251991 0.259352 0.932329 0.379939 0.31622 -0.384862 0.867114 0.400795 -0.930002 -0.306262 0.203222 -0.504304 0.187352 -0.87068 -0.454769 0.485867 
1533575363759 0.185326 0.932626 -0.309619 -0.60831 -0.949803 0.250817 0.186989 -0.253229 0.252049 0.259423 0.932293 0.379947 0.31622 -0.384862 0.867114 0.400795 -0.930002 -0.306262 0.203222 -0.504304 0.187352 -0.87068 -0.454769 0.485867 
1533575363827 0.18584 0.93254 -0.309568 -0.608587 -0.949726 0.251267 0.186775 -0.253235 0.251959 0.259294 0.932354 0.379915 0.31622 -0.384862 0.867114 0.400795 -0.930002 -0.306262 0.203222 -0.504304 0.187352 -0.87068 -0.454769 0.485867 
1533575363840 0.185642 0.932574 -0.309585 -0.608445 -0.949746 0.251103 0.186895 -0.253251 0.252031 0.259332 0.932324 0.379913 0.31622 -0.384862 0.867114 0.400795 -0.930002 -0.306262 0.203222 -0.504304 0.187352 -0.87068 -0.454769 0.485867 
1533575363846 0.185443 0.932608 -0.309602 -0.608303 -0.949766 0.250939 0.187015 -0.253266 0.252103 0.259369 0.932294 0.379912 0.31622 -0.384862 0.867114 0.400795 -0.930002 -0.306262 0.203222 -0.504304 0.187352 -0.87068 -0.454769 0.485867 
1533575363860 0.185244 0.932642 -0.30962 -0.608161 -0.949786 0.250774 0.187135 -0.253282 0.252175 0.259407 0.932264 0.37991 0.31622 -0.384862 0.867114 0.400795 -0.930002 -0.306262 0.203222 -0.504304 0.187352 -0.87068 -0.454769 0.485867 
1533575363877 0.185044 0.932675 -0.309637 -0.608019 -0.949805 0.25061 0.187256 -0.253298 0.252247 0.259444 0.932234 0.379909 0.31622 -0.384862 0.867114 0.400795 -0.930002 -0.306262 0.203222 -0.504304 0.187352 -0.87068 -0.454769 0.485867 
1533575363894 0.184845 0.932709 -0.309655 -0.607876 -0.949825 0.250445 0.187376 -0.253313 0.252319 0.259482 0.932204 0.379907 0.31622 -0.384862 0.867114 0.400795 -0.930002 -0.306262 0.203222 -0.504304 0.187352 -0.87068 -0.454769 0.485867 
1533575363992 0.184646 0.932743 -0.309671 -0.607734 -0.949844 0.25028 0.187497 -0.253329 0.252391 0.259519 0.932174 0.379905 0.31622 -0.384862 0.867114 0.400795 -0.930002 -0.306262 0.203222 -0.504304 0.187352 -0.87068 -0.454769 0.485867 
1533575364019 0.184447 0.932777 -0.309689 -0.607592 -0.949864 0.250116 0.187618 -0.253345 0.252463 0.259557 0.932144 0.379904 0.31622 -0.384862 0.867114 0.400795 -0.930002 -0.306262 0.203222 -0.504304 0.187352 -0.87068 -0.454769 0.485867 
1533575364056 0.184247 0.93281 -0.309706 -0.60745 -0.949884 0.249951 0.187738 -0.253361 0.252535 0.259594 0.932114 0.379902 0.31622 -0.384862 0.867114 0.400795 -0.930002 -0.306262 0.203222 -0.504304 0.187352 -0.87068 -0.454769 0.485867 
1533575364107 0.184048 0.932844 -0.309723 -0.607308 -0.949903 0.249787 0.187858 -0.253376 0.252607 0.259632 0.932084 0.379901 0.31622 -0.384862 0.867114 0.400795 -0.930002 -0.306262 0.203222 -0.504304 0.187352 -0.87068 -0.454769 0.485867 
1533575364149 0.184491 0.932826 -0.309514 -0.607638 -0.949861 0.250117 0.187632 -0.253254 0.252443 0.259379 0.932199 0.379926 0.31622 -0.384862 0.867114 0.400795 -0.930002 -0.306262 0.203222 -0.504304 0.187352 -0.87068 -0.454769 0.485867 
1533575364163 0.184238 0.932884 -0.309489 -0.607515 -0.949825 0.249961 0.188022 -0.253301 0.252763 0.25932 0.932129 0.379893 0.31622 -0.384862 0.867114 0.400795 -0.930002 -0.306262 0.203222 -0.504304 0.187352 -0.87068 -0.454769 0.485867 
1533575364179 0.183984 0.932942 -0.309465 -0.607393 -0.949788 0.249805 0.188413 -0.253347 0.253084 0.259262 0.932058 0.37986 0.31622 -0.384862 0.867114 0.400795 -0.930002 -0.306262 0.203222 -0.504304 0.187352 -0.87068 -0.454769 0.485867 
1533575364196 0.183731 0.933 -0.30944 -0.60727 -0.949752 0.249649 0.188804 -0.253394 0.253405 0.259203 0.931987 0.379827 0.31622 -0.384862 0.867114 0.400795 -0.930002 -0.306262 0.203222 -0.504304 0.187352 -0.87068 -0.454769 0.485867 
1533575364213 0.183478 0.933058 -0.309416 -0.607147 -0.949715 0.249493 0.189194 -0.253441 0.253726 0.259144 0.931916 0.379794 0.31622 -0.384862 0.867114 0.400795 -0.930002 -0.306262 0.203222 -0.504304 0.187352 -0.87068 -0.454769 0.485867 
1533575364263 0.183224 0.933116 -0.309391 -0.607024 -0.949678 0.249337 0.189585 -0.253487 0.254047 0.259085 0.931845 0.379761 0.31622 -0.384862 0.867114 0.400795 -0.930002 -0.306262 0.203222 -0.504304 0.187352 -0.87068 -0.454769 0.485867 
1533575364297 0.182971 0.933174 -0.309366 -0.606902 -0.949641 0.249181 0.189975 -0.253534 0.254368 0.259027 0.931774 0.379728 0.31622 -0.384862 0.867114 0.400795 -0.930002 -0.306262 0.203222 -0.504304 0.187352 -0.87068 -0.454769 0.485867 
1533575364328 0.182718 0.933232 -0.309341 -0.606779 -0.949604 0.249024 0.190366 -0.253581 0.254689 0.258969 0.931702 0.379695 0.31622 -0.384862 0.867114 0.400795 -0.930002 -0.306262 0.203222 -0.504304 0.187352 -0.87068 -0.454769 0.485867 
1533575364380 0.182465 0.93329 -0.309316 -0.606656 -0.949567 0.248868 0.190756 -0.253628 0.25501 0.25891 0.931631 0.379662 0.31622 -0.384862 0.867114 0.400795 -0.930002 -0.306262 0.203222 -0.504304 0.187352 -0.87068 -0.454769 0.485867 
1533575364407 0.182211 0.933348 -0.309291 -0.606534 -0.949529 0.248712 0.191146 -0.253674 0.25533 0.258852 0.931559 0.379629 0.31622 -0.384862 0.867114 0.400795 -0.930002 -0.306262 0.203222 -0.504304 0.187352 -0.87068 -0.454769 0.485867 
1533575364445 0.182891 0.933232 -0.30924 -0.60686 -0.949601 0.249136 0.190234 -0.253527 0.254575 0.258863 0.931762 0.379757 0.31622 -0.384862 0.867114 0.400795 -0.930002 -0.306262 0.203222 -0.504304 0.187352 -0.87068 -0.454769 0.485867 
1533575364459 0.182756 0.933333 -0.309014 -0.606765 -0.949665 0.248924 0.190191 -0.253543 0.254432 0.258701 0.931847 0.379688 0.31622 -0.384862 0.867114 0.400795 -0.930002 -0.306262 0.203222 -0.504304 0.187352 -0.87068 -0.454769 0.485867 
1533575364475 0.182621 0.933435 -0.308787 -0.606669 -0.94973 0.248711 0.190148 -0.253558 0.254289 0.258539 0.93193 0.37962 0.31622 -0.384862 0.867114 0.400795 -0.930002 -0.306262 0.203222 -0.504304 0.187352 -0.87068 -0.454769 0.485867 
1533575364492 0.182486 0.933536 -0.30856 -0.606573 -0.949794 0.248499 0.190105 -0.253574 0.254147 0.258377 0.932014 0.379552 0.31622 -0.384862 0.867114 0.400795 -0.930002 -0.306262 0.203222 -0.504304 0.187352 -0.87068 -0.454769 0.485867 
1533575364509 0.18235 0.933637 -0.308334 -0.606478 -0.949858 0.248286 0.190062 -0.25359 0.254004 0.258216 0.932098 0.379483 0.31622 -0.384862 0.867114 0.400795 -0.930002 -0.306262 0.203222 -0.504304 0.187352 -0.87068 -0.454769 0.485867 
1533575364551 0.182214 0.933739 -0.308107 -0.606382 -0.949922 0.248073 0.190019 -0.253605 0.253861 0.258054 0.932182 0.379415 0.31622 -0.384862 0.867114 0.400795 -0.930002 -0.306262 0.203222 -0.504304 0.187352 -0.87068 -0.454769 0.485867 
1533575364596 0.182079 0.93384 -0.30788 -0.606287 -0.949986 0.247861 0.189976 -0.253621 0.253718 0.257891 0.932266 0.379346 0.31622 -0.384862 0.867114 0.400795 -0.930002 -0.306262 0.203222 -0.504304 0.187352 -0.87068 -0.454769 0.485867 
1533575364618 0.181943 0.933941 -0.307654 -0.606191 -0.95005 0.247648 0.189932 -0.253637 0.253576 0.25773 0.932349 0.379278 0.31622 -0.384862 0.867114 0.400795 -0.930002 -0.306262 0.203222 -0.504304 0.187352 -0.87068 -0.454769 0.485867 
1533575364635 0.181808 0.934042 -0.307428 -0.606096 -0.950115 0.247436 0.189889 -0.253653 0.253433 0.257568 0.932432 0.379209 0.31622 -0.384862 0.867114 0.400795 -0.930002 -0.306262 0.203222 -0.504304 0.187352 -0.87068 -0.454769 0.485867 
1533575364660 0.181672 0.934143 -0.307201 -0.606001 -0.950179 0.247223 0.189846 -0.253668 0.25329 0.257406 0.932516 0.379141 0.31622 -0.384862 0.867114 0.400795 -0.930002 -0.306262 0.203222 -0.504304 0.187352 -0.87068 -0.454769 0.485867 
1533575364697 0.182147 0.93378 -0.308021 -0.606399 -0.949952 0.247975 0.19 -0.253512 0.2538 0.257997 0.932214 0.379302 0.31622 -0.384862 0.867114 0.400795 -0.930002 -0.306262 0.203222 -0.504304 0.187352 -0.87068 -0.454769 0.485867 
1533575364710 0.182005 0.933789 -0.308077 -0.606301 -0.949974 0.247858 0.190041 -0.253523 0.253818 0.258077 0.932187 0.379291 0.31622 -0.384862 0.867114 0.400795 -0.930002 -0.306262 0.203222 -0.504304 0.187352 -0.87068 -0.454769 0.485867 
1533575364727 0.181862 0.933799 -0.308133 -0.606202 -0.949997 0.24774 0.190082 -0.253534 0.253835 0.258156 0.93216 0.379279 0.31622 -0.384862 0.867114 0.400795 -0.930002 -0.306262 0.203222 -0.504304 0.187352 -0.87068 -0.454769 0.485867 
1533575364743 0.18172 0.933808 -0.308189 -0.606104 -0.95002 0.247621 0.190122 -0.253545 0.253852 0.258236 0.932134 0.379268 0.31622 -0.384862 0.867114 0.400795 -0.930002 -0.306262 0.203222 -0.504304 0.187352 -0.87068 -0.454769 0.485867 
1533575364760 0.181577 0.933818 -0.308244 -0.606005 -0.950042 0.247503 0.190163 -0.253556 0.253868 0.258316 0.932107 0.379256 0.31622 -0.384862 0.867114 0.400795 -0.930002 -0.306262 0.203222 -0.504304 0.187352 -0.87068 -0.454769 0.485867 
1533575364842 0.181434 0.933827 -0.3083 -0.605907 -0.950065 0.247384 0.190203 -0.253566 0.253885 0.258396 0.93208 0.379245 0.31622 -0.384862 0.867114 0.400795 -0.930002 -0.306262 0.203222 -0.504304 0.187352 -0.87068 -0.454769 0.485867 
1533575364859 0.181292 0.933836 -0.308356 -0.605809 -0.950088 0.247266 0.190243 -0.253577 0.253902 0.258476 0.932054 0.379233 0.31622 -0.384862 0.867114 0.400795 -0.930002 -0.306262 0.203222 -0.504304 0.187352 -0.87068 -0.454769 0.485867 
1533575364887 0.181149 0.933845 -0.308412 -0.60571 -0.950111 0.247147 0.190284 -0.253588 0.253919 0.258555 0.932027 0.379222 0.31622 -0.384862 0.867114 0.400795 -0.930002 -0.306262 0.203222 -0.504304 0.187352 -0.87068 -0.454769 0.485867 
1533575364926 0.181006 0.933855 -0.308467 -0.605612 -0.950133 0.247029 0.190324 -0.253599 0.253936 0.258635 0.932 0.37921 0.31622 -0.384862 0.867114 0.400795 -0.930002 -0.306262 0.203222 -0.504304 0.187352 -0.87068 -0.454769 0.485867 
1533575364961 0.180864 0.933864 -0.308523 -0.605513 -0.950156 0.246911 0.190366 -0.25361 0.253953 0.258715 0.931973 0.379198 0.31622 -0.384862 0.867114 0.400795 -0.930002 -0.306262 0.203222 -0.504304 0.187352 -0.87068 -0.454769 0.485867 
1533575364993 0.181318 0.933898 -0.308152 -0.605828 -0.950042 0.24729 0.190439 -0.253479 0.254053 0.258227 0.932081 0.379331 0.31622 -0.384862 0.867114 0.400795 -0.930002 -0.306262 0.203222 -0.504304 0.187352 -0.87068 -0.454769 0.485867 
1533575365007 0.181215 0.933863 -0.30832 -0.605734 -0.950116 0.247172 0.190223 -0.253467 0.253851 0.258469 0.93207 0.379312 0.31622 -0.384862 0.867114 0.400795 -0.930002 -0.306262 0.203222 -0.504304 0.187352 -0.87068 -0.454769 0.485867 
1533575365023 0.181111 0.933827 -0.308489 -0.605639 -0.95019 0.247054 0.190009 -0.253454 0.253649 0.258711 0.932057 0.379293 0.31622 -0.384862 0.867114 0.400795 -0.930002 -0.306262 0.203222 -0.504304 0.187352 -0.87068 -0.454769 0.485867 
1533575365040 0.181008 0.933791 -0.308659 -0.605545 -0.950264 0.246936 0.189794 -0.253442 0.253447 0.258953 0.932045 0.379275 0.31622 -0.384862 0.867114 0.400795 -0.930002 -0.306262 0.203222 -0.504304 0.187352 -0.87068 -0.454769 0.485867 
1533575365057 0.180904 0.933755 -0.308828 -0.60545 -0.950337 0.246818 0.18958 -0.253429 0.253245 0.259195 0.932033 0.379256 0.31622 -0.384862 0.867114 0.400795 -0.930002 -0.306262 0.203222 -0.504304 0.187352 -0.87068 -0.454769 0.485867 
1533575365063 0.180801 0.933719 -0.308997 -0.605356 -0.950411 0.2467 0.189364 -0.253417 0.253043 0.259437 0.93202 0.379237 0.31622 -0.384862 0.867114 0.400795 -0.930002 -0.306262 0.203222 -0.504304 0.187352 -0.87068 -0.454769 0.485867 
1533575365172 0.180698 0.933683 -0.309167 -0.605262 -0.950484 0.246582 0.18915 -0.253405 0.252841 0.259679 0.932008 0.379218 0.31622 -0.384862 0.867114 0.400795 -0.930002 -0.306262 0.203222 -0.504304 0.187352 -0.87068 -0.454769 0.485867 
1533575365199 0.180595 0.933647 -0.309336 -0.605167 -0.950557 0.246464 0.188935 -0.253392 0.252639 0.259921 0.931995 0.379199 0.31622 -0.384862 0.867114 0.400795 -0.930002 -0.306262 0.203222 -0.504304 0.187352 -0.87068 -0.454769 0.485867 
