1533669493083 0.112302 0.793478 -0.598148 -0.523341 -0.953358 0.255763 0.160291 -0.234628 0.280172 0.552248 0.785191 0.419896 0.16008 -0.304787 0.938871 0.370831 -0.775623 0.549475 0.310623 -0.528794 -0.61056 -0.777934 -0.14844 0.432481 
1533669493096 0.0933697 0.763713 -0.638768 -0.537855 -0.954279 0.251627 0.161358 -0.23401 0.283962 0.594496 0.75229 0.425269 0.31622 -0.384863 0.867113 0.400797 -0.930002 -0.306262 0.203222 -0.504307 0.187351 -0.87068 -0.45477 0.485868 
1533669493893 0.0742603 0.731708 -0.677561 -0.552367 -0.955129 0.24754 0.162641 -0.233385 0.286729 0.635081 0.717258 0.430646 0.31622 -0.384863 0.867113 0.400795 -0.930002 -0.306262 0.203222 -0.504304 0.187351 -0.87068 -0.454769 0.485867 
1533669494689 0.0550267 0.697556 -0.714414 -0.56688 -0.955908 0.243513 0.16414 -0.232761 0.288466 0.673882 0.680199 0.436022 0.31622 -0.384863 0.867113 0.400795 -0.930002 -0.306262 0.203222 -0.504304 0.187351 -0.87068 -0.454769 0.485867 
1533669495502 0.0357239 0.661357 -0.74922 -0.581393 -0.956612 0.239557 0.165851 -0.232139 0.289167 0.710788 0.64122 0.441397 0.31622 -0.384863 0.867113 0.400795 -0.930002 -0.306262 0.203222 -0.504304 0.187351 -0.87068 -0.454769 0.485867 
1533669496345 0.0163946 0.623227 -0.781869 -0.595923 -0.957238 0.235677 0.167786 -0.231553 0.288838 0.745684 0.60044 0.446759 0.31622 -0.384863 0.867113 0.400795 -0.930002 -0.306262 0.203222 -0.504304 0.187351 -0.87068 -0.454769 0.485867 
1533669497244 -0.00292499 0.583293 -0.812257 -0.610495 -0.957781 0.23188 0.169965 -0.23105 0.287486 0.778461 0.557988 0.45209 0.31622 -0.384863 0.867113 0.400795 -0.930002 -0.306262 0.203222 -0.504304 0.187351 -0.87068 -0.454769 0.485867 
1533669498193 -0.0221909 0.541682 -0.840291 -0.625129 -0.958236 0.228175 0.172395 -0.230653 0.285116 0.809022 0.513996 0.457388 0.31622 -0.384863 0.867113 0.400795 -0.930002 -0.306262 0.203222 -0.504304 0.187351 -0.87068 -0.454769 0.485867 
