1533556030855 0.103033 0.943768 -0.314143 -0.603773 -0.959579 0.177468 0.218436 -0.226166 0.261903 0.278939 0.923905 0.380682 1 0 0 0 0 1 0 0 0 0 1 1.306 
1533556030866 0.102936 0.943797 -0.314089 -0.603778 -0.959415 0.17755 0.219087 -0.226183 0.26254 0.27879 0.923769 0.380733 0.313239 -0.3866 0.867422 0.386189 -0.93126 -0.304042 0.200784 -0.500185 0.18611 -0.870689 -0.455263 0.505382 
1533556031056 0.10284 0.943825 -0.314036 -0.603783 -0.959251 0.177633 0.219737 -0.226199 0.263177 0.278642 0.923633 0.380783 0.316244 -0.384866 0.867103 0.400216 -0.929998 -0.306258 0.203249 -0.504049 0.187334 -0.87068 -0.454777 0.486145 
1533556031246 0.102743 0.943853 -0.313982 -0.603788 -0.959086 0.177715 0.220388 -0.226216 0.263813 0.278493 0.923496 0.380834 0.316258 -0.384857 0.867102 0.400836 -0.929992 -0.306267 0.203261 -0.504368 0.187338 -0.870681 -0.454774 0.485921 
1533556031438 0.102647 0.943882 -0.313929 -0.603793 -0.958921 0.177798 0.221038 -0.226233 0.26445 0.278344 0.923359 0.380884 0.316239 -0.384881 0.867098 0.400855 -0.93 -0.306257 0.203241 -0.504361 0.187331 -0.870674 -0.454789 0.485943 
1533556031619 0.10255 0.94391 -0.313875 -0.603798 -0.958756 0.17788 0.221688 -0.226249 0.265086 0.278195 0.923221 0.380935 0.316214 -0.384899 0.867099 0.400827 -0.930009 -0.306245 0.203216 -0.504329 0.187327 -0.87067 -0.454799 0.48594 
1533556031625 0.102454 0.943938 -0.313821 -0.603804 -0.95859 0.177963 0.222339 -0.226266 0.265722 0.278046 0.923083 0.380986 0.3162 -0.384907 0.867101 0.400798 -0.930014 -0.306239 0.203202 -0.504306 0.187326 -0.870669 -0.454801 0.485922 
1533556031811 0.102358 0.943967 -0.313767 -0.603809 -0.958424 0.178045 0.222988 -0.226283 0.266358 0.277897 0.922944 0.381036 0.316197 -0.384904 0.867103 0.400778 -0.930014 -0.30624 0.2032 -0.504292 0.187329 -0.87067 -0.454799 0.485903 
1533556031995 0.102261 0.943995 -0.313713 -0.603814 -0.958257 0.178127 0.223638 -0.226299 0.266994 0.277748 0.922805 0.381087 0.316201 -0.384895 0.867106 0.400765 -0.930012 -0.306246 0.203202 -0.504277 0.187337 -0.870672 -0.454792 0.485883 
1533556032166 0.102166 0.944023 -0.313659 -0.603817 -0.95809 0.178209 0.224287 -0.226313 0.267629 0.2776 0.922666 0.381138 0.316123 -0.384928 0.86712 0.40068 -0.93004 -0.30621 0.20313 -0.504145 0.18733 -0.87067 -0.454798 0.485852 
1533556032366 0.101948 0.944041 -0.313677 -0.603832 -0.958106 0.178019 0.22437 -0.226208 0.267654 0.277662 0.92264 0.381107 1 0 0 0 0 1 0 0 0 0 1 1.306 
1533556032378 0.101963 0.944042 -0.31367 -0.603831 -0.958087 0.178048 0.224426 -0.226221 0.267716 0.27764 0.922629 0.381115 0.313239 -0.3866 0.867422 0.386189 -0.93126 -0.304042 0.200784 -0.500185 0.18611 -0.870689 -0.455263 0.505382 
1533556032394 0.101976 0.944043 -0.313663 -0.603831 -0.958069 0.178077 0.224484 -0.226233 0.267779 0.277618 0.922617 0.381123 0.316244 -0.384866 0.867103 0.400216 -0.929998 -0.306258 0.203249 -0.504049 0.187334 -0.87068 -0.454777 0.486145 
1533556032411 0.101991 0.944044 -0.313655 -0.60383 -0.95805 0.178107 0.224541 -0.226246 0.267841 0.277596 0.922606 0.381131 0.316258 -0.384857 0.867102 0.400836 -0.929992 -0.306267 0.203261 -0.504368 0.187338 -0.870681 -0.454774 0.485921 
1533556032566 0.102005 0.944044 -0.313648 -0.603829 -0.958031 0.178136 0.224598 -0.226258 0.267902 0.277575 0.922595 0.381139 0.316239 -0.384881 0.867098 0.400855 -0.93 -0.306257 0.203241 -0.504361 0.187331 -0.870674 -0.454789 0.485943 
1533556032686 0.102019 0.944045 -0.313641 -0.603828 -0.958012 0.178165 0.224655 -0.226271 0.267964 0.277553 0.922583 0.381148 0.316214 -0.384899 0.867099 0.400827 -0.930009 -0.306245 0.203216 -0.504329 0.187327 -0.87067 -0.454799 0.48594 
1533556032774 0.102033 0.944046 -0.313633 -0.603828 -0.957993 0.178195 0.224712 -0.226284 0.268026 0.277531 0.922572 0.381156 0.3162 -0.384907 0.867101 0.400798 -0.930014 -0.306239 0.203202 -0.504306 0.187326 -0.870669 -0.454801 0.485922 
1533556032799 0.102047 0.944047 -0.313626 -0.603827 -0.957974 0.178224 0.224769 -0.226296 0.268088 0.277509 0.92256 0.381164 0.316197 -0.384904 0.867103 0.400778 -0.930014 -0.30624 0.2032 -0.504292 0.187329 -0.87067 -0.454799 0.485903 
1533556032826 0.102061 0.944048 -0.313619 -0.603826 -0.957956 0.178253 0.224826 -0.226309 0.26815 0.277487 0.922549 0.381172 0.316201 -0.384895 0.867106 0.400765 -0.930012 -0.306246 0.203202 -0.504277 0.187337 -0.870672 -0.454792 0.485883 
1533556032970 0.102075 0.944049 -0.313612 -0.603826 -0.957937 0.178283 0.224883 -0.226321 0.268212 0.277465 0.922538 0.38118 0.316123 -0.384928 0.86712 0.40068 -0.93004 -0.30621 0.20313 -0.504145 0.18733 -0.87067 -0.454798 0.485852 
1533556033063 0.101879 0.944052 -0.313666 -0.603851 -0.957928 0.178144 0.225032 -0.226234 0.26832 0.277543 0.922483 0.381136 1 0 0 0 0 1 0 0 0 0 1 1.306 
1533556033074 0.101956 0.943978 -0.313865 -0.603839 -0.957956 0.178226 0.224847 -0.226242 0.268189 0.277744 0.92246 0.381131 0.313239 -0.3866 0.867422 0.386189 -0.93126 -0.304042 0.200784 -0.500185 0.18611 -0.870689 -0.455263 0.505382 
1533556033246 0.102034 0.943903 -0.314065 -0.603828 -0.957985 0.178307 0.22466 -0.22625 0.268057 0.277946 0.922438 0.381127 0.316244 -0.384866 0.867103 0.400216 -0.929998 -0.306258 0.203249 -0.504049 0.187334 -0.87068 -0.454777 0.486145 
1533556033455 0.102112 0.943828 -0.314265 -0.603817 -0.958013 0.178389 0.224473 -0.226257 0.267925 0.278148 0.922415 0.381122 0.316258 -0.384857 0.867102 0.400836 -0.929992 -0.306267 0.203261 -0.504368 0.187338 -0.870681 -0.454774 0.485921 
1533556033608 0.102189 0.943753 -0.314464 -0.603805 -0.958042 0.17847 0.224286 -0.226265 0.267793 0.27835 0.922393 0.381117 0.316239 -0.384881 0.867098 0.400855 -0.93 -0.306257 0.203241 -0.504361 0.187331 -0.870674 -0.454789 0.485943 
1533556033614 0.102267 0.943678 -0.314664 -0.603794 -0.95807 0.178552 0.224099 -0.226273 0.267661 0.278552 0.92237 0.381112 0.316214 -0.384899 0.867099 0.400827 -0.930009 -0.306245 0.203216 -0.504329 0.187327 -0.87067 -0.454799 0.48594 
1533556033767 0.102345 0.943603 -0.314863 -0.603782 -0.958099 0.178633 0.223912 -0.226281 0.267529 0.278754 0.922347 0.381108 0.3162 -0.384907 0.867101 0.400798 -0.930014 -0.306239 0.203202 -0.504306 0.187326 -0.870669 -0.454801 0.485922 
1533556033774 0.102423 0.943528 -0.315063 -0.603771 -0.958128 0.178714 0.223725 -0.226289 0.267397 0.278956 0.922325 0.381103 0.316197 -0.384904 0.867103 0.400778 -0.930014 -0.30624 0.2032 -0.504292 0.187329 -0.87067 -0.454799 0.485903 
1533556033942 0.1025 0.943453 -0.315262 -0.603759 -0.958156 0.178795 0.223538 -0.226296 0.267265 0.279157 0.922302 0.381098 0.316201 -0.384895 0.867106 0.400765 -0.930012 -0.306246 0.203202 -0.504277 0.187337 -0.870672 -0.454792 0.485883 
1533556034150 0.102578 0.943378 -0.315461 -0.603751 -0.958184 0.178876 0.223352 -0.226306 0.267133 0.279359 0.922279 0.381092 0.316123 -0.384928 0.86712 0.40068 -0.93004 -0.30621 0.20313 -0.504145 0.18733 -0.87067 -0.454798 0.485852 
1533556034440 0.102734 0.943376 -0.315416 -0.603731 -0.958137 0.179042 0.223422 -0.226361 0.267244 0.279259 0.922277 0.381087 1 0 0 0 0 1 0 0 0 0 1 1.306 
1533556034452 0.102757 0.943346 -0.315499 -0.603729 -0.958188 0.179027 0.223216 -0.226347 0.267052 0.27937 0.922299 0.381091 0.313239 -0.3866 0.867422 0.386189 -0.93126 -0.304042 0.200784 -0.500185 0.18611 -0.870689 -0.455263 0.505382 
1533556034720 0.102779 0.943315 -0.315583 -0.603728 -0.958239 0.179012 0.223008 -0.226333 0.26686 0.279483 0.92232 0.381095 0.316244 -0.384866 0.867103 0.400216 -0.929998 -0.306258 0.203249 -0.504049 0.187334 -0.87068 -0.454777 0.486145 
1533556034842 0.102802 0.943285 -0.315666 -0.603726 -0.95829 0.178997 0.222801 -0.226319 0.266668 0.279595 0.922342 0.381098 0.316258 -0.384857 0.867102 0.400836 -0.929992 -0.306267 0.203261 -0.504368 0.187338 -0.870681 -0.454774 0.485921 
1533556035001 0.102824 0.943255 -0.315749 -0.603725 -0.958341 0.178981 0.222594 -0.226305 0.266476 0.279708 0.922363 0.381102 0.316239 -0.384881 0.867098 0.400855 -0.93 -0.306257 0.203241 -0.504361 0.187331 -0.870674 -0.454789 0.485943 
1533556035099 0.102847 0.943224 -0.315833 -0.603723 -0.958392 0.178965 0.222387 -0.226291 0.266284 0.27982 0.922385 0.381106 0.316214 -0.384899 0.867099 0.400827 -0.930009 -0.306245 0.203216 -0.504329 0.187327 -0.87067 -0.454799 0.48594 
1533556035211 0.10287 0.943194 -0.315916 -0.603721 -0.958443 0.17895 0.222179 -0.226278 0.266091 0.279932 0.922406 0.38111 0.3162 -0.384907 0.867101 0.400798 -0.930014 -0.306239 0.203202 -0.504306 0.187326 -0.870669 -0.454801 0.485922 
1533556035342 0.102892 0.943164 -0.316 -0.60372 -0.958494 0.178935 0.221972 -0.226264 0.265899 0.280045 0.922428 0.381114 0.316197 -0.384904 0.867103 0.400778 -0.930014 -0.30624 0.2032 -0.504292 0.187329 -0.87067 -0.454799 0.485903 
1533556035470 0.102915 0.943133 -0.316083 -0.603718 -0.958545 0.178919 0.221765 -0.22625 0.265707 0.280157 0.922449 0.381117 0.316201 -0.384895 0.867106 0.400765 -0.930012 -0.306246 0.203202 -0.504277 0.187337 -0.870672 -0.454792 0.485883 
1533556035559 0.102937 0.943103 -0.316166 -0.603718 -0.958596 0.178903 0.221559 -0.226237 0.265516 0.280268 0.92247 0.38112 0.316123 -0.384928 0.86712 0.40068 -0.93004 -0.30621 0.20313 -0.504145 0.18733 -0.87067 -0.454798 0.485852 
1533556035680 0.102981 0.94311 -0.316131 -0.603717 -0.958574 0.178954 0.221611 -0.226292 0.265576 0.280213 0.922469 0.381149 1 0 0 0 0 1 0 0 0 0 1 1.306 
1533556035692 0.102999 0.943112 -0.316118 -0.60372 -0.958553 0.178987 0.221673 -0.226284 0.265644 0.280184 0.922459 0.38114 0.313239 -0.3866 0.867422 0.386189 -0.93126 -0.304042 0.200784 -0.500185 0.18611 -0.870689 -0.455263 0.505382 
1533556035709 0.103017 0.943115 -0.316104 -0.603723 -0.958532 0.179021 0.221737 -0.226277 0.265713 0.280154 0.922448 0.381131 0.316244 -0.384866 0.867103 0.400216 -0.929998 -0.306258 0.203249 -0.504049 0.187334 -0.87068 -0.454777 0.486145 
1533556035716 0.103035 0.943117 -0.316092 -0.603725 -0.958511 0.179055 0.2218 -0.226269 0.265781 0.280124 0.922437 0.381122 0.316258 -0.384857 0.867102 0.400836 -0.929992 -0.306267 0.203261 -0.504368 0.187338 -0.870681 -0.454774 0.485921 
1533556035913 0.103053 0.943119 -0.316079 -0.603728 -0.958491 0.179088 0.221863 -0.226261 0.265849 0.280095 0.922427 0.381113 0.316239 -0.384881 0.867098 0.400855 -0.93 -0.306257 0.203241 -0.504361 0.187331 -0.870674 -0.454789 0.485943 
1533556036037 0.103071 0.943122 -0.316066 -0.603731 -0.95847 0.179122 0.221926 -0.226253 0.265918 0.280065 0.922416 0.381104 0.316214 -0.384899 0.867099 0.400827 -0.930009 -0.306245 0.203216 -0.504329 0.187327 -0.87067 -0.454799 0.48594 
1533556036230 0.103089 0.943124 -0.316053 -0.603734 -0.958449 0.179156 0.22199 -0.226246 0.265986 0.280036 0.922405 0.381095 0.3162 -0.384907 0.867101 0.400798 -0.930014 -0.306239 0.203202 -0.504306 0.187326 -0.870669 -0.454801 0.485922 
1533556036331 0.103107 0.943126 -0.31604 -0.603737 -0.958428 0.17919 0.222053 -0.226238 0.266055 0.280006 0.922394 0.381086 0.316197 -0.384904 0.867103 0.400778 -0.930014 -0.30624 0.2032 -0.504292 0.187329 -0.87067 -0.454799 0.485903 
1533556036470 0.103125 0.943129 -0.316027 -0.603739 -0.958407 0.179223 0.222116 -0.22623 0.266123 0.279977 0.922383 0.381077 0.316201 -0.384895 0.867106 0.400765 -0.930012 -0.306246 0.203202 -0.504277 0.187337 -0.870672 -0.454792 0.485883 
1533556036476 0.103143 0.943131 -0.316014 -0.603742 -0.958386 0.179257 0.222179 -0.226223 0.266192 0.279947 0.922373 0.381068 0.316123 -0.384928 0.86712 0.40068 -0.93004 -0.30621 0.20313 -0.504145 0.18733 -0.87067 -0.454798 0.485852 
1533556036718 0.103195 0.943149 -0.315944 -0.6037 -0.958395 0.179273 0.222127 -0.226257 0.266139 0.279877 0.92241 0.381063 1 0 0 0 0 1 0 0 0 0 1 1.306 
1533556036729 0.103231 0.943185 -0.315824 -0.60371 -0.958364 0.179307 0.222235 -0.226256 0.266238 0.279733 0.922425 0.381054 0.313239 -0.3866 0.867422 0.386189 -0.93126 -0.304042 0.200784 -0.500185 0.18611 -0.870689 -0.455263 0.505382 
1533556036881 0.103266 0.943222 -0.315703 -0.60372 -0.958332 0.17934 0.222343 -0.226255 0.266337 0.279588 0.92244 0.381045 0.316244 -0.384866 0.867103 0.400216 -0.929998 -0.306258 0.203249 -0.504049 0.187334 -0.87068 -0.454777 0.486145 
1533556037100 0.103301 0.943258 -0.315583 -0.603731 -0.958301 0.179373 0.222451 -0.226254 0.266436 0.279444 0.922455 0.381035 0.316258 -0.384857 0.867102 0.400836 -0.929992 -0.306267 0.203261 -0.504368 0.187338 -0.870681 -0.454774 0.485921 
1533556037107 0.103336 0.943295 -0.315461 -0.603741 -0.95827 0.179406 0.22256 -0.226253 0.266535 0.279299 0.92247 0.381026 0.316239 -0.384881 0.867098 0.400855 -0.93 -0.306257 0.203241 -0.504361 0.187331 -0.870674 -0.454789 0.485943 
1533556037356 0.103371 0.943332 -0.315341 -0.603751 -0.958238 0.179439 0.222668 -0.226253 0.266634 0.279154 0.922485 0.381017 0.316214 -0.384899 0.867099 0.400827 -0.930009 -0.306245 0.203216 -0.504329 0.187327 -0.87067 -0.454799 0.48594 
1533556037459 0.103406 0.943368 -0.31522 -0.603761 -0.958207 0.179471 0.222776 -0.226252 0.266733 0.279009 0.922501 0.381008 0.3162 -0.384907 0.867101 0.400798 -0.930014 -0.306239 0.203202 -0.504306 0.187326 -0.870669 -0.454801 0.485922 
1533556037611 0.103441 0.943405 -0.315099 -0.603771 -0.958176 0.179504 0.222885 -0.226251 0.266832 0.278865 0.922516 0.380999 0.316197 -0.384904 0.867103 0.400778 -0.930014 -0.30624 0.2032 -0.504292 0.187329 -0.87067 -0.454799 0.485903 
1533556037842 0.103476 0.943441 -0.314978 -0.603781 -0.958144 0.179537 0.222993 -0.22625 0.266931 0.27872 0.922531 0.380989 0.316201 -0.384895 0.867106 0.400765 -0.930012 -0.306246 0.203202 -0.504277 0.187337 -0.870672 -0.454792 0.485883 
1533556038070 0.103511 0.943477 -0.314859 -0.603789 -0.958113 0.17957 0.2231 -0.226248 0.26703 0.278577 0.922545 0.380981 0.316123 -0.384928 0.86712 0.40068 -0.93004 -0.30621 0.20313 -0.504145 0.18733 -0.87067 -0.454798 0.485852 
1533556038202 0.103453 0.943481 -0.314868 -0.60379 -0.958164 0.179472 0.222963 -0.226195 0.266871 0.278628 0.922576 0.380965 1 0 0 0 0 1 0 0 0 0 1 1.306 
1533556038214 0.103365 0.943511 -0.314807 -0.603794 -0.958232 0.179314 0.222795 -0.226197 0.266658 0.278629 0.922637 0.380958 0.313239 -0.3866 0.867422 0.386189 -0.93126 -0.304042 0.200784 -0.500185 0.18611 -0.870689 -0.455263 0.505382 
1533556038231 0.103276 0.943541 -0.314745 -0.603798 -0.958301 0.179155 0.222626 -0.2262 0.266445 0.278629 0.922699 0.380951 0.316244 -0.384866 0.867103 0.400216 -0.929998 -0.306258 0.203249 -0.504049 0.187334 -0.87068 -0.454777 0.486145 
1533556038441 0.103187 0.943571 -0.314684 -0.603801 -0.95837 0.178996 0.222459 -0.226202 0.266233 0.278629 0.92276 0.380944 0.316258 -0.384857 0.867102 0.400836 -0.929992 -0.306267 0.203261 -0.504368 0.187338 -0.870681 -0.454774 0.485921 
