1535142191819 0.219234 0.921086 -0.321771 -0.48665 -0.94317 0.284488 0.171745 -0.177862 0.249732 0.265833 0.931111 0.46386 0.16008 -0.304787 0.938871 0.370831 -0.775623 0.549475 0.310623 -0.528794 -0.61056 -0.777934 -0.14844 0.432481 
1535142191832 0.222185 0.921859 -0.317506 -0.501517 -0.942931 0.286001 0.170539 -0.184366 0.248021 0.261495 0.932795 0.454716 0.316225 -0.384867 0.86711 0.400813 -0.930002 -0.30626 0.203228 -0.504337 0.187345 -0.870679 -0.454774 0.485882 
1535142192664 0.225127 0.922608 -0.31323 -0.516385 -0.942686 0.287518 0.169341 -0.190869 0.246295 0.257154 0.934457 0.445572 0.316225 -0.384867 0.86711 0.400813 -0.930002 -0.30626 0.203228 -0.504337 0.187345 -0.870679 -0.454774 0.485882 
1535142193493 0.22806 0.923332 -0.308944 -0.531252 -0.942434 0.28904 0.16815 -0.197372 0.244555 0.252811 0.936098 0.436428 0.316225 -0.384867 0.86711 0.400813 -0.930002 -0.30626 0.203228 -0.504337 0.187345 -0.870679 -0.454774 0.485882 
1535142194335 0.230983 0.924033 -0.304647 -0.546118 -0.942175 0.290565 0.166965 -0.203875 0.242801 0.248465 0.937717 0.427284 0.316225 -0.384867 0.86711 0.400813 -0.930002 -0.30626 0.203228 -0.504337 0.187345 -0.870679 -0.454774 0.485882 
1535142195208 0.233897 0.924709 -0.300341 -0.560984 -0.94191 0.292095 0.165787 -0.210378 0.241033 0.244117 0.939314 0.41814 0.316225 -0.384867 0.86711 0.400813 -0.930002 -0.30626 0.203228 -0.504337 0.187345 -0.870679 -0.454774 0.485882 
1535142196095 0.236803 0.925362 -0.296024 -0.575848 -0.941639 0.293629 0.164616 -0.21688 0.239251 0.239766 0.940889 0.408997 0.316225 -0.384867 0.86711 0.400813 -0.930002 -0.30626 0.203228 -0.504337 0.187345 -0.870679 -0.454774 0.485882 
1535142196987 0.2397 0.925989 -0.291699 -0.590709 -0.941361 0.295168 0.163451 -0.223381 0.237454 0.235415 0.942441 0.399854 0.316225 -0.384867 0.86711 0.400813 -0.930002 -0.30626 0.203228 -0.504337 0.187345 -0.870679 -0.454774 0.485882 
1535142197891 0.242587 0.926592 -0.287364 -0.605566 -0.941076 0.296711 0.162293 -0.229879 0.235644 0.231061 0.943972 0.390712 0.316225 -0.384867 0.86711 0.400813 -0.930002 -0.30626 0.203228 -0.504337 0.187345 -0.870679 -0.454774 0.485882 
1535142198826 0.245615 0.927063 -0.283244 -0.619012 -0.940748 0.298437 0.161021 -0.235701 0.233807 0.226912 0.945434 0.381842 0.316379 -0.384993 0.866998 0.401317 -0.929989 -0.306181 0.203405 -0.505249 0.187149 -0.870651 -0.454908 0.48631 
1535142199759 0.246548 0.926733 -0.283515 -0.618785 -0.940448 0.29943 0.160931 -0.235913 0.234033 0.226954 0.945368 0.382404 0.316379 -0.384993 0.866998 0.401317 -0.929989 -0.306181 0.203405 -0.505249 0.187149 -0.870651 -0.454908 0.48631 
1535142199769 0.246727 0.926833 -0.28303 -0.620434 -0.940452 0.299468 0.160838 -0.236609 0.233829 0.226493 0.945529 0.381406 0.31622 -0.384863 0.867113 0.400797 -0.930002 -0.306262 0.203222 -0.504307 0.187351 -0.87068 -0.45477 0.485868 
1535142200108 0.246905 0.926934 -0.282545 -0.622088 -0.940456 0.299505 0.160745 -0.237308 0.233624 0.226032 0.94569 0.380408 0.31622 -0.384863 0.867113 0.400796 -0.930002 -0.306262 0.203222 -0.504306 0.187351 -0.87068 -0.454769 0.485868 
1535142200114 0.247083 0.927034 -0.282059 -0.623744 -0.94046 0.299541 0.160652 -0.238007 0.233419 0.225571 0.945851 0.379409 0.316221 -0.384863 0.867113 0.400795 -0.930002 -0.306262 0.203223 -0.504305 0.187351 -0.87068 -0.45477 0.485867 
1535142200641 0.247261 0.927134 -0.281574 -0.625398 -0.940464 0.299578 0.160559 -0.238706 0.233214 0.22511 0.946011 0.378411 0.31622 -0.384863 0.867113 0.400795 -0.930002 -0.306262 0.203222 -0.504305 0.187352 -0.87068 -0.454769 0.485867 
1535142200647 0.247439 0.927234 -0.281088 -0.627052 -0.940469 0.299615 0.160467 -0.239405 0.233008 0.224649 0.946171 0.377412 0.31622 -0.384863 0.867113 0.400795 -0.930002 -0.306262 0.203222 -0.504304 0.187352 -0.87068 -0.454769 0.485867 
1535142201137 0.247617 0.927334 -0.280603 -0.628706 -0.940473 0.299652 0.160374 -0.240103 0.232803 0.224188 0.946331 0.376414 0.31622 -0.384863 0.867113 0.400795 -0.930002 -0.306262 0.203222 -0.504304 0.187352 -0.87068 -0.454769 0.485867 
1535142201473 0.247794 0.927433 -0.280117 -0.63036 -0.940477 0.299689 0.160281 -0.240802 0.232598 0.223727 0.946491 0.375415 0.31622 -0.384863 0.867113 0.400795 -0.930002 -0.306262 0.203222 -0.504304 0.187351 -0.87068 -0.454769 0.485867 
1535142201814 0.247972 0.927533 -0.279631 -0.632015 -0.940481 0.299726 0.160188 -0.241501 0.232392 0.223266 0.94665 0.374417 0.31622 -0.384863 0.867113 0.400795 -0.930002 -0.306262 0.203222 -0.504304 0.187351 -0.87068 -0.454769 0.485867 
1535142201821 0.248149 0.927631 -0.279145 -0.633669 -0.940485 0.299764 0.160095 -0.242199 0.232187 0.222804 0.946809 0.373418 0.31622 -0.384863 0.867113 0.400795 -0.930002 -0.306262 0.203222 -0.504304 0.187351 -0.87068 -0.454769 0.485867 
1535142202318 0.248737 0.927387 -0.279435 -0.633439 -0.940308 0.300397 0.159947 -0.242337 0.232274 0.22297 0.946749 0.373605 0.31622 -0.384863 0.867113 0.400795 -0.930002 -0.306262 0.203222 -0.504304 0.187351 -0.87068 -0.454769 0.485867 
1535142202328 0.248432 0.927366 -0.279773 -0.633631 -0.940317 0.300232 0.160203 -0.242485 0.232564 0.223276 0.946606 0.373472 0.31622 -0.384863 0.867113 0.400795 -0.930002 -0.306262 0.203222 -0.504304 0.187351 -0.87068 -0.454769 0.485867 
1535142202344 0.248127 0.927346 -0.280111 -0.633828 -0.940326 0.300068 0.160459 -0.242634 0.232853 0.223581 0.946462 0.373338 0.31622 -0.384863 0.867113 0.400795 -0.930002 -0.306262 0.203222 -0.504304 0.187351 -0.87068 -0.454769 0.485867 
1535142202381 0.247822 0.927326 -0.280449 -0.634024 -0.940335 0.299903 0.160715 -0.242784 0.233142 0.223887 0.946319 0.373204 0.31622 -0.384863 0.867113 0.400795 -0.930002 -0.306262 0.203222 -0.504304 0.187351 -0.87068 -0.454769 0.485867 
1535142202526 0.247517 0.927305 -0.280786 -0.634221 -0.940343 0.299738 0.160971 -0.242934 0.233431 0.224192 0.946175 0.37307 0.31622 -0.384863 0.867113 0.400795 -0.930002 -0.306262 0.203222 -0.504304 0.187351 -0.87068 -0.454769 0.485867 
1535142202591 0.247211 0.927284 -0.281123 -0.634418 -0.940352 0.299574 0.161227 -0.243084 0.23372 0.224498 0.946031 0.372935 0.31622 -0.384863 0.867113 0.400795 -0.930002 -0.306262 0.203222 -0.504304 0.187351 -0.87068 -0.454769 0.485867 
1535142202712 0.246906 0.927263 -0.281461 -0.634616 -0.94036 0.299409 0.161483 -0.243234 0.234009 0.224803 0.945887 0.372801 0.31622 -0.384863 0.867113 0.400795 -0.930002 -0.306262 0.203222 -0.504304 0.187351 -0.87068 -0.454769 0.485867 
1535142202773 0.2466 0.927242 -0.281798 -0.634812 -0.940368 0.299245 0.161739 -0.243384 0.234298 0.225109 0.945743 0.372667 0.31622 -0.384863 0.867113 0.400795 -0.930002 -0.306262 0.203222 -0.504304 0.187351 -0.87068 -0.454769 0.485867 
1535142202780 0.246294 0.927221 -0.282135 -0.635009 -0.940377 0.299081 0.161996 -0.243534 0.234587 0.225414 0.945599 0.372533 0.31622 -0.384863 0.867113 0.400795 -0.930002 -0.306262 0.203222 -0.504304 0.187351 -0.87068 -0.454769 0.485867 
1535142202935 0.245988 0.9272 -0.282472 -0.635205 -0.940385 0.298916 0.162252 -0.243684 0.234875 0.22572 0.945454 0.372399 0.31622 -0.384863 0.867113 0.400795 -0.930002 -0.306262 0.203222 -0.504304 0.187351 -0.87068 -0.454769 0.485867 
1535142203045 0.246212 0.927229 -0.28218 -0.635018 -0.940382 0.299026 0.162066 -0.243509 0.234651 0.225454 0.945573 0.372562 0.31622 -0.384863 0.867113 0.400795 -0.930002 -0.306262 0.203222 -0.504304 0.187351 -0.87068 -0.454769 0.485867 
1535142203060 0.245438 0.927419 -0.282231 -0.63505 -0.940506 0.29837 0.162555 -0.24365 0.234966 0.225542 0.945474 0.37263 0.31622 -0.384863 0.867113 0.400795 -0.930002 -0.306262 0.203222 -0.504304 0.187351 -0.87068 -0.45477 0.485867 
1535142203077 0.244664 0.927609 -0.28228 -0.635086 -0.940629 0.297714 0.163045 -0.243794 0.23528 0.22563 0.945375 0.372696 0.31622 -0.384863 0.867113 0.400795 -0.930002 -0.306262 0.203222 -0.504304 0.187351 -0.87068 -0.45477 0.485867 
1535142203237 0.243889 0.927798 -0.282329 -0.635123 -0.940752 0.297058 0.163534 -0.243937 0.235594 0.225717 0.945276 0.372763 0.31622 -0.384863 0.867113 0.400795 -0.930002 -0.306262 0.203222 -0.504304 0.187351 -0.87068 -0.45477 0.485867 
1535142203379 0.243114 0.927986 -0.282377 -0.635159 -0.940873 0.296401 0.164023 -0.24408 0.235908 0.225805 0.945177 0.37283 0.31622 -0.384863 0.867113 0.400795 -0.930002 -0.306262 0.203222 -0.504304 0.187351 -0.87068 -0.45477 0.485867 
1535142203492 0.24234 0.928174 -0.282425 -0.635196 -0.940995 0.295745 0.164512 -0.244224 0.236222 0.225893 0.945078 0.372896 0.31622 -0.384863 0.867113 0.400795 -0.930002 -0.306262 0.203222 -0.504304 0.187351 -0.87068 -0.45477 0.485867 
1535142203620 0.241565 0.928362 -0.282473 -0.635232 -0.941115 0.295088 0.165001 -0.244367 0.236535 0.225981 0.944978 0.372963 0.31622 -0.384863 0.867113 0.400795 -0.930002 -0.306262 0.203222 -0.504304 0.187351 -0.87068 -0.45477 0.485867 
1535142203752 0.24079 0.928549 -0.28252 -0.635269 -0.941235 0.294431 0.165491 -0.244511 0.236849 0.226069 0.944879 0.37303 0.31622 -0.384863 0.867113 0.400795 -0.930002 -0.306262 0.203222 -0.504304 0.187351 -0.87068 -0.45477 0.485867 
1535142203873 0.240014 0.928735 -0.282567 -0.635305 -0.941354 0.293775 0.16598 -0.244654 0.237162 0.226158 0.944779 0.373097 0.31622 -0.384863 0.867113 0.400795 -0.930002 -0.306262 0.203222 -0.504304 0.187351 -0.87068 -0.45477 0.485867 
1535142204007 0.239239 0.928921 -0.282613 -0.635343 -0.941472 0.293118 0.166469 -0.244797 0.237475 0.226246 0.944679 0.373163 0.31622 -0.384863 0.867113 0.400795 -0.930002 -0.306262 0.203222 -0.504304 0.187351 -0.87068 -0.45477 0.485867 
1535142204156 0.239884 0.928767 -0.282572 -0.635338 -0.941353 0.293684 0.166148 -0.244675 0.237299 0.226144 0.944748 0.37311 0.31622 -0.384863 0.867113 0.400795 -0.930002 -0.306262 0.203222 -0.504304 0.187351 -0.87068 -0.45477 0.485867 
1535142204169 0.239697 0.928858 -0.282433 -0.635338 -0.941498 0.293387 0.165846 -0.24473 0.236909 0.226157 0.944842 0.373151 0.31622 -0.384863 0.867113 0.400795 -0.930002 -0.306262 0.203222 -0.504304 0.187351 -0.87068 -0.45477 0.485867 
1535142204186 0.239511 0.928948 -0.282294 -0.635342 -0.941644 0.293091 0.165544 -0.244787 0.23652 0.226171 0.944937 0.373191 0.31622 -0.384863 0.867113 0.400795 -0.930002 -0.306262 0.203222 -0.504304 0.187351 -0.87068 -0.45477 0.485867 
1535142204202 0.239324 0.929038 -0.282156 -0.635345 -0.941789 0.292794 0.165243 -0.244844 0.23613 0.226184 0.945031 0.373231 0.31622 -0.384863 0.867113 0.400795 -0.930002 -0.306262 0.203222 -0.504304 0.187351 -0.87068 -0.45477 0.485867 
1535142204220 0.239138 0.929128 -0.282017 -0.63535 -0.941934 0.292498 0.164941 -0.244901 0.235741 0.226198 0.945125 0.373271 0.31622 -0.384863 0.867113 0.400795 -0.930002 -0.306262 0.203222 -0.504304 0.187351 -0.87068 -0.45477 0.485867 
1535142204236 0.238951 0.929218 -0.281878 -0.635354 -0.942079 0.292201 0.164639 -0.244958 0.235351 0.226211 0.945219 0.373311 0.31622 -0.384863 0.867113 0.400795 -0.930002 -0.306262 0.203222 -0.504304 0.187351 -0.87068 -0.45477 0.485867 
1535142204252 0.238765 0.929308 -0.28174 -0.635358 -0.942223 0.291905 0.164337 -0.245015 0.234961 0.226224 0.945313 0.373351 0.31622 -0.384863 0.867113 0.400795 -0.930002 -0.306262 0.203222 -0.504304 0.187351 -0.87068 -0.45477 0.485867 
1535142204368 0.238578 0.929398 -0.281601 -0.635363 -0.942368 0.291609 0.164035 -0.245072 0.234572 0.226237 0.945406 0.373391 0.31622 -0.384863 0.867113 0.400795 -0.930002 -0.306262 0.203222 -0.504304 0.187351 -0.87068 -0.45477 0.485867 
1535142204375 0.238391 0.929488 -0.281463 -0.635366 -0.942512 0.291312 0.163733 -0.245129 0.234182 0.22625 0.9455 0.373431 0.31622 -0.384863 0.867113 0.400795 -0.930002 -0.306262 0.203222 -0.504304 0.187351 -0.87068 -0.45477 0.485867 
1535142204421 0.238204 0.929578 -0.281325 -0.635371 -0.942656 0.291016 0.163431 -0.245187 0.233792 0.226262 0.945593 0.373471 0.31622 -0.384863 0.867113 0.400795 -0.930002 -0.306262 0.203222 -0.504304 0.187351 -0.87068 -0.45477 0.485867 
1535142204477 0.238794 0.929331 -0.281642 -0.635319 -0.942242 0.291891 0.164257 -0.245066 0.234858 0.226151 0.945356 0.37338 0.31622 -0.384863 0.867113 0.400795 -0.930002 -0.306262 0.203222 -0.504304 0.187351 -0.87068 -0.45477 0.485867 
1535142204487 0.239106 0.929292 -0.281504 -0.635285 -0.942271 0.29206 0.163786 -0.245055 0.234421 0.226091 0.945479 0.373403 0.31622 -0.384863 0.867113 0.400795 -0.930002 -0.306262 0.203222 -0.504304 0.187351 -0.87068 -0.45477 0.485867 
1535142204494 0.239419 0.929253 -0.281366 -0.635246 -0.9423 0.29223 0.163314 -0.245041 0.233984 0.226031 0.945601 0.373427 0.31622 -0.384863 0.867113 0.400795 -0.930002 -0.306262 0.203222 -0.504304 0.187351 -0.87068 -0.45477 0.485867 
1535142204666 0.239732 0.929214 -0.281229 -0.635207 -0.942329 0.2924 0.162842 -0.245027 0.233547 0.225972 0.945723 0.373451 0.31622 -0.384863 0.867113 0.400795 -0.930002 -0.306262 0.203222 -0.504304 0.187351 -0.87068 -0.45477 0.485867 
1535142204679 0.240045 0.929175 -0.281091 -0.635169 -0.942358 0.29257 0.162371 -0.245014 0.23311 0.225912 0.945846 0.373475 0.31622 -0.384863 0.867113 0.400795 -0.930002 -0.306262 0.203222 -0.504304 0.187351 -0.87068 -0.45477 0.485867 
1535142204705 0.240358 0.929136 -0.280953 -0.63513 -0.942386 0.292741 0.161899 -0.245 0.232672 0.225853 0.945967 0.373499 0.31622 -0.384863 0.867113 0.400795 -0.930002 -0.306262 0.203222 -0.504304 0.187351 -0.87068 -0.45477 0.485867 
1535142204798 0.240671 0.929097 -0.280815 -0.63509 -0.942414 0.292911 0.161427 -0.244987 0.232235 0.225793 0.946089 0.373523 0.31622 -0.384863 0.867113 0.400795 -0.930002 -0.306262 0.203222 -0.504304 0.187351 -0.87068 -0.45477 0.485867 
1535142204829 0.240983 0.929057 -0.280677 -0.635052 -0.942442 0.293081 0.160955 -0.244973 0.231798 0.225734 0.94621 0.373547 0.31622 -0.384863 0.867113 0.400795 -0.930002 -0.306262 0.203222 -0.504304 0.187351 -0.87068 -0.45477 0.485867 
1535142204880 0.241296 0.929018 -0.280538 -0.635012 -0.942469 0.293251 0.160483 -0.244959 0.23136 0.225675 0.946332 0.373571 0.31622 -0.384863 0.867113 0.400795 -0.930002 -0.306262 0.203222 -0.504304 0.187351 -0.87068 -0.45477 0.485867 
1535142204922 0.241609 0.928979 -0.2804 -0.634974 -0.942497 0.293422 0.160011 -0.244946 0.230923 0.225616 0.946453 0.373595 0.31622 -0.384863 0.867113 0.400795 -0.930002 -0.306262 0.203222 -0.504304 0.187351 -0.87068 -0.45477 0.485867 
1535142204987 0.240856 0.929075 -0.280727 -0.635102 -0.942377 0.293063 0.161369 -0.244934 0.232195 0.225684 0.946125 0.373587 0.31622 -0.384863 0.867113 0.400795 -0.930002 -0.306262 0.203222 -0.504304 0.187351 -0.87068 -0.45477 0.485867 
1535142205000 0.24148 0.928945 -0.280621 -0.634909 -0.942301 0.29356 0.160909 -0.244834 0.231854 0.225573 0.946235 0.373677 0.31622 -0.384863 0.867113 0.400795 -0.930002 -0.306262 0.203222 -0.504304 0.187351 -0.87068 -0.45477 0.485867 
1535142205017 0.242104 0.928815 -0.280514 -0.634711 -0.942225 0.294057 0.160448 -0.244732 0.231513 0.225462 0.946345 0.373769 0.31622 -0.384863 0.867113 0.400795 -0.930002 -0.306262 0.203222 -0.504304 0.187351 -0.87068 -0.45477 0.485867 
1535142205178 0.242728 0.928685 -0.280407 -0.634514 -0.942148 0.294553 0.159987 -0.24463 0.231172 0.225351 0.946455 0.37386 0.31622 -0.384863 0.867113 0.400795 -0.930002 -0.306262 0.203222 -0.504304 0.187351 -0.87068 -0.45477 0.485867 
1535142205309 0.243352 0.928554 -0.280299 -0.634317 -0.942071 0.29505 0.159526 -0.244527 0.230831 0.225241 0.946564 0.373951 0.31622 -0.384863 0.867113 0.400795 -0.930002 -0.306262 0.203222 -0.504304 0.187351 -0.87068 -0.45477 0.485867 
1535142205444 0.243975 0.928423 -0.280192 -0.634119 -0.941993 0.295546 0.159065 -0.244425 0.230489 0.225131 0.946674 0.374042 0.31622 -0.384863 0.867113 0.400795 -0.930002 -0.306262 0.203222 -0.504304 0.187351 -0.87068 -0.45477 0.485867 
1535142205568 0.244599 0.928291 -0.280083 -0.633922 -0.941915 0.296042 0.158604 -0.244323 0.230147 0.22502 0.946783 0.374133 0.31622 -0.384863 0.867113 0.400795 -0.930002 -0.306262 0.203222 -0.504304 0.187351 -0.87068 -0.45477 0.485867 
1535142205688 0.245222 0.928159 -0.279975 -0.633724 -0.941836 0.296539 0.158143 -0.244221 0.229806 0.22491 0.946892 0.374225 0.31622 -0.384863 0.867113 0.400795 -0.930002 -0.306262 0.203222 -0.504304 0.187351 -0.87068 -0.45477 0.485867 
1535142205811 0.245846 0.928027 -0.279866 -0.633527 -0.941757 0.297035 0.157682 -0.244119 0.229464 0.2248 0.947001 0.374316 0.31622 -0.384863 0.867113 0.400795 -0.930002 -0.306262 0.203222 -0.504304 0.187351 -0.87068 -0.45477 0.485867 
1535142205939 0.246469 0.927895 -0.279757 -0.63333 -0.941677 0.297531 0.157222 -0.244017 0.229122 0.224691 0.94711 0.374407 0.31622 -0.384863 0.867113 0.400795 -0.930002 -0.306262 0.203222 -0.504304 0.187351 -0.87068 -0.45477 0.485867 
1535142206089 0.245865 0.928052 -0.279768 -0.633475 -0.941803 0.296987 0.1575 -0.244068 0.229256 0.224763 0.94706 0.374416 0.31622 -0.384863 0.867113 0.400795 -0.930002 -0.306262 0.203222 -0.504304 0.187351 -0.87068 -0.45477 0.485867 
1535142206102 0.245873 0.92805 -0.279768 -0.633145 -0.941704 0.29709 0.157898 -0.243995 0.229654 0.224635 0.946994 0.374535 0.31622 -0.384863 0.867113 0.400795 -0.930002 -0.306262 0.203222 -0.504304 0.187351 -0.87068 -0.45477 0.485867 
1535142206119 0.245882 0.928047 -0.279769 -0.63281 -0.941604 0.297193 0.158296 -0.24392 0.230051 0.22451 0.946928 0.374654 0.31622 -0.384863 0.867113 0.400795 -0.930002 -0.306262 0.203222 -0.504304 0.187351 -0.87068 -0.45477 0.485867 
1535142206302 0.24589 0.928045 -0.27977 -0.632476 -0.941505 0.297297 0.158693 -0.243845 0.230449 0.224384 0.946861 0.374773 0.31622 -0.384863 0.867113 0.400795 -0.930002 -0.306262 0.203222 -0.504304 0.187351 -0.87068 -0.45477 0.485867 
1535142206467 0.245899 0.928042 -0.279771 -0.63214 -0.941405 0.2974 0.159091 -0.24377 0.230847 0.224258 0.946794 0.374893 0.31622 -0.384863 0.867113 0.400795 -0.930002 -0.306262 0.203222 -0.504304 0.187351 -0.87068 -0.45477 0.485867 
1535142206611 0.245908 0.928039 -0.279772 -0.631805 -0.941305 0.297504 0.159488 -0.243694 0.231244 0.224132 0.946726 0.375012 0.31622 -0.384863 0.867113 0.400795 -0.930002 -0.306262 0.203222 -0.504304 0.187351 -0.87068 -0.45477 0.485867 
1535142206768 0.245917 0.928036 -0.279774 -0.631471 -0.941205 0.297607 0.159885 -0.243619 0.231642 0.224006 0.946659 0.375131 0.31622 -0.384863 0.867113 0.400795 -0.930002 -0.306262 0.203222 -0.504304 0.187351 -0.87068 -0.45477 0.485867 
1535142206913 0.245926 0.928034 -0.279775 -0.631135 -0.941105 0.29771 0.160282 -0.243544 0.232039 0.22388 0.946592 0.375251 0.31622 -0.384863 0.867113 0.400795 -0.930002 -0.306262 0.203222 -0.504304 0.187351 -0.87068 -0.45477 0.485867 
1535142207054 0.245935 0.928031 -0.279776 -0.630801 -0.941004 0.297813 0.16068 -0.243469 0.232437 0.223754 0.946524 0.37537 0.31622 -0.384863 0.867113 0.400795 -0.930002 -0.306262 0.203222 -0.504304 0.187351 -0.87068 -0.45477 0.485867 
1535142207202 0.245944 0.928028 -0.279777 -0.630465 -0.940904 0.297917 0.161077 -0.243393 0.232834 0.223628 0.946456 0.37549 0.31622 -0.384863 0.867113 0.400795 -0.930002 -0.306262 0.203222 -0.504304 0.187351 -0.87068 -0.45477 0.485867 
1535142207362 0.245887 0.928076 -0.279667 -0.630708 -0.941 0.297765 0.160797 -0.243433 0.232507 0.223629 0.946536 0.375446 0.31622 -0.384863 0.867113 0.400795 -0.930002 -0.306262 0.203222 -0.504304 0.187351 -0.87068 -0.45477 0.485867 
1535142207373 0.24601 0.928 -0.279811 -0.630269 -0.940916 0.297958 0.160932 -0.243261 0.232716 0.223688 0.946471 0.375595 0.31622 -0.384863 0.867113 0.400795 -0.930002 -0.306262 0.203222 -0.504304 0.187351 -0.87068 -0.45477 0.485867 
1535142207521 0.246133 0.927924 -0.279956 -0.629826 -0.940831 0.298151 0.161067 -0.243088 0.232927 0.223747 0.946405 0.375744 0.31622 -0.384863 0.867113 0.400795 -0.930002 -0.306262 0.203222 -0.504304 0.187351 -0.87068 -0.45477 0.485867 
1535142207711 0.246256 0.927848 -0.2801 -0.629383 -0.940747 0.298343 0.161203 -0.242914 0.233138 0.223806 0.946339 0.375894 0.31622 -0.384863 0.867113 0.400795 -0.930002 -0.306262 0.203222 -0.504304 0.187351 -0.87068 -0.45477 0.485867 
1535142207893 0.246378 0.927772 -0.280245 -0.628939 -0.940662 0.298536 0.161339 -0.24274 0.233349 0.223865 0.946273 0.376043 0.31622 -0.384863 0.867113 0.400795 -0.930002 -0.306262 0.203222 -0.504304 0.187351 -0.87068 -0.45477 0.485867 
1535142208077 0.246501 0.927695 -0.28039 -0.628495 -0.940578 0.298729 0.161475 -0.242566 0.23356 0.223925 0.946207 0.376193 0.31622 -0.384863 0.867113 0.400795 -0.930002 -0.306262 0.203222 -0.504304 0.187351 -0.87068 -0.45477 0.485867 
1535142208260 0.246624 0.927619 -0.280534 -0.628053 -0.940493 0.298922 0.161611 -0.242392 0.233771 0.223984 0.946141 0.376343 0.31622 -0.384863 0.867113 0.400795 -0.930002 -0.306262 0.203222 -0.504304 0.187351 -0.87068 -0.45477 0.485867 
1535142208442 0.246747 0.927543 -0.280679 -0.627608 -0.940409 0.299115 0.161747 -0.242218 0.233982 0.224043 0.946075 0.376492 0.31622 -0.384863 0.867113 0.400795 -0.930002 -0.306262 0.203222 -0.504304 0.187351 -0.87068 -0.45477 0.485867 
1535142208626 0.246869 0.927466 -0.280824 -0.627165 -0.940324 0.299307 0.161882 -0.242044 0.234193 0.224102 0.946009 0.376642 0.31622 -0.384863 0.867113 0.400795 -0.930002 -0.306262 0.203222 -0.504304 0.187351 -0.87068 -0.45477 0.485867 
1535142208808 0.246992 0.92739 -0.280969 -0.626721 -0.940239 0.2995 0.162018 -0.24187 0.234404 0.224161 0.945942 0.376792 0.31622 -0.384863 0.867113 0.400795 -0.930002 -0.306262 0.203222 -0.504304 0.187351 -0.87068 -0.45477 0.485867 
1535142209009 0.246694 0.927516 -0.280813 -0.626965 -0.940347 0.29916 0.162022 -0.241844 0.234286 0.224092 0.945988 0.37671 0.31622 -0.384863 0.867113 0.400795 -0.930002 -0.306262 0.203222 -0.504304 0.187351 -0.87068 -0.45477 0.485867 
1535142209021 0.24674 0.927451 -0.280987 -0.626582 -0.940317 0.299251 0.162025 -0.24169 0.234356 0.224239 0.945936 0.376826 0.31622 -0.384863 0.867113 0.400795 -0.930002 -0.306262 0.203222 -0.504304 0.187351 -0.87068 -0.45477 0.485867 
1535142209042 0.246787 0.927386 -0.281161 -0.626195 -0.940287 0.299343 0.162029 -0.241535 0.234427 0.224386 0.945883 0.376943 0.31622 -0.384863 0.867113 0.400795 -0.930002 -0.306262 0.203222 -0.504304 0.187351 -0.87068 -0.45477 0.485867 
1535142209250 0.246833 0.927321 -0.281335 -0.625808 -0.940257 0.299435 0.162033 -0.24138 0.234498 0.224533 0.945831 0.37706 0.31622 -0.384863 0.867113 0.400795 -0.930002 -0.306262 0.203222 -0.504304 0.187351 -0.87068 -0.45477 0.485867 
1535142209418 0.24688 0.927256 -0.281509 -0.62542 -0.940227 0.299527 0.162037 -0.241224 0.234569 0.224679 0.945778 0.377177 0.31622 -0.384863 0.867113 0.400795 -0.930002 -0.306262 0.203222 -0.504304 0.187351 -0.87068 -0.45477 0.485867 
1535142209594 0.246926 0.92719 -0.281683 -0.625034 -0.940198 0.299619 0.162041 -0.241069 0.23464 0.224826 0.945726 0.377294 0.31622 -0.384863 0.867113 0.400795 -0.930002 -0.306262 0.203222 -0.504304 0.187351 -0.87068 -0.45477 0.485867 
1535142209763 0.246973 0.927125 -0.281857 -0.624646 -0.940168 0.299711 0.162045 -0.240913 0.234711 0.224973 0.945673 0.377411 0.31622 -0.384863 0.867113 0.400795 -0.930002 -0.306262 0.203222 -0.504304 0.187351 -0.87068 -0.45477 0.485867 
1535142209928 0.247019 0.92706 -0.282031 -0.62426 -0.940138 0.299803 0.162048 -0.240758 0.234782 0.225119 0.945621 0.377528 0.31622 -0.384863 0.867113 0.400795 -0.930002 -0.306262 0.203222 -0.504304 0.187351 -0.87068 -0.45477 0.485867 
1535142210106 0.247066 0.926994 -0.282205 -0.623871 -0.940108 0.299895 0.162052 -0.240602 0.234853 0.225266 0.945568 0.377645 0.31622 -0.384863 0.867113 0.400795 -0.930002 -0.306262 0.203222 -0.504304 0.187351 -0.87068 -0.45477 0.485867 
1535142210283 0.247113 0.926929 -0.282379 -0.623485 -0.940078 0.299987 0.162056 -0.240447 0.234924 0.225412 0.945516 0.377762 0.31622 -0.384863 0.867113 0.400795 -0.930002 -0.306262 0.203222 -0.504304 0.187351 -0.87068 -0.45477 0.485867 
1535142210468 0.246995 0.92695 -0.282413 -0.62371 -0.940086 0.299902 0.162165 -0.240486 0.235015 0.225439 0.945487 0.377662 0.31622 -0.384863 0.867113 0.400795 -0.930002 -0.306262 0.203222 -0.504304 0.187351 -0.87068 -0.45477 0.485867 
1535142210481 0.247126 0.926913 -0.28242 -0.623409 -0.940054 0.300025 0.162119 -0.240353 0.235004 0.225426 0.945493 0.377749 0.31622 -0.384863 0.867113 0.400795 -0.930002 -0.306262 0.203222 -0.504304 0.187351 -0.87068 -0.45477 0.485867 
1535142210500 0.247257 0.926875 -0.282428 -0.623104 -0.940023 0.30015 0.162072 -0.240218 0.234992 0.225415 0.945498 0.377837 0.31622 -0.384863 0.867113 0.400795 -0.930002 -0.306262 0.203222 -0.504304 0.187351 -0.87068 -0.45477 0.485867 
1535142210686 0.247389 0.926838 -0.282436 -0.622799 -0.939991 0.300274 0.162026 -0.240082 0.23498 0.225404 0.945504 0.377925 0.31622 -0.384863 0.867113 0.400795 -0.930002 -0.306262 0.203222 -0.504304 0.187351 -0.87068 -0.45477 0.485867 
1535142210692 0.24752 0.9268 -0.282445 -0.622494 -0.939959 0.300398 0.161979 -0.239947 0.234968 0.225393 0.945509 0.378014 0.31622 -0.384863 0.867113 0.400795 -0.930002 -0.306262 0.203222 -0.504304 0.187351 -0.87068 -0.45477 0.485867 
1535142210896 0.247652 0.926763 -0.282453 -0.62219 -0.939928 0.300522 0.161932 -0.239812 0.234956 0.225382 0.945515 0.378102 0.31622 -0.384863 0.867113 0.400795 -0.930002 -0.306262 0.203222 -0.504304 0.187351 -0.87068 -0.45477 0.485867 
1535142211052 0.247783 0.926725 -0.282461 -0.621884 -0.939896 0.300647 0.161885 -0.239677 0.234944 0.225371 0.945521 0.37819 0.31622 -0.384863 0.867113 0.400795 -0.930002 -0.306262 0.203222 -0.504304 0.187351 -0.87068 -0.45477 0.485867 
1535142211203 0.247915 0.926687 -0.282469 -0.62158 -0.939864 0.300771 0.161838 -0.239542 0.234932 0.22536 0.945526 0.378278 0.31622 -0.384863 0.867113 0.400795 -0.930002 -0.306262 0.203222 -0.504304 0.187351 -0.87068 -0.45477 0.485867 
1535142211361 0.248046 0.92665 -0.282477 -0.621274 -0.939833 0.300895 0.161791 -0.239406 0.23492 0.225349 0.945532 0.378366 0.31622 -0.384863 0.867113 0.400795 -0.930002 -0.306262 0.203222 -0.504304 0.187351 -0.87068 -0.45477 0.485867 
1535142211505 0.248178 0.926612 -0.282485 -0.62097 -0.939801 0.301019 0.161744 -0.239271 0.234908 0.225338 0.945537 0.378454 0.31622 -0.384863 0.867113 0.400795 -0.930002 -0.306262 0.203222 -0.504304 0.187351 -0.87068 -0.45477 0.485867 
1535142211670 0.247976 0.92664 -0.282572 -0.621212 -0.939834 0.300861 0.161848 -0.239335 0.234989 0.225437 0.945494 0.378408 0.31622 -0.384863 0.867113 0.400795 -0.930002 -0.306262 0.203222 -0.504304 0.187351 -0.87068 -0.45477 0.485867 
1535142211681 0.247973 0.926532 -0.282927 -0.620951 -0.939714 0.301036 0.162218 -0.239251 0.235472 0.225645 0.945324 0.378491 0.31622 -0.384863 0.867113 0.400795 -0.930002 -0.306262 0.203222 -0.504304 0.187351 -0.87068 -0.45477 0.485867 
1535142211697 0.24797 0.926424 -0.283284 -0.620685 -0.939594 0.301212 0.162588 -0.239164 0.235954 0.225855 0.945154 0.378575 0.31622 -0.384863 0.867113 0.400795 -0.930002 -0.306262 0.203222 -0.504304 0.187351 -0.87068 -0.45477 0.485867 
1535142211704 0.247966 0.926316 -0.28364 -0.62042 -0.939474 0.301387 0.162958 -0.239077 0.236436 0.226065 0.944983 0.37866 0.31622 -0.384863 0.867113 0.400795 -0.930002 -0.306262 0.203222 -0.504304 0.187351 -0.87068 -0.45477 0.485867 
1535142211913 0.247963 0.926207 -0.283997 -0.620154 -0.939353 0.301562 0.163328 -0.23899 0.236919 0.226274 0.944812 0.378744 0.31622 -0.384863 0.867113 0.400795 -0.930002 -0.306262 0.203222 -0.504304 0.187351 -0.87068 -0.45477 0.485867 
1535142212054 0.247959 0.926099 -0.284354 -0.619887 -0.939232 0.301738 0.163698 -0.238903 0.237401 0.226484 0.944641 0.378828 0.31622 -0.384863 0.867113 0.400795 -0.930002 -0.306262 0.203222 -0.504304 0.187351 -0.87068 -0.45477 0.485867 
1535142212201 0.247955 0.925991 -0.28471 -0.619622 -0.939111 0.301913 0.164068 -0.238817 0.237883 0.226693 0.944469 0.378912 0.31622 -0.384863 0.867113 0.400795 -0.930002 -0.306262 0.203222 -0.504304 0.187351 -0.87068 -0.45477 0.485867 
1535142212331 0.247951 0.925882 -0.285067 -0.619356 -0.93899 0.302089 0.164437 -0.238729 0.238365 0.226903 0.944297 0.378997 0.31622 -0.384863 0.867113 0.400795 -0.930002 -0.306262 0.203222 -0.504304 0.187351 -0.87068 -0.45477 0.485867 
1535142212454 0.247946 0.925773 -0.285423 -0.61909 -0.938869 0.302265 0.164807 -0.238643 0.238847 0.227112 0.944125 0.379081 0.31622 -0.384863 0.867113 0.400795 -0.930002 -0.306262 0.203222 -0.504304 0.187351 -0.87068 -0.45477 0.485867 
1535142212583 0.247942 0.925665 -0.28578 -0.618824 -0.938747 0.30244 0.165176 -0.238556 0.239329 0.227321 0.943953 0.379165 0.31622 -0.384863 0.867113 0.400795 -0.930002 -0.306262 0.203222 -0.504304 0.187351 -0.87068 -0.45477 0.485867 
1535142212717 0.248027 0.925734 -0.28548 -0.619017 -0.938856 0.302344 0.164734 -0.238678 0.238813 0.227166 0.944121 0.379089 0.31622 -0.384863 0.867113 0.400795 -0.930002 -0.306262 0.203222 -0.504304 0.187351 -0.87068 -0.45477 0.485867 
1535142212728 0.247996 0.925683 -0.285673 -0.618797 -0.938841 0.30237 0.164771 -0.238575 0.238905 0.227339 0.944056 0.379167 0.31622 -0.384863 0.867113 0.400795 -0.930002 -0.306262 0.203222 -0.504304 0.187351 -0.87068 -0.45477 0.485867 
1535142212747 0.247965 0.925632 -0.285865 -0.618572 -0.938826 0.302398 0.164809 -0.23847 0.238997 0.227511 0.943991 0.379245 0.31622 -0.384863 0.867113 0.400795 -0.930002 -0.306262 0.203222 -0.504304 0.187351 -0.87068 -0.45477 0.485867 
1535142212752 0.247934 0.925581 -0.286058 -0.618348 -0.93881 0.302425 0.164846 -0.238365 0.23909 0.227683 0.943926 0.379323 0.31622 -0.384863 0.867113 0.400795 -0.930002 -0.306262 0.203222 -0.504304 0.187351 -0.87068 -0.45477 0.485867 
1535142212937 0.247903 0.925529 -0.28625 -0.618123 -0.938795 0.302452 0.164884 -0.23826 0.239182 0.227855 0.943861 0.379401 0.31622 -0.384863 0.867113 0.400795 -0.930002 -0.306262 0.203222 -0.504304 0.187351 -0.87068 -0.45477 0.485867 
1535142213067 0.247872 0.925478 -0.286443 -0.6179 -0.93878 0.302479 0.164922 -0.238155 0.239274 0.228027 0.943796 0.37948 0.31622 -0.384863 0.867113 0.400795 -0.930002 -0.306262 0.203222 -0.504304 0.187351 -0.87068 -0.45477 0.485867 
1535142213159 0.247841 0.925427 -0.286636 -0.617674 -0.938764 0.302506 0.164959 -0.23805 0.239367 0.2282 0.943731 0.379558 0.31622 -0.384863 0.867113 0.400795 -0.930002 -0.306262 0.203222 -0.504304 0.187351 -0.87068 -0.45477 0.485867 
1535142213281 0.24781 0.925376 -0.286828 -0.61745 -0.938749 0.302534 0.164997 -0.237945 0.239459 0.228372 0.943666 0.379636 0.31622 -0.384863 0.867113 0.400795 -0.930002 -0.306262 0.203222 -0.504304 0.187351 -0.87068 -0.45477 0.485867 
1535142213287 0.247779 0.925324 -0.287021 -0.617225 -0.938734 0.302561 0.165034 -0.23784 0.239551 0.228544 0.943601 0.379715 0.31622 -0.384863 0.867113 0.400795 -0.930002 -0.306262 0.203222 -0.504304 0.187351 -0.87068 -0.45477 0.485867 
1535142213473 0.247748 0.925273 -0.287213 -0.617001 -0.938718 0.302588 0.165072 -0.237735 0.239644 0.228716 0.943536 0.379793 0.31622 -0.384863 0.867113 0.400795 -0.930002 -0.306262 0.203222 -0.504304 0.187351 -0.87068 -0.45477 0.485867 
1535142213613 0.247877 0.925247 -0.287185 -0.617185 -0.938709 0.302683 0.164952 -0.237903 0.239547 0.228695 0.943565 0.379661 0.31622 -0.384863 0.867113 0.400795 -0.930002 -0.306262 0.203222 -0.504304 0.187351 -0.87068 -0.45477 0.485867 
1535142213627 0.248028 0.925223 -0.287133 -0.61701 -0.93867 0.302816 0.164926 -0.237812 0.239542 0.228617 0.943586 0.379707 0.31622 -0.384863 0.867113 0.400795 -0.930002 -0.306262 0.203222 -0.504304 0.187351 -0.87068 -0.45477 0.485867 
1535142213644 0.248178 0.925198 -0.287081 -0.616831 -0.938632 0.302949 0.1649 -0.237718 0.239536 0.228539 0.943606 0.379753 0.31622 -0.384863 0.867113 0.400795 -0.930002 -0.306262 0.203222 -0.504304 0.187351 -0.87068 -0.45477 0.485867 
1535142213651 0.248328 0.925174 -0.28703 -0.616652 -0.938594 0.303082 0.164874 -0.237625 0.239531 0.228462 0.943626 0.379799 0.31622 -0.384863 0.867113 0.400795 -0.930002 -0.306262 0.203222 -0.504304 0.187351 -0.87068 -0.45477 0.485867 
1535142213816 0.248479 0.925149 -0.286979 -0.616473 -0.938555 0.303215 0.164848 -0.237532 0.239526 0.228385 0.943646 0.379846 0.31622 -0.384863 0.867113 0.400795 -0.930002 -0.306262 0.203222 -0.504304 0.187351 -0.87068 -0.45477 0.485867 
1535142213865 0.248629 0.925125 -0.286928 -0.616295 -0.938517 0.303348 0.164822 -0.237439 0.23952 0.228307 0.943666 0.379892 0.31622 -0.384863 0.867113 0.400795 -0.930002 -0.306262 0.203222 -0.504304 0.187351 -0.87068 -0.45477 0.485867 
1535142213979 0.248779 0.9251 -0.286877 -0.616115 -0.938478 0.303481 0.164797 -0.237345 0.239515 0.22823 0.943686 0.379939 0.31622 -0.384863 0.867113 0.400795 -0.930002 -0.306262 0.203222 -0.504304 0.187351 -0.87068 -0.45477 0.485867 
1535142214027 0.248929 0.925076 -0.286826 -0.615937 -0.93844 0.303614 0.164771 -0.237252 0.23951 0.228152 0.943706 0.379985 0.31622 -0.384863 0.867113 0.400795 -0.930002 -0.306262 0.203222 -0.504304 0.187351 -0.87068 -0.45477 0.485867 
1535142214147 0.24908 0.925051 -0.286775 -0.615757 -0.938401 0.303747 0.164745 -0.237159 0.239504 0.228075 0.943726 0.380031 0.31622 -0.384863 0.867113 0.400795 -0.930002 -0.306262 0.203222 -0.504304 0.187351 -0.87068 -0.45477 0.485867 
1535142214192 0.24923 0.925026 -0.286724 -0.615579 -0.938363 0.30388 0.164719 -0.237066 0.239499 0.227998 0.943746 0.380078 0.31622 -0.384863 0.867113 0.400795 -0.930002 -0.306262 0.203222 -0.504304 0.187351 -0.87068 -0.45477 0.485867 
1535142214327 0.249018 0.925016 -0.286942 -0.615815 -0.938406 0.303729 0.164751 -0.237174 0.23955 0.228242 0.943674 0.379961 0.31622 -0.384863 0.867113 0.400795 -0.930002 -0.306262 0.203222 -0.504304 0.187351 -0.87068 -0.45477 0.485867 
1535142214338 0.249037 0.924991 -0.287005 -0.615573 -0.938396 0.303763 0.164746 -0.237071 0.23957 0.228297 0.943656 0.380044 0.31622 -0.384863 0.867113 0.400795 -0.930002 -0.306262 0.203222 -0.504304 0.187351 -0.87068 -0.45477 0.485867 
1535142214354 0.249057 0.924966 -0.287069 -0.615327 -0.938386 0.303798 0.16474 -0.236966 0.23959 0.228352 0.943638 0.380128 0.31622 -0.384863 0.867113 0.400795 -0.930002 -0.306262 0.203222 -0.504304 0.187351 -0.87068 -0.45477 0.485867 
1535142214514 0.249076 0.924941 -0.287132 -0.615082 -0.938375 0.303833 0.164734 -0.236861 0.23961 0.228407 0.943619 0.380212 0.31622 -0.384863 0.867113 0.400795 -0.930002 -0.306262 0.203222 -0.504304 0.187351 -0.87068 -0.45477 0.485867 
1535142214618 0.249096 0.924916 -0.287196 -0.614836 -0.938365 0.303868 0.164728 -0.236756 0.239629 0.228461 0.943601 0.380295 0.31622 -0.384863 0.867113 0.400795 -0.930002 -0.306262 0.203222 -0.504304 0.187351 -0.87068 -0.45477 0.485867 
1535142214732 0.249116 0.924891 -0.287259 -0.614591 -0.938355 0.303903 0.164722 -0.236652 0.239649 0.228516 0.943583 0.380379 0.31622 -0.384863 0.867113 0.400795 -0.930002 -0.306262 0.203222 -0.504304 0.187351 -0.87068 -0.45477 0.485867 
1535142214835 0.249136 0.924866 -0.287323 -0.614344 -0.938344 0.303938 0.164716 -0.236547 0.239669 0.228571 0.943565 0.380463 0.31622 -0.384863 0.867113 0.400795 -0.930002 -0.306262 0.203222 -0.504304 0.187351 -0.87068 -0.45477 0.485867 
1535142214842 0.249156 0.924841 -0.287386 -0.614099 -0.938334 0.303973 0.16471 -0.236442 0.239688 0.228626 0.943546 0.380547 0.31622 -0.384863 0.867113 0.400795 -0.930002 -0.306262 0.203222 -0.504304 0.187351 -0.87068 -0.45477 0.485867 
1535142215026 0.249176 0.924816 -0.28745 -0.613854 -0.938324 0.304008 0.164704 -0.236337 0.239708 0.228681 0.943528 0.38063 0.31622 -0.384863 0.867113 0.400795 -0.930002 -0.306262 0.203222 -0.504304 0.187351 -0.87068 -0.45477 0.485867 
1535142215147 0.249195 0.924791 -0.287513 -0.613607 -0.938314 0.304043 0.164698 -0.236232 0.239728 0.228736 0.94351 0.380714 0.31622 -0.384863 0.867113 0.400795 -0.930002 -0.306262 0.203222 -0.504304 0.187351 -0.87068 -0.45477 0.485867 
1535142215263 0.249115 0.924859 -0.287361 -0.613822 -0.938336 0.303938 0.164761 -0.236306 0.239721 0.228597 0.943545 0.380669 0.31622 -0.384863 0.867113 0.400795 -0.930002 -0.306262 0.203222 -0.504304 0.187351 -0.87068 -0.45477 0.485867 
1535142215274 0.249236 0.924851 -0.287285 -0.613513 -0.938269 0.304074 0.164897 -0.236216 0.239861 0.228452 0.943545 0.380777 0.31622 -0.384863 0.867113 0.400795 -0.930002 -0.306262 0.203222 -0.504304 0.187351 -0.87068 -0.45477 0.485867 
1535142215291 0.249359 0.924841 -0.287209 -0.6132 -0.938201 0.304211 0.16503 -0.236125 0.239999 0.228308 0.943544 0.380886 0.31622 -0.384863 0.867113 0.400795 -0.930002 -0.306262 0.203222 -0.504304 0.187351 -0.87068 -0.45477 0.485867 
1535142215444 0.249481 0.924832 -0.287133 -0.612887 -0.938133 0.304348 0.165164 -0.236033 0.240138 0.228164 0.943544 0.380995 0.31622 -0.384863 0.867113 0.400795 -0.930002 -0.306262 0.203222 -0.504304 0.187351 -0.87068 -0.45477 0.485867 
1535142215583 0.249604 0.924822 -0.287058 -0.612574 -0.938065 0.304485 0.165298 -0.235942 0.240276 0.22802 0.943544 0.381104 0.31622 -0.384863 0.867113 0.400795 -0.930002 -0.306262 0.203222 -0.504304 0.187351 -0.87068 -0.45477 0.485867 
1535142215589 0.249726 0.924812 -0.286982 -0.612262 -0.937997 0.304622 0.165432 -0.23585 0.240415 0.227875 0.943543 0.381213 0.31622 -0.384863 0.867113 0.400795 -0.930002 -0.306262 0.203222 -0.504304 0.187351 -0.87068 -0.45477 0.485867 
1535142215786 0.249849 0.924803 -0.286906 -0.611948 -0.937928 0.30476 0.165566 -0.235758 0.240553 0.227731 0.943543 0.381322 0.31622 -0.384863 0.867113 0.400795 -0.930002 -0.306262 0.203222 -0.504304 0.187351 -0.87068 -0.45477 0.485867 
1535142215930 0.249972 0.924793 -0.286831 -0.611635 -0.93786 0.304897 0.1657 -0.235667 0.240692 0.227587 0.943542 0.38143 0.31622 -0.384863 0.867113 0.400795 -0.930002 -0.306262 0.203222 -0.504304 0.187351 -0.87068 -0.45477 0.485867 
1535142216055 0.250094 0.924783 -0.286755 -0.611321 -0.937792 0.305034 0.165833 -0.235575 0.24083 0.227443 0.943542 0.381539 0.31622 -0.384863 0.867113 0.400795 -0.930002 -0.306262 0.203222 -0.504304 0.187351 -0.87068 -0.45477 0.485867 
1535142216174 0.250217 0.924774 -0.286679 -0.611008 -0.937724 0.305171 0.165967 -0.235484 0.240968 0.227298 0.943541 0.381648 0.31622 -0.384863 0.867113 0.400795 -0.930002 -0.306262 0.203222 -0.504304 0.187351 -0.87068 -0.45477 0.485867 
1535142216304 0.250052 0.924773 -0.286826 -0.611253 -0.937829 0.304981 0.165718 -0.235587 0.240728 0.227556 0.94354 0.381498 0.31622 -0.384863 0.867113 0.400795 -0.930002 -0.306262 0.203222 -0.504304 0.187351 -0.87068 -0.45477 0.485867 
1535142216315 0.250159 0.924733 -0.286861 -0.610929 -0.937761 0.305127 0.165835 -0.235423 0.240882 0.227522 0.943509 0.381577 0.31622 -0.384863 0.867113 0.400795 -0.930002 -0.306262 0.203222 -0.504304 0.187351 -0.87068 -0.45477 0.485867 
1535142216333 0.250268 0.924692 -0.286897 -0.6106 -0.937693 0.305275 0.165951 -0.235256 0.241036 0.227489 0.943478 0.381657 0.31622 -0.384863 0.867113 0.400795 -0.930002 -0.306262 0.203222 -0.504304 0.187351 -0.87068 -0.45477 0.485867 
1535142216507 0.250376 0.924652 -0.286933 -0.610271 -0.937624 0.305422 0.166067 -0.23509 0.24119 0.227456 0.943446 0.381737 0.31622 -0.384863 0.867113 0.400795 -0.930002 -0.306262 0.203222 -0.504304 0.187351 -0.87068 -0.45477 0.485867 
1535142216663 0.250484 0.924611 -0.28697 -0.609942 -0.937556 0.305569 0.166183 -0.234923 0.241344 0.227424 0.943415 0.381817 0.31622 -0.384863 0.867113 0.400795 -0.930002 -0.306262 0.203222 -0.504304 0.187351 -0.87068 -0.45477 0.485867 
1535142216811 0.250593 0.924571 -0.287006 -0.609612 -0.937487 0.305716 0.166299 -0.234756 0.241498 0.227391 0.943383 0.381897 0.31622 -0.384863 0.867113 0.400795 -0.930002 -0.306262 0.203222 -0.504304 0.187351 -0.87068 -0.45477 0.485867 
1535142216969 0.250701 0.92453 -0.287042 -0.609284 -0.937419 0.305863 0.166415 -0.23459 0.241651 0.227358 0.943352 0.381976 0.31622 -0.384863 0.867113 0.400795 -0.930002 -0.306262 0.203222 -0.504304 0.187351 -0.87068 -0.45477 0.485867 
1535142217123 0.250809 0.924489 -0.287079 -0.608954 -0.93735 0.30601 0.166531 -0.234423 0.241805 0.227326 0.94332 0.382057 0.31622 -0.384863 0.867113 0.400795 -0.930002 -0.306262 0.203222 -0.504304 0.187351 -0.87068 -0.45477 0.485867 
