1535122656732 0.220728 0.922692 -0.316099 -0.501268 -0.942302 0.285375 0.175009 -0.184327 0.251686 0.259231 0.932445 0.453903 0.209946 -0.131772 0.968792 0.383576 -0.977566 -0.0454877 0.20566 -0.502351 0.0169679 -0.990236 -0.138366 0.44647 
1535122656742 0.223364 0.923288 -0.312486 -0.514716 -0.942167 0.286683 0.173592 -0.190184 0.24986 0.25564 0.933926 0.445816 0.203658 -0.131023 0.970235 0.383535 -0.979042 -0.0271254 0.201844 -0.500466 -0.000128164 -0.991008 -0.133801 0.445743 
1535122656748 0.22599 0.923868 -0.308862 -0.528167 -0.942026 0.287994 0.172182 -0.196046 0.248024 0.252045 0.935392 0.437726 0.197377 -0.130156 0.971649 0.383493 -0.980176 -0.00875726 0.197936 -0.498576 -0.0172536 -0.991455 -0.129304 0.445015 
1535122657526 0.228608 0.924431 -0.305231 -0.541619 -0.941879 0.28931 0.170776 -0.201907 0.246177 0.24845 0.93684 0.429637 0.191108 -0.12917 0.973033 0.383451 -0.980966 0.0096099 0.193941 -0.496687 -0.0344022 -0.991576 -0.124875 0.444288 
1535122657534 0.231218 0.924976 -0.30159 -0.55507 -0.941725 0.29063 0.169374 -0.207768 0.244319 0.244853 0.938273 0.421547 0.18485 -0.128067 0.974387 0.383409 -0.981413 0.0279697 0.18986 -0.494796 -0.051568 -0.991371 -0.120516 0.44356 
1535122657986 0.23382 0.925505 -0.297942 -0.568521 -0.941566 0.291954 0.167978 -0.21363 0.24245 0.241255 0.939688 0.413458 0.178608 -0.126846 0.975709 0.383366 -0.981516 0.0463155 0.185693 -0.492906 -0.0687449 -0.99084 -0.116229 0.442833 
1535122658343 0.236414 0.926015 -0.294285 -0.581972 -0.9414 0.293283 0.166586 -0.219491 0.24057 0.237657 0.941087 0.405369 0.172384 -0.125509 0.977001 0.383324 -0.981275 0.0646409 0.181442 -0.491015 -0.0859268 -0.989984 -0.112015 0.442105 
1535122659171 0.239 0.926509 -0.29062 -0.595423 -0.941228 0.294616 0.165199 -0.225351 0.23868 0.234057 0.94247 0.39728 0.166179 -0.124054 0.978261 0.383281 -0.98069 0.0829393 0.177109 -0.489125 -0.103107 -0.988803 -0.107876 0.441378 
1535122659555 0.241578 0.926985 -0.286947 -0.608875 -0.94105 0.295953 0.163817 -0.231213 0.236779 0.230457 0.943835 0.38919 0.159996 -0.122484 0.979489 0.383239 -0.979762 0.101204 0.172696 -0.487233 -0.120281 -0.987297 -0.103813 0.44065 
1535122659756 0.244147 0.927444 -0.283266 -0.622325 -0.940866 0.297294 0.16244 -0.237073 0.234867 0.226857 0.945184 0.381101 0.153837 -0.120798 0.980684 0.383197 -0.978491 0.119429 0.168204 -0.485342 -0.137441 -0.985467 -0.0998273 0.439923 
