1533683163771 0.0782313 0.848929 -0.522685 -0.599406 -0.949172 0.223764 0.221366 -0.242866 0.304882 0.4788 0.823285 0.414392 
1533683168272 0.0782318 0.848929 -0.522685 -0.599406 -0.949171 0.223764 0.221366 -0.242866 0.304883 0.478799 0.823285 0.414392 
1533683168503 0.0795873 0.848665 -0.522909 -0.600638 -0.949087 0.224909 0.220568 -0.242346 0.304795 0.478731 0.823357 0.414466 
1533683168750 0.0811023 0.848101 -0.523591 -0.602329 -0.949018 0.226255 0.219484 -0.241662 0.30461 0.479097 0.823213 0.414354 
1533683168990 0.0832568 0.847569 -0.524113 -0.603944 -0.948835 0.228181 0.218278 -0.241095 0.304598 0.479124 0.823201 0.414329 
1533683169225 0.0852074 0.847084 -0.524584 -0.605573 -0.948839 0.22965 0.216713 -0.240603 0.304045 0.479281 0.823314 0.414279 
1533683169465 0.0872706 0.846634 -0.524972 -0.60721 -0.948631 0.231503 0.215652 -0.239975 0.304111 0.479184 0.823346 0.41432 
1533683169696 0.0891255 0.846182 -0.525388 -0.608808 -0.948493 0.233102 0.214531 -0.239356 0.304002 0.479207 0.823373 0.414355 
1533683170034 0.0926085 0.845207 -0.526355 -0.612119 -0.948289 0.236051 0.212199 -0.238041 0.303599 0.479485 0.82336 0.414272 
1533683170282 0.0948756 0.844548 -0.527007 -0.613695 -0.948104 0.238045 0.210791 -0.23752 0.303474 0.479659 0.823305 0.414286 
1533683170306 0.0949905 0.844539 -0.527001 -0.613871 -0.948095 0.238135 0.21073 -0.237379 0.303467 0.47963 0.823324 0.414286 
1533683170323 0.095082 0.844536 -0.52699 -0.613957 -0.948096 0.238194 0.210661 -0.237321 0.303436 0.479607 0.823349 0.414296 
1533683170339 0.0952134 0.844516 -0.526999 -0.614001 -0.948092 0.238292 0.21057 -0.237329 0.303409 0.479594 0.823367 0.414305 
1533683170504 0.0953396 0.844358 -0.527228 -0.614175 -0.948175 0.238303 0.210183 -0.237469 0.303109 0.479865 0.823319 0.414243 
1533683170540 0.0956169 0.844271 -0.527318 -0.614384 -0.948106 0.238621 0.210131 -0.237374 0.303237 0.479862 0.823274 0.414199 
1533683170586 0.0958665 0.844279 -0.527259 -0.614558 -0.948059 0.23885 0.210085 -0.23723 0.303306 0.479733 0.823324 0.414234 
1533683170696 0.0964556 0.844179 -0.527313 -0.614959 -0.948017 0.239327 0.209729 -0.237151 0.303249 0.479672 0.82338 0.414265 
1533683170738 0.0967213 0.844111 -0.527373 -0.615168 -0.948022 0.239512 0.209493 -0.23712 0.303148 0.479699 0.823402 0.41427 
1533683170761 0.0967712 0.844103 -0.527376 -0.615267 -0.948035 0.239527 0.209419 -0.237062 0.303092 0.479706 0.823418 0.414278 
1533683170890 0.0971051 0.844051 -0.527398 -0.615491 -0.947953 0.239886 0.209377 -0.23697 0.30324 0.479617 0.823415 0.4142 
1533683170983 0.0977495 0.84445 -0.526639 -0.615242 -0.947788 0.240393 0.209544 -0.237164 0.30355 0.478659 0.823858 0.414097 
1533683171092 0.0980801 0.84487 -0.525905 -0.61533 -0.947692 0.240585 0.209759 -0.237025 0.303744 0.477822 0.824273 0.41395 
1533683171195 0.0989759 0.845193 -0.525217 -0.615454 -0.947417 0.241449 0.210008 -0.236969 0.30431 0.476814 0.824647 0.413796 
1533683171305 0.0997234 0.845509 -0.524567 -0.615492 -0.947277 0.24201 0.209994 -0.237011 0.304502 0.475969 0.825065 0.413602 
1533683171397 0.100271 0.845861 -0.523894 -0.615589 -0.947175 0.24237 0.210037 -0.236904 0.304638 0.475159 0.825481 0.413418 
1533683171499 0.100909 0.846248 -0.523145 -0.61568 -0.946996 0.242892 0.210241 -0.236826 0.304984 0.474201 0.825904 0.413264 
1533683171599 0.101757 0.846529 -0.522526 -0.615805 -0.946784 0.243638 0.210333 -0.236844 0.30536 0.473316 0.826273 0.413072 
1533683171702 0.102659 0.846869 -0.521799 -0.615856 -0.946574 0.244389 0.210409 -0.23686 0.305711 0.472321 0.826713 0.412958 
1533683171726 0.10291 0.847045 -0.521464 -0.615853 -0.946533 0.244537 0.210419 -0.236859 0.305751 0.471929 0.826922 0.412943 
1533683171742 0.103056 0.847159 -0.52125 -0.615853 -0.94651 0.244618 0.210431 -0.236851 0.305776 0.471682 0.827054 0.412934 
1533683171881 0.103193 0.847309 -0.520978 -0.615902 -0.946484 0.244682 0.210472 -0.236866 0.305809 0.471378 0.827214 0.41281 
1533683171983 0.103362 0.847778 -0.520182 -0.615831 -0.946382 0.244756 0.210846 -0.236893 0.306068 0.470497 0.82762 0.412748 
1533683172083 0.103891 0.848185 -0.519412 -0.615781 -0.946195 0.245207 0.21116 -0.236957 0.306466 0.469528 0.828023 0.41267 
1533683172254 0.104859 0.849008 -0.517871 -0.615707 -0.945942 0.245861 0.211533 -0.237099 0.306918 0.467695 0.828893 0.412539 
1533683172355 0.105253 0.849388 -0.517168 -0.615693 -0.945788 0.246184 0.211843 -0.237118 0.307256 0.466834 0.829253 0.412419 
1533683172463 0.1056 0.849836 -0.516359 -0.615655 -0.945675 0.246388 0.212112 -0.237119 0.307485 0.465909 0.829688 0.412312 
1533683172562 0.105932 0.850269 -0.515578 -0.615632 -0.945602 0.246527 0.212277 -0.237132 0.307597 0.465044 0.830131 0.412241 
1533683172582 0.10596 0.850316 -0.515496 -0.615633 -0.945604 0.246522 0.212273 -0.237135 0.30758 0.464963 0.830183 0.412233 
1533683172599 0.106034 0.850421 -0.515306 -0.615633 -0.945595 0.246539 0.212294 -0.237141 0.307582 0.46476 0.830296 0.412216 
1533683172731 0.105884 0.850458 -0.515276 -0.615608 -0.945621 0.246392 0.212351 -0.237056 0.307555 0.464771 0.8303 0.412218 
1533683172744 0.1058 0.850335 -0.515496 -0.61561 -0.945659 0.246332 0.21225 -0.23707 0.307467 0.465027 0.830189 0.412232 
1533683172760 0.105797 0.85021 -0.515704 -0.615604 -0.945686 0.246341 0.212119 -0.23709 0.307384 0.465252 0.830093 0.412259 
1533683172787 0.105946 0.850107 -0.515843 -0.615574 -0.945663 0.24651 0.212024 -0.237107 0.307403 0.465351 0.830031 0.412308 
1533683172836 0.106105 0.85009 -0.515837 -0.615512 -0.945639 0.246652 0.211965 -0.237101 0.307422 0.465306 0.83005 0.412392 
1533683172866 0.106234 0.850026 -0.515916 -0.615486 -0.945621 0.246786 0.21189 -0.23707 0.307433 0.465351 0.83002 0.412455 
1533683172885 0.106282 0.849923 -0.516076 -0.615485 -0.945607 0.246879 0.211843 -0.237052 0.307459 0.46549 0.829933 0.412484 
1533683172914 0.106337 0.849767 -0.516322 -0.615485 -0.945611 0.246972 0.211718 -0.237033 0.307428 0.465726 0.829811 0.412533 
1533683172934 0.10639 0.849738 -0.51636 -0.61547 -0.945623 0.246999 0.211634 -0.237028 0.307374 0.465766 0.82981 0.412566 
1533683172947 0.106437 0.84973 -0.516362 -0.615441 -0.945633 0.247015 0.211568 -0.23702 0.307325 0.465771 0.829825 0.412602 
1533683172964 0.106492 0.849715 -0.516376 -0.615405 -0.945642 0.247043 0.211499 -0.237007 0.307281 0.465783 0.829834 0.412645 
1533683173083 0.106456 0.849745 -0.516334 -0.61534 -0.945697 0.246924 0.21139 -0.237018 0.307123 0.465792 0.829888 0.412747 
1533683173097 0.106374 0.849857 -0.516167 -0.615331 -0.94572 0.246793 0.21144 -0.237043 0.30708 0.465657 0.829979 0.412733 
1533683173113 0.106283 0.849994 -0.515959 -0.615321 -0.945739 0.246651 0.21152 -0.237076 0.307052 0.465482 0.830088 0.412702 
1533683173131 0.106238 0.850061 -0.515859 -0.615324 -0.945737 0.246599 0.211591 -0.237103 0.307075 0.465388 0.830132 0.412662 
1533683173147 0.106304 0.85008 -0.515813 -0.615331 -0.945708 0.246675 0.211629 -0.237129 0.30714 0.465312 0.83015 0.412628 
1533683173163 0.106328 0.850108 -0.515762 -0.61533 -0.94571 0.246677 0.211622 -0.237147 0.307128 0.465259 0.830184 0.412607 
1533683173183 0.10628 0.850142 -0.515716 -0.61532 -0.945727 0.246607 0.211628 -0.237143 0.307093 0.465234 0.830211 0.4126 
1533683173200 0.106204 0.850202 -0.515632 -0.615302 -0.945752 0.246498 0.211643 -0.237131 0.307042 0.465183 0.830259 0.412605 
1533683173217 0.106067 0.850308 -0.515486 -0.615267 -0.945794 0.246305 0.211678 -0.237107 0.306958 0.465091 0.830341 0.412628 
1533683173233 0.105965 0.850403 -0.515351 -0.615234 -0.945832 0.246145 0.211696 -0.237094 0.306878 0.465003 0.830421 0.41266 
1533683173362 0.10573 0.85039 -0.515421 -0.615075 -0.945947 0.245829 0.211547 -0.237361 0.306602 0.465194 0.830415 0.412776 
1533683173375 0.105641 0.850279 -0.515622 -0.615089 -0.945955 0.245807 0.211536 -0.237389 0.306608 0.465409 0.830293 0.412775 
1533683173491 0.105064 0.849807 -0.516516 -0.615056 -0.946174 0.245309 0.211138 -0.237754 0.306132 0.466531 0.829838 0.412823 
1533683173578 0.104306 0.849571 -0.517058 -0.614946 -0.946355 0.244655 0.211083 -0.237975 0.305831 0.467303 0.829515 0.412926 
1533683173628 0.103817 0.849538 -0.51721 -0.614888 -0.946488 0.244161 0.211059 -0.238034 0.305585 0.467622 0.829426 0.412991 
1533683173655 0.103484 0.849543 -0.517269 -0.614859 -0.946574 0.243819 0.211069 -0.23805 0.305432 0.467791 0.829387 0.413028 
1533683173672 0.103311 0.849544 -0.517303 -0.614829 -0.946623 0.243635 0.21106 -0.238083 0.305338 0.467886 0.829368 0.41305 
1533683173807 0.102999 0.849341 -0.517699 -0.614766 -0.946608 0.243545 0.211231 -0.238362 0.30549 0.468301 0.829078 0.413021 
1533683173913 0.10246 0.849509 -0.517529 -0.614759 -0.946454 0.243376 0.212117 -0.238419 0.306149 0.468084 0.828957 0.412979 
1533683174022 0.102073 0.849394 -0.517795 -0.61464 -0.946418 0.243236 0.212437 -0.238792 0.306389 0.468366 0.828709 0.413024 
1533683174150 0.101288 0.84942 -0.517905 -0.614613 -0.946424 0.242722 0.212997 -0.238871 0.306631 0.468584 0.828497 0.413074 
1533683174258 0.100672 0.849401 -0.518057 -0.614551 -0.946404 0.242374 0.213482 -0.239034 0.306896 0.4688 0.828276 0.413107 
1533683174373 0.100269 0.849268 -0.518353 -0.614436 -0.946328 0.24229 0.213913 -0.239366 0.307261 0.469083 0.827981 0.41309 
1533683174591 0.0996367 0.849278 -0.518458 -0.61437 -0.946274 0.24197 0.214514 -0.239587 0.307634 0.46923 0.827759 0.413126 
1533683174708 0.0987933 0.849315 -0.518559 -0.614345 -0.946428 0.241186 0.214715 -0.23964 0.30743 0.469566 0.827644 0.413102 
1533683174732 0.0986655 0.849314 -0.518585 -0.614327 -0.94641 0.241134 0.214855 -0.239669 0.307528 0.469595 0.827591 0.413107 
1533683174745 0.0985204 0.849313 -0.518614 -0.614303 -0.946392 0.24107 0.215006 -0.239712 0.307629 0.46963 0.827534 0.413119 
1533683174762 0.0984387 0.849308 -0.518639 -0.614284 -0.94637 0.241053 0.215119 -0.239747 0.307722 0.469649 0.827489 0.413128 
1533683174779 0.098424 0.849293 -0.518666 -0.614262 -0.946332 0.241109 0.215227 -0.239789 0.307846 0.469646 0.827444 0.413141 
1533683174795 0.0984851 0.849284 -0.518669 -0.614246 -0.946295 0.241207 0.215276 -0.239822 0.307938 0.469613 0.827429 0.41316 
1533683174812 0.0985443 0.849287 -0.518652 -0.614231 -0.946294 0.241245 0.21524 -0.239853 0.307923 0.469587 0.827449 0.413178 
1533683174829 0.0986057 0.849298 -0.518623 -0.614226 -0.946301 0.24127 0.215183 -0.239863 0.307883 0.469555 0.827482 0.413189 
1533683174884 0.0988736 0.84923 -0.518684 -0.614177 -0.946429 0.241271 0.214616 -0.239867 0.307402 0.469677 0.827591 0.413062 
1533683174912 0.0989226 0.849268 -0.518612 -0.614052 -0.946498 0.241182 0.214415 -0.239887 0.307175 0.469654 0.827689 0.413052 
1533683174931 0.0989436 0.849295 -0.518563 -0.613949 -0.946543 0.241115 0.214291 -0.239946 0.30703 0.46964 0.827751 0.413067 
1533683174956 0.0990566 0.849293 -0.518546 -0.613843 -0.946573 0.241141 0.214127 -0.240052 0.306899 0.469631 0.827804 0.413071 
1533683174973 0.0991501 0.849238 -0.518617 -0.613807 -0.946575 0.241219 0.21403 -0.240129 0.306863 0.469689 0.827785 0.413058 
1533683174989 0.0992654 0.849178 -0.518693 -0.613766 -0.946571 0.241322 0.21393 -0.240219 0.306837 0.469744 0.827763 0.41305 
1533683175098 0.0991258 0.849086 -0.51887 -0.613632 -0.946609 0.241214 0.213884 -0.240244 0.306765 0.469966 0.827664 0.41309 
1533683175137 0.0987765 0.848991 -0.519093 -0.613583 -0.946618 0.24102 0.214066 -0.240024 0.306852 0.470238 0.827477 0.413123 
1533683175254 0.0987943 0.848653 -0.519641 -0.613226 -0.946687 0.241063 0.213709 -0.24021 0.306631 0.470825 0.827225 0.413157 
1533683175287 0.0987474 0.848486 -0.519924 -0.613068 -0.946674 0.241123 0.213699 -0.240243 0.306686 0.471096 0.82705 0.413168 
1533683175368 0.0988927 0.84828 -0.520231 -0.612883 -0.946691 0.241273 0.213455 -0.240378 0.306587 0.471389 0.82692 0.413145 
1533683175425 0.0987037 0.848125 -0.520521 -0.612739 -0.94675 0.241126 0.213359 -0.240386 0.306466 0.471744 0.826763 0.413166 
1533683175446 0.0986668 0.848053 -0.520645 -0.612664 -0.946749 0.241134 0.213354 -0.240383 0.306481 0.471869 0.826686 0.41319 
1533683175463 0.0986777 0.848028 -0.520683 -0.612605 -0.946752 0.241147 0.213328 -0.240397 0.30647 0.471907 0.826668 0.41321 
1533683175480 0.0986902 0.84802 -0.520694 -0.612546 -0.946759 0.241147 0.213295 -0.240411 0.306442 0.471922 0.82667 0.41323 
1533683175580 0.0986669 0.847938 -0.520832 -0.612387 -0.946804 0.241098 0.213154 -0.240595 0.306313 0.472094 0.826619 0.41324 
1533683175609 0.0982198 0.847983 -0.520843 -0.61234 -0.946831 0.240754 0.213419 -0.240586 0.306371 0.472188 0.826544 0.413228 
1533683175683 0.0978342 0.848077 -0.520762 -0.612155 -0.946649 0.240752 0.214229 -0.240603 0.307057 0.47202 0.826385 0.413319 
1533683175723 0.097806 0.848114 -0.520708 -0.611955 -0.946617 0.240769 0.214353 -0.24073 0.307166 0.471945 0.826388 0.4134 
1533683175828 0.0973189 0.848113 -0.520801 -0.611565 -0.946659 0.240397 0.214584 -0.240888 0.307191 0.472138 0.826268 0.41345 
1533683175875 0.0969381 0.848042 -0.520987 -0.611378 -0.946637 0.240218 0.21488 -0.240906 0.307377 0.472356 0.826074 0.413495 
1533683175895 0.0968768 0.848065 -0.520962 -0.611293 -0.946626 0.240187 0.214965 -0.240947 0.307432 0.472331 0.826068 0.413535 
1533683175912 0.0968588 0.848075 -0.520949 -0.611224 -0.946619 0.240182 0.215001 -0.241 0.307459 0.472315 0.826067 0.41356 
1533683175929 0.0968748 0.848077 -0.520943 -0.611148 -0.946602 0.240217 0.215034 -0.241065 0.307505 0.472294 0.826062 0.413582 
1533683176012 0.0965086 0.848141 -0.520906 -0.611028 -0.946564 0.240017 0.215426 -0.241026 0.307738 0.47228 0.825983 0.413598 
1533683176064 0.0961811 0.848397 -0.52055 -0.610968 -0.946569 0.239696 0.215762 -0.240995 0.307825 0.471984 0.82612 0.413594 
1533683176107 0.0959521 0.848621 -0.520226 -0.61085 -0.946585 0.239432 0.215984 -0.241051 0.307848 0.471714 0.826266 0.413586 
1533683176167 0.0956098 0.848779 -0.520032 -0.610654 -0.946559 0.239189 0.216367 -0.241095 0.308034 0.471554 0.826288 0.413593 
1533683176223 0.0953669 0.848947 -0.519801 -0.610427 -0.946548 0.238981 0.216646 -0.241199 0.308144 0.471356 0.82636 0.41361 
1533683176265 0.095217 0.84904 -0.519677 -0.610244 -0.946532 0.238871 0.216836 -0.241348 0.308239 0.471244 0.826388 0.413616 
1533683176326 0.0947567 0.849276 -0.519375 -0.610096 -0.946531 0.23848 0.217271 -0.241304 0.308384 0.471017 0.826464 0.413628 
1533683176350 0.0945611 0.849376 -0.519248 -0.610047 -0.946536 0.238305 0.217441 -0.241278 0.308428 0.470925 0.8265 0.413646 
1533683176366 0.0944295 0.849446 -0.519158 -0.609998 -0.946544 0.23818 0.217543 -0.241286 0.308444 0.470863 0.826529 0.413663 
1533683176383 0.0943003 0.849515 -0.519068 -0.609937 -0.946554 0.238052 0.217637 -0.241312 0.308452 0.470803 0.82656 0.413682 
1533683176479 0.0943052 0.849582 -0.518957 -0.609764 -0.946506 0.238101 0.217795 -0.241378 0.308599 0.470657 0.826589 0.413746 
1533683176506 0.0944882 0.84947 -0.519107 -0.609743 -0.946488 0.238292 0.217662 -0.241329 0.308596 0.470762 0.82653 0.413735 
1533683176562 0.0944327 0.849246 -0.519484 -0.609695 -0.946647 0.238107 0.217172 -0.241285 0.308125 0.47126 0.826422 0.413654 
1533683176613 0.0944928 0.84921 -0.519531 -0.609535 -0.94672 0.238049 0.216918 -0.241377 0.307883 0.471354 0.826459 0.413665 
1533683176660 0.094602 0.849213 -0.519508 -0.609317 -0.946741 0.238086 0.216786 -0.241496 0.307785 0.471331 0.826508 0.413717 
1533683176701 0.0944753 0.84927 -0.519437 -0.609185 -0.946778 0.237924 0.216801 -0.241463 0.307709 0.471309 0.826549 0.413783 
1533683176738 0.0942017 0.849367 -0.519328 -0.609083 -0.946832 0.237626 0.216893 -0.241336 0.307628 0.471284 0.826593 0.413837 
1533683176758 0.0940934 0.849413 -0.519273 -0.609029 -0.946861 0.237494 0.216914 -0.241287 0.307573 0.471269 0.826622 0.413861 
1533683176776 0.0940658 0.849426 -0.519256 -0.608976 -0.946879 0.237443 0.216891 -0.241288 0.307527 0.47127 0.826639 0.413875 
1533683176792 0.0940993 0.849419 -0.519262 -0.60892 -0.94689 0.23745 0.216832 -0.241323 0.30748 0.471281 0.82665 0.413884 
1533683176808 0.0941726 0.849406 -0.51927 -0.608862 -0.946897 0.237492 0.216756 -0.241373 0.307436 0.471283 0.826665 0.413894 
1533683176825 0.0942365 0.849393 -0.519279 -0.60881 -0.946904 0.237527 0.216687 -0.241424 0.307396 0.471288 0.826678 0.413902 
1533683176917 0.0940362 0.849196 -0.519638 -0.608681 -0.946883 0.237514 0.216794 -0.241502 0.307522 0.47165 0.826424 0.413831 
1533683176958 0.0934007 0.849064 -0.519967 -0.608579 -0.946916 0.237111 0.217091 -0.241473 0.307614 0.472089 0.826139 0.413816 
1533683176989 0.0930788 0.849093 -0.519979 -0.608456 -0.946932 0.236869 0.217286 -0.241448 0.307663 0.47216 0.82608 0.413858 
1533683177040 0.0927906 0.849096 -0.520025 -0.6083 -0.94692 0.236701 0.217522 -0.241419 0.307788 0.472238 0.825989 0.413906 
1533683177081 0.0927106 0.849076 -0.520072 -0.608154 -0.946898 0.236692 0.217628 -0.241471 0.307879 0.472278 0.825932 0.41394 
1533683177097 0.0927105 0.849051 -0.520113 -0.608076 -0.946886 0.23672 0.217647 -0.241526 0.307914 0.472309 0.825901 0.413952 
1533683177114 0.0927093 0.84903 -0.520147 -0.608004 -0.946877 0.236742 0.217663 -0.241576 0.307944 0.472335 0.825875 0.413966 
1533683177130 0.0926737 0.848995 -0.520211 -0.607944 -0.946871 0.236743 0.217688 -0.241612 0.307973 0.472399 0.825828 0.413968 
1533683177187 0.0924453 0.848864 -0.520465 -0.607855 -0.946869 0.236654 0.217794 -0.241636 0.308047 0.472678 0.82564 0.413933 
1533683177244 0.0920499 0.848887 -0.520498 -0.607896 -0.946882 0.236371 0.218045 -0.241549 0.308126 0.472779 0.825554 0.413883 
1533683177266 0.0918258 0.849007 -0.520341 -0.607878 -0.946868 0.236197 0.218292 -0.241507 0.308235 0.472649 0.825587 0.413877 
1533683177311 0.0915484 0.849172 -0.520121 -0.607758 -0.946786 0.236075 0.218779 -0.241488 0.308569 0.472414 0.825597 0.413879 
1533683177339 0.0914276 0.849189 -0.520115 -0.60765 -0.946751 0.236044 0.218964 -0.241536 0.308711 0.4724 0.825551 0.41391 
1533683177367 0.0912429 0.849205 -0.52012 -0.607542 -0.946732 0.235948 0.219152 -0.241589 0.308827 0.472418 0.825498 0.413946 
1533683177388 0.0910982 0.849219 -0.520123 -0.607483 -0.946725 0.235859 0.219277 -0.241612 0.30889 0.472438 0.825463 0.413962 
1533683177404 0.0909975 0.849227 -0.520128 -0.607437 -0.946718 0.235802 0.219369 -0.241633 0.308941 0.472452 0.825436 0.413974 
1533683177424 0.0908732 0.849234 -0.520139 -0.607368 -0.946704 0.23574 0.219495 -0.241676 0.30902 0.472471 0.825395 0.413991 
1533683177441 0.0907535 0.849239 -0.520151 -0.607302 -0.946689 0.235684 0.219622 -0.241714 0.309102 0.47249 0.825354 0.414001 
1533683177545 0.090484 0.849246 -0.520186 -0.607234 -0.94661 0.235626 0.220021 -0.241688 0.309421 0.472505 0.825226 0.413969 
1533683177610 0.0898301 0.849278 -0.520248 -0.607227 -0.946575 0.235244 0.22058 -0.241643 0.309719 0.472639 0.825037 0.413983 
1533683177630 0.0897438 0.849258 -0.520295 -0.607208 -0.946535 0.235258 0.220738 -0.24168 0.309867 0.472667 0.824965 0.413992 
1533683177702 0.0894308 0.849228 -0.520398 -0.607072 -0.946439 0.235215 0.221196 -0.241761 0.310251 0.472743 0.824778 0.413994 
1533683177754 0.0889897 0.849252 -0.520434 -0.606956 -0.946396 0.234983 0.221624 -0.241765 0.310508 0.472815 0.82464 0.413998 
1533683177814 0.0885134 0.849313 -0.520416 -0.606851 -0.946332 0.234746 0.22215 -0.241725 0.31084 0.472823 0.82451 0.414038 
1533683177838 0.0883657 0.849313 -0.52044 -0.606814 -0.946324 0.234662 0.222271 -0.241763 0.310905 0.472864 0.824462 0.414045 
1533683177854 0.0882507 0.849306 -0.520473 -0.60677 -0.946306 0.234619 0.222395 -0.241819 0.310994 0.4729 0.824408 0.414048 
1533683177969 0.0884805 0.849207 -0.520594 -0.606688 -0.946227 0.23493 0.222403 -0.241896 0.311169 0.472922 0.824329 0.414065 
1533683177981 0.088636 0.849168 -0.520632 -0.606701 -0.946242 0.235024 0.222237 -0.241869 0.311078 0.472946 0.82435 0.414038 
1533683177997 0.0887376 0.849121 -0.520692 -0.606716 -0.946287 0.235041 0.222026 -0.241842 0.310911 0.473022 0.824369 0.413997 
1533683178071 0.0885947 0.849123 -0.520712 -0.606698 -0.946547 0.234553 0.221437 -0.241723 0.310162 0.47326 0.824515 0.413945 
1533683178107 0.0885777 0.849043 -0.520846 -0.606647 -0.946562 0.234552 0.221372 -0.241625 0.31012 0.473405 0.824448 0.413939 
1533683178131 0.0886142 0.849018 -0.520879 -0.606574 -0.946574 0.234568 0.221303 -0.24158 0.310072 0.47344 0.824445 0.413973 
1533683178156 0.0887168 0.84897 -0.520941 -0.606498 -0.946597 0.23462 0.22115 -0.241576 0.309973 0.473502 0.824447 0.414003 
1533683178192 0.0888459 0.848861 -0.521097 -0.606409 -0.946635 0.234692 0.220912 -0.241623 0.309821 0.473661 0.824413 0.414023 
1533683178209 0.0889086 0.848814 -0.521162 -0.606378 -0.946646 0.234735 0.220817 -0.241651 0.309767 0.473723 0.824397 0.414027 
1533683178226 0.0889958 0.848749 -0.521253 -0.606337 -0.946666 0.234788 0.220674 -0.241688 0.309681 0.473814 0.824377 0.414018 
1533683178242 0.0890645 0.848699 -0.521322 -0.606293 -0.946708 0.23479 0.220493 -0.241723 0.309533 0.473902 0.824382 0.413998 
1533683178259 0.0891276 0.848628 -0.521427 -0.606252 -0.94677 0.234766 0.220252 -0.241759 0.309326 0.474041 0.82438 0.41397 
1533683178279 0.0891176 0.848571 -0.521521 -0.606226 -0.94684 0.234676 0.220047 -0.241766 0.309114 0.474187 0.824376 0.413932 
1533683178296 0.0890597 0.848552 -0.521563 -0.606214 -0.946895 0.234563 0.219933 -0.24175 0.308964 0.474278 0.824379 0.413901 
1533683178346 0.0888325 0.848599 -0.521525 -0.606184 -0.946883 0.234415 0.220143 -0.241633 0.309066 0.474267 0.824348 0.413908 
1533683178403 0.0883959 0.848628 -0.521553 -0.606111 -0.946832 0.234197 0.220591 -0.241561 0.309345 0.474324 0.82421 0.413981 
1533683178432 0.0882242 0.848605 -0.521619 -0.606014 -0.946826 0.234105 0.220716 -0.241585 0.309414 0.47441 0.824135 0.414018 
1533683178452 0.0881043 0.848548 -0.521732 -0.605956 -0.946825 0.234053 0.220776 -0.241585 0.309452 0.474537 0.824047 0.414025 
1533683178469 0.0879713 0.848478 -0.521869 -0.605913 -0.94686 0.233943 0.220743 -0.241585 0.309383 0.474717 0.823969 0.414025 
1533683178485 0.0878646 0.848418 -0.521984 -0.605874 -0.946902 0.233834 0.220678 -0.241588 0.309285 0.474877 0.823914 0.414018 
1533683178502 0.0877884 0.848395 -0.522033 -0.605826 -0.946959 0.233707 0.220568 -0.241603 0.309132 0.47498 0.823912 0.414007 
1533683178519 0.0877824 0.848379 -0.522061 -0.605785 -0.946988 0.233664 0.220486 -0.241634 0.309042 0.475031 0.823916 0.413996 
1533683178535 0.0877917 0.848371 -0.522073 -0.605771 -0.946991 0.233669 0.220468 -0.241646 0.309031 0.475043 0.823914 0.413986 
1533683178552 0.0877934 0.848369 -0.522075 -0.605772 -0.946988 0.233676 0.220475 -0.241644 0.30904 0.475042 0.823911 0.413979 
1533683178569 0.0877674 0.84838 -0.522061 -0.605781 -0.946991 0.23365 0.220489 -0.241624 0.309038 0.475035 0.823916 0.413973 
1533683178585 0.0877739 0.848397 -0.522033 -0.605796 -0.946975 0.233671 0.220534 -0.241606 0.309085 0.474995 0.823921 0.413967 
1533683178671 0.0878116 0.848532 -0.521808 -0.605765 -0.947015 0.233579 0.220464 -0.241591 0.308954 0.4748 0.824083 0.414041 
1533683178691 0.08772 0.848583 -0.521739 -0.605673 -0.947108 0.233353 0.2203 -0.241605 0.308692 0.474819 0.82417 0.414097 
1533683178708 0.0876443 0.848634 -0.521668 -0.60558 -0.947191 0.233156 0.220155 -0.24162 0.308461 0.474824 0.824253 0.414152 
1533683178725 0.0875954 0.848637 -0.521673 -0.605523 -0.947234 0.233057 0.220074 -0.241634 0.308343 0.474869 0.824272 0.414183 
1533683178742 0.0875289 0.848575 -0.521785 -0.605473 -0.947237 0.233034 0.220083 -0.241638 0.30835 0.47499 0.824199 0.414205 
1533683178758 0.0875388 0.848497 -0.52191 -0.605454 -0.947221 0.233099 0.220086 -0.241666 0.308398 0.475098 0.824119 0.414205 
1533683178866 0.0877696 0.848243 -0.522284 -0.605552 -0.94708 0.233572 0.220189 -0.241759 0.308764 0.475319 0.823855 0.414106 
1533683178894 0.0874473 0.848112 -0.52255 -0.605533 -0.94707 0.233434 0.22038 -0.241651 0.308888 0.47562 0.823635 0.414126 
1533683178918 0.0871923 0.848063 -0.522672 -0.605471 -0.947099 0.233244 0.220456 -0.241588 0.308871 0.4758 0.823537 0.41418 
1533683178963 0.0870775 0.847961 -0.522858 -0.605357 -0.947109 0.233198 0.220463 -0.241631 0.308874 0.476006 0.823417 0.414267 
1533683179014 0.0871645 0.847787 -0.523125 -0.605222 -0.947093 0.233352 0.220367 -0.241785 0.308896 0.47624 0.823273 0.414327 
1533683179030 0.0871845 0.847726 -0.52322 -0.605185 -0.947077 0.233415 0.220369 -0.241809 0.30894 0.476317 0.823212 0.414348 
1533683179047 0.0871419 0.847645 -0.523359 -0.60515 -0.947064 0.233442 0.220397 -0.241817 0.308992 0.476448 0.823116 0.414367 
1533683179167 0.0869848 0.847707 -0.523284 -0.605057 -0.947111 0.233241 0.220408 -0.241771 0.308892 0.476436 0.823161 0.414413 
1533683179181 0.0870643 0.847817 -0.523094 -0.605063 -0.947145 0.233193 0.22031 -0.241782 0.308764 0.476265 0.823308 0.414389 
1533683179198 0.0871562 0.847921 -0.52291 -0.605076 -0.947163 0.233182 0.220246 -0.241788 0.308684 0.476085 0.823442 0.414354 
1533683179216 0.0872371 0.847984 -0.522794 -0.605101 -0.947156 0.23322 0.220238 -0.241783 0.308684 0.475954 0.823518 0.414311 
1533683179262 0.0873189 0.848068 -0.522644 -0.605147 -0.947149 0.233248 0.220238 -0.241758 0.308682 0.475791 0.823613 0.414229 
1533683179302 0.0873274 0.848215 -0.522404 -0.605097 -0.947184 0.233137 0.220203 -0.241741 0.308571 0.475583 0.823775 0.414192 
1533683179327 0.0873059 0.848338 -0.522208 -0.605047 -0.947237 0.23299 0.220132 -0.241755 0.308415 0.475436 0.823918 0.414159 
1533683179346 0.0873305 0.848468 -0.521991 -0.605001 -0.947277 0.232888 0.220065 -0.241764 0.308284 0.475252 0.824073 0.414139 
1533683179357 0.0873372 0.848517 -0.52191 -0.604981 -0.947292 0.232849 0.220042 -0.241765 0.308236 0.475184 0.824131 0.41413 
1533683179374 0.0873435 0.848597 -0.52178 -0.60495 -0.947317 0.232781 0.220008 -0.241763 0.308158 0.475075 0.824222 0.414115 
1533683179391 0.0873534 0.848677 -0.521648 -0.604921 -0.947339 0.232721 0.219979 -0.241761 0.308089 0.474961 0.824314 0.414105 
1533683179407 0.0873705 0.848786 -0.521468 -0.604883 -0.947368 0.23264 0.219936 -0.241759 0.307993 0.474806 0.824439 0.414091 
1533683179424 0.0873755 0.84884 -0.521379 -0.60486 -0.947387 0.232592 0.219907 -0.241758 0.307935 0.474733 0.824502 0.414075 
1533683179440 0.0873818 0.848885 -0.521305 -0.604839 -0.947403 0.232552 0.219879 -0.241761 0.307882 0.474673 0.824557 0.41406 
1533683179457 0.0873913 0.848921 -0.521244 -0.604823 -0.947413 0.232528 0.219863 -0.241764 0.30785 0.474619 0.8246 0.414052 
1533683179474 0.0873934 0.84894 -0.521213 -0.60481 -0.947417 0.232515 0.219858 -0.241767 0.307836 0.474592 0.824621 0.414045 
1533683179494 0.0873717 0.848923 -0.521245 -0.6048 -0.947423 0.232499 0.21985 -0.241776 0.307825 0.474631 0.824603 0.414038 
1533683179517 0.0873242 0.848881 -0.521321 -0.60479 -0.947413 0.232502 0.219892 -0.241785 0.30787 0.474704 0.824544 0.414032 
1533683179534 0.0872288 0.848771 -0.521516 -0.604799 -0.947385 0.232528 0.219981 -0.241781 0.307981 0.474888 0.824396 0.414016 
1533683179551 0.0871161 0.848675 -0.521692 -0.604798 -0.947363 0.23253 0.220076 -0.241779 0.308082 0.475059 0.82426 0.414006 
1533683179599 0.0869342 0.848635 -0.521786 -0.604664 -0.947352 0.232446 0.220213 -0.241861 0.308168 0.475171 0.824163 0.414028 
1533683179694 0.0868578 0.849108 -0.521029 -0.604511 -0.947333 0.232225 0.220526 -0.241943 0.308246 0.474434 0.824559 0.41409 
1533683179728 0.0866039 0.84917 -0.520971 -0.604533 -0.947321 0.232051 0.220759 -0.241927 0.308354 0.474408 0.824533 0.414069 
1533683179767 0.0863593 0.849245 -0.520888 -0.60454 -0.947281 0.231921 0.221068 -0.241911 0.308546 0.474336 0.824503 0.414063 
1533683179817 0.0861062 0.849333 -0.520788 -0.604487 -0.947256 0.231757 0.221346 -0.241935 0.308693 0.47426 0.824491 0.414123 
1533683179851 0.0859365 0.849332 -0.520817 -0.604426 -0.94725 0.231656 0.221478 -0.242034 0.308759 0.474311 0.824437 0.414128 
1533683179869 0.0859025 0.849321 -0.520841 -0.604396 -0.947234 0.231664 0.22154 -0.242085 0.308819 0.474327 0.824406 0.414122 
1533683179885 0.0858878 0.849318 -0.520847 -0.604345 -0.947185 0.231731 0.22168 -0.242137 0.308973 0.474299 0.824364 0.414121 
1533683179902 0.0858572 0.849323 -0.520844 -0.604314 -0.947149 0.231763 0.221798 -0.242157 0.30909 0.474274 0.824335 0.414122 
1533683179918 0.0857701 0.849342 -0.520829 -0.604287 -0.947105 0.231766 0.221983 -0.242159 0.309249 0.47424 0.824294 0.414128 
1533683179935 0.0856394 0.849363 -0.520815 -0.604275 -0.947078 0.231712 0.222153 -0.242132 0.309367 0.474227 0.824257 0.41413 
1533683179961 0.0854504 0.84938 -0.520818 -0.604272 -0.947071 0.231592 0.222308 -0.242086 0.309442 0.474255 0.824214 0.414114 
1533683180048 0.0850926 0.849412 -0.520825 -0.604246 -0.947085 0.231323 0.222529 -0.242064 0.309498 0.47433 0.824149 0.41421 
1533683180077 0.0848523 0.849284 -0.521072 -0.604222 -0.94704 0.231289 0.222756 -0.242131 0.309701 0.474575 0.823932 0.414301 
1533683180099 0.0845908 0.849182 -0.521281 -0.604199 -0.947008 0.23121 0.222973 -0.242186 0.30987 0.474796 0.823741 0.414347 
1533683180157 0.0843538 0.849049 -0.521536 -0.604134 -0.946839 0.231371 0.223525 -0.242239 0.310452 0.474956 0.82343 0.414414 
1533683180174 0.0842656 0.849053 -0.521543 -0.604114 -0.946801 0.23137 0.223688 -0.242225 0.310593 0.474948 0.823381 0.41442 
1533683180191 0.0841214 0.84905 -0.521572 -0.604094 -0.946768 0.231326 0.22387 -0.242212 0.31073 0.474976 0.823313 0.41442 
1533683180208 0.0839106 0.849053 -0.521601 -0.604076 -0.946765 0.231191 0.224022 -0.242203 0.310796 0.475036 0.823254 0.414423 
1533683180224 0.0837078 0.849062 -0.52162 -0.604054 -0.946755 0.231071 0.224191 -0.242194 0.310883 0.47508 0.823196 0.414438 
1533683180241 0.0835857 0.849076 -0.521616 -0.604028 -0.946744 0.231001 0.22431 -0.242195 0.31095 0.475087 0.823166 0.414462 
1533683180258 0.0836052 0.849085 -0.521598 -0.603999 -0.946716 0.231053 0.224374 -0.242212 0.311029 0.475046 0.82316 0.414492 
1533683180274 0.083664 0.849081 -0.521595 -0.603977 -0.946697 0.231122 0.224383 -0.242234 0.311072 0.47502 0.823159 0.414506 
1533683180291 0.0837733 0.849068 -0.521599 -0.60396 -0.946688 0.231214 0.224327 -0.242271 0.31107 0.474999 0.823172 0.414515 
1533683180308 0.0838502 0.849039 -0.521633 -0.603966 -0.946697 0.231262 0.224237 -0.242294 0.31102 0.475027 0.823175 0.414507 
1533683180324 0.0840093 0.848995 -0.52168 -0.603974 -0.946677 0.231417 0.224164 -0.242297 0.31104 0.47503 0.823165 0.414484 
1533683180348 0.0840643 0.84893 -0.521777 -0.603991 -0.946689 0.231461 0.224064 -0.242295 0.310986 0.475125 0.823131 0.414457 
1533683180364 0.0840325 0.848867 -0.521884 -0.604002 -0.946706 0.231442 0.224015 -0.242297 0.310945 0.475246 0.823076 0.414444 
1533683180381 0.0839357 0.848834 -0.521954 -0.604002 -0.946726 0.231362 0.224012 -0.242286 0.31091 0.475345 0.823033 0.414443 
1533683180401 0.0837776 0.848785 -0.522058 -0.603973 -0.946741 0.231256 0.224058 -0.242269 0.310906 0.475483 0.822954 0.41445 
1533683180421 0.0833141 0.848738 -0.522209 -0.603899 -0.946812 0.230864 0.224163 -0.242258 0.310815 0.475758 0.82283 0.414478 
1533683180438 0.0830968 0.848712 -0.522286 -0.603849 -0.946836 0.230696 0.224235 -0.242268 0.3108 0.475886 0.822761 0.414508 
1533683180455 0.0830169 0.848726 -0.522277 -0.60381 -0.946847 0.230619 0.224265 -0.242294 0.310787 0.475898 0.822759 0.414532 
1533683180471 0.0830886 0.848723 -0.522269 -0.603791 -0.946831 0.230692 0.224258 -0.242333 0.310816 0.475867 0.822766 0.414549 
1533683180492 0.083241 0.848703 -0.522278 -0.603775 -0.946795 0.230856 0.224241 -0.242383 0.310885 0.475824 0.822765 0.41456 
1533683180508 0.0833703 0.848716 -0.522236 -0.603753 -0.946772 0.230971 0.22422 -0.24242 0.310921 0.475745 0.822797 0.414572 
1533683180525 0.0836358 0.848738 -0.522157 -0.603727 -0.946717 0.23122 0.224197 -0.242449 0.311018 0.475584 0.822853 0.414589 
1533683180541 0.0838333 0.848743 -0.522118 -0.603702 -0.946671 0.231418 0.224187 -0.242468 0.311105 0.47548 0.822881 0.4146 
1533683180558 0.0838951 0.848764 -0.522074 -0.603671 -0.946649 0.231483 0.224212 -0.242451 0.311155 0.475411 0.822902 0.41461 
1533683180575 0.0838223 0.848803 -0.522022 -0.603631 -0.946654 0.23141 0.224265 -0.242404 0.311158 0.475376 0.822921 0.414617 
1533683180618 0.0835133 0.848832 -0.522024 -0.603584 -0.946718 0.231098 0.224319 -0.242334 0.311048 0.475476 0.822904 0.414608 
1533683180631 0.0833586 0.848798 -0.522105 -0.603586 -0.946752 0.230959 0.224318 -0.242325 0.310985 0.475606 0.822853 0.4146 
1533683180648 0.083036 0.848693 -0.522327 -0.603597 -0.946833 0.230667 0.224274 -0.242315 0.310824 0.475934 0.822724 0.414585 
1533683180665 0.0828019 0.848611 -0.522497 -0.603596 -0.946899 0.230449 0.224224 -0.242313 0.310688 0.476185 0.82263 0.414575 
1533683180685 0.0826437 0.848555 -0.522614 -0.603588 -0.946945 0.230298 0.224183 -0.24231 0.310588 0.476359 0.822567 0.41457 
1533683180701 0.0825638 0.848504 -0.522708 -0.603575 -0.946969 0.23023 0.224151 -0.242304 0.310536 0.476482 0.822516 0.414567 
1533683180725 0.082468 0.848438 -0.52283 -0.603557 -0.946995 0.230155 0.224117 -0.242298 0.310481 0.476636 0.822448 0.414562 
1533683180735 0.0824064 0.848386 -0.522924 -0.603537 -0.947017 0.230103 0.224078 -0.242302 0.310431 0.476753 0.822398 0.414551 
1533683180836 0.0821501 0.848379 -0.522976 -0.603413 -0.947052 0.229883 0.224155 -0.242357 0.310392 0.476872 0.822344 0.414552 
1533683180849 0.0821604 0.848448 -0.522864 -0.603412 -0.947018 0.229913 0.224269 -0.242396 0.310493 0.476735 0.822385 0.41455 
1533683180868 0.0822427 0.848565 -0.522659 -0.603408 -0.94692 0.230067 0.224524 -0.242446 0.31077 0.476451 0.822445 0.414561 
1533683180906 0.0823602 0.848622 -0.522548 -0.603428 -0.946733 0.230407 0.224965 -0.24251 0.311309 0.476186 0.822395 0.414595 
1533683180955 0.0820505 0.848653 -0.522547 -0.603425 -0.946638 0.230335 0.225439 -0.242438 0.31168 0.476166 0.822266 0.414624 
1533683180983 0.0817649 0.848685 -0.52254 -0.603404 -0.946632 0.230142 0.22566 -0.242399 0.311773 0.476202 0.82221 0.414632 
1533683180996 0.0816406 0.848698 -0.522538 -0.603392 -0.946627 0.230062 0.225764 -0.242388 0.311821 0.476217 0.822183 0.414637 
1533683181013 0.0814941 0.84871 -0.522541 -0.603371 -0.946615 0.229977 0.225898 -0.242391 0.311894 0.476236 0.822144 0.414646 
1533683181030 0.0813783 0.848717 -0.522548 -0.603347 -0.9466 0.229921 0.226018 -0.242404 0.31197 0.476251 0.822107 0.414656 
1533683181046 0.0812921 0.848721 -0.522555 -0.60332 -0.946582 0.22989 0.226125 -0.242426 0.312047 0.47626 0.822073 0.414667 
1533683181063 0.0812612 0.848717 -0.522567 -0.603287 -0.946552 0.229917 0.226222 -0.242463 0.312146 0.476254 0.822038 0.41468 
1533683181080 0.0812906 0.848719 -0.522559 -0.603258 -0.946529 0.229971 0.226264 -0.242501 0.312208 0.476224 0.822032 0.414702 
1533683181096 0.0812918 0.848734 -0.522535 -0.603236 -0.946521 0.229978 0.226292 -0.242521 0.312233 0.476194 0.82204 0.414727 
1533683181113 0.0812719 0.848746 -0.522518 -0.603227 -0.946525 0.229953 0.226301 -0.242516 0.312226 0.476184 0.822048 0.414731 
1533683181174 0.0811094 0.848801 -0.522455 -0.603169 -0.946591 0.229722 0.22626 -0.242427 0.312068 0.476199 0.8221 0.414658 
1533683181205 0.0811204 0.848823 -0.522416 -0.603078 -0.946621 0.229673 0.226183 -0.242475 0.311974 0.476182 0.822145 0.414634 
1533683181219 0.0811301 0.848831 -0.522402 -0.603062 -0.946625 0.22967 0.22617 -0.242487 0.31196 0.476169 0.822158 0.414634 
1533683181235 0.0811707 0.848859 -0.522349 -0.603 -0.946637 0.229666 0.226122 -0.242536 0.311912 0.476121 0.822204 0.414634 
1533683181252 0.0810151 0.848886 -0.522331 -0.60294 -0.946684 0.229481 0.226116 -0.242582 0.311811 0.476164 0.822218 0.414626 
1533683181269 0.0808391 0.848895 -0.522343 -0.602884 -0.946723 0.229301 0.226136 -0.242623 0.311739 0.476233 0.822205 0.414609 
1533683181289 0.0807695 0.848894 -0.522356 -0.602853 -0.946721 0.229258 0.226186 -0.24264 0.311762 0.476256 0.822183 0.414604 
1533683181321 0.0807393 0.848892 -0.522363 -0.602808 -0.946705 0.229263 0.226247 -0.242674 0.311818 0.476257 0.822161 0.414611 
