1535382804010 0.190763 0.933576 -0.30339 -0.506445 -0.981486 0.186797 -0.0423267 -0.208849 0.0171572 0.305847 0.951926 0.35781 
1535382808583 0.190764 0.933576 -0.303391 -0.506445 -0.981486 0.186798 -0.0423278 -0.208849 0.0171566 0.305848 0.951926 0.357809 
1535382809449 0.196154 0.93356 -0.299983 -0.519665 -0.979768 0.198994 -0.021375 -0.212344 0.03974 0.298106 0.953705 0.359469 
1535382810347 0.200208 0.933448 -0.297644 -0.533306 -0.977834 0.209378 -0.00109905 -0.215567 0.061294 0.291266 0.954676 0.360383 
1535382811211 0.204536 0.933383 -0.294893 -0.546975 -0.975238 0.2202 0.0205484 -0.218845 0.0841148 0.283388 0.955309 0.362084 
1535382812104 0.209616 0.933116 -0.292156 -0.560533 -0.97199 0.231333 0.04147 -0.222419 0.106281 0.27528 0.955471 0.36359 
1535382812985 0.214105 0.933037 -0.289137 -0.574159 -0.968291 0.241736 0.0630567 -0.225651 0.128729 0.266468 0.955209 0.365112 
1535382813938 0.219011 0.932768 -0.286317 -0.587714 -0.964011 0.252185 0.0841748 -0.229021 0.15072 0.257577 0.95443 0.366687 
1535382814841 0.223735 0.932444 -0.283707 -0.601317 -0.959228 0.262237 0.105419 -0.23237 0.172695 0.248554 0.953099 0.368173 
1535382815759 0.228751 0.93196 -0.28129 -0.614898 -0.953799 0.272381 0.126793 -0.23578 0.194784 0.23929 0.951209 0.369679 
1535382816706 0.233637 0.931486 -0.278832 -0.628494 -0.947901 0.282072 0.148052 -0.239067 0.216559 0.229715 0.948859 0.371195 
1535382816737 0.233083 0.931791 -0.278278 -0.628625 -0.947888 0.281612 0.149011 -0.238833 0.217213 0.229044 0.948872 0.371417 
1535382817113 0.234128 0.931164 -0.279495 -0.629266 -0.947416 0.283033 0.149317 -0.239459 0.218145 0.229839 0.948465 0.371293 
1535382817453 0.234219 0.930941 -0.280161 -0.630352 -0.946914 0.28373 0.151167 -0.239827 0.220218 0.229882 0.947976 0.371558 
1535382817844 0.234359 0.93069 -0.280879 -0.631377 -0.946415 0.284464 0.152901 -0.240159 0.222203 0.229995 0.947485 0.371766 
1535382818130 0.234544 0.930403 -0.281673 -0.632419 -0.945823 0.285336 0.15493 -0.240493 0.224519 0.230075 0.94692 0.371967 
1535382818521 0.234587 0.930171 -0.282401 -0.633512 -0.945334 0.285986 0.156702 -0.240744 0.226522 0.230203 0.946411 0.372162 
1535382818956 0.234626 0.929947 -0.283105 -0.634586 -0.94478 0.286694 0.15874 -0.241021 0.228784 0.230228 0.945861 0.372411 
1535382819283 0.234612 0.929701 -0.283925 -0.63566 -0.944302 0.287304 0.160472 -0.241375 0.230764 0.230463 0.945323 0.372575 
1535382819648 0.234768 0.929452 -0.284609 -0.636728 -0.943718 0.288113 0.162444 -0.241669 0.232984 0.230454 0.94478 0.372844 
1535382820051 0.234907 0.929185 -0.285365 -0.637782 -0.943141 0.288913 0.16436 -0.241994 0.235166 0.23053 0.944221 0.373026 
1535382820148 0.234753 0.929218 -0.285385 -0.638043 -0.943009 0.288935 0.165075 -0.241965 0.235849 0.230369 0.94409 0.37322 
1535382820177 0.234738 0.929223 -0.285382 -0.638043 -0.943007 0.288927 0.165105 -0.241965 0.235874 0.230361 0.944086 0.373223 
1535382820526 0.234444 0.929216 -0.285648 -0.638159 -0.942952 0.288818 0.165607 -0.242209 0.236385 0.230526 0.943917 0.373205 
1535382820782 0.234161 0.929189 -0.285965 -0.638501 -0.942793 0.288828 0.166493 -0.24229 0.237299 0.230619 0.943665 0.373307 
1535382821012 0.233657 0.929196 -0.286357 -0.638845 -0.942673 0.288655 0.167468 -0.242394 0.238269 0.230811 0.943374 0.373388 
1535382821243 0.233308 0.929209 -0.286597 -0.639178 -0.942487 0.28863 0.168557 -0.242455 0.239345 0.230788 0.943107 0.373518 
1535382821485 0.233001 0.929209 -0.286848 -0.639492 -0.942359 0.288579 0.169354 -0.242608 0.240144 0.230854 0.942888 0.373675 
1535382821718 0.232732 0.929211 -0.287058 -0.639817 -0.942182 0.288594 0.170311 -0.242738 0.241099 0.230825 0.942651 0.373826 
1535382821971 0.232347 0.92917 -0.287504 -0.640165 -0.942019 0.288556 0.171275 -0.242897 0.242104 0.231039 0.942341 0.37393 
1535382822208 0.23201 0.929183 -0.287734 -0.640481 -0.941843 0.288525 0.172295 -0.242971 0.243112 0.231026 0.942085 0.374083 
1535382822301 0.231982 0.929156 -0.287843 -0.640678 -0.941636 0.288721 0.173094 -0.243116 0.243938 0.230889 0.941905 0.374247 
1535382822321 0.23192 0.92918 -0.287816 -0.640688 -0.941633 0.288674 0.173187 -0.243073 0.244007 0.230852 0.941896 0.374265 
1535382822499 0.231533 0.92936 -0.287544 -0.640711 -0.941854 0.288136 0.172882 -0.243029 0.243521 0.230797 0.942035 0.374173 
1535382822663 0.231133 0.92966 -0.286897 -0.640848 -0.942041 0.28755 0.172838 -0.243134 0.243178 0.23032 0.94224 0.374281 
1535382822812 0.230816 0.92989 -0.286404 -0.641012 -0.942065 0.287208 0.173279 -0.243264 0.243388 0.229816 0.942309 0.374463 
1535382822944 0.23022 0.930087 -0.286247 -0.641217 -0.942201 0.28662 0.173513 -0.243306 0.243426 0.229756 0.942314 0.374486 
1535382823080 0.229988 0.930248 -0.28591 -0.641362 -0.942275 0.286319 0.173606 -0.243518 0.243359 0.229479 0.942399 0.374514 
1535382823264 0.229388 0.930571 -0.285339 -0.641581 -0.942359 0.285699 0.17417 -0.243452 0.243599 0.228939 0.942468 0.374693 
1535382823384 0.229215 0.930678 -0.285131 -0.641714 -0.942425 0.285473 0.174183 -0.24373 0.243506 0.228789 0.942529 0.374693 
1535382823562 0.228664 0.930936 -0.284731 -0.641954 -0.942475 0.284952 0.174768 -0.243705 0.243832 0.228389 0.942541 0.374849 
1535382823606 0.228466 0.931005 -0.284664 -0.641971 -0.942546 0.284729 0.174747 -0.24381 0.243742 0.228385 0.942566 0.374833 
1535382823625 0.228372 0.931032 -0.284649 -0.641986 -0.942576 0.28463 0.174748 -0.243846 0.243716 0.228395 0.94257 0.374825 
1535382823826 0.228141 0.931281 -0.284019 -0.642031 -0.942636 0.284288 0.174982 -0.243756 0.243701 0.227806 0.942716 0.374901 
1535382824112 0.227916 0.931461 -0.283611 -0.642095 -0.942748 0.283943 0.174938 -0.244002 0.243477 0.227502 0.942848 0.374786 
1535382824239 0.227567 0.931696 -0.283118 -0.642167 -0.942882 0.283471 0.174981 -0.244172 0.243285 0.227127 0.942988 0.374758 
1535382824426 0.227182 0.931991 -0.282457 -0.642257 -0.942985 0.28297 0.175235 -0.244271 0.243244 0.226542 0.943139 0.374734 
1535382824575 0.226798 0.932251 -0.281906 -0.64232 -0.943098 0.282482 0.175416 -0.244419 0.243165 0.226081 0.94327 0.374756 
1535382824733 0.226209 0.932616 -0.281171 -0.64242 -0.94326 0.281762 0.1757 -0.244408 0.243084 0.225473 0.943436 0.374809 
1535382824889 0.225872 0.93282 -0.280766 -0.642489 -0.943381 0.281326 0.175747 -0.2446 0.242927 0.225173 0.943548 0.374784 
1535382825045 0.22547 0.933094 -0.280177 -0.642554 -0.943535 0.280779 0.175796 -0.244734 0.242702 0.22472 0.943714 0.37474 
1535382825133 0.225071 0.933315 -0.279762 -0.642593 -0.943686 0.280269 0.175803 -0.244804 0.242488 0.224439 0.943836 0.374712 
1535382825308 0.225235 0.933281 -0.279741 -0.642598 -0.943598 0.280466 0.175957 -0.244701 0.242675 0.224331 0.943814 0.374713 
1535382825348 0.225597 0.933135 -0.279939 -0.642597 -0.943476 0.280882 0.175949 -0.244642 0.242814 0.224422 0.943756 0.374709 
1535382825509 0.226207 0.933085 -0.279612 -0.642497 -0.943555 0.281193 0.175024 -0.244613 0.241938 0.224238 0.944025 0.37468 
1535382825702 0.22676 0.933045 -0.279296 -0.642433 -0.94353 0.281562 0.174565 -0.244613 0.241517 0.22394 0.944204 0.374636 
1535382825898 0.227218 0.933002 -0.279068 -0.642377 -0.943516 0.281869 0.174151 -0.244591 0.241143 0.223734 0.944348 0.374469 
1535382826099 0.227728 0.932982 -0.27872 -0.64235 -0.943505 0.282186 0.173693 -0.244535 0.240704 0.223419 0.944535 0.374538 
1535382826312 0.228124 0.933023 -0.278258 -0.64229 -0.943559 0.282339 0.173149 -0.244475 0.240115 0.223054 0.944771 0.374482 
1535382826519 0.228477 0.932988 -0.278085 -0.642253 -0.943581 0.282544 0.172695 -0.244443 0.239694 0.222938 0.944905 0.374421 
1535382826756 0.229009 0.932957 -0.277751 -0.642224 -0.943542 0.282907 0.172315 -0.244351 0.239341 0.222608 0.945072 0.374326 
1535382826975 0.229323 0.932926 -0.277597 -0.642209 -0.94355 0.2831 0.171953 -0.24428 0.239007 0.222493 0.945184 0.37422 
1535382827000 0.229339 0.932927 -0.277582 -0.642207 -0.943554 0.283105 0.171924 -0.244273 0.238977 0.222484 0.945193 0.37421 
1535382827231 0.229476 0.932948 -0.277395 -0.642014 -0.943459 0.283259 0.172191 -0.244129 0.23922 0.222197 0.9452 0.374427 
1535382827378 0.230115 0.932772 -0.277458 -0.641825 -0.943398 0.283793 0.171643 -0.244094 0.238844 0.222256 0.945281 0.374347 
1535382827510 0.23072 0.932678 -0.277272 -0.641584 -0.943305 0.284286 0.171341 -0.244024 0.238631 0.22202 0.94539 0.374333 
1535382827640 0.231273 0.932627 -0.276983 -0.641393 -0.94319 0.284742 0.171217 -0.243872 0.23855 0.22165 0.945497 0.374415 
1535382827764 0.231985 0.932503 -0.276805 -0.641239 -0.943063 0.285345 0.170909 -0.243807 0.238358 0.221397 0.945605 0.374496 
1535382827896 0.232433 0.932462 -0.276567 -0.640991 -0.943034 0.285654 0.170552 -0.243667 0.238036 0.22117 0.945739 0.37455 
1535382828025 0.233183 0.932318 -0.276422 -0.640828 -0.942903 0.286295 0.170206 -0.243599 0.237824 0.22095 0.945844 0.374534 
1535382828163 0.233629 0.932291 -0.276137 -0.640546 -0.942854 0.286612 0.169944 -0.243502 0.237581 0.220653 0.945974 0.374589 
1535382828193 0.233961 0.932218 -0.276102 -0.640484 -0.942773 0.286921 0.169868 -0.243525 0.237573 0.220559 0.945998 0.374601 
1535382828271 0.23431 0.932139 -0.276072 -0.640409 -0.942723 0.287215 0.169647 -0.243473 0.237426 0.220509 0.946047 0.37457 
1535382828439 0.233815 0.932337 -0.275824 -0.640092 -0.942825 0.286717 0.169925 -0.243201 0.237511 0.220322 0.946069 0.374785 
1535382828609 0.234259 0.932233 -0.275797 -0.639693 -0.94266 0.287186 0.170045 -0.243209 0.237727 0.220149 0.946055 0.374929 
1535382828785 0.234643 0.932131 -0.275817 -0.639324 -0.942521 0.287597 0.170123 -0.243113 0.237901 0.220045 0.946036 0.375028 
1535382829016 0.234808 0.932134 -0.275663 -0.638831 -0.942435 0.287769 0.170309 -0.242817 0.238078 0.219805 0.946047 0.375195 
1535382829204 0.235065 0.932098 -0.275568 -0.638626 -0.942365 0.288003 0.170301 -0.242783 0.238102 0.219654 0.946076 0.375237 
1535382829386 0.235396 0.932026 -0.275529 -0.638246 -0.942241 0.28835 0.170401 -0.242706 0.238267 0.219503 0.94607 0.375361 
1535382829570 0.235708 0.931927 -0.275595 -0.637915 -0.942114 0.288706 0.170499 -0.242603 0.238459 0.219454 0.946032 0.375457 
1535382829744 0.23601 0.931873 -0.275522 -0.637524 -0.942016 0.289001 0.170541 -0.24253 0.238549 0.219297 0.946046 0.375553 
1535382829777 0.235961 0.931917 -0.275414 -0.637426 -0.942024 0.288939 0.170602 -0.242401 0.238565 0.219191 0.946066 0.375594 
1535382829982 0.236078 0.931845 -0.275559 -0.637256 -0.941994 0.289078 0.170531 -0.242413 0.238566 0.219316 0.946037 0.375572 
1535382830196 0.236174 0.931791 -0.275657 -0.636761 -0.941957 0.2892 0.170531 -0.242334 0.238619 0.219382 0.946009 0.375793 
1535382830404 0.236146 0.931748 -0.275827 -0.636357 -0.941846 0.289312 0.170951 -0.241989 0.239083 0.219418 0.945883 0.375965 
1535382830615 0.236133 0.93176 -0.275798 -0.63586 -0.94181 0.289331 0.17112 -0.241806 0.23924 0.219342 0.945861 0.376135 
1535382830839 0.236299 0.931644 -0.276046 -0.635393 -0.94172 0.289579 0.171193 -0.241643 0.239428 0.219506 0.945775 0.37623 
1535382831038 0.236412 0.931577 -0.276176 -0.634916 -0.941625 0.289772 0.17139 -0.241475 0.239691 0.219536 0.945702 0.376411 
1535382831243 0.236513 0.931497 -0.276361 -0.634448 -0.941546 0.289951 0.171519 -0.241331 0.2399 0.21964 0.945625 0.37656 
1535382831446 0.236637 0.931451 -0.276408 -0.633981 -0.941465 0.290125 0.171671 -0.241093 0.240096 0.219605 0.945583 0.376677 
1535382831648 0.236642 0.931393 -0.2766 -0.633493 -0.941412 0.290213 0.171817 -0.240961 0.240302 0.219735 0.945501 0.376824 
1535382831678 0.236532 0.931434 -0.276557 -0.633398 -0.941432 0.290106 0.171884 -0.240846 0.240329 0.219704 0.945501 0.376871 
1535382831715 0.236506 0.931433 -0.276581 -0.633314 -0.941441 0.290084 0.171875 -0.24081 0.240322 0.219735 0.945496 0.376898 
1535382831928 0.23633 0.931366 -0.276958 -0.632876 -0.941357 0.290102 0.1723 -0.24068 0.240821 0.219997 0.945308 0.376983 
1535382832118 0.236255 0.931304 -0.277229 -0.632433 -0.941167 0.290272 0.173054 -0.240512 0.241638 0.220034 0.94509 0.377064 
1535382832303 0.236085 0.931261 -0.27752 -0.632017 -0.941091 0.290271 0.173467 -0.240362 0.242099 0.220218 0.94493 0.377199 
1535382832500 0.236266 0.93113 -0.277805 -0.631548 -0.940921 0.29061 0.17382 -0.240345 0.242582 0.220325 0.944781 0.377343 
1535382832689 0.235956 0.931171 -0.27793 -0.631138 -0.940885 0.290441 0.174296 -0.240092 0.243022 0.220374 0.944656 0.377492 
1535382832879 0.236095 0.931023 -0.278308 -0.630668 -0.940695 0.290785 0.174748 -0.240065 0.243623 0.220546 0.944461 0.377557 
1535382833069 0.235748 0.931066 -0.278458 -0.630271 -0.940653 0.290598 0.175282 -0.239803 0.244119 0.22061 0.944318 0.377694 
1535382833270 0.235883 0.930944 -0.278751 -0.629773 -0.940461 0.290926 0.175771 -0.239749 0.244729 0.220693 0.944141 0.377847 
1535382833299 0.235837 0.930942 -0.278798 -0.629697 -0.940448 0.290913 0.175863 -0.239685 0.244824 0.22072 0.94411 0.377879 
1535382833314 0.235849 0.930922 -0.278853 -0.629637 -0.940424 0.290954 0.175925 -0.239661 0.244905 0.220748 0.944082 0.377899 
1535382833715 0.235754 0.930842 -0.279202 -0.629346 -0.940263 0.291095 0.176547 -0.239612 0.245612 0.220901 0.943863 0.378047 
1535382833971 0.235542 0.930779 -0.279591 -0.629047 -0.940121 0.291142 0.177226 -0.239394 0.246359 0.221105 0.943621 0.378084 
1535382834206 0.235411 0.930706 -0.279944 -0.628708 -0.939962 0.291257 0.177881 -0.239333 0.247091 0.221261 0.943393 0.37826 
1535382834478 0.23522 0.930625 -0.280371 -0.628392 -0.939867 0.291284 0.178338 -0.239208 0.247633 0.221562 0.94318 0.378357 
1535382834675 0.235229 0.930468 -0.280886 -0.628081 -0.939632 0.291599 0.179058 -0.239139 0.248513 0.22181 0.94289 0.378516 
1535382834918 0.235031 0.930469 -0.281048 -0.627753 -0.93951 0.291594 0.179703 -0.238979 0.24916 0.221812 0.942719 0.378614 
1535382835197 0.234861 0.930397 -0.281428 -0.627431 -0.939421 0.291623 0.180124 -0.238858 0.249658 0.222075 0.942525 0.378697 
1535382835438 0.234799 0.930253 -0.281955 -0.62711 -0.939221 0.291857 0.180784 -0.238815 0.250465 0.222371 0.942241 0.378845 
1535382835512 0.234836 0.930217 -0.282043 -0.626912 -0.939139 0.291975 0.181023 -0.238738 0.25074 0.222367 0.942169 0.378892 
1535382835533 0.234847 0.930206 -0.28207 -0.626873 -0.939124 0.292002 0.181058 -0.238748 0.250786 0.222378 0.942154 0.378898 
1535382835849 0.234928 0.93018 -0.28209 -0.626834 -0.93914 0.292049 0.180893 -0.23867 0.250647 0.222426 0.94218 0.378962 
1535382835981 0.235042 0.93008 -0.282325 -0.626571 -0.939136 0.292182 0.180702 -0.238649 0.250558 0.222669 0.942146 0.379045 
1535382836143 0.235125 0.929981 -0.282579 -0.626371 -0.939099 0.292325 0.180661 -0.238473 0.250617 0.222892 0.942078 0.379093 
1535382836300 0.235345 0.929899 -0.282667 -0.62609 -0.939014 0.292579 0.180695 -0.238435 0.25073 0.222903 0.942045 0.379183 
1535382836487 0.235497 0.929784 -0.282917 -0.62584 -0.938964 0.292783 0.180625 -0.23835 0.250776 0.223112 0.941983 0.379238 
1535382836644 0.235471 0.929709 -0.283186 -0.625637 -0.938937 0.29284 0.180673 -0.238193 0.250902 0.223351 0.941893 0.379311 
1535382836784 0.235468 0.929726 -0.283135 -0.6254 -0.938938 0.292827 0.180685 -0.238022 0.250897 0.2233 0.941906 0.379419 
1535382836981 0.235679 0.929587 -0.283416 -0.625145 -0.938902 0.293068 0.180486 -0.23798 0.250837 0.223563 0.94186 0.379456 
1535382837012 0.235594 0.929607 -0.283419 -0.625066 -0.938913 0.292996 0.180541 -0.237861 0.250873 0.223571 0.941849 0.379493 
1535382837044 0.235573 0.929596 -0.283472 -0.625006 -0.938906 0.292998 0.180579 -0.237805 0.250922 0.223614 0.941825 0.379518 
1535382837074 0.235656 0.92955 -0.283554 -0.624956 -0.938874 0.293103 0.180574 -0.237818 0.250963 0.223668 0.941802 0.379528 
1535382837291 0.235474 0.929693 -0.283236 -0.624745 -0.938909 0.292877 0.180757 -0.237814 0.251002 0.223369 0.941862 0.379556 
1535382837418 0.235781 0.929552 -0.283445 -0.624521 -0.938706 0.293321 0.181088 -0.237798 0.251471 0.223374 0.941736 0.3796 
1535382837497 0.235466 0.92965 -0.283385 -0.624349 -0.93875 0.293041 0.181314 -0.237629 0.251602 0.223335 0.94171 0.37967 
1535382837626 0.235574 0.929626 -0.283375 -0.624121 -0.938674 0.293185 0.181474 -0.2376 0.251784 0.223246 0.941682 0.379724 
1535382837689 0.235731 0.929624 -0.283249 -0.623863 -0.938611 0.293331 0.181566 -0.23761 0.251874 0.22306 0.941703 0.379788 
1535382837823 0.235529 0.929658 -0.283305 -0.623686 -0.938543 0.293255 0.18204 -0.237416 0.252315 0.223018 0.941594 0.379837 
1535382837886 0.235468 0.929711 -0.283184 -0.623483 -0.938523 0.293204 0.182224 -0.237301 0.252447 0.222866 0.941595 0.379898 
1535382837914 0.23557 0.929676 -0.283214 -0.623434 -0.938483 0.29332 0.182246 -0.237336 0.252502 0.222859 0.941582 0.379901 
1535382837931 0.235683 0.929634 -0.283258 -0.623419 -0.938445 0.293444 0.182238 -0.237386 0.252535 0.222872 0.94157 0.379895 
1535382838109 0.235513 0.929697 -0.283191 -0.623138 -0.938434 0.293317 0.182501 -0.237156 0.252736 0.222775 0.941539 0.38001 
1535382838168 0.235708 0.929705 -0.283001 -0.622956 -0.938454 0.293405 0.182258 -0.237029 0.25248 0.222624 0.941643 0.380071 
1535382838310 0.235718 0.929702 -0.283003 -0.622765 -0.938566 0.293313 0.181826 -0.236966 0.252052 0.222758 0.941726 0.380047 
1535382838366 0.235628 0.929778 -0.28283 -0.622598 -0.938586 0.293196 0.181911 -0.236814 0.252061 0.222597 0.941762 0.380137 
1535382838500 0.235879 0.929735 -0.282761 -0.622384 -0.938519 0.293425 0.181889 -0.236765 0.252078 0.222473 0.941787 0.380218 
1535382838556 0.236063 0.929712 -0.282685 -0.622195 -0.938494 0.293568 0.181791 -0.236712 0.252 0.222384 0.941829 0.380281 
1535382838704 0.23611 0.929637 -0.282891 -0.621998 -0.938539 0.293602 0.181502 -0.236704 0.251788 0.22265 0.941823 0.38024 
1535382838738 0.236088 0.929657 -0.282843 -0.621892 -0.938551 0.293566 0.181495 -0.236612 0.251761 0.222614 0.941838 0.380262 
1535382838757 0.236108 0.929651 -0.282845 -0.621832 -0.938552 0.29358 0.181469 -0.236588 0.251741 0.222618 0.941843 0.380266 
1535382838931 0.236138 0.929677 -0.282736 -0.621703 -0.938553 0.293579 0.181462 -0.236501 0.251707 0.222513 0.941877 0.380339 
1535382839090 0.236236 0.929666 -0.28269 -0.621389 -0.938508 0.293682 0.181533 -0.236477 0.251786 0.222422 0.941877 0.380452 
1535382839237 0.236358 0.929622 -0.282732 -0.621103 -0.938465 0.293818 0.181535 -0.236422 0.25183 0.222426 0.941864 0.380529 
1535382839411 0.236393 0.929623 -0.282701 -0.620825 -0.938462 0.29384 0.181516 -0.236312 0.25181 0.222395 0.941877 0.3806 
1535382839599 0.236242 0.929681 -0.282634 -0.62056 -0.938511 0.293674 0.181531 -0.236152 0.251768 0.22237 0.941894 0.380678 
1535382839756 0.236391 0.929666 -0.282561 -0.620247 -0.938504 0.293774 0.181404 -0.236152 0.251654 0.222302 0.94194 0.380737 
1535382839899 0.236424 0.929649 -0.282589 -0.619995 -0.938476 0.293828 0.181459 -0.236004 0.251726 0.222302 0.941921 0.380816 
1535382840040 0.236253 0.929724 -0.282484 -0.619725 -0.938539 0.293626 0.181459 -0.235863 0.251651 0.222252 0.941953 0.380899 
1535382840071 0.236291 0.929717 -0.282478 -0.619675 -0.938541 0.293652 0.181411 -0.235861 0.251611 0.222251 0.941964 0.380898 
1535382840088 0.236273 0.92973 -0.28245 -0.619639 -0.938551 0.293624 0.181403 -0.235832 0.25159 0.222233 0.941974 0.380906 
1535382840384 0.236233 0.929718 -0.28252 -0.61938 -0.93861 0.293557 0.181207 -0.235673 0.251408 0.222369 0.941991 0.380964 
1535382840551 0.23648 0.92962 -0.282636 -0.619059 -0.938558 0.293806 0.181073 -0.235664 0.25137 0.22245 0.941982 0.38112 
1535382840724 0.236827 0.929496 -0.282754 -0.618734 -0.938511 0.294123 0.180801 -0.235641 0.251218 0.222549 0.941999 0.381172 
1535382840887 0.236651 0.929509 -0.282859 -0.6185 -0.938571 0.293962 0.180752 -0.23542 0.251161 0.222708 0.941976 0.381243 
1535382841060 0.236909 0.929405 -0.282986 -0.618173 -0.938543 0.294201 0.18051 -0.235396 0.251022 0.22283 0.941985 0.381281 
1535382841240 0.236987 0.929336 -0.283146 -0.617903 -0.938512 0.294315 0.18048 -0.235236 0.251061 0.222964 0.941942 0.381374 
1535382841433 0.237067 0.929338 -0.283071 -0.617581 -0.938546 0.294329 0.180284 -0.235145 0.250861 0.222936 0.942002 0.381498 
1535382841632 0.237138 0.929323 -0.283062 -0.61728 -0.938557 0.294369 0.180159 -0.234982 0.250751 0.222947 0.942029 0.381578 
1535382841665 0.23707 0.929337 -0.283072 -0.617194 -0.93857 0.29431 0.180188 -0.23489 0.250767 0.222966 0.94202 0.381613 
1535382841686 0.237029 0.929348 -0.283071 -0.617148 -0.938582 0.294269 0.180192 -0.234837 0.25076 0.222975 0.94202 0.38163 
1535382841900 0.237237 0.929267 -0.283163 -0.616865 -0.93849 0.29452 0.18026 -0.234894 0.250907 0.222981 0.941979 0.381704 
1535382842069 0.237184 0.929196 -0.28344 -0.616567 -0.938319 0.294688 0.18088 -0.23474 0.251599 0.223055 0.941777 0.381722 
1535382842251 0.237308 0.929116 -0.2836 -0.616215 -0.93818 0.294932 0.181199 -0.23472 0.251998 0.223068 0.941668 0.381829 
1535382842430 0.23743 0.929024 -0.283799 -0.615873 -0.93804 0.295184 0.181513 -0.234683 0.252403 0.223119 0.941547 0.381926 
1535382842609 0.23736 0.929003 -0.283927 -0.61558 -0.93796 0.295228 0.181856 -0.234522 0.252768 0.223146 0.941442 0.382013 
1535382842777 0.237569 0.928824 -0.284336 -0.615235 -0.937782 0.295618 0.182141 -0.234558 0.253232 0.223375 0.941264 0.382094 
1535382842975 0.237423 0.928883 -0.284265 -0.61494 -0.937744 0.295531 0.182476 -0.234348 0.253508 0.223244 0.941221 0.3822 
1535382843149 0.237567 0.928756 -0.28456 -0.614612 -0.937529 0.295883 0.183012 -0.234285 0.25417 0.223305 0.941027 0.382252 
1535382843175 0.237476 0.928795 -0.284507 -0.614543 -0.937536 0.2958 0.183108 -0.234191 0.254227 0.223252 0.941025 0.382286 
1535382843192 0.237449 0.928807 -0.284492 -0.614514 -0.937536 0.295777 0.183144 -0.234159 0.254251 0.223234 0.941022 0.382299 
1535382843469 0.237725 0.928667 -0.284718 -0.6142 -0.937406 0.296138 0.183229 -0.234 0.254475 0.223339 0.940937 0.38242 
1535382843656 0.237863 0.928587 -0.284864 -0.613874 -0.937344 0.296322 0.18325 -0.233848 0.254575 0.223427 0.940889 0.382536 
1535382843838 0.238219 0.928473 -0.284936 -0.613486 -0.937217 0.296707 0.183274 -0.233773 0.254708 0.223387 0.940862 0.382649 
1535382844023 0.23816 0.928429 -0.28513 -0.61323 -0.937184 0.29673 0.183403 -0.233491 0.254883 0.22354 0.940779 0.382766 
1535382844200 0.238439 0.928356 -0.285134 -0.612882 -0.937095 0.297014 0.183402 -0.23336 0.254951 0.223468 0.940777 0.382892 
1535382844388 0.23865 0.928272 -0.285231 -0.61252 -0.93702 0.297252 0.183399 -0.233263 0.25503 0.223499 0.940749 0.382999 
1535382844564 0.238832 0.928204 -0.285299 -0.612199 -0.936945 0.297463 0.183437 -0.23309 0.255133 0.223499 0.940721 0.383096 
1535382844742 0.238865 0.92813 -0.285515 -0.611903 -0.936943 0.297532 0.183336 -0.232879 0.255109 0.223719 0.940675 0.383189 
1535382844771 0.238844 0.92815 -0.285466 -0.61181 -0.936938 0.297511 0.183395 -0.232806 0.255147 0.223661 0.940678 0.383227 
1535382844786 0.238871 0.928153 -0.285435 -0.611747 -0.936925 0.297536 0.18342 -0.232774 0.255169 0.223617 0.940683 0.383252 
1535382844984 0.238778 0.928194 -0.285379 -0.61155 -0.936947 0.297438 0.183467 -0.232637 0.255175 0.223577 0.94069 0.383311 
1535382845159 0.239011 0.928075 -0.28557 -0.611199 -0.936893 0.297693 0.183331 -0.232691 0.255157 0.22373 0.940659 0.383414 
1535382845343 0.239091 0.928116 -0.285371 -0.610891 -0.93685 0.29775 0.183458 -0.232501 0.25524 0.223487 0.940695 0.383515 
1535382845531 0.23905 0.928099 -0.285459 -0.610595 -0.936838 0.297748 0.183525 -0.232376 0.255324 0.223557 0.940655 0.383577 
1535382845703 0.239355 0.928003 -0.285516 -0.610259 -0.936757 0.298052 0.183442 -0.232387 0.255333 0.223551 0.940654 0.38367 
1535382846002 0.239216 0.928082 -0.285374 -0.609725 -0.936813 0.297875 0.183447 -0.23215 0.25526 0.223459 0.940696 0.383844 
1535382846169 0.23909 0.928118 -0.285366 -0.609683 -0.936842 0.297755 0.18349 -0.232018 0.255269 0.223473 0.94069 0.383857 
1535382846340 0.239391 0.927976 -0.285573 -0.609334 -0.936756 0.29809 0.183383 -0.23206 0.255302 0.223612 0.940648 0.383867 
1535382846360 0.23934 0.928007 -0.285518 -0.609268 -0.936783 0.298018 0.183363 -0.232013 0.255252 0.223582 0.940669 0.383884 
1535382846377 0.239301 0.92803 -0.285475 -0.609211 -0.936804 0.297964 0.183346 -0.231973 0.255211 0.223559 0.940685 0.383899 
1535382846527 0.239383 0.928018 -0.285443 -0.609123 -0.936735 0.298077 0.183514 -0.231917 0.255388 0.223454 0.940662 0.383902 
1535382846714 0.239159 0.928116 -0.285312 -0.609011 -0.93679 0.29784 0.18362 -0.231817 0.255398 0.223363 0.940681 0.383939 
1535382846921 0.239319 0.928146 -0.285083 -0.608772 -0.936644 0.298039 0.18404 -0.231721 0.255782 0.222977 0.940668 0.383986 
1535382847091 0.239379 0.928161 -0.284983 -0.60855 -0.936592 0.298109 0.184193 -0.231682 0.255916 0.222821 0.940669 0.384023 
1535382847268 0.23929 0.928233 -0.284823 -0.608366 -0.936555 0.298044 0.184485 -0.231512 0.256135 0.222607 0.94066 0.384075 
1535382847468 0.239405 0.928249 -0.284675 -0.60815 -0.936472 0.29817 0.184703 -0.23143 0.256332 0.222372 0.940662 0.38412 
1535382847646 0.239212 0.928337 -0.284548 -0.607976 -0.93645 0.298023 0.185048 -0.231242 0.256589 0.222199 0.940632 0.384152 
1535382847816 0.239437 0.928304 -0.284466 -0.607753 -0.936319 0.298284 0.185291 -0.231194 0.256858 0.221986 0.940609 0.384182 
1535382848003 0.239424 0.928367 -0.284273 -0.607518 -0.936281 0.298269 0.185508 -0.231127 0.257009 0.221744 0.940625 0.384251 
1535382848023 0.239433 0.928369 -0.284258 -0.607487 -0.936274 0.298279 0.185527 -0.231135 0.257025 0.221722 0.940626 0.384259 
1535382848040 0.239415 0.928378 -0.284244 -0.607462 -0.936277 0.29826 0.185542 -0.23113 0.257031 0.22171 0.940627 0.384266 
1535382848181 0.239516 0.928326 -0.28433 -0.607598 -0.936238 0.298385 0.185541 -0.231119 0.257082 0.22176 0.940602 0.384207 
1535382848239 0.239546 0.928433 -0.283953 -0.607607 -0.936295 0.298282 0.185417 -0.231089 0.256845 0.221448 0.94074 0.384172 
1535382848345 0.23931 0.928556 -0.283751 -0.60753 -0.936356 0.298017 0.185535 -0.230949 0.256843 0.221291 0.940777 0.384128 
1535382848397 0.23935 0.928627 -0.283483 -0.607436 -0.93636 0.297989 0.185558 -0.230921 0.256789 0.221029 0.940854 0.384125 
1535382848521 0.239533 0.928707 -0.283068 -0.607274 -0.936368 0.298034 0.185449 -0.230927 0.256592 0.220634 0.941 0.384055 
1535382848568 0.239588 0.928729 -0.282947 -0.607233 -0.936353 0.298063 0.185479 -0.230914 0.256596 0.2205 0.94103 0.384057 
1535382848767 0.239491 0.929089 -0.281846 -0.606971 -0.936361 0.297765 0.185916 -0.230524 0.256656 0.219385 0.941275 0.384115 
1535382848778 0.239486 0.929091 -0.281845 -0.606963 -0.936359 0.297762 0.185928 -0.230524 0.256667 0.219381 0.941273 0.384112 
1535382849041 0.239564 0.928728 -0.282971 -0.607182 -0.936343 0.298058 0.185535 -0.230951 0.256653 0.22051 0.941012 0.384033 
1535382849314 0.239355 0.928866 -0.282694 -0.607114 -0.936322 0.297868 0.185945 -0.2308 0.256923 0.220186 0.941015 0.38409 
1535382849571 0.239344 0.928891 -0.282624 -0.607094 -0.936332 0.297837 0.185944 -0.230797 0.256898 0.220125 0.941036 0.38408 
1535382849834 0.239373 0.928894 -0.28259 -0.607024 -0.936303 0.297876 0.186027 -0.230819 0.256976 0.22006 0.94103 0.384073 
1535382850095 0.239456 0.928943 -0.282358 -0.606936 -0.936263 0.297925 0.18615 -0.230847 0.257044 0.219787 0.941075 0.384074 
1535382850373 0.239292 0.929031 -0.282208 -0.606895 -0.936299 0.297743 0.186259 -0.230747 0.257066 0.219661 0.941098 0.384087 
1535382850641 0.239151 0.929135 -0.281985 -0.606845 -0.936308 0.297588 0.186463 -0.230643 0.257164 0.219432 0.941125 0.384095 
1535382850891 0.239293 0.929127 -0.281888 -0.606735 -0.936257 0.297716 0.186514 -0.230737 0.257218 0.219288 0.941144 0.384098 
1535382851174 0.239126 0.929189 -0.281828 -0.606715 -0.936265 0.297574 0.186699 -0.230615 0.257344 0.219222 0.941125 0.384088 
1535382852171 0.235355 0.928619 -0.286837 -0.592142 -0.937296 0.294924 0.185733 -0.223853 0.25707 0.225138 0.939802 0.393765 
1535382853189 0.232348 0.927612 -0.292489 -0.577287 -0.938174 0.293078 0.184211 -0.21734 0.256599 0.231605 0.938358 0.403761 
1535382854207 0.229543 0.926564 -0.297974 -0.562412 -0.938904 0.291467 0.18305 -0.210808 0.256457 0.237751 0.936859 0.413789 
1535382855167 0.226439 0.925565 -0.303404 -0.54755 -0.939801 0.289459 0.181625 -0.204209 0.255929 0.244013 0.935392 0.423823 
1535382856072 0.223278 0.924537 -0.308835 -0.532674 -0.940707 0.287385 0.180224 -0.197614 0.255378 0.250283 0.933885 0.433791 
1535382857343 0.216981 0.922267 -0.319911 -0.502967 -0.942453 0.283311 0.17753 -0.184401 0.254364 0.26298 0.930666 0.453726 
1535382858229 0.214271 0.920989 -0.325372 -0.488137 -0.943189 0.281686 0.176203 -0.177911 0.253933 0.269132 0.929024 0.463742 
1535382859081 0.210989 0.919777 -0.3309 -0.473315 -0.944074 0.2795 0.174942 -0.171251 0.253394 0.275483 0.927308 0.473705 
1535382867725 0.211778 0.919544 -0.331042 -0.472936 -0.943864 0.280304 0.174788 -0.171439 0.253518 0.275443 0.927286 0.474156 
1535382867883 0.211746 0.91955 -0.331046 -0.472945 -0.94387 0.280275 0.1748 -0.171426 0.253521 0.275451 0.927283 0.474149 
1535382868294 0.210886 0.919822 -0.330839 -0.473335 -0.944146 0.279338 0.17481 -0.171259 0.25321 0.275495 0.927355 0.47366 
1535382868815 0.210869 0.919827 -0.330837 -0.473334 -0.944151 0.27932 0.17481 -0.171259 0.253204 0.275498 0.927356 0.473661 
1535382869337 0.210851 0.919833 -0.330831 -0.473333 -0.944158 0.279299 0.174807 -0.17126 0.253194 0.275499 0.927358 0.473661 
1535382869837 0.210744 0.919861 -0.330821 -0.473332 -0.944193 0.279184 0.1748 -0.171261 0.253152 0.275521 0.927363 0.473661 
1535382870357 0.210667 0.919885 -0.330802 -0.47333 -0.944221 0.279097 0.174789 -0.171262 0.253111 0.275528 0.927372 0.473662 
1535382870886 0.210664 0.91989 -0.330791 -0.473328 -0.944225 0.279088 0.174782 -0.171264 0.2531 0.275521 0.927377 0.473663 
1535382871436 0.210665 0.919895 -0.330777 -0.473325 -0.944229 0.279081 0.174769 -0.171269 0.253083 0.275512 0.927385 0.473664 
1535382871933 0.210677 0.919904 -0.330745 -0.473318 -0.944235 0.279077 0.174743 -0.171279 0.25305 0.275487 0.927401 0.473666 
1535382872486 0.210666 0.919909 -0.330737 -0.473316 -0.94427 0.279031 0.174631 -0.171294 0.252931 0.275516 0.927425 0.473639 
1535382872506 0.210666 0.919909 -0.330736 -0.473316 -0.94427 0.27903 0.17463 -0.171294 0.25293 0.275516 0.927425 0.473639 
1535382872712 0.210664 0.91991 -0.330734 -0.473316 -0.944271 0.279027 0.174629 -0.171294 0.252927 0.275515 0.927426 0.473639 
1535382872922 0.210664 0.919911 -0.330734 -0.473316 -0.944272 0.279027 0.174629 -0.171294 0.252926 0.275515 0.927426 0.473639 
1535382873119 0.210666 0.91991 -0.330734 -0.473316 -0.944271 0.279028 0.174627 -0.171295 0.252925 0.275514 0.927427 0.473639 
1535382873319 0.210665 0.919911 -0.330732 -0.473316 -0.944272 0.279026 0.174626 -0.171295 0.252923 0.275513 0.927428 0.473639 
1535382873532 0.210663 0.919913 -0.330729 -0.473316 -0.944273 0.279023 0.174624 -0.171295 0.25292 0.275512 0.927429 0.473639 
1535382873759 0.210661 0.919914 -0.330726 -0.473315 -0.944275 0.279019 0.174621 -0.171296 0.252916 0.27551 0.927431 0.473639 
1535382873978 0.210657 0.919917 -0.33072 -0.473315 -0.944278 0.279012 0.174617 -0.171296 0.252909 0.275508 0.927433 0.473639 
1535382874194 0.210652 0.919922 -0.330711 -0.473313 -0.944282 0.279003 0.174611 -0.171297 0.252898 0.275503 0.927438 0.473639 
1535382874417 0.210643 0.919928 -0.330701 -0.473312 -0.944289 0.278987 0.1746 -0.171301 0.252881 0.275499 0.927444 0.47364 
1535382874434 0.210641 0.919928 -0.3307 -0.473312 -0.944289 0.278985 0.1746 -0.171301 0.252879 0.275499 0.927444 0.47364 
1535382874640 0.210557 0.919949 -0.330697 -0.473311 -0.944316 0.278897 0.174598 -0.1713 0.252851 0.27552 0.927445 0.473639 
1535382874810 0.210558 0.919948 -0.330697 -0.473311 -0.944316 0.278898 0.174597 -0.1713 0.252851 0.275519 0.927446 0.473639 
1535382874990 0.210559 0.919949 -0.330696 -0.473311 -0.944316 0.278898 0.174595 -0.171301 0.252849 0.275519 0.927446 0.473639 
1535382875170 0.210559 0.919949 -0.330695 -0.473311 -0.944316 0.278898 0.174594 -0.171301 0.252847 0.275518 0.927447 0.473639 
1535382875332 0.210559 0.919949 -0.330694 -0.473311 -0.944317 0.278897 0.174592 -0.171301 0.252846 0.275518 0.927448 0.473639 
1535382875522 0.21056 0.919949 -0.330693 -0.473311 -0.944317 0.278897 0.174591 -0.171301 0.252844 0.275517 0.927448 0.473639 
1535382875711 0.21056 0.91995 -0.330691 -0.473311 -0.944317 0.278896 0.174589 -0.171302 0.252842 0.275516 0.927449 0.473639 
1535382875891 0.210561 0.91995 -0.33069 -0.47331 -0.944318 0.278896 0.174588 -0.171302 0.25284 0.275515 0.92745 0.473639 
1535382876087 0.210561 0.919951 -0.330688 -0.47331 -0.944318 0.278896 0.174586 -0.171302 0.252838 0.275514 0.927451 0.473638 
1535382876104 0.210561 0.919951 -0.330688 -0.47331 -0.944318 0.278896 0.174586 -0.171302 0.252838 0.275514 0.927451 0.473638 
1535382876291 0.21056 0.919951 -0.330688 -0.47331 -0.944319 0.278894 0.174586 -0.171302 0.252837 0.275514 0.927451 0.473638 
1535382876501 0.210559 0.919951 -0.330688 -0.47331 -0.944319 0.278894 0.174585 -0.171302 0.252837 0.275514 0.927451 0.473638 
1535382876709 0.21056 0.919951 -0.330687 -0.47331 -0.944319 0.278894 0.174585 -0.171302 0.252836 0.275514 0.927451 0.473638 
1535382876902 0.21056 0.919951 -0.330687 -0.47331 -0.944319 0.278894 0.174585 -0.171302 0.252836 0.275513 0.927452 0.473638 
1535382877102 0.21056 0.919951 -0.330687 -0.47331 -0.944319 0.278894 0.174584 -0.171302 0.252835 0.275513 0.927452 0.473638 
1535382877300 0.210561 0.919952 -0.330686 -0.47331 -0.944319 0.278894 0.174583 -0.171302 0.252834 0.275513 0.927452 0.473638 
1535382877493 0.210561 0.919952 -0.330685 -0.47331 -0.944319 0.278894 0.174582 -0.171303 0.252834 0.275512 0.927453 0.473638 
1535382877701 0.210562 0.919952 -0.330685 -0.47331 -0.94432 0.278894 0.174582 -0.171303 0.252833 0.275512 0.927453 0.473638 
1535382877936 0.210562 0.919952 -0.330684 -0.47331 -0.94432 0.278894 0.174581 -0.171303 0.252832 0.275511 0.927453 0.473638 
1535382877951 0.210562 0.919952 -0.330684 -0.473309 -0.94432 0.278894 0.174581 -0.171303 0.252832 0.275511 0.927453 0.473638 
1535382878218 0.210561 0.919952 -0.330684 -0.47331 -0.94432 0.278892 0.174581 -0.171302 0.252831 0.275511 0.927453 0.473638 
1535382878491 0.210561 0.919953 -0.330683 -0.47331 -0.94432 0.278892 0.174581 -0.171302 0.252831 0.275511 0.927454 0.473638 
1535382878777 0.210561 0.919952 -0.330683 -0.47331 -0.94432 0.278892 0.17458 -0.171302 0.252831 0.275511 0.927454 0.473638 
1535382879065 0.210561 0.919953 -0.330683 -0.47331 -0.94432 0.278893 0.17458 -0.171303 0.25283 0.275511 0.927454 0.473638 
1535382879388 0.210562 0.919953 -0.330683 -0.473309 -0.94432 0.278893 0.17458 -0.171303 0.25283 0.275511 0.927454 0.473638 
1535382879668 0.210562 0.919953 -0.330682 -0.473309 -0.94432 0.278893 0.174579 -0.171303 0.252829 0.27551 0.927454 0.473638 
1535382879932 0.210562 0.919953 -0.330682 -0.473309 -0.94432 0.278893 0.174578 -0.171303 0.252829 0.27551 0.927454 0.473638 
1535382880212 0.210563 0.919953 -0.330681 -0.473309 -0.944321 0.278893 0.174578 -0.171303 0.252828 0.27551 0.927455 0.473638 
1535382880496 0.210563 0.919953 -0.330681 -0.473309 -0.944321 0.278893 0.174577 -0.171303 0.252827 0.275509 0.927455 0.473638 
1535382880529 0.210564 0.919953 -0.330681 -0.473309 -0.94432 0.278894 0.174577 -0.171304 0.252828 0.275509 0.927455 0.473638 
1535382880742 0.210562 0.919953 -0.330681 -0.473309 -0.944321 0.278892 0.174577 -0.171303 0.252827 0.275509 0.927455 0.473638 
1535382880955 0.210562 0.919953 -0.330681 -0.473309 -0.944321 0.278892 0.174577 -0.171303 0.252827 0.275509 0.927455 0.473638 
1535382881166 0.210562 0.919953 -0.330681 -0.473309 -0.944321 0.278892 0.174577 -0.171303 0.252827 0.275509 0.927455 0.473637 
1535382881385 0.210562 0.919953 -0.33068 -0.473309 -0.944321 0.278892 0.174577 -0.171303 0.252827 0.275509 0.927455 0.473637 
1535382881611 0.210562 0.919953 -0.33068 -0.473309 -0.944321 0.278892 0.174577 -0.171303 0.252827 0.275509 0.927455 0.473637 
1535382881833 0.210563 0.919953 -0.33068 -0.473309 -0.944321 0.278892 0.174577 -0.171303 0.252826 0.275509 0.927455 0.473637 
1535382882072 0.210563 0.919953 -0.33068 -0.473309 -0.944321 0.278892 0.174576 -0.171303 0.252826 0.275509 0.927456 0.473637 
1535382882274 0.210564 0.919953 -0.33068 -0.473309 -0.944321 0.278893 0.174576 -0.171304 0.252826 0.275508 0.927456 0.473637 
1535382882549 0.210564 0.919953 -0.330679 -0.473309 -0.944321 0.278893 0.174575 -0.171304 0.252825 0.275508 0.927456 0.473637 
1535382882561 0.210564 0.919953 -0.330679 -0.473309 -0.944321 0.278893 0.174575 -0.171304 0.252825 0.275508 0.927456 0.473637 
1535382882716 0.210562 0.919954 -0.330679 -0.473309 -0.944321 0.278891 0.174576 -0.171303 0.252825 0.275508 0.927456 0.473637 
1535382882899 0.210562 0.919954 -0.330679 -0.473309 -0.944321 0.278891 0.174576 -0.171303 0.252825 0.275508 0.927456 0.473637 
1535382883105 0.210563 0.919954 -0.330679 -0.473309 -0.944321 0.278892 0.174576 -0.171303 0.252825 0.275508 0.927456 0.473637 
1535382883301 0.210562 0.919954 -0.330679 -0.473309 -0.944321 0.278891 0.174576 -0.171303 0.252825 0.275508 0.927456 0.473637 
1535382883490 0.210563 0.919954 -0.330679 -0.473309 -0.944321 0.278892 0.174575 -0.171303 0.252825 0.275508 0.927456 0.473637 
1535382883673 0.210562 0.919954 -0.330679 -0.473309 -0.944322 0.278891 0.174575 -0.171303 0.252825 0.275508 0.927456 0.473637 
1535382883850 0.210563 0.919954 -0.330678 -0.473309 -0.944322 0.278891 0.174575 -0.171303 0.252824 0.275507 0.927456 0.473637 
1535382884030 0.210563 0.919954 -0.330678 -0.473309 -0.944321 0.278892 0.174575 -0.171303 0.252825 0.275507 0.927457 0.473637 
1535382884207 0.210563 0.919954 -0.330678 -0.473309 -0.944321 0.278892 0.174575 -0.171303 0.252824 0.275507 0.927457 0.473637 
1535382884241 0.210564 0.919954 -0.330678 -0.473309 -0.944321 0.278892 0.174575 -0.171303 0.252824 0.275507 0.927457 0.473637 
1535382884473 0.210562 0.919954 -0.330678 -0.473309 -0.944322 0.27889 0.174575 -0.171303 0.252824 0.275508 0.927456 0.473637 
1535382884713 0.210562 0.919954 -0.330678 -0.473309 -0.944322 0.27889 0.174575 -0.171302 0.252824 0.275507 0.927457 0.473637 
1535382884956 0.210562 0.919954 -0.330678 -0.473309 -0.944322 0.278891 0.174575 -0.171303 0.252824 0.275507 0.927457 0.473637 
1535382885217 0.210563 0.919954 -0.330677 -0.473309 -0.944322 0.278891 0.174575 -0.171303 0.252824 0.275507 0.927457 0.473637 
1535382885452 0.210563 0.919954 -0.330677 -0.473309 -0.944322 0.278891 0.174575 -0.171303 0.252824 0.275507 0.927457 0.473637 
1535382885719 0.210563 0.919954 -0.330677 -0.473309 -0.944322 0.278891 0.174574 -0.171303 0.252823 0.275507 0.927457 0.473637 
1535382885969 0.210564 0.919954 -0.330677 -0.473309 -0.944322 0.278891 0.174574 -0.171304 0.252823 0.275506 0.927457 0.473637 
1535382886205 0.210564 0.919954 -0.330677 -0.473309 -0.944322 0.278892 0.174574 -0.171304 0.252823 0.275506 0.927457 0.473637 
1535382886491 0.210564 0.919954 -0.330676 -0.473309 -0.944322 0.278892 0.174573 -0.171304 0.252822 0.275506 0.927457 0.473637 
1535382886514 0.210565 0.919954 -0.330676 -0.473309 -0.944322 0.278892 0.174573 -0.171304 0.252822 0.275506 0.927457 0.473637 
1535382886733 0.210562 0.919955 -0.330676 -0.473309 -0.944322 0.27889 0.174574 -0.171303 0.252823 0.275506 0.927457 0.473637 
1535382886952 0.210561 0.919955 -0.330676 -0.473309 -0.944322 0.278889 0.174575 -0.171302 0.252823 0.275506 0.927457 0.473637 
1535382887170 0.210561 0.919955 -0.330676 -0.473308 -0.944322 0.278889 0.174575 -0.171302 0.252823 0.275506 0.927457 0.473637 
1535382887385 0.210561 0.919956 -0.330675 -0.473308 -0.944322 0.278888 0.174575 -0.171302 0.252823 0.275505 0.927458 0.473637 
1535382887589 0.21056 0.919956 -0.330675 -0.473308 -0.944323 0.278887 0.174575 -0.171302 0.252823 0.275505 0.927458 0.473637 
1535382887820 0.210559 0.919956 -0.330674 -0.473307 -0.944323 0.278887 0.174576 -0.171301 0.252823 0.275504 0.927458 0.473637 
1535382888042 0.21056 0.919956 -0.330673 -0.473307 -0.944323 0.278887 0.174576 -0.171301 0.252823 0.275503 0.927458 0.473638 
1535382888255 0.210559 0.919957 -0.330673 -0.473307 -0.944323 0.278887 0.174576 -0.171301 0.252823 0.275503 0.927458 0.473637 
