1535118406720 0.213561 0.919573 -0.329815 -0.493993 -0.94373 0.281454 0.173655 -0.210101 0.252516 0.27417 0.927936 0.439507 
1535118412699 0.213561 0.919573 -0.329814 -0.493992 -0.94373 0.281455 0.173656 -0.210101 0.252517 0.274169 0.927937 0.439507 
1535118413961 0.222627 0.920929 -0.319885 -0.52263 -0.942202 0.287518 0.172014 -0.218641 0.250386 0.263101 0.931711 0.426425 
1535118415758 0.237717 0.923357 -0.3015 -0.581009 -0.939809 0.297079 0.168829 -0.235183 0.245458 0.243219 0.9384 0.399767 
1535118417385 0.249534 0.924971 -0.286639 -0.624608 -0.937774 0.304636 0.166665 -0.24764 0.241481 0.227214 0.94343 0.379861 
1535118417416 0.249255 0.925182 -0.286201 -0.624732 -0.937781 0.304354 0.16714 -0.247549 0.241741 0.226733 0.943479 0.379966 
1535118417741 0.250088 0.924931 -0.286283 -0.625866 -0.937632 0.305095 0.166624 -0.248096 0.241459 0.226757 0.943546 0.379322 
1535118418301 0.251286 0.924985 -0.285059 -0.630298 -0.937389 0.305946 0.166431 -0.249388 0.241159 0.225389 0.94395 0.377226 
1535118418783 0.252189 0.925127 -0.283796 -0.63322 -0.937178 0.306552 0.166503 -0.250264 0.241035 0.223978 0.944318 0.375946 
1535118419256 0.252676 0.92542 -0.282404 -0.636214 -0.937094 0.306722 0.16666 -0.250952 0.240851 0.222528 0.944707 0.374786 
1535118419625 0.252862 0.925567 -0.281756 -0.637747 -0.937089 0.306742 0.166653 -0.251374 0.240675 0.221891 0.944902 0.37406 
1535118419848 0.252569 0.925789 -0.281289 -0.637923 -0.937127 0.306415 0.167038 -0.251229 0.240833 0.221415 0.944973 0.374108 
1535118420112 0.25231 0.925542 -0.282332 -0.638168 -0.937017 0.306522 0.167463 -0.251645 0.241535 0.222298 0.944587 0.37411 
1535118420275 0.251937 0.925467 -0.282909 -0.638512 -0.936886 0.306483 0.168265 -0.25177 0.242431 0.222662 0.944272 0.374062 
1535118420494 0.251332 0.925318 -0.283935 -0.639122 -0.936748 0.306368 0.169238 -0.252277 0.243587 0.223441 0.94379 0.374034 
1535118420661 0.250756 0.92533 -0.284404 -0.639494 -0.936611 0.306171 0.17035 -0.252363 0.244706 0.22366 0.943448 0.374097 
1535118420838 0.250204 0.925323 -0.284914 -0.639846 -0.93658 0.305901 0.171002 -0.252476 0.245388 0.224059 0.943177 0.374109 
1535118421060 0.249869 0.925108 -0.285902 -0.640418 -0.936342 0.306063 0.172012 -0.253082 0.246634 0.224722 0.942694 0.374102 
1535118421439 0.249367 0.925162 -0.286166 -0.640662 -0.936294 0.305799 0.172745 -0.253081 0.247326 0.224859 0.94248 0.374125 
1535118421567 0.249401 0.925157 -0.286151 -0.640619 -0.936292 0.305823 0.172711 -0.253119 0.247296 0.224847 0.94249 0.374122 
1535118421588 0.249256 0.925231 -0.286041 -0.640559 -0.936356 0.305641 0.172688 -0.253054 0.247202 0.224792 0.942528 0.374131 
1535118421745 0.249038 0.92524 -0.286201 -0.640351 -0.936504 0.305381 0.172346 -0.253174 0.246862 0.225108 0.942542 0.374199 
1535118421774 0.24869 0.925307 -0.286286 -0.640317 -0.936589 0.305072 0.172432 -0.253265 0.246891 0.22525 0.942501 0.374238 
1535118421961 0.246882 0.925784 -0.286309 -0.640184 -0.936899 0.303505 0.173507 -0.253251 0.247526 0.225406 0.942297 0.374506 
1535118421994 0.246413 0.92584 -0.286534 -0.640144 -0.936988 0.303132 0.173682 -0.253334 0.247659 0.225681 0.942196 0.374529 
1535118422114 0.245968 0.925965 -0.286512 -0.640052 -0.936999 0.3028 0.174198 -0.253427 0.248057 0.225614 0.942107 0.374753 
1535118422506 0.244937 0.926196 -0.286647 -0.63999 -0.937205 0.301901 0.174653 -0.253404 0.248302 0.225868 0.941982 0.374871 
1535118422749 0.244984 0.926438 -0.285824 -0.639959 -0.937377 0.301622 0.174206 -0.253569 0.247602 0.225247 0.942315 0.374683 
1535118422975 0.243441 0.927363 -0.284139 -0.639701 -0.937998 0.299636 0.174296 -0.253866 0.246774 0.224091 0.942808 0.374788 
1535118423192 0.241908 0.928172 -0.282802 -0.639489 -0.938512 0.297815 0.174648 -0.254145 0.246326 0.223164 0.943144 0.374879 
1535118423226 0.241708 0.928324 -0.282474 -0.639433 -0.938606 0.297524 0.174635 -0.254245 0.246161 0.222921 0.943245 0.37489 
1535118423396 0.241859 0.92832 -0.282358 -0.639397 -0.938554 0.297658 0.174688 -0.254304 0.246212 0.222759 0.94327 0.374866 
1535118423655 0.243782 0.927735 -0.282627 -0.63939 -0.93806 0.29954 0.174124 -0.254005 0.246199 0.222673 0.943294 0.374737 
1535118423840 0.245009 0.927509 -0.282307 -0.639254 -0.937795 0.300602 0.173721 -0.253881 0.24599 0.222183 0.943464 0.374707 
1535118423871 0.245409 0.927421 -0.282248 -0.63923 -0.937688 0.300974 0.173651 -0.253862 0.245997 0.222045 0.943494 0.374704 
1535118424068 0.245942 0.927257 -0.282324 -0.63903 -0.937573 0.301475 0.173405 -0.253885 0.245905 0.222052 0.943517 0.374707 
1535118424155 0.24617 0.927257 -0.282125 -0.638805 -0.937467 0.301697 0.173591 -0.253783 0.24608 0.22175 0.943542 0.374876 
1535118424289 0.246657 0.927092 -0.282244 -0.638667 -0.937251 0.302264 0.173775 -0.253607 0.246418 0.22167 0.943473 0.374991 
1535118424580 0.248502 0.926612 -0.282199 -0.637895 -0.936711 0.304063 0.173546 -0.253353 0.246617 0.221213 0.943528 0.375167 
1535118424655 0.248874 0.92649 -0.282275 -0.637819 -0.936623 0.304423 0.173391 -0.253372 0.246575 0.221233 0.943534 0.375137 
1535118424800 0.249231 0.926446 -0.282102 -0.637637 -0.93646 0.304792 0.173619 -0.25316 0.246831 0.220907 0.943544 0.375303 
1535118425067 0.249944 0.926165 -0.282393 -0.637419 -0.936249 0.305546 0.173432 -0.253182 0.246911 0.221042 0.943491 0.375236 
1535118425315 0.249801 0.926499 -0.281425 -0.636738 -0.936481 0.305056 0.173046 -0.252705 0.246177 0.220321 0.943851 0.375696 
1535118425507 0.250396 0.926367 -0.281329 -0.636344 -0.936438 0.305502 0.172491 -0.252681 0.245736 0.220256 0.943981 0.375805 
1535118425687 0.250828 0.926299 -0.281168 -0.63592 -0.936418 0.305798 0.172072 -0.25261 0.245371 0.220131 0.944106 0.375873 
1535118425910 0.251117 0.926283 -0.280962 -0.635556 -0.936411 0.305973 0.171798 -0.252433 0.245101 0.219955 0.944217 0.376066 
1535118426178 0.251561 0.92632 -0.280444 -0.634793 -0.936404 0.306201 0.171431 -0.252011 0.244672 0.219483 0.944438 0.376346 
1535118426374 0.252098 0.926159 -0.280492 -0.634423 -0.936401 0.306596 0.170741 -0.252082 0.244131 0.219609 0.944549 0.376436 
1535118426970 0.252318 0.926082 -0.28055 -0.634218 -0.936394 0.306769 0.170467 -0.25201 0.243931 0.219693 0.944581 0.376431 
1535118427126 0.252316 0.926102 -0.280486 -0.634188 -0.936389 0.30676 0.17051 -0.252008 0.243951 0.219621 0.944592 0.37645 
1535118427422 0.252294 0.926123 -0.280436 -0.633125 -0.93615 0.30695 0.171477 -0.251662 0.244889 0.219268 0.944432 0.376843 
1535118427636 0.252293 0.926083 -0.280567 -0.632798 -0.936087 0.30703 0.171678 -0.251438 0.24513 0.219322 0.944356 0.376896 
1535118427869 0.252439 0.926079 -0.28045 -0.632321 -0.936013 0.307179 0.171818 -0.251289 0.245265 0.219131 0.944366 0.377019 
1535118428085 0.252518 0.92607 -0.280409 -0.631777 -0.935918 0.307313 0.172096 -0.251079 0.245546 0.218982 0.944327 0.377204 
1535118428290 0.252418 0.926007 -0.280705 -0.631417 -0.935865 0.307344 0.172328 -0.250879 0.24585 0.219204 0.944197 0.377157 
1535118428570 0.25278 0.925933 -0.280626 -0.63037 -0.9356 0.307823 0.17291 -0.250667 0.246487 0.218846 0.944114 0.377477 
1535118428622 0.252696 0.925944 -0.280665 -0.630247 -0.935592 0.307777 0.173033 -0.250508 0.246601 0.218863 0.94408 0.377499 
1535118428639 0.252774 0.925888 -0.28078 -0.630244 -0.935562 0.307881 0.17301 -0.250528 0.246635 0.218954 0.94405 0.377466 
1535118428891 0.252574 0.926088 -0.2803 -0.62958 -0.935628 0.30759 0.173171 -0.250186 0.246589 0.218519 0.944163 0.377688 
1535118429137 0.252475 0.926116 -0.280294 -0.628858 -0.935693 0.307461 0.173051 -0.249948 0.246444 0.218578 0.944187 0.377825 
1535118429322 0.252416 0.926055 -0.280551 -0.628585 -0.935726 0.307437 0.172912 -0.249781 0.246378 0.218873 0.944136 0.37775 
1535118429580 0.252083 0.926229 -0.280276 -0.627884 -0.935794 0.307087 0.173169 -0.249349 0.246463 0.218628 0.944171 0.377942 
1535118429765 0.252327 0.926151 -0.280312 -0.62748 -0.935776 0.307284 0.172914 -0.249308 0.246279 0.218679 0.944207 0.377907 
1535118429982 0.252353 0.926094 -0.280478 -0.627285 -0.935754 0.307353 0.172911 -0.249263 0.246337 0.218824 0.944158 0.377919 
1535118430255 0.252268 0.926136 -0.280416 -0.627083 -0.93572 0.307311 0.173171 -0.249012 0.246555 0.218705 0.944129 0.378107 
1535118430525 0.252199 0.926053 -0.280753 -0.626421 -0.935757 0.307292 0.173006 -0.248677 0.246486 0.219085 0.944059 0.378284 
1535118430777 0.252331 0.925943 -0.280995 -0.625843 -0.93569 0.307492 0.173014 -0.248378 0.246604 0.219268 0.943985 0.378515 
1535118431014 0.252256 0.925953 -0.281031 -0.625217 -0.935684 0.30745 0.173121 -0.248018 0.246705 0.219285 0.943955 0.378818 
1535118431185 0.252624 0.925722 -0.28146 -0.624861 -0.935599 0.307869 0.172834 -0.248026 0.246649 0.219671 0.94388 0.378785 
1535118431282 0.252714 0.925662 -0.281576 -0.624658 -0.935527 0.308018 0.172955 -0.247942 0.246828 0.219714 0.943823 0.378912 
1535118431508 0.252401 0.925667 -0.281842 -0.624504 -0.93552 0.307851 0.17329 -0.247857 0.247174 0.219931 0.943682 0.378958 
1535118431677 0.25217 0.925598 -0.282275 -0.624177 -0.935326 0.307939 0.174182 -0.247834 0.248146 0.220095 0.943388 0.379117 
1535118431967 0.251602 0.925463 -0.28322 -0.623327 -0.935007 0.307993 0.175788 -0.247454 0.249915 0.220585 0.942807 0.379547 
1535118432206 0.250972 0.925503 -0.28365 -0.622749 -0.934889 0.307727 0.17688 -0.247188 0.250989 0.22079 0.942473 0.379883 
1535118432366 0.251018 0.925247 -0.284444 -0.622424 -0.934657 0.308117 0.177427 -0.247274 0.251806 0.221321 0.942131 0.379923 
1535118432788 0.250875 0.925234 -0.284614 -0.622233 -0.93455 0.30814 0.177949 -0.24712 0.252345 0.221343 0.941982 0.380038 
1535118433030 0.251188 0.925255 -0.284267 -0.622086 -0.934598 0.308257 0.177496 -0.247042 0.251856 0.221091 0.942172 0.380073 
1535118433276 0.251433 0.925306 -0.283885 -0.621619 -0.934575 0.30838 0.177402 -0.246764 0.251696 0.220707 0.942304 0.380192 
1535118433312 0.251476 0.925298 -0.283873 -0.621496 -0.934545 0.308434 0.177465 -0.246718 0.251764 0.220664 0.942296 0.380265 
1535118433514 0.251855 0.925331 -0.283428 -0.621069 -0.934455 0.3087 0.17748 -0.246432 0.251721 0.220151 0.942428 0.380429 
1535118433565 0.252052 0.925267 -0.283463 -0.62089 -0.934404 0.308892 0.177409 -0.246434 0.25171 0.220153 0.94243 0.380455 
1535118434031 0.252573 0.92512 -0.283477 -0.620672 -0.934283 0.309375 0.177209 -0.246525 0.25164 0.22009 0.942464 0.380478 
1535118434205 0.251962 0.925356 -0.283252 -0.620735 -0.934412 0.30878 0.177565 -0.246405 0.251774 0.219934 0.942464 0.380571 
1535118434390 0.252035 0.92517 -0.283794 -0.620424 -0.934201 0.309121 0.178079 -0.246256 0.25248 0.220238 0.942204 0.380653 
1535118434575 0.252251 0.925023 -0.284083 -0.620051 -0.933962 0.30954 0.178607 -0.246218 0.25315 0.220269 0.942017 0.380747 
1535118434621 0.252053 0.925034 -0.28422 -0.619924 -0.933936 0.309447 0.178903 -0.246071 0.253443 0.22035 0.94192 0.3808 
1535118434753 0.252286 0.924896 -0.284462 -0.619682 -0.933771 0.309804 0.179144 -0.246181 0.253817 0.220427 0.941801 0.380816 
1535118434821 0.252218 0.924904 -0.284496 -0.619499 -0.933735 0.309794 0.179352 -0.2461 0.254019 0.220408 0.941751 0.380889 
1535118435198 0.252089 0.924819 -0.284889 -0.619328 -0.933638 0.309861 0.179738 -0.24597 0.254501 0.220674 0.941559 0.380897 
1535118435455 0.252493 0.924808 -0.284566 -0.619053 -0.933586 0.310135 0.179539 -0.245846 0.254292 0.220335 0.941694 0.380991 
1535118435689 0.252529 0.924786 -0.284606 -0.618403 -0.933555 0.310195 0.179596 -0.245494 0.254371 0.220342 0.941671 0.38114 
1535118435792 0.252987 0.924553 -0.284955 -0.618152 -0.933383 0.310741 0.179545 -0.245525 0.254546 0.22055 0.941575 0.381103 
1535118435986 0.25294 0.924574 -0.284929 -0.617743 -0.933331 0.310747 0.179806 -0.245178 0.254785 0.220453 0.941533 0.381226 
1535118436268 0.253171 0.924425 -0.285207 -0.617558 -0.933232 0.311053 0.17979 -0.245059 0.254917 0.220647 0.941452 0.381166 
1535118436285 0.253195 0.924417 -0.285212 -0.617552 -0.933225 0.311077 0.179786 -0.245075 0.25492 0.220646 0.941452 0.381168 
1535118436572 0.252985 0.924303 -0.285768 -0.616836 -0.933228 0.311032 0.179848 -0.244701 0.255117 0.221188 0.941271 0.381592 
1535118436883 0.253334 0.923883 -0.286813 -0.615662 -0.933044 0.311645 0.17974 -0.244328 0.255443 0.222075 0.940974 0.382046 
1535118437154 0.253936 0.923393 -0.287858 -0.614883 -0.932791 0.312499 0.179569 -0.24417 0.255768 0.222913 0.940687 0.38233 
1535118437337 0.253887 0.923201 -0.288516 -0.614562 -0.932817 0.31257 0.179313 -0.243963 0.255724 0.223607 0.940534 0.382358 
1535118437364 0.253816 0.923229 -0.28849 -0.614453 -0.932836 0.312497 0.179338 -0.243912 0.255722 0.223595 0.940538 0.382401 
1535118437562 0.254033 0.923164 -0.288507 -0.614218 -0.932759 0.312723 0.179346 -0.243816 0.255789 0.223548 0.940531 0.382478 
1535118437790 0.254197 0.923288 -0.287964 -0.613565 -0.9327 0.312786 0.179543 -0.243499 0.255842 0.222945 0.94066 0.382568 
1535118438067 0.254787 0.923249 -0.287567 -0.612583 -0.932525 0.313283 0.179585 -0.243245 0.255892 0.222408 0.940773 0.38276 
1535118438292 0.254944 0.923326 -0.287179 -0.611978 -0.93247 0.313368 0.179723 -0.242951 0.255936 0.221967 0.940865 0.382913 
1535118438350 0.255079 0.923279 -0.287211 -0.611737 -0.932439 0.313497 0.17966 -0.242937 0.255916 0.221979 0.940868 0.382913 
1535118438366 0.255133 0.923252 -0.287249 -0.611699 -0.932433 0.313549 0.1796 -0.24298 0.255883 0.222019 0.940867 0.382893 
1535118438547 0.254963 0.9234 -0.286927 -0.611536 -0.932459 0.313342 0.179827 -0.24274 0.255959 0.221698 0.940922 0.383 
1535118438832 0.255523 0.923311 -0.286712 -0.610455 -0.931971 0.314122 0.18099 -0.242393 0.257172 0.22096 0.940765 0.383298 
1535118439073 0.255853 0.923362 -0.286253 -0.609707 -0.931723 0.314481 0.181641 -0.242134 0.257742 0.220235 0.940779 0.383549 
1535118439318 0.255989 0.923389 -0.286045 -0.609017 -0.931514 0.314716 0.182307 -0.24182 0.258363 0.219786 0.940714 0.38367 
1535118439392 0.256239 0.923316 -0.286059 -0.608741 -0.9314 0.314995 0.182406 -0.241838 0.258525 0.219696 0.94069 0.383713 
1535118439637 0.255891 0.923494 -0.285794 -0.608676 -0.931534 0.314579 0.182442 -0.241644 0.258389 0.219541 0.940764 0.38369 
1535118439942 0.255887 0.92397 -0.284254 -0.607457 -0.931553 0.314256 0.1829 -0.241091 0.258323 0.217996 0.941141 0.384102 
1535118440249 0.256031 0.924293 -0.283073 -0.606375 -0.931566 0.314114 0.183074 -0.240724 0.258131 0.216828 0.941464 0.384344 
1535118440469 0.256311 0.924272 -0.282888 -0.606586 -0.931605 0.314247 0.182651 -0.240792 0.257716 0.216724 0.941601 0.384045 
1535118440645 0.255917 0.924696 -0.281859 -0.606727 -0.931882 0.313527 0.182477 -0.240546 0.257106 0.21596 0.941944 0.384048 
1535118440713 0.256285 0.92483 -0.281081 -0.606393 -0.931891 0.313632 0.182249 -0.240468 0.256705 0.21523 0.94222 0.384012 
1535118440808 0.256376 0.924847 -0.280944 -0.606342 -0.931926 0.313641 0.182053 -0.240375 0.256486 0.215145 0.942299 0.383868 
1535118441020 0.256584 0.925066 -0.280033 -0.606162 -0.932005 0.313546 0.181811 -0.240267 0.25599 0.214342 0.942617 0.383981 
1535118441205 0.25712 0.925397 -0.27844 -0.606066 -0.932319 0.31336 0.18052 -0.240106 0.254305 0.21318 0.943336 0.383758 
1535118441293 0.257417 0.925693 -0.27718 -0.605856 -0.932488 0.313187 0.179943 -0.239993 0.253382 0.212147 0.943818 0.383819 
1535118441404 0.257595 0.925926 -0.276235 -0.605776 -0.932696 0.312959 0.179261 -0.239773 0.252432 0.211467 0.944224 0.383724 
1535118441490 0.257863 0.926073 -0.27549 -0.605684 -0.932861 0.312871 0.178559 -0.239634 0.251551 0.21095 0.944575 0.383544 
1535118441665 0.258401 0.926565 -0.273322 -0.605349 -0.933186 0.312571 0.177376 -0.239441 0.249783 0.209227 0.945427 0.383563 
1535118442061 0.258683 0.926834 -0.272144 -0.605238 -0.933402 0.31237 0.176594 -0.239166 0.248683 0.208338 0.945913 0.383466 
1535118442077 0.258683 0.926834 -0.272142 -0.605238 -0.933402 0.312369 0.176595 -0.239165 0.248683 0.208336 0.945914 0.383466 
1535118442278 0.258972 0.926906 -0.271624 -0.605239 -0.933406 0.312476 0.176383 -0.239341 0.248366 0.207857 0.946102 0.383448 
1535118442347 0.259464 0.927059 -0.270629 -0.605241 -0.933459 0.3126 0.175887 -0.239256 0.247656 0.206984 0.94648 0.383453 
1535118442555 0.260452 0.92755 -0.267985 -0.60508 -0.933715 0.312604 0.174514 -0.239059 0.245644 0.204769 0.947486 0.383212 
1535118442668 0.260848 0.927694 -0.267101 -0.605137 -0.933892 0.312577 0.173611 -0.238865 0.244548 0.204157 0.947901 0.383018 
1535118442768 0.261352 0.927798 -0.266246 -0.60506 -0.933869 0.312802 0.173331 -0.238917 0.244098 0.203338 0.948193 0.383016 
1535118442827 0.261426 0.927911 -0.265779 -0.605053 -0.933984 0.312673 0.172943 -0.238851 0.243578 0.203021 0.948395 0.382923 
1535118444354 0.250103 0.926965 -0.279613 -0.575904 -0.93631 0.305085 0.173918 -0.223815 0.246522 0.218307 0.944229 0.403235 
1535118446716 0.213162 0.919802 -0.329434 -0.473146 -0.94391 0.280911 0.17356 -0.17203 0.252182 0.273959 0.92809 0.47365 
