1535164551234 0.232408 0.92433 -0.302655 -0.602438 -0.938398 0.294914 0.180096 -0.232822 0.255725 0.242155 0.93593 0.389484 
1535164559459 0.232408 0.92433 -0.302655 -0.602438 -0.938398 0.294914 0.180096 -0.232822 0.255725 0.242155 0.93593 0.389484 
1535164560192 0.231344 0.921747 -0.311228 -0.602259 -0.937328 0.296861 0.182456 -0.233382 0.26057 0.249513 0.932656 0.389714 
1535164560519 0.231374 0.922105 -0.310143 -0.602285 -0.938376 0.295658 0.178988 -0.233185 0.256742 0.249617 0.933689 0.389726 
1535164560856 0.231167 0.922372 -0.309504 -0.602272 -0.93904 0.29474 0.177009 -0.233027 0.254491 0.249718 0.934278 0.389732 
1535164560899 0.231167 0.922372 -0.309504 -0.602272 -0.93904 0.29474 0.177009 -0.233027 0.254491 0.249718 0.934278 0.389732 
1535164561212 0.230323 0.92285 -0.308705 -0.602205 -0.939341 0.293697 0.177148 -0.233022 0.254146 0.249178 0.934516 0.389768 
1535164561603 0.230877 0.923689 -0.30577 -0.602302 -0.939511 0.293359 0.176802 -0.233105 0.253011 0.246454 0.935546 0.389503 
1535164561781 0.230766 0.923981 -0.30497 -0.602361 -0.939761 0.292884 0.176264 -0.232992 0.252185 0.245923 0.935908 0.389336 
1535164562240 0.23136 0.923765 -0.305172 -0.602333 -0.940085 0.293026 0.17429 -0.232962 0.250427 0.246564 0.936212 0.389506 
1535164562260 0.231576 0.923891 -0.304628 -0.602387 -0.940587 0.292579 0.17232 -0.232675 0.248333 0.246624 0.936754 0.389409 
1535164562465 0.231817 0.92354 -0.305509 -0.602346 -0.940364 0.293133 0.172591 -0.232881 0.248949 0.247281 0.936417 0.389619 
1535164562820 0.232004 0.923494 -0.305504 -0.60234 -0.9404 0.293229 0.172236 -0.232853 0.248642 0.247337 0.936484 0.389662 
1535164562839 0.232004 0.923494 -0.305504 -0.60234 -0.9404 0.293229 0.172236 -0.232853 0.248642 0.247337 0.936484 0.389662 
1535164563121 0.231678 0.923293 -0.306358 -0.602351 -0.940269 0.293289 0.172844 -0.232853 0.249437 0.248015 0.936093 0.389646 
1535164563357 0.2313 0.923398 -0.306329 -0.602317 -0.940081 0.293205 0.174009 -0.232872 0.250497 0.247725 0.935887 0.389633 
1535164563669 0.231474 0.923257 -0.306622 -0.602295 -0.94009 0.293374 0.173675 -0.232884 0.250302 0.248051 0.935853 0.389711 
1535164563935 0.231465 0.923441 -0.306072 -0.602275 -0.940225 0.29313 0.173356 -0.23288 0.249803 0.24765 0.936092 0.389668 
1535164564664 0.231576 0.923635 -0.305402 -0.60236 -0.940275 0.293032 0.173246 -0.23281 0.249509 0.247042 0.936331 0.389565 
1535164564688 0.231576 0.923635 -0.305402 -0.60236 -0.940275 0.293032 0.173246 -0.23281 0.249509 0.247042 0.936331 0.389565 
1535164564883 0.231445 0.924003 -0.304388 -0.60236 -0.940509 0.29252 0.172847 -0.232739 0.24875 0.246275 0.936735 0.389485 
1535164565276 0.231312 0.924094 -0.304211 -0.602443 -0.939887 0.293003 0.17539 -0.23282 0.251212 0.245354 0.936319 0.389442 
1535164565303 0.231312 0.924094 -0.304211 -0.602443 -0.939887 0.293003 0.17539 -0.23282 0.251212 0.245354 0.936319 0.389442 
1535164565596 0.230798 0.923781 -0.305549 -0.602391 -0.939709 0.293068 0.176234 -0.232825 0.252349 0.246453 0.935725 0.389477 
1535164566247 0.2288 0.922779 -0.310048 -0.602133 -0.938916 0.293295 0.180044 -0.232963 0.257076 0.249915 0.933517 0.389931 
1535164566271 0.228463 0.92252 -0.311067 -0.602089 -0.93872 0.293445 0.180818 -0.233008 0.25809 0.250694 0.933029 0.390024 
1535164566533 0.228858 0.922784 -0.30999 -0.602176 -0.939059 0.293185 0.179475 -0.232835 0.256501 0.250025 0.933646 0.38988 
1535164566741 0.229159 0.922872 -0.309505 -0.60213 -0.939203 0.293164 0.178755 -0.232791 0.255704 0.249725 0.933945 0.389874 
1535164566976 0.229481 0.922964 -0.308993 -0.602196 -0.939293 0.293204 0.178215 -0.232642 0.255084 0.249338 0.934218 0.389866 
1535164567325 0.230333 0.922704 -0.309135 -0.602192 -0.939438 0.293691 0.176641 -0.232596 0.253777 0.249727 0.93447 0.389883 
1535164567577 0.230402 0.922734 -0.308994 -0.60224 -0.939289 0.293859 0.177153 -0.232567 0.254266 0.249419 0.934419 0.38992 
1535164567775 0.230529 0.92283 -0.308612 -0.60221 -0.939151 0.29401 0.177633 -0.232582 0.25466 0.248884 0.934454 0.389969 
1535164568003 0.230518 0.923003 -0.308103 -0.602228 -0.939001 0.29405 0.178357 -0.232765 0.255221 0.248194 0.934485 0.389867 
1535164568597 0.230245 0.923284 -0.307462 -0.602206 -0.938674 0.294049 0.180071 -0.232807 0.256666 0.247146 0.934367 0.389986 
1535164568618 0.230245 0.923284 -0.307462 -0.602206 -0.938674 0.294049 0.180071 -0.232807 0.256666 0.247146 0.934367 0.389986 
1535164568774 0.229984 0.923454 -0.307148 -0.602208 -0.938481 0.293987 0.181175 -0.232835 0.257604 0.246585 0.934257 0.389864 
1535164568995 0.229486 0.922868 -0.309275 -0.602137 -0.938109 0.294408 0.182417 -0.232887 0.2594 0.248271 0.933313 0.390174 
1535164569277 0.229285 0.922602 -0.310216 -0.602052 -0.937875 0.294675 0.183187 -0.23309 0.260422 0.248941 0.93285 0.390184 
1535164569301 0.229285 0.922602 -0.310216 -0.602052 -0.937875 0.294675 0.183187 -0.23309 0.260422 0.248941 0.93285 0.390184 
1535164569318 0.229285 0.922602 -0.310216 -0.602052 -0.937875 0.294675 0.183187 -0.23309 0.260422 0.248941 0.93285 0.390184 
1535164569453 0.229074 0.922503 -0.310666 -0.602003 -0.937712 0.29477 0.183868 -0.233119 0.261194 0.249196 0.932566 0.390205 
1535164569670 0.229603 0.922661 -0.309805 -0.602092 -0.93825 0.29446 0.181606 -0.232904 0.258786 0.248977 0.933295 0.390164 
1535164569694 0.229965 0.922692 -0.309442 -0.602099 -0.938617 0.294291 0.179973 -0.232831 0.257126 0.24906 0.933732 0.390151 
1535164569707 0.229965 0.922692 -0.309442 -0.602099 -0.938617 0.294291 0.179973 -0.232831 0.257126 0.24906 0.933732 0.390151 
1535164569858 0.230085 0.922801 -0.30903 -0.602102 -0.938493 0.294416 0.180416 -0.232856 0.257471 0.248512 0.933783 0.39014 
1535164570046 0.230243 0.922888 -0.308653 -0.602105 -0.938507 0.294441 0.180302 -0.232947 0.257278 0.24816 0.93393 0.390141 
1535164577016 0.230243 0.922888 -0.308653 -0.602105 -0.938507 0.294441 0.180302 -0.232947 0.257278 0.24816 0.93393 0.390141 
1535164577668 0.227229 0.922435 -0.312219 -0.602206 -0.938732 0.292785 0.18182 -0.233117 0.25913 0.251775 0.932449 0.390696 
1535164577712 0.227229 0.922435 -0.312219 -0.602206 -0.938732 0.292785 0.18182 -0.233117 0.25913 0.251775 0.932449 0.390696 
1535164578265 0.227104 0.922384 -0.31246 -0.602292 -0.93914 0.292346 0.180417 -0.233176 0.25776 0.25247 0.932641 0.390831 
1535164578309 0.227104 0.922384 -0.31246 -0.602292 -0.93914 0.292346 0.180417 -0.233176 0.25776 0.25247 0.932641 0.390831 
1535164578813 0.227109 0.922387 -0.312449 -0.60228 -0.939137 0.29235 0.180426 -0.233223 0.257768 0.252456 0.932642 0.390758 
1535164579194 0.227919 0.922548 -0.311381 -0.602266 -0.939075 0.292775 0.180056 -0.233278 0.257275 0.251372 0.933071 0.390567 
1535164579548 0.227466 0.922877 -0.310736 -0.602292 -0.939194 0.292213 0.180353 -0.233282 0.257245 0.250817 0.933229 0.39063 
1535164580017 0.227089 0.922654 -0.311672 -0.602246 -0.939238 0.292086 0.180329 -0.233255 0.257416 0.251784 0.932921 0.390781 
1535164580253 0.226887 0.922568 -0.312076 -0.602222 -0.939326 0.291934 0.180111 -0.233282 0.257271 0.252276 0.932828 0.39093 
1535164580454 0.22687 0.922511 -0.312255 -0.602314 -0.939527 0.291761 0.179347 -0.233121 0.256553 0.252683 0.932916 0.390844 
1535164580499 0.227011 0.922598 -0.311896 -0.602286 -0.939448 0.291867 0.179584 -0.233197 0.256716 0.252243 0.93299 0.390869 
1535164580669 0.226965 0.922531 -0.312128 -0.602368 -0.939481 0.291848 0.179445 -0.233182 0.256637 0.25251 0.932939 0.390717 
1535164580728 0.226742 0.922843 -0.311366 -0.602467 -0.939459 0.291563 0.18002 -0.233056 0.256913 0.251698 0.933083 0.390721 
1535164580883 0.226762 0.922774 -0.311555 -0.602415 -0.939551 0.291524 0.179606 -0.233129 0.256561 0.251994 0.9331 0.390639 
1535164581106 0.227439 0.922436 -0.312062 -0.602369 -0.93958 0.292072 0.178556 -0.233171 0.255852 0.252597 0.933132 0.390718 
1535164581160 0.227666 0.922444 -0.311872 -0.602445 -0.939781 0.291997 0.17762 -0.233008 0.25491 0.252653 0.933374 0.390593 
1535164581500 0.22764 0.92247 -0.311816 -0.602392 -0.939721 0.292028 0.177888 -0.233091 0.255156 0.252525 0.933342 0.390653 
1535164581521 0.22764 0.92247 -0.311816 -0.602392 -0.939721 0.292028 0.177888 -0.233091 0.255156 0.252525 0.933342 0.390653 
1535164581782 0.227313 0.922454 -0.312102 -0.60236 -0.939624 0.291948 0.17853 -0.233175 0.255803 0.252676 0.933124 0.390725 
1535164582096 0.227384 0.922416 -0.31216 -0.602355 -0.939605 0.292028 0.178499 -0.233097 0.25581 0.25272 0.93311 0.390847 
1535164582475 0.227343 0.922343 -0.312407 -0.602315 -0.93957 0.292081 0.178596 -0.233089 0.255975 0.252925 0.933009 0.390777 
1535164582887 0.2273 0.922388 -0.312306 -0.602308 -0.939574 0.292027 0.178662 -0.23309 0.255998 0.252825 0.93303 0.390822 
1535164583252 0.227528 0.92249 -0.311837 -0.602342 -0.93956 0.292112 0.178599 -0.232991 0.255847 0.252353 0.933199 0.390743 
1535164583496 0.227881 0.922493 -0.311571 -0.602367 -0.939454 0.292414 0.178664 -0.232999 0.255924 0.251992 0.933275 0.390718 
1535164583750 0.228195 0.922606 -0.311005 -0.602424 -0.939314 0.292664 0.178988 -0.232908 0.256156 0.251287 0.933402 0.390719 
1535164584063 0.227802 0.922552 -0.311454 -0.602419 -0.939268 0.292518 0.179467 -0.232831 0.256673 0.251656 0.93316 0.390716 
1535164584204 0.227527 0.922366 -0.312206 -0.602318 -0.939005 0.292727 0.180498 -0.23294 0.257877 0.252095 0.93271 0.390858 
1535164584680 0.227539 0.922425 -0.312023 -0.60237 -0.93926 0.29245 0.17962 -0.232822 0.256937 0.252201 0.932941 0.390773 
1535164584704 0.227539 0.922425 -0.312023 -0.60237 -0.93926 0.29245 0.17962 -0.232822 0.256937 0.252201 0.932941 0.390773 
1535164584741 0.227539 0.922425 -0.312023 -0.60237 -0.93926 0.29245 0.17962 -0.232822 0.256937 0.252201 0.932941 0.390773 
1535164584977 0.227505 0.922472 -0.311908 -0.602376 -0.93925 0.292415 0.179732 -0.232811 0.257005 0.252069 0.932958 0.390802 
1535164585015 0.227425 0.922512 -0.311849 -0.602402 -0.939063 0.292529 0.180519 -0.23277 0.257756 0.251792 0.932825 0.390692 
1535164585230 0.227523 0.922522 -0.311748 -0.602401 -0.939062 0.29258 0.180444 -0.232815 0.257675 0.251695 0.932873 0.390783 
1535164585270 0.227709 0.922779 -0.310849 -0.602368 -0.939004 0.292592 0.180726 -0.232981 0.257722 0.250736 0.933119 0.390791 
1535164585451 0.227527 0.922738 -0.311103 -0.60236 -0.93911 0.292409 0.180469 -0.232918 0.257495 0.251099 0.933084 0.390763 
1535164585754 0.227527 0.922738 -0.311103 -0.60236 -0.93911 0.292409 0.180469 -0.232918 0.257495 0.251099 0.933084 0.390763 
1535164598835 0.227377 0.922585 -0.311666 -0.602345 -0.938902 0.292616 0.181217 -0.232891 0.258387 0.25142 0.932751 0.39095 
1535164599620 0.228742 0.923554 -0.307775 -0.602384 -0.938448 0.293257 0.182523 -0.232984 0.258827 0.247081 0.933788 0.390361 
1535164599664 0.228742 0.923554 -0.307775 -0.602384 -0.938448 0.293257 0.182523 -0.232984 0.258827 0.247081 0.933788 0.390361 
1535164600065 0.229244 0.923842 -0.306535 -0.602309 -0.938192 0.293614 0.183267 -0.233055 0.259312 0.245576 0.93405 0.390316 
1535164600469 0.22932 0.924045 -0.305863 -0.602359 -0.938094 0.293627 0.183746 -0.233038 0.2596 0.244792 0.934176 0.390297 
1535164600832 0.229113 0.923947 -0.306317 -0.602376 -0.9382 0.293469 0.183458 -0.232899 0.259399 0.245354 0.934084 0.390337 
1535164600874 0.229113 0.923947 -0.306317 -0.602376 -0.9382 0.293469 0.183458 -0.232899 0.259399 0.245354 0.934084 0.390337 
1535164601187 0.22926 0.923974 -0.306124 -0.60239 -0.938322 0.29342 0.182909 -0.23293 0.258826 0.245309 0.934255 0.39032 
1535164601239 0.22926 0.923974 -0.306124 -0.60239 -0.938322 0.29342 0.182909 -0.23293 0.258826 0.245309 0.934255 0.39032 
1535164601500 0.229781 0.924339 -0.304628 -0.602442 -0.938616 0.293219 0.18172 -0.232927 0.257293 0.244173 0.934976 0.390195 
1535164602223 0.229965 0.924395 -0.30432 -0.602556 -0.938697 0.293213 0.181313 -0.232785 0.256835 0.243968 0.935155 0.390118 
1535164602241 0.229965 0.924395 -0.30432 -0.602556 -0.938697 0.293213 0.181313 -0.232785 0.256835 0.243968 0.935155 0.390118 
1535164602378 0.230378 0.924531 -0.303592 -0.602576 -0.938775 0.293291 0.180781 -0.232795 0.256178 0.243357 0.935495 0.39011 
1535164602597 0.229786 0.924434 -0.304335 -0.602553 -0.938721 0.293065 0.181427 -0.232732 0.256908 0.243996 0.935128 0.390102 
1535164602628 0.229903 0.924479 -0.30411 -0.602459 -0.938841 0.29299 0.180925 -0.232934 0.256362 0.243916 0.935299 0.389949 
1535164602641 0.229925 0.924465 -0.304137 -0.602454 -0.938839 0.293013 0.180898 -0.232954 0.25635 0.243943 0.935295 0.389937 
1535164602816 0.2296 0.924539 -0.304157 -0.602514 -0.938726 0.292893 0.181681 -0.232798 0.257056 0.243806 0.935137 0.390058 
1535164603008 0.228962 0.924787 -0.303883 -0.60255 -0.938657 0.292447 0.182749 -0.232807 0.257873 0.2434 0.935018 0.390038 
1535164603359 0.228997 0.92459 -0.304456 -0.602512 -0.938645 0.292597 0.182572 -0.232791 0.257887 0.243967 0.934866 0.39006 
1535164603710 0.22891 0.924389 -0.305131 -0.602488 -0.9387 0.292616 0.18226 -0.232784 0.257765 0.244705 0.934707 0.390016 
1535164604118 0.22874 0.924478 -0.30499 -0.602499 -0.938586 0.292574 0.182912 -0.232805 0.25833 0.24442 0.934625 0.390083 
1535164604157 0.22874 0.924478 -0.30499 -0.602499 -0.938586 0.292574 0.182912 -0.232805 0.25833 0.24442 0.934625 0.390083 
1535164604469 0.228627 0.924512 -0.304969 -0.602542 -0.938527 0.292545 0.18326 -0.232734 0.258643 0.244324 0.934564 0.390037 
1535164604790 0.228441 0.924581 -0.304902 -0.602538 -0.938459 0.292462 0.183738 -0.232743 0.259053 0.244164 0.934492 0.390075 
1535164605119 0.228534 0.924318 -0.305629 -0.60247 -0.938267 0.292855 0.184095 -0.2327 0.259667 0.244689 0.934184 0.390216 
1535164605449 0.228949 0.924157 -0.305803 -0.602458 -0.938612 0.29286 0.182321 -0.232597 0.258051 0.245288 0.934475 0.390186 
1535164605925 0.229611 0.923998 -0.305789 -0.602402 -0.938566 0.293373 0.181732 -0.232604 0.25763 0.245276 0.934594 0.390198 
1535164606220 0.229712 0.92401 -0.305675 -0.602438 -0.938408 0.293573 0.182224 -0.23257 0.258115 0.244989 0.934536 0.390119 
1535164606481 0.229895 0.923953 -0.305711 -0.602413 -0.938327 0.293788 0.182293 -0.232723 0.258245 0.244949 0.93451 0.390226 
1535164606759 0.230342 0.923816 -0.305787 -0.602366 -0.938233 0.294211 0.182096 -0.232741 0.258189 0.244956 0.934524 0.39028 
1535164607095 0.230677 0.923688 -0.305922 -0.602354 -0.938103 0.2946 0.182136 -0.232754 0.258361 0.244971 0.934472 0.390379 
1535164607346 0.230346 0.923755 -0.305969 -0.602325 -0.937737 0.294718 0.183822 -0.232867 0.259981 0.244575 0.934127 0.390369 
1535164607653 0.230064 0.923824 -0.305975 -0.602339 -0.937522 0.29472 0.184915 -0.232876 0.261006 0.244316 0.933909 0.390439 
1535164608180 0.230064 0.923824 -0.305975 -0.602339 -0.937522 0.29472 0.184915 -0.232876 0.261006 0.244316 0.933909 0.390439 
