1530572910594 -0.0169488 -0.154334 0.987873 0.38667 -0.995052 0.0993479 -0.00155098 -0.491227 -0.0979038 -0.983011 -0.155254 0.441485 
1530572915745 -0.0169492 -0.154334 0.987873 0.38667 -0.995051 0.0993485 -0.00155135 -0.491227 -0.0979043 -0.983011 -0.155254 0.441485 
1530572915759 -0.0169492 -0.154333 0.987873 0.38667 -0.995051 0.0993485 -0.0015513 -0.491227 -0.0979043 -0.983011 -0.155254 0.441485 
1530572915775 -0.0169496 -0.154334 0.987873 0.38667 -0.995051 0.099349 -0.00155165 -0.491227 -0.0979047 -0.983011 -0.155254 0.441485 
1530572915796 -0.0169502 -0.154335 0.987873 0.38667 -0.995051 0.0993504 -0.00155197 -0.491227 -0.097906 -0.983011 -0.155255 0.441484 
1530572915813 -0.0169509 -0.154336 0.987873 0.386669 -0.995051 0.0993512 -0.00155237 -0.491226 -0.0979068 -0.983011 -0.155256 0.441484 
1530572915829 -0.016951 -0.154337 0.987873 0.386669 -0.995051 0.0993519 -0.00155225 -0.491226 -0.0979075 -0.98301 -0.155257 0.441483 
1530572915849 -0.0169519 -0.154339 0.987872 0.386669 -0.995051 0.0993518 -0.00155302 -0.491226 -0.0979072 -0.98301 -0.15526 0.441483 
1530572915866 -0.0169495 -0.154349 0.987871 0.386667 -0.995052 0.0993475 -0.00155024 -0.491226 -0.0979033 -0.983009 -0.15527 0.441482 
1530572915886 -0.0169166 -0.154408 0.987862 0.386665 -0.995054 0.0993223 -0.00151513 -0.491222 -0.0978828 -0.983002 -0.155325 0.441477 
1530572915902 -0.0168444 -0.154495 0.98785 0.38666 -0.995062 0.0992473 -0.00144562 -0.49121 -0.0978181 -0.982996 -0.155403 0.441491 
1530572915919 -0.0167742 -0.154574 0.987839 0.386649 -0.995071 0.0991514 -0.00138214 -0.491198 -0.097732 -0.982993 -0.155475 0.441519 
1530572915936 -0.0167514 -0.154649 0.987827 0.386627 -0.995082 0.0990426 -0.00136885 -0.491199 -0.0976253 -0.982993 -0.155548 0.441555 
1530572915952 -0.0167925 -0.1547 0.987819 0.386609 -0.995089 0.0989784 -0.00141534 -0.491206 -0.0975537 -0.982991 -0.155602 0.441578 
1530572915969 -0.0168597 -0.154697 0.987818 0.386599 -0.995091 0.0989553 -0.00148694 -0.491216 -0.0975198 -0.982994 -0.155606 0.441596 
1530572915992 -0.0169609 -0.154598 0.987832 0.386594 -0.995091 0.0989488 -0.00159982 -0.491229 -0.0974975 -0.98301 -0.155517 0.441636 
1530572916009 -0.0170053 -0.154551 0.987838 0.38659 -0.995092 0.098945 -0.00164981 -0.491235 -0.0974867 -0.983018 -0.155475 0.441654 
1530572916029 -0.0170701 -0.15449 0.987847 0.386586 -0.995091 0.0989523 -0.00172002 -0.491244 -0.097484 -0.983027 -0.155421 0.441672 
1530572916046 -0.0171055 -0.154478 0.987848 0.386585 -0.99509 0.0989568 -0.00175619 -0.491249 -0.097483 -0.983028 -0.155412 0.441675 
1530572916064 -0.0171485 -0.154496 0.987845 0.386582 -0.99509 0.0989571 -0.00179768 -0.491255 -0.0974765 -0.983025 -0.155434 0.441672 
1530572916079 -0.0171722 -0.154526 0.98784 0.38658 -0.99509 0.0989559 -0.00181877 -0.491259 -0.0974715 -0.983021 -0.155466 0.441664 
1530572916096 -0.0171949 -0.154551 0.987835 0.386576 -0.995089 0.0989649 -0.00183769 -0.491265 -0.097477 -0.983016 -0.155494 0.441652 
1530572916113 -0.0171761 -0.154597 0.987828 0.386574 -0.995089 0.0989628 -0.00181451 -0.491264 -0.0974777 -0.983009 -0.155537 0.441638 
1530572916129 -0.0171467 -0.154666 0.987818 0.386572 -0.995091 0.0989506 -0.00177995 -0.491262 -0.0974699 -0.982999 -0.155603 0.441622 
1530572916146 -0.0171311 -0.154705 0.987812 0.38657 -0.995092 0.098942 -0.00176161 -0.491261 -0.0974635 -0.982994 -0.155641 0.441614 
1530572916163 -0.0171229 -0.154727 0.987809 0.386569 -0.995092 0.0989363 -0.0017521 -0.49126 -0.0974591 -0.982991 -0.155662 0.44161 
1530572916179 -0.0171144 -0.154748 0.987806 0.386568 -0.995093 0.0989312 -0.00174224 -0.491259 -0.0974552 -0.982988 -0.155681 0.441606 
1530572916199 -0.0170973 -0.154779 0.987801 0.386568 -0.995094 0.0989211 -0.00172355 -0.491257 -0.0974476 -0.982984 -0.155711 0.441601 
1530572916216 -0.0170874 -0.154795 0.987799 0.386568 -0.995094 0.0989147 -0.00171296 -0.491255 -0.0974426 -0.982982 -0.155726 0.441599 
1530572916337 -0.0175722 -0.154818 0.987787 0.386581 -0.995007 0.0997863 -0.00206089 -0.491272 -0.0982485 -0.982891 -0.155799 0.441562 
1530572916408 -0.0182368 -0.154394 0.987841 0.386674 -0.994874 0.101093 -0.00256636 -0.491216 -0.0994678 -0.982824 -0.155446 0.441532 
1530572916486 -0.0188226 -0.154147 0.987869 0.386732 -0.994764 0.102152 -0.00301424 -0.491137 -0.100448 -0.982753 -0.155263 0.441604 
1530572916557 -0.0193719 -0.154093 0.987866 0.386788 -0.99465 0.103247 -0.00339978 -0.491077 -0.101471 -0.982647 -0.155269 0.441579 
1530572916628 -0.0199293 -0.153925 0.987882 0.386868 -0.994512 0.104554 -0.0037722 -0.491015 -0.102707 -0.982535 -0.155164 0.441496 
1530572916695 -0.0204503 -0.153748 0.987898 0.386958 -0.994393 0.105662 -0.00414038 -0.490979 -0.103747 -0.982444 -0.155047 0.441451 
1530572916771 -0.0209453 -0.153303 0.987957 0.387062 -0.994268 0.106818 -0.00450398 -0.490905 -0.104841 -0.982389 -0.154662 0.441502 
1530572916832 -0.0215886 -0.153104 0.987974 0.387118 -0.994159 0.107805 -0.00501754 -0.490868 -0.10574 -0.982312 -0.154538 0.441582 
1530572916849 -0.0216698 -0.15308 0.987976 0.387132 -0.994144 0.107941 -0.00508038 -0.490856 -0.105865 -0.982301 -0.154523 0.441588 
1530572916866 -0.021794 -0.15306 0.987977 0.387156 -0.99412 0.10816 -0.00517303 -0.490846 -0.106068 -0.98228 -0.154517 0.441582 
1530572917019 -0.0222875 -0.153888 0.987837 0.387352 -0.994205 0.107346 -0.00570847 -0.490811 -0.105162 -0.98224 -0.155389 0.441565 
1530572917107 -0.022379 -0.15461 0.987722 0.387505 -0.994398 0.105529 -0.00601155 -0.490794 -0.103304 -0.982323 -0.156105 0.441796 
1530572917192 -0.0229742 -0.155218 0.987613 0.3876 -0.994478 0.104735 -0.00667326 -0.490842 -0.102401 -0.982313 -0.156767 0.44185 
1530572917355 -0.0235834 -0.156501 0.987396 0.388032 -0.994743 0.102123 -0.0075724 -0.490758 -0.0996509 -0.982384 -0.158087 0.442177 
1530572917453 -0.023781 -0.157225 0.987276 0.38827 -0.994868 0.100874 -0.0078995 -0.490703 -0.0983485 -0.982397 -0.158817 0.442327 
1530572917546 -0.0243898 -0.157759 0.987176 0.388371 -0.994958 0.0999253 -0.00861311 -0.490751 -0.0972851 -0.982409 -0.159401 0.44246 
1530572917650 -0.0246667 -0.158219 0.987096 0.388591 -0.995095 0.098509 -0.00907684 -0.490678 -0.0958017 -0.982478 -0.159873 0.442724 
1530572917667 -0.0247565 -0.158313 0.987079 0.388614 -0.995111 0.0983356 -0.00918639 -0.490679 -0.0956106 -0.98248 -0.159973 0.442744 
1530572917806 -0.0250114 -0.158214 0.987088 0.388729 -0.99516 0.097805 -0.0095394 -0.490674 -0.0950329 -0.982549 -0.159894 0.442768 
1530572917932 -0.0249664 -0.157057 0.987274 0.388758 -0.995159 0.0978074 -0.00960641 -0.490683 -0.0950539 -0.982734 -0.158739 0.442532 
1530572918059 -0.0255195 -0.156137 0.987406 0.388836 -0.99522 0.0971068 -0.0103661 -0.490715 -0.0942652 -0.98295 -0.157869 0.442579 
1530572918182 -0.0259031 -0.155159 0.98755 0.388936 -0.995262 0.0966175 -0.0109252 -0.490741 -0.0937195 -0.983153 -0.156927 0.442457 
1530572918307 -0.0259801 -0.154325 0.987679 0.389105 -0.995318 0.0960043 -0.0111804 -0.49068 -0.093096 -0.983345 -0.156096 0.442305 
1530572918427 -0.0263441 -0.153202 0.987844 0.389215 -0.99535 0.0956044 -0.0117173 -0.490664 -0.0926471 -0.983559 -0.155008 0.442283 
1530572918540 -0.0265962 -0.152364 0.987967 0.389307 -0.995412 0.0949058 -0.0121603 -0.49065 -0.091911 -0.983757 -0.154189 0.442245 
1530572918662 -0.0270193 -0.151572 0.988077 0.389425 -0.995461 0.0943167 -0.0127529 -0.49066 -0.0912592 -0.983936 -0.153432 0.4421 
1530572918790 -0.0273339 -0.150654 0.988209 0.389535 -0.995512 0.0936999 -0.0132513 -0.490652 -0.0905987 -0.984136 -0.152539 0.442021 
1530572918808 -0.0274029 -0.150455 0.988237 0.389552 -0.995525 0.0935511 -0.0133622 -0.490658 -0.0904403 -0.984181 -0.152345 0.442023 
1530572918825 -0.0274677 -0.150271 0.988263 0.389568 -0.995535 0.093427 -0.0134638 -0.490662 -0.0903073 -0.984221 -0.152166 0.442026 
1530572918841 -0.0275442 -0.150077 0.988291 0.389586 -0.995538 0.0933809 -0.0135658 -0.490665 -0.0902515 -0.984254 -0.15198 0.442029 
1530572918977 -0.0276784 -0.149461 0.98838 0.389696 -0.995563 0.0930793 -0.0138042 -0.490653 -0.0899346 -0.984377 -0.151374 0.441943 
1530572919026 -0.0278681 -0.148815 0.988472 0.389758 -0.995587 0.092778 -0.0141009 -0.490674 -0.0896101 -0.984503 -0.150744 0.441949 
1530572919124 -0.0276454 -0.148098 0.988586 0.389901 -0.995601 0.0926499 -0.0139619 -0.490632 -0.0895247 -0.984623 -0.150008 0.441796 
1530572919190 -0.0278408 -0.147405 0.988684 0.39 -0.995619 0.0924092 -0.0142586 -0.490639 -0.0892617 -0.98475 -0.149332 0.441778 
1530572919276 -0.0278904 -0.146779 0.988776 0.390119 -0.995658 0.0919593 -0.0144336 -0.490624 -0.0888085 -0.984885 -0.148707 0.441728 
1530572919339 -0.0281403 -0.146074 0.988873 0.390206 -0.995667 0.0918147 -0.014771 -0.490644 -0.0886355 -0.985004 -0.148025 0.44171 
1530572919430 -0.028208 -0.145434 0.988966 0.390294 -0.995707 0.0913435 -0.0149676 -0.490648 -0.0881588 -0.985142 -0.147386 0.441671 
1530572919450 -0.0282308 -0.145124 0.989011 0.390317 -0.995722 0.0911646 -0.0150452 -0.490652 -0.0879793 -0.985205 -0.147077 0.441684 
1530572919467 -0.0282496 -0.14494 0.989037 0.390333 -0.995729 0.0910844 -0.0150926 -0.490655 -0.0878983 -0.985239 -0.146894 0.441689 
1530572919587 -0.0281792 -0.145141 0.98901 0.390388 -0.995707 0.0913406 -0.0149655 -0.490695 -0.0881647 -0.985186 -0.147092 0.441683 
1530572919605 -0.0282941 -0.145458 0.98896 0.390384 -0.995684 0.0915855 -0.0150158 -0.490724 -0.0883902 -0.985116 -0.147422 0.44167 
1530572919655 -0.0283146 -0.145947 0.988887 0.390398 -0.995678 0.091656 -0.0149818 -0.490768 -0.0884509 -0.985037 -0.147911 0.441685 
1530572919723 -0.0279963 -0.146013 0.988887 0.390543 -0.995692 0.0915508 -0.0146712 -0.49078 -0.0883912 -0.985037 -0.147947 0.441852 
1530572919749 -0.0280064 -0.146112 0.988871 0.390603 -0.995679 0.0916967 -0.0146504 -0.490814 -0.0885356 -0.985009 -0.148049 0.441922 
1530572919793 -0.0279758 -0.146322 0.988841 0.390684 -0.995672 0.0917872 -0.014587 -0.490849 -0.0886286 -0.984969 -0.148257 0.442 
1530572919848 -0.0278156 -0.146578 0.988808 0.390789 -0.995679 0.0917357 -0.0144103 -0.490873 -0.0885968 -0.984936 -0.148496 0.442093 
1530572919892 -0.0277809 -0.146746 0.988784 0.390911 -0.995689 0.0916294 -0.0143762 -0.490945 -0.088492 -0.984921 -0.148659 0.442237 
1530572919909 -0.0277562 -0.146782 0.988779 0.390959 -0.995696 0.0915556 -0.0143591 -0.490976 -0.0884206 -0.984923 -0.148692 0.4423 
1530572919925 -0.0277428 -0.146815 0.988775 0.391 -0.995698 0.0915379 -0.0143453 -0.491002 -0.0884042 -0.984919 -0.148723 0.442353 
1530572919942 -0.0277325 -0.146874 0.988766 0.391039 -0.995698 0.0915447 -0.0143286 -0.491025 -0.0884118 -0.98491 -0.148781 0.4424 
1530572920002 -0.0278195 -0.147181 0.988718 0.391085 -0.995677 0.0917669 -0.0143549 -0.491022 -0.0886188 -0.984843 -0.149097 0.44239 
1530572920083 -0.0282149 -0.147731 0.988625 0.391144 -0.995654 0.0919635 -0.0146733 -0.491028 -0.0887497 -0.984743 -0.149683 0.442372 
1530572920114 -0.0284164 -0.147941 0.988588 0.391196 -0.995632 0.0921819 -0.014824 -0.491056 -0.0889369 -0.984691 -0.149914 0.442477 
1530572920227 -0.0285642 -0.148891 0.988441 0.391386 -0.995645 0.0920261 -0.0149102 -0.491124 -0.0887424 -0.984562 -0.150871 0.44274 
1530572920259 -0.0288305 -0.14927 0.988376 0.391466 -0.995636 0.0920894 -0.0151344 -0.491196 -0.0887599 -0.984499 -0.151273 0.442841 
1530572920337 -0.0288469 -0.149546 0.988334 0.391606 -0.99566 0.0918233 -0.0151668 -0.491224 -0.088484 -0.984482 -0.151546 0.443105 
1530572920354 -0.0288764 -0.149625 0.988321 0.391626 -0.995656 0.0918576 -0.0151841 -0.491217 -0.0885128 -0.984467 -0.151628 0.443134 
1530572920370 -0.0289886 -0.149761 0.988297 0.391648 -0.995648 0.0919307 -0.0152736 -0.491221 -0.0885674 -0.984439 -0.151775 0.443169 
1530572920483 -0.0292284 -0.149893 0.98827 0.391778 -0.995651 0.0918612 -0.015514 -0.491259 -0.0884582 -0.984426 -0.151926 0.443253 
1530572920503 -0.029341 -0.149561 0.988317 0.391804 -0.995664 0.0916955 -0.015683 -0.491279 -0.0882787 -0.984492 -0.151602 0.443277 
1530572920525 -0.0293267 -0.149179 0.988375 0.391837 -0.995669 0.091629 -0.0157132 -0.491271 -0.0882198 -0.984556 -0.15122 0.443288 
1530572920597 -0.0291557 -0.148848 0.98843 0.39195 -0.995659 0.091764 -0.0155502 -0.491181 -0.0883877 -0.984593 -0.150877 0.443218 
1530572920628 -0.0295462 -0.148706 0.98844 0.392018 -0.995641 0.0918933 -0.0159365 -0.491202 -0.0884612 -0.984602 -0.150773 0.443197 
1530572920659 -0.0299973 -0.148588 0.988444 0.392093 -0.995625 0.0919877 -0.0163872 -0.49124 -0.0884898 -0.984612 -0.150697 0.443191 
1530572920698 -0.0301908 -0.148301 0.988481 0.392215 -0.995622 0.0919858 -0.0166083 -0.491258 -0.0884633 -0.984655 -0.150429 0.443234 
1530572920738 -0.0304678 -0.148147 0.988496 0.392326 -0.995613 0.0920234 -0.0168955 -0.491262 -0.0884617 -0.984675 -0.150301 0.443239 
1530572920755 -0.0305738 -0.14807 0.988504 0.39238 -0.99561 0.0920426 -0.0170064 -0.49126 -0.0884663 -0.984684 -0.150234 0.443244 
1530572920772 -0.0306522 -0.147967 0.988517 0.392433 -0.995608 0.0920433 -0.0170946 -0.491262 -0.0884569 -0.9847 -0.150138 0.443261 
1530572920789 -0.0307282 -0.147855 0.988532 0.392483 -0.995607 0.0920373 -0.017182 -0.491267 -0.0884414 -0.984717 -0.150034 0.443283 
1530572920805 -0.0308121 -0.147726 0.988548 0.392532 -0.995605 0.0920438 -0.0172773 -0.491272 -0.0884375 -0.984736 -0.149913 0.443307 
1530572920949 -0.0309913 -0.146902 0.988665 0.392845 -0.995617 0.091862 -0.0175598 -0.491286 -0.0882412 -0.984876 -0.149105 0.44328 
1530572920980 -0.0311719 -0.146513 0.988718 0.392923 -0.99561 0.091898 -0.0177714 -0.491324 -0.0882574 -0.984931 -0.148734 0.443277 
1530572921060 -0.0312633 -0.146176 0.988764 0.393101 -0.995624 0.0917118 -0.0179218 -0.491376 -0.0880616 -0.984998 -0.148404 0.443221 
1530572921102 -0.0315195 -0.145785 0.988814 0.393181 -0.995608 0.0918375 -0.018196 -0.491396 -0.0881575 -0.985044 -0.14804 0.443205 
1530572921154 -0.031708 -0.145429 0.98886 0.393298 -0.995598 0.091896 -0.0184091 -0.491409 -0.0881951 -0.985092 -0.147703 0.443198 
1530572921171 -0.0317288 -0.145375 0.988868 0.393332 -0.995599 0.0918819 -0.0184371 -0.49141 -0.0881788 -0.985101 -0.14765 0.443193 
1530572921188 -0.0317806 -0.145286 0.988879 0.393377 -0.995599 0.0918761 -0.0184981 -0.491416 -0.0881668 -0.985115 -0.147566 0.443186 
1530572921204 -0.0318476 -0.14516 0.988895 0.393423 -0.995596 0.0918865 -0.0185753 -0.491427 -0.0881698 -0.985132 -0.147447 0.44318 
1530572921311 -0.0321465 -0.145176 0.988884 0.393666 -0.995576 0.0920474 -0.0188508 -0.491441 -0.0882875 -0.985115 -0.147492 0.443195 
1530572921339 -0.0322661 -0.145554 0.988824 0.393738 -0.995551 0.0923152 -0.0188969 -0.49143 -0.088533 -0.985034 -0.147885 0.443218 
1530572921441 -0.0323164 -0.145876 0.988775 0.394057 -0.995545 0.0923731 -0.0189097 -0.491396 -0.0885777 -0.984981 -0.148211 0.443388 
1530572921470 -0.0326217 -0.145904 0.988761 0.394169 -0.995539 0.0923766 -0.0192139 -0.491451 -0.0885349 -0.984976 -0.148267 0.443469 
1530572921519 -0.0328386 -0.145857 0.98876 0.39435 -0.995531 0.0924187 -0.0194303 -0.491521 -0.0885459 -0.984979 -0.14824 0.443616 
1530572921582 -0.0330801 -0.145992 0.988732 0.394534 -0.995503 0.0926792 -0.0196219 -0.491549 -0.0887703 -0.984935 -0.148402 0.443627 
1530572921603 -0.0332675 -0.146106 0.988709 0.394597 -0.995489 0.0927954 -0.0197828 -0.491567 -0.0888573 -0.984907 -0.148534 0.443618 
1530572921619 -0.0333706 -0.14617 0.988697 0.394667 -0.995477 0.0929083 -0.0198638 -0.491574 -0.0889547 -0.984887 -0.148609 0.443618 
1530572921636 -0.0334493 -0.146225 0.988686 0.394742 -0.995464 0.0930329 -0.0199192 -0.491579 -0.0890676 -0.984867 -0.148674 0.443616 
1530572921797 -0.0332118 -0.146127 0.988708 0.395029 -0.995478 0.0929252 -0.0197052 -0.491485 -0.0889965 -0.984892 -0.148552 0.443822 
1530572921829 -0.0336478 -0.146389 0.988655 0.395086 -0.995467 0.0929551 -0.0201158 -0.491523 -0.0889557 -0.98485 -0.148853 0.443848 
1530572921924 -0.0339126 -0.146653 0.988606 0.395277 -0.995447 0.0931219 -0.0203332 -0.491531 -0.089079 -0.984795 -0.149144 0.443898 
1530572921980 -0.0342478 -0.146825 0.988569 0.395426 -0.995435 0.093184 -0.0206456 -0.491593 -0.0890876 -0.984763 -0.149346 0.443989 
1530572922094 -0.0349498 -0.147271 0.988479 0.39572 -0.995404 0.0933675 -0.0212841 -0.49167 -0.0891573 -0.98468 -0.149857 0.444105 
1530572922152 -0.0351404 -0.147474 0.988441 0.395958 -0.995379 0.0935991 -0.0214221 -0.49165 -0.089358 -0.984627 -0.150082 0.444184 
1530572922169 -0.0351575 -0.147517 0.988434 0.396012 -0.995379 0.0935986 -0.0214355 -0.491645 -0.089354 -0.984621 -0.150126 0.444206 
1530572922186 -0.0351907 -0.14758 0.988424 0.396075 -0.995377 0.0936173 -0.0214604 -0.491637 -0.0893664 -0.984609 -0.150193 0.444221 
1530572922344 -0.0360181 -0.147762 0.988367 0.396392 -0.99534 0.0938308 -0.0222444 -0.491759 -0.0894523 -0.984562 -0.150453 0.44433 
1530572922414 -0.0364036 -0.147551 0.988384 0.396783 -0.995312 0.0940309 -0.0226214 -0.491749 -0.0896008 -0.984575 -0.150282 0.444427 
1530572922494 -0.0367839 -0.147596 0.988363 0.397083 -0.995295 0.09413 -0.0229851 -0.491749 -0.0896421 -0.984558 -0.150364 0.444463 
1530572922577 -0.0372548 -0.147618 0.988343 0.397356 -0.995257 0.0944222 -0.0234126 -0.491799 -0.0898653 -0.984527 -0.150436 0.444502 
1530572922643 -0.0376914 -0.147743 0.988307 0.397642 -0.995229 0.0946135 -0.0238115 -0.491815 -0.0899892 -0.98449 -0.150604 0.444502 
1530572922740 -0.0381984 -0.147517 0.988322 0.397977 -0.995207 0.0947214 -0.0243264 -0.491886 -0.0900267 -0.984513 -0.150428 0.444717 
1530572922806 -0.0386768 -0.147604 0.98829 0.398201 -0.995187 0.0948031 -0.0247876 -0.491918 -0.0900342 -0.984492 -0.150561 0.444792 
1530572922823 -0.0387403 -0.147594 0.988289 0.398254 -0.995187 0.0947913 -0.0248542 -0.491922 -0.0900128 -0.984495 -0.150556 0.444815 
1530572922840 -0.0387304 -0.14754 0.988298 0.398312 -0.995188 0.0947827 -0.0248506 -0.491915 -0.0900071 -0.984504 -0.150501 0.444845 
1530572922898 -0.038922 -0.147528 0.988292 0.39849 -0.995177 0.0948472 -0.0250348 -0.491902 -0.0900433 -0.9845 -0.150508 0.444899 
1530572922990 -0.0393763 -0.14766 0.988254 0.398752 -0.995133 0.0952078 -0.0254249 -0.491934 -0.0903352 -0.984445 -0.150691 0.44492 
1530572923043 -0.0399994 -0.147555 0.988245 0.398969 -0.995096 0.0954268 -0.0260285 -0.492074 -0.0904644 -0.98444 -0.150648 0.44504 
1530572923141 -0.0403871 -0.147482 0.98824 0.399315 -0.995061 0.0956909 -0.0263853 -0.492087 -0.0906742 -0.984425 -0.150618 0.445101 
1530572923216 -0.0407088 -0.147593 0.98821 0.399656 -0.995032 0.0959182 -0.026664 -0.492097 -0.0908519 -0.984386 -0.150765 0.445126 
1530572923301 -0.0410537 -0.147642 0.988189 0.400016 -0.994998 0.0961869 -0.0269656 -0.4921 -0.0910695 -0.984353 -0.150852 0.445142 
1530572923377 -0.0414992 -0.147445 0.988199 0.400339 -0.99497 0.0963514 -0.0274073 -0.492192 -0.0911733 -0.984366 -0.150702 0.445331 
1530572923460 -0.0419072 -0.147375 0.988192 0.400653 -0.994916 0.0968124 -0.0277541 -0.492163 -0.091579 -0.984331 -0.150683 0.445368 
1530572923477 -0.0419888 -0.147394 0.988186 0.400706 -0.994908 0.0968719 -0.0278253 -0.492166 -0.0916262 -0.984322 -0.150711 0.445376 
1530572923493 -0.0420909 -0.147416 0.988179 0.400768 -0.994901 0.0969157 -0.0279194 -0.492176 -0.0916542 -0.984315 -0.150743 0.445391 
1530572923511 -0.0422139 -0.147432 0.988171 0.400838 -0.994896 0.0969363 -0.0280386 -0.492193 -0.0916558 -0.984311 -0.150771 0.445417 
1530572923623 -0.0422259 -0.147088 0.988222 0.401163 -0.994907 0.0968033 -0.0281033 -0.492174 -0.0915295 -0.984375 -0.150426 0.445454 
1530572923674 -0.0427854 -0.146855 0.988232 0.401359 -0.994932 0.0963505 -0.0287574 -0.492303 -0.0909936 -0.984454 -0.150233 0.445493 
1530572923740 -0.043108 -0.146777 0.98823 0.401645 -0.994939 0.0961705 -0.029117 -0.492376 -0.0907648 -0.984484 -0.150179 0.445455 
1530572923870 -0.0435311 -0.146249 0.98829 0.402337 -0.994973 0.0956458 -0.0296717 -0.492398 -0.0901863 -0.984613 -0.149677 0.445652 
1530572923912 -0.0438935 -0.14603 0.988306 0.402612 -0.994983 0.0954064 -0.030093 -0.492442 -0.0898962 -0.984669 -0.149485 0.445744 
1530572924003 -0.0441561 -0.145998 0.988299 0.402918 -0.994975 0.0954075 -0.0303602 -0.492449 -0.0898586 -0.984674 -0.149477 0.445653 
1530572924019 -0.0442978 -0.145971 0.988297 0.402975 -0.994971 0.0954018 -0.0305062 -0.492472 -0.0898322 -0.984678 -0.149463 0.445643 
1530572924044 -0.0445461 -0.145855 0.988303 0.403093 -0.994967 0.0953559 -0.0307738 -0.492531 -0.0897519 -0.9847 -0.149369 0.445647 
1530572924180 -0.0446247 -0.1459 0.988292 0.40332 -0.994925 0.0957956 -0.0307821 -0.492493 -0.0901829 -0.98465 -0.149434 0.445696 
1530572924250 -0.0451248 -0.146296 0.988211 0.403526 -0.994897 0.0959432 -0.0312265 -0.492544 -0.0902438 -0.984577 -0.149879 0.445779 
1530572924349 -0.0455849 -0.146325 0.988186 0.403854 -0.994874 0.0960374 -0.0316728 -0.492612 -0.0902683 -0.984564 -0.149953 0.445996 
1530572924436 -0.0459966 -0.146452 0.988148 0.404241 -0.994824 0.0964387 -0.0320143 -0.492608 -0.0906072 -0.984506 -0.15013 0.446061 
1530572924534 -0.0465836 -0.146707 0.988082 0.404503 -0.994777 0.0967432 -0.0325351 -0.492671 -0.0908171 -0.984438 -0.150448 0.446072 
1530572924632 -0.0469551 -0.146744 0.988059 0.404882 -0.99475 0.0969086 -0.0328805 -0.492735 -0.0909265 -0.984416 -0.150524 0.446228 
1530572924731 -0.0475932 -0.146935 0.988 0.40515 -0.994669 0.0975609 -0.0334053 -0.49278 -0.0914818 -0.984323 -0.150795 0.446217 
1530572924813 -0.0481425 -0.147139 0.987944 0.405423 -0.99463 0.0977829 -0.0339051 -0.49285 -0.0916152 -0.984271 -0.151056 0.446214 
1530572924830 -0.0481222 -0.147104 0.98795 0.405478 -0.994626 0.0978345 -0.0338801 -0.49283 -0.0916717 -0.984271 -0.151021 0.446228 
1530572924846 -0.048133 -0.147077 0.987953 0.405526 -0.994624 0.0978522 -0.0338907 -0.492823 -0.0916889 -0.984273 -0.150996 0.446251 
1530572924884 -0.0484356 -0.147109 0.987934 0.405663 -0.994613 0.0978578 -0.0341914 -0.492864 -0.0916471 -0.984268 -0.151057 0.44633 
1530572924999 -0.0488988 -0.146852 0.987949 0.406061 -0.994547 0.0983816 -0.0346016 -0.492879 -0.0921147 -0.984254 -0.150862 0.446407 
1530572925063 -0.0495518 -0.146658 0.987945 0.406337 -0.994462 0.0990314 -0.0351777 -0.492929 -0.0926785 -0.984218 -0.150753 0.446348 
1530572925155 -0.0498402 -0.146561 0.987945 0.406729 -0.994425 0.0993165 -0.0354335 -0.492907 -0.092926 -0.984203 -0.150694 0.446394 
1530572925211 -0.0505399 -0.146399 0.987934 0.406975 -0.994363 0.099699 -0.0360947 -0.493016 -0.0932117 -0.984189 -0.150612 0.446437 
1530572925306 -0.0509573 -0.146259 0.987933 0.407374 -0.994294 0.100261 -0.0364422 -0.493046 -0.0937213 -0.984152 -0.150533 0.446393 
1530572925375 -0.0514757 -0.145955 0.987951 0.407667 -0.994224 0.100773 -0.0369148 -0.493071 -0.0941709 -0.984145 -0.1503 0.44648 
1530572925466 -0.0517036 -0.145752 0.987969 0.408109 -0.994179 0.101155 -0.0371055 -0.493002 -0.0945296 -0.984136 -0.150134 0.446552 
1530572925483 -0.05175 -0.145753 0.987967 0.40817 -0.994172 0.101207 -0.0371441 -0.492998 -0.0945754 -0.984131 -0.150141 0.446546 
1530572925500 -0.0518923 -0.145772 0.987956 0.408254 -0.994158 0.101295 -0.0372721 -0.493009 -0.0946419 -0.984119 -0.150176 0.446538 
1530572925626 -0.052357 -0.145581 0.98796 0.408544 -0.994107 0.101637 -0.037706 -0.493082 -0.0949244 -0.984112 -0.150045 0.446481 
1530572925691 -0.0528234 -0.144985 0.988023 0.408643 -0.994049 0.102022 -0.0381746 -0.493109 -0.0952655 -0.98416 -0.149511 0.446492 
1530572925780 -0.0532544 -0.144517 0.988068 0.409006 -0.994027 0.102064 -0.0386475 -0.493137 -0.0952609 -0.984224 -0.149089 0.446564 
1530572925852 -0.0536892 -0.144121 0.988103 0.409411 -0.99398 0.102356 -0.0390792 -0.493155 -0.0955065 -0.984252 -0.148749 0.446521 
1530572925991 -0.0547875 -0.143317 0.988159 0.409996 -0.993851 0.1032 -0.0401355 -0.493234 -0.0962259 -0.984281 -0.14809 0.44642 
1530572926050 -0.0553242 -0.142814 0.988202 0.410319 -0.993813 0.103337 -0.0407041 -0.493318 -0.0963047 -0.98434 -0.147648 0.446542 
1530572926146 -0.055657 -0.142491 0.98823 0.410706 -0.993736 0.103968 -0.0409761 -0.493241 -0.0969058 -0.98432 -0.147385 0.446396 
1530572926163 -0.0558463 -0.142368 0.988237 0.410797 -0.993722 0.104023 -0.0411704 -0.49326 -0.0969383 -0.984333 -0.147283 0.446403 
1530572926179 -0.0560006 -0.142264 0.988243 0.41089 -0.993712 0.104054 -0.0413313 -0.493278 -0.0969505 -0.984344 -0.147197 0.446412 
1530572926196 -0.05612 -0.142177 0.988249 0.410973 -0.993704 0.104088 -0.0414548 -0.49329 -0.0969709 -0.984353 -0.147124 0.446413 
1530572926336 -0.0565084 -0.142248 0.988217 0.411373 -0.993637 0.104597 -0.0417622 -0.493283 -0.0974237 -0.984289 -0.147254 0.446302 
1530572926397 -0.0569881 -0.14164 0.988277 0.411713 -0.993583 0.104914 -0.0422578 -0.493339 -0.097699 -0.984343 -0.14671 0.446405 
1530572926477 -0.0573268 -0.141569 0.988267 0.412048 -0.993546 0.105138 -0.0425721 -0.493338 -0.0978772 -0.984329 -0.146682 0.446377 
1530572926539 -0.0579721 -0.141327 0.988264 0.412316 -0.993472 0.105592 -0.0431774 -0.493416 -0.0982502 -0.984316 -0.146526 0.446309 
1530572926626 -0.0584924 -0.141101 0.988266 0.412688 -0.993399 0.106076 -0.0436512 -0.493487 -0.0986719 -0.984296 -0.146374 0.446228 
1530572926683 -0.0589475 -0.140909 0.988266 0.413026 -0.993355 0.106306 -0.0440937 -0.493533 -0.0988457 -0.984299 -0.146239 0.446252 
1530572926779 -0.0592762 -0.140568 0.988295 0.413495 -0.993298 0.106717 -0.0443976 -0.493486 -0.099227 -0.984303 -0.145952 0.446205 
1530572926796 -0.0594368 -0.140565 0.988286 0.413571 -0.993284 0.106782 -0.0445497 -0.493499 -0.099269 -0.984296 -0.145968 0.44619 
1530572926812 -0.0595964 -0.140534 0.988281 0.413663 -0.993271 0.106838 -0.0447049 -0.493521 -0.0993034 -0.984295 -0.145955 0.446183 
1530572926919 -0.0596593 -0.140357 0.988302 0.41397 -0.993244 0.107069 -0.044752 -0.493486 -0.0995349 -0.984295 -0.145796 0.4462 
1530572927007 -0.0601059 -0.140746 0.98822 0.414187 -0.993228 0.107045 -0.0451647 -0.493542 -0.0994276 -0.984242 -0.146227 0.446306 
1530572927091 -0.0606822 -0.140737 0.988186 0.414496 -0.993175 0.107303 -0.0457066 -0.493617 -0.0996024 -0.984215 -0.146288 0.446396 
1530572927172 -0.0612574 -0.14089 0.988128 0.414817 -0.993116 0.107633 -0.0462199 -0.493683 -0.0998436 -0.984157 -0.146514 0.446365 
1530572927263 -0.0615763 -0.140974 0.988096 0.415243 -0.993075 0.107888 -0.0464938 -0.493674 -0.10005 -0.984117 -0.146641 0.446354 
1530572927344 -0.0619831 -0.140923 0.988078 0.415609 -0.993046 0.107981 -0.0468941 -0.493697 -0.100086 -0.984114 -0.146636 0.446496 
1530572927439 -0.0623638 -0.141141 0.988023 0.415965 -0.992991 0.108354 -0.0471989 -0.49365 -0.100394 -0.984042 -0.146909 0.446449 
1530572927525 -0.0630175 -0.141167 0.987978 0.416245 -0.992922 0.108726 -0.0477974 -0.493745 -0.100672 -0.983997 -0.14702 0.446505 
1530572927695 -0.062527 -0.14123 0.988 0.416436 -0.992943 0.108753 -0.047294 -0.493592 -0.100768 -0.983985 -0.147034 0.44642 
1530572927708 -0.0623714 -0.141189 0.988016 0.416378 -0.992961 0.108649 -0.0471574 -0.493568 -0.100689 -0.984003 -0.146972 0.446426 
1530572927848 -0.063043 -0.140804 0.988028 0.416204 -0.992943 0.108495 -0.0478949 -0.493749 -0.100452 -0.984075 -0.146651 0.446446 
1530572927898 -0.063311 -0.140504 0.988054 0.416592 -0.992889 0.108878 -0.048138 -0.493701 -0.100814 -0.984075 -0.146398 0.446329 
1530572927998 -0.063613 -0.139972 0.98811 0.417062 -0.992849 0.109095 -0.0484642 -0.493708 -0.101014 -0.984127 -0.145911 0.446405 
1530572928046 -0.0642788 -0.139557 0.988125 0.417307 -0.992797 0.109262 -0.0491512 -0.493794 -0.101105 -0.984167 -0.145575 0.446448 
1530572928148 -0.0646481 -0.139359 0.988129 0.41776 -0.992718 0.109837 -0.0494576 -0.493761 -0.101641 -0.984132 -0.145445 0.446198 
1530572928207 -0.064999 -0.138878 0.988174 0.418141 -0.992688 0.109937 -0.0498454 -0.493772 -0.101715 -0.984188 -0.145008 0.446269 
1530572928300 -0.0654098 -0.13862 0.988183 0.41862 -0.992634 0.110246 -0.0502393 -0.493758 -0.101979 -0.98419 -0.14481 0.446198 
1530572928372 -0.0658939 -0.138237 0.988205 0.418916 -0.992559 0.110707 -0.0506977 -0.493809 -0.102393 -0.984192 -0.144503 0.446064 
1530572928392 -0.0658901 -0.138174 0.988214 0.418994 -0.99256 0.110699 -0.0507018 -0.493797 -0.102389 -0.984202 -0.144439 0.446082 
1530572928409 -0.0659357 -0.138134 0.988216 0.419044 -0.992557 0.1107 -0.0507516 -0.493795 -0.102385 -0.984208 -0.144404 0.446094 
1530572928467 -0.0664424 -0.137821 0.988226 0.419242 -0.992518 0.11081 -0.051277 -0.493837 -0.102438 -0.984239 -0.144152 0.446148 
1530572928572 -0.0666068 -0.137377 0.988277 0.419536 -0.992531 0.110583 -0.0515217 -0.493847 -0.102209 -0.984327 -0.143716 0.44605 
1530572928623 -0.0670278 -0.13705 0.988294 0.419796 -0.992515 0.110501 -0.0519906 -0.493876 -0.102082 -0.984381 -0.143431 0.445976 
1530572928724 -0.0669702 -0.136598 0.98836 0.420318 -0.992543 0.110235 -0.0520185 -0.493814 -0.101846 -0.984474 -0.142962 0.44598 
1530572928781 -0.0674197 -0.136353 0.988364 0.420624 -0.992513 0.110283 -0.0524883 -0.493861 -0.101843 -0.984503 -0.142767 0.445828 
1530572928879 -0.0678856 -0.136019 0.988378 0.420932 -0.992483 0.110321 -0.0529854 -0.493864 -0.101831 -0.984545 -0.142485 0.445747 
1530572928927 -0.0682067 -0.135434 0.988436 0.421161 -0.992494 0.110014 -0.0534128 -0.493929 -0.101508 -0.98466 -0.141921 0.445861 
1530572929030 -0.068524 -0.135089 0.988461 0.421581 -0.992494 0.10983 -0.0537934 -0.493974 -0.101296 -0.984727 -0.141601 0.44578 
1530572929047 -0.068694 -0.134954 0.988468 0.421669 -0.992483 0.109835 -0.0539775 -0.493992 -0.101283 -0.984746 -0.141484 0.445779 
1530572929080 -0.0689285 -0.134789 0.988474 0.42184 -0.992472 0.109807 -0.0542341 -0.493994 -0.101231 -0.984771 -0.141343 0.445749 
1530572929097 -0.0689164 -0.134687 0.988489 0.421915 -0.992474 0.109791 -0.0542347 -0.493979 -0.101222 -0.984787 -0.14124 0.445748 
1530572929249 -0.0688451 -0.134995 0.988452 0.422192 -0.992493 0.10966 -0.0541501 -0.493965 -0.101084 -0.984759 -0.141531 0.445607 
1530572929290 -0.0695531 -0.134748 0.988436 0.422351 -0.992436 0.109821 -0.0548633 -0.49407 -0.101158 -0.984775 -0.141367 0.445593 
1530572929378 -0.0695419 -0.134607 0.988456 0.422822 -0.99244 0.109782 -0.0548721 -0.493981 -0.101129 -0.984799 -0.141224 0.445585 
1530572929427 -0.0699167 -0.134286 0.988473 0.423122 -0.992414 0.109811 -0.0552774 -0.493985 -0.101122 -0.98484 -0.140945 0.445637 
1530572929510 -0.0701139 -0.134025 0.988494 0.423536 -0.992411 0.109717 -0.0555157 -0.494017 -0.101014 -0.984885 -0.140701 0.445638 
1530572929551 -0.0707298 -0.13399 0.988455 0.42371 -0.99237 0.10978 -0.0561286 -0.494109 -0.100992 -0.984883 -0.140733 0.44557 
1530572929647 -0.0709811 -0.133724 0.988473 0.424153 -0.992358 0.109742 -0.0564138 -0.494137 -0.100933 -0.984924 -0.140491 0.445505 
1530572929661 -0.0710844 -0.133722 0.988466 0.424216 -0.992351 0.109747 -0.0565168 -0.494141 -0.100924 -0.984923 -0.140501 0.445493 
1530572929677 -0.0712044 -0.133695 0.988461 0.424302 -0.992344 0.109749 -0.0566399 -0.494145 -0.100911 -0.984927 -0.140487 0.445482 
1530572929886 -0.0715234 -0.134076 0.988387 0.424875 -0.992348 0.109558 -0.0569483 -0.494147 -0.10065 -0.984896 -0.140886 0.445609 
1530572929956 -0.0718658 -0.134215 0.988343 0.42525 -0.992304 0.109804 -0.0572427 -0.494157 -0.100842 -0.98485 -0.141073 0.445513 
1530572930048 -0.0722139 -0.134375 0.988296 0.4256 -0.992299 0.109664 -0.0575957 -0.494236 -0.100641 -0.984844 -0.141259 0.445548 
1530572930112 -0.0726172 -0.13446 0.988255 0.425871 -0.992293 0.109495 -0.0580162 -0.4943 -0.100408 -0.984851 -0.141375 0.445615 
1530572930205 -0.072916 -0.134662 0.988205 0.426301 -0.992261 0.109651 -0.0582732 -0.494331 -0.10051 -0.984806 -0.141615 0.445464 
1530572930271 -0.0731819 -0.134742 0.988175 0.426691 -0.992254 0.109567 -0.0585441 -0.494321 -0.100383 -0.984804 -0.141717 0.445497 
1530572930291 -0.0731149 -0.134751 0.988178 0.426779 -0.992254 0.109603 -0.0584707 -0.494279 -0.100428 -0.984799 -0.141721 0.445473 
1530572930308 -0.0730358 -0.134745 0.988185 0.426857 -0.992257 0.109621 -0.0583892 -0.494244 -0.100458 -0.984798 -0.141708 0.445461 
1530572930353 -0.0732416 -0.134857 0.988154 0.426989 -0.992242 0.10965 -0.0585803 -0.494256 -0.100451 -0.984779 -0.141842 0.445422 
1530572930439 -0.0738186 -0.134837 0.988114 0.427208 -0.992191 0.109819 -0.0591374 -0.494346 -0.10054 -0.984763 -0.14189 0.445377 
1530572930503 -0.0742905 -0.134473 0.988128 0.427534 -0.992174 0.10968 -0.0596685 -0.494443 -0.100354 -0.984829 -0.141569 0.445524 
1530572930641 -0.0749005 -0.134522 0.988076 0.42818 -0.992109 0.109961 -0.0602356 -0.494409 -0.100547 -0.984791 -0.141696 0.445442 
1530572930689 -0.075328 -0.134357 0.988066 0.428516 -0.992059 0.110186 -0.0606494 -0.494466 -0.100722 -0.984788 -0.14159 0.445387 
1530572930787 -0.0754972 -0.134396 0.988048 0.428959 -0.992043 0.110239 -0.0608076 -0.494427 -0.100749 -0.984777 -0.141649 0.445354 
1530572930839 -0.0760134 -0.134281 0.988024 0.429196 -0.992008 0.110266 -0.0613338 -0.494476 -0.10071 -0.984789 -0.141589 0.445391 
1530572930859 -0.0760156 -0.134187 0.988036 0.429287 -0.992009 0.11025 -0.061348 -0.494476 -0.100699 -0.984804 -0.141495 0.445412 
1530572930876 -0.0760094 -0.134129 0.988045 0.429361 -0.992007 0.110264 -0.0613458 -0.494469 -0.100717 -0.98481 -0.141438 0.445414 
1530572930977 -0.0763553 -0.134238 0.988003 0.429638 -0.991932 0.110798 -0.0616049 -0.494476 -0.101199 -0.984735 -0.141615 0.445225 
1530572931025 -0.0765731 -0.134005 0.988018 0.429718 -0.991854 0.111405 -0.0617604 -0.494517 -0.101794 -0.984699 -0.141444 0.445309 
1530572931110 -0.0770917 -0.133705 0.988018 0.429947 -0.991755 0.112031 -0.0622225 -0.494607 -0.102369 -0.984669 -0.141239 0.445356 
1530572931150 -0.0773826 -0.133646 0.988003 0.430211 -0.991658 0.112781 -0.062413 -0.494619 -0.103087 -0.984591 -0.141258 0.44529 
1530572931247 -0.0774211 -0.133304 0.988047 0.430756 -0.991576 0.113516 -0.0623825 -0.494585 -0.103843 -0.984553 -0.14097 0.445203 
1530572931298 -0.0778051 -0.133107 0.988043 0.430988 -0.99149 0.114081 -0.0627079 -0.494628 -0.10437 -0.984514 -0.14085 0.44526 
1530572931380 -0.0781918 -0.132978 0.98803 0.431347 -0.991384 0.114844 -0.0630004 -0.494665 -0.105091 -0.984443 -0.140812 0.445216 
1530572931421 -0.0785306 -0.132912 0.988012 0.431567 -0.991281 0.1156 -0.0632393 -0.494661 -0.105809 -0.984363 -0.140832 0.44513 
1530572931438 -0.0785293 -0.132815 0.988025 0.431666 -0.991262 0.115771 -0.063224 -0.494645 -0.105988 -0.984356 -0.140746 0.445118 
1530572931455 -0.0785002 -0.132713 0.988041 0.431763 -0.991251 0.115879 -0.0631904 -0.494626 -0.106107 -0.984357 -0.140648 0.445112 
1530572931521 -0.0785761 -0.132651 0.988043 0.432033 -0.991196 0.116343 -0.0632071 -0.494595 -0.106568 -0.984311 -0.140624 0.445035 
1530572931604 -0.0790405 -0.133062 0.987951 0.432132 -0.991208 0.115983 -0.0636799 -0.494727 -0.106112 -0.984298 -0.14106 0.445067 
1530572931664 -0.0790715 -0.133479 0.987892 0.432391 -0.991334 0.114814 -0.0638338 -0.494783 -0.104904 -0.984378 -0.141401 0.445234 
1530572931749 -0.0789759 -0.133782 0.987859 0.432876 -0.991399 0.114282 -0.0637822 -0.494744 -0.104361 -0.984399 -0.141656 0.445224 
1530572931802 -0.0793986 -0.134111 0.98778 0.433071 -0.991383 0.11419 -0.0641846 -0.494833 -0.104187 -0.984365 -0.142022 0.445159 
1530572931899 -0.0795529 -0.134308 0.987741 0.433415 -0.991424 0.113724 -0.0643859 -0.494921 -0.103682 -0.984392 -0.142203 0.445215 
1530572931958 -0.0797231 -0.134592 0.987689 0.433728 -0.991425 0.113623 -0.0645412 -0.494901 -0.103538 -0.984365 -0.142497 0.445193 
1530572932055 -0.0796796 -0.134929 0.987646 0.434215 -0.991456 0.113377 -0.0644978 -0.494877 -0.103274 -0.984347 -0.14281 0.44511 
1530572932072 -0.0798219 -0.135051 0.987618 0.434317 -0.991459 0.113271 -0.0646432 -0.494898 -0.103138 -0.984343 -0.142939 0.445114 
1530572932096 -0.0799091 -0.135119 0.987602 0.434415 -0.991467 0.113143 -0.0647421 -0.494915 -0.102993 -0.984348 -0.143007 0.44514 
1530572932105 -0.0798987 -0.135102 0.987605 0.434486 -0.99148 0.113026 -0.0647504 -0.494927 -0.102877 -0.984364 -0.142982 0.445181 
1530572932240 -0.0801188 -0.135365 0.987551 0.434688 -0.991467 0.113032 -0.064943 -0.494919 -0.102834 -0.984327 -0.143265 0.445103 
1530572932295 -0.0802763 -0.135523 0.987517 0.434974 -0.991503 0.112598 -0.0651477 -0.494941 -0.102364 -0.984355 -0.143411 0.445215 
1530572932393 -0.0803563 -0.13577 0.987476 0.435389 -0.991543 0.112172 -0.0652645 -0.494953 -0.101906 -0.98437 -0.143636 0.445241 
1530572932450 -0.0806423 -0.136058 0.987413 0.435628 -0.991547 0.111972 -0.065551 -0.494977 -0.101644 -0.984353 -0.143938 0.44522 
1530572932543 -0.0807373 -0.136203 0.987386 0.435985 -0.991581 0.111591 -0.0656872 -0.494954 -0.101237 -0.984376 -0.144066 0.445303 
1530572932602 -0.0810286 -0.136401 0.987334 0.436264 -0.991596 0.111264 -0.0660073 -0.495036 -0.100851 -0.984386 -0.14427 0.445356 
1530572932695 -0.0813926 -0.136684 0.987265 0.436514 -0.99159 0.111103 -0.0663673 -0.495109 -0.100617 -0.984365 -0.144577 0.445318 
1530572932717 -0.0815978 -0.136819 0.98723 0.436579 -0.991583 0.111045 -0.0665679 -0.495149 -0.10052 -0.984352 -0.144729 0.445299 
1530572932735 -0.0818056 -0.136957 0.987193 0.436637 -0.991575 0.111 -0.0667693 -0.495189 -0.100434 -0.984338 -0.144884 0.445277 
1530572932750 -0.0818847 -0.137025 0.987177 0.436697 -0.991576 0.110945 -0.0668499 -0.495215 -0.100362 -0.984335 -0.144955 0.445267 
1530572932912 -0.0815752 -0.136712 0.987246 0.437035 -0.991584 0.111047 -0.066556 -0.49514 -0.100532 -0.984367 -0.14462 0.445383 
1530572932949 -0.0818969 -0.136843 0.987202 0.437207 -0.99157 0.110983 -0.0668751 -0.495217 -0.100411 -0.984356 -0.144778 0.445389 
1530572933056 -0.0820214 -0.137075 0.987159 0.43757 -0.991551 0.111096 -0.0669598 -0.495184 -0.100491 -0.984311 -0.145029 0.445244 
1530572933100 -0.0824822 -0.137197 0.987104 0.437764 -0.991525 0.111051 -0.0674167 -0.495276 -0.100369 -0.984299 -0.145194 0.445245 
1530572933190 -0.0824556 -0.137065 0.987124 0.43815 -0.99153 0.111011 -0.0674095 -0.49526 -0.100342 -0.984322 -0.145057 0.445323 
1530572933238 -0.0826433 -0.137115 0.987102 0.438427 -0.991534 0.110851 -0.0676165 -0.495273 -0.10015 -0.984333 -0.145116 0.445394 
1530572933325 -0.0826619 -0.13718 0.987091 0.438807 -0.991538 0.110802 -0.0676357 -0.495306 -0.100094 -0.98433 -0.145178 0.445342 
1530572933342 -0.0827982 -0.137289 0.987064 0.438877 -0.991528 0.110819 -0.0677589 -0.495332 -0.100083 -0.984312 -0.145302 0.445295 
1530572933358 -0.0829191 -0.137365 0.987044 0.43895 -0.991521 0.110815 -0.0678733 -0.495357 -0.100056 -0.984302 -0.145389 0.44527 
1530572933375 -0.0829943 -0.137387 0.987034 0.43902 -0.991519 0.110779 -0.067952 -0.495378 -0.100007 -0.984303 -0.145416 0.445276 
1530572933392 -0.0830165 -0.137348 0.987038 0.439077 -0.991524 0.11071 -0.0679883 -0.495393 -0.0999373 -0.984316 -0.145375 0.445313 
1530572933559 -0.0830065 -0.136999 0.987087 0.439572 -0.991544 0.110498 -0.0680452 -0.495412 -0.0997488 -0.984389 -0.145013 0.445405 
1530572933588 -0.0832688 -0.137099 0.987051 0.439696 -0.991526 0.110505 -0.0682974 -0.495434 -0.0997107 -0.984374 -0.145138 0.445371 
1530572933719 -0.0836833 -0.137291 0.986989 0.440192 -0.991533 0.110161 -0.0687451 -0.495556 -0.09929 -0.984386 -0.145348 0.445387 
1530572933751 -0.0840034 -0.137253 0.986968 0.440384 -0.991521 0.11006 -0.0690855 -0.495649 -0.0991432 -0.984403 -0.145334 0.445408 
1530572933840 -0.0838401 -0.137497 0.986948 0.440857 -0.991504 0.110363 -0.0688519 -0.495532 -0.099456 -0.984335 -0.145581 0.445129 
1530572933861 -0.0839731 -0.13754 0.98693 0.440932 -0.991502 0.110289 -0.068992 -0.495553 -0.0993583 -0.984337 -0.145633 0.445156 
1530572933877 -0.0841225 -0.137568 0.986914 0.441002 -0.991502 0.110188 -0.0691542 -0.495592 -0.099233 -0.984344 -0.145669 0.44519 
1530572933894 -0.0842184 -0.137528 0.986911 0.441087 -0.991508 0.110063 -0.0692732 -0.495633 -0.0990953 -0.984364 -0.145629 0.445245 
1530572934031 -0.0844722 -0.137748 0.986859 0.441232 -0.99145 0.110475 -0.0694448 -0.495597 -0.099457 -0.984287 -0.145903 0.445063 
1530572934077 -0.0847592 -0.137896 0.986813 0.441458 -0.991451 0.110271 -0.0697484 -0.49566 -0.0991991 -0.984289 -0.146064 0.445188 
