1534186784687 0.32364 0.859437 -0.39576 -0.589329 -0.914793 0.391057 0.101136 -0.195529 0.241685 0.329307 0.912768 0.375654 
1534186787997 0.323644 0.859435 -0.39576 -0.589329 -0.914791 0.391061 0.101136 -0.195529 0.241686 0.329306 0.912768 0.375654 
1534186788524 0.309001 0.86261 -0.400528 -0.591228 -0.919649 0.378349 0.105348 -0.197676 0.242414 0.335793 0.910208 0.377926 
1534186789066 0.293701 0.865463 -0.405849 -0.593382 -0.924346 0.365321 0.110116 -0.200022 0.243567 0.342804 0.907282 0.380496 
1534186789602 0.278323 0.868058 -0.41111 -0.595565 -0.9288 0.352277 0.11503 -0.202361 0.244678 0.349824 0.904299 0.383009 
1534186790139 0.262877 0.870387 -0.41632 -0.597689 -0.933065 0.339145 0.119874 -0.204739 0.24553 0.356941 0.901281 0.385461 
1534186790684 0.247211 0.872612 -0.42123 -0.599862 -0.937084 0.325896 0.125166 -0.206952 0.246498 0.363786 0.898275 0.388089 
1534186791235 0.231631 0.874501 -0.42614 -0.601992 -0.940932 0.312612 0.130076 -0.20934 0.246968 0.37084 0.895257 0.390546 
1534186791797 0.216009 0.876118 -0.430996 -0.604134 -0.944491 0.299404 0.135256 -0.211707 0.247542 0.377856 0.892159 0.393113 
1534186792348 0.200534 0.877484 -0.43567 -0.606234 -0.947787 0.286321 0.140425 -0.214143 0.247962 0.384763 0.889085 0.395656 
1534186792881 0.18457 0.8785 -0.44065 -0.607801 -0.950941 0.272893 0.145742 -0.215831 0.248284 0.392132 0.885769 0.39825 
1534186792912 0.184412 0.878392 -0.44093 -0.60789 -0.950899 0.272913 0.145981 -0.21598 0.248564 0.39236 0.88559 0.398399 
1534186793078 0.18356 0.878415 -0.44124 -0.607974 -0.951113 0.272122 0.146064 -0.216127 0.248376 0.392858 0.885422 0.398423 
1534186793275 0.181988 0.878745 -0.441234 -0.608227 -0.951444 0.270662 0.146615 -0.216368 0.248263 0.393128 0.885334 0.3987 
1534186793464 0.180157 0.878759 -0.441956 -0.608551 -0.951758 0.269194 0.147278 -0.21663 0.248394 0.394102 0.884864 0.398901 
1534186793649 0.178655 0.878816 -0.442453 -0.608889 -0.951999 0.267997 0.147905 -0.216977 0.248557 0.394791 0.884511 0.399177 
1534186793835 0.176891 0.878918 -0.44296 -0.609176 -0.952354 0.26646 0.148397 -0.217218 0.248459 0.395604 0.884175 0.399362 
1534186794025 0.175361 0.878969 -0.443466 -0.609467 -0.952639 0.265171 0.148876 -0.217614 0.248451 0.396355 0.883841 0.399584 
1534186794222 0.173764 0.879096 -0.443843 -0.60976 -0.95289 0.26387 0.149577 -0.217927 0.248609 0.396943 0.883533 0.399927 
1534186794415 0.172143 0.879174 -0.444319 -0.610043 -0.953197 0.262478 0.150067 -0.218234 0.248559 0.397691 0.88321 0.400155 
1534186794609 0.170393 0.87931 -0.444725 -0.610397 -0.953507 0.260989 0.150697 -0.218489 0.248578 0.398371 0.882899 0.40047 
1534186794629 0.170176 0.879334 -0.44476 -0.61042 -0.953548 0.260797 0.150771 -0.218526 0.24857 0.398442 0.882868 0.400509 
1534186794645 0.170035 0.87935 -0.444782 -0.610438 -0.953572 0.260676 0.150827 -0.218554 0.248574 0.398486 0.882848 0.400539 
1534186794662 0.169991 0.879341 -0.444817 -0.610459 -0.953564 0.260668 0.150891 -0.218585 0.248634 0.398511 0.882819 0.40057 
1534186794786 0.170458 0.879372 -0.444577 -0.610491 -0.953619 0.260823 0.150275 -0.218684 0.248103 0.398341 0.883045 0.40033 
1534186794806 0.170627 0.879487 -0.444284 -0.610487 -0.953636 0.260849 0.150122 -0.218662 0.247921 0.39807 0.883219 0.400256 
1534186794834 0.170779 0.879613 -0.443977 -0.610505 -0.953648 0.260868 0.150009 -0.21862 0.247769 0.397779 0.883392 0.400166 
1534186794908 0.171006 0.879655 -0.443807 -0.610622 -0.953655 0.260966 0.149794 -0.218653 0.247586 0.397623 0.883514 0.400084 
1534186794939 0.171174 0.879744 -0.443564 -0.610636 -0.953687 0.260976 0.149574 -0.218737 0.247346 0.397418 0.883673 0.400058 
1534186794974 0.171314 0.879816 -0.443369 -0.610661 -0.953731 0.260957 0.149327 -0.218838 0.247081 0.397272 0.883813 0.400016 
1534186794998 0.171387 0.879877 -0.443219 -0.610663 -0.953749 0.260947 0.149229 -0.218865 0.24696 0.397144 0.883905 0.399973 
1534186795015 0.171429 0.87992 -0.443117 -0.610663 -0.953761 0.260936 0.149172 -0.218875 0.246884 0.397056 0.883965 0.399945 
1534186795031 0.171494 0.879985 -0.442962 -0.610662 -0.953782 0.260916 0.149075 -0.218894 0.24676 0.396924 0.884059 0.399904 
1534186795148 0.171317 0.880223 -0.442559 -0.61069 -0.953854 0.260624 0.149123 -0.218921 0.246603 0.396589 0.884253 0.399851 
1534186795282 0.17131 0.880729 -0.441554 -0.610512 -0.953687 0.260716 0.150026 -0.219114 0.247253 0.395403 0.884603 0.399771 
1534186795330 0.17123 0.881041 -0.440962 -0.610459 -0.953741 0.26048 0.150092 -0.219157 0.247099 0.394864 0.884887 0.399747 
1534186795419 0.171331 0.881262 -0.440479 -0.610453 -0.953693 0.260537 0.150301 -0.219262 0.247216 0.394331 0.885092 0.399661 
1534186795455 0.171445 0.8815 -0.439959 -0.610414 -0.953702 0.260504 0.150301 -0.219327 0.247102 0.393821 0.88535 0.399638 
1534186795551 0.171491 0.881739 -0.439462 -0.610407 -0.953648 0.260533 0.150593 -0.219427 0.247279 0.393267 0.885548 0.399539 
1534186795571 0.171471 0.881852 -0.439244 -0.610387 -0.953672 0.260445 0.150593 -0.219445 0.247199 0.393072 0.885656 0.399533 
1534186795588 0.171401 0.881967 -0.43904 -0.61037 -0.953704 0.260316 0.150611 -0.219465 0.247123 0.392899 0.885754 0.399518 
1534186795604 0.171337 0.882033 -0.438932 -0.610363 -0.953725 0.260225 0.150635 -0.219478 0.247086 0.392811 0.885804 0.399504 
1534186795743 0.171047 0.88185 -0.439413 -0.610319 -0.95378 0.260042 0.150602 -0.219615 0.247075 0.393344 0.88557 0.399448 
1534186795779 0.170565 0.881775 -0.439751 -0.610215 -0.953923 0.259577 0.1505 -0.219805 0.246856 0.393818 0.88542 0.399481 
1534186795875 0.170087 0.881745 -0.439995 -0.610101 -0.954003 0.259199 0.150648 -0.219971 0.24688 0.394133 0.885274 0.399645 
1534186795911 0.169573 0.881818 -0.440049 -0.610087 -0.954131 0.258688 0.150713 -0.219999 0.246737 0.394307 0.885236 0.399654 
1534186796007 0.169381 0.881769 -0.44022 -0.609964 -0.954163 0.258548 0.150748 -0.220278 0.246743 0.394508 0.885145 0.399693 
1534186796043 0.168918 0.881825 -0.440285 -0.609917 -0.954279 0.25809 0.150802 -0.220355 0.246614 0.394681 0.885103 0.399714 
1534186796124 0.168612 0.881781 -0.440491 -0.609803 -0.954361 0.257807 0.15077 -0.220572 0.246508 0.394965 0.885007 0.399706 
1534186796145 0.168524 0.88177 -0.440547 -0.609766 -0.954388 0.257718 0.150745 -0.220648 0.24646 0.395049 0.884983 0.399706 
1534186796161 0.168424 0.881758 -0.440609 -0.609728 -0.954419 0.257618 0.150722 -0.220723 0.246409 0.39514 0.884956 0.399706 
1534186796181 0.168308 0.88174 -0.44069 -0.609687 -0.954452 0.257508 0.150703 -0.220804 0.246362 0.395253 0.884919 0.399707 
1534186796316 0.16758 0.881866 -0.440713 -0.609627 -0.954619 0.256796 0.150857 -0.22083 0.246209 0.395433 0.884881 0.399681 
1534186796380 0.167465 0.881939 -0.440612 -0.609456 -0.954649 0.25666 0.150901 -0.221151 0.246173 0.395359 0.884924 0.399653 
1534186796467 0.167068 0.88194 -0.440761 -0.609315 -0.954759 0.256265 0.150878 -0.221396 0.246017 0.395613 0.884853 0.399619 
1534186796523 0.166696 0.881945 -0.440891 -0.609181 -0.954876 0.255869 0.150805 -0.221661 0.245812 0.395858 0.884801 0.399591 
1534186796627 0.16616 0.881958 -0.441068 -0.609075 -0.954998 0.255373 0.150874 -0.221831 0.245701 0.39615 0.884701 0.399529 
1534186796678 0.165649 0.882007 -0.441162 -0.608979 -0.955128 0.254865 0.150912 -0.221994 0.245543 0.396368 0.884648 0.399496 
1534186796777 0.165323 0.882004 -0.44129 -0.60881 -0.955191 0.254583 0.150987 -0.222278 0.245516 0.396555 0.884571 0.399472 
1534186796803 0.165189 0.882012 -0.441326 -0.608759 -0.955228 0.254447 0.150982 -0.222369 0.245462 0.396626 0.884554 0.399468 
1534186796818 0.165136 0.882006 -0.441356 -0.608717 -0.955244 0.254393 0.15097 -0.222449 0.245435 0.396672 0.884541 0.399465 
1534186796942 0.164638 0.882074 -0.441407 -0.608554 -0.955271 0.254052 0.151377 -0.22243 0.245667 0.396741 0.884446 0.399485 
1534186797041 0.164244 0.881924 -0.441853 -0.608251 -0.955162 0.25406 0.152047 -0.222429 0.246351 0.397068 0.884108 0.399402 
1534186797116 0.164166 0.881814 -0.442102 -0.607976 -0.955123 0.254118 0.152197 -0.222742 0.246555 0.397276 0.883958 0.39936 
1534186797218 0.163469 0.881947 -0.442093 -0.607661 -0.955119 0.253691 0.152932 -0.222693 0.247033 0.397252 0.883836 0.399443 
1534186797285 0.163165 0.881993 -0.442115 -0.607343 -0.955098 0.25354 0.153313 -0.222868 0.247315 0.397248 0.883759 0.399511 
1534186797385 0.162617 0.881982 -0.442338 -0.607066 -0.955105 0.253227 0.153787 -0.222987 0.247649 0.397471 0.883565 0.399477 
1534186797458 0.16221 0.881859 -0.442733 -0.606792 -0.955048 0.253135 0.154293 -0.223062 0.248136 0.397804 0.883279 0.399398 
1534186797548 0.162009 0.881817 -0.442891 -0.606512 -0.955006 0.253104 0.154603 -0.223305 0.248429 0.397916 0.883145 0.399386 
1534186797571 0.161826 0.881872 -0.442849 -0.606432 -0.955024 0.252954 0.154739 -0.223292 0.24848 0.39789 0.883143 0.399418 
1534186797588 0.161541 0.881937 -0.442822 -0.606342 -0.955054 0.252723 0.154929 -0.223256 0.248549 0.397892 0.883123 0.399445 
1534186797619 0.161242 0.881979 -0.442847 -0.606223 -0.955066 0.252521 0.155181 -0.22324 0.248695 0.397927 0.883066 0.399454 
1534186797760 0.161164 0.88181 -0.443213 -0.605909 -0.954895 0.252812 0.155764 -0.223346 0.249404 0.398118 0.882779 0.399476 
1534186797812 0.160702 0.881852 -0.443297 -0.605651 -0.954934 0.252475 0.156071 -0.22339 0.249553 0.398238 0.882683 0.399541 
1534186797916 0.160307 0.881825 -0.443493 -0.605349 -0.954921 0.252282 0.156458 -0.223498 0.249854 0.398419 0.882516 0.399545 
1534186798076 0.159386 0.881775 -0.443925 -0.604754 -0.954885 0.251839 0.157392 -0.223621 0.250582 0.398811 0.882133 0.399597 
1534186798143 0.158732 0.881881 -0.443948 -0.604462 -0.954923 0.251371 0.157907 -0.223576 0.250851 0.398871 0.882029 0.399675 
1534186798239 0.15867 0.881732 -0.444265 -0.604144 -0.954798 0.251587 0.158317 -0.223815 0.251365 0.399064 0.881796 0.399729 
1534186798259 0.158526 0.881744 -0.444293 -0.604068 -0.9548 0.251499 0.158448 -0.223804 0.25145 0.399093 0.881758 0.399752 
1534186798275 0.158363 0.881754 -0.444331 -0.603983 -0.954801 0.251401 0.158594 -0.223796 0.251546 0.399133 0.881713 0.399773 
1534186798292 0.158266 0.881753 -0.444369 -0.603929 -0.954799 0.25135 0.158689 -0.223796 0.251616 0.399168 0.881677 0.39978 
1534186798423 0.1581 0.881854 -0.444228 -0.60383 -0.954894 0.25107 0.158562 -0.223754 0.251361 0.399121 0.881771 0.399727 
1534186798463 0.157772 0.881991 -0.444072 -0.60366 -0.955047 0.250591 0.158395 -0.223665 0.250983 0.399119 0.881879 0.399751 
1534186798550 0.157895 0.882003 -0.444005 -0.603362 -0.95512 0.25054 0.158035 -0.223874 0.250629 0.399125 0.881978 0.399749 
1534186798615 0.157593 0.882105 -0.443908 -0.603156 -0.95519 0.250222 0.15812 -0.223791 0.250554 0.399098 0.882011 0.399781 
1534186798675 0.157168 0.882196 -0.443879 -0.603032 -0.955266 0.249826 0.158281 -0.223623 0.250528 0.399146 0.881997 0.399803 
1534186798751 0.157159 0.882207 -0.44386 -0.602781 -0.955335 0.249707 0.158054 -0.223752 0.250271 0.399196 0.882047 0.399819 
1534186798803 0.156845 0.882323 -0.44374 -0.602595 -0.955441 0.249319 0.158029 -0.223679 0.250065 0.399182 0.882112 0.399849 
1534186798824 0.156738 0.882361 -0.443702 -0.602524 -0.955479 0.249183 0.15801 -0.22366 0.249985 0.399182 0.882134 0.399856 
1534186798845 0.156637 0.882393 -0.443674 -0.602447 -0.955524 0.249043 0.157962 -0.223669 0.249878 0.399199 0.882157 0.399857 
1534186798862 0.156629 0.882395 -0.443674 -0.60239 -0.955544 0.249005 0.157897 -0.223707 0.249805 0.399219 0.882169 0.399851 
1534186798878 0.156659 0.882385 -0.443683 -0.602343 -0.95555 0.249017 0.157845 -0.223752 0.249765 0.399233 0.882174 0.399846 
1534186798955 0.156472 0.882459 -0.443601 -0.602209 -0.955553 0.248879 0.158044 -0.223738 0.24987 0.399155 0.882179 0.399831 
1534186799011 0.156322 0.882765 -0.443046 -0.602007 -0.955528 0.248724 0.158437 -0.22367 0.250058 0.398576 0.882388 0.399835 
1534186799039 0.156209 0.882907 -0.442803 -0.601849 -0.955567 0.248546 0.15848 -0.223665 0.24998 0.398372 0.882502 0.399831 
1534186799072 0.156048 0.88305 -0.442575 -0.601676 -0.955632 0.248301 0.158476 -0.223678 0.249834 0.398209 0.882617 0.39981 
1534186799119 0.155884 0.883131 -0.442471 -0.601512 -0.955676 0.248107 0.158512 -0.223709 0.249767 0.398149 0.882663 0.399764 
1534186799140 0.155872 0.883153 -0.44243 -0.601429 -0.955686 0.248076 0.158499 -0.223759 0.249735 0.398119 0.882685 0.399744 
1534186799156 0.15588 0.883173 -0.442387 -0.601354 -0.955693 0.248063 0.158478 -0.223812 0.249703 0.398082 0.882711 0.399728 
1534186799172 0.155884 0.883186 -0.442361 -0.601289 -0.955699 0.248052 0.158461 -0.223863 0.249679 0.398062 0.882727 0.399706 
1534186799189 0.155854 0.883212 -0.442319 -0.601212 -0.955712 0.248004 0.158458 -0.223905 0.249649 0.398033 0.882749 0.399683 
1534186799226 0.155585 0.883282 -0.442273 -0.601141 -0.955772 0.24773 0.158526 -0.223845 0.249587 0.398048 0.882759 0.399629 
1534186799316 0.155037 0.883174 -0.442683 -0.601127 -0.95583 0.247362 0.158748 -0.223664 0.249705 0.398518 0.882514 0.399645 
1534186799387 0.154696 0.883307 -0.442537 -0.600807 -0.955925 0.246968 0.15879 -0.223685 0.249552 0.398468 0.88258 0.399784 
1534186799458 0.154572 0.883325 -0.442543 -0.60062 -0.955962 0.246831 0.158781 -0.223834 0.249488 0.398511 0.882578 0.39979 
1534186799490 0.154454 0.883358 -0.442518 -0.600462 -0.955967 0.246744 0.158887 -0.223843 0.249543 0.398492 0.882572 0.399804 
1534186799507 0.154405 0.88336 -0.442532 -0.600404 -0.955967 0.246715 0.15893 -0.223849 0.249572 0.398506 0.882557 0.39981 
1534186799525 0.154335 0.883354 -0.442569 -0.600309 -0.95597 0.246672 0.15898 -0.223871 0.249605 0.398546 0.882529 0.399808 
1534186799564 0.154201 0.883314 -0.442694 -0.600261 -0.955993 0.246572 0.158995 -0.223865 0.249599 0.398695 0.882464 0.399747 
1534186799641 0.153608 0.88337 -0.442788 -0.600215 -0.956089 0.246059 0.159214 -0.223758 0.249597 0.398888 0.882377 0.399674 
1534186799673 0.153369 0.883433 -0.442745 -0.600154 -0.95603 0.245992 0.159667 -0.223755 0.249967 0.39879 0.882317 0.399693 
1534186799709 0.153376 0.883438 -0.442735 -0.600065 -0.955908 0.246189 0.160095 -0.223877 0.25043 0.398659 0.882245 0.399758 
1534186799746 0.153291 0.883381 -0.442877 -0.599972 -0.955835 0.246278 0.160398 -0.224023 0.250763 0.39873 0.882118 0.399754 
1534186799778 0.153132 0.883334 -0.443026 -0.599883 -0.955817 0.246231 0.160574 -0.224152 0.250927 0.398862 0.882012 0.399717 
1534186799807 0.152899 0.88332 -0.443134 -0.599793 -0.955816 0.246104 0.160775 -0.224215 0.251073 0.398973 0.88192 0.399686 
1534186799824 0.152706 0.883329 -0.443182 -0.59974 -0.955821 0.245982 0.160934 -0.224204 0.251172 0.399027 0.881867 0.399667 
1534186799844 0.152439 0.883353 -0.443226 -0.599685 -0.95583 0.245804 0.161151 -0.224163 0.2513 0.399083 0.881805 0.399646 
1534186799861 0.152218 0.883383 -0.443243 -0.599647 -0.955834 0.245659 0.161348 -0.224118 0.251418 0.399107 0.881761 0.399633 
1534186799877 0.151955 0.883425 -0.443249 -0.599605 -0.955824 0.245507 0.161635 -0.224047 0.251613 0.399107 0.881706 0.399619 
1534186799894 0.15179 0.883462 -0.443231 -0.599563 -0.955821 0.245403 0.161813 -0.224011 0.251726 0.399089 0.881682 0.399623 
1534186799917 0.151723 0.883484 -0.443212 -0.599525 -0.955818 0.245361 0.161893 -0.224025 0.251777 0.399067 0.881677 0.399628 
1534186799957 0.15201 0.883407 -0.443266 -0.59949 -0.955773 0.245626 0.161756 -0.224163 0.251774 0.399073 0.881675 0.399601 
1534186799994 0.15236 0.883318 -0.443323 -0.599433 -0.955718 0.245949 0.161593 -0.224297 0.251773 0.399071 0.881676 0.399568 
1534186800011 0.152507 0.883288 -0.443334 -0.599396 -0.955691 0.246087 0.16154 -0.224358 0.251785 0.399054 0.88168 0.399564 
1534186800028 0.152549 0.883294 -0.443306 -0.599338 -0.955685 0.246118 0.161528 -0.224387 0.251782 0.39902 0.881696 0.399574 
1534186800045 0.15251 0.883309 -0.443291 -0.59927 -0.955689 0.246085 0.161556 -0.224398 0.251791 0.399009 0.881699 0.399571 
1534186800061 0.152453 0.883321 -0.443286 -0.599201 -0.955677 0.246067 0.161657 -0.224392 0.251873 0.398993 0.881683 0.399555 
1534186800078 0.152387 0.883336 -0.443279 -0.599126 -0.955657 0.246055 0.161794 -0.224392 0.251989 0.398967 0.881661 0.399535 
1534186800095 0.152288 0.883351 -0.443283 -0.599068 -0.955659 0.245989 0.161882 -0.224408 0.252041 0.398974 0.881643 0.399517 
1534186800111 0.152194 0.88335 -0.443317 -0.599061 -0.955665 0.245926 0.161943 -0.22442 0.252076 0.399016 0.881614 0.399489 
1534186800128 0.152131 0.883336 -0.443367 -0.599082 -0.955677 0.245875 0.161948 -0.224425 0.252067 0.399078 0.881589 0.399466 
1534186800212 0.151346 0.883378 -0.443552 -0.599118 -0.955831 0.245161 0.162119 -0.22427 0.251954 0.399425 0.881464 0.399463 
1534186800236 0.151043 0.883448 -0.443514 -0.599013 -0.955871 0.244897 0.162286 -0.224225 0.251986 0.39943 0.881452 0.399518 
1534186800256 0.150852 0.883492 -0.443493 -0.598908 -0.955888 0.244742 0.162415 -0.224224 0.252034 0.399429 0.88144 0.399566 
1534186800273 0.150735 0.883498 -0.44352 -0.598843 -0.955893 0.244665 0.162506 -0.224229 0.252088 0.399462 0.881409 0.39958 
1534186800290 0.150672 0.883468 -0.4436 -0.598796 -0.955887 0.244648 0.162563 -0.224263 0.252145 0.399538 0.881358 0.399564 
1534186800306 0.150669 0.883453 -0.443632 -0.598771 -0.955884 0.244657 0.16257 -0.224296 0.252161 0.399566 0.881341 0.399552 
1534186800328 0.150749 0.883415 -0.44368 -0.598722 -0.955861 0.244755 0.16256 -0.224372 0.2522 0.399591 0.881318 0.399538 
1534186800346 0.150798 0.883394 -0.443706 -0.5987 -0.955846 0.244814 0.162556 -0.224411 0.252226 0.399602 0.881306 0.399533 
1534186800363 0.150775 0.883393 -0.443717 -0.598706 -0.955845 0.244803 0.162581 -0.224401 0.252246 0.399611 0.881296 0.399531 
1534186800380 0.150736 0.883398 -0.443719 -0.598721 -0.955848 0.244773 0.162606 -0.224379 0.252256 0.399618 0.88129 0.399534 
1534186800404 0.150635 0.883416 -0.443718 -0.598755 -0.955858 0.244692 0.162668 -0.224323 0.252277 0.399628 0.881279 0.39955 
1534186800420 0.150553 0.88341 -0.443758 -0.598767 -0.955861 0.244642 0.162728 -0.224295 0.252318 0.399672 0.881248 0.399561 
1534186800438 0.150447 0.883373 -0.443866 -0.598778 -0.955858 0.244599 0.162812 -0.224278 0.252393 0.399778 0.881178 0.399573 
1534186800485 0.150109 0.883386 -0.443955 -0.598631 -0.955899 0.244332 0.162968 -0.224323 0.252436 0.399913 0.881105 0.399652 
1534186800520 0.150011 0.883375 -0.44401 -0.59849 -0.955898 0.24428 0.16305 -0.224411 0.252497 0.39997 0.881062 0.399689 
1534186800555 0.149871 0.883297 -0.444212 -0.598369 -0.95588 0.244256 0.163193 -0.224503 0.25265 0.400156 0.880933 0.399648 
1534186800589 0.149745 0.88319 -0.444468 -0.598276 -0.955845 0.244278 0.163366 -0.224605 0.252857 0.400379 0.880772 0.399605 
1534186800637 0.149312 0.883158 -0.444677 -0.598159 -0.955841 0.244044 0.163738 -0.224622 0.253128 0.400593 0.880597 0.39964 
1534186800679 0.149069 0.883168 -0.444738 -0.598013 -0.955828 0.24392 0.164001 -0.224675 0.253321 0.400645 0.880518 0.399727 
1534186800723 0.148766 0.883124 -0.444928 -0.597879 -0.955792 0.243816 0.164362 -0.224688 0.253633 0.400808 0.880354 0.399793 
1534186800745 0.148646 0.883079 -0.445057 -0.597829 -0.95577 0.243797 0.16452 -0.224702 0.253788 0.400916 0.88026 0.399816 
1534186800760 0.148529 0.883043 -0.445167 -0.597779 -0.95575 0.243774 0.164673 -0.224714 0.253933 0.40101 0.880176 0.399843 
1534186800776 0.148375 0.883055 -0.445194 -0.597718 -0.955753 0.243674 0.164799 -0.224729 0.254009 0.401044 0.880138 0.399874 
1534186800793 0.148249 0.883072 -0.445203 -0.597659 -0.955757 0.243588 0.164906 -0.224738 0.25407 0.401058 0.880114 0.399897 
1534186800810 0.148168 0.883076 -0.445222 -0.5976 -0.955754 0.243545 0.164988 -0.224763 0.254128 0.401076 0.880089 0.399913 
1534186800936 0.147984 0.883224 -0.444989 -0.597428 -0.955906 0.243141 0.1647 -0.224741 0.253663 0.400995 0.88026 0.39977 
1534186800970 0.147899 0.883362 -0.444744 -0.597197 -0.955967 0.242945 0.164637 -0.224761 0.253482 0.400811 0.880396 0.399799 
1534186801011 0.147823 0.883396 -0.444703 -0.597043 -0.956015 0.242811 0.164552 -0.224859 0.253343 0.400818 0.880433 0.399806 
1534186801066 0.147795 0.88339 -0.444723 -0.596882 -0.956014 0.242798 0.164578 -0.224996 0.253364 0.400837 0.880418 0.39982 
1534186801109 0.147662 0.88341 -0.444727 -0.596694 -0.956017 0.242709 0.164696 -0.225079 0.253433 0.400847 0.880394 0.39981 
1534186801129 0.147582 0.883436 -0.444703 -0.596608 -0.956028 0.242635 0.164738 -0.22511 0.253435 0.400836 0.880398 0.399818 
1534186801149 0.147554 0.883449 -0.444685 -0.596542 -0.956028 0.242614 0.16477 -0.225135 0.253453 0.400819 0.880401 0.399823 
1534186801166 0.147529 0.883462 -0.444668 -0.596472 -0.956025 0.242598 0.164808 -0.225159 0.253477 0.4008 0.880403 0.399828 
1534186801189 0.147465 0.883473 -0.444669 -0.596403 -0.956025 0.242558 0.164871 -0.225167 0.253517 0.400802 0.88039 0.399836 
1534186801273 0.146986 0.883618 -0.444539 -0.596266 -0.956091 0.242118 0.165133 -0.225057 0.253546 0.400747 0.880407 0.39986 
1534186801313 0.146736 0.883726 -0.444406 -0.596089 -0.956146 0.241843 0.165214 -0.22509 0.253481 0.400675 0.880459 0.399879 
1534186801347 0.146631 0.883834 -0.444226 -0.595905 -0.9562 0.241656 0.165177 -0.225183 0.253339 0.400549 0.880557 0.399858 
1534186801393 0.146597 0.883964 -0.443979 -0.595676 -0.956242 0.241522 0.165131 -0.225307 0.2532 0.400343 0.88069 0.399824 
1534186801443 0.146174 0.884036 -0.443976 -0.595528 -0.956311 0.241138 0.165294 -0.225281 0.253185 0.400417 0.880661 0.399766 
1534186801463 0.145964 0.884073 -0.44397 -0.595464 -0.956347 0.240943 0.165368 -0.225267 0.253169 0.400452 0.88065 0.399743 
1534186801480 0.145759 0.88412 -0.443945 -0.595401 -0.956382 0.240749 0.165448 -0.225239 0.253155 0.400465 0.880648 0.39973 
1534186801496 0.145542 0.884172 -0.443911 -0.595347 -0.956419 0.240543 0.165533 -0.225198 0.253139 0.400473 0.880649 0.399721 
1534186801514 0.145366 0.884225 -0.443864 -0.595287 -0.956442 0.240383 0.165633 -0.225146 0.253154 0.400453 0.880654 0.399717 
1534186801530 0.145315 0.884255 -0.443821 -0.595248 -0.956447 0.240334 0.165677 -0.225125 0.253166 0.400416 0.880667 0.399722 
1534186801647 0.145987 0.884143 -0.443823 -0.59512 -0.956368 0.240898 0.165316 -0.225369 0.253079 0.400324 0.880734 0.399656 
1534186801675 0.145874 0.884246 -0.443654 -0.594986 -0.956402 0.240738 0.165348 -0.225321 0.253013 0.400192 0.880813 0.399688 
1534186801704 0.145703 0.884341 -0.443521 -0.594882 -0.956449 0.240528 0.165385 -0.225262 0.252936 0.400108 0.880873 0.399711 
1534186801749 0.145471 0.884468 -0.443345 -0.594766 -0.956517 0.240237 0.165415 -0.22517 0.252812 0.400004 0.880956 0.399724 
1534186801793 0.145248 0.884558 -0.443238 -0.594652 -0.956579 0.239972 0.165439 -0.225113 0.252705 0.399962 0.881005 0.399699 
1534186801811 0.145093 0.884606 -0.443194 -0.594588 -0.956619 0.239801 0.165458 -0.225075 0.252644 0.39996 0.881024 0.399675 
1534186801830 0.145003 0.884635 -0.443165 -0.594529 -0.956644 0.239697 0.165465 -0.225057 0.252601 0.399958 0.881037 0.399654 
1534186801844 0.144944 0.884656 -0.443142 -0.594468 -0.956664 0.239621 0.165454 -0.225054 0.252556 0.399956 0.881051 0.399634 
1534186801861 0.144918 0.884669 -0.443124 -0.594403 -0.956684 0.23957 0.165414 -0.225072 0.252496 0.399958 0.881067 0.399608 
1534186801878 0.14491 0.884673 -0.44312 -0.594364 -0.956696 0.239545 0.165382 -0.225086 0.252456 0.399965 0.881075 0.39959 
1534186801896 0.144914 0.884668 -0.443127 -0.594337 -0.956705 0.239536 0.165346 -0.225102 0.252421 0.399981 0.881078 0.399569 
1534186801913 0.144949 0.884649 -0.443155 -0.594341 -0.956705 0.239563 0.165305 -0.225123 0.2524 0.400007 0.881072 0.399548 
1534186801928 0.145003 0.884622 -0.443191 -0.59437 -0.956703 0.239608 0.16525 -0.225146 0.252376 0.400041 0.881064 0.399524 
1534186801944 0.145082 0.884594 -0.443222 -0.59441 -0.956702 0.239666 0.165169 -0.225176 0.252333 0.400068 0.881064 0.399504 
1534186801961 0.145112 0.88459 -0.443218 -0.594443 -0.95671 0.239672 0.165114 -0.225179 0.252285 0.400071 0.881076 0.399493 
1534186801987 0.14513 0.884644 -0.443105 -0.594461 -0.956734 0.239626 0.165046 -0.225157 0.252186 0.399981 0.881146 0.399485 
1534186802004 0.145041 0.884731 -0.442961 -0.594447 -0.956769 0.239485 0.165045 -0.225088 0.252102 0.399874 0.881218 0.399487 
1534186802021 0.14496 0.884813 -0.442823 -0.594419 -0.956793 0.239368 0.165074 -0.225011 0.252057 0.399761 0.881282 0.39949 
1534186802037 0.144929 0.884897 -0.442666 -0.594378 -0.956807 0.239297 0.165098 -0.224915 0.252023 0.399618 0.881356 0.399489 
1534186802054 0.144905 0.884979 -0.442509 -0.594326 -0.956831 0.239214 0.16508 -0.224836 0.251947 0.399486 0.881439 0.399477 
1534186802071 0.144893 0.885019 -0.442434 -0.594295 -0.956847 0.239167 0.165057 -0.224797 0.251894 0.399426 0.881481 0.399462 
1534186802135 0.14501 0.884919 -0.442595 -0.594272 -0.956908 0.239176 0.164688 -0.224872 0.251594 0.399641 0.881469 0.399367 
1534186802154 0.145232 0.884754 -0.442852 -0.5943 -0.95691 0.239365 0.164401 -0.224941 0.251457 0.399893 0.881394 0.399385 
1534186802175 0.145422 0.884601 -0.443096 -0.594325 -0.956919 0.239519 0.164122 -0.225001 0.251313 0.40014 0.881323 0.399425 
1534186802206 0.145606 0.884469 -0.443299 -0.594345 -0.956945 0.239635 0.163801 -0.225065 0.251106 0.400363 0.881281 0.399465 
1534186802220 0.14569 0.884456 -0.443296 -0.594341 -0.956947 0.239686 0.163715 -0.225078 0.251051 0.400359 0.881298 0.399477 
1534186802237 0.145781 0.884465 -0.44325 -0.594324 -0.956959 0.239718 0.163598 -0.225076 0.250952 0.400322 0.881343 0.399489 
1534186802253 0.145836 0.884486 -0.443189 -0.594299 -0.956982 0.239706 0.163483 -0.225048 0.250834 0.400282 0.881395 0.399499 
1534186802270 0.145872 0.884496 -0.443157 -0.59428 -0.957 0.239695 0.163395 -0.225013 0.250745 0.400267 0.881427 0.399492 
1534186802287 0.145889 0.884495 -0.443153 -0.594261 -0.957027 0.239662 0.163285 -0.224944 0.250632 0.400288 0.88145 0.399456 
1534186802351 0.145767 0.884423 -0.443337 -0.59429 -0.957039 0.239598 0.16331 -0.2249 0.250657 0.400485 0.881353 0.399373 
1534186802364 0.145589 0.884426 -0.443391 -0.594308 -0.957046 0.23948 0.163438 -0.224903 0.250732 0.400551 0.881302 0.399382 
1534186802381 0.14535 0.884436 -0.443448 -0.594329 -0.957057 0.239318 0.163612 -0.224907 0.25083 0.400624 0.881241 0.399409 
1534186802401 0.145147 0.884424 -0.443539 -0.594352 -0.95699 0.23931 0.164016 -0.224903 0.251203 0.400656 0.88112 0.399457 
1534186802424 0.145174 0.884369 -0.443639 -0.594362 -0.956861 0.239552 0.164414 -0.224923 0.251677 0.400632 0.880995 0.399503 
1534186802441 0.145233 0.884309 -0.44374 -0.594366 -0.956781 0.239737 0.164612 -0.224953 0.251948 0.400655 0.880907 0.39952 
1534186802458 0.145247 0.884242 -0.443868 -0.594369 -0.956739 0.239836 0.164711 -0.224981 0.2521 0.400742 0.880824 0.399523 
1534186802476 0.145224 0.884196 -0.443968 -0.594368 -0.95672 0.239869 0.16477 -0.22499 0.252184 0.400825 0.880763 0.399521 
1534186802491 0.145169 0.884153 -0.444071 -0.594364 -0.956714 0.239863 0.164815 -0.224986 0.252238 0.400923 0.880702 0.399507 
1534186802511 0.145126 0.884152 -0.444087 -0.594352 -0.956724 0.239822 0.164818 -0.224975 0.252226 0.400949 0.880694 0.399493 
1534186802576 0.144859 0.884112 -0.444254 -0.594342 -0.956907 0.239388 0.164386 -0.224959 0.251685 0.401297 0.88069 0.399432 
1534186802594 0.144733 0.884021 -0.444475 -0.594361 -0.956915 0.239334 0.164416 -0.224931 0.251725 0.401529 0.880573 0.399417 
1534186802636 0.144632 0.883939 -0.444671 -0.594379 -0.956904 0.239322 0.164497 -0.224903 0.251825 0.401716 0.880459 0.399412 
1534186802653 0.144427 0.883825 -0.444966 -0.594402 -0.956862 0.239312 0.16476 -0.224832 0.252105 0.401974 0.880261 0.399462 
1534186802669 0.144388 0.883826 -0.444975 -0.594396 -0.956844 0.239316 0.164857 -0.224814 0.252194 0.401969 0.880238 0.399499 
1534186802687 0.144335 0.883806 -0.445033 -0.594383 -0.956806 0.239353 0.165023 -0.224797 0.252368 0.401991 0.880178 0.399538 
1534186802703 0.144317 0.883789 -0.445072 -0.594375 -0.956785 0.239381 0.165102 -0.224794 0.252458 0.402011 0.880143 0.399552 
1534186802719 0.144297 0.883768 -0.445121 -0.594364 -0.956762 0.239415 0.165188 -0.224794 0.252557 0.402038 0.880102 0.399561 
1534186802736 0.144286 0.88376 -0.44514 -0.594356 -0.956752 0.239426 0.165227 -0.224793 0.252599 0.402049 0.880085 0.399562 
1534186802753 0.144276 0.883757 -0.445148 -0.594351 -0.956757 0.239415 0.165219 -0.224792 0.252589 0.402061 0.880083 0.399551 
1534186802769 0.144271 0.883752 -0.445161 -0.594349 -0.956771 0.23939 0.165171 -0.224795 0.252537 0.402087 0.880086 0.399523 
1534186802788 0.144334 0.883751 -0.445143 -0.594346 -0.956812 0.239364 0.164974 -0.224825 0.252347 0.402107 0.880131 0.399458 
1534186802803 0.144384 0.883748 -0.445132 -0.594348 -0.956837 0.239354 0.164842 -0.224843 0.252223 0.402118 0.880162 0.399414 
1534186802823 0.144474 0.883815 -0.444971 -0.59434 -0.956894 0.239292 0.164602 -0.224864 0.251956 0.402009 0.880288 0.399349 
1534186802839 0.144587 0.883842 -0.444879 -0.594336 -0.956895 0.239346 0.164515 -0.224858 0.251885 0.401916 0.880351 0.399305 
1534186802856 0.144806 0.883868 -0.444757 -0.59433 -0.956857 0.239526 0.164475 -0.224836 0.251905 0.401752 0.88042 0.399243 
1534186802873 0.144905 0.883861 -0.444738 -0.594332 -0.956823 0.239642 0.164503 -0.224824 0.251976 0.401698 0.880424 0.399226 
1534186802890 0.144969 0.883847 -0.444745 -0.594335 -0.956794 0.23973 0.164543 -0.22482 0.25205 0.401676 0.880413 0.399225 
1534186802906 0.14495 0.883841 -0.444764 -0.594339 -0.956792 0.239725 0.164563 -0.224821 0.252069 0.401694 0.8804 0.39924 
1534186802923 0.14489 0.883846 -0.444772 -0.594339 -0.9568 0.239675 0.164589 -0.224816 0.252072 0.401711 0.880391 0.399265 
1534186802939 0.144794 0.883798 -0.444901 -0.594352 -0.956799 0.239638 0.16465 -0.224797 0.252133 0.40184 0.880315 0.399287 
1534186802956 0.144697 0.88376 -0.445007 -0.594359 -0.956822 0.239557 0.164632 -0.224783 0.2521 0.401971 0.880264 0.3993 
1534186802973 0.144615 0.883741 -0.445071 -0.594362 -0.956853 0.239467 0.164583 -0.224775 0.252028 0.402066 0.880241 0.399309 
1534186802996 0.144508 0.883737 -0.445114 -0.594355 -0.956907 0.23932 0.164486 -0.224756 0.251887 0.402163 0.880238 0.399323 
1534186803013 0.144457 0.88375 -0.445104 -0.594345 -0.956947 0.239221 0.164396 -0.224742 0.251763 0.402192 0.880259 0.399316 
1534186803127 0.144818 0.883825 -0.444839 -0.594283 -0.957006 0.239312 0.16392 -0.224735 0.251332 0.401975 0.880482 0.399197 
1534186803144 0.144645 0.883883 -0.44478 -0.594296 -0.956984 0.239222 0.164175 -0.224748 0.251513 0.4019 0.880465 0.399207 
1534186803168 0.144548 0.883928 -0.444722 -0.594326 -0.956904 0.239277 0.164565 -0.224775 0.251875 0.401768 0.880421 0.399223 
1534186803231 0.144687 0.883994 -0.444545 -0.59438 -0.956705 0.239652 0.165177 -0.22485 0.252551 0.4014 0.880395 0.399246 
1534186803255 0.144688 0.884136 -0.444263 -0.594354 -0.956702 0.239605 0.165262 -0.224848 0.252561 0.401115 0.880522 0.399236 
1534186803291 0.144588 0.884331 -0.443906 -0.594328 -0.956708 0.239463 0.165433 -0.224848 0.252597 0.400769 0.88067 0.399179 
1534186803320 0.144501 0.884415 -0.443768 -0.594328 -0.956684 0.239418 0.165634 -0.224848 0.252736 0.400612 0.880701 0.399125 
1534186803353 0.144396 0.884524 -0.443585 -0.594328 -0.956661 0.239351 0.165862 -0.224857 0.252882 0.400411 0.880751 0.399065 
1534186803370 0.144386 0.884572 -0.443492 -0.594329 -0.956642 0.239358 0.165965 -0.224865 0.252962 0.4003 0.880778 0.399037 
1534186803388 0.144405 0.884617 -0.443396 -0.594328 -0.956619 0.239389 0.166052 -0.224874 0.253036 0.400182 0.88081 0.399015 
1534186803407 0.144394 0.884672 -0.44329 -0.594333 -0.956601 0.23939 0.166153 -0.22487 0.25311 0.40006 0.880844 0.398995 
1534186803425 0.144384 0.884735 -0.443168 -0.594338 -0.95658 0.239394 0.166271 -0.224859 0.253197 0.399919 0.880884 0.398977 
1534186803503 0.144394 0.884813 -0.443007 -0.594349 -0.956625 0.239299 0.166148 -0.224856 0.253021 0.399801 0.880988 0.399007 
1534186803517 0.144444 0.884804 -0.443009 -0.594343 -0.956668 0.239264 0.165949 -0.224869 0.252828 0.399842 0.881024 0.399045 
1534186803534 0.144638 0.884792 -0.442971 -0.594326 -0.956685 0.239357 0.165717 -0.224872 0.252653 0.399814 0.881087 0.399081 
1534186803550 0.144746 0.884756 -0.443006 -0.594314 -0.956701 0.239408 0.165548 -0.224856 0.252529 0.399862 0.881101 0.399092 
1534186803567 0.144804 0.884661 -0.443178 -0.594317 -0.956716 0.239455 0.165396 -0.224821 0.252441 0.400045 0.881043 0.399064 
1534186803584 0.144764 0.884615 -0.443284 -0.594319 -0.95674 0.239411 0.165323 -0.224787 0.252374 0.400175 0.881004 0.39903 
1534186803600 0.144719 0.884606 -0.443316 -0.594313 -0.956765 0.239347 0.165267 -0.224762 0.252302 0.400232 0.880998 0.399019 
1534186803617 0.144751 0.88464 -0.443237 -0.594296 -0.956795 0.239305 0.165153 -0.224752 0.25217 0.400182 0.881059 0.399035 
1534186803634 0.144849 0.884657 -0.443172 -0.594287 -0.956809 0.239335 0.165032 -0.224769 0.252063 0.400126 0.881115 0.399054 
1534186803654 0.14493 0.88466 -0.443139 -0.594285 -0.956817 0.23937 0.164936 -0.224792 0.251986 0.400099 0.881149 0.399061 
1534186803673 0.145021 0.884699 -0.443031 -0.594275 -0.956837 0.239377 0.164806 -0.224821 0.251855 0.400008 0.881228 0.399057 
1534186803688 0.14504 0.884723 -0.442978 -0.594271 -0.956842 0.239371 0.164785 -0.224825 0.251825 0.39996 0.881258 0.399053 
1534186803704 0.14505 0.884741 -0.442938 -0.594268 -0.956844 0.239367 0.164779 -0.224826 0.251812 0.399922 0.881279 0.399051 
1534186803726 0.145058 0.884781 -0.442856 -0.594264 -0.956845 0.239356 0.164793 -0.22482 0.251806 0.39984 0.881318 0.399048 
1534186803745 0.145065 0.8848 -0.442815 -0.594263 -0.956845 0.239352 0.164795 -0.224814 0.251799 0.399799 0.881339 0.399044 
1534186803762 0.145093 0.884822 -0.442763 -0.59426 -0.956848 0.239356 0.164775 -0.224809 0.251774 0.399749 0.881369 0.399045 
1534186803782 0.145146 0.884855 -0.442678 -0.594269 -0.956845 0.23938 0.164757 -0.224773 0.251754 0.399661 0.881414 0.399049 
1534186803799 0.145252 0.884871 -0.442611 -0.594276 -0.956836 0.239451 0.164708 -0.224746 0.251729 0.399582 0.881457 0.399051 
1534186803816 0.145311 0.884892 -0.44255 -0.594283 -0.956851 0.239454 0.164615 -0.22472 0.251637 0.399534 0.881505 0.399042 
1534186803833 0.145317 0.8849 -0.442533 -0.59429 -0.956872 0.239422 0.164539 -0.224706 0.251553 0.399537 0.881528 0.39903 
1534186803849 0.145308 0.884898 -0.442539 -0.594297 -0.956894 0.239381 0.164469 -0.224696 0.251474 0.399564 0.881538 0.399015 
1534186803866 0.145317 0.884884 -0.442564 -0.5943 -0.956911 0.239366 0.164396 -0.224701 0.251406 0.399604 0.881539 0.399008 
1534186803883 0.14535 0.884853 -0.442616 -0.594303 -0.956922 0.239379 0.164311 -0.224716 0.251344 0.399666 0.881529 0.399004 
1534186803902 0.145429 0.884815 -0.442665 -0.594303 -0.956927 0.239431 0.164206 -0.224743 0.251279 0.399718 0.881524 0.399006 
1534186803919 0.145501 0.884726 -0.44282 -0.594319 -0.956917 0.239523 0.164131 -0.224769 0.251276 0.399861 0.88146 0.39903 
1534186803936 0.145562 0.884675 -0.442902 -0.594327 -0.956919 0.239574 0.164041 -0.224788 0.251231 0.399943 0.881436 0.399062 
1534186803952 0.145635 0.884629 -0.44297 -0.594329 -0.956928 0.239621 0.163925 -0.224802 0.251157 0.400017 0.881423 0.399111 
1534186804041 0.145554 0.88466 -0.442934 -0.594313 -0.956923 0.239568 0.164026 -0.224755 0.251221 0.399979 0.881422 0.399141 
1534186804057 0.145302 0.884734 -0.442869 -0.594308 -0.956933 0.239378 0.16425 -0.224718 0.251331 0.39993 0.881413 0.399125 
1534186804071 0.145141 0.884775 -0.442839 -0.594309 -0.956934 0.239265 0.164406 -0.224698 0.251418 0.399906 0.881399 0.399121 
1534186804089 0.144942 0.884834 -0.442787 -0.594316 -0.95691 0.239164 0.164693 -0.224677 0.251625 0.399837 0.881371 0.399125 
1534186804105 0.144847 0.884848 -0.442791 -0.594325 -0.956896 0.239125 0.164831 -0.224672 0.251733 0.399829 0.881344 0.399134 
1534186804121 0.144752 0.884848 -0.442822 -0.594334 -0.956889 0.23908 0.164936 -0.224668 0.251813 0.399857 0.881309 0.399143 
1534186804141 0.144662 0.884831 -0.442885 -0.594338 -0.956879 0.239049 0.165042 -0.224674 0.251906 0.399912 0.881257 0.399151 
1534186804158 0.144605 0.884833 -0.442899 -0.594335 -0.956875 0.239021 0.165104 -0.22469 0.251951 0.399924 0.881238 0.399174 
1534186804176 0.14452 0.884822 -0.442949 -0.594338 -0.956872 0.238979 0.16518 -0.224709 0.25201 0.399974 0.881199 0.399206 
1534186804191 0.144389 0.88476 -0.443115 -0.594356 -0.956862 0.23894 0.165295 -0.224715 0.252124 0.400133 0.881094 0.399227 
1534186804209 0.144265 0.88472 -0.443236 -0.594369 -0.956856 0.238892 0.1654 -0.224717 0.252218 0.400251 0.881014 0.399252 
1534186804245 0.144203 0.884678 -0.443341 -0.594378 -0.956831 0.238911 0.16552 -0.224723 0.252351 0.400334 0.880938 0.399297 
1534186804309 0.144118 0.884473 -0.443778 -0.594392 -0.956949 0.238749 0.165069 -0.224755 0.251951 0.400883 0.880803 0.399241 
1534186804329 0.143961 0.884371 -0.444031 -0.594397 -0.956989 0.23863 0.165008 -0.224719 0.251887 0.401178 0.880686 0.399232 
1534186804390 0.14354 0.884197 -0.444513 -0.594355 -0.957083 0.238296 0.164947 -0.224672 0.251772 0.401759 0.880455 0.399258 
1534186804407 0.143444 0.884194 -0.44455 -0.594344 -0.957112 0.238194 0.164927 -0.22469 0.251717 0.401826 0.88044 0.399274 
1534186804424 0.143334 0.884172 -0.444629 -0.594342 -0.957134 0.238101 0.164929 -0.224709 0.251692 0.40193 0.880399 0.399294 
1534186804440 0.143201 0.884102 -0.444811 -0.594352 -0.957143 0.238034 0.164973 -0.224725 0.251733 0.402124 0.880299 0.399322 
1534186804457 0.143074 0.884022 -0.445012 -0.594367 -0.957146 0.237984 0.16503 -0.224731 0.251796 0.40233 0.880187 0.399343 
1534186804474 0.142978 0.883953 -0.44518 -0.59438 -0.957144 0.237956 0.165083 -0.224732 0.251859 0.402498 0.880092 0.399358 
1534186804490 0.142949 0.883921 -0.445253 -0.594385 -0.957139 0.237959 0.165109 -0.224735 0.251895 0.402566 0.880051 0.399373 
1534186804585 0.142872 0.883935 -0.445249 -0.594343 -0.957144 0.2379 0.165164 -0.224723 0.251919 0.40257 0.880042 0.399459 
1534186804607 0.142804 0.883811 -0.445517 -0.594351 -0.957135 0.23792 0.165187 -0.224743 0.251992 0.402831 0.879902 0.399461 
1534186804658 0.142555 0.883534 -0.446146 -0.594332 -0.957189 0.237788 0.165062 -0.224899 0.251926 0.403515 0.879607 0.399463 
1534186804671 0.142542 0.883503 -0.446211 -0.594315 -0.9572 0.237776 0.16502 -0.224941 0.251894 0.40359 0.879582 0.399466 
1534186804688 0.14252 0.883474 -0.446274 -0.594305 -0.957211 0.237755 0.164985 -0.224975 0.251864 0.403665 0.879556 0.399475 
1534186804705 0.142461 0.883439 -0.446363 -0.594304 -0.957216 0.237725 0.165 -0.224991 0.25188 0.403759 0.879508 0.3995 
1534186804722 0.142443 0.883433 -0.446382 -0.594305 -0.957217 0.237714 0.165008 -0.224991 0.251884 0.40378 0.879497 0.399507 
1534186804738 0.142265 0.883341 -0.446619 -0.594329 -0.957217 0.237642 0.16511 -0.224978 0.251984 0.404022 0.879358 0.399551 
1534186804755 0.142152 0.883266 -0.446804 -0.594353 -0.957206 0.237621 0.165205 -0.224961 0.25209 0.404199 0.879246 0.399578 
1534186804771 0.142106 0.883233 -0.446884 -0.594363 -0.957194 0.237626 0.165268 -0.224952 0.252161 0.404269 0.879193 0.399589 
1534186804791 0.142075 0.88324 -0.446879 -0.594361 -0.957196 0.237602 0.165293 -0.224947 0.252173 0.404267 0.879191 0.399592 
1534186804808 0.142063 0.883271 -0.446823 -0.594353 -0.957209 0.237562 0.165273 -0.224947 0.252129 0.404224 0.879223 0.399587 
1534186804828 0.142049 0.883285 -0.446799 -0.594348 -0.957231 0.237514 0.165216 -0.22495 0.252054 0.404221 0.879246 0.399563 
1534186804845 0.142073 0.883363 -0.446638 -0.594326 -0.957266 0.237442 0.165114 -0.224959 0.251906 0.404093 0.879348 0.399551 
1534186804862 0.142073 0.883431 -0.446502 -0.594307 -0.957301 0.237362 0.165029 -0.224967 0.251775 0.403991 0.879432 0.399541 
1534186804878 0.142039 0.883448 -0.44648 -0.594303 -0.957321 0.237302 0.164995 -0.224968 0.251716 0.403989 0.87945 0.399531 
1534186804895 0.141995 0.883441 -0.446509 -0.594306 -0.957335 0.237257 0.164982 -0.224967 0.251689 0.404032 0.879438 0.399518 
