1533677881552 -0.166771 0.799199 -0.577467 -0.60806 -0.976959 -0.0548286 0.206262 -0.255985 0.133183 0.598561 0.789929 0.4151 
1533677881555 0 0 0 0 0 0 0 0 0 0 0 0 
1533677881558 0 0 0 0 0 0 0 0 0 0 0 0 
1533677881561 0 0 0 0 0 0 0 0 0 0 0 0 
1533677881572 -0.147649 0.745403 -0.650057 -0.618858 -0.977571 -0.0101847 0.21036 -0.256848 0.150182 0.666537 0.730188 0.422938 
1533677881582 -0.130068 0.684551 -0.717267 -0.629655 -0.977035 0.0346483 0.210243 -0.25771 0.168774 0.728141 0.664324 0.430777 
1533677881592 -0.114196 0.617224 -0.778456 -0.640452 -0.975357 0.0792435 0.205911 -0.258571 0.188781 0.782787 0.592964 0.438615 
1533677881602 -0.100183 0.54406 -0.833044 -0.651247 -0.972552 0.123177 0.197408 -0.259432 0.210014 0.829955 0.516787 0.446452 
1533677881612 -0.088163 0.465757 -0.88051 -0.66204 -0.968648 0.166031 0.184812 -0.26029 0.232269 0.869198 0.436516 0.45429 
1533677881622 -0.078248 0.383058 -0.920404 -0.672827 -0.963681 0.207398 0.168243 -0.261145 0.255337 0.90014 0.352917 0.462125 
1533677881632 -0.0705292 0.296752 -0.952347 -0.683601 -0.957698 0.246887 0.147855 -0.261988 0.278998 0.922489 0.266786 0.469953 
1533677881642 -0.0642475 0.207943 -0.976029 -0.692125 -0.950769 0.284371 0.12317 -0.260932 0.303167 0.935891 0.179436 0.476844 
1533677881667 0 0 0 0 0 0 0 0 0 0 0 0 
1533677881667 0 0 0 0 0 0 0 0 0 0 0 0 
1533677881671 0 0 0 0 0 0 0 0 0 0 0 0 
1533677881681 -0.0642475 0.207943 -0.976029 -0.692125 -0.950769 0.284371 0.12317 -0.260932 0.303167 0.935891 0.179436 0.476844 
1533677881691 -0.0619948 0.116611 -0.991241 -0.705249 -0.942923 0.318733 0.096469 -0.263748 0.327191 0.940644 0.0901954 0.485642 
1533677881701 -0.0619929 0.116612 -0.991241 -0.705249 -0.942922 0.318734 0.0964676 -0.263748 0.327192 0.940643 0.0901964 0.485642 
1533677881711 -0.0619911 0.116612 -0.991241 -0.705249 -0.942922 0.318736 0.0964661 -0.263748 0.327193 0.940643 0.0901973 0.485642 
1533677881721 -0.0619893 0.116613 -0.991241 -0.705249 -0.942922 0.318737 0.0964647 -0.263748 0.327194 0.940643 0.0901983 0.485642 
1533677881731 -0.0619874 0.116613 -0.991241 -0.705249 -0.942921 0.318738 0.0964632 -0.263748 0.327195 0.940642 0.0901992 0.485642 
1533677881741 -0.0619856 0.116614 -0.991241 -0.705249 -0.942921 0.318739 0.0964618 -0.263748 0.327196 0.940642 0.0902002 0.485642 
1533677881751 -0.0619838 0.116614 -0.991241 -0.705249 -0.942921 0.318741 0.0964603 -0.263748 0.327197 0.940641 0.0902011 0.485642 
1533677881761 -0.0619819 0.116615 -0.991241 -0.705248 -0.942921 0.318742 0.0964589 -0.263748 0.327199 0.940641 0.0902021 0.485642 
1533677881771 -0.0618821 0.116654 -0.991243 -0.705035 -0.94292 0.318768 0.0963794 -0.263551 0.32722 0.940627 0.0902692 0.485521 
1533677881796 -0.0618821 0.116654 -0.991243 -0.705035 -0.94292 0.318768 0.0963794 -0.263551 0.32722 0.940627 0.0902692 0.485521 
1533677881799 0 0 0 0 0 0 0 0 0 0 0 0 
1533677881809 -0.0619778 0.116616 -0.991241 -0.705251 -0.94292 0.318745 0.0964557 -0.263749 0.327202 0.940639 0.0902044 0.485644 
1533677881819 -0.0619767 0.116617 -0.991241 -0.705251 -0.94292 0.318746 0.0964549 -0.263749 0.327202 0.940639 0.0902054 0.485644 
1533677881829 -0.0619755 0.116617 -0.991241 -0.705251 -0.942919 0.318747 0.0964541 -0.263749 0.327203 0.940639 0.0902063 0.485644 
1533677881839 -0.0619744 0.116618 -0.991241 -0.705251 -0.942919 0.318748 0.0964533 -0.263749 0.327204 0.940638 0.0902072 0.485644 
1533677881849 -0.0619732 0.116619 -0.991241 -0.705251 -0.942919 0.318749 0.0964526 -0.263749 0.327205 0.940638 0.0902081 0.485644 
1533677881859 -0.0619721 0.116619 -0.991241 -0.705251 -0.942919 0.318749 0.0964518 -0.263749 0.327206 0.940637 0.0902091 0.485644 
1533677881869 -0.0619709 0.11662 -0.991241 -0.705251 -0.942919 0.31875 0.096451 -0.263749 0.327207 0.940637 0.09021 0.485644 
1533677881879 -0.0619698 0.116621 -0.991241 -0.705251 -0.942918 0.318751 0.0964502 -0.263749 0.327207 0.940637 0.0902109 0.485644 
1533677881889 -0.0619686 0.116621 -0.991241 -0.705251 -0.942918 0.318752 0.0964494 -0.263749 0.327208 0.940636 0.0902118 0.485644 
1533677881916 -0.0619686 0.116621 -0.991241 -0.705251 -0.942918 0.318752 0.0964494 -0.263749 0.327208 0.940636 0.0902118 0.485644 
1533677881919 0 0 0 0 0 0 0 0 0 0 0 0 
1533677881929 -0.0620327 0.116527 -0.991248 -0.705207 -0.942927 0.318718 0.0964758 -0.263744 0.327171 0.94066 0.0901053 0.485545 
1533677881939 -0.0620937 0.116433 -0.991256 -0.705153 -0.942936 0.318684 0.0964997 -0.26373 0.327133 0.940682 0.0900007 0.485441 
1533677881949 -0.062155 0.116339 -0.991263 -0.7051 -0.942945 0.318651 0.0965237 -0.263716 0.327096 0.940706 0.089896 0.485337 
1533677881959 -0.0622153 0.116246 -0.99127 -0.705045 -0.942954 0.318617 0.096547 -0.263701 0.327059 0.940728 0.0897919 0.485232 
1533677881969 -0.0622761 0.116153 -0.991277 -0.70499 -0.942963 0.318584 0.0965707 -0.263686 0.327022 0.940751 0.0896875 0.485128 
1533677881979 -0.0623373 0.116059 -0.991284 -0.704937 -0.942972 0.31855 0.0965948 -0.263672 0.326984 0.940774 0.0895827 0.485024 
1533677881989 -0.0623978 0.115966 -0.991291 -0.704883 -0.94298 0.318516 0.0966183 -0.263657 0.326947 0.940797 0.0894785 0.484919 
1533677881999 -0.062459 0.115872 -0.991298 -0.704829 -0.942989 0.318483 0.0966423 -0.263644 0.32691 0.94082 0.0893738 0.484815 
1533677882009 -0.0625194 0.115778 -0.991306 -0.704774 -0.942998 0.318449 0.0966657 -0.263628 0.326872 0.940843 0.0892696 0.48471 
1533677882037 -0.0625194 0.115778 -0.991306 -0.704774 -0.942998 0.318449 0.0966657 -0.263628 0.326872 0.940843 0.0892696 0.48471 
1533677882040 0 0 0 0 0 0 0 0 0 0 0 0 
1533677882050 -0.0625518 0.115952 -0.991283 -0.704691 -0.942935 0.318604 0.0967685 -0.263575 0.327048 0.940769 0.0894056 0.484682 
1533677882060 -0.062524 0.116218 -0.991254 -0.704664 -0.942863 0.318793 0.0968482 -0.263538 0.32726 0.940672 0.0896456 0.484758 
1533677882070 -0.0624952 0.116485 -0.991224 -0.704634 -0.942792 0.318982 0.0969271 -0.263499 0.327473 0.940575 0.0898862 0.484833 
1533677882080 -0.0624674 0.116751 -0.991195 -0.704606 -0.94272 0.31917 0.0970069 -0.263461 0.327685 0.940478 0.0901261 0.484909 
1533677882090 -0.0624388 0.117018 -0.991165 -0.704577 -0.942648 0.319358 0.0970862 -0.263423 0.327898 0.940381 0.0903664 0.484985 
1533677882100 -0.0624101 0.117285 -0.991135 -0.704548 -0.942575 0.319547 0.0971655 -0.263384 0.32811 0.940284 0.0906068 0.48506 
1533677882110 -0.0623819 0.117551 -0.991106 -0.70452 -0.942503 0.319735 0.0972453 -0.263346 0.328323 0.940187 0.0908467 0.485136 
1533677882120 -0.0623529 0.117818 -0.991076 -0.704491 -0.942431 0.319924 0.0973246 -0.263307 0.328535 0.940089 0.0910871 0.485212 
1533677882130 -0.0623245 0.118084 -0.991046 -0.704462 -0.942359 0.320112 0.0974045 -0.26327 0.328748 0.939992 0.091327 0.485288 
1533677882159 -0.0623245 0.118084 -0.991046 -0.704462 -0.942359 0.320112 0.0974045 -0.26327 0.328748 0.939992 0.091327 0.485288 
1533677882162 0 0 0 0 0 0 0 0 0 0 0 0 
1533677882172 -0.0624921 0.118211 -0.99102 -0.704466 -0.942405 0.319921 0.0975875 -0.263188 0.328584 0.940041 0.0914106 0.485521 
1533677882182 -0.0626947 0.118069 -0.991024 -0.704511 -0.942523 0.31954 0.0976961 -0.263157 0.328207 0.940188 0.0912497 0.485687 
1533677882192 -0.0628966 0.117928 -0.991028 -0.704555 -0.942641 0.319159 0.0978041 -0.263125 0.32783 0.940335 0.0910894 0.485852 
1533677882202 -0.0630982 0.117786 -0.991032 -0.704599 -0.942758 0.318779 0.0979121 -0.263092 0.327453 0.940482 0.0909293 0.486017 
1533677882212 -0.0633 0.117644 -0.991036 -0.704643 -0.942876 0.318398 0.0980202 -0.26306 0.327075 0.940629 0.0907691 0.486182 
1533677882222 -0.0635018 0.117502 -0.99104 -0.704687 -0.942993 0.318017 0.0981285 -0.263027 0.326698 0.940776 0.0906088 0.486348 
1533677882232 -0.063703 0.11736 -0.991044 -0.70473 -0.94311 0.317636 0.0982364 -0.262994 0.32632 0.940922 0.090449 0.486512 
1533677882242 -0.0639048 0.117218 -0.991048 -0.704774 -0.943227 0.317255 0.098345 -0.262963 0.325943 0.941068 0.0902887 0.486678 
1533677882252 -0.064106 0.117075 -0.991052 -0.704818 -0.943344 0.316874 0.0984531 -0.26293 0.325565 0.941214 0.0901288 0.486842 
1533677882277 0 0 0 0 0 0 0 0 0 0 0 0 
1533677882277 0 0 0 0 0 0 0 0 0 0 0 0 
1533677882280 0 0 0 0 0 0 0 0 0 0 0 0 
1533677882290 -0.064106 0.117075 -0.991052 -0.704818 -0.943344 0.316874 0.0984531 -0.26293 0.325565 0.941214 0.0901288 0.486842 
1533677882300 -0.0648782 0.1169 -0.991022 -0.704723 -0.943539 0.316103 0.0990568 -0.263124 0.324845 0.941495 0.0897914 0.486982 
1533677882310 -0.0654491 0.116866 -0.990989 -0.704584 -0.943618 0.315713 0.0995523 -0.263351 0.324503 0.94163 0.089614 0.486958 
1533677882320 -0.0660196 0.116833 -0.990955 -0.704445 -0.943696 0.315324 0.100047 -0.263578 0.32416 0.941765 0.089437 0.486932 
1533677882330 -0.0665903 0.116799 -0.990921 -0.704306 -0.943773 0.314934 0.100543 -0.263805 0.323818 0.9419 0.08926 0.486907 
1533677882340 -0.0671611 0.116765 -0.990886 -0.704167 -0.94385 0.314544 0.101039 -0.264032 0.323475 0.942034 0.0890832 0.486883 
1533677882350 -0.067732 0.11673 -0.990851 -0.704029 -0.943927 0.314154 0.101534 -0.264259 0.323132 0.942168 0.0889065 0.486858 
1533677882360 -0.0683022 0.116696 -0.990816 -0.703889 -0.944003 0.313764 0.102029 -0.264486 0.322789 0.942303 0.0887303 0.486832 
1533677882370 -0.0688731 0.116661 -0.990781 -0.703751 -0.944079 0.313374 0.102525 -0.264713 0.322446 0.942437 0.0885539 0.486808 
1533677882380 -0.0694433 0.116626 -0.990745 -0.703611 -0.944154 0.312984 0.103021 -0.26494 0.322102 0.942571 0.088378 0.486783 
1533677882408 -0.0694433 0.116626 -0.990745 -0.703611 -0.944154 0.312984 0.103021 -0.26494 0.322102 0.942571 0.088378 0.486783 
1533677882411 0 0 0 0 0 0 0 0 0 0 0 0 
1533677882421 -0.0699643 0.116306 -0.990746 -0.703429 -0.944305 0.312418 0.10336 -0.265036 0.321548 0.942798 0.0879706 0.486614 
1533677882432 -0.0699174 0.116021 -0.990783 -0.703393 -0.94438 0.31224 0.103206 -0.264913 0.321336 0.942892 0.0877368 0.486473 
1533677882441 -0.0698707 0.115736 -0.990819 -0.70335 -0.944456 0.312063 0.103053 -0.264786 0.321125 0.942986 0.0875036 0.486332 
1533677882451 -0.0698216 0.115452 -0.990856 -0.703306 -0.944531 0.311886 0.102897 -0.264657 0.320914 0.943079 0.0872715 0.486189 
1533677882462 -0.0697718 0.115168 -0.990893 -0.703261 -0.944607 0.311709 0.102741 -0.264526 0.320703 0.943172 0.0870399 0.486044 
1533677882471 -0.0697223 0.114884 -0.990929 -0.703217 -0.944682 0.311532 0.102586 -0.264396 0.320492 0.943265 0.0868079 0.4859 
1533677882481 -0.0696732 0.114599 -0.990965 -0.703173 -0.944757 0.311355 0.102431 -0.264267 0.32028 0.943358 0.0865756 0.485757 
1533677882491 -0.0696233 0.114315 -0.991002 -0.703129 -0.944832 0.311178 0.102275 -0.264137 0.320069 0.943451 0.0863438 0.485613 
1533677882502 -0.0695733 0.114032 -0.991038 -0.703084 -0.944908 0.311001 0.102119 -0.264006 0.319858 0.943544 0.0861119 0.485469 
1533677882520 0 0 0 0 0 0 0 0 0 0 0 0 
1533677882520 0 0 0 0 0 0 0 0 0 0 0 0 
1533677882531 -0.0695733 0.114032 -0.991038 -0.703084 -0.944908 0.311001 0.102119 -0.264006 0.319858 0.943544 0.0861119 0.485469 
1533677882541 -0.0703558 0.114721 -0.990903 -0.702888 -0.944983 0.310467 0.103039 -0.263753 0.319464 0.943636 0.0865659 0.4854 
1533677882551 -0.0711877 0.115694 -0.990731 -0.702735 -0.944983 0.31011 0.104114 -0.26363 0.319281 0.943635 0.0872525 0.485474 
1533677882561 -0.0720202 0.116666 -0.990556 -0.702584 -0.944981 0.309751 0.105189 -0.263507 0.319098 0.943633 0.087939 0.485549 
1533677882571 -0.0728529 0.117638 -0.990381 -0.702433 -0.944979 0.309392 0.106263 -0.263384 0.318916 0.94363 0.0886255 0.485624 
1533677882581 -0.0736857 0.11861 -0.990203 -0.702281 -0.944975 0.309031 0.107337 -0.263262 0.318735 0.943627 0.0893122 0.485698 
1533677882591 -0.0745183 0.119581 -0.990024 -0.702128 -0.944971 0.30867 0.10841 -0.263138 0.318554 0.943622 0.0899993 0.485773 
1533677882601 -0.0753513 0.120552 -0.989843 -0.701977 -0.944966 0.308307 0.109483 -0.263016 0.318374 0.943618 0.0906863 0.485848 
1533677882611 -0.0761845 0.121523 -0.989661 -0.701825 -0.944959 0.307943 0.110556 -0.262893 0.318194 0.943612 0.0913734 0.485922 
1533677882621 -0.0770177 0.122493 -0.989477 -0.701674 -0.944952 0.307578 0.111629 -0.26277 0.318015 0.943605 0.0920607 0.485997 
1533677882647 0 0 0 0 0 0 0 0 0 0 0 0 
1533677882647 0 0 0 0 0 0 0 0 0 0 0 0 
1533677882650 0 0 0 0 0 0 0 0 0 0 0 0 
1533677882660 -0.0770177 0.122493 -0.989477 -0.701674 -0.944952 0.307578 0.111629 -0.26277 0.318015 0.943605 0.0920607 0.485997 
1533677882670 -0.0772022 0.123687 -0.989314 -0.70144 -0.944891 0.307564 0.112188 -0.262652 0.318153 0.943454 0.0931263 0.48587 
1533677882680 -0.0765522 0.123912 -0.989336 -0.701357 -0.944837 0.307916 0.111675 -0.262655 0.31847 0.94331 0.0935052 0.485668 
1533677882690 -0.0759027 0.124137 -0.989358 -0.701275 -0.944782 0.308268 0.111162 -0.262659 0.318786 0.943165 0.093884 0.485465 
1533677882700 -0.0752527 0.124361 -0.989379 -0.701192 -0.944728 0.30862 0.110649 -0.262662 0.319103 0.943021 0.0942631 0.485263 
1533677882710 -0.0746025 0.124586 -0.9894 -0.701109 -0.944673 0.308972 0.110136 -0.262665 0.319419 0.942876 0.0946425 0.48506 
1533677882720 -0.0739522 0.12481 -0.989421 -0.701026 -0.944617 0.309325 0.109623 -0.262668 0.319734 0.942731 0.0950222 0.484857 
1533677882730 -0.0733022 0.125033 -0.989441 -0.700945 -0.944561 0.309677 0.10911 -0.262672 0.320049 0.942585 0.0954016 0.484655 
1533677882740 -0.0726515 0.125257 -0.989461 -0.700861 -0.944504 0.31003 0.108598 -0.262674 0.320365 0.94244 0.0957816 0.484452 
1533677882750 -0.0720013 0.12548 -0.98948 -0.700779 -0.944447 0.310382 0.108085 -0.262678 0.320679 0.942294 0.0961614 0.48425 
1533677882781 0 0 0 0 0 0 0 0 0 0 0 0 
1533677882781 0 0 0 0 0 0 0 0 0 0 0 0 
1533677882791 -0.0720013 0.12548 -0.98948 -0.700779 -0.944447 0.310382 0.108085 -0.262678 0.320679 0.942294 0.0961614 0.48425 
1533677882801 -0.0715404 0.127436 -0.989263 -0.700558 -0.944312 0.310712 0.108315 -0.26264 0.321179 0.941923 0.0981109 0.483987 
1533677882811 -0.0717301 0.129168 -0.989025 -0.700421 -0.944235 0.310688 0.109058 -0.262599 0.321365 0.941695 0.0996795 0.483927 
1533677882821 -0.0719193 0.1309 -0.988783 -0.700283 -0.944157 0.310662 0.109801 -0.262558 0.321551 0.941464 0.101248 0.483866 
1533677882831 -0.072108 0.132632 -0.988539 -0.700145 -0.944079 0.310636 0.110543 -0.262516 0.321737 0.94123 0.102816 0.483806 
1533677882841 -0.0722963 0.134363 -0.988291 -0.700006 -0.944001 0.310608 0.111285 -0.262474 0.321923 0.940994 0.104383 0.483745 
1533677882851 -0.0724847 0.136094 -0.988041 -0.699869 -0.943923 0.310578 0.112028 -0.262434 0.32211 0.940755 0.10595 0.483685 
1533677882861 -0.0726722 0.137824 -0.987787 -0.69973 -0.943845 0.310548 0.11277 -0.262392 0.322297 0.940513 0.107517 0.483624 
1533677882871 -0.0728598 0.139554 -0.98753 -0.699593 -0.943766 0.310516 0.113512 -0.262351 0.322485 0.940268 0.109083 0.483564 
1533677882881 -0.0730471 0.141284 -0.98727 -0.699456 -0.943688 0.310482 0.114254 -0.26231 0.322672 0.940021 0.110648 0.483504 
1533677882910 0 0 0 0 0 0 0 0 0 0 0 0 
1533677882910 0 0 0 0 0 0 0 0 0 0 0 0 
1533677882920 -0.0730471 0.141284 -0.98727 -0.699456 -0.943688 0.310482 0.114254 -0.26231 0.322672 0.940021 0.110648 0.483504 
1533677882930 -0.0747271 0.141493 -0.987115 -0.699196 -0.943848 0.309418 0.115804 -0.262453 0.321817 0.94034 0.110426 0.483889 
1533677882940 -0.0762235 0.139968 -0.987218 -0.699086 -0.944085 0.308388 0.116617 -0.262647 0.320769 0.940907 0.108635 0.484339 
1533677882950 -0.0777174 0.138442 -0.987317 -0.698974 -0.94432 0.307359 0.117431 -0.26284 0.319718 0.941469 0.106846 0.484789 
1533677882960 -0.0792104 0.136913 -0.987411 -0.698864 -0.944552 0.306331 0.118248 -0.263034 0.318665 0.942028 0.105057 0.48524 
1533677882970 -0.0807011 0.135382 -0.987501 -0.698754 -0.944782 0.305304 0.119066 -0.263228 0.317608 0.942582 0.103268 0.48569 
1533677882980 -0.0821895 0.13385 -0.987587 -0.698642 -0.945009 0.304278 0.119886 -0.26342 0.316548 0.943133 0.101481 0.48614 
1533677882990 -0.0836768 0.132315 -0.987669 -0.698532 -0.945234 0.303252 0.120708 -0.263614 0.315485 0.943679 0.0996938 0.48659 
1533677883000 -0.0851623 0.130779 -0.987747 -0.698421 -0.945457 0.302228 0.121531 -0.263808 0.314418 0.944222 0.0979072 0.487041 
1533677883010 -0.0866453 0.12924 -0.987821 -0.69831 -0.945677 0.301204 0.122356 -0.264001 0.313349 0.944761 0.0961216 0.48749 
1533677883037 0 0 0 0 0 0 0 0 0 0 0 0 
1533677883037 0 0 0 0 0 0 0 0 0 0 0 0 
1533677883041 0 0 0 0 0 0 0 0 0 0 0 0 
1533677883051 -0.0866453 0.12924 -0.987821 -0.69831 -0.945677 0.301204 0.122356 -0.264001 0.313349 0.944761 0.0961216 0.48749 
1533677883061 -0.0885636 0.128563 -0.987739 -0.698049 -0.946386 0.298417 0.123697 -0.264224 0.31066 0.945737 0.0952411 0.488422 
1533677883071 -0.0890019 0.129425 -0.987587 -0.697899 -0.946874 0.29665 0.124209 -0.264253 0.309043 0.946176 0.0961465 0.488903 
1533677883081 -0.089441 0.130286 -0.987434 -0.697748 -0.947359 0.294882 0.124719 -0.264281 0.307426 0.94661 0.0970532 0.489383 
1533677883091 -0.0898823 0.131146 -0.98728 -0.697598 -0.947841 0.293113 0.125228 -0.26431 0.305807 0.94704 0.0979601 0.489864 
1533677883101 -0.0903244 0.132006 -0.987125 -0.697447 -0.94832 0.291342 0.125734 -0.264339 0.304189 0.947467 0.0988683 0.490345 
1533677883111 -0.090768 0.132864 -0.986969 -0.697295 -0.948795 0.28957 0.126239 -0.264367 0.30257 0.94789 0.0997773 0.490825 
1533677883121 -0.0912137 0.133722 -0.986812 -0.697146 -0.949268 0.287797 0.126742 -0.264396 0.30095 0.94831 0.100687 0.491307 
1533677883131 -0.0916603 0.134578 -0.986654 -0.696995 -0.949737 0.286022 0.127244 -0.264425 0.299329 0.948725 0.101597 0.491787 
1533677883141 -0.0921083 0.135434 -0.986496 -0.696844 -0.950203 0.284246 0.127743 -0.264453 0.297708 0.949137 0.102508 0.492268 
1533677883167 0 0 0 0 0 0 0 0 0 0 0 0 
1533677883167 0 0 0 0 0 0 0 0 0 0 0 0 
1533677883171 0 0 0 0 0 0 0 0 0 0 0 0 
1533677883181 -0.0921083 0.135434 -0.986496 -0.696844 -0.950203 0.284246 0.127743 -0.264453 0.297708 0.949137 0.102508 0.492268 
1533677883191 -0.0934888 0.136171 -0.986264 -0.696626 -0.950762 0.281785 0.129029 -0.264332 0.295484 0.949766 0.103122 0.49318 
1533677883201 -0.0944195 0.136052 -0.986192 -0.696559 -0.950857 0.281101 0.129816 -0.264183 0.294881 0.949985 0.102825 0.493612 
1533677883211 -0.0953498 0.135933 -0.986119 -0.696491 -0.950952 0.280417 0.130604 -0.264033 0.294278 0.950204 0.102528 0.494043 
1533677883221 -0.0962801 0.135813 -0.986045 -0.696424 -0.951044 0.279733 0.131392 -0.263883 0.293674 0.950423 0.102231 0.494475 
1533677883231 -0.0972104 0.135692 -0.985971 -0.696357 -0.951136 0.279049 0.132179 -0.263734 0.29307 0.950641 0.101935 0.494906 
1533677883241 -0.0981406 0.135571 -0.985895 -0.69629 -0.951227 0.278365 0.132968 -0.263585 0.292465 0.950859 0.101639 0.495338 
1533677883251 -0.0990701 0.135449 -0.985819 -0.696222 -0.951316 0.277681 0.133755 -0.263434 0.29186 0.951077 0.101345 0.495769 
1533677883261 -0.1 0.135326 -0.985742 -0.696155 -0.951405 0.276997 0.134544 -0.263286 0.291255 0.951294 0.10105 0.496201 
1533677883271 -0.100929 0.135203 -0.985664 -0.696088 -0.951492 0.276313 0.135332 -0.263135 0.290649 0.95151 0.100756 0.496632 
