1534195939430 -0.07429 0.478547 -0.874914 -0.420761 -0.962445 0.195313 0.188552 -0.247014 0.261113 0.856064 0.446065 0.477852 
1534195943795 -0.0742891 0.478546 -0.874914 -0.420761 -0.962445 0.195316 0.188552 -0.247014 0.261116 0.856064 0.446065 0.477853 
1534195944986 -0.0566493 0.52294 -0.850485 -0.447536 -0.962356 0.198205 0.185971 -0.256174 0.265822 0.829005 0.492026 0.472442 
1534195946165 -0.0369949 0.565531 -0.823897 -0.460862 -0.962219 0.202392 0.18213 -0.254136 0.269751 0.799508 0.536677 0.465087 
1534195947749 -0.0166008 0.605643 -0.795564 -0.479654 -0.96204 0.2071 0.177734 -0.254055 0.272405 0.768314 0.579214 0.461306 
1534195949679 0.00361743 0.644472 -0.764619 -0.498761 -0.962048 0.210878 0.17319 -0.254854 0.272858 0.734974 0.620775 0.455283 
