1530550473227 -0.014256 -0.156733 0.987538 0.352352 -0.994591 0.103848 0.00212388 -0.490725 -0.102886 -0.982166 -0.157366 0.441079 
1530550478901 -0.0142562 -0.156732 0.987538 0.352353 -0.994591 0.10385 0.00212401 -0.490725 -0.102888 -0.982166 -0.157365 0.441079 
1530550479032 -0.0142495 -0.156558 0.987566 0.352651 -0.994594 0.103815 0.00210684 -0.490738 -0.102854 -0.982198 -0.157191 0.441128 
1530550479167 -0.0151057 -0.157213 0.987449 0.355194 -0.994575 0.104016 0.00134582 -0.490671 -0.102922 -0.982072 -0.157931 0.440951 
1530550479393 -0.0154144 -0.157339 0.987424 0.361307 -0.994622 0.103566 0.000975729 -0.49033 -0.102417 -0.982099 -0.15809 0.441 
1530550479514 -0.0149214 -0.157239 0.987448 0.364685 -0.99462 0.10358 0.00146409 -0.490012 -0.10251 -0.982114 -0.157939 0.440957 
1530550479642 -0.0151364 -0.157369 0.987424 0.367806 -0.99457 0.104059 0.00133826 -0.489785 -0.102961 -0.982042 -0.15809 0.440791 
1530550479767 -0.0149502 -0.157445 0.987415 0.370975 -0.994564 0.10412 0.0015436 -0.489513 -0.103052 -0.982024 -0.158145 0.440692 
1530550479862 -0.0148831 -0.15724 0.987448 0.373266 -0.99457 0.104061 0.00158 -0.489254 -0.103003 -0.982063 -0.157934 0.440827 
1530550479875 -0.0149337 -0.157217 0.987451 0.373544 -0.994555 0.104206 0.00154991 -0.489201 -0.103142 -0.982051 -0.157917 0.440793 
1530550480005 -0.0142284 -0.157353 0.98744 0.376329 -0.994514 0.104577 0.00233446 -0.488704 -0.10363 -0.98199 -0.157978 0.440484 
1530550480022 -0.0142203 -0.157203 0.987464 0.376494 -0.994492 0.104786 0.00236022 -0.488673 -0.103843 -0.981991 -0.157828 0.440469 
1530550480039 -0.0142393 -0.157217 0.987461 0.376551 -0.99448 0.1049 0.00236094 -0.488656 -0.103956 -0.981977 -0.157843 0.440423 
1530550480055 -0.0142854 -0.157299 0.987448 0.376564 -0.994474 0.104958 0.00233254 -0.488651 -0.104007 -0.981958 -0.157929 0.440373 
1530550480072 -0.0143495 -0.157347 0.987439 0.376565 -0.994471 0.104985 0.00227755 -0.488652 -0.104025 -0.981947 -0.157983 0.440353 
1530550480258 -0.0146828 -0.157339 0.987435 0.377447 -0.994451 0.105179 0.0019722 -0.488907 -0.104168 -0.981928 -0.15801 0.440451 
1530550480306 -0.0146345 -0.157398 0.987427 0.378254 -0.994482 0.10489 0.00198075 -0.489147 -0.103883 -0.981949 -0.158064 0.44064 
1530550480353 -0.0143286 -0.157166 0.987468 0.379028 -0.994549 0.104247 0.00216069 -0.489302 -0.10328 -0.982055 -0.157803 0.440965 
1530550480389 -0.014725 -0.157302 0.987441 0.379602 -0.994557 0.104181 0.00176516 -0.489465 -0.10315 -0.98204 -0.15798 0.441094 
1530550480403 -0.0148249 -0.157358 0.98743 0.379815 -0.994554 0.104207 0.00167475 -0.489526 -0.103161 -0.982028 -0.158046 0.441125 
1530550480526 -0.014947 -0.157596 0.987391 0.382114 -0.99449 0.104819 0.00167547 -0.489519 -0.103761 -0.981925 -0.158295 0.441003 
1530550480543 -0.0147434 -0.157559 0.9874 0.382385 -0.99448 0.104905 0.00189044 -0.489456 -0.103881 -0.981922 -0.158236 0.440966 
1530550480563 -0.0146566 -0.157549 0.987402 0.382589 -0.994465 0.105051 0.00200049 -0.489413 -0.104043 -0.981908 -0.158217 0.4409 
1530550480583 -0.014678 -0.157535 0.987404 0.382685 -0.994448 0.105212 0.00200323 -0.489385 -0.104202 -0.981893 -0.158204 0.440851 
1530550480600 -0.0146605 -0.157533 0.987405 0.382706 -0.994444 0.10525 0.00202685 -0.489378 -0.104244 -0.981889 -0.158201 0.440843 
1530550480620 -0.0146702 -0.157531 0.987405 0.38271 -0.994444 0.105252 0.00201716 -0.489383 -0.104244 -0.981889 -0.158199 0.44085 
1530550480704 -0.0146364 -0.157535 0.987405 0.382768 -0.994441 0.105276 0.00205553 -0.48938 -0.104274 -0.981886 -0.1582 0.440851 
1530550480718 -0.0146383 -0.157542 0.987404 0.382787 -0.994439 0.105292 0.00205694 -0.489384 -0.10429 -0.981883 -0.158207 0.44085 
1530550480841 -0.0145218 -0.157616 0.987394 0.383879 -0.994453 0.105163 0.00216146 -0.489785 -0.104178 -0.981885 -0.158269 0.441091 
1530550480858 -0.0144167 -0.157588 0.9874 0.384065 -0.994472 0.104977 0.00223433 -0.48985 -0.104007 -0.981909 -0.158231 0.441166 
1530550480879 -0.0143653 -0.157542 0.987408 0.384288 -0.99449 0.104812 0.00225448 -0.489932 -0.103847 -0.981934 -0.158179 0.441248 
1530550480896 -0.0143825 -0.157518 0.987411 0.384394 -0.99449 0.104812 0.00223466 -0.489964 -0.103844 -0.981938 -0.158158 0.441267 
1530550480913 -0.0144499 -0.157522 0.98741 0.384476 -0.994478 0.104927 0.0021857 -0.489986 -0.10395 -0.981925 -0.158168 0.441244 
1530550480929 -0.0146269 -0.1576 0.987395 0.384547 -0.994453 0.10516 0.00205339 -0.490008 -0.104158 -0.981888 -0.158264 0.441169 
1530550480946 -0.0146962 -0.157639 0.987387 0.384589 -0.994439 0.105291 0.00200883 -0.490018 -0.10428 -0.981867 -0.15831 0.441121 
1530550480963 -0.0146728 -0.157631 0.987389 0.384626 -0.994428 0.105399 0.00204897 -0.490017 -0.104393 -0.981857 -0.1583 0.441088 
1530550480979 -0.0146862 -0.157624 0.98739 0.384643 -0.99442 0.105473 0.00204665 -0.490023 -0.104465 -0.98185 -0.158294 0.441071 
1530550481106 -0.0146094 -0.157576 0.987399 0.384686 -0.994428 0.105397 0.00210664 -0.490031 -0.104401 -0.981866 -0.158238 0.441119 
1530550481123 -0.0146041 -0.157573 0.987399 0.384689 -0.994429 0.105389 0.0021104 -0.490032 -0.104394 -0.981867 -0.158235 0.441122 
1530550481143 -0.0145978 -0.15757 0.9874 0.384692 -0.99443 0.105377 0.00211445 -0.490034 -0.104383 -0.981869 -0.15823 0.441126 
1530550481160 -0.0145955 -0.157568 0.9874 0.384693 -0.99443 0.105373 0.00211597 -0.490035 -0.104379 -0.98187 -0.158229 0.441128 
1530550481176 -0.0145928 -0.157567 0.9874 0.384694 -0.994431 0.10537 0.00211798 -0.490035 -0.104376 -0.981871 -0.158227 0.441129 
1530550481193 -0.0145896 -0.157565 0.987401 0.384696 -0.994431 0.105364 0.0021201 -0.490036 -0.104371 -0.981871 -0.158225 0.441131 
1530550481210 -0.0145875 -0.157564 0.987401 0.384697 -0.994432 0.10536 0.0021213 -0.490036 -0.104367 -0.981872 -0.158224 0.441133 
1530550481226 -0.0145884 -0.157565 0.987401 0.384696 -0.994432 0.105362 0.00212078 -0.490036 -0.104368 -0.981872 -0.158224 0.441132 
1530550481243 -0.0145879 -0.157564 0.987401 0.384696 -0.994432 0.105361 0.00212118 -0.490036 -0.104368 -0.981872 -0.158224 0.441133 
1530550481366 -0.0145882 -0.157564 0.987401 0.384696 -0.994432 0.105361 0.00212093 -0.490036 -0.104368 -0.981872 -0.158224 0.441132 
1530550481383 -0.0145884 -0.157564 0.987401 0.384696 -0.994432 0.105362 0.00212078 -0.490036 -0.104368 -0.981872 -0.158224 0.441132 
1530550481400 -0.0145885 -0.157564 0.987401 0.384696 -0.994432 0.105362 0.00212062 -0.490036 -0.104368 -0.981872 -0.158224 0.441132 
1530550481420 -0.0145885 -0.157564 0.987401 0.384696 -0.994432 0.105362 0.00212068 -0.490036 -0.104368 -0.981872 -0.158224 0.441132 
1530550481436 -0.0145884 -0.157564 0.987401 0.384696 -0.994432 0.105361 0.00212072 -0.490036 -0.104368 -0.981872 -0.158224 0.441132 
1530550481453 -0.0145882 -0.157564 0.987401 0.384696 -0.994432 0.105361 0.00212094 -0.490036 -0.104368 -0.981872 -0.158224 0.441132 
1530550481470 -0.0145882 -0.157564 0.987401 0.384697 -0.994432 0.105362 0.00212096 -0.490036 -0.104368 -0.981872 -0.158224 0.441132 
1530550481486 -0.0145882 -0.157564 0.987401 0.384696 -0.994432 0.105361 0.00212095 -0.490036 -0.104368 -0.981872 -0.158224 0.441132 
1530550481503 -0.0145882 -0.157564 0.987401 0.384696 -0.994432 0.105361 0.00212095 -0.490036 -0.104368 -0.981872 -0.158224 0.441132 
1530550481624 -0.0145885 -0.157564 0.987401 0.384696 -0.994432 0.105362 0.00212064 -0.490036 -0.104368 -0.981872 -0.158224 0.441132 
1530550481641 -0.0145885 -0.157564 0.987401 0.384696 -0.994432 0.105361 0.00212063 -0.490036 -0.104368 -0.981872 -0.158224 0.441132 
1530550481658 -0.0145885 -0.157564 0.987401 0.384697 -0.994432 0.105361 0.00212059 -0.490036 -0.104368 -0.981872 -0.158224 0.441132 
1530550481674 -0.0145887 -0.157564 0.987401 0.384696 -0.994432 0.105361 0.00212038 -0.490036 -0.104368 -0.981872 -0.158224 0.441132 
1530550481691 -0.0145886 -0.157564 0.987401 0.384696 -0.994432 0.105361 0.00212047 -0.490036 -0.104368 -0.981872 -0.158224 0.441132 
1530550481708 -0.0145886 -0.157564 0.987401 0.384696 -0.994432 0.105361 0.00212055 -0.490036 -0.104368 -0.981872 -0.158224 0.441132 
1530550481724 -0.0145886 -0.157564 0.987401 0.384696 -0.994432 0.105361 0.00212047 -0.490036 -0.104368 -0.981872 -0.158224 0.441132 
1530550481741 -0.0145885 -0.157564 0.987401 0.384696 -0.994432 0.105361 0.00212053 -0.490036 -0.104368 -0.981872 -0.158224 0.441133 
1530550481758 -0.0145882 -0.157564 0.987401 0.384697 -0.994432 0.105361 0.0021209 -0.490036 -0.104368 -0.981872 -0.158224 0.441132 
1530550481774 -0.0145886 -0.157564 0.987401 0.384696 -0.994432 0.105361 0.00212049 -0.490036 -0.104368 -0.981872 -0.158224 0.441133 
1530550481921 -0.0145886 -0.157564 0.987401 0.384697 -0.994432 0.105361 0.00212054 -0.490036 -0.104368 -0.981872 -0.158224 0.441133 
1530550481938 -0.0145886 -0.157564 0.987401 0.384697 -0.994432 0.105361 0.00212049 -0.490036 -0.104368 -0.981872 -0.158224 0.441132 
1530550481954 -0.0145886 -0.157564 0.987401 0.384697 -0.994432 0.105361 0.00212053 -0.490036 -0.104368 -0.981872 -0.158224 0.441132 
1530550481971 -0.0145887 -0.157564 0.987401 0.384696 -0.994432 0.105361 0.00212044 -0.490036 -0.104368 -0.981872 -0.158224 0.441132 
1530550481988 -0.0145885 -0.157564 0.987401 0.384697 -0.994432 0.105361 0.00212053 -0.490036 -0.104368 -0.981872 -0.158224 0.441133 
1530550482005 -0.0145887 -0.157564 0.987401 0.384697 -0.994432 0.105361 0.00212043 -0.490036 -0.104368 -0.981872 -0.158224 0.441132 
1530550482021 -0.0145887 -0.157564 0.987401 0.384697 -0.994432 0.105361 0.00212035 -0.490036 -0.104368 -0.981872 -0.158224 0.441132 
1530550482038 -0.0145888 -0.157564 0.987401 0.384697 -0.994432 0.105361 0.00212034 -0.490036 -0.104368 -0.981872 -0.158224 0.441132 
1530550482054 -0.0145887 -0.157564 0.987401 0.384697 -0.994432 0.105361 0.00212044 -0.490036 -0.104368 -0.981872 -0.158224 0.441132 
1530550482071 -0.0145887 -0.157564 0.987401 0.384697 -0.994432 0.105361 0.00212039 -0.490036 -0.104368 -0.981872 -0.158224 0.441133 
1530550482191 -0.0145884 -0.157564 0.987401 0.384697 -0.994432 0.105361 0.00212064 -0.490036 -0.104368 -0.981872 -0.158224 0.441133 
1530550482208 -0.0145887 -0.157564 0.987401 0.384697 -0.994432 0.105361 0.00212041 -0.490036 -0.104368 -0.981872 -0.158224 0.441132 
1530550482224 -0.0145889 -0.157564 0.987401 0.384697 -0.994432 0.105361 0.00212024 -0.490036 -0.104368 -0.981872 -0.158224 0.441132 
1530550482241 -0.0145888 -0.157564 0.987401 0.384697 -0.994432 0.105361 0.00212029 -0.490036 -0.104368 -0.981872 -0.158224 0.441132 
1530550482258 -0.0145888 -0.157564 0.987401 0.384697 -0.994432 0.105361 0.00212029 -0.490036 -0.104368 -0.981872 -0.158224 0.441132 
1530550482275 -0.0145886 -0.157564 0.987401 0.384697 -0.994432 0.105361 0.00212045 -0.490036 -0.104368 -0.981872 -0.158224 0.441133 
1530550482291 -0.0145885 -0.157564 0.987401 0.384697 -0.994432 0.105361 0.00212054 -0.490036 -0.104368 -0.981872 -0.158224 0.441133 
1530550482308 -0.014589 -0.157564 0.987401 0.384697 -0.994432 0.105361 0.00212012 -0.490036 -0.104368 -0.981872 -0.158224 0.441133 
1530550482324 -0.0145887 -0.157564 0.987401 0.384697 -0.994432 0.105362 0.00212044 -0.490036 -0.104368 -0.981872 -0.158224 0.441132 
1530550482341 -0.0145889 -0.157564 0.987401 0.384697 -0.994432 0.105361 0.00212018 -0.490036 -0.104368 -0.981872 -0.158224 0.441132 
1530550482458 -0.0145886 -0.157564 0.987401 0.384697 -0.994432 0.105361 0.00212051 -0.490036 -0.104368 -0.981872 -0.158224 0.441133 
1530550482474 -0.0145887 -0.157564 0.987401 0.384697 -0.994432 0.105361 0.00212035 -0.490036 -0.104367 -0.981872 -0.158224 0.441133 
1530550482491 -0.0145888 -0.157564 0.987401 0.384697 -0.994432 0.105361 0.00212029 -0.490036 -0.104368 -0.981872 -0.158224 0.441133 
1530550482508 -0.014589 -0.157564 0.987401 0.384697 -0.994432 0.105361 0.00212015 -0.490036 -0.104368 -0.981872 -0.158224 0.441132 
1530550482524 -0.0145888 -0.157564 0.987401 0.384697 -0.994432 0.105361 0.00212024 -0.490036 -0.104368 -0.981872 -0.158224 0.441133 
1530550482541 -0.0145888 -0.157564 0.987401 0.384697 -0.994432 0.105361 0.00212029 -0.490036 -0.104368 -0.981872 -0.158224 0.441133 
1530550482558 -0.0145887 -0.157564 0.987401 0.384697 -0.994432 0.105361 0.00212044 -0.490036 -0.104368 -0.981872 -0.158224 0.441133 
1530550482574 -0.014589 -0.157564 0.987401 0.384697 -0.994432 0.105361 0.00212013 -0.490036 -0.104368 -0.981872 -0.158224 0.441132 
1530550482591 -0.0145889 -0.157564 0.987401 0.384697 -0.994432 0.105361 0.00212019 -0.490036 -0.104368 -0.981872 -0.158224 0.441132 
1530550482608 -0.014589 -0.157564 0.987401 0.384697 -0.994432 0.105361 0.00212009 -0.490036 -0.104368 -0.981872 -0.158224 0.441133 
1530550482731 -0.0145888 -0.157564 0.987401 0.384697 -0.994432 0.105361 0.00212036 -0.490036 -0.104368 -0.981872 -0.158224 0.441132 
1530550482748 -0.0145891 -0.157564 0.987401 0.384697 -0.994432 0.105361 0.00212003 -0.490036 -0.104368 -0.981872 -0.158224 0.441133 
1530550482764 -0.0145888 -0.157564 0.987401 0.384697 -0.994432 0.105361 0.00212027 -0.490036 -0.104368 -0.981872 -0.158224 0.441133 
1530550482781 -0.0145889 -0.157564 0.987401 0.384697 -0.994432 0.105361 0.00212019 -0.490036 -0.104368 -0.981872 -0.158224 0.441133 
1530550482798 -0.014589 -0.157564 0.987401 0.384697 -0.994432 0.105361 0.00212008 -0.490036 -0.104368 -0.981872 -0.158224 0.441133 
1530550482814 -0.014589 -0.157564 0.987401 0.384697 -0.994432 0.105361 0.00212014 -0.490036 -0.104368 -0.981872 -0.158224 0.441132 
1530550482831 -0.014589 -0.157564 0.987401 0.384697 -0.994432 0.105361 0.00212013 -0.490036 -0.104368 -0.981872 -0.158224 0.441132 
1530550482848 -0.0145891 -0.157564 0.987401 0.384697 -0.994432 0.105361 0.00212004 -0.490036 -0.104368 -0.981872 -0.158224 0.441132 
1530550482864 -0.0145889 -0.157564 0.987401 0.384697 -0.994432 0.105361 0.00212024 -0.490036 -0.104368 -0.981872 -0.158224 0.441133 
1530550482881 -0.0145887 -0.157564 0.987401 0.384697 -0.994432 0.105361 0.00212035 -0.490036 -0.104368 -0.981872 -0.158224 0.441133 
1530550483001 -0.0145891 -0.157564 0.987401 0.384697 -0.994432 0.105361 0.00212004 -0.490036 -0.104368 -0.981872 -0.158224 0.441132 
1530550483018 -0.0145888 -0.157564 0.987401 0.384697 -0.994432 0.105361 0.0021203 -0.490036 -0.104368 -0.981872 -0.158224 0.441132 
1530550483034 -0.0145892 -0.157564 0.987401 0.384697 -0.994432 0.105361 0.0021199 -0.490036 -0.104368 -0.981872 -0.158224 0.441133 
1530550483051 -0.0145891 -0.157564 0.987401 0.384697 -0.994432 0.105361 0.00211993 -0.490036 -0.104367 -0.981872 -0.158224 0.441133 
1530550483068 -0.0145891 -0.157564 0.987401 0.384697 -0.994432 0.105361 0.00212005 -0.490036 -0.104368 -0.981872 -0.158224 0.441132 
1530550483084 -0.0145891 -0.157564 0.987401 0.384697 -0.994432 0.105361 0.00211996 -0.490036 -0.104368 -0.981872 -0.158224 0.441132 
1530550483101 -0.014589 -0.157564 0.987401 0.384697 -0.994432 0.105361 0.00212008 -0.490036 -0.104368 -0.981872 -0.158224 0.441132 
1530550483118 -0.0145889 -0.157564 0.987401 0.384697 -0.994432 0.105361 0.0021202 -0.490036 -0.104368 -0.981872 -0.158224 0.441132 
1530550483134 -0.0145892 -0.157564 0.987401 0.384697 -0.994432 0.105361 0.00211992 -0.490036 -0.104368 -0.981872 -0.158224 0.441133 
1530550483151 -0.0145891 -0.157564 0.987401 0.384697 -0.994432 0.105361 0.00212001 -0.490036 -0.104368 -0.981872 -0.158224 0.441133 
1530550483274 -0.0145892 -0.157564 0.987401 0.384697 -0.994432 0.105361 0.00211989 -0.490036 -0.104368 -0.981872 -0.158224 0.441133 
1530550483291 -0.0145892 -0.157564 0.987401 0.384697 -0.994432 0.105361 0.00211991 -0.490036 -0.104368 -0.981872 -0.158224 0.441133 
1530550483308 -0.014589 -0.157564 0.987401 0.384697 -0.994432 0.105361 0.00212011 -0.490036 -0.104368 -0.981872 -0.158224 0.441132 
1530550483324 -0.0145891 -0.157564 0.987401 0.384697 -0.994432 0.105361 0.00211999 -0.490036 -0.104368 -0.981872 -0.158224 0.441132 
1530550483341 -0.0145892 -0.157564 0.987401 0.384697 -0.994432 0.105361 0.00211986 -0.490036 -0.104368 -0.981872 -0.158224 0.441133 
1530550483358 -0.014589 -0.157564 0.987401 0.384697 -0.994432 0.105361 0.00212011 -0.490036 -0.104368 -0.981872 -0.158224 0.441133 
1530550483374 -0.0145891 -0.157564 0.987401 0.384697 -0.994432 0.105361 0.00211998 -0.490036 -0.104368 -0.981872 -0.158224 0.441133 
1530550483391 -0.0145892 -0.157564 0.987401 0.384697 -0.994432 0.105361 0.00211989 -0.490036 -0.104368 -0.981872 -0.158224 0.441133 
1530550483408 -0.0145892 -0.157564 0.987401 0.384697 -0.994432 0.105361 0.00211994 -0.490036 -0.104368 -0.981872 -0.158224 0.441132 
1530550483424 -0.0145889 -0.157564 0.987401 0.384697 -0.994432 0.105361 0.00212016 -0.490036 -0.104368 -0.981872 -0.158224 0.441132 
1530550483548 -0.0145891 -0.157564 0.987401 0.384697 -0.994432 0.105361 0.00211992 -0.490036 -0.104368 -0.981872 -0.158224 0.441133 
1530550483564 -0.0145891 -0.157564 0.987401 0.384697 -0.994432 0.105361 0.00211995 -0.490036 -0.104368 -0.981872 -0.158224 0.441133 
1530550483581 -0.0145892 -0.157564 0.987401 0.384697 -0.994432 0.105361 0.00211984 -0.490036 -0.104367 -0.981872 -0.158224 0.441133 
1530550483598 -0.014589 -0.157564 0.987401 0.384697 -0.994432 0.105361 0.0021201 -0.490036 -0.104368 -0.981872 -0.158224 0.441133 
1530550483618 -0.0145891 -0.157564 0.987401 0.384697 -0.994432 0.105361 0.00211998 -0.490036 -0.104368 -0.981872 -0.158224 0.441133 
1530550483635 -0.0145892 -0.157564 0.987401 0.384697 -0.994432 0.105361 0.00211989 -0.490036 -0.104368 -0.981872 -0.158224 0.441133 
1530550483651 -0.0145891 -0.157564 0.987401 0.384697 -0.994432 0.105361 0.00211996 -0.490036 -0.104368 -0.981872 -0.158224 0.441133 
1530550483668 -0.0145893 -0.157564 0.987401 0.384697 -0.994432 0.105361 0.00211981 -0.490036 -0.104368 -0.981872 -0.158224 0.441133 
1530550483684 -0.0145891 -0.157564 0.987401 0.384697 -0.994432 0.105361 0.00211989 -0.490036 -0.104367 -0.981872 -0.158224 0.441133 
1530550483804 -0.0145894 -0.157564 0.987401 0.384697 -0.994432 0.105361 0.00211963 -0.490036 -0.104368 -0.981872 -0.158224 0.441133 
1530550483821 -0.0145895 -0.157564 0.987401 0.384697 -0.994432 0.105361 0.00211962 -0.490036 -0.104368 -0.981872 -0.158224 0.441133 
1530550483845 -0.0145892 -0.157564 0.987401 0.384697 -0.994432 0.105361 0.00211987 -0.490036 -0.104368 -0.981872 -0.158224 0.441133 
1530550483861 -0.0145893 -0.157564 0.987401 0.384697 -0.994432 0.105361 0.00211979 -0.490036 -0.104368 -0.981872 -0.158224 0.441133 
1530550483878 -0.0145893 -0.157564 0.987401 0.384697 -0.994432 0.105361 0.00211984 -0.490036 -0.104368 -0.981872 -0.158224 0.441133 
1530550483895 -0.0145891 -0.157564 0.987401 0.384697 -0.994432 0.105361 0.00212 -0.490036 -0.104368 -0.981872 -0.158224 0.441133 
1530550483911 -0.014589 -0.157564 0.987401 0.384697 -0.994432 0.105361 0.00212011 -0.490036 -0.104368 -0.981872 -0.158224 0.441133 
1530550483928 -0.0145895 -0.157564 0.987401 0.384697 -0.994432 0.105361 0.00211961 -0.490036 -0.104368 -0.981872 -0.158224 0.441133 
1530550484052 -0.0145893 -0.157564 0.987401 0.384697 -0.994432 0.105361 0.00211974 -0.490036 -0.104368 -0.981872 -0.158224 0.441133 
1530550484068 -0.0145894 -0.157564 0.987401 0.384697 -0.994432 0.105361 0.00211967 -0.490036 -0.104368 -0.981872 -0.158224 0.441133 
1530550484085 -0.0145891 -0.157564 0.987401 0.384697 -0.994432 0.105361 0.00212 -0.490036 -0.104368 -0.981872 -0.158224 0.441133 
1530550484101 -0.014589 -0.157564 0.987401 0.384697 -0.994432 0.105361 0.00212006 -0.490036 -0.104368 -0.981872 -0.158224 0.441133 
1530550484118 -0.0145893 -0.157564 0.987401 0.384697 -0.994432 0.105361 0.00211976 -0.490036 -0.104368 -0.981872 -0.158224 0.441133 
1530550484135 -0.0145894 -0.157564 0.987401 0.384697 -0.994432 0.105361 0.00211967 -0.490036 -0.104368 -0.981872 -0.158224 0.441133 
1530550484151 -0.0145894 -0.157564 0.987401 0.384697 -0.994432 0.105361 0.0021197 -0.490036 -0.104367 -0.981872 -0.158224 0.441133 
1530550484168 -0.0145894 -0.157564 0.987401 0.384697 -0.994432 0.105361 0.00211973 -0.490036 -0.104368 -0.981872 -0.158224 0.441133 
1530550484185 -0.0145892 -0.157564 0.987401 0.384697 -0.994432 0.105361 0.00211986 -0.490036 -0.104368 -0.981872 -0.158224 0.441133 
1530550484202 -0.0145893 -0.157564 0.987401 0.384697 -0.994432 0.105361 0.00211976 -0.490036 -0.104368 -0.981872 -0.158224 0.441133 
1530550484331 -0.0145894 -0.157564 0.987401 0.384697 -0.994432 0.105361 0.00211971 -0.490036 -0.104368 -0.981872 -0.158224 0.441133 
1530550484348 -0.0145892 -0.157564 0.987401 0.384697 -0.994432 0.105361 0.00211986 -0.490036 -0.104368 -0.981872 -0.158224 0.441133 
1530550484368 -0.0145891 -0.157564 0.987401 0.384697 -0.994432 0.105361 0.00211992 -0.490036 -0.104368 -0.981872 -0.158224 0.441133 
1530550484385 -0.0145893 -0.157564 0.987401 0.384697 -0.994432 0.105361 0.00211971 -0.490036 -0.104367 -0.981872 -0.158224 0.441133 
1530550484402 -0.0145894 -0.157564 0.987401 0.384697 -0.994432 0.105361 0.00211967 -0.490036 -0.104368 -0.981872 -0.158224 0.441133 
1530550484418 -0.0145893 -0.157564 0.987401 0.384697 -0.994432 0.105361 0.00211979 -0.490036 -0.104367 -0.981872 -0.158224 0.441133 
1530550484438 -0.0145895 -0.157564 0.987401 0.384697 -0.994432 0.105361 0.00211966 -0.490036 -0.104368 -0.981872 -0.158224 0.441133 
1530550484455 -0.0145895 -0.157564 0.987401 0.384697 -0.994432 0.105361 0.00211961 -0.490036 -0.104368 -0.981872 -0.158224 0.441133 
1530550484582 -0.0145891 -0.157564 0.987401 0.384697 -0.994432 0.105361 0.00211995 -0.490036 -0.104368 -0.981872 -0.158224 0.441133 
1530550484599 -0.0145892 -0.157564 0.987401 0.384697 -0.994432 0.105361 0.00211985 -0.490036 -0.104367 -0.981872 -0.158224 0.441133 
1530550484615 -0.0145892 -0.157564 0.987401 0.384697 -0.994432 0.105361 0.00211985 -0.490036 -0.104367 -0.981872 -0.158224 0.441133 
1530550484632 -0.0145893 -0.157564 0.987401 0.384697 -0.994432 0.105361 0.00211976 -0.490036 -0.104368 -0.981872 -0.158224 0.441133 
1530550484649 -0.0145893 -0.157564 0.987401 0.384697 -0.994432 0.105361 0.00211973 -0.490036 -0.104368 -0.981872 -0.158224 0.441133 
1530550484665 -0.0145892 -0.157564 0.987401 0.384697 -0.994432 0.105361 0.0021199 -0.490036 -0.104368 -0.981872 -0.158224 0.441133 
1530550484682 -0.0145893 -0.157564 0.987401 0.384697 -0.994432 0.105361 0.00211986 -0.490036 -0.104368 -0.981872 -0.158224 0.441133 
1530550484699 -0.0145893 -0.157564 0.987401 0.384697 -0.994432 0.105361 0.00211974 -0.490036 -0.104368 -0.981872 -0.158224 0.441133 
1530550484715 -0.0145893 -0.157564 0.987401 0.384697 -0.994432 0.105361 0.0021198 -0.490036 -0.104367 -0.981872 -0.158224 0.441133 
1530550484732 -0.0145891 -0.157564 0.987401 0.384697 -0.994432 0.105361 0.00211991 -0.490036 -0.104367 -0.981872 -0.158224 0.441133 
1530550484855 -0.0145895 -0.157564 0.987401 0.384697 -0.994432 0.105361 0.0021196 -0.490036 -0.104368 -0.981872 -0.158224 0.441133 
1530550484872 -0.0145893 -0.157564 0.987401 0.384697 -0.994432 0.105361 0.00211974 -0.490036 -0.104367 -0.981872 -0.158224 0.441133 
1530550484892 -0.0145892 -0.157564 0.987401 0.384697 -0.994432 0.105361 0.00211987 -0.490036 -0.104368 -0.981872 -0.158224 0.441133 
1530550484909 -0.0145894 -0.157564 0.987401 0.384697 -0.994432 0.105361 0.00211966 -0.490036 -0.104368 -0.981872 -0.158224 0.441133 
1530550484925 -0.0145893 -0.157564 0.987401 0.384697 -0.994432 0.105361 0.0021198 -0.490036 -0.104368 -0.981872 -0.158224 0.441133 
1530550484942 -0.0145893 -0.157564 0.987401 0.384697 -0.994432 0.105361 0.00211976 -0.490036 -0.104368 -0.981872 -0.158224 0.441133 
1530550484959 -0.0145892 -0.157564 0.987401 0.384697 -0.994432 0.105361 0.00211984 -0.490036 -0.104368 -0.981872 -0.158224 0.441133 
1530550484975 -0.0145892 -0.157564 0.987401 0.384697 -0.994432 0.105361 0.00211987 -0.490036 -0.104368 -0.981872 -0.158224 0.441133 
1530550484992 -0.0145894 -0.157564 0.987401 0.384697 -0.994432 0.105361 0.00211969 -0.490036 -0.104368 -0.981872 -0.158224 0.441133 
1530550485119 -0.0145893 -0.157564 0.987401 0.384697 -0.994432 0.105361 0.00211977 -0.490036 -0.104368 -0.981872 -0.158224 0.441133 
1530550485136 -0.0145892 -0.157564 0.987401 0.384697 -0.994432 0.105361 0.00211988 -0.490036 -0.104367 -0.981872 -0.158224 0.441133 
1530550485152 -0.0145892 -0.157564 0.987401 0.384697 -0.994432 0.105361 0.00211983 -0.490036 -0.104367 -0.981872 -0.158224 0.441133 
1530550485169 -0.0145892 -0.157564 0.987401 0.384697 -0.994432 0.105361 0.00211981 -0.490036 -0.104367 -0.981872 -0.158224 0.441133 
1530550485185 -0.0145894 -0.157564 0.987401 0.384697 -0.994432 0.105361 0.0021197 -0.490036 -0.104368 -0.981872 -0.158224 0.441133 
1530550485202 -0.0145892 -0.157564 0.987401 0.384697 -0.994432 0.105361 0.00211982 -0.490036 -0.104368 -0.981872 -0.158224 0.441133 
1530550485219 -0.0145893 -0.157564 0.987401 0.384697 -0.994432 0.105361 0.00211976 -0.490036 -0.104368 -0.981872 -0.158224 0.441133 
1530550485236 -0.0145896 -0.157564 0.987401 0.384697 -0.994432 0.105361 0.00211955 -0.490036 -0.104368 -0.981872 -0.158224 0.441133 
1530550485252 -0.0145895 -0.157564 0.987401 0.384697 -0.994432 0.105361 0.00211955 -0.490036 -0.104368 -0.981872 -0.158224 0.441133 
1530550485269 -0.0145893 -0.157564 0.987401 0.384697 -0.994432 0.105361 0.00211978 -0.490036 -0.104368 -0.981872 -0.158224 0.441133 
1530550485389 -0.0145895 -0.157564 0.987401 0.384697 -0.994432 0.105361 0.00211962 -0.490036 -0.104368 -0.981872 -0.158224 0.441133 
1530550485406 -0.0145895 -0.157564 0.987401 0.384697 -0.994432 0.105361 0.0021196 -0.490036 -0.104368 -0.981872 -0.158224 0.441133 
1530550485422 -0.0145897 -0.157564 0.987401 0.384697 -0.994432 0.105361 0.00211939 -0.490036 -0.104367 -0.981872 -0.158224 0.441133 
1530550485439 -0.0145893 -0.157564 0.987401 0.384697 -0.994432 0.105361 0.0021198 -0.490036 -0.104368 -0.981872 -0.158224 0.441133 
1530550485456 -0.0145893 -0.157564 0.987401 0.384697 -0.994432 0.105361 0.00211981 -0.490036 -0.104368 -0.981872 -0.158224 0.441133 
1530550485472 -0.0145894 -0.157564 0.987401 0.384697 -0.994432 0.105361 0.00211964 -0.490036 -0.104368 -0.981872 -0.158224 0.441133 
1530550485489 -0.0145892 -0.157564 0.987401 0.384697 -0.994432 0.105361 0.00211982 -0.490036 -0.104367 -0.981872 -0.158224 0.441133 
1530550485508 -0.0145895 -0.157565 0.987401 0.384697 -0.994432 0.105361 0.00211968 -0.490036 -0.104368 -0.981872 -0.158224 0.441132 
1530550485522 -0.0145896 -0.157564 0.987401 0.384697 -0.994432 0.105361 0.00211949 -0.490036 -0.104367 -0.981872 -0.158224 0.441133 
1530550485539 -0.0145893 -0.157564 0.987401 0.384697 -0.994432 0.105361 0.0021198 -0.490036 -0.104368 -0.981872 -0.158224 0.441133 
1530550485659 -0.0145892 -0.157564 0.987401 0.384697 -0.994432 0.105361 0.00211987 -0.490036 -0.104368 -0.981872 -0.158224 0.441133 
1530550485676 -0.0145893 -0.157564 0.987401 0.384697 -0.994432 0.105361 0.00211973 -0.490036 -0.104367 -0.981872 -0.158224 0.441133 
1530550485692 -0.0145896 -0.157564 0.987401 0.384697 -0.994432 0.105361 0.00211945 -0.490036 -0.104367 -0.981872 -0.158224 0.441133 
1530550485709 -0.0145897 -0.157564 0.987401 0.384697 -0.994432 0.105361 0.00211937 -0.490036 -0.104367 -0.981872 -0.158224 0.441133 
1530550485726 -0.0145896 -0.157564 0.987401 0.384697 -0.994432 0.105361 0.00211946 -0.490036 -0.104368 -0.981872 -0.158224 0.441133 
1530550485742 -0.0145895 -0.157564 0.987401 0.384697 -0.994432 0.105361 0.00211957 -0.490036 -0.104368 -0.981872 -0.158224 0.441133 
1530550485759 -0.0145894 -0.157564 0.987401 0.384697 -0.994432 0.105361 0.00211961 -0.490036 -0.104367 -0.981872 -0.158224 0.441133 
1530550485779 -0.0145893 -0.157564 0.987401 0.384697 -0.994432 0.105361 0.00211983 -0.490036 -0.104368 -0.981872 -0.158224 0.441133 
1530550485796 -0.0145895 -0.157564 0.987401 0.384697 -0.994432 0.105361 0.00211957 -0.490036 -0.104368 -0.981872 -0.158224 0.441133 
1530550485916 -0.0145896 -0.157564 0.987401 0.384697 -0.994432 0.105361 0.00211952 -0.490036 -0.104368 -0.981872 -0.158224 0.441133 
1530550485932 -0.0145897 -0.157564 0.987401 0.384697 -0.994432 0.105361 0.00211933 -0.490036 -0.104367 -0.981872 -0.158224 0.441133 
1530550485949 -0.0145893 -0.157564 0.987401 0.384697 -0.994432 0.105361 0.00211977 -0.490036 -0.104368 -0.981872 -0.158224 0.441133 
1530550485966 -0.0145895 -0.157564 0.987401 0.384697 -0.994432 0.105361 0.00211957 -0.490036 -0.104368 -0.981872 -0.158224 0.441133 
1530550485982 -0.0145895 -0.157564 0.987401 0.384697 -0.994432 0.105361 0.00211958 -0.490036 -0.104368 -0.981872 -0.158224 0.441133 
1530550485999 -0.0145895 -0.157564 0.987401 0.384697 -0.994432 0.105361 0.0021196 -0.490036 -0.104368 -0.981872 -0.158224 0.441133 
1530550486016 -0.0145896 -0.157564 0.987401 0.384697 -0.994432 0.105361 0.00211945 -0.490036 -0.104367 -0.981872 -0.158224 0.441133 
1530550486032 -0.0145898 -0.157564 0.987401 0.384697 -0.994432 0.105361 0.00211931 -0.490036 -0.104368 -0.981872 -0.158224 0.441133 
1530550486049 -0.0145898 -0.157564 0.987401 0.384697 -0.994432 0.105361 0.00211931 -0.490036 -0.104367 -0.981872 -0.158224 0.441133 
1530550486066 -0.0145895 -0.157564 0.987401 0.384697 -0.994432 0.105361 0.00211957 -0.490036 -0.104368 -0.981872 -0.158224 0.441133 
1530550486189 -0.0145894 -0.157564 0.987401 0.384697 -0.994432 0.105361 0.00211963 -0.490036 -0.104367 -0.981872 -0.158224 0.441133 
1530550486206 -0.0145896 -0.157564 0.987401 0.384697 -0.994432 0.105361 0.00211947 -0.490036 -0.104367 -0.981872 -0.158224 0.441133 
1530550486226 -0.0145897 -0.157564 0.987401 0.384697 -0.994432 0.105361 0.00211938 -0.490036 -0.104367 -0.981872 -0.158224 0.441133 
1530550486246 -0.0145895 -0.157564 0.987401 0.384697 -0.994432 0.105361 0.00211953 -0.490036 -0.104367 -0.981872 -0.158224 0.441133 
1530550486266 -0.0145897 -0.157564 0.987401 0.384697 -0.994432 0.105361 0.00211938 -0.490036 -0.104367 -0.981872 -0.158224 0.441133 
1530550486283 -0.0145894 -0.157565 0.987401 0.384697 -0.994432 0.105361 0.00211972 -0.490036 -0.104368 -0.981872 -0.158224 0.441133 
1530550486300 -0.0145894 -0.157564 0.987401 0.384697 -0.994432 0.105361 0.00211968 -0.490036 -0.104368 -0.981872 -0.158224 0.441133 
1530550486416 -0.0145898 -0.157564 0.987401 0.384697 -0.994432 0.105361 0.00211927 -0.490036 -0.104367 -0.981872 -0.158224 0.441133 
1530550486433 -0.0145896 -0.157564 0.987401 0.384697 -0.994432 0.105361 0.00211944 -0.490036 -0.104367 -0.981872 -0.158224 0.441133 
1530550486450 -0.0145896 -0.157564 0.987401 0.384697 -0.994432 0.105361 0.00211943 -0.490036 -0.104368 -0.981872 -0.158224 0.441133 
1530550486466 -0.0145898 -0.157564 0.987401 0.384697 -0.994432 0.105361 0.00211929 -0.490036 -0.104368 -0.981872 -0.158224 0.441133 
1530550486483 -0.0145897 -0.157564 0.987401 0.384697 -0.994432 0.105361 0.00211939 -0.490036 -0.104368 -0.981872 -0.158224 0.441133 
1530550486500 -0.0145894 -0.157564 0.987401 0.384697 -0.994432 0.105361 0.00211968 -0.490036 -0.104367 -0.981872 -0.158224 0.441133 
1530550486516 -0.0145895 -0.157564 0.987401 0.384697 -0.994432 0.105361 0.00211952 -0.490036 -0.104367 -0.981872 -0.158224 0.441133 
1530550486533 -0.0145894 -0.157564 0.987401 0.384697 -0.994432 0.105361 0.00211967 -0.490036 -0.104368 -0.981872 -0.158224 0.441133 
1530550486550 -0.0145898 -0.157564 0.987401 0.384697 -0.994432 0.105361 0.00211934 -0.490036 -0.104368 -0.981872 -0.158224 0.441133 
1530550486566 -0.0145894 -0.157564 0.987401 0.384697 -0.994432 0.105361 0.00211973 -0.490036 -0.104368 -0.981872 -0.158224 0.441133 
1530550486686 -0.0145896 -0.157564 0.987401 0.384697 -0.994432 0.105361 0.00211952 -0.490036 -0.104368 -0.981872 -0.158224 0.441133 
1530550486703 -0.0145897 -0.157565 0.987401 0.384697 -0.994432 0.105361 0.00211941 -0.490036 -0.104367 -0.981872 -0.158224 0.441133 
1530550486720 -0.0145897 -0.157564 0.987401 0.384697 -0.994432 0.105361 0.00211934 -0.490036 -0.104368 -0.981872 -0.158224 0.441133 
1530550486736 -0.0145897 -0.157565 0.987401 0.384697 -0.994432 0.105361 0.00211946 -0.490036 -0.104368 -0.981872 -0.158224 0.441133 
1530550486753 -0.0145897 -0.157564 0.987401 0.384697 -0.994432 0.105361 0.00211942 -0.490036 -0.104368 -0.981872 -0.158224 0.441133 
1530550486770 -0.0145896 -0.157565 0.987401 0.384697 -0.994432 0.105361 0.00211957 -0.490036 -0.104368 -0.981872 -0.158224 0.441133 
1530550486786 -0.0145898 -0.157564 0.987401 0.384697 -0.994432 0.105361 0.00211925 -0.490036 -0.104367 -0.981872 -0.158224 0.441133 
1530550486803 -0.0145895 -0.157564 0.987401 0.384697 -0.994432 0.105361 0.00211953 -0.490036 -0.104367 -0.981872 -0.158224 0.441133 
1530550486820 -0.0145897 -0.157564 0.987401 0.384697 -0.994432 0.105361 0.00211943 -0.490036 -0.104368 -0.981872 -0.158224 0.441133 
1530550486837 -0.0145896 -0.157565 0.987401 0.384697 -0.994432 0.105361 0.0021195 -0.490036 -0.104368 -0.981872 -0.158224 0.441133 
1530550486956 -0.0145897 -0.157564 0.987401 0.384697 -0.994432 0.105361 0.00211934 -0.490036 -0.104367 -0.981872 -0.158224 0.441133 
1530550486973 -0.0145896 -0.157564 0.987401 0.384697 -0.994432 0.105361 0.00211948 -0.490036 -0.104368 -0.981872 -0.158224 0.441133 
1530550486990 -0.0145897 -0.157564 0.987401 0.384697 -0.994432 0.105361 0.00211931 -0.490036 -0.104367 -0.981872 -0.158224 0.441133 
1530550487006 -0.0145894 -0.157565 0.987401 0.384697 -0.994432 0.105361 0.00211969 -0.490036 -0.104367 -0.981872 -0.158224 0.441133 
1530550487030 -0.0145898 -0.157564 0.987401 0.384697 -0.994432 0.105361 0.00211925 -0.490036 -0.104367 -0.981872 -0.158224 0.441133 
1530550487047 -0.0145897 -0.157564 0.987401 0.384697 -0.994432 0.105361 0.00211937 -0.490036 -0.104367 -0.981872 -0.158224 0.441133 
1530550487063 -0.0145896 -0.157565 0.987401 0.384697 -0.994432 0.105361 0.00211948 -0.490036 -0.104367 -0.981872 -0.158224 0.441133 
1530550487080 -0.0145899 -0.157565 0.987401 0.384697 -0.994432 0.105361 0.0021192 -0.490036 -0.104368 -0.981872 -0.158224 0.441133 
1530550487203 -0.0145896 -0.157564 0.987401 0.384697 -0.994432 0.105361 0.00211948 -0.490036 -0.104367 -0.981872 -0.158224 0.441133 
1530550487220 -0.0145897 -0.157565 0.987401 0.384697 -0.994432 0.105361 0.00211943 -0.490036 -0.104367 -0.981872 -0.158224 0.441133 
1530550487237 -0.0145898 -0.157564 0.987401 0.384697 -0.994432 0.105361 0.00211926 -0.490036 -0.104367 -0.981872 -0.158224 0.441133 
1530550487253 -0.0145894 -0.157564 0.987401 0.384697 -0.994432 0.105361 0.00211961 -0.490036 -0.104367 -0.981872 -0.158224 0.441133 
1530550487270 -0.0145896 -0.157564 0.987401 0.384697 -0.994432 0.105361 0.00211947 -0.490036 -0.104367 -0.981872 -0.158224 0.441133 
1530550487287 -0.0145897 -0.157565 0.987401 0.384697 -0.994432 0.105361 0.00211938 -0.490036 -0.104367 -0.981872 -0.158224 0.441133 
1530550487303 -0.0145895 -0.157564 0.987401 0.384697 -0.994432 0.105361 0.00211958 -0.490036 -0.104368 -0.981872 -0.158224 0.441133 
1530550487320 -0.0145898 -0.157564 0.987401 0.384697 -0.994432 0.105361 0.00211927 -0.490036 -0.104367 -0.981872 -0.158224 0.441133 
1530550487337 -0.0145894 -0.157564 0.987401 0.384697 -0.994432 0.105361 0.00211962 -0.490036 -0.104367 -0.981872 -0.158224 0.441133 
1530550487354 -0.0145896 -0.157565 0.987401 0.384697 -0.994432 0.105361 0.00211952 -0.490036 -0.104367 -0.981872 -0.158224 0.441133 
1530550487470 -0.0145898 -0.157564 0.987401 0.384697 -0.994432 0.105361 0.00211932 -0.490036 -0.104368 -0.981872 -0.158224 0.441133 
1530550487487 -0.0145898 -0.157564 0.987401 0.384697 -0.994432 0.105361 0.00211932 -0.490036 -0.104368 -0.981872 -0.158224 0.441133 
1530550487507 -0.0145897 -0.157565 0.987401 0.384697 -0.994432 0.105361 0.00211942 -0.490036 -0.104368 -0.981872 -0.158224 0.441133 
1530550487524 -0.0145895 -0.157564 0.987401 0.384697 -0.994432 0.105361 0.00211956 -0.490036 -0.104367 -0.981872 -0.158224 0.441133 
1530550487540 -0.0145896 -0.157564 0.987401 0.384697 -0.994432 0.105361 0.00211944 -0.490036 -0.104368 -0.981872 -0.158224 0.441133 
1530550487557 -0.0145897 -0.157564 0.987401 0.384697 -0.994432 0.105361 0.00211931 -0.490036 -0.104367 -0.981872 -0.158224 0.441133 
1530550487581 -0.0145897 -0.157565 0.987401 0.384697 -0.994432 0.105361 0.00211938 -0.490036 -0.104367 -0.981872 -0.158224 0.441133 
1530550487701 -0.0145897 -0.157564 0.987401 0.384697 -0.994432 0.105361 0.00211933 -0.490036 -0.104367 -0.981872 -0.158224 0.441133 
1530550487717 -0.0145898 -0.157564 0.987401 0.384697 -0.994432 0.105361 0.00211931 -0.490036 -0.104367 -0.981872 -0.158224 0.441133 
1530550487734 -0.0145896 -0.157565 0.987401 0.384697 -0.994432 0.105361 0.00211946 -0.490036 -0.104367 -0.981872 -0.158224 0.441133 
1530550487752 -0.0145899 -0.157564 0.987401 0.384697 -0.994432 0.105361 0.00211917 -0.490036 -0.104367 -0.981872 -0.158224 0.441133 
1530550487767 -0.0145895 -0.157564 0.987401 0.384697 -0.994432 0.105361 0.00211948 -0.490036 -0.104367 -0.981872 -0.158224 0.441133 
1530550487784 -0.0145899 -0.157564 0.987401 0.384697 -0.994432 0.105361 0.00211918 -0.490036 -0.104367 -0.981872 -0.158224 0.441133 
1530550487801 -0.0145899 -0.157564 0.987401 0.384697 -0.994432 0.105361 0.00211917 -0.490036 -0.104368 -0.981872 -0.158224 0.441133 
1530550487817 -0.0145898 -0.157564 0.987401 0.384697 -0.994432 0.105361 0.00211927 -0.490036 -0.104367 -0.981872 -0.158224 0.441133 
1530550487834 -0.0145895 -0.157565 0.987401 0.384697 -0.994432 0.105361 0.00211964 -0.490036 -0.104367 -0.981872 -0.158224 0.441133 
1530550487851 -0.0145896 -0.157564 0.987401 0.384697 -0.994432 0.105361 0.00211948 -0.490036 -0.104367 -0.981872 -0.158224 0.441133 
1530550487974 -0.0145898 -0.157564 0.987401 0.384697 -0.994432 0.105361 0.00211927 -0.490036 -0.104367 -0.981872 -0.158224 0.441133 
1530550487991 -0.0145897 -0.157564 0.987401 0.384697 -0.994432 0.105361 0.00211936 -0.490036 -0.104367 -0.981872 -0.158224 0.441133 
1530550488007 -0.0145898 -0.157564 0.987401 0.384697 -0.994432 0.105361 0.00211927 -0.490036 -0.104367 -0.981872 -0.158224 0.441133 
1530550488031 -0.0145895 -0.157564 0.987401 0.384697 -0.994432 0.105361 0.00211955 -0.490036 -0.104367 -0.981872 -0.158224 0.441133 
1530550488048 -0.0145898 -0.157564 0.987401 0.384697 -0.994432 0.105361 0.00211921 -0.490036 -0.104367 -0.981872 -0.158224 0.441133 
1530550488064 -0.0145897 -0.157565 0.987401 0.384697 -0.994432 0.105361 0.00211938 -0.490036 -0.104367 -0.981872 -0.158224 0.441133 
1530550488081 -0.0145897 -0.157564 0.987401 0.384697 -0.994432 0.105361 0.00211938 -0.490036 -0.104367 -0.981872 -0.158224 0.441133 
1530550488098 -0.0145897 -0.157564 0.987401 0.384697 -0.994432 0.105361 0.00211936 -0.490036 -0.104367 -0.981872 -0.158224 0.441133 
1530550488218 -0.0145897 -0.157564 0.987401 0.384697 -0.994432 0.105361 0.00211937 -0.490036 -0.104367 -0.981872 -0.158224 0.441133 
1530550488234 -0.0145897 -0.157564 0.987401 0.384697 -0.994432 0.105361 0.00211939 -0.490036 -0.104367 -0.981872 -0.158224 0.441133 
1530550488254 -0.0145899 -0.157564 0.987401 0.384697 -0.994432 0.105361 0.00211917 -0.490036 -0.104367 -0.981872 -0.158224 0.441133 
1530550488275 -0.0145898 -0.157564 0.987401 0.384697 -0.994432 0.105361 0.00211928 -0.490036 -0.104367 -0.981872 -0.158224 0.441133 
1530550488291 -0.0145898 -0.157564 0.987401 0.384697 -0.994432 0.105361 0.00211929 -0.490036 -0.104368 -0.981872 -0.158224 0.441133 
1530550488308 -0.0145897 -0.157565 0.987401 0.384697 -0.994432 0.105361 0.00211939 -0.490036 -0.104368 -0.981872 -0.158224 0.441133 
1530550488325 -0.0145898 -0.157565 0.987401 0.384697 -0.994432 0.105361 0.00211927 -0.490036 -0.104367 -0.981872 -0.158224 0.441133 
1530550488341 -0.0145896 -0.157564 0.987401 0.384697 -0.994432 0.105361 0.00211945 -0.490036 -0.104367 -0.981872 -0.158224 0.441133 
1530550488458 -0.0145897 -0.157564 0.987401 0.384697 -0.994432 0.105361 0.00211933 -0.490036 -0.104367 -0.981872 -0.158224 0.441133 
1530550488475 -0.0145898 -0.157564 0.987401 0.384697 -0.994432 0.105361 0.0021193 -0.490036 -0.104368 -0.981872 -0.158224 0.441133 
1530550488491 -0.0145899 -0.157564 0.987401 0.384697 -0.994432 0.105361 0.0021192 -0.490036 -0.104368 -0.981872 -0.158224 0.441133 
1530550488508 -0.0145898 -0.157564 0.987401 0.384697 -0.994432 0.105361 0.00211923 -0.490036 -0.104367 -0.981872 -0.158224 0.441133 
1530550488525 -0.0145896 -0.157565 0.987401 0.384697 -0.994432 0.105361 0.00211948 -0.490036 -0.104367 -0.981872 -0.158224 0.441133 
