1535168180953 0.210528 0.903706 -0.372818 -0.599371 -0.935331 0.297118 0.192035 -0.233156 0.284314 0.308279 0.907816 0.396849 
1535168197659 0.210528 0.903706 -0.372818 -0.599371 -0.935331 0.297118 0.192035 -0.233156 0.284314 0.308279 0.907816 0.396849 
1535168198505 0.220187 0.908278 -0.355736 -0.600258 -0.934197 0.301294 0.191044 -0.233304 0.280703 0.290262 0.914852 0.394874 
1535168199764 0.239811 0.916781 -0.319379 -0.602262 -0.931778 0.309712 0.189389 -0.233293 0.272544 0.252173 0.928509 0.39073 
1535168200564 0.24172 0.91856 -0.312759 -0.602535 -0.932082 0.309417 0.188371 -0.233173 0.269803 0.245984 0.930966 0.390167 
1535168200782 0.242314 0.918942 -0.311173 -0.602593 -0.932085 0.30951 0.188206 -0.233196 0.269262 0.244435 0.931531 0.390091 
1535168201227 0.243644 0.920153 -0.306523 -0.602781 -0.932293 0.309316 0.187492 -0.233056 0.267333 0.240088 0.933215 0.389717 
1535168201251 0.244124 0.920342 -0.305571 -0.602827 -0.932325 0.309436 0.187137 -0.233118 0.266785 0.239206 0.933599 0.3896 
1535168201271 0.244131 0.920347 -0.30555 -0.602826 -0.932319 0.309441 0.187156 -0.233116 0.266798 0.23918 0.933602 0.389615 
1535168201442 0.244012 0.920397 -0.305494 -0.602789 -0.932744 0.308964 0.185825 -0.233042 0.265419 0.239604 0.933886 0.389763 
1535168201684 0.243884 0.920622 -0.304919 -0.602822 -0.93319 0.308352 0.184592 -0.232829 0.263962 0.239528 0.934318 0.389639 
1535168201704 0.243884 0.920622 -0.304919 -0.602822 -0.93319 0.308352 0.184592 -0.232829 0.263962 0.239528 0.934318 0.389639 
1535168201719 0.243884 0.920622 -0.304919 -0.602822 -0.93319 0.308352 0.184592 -0.232829 0.263962 0.239528 0.934318 0.389639 
1535168201742 0.243884 0.920622 -0.304919 -0.602822 -0.93319 0.308352 0.184592 -0.232829 0.263962 0.239528 0.934318 0.389639 
1535168201757 0.243884 0.920622 -0.304919 -0.602822 -0.93319 0.308352 0.184592 -0.232829 0.263962 0.239528 0.934318 0.389639 
1535168201884 0.244027 0.920937 -0.30385 -0.602899 -0.933807 0.307679 0.182587 -0.232652 0.26164 0.239182 0.93506 0.389603 
1535168201940 0.244027 0.920937 -0.30385 -0.602899 -0.933807 0.307679 0.182587 -0.232652 0.26164 0.239182 0.93506 0.389603 
1535168201987 0.244027 0.920937 -0.30385 -0.602899 -0.933807 0.307679 0.182587 -0.232652 0.26164 0.239182 0.93506 0.389603 
1535168202061 0.242442 0.920289 -0.307067 -0.602739 -0.933169 0.307781 0.185651 -0.232839 0.265362 0.241536 0.933404 0.389886 
1535168202276 0.242015 0.920087 -0.308008 -0.602611 -0.93306 0.307767 0.18622 -0.232956 0.266133 0.242322 0.932981 0.390002 
1535168202573 0.242898 0.920368 -0.306469 -0.602753 -0.933565 0.307622 0.183914 -0.23275 0.263545 0.241436 0.933945 0.389847 
1535168202743 0.243319 0.920498 -0.305744 -0.602819 -0.933856 0.307509 0.182624 -0.232567 0.262123 0.241085 0.934435 0.389861 
1535168203255 0.243483 0.920789 -0.304734 -0.602841 -0.934057 0.30724 0.182048 -0.232658 0.261254 0.240314 0.934877 0.389618 
1535168203437 0.243755 0.920844 -0.304351 -0.602917 -0.934127 0.307292 0.181597 -0.232563 0.260747 0.240037 0.93509 0.389587 
1535168203794 0.243607 0.920782 -0.304657 -0.602899 -0.934032 0.307335 0.182015 -0.232609 0.261228 0.240219 0.934909 0.389636 
1535168203814 0.244006 0.92096 -0.303799 -0.602863 -0.934254 0.307243 0.181025 -0.232503 0.260057 0.239654 0.93538 0.389626 
1535168204016 0.243777 0.920911 -0.304131 -0.602862 -0.934121 0.30727 0.181669 -0.232537 0.260751 0.239808 0.935148 0.389647 
1535168204057 0.243146 0.92089 -0.304698 -0.602924 -0.933963 0.30708 0.182796 -0.23259 0.261902 0.240131 0.934743 0.389742 
1535168204182 0.243594 0.920939 -0.304191 -0.602868 -0.934021 0.307245 0.182226 -0.23267 0.261281 0.239732 0.935019 0.389666 
1535168204419 0.243683 0.920978 -0.304004 -0.602851 -0.934047 0.307246 0.182088 -0.23268 0.261103 0.239582 0.935107 0.389649 
1535168204437 0.242937 0.921398 -0.303327 -0.602914 -0.934319 0.306334 0.182229 -0.232578 0.260825 0.239134 0.935299 0.389571 
1535168204452 0.242937 0.921398 -0.303327 -0.602914 -0.934319 0.306334 0.182229 -0.232578 0.260825 0.239134 0.935299 0.389571 
1535168204593 0.243773 0.921001 -0.303861 -0.602875 -0.93423 0.307113 0.18137 -0.232672 0.260362 0.239663 0.935293 0.38959 
1535168204808 0.244009 0.920845 -0.304144 -0.602844 -0.934533 0.307056 0.179904 -0.232667 0.259053 0.240335 0.935484 0.389725 
1535168204844 0.244123 0.920826 -0.30411 -0.602834 -0.934688 0.306985 0.179214 -0.232579 0.258382 0.240497 0.935628 0.389631 
1535168204866 0.2441 0.92082 -0.304147 -0.602836 -0.93476 0.30691 0.178972 -0.232562 0.258147 0.240617 0.935662 0.389625 
1535168205037 0.244139 0.920829 -0.304087 -0.60285 -0.934646 0.307032 0.179356 -0.232588 0.25852 0.240426 0.935608 0.389722 
1535168205066 0.243954 0.920988 -0.303755 -0.602845 -0.934675 0.306809 0.179587 -0.232571 0.258593 0.240101 0.935672 0.389726 
1535168205267 0.243904 0.920944 -0.303928 -0.602887 -0.934726 0.30676 0.179403 -0.232532 0.258453 0.240332 0.935651 0.389629 
1535168205440 0.244059 0.920987 -0.303674 -0.602872 -0.934667 0.306875 0.179515 -0.232649 0.258521 0.240022 0.935712 0.389617 
1535168205844 0.244167 0.920947 -0.303709 -0.602885 -0.934703 0.306924 0.179242 -0.232631 0.258288 0.240112 0.935753 0.389629 
1535168205864 0.244084 0.921063 -0.303425 -0.602892 -0.934964 0.306568 0.178492 -0.232438 0.257423 0.240124 0.935988 0.389478 
1535168206042 0.244189 0.920979 -0.303594 -0.602891 -0.934801 0.306826 0.178899 -0.232519 0.257912 0.240115 0.935856 0.389622 
1535168206223 0.244196 0.920815 -0.304085 -0.60284 -0.934421 0.30728 0.180102 -0.232665 0.25928 0.240163 0.935465 0.389697 
1535168206664 0.243969 0.920659 -0.304739 -0.602897 -0.934697 0.306991 0.179161 -0.232453 0.258498 0.241129 0.935433 0.389564 
1535168206684 0.243969 0.920659 -0.304739 -0.602897 -0.934697 0.306991 0.179161 -0.232453 0.258498 0.241129 0.935433 0.389564 
1535168206811 0.244167 0.920369 -0.305457 -0.602816 -0.934513 0.307442 0.179347 -0.232545 0.258976 0.241663 0.935163 0.389672 
1535168206997 0.243947 0.920657 -0.304762 -0.602903 -0.934715 0.306963 0.179115 -0.232479 0.258454 0.241171 0.935434 0.389467 
1535168207031 0.243991 0.920885 -0.304037 -0.602963 -0.93487 0.306709 0.17874 -0.232281 0.25785 0.240624 0.935742 0.389459 
1535168207195 0.244317 0.920802 -0.304027 -0.602924 -0.934796 0.307005 0.178618 -0.232451 0.257809 0.240563 0.935769 0.389455 
1535168207359 0.244068 0.920867 -0.304032 -0.602948 -0.934938 0.306698 0.178402 -0.232401 0.257531 0.240709 0.935808 0.389368 
1535168207794 0.244059 0.92081 -0.304211 -0.602945 -0.934951 0.306714 0.178304 -0.232415 0.25749 0.240906 0.935769 0.389372 
1535168207810 0.244059 0.92081 -0.304211 -0.602945 -0.934951 0.306714 0.178304 -0.232415 0.25749 0.240906 0.935769 0.389372 
1535168207940 0.24461 0.920455 -0.304842 -0.602875 -0.934873 0.307297 0.177711 -0.232467 0.257252 0.241519 0.935676 0.389648 
1535168208164 0.244089 0.920545 -0.304986 -0.602945 -0.935081 0.306764 0.177538 -0.232254 0.256991 0.241851 0.935662 0.38945 
1535168208192 0.244402 0.920366 -0.305278 -0.602868 -0.935108 0.307013 0.176962 -0.232325 0.256594 0.242218 0.935676 0.389606 
1535168208373 0.244261 0.920329 -0.305501 -0.602894 -0.935137 0.30693 0.176951 -0.232241 0.256621 0.242463 0.935605 0.389548 
1535168208532 0.243754 0.920271 -0.306081 -0.602892 -0.934957 0.306856 0.178028 -0.232275 0.257757 0.242777 0.935211 0.389685 
1535168208885 0.244243 0.920207 -0.305883 -0.602855 -0.93513 0.306998 0.176874 -0.232297 0.256666 0.24284 0.935495 0.389601 
1535168208899 0.244243 0.920207 -0.305883 -0.602855 -0.93513 0.306998 0.176874 -0.232297 0.256666 0.24284 0.935495 0.389601 
1535168208915 0.244243 0.920207 -0.305883 -0.602855 -0.93513 0.306998 0.176874 -0.232297 0.256666 0.24284 0.935495 0.389601 
1535168209025 0.244457 0.919999 -0.306337 -0.602867 -0.93524 0.30713 0.17606 -0.232184 0.25606 0.24346 0.9355 0.389859 
1535168209074 0.244204 0.920213 -0.305897 -0.602834 -0.935181 0.306925 0.176732 -0.232271 0.256518 0.24291 0.935518 0.389712 
1535168209205 0.243997 0.920243 -0.30597 -0.602844 -0.935045 0.306922 0.177451 -0.23233 0.257207 0.242798 0.935357 0.389589 
1535168209222 0.243997 0.920243 -0.30597 -0.602844 -0.935045 0.306922 0.177451 -0.23233 0.257207 0.242798 0.935357 0.389589 
1535168209356 0.243589 0.920242 -0.306299 -0.602804 -0.934664 0.307058 0.179217 -0.23257 0.258974 0.242631 0.934913 0.389848 
1535168209624 0.243419 0.920544 -0.305526 -0.602855 -0.93449 0.30695 0.180307 -0.232501 0.259762 0.24162 0.934956 0.389485 
1535168209650 0.243419 0.920544 -0.305526 -0.602855 -0.93449 0.30695 0.180307 -0.232501 0.259762 0.24162 0.934956 0.389485 
1535168209837 0.243142 0.920682 -0.305329 -0.602859 -0.934362 0.306834 0.181161 -0.232598 0.260477 0.24124 0.934855 0.389534 
1535168210004 0.243775 0.920773 -0.30455 -0.602845 -0.93414 0.307333 0.181461 -0.232626 0.260683 0.240257 0.935051 0.389493 
1535168210087 0.243494 0.920869 -0.304485 -0.602906 -0.934093 0.307165 0.181989 -0.232572 0.261115 0.240104 0.93497 0.389498 
1535168210107 0.243593 0.921061 -0.303823 -0.602915 -0.93385 0.307327 0.182961 -0.232572 0.261891 0.239157 0.934996 0.389522 
1535168210323 0.243513 0.921099 -0.303772 -0.602937 -0.933914 0.307201 0.182842 -0.232542 0.261735 0.239173 0.935035 0.389522 
1535168210365 0.244102 0.921231 -0.302899 -0.602936 -0.93384 0.307514 0.182697 -0.232773 0.261452 0.238263 0.935347 0.389683 
1535168210383 0.244158 0.921263 -0.302756 -0.60295 -0.933808 0.307554 0.182793 -0.232782 0.261514 0.238085 0.935375 0.389693 
1535168210505 0.243179 0.921201 -0.30373 -0.602991 -0.933931 0.306941 0.183196 -0.232529 0.261987 0.239113 0.93498 0.389556 
1535168210611 0.242985 0.921204 -0.303876 -0.602977 -0.933948 0.306817 0.183317 -0.23254 0.262107 0.239261 0.934909 0.389547 
1535168210631 0.242421 0.921275 -0.304113 -0.602896 -0.933782 0.306614 0.184495 -0.232703 0.263216 0.23925 0.9346 0.389729 
1535168210651 0.242312 0.921318 -0.304068 -0.6029 -0.933777 0.306533 0.184658 -0.232671 0.263335 0.239187 0.934582 0.389752 
1535168210793 0.242384 0.921255 -0.304204 -0.602934 -0.933857 0.306538 0.184244 -0.232679 0.262986 0.239425 0.93462 0.389653 
1535168210827 0.242426 0.921086 -0.304681 -0.603 -0.93385 0.306669 0.184058 -0.232597 0.26297 0.239906 0.934501 0.389566 
1535168210840 0.242426 0.921086 -0.304681 -0.603 -0.93385 0.306669 0.184058 -0.232597 0.26297 0.239906 0.934501 0.389566 
1535168210996 0.242467 0.921292 -0.304024 -0.60291 -0.93407 0.306367 0.183448 -0.232604 0.262152 0.239499 0.934835 0.389751 
1535168211127 0.243028 0.921201 -0.303854 -0.602924 -0.934154 0.306654 0.182535 -0.232656 0.261329 0.239485 0.935069 0.389765 
1535168211147 0.24317 0.921235 -0.303635 -0.603021 -0.934478 0.306414 0.181276 -0.232445 0.260035 0.239659 0.935385 0.389686 
1535168211327 0.243344 0.920995 -0.304224 -0.602863 -0.93417 0.306937 0.181979 -0.232661 0.26098 0.239913 0.935057 0.389893 
1535168211656 0.243073 0.920811 -0.304997 -0.602839 -0.934254 0.30682 0.181745 -0.232587 0.260932 0.240767 0.934851 0.389986 
1535168211677 0.243073 0.920811 -0.304997 -0.602839 -0.934254 0.30682 0.181745 -0.232587 0.260932 0.240767 0.934851 0.389986 
1535168211809 0.243484 0.920496 -0.305617 -0.602809 -0.934154 0.307326 0.181404 -0.232596 0.260906 0.241324 0.934714 0.390135 
1535168211992 0.242545 0.920576 -0.306123 -0.602862 -0.934163 0.306754 0.182325 -0.232484 0.261749 0.241747 0.934369 0.390021 
1535168212168 0.242545 0.920576 -0.306123 -0.602862 -0.934163 0.306754 0.182325 -0.232484 0.261749 0.241747 0.934369 0.390021 
1535168217462 0.242545 0.920576 -0.306123 -0.602862 -0.934163 0.306754 0.182325 -0.232484 0.261749 0.241747 0.934369 0.390021 
1535168217850 0.241366 0.920907 -0.306061 -0.602991 -0.935303 0.304847 0.179655 -0.232684 0.258747 0.242897 0.934907 0.389838 
1535168218146 0.241061 0.920936 -0.306212 -0.603058 -0.936073 0.303934 0.177177 -0.232731 0.256237 0.243926 0.93533 0.389772 
1535168218344 0.240418 0.921083 -0.306278 -0.603123 -0.936564 0.303026 0.176132 -0.232656 0.255042 0.244504 0.935506 0.389749 
1535168218867 0.240739 0.920804 -0.306863 -0.60305 -0.936003 0.303901 0.177604 -0.232687 0.256794 0.244469 0.935036 0.38987 
1535168219074 0.240821 0.920758 -0.306937 -0.603007 -0.935951 0.304021 0.17767 -0.232754 0.256906 0.244492 0.934999 0.3899 
1535168219374 0.240339 0.920838 -0.307073 -0.603044 -0.935819 0.303835 0.178683 -0.232695 0.257837 0.24442 0.934761 0.389834 
1535168219393 0.240339 0.920838 -0.307073 -0.603044 -0.935819 0.303835 0.178683 -0.232695 0.257837 0.24442 0.934761 0.389834 
1535168219585 0.239967 0.92082 -0.30742 -0.602995 -0.935588 0.303859 0.179847 -0.232842 0.259018 0.244461 0.934424 0.389893 
1535168219937 0.240232 0.920875 -0.307048 -0.603027 -0.93556 0.303999 0.179755 -0.232685 0.258874 0.244079 0.934564 0.389827 
1535168219959 0.240162 0.920693 -0.307646 -0.602998 -0.935007 0.304587 0.181628 -0.23302 0.260929 0.244031 0.934005 0.38986 
1535168220142 0.240199 0.920845 -0.307164 -0.602997 -0.935603 0.303958 0.179601 -0.232759 0.258749 0.244244 0.934555 0.389847 
1535168220498 0.240215 0.920891 -0.307011 -0.602997 -0.935672 0.303874 0.179382 -0.232711 0.258484 0.244172 0.934648 0.389851 
1535168220518 0.239859 0.920799 -0.307564 -0.603076 -0.93585 0.303563 0.178982 -0.232752 0.258172 0.244903 0.934542 0.389852 
1535168220538 0.23986 0.9208 -0.307564 -0.603076 -0.93585 0.303563 0.178982 -0.232752 0.258172 0.244903 0.934543 0.389853 
1535168220661 0.23986 0.9208 -0.307564 -0.603076 -0.93585 0.303563 0.178982 -0.232752 0.258172 0.244903 0.934543 0.389853 
1535168220702 0.240538 0.920806 -0.307015 -0.602992 -0.935757 0.304022 0.17869 -0.232664 0.257878 0.244309 0.934779 0.389923 
1535168220799 0.240538 0.920806 -0.307015 -0.602992 -0.935757 0.304022 0.17869 -0.232664 0.257878 0.244309 0.934779 0.389923 
1535168220833 0.240612 0.920714 -0.307232 -0.602959 -0.936173 0.30372 0.177016 -0.232565 0.256294 0.24503 0.935026 0.389855 
1535168220887 0.24092 0.920591 -0.307358 -0.602967 -0.936311 0.303828 0.176096 -0.232584 0.255496 0.245358 0.935158 0.389912 
1535168221036 0.241138 0.920524 -0.30739 -0.602956 -0.936415 0.303886 0.175442 -0.232561 0.25491 0.245539 0.935271 0.38995 
1535168221349 0.240434 0.920661 -0.307531 -0.602969 -0.93646 0.303378 0.176084 -0.232545 0.255411 0.245654 0.935104 0.389892 
1535168221520 0.240345 0.920568 -0.307878 -0.60295 -0.936245 0.303588 0.176862 -0.232705 0.256281 0.245741 0.934843 0.389926 
1535168221791 0.240639 0.920495 -0.307867 -0.602973 -0.936342 0.303698 0.176156 -0.232704 0.25565 0.245879 0.93498 0.389862 
1535168221811 0.240639 0.920495 -0.307867 -0.602973 -0.936342 0.303698 0.176156 -0.232704 0.25565 0.245879 0.93498 0.389862 
1535168222002 0.240317 0.920501 -0.308101 -0.602967 -0.936311 0.303548 0.176581 -0.232682 0.256066 0.246043 0.934822 0.389865 
1535168222193 0.240264 0.920297 -0.308751 -0.602932 -0.936205 0.303737 0.176815 -0.232864 0.256501 0.246572 0.934564 0.389881 
1535168222596 0.240114 0.920169 -0.309247 -0.602914 -0.936376 0.303562 0.176209 -0.232765 0.256018 0.247261 0.934514 0.38987 
1535168222616 0.240114 0.920169 -0.309247 -0.602914 -0.936376 0.303562 0.176209 -0.232765 0.256018 0.247261 0.934514 0.38987 
1535168222753 0.240061 0.919981 -0.309849 -0.602885 -0.936344 0.303672 0.176193 -0.232778 0.256186 0.247828 0.934318 0.39003 
1535168223010 0.240038 0.920018 -0.309757 -0.602946 -0.93655 0.303439 0.175496 -0.232694 0.255452 0.247977 0.934479 0.389906 
1535168223034 0.240633 0.919755 -0.310075 -0.602815 -0.936581 0.303883 0.174558 -0.232813 0.254777 0.248406 0.93455 0.390087 
1535168223202 0.240612 0.919749 -0.310108 -0.602923 -0.93659 0.303867 0.174542 -0.232771 0.254767 0.248447 0.934542 0.389965 
1535168223454 0.24085 0.919887 -0.309513 -0.602968 -0.936774 0.30374 0.17377 -0.232707 0.25386 0.248092 0.934883 0.389849 
1535168223615 0.240793 0.919919 -0.309465 -0.602984 -0.936832 0.303634 0.173643 -0.232672 0.253701 0.248104 0.934922 0.389854 
1535168223836 0.240664 0.919797 -0.309925 -0.602917 -0.936699 0.303762 0.174139 -0.232723 0.254316 0.248398 0.934677 0.389917 
1535168224081 0.240477 0.919813 -0.310024 -0.602834 -0.93669 0.303659 0.174363 -0.232759 0.254523 0.248466 0.934603 0.389989 
1535168224297 0.240935 0.9197 -0.310003 -0.602787 -0.936574 0.304087 0.174243 -0.232879 0.25452 0.248359 0.934632 0.38994 
1535168224551 0.240854 0.919792 -0.309794 -0.602772 -0.93659 0.303975 0.174349 -0.232839 0.254534 0.248157 0.934682 0.390108 
1535168224596 0.241055 0.919897 -0.309324 -0.602769 -0.936431 0.304181 0.174845 -0.232988 0.25493 0.247513 0.934745 0.389995 
1535168224822 0.240626 0.919702 -0.310238 -0.602826 -0.936645 0.303847 0.174278 -0.232769 0.254549 0.248647 0.934548 0.390059 
1535168224940 0.240592 0.919474 -0.31094 -0.602755 -0.936702 0.303901 0.173879 -0.232821 0.254372 0.249424 0.934389 0.390331 
1535168225430 0.240613 0.91949 -0.310875 -0.602778 -0.9367 0.303905 0.17388 -0.232811 0.254358 0.249359 0.93441 0.390331 
1535168225450 0.240862 0.919631 -0.310266 -0.602923 -0.936952 0.303716 0.172851 -0.23257 0.253192 0.249071 0.934804 0.390143 
1535168225473 0.240862 0.919631 -0.310266 -0.602923 -0.936952 0.303716 0.172851 -0.23257 0.253192 0.249071 0.934804 0.390143 
1535168225520 0.240862 0.919631 -0.310266 -0.602923 -0.936952 0.303716 0.172851 -0.23257 0.253192 0.249071 0.934804 0.390143 
1535168225629 0.240603 0.91949 -0.310883 -0.602861 -0.936821 0.30378 0.173446 -0.232631 0.253922 0.24951 0.934488 0.390265 
1535168225818 0.240267 0.919278 -0.311768 -0.60272 -0.936889 0.303648 0.173312 -0.232764 0.253989 0.250451 0.934218 0.390447 
1535168225833 0.240396 0.918971 -0.312572 -0.60275 -0.936952 0.303827 0.172659 -0.23265 0.253637 0.251359 0.93407 0.390564 
1535168226006 0.240163 0.919251 -0.311928 -0.602673 -0.936922 0.303574 0.173264 -0.232735 0.253967 0.25064 0.934174 0.390461 
1535168226273 0.240133 0.919276 -0.311878 -0.60269 -0.936823 0.30364 0.17368 -0.232806 0.254359 0.250468 0.934113 0.390433 
1535168226293 0.239764 0.919232 -0.312291 -0.602659 -0.936539 0.303742 0.175031 -0.232864 0.25575 0.250507 0.933723 0.390487 
1535168226496 0.23982 0.919435 -0.31165 -0.602653 -0.936747 0.303455 0.174415 -0.232826 0.254935 0.250109 0.934052 0.390403 
1535168226759 0.239842 0.920031 -0.309869 -0.602799 -0.936739 0.303139 0.175002 -0.232805 0.254941 0.248294 0.934535 0.390233 
1535168226781 0.239842 0.920031 -0.309869 -0.602799 -0.936739 0.303139 0.175002 -0.232805 0.254941 0.248294 0.934535 0.390233 
1535168226942 0.239747 0.920296 -0.309156 -0.602829 -0.936708 0.302968 0.175469 -0.232827 0.255147 0.247521 0.934684 0.390149 
1535168227243 0.239309 0.920719 -0.308232 -0.602929 -0.936281 0.302895 0.177856 -0.232892 0.257117 0.246029 0.934538 0.390142 
1535168227266 0.239259 0.920801 -0.308028 -0.602942 -0.93621 0.302889 0.178241 -0.232966 0.257423 0.245733 0.934531 0.390142 
1535168227483 0.239044 0.920549 -0.308945 -0.603004 -0.936212 0.302912 0.178187 -0.232783 0.257613 0.246643 0.934239 0.39013 
1535168227781 0.239298 0.920202 -0.309782 -0.602902 -0.936105 0.303355 0.177996 -0.232918 0.257767 0.247394 0.933998 0.390257 
1535168227800 0.239298 0.920202 -0.309782 -0.602902 -0.936105 0.303355 0.177996 -0.232918 0.257767 0.247394 0.933998 0.390257 
1535168227937 0.239298 0.919975 -0.310456 -0.602916 -0.93599 0.303596 0.17819 -0.232892 0.258184 0.247943 0.933737 0.390363 
1535168228168 0.239179 0.920149 -0.31003 -0.602885 -0.936157 0.30327 0.177867 -0.23289 0.257687 0.247695 0.93394 0.390241 
1535168228192 0.239179 0.920149 -0.31003 -0.602885 -0.936157 0.30327 0.177867 -0.23289 0.257687 0.247695 0.93394 0.390241 
1535168228205 0.239179 0.920149 -0.31003 -0.602885 -0.936157 0.30327 0.177867 -0.23289 0.257687 0.247695 0.93394 0.390241 
1535168228359 0.238987 0.92018 -0.310088 -0.602903 -0.936277 0.303031 0.177643 -0.232761 0.25743 0.247874 0.933964 0.390273 
1535168228708 0.239154 0.920173 -0.309978 -0.602911 -0.936151 0.303248 0.177939 -0.232879 0.257735 0.247632 0.933944 0.390241 
1535168228726 0.239387 0.919991 -0.310339 -0.602869 -0.935765 0.303852 0.178936 -0.233076 0.258916 0.24757 0.933633 0.390248 
1535168228848 0.239287 0.920056 -0.310224 -0.602872 -0.935832 0.303696 0.178852 -0.233013 0.258768 0.24752 0.933688 0.390309 
1535168229021 0.23937 0.919843 -0.310791 -0.602883 -0.935821 0.303873 0.178603 -0.232901 0.258728 0.248093 0.933547 0.39043 
1535168229372 0.23937 0.919843 -0.310791 -0.602883 -0.935821 0.303873 0.178603 -0.232901 0.258728 0.248093 0.933547 0.39043 
1535168237049 0.239591 0.919991 -0.310183 -0.602895 -0.936041 0.3037 0.177747 -0.232842 0.257728 0.247757 0.933912 0.390415 
1535168237623 0.244092 0.920334 -0.305622 -0.60272 -0.93459 0.307349 0.179102 -0.232403 0.258766 0.241914 0.935156 0.38973 
1535168237657 0.244805 0.92044 -0.30473 -0.602715 -0.934477 0.307783 0.178949 -0.232329 0.258502 0.240956 0.935477 0.389569 
1535168237971 0.246335 0.920769 -0.302494 -0.60274 -0.933916 0.308945 0.179873 -0.232166 0.259076 0.238195 0.936025 0.389406 
1535168238028 0.24672 0.920909 -0.301756 -0.602683 -0.93376 0.309215 0.180216 -0.23211 0.25927 0.237305 0.936197 0.389284 
1535168238286 0.246856 0.920848 -0.30183 -0.602734 -0.933822 0.309269 0.179804 -0.232162 0.258919 0.23747 0.936253 0.389238 
1535168238435 0.247068 0.921019 -0.301132 -0.602764 -0.934151 0.308981 0.178587 -0.231976 0.257526 0.23718 0.93671 0.389252 
1535168238856 0.24781 0.92119 -0.3 -0.602839 -0.933879 0.309534 0.179051 -0.232136 0.2578 0.235793 0.936985 0.388919 
1535168238876 0.248156 0.921432 -0.298969 -0.602889 -0.933921 0.30954 0.178819 -0.231982 0.257313 0.234838 0.937359 0.388807 
1535168238898 0.248156 0.921432 -0.298969 -0.602889 -0.933921 0.30954 0.178819 -0.231982 0.257313 0.234838 0.937359 0.388807 
1535168239060 0.247674 0.921238 -0.299962 -0.602882 -0.933872 0.309437 0.179255 -0.232086 0.257956 0.235729 0.936958 0.38892 
1535168239321 0.247643 0.9212 -0.300104 -0.602841 -0.933824 0.309486 0.179417 -0.232143 0.258157 0.235813 0.936881 0.388966 
1535168239345 0.247643 0.9212 -0.300104 -0.602841 -0.933824 0.309486 0.179417 -0.232143 0.258157 0.235813 0.936881 0.388966 
1535168239358 0.247643 0.9212 -0.300104 -0.602841 -0.933824 0.309486 0.179417 -0.232143 0.258157 0.235813 0.936881 0.388966 
1535168239464 0.247043 0.921145 -0.30077 -0.602845 -0.933706 0.3093 0.180352 -0.232309 0.259159 0.236276 0.936488 0.388945 
1535168239673 0.24776 0.921171 -0.300099 -0.602827 -0.933824 0.309568 0.179277 -0.232221 0.258045 0.235822 0.93691 0.388973 
1535168239695 0.246968 0.921242 -0.300532 -0.602883 -0.934226 0.308725 0.178638 -0.232109 0.257351 0.236647 0.936893 0.389037 
1535168239808 0.246992 0.921275 -0.300411 -0.602866 -0.934171 0.308768 0.178846 -0.232093 0.257524 0.236462 0.936892 0.389019 
1535168240099 0.247077 0.921309 -0.300239 -0.602852 -0.934109 0.308852 0.179027 -0.232106 0.257669 0.236222 0.936913 0.389005 
1535168240117 0.247182 0.921397 -0.29988 -0.602818 -0.933986 0.308969 0.179468 -0.23228 0.258015 0.235723 0.936943 0.389078 
1535168240136 0.247183 0.921397 -0.29988 -0.602818 -0.933985 0.308971 0.179471 -0.232281 0.258018 0.235721 0.936943 0.389078 
1535168240340 0.246565 0.921079 -0.301364 -0.60283 -0.933864 0.308934 0.180162 -0.232081 0.259044 0.237011 0.936334 0.389058 
1535168240604 0.246639 0.920837 -0.30204 -0.602797 -0.933547 0.309408 0.180989 -0.232198 0.260115 0.237329 0.935957 0.389136 
1535168240622 0.246639 0.920837 -0.30204 -0.602797 -0.933547 0.309408 0.180989 -0.232198 0.260115 0.237329 0.935957 0.389136 
1535168240638 0.246639 0.920837 -0.30204 -0.602797 -0.933547 0.309408 0.180989 -0.232198 0.260115 0.237329 0.935957 0.389136 
1535168240733 0.245974 0.920729 -0.30291 -0.60276 -0.933333 0.309304 0.182264 -0.232128 0.261507 0.237883 0.935428 0.389232 
1535168240865 0.246463 0.920878 -0.302059 -0.602795 -0.933541 0.309293 0.181216 -0.232118 0.260302 0.237321 0.935907 0.389181 
1535168240896 0.246514 0.92086 -0.302072 -0.602828 -0.933737 0.309153 0.180442 -0.232135 0.259548 0.237574 0.936052 0.389164 
1535168241076 0.245955 0.920902 -0.3024 -0.602846 -0.933956 0.308621 0.18022 -0.231983 0.259292 0.238102 0.935989 0.389143 
1535168241109 0.246306 0.92098 -0.301876 -0.602813 -0.933861 0.308854 0.180314 -0.231971 0.259301 0.237497 0.93614 0.389174 
1535168241301 0.245544 0.920794 -0.303062 -0.602845 -0.933924 0.30849 0.18061 -0.231992 0.259796 0.23869 0.935699 0.3891 
1535168241624 0.245626 0.920754 -0.303116 -0.602748 -0.933803 0.30867 0.18093 -0.232105 0.260154 0.23861 0.93562 0.38926 
1535168241641 0.245626 0.920754 -0.303116 -0.602748 -0.933803 0.30867 0.18093 -0.232105 0.260154 0.23861 0.93562 0.38926 
1535168241681 0.245626 0.920754 -0.303116 -0.602748 -0.933803 0.30867 0.18093 -0.232105 0.260154 0.23861 0.93562 0.38926 
1535168241838 0.24511 0.920617 -0.30395 -0.602749 -0.933787 0.308483 0.181329 -0.232124 0.260698 0.239379 0.935272 0.389242 
1535168242088 0.246188 0.920552 -0.303273 -0.602742 -0.934312 0.308626 0.178354 -0.231974 0.257782 0.239443 0.936064 0.38914 
1535168242237 0.246488 0.92041 -0.303462 -0.60277 -0.934575 0.308629 0.176969 -0.231889 0.256541 0.239988 0.936265 0.389016 
1535168242637 0.246498 0.920039 -0.304576 -0.602649 -0.934824 0.308615 0.175674 -0.231792 0.255624 0.241422 0.936147 0.389228 
1535168242662 0.246498 0.920039 -0.304576 -0.602649 -0.934824 0.308615 0.175674 -0.231792 0.255624 0.241422 0.936147 0.389228 
1535168242695 0.246498 0.920039 -0.304576 -0.602649 -0.934824 0.308615 0.175674 -0.231792 0.255624 0.241422 0.936147 0.389228 
1535168242876 0.246497 0.92003 -0.304604 -0.602642 -0.934832 0.308612 0.175635 -0.231818 0.255594 0.24146 0.936146 0.389242 
1535168243136 0.246443 0.919775 -0.305416 -0.602575 -0.934807 0.308753 0.17552 -0.231893 0.255737 0.24225 0.935903 0.389377 
1535168243288 0.246412 0.919806 -0.305349 -0.602589 -0.934685 0.308833 0.176026 -0.23201 0.256212 0.242031 0.935829 0.38943 
1535168243694 0.246588 0.919817 -0.305174 -0.602567 -0.934705 0.308905 0.175798 -0.232034 0.255972 0.241898 0.93593 0.389404 
1535168243717 0.246596 0.920219 -0.303953 -0.602653 -0.934773 0.308612 0.175948 -0.232038 0.255715 0.240739 0.936299 0.38939 
1535168243737 0.246596 0.920219 -0.303952 -0.602653 -0.934773 0.308612 0.175948 -0.232038 0.255714 0.240738 0.936299 0.38939 
1535168243916 0.24648 0.920131 -0.304314 -0.602623 -0.934785 0.308589 0.175926 -0.232009 0.255783 0.241106 0.936185 0.389399 
1535168244145 0.246485 0.920231 -0.304007 -0.602628 -0.934688 0.308625 0.176379 -0.231999 0.256133 0.240677 0.9362 0.389447 
1535168244336 0.246202 0.920144 -0.3045 -0.602623 -0.934522 0.308678 0.177165 -0.232094 0.25701 0.240944 0.935891 0.3894 
1535168244378 0.246426 0.920102 -0.304445 -0.602607 -0.93448 0.308864 0.177062 -0.232096 0.256947 0.240865 0.935928 0.389502 
1535168244577 0.245843 0.920172 -0.304705 -0.602622 -0.934506 0.30848 0.177589 -0.23206 0.257408 0.24109 0.935744 0.389453 
1535168244749 0.245811 0.920092 -0.304972 -0.602605 -0.934346 0.308659 0.178121 -0.232254 0.25802 0.241166 0.935556 0.389486 
1535168244996 0.245825 0.920121 -0.304874 -0.602625 -0.934519 0.308488 0.177508 -0.23219 0.257378 0.241275 0.935704 0.389483 
1535168245037 0.246758 0.920011 -0.304452 -0.602651 -0.934559 0.309023 0.176362 -0.232168 0.256338 0.24101 0.936058 0.389463 
1535168245219 0.246181 0.920186 -0.30439 -0.60267 -0.934566 0.3086 0.177065 -0.232069 0.256867 0.240883 0.935946 0.389433 
1535168245256 0.246287 0.920286 -0.304 -0.602688 -0.934309 0.308839 0.178003 -0.232169 0.257701 0.24019 0.935895 0.389508 
1535168245434 0.246052 0.920357 -0.303976 -0.60273 -0.934437 0.30855 0.177831 -0.231994 0.25746 0.240291 0.935935 0.38946 
1535168245471 0.246146 0.92023 -0.304285 -0.60272 -0.934288 0.308815 0.178153 -0.232069 0.25791 0.240438 0.935773 0.389406 
1535168245599 0.246191 0.920285 -0.304082 -0.602743 -0.934072 0.309009 0.178952 -0.232116 0.258651 0.239978 0.935687 0.389433 
1535168245791 0.245956 0.920568 -0.303414 -0.602811 -0.934321 0.308482 0.178557 -0.231984 0.257972 0.239569 0.935979 0.389432 
1535168245969 0.246324 0.920629 -0.30293 -0.602824 -0.934177 0.308781 0.178795 -0.23199 0.258143 0.238948 0.936091 0.389468 
1535168246010 0.246031 0.920802 -0.302643 -0.602829 -0.934254 0.308448 0.17897 -0.231901 0.258145 0.238713 0.93615 0.389474 
1535168246024 0.24603 0.920861 -0.302464 -0.602828 -0.934223 0.30844 0.179141 -0.23191 0.258256 0.238495 0.936175 0.389465 
1535168246271 0.246159 0.920627 -0.303071 -0.602857 -0.934171 0.308698 0.178969 -0.231809 0.258321 0.239065 0.936012 0.389407 
1535168246291 0.246159 0.920627 -0.303071 -0.602857 -0.934171 0.308698 0.178969 -0.231809 0.258321 0.239065 0.936012 0.389407 
1535168246453 0.246726 0.920362 -0.303413 -0.60281 -0.93405 0.309276 0.178606 -0.231839 0.25822 0.239336 0.93597 0.389607 
1535168246665 0.246621 0.920256 -0.303819 -0.602853 -0.933967 0.309357 0.178897 -0.231882 0.25862 0.239637 0.935783 0.389621 
1535168247020 0.246503 0.920219 -0.304029 -0.602765 -0.933809 0.309461 0.179539 -0.232005 0.2593 0.239648 0.935592 0.389735 
1535168260260 0.246503 0.920219 -0.304029 -0.602765 -0.933809 0.309461 0.179539 -0.232005 0.2593 0.239648 0.935592 0.389735 
1535168260537 0.24507 0.920552 -0.304179 -0.602814 -0.934481 0.307859 0.178799 -0.23208 0.258238 0.240431 0.935685 0.389732 
1535168261260 0.244124 0.920675 -0.304569 -0.60289 -0.935069 0.306719 0.177681 -0.232277 0.257003 0.241416 0.935771 0.389685 
1535168261555 0.243746 0.920673 -0.304875 -0.602929 -0.935322 0.306274 0.177113 -0.232327 0.256438 0.241986 0.935779 0.389738 
1535168262011 0.243516 0.920659 -0.305102 -0.60295 -0.935425 0.306059 0.17694 -0.232326 0.25628 0.242312 0.935738 0.389722 
1535168262025 0.243516 0.920659 -0.305102 -0.60295 -0.935425 0.306059 0.17694 -0.232326 0.25628 0.242312 0.935738 0.389722 
1535168262241 0.242971 0.920655 -0.305548 -0.602928 -0.935408 0.305778 0.177515 -0.232321 0.25686 0.242681 0.935483 0.389748 
1535168262573 0.242206 0.920375 -0.306994 -0.602848 -0.934616 0.306266 0.180815 -0.232612 0.26044 0.243127 0.934377 0.389899 
1535168262593 0.242206 0.920375 -0.306994 -0.602848 -0.934616 0.306266 0.180815 -0.232612 0.26044 0.243127 0.934377 0.389899 
1535168262613 0.242206 0.920375 -0.306994 -0.602848 -0.934616 0.306266 0.180815 -0.232612 0.26044 0.243127 0.934377 0.389899 
1535168262667 0.242206 0.920375 -0.306994 -0.602848 -0.934616 0.306266 0.180815 -0.232612 0.26044 0.243127 0.934377 0.389899 
1535168262797 0.241853 0.920353 -0.307339 -0.602792 -0.934534 0.306161 0.181417 -0.232637 0.261063 0.243342 0.934147 0.389892 
1535168263005 0.242239 0.920225 -0.30742 -0.602848 -0.934672 0.30632 0.180436 -0.232686 0.26021 0.243628 0.93431 0.389943 
1535168263030 0.242239 0.920225 -0.30742 -0.602848 -0.934672 0.30632 0.180436 -0.232686 0.26021 0.243628 0.93431 0.389943 
1535168263157 0.242074 0.920095 -0.307937 -0.602796 -0.934687 0.306291 0.180403 -0.232711 0.260306 0.244153 0.934147 0.39003 
1535168263421 0.242244 0.920308 -0.307167 -0.602814 -0.934707 0.30624 0.180386 -0.23268 0.260078 0.243414 0.934403 0.38993 
1535168263446 0.242244 0.920308 -0.307167 -0.602814 -0.934707 0.30624 0.180386 -0.23268 0.260078 0.243414 0.934403 0.38993 
1535168263466 0.242244 0.920308 -0.307167 -0.602814 -0.934707 0.30624 0.180386 -0.23268 0.260078 0.243414 0.934403 0.38993 
1535168263483 0.242244 0.920308 -0.307167 -0.602814 -0.934707 0.30624 0.180386 -0.23268 0.260078 0.243414 0.934403 0.38993 
1535168263500 0.242244 0.920308 -0.307167 -0.602814 -0.934707 0.30624 0.180386 -0.23268 0.260078 0.243414 0.934403 0.38993 
1535168263662 0.242284 0.920378 -0.306925 -0.602843 -0.934806 0.306129 0.180062 -0.232663 0.259684 0.24329 0.934545 0.389883 
1535168263897 0.242468 0.92044 -0.306594 -0.602807 -0.934728 0.306267 0.180235 -0.23272 0.259796 0.242881 0.93462 0.389886 
1535168263914 0.242468 0.92044 -0.306594 -0.602807 -0.934728 0.306267 0.180235 -0.23272 0.259796 0.242881 0.93462 0.389886 
1535168263932 0.242493 0.92074 -0.305672 -0.602893 -0.934918 0.305927 0.179827 -0.232578 0.259088 0.242172 0.935001 0.389739 
1535168264149 0.24252 0.920733 -0.305672 -0.602874 -0.934897 0.305965 0.179868 -0.232598 0.259136 0.24215 0.934993 0.389773 
1535168264184 0.242679 0.920555 -0.306079 -0.602844 -0.935032 0.30603 0.179054 -0.232573 0.258499 0.242742 0.935016 0.389762 
1535168264339 0.242681 0.920601 -0.305941 -0.602869 -0.935057 0.305981 0.179009 -0.232548 0.258408 0.24263 0.93507 0.389701 
1535168264616 0.242641 0.920664 -0.305782 -0.602872 -0.935153 0.305832 0.178763 -0.232556 0.258099 0.242578 0.935169 0.389856 
1535168264633 0.242803 0.920508 -0.306124 -0.60287 -0.93536 0.305817 0.1777 -0.232444 0.257192 0.24319 0.93526 0.389817 
1535168264769 0.242814 0.920506 -0.306121 -0.602883 -0.935298 0.305883 0.177916 -0.232478 0.25741 0.243114 0.93522 0.389853 
1535168264941 0.242499 0.920502 -0.306384 -0.602854 -0.934994 0.305999 0.179309 -0.232558 0.258807 0.242985 0.934868 0.389826 
1535168265224 0.242732 0.920549 -0.306057 -0.602855 -0.935163 0.30594 0.178524 -0.232638 0.257975 0.24288 0.935125 0.389777 
1535168265244 0.242854 0.920883 -0.304953 -0.602952 -0.935184 0.305791 0.178668 -0.232594 0.257784 0.241797 0.935458 0.389709 
1535168265434 0.242412 0.920547 -0.306317 -0.60291 -0.935277 0.305658 0.178409 -0.232572 0.257862 0.243243 0.935062 0.389777 
1535168265757 0.242263 0.920072 -0.307856 -0.602799 -0.935212 0.305913 0.178313 -0.232646 0.258239 0.244712 0.934574 0.389949 
1535168265781 0.242263 0.920072 -0.307856 -0.602799 -0.935212 0.305913 0.178313 -0.232646 0.258239 0.244712 0.934574 0.389949 
1535168265793 0.242263 0.920072 -0.307856 -0.602799 -0.935212 0.305913 0.178313 -0.232646 0.258239 0.244712 0.934574 0.389949 
1535168265922 0.242114 0.919853 -0.308627 -0.602816 -0.935199 0.305971 0.178284 -0.232635 0.258426 0.245463 0.934325 0.389982 
1535168266219 0.242306 0.919878 -0.308402 -0.602769 -0.935386 0.305883 0.177448 -0.232538 0.257565 0.245479 0.934559 0.389984 
1535168266240 0.242306 0.919878 -0.308402 -0.602769 -0.935386 0.305883 0.177448 -0.232538 0.257565 0.245479 0.934559 0.389984 
1535168266256 0.242783 0.9195 -0.309153 -0.602689 -0.935505 0.306247 0.17619 -0.232597 0.256684 0.246438 0.934549 0.389961 
1535168266416 0.242602 0.919828 -0.308319 -0.602762 -0.935491 0.305974 0.176737 -0.232492 0.256905 0.245553 0.934721 0.38997 
1535168266689 0.242761 0.919911 -0.307947 -0.602815 -0.935549 0.305958 0.176458 -0.232449 0.256544 0.245263 0.934896 0.389948 
1535168266706 0.242761 0.919911 -0.307947 -0.602815 -0.935549 0.305958 0.176458 -0.232449 0.256544 0.245263 0.934896 0.389948 
1535168266722 0.243516 0.919988 -0.307118 -0.60284 -0.935829 0.306059 0.174791 -0.232313 0.254802 0.244845 0.935482 0.389861 
1535168266925 0.242612 0.919987 -0.307836 -0.60283 -0.93559 0.305794 0.176525 -0.232392 0.256535 0.245181 0.93492 0.390006 
1535168266959 0.242593 0.919978 -0.307877 -0.602821 -0.935572 0.305806 0.176599 -0.232418 0.256618 0.2452 0.934893 0.390013 
1535168267134 0.242058 0.919793 -0.30885 -0.602812 -0.935502 0.305686 0.177181 -0.232426 0.257381 0.246042 0.934462 0.390007 
1535168267393 0.241706 0.919531 -0.309906 -0.602678 -0.935227 0.305906 0.178249 -0.232637 0.258707 0.246749 0.933909 0.390136 
1535168267445 0.240952 0.919371 -0.310964 -0.602614 -0.935127 0.305679 0.179159 -0.232705 0.259769 0.247622 0.933383 0.390188 
1535168267649 0.2416 0.919581 -0.30984 -0.602671 -0.935221 0.305825 0.178419 -0.232638 0.258828 0.246663 0.933898 0.390051 
1535168268033 0.241755 0.919931 -0.308678 -0.602709 -0.935129 0.305795 0.178951 -0.232681 0.259014 0.245391 0.934181 0.390071 
1535168268050 0.241755 0.919931 -0.308678 -0.602709 -0.935129 0.305795 0.178951 -0.232681 0.259014 0.245391 0.934181 0.390071 
1535168268069 0.241755 0.919931 -0.308678 -0.602709 -0.935129 0.305795 0.178951 -0.232681 0.259014 0.245391 0.934181 0.390071 
1535168268212 0.241674 0.920027 -0.308455 -0.602714 -0.935152 0.305673 0.179039 -0.232669 0.259007 0.245183 0.934238 0.389921 
1535168268381 0.242673 0.919987 -0.307789 -0.602721 -0.93521 0.306189 0.17785 -0.232623 0.257861 0.244688 0.934685 0.389996 
1535168268404 0.24324 0.920054 -0.307139 -0.602771 -0.935368 0.306311 0.176806 -0.232519 0.256751 0.244282 0.935096 0.389829 
1535168268565 0.243371 0.920043 -0.307069 -0.602756 -0.935349 0.306407 0.176739 -0.232511 0.256695 0.244204 0.935132 0.389926 
1535168268744 0.243395 0.919941 -0.307354 -0.602728 -0.935407 0.306423 0.176402 -0.232556 0.25646 0.244566 0.935102 0.38997 
1535168268976 0.243257 0.920112 -0.306953 -0.602811 -0.935744 0.305928 0.175472 -0.232426 0.255359 0.244544 0.935409 0.389895 
1535168269170 0.243476 0.920098 -0.306819 -0.602807 -0.936012 0.305798 0.174265 -0.232394 0.254166 0.244757 0.935678 0.389861 
1535168269337 0.243158 0.920354 -0.306304 -0.602892 -0.936289 0.305213 0.173807 -0.232265 0.253452 0.244526 0.935932 0.389794 
1535168269668 0.243505 0.920401 -0.305887 -0.602841 -0.936225 0.305437 0.173755 -0.232304 0.253353 0.244069 0.936078 0.389763 
1535168269688 0.243505 0.920401 -0.305887 -0.602841 -0.936225 0.305437 0.173755 -0.232304 0.253353 0.244069 0.936078 0.389763 
1535168269820 0.243793 0.920572 -0.305143 -0.602887 -0.936281 0.305444 0.173441 -0.232333 0.252869 0.243416 0.936379 0.389699 
1535168269999 0.243473 0.920395 -0.305931 -0.602828 -0.936231 0.305417 0.173757 -0.232305 0.253362 0.244117 0.936063 0.389794 
1535168270239 0.242668 0.920597 -0.305962 -0.60281 -0.93606 0.305025 0.175362 -0.232417 0.254764 0.243844 0.935754 0.389726 
1535168270280 0.242665 0.920578 -0.306021 -0.602838 -0.935905 0.305183 0.175915 -0.232468 0.255336 0.243718 0.935631 0.389737 
1535168270294 0.242665 0.920578 -0.306021 -0.602838 -0.935905 0.305183 0.175915 -0.232468 0.255336 0.243718 0.935631 0.389737 
1535168270518 0.242287 0.920737 -0.305844 -0.602843 -0.935787 0.304996 0.176862 -0.232469 0.256124 0.243353 0.93551 0.389863 
1535168270540 0.241421 0.920695 -0.306653 -0.602854 -0.935813 0.304519 0.177542 -0.232556 0.256844 0.244108 0.935116 0.389872 
1535168270556 0.241484 0.920687 -0.306629 -0.602838 -0.935739 0.304629 0.177747 -0.232585 0.257058 0.244001 0.935085 0.389908 
1535168270754 0.241827 0.920439 -0.307101 -0.602878 -0.935321 0.305358 0.178696 -0.232557 0.258254 0.244025 0.93475 0.390001 
1535168270933 0.241473 0.92031 -0.307767 -0.602877 -0.934947 0.30559 0.180244 -0.232658 0.259931 0.244222 0.934233 0.390229 
1535168271326 0.242029 0.920379 -0.307123 -0.60288 -0.935076 0.305735 0.17933 -0.23255 0.25895 0.243781 0.934621 0.390056 
1535168271467 0.242277 0.920479 -0.306627 -0.602947 -0.935179 0.305716 0.178824 -0.232475 0.258344 0.243426 0.934881 0.39 
1535168271835 0.242249 0.920461 -0.306704 -0.602921 -0.935172 0.305717 0.178859 -0.232484 0.258397 0.243493 0.934849 0.389979 
1535168271852 0.242444 0.920324 -0.306959 -0.602921 -0.935308 0.305776 0.178047 -0.23244 0.257722 0.243935 0.93492 0.389824 
1535168271868 0.242444 0.920325 -0.306957 -0.602921 -0.935308 0.305775 0.178046 -0.232439 0.25772 0.243933 0.934921 0.389825 
1535168271888 0.242443 0.920326 -0.306955 -0.602921 -0.935308 0.305774 0.178046 -0.232439 0.25772 0.243932 0.934921 0.389825 
1535168271902 0.242443 0.920326 -0.306955 -0.602921 -0.935308 0.305774 0.178046 -0.232439 0.25772 0.243932 0.934921 0.389825 
1535168272085 0.242213 0.92046 -0.306734 -0.602909 -0.935254 0.305621 0.178595 -0.232413 0.258134 0.243616 0.934889 0.389964 
1535168272109 0.241644 0.920314 -0.307621 -0.602831 -0.934957 0.305673 0.180055 -0.232584 0.259739 0.244103 0.934318 0.390019 
1535168272285 0.241572 0.920355 -0.307553 -0.602805 -0.935008 0.305561 0.179979 -0.232556 0.259621 0.244087 0.934355 0.390028 
1535168272554 0.241929 0.919747 -0.30909 -0.602822 -0.934887 0.306226 0.179477 -0.232504 0.259724 0.245543 0.933944 0.390275 
1535168272723 0.241929 0.919747 -0.30909 -0.602822 -0.934887 0.306226 0.179477 -0.232504 0.259724 0.245543 0.933944 0.390275 
