1535123258979 0.213821 0.919387 -0.330163 -0.472262 -0.943803 0.281621 0.172988 -0.171387 0.252024 0.27462 0.927937 0.474193 
1535123265272 0.213821 0.919387 -0.330163 -0.472262 -0.943803 0.281621 0.172989 -0.171387 0.252024 0.27462 0.927937 0.474193 
1535123266178 0.217994 0.919867 -0.326072 -0.488176 -0.943406 0.284176 0.170966 -0.178791 0.249928 0.270348 0.929757 0.464344 
1535123267499 0.225019 0.921226 -0.317347 -0.520843 -0.942584 0.288306 0.16857 -0.193071 0.246784 0.261195 0.933207 0.444192 
1535123269185 0.235691 0.922944 -0.304343 -0.569687 -0.941292 0.294689 0.164708 -0.214604 0.241702 0.247655 0.938215 0.413989 
1535123270866 0.245855 0.92449 -0.291329 -0.618688 -0.939866 0.300878 0.161632 -0.235896 0.237082 0.234072 0.942869 0.38371 
1535123270899 0.245372 0.924753 -0.290902 -0.618814 -0.939904 0.300429 0.162242 -0.235694 0.237429 0.233611 0.942896 0.383673 
1535123271423 0.247054 0.924335 -0.290806 -0.621703 -0.939628 0.301855 0.161194 -0.237491 0.236779 0.233426 0.943106 0.381752 
1535123271774 0.247036 0.924521 -0.290231 -0.623406 -0.939662 0.301709 0.16127 -0.238066 0.236662 0.23288 0.94327 0.380778 
1535123272269 0.247663 0.924646 -0.289296 -0.626717 -0.939545 0.302097 0.161225 -0.239425 0.236472 0.231877 0.943565 0.378712 
1535123272775 0.24829 0.924811 -0.288231 -0.630004 -0.939431 0.302459 0.16121 -0.240867 0.236267 0.230746 0.943893 0.376696 
1535123273189 0.248419 0.924935 -0.287721 -0.631686 -0.9394 0.30249 0.161331 -0.241462 0.236253 0.230207 0.944028 0.375665 
1535123273582 0.248545 0.925046 -0.287254 -0.633348 -0.939378 0.302518 0.161409 -0.242093 0.23621 0.229723 0.944157 0.374614 
1535123273876 0.248116 0.925302 -0.286802 -0.633566 -0.939504 0.302017 0.161612 -0.242002 0.236159 0.229353 0.94426 0.374512 
1535123274141 0.247209 0.924976 -0.288631 -0.633655 -0.939513 0.301695 0.162161 -0.242467 0.237074 0.231085 0.943608 0.374634 
1535123274360 0.24589 0.924795 -0.290331 -0.634036 -0.939573 0.301014 0.163074 -0.242772 0.238204 0.232689 0.942929 0.374589 
1535123274534 0.245284 0.924672 -0.291235 -0.634258 -0.939529 0.300794 0.163732 -0.24295 0.239 0.233462 0.942536 0.374641 
1535123274774 0.243791 0.924576 -0.29279 -0.634616 -0.939667 0.299892 0.16459 -0.243242 0.239982 0.234999 0.941905 0.374637 
1535123274899 0.243291 0.924452 -0.293597 -0.634814 -0.939621 0.299731 0.165146 -0.243416 0.240669 0.235691 0.941556 0.374629 
1535123274971 0.242804 0.924466 -0.293953 -0.63489 -0.93967 0.299407 0.165454 -0.243436 0.240968 0.236046 0.941391 0.374645 
1535123274988 0.242726 0.924444 -0.294087 -0.634919 -0.939675 0.299372 0.165493 -0.24347 0.24103 0.236177 0.941342 0.374632 
1535123275149 0.242519 0.924498 -0.294089 -0.63495 -0.93972 0.299183 0.165577 -0.243561 0.241062 0.236206 0.941327 0.374635 
1535123275294 0.241982 0.924777 -0.293653 -0.634889 -0.939723 0.298726 0.166383 -0.243668 0.241589 0.235691 0.941321 0.374847 
1535123275525 0.240573 0.925023 -0.294035 -0.634976 -0.939898 0.297635 0.167344 -0.243934 0.242312 0.236104 0.941031 0.374893 
1535123275668 0.240053 0.925056 -0.294358 -0.635063 -0.939867 0.297359 0.168012 -0.24411 0.242951 0.236325 0.940811 0.374938 
1535123275925 0.237987 0.925524 -0.294563 -0.635178 -0.940164 0.295652 0.169355 -0.244454 0.24383 0.236633 0.940506 0.375142 
1535123276378 0.237547 0.925624 -0.294603 -0.635182 -0.940139 0.295373 0.169981 -0.244649 0.244356 0.23659 0.94038 0.375187 
1535123276635 0.237503 0.926049 -0.293302 -0.635179 -0.940463 0.29479 0.169201 -0.244802 0.243151 0.235654 0.940928 0.375088 
1535123276856 0.236483 0.926718 -0.292008 -0.635247 -0.940929 0.29338 0.169059 -0.244989 0.242339 0.234779 0.941356 0.37501 
1535123277040 0.236125 0.92714 -0.290958 -0.63524 -0.941118 0.292752 0.169098 -0.245277 0.241956 0.233898 0.941674 0.375053 
1535123277061 0.236061 0.927237 -0.2907 -0.635226 -0.941172 0.292606 0.169045 -0.245344 0.241806 0.233694 0.941763 0.37506 
1535123277078 0.236035 0.927299 -0.290523 -0.635221 -0.941207 0.292523 0.168998 -0.245412 0.241697 0.233553 0.941826 0.375057 
1535123277270 0.236557 0.927265 -0.290209 -0.635218 -0.94112 0.29292 0.168792 -0.245349 0.241522 0.233192 0.94196 0.375023 
1535123277390 0.236963 0.927186 -0.290127 -0.635145 -0.941181 0.293134 0.168078 -0.245232 0.240886 0.233234 0.942113 0.374956 
1535123277483 0.237511 0.927085 -0.290002 -0.635139 -0.941062 0.293615 0.167908 -0.245264 0.240814 0.23303 0.942181 0.374989 
1535123277693 0.239491 0.927045 -0.288497 -0.634975 -0.94096 0.294844 0.166317 -0.245273 0.239245 0.231633 0.942925 0.374747 
1535123277810 0.240257 0.927106 -0.287663 -0.634926 -0.94108 0.29512 0.165146 -0.245179 0.238003 0.231036 0.943386 0.374614 
1535123278048 0.240849 0.926886 -0.287879 -0.634685 -0.940777 0.29587 0.16553 -0.24513 0.238602 0.230962 0.943252 0.374827 
1535123278332 0.242504 0.926512 -0.287691 -0.63427 -0.940473 0.297298 0.164697 -0.2448 0.238124 0.230626 0.943456 0.374914 
1535123278522 0.243594 0.926279 -0.287523 -0.634035 -0.940261 0.29824 0.1642 -0.244793 0.237846 0.230349 0.943594 0.374938 
1535123278708 0.244354 0.926128 -0.287362 -0.633839 -0.940157 0.298847 0.163693 -0.244579 0.237478 0.230167 0.943731 0.374878 
1535123279005 0.247001 0.925656 -0.286622 -0.633207 -0.939643 0.30107 0.162565 -0.244104 0.236773 0.229169 0.944151 0.375064 
1535123279381 0.247725 0.925469 -0.286599 -0.633015 -0.93956 0.301654 0.161964 -0.244141 0.236347 0.229155 0.944261 0.375069 
1535123279691 0.246828 0.925765 -0.286418 -0.632523 -0.939807 0.300755 0.162202 -0.24369 0.236303 0.229142 0.944275 0.375355 
1535123279941 0.246902 0.925767 -0.286346 -0.631912 -0.939915 0.300689 0.161695 -0.243392 0.235793 0.229218 0.944384 0.375549 
1535123280118 0.247326 0.925602 -0.286514 -0.631567 -0.939904 0.301025 0.161134 -0.24353 0.235394 0.229443 0.944429 0.375586 
1535123280369 0.247369 0.925663 -0.286279 -0.63098 -0.939934 0.300986 0.161033 -0.243184 0.235228 0.229249 0.944517 0.375923 
1535123280556 0.247405 0.925656 -0.286274 -0.630665 -0.940068 0.300879 0.160451 -0.243137 0.234656 0.229421 0.944618 0.37597 
1535123280861 0.247558 0.925605 -0.286304 -0.63044 -0.940072 0.300987 0.160222 -0.24311 0.234476 0.229482 0.944647 0.376052 
1535123281074 0.247204 0.92576 -0.286109 -0.630408 -0.940086 0.300693 0.160695 -0.242959 0.234796 0.229243 0.944626 0.376143 
1535123281366 0.247374 0.925695 -0.286172 -0.629431 -0.93997 0.300935 0.160918 -0.242608 0.235081 0.229186 0.944569 0.37647 
1535123281611 0.247513 0.925591 -0.28639 -0.628949 -0.939845 0.301192 0.161167 -0.242378 0.235433 0.229271 0.944461 0.376577 
1535123281991 0.247402 0.925626 -0.286372 -0.627486 -0.939794 0.30116 0.161522 -0.241803 0.235753 0.22917 0.944406 0.377106 
1535123282307 0.247674 0.925507 -0.286521 -0.626457 -0.939591 0.301574 0.161931 -0.241416 0.236276 0.229107 0.94429 0.377497 
1535123282404 0.248294 0.92524 -0.286847 -0.626225 -0.939417 0.302233 0.161711 -0.24164 0.236316 0.229317 0.944229 0.377448 
1535123282648 0.247913 0.925369 -0.286759 -0.626149 -0.939482 0.301889 0.161979 -0.241458 0.23646 0.229248 0.94421 0.377518 
1535123282897 0.247395 0.925528 -0.286692 -0.62565 -0.939402 0.301592 0.162992 -0.241119 0.237318 0.228996 0.944056 0.377787 
1535123283200 0.246804 0.925583 -0.287026 -0.624713 -0.939208 0.301423 0.164418 -0.240704 0.238698 0.228998 0.943707 0.37814 
1535123283444 0.24677 0.925525 -0.287244 -0.624217 -0.939013 0.301624 0.165157 -0.240523 0.239496 0.22897 0.943512 0.37832 
1535123283740 0.24648 0.925524 -0.287492 -0.623158 -0.938711 0.301753 0.166632 -0.240237 0.240974 0.228801 0.943176 0.378685 
1535123284043 0.24629 0.925429 -0.287963 -0.622158 -0.938385 0.302013 0.167995 -0.239921 0.242436 0.228845 0.942791 0.379004 
1535123284117 0.246436 0.925306 -0.288233 -0.621929 -0.938236 0.302305 0.1683 -0.239985 0.242863 0.228955 0.942654 0.379015 
1535123284135 0.24643 0.925293 -0.288279 -0.62193 -0.938223 0.302321 0.168344 -0.239968 0.24292 0.228985 0.942632 0.379006 
1535123284362 0.24626 0.92526 -0.288532 -0.621702 -0.938252 0.302221 0.168365 -0.239688 0.242982 0.229254 0.942551 0.379172 
1535123284708 0.246374 0.924817 -0.289849 -0.620653 -0.937933 0.302842 0.169024 -0.239338 0.244095 0.230216 0.942029 0.37949 
1535123284909 0.246527 0.924564 -0.290527 -0.620326 -0.937749 0.303247 0.169316 -0.239218 0.244644 0.230701 0.941768 0.379549 
1535123285105 0.246744 0.924375 -0.290943 -0.619988 -0.937592 0.303624 0.169508 -0.239119 0.245027 0.230961 0.941605 0.379655 
1535123285385 0.246765 0.92407 -0.291892 -0.619287 -0.937332 0.304059 0.17017 -0.238882 0.246001 0.231607 0.941191 0.379881 
1535123285417 0.246765 0.924037 -0.291998 -0.61917 -0.937297 0.304111 0.170267 -0.238834 0.246133 0.231673 0.941141 0.379934 
1535123285438 0.246819 0.924017 -0.292014 -0.619113 -0.93727 0.304177 0.170295 -0.238826 0.246179 0.231664 0.941131 0.379953 
1535123285658 0.246707 0.923974 -0.292246 -0.619016 -0.937363 0.304053 0.170006 -0.238697 0.245939 0.231999 0.941111 0.379958 
1535123285872 0.246946 0.923768 -0.292695 -0.61868 -0.937298 0.304366 0.169805 -0.238627 0.245947 0.23241 0.941008 0.380085 
1535123285934 0.246874 0.923712 -0.292931 -0.61856 -0.937295 0.304362 0.169831 -0.238451 0.246032 0.232636 0.94093 0.380128 
1535123286096 0.246927 0.923633 -0.293137 -0.61838 -0.937316 0.304417 0.169615 -0.23836 0.245898 0.232879 0.940905 0.380177 
1535123286150 0.246859 0.923615 -0.29325 -0.618253 -0.937353 0.304355 0.169523 -0.238268 0.245827 0.23303 0.940886 0.380276 
1535123286286 0.247115 0.923481 -0.293456 -0.618041 -0.937326 0.304598 0.169235 -0.238326 0.245671 0.233243 0.940874 0.380304 
1535123286360 0.247108 0.9234 -0.293717 -0.617891 -0.937336 0.304631 0.169118 -0.238167 0.245639 0.233522 0.940813 0.380394 
1535123286379 0.247204 0.923364 -0.293751 -0.617872 -0.937328 0.304712 0.169019 -0.238232 0.245575 0.233558 0.940821 0.380391 
1535123286567 0.247118 0.923376 -0.293784 -0.617887 -0.937368 0.30462 0.168962 -0.238168 0.245507 0.23363 0.94082 0.380334 
1535123286679 0.24751 0.923262 -0.293813 -0.617608 -0.937243 0.305019 0.168936 -0.238149 0.245591 0.233561 0.940816 0.380378 
1535123286816 0.247323 0.923258 -0.293982 -0.61749 -0.93737 0.304797 0.168629 -0.237917 0.245293 0.233865 0.940818 0.380498 
1535123286913 0.247636 0.923188 -0.29394 -0.617257 -0.937308 0.305068 0.168483 -0.237863 0.245213 0.23379 0.940857 0.380618 
1535123287152 0.247969 0.92293 -0.29447 -0.616823 -0.93723 0.305472 0.168187 -0.237609 0.245177 0.23428 0.940745 0.380762 
1535123287367 0.24816 0.922786 -0.294758 -0.61649 -0.937274 0.305616 0.167676 -0.2374 0.244812 0.234658 0.940746 0.380822 
1535123287596 0.248562 0.922561 -0.295125 -0.616275 -0.937204 0.30603 0.167312 -0.237421 0.244673 0.235005 0.940695 0.38086 
1535123287616 0.248563 0.92256 -0.295126 -0.616274 -0.937204 0.306031 0.167312 -0.237422 0.244673 0.235006 0.940695 0.380862 
1535123287840 0.248345 0.922714 -0.294829 -0.616132 -0.93726 0.305772 0.167475 -0.237297 0.244682 0.23474 0.940759 0.380965 
1535123288055 0.248503 0.922571 -0.295143 -0.615775 -0.937082 0.30611 0.167853 -0.237106 0.245202 0.234861 0.940593 0.381149 
1535123288111 0.248331 0.922609 -0.295167 -0.615614 -0.937121 0.305957 0.167913 -0.236955 0.245226 0.234909 0.940575 0.38121 
1535123288255 0.248569 0.922468 -0.295409 -0.615434 -0.93708 0.306206 0.167686 -0.236908 0.245141 0.23514 0.94054 0.381225 
1535123288475 0.248781 0.922283 -0.295808 -0.615033 -0.936941 0.30656 0.167816 -0.23678 0.245457 0.235405 0.940391 0.381361 
1535123288698 0.24886 0.922232 -0.295902 -0.61485 -0.936912 0.30666 0.167799 -0.236721 0.24549 0.235475 0.940365 0.381448 
1535123288720 0.248863 0.922228 -0.29591 -0.614851 -0.93691 0.306666 0.167798 -0.236721 0.245493 0.235482 0.940362 0.381447 
1535123288941 0.248793 0.922349 -0.295592 -0.614618 -0.936742 0.306719 0.168634 -0.236605 0.246203 0.234938 0.940313 0.381434 
1535123289145 0.248545 0.92256 -0.295142 -0.614096 -0.936642 0.306559 0.169482 -0.236532 0.246836 0.234318 0.940302 0.381518 
1535123289189 0.248368 0.922693 -0.294875 -0.613877 -0.93665 0.306378 0.169764 -0.23644 0.246984 0.23403 0.940334 0.381593 
1535123289384 0.248122 0.922833 -0.294642 -0.613437 -0.936472 0.306331 0.170826 -0.236171 0.247902 0.233538 0.940215 0.381648 
1535123289431 0.248206 0.92283 -0.294581 -0.613182 -0.936349 0.306494 0.171206 -0.236199 0.248281 0.233336 0.940165 0.381699 
1535123289764 0.248324 0.922859 -0.294393 -0.612838 -0.93615 0.306729 0.171876 -0.236224 0.248916 0.232915 0.940102 0.381761 
1535123290084 0.248271 0.922812 -0.294585 -0.612448 -0.936234 0.306648 0.171559 -0.236001 0.248651 0.233207 0.9401 0.381981 
1535123290407 0.248322 0.92281 -0.294547 -0.611151 -0.936032 0.306867 0.172272 -0.235605 0.249361 0.232926 0.939981 0.382454 
1535123290646 0.24843 0.922689 -0.294836 -0.610545 -0.935913 0.307108 0.172487 -0.235423 0.249698 0.23309 0.939851 0.382603 
1535123290669 0.248426 0.922681 -0.294863 -0.610455 -0.935894 0.307127 0.172555 -0.23539 0.249774 0.233093 0.93983 0.382645 
1535123290688 0.248438 0.922682 -0.294851 -0.610394 -0.935881 0.307146 0.172594 -0.235364 0.249812 0.233066 0.939827 0.38267 
1535123290902 0.248529 0.922772 -0.294491 -0.610057 -0.935842 0.307179 0.172746 -0.235176 0.249866 0.232665 0.939912 0.382775 
1535123291183 0.249093 0.922804 -0.293913 -0.609263 -0.935596 0.307696 0.173156 -0.234901 0.250225 0.231851 0.940017 0.382962 
1535123291440 0.249555 0.922876 -0.293294 -0.608419 -0.935352 0.308131 0.173701 -0.234679 0.250677 0.230985 0.94011 0.383115 
1535123291710 0.250041 0.922917 -0.292753 -0.607652 -0.935122 0.308584 0.174134 -0.234369 0.25105 0.230219 0.940198 0.383322 
1535123291909 0.250149 0.922934 -0.292607 -0.607294 -0.935019 0.308728 0.174434 -0.23417 0.251327 0.229958 0.940188 0.383361 
1535123291939 0.250145 0.923004 -0.292388 -0.607167 -0.935007 0.308693 0.174555 -0.234078 0.251374 0.229721 0.940234 0.383433 
1535123292250 0.250783 0.92303 -0.291761 -0.606531 -0.934984 0.309047 0.174053 -0.233623 0.250824 0.229142 0.940522 0.383542 
1535123292455 0.251346 0.922961 -0.291492 -0.606173 -0.934894 0.309477 0.173774 -0.233505 0.250597 0.228837 0.940657 0.383605 
1535123292712 0.251959 0.923074 -0.290606 -0.605454 -0.934902 0.309736 0.173267 -0.233021 0.249949 0.228032 0.941024 0.38377 
1535123292954 0.252635 0.923106 -0.289916 -0.604811 -0.934852 0.31013 0.172831 -0.232685 0.249453 0.227366 0.941317 0.383935 
1535123293132 0.253214 0.922989 -0.289782 -0.604432 -0.934817 0.310546 0.172276 -0.232628 0.248999 0.22727 0.94146 0.383918 
1535123293430 0.253505 0.923023 -0.289418 -0.604171 -0.934795 0.310703 0.172107 -0.232518 0.248782 0.226917 0.941603 0.384031 
1535123293456 0.253525 0.923005 -0.289458 -0.604187 -0.934783 0.310736 0.172117 -0.232544 0.24881 0.226945 0.941589 0.384027 
1535123293655 0.253213 0.923371 -0.288565 -0.604048 -0.934909 0.310234 0.172337 -0.232248 0.248654 0.226145 0.941823 0.384079 
1535123293850 0.253539 0.92357 -0.287641 -0.603556 -0.935001 0.310209 0.171882 -0.232085 0.247974 0.225365 0.942189 0.384035 
1535123293902 0.253555 0.923772 -0.286975 -0.603355 -0.935063 0.31004 0.171849 -0.23186 0.247723 0.224767 0.942398 0.384117 
1535123294075 0.253635 0.92406 -0.285977 -0.602902 -0.935212 0.309776 0.171515 -0.231604 0.247079 0.223947 0.942762 0.384146 
1535123294132 0.253923 0.924204 -0.285256 -0.60261 -0.935204 0.309853 0.171417 -0.231509 0.246811 0.223246 0.942998 0.384199 
1535123294596 0.254366 0.924348 -0.284391 -0.602266 -0.935212 0.31 0.171108 -0.231453 0.246325 0.222442 0.943315 0.384231 
1535123294613 0.254366 0.924348 -0.284392 -0.602266 -0.935213 0.31 0.171107 -0.231453 0.246324 0.222443 0.943315 0.384231 
1535123294630 0.254366 0.924348 -0.284392 -0.602266 -0.935213 0.31 0.171106 -0.231453 0.246323 0.222443 0.943315 0.38423 
1535123294650 0.254365 0.924348 -0.284393 -0.602266 -0.935213 0.309999 0.171105 -0.231453 0.246322 0.222445 0.943315 0.384229 
1535123294835 0.253891 0.924583 -0.284052 -0.602179 -0.935355 0.309472 0.171285 -0.231249 0.246273 0.222202 0.943385 0.384243 
1535123294889 0.254083 0.924807 -0.283151 -0.601889 -0.935325 0.309468 0.171455 -0.23102 0.246189 0.221274 0.943625 0.384264 
1535123295046 0.254252 0.92498 -0.282432 -0.601549 -0.935417 0.309371 0.171124 -0.230975 0.245663 0.220683 0.943901 0.384189 
1535123295341 0.254561 0.92512 -0.281694 -0.601201 -0.93538 0.309489 0.171119 -0.230848 0.245487 0.219931 0.944122 0.384088 
1535123295358 0.254562 0.925121 -0.281689 -0.601201 -0.93538 0.309488 0.171118 -0.230848 0.245484 0.219926 0.944124 0.384088 
1535123295376 0.254563 0.925123 -0.281684 -0.6012 -0.93538 0.309488 0.171116 -0.230848 0.245481 0.219922 0.944126 0.384088 
1535123295572 0.254711 0.925249 -0.281134 -0.601296 -0.935455 0.309424 0.170822 -0.230862 0.245043 0.219478 0.944343 0.384106 
1535123295629 0.255125 0.925359 -0.280397 -0.601221 -0.935381 0.30965 0.170821 -0.230778 0.244896 0.218697 0.944562 0.384043 
1535123295786 0.255538 0.925746 -0.278739 -0.601052 -0.935505 0.309527 0.170361 -0.230514 0.243988 0.217229 0.945136 0.383961 
1535123295827 0.255867 0.925883 -0.277979 -0.600941 -0.935484 0.309641 0.170271 -0.230405 0.243725 0.216478 0.945376 0.383906 
1535123296022 0.25646 0.926247 -0.276217 -0.600667 -0.935547 0.309685 0.169846 -0.230206 0.242859 0.214855 0.945969 0.383749 
1535123296179 0.257036 0.92637 -0.275266 -0.600505 -0.935531 0.309936 0.169475 -0.230117 0.242312 0.213959 0.946312 0.383624 
1535123296200 0.257034 0.926377 -0.275242 -0.600501 -0.935533 0.309928 0.169474 -0.230115 0.242302 0.213937 0.946319 0.383633 
1535123296407 0.256936 0.926513 -0.274877 -0.600643 -0.935596 0.309737 0.169481 -0.230158 0.242166 0.213628 0.946424 0.383627 
1535123296452 0.257096 0.926683 -0.274156 -0.600639 -0.935588 0.309725 0.169543 -0.230128 0.242026 0.212908 0.946622 0.38362 
1535123296606 0.257242 0.926846 -0.273463 -0.600623 -0.935633 0.309664 0.169407 -0.230097 0.241696 0.212283 0.946847 0.383519 
1535123296781 0.257748 0.927121 -0.272053 -0.600634 -0.935666 0.30974 0.169085 -0.230037 0.241028 0.21097 0.94731 0.383346 
1535123296838 0.258028 0.927268 -0.271285 -0.600603 -0.935667 0.3098 0.168971 -0.230009 0.240726 0.210233 0.947551 0.383345 
1535123296974 0.258488 0.92733 -0.270633 -0.600644 -0.9356 0.31007 0.168849 -0.230043 0.240494 0.209559 0.947759 0.383265 
1535123297381 0.258782 0.927512 -0.269727 -0.600635 -0.935615 0.310103 0.168704 -0.229968 0.240118 0.208703 0.948043 0.383155 
1535123299091 0.242829 0.925708 -0.289998 -0.558143 -0.938609 0.299725 0.170818 -0.210187 0.245047 0.230715 0.941659 0.413382 
1535123301183 0.213075 0.919681 -0.329828 -0.472735 -0.943895 0.280941 0.173592 -0.17111 0.252311 0.274335 0.927944 0.47384 
