1535168055623 0.230495 0.923872 -0.305504 -0.496158 -0.937802 0.294671 0.183564 -0.233102 0.259613 0.244192 0.934329 0.390319 
1535168063510 0.230499 0.923872 -0.305501 -0.496157 -0.937802 0.294674 0.183563 -0.233104 0.259612 0.244188 0.934331 0.390321 
1535168064744 0.23451 0.924349 -0.300972 -0.523661 -0.937798 0.296651 0.180368 -0.235091 0.256007 0.239953 0.93642 0.387323 
1535168065600 0.237232 0.924384 -0.298724 -0.537527 -0.93747 0.298463 0.179082 -0.236141 0.254698 0.237561 0.937387 0.385839 
1535168066459 0.237232 0.924384 -0.298724 -0.537527 -0.93747 0.298463 0.179082 -0.236141 0.254698 0.237561 0.937387 0.385839 
1535168067311 0.241533 0.924699 -0.294268 -0.56531 -0.937231 0.300893 0.176243 -0.238252 0.251515 0.233229 0.939332 0.382798 
1535168067918 0.241533 0.924699 -0.294268 -0.56531 -0.937231 0.300893 0.176243 -0.238252 0.251515 0.233229 0.939332 0.382798 
1535168068144 0.249214 0.925594 -0.2849 -0.621007 -0.937208 0.30462 0.169848 -0.242178 0.243997 0.224682 0.943389 0.376676 
1535168068382 0.249214 0.925594 -0.2849 -0.621007 -0.937208 0.30462 0.169848 -0.242178 0.243997 0.224682 0.943389 0.376676 
1535168068617 0.24976 0.925528 -0.284637 -0.621983 -0.937105 0.305054 0.169637 -0.242424 0.243833 0.224366 0.943507 0.376579 
1535168068925 0.249769 0.925619 -0.284333 -0.624934 -0.937157 0.304957 0.169522 -0.242434 0.243622 0.224124 0.943619 0.376216 
1535168069261 0.250028 0.925749 -0.283682 -0.627788 -0.937258 0.304929 0.169015 -0.242594 0.242968 0.223625 0.943906 0.375869 
1535168069477 0.250028 0.925749 -0.283682 -0.627788 -0.937258 0.304929 0.169015 -0.242594 0.242968 0.223625 0.943906 0.375869 
1535168069699 0.250292 0.925884 -0.283008 -0.63062 -0.93731 0.304945 0.168695 -0.242789 0.242494 0.223043 0.944165 0.375604 
1535168069921 0.250292 0.925884 -0.283008 -0.63062 -0.93731 0.304945 0.168695 -0.242789 0.242494 0.223043 0.944165 0.375604 
1535168070108 0.250713 0.925906 -0.282562 -0.63357 -0.937362 0.305115 0.168102 -0.243033 0.241861 0.222717 0.944405 0.37517 
1535168070419 0.249414 0.925653 -0.284533 -0.633829 -0.937574 0.304357 0.168292 -0.243112 0.24238 0.224796 0.943779 0.375501 
1535168070766 0.247538 0.925225 -0.287547 -0.6344 -0.93786 0.303312 0.168584 -0.243174 0.243195 0.227948 0.942813 0.375807 
1535168071118 0.245996 0.924734 -0.290437 -0.634908 -0.938068 0.302555 0.168788 -0.243409 0.243957 0.230929 0.94189 0.376218 
1535168071329 0.245536 0.924597 -0.29126 -0.6351 -0.938119 0.302333 0.168899 -0.24348 0.244221 0.231766 0.941616 0.37642 
1535168071790 0.243229 0.925321 -0.290895 -0.635028 -0.938499 0.300277 0.17045 -0.243929 0.24507 0.231547 0.941449 0.376486 
1535168072200 0.24161 0.925735 -0.290928 -0.635096 -0.938722 0.298925 0.171592 -0.244265 0.245815 0.231643 0.941232 0.376857 
1535168072417 0.241099 0.925781 -0.291205 -0.63513 -0.938737 0.2986 0.172076 -0.244465 0.246259 0.231877 0.941058 0.376908 
1535168072621 0.241597 0.925789 -0.290767 -0.635096 -0.938744 0.298866 0.17158 -0.244312 0.245747 0.231502 0.941284 0.376831 
1535168072879 0.240536 0.927105 -0.287436 -0.635256 -0.939278 0.296992 0.17191 -0.24499 0.244745 0.228632 0.942246 0.37657 
1535168073058 0.240416 0.927192 -0.287255 -0.635284 -0.939334 0.29682 0.171898 -0.245095 0.244646 0.228502 0.942303 0.376514 
1535168073445 0.243227 0.927317 -0.284471 -0.63512 -0.939272 0.298371 0.169537 -0.245072 0.242092 0.22596 0.943575 0.376137 
1535168073818 0.243589 0.927379 -0.283958 -0.635096 -0.939294 0.298515 0.169164 -0.245053 0.241644 0.225513 0.943796 0.376096 
1535168073842 0.243589 0.927379 -0.283958 -0.635096 -0.939294 0.298515 0.169164 -0.245053 0.241644 0.225513 0.943796 0.376096 
1535168074022 0.244384 0.9275 -0.282878 -0.635084 -0.939312 0.298868 0.168436 -0.244964 0.240768 0.224548 0.944251 0.376005 
1535168074258 0.244226 0.927209 -0.283967 -0.634915 -0.939188 0.299069 0.168769 -0.244873 0.24141 0.225481 0.943864 0.376155 
1535168074492 0.24572 0.926877 -0.283761 -0.634451 -0.938973 0.300295 0.167787 -0.244857 0.24073 0.225215 0.944101 0.376309 
1535168074759 0.246751 0.92668 -0.283509 -0.63405 -0.938885 0.301063 0.166901 -0.244554 0.240018 0.224999 0.944334 0.376447 
1535168074910 0.248732 0.926166 -0.283459 -0.63345 -0.938574 0.302747 0.165597 -0.244336 0.239187 0.224858 0.944578 0.37657 
1535168074940 0.249241 0.926059 -0.283363 -0.633232 -0.938596 0.303069 0.164887 -0.244324 0.238573 0.224866 0.944732 0.376624 
1535168075222 0.248666 0.926193 -0.283427 -0.633078 -0.938651 0.302623 0.165391 -0.244114 0.238956 0.224912 0.944624 0.376713 
1535168075505 0.248894 0.926075 -0.283614 -0.632685 -0.938482 0.302976 0.165702 -0.244175 0.23938 0.224925 0.944514 0.376873 
1535168075789 0.248524 0.926115 -0.283807 -0.631492 -0.938449 0.30278 0.166245 -0.243521 0.239893 0.225022 0.94436 0.377279 
1535168076143 0.248897 0.925973 -0.283945 -0.630823 -0.938306 0.303202 0.166286 -0.243427 0.240069 0.225039 0.944311 0.37751 
1535168076165 0.248897 0.925973 -0.283945 -0.630823 -0.938306 0.303202 0.166286 -0.243427 0.240069 0.225039 0.944311 0.37751 
1535168076185 0.248647 0.92605 -0.283912 -0.630647 -0.938368 0.302961 0.166374 -0.243279 0.240085 0.225046 0.944306 0.377587 
1535168076423 0.248647 0.92605 -0.283912 -0.630647 -0.938368 0.302961 0.166374 -0.243279 0.240085 0.224961 0.944077 0.377725 
1535168076610 0.24864 0.925983 -0.284137 -0.630146 -0.938119 0.30323 0.167286 -0.243075 0.241063 0.224961 0.944077 0.377725 
1535168076731 0.24864 0.925983 -0.284137 -0.630146 -0.938119 0.30323 0.167286 -0.243075 0.241063 0.224961 0.944077 0.377725 
1535168076838 0.248671 0.925816 -0.284653 -0.628206 -0.937363 0.304046 0.170019 -0.242582 0.243954 0.224544 0.943433 0.37839 
1535168076941 0.248671 0.925816 -0.284653 -0.628206 -0.937363 0.304046 0.170019 -0.242582 0.243954 0.224544 0.943433 0.37839 
1535168077204 0.248384 0.925846 -0.284806 -0.626657 -0.936903 0.304292 0.172102 -0.242044 0.246004 0.224088 0.943009 0.378994 
1535168077307 0.248281 0.925827 -0.284958 -0.626589 -0.936861 0.304285 0.172345 -0.241918 0.24627 0.224176 0.942919 0.378968 
1535168077428 0.248281 0.925827 -0.284958 -0.626589 -0.936861 0.304285 0.172345 -0.241918 0.24627 0.224176 0.942919 0.378968 
1535168077483 0.248281 0.925827 -0.284958 -0.626589 -0.936861 0.304285 0.172345 -0.241918 0.24627 0.224176 0.942919 0.378968 
1535168077602 0.24834 0.925733 -0.285212 -0.625743 -0.936892 0.304346 0.172067 -0.241541 0.246091 0.224482 0.942893 0.379137 
1535168077710 0.24834 0.925733 -0.285212 -0.625743 -0.936892 0.304346 0.172067 -0.241541 0.246091 0.224482 0.942893 0.379137 
1535168078014 0.248508 0.925496 -0.285833 -0.623653 -0.93665 0.304802 0.172578 -0.240545 0.246843 0.224838 0.942611 0.379743 
1535168078027 0.248508 0.925496 -0.285833 -0.623653 -0.93665 0.304802 0.172578 -0.240545 0.246843 0.224838 0.942611 0.379743 
1535168078044 0.248508 0.925496 -0.285833 -0.623653 -0.93665 0.304802 0.172578 -0.240545 0.246843 0.224838 0.942611 0.379743 
1535168078181 0.249186 0.925228 -0.286111 -0.62318 -0.936406 0.305558 0.172562 -0.240547 0.247083 0.224916 0.94253 0.379897 
1535168078301 0.249186 0.925228 -0.286111 -0.62318 -0.936406 0.305558 0.172562 -0.240547 0.247083 0.224916 0.94253 0.379897 
1535168078418 0.248801 0.925216 -0.286485 -0.622664 -0.936496 0.305273 0.172581 -0.240155 0.247131 0.225353 0.942413 0.380039 
1535168078538 0.248801 0.925216 -0.286485 -0.622664 -0.936496 0.305273 0.172581 -0.240155 0.247131 0.225353 0.942413 0.380039 
1535168078663 0.248957 0.924837 -0.28757 -0.621547 -0.93649 0.305591 0.172049 -0.239617 0.246996 0.226473 0.94218 0.380346 
1535168078674 0.248957 0.924837 -0.28757 -0.621547 -0.93649 0.305591 0.172049 -0.239617 0.246996 0.226473 0.94218 0.380346 
1535168078818 0.249425 0.924638 -0.287806 -0.621189 -0.936322 0.306121 0.17202 -0.239711 0.247159 0.226574 0.942113 0.380578 
1535168079019 0.24931 0.92465 -0.287866 -0.621004 -0.936358 0.306018 0.172011 -0.239526 0.247142 0.226662 0.942096 0.380587 
1535168079250 0.24883 0.92487 -0.287576 -0.62053 -0.936309 0.305667 0.172897 -0.239026 0.24781 0.226238 0.942023 0.380685 
1535168079443 0.249607 0.924568 -0.287872 -0.619423 -0.935791 0.306747 0.173786 -0.238807 0.248981 0.22601 0.941769 0.381047 
1535168079470 0.249276 0.924677 -0.287811 -0.619315 -0.935862 0.306435 0.173954 -0.2386 0.249046 0.225988 0.941756 0.381089 
1535168079713 0.249733 0.924501 -0.287978 -0.619117 -0.935674 0.306962 0.174035 -0.238772 0.249294 0.225991 0.94169 0.381143 
1535168079957 0.24944 0.924427 -0.28847 -0.618515 -0.935582 0.306931 0.174587 -0.238234 0.249933 0.226338 0.941437 0.381333 
1535168080295 0.249391 0.92427 -0.289013 -0.61759 -0.93538 0.30718 0.175225 -0.23777 0.250734 0.226638 0.941152 0.381593 
1535168080460 0.249231 0.924296 -0.289069 -0.617472 -0.935413 0.307047 0.175283 -0.237683 0.250771 0.226713 0.941124 0.381607 
1535168080691 0.24958 0.924173 -0.28916 -0.61734 -0.935222 0.307486 0.175533 -0.237657 0.251136 0.22662 0.94105 0.381739 
1535168080838 0.249723 0.924034 -0.28948 -0.616852 -0.935227 0.307644 0.175231 -0.237545 0.250976 0.22697 0.941008 0.381803 
1535168081023 0.249935 0.923867 -0.289833 -0.616136 -0.935104 0.307973 0.17531 -0.237312 0.251223 0.227208 0.940884 0.382 
1535168081062 0.249935 0.923867 -0.289833 -0.616136 -0.935104 0.307973 0.17531 -0.237312 0.251223 0.227208 0.940884 0.382 
1535168081176 0.250397 0.92377 -0.289742 -0.61563 -0.934914 0.308456 0.175475 -0.237163 0.251471 0.226945 0.940882 0.382347 
1535168081193 0.250432 0.923758 -0.28975 -0.615511 -0.934901 0.308493 0.175478 -0.23715 0.251485 0.226942 0.940879 0.382382 
1535168081278 0.250432 0.923758 -0.28975 -0.615511 -0.934901 0.308493 0.175478 -0.23715 0.251485 0.226942 0.940879 0.382382 
1535168081301 0.250432 0.923758 -0.28975 -0.615511 -0.934901 0.308493 0.175478 -0.23715 0.251485 0.226942 0.940879 0.382382 
1535168081368 0.250421 0.923712 -0.289906 -0.615385 -0.934893 0.308523 0.175468 -0.237069 0.251525 0.227091 0.940832 0.38244 
1535168081403 0.250421 0.923712 -0.289906 -0.615385 -0.934893 0.308523 0.175468 -0.237069 0.251525 0.227091 0.940832 0.38244 
1535168081818 0.250568 0.923424 -0.290697 -0.613476 -0.934817 0.308846 0.175303 -0.236443 0.25166 0.227823 0.940619 0.382962 
1535168082020 0.250576 0.923657 -0.289946 -0.613273 -0.934783 0.30874 0.17567 -0.236247 0.251777 0.227018 0.940782 0.383024 
1535168082090 0.250576 0.923657 -0.289946 -0.613273 -0.934783 0.30874 0.17567 -0.236247 0.251777 0.227018 0.940782 0.383024 
1535168082210 0.250943 0.923749 -0.289335 -0.612771 -0.934568 0.309077 0.176222 -0.236155 0.252212 0.226182 0.940867 0.383067 
1535168082238 0.250943 0.923749 -0.289335 -0.612771 -0.934568 0.309077 0.176222 -0.236155 0.252212 0.226182 0.940867 0.383067 
1535168082319 0.250992 0.923938 -0.288691 -0.612141 -0.934374 0.309163 0.1771 -0.235802 0.252881 0.225295 0.9409 0.383185 
1535168082338 0.251195 0.923957 -0.288452 -0.611924 -0.934271 0.309353 0.177306 -0.235763 0.253057 0.224954 0.940935 0.38324 
1535168082569 0.251165 0.923968 -0.288443 -0.611246 -0.934264 0.309336 0.177375 -0.235322 0.253115 0.224932 0.940924 0.383385 
1535168082765 0.251751 0.923595 -0.289125 -0.610902 -0.934108 0.310024 0.176997 -0.235378 0.25311 0.225515 0.940786 0.383521 
1535168083010 0.252114 0.92338 -0.289497 -0.609864 -0.93394 0.310504 0.177042 -0.234828 0.253367 0.225737 0.940663 0.38376 
1535168083144 0.252114 0.92338 -0.289497 -0.609864 -0.93394 0.310504 0.177042 -0.234828 0.253367 0.225737 0.940663 0.38376 
1535168083238 0.252581 0.923192 -0.289689 -0.609153 -0.933769 0.311024 0.177028 -0.234498 0.253531 0.225789 0.940607 0.383994 
1535168083255 0.252532 0.923179 -0.289771 -0.60903 -0.933775 0.311001 0.177042 -0.234442 0.25356 0.225872 0.940579 0.384019 
1535168083335 0.252532 0.923179 -0.289771 -0.60903 -0.933775 0.311001 0.177042 -0.234442 0.25356 0.225872 0.940579 0.384019 
1535168083435 0.252532 0.923179 -0.289771 -0.60903 -0.933775 0.311001 0.177042 -0.234442 0.25356 0.225872 0.940579 0.384019 
1535168083466 0.252817 0.923241 -0.289328 -0.608719 -0.933731 0.311157 0.176997 -0.234204 0.253437 0.225407 0.940724 0.384132 
1535168083614 0.252817 0.923241 -0.289328 -0.608719 -0.933731 0.311157 0.176997 -0.234204 0.253437 0.225407 0.940724 0.384132 
1535168083650 0.252817 0.923241 -0.289328 -0.608719 -0.933731 0.311157 0.176997 -0.234204 0.253437 0.225407 0.940724 0.384132 
1535168083854 0.253919 0.9236 -0.287207 -0.606521 -0.933639 0.311617 0.17667 -0.232974 0.252671 0.223288 0.941435 0.384457 
1535168083983 0.253919 0.9236 -0.287207 -0.606521 -0.933639 0.311617 0.17667 -0.232974 0.252671 0.223288 0.941435 0.384457 
1535168084140 0.254954 0.923598 -0.286294 -0.60582 -0.933391 0.312399 0.1766 -0.232851 0.252546 0.2222 0.941726 0.384685 
1535168084345 0.25418 0.924363 -0.28451 -0.605249 -0.933742 0.311198 0.176867 -0.232629 0.252029 0.220703 0.942216 0.384694 
1535168084539 0.254253 0.92464 -0.283542 -0.604754 -0.933814 0.311001 0.176831 -0.232612 0.251686 0.219816 0.942515 0.384776 
1535168084563 0.254253 0.92464 -0.283542 -0.604754 -0.933814 0.311001 0.176831 -0.232612 0.251686 0.219816 0.942515 0.384776 
1535168084802 0.254352 0.924851 -0.282765 -0.604421 -0.933826 0.310913 0.176926 -0.232489 0.251545 0.219051 0.942731 0.384836 
1535168085023 0.254429 0.924815 -0.282814 -0.60407 -0.933825 0.310979 0.176814 -0.232129 0.251469 0.219112 0.942737 0.384845 
1535168085246 0.254958 0.924914 -0.282013 -0.6034 -0.933801 0.311225 0.176504 -0.231866 0.25102 0.218343 0.943035 0.384978 
1535168085472 0.255346 0.924996 -0.281392 -0.602726 -0.933801 0.311385 0.176224 -0.231627 0.250628 0.217766 0.943273 0.38509 
1535168085630 0.255879 0.925051 -0.280726 -0.602062 -0.933714 0.311716 0.176098 -0.23138 0.250407 0.217058 0.943495 0.385205 
1535168085652 0.256127 0.9251 -0.280336 -0.601799 -0.933689 0.311842 0.176011 -0.231241 0.250248 0.216666 0.943627 0.385264 
1535168085863 0.256342 0.925213 -0.279768 -0.601848 -0.9337 0.311879 0.175888 -0.231262 0.249987 0.216132 0.943819 0.38524 
1535168086110 0.257181 0.926023 -0.276295 -0.601595 -0.93395 0.311608 0.175038 -0.231022 0.248186 0.21303 0.944999 0.384986 
1535168086389 0.25806 0.926633 -0.273415 -0.601267 -0.934099 0.311571 0.174306 -0.230712 0.246706 0.210415 0.945971 0.384796 
1535168086409 0.258191 0.926741 -0.272926 -0.601208 -0.934128 0.311549 0.174191 -0.230615 0.246459 0.209973 0.946134 0.384651 
1535168086693 0.25915 0.927088 -0.270829 -0.601199 -0.934267 0.31173 0.173118 -0.230596 0.244921 0.208163 0.946933 0.38467 
1535168087218 0.260095 0.927392 -0.268877 -0.60123 -0.934337 0.311989 0.17227 -0.23042 0.243649 0.206415 0.947644 0.384582 
1535168093578 0.260095 0.927392 -0.268877 -0.60123 -0.934337 0.311989 0.17227 -0.23042 0.243649 0.206415 0.947644 0.384582 
1535168093886 0.260457 0.927589 -0.267846 -0.601249 -0.934423 0.311986 0.171807 -0.230259 0.242931 0.205533 0.948019 0.38447 
1535168094319 0.2516 0.926491 -0.279842 -0.607596 -0.935781 0.30667 0.173972 -0.233505 0.247003 0.218099 0.944152 0.383809 
1535168094847 0.2516 0.926491 -0.279842 -0.607596 -0.935781 0.30667 0.173972 -0.233505 0.247003 0.218099 0.944152 0.383809 
1535168095152 0.242268 0.925281 -0.291824 -0.614422 -0.937354 0.300837 0.175681 -0.23654 0.250346 0.23098 0.940199 0.382942 
1535168095582 0.242268 0.925281 -0.291824 -0.614422 -0.937354 0.300837 0.175681 -0.23654 0.250346 0.23098 0.940199 0.382942 
1535168095719 0.223149 0.922376 -0.315319 -0.628022 -0.940267 0.288993 0.179947 -0.242495 0.257104 0.25633 0.931769 0.381384 
1535168095736 0.223149 0.922376 -0.315319 -0.628022 -0.940267 0.288993 0.179947 -0.242495 0.257104 0.25633 0.931769 0.381384 
1535168095752 0.223149 0.922376 -0.315319 -0.628022 -0.940267 0.288993 0.179947 -0.242495 0.257104 0.25633 0.931769 0.381384 
1535168095873 0.223149 0.922376 -0.315319 -0.628022 -0.940267 0.288993 0.179947 -0.242495 0.257104 0.25633 0.931769 0.381384 
1535168095928 0.223149 0.922376 -0.315319 -0.628022 -0.940267 0.288993 0.179947 -0.242495 0.257104 0.25633 0.931769 0.381384 
1535168096013 0.223149 0.922376 -0.315319 -0.628022 -0.940267 0.288993 0.179947 -0.242495 0.257104 0.25633 0.931769 0.381384 
1535168096059 0.223149 0.922376 -0.315319 -0.628022 -0.940267 0.288993 0.179947 -0.242495 0.257104 0.25633 0.931769 0.381384 
1535168096164 0.218172 0.921359 -0.321712 -0.631492 -0.940962 0.28603 0.181044 -0.243994 0.258826 0.26322 0.929368 0.380885 
1535168096302 0.218172 0.921359 -0.321712 -0.631492 -0.940962 0.28603 0.181044 -0.243994 0.258826 0.26322 0.929368 0.380885 
1535168096801 0.22003 0.919007 -0.327127 -0.628317 -0.940322 0.289051 0.179567 -0.242483 0.25958 0.268095 0.927763 0.382069 
1535168096985 0.219758 0.918889 -0.327644 -0.628884 -0.940339 0.288945 0.17965 -0.242765 0.25975 0.268616 0.927564 0.382093 
1535168097169 0.219758 0.918889 -0.327644 -0.628884 -0.940339 0.288945 0.17965 -0.242765 0.25975 0.268616 0.927564 0.382093 
1535168097279 0.218244 0.918746 -0.329053 -0.630258 -0.940633 0.287858 0.179852 -0.243426 0.259959 0.270267 0.927026 0.381854 
1535168097456 0.218244 0.918746 -0.329053 -0.630258 -0.940633 0.287858 0.179852 -0.243426 0.259959 0.270267 0.927026 0.381854 
1535168097575 0.218244 0.918746 -0.329053 -0.630258 -0.940633 0.287858 0.179852 -0.243426 0.259959 0.270267 0.927026 0.381854 
1535168097682 0.218244 0.918746 -0.329053 -0.630258 -0.940633 0.287858 0.179852 -0.243426 0.259959 0.270267 0.927026 0.381854 
1535168097714 0.21598 0.918006 -0.332591 -0.633015 -0.940931 0.286662 0.180206 -0.245035 0.260772 0.274024 0.925694 0.381565 
1535168097729 0.21598 0.918006 -0.332591 -0.633015 -0.940931 0.286662 0.180206 -0.245035 0.260772 0.274024 0.925694 0.381565 
1535168097746 0.21598 0.918006 -0.332591 -0.633015 -0.940931 0.286662 0.180206 -0.245035 0.260772 0.274024 0.925694 0.381565 
1535168097813 0.21598 0.918006 -0.332591 -0.633015 -0.940931 0.286662 0.180206 -0.245035 0.260772 0.274024 0.925694 0.381565 
1535168097934 0.21598 0.918006 -0.332591 -0.633015 -0.940931 0.286662 0.180206 -0.245035 0.260772 0.274024 0.925694 0.381565 
1535168097970 0.21598 0.918006 -0.332591 -0.633015 -0.940931 0.286662 0.180206 -0.245035 0.260772 0.274024 0.925694 0.381565 
1535168098074 0.214755 0.917645 -0.334379 -0.634443 -0.94105 0.286034 0.180581 -0.245764 0.261353 0.275886 0.924976 0.381485 
1535168098207 0.214755 0.917645 -0.334379 -0.634443 -0.94105 0.286034 0.180581 -0.245764 0.261353 0.275886 0.924976 0.381485 
1535168098263 0.214755 0.917645 -0.334379 -0.634443 -0.94105 0.286034 0.180581 -0.245764 0.261353 0.275886 0.924976 0.381485 
1535168098366 0.214011 0.919865 -0.328706 -0.63394 -0.941551 0.283871 0.181379 -0.245545 0.260154 0.270676 0.926852 0.381459 
1535168098383 0.214011 0.919865 -0.328706 -0.63394 -0.941551 0.283871 0.181379 -0.245545 0.260154 0.270676 0.926852 0.381459 
1535168098401 0.214011 0.919865 -0.328706 -0.63394 -0.941551 0.283871 0.181379 -0.245545 0.260154 0.270676 0.926852 0.381459 
1535168098417 0.214011 0.919865 -0.328706 -0.63394 -0.941551 0.283871 0.181379 -0.245545 0.260154 0.270676 0.926852 0.381459 
1535168098433 0.214011 0.919865 -0.328706 -0.63394 -0.941551 0.283871 0.181379 -0.245545 0.260154 0.270676 0.926852 0.381459 
1535168098560 0.213674 0.920602 -0.326857 -0.633821 -0.941777 0.283035 0.181515 -0.245687 0.259615 0.269041 0.927479 0.381459 
1535168098613 0.213674 0.920602 -0.326857 -0.633821 -0.941777 0.283035 0.181515 -0.245687 0.259615 0.269041 0.927479 0.381459 
1535168098698 0.213674 0.920602 -0.326857 -0.633821 -0.941777 0.283035 0.181515 -0.245687 0.259615 0.269041 0.927479 0.381459 
1535168098726 0.213674 0.920602 -0.326857 -0.633821 -0.941777 0.283035 0.181515 -0.245687 0.259615 0.269041 0.927479 0.381459 
1535168098835 0.213045 0.920444 -0.327712 -0.634643 -0.941668 0.282874 0.182329 -0.246451 0.260525 0.269751 0.927017 0.381182 
1535168098850 0.212884 0.920428 -0.327861 -0.63475 -0.941676 0.282782 0.182432 -0.246527 0.260629 0.269902 0.926944 0.381173 
1535168099030 0.212702 0.920438 -0.327952 -0.634804 -0.941701 0.282645 0.182512 -0.246533 0.260684 0.270012 0.926897 0.381163 
1535168099127 0.21421 0.920843 -0.325826 -0.634884 -0.941831 0.283154 0.181049 -0.246443 0.258976 0.26809 0.927933 0.38096 
1535168099221 0.21485 0.921026 -0.324887 -0.634895 -0.941808 0.283444 0.180714 -0.246525 0.258529 0.267155 0.928327 0.380965 
1535168099245 0.21485 0.921026 -0.324887 -0.634895 -0.941808 0.283444 0.180714 -0.246525 0.258529 0.267155 0.928327 0.380965 
1535168099261 0.215245 0.921104 -0.324402 -0.634946 -0.94182 0.283615 0.180384 -0.246591 0.258158 0.266701 0.928561 0.380906 
1535168099399 0.215245 0.921104 -0.324402 -0.634946 -0.94182 0.283615 0.180384 -0.246591 0.258158 0.266701 0.928561 0.380906 
1535168099463 0.215369 0.921255 -0.323893 -0.634907 -0.941894 0.283525 0.180135 -0.246401 0.257782 0.266277 0.928787 0.380923 
1535168099551 0.215369 0.921255 -0.323893 -0.634907 -0.941894 0.283525 0.180135 -0.246401 0.257782 0.266277 0.928787 0.380923 
1535168099586 0.215369 0.921255 -0.323893 -0.634907 -0.941894 0.283525 0.180135 -0.246401 0.257782 0.266277 0.928787 0.380923 
1535168099625 0.216804 0.921063 -0.32348 -0.634485 -0.941477 0.284885 0.180172 -0.246345 0.258104 0.265487 0.928923 0.381053 
1535168099698 0.216804 0.921063 -0.32348 -0.634485 -0.941477 0.284885 0.180172 -0.246345 0.258104 0.265487 0.928923 0.381053 
1535168099858 0.21874 0.921076 -0.322137 -0.634031 -0.941219 0.286251 0.179354 -0.246149 0.25741 0.263969 0.929548 0.381128 
1535168100057 0.218977 0.921131 -0.321817 -0.633959 -0.941201 0.286373 0.179253 -0.246052 0.257275 0.263642 0.929679 0.381165 
1535168100162 0.218912 0.921 -0.322237 -0.633612 -0.941236 0.286373 0.179067 -0.245958 0.2572 0.264101 0.929569 0.381342 
1535168100391 0.218658 0.920892 -0.322717 -0.633024 -0.941294 0.286229 0.178993 -0.245642 0.257204 0.264633 0.929417 0.38152 
1535168100613 0.218658 0.920892 -0.322717 -0.633024 -0.941294 0.286229 0.178993 -0.245642 0.257204 0.264633 0.929417 0.38152 
1535168100643 0.218851 0.920689 -0.323165 -0.632015 -0.941271 0.286474 0.178719 -0.245402 0.257123 0.265073 0.929314 0.381984 
1535168100660 0.218851 0.920689 -0.323165 -0.632015 -0.941271 0.286474 0.178719 -0.245402 0.257123 0.265073 0.929314 0.381984 
1535168100738 0.218851 0.920689 -0.323165 -0.632015 -0.941271 0.286474 0.178719 -0.245402 0.257123 0.265073 0.929314 0.381984 
1535168100894 0.219339 0.920467 -0.323468 -0.631364 -0.941166 0.286984 0.178456 -0.245312 0.257093 0.265295 0.929259 0.382427 
1535168101069 0.219339 0.920467 -0.323468 -0.631364 -0.941166 0.286984 0.178456 -0.245312 0.257093 0.265295 0.929259 0.382427 
1535168101159 0.21895 0.920679 -0.323126 -0.630277 -0.941146 0.286666 0.179073 -0.244584 0.257498 0.264901 0.929259 0.382577 
1535168101322 0.21895 0.920679 -0.323126 -0.630277 -0.941146 0.286666 0.179073 -0.244584 0.257498 0.264901 0.929259 0.382577 
1535168101512 0.218909 0.920804 -0.322798 -0.628684 -0.940912 0.286813 0.180065 -0.243693 0.258387 0.264307 0.929181 0.38294 
1535168101529 0.219164 0.920719 -0.322867 -0.628557 -0.940814 0.287106 0.18011 -0.243692 0.258528 0.264284 0.929148 0.382974 
1535168101712 0.219164 0.920719 -0.322867 -0.628557 -0.940814 0.287106 0.18011 -0.243692 0.258528 0.264284 0.929148 0.382974 
1535168101756 0.218845 0.920872 -0.322649 -0.628102 -0.940809 0.286844 0.180552 -0.243443 0.258815 0.264038 0.929139 0.383244 
1535168101915 0.218845 0.920872 -0.322649 -0.628102 -0.940809 0.286844 0.180552 -0.243443 0.258815 0.264038 0.929139 0.383244 
1535168101949 0.218845 0.920872 -0.322649 -0.628102 -0.940809 0.286844 0.180552 -0.243443 0.258815 0.264038 0.929139 0.383244 
1535168102192 0.218758 0.920827 -0.322835 -0.625456 -0.940096 0.287541 0.183136 -0.242792 0.261465 0.263434 0.928568 0.384006 
1535168102209 0.218758 0.920827 -0.322835 -0.625456 -0.940096 0.287541 0.183136 -0.242792 0.261465 0.263434 0.928568 0.384006 
1535168102403 0.218539 0.920869 -0.322865 -0.625094 -0.940025 0.287465 0.183622 -0.242506 0.261904 0.263372 0.928462 0.384076 
1535168102620 0.218782 0.920731 -0.323092 -0.624543 -0.939825 0.287882 0.183989 -0.242545 0.262417 0.263397 0.92831 0.38435 
1535168102831 0.218544 0.920638 -0.323519 -0.623794 -0.939799 0.287826 0.184213 -0.242201 0.26271 0.263784 0.928117 0.384574 
1535168103126 0.218635 0.920525 -0.32378 -0.623082 -0.939569 0.288173 0.184843 -0.241936 0.263457 0.2638 0.927901 0.384926 
1535168103304 0.218435 0.920501 -0.32398 -0.622818 -0.939597 0.288044 0.184899 -0.241716 0.26352 0.264023 0.92782 0.384985 
1535168103484 0.218583 0.920303 -0.324445 -0.622124 -0.939345 0.288495 0.185479 -0.241465 0.264297 0.264223 0.927542 0.385345 
1535168103635 0.218583 0.920303 -0.324445 -0.622124 -0.939345 0.288495 0.185479 -0.241465 0.264297 0.264223 0.927542 0.385345 
1535168103675 0.218583 0.920303 -0.324445 -0.622124 -0.939345 0.288495 0.185479 -0.241465 0.264297 0.264223 0.927542 0.385345 
1535168103832 0.218786 0.919919 -0.325396 -0.620685 -0.939032 0.289143 0.186053 -0.241085 0.265239 0.264851 0.927093 0.385878 
1535168103851 0.218786 0.919919 -0.325396 -0.620685 -0.939032 0.289143 0.186053 -0.241085 0.265239 0.264851 0.927093 0.385878 
1535168103865 0.218786 0.919919 -0.325396 -0.620685 -0.939032 0.289143 0.186053 -0.241085 0.265239 0.264851 0.927093 0.385878 
1535168103882 0.218786 0.919919 -0.325396 -0.620685 -0.939032 0.289143 0.186053 -0.241085 0.265239 0.264851 0.927093 0.385878 
1535168104015 0.219223 0.919635 -0.325902 -0.620346 -0.938764 0.289822 0.186349 -0.24101 0.265826 0.265093 0.926856 0.386086 
1535168104163 0.219223 0.919635 -0.325902 -0.620346 -0.938764 0.289822 0.186349 -0.24101 0.265826 0.265093 0.926856 0.386086 
1535168104199 0.219223 0.919635 -0.325902 -0.620346 -0.938764 0.289822 0.186349 -0.24101 0.265826 0.265093 0.926856 0.386086 
1535168104245 0.218924 0.919515 -0.326441 -0.619849 -0.938888 0.289595 0.186074 -0.240676 0.265633 0.265756 0.926722 0.386171 
1535168104577 0.219208 0.919124 -0.327351 -0.618863 -0.938938 0.289929 0.185302 -0.240355 0.265224 0.266742 0.926555 0.386653 
1535168104637 0.219208 0.919124 -0.327351 -0.618863 -0.938938 0.289929 0.185302 -0.240355 0.265224 0.266742 0.926555 0.386653 
1535168104659 0.219208 0.919124 -0.327351 -0.618863 -0.938938 0.289929 0.185302 -0.240355 0.265224 0.266742 0.926555 0.386653 
1535168104704 0.218804 0.919282 -0.327179 -0.618656 -0.938971 0.289577 0.185686 -0.240079 0.265441 0.266582 0.926539 0.386733 
1535168104755 0.218804 0.919282 -0.327179 -0.618656 -0.938971 0.289577 0.185686 -0.240079 0.265441 0.266582 0.926539 0.386733 
1535168105078 0.219223 0.919103 -0.3274 -0.617112 -0.938494 0.290395 0.186816 -0.239834 0.266779 0.266309 0.926234 0.38722 
1535168105273 0.219042 0.919191 -0.327275 -0.616929 -0.938587 0.290149 0.18673 -0.239404 0.266599 0.266274 0.926295 0.387252 
1535168105362 0.219042 0.919191 -0.327275 -0.616929 -0.938587 0.290149 0.18673 -0.239404 0.266599 0.266274 0.926295 0.387252 
1535168105473 0.219508 0.919116 -0.327172 -0.616467 -0.938564 0.290479 0.186331 -0.239294 0.266297 0.266171 0.926412 0.387379 
1535168105518 0.219508 0.919116 -0.327172 -0.616467 -0.938564 0.290479 0.186331 -0.239294 0.266297 0.266171 0.926412 0.387379 
1535168105678 0.219651 0.919184 -0.326886 -0.615543 -0.938535 0.290552 0.186366 -0.238628 0.266282 0.265858 0.926506 0.387687 
1535168105832 0.219651 0.919184 -0.326886 -0.615543 -0.938535 0.290552 0.186366 -0.238628 0.266282 0.265858 0.926506 0.387687 
1535168105847 0.219651 0.919184 -0.326886 -0.615543 -0.938535 0.290552 0.186366 -0.238628 0.266282 0.265858 0.926506 0.387687 
1535168105992 0.219845 0.919134 -0.326896 -0.615233 -0.938477 0.290749 0.18635 -0.238598 0.266325 0.265816 0.926506 0.387833 
1535168106041 0.219845 0.919134 -0.326896 -0.615233 -0.938477 0.290749 0.18635 -0.238598 0.266325 0.265816 0.926506 0.387833 
1535168106129 0.219845 0.919134 -0.326896 -0.615233 -0.938477 0.290749 0.18635 -0.238598 0.266325 0.265816 0.926506 0.387833 
1535168106322 0.220349 0.918982 -0.326984 -0.613529 -0.938077 0.29152 0.187157 -0.238206 0.267317 0.265496 0.926312 0.388346 
1535168106339 0.220349 0.918982 -0.326984 -0.613529 -0.938077 0.29152 0.187157 -0.238206 0.267317 0.265496 0.926312 0.388346 
1535168106361 0.220349 0.918982 -0.326984 -0.613529 -0.938077 0.29152 0.187157 -0.238206 0.267317 0.265496 0.926312 0.388346 
1535168106373 0.220349 0.918982 -0.326984 -0.613529 -0.938077 0.29152 0.187157 -0.238206 0.267317 0.265496 0.926312 0.388346 
1535168106487 0.220706 0.918903 -0.326965 -0.612845 -0.937937 0.291908 0.187256 -0.238054 0.267514 0.265344 0.926299 0.38861 
1535168106574 0.220706 0.918903 -0.326965 -0.612845 -0.937937 0.291908 0.187256 -0.238054 0.267514 0.265344 0.926299 0.38861 
1535168106637 0.220706 0.918903 -0.326965 -0.612845 -0.937937 0.291908 0.187256 -0.238054 0.267514 0.265344 0.926299 0.38861 
1535168106821 0.22123 0.919028 -0.326258 -0.611664 -0.937581 0.292485 0.188134 -0.237464 0.268326 0.264273 0.92637 0.388856 
1535168107091 0.221404 0.918879 -0.32656 -0.610879 -0.937545 0.292705 0.187972 -0.237067 0.268309 0.264547 0.926297 0.389066 
1535168107335 0.221933 0.918795 -0.326438 -0.610019 -0.937411 0.293185 0.18789 -0.23676 0.268339 0.264307 0.926356 0.389473 
1535168107535 0.221933 0.918795 -0.326438 -0.610019 -0.937411 0.293185 0.18789 -0.23676 0.268339 0.264307 0.926356 0.389473 
1535168107605 0.222532 0.918652 -0.326431 -0.608762 -0.937271 0.293745 0.187717 -0.236219 0.268334 0.264181 0.926394 0.38987 
1535168107782 0.223016 0.918608 -0.326226 -0.608308 -0.937107 0.294205 0.187812 -0.236081 0.268503 0.263824 0.926447 0.390146 
1535168107962 0.222839 0.91859 -0.326397 -0.607808 -0.937232 0.293993 0.187522 -0.235946 0.268214 0.264123 0.926445 0.390182 
1535168108186 0.222839 0.91859 -0.326397 -0.607808 -0.937232 0.293993 0.187522 -0.235946 0.268214 0.264123 0.926445 0.390182 
1535168108313 0.222225 0.918965 -0.32576 -0.606215 -0.937423 0.293241 0.187744 -0.235224 0.268056 0.263653 0.926624 0.390615 
1535168108414 0.222225 0.918965 -0.32576 -0.606215 -0.937423 0.293241 0.187744 -0.235224 0.268056 0.263653 0.926624 0.390615 
1535168108541 0.222442 0.918973 -0.325589 -0.605251 -0.937401 0.293381 0.187635 -0.234922 0.267954 0.26347 0.926706 0.39096 
1535168108559 0.222442 0.918973 -0.325589 -0.605251 -0.937401 0.293381 0.187635 -0.234922 0.267954 0.26347 0.926706 0.39096 
1535168108875 0.222444 0.919069 -0.325318 -0.605038 -0.937376 0.293352 0.187807 -0.234797 0.26804 0.263168 0.926767 0.391061 
1535168109112 0.222377 0.919348 -0.324572 -0.604054 -0.937217 0.293307 0.188667 -0.234414 0.26865 0.262239 0.926854 0.391241 
1535168109414 0.222646 0.919558 -0.323794 -0.602767 -0.936801 0.293742 0.190053 -0.233882 0.269876 0.261016 0.926843 0.391569 
1535168109431 0.222628 0.919576 -0.323755 -0.602627 -0.936803 0.29372 0.190078 -0.233791 0.269885 0.260978 0.926851 0.391562 
1535168109655 0.223028 0.919846 -0.322709 -0.602625 -0.936809 0.293781 0.189951 -0.233751 0.269531 0.259953 0.927242 0.391471 
1535168109906 0.223206 0.920048 -0.322012 -0.602624 -0.936931 0.293646 0.189559 -0.233753 0.268961 0.259392 0.927564 0.391375 
1535168110203 0.224616 0.921037 -0.31818 -0.60228 -0.93705 0.293747 0.188811 -0.233415 0.267366 0.25574 0.929038 0.391168 
1535168110223 0.224616 0.921037 -0.31818 -0.60228 -0.93705 0.293747 0.188811 -0.233415 0.267366 0.25574 0.929038 0.391168 
1535168110240 0.22499 0.921299 -0.317157 -0.602202 -0.937072 0.293783 0.188647 -0.233307 0.266976 0.254755 0.929421 0.391097 
1535168110443 0.226001 0.921494 -0.315869 -0.602155 -0.937143 0.294173 0.187685 -0.233363 0.265871 0.253597 0.930054 0.391075 
1535168110574 0.226001 0.921494 -0.315869 -0.602155 -0.937143 0.294173 0.187685 -0.233363 0.265871 0.253597 0.930054 0.391075 
1535168110691 0.226808 0.921777 -0.31446 -0.60218 -0.937298 0.294314 0.186687 -0.233144 0.264634 0.252401 0.930732 0.390815 
1535168118627 0.227829 0.921986 -0.313106 -0.602141 -0.937325 0.294742 0.185873 -0.233139 0.263658 0.251135 0.931352 0.390751 
1535168118978 0.228539 0.922156 -0.312088 -0.60211 -0.937338 0.29503 0.18535 -0.233116 0.262997 0.250172 0.931797 0.390672 
1535168119506 0.225281 0.921544 -0.316237 -0.608538 -0.937787 0.293118 0.186113 -0.235824 0.264206 0.254635 0.930245 0.388946 
1535168120027 0.225281 0.921544 -0.316237 -0.608538 -0.937787 0.293118 0.186113 -0.235824 0.264206 0.254635 0.930245 0.388946 
1535168120330 0.220094 0.921206 -0.320839 -0.618602 -0.93882 0.289357 0.186789 -0.239568 0.264908 0.260099 0.928532 0.386014 
1535168120633 0.220094 0.921206 -0.320839 -0.618602 -0.93882 0.289357 0.186789 -0.239568 0.264908 0.260099 0.928532 0.386014 
1535168121015 0.212564 0.920643 -0.327464 -0.632196 -0.940313 0.283868 0.187697 -0.244466 0.265759 0.268021 0.926033 0.381939 
1535168121199 0.212564 0.920643 -0.327464 -0.632196 -0.940313 0.283868 0.187697 -0.244466 0.265759 0.268021 0.926033 0.381939 
1535168121393 0.212455 0.920229 -0.328696 -0.631905 -0.940196 0.284161 0.187843 -0.244425 0.266261 0.269131 0.925567 0.382029 
1535168121659 0.211622 0.919281 -0.331872 -0.631354 -0.940147 0.284268 0.187922 -0.244056 0.267094 0.27224 0.924417 0.382415 
1535168121794 0.210942 0.918406 -0.334714 -0.630964 -0.939987 0.284533 0.188321 -0.243706 0.268193 0.274902 0.92331 0.382639 
1535168121821 0.210942 0.918406 -0.334714 -0.630964 -0.939987 0.284533 0.188321 -0.243706 0.268193 0.274902 0.92331 0.382639 
1535168122007 0.210837 0.918193 -0.335364 -0.630847 -0.939975 0.284605 0.188274 -0.24368 0.268318 0.275539 0.923084 0.382698 
1535168122059 0.210837 0.918193 -0.335364 -0.630847 -0.939975 0.284605 0.188274 -0.24368 0.268318 0.275539 0.923084 0.382698 
1535168122168 0.211173 0.918542 -0.334196 -0.631481 -0.939895 0.284684 0.188554 -0.244052 0.268335 0.274291 0.92345 0.382604 
1535168122369 0.211173 0.918542 -0.334196 -0.631481 -0.939895 0.284684 0.188554 -0.244052 0.268335 0.274291 0.92345 0.382604 
1535168122429 0.211757 0.919034 -0.332469 -0.632671 -0.939715 0.284925 0.189084 -0.244987 0.268504 0.272386 0.923965 0.382274 
1535168122541 0.211757 0.919034 -0.332469 -0.632671 -0.939715 0.284925 0.189084 -0.244987 0.268504 0.272386 0.923965 0.382274 
1535168122738 0.211372 0.919595 -0.33116 -0.63373 -0.939764 0.284333 0.189733 -0.245322 0.268637 0.271108 0.924302 0.381942 
1535168122922 0.211249 0.919671 -0.331028 -0.633858 -0.939789 0.284194 0.189819 -0.245302 0.268647 0.270997 0.924332 0.381926 
1535168122989 0.211032 0.919805 -0.330793 -0.634005 -0.939853 0.283926 0.189902 -0.24547 0.268594 0.270821 0.924399 0.381802 
1535168123168 0.211032 0.919805 -0.330793 -0.634005 -0.939853 0.283926 0.189902 -0.24547 0.268594 0.270821 0.924399 0.381802 
1535168123244 0.211143 0.920201 -0.32962 -0.634592 -0.939852 0.283764 0.190148 -0.246139 0.268508 0.269646 0.924767 0.381908 
1535168123403 0.211143 0.920201 -0.32962 -0.634592 -0.939852 0.283764 0.190148 -0.246139 0.268508 0.269646 0.924767 0.381908 
1535168123480 0.210886 0.92062 -0.328612 -0.63519 -0.939924 0.283301 0.190484 -0.246791 0.26846 0.2687 0.925057 0.381864 
1535168123627 0.21025 0.921025 -0.327885 -0.635413 -0.940107 0.282513 0.19075 -0.246721 0.268317 0.268142 0.92526 0.38185 
1535168123791 0.210128 0.921219 -0.327417 -0.635572 -0.940239 0.282197 0.190567 -0.246937 0.26795 0.267807 0.925463 0.381749 
1535168123969 0.210223 0.92145 -0.326704 -0.635549 -0.940386 0.281971 0.190176 -0.247108 0.267359 0.267249 0.925796 0.381689 
1535168124179 0.209897 0.922218 -0.324742 -0.635906 -0.940821 0.280898 0.189608 -0.247571 0.266079 0.265726 0.926602 0.381475 
1535168124203 0.209348 0.92257 -0.324097 -0.636041 -0.941116 0.280078 0.189359 -0.247541 0.265469 0.265371 0.926879 0.381306 
1535168124225 0.209348 0.92257 -0.324097 -0.636041 -0.941116 0.280078 0.189359 -0.247541 0.265469 0.265371 0.926879 0.381306 
1535168124367 0.209807 0.922428 -0.324204 -0.636012 -0.940982 0.280562 0.189307 -0.24741 0.265581 0.265352 0.926852 0.381298 
1535168124488 0.209807 0.922428 -0.324204 -0.636012 -0.940982 0.280562 0.189307 -0.24741 0.265581 0.265352 0.926852 0.381298 
1535168124528 0.209807 0.922428 -0.324204 -0.636012 -0.940982 0.280562 0.189307 -0.24741 0.265581 0.265352 0.926852 0.381298 
1535168124649 0.211046 0.922238 -0.323939 -0.635833 -0.940913 0.281465 0.188311 -0.247473 0.264845 0.265056 0.927147 0.381345 
1535168124682 0.211046 0.922238 -0.323939 -0.635833 -0.940913 0.281465 0.188311 -0.247473 0.264845 0.265056 0.927147 0.381345 
1535168124719 0.21245 0.92225 -0.322986 -0.635805 -0.941021 0.282164 0.186715 -0.24722 0.263333 0.264269 0.927802 0.381126 
1535168124889 0.212924 0.922269 -0.32262 -0.635752 -0.941117 0.282332 0.185978 -0.247149 0.262608 0.264024 0.928078 0.381016 
1535168125135 0.213509 0.922193 -0.322451 -0.635339 -0.940654 0.283179 0.187028 -0.247202 0.263787 0.263382 0.927926 0.381317 
1535168125336 0.214197 0.922251 -0.321826 -0.634992 -0.940514 0.283683 0.186967 -0.246985 0.263727 0.262634 0.928155 0.381327 
1535168125543 0.215641 0.922149 -0.321156 -0.634492 -0.940178 0.284911 0.186793 -0.246879 0.263751 0.261663 0.928422 0.38144 
1535168125570 0.216232 0.922124 -0.320828 -0.634242 -0.940028 0.285414 0.186776 -0.246835 0.2638 0.261201 0.928538 0.381518 
1535168125756 0.216232 0.922124 -0.320828 -0.634242 -0.940028 0.285414 0.186776 -0.246835 0.2638 0.261201 0.928538 0.381518 
1535168125837 0.215744 0.922236 -0.320835 -0.634091 -0.940271 0.284827 0.186452 -0.246622 0.263335 0.261446 0.928602 0.381574 
1535168126041 0.215945 0.922111 -0.32106 -0.633482 -0.940336 0.284952 0.185935 -0.246473 0.262939 0.261753 0.928627 0.381731 
1535168126211 0.215945 0.922111 -0.32106 -0.633482 -0.940336 0.284952 0.185935 -0.246473 0.262939 0.261753 0.928627 0.381731 
1535168126295 0.216095 0.92216 -0.320817 -0.632564 -0.940503 0.284843 0.185253 -0.246073 0.262216 0.261697 0.928847 0.38206 
1535168126619 0.216317 0.922143 -0.320717 -0.631871 -0.940665 0.284818 0.184464 -0.245788 0.261449 0.261785 0.929039 0.382362 
1535168126898 0.216711 0.922052 -0.320712 -0.631651 -0.940582 0.285181 0.184331 -0.245907 0.261424 0.26171 0.929067 0.382492 
1535168127169 0.216296 0.922232 -0.320475 -0.630831 -0.940596 0.284824 0.184809 -0.245112 0.261716 0.261464 0.929054 0.382703 
1535168127444 0.216673 0.922117 -0.320551 -0.629918 -0.940436 0.285267 0.184938 -0.244704 0.261977 0.261387 0.929002 0.382928 
1535168127740 0.217369 0.921975 -0.320487 -0.628949 -0.940198 0.285987 0.185039 -0.244335 0.262256 0.2611 0.929004 0.383193 
1535168127927 0.217467 0.922026 -0.320276 -0.628008 -0.940136 0.286076 0.185218 -0.243974 0.262399 0.260824 0.929041 0.383573 
1535168127954 0.218059 0.921822 -0.320461 -0.627755 -0.93994 0.286728 0.185203 -0.244073 0.262609 0.260829 0.92898 0.38368 
1535168127971 0.218035 0.921829 -0.320456 -0.627758 -0.939946 0.286705 0.18521 -0.244059 0.262608 0.260829 0.928981 0.383686 
1535168128186 0.218035 0.921829 -0.320456 -0.627758 -0.939946 0.286705 0.18521 -0.244059 0.262608 0.260829 0.928981 0.383686 
1535168128226 0.218035 0.921829 -0.320456 -0.627758 -0.939946 0.286705 0.18521 -0.244059 0.262608 0.260829 0.928981 0.383686 
1535168128365 0.217337 0.921908 -0.320702 -0.626733 -0.940026 0.286178 0.185617 -0.24334 0.2629 0.261126 0.928815 0.384031 
1535168128545 0.217337 0.921908 -0.320702 -0.626733 -0.940026 0.286178 0.185617 -0.24334 0.2629 0.261126 0.928815 0.384031 
1535168128602 0.21743 0.921672 -0.321317 -0.625619 -0.939842 0.286551 0.185973 -0.242765 0.26348 0.261551 0.928531 0.384296 
1535168128835 0.217543 0.921531 -0.321646 -0.624763 -0.939672 0.286866 0.186345 -0.242448 0.263992 0.261704 0.928342 0.384621 
1535168129041 0.217881 0.921417 -0.321744 -0.624606 -0.939574 0.287224 0.186289 -0.242566 0.264063 0.261713 0.928319 0.38466 
1535168129282 0.217394 0.92142 -0.322063 -0.623984 -0.939352 0.287162 0.187501 -0.242249 0.265251 0.261769 0.927965 0.385002 
1535168129567 0.217054 0.92134 -0.322522 -0.623113 -0.939107 0.287254 0.188581 -0.241947 0.266393 0.261951 0.927586 0.385279 
1535168129594 0.217054 0.92134 -0.322522 -0.623113 -0.939107 0.287254 0.188581 -0.241947 0.266393 0.261951 0.927586 0.385279 
