1533580394351 0.438956 0.874895 -0.204637 -0.572068 -0.882076 0.462961 0.087225 -0.209334 0.171052 0.142218 0.974944 0.333802 
1533580397330 0.438956 0.874895 -0.204637 -0.572068 -0.882076 0.462961 0.0872269 -0.209333 0.171053 0.142217 0.974944 0.333801 
1533580397990 0.416033 0.883316 -0.216032 -0.576272 -0.891328 0.443175 0.0955511 -0.213043 0.180142 0.152803 0.9717 0.338634 
1533580398668 0.391962 0.89127 -0.228044 -0.580411 -0.900454 0.422469 0.103448 -0.217155 0.188542 0.164795 0.96814 0.342833 
1533580399314 0.368196 0.898608 -0.238613 -0.584653 -0.908574 0.402219 0.112751 -0.221102 0.197294 0.175283 0.964547 0.347819 
1533580399958 0.343747 0.905291 -0.249573 -0.588896 -0.916265 0.381545 0.121989 -0.225042 0.205659 0.186742 0.960641 0.352565 
1533580400610 0.318861 0.911366 -0.260268 -0.593207 -0.923409 0.36061 0.131436 -0.228912 0.213642 0.198424 0.956549 0.357346 
1533580401263 0.293967 0.916619 -0.270912 -0.597483 -0.929833 0.339886 0.141025 -0.232979 0.221346 0.210446 0.952218 0.362044 
1533580401931 0.268842 0.921285 -0.280995 -0.601772 -0.93569 0.319014 0.150713 -0.237025 0.228491 0.222406 0.947801 0.366872 
1533580402601 0.24314 0.925304 -0.291026 -0.60605 -0.94091 0.297901 0.161072 -0.240887 0.235737 0.234666 0.943059 0.371551 
1533580403252 0.21755 0.928602 -0.300616 -0.609207 -0.945563 0.276885 0.17101 -0.244259 0.242036 0.247048 0.938289 0.376555 
1533580403280 0.21745 0.928502 -0.300996 -0.609318 -0.9455 0.276948 0.171257 -0.244375 0.242373 0.247352 0.938122 0.376689 
1533580403509 0.215442 0.928723 -0.301758 -0.60968 -0.945891 0.275255 0.17183 -0.244651 0.242643 0.248411 0.937772 0.376856 
1533580403745 0.212752 0.929185 -0.302245 -0.610197 -0.94635 0.272947 0.172975 -0.24502 0.243223 0.249229 0.937405 0.37738 
1533580403978 0.210114 0.929416 -0.303377 -0.610729 -0.946804 0.270798 0.173867 -0.245628 0.243749 0.250706 0.936874 0.377794 
1533580404205 0.207472 0.929683 -0.304378 -0.611305 -0.947191 0.268686 0.175036 -0.24606 0.24451 0.251989 0.936331 0.378209 
1533580404436 0.204755 0.929952 -0.305394 -0.61193 -0.947595 0.266499 0.176185 -0.246486 0.245231 0.253315 0.935785 0.378679 
1533580404675 0.202303 0.930151 -0.30642 -0.612504 -0.947903 0.264601 0.177386 -0.247067 0.246075 0.254571 0.935222 0.379182 
1533580404905 0.199715 0.930427 -0.307279 -0.613034 -0.948301 0.262475 0.178414 -0.247566 0.246654 0.25576 0.934745 0.379663 
1533580405136 0.197032 0.930623 -0.308413 -0.613633 -0.948669 0.260359 0.179557 -0.248063 0.247398 0.257204 0.934152 0.380158 
1533580405368 0.19431 0.930884 -0.309352 -0.614184 -0.949064 0.258143 0.180663 -0.2485 0.248034 0.25849 0.933629 0.380639 
1533580405392 0.194112 0.9309 -0.309429 -0.614242 -0.949074 0.258003 0.18081 -0.248559 0.24815 0.258574 0.933574 0.380714 
1533580405408 0.19404 0.930899 -0.309475 -0.614291 -0.949062 0.257972 0.180918 -0.248594 0.248252 0.258606 0.933538 0.380762 
1533580405490 0.193708 0.930928 -0.309597 -0.614409 -0.949137 0.257674 0.180948 -0.248537 0.248225 0.258799 0.933492 0.380721 
1533580405536 0.193903 0.931019 -0.3092 -0.61435 -0.949168 0.257708 0.180741 -0.248534 0.247957 0.258436 0.933664 0.380609 
1533580405576 0.194309 0.931119 -0.308643 -0.61428 -0.949141 0.257925 0.180572 -0.248558 0.247741 0.257859 0.933881 0.380568 
1533580405621 0.194696 0.931119 -0.308399 -0.614308 -0.949096 0.258208 0.180406 -0.248697 0.24761 0.257576 0.933994 0.380492 
1533580405660 0.194844 0.931169 -0.308155 -0.614376 -0.949084 0.258281 0.180363 -0.248763 0.247539 0.257322 0.934082 0.380449 
1533580405706 0.194673 0.931283 -0.307919 -0.614478 -0.94915 0.258042 0.180359 -0.24877 0.247421 0.25715 0.934161 0.380418 
1533580405748 0.194671 0.931384 -0.307617 -0.614568 -0.949184 0.257946 0.180317 -0.248794 0.247293 0.256882 0.934269 0.380385 
1533580405783 0.194745 0.931494 -0.307236 -0.614604 -0.949192 0.257918 0.180313 -0.248839 0.247202 0.256511 0.934395 0.380384 
1533580405810 0.194749 0.931566 -0.307013 -0.614624 -0.949209 0.25786 0.180304 -0.248861 0.247132 0.256305 0.93447 0.380395 
1533580405829 0.194722 0.931621 -0.306864 -0.614639 -0.949229 0.257791 0.1803 -0.248867 0.247078 0.256175 0.934519 0.3804 
1533580405878 0.194661 0.931775 -0.306434 -0.614706 -0.949269 0.257622 0.180333 -0.24882 0.246974 0.255785 0.934654 0.380399 
1533580405970 0.19446 0.931953 -0.306022 -0.614649 -0.9492 0.257465 0.180915 -0.248963 0.247394 0.255296 0.934676 0.380323 
1533580406023 0.194444 0.932138 -0.305469 -0.614573 -0.949077 0.257473 0.18155 -0.249149 0.247879 0.254612 0.934735 0.380329 
1533580406154 0.193851 0.93267 -0.304217 -0.614634 -0.949048 0.256822 0.182622 -0.249194 0.248456 0.253315 0.934934 0.380279 
1533580406206 0.19359 0.93291 -0.303647 -0.614663 -0.949048 0.256518 0.183049 -0.249308 0.24866 0.252739 0.935035 0.380225 
1533580406302 0.193609 0.933108 -0.303027 -0.614657 -0.94892 0.25654 0.18368 -0.249465 0.249132 0.251987 0.935113 0.380186 
1533580406353 0.193534 0.933331 -0.302387 -0.614631 -0.948881 0.256398 0.184081 -0.249559 0.24934 0.251304 0.935241 0.380179 
1533580406374 0.193546 0.933324 -0.302399 -0.61465 -0.948862 0.256428 0.184133 -0.249598 0.2494 0.251297 0.935227 0.380164 
1533580406390 0.193543 0.933328 -0.302391 -0.614665 -0.948849 0.256437 0.184188 -0.249632 0.249453 0.251275 0.935219 0.380148 
1533580406407 0.193519 0.933346 -0.302351 -0.614675 -0.948842 0.256418 0.184249 -0.249661 0.249497 0.251228 0.93522 0.380139 
1533580406424 0.193474 0.933382 -0.302266 -0.614679 -0.948843 0.256368 0.184318 -0.249687 0.24953 0.251142 0.935234 0.380136 
1533580406440 0.193436 0.933452 -0.302077 -0.614668 -0.948853 0.256292 0.184369 -0.24971 0.24952 0.250963 0.935285 0.380138 
1533580406457 0.193402 0.933518 -0.301894 -0.614656 -0.948865 0.256218 0.184409 -0.249731 0.2495 0.250792 0.935336 0.380142 
1533580406476 0.193357 0.933569 -0.301765 -0.61464 -0.948876 0.256148 0.184449 -0.249723 0.249492 0.250673 0.93537 0.380149 
1533580406490 0.193322 0.933588 -0.301728 -0.614631 -0.948871 0.25612 0.184515 -0.24969 0.24954 0.25063 0.935369 0.380157 
1533580406507 0.193265 0.933608 -0.301705 -0.614621 -0.948871 0.256073 0.184579 -0.249651 0.249583 0.250606 0.935363 0.380168 
1533580406609 0.193264 0.933717 -0.301366 -0.614585 -0.948803 0.256074 0.184928 -0.249598 0.249842 0.250198 0.935404 0.380201 
1533580406626 0.19316 0.933839 -0.301056 -0.614556 -0.948853 0.255885 0.184932 -0.249629 0.249733 0.249936 0.935503 0.380209 
1533580406642 0.193112 0.933918 -0.30084 -0.61454 -0.948883 0.255777 0.184929 -0.24967 0.249657 0.24975 0.935573 0.380211 
1533580406741 0.192925 0.933953 -0.300852 -0.614545 -0.948877 0.255647 0.185143 -0.249674 0.249826 0.249753 0.935527 0.380234 
1533580406754 0.192821 0.933899 -0.301085 -0.614554 -0.948862 0.255631 0.18524 -0.249636 0.249963 0.249969 0.935433 0.38024 
1533580406773 0.192768 0.933833 -0.301323 -0.61455 -0.94883 0.255671 0.185349 -0.249608 0.250125 0.250175 0.935334 0.380245 
1533580406788 0.19276 0.933785 -0.301477 -0.614535 -0.948793 0.255732 0.185452 -0.249599 0.250269 0.250292 0.935264 0.380248 
1533580406820 0.192801 0.933713 -0.301676 -0.614483 -0.948708 0.255887 0.185674 -0.249638 0.250561 0.250404 0.935156 0.380276 
1533580406883 0.192827 0.933574 -0.30209 -0.614361 -0.948524 0.256172 0.186219 -0.24986 0.251236 0.250632 0.934914 0.380377 
1533580406896 0.192662 0.933571 -0.302203 -0.614346 -0.948521 0.256076 0.186366 -0.249886 0.251373 0.25074 0.934848 0.380393 
1533580406913 0.192406 0.933563 -0.302391 -0.614328 -0.9485 0.255945 0.186658 -0.249903 0.251652 0.250903 0.934729 0.380405 
1533580406929 0.192215 0.933551 -0.30255 -0.614308 -0.948462 0.255872 0.186947 -0.249914 0.251939 0.251024 0.93462 0.380414 
1533580406948 0.192082 0.933543 -0.302657 -0.614286 -0.948429 0.255828 0.187176 -0.249931 0.252165 0.251095 0.934539 0.380425 
1533580406963 0.191959 0.933544 -0.302735 -0.61426 -0.948405 0.255776 0.187369 -0.249951 0.25235 0.251148 0.934476 0.380438 
1533580406979 0.191915 0.933525 -0.302818 -0.614238 -0.948362 0.255802 0.187548 -0.249968 0.252543 0.251188 0.934413 0.380449 
1533580407070 0.19177 0.933534 -0.302884 -0.614137 -0.948393 0.255676 0.187562 -0.250139 0.252536 0.251284 0.934388 0.380538 
1533580407163 0.191308 0.933473 -0.303363 -0.614037 -0.948585 0.255238 0.18719 -0.250517 0.252166 0.251955 0.934308 0.380481 
1533580407254 0.19061 0.933423 -0.303956 -0.613988 -0.948649 0.254774 0.187497 -0.250729 0.252454 0.252608 0.934053 0.380449 
1533580407295 0.190303 0.933424 -0.304144 -0.613945 -0.948648 0.254586 0.18776 -0.250828 0.252691 0.252795 0.933939 0.380515 
1533580407312 0.190267 0.933413 -0.304203 -0.613919 -0.948636 0.254583 0.187825 -0.250878 0.252763 0.252841 0.933907 0.380533 
1533580407353 0.190084 0.933361 -0.304474 -0.613849 -0.948617 0.254521 0.188005 -0.251043 0.252971 0.253093 0.933782 0.380572 
1533580407435 0.189488 0.93339 -0.304759 -0.613788 -0.948734 0.254017 0.188095 -0.251169 0.25298 0.253493 0.933671 0.380526 
1533580407508 0.188973 0.933472 -0.304828 -0.613723 -0.948926 0.253455 0.187883 -0.251328 0.252644 0.253754 0.933692 0.380524 
1533580407571 0.18842 0.933548 -0.304938 -0.61367 -0.949152 0.252838 0.187571 -0.25149 0.252207 0.25409 0.933718 0.38052 
1533580407641 0.188002 0.933601 -0.305032 -0.613577 -0.949266 0.252432 0.187541 -0.251692 0.252088 0.254299 0.933693 0.380515 
1533580407710 0.187411 0.933677 -0.305161 -0.613536 -0.94936 0.251923 0.187749 -0.251784 0.252175 0.254522 0.933609 0.380594 
1533580407767 0.186767 0.933721 -0.305422 -0.613529 -0.949491 0.251364 0.187839 -0.251858 0.252161 0.254913 0.933506 0.380635 
1533580407851 0.186408 0.93371 -0.305675 -0.613422 -0.949621 0.251015 0.187646 -0.252153 0.251936 0.255297 0.933462 0.380583 
1533580407864 0.186311 0.933721 -0.305703 -0.613412 -0.94965 0.25092 0.187629 -0.252181 0.2519 0.255353 0.933456 0.38058 
1533580407881 0.186249 0.933726 -0.305723 -0.613405 -0.949668 0.250859 0.187619 -0.2522 0.251878 0.255392 0.933452 0.380577 
1533580407897 0.185991 0.933744 -0.305825 -0.613383 -0.949736 0.250619 0.187597 -0.252264 0.251813 0.255561 0.933423 0.380552 
1533580407914 0.185865 0.933754 -0.305871 -0.613374 -0.949768 0.250502 0.187589 -0.252287 0.251783 0.255641 0.933409 0.380539 
1533580407931 0.185763 0.933764 -0.305903 -0.613363 -0.949795 0.250404 0.187582 -0.252308 0.251757 0.255699 0.933401 0.38053 
1533580407965 0.185859 0.933732 -0.305944 -0.613335 -0.949769 0.250511 0.187572 -0.252359 0.251784 0.255714 0.933389 0.380518 
1533580408008 0.186225 0.933644 -0.305989 -0.613267 -0.949645 0.250919 0.187657 -0.252456 0.251983 0.255635 0.933357 0.380497 
1533580408070 0.186455 0.933557 -0.306115 -0.613083 -0.949508 0.251253 0.187898 -0.252696 0.252326 0.255624 0.933267 0.380437 
1533580408084 0.186295 0.933577 -0.30615 -0.613045 -0.949538 0.251111 0.187941 -0.252746 0.252335 0.255688 0.933247 0.380422 
1533580408104 0.18605 0.933612 -0.306193 -0.612996 -0.949576 0.250899 0.188031 -0.252802 0.252371 0.25577 0.933215 0.380408 
1533580408121 0.185907 0.933631 -0.306223 -0.612961 -0.949588 0.250787 0.188121 -0.252833 0.252432 0.255812 0.933187 0.3804 
1533580408137 0.185815 0.933645 -0.306233 -0.612934 -0.949585 0.250722 0.188218 -0.252845 0.252508 0.255821 0.933164 0.380394 
1533580408154 0.185734 0.933656 -0.30625 -0.612912 -0.949584 0.250667 0.188299 -0.252854 0.252573 0.255836 0.933142 0.380389 
1533580408212 0.18573 0.933641 -0.306297 -0.612847 -0.949537 0.250721 0.188464 -0.252901 0.252753 0.255837 0.933093 0.380357 
1533580408277 0.185921 0.933754 -0.305837 -0.612641 -0.949429 0.250879 0.188796 -0.252981 0.253017 0.255269 0.933177 0.380278 
1533580408305 0.186118 0.933732 -0.305784 -0.61249 -0.94936 0.251085 0.188868 -0.253123 0.25313 0.255148 0.93318 0.380203 
1533580408332 0.186252 0.933703 -0.305792 -0.612349 -0.949307 0.25124 0.188932 -0.253276 0.253233 0.255101 0.933165 0.380138 
1533580408377 0.186079 0.933736 -0.305796 -0.612221 -0.949296 0.251123 0.189141 -0.253362 0.2534 0.255096 0.933121 0.380053 
1533580408429 0.185775 0.933817 -0.305735 -0.612061 -0.949243 0.250937 0.189652 -0.253367 0.25382 0.254984 0.933037 0.379944 
1533580408445 0.18569 0.933847 -0.305694 -0.611996 -0.949221 0.250887 0.189828 -0.253384 0.253965 0.254922 0.933015 0.379915 
1533580408462 0.185631 0.933876 -0.305643 -0.611925 -0.949196 0.250858 0.189992 -0.253413 0.254101 0.254847 0.932998 0.37989 
1533580408482 0.185556 0.933909 -0.305587 -0.611828 -0.949177 0.250809 0.19015 -0.253467 0.254227 0.254773 0.932984 0.379861 
1533580408638 0.184888 0.934093 -0.305429 -0.611638 -0.949219 0.250236 0.190697 -0.253425 0.254558 0.254662 0.932924 0.379702 
1533580408678 0.184744 0.93417 -0.305282 -0.611446 -0.949153 0.250164 0.191119 -0.253494 0.254908 0.254451 0.932886 0.379726 
1533580408731 0.184733 0.934205 -0.30518 -0.611267 -0.94906 0.250228 0.191499 -0.25361 0.255264 0.254258 0.932841 0.379754 
1533580408779 0.184637 0.934226 -0.305175 -0.611102 -0.949018 0.250197 0.191746 -0.253779 0.255488 0.254213 0.932792 0.379736 
1533580408823 0.184507 0.934294 -0.305043 -0.610903 -0.948964 0.250126 0.192105 -0.253914 0.255781 0.25403 0.932762 0.379707 
1533580408858 0.184436 0.934368 -0.30486 -0.610731 -0.948909 0.25009 0.192425 -0.254022 0.256038 0.253794 0.932756 0.379686 
1533580408881 0.184286 0.934441 -0.304726 -0.610643 -0.948904 0.249954 0.192626 -0.25404 0.256165 0.253658 0.932758 0.379675 
1533580408898 0.184061 0.934506 -0.304664 -0.610582 -0.94891 0.249767 0.19284 -0.25402 0.256305 0.253604 0.932734 0.379663 
1533580408914 0.183904 0.934547 -0.304632 -0.61054 -0.948909 0.249643 0.193003 -0.254001 0.256419 0.253574 0.932711 0.379653 
1533580408962 0.183685 0.934605 -0.304586 -0.610387 -0.948862 0.249515 0.1934 -0.254042 0.256751 0.253486 0.932643 0.379619 
1533580409050 0.183552 0.934501 -0.304987 -0.610249 -0.948914 0.249447 0.193232 -0.254115 0.256654 0.253938 0.932547 0.379677 
1533580409088 0.183262 0.934537 -0.305051 -0.610122 -0.948991 0.249166 0.193217 -0.254052 0.256577 0.254081 0.932529 0.379741 
1533580409161 0.183209 0.934566 -0.304994 -0.609922 -0.949025 0.249081 0.193158 -0.254126 0.256487 0.254059 0.93256 0.379805 
1533580409221 0.182781 0.934635 -0.305037 -0.609732 -0.949067 0.248726 0.19341 -0.254118 0.256639 0.254149 0.932494 0.379774 
1533580409266 0.182457 0.934692 -0.305058 -0.609544 -0.949098 0.248456 0.193604 -0.254109 0.256753 0.254206 0.932447 0.379755 
1533580409321 0.182163 0.93469 -0.305241 -0.609367 -0.949121 0.24825 0.193757 -0.254166 0.256879 0.254415 0.932355 0.379721 
1533580409344 0.182088 0.934696 -0.305266 -0.609295 -0.949134 0.248186 0.193776 -0.254209 0.256884 0.254454 0.932343 0.379728 
1533580409361 0.182036 0.9347 -0.305286 -0.609233 -0.949141 0.248144 0.193792 -0.254246 0.256892 0.254483 0.932333 0.379736 
1533580409378 0.181971 0.934706 -0.305306 -0.609169 -0.949151 0.24809 0.193813 -0.25428 0.256901 0.254513 0.932322 0.379741 
1533580409394 0.181896 0.93471 -0.305339 -0.609115 -0.949162 0.248029 0.193837 -0.254309 0.256914 0.254558 0.932306 0.379743 
1533580409513 0.181426 0.934773 -0.305425 -0.609061 -0.949218 0.247637 0.194064 -0.254131 0.25704 0.254707 0.932231 0.379721 
1533580409551 0.181137 0.934851 -0.305358 -0.608933 -0.949266 0.247359 0.194187 -0.254037 0.257069 0.254691 0.932227 0.379751 
1533580409607 0.181059 0.934853 -0.305397 -0.608752 -0.949265 0.247309 0.194253 -0.254085 0.257126 0.254731 0.932201 0.379773 
1533580409678 0.180816 0.93487 -0.305488 -0.608572 -0.949304 0.247106 0.194319 -0.254158 0.257151 0.254865 0.932157 0.379778 
1533580409714 0.180465 0.934938 -0.30549 -0.608451 -0.949364 0.246783 0.194441 -0.254097 0.25718 0.254931 0.932131 0.37978 
1533580409760 0.180165 0.934981 -0.305534 -0.608299 -0.949407 0.246523 0.194559 -0.254082 0.25723 0.255024 0.932092 0.379774 
1533580409784 0.180121 0.934975 -0.305579 -0.608233 -0.949409 0.246497 0.194583 -0.254119 0.257254 0.255071 0.932073 0.379766 
1533580409801 0.180089 0.934965 -0.305627 -0.608184 -0.949408 0.246484 0.194602 -0.254149 0.257278 0.255119 0.932053 0.379758 
1533580409817 0.180027 0.934961 -0.305677 -0.608134 -0.949411 0.246444 0.194637 -0.254162 0.25731 0.255174 0.932029 0.37975 
1533580409834 0.179945 0.934966 -0.30571 -0.608087 -0.94942 0.24638 0.194675 -0.254162 0.257335 0.255217 0.93201 0.379745 
1533580409851 0.179872 0.934971 -0.305736 -0.60805 -0.949428 0.246323 0.194709 -0.254157 0.257357 0.255251 0.931995 0.379741 
1533580409954 0.179668 0.935037 -0.305654 -0.607997 -0.949497 0.246083 0.194674 -0.254008 0.257244 0.255241 0.932029 0.379743 
1533580409988 0.179462 0.935092 -0.305609 -0.607881 -0.949572 0.245844 0.19461 -0.253937 0.257111 0.255273 0.932057 0.379726 
1533580410020 0.179351 0.935125 -0.305573 -0.607772 -0.949621 0.245705 0.19455 -0.253923 0.25701 0.255286 0.932081 0.379736 
1533580410084 0.179435 0.935056 -0.305733 -0.607604 -0.949654 0.245768 0.194306 -0.254067 0.256826 0.255476 0.93208 0.379704 
1533580410123 0.179419 0.935023 -0.305845 -0.60745 -0.94967 0.245764 0.194236 -0.254143 0.256781 0.255603 0.932057 0.379678 
1533580410140 0.179365 0.935029 -0.305858 -0.607393 -0.94969 0.245706 0.194211 -0.254147 0.256744 0.255635 0.932058 0.379676 
1533580410156 0.179273 0.935046 -0.305859 -0.607349 -0.949714 0.245613 0.194211 -0.254123 0.256719 0.255661 0.932058 0.379678 
1533580410173 0.179125 0.935082 -0.305835 -0.607304 -0.94975 0.24546 0.194227 -0.254068 0.256688 0.255676 0.932063 0.379681 
1533580410190 0.179025 0.935105 -0.305825 -0.607282 -0.949774 0.245359 0.194236 -0.254029 0.256668 0.255692 0.932064 0.379678 
1533580410206 0.178962 0.935116 -0.305827 -0.60727 -0.949791 0.245295 0.194236 -0.254004 0.256651 0.255711 0.932063 0.379672 
1533580410306 0.178996 0.935071 -0.305944 -0.607168 -0.949784 0.245352 0.194199 -0.254092 0.256654 0.25582 0.932033 0.379573 
1533580410374 0.178629 0.935115 -0.306025 -0.606913 -0.949802 0.245074 0.194463 -0.254137 0.256844 0.255927 0.931951 0.379431 
1533580410397 0.178404 0.935159 -0.306022 -0.606823 -0.949847 0.244858 0.194514 -0.254108 0.256834 0.255972 0.931941 0.37939 
1533580410414 0.178292 0.93518 -0.306023 -0.606751 -0.949874 0.244748 0.194522 -0.254106 0.256811 0.256001 0.93194 0.379363 
1533580410431 0.178248 0.935183 -0.306041 -0.606694 -0.949888 0.244703 0.194507 -0.254126 0.256788 0.256034 0.931937 0.379339 
1533580410448 0.178254 0.935168 -0.306082 -0.606627 -0.949891 0.244714 0.194479 -0.254178 0.256773 0.256078 0.931929 0.379309 
1533580410464 0.17825 0.93516 -0.30611 -0.606587 -0.949893 0.244714 0.194467 -0.254206 0.256768 0.256108 0.931922 0.379288 
1533580410481 0.178198 0.93516 -0.30614 -0.606543 -0.949904 0.24467 0.194469 -0.254216 0.256763 0.256149 0.931912 0.37926 
1533580410498 0.178118 0.935173 -0.306147 -0.606529 -0.949919 0.244597 0.194488 -0.25419 0.256762 0.256173 0.931906 0.379243 
1533580410548 0.177911 0.935235 -0.306076 -0.606523 -0.949926 0.244418 0.194678 -0.254136 0.256881 0.256114 0.931889 0.379224 
1533580410566 0.17777 0.935313 -0.305921 -0.606504 -0.949919 0.244287 0.194879 -0.254124 0.257005 0.255956 0.931898 0.379214 
1533580410614 0.177265 0.935544 -0.305508 -0.606374 -0.949917 0.243821 0.19547 -0.254138 0.25736 0.255557 0.93191 0.379115 
1533580410631 0.177241 0.935531 -0.305561 -0.606327 -0.949897 0.243834 0.195554 -0.254196 0.257453 0.255591 0.931875 0.379062 
1533580410648 0.177212 0.935524 -0.3056 -0.606266 -0.949878 0.243839 0.195639 -0.254246 0.257542 0.255613 0.931845 0.379018 
1533580410668 0.177114 0.935535 -0.305622 -0.606194 -0.949869 0.243779 0.195759 -0.254277 0.257643 0.255629 0.931812 0.378972 
1533580410685 0.177017 0.935549 -0.305635 -0.606137 -0.949861 0.243715 0.195876 -0.254288 0.25774 0.255637 0.931783 0.378931 
1533580410702 0.176954 0.935571 -0.305604 -0.606092 -0.94986 0.243662 0.195945 -0.254298 0.257785 0.255608 0.931779 0.378921 
1533580410718 0.176943 0.935587 -0.305564 -0.606052 -0.949857 0.243648 0.195979 -0.25432 0.257805 0.255565 0.931785 0.378927 
1533580410776 0.176994 0.935669 -0.30528 -0.606001 -0.949869 0.243616 0.195958 -0.254359 0.257723 0.255293 0.931882 0.378978 
1533580410793 0.176956 0.935772 -0.304988 -0.605988 -0.949912 0.243483 0.195914 -0.254327 0.25759 0.255044 0.931987 0.378995 
1533580410808 0.176912 0.935867 -0.304723 -0.605971 -0.949963 0.243344 0.195841 -0.2543 0.257433 0.254829 0.932089 0.379007 
1533580410823 0.176857 0.935959 -0.304472 -0.605955 -0.950021 0.243192 0.195748 -0.254273 0.257257 0.254636 0.932191 0.379009 
1533580410843 0.176783 0.93604 -0.304266 -0.605931 -0.950085 0.243029 0.195639 -0.254249 0.257072 0.254493 0.932281 0.37899 
1533580410862 0.176703 0.936103 -0.304118 -0.605901 -0.950142 0.242882 0.195549 -0.254227 0.256919 0.254401 0.932348 0.378964 
1533580410876 0.176607 0.936172 -0.303961 -0.605858 -0.950196 0.242722 0.195481 -0.254201 0.256782 0.254299 0.932414 0.378939 
1533580410897 0.176502 0.93626 -0.30375 -0.605792 -0.950256 0.24254 0.195416 -0.254181 0.256632 0.254149 0.932496 0.378906 
1533580410960 0.176543 0.936291 -0.303629 -0.605657 -0.95022 0.242581 0.19554 -0.254318 0.256737 0.253993 0.932509 0.378863 
1533580410989 0.17654 0.936289 -0.303638 -0.605626 -0.950108 0.242691 0.195949 -0.25442 0.257155 0.253896 0.932421 0.378902 
1533580411015 0.176473 0.936306 -0.303625 -0.605609 -0.950005 0.242739 0.196386 -0.254477 0.257579 0.253788 0.932333 0.378939 
1533580411042 0.176331 0.93635 -0.303573 -0.605588 -0.949927 0.242697 0.196817 -0.254507 0.257966 0.253667 0.932259 0.378965 
1533580411063 0.176143 0.936424 -0.303453 -0.605547 -0.949901 0.242555 0.197116 -0.25452 0.258188 0.25353 0.932235 0.37898 
1533580411080 0.176019 0.936493 -0.303313 -0.605506 -0.949898 0.242435 0.197282 -0.254534 0.258287 0.25339 0.932245 0.37898 
1533580411097 0.175869 0.93658 -0.303129 -0.605448 -0.949893 0.242286 0.197486 -0.254538 0.258405 0.253208 0.932262 0.378975 
1533580411114 0.175763 0.93664 -0.303007 -0.605411 -0.949892 0.24218 0.19762 -0.254535 0.258481 0.25309 0.932273 0.378962 
1533580411130 0.175637 0.93671 -0.302862 -0.605369 -0.94989 0.242056 0.197783 -0.254523 0.258575 0.252947 0.932286 0.378946 
1533580411226 0.175372 0.936739 -0.302927 -0.605298 -0.950012 0.241748 0.197572 -0.254469 0.258305 0.253135 0.932309 0.378921 
1533580411240 0.175474 0.93665 -0.303144 -0.605307 -0.95003 0.241854 0.197354 -0.254479 0.258168 0.253365 0.932285 0.378916 
1533580411275 0.175768 0.936439 -0.303625 -0.605304 -0.950083 0.242126 0.196764 -0.254531 0.257773 0.253884 0.932253 0.378925 
1533580411318 0.175909 0.9364 -0.303662 -0.605238 -0.950114 0.242211 0.19651 -0.254525 0.257563 0.253946 0.932295 0.378971 
1533580411353 0.175805 0.93643 -0.303631 -0.605163 -0.950179 0.242062 0.196381 -0.254506 0.257395 0.253979 0.932332 0.378999 
1533580411376 0.175713 0.936458 -0.303597 -0.605079 -0.950229 0.241935 0.196296 -0.254495 0.257274 0.253995 0.932361 0.379024 
1533580411393 0.175647 0.936478 -0.303574 -0.605022 -0.950264 0.241846 0.196237 -0.254486 0.257189 0.254007 0.932381 0.37904 
1533580411413 0.175568 0.9365 -0.303551 -0.604955 -0.95031 0.241735 0.196149 -0.254471 0.257073 0.25403 0.932407 0.379044 
1533580411430 0.175514 0.936507 -0.303561 -0.6049 -0.950342 0.241665 0.196082 -0.254465 0.256993 0.254072 0.932417 0.379037 
1533580411447 0.175524 0.93649 -0.303608 -0.604859 -0.950354 0.24167 0.196017 -0.254491 0.256941 0.25413 0.932416 0.379024 
1533580411492 0.175645 0.936388 -0.303854 -0.604803 -0.950326 0.241841 0.19594 -0.254604 0.25696 0.254345 0.932352 0.378959 
1533580411520 0.175573 0.936328 -0.30408 -0.604806 -0.950273 0.241886 0.196141 -0.254606 0.257205 0.254522 0.932236 0.378893 
1533580411550 0.175435 0.936261 -0.304365 -0.604795 -0.950125 0.241988 0.196733 -0.254592 0.257846 0.254671 0.932018 0.378829 
1533580411582 0.175108 0.936254 -0.304576 -0.604736 -0.95 0.241907 0.197434 -0.25459 0.258528 0.254775 0.931801 0.378808 
1533580411614 0.174828 0.936259 -0.30472 -0.604644 -0.949911 0.241812 0.197978 -0.254559 0.259044 0.254845 0.931639 0.378806 
1533580411634 0.174723 0.936219 -0.304904 -0.604604 -0.949875 0.241807 0.198158 -0.254572 0.259247 0.254997 0.93154 0.378795 
1533580411651 0.174672 0.93618 -0.305052 -0.604567 -0.949839 0.241835 0.198296 -0.254598 0.259414 0.255114 0.931462 0.378786 
1533580411667 0.174649 0.936134 -0.305206 -0.604517 -0.949793 0.241896 0.198445 -0.254643 0.2596 0.255224 0.93138 0.378791 
1533580411684 0.174625 0.936102 -0.305318 -0.604475 -0.949762 0.241931 0.198546 -0.254674 0.259725 0.255308 0.931322 0.378788 
1533580411769 0.174714 0.936113 -0.305235 -0.604424 -0.949903 0.241842 0.197981 -0.254694 0.259151 0.255354 0.931469 0.37876 
1533580411788 0.174878 0.936105 -0.305163 -0.604446 -0.949973 0.241883 0.197596 -0.254653 0.258785 0.255341 0.931575 0.378776 
1533580411817 0.174949 0.936155 -0.304971 -0.604433 -0.950114 0.241758 0.197072 -0.254532 0.258219 0.25528 0.931748 0.378835 
1533580411842 0.174909 0.936213 -0.304815 -0.604399 -0.95022 0.241589 0.196765 -0.254433 0.257854 0.255226 0.931864 0.37887 
1533580411868 0.174753 0.936262 -0.304753 -0.604349 -0.950317 0.241361 0.196575 -0.25435 0.257602 0.25526 0.931925 0.378847 
1533580411885 0.174719 0.936259 -0.304783 -0.604317 -0.950356 0.241303 0.196459 -0.254331 0.257482 0.255327 0.93194 0.378823 
1533580411902 0.174709 0.93622 -0.304907 -0.604283 -0.950385 0.241293 0.196331 -0.254326 0.257381 0.255478 0.931926 0.378796 
1533580411918 0.174743 0.936189 -0.304985 -0.604252 -0.9504 0.24132 0.196224 -0.254336 0.257301 0.255569 0.931923 0.378783 
1533580411935 0.174789 0.936151 -0.305076 -0.604211 -0.950431 0.241344 0.196048 -0.254362 0.257159 0.255686 0.93193 0.378772 
1533580411953 0.174841 0.93612 -0.305138 -0.604168 -0.950465 0.241362 0.195859 -0.254398 0.256997 0.255779 0.931949 0.378767 
1533580411969 0.174865 0.936106 -0.305167 -0.60414 -0.950487 0.241365 0.195748 -0.254422 0.256897 0.255828 0.931963 0.378765 
1533580411985 0.174886 0.936102 -0.30517 -0.604131 -0.950506 0.241362 0.195659 -0.254438 0.256813 0.255847 0.931981 0.378758 
1533580412002 0.174941 0.93611 -0.305112 -0.604137 -0.950504 0.241393 0.195629 -0.254455 0.256782 0.255787 0.932006 0.378752 
1533580412019 0.174985 0.936113 -0.305079 -0.604151 -0.950485 0.24144 0.195668 -0.254459 0.256825 0.255734 0.932009 0.378747 
1533580412035 0.175051 0.936178 -0.304839 -0.604147 -0.950471 0.241454 0.195719 -0.25446 0.256832 0.25548 0.932077 0.378752 
1533580412055 0.175087 0.936263 -0.304559 -0.604136 -0.950468 0.241425 0.195767 -0.254448 0.256818 0.255197 0.932158 0.378767 
1533580412072 0.175082 0.936335 -0.30434 -0.604119 -0.950471 0.241372 0.195818 -0.254422 0.256811 0.254982 0.932219 0.378779 
1533580412089 0.175031 0.936377 -0.304239 -0.604107 -0.950477 0.241307 0.195868 -0.254387 0.256821 0.254889 0.932242 0.37879 
1533580412105 0.17492 0.936431 -0.304137 -0.604075 -0.950496 0.241181 0.19593 -0.254328 0.256827 0.254809 0.932262 0.378811 
1533580412122 0.174795 0.936487 -0.304039 -0.604033 -0.950525 0.241038 0.195967 -0.254271 0.256805 0.254742 0.932286 0.378833 
1533580412139 0.174728 0.936516 -0.303986 -0.603998 -0.950547 0.240954 0.195962 -0.254248 0.256768 0.254713 0.932304 0.378846 
1533580412155 0.174693 0.936518 -0.304001 -0.603965 -0.950564 0.240914 0.195931 -0.254249 0.256731 0.254745 0.932306 0.378839 
1533580412172 0.174729 0.936494 -0.304055 -0.603937 -0.95058 0.240937 0.195827 -0.254293 0.256648 0.254812 0.93231 0.378817 
1533580412189 0.174757 0.936414 -0.304283 -0.603931 -0.950602 0.240983 0.195659 -0.254355 0.256544 0.255059 0.932271 0.378788 
1533580412230 0.174809 0.936204 -0.304899 -0.603885 -0.950625 0.241128 0.195367 -0.254501 0.256424 0.255693 0.932131 0.378716 
1533580412243 0.174798 0.936176 -0.304992 -0.603854 -0.950637 0.241128 0.195312 -0.254525 0.256389 0.255796 0.932112 0.378703 
1533580412260 0.17475 0.936177 -0.305016 -0.603799 -0.950667 0.241067 0.195242 -0.254531 0.25631 0.25585 0.932119 0.378696 
1533580412276 0.174762 0.936175 -0.305016 -0.603748 -0.950678 0.241064 0.19519 -0.254513 0.25626 0.25586 0.93213 0.378693 
1533580412293 0.174796 0.936168 -0.305017 -0.603708 -0.950675 0.241093 0.195168 -0.254476 0.256248 0.255857 0.932134 0.378687 
1533580412310 0.17477 0.936169 -0.30503 -0.603685 -0.950677 0.241074 0.195181 -0.25444 0.256257 0.255874 0.932127 0.378671 
1533580412326 0.174701 0.936175 -0.305051 -0.603671 -0.95069 0.241014 0.195194 -0.254415 0.256257 0.255908 0.932118 0.37865 
1533580412343 0.174694 0.936165 -0.305084 -0.603673 -0.950679 0.241026 0.195232 -0.254426 0.256303 0.255931 0.932099 0.378634 
1533580412381 0.174744 0.936144 -0.30512 -0.603692 -0.95057 0.241181 0.195572 -0.254517 0.256673 0.255863 0.932016 0.37863 
1533580412394 0.174669 0.93616 -0.305115 -0.603693 -0.95054 0.241153 0.195753 -0.254541 0.256836 0.255832 0.931979 0.378645 
1533580412418 0.174545 0.936219 -0.305006 -0.603669 -0.950488 0.241087 0.196087 -0.254565 0.257113 0.255679 0.931945 0.378658 
1533580412434 0.174435 0.936255 -0.304958 -0.60363 -0.950453 0.241028 0.196328 -0.254574 0.257316 0.255602 0.93191 0.378653 
1533580412451 0.174315 0.936288 -0.304925 -0.603576 -0.950428 0.240956 0.19654 -0.254583 0.257491 0.25555 0.931876 0.378649 
1533580412468 0.174175 0.936321 -0.304905 -0.603505 -0.950382 0.24089 0.19684 -0.254592 0.257753 0.255491 0.931819 0.378641 
1533580412555 0.174251 0.936336 -0.304814 -0.603438 -0.950348 0.240963 0.196917 -0.254623 0.25783 0.255367 0.931833 0.378562 
1533580412602 0.174569 0.936507 -0.304105 -0.603492 -0.950487 0.240917 0.196298 -0.254616 0.257099 0.254781 0.932195 0.378472 
1533580412663 0.174637 0.936579 -0.303846 -0.603564 -0.95059 0.240813 0.19593 -0.254578 0.256674 0.254616 0.932357 0.378352 
1533580412701 0.174802 0.936649 -0.303533 -0.603517 -0.950555 0.240908 0.195981 -0.254642 0.256689 0.254267 0.932448 0.378328 
1533580412741 0.174633 0.936787 -0.303206 -0.603452 -0.950536 0.24073 0.196294 -0.254653 0.256876 0.253929 0.932489 0.378285 
1533580412758 0.174572 0.936836 -0.30309 -0.603433 -0.950541 0.240653 0.19636 -0.254657 0.256897 0.253821 0.932512 0.378268 
1533580412774 0.174516 0.936898 -0.30293 -0.603406 -0.950547 0.240571 0.196433 -0.254667 0.256913 0.253668 0.932549 0.378248 
1533580412791 0.174555 0.936949 -0.302749 -0.603378 -0.950542 0.240568 0.196461 -0.254686 0.256905 0.253482 0.932602 0.378237 
1533580412808 0.174587 0.936983 -0.302626 -0.603358 -0.950539 0.24057 0.196472 -0.254698 0.256893 0.253357 0.932639 0.37823 
1533580412850 0.174661 0.93702 -0.302467 -0.603328 -0.950545 0.240586 0.196422 -0.254725 0.256821 0.253202 0.932701 0.378199 
1533580412895 0.174765 0.936967 -0.302574 -0.603347 -0.950685 0.24055 0.19579 -0.254734 0.256232 0.253435 0.9328 0.378125 
1533580412917 0.174976 0.936925 -0.302581 -0.603352 -0.950773 0.240625 0.195268 -0.254712 0.25576 0.253519 0.932907 0.37807 
1533580412938 0.175106 0.936918 -0.302527 -0.603347 -0.950864 0.240622 0.194829 -0.254667 0.255334 0.253546 0.933016 0.378033 
1533580412961 0.17504 0.936954 -0.302454 -0.603339 -0.951006 0.240416 0.194389 -0.254614 0.254848 0.25361 0.933131 0.377991 
1533580412988 0.174971 0.936995 -0.302367 -0.603327 -0.951129 0.240223 0.194028 -0.254566 0.254439 0.253641 0.933235 0.377946 
1533580413007 0.174969 0.937009 -0.302324 -0.603319 -0.951188 0.240153 0.193823 -0.254552 0.254218 0.253654 0.933291 0.377915 
1533580413021 0.175002 0.937064 -0.302135 -0.60329 -0.951269 0.240059 0.193542 -0.254543 0.253892 0.253541 0.933411 0.377878 
1533580413038 0.175097 0.937163 -0.301771 -0.60324 -0.95136 0.239965 0.193213 -0.254544 0.253486 0.253262 0.933597 0.377849 
1533580413055 0.175258 0.93723 -0.301471 -0.603198 -0.951415 0.239971 0.192935 -0.254555 0.253169 0.253011 0.933751 0.377827 
1533580413071 0.175341 0.937243 -0.301381 -0.603183 -0.951442 0.239988 0.19278 -0.25456 0.25301 0.252944 0.933812 0.377807 
1533580413088 0.175381 0.937233 -0.301388 -0.603182 -0.951449 0.240013 0.192715 -0.254554 0.252956 0.252957 0.933823 0.377789 
1533580413105 0.175381 0.937228 -0.301405 -0.603183 -0.951447 0.240018 0.192718 -0.254547 0.252964 0.252972 0.933817 0.377791 
1533580413121 0.175339 0.93723 -0.301425 -0.603184 -0.951442 0.239995 0.192768 -0.254533 0.253008 0.252988 0.933801 0.377802 
1533580413138 0.175235 0.937202 -0.301572 -0.603202 -0.951423 0.239966 0.1929 -0.254507 0.253153 0.253119 0.933726 0.377825 
1533580413155 0.175159 0.937148 -0.301784 -0.603229 -0.951393 0.239981 0.193029 -0.254483 0.253319 0.253304 0.933631 0.377847 
1533580413171 0.174996 0.937099 -0.30203 -0.603251 -0.951376 0.239925 0.193181 -0.254462 0.253494 0.253539 0.93352 0.37789 
1533580413188 0.174803 0.93713 -0.302045 -0.603235 -0.9514 0.239758 0.193273 -0.254449 0.253539 0.253581 0.933496 0.377947 
1533580413205 0.174671 0.937176 -0.30198 -0.603199 -0.951432 0.239612 0.193294 -0.254435 0.253509 0.253551 0.933512 0.377982 
1533580413221 0.174517 0.937227 -0.301909 -0.603137 -0.951495 0.239418 0.193226 -0.25442 0.253379 0.253544 0.933549 0.378004 
1533580413238 0.17442 0.937256 -0.301876 -0.603094 -0.951544 0.239288 0.193146 -0.254408 0.253262 0.25356 0.933577 0.378005 
1533580413255 0.1744 0.937287 -0.301791 -0.603055 -0.951581 0.239219 0.193051 -0.254408 0.253138 0.253511 0.933624 0.377991 
1533580413271 0.174492 0.937303 -0.301688 -0.603026 -0.951594 0.239254 0.192943 -0.254447 0.253026 0.253418 0.933679 0.377965 
1533580413288 0.174588 0.9373 -0.301643 -0.60302 -0.951593 0.239318 0.192866 -0.254488 0.252962 0.25337 0.93371 0.377939 
1533580413305 0.174725 0.937285 -0.30161 -0.603028 -0.951582 0.239427 0.192786 -0.254543 0.252909 0.253322 0.933737 0.377901 
1533580413321 0.174894 0.937259 -0.30159 -0.603045 -0.951557 0.239577 0.192724 -0.254593 0.252886 0.253274 0.933756 0.377857 
1533580413345 0.175006 0.937245 -0.301569 -0.603061 -0.951517 0.239698 0.192772 -0.254612 0.25296 0.253211 0.933753 0.377821 
1533580413361 0.174998 0.937262 -0.301523 -0.603054 -0.951498 0.239701 0.19286 -0.254592 0.253036 0.253149 0.93375 0.377822 
1533580413378 0.17494 0.937307 -0.301416 -0.603033 -0.951491 0.239642 0.19297 -0.254548 0.253104 0.253036 0.933762 0.37784 
1533580413466 0.174427 0.937433 -0.301322 -0.602842 -0.951496 0.239227 0.193457 -0.254473 0.253437 0.252963 0.933691 0.37792 
1533580413493 0.174258 0.937261 -0.301953 -0.602821 -0.951415 0.23931 0.193752 -0.254576 0.253857 0.25352 0.933426 0.377901 
1533580413522 0.17419 0.937122 -0.302425 -0.602757 -0.951327 0.239444 0.194021 -0.254712 0.254235 0.253908 0.933218 0.377901 
1533580413566 0.174156 0.93705 -0.302666 -0.602654 -0.951226 0.239569 0.194361 -0.254822 0.254635 0.254055 0.933069 0.377935 
1533580413626 0.17365 0.937046 -0.302969 -0.602534 -0.951103 0.23937 0.195206 -0.254763 0.255439 0.254257 0.932794 0.377987 
1533580413663 0.173383 0.937006 -0.303246 -0.602396 -0.951016 0.239311 0.195701 -0.25477 0.255943 0.25446 0.9326 0.377991 
1533580413697 0.173211 0.936947 -0.303525 -0.602293 -0.950927 0.239327 0.196113 -0.254804 0.256389 0.254662 0.932423 0.377996 
1533580413710 0.173196 0.936913 -0.303641 -0.60226 -0.950886 0.23938 0.196245 -0.254839 0.25655 0.254739 0.932357 0.377994 
1533580413727 0.173204 0.936864 -0.303787 -0.602214 -0.950833 0.239469 0.196393 -0.254898 0.256742 0.254835 0.932278 0.377992 
1533580413743 0.173201 0.936822 -0.303917 -0.602178 -0.950791 0.239536 0.196518 -0.254943 0.256901 0.254924 0.93221 0.377989 
1533580413850 0.172648 0.936951 -0.303836 -0.602034 -0.950785 0.239104 0.19707 -0.254929 0.257293 0.254859 0.93212 0.378035 
1533580413863 0.172616 0.937038 -0.303583 -0.602001 -0.950816 0.238996 0.197053 -0.25493 0.257201 0.254637 0.932206 0.378041 
1533580413880 0.172577 0.937142 -0.303286 -0.601964 -0.950854 0.238866 0.197025 -0.25494 0.257085 0.254379 0.932308 0.378035 
1533580413934 0.17245 0.937276 -0.302944 -0.601915 -0.95091 0.238642 0.197029 -0.254974 0.256966 0.254095 0.932419 0.377975 
1533580413966 0.17222 0.937375 -0.302769 -0.601876 -0.95095 0.23839 0.19714 -0.25498 0.256972 0.253966 0.932452 0.377965 
1533580413994 0.172037 0.93745 -0.302639 -0.601824 -0.950966 0.238207 0.197284 -0.255013 0.257035 0.25386 0.932464 0.377945 
1533580414010 0.171946 0.937478 -0.302605 -0.601781 -0.950963 0.238134 0.197389 -0.255042 0.257108 0.253825 0.932453 0.377911 
1533580414027 0.171866 0.9375 -0.30258 -0.601727 -0.950954 0.238076 0.197499 -0.255076 0.257193 0.253797 0.932437 0.377876 
1533580414044 0.171743 0.937531 -0.302555 -0.601669 -0.95096 0.23797 0.197597 -0.25511 0.257252 0.253783 0.932425 0.377848 
1533580414060 0.171609 0.937565 -0.302526 -0.601615 -0.950973 0.237849 0.197682 -0.255148 0.257295 0.253771 0.932416 0.377833 
1533580414077 0.171505 0.937594 -0.302497 -0.601563 -0.950979 0.237758 0.197763 -0.25519 0.257342 0.253751 0.932408 0.377823 
1533580414094 0.171434 0.937616 -0.302467 -0.601531 -0.950979 0.237697 0.197836 -0.255206 0.25739 0.253724 0.932403 0.377822 
1533580414111 0.171422 0.93763 -0.302432 -0.601523 -0.95098 0.237679 0.197851 -0.255195 0.257393 0.253691 0.932411 0.37783 
1533580414206 0.171274 0.937693 -0.302319 -0.601467 -0.950971 0.237552 0.198048 -0.255157 0.257525 0.253577 0.932405 0.377878 
1533580414220 0.171064 0.937727 -0.302333 -0.601427 -0.950973 0.237392 0.19823 -0.255176 0.257657 0.2536 0.932363 0.377868 
1533580414237 0.170828 0.937764 -0.302352 -0.601366 -0.950977 0.237212 0.198427 -0.255211 0.257799 0.253633 0.932314 0.377851 
1533580414259 0.170594 0.937806 -0.302355 -0.601291 -0.950987 0.237024 0.198605 -0.255255 0.257918 0.253654 0.932276 0.377825 
1533580414276 0.170567 0.937815 -0.30234 -0.601241 -0.950966 0.23702 0.198708 -0.255283 0.258012 0.253622 0.932258 0.377808 
1533580414293 0.170555 0.937829 -0.302306 -0.601181 -0.950942 0.237027 0.198817 -0.255314 0.258111 0.253566 0.932246 0.377795 
1533580414313 0.170533 0.937845 -0.302267 -0.601115 -0.950919 0.237025 0.19893 -0.255353 0.25821 0.253507 0.932235 0.377784 
1533580414426 0.170207 0.937847 -0.302445 -0.60106 -0.951119 0.236616 0.198459 -0.255334 0.257687 0.253883 0.932277 0.377856 
1533580414441 0.170272 0.937803 -0.302543 -0.601051 -0.951135 0.236671 0.198317 -0.255269 0.257586 0.253991 0.932276 0.37784 
1533580414468 0.170435 0.937796 -0.302475 -0.601002 -0.951178 0.236739 0.19803 -0.255162 0.25732 0.253956 0.932359 0.377847 
1533580414549 0.170535 0.937807 -0.302383 -0.600798 -0.951341 0.236635 0.197368 -0.25522 0.256648 0.254012 0.932529 0.377867 
1533580414570 0.170536 0.937791 -0.302433 -0.600738 -0.951367 0.23662 0.197261 -0.255252 0.256551 0.254084 0.932536 0.377846 
1533580414586 0.170528 0.937781 -0.302467 -0.600678 -0.951394 0.236595 0.19716 -0.255274 0.256455 0.254144 0.932546 0.377832 
1533580414603 0.1705 0.937783 -0.302478 -0.600622 -0.95142 0.23655 0.19709 -0.255278 0.256379 0.25418 0.932557 0.377831 
1533580414620 0.17049 0.937785 -0.302478 -0.600578 -0.951433 0.236529 0.19705 -0.255272 0.256335 0.254192 0.932566 0.377837 
1533580414636 0.170478 0.937792 -0.302463 -0.600545 -0.951444 0.236505 0.197026 -0.255267 0.256303 0.254188 0.932576 0.377844 
1533580414653 0.1705 0.937785 -0.30247 -0.600535 -0.951445 0.236524 0.197 -0.255277 0.256285 0.254195 0.932579 0.37784 
1533580414670 0.170558 0.937765 -0.3025 -0.60055 -0.951435 0.236584 0.196975 -0.255297 0.256283 0.254214 0.932574 0.377823 
1533580414769 0.170569 0.937948 -0.301925 -0.600423 -0.951434 0.236473 0.197116 -0.255198 0.256281 0.25364 0.932731 0.377751 
1533580414784 0.170444 0.938009 -0.301809 -0.600345 -0.951463 0.236324 0.197155 -0.255137 0.256258 0.253557 0.93276 0.377735 
1533580414802 0.170345 0.938058 -0.301712 -0.600257 -0.951496 0.236195 0.197147 -0.255094 0.256198 0.253495 0.932793 0.377706 
1533580414823 0.170286 0.938086 -0.301656 -0.600179 -0.951523 0.236112 0.197119 -0.25507 0.25614 0.253466 0.932817 0.377671 
1533580414840 0.170332 0.938077 -0.301661 -0.600119 -0.951533 0.236137 0.197037 -0.255103 0.25607 0.253479 0.932833 0.377618 
1533580414856 0.170438 0.938051 -0.30168 -0.600066 -0.951534 0.236221 0.196932 -0.255167 0.255996 0.253494 0.932849 0.377573 
1533580414873 0.170518 0.938031 -0.301699 -0.600022 -0.951535 0.236286 0.196852 -0.255214 0.255941 0.25351 0.93286 0.37754 
