1535391923038 0.232767 0.912838 -0.335478 -0.472171 -0.934101 0.305861 0.184134 -0.163405 0.270694 0.27051 0.923877 0.474319 
1535391929148 0.232765 0.912839 -0.335478 -0.472171 -0.934101 0.305859 0.184137 -0.163404 0.270696 0.27051 0.923877 0.474319 
1535391930060 0.237895 0.913341 -0.330475 -0.487503 -0.933858 0.308628 0.180716 -0.171195 0.267049 0.265625 0.926352 0.464485 
1535391930989 0.242374 0.914118 -0.325028 -0.503205 -0.933666 0.310822 0.177927 -0.17873 0.263672 0.260343 0.928816 0.454413 
1535391931946 0.246494 0.914841 -0.319854 -0.518969 -0.933537 0.312773 0.175163 -0.186168 0.260288 0.255418 0.931135 0.444247 
1535391932896 0.250764 0.915473 -0.314686 -0.534762 -0.933373 0.314875 0.172244 -0.193684 0.256772 0.250527 0.933437 0.434001 
1535391933858 0.254867 0.916177 -0.309294 -0.550519 -0.933193 0.316849 0.169579 -0.201075 0.253364 0.245411 0.935724 0.423889 
1535391934813 0.25908 0.916743 -0.304073 -0.566299 -0.932983 0.318972 0.166731 -0.20861 0.249841 0.240498 0.937945 0.413696 
1535391934826 0.258885 0.91684 -0.303945 -0.566385 -0.933019 0.318781 0.166893 -0.208545 0.249906 0.24038 0.937958 0.413625 
1535391936695 0.267632 0.917846 -0.293143 -0.597761 -0.932469 0.323345 0.161091 -0.223636 0.242643 0.230233 0.9424 0.393392 
1535391937724 0.271549 0.918358 -0.28789 -0.613494 -0.932219 0.325336 0.158506 -0.231066 0.239226 0.225334 0.944455 0.383159 
1535391937757 0.2712 0.918575 -0.287525 -0.613601 -0.932308 0.324951 0.15877 -0.230957 0.239274 0.225004 0.944522 0.383085 
1535391938121 0.272242 0.918275 -0.287497 -0.614861 -0.93205 0.3259 0.158342 -0.231809 0.239097 0.224854 0.944602 0.382275 
1535391938504 0.272432 0.918382 -0.286976 -0.616474 -0.932113 0.325881 0.158012 -0.232511 0.238636 0.224446 0.944816 0.381216 
1535391938853 0.273111 0.918328 -0.286504 -0.618023 -0.932011 0.326358 0.157628 -0.233391 0.238257 0.223975 0.945023 0.380176 
1535391939228 0.273395 0.918418 -0.285943 -0.619647 -0.931975 0.326489 0.157569 -0.23408 0.238072 0.223413 0.945203 0.379126 
1535391939605 0.273628 0.918567 -0.285241 -0.62127 -0.932023 0.326482 0.157298 -0.234739 0.237615 0.22281 0.94546 0.378106 
1535391939965 0.274144 0.918561 -0.284764 -0.622823 -0.931955 0.326816 0.157007 -0.235601 0.237286 0.222344 0.945652 0.377043 
1535391940355 0.274437 0.918692 -0.28406 -0.624446 -0.931976 0.326876 0.156761 -0.236232 0.236867 0.221716 0.945905 0.376064 
1535391940699 0.274629 0.918842 -0.283386 -0.626044 -0.931999 0.32687 0.156634 -0.236949 0.236552 0.2211 0.946128 0.375052 
1535391941082 0.275184 0.918839 -0.282857 -0.627576 -0.931912 0.327239 0.156379 -0.237823 0.236249 0.220565 0.946328 0.373959 
1535391941120 0.275027 0.918919 -0.282752 -0.627692 -0.931974 0.327057 0.156392 -0.237782 0.236188 0.220506 0.946358 0.3739 
1535391941318 0.274355 0.918694 -0.284131 -0.628095 -0.932072 0.326742 0.156468 -0.237747 0.236584 0.221903 0.945932 0.373972 
1535391941612 0.273923 0.918233 -0.286034 -0.628428 -0.932029 0.326812 0.156576 -0.238017 0.237252 0.223702 0.945341 0.374169 
1535391941887 0.27301 0.917858 -0.288101 -0.629055 -0.932143 0.326437 0.156677 -0.238141 0.237854 0.225777 0.944696 0.374382 
1535391942183 0.272043 0.917503 -0.290138 -0.629649 -0.932253 0.326027 0.156882 -0.23822 0.238532 0.227803 0.944038 0.374591 
1535391942474 0.271117 0.917124 -0.292197 -0.630265 -0.932344 0.325666 0.15709 -0.238316 0.23923 0.229838 0.943368 0.374836 
1535391942754 0.27031 0.916705 -0.294252 -0.63088 -0.932403 0.325416 0.157255 -0.238451 0.239911 0.231854 0.942702 0.375039 
1535391943046 0.269295 0.916338 -0.29632 -0.631491 -0.932531 0.324963 0.157433 -0.238549 0.240555 0.233932 0.942024 0.375242 
1535391943413 0.268341 0.915937 -0.298416 -0.632109 -0.932624 0.324592 0.157648 -0.238639 0.241259 0.236007 0.941326 0.375466 
1535391943668 0.267424 0.915549 -0.300422 -0.632704 -0.932728 0.32422 0.157796 -0.238736 0.241873 0.238014 0.940663 0.375661 
1535391943806 0.266699 0.915476 -0.30129 -0.63311 -0.93281 0.323803 0.158167 -0.238634 0.242356 0.238863 0.940323 0.375957 
1535391943829 0.266698 0.915468 -0.301316 -0.633111 -0.932814 0.323803 0.158145 -0.23864 0.242344 0.238894 0.940319 0.375947 
1535391944045 0.266856 0.91555 -0.300926 -0.63298 -0.932845 0.323811 0.157945 -0.23877 0.242049 0.238569 0.940477 0.37575 
1535391944238 0.266332 0.9155 -0.301541 -0.633182 -0.933019 0.323394 0.157772 -0.238967 0.241957 0.239324 0.940309 0.375845 
1535391944439 0.265553 0.915559 -0.302048 -0.633509 -0.933216 0.322765 0.157894 -0.238942 0.242052 0.239946 0.940126 0.375938 
1535391944652 0.265162 0.915534 -0.302466 -0.633724 -0.933297 0.322495 0.157968 -0.239154 0.242169 0.240404 0.939979 0.376115 
1535391944856 0.264448 0.915499 -0.303198 -0.63404 -0.933496 0.321944 0.157912 -0.239151 0.242181 0.241275 0.939753 0.376159 
1535391945069 0.263938 0.915543 -0.303509 -0.63423 -0.933628 0.321526 0.157988 -0.239297 0.242231 0.241665 0.939639 0.376313 
1535391945281 0.26333 0.915522 -0.3041 -0.63453 -0.933786 0.321063 0.157997 -0.23937 0.242285 0.242359 0.939447 0.376462 
1535391945474 0.262733 0.915572 -0.304467 -0.634792 -0.93395 0.320562 0.15804 -0.239462 0.242297 0.242835 0.939321 0.376699 
1535391945711 0.262271 0.915471 -0.305166 -0.635096 -0.934058 0.320266 0.158006 -0.239623 0.242384 0.243603 0.939099 0.376773 
1535391945728 0.262226 0.915471 -0.305204 -0.635114 -0.934068 0.320233 0.158014 -0.23962 0.242394 0.243646 0.939086 0.376792 
1535391945917 0.26231 0.915762 -0.304258 -0.63492 -0.934056 0.320138 0.158278 -0.239527 0.24235 0.242676 0.939348 0.376794 
1535391946117 0.261993 0.915793 -0.304439 -0.635014 -0.934126 0.319886 0.158374 -0.239666 0.242424 0.242892 0.939273 0.376706 
1535391946280 0.261554 0.915994 -0.30421 -0.635105 -0.93421 0.319467 0.158719 -0.239728 0.242571 0.242683 0.939289 0.376771 
1535391946430 0.260969 0.916155 -0.304228 -0.635217 -0.934325 0.318963 0.159057 -0.239753 0.242758 0.242739 0.939226 0.376776 
1535391946569 0.260754 0.916322 -0.30391 -0.635291 -0.934344 0.318744 0.159386 -0.239928 0.242918 0.242396 0.939274 0.376919 
1535391946719 0.260506 0.916363 -0.303998 -0.635429 -0.934406 0.318531 0.159446 -0.240124 0.242943 0.242521 0.939235 0.376802 
1535391946874 0.25998 0.916499 -0.304041 -0.635516 -0.934521 0.318069 0.159693 -0.240205 0.243065 0.242616 0.939179 0.376858 
1535391947019 0.259637 0.91668 -0.303787 -0.635637 -0.934567 0.317748 0.160064 -0.240293 0.243255 0.242351 0.939198 0.376931 
1535391947143 0.259417 0.916714 -0.303871 -0.635744 -0.934611 0.317571 0.160159 -0.240392 0.243321 0.242453 0.939155 0.37692 
1535391947298 0.259275 0.916834 -0.303631 -0.635747 -0.934642 0.317402 0.160311 -0.240308 0.243352 0.242221 0.939206 0.376989 
1535391947313 0.259475 0.916792 -0.303587 -0.635725 -0.934578 0.317593 0.160308 -0.240258 0.243386 0.24213 0.939221 0.376984 
1535391947333 0.259666 0.916747 -0.303558 -0.635695 -0.934523 0.317772 0.160276 -0.240206 0.243395 0.242064 0.939236 0.376962 
1535391947482 0.260304 0.916518 -0.303705 -0.635623 -0.934411 0.318339 0.159804 -0.240255 0.243144 0.242188 0.939269 0.376769 
1535391947550 0.260599 0.916465 -0.303613 -0.635609 -0.934341 0.318591 0.159708 -0.240279 0.243095 0.242058 0.939315 0.376792 
1535391947641 0.260965 0.916495 -0.303208 -0.635562 -0.934283 0.318825 0.15958 -0.240303 0.242924 0.241637 0.939468 0.376801 
1535391947695 0.261279 0.91644 -0.303103 -0.63556 -0.934168 0.319133 0.159639 -0.240283 0.24303 0.241439 0.939491 0.376786 
1535391947802 0.261438 0.916398 -0.303092 -0.635567 -0.934122 0.319283 0.159606 -0.240265 0.243035 0.241398 0.9395 0.376751 
1535391947889 0.261739 0.916335 -0.303024 -0.63558 -0.934046 0.319549 0.159518 -0.240224 0.243003 0.241287 0.939537 0.376717 
1535391948033 0.262189 0.91628 -0.302801 -0.6356 -0.933953 0.319906 0.159351 -0.240119 0.242878 0.241022 0.939638 0.376658 
1535391948050 0.262236 0.916272 -0.302782 -0.635602 -0.933942 0.319946 0.159335 -0.240107 0.242868 0.240997 0.939646 0.376651 
1535391948229 0.262627 0.916219 -0.302605 -0.635381 -0.933837 0.320281 0.159273 -0.240109 0.242848 0.240754 0.939714 0.376716 
1535391948336 0.262826 0.916139 -0.302675 -0.635222 -0.933792 0.320472 0.159156 -0.239969 0.242807 0.240805 0.939711 0.376828 
1535391948447 0.263461 0.916049 -0.302395 -0.635042 -0.933662 0.320979 0.158894 -0.239887 0.242618 0.240472 0.939846 0.376933 
1535391948595 0.264162 0.915904 -0.302223 -0.634816 -0.933495 0.321585 0.158648 -0.23987 0.242497 0.240215 0.939943 0.376947 
1535391948722 0.264513 0.915896 -0.30194 -0.634659 -0.933432 0.321835 0.158513 -0.239616 0.242356 0.239912 0.940056 0.376981 
1535391948835 0.265274 0.915731 -0.301773 -0.63449 -0.933245 0.322501 0.158261 -0.239585 0.242247 0.239645 0.940152 0.377 
1535391948959 0.266015 0.915578 -0.301584 -0.634245 -0.933128 0.323081 0.157766 -0.239628 0.241883 0.239448 0.940296 0.377039 
1535391949089 0.266353 0.915544 -0.30139 -0.634077 -0.933047 0.323354 0.157689 -0.239406 0.241827 0.23921 0.940371 0.377113 
1535391949125 0.266474 0.915528 -0.301331 -0.634022 -0.933018 0.323454 0.157654 -0.239367 0.241803 0.239137 0.940396 0.377125 
1535391949173 0.26697 0.915412 -0.301243 -0.63394 -0.932873 0.323914 0.157566 -0.239322 0.241815 0.238956 0.940439 0.377133 
1535391949366 0.266496 0.915565 -0.301199 -0.633616 -0.933038 0.323426 0.157594 -0.239157 0.241704 0.239032 0.940448 0.377349 
1535391949543 0.266709 0.915431 -0.301418 -0.633245 -0.932994 0.32365 0.157396 -0.239091 0.241639 0.239242 0.940412 0.377399 
1535391949724 0.267007 0.915386 -0.301291 -0.632847 -0.932933 0.323888 0.157266 -0.239014 0.241543 0.239094 0.940474 0.377537 
1535391949902 0.267085 0.91533 -0.30139 -0.632529 -0.932888 0.324002 0.157299 -0.238857 0.241632 0.239151 0.940437 0.377697 
1535391950092 0.26743 0.915282 -0.301231 -0.632129 -0.932805 0.324288 0.157202 -0.238779 0.241569 0.23895 0.940504 0.377842 
1535391950281 0.267366 0.915275 -0.301309 -0.631826 -0.932885 0.324178 0.156952 -0.238532 0.241332 0.239123 0.940521 0.377887 
1535391950460 0.267614 0.915198 -0.301324 -0.631464 -0.932794 0.324437 0.156959 -0.238473 0.24141 0.239069 0.940514 0.378081 
1535391950646 0.267881 0.915095 -0.301398 -0.631079 -0.93275 0.324672 0.156736 -0.238436 0.241284 0.239142 0.940528 0.378119 
1535391950680 0.26789 0.915105 -0.301359 -0.630973 -0.932751 0.32467 0.156734 -0.238353 0.24127 0.239105 0.940541 0.378166 
1535391950736 0.267852 0.915124 -0.301334 -0.630884 -0.93277 0.324622 0.15672 -0.238255 0.241238 0.239098 0.940551 0.378234 
1535391950963 0.267864 0.915162 -0.30121 -0.630422 -0.932718 0.324659 0.15695 -0.238014 0.241425 0.238903 0.940553 0.378425 
1535391951171 0.267901 0.915097 -0.301373 -0.62997 -0.932633 0.324797 0.157171 -0.237838 0.241712 0.238964 0.940463 0.378541 
1535391951377 0.268016 0.915012 -0.301529 -0.629501 -0.932574 0.324958 0.157186 -0.237633 0.241811 0.23907 0.940411 0.378647 
1535391951590 0.267859 0.915068 -0.3015 -0.629084 -0.932553 0.32487 0.157495 -0.237369 0.242067 0.238978 0.940369 0.378828 
1535391951794 0.268056 0.91498 -0.301591 -0.628634 -0.932403 0.325165 0.157773 -0.237187 0.242426 0.238912 0.940293 0.379008 
1535391951985 0.268086 0.915004 -0.301493 -0.628146 -0.932405 0.325166 0.157759 -0.237045 0.242385 0.238821 0.940327 0.379185 
1535391952192 0.268027 0.914996 -0.301567 -0.627721 -0.932362 0.325182 0.157982 -0.236698 0.242617 0.238826 0.940265 0.379283 
1535391952393 0.268111 0.914931 -0.30169 -0.627268 -0.932322 0.325298 0.157975 -0.236577 0.242676 0.238918 0.940227 0.379417 
1535391952425 0.267992 0.914964 -0.301697 -0.627173 -0.932334 0.325208 0.158093 -0.23646 0.242764 0.238915 0.940205 0.379461 
1535391952446 0.268037 0.914937 -0.301739 -0.627114 -0.932303 0.325276 0.158135 -0.236428 0.242832 0.238926 0.940184 0.379473 
1535391952779 0.26806 0.914757 -0.302264 -0.626682 -0.932152 0.325531 0.158502 -0.23641 0.243387 0.239267 0.939954 0.379599 
1535391952971 0.267694 0.914785 -0.302503 -0.626332 -0.93211 0.325368 0.159079 -0.236114 0.243948 0.239382 0.93978 0.379695 
1535391953176 0.267761 0.914658 -0.302827 -0.625907 -0.931939 0.325638 0.159532 -0.236029 0.244529 0.2395 0.939598 0.37985 
1535391953381 0.267694 0.914575 -0.303139 -0.625499 -0.931804 0.325779 0.16003 -0.235881 0.245115 0.239628 0.939413 0.379977 
1535391953569 0.267487 0.914497 -0.303555 -0.625143 -0.931701 0.325815 0.160558 -0.235673 0.245732 0.239875 0.939189 0.380101 
1535391953768 0.267426 0.914412 -0.303864 -0.624739 -0.931568 0.325957 0.16104 -0.235516 0.246303 0.240004 0.939006 0.380257 
1535391953951 0.267346 0.914363 -0.304082 -0.624339 -0.931453 0.326054 0.161506 -0.235367 0.246822 0.24006 0.938856 0.380397 
1535391954159 0.267328 0.914275 -0.304363 -0.623924 -0.931307 0.326234 0.161986 -0.235224 0.247393 0.240152 0.938682 0.380547 
1535391954189 0.267198 0.914298 -0.304408 -0.623838 -0.931311 0.326151 0.162131 -0.235127 0.247519 0.240178 0.938642 0.380592 
1535391954206 0.267179 0.914291 -0.304446 -0.623791 -0.931297 0.326157 0.162194 -0.235101 0.24759 0.240195 0.938619 0.380611 
1535391954415 0.267493 0.914171 -0.30453 -0.62355 -0.931228 0.326451 0.162003 -0.234907 0.247513 0.240251 0.938625 0.380742 
1535391954577 0.268012 0.913995 -0.304603 -0.623182 -0.931147 0.326891 0.161581 -0.234884 0.247256 0.240325 0.938674 0.380754 
1535391954757 0.26824 0.913915 -0.304641 -0.622875 -0.931084 0.327111 0.161496 -0.234692 0.247245 0.240327 0.938676 0.380926 
1535391954947 0.268412 0.913795 -0.304849 -0.62258 -0.931099 0.327249 0.16113 -0.234496 0.247001 0.240596 0.938671 0.380959 
1535391955124 0.268694 0.913711 -0.304853 -0.622251 -0.931007 0.327528 0.161096 -0.234361 0.247044 0.240535 0.938676 0.381099 
1535391955295 0.268989 0.913598 -0.304931 -0.621948 -0.930904 0.32784 0.161054 -0.23419 0.247107 0.24054 0.938658 0.381229 
1535391955461 0.269323 0.913431 -0.305138 -0.621613 -0.930831 0.328171 0.160804 -0.234088 0.247021 0.240724 0.938633 0.381263 
1535391955628 0.269484 0.913294 -0.305407 -0.621347 -0.930795 0.328361 0.160625 -0.23388 0.246982 0.240985 0.938577 0.38132 
1535391955656 0.269395 0.913345 -0.305332 -0.621272 -0.930833 0.328251 0.160628 -0.233782 0.246934 0.24094 0.938601 0.381353 
1535391955671 0.269379 0.913359 -0.305303 -0.621233 -0.930845 0.328224 0.160615 -0.233753 0.246907 0.240924 0.938612 0.38137 
1535391955711 0.269444 0.913355 -0.305258 -0.621124 -0.930839 0.328265 0.160563 -0.233737 0.246857 0.240884 0.938636 0.381425 
1535391955907 0.269543 0.913381 -0.305093 -0.620902 -0.930795 0.328345 0.160657 -0.233623 0.246917 0.240675 0.938673 0.38152 
1535391956047 0.270145 0.913234 -0.305 -0.620583 -0.930598 0.328923 0.160615 -0.233716 0.247001 0.240443 0.938711 0.381575 
1535391956132 0.269864 0.913377 -0.304821 -0.620396 -0.930681 0.328623 0.160748 -0.23348 0.246995 0.240311 0.938746 0.381646 
1535391956264 0.269831 0.913393 -0.304802 -0.62019 -0.930667 0.328611 0.160853 -0.233302 0.247083 0.240266 0.938734 0.381698 
1535391956358 0.270126 0.91334 -0.3047 -0.619939 -0.930561 0.328894 0.160891 -0.23326 0.247162 0.240081 0.938761 0.381764 
1535391956494 0.270207 0.913393 -0.30447 -0.619603 -0.930569 0.328899 0.160831 -0.23321 0.247041 0.239873 0.938846 0.381806 
1535391956582 0.270215 0.91341 -0.304409 -0.61944 -0.930551 0.328912 0.160908 -0.233086 0.247099 0.239788 0.938852 0.381855 
1535391956639 0.270374 0.913351 -0.304446 -0.619363 -0.93049 0.329083 0.160911 -0.233099 0.247157 0.239778 0.93884 0.381868 
1535391956655 0.270435 0.91333 -0.304456 -0.619318 -0.930464 0.329151 0.160922 -0.233098 0.247187 0.239766 0.938835 0.38188 
1535391956713 0.270354 0.913384 -0.304367 -0.6192 -0.930479 0.329067 0.16101 -0.23299 0.247221 0.239677 0.938849 0.381934 
1535391956857 0.270213 0.913449 -0.304294 -0.619035 -0.930552 0.328889 0.160949 -0.232719 0.247098 0.239671 0.938882 0.382003 
1535391956933 0.27029 0.913452 -0.304219 -0.618785 -0.930597 0.328884 0.160702 -0.232678 0.246846 0.239669 0.938949 0.382049 
1535391957057 0.270385 0.913443 -0.304161 -0.618527 -0.93064 0.328895 0.16043 -0.232609 0.246581 0.239687 0.939014 0.382045 
1535391957147 0.270581 0.913368 -0.304213 -0.61831 -0.93056 0.329113 0.160445 -0.23251 0.246665 0.239675 0.938995 0.382153 
1535391957277 0.270423 0.913499 -0.303958 -0.618124 -0.930654 0.328871 0.160396 -0.232249 0.246485 0.239505 0.939086 0.382236 
1535391957355 0.270437 0.913484 -0.303993 -0.617906 -0.930666 0.328875 0.160317 -0.23216 0.246423 0.23956 0.939088 0.382312 
1535391957480 0.270669 0.913465 -0.303843 -0.617641 -0.93064 0.32903 0.160154 -0.232103 0.246269 0.239419 0.939165 0.382382 
1535391957503 0.270744 0.913454 -0.303809 -0.617567 -0.930616 0.329097 0.160154 -0.232081 0.246276 0.239369 0.939176 0.382409 
1535391957520 0.270818 0.913436 -0.303797 -0.617508 -0.930591 0.329168 0.16015 -0.232062 0.246287 0.239339 0.93918 0.382427 
1535391957537 0.270889 0.913414 -0.303798 -0.617457 -0.930567 0.32924 0.160144 -0.232046 0.2463 0.239324 0.939181 0.382443 
1535391957708 0.27043 0.91345 -0.3041 -0.617353 -0.930636 0.328918 0.160403 -0.231966 0.246544 0.239629 0.939039 0.382434 
1535391957763 0.270288 0.913494 -0.304093 -0.617154 -0.930613 0.328845 0.160689 -0.231896 0.246788 0.239561 0.938992 0.382511 
1535391957873 0.270492 0.913355 -0.304331 -0.617008 -0.930399 0.32923 0.161135 -0.231766 0.247368 0.239564 0.938839 0.38255 
1535391957926 0.270215 0.913451 -0.304288 -0.61684 -0.930411 0.329026 0.161484 -0.231593 0.247626 0.239478 0.938793 0.382642 
1535391958046 0.270462 0.913324 -0.30445 -0.616595 -0.930242 0.329383 0.161729 -0.231704 0.247992 0.23947 0.938698 0.382707 
1535391958092 0.270147 0.91339 -0.304533 -0.616467 -0.930267 0.329163 0.162034 -0.231513 0.248241 0.239524 0.938619 0.382757 
1535391958231 0.270253 0.913276 -0.30478 -0.616289 -0.930113 0.329426 0.162381 -0.231436 0.248701 0.239596 0.938478 0.382755 
1535391958261 0.270074 0.913315 -0.30482 -0.6162 -0.930129 0.329298 0.162552 -0.23133 0.248838 0.23962 0.938436 0.382798 
1535391958279 0.270024 0.913322 -0.304843 -0.616151 -0.930124 0.329273 0.162628 -0.231294 0.248908 0.239628 0.938415 0.382816 
1535391958295 0.269996 0.913321 -0.304873 -0.616111 -0.930116 0.329268 0.162688 -0.231273 0.248971 0.239642 0.938395 0.382828 
1535391958473 0.270464 0.913269 -0.304613 -0.615879 -0.930052 0.329596 0.162386 -0.231206 0.248702 0.239387 0.938532 0.382931 
1535391958528 0.270414 0.913384 -0.304312 -0.615686 -0.930212 0.329356 0.161959 -0.231033 0.248158 0.239279 0.938703 0.382961 
1535391958663 0.270634 0.913306 -0.30435 -0.615474 -0.93014 0.32958 0.161918 -0.230944 0.248188 0.239268 0.938698 0.383064 
1535391958723 0.270747 0.913342 -0.304141 -0.615262 -0.930141 0.329618 0.161835 -0.230836 0.248061 0.239077 0.93878 0.383173 
1535391958859 0.270881 0.913321 -0.304087 -0.61503 -0.930178 0.329662 0.161532 -0.230775 0.247777 0.239099 0.93885 0.383179 
1535391958922 0.27095 0.91336 -0.303908 -0.614841 -0.930163 0.329691 0.161557 -0.230571 0.247755 0.23891 0.938903 0.383242 
1535391959046 0.27107 0.913316 -0.303932 -0.614621 -0.93023 0.329711 0.161132 -0.230529 0.247374 0.239048 0.938969 0.383282 
1535391959069 0.271054 0.913352 -0.303838 -0.614545 -0.930236 0.329678 0.161165 -0.23045 0.247369 0.238957 0.938993 0.383324 
1535391959085 0.271089 0.913361 -0.303781 -0.614489 -0.930228 0.329699 0.161168 -0.230419 0.247361 0.238895 0.939011 0.383349 
1535391959261 0.271377 0.913303 -0.303699 -0.614275 -0.930183 0.329921 0.160972 -0.230393 0.247213 0.238811 0.939071 0.383371 
1535391959413 0.271622 0.913352 -0.303329 -0.61391 -0.930064 0.330134 0.161219 -0.230342 0.247389 0.238325 0.939148 0.38345 
1535391959570 0.271762 0.913442 -0.302935 -0.613614 -0.930001 0.330218 0.16141 -0.230125 0.247473 0.237865 0.939243 0.383571 
1535391959691 0.271699 0.913579 -0.302577 -0.613319 -0.930032 0.330084 0.161509 -0.229961 0.247427 0.237525 0.939341 0.383682 
1535391959834 0.272061 0.913505 -0.302474 -0.613008 -0.92989 0.330445 0.161588 -0.229856 0.247562 0.237306 0.939361 0.383764 
1535391959954 0.272246 0.913534 -0.30222 -0.612657 -0.929865 0.330548 0.161522 -0.229842 0.247454 0.23705 0.939454 0.383818 
1535391960171 0.272543 0.913695 -0.301466 -0.612061 -0.929724 0.330749 0.16192 -0.229415 0.247655 0.23615 0.939628 0.384026 
1535391960201 0.272525 0.91375 -0.301317 -0.611928 -0.929723 0.330711 0.162004 -0.229345 0.24768 0.235991 0.939661 0.384083 
1535391960291 0.272846 0.913627 -0.301399 -0.611788 -0.929618 0.331041 0.161929 -0.229428 0.247719 0.236004 0.939648 0.384039 
1535391960503 0.272628 0.913813 -0.301032 -0.611728 -0.929667 0.330783 0.162176 -0.229173 0.247775 0.235645 0.939723 0.384166 
1535391960652 0.273151 0.913633 -0.301103 -0.611391 -0.929554 0.331255 0.16186 -0.229246 0.247623 0.23568 0.939754 0.384063 
1535391960789 0.27337 0.913653 -0.300845 -0.611131 -0.929454 0.331452 0.162033 -0.229056 0.247758 0.235326 0.939807 0.384187 
1535391960925 0.273407 0.913702 -0.30066 -0.610827 -0.929476 0.331423 0.161966 -0.228954 0.247635 0.235174 0.939878 0.384203 
1535391961075 0.27362 0.913707 -0.300452 -0.610538 -0.92942 0.331583 0.161963 -0.228815 0.247612 0.23493 0.939945 0.384236 
1535391961250 0.27406 0.913694 -0.300092 -0.610181 -0.929288 0.33194 0.161985 -0.228791 0.247617 0.234478 0.940056 0.384299 
1535391961384 0.274148 0.913691 -0.300019 -0.609932 -0.929236 0.332036 0.16209 -0.228586 0.247717 0.234352 0.940061 0.384331 
1535391961528 0.274426 0.913713 -0.299699 -0.609591 -0.929171 0.332228 0.162068 -0.228519 0.247652 0.233996 0.940167 0.38439 
1535391961588 0.274568 0.913707 -0.299587 -0.609465 -0.92912 0.332352 0.162107 -0.228481 0.247686 0.233843 0.940196 0.384431 
1535391961605 0.274571 0.913724 -0.299531 -0.609428 -0.929118 0.332346 0.162132 -0.228445 0.247692 0.233783 0.94021 0.384448 
1535391961770 0.274738 0.913714 -0.299409 -0.609336 -0.929087 0.332465 0.162063 -0.228413 0.247622 0.233652 0.940261 0.384425 
1535391961977 0.275122 0.913898 -0.298495 -0.609039 -0.929064 0.332583 0.161951 -0.228172 0.247281 0.232765 0.94057 0.384455 
1535391962197 0.275343 0.914081 -0.297729 -0.608798 -0.929079 0.332583 0.161868 -0.227904 0.24698 0.232045 0.940827 0.384506 
1535391962412 0.275819 0.914154 -0.297064 -0.608445 -0.929031 0.332831 0.161632 -0.227844 0.246629 0.231401 0.941078 0.384503 
1535391962614 0.276101 0.914316 -0.296301 -0.608209 -0.929028 0.33289 0.161526 -0.227585 0.246322 0.230675 0.941337 0.384528 
1535391962803 0.276322 0.914451 -0.295676 -0.607932 -0.929031 0.332926 0.161437 -0.227391 0.246065 0.230084 0.941549 0.384518 
1535391963024 0.276911 0.914515 -0.294929 -0.607612 -0.928921 0.333295 0.161309 -0.2273 0.245818 0.229297 0.941805 0.384601 
1535391963218 0.277161 0.914671 -0.294209 -0.607349 -0.928926 0.333332 0.161203 -0.227051 0.245517 0.228619 0.942048 0.384621 
1535391963553 0.277689 0.914764 -0.29342 -0.60701 -0.928863 0.333609 0.160991 -0.226963 0.245157 0.227841 0.94233 0.384654 
1535391963574 0.277697 0.914746 -0.29347 -0.607034 -0.928858 0.333628 0.160984 -0.226978 0.245169 0.227887 0.942316 0.384642 
1535391963779 0.277335 0.915012 -0.292982 -0.60698 -0.928987 0.333177 0.161171 -0.226776 0.245088 0.227478 0.942436 0.384698 
1535391963934 0.277764 0.915166 -0.292091 -0.606666 -0.929005 0.333294 0.160823 -0.226691 0.244532 0.226684 0.942772 0.38464 
1535391964008 0.277808 0.915401 -0.291314 -0.606477 -0.92906 0.333136 0.160833 -0.226508 0.244274 0.225968 0.943011 0.384746 
1535391964137 0.278411 0.915481 -0.290484 -0.606152 -0.928993 0.333461 0.160546 -0.226543 0.243842 0.22516 0.943315 0.384742 
1535391964233 0.278539 0.915698 -0.289677 -0.60591 -0.929029 0.333374 0.16052 -0.226352 0.243559 0.224407 0.943568 0.384803 
1535391964384 0.278761 0.915876 -0.288899 -0.605679 -0.929072 0.333349 0.160323 -0.226195 0.24314 0.223716 0.94384 0.38475 
1535391964492 0.278938 0.916057 -0.288156 -0.605443 -0.929141 0.333276 0.160078 -0.22608 0.242676 0.223085 0.944109 0.384772 
1535391964582 0.279089 0.916141 -0.287739 -0.60526 -0.929168 0.333281 0.159909 -0.226042 0.242398 0.222729 0.944264 0.384765 
1535391964611 0.279152 0.916174 -0.287576 -0.6052 -0.929166 0.333297 0.159885 -0.226027 0.242331 0.222574 0.944318 0.384768 
1535391964615 0.279184 0.916183 -0.287513 -0.605175 -0.929162 0.333312 0.159878 -0.226023 0.242309 0.222511 0.944338 0.384769 
1535391964820 0.279304 0.916459 -0.286517 -0.604951 -0.929139 0.33324 0.160162 -0.225788 0.242261 0.22148 0.944593 0.384829 
1535391964988 0.279537 0.916622 -0.285767 -0.604691 -0.929132 0.333274 0.160129 -0.225646 0.242016 0.220754 0.944826 0.384754 
1535391965157 0.279716 0.916785 -0.28507 -0.604433 -0.929109 0.333295 0.160218 -0.225505 0.241898 0.220046 0.945021 0.384774 
1535391965332 0.279892 0.916987 -0.284246 -0.604127 -0.929107 0.333274 0.160275 -0.225416 0.241702 0.219235 0.94526 0.384759 
1535391965507 0.280131 0.917186 -0.283365 -0.603837 -0.929108 0.333282 0.160252 -0.225246 0.241421 0.218385 0.945528 0.384724 
1535391965682 0.280358 0.917376 -0.282525 -0.603586 -0.929095 0.333303 0.160287 -0.225061 0.24121 0.217555 0.945774 0.384687 
1535391965827 0.280289 0.917597 -0.281876 -0.60334 -0.929139 0.333102 0.160449 -0.224834 0.241121 0.21693 0.94594 0.384662 
1535391965996 0.280605 0.917746 -0.281075 -0.603089 -0.929108 0.333208 0.160409 -0.224793 0.240871 0.216138 0.946185 0.384708 
1535391966207 0.280126 0.917409 -0.282648 -0.603181 -0.928951 0.333295 0.161136 -0.22472 0.242032 0.217427 0.945593 0.384757 
1535391966409 0.279214 0.917085 -0.284595 -0.603065 -0.928864 0.333091 0.162057 -0.224824 0.243416 0.219102 0.944851 0.38487 
1535391966618 0.27867 0.916753 -0.286195 -0.602825 -0.92859 0.333248 0.163298 -0.224848 0.245077 0.220252 0.944154 0.385122 
1535391966822 0.27817 0.916405 -0.287792 -0.602598 -0.928305 0.333446 0.16451 -0.224897 0.24672 0.221397 0.943458 0.385376 
1535391967041 0.277342 0.916126 -0.289472 -0.60236 -0.928171 0.3333 0.165557 -0.224873 0.248152 0.222764 0.94276 0.385484 
1535391967251 0.27666 0.91581 -0.291121 -0.602155 -0.927967 0.333314 0.166671 -0.224874 0.249674 0.22404 0.942056 0.385676 
1535391967460 0.27609 0.915436 -0.292835 -0.601917 -0.92772 0.333458 0.167757 -0.224961 0.251219 0.225353 0.941332 0.385871 
1535391967658 0.275335 0.915127 -0.294505 -0.601702 -0.927489 0.333453 0.169036 -0.224906 0.252893 0.226609 0.940582 0.386091 
1535391967866 0.274774 0.914765 -0.296149 -0.601487 -0.927226 0.333608 0.170168 -0.224944 0.254462 0.22784 0.939861 0.386294 
1535391967897 0.274479 0.914695 -0.296638 -0.601399 -0.927232 0.333491 0.170364 -0.224921 0.254757 0.228291 0.939671 0.386317 
1535391967913 0.274391 0.914657 -0.296837 -0.601372 -0.927226 0.333473 0.170434 -0.224927 0.254876 0.228469 0.939596 0.386313 
1535391967930 0.274386 0.914631 -0.296921 -0.601355 -0.927212 0.333498 0.170462 -0.224956 0.254933 0.228536 0.939564 0.386308 
1535391968111 0.274538 0.914667 -0.296669 -0.601433 -0.927137 0.333622 0.170624 -0.224939 0.25504 0.228211 0.939614 0.386281 
1535391968173 0.274498 0.914699 -0.29661 -0.601439 -0.927192 0.333534 0.170497 -0.224922 0.254883 0.228213 0.939656 0.386262 
1535391968302 0.274393 0.914606 -0.296994 -0.601389 -0.927161 0.333562 0.170612 -0.224961 0.255108 0.228546 0.939514 0.386364 
1535391968403 0.27434 0.914536 -0.297256 -0.601338 -0.927117 0.333614 0.17075 -0.225004 0.255325 0.228748 0.939406 0.386429 
1535391968507 0.274297 0.914519 -0.297348 -0.601281 -0.927052 0.33366 0.171012 -0.225007 0.255607 0.228749 0.939329 0.38649 
1535391968532 0.274252 0.9145 -0.297448 -0.601271 -0.927034 0.333664 0.171104 -0.224999 0.255723 0.228819 0.93928 0.386505 
1535391968885 0.273852 0.91434 -0.298307 -0.601199 -0.926906 0.333664 0.171794 -0.224926 0.256612 0.229456 0.938882 0.386531 
1535391969841 0.267266 0.915444 -0.300884 -0.587168 -0.929009 0.327719 0.171878 -0.218798 0.25595 0.233587 0.938044 0.396149 
1535391970813 0.26031 0.916133 -0.304859 -0.572936 -0.93104 0.321804 0.172067 -0.212604 0.255741 0.239045 0.936725 0.405763 
1535391971733 0.253937 0.916599 -0.308809 -0.558575 -0.932848 0.316453 0.172197 -0.206732 0.255559 0.244345 0.935407 0.415566 
1535391972642 0.247296 0.91707 -0.312773 -0.544317 -0.934719 0.310822 0.17231 -0.200624 0.255237 0.249743 0.934068 0.425265 
1535391972656 0.247481 0.916987 -0.312871 -0.544209 -0.934678 0.311007 0.172194 -0.200707 0.255205 0.24982 0.934056 0.425341 
1535391973921 0.234476 0.917733 -0.320603 -0.515658 -0.938163 0.300032 0.172714 -0.188738 0.254697 0.260281 0.931334 0.444786 
1535391974784 0.227795 0.918025 -0.324559 -0.501364 -0.939875 0.294409 0.173083 -0.182664 0.254448 0.265618 0.929894 0.454544 
1535391975648 0.221307 0.918215 -0.328489 -0.48709 -0.941546 0.288914 0.173262 -0.176669 0.253997 0.270944 0.92848 0.464286 
1535391976499 0.214641 0.918411 -0.332339 -0.472744 -0.943245 0.283207 0.173441 -0.170708 0.253412 0.27625 0.927075 0.474073 
