1533288960588 -0.40354 0.757092 -0.513777 -0.507488 -0.911766 -0.28585 0.294912 -0.26914 0.0764124 0.587453 0.805642 0.410743 
1533288965503 -0.403538 0.757091 -0.51378 -0.507488 -0.911767 -0.285849 0.29491 -0.269141 0.0764105 0.587456 0.805641 0.410742 
1533288966581 -0.351619 0.792486 -0.498326 -0.518392 -0.930355 -0.23672 0.280005 -0.26406 0.103937 0.562076 0.820529 0.407699 
1533288968066 -0.2422 0.852409 -0.463398 -0.54021 -0.957951 -0.134361 0.253529 -0.253784 0.153848 0.505317 0.849109 0.401631 
1533288969152 -0.185101 0.876656 -0.444086 -0.551098 -0.966845 -0.0815609 0.241987 -0.248741 0.175919 0.474155 0.862688 0.398585 
1533288970184 -0.127045 0.896789 -0.423828 -0.561994 -0.972367 -0.0282288 0.231743 -0.243578 0.195861 0.441558 0.875594 0.395522 
1533288971645 -0.00822679 0.924804 -0.380356 -0.583803 -0.973327 0.0798064 0.215095 -0.233345 0.229275 0.37198 0.89948 0.389444 
1533288973023 0.112008 0.935914 -0.333944 -0.604476 -0.960841 0.18772 0.203829 -0.223067 0.253454 0.298037 0.920291 0.383639 
1533288973090 0.112114 0.935925 -0.333879 -0.604492 -0.960813 0.187821 0.203866 -0.223072 0.253513 0.297939 0.920306 0.383637 
1533288973468 0.11791 0.936025 -0.331595 -0.605671 -0.959894 0.192969 0.203389 -0.222548 0.254365 0.294314 0.921237 0.383266 
1533288973821 0.123985 0.936085 -0.3292 -0.606875 -0.958834 0.198435 0.20313 -0.222046 0.255471 0.290462 0.922153 0.382961 
1533288974184 0.130009 0.936133 -0.32673 -0.608082 -0.957852 0.203714 0.202533 -0.221492 0.256157 0.286628 0.923162 0.382573 
1533288974541 0.136015 0.936191 -0.32411 -0.609269 -0.95675 0.209043 0.202311 -0.22096 0.257155 0.282575 0.924134 0.382372 
1533288974908 0.141987 0.936076 -0.321872 -0.61047 -0.955661 0.214375 0.20188 -0.220472 0.257976 0.278936 0.92501 0.381923 
1533288975267 0.14814 0.935968 -0.319404 -0.611679 -0.954507 0.219828 0.201474 -0.220012 0.258787 0.275027 0.925953 0.381629 
1533288975646 0.154336 0.935834 -0.316853 -0.612874 -0.953318 0.225295 0.201065 -0.219522 0.259549 0.27103 0.926918 0.381329 
1533288975993 0.160119 0.935677 -0.314436 -0.614064 -0.95212 0.230447 0.200904 -0.218938 0.260442 0.267212 0.927776 0.380962 
1533288976357 0.166074 0.935451 -0.31201 -0.615161 -0.950894 0.235721 0.200592 -0.218406 0.261191 0.263375 0.928662 0.380665 
1533288976371 0.166129 0.935448 -0.311992 -0.615161 -0.950889 0.235764 0.200564 -0.218411 0.261173 0.263351 0.928674 0.380657 
1533288976713 0.166617 0.934556 -0.314396 -0.614773 -0.951592 0.235928 0.197002 -0.218089 0.258284 0.266353 0.928626 0.381089 
1533288976982 0.166699 0.934168 -0.315501 -0.614635 -0.951914 0.235889 0.195488 -0.21778 0.257041 0.267742 0.928571 0.381382 
1533288977229 0.166903 0.933738 -0.316665 -0.614431 -0.952262 0.235921 0.193749 -0.217612 0.255619 0.269211 0.928539 0.381543 
1533288977548 0.16744 0.932809 -0.319109 -0.614059 -0.952907 0.23614 0.190278 -0.217282 0.252847 0.272222 0.92842 0.381966 
1533288977819 0.167543 0.932365 -0.320351 -0.613906 -0.953254 0.236094 0.188589 -0.216996 0.251467 0.273779 0.928337 0.382167 
1533288978072 0.167814 0.931922 -0.321498 -0.613721 -0.953578 0.236172 0.186845 -0.216828 0.250054 0.275218 0.928293 0.382442 
1533288978323 0.168095 0.93146 -0.322686 -0.613556 -0.953912 0.236249 0.185037 -0.216693 0.248589 0.27671 0.928243 0.382566 
1533288978336 0.168143 0.931446 -0.3227 -0.613539 -0.953911 0.236289 0.184992 -0.216715 0.248561 0.276722 0.928247 0.382567 
1533288978558 0.167726 0.93132 -0.323281 -0.613398 -0.95412 0.235862 0.184458 -0.216586 0.248039 0.277511 0.928151 0.382621 
1533288978785 0.167511 0.931187 -0.323775 -0.613235 -0.954323 0.235572 0.183776 -0.216541 0.247402 0.278201 0.928114 0.382785 
1533288978999 0.167358 0.931056 -0.32423 -0.613059 -0.95449 0.23536 0.183178 -0.216516 0.24686 0.278819 0.928074 0.38291 
1533288979242 0.16722 0.93073 -0.325236 -0.612705 -0.954765 0.235143 0.18202 -0.216526 0.245888 0.280087 0.927949 0.383153 
1533288979468 0.166967 0.930598 -0.325746 -0.612553 -0.954977 0.234814 0.18133 -0.216434 0.245235 0.280804 0.927906 0.383314 
1533288979700 0.166696 0.930512 -0.326128 -0.612367 -0.955181 0.234454 0.18072 -0.216385 0.244624 0.281386 0.927891 0.383464 
1533288979900 0.166635 0.930312 -0.32673 -0.612188 -0.955301 0.234388 0.180173 -0.216424 0.244198 0.282103 0.927785 0.383551 
1533288980110 0.166376 0.930185 -0.327224 -0.612059 -0.955498 0.234065 0.179545 -0.216325 0.243602 0.28279 0.927733 0.383699 
1533288980123 0.166436 0.930172 -0.32723 -0.612047 -0.955487 0.234123 0.179529 -0.21635 0.243605 0.282783 0.927734 0.383708 
1533288980363 0.16616 0.930198 -0.327295 -0.611986 -0.955626 0.233771 0.179248 -0.216256 0.243248 0.282988 0.927765 0.3838 
1533288980567 0.166383 0.930093 -0.327481 -0.611889 -0.955626 0.233971 0.178987 -0.21636 0.243096 0.283169 0.92775 0.383817 
1533288980793 0.166147 0.930046 -0.327734 -0.611869 -0.95573 0.233725 0.178754 -0.216245 0.242849 0.283526 0.927705 0.383855 
1533288980971 0.166245 0.929963 -0.327919 -0.611801 -0.955733 0.233829 0.178601 -0.216326 0.242769 0.283711 0.92767 0.383892 
1533288981173 0.166066 0.929954 -0.328038 -0.611734 -0.955846 0.233589 0.178314 -0.216282 0.242449 0.283942 0.927683 0.383948 
1533288981376 0.165881 0.929837 -0.32846 -0.611588 -0.956007 0.233344 0.177765 -0.216211 0.241937 0.284523 0.927639 0.384038 
1533288981581 0.165935 0.929703 -0.328814 -0.611466 -0.95611 0.23333 0.177231 -0.216271 0.241495 0.284974 0.927615 0.38413 
1533288981595 0.16594 0.929696 -0.328831 -0.611455 -0.956116 0.23333 0.177198 -0.216279 0.241466 0.284996 0.927616 0.384135 
1533288981777 0.166034 0.929617 -0.329005 -0.61144 -0.956207 0.233325 0.176716 -0.216292 0.241043 0.285256 0.927646 0.38414 
1533288981949 0.166074 0.929595 -0.329048 -0.611399 -0.956334 0.233211 0.176175 -0.216207 0.240509 0.285422 0.927734 0.384102 
1533288982140 0.166159 0.929626 -0.328916 -0.611346 -0.956462 0.233096 0.175632 -0.216169 0.239941 0.285413 0.927883 0.384245 
1533288982308 0.166058 0.929585 -0.329085 -0.611283 -0.956635 0.232848 0.175017 -0.216114 0.23932 0.285752 0.92794 0.384239 
1533288982504 0.166323 0.92948 -0.329246 -0.611235 -0.956736 0.232952 0.174327 -0.216194 0.238732 0.286007 0.928012 0.384195 
1533288982667 0.166445 0.929466 -0.329224 -0.611191 -0.956789 0.232972 0.174005 -0.216153 0.238432 0.286036 0.928081 0.384286 
1533288982844 0.166465 0.929404 -0.32939 -0.61115 -0.956944 0.232832 0.173344 -0.216122 0.237799 0.286352 0.928146 0.384261 
1533288983017 0.166627 0.929363 -0.329424 -0.611097 -0.957033 0.232849 0.172827 -0.216123 0.237325 0.286472 0.92823 0.384307 
1533288983204 0.166877 0.929306 -0.329458 -0.611041 -0.957121 0.232931 0.172229 -0.216148 0.236794 0.286591 0.928329 0.38439 
1533288983217 0.166881 0.929303 -0.329465 -0.611039 -0.957129 0.232925 0.172191 -0.216146 0.236758 0.286605 0.928334 0.384394 
1533288983442 0.166456 0.929314 -0.329647 -0.61101 -0.957205 0.232558 0.172267 -0.216265 0.236752 0.286865 0.928255 0.384374 
1533288983796 0.166003 0.929353 -0.329767 -0.610996 -0.957183 0.232277 0.172764 -0.216301 0.237156 0.286968 0.92812 0.38433 
1533288984000 0.165846 0.929347 -0.329861 -0.610945 -0.957254 0.232095 0.172618 -0.216489 0.236981 0.287133 0.928114 0.384339 
1533288984186 0.165456 0.929433 -0.329815 -0.61091 -0.957261 0.231794 0.172983 -0.216558 0.237226 0.287098 0.928062 0.384407 
1533288984358 0.165246 0.929412 -0.329979 -0.610891 -0.957238 0.231699 0.173237 -0.216695 0.237464 0.287242 0.927956 0.384438 
1533288984550 0.165153 0.929346 -0.330214 -0.61084 -0.95722 0.231697 0.173338 -0.216926 0.2376 0.28746 0.927854 0.384407 
1533288984784 0.164556 0.929413 -0.330321 -0.61084 -0.957305 0.231179 0.173561 -0.216965 0.237673 0.287658 0.927774 0.384402 
1533288984948 0.164357 0.929415 -0.330414 -0.610799 -0.957332 0.23102 0.173627 -0.217102 0.237704 0.287779 0.927728 0.384397 
1533288985129 0.164094 0.929405 -0.330575 -0.610773 -0.957345 0.230842 0.173791 -0.217228 0.237833 0.287956 0.927641 0.384389 
1533288985142 0.164076 0.929403 -0.330588 -0.610773 -0.957345 0.230831 0.173804 -0.217233 0.237844 0.28797 0.927633 0.384389 
1533288985351 0.163615 0.929419 -0.330772 -0.610737 -0.9574 0.230462 0.173989 -0.217362 0.237939 0.288214 0.927533 0.384407 
1533288985535 0.163275 0.929397 -0.331002 -0.610654 -0.957391 0.230268 0.174295 -0.21759 0.238209 0.288441 0.927393 0.384395 
1533288985730 0.162887 0.929331 -0.331378 -0.610614 -0.957379 0.23007 0.174623 -0.217724 0.238523 0.288811 0.927197 0.384333 
1533288985935 0.162263 0.929359 -0.331606 -0.610566 -0.957439 0.229584 0.174934 -0.217843 0.238708 0.289108 0.927057 0.384376 
1533288986134 0.162004 0.929315 -0.331855 -0.610476 -0.957413 0.229474 0.175223 -0.218107 0.238989 0.289335 0.926914 0.384427 
1533288986347 0.1614 0.929308 -0.33217 -0.610443 -0.95745 0.229046 0.175578 -0.218143 0.239248 0.289698 0.926734 0.384356 
1533288986550 0.160994 0.929304 -0.332378 -0.61035 -0.957471 0.228763 0.175834 -0.21837 0.239439 0.289934 0.926611 0.384369 
1533288986756 0.160376 0.929302 -0.332682 -0.610324 -0.957468 0.228371 0.176356 -0.218439 0.239863 0.29025 0.926402 0.384381 
1533288986947 0.160215 0.929275 -0.332835 -0.610223 -0.957437 0.22832 0.176594 -0.218688 0.240097 0.290375 0.926302 0.384397 
1533288986962 0.160188 0.929279 -0.332838 -0.610222 -0.957436 0.228301 0.17662 -0.218685 0.240116 0.290378 0.926296 0.384398 
1533288987151 0.160037 0.929225 -0.333059 -0.610182 -0.95743 0.228241 0.176733 -0.218706 0.240242 0.290597 0.926195 0.384338 
1533288987422 0.159955 0.929148 -0.333314 -0.610047 -0.957434 0.228224 0.176732 -0.218816 0.240281 0.290856 0.926104 0.384304 
1533288987625 0.15984 0.92906 -0.333614 -0.610056 -0.957472 0.228151 0.176621 -0.218871 0.240206 0.291194 0.926017 0.384283 
1533288987791 0.159933 0.928995 -0.333752 -0.609954 -0.957436 0.228288 0.176636 -0.219003 0.240285 0.291296 0.925964 0.384299 
1533288987988 0.159671 0.928854 -0.334268 -0.60982 -0.957403 0.228234 0.176884 -0.219049 0.240591 0.291786 0.92573 0.384293 
1533288988260 0.159585 0.928781 -0.334511 -0.609729 -0.957395 0.228227 0.176937 -0.21918 0.24068 0.292023 0.925633 0.384224 
1533288988469 0.159363 0.928722 -0.334783 -0.609715 -0.957414 0.228094 0.177007 -0.219174 0.240752 0.292317 0.925521 0.384235 
1533288988619 0.159432 0.92867 -0.334894 -0.609624 -0.957397 0.228185 0.176979 -0.219309 0.240773 0.29241 0.925486 0.38426 
1533288988633 0.159393 0.928676 -0.334895 -0.609618 -0.957404 0.22815 0.176991 -0.219299 0.240774 0.292418 0.925483 0.384264 
1533288988935 0.159425 0.928644 -0.334969 -0.609509 -0.957252 0.22837 0.177524 -0.219407 0.241353 0.292348 0.925355 0.3842 
1533288989124 0.159246 0.928764 -0.33472 -0.609407 -0.957266 0.228175 0.177703 -0.219337 0.241419 0.292118 0.92541 0.384211 
1533288989338 0.159339 0.928707 -0.334834 -0.609313 -0.957124 0.228437 0.178131 -0.219445 0.24192 0.292094 0.925287 0.384061 
1533288989588 0.159455 0.92878 -0.334578 -0.609128 -0.957063 0.228546 0.178316 -0.219571 0.242082 0.291779 0.925344 0.384052 
1533288989897 0.159377 0.928762 -0.334664 -0.609016 -0.956952 0.22864 0.178794 -0.219597 0.242575 0.291762 0.92522 0.38393 
1533288990102 0.159477 0.928762 -0.334617 -0.608922 -0.956874 0.228798 0.179009 -0.219683 0.242817 0.291639 0.925196 0.383941 
1533288990437 0.159186 0.928841 -0.334536 -0.608663 -0.956743 0.228726 0.1798 -0.219732 0.243523 0.291443 0.925072 0.383751 
1533288990748 0.15934 0.928845 -0.334453 -0.60859 -0.956622 0.228967 0.180136 -0.219827 0.243897 0.291242 0.925036 0.383781 
1533288990761 0.159341 0.928845 -0.334451 -0.608588 -0.95662 0.22897 0.180142 -0.219828 0.243903 0.291238 0.925036 0.383782 
1533288991096 0.159265 0.928881 -0.334387 -0.608418 -0.956653 0.228862 0.180105 -0.219893 0.243825 0.291208 0.925066 0.383807 
1533288991289 0.158999 0.928978 -0.334245 -0.60831 -0.956759 0.228512 0.179982 -0.219826 0.243578 0.291175 0.925141 0.383763 
1533288991466 0.159001 0.929006 -0.334166 -0.608165 -0.956791 0.22846 0.17988 -0.219914 0.243453 0.291125 0.92519 0.383732 
1533288991690 0.158479 0.929137 -0.334048 -0.607848 -0.956967 0.227842 0.179727 -0.219901 0.243101 0.291191 0.925262 0.383605 
1533288991858 0.158442 0.929174 -0.333963 -0.607706 -0.956996 0.227764 0.179672 -0.219966 0.243011 0.291134 0.925304 0.383525 
1533288992071 0.158044 0.929319 -0.333748 -0.607392 -0.957135 0.227262 0.179566 -0.219949 0.242723 0.291063 0.925402 0.383494 
1533288992282 0.157892 0.929374 -0.333668 -0.607258 -0.95721 0.227045 0.179441 -0.219991 0.242525 0.291058 0.925455 0.383449 
1533288992301 0.157908 0.929371 -0.333669 -0.607244 -0.95721 0.227057 0.179426 -0.22001 0.242515 0.291058 0.925457 0.383448 
1533288992554 0.157543 0.929469 -0.333567 -0.607116 -0.957295 0.226666 0.179465 -0.219893 0.242416 0.291049 0.925486 0.38344 
1533288992754 0.157415 0.929506 -0.333524 -0.606857 -0.95735 0.226498 0.179389 -0.219963 0.242285 0.291061 0.925517 0.383431 
1533288992930 0.157324 0.929534 -0.333491 -0.606699 -0.957394 0.226371 0.17931 -0.219999 0.242167 0.291073 0.925544 0.383399 
1533288993107 0.157165 0.929579 -0.333439 -0.606557 -0.957447 0.226181 0.179271 -0.21999 0.242064 0.291075 0.925571 0.383381 
1533288993382 0.156988 0.929628 -0.333386 -0.60635 -0.957506 0.225969 0.179223 -0.220002 0.241945 0.291083 0.925599 0.383357 
1533288993667 0.156781 0.929666 -0.333378 -0.606074 -0.957599 0.225703 0.17906 -0.220037 0.24171 0.291169 0.925633 0.383285 
1533288993891 0.156379 0.929766 -0.333287 -0.605966 -0.957712 0.225252 0.179022 -0.219888 0.241522 0.291197 0.925673 0.383241 
1533288993904 0.156411 0.929759 -0.333292 -0.605962 -0.957708 0.225282 0.179008 -0.219907 0.241519 0.291197 0.925674 0.383238 
1533288994234 0.156003 0.929869 -0.333176 -0.605828 -0.957705 0.224962 0.179427 -0.219877 0.241795 0.291093 0.925635 0.383284 
1533288994430 0.156003 0.929689 -0.33368 -0.605594 -0.957533 0.225266 0.179962 -0.220141 0.242475 0.291435 0.925349 0.383213 
1533288994622 0.15556 0.929754 -0.333703 -0.605512 -0.957526 0.224952 0.180391 -0.22012 0.242787 0.291468 0.925257 0.383305 
1533288994770 0.155495 0.929733 -0.333793 -0.605373 -0.957463 0.224997 0.180669 -0.220185 0.243076 0.291501 0.925171 0.383224 
1533288995054 0.155113 0.929767 -0.333876 -0.605186 -0.957435 0.224764 0.181107 -0.220252 0.243431 0.291573 0.925055 0.38325 
1533288995241 0.15497 0.929778 -0.333911 -0.605122 -0.957375 0.224736 0.181456 -0.220249 0.243755 0.291558 0.924974 0.383243 
1533288995395 0.154793 0.929733 -0.334119 -0.605006 -0.95736 0.224663 0.181625 -0.220318 0.243927 0.291758 0.924866 0.383204 
1533288995589 0.154561 0.92974 -0.334208 -0.604891 -0.957245 0.224647 0.182253 -0.220343 0.244527 0.29175 0.92471 0.383251 
1533288995607 0.154565 0.929738 -0.334211 -0.604883 -0.957237 0.22466 0.182278 -0.220354 0.244555 0.291745 0.924704 0.383256 
1533288995799 0.154531 0.929755 -0.334179 -0.604819 -0.957177 0.2247 0.182543 -0.220386 0.244811 0.29166 0.924663 0.383215 
1533288995950 0.154538 0.929801 -0.334049 -0.604723 -0.957136 0.224728 0.182723 -0.220473 0.244967 0.291493 0.924675 0.383161 
1533288996197 0.154307 0.929914 -0.33384 -0.604673 -0.957088 0.224573 0.183167 -0.22039 0.245301 0.291251 0.924662 0.383112 
1533288996358 0.154128 0.929974 -0.333756 -0.604608 -0.957086 0.224425 0.183355 -0.220456 0.245419 0.291173 0.924656 0.383108 
1533288996536 0.154292 0.92999 -0.333637 -0.604511 -0.956969 0.224662 0.183676 -0.220554 0.245772 0.29094 0.924635 0.383107 
1533288996726 0.154077 0.930036 -0.333607 -0.604446 -0.956921 0.224554 0.184059 -0.220584 0.246094 0.290876 0.92457 0.383042 
1533288996902 0.153999 0.930148 -0.33333 -0.604361 -0.956879 0.22449 0.184354 -0.220554 0.246305 0.290566 0.924611 0.383018 
1533288997076 0.153885 0.930187 -0.333275 -0.604279 -0.956824 0.22446 0.184679 -0.220593 0.246592 0.290466 0.924566 0.382987 
1533288997232 0.153778 0.930231 -0.3332 -0.604211 -0.95677 0.224428 0.184995 -0.220604 0.246868 0.290348 0.924529 0.382943 
1533288997244 0.15378 0.930246 -0.333157 -0.6042 -0.956767 0.224425 0.185013 -0.220607 0.246877 0.290303 0.924541 0.382941 
1533288997549 0.153581 0.930129 -0.333576 -0.604111 -0.956841 0.224274 0.184817 -0.220617 0.246716 0.290795 0.924429 0.382929 
1533288997757 0.153526 0.930157 -0.333524 -0.604044 -0.956871 0.224187 0.184767 -0.220536 0.246634 0.290773 0.924458 0.382976 
1533288997956 0.15349 0.930068 -0.333788 -0.603942 -0.956944 0.224126 0.184463 -0.220597 0.246373 0.291103 0.924424 0.382997 
1533288998163 0.153437 0.929958 -0.334118 -0.603884 -0.956936 0.224162 0.184461 -0.220507 0.246437 0.291426 0.924305 0.383005 
1533288998382 0.153455 0.929951 -0.33413 -0.603736 -0.957007 0.224093 0.184174 -0.22061 0.246149 0.291502 0.924358 0.383065 
1533288998588 0.153286 0.929858 -0.334467 -0.603704 -0.95704 0.223995 0.184122 -0.220512 0.246126 0.291875 0.924246 0.383065 
1533288998821 0.153282 0.929815 -0.334587 -0.603551 -0.957134 0.223905 0.183745 -0.220603 0.245764 0.29208 0.924278 0.383081 
1533288999023 0.153173 0.929739 -0.334848 -0.603515 -0.957163 0.22384 0.183668 -0.220544 0.245716 0.292371 0.924199 0.383086 
1533288999187 0.153061 0.929712 -0.334974 -0.603412 -0.957215 0.22372 0.183547 -0.220526 0.245586 0.292548 0.924177 0.3831 
1533288999200 0.15306 0.929705 -0.334995 -0.603395 -0.957219 0.223719 0.183525 -0.220534 0.245569 0.292573 0.924174 0.383099 
1533288999382 0.15311 0.929731 -0.3349 -0.603369 -0.957165 0.223801 0.183706 -0.22052 0.245748 0.292428 0.924172 0.383095 
1533288999603 0.153163 0.929755 -0.334809 -0.603351 -0.957156 0.223834 0.183716 -0.220528 0.245752 0.292326 0.924203 0.383092 
1533288999751 0.153271 0.929802 -0.334627 -0.603274 -0.957133 0.223905 0.183746 -0.220581 0.245772 0.29212 0.924263 0.383081 
1533288999910 0.153324 0.929826 -0.334537 -0.603178 -0.957049 0.224026 0.184036 -0.220596 0.246066 0.291951 0.924238 0.383033 
1533289000055 0.153259 0.92988 -0.334417 -0.60311 -0.95703 0.223977 0.184197 -0.220546 0.246183 0.291817 0.924249 0.383013 
1533289000306 0.153494 0.929956 -0.334097 -0.603011 -0.956956 0.224177 0.184338 -0.220618 0.246323 0.291422 0.924337 0.382971 
1533289000430 0.153553 0.929924 -0.33416 -0.602976 -0.956922 0.224272 0.184396 -0.220662 0.246417 0.291451 0.924303 0.382951 
1533289000449 0.153551 0.929925 -0.334158 -0.602965 -0.956919 0.224274 0.184411 -0.220664 0.246432 0.291446 0.9243 0.382949 
1533289000763 0.153425 0.929952 -0.334141 -0.602922 -0.95692 0.224176 0.184523 -0.220627 0.246504 0.291436 0.924284 0.382929 
1533289000924 0.153232 0.930039 -0.333988 -0.60288 -0.956982 0.223928 0.184502 -0.220635 0.246383 0.291349 0.924343 0.382926 
1533289001029 0.153243 0.930068 -0.333901 -0.602835 -0.956969 0.223935 0.184562 -0.220673 0.246428 0.29125 0.924363 0.382919 
1533289001149 0.153169 0.93014 -0.333736 -0.60277 -0.956943 0.223877 0.184766 -0.220675 0.246574 0.291066 0.924382 0.38291 
1533289001278 0.153177 0.930163 -0.333667 -0.602698 -0.956942 0.223871 0.184779 -0.220747 0.246573 0.290996 0.924404 0.3829 
1533289001419 0.15299 0.930214 -0.33361 -0.602625 -0.956976 0.22368 0.184835 -0.220818 0.246557 0.290979 0.924414 0.382885 
1533289001583 0.152989 0.930244 -0.333527 -0.602577 -0.956951 0.223693 0.184948 -0.220813 0.246655 0.290874 0.924421 0.382862 
1533289001735 0.152884 0.930357 -0.33326 -0.602504 -0.956981 0.223526 0.184996 -0.220789 0.246604 0.29064 0.924508 0.382855 
1533289001754 0.152831 0.930383 -0.333212 -0.602493 -0.956994 0.223461 0.185005 -0.22078 0.246586 0.290608 0.924523 0.382856 
1533289002030 0.152636 0.930309 -0.333509 -0.602448 -0.957056 0.223302 0.184878 -0.220812 0.246466 0.290967 0.924442 0.382834 
1533289002272 0.152439 0.930324 -0.333555 -0.602344 -0.957067 0.223151 0.185004 -0.220768 0.246546 0.291033 0.9244 0.382835 
1533289002448 0.152384 0.93028 -0.333703 -0.602335 -0.957129 0.223066 0.184783 -0.220789 0.246338 0.291239 0.92439 0.38283 
1533289002596 0.152131 0.930308 -0.333742 -0.602249 -0.957179 0.222826 0.184815 -0.220721 0.246301 0.291335 0.92437 0.382836 
1533289002796 0.152111 0.930258 -0.33389 -0.602169 -0.957187 0.222832 0.184769 -0.220788 0.246284 0.291489 0.924326 0.382827 
1533289002956 0.151858 0.930223 -0.334103 -0.602138 -0.957231 0.222633 0.184779 -0.220736 0.246268 0.291754 0.924247 0.382821 
1533289003144 0.151785 0.930175 -0.334268 -0.602064 -0.957258 0.222579 0.184704 -0.220785 0.246208 0.291946 0.924202 0.382816 
1533289003329 0.151688 0.930162 -0.33435 -0.601953 -0.957342 0.222424 0.184456 -0.220836 0.245941 0.292108 0.924222 0.382829 
1533289003549 0.15142 0.930139 -0.334534 -0.601943 -0.957376 0.222221 0.184526 -0.22078 0.245975 0.292334 0.924141 0.382821 
1533289003566 0.151411 0.930139 -0.334539 -0.601942 -0.957377 0.222214 0.184529 -0.220778 0.245977 0.29234 0.924139 0.382821 
1533289003763 0.151307 0.930126 -0.334623 -0.601854 -0.957392 0.222135 0.184546 -0.220811 0.245983 0.292442 0.924105 0.382798 
1533289003858 0.151163 0.930143 -0.334641 -0.601797 -0.957421 0.221996 0.184561 -0.220809 0.245957 0.292493 0.924096 0.38279 
1533289004046 0.150979 0.930162 -0.334671 -0.601761 -0.957454 0.221826 0.184594 -0.220786 0.245941 0.292562 0.924078 0.382775 
1533289004175 0.151018 0.930141 -0.33471 -0.6017 -0.957454 0.221863 0.184552 -0.220875 0.245919 0.292599 0.924073 0.382773 
1533289004332 0.150755 0.930188 -0.334698 -0.601656 -0.957508 0.2216 0.184584 -0.220828 0.245867 0.292649 0.92407 0.382775 
1533289004460 0.150611 0.930212 -0.334698 -0.601598 -0.957544 0.22145 0.184581 -0.220839 0.245818 0.292688 0.924071 0.382777 
1533289004566 0.150679 0.930188 -0.334733 -0.601525 -0.957541 0.221511 0.184522 -0.22095 0.245787 0.292717 0.92407 0.382777 
1533289004706 0.150511 0.930214 -0.334735 -0.601483 -0.957578 0.221342 0.184532 -0.220943 0.245746 0.292761 0.924067 0.382776 
1533289004724 0.150496 0.930216 -0.334736 -0.601477 -0.957581 0.221327 0.184532 -0.220945 0.245741 0.292766 0.924067 0.382776 
1533289004770 0.15047 0.930219 -0.33474 -0.601469 -0.957587 0.221301 0.184533 -0.220946 0.245734 0.292776 0.924065 0.382775 
1533289004930 0.150245 0.930249 -0.334759 -0.601423 -0.957638 0.221076 0.184538 -0.220956 0.245673 0.292852 0.924057 0.38277 
1533289005068 0.150089 0.930269 -0.334773 -0.601382 -0.95767 0.220925 0.184554 -0.220944 0.245645 0.292902 0.924049 0.382768 
1533289005211 0.150042 0.930267 -0.334798 -0.601339 -0.957679 0.220884 0.184558 -0.220958 0.24564 0.292938 0.924039 0.382764 
1533289005334 0.149986 0.930267 -0.334825 -0.601292 -0.957689 0.220835 0.184561 -0.220973 0.245632 0.292977 0.924029 0.382761 
1533289005594 0.149829 0.93028 -0.334858 -0.601194 -0.957724 0.220683 0.184562 -0.221004 0.245592 0.293049 0.924017 0.382758 
1533289005805 0.149614 0.930316 -0.334854 -0.601166 -0.95776 0.220479 0.18462 -0.220945 0.245584 0.293088 0.924007 0.382763 
1533289005941 0.149588 0.930311 -0.334881 -0.601155 -0.95776 0.220464 0.184637 -0.220966 0.245599 0.293116 0.923994 0.382768 
1533289006145 0.149603 0.93029 -0.334932 -0.601087 -0.957765 0.22048 0.184592 -0.221092 0.24557 0.293171 0.923984 0.382773 
1533289006159 0.149613 0.930286 -0.334937 -0.60108 -0.957765 0.220489 0.184583 -0.221108 0.245565 0.293175 0.923984 0.382773 
1533289006495 0.149486 0.930335 -0.33486 -0.601075 -0.957754 0.220392 0.184756 -0.221072 0.245685 0.293095 0.923977 0.382771 
1533289006659 0.149516 0.930443 -0.334546 -0.601033 -0.957736 0.220373 0.18487 -0.221056 0.245736 0.292765 0.924068 0.382766 
1533289006765 0.149498 0.930477 -0.33446 -0.601015 -0.957717 0.220365 0.184978 -0.221039 0.245821 0.292664 0.924078 0.382717 
1533289006899 0.149479 0.930499 -0.334406 -0.601005 -0.957686 0.220377 0.185124 -0.221019 0.245953 0.292584 0.924068 0.382689 
1533289007147 0.149448 0.930512 -0.334383 -0.600998 -0.957652 0.22039 0.185288 -0.220996 0.246107 0.292532 0.924043 0.382661 
1533289007286 0.149456 0.930571 -0.334215 -0.600976 -0.957635 0.220382 0.185381 -0.220984 0.246165 0.29235 0.924085 0.382655 
1533289007382 0.149455 0.930613 -0.334099 -0.60096 -0.957611 0.220387 0.185499 -0.220968 0.246259 0.292213 0.924104 0.382647 
1533289007494 0.149448 0.930659 -0.333975 -0.600942 -0.957589 0.220384 0.18562 -0.220952 0.246351 0.29207 0.924125 0.382632 
1533289007507 0.149446 0.930663 -0.333964 -0.60094 -0.957586 0.220383 0.185635 -0.22095 0.246363 0.292057 0.924125 0.38263 
1533289007705 0.149348 0.93064 -0.334072 -0.600928 -0.957571 0.22035 0.185753 -0.220918 0.246482 0.292156 0.924063 0.382606 
1533289007897 0.149442 0.93053 -0.334336 -0.600861 -0.957503 0.220552 0.185859 -0.221026 0.246686 0.292353 0.923946 0.382627 
1533289008104 0.149234 0.930579 -0.334293 -0.600829 -0.957528 0.22036 0.185963 -0.220936 0.246718 0.292342 0.923941 0.382648 
1533289008318 0.149141 0.930501 -0.334552 -0.600799 -0.957491 0.220385 0.186121 -0.220934 0.246916 0.292572 0.923815 0.382654 
1533289008505 0.149089 0.930502 -0.334571 -0.600763 -0.957488 0.220354 0.186175 -0.220923 0.24696 0.292591 0.923797 0.382655 
1533289008790 0.149104 0.930429 -0.334768 -0.600725 -0.957398 0.220511 0.18645 -0.220957 0.247299 0.292705 0.92367 0.382722 
1533289009006 0.148991 0.930374 -0.334972 -0.600602 -0.9574 0.220465 0.186494 -0.220962 0.247359 0.292916 0.923587 0.382675 
1533289009172 0.149077 0.930288 -0.335173 -0.600606 -0.957356 0.220622 0.186537 -0.221022 0.247479 0.293071 0.923506 0.382678 
1533289009188 0.149077 0.930284 -0.335184 -0.600607 -0.957353 0.220627 0.186545 -0.221023 0.24749 0.29308 0.9235 0.382681 
1533289009409 0.148735 0.930363 -0.335115 -0.600581 -0.957349 0.220362 0.186878 -0.221014 0.247711 0.293027 0.923458 0.382663 
1533289009577 0.148865 0.93036 -0.335066 -0.600531 -0.957308 0.220498 0.186926 -0.221095 0.24779 0.292935 0.923466 0.382656 
1533289009708 0.148818 0.930368 -0.335065 -0.600488 -0.957299 0.220474 0.187004 -0.22115 0.247856 0.292928 0.923451 0.38265 
1533289009838 0.148624 0.930424 -0.334995 -0.600455 -0.957292 0.220323 0.187217 -0.221132 0.247998 0.292863 0.923433 0.382643 
1533289009976 0.148483 0.930482 -0.334898 -0.600432 -0.957289 0.220201 0.187377 -0.221097 0.248096 0.292772 0.923435 0.382641 
1533289010147 0.148041 0.930575 -0.334834 -0.600382 -0.957294 0.21985 0.18776 -0.22109 0.248338 0.292739 0.923381 0.382611 
1533289010210 0.148093 0.930578 -0.334803 -0.600346 -0.957243 0.219943 0.187914 -0.221124 0.248506 0.292659 0.923361 0.382594 
1533289010223 0.148109 0.930576 -0.334803 -0.60034 -0.957233 0.219967 0.187936 -0.221134 0.248534 0.292649 0.923357 0.382591 
1533289010510 0.147979 0.930673 -0.334588 -0.600343 -0.957227 0.219833 0.188121 -0.221032 0.248632 0.292439 0.923397 0.382596 
1533289010642 0.148052 0.930691 -0.334507 -0.600316 -0.957238 0.219858 0.188035 -0.221073 0.248546 0.292364 0.923444 0.382578 
1533289010779 0.148088 0.930742 -0.334349 -0.600292 -0.957264 0.219823 0.187947 -0.221085 0.248428 0.292227 0.923519 0.382565 
1533289011003 0.148167 0.930814 -0.334114 -0.600266 -0.957234 0.21987 0.188042 -0.221092 0.248494 0.291963 0.923584 0.382533 
1533289011176 0.14816 0.930848 -0.334023 -0.600255 -0.957256 0.219821 0.187989 -0.221101 0.248414 0.291893 0.923628 0.382528 
1533289011478 0.14824 0.930868 -0.333929 -0.600252 -0.957273 0.219842 0.187878 -0.221146 0.248302 0.29181 0.923684 0.382505 
1533289011649 0.14822 0.930892 -0.333872 -0.600244 -0.957286 0.219799 0.187859 -0.221149 0.248261 0.291767 0.923709 0.382464 
1533289011781 0.148231 0.930975 -0.333636 -0.600215 -0.957312 0.219729 0.187809 -0.221158 0.248155 0.291555 0.923805 0.38245 
1533289011811 0.148247 0.931018 -0.333509 -0.600199 -0.957308 0.219722 0.187842 -0.221155 0.248163 0.291424 0.923844 0.38245 
1533289011824 0.14825 0.931027 -0.333481 -0.600196 -0.957306 0.21972 0.187851 -0.221154 0.248167 0.291395 0.923852 0.38245 
1533289011842 0.148253 0.931035 -0.333458 -0.600193 -0.957301 0.219723 0.187874 -0.221152 0.248186 0.291367 0.923856 0.382447 
1533289012149 0.14822 0.931 -0.33357 -0.600196 -0.957378 0.219631 0.187588 -0.221173 0.247907 0.291549 0.923873 0.382392 
1533289012276 0.148143 0.931038 -0.333499 -0.600172 -0.957409 0.219522 0.187557 -0.221142 0.247834 0.29151 0.923905 0.382385 
1533289012389 0.148072 0.931084 -0.333402 -0.600145 -0.957445 0.219408 0.18751 -0.221112 0.247738 0.291449 0.92395 0.382389 
1533289012573 0.148034 0.931115 -0.333334 -0.600117 -0.957485 0.219317 0.187408 -0.221103 0.247604 0.29142 0.923995 0.382374 
1533289012684 0.148026 0.931148 -0.333243 -0.600093 -0.957509 0.219265 0.187347 -0.221103 0.247516 0.291351 0.92404 0.382376 
1533289012717 0.148035 0.931173 -0.333169 -0.600081 -0.957521 0.219243 0.187312 -0.221105 0.247465 0.291288 0.924074 0.382393 
1533289012915 0.147991 0.931245 -0.332988 -0.600015 -0.957576 0.219109 0.187189 -0.2211 0.24728 0.291159 0.924164 0.382404 
1533289012929 0.147992 0.931246 -0.332984 -0.600013 -0.957577 0.219108 0.187186 -0.221102 0.247275 0.291156 0.924166 0.382405 
1533289013115 0.147994 0.931158 -0.333229 -0.599966 -0.957572 0.219165 0.187145 -0.221163 0.247293 0.291395 0.924086 0.3824 
1533289013288 0.147746 0.931124 -0.333436 -0.599948 -0.95762 0.218963 0.187133 -0.221091 0.247254 0.291657 0.924014 0.382437 
1533289013451 0.147487 0.931033 -0.333805 -0.599917 -0.957669 0.218786 0.187092 -0.221045 0.247221 0.292081 0.923889 0.382478 
1533289013638 0.147587 0.930974 -0.333924 -0.599859 -0.957618 0.218944 0.187166 -0.221135 0.247357 0.292149 0.923831 0.38253 
1533289013827 0.147409 0.930835 -0.334391 -0.599865 -0.957652 0.218864 0.187086 -0.221124 0.247333 0.292652 0.923678 0.382545 
1533289013990 0.147298 0.930823 -0.334472 -0.599806 -0.957649 0.2188 0.187174 -0.221109 0.247408 0.292736 0.923631 0.382574 
1533289014172 0.1471 0.930731 -0.334816 -0.599768 -0.957686 0.218677 0.18713 -0.221091 0.247384 0.293122 0.923515 0.382603 
1533289014363 0.147071 0.930646 -0.335065 -0.599702 -0.957685 0.218708 0.187102 -0.22115 0.247407 0.293369 0.923431 0.382611 
1533289014518 0.146972 0.930553 -0.335365 -0.599688 -0.957675 0.218704 0.187154 -0.221149 0.247503 0.293665 0.923311 0.382617 
1533289014531 0.146958 0.930546 -0.335391 -0.599688 -0.957675 0.2187 0.187161 -0.221146 0.247511 0.293691 0.9233 0.382618 
1533289014782 0.14692 0.930538 -0.33543 -0.599677 -0.957718 0.218627 0.187024 -0.221138 0.247367 0.29377 0.923314 0.382608 
1533289015005 0.14709 0.930506 -0.335444 -0.599668 -0.957832 0.218623 0.186447 -0.221172 0.246826 0.293874 0.923426 0.382574 
1533289015236 0.147361 0.930535 -0.335245 -0.599639 -0.957966 0.218626 0.185751 -0.221201 0.246141 0.293781 0.923638 0.382659 
1533289015504 0.147271 0.930618 -0.335053 -0.59958 -0.958055 0.218414 0.185541 -0.221105 0.245848 0.293675 0.92375 0.38267 
1533289015694 0.147333 0.930571 -0.335157 -0.599592 -0.958132 0.21839 0.185174 -0.221141 0.245512 0.293842 0.923786 0.382645 
1533289015823 0.147411 0.930549 -0.335183 -0.599594 -0.958191 0.218382 0.184875 -0.221156 0.245233 0.293917 0.923836 0.382605 
1533289015970 0.147376 0.930561 -0.335165 -0.599576 -0.958332 0.218183 0.184379 -0.221137 0.244703 0.294027 0.923942 0.382561 
1533289016168 0.147281 0.930653 -0.334953 -0.599537 -0.958443 0.217936 0.184093 -0.221063 0.244325 0.29392 0.924076 0.382643 
1533289016179 0.147287 0.930654 -0.334948 -0.599537 -0.958446 0.217937 0.184079 -0.221065 0.244312 0.293917 0.924081 0.382645 
1533289016196 0.147293 0.930655 -0.334942 -0.599538 -0.958449 0.217936 0.184065 -0.221067 0.244296 0.293913 0.924086 0.382648 
1533289016438 0.147258 0.930692 -0.334853 -0.599522 -0.958399 0.217953 0.184304 -0.221023 0.244512 0.293783 0.92407 0.382642 
1533289016679 0.147247 0.930651 -0.334974 -0.59951 -0.95838 0.217991 0.184357 -0.221035 0.244593 0.293886 0.924016 0.382588 
1533289016864 0.147417 0.930611 -0.335009 -0.59949 -0.95833 0.218185 0.184389 -0.22107 0.244688 0.293867 0.923997 0.382595 
1533289016986 0.147495 0.930585 -0.335048 -0.599475 -0.958299 0.218289 0.184428 -0.221099 0.244763 0.293874 0.923975 0.382605 
1533289017182 0.14763 0.930571 -0.335026 -0.59943 -0.958214 0.218488 0.184634 -0.22115 0.245015 0.293769 0.923941 0.38262 
1533289017345 0.147579 0.930565 -0.335066 -0.599435 -0.958192 0.218484 0.184753 -0.221111 0.245131 0.293792 0.923903 0.382609 
1533289017503 0.147527 0.930547 -0.33514 -0.599434 -0.95817 0.218485 0.184864 -0.221082 0.245248 0.293849 0.923854 0.382565 
1533289017628 0.147478 0.930536 -0.335191 -0.599433 -0.95813 0.218507 0.185043 -0.221051 0.245431 0.293866 0.9238 0.382546 
1533289017640 0.147474 0.930533 -0.3352 -0.599434 -0.958126 0.218511 0.185063 -0.221048 0.245452 0.293872 0.923792 0.38255 
1533289017856 0.1473 0.93059 -0.335119 -0.599313 -0.958069 0.218432 0.185449 -0.221132 0.245777 0.29375 0.923745 0.382528 
1533289017933 0.147198 0.930636 -0.335035 -0.599283 -0.958107 0.218294 0.185416 -0.221154 0.245691 0.293706 0.923782 0.382527 
1533289018117 0.146897 0.930719 -0.334937 -0.599218 -0.958125 0.218028 0.185637 -0.221122 0.245801 0.293642 0.923773 0.382506 
1533289018280 0.146956 0.930725 -0.334894 -0.599125 -0.958074 0.218124 0.185786 -0.221239 0.245965 0.293551 0.923758 0.382485 
1533289018406 0.146791 0.930757 -0.334878 -0.599095 -0.958107 0.217957 0.18581 -0.221257 0.245933 0.293574 0.923759 0.382474 
1533289018591 0.146479 0.930887 -0.334655 -0.598987 -0.958105 0.217681 0.186145 -0.22129 0.246128 0.293369 0.923773 0.382433 
1533289018823 0.146146 0.93094 -0.334652 -0.598927 -0.958169 0.217354 0.186196 -0.22131 0.246075 0.293441 0.923764 0.382387 
1533289018836 0.146138 0.93094 -0.334656 -0.598926 -0.95817 0.217348 0.186199 -0.221309 0.246077 0.293447 0.923761 0.382385 
1533289019096 0.146005 0.930938 -0.33472 -0.598815 -0.958205 0.217219 0.186169 -0.221327 0.246019 0.293549 0.923744 0.382377 
1533289019324 0.145832 0.93087 -0.334984 -0.598795 -0.958263 0.217073 0.186043 -0.221263 0.245898 0.293872 0.923674 0.382377 
1533289019524 0.14591 0.930779 -0.335202 -0.598605 -0.958312 0.217117 0.18574 -0.221382 0.245661 0.294127 0.923656 0.382399 
1533289019762 0.14578 0.930757 -0.335319 -0.598562 -0.958314 0.21704 0.185818 -0.221316 0.245729 0.294252 0.923598 0.382403 
1533289019929 0.145798 0.930698 -0.335476 -0.598477 -0.958346 0.217046 0.185644 -0.221383 0.245592 0.294436 0.923576 0.382412 
1533289020084 0.145848 0.930638 -0.33562 -0.598375 -0.95835 0.217107 0.185553 -0.22145 0.245548 0.294579 0.923542 0.382421 
1533289020290 0.145672 0.930623 -0.335739 -0.598327 -0.958409 0.216928 0.185457 -0.221389 0.245421 0.294759 0.923518 0.382431 
1533289020548 0.145518 0.930552 -0.336001 -0.598249 -0.958432 0.216838 0.185445 -0.221352 0.245424 0.295049 0.923425 0.382437 
1533289020562 0.145537 0.930563 -0.335964 -0.598245 -0.958434 0.216843 0.185429 -0.221358 0.245405 0.295013 0.923441 0.382439 
1533289020815 0.145198 0.930609 -0.335983 -0.59819 -0.958328 0.216718 0.186119 -0.221421 0.246018 0.294958 0.923296 0.382461 
1533289021021 0.144809 0.930628 -0.336097 -0.598036 -0.958159 0.216651 0.187064 -0.221579 0.246903 0.294946 0.923063 0.382453 
1533289021241 0.14417 0.930636 -0.336351 -0.597981 -0.958113 0.216277 0.187735 -0.221544 0.247458 0.295196 0.922835 0.382365 
1533289021430 0.144098 0.93067 -0.336288 -0.597879 -0.958017 0.216326 0.188169 -0.221702 0.247871 0.295055 0.922769 0.382491 
1533289021639 0.143722 0.930658 -0.336482 -0.597834 -0.9579 0.21622 0.188882 -0.221721 0.248539 0.295169 0.922553 0.382369 
1533289021837 0.143619 0.930682 -0.336458 -0.59776 -0.957833 0.216217 0.189224 -0.221852 0.248855 0.295095 0.922491 0.382447 
1533289022041 0.143335 0.930691 -0.336556 -0.5977 -0.957685 0.216199 0.189995 -0.221882 0.249589 0.295082 0.922297 0.382425 
1533289022258 0.142953 0.93074 -0.336583 -0.597633 -0.957632 0.215977 0.190509 -0.221969 0.250009 0.295089 0.922181 0.382478 
1533289022274 0.142952 0.930732 -0.336605 -0.597632 -0.957618 0.215998 0.190558 -0.221967 0.250064 0.295099 0.922163 0.382472 
1533289022533 0.142943 0.930752 -0.336553 -0.597587 -0.957607 0.215994 0.190618 -0.221981 0.250111 0.295038 0.92217 0.38246 
1533289022677 0.142814 0.930788 -0.336509 -0.597556 -0.957606 0.215888 0.190741 -0.221987 0.250188 0.295003 0.92216 0.382451 
1533289022816 0.142715 0.930813 -0.336481 -0.597493 -0.957581 0.215837 0.190925 -0.222041 0.250341 0.29496 0.922132 0.382422 
1533289023014 0.142527 0.93091 -0.336292 -0.597322 -0.957584 0.215653 0.191119 -0.222107 0.250437 0.294788 0.922161 0.38238 
1533289023152 0.142402 0.930949 -0.336238 -0.597287 -0.95757 0.215564 0.191292 -0.222059 0.250563 0.294731 0.922145 0.382349 
1533289023302 0.142317 0.930966 -0.336227 -0.597245 -0.957542 0.215531 0.19147 -0.222049 0.250719 0.294702 0.922112 0.382301 
1533289023458 0.14239 0.930967 -0.336192 -0.597151 -0.957501 0.215626 0.191565 -0.222154 0.250832 0.294627 0.922105 0.382276 
1533289023583 0.142226 0.931009 -0.336147 -0.597128 -0.957511 0.215481 0.191677 -0.222124 0.250887 0.294603 0.922098 0.382256 
1533289023596 0.142211 0.931013 -0.336142 -0.597125 -0.957512 0.215468 0.191688 -0.222122 0.250892 0.2946 0.922098 0.382254 
1533289023856 0.142232 0.931064 -0.33599 -0.596994 -0.957709 0.21522 0.190979 -0.222056 0.250125 0.294618 0.9223 0.382189 
1533289024142 0.142398 0.931077 -0.335884 -0.596891 -0.957735 0.215294 0.190767 -0.222089 0.249933 0.294523 0.922383 0.382126 
1533289024336 0.142409 0.931076 -0.335883 -0.596891 -0.957776 0.215254 0.190609 -0.222105 0.249771 0.294556 0.922416 0.382139 
1533289024535 0.142477 0.931133 -0.335694 -0.596778 -0.957978 0.215028 0.189845 -0.222022 0.248955 0.294539 0.922642 0.38211 
1533289024704 0.142442 0.931173 -0.335599 -0.596705 -0.958076 0.214866 0.189533 -0.222044 0.248597 0.294532 0.922741 0.382139 
1533289024972 0.142472 0.931289 -0.335263 -0.596545 -0.958279 0.214581 0.188832 -0.221926 0.247798 0.294372 0.923007 0.382044 
1533289024986 0.142481 0.931288 -0.335265 -0.596545 -0.958278 0.214588 0.188827 -0.221929 0.247796 0.294373 0.923007 0.382049 
1533289025164 0.142594 0.93133 -0.3351 -0.596525 -0.958278 0.214641 0.188768 -0.221942 0.247731 0.294202 0.923079 0.382087 
1533289025308 0.142574 0.93141 -0.334886 -0.596481 -0.958287 0.21457 0.188799 -0.221897 0.247706 0.294 0.92315 0.382062 
1533289025438 0.142497 0.931496 -0.334679 -0.596423 -0.958355 0.21439 0.188661 -0.221837 0.247488 0.293857 0.923254 0.381995 
1533289025630 0.142496 0.931542 -0.334552 -0.596362 -0.958376 0.214339 0.188613 -0.221806 0.247408 0.293749 0.923309 0.381929 
1533289025754 0.142569 0.931592 -0.334379 -0.596333 -0.958382 0.214351 0.188565 -0.221818 0.24734 0.29358 0.923382 0.38192 
1533289025941 0.142631 0.931693 -0.334073 -0.596281 -0.958392 0.214325 0.188547 -0.221804 0.247268 0.29328 0.923496 0.381904 
1533289026070 0.142704 0.931741 -0.333908 -0.596236 -0.958388 0.214351 0.188536 -0.221803 0.24724 0.293109 0.923558 0.381898 
1533289026241 0.142674 0.931798 -0.333762 -0.596181 -0.958391 0.214295 0.188584 -0.221749 0.247246 0.292969 0.923601 0.381889 
1533289026423 0.142636 0.931881 -0.333547 -0.596121 -0.958434 0.214172 0.188507 -0.221704 0.247103 0.292795 0.923694 0.381812 
1533289026438 0.142635 0.931884 -0.333539 -0.596118 -0.958435 0.214168 0.188504 -0.221701 0.247097 0.292788 0.923698 0.381808 
1533289026453 0.142637 0.931885 -0.333535 -0.596116 -0.958436 0.214168 0.1885 -0.2217 0.247093 0.292786 0.9237 0.381802 
1533289026655 0.142826 0.931897 -0.333421 -0.596079 -0.958414 0.214314 0.188445 -0.221661 0.247068 0.292641 0.923753 0.381784 
1533289026789 0.142917 0.931899 -0.333376 -0.596047 -0.958407 0.214382 0.188404 -0.221667 0.247044 0.292584 0.923777 0.381777 
1533289026976 0.143226 0.931882 -0.333291 -0.595977 -0.958372 0.21464 0.188291 -0.221752 0.247002 0.292448 0.923831 0.381771 
1533289027116 0.143152 0.931925 -0.333202 -0.595955 -0.958401 0.214532 0.188267 -0.221713 0.246933 0.292391 0.923868 0.381776 
1533289027269 0.143111 0.931968 -0.333098 -0.595925 -0.958424 0.214453 0.18824 -0.221666 0.246867 0.292309 0.923911 0.38178 
1533289027400 0.143189 0.932011 -0.332946 -0.595901 -0.958432 0.214471 0.188177 -0.221654 0.246791 0.292162 0.923978 0.381797 
1533289027526 0.143273 0.932012 -0.332906 -0.595889 -0.958417 0.214544 0.18817 -0.221632 0.2468 0.292103 0.923994 0.381798 
1533289027539 0.143287 0.93201 -0.332905 -0.595888 -0.958414 0.214558 0.18817 -0.22163 0.246804 0.292098 0.923995 0.381798 
