1531938825997 0 0 0 0 0 0 0 0 0 0 0 0 
1531938826007 -0.186323 0.84515 -0.501005 -0.595438 -0.975423 -0.0980785 0.197308 -0.251687 0.117617 0.525454 0.842653 0.409383 
1531938826017 -0.187239 0.845417 -0.500212 -0.597075 -0.97521 -0.0988485 0.197974 -0.254988 0.117925 0.52488 0.842968 0.407357 
1531938826027 -0.187252 0.845428 -0.500188 -0.597257 -0.975206 -0.0988576 0.19799 -0.255112 0.117939 0.524861 0.842978 0.407264 
1531938826037 -0.187253 0.845429 -0.500187 -0.597271 -0.975206 -0.0988577 0.197991 -0.255118 0.11794 0.52486 0.842978 0.407259 
1531938826047 -0.187252 0.845429 -0.500187 -0.597271 -0.975206 -0.0988576 0.197991 -0.255118 0.11794 0.524859 0.842978 0.407259 
1531938826057 -0.187253 0.845429 -0.500187 -0.597271 -0.975206 -0.0988577 0.197991 -0.255119 0.11794 0.524859 0.842978 0.407259 
1531938826067 -0.187253 0.845429 -0.500187 -0.597271 -0.975206 -0.0988579 0.197991 -0.255119 0.11794 0.524859 0.842978 0.407259 
1531938826077 -0.187253 0.845429 -0.500187 -0.59727 -0.975206 -0.0988581 0.197991 -0.255119 0.11794 0.524859 0.842979 0.407259 
1531938826087 -0.187251 0.845429 -0.500187 -0.597273 -0.975206 -0.0988541 0.197994 -0.255111 0.117944 0.52486 0.842978 0.407258 
