1532542868980 0.195597 0.66401 -0.721687 -0.403421 -0.977794 0.0755868 -0.195463 -0.438551 -0.0752392 0.743893 0.664049 0.463767 
1532542881919 0.195597 0.66401 -0.721687 -0.403421 -0.977794 0.0755868 -0.195463 -0.438551 -0.0752392 0.743893 0.664049 0.463767 
1532542882856 0.195595 0.66401 -0.721687 -0.403422 -0.977794 0.0755862 -0.195461 -0.43855 -0.0752385 0.743893 0.66405 0.463768 
1532542884466 0.204927 0.672077 -0.71156 -0.439077 -0.978326 0.118584 -0.169751 -0.401487 -0.0297065 0.730924 0.681812 0.452163 
1532542886222 0.214935 0.679626 -0.701364 -0.474675 -0.976501 0.161145 -0.143101 -0.364391 0.0157663 0.71564 0.698291 0.440629 
1532542888320 0.242173 0.695407 -0.67658 -0.562919 -0.961773 0.263952 -0.0729571 -0.271759 0.12785 0.668385 0.732746 0.412063 
1532542889323 0.242771 0.695751 -0.676013 -0.564777 -0.961341 0.265895 -0.0715804 -0.26987 0.129946 0.667256 0.733405 0.411433 
1532542890547 0.245638 0.697068 -0.673616 -0.574048 -0.95905 0.27585 -0.0642692 -0.260514 0.141017 0.661818 0.736282 0.408361 
1532542891742 0.247306 0.697936 -0.672105 -0.579541 -0.957613 0.281797 -0.0597334 -0.254823 0.147707 0.658388 0.738043 0.406551 
1532542892287 0.248607 0.6991 -0.670413 -0.579575 -0.957552 0.281651 -0.0613828 -0.254645 0.145909 0.657215 0.739445 0.406284 
1532542892771 0.252431 0.703017 -0.664865 -0.579751 -0.957371 0.281182 -0.0661703 -0.253944 0.140429 0.653226 0.744027 0.405713 
1532542893200 0.255102 0.705593 -0.661106 -0.579832 -0.95719 0.281008 -0.0694348 -0.253543 0.136784 0.650517 0.747072 0.405338 
1532542893624 0.257552 0.708313 -0.657237 -0.579986 -0.957062 0.280647 -0.0725884 -0.253097 0.133036 0.647712 0.750181 0.405001 
1532542894046 0.259075 0.709456 -0.655403 -0.579999 -0.956906 0.280703 -0.0744025 -0.252954 0.131188 0.646435 0.751606 0.404757 
1532542894346 0.260211 0.709947 -0.65442 -0.580126 -0.956709 0.281092 -0.0754656 -0.252923 0.130376 0.645727 0.752356 0.404529 
1532542894596 0.262023 0.711229 -0.652301 -0.58054 -0.956448 0.281487 -0.07728 -0.252584 0.12865 0.644141 0.75401 0.404173 
1532542894943 0.265028 0.713209 -0.648918 -0.581111 -0.955957 0.282372 -0.0800796 -0.252174 0.126123 0.64156 0.756633 0.403664 
1532542895226 0.26824 0.715041 -0.645572 -0.581617 -0.955399 0.283388 -0.0830911 -0.251882 0.123534 0.639067 0.759166 0.403186 
