1533679901404 -0.187927 0.78874 -0.585296 -0.609537 -0.973775 -0.0718181 0.215879 -0.253976 0.128237 0.610517 0.781553 0.415994 
1533679901408 0 0 0 0 0 0 0 0 0 0 0 0 
1533679901410 0 0 0 0 0 0 0 0 0 0 0 0 
1533679901414 0 0 0 0 0 0 0 0 0 0 0 0 
1533679901424 -0.189659 0.723361 -0.663911 -0.621806 -0.972051 -0.0430419 0.230789 -0.252827 0.138368 0.689127 0.711307 0.424728 
1533679901434 -0.192429 0.650033 -0.735138 -0.634076 -0.970053 -0.0128585 0.242551 -0.251677 0.148213 0.759797 0.633042 0.433461 
1533679901444 -0.196206 0.569591 -0.798166 -0.646345 -0.967805 0.0183892 0.25103 -0.250527 0.157662 0.821722 0.547645 0.442195 
1533679901454 -0.200947 0.482948 -0.85228 -0.658613 -0.96533 0.0503458 0.256131 -0.249377 0.166607 0.8742 0.456088 0.450928 
1533679901464 -0.206598 0.39109 -0.896865 -0.670881 -0.962659 0.0826488 0.257794 -0.248227 0.174945 0.916634 0.359411 0.459661 
1533679901474 -0.213093 0.295059 -0.931414 -0.683145 -0.95982 0.114931 0.256 -0.247073 0.182583 0.948541 0.258713 0.468392 
1533679901484 -0.220355 0.195951 -0.955535 -0.695396 -0.956848 0.146826 0.250767 -0.245909 0.189436 0.969559 0.155142 0.477117 
1533679901494 -0.22737 0.0955338 -0.969111 -0.705185 -0.953937 0.178166 0.241373 -0.242754 0.195722 0.979352 0.0506237 0.484458 
1533679901553 0 0 0 0 0 0 0 0 0 0 0 0 
1533679901553 0 0 0 0 0 0 0 0 0 0 0 0 
1533679901558 0 0 0 0 0 0 0 0 0 0 0 0 
1533679901560 0 0 0 0 0 0 0 0 0 0 0 0 
1533679901563 0 0 0 0 0 0 0 0 0 0 0 0 
1533679901573 -0.22737 0.0955338 -0.969111 -0.705185 -0.953937 0.178166 0.241373 -0.242754 0.195722 0.979352 0.0506237 0.484458 
1533679901583 -0.236875 -0.00699095 -0.971515 -0.719956 -0.950632 0.208005 0.230287 -0.243626 0.20047 0.978103 -0.055917 0.49459 
1533679901593 -0.236876 -0.00699152 -0.971515 -0.719956 -0.950633 0.208003 0.230287 -0.243626 0.200468 0.978103 -0.0559172 0.49459 
1533679901603 -0.236876 -0.0069921 -0.971515 -0.719956 -0.950633 0.208001 0.230288 -0.243626 0.200466 0.978104 -0.0559174 0.49459 
1533679901613 -0.236876 -0.00699267 -0.971515 -0.719956 -0.950633 0.207999 0.230288 -0.243626 0.200464 0.978104 -0.0559176 0.49459 
1533679901623 -0.236877 -0.00699324 -0.971515 -0.719956 -0.950634 0.207998 0.230288 -0.243626 0.200462 0.978104 -0.0559178 0.49459 
1533679901633 -0.236877 -0.00699382 -0.971514 -0.719956 -0.950634 0.207996 0.230289 -0.243626 0.20046 0.978105 -0.055918 0.49459 
1533679901643 -0.236878 -0.00699439 -0.971514 -0.719956 -0.950634 0.207994 0.230289 -0.243626 0.200458 0.978105 -0.0559182 0.49459 
1533679901653 -0.236878 -0.00699496 -0.971514 -0.719956 -0.950635 0.207992 0.230289 -0.243626 0.200457 0.978105 -0.0559184 0.49459 
1533679901663 -0.236775 -0.00690085 -0.97154 -0.719673 -0.950651 0.208007 0.230207 -0.243417 0.200498 0.978103 -0.0558112 0.494398 
1533679901693 0 0 0 0 0 0 0 0 0 0 0 0 
1533679901693 0 0 0 0 0 0 0 0 0 0 0 0 
1533679901703 -0.236775 -0.00690085 -0.97154 -0.719673 -0.950651 0.208007 0.230207 -0.243417 0.200498 0.978103 -0.0558112 0.494398 
1533679901708 0 0 0 0 0 0 0 0 0 0 0 0 
1533679901710 0 0 0 0 0 0 0 0 0 0 0 0 
1533679901713 0 0 0 0 0 0 0 0 0 0 0 0 
1533679901723 -0.236879 -0.0069961 -0.971514 -0.719957 -0.950635 0.207989 0.23029 -0.243627 0.200453 0.978106 -0.0559189 0.49459 
1533679901733 -0.236879 -0.0069961 -0.971514 -0.719957 -0.950635 0.207989 0.23029 -0.243627 0.200453 0.978106 -0.0559189 0.49459 
1533679901743 -0.236879 -0.0069961 -0.971514 -0.719957 -0.950635 0.207989 0.23029 -0.243627 0.200453 0.978106 -0.0559189 0.49459 
1533679901753 -0.236879 -0.0069961 -0.971514 -0.719957 -0.950635 0.207989 0.23029 -0.243627 0.200453 0.978106 -0.0559189 0.49459 
1533679901763 -0.236879 -0.0069961 -0.971514 -0.719957 -0.950635 0.207989 0.23029 -0.243627 0.200453 0.978106 -0.0559189 0.49459 
1533679901773 -0.236879 -0.0069961 -0.971514 -0.719957 -0.950635 0.207989 0.23029 -0.243627 0.200453 0.978106 -0.0559189 0.49459 
1533679901783 -0.236879 -0.0069961 -0.971514 -0.719957 -0.950635 0.207989 0.23029 -0.243627 0.200453 0.978106 -0.0559189 0.49459 
1533679901793 -0.236879 -0.0069961 -0.971514 -0.719957 -0.950635 0.207989 0.23029 -0.243627 0.200453 0.978106 -0.0559189 0.49459 
1533679901803 -0.236879 -0.0069961 -0.971514 -0.719957 -0.950635 0.207989 0.23029 -0.243627 0.200453 0.978106 -0.0559189 0.49459 
1533679901830 -0.236879 -0.0069961 -0.971514 -0.719957 -0.950635 0.207989 0.23029 -0.243627 0.200453 0.978106 -0.0559189 0.49459 
1533679901833 0 0 0 0 0 0 0 0 0 0 0 0 
1533679901843 -0.237077 -0.00678364 -0.971467 -0.719921 -0.95061 0.207833 0.230536 -0.243679 0.200339 0.978141 -0.055721 0.494632 
1533679901853 -0.237276 -0.0065705 -0.97142 -0.719882 -0.950584 0.207677 0.230782 -0.243729 0.200225 0.978175 -0.0555224 0.494672 
1533679901863 -0.237474 -0.00635781 -0.971373 -0.719844 -0.950559 0.20752 0.231027 -0.24378 0.200111 0.97821 -0.0553242 0.494714 
1533679901873 -0.237673 -0.00614533 -0.971326 -0.719807 -0.950533 0.207364 0.231273 -0.243832 0.199997 0.978245 -0.0551261 0.494755 
1533679901883 -0.237871 -0.00593259 -0.971279 -0.71977 -0.950507 0.207208 0.231519 -0.243883 0.199883 0.978279 -0.0549277 0.494796 
1533679901893 -0.23807 -0.00571995 -0.971231 -0.719732 -0.950482 0.207051 0.231764 -0.243935 0.199769 0.978313 -0.0547294 0.494837 
1533679901903 -0.238268 -0.00550699 -0.971184 -0.719694 -0.950456 0.206895 0.232009 -0.243985 0.199655 0.978348 -0.0545306 0.494878 
1533679901913 -0.238467 -0.00529452 -0.971136 -0.719656 -0.95043 0.206739 0.232255 -0.244037 0.199542 0.978382 -0.0543323 0.494919 
1533679901923 -0.238665 -0.00508211 -0.971089 -0.719619 -0.950404 0.206582 0.2325 -0.244088 0.199428 0.978416 -0.054134 0.494961 
1533679901938 0 0 0 0 0 0 0 0 0 0 0 0 
1533679901938 0 0 0 0 0 0 0 0 0 0 0 0 
1533679901940 0 0 0 0 0 0 0 0 0 0 0 0 
1533679901943 0 0 0 0 0 0 0 0 0 0 0 0 
1533679901953 -0.238665 -0.00508211 -0.971089 -0.719619 -0.950404 0.206582 0.2325 -0.244088 0.199428 0.978416 -0.054134 0.494961 
1533679901963 -0.238831 -0.00483919 -0.971049 -0.719586 -0.950384 0.206424 0.23272 -0.244138 0.199322 0.978451 -0.0538996 0.495022 
1533679901973 -0.238799 -0.00480869 -0.971057 -0.71959 -0.950391 0.206423 0.232694 -0.244135 0.199329 0.978451 -0.0538636 0.495043 
1533679901983 -0.238767 -0.00477872 -0.971065 -0.719594 -0.950397 0.206421 0.232669 -0.244134 0.199337 0.978452 -0.0538282 0.495064 
1533679901993 -0.238734 -0.00474835 -0.971073 -0.719598 -0.950404 0.20642 0.232644 -0.244132 0.199344 0.978452 -0.0537924 0.495085 
1533679902003 -0.238702 -0.00471817 -0.971081 -0.719602 -0.950411 0.206419 0.232618 -0.24413 0.199352 0.978452 -0.0537567 0.495106 
1533679902013 -0.23867 -0.0046884 -0.971089 -0.719607 -0.950417 0.206417 0.232593 -0.244129 0.199359 0.978453 -0.0537215 0.495128 
1533679902023 -0.238638 -0.00465862 -0.971097 -0.719611 -0.950423 0.206416 0.232568 -0.244129 0.199366 0.978453 -0.0536864 0.49515 
1533679902033 -0.238606 -0.00462925 -0.971105 -0.719616 -0.95043 0.206414 0.232542 -0.244127 0.199374 0.978454 -0.0536515 0.495173 
1533679902043 -0.238575 -0.00459962 -0.971113 -0.71962 -0.950436 0.206413 0.232518 -0.244127 0.199381 0.978454 -0.0536166 0.495195 
1533679902071 0 0 0 0 0 0 0 0 0 0 0 0 
1533679902071 0 0 0 0 0 0 0 0 0 0 0 0 
1533679902082 -0.238575 -0.00459962 -0.971113 -0.71962 -0.950436 0.206413 0.232518 -0.244127 0.199381 0.978454 -0.0536166 0.495195 
1533679902092 -0.23848 -0.00467676 -0.971136 -0.719622 -0.950475 0.206351 0.232412 -0.244127 0.199308 0.978467 -0.0536557 0.495245 
1533679902102 -0.238418 -0.00478722 -0.971151 -0.719625 -0.950508 0.206291 0.232334 -0.244132 0.199227 0.978479 -0.0537338 0.49528 
1533679902112 -0.238357 -0.00489743 -0.971165 -0.719628 -0.95054 0.206231 0.232255 -0.244136 0.199146 0.978491 -0.0538117 0.495315 
1533679902122 -0.238295 -0.00500747 -0.97118 -0.71963 -0.950573 0.20617 0.232176 -0.24414 0.199066 0.978503 -0.0538894 0.495349 
1533679902132 -0.238234 -0.0051181 -0.971194 -0.719634 -0.950605 0.20611 0.232098 -0.244146 0.198985 0.978516 -0.0539677 0.495385 
1533679902142 -0.238173 -0.00522839 -0.971209 -0.719637 -0.950637 0.206049 0.232019 -0.24415 0.198904 0.978528 -0.0540457 0.495419 
1533679902152 -0.238112 -0.00533873 -0.971223 -0.71964 -0.950669 0.205989 0.23194 -0.244155 0.198823 0.97854 -0.0541237 0.495454 
1533679902162 -0.23805 -0.00544871 -0.971238 -0.719643 -0.950702 0.205928 0.231861 -0.244159 0.198742 0.978552 -0.0542013 0.495489 
1533679902172 -0.237989 -0.00555914 -0.971252 -0.719646 -0.950734 0.205868 0.231783 -0.244164 0.198661 0.978564 -0.0542795 0.495524 
1533679902219 -0.237989 -0.00555914 -0.971252 -0.719646 -0.950734 0.205868 0.231783 -0.244164 0.198661 0.978564 -0.0542795 0.495524 
1533679902221 0 0 0 0 0 0 0 0 0 0 0 0 
1533679902231 -0.238131 -0.00587303 -0.971215 -0.719646 -0.95077 0.205596 0.231875 -0.244297 0.198316 0.978619 -0.0545426 0.495585 
1533679902242 -0.238335 -0.00607648 -0.971164 -0.719642 -0.950775 0.205384 0.232046 -0.244425 0.198051 0.978663 -0.0547274 0.49561 
1533679902251 -0.238538 -0.00628005 -0.971113 -0.719638 -0.950779 0.205172 0.232217 -0.244553 0.197787 0.978706 -0.0549123 0.495636 
1533679902261 -0.238742 -0.00648348 -0.971061 -0.719633 -0.950783 0.20496 0.232387 -0.244681 0.197522 0.978749 -0.0550969 0.495661 
1533679902272 -0.238945 -0.00668709 -0.97101 -0.719629 -0.950786 0.204748 0.232558 -0.244809 0.197258 0.978792 -0.0552816 0.495687 
1533679902275 0 0 0 0 0 0 0 0 0 0 0 0 
1533679902285 -0.239148 -0.00689083 -0.970959 -0.719625 -0.95079 0.204537 0.232729 -0.244937 0.196993 0.978835 -0.0554663 0.495713 
1533679902288 0 0 0 0 0 0 0 0 0 0 0 0 
1533679902291 0 0 0 0 0 0 0 0 0 0 0 0 
1533679902301 -0.239352 -0.00709467 -0.970907 -0.719622 -0.950794 0.204325 0.2329 -0.245066 0.196728 0.978877 -0.0556511 0.495739 
1533679902312 -0.239555 -0.0072986 -0.970855 -0.719618 -0.950797 0.204113 0.233072 -0.245194 0.196463 0.97892 -0.0558359 0.495765 
1533679902321 -0.239759 -0.0075026 -0.970804 -0.719615 -0.950801 0.203902 0.233243 -0.245322 0.196198 0.978963 -0.0560206 0.495791 
1533679902360 0 0 0 0 0 0 0 0 0 0 0 0 
1533679902360 0 0 0 0 0 0 0 0 0 0 0 0 
1533679902363 0 0 0 0 0 0 0 0 0 0 0 0 
1533679902374 -0.239759 -0.0075026 -0.970804 -0.719615 -0.950801 0.203902 0.233243 -0.245322 0.196198 0.978963 -0.0560206 0.495791 
1533679902378 0 0 0 0 0 0 0 0 0 0 0 0 
1533679902381 0 0 0 0 0 0 0 0 0 0 0 0 
1533679902386 0 0 0 0 0 0 0 0 0 0 0 0 
1533679902394 -0.240122 -0.00789768 -0.970711 -0.719598 -0.950829 0.20342 0.233548 -0.245581 0.195618 0.97906 -0.0563549 0.495857 
1533679902404 -0.240282 -0.00808917 -0.97067 -0.719585 -0.950853 0.20315 0.233683 -0.245713 0.195302 0.979114 -0.0565049 0.495898 
1533679902414 -0.240442 -0.00828095 -0.970628 -0.719574 -0.950878 0.202881 0.233818 -0.245845 0.194985 0.979168 -0.0566552 0.49594 
1533679902424 -0.240602 -0.0084725 -0.970587 -0.719561 -0.950902 0.202611 0.233953 -0.245976 0.194669 0.979223 -0.0568051 0.49598 
1533679902434 -0.240762 -0.00866417 -0.970546 -0.719549 -0.950926 0.202341 0.234088 -0.246107 0.194353 0.979277 -0.056955 0.496021 
1533679902444 -0.240922 -0.00885596 -0.970504 -0.719537 -0.95095 0.202072 0.234224 -0.246239 0.194037 0.979331 -0.057105 0.496063 
1533679902454 -0.241082 -0.00904783 -0.970463 -0.719525 -0.950974 0.201802 0.234359 -0.246371 0.193721 0.979385 -0.0572549 0.496104 
1533679902464 -0.241241 -0.00923937 -0.970421 -0.719512 -0.950998 0.201532 0.234494 -0.246502 0.193404 0.979438 -0.0574044 0.496144 
1533679902474 -0.241401 -0.0094314 -0.97038 -0.719501 -0.951022 0.201262 0.234629 -0.246634 0.193088 0.979492 -0.0575544 0.496186 
1533679903373 0 0 0 0 0 0 0 0 0 0 0 0 
1533679903373 0 0 0 0 0 0 0 0 0 0 0 0 
1533679903383 -0.241401 -0.0094314 -0.97038 -0.719501 -0.951022 0.201262 0.234629 -0.246634 0.193088 0.979492 -0.0575544 0.496186 
1533679903393 -0.299106 -0.252844 -0.920112 -0.729771 -0.946348 0.202201 0.252071 -0.244414 0.122313 0.946142 -0.299758 0.473465 
1533679903397 0 0 0 0 0 0 0 0 0 0 0 0 
1533679903400 0 0 0 0 0 0 0 0 0 0 0 0 
1533679903403 0 0 0 0 0 0 0 0 0 0 0 0 
1533679903413 -0.336927 -0.479716 -0.810156 -0.740056 -0.940696 0.207736 0.26821 -0.242064 0.039634 0.852478 -0.521259 0.450706 
1533679903418 0 0 0 0 0 0 0 0 0 0 0 0 
1533679903420 0 0 0 0 0 0 0 0 0 0 0 0 
1533679903423 0 0 0 0 0 0 0 0 0 0 0 0 
1533679903433 -0.352564 -0.675492 -0.647618 -0.75034 -0.934457 0.217238 0.282131 -0.239712 -0.0498902 0.704641 -0.707808 0.427945 
1533679903437 0 0 0 0 0 0 0 0 0 0 0 0 
1533679903440 0 0 0 0 0 0 0 0 0 0 0 0 
1533679903443 0 0 0 0 0 0 0 0 0 0 0 0 
1533679903453 -0.345001 -0.827448 -0.443063 -0.760624 -0.928036 0.230088 0.292931 -0.23736 -0.140442 0.512239 -0.847282 0.405184 
1533679903458 0 0 0 0 0 0 0 0 0 0 0 0 
1533679903460 0 0 0 0 0 0 0 0 0 0 0 0 
1533679903463 0 0 0 0 0 0 0 0 0 0 0 0 
1533679903473 -0.31473 -0.925708 -0.209784 -0.7709 -0.92185 0.245453 0.299907 -0.235005 -0.226135 0.287779 -0.930616 0.382422 
1533679903479 0 0 0 0 0 0 0 0 0 0 0 0 
1533679903480 0 0 0 0 0 0 0 0 0 0 0 0 
1533679903483 0 0 0 0 0 0 0 0 0 0 0 0 
1533679903493 -0.263764 -0.96396 0.0347827 -0.762955 -0.916673 0.261723 0.302013 -0.226372 -0.300231 0.0477758 -0.952669 0.356884 
1533679903496 0 0 0 0 0 0 0 0 0 0 0 0 
1533679903501 0 0 0 0 0 0 0 0 0 0 0 0 
1533679903503 0 0 0 0 0 0 0 0 0 0 0 0 
1533679903513 -0.196418 -0.941561 0.273646 -0.740762 -0.912979 0.277409 0.29919 -0.213184 -0.357617 -0.191067 -0.914113 0.32838 
1533679903523 -0.118141 -0.862503 0.492069 -0.714186 -0.910988 0.291334 0.291933 -0.199201 -0.39515 -0.41378 -0.820148 0.296985 
1533679903533 -0.0336986 -0.73206 0.680406 -0.686483 -0.910372 0.303413 0.281359 -0.186618 -0.412416 -0.609941 -0.676672 0.266695 
1533679903571 0 0 0 0 0 0 0 0 0 0 0 0 
1533679903571 0 0 0 0 0 0 0 0 0 0 0 0 
1533679903582 -0.0336986 -0.73206 0.680406 -0.686483 -0.910372 0.303413 0.281359 -0.186618 -0.412416 -0.609941 -0.676672 0.266695 
1533679903592 0.0527036 -0.557237 0.82868 -0.659713 -0.910954 0.313153 0.268512 -0.175791 -0.409128 -0.76904 -0.491112 0.239608 
1533679903595 0 0 0 0 0 0 0 0 0 0 0 0 
1533679903606 0.0527033 -0.557237 0.828679 -0.659713 -0.910953 0.313153 0.268512 -0.175791 -0.409129 -0.76904 -0.491112 0.239608 
1533679903608 0 0 0 0 0 0 0 0 0 0 0 0 
1533679903611 0 0 0 0 0 0 0 0 0 0 0 0 
1533679903622 0.052703 -0.557237 0.828679 -0.659713 -0.910953 0.313154 0.268513 -0.175791 -0.409129 -0.769039 -0.491113 0.239608 
1533679903632 0.0527027 -0.557237 0.828679 -0.659713 -0.910953 0.313155 0.268513 -0.175791 -0.40913 -0.769039 -0.491113 0.239608 
1533679903643 0.0527025 -0.557237 0.828679 -0.659713 -0.910952 0.313155 0.268513 -0.175791 -0.409131 -0.769039 -0.491113 0.239608 
1533679903652 0.0527022 -0.557237 0.828679 -0.659713 -0.910952 0.313156 0.268513 -0.175791 -0.409132 -0.769038 -0.491113 0.239608 
1533679903662 0.0527019 -0.557238 0.828679 -0.659713 -0.910952 0.313157 0.268514 -0.175791 -0.409132 -0.769038 -0.491113 0.239608 
1533679903672 0.0527016 -0.557238 0.828679 -0.659713 -0.910952 0.313157 0.268514 -0.175791 -0.409133 -0.769037 -0.491113 0.239608 
1533679903683 0.0525393 -0.557185 0.828725 -0.659665 -0.910989 0.313204 0.268334 -0.175972 -0.409071 -0.769057 -0.491134 0.239583 
1533679913862 0 0 0 0 0 0 0 0 0 0 0 0 
1533679913862 0 0 0 0 0 0 0 0 0 0 0 0 
1533679913872 0.0525393 -0.557185 0.828725 -0.659665 -0.910989 0.313204 0.268334 -0.175972 -0.409071 -0.769057 -0.491134 0.239583 
1533679913882 -0.0551036 -0.762509 0.644627 -0.691996 -0.909757 0.304392 0.282288 -0.189956 -0.411467 -0.570899 -0.710471 0.266973 
1533679913885 0 0 0 0 0 0 0 0 0 0 0 0 
1533679913889 0 0 0 0 0 0 0 0 0 0 0 0 
1533679913892 0 0 0 0 0 0 0 0 0 0 0 0 
1533679913902 -0.159136 -0.900256 0.405235 -0.725936 -0.910117 0.292834 0.293146 -0.207625 -0.382573 -0.322162 -0.865939 0.298011 
1533679913905 0 0 0 0 0 0 0 0 0 0 0 0 
1533679913909 0 0 0 0 0 0 0 0 0 0 0 0 
1533679913912 0 0 0 0 0 0 0 0 0 0 0 0 
1533679913922 -0.251128 -0.959684 0.126263 -0.755826 -0.912584 0.278225 0.299635 -0.225837 -0.322685 -0.0399787 -0.945662 0.326306 
1533679913925 0 0 0 0 0 0 0 0 0 0 0 0 
1533679913929 0 0 0 0 0 0 0 0 0 0 0 0 
1533679913932 0 0 0 0 0 0 0 0 0 0 0 0 
1533679913942 -0.321172 -0.931372 -0.171449 -0.755402 -0.91759 0.261265 0.299616 -0.234126 -0.23426 0.253548 -0.938528 0.347945 
1533679913945 0 0 0 0 0 0 0 0 0 0 0 0 
1533679913949 0 0 0 0 0 0 0 0 0 0 0 0 
1533679913952 0 0 0 0 0 0 0 0 0 0 0 0 
1533679913962 -0.360638 -0.814319 -0.45478 -0.738652 -0.923926 0.245153 0.293702 -0.236838 -0.127677 0.526103 -0.840782 0.367774 
1533679913965 0 0 0 0 0 0 0 0 0 0 0 0 
1533679913969 0 0 0 0 0 0 0 0 0 0 0 0 
1533679913972 0 0 0 0 0 0 0 0 0 0 0 0 
1533679913982 -0.365614 -0.619481 -0.694672 -0.721912 -0.930659 0.231961 0.282963 -0.239554 -0.0141537 0.749958 -0.661334 0.387605 
1533679913985 0 0 0 0 0 0 0 0 0 0 0 0 
1533679913989 0 0 0 0 0 0 0 0 0 0 0 0 
1533679913992 0 0 0 0 0 0 0 0 0 0 0 0 
1533679914002 -0.335685 -0.365534 -0.868159 -0.705718 -0.93713 0.222945 0.268483 -0.242571 0.0954118 0.903704 -0.417392 0.408086 
1533679914006 0 0 0 0 0 0 0 0 0 0 0 0 
1533679914009 0 0 0 0 0 0 0 0 0 0 0 0 
1533679914012 0 0 0 0 0 0 0 0 0 0 0 0 
1533679914015 0 0 0 0 0 0 0 0 0 0 0 0 
1533679914019 0 0 0 0 0 0 0 0 0 0 0 0 
1533679914022 0 0 0 0 0 0 0 0 0 0 0 0 
1533679914025 0 0 0 0 0 0 0 0 0 0 0 0 
1533679914036 -0.273547 -0.0765682 -0.958806 -0.688532 -0.942766 0.218971 0.251484 -0.245051 0.190695 0.972722 -0.132085 0.427404 
1533679914039 0 0 0 0 0 0 0 0 0 0 0 0 
1533679914042 0 0 0 0 0 0 0 0 0 0 0 0 
1533679914045 0 0 0 0 0 0 0 0 0 0 0 0 
1533679914056 -0.185332 0.219629 -0.957818 -0.672182 -0.946986 0.220384 0.233771 -0.248029 0.262431 0.950365 0.167141 0.44778 
1533679914085 0 0 0 0 0 0 0 0 0 0 0 0 
1533679914085 0 0 0 0 0 0 0 0 0 0 0 0 
1533679914089 0 0 0 0 0 0 0 0 0 0 0 0 
1533679914099 -0.185332 0.219629 -0.957818 -0.672182 -0.946986 0.220384 0.233771 -0.248029 0.262431 0.950365 0.167141 0.44778 
1533679914109 -0.0792882 0.494878 -0.865337 -0.655096 -0.949401 0.227146 0.216894 -0.250514 0.303894 0.838749 0.451828 0.467127 
1533679914119 -0.0792858 0.494879 -0.865337 -0.655096 -0.9494 0.227148 0.216892 -0.250514 0.303896 0.838748 0.451829 0.467127 
1533679914129 -0.0792834 0.49488 -0.865337 -0.655096 -0.9494 0.227151 0.216891 -0.250514 0.303897 0.838747 0.45183 0.467127 
1533679914139 -0.0792809 0.49488 -0.865337 -0.655096 -0.9494 0.227153 0.21689 -0.250514 0.303898 0.838746 0.451831 0.467127 
1533679914149 -0.0792785 0.494881 -0.865337 -0.655096 -0.9494 0.227155 0.216888 -0.250514 0.303899 0.838745 0.451831 0.467127 
1533679914159 -0.0792761 0.494882 -0.865337 -0.655096 -0.9494 0.227157 0.216887 -0.250514 0.3039 0.838744 0.451832 0.467127 
1533679914169 -0.0792737 0.494882 -0.865336 -0.655096 -0.9494 0.227159 0.216886 -0.250514 0.303902 0.838743 0.451833 0.467127 
1533679914179 -0.0792713 0.494883 -0.865336 -0.655096 -0.949399 0.227161 0.216885 -0.250514 0.303903 0.838742 0.451834 0.467127 
1533679914189 -0.079298 0.494839 -0.865359 -0.65515 -0.949409 0.227126 0.216878 -0.250577 0.303865 0.838778 0.451794 0.467501 
1533679914244 0 0 0 0 0 0 0 0 0 0 0 0 
1533679914244 0 0 0 0 0 0 0 0 0 0 0 0 
1533679914248 0 0 0 0 0 0 0 0 0 0 0 0 
1533679914258 -0.079298 0.494839 -0.865359 -0.65515 -0.949409 0.227126 0.216878 -0.250577 0.303865 0.838778 0.451794 0.467501 
1533679914268 -0.0792544 0.494885 -0.865337 -0.654955 -0.949397 0.227178 0.216876 -0.250421 0.303914 0.838737 0.451838 0.466933 
1533679914278 -0.0792536 0.494885 -0.865337 -0.654955 -0.949397 0.227179 0.216876 -0.250421 0.303915 0.838736 0.451838 0.466933 
1533679914288 -0.0792527 0.494886 -0.865337 -0.654955 -0.949397 0.227179 0.216875 -0.250421 0.303915 0.838736 0.451838 0.466933 
1533679914298 -0.0792519 0.494886 -0.865336 -0.654955 -0.949397 0.22718 0.216875 -0.250421 0.303915 0.838736 0.451839 0.466933 
1533679914308 -0.079251 0.494886 -0.865336 -0.654955 -0.949397 0.227181 0.216874 -0.250421 0.303916 0.838735 0.451839 0.466933 
1533679914318 -0.0792502 0.494886 -0.865336 -0.654955 -0.949397 0.227181 0.216874 -0.250421 0.303916 0.838735 0.451839 0.466933 
1533679914328 -0.0792494 0.494887 -0.865336 -0.654955 -0.949397 0.227182 0.216873 -0.250421 0.303916 0.838735 0.45184 0.466933 
1533679914338 -0.0792485 0.494887 -0.865336 -0.654955 -0.949397 0.227182 0.216873 -0.250421 0.303917 0.838734 0.45184 0.466933 
1533679914348 -0.0792477 0.494887 -0.865336 -0.654955 -0.949397 0.227183 0.216872 -0.250421 0.303917 0.838734 0.45184 0.466933 
1533679914363 0 0 0 0 0 0 0 0 0 0 0 0 
1533679914363 0 0 0 0 0 0 0 0 0 0 0 0 
1533679914365 0 0 0 0 0 0 0 0 0 0 0 0 
1533679914368 0 0 0 0 0 0 0 0 0 0 0 0 
1533679914378 -0.0792477 0.494887 -0.865336 -0.654955 -0.949397 0.227183 0.216872 -0.250421 0.303917 0.838734 0.45184 0.466933 
1533679914388 -0.0794755 0.49509 -0.865199 -0.654897 -0.949376 0.227031 0.217121 -0.250468 0.303922 0.838655 0.451983 0.466946 
1533679914398 -0.0797043 0.495293 -0.865062 -0.654841 -0.949356 0.226879 0.217371 -0.250515 0.303926 0.838577 0.452126 0.466961 
1533679914408 -0.0799338 0.495496 -0.864924 -0.654785 -0.949335 0.226726 0.217621 -0.250566 0.303931 0.838498 0.452269 0.466977 
1533679914418 -0.0801629 0.495699 -0.864787 -0.65473 -0.949314 0.226573 0.217871 -0.250615 0.303936 0.838419 0.452411 0.466993 
1533679914428 -0.0803921 0.495902 -0.864649 -0.654675 -0.949293 0.22642 0.218121 -0.250664 0.303941 0.838341 0.452554 0.46701 
1533679914438 -0.0806215 0.496106 -0.864511 -0.65462 -0.949272 0.226267 0.218371 -0.250715 0.303946 0.838261 0.452697 0.467025 
1533679914448 -0.0808507 0.496309 -0.864373 -0.654565 -0.949251 0.226114 0.218621 -0.250765 0.303951 0.838183 0.45284 0.467042 
1533679914458 -0.0810798 0.496512 -0.864235 -0.65451 -0.94923 0.225961 0.218871 -0.250814 0.303956 0.838104 0.452983 0.467058 
1533679914468 -0.081309 0.496714 -0.864097 -0.654455 -0.949209 0.225808 0.21912 -0.250864 0.30396 0.838025 0.453125 0.467075 
1533679914485 -0.081309 0.496714 -0.864097 -0.654455 -0.949209 0.225808 0.21912 -0.250864 0.30396 0.838025 0.453125 0.467075 
1533679914488 0 0 0 0 0 0 0 0 0 0 0 0 
1533679914498 -0.0815058 0.496944 -0.863947 -0.654397 -0.949193 0.225654 0.219345 -0.250912 0.303955 0.83793 0.453303 0.467111 
1533679914508 -0.0814742 0.49697 -0.863934 -0.65439 -0.949199 0.225653 0.21932 -0.25091 0.303945 0.837915 0.453339 0.467131 
1533679914518 -0.0814427 0.496996 -0.863922 -0.654383 -0.949205 0.225652 0.219295 -0.250909 0.303935 0.8379 0.453374 0.46715 
1533679914528 -0.0814111 0.497023 -0.86391 -0.654376 -0.949211 0.225651 0.219271 -0.250907 0.303925 0.837884 0.453409 0.46717 
1533679914538 -0.0813795 0.497049 -0.863898 -0.654369 -0.949217 0.22565 0.219246 -0.250906 0.303915 0.837869 0.453444 0.467189 
1533679914548 -0.0813479 0.497076 -0.863886 -0.654362 -0.949223 0.225649 0.219221 -0.250904 0.303905 0.837853 0.453479 0.467209 
1533679914558 -0.0813163 0.497102 -0.863873 -0.654355 -0.949229 0.225648 0.219196 -0.250903 0.303895 0.837838 0.453515 0.467229 
1533679914568 -0.0812847 0.497128 -0.863861 -0.654348 -0.949235 0.225647 0.219172 -0.250901 0.303884 0.837823 0.45355 0.467248 
1533679914578 -0.0812531 0.497155 -0.863849 -0.654341 -0.949241 0.225646 0.219147 -0.2509 0.303874 0.837807 0.453585 0.467268 
1533679914596 0 0 0 0 0 0 0 0 0 0 0 0 
1533679914596 0 0 0 0 0 0 0 0 0 0 0 0 
1533679914606 -0.0812531 0.497155 -0.863849 -0.654341 -0.949241 0.225646 0.219147 -0.2509 0.303874 0.837807 0.453585 0.467268 
1533679914616 -0.0812105 0.497095 -0.863888 -0.654318 -0.94928 0.225584 0.219042 -0.250903 0.303764 0.83786 0.453562 0.467317 
1533679914626 -0.0811992 0.497008 -0.863939 -0.654304 -0.949313 0.225522 0.218962 -0.250908 0.303663 0.837928 0.453504 0.467349 
1533679914636 -0.0811878 0.496921 -0.86399 -0.654288 -0.949346 0.225461 0.218882 -0.250912 0.303563 0.837996 0.453445 0.46738 
1533679914646 -0.0811765 0.496834 -0.864041 -0.654272 -0.949379 0.225399 0.218801 -0.250916 0.303462 0.838064 0.453387 0.467412 
1533679914656 -0.0811652 0.496747 -0.864092 -0.654256 -0.949413 0.225337 0.218721 -0.250919 0.303361 0.838132 0.453328 0.467444 
1533679914666 -0.0811538 0.49666 -0.864143 -0.654242 -0.949446 0.225276 0.21864 -0.250924 0.30326 0.8382 0.453269 0.467475 
1533679914676 -0.0811424 0.496573 -0.864194 -0.654225 -0.949479 0.225214 0.21856 -0.250927 0.30316 0.838269 0.453211 0.467507 
1533679914686 -0.081131 0.496486 -0.864245 -0.65421 -0.949512 0.225152 0.218479 -0.250931 0.303059 0.838337 0.453152 0.467538 
1533679914696 -0.0811196 0.496399 -0.864296 -0.654196 -0.949545 0.225091 0.218399 -0.250936 0.302958 0.838405 0.453094 0.467569 
1533679914714 0 0 0 0 0 0 0 0 0 0 0 0 
1533679914714 0 0 0 0 0 0 0 0 0 0 0 0 
1533679914717 0 0 0 0 0 0 0 0 0 0 0 0 
1533679914728 -0.0811196 0.496399 -0.864296 -0.654196 -0.949545 0.225091 0.218399 -0.250936 0.302958 0.838405 0.453094 0.467569 
1533679914738 -0.0814187 0.496165 -0.864402 -0.65416 -0.94959 0.224816 0.218487 -0.251066 0.302737 0.838617 0.452849 0.46762 
1533679914748 -0.0817298 0.496017 -0.864458 -0.654139 -0.949602 0.224602 0.218654 -0.251193 0.302616 0.838761 0.452662 0.467642 
1533679914758 -0.0820406 0.49587 -0.864513 -0.65412 -0.949614 0.224389 0.218822 -0.25132 0.302495 0.838906 0.452476 0.467663 
1533679914768 -0.0823514 0.495723 -0.864568 -0.654101 -0.949625 0.224176 0.21899 -0.251448 0.302374 0.83905 0.45229 0.467684 
1533679914778 -0.0826626 0.495574 -0.864623 -0.65408 -0.949637 0.223962 0.219158 -0.251575 0.302252 0.839194 0.452102 0.467706 
1533679914788 -0.0829733 0.495427 -0.864678 -0.654061 -0.949649 0.223749 0.219326 -0.251703 0.302131 0.839338 0.451916 0.467727 
1533679914798 -0.0832841 0.495279 -0.864733 -0.654042 -0.94966 0.223536 0.219495 -0.25183 0.30201 0.839482 0.45173 0.467748 
1533679914808 -0.0835948 0.495131 -0.864787 -0.654022 -0.949671 0.223322 0.219663 -0.251958 0.301888 0.839626 0.451543 0.46777 
1533679914818 -0.0839055 0.494983 -0.864842 -0.654003 -0.949682 0.223109 0.219831 -0.252085 0.301767 0.83977 0.451357 0.467791 
1533679914835 0 0 0 0 0 0 0 0 0 0 0 0 
1533679914835 0 0 0 0 0 0 0 0 0 0 0 0 
1533679914838 0 0 0 0 0 0 0 0 0 0 0 0 
1533679914848 -0.0839055 0.494983 -0.864842 -0.654003 -0.949682 0.223109 0.219831 -0.252085 0.301767 0.83977 0.451357 0.467791 
1533679914858 -0.084516 0.494705 -0.864942 -0.653949 -0.949727 0.222625 0.220131 -0.252342 0.301457 0.840063 0.451019 0.467842 
1533679914868 -0.084816 0.494575 -0.864987 -0.653915 -0.949759 0.222354 0.220264 -0.252474 0.30127 0.840211 0.450868 0.467873 
1533679914878 -0.0851156 0.494445 -0.865032 -0.653881 -0.949792 0.222083 0.220396 -0.252605 0.301082 0.840359 0.450717 0.467903 
1533679914888 -0.0854156 0.494314 -0.865077 -0.653847 -0.949825 0.221811 0.220529 -0.252735 0.300894 0.840508 0.450565 0.467934 
1533679914898 -0.0857152 0.494184 -0.865122 -0.653813 -0.949857 0.22154 0.220661 -0.252866 0.300706 0.840656 0.450415 0.467964 
1533679914908 -0.0860148 0.494053 -0.865166 -0.653779 -0.949889 0.221269 0.220794 -0.252997 0.300519 0.840804 0.450264 0.467994 
1533679914918 -0.0863147 0.493922 -0.865211 -0.653744 -0.949922 0.220998 0.220926 -0.253128 0.30033 0.840952 0.450112 0.468025 
1533679914928 -0.0866142 0.493792 -0.865256 -0.65371 -0.949954 0.220727 0.221059 -0.253258 0.300142 0.8411 0.449961 0.468055 
1533679914938 -0.0869137 0.493661 -0.8653 -0.653676 -0.949986 0.220456 0.221192 -0.253389 0.299954 0.841248 0.44981 0.468085 
1533679914963 -0.0869137 0.493661 -0.8653 -0.653676 -0.949986 0.220456 0.221192 -0.253389 0.299954 0.841248 0.44981 0.468085 
1533679914966 0 0 0 0 0 0 0 0 0 0 0 0 
1533679914977 -0.0872717 0.493399 -0.865414 -0.653581 -0.950001 0.220223 0.221358 -0.253585 0.299801 0.841463 0.44951 0.468142 
1533679914987 -0.0873302 0.493267 -0.865483 -0.65352 -0.949985 0.220261 0.221391 -0.25365 0.299837 0.84153 0.449361 0.468169 
1533679914997 -0.0873887 0.493136 -0.865552 -0.653459 -0.949968 0.220299 0.221424 -0.253715 0.299872 0.841597 0.449212 0.468195 
1533679915007 -0.0874471 0.493004 -0.865621 -0.653397 -0.949952 0.220337 0.221457 -0.25378 0.299908 0.841664 0.449062 0.468221 
1533679915017 -0.0875055 0.492873 -0.86569 -0.653337 -0.949935 0.220375 0.22149 -0.253845 0.299943 0.841731 0.448913 0.468248 
1533679915027 -0.087564 0.492741 -0.865759 -0.653274 -0.949919 0.220413 0.221523 -0.25391 0.299978 0.841798 0.448764 0.468274 
1533679915037 -0.0876224 0.49261 -0.865828 -0.653214 -0.949902 0.220452 0.221556 -0.253975 0.300014 0.841865 0.448615 0.4683 
1533679915047 -0.0876809 0.492478 -0.865897 -0.653151 -0.949886 0.22049 0.221589 -0.254039 0.300049 0.841932 0.448465 0.468326 
1533679915057 -0.0877393 0.492347 -0.865966 -0.653091 -0.949869 0.220528 0.221622 -0.254104 0.300084 0.841999 0.448316 0.468353 
1533679915077 0 0 0 0 0 0 0 0 0 0 0 0 
1533679915077 0 0 0 0 0 0 0 0 0 0 0 0 
1533679915087 -0.0877393 0.492347 -0.865966 -0.653091 -0.949869 0.220528 0.221622 -0.254104 0.300084 0.841999 0.448316 0.468353 
1533679915097 -0.0878748 0.492236 -0.866015 -0.652919 -0.949834 0.220558 0.221743 -0.25421 0.300156 0.842056 0.448161 0.468428 
1533679915107 -0.0879517 0.492256 -0.865996 -0.652809 -0.949815 0.22055 0.221831 -0.254252 0.300193 0.842046 0.448155 0.468478 
1533679915117 -0.0880287 0.492277 -0.865976 -0.652699 -0.949796 0.220542 0.221919 -0.254294 0.30023 0.842036 0.448148 0.468527 
1533679915127 -0.0881056 0.492297 -0.865957 -0.65259 -0.949777 0.220534 0.222008 -0.254336 0.300267 0.842026 0.448143 0.468577 
1533679915137 -0.0881826 0.492318 -0.865937 -0.652479 -0.949759 0.220526 0.222096 -0.254377 0.300303 0.842016 0.448136 0.468626 
1533679915147 -0.0882595 0.492338 -0.865918 -0.652369 -0.94974 0.220518 0.222184 -0.254419 0.30034 0.842006 0.448131 0.468676 
1533679915157 -0.0883365 0.492359 -0.865898 -0.652258 -0.949721 0.22051 0.222272 -0.25446 0.300377 0.841997 0.448124 0.468725 
1533679915167 -0.0884135 0.492379 -0.865879 -0.652149 -0.949702 0.220502 0.22236 -0.254501 0.300414 0.841987 0.448118 0.468775 
1533679915177 -0.0884904 0.4924 -0.865859 -0.652039 -0.949684 0.220494 0.222449 -0.254543 0.30045 0.841977 0.448112 0.468824 
1533679915198 0 0 0 0 0 0 0 0 0 0 0 0 
1533679915198 0 0 0 0 0 0 0 0 0 0 0 0 
1533679915208 -0.0884904 0.4924 -0.865859 -0.652039 -0.949684 0.220494 0.222449 -0.254543 0.30045 0.841977 0.448112 0.468824 
1533679915218 -0.0887483 0.492414 -0.865825 -0.651816 -0.949675 0.22033 0.222649 -0.254616 0.300402 0.842011 0.448079 0.468953 
1533679915228 -0.0889292 0.492408 -0.86581 -0.651702 -0.949685 0.220173 0.222762 -0.254647 0.300318 0.842056 0.448052 0.469033 
1533679915238 -0.0891101 0.492402 -0.865795 -0.65159 -0.949694 0.220017 0.222875 -0.25468 0.300233 0.842101 0.448025 0.469113 
1533679915248 -0.0892911 0.492395 -0.86578 -0.651476 -0.949704 0.21986 0.222988 -0.254711 0.300149 0.842145 0.447998 0.469193 
1533679915258 -0.0894721 0.492389 -0.865765 -0.651362 -0.949714 0.219704 0.2231 -0.254742 0.300064 0.84219 0.447971 0.469272 
1533679915268 -0.089653 0.492382 -0.865749 -0.651249 -0.949724 0.219547 0.223213 -0.254774 0.299979 0.842234 0.447944 0.469352 
1533679915278 -0.0898339 0.492376 -0.865734 -0.651137 -0.949733 0.219391 0.223326 -0.254806 0.299895 0.842279 0.447917 0.469432 
1533679915288 -0.0900148 0.492369 -0.865719 -0.651022 -0.949743 0.219234 0.223439 -0.254837 0.29981 0.842323 0.44789 0.469511 
1533679915298 -0.0901958 0.492363 -0.865704 -0.65091 -0.949752 0.219078 0.223552 -0.254869 0.299725 0.842368 0.447863 0.469591 
1533679915325 -0.0901958 0.492363 -0.865704 -0.65091 -0.949752 0.219078 0.223552 -0.254869 0.299725 0.842368 0.447863 0.469591 
1533679915328 0 0 0 0 0 0 0 0 0 0 0 0 
1533679915339 -0.0905918 0.49236 -0.865664 -0.650699 -0.94976 0.21877 0.223821 -0.254926 0.299582 0.842449 0.447805 0.469743 
1533679915348 -0.0908069 0.492364 -0.86564 -0.650603 -0.949757 0.218619 0.223979 -0.254951 0.299524 0.842486 0.447774 0.469816 
1533679915358 -0.091022 0.492368 -0.865615 -0.650507 -0.949755 0.218468 0.224136 -0.254978 0.299466 0.842523 0.447744 0.469888 
1533679915368 -0.0912371 0.492371 -0.86559 -0.65041 -0.949753 0.218317 0.224293 -0.255003 0.299408 0.84256 0.447713 0.46996 
1533679915378 -0.0914522 0.492375 -0.865565 -0.650314 -0.94975 0.218166 0.22445 -0.255029 0.29935 0.842597 0.447682 0.470033 
1533679915389 -0.0916673 0.492379 -0.86554 -0.650216 -0.949748 0.218014 0.224607 -0.255054 0.299292 0.842634 0.447651 0.470105 
1533679915399 -0.0918824 0.492383 -0.865515 -0.65012 -0.949746 0.217863 0.224764 -0.25508 0.299234 0.842671 0.44762 0.470178 
1533679915408 -0.0920975 0.492386 -0.865491 -0.650024 -0.949743 0.217712 0.224921 -0.255106 0.299176 0.842708 0.44759 0.47025 
1533679915418 -0.0923126 0.49239 -0.865466 -0.649926 -0.949741 0.217561 0.225078 -0.255131 0.299118 0.842745 0.447559 0.470322 
1533679915443 -0.0923126 0.49239 -0.865466 -0.649926 -0.949741 0.217561 0.225078 -0.255131 0.299118 0.842745 0.447559 0.470322 
1533679915446 0 0 0 0 0 0 0 0 0 0 0 0 
1533679915457 -0.0926878 0.492399 -0.86542 -0.649751 -0.949738 0.217289 0.22535 -0.255177 0.299008 0.84281 0.44751 0.470452 
1533679915466 -0.092848 0.492405 -0.8654 -0.649671 -0.949739 0.217169 0.225464 -0.255197 0.298957 0.842837 0.447493 0.47051 
1533679915476 -0.0930082 0.492411 -0.865379 -0.649591 -0.949739 0.217048 0.225578 -0.255217 0.298906 0.842865 0.447475 0.470567 
1533679915487 -0.0931684 0.492417 -0.865358 -0.649512 -0.94974 0.216928 0.225692 -0.255237 0.298855 0.842892 0.447457 0.470624 
1533679915497 -0.0933286 0.492423 -0.865338 -0.649432 -0.94974 0.216808 0.225807 -0.255256 0.298804 0.84292 0.447439 0.470682 
1533679915507 -0.0934888 0.492429 -0.865317 -0.649352 -0.94974 0.216687 0.225921 -0.255276 0.298753 0.842948 0.447422 0.470739 
1533679915517 -0.093649 0.492434 -0.865297 -0.649272 -0.94974 0.216567 0.226035 -0.255296 0.298702 0.842975 0.447404 0.470797 
1533679915527 -0.0938092 0.49244 -0.865276 -0.649192 -0.949741 0.216447 0.226149 -0.255316 0.298651 0.843003 0.447386 0.470854 
1533679915537 -0.0939693 0.492446 -0.865255 -0.649113 -0.949741 0.216326 0.226263 -0.255336 0.2986 0.84303 0.447368 0.470911 
1533679915564 -0.0939693 0.492446 -0.865255 -0.649113 -0.949741 0.216326 0.226263 -0.255336 0.2986 0.84303 0.447368 0.470911 
1533679915567 0 0 0 0 0 0 0 0 0 0 0 0 
1533679915578 -0.094259 0.492461 -0.865215 -0.648966 -0.949743 0.216102 0.226468 -0.255372 0.298502 0.843079 0.447342 0.471015 
1533679915588 -0.0943885 0.49247 -0.865196 -0.6489 -0.949745 0.215998 0.226559 -0.255389 0.298454 0.8431 0.447333 0.471062 
1533679915598 -0.094518 0.492479 -0.865177 -0.648835 -0.949747 0.215895 0.226649 -0.255406 0.298407 0.843122 0.447324 0.471108 
1533679915608 -0.0946475 0.492488 -0.865158 -0.648768 -0.949749 0.215791 0.22674 -0.255422 0.29836 0.843143 0.447316 0.471155 
1533679915618 -0.094777 0.492497 -0.865138 -0.648702 -0.949751 0.215688 0.226831 -0.25544 0.298313 0.843164 0.447307 0.471201 
1533679915628 -0.0949065 0.492505 -0.865119 -0.648635 -0.949753 0.215584 0.226921 -0.255456 0.298266 0.843186 0.447298 0.471248 
1533679915638 -0.095036 0.492514 -0.8651 -0.648569 -0.949755 0.21548 0.227012 -0.255473 0.298219 0.843207 0.447289 0.471294 
1533679915648 -0.0951655 0.492523 -0.865081 -0.648503 -0.949756 0.215377 0.227103 -0.25549 0.298172 0.843228 0.447281 0.471341 
1533679915658 -0.095295 0.492532 -0.865061 -0.648436 -0.949758 0.215273 0.227193 -0.255506 0.298124 0.84325 0.447272 0.471387 
1533679915677 0 0 0 0 0 0 0 0 0 0 0 0 
1533679915677 0 0 0 0 0 0 0 0 0 0 0 0 
1533679915687 -0.095295 0.492532 -0.865061 -0.648436 -0.949758 0.215273 0.227193 -0.255506 0.298124 0.84325 0.447272 0.471387 
1533679915697 -0.0955379 0.492544 -0.865028 -0.648316 -0.949758 0.215089 0.227367 -0.255537 0.298047 0.843289 0.447249 0.471474 
1533679915707 -0.0956514 0.492547 -0.865013 -0.648261 -0.949756 0.215009 0.22745 -0.25555 0.298016 0.843308 0.447234 0.471515 
1533679915717 -0.0957648 0.49255 -0.864999 -0.648205 -0.949755 0.214929 0.227534 -0.255563 0.297985 0.843327 0.447219 0.471555 
1533679915727 -0.0958783 0.492553 -0.864985 -0.648151 -0.949753 0.214849 0.227617 -0.255577 0.297955 0.843345 0.447205 0.471595 
1533679915737 -0.0959917 0.492556 -0.86497 -0.648095 -0.949751 0.214769 0.2277 -0.25559 0.297924 0.843364 0.44719 0.471636 
1533679915747 -0.0961052 0.49256 -0.864956 -0.648041 -0.949749 0.214689 0.227784 -0.255604 0.297893 0.843382 0.447175 0.471676 
1533679915757 -0.0962186 0.492563 -0.864942 -0.647987 -0.949747 0.214609 0.227867 -0.255618 0.297863 0.843401 0.447161 0.471717 
1533679915767 -0.0963321 0.492566 -0.864927 -0.647931 -0.949745 0.214528 0.22795 -0.25563 0.297832 0.84342 0.447146 0.471757 
1533679915777 -0.0964455 0.492569 -0.864913 -0.647876 -0.949743 0.214448 0.228033 -0.255644 0.297801 0.843438 0.447131 0.471797 
1533679915796 0 0 0 0 0 0 0 0 0 0 0 0 
1533679915796 0 0 0 0 0 0 0 0 0 0 0 0 
1533679915806 -0.0964455 0.492569 -0.864913 -0.647876 -0.949743 0.214448 0.228033 -0.255644 0.297801 0.843438 0.447131 0.471797 
1533679915816 -0.0966515 0.492578 -0.864885 -0.647773 -0.949744 0.21429 0.228179 -0.25567 0.297732 0.843473 0.447111 0.471871 
1533679915826 -0.0967441 0.492583 -0.864871 -0.647726 -0.949747 0.214212 0.228242 -0.255682 0.297694 0.84349 0.447106 0.471904 
1533679915836 -0.0968367 0.492589 -0.864857 -0.64768 -0.949749 0.214134 0.228304 -0.255695 0.297656 0.843506 0.4471 0.471937 
1533679915846 -0.0969293 0.492595 -0.864844 -0.647632 -0.949752 0.214056 0.228367 -0.255707 0.297618 0.843522 0.447095 0.47197 
1533679915856 -0.0970218 0.492601 -0.86483 -0.647585 -0.949754 0.213978 0.22843 -0.25572 0.297579 0.843539 0.447089 0.472003 
1533679915866 -0.0971145 0.492607 -0.864816 -0.647537 -0.949757 0.2139 0.228492 -0.255732 0.297541 0.843555 0.447084 0.472036 
1533679915876 -0.097207 0.492612 -0.864803 -0.64749 -0.949759 0.213822 0.228555 -0.255745 0.297503 0.843572 0.447078 0.472069 
1533679915886 -0.0972996 0.492618 -0.864789 -0.647443 -0.949762 0.213744 0.228617 -0.255758 0.297465 0.843588 0.447073 0.472102 
1533679915896 -0.0973922 0.492624 -0.864775 -0.647394 -0.949764 0.213666 0.22868 -0.25577 0.297426 0.843605 0.447067 0.472135 
1533679915915 0 0 0 0 0 0 0 0 0 0 0 0 
1533679915915 0 0 0 0 0 0 0 0 0 0 0 0 
1533679915926 -0.0973922 0.492624 -0.864775 -0.647394 -0.949764 0.213666 0.22868 -0.25577 0.297426 0.843605 0.447067 0.472135 
1533679915936 -0.0975735 0.492633 -0.864749 -0.647308 -0.949764 0.213528 0.228809 -0.255793 0.297367 0.843634 0.447051 0.472197 
1533679915946 -0.0976623 0.492637 -0.864737 -0.647268 -0.949762 0.213468 0.228876 -0.255803 0.297346 0.843647 0.44704 0.472227 
1533679915956 -0.0977512 0.492641 -0.864725 -0.647227 -0.949759 0.213407 0.228943 -0.255813 0.297326 0.84366 0.447029 0.472257 
1533679915966 -0.0978399 0.492644 -0.864713 -0.647188 -0.949756 0.213347 0.22901 -0.255824 0.297305 0.843673 0.447018 0.472287 
1533679915976 -0.0979288 0.492648 -0.864701 -0.647147 -0.949754 0.213287 0.229077 -0.255834 0.297284 0.843686 0.447007 0.472317 
1533679915986 -0.0980175 0.492652 -0.864689 -0.647108 -0.949751 0.213227 0.229145 -0.255845 0.297263 0.843699 0.446996 0.472347 
1533679915996 -0.0981063 0.492655 -0.864677 -0.647067 -0.949748 0.213166 0.229211 -0.255855 0.297242 0.843713 0.446985 0.472376 
1533679916006 -0.0981951 0.492659 -0.864665 -0.647027 -0.949746 0.213106 0.229279 -0.255865 0.297222 0.843726 0.446975 0.472406 
1533679916016 -0.0982839 0.492662 -0.864653 -0.646988 -0.949743 0.213046 0.229346 -0.255876 0.297201 0.843739 0.446964 0.472436 
1533679916042 -0.0982839 0.492662 -0.864653 -0.646988 -0.949743 0.213046 0.229346 -0.255876 0.297201 0.843739 0.446964 0.472436 
1533679916045 0 0 0 0 0 0 0 0 0 0 0 0 
1533679916056 -0.0984408 0.492672 -0.864629 -0.646911 -0.949742 0.212927 0.229459 -0.255896 0.297151 0.843763 0.446951 0.47249 
1533679916066 -0.0985089 0.492677 -0.864618 -0.646875 -0.949745 0.212868 0.229504 -0.255905 0.297122 0.843775 0.446948 0.472515 
1533679916076 -0.098577 0.492683 -0.864607 -0.646841 -0.949747 0.21281 0.229551 -0.255915 0.297093 0.843786 0.446946 0.472539 
1533679916086 -0.0986452 0.492689 -0.864596 -0.646804 -0.949749 0.212751 0.229596 -0.255924 0.297063 0.843798 0.446944 0.472564 
