1535148675862 0.21906 0.920077 -0.324763 -0.484807 -0.942397 0.28575 0.17388 -0.177254 0.252785 0.267966 0.929674 0.465639 
1535148681728 0.21906 0.920077 -0.324763 -0.484807 -0.942397 0.28575 0.17388 -0.177254 0.252785 0.267966 0.929674 0.465639 
1535148682724 0.21906 0.920076 -0.324765 -0.484808 -0.942398 0.285749 0.173879 -0.177254 0.252783 0.267968 0.929674 0.465639 
1535148683465 0.22667 0.921656 -0.314913 -0.514576 -0.941532 0.290103 0.171343 -0.190482 0.249276 0.257662 0.933526 0.447697 
1535148684436 0.233209 0.92341 -0.30484 -0.544706 -0.941014 0.293335 0.168665 -0.203593 0.245167 0.247524 0.93735 0.429037 
1535148685517 0.233209 0.92341 -0.30484 -0.544706 -0.941014 0.293335 0.168665 -0.203593 0.245167 0.247524 0.93735 0.429037 
1535148686206 0.239739 0.92494 -0.294978 -0.574819 -0.940437 0.296692 0.165987 -0.216758 0.241045 0.237615 0.940976 0.41031 
1535148686934 0.239739 0.92494 -0.294978 -0.574819 -0.940437 0.296692 0.165987 -0.216758 0.241045 0.237615 0.940976 0.41031 
1535148687408 0.249541 0.927022 -0.279927 -0.62005 -0.939484 0.301834 0.16207 -0.236483 0.234734 0.222544 0.946242 0.382315 
1535148687784 0.250003 0.926991 -0.279617 -0.621413 -0.939362 0.302221 0.162055 -0.237097 0.23473 0.222147 0.946336 0.381421 
1535148688342 0.251016 0.927017 -0.278622 -0.624361 -0.93923 0.302886 0.161575 -0.238583 0.234173 0.221133 0.946712 0.379639 
1535148688819 0.25128 0.927239 -0.277643 -0.627413 -0.939233 0.302898 0.161534 -0.239831 0.233878 0.220181 0.947006 0.377658 
1535148689288 0.251738 0.927462 -0.276483 -0.630503 -0.939213 0.303039 0.161387 -0.240971 0.233465 0.219049 0.947371 0.375617 
1535148689607 0.251738 0.927462 -0.276483 -0.630503 -0.939213 0.303039 0.161387 -0.240971 0.233465 0.219049 0.947371 0.375617 
1535148689745 0.252175 0.927643 -0.275473 -0.633528 -0.93921 0.303174 0.16115 -0.242355 0.233006 0.21809 0.947705 0.373685 
1535148689762 0.252049 0.927687 -0.275443 -0.633645 -0.939254 0.303039 0.161149 -0.242355 0.232966 0.218093 0.947714 0.373592 
1535148690158 0.251816 0.927272 -0.277047 -0.633821 -0.939166 0.303237 0.161293 -0.242514 0.233573 0.219577 0.947222 0.373584 
1535148690443 0.249177 0.92611 -0.283252 -0.634618 -0.939388 0.302251 0.161849 -0.243181 0.235503 0.225754 0.94529 0.373853 
1535148690764 0.248073 0.925597 -0.285883 -0.635006 -0.939522 0.301808 0.161895 -0.243485 0.236131 0.228432 0.94449 0.373866 
1535148690794 0.247753 0.925409 -0.28677 -0.635151 -0.939538 0.301725 0.161959 -0.243608 0.236404 0.229306 0.94421 0.374031 
1535148691213 0.246283 0.926225 -0.285398 -0.635121 -0.939571 0.30042 0.164179 -0.24393 0.237806 0.227717 0.944242 0.373895 
1535148691711 0.243834 0.927016 -0.28493 -0.635307 -0.939718 0.298467 0.166876 -0.244411 0.239739 0.227064 0.943911 0.373922 
1535148692284 0.241519 0.927869 -0.284125 -0.635507 -0.93968 0.296708 0.170193 -0.244835 0.242219 0.225881 0.943561 0.373971 
1535148692309 0.241519 0.927869 -0.284125 -0.635507 -0.93968 0.296708 0.170193 -0.244835 0.242219 0.225881 0.943561 0.373971 
1535148692325 0.241519 0.927869 -0.284125 -0.635507 -0.93968 0.296708 0.170193 -0.244835 0.242219 0.225881 0.943561 0.373971 
1535148692465 0.240994 0.928048 -0.283988 -0.635566 -0.9397 0.29629 0.170813 -0.244947 0.242665 0.225699 0.94349 0.374003 
1535148692586 0.240994 0.928048 -0.283988 -0.635566 -0.9397 0.29629 0.170813 -0.244947 0.242665 0.225699 0.94349 0.374003 
1535148692659 0.240974 0.92826 -0.28331 -0.635477 -0.939981 0.295889 0.16996 -0.244958 0.241595 0.22535 0.943848 0.373945 
1535148692721 0.240974 0.92826 -0.28331 -0.635477 -0.939981 0.295889 0.16996 -0.244958 0.241595 0.22535 0.943848 0.373945 
1535148692769 0.240974 0.92826 -0.28331 -0.635477 -0.939981 0.295889 0.16996 -0.244958 0.241595 0.22535 0.943848 0.373945 
1535148692849 0.240329 0.9289 -0.281755 -0.635483 -0.940519 0.294641 0.169147 -0.245106 0.240137 0.224345 0.944459 0.37388 
1535148692899 0.240329 0.9289 -0.281755 -0.635483 -0.940519 0.294641 0.169147 -0.245106 0.240137 0.224345 0.944459 0.37388 
1535148693082 0.239395 0.929774 -0.279661 -0.63546 -0.9412 0.292955 0.168288 -0.245471 0.238398 0.22293 0.945235 0.373878 
1535148693309 0.240072 0.929865 -0.278776 -0.635388 -0.941188 0.293292 0.167766 -0.245296 0.237762 0.222105 0.945589 0.373835 
1535148693692 0.242898 0.929534 -0.277431 -0.635127 -0.94098 0.295269 0.165449 -0.24523 0.235707 0.22087 0.946393 0.373651 
1535148694161 0.243211 0.929592 -0.276959 -0.635053 -0.941111 0.295286 0.164671 -0.245105 0.234859 0.2206 0.946666 0.373552 
1535148694192 0.243915 0.929569 -0.276417 -0.635006 -0.941134 0.295671 0.163848 -0.24499 0.234037 0.22018 0.946968 0.37353 
1535148694654 0.245309 0.929193 -0.27645 -0.634561 -0.940894 0.296896 0.163009 -0.244761 0.233543 0.220122 0.947103 0.373771 
1535148695207 0.247647 0.928716 -0.275966 -0.633985 -0.940663 0.298689 0.161051 -0.244279 0.231998 0.219708 0.947579 0.37386 
1535148695846 0.250404 0.928157 -0.275357 -0.633269 -0.940465 0.30072 0.158409 -0.24399 0.229834 0.219298 0.948201 0.374074 
1535148695881 0.250404 0.928157 -0.275357 -0.633269 -0.940465 0.30072 0.158409 -0.24399 0.229834 0.219298 0.948201 0.374074 
1535148695900 0.250404 0.928157 -0.275357 -0.633269 -0.940465 0.30072 0.158409 -0.24399 0.229834 0.219298 0.948201 0.374074 
1535148695915 0.250404 0.928157 -0.275357 -0.633269 -0.940465 0.30072 0.158409 -0.24399 0.229834 0.219298 0.948201 0.374074 
1535148695996 0.250869 0.928066 -0.27524 -0.633127 -0.940454 0.301037 0.157868 -0.243889 0.229369 0.219247 0.948325 0.374062 
1535148696017 0.250869 0.928066 -0.27524 -0.633127 -0.940454 0.301037 0.157868 -0.243889 0.229369 0.219247 0.948325 0.374062 
1535148696032 0.250869 0.928066 -0.27524 -0.633127 -0.940454 0.301037 0.157868 -0.243889 0.229369 0.219247 0.948325 0.374062 
1535148696129 0.250869 0.928066 -0.27524 -0.633127 -0.940454 0.301037 0.157868 -0.243889 0.229369 0.219247 0.948325 0.374062 
1535148696160 0.250869 0.928066 -0.27524 -0.633127 -0.940454 0.301037 0.157868 -0.243889 0.229369 0.219247 0.948325 0.374062 
1535148696173 0.250869 0.928066 -0.27524 -0.633127 -0.940454 0.301037 0.157868 -0.243889 0.229369 0.219247 0.948325 0.374062 
1535148696489 0.250891 0.927939 -0.275652 -0.631756 -0.940312 0.301258 0.158293 -0.24326 0.229929 0.219485 0.948135 0.374553 
1535148696536 0.250891 0.927939 -0.275652 -0.631756 -0.940312 0.301258 0.158293 -0.24326 0.229929 0.219485 0.948135 0.374553 
1535148696671 0.251121 0.927854 -0.275726 -0.631634 -0.940223 0.301518 0.158329 -0.243283 0.230042 0.219484 0.948107 0.374704 
1535148696690 0.251121 0.927854 -0.275726 -0.631634 -0.940223 0.301518 0.158329 -0.243283 0.230042 0.219484 0.948107 0.374704 
1535148696723 0.251121 0.927854 -0.275726 -0.631634 -0.940223 0.301518 0.158329 -0.243283 0.230042 0.219484 0.948107 0.374704 
1535148696853 0.251121 0.927854 -0.275726 -0.631634 -0.940223 0.301518 0.158329 -0.243283 0.230042 0.219484 0.948107 0.374704 
1535148696879 0.250281 0.928041 -0.275861 -0.630181 -0.940045 0.301119 0.160134 -0.242731 0.231678 0.219243 0.947764 0.37505 
1535148697403 0.250234 0.92783 -0.276611 -0.627618 -0.939277 0.301937 0.163072 -0.241989 0.234822 0.219008 0.947045 0.375771 
1535148697619 0.250067 0.927944 -0.276383 -0.627013 -0.939307 0.30175 0.163243 -0.241639 0.234879 0.218787 0.947082 0.375906 
1535148697732 0.250067 0.927944 -0.276383 -0.627013 -0.939307 0.30175 0.163243 -0.241639 0.234879 0.218787 0.947082 0.375906 
1535148697793 0.250067 0.927944 -0.276383 -0.627013 -0.939307 0.30175 0.163243 -0.241639 0.234879 0.218787 0.947082 0.375906 
1535148697850 0.250067 0.927944 -0.276383 -0.627013 -0.939307 0.30175 0.163243 -0.241639 0.234879 0.218787 0.947082 0.375906 
1535148697913 0.25032 0.927991 -0.275993 -0.625889 -0.939138 0.302018 0.163719 -0.241212 0.235285 0.218213 0.947113 0.376269 
1535148698383 0.250155 0.927972 -0.276209 -0.625256 -0.93909 0.301984 0.164058 -0.240885 0.235652 0.218345 0.946992 0.376444 
1535148698847 0.250094 0.927762 -0.276967 -0.623827 -0.938843 0.302304 0.164884 -0.240209 0.236701 0.218792 0.946627 0.37684 
1535148699417 0.250199 0.927486 -0.277795 -0.622343 -0.938563 0.302785 0.165593 -0.239634 0.237698 0.219297 0.94626 0.377225 
1535148699903 0.250506 0.927291 -0.278171 -0.621857 -0.938371 0.303247 0.165835 -0.239512 0.238132 0.219485 0.946108 0.377383 
1535148699931 0.250816 0.927143 -0.278383 -0.621635 -0.938239 0.303627 0.165889 -0.239504 0.238328 0.219582 0.946036 0.377427 
1535148700185 0.2502 0.927268 -0.278521 -0.621375 -0.938331 0.303129 0.166275 -0.239173 0.238609 0.219743 0.945927 0.377571 
1535148700601 0.250163 0.927104 -0.279101 -0.620618 -0.938176 0.303349 0.166747 -0.238923 0.239257 0.220132 0.945673 0.37782 
1535148701084 0.250198 0.926648 -0.280579 -0.618696 -0.937656 0.304119 0.168265 -0.238283 0.241252 0.220987 0.944967 0.378453 
1535148701336 0.250559 0.926398 -0.281083 -0.618494 -0.937402 0.3047 0.168629 -0.238332 0.241864 0.221236 0.944752 0.378567 
1535148701547 0.250048 0.926527 -0.281111 -0.618322 -0.937615 0.304147 0.168443 -0.237992 0.241566 0.221455 0.944777 0.378565 
1535148701733 0.250146 0.926212 -0.282062 -0.617699 -0.937533 0.304465 0.168326 -0.237826 0.241783 0.222336 0.944514 0.37881 
1535148701892 0.250167 0.925975 -0.282819 -0.617115 -0.937452 0.304692 0.168367 -0.237509 0.242076 0.22301 0.944281 0.379078 
1535148702073 0.250167 0.925975 -0.282819 -0.617115 -0.937452 0.304692 0.168367 -0.237509 0.242076 0.22301 0.944281 0.379078 
1535148702127 0.250205 0.925676 -0.283762 -0.616513 -0.937383 0.304953 0.168274 -0.237315 0.242301 0.223891 0.944014 0.379313 
1535148702368 0.250138 0.925465 -0.284508 -0.616042 -0.937342 0.305079 0.168273 -0.237075 0.242528 0.22459 0.94379 0.379472 
1535148702924 0.250626 0.925306 -0.284596 -0.615328 -0.937284 0.305495 0.167846 -0.236772 0.242251 0.224681 0.943839 0.379693 
1535148703342 0.251043 0.925222 -0.284502 -0.614658 -0.93715 0.305896 0.167863 -0.2365 0.242338 0.22448 0.943865 0.380002 
1535148704021 0.251565 0.925147 -0.284283 -0.613155 -0.936832 0.306519 0.168497 -0.235889 0.243023 0.223938 0.943818 0.380414 
1535148704053 0.251751 0.925096 -0.284285 -0.612956 -0.936743 0.306733 0.168603 -0.235806 0.243174 0.223856 0.943798 0.380483 
1535148704310 0.251607 0.925149 -0.284243 -0.612787 -0.936794 0.306576 0.168606 -0.235756 0.243127 0.223855 0.94381 0.380501 
1535148704568 0.251885 0.925145 -0.284008 -0.612439 -0.936633 0.306878 0.168949 -0.235667 0.243458 0.223456 0.94382 0.380596 
1535148704875 0.252103 0.925207 -0.283613 -0.611735 -0.936524 0.30706 0.169224 -0.23533 0.243654 0.222948 0.943889 0.380842 
1535148705119 0.252606 0.925185 -0.283238 -0.610548 -0.936206 0.307638 0.169931 -0.234935 0.244353 0.222243 0.943875 0.381107 
1535148705146 0.252353 0.925284 -0.283139 -0.610441 -0.936269 0.307384 0.170046 -0.234758 0.244373 0.222182 0.943884 0.381143 
1535148705449 0.253027 0.925109 -0.283109 -0.610218 -0.936036 0.308068 0.17009 -0.234836 0.244569 0.221963 0.943885 0.381197 
1535148705741 0.253547 0.925051 -0.282833 -0.609335 -0.935884 0.308524 0.170101 -0.234454 0.244613 0.22157 0.943966 0.381336 
1535148706141 0.254025 0.925068 -0.282348 -0.608557 -0.935777 0.308871 0.170058 -0.234072 0.244524 0.221016 0.944119 0.381525 
1535148706439 0.254413 0.925007 -0.282199 -0.608251 -0.935674 0.309212 0.170006 -0.234028 0.244516 0.220795 0.944173 0.381598 
1535148706469 0.254413 0.925007 -0.282199 -0.608251 -0.935674 0.309212 0.170006 -0.234028 0.244516 0.220795 0.944173 0.381598 
1535148706485 0.254413 0.925007 -0.282199 -0.608251 -0.935674 0.309212 0.170006 -0.234028 0.244516 0.220795 0.944173 0.381598 
1535148706657 0.254422 0.925044 -0.282069 -0.608026 -0.935676 0.309192 0.17003 -0.233881 0.244499 0.220666 0.944207 0.381659 
1535148706881 0.25474 0.925062 -0.281722 -0.607468 -0.935613 0.309411 0.169977 -0.233656 0.244407 0.220283 0.94432 0.381749 
1535148707093 0.25474 0.925062 -0.281722 -0.607468 -0.935613 0.309411 0.169977 -0.233656 0.244407 0.220283 0.94432 0.381749 
1535148707219 0.25534 0.925146 -0.280902 -0.606484 -0.935439 0.309844 0.170152 -0.233041 0.244451 0.21932 0.944533 0.381967 
1535148707438 0.255833 0.92519 -0.280308 -0.605802 -0.93532 0.310191 0.170172 -0.232741 0.24439 0.218642 0.944706 0.382132 
1535148707555 0.256294 0.925145 -0.280035 -0.605385 -0.935186 0.310588 0.170181 -0.232734 0.244418 0.218268 0.944785 0.382261 
1535148707745 0.25625 0.925181 -0.279957 -0.605311 -0.935201 0.31053 0.170209 -0.232645 0.244409 0.2182 0.944803 0.382281 
1535148707934 0.256212 0.925275 -0.27968 -0.605014 -0.935194 0.310458 0.170378 -0.232543 0.244476 0.217902 0.944855 0.382371 
1535148707991 0.255816 0.925484 -0.279352 -0.604387 -0.935191 0.310118 0.171011 -0.232231 0.2449 0.2175 0.944837 0.38247 
1535148708204 0.255816 0.925484 -0.279352 -0.604387 -0.935191 0.310118 0.171011 -0.232231 0.2449 0.2175 0.944837 0.38247 
1535148708243 0.255816 0.925484 -0.279352 -0.604387 -0.935191 0.310118 0.171011 -0.232231 0.2449 0.2175 0.944837 0.38247 
1535148708270 0.255741 0.925698 -0.278712 -0.603343 -0.935142 0.309989 0.17151 -0.231945 0.245164 0.216773 0.944936 0.382612 
1535148708290 0.255741 0.925698 -0.278712 -0.603343 -0.935142 0.309989 0.17151 -0.231945 0.245164 0.216773 0.944936 0.382612 
1535148708410 0.255741 0.925698 -0.278712 -0.603343 -0.935142 0.309989 0.17151 -0.231945 0.245164 0.216773 0.944936 0.382612 
1535148708486 0.25546 0.925922 -0.278226 -0.602734 -0.935147 0.309693 0.172016 -0.231621 0.245438 0.216239 0.944987 0.382708 
1535148708663 0.255574 0.925992 -0.277886 -0.602526 -0.93509 0.309762 0.172202 -0.231466 0.245536 0.215838 0.945053 0.382747 
1535148708849 0.256219 0.926208 -0.276569 -0.602556 -0.935372 0.309732 0.17072 -0.231409 0.243784 0.214954 0.945708 0.382703 
1535148709150 0.256614 0.926451 -0.275387 -0.602003 -0.935437 0.30974 0.170352 -0.231136 0.243121 0.213892 0.94612 0.382744 
1535148709171 0.256614 0.926451 -0.275387 -0.602003 -0.935437 0.30974 0.170352 -0.231136 0.243121 0.213892 0.94612 0.382744 
1535148709424 0.256689 0.926679 -0.274548 -0.601741 -0.935566 0.309526 0.17003 -0.230868 0.242543 0.213213 0.946421 0.382761 
1535148709818 0.258788 0.927557 -0.269569 -0.600981 -0.935714 0.309992 0.168357 -0.230339 0.239725 0.20867 0.94815 0.382497 
1535148710333 0.258917 0.927758 -0.268751 -0.600827 -0.935778 0.309881 0.168205 -0.230154 0.239334 0.20794 0.948409 0.382493 
1535148710361 0.258917 0.927758 -0.268751 -0.600827 -0.935778 0.309881 0.168205 -0.230154 0.239334 0.20794 0.948409 0.382493 
1535148710644 0.259703 0.928087 -0.266849 -0.600818 -0.935757 0.31012 0.167884 -0.23013 0.238566 0.206106 0.949003 0.382433 
1535148710956 0.26055 0.928563 -0.264356 -0.600833 -0.9358 0.310243 0.167416 -0.230034 0.237471 0.203764 0.949783 0.382063 
1535148711324 0.261393 0.929148 -0.261453 -0.6008 -0.935848 0.310288 0.167061 -0.229877 0.23635 0.201011 0.950649 0.381922 
1535148711358 0.261967 0.929262 -0.260473 -0.600844 -0.935772 0.310591 0.166925 -0.229822 0.236017 0.200015 0.950942 0.381782 
1535148711583 0.261967 0.929262 -0.260473 -0.600844 -0.935772 0.310591 0.166925 -0.229822 0.236017 0.200015 0.950942 0.381782 
1535148711619 0.261967 0.929262 -0.260473 -0.600844 -0.935772 0.310591 0.166925 -0.229822 0.236017 0.200015 0.950942 0.381782 
1535148711731 0.261967 0.929262 -0.260473 -0.600844 -0.935772 0.310591 0.166925 -0.229822 0.236017 0.200015 0.950942 0.381782 
1535148711783 0.261967 0.929262 -0.260473 -0.600844 -0.935772 0.310591 0.166925 -0.229822 0.236017 0.200015 0.950942 0.381782 
1535148711909 0.261967 0.929262 -0.260473 -0.600844 -0.935772 0.310591 0.166925 -0.229822 0.236017 0.200015 0.950942 0.381782 
1535148711945 0.261967 0.929262 -0.260473 -0.600844 -0.935772 0.310591 0.166925 -0.229822 0.236017 0.200015 0.950942 0.381782 
1535148712097 0.261967 0.929262 -0.260473 -0.600844 -0.935772 0.310591 0.166925 -0.229822 0.236017 0.200015 0.950942 0.381782 
1535148712162 0.261967 0.929262 -0.260473 -0.600844 -0.935772 0.310591 0.166925 -0.229822 0.236017 0.200015 0.950942 0.381782 
