1535136174132 0 0 0 0 0 0 0 0 0 0 0 0 
1535136179182 0.246722 0.930013 -0.272406 -0.587346 -0.940814 0.297269 0.162789 -0.224394 0.232373 0.21612 0.948312 0.392095 
1535136180061 0.248226 0.929402 -0.273124 -0.596783 -0.940494 0.298765 0.161897 -0.228232 0.232067 0.216684 0.948258 0.388036 
1535136180875 0.248601 0.929291 -0.27316 -0.601614 -0.940338 0.299184 0.162031 -0.230055 0.232299 0.216582 0.948224 0.386179 
1535136181713 0.249383 0.928996 -0.27345 -0.61132 -0.940191 0.299927 0.161505 -0.233707 0.232053 0.216818 0.948231 0.382138 
1535136182518 0.250113 0.928772 -0.273544 -0.621013 -0.940028 0.300614 0.161176 -0.237377 0.231927 0.216827 0.948259 0.378135 
1535136183132 0.251183 0.928387 -0.273869 -0.630685 -0.939718 0.30172 0.160922 -0.241149 0.232029 0.216938 0.948209 0.374157 
1535136183171 0.2505 0.928824 -0.273012 -0.630903 -0.939866 0.300949 0.1615 -0.240968 0.232168 0.216139 0.948357 0.37429 
1535136183332 0.2505 0.928824 -0.273012 -0.630903 -0.939866 0.300949 0.1615 -0.240968 0.232168 0.216139 0.948357 0.37429 
1535136183539 0.250347 0.928569 -0.274017 -0.630681 -0.939838 0.301041 0.161492 -0.240996 0.232447 0.217102 0.948069 0.374323 
1535136183915 0.248045 0.927927 -0.278254 -0.630091 -0.939653 0.300323 0.163883 -0.241072 0.235638 0.220812 0.946423 0.374825 
1535136184193 0.246114 0.92748 -0.281441 -0.629583 -0.939526 0.299638 0.165854 -0.241261 0.238157 0.223602 0.945137 0.375211 
1535136184468 0.245248 0.927377 -0.282534 -0.62942 -0.939501 0.299243 0.166707 -0.241267 0.239146 0.224556 0.944661 0.375378 
1535136184499 0.244824 0.927289 -0.283188 -0.629254 -0.939477 0.299083 0.16713 -0.241359 0.239675 0.225131 0.94439 0.375526 
1535136184953 0.244103 0.927235 -0.283987 -0.630167 -0.939549 0.298647 0.167504 -0.241752 0.240127 0.225932 0.944084 0.375362 
1535136185573 0.241593 0.926819 -0.287472 -0.631852 -0.939515 0.29753 0.169671 -0.242745 0.242786 0.229093 0.942641 0.375264 
1535136186221 0.24125 0.926734 -0.288031 -0.632169 -0.939484 0.297417 0.170038 -0.242991 0.243245 0.229579 0.942404 0.375313 
1535136186249 0.24125 0.926734 -0.288031 -0.632169 -0.939484 0.297417 0.170038 -0.242991 0.243245 0.229579 0.942404 0.375313 
1535136186613 0.240922 0.926936 -0.287658 -0.632552 -0.939735 0.296878 0.169592 -0.243301 0.2426 0.229464 0.942598 0.375125 
1535136187230 0.239929 0.92757 -0.286441 -0.633781 -0.940427 0.295295 0.168519 -0.243847 0.240897 0.228944 0.943161 0.374816 
1535136187894 0.239207 0.928012 -0.285612 -0.634691 -0.94094 0.294142 0.167667 -0.244307 0.239608 0.228637 0.943564 0.374532 
1535136188247 0.238771 0.928368 -0.284817 -0.634884 -0.94111 0.293526 0.167795 -0.244763 0.239377 0.227979 0.943782 0.374405 
1535136188925 0.237877 0.929009 -0.283473 -0.635322 -0.941441 0.29233 0.168023 -0.245378 0.238963 0.226904 0.944146 0.374236 
1535136189220 0.237713 0.929197 -0.282993 -0.63535 -0.941463 0.292105 0.16829 -0.245425 0.239038 0.226423 0.944242 0.374236 
1535136189582 0.240147 0.929358 -0.280399 -0.635386 -0.941554 0.293291 0.165697 -0.245406 0.236231 0.224219 0.945474 0.373918 
1535136189804 0.240449 0.929585 -0.279385 -0.635447 -0.941697 0.293191 0.165063 -0.245223 0.235353 0.223407 0.945885 0.37386 
1535136189929 0.242204 0.929771 -0.277242 -0.635526 -0.941721 0.294041 0.163405 -0.245233 0.233449 0.221507 0.946803 0.373532 
1535136189966 0.242382 0.929741 -0.277187 -0.635569 -0.941718 0.294162 0.163208 -0.245209 0.233279 0.221473 0.946853 0.373462 
1535136190352 0.243217 0.929668 -0.2767 -0.635306 -0.941664 0.294722 0.162504 -0.245079 0.232625 0.221035 0.947116 0.373563 
1535136191077 0.247323 0.92935 -0.274116 -0.634327 -0.941367 0.297472 0.159182 -0.244443 0.229478 0.218674 0.948431 0.373773 
1535136191900 0.248869 0.929209 -0.273193 -0.633968 -0.941228 0.29854 0.157998 -0.244131 0.228372 0.217816 0.948895 0.373794 
1535136191930 0.248869 0.929209 -0.273193 -0.633968 -0.941228 0.29854 0.157998 -0.244131 0.228372 0.217816 0.948895 0.373794 
1535136191947 0.248869 0.929209 -0.273193 -0.633968 -0.941228 0.29854 0.157998 -0.244131 0.228372 0.217816 0.948895 0.373794 
1535136192036 0.248869 0.929209 -0.273193 -0.633968 -0.941228 0.29854 0.157998 -0.244131 0.228372 0.217816 0.948895 0.373794 
1535136192224 0.249686 0.929111 -0.272781 -0.633782 -0.941138 0.299134 0.157414 -0.244154 0.227853 0.217421 0.949111 0.373827 
1535136192258 0.249686 0.929111 -0.272781 -0.633782 -0.941138 0.299134 0.157414 -0.244154 0.227853 0.217421 0.949111 0.373827 
1535136192358 0.249686 0.929111 -0.272781 -0.633782 -0.941138 0.299134 0.157414 -0.244154 0.227853 0.217421 0.949111 0.373827 
1535136192541 0.249066 0.929038 -0.273595 -0.631706 -0.94085 0.299107 0.159171 -0.243152 0.22971 0.217768 0.948583 0.374737 
1535136192904 0.249787 0.928679 -0.274158 -0.630825 -0.940485 0.300059 0.159536 -0.243058 0.230421 0.217991 0.94836 0.374996 
1535136193464 0.248953 0.92867 -0.274946 -0.629421 -0.939837 0.300214 0.16303 -0.242492 0.233943 0.217817 0.947537 0.37544 
1535136194105 0.248957 0.928458 -0.275655 -0.628135 -0.939258 0.300879 0.165128 -0.242154 0.236253 0.217802 0.946967 0.375786 
1535136194464 0.248863 0.928435 -0.275817 -0.627859 -0.939162 0.300929 0.16558 -0.242065 0.236732 0.21783 0.946841 0.375848 
1535136195019 0.248806 0.928366 -0.276103 -0.625884 -0.938904 0.301176 0.16659 -0.241346 0.237812 0.217786 0.946581 0.376451 
1535136195496 0.248676 0.928318 -0.27638 -0.624391 -0.938669 0.301348 0.167602 -0.240828 0.238874 0.217751 0.946321 0.376855 
1535136195833 0.248551 0.928335 -0.276436 -0.623913 -0.938616 0.301316 0.167955 -0.240591 0.239214 0.217722 0.946242 0.377027 
1535136195864 0.248872 0.928199 -0.276605 -0.623625 -0.938485 0.301695 0.168003 -0.240708 0.23939 0.217778 0.946184 0.377066 
1535136196314 0.248502 0.928275 -0.276681 -0.62328 -0.938509 0.301423 0.168361 -0.240244 0.239683 0.217829 0.946099 0.377237 
1535136196850 0.248633 0.927814 -0.278105 -0.621676 -0.93828 0.301984 0.168633 -0.239691 0.240443 0.219013 0.945632 0.37775 
1535136197388 0.248736 0.927578 -0.278799 -0.620397 -0.938057 0.302387 0.16915 -0.239197 0.241205 0.219455 0.945336 0.378173 
1535136197721 0.248543 0.927503 -0.279221 -0.619916 -0.93803 0.302351 0.169365 -0.23905 0.24151 0.219822 0.945173 0.378334 
1535136198507 0.248169 0.927183 -0.280611 -0.618564 -0.937809 0.302539 0.17025 -0.238526 0.242748 0.220909 0.944602 0.378766 
1535136198537 0.248169 0.927183 -0.280611 -0.618564 -0.937809 0.302539 0.17025 -0.238526 0.242748 0.220909 0.944602 0.378766 
1535136198839 0.248288 0.927069 -0.280885 -0.618338 -0.937752 0.302726 0.17023 -0.238514 0.242846 0.221135 0.944524 0.378784 
1535136199369 0.248785 0.926954 -0.280824 -0.617228 -0.937244 0.30353 0.171589 -0.23798 0.244294 0.220511 0.944296 0.379201 
1535136200025 0.249164 0.926778 -0.281071 -0.61672 -0.937007 0.304061 0.171945 -0.237911 0.244817 0.220523 0.944158 0.37932 
1535136200054 0.249164 0.926778 -0.281071 -0.61672 -0.937007 0.304061 0.171945 -0.237911 0.244817 0.220523 0.944158 0.37932 
1535136200519 0.249749 0.926574 -0.281222 -0.616092 -0.937144 0.304384 0.170622 -0.237364 0.243694 0.220932 0.944353 0.379552 
1535136201320 0.250503 0.926294 -0.281474 -0.615368 -0.937361 0.304768 0.168731 -0.237015 0.242079 0.221575 0.944617 0.379746 
1535136201657 0.250714 0.926202 -0.281588 -0.614914 -0.937309 0.304987 0.168628 -0.236858 0.242064 0.221658 0.944602 0.37996 
1535136201877 0.250732 0.926185 -0.281627 -0.614679 -0.937286 0.305028 0.16868 -0.236755 0.242133 0.221672 0.944581 0.380094 
1535136202116 0.250852 0.926042 -0.281994 -0.614297 -0.937272 0.305192 0.168458 -0.236484 0.242062 0.222047 0.944511 0.380173 
1535136202352 0.251169 0.925847 -0.282349 -0.613594 -0.937186 0.305561 0.168272 -0.236354 0.242069 0.222348 0.944438 0.380383 
1535136202380 0.251169 0.925847 -0.282349 -0.613594 -0.937186 0.305561 0.168272 -0.236354 0.242069 0.222348 0.944438 0.380383 
1535136202396 0.251092 0.925828 -0.282481 -0.613461 -0.937201 0.305517 0.168266 -0.236169 0.242088 0.222491 0.9444 0.380432 
1535136202544 0.251116 0.925821 -0.282481 -0.613438 -0.937192 0.305543 0.168273 -0.236153 0.2421 0.222483 0.944399 0.380445 
1535136202583 0.251116 0.925821 -0.282481 -0.613438 -0.937192 0.305543 0.168273 -0.236153 0.2421 0.222483 0.944399 0.380445 
1535136202636 0.251116 0.925821 -0.282481 -0.613438 -0.937192 0.305543 0.168273 -0.236153 0.2421 0.222483 0.944399 0.380445 
1535136202723 0.251555 0.925861 -0.281962 -0.61249 -0.937062 0.305877 0.168383 -0.235915 0.242145 0.221858 0.944534 0.380742 
1535136203180 0.25251 0.925642 -0.281826 -0.610674 -0.936789 0.306781 0.168261 -0.23524 0.242208 0.221524 0.944596 0.38114 
1535136203877 0.253155 0.925588 -0.281425 -0.609331 -0.936706 0.307241 0.167883 -0.234201 0.241856 0.221113 0.944783 0.381463 
1535136204550 0.253472 0.925489 -0.281463 -0.609071 -0.936637 0.307536 0.16773 -0.234163 0.241792 0.221114 0.944799 0.381479 
1535136204577 0.253472 0.925489 -0.281463 -0.609071 -0.936637 0.307536 0.16773 -0.234163 0.241792 0.221114 0.944799 0.381479 
1535136204882 0.253667 0.925393 -0.281603 -0.60886 -0.936606 0.307728 0.167551 -0.234058 0.241707 0.221249 0.944789 0.381473 
1535136205264 0.253557 0.925784 -0.280416 -0.607834 -0.936293 0.307718 0.169309 -0.233568 0.243033 0.219622 0.944829 0.381865 
1535136205653 0.254489 0.925852 -0.279343 -0.605945 -0.935428 0.308959 0.171808 -0.23283 0.245375 0.217582 0.944695 0.382164 
1535136205905 0.254786 0.925756 -0.279392 -0.605683 -0.935219 0.309365 0.172216 -0.232774 0.245864 0.217415 0.944607 0.382216 
1535136206312 0.254498 0.926185 -0.27823 -0.603764 -0.935335 0.308841 0.172528 -0.231997 0.245722 0.21633 0.944893 0.382769 
1535136206635 0.254633 0.92612 -0.278325 -0.603367 -0.935269 0.309013 0.172579 -0.23188 0.245835 0.216365 0.944855 0.382751 
1535136206696 0.254767 0.926282 -0.277662 -0.602546 -0.935204 0.309042 0.172875 -0.231573 0.245941 0.215628 0.944996 0.383031 
1535136207023 0.254795 0.926601 -0.276567 -0.602038 -0.93525 0.308818 0.173028 -0.231283 0.245737 0.214572 0.945289 0.383016 
1535136207443 0.255152 0.927178 -0.274298 -0.601007 -0.935312 0.308598 0.173089 -0.230831 0.245132 0.21239 0.945939 0.383143 
1535136207470 0.255323 0.927275 -0.273811 -0.600764 -0.93531 0.308631 0.17304 -0.230803 0.244962 0.211917 0.946089 0.383158 
1535136207657 0.255323 0.927275 -0.273811 -0.600764 -0.93531 0.308631 0.17304 -0.230803 0.244962 0.211917 0.946089 0.383158 
1535136207821 0.255459 0.927431 -0.273154 -0.600846 -0.935406 0.308524 0.172712 -0.230701 0.244453 0.211389 0.946339 0.383008 
1535136208049 0.256581 0.928001 -0.27015 -0.60073 -0.93555 0.308651 0.171698 -0.230633 0.242718 0.208684 0.947385 0.382842 
1535136208221 0.257836 0.928547 -0.26706 -0.600544 -0.935676 0.308881 0.170597 -0.230453 0.240897 0.205896 0.948459 0.382604 
1535136208439 0.258269 0.928845 -0.265601 -0.600521 -0.935745 0.308868 0.170242 -0.230286 0.240164 0.204567 0.948933 0.382443 
1535136208754 0.258576 0.928924 -0.265025 -0.6006 -0.935817 0.308923 0.169745 -0.230284 0.239552 0.204123 0.949183 0.382267 
1535136209040 0.260175 0.92991 -0.259953 -0.60108 -0.936327 0.308729 0.167266 -0.230295 0.235798 0.199883 0.951024 0.38185 
1535136209351 0.260734 0.930239 -0.25821 -0.60134 -0.936524 0.308655 0.166299 -0.230221 0.234396 0.19846 0.951668 0.3816 
1535136209391 0.260734 0.930239 -0.25821 -0.60134 -0.936524 0.308655 0.166299 -0.230221 0.234396 0.19846 0.951668 0.3816 
1535136209573 0.260986 0.93038 -0.257449 -0.601374 -0.936597 0.30864 0.165912 -0.230229 0.233821 0.197825 0.951942 0.381507 
1535136209599 0.260986 0.93038 -0.257449 -0.601374 -0.936597 0.30864 0.165912 -0.230229 0.233821 0.197825 0.951942 0.381507 
1535136209640 0.260986 0.93038 -0.257449 -0.601374 -0.936597 0.30864 0.165912 -0.230229 0.233821 0.197825 0.951942 0.381507 
1535136209733 0.260986 0.93038 -0.257449 -0.601374 -0.936597 0.30864 0.165912 -0.230229 0.233821 0.197825 0.951942 0.381507 
1535136209794 0.260986 0.93038 -0.257449 -0.601374 -0.936597 0.30864 0.165912 -0.230229 0.233821 0.197825 0.951942 0.381507 
1535136209923 0.260986 0.93038 -0.257449 -0.601374 -0.936597 0.30864 0.165912 -0.230229 0.233821 0.197825 0.951942 0.381507 
1535136209937 0.260986 0.93038 -0.257449 -0.601374 -0.936597 0.30864 0.165912 -0.230229 0.233821 0.197825 0.951942 0.381507 
