1533674280358 0.400153 0.870024 0.287987 -0.483913 -0.916422 0.382245 0.11857 -0.201674 -0.00692309 -0.311364 0.950266 0.328913 
1533674292037 0.400152 0.870024 0.287988 -0.483913 -0.916423 0.382245 0.118568 -0.201674 -0.00692468 -0.311364 0.950265 0.328913 
1533674293801 0.404376 0.798925 0.445196 -0.516872 -0.912122 0.38804 0.132134 -0.203217 -0.0671888 -0.459504 0.885631 0.322935 
