1530636074611 -0.331761 -0.146465 0.931924 0.388479 -0.79592 0.573757 -0.19317 -0.467701 -0.506405 -0.805823 -0.306925 0.465957 
1530636082676 -0.33176 -0.146466 0.931924 0.388479 -0.795919 0.573758 -0.193168 -0.4677 -0.506407 -0.805822 -0.306925 0.465957 
1530636083688 -0.294443 -0.134195 0.9462 0.388384 -0.829334 0.527863 -0.183211 -0.467812 -0.474878 -0.838661 -0.266717 0.462513 
1530636084672 -0.257318 -0.119839 0.958867 0.38839 -0.860118 0.48067 -0.170744 -0.467852 -0.440437 -0.868674 -0.226761 0.459038 
1530636085691 -0.220556 -0.103201 0.969899 0.388349 -0.888046 0.432506 -0.155922 -0.467894 -0.403396 -0.895705 -0.18704 0.455543 
1530636086729 -0.184091 -0.0844773 0.979272 0.388381 -0.91311 0.38344 -0.138576 -0.467935 -0.363785 -0.919694 -0.147725 0.452078 
1530636087790 -0.148672 -0.0637638 0.986829 0.388309 -0.935097 0.333702 -0.119316 -0.467983 -0.321699 -0.940519 -0.109237 0.448607 
1530636088865 -0.114019 -0.0410035 0.992632 0.38827 -0.953922 0.28365 -0.0978559 -0.468024 -0.277547 -0.958051 -0.0714557 0.44512 
1530636089969 -0.0804119 -0.016515 0.996625 0.388237 -0.969552 0.233321 -0.0743613 -0.468117 -0.231306 -0.972259 -0.034774 0.441673 
1530636091086 -0.0479313 0.00965808 0.998804 0.388208 -0.981877 0.183104 -0.0488896 -0.468152 -0.183358 -0.983046 0.000706607 0.438405 
1530636092158 -0.0166278 0.0373982 0.999162 0.388301 -0.990832 0.133379 -0.0214815 -0.467978 -0.13407 -0.990359 0.0348375 0.435611 
1530636092175 -0.0166017 0.0373757 0.999163 0.388314 -0.990836 0.133356 -0.0214518 -0.467969 -0.134047 -0.990363 0.0348193 0.435597 
1530636092940 -0.0134728 0.0402531 0.999099 0.388318 -0.991536 0.128497 -0.0185479 -0.467965 -0.129128 -0.990893 0.0381812 0.435423 
1530636093573 -0.0105764 0.0430865 0.999015 0.388284 -0.992232 0.123393 -0.0158264 -0.468008 -0.123953 -0.991422 0.0414467 0.434788 
1530636094125 -0.00752141 0.0461369 0.998907 0.388247 -0.992902 0.118229 -0.0129369 -0.468052 -0.118696 -0.991914 0.0449202 0.434363 
1530636094616 -0.00455575 0.0489764 0.99879 0.388267 -0.99351 0.113293 -0.0100871 -0.468041 -0.11365 -0.992354 0.0481425 0.433851 
1530636095088 -0.0014854 0.0520067 0.998646 0.388244 -0.994087 0.108351 -0.00712121 -0.468084 -0.108574 -0.992751 0.0515382 0.433458 
1530636095534 0.00143808 0.054964 0.998487 0.388225 -0.994619 0.103509 -0.00426539 -0.468094 -0.103587 -0.993109 0.0548171 0.432954 
1530636095970 0.00429345 0.0578661 0.998315 0.388161 -0.995158 0.0982744 -0.00141648 -0.468142 -0.0981907 -0.993476 0.0580079 0.432524 
1530636096396 0.00741814 0.0608925 0.998117 0.388214 -0.995627 0.0934061 0.00170117 -0.468128 -0.0931266 -0.993764 0.0613191 0.432109 
1530636096800 0.0103219 0.0639448 0.9979 0.388173 -0.996071 0.0884347 0.00463618 -0.468147 -0.0879525 -0.994027 0.0646064 0.431797 
1530636096816 0.0103498 0.0639024 0.997902 0.388185 -0.996073 0.0884104 0.00466935 -0.468147 -0.0879266 -0.994032 0.0645665 0.431766 
1530636097156 0.0122773 0.0645473 0.997839 0.388121 -0.995977 0.0893786 0.00647279 -0.468249 -0.0887677 -0.993904 0.0653849 0.431795 
1530636097464 0.0138459 0.0652649 0.997772 0.387863 -0.995879 0.090346 0.00791008 -0.468452 -0.0896285 -0.99377 0.0662469 0.431714 
1530636097695 0.015696 0.0659291 0.997701 0.387834 -0.995783 0.0912351 0.00963686 -0.468544 -0.09039 -0.993645 0.0670831 0.431706 
1530636097941 0.017572 0.0666657 0.997621 0.387729 -0.995696 0.0919802 0.0113916 -0.468708 -0.0910019 -0.993527 0.067995 0.431715 
1530636098184 0.0192839 0.0673938 0.99754 0.387571 -0.995578 0.0930427 0.01296 -0.468844 -0.0919404 -0.993379 0.06889 0.431592 
1530636098488 0.0211546 0.0681063 0.997454 0.387411 -0.99547 0.0939294 0.014699 -0.469035 -0.0926892 -0.993247 0.0697848 0.431625 
1530636098741 0.0228611 0.0687475 0.997372 0.387252 -0.995347 0.0949761 0.0162681 -0.469173 -0.0936081 -0.993103 0.0705988 0.431569 
1530636098988 0.0247456 0.0693187 0.997288 0.387206 -0.995232 0.0958497 0.0180324 -0.469296 -0.0943397 -0.992979 0.0713601 0.43148 
1530636099229 0.0267151 0.0701067 0.997182 0.387158 -0.995103 0.0968293 0.0198519 -0.469377 -0.0951647 -0.992829 0.0723502 0.431476 
1530636099242 0.0267242 0.0701529 0.997178 0.387148 -0.995099 0.0968658 0.0198538 -0.469395 -0.0951997 -0.992822 0.0723978 0.431487 
1530636099511 0.027908 0.0668733 0.997371 0.387026 -0.995212 0.0953553 0.021454 -0.469574 -0.0936699 -0.993195 0.0692143 0.431984 
1530636099840 0.0291513 0.0631985 0.997575 0.386896 -0.995311 0.0939185 0.0231352 -0.469786 -0.0922286 -0.993572 0.06564 0.432409 
1530636100133 0.0306057 0.0598924 0.997736 0.386831 -0.99541 0.0923833 0.0249887 -0.469961 -0.0906775 -0.993921 0.0624449 0.432924 
1530636100496 0.0332635 0.0529749 0.998042 0.386683 -0.995589 0.0894046 0.0284363 -0.470305 -0.0877231 -0.994586 0.0557151 0.433836 
1530636100780 0.034516 0.0494379 0.998181 0.386558 -0.995676 0.0878914 0.0300763 -0.470534 -0.0862446 -0.994903 0.0522578 0.43425 
1530636101063 0.0359233 0.046171 0.998287 0.386482 -0.995761 0.08629 0.0318415 -0.470708 -0.0846721 -0.9952 0.0490751 0.434815 
1530636101362 0.0372098 0.0426584 0.998397 0.38638 -0.995835 0.0848031 0.0334909 -0.470896 -0.0832385 -0.995484 0.0456362 0.435235 
1530636101725 0.0386701 0.0392601 0.99848 0.386394 -0.995895 0.0833496 0.0352927 -0.471051 -0.0818373 -0.995747 0.0423221 0.43573 
1530636102078 0.0371406 0.0426689 0.998399 0.386386 -0.995839 0.0847859 0.0334218 -0.470873 -0.0832241 -0.995485 0.0456403 0.435193 
1530636102407 0.038755 0.0428061 0.998331 0.386457 -0.996073 0.0812398 0.035184 -0.471053 -0.0795981 -0.995775 0.0457865 0.435208 
1530636102730 0.0399723 0.0430044 0.998275 0.386343 -0.99629 0.0779188 0.0365362 -0.471293 -0.0762131 -0.996032 0.0459594 0.435148 
1530636103064 0.0414717 0.0432148 0.998205 0.386317 -0.996493 0.0744641 0.0381768 -0.471461 -0.0726807 -0.996287 0.0461514 0.435108 
1530636103394 0.0426553 0.0434375 0.998145 0.386233 -0.996701 0.070898 0.0395083 -0.471645 -0.0690503 -0.996537 0.0463184 0.435041 
1530636103825 0.0444958 0.0437195 0.998052 0.386293 -0.996874 0.0672386 0.0414978 -0.471757 -0.0652933 -0.996779 0.0465746 0.435094 
1530636104160 0.0456545 0.043849 0.997994 0.38622 -0.997037 0.0639108 0.0428027 -0.471956 -0.0619058 -0.996992 0.046637 0.434953 
1530636104542 0.0471531 0.04399 0.997919 0.38615 -0.997187 0.0603381 0.0444588 -0.472166 -0.0582568 -0.997208 0.0467114 0.434897 
1530636104919 0.0498219 0.0445647 0.997763 0.386014 -0.997441 0.0534998 0.0474162 -0.472516 -0.0512671 -0.997573 0.0471162 0.43493 
1530636104936 0.0498795 0.0445491 0.997761 0.386025 -0.99744 0.053473 0.0474759 -0.472508 -0.0512383 -0.997575 0.0471022 0.43492 
1530636105245 0.0495442 0.0444065 0.997784 0.386295 -0.997472 0.0531553 0.047163 -0.47256 -0.0509432 -0.997598 0.0469277 0.434964 
1530636105515 0.0494768 0.0440794 0.997802 0.386341 -0.997487 0.0528965 0.0471244 -0.472527 -0.050703 -0.997627 0.0465858 0.434964 
1530636105724 0.0493776 0.0439823 0.997811 0.386312 -0.997519 0.0523702 0.0470547 -0.472463 -0.050186 -0.997659 0.0464591 0.435021 
1530636105927 0.0492191 0.0438273 0.997826 0.386266 -0.997539 0.0520979 0.0469167 -0.472421 -0.0499284 -0.99768 0.0462836 0.435047 
1530636106149 0.0491536 0.0435093 0.997843 0.38627 -0.997558 0.0517602 0.0468826 -0.47239 -0.0496088 -0.997711 0.0459473 0.435068 
1530636106334 0.0490365 0.0432874 0.997859 0.386265 -0.997569 0.0516388 0.0467822 -0.472385 -0.0495031 -0.997727 0.0457144 0.434942 
1530636106590 0.048574 0.0428036 0.997902 0.386183 -0.997633 0.0507733 0.0463831 -0.472364 -0.0486814 -0.997793 0.0451685 0.435058 
1530636106783 0.0484058 0.0425257 0.997922 0.386176 -0.997651 0.0505462 0.0462386 -0.472338 -0.0484748 -0.997816 0.0448726 0.435029 
1530636106802 0.0483949 0.0424896 0.997924 0.386178 -0.997651 0.0505457 0.0462295 -0.472333 -0.0484765 -0.997818 0.0448359 0.435033 
1530636107093 0.0482392 0.0418998 0.997957 0.386428 -0.997731 0.0489939 0.0461712 -0.472331 -0.0469592 -0.99792 0.0441681 0.435079 
1530636107396 0.0480733 0.0413832 0.997986 0.386442 -0.997821 0.0471882 0.0461087 -0.472288 -0.045185 -0.998028 0.0435616 0.435203 
1530636107684 0.047767 0.040801 0.998025 0.386362 -0.997908 0.0455338 0.0458999 -0.472277 -0.0435711 -0.998129 0.0428906 0.435328 
1530636107988 0.0476201 0.0402494 0.998054 0.386341 -0.997981 0.0439473 0.0458443 -0.472213 -0.0420166 -0.998223 0.0422609 0.435424 
1530636108293 0.047459 0.0396541 0.998086 0.38631 -0.998055 0.0423055 0.0457768 -0.472156 -0.0404093 -0.998317 0.0415848 0.435518 
1530636108604 0.0472493 0.0390797 0.998118 0.386232 -0.998137 0.0404622 0.045666 -0.472104 -0.0386015 -0.998417 0.0409187 0.435621 
1530636108817 0.047085 0.0384821 0.998149 0.386208 -0.998196 0.0390798 0.0455805 -0.47206 -0.0372534 -0.998495 0.0402528 0.435714 
1530636109049 0.0466448 0.038104 0.998185 0.386049 -0.998285 0.0371617 0.0452309 -0.472071 -0.0353707 -0.998583 0.039772 0.435932 
1530636109294 0.0466594 0.0374758 0.998208 0.386039 -0.998344 0.035406 0.0453366 -0.471985 -0.0336436 -0.99867 0.0390657 0.436025 
1530636109308 0.04666 0.0374514 0.998209 0.386039 -0.998344 0.0354195 0.0453374 -0.471985 -0.033658 -0.998671 0.0390421 0.436009 
1530636109598 0.0465354 0.0364236 0.998252 0.386261 -0.998278 0.0374159 0.0451714 -0.471998 -0.0357052 -0.998636 0.0381021 0.436131 
1530636109982 0.0466737 0.0355103 0.998279 0.386176 -0.998193 0.0395198 0.0452639 -0.471997 -0.0378445 -0.998588 0.0372907 0.436355 
1530636110261 0.0466423 0.0345782 0.998313 0.386157 -0.998114 0.0415437 0.0451941 -0.471975 -0.0399109 -0.998538 0.0364507 0.436418 
1530636110512 0.046719 0.0336178 0.998342 0.38612 -0.998023 0.0436306 0.0452348 -0.471929 -0.0420376 -0.998482 0.0355898 0.436495 
1530636110780 0.0467934 0.0328366 0.998365 0.386058 -0.997929 0.0457086 0.0452696 -0.47188 -0.0441474 -0.998415 0.0349075 0.436706 
1530636111038 0.0467665 0.0316639 0.998404 0.386025 -0.997836 0.0477241 0.0452263 -0.471849 -0.0462159 -0.998359 0.0338273 0.436802 
1530636111361 0.0468816 0.0296956 0.998459 0.385907 -0.997629 0.0518125 0.0453016 -0.471772 -0.0503874 -0.998215 0.0320543 0.437048 
1530636111691 0.0468638 0.0289046 0.998483 0.385806 -0.997527 0.0537742 0.0452622 -0.471736 -0.0523844 -0.998135 0.0313532 0.437289 
1530636111708 0.0468674 0.0288768 0.998484 0.385807 -0.997525 0.0538017 0.0452665 -0.471736 -0.0524129 -0.998134 0.0313269 0.437276 
1530636111990 0.0463148 0.0307473 0.998454 0.386128 -0.997548 0.0539232 0.0446122 -0.471615 -0.0524681 -0.998072 0.0331694 0.437106 
1530636112252 0.0454162 0.0327269 0.998432 0.386011 -0.997581 0.054136 0.043603 -0.47154 -0.0526242 -0.997997 0.0351064 0.436819 
1530636112502 0.0447363 0.0345914 0.9984 0.385948 -0.997596 0.0544979 0.0428121 -0.471411 -0.0529298 -0.997915 0.0369463 0.436519 
1530636112739 0.0440944 0.0363621 0.998365 0.385914 -0.997624 0.0545617 0.0420744 -0.471276 -0.0529426 -0.997848 0.0386815 0.436214 
1530636112980 0.0433763 0.0383011 0.998324 0.385873 -0.997645 0.054808 0.041244 -0.471136 -0.0531365 -0.997762 0.0405882 0.435956 
1530636113200 0.0427442 0.0401194 0.99828 0.38584 -0.997663 0.0550208 0.0405066 -0.470991 -0.0533011 -0.997679 0.0423775 0.435667 
1530636113437 0.0421123 0.041972 0.998231 0.385802 -0.997688 0.0551088 0.0397723 -0.470844 -0.053342 -0.997598 0.0441957 0.435403 
1530636113689 0.0414591 0.0438316 0.998178 0.385767 -0.997704 0.0553566 0.0390086 -0.470705 -0.053546 -0.997504 0.046026 0.43512 
1530636113946 0.0408394 0.0457136 0.998119 0.385761 -0.997717 0.0556331 0.038275 -0.470551 -0.0537788 -0.997404 0.0478813 0.434884 
1530636113963 0.0409015 0.0457216 0.998117 0.385801 -0.997717 0.0556 0.0383382 -0.470528 -0.0537424 -0.997406 0.0478913 0.434894 
1530636114237 0.0409475 0.0475018 0.998032 0.385886 -0.997787 0.0543175 0.0383522 -0.470591 -0.0523888 -0.997393 0.0496208 0.434565 
1530636114504 0.0412359 0.0494836 0.997923 0.385903 -0.997863 0.0527072 0.0386199 -0.47061 -0.0506867 -0.997383 0.0515513 0.434374 
1530636114799 0.041469 0.0513899 0.997817 0.385907 -0.997928 0.0512958 0.0388318 -0.47065 -0.0491883 -0.99736 0.0534106 0.434016 
1530636115072 0.0417295 0.053357 0.997703 0.385897 -0.997994 0.0497994 0.0390784 -0.470657 -0.0475999 -0.997333 0.0553281 0.433787 
1530636115353 0.0420072 0.0552681 0.997588 0.385925 -0.998053 0.0483959 0.0393456 -0.470641 -0.0461046 -0.997298 0.0571934 0.433523 
1530636115632 0.0421748 0.0571898 0.997472 0.38592 -0.998118 0.0468986 0.0395132 -0.470624 -0.0445203 -0.997261 0.0590601 0.433255 
1530636115992 0.042528 0.0610378 0.997229 0.385918 -0.998236 0.0439843 0.0398788 -0.470633 -0.0414283 -0.997166 0.0628007 0.432701 
1530636116265 0.0426881 0.0629016 0.997106 0.385908 -0.998293 0.042504 0.0400576 -0.470672 -0.0398614 -0.997114 0.0646086 0.432439 
1530636116279 0.0426845 0.0629011 0.997107 0.385909 -0.998294 0.0424788 0.0400556 -0.470672 -0.0398364 -0.997115 0.064607 0.432435 
1530636116546 0.0428701 0.0627331 0.997109 0.38601 -0.998238 0.0436792 0.0401706 -0.47068 -0.0410329 -0.997074 0.064495 0.43244 
1530636116781 0.0429863 0.0626335 0.99711 0.386042 -0.998185 0.0448173 0.0402175 -0.470683 -0.0421688 -0.99703 0.0644464 0.432431 
1530636117026 0.0430621 0.0624679 0.997118 0.386059 -0.998141 0.0457707 0.0402389 -0.470679 -0.0431251 -0.996997 0.0643228 0.432469 
1530636117317 0.0430997 0.0622428 0.99713 0.386063 -0.998089 0.0469171 0.0402125 -0.470685 -0.0442796 -0.996958 0.064146 0.432527 
1530636117532 0.0432258 0.0622758 0.997122 0.38606 -0.998037 0.0479589 0.0402701 -0.470687 -0.045313 -0.996906 0.0642267 0.432549 
1530636117755 0.0433703 0.0620961 0.997127 0.386085 -0.997981 0.0490568 0.0403524 -0.470672 -0.0464102 -0.996864 0.0640983 0.43256 
1530636118024 0.0434999 0.0621705 0.997117 0.386122 -0.997963 0.0493171 0.0404619 -0.470637 -0.0466594 -0.996846 0.0641892 0.432602 
1530636118244 0.0438583 0.0618854 0.997119 0.38616 -0.997855 0.051268 0.0407087 -0.470594 -0.048601 -0.996766 0.0640012 0.43265 
1530636118465 0.0439358 0.0616963 0.997127 0.386158 -0.99779 0.0525173 0.0407156 -0.470616 -0.0498545 -0.996712 0.0638673 0.432569 
1530636118482 0.0439374 0.0617181 0.997126 0.386155 -0.997788 0.0525422 0.0407144 -0.470617 -0.0498783 -0.99671 0.0638902 0.432579 
1530636118819 0.0439845 0.0604835 0.9972 0.386211 -0.997804 0.0521398 0.0408487 -0.4707 -0.0495231 -0.996806 0.062644 0.432721 
1530636119073 0.044315 0.0594938 0.997245 0.386353 -0.99782 0.0514916 0.0412687 -0.470697 -0.0488945 -0.9969 0.061646 0.432896 
1530636119335 0.0446762 0.0573884 0.997352 0.386355 -0.997838 0.0507235 0.0417793 -0.470747 -0.0481915 -0.997063 0.0595305 0.433266 
1530636119578 0.0448804 0.0560366 0.997419 0.386413 -0.997856 0.0501166 0.0420844 -0.470762 -0.047629 -0.99717 0.0581658 0.433366 
1530636119801 0.0449093 0.0550773 0.997472 0.386394 -0.997875 0.0496504 0.042186 -0.470803 -0.0472014 -0.997247 0.0571901 0.43356 
1530636120018 0.0451577 0.0540724 0.997515 0.386411 -0.997875 0.0493862 0.0424969 -0.470836 -0.0469656 -0.997315 0.0561877 0.433707 
1530636120316 0.0453792 0.0527871 0.997574 0.386434 -0.997885 0.0489137 0.0428051 -0.470887 -0.0465354 -0.997407 0.0548951 0.433874 
1530636120610 0.0455672 0.0516223 0.997627 0.386455 -0.997904 0.0482959 0.0430808 -0.470951 -0.0459573 -0.997498 0.0537148 0.433986 
1530636120627 0.0455889 0.0516164 0.997626 0.386459 -0.997898 0.0483857 0.0430979 -0.47095 -0.0460463 -0.997494 0.0537138 0.433987 
1530636120979 0.0450192 0.0513118 0.997667 0.386676 -0.997878 0.0493456 0.0424908 -0.470853 -0.0470503 -0.997463 0.0534244 0.433991 
1530636121219 0.044173 0.0513904 0.997701 0.386533 -0.997862 0.0504193 0.0415831 -0.470818 -0.0481664 -0.997405 0.0535077 0.434039 
1530636121467 0.0436048 0.0510966 0.997741 0.386505 -0.997836 0.0514317 0.040975 -0.470687 -0.0492218 -0.997368 0.0532286 0.434089 
1530636121728 0.0425583 0.0505526 0.997814 0.386575 -0.997775 0.0534561 0.0398483 -0.47044 -0.0513249 -0.99729 0.0527151 0.434066 
1530636121965 0.0418642 0.0502741 0.997858 0.386539 -0.997742 0.0546116 0.0391079 -0.470352 -0.0525285 -0.997241 0.0524468 0.434114 
1530636122204 0.0411716 0.0500276 0.997899 0.386494 -0.99771 0.0557022 0.0383713 -0.470259 -0.0536655 -0.997193 0.0522064 0.434053 
1530636122410 0.0408175 0.049967 0.997916 0.386531 -0.997666 0.0567541 0.0379655 -0.470134 -0.0547388 -0.997137 0.0521669 0.434132 
1530636122615 0.0402866 0.0496951 0.997952 0.38654 -0.997626 0.0578219 0.0373941 -0.470035 -0.0558452 -0.997089 0.0519066 0.434141 
1530636122881 0.0409496 0.0500862 0.997905 0.386524 -0.997661 0.0567533 0.0380911 -0.470157 -0.0547265 -0.997131 0.052293 0.434146 
1530636123172 0.0413061 0.0503461 0.997877 0.386577 -0.997671 0.0563382 0.0384551 -0.470293 -0.0542826 -0.997142 0.0525559 0.434115 
1530636123412 0.0429683 0.050765 0.997786 0.386731 -0.997641 0.0557021 0.0401281 -0.470431 -0.0535417 -0.997156 0.0530386 0.434045 
1530636123639 0.043894 0.0510062 0.997733 0.386838 -0.997627 0.0552668 0.0410639 -0.47053 -0.053047 -0.997168 0.0533111 0.434011 
1530636123947 0.0445092 0.0511567 0.997698 0.386834 -0.99762 0.0549218 0.0416897 -0.470671 -0.0526627 -0.997179 0.0534795 0.433912 
1530636124158 0.0452564 0.0515126 0.997646 0.386878 -0.997609 0.0545542 0.0424378 -0.470734 -0.0522397 -0.997181 0.0538583 0.433897 
1530636124408 0.0459602 0.0518687 0.997596 0.38688 -0.997602 0.0541123 0.043147 -0.470842 -0.0517442 -0.997187 0.0542314 0.433891 
1530636124626 0.0472596 0.0520827 0.997524 0.386987 -0.997575 0.0535461 0.0444663 -0.47106 -0.0510976 -0.997206 0.0544869 0.433711 
1530636124874 0.0473638 0.0520938 0.997518 0.386988 -0.997572 0.0535199 0.0445714 -0.471066 -0.0510652 -0.997207 0.0545022 0.433681 
1530636125132 0.0469884 0.0526926 0.997505 0.387096 -0.997595 0.0534087 0.0441714 -0.471093 -0.050948 -0.997182 0.0550754 0.433658 
1530636125359 0.0471678 0.0533227 0.997463 0.38717 -0.997598 0.0532207 0.0443291 -0.471066 -0.0507219 -0.997158 0.0557049 0.433644 
1530636125632 0.0471707 0.0539923 0.997427 0.387238 -0.997593 0.0533437 0.044291 -0.471035 -0.050815 -0.997115 0.0563786 0.433519 
1530636125856 0.0472641 0.0544438 0.997398 0.387312 -0.997609 0.0529786 0.0443822 -0.470969 -0.0504244 -0.99711 0.0568176 0.433482 
1530636126074 0.0471168 0.0550121 0.997373 0.387246 -0.997605 0.053205 0.0441931 -0.471002 -0.0506341 -0.997067 0.0573872 0.433347 
1530636126275 0.0470149 0.0555164 0.99735 0.387281 -0.997624 0.0529423 0.0440808 -0.470984 -0.0503548 -0.997053 0.0578736 0.433295 
1530636126477 0.0470546 0.0561106 0.997315 0.387326 -0.99763 0.0528248 0.0440975 -0.470953 -0.0502086 -0.997026 0.0584633 0.433221 
1530636126667 0.0468991 0.0565516 0.997298 0.387309 -0.997639 0.0527996 0.0439211 -0.470959 -0.0501731 -0.997003 0.0588943 0.433091 
1530636126862 0.0468056 0.0571508 0.997268 0.387303 -0.997645 0.0527883 0.0437981 -0.470937 -0.050141 -0.996969 0.059487 0.432957 
1530636126876 0.0467967 0.0571924 0.997266 0.3873 -0.997646 0.0527771 0.0437878 -0.470937 -0.0501284 -0.996967 0.0595276 0.432956 
1530636127153 0.046513 0.0559956 0.997347 0.387375 -0.997563 0.0545805 0.0434587 -0.470931 -0.0520022 -0.996938 0.0583978 0.433163 
1530636127425 0.0462418 0.0547548 0.997429 0.387405 -0.997486 0.0562123 0.0431586 -0.47092 -0.0537046 -0.996916 0.0572165 0.433318 
1530636127676 0.0460433 0.053365 0.997513 0.38742 -0.99739 0.0580476 0.0429322 -0.470909 -0.0556122 -0.996886 0.0558984 0.433418 
1530636127909 0.0458629 0.0522381 0.997581 0.38742 -0.997294 0.0598334 0.0427166 -0.470894 -0.0574573 -0.996841 0.0548409 0.433623 
1530636128147 0.0456937 0.0508545 0.99766 0.38746 -0.997191 0.0616619 0.0425291 -0.470862 -0.0593548 -0.996801 0.0535292 0.433734 
1530636128384 0.045516 0.0496657 0.997728 0.387478 -0.997092 0.0633683 0.0423325 -0.470835 -0.0611219 -0.996754 0.0524055 0.433928 
1530636128644 0.045328 0.048296 0.997804 0.387515 -0.996984 0.065165 0.0421366 -0.470798 -0.0629868 -0.996705 0.0511042 0.434092 
1530636128922 0.0451428 0.0470819 0.99787 0.387536 -0.996878 0.0668895 0.041942 -0.470767 -0.0647723 -0.996649 0.0499545 0.434282 
1530636129173 0.0449122 0.0457866 0.997941 0.387546 -0.996763 0.068735 0.0417056 -0.470757 -0.0666839 -0.996584 0.0487254 0.434404 
1530636129186 0.0449142 0.0457824 0.997941 0.387547 -0.996763 0.068732 0.0417079 -0.470754 -0.066681 -0.996584 0.0487212 0.434418 
1530636129398 0.0450942 0.0460388 0.997921 0.387685 -0.996796 0.0681336 0.0419 -0.470756 -0.0660629 -0.996613 0.0489637 0.434411 
1530636129708 0.0449802 0.045997 0.997928 0.387752 -0.996859 0.0672503 0.0418322 -0.470759 -0.0651869 -0.996675 0.0488774 0.434361 
1530636130008 0.0453134 0.0462214 0.997903 0.387861 -0.996917 0.066149 0.0422047 -0.470781 -0.0640595 -0.996739 0.0490763 0.434256 
1530636130220 0.0452436 0.046365 0.997899 0.387846 -0.996959 0.0655377 0.0421559 -0.470776 -0.0634455 -0.996772 0.0491892 0.434308 
1530636130464 0.0451004 0.046409 0.997904 0.387859 -0.997021 0.0646554 0.0420536 -0.470798 -0.0625682 -0.996828 0.0491867 0.434271 
1530636130656 0.0452148 0.0464709 0.997896 0.387925 -0.997048 0.0641511 0.042189 -0.470807 -0.0620555 -0.996858 0.0492343 0.434222 
1530636130835 0.0453853 0.0466933 0.997878 0.387994 -0.997087 0.0634101 0.0423822 -0.47081 -0.0612965 -0.996895 0.0494352 0.434256 
1530636131129 0.0453514 0.0468115 0.997874 0.388004 -0.997141 0.0625646 0.0423831 -0.470818 -0.0604475 -0.996943 0.0495151 0.434247 
1530636131143 0.0453509 0.046814 0.997874 0.388004 -0.997141 0.0625561 0.0423829 -0.470818 -0.0604389 -0.996943 0.0495172 0.434247 
1530636131409 0.0450231 0.0476228 0.99785 0.388056 -0.997221 0.0614859 0.0420603 -0.470857 -0.0593507 -0.996971 0.0502587 0.434161 
1530636131650 0.0451294 0.0485076 0.997803 0.388136 -0.997273 0.0605714 0.0421608 -0.47082 -0.0583932 -0.996985 0.0511089 0.434095 
1530636131916 0.0450019 0.0491248 0.997778 0.388186 -0.997336 0.0596032 0.0420475 -0.470802 -0.0574052 -0.997013 0.0516762 0.433922 
1530636132129 0.0449966 0.0499495 0.997738 0.388214 -0.997379 0.0588903 0.0420322 -0.470784 -0.0566576 -0.997014 0.0524684 0.433811 
1530636132356 0.0448883 0.0508084 0.997699 0.388269 -0.997448 0.0577907 0.041934 -0.470747 -0.0555271 -0.997035 0.0532729 0.433752 
1530636132614 0.0447947 0.0517233 0.997656 0.388336 -0.997504 0.0568876 0.0418385 -0.470723 -0.0545903 -0.99704 0.0541425 0.433608 
1530636132865 0.0447401 0.0524974 0.997618 0.388376 -0.997562 0.0558937 0.0417963 -0.470666 -0.0535663 -0.997056 0.0548701 0.43352 
1530636133083 0.0445239 0.0531399 0.997594 0.388353 -0.997621 0.054974 0.0415968 -0.470697 -0.0526313 -0.997073 0.0554612 0.433414 
1530636133318 0.0444858 0.0538801 0.997556 0.388441 -0.997667 0.0541543 0.0415658 -0.470654 -0.0517824 -0.997078 0.0561635 0.433259 
1530636133335 0.044514 0.0539247 0.997552 0.388457 -0.997666 0.0541614 0.0415912 -0.470642 -0.051786 -0.997075 0.0562097 0.433251 
1530636133659 0.0447085 0.0525112 0.997619 0.388448 -0.997694 0.0533977 0.0419011 -0.470725 -0.0510703 -0.997192 0.0547774 0.433431 
1530636133892 0.0449429 0.0512997 0.997672 0.388551 -0.997714 0.052751 0.0422324 -0.470709 -0.0504617 -0.997289 0.0535533 0.433625 
1530636134133 0.0450809 0.0501659 0.997723 0.388552 -0.997735 0.0521727 0.0424582 -0.470762 -0.0499239 -0.997377 0.0524043 0.433855 
1530636134353 0.0453136 0.0489801 0.997771 0.388531 -0.997749 0.0516506 0.0427771 -0.470822 -0.0494402 -0.997463 0.0512103 0.433982 
1530636134592 0.0454947 0.0475294 0.997833 0.38863 -0.997771 0.0509761 0.0430637 -0.47085 -0.0488189 -0.997568 0.0497426 0.434118 
1530636134826 0.0457435 0.046471 0.997872 0.38865 -0.99779 0.0503237 0.0433961 -0.470909 -0.0482 -0.997651 0.0486702 0.434361 
1530636135080 0.0458684 0.044966 0.997935 0.388649 -0.997809 0.0497346 0.0436216 -0.470962 -0.0476704 -0.99775 0.0471488 0.434448 
1530636135383 0.046129 0.0438214 0.997974 0.388627 -0.997836 0.0488823 0.0439762 -0.471031 -0.0468562 -0.997843 0.0459814 0.43467 
1530636135617 0.0464164 0.0426219 0.998012 0.388736 -0.997844 0.0483811 0.0443424 -0.471015 -0.046395 -0.997919 0.0447756 0.434865 
1530636135634 0.0464254 0.0425612 0.998015 0.388729 -0.997842 0.0484064 0.044353 -0.471028 -0.0464226 -0.997921 0.0447167 0.434856 
1530636135887 0.0462852 0.044726 0.997926 0.388908 -0.997852 0.0484338 0.0441109 -0.470933 -0.0463605 -0.997825 0.0468717 0.434616 
1530636136119 0.0457141 0.0466321 0.997866 0.388837 -0.997871 0.0486516 0.0434408 -0.470936 -0.0465221 -0.997727 0.0487569 0.43425 
1530636136371 0.0454582 0.0486783 0.99778 0.38888 -0.997885 0.0486713 0.0430885 -0.470868 -0.0464657 -0.997628 0.0507879 0.433947 
1530636136651 0.0453411 0.0507244 0.997683 0.388966 -0.99789 0.0487581 0.0428715 -0.470746 -0.0464705 -0.997522 0.0528282 0.433649 
1530636136892 0.0448721 0.05276 0.997599 0.38897 -0.997908 0.048896 0.0423001 -0.470736 -0.0465468 -0.997409 0.0548437 0.433346 
1530636137135 0.0445652 0.0547908 0.997503 0.389035 -0.997921 0.0489736 0.0418938 -0.470679 -0.046556 -0.997296 0.0568594 0.43304 
1530636137469 0.0444625 0.0568782 0.997391 0.389128 -0.997929 0.0489925 0.0416926 -0.470528 -0.0464933 -0.997178 0.0589387 0.432766 
1530636137712 0.0441009 0.0589234 0.997288 0.389165 -0.997939 0.0491844 0.0412237 -0.470524 -0.046622 -0.99705 0.060971 0.432482 
1530636137963 0.0436252 0.0610807 0.997179 0.389174 -0.997962 0.0491986 0.0406458 -0.470494 -0.0465771 -0.99692 0.0631025 0.43223 
1530636137979 0.043652 0.0610938 0.997177 0.389187 -0.997962 0.0491771 0.0406734 -0.47047 -0.0465533 -0.99692 0.063116 0.432218 
1530636138418 0.043647 0.0601046 0.997237 0.38919 -0.998079 0.0465601 0.0408776 -0.470572 -0.0439745 -0.997106 0.0620214 0.4324 
1530636138682 0.0438416 0.0590424 0.997292 0.389258 -0.998177 0.0440385 0.0412733 -0.470577 -0.0414824 -0.997284 0.0608655 0.43253 
1530636138936 0.0440308 0.0579977 0.997345 0.389309 -0.998266 0.0415835 0.0416533 -0.47057 -0.0390573 -0.99745 0.0597281 0.432665 
1530636139188 0.0441444 0.0568599 0.997406 0.389343 -0.998356 0.0390532 0.0419602 -0.470605 -0.036566 -0.997618 0.0584904 0.432754 
1530636139454 0.0442305 0.0557268 0.997466 0.389379 -0.998443 0.0364395 0.042238 -0.470644 -0.0339934 -0.997781 0.0572517 0.432883 
1530636139709 0.0442555 0.054751 0.997519 0.389367 -0.998524 0.0339037 0.0424392 -0.470713 -0.031496 -0.997924 0.0561706 0.433051 
1530636139957 0.0445042 0.0536218 0.997569 0.389441 -0.998588 0.0313825 0.0428627 -0.470719 -0.0290078 -0.998068 0.0549427 0.433152 
1530636140204 0.0445282 0.0526281 0.997621 0.389415 -0.998656 0.0288381 0.0430531 -0.470818 -0.0265037 -0.998198 0.0538415 0.433337 
1530636140512 0.0448482 0.0514663 0.997667 0.389472 -0.998706 0.0262839 0.043539 -0.470797 -0.0239817 -0.998329 0.0525785 0.433433 
1530636140532 0.0448438 0.0514492 0.997668 0.389471 -0.998706 0.0262858 0.0435349 -0.470803 -0.0239846 -0.99833 0.0525614 0.433425 
1530636140816 0.0449613 0.051091 0.997681 0.389489 -0.998606 0.0299584 0.0434687 -0.470831 -0.0276681 -0.998245 0.0523667 0.433455 
1530636141092 0.0453133 0.0508584 0.997677 0.389527 -0.998478 0.0337457 0.0436294 -0.470809 -0.0314484 -0.998136 0.0523101 0.433522 
1530636141378 0.0455989 0.0505487 0.99768 0.389572 -0.99834 0.0374889 0.0437296 -0.470788 -0.0351915 -0.998018 0.0521742 0.433566 
1530636141658 0.0458148 0.0502542 0.997685 0.389607 -0.998191 0.0412313 0.0437612 -0.470779 -0.0389367 -0.997885 0.0520523 0.433606 
1530636141959 0.0460594 0.0499329 0.99769 0.389656 -0.998016 0.0452178 0.0438114 -0.470773 -0.0429258 -0.997728 0.0519165 0.433575 
1530636142259 0.0463068 0.0495551 0.997697 0.389693 -0.997832 0.0490497 0.0438768 -0.470766 -0.0467624 -0.997566 0.051719 0.433553 
1530636142565 0.0466247 0.0491988 0.9977 0.389759 -0.997635 0.0527919 0.0440184 -0.470745 -0.0505049 -0.997393 0.0515439 0.433627 
1530636142859 0.0469036 0.0488938 0.997702 0.389794 -0.99743 0.0564561 0.044124 -0.470733 -0.0541689 -0.997207 0.0514161 0.433713 
1530636143156 0.0471845 0.0486181 0.997702 0.389837 -0.997202 0.0602742 0.0442237 -0.470734 -0.0579856 -0.996997 0.0513261 0.433726 
1530636143169 0.0471918 0.0486077 0.997702 0.38984 -0.997197 0.060351 0.0442277 -0.470734 -0.0580625 -0.996993 0.0513196 0.433721 
1530636143434 0.047229 0.0472205 0.997767 0.389883 -0.997155 0.0609733 0.0443144 -0.470713 -0.0587446 -0.997022 0.0499658 0.433847 
1530636143676 0.0471956 0.0459689 0.997827 0.389876 -0.997111 0.0616946 0.0443194 -0.47075 -0.0595232 -0.997036 0.0487478 0.434036 
1530636143888 0.047294 0.0448409 0.997874 0.389949 -0.997058 0.0624493 0.0444491 -0.47076 -0.0603234 -0.99704 0.0476625 0.434174 
1530636144128 0.0474178 0.0435255 0.997926 0.390004 -0.997013 0.0630436 0.0446247 -0.470755 -0.0609706 -0.997061 0.0463848 0.434433 
1530636144336 0.047275 0.0423039 0.997986 0.389951 -0.996957 0.0639902 0.0445138 -0.470802 -0.0619782 -0.997053 0.0452003 0.434524 
1530636144623 0.0475001 0.0408176 0.998037 0.390059 -0.996898 0.0647063 0.0447996 -0.47077 -0.0627507 -0.997069 0.0437645 0.434677 
1530636144831 0.047496 0.0396633 0.998084 0.390089 -0.99685 0.0654168 0.0448376 -0.470757 -0.063513 -0.997069 0.0426454 0.434866 
1530636145062 0.0475861 0.038363 0.99813 0.390077 -0.996799 0.0660922 0.0449824 -0.470766 -0.064243 -0.997076 0.0413853 0.435036 
1530636145305 0.047499 0.0370525 0.998184 0.390132 -0.996754 0.0667892 0.0449517 -0.470775 -0.0650024 -0.997079 0.0401047 0.435185 
1530636145322 0.0475153 0.0370631 0.998183 0.390134 -0.996751 0.0668186 0.0449662 -0.470776 -0.0650305 -0.997077 0.0401176 0.435194 
1530636145629 0.0473804 0.037546 0.998171 0.390158 -0.996765 0.0667175 0.0448041 -0.470811 -0.0649133 -0.997065 0.0405857 0.435203 
1530636145868 0.0474043 0.0379383 0.998155 0.390195 -0.996762 0.0667776 0.0448 -0.47082 -0.0649548 -0.997046 0.040981 0.435083 
1530636146064 0.0474804 0.0381649 0.998143 0.39026 -0.996766 0.0666729 0.0448656 -0.470785 -0.0648367 -0.997045 0.0412071 0.435079 
1530636146251 0.0476137 0.0384346 0.998126 0.390299 -0.996761 0.0666678 0.0449815 -0.470769 -0.064814 -0.997035 0.0414844 0.434998 
1530636146449 0.0477693 0.038945 0.998099 0.39034 -0.996768 0.0664676 0.0451121 -0.470749 -0.0645844 -0.997028 0.0419943 0.434958 
1530636146627 0.0476628 0.0391582 0.998096 0.39038 -0.996766 0.0665891 0.0449869 -0.470762 -0.0647007 -0.997012 0.0422053 0.43488 
1530636146829 0.0477881 0.0395586 0.998074 0.390432 -0.996767 0.0664946 0.04509 -0.470737 -0.0645828 -0.997002 0.0426084 0.434833 
1530636146978 0.0478678 0.0398394 0.998059 0.390464 -0.996762 0.0665376 0.0451497 -0.470731 -0.0646097 -0.996988 0.0428955 0.434758 
1530636147163 0.0478481 0.0403195 0.998041 0.390506 -0.996769 0.0664705 0.0451018 -0.470732 -0.0645217 -0.996973 0.0433697 0.434719 
1530636147180 0.0478546 0.0403533 0.998039 0.39051 -0.996768 0.0664824 0.0451056 -0.470731 -0.0645319 -0.996971 0.0434043 0.434709 
1530636147392 0.0481237 0.0412816 0.997988 0.390559 -0.996729 0.0669365 0.0452942 -0.470738 -0.064932 -0.996903 0.0443677 0.434512 
1530636147593 0.0483911 0.0423652 0.99793 0.390628 -0.996688 0.0674224 0.0454686 -0.470747 -0.0653565 -0.996825 0.0454876 0.4343 
1530636147780 0.048699 0.0435675 0.997863 0.390701 -0.996645 0.0679101 0.0456746 -0.470741 -0.065775 -0.99674 0.0467285 0.434117 
1530636147995 0.0489602 0.0447636 0.997797 0.390745 -0.996594 0.0685524 0.0458258 -0.470767 -0.06635 -0.996643 0.0479675 0.43388 
1530636148194 0.0490795 0.0457569 0.997746 0.390771 -0.996561 0.0690124 0.0458563 -0.470793 -0.0667586 -0.996566 0.0489866 0.433707 
1530636148390 0.0493271 0.0469322 0.997679 0.390828 -0.996527 0.0694018 0.0460053 -0.470792 -0.0670817 -0.996484 0.0501926 0.433536 
1530636148590 0.0495961 0.0482168 0.997605 0.390858 -0.996495 0.0697547 0.0461696 -0.470805 -0.0673615 -0.996398 0.0515074 0.433404 
1530636148816 0.049694 0.0495055 0.997537 0.390916 -0.996452 0.0703869 0.0461468 -0.470846 -0.067929 -0.996291 0.0528277 0.433178 
1530636149018 0.0499852 0.0504417 0.997475 0.390937 -0.996413 0.0707983 0.0463517 -0.470839 -0.0682815 -0.996214 0.0537996 0.433023 
1530636149031 0.0500071 0.0505209 0.99747 0.390938 -0.996409 0.070849 0.0463654 -0.470841 -0.0683274 -0.996207 0.0538824 0.433004 
1530636149265 0.0504243 0.0492117 0.997515 0.390943 -0.996354 0.0712979 0.0468482 -0.470893 -0.0688152 -0.99624 0.0526275 0.433145 
1530636149495 0.0508917 0.0481726 0.997542 0.390992 -0.996294 0.0718015 0.0473607 -0.47093 -0.0693435 -0.996255 0.0516482 0.433343 
1530636149726 0.0514736 0.0469839 0.997569 0.391096 -0.996221 0.0723851 0.0479949 -0.470977 -0.0699541 -0.99627 0.0505323 0.433455 
1530636149970 0.0519553 0.0457499 0.997601 0.391177 -0.996153 0.072964 0.0485338 -0.471051 -0.0705685 -0.996285 0.0493647 0.433554 
1530636150189 0.0521148 0.044766 0.997637 0.391128 -0.996104 0.073491 0.048737 -0.471144 -0.0711356 -0.996291 0.0484216 0.433645 
1530636150429 0.0525757 0.0435564 0.997667 0.391189 -0.996043 0.0739742 0.0492605 -0.471193 -0.071656 -0.996309 0.0472733 0.433804 
1530636150687 0.0530094 0.0425519 0.997687 0.391228 -0.995974 0.074583 0.0497374 -0.471261 -0.0722941 -0.996307 0.0463342 0.433965 
1530636150912 0.0534741 0.0414141 0.99771 0.39129 -0.995904 0.0751622 0.0502573 -0.471366 -0.0729088 -0.996311 0.0452637 0.434053 
1530636151154 0.0539087 0.0401399 0.997739 0.391311 -0.995844 0.0756106 0.0507645 -0.471384 -0.0734019 -0.996329 0.0440492 0.434184 
1530636151170 0.0539087 0.0401259 0.997739 0.391301 -0.995845 0.0756036 0.0507658 -0.471393 -0.0733957 -0.99633 0.0440348 0.434202 
1530636151407 0.0539937 0.0415328 0.997677 0.391428 -0.995813 0.0760493 0.0507269 -0.471396 -0.0737658 -0.996239 0.0454651 0.434061 
1530636151623 0.0542877 0.0426973 0.997612 0.391453 -0.99575 0.0767556 0.0509012 -0.471419 -0.074399 -0.996135 0.0466827 0.433787 
1530636151842 0.0545456 0.0438378 0.997549 0.391559 -0.995693 0.0773923 0.0510431 -0.471374 -0.074965 -0.996036 0.0478704 0.433574 
1530636152151 0.0544022 0.045121 0.997499 0.391493 -0.995656 0.0780513 0.0507711 -0.471407 -0.0755653 -0.995928 0.0491712 0.433343 
1530636152381 0.0547106 0.0463132 0.997428 0.391589 -0.995599 0.0786457 0.0509586 -0.471384 -0.0760833 -0.995826 0.0504122 0.433136 
1530636152693 0.0547916 0.0476997 0.997358 0.391629 -0.995569 0.0790628 0.050912 -0.471401 -0.0764254 -0.995728 0.0518203 0.432988 
1530636152942 0.0550149 0.0489084 0.997287 0.391732 -0.995497 0.0799111 0.0509972 -0.471378 -0.0772001 -0.995601 0.0530844 0.432748 
1530636153164 0.0553864 0.0500595 0.997209 0.39181 -0.995447 0.0803678 0.0512541 -0.471326 -0.0775777 -0.995507 0.0542829 0.4326 
1530636153481 0.0552998 0.0513924 0.997146 0.391769 -0.995408 0.080985 0.0510295 -0.471389 -0.0781314 -0.995389 0.0556348 0.432364 
1530636153495 0.0552964 0.0513938 0.997146 0.391769 -0.995408 0.0809833 0.051026 -0.471389 -0.0781298 -0.99539 0.0556359 0.432365 
1530636153770 0.0553091 0.0508708 0.997173 0.391776 -0.995676 0.0774608 0.0512744 -0.471443 -0.0746334 -0.995697 0.0549352 0.432531 
1530636154071 0.0555306 0.0500792 0.9972 0.391837 -0.995912 0.0740383 0.0517407 -0.471473 -0.0712399 -0.995997 0.0539859 0.432555 
1530636154378 0.0557997 0.0493831 0.99722 0.391934 -0.996132 0.0706559 0.0522399 -0.471517 -0.0678797 -0.996278 0.0531346 0.432643 
1530636154659 0.055843 0.0486093 0.997256 0.39196 -0.996357 0.0671846 0.052518 -0.47157 -0.0644473 -0.996556 0.052184 0.432737 
1530636154946 0.0560163 0.047942 0.997278 0.392018 -0.996565 0.0637097 0.0529135 -0.47162 -0.0609995 -0.996816 0.0513461 0.432848 
1530636155218 0.0561799 0.0474106 0.997294 0.392062 -0.996764 0.0601899 0.0532886 -0.471635 -0.0575006 -0.99706 0.0506386 0.433014 
1530636155504 0.056234 0.0468129 0.99732 0.39207 -0.996953 0.056719 0.053551 -0.471689 -0.0540601 -0.997292 0.0498598 0.433085 
1530636155831 0.0564578 0.045997 0.997345 0.392146 -0.997119 0.0532913 0.0539872 -0.471738 -0.0506666 -0.997519 0.0488732 0.433143 
1530636156122 0.0566223 0.0455156 0.997358 0.39217 -0.997282 0.0497389 0.0543481 -0.471799 -0.0471338 -0.997725 0.0482082 0.43332 
1530636156139 0.0566066 0.0454626 0.997361 0.392162 -0.997286 0.0496771 0.0543379 -0.471804 -0.0470757 -0.99773 0.0481512 0.433313 
1530636156457 0.0565922 0.0445504 0.997403 0.392313 -0.99705 0.0544114 0.0541418 -0.471746 -0.051858 -0.997524 0.0474982 0.433402 
1530636156801 0.0563973 0.0435885 0.997456 0.392316 -0.996802 0.059108 0.0537773 -0.471725 -0.0566136 -0.997299 0.0467827 0.433575 
1530636157165 0.05649 0.042631 0.997493 0.39243 -0.996512 0.0638678 0.0537049 -0.471598 -0.0614182 -0.997047 0.0460902 0.433693 
1530636157475 0.0562066 0.0417277 0.997547 0.392379 -0.996225 0.068545 0.0532649 -0.471585 -0.0661542 -0.996775 0.0454229 0.433756 
1530636157905 0.0561888 0.0396138 0.997634 0.392568 -0.995534 0.0781388 0.0529678 -0.471405 -0.0758557 -0.996155 0.0438275 0.433869 
1530636158231 0.0559726 0.0386442 0.997684 0.392553 -0.995178 0.0827761 0.0526258 -0.471388 -0.0805507 -0.995819 0.043091 0.434029 
1530636158562 0.0559415 0.0377049 0.997722 0.392616 -0.994777 0.0875587 0.0524674 -0.471315 -0.0853809 -0.995446 0.0424061 0.434104 
1530636158902 0.055763 0.0367059 0.997769 0.392648 -0.994371 0.0922184 0.0521806 -0.471267 -0.0900973 -0.995062 0.0416417 0.434214 
1530636158915 0.0557633 0.0367292 0.997768 0.392648 -0.994369 0.0922345 0.052178 -0.471264 -0.0901122 -0.99506 0.0416657 0.434236 
1530636159130 0.0559877 0.0373666 0.997732 0.392735 -0.99445 0.091237 0.0523865 -0.471251 -0.0890725 -0.995128 0.0422674 0.434144 
1530636159375 0.0562326 0.0380296 0.997693 0.392819 -0.994529 0.0902468 0.0526142 -0.471259 -0.0880377 -0.995193 0.0428964 0.434105 
1530636159582 0.0562533 0.038543 0.997672 0.392878 -0.994599 0.0894582 0.052624 -0.471291 -0.0872217 -0.995245 0.0433672 0.433969 
1530636159810 0.0565112 0.0392997 0.997628 0.392938 -0.994665 0.08859 0.0528535 -0.471308 -0.0863028 -0.995293 0.0440964 0.43388 
1530636160121 0.0568388 0.0397415 0.997592 0.393039 -0.994724 0.0877295 0.0531805 -0.471324 -0.0854048 -0.995351 0.0445182 0.433657 
1530636160363 0.0569981 0.0405242 0.997552 0.393079 -0.994809 0.0866735 0.0533204 -0.471328 -0.0843005 -0.995412 0.0452541 0.433717 
1530636160583 0.057128 0.0410713 0.997522 0.393128 -0.994873 0.0858536 0.0534415 -0.47135 -0.0834459 -0.995461 0.0457654 0.433606 
1530636160821 0.0573395 0.041672 0.997485 0.393195 -0.99493 0.085067 0.0536388 -0.471377 -0.0826178 -0.995503 0.0463384 0.433425 
1530636161040 0.0573877 0.0422638 0.997457 0.393248 -0.995018 0.0840006 0.0536882 -0.471397 -0.0815179 -0.995569 0.0468739 0.433396 
1530636161062 0.0573996 0.0423211 0.997454 0.39325 -0.995018 0.0840046 0.0536951 -0.471399 -0.0815183 -0.995566 0.046932 0.43339 
1530636161297 0.0572912 0.0421165 0.997469 0.393345 -0.994836 0.086251 0.0534982 -0.471332 -0.0837795 -0.995383 0.0468404 0.433349 
1530636161574 0.0570262 0.0423829 0.997473 0.393392 -0.99464 0.088731 0.0530941 -0.471286 -0.0862564 -0.995154 0.0472157 0.433315 
1530636161849 0.056806 0.0424356 0.997483 0.393456 -0.994437 0.0911658 0.0527541 -0.471229 -0.0886977 -0.994931 0.0473783 0.433273 
1530636162113 0.0565117 0.0424974 0.997497 0.393487 -0.994247 0.0934508 0.0523462 -0.471175 -0.0909924 -0.994716 0.047534 0.433257 
1530636162362 0.0563664 0.0424056 0.997509 0.393585 -0.994038 0.0957808 0.0520985 -0.471102 -0.093333 -0.994499 0.0475516 0.433208 
1530636162632 0.0561321 0.0424233 0.997522 0.393639 -0.993819 0.0982162 0.0517467 -0.471016 -0.0957775 -0.99426 0.0476742 0.433153 
1530636162875 0.0559145 0.0425743 0.997527 0.393667 -0.993616 0.10042 0.0514094 -0.470944 -0.0979828 -0.994034 0.0479175 0.433172 
1530636163130 0.0557451 0.0425804 0.997537 0.393784 -0.993381 0.102861 0.0511222 -0.470879 -0.100431 -0.993784 0.0480326 0.433125 
1530636163381 0.0554916 0.0427454 0.997544 0.393818 -0.993158 0.105178 0.0507407 -0.470822 -0.10275 -0.993534 0.0482894 0.433167 
1530636163395 0.0554768 0.0427845 0.997543 0.393819 -0.993155 0.10522 0.0507199 -0.470818 -0.102791 -0.993528 0.0483289 0.433174 
1530636163622 0.0556032 0.0426798 0.99754 0.393894 -0.993014 0.106508 0.0507939 -0.470811 -0.104078 -0.993395 0.0483038 0.433108 
1530636163862 0.0558616 0.0428419 0.997519 0.393958 -0.992859 0.107861 0.0509682 -0.470847 -0.10541 -0.993242 0.0485612 0.433053 
