1533559951046 0.103297 0.943539 -0.314745 -0.603801 -0.95832 0.179152 0.222546 -0.226207 0.266368 0.278638 0.922718 0.380977 
1533559954425 0.103297 0.943539 -0.314744 -0.603801 -0.95832 0.179152 0.222546 -0.226207 0.266368 0.278637 0.922718 0.380978 
1533559954670 0.101845 0.94368 -0.314796 -0.603886 -0.958975 0.177289 0.221215 -0.226436 0.264565 0.279351 0.923021 0.381047 
1533559954921 0.100345 0.943854 -0.314753 -0.60395 -0.959713 0.175269 0.219619 -0.226652 0.262455 0.280035 0.923416 0.381024 
1533559955152 0.0988343 0.943988 -0.314829 -0.604053 -0.960319 0.173399 0.21845 -0.226821 0.260805 0.280746 0.923668 0.380979 
1533559955381 0.0970998 0.944173 -0.314815 -0.604176 -0.96101 0.171226 0.217122 -0.226893 0.258906 0.281457 0.923986 0.381106 
1533559955679 0.0941277 0.94444 -0.314918 -0.604326 -0.96232 0.167369 0.214306 -0.227307 0.255106 0.28288 0.924608 0.381028 
1533559955917 0.0927462 0.944546 -0.31501 -0.604425 -0.962925 0.165579 0.212976 -0.227571 0.253324 0.283579 0.924884 0.381106 
1533559956174 0.0911092 0.944711 -0.314993 -0.604515 -0.963566 0.163506 0.211674 -0.227693 0.251474 0.284231 0.925188 0.381148 
1533559956403 0.0896913 0.944882 -0.314887 -0.604577 -0.964194 0.161599 0.210273 -0.22792 0.249569 0.284752 0.925544 0.381203 
1533559956423 0.0896943 0.944889 -0.314865 -0.604578 -0.964218 0.161569 0.210186 -0.227935 0.249475 0.284746 0.925571 0.381206 
1533559956569 0.0897088 0.944882 -0.314881 -0.604592 -0.964259 0.161539 0.210024 -0.227983 0.249313 0.284786 0.925603 0.381194 
1533559956688 0.0895165 0.944899 -0.314884 -0.604594 -0.964299 0.161335 0.209997 -0.227983 0.249228 0.284844 0.925607 0.381189 
1533559956817 0.0893436 0.944909 -0.314904 -0.6046 -0.964351 0.161137 0.20991 -0.227994 0.249089 0.284923 0.925621 0.381185 
1533559956931 0.0891709 0.944905 -0.314964 -0.604613 -0.964435 0.160911 0.209696 -0.228025 0.248824 0.285064 0.925649 0.381184 
1533559957018 0.0890109 0.944913 -0.314988 -0.604621 -0.964484 0.160729 0.209611 -0.228042 0.248691 0.285143 0.92566 0.381179 
1533559957096 0.088842 0.94492 -0.315013 -0.604629 -0.964537 0.160534 0.209518 -0.228059 0.248548 0.285228 0.925672 0.381171 
1533559957222 0.0886192 0.944926 -0.315057 -0.604644 -0.964622 0.160262 0.209332 -0.22808 0.248294 0.28536 0.9257 0.381153 
1533559957370 0.0883996 0.944935 -0.315094 -0.604663 -0.9647 0.159999 0.209174 -0.22808 0.248071 0.28548 0.925722 0.38113 
1533559957506 0.0882538 0.944944 -0.315108 -0.604673 -0.964767 0.159805 0.209015 -0.228096 0.247863 0.285559 0.925754 0.381119 
1533559957528 0.0882416 0.944947 -0.315102 -0.604674 -0.964777 0.159782 0.208985 -0.2281 0.247827 0.285562 0.925762 0.381122 
1533559957861 0.0886499 0.944882 -0.315182 -0.60467 -0.964886 0.160011 0.208306 -0.228131 0.247257 0.285649 0.925888 0.381076 
1533559958017 0.0886543 0.944844 -0.315295 -0.604653 -0.964944 0.159972 0.208067 -0.228043 0.247029 0.285796 0.925903 0.381064 
1533559958179 0.0888336 0.94478 -0.315436 -0.60465 -0.965053 0.160026 0.207521 -0.228018 0.24654 0.285978 0.925978 0.381022 
1533559958345 0.089006 0.94472 -0.315565 -0.604652 -0.965203 0.160022 0.206825 -0.228016 0.245889 0.286176 0.92609 0.380966 
1533559958508 0.0891917 0.944693 -0.315596 -0.604645 -0.965265 0.160109 0.206468 -0.227965 0.245578 0.286218 0.926159 0.380979 
1533559958683 0.0894679 0.944613 -0.315757 -0.604647 -0.965335 0.16029 0.205997 -0.227892 0.2452 0.286381 0.926209 0.380941 
1533559958830 0.0895917 0.944543 -0.315931 -0.604668 -0.965465 0.160278 0.205398 -0.227901 0.244644 0.286618 0.926283 0.380895 
1533559958992 0.0899847 0.944514 -0.315905 -0.604667 -0.965539 0.160509 0.204869 -0.227892 0.244208 0.286584 0.926408 0.380966 
1533559959160 0.0900216 0.944434 -0.316135 -0.604681 -0.965667 0.160439 0.20432 -0.227852 0.243687 0.286888 0.926451 0.38086 
1533559959177 0.0900409 0.944423 -0.316161 -0.604682 -0.965679 0.160446 0.204257 -0.227849 0.243631 0.286918 0.926457 0.380842 
1533559959376 0.0901007 0.944396 -0.316226 -0.6047 -0.9657 0.160484 0.204128 -0.227817 0.243527 0.286988 0.926463 0.380807 
1533559959588 0.0902587 0.944495 -0.315885 -0.604686 -0.965727 0.160508 0.20398 -0.227813 0.24336 0.286648 0.926612 0.380941 
1533559959724 0.0904375 0.944463 -0.315929 -0.604701 -0.965744 0.160645 0.203792 -0.2278 0.243226 0.286676 0.926638 0.380903 
1533559959892 0.0905457 0.94445 -0.315935 -0.60471 -0.965847 0.160615 0.20333 -0.227789 0.242779 0.286734 0.926737 0.380785 
1533559960021 0.0907594 0.944477 -0.315794 -0.604706 -0.965833 0.160776 0.203267 -0.22778 0.242753 0.286556 0.926799 0.380834 
1533559960189 0.090972 0.944501 -0.31566 -0.6047 -0.965831 0.160924 0.203161 -0.227777 0.242683 0.286392 0.926868 0.380875 
1533559960339 0.0911768 0.944509 -0.315579 -0.604699 -0.965883 0.161014 0.202842 -0.227792 0.242399 0.286318 0.926965 0.380889 
1533559960469 0.0913333 0.944518 -0.315505 -0.604708 -0.965921 0.161081 0.202606 -0.227781 0.242187 0.286249 0.927042 0.380907 
1533559960600 0.0914906 0.944524 -0.315441 -0.604716 -0.96597 0.161139 0.202327 -0.227774 0.241933 0.286196 0.927125 0.380907 
1533559960621 0.0914916 0.944526 -0.315435 -0.60472 -0.965978 0.161128 0.202295 -0.227765 0.241899 0.286195 0.927134 0.380906 
1533559960637 0.0914877 0.944527 -0.315433 -0.604723 -0.965986 0.161116 0.202271 -0.22776 0.241871 0.286199 0.92714 0.380903 
1533559960855 0.0914381 0.944507 -0.315508 -0.604722 -0.965948 0.161136 0.202433 -0.227763 0.242039 0.286254 0.927079 0.380987 
1533559960984 0.0913329 0.944491 -0.315587 -0.604728 -0.965924 0.161095 0.202582 -0.227751 0.242176 0.286331 0.927019 0.381016 
1533559961146 0.0912831 0.944441 -0.315751 -0.60472 -0.965903 0.161114 0.202666 -0.227765 0.242278 0.286485 0.926945 0.38097 
1533559961230 0.0911924 0.944432 -0.315805 -0.604721 -0.965902 0.161053 0.202721 -0.227753 0.242318 0.28655 0.926915 0.380957 
1533559961344 0.0910071 0.944426 -0.315874 -0.604715 -0.965908 0.160908 0.202805 -0.227747 0.242361 0.286649 0.926873 0.380957 
1533559961438 0.0909663 0.944414 -0.315924 -0.604702 -0.965895 0.1609 0.202874 -0.227769 0.242429 0.286695 0.926841 0.380967 
1533559961703 0.0906303 0.944386 -0.316102 -0.604688 -0.965843 0.160724 0.20326 -0.227698 0.242761 0.286884 0.926696 0.381008 
1533559961723 0.0906336 0.94439 -0.316091 -0.604685 -0.965842 0.160725 0.203263 -0.227698 0.242763 0.286872 0.926699 0.38101 
1533559962046 0.090651 0.944381 -0.316112 -0.604678 -0.965892 0.160685 0.203058 -0.227693 0.242559 0.286922 0.926737 0.381024 
1533559962259 0.0907791 0.944353 -0.31616 -0.604674 -0.965897 0.160795 0.202947 -0.227678 0.242491 0.286955 0.926744 0.380974 
1533559962413 0.0908437 0.944329 -0.316212 -0.604677 -0.965951 0.160795 0.20269 -0.227692 0.242251 0.287032 0.926783 0.381004 
1533559962542 0.0908738 0.944316 -0.316244 -0.60467 -0.965988 0.160783 0.202523 -0.227677 0.242092 0.287084 0.926809 0.380971 
1533559962661 0.0908925 0.94428 -0.316343 -0.604669 -0.966029 0.160771 0.202337 -0.227659 0.241922 0.287206 0.926815 0.380929 
1533559962804 0.0909817 0.944237 -0.316447 -0.604665 -0.966098 0.160784 0.201997 -0.227648 0.241613 0.287341 0.926854 0.380899 
1533559962917 0.0910873 0.944224 -0.316457 -0.604655 -0.966126 0.16084 0.201819 -0.227632 0.241462 0.287354 0.926889 0.380891 
1533559963047 0.0911199 0.944227 -0.316436 -0.604644 -0.966181 0.160797 0.201592 -0.227625 0.241231 0.287366 0.926946 0.380926 
1533559963123 0.0911196 0.944216 -0.316469 -0.604642 -0.966199 0.160782 0.201515 -0.227613 0.241157 0.28741 0.926951 0.380937 
1533559963140 0.091117 0.944213 -0.31648 -0.604642 -0.966204 0.160777 0.201497 -0.22761 0.241139 0.287424 0.926952 0.380938 
1533559963384 0.0910186 0.944302 -0.316241 -0.604642 -0.966121 0.160744 0.201921 -0.227657 0.241508 0.287149 0.926941 0.380961 
1533559963543 0.0909133 0.944317 -0.316228 -0.604658 -0.966022 0.160772 0.202373 -0.227668 0.241945 0.287084 0.926847 0.380916 
1533559963709 0.090853 0.944361 -0.316113 -0.604671 -0.965953 0.16078 0.202695 -0.227723 0.242242 0.286935 0.926816 0.380942 
1533559963891 0.090614 0.944451 -0.315915 -0.60467 -0.965852 0.16066 0.203268 -0.227731 0.242731 0.286708 0.926758 0.380976 
1533559964073 0.0904211 0.94451 -0.315794 -0.604665 -0.965759 0.160585 0.203768 -0.227717 0.243173 0.286556 0.926689 0.380905 
1533559964229 0.0905279 0.944526 -0.315715 -0.604692 -0.965661 0.160772 0.204088 -0.227797 0.243525 0.286398 0.926645 0.380939 
1533559964422 0.0905216 0.944557 -0.315622 -0.604717 -0.965538 0.16089 0.204573 -0.227864 0.244012 0.286227 0.92657 0.380919 
1533559964589 0.0901517 0.944607 -0.31558 -0.604716 -0.965497 0.160625 0.204977 -0.227839 0.244313 0.286212 0.926495 0.380889 
1533559964732 0.0900316 0.944665 -0.315441 -0.604714 -0.965399 0.160611 0.205448 -0.227842 0.244743 0.28603 0.926438 0.380867 
1533559964749 0.0900193 0.944668 -0.315435 -0.604716 -0.965387 0.160613 0.205501 -0.227843 0.244794 0.286018 0.926429 0.380861 
1533559965013 0.0900556 0.944687 -0.315366 -0.604719 -0.965388 0.160627 0.205488 -0.227885 0.244778 0.285945 0.926455 0.380862 
1533559965277 0.0900882 0.944705 -0.315303 -0.604713 -0.965425 0.160597 0.205338 -0.227902 0.24462 0.285903 0.92651 0.380812 
1533559965427 0.0900553 0.94475 -0.315178 -0.604723 -0.96545 0.160514 0.205286 -0.22787 0.244534 0.285802 0.926564 0.380819 
1533559965629 0.0900538 0.944824 -0.314956 -0.604736 -0.965566 0.160328 0.204882 -0.22785 0.244074 0.285661 0.926729 0.380756 
1533559965712 0.0900626 0.94485 -0.314877 -0.60474 -0.965587 0.160294 0.204811 -0.227846 0.243989 0.285595 0.926771 0.380765 
1533559965844 0.090102 0.944889 -0.314749 -0.604748 -0.965638 0.160239 0.204615 -0.227862 0.243773 0.285497 0.926858 0.380811 
1533559966127 0.0901162 0.94498 -0.314471 -0.604738 -0.96567 0.160153 0.204529 -0.227849 0.243639 0.285244 0.926971 0.380822 
1533559966247 0.090097 0.94499 -0.314447 -0.604743 -0.965692 0.160106 0.204464 -0.227838 0.243561 0.285237 0.926994 0.380791 
1533559966264 0.090092 0.944992 -0.31444 -0.604744 -0.965696 0.160095 0.20445 -0.227835 0.243544 0.285234 0.926999 0.380785 
1533559966563 0.0900396 0.944897 -0.314742 -0.604779 -0.965759 0.160044 0.204195 -0.227823 0.243316 0.28558 0.926953 0.380758 
1533559966717 0.0900741 0.944926 -0.314644 -0.604738 -0.965754 0.160057 0.204207 -0.227722 0.243321 0.285475 0.926984 0.38078 
1533559966863 0.0901548 0.944843 -0.31487 -0.604753 -0.965806 0.160112 0.20392 -0.227752 0.243087 0.285719 0.92697 0.380788 
1533559967028 0.0902135 0.944788 -0.315018 -0.604711 -0.965845 0.160145 0.203706 -0.227724 0.242908 0.285882 0.926967 0.380833 
1533559967171 0.090396 0.944721 -0.315169 -0.604712 -0.965859 0.160312 0.203512 -0.227744 0.242787 0.286012 0.926958 0.380854 
1533559967381 0.0903133 0.944645 -0.315419 -0.604688 -0.965982 0.160152 0.20305 -0.227671 0.242325 0.286351 0.926974 0.380886 
1533559967677 0.0906501 0.944577 -0.315525 -0.604694 -0.965937 0.160505 0.202986 -0.227687 0.24238 0.286377 0.926952 0.380888 
1533559967694 0.0906493 0.944577 -0.315526 -0.604694 -0.965938 0.160504 0.202985 -0.227687 0.242378 0.286378 0.926952 0.380888 
1533559967710 0.090649 0.944577 -0.315527 -0.604694 -0.965938 0.160504 0.202983 -0.227688 0.242376 0.286379 0.926952 0.380888 
1533559967829 0.0906491 0.944568 -0.315554 -0.604696 -0.965966 0.160477 0.202874 -0.227697 0.242267 0.286424 0.926967 0.380871 
1533559968019 0.0906783 0.944539 -0.315632 -0.604702 -0.966046 0.160423 0.202534 -0.227728 0.241936 0.286549 0.927015 0.380829 
1533559968146 0.0907182 0.944525 -0.315664 -0.604704 -0.966074 0.160429 0.202394 -0.22774 0.241808 0.286594 0.927034 0.380805 
1533559968298 0.0907632 0.944522 -0.315659 -0.6047 -0.966094 0.160441 0.20229 -0.227732 0.241712 0.286596 0.927059 0.380787 
1533559968456 0.0907799 0.944534 -0.315616 -0.604695 -0.966109 0.160428 0.202229 -0.22771 0.241646 0.286561 0.927087 0.380795 
1533559968570 0.0907949 0.94454 -0.315595 -0.604698 -0.966129 0.160412 0.202145 -0.2277 0.241559 0.286551 0.927112 0.380808 
