1537283887605 0.275657 0.633204 -0.723233 -0.604483 -0.8825 0.464965 0.0707247 -0.181741 0.381061 0.618757 0.686973 0.426588 
1537283887605 0 0 0 0 0 0 0 0 0 0 0 0 
1537283887606 0 0 0 0 0 0 0 0 0 0 0 0 
1537283887616 -0.178389 0.803672 -0.567705 -0.607665 -0.974921 -0.0663423 0.212431 -0.258378 0.133062 0.591363 0.795352 0.412947 
1537283887619 0 0 0 0 0 0 0 0 0 0 0 0 
1537283887623 0 0 0 0 0 0 0 0 0 0 0 0 
1537283887626 0 0 0 0 0 0 0 0 0 0 0 0 
1537283887636 -0.170736 0.756294 -0.631561 -0.618068 -0.974015 -0.032743 0.224105 -0.261634 0.14881 0.653412 0.742232 0.418632 
1537283887646 -0.164347 0.703639 -0.69129 -0.628471 -0.972493 0.00169449 0.232925 -0.264888 0.165067 0.710555 0.684006 0.424317 
1537283887656 -0.159271 0.646092 -0.746457 -0.638872 -0.970367 0.0367188 0.238828 -0.268143 0.181714 0.762376 0.621098 0.430002 
1537283887666 -0.155543 0.584071 -0.79666 -0.649272 -0.967653 0.0720749 0.24177 -0.271396 0.19863 0.808496 0.553967 0.435687 
1537283887677 -0.153191 0.518028 -0.841534 -0.659669 -0.96437 0.107505 0.241729 -0.274647 0.215692 0.848581 0.483102 0.441371 
1537283887688 -0.152231 0.448445 -0.880751 -0.670061 -0.960542 0.142752 0.238706 -0.277895 0.232776 0.882337 0.409019 0.447054 
1537283887696 -0.152669 0.375828 -0.914027 -0.680443 -0.956198 0.177559 0.232721 -0.281134 0.249757 0.90952 0.332258 0.452733 
1537283887707 -0.153964 0.300904 -0.941144 -0.688587 -0.951426 0.211867 0.223385 -0.282783 0.266615 0.929822 0.253668 0.45788 
1537283887744 0 0 0 0 0 0 0 0 0 0 0 0 
1537283887744 0 0 0 0 0 0 0 0 0 0 0 0 
1537283887754 0.275657 0.633204 -0.723233 -0.604483 -0.8825 0.464965 0.0707247 -0.181741 0.381061 0.618757 0.686973 0.426588 
1537283887758 0 0 0 0 0 0 0 0 0 0 0 0 
1537283887761 0 0 0 0 0 0 0 0 0 0 0 0 
1537283887764 0 0 0 0 0 0 0 0 0 0 0 0 
1537283887774 -0.157713 0.223633 -0.961829 -0.701196 -0.946088 0.244844 0.21206 -0.2876 0.282921 0.943419 0.172961 0.464077 
1537283887777 0 0 0 0 0 0 0 0 0 0 0 0 
1537283887781 0 0 0 0 0 0 0 0 0 0 0 0 
1537283887784 0 0 0 0 0 0 0 0 0 0 0 0 
1537283887794 -0.157713 0.223632 -0.961829 -0.701196 -0.946088 0.244844 0.21206 -0.2876 0.282921 0.943419 0.172961 0.464077 
1537283887804 -0.157713 0.223632 -0.961829 -0.701196 -0.946088 0.244844 0.21206 -0.2876 0.282921 0.943419 0.17296 0.464077 
1537283887814 -0.157714 0.223632 -0.961829 -0.701196 -0.946088 0.244844 0.21206 -0.2876 0.282921 0.94342 0.17296 0.464077 
1537283887824 -0.157714 0.223631 -0.961829 -0.701196 -0.946088 0.244843 0.21206 -0.2876 0.282921 0.94342 0.17296 0.464077 
1537283887834 -0.157714 0.223631 -0.961829 -0.701196 -0.946088 0.244843 0.212061 -0.2876 0.282921 0.94342 0.172959 0.464077 
1537283887844 -0.157715 0.223631 -0.961829 -0.701196 -0.946088 0.244843 0.212061 -0.2876 0.282921 0.94342 0.172959 0.464077 
1537283887854 -0.157715 0.22363 -0.961829 -0.701196 -0.946088 0.244843 0.212061 -0.2876 0.28292 0.94342 0.172959 0.464077 
1537283887864 -0.157041 0.223914 -0.961873 -0.698835 -0.946154 0.245056 0.211521 -0.285823 0.283075 0.943297 0.173373 0.463322 
1537283887914 0 0 0 0 0 0 0 0 0 0 0 0 
1537283887914 0 0 0 0 0 0 0 0 0 0 0 0 
1537283887926 0.275657 0.633204 -0.723233 -0.604483 -0.8825 0.464965 0.0707247 -0.181741 0.381061 0.618757 0.686973 0.426588 
1537283887930 0 0 0 0 0 0 0 0 0 0 0 0 
1537283887931 0 0 0 0 0 0 0 0 0 0 0 0 
1537283887934 0 0 0 0 0 0 0 0 0 0 0 0 
1537283887945 -0.157142 0.223454 -0.961964 -0.701264 -0.946204 0.244915 0.211459 -0.28759 0.282851 0.943443 0.172947 0.464054 
1537283887948 0 0 0 0 0 0 0 0 0 0 0 0 
1537283887951 0 0 0 0 0 0 0 0 0 0 0 0 
1537283887954 0 0 0 0 0 0 0 0 0 0 0 0 
1537283887965 -0.156568 0.223278 -0.962098 -0.701333 -0.94632 0.244988 0.210856 -0.28758 0.282782 0.943466 0.172935 0.464032 
1537283887975 -0.155994 0.223102 -0.962232 -0.701402 -0.946435 0.24506 0.210253 -0.28757 0.282713 0.943489 0.172924 0.464009 
1537283887985 -0.15542 0.222927 -0.962366 -0.70147 -0.94655 0.245132 0.20965 -0.287559 0.282643 0.943511 0.172913 0.463987 
1537283887995 -0.154846 0.222751 -0.962499 -0.701539 -0.946665 0.245204 0.209047 -0.287549 0.282574 0.943534 0.172901 0.463964 
1537283888005 -0.154272 0.222575 -0.962632 -0.701608 -0.946779 0.245276 0.208443 -0.287539 0.282505 0.943557 0.17289 0.463942 
1537283888015 -0.153698 0.222399 -0.962765 -0.701676 -0.946893 0.245348 0.20784 -0.287529 0.282436 0.94358 0.172878 0.463919 
1537283888025 -0.153124 0.222223 -0.962897 -0.701745 -0.947007 0.24542 0.207237 -0.287519 0.282367 0.943603 0.172867 0.463896 
1537283888035 -0.151868 0.222332 -0.96307 -0.699447 -0.947184 0.245706 0.206086 -0.285721 0.282452 0.943502 0.173274 0.463114 
1537283888074 0 0 0 0 0 0 0 0 0 0 0 0 
1537283888074 0 0 0 0 0 0 0 0 0 0 0 0 
1537283888085 0.275657 0.633204 -0.723233 -0.604483 -0.8825 0.464965 0.0707247 -0.181741 0.381061 0.618757 0.686973 0.426588 
1537283888088 0 0 0 0 0 0 0 0 0 0 0 0 
1537283888091 0 0 0 0 0 0 0 0 0 0 0 0 
1537283888095 0 0 0 0 0 0 0 0 0 0 0 0 
1537283888105 -0.151763 0.222058 -0.96315 -0.701924 -0.947358 0.245256 0.205819 -0.287553 0.281922 0.943684 0.173148 0.463827 
1537283888108 0 0 0 0 0 0 0 0 0 0 0 0 
1537283888111 0 0 0 0 0 0 0 0 0 0 0 0 
1537283888114 0 0 0 0 0 0 0 0 0 0 0 0 
1537283888125 -0.15155 0.222246 -0.96314 -0.701966 -0.947484 0.244949 0.205608 -0.287609 0.281615 0.94372 0.173452 0.463802 
1537283888135 -0.151337 0.222434 -0.963131 -0.702008 -0.947609 0.244641 0.205397 -0.287664 0.281309 0.943755 0.173757 0.463777 
1537283888145 -0.151124 0.222622 -0.963121 -0.70205 -0.947734 0.244334 0.205186 -0.28772 0.281002 0.943791 0.174061 0.463753 
1537283888148 0 0 0 0 0 0 0 0 0 0 0 0 
1537283888151 0 0 0 0 0 0 0 0 0 0 0 0 
1537283888154 0 0 0 0 0 0 0 0 0 0 0 0 
1537283888165 -0.150911 0.222809 -0.96311 -0.702092 -0.947859 0.244027 0.204975 -0.287775 0.280695 0.943826 0.174366 0.463728 
1537283888175 -0.150698 0.222997 -0.9631 -0.702134 -0.947983 0.243719 0.204764 -0.28783 0.280388 0.943861 0.17467 0.463703 
1537283888185 -0.150486 0.223186 -0.96309 -0.702176 -0.948108 0.243412 0.204553 -0.287886 0.280081 0.943896 0.174974 0.463679 
1537283888195 -0.150273 0.223374 -0.96308 -0.702218 -0.948232 0.243105 0.204342 -0.287941 0.279774 0.94393 0.175278 0.463654 
1537283888205 -0.149381 0.223846 -0.963109 -0.699891 -0.948419 0.243012 0.203584 -0.286209 0.279619 0.943842 0.175998 0.462875 
1537283888232 0 0 0 0 0 0 0 0 0 0 0 0 
1537283888232 0 0 0 0 0 0 0 0 0 0 0 0 
1537283888243 0.275657 0.633204 -0.723233 -0.604483 -0.8825 0.464965 0.0707247 -0.181741 0.381061 0.618757 0.686973 0.426588 
1537283888247 0 0 0 0 0 0 0 0 0 0 0 0 
1537283888249 0 0 0 0 0 0 0 0 0 0 0 0 
1537283888252 0 0 0 0 0 0 0 0 0 0 0 0 
1537283888263 -0.149627 0.223916 -0.963054 -0.702288 -0.948573 0.242301 0.203713 -0.288119 0.278964 0.944008 0.176146 0.463567 
1537283888269 0 0 0 0 0 0 0 0 0 0 0 0 
1537283888270 0 0 0 0 0 0 0 0 0 0 0 0 
1537283888272 0 0 0 0 0 0 0 0 0 0 0 0 
1537283888283 -0.149405 0.224081 -0.96305 -0.702274 -0.948666 0.242112 0.203508 -0.288185 0.278769 0.944018 0.176405 0.46353 
1537283888293 -0.149183 0.224247 -0.963046 -0.70226 -0.948758 0.241923 0.203302 -0.288252 0.278573 0.944027 0.176665 0.463493 
1537283888303 -0.148962 0.224412 -0.963042 -0.702247 -0.94885 0.241734 0.203097 -0.288319 0.278377 0.944036 0.176924 0.463456 
1537283888313 -0.14874 0.224578 -0.963037 -0.702233 -0.948942 0.241545 0.202891 -0.288385 0.278182 0.944045 0.177184 0.463418 
1537283888323 -0.148519 0.224744 -0.963033 -0.702219 -0.949034 0.241356 0.202685 -0.288452 0.277986 0.944054 0.177444 0.463381 
1537283888333 -0.148297 0.224909 -0.963028 -0.702205 -0.949126 0.241167 0.20248 -0.288519 0.27779 0.944063 0.177703 0.463344 
1537283888343 -0.148076 0.225075 -0.963024 -0.702191 -0.949218 0.240978 0.202274 -0.288586 0.277595 0.944071 0.177962 0.463307 
1537283888353 -0.147182 0.225521 -0.963056 -0.699823 -0.949371 0.241003 0.201527 -0.286876 0.277548 0.943959 0.178632 0.462528 
1537283888383 0 0 0 0 0 0 0 0 0 0 0 0 
1537283888383 0 0 0 0 0 0 0 0 0 0 0 0 
1537283888393 0 0 0 0 0 0 0 0 0 0 0 0 
1537283888393 0 0 0 0 0 0 0 0 0 0 0 0 
1537283888403 0.275657 0.633204 -0.723233 -0.604483 -0.8825 0.464965 0.0707247 -0.181741 0.381061 0.618757 0.686973 0.426588 
1537283888408 0 0 0 0 0 0 0 0 0 0 0 0 
1537283888410 0 0 0 0 0 0 0 0 0 0 0 0 
1537283888413 0 0 0 0 0 0 0 0 0 0 0 0 
1537283888423 -0.147359 0.225493 -0.963036 -0.702128 -0.949348 0.240958 0.201685 -0.28869 0.27753 0.943977 0.178564 0.463254 
1537283888429 0 0 0 0 0 0 0 0 0 0 0 0 
1537283888430 0 0 0 0 0 0 0 0 0 0 0 0 
1537283888433 0 0 0 0 0 0 0 0 0 0 0 0 
1537283888446 -0.147085 0.225579 -0.963058 -0.702093 -0.949295 0.241315 0.201507 -0.28866 0.277856 0.943865 0.178647 0.463275 
1537283888453 -0.146812 0.225665 -0.963079 -0.702058 -0.949242 0.241673 0.20133 -0.288631 0.278183 0.943753 0.17873 0.463296 
1537283888463 -0.146538 0.225751 -0.963101 -0.702023 -0.949189 0.24203 0.201153 -0.288602 0.27851 0.943641 0.178814 0.463317 
1537283888473 -0.146264 0.225837 -0.963122 -0.701988 -0.949135 0.242388 0.200975 -0.288572 0.278837 0.943528 0.178897 0.463338 
1537283888483 -0.145989 0.225922 -0.963144 -0.701953 -0.949081 0.242745 0.200798 -0.288543 0.279163 0.943416 0.17898 0.463359 
1537283888493 -0.145715 0.226008 -0.963165 -0.701917 -0.949027 0.243103 0.200621 -0.288514 0.27949 0.943304 0.179064 0.463381 
1537283888503 -0.145441 0.226093 -0.963187 -0.701882 -0.948973 0.24346 0.200444 -0.288484 0.279816 0.943191 0.179147 0.463402 
1537283888513 -0.144501 0.226453 -0.963244 -0.69952 -0.948977 0.244029 0.199731 -0.286698 0.280289 0.942957 0.179636 0.462689 
1537283888550 0.275657 0.633204 -0.723233 -0.604483 -0.8825 0.464965 0.0707247 -0.181741 0.381061 0.618757 0.686973 0.426588 
1537283888552 0 0 0 0 0 0 0 0 0 0 0 0 
1537283888556 0 0 0 0 0 0 0 0 0 0 0 0 
1537283888559 0 0 0 0 0 0 0 0 0 0 0 0 
1537283888562 0 0 0 0 0 0 0 0 0 0 0 0 
1537283888566 0 0 0 0 0 0 0 0 0 0 0 0 
1537283888569 0 0 0 0 0 0 0 0 0 0 0 0 
1537283888572 0 0 0 0 0 0 0 0 0 0 0 0 
1537283888583 -0.144554 0.226387 -0.963251 -0.701782 -0.94882 0.244532 0.199859 -0.288352 0.280791 0.942843 0.179452 0.463635 
1537283888589 0 0 0 0 0 0 0 0 0 0 0 0 
1537283888589 0 0 0 0 0 0 0 0 0 0 0 0 
1537283888592 0 0 0 0 0 0 0 0 0 0 0 0 
1537283888603 -0.144215 0.22651 -0.963273 -0.701752 -0.948777 0.244889 0.19963 -0.288278 0.281113 0.942721 0.17959 0.463825 
1537283888613 -0.143877 0.226632 -0.963295 -0.701721 -0.948733 0.245247 0.1994 -0.288204 0.281435 0.942598 0.179728 0.464015 
1537283888623 -0.143538 0.226755 -0.963317 -0.701691 -0.948688 0.245604 0.199171 -0.288129 0.281757 0.942476 0.179867 0.464206 
1537283888633 -0.143199 0.226878 -0.963338 -0.701661 -0.948644 0.245961 0.198941 -0.288055 0.282079 0.942353 0.180005 0.464396 
1537283888636 0 0 0 0 0 0 0 0 0 0 0 0 
1537283888639 0 0 0 0 0 0 0 0 0 0 0 0 
1537283888642 0 0 0 0 0 0 0 0 0 0 0 0 
1537283888653 -0.14286 0.227 -0.96336 -0.701631 -0.9486 0.246318 0.198712 -0.287981 0.282401 0.942231 0.180143 0.464586 
1537283888663 -0.142521 0.227122 -0.963381 -0.7016 -0.948555 0.246675 0.198482 -0.287907 0.282722 0.942108 0.180281 0.464777 
1537283888673 -0.142181 0.227244 -0.963403 -0.70157 -0.94851 0.247033 0.198253 -0.287833 0.283044 0.941985 0.18042 0.464967 
1537283888683 -0.141178 0.227638 -0.963457 -0.699234 -0.948521 0.247601 0.19749 -0.286014 0.283509 0.94174 0.180963 0.464419 
1537283888721 0.275657 0.633204 -0.723233 -0.604483 -0.8825 0.464965 0.0707247 -0.181741 0.381061 0.618757 0.686973 0.426588 
1537283888723 0 0 0 0 0 0 0 0 0 0 0 0 
1537283888726 0 0 0 0 0 0 0 0 0 0 0 0 
1537283888729 0 0 0 0 0 0 0 0 0 0 0 0 
1537283888733 0 0 0 0 0 0 0 0 0 0 0 0 
1537283888743 -0.141464 0.227503 -0.963447 -0.701463 -0.948412 0.247795 0.197769 -0.287604 0.28373 0.941722 0.180712 0.46566 
1537283888748 0 0 0 0 0 0 0 0 0 0 0 0 
1537283888749 0 0 0 0 0 0 0 0 0 0 0 0 
1537283888753 0 0 0 0 0 0 0 0 0 0 0 0 
1537283888763 -0.141426 0.227517 -0.963449 -0.701417 -0.948405 0.247842 0.197745 -0.287523 0.283774 0.941706 0.180727 0.465972 
1537283888773 -0.141387 0.227532 -0.963452 -0.70137 -0.948397 0.24789 0.19772 -0.287443 0.283817 0.94169 0.180742 0.466284 
1537283888783 -0.141348 0.227546 -0.963454 -0.701324 -0.94839 0.247937 0.197695 -0.287362 0.283861 0.941674 0.180757 0.466596 
1537283888795 -0.141309 0.227561 -0.963456 -0.701277 -0.948383 0.247985 0.197671 -0.287281 0.283905 0.941658 0.180772 0.466908 
1537283888803 -0.141271 0.227575 -0.963458 -0.70123 -0.948375 0.248032 0.197646 -0.2872 0.283948 0.941642 0.180787 0.46722 
1537283888814 -0.141232 0.22759 -0.963461 -0.701184 -0.948368 0.24808 0.197621 -0.28712 0.283992 0.941626 0.180802 0.467532 
1537283888823 -0.141193 0.227604 -0.963463 -0.701137 -0.948361 0.248128 0.197597 -0.287039 0.284036 0.94161 0.180817 0.467844 
1537283888833 -0.140483 0.227895 -0.963498 -0.698785 -0.94841 0.248387 0.197034 -0.285207 0.284223 0.941471 0.181244 0.467397 
1537283888862 0 0 0 0 0 0 0 0 0 0 0 0 
1537283888862 0 0 0 0 0 0 0 0 0 0 0 0 
1537283888878 0.275657 0.633204 -0.723233 -0.604483 -0.8825 0.464965 0.0707247 -0.181741 0.381061 0.618757 0.686973 0.426588 
1537283888878 0 0 0 0 0 0 0 0 0 0 0 0 
1537283888881 0 0 0 0 0 0 0 0 0 0 0 0 
1537283888882 0 0 0 0 0 0 0 0 0 0 0 0 
1537283888892 -0.141382 0.22771 -0.96341 -0.700955 -0.948251 0.248341 0.197855 -0.28675 0.284308 0.941528 0.180815 0.468872 
1537283888902 -0.141648 0.227786 -0.963353 -0.700867 -0.948156 0.24846 0.198162 -0.286622 0.284493 0.941478 0.180783 0.469277 
1537283888912 -0.141914 0.227862 -0.963296 -0.700778 -0.948061 0.248578 0.198469 -0.286494 0.284678 0.941429 0.18075 0.469681 
1537283888922 -0.14218 0.227938 -0.963239 -0.700689 -0.947965 0.248696 0.198776 -0.286366 0.284863 0.941379 0.180718 0.470086 
1537283888932 -0.142446 0.228014 -0.963181 -0.7006 -0.94787 0.248815 0.199084 -0.286238 0.285048 0.941329 0.180685 0.47049 
1537283888942 -0.142712 0.228091 -0.963124 -0.700511 -0.947774 0.248933 0.199391 -0.28611 0.285233 0.941279 0.180653 0.470895 
1537283888953 -0.142978 0.228167 -0.963067 -0.700423 -0.947678 0.249051 0.199698 -0.285983 0.285418 0.94123 0.18062 0.471299 
1537283888962 -0.143244 0.228243 -0.963009 -0.700334 -0.947582 0.24917 0.200005 -0.285855 0.285603 0.94118 0.180587 0.471704 
1537283888972 -0.142831 0.228603 -0.962985 -0.697938 -0.947545 0.2495 0.19977 -0.283971 0.285933 0.941005 0.180975 0.471322 
1537283889010 0 0 0 0 0 0 0 0 0 0 0 0 
1537283889010 0 0 0 0 0 0 0 0 0 0 0 0 
1537283889019 0 0 0 0 0 0 0 0 0 0 0 0 
1537283889019 0 0 0 0 0 0 0 0 0 0 0 0 
1537283889020 0 0 0 0 0 0 0 0 0 0 0 0 
1537283889029 0 0 0 0 0 0 0 0 0 0 0 0 
1537283889029 0 0 0 0 0 0 0 0 0 0 0 0 
1537283889030 0 0 0 0 0 0 0 0 0 0 0 0 
1537283889035 0 0 0 0 0 0 0 0 0 0 0 0 
1537283889037 0 0 0 0 0 0 0 0 0 0 0 0 
1537283889040 0 0 0 0 0 0 0 0 0 0 0 0 
1537283889050 0.275657 0.633204 -0.723233 -0.604483 -0.8825 0.464965 0.0707247 -0.181741 0.381061 0.618757 0.686973 0.426588 
1537283889056 0 0 0 0 0 0 0 0 0 0 0 0 
1537283889057 0 0 0 0 0 0 0 0 0 0 0 0 
1537283889060 0 0 0 0 0 0 0 0 0 0 0 0 
1537283889070 -0.144004 0.228473 -0.962841 -0.700082 -0.947313 0.24949 0.200883 -0.285499 0.286115 0.941039 0.180508 0.472836 
1537283889075 0 0 0 0 0 0 0 0 0 0 0 0 
1537283889077 0 0 0 0 0 0 0 0 0 0 0 0 
1537283889080 0 0 0 0 0 0 0 0 0 0 0 0 
1537283889090 -0.144231 0.22855 -0.962789 -0.700008 -0.947235 0.249573 0.201146 -0.285399 0.286258 0.940998 0.180494 0.47316 
1537283889101 -0.144459 0.228627 -0.962736 -0.699934 -0.947157 0.249657 0.201409 -0.285298 0.286401 0.940958 0.18048 0.473484 
1537283889110 -0.144686 0.228703 -0.962684 -0.69986 -0.947079 0.249741 0.201672 -0.285198 0.286544 0.940917 0.180466 0.473808 
1537283889120 -0.144914 0.22878 -0.962632 -0.699786 -0.947001 0.249824 0.201935 -0.285098 0.286687 0.940876 0.180452 0.474132 
1537283889130 -0.145142 0.228857 -0.962579 -0.699712 -0.946923 0.249908 0.202197 -0.284998 0.28683 0.940835 0.180438 0.474456 
1537283889140 -0.145369 0.228934 -0.962526 -0.699637 -0.946844 0.249991 0.20246 -0.284898 0.286973 0.940794 0.180424 0.47478 
1537283889150 -0.145597 0.229011 -0.962474 -0.699563 -0.946766 0.250075 0.202723 -0.284797 0.287116 0.940753 0.18041 0.475104 
1537283889160 -0.145139 0.229377 -0.962456 -0.697181 -0.946748 0.250371 0.20244 -0.282937 0.287406 0.940585 0.180824 0.474619 
1537283889191 0 0 0 0 0 0 0 0 0 0 0 0 
1537283889191 0 0 0 0 0 0 0 0 0 0 0 0 
1537283889202 0.275657 0.633204 -0.723233 -0.604483 -0.8825 0.464965 0.0707247 -0.181741 0.381061 0.618757 0.686973 0.426588 
1537283889206 0 0 0 0 0 0 0 0 0 0 0 0 
1537283889213 0 0 0 0 0 0 0 0 0 0 0 0 
1537283889213 0 0 0 0 0 0 0 0 0 0 0 0 
1537283889222 -0.146238 0.229218 -0.962327 -0.699359 -0.946546 0.250309 0.203462 -0.284519 0.287517 0.94064 0.180361 0.476007 
1537283889229 0 0 0 0 0 0 0 0 0 0 0 0 
1537283889229 0 0 0 0 0 0 0 0 0 0 0 0 
1537283889231 0 0 0 0 0 0 0 0 0 0 0 0 
1537283889242 -0.146425 0.229271 -0.962286 -0.699302 -0.946482 0.250377 0.203674 -0.28444 0.287631 0.940609 0.18034 0.476262 
1537283889252 -0.146612 0.229324 -0.962245 -0.699245 -0.946418 0.250445 0.203887 -0.284362 0.287745 0.940579 0.180318 0.476517 
1537283889262 -0.146799 0.229377 -0.962204 -0.699189 -0.946355 0.250512 0.2041 -0.284284 0.28786 0.940548 0.180297 0.476772 
1537283889272 -0.146986 0.22943 -0.962163 -0.699132 -0.946291 0.25058 0.204312 -0.284205 0.287974 0.940517 0.180276 0.477027 
1537283889283 -0.147173 0.229483 -0.962122 -0.699075 -0.946227 0.250647 0.204525 -0.284127 0.288088 0.940486 0.180255 0.477283 
1537283889292 -0.147359 0.229536 -0.96208 -0.699019 -0.946163 0.250715 0.204738 -0.284049 0.288203 0.940455 0.180233 0.477538 
1537283889302 -0.147546 0.229589 -0.962039 -0.698962 -0.946099 0.250783 0.20495 -0.28397 0.288317 0.940424 0.180212 0.477793 
1537283889312 -0.147043 0.229935 -0.962033 -0.696594 -0.946098 0.251063 0.204614 -0.282127 0.288579 0.940264 0.180624 0.47722 
1537283889370 0 0 0 0 0 0 0 0 0 0 0 0 
1537283889370 0 0 0 0 0 0 0 0 0 0 0 0 
1537283889380 0.275657 0.633204 -0.723233 -0.604483 -0.8825 0.464965 0.0707247 -0.181741 0.381061 0.618757 0.686973 0.426588 
1537283889386 0 0 0 0 0 0 0 0 0 0 0 0 
1537283889386 0 0 0 0 0 0 0 0 0 0 0 0 
1537283889390 0 0 0 0 0 0 0 0 0 0 0 0 
1537283889400 -0.148079 0.229746 -0.96192 -0.698804 -0.945916 0.250974 0.205558 -0.283751 0.288643 0.940335 0.180156 0.478508 
1537283889406 0 0 0 0 0 0 0 0 0 0 0 0 
1537283889406 0 0 0 0 0 0 0 0 0 0 0 0 
1537283889410 0 0 0 0 0 0 0 0 0 0 0 0 
1537283889420 -0.148238 0.229796 -0.961883 -0.698758 -0.945862 0.25103 0.205741 -0.283688 0.28874 0.940307 0.180143 0.478713 
1537283889430 -0.148397 0.229847 -0.961846 -0.698713 -0.945807 0.251086 0.205924 -0.283625 0.288838 0.94028 0.18013 0.478918 
1537283889441 -0.148557 0.229898 -0.96181 -0.698667 -0.945752 0.251143 0.206106 -0.283562 0.288935 0.940252 0.180118 0.479123 
1537283889450 -0.148716 0.229949 -0.961773 -0.698622 -0.945698 0.251199 0.206289 -0.2835 0.289032 0.940225 0.180105 0.479328 
1537283889460 -0.148875 0.229999 -0.961736 -0.698576 -0.945643 0.251255 0.206472 -0.283437 0.289129 0.940197 0.180092 0.479533 
1537283889470 -0.149034 0.23005 -0.961699 -0.698531 -0.945588 0.251311 0.206654 -0.283374 0.289227 0.94017 0.180079 0.479738 
1537283889480 -0.149193 0.230101 -0.961663 -0.698486 -0.945533 0.251367 0.206837 -0.283311 0.289324 0.940143 0.180066 0.479943 
1537283889490 -0.148659 0.230449 -0.961662 -0.696126 -0.945542 0.251636 0.206468 -0.28148 0.289569 0.939985 0.180491 0.479305 
1537283889519 0 0 0 0 0 0 0 0 0 0 0 0 
1537283889519 0 0 0 0 0 0 0 0 0 0 0 0 
1537283889529 0.275657 0.633204 -0.723233 -0.604483 -0.8825 0.464965 0.0707247 -0.181741 0.381061 0.618757 0.686973 0.426588 
1537283889536 0 0 0 0 0 0 0 0 0 0 0 0 
1537283889536 0 0 0 0 0 0 0 0 0 0 0 0 
1537283889542 0 0 0 0 0 0 0 0 0 0 0 0 
1537283889543 0 0 0 0 0 0 0 0 0 0 0 0 
1537283889546 0 0 0 0 0 0 0 0 0 0 0 0 
1537283889549 0 0 0 0 0 0 0 0 0 0 0 0 
1537283889559 -0.149635 0.230244 -0.96156 -0.698357 -0.94538 0.251525 0.207345 -0.283134 0.289596 0.940065 0.180031 0.480521 
1537283889564 0 0 0 0 0 0 0 0 0 0 0 0 
1537283889566 0 0 0 0 0 0 0 0 0 0 0 0 
1537283889569 0 0 0 0 0 0 0 0 0 0 0 0 
1537283889579 -0.149759 0.230285 -0.961531 -0.698319 -0.945337 0.25157 0.207487 -0.283082 0.289673 0.940043 0.180022 0.48069 
1537283889591 -0.149883 0.230327 -0.961501 -0.698281 -0.945293 0.251615 0.20763 -0.28303 0.289751 0.940021 0.180014 0.480858 
1537283889599 -0.150006 0.230368 -0.961472 -0.698244 -0.94525 0.25166 0.207773 -0.282978 0.289828 0.939999 0.180005 0.481027 
1537283889609 -0.15013 0.230409 -0.961443 -0.698206 -0.945207 0.251705 0.207915 -0.282926 0.289905 0.939977 0.179996 0.481195 
1537283889620 -0.150253 0.230451 -0.961414 -0.698168 -0.945163 0.25175 0.208058 -0.282875 0.289983 0.939955 0.179987 0.481363 
1537283889629 -0.150377 0.230492 -0.961385 -0.69813 -0.94512 0.251795 0.208201 -0.282823 0.29006 0.939932 0.179979 0.481532 
1537283889639 -0.1505 0.230534 -0.961355 -0.698092 -0.945077 0.25184 0.208343 -0.282771 0.290138 0.93991 0.17997 0.4817 
1537283889649 -0.149927 0.230875 -0.961363 -0.695738 -0.945098 0.252098 0.207933 -0.280948 0.290364 0.939757 0.180403 0.481014 
1537283889681 0 0 0 0 0 0 0 0 0 0 0 0 
1537283889681 0 0 0 0 0 0 0 0 0 0 0 0 
1537283889691 0.275657 0.633204 -0.723233 -0.604483 -0.8825 0.464965 0.0707247 -0.181741 0.381061 0.618757 0.686973 0.426588 
1537283889694 0 0 0 0 0 0 0 0 0 0 0 0 
1537283889698 0 0 0 0 0 0 0 0 0 0 0 0 
1537283889701 0 0 0 0 0 0 0 0 0 0 0 0 
1537283889711 -0.150846 0.230654 -0.961272 -0.697984 -0.944953 0.25197 0.208745 -0.282624 0.290359 0.939846 0.179949 0.482178 
1537283889714 0 0 0 0 0 0 0 0 0 0 0 0 
1537283889718 0 0 0 0 0 0 0 0 0 0 0 0 
1537283889723 0 0 0 0 0 0 0 0 0 0 0 0 
1537283889731 -0.150945 0.230692 -0.961248 -0.697952 -0.944917 0.25201 0.208861 -0.28258 0.290426 0.939826 0.179945 0.482318 
1537283889741 -0.151044 0.23073 -0.961223 -0.697919 -0.944881 0.25205 0.208977 -0.282536 0.290493 0.939806 0.179941 0.482459 
1537283889753 -0.151143 0.230767 -0.961198 -0.697887 -0.944844 0.252089 0.209094 -0.282492 0.29056 0.939786 0.179938 0.482599 
1537283889761 -0.151242 0.230805 -0.961174 -0.697854 -0.944808 0.252129 0.20921 -0.282448 0.290627 0.939766 0.179934 0.48274 
1537283889776 -0.15134 0.230843 -0.961149 -0.697822 -0.944772 0.252169 0.209326 -0.282405 0.290694 0.939746 0.17993 0.482881 
1537283889776 0 0 0 0 0 0 0 0 0 0 0 0 
1537283889778 0 0 0 0 0 0 0 0 0 0 0 0 
1537283889781 0 0 0 0 0 0 0 0 0 0 0 0 
1537283889791 -0.151439 0.230881 -0.961124 -0.697789 -0.944735 0.252209 0.209442 -0.282361 0.290761 0.939726 0.179927 0.483021 
1537283889801 -0.151538 0.230919 -0.9611 -0.697757 -0.944699 0.252249 0.209559 -0.282317 0.290828 0.939706 0.179923 0.483162 
1537283889808 0 0 0 0 0 0 0 0 0 0 0 0 
1537283889809 0 0 0 0 0 0 0 0 0 0 0 0 
1537283889811 0 0 0 0 0 0 0 0 0 0 0 0 
1537283889821 -0.150937 0.231259 -0.961113 -0.695407 -0.944728 0.252502 0.20912 -0.2805 0.291044 0.939554 0.180365 0.482437 
1537283889865 0 0 0 0 0 0 0 0 0 0 0 0 
1537283889865 0 0 0 0 0 0 0 0 0 0 0 0 
1537283889883 0.275657 0.633204 -0.723233 -0.604483 -0.8825 0.464965 0.0707247 -0.181741 0.381061 0.618757 0.686973 0.426588 
1537283889886 0 0 0 0 0 0 0 0 0 0 0 0 
1537283889896 -0.151816 0.231051 -0.961024 -0.697649 -0.944587 0.252384 0.209898 -0.28217 0.291045 0.939637 0.179932 0.483643 
1537283889899 0 0 0 0 0 0 0 0 0 0 0 0 
1537283889903 0 0 0 0 0 0 0 0 0 0 0 0 
1537283889906 0 0 0 0 0 0 0 0 0 0 0 0 
1537283889916 -0.151897 0.231108 -0.960998 -0.697607 -0.944549 0.25244 0.210005 -0.28211 0.291128 0.939608 0.179948 0.483844 
1537283889926 -0.151977 0.231166 -0.960971 -0.697564 -0.94451 0.252495 0.210112 -0.282051 0.291211 0.939579 0.179965 0.484044 
1537283889936 -0.152058 0.231223 -0.960945 -0.697522 -0.944471 0.25255 0.21022 -0.281991 0.291294 0.93955 0.179981 0.484244 
1537283889941 0 0 0 0 0 0 0 0 0 0 0 0 
1537283889943 0 0 0 0 0 0 0 0 0 0 0 0 
1537283889946 0 0 0 0 0 0 0 0 0 0 0 0 
1537283889956 -0.152138 0.23128 -0.960918 -0.69748 -0.944433 0.252605 0.210327 -0.281932 0.291377 0.939521 0.179997 0.484445 
1537283889966 -0.152219 0.231337 -0.960892 -0.697437 -0.944394 0.252661 0.210434 -0.281872 0.291461 0.939492 0.180014 0.484645 
1537283889976 -0.152299 0.231394 -0.960865 -0.697395 -0.944355 0.252716 0.210541 -0.281813 0.291544 0.939463 0.18003 0.484846 
1537283889986 -0.15238 0.231451 -0.960839 -0.697352 -0.944317 0.252771 0.210648 -0.281753 0.291627 0.939434 0.180046 0.485046 
1537283889996 -0.151757 0.231814 -0.96085 -0.694992 -0.944345 0.25304 0.210199 -0.279917 0.29186 0.939273 0.180512 0.484368 
1537283890031 0.275657 0.633204 -0.723233 -0.604483 -0.8825 0.464965 0.0707247 -0.181741 0.381061 0.618757 0.686973 0.426588 
1537283890034 0 0 0 0 0 0 0 0 0 0 0 0 
1537283890041 0 0 0 0 0 0 0 0 0 0 0 0 
1537283890041 0 0 0 0 0 0 0 0 0 0 0 0 
1537283890045 0 0 0 0 0 0 0 0 0 0 0 0 
1537283890054 -0.15266 0.231675 -0.96074 -0.697207 -0.944181 0.252962 0.211028 -0.281558 0.291921 0.939328 0.180126 0.485729 
1537283890065 0 0 0 0 0 0 0 0 0 0 0 0 
1537283890065 0 0 0 0 0 0 0 0 0 0 0 0 
1537283890068 0 0 0 0 0 0 0 0 0 0 0 0 
1537283890080 -0.152778 0.231785 -0.960695 -0.697146 -0.944122 0.253043 0.211194 -0.281482 0.292048 0.939279 0.180174 0.48601 
1537283890088 -0.152897 0.231894 -0.96065 -0.697085 -0.944063 0.253123 0.21136 -0.281405 0.292176 0.93923 0.180221 0.486292 
1537283890098 -0.153016 0.232004 -0.960604 -0.697024 -0.944005 0.253204 0.211525 -0.281329 0.292303 0.939182 0.180268 0.486574 
1537283890110 -0.153135 0.232113 -0.960559 -0.696963 -0.943946 0.253284 0.211691 -0.281253 0.292431 0.939133 0.180316 0.486856 
1537283890111 0 0 0 0 0 0 0 0 0 0 0 0 
1537283890115 0 0 0 0 0 0 0 0 0 0 0 0 
1537283890118 0 0 0 0 0 0 0 0 0 0 0 0 
1537283890131 -0.153254 0.232223 -0.960513 -0.696902 -0.943887 0.253365 0.211857 -0.281177 0.292558 0.939084 0.180363 0.487137 
1537283890138 -0.153372 0.232332 -0.960468 -0.696841 -0.943828 0.253445 0.212022 -0.281101 0.292686 0.939035 0.180411 0.487419 
1537283890148 -0.153491 0.232442 -0.960422 -0.69678 -0.94377 0.253526 0.212188 -0.281024 0.292813 0.938986 0.180458 0.487701 
1537283890161 -0.152902 0.232861 -0.960415 -0.6944 -0.943779 0.253819 0.211795 -0.279169 0.293091 0.938803 0.18096 0.487086 
1537283890188 0 0 0 0 0 0 0 0 0 0 0 0 
1537283890188 0 0 0 0 0 0 0 0 0 0 0 0 
1537283890200 0.275657 0.633204 -0.723233 -0.604483 -0.8825 0.464965 0.0707247 -0.181741 0.381061 0.618757 0.686973 0.426588 
1537283890204 0 0 0 0 0 0 0 0 0 0 0 0 
1537283890205 0 0 0 0 0 0 0 0 0 0 0 0 
1537283890209 0 0 0 0 0 0 0 0 0 0 0 0 
1537283890219 -0.153862 0.232735 -0.960292 -0.696586 -0.943564 0.253858 0.212706 -0.280775 0.293282 0.938824 0.180541 0.488545 
1537283890224 0 0 0 0 0 0 0 0 0 0 0 0 
1537283890235 0 0 0 0 0 0 0 0 0 0 0 0 
1537283890235 0 0 0 0 0 0 0 0 0 0 0 0 
1537283890239 0 0 0 0 0 0 0 0 0 0 0 0 
1537283890249 -0.153995 0.232809 -0.960253 -0.696514 -0.943475 0.25403 0.212893 -0.280678 0.293496 0.938759 0.18053 0.488825 
1537283890259 -0.154128 0.232883 -0.960213 -0.696442 -0.943387 0.254201 0.21308 -0.280581 0.29371 0.938694 0.180519 0.489106 
1537283890269 -0.154262 0.232957 -0.960174 -0.69637 -0.943298 0.254373 0.213266 -0.280484 0.293924 0.938629 0.180508 0.489386 
1537283890279 -0.154395 0.233031 -0.960135 -0.696297 -0.94321 0.254545 0.213453 -0.280387 0.294139 0.938564 0.180497 0.489667 
1537283890289 -0.154528 0.233106 -0.960095 -0.696225 -0.943121 0.254716 0.21364 -0.28029 0.294353 0.9385 0.180486 0.489947 
1537283890299 -0.154662 0.23318 -0.960056 -0.696153 -0.943032 0.254888 0.213827 -0.280193 0.294567 0.938435 0.180475 0.490228 
1537283890309 -0.154795 0.233254 -0.960016 -0.696081 -0.942944 0.255059 0.214013 -0.280096 0.294781 0.938369 0.180463 0.490508 
1537283890319 -0.154216 0.233642 -0.960015 -0.693691 -0.942925 0.255444 0.213639 -0.278218 0.295145 0.938168 0.180913 0.489873 
1537283890347 0 0 0 0 0 0 0 0 0 0 0 0 
1537283890347 0 0 0 0 0 0 0 0 0 0 0 0 
1537283890358 0.275657 0.633204 -0.723233 -0.604483 -0.8825 0.464965 0.0707247 -0.181741 0.381061 0.618757 0.686973 0.426588 
1537283890364 0 0 0 0 0 0 0 0 0 0 0 0 
1537283890364 0 0 0 0 0 0 0 0 0 0 0 0 
1537283890367 0 0 0 0 0 0 0 0 0 0 0 0 
1537283890379 -0.155257 0.233449 -0.959894 -0.695881 -0.942676 0.25554 0.21462 -0.279803 0.295394 0.93819 0.180392 0.49136 
1537283890384 0 0 0 0 0 0 0 0 0 0 0 0 
1537283890384 0 0 0 0 0 0 0 0 0 0 0 0 
1537283890387 0 0 0 0 0 0 0 0 0 0 0 0 
1537283890397 -0.155452 0.233495 -0.959851 -0.695826 -0.942586 0.255677 0.214852 -0.279705 0.295579 0.938141 0.180344 0.49165 
1537283890407 -0.155647 0.233542 -0.959808 -0.69577 -0.942495 0.255814 0.215085 -0.279606 0.295764 0.938092 0.180295 0.491941 
1537283890410 0 0 0 0 0 0 0 0 0 0 0 0 
1537283890420 -0.155843 0.233588 -0.959765 -0.695715 -0.942405 0.255951 0.215317 -0.279508 0.295949 0.938043 0.180247 0.492232 
1537283890423 0 0 0 0 0 0 0 0 0 0 0 0 
1537283890427 0 0 0 0 0 0 0 0 0 0 0 0 
1537283890437 -0.156038 0.233635 -0.959722 -0.69566 -0.942315 0.256089 0.21555 -0.279409 0.296134 0.937994 0.180198 0.492522 
1537283890447 -0.156233 0.233681 -0.959679 -0.695604 -0.942224 0.256226 0.215782 -0.279311 0.296319 0.937945 0.180149 0.492813 
1537283890457 -0.156429 0.233728 -0.959636 -0.695549 -0.942134 0.256363 0.216015 -0.279212 0.296504 0.937896 0.1801 0.493103 
1537283890467 -0.156624 0.233775 -0.959593 -0.695493 -0.942043 0.2565 0.216247 -0.279113 0.296689 0.937847 0.180052 0.493394 
1537283890477 -0.156099 0.234141 -0.959589 -0.693113 -0.942024 0.256851 0.215914 -0.277225 0.297026 0.93766 0.180472 0.492745 
1537283890519 0 0 0 0 0 0 0 0 0 0 0 0 
1537283890519 0 0 0 0 0 0 0 0 0 0 0 0 
1537283890530 0.275657 0.633204 -0.723233 -0.604483 -0.8825 0.464965 0.0707247 -0.181741 0.381061 0.618757 0.686973 0.426588 
1537283890534 0 0 0 0 0 0 0 0 0 0 0 0 
1537283890536 0 0 0 0 0 0 0 0 0 0 0 0 
1537283890539 0 0 0 0 0 0 0 0 0 0 0 0 
1537283890550 -0.15724 0.233911 -0.959459 -0.695329 -0.941822 0.256729 0.216939 -0.278849 0.297065 0.937751 0.179934 0.494239 
1537283890554 0 0 0 0 0 0 0 0 0 0 0 0 
1537283890556 0 0 0 0 0 0 0 0 0 0 0 0 
1537283890559 0 0 0 0 0 0 0 0 0 0 0 0 
1537283890570 -0.157467 0.233954 -0.959411 -0.695276 -0.941782 0.256683 0.217166 -0.278781 0.297071 0.937752 0.179914 0.494502 
1537283890580 -0.157693 0.233996 -0.959364 -0.695222 -0.941742 0.256638 0.217392 -0.278713 0.297078 0.937754 0.179894 0.494766 
1537283890590 -0.157919 0.234039 -0.959316 -0.695168 -0.941702 0.256592 0.217619 -0.278646 0.297084 0.937756 0.179874 0.49503 
1537283890600 -0.158145 0.234082 -0.959268 -0.695115 -0.941662 0.256547 0.217845 -0.278578 0.297091 0.937758 0.179855 0.495293 
1537283890604 0 0 0 0 0 0 0 0 0 0 0 0 
1537283890606 0 0 0 0 0 0 0 0 0 0 0 0 
1537283890609 0 0 0 0 0 0 0 0 0 0 0 0 
1537283890620 -0.158371 0.234125 -0.959221 -0.695061 -0.941622 0.256501 0.218072 -0.27851 0.297097 0.937759 0.179835 0.495557 
1537283890630 -0.158597 0.234168 -0.959173 -0.695007 -0.941582 0.256456 0.218298 -0.278443 0.297104 0.937761 0.179815 0.495821 
1537283890636 0 0 0 0 0 0 0 0 0 0 0 0 
1537283890636 0 0 0 0 0 0 0 0 0 0 0 0 
1537283890639 0 0 0 0 0 0 0 0 0 0 0 0 
1537283890650 -0.158823 0.23421 -0.959125 -0.694954 -0.941542 0.25641 0.218525 -0.278375 0.29711 0.937763 0.179795 0.496084 
1537283890660 -0.158322 0.234579 -0.959118 -0.692563 -0.941576 0.256579 0.21818 -0.276507 0.29727 0.937624 0.180252 0.495386 
1537283890689 0 0 0 0 0 0 0 0 0 0 0 0 
1537283890689 0 0 0 0 0 0 0 0 0 0 0 0 
1537283890702 0.275657 0.633204 -0.723233 -0.604483 -0.8825 0.464965 0.0707247 -0.181741 0.381061 0.618757 0.686973 0.426588 
1537283890704 0 0 0 0 0 0 0 0 0 0 0 0 
1537283890706 0 0 0 0 0 0 0 0 0 0 0 0 
1537283890709 0 0 0 0 0 0 0 0 0 0 0 0 
1537283890719 -0.159524 0.234331 -0.958979 -0.694802 -0.941408 0.256301 0.21923 -0.278181 0.29716 0.937763 0.179715 0.496787 
1537283890724 0 0 0 0 0 0 0 0 0 0 0 0 
1537283890725 0 0 0 0 0 0 0 0 0 0 0 0 
1537283890731 0 0 0 0 0 0 0 0 0 0 0 0 
1537283890739 -0.159773 0.234367 -0.958929 -0.694757 -0.941354 0.256283 0.219482 -0.278123 0.297197 0.937759 0.179675 0.496963 
1537283890751 -0.160022 0.234402 -0.958879 -0.694712 -0.9413 0.256265 0.219734 -0.278065 0.297233 0.937755 0.179635 0.497139 
1537283890759 -0.160271 0.234438 -0.958829 -0.694666 -0.941246 0.256247 0.219986 -0.278007 0.29727 0.937751 0.179595 0.497315 
1537283890769 -0.16052 0.234473 -0.958778 -0.694621 -0.941192 0.256229 0.220238 -0.277948 0.297307 0.937747 0.179555 0.49749 
1537283890779 -0.160769 0.234509 -0.958728 -0.694576 -0.941138 0.256211 0.220489 -0.27789 0.297344 0.937743 0.179514 0.497666 
1537283890785 0 0 0 0 0 0 0 0 0 0 0 0 
1537283890785 0 0 0 0 0 0 0 0 0 0 0 0 
1537283890789 0 0 0 0 0 0 0 0 0 0 0 0 
1537283890799 -0.161018 0.234545 -0.958677 -0.694531 -0.941083 0.256194 0.220741 -0.277832 0.297381 0.937739 0.179474 0.497842 
1537283890809 -0.161266 0.23458 -0.958627 -0.694486 -0.941029 0.256176 0.220993 -0.277774 0.297417 0.937735 0.179434 0.498017 
1537283890819 -0.160784 0.234947 -0.958618 -0.692097 -0.941051 0.256373 0.220672 -0.275909 0.297609 0.937589 0.179876 0.497215 
1537283890847 0 0 0 0 0 0 0 0 0 0 0 0 
1537283890847 0 0 0 0 0 0 0 0 0 0 0 0 
1537283890857 0.275657 0.633204 -0.723233 -0.604483 -0.8825 0.464965 0.0707247 -0.181741 0.381061 0.618757 0.686973 0.426588 
1537283890860 0 0 0 0 0 0 0 0 0 0 0 0 
1537283890864 0 0 0 0 0 0 0 0 0 0 0 0 
1537283890867 0 0 0 0 0 0 0 0 0 0 0 0 
1537283890870 0 0 0 0 0 0 0 0 0 0 0 0 
1537283890883 -0.161919 0.234717 -0.958483 -0.694364 -0.94087 0.25617 0.221675 -0.277628 0.297565 0.937702 0.17936 0.498457 
1537283890884 0 0 0 0 0 0 0 0 0 0 0 0 
1537283890887 0 0 0 0 0 0 0 0 0 0 0 0 
1537283890899 -0.162073 0.234783 -0.958441 -0.694332 -0.94082 0.256199 0.221853 -0.277599 0.297639 0.937677 0.179366 0.498545 
1537283890907 -0.162228 0.23485 -0.958399 -0.694301 -0.94077 0.256229 0.222032 -0.27757 0.297714 0.937653 0.179372 0.498633 
1537283890917 -0.162383 0.234916 -0.958356 -0.694269 -0.94072 0.256259 0.22221 -0.277542 0.297788 0.937628 0.179378 0.498721 
1537283890927 -0.162537 0.234982 -0.958314 -0.694237 -0.94067 0.256289 0.222388 -0.277513 0.297862 0.937603 0.179384 0.498809 
1537283890930 0 0 0 0 0 0 0 0 0 0 0 0 
1537283890943 -0.162692 0.235048 -0.958271 -0.694205 -0.94062 0.256319 0.222566 -0.277484 0.297937 0.937578 0.17939 0.498897 
1537283890943 0 0 0 0 0 0 0 0 0 0 0 0 
1537283890947 0 0 0 0 0 0 0 0 0 0 0 0 
1537283890957 -0.162847 0.235114 -0.958229 -0.694173 -0.940569 0.256349 0.222744 -0.277455 0.298011 0.937554 0.179396 0.498985 
1537283890962 0 0 0 0 0 0 0 0 0 0 0 0 
1537283890963 0 0 0 0 0 0 0 0 0 0 0 0 
1537283890969 0 0 0 0 0 0 0 0 0 0 0 0 
1537283890981 -0.163001 0.235181 -0.958186 -0.694141 -0.940519 0.256378 0.222922 -0.277426 0.298085 0.937529 0.179402 0.499074 
1537283890981 0 0 0 0 0 0 0 0 0 0 0 0 
1537283890990 -0.162425 0.235579 -0.958186 -0.691766 -0.940546 0.256623 0.222527 -0.275592 0.298315 0.937362 0.179891 0.498179 
1537283891017 0 0 0 0 0 0 0 0 0 0 0 0 
1537283891017 0 0 0 0 0 0 0 0 0 0 0 0 
1537283891028 0.275657 0.633204 -0.723233 -0.604483 -0.8825 0.464965 0.0707247 -0.181741 0.381061 0.618757 0.686973 0.426588 
1537283891034 0 0 0 0 0 0 0 0 0 0 0 0 
1537283891034 0 0 0 0 0 0 0 0 0 0 0 0 
1537283891038 0 0 0 0 0 0 0 0 0 0 0 0 
1537283891048 -0.163313 0.23532 -0.958099 -0.694077 -0.940416 0.25644 0.223284 -0.277369 0.298238 0.937477 0.179419 0.499249 
1537283891054 0 0 0 0 0 0 0 0 0 0 0 0 
1537283891054 0 0 0 0 0 0 0 0 0 0 0 0 
1537283891057 0 0 0 0 0 0 0 0 0 0 0 0 
1537283891068 -0.163317 0.235328 -0.958096 -0.694076 -0.940415 0.256441 0.22329 -0.277369 0.298242 0.937475 0.179424 0.499249 
1537283891078 -0.16332 0.235335 -0.958094 -0.694076 -0.940413 0.256443 0.223295 -0.277369 0.298246 0.937472 0.17943 0.499248 
1537283891082 0 0 0 0 0 0 0 0 0 0 0 0 
1537283891084 0 0 0 0 0 0 0 0 0 0 0 0 
1537283891087 0 0 0 0 0 0 0 0 0 0 0 0 
1537283891099 -0.163323 0.235342 -0.958092 -0.694075 -0.940411 0.256445 0.223301 -0.277369 0.29825 0.93747 0.179435 0.499248 
1537283891108 -0.163326 0.235349 -0.958089 -0.694075 -0.940409 0.256447 0.223306 -0.277369 0.298254 0.937468 0.17944 0.499247 
1537283891118 -0.163329 0.235357 -0.958087 -0.694074 -0.940407 0.256448 0.223312 -0.27737 0.298258 0.937465 0.179446 0.499247 
1537283891128 -0.163332 0.235364 -0.958085 -0.694074 -0.940405 0.25645 0.223318 -0.27737 0.298262 0.937463 0.179451 0.499246 
1537283891138 -0.163335 0.235371 -0.958083 -0.694073 -0.940404 0.256452 0.223323 -0.27737 0.298266 0.937461 0.179456 0.499246 
1537283891148 -0.162607 0.23571 -0.958123 -0.69173 -0.940479 0.256668 0.222756 -0.275566 0.298426 0.937316 0.179945 0.498262 
1537283891249 0 0 0 0 0 0 0 0 0 0 0 0 
1537283891249 0 0 0 0 0 0 0 0 0 0 0 0 
1537283891264 0.275657 0.633204 -0.723233 -0.604483 -0.8825 0.464965 0.0707247 -0.181741 0.381061 0.618757 0.686973 0.426588 
1537283891264 0 0 0 0 0 0 0 0 0 0 0 0 
1537283891265 0 0 0 0 0 0 0 0 0 0 0 0 
1537283891269 0 0 0 0 0 0 0 0 0 0 0 0 
1537283891279 -0.126516 0.330134 -0.935417 -0.670572 -0.941749 0.256254 0.217811 -0.266196 0.311612 0.908485 0.278483 0.497777 
1537283891289 -0.0884626 0.421374 -0.902562 -0.64696 -0.942921 0.256629 0.21223 -0.254938 0.321052 0.869819 0.374621 0.496264 
1537283891299 -0.0496284 0.508101 -0.859867 -0.623348 -0.943898 0.257567 0.206676 -0.243679 0.326485 0.821884 0.466813 0.49475 
1537283891309 -0.0104353 0.589371 -0.807795 -0.599734 -0.944671 0.259056 0.201212 -0.232419 0.327853 0.765201 0.554058 0.493236 
1537283891319 0.028691 0.664303 -0.746913 -0.57612 -0.945231 0.261082 0.195897 -0.221159 0.32514 0.700384 0.63541 0.491721 
1537283891329 0.0673258 0.732083 -0.67788 -0.552506 -0.945571 0.263621 0.190787 -0.2099 0.318375 0.628139 0.709985 0.490207 
1537283891339 0.10505 0.791976 -0.601447 -0.528892 -0.945688 0.266646 0.185939 -0.19864 0.307633 0.549249 0.776974 0.488693 
1537283891349 0.141453 0.843321 -0.51846 -0.505312 -0.945581 0.270128 0.181402 -0.187381 0.293031 0.464586 0.835639 0.487219 
1537283891359 0.175578 0.88439 -0.432465 -0.486964 -0.945191 0.274279 0.177158 -0.176678 0.275293 0.377657 0.884075 0.491551 
1537284007067 0 0 0 0 0 0 0 0 0 0 0 0 
1537284007067 0 0 0 0 0 0 0 0 0 0 0 0 
1537284007087 0.275657 0.633204 -0.723233 -0.604483 -0.8825 0.464965 0.0707247 -0.181741 0.381061 0.618757 0.686973 0.426588 
1537284007088 0 0 0 0 0 0 0 0 0 0 0 0 
1537284007092 0 0 0 0 0 0 0 0 0 0 0 0 
1537284007103 -0.149233 0.861482 -0.485365 -0.583346 -0.9794 -0.0612496 0.192418 -0.246099 0.136036 0.504081 0.852875 0.41495 
1537284007111 -0.11064 0.875626 -0.470147 -0.569523 -0.981983 -0.023398 0.187513 -0.237091 0.153191 0.482423 0.862439 0.422715 
1537284007114 0 0 0 0 0 0 0 0 0 0 0 0 
1537284007125 -0.0715597 0.887851 -0.454533 -0.55571 -0.98295 0.0146119 0.183293 -0.228085 0.169378 0.4599 0.871667 0.430495 
1537284007128 0 0 0 0 0 0 0 0 0 0 0 0 
1537284007131 0 0 0 0 0 0 0 0 0 0 0 0 
1537284007135 0 0 0 0 0 0 0 0 0 0 0 0 
1537284007138 0 0 0 0 0 0 0 0 0 0 0 0 
1537284007141 0 0 0 0 0 0 0 0 0 0 0 0 
1537284007144 0 0 0 0 0 0 0 0 0 0 0 0 
1537284007157 -0.0320725 0.898151 -0.438516 -0.541814 -0.982296 0.052695 0.179772 -0.219063 0.18457 0.436518 0.88056 0.438213 
1537284007164 0.00774107 0.906496 -0.422143 -0.527876 -0.980025 0.0907729 0.176952 -0.210034 0.198725 0.41234 0.889091 0.445895 
1537284007176 0.0477972 0.912863 -0.405459 -0.513922 -0.976141 0.128766 0.174836 -0.201001 0.21181 0.387429 0.897238 0.453561 
1537284007184 0.0880105 0.917233 -0.388506 -0.499963 -0.970654 0.166594 0.173428 -0.191968 0.223796 0.361841 0.904978 0.46122 
1537284007195 0.128295 0.919598 -0.371323 -0.486007 -0.963575 0.204177 0.172731 -0.182935 0.234659 0.335637 0.912296 0.468881 
1537284007204 0.168111 0.91938 -0.355639 -0.475501 -0.95488 0.241481 0.172891 -0.174508 0.244833 0.310527 0.918493 0.479981 
