1533297732586 0.151476 0.944409 -0.291797 -0.605419 -0.940156 0.228809 0.252496 -0.223143 0.305225 0.236088 0.922551 0.380871 
1533297735418 0.151476 0.944409 -0.291798 -0.605419 -0.940156 0.228808 0.252496 -0.223143 0.305225 0.236088 0.922551 0.38087 
1533297735429 0.151476 0.944409 -0.291798 -0.605419 -0.940156 0.228808 0.252496 -0.223143 0.305225 0.236088 0.922551 0.38087 
1533297735446 0.151476 0.94441 -0.291797 -0.605419 -0.940156 0.228808 0.252496 -0.223143 0.305225 0.236088 0.922551 0.380871 
1533297735463 0.151477 0.94441 -0.291796 -0.605419 -0.940156 0.228809 0.252495 -0.223144 0.305224 0.236086 0.922552 0.380872 
1533297735479 0.151477 0.944411 -0.291794 -0.605419 -0.940157 0.228807 0.252493 -0.223144 0.305222 0.236085 0.922553 0.380873 
1533297735496 0.151469 0.944413 -0.291789 -0.605417 -0.94016 0.228797 0.25249 -0.223142 0.305215 0.236084 0.922555 0.380876 
1533297735513 0.15144 0.944416 -0.291795 -0.605416 -0.940183 0.228758 0.252441 -0.223142 0.305159 0.236111 0.922567 0.380882 
1533297735529 0.151235 0.944411 -0.291917 -0.605423 -0.940277 0.228552 0.252278 -0.223137 0.304972 0.23633 0.922573 0.380894 
1533297735549 0.150698 0.94438 -0.292296 -0.605447 -0.940445 0.228089 0.25207 -0.223112 0.304719 0.236901 0.92251 0.380933 
1533297735563 0.150115 0.944365 -0.292643 -0.605449 -0.940637 0.22756 0.251831 -0.223088 0.304414 0.237467 0.922465 0.381007 
1533297735583 0.149453 0.944351 -0.293028 -0.605437 -0.940922 0.226905 0.251355 -0.223099 0.303857 0.23815 0.922473 0.381115 
1533297735599 0.149092 0.944339 -0.293251 -0.60543 -0.941102 0.226532 0.25102 -0.223122 0.303478 0.238554 0.922493 0.381172 
1533297735616 0.14848 0.944256 -0.293827 -0.605436 -0.941432 0.22593 0.250325 -0.223195 0.302755 0.23945 0.922498 0.381247 
1533297735633 0.147975 0.944131 -0.294482 -0.605468 -0.941668 0.225508 0.249816 -0.223253 0.302267 0.240337 0.922427 0.381277 
1533297735649 0.147365 0.94399 -0.295238 -0.605508 -0.941976 0.22497 0.249138 -0.223338 0.301603 0.241393 0.922369 0.381306 
1533297735666 0.146783 0.943864 -0.295931 -0.605559 -0.942286 0.224434 0.248448 -0.223406 0.300918 0.242384 0.922333 0.381331 
1533297735686 0.146166 0.943736 -0.296643 -0.60562 -0.942657 0.223824 0.247592 -0.223478 0.300057 0.243443 0.922335 0.381367 
1533297735703 0.145676 0.943677 -0.297074 -0.605658 -0.942927 0.223321 0.247015 -0.223501 0.299445 0.244135 0.922351 0.381401 
1533297735720 0.145244 0.943645 -0.297386 -0.605686 -0.943138 0.222882 0.246605 -0.2235 0.298989 0.244658 0.92236 0.381429 
1533297735743 0.144484 0.943594 -0.297917 -0.605726 -0.943525 0.222091 0.245838 -0.223499 0.298136 0.245572 0.922393 0.381481 
1533297735760 0.143931 0.943537 -0.298367 -0.605754 -0.943839 0.221502 0.245161 -0.223506 0.297407 0.246324 0.922428 0.381527 
1533297735776 0.143465 0.943472 -0.298794 -0.605781 -0.944127 0.220999 0.244506 -0.223528 0.296718 0.247022 0.922463 0.381569 
1533297735796 0.142665 0.943372 -0.299493 -0.60582 -0.944601 0.220139 0.24345 -0.223592 0.295594 0.24817 0.922516 0.381649 
1533297735813 0.142018 0.943261 -0.300151 -0.605865 -0.944942 0.2195 0.242702 -0.223661 0.294814 0.249157 0.922499 0.381701 
1533297735830 0.141358 0.943106 -0.300948 -0.605917 -0.945343 0.218833 0.241739 -0.223774 0.293843 0.250327 0.922493 0.381763 
1533297735847 0.141023 0.942991 -0.301463 -0.605939 -0.945611 0.218467 0.241023 -0.223866 0.293142 0.251077 0.922512 0.381807 
1533297735863 0.140769 0.942911 -0.301831 -0.605947 -0.945811 0.218185 0.240492 -0.223928 0.292617 0.251622 0.92253 0.381836 
1533297735880 0.140445 0.942768 -0.30243 -0.60595 -0.946071 0.217853 0.239771 -0.22402 0.291934 0.252446 0.922521 0.381864 
1533297735903 0.140101 0.942552 -0.303261 -0.605886 -0.946419 0.217485 0.238729 -0.224134 0.290969 0.253566 0.922519 0.381863 
1533297735920 0.139931 0.942414 -0.303767 -0.605822 -0.946608 0.217312 0.238136 -0.224193 0.290435 0.254226 0.922506 0.38184 
1533297735937 0.139732 0.942147 -0.304687 -0.605751 -0.946853 0.217169 0.23729 -0.224283 0.289731 0.255337 0.92242 0.381779 
1533297735953 0.139591 0.941925 -0.305438 -0.60568 -0.947072 0.217051 0.236523 -0.224358 0.289082 0.256255 0.922369 0.381742 
1533297735970 0.13958 0.941661 -0.306254 -0.605574 -0.947325 0.217022 0.235534 -0.224427 0.288257 0.257246 0.922351 0.381722 
1533297735987 0.139516 0.941462 -0.306895 -0.605503 -0.947533 0.216945 0.234769 -0.224448 0.287605 0.258039 0.922334 0.381715 
1533297736003 0.139403 0.941328 -0.307358 -0.605456 -0.9477 0.21682 0.234209 -0.224444 0.287109 0.258634 0.922321 0.38172 
1533297736020 0.139069 0.941148 -0.308059 -0.605364 -0.948016 0.216441 0.233277 -0.22439 0.286225 0.259604 0.922324 0.381756 
1533297736037 0.138755 0.941068 -0.308443 -0.605295 -0.948249 0.216074 0.232673 -0.224308 0.285607 0.260197 0.922348 0.38179 
1533297736053 0.138468 0.941014 -0.308739 -0.605227 -0.948464 0.215721 0.23212 -0.224218 0.28503 0.260686 0.922389 0.381833 
1533297736073 0.138131 0.940944 -0.309103 -0.605115 -0.94877 0.215261 0.231295 -0.224107 0.284174 0.261319 0.922474 0.381893 
1533297736090 0.137762 0.940816 -0.309655 -0.60501 -0.949118 0.214782 0.230313 -0.224018 0.283191 0.26217 0.922534 0.381925 
1533297736107 0.137297 0.940684 -0.310262 -0.604901 -0.94946 0.214241 0.229404 -0.223919 0.282268 0.263085 0.922557 0.381923 
1533297736123 0.136735 0.940557 -0.310895 -0.604767 -0.949853 0.213579 0.228392 -0.223799 0.281216 0.264075 0.922595 0.381908 
1533297736140 0.136056 0.940407 -0.311648 -0.604627 -0.950312 0.212788 0.227217 -0.223659 0.279991 0.265249 0.922631 0.381873 
1533297736157 0.135441 0.940287 -0.312275 -0.604499 -0.950698 0.212084 0.226262 -0.223529 0.27898 0.266234 0.922654 0.381842 
1533297736173 0.134836 0.940212 -0.312763 -0.604361 -0.9511 0.211333 0.225269 -0.223411 0.277898 0.267094 0.922731 0.381825 
1533297736190 0.134303 0.94017 -0.313117 -0.60425 -0.951426 0.21068 0.224505 -0.223294 0.27704 0.267756 0.922797 0.381853 
1533297736206 0.133831 0.940122 -0.313465 -0.604167 -0.951688 0.210135 0.223906 -0.223179 0.276369 0.268355 0.922825 0.381894 
1533297736223 0.133307 0.940066 -0.313857 -0.604083 -0.95195 0.209555 0.223333 -0.22303 0.275718 0.269004 0.922831 0.381943 
1533297736247 0.132815 0.940005 -0.314246 -0.603976 -0.952243 0.208971 0.222631 -0.222893 0.274942 0.26967 0.922868 0.382 
1533297736263 0.132541 0.93993 -0.314587 -0.603897 -0.952437 0.208642 0.222108 -0.222825 0.274402 0.270186 0.922878 0.382029 
1533297736280 0.132361 0.939831 -0.314957 -0.603796 -0.952611 0.208414 0.221574 -0.222789 0.273884 0.270704 0.92288 0.382033 
1533297736297 0.132203 0.939701 -0.315411 -0.603665 -0.952799 0.208211 0.220959 -0.222787 0.273308 0.271311 0.922872 0.382013 
1533297736313 0.132032 0.939535 -0.315978 -0.603508 -0.953039 0.207969 0.22015 -0.222828 0.272552 0.272073 0.922871 0.381985 
1533297736330 0.131849 0.939408 -0.31643 -0.603394 -0.953254 0.207714 0.219457 -0.222859 0.271887 0.272703 0.922882 0.381957 
1533297736347 0.131629 0.939278 -0.316908 -0.603277 -0.953482 0.207421 0.218741 -0.222893 0.271192 0.273374 0.922888 0.381932 
1533297736363 0.131417 0.939152 -0.317368 -0.603146 -0.953681 0.207161 0.218122 -0.222919 0.270596 0.274002 0.922876 0.381917 
1533297736380 0.131227 0.939069 -0.317693 -0.603043 -0.953817 0.206947 0.217729 -0.222904 0.270208 0.274449 0.922857 0.381929 
1533297736397 0.13107 0.938982 -0.318014 -0.60296 -0.95397 0.206742 0.217255 -0.222875 0.269745 0.2749 0.922858 0.381949 
1533297736417 0.130936 0.938859 -0.318433 -0.602876 -0.954182 0.206516 0.216535 -0.22282 0.269057 0.275491 0.922883 0.382005 
1533297736433 0.130896 0.938738 -0.318806 -0.602825 -0.954349 0.206399 0.215912 -0.222785 0.268486 0.275991 0.9229 0.382047 
1533297736450 0.130805 0.93862 -0.319192 -0.602759 -0.954541 0.206217 0.215234 -0.222723 0.267846 0.276528 0.922925 0.382096 
1533297736467 0.130582 0.938529 -0.31955 -0.60268 -0.95477 0.205887 0.214536 -0.222619 0.267139 0.277082 0.922964 0.382155 
1533297736483 0.13018 0.938444 -0.319964 -0.602541 -0.955131 0.205288 0.213497 -0.222502 0.26604 0.277814 0.923061 0.382227 
1533297736500 0.129838 0.938371 -0.320315 -0.602442 -0.955405 0.204811 0.212731 -0.222418 0.265225 0.27841 0.923116 0.382281 
1533297736516 0.129502 0.938303 -0.320652 -0.602339 -0.955664 0.204349 0.212011 -0.222324 0.264455 0.278979 0.923165 0.382322 
1533297736533 0.129194 0.938215 -0.321032 -0.602245 -0.955871 0.203973 0.211435 -0.22226 0.263853 0.279549 0.923165 0.382316 
1533297736550 0.12884 0.938111 -0.321479 -0.602156 -0.956116 0.203535 0.21075 -0.222218 0.263139 0.280218 0.923166 0.382293 
1533297736567 0.128704 0.938047 -0.321718 -0.602122 -0.956238 0.20335 0.210373 -0.222204 0.262762 0.280563 0.923169 0.382275 
1533297736587 0.128498 0.937909 -0.322203 -0.602042 -0.956476 0.203043 0.20959 -0.222164 0.261998 0.281247 0.923178 0.382241 
1533297736603 0.128476 0.937816 -0.322482 -0.601983 -0.956615 0.202938 0.209055 -0.222151 0.261499 0.281633 0.923202 0.382251 
1533297736620 0.128581 0.937722 -0.322715 -0.601892 -0.956766 0.20291 0.208392 -0.222136 0.260896 0.281968 0.92327 0.382299 
1533297736637 0.128548 0.937644 -0.322954 -0.601789 -0.956951 0.202737 0.20771 -0.222117 0.260232 0.282351 0.92334 0.382352 
1533297736653 0.128488 0.937531 -0.323305 -0.601695 -0.957115 0.202588 0.207095 -0.222093 0.259656 0.282831 0.923356 0.382395 
1533297736670 0.128513 0.937391 -0.3237 -0.601591 -0.957269 0.202527 0.206443 -0.222072 0.259076 0.283337 0.923363 0.382442 
1533297736687 0.128422 0.937251 -0.324144 -0.601477 -0.957439 0.202367 0.20581 -0.22204 0.258492 0.283917 0.923349 0.382476 
1533297736703 0.128203 0.937174 -0.32445 -0.601393 -0.957602 0.202083 0.20533 -0.222024 0.257996 0.284371 0.923348 0.382475 
1533297736720 0.128046 0.937122 -0.324665 -0.601345 -0.957733 0.201862 0.204937 -0.222006 0.257588 0.284701 0.92336 0.382473 
1533297736737 0.127944 0.937081 -0.324822 -0.601317 -0.9578 0.201743 0.204742 -0.221982 0.257391 0.284919 0.923348 0.382473 
1533297736757 0.127795 0.937035 -0.325015 -0.601278 -0.957862 0.201599 0.204591 -0.221927 0.257231 0.285174 0.923314 0.382485 
1533297736773 0.127681 0.936983 -0.325208 -0.601237 -0.957911 0.201498 0.204464 -0.221881 0.257108 0.285414 0.923274 0.382502 
1533297736790 0.127652 0.936918 -0.325406 -0.601193 -0.957954 0.201471 0.20429 -0.22187 0.256963 0.285645 0.923243 0.382526 
1533297736807 0.127772 0.936828 -0.325619 -0.60114 -0.957974 0.201588 0.204078 -0.221895 0.256827 0.285859 0.923214 0.382561 
1533297736823 0.127951 0.936689 -0.325949 -0.601051 -0.958011 0.201759 0.203735 -0.221945 0.256599 0.286194 0.923174 0.38262 
1533297736840 0.128047 0.936612 -0.326132 -0.600967 -0.958059 0.201821 0.20345 -0.221971 0.256374 0.286402 0.923172 0.382674 
1533297736857 0.128019 0.936573 -0.326255 -0.600881 -0.958131 0.201745 0.203183 -0.221986 0.256116 0.286584 0.923187 0.382716 
1533297736873 0.127945 0.93652 -0.326436 -0.600778 -0.958237 0.201608 0.20282 -0.222032 0.255757 0.286853 0.923203 0.382746 
1533297736890 0.127936 0.936485 -0.326541 -0.600752 -0.958278 0.201577 0.202656 -0.222052 0.255607 0.28699 0.923202 0.382748 
1533297736907 0.127994 0.936379 -0.32682 -0.600727 -0.958344 0.201608 0.202313 -0.222095 0.255331 0.287312 0.923178 0.382739 
1533297736927 0.128101 0.936265 -0.327105 -0.600712 -0.958397 0.201694 0.201977 -0.222105 0.255079 0.287623 0.923151 0.382727 
1533297736943 0.128186 0.936159 -0.327376 -0.600679 -0.958462 0.201746 0.201616 -0.222072 0.254792 0.287933 0.923134 0.382731 
1533297736960 0.128116 0.936079 -0.327632 -0.600639 -0.958564 0.20163 0.201246 -0.222008 0.254442 0.288274 0.923124 0.382745 
1533297736977 0.127976 0.935983 -0.32796 -0.600587 -0.958711 0.201425 0.200751 -0.221916 0.253959 0.288728 0.923115 0.382772 
1533297736993 0.127965 0.935878 -0.328263 -0.600526 -0.958842 0.201333 0.200219 -0.221866 0.25347 0.289131 0.923123 0.382798 
1533297737010 0.127996 0.935743 -0.328638 -0.600479 -0.958964 0.201297 0.199669 -0.221841 0.252992 0.289595 0.923109 0.382814 
1533297737027 0.127803 0.935604 -0.329108 -0.600429 -0.959143 0.201042 0.199065 -0.221813 0.25241 0.290221 0.923071 0.382827 
1533297737043 0.127627 0.935569 -0.329276 -0.600375 -0.959268 0.200796 0.19871 -0.221785 0.252024 0.290504 0.923088 0.382852 
1533297737060 0.127563 0.935557 -0.329335 -0.600333 -0.959349 0.200666 0.198452 -0.22179 0.25175 0.290632 0.923123 0.382885 
1533297737077 0.127574 0.935528 -0.329412 -0.600312 -0.959394 0.200639 0.198261 -0.221825 0.251571 0.290743 0.923136 0.382911 
1533297737097 0.127633 0.935472 -0.329547 -0.600295 -0.959421 0.200682 0.198088 -0.221892 0.25144 0.290892 0.923125 0.382936 
1533297737113 0.127714 0.935421 -0.32966 -0.600279 -0.959421 0.200769 0.197998 -0.221961 0.251397 0.290996 0.923104 0.382949 
1533297737130 0.127882 0.935364 -0.329758 -0.60024 -0.959376 0.200972 0.198009 -0.222066 0.251482 0.291041 0.923067 0.38297 
1533297737147 0.128039 0.93532 -0.329822 -0.600201 -0.959323 0.201169 0.198065 -0.222156 0.251604 0.291046 0.923032 0.382991 
1533297737167 0.128236 0.935269 -0.329889 -0.600151 -0.959247 0.201425 0.198176 -0.222261 0.251796 0.291032 0.922984 0.383011 
1533297737183 0.128402 0.935227 -0.329945 -0.60011 -0.959194 0.201626 0.198227 -0.222348 0.251913 0.291028 0.922953 0.383026 
1533297737200 0.128488 0.9352 -0.329987 -0.600093 -0.959174 0.201725 0.198222 -0.222385 0.251944 0.291046 0.922939 0.383027 
1533297737217 0.128525 0.935183 -0.330022 -0.600084 -0.959167 0.201769 0.198211 -0.222381 0.251951 0.291071 0.922929 0.383018 
1533297737233 0.128603 0.935156 -0.330068 -0.600076 -0.959153 0.201856 0.198191 -0.22234 0.251966 0.291098 0.922917 0.382997 
1533297737257 0.128743 0.935057 -0.330294 -0.600061 -0.95915 0.202016 0.198043 -0.222235 0.251906 0.291304 0.922868 0.38296 
1533297737273 0.128811 0.934973 -0.330504 -0.600043 -0.959212 0.202041 0.197715 -0.222154 0.251633 0.291556 0.922863 0.382954 
1533297737290 0.128893 0.934883 -0.330727 -0.600022 -0.959279 0.202073 0.197357 -0.222097 0.251337 0.291821 0.92286 0.38296 
1533297737307 0.12898 0.934773 -0.331005 -0.599992 -0.959347 0.202121 0.196978 -0.222054 0.251033 0.292143 0.922841 0.382973 
1533297737324 0.129047 0.934668 -0.331275 -0.599954 -0.959414 0.202152 0.196621 -0.222024 0.250743 0.292457 0.92282 0.382987 
1533297737344 0.129195 0.934561 -0.331519 -0.599899 -0.959433 0.202296 0.196381 -0.222004 0.250595 0.292699 0.922783 0.38301 
1533297737360 0.12931 0.934505 -0.331632 -0.599877 -0.959415 0.202429 0.196329 -0.222013 0.250603 0.292786 0.922754 0.383026 
1533297737377 0.129392 0.934468 -0.331705 -0.59985 -0.959412 0.202512 0.19626 -0.222053 0.250573 0.292847 0.922742 0.383046 
1533297737394 0.129456 0.934444 -0.331747 -0.599839 -0.959394 0.202591 0.196265 -0.222094 0.250607 0.292869 0.922726 0.383049 
1533297737414 0.12958 0.934416 -0.331777 -0.59983 -0.959332 0.202765 0.196387 -0.222163 0.25078 0.292837 0.922689 0.383039 
1533297737430 0.129758 0.934392 -0.331776 -0.599834 -0.959252 0.202996 0.19654 -0.222257 0.250995 0.292754 0.922657 0.38303 
1533297737447 0.129895 0.934455 -0.331544 -0.599817 -0.95917 0.203149 0.196782 -0.222345 0.251236 0.292446 0.922689 0.383032 
1533297737464 0.129825 0.934574 -0.331235 -0.599797 -0.959115 0.203094 0.197109 -0.222409 0.251485 0.292102 0.922731 0.38302 
1533297737480 0.12979 0.934664 -0.330996 -0.599786 -0.959029 0.203116 0.197502 -0.222461 0.251828 0.291801 0.922732 0.383 
1533297737497 0.129793 0.934711 -0.330862 -0.59978 -0.958962 0.203168 0.197775 -0.222483 0.252083 0.291614 0.922722 0.382985 
1533297737514 0.129867 0.934752 -0.330718 -0.59978 -0.958841 0.203333 0.198188 -0.222518 0.252503 0.291368 0.922685 0.382961 
1533297737530 0.129939 0.934747 -0.330702 -0.599783 -0.95877 0.203468 0.198394 -0.222527 0.252736 0.291288 0.922646 0.382951 
1533297737547 0.129951 0.934744 -0.330706 -0.599776 -0.95873 0.203524 0.198531 -0.222513 0.252882 0.291258 0.922616 0.382936 
1533297737564 0.129934 0.934739 -0.330726 -0.599767 -0.958708 0.203541 0.19862 -0.222486 0.252974 0.291262 0.922589 0.382917 
1533297737584 0.129893 0.934727 -0.330778 -0.599755 -0.958695 0.203535 0.198689 -0.222448 0.253045 0.291307 0.922555 0.382888 
1533297737600 0.12995 0.934678 -0.330894 -0.599755 -0.958667 0.203637 0.198722 -0.222428 0.253123 0.291393 0.922507 0.382866 
1533297737617 0.130058 0.934595 -0.331084 -0.599758 -0.958617 0.203818 0.198777 -0.222406 0.253257 0.29153 0.922427 0.382828 
1533297737634 0.130101 0.934549 -0.331197 -0.599757 -0.958603 0.203891 0.198767 -0.222404 0.253286 0.291627 0.922388 0.382802 
1533297737650 0.130169 0.934495 -0.331324 -0.599754 -0.958598 0.203977 0.198704 -0.222427 0.25327 0.291741 0.922356 0.382761 
1533297737667 0.130194 0.934477 -0.331365 -0.599754 -0.958595 0.204008 0.198685 -0.222451 0.253268 0.291777 0.922346 0.38274 
1533297737684 0.130235 0.934457 -0.331404 -0.599757 -0.958574 0.204073 0.198723 -0.2225 0.253329 0.291794 0.922323 0.382715 
1533297737700 0.130355 0.934444 -0.331393 -0.599765 -0.958518 0.204227 0.198833 -0.222564 0.253478 0.291727 0.922304 0.382703 
1533297737720 0.1304 0.93452 -0.331162 -0.599751 -0.958443 0.2043 0.199121 -0.222638 0.253739 0.291435 0.922324 0.382707 
1533297737740 0.130387 0.934643 -0.330821 -0.599729 -0.958345 0.204329 0.19956 -0.222702 0.254113 0.29102 0.922352 0.382731 
1533297737757 0.130401 0.934727 -0.330577 -0.599723 -0.95825 0.204396 0.199946 -0.222733 0.254464 0.290702 0.922356 0.382758 
1533297737774 0.130402 0.934792 -0.330393 -0.599731 -0.958118 0.204508 0.200465 -0.222768 0.254961 0.290415 0.922309 0.382779 
1533297737791 0.130392 0.934838 -0.330267 -0.599741 -0.958001 0.204606 0.200923 -0.222793 0.255405 0.290198 0.922255 0.382788 
1533297737807 0.130408 0.934864 -0.330188 -0.599751 -0.957897 0.20472 0.201303 -0.22281 0.255787 0.290034 0.9222 0.382789 
1533297737824 0.130462 0.934876 -0.330132 -0.599757 -0.957785 0.204876 0.201676 -0.222808 0.256178 0.289884 0.922139 0.382784 
1533297737841 0.130465 0.934885 -0.330104 -0.599755 -0.957727 0.204939 0.20189 -0.22279 0.256396 0.28981 0.922102 0.382766 
1533297737857 0.13046 0.93489 -0.330091 -0.599751 -0.957693 0.20497 0.202017 -0.22277 0.256522 0.289771 0.922079 0.382731 
1533297737874 0.130486 0.934883 -0.330102 -0.599748 -0.957673 0.205015 0.202066 -0.222757 0.256584 0.289763 0.922064 0.382675 
1533297737891 0.130521 0.934875 -0.330112 -0.599746 -0.957697 0.205018 0.201951 -0.222765 0.256478 0.289788 0.922086 0.382621 
1533297737911 0.13082 0.934839 -0.330094 -0.599746 -0.957703 0.20524 0.201698 -0.222784 0.256304 0.289746 0.922147 0.382551 
1533297737931 0.131172 0.934859 -0.329897 -0.599737 -0.957741 0.205427 0.201327 -0.222803 0.255983 0.289547 0.922299 0.382492 
1533297737951 0.131404 0.934915 -0.329647 -0.599736 -0.957809 0.205476 0.200951 -0.222799 0.255606 0.289333 0.922471 0.382439 
1533297737968 0.131499 0.934983 -0.329417 -0.599744 -0.95788 0.20542 0.20067 -0.222785 0.255292 0.289154 0.922614 0.382391 
1533297737984 0.13155 0.935047 -0.329214 -0.59975 -0.957925 0.205366 0.200513 -0.222782 0.255098 0.288985 0.92272 0.382363 
1533297738001 0.131632 0.935107 -0.32901 -0.599755 -0.957937 0.205372 0.200448 -0.222791 0.255009 0.288785 0.922807 0.382354 
1533297738018 0.131712 0.935125 -0.328928 -0.599753 -0.957919 0.205436 0.200466 -0.222819 0.255034 0.288682 0.922833 0.382366 
1533297738034 0.131777 0.935137 -0.328868 -0.599748 -0.957885 0.205512 0.20055 -0.222851 0.255128 0.28859 0.922835 0.382395 
1533297738058 0.131855 0.93514 -0.328827 -0.599713 -0.957748 0.205719 0.200995 -0.222895 0.255605 0.288431 0.922753 0.38245 
1533297738074 0.131755 0.935146 -0.32885 -0.599686 -0.957695 0.205707 0.201261 -0.222918 0.255855 0.288421 0.922687 0.382473 
1533297738091 0.131519 0.935112 -0.329042 -0.599657 -0.957615 0.205655 0.201693 -0.222959 0.256274 0.288569 0.922525 0.382505 
1533297738108 0.131329 0.934996 -0.329448 -0.599669 -0.957525 0.205695 0.202076 -0.222992 0.256706 0.288916 0.922296 0.382519 
1533297738124 0.131189 0.934853 -0.329907 -0.599687 -0.957424 0.205801 0.20245 -0.223034 0.257157 0.289301 0.922049 0.382524 
1533297738141 0.131158 0.934725 -0.330281 -0.599714 -0.957319 0.205976 0.202769 -0.223052 0.257563 0.28959 0.921845 0.382529 
1533297738158 0.131131 0.934641 -0.330531 -0.599745 -0.95724 0.206097 0.203016 -0.223038 0.257868 0.289776 0.921702 0.382545 
1533297738174 0.131089 0.934609 -0.330637 -0.599766 -0.957219 0.206112 0.203102 -0.223012 0.257969 0.289868 0.921644 0.38255 
1533297738191 0.131035 0.934588 -0.330718 -0.599796 -0.957213 0.206094 0.203149 -0.222965 0.258019 0.289948 0.921605 0.38254 
1533297738208 0.130953 0.934572 -0.330795 -0.599828 -0.957226 0.206033 0.203149 -0.222908 0.258012 0.290043 0.921577 0.382505 
1533297738231 0.130857 0.934569 -0.330844 -0.599871 -0.957274 0.205914 0.203041 -0.222825 0.257882 0.290139 0.921584 0.382427 
1533297738248 0.130937 0.934561 -0.330833 -0.599902 -0.957285 0.205962 0.202943 -0.222792 0.257802 0.290128 0.921609 0.38237 
1533297738264 0.131021 0.934565 -0.33079 -0.599935 -0.957297 0.206005 0.202843 -0.22277 0.257715 0.290088 0.921647 0.382319 
1533297738281 0.131166 0.934653 -0.330483 -0.599929 -0.957333 0.206009 0.202665 -0.222775 0.257504 0.289799 0.921796 0.382288 
1533297738298 0.131382 0.934785 -0.330023 -0.599891 -0.957383 0.206022 0.202419 -0.222818 0.257211 0.289364 0.922015 0.382264 
1533297738314 0.131536 0.934866 -0.329734 -0.599859 -0.957417 0.206041 0.20224 -0.222871 0.257005 0.289091 0.922158 0.382246 
1533297738331 0.131617 0.93495 -0.329464 -0.599819 -0.95745 0.206007 0.202116 -0.222905 0.25684 0.288843 0.922281 0.382245 
1533297738348 0.13165 0.935003 -0.329299 -0.599778 -0.957468 0.205977 0.202062 -0.222926 0.256757 0.288692 0.922352 0.382258 
1533297738364 0.131673 0.935032 -0.329207 -0.599741 -0.95747 0.205972 0.202055 -0.222944 0.256736 0.288601 0.922386 0.382284 
1533297738381 0.131667 0.935048 -0.329163 -0.599701 -0.957476 0.205951 0.202049 -0.22296 0.256717 0.288563 0.922403 0.382328 
1533297738404 0.13164 0.935052 -0.329163 -0.599658 -0.957487 0.205918 0.202029 -0.222976 0.256688 0.288575 0.922408 0.382382 
1533297738421 0.131623 0.935037 -0.329213 -0.59963 -0.957511 0.205889 0.201947 -0.223001 0.256609 0.288644 0.922408 0.382429 
1533297738438 0.13157 0.934947 -0.32949 -0.599638 -0.957504 0.205916 0.201953 -0.223011 0.256663 0.288917 0.922307 0.382467 
1533297738454 0.131475 0.934794 -0.329961 -0.599678 -0.957476 0.205975 0.202024 -0.222996 0.256815 0.289368 0.922124 0.382497 
1533297738471 0.131436 0.934675 -0.330313 -0.599712 -0.957445 0.206056 0.202089 -0.22297 0.256951 0.289695 0.921983 0.382513 
1533297738488 0.131383 0.934566 -0.330643 -0.599749 -0.957416 0.20612 0.202163 -0.222937 0.257087 0.290002 0.921849 0.38252 
1533297738504 0.131347 0.934496 -0.330856 -0.599778 -0.957399 0.206156 0.202206 -0.222911 0.257169 0.290202 0.921763 0.382518 
1533297738521 0.131324 0.934423 -0.331071 -0.599817 -0.957379 0.206207 0.202248 -0.222894 0.257254 0.2904 0.921677 0.382503 
1533297738538 0.131315 0.934339 -0.331311 -0.599863 -0.957349 0.206286 0.202307 -0.222886 0.257368 0.290615 0.921577 0.382467 
1533297738554 0.131364 0.934296 -0.331412 -0.599893 -0.957335 0.206362 0.202298 -0.222903 0.257397 0.290698 0.921543 0.382427 
1533297738574 0.13145 0.934274 -0.33144 -0.599925 -0.957287 0.206489 0.202396 -0.222912 0.257532 0.290678 0.921512 0.382358 
1533297738592 0.131503 0.93427 -0.331431 -0.599954 -0.957243 0.206578 0.202514 -0.222903 0.257669 0.290629 0.921489 0.382288 
1533297738608 0.131533 0.93428 -0.331392 -0.599978 -0.957214 0.206625 0.2026 -0.222892 0.257759 0.290564 0.921484 0.382222 
1533297738624 0.131618 0.934391 -0.331045 -0.59997 -0.957216 0.206614 0.202605 -0.222889 0.257711 0.290215 0.921608 0.382167 
1533297738641 0.131697 0.934489 -0.330735 -0.59996 -0.957222 0.206601 0.202587 -0.222887 0.257645 0.289906 0.921723 0.382135 
1533297738658 0.131759 0.934574 -0.330471 -0.599956 -0.957229 0.206584 0.202572 -0.222881 0.257589 0.289646 0.921821 0.382108 
1533297738674 0.131777 0.934671 -0.330188 -0.599935 -0.957254 0.206508 0.20253 -0.222863 0.257485 0.289386 0.921931 0.382094 
1533297738691 0.131758 0.934739 -0.330004 -0.599902 -0.957292 0.206411 0.202453 -0.222851 0.257357 0.289235 0.922014 0.382094 
1533297738708 0.131703 0.934777 -0.329919 -0.599875 -0.957334 0.206303 0.202362 -0.222839 0.257226 0.289191 0.922065 0.38211 
1533297738724 0.131647 0.93479 -0.329905 -0.599846 -0.957372 0.206214 0.202275 -0.222836 0.257116 0.289213 0.922089 0.382136 
1533297738744 0.131605 0.934788 -0.329926 -0.599808 -0.957442 0.206107 0.202052 -0.222864 0.256876 0.289294 0.92213 0.382191 
1533297738761 0.131579 0.934765 -0.330001 -0.599779 -0.957505 0.206032 0.201829 -0.222902 0.256653 0.289421 0.922152 0.382254 
1533297738778 0.131569 0.934741 -0.330075 -0.599755 -0.957554 0.205985 0.201646 -0.222936 0.256477 0.289535 0.922166 0.38232 
1533297738798 0.131568 0.934585 -0.330516 -0.599764 -0.957567 0.206064 0.201501 -0.222967 0.256428 0.28998 0.922039 0.382399 
1533297738814 0.131604 0.934476 -0.330811 -0.599781 -0.957563 0.20616 0.201421 -0.22297 0.256423 0.290265 0.921951 0.382441 
1533297738831 0.131563 0.934356 -0.331164 -0.599817 -0.957579 0.206187 0.201321 -0.222953 0.256388 0.290629 0.921846 0.382479 
1533297738848 0.131494 0.934279 -0.331409 -0.599847 -0.957586 0.206178 0.201294 -0.222932 0.256394 0.290884 0.921764 0.382483 
1533297738864 0.13139 0.934175 -0.331744 -0.599904 -0.957589 0.206166 0.201291 -0.222903 0.256435 0.291227 0.921644 0.382461 
1533297738881 0.131317 0.934122 -0.331921 -0.599956 -0.957593 0.206144 0.201298 -0.22288 0.25646 0.291411 0.921579 0.382419 
1533297738901 0.131285 0.93411 -0.331968 -0.599978 -0.957589 0.206133 0.201328 -0.22287 0.256492 0.291457 0.921555 0.382393 
1533297738918 0.131266 0.93409 -0.332032 -0.600041 -0.957535 0.206194 0.201523 -0.222843 0.256704 0.291479 0.92149 0.382299 
1533297738934 0.131127 0.934126 -0.331984 -0.600082 -0.957499 0.206117 0.201771 -0.22281 0.256907 0.291417 0.921453 0.382215 
1533297738951 0.13102 0.934185 -0.331861 -0.600101 -0.957475 0.206034 0.201971 -0.222779 0.257053 0.291286 0.921453 0.382157 
1533297738968 0.131027 0.934304 -0.331525 -0.600084 -0.957464 0.205979 0.202076 -0.222782 0.257087 0.290946 0.921551 0.382116 
1533297738985 0.131083 0.934415 -0.331188 -0.600055 -0.957457 0.205958 0.202132 -0.222808 0.257086 0.290602 0.92166 0.38209 
1533297739001 0.131177 0.934489 -0.330944 -0.600026 -0.957442 0.205995 0.202167 -0.222829 0.257095 0.29034 0.92174 0.382079 
1533297739018 0.131242 0.934529 -0.330804 -0.599986 -0.957428 0.206031 0.202197 -0.22284 0.257115 0.290184 0.921784 0.382074 
1533297739034 0.131259 0.934533 -0.330787 -0.599959 -0.957428 0.20604 0.202185 -0.222843 0.257104 0.290166 0.921792 0.382087 
1533297739051 0.131233 0.934534 -0.330793 -0.599932 -0.957449 0.205998 0.202128 -0.222847 0.257038 0.290192 0.921803 0.382116 
1533297739074 0.131322 0.934519 -0.3308 -0.599888 -0.957497 0.206014 0.201885 -0.222867 0.256815 0.290229 0.921853 0.382217 
1533297739091 0.131396 0.934451 -0.330964 -0.599882 -0.957534 0.206065 0.20166 -0.222899 0.256641 0.290412 0.921844 0.382303 
1533297739108 0.131453 0.934367 -0.331177 -0.599884 -0.957566 0.206119 0.201452 -0.22294 0.256492 0.290642 0.921813 0.382398 
1533297739124 0.131473 0.934307 -0.33134 -0.59989 -0.957596 0.206135 0.20129 -0.222959 0.256367 0.290826 0.92179 0.382484 
1533297739141 0.131458 0.93426 -0.331476 -0.599903 -0.957646 0.206096 0.201093 -0.222963 0.256189 0.291001 0.921784 0.382579 
1533297739158 0.131475 0.93427 -0.331443 -0.599907 -0.957676 0.206068 0.20098 -0.22297 0.256069 0.290991 0.92182 0.382639 
1533297739178 0.131479 0.934272 -0.331434 -0.599926 -0.957681 0.206064 0.200962 -0.222967 0.25605 0.290986 0.921827 0.382643 
1533297739196 0.131455 0.934272 -0.331445 -0.599952 -0.957676 0.206053 0.200995 -0.222951 0.256079 0.290995 0.921816 0.382598 
1533297739211 0.131463 0.934269 -0.33145 -0.599978 -0.957662 0.206076 0.201037 -0.222942 0.256126 0.290989 0.921805 0.382525 
1533297739231 0.131486 0.934415 -0.33103 -0.599965 -0.957651 0.206017 0.201152 -0.222922 0.256157 0.290562 0.921931 0.382393 
1533297739248 0.131422 0.93455 -0.330672 -0.599951 -0.95767 0.205869 0.201214 -0.222901 0.25612 0.290231 0.922046 0.382286 
1533297739265 0.131346 0.934673 -0.330356 -0.599945 -0.957695 0.205713 0.20125 -0.22288 0.256062 0.289947 0.922151 0.382174 
1533297739281 0.131313 0.934809 -0.329982 -0.599933 -0.957729 0.205568 0.201236 -0.222874 0.255951 0.289609 0.922288 0.382069 
1533297739298 0.131335 0.934962 -0.329541 -0.599905 -0.95777 0.205444 0.201171 -0.222882 0.255789 0.289204 0.92246 0.381994 
1533297739315 0.131475 0.935166 -0.328905 -0.599855 -0.957799 0.205383 0.201093 -0.222892 0.255607 0.288587 0.922704 0.381941 
1533297739331 0.131585 0.935319 -0.328427 -0.599805 -0.957805 0.205359 0.20109 -0.222895 0.255528 0.288109 0.922875 0.381947 
1533297739348 0.131652 0.935447 -0.328036 -0.59975 -0.957816 0.205314 0.201082 -0.222896 0.255452 0.287725 0.923016 0.381984 
1533297739365 0.131706 0.935554 -0.327708 -0.599698 -0.95784 0.20526 0.201027 -0.222902 0.255337 0.287415 0.923145 0.382046 
1533297739381 0.13173 0.935657 -0.327405 -0.599637 -0.95787 0.205179 0.200965 -0.222908 0.255211 0.287138 0.923265 0.382121 
1533297739401 0.131753 0.935716 -0.327226 -0.599578 -0.95789 0.205136 0.200914 -0.222927 0.255124 0.286975 0.92334 0.382198 
1533297739418 0.131815 0.935737 -0.327139 -0.599538 -0.957915 0.205137 0.200791 -0.222958 0.254996 0.286905 0.923397 0.38228 
1533297739435 0.131822 0.935747 -0.327108 -0.599507 -0.957953 0.205093 0.200656 -0.222984 0.254851 0.286903 0.923438 0.382364 
1533297739451 0.131812 0.935755 -0.32709 -0.59948 -0.95798 0.205051 0.200568 -0.223 0.254753 0.286909 0.923463 0.382431 
1533297739468 0.131795 0.935752 -0.327105 -0.599456 -0.958001 0.205017 0.200502 -0.223014 0.254683 0.286942 0.923472 0.382488 
1533297739485 0.131772 0.93568 -0.32732 -0.599459 -0.957993 0.205055 0.200504 -0.223031 0.254726 0.287149 0.923396 0.382521 
1533297739501 0.131782 0.935615 -0.327503 -0.599481 -0.957972 0.205126 0.200532 -0.223044 0.2548 0.287312 0.923325 0.382515 
1533297739518 0.131798 0.935571 -0.327623 -0.599505 -0.957954 0.205184 0.200558 -0.223048 0.25486 0.287415 0.923276 0.382489 
1533297739535 0.131815 0.935556 -0.327657 -0.599522 -0.957949 0.20521 0.200557 -0.223047 0.254871 0.287443 0.923265 0.38244 
1533297739551 0.131798 0.935558 -0.32766 -0.599541 -0.957922 0.205228 0.200667 -0.22301 0.25498 0.287425 0.92324 0.382362 
1533297739571 0.131755 0.935559 -0.327673 -0.59956 -0.957904 0.205217 0.200763 -0.222963 0.25507 0.287428 0.923214 0.382278 
1533297739588 0.131696 0.935552 -0.327717 -0.599578 -0.9579 0.205185 0.200814 -0.222922 0.255115 0.287474 0.923187 0.382203 
1533297739605 0.131627 0.935545 -0.327766 -0.599591 -0.957919 0.205121 0.200789 -0.222889 0.255079 0.287544 0.923176 0.382147 
1533297739621 0.131526 0.935543 -0.327812 -0.599594 -0.957958 0.205009 0.200719 -0.22285 0.254986 0.287631 0.923174 0.3821 
1533297739638 0.131453 0.935548 -0.327827 -0.599583 -0.95798 0.204931 0.200695 -0.222824 0.254941 0.28767 0.923174 0.382085 
1533297739655 0.131397 0.935534 -0.327889 -0.599575 -0.958009 0.204867 0.200619 -0.222821 0.25486 0.28776 0.923169 0.382096 
1533297739671 0.131373 0.935471 -0.328078 -0.599572 -0.958021 0.204876 0.200555 -0.222849 0.254828 0.287958 0.923116 0.382127 
1533297739688 0.131382 0.935422 -0.328215 -0.599564 -0.958014 0.20492 0.200542 -0.222881 0.254849 0.288087 0.92307 0.382161 
1533297739705 0.13142 0.935344 -0.328421 -0.599542 -0.957983 0.205028 0.200577 -0.222944 0.254944 0.288262 0.922989 0.38224 
1533297739721 0.131414 0.93524 -0.328721 -0.599516 -0.95793 0.205148 0.200708 -0.222996 0.255146 0.288516 0.922854 0.382351 
1533297739741 0.131372 0.935117 -0.329085 -0.599492 -0.957886 0.205243 0.20082 -0.223042 0.255333 0.288844 0.922699 0.382468 
1533297739758 0.131309 0.934958 -0.329562 -0.599493 -0.957847 0.205341 0.200907 -0.223082 0.255512 0.289289 0.92251 0.38256 
1533297739778 0.131177 0.934733 -0.330252 -0.599515 -0.957795 0.205446 0.201049 -0.223105 0.255777 0.28994 0.922233 0.382671 
1533297739795 0.131005 0.934571 -0.330779 -0.599535 -0.957773 0.205452 0.20115 -0.223091 0.255948 0.29046 0.922022 0.382758 
1533297739812 0.130779 0.93442 -0.331296 -0.599559 -0.957762 0.2054 0.201254 -0.223046 0.256104 0.290983 0.921813 0.382834 
1533297739828 0.13054 0.934261 -0.331837 -0.599595 -0.957752 0.205342 0.201358 -0.222989 0.256261 0.291532 0.921596 0.382877 
1533297739845 0.130328 0.934083 -0.332419 -0.599644 -0.957715 0.205346 0.201533 -0.22293 0.25651 0.292098 0.921348 0.382873 
1533297739862 0.130234 0.933911 -0.332941 -0.599705 -0.957663 0.205445 0.201677 -0.222911 0.25675 0.29258 0.921128 0.382836 
1533297739878 0.130206 0.933733 -0.33345 -0.599776 -0.957603 0.205601 0.201802 -0.222915 0.256987 0.293037 0.920916 0.382785 
1533297739902 0.130249 0.933584 -0.333849 -0.599852 -0.957553 0.205777 0.201859 -0.222937 0.257151 0.293387 0.920759 0.382709 
1533297739918 0.130276 0.933507 -0.334056 -0.599904 -0.957499 0.205906 0.201988 -0.222931 0.257342 0.293544 0.920656 0.382652 
1533297739935 0.130282 0.933438 -0.334245 -0.599958 -0.957447 0.20601 0.202127 -0.222911 0.257531 0.293688 0.920557 0.382592 
1533297739952 0.130357 0.933393 -0.334342 -0.600006 -0.957392 0.206152 0.202242 -0.222895 0.257696 0.293733 0.920496 0.382541 
1533297739968 0.130445 0.933385 -0.334331 -0.600026 -0.957354 0.206261 0.20231 -0.222893 0.257793 0.293683 0.920485 0.382514 
1533297739985 0.13051 0.933382 -0.334312 -0.600036 -0.957339 0.206324 0.202317 -0.222898 0.257815 0.293646 0.920491 0.382499 
1533297740002 0.130498 0.933386 -0.334308 -0.600034 -0.95735 0.206301 0.202287 -0.222889 0.25778 0.293651 0.920499 0.382496 
1533297740018 0.130442 0.933425 -0.334219 -0.600013 -0.957376 0.206209 0.202258 -0.222863 0.257712 0.293591 0.920537 0.38251 
1533297740035 0.13028 0.933488 -0.334106 -0.59997 -0.957484 0.205936 0.202027 -0.222824 0.257394 0.293581 0.920629 0.382565 
1533297740052 0.130136 0.933529 -0.334048 -0.599929 -0.957567 0.205718 0.201857 -0.222799 0.257159 0.293604 0.920688 0.382631 
1533297740072 0.129992 0.933556 -0.334028 -0.59989 -0.957631 0.205528 0.201743 -0.222777 0.256991 0.29365 0.92072 0.382711 
1533297740088 0.129885 0.933577 -0.334012 -0.599845 -0.957671 0.205396 0.201688 -0.222769 0.256896 0.293677 0.920738 0.382802 
1533297740108 0.129783 0.933582 -0.334038 -0.599808 -0.957678 0.205316 0.20174 -0.222766 0.256924 0.293719 0.920717 0.382879 
1533297740125 0.129709 0.933521 -0.334237 -0.599817 -0.957656 0.205326 0.201833 -0.222775 0.257042 0.293904 0.920625 0.382912 
1533297740142 0.129717 0.933459 -0.334407 -0.599834 -0.957627 0.205402 0.201891 -0.222798 0.257145 0.294049 0.92055 0.382929 
1533297740158 0.129754 0.933407 -0.334539 -0.599851 -0.957611 0.205477 0.201891 -0.222825 0.257187 0.294162 0.920502 0.382916 
1533297740175 0.12985 0.933366 -0.334613 -0.59987 -0.957597 0.205584 0.201848 -0.222869 0.257189 0.294215 0.920484 0.382873 
1533297740192 0.129931 0.933359 -0.334603 -0.599887 -0.957606 0.205635 0.201757 -0.222897 0.257118 0.294203 0.920508 0.38281 
1533297740208 0.13 0.933375 -0.33453 -0.599906 -0.957602 0.205677 0.201731 -0.222892 0.257096 0.294122 0.92054 0.382716 
1533297740232 0.130126 0.933569 -0.333939 -0.599889 -0.957658 0.205583 0.201563 -0.222851 0.256826 0.293571 0.920791 0.382558 
1533297740249 0.130194 0.933728 -0.333469 -0.599878 -0.957716 0.205467 0.201403 -0.22281 0.256572 0.293147 0.920997 0.382447 
1533297740265 0.130355 0.933869 -0.33301 -0.599874 -0.957755 0.205449 0.201238 -0.222758 0.256346 0.29271 0.921199 0.382333 
1533297740282 0.13057 0.934029 -0.332477 -0.599869 -0.957797 0.205452 0.201032 -0.222699 0.256078 0.292196 0.921437 0.382215 
1533297740298 0.130712 0.934187 -0.331977 -0.599864 -0.957864 0.205378 0.20079 -0.22265 0.255757 0.291743 0.921669 0.382107 
1533297740315 0.130824 0.934386 -0.331371 -0.599852 -0.957964 0.205221 0.200472 -0.222604 0.255323 0.291215 0.921957 0.382007 
1533297740332 0.130935 0.934548 -0.330872 -0.599816 -0.958023 0.205133 0.200283 -0.222605 0.255047 0.290759 0.922177 0.38198 
1533297740348 0.13106 0.934667 -0.330485 -0.599774 -0.958059 0.205105 0.200136 -0.222637 0.254845 0.290394 0.922348 0.381988 
1533297740365 0.131203 0.934804 -0.330041 -0.599713 -0.958092 0.205084 0.200002 -0.222687 0.254649 0.289968 0.922536 0.382027 
1533297740382 0.131355 0.934969 -0.329513 -0.59961 -0.958123 0.205053 0.199884 -0.222766 0.254453 0.289458 0.92275 0.382098 
1533297740402 0.131437 0.935056 -0.329235 -0.599536 -0.958133 0.205046 0.199843 -0.222829 0.254373 0.289184 0.922858 0.382163 
1533297740418 0.131513 0.935097 -0.329087 -0.599477 -0.958141 0.205064 0.199785 -0.222894 0.254302 0.289037 0.922924 0.382237 
1533297740435 0.131483 0.935141 -0.328975 -0.599413 -0.958151 0.205005 0.199796 -0.222971 0.254279 0.288938 0.922961 0.382341 
1533297740452 0.131449 0.935166 -0.328917 -0.59937 -0.958156 0.204962 0.199821 -0.223028 0.254281 0.288887 0.922976 0.382419 
1533297740468 0.131422 0.93519 -0.328857 -0.599345 -0.958142 0.204944 0.199905 -0.223054 0.254346 0.28882 0.922979 0.38249 
1533297740486 0.131377 0.935215 -0.328805 -0.599339 -0.958129 0.204912 0.199999 -0.223044 0.254418 0.288763 0.922978 0.38253 
1533297740502 0.131331 0.935235 -0.328766 -0.599351 -0.958133 0.204864 0.200032 -0.223013 0.254429 0.288731 0.922985 0.382531 
1533297740518 0.131327 0.93526 -0.328697 -0.599396 -0.958109 0.204873 0.200137 -0.22296 0.254522 0.288644 0.922986 0.38249 
1533297740535 0.131366 0.935278 -0.32863 -0.599452 -0.958079 0.204924 0.200229 -0.222916 0.254614 0.28855 0.92299 0.382411 
1533297740552 0.131427 0.935331 -0.328457 -0.5995 -0.958074 0.204939 0.200236 -0.222876 0.2546 0.28837 0.92305 0.38231 
1533297740572 0.131502 0.93546 -0.328057 -0.599546 -0.958105 0.204877 0.200152 -0.222822 0.254446 0.287993 0.92321 0.382177 
1533297740592 0.131559 0.935602 -0.32763 -0.599585 -0.95814 0.20479 0.200073 -0.222765 0.254284 0.287593 0.92338 0.382068 
1533297740609 0.131648 0.935726 -0.327238 -0.599599 -0.958164 0.204748 0.2 -0.222743 0.254147 0.287218 0.923534 0.382 
1533297740625 0.131789 0.935829 -0.326889 -0.59961 -0.958173 0.204772 0.199931 -0.222754 0.254039 0.286867 0.923673 0.381941 
1533297740642 0.132031 0.935922 -0.326523 -0.599612 -0.958171 0.204886 0.199828 -0.222815 0.253923 0.286481 0.923825 0.381873 
1533297740659 0.132251 0.935988 -0.326246 -0.5996 -0.958166 0.205002 0.199729 -0.222889 0.253825 0.286183 0.923944 0.381829 
1533297740675 0.132387 0.936037 -0.326051 -0.599582 -0.958157 0.205076 0.199698 -0.222935 0.253789 0.285971 0.924019 0.381822 
1533297740692 0.132494 0.936099 -0.325828 -0.599543 -0.958138 0.205134 0.199731 -0.222972 0.253806 0.285725 0.924091 0.381853 
1533297740709 0.132505 0.936145 -0.325691 -0.599511 -0.958129 0.205122 0.199782 -0.222976 0.253832 0.285582 0.924128 0.38191 
1533297740732 0.132469 0.936187 -0.325585 -0.599461 -0.958114 0.205089 0.199891 -0.222978 0.253909 0.285468 0.924142 0.382039 
1533297740749 0.132395 0.93622 -0.325522 -0.599412 -0.958108 0.205024 0.199983 -0.222982 0.253968 0.285408 0.924144 0.382162 
1533297740765 0.132281 0.936241 -0.325507 -0.599383 -0.958131 0.204907 0.199995 -0.222993 0.253942 0.285423 0.924147 0.382245 
1533297740782 0.132033 0.936182 -0.325778 -0.599382 -0.958147 0.204755 0.200075 -0.222997 0.254011 0.285726 0.924034 0.382328 
1533297740799 0.131857 0.936109 -0.326059 -0.599396 -0.95814 0.204685 0.200178 -0.222992 0.254128 0.286015 0.923913 0.382375 
1533297740815 0.1317 0.935972 -0.326513 -0.599432 -0.958094 0.204713 0.200373 -0.223005 0.254385 0.286441 0.92371 0.382445 
1533297740832 0.131755 0.935898 -0.326703 -0.599453 -0.958028 0.20487 0.200525 -0.22303 0.254603 0.286571 0.923609 0.382489 
1533297740849 0.131855 0.935854 -0.32679 -0.599466 -0.957985 0.205014 0.200585 -0.223067 0.254715 0.286611 0.923566 0.382502 
1533297740865 0.131944 0.935821 -0.326848 -0.599489 -0.957959 0.205125 0.200594 -0.223095 0.254764 0.28664 0.923544 0.382477 
