1535113840240 0 0 0 0 0 0 0 0 0 0 0 0 
1535113844217 0.249387 0.926471 -0.281882 -0.64083 -0.937694 0.303745 0.168729 -0.251899 0.241943 0.22224 0.944496 0.373732 
1535113844224 0.249387 0.926471 -0.281881 -0.64083 -0.937694 0.303745 0.16873 -0.251899 0.241943 0.222239 0.944496 0.373732 
1535113844245 0.249387 0.926471 -0.281881 -0.64083 -0.937694 0.303745 0.16873 -0.251899 0.241943 0.222239 0.944496 0.373732 
1535113844333 0.249388 0.926471 -0.281881 -0.64083 -0.937694 0.303745 0.16873 -0.251899 0.241943 0.222239 0.944496 0.373732 
1535113844381 0.249348 0.926533 -0.281714 -0.640833 -0.937441 0.303918 0.169821 -0.251818 0.242962 0.221746 0.944351 0.373895 
