1533291412570 -0.343717 0.932014 -0.114924 -0.603611 -0.938808 -0.338127 0.065651 -0.258755 0.0223288 0.130457 0.991203 0.335077 
1533291416461 -0.343717 0.932015 -0.114917 -0.60361 -0.938808 -0.338127 0.0656505 -0.258755 0.0223306 0.13045 0.991203 0.335077 
1533291416475 -0.343717 0.932015 -0.114917 -0.60361 -0.938808 -0.338127 0.0656504 -0.258755 0.0223306 0.13045 0.991203 0.335077 
1533291416493 -0.343717 0.932015 -0.114918 -0.60361 -0.938808 -0.338127 0.0656507 -0.258755 0.0223308 0.130451 0.991203 0.335077 
1533291416506 -0.343718 0.932015 -0.114917 -0.60361 -0.938807 -0.338128 0.0656513 -0.258755 0.0223312 0.130451 0.991203 0.335077 
1533291416523 -0.343722 0.932013 -0.114917 -0.603611 -0.938806 -0.338132 0.0656531 -0.258752 0.0223323 0.130452 0.991203 0.335077 
1533291416548 -0.343731 0.93201 -0.114917 -0.603614 -0.938802 -0.33814 0.0656619 -0.258745 0.0223396 0.130454 0.991203 0.335077 
1533291416569 -0.343741 0.932006 -0.114922 -0.603625 -0.938797 -0.338137 0.0657602 -0.258715 0.0224296 0.130493 0.991196 0.335091 
1533291416585 -0.343529 0.932092 -0.114857 -0.603639 -0.938865 -0.337876 0.0661279 -0.258657 0.0228299 0.130552 0.991179 0.335162 
1533291416600 -0.343325 0.932154 -0.114967 -0.603687 -0.93893 -0.337614 0.0665396 -0.258572 0.0232108 0.13079 0.991138 0.335275 
1533291416700 -0.342053 0.932444 -0.116396 -0.604292 -0.939287 -0.335689 0.0710895 -0.257376 0.027214 0.133646 0.990655 0.336939 
1533291416717 -0.341617 0.932546 -0.116856 -0.604422 -0.939425 -0.335124 0.071923 -0.257189 0.0279101 0.134348 0.990541 0.337222 
1533291416734 -0.341045 0.932684 -0.117424 -0.604576 -0.939608 -0.334399 0.0728932 -0.25698 0.0287198 0.135192 0.990403 0.337535 
1533291416756 -0.340084 0.932943 -0.118151 -0.604765 -0.939926 -0.333254 0.0740346 -0.256735 0.0296959 0.136231 0.990232 0.337887 
1533291416772 -0.339406 0.933122 -0.118685 -0.604904 -0.94015 -0.332445 0.0748276 -0.256564 0.0303671 0.136978 0.990108 0.338151 
1533291416796 -0.338277 0.933415 -0.1196 -0.605126 -0.940526 -0.331124 0.0759375 -0.256323 0.0312789 0.138175 0.989914 0.338526 
1533291416817 -0.337249 0.933671 -0.120504 -0.605305 -0.940874 -0.329941 0.07678 -0.256153 0.031928 0.139273 0.989739 0.338773 
1533291416834 -0.336263 0.933931 -0.121242 -0.605443 -0.941207 -0.328823 0.0774886 -0.256025 0.0325018 0.14017 0.989594 0.338967 
1533291416938 -0.328625 0.935986 -0.126239 -0.606402 -0.943745 -0.320226 0.082469 -0.255055 0.0367647 0.146239 0.988566 0.340326 
1533291416955 -0.327016 0.936394 -0.127384 -0.606643 -0.944263 -0.318382 0.0836694 -0.254775 0.0377907 0.147645 0.988318 0.340695 
1533291416978 -0.324851 0.936951 -0.128821 -0.606923 -0.944963 -0.315942 0.0850069 -0.254481 0.0389474 0.149346 0.988018 0.34111 
1533291416994 -0.323534 0.937288 -0.129679 -0.607085 -0.945387 -0.314464 0.0857596 -0.254323 0.039602 0.150343 0.98784 0.341332 
1533291417014 -0.32126 0.937863 -0.13117 -0.60736 -0.946116 -0.311915 0.0870287 -0.254077 0.0407069 0.152061 0.987532 0.341694 
1533291417032 -0.319404 0.938329 -0.132363 -0.60757 -0.946708 -0.309847 0.0879699 -0.253903 0.0415325 0.153407 0.98729 0.341967 
1533291417053 -0.317433 0.938816 -0.133647 -0.607778 -0.947341 -0.307679 0.0887626 -0.253737 0.0422113 0.154786 0.987046 0.342197 
1533291417068 -0.315609 0.939267 -0.134788 -0.607929 -0.947925 -0.305689 0.0894024 -0.253611 0.0427697 0.155985 0.986833 0.342371 
1533291417145 -0.30844 0.941113 -0.138462 -0.608226 -0.950184 -0.297946 0.0915312 -0.25315 0.044887 0.159796 0.986129 0.343006 
1533291417158 -0.305291 0.941896 -0.140107 -0.608323 -0.951155 -0.294535 0.0924833 -0.252919 0.0458432 0.161498 0.985808 0.34335 
1533291417175 -0.303425 0.942343 -0.141149 -0.608395 -0.951722 -0.292499 0.0931076 -0.252753 0.0464533 0.162586 0.9856 0.343587 
1533291417192 -0.301812 0.942733 -0.141998 -0.608456 -0.952204 -0.290726 0.0937325 -0.252576 0.0470822 0.163501 0.985419 0.343846 
1533291417213 -0.299588 0.943265 -0.143171 -0.608554 -0.952867 -0.288294 0.0945036 -0.252361 0.0478666 0.164735 0.985176 0.34414 
1533291417237 -0.296505 0.943982 -0.144856 -0.608704 -0.953781 -0.284931 0.0954805 -0.252081 0.0488579 0.166471 0.984835 0.344479 
1533291417253 -0.293675 0.944613 -0.146496 -0.608868 -0.954608 -0.28183 0.0964087 -0.25179 0.0497819 0.168159 0.984502 0.344779 
1533291417269 -0.29167 0.945077 -0.147504 -0.60897 -0.955188 -0.279647 0.0970285 -0.25157 0.0504503 0.169195 0.984291 0.344978 
1533291417342 -0.281628 0.947425 -0.151893 -0.609442 -0.958015 -0.268767 0.0998594 -0.250711 0.0537856 0.173639 0.98334 0.345758 
1533291417361 -0.279062 0.948001 -0.153035 -0.609561 -0.958716 -0.265976 0.100599 -0.250486 0.0546641 0.17479 0.983087 0.345983 
1533291417382 -0.275605 0.948763 -0.154567 -0.609731 -0.959643 -0.262205 0.101653 -0.250188 0.0559167 0.176346 0.982739 0.346329 
1533291417405 -0.272072 0.949529 -0.156113 -0.609885 -0.960576 -0.258353 0.102699 -0.249871 0.0571838 0.1779 0.982386 0.346689 
1533291417421 -0.269487 0.950065 -0.157331 -0.610004 -0.961251 -0.255529 0.103447 -0.249642 0.0580788 0.179112 0.982113 0.346943 
1533291417438 -0.267083 0.950554 -0.158471 -0.61012 -0.961871 -0.2529 0.104146 -0.249434 0.0589193 0.180244 0.981856 0.347176 
1533291417455 -0.264692 0.951039 -0.159573 -0.610236 -0.962479 -0.250284 0.104845 -0.249244 0.0597732 0.181338 0.981603 0.347409 
1533291417477 -0.261378 0.951733 -0.160893 -0.610377 -0.963316 -0.2467 0.105646 -0.249038 0.0608541 0.182604 0.981301 0.34766 
1533291417496 -0.258643 0.952311 -0.161887 -0.610483 -0.963998 -0.243754 0.10626 -0.248893 0.0617317 0.183542 0.981072 0.347841 
1533291417512 -0.255001 0.953062 -0.163238 -0.610627 -0.964894 -0.23983 0.107058 -0.248716 0.062884 0.184807 0.980761 0.348041 
1533291417534 -0.251667 0.953737 -0.164465 -0.610757 -0.965693 -0.23622 0.107872 -0.248533 0.0640317 0.185971 0.980467 0.348241 
1533291417554 -0.247476 0.954559 -0.16605 -0.610905 -0.966677 -0.231668 0.108932 -0.248246 0.0655136 0.187475 0.980082 0.348533 
1533291417572 -0.244274 0.955168 -0.167284 -0.611025 -0.967409 -0.228174 0.109799 -0.248008 0.0667063 0.188653 0.979776 0.348793 
1533291417588 -0.241464 0.95569 -0.16838 -0.611138 -0.968043 -0.225109 0.110538 -0.24781 0.0677358 0.18969 0.979505 0.349015 
1533291417605 -0.238165 0.956294 -0.169642 -0.611273 -0.968778 -0.221523 0.111337 -0.247602 0.0688914 0.190862 0.979196 0.349248 
1533291417621 -0.234993 0.956877 -0.170777 -0.611401 -0.969474 -0.218087 0.112064 -0.2474 0.0699871 0.191898 0.978916 0.349462 
1533291417639 -0.231522 0.957515 -0.171941 -0.611538 -0.970231 -0.214357 0.112711 -0.247204 0.0710661 0.192917 0.978638 0.349651 
1533291417685 -0.222269 0.95918 -0.174845 -0.611874 -0.972183 -0.20445 0.114285 -0.246713 0.073873 0.195383 0.977941 0.350124 
1533291417701 -0.219327 0.959688 -0.175766 -0.611975 -0.972783 -0.201299 0.114771 -0.246535 0.0747629 0.196155 0.977719 0.350312 
1533291417723 -0.21555 0.960309 -0.177042 -0.61211 -0.973535 -0.197235 0.115447 -0.246265 0.0759459 0.197241 0.977409 0.3506 
1533291417738 -0.212498 0.960793 -0.178107 -0.612224 -0.974133 -0.193951 0.115964 -0.246042 0.0768728 0.198142 0.977154 0.350831 
1533291417758 -0.208225 0.961458 -0.17956 -0.612382 -0.974954 -0.189363 0.116648 -0.245747 0.0781503 0.199351 0.976807 0.351136 
1533291417777 -0.204812 0.961978 -0.180696 -0.612504 -0.975591 -0.185693 0.117216 -0.245526 0.079205 0.200293 0.976529 0.351356 
1533291417792 -0.201471 0.96248 -0.181776 -0.612622 -0.976202 -0.182102 0.117765 -0.24533 0.0802446 0.201176 0.976263 0.351555 
1533291417809 -0.19805 0.962975 -0.182909 -0.612753 -0.97681 -0.178412 0.118369 -0.245154 0.0813533 0.20211 0.975978 0.351737 
1533291417848 -0.189609 0.964127 -0.185762 -0.613068 -0.978246 -0.169283 0.119909 -0.244718 0.0841612 0.204457 0.975251 0.352147 
1533291417868 -0.185037 0.964721 -0.187284 -0.613219 -0.978993 -0.164349 0.12067 -0.244503 0.085633 0.205679 0.974866 0.35234 
1533291417885 -0.181214 0.965177 -0.188666 -0.61336 -0.979597 -0.1602 0.12135 -0.244324 0.0869003 0.206807 0.974515 0.352511 
1533291417906 -0.175994 0.965769 -0.190566 -0.613548 -0.980378 -0.154498 0.122432 -0.24403 0.0887991 0.208374 0.97401 0.352825 
1533291417924 -0.172367 0.96617 -0.191848 -0.613678 -0.980901 -0.150537 0.123176 -0.243823 0.090129 0.209416 0.973664 0.353061 
1533291417943 -0.168485 0.966609 -0.19308 -0.613801 -0.981447 -0.146323 0.123899 -0.243624 0.09151 0.210373 0.973329 0.353304 
1533291417963 -0.164135 0.967077 -0.194477 -0.613946 -0.98204 -0.141601 0.124685 -0.243411 0.0930421 0.211449 0.97295 0.353556 
1533291417976 -0.161416 0.967351 -0.19539 -0.614058 -0.982402 -0.138649 0.125148 -0.243297 0.093971 0.212152 0.972708 0.353678 
1533291417994 -0.156903 0.967792 -0.196874 -0.614245 -0.982997 -0.133783 0.125772 -0.243159 0.095383 0.213261 0.972328 0.353815 
1533291418049 -0.144156 0.968942 -0.200925 -0.614738 -0.984546 -0.120036 0.127514 -0.242728 0.0994356 0.216202 0.971272 0.354197 
1533291418065 -0.140786 0.96922 -0.201969 -0.614853 -0.984915 -0.116383 0.128049 -0.242551 0.100602 0.21695 0.970985 0.354359 
1533291418086 -0.135514 0.969606 -0.203716 -0.615047 -0.985461 -0.110639 0.128944 -0.242224 0.102486 0.218228 0.970501 0.354681 
1533291418103 -0.131928 0.969851 -0.204901 -0.615183 -0.985804 -0.106712 0.129623 -0.242003 0.103849 0.219094 0.970161 0.354931 
1533291418119 -0.12801 0.970111 -0.206148 -0.615324 -0.986162 -0.102428 0.130355 -0.241792 0.105343 0.219982 0.969799 0.355196 
1533291418137 -0.124339 0.97033 -0.207362 -0.615457 -0.98648 -0.0984035 0.131048 -0.241604 0.106755 0.220852 0.969447 0.355428 
1533291418158 -0.120167 0.97057 -0.208693 -0.615601 -0.986827 -0.0938449 0.131778 -0.241422 0.108315 0.22178 0.969062 0.355656 
1533291418176 -0.114911 0.970857 -0.210312 -0.615787 -0.987251 -0.0881402 0.132539 -0.24126 0.110139 0.222861 0.968608 0.355835 
1533291418192 -0.111202 0.971063 -0.211356 -0.61591 -0.987535 -0.0841357 0.133023 -0.24117 0.111391 0.223514 0.968315 0.355945 
1533291418239 -0.100446 0.971547 -0.214492 -0.61627 -0.988265 -0.0724914 0.134451 -0.240865 0.115077 0.22548 0.967427 0.356253 
1533291418261 -0.0949364 0.971734 -0.216149 -0.616443 -0.988565 -0.0664725 0.135356 -0.240589 0.117162 0.226528 0.966932 0.356502 
1533291418278 -0.09143 0.971841 -0.217177 -0.616546 -0.988723 -0.0626191 0.136032 -0.240377 0.118602 0.227166 0.966607 0.356709 
1533291418295 -0.0875547 0.971931 -0.218368 -0.616666 -0.988876 -0.0583412 0.13682 -0.240153 0.12024 0.227918 0.966228 0.35696 
1533291418318 -0.0821188 0.972026 -0.220049 -0.616841 -0.989056 -0.0523288 0.137947 -0.23988 0.122574 0.228969 0.965686 0.357332 
1533291418336 -0.0781904 0.972073 -0.22127 -0.616966 -0.989168 -0.0479885 0.138723 -0.239693 0.12423 0.22972 0.965296 0.357577 
1533291418355 -0.0731977 0.972107 -0.222825 -0.617139 -0.9893 -0.0425016 0.139565 -0.239522 0.126201 0.230656 0.964816 0.357805 
1533291418373 -0.0694346 0.972127 -0.223938 -0.617267 -0.989398 -0.0384049 0.140057 -0.239442 0.127553 0.231289 0.964487 0.357922 
1533291418428 -0.0561007 0.972124 -0.227655 -0.617683 -0.989648 -0.0239747 0.141502 -0.239189 0.132099 0.233237 0.963406 0.358189 
1533291418445 -0.0528123 0.972096 -0.228563 -0.617783 -0.989664 -0.0203914 0.141948 -0.239066 0.133326 0.233697 0.963125 0.358307 
1533291418461 -0.0486057 0.972053 -0.229675 -0.617895 -0.989648 -0.0157809 0.142648 -0.23884 0.135037 0.234231 0.962757 0.358526 
1533291418478 -0.0452573 0.972003 -0.230569 -0.617988 -0.989609 -0.0120908 0.143275 -0.238652 0.136476 0.234657 0.96245 0.358727 
1533291418499 -0.0407398 0.971921 -0.231752 -0.618119 -0.989531 -0.00710639 0.144147 -0.238425 0.138453 0.235198 0.962036 0.35901 
1533291418516 -0.0373675 0.971825 -0.232721 -0.618229 -0.989449 -0.00335926 0.144846 -0.238255 0.139983 0.235678 0.961697 0.359198 
1533291418532 -0.0337698 0.971704 -0.233775 -0.618348 -0.989343 0.000647236 0.145605 -0.238069 0.141636 0.236201 0.961326 0.359393 
1533291418558 -0.0288189 0.971541 -0.235111 -0.618504 -0.989203 0.00609194 0.146426 -0.237885 0.143691 0.236793 0.960876 0.359586 
1533291418574 -0.0252415 0.971413 -0.23605 -0.618617 -0.989105 0.00998897 0.146876 -0.237799 0.145035 0.237185 0.960577 0.359666 
1533291418621 -0.0167592 0.97108 -0.238167 -0.618859 -0.988829 0.0191874 0.147814 -0.237626 0.148109 0.237984 0.95991 0.359804 
1533291418638 -0.0134803 0.970952 -0.238894 -0.618935 -0.988695 0.0227379 0.148205 -0.237537 0.149332 0.238191 0.959669 0.359889 
1533291418654 -0.00978297 0.970806 -0.239665 -0.618994 -0.98852 0.0267485 0.1487 -0.237406 0.15077 0.238368 0.9594 0.360028 
1533291418677 -0.00515833 0.970591 -0.240677 -0.619052 -0.988242 0.0318305 0.149545 -0.237178 0.152808 0.238619 0.959015 0.360307 
1533291418696 -0.00150451 0.970393 -0.241528 -0.619107 -0.987991 0.0358747 0.150289 -0.23699 0.154504 0.238853 0.958685 0.36056 
1533291418713 0.00145712 0.970231 -0.242177 -0.619153 -0.987778 0.0391417 0.15087 -0.236848 0.155858 0.238998 0.95843 0.360763 
1533291418735 0.00624081 0.96997 -0.243143 -0.619227 -0.987425 0.044387 0.151729 -0.236657 0.157965 0.239138 0.95805 0.361063 
1533291418752 0.00970933 0.969779 -0.243794 -0.619283 -0.987172 0.0481524 0.152229 -0.23657 0.159367 0.239188 0.957805 0.361225 
1533291418769 0.0126702 0.969597 -0.24438 -0.61934 -0.986956 0.0513532 0.152578 -0.236503 0.160489 0.239259 0.9576 0.361327 
1533291418818 0.0223785 0.968954 -0.246227 -0.619504 -0.986181 0.0618346 0.153702 -0.23623 0.164156 0.239385 0.956947 0.361642 
1533291418834 0.0248231 0.968776 -0.246693 -0.619531 -0.985958 0.0644889 0.154041 -0.236116 0.16514 0.239405 0.956773 0.361756 
1533291418855 0.0293608 0.96843 -0.24755 -0.619566 -0.985495 0.0694589 0.154842 -0.235854 0.167148 0.239413 0.956422 0.362054 
1533291418872 0.033058 0.968111 -0.24833 -0.6196 -0.985081 0.0735465 0.155585 -0.235625 0.168888 0.239481 0.956099 0.362356 
1533291418891 0.0355859 0.967886 -0.248856 -0.619624 -0.984789 0.0763387 0.156084 -0.235473 0.170069 0.239516 0.955881 0.362566 
1533291418905 0.0387902 0.96758 -0.249567 -0.619663 -0.984403 0.0798927 0.156741 -0.235273 0.171598 0.239595 0.955588 0.362838 
1533291418927 0.0433822 0.967155 -0.250458 -0.619718 -0.983846 0.0849399 0.157586 -0.235034 0.173684 0.239576 0.955216 0.36318 
1533291418944 0.0465686 0.966836 -0.251115 -0.619779 -0.983469 0.0884129 0.158023 -0.234924 0.174984 0.239605 0.954971 0.363351 
1533291418972 0.0514373 0.966325 -0.252132 -0.619875 -0.982899 0.0936835 0.158532 -0.23479 0.176814 0.239666 0.954619 0.363519 
1533291419062 0.0660394 0.964643 -0.255152 -0.620101 -0.980963 0.109566 0.160334 -0.234268 0.182621 0.239706 0.953515 0.363897 
1533291419080 0.068958 0.964286 -0.255729 -0.620135 -0.980461 0.112846 0.161127 -0.234116 0.18423 0.239622 0.953226 0.364138 
1533291419095 0.0709798 0.964013 -0.256205 -0.620157 -0.980079 0.115166 0.161806 -0.23396 0.185489 0.239616 0.952984 0.364361 
1533291419112 0.073326 0.963663 -0.256861 -0.620181 -0.979611 0.117899 0.16267 -0.233748 0.187043 0.239696 0.95266 0.364652 
1533291419129 0.0753584 0.963349 -0.257448 -0.620199 -0.979197 0.120273 0.163427 -0.233548 0.188402 0.239777 0.952372 0.364915 
1533291419149 0.0777713 0.962945 -0.258243 -0.620242 -0.978692 0.123114 0.164334 -0.23331 0.190038 0.23996 0.952 0.365234 
1533291419165 0.0794436 0.962652 -0.258823 -0.620279 -0.978339 0.125085 0.164943 -0.233149 0.191157 0.240113 0.951738 0.365434 
1533291419184 0.0815739 0.962269 -0.259583 -0.620339 -0.977915 0.127562 0.165561 -0.232996 0.192427 0.240344 0.951423 0.365615 
1533291419210 0.0845517 0.961734 -0.260614 -0.620427 -0.977355 0.130965 0.166208 -0.232877 0.193979 0.240659 0.951029 0.365762 
1533291419287 0.0926058 0.960062 -0.264016 -0.620574 -0.975614 0.140484 0.168648 -0.232626 0.199003 0.24196 0.94966 0.366268 
1533291419304 0.0938423 0.959747 -0.264725 -0.620569 -0.975223 0.142119 0.169538 -0.232513 0.200336 0.242256 0.949304 0.366522 
1533291419320 0.094962 0.959456 -0.265381 -0.620576 -0.974843 0.143629 0.170445 -0.232396 0.201651 0.242519 0.948958 0.366795 
1533291419337 0.0962411 0.959106 -0.266184 -0.620593 -0.974399 0.145373 0.171503 -0.232251 0.203185 0.242864 0.948543 0.367103 
1533291419354 0.0971518 0.958805 -0.266937 -0.620618 -0.974057 0.146676 0.172334 -0.232101 0.204388 0.243269 0.94818 0.367332 
1533291419370 0.0981063 0.958468 -0.267796 -0.620659 -0.973693 0.148059 0.173209 -0.231916 0.205665 0.243758 0.947779 0.367588 
1533291419387 0.0993193 0.958039 -0.26888 -0.620726 -0.973259 0.149778 0.174166 -0.231702 0.20713 0.244392 0.947296 0.367873 
1533291419404 0.100266 0.957688 -0.26978 -0.620787 -0.972939 0.151105 0.174805 -0.231557 0.208174 0.244953 0.946922 0.368044 
1533291419420 0.101223 0.957356 -0.270597 -0.620854 -0.972645 0.152394 0.175321 -0.231444 0.209083 0.245448 0.946594 0.368164 
1533291419438 0.102 0.957041 -0.271418 -0.620926 -0.972394 0.153482 0.175762 -0.231347 0.20987 0.245998 0.946277 0.36824 
1533291419494 0.104849 0.955974 -0.274081 -0.621104 -0.97147 0.157408 0.177393 -0.231024 0.212726 0.247662 0.945204 0.368593 
1533291419524 0.106365 0.955393 -0.27552 -0.621135 -0.970873 0.159618 0.178682 -0.230712 0.214689 0.24849 0.944543 0.368968 
1533291419549 0.107784 0.954907 -0.27665 -0.621161 -0.970316 0.161639 0.179885 -0.230395 0.216491 0.249049 0.943984 0.369347 
1533291419565 0.10885 0.954533 -0.277521 -0.621192 -0.969875 0.163186 0.180869 -0.230115 0.217933 0.249473 0.94354 0.369659 
1533291419582 0.109677 0.954241 -0.278199 -0.621218 -0.969529 0.164387 0.181632 -0.229885 0.219053 0.249801 0.943194 0.369898 
1533291419605 0.110708 0.953901 -0.278957 -0.621255 -0.969141 0.165818 0.182403 -0.229667 0.22025 0.250155 0.942821 0.37013 
1533291419622 0.111561 0.953606 -0.279625 -0.621299 -0.968859 0.166964 0.182856 -0.229542 0.22106 0.250518 0.942536 0.370242 
1533291419638 0.112416 0.953294 -0.280345 -0.621355 -0.968601 0.168092 0.183186 -0.229452 0.221753 0.250949 0.942258 0.370296 
1533291419660 0.113904 0.95279 -0.281457 -0.621444 -0.968212 0.16996 0.183521 -0.229368 0.222693 0.251606 0.941861 0.370311 
1533291419739 0.11706 0.951564 -0.284294 -0.621568 -0.967308 0.174092 0.184409 -0.229031 0.224971 0.253413 0.940835 0.370789 
1533291419772 0.118046 0.951197 -0.285112 -0.621518 -0.966923 0.175482 0.185108 -0.228866 0.226107 0.25383 0.94045 0.371259 
1533291419786 0.118631 0.950941 -0.285724 -0.621488 -0.966666 0.176363 0.185614 -0.228755 0.226899 0.25418 0.940165 0.371561 
1533291419801 0.119061 0.95074 -0.286212 -0.621448 -0.966467 0.177029 0.186015 -0.22864 0.22752 0.254468 0.939937 0.371794 
1533291419818 0.119426 0.950526 -0.286771 -0.621428 -0.966253 0.177673 0.186515 -0.228448 0.228239 0.254819 0.939667 0.372041 
1533291419835 0.119637 0.950297 -0.28744 -0.621442 -0.966043 0.178208 0.187088 -0.228188 0.229014 0.255297 0.939349 0.37225 
1533291419855 0.11969 0.950026 -0.288313 -0.621467 -0.965807 0.178687 0.187849 -0.227795 0.22998 0.255971 0.938929 0.372423 
1533291419879 0.119626 0.949772 -0.289175 -0.621503 -0.965631 0.179002 0.188455 -0.227439 0.230753 0.256692 0.938543 0.372504 
1533291419941 0.11988 0.949163 -0.291064 -0.621554 -0.965108 0.180163 0.190018 -0.226878 0.232797 0.258129 0.937643 0.372632 
1533291419957 0.120039 0.948996 -0.291541 -0.621549 -0.96495 0.180563 0.190442 -0.226845 0.23337 0.258462 0.937409 0.372701 
1533291419981 0.120305 0.948708 -0.29237 -0.621516 -0.964639 0.181289 0.191329 -0.226815 0.234519 0.259014 0.93697 0.372918 
1533291419997 0.12036 0.948532 -0.292918 -0.621474 -0.964433 0.18167 0.192004 -0.226791 0.235336 0.25939 0.936661 0.373128 
1533291420014 0.120294 0.948411 -0.293337 -0.621422 -0.964281 0.18187 0.192576 -0.226758 0.23599 0.259693 0.936412 0.373334 
1533291420031 0.120185 0.948287 -0.293782 -0.621374 -0.964142 0.182025 0.193125 -0.226721 0.236614 0.260037 0.936159 0.373541 
1533291420051 0.119925 0.94815 -0.294328 -0.621362 -0.964013 0.182068 0.193725 -0.226608 0.237268 0.260504 0.935864 0.373742 
1533291420068 0.119617 0.948052 -0.294769 -0.62137 -0.963951 0.181978 0.194118 -0.226474 0.237675 0.260923 0.935644 0.373846 
1533291420086 0.119236 0.947939 -0.295287 -0.621398 -0.963891 0.181844 0.194544 -0.226302 0.238112 0.261428 0.935392 0.373936 
1533291420125 0.118868 0.947715 -0.296152 -0.621461 -0.963754 0.181875 0.195191 -0.226094 0.238848 0.262216 0.934984 0.374054 
1533291420145 0.11886 0.947606 -0.296505 -0.62143 -0.963636 0.182071 0.195591 -0.226042 0.239328 0.262475 0.934788 0.374179 
1533291420160 0.118855 0.94755 -0.296685 -0.621379 -0.963553 0.182194 0.195883 -0.226009 0.239663 0.26259 0.93467 0.37429 
1533291420178 0.118784 0.947421 -0.297124 -0.621271 -0.96334 0.182462 0.196683 -0.225905 0.240555 0.262869 0.934362 0.374543 
1533291420195 0.118727 0.947362 -0.297337 -0.621212 -0.963224 0.182587 0.197134 -0.225841 0.241047 0.262997 0.9342 0.374691 
1533291420215 0.118605 0.947292 -0.297609 -0.621084 -0.963029 0.182757 0.197927 -0.225736 0.241885 0.263131 0.933945 0.374993 
1533291420232 0.118382 0.947261 -0.297796 -0.621 -0.962929 0.182725 0.19844 -0.225669 0.242389 0.263265 0.933777 0.375196 
1533291420249 0.118136 0.947251 -0.297926 -0.620937 -0.962879 0.182608 0.19879 -0.225587 0.242708 0.263383 0.933661 0.375347 
1533291420288 0.117333 0.947256 -0.298227 -0.620796 -0.962845 0.18206 0.199457 -0.225293 0.243232 0.263743 0.933423 0.375647 
1533291420316 0.116549 0.947245 -0.298568 -0.62069 -0.962873 0.181468 0.199862 -0.225005 0.243499 0.26419 0.933227 0.375812 
1533291420331 0.116027 0.947237 -0.298797 -0.620584 -0.962882 0.181084 0.200168 -0.224829 0.243714 0.264482 0.933088 0.375939 
1533291420348 0.115598 0.947231 -0.298982 -0.620474 -0.962885 0.180772 0.200433 -0.224695 0.243904 0.264716 0.932972 0.376058 
1533291420367 0.11525 0.947223 -0.29914 -0.620375 -0.962868 0.180543 0.200722 -0.224588 0.244136 0.2649 0.932859 0.376181 
1533291420385 0.11494 0.947162 -0.299455 -0.620295 -0.962813 0.180418 0.201099 -0.2245 0.244501 0.265205 0.932677 0.376299 
1533291420402 0.114701 0.947107 -0.29972 -0.620219 -0.962761 0.180337 0.201418 -0.224442 0.244815 0.265456 0.932523 0.376412 
1533291420419 0.114462 0.947067 -0.299936 -0.620172 -0.962694 0.180262 0.201805 -0.224354 0.24519 0.265648 0.93237 0.376515 
1533291420436 0.114214 0.947045 -0.300102 -0.620137 -0.962628 0.180168 0.202203 -0.224247 0.245564 0.265793 0.93223 0.376595 
1533291420455 0.113828 0.947049 -0.300234 -0.620084 -0.96257 0.179947 0.202679 -0.224099 0.245973 0.265926 0.932084 0.376677 
1533291420472 0.113582 0.947068 -0.300268 -0.620038 -0.962517 0.179811 0.203049 -0.224023 0.246292 0.26595 0.931993 0.376723 
1533291420488 0.1132 0.947091 -0.300341 -0.620003 -0.962489 0.179548 0.203416 -0.223966 0.246579 0.266049 0.931889 0.376758 
1533291420506 0.112849 0.94709 -0.300474 -0.619947 -0.96242 0.179365 0.2039 -0.223957 0.247007 0.266173 0.93174 0.376825 
1533291420522 0.112642 0.947049 -0.300681 -0.619877 -0.962307 0.179363 0.204434 -0.22401 0.24754 0.26632 0.931557 0.376922 
1533291420546 0.112727 0.946966 -0.300911 -0.619766 -0.96208 0.179726 0.205184 -0.224144 0.248384 0.26637 0.931317 0.37714 
1533291420565 0.11292 0.946923 -0.300975 -0.619664 -0.961899 0.180091 0.205713 -0.22428 0.248997 0.266279 0.93118 0.377376 
1533291420582 0.113085 0.946938 -0.300867 -0.619541 -0.961766 0.180344 0.206114 -0.224405 0.249436 0.266055 0.931126 0.377626 
1533291420598 0.11312 0.946953 -0.300805 -0.619451 -0.961714 0.180414 0.206295 -0.224473 0.249621 0.265952 0.931106 0.37778 
1533291420615 0.113041 0.946972 -0.300776 -0.619384 -0.961703 0.180354 0.206396 -0.224484 0.249697 0.265926 0.931093 0.377883 
1533291420632 0.112794 0.946984 -0.300829 -0.619306 -0.961741 0.180125 0.206419 -0.22445 0.249662 0.266037 0.931071 0.377966 
1533291420648 0.112473 0.946989 -0.300934 -0.619235 -0.961816 0.179807 0.206349 -0.224398 0.249521 0.266234 0.931053 0.378016 
1533291420673 0.111853 0.946996 -0.301144 -0.619142 -0.961932 0.179224 0.206313 -0.224293 0.24935 0.266603 0.930993 0.378078 
1533291420687 0.111352 0.946998 -0.301324 -0.619068 -0.962009 0.178774 0.206348 -0.224174 0.24928 0.266899 0.930927 0.378133 
1533291420704 0.110847 0.947008 -0.301478 -0.618986 -0.962056 0.178345 0.206496 -0.224028 0.24932 0.267149 0.930844 0.37819 
1533291420731 0.110252 0.947101 -0.301405 -0.618831 -0.962115 0.177782 0.206706 -0.223853 0.249356 0.267196 0.930821 0.378273 
1533291420748 0.109998 0.94716 -0.301311 -0.618741 -0.962145 0.177522 0.206791 -0.223792 0.249354 0.267158 0.930833 0.378323 
1533291420770 0.109838 0.947211 -0.301208 -0.618638 -0.962126 0.17739 0.206994 -0.22378 0.249498 0.267064 0.930821 0.378386 
1533291420787 0.109807 0.94723 -0.301159 -0.61857 -0.962096 0.177387 0.207137 -0.223825 0.249628 0.266999 0.930805 0.37844 
1533291420803 0.109784 0.947239 -0.301141 -0.618505 -0.962061 0.177401 0.207286 -0.22388 0.249772 0.26696 0.930777 0.378494 
1533291420821 0.10971 0.947252 -0.301126 -0.618429 -0.96203 0.177371 0.207458 -0.223939 0.249926 0.266932 0.930744 0.37857 
1533291420845 0.109629 0.947237 -0.301203 -0.618316 -0.961991 0.177363 0.207643 -0.224038 0.25011 0.26699 0.930678 0.378675 
1533291420862 0.109498 0.94724 -0.301242 -0.618198 -0.961974 0.177283 0.20779 -0.224114 0.250232 0.267034 0.930632 0.378774 
1533291420889 0.109392 0.947252 -0.301243 -0.618107 -0.961973 0.177198 0.20787 -0.224164 0.250285 0.267048 0.930614 0.378841 
1533291420902 0.109244 0.947286 -0.301189 -0.617979 -0.962004 0.177031 0.207864 -0.224222 0.250226 0.267038 0.930633 0.378883 
1533291420919 0.109132 0.947321 -0.301121 -0.617902 -0.962034 0.176893 0.207843 -0.224237 0.250161 0.267006 0.93066 0.378895 
1533291420936 0.109079 0.947329 -0.301113 -0.617874 -0.962055 0.176827 0.207805 -0.224246 0.250104 0.26702 0.930671 0.378878 
1533291420953 0.108983 0.947376 -0.301001 -0.617843 -0.962097 0.176679 0.207736 -0.224239 0.249984 0.266952 0.930722 0.37886 
1533291420969 0.108862 0.947438 -0.300849 -0.617804 -0.962144 0.176496 0.207673 -0.224236 0.249856 0.266853 0.930786 0.378852 
1533291420988 0.108503 0.94754 -0.300659 -0.617738 -0.962234 0.176064 0.20762 -0.224216 0.249664 0.266777 0.930859 0.378851 
1533291421003 0.108177 0.947611 -0.30055 -0.617683 -0.962302 0.175702 0.207615 -0.224179 0.249546 0.266761 0.930895 0.37886 
1533291421019 0.107751 0.947687 -0.300465 -0.617612 -0.962377 0.175256 0.207646 -0.224124 0.249441 0.266786 0.930916 0.378877 
1533291421037 0.107416 0.947744 -0.300407 -0.617554 -0.96243 0.174911 0.207687 -0.224083 0.249378 0.266812 0.930925 0.378896 
1533291421053 0.107067 0.947797 -0.300363 -0.617494 -0.962485 0.174557 0.207732 -0.224047 0.249318 0.266853 0.93093 0.378916 
1533291421069 0.10686 0.94783 -0.300331 -0.617437 -0.962508 0.174357 0.207794 -0.224042 0.249318 0.266866 0.930926 0.378935 
1533291421100 0.106786 0.947796 -0.300465 -0.617337 -0.962461 0.174375 0.207995 -0.224158 0.24953 0.266975 0.930838 0.378994 
1533291421118 0.106739 0.947778 -0.30054 -0.617286 -0.962442 0.174374 0.208084 -0.224233 0.249623 0.267042 0.930794 0.379027 
1533291421133 0.106617 0.947772 -0.300602 -0.617202 -0.962433 0.174297 0.208189 -0.224328 0.249709 0.267113 0.93075 0.379065 
1533291421156 0.106285 0.947797 -0.30064 -0.617058 -0.962452 0.174013 0.208338 -0.224466 0.249778 0.267208 0.930704 0.379099 
1533291421173 0.106052 0.947827 -0.300629 -0.61693 -0.962474 0.173797 0.20842 -0.224567 0.249794 0.267244 0.93069 0.379127 
1533291421189 0.105717 0.947874 -0.300597 -0.616814 -0.962523 0.173464 0.208473 -0.224627 0.249748 0.267292 0.930688 0.379146 
1533291421206 0.105365 0.94792 -0.300576 -0.616731 -0.962582 0.173106 0.208495 -0.224654 0.249668 0.267361 0.93069 0.37915 
1533291421224 0.105003 0.947971 -0.300543 -0.616655 -0.962641 0.172738 0.208525 -0.224641 0.249591 0.267419 0.930694 0.379149 
1533291421241 0.104787 0.948018 -0.30047 -0.616603 -0.962686 0.172497 0.208518 -0.224596 0.249509 0.267408 0.930719 0.379139 
1533291421256 0.104681 0.94806 -0.300372 -0.616586 -0.962737 0.172334 0.208418 -0.224569 0.249357 0.267362 0.930773 0.379113 
1533291421286 0.104672 0.948093 -0.300271 -0.616609 -0.962824 0.172212 0.208119 -0.224551 0.249027 0.267324 0.930873 0.379009 
1533291421302 0.10472 0.948115 -0.300186 -0.616626 -0.962866 0.172187 0.207943 -0.224545 0.248842 0.267263 0.930939 0.378937 
1533291421321 0.104749 0.948159 -0.300038 -0.616655 -0.962946 0.172093 0.207653 -0.224518 0.248522 0.267169 0.931052 0.378804 
1533291421336 0.104862 0.948171 -0.299959 -0.616669 -0.962974 0.172139 0.207486 -0.2245 0.248366 0.267095 0.931115 0.378728 
1533291421352 0.104965 0.948187 -0.299873 -0.616673 -0.963029 0.172144 0.207222 -0.224483 0.248107 0.267036 0.931201 0.378644 
1533291421369 0.105014 0.948199 -0.299819 -0.61666 -0.963076 0.172122 0.207022 -0.224487 0.247904 0.267008 0.931263 0.37859 
1533291421388 0.105032 0.948209 -0.299781 -0.616634 -0.963136 0.172064 0.206793 -0.224505 0.247664 0.26701 0.931326 0.378518 
1533291421402 0.104972 0.948214 -0.299784 -0.616608 -0.963156 0.171993 0.206756 -0.224517 0.24761 0.267036 0.931333 0.378506 
1533291421419 0.104922 0.948226 -0.299766 -0.616566 -0.963152 0.171953 0.206811 -0.224546 0.247649 0.267021 0.931327 0.378528 
1533291421437 0.104761 0.948252 -0.299738 -0.616522 -0.963151 0.171816 0.206929 -0.224588 0.247721 0.267015 0.93131 0.378568 
1533291421453 0.104424 0.948294 -0.299725 -0.616446 -0.96312 0.17157 0.207277 -0.224672 0.247983 0.267026 0.931237 0.378629 
1533291421469 0.104211 0.948293 -0.299802 -0.616397 -0.963051 0.171486 0.207666 -0.224729 0.24834 0.267084 0.931125 0.378662 
1533291421486 0.103965 0.948272 -0.299952 -0.61634 -0.962954 0.171421 0.208168 -0.224798 0.248818 0.267198 0.930964 0.378696 
1533291421511 0.103689 0.948271 -0.300051 -0.616247 -0.96287 0.171306 0.208651 -0.224921 0.249258 0.267275 0.930825 0.378734 
1533291421532 0.103509 0.948284 -0.300071 -0.616136 -0.962817 0.171219 0.208966 -0.225071 0.249537 0.267284 0.930747 0.378745 
1533291421553 0.103412 0.948279 -0.300122 -0.616059 -0.962779 0.171192 0.209163 -0.225173 0.249723 0.267321 0.930687 0.378713 
1533291421570 0.1033 0.948291 -0.300121 -0.616016 -0.962769 0.171111 0.209278 -0.225232 0.24981 0.267329 0.930661 0.378657 
1533291421589 0.103168 0.948329 -0.300048 -0.615995 -0.962792 0.170962 0.209295 -0.225232 0.249778 0.267292 0.930681 0.378599 
1533291421606 0.103083 0.948362 -0.299971 -0.61599 -0.962841 0.170822 0.209183 -0.225228 0.249623 0.267262 0.930731 0.378571 
1533291421619 0.103041 0.94839 -0.299897 -0.615997 -0.962912 0.170695 0.208958 -0.22522 0.249365 0.267243 0.930805 0.378546 
1533291421636 0.103039 0.948399 -0.299871 -0.616016 -0.962971 0.170625 0.208745 -0.225208 0.249139 0.267258 0.930861 0.378528 
1533291421653 0.103073 0.948399 -0.299859 -0.616049 -0.963054 0.170561 0.208412 -0.225188 0.248802 0.267299 0.93094 0.378502 
1533291421669 0.103173 0.948383 -0.299874 -0.61609 -0.963151 0.170542 0.20798 -0.225155 0.248386 0.267366 0.931032 0.378475 
1533291421686 0.103373 0.948361 -0.299876 -0.616118 -0.963199 0.170654 0.207664 -0.225122 0.248115 0.267374 0.931102 0.378452 
1533291421709 0.103586 0.94833 -0.299899 -0.616158 -0.963267 0.170762 0.207261 -0.225081 0.247763 0.267413 0.931184 0.37841 
1533291421725 0.103676 0.948313 -0.299923 -0.61618 -0.963306 0.170798 0.207048 -0.225064 0.247572 0.267452 0.931224 0.378383 
1533291421742 0.103744 0.948288 -0.299979 -0.616185 -0.963336 0.170835 0.206881 -0.225078 0.24743 0.267518 0.931243 0.378348 
1533291421762 0.103772 0.948269 -0.300028 -0.616172 -0.963336 0.170868 0.206852 -0.225116 0.247417 0.267563 0.931233 0.37832 
1533291421776 0.103791 0.948255 -0.300068 -0.616153 -0.963319 0.170911 0.206898 -0.225158 0.247476 0.267587 0.93121 0.378301 
1533291421792 0.103858 0.948235 -0.300108 -0.616117 -0.963256 0.171042 0.20708 -0.225222 0.247691 0.267574 0.931157 0.37828 
1533291421809 0.103795 0.948237 -0.300122 -0.616068 -0.9632 0.171054 0.207332 -0.225298 0.247937 0.267558 0.931096 0.378275 
1533291421825 0.103646 0.948264 -0.300089 -0.616015 -0.963122 0.171008 0.20773 -0.225355 0.2483 0.267492 0.931018 0.378283 
1533291421842 0.103544 0.948288 -0.300046 -0.615966 -0.963059 0.170984 0.208042 -0.22539 0.248587 0.267421 0.930962 0.378296 
1533291421864 0.103443 0.948314 -0.299999 -0.615893 -0.962983 0.170972 0.208403 -0.225435 0.248923 0.267336 0.930897 0.378308 
1533291421884 0.103403 0.94832 -0.299996 -0.61584 -0.962932 0.170993 0.208624 -0.225482 0.24914 0.267303 0.930848 0.37831 
1533291421899 0.10343 0.948307 -0.300027 -0.615809 -0.962914 0.171042 0.208666 -0.22552 0.249197 0.267317 0.930829 0.378306 
1533291421921 0.103489 0.948289 -0.300063 -0.615782 -0.962924 0.171087 0.208582 -0.225555 0.249133 0.267352 0.930836 0.378298 
1533291421938 0.103527 0.948273 -0.300101 -0.61577 -0.962965 0.171083 0.208396 -0.225578 0.248958 0.267412 0.930865 0.378296 
1533291421955 0.103562 0.948242 -0.300186 -0.61577 -0.963044 0.171045 0.208063 -0.22559 0.24864 0.267545 0.930912 0.37828 
1533291421978 0.103666 0.948129 -0.300508 -0.615786 -0.963143 0.171094 0.207563 -0.225578 0.248211 0.267915 0.93092 0.378228 
1533291421995 0.103625 0.948042 -0.300796 -0.615803 -0.963176 0.171088 0.207413 -0.225543 0.248099 0.268227 0.930861 0.378202 
1533291422012 0.103423 0.947953 -0.301145 -0.615806 -0.963234 0.170936 0.207271 -0.225448 0.24796 0.268637 0.930779 0.378181 
1533291422028 0.103197 0.947922 -0.301322 -0.615787 -0.963289 0.170729 0.207187 -0.225365 0.247841 0.268879 0.930741 0.378181 
1533291422045 0.102972 0.947941 -0.301338 -0.615744 -0.963346 0.170487 0.207121 -0.225297 0.247713 0.268965 0.93075 0.378194 
1533291422065 0.10283 0.947963 -0.301318 -0.615691 -0.963368 0.170342 0.207139 -0.225266 0.247687 0.26898 0.930753 0.378202 
1533291422082 0.102858 0.947961 -0.301314 -0.61567 -0.963351 0.170382 0.207183 -0.22529 0.24774 0.26896 0.930744 0.378199 
1533291422099 0.102948 0.947966 -0.301267 -0.615638 -0.963291 0.170511 0.207357 -0.225362 0.247936 0.268861 0.930721 0.378195 
1533291422115 0.102993 0.947977 -0.301217 -0.615606 -0.963218 0.170616 0.207609 -0.225427 0.248201 0.268756 0.930681 0.378194 
1533291422135 0.103096 0.948005 -0.301093 -0.615554 -0.963095 0.170807 0.208022 -0.225503 0.248635 0.268535 0.930629 0.378178 
1533291422163 0.103235 0.948059 -0.300877 -0.61547 -0.962957 0.171022 0.208483 -0.225591 0.24911 0.268209 0.930595 0.378144 
1533291422169 0.103347 0.948076 -0.300783 -0.615411 -0.962865 0.171192 0.208767 -0.225664 0.249418 0.268039 0.930562 0.378116 
1533291422189 0.103498 0.948093 -0.30068 -0.615334 -0.962749 0.171418 0.209119 -0.225751 0.249807 0.267836 0.930516 0.378082 
1533291422214 0.103617 0.948068 -0.300718 -0.615256 -0.962631 0.17165 0.209469 -0.225831 0.250209 0.267776 0.930425 0.378051 
1533291422233 0.103638 0.948055 -0.300751 -0.615199 -0.962598 0.17171 0.209572 -0.225874 0.250328 0.267783 0.930392 0.378061 
1533291422249 0.103613 0.948032 -0.300832 -0.615135 -0.9626 0.171706 0.209569 -0.225918 0.250333 0.267866 0.930366 0.378094 
1533291422267 0.103528 0.947964 -0.301076 -0.615116 -0.962601 0.171688 0.209578 -0.225928 0.250363 0.268118 0.930285 0.3781 
1533291422283 0.103447 0.947919 -0.301246 -0.615096 -0.962608 0.171653 0.209575 -0.225932 0.250369 0.268302 0.930231 0.378105 
1533291422299 0.103243 0.947864 -0.301487 -0.615047 -0.962659 0.171483 0.209478 -0.225927 0.250256 0.268602 0.930175 0.37812 
1533291422319 0.102996 0.947849 -0.301618 -0.614974 -0.962716 0.171249 0.20941 -0.225899 0.250141 0.268804 0.930147 0.378147 
1533291422333 0.102739 0.947841 -0.301731 -0.614898 -0.962759 0.171015 0.209401 -0.225855 0.250079 0.26898 0.930113 0.378166 
1533291422349 0.102376 0.947854 -0.301814 -0.614808 -0.962789 0.170704 0.209517 -0.225754 0.250113 0.269133 0.93006 0.37818 
1533291422375 0.102019 0.947901 -0.301788 -0.614726 -0.962818 0.170373 0.209653 -0.225633 0.250147 0.269178 0.930037 0.378179 
1533291422391 0.101871 0.947933 -0.301738 -0.614694 -0.962812 0.170247 0.209784 -0.225572 0.250231 0.269146 0.930024 0.378168 
1533291422407 0.101805 0.94796 -0.301675 -0.614665 -0.962768 0.170225 0.210001 -0.225534 0.250425 0.269064 0.929995 0.378149 
1533291422424 0.101822 0.947969 -0.301642 -0.614641 -0.962727 0.170276 0.210148 -0.225544 0.250576 0.269001 0.929973 0.378126 
1533291422444 0.101922 0.948027 -0.301425 -0.614576 -0.962685 0.170356 0.210279 -0.225594 0.250699 0.268745 0.930014 0.378098 
1533291422461 0.102055 0.948054 -0.301294 -0.614508 -0.962651 0.170472 0.210337 -0.225674 0.250773 0.268575 0.930043 0.378078 
1533291422478 0.10223 0.948059 -0.30122 -0.614423 -0.962619 0.170633 0.210352 -0.225794 0.250825 0.268456 0.930064 0.378059 
1533291422494 0.102462 0.948012 -0.301288 -0.614315 -0.962572 0.17089 0.21036 -0.225976 0.250911 0.268458 0.93004 0.378023 
1533291422514 0.102689 0.947948 -0.301414 -0.614194 -0.962527 0.171153 0.210353 -0.226173 0.250991 0.268518 0.930001 0.377987 
1533291422535 0.102886 0.94789 -0.301527 -0.614083 -0.962491 0.171379 0.210333 -0.226347 0.251048 0.268577 0.929968 0.377961 
1533291422551 0.102958 0.947861 -0.301594 -0.614004 -0.962477 0.171468 0.210328 -0.226441 0.251075 0.268622 0.929948 0.377944 
1533291422576 0.102799 0.94786 -0.301652 -0.613962 -0.962486 0.17134 0.21039 -0.226414 0.251105 0.268707 0.929915 0.37795 
1533291422593 0.102552 0.947892 -0.301636 -0.613943 -0.962511 0.171107 0.210464 -0.226335 0.251109 0.268744 0.929904 0.377961 
1533291422620 0.102113 0.94796 -0.301571 -0.613909 -0.962556 0.170683 0.210602 -0.226199 0.251116 0.268773 0.929894 0.377981 
1533291422635 0.101735 0.948023 -0.3015 -0.613871 -0.962593 0.170317 0.210729 -0.226075 0.251127 0.268783 0.929888 0.377996 
1533291422652 0.101262 0.948118 -0.301362 -0.613811 -0.962631 0.169856 0.210926 -0.2259 0.251171 0.268741 0.929888 0.378017 
1533291422674 0.100888 0.948205 -0.301211 -0.613743 -0.962653 0.169491 0.21112 -0.22573 0.251238 0.268663 0.929893 0.378034 
1533291422697 0.100555 0.948286 -0.301069 -0.613665 -0.962671 0.169166 0.2113 -0.225572 0.251304 0.268583 0.929898 0.378046 
1533291422714 0.100495 0.948297 -0.301053 -0.613625 -0.962664 0.16912 0.211369 -0.225551 0.251355 0.268571 0.929887 0.378038 
1533291422731 0.100636 0.948263 -0.301115 -0.613582 -0.96264 0.169276 0.211354 -0.225632 0.251391 0.268595 0.929871 0.378018 
1533291422747 0.10089 0.94821 -0.301196 -0.613537 -0.962605 0.16954 0.211299 -0.225753 0.251421 0.268615 0.929857 0.377999 
1533291422764 0.101107 0.948163 -0.301272 -0.613485 -0.962575 0.169769 0.211256 -0.225875 0.251451 0.268637 0.929842 0.377981 
1533291422781 0.101364 0.948105 -0.301368 -0.613409 -0.962538 0.170042 0.211204 -0.226038 0.251489 0.26867 0.929823 0.377958 
1533291422802 0.101641 0.948047 -0.301457 -0.613293 -0.962501 0.170328 0.211139 -0.226233 0.251516 0.268692 0.929809 0.377941 
1533291422819 0.101789 0.948019 -0.301493 -0.613196 -0.962484 0.170476 0.211097 -0.226357 0.251521 0.268695 0.929807 0.377939 
1533291422836 0.101861 0.948007 -0.301509 -0.613131 -0.962476 0.170547 0.211076 -0.226428 0.251523 0.268695 0.929806 0.377938 
1533291422857 0.101821 0.948012 -0.301506 -0.613095 -0.962481 0.170509 0.211086 -0.226437 0.251521 0.268701 0.929805 0.377935 
1533291422876 0.101635 0.948049 -0.301453 -0.613077 -0.962496 0.170327 0.211162 -0.226364 0.251537 0.268686 0.929805 0.37793 
1533291422893 0.101303 0.948154 -0.301234 -0.613049 -0.96253 0.169969 0.211298 -0.226265 0.251544 0.268542 0.929845 0.37793 
1533291422916 0.10063 0.948356 -0.300822 -0.612992 -0.962599 0.169249 0.21156 -0.226093 0.251548 0.268282 0.929918 0.377923 
1533291422933 0.100159 0.94849 -0.300558 -0.612938 -0.962651 0.168746 0.211727 -0.225965 0.251539 0.268126 0.929966 0.377904 
1533291422950 0.0996534 0.948626 -0.300295 -0.61287 -0.962707 0.168211 0.211899 -0.225824 0.251526 0.26798 0.930012 0.377886 
1533291422966 0.0992825 0.948723 -0.300114 -0.612808 -0.962748 0.16782 0.212023 -0.225731 0.251516 0.267884 0.930042 0.377874 
1533291422983 0.0989705 0.948805 -0.299955 -0.612744 -0.962781 0.167491 0.212129 -0.225654 0.251509 0.267797 0.930069 0.37787 
1533291422999 0.0988883 0.948823 -0.299926 -0.6127 -0.962792 0.167405 0.21215 -0.225638 0.251502 0.267787 0.930074 0.377869 
