1535380276091 0.231559 0.962227 -0.14318 -0.465528 -0.938353 0.259753 0.228084 -0.22796 0.25666 0.081538 0.963056 0.43119 
1535380282017 0.231562 0.962226 -0.14318 -0.465528 -0.938352 0.259756 0.228084 -0.22796 0.256661 0.0815374 0.963056 0.43119 
1535380282829 0.236378 0.958809 -0.157516 -0.480989 -0.937699 0.267584 0.22163 -0.229099 0.254649 0.0953141 0.962325 0.425744 
1535380283674 0.241304 0.954964 -0.172671 -0.496907 -0.937038 0.275565 0.214531 -0.230212 0.252451 0.110032 0.961333 0.41995 
1535380284532 0.246099 0.950891 -0.187726 -0.512827 -0.936354 0.283274 0.207359 -0.231358 0.250353 0.124747 0.960084 0.414191 
1535380285363 0.250923 0.946525 -0.202799 -0.5288 -0.935588 0.290902 0.200128 -0.232431 0.248421 0.13952 0.958552 0.408412 
1535380286204 0.25558 0.941986 -0.217579 -0.544752 -0.934834 0.298175 0.192811 -0.23344 0.246502 0.154122 0.956809 0.402623 
1535380287026 0.26053 0.937089 -0.232354 -0.560675 -0.934051 0.305538 0.184922 -0.234632 0.244281 0.168853 0.95489 0.396848 
1535380287983 0.26544 0.931952 -0.246996 -0.5766 -0.933096 0.312797 0.177456 -0.235721 0.24264 0.183367 0.952629 0.391109 
1535380288901 0.270369 0.926522 -0.261644 -0.592514 -0.932153 0.319899 0.169573 -0.236888 0.240813 0.198045 0.950151 0.385268 
1535380289753 0.275282 0.920836 -0.276189 -0.608475 -0.931139 0.326858 0.161688 -0.237964 0.239163 0.212661 0.947405 0.379462 
1535380289788 0.275182 0.920798 -0.276417 -0.608647 -0.931224 0.326753 0.161414 -0.237983 0.23895 0.212988 0.947385 0.379359 
1535380290113 0.275816 0.920289 -0.277476 -0.609751 -0.931006 0.327574 0.16101 -0.238155 0.239069 0.213923 0.947145 0.37892 
1535380290457 0.27626 0.919737 -0.278862 -0.611413 -0.930912 0.328207 0.160261 -0.238206 0.238922 0.215322 0.946865 0.37841 
1535380290770 0.276716 0.919152 -0.280337 -0.613002 -0.930847 0.328836 0.159344 -0.238367 0.238646 0.216858 0.946584 0.377792 
1535380291090 0.277085 0.918594 -0.281796 -0.614666 -0.930786 0.329398 0.15854 -0.238397 0.238456 0.218363 0.946286 0.377194 
1535380291405 0.277511 0.918012 -0.283269 -0.61629 -0.930694 0.330027 0.15777 -0.238489 0.238321 0.219853 0.945974 0.376613 
1535380291717 0.278119 0.91737 -0.284749 -0.617901 -0.930586 0.330794 0.156795 -0.238672 0.238032 0.221376 0.945692 0.376016 
1535380292085 0.278357 0.916835 -0.286235 -0.619553 -0.930602 0.331194 0.155854 -0.238727 0.237692 0.222988 0.945399 0.375411 
1535380292412 0.278939 0.916205 -0.287683 -0.621151 -0.930483 0.331944 0.154965 -0.238884 0.237474 0.224458 0.945106 0.374826 
1535380292738 0.279365 0.915632 -0.28909 -0.622782 -0.930379 0.332567 0.154254 -0.238986 0.237382 0.22587 0.944792 0.374293 
1535380292775 0.279334 0.915589 -0.289258 -0.622996 -0.930396 0.332557 0.154169 -0.23893 0.23735 0.22606 0.944755 0.374217 
1535380292941 0.279167 0.915531 -0.289602 -0.62307 -0.930477 0.332427 0.153965 -0.238968 0.237231 0.226486 0.944683 0.374152 
1535380293228 0.278881 0.915305 -0.29059 -0.623073 -0.930479 0.3324 0.154011 -0.239026 0.237559 0.227437 0.944372 0.374388 
1535380293534 0.278704 0.91495 -0.291874 -0.623343 -0.930497 0.33248 0.15373 -0.239115 0.237697 0.228742 0.944022 0.374446 
1535380293798 0.278543 0.914592 -0.293147 -0.623561 -0.930509 0.332575 0.153449 -0.239283 0.237836 0.230034 0.943673 0.37452 
1535380294083 0.277978 0.914353 -0.294427 -0.623819 -0.930662 0.332266 0.153195 -0.239298 0.237902 0.231428 0.943315 0.374566 
1535380294364 0.277703 0.914024 -0.295704 -0.624042 -0.930722 0.332238 0.152885 -0.239365 0.237985 0.232762 0.942966 0.374606 
1535380294619 0.277289 0.91372 -0.297028 -0.62433 -0.930825 0.332084 0.152594 -0.239389 0.238066 0.234169 0.942597 0.374604 
1535380294921 0.277115 0.913322 -0.298413 -0.624564 -0.930828 0.332198 0.15233 -0.239541 0.238259 0.235558 0.942202 0.374701 
1535380295221 0.276624 0.912912 -0.300119 -0.624901 -0.930924 0.332063 0.152033 -0.239533 0.238451 0.237332 0.941708 0.374738 
1535380295344 0.276556 0.912784 -0.30057 -0.625013 -0.930979 0.332038 0.151751 -0.239632 0.238316 0.237857 0.94161 0.374773 
1535380295361 0.27656 0.912779 -0.300581 -0.625019 -0.930975 0.332047 0.151757 -0.239638 0.238328 0.237864 0.941605 0.374776 
1535380295497 0.276331 0.912874 -0.300505 -0.625 -0.931018 0.331841 0.151944 -0.239561 0.238426 0.237788 0.9416 0.374809 
1535380295550 0.275804 0.913101 -0.300297 -0.624929 -0.931205 0.331274 0.152035 -0.239604 0.238304 0.237706 0.941651 0.374839 
1535380295667 0.275486 0.913296 -0.299995 -0.624819 -0.931357 0.330862 0.152002 -0.239756 0.23808 0.237528 0.941753 0.374894 
1535380295737 0.274986 0.913421 -0.300074 -0.624822 -0.931505 0.330398 0.152101 -0.239816 0.238077 0.237695 0.941712 0.374956 
1535380295820 0.27449 0.913572 -0.300067 -0.624822 -0.931682 0.329894 0.152113 -0.239884 0.237956 0.237814 0.941712 0.375087 
1535380295882 0.274012 0.913723 -0.300047 -0.62482 -0.931856 0.329401 0.152115 -0.239943 0.237827 0.237919 0.941718 0.37517 
1535380295995 0.273561 0.913861 -0.300037 -0.624808 -0.932023 0.328935 0.1521 -0.240036 0.237691 0.238033 0.941724 0.375237 
1535380296045 0.273024 0.914027 -0.300023 -0.624793 -0.932219 0.328382 0.152096 -0.240094 0.237542 0.238161 0.941729 0.375277 
1535380296078 0.272942 0.91405 -0.300025 -0.624787 -0.93225 0.328297 0.152088 -0.240145 0.237513 0.238187 0.941729 0.375299 
1535380296094 0.272997 0.914031 -0.300032 -0.624781 -0.932233 0.328353 0.152075 -0.240203 0.237518 0.238184 0.941729 0.375316 
1535380296253 0.272535 0.914179 -0.300003 -0.62477 -0.932386 0.327889 0.152137 -0.240342 0.237448 0.238256 0.941728 0.375396 
1535380296392 0.271822 0.914613 -0.299325 -0.624703 -0.932461 0.327229 0.153093 -0.240306 0.237969 0.237495 0.941789 0.375367 
1535380296517 0.27138 0.914783 -0.299209 -0.624646 -0.932574 0.326804 0.153312 -0.240546 0.23803 0.237428 0.941791 0.375356 
1535380296659 0.270855 0.915036 -0.298908 -0.624584 -0.932702 0.326277 0.153655 -0.240707 0.238126 0.237174 0.94183 0.375364 
1535380296793 0.27022 0.915258 -0.298806 -0.624605 -0.932814 0.325727 0.154145 -0.240799 0.238411 0.237077 0.941783 0.375387 
1535380296919 0.269738 0.915507 -0.298478 -0.624564 -0.932908 0.325257 0.154568 -0.240972 0.23859 0.23676 0.941817 0.375423 
1535380297029 0.269177 0.915717 -0.298338 -0.624534 -0.933025 0.324744 0.154942 -0.24111 0.238766 0.23665 0.9418 0.375395 
1535380297157 0.2686 0.915971 -0.29808 -0.624491 -0.93316 0.32418 0.155304 -0.241246 0.238885 0.236441 0.941822 0.375386 
1535380297177 0.268433 0.916048 -0.297993 -0.624481 -0.933208 0.324007 0.15538 -0.241265 0.238887 0.23638 0.941837 0.375402 
1535380297197 0.268284 0.916118 -0.297913 -0.624472 -0.933249 0.323852 0.155451 -0.241283 0.238892 0.236322 0.941851 0.375417 
1535380297328 0.268173 0.916206 -0.297742 -0.624441 -0.933227 0.323771 0.155755 -0.241355 0.239104 0.236092 0.941855 0.375451 
1535380297424 0.268926 0.915952 -0.297843 -0.624428 -0.933012 0.324505 0.155517 -0.241318 0.239098 0.236068 0.941862 0.375311 
1535380297526 0.268908 0.915965 -0.297821 -0.624417 -0.933001 0.3245 0.155594 -0.241293 0.239161 0.236027 0.941856 0.375279 
1535380297638 0.269043 0.916112 -0.297244 -0.62434 -0.932966 0.324526 0.155745 -0.241284 0.239144 0.235416 0.942014 0.375298 
1535380297744 0.269126 0.916112 -0.297171 -0.624324 -0.932909 0.324626 0.15588 -0.241281 0.239272 0.235282 0.942014 0.375297 
1535380297887 0.269555 0.916146 -0.296675 -0.624228 -0.932698 0.325036 0.156287 -0.241337 0.239612 0.23458 0.942103 0.375289 
1535380297964 0.269697 0.916113 -0.296647 -0.624207 -0.932648 0.325175 0.156297 -0.241384 0.239648 0.234515 0.94211 0.375285 
1535380298121 0.270093 0.916146 -0.296186 -0.624123 -0.932469 0.325537 0.156614 -0.241467 0.239901 0.233884 0.942203 0.375245 
1535380298213 0.270222 0.916159 -0.296029 -0.624091 -0.932439 0.325626 0.156605 -0.241507 0.23987 0.233711 0.942253 0.375236 
1535380298370 0.270442 0.916117 -0.295959 -0.624047 -0.932356 0.325843 0.15665 -0.24155 0.239946 0.233574 0.942268 0.37523 
1535380298516 0.270785 0.915961 -0.296127 -0.62391 -0.932301 0.326155 0.156323 -0.241297 0.239769 0.23375 0.942269 0.375337 
1535380298694 0.271609 0.915829 -0.295779 -0.623642 -0.932094 0.32685 0.15611 -0.241263 0.239646 0.233293 0.942414 0.375451 
1535380298835 0.272268 0.915629 -0.295794 -0.623518 -0.931887 0.327496 0.155993 -0.241115 0.239703 0.233175 0.942429 0.375464 
1535380298994 0.272897 0.915482 -0.295669 -0.623268 -0.931794 0.327986 0.155517 -0.241032 0.239348 0.233062 0.942547 0.375518 
1535380299149 0.273569 0.915328 -0.295524 -0.623102 -0.931625 0.328575 0.155284 -0.240907 0.239238 0.232837 0.94263 0.375551 
1535380299295 0.274359 0.915148 -0.295349 -0.622868 -0.93141 0.329282 0.155075 -0.240876 0.23917 0.232545 0.94272 0.375656 
1535380299444 0.274966 0.914978 -0.295312 -0.622732 -0.931222 0.329864 0.154969 -0.240702 0.239206 0.232389 0.942749 0.375733 
1535380299614 0.275836 0.914727 -0.295277 -0.622491 -0.930992 0.330662 0.154649 -0.240735 0.239099 0.232242 0.942812 0.375768 
1535380299650 0.276051 0.914687 -0.2952 -0.622446 -0.930924 0.330858 0.154638 -0.240614 0.239115 0.232121 0.942838 0.375783 
1535380299676 0.276133 0.914679 -0.295147 -0.622414 -0.930901 0.330927 0.154632 -0.240532 0.239111 0.232054 0.942856 0.3758 
1535380299892 0.276355 0.914642 -0.295057 -0.622061 -0.930889 0.33107 0.154393 -0.240407 0.238899 0.231998 0.942923 0.375919 
1535380300073 0.276623 0.914526 -0.295165 -0.621709 -0.930819 0.331336 0.15425 -0.2403 0.238865 0.232076 0.942913 0.37604 
1535380300265 0.277143 0.914373 -0.295152 -0.621315 -0.930691 0.331803 0.154015 -0.240199 0.238759 0.232011 0.942955 0.376167 
1535380300442 0.277201 0.914373 -0.295095 -0.621055 -0.930692 0.331832 0.153949 -0.239928 0.238689 0.231968 0.942984 0.376263 
1535380300623 0.277656 0.914227 -0.295122 -0.620704 -0.930568 0.332259 0.153775 -0.239842 0.238642 0.231935 0.943004 0.376405 
1535380300805 0.278046 0.914138 -0.29503 -0.620365 -0.930517 0.332552 0.153448 -0.239679 0.238386 0.231865 0.943086 0.376518 
1535380300993 0.278321 0.914073 -0.294972 -0.620035 -0.930476 0.332765 0.153237 -0.239499 0.238226 0.231815 0.943138 0.376663 
1535380301173 0.278764 0.91399 -0.294809 -0.619674 -0.930381 0.333124 0.153033 -0.239368 0.238078 0.231624 0.943223 0.376834 
1535380301216 0.27868 0.914038 -0.294739 -0.619556 -0.930409 0.33303 0.15307 -0.239194 0.238069 0.231571 0.943238 0.376903 
1535380301396 0.278985 0.9139 -0.294879 -0.619425 -0.930304 0.333358 0.152994 -0.239269 0.238122 0.231644 0.943207 0.376935 
1535380301617 0.279079 0.913889 -0.294825 -0.618933 -0.930211 0.333501 0.153245 -0.239059 0.238374 0.231482 0.943183 0.377043 
1535380301816 0.278887 0.913934 -0.294866 -0.618518 -0.930197 0.333394 0.153562 -0.238738 0.238652 0.231457 0.943119 0.377157 
1535380302021 0.279063 0.913907 -0.294783 -0.618007 -0.93009 0.3336 0.153761 -0.238558 0.238863 0.231266 0.943112 0.377309 
1535380302226 0.279134 0.913859 -0.294865 -0.617562 -0.929985 0.333764 0.154046 -0.238291 0.239191 0.231221 0.94304 0.377441 
1535380302431 0.279193 0.913846 -0.29485 -0.617106 -0.929949 0.333835 0.154107 -0.238067 0.239262 0.23117 0.943035 0.377576 
1535380302639 0.279361 0.913739 -0.295024 -0.616646 -0.929815 0.334105 0.154329 -0.237862 0.239585 0.231205 0.942944 0.377704 
1535380302836 0.279453 0.913748 -0.294909 -0.616142 -0.929735 0.334224 0.154554 -0.237645 0.239789 0.230997 0.942943 0.377851 
1535380303037 0.279678 0.913665 -0.294952 -0.61568 -0.929583 0.334527 0.15481 -0.237433 0.240114 0.230886 0.942888 0.377978 
1535380303070 0.279548 0.913709 -0.294938 -0.615562 -0.929608 0.334414 0.154906 -0.237319 0.240171 0.230873 0.942876 0.378018 
1535380303216 0.279791 0.913595 -0.295062 -0.615501 -0.929508 0.334694 0.154904 -0.237402 0.240275 0.230922 0.942838 0.378012 
1535380303457 0.279511 0.913765 -0.2948 -0.615123 -0.929626 0.334349 0.154939 -0.237141 0.240144 0.230746 0.942914 0.378148 
1535380303650 0.27958 0.913677 -0.295008 -0.614771 -0.929573 0.334481 0.15497 -0.236914 0.240267 0.230905 0.942844 0.378263 
1535380303825 0.27962 0.913655 -0.295039 -0.614388 -0.929539 0.334546 0.155037 -0.236744 0.240355 0.230898 0.942823 0.378339 
1535380304010 0.279773 0.913623 -0.294992 -0.613974 -0.929534 0.334644 0.154851 -0.236609 0.240193 0.230882 0.942868 0.378449 
1535380304194 0.279665 0.913619 -0.295106 -0.613628 -0.92954 0.334586 0.154943 -0.236379 0.240297 0.230981 0.942818 0.378551 
1535380304379 0.279868 0.913573 -0.295055 -0.613221 -0.929465 0.334785 0.154966 -0.23623 0.240353 0.230874 0.94283 0.378659 
1535380304574 0.279692 0.913639 -0.295018 -0.612855 -0.929512 0.334616 0.155047 -0.23597 0.240375 0.230858 0.942828 0.378761 
1535380304749 0.279917 0.913535 -0.295126 -0.612445 -0.929406 0.334887 0.1551 -0.235858 0.240523 0.230877 0.942786 0.378862 
1535380304783 0.279763 0.913596 -0.295085 -0.612347 -0.929452 0.334733 0.155156 -0.235723 0.240525 0.23086 0.942789 0.3789 
1535380304799 0.279729 0.913619 -0.295045 -0.612302 -0.929468 0.334688 0.155156 -0.235685 0.240501 0.230833 0.942802 0.378915 
1535380304985 0.279713 0.913657 -0.294944 -0.612088 -0.92948 0.334648 0.155167 -0.235563 0.240472 0.230742 0.942832 0.378979 
1535380305169 0.280106 0.913522 -0.294987 -0.611704 -0.929315 0.335075 0.155235 -0.235602 0.240654 0.230654 0.942807 0.379074 
1535380305342 0.280029 0.913583 -0.294872 -0.611426 -0.929307 0.335012 0.15542 -0.23535 0.240774 0.230505 0.942812 0.379169 
1535380305512 0.280268 0.91352 -0.294842 -0.611075 -0.929197 0.335272 0.155517 -0.235291 0.24092 0.23038 0.942806 0.379262 
1535380305696 0.280084 0.913612 -0.294732 -0.610803 -0.929226 0.335102 0.155708 -0.235019 0.241022 0.230261 0.942809 0.379353 
1535380305874 0.280436 0.913533 -0.294642 -0.610434 -0.929091 0.335451 0.155766 -0.234995 0.241135 0.230067 0.942827 0.379444 
1535380306067 0.280349 0.913575 -0.294592 -0.610112 -0.929078 0.335397 0.155957 -0.234774 0.241284 0.229977 0.942811 0.379519 
1535380306234 0.280169 0.913637 -0.294572 -0.60986 -0.929099 0.335254 0.156144 -0.234534 0.241415 0.229939 0.942787 0.379589 
1535380306281 0.279961 0.913763 -0.294378 -0.609708 -0.929171 0.335013 0.156232 -0.234356 0.24138 0.229788 0.942833 0.379645 
1535380306301 0.279911 0.913785 -0.294357 -0.609658 -0.929185 0.334962 0.156254 -0.234325 0.241381 0.229775 0.942835 0.37966 
1535380306459 0.280315 0.913558 -0.294677 -0.609597 -0.929091 0.335376 0.155926 -0.234402 0.241275 0.230073 0.94279 0.379645 
1535380306591 0.280621 0.913518 -0.29451 -0.609335 -0.929091 0.335552 0.155548 -0.234309 0.240919 0.229976 0.942904 0.37973 
1535380306710 0.280712 0.913539 -0.294358 -0.609127 -0.929109 0.335569 0.1554 -0.234066 0.240742 0.229868 0.942976 0.379827 
1535380306831 0.280993 0.913414 -0.294478 -0.608842 -0.929068 0.335816 0.155113 -0.234077 0.240573 0.230004 0.942986 0.379905 
1535380306943 0.281153 0.913379 -0.294435 -0.608632 -0.929088 0.335896 0.154819 -0.233876 0.240308 0.230028 0.943048 0.379955 
1535380307080 0.281177 0.913404 -0.294336 -0.608395 -0.929173 0.335813 0.154488 -0.233717 0.239952 0.230051 0.943133 0.380011 
1535380307206 0.281463 0.913324 -0.29431 -0.60815 -0.929124 0.336046 0.154278 -0.233587 0.239807 0.230027 0.943176 0.380077 
1535380307340 0.28181 0.913207 -0.29434 -0.607879 -0.929092 0.336312 0.153888 -0.233545 0.239521 0.230102 0.94323 0.380124 
1535380307368 0.281951 0.91315 -0.294382 -0.607825 -0.929065 0.336439 0.153777 -0.233591 0.239463 0.230143 0.943235 0.380118 
1535380307397 0.281978 0.913136 -0.294399 -0.607767 -0.929073 0.336453 0.153699 -0.233573 0.239399 0.230178 0.943242 0.380126 
1535380307422 0.281906 0.913165 -0.294378 -0.607717 -0.929104 0.336372 0.153688 -0.233499 0.239363 0.230182 0.94325 0.380151 
1535380307656 0.281746 0.913299 -0.294114 -0.607479 -0.929126 0.3362 0.153933 -0.233265 0.239468 0.229899 0.943293 0.380221 
1535380307849 0.28186 0.913315 -0.293957 -0.607306 -0.929084 0.336289 0.153987 -0.233196 0.239493 0.229708 0.943333 0.380275 
1535380308033 0.28196 0.91329 -0.293939 -0.6071 -0.929035 0.336399 0.154044 -0.233136 0.239567 0.229646 0.943329 0.380334 
1535380308233 0.282028 0.91329 -0.293873 -0.606871 -0.929026 0.336442 0.154004 -0.233054 0.239521 0.229582 0.943357 0.380401 
1535380308450 0.281993 0.91336 -0.293689 -0.606658 -0.929041 0.336373 0.154062 -0.232858 0.239503 0.229404 0.943404 0.38047 
1535380308636 0.282144 0.913299 -0.293733 -0.606476 -0.92898 0.33654 0.154069 -0.232874 0.239564 0.229402 0.943389 0.380504 
1535380308831 0.28211 0.91333 -0.293669 -0.606276 -0.928976 0.33651 0.154157 -0.232739 0.239619 0.229322 0.943395 0.380562 
1535380309041 0.282209 0.913313 -0.293628 -0.606053 -0.928927 0.336616 0.154222 -0.232656 0.239693 0.229236 0.943397 0.380621 
1535380309063 0.282214 0.913307 -0.293641 -0.606027 -0.928922 0.336626 0.154231 -0.232654 0.239708 0.229244 0.943392 0.380627 
1535380309078 0.282264 0.91329 -0.293646 -0.606015 -0.928906 0.336675 0.15422 -0.232675 0.239712 0.229239 0.943392 0.380628 
1535380309111 0.282324 0.913269 -0.293656 -0.606017 -0.928885 0.336736 0.154209 -0.232691 0.239719 0.229235 0.943391 0.380624 
1535380309313 0.282547 0.913464 -0.292832 -0.605944 -0.928875 0.336756 0.15423 -0.232565 0.239497 0.228427 0.943643 0.380531 
1535380309358 0.282513 0.913491 -0.292782 -0.605913 -0.928904 0.336697 0.154184 -0.232492 0.239424 0.228407 0.943666 0.380508 
1535380309494 0.282658 0.913531 -0.292516 -0.605794 -0.928908 0.336745 0.154056 -0.23237 0.239238 0.228175 0.94377 0.380479 
1535380309551 0.282665 0.913569 -0.29239 -0.60571 -0.928931 0.336706 0.154002 -0.232351 0.239141 0.228079 0.943817 0.38047 
1535380309675 0.282877 0.913606 -0.292071 -0.605574 -0.928873 0.336848 0.154037 -0.232286 0.239113 0.227723 0.943911 0.38044 
1535380309728 0.282793 0.913709 -0.29183 -0.605491 -0.928915 0.336712 0.154084 -0.232176 0.239051 0.227511 0.943977 0.38046 
1535380309885 0.28352 0.913684 -0.2912 -0.605226 -0.928722 0.337274 0.154021 -0.232221 0.238941 0.226775 0.944182 0.380485 
1535380309908 0.283512 0.913709 -0.29113 -0.605196 -0.928731 0.337248 0.15402 -0.232216 0.238913 0.226715 0.944204 0.380486 
1535380309938 0.283433 0.91374 -0.291111 -0.60519 -0.928755 0.337169 0.154048 -0.232174 0.238914 0.226708 0.944205 0.380484 
1535380310095 0.283222 0.91379 -0.29116 -0.605163 -0.928875 0.336923 0.153862 -0.231947 0.238696 0.226874 0.944221 0.380468 
1535380310131 0.283226 0.913897 -0.29082 -0.60503 -0.928905 0.33684 0.153866 -0.23173 0.238578 0.226565 0.944325 0.380517 
1535380310283 0.283982 0.913892 -0.290096 -0.6047 -0.928769 0.337352 0.153567 -0.231854 0.238208 0.225822 0.944596 0.38055 
1535380310336 0.284135 0.914004 -0.289592 -0.604511 -0.928791 0.337348 0.153442 -0.231668 0.23794 0.225372 0.944771 0.380601 
1535380310434 0.284111 0.914168 -0.289098 -0.604336 -0.928889 0.337156 0.15327 -0.231464 0.237585 0.224994 0.94495 0.380583 
1535380310501 0.28441 0.914224 -0.288627 -0.604113 -0.928857 0.337307 0.15313 -0.23137 0.23735 0.224541 0.945117 0.380568 
1535380310585 0.284841 0.914243 -0.288142 -0.603865 -0.928776 0.33759 0.152999 -0.231343 0.237152 0.224039 0.945286 0.380597 
1535380310616 0.285023 0.914237 -0.28798 -0.603784 -0.928725 0.337732 0.152995 -0.231268 0.237133 0.223847 0.945336 0.380612 
1535380310632 0.285085 0.914243 -0.287901 -0.603748 -0.928709 0.337776 0.152997 -0.231226 0.237122 0.223759 0.94536 0.380618 
1535380311058 0.284963 0.914331 -0.28774 -0.60345 -0.928743 0.337635 0.153099 -0.231099 0.237134 0.223609 0.945392 0.380688 
1535380311226 0.285087 0.914441 -0.287266 -0.603103 -0.92872 0.33766 0.153183 -0.230898 0.237075 0.223119 0.945523 0.380817 
1535380311391 0.285391 0.914427 -0.287012 -0.602734 -0.928657 0.33788 0.153082 -0.230856 0.236958 0.222848 0.945616 0.380865 
1535380311520 0.285488 0.91451 -0.28665 -0.602372 -0.928661 0.33788 0.153052 -0.230713 0.236821 0.222506 0.945731 0.38094 
1535380311667 0.285856 0.914518 -0.286256 -0.602019 -0.928538 0.338176 0.153149 -0.230557 0.236863 0.222021 0.945834 0.381031 
1535380311802 0.28569 0.914726 -0.285758 -0.60171 -0.92863 0.337895 0.153208 -0.230277 0.2367 0.221594 0.945975 0.381143 
1535380311950 0.285915 0.914751 -0.285454 -0.601329 -0.928611 0.338013 0.153067 -0.2302 0.236506 0.221312 0.94609 0.381166 
1535380312122 0.28628 0.914757 -0.285067 -0.600958 -0.928491 0.338304 0.153151 -0.230065 0.236535 0.220839 0.946193 0.381233 
1535380312157 0.286204 0.914831 -0.284906 -0.600823 -0.928525 0.338195 0.153185 -0.229992 0.236492 0.2207 0.946236 0.381284 
1535380312174 0.28617 0.914861 -0.284843 -0.600773 -0.92854 0.338148 0.1532 -0.229959 0.236476 0.220647 0.946253 0.381304 
1535380312357 0.2866 0.914817 -0.284552 -0.600589 -0.928434 0.338485 0.153094 -0.229797 0.23637 0.220311 0.946357 0.381336 
1535380312534 0.287174 0.914742 -0.284217 -0.600215 -0.928364 0.338879 0.152649 -0.22976 0.23595 0.22002 0.94653 0.381337 
1535380312693 0.287492 0.914805 -0.283691 -0.599917 -0.928342 0.339024 0.152456 -0.229525 0.235646 0.219533 0.946719 0.381484 
1535380312847 0.287678 0.914844 -0.283378 -0.599592 -0.928361 0.339079 0.152218 -0.229373 0.235343 0.219287 0.946851 0.381512 
1535380313009 0.288023 0.914858 -0.282979 -0.599278 -0.928302 0.3393 0.15209 -0.229167 0.235156 0.218885 0.946991 0.381575 
1535380313177 0.288172 0.914932 -0.282587 -0.598976 -0.928325 0.339312 0.151918 -0.228927 0.23488 0.218554 0.947135 0.381605 
1535380313354 0.288744 0.914877 -0.282183 -0.598569 -0.928224 0.339723 0.151622 -0.22882 0.234579 0.218149 0.947303 0.381632 
1535380313518 0.289009 0.914924 -0.281757 -0.598296 -0.92826 0.339796 0.151236 -0.228668 0.234109 0.217835 0.947492 0.381722 
1535380313558 0.288959 0.914997 -0.281573 -0.598178 -0.928301 0.339694 0.151216 -0.228519 0.23401 0.217689 0.94755 0.381758 
1535380313575 0.288923 0.915029 -0.281505 -0.598134 -0.928322 0.339639 0.151207 -0.228467 0.233969 0.217639 0.947571 0.381773 
1535380313694 0.289244 0.914986 -0.281315 -0.59802 -0.928275 0.339866 0.150985 -0.228538 0.233759 0.217466 0.947663 0.381764 
1535380313784 0.2898 0.915184 -0.280096 -0.597789 -0.92809 0.340208 0.151349 -0.228349 0.233803 0.216093 0.947966 0.381804 
1535380313901 0.290201 0.915293 -0.279322 -0.597455 -0.927963 0.340467 0.151549 -0.228229 0.233812 0.215221 0.948162 0.38179 
1535380313976 0.290627 0.915348 -0.278699 -0.597218 -0.927854 0.34075 0.15158 -0.22806 0.233715 0.214538 0.948341 0.38176 
1535380314101 0.290971 0.915469 -0.277945 -0.596933 -0.92777 0.340933 0.151683 -0.227891 0.233622 0.213733 0.948546 0.381734 
1535380314185 0.291094 0.915727 -0.276962 -0.596627 -0.927773 0.34085 0.151851 -0.227648 0.233457 0.212755 0.948806 0.3818 
1535380314303 0.291759 0.915702 -0.276344 -0.596391 -0.927597 0.341356 0.151788 -0.227536 0.233324 0.21205 0.948997 0.381793 
1535380314362 0.292033 0.915871 -0.275495 -0.596104 -0.927555 0.341438 0.15186 -0.227383 0.233149 0.211189 0.949232 0.381823 
1535380314395 0.29212 0.915883 -0.275362 -0.596025 -0.927536 0.341492 0.151855 -0.227391 0.233115 0.211049 0.949271 0.381807 
1535380314613 0.291784 0.915849 -0.275833 -0.595757 -0.927433 0.341436 0.152606 -0.227178 0.233944 0.211288 0.949014 0.381993 
1535380314805 0.290869 0.915603 -0.27761 -0.595556 -0.927363 0.341178 0.153607 -0.227237 0.235357 0.212766 0.948334 0.382138 
1535380315006 0.29016 0.915384 -0.279067 -0.595173 -0.927146 0.341141 0.154994 -0.227143 0.237081 0.213763 0.947681 0.382322 
1535380315195 0.289819 0.915059 -0.280487 -0.594759 -0.926863 0.341406 0.1561 -0.227173 0.238601 0.214732 0.94708 0.382558 
1535380315400 0.28912 0.914906 -0.281702 -0.594375 -0.926716 0.341272 0.15726 -0.227094 0.240015 0.215591 0.946527 0.382814 
1535380315591 0.288176 0.914781 -0.283072 -0.594036 -0.926611 0.340963 0.158546 -0.226904 0.241552 0.216608 0.945903 0.383033 
1535380315783 0.287993 0.914355 -0.284632 -0.593563 -0.92627 0.341416 0.159559 -0.22711 0.243072 0.217694 0.945265 0.38324 
1535380315989 0.287112 0.914185 -0.286062 -0.593208 -0.926165 0.341163 0.160708 -0.226956 0.244511 0.218799 0.944638 0.383401 
1535380316194 0.286232 0.91407 -0.287311 -0.592867 -0.926038 0.340898 0.161995 -0.22676 0.246019 0.219692 0.944039 0.383604 
1535380316227 0.286017 0.914029 -0.287655 -0.592756 -0.925997 0.340849 0.16233 -0.22673 0.246421 0.219939 0.943877 0.383665 
1535380316246 0.285956 0.913989 -0.287841 -0.592688 -0.925948 0.340884 0.162536 -0.226744 0.246677 0.220048 0.943785 0.383719 
1535380316263 0.285967 0.913959 -0.287926 -0.592662 -0.92591 0.340941 0.162633 -0.226767 0.246806 0.220085 0.943742 0.383746 
1535380316443 0.28575 0.914122 -0.287624 -0.592431 -0.925992 0.340667 0.162744 -0.226529 0.246752 0.219833 0.943815 0.383799 
1535380316516 0.285679 0.914065 -0.287875 -0.592173 -0.925929 0.34072 0.162992 -0.226536 0.24707 0.219988 0.943696 0.383822 
1535380316650 0.285399 0.914003 -0.288351 -0.59197 -0.925779 0.340747 0.163784 -0.226394 0.247953 0.220205 0.943413 0.383842 
1535380316738 0.285445 0.91392 -0.288568 -0.591693 -0.925629 0.34095 0.164205 -0.226432 0.248458 0.220236 0.943274 0.383992 
1535380316868 0.28531 0.913943 -0.288629 -0.591468 -0.925553 0.340937 0.164665 -0.22629 0.248899 0.22016 0.943175 0.384123 
1535380316961 0.285331 0.913814 -0.289015 -0.591207 -0.925427 0.341131 0.164967 -0.226349 0.249341 0.220392 0.943004 0.384192 
1535380317082 0.284863 0.913921 -0.28914 -0.591005 -0.925471 0.340796 0.165412 -0.226167 0.249711 0.220471 0.942888 0.384279 
1535380317118 0.284876 0.913876 -0.289267 -0.590915 -0.925425 0.340868 0.165522 -0.226194 0.249869 0.220542 0.942829 0.384291 
1535380317136 0.284883 0.913857 -0.289323 -0.590858 -0.9254 0.340906 0.165587 -0.226205 0.249955 0.220566 0.942801 0.384305 
1535380317289 0.284967 0.913789 -0.289454 -0.59085 -0.925298 0.341077 0.165804 -0.226186 0.250236 0.220583 0.942722 0.384324 
1535380317442 0.284679 0.913959 -0.289201 -0.590815 -0.92541 0.340735 0.165883 -0.226008 0.250151 0.220406 0.942786 0.384287 
1535380317602 0.284883 0.913845 -0.289361 -0.590659 -0.925303 0.340997 0.165937 -0.226127 0.250312 0.220474 0.942728 0.384313 
1535380317738 0.284756 0.913877 -0.289385 -0.590563 -0.925278 0.340937 0.1662 -0.226044 0.250549 0.220435 0.942674 0.384376 
1535380317866 0.284772 0.913895 -0.28931 -0.590384 -0.925171 0.341029 0.166609 -0.225968 0.250926 0.220215 0.942625 0.384373 
1535380318002 0.284706 0.913814 -0.289631 -0.590302 -0.925091 0.341112 0.16688 -0.2259 0.251294 0.220423 0.942478 0.384348 
1535380318136 0.284572 0.913866 -0.289598 -0.590141 -0.925084 0.341021 0.167108 -0.225784 0.251473 0.220348 0.942448 0.384399 
1535380318289 0.284736 0.913788 -0.289685 -0.589975 -0.924928 0.341285 0.167431 -0.225855 0.251862 0.220264 0.942364 0.384423 
1535380318483 0.28465 0.913802 -0.289724 -0.589802 -0.924851 0.3413 0.167823 -0.22578 0.25224 0.220181 0.942282 0.384486 
1535380318508 0.284721 0.913771 -0.289754 -0.589773 -0.924818 0.341383 0.167836 -0.225823 0.252281 0.220184 0.94227 0.384489 
1535380318752 0.284729 0.913787 -0.289693 -0.589972 -0.924872 0.341331 0.167646 -0.225805 0.252073 0.220195 0.942323 0.38442 
1535380319002 0.284687 0.91381 -0.289664 -0.589926 -0.924906 0.341267 0.167587 -0.22582 0.251995 0.220202 0.942343 0.384425 
1535380319238 0.284539 0.91388 -0.289589 -0.589856 -0.924962 0.341102 0.167612 -0.225769 0.251957 0.220166 0.942361 0.384449 
1535380319486 0.28451 0.913889 -0.289586 -0.589831 -0.924968 0.341077 0.16763 -0.225751 0.251967 0.220166 0.942359 0.384458 
1535380319502 0.284511 0.913889 -0.289586 -0.589831 -0.924968 0.341077 0.16763 -0.225751 0.251967 0.220165 0.942359 0.384458 
1535380319738 0.284752 0.913788 -0.289669 -0.589732 -0.924867 0.341346 0.167639 -0.225875 0.252064 0.22017 0.942332 0.384469 
1535380320065 0.284761 0.913811 -0.289587 -0.589723 -0.924822 0.341377 0.167828 -0.225777 0.252222 0.220025 0.942323 0.384488 
1535380320312 0.284761 0.913823 -0.289549 -0.589709 -0.924809 0.341381 0.167891 -0.22574 0.252269 0.219968 0.942324 0.38451 
1535380320571 0.284723 0.913851 -0.2895 -0.589619 -0.924813 0.341343 0.167949 -0.225735 0.252299 0.219914 0.942329 0.384539 
1535380321510 0.276478 0.914946 -0.293996 -0.576797 -0.927214 0.33439 0.168691 -0.219447 0.252653 0.225958 0.940803 0.394029 
1535380322443 0.268793 0.915723 -0.298667 -0.563663 -0.929448 0.327953 0.169034 -0.213302 0.252737 0.23216 0.939269 0.40401 
1535380323363 0.261336 0.91631 -0.303446 -0.55051 -0.931543 0.321773 0.169381 -0.207296 0.252846 0.238407 0.937673 0.413904 
1535380324265 0.253498 0.916933 -0.308176 -0.537356 -0.933676 0.315237 0.169926 -0.201115 0.252959 0.24466 0.93603 0.423881 
1535380325149 0.246187 0.917267 -0.31307 -0.524189 -0.9356 0.309248 0.170348 -0.195198 0.253071 0.250971 0.934328 0.433813 
1535380326041 0.238684 0.917614 -0.317827 -0.511061 -0.937505 0.303075 0.170968 -0.189074 0.253208 0.257157 0.932607 0.443778 
1535380326901 0.23084 0.918061 -0.3223 -0.497911 -0.939552 0.296418 0.171404 -0.182982 0.252895 0.263251 0.930991 0.453704 
1535380326914 0.231115 0.917981 -0.322329 -0.497809 -0.939476 0.29669 0.171345 -0.183067 0.252923 0.263221 0.930991 0.453836 
1535380326933 0.231583 0.917853 -0.32236 -0.497684 -0.939332 0.297168 0.17131 -0.183178 0.253033 0.263131 0.930987 0.454032 
1535380328751 0.231635 0.917877 -0.322252 -0.497651 -0.939339 0.297176 0.171255 -0.183226 0.252957 0.263035 0.931035 0.45405 
1535380329243 0.228689 0.918139 -0.323609 -0.494084 -0.940043 0.29467 0.171721 -0.181207 0.253022 0.264936 0.930478 0.456629 
1535380329706 0.226426 0.918198 -0.325029 -0.490102 -0.940567 0.292829 0.172004 -0.179403 0.253111 0.266766 0.92993 0.459664 
1535380330173 0.224457 0.91823 -0.3263 -0.486086 -0.941102 0.291146 0.171932 -0.177691 0.252874 0.268491 0.929499 0.46274 
1535380330644 0.221877 0.918293 -0.327887 -0.482174 -0.941727 0.289 0.17213 -0.175809 0.252824 0.270588 0.928904 0.465683 
1535380331130 0.21965 0.918313 -0.329326 -0.478234 -0.942226 0.2872 0.172413 -0.17392 0.252911 0.272429 0.928342 0.46866 
1535380331607 0.217164 0.918428 -0.330649 -0.474286 -0.942862 0.285048 0.17251 -0.172088 0.252689 0.274294 0.927853 0.471639 
1535380332070 0.215078 0.918369 -0.332175 -0.470303 -0.943315 0.283402 0.172745 -0.170319 0.252782 0.276192 0.927264 0.474671 
1535380332560 0.212942 0.918433 -0.333373 -0.46632 -0.943786 0.281637 0.173057 -0.168499 0.252832 0.277781 0.926776 0.477753 
1535380333017 0.210645 0.918432 -0.33483 -0.462368 -0.944349 0.279704 0.173122 -0.166701 0.252654 0.27973 0.926238 0.480728 
1535380335481 0.211068 0.918264 -0.335024 -0.462016 -0.944164 0.280237 0.173267 -0.1667 0.252991 0.279747 0.926141 0.481143 
