1537388541284 0.237045 0.920368 -0.311018 -0.619411 -0.937328 0.300831 0.17583 -0.244891 0.255392 0.249846 0.933998 0.384634 
1537388541567 0.237236 0.920718 -0.309835 -0.620358 -0.937479 0.300592 0.175435 -0.245258 0.25466 0.248844 0.934465 0.384087 
1537388541798 0.23869 0.920788 -0.308508 -0.621945 -0.937597 0.301241 0.173686 -0.246416 0.252862 0.247799 0.935231 0.38296 
1537388542029 0.239139 0.921386 -0.306365 -0.623684 -0.937887 0.300867 0.172764 -0.247176 0.251358 0.246021 0.936105 0.381909 
1537388542266 0.238784 0.922291 -0.303911 -0.625454 -0.938501 0.299559 0.171699 -0.24758 0.249395 0.244222 0.937101 0.380849 
1537388542505 0.239686 0.9227 -0.301952 -0.6272 -0.93874 0.299592 0.170327 -0.248538 0.247623 0.242629 0.937984 0.379669 
1537388542768 0.240037 0.923359 -0.29965 -0.628981 -0.939123 0.299039 0.169185 -0.249247 0.245825 0.240798 0.938928 0.37854 
1537388543069 0.240861 0.92378 -0.297686 -0.630636 -0.939368 0.299017 0.16786 -0.250176 0.244079 0.239206 0.939791 0.37756 
1537388543362 0.240693 0.924571 -0.295357 -0.632432 -0.939929 0.297929 0.166652 -0.250764 0.242077 0.237502 0.94074 0.376314 
1537388543558 0.240181 0.925374 -0.293252 -0.633559 -0.940449 0.29668 0.165941 -0.250924 0.24056 0.235932 0.941524 0.375665 
1537388543595 0.240606 0.925424 -0.292744 -0.63382 -0.940456 0.296881 0.165544 -0.251157 0.240108 0.235482 0.941752 0.375436 
1537388543612 0.240665 0.925481 -0.292516 -0.63397 -0.940489 0.29685 0.165413 -0.251197 0.23992 0.235298 0.941846 0.375307 
1537388543629 0.2407 0.92553 -0.29233 -0.634082 -0.940519 0.296811 0.165311 -0.251226 0.239767 0.235152 0.941921 0.375211 
1537388543653 0.240738 0.925584 -0.292128 -0.634197 -0.940549 0.296773 0.165208 -0.25125 0.23961 0.234988 0.942002 0.375112 
1537388543858 0.239249 0.925675 -0.293063 -0.634817 -0.940768 0.295679 0.165921 -0.251273 0.240242 0.236008 0.941586 0.375138 
1537388543940 0.237928 0.924986 -0.296295 -0.635724 -0.940664 0.295436 0.166941 -0.251682 0.241955 0.238994 0.940393 0.375323 
1537388544046 0.236599 0.924459 -0.298992 -0.636625 -0.940631 0.295024 0.16785 -0.251938 0.243381 0.241528 0.939377 0.375393 
1537388544271 0.234843 0.923927 -0.302006 -0.638109 -0.940732 0.294243 0.168654 -0.252533 0.244687 0.244499 0.938269 0.375192 
1537388544301 0.234497 0.923758 -0.302792 -0.638502 -0.940724 0.294153 0.168859 -0.252769 0.245052 0.245247 0.937978 0.375182 
1537388544331 0.23417 0.923584 -0.303575 -0.638879 -0.940701 0.294091 0.169095 -0.252947 0.245452 0.245976 0.937683 0.375186 
1537388544348 0.234031 0.923566 -0.303737 -0.638971 -0.940708 0.294015 0.169185 -0.252963 0.245556 0.246133 0.937614 0.375198 
1537388544365 0.233511 0.923601 -0.30403 -0.639203 -0.94078 0.293633 0.169448 -0.25291 0.245775 0.246458 0.937472 0.375236 
1537388544381 0.233222 0.923631 -0.30416 -0.639332 -0.940818 0.293416 0.169611 -0.252816 0.245903 0.246603 0.9374 0.375261 
1537388544428 0.23249 0.923631 -0.304721 -0.639624 -0.940921 0.292904 0.169927 -0.252663 0.246204 0.247212 0.937161 0.375246 
1537388544655 0.230898 0.922663 -0.308834 -0.64098 -0.941021 0.292448 0.17016 -0.253335 0.247318 0.25133 0.935771 0.375366 
1537388544740 0.230386 0.922124 -0.310821 -0.641662 -0.94097 0.292509 0.170333 -0.25362 0.247986 0.253231 0.935081 0.375405 
1537388544845 0.229271 0.921465 -0.313588 -0.642582 -0.941018 0.292196 0.170606 -0.254044 0.248836 0.255977 0.934107 0.375546 
1537388544853 0.228967 0.921398 -0.314007 -0.64276 -0.941064 0.292014 0.170662 -0.254056 0.248942 0.256425 0.933956 0.375572 
