1531918601475 0 0 0 0 0 0 0 0 0 0 0 0 
1531918604517 0 0 0 0 0 0 0 0 0 0 0 0 
1531918604527 -0.186319 0.845148 -0.501008 -0.595444 -0.975422 -0.098067 0.19732 -0.251671 0.117632 0.525459 0.842648 0.409373 
1531918604537 -0.187231 0.845419 -0.500212 -0.597087 -0.97521 -0.098835 0.197982 -0.254964 0.11794 0.52488 0.842966 0.40735 
1531918604547 -0.187247 0.845429 -0.500188 -0.597265 -0.975206 -0.0988475 0.197997 -0.255093 0.11795 0.524861 0.842976 0.40726 
1531918604557 -0.18725 0.845429 -0.500187 -0.597275 -0.975206 -0.0988521 0.197995 -0.255107 0.117946 0.52486 0.842977 0.407257 
1531918604567 -0.187251 0.845429 -0.500187 -0.597273 -0.975206 -0.0988555 0.197993 -0.255114 0.117943 0.52486 0.842978 0.407258 
1531918604577 -0.187253 0.845429 -0.500187 -0.597271 -0.975206 -0.0988578 0.197991 -0.255119 0.11794 0.524859 0.842978 0.407259 
1531918604587 -0.187253 0.845429 -0.500186 -0.597269 -0.975206 -0.0988592 0.19799 -0.255122 0.117939 0.524859 0.842979 0.40726 
1531918604597 -0.187254 0.845429 -0.500186 -0.597268 -0.975206 -0.09886 0.19799 -0.255123 0.117938 0.524859 0.842979 0.407261 
1531918604607 -0.187253 0.845429 -0.500186 -0.59726 -0.975206 -0.0988593 0.19799 -0.255118 0.117938 0.524859 0.842979 0.407261 
1531918604624 -0.187253 0.845429 -0.500186 -0.59726 -0.975206 -0.0988593 0.19799 -0.255118 0.117938 0.524859 0.842979 0.407261 
1531918604627 0 0 0 0 0 0 0 0 0 0 0 0 
1531918604637 -0.187254 0.845429 -0.500186 -0.597267 -0.975206 -0.0988608 0.197989 -0.255126 0.117937 0.524859 0.842979 0.407261 
1531918604647 -0.187254 0.845429 -0.500186 -0.597268 -0.975206 -0.0988609 0.197989 -0.255126 0.117937 0.524859 0.842979 0.407261 
1531918604657 -0.187254 0.845429 -0.500186 -0.597268 -0.975206 -0.0988609 0.197989 -0.255126 0.117937 0.524859 0.842979 0.407261 
1531918604667 -0.187254 0.845429 -0.500186 -0.597268 -0.975206 -0.0988609 0.197989 -0.255126 0.117937 0.524859 0.842979 0.407261 
1531918604677 -0.187254 0.845429 -0.500186 -0.597268 -0.975206 -0.0988609 0.197989 -0.255126 0.117937 0.524859 0.842979 0.407261 
1531918604687 -0.187254 0.845429 -0.500186 -0.597268 -0.975206 -0.0988609 0.197989 -0.255126 0.117937 0.524859 0.842979 0.407261 
1531918604697 -0.187254 0.845429 -0.500186 -0.597268 -0.975206 -0.0988609 0.197989 -0.255126 0.117937 0.524859 0.842979 0.407261 
1531918604707 -0.187254 0.845429 -0.500186 -0.597268 -0.975206 -0.0988609 0.197989 -0.255126 0.117937 0.524859 0.842979 0.407261 
1531918604717 -0.187254 0.845429 -0.500186 -0.597268 -0.975206 -0.0988609 0.197989 -0.255126 0.117937 0.524859 0.842979 0.407261 
1531918604734 -0.187254 0.845429 -0.500186 -0.597268 -0.975206 -0.0988609 0.197989 -0.255126 0.117937 0.524859 0.842979 0.407261 
1531918604737 0 0 0 0 0 0 0 0 0 0 0 0 
1531918604747 -0.187254 0.845429 -0.500186 -0.597268 -0.975206 -0.0988609 0.197989 -0.255126 0.117937 0.524859 0.842979 0.407261 
1531918604757 -0.187254 0.845429 -0.500186 -0.597268 -0.975206 -0.0988609 0.197989 -0.255126 0.117937 0.524859 0.842979 0.407261 
1531918604767 -0.187254 0.845429 -0.500186 -0.597268 -0.975206 -0.0988609 0.197989 -0.255126 0.117937 0.524859 0.842979 0.407261 
1531918604777 -0.187254 0.845429 -0.500186 -0.597268 -0.975206 -0.0988609 0.197989 -0.255126 0.117937 0.524859 0.842979 0.407261 
1531918604787 -0.187254 0.845429 -0.500186 -0.597268 -0.975206 -0.0988609 0.197989 -0.255126 0.117937 0.524859 0.842979 0.407261 
1531918604797 -0.187254 0.845429 -0.500186 -0.597268 -0.975206 -0.0988609 0.197989 -0.255126 0.117937 0.524859 0.842979 0.407261 
1531918604807 -0.187254 0.845429 -0.500186 -0.597268 -0.975206 -0.0988609 0.197989 -0.255126 0.117937 0.524859 0.842979 0.407261 
1531918604817 -0.187254 0.845429 -0.500186 -0.597268 -0.975206 -0.0988609 0.197989 -0.255126 0.117937 0.524859 0.842979 0.407261 
1531918604827 -0.187254 0.845429 -0.500186 -0.597268 -0.975206 -0.0988609 0.197989 -0.255126 0.117937 0.524859 0.842979 0.407261 
1531918604844 -0.187254 0.845429 -0.500186 -0.597268 -0.975206 -0.0988609 0.197989 -0.255126 0.117937 0.524859 0.842979 0.407261 
1531918604847 0 0 0 0 0 0 0 0 0 0 0 0 
1531918604857 -0.187254 0.845429 -0.500186 -0.597268 -0.975206 -0.0988609 0.197989 -0.255126 0.117937 0.524859 0.842979 0.407261 
1531918604867 -0.187254 0.845429 -0.500186 -0.597268 -0.975206 -0.0988609 0.197989 -0.255126 0.117937 0.524859 0.842979 0.407261 
1531918604877 -0.187254 0.845429 -0.500186 -0.597268 -0.975206 -0.0988609 0.197989 -0.255126 0.117937 0.524859 0.842979 0.407261 
1531918604887 -0.187254 0.845429 -0.500186 -0.597268 -0.975206 -0.0988609 0.197989 -0.255126 0.117937 0.524859 0.842979 0.407261 
1531918604897 -0.187254 0.845429 -0.500186 -0.597268 -0.975206 -0.0988609 0.197989 -0.255126 0.117937 0.524859 0.842979 0.407261 
1531918604907 -0.187254 0.845429 -0.500186 -0.597268 -0.975206 -0.0988609 0.197989 -0.255126 0.117937 0.524859 0.842979 0.407261 
1531918604917 -0.187254 0.845429 -0.500186 -0.597268 -0.975206 -0.0988609 0.197989 -0.255126 0.117937 0.524859 0.842979 0.407261 
1531918604927 -0.187254 0.845429 -0.500186 -0.597268 -0.975206 -0.0988609 0.197989 -0.255126 0.117937 0.524859 0.842979 0.407261 
1531918604937 -0.187254 0.845429 -0.500186 -0.597268 -0.975206 -0.0988609 0.197989 -0.255126 0.117937 0.524859 0.842979 0.407261 
1531918604954 -0.187254 0.845429 -0.500186 -0.597268 -0.975206 -0.0988609 0.197989 -0.255126 0.117937 0.524859 0.842979 0.407261 
1531918604957 0 0 0 0 0 0 0 0 0 0 0 0 
1531918604967 -0.187254 0.845429 -0.500186 -0.597268 -0.975206 -0.0988609 0.197989 -0.255126 0.117937 0.524859 0.842979 0.407261 
1531918604977 -0.187254 0.845429 -0.500186 -0.597268 -0.975206 -0.0988609 0.197989 -0.255126 0.117937 0.524859 0.842979 0.407261 
1531918604987 -0.187254 0.845429 -0.500186 -0.597268 -0.975206 -0.0988609 0.197989 -0.255126 0.117937 0.524859 0.842979 0.407261 
1531918604997 -0.187254 0.845429 -0.500186 -0.597268 -0.975206 -0.0988609 0.197989 -0.255126 0.117937 0.524859 0.842979 0.407261 
1531918605007 -0.187254 0.845429 -0.500186 -0.597268 -0.975206 -0.0988609 0.197989 -0.255126 0.117937 0.524859 0.842979 0.407261 
1531918605017 -0.187254 0.845429 -0.500186 -0.597268 -0.975206 -0.0988609 0.197989 -0.255126 0.117937 0.524859 0.842979 0.407261 
1531918605027 -0.187254 0.845429 -0.500186 -0.597268 -0.975206 -0.0988609 0.197989 -0.255126 0.117937 0.524859 0.842979 0.407261 
1531918605037 -0.187254 0.845429 -0.500186 -0.597268 -0.975206 -0.0988609 0.197989 -0.255126 0.117937 0.524859 0.842979 0.407261 
1531918605047 -0.187254 0.845429 -0.500186 -0.597268 -0.975206 -0.0988609 0.197989 -0.255126 0.117937 0.524859 0.842979 0.407261 
1531918605064 -0.187254 0.845429 -0.500186 -0.597268 -0.975206 -0.0988609 0.197989 -0.255126 0.117937 0.524859 0.842979 0.407261 
1531918605067 0 0 0 0 0 0 0 0 0 0 0 0 
1531918605077 -0.187254 0.845429 -0.500186 -0.597268 -0.975206 -0.0988609 0.197989 -0.255126 0.117937 0.524859 0.842979 0.407261 
1531918605087 -0.187254 0.845429 -0.500186 -0.597268 -0.975206 -0.0988609 0.197989 -0.255126 0.117937 0.524859 0.842979 0.407261 
1531918605097 -0.187254 0.845429 -0.500186 -0.597268 -0.975206 -0.0988609 0.197989 -0.255126 0.117937 0.524859 0.842979 0.407261 
1531918605107 -0.187254 0.845429 -0.500186 -0.597268 -0.975206 -0.0988609 0.197989 -0.255126 0.117937 0.524859 0.842979 0.407261 
1531918605117 -0.187254 0.845429 -0.500186 -0.597268 -0.975206 -0.0988609 0.197989 -0.255126 0.117937 0.524859 0.842979 0.407261 
1531918605127 -0.187254 0.845429 -0.500186 -0.597268 -0.975206 -0.0988609 0.197989 -0.255126 0.117937 0.524859 0.842979 0.407261 
1531918605137 -0.187254 0.845429 -0.500186 -0.597268 -0.975206 -0.0988609 0.197989 -0.255126 0.117937 0.524859 0.842979 0.407261 
1531918605147 -0.187254 0.845429 -0.500186 -0.597268 -0.975206 -0.0988609 0.197989 -0.255126 0.117937 0.524859 0.842979 0.407261 
1531918605157 -0.187254 0.845429 -0.500186 -0.597268 -0.975206 -0.0988609 0.197989 -0.255126 0.117937 0.524859 0.842979 0.407261 
1531918605174 -0.187254 0.845429 -0.500186 -0.597268 -0.975206 -0.0988609 0.197989 -0.255126 0.117937 0.524859 0.842979 0.407261 
1531918605177 0 0 0 0 0 0 0 0 0 0 0 0 
1531918605187 -0.187254 0.845429 -0.500186 -0.597268 -0.975206 -0.0988609 0.197989 -0.255126 0.117937 0.524859 0.842979 0.407261 
1531918605197 -0.187254 0.845429 -0.500186 -0.597268 -0.975206 -0.0988609 0.197989 -0.255126 0.117937 0.524859 0.842979 0.407261 
1531918605207 -0.187254 0.845429 -0.500186 -0.597268 -0.975206 -0.0988609 0.197989 -0.255126 0.117937 0.524859 0.842979 0.407261 
1531918605217 -0.187254 0.845429 -0.500186 -0.597268 -0.975206 -0.0988609 0.197989 -0.255126 0.117937 0.524859 0.842979 0.407261 
1531918605227 -0.187254 0.845429 -0.500186 -0.597268 -0.975206 -0.0988609 0.197989 -0.255126 0.117937 0.524859 0.842979 0.407261 
1531918605237 -0.187254 0.845429 -0.500186 -0.597268 -0.975206 -0.0988609 0.197989 -0.255126 0.117937 0.524859 0.842979 0.407261 
1531918605247 -0.187254 0.845429 -0.500186 -0.597268 -0.975206 -0.0988609 0.197989 -0.255126 0.117937 0.524859 0.842979 0.407261 
1531918605257 -0.187254 0.845429 -0.500186 -0.597268 -0.975206 -0.0988609 0.197989 -0.255126 0.117937 0.524859 0.842979 0.407261 
1531918605267 -0.187254 0.845429 -0.500186 -0.597268 -0.975206 -0.0988609 0.197989 -0.255126 0.117937 0.524859 0.842979 0.407261 
1531918605284 -0.187254 0.845429 -0.500186 -0.597268 -0.975206 -0.0988609 0.197989 -0.255126 0.117937 0.524859 0.842979 0.407261 
1531918605287 0 0 0 0 0 0 0 0 0 0 0 0 
1531918605297 -0.187254 0.845429 -0.500186 -0.597268 -0.975206 -0.0988609 0.197989 -0.255126 0.117937 0.524859 0.842979 0.407261 
1531918605307 -0.187254 0.845429 -0.500186 -0.597268 -0.975206 -0.0988609 0.197989 -0.255126 0.117937 0.524859 0.842979 0.407261 
1531918605317 -0.187254 0.845429 -0.500186 -0.597268 -0.975206 -0.0988609 0.197989 -0.255126 0.117937 0.524859 0.842979 0.407261 
1531918605327 -0.187254 0.845429 -0.500186 -0.597268 -0.975206 -0.0988609 0.197989 -0.255126 0.117937 0.524859 0.842979 0.407261 
1531918605337 -0.187254 0.845429 -0.500186 -0.597268 -0.975206 -0.0988609 0.197989 -0.255126 0.117937 0.524859 0.842979 0.407261 
1531918605347 -0.187254 0.845429 -0.500186 -0.597268 -0.975206 -0.0988609 0.197989 -0.255126 0.117937 0.524859 0.842979 0.407261 
1531918605357 -0.187254 0.845429 -0.500186 -0.597268 -0.975206 -0.0988609 0.197989 -0.255126 0.117937 0.524859 0.842979 0.407261 
1531918605367 -0.187254 0.845429 -0.500186 -0.597268 -0.975206 -0.0988609 0.197989 -0.255126 0.117937 0.524859 0.842979 0.407261 
1531918605377 -0.187254 0.845429 -0.500186 -0.597268 -0.975206 -0.0988609 0.197989 -0.255126 0.117937 0.524859 0.842979 0.407261 
1531918605394 -0.187254 0.845429 -0.500186 -0.597268 -0.975206 -0.0988609 0.197989 -0.255126 0.117937 0.524859 0.842979 0.407261 
1531918605397 0 0 0 0 0 0 0 0 0 0 0 0 
1531918605407 -0.187254 0.845429 -0.500186 -0.597268 -0.975206 -0.0988609 0.197989 -0.255126 0.117937 0.524859 0.842979 0.407261 
1531918605417 -0.187254 0.845429 -0.500186 -0.597268 -0.975206 -0.0988609 0.197989 -0.255126 0.117937 0.524859 0.842979 0.407261 
1531918605427 -0.187254 0.845429 -0.500186 -0.597268 -0.975206 -0.0988609 0.197989 -0.255126 0.117937 0.524859 0.842979 0.407261 
1531918605437 -0.187254 0.845429 -0.500186 -0.597268 -0.975206 -0.0988609 0.197989 -0.255126 0.117937 0.524859 0.842979 0.407261 
1531918605447 -0.187254 0.845429 -0.500186 -0.597268 -0.975206 -0.0988609 0.197989 -0.255126 0.117937 0.524859 0.842979 0.407261 
1531918605457 -0.187254 0.845429 -0.500186 -0.597268 -0.975206 -0.0988609 0.197989 -0.255126 0.117937 0.524859 0.842979 0.407261 
1531918605467 -0.187254 0.845429 -0.500186 -0.597268 -0.975206 -0.0988609 0.197989 -0.255126 0.117937 0.524859 0.842979 0.407261 
1531918605477 -0.187254 0.845429 -0.500186 -0.597268 -0.975206 -0.0988609 0.197989 -0.255126 0.117937 0.524859 0.842979 0.407261 
1531918605487 -0.187254 0.845429 -0.500186 -0.597268 -0.975206 -0.0988609 0.197989 -0.255126 0.117937 0.524859 0.842979 0.407261 
1531918605507 0 0 0 0 0 0 0 0 0 0 0 0 
1531918605507 0 0 0 0 0 0 0 0 0 0 0 0 
1531918605518 -0.187254 0.845429 -0.500186 -0.597268 -0.975206 -0.0988609 0.197989 -0.255126 0.117937 0.524859 0.842979 0.407261 
1531918605528 -0.187254 0.845429 -0.500186 -0.597268 -0.975206 -0.0988609 0.197989 -0.255126 0.117937 0.524859 0.842979 0.407261 
1531918605538 -0.187254 0.845429 -0.500186 -0.597268 -0.975206 -0.0988609 0.197989 -0.255126 0.117937 0.524859 0.842979 0.407261 
1531918605548 -0.187254 0.845429 -0.500186 -0.597268 -0.975206 -0.0988609 0.197989 -0.255126 0.117937 0.524859 0.842979 0.407261 
1531918605558 -0.187254 0.845429 -0.500186 -0.597268 -0.975206 -0.0988609 0.197989 -0.255126 0.117937 0.524859 0.842979 0.407261 
1531918605568 -0.187254 0.845429 -0.500186 -0.597268 -0.975206 -0.0988609 0.197989 -0.255126 0.117937 0.524859 0.842979 0.407261 
1531918605578 -0.187254 0.845429 -0.500186 -0.597268 -0.975206 -0.0988609 0.197989 -0.255126 0.117937 0.524859 0.842979 0.407261 
1531918605588 -0.187254 0.845429 -0.500186 -0.597268 -0.975206 -0.0988609 0.197989 -0.255126 0.117937 0.524859 0.842979 0.407261 
1531918605598 -0.187254 0.845429 -0.500186 -0.597268 -0.975206 -0.0988609 0.197989 -0.255126 0.117937 0.524859 0.842979 0.407261 
1531918605608 -0.187254 0.845429 -0.500186 -0.597268 -0.975206 -0.0988609 0.197989 -0.255126 0.117937 0.524859 0.842979 0.407261 
1531918605652 -0.187254 0.845429 -0.500186 -0.597268 -0.975206 -0.0988609 0.197989 -0.255126 0.117937 0.524859 0.842979 0.407261 
1531918605655 0 0 0 0 0 0 0 0 0 0 0 0 
1531918605665 -0.187254 0.845429 -0.500186 -0.597268 -0.975206 -0.0988609 0.197989 -0.255126 0.117937 0.524859 0.842979 0.407261 
1531918605675 -0.187254 0.845429 -0.500186 -0.597268 -0.975206 -0.0988609 0.197989 -0.255126 0.117937 0.524859 0.842979 0.407261 
1531918605685 -0.187254 0.845429 -0.500186 -0.597268 -0.975206 -0.0988609 0.197989 -0.255126 0.117937 0.524859 0.842979 0.407261 
1531918605695 -0.187254 0.845429 -0.500186 -0.597268 -0.975206 -0.0988609 0.197989 -0.255126 0.117937 0.524859 0.842979 0.407261 
1531918605705 -0.187254 0.845429 -0.500186 -0.597268 -0.975206 -0.0988609 0.197989 -0.255126 0.117937 0.524859 0.842979 0.407261 
1531918605715 -0.187254 0.845429 -0.500186 -0.597268 -0.975206 -0.0988609 0.197989 -0.255126 0.117937 0.524859 0.842979 0.407261 
1531918605725 -0.187254 0.845429 -0.500186 -0.597268 -0.975206 -0.0988609 0.197989 -0.255126 0.117937 0.524859 0.842979 0.407261 
1531918605735 -0.187254 0.845429 -0.500186 -0.597268 -0.975206 -0.0988609 0.197989 -0.255126 0.117937 0.524859 0.842979 0.407261 
1531918605745 -0.187254 0.845429 -0.500186 -0.597268 -0.975206 -0.0988609 0.197989 -0.255126 0.117937 0.524859 0.842979 0.407261 
