1535147475547 0.228432 0.925244 -0.30289 -0.541787 -0.940062 0.290535 0.178532 -0.200397 0.253185 0.243953 0.936154 0.425684 
1535147481167 0.228431 0.925244 -0.302889 -0.541787 -0.940062 0.290534 0.178533 -0.200396 0.253187 0.243952 0.936154 0.425684 
1535147481905 0.231597 0.925174 -0.300692 -0.550841 -0.939615 0.292798 0.177183 -0.204812 0.251967 0.2415 0.937118 0.420831 
1535147482960 0.235982 0.925827 -0.295222 -0.569579 -0.939282 0.295199 0.17495 -0.213216 0.249123 0.236012 0.939274 0.410401 
1535147484100 0.240563 0.926273 -0.290084 -0.588305 -0.938924 0.297835 0.172385 -0.221739 0.246073 0.230897 0.941347 0.399856 
1535147485265 0.245024 0.926721 -0.284871 -0.607015 -0.938546 0.300401 0.169975 -0.230243 0.243095 0.225717 0.943375 0.389284 
1535147486384 0.249795 0.92703 -0.279676 -0.625734 -0.938029 0.303326 0.167613 -0.238839 0.240215 0.220475 0.94535 0.378774 
1535147486706 0.248692 0.927425 -0.279346 -0.62596 -0.938361 0.302177 0.167835 -0.238545 0.240066 0.220389 0.945408 0.378227 
1535147486951 0.248916 0.927109 -0.280196 -0.625573 -0.938298 0.302548 0.167517 -0.238648 0.24008 0.22121 0.945213 0.378755 
1535147487080 0.248969 0.926996 -0.280524 -0.625389 -0.938268 0.302672 0.167458 -0.2387 0.24014 0.221515 0.945127 0.379092 
1535147487201 0.248348 0.927057 -0.28087 -0.625244 -0.938463 0.302113 0.167377 -0.238499 0.240023 0.222018 0.945038 0.379115 
1535147487419 0.247422 0.927002 -0.281869 -0.624902 -0.93872 0.301398 0.167226 -0.238364 0.239973 0.22322 0.944767 0.379356 
1535147487649 0.246543 0.92693 -0.282875 -0.624581 -0.938941 0.300748 0.167153 -0.23818 0.240013 0.224393 0.94448 0.379575 
1535147487815 0.246336 0.926839 -0.283353 -0.62437 -0.938989 0.300642 0.167072 -0.238244 0.240037 0.22491 0.944351 0.379795 
1535147488298 0.245852 0.926853 -0.283726 -0.62423 -0.939133 0.300231 0.167001 -0.238126 0.239969 0.225399 0.944251 0.379894 
1535147488733 0.246183 0.926287 -0.285283 -0.626193 -0.938714 0.301142 0.167722 -0.239446 0.241269 0.226509 0.943654 0.379046 
1535147489098 0.245269 0.925998 -0.287003 -0.627622 -0.938706 0.300814 0.168353 -0.240151 0.242229 0.22812 0.94302 0.378397 
1535147489365 0.244791 0.925848 -0.287895 -0.628373 -0.938744 0.300602 0.168518 -0.240501 0.242563 0.229008 0.942719 0.378019 
1535147489743 0.244374 0.925448 -0.289529 -0.629821 -0.938572 0.300767 0.169177 -0.241313 0.243646 0.230402 0.9421 0.377458 
1535147490009 0.24365 0.925469 -0.290074 -0.630502 -0.9387 0.300234 0.169415 -0.241491 0.243878 0.231014 0.94189 0.377168 
1535147490446 0.243304 0.92546 -0.29039 -0.630745 -0.938726 0.300023 0.169646 -0.241553 0.244125 0.231321 0.94175 0.376996 
1535147490745 0.243795 0.925596 -0.289544 -0.631055 -0.938699 0.300241 0.169409 -0.242038 0.243737 0.230494 0.942054 0.37699 
1535147491052 0.243091 0.925899 -0.289166 -0.631846 -0.938976 0.299412 0.169343 -0.242514 0.243374 0.230354 0.942182 0.376605 
1535147491293 0.242864 0.926075 -0.288794 -0.632209 -0.939052 0.29911 0.169452 -0.242754 0.243306 0.230038 0.942276 0.37642 
1535147491539 0.242604 0.926216 -0.288561 -0.632635 -0.939158 0.298784 0.169445 -0.242925 0.24316 0.229897 0.942349 0.376213 
1535147491856 0.242519 0.926441 -0.28791 -0.633374 -0.939253 0.298514 0.169392 -0.243532 0.242877 0.22934 0.942557 0.375915 
1535147492086 0.241982 0.926653 -0.287678 -0.633777 -0.939442 0.297912 0.169401 -0.243729 0.242678 0.229265 0.942627 0.375755 
1535147492280 0.241705 0.926823 -0.287364 -0.633976 -0.939554 0.297553 0.169416 -0.243741 0.242524 0.229045 0.94272 0.375678 
1535147492297 0.241701 0.926822 -0.28737 -0.633976 -0.939556 0.297549 0.169409 -0.243741 0.242518 0.229054 0.942719 0.375672 
1535147492327 0.2417 0.926819 -0.28738 -0.633976 -0.939558 0.297548 0.169397 -0.243742 0.24251 0.229067 0.942718 0.375661 
1535147492535 0.242134 0.926931 -0.286652 -0.633969 -0.939494 0.297784 0.16934 -0.244007 0.242327 0.228305 0.94295 0.375586 
1535147492741 0.241553 0.927494 -0.285318 -0.634224 -0.939913 0.296732 0.16886 -0.244081 0.24128 0.227386 0.94344 0.375384 
1535147492971 0.241548 0.927839 -0.2842 -0.634429 -0.94005 0.296397 0.168688 -0.244341 0.240751 0.226416 0.943809 0.375234 
1535147493204 0.241433 0.928275 -0.28287 -0.63464 -0.940257 0.295878 0.168441 -0.24459 0.240055 0.225303 0.944252 0.375065 
1535147493571 0.241209 0.928484 -0.282376 -0.63475 -0.940425 0.295471 0.168219 -0.244683 0.239622 0.224978 0.94444 0.374907 
1535147493595 0.241202 0.928486 -0.282374 -0.634751 -0.940427 0.295464 0.16822 -0.244679 0.239622 0.224977 0.94444 0.374907 
1535147493817 0.24184 0.928477 -0.281857 -0.634747 -0.940247 0.295994 0.168295 -0.244681 0.239686 0.224315 0.944581 0.374959 
1535147494004 0.242338 0.928625 -0.280942 -0.63481 -0.940228 0.296202 0.168034 -0.244694 0.239256 0.223429 0.9449 0.374688 
1535147494062 0.242759 0.928659 -0.280466 -0.63484 -0.940126 0.296512 0.168059 -0.244834 0.239231 0.222875 0.945037 0.374631 
1535147494167 0.242776 0.928828 -0.279891 -0.63492 -0.940174 0.296376 0.168032 -0.24473 0.239026 0.222352 0.945212 0.374511 
1535147494353 0.243412 0.928994 -0.278784 -0.634993 -0.94017 0.296635 0.167598 -0.244902 0.238394 0.221309 0.945617 0.374314 
1535147494962 0.24396 0.92909 -0.277985 -0.635056 -0.940096 0.296952 0.16745 -0.245042 0.238124 0.220481 0.945878 0.374163 
1535147495150 0.243438 0.92924 -0.27794 -0.634952 -0.940304 0.296377 0.167302 -0.244796 0.237839 0.220621 0.945917 0.374239 
1535147495273 0.244207 0.928881 -0.278464 -0.634809 -0.940118 0.297193 0.166893 -0.244877 0.237782 0.221033 0.945835 0.374298 
1535147495512 0.245371 0.928845 -0.277563 -0.634515 -0.940066 0.297911 0.165904 -0.244564 0.236788 0.22022 0.946274 0.374316 
1535147495758 0.247403 0.928698 -0.276245 -0.634058 -0.939918 0.299265 0.164303 -0.244271 0.235258 0.218998 0.946939 0.374433 
1535147495997 0.248667 0.928598 -0.275446 -0.633699 -0.93986 0.300076 0.163148 -0.244089 0.234154 0.218311 0.947371 0.374423 
1535147496164 0.249313 0.928575 -0.27494 -0.633491 -0.939916 0.300394 0.162236 -0.244069 0.233238 0.217973 0.947675 0.374376 
1535147496450 0.248825 0.928515 -0.275583 -0.633211 -0.939669 0.300391 0.163671 -0.243886 0.234753 0.218232 0.947241 0.374721 
1535147496678 0.248692 0.928362 -0.276219 -0.632879 -0.939527 0.30054 0.164207 -0.243796 0.235458 0.218679 0.946963 0.374789 
1535147496944 0.248607 0.928215 -0.276786 -0.632179 -0.939292 0.300799 0.165077 -0.243536 0.236484 0.218943 0.946646 0.375149 
1535147497137 0.24885 0.927991 -0.277321 -0.631826 -0.939051 0.301289 0.165552 -0.243516 0.237185 0.219221 0.946407 0.375214 
1535147497339 0.248872 0.927907 -0.277581 -0.631473 -0.938906 0.301486 0.166019 -0.243422 0.237737 0.219305 0.946249 0.375426 
1535147497591 0.248946 0.927736 -0.278084 -0.630772 -0.938668 0.301849 0.166704 -0.243197 0.238597 0.219528 0.94598 0.375738 
1535147498073 0.249174 0.927523 -0.27859 -0.630552 -0.938474 0.30228 0.167014 -0.243252 0.239121 0.219834 0.945777 0.375861 
1535147498285 0.248863 0.92772 -0.278215 -0.630499 -0.938601 0.301874 0.167032 -0.243076 0.238945 0.219564 0.945884 0.375767 
1535147498501 0.248934 0.927709 -0.278185 -0.629979 -0.938433 0.302074 0.167616 -0.242845 0.239532 0.219333 0.945789 0.376011 
1535147498823 0.248797 0.927516 -0.27895 -0.629005 -0.938095 0.302423 0.168873 -0.242596 0.240994 0.219667 0.94534 0.376252 
1535147499050 0.248674 0.927546 -0.278963 -0.628525 -0.938012 0.302413 0.169351 -0.242317 0.241443 0.219557 0.945251 0.376375 
1535147499418 0.249055 0.927237 -0.279649 -0.626949 -0.93732 0.303438 0.171337 -0.242058 0.243725 0.219448 0.944691 0.376923 
1535147499644 0.248623 0.927338 -0.279698 -0.626506 -0.937335 0.303124 0.171812 -0.241703 0.244111 0.219454 0.94459 0.377008 
1535147499676 0.248539 0.927351 -0.27973 -0.626371 -0.937315 0.303088 0.171985 -0.241638 0.244274 0.21945 0.944549 0.377071 
1535147499954 0.248488 0.927352 -0.279772 -0.625872 -0.937222 0.303142 0.172395 -0.24138 0.244682 0.21937 0.944462 0.377155 
1535147500185 0.248545 0.92735 -0.279727 -0.625402 -0.937139 0.303249 0.172656 -0.241247 0.24494 0.219231 0.944427 0.377235 
1535147500464 0.248689 0.92726 -0.279898 -0.624458 -0.936885 0.303611 0.173396 -0.241031 0.245764 0.219111 0.944241 0.377416 
1535147500668 0.24846 0.927316 -0.279915 -0.62403 -0.936776 0.303547 0.174099 -0.240678 0.246412 0.218961 0.944107 0.377499 
1535147500873 0.248651 0.927252 -0.279958 -0.623572 -0.936631 0.303821 0.1744 -0.240646 0.24677 0.218853 0.944038 0.377621 
1535147501145 0.248626 0.927197 -0.280162 -0.622676 -0.936444 0.304007 0.175078 -0.240336 0.247503 0.218827 0.943852 0.377807 
1535147501375 0.248759 0.92717 -0.280134 -0.622454 -0.936289 0.304235 0.175513 -0.240244 0.247957 0.218626 0.94378 0.377884 
1535147501393 0.248772 0.927166 -0.280136 -0.62245 -0.936284 0.304249 0.175514 -0.240252 0.247962 0.218624 0.943779 0.377884 
1535147501619 0.248585 0.92705 -0.280686 -0.622212 -0.936372 0.304141 0.175233 -0.240178 0.247818 0.219266 0.943668 0.377897 
1535147501808 0.248507 0.926947 -0.281092 -0.621894 -0.936275 0.304247 0.175565 -0.240063 0.248261 0.21955 0.943485 0.378166 
1535147501994 0.248625 0.926762 -0.281599 -0.621549 -0.936169 0.304522 0.175653 -0.240003 0.248542 0.219952 0.943317 0.378252 
1535147502361 0.247662 0.926616 -0.282923 -0.620311 -0.93607 0.304168 0.176791 -0.239237 0.249874 0.221051 0.942708 0.378712 
1535147502541 0.248295 0.926202 -0.283724 -0.619926 -0.935748 0.305061 0.176955 -0.239363 0.250449 0.221557 0.942437 0.378817 
1535147502570 0.248182 0.926214 -0.283785 -0.619872 -0.935763 0.304978 0.177021 -0.239292 0.250507 0.221622 0.942407 0.378834 
1535147502588 0.248115 0.926203 -0.283878 -0.619827 -0.935761 0.30495 0.177081 -0.239242 0.250581 0.221705 0.942367 0.378849 
1535147502602 0.248092 0.926173 -0.283998 -0.619783 -0.935743 0.304972 0.177136 -0.239203 0.25067 0.221802 0.942321 0.37886 
1535147502812 0.247935 0.926376 -0.283472 -0.619607 -0.935831 0.304681 0.177174 -0.239038 0.250498 0.221354 0.942472 0.378961 
1535147503006 0.248292 0.926241 -0.283598 -0.619141 -0.935611 0.305156 0.177515 -0.239053 0.250963 0.221262 0.94237 0.379084 
1535147503054 0.248244 0.926255 -0.283597 -0.618961 -0.935612 0.30512 0.177572 -0.238966 0.251008 0.221255 0.942359 0.37914 
1535147503197 0.248244 0.926189 -0.283812 -0.618816 -0.935544 0.305221 0.177756 -0.238818 0.251261 0.221392 0.94226 0.379243 
1535147503514 0.24858 0.926095 -0.283825 -0.618553 -0.9354 0.305593 0.177877 -0.238862 0.251466 0.221273 0.942233 0.37937 
1535147503757 0.248406 0.926123 -0.283883 -0.618506 -0.935525 0.305369 0.177603 -0.238675 0.251172 0.221462 0.942267 0.379365 
1535147503995 0.248792 0.925999 -0.283951 -0.617992 -0.935521 0.305663 0.177119 -0.23841 0.250805 0.221577 0.942338 0.379548 
1535147504243 0.249003 0.925936 -0.283971 -0.617476 -0.93559 0.305757 0.176591 -0.238112 0.250338 0.221709 0.942431 0.379692 
1535147504480 0.249287 0.925796 -0.284179 -0.616994 -0.935618 0.305976 0.176065 -0.237852 0.249952 0.221992 0.942467 0.379846 
1535147504645 0.249578 0.925752 -0.284066 -0.616688 -0.935624 0.306157 0.175714 -0.237827 0.249636 0.221925 0.942566 0.379971 
1535147504676 0.249549 0.925759 -0.284068 -0.616664 -0.935628 0.306133 0.175734 -0.237764 0.24965 0.221928 0.942562 0.379974 
1535147504694 0.24954 0.925763 -0.284066 -0.616648 -0.935628 0.306126 0.175747 -0.237724 0.24966 0.221924 0.94256 0.379976 
1535147504923 0.249789 0.925573 -0.284465 -0.616332 -0.935563 0.306439 0.175551 -0.237594 0.249656 0.222285 0.942476 0.379999 
1535147505283 0.249484 0.925343 -0.28548 -0.615232 -0.935587 0.306391 0.175503 -0.236899 0.249869 0.223306 0.942178 0.380324 
1535147505312 0.249574 0.925292 -0.285565 -0.615125 -0.935548 0.306507 0.17551 -0.236833 0.249926 0.223357 0.942151 0.380369 
1535147505325 0.249714 0.925236 -0.285625 -0.615084 -0.935502 0.306659 0.17549 -0.236843 0.249959 0.223381 0.942137 0.380388 
1535147505558 0.249314 0.925319 -0.285703 -0.614898 -0.935659 0.306248 0.17537 -0.236721 0.24977 0.223599 0.942135 0.380433 
1535147505791 0.249945 0.925091 -0.285893 -0.614484 -0.935494 0.306882 0.175142 -0.236627 0.249758 0.223676 0.94212 0.380503 
1535147505866 0.24996 0.925072 -0.28594 -0.614413 -0.935485 0.30691 0.175142 -0.236556 0.249777 0.223714 0.942106 0.38052 
1535147506032 0.25016 0.924981 -0.286058 -0.614075 -0.935469 0.30709 0.174911 -0.236518 0.249635 0.223843 0.942113 0.380688 
1535147506093 0.250243 0.924918 -0.28619 -0.613901 -0.935455 0.307186 0.174815 -0.236478 0.249603 0.223972 0.942091 0.380754 
1535147506234 0.250457 0.92483 -0.286287 -0.613726 -0.935371 0.307432 0.174834 -0.236382 0.249705 0.223997 0.942058 0.380859 
1535147506823 0.25092 0.924683 -0.286357 -0.613448 -0.935262 0.307873 0.174642 -0.236466 0.24965 0.223998 0.942072 0.380991 
1535147506853 0.25092 0.924684 -0.286356 -0.613448 -0.935261 0.307874 0.174644 -0.236466 0.249652 0.223996 0.942072 0.380993 
1535147507102 0.250607 0.924818 -0.286196 -0.61332 -0.935344 0.307546 0.174776 -0.236188 0.249655 0.223892 0.942096 0.381027 
1535147507361 0.250793 0.924902 -0.285762 -0.612666 -0.935252 0.307679 0.175033 -0.235778 0.249811 0.223363 0.94218 0.381161 
1535147507619 0.251419 0.924818 -0.285483 -0.611955 -0.935113 0.308197 0.174864 -0.235636 0.249703 0.222995 0.942296 0.381295 
1535147508009 0.252052 0.924778 -0.285052 -0.610828 -0.934988 0.308679 0.174684 -0.23521 0.249534 0.222491 0.94246 0.381537 
1535147508093 0.251957 0.924821 -0.284997 -0.61082 -0.935017 0.308575 0.174714 -0.235116 0.249522 0.222457 0.942471 0.381559 
1535147508110 0.252078 0.92479 -0.284992 -0.610784 -0.934981 0.308693 0.174697 -0.235135 0.249533 0.222425 0.942476 0.381565 
1535147508334 0.25206 0.924841 -0.284841 -0.610488 -0.934986 0.308647 0.174753 -0.234962 0.249534 0.222274 0.942511 0.381642 
1535147508598 0.252518 0.924726 -0.284809 -0.609869 -0.934824 0.309112 0.174798 -0.23479 0.249678 0.222107 0.942512 0.381734 
1535147508912 0.252831 0.924688 -0.284657 -0.608992 -0.934684 0.30943 0.174981 -0.234396 0.249884 0.221824 0.942524 0.381991 
1535147509163 0.252974 0.924702 -0.284482 -0.608399 -0.93465 0.30953 0.174988 -0.234078 0.249867 0.221624 0.942576 0.382124 
1535147509219 0.253306 0.924628 -0.284429 -0.608204 -0.934547 0.309848 0.174976 -0.234072 0.249918 0.22149 0.942594 0.382168 
1535147509491 0.253219 0.924748 -0.284114 -0.607923 -0.93459 0.309688 0.175027 -0.233721 0.249842 0.221211 0.94268 0.382305 
1535147509769 0.253662 0.92483 -0.28345 -0.607161 -0.934643 0.309832 0.174489 -0.233338 0.249195 0.220664 0.942979 0.38243 
1535147510050 0.254368 0.924827 -0.282827 -0.606393 -0.934517 0.31033 0.174277 -0.232948 0.248946 0.219976 0.943205 0.382609 
1535147510313 0.254682 0.924926 -0.28222 -0.605671 -0.934512 0.310444 0.174101 -0.232493 0.248645 0.219398 0.943419 0.382785 
1535147510339 0.254813 0.924913 -0.282148 -0.605534 -0.934485 0.310548 0.174061 -0.232438 0.248612 0.21931 0.943449 0.38281 
1535147510532 0.255063 0.924918 -0.281903 -0.605335 -0.934479 0.310686 0.173846 -0.232449 0.248377 0.219091 0.943562 0.38289 
1535147510680 0.254895 0.925122 -0.281384 -0.605007 -0.934481 0.310467 0.17423 -0.232256 0.248544 0.218537 0.943646 0.382923 
1535147510959 0.254853 0.92547 -0.280278 -0.604114 -0.934537 0.31018 0.174442 -0.231795 0.248377 0.217473 0.943936 0.383043 
1535147511106 0.255477 0.925392 -0.279966 -0.603741 -0.934325 0.310753 0.174556 -0.231859 0.248533 0.216984 0.944007 0.383099 
1535147511350 0.255346 0.92564 -0.279265 -0.603176 -0.934409 0.310454 0.17464 -0.231527 0.248352 0.216354 0.944199 0.383214 
1535147511426 0.255515 0.925713 -0.278868 -0.602897 -0.934382 0.310523 0.17466 -0.231424 0.24828 0.215941 0.944313 0.383289 
1535147511444 0.25563 0.925707 -0.278782 -0.60287 -0.934354 0.310613 0.174646 -0.231453 0.248265 0.215837 0.944341 0.383301 
1535147511707 0.255711 0.925896 -0.278079 -0.602478 -0.934368 0.310528 0.174728 -0.231185 0.248131 0.215148 0.944533 0.383404 
1535147511753 0.255837 0.925925 -0.277869 -0.602221 -0.934375 0.310571 0.174608 -0.231144 0.247972 0.214963 0.944617 0.383388 
1535147511916 0.256025 0.926004 -0.277432 -0.601996 -0.934401 0.310603 0.174418 -0.230918 0.247683 0.214577 0.94478 0.383316 
1535147512135 0.256407 0.926157 -0.276565 -0.601447 -0.934313 0.31079 0.174555 -0.230787 0.247619 0.213641 0.945009 0.383409 
1535147512197 0.256535 0.9262 -0.276303 -0.601183 -0.934295 0.310848 0.174546 -0.230695 0.247552 0.213372 0.945088 0.383444 
1535147512563 0.256904 0.926268 -0.275731 -0.600865 -0.934251 0.311043 0.174433 -0.230649 0.247336 0.212789 0.945275 0.383448 
1535147512801 0.256798 0.926362 -0.275515 -0.601017 -0.934318 0.310869 0.174386 -0.230526 0.247194 0.212637 0.945347 0.383365 
1535147512846 0.256845 0.926581 -0.274731 -0.601002 -0.934429 0.31066 0.174165 -0.23046 0.246726 0.211984 0.945616 0.383335 
1535147513092 0.258068 0.927018 -0.2721 -0.600668 -0.934425 0.311052 0.173486 -0.230451 0.245462 0.209486 0.946501 0.383247 
1535147513292 0.258392 0.927496 -0.270157 -0.600483 -0.934568 0.310801 0.173164 -0.230127 0.244574 0.207735 0.947116 0.38319 
1535147513370 0.258778 0.927642 -0.269286 -0.600373 -0.934544 0.310937 0.173046 -0.23006 0.244255 0.206879 0.947386 0.383097 
1535147513544 0.25905 0.927835 -0.268356 -0.600258 -0.934647 0.310874 0.172604 -0.230001 0.243573 0.206105 0.94773 0.382999 
1535147513790 0.25939 0.92778 -0.268219 -0.60042 -0.934523 0.311199 0.17269 -0.230032 0.243687 0.205862 0.947754 0.382991 
1535147513859 0.259593 0.928005 -0.267241 -0.600447 -0.934616 0.311086 0.17239 -0.23002 0.243114 0.205016 0.948084 0.382942 
1535147514067 0.259881 0.928536 -0.265107 -0.6005 -0.934858 0.310696 0.17178 -0.229868 0.241872 0.203195 0.948794 0.382829 
1535147514190 0.260358 0.928678 -0.264141 -0.600584 -0.934909 0.31082 0.171276 -0.229864 0.24116 0.202355 0.949155 0.382615 
1535147514402 0.261026 0.929121 -0.261914 -0.60059 -0.935038 0.310788 0.170632 -0.229824 0.239937 0.20036 0.949887 0.382538 
1535147514533 0.261194 0.92936 -0.260897 -0.600708 -0.935166 0.310617 0.170242 -0.229669 0.239255 0.199515 0.950237 0.38241 
1535147514819 0.261656 0.929482 -0.259997 -0.600716 -0.935179 0.310778 0.169876 -0.229714 0.238698 0.198695 0.950549 0.38231 
1535147516215 0.250061 0.928076 -0.275942 -0.572436 -0.937477 0.303335 0.170658 -0.216561 0.242087 0.216015 0.945903 0.402164 
1535147518538 0.213335 0.920034 -0.328674 -0.472641 -0.944139 0.280638 0.172752 -0.171325 0.251176 0.273459 0.92851 0.473488 
1535147520941 0.214107 0.919753 -0.328956 -0.472306 -0.943784 0.281613 0.173105 -0.171327 0.251852 0.2734 0.928344 0.47401 
1535147520958 0.214107 0.919753 -0.328956 -0.472306 -0.943784 0.281613 0.173105 -0.171326 0.251852 0.273401 0.928344 0.47401 
1535147520980 0.214106 0.919753 -0.328956 -0.472306 -0.943784 0.281613 0.173105 -0.171326 0.251852 0.273401 0.928344 0.474009 
1535147520999 0.214107 0.919753 -0.328956 -0.472306 -0.943784 0.281613 0.173105 -0.171326 0.251852 0.273401 0.928344 0.47401 
1535147521016 0.214107 0.919753 -0.328956 -0.472306 -0.943784 0.281613 0.173104 -0.171326 0.251852 0.273401 0.928344 0.47401 
1535147521034 0.214107 0.919753 -0.328956 -0.472306 -0.943784 0.281613 0.173105 -0.171326 0.251852 0.273401 0.928344 0.47401 
1535147521053 0.214106 0.919753 -0.328956 -0.472306 -0.943784 0.281613 0.173105 -0.171326 0.251852 0.2734 0.928344 0.47401 
1535147522467 0.2141 0.919753 -0.328961 -0.472303 -0.943785 0.281609 0.173109 -0.17132 0.251856 0.273406 0.928341 0.47401 
1535147522490 0.2141 0.919753 -0.328961 -0.472303 -0.943785 0.281609 0.173109 -0.17132 0.251856 0.273406 0.928341 0.47401 
1535147522509 0.2141 0.919753 -0.328961 -0.472303 -0.943785 0.281609 0.173109 -0.17132 0.251856 0.273406 0.928341 0.47401 
1535147522524 0.2141 0.919753 -0.328961 -0.472303 -0.943785 0.281609 0.173109 -0.17132 0.251856 0.273406 0.928341 0.47401 
1535147522540 0.2141 0.919753 -0.328961 -0.472303 -0.943785 0.281609 0.173109 -0.17132 0.251856 0.273406 0.928341 0.47401 
1535147522558 0.2141 0.919753 -0.328962 -0.472303 -0.943785 0.281609 0.173109 -0.17132 0.251856 0.273406 0.928341 0.47401 
1535147522578 0.2141 0.919753 -0.328961 -0.472303 -0.943785 0.281609 0.173109 -0.17132 0.251856 0.273406 0.928341 0.47401 
1535147522599 0.2141 0.919753 -0.328961 -0.472303 -0.943785 0.281609 0.173109 -0.17132 0.251856 0.273406 0.928341 0.47401 
1535147522619 0.2141 0.919753 -0.328962 -0.472303 -0.943785 0.281609 0.173109 -0.17132 0.251856 0.273406 0.928341 0.47401 
1535147523137 0.214099 0.919753 -0.328963 -0.472303 -0.943785 0.281609 0.17311 -0.171319 0.251857 0.273407 0.928341 0.47401 
1535147523159 0.214099 0.919753 -0.328963 -0.472303 -0.943785 0.281609 0.17311 -0.171319 0.251857 0.273407 0.928341 0.47401 
1535147523168 0.214099 0.919753 -0.328963 -0.472303 -0.943785 0.281609 0.17311 -0.171319 0.251857 0.273407 0.928341 0.47401 
1535147523187 0.214099 0.919753 -0.328963 -0.472303 -0.943785 0.281609 0.17311 -0.171319 0.251857 0.273407 0.928341 0.47401 
1535147523210 0.214099 0.919753 -0.328963 -0.472303 -0.943785 0.281609 0.17311 -0.171319 0.251857 0.273407 0.928341 0.47401 
1535147523228 0.214099 0.919753 -0.328963 -0.472303 -0.943785 0.281609 0.17311 -0.171319 0.251857 0.273407 0.928341 0.47401 
1535147523245 0.214099 0.919753 -0.328963 -0.472303 -0.943785 0.281609 0.17311 -0.171319 0.251857 0.273407 0.928341 0.47401 
1535147523261 0.214099 0.919752 -0.328963 -0.472303 -0.943785 0.281609 0.17311 -0.171319 0.251857 0.273408 0.92834 0.47401 
1535147523279 0.214099 0.919753 -0.328963 -0.472303 -0.943785 0.281609 0.17311 -0.171319 0.251857 0.273407 0.928341 0.47401 
1535147523661 0.214099 0.919752 -0.328964 -0.472302 -0.943785 0.281609 0.17311 -0.171318 0.251858 0.273408 0.92834 0.47401 
1535147523678 0.214099 0.919752 -0.328964 -0.472302 -0.943785 0.281609 0.17311 -0.171318 0.251858 0.273408 0.92834 0.47401 
1535147523695 0.214099 0.919753 -0.328963 -0.472302 -0.943785 0.281609 0.17311 -0.171318 0.251858 0.273408 0.92834 0.47401 
1535147523712 0.214099 0.919752 -0.328964 -0.472302 -0.943785 0.281609 0.17311 -0.171318 0.251858 0.273408 0.92834 0.47401 
1535147523739 0.214099 0.919752 -0.328964 -0.472302 -0.943785 0.281609 0.17311 -0.171318 0.251858 0.273408 0.92834 0.47401 
1535147523747 0.214099 0.919752 -0.328963 -0.472302 -0.943785 0.281609 0.17311 -0.171318 0.251858 0.273408 0.92834 0.47401 
1535147523761 0.214099 0.919752 -0.328964 -0.472302 -0.943785 0.281609 0.17311 -0.171318 0.251858 0.273408 0.92834 0.47401 
1535147523778 0.214099 0.919752 -0.328964 -0.472302 -0.943785 0.281609 0.17311 -0.171318 0.251858 0.273408 0.92834 0.47401 
1535147523796 0.214099 0.919752 -0.328964 -0.472302 -0.943785 0.281609 0.17311 -0.171318 0.251858 0.273408 0.92834 0.47401 
1535147523821 0.214099 0.919752 -0.328964 -0.472302 -0.943785 0.281609 0.17311 -0.171318 0.251858 0.273408 0.92834 0.47401 
1535147524443 0.214099 0.919752 -0.328964 -0.472302 -0.943785 0.281609 0.17311 -0.171318 0.251858 0.273409 0.92834 0.47401 
1535147524465 0.214099 0.919752 -0.328964 -0.472302 -0.943785 0.281609 0.17311 -0.171318 0.251858 0.273409 0.92834 0.47401 
1535147524488 0.214099 0.919752 -0.328965 -0.472302 -0.943785 0.281609 0.17311 -0.171318 0.251858 0.273409 0.92834 0.47401 
1535147524505 0.214098 0.919752 -0.328965 -0.472302 -0.943785 0.281608 0.173111 -0.171318 0.251858 0.273409 0.92834 0.47401 
1535147524526 0.214099 0.919752 -0.328964 -0.472302 -0.943785 0.281609 0.173111 -0.171318 0.251858 0.273409 0.92834 0.47401 
1535147524547 0.214099 0.919752 -0.328965 -0.472302 -0.943785 0.281609 0.17311 -0.171318 0.251858 0.273409 0.92834 0.47401 
1535147524565 0.214099 0.919752 -0.328965 -0.472302 -0.943785 0.281609 0.17311 -0.171318 0.251858 0.273409 0.92834 0.47401 
1535147524579 0.214099 0.919752 -0.328964 -0.472302 -0.943785 0.281609 0.17311 -0.171318 0.251858 0.273409 0.92834 0.47401 
1535147525172 0.214098 0.919752 -0.328965 -0.472302 -0.943785 0.281609 0.173111 -0.171317 0.251858 0.27341 0.92834 0.47401 
1535147525189 0.214098 0.919752 -0.328965 -0.472302 -0.943785 0.281609 0.173111 -0.171317 0.251858 0.27341 0.92834 0.47401 
1535147525213 0.214098 0.919752 -0.328965 -0.472302 -0.943785 0.281609 0.173111 -0.171317 0.251858 0.27341 0.92834 0.47401 
1535147525233 0.214098 0.919752 -0.328965 -0.472302 -0.943785 0.281608 0.173111 -0.171317 0.251858 0.27341 0.92834 0.47401 
1535147525253 0.214098 0.919752 -0.328965 -0.472302 -0.943785 0.281609 0.173111 -0.171317 0.251858 0.27341 0.92834 0.47401 
1535147525273 0.214099 0.919752 -0.328965 -0.472302 -0.943785 0.281609 0.173111 -0.171317 0.251858 0.273409 0.92834 0.47401 
1535147525297 0.214098 0.919752 -0.328965 -0.472302 -0.943785 0.281609 0.173111 -0.171317 0.251858 0.27341 0.92834 0.47401 
1535147525310 0.214098 0.919752 -0.328966 -0.472302 -0.943784 0.281609 0.173111 -0.171317 0.251859 0.27341 0.92834 0.47401 
1535147525703 0.214098 0.919752 -0.328966 -0.472302 -0.943785 0.281609 0.173111 -0.171317 0.251858 0.27341 0.92834 0.47401 
1535147525716 0.214098 0.919752 -0.328966 -0.472302 -0.943785 0.281608 0.173111 -0.171317 0.251858 0.27341 0.92834 0.47401 
1535147525736 0.214098 0.919752 -0.328966 -0.472302 -0.943785 0.281609 0.173111 -0.171317 0.251858 0.27341 0.92834 0.47401 
1535147525755 0.214098 0.919752 -0.328966 -0.472302 -0.943785 0.281609 0.173111 -0.171317 0.251858 0.27341 0.92834 0.47401 
1535147525772 0.214098 0.919752 -0.328966 -0.472302 -0.943785 0.281609 0.173111 -0.171317 0.251859 0.27341 0.928339 0.47401 
1535147525792 0.214098 0.919752 -0.328966 -0.472302 -0.943785 0.281609 0.173111 -0.171317 0.251858 0.27341 0.92834 0.47401 
1535147525805 0.214098 0.919752 -0.328966 -0.472302 -0.943785 0.281609 0.173111 -0.171317 0.251858 0.27341 0.92834 0.47401 
1535147525820 0.214098 0.919752 -0.328966 -0.472302 -0.943785 0.281609 0.173111 -0.171317 0.251858 0.27341 0.928339 0.47401 
1535147525838 0.214098 0.919752 -0.328966 -0.472302 -0.943784 0.281609 0.173111 -0.171317 0.251859 0.27341 0.928339 0.47401 
1535147526203 0.214098 0.919752 -0.328966 -0.472302 -0.943785 0.281609 0.173111 -0.171317 0.251859 0.27341 0.928339 0.47401 
1535147526219 0.214098 0.919752 -0.328966 -0.472302 -0.943785 0.281609 0.173111 -0.171317 0.251859 0.27341 0.928339 0.47401 
1535147526236 0.214098 0.919752 -0.328966 -0.472302 -0.943785 0.281609 0.173111 -0.171317 0.251859 0.273411 0.928339 0.47401 
1535147526253 0.214098 0.919752 -0.328966 -0.472302 -0.943785 0.281609 0.173111 -0.171317 0.251858 0.273411 0.928339 0.47401 
1535147526280 0.214098 0.919752 -0.328966 -0.472302 -0.943785 0.281609 0.173111 -0.171317 0.251859 0.27341 0.928339 0.47401 
1535147526298 0.214098 0.919752 -0.328966 -0.472302 -0.943785 0.281609 0.173111 -0.171317 0.251859 0.273411 0.928339 0.47401 
1535147526317 0.214098 0.919752 -0.328966 -0.472302 -0.943784 0.281609 0.173111 -0.171317 0.251859 0.273411 0.928339 0.47401 
1535147526351 0.214098 0.919752 -0.328966 -0.472302 -0.943784 0.281609 0.173111 -0.171317 0.251859 0.273411 0.928339 0.47401 
1535147526703 0.214098 0.919752 -0.328966 -0.472302 -0.943785 0.281609 0.173111 -0.171317 0.251859 0.273411 0.928339 0.47401 
1535147526720 0.214098 0.919751 -0.328967 -0.472302 -0.943784 0.281609 0.173111 -0.171317 0.251859 0.273411 0.928339 0.47401 
1535147526736 0.214098 0.919752 -0.328966 -0.472302 -0.943785 0.281609 0.173111 -0.171317 0.251859 0.273411 0.928339 0.47401 
1535147526754 0.214098 0.919752 -0.328967 -0.472302 -0.943785 0.281609 0.173111 -0.171317 0.251859 0.273411 0.928339 0.47401 
1535147526778 0.214098 0.919752 -0.328967 -0.472302 -0.943785 0.281609 0.173111 -0.171317 0.251859 0.273411 0.928339 0.47401 
1535147526790 0.214098 0.919752 -0.328967 -0.472302 -0.943785 0.281609 0.173111 -0.171317 0.251859 0.273411 0.928339 0.47401 
1535147526810 0.214098 0.919752 -0.328967 -0.472302 -0.943785 0.281609 0.173111 -0.171317 0.251859 0.273411 0.928339 0.47401 
1535147526828 0.214098 0.919751 -0.328967 -0.472302 -0.943784 0.281609 0.173111 -0.171317 0.251859 0.273411 0.928339 0.47401 
1535147526845 0.214098 0.919752 -0.328966 -0.472302 -0.943784 0.281609 0.173111 -0.171317 0.251859 0.273411 0.928339 0.47401 
1535147527175 0.214098 0.919752 -0.328967 -0.472302 -0.943785 0.281609 0.173111 -0.171317 0.251859 0.273411 0.928339 0.47401 
