1533662653146 -0.1724 0.815391 -0.552645 -0.604382 -0.976252 -0.0667166 0.206111 -0.252359 0.13119 0.575054 0.807529 0.413952 
1533662653149 0 0 0 0 0 0 0 0 0 0 0 0 
1533662653152 0 0 0 0 0 0 0 0 0 0 0 0 
1533662653155 0 0 0 0 0 0 0 0 0 0 0 0 
1533662653166 -0.158326 0.781784 -0.603114 -0.611526 -0.976638 -0.0341078 0.212169 -0.249609 0.1453 0.622616 0.76892 0.420641 
1533662653176 -0.145092 0.744758 -0.65137 -0.61867 -0.976362 -0.00117786 0.216137 -0.246859 0.160203 0.667333 0.727325 0.42733 
1533662653186 -0.132758 0.704479 -0.697197 -0.625813 -0.975427 0.0319261 0.217997 -0.244107 0.175833 0.709006 0.68293 0.434019 
1533662653196 -0.121378 0.661127 -0.740391 -0.632956 -0.973836 0.0650563 0.21774 -0.241356 0.192121 0.747449 0.635933 0.440707 
1533662653206 -0.111003 0.614894 -0.780759 -0.640096 -0.971597 0.0980651 0.215367 -0.238603 0.208993 0.782489 0.586543 0.447395 
1533662653209 0 0 0 0 0 0 0 0 0 0 0 0 
1533662653212 0 0 0 0 0 0 0 0 0 0 0 0 
1533662653215 0 0 0 0 0 0 0 0 0 0 0 0 
1533662653226 -0.101679 0.565987 -0.81812 -0.647235 -0.968719 0.130805 0.210889 -0.235849 0.226375 0.813971 0.534982 0.454083 
1533662653236 -0.0934483 0.514625 -0.852308 -0.654371 -0.965215 0.16313 0.204326 -0.233093 0.244188 0.841754 0.481479 0.46077 
1533662653246 -0.0860639 0.461112 -0.883159 -0.659956 -0.961121 0.19502 0.195484 -0.229428 0.262374 0.865646 0.4264 0.467189 
1533662653272 0 0 0 0 0 0 0 0 0 0 0 0 
1533662653272 0 0 0 0 0 0 0 0 0 0 0 0 
1533662653275 0 0 0 0 0 0 0 0 0 0 0 0 
1533662653285 -0.0860639 0.461112 -0.883159 -0.659956 -0.961121 0.19502 0.195484 -0.229428 0.262374 0.865646 0.4264 0.467189 
1533662653295 -0.0804173 0.405458 -0.910569 -0.668715 -0.956394 0.225957 0.185079 -0.227622 0.280792 0.885747 0.369607 0.474154 
1533662653298 0 0 0 0 0 0 0 0 0 0 0 0 
1533662653302 0 0 0 0 0 0 0 0 0 0 0 0 
1533662653305 0 0 0 0 0 0 0 0 0 0 0 0 
1533662653315 -0.0804149 0.405459 -0.910569 -0.668715 -0.956394 0.22596 0.185077 -0.227622 0.280793 0.885746 0.369608 0.474154 
1533662653318 0 0 0 0 0 0 0 0 0 0 0 0 
1533662653322 0 0 0 0 0 0 0 0 0 0 0 0 
1533662653325 0 0 0 0 0 0 0 0 0 0 0 0 
1533662653335 -0.0804125 0.405459 -0.910569 -0.668716 -0.956393 0.225962 0.185076 -0.227622 0.280794 0.885745 0.369608 0.474155 
1533662653345 -0.08041 0.40546 -0.910569 -0.668716 -0.956393 0.225964 0.185074 -0.227622 0.280796 0.885744 0.369609 0.474155 
1533662653355 -0.0804076 0.40546 -0.910569 -0.668716 -0.956393 0.225966 0.185073 -0.227622 0.280797 0.885743 0.36961 0.474155 
1533662653365 -0.0804051 0.405461 -0.910569 -0.668716 -0.956393 0.225968 0.185071 -0.227622 0.280799 0.885743 0.369611 0.474155 
1533662653375 -0.0804027 0.405461 -0.910569 -0.668716 -0.956393 0.22597 0.18507 -0.227622 0.2808 0.885742 0.369612 0.474155 
1533662653385 -0.0804003 0.405462 -0.910569 -0.668716 -0.956392 0.225972 0.185068 -0.227622 0.280802 0.885741 0.369612 0.474155 
1533662653395 -0.0803762 0.405469 -0.910568 -0.668604 -0.956393 0.225983 0.18505 -0.227556 0.280805 0.885735 0.369624 0.474132 
1533662653416 0 0 0 0 0 0 0 0 0 0 0 0 
1533662653416 0 0 0 0 0 0 0 0 0 0 0 0 
1533662653427 -0.0803762 0.405469 -0.910568 -0.668604 -0.956393 0.225983 0.18505 -0.227556 0.280805 0.885735 0.369624 0.474132 
1533662653437 -0.0803944 0.405464 -0.910569 -0.668716 -0.956392 0.225977 0.185065 -0.227622 0.280805 0.885739 0.369615 0.474155 
1533662653447 -0.0803934 0.405464 -0.910569 -0.668716 -0.956392 0.225978 0.185064 -0.227622 0.280805 0.885739 0.369615 0.474155 
1533662653456 -0.0803924 0.405465 -0.910569 -0.668716 -0.956392 0.225979 0.185063 -0.227622 0.280806 0.885738 0.369616 0.474155 
1533662653467 -0.0803915 0.405465 -0.910569 -0.668716 -0.956392 0.225979 0.185063 -0.227622 0.280806 0.885738 0.369617 0.474155 
1533662653477 -0.0803905 0.405466 -0.910568 -0.668716 -0.956392 0.22598 0.185062 -0.227622 0.280807 0.885737 0.369617 0.474155 
1533662653486 -0.0803895 0.405466 -0.910568 -0.668716 -0.956392 0.225981 0.185062 -0.227622 0.280807 0.885737 0.369618 0.474155 
1533662653497 -0.0803885 0.405467 -0.910568 -0.668716 -0.956392 0.225981 0.185061 -0.227622 0.280808 0.885736 0.369619 0.474155 
1533662653507 -0.0803875 0.405467 -0.910568 -0.668716 -0.956391 0.225982 0.185061 -0.227622 0.280808 0.885736 0.369619 0.474155 
1533662653517 -0.0803866 0.405468 -0.910568 -0.668716 -0.956391 0.225983 0.18506 -0.227622 0.280809 0.885736 0.36962 0.474155 
1533662653533 0 0 0 0 0 0 0 0 0 0 0 0 
1533662653533 0 0 0 0 0 0 0 0 0 0 0 0 
1533662653536 0 0 0 0 0 0 0 0 0 0 0 0 
1533662653547 -0.0803866 0.405468 -0.910568 -0.668716 -0.956391 0.225983 0.18506 -0.227622 0.280809 0.885736 0.36962 0.474155 
1533662653557 -0.0806137 0.405682 -0.910452 -0.668666 -0.956377 0.225838 0.18531 -0.227669 0.280792 0.885674 0.36978 0.474176 
1533662653567 -0.0808429 0.405897 -0.910336 -0.668611 -0.956363 0.225693 0.185561 -0.227718 0.280775 0.885613 0.369939 0.474196 
1533662653577 -0.0810726 0.406111 -0.91022 -0.668557 -0.956348 0.225546 0.185813 -0.227768 0.280758 0.885552 0.370098 0.474217 
1533662653587 -0.0813014 0.406325 -0.910104 -0.668502 -0.956334 0.225401 0.186064 -0.227815 0.280741 0.885491 0.370257 0.474237 
1533662653597 -0.0815301 0.406539 -0.909988 -0.668448 -0.95632 0.225255 0.186314 -0.227863 0.280723 0.88543 0.370416 0.474258 
1533662653608 -0.0817601 0.406753 -0.909872 -0.668394 -0.956305 0.225109 0.186566 -0.227914 0.280706 0.885369 0.370575 0.474279 
1533662653617 -0.0819891 0.406967 -0.909756 -0.668339 -0.95629 0.224963 0.186817 -0.227962 0.280689 0.885308 0.370734 0.474299 
1533662653627 -0.0822181 0.407181 -0.909639 -0.668285 -0.956276 0.224817 0.187068 -0.22801 0.280672 0.885246 0.370894 0.474319 
1533662653637 -0.082447 0.407395 -0.909523 -0.66823 -0.956261 0.22467 0.187319 -0.228058 0.280656 0.885185 0.371053 0.47434 
1533662653652 0 0 0 0 0 0 0 0 0 0 0 0 
1533662653652 0 0 0 0 0 0 0 0 0 0 0 0 
1533662653653 0 0 0 0 0 0 0 0 0 0 0 0 
1533662653656 0 0 0 0 0 0 0 0 0 0 0 0 
1533662653667 -0.082447 0.407395 -0.909523 -0.66823 -0.956261 0.22467 0.187319 -0.228058 0.280656 0.885185 0.371053 0.47434 
1533662653677 -0.0826441 0.407636 -0.909397 -0.668174 -0.956251 0.224524 0.187545 -0.228106 0.280632 0.885111 0.371247 0.474382 
1533662653687 -0.0826118 0.407664 -0.909387 -0.668169 -0.956256 0.224524 0.18752 -0.228105 0.280624 0.885098 0.371283 0.474403 
1533662653697 -0.0825795 0.407691 -0.909378 -0.668164 -0.956261 0.224524 0.187495 -0.228104 0.280617 0.885086 0.371318 0.474423 
1533662653707 -0.0825472 0.407719 -0.909369 -0.66816 -0.956266 0.224524 0.18747 -0.228103 0.28061 0.885073 0.371354 0.474444 
1533662653717 -0.0825149 0.407746 -0.909359 -0.668155 -0.95627 0.224524 0.187446 -0.228102 0.280603 0.88506 0.371389 0.474465 
1533662653727 -0.0824828 0.407774 -0.90935 -0.668148 -0.956275 0.224524 0.187421 -0.228101 0.280596 0.885048 0.371425 0.474485 
1533662653737 -0.0824505 0.407802 -0.90934 -0.668144 -0.95628 0.224524 0.187396 -0.228099 0.280589 0.885035 0.37146 0.474506 
1533662653747 -0.0824181 0.407829 -0.909331 -0.668137 -0.956285 0.224524 0.187371 -0.228097 0.280582 0.885022 0.371496 0.474527 
1533662653757 -0.0823863 0.407856 -0.909322 -0.668132 -0.95629 0.224524 0.187347 -0.228096 0.280575 0.88501 0.371531 0.474547 
1533662653772 0 0 0 0 0 0 0 0 0 0 0 0 
1533662653772 0 0 0 0 0 0 0 0 0 0 0 0 
1533662653773 0 0 0 0 0 0 0 0 0 0 0 0 
1533662653776 0 0 0 0 0 0 0 0 0 0 0 0 
1533662653787 -0.0823863 0.407856 -0.909322 -0.668132 -0.95629 0.224524 0.187347 -0.228096 0.280575 0.88501 0.371531 0.474547 
1533662653797 -0.082331 0.407794 -0.909355 -0.668112 -0.956326 0.224459 0.187241 -0.228098 0.280468 0.885055 0.371504 0.474599 
1533662653807 -0.0823088 0.407702 -0.909398 -0.668099 -0.956357 0.224394 0.187159 -0.228101 0.280368 0.885114 0.371439 0.474632 
1533662653817 -0.0822867 0.407611 -0.909441 -0.668087 -0.956388 0.224329 0.187078 -0.228106 0.280269 0.885172 0.371375 0.474664 
1533662653827 -0.0822646 0.40752 -0.909484 -0.668075 -0.956419 0.224263 0.186998 -0.22811 0.280169 0.885231 0.371311 0.474696 
1533662653837 -0.0822426 0.407428 -0.909527 -0.668062 -0.95645 0.224198 0.186917 -0.228114 0.280069 0.88529 0.371246 0.47473 
1533662653847 -0.0822206 0.407337 -0.90957 -0.66805 -0.956482 0.224133 0.186836 -0.228118 0.279969 0.885348 0.371182 0.474762 
1533662653857 -0.0821985 0.407245 -0.909612 -0.668038 -0.956513 0.224068 0.186755 -0.228122 0.27987 0.885407 0.371117 0.474795 
1533662653867 -0.0821764 0.407154 -0.909655 -0.668025 -0.956544 0.224002 0.186674 -0.228126 0.27977 0.885465 0.371053 0.474827 
1533662653877 -0.0821543 0.407062 -0.909698 -0.668013 -0.956575 0.223937 0.186593 -0.22813 0.27967 0.885524 0.370988 0.474859 
1533662653897 0 0 0 0 0 0 0 0 0 0 0 0 
1533662653897 0 0 0 0 0 0 0 0 0 0 0 0 
1533662653907 -0.0821543 0.407062 -0.909698 -0.668013 -0.956575 0.223937 0.186593 -0.22813 0.27967 0.885524 0.370988 0.474859 
1533662653918 -0.082429 0.406817 -0.909783 -0.667973 -0.956624 0.223652 0.186681 -0.228258 0.27942 0.885709 0.370735 0.474914 
1533662653927 -0.0827267 0.406662 -0.909825 -0.667952 -0.956643 0.223432 0.186851 -0.228386 0.279269 0.885835 0.370547 0.474935 
1533662653937 -0.0830242 0.406508 -0.909867 -0.667931 -0.956661 0.223212 0.18702 -0.228513 0.279119 0.885961 0.370358 0.474957 
1533662653947 -0.0833217 0.406354 -0.909909 -0.667911 -0.956679 0.222992 0.18719 -0.228641 0.278968 0.886088 0.37017 0.474978 
1533662653957 -0.0836189 0.406199 -0.909951 -0.667889 -0.956697 0.222773 0.18736 -0.228767 0.278817 0.886214 0.369982 0.474999 
1533662653968 -0.0839165 0.406045 -0.909992 -0.667869 -0.956715 0.222553 0.18753 -0.228895 0.278667 0.88634 0.369793 0.47502 
1533662653977 -0.0842137 0.40589 -0.910034 -0.667847 -0.956732 0.222333 0.187699 -0.229022 0.278516 0.886466 0.369605 0.475041 
1533662653987 -0.0845112 0.405735 -0.910075 -0.667827 -0.95675 0.222113 0.187869 -0.22915 0.278365 0.886592 0.369416 0.475063 
1533662653997 -0.0848084 0.405581 -0.910116 -0.667806 -0.956768 0.221893 0.188039 -0.229276 0.278214 0.886717 0.369228 0.475084 
1533662654022 -0.0848084 0.405581 -0.910116 -0.667806 -0.956768 0.221893 0.188039 -0.229276 0.278214 0.886717 0.369228 0.475084 
1533662654025 0 0 0 0 0 0 0 0 0 0 0 0 
1533662654035 -0.0853848 0.40529 -0.910192 -0.66775 -0.956823 0.221397 0.188343 -0.229534 0.277847 0.886974 0.368887 0.475137 
1533662654045 -0.0856641 0.405154 -0.910226 -0.667715 -0.956861 0.221119 0.188476 -0.229664 0.277631 0.887106 0.368734 0.475168 
1533662654055 -0.085943 0.405018 -0.91026 -0.667679 -0.956899 0.220842 0.18861 -0.229793 0.277414 0.887237 0.368582 0.475199 
1533662654065 -0.0862223 0.404882 -0.910294 -0.667644 -0.956936 0.220565 0.188743 -0.229924 0.277198 0.887368 0.368429 0.475231 
1533662654075 -0.0865016 0.404746 -0.910329 -0.66761 -0.956974 0.220288 0.188877 -0.230054 0.276982 0.887499 0.368276 0.475263 
1533662654085 -0.0867805 0.40461 -0.910363 -0.667574 -0.957011 0.220011 0.189011 -0.230184 0.276765 0.887629 0.368123 0.475294 
1533662654095 -0.0870594 0.404474 -0.910396 -0.667539 -0.957048 0.219734 0.189145 -0.230314 0.276549 0.88776 0.367971 0.475325 
1533662654105 -0.0873386 0.404337 -0.91043 -0.667505 -0.957085 0.219457 0.189279 -0.230445 0.276332 0.887891 0.367818 0.475357 
1533662654115 -0.0876175 0.404201 -0.910464 -0.667469 -0.957122 0.21918 0.189412 -0.230575 0.276116 0.888021 0.367666 0.475389 
1533662654134 0 0 0 0 0 0 0 0 0 0 0 0 
1533662654134 0 0 0 0 0 0 0 0 0 0 0 0 
1533662654137 0 0 0 0 0 0 0 0 0 0 0 0 
1533662654147 -0.0876175 0.404201 -0.910464 -0.667469 -0.957122 0.21918 0.189412 -0.230575 0.276116 0.888021 0.367666 0.475389 
1533662654157 -0.0879582 0.403926 -0.910553 -0.667374 -0.957145 0.218936 0.18958 -0.230768 0.275929 0.888207 0.367359 0.475451 
1533662654168 -0.0880203 0.403788 -0.910608 -0.667314 -0.957131 0.218969 0.189614 -0.230831 0.275959 0.888261 0.367204 0.475482 
1533662654177 -0.0880823 0.40365 -0.910664 -0.667253 -0.957116 0.219003 0.189648 -0.230895 0.275989 0.888316 0.367049 0.475512 
1533662654187 -0.0881444 0.403511 -0.910719 -0.667193 -0.957102 0.219036 0.189682 -0.230958 0.276019 0.88837 0.366895 0.475543 
1533662654197 -0.0882064 0.403373 -0.910774 -0.667133 -0.957088 0.219069 0.189716 -0.231022 0.276049 0.888425 0.36674 0.475574 
1533662654207 -0.0882685 0.403235 -0.910829 -0.667072 -0.957073 0.219103 0.189749 -0.231085 0.276079 0.888479 0.366586 0.475605 
1533662654217 -0.0883305 0.403097 -0.910885 -0.667012 -0.957059 0.219136 0.189783 -0.231148 0.276109 0.888534 0.366431 0.475636 
1533662654227 -0.0883935 0.402958 -0.91094 -0.666953 -0.957044 0.219169 0.189818 -0.231214 0.276139 0.888588 0.366276 0.475668 
1533662654237 -0.0884557 0.40282 -0.910995 -0.666892 -0.95703 0.219203 0.189852 -0.231277 0.276169 0.888643 0.366121 0.475699 
1533662654262 -0.0884557 0.40282 -0.910995 -0.666892 -0.95703 0.219203 0.189852 -0.231277 0.276169 0.888643 0.366121 0.475699 
1533662654265 0 0 0 0 0 0 0 0 0 0 0 0 
1533662654275 -0.0885993 0.402703 -0.911033 -0.666733 -0.957 0.219229 0.189975 -0.231384 0.276228 0.88869 0.365963 0.47579 
1533662654285 -0.0886805 0.402724 -0.911015 -0.666627 -0.956984 0.219221 0.190064 -0.231424 0.276257 0.888682 0.36596 0.47585 
1533662654295 -0.0887613 0.402746 -0.910998 -0.666521 -0.956968 0.219214 0.190153 -0.231464 0.276287 0.888674 0.365957 0.475909 
1533662654305 -0.0888419 0.402768 -0.91098 -0.666414 -0.956952 0.219207 0.190242 -0.231503 0.276316 0.888666 0.365954 0.475969 
1533662654315 -0.0889232 0.402789 -0.910963 -0.666309 -0.956936 0.219199 0.190331 -0.231543 0.276346 0.888658 0.365951 0.476028 
1533662654325 -0.0890037 0.402811 -0.910946 -0.666202 -0.95692 0.219192 0.19042 -0.231582 0.276375 0.88865 0.365948 0.476087 
1533662654335 -0.0890844 0.402832 -0.910928 -0.666097 -0.956904 0.219185 0.190509 -0.231621 0.276404 0.888642 0.365946 0.476147 
1533662654345 -0.0891642 0.402854 -0.910911 -0.665992 -0.956888 0.219178 0.190597 -0.231661 0.276434 0.888634 0.365943 0.476206 
1533662654355 -0.0892453 0.402875 -0.910893 -0.665885 -0.956872 0.21917 0.190686 -0.2317 0.276463 0.888626 0.36594 0.476265 
1533662654378 0 0 0 0 0 0 0 0 0 0 0 0 
1533662654378 0 0 0 0 0 0 0 0 0 0 0 0 
1533662654388 -0.0892453 0.402875 -0.910893 -0.665885 -0.956872 0.21917 0.190686 -0.2317 0.276463 0.888626 0.36594 0.476265 
1533662654398 -0.0894965 0.402891 -0.910862 -0.665673 -0.956869 0.219006 0.190887 -0.231768 0.276391 0.888659 0.365914 0.476414 
1533662654408 -0.0896678 0.402885 -0.910848 -0.665568 -0.956882 0.218849 0.191001 -0.231799 0.276289 0.888701 0.36589 0.476504 
1533662654418 -0.0898394 0.402879 -0.910833 -0.665461 -0.956896 0.218692 0.191114 -0.231828 0.276188 0.888742 0.365866 0.476594 
1533662654428 -0.0900116 0.402873 -0.910819 -0.665356 -0.956909 0.218534 0.191228 -0.231859 0.276086 0.888784 0.365842 0.476683 
1533662654438 -0.0901828 0.402867 -0.910805 -0.665249 -0.956922 0.218377 0.191341 -0.231888 0.275984 0.888825 0.365819 0.476773 
1533662654448 -0.0903544 0.402861 -0.91079 -0.665144 -0.956935 0.218219 0.191455 -0.231918 0.275882 0.888866 0.365795 0.476863 
1533662654458 -0.090526 0.402855 -0.910776 -0.665038 -0.956949 0.218062 0.191569 -0.231949 0.27578 0.888908 0.365771 0.476953 
1533662654468 -0.090698 0.402849 -0.910762 -0.664931 -0.956962 0.217904 0.191682 -0.231978 0.275678 0.888949 0.365747 0.477042 
1533662654478 -0.0908697 0.402842 -0.910747 -0.664826 -0.956975 0.217747 0.191796 -0.232008 0.275576 0.888991 0.365723 0.477132 
1533662654496 0 0 0 0 0 0 0 0 0 0 0 0 
1533662654496 0 0 0 0 0 0 0 0 0 0 0 0 
1533662654507 -0.0908697 0.402842 -0.910747 -0.664826 -0.956975 0.217747 0.191796 -0.232008 0.275576 0.888991 0.365723 0.477132 
1533662654517 -0.0912476 0.402842 -0.91071 -0.664629 -0.956991 0.217439 0.192066 -0.232061 0.275396 0.889066 0.365675 0.477302 
1533662654526 -0.0914567 0.402846 -0.910687 -0.664541 -0.956993 0.217287 0.192225 -0.232085 0.275318 0.889101 0.365649 0.477383 
1533662654536 -0.091665 0.402851 -0.910664 -0.66445 -0.956996 0.217136 0.192383 -0.23211 0.275239 0.889136 0.365623 0.477464 
1533662654547 -0.0918733 0.402855 -0.910641 -0.66436 -0.956998 0.216984 0.192541 -0.232134 0.275161 0.889171 0.365597 0.477545 
1533662654556 -0.0920826 0.40286 -0.910618 -0.664271 -0.957001 0.216832 0.1927 -0.232158 0.275082 0.889206 0.365571 0.477626 
1533662654567 -0.0922911 0.402864 -0.910595 -0.66418 -0.957003 0.21668 0.192858 -0.232183 0.275004 0.889241 0.365545 0.477707 
1533662654577 -0.0924996 0.402869 -0.910572 -0.66409 -0.957006 0.216529 0.193017 -0.232207 0.274925 0.889276 0.365519 0.477788 
1533662654586 -0.0927081 0.402873 -0.910548 -0.664 -0.957008 0.216377 0.193175 -0.232232 0.274847 0.889311 0.365493 0.477869 
1533662654597 -0.0929166 0.402878 -0.910525 -0.663911 -0.95701 0.216226 0.193333 -0.232256 0.274768 0.889346 0.365467 0.47795 
1533662654614 0 0 0 0 0 0 0 0 0 0 0 0 
1533662654614 0 0 0 0 0 0 0 0 0 0 0 0 
1533662654617 0 0 0 0 0 0 0 0 0 0 0 0 
1533662654627 -0.0929166 0.402878 -0.910525 -0.663911 -0.95701 0.216226 0.193333 -0.232256 0.274768 0.889346 0.365467 0.47795 
1533662654638 -0.0932792 0.402889 -0.910483 -0.663746 -0.957017 0.215953 0.193606 -0.232297 0.274624 0.889407 0.365427 0.478095 
1533662654648 -0.0934341 0.402895 -0.910464 -0.663671 -0.957021 0.215833 0.193721 -0.232316 0.274557 0.889433 0.365413 0.47816 
1533662654657 -0.0935883 0.402902 -0.910446 -0.663598 -0.957025 0.215712 0.193836 -0.232335 0.274491 0.88946 0.365399 0.478224 
1533662654668 -0.0937426 0.402909 -0.910427 -0.663523 -0.957028 0.215591 0.193951 -0.232354 0.274425 0.889486 0.365385 0.478289 
1533662654678 -0.0938969 0.402915 -0.910408 -0.663449 -0.957032 0.215471 0.194065 -0.232373 0.274358 0.889512 0.365371 0.478353 
1533662654688 -0.0940512 0.402922 -0.910389 -0.663375 -0.957036 0.21535 0.19418 -0.232392 0.274292 0.889538 0.365357 0.478418 
1533662654697 -0.0942065 0.402928 -0.91037 -0.6633 -0.95704 0.215229 0.194296 -0.23241 0.274225 0.889565 0.365342 0.478483 
1533662654707 -0.0943609 0.402935 -0.910351 -0.663226 -0.957044 0.215108 0.194411 -0.232429 0.274159 0.889591 0.365328 0.478547 
1533662654717 -0.0945153 0.402941 -0.910333 -0.663152 -0.957048 0.214988 0.194526 -0.232448 0.274092 0.889617 0.365314 0.478612 
1533662654734 0 0 0 0 0 0 0 0 0 0 0 0 
1533662654734 0 0 0 0 0 0 0 0 0 0 0 0 
1533662654734 0 0 0 0 0 0 0 0 0 0 0 0 
1533662654737 0 0 0 0 0 0 0 0 0 0 0 0 
1533662654748 -0.0945153 0.402941 -0.910333 -0.663152 -0.957048 0.214988 0.194526 -0.232448 0.274092 0.889617 0.365314 0.478612 
1533662654758 -0.0947936 0.402958 -0.910296 -0.663015 -0.957056 0.214763 0.194731 -0.232481 0.273967 0.889664 0.365295 0.478728 
1533662654768 -0.0949175 0.402968 -0.910279 -0.662952 -0.957061 0.21466 0.194823 -0.232497 0.273907 0.889684 0.36529 0.478781 
1533662654778 -0.0950426 0.402978 -0.910261 -0.662891 -0.957065 0.214556 0.194915 -0.232513 0.273848 0.889705 0.365284 0.478833 
1533662654787 -0.0951669 0.402988 -0.910244 -0.662828 -0.95707 0.214452 0.195006 -0.232529 0.273789 0.889725 0.365279 0.478886 
1533662654797 -0.0952913 0.402998 -0.910227 -0.662767 -0.957075 0.214348 0.195097 -0.232545 0.273729 0.889746 0.365273 0.478938 
1533662654808 -0.0954156 0.403008 -0.910209 -0.662705 -0.957079 0.214245 0.195189 -0.232561 0.27367 0.889766 0.365268 0.47899 
1533662654818 -0.0955401 0.403018 -0.910192 -0.662642 -0.957084 0.214141 0.19528 -0.232576 0.273611 0.889787 0.365263 0.479043 
1533662654827 -0.0956644 0.403028 -0.910174 -0.66258 -0.957088 0.214037 0.195372 -0.232592 0.273551 0.889807 0.365257 0.479095 
1533662654838 -0.0957887 0.403037 -0.910157 -0.662518 -0.957093 0.213933 0.195463 -0.232608 0.273492 0.889828 0.365252 0.479148 
1533662654856 0 0 0 0 0 0 0 0 0 0 0 0 
1533662654856 0 0 0 0 0 0 0 0 0 0 0 0 
1533662654866 -0.0957887 0.403037 -0.910157 -0.662518 -0.957093 0.213933 0.195463 -0.232608 0.273492 0.889828 0.365252 0.479148 
1533662654876 -0.0960222 0.403052 -0.910126 -0.662407 -0.957098 0.21375 0.195638 -0.232634 0.273391 0.889865 0.365235 0.479244 
1533662654886 -0.0961328 0.403055 -0.910113 -0.662354 -0.957099 0.213669 0.195722 -0.232647 0.27335 0.889883 0.365223 0.47929 
1533662654896 -0.0962432 0.403059 -0.910099 -0.662302 -0.9571 0.213589 0.195806 -0.23266 0.273308 0.889901 0.365211 0.479336 
1533662654906 -0.096353 0.403062 -0.910086 -0.662252 -0.9571 0.213509 0.19589 -0.232673 0.273267 0.889918 0.365199 0.479381 
1533662654916 -0.0964629 0.403066 -0.910073 -0.662202 -0.957101 0.213428 0.195974 -0.232686 0.273226 0.889936 0.365187 0.479426 
1533662654926 -0.0965727 0.40307 -0.91006 -0.662149 -0.957102 0.213348 0.196058 -0.232699 0.273184 0.889954 0.365175 0.479472 
1533662654936 -0.0966825 0.403074 -0.910046 -0.662098 -0.957103 0.213268 0.196141 -0.232712 0.273143 0.889971 0.365163 0.479517 
1533662654946 -0.0967923 0.403077 -0.910033 -0.662048 -0.957103 0.213188 0.196225 -0.232725 0.273102 0.889989 0.365152 0.479562 
1533662654956 -0.0969022 0.403081 -0.91002 -0.661997 -0.957104 0.213108 0.196309 -0.232737 0.27306 0.890006 0.36514 0.479608 
1533662654973 0 0 0 0 0 0 0 0 0 0 0 0 
1533662654973 0 0 0 0 0 0 0 0 0 0 0 0 
1533662654976 0 0 0 0 0 0 0 0 0 0 0 0 
1533662654986 -0.0969022 0.403081 -0.91002 -0.661997 -0.957104 0.213108 0.196309 -0.232737 0.27306 0.890006 0.36514 0.479608 
1533662654997 -0.0971003 0.403091 -0.909994 -0.661902 -0.957109 0.212949 0.196456 -0.23276 0.272972 0.890039 0.365125 0.479689 
1533662655006 -0.0971892 0.403097 -0.909982 -0.661856 -0.957114 0.212871 0.196519 -0.232772 0.272925 0.890055 0.365121 0.479727 
1533662655017 -0.0972774 0.403104 -0.90997 -0.661813 -0.957118 0.212793 0.196582 -0.232784 0.272878 0.890071 0.365118 0.479764 
1533662655026 -0.0973663 0.40311 -0.909957 -0.661767 -0.957122 0.212714 0.196645 -0.232796 0.27283 0.890087 0.365114 0.479802 
1533662655037 -0.0974546 0.403116 -0.909945 -0.661724 -0.957127 0.212636 0.196708 -0.232808 0.272783 0.890103 0.365111 0.479839 
1533662655047 -0.0975429 0.403122 -0.909933 -0.66168 -0.957131 0.212558 0.196771 -0.23282 0.272736 0.890119 0.365107 0.479876 
1533662655057 -0.0976313 0.403129 -0.909921 -0.661634 -0.957136 0.21248 0.196834 -0.232832 0.272689 0.890135 0.365104 0.479913 
1533662655067 -0.0977196 0.403135 -0.909908 -0.66159 -0.95714 0.212402 0.196897 -0.232844 0.272642 0.89015 0.365101 0.479951 
1533662655077 -0.0978079 0.403141 -0.909896 -0.661546 -0.957145 0.212324 0.19696 -0.232856 0.272595 0.890166 0.365097 0.479988 
1533662655093 0 0 0 0 0 0 0 0 0 0 0 0 
1533662655093 0 0 0 0 0 0 0 0 0 0 0 0 
1533662655093 0 0 0 0 0 0 0 0 0 0 0 0 
1533662655096 0 0 0 0 0 0 0 0 0 0 0 0 
1533662655106 -0.0978079 0.403141 -0.909896 -0.661546 -0.957145 0.212324 0.19696 -0.232856 0.272595 0.890166 0.365097 0.479988 
1533662655116 -0.0979824 0.403152 -0.909873 -0.661464 -0.957148 0.212185 0.19709 -0.232875 0.272519 0.890194 0.365086 0.480057 
1533662655126 -0.0980683 0.403156 -0.909861 -0.661428 -0.957148 0.212125 0.197157 -0.232885 0.272489 0.890207 0.365077 0.48009 
1533662655137 -0.0981556 0.40316 -0.90985 -0.661389 -0.957147 0.212064 0.197225 -0.232895 0.27246 0.890219 0.365069 0.480124 
1533662655146 -0.0982419 0.403165 -0.909839 -0.661353 -0.957147 0.212004 0.197293 -0.232905 0.272431 0.890232 0.36506 0.480157 
1533662655156 -0.0983282 0.403169 -0.909828 -0.661316 -0.957146 0.211944 0.19736 -0.232915 0.272402 0.890244 0.365052 0.480191 
1533662655166 -0.0984155 0.403173 -0.909816 -0.661277 -0.957146 0.211883 0.197428 -0.232925 0.272372 0.890257 0.365043 0.480225 
1533662655176 -0.0985019 0.403177 -0.909805 -0.66124 -0.957145 0.211822 0.197496 -0.232935 0.272343 0.890269 0.365034 0.480258 
1533662655186 -0.0985883 0.403181 -0.909794 -0.661203 -0.957144 0.211762 0.197563 -0.232945 0.272314 0.890282 0.365026 0.480291 
1533662655196 -0.0986748 0.403186 -0.909783 -0.661167 -0.957144 0.211702 0.197631 -0.232955 0.272284 0.890294 0.365017 0.480325 
1533662655214 0 0 0 0 0 0 0 0 0 0 0 0 
1533662655214 0 0 0 0 0 0 0 0 0 0 0 0 
1533662655217 0 0 0 0 0 0 0 0 0 0 0 0 
1533662655228 -0.0986748 0.403186 -0.909783 -0.661167 -0.957144 0.211702 0.197631 -0.232955 0.272284 0.890294 0.365017 0.480325 
1533662655238 -0.098826 0.403196 -0.909762 -0.661094 -0.957147 0.211583 0.197744 -0.232973 0.27222 0.890318 0.365008 0.480386 
1533662655248 -0.0988904 0.403202 -0.909752 -0.661062 -0.95715 0.211524 0.19779 -0.232982 0.272184 0.890329 0.365007 0.480413 
1533662655258 -0.0989558 0.403208 -0.909742 -0.661028 -0.957154 0.211466 0.197837 -0.232991 0.272149 0.89034 0.365006 0.480441 
1533662655268 -0.0990205 0.403214 -0.909733 -0.660995 -0.957157 0.211407 0.197883 -0.233 0.272113 0.890351 0.365005 0.480469 
1533662655278 -0.099085 0.40322 -0.909723 -0.66096 -0.95716 0.211349 0.197929 -0.233009 0.272078 0.890362 0.365005 0.480497 
1533662655288 -0.0991505 0.403226 -0.909713 -0.660927 -0.957164 0.21129 0.197975 -0.233018 0.272042 0.890374 0.365004 0.480525 
1533662655298 -0.0992152 0.403232 -0.909703 -0.660894 -0.957167 0.211231 0.198021 -0.233027 0.272006 0.890385 0.365003 0.480553 
1533662655308 -0.0992799 0.403238 -0.909694 -0.660861 -0.957171 0.211173 0.198067 -0.233035 0.271971 0.890396 0.365002 0.48058 
1533662655318 -0.0993447 0.403244 -0.909684 -0.660826 -0.957174 0.211114 0.198114 -0.233044 0.271935 0.890407 0.365002 0.480608 
1533662655333 0 0 0 0 0 0 0 0 0 0 0 0 
1533662655333 0 0 0 0 0 0 0 0 0 0 0 0 
1533662655334 0 0 0 0 0 0 0 0 0 0 0 0 
1533662655337 0 0 0 0 0 0 0 0 0 0 0 0 
1533662655348 -0.0993447 0.403244 -0.909684 -0.660826 -0.957174 0.211114 0.198114 -0.233044 0.271935 0.890407 0.365002 0.480608 
1533662655358 -0.0994654 0.403255 -0.909666 -0.660763 -0.957178 0.211011 0.198202 -0.233059 0.271875 0.890427 0.364999 0.48066 
1533662655368 -0.0995212 0.40326 -0.909658 -0.660735 -0.957179 0.210967 0.198244 -0.233065 0.271851 0.890435 0.364996 0.480685 
1533662655378 -0.0995779 0.403265 -0.909649 -0.660704 -0.95718 0.210922 0.198287 -0.233072 0.271827 0.890444 0.364994 0.48071 
1533662655388 -0.099634 0.403269 -0.909641 -0.660676 -0.957182 0.210877 0.198329 -0.233079 0.271802 0.890452 0.364992 0.480735 
1533662655398 -0.09969 0.403274 -0.909633 -0.660645 -0.957183 0.210833 0.198371 -0.233086 0.271778 0.89046 0.364989 0.48076 
1533662655408 -0.099746 0.403279 -0.909625 -0.660616 -0.957184 0.210788 0.198413 -0.233093 0.271754 0.890469 0.364987 0.480785 
1533662655418 -0.099802 0.403284 -0.909616 -0.660587 -0.957185 0.210743 0.198456 -0.2331 0.27173 0.890477 0.364984 0.48081 
1533662655428 -0.0998589 0.403288 -0.909608 -0.660558 -0.957186 0.210698 0.198498 -0.233106 0.271705 0.890486 0.364982 0.480835 
1533662655438 -0.0999152 0.403293 -0.9096 -0.660527 -0.957187 0.210654 0.198541 -0.233113 0.271681 0.890494 0.364979 0.48086 
1533662655454 0 0 0 0 0 0 0 0 0 0 0 0 
1533662655454 0 0 0 0 0 0 0 0 0 0 0 0 
1533662655454 0 0 0 0 0 0 0 0 0 0 0 0 
1533662655457 0 0 0 0 0 0 0 0 0 0 0 0 
1533662655468 -0.0999152 0.403293 -0.9096 -0.660527 -0.957187 0.210654 0.198541 -0.233113 0.271681 0.890494 0.364979 0.48086 
1533662655478 -0.100017 0.4033 -0.909586 -0.660473 -0.957191 0.210566 0.198614 -0.233124 0.271629 0.890512 0.364975 0.480905 
1533662655488 -0.100064 0.403301 -0.90958 -0.660446 -0.957194 0.210522 0.198646 -0.233131 0.2716 0.890522 0.364972 0.480928 
1533662655498 -0.100112 0.403302 -0.909574 -0.660419 -0.957197 0.210477 0.198678 -0.233138 0.271572 0.890532 0.364968 0.48095 
1533662655508 -0.100158 0.403304 -0.909568 -0.660394 -0.9572 0.210434 0.19871 -0.233145 0.271544 0.890541 0.364965 0.480972 
1533662655518 -0.100205 0.403305 -0.909563 -0.660368 -0.957203 0.21039 0.198742 -0.233151 0.271516 0.890551 0.364963 0.480994 
1533662655528 -0.100252 0.403306 -0.909557 -0.660341 -0.957206 0.210346 0.198773 -0.233158 0.271488 0.890561 0.36496 0.481016 
1533662655538 -0.100299 0.403308 -0.909551 -0.660315 -0.957209 0.210302 0.198805 -0.233164 0.27146 0.890571 0.364957 0.481038 
1533662655548 -0.100345 0.403309 -0.909545 -0.66029 -0.957212 0.210258 0.198837 -0.23317 0.271432 0.89058 0.364954 0.48106 
1533662655558 -0.100392 0.40331 -0.90954 -0.660264 -0.957215 0.210214 0.198868 -0.233177 0.271404 0.89059 0.364951 0.481082 
1533662655572 0 0 0 0 0 0 0 0 0 0 0 0 
1533662655572 0 0 0 0 0 0 0 0 0 0 0 0 
1533662655574 0 0 0 0 0 0 0 0 0 0 0 0 
1533662655577 0 0 0 0 0 0 0 0 0 0 0 0 
1533662655588 -0.100392 0.40331 -0.90954 -0.660264 -0.957215 0.210214 0.198868 -0.233177 0.271404 0.89059 0.364951 0.481082 
1533662655598 -0.100489 0.403315 -0.909527 -0.660215 -0.957219 0.210133 0.198938 -0.233187 0.271357 0.890607 0.364944 0.481122 
1533662655608 -0.10054 0.403317 -0.90952 -0.660191 -0.957219 0.210096 0.198978 -0.233193 0.271338 0.890615 0.36494 0.481143 
1533662655618 -0.10059 0.40332 -0.909513 -0.660169 -0.957219 0.21006 0.199016 -0.233199 0.271319 0.890622 0.364936 0.481162 
1533662655628 -0.10064 0.403323 -0.909507 -0.660148 -0.957219 0.210023 0.199054 -0.233204 0.271301 0.890629 0.364932 0.481182 
1533662655638 -0.100691 0.403326 -0.9095 -0.660123 -0.957219 0.209986 0.199094 -0.233211 0.271282 0.890637 0.364927 0.481203 
1533662655648 -0.100741 0.403329 -0.909493 -0.660101 -0.957219 0.209949 0.199132 -0.233217 0.271263 0.890644 0.364923 0.481223 
1533662655658 -0.100791 0.403332 -0.909486 -0.660078 -0.957219 0.209912 0.199171 -0.233222 0.271244 0.890652 0.364919 0.481242 
1533662655668 -0.100841 0.403334 -0.909479 -0.660056 -0.957219 0.209876 0.19921 -0.233228 0.271226 0.890659 0.364915 0.481262 
1533662655678 -0.100892 0.403337 -0.909472 -0.660031 -0.957219 0.209838 0.199249 -0.233234 0.271207 0.890667 0.364911 0.481283 
1533662655692 0 0 0 0 0 0 0 0 0 0 0 0 
1533662655692 0 0 0 0 0 0 0 0 0 0 0 0 
1533662655694 0 0 0 0 0 0 0 0 0 0 0 0 
1533662655698 0 0 0 0 0 0 0 0 0 0 0 0 
1533662655708 -0.100892 0.403337 -0.909472 -0.660031 -0.957219 0.209838 0.199249 -0.233234 0.271207 0.890667 0.364911 0.481283 
1533662655718 -0.100985 0.403341 -0.90946 -0.659989 -0.957219 0.209771 0.19932 -0.233244 0.271173 0.890681 0.364902 0.48132 
1533662655728 -0.101028 0.403342 -0.909455 -0.659968 -0.957218 0.20974 0.199354 -0.233249 0.271157 0.890688 0.364897 0.481339 
1533662655738 -0.101071 0.403343 -0.90945 -0.659948 -0.957218 0.20971 0.199386 -0.233254 0.271142 0.890694 0.364892 0.481357 
1533662655748 -0.101114 0.403344 -0.909445 -0.659929 -0.957218 0.209679 0.199419 -0.233259 0.271126 0.890701 0.364886 0.481375 
1533662655758 -0.101157 0.403345 -0.90944 -0.659909 -0.957218 0.209649 0.199452 -0.233263 0.271111 0.890708 0.364881 0.481393 
1533662655768 -0.101201 0.403345 -0.909434 -0.659887 -0.957218 0.209617 0.199486 -0.233269 0.271095 0.890715 0.364876 0.481412 
1533662655778 -0.101244 0.403346 -0.909429 -0.659867 -0.957218 0.209587 0.199519 -0.233274 0.27108 0.890722 0.364871 0.48143 
1533662655788 -0.101287 0.403347 -0.909424 -0.659847 -0.957217 0.209556 0.199552 -0.233279 0.271064 0.890729 0.364866 0.481448 
1533662655798 -0.10133 0.403348 -0.909419 -0.659828 -0.957217 0.209525 0.199585 -0.233284 0.271049 0.890735 0.364861 0.481467 
1533662655813 0 0 0 0 0 0 0 0 0 0 0 0 
1533662655813 0 0 0 0 0 0 0 0 0 0 0 0 
1533662655814 0 0 0 0 0 0 0 0 0 0 0 0 
1533662655817 0 0 0 0 0 0 0 0 0 0 0 0 
1533662655828 -0.10133 0.403348 -0.909419 -0.659828 -0.957217 0.209525 0.199585 -0.233284 0.271049 0.890735 0.364861 0.481467 
1533662655838 -0.101411 0.40335 -0.909409 -0.659787 -0.957219 0.209462 0.199645 -0.233293 0.271013 0.890749 0.364852 0.481501 
1533662655848 -0.101448 0.403351 -0.909404 -0.65977 -0.95722 0.209429 0.199671 -0.233297 0.270993 0.890757 0.36485 0.481516 
1533662655858 -0.101486 0.403352 -0.9094 -0.65975 -0.957222 0.209396 0.199698 -0.233303 0.270973 0.890764 0.364846 0.481533 
1533662655868 -0.101523 0.403353 -0.909395 -0.659732 -0.957224 0.209364 0.199724 -0.233308 0.270954 0.890771 0.364843 0.481548 
1533662655878 -0.101561 0.403354 -0.909391 -0.659715 -0.957225 0.209331 0.19975 -0.233313 0.270934 0.890778 0.364841 0.481564 
1533662655888 -0.101599 0.403354 -0.909386 -0.659694 -0.957227 0.209298 0.199777 -0.233318 0.270914 0.890786 0.364837 0.481581 
1533662655898 -0.101636 0.403355 -0.909381 -0.659676 -0.957229 0.209265 0.199803 -0.233323 0.270894 0.890793 0.364834 0.481597 
1533662655908 -0.101674 0.403356 -0.909377 -0.659658 -0.95723 0.209233 0.19983 -0.233328 0.270874 0.8908 0.364831 0.481612 
1533662655918 -0.101711 0.403357 -0.909372 -0.65964 -0.957232 0.2092 0.199856 -0.233333 0.270854 0.890808 0.364828 0.481628 
1533662655932 0 0 0 0 0 0 0 0 0 0 0 0 
1533662655932 0 0 0 0 0 0 0 0 0 0 0 0 
1533662655934 0 0 0 0 0 0 0 0 0 0 0 0 
1533662655938 0 0 0 0 0 0 0 0 0 0 0 0 
1533662655948 -0.101711 0.403357 -0.909372 -0.65964 -0.957232 0.2092 0.199856 -0.233333 0.270854 0.890808 0.364828 0.481628 
1533662655958 -0.101777 0.403361 -0.909363 -0.659602 -0.957238 0.209133 0.199899 -0.233342 0.270809 0.890822 0.364828 0.481657 
1533662655968 -0.101805 0.403365 -0.909358 -0.659586 -0.957242 0.209098 0.199916 -0.233347 0.270784 0.890828 0.36483 0.48167 
1533662655978 -0.101834 0.403368 -0.909354 -0.659568 -0.957246 0.209063 0.199933 -0.233352 0.270759 0.890835 0.364832 0.481685 
1533662655988 -0.101863 0.403371 -0.909349 -0.659551 -0.95725 0.209029 0.19995 -0.233357 0.270734 0.890842 0.364835 0.481698 
1533662655998 -0.101892 0.403374 -0.909344 -0.659532 -0.957254 0.208994 0.199967 -0.233362 0.270709 0.890848 0.364837 0.481712 
1533662656008 -0.10192 0.403378 -0.90934 -0.659515 -0.957258 0.208959 0.199984 -0.233367 0.270684 0.890855 0.364839 0.481725 
1533662656018 -0.101948 0.403381 -0.909335 -0.659498 -0.957262 0.208924 0.2 -0.233371 0.270659 0.890862 0.364842 0.481738 
1533662656028 -0.101977 0.403384 -0.90933 -0.659481 -0.957266 0.20889 0.200017 -0.233376 0.270634 0.890868 0.364844 0.481752 
1533662656038 -0.102005 0.403387 -0.909326 -0.659462 -0.95727 0.208855 0.200034 -0.233381 0.270609 0.890875 0.364846 0.481766 
1533662656052 0 0 0 0 0 0 0 0 0 0 0 0 
1533662656052 0 0 0 0 0 0 0 0 0 0 0 0 
1533662656054 0 0 0 0 0 0 0 0 0 0 0 0 
1533662656057 0 0 0 0 0 0 0 0 0 0 0 0 
1533662656068 -0.102005 0.403387 -0.909326 -0.659462 -0.95727 0.208855 0.200034 -0.233381 0.270609 0.890875 0.364846 0.481766 
1533662656078 -0.10205 0.403389 -0.90932 -0.659429 -0.957281 0.208786 0.200054 -0.233389 0.270553 0.89089 0.36485 0.48179 
1533662656088 -0.102067 0.403388 -0.909319 -0.659414 -0.957288 0.208753 0.200057 -0.233393 0.270523 0.890899 0.364852 0.481802 
1533662656098 -0.102084 0.403386 -0.909317 -0.659396 -0.957294 0.208718 0.20006 -0.233398 0.270493 0.890907 0.364853 0.481815 
1533662656108 -0.1021 0.403385 -0.909316 -0.659381 -0.957301 0.208684 0.200064 -0.233402 0.270463 0.890916 0.364854 0.481827 
1533662656118 -0.102117 0.403384 -0.909315 -0.659363 -0.957308 0.20865 0.200067 -0.233406 0.270433 0.890925 0.364856 0.48184 
1533662656128 -0.102134 0.403382 -0.909314 -0.659348 -0.957315 0.208616 0.20007 -0.23341 0.270402 0.890933 0.364857 0.481852 
1533662656138 -0.102151 0.403381 -0.909312 -0.659332 -0.957321 0.208582 0.200073 -0.233414 0.270372 0.890942 0.364858 0.481864 
1533662656148 -0.102167 0.403379 -0.909311 -0.659314 -0.957328 0.208548 0.200076 -0.233418 0.270342 0.89095 0.364859 0.481876 
1533662656158 -0.102184 0.403378 -0.90931 -0.659298 -0.957335 0.208514 0.20008 -0.233422 0.270312 0.890959 0.364861 0.481888 
1533662656171 0 0 0 0 0 0 0 0 0 0 0 0 
1533662656171 0 0 0 0 0 0 0 0 0 0 0 0 
1533662656174 0 0 0 0 0 0 0 0 0 0 0 0 
1533662656178 0 0 0 0 0 0 0 0 0 0 0 0 
1533662656188 -0.102184 0.403378 -0.90931 -0.659298 -0.957335 0.208514 0.20008 -0.233422 0.270312 0.890959 0.364861 0.481888 
1533662656198 -0.102228 0.403378 -0.909305 -0.659267 -0.957344 0.208454 0.200101 -0.233429 0.270264 0.890973 0.364862 0.481911 
1533662656208 -0.102254 0.40338 -0.909301 -0.659254 -0.957346 0.208428 0.200119 -0.233432 0.270247 0.890978 0.364861 0.481922 
1533662656218 -0.102281 0.403381 -0.909298 -0.659239 -0.957347 0.208401 0.200137 -0.233436 0.27023 0.890984 0.36486 0.481935 
1533662656228 -0.102308 0.403383 -0.909294 -0.659225 -0.957349 0.208375 0.200155 -0.23344 0.270213 0.890989 0.36486 0.481946 
1533662656238 -0.102335 0.403385 -0.90929 -0.659212 -0.957351 0.208349 0.200173 -0.233444 0.270196 0.890995 0.364859 0.481958 
1533662656248 -0.102362 0.403386 -0.909286 -0.659198 -0.957353 0.208323 0.200191 -0.233448 0.270179 0.891 0.364859 0.481969 
1533662656258 -0.102389 0.403388 -0.909283 -0.659182 -0.957355 0.208296 0.200209 -0.233452 0.270162 0.891006 0.364858 0.481982 
1533662656268 -0.102416 0.403389 -0.909279 -0.659168 -0.957357 0.20827 0.200227 -0.233456 0.270145 0.891011 0.364857 0.481993 
1533662656278 -0.102443 0.403391 -0.909275 -0.659155 -0.957359 0.208244 0.200245 -0.23346 0.270128 0.891017 0.364857 0.482005 
1533662656294 0 0 0 0 0 0 0 0 0 0 0 0 
1533662656294 0 0 0 0 0 0 0 0 0 0 0 0 
1533662656298 0 0 0 0 0 0 0 0 0 0 0 0 
1533662656308 -0.102443 0.403391 -0.909275 -0.659155 -0.957359 0.208244 0.200245 -0.23346 0.270128 0.891017 0.364857 0.482005 
1533662656318 -0.102513 0.40337 -0.909277 -0.659129 -0.957366 0.208176 0.200285 -0.233468 0.270078 0.891042 0.364832 0.48203 
1533662656328 -0.102556 0.403347 -0.909282 -0.659119 -0.95737 0.208135 0.200306 -0.233474 0.270046 0.891062 0.364807 0.482044 
1533662656338 -0.1026 0.403325 -0.909287 -0.65911 -0.957374 0.208093 0.200328 -0.233479 0.270014 0.891082 0.364782 0.482057 
1533662656348 -0.102644 0.403302 -0.909292 -0.659101 -0.957379 0.208052 0.20035 -0.233486 0.269981 0.891102 0.364757 0.482072 
1533662656358 -0.102687 0.403279 -0.909297 -0.659092 -0.957383 0.208011 0.200372 -0.233492 0.269949 0.891121 0.364733 0.482086 
1533662656368 -0.102731 0.403257 -0.909302 -0.659082 -0.957388 0.207969 0.200393 -0.233498 0.269917 0.891141 0.364708 0.4821 
1533662656378 -0.102774 0.403234 -0.909307 -0.659073 -0.957392 0.207928 0.200415 -0.233504 0.269884 0.891161 0.364684 0.482113 
1533662656388 -0.102819 0.403211 -0.909312 -0.659065 -0.957397 0.207886 0.200437 -0.233511 0.269852 0.891181 0.364658 0.482128 
1533662656398 -0.102862 0.403188 -0.909318 -0.659056 -0.957401 0.207845 0.200459 -0.233518 0.26982 0.891201 0.364634 0.482142 
1533662656412 0 0 0 0 0 0 0 0 0 0 0 0 
1533662656412 0 0 0 0 0 0 0 0 0 0 0 0 
1533662656414 0 0 0 0 0 0 0 0 0 0 0 0 
1533662656418 0 0 0 0 0 0 0 0 0 0 0 0 
1533662656428 -0.102862 0.403188 -0.909318 -0.659056 -0.957401 0.207845 0.200459 -0.233518 0.26982 0.891201 0.364634 0.482142 
1533662656438 -0.102928 0.403171 -0.909318 -0.659038 -0.957405 0.207786 0.200499 -0.233527 0.269779 0.891223 0.364611 0.482166 
1533662656448 -0.102949 0.403177 -0.909313 -0.659026 -0.957405 0.207769 0.200516 -0.23353 0.269771 0.891224 0.364614 0.482176 
1533662656458 -0.102972 0.403182 -0.909308 -0.659014 -0.957405 0.207752 0.200535 -0.233533 0.269762 0.891226 0.364616 0.482186 
1533662656468 -0.102994 0.403187 -0.909303 -0.659002 -0.957405 0.207735 0.200552 -0.233536 0.269754 0.891227 0.364618 0.482196 
1533662656478 -0.103016 0.403193 -0.909298 -0.65899 -0.957405 0.207718 0.20057 -0.233539 0.269746 0.891229 0.364621 0.482206 
1533662656488 -0.103038 0.403198 -0.909293 -0.658978 -0.957405 0.207701 0.200588 -0.233541 0.269738 0.89123 0.364623 0.482215 
1533662656498 -0.103059 0.403204 -0.909288 -0.658966 -0.957405 0.207684 0.200606 -0.233544 0.269729 0.891232 0.364626 0.482225 
1533662656508 -0.103081 0.403209 -0.909284 -0.658955 -0.957405 0.207667 0.200624 -0.233546 0.269721 0.891233 0.364628 0.482235 
1533662656518 -0.103103 0.403215 -0.909279 -0.658943 -0.957405 0.20765 0.200641 -0.233549 0.269713 0.891235 0.36463 0.482245 
1533662656532 0 0 0 0 0 0 0 0 0 0 0 0 
1533662656532 0 0 0 0 0 0 0 0 0 0 0 0 
1533662656534 0 0 0 0 0 0 0 0 0 0 0 0 
1533662656538 0 0 0 0 0 0 0 0 0 0 0 0 
1533662656548 -0.103103 0.403215 -0.909279 -0.658943 -0.957405 0.20765 0.200641 -0.233549 0.269713 0.891235 0.36463 0.482245 
1533662656558 -0.103234 0.403208 -0.909267 -0.658879 -0.957407 0.207549 0.200736 -0.233576 0.269655 0.891261 0.364608 0.482296 
1533662656568 -0.103343 0.403196 -0.90926 -0.65883 -0.957409 0.207465 0.200812 -0.233601 0.269606 0.891286 0.364584 0.482337 
1533662656578 -0.103451 0.403185 -0.909252 -0.658781 -0.957412 0.207381 0.200888 -0.233625 0.269557 0.891311 0.36456 0.482378 
