1533061778814 0.293216 0.939495 0.177128 -0.400559 -0.947895 0.26154 0.181914 -0.240068 0.124581 -0.221239 0.96723 0.316356 
1533061779898 0.278932 0.957004 0.079631 -0.423972 -0.947486 0.260752 0.185144 -0.23806 0.156419 -0.127092 0.97948 0.328886 
1533061781030 0.261434 0.96504 -0.0187327 -0.447468 -0.946998 0.260203 0.188384 -0.236053 0.186672 -0.03151 0.981917 0.341437 
1533061782153 0.240912 0.963483 -0.116888 -0.47094 -0.946402 0.259905 0.191763 -0.234037 0.21514 0.0644251 0.974456 0.353914 
1533061783266 0.217866 0.952277 -0.213782 -0.494423 -0.945667 0.260139 0.195041 -0.232022 0.241346 0.159674 0.957213 0.366414 
1533061784416 0.192072 0.931665 -0.308397 -0.517899 -0.9449 0.260448 0.198318 -0.229996 0.265087 0.253313 0.930356 0.378955 
1533061785584 0.164169 0.901736 -0.3999 -0.541398 -0.944014 0.261223 0.201493 -0.227974 0.286157 0.344433 0.894136 0.391458 
1533061786741 0.134316 0.862837 -0.48731 -0.564844 -0.943042 0.262339 0.204573 -0.225964 0.304354 0.432076 0.848928 0.403946 
1533061787908 0.10258 0.815366 -0.569785 -0.588273 -0.942056 0.263549 0.207539 -0.2239 0.319386 0.51548 0.795155 0.416425 
1533061789147 0.069629 0.759908 -0.646291 -0.61078 -0.940997 0.26511 0.210336 -0.221949 0.331174 0.593513 0.73353 0.428242 
1533061789254 0.0696793 0.759878 -0.64632 -0.610777 -0.941014 0.265119 0.21025 -0.221994 0.331116 0.593546 0.733529 0.428245 
1533061789727 0.0662737 0.753878 -0.653663 -0.613249 -0.940847 0.265377 0.210672 -0.221696 0.332288 0.601035 0.726871 0.429539 
1533061790213 0.0629923 0.74789 -0.660827 -0.61567 -0.940737 0.265585 0.210901 -0.221505 0.333236 0.608379 0.720298 0.430934 
1533061790665 0.0595911 0.741686 -0.668095 -0.618109 -0.940678 0.26568 0.211041 -0.22134 0.334025 0.615886 0.713521 0.432178 
1533061791124 0.056193 0.735495 -0.675196 -0.620546 -0.940532 0.265918 0.211391 -0.221103 0.335024 0.623165 0.706699 0.433542 
1533061791573 0.052886 0.729231 -0.682221 -0.622956 -0.940426 0.266143 0.21158 -0.220954 0.335859 0.630389 0.699863 0.434909 
1533061792053 0.0494875 0.722797 -0.689286 -0.62544 -0.940289 0.26641 0.211854 -0.220734 0.33676 0.637644 0.692822 0.436191 
1533061792563 0.0459109 0.716437 -0.696139 -0.627888 -0.940215 0.266415 0.212175 -0.220423 0.337473 0.64478 0.685836 0.43759 
1533061793033 0.0426648 0.709829 -0.703081 -0.63031 -0.940077 0.266795 0.212309 -0.220295 0.338281 0.651893 0.678677 0.438795 
1533061793529 0.0392241 0.703352 -0.709758 -0.632658 -0.93994 0.267007 0.212652 -0.220054 0.339079 0.658789 0.671582 0.440176 
1533061793542 0.0392004 0.703323 -0.709789 -0.632662 -0.939951 0.26698 0.212636 -0.220056 0.339051 0.658831 0.671555 0.440165 
1533061793757 0.0394208 0.702999 -0.710098 -0.632711 -0.940342 0.266443 0.211577 -0.220044 0.337938 0.659394 0.671563 0.440044 
1533061793957 0.0393998 0.702908 -0.710189 -0.63274 -0.940804 0.265555 0.210639 -0.219899 0.336654 0.659849 0.671761 0.44004 
1533061794192 0.0394536 0.702597 -0.710494 -0.632831 -0.941269 0.264764 0.209553 -0.219845 0.335344 0.660498 0.671779 0.439909 
1533061794381 0.0395771 0.702331 -0.710749 -0.632902 -0.941662 0.264138 0.208575 -0.219761 0.334225 0.661031 0.671813 0.439848 
1533061794583 0.0397576 0.702171 -0.710897 -0.632946 -0.94214 0.263342 0.207419 -0.219716 0.332852 0.661519 0.672014 0.439811 
1533061794833 0.0397732 0.70175 -0.711312 -0.633083 -0.943009 0.261738 0.205491 -0.219469 0.330381 0.662601 0.672167 0.43962 
1533061795105 0.0399572 0.701523 -0.711526 -0.63311 -0.943484 0.260956 0.204304 -0.219427 0.329001 0.66315 0.672302 0.439575 
1533061795336 0.039898 0.701245 -0.711803 -0.633188 -0.943897 0.260167 0.2034 -0.219324 0.327821 0.663754 0.672283 0.439466 
1533061795349 0.0398928 0.701252 -0.711797 -0.633189 -0.943901 0.260154 0.203399 -0.219314 0.327811 0.663751 0.67229 0.439464 
1533061795533 0.0393594 0.701062 -0.712014 -0.633211 -0.944062 0.259572 0.203392 -0.219252 0.327409 0.66418 0.672063 0.43958 
1533061795695 0.0391274 0.700844 -0.712241 -0.63322 -0.944176 0.25927 0.203252 -0.219309 0.327111 0.664527 0.671864 0.43964 
1533061795892 0.0387657 0.70065 -0.712452 -0.633236 -0.944368 0.258724 0.203053 -0.21936 0.326597 0.664945 0.671701 0.439787 
1533061796108 0.0383401 0.700341 -0.712778 -0.633274 -0.944501 0.258295 0.202983 -0.219376 0.326264 0.665437 0.671376 0.439854 
1533061796289 0.0378038 0.699933 -0.713208 -0.633294 -0.944835 0.257416 0.202543 -0.219496 0.325358 0.666207 0.671052 0.440061 
1533061796491 0.0375761 0.699646 -0.713501 -0.633275 -0.944963 0.257103 0.202344 -0.219608 0.325012 0.666629 0.6708 0.440236 
1533061796650 0.0370679 0.69952 -0.713651 -0.633293 -0.945135 0.256489 0.202319 -0.219584 0.32457 0.666997 0.670648 0.440286 
1533061796849 0.0365968 0.699266 -0.713924 -0.633327 -0.945251 0.256048 0.202336 -0.219557 0.324285 0.667433 0.670352 0.440424 
1533061796862 0.0365988 0.699271 -0.713919 -0.633326 -0.945251 0.256048 0.202337 -0.219557 0.324286 0.667427 0.670358 0.440432 
1533061796879 0.0366057 0.699286 -0.713904 -0.633325 -0.945249 0.256052 0.202341 -0.219555 0.324291 0.66741 0.670372 0.440457 
1533061797109 0.0364606 0.699355 -0.713844 -0.63332 -0.945349 0.255741 0.202265 -0.219555 0.324014 0.667457 0.670459 0.440541 
1533061797205 0.0364 0.699334 -0.713868 -0.633324 -0.945374 0.25566 0.202251 -0.219555 0.323948 0.66751 0.670438 0.440551 
1533061797344 0.0362573 0.699249 -0.713958 -0.633339 -0.94546 0.255424 0.202149 -0.219562 0.323714 0.667689 0.670373 0.440585 
1533061797402 0.0362056 0.699225 -0.713984 -0.633344 -0.945502 0.255314 0.20209 -0.219567 0.323596 0.667757 0.670363 0.440598 
1533061797568 0.0360463 0.699229 -0.713988 -0.633368 -0.945625 0.254966 0.201955 -0.219564 0.323255 0.667885 0.670399 0.440678 
1533061797696 0.0360373 0.699267 -0.713951 -0.633374 -0.945656 0.254885 0.20191 -0.219567 0.323164 0.667876 0.670452 0.440742 
1533061797709 0.0360352 0.699271 -0.713948 -0.633374 -0.94566 0.254876 0.201906 -0.219566 0.323155 0.667876 0.670457 0.440747 
1533061797922 0.0360276 0.699148 -0.714069 -0.633389 -0.945774 0.254671 0.201631 -0.219582 0.322822 0.668083 0.670411 0.440797 
1533061798160 0.0358891 0.699044 -0.714177 -0.633363 -0.945843 0.254476 0.201553 -0.219475 0.322636 0.668266 0.670319 0.44083 
1533061798340 0.0359816 0.698944 -0.714271 -0.633358 -0.945888 0.254465 0.201355 -0.219511 0.322493 0.668375 0.670278 0.440865 
1533061798503 0.0360316 0.698735 -0.714473 -0.633351 -0.945918 0.25449 0.201181 -0.219553 0.322398 0.668584 0.670116 0.440885 
1533061798665 0.0361174 0.698522 -0.714676 -0.633318 -0.945965 0.254502 0.200944 -0.219621 0.322251 0.668801 0.66997 0.440918 
1533061798863 0.0361412 0.698345 -0.714848 -0.633287 -0.946107 0.254271 0.200567 -0.219596 0.32183 0.669074 0.669899 0.441022 
1533061799028 0.0360222 0.698304 -0.714894 -0.633271 -0.946231 0.253955 0.200383 -0.219564 0.321479 0.669237 0.669905 0.441131 
1533061799185 0.0360588 0.698177 -0.715016 -0.633273 -0.94626 0.253953 0.200252 -0.219552 0.321392 0.66937 0.669814 0.441184 
1533061799199 0.0360685 0.698162 -0.715031 -0.633274 -0.946262 0.253957 0.200233 -0.219552 0.321383 0.669385 0.669804 0.441189 
1533061799384 0.0356574 0.698035 -0.715175 -0.633262 -0.946384 0.2535 0.200239 -0.219608 0.321071 0.66969 0.669648 0.441246 
1533061799565 0.0355882 0.697941 -0.71527 -0.633191 -0.946459 0.253329 0.2001 -0.219809 0.320857 0.669852 0.669588 0.441289 
1533061799742 0.0352453 0.697754 -0.71547 -0.6332 -0.946473 0.253152 0.200259 -0.219825 0.320854 0.670115 0.669328 0.441325 
1533061799913 0.0350674 0.697607 -0.715622 -0.633157 -0.946511 0.25301 0.200259 -0.219961 0.320762 0.670321 0.669165 0.441381 
1533061800108 0.0347061 0.697457 -0.715786 -0.633136 -0.946609 0.252634 0.200267 -0.220052 0.320509 0.670619 0.668987 0.441397 
1533061800313 0.0346239 0.697257 -0.715984 -0.633082 -0.946641 0.252574 0.20019 -0.220235 0.320423 0.670849 0.668798 0.441424 
1533061800655 0.0341261 0.697124 -0.716137 -0.633077 -0.946717 0.252161 0.200352 -0.220266 0.320252 0.671143 0.668585 0.441497 
1533061800852 0.0337091 0.696791 -0.716482 -0.633017 -0.946858 0.251714 0.200248 -0.220509 0.31988 0.671656 0.668248 0.441502 
1533061800866 0.0337251 0.696772 -0.716499 -0.633013 -0.946854 0.251738 0.20024 -0.220524 0.319891 0.671667 0.668231 0.441502 
1533061801119 0.0328877 0.696674 -0.716634 -0.632927 -0.947009 0.250948 0.200499 -0.220721 0.31952 0.672064 0.668009 0.441504 
1533061801328 0.0325896 0.696517 -0.716799 -0.63287 -0.947082 0.250662 0.20051 -0.220902 0.319333 0.672333 0.667828 0.4415 
1533061801533 0.032348 0.696479 -0.716848 -0.632806 -0.947179 0.250326 0.200472 -0.221104 0.31907 0.672499 0.667787 0.441517 
1533061801757 0.0319445 0.696466 -0.716878 -0.632768 -0.947163 0.250125 0.200797 -0.221175 0.319157 0.672586 0.667657 0.441588 
1533061801945 0.0318609 0.6964 -0.716946 -0.632701 -0.947222 0.24997 0.200712 -0.221405 0.318991 0.672712 0.66761 0.441599 
1533061802164 0.0313473 0.696238 -0.717126 -0.63268 -0.947317 0.249511 0.200834 -0.221514 0.318759 0.67305 0.66738 0.441573 
1533061802335 0.0312151 0.696167 -0.717201 -0.632593 -0.947359 0.249364 0.200818 -0.221744 0.318647 0.673178 0.667304 0.44164 
1533061802513 0.030883 0.696175 -0.717207 -0.632547 -0.947399 0.249082 0.200983 -0.22184 0.318563 0.673274 0.667248 0.441669 
1533061802526 0.0308521 0.696173 -0.717211 -0.632545 -0.947402 0.249057 0.200997 -0.221846 0.318555 0.673286 0.66724 0.441669 
1533061802841 0.0308058 0.696157 -0.717228 -0.632492 -0.947302 0.249245 0.201235 -0.22193 0.318857 0.673233 0.667149 0.441733 
1533061803025 0.0307146 0.696014 -0.717371 -0.632417 -0.947358 0.249114 0.201136 -0.222075 0.318701 0.673429 0.667026 0.441695 
1533061803223 0.0305228 0.696021 -0.717373 -0.63236 -0.947226 0.249276 0.201554 -0.222072 0.31911 0.673362 0.666897 0.441752 
1533061803432 0.0303493 0.695899 -0.717498 -0.632271 -0.947253 0.24915 0.201582 -0.222158 0.319046 0.673535 0.666754 0.441729 
1533061803585 0.0303113 0.695882 -0.717516 -0.632181 -0.947171 0.249307 0.201777 -0.222257 0.319294 0.673494 0.666676 0.441745 
1533061803808 0.0301462 0.695703 -0.717697 -0.632135 -0.947067 0.249477 0.202051 -0.222307 0.319617 0.673616 0.666398 0.441721 
1533061803943 0.0301369 0.695664 -0.717735 -0.632056 -0.947077 0.249463 0.202025 -0.222454 0.31959 0.673662 0.666365 0.44173 
1533061804147 0.0298371 0.695668 -0.717744 -0.631983 -0.947056 0.249328 0.20229 -0.222488 0.31968 0.673707 0.666275 0.441758 
1533061804310 0.0298668 0.695554 -0.717853 -0.63192 -0.946961 0.249576 0.202425 -0.222583 0.319956 0.673733 0.666117 0.441781 
1533061804323 0.0298361 0.695545 -0.717863 -0.631918 -0.946961 0.249561 0.202444 -0.222583 0.319959 0.673749 0.6661 0.441781 
1533061804509 0.0296788 0.695484 -0.717929 -0.631834 -0.946937 0.249536 0.202589 -0.22259 0.320046 0.673821 0.665985 0.441773 
1533061804674 0.0296044 0.69545 -0.717964 -0.631711 -0.946945 0.249485 0.202616 -0.22264 0.32003 0.673874 0.665938 0.441767 
1533061804845 0.0294871 0.695403 -0.718015 -0.631588 -0.946967 0.249383 0.202639 -0.222704 0.319976 0.673961 0.665876 0.441767 
1533061805001 0.0292951 0.695419 -0.718008 -0.631459 -0.946969 0.249259 0.202781 -0.222734 0.319988 0.67399 0.665842 0.441821 
1533061805215 0.0291253 0.695456 -0.717978 -0.631328 -0.946939 0.249209 0.202979 -0.22275 0.32009 0.67397 0.665813 0.441868 
1533061805386 0.029096 0.695399 -0.718034 -0.631195 -0.946973 0.249138 0.202911 -0.22286 0.319994 0.674055 0.665773 0.441849 
1533061805581 0.0287903 0.695443 -0.718005 -0.631063 -0.946969 0.248951 0.203157 -0.222789 0.320032 0.674079 0.66573 0.441892 
1533061805753 0.0288919 0.695436 -0.718007 -0.630958 -0.946925 0.249107 0.203173 -0.222918 0.320155 0.674029 0.665722 0.441961 
1533061805923 0.0286853 0.695485 -0.717968 -0.630831 -0.946886 0.249051 0.20342 -0.22291 0.320286 0.673999 0.665689 0.441997 
1533061805937 0.0286735 0.695486 -0.717967 -0.630825 -0.946886 0.249043 0.203429 -0.222911 0.320287 0.674 0.665687 0.441999 
1533061806127 0.0282803 0.695464 -0.718004 -0.630709 -0.946914 0.248757 0.203652 -0.222942 0.320241 0.674129 0.665579 0.442036 
1533061806387 0.0275034 0.695268 -0.718224 -0.630367 -0.946944 0.248285 0.204088 -0.223078 0.32022 0.674505 0.665209 0.442207 
1533061806573 0.0271316 0.69516 -0.718343 -0.630278 -0.946945 0.24809 0.204318 -0.223116 0.320247 0.674688 0.66501 0.442238 
1533061806753 0.0267819 0.695141 -0.718375 -0.630102 -0.946997 0.247777 0.204458 -0.223198 0.320124 0.674823 0.664932 0.442289 
1533061806944 0.0264319 0.695061 -0.718465 -0.629977 -0.946966 0.247656 0.20475 -0.223238 0.320246 0.67495 0.664745 0.442367 
1533061807126 0.0262962 0.694991 -0.718537 -0.6298 -0.946951 0.247626 0.204856 -0.223406 0.320301 0.675032 0.664634 0.442461 
1533061807356 0.025595 0.694903 -0.718648 -0.629654 -0.946991 0.247145 0.205251 -0.223362 0.32024 0.6753 0.664392 0.442477 
1533061807565 0.0252495 0.694856 -0.718706 -0.629543 -0.946933 0.247071 0.205604 -0.223397 0.320437 0.675375 0.66422 0.442601 
1533061807578 0.0252481 0.69486 -0.718702 -0.629539 -0.946929 0.247079 0.205617 -0.223395 0.320451 0.675368 0.664221 0.442608 
1533061807769 0.0250919 0.694843 -0.718724 -0.629438 -0.946936 0.246975 0.205709 -0.223384 0.320443 0.675424 0.664168 0.442607 
1533061807939 0.024927 0.694757 -0.718812 -0.629308 -0.946935 0.246901 0.2058 -0.223448 0.320457 0.675538 0.664045 0.442647 
1533061808137 0.0246054 0.69472 -0.71886 -0.62918 -0.946958 0.24667 0.205973 -0.223408 0.320415 0.675662 0.66394 0.442715 
1533061808348 0.0244442 0.694629 -0.718953 -0.629006 -0.946993 0.246523 0.205985 -0.223459 0.320322 0.675808 0.663835 0.442707 
1533061808554 0.0241212 0.694603 -0.718989 -0.628917 -0.946989 0.246345 0.206219 -0.223411 0.32036 0.6759 0.663723 0.442818 
1533061808729 0.0242481 0.69454 -0.719045 -0.62877 -0.946969 0.246481 0.206146 -0.223575 0.320408 0.675915 0.663685 0.442881 
1533061809005 0.0237916 0.694517 -0.719082 -0.628641 -0.947065 0.24601 0.206271 -0.223519 0.32016 0.67611 0.663606 0.442955 
1533061809175 0.0237605 0.694513 -0.719088 -0.62853 -0.947002 0.246124 0.206421 -0.223544 0.320347 0.676073 0.663553 0.442984 
1533061809348 0.0234296 0.694318 -0.719287 -0.628428 -0.947064 0.245849 0.206466 -0.223568 0.320189 0.676373 0.663323 0.443011 
1533061809360 0.0233988 0.694324 -0.719282 -0.62842 -0.947071 0.245814 0.206476 -0.223564 0.320171 0.67638 0.663325 0.443014 
1533061809662 0.0229024 0.694219 -0.719399 -0.628324 -0.947122 0.245436 0.206693 -0.223543 0.320056 0.676625 0.663131 0.443052 
1533061809925 0.0229087 0.694245 -0.719374 -0.628181 -0.947002 0.245684 0.206944 -0.223689 0.320408 0.676508 0.66308 0.4432 
1533061810140 0.0224021 0.694031 -0.719597 -0.628127 -0.947057 0.245321 0.207122 -0.223656 0.320282 0.676859 0.662783 0.443164 
1533061810362 0.0222121 0.694052 -0.719582 -0.627986 -0.947076 0.245159 0.207227 -0.223776 0.320239 0.676896 0.662766 0.443318 
1533061810554 0.0216021 0.693949 -0.7197 -0.627906 -0.947012 0.244954 0.207764 -0.223666 0.320471 0.677076 0.66247 0.443358 
1533061810757 0.0214298 0.693923 -0.71973 -0.627756 -0.947058 0.244759 0.207785 -0.223772 0.320347 0.677173 0.662431 0.443402 
1533061810968 0.0207732 0.693758 -0.719908 -0.627585 -0.946989 0.244551 0.208342 -0.223809 0.320594 0.677417 0.662062 0.443576 
1533061811225 0.0205074 0.693616 -0.720053 -0.627442 -0.947053 0.244294 0.208352 -0.223942 0.32042 0.677656 0.661901 0.443567 
1533061811238 0.0204932 0.693611 -0.720059 -0.627442 -0.947051 0.244291 0.208365 -0.223939 0.320428 0.677662 0.661891 0.44357 
1533061811421 0.0201334 0.693558 -0.720119 -0.627384 -0.947043 0.244104 0.208622 -0.223941 0.320476 0.677783 0.661744 0.443611 
1533061811616 0.020108 0.693534 -0.720143 -0.627247 -0.946922 0.244352 0.208883 -0.224069 0.320835 0.677719 0.661635 0.443759 
1533061811836 0.0195689 0.69351 -0.720182 -0.627179 -0.946939 0.243992 0.209225 -0.223967 0.320818 0.677874 0.661486 0.443773 
1533061812020 0.0192591 0.693377 -0.720318 -0.62711 -0.946848 0.244031 0.209588 -0.223989 0.321104 0.677995 0.661222 0.443892 
1533061812259 0.0188926 0.693416 -0.72029 -0.626968 -0.946824 0.243845 0.209913 -0.224012 0.321196 0.678022 0.66115 0.443935 
1533061812425 0.0186556 0.693232 -0.720473 -0.626902 -0.946729 0.243953 0.210215 -0.224029 0.32149 0.678171 0.660854 0.443971 
1533061812638 0.0182106 0.693286 -0.720433 -0.626799 -0.946687 0.243752 0.210638 -0.223971 0.321639 0.678189 0.660764 0.444059 
1533061812829 0.0181838 0.69311 -0.720602 -0.626714 -0.946608 0.243953 0.210759 -0.224156 0.321872 0.678296 0.66054 0.44416 
1533061812845 0.018167 0.6931 -0.720613 -0.626701 -0.946599 0.243965 0.210786 -0.224162 0.3219 0.678302 0.66052 0.444169 
1533061813122 0.0179707 0.693208 -0.720513 -0.626648 -0.946608 0.243795 0.210946 -0.224048 0.321887 0.678253 0.660577 0.444162 
1533061813375 0.0184236 0.693218 -0.720493 -0.626552 -0.946595 0.244098 0.210652 -0.224239 0.321899 0.678134 0.660693 0.444176 
1533061813526 0.018237 0.693273 -0.720444 -0.626522 -0.946675 0.243797 0.210639 -0.224141 0.321672 0.678185 0.660751 0.444171 
1533061813697 0.018247 0.693344 -0.720376 -0.626413 -0.946729 0.24367 0.210546 -0.224148 0.321515 0.678158 0.660855 0.444205 
1533061813843 0.0183679 0.693509 -0.720214 -0.626344 -0.946779 0.24359 0.210412 -0.224171 0.321359 0.678019 0.661074 0.444208 
1533061814024 0.0183703 0.693571 -0.720154 -0.626206 -0.946782 0.243568 0.210426 -0.224109 0.321352 0.677963 0.661135 0.444142 
1533061814207 0.0185908 0.693699 -0.720025 -0.626128 -0.946848 0.243526 0.210175 -0.22418 0.321143 0.677847 0.661355 0.444169 
1533061814383 0.0185622 0.693725 -0.720001 -0.626044 -0.946867 0.243462 0.210166 -0.224158 0.32109 0.677844 0.661384 0.444168 
1533061814397 0.0185635 0.693725 -0.72 -0.626038 -0.946867 0.243462 0.210165 -0.224159 0.321089 0.677843 0.661385 0.444168 
1533061814469 0.0185902 0.693722 -0.720003 -0.626015 -0.946864 0.243486 0.210151 -0.224169 0.321097 0.677838 0.661387 0.444164 
1533061814671 0.0185093 0.693786 -0.719943 -0.625913 -0.946901 0.243339 0.210154 -0.224131 0.320992 0.677825 0.661451 0.444149 
1533061814812 0.0186109 0.693873 -0.719857 -0.625889 -0.946933 0.243309 0.210045 -0.22417 0.320892 0.677747 0.66158 0.444209 
1533061814968 0.0184917 0.694106 -0.719636 -0.625813 -0.946996 0.243035 0.210079 -0.224086 0.320713 0.677607 0.661809 0.444298 
1533061815101 0.0184295 0.694129 -0.719615 -0.62575 -0.947017 0.242945 0.210087 -0.224075 0.320654 0.677616 0.661829 0.444285 
1533061815257 0.0184274 0.694162 -0.719583 -0.625692 -0.947045 0.242874 0.210042 -0.22409 0.320571 0.677607 0.661879 0.444278 
1533061815382 0.018453 0.694196 -0.71955 -0.62564 -0.947084 0.242798 0.209955 -0.22412 0.320455 0.6776 0.661942 0.444264 
1533061815503 0.0185635 0.694218 -0.719525 -0.625567 -0.947153 0.242713 0.20974 -0.22421 0.320244 0.677607 0.662037 0.444226 
1533061815650 0.0185699 0.694337 -0.719411 -0.625507 -0.947228 0.242524 0.20962 -0.224212 0.320021 0.677554 0.662199 0.444228 
1533061815664 0.0185645 0.694344 -0.719403 -0.625505 -0.94723 0.242514 0.209623 -0.224208 0.320016 0.677549 0.662206 0.444229 
1533061815841 0.018524 0.69441 -0.719342 -0.625473 -0.947246 0.242437 0.209641 -0.224183 0.319972 0.67751 0.662268 0.444235 
1533061816021 0.0185356 0.694383 -0.719367 -0.62538 -0.94726 0.242422 0.209595 -0.224276 0.31993 0.677542 0.662255 0.444231 
1533061816219 0.0183001 0.694491 -0.719268 -0.625334 -0.947188 0.242397 0.209948 -0.224149 0.320156 0.67744 0.66225 0.44426 
1533061816399 0.0181415 0.694531 -0.719234 -0.625233 -0.947182 0.242301 0.210088 -0.224172 0.320184 0.677434 0.662243 0.444322 
1533061816541 0.0180007 0.694561 -0.719208 -0.625167 -0.947176 0.242218 0.210211 -0.224152 0.320209 0.677433 0.662232 0.44435 
1533061816687 0.0180423 0.694552 -0.719217 -0.625126 -0.947171 0.242257 0.210188 -0.224207 0.320222 0.677429 0.66223 0.444358 
1533061816821 0.0180914 0.694529 -0.719237 -0.625061 -0.94717 0.242295 0.210146 -0.224279 0.32022 0.677438 0.662221 0.44436 
1533061816972 0.0180074 0.694568 -0.719202 -0.624974 -0.94713 0.242318 0.210304 -0.224281 0.320346 0.67739 0.662209 0.44436 
1533061816985 0.0179961 0.694573 -0.719198 -0.62497 -0.947128 0.242313 0.210317 -0.224282 0.320352 0.677387 0.66221 0.444361 
1533061817023 0.0179716 0.694582 -0.719189 -0.624959 -0.947124 0.242304 0.210346 -0.224285 0.320365 0.67738 0.66221 0.444362 
1533061817299 0.0175878 0.694655 -0.719128 -0.624834 -0.947137 0.242017 0.210617 -0.224258 0.320347 0.677408 0.66219 0.44447 
1533061817439 0.0174656 0.694596 -0.719188 -0.624819 -0.947173 0.241882 0.210609 -0.224253 0.320247 0.677517 0.662127 0.444422 
1533061817621 0.0174805 0.694556 -0.719226 -0.624742 -0.947194 0.241859 0.210542 -0.224349 0.320184 0.677567 0.662107 0.444425 
1533061817767 0.0172886 0.694517 -0.719268 -0.624716 -0.947206 0.241727 0.210641 -0.224333 0.320161 0.677653 0.66203 0.444445 
1533061817958 0.0170492 0.694566 -0.719227 -0.624682 -0.947104 0.241779 0.211038 -0.224225 0.320474 0.677585 0.661948 0.444493 
1533061818080 0.0170151 0.694542 -0.71925 -0.624636 -0.9471 0.241773 0.211063 -0.224257 0.320487 0.677611 0.661915 0.44452 
1533061818145 0.0169576 0.694527 -0.719267 -0.624598 -0.947125 0.241689 0.211046 -0.224295 0.320416 0.677657 0.661902 0.444528 
1533061818158 0.0169521 0.694522 -0.719272 -0.624589 -0.947129 0.241679 0.21104 -0.224305 0.320405 0.677665 0.661899 0.444529 
1533061818313 0.0168091 0.694391 -0.719402 -0.624552 -0.947157 0.24157 0.211041 -0.224275 0.32033 0.677839 0.661758 0.44453 
1533061818509 0.0166829 0.694324 -0.719469 -0.624524 -0.947245 0.241323 0.210925 -0.224211 0.320075 0.677995 0.661721 0.444622 
1533061818643 0.0168886 0.694157 -0.719626 -0.624457 -0.94725 0.24149 0.210712 -0.224342 0.320049 0.678107 0.661619 0.444647 
1533061818825 0.0166188 0.693922 -0.719859 -0.62443 -0.947268 0.241354 0.210789 -0.224237 0.320012 0.678396 0.661341 0.444633 
1533061818978 0.0164631 0.69377 -0.720009 -0.62441 -0.947329 0.241171 0.210721 -0.2242 0.319837 0.678616 0.661199 0.444688 
1533061819129 0.0164682 0.693647 -0.720127 -0.624364 -0.947297 0.241278 0.210743 -0.22421 0.319932 0.678703 0.661064 0.44478 
1533061819317 0.0164169 0.69352 -0.72025 -0.624318 -0.947393 0.241081 0.21054 -0.22422 0.319652 0.678903 0.660994 0.44479 
1533061819484 0.0164487 0.69339 -0.720375 -0.624277 -0.947464 0.240987 0.210326 -0.224235 0.319439 0.67907 0.660926 0.444819 
1533061819651 0.0163155 0.693222 -0.72054 -0.624228 -0.947461 0.240961 0.210372 -0.224207 0.319456 0.679251 0.660732 0.444842 
1533061819664 0.0163092 0.693212 -0.720549 -0.624226 -0.947462 0.240957 0.21037 -0.224205 0.319452 0.679262 0.660722 0.444853 
1533061819901 0.015902 0.693379 -0.720398 -0.624184 -0.947374 0.240842 0.210897 -0.224152 0.319734 0.679133 0.660719 0.44489 
1533061820084 0.0156989 0.69351 -0.720276 -0.624159 -0.94732 0.240791 0.211196 -0.224155 0.319903 0.679016 0.660756 0.444854 
1533061820249 0.0155825 0.693556 -0.720234 -0.624123 -0.947234 0.240888 0.211471 -0.224209 0.320163 0.678935 0.660714 0.444877 
1533061820434 0.0155054 0.693656 -0.720139 -0.624089 -0.947104 0.241087 0.211829 -0.224296 0.320552 0.678762 0.660703 0.444931 
1533061820598 0.0153539 0.693768 -0.720035 -0.624075 -0.94704 0.241094 0.212104 -0.224333 0.320747 0.678646 0.660728 0.444882 
1533061820790 0.0149609 0.693994 -0.719826 -0.623998 -0.946879 0.241124 0.21279 -0.224406 0.321242 0.678404 0.660735 0.444876 
1533061820953 0.0147899 0.694089 -0.719737 -0.623947 -0.946761 0.241238 0.213186 -0.224449 0.321598 0.678266 0.660704 0.444944 
1533061821123 0.0144613 0.694158 -0.719678 -0.623937 -0.946694 0.241152 0.213578 -0.224405 0.321809 0.678226 0.660642 0.444881 
1533061821136 0.0144448 0.694164 -0.719672 -0.623936 -0.946683 0.241163 0.213614 -0.224402 0.321842 0.678216 0.660637 0.444876 
1533061821445 0.0145804 0.694112 -0.719719 -0.623902 -0.946756 0.241111 0.213353 -0.224314 0.321623 0.678287 0.66067 0.444907 
1533061821633 0.01485 0.694111 -0.719714 -0.623901 -0.946877 0.241023 0.212911 -0.224334 0.321252 0.67832 0.660818 0.444965 
1533061821817 0.0151707 0.694016 -0.719799 -0.623827 -0.947059 0.240867 0.212279 -0.224289 0.320701 0.678472 0.660929 0.444968 
1533061821979 0.0153336 0.693987 -0.719824 -0.623725 -0.947183 0.240714 0.211898 -0.224295 0.320326 0.678556 0.661024 0.444956 
1533061822174 0.0155757 0.693918 -0.719885 -0.623728 -0.947306 0.240626 0.21145 -0.224307 0.319952 0.678658 0.661101 0.444974 
1533061822362 0.0159246 0.693901 -0.719894 -0.623677 -0.94745 0.240542 0.210898 -0.224192 0.319507 0.678706 0.661267 0.445063 
1533061822521 0.0158772 0.693894 -0.719902 -0.623633 -0.947551 0.240299 0.21072 -0.224076 0.319209 0.678798 0.661315 0.445068 
1533061822535 0.0159011 0.693875 -0.71992 -0.623635 -0.947564 0.240293 0.210671 -0.224082 0.319171 0.67882 0.661312 0.445064 
1533061822575 0.0159398 0.693847 -0.719946 -0.623638 -0.947581 0.240288 0.210598 -0.224089 0.319117 0.67885 0.661307 0.445055 
1533061822780 0.0159813 0.693798 -0.719992 -0.623545 -0.947559 0.240375 0.210597 -0.224144 0.31918 0.67887 0.661256 0.445049 
1533061822946 0.015867 0.693766 -0.720026 -0.623533 -0.947553 0.240327 0.210681 -0.224091 0.319205 0.67892 0.661193 0.445079 
1533061823268 0.0157033 0.693673 -0.720119 -0.623526 -0.947589 0.240176 0.210692 -0.224034 0.319107 0.679068 0.661088 0.4451 
1533061823410 0.0157875 0.693628 -0.72016 -0.623487 -0.947588 0.240244 0.21062 -0.2241 0.319106 0.67909 0.661066 0.445108 
1533061823601 0.0157532 0.693602 -0.720186 -0.623434 -0.947617 0.240168 0.210575 -0.224097 0.319021 0.679143 0.661052 0.445197 
1533061823743 0.0157954 0.693548 -0.720237 -0.623378 -0.947631 0.240179 0.210497 -0.224143 0.318976 0.679194 0.661022 0.445249 
1533061823757 0.01581 0.693543 -0.720242 -0.623372 -0.94763 0.240193 0.210488 -0.224152 0.318979 0.679195 0.661019 0.44526 
1533061823976 0.015578 0.693666 -0.720128 -0.623333 -0.94754 0.240204 0.21088 -0.224131 0.319259 0.679065 0.661018 0.445341 
1533061824139 0.0154508 0.69366 -0.720137 -0.623322 -0.947503 0.240206 0.211045 -0.224135 0.319374 0.679071 0.660956 0.445349 
1533061824289 0.0152375 0.693676 -0.720126 -0.623298 -0.947427 0.240229 0.211359 -0.224144 0.31961 0.679046 0.660868 0.445307 
1533061824437 0.0151072 0.693629 -0.720174 -0.623259 -0.94743 0.240156 0.21143 -0.22423 0.319608 0.67912 0.660793 0.445283 
1533061824594 0.0150382 0.693658 -0.720148 -0.62322 -0.947303 0.240372 0.211749 -0.224266 0.319985 0.679014 0.660719 0.445327 
1533061824739 0.0148413 0.693683 -0.720127 -0.623197 -0.947234 0.240389 0.21204 -0.22427 0.320199 0.678982 0.660648 0.445347 
1533061824933 0.0146386 0.693663 -0.720151 -0.62318 -0.947167 0.24041 0.212314 -0.224279 0.320406 0.678996 0.660534 0.445326 
1533061825081 0.0144054 0.693708 -0.720112 -0.623153 -0.947132 0.240325 0.212566 -0.224292 0.32052 0.678979 0.660495 0.445366 
1533061825234 0.0144218 0.693693 -0.720126 -0.623097 -0.947039 0.240538 0.212743 -0.224392 0.320796 0.678919 0.660423 0.445374 
1533061825248 0.0144001 0.693684 -0.720135 -0.623093 -0.947043 0.240518 0.212747 -0.224403 0.320785 0.678935 0.660412 0.445373 
1533061825264 0.0143845 0.693675 -0.720144 -0.623087 -0.947047 0.240502 0.212745 -0.224416 0.320772 0.67895 0.660403 0.445372 
1533061825338 0.0143859 0.693659 -0.72016 -0.623075 -0.947037 0.24053 0.212761 -0.224437 0.320803 0.678957 0.660381 0.445369 
1533061825423 0.0143324 0.69368 -0.72014 -0.623065 -0.94702 0.240526 0.21284 -0.224407 0.320855 0.678937 0.660376 0.445369 
1533061825664 0.0142281 0.693716 -0.720108 -0.623046 -0.946997 0.240499 0.212974 -0.224351 0.320929 0.67891 0.660368 0.445367 
1533061825834 0.014344 0.693678 -0.720143 -0.622993 -0.947008 0.240559 0.212856 -0.224465 0.32089 0.678927 0.660369 0.445367 
1533061825970 0.01429 0.693687 -0.720135 -0.622981 -0.947025 0.240486 0.212862 -0.224467 0.320842 0.678944 0.660376 0.445368 
1533061826134 0.0139407 0.693738 -0.720092 -0.622944 -0.94708 0.240136 0.213013 -0.224366 0.320696 0.679015 0.660373 0.44536 
1533061826262 0.013789 0.693764 -0.720071 -0.622928 -0.947102 0.239987 0.213082 -0.224322 0.320636 0.679042 0.660374 0.445357 
1533061826275 0.0137853 0.693765 -0.72007 -0.622928 -0.947103 0.239981 0.213083 -0.224322 0.320633 0.679043 0.660375 0.445357 
1533061826626 0.0137175 0.693686 -0.720147 -0.622916 -0.947192 0.239774 0.212921 -0.224285 0.320373 0.679196 0.660343 0.445346 
1533061826789 0.0137264 0.693617 -0.720214 -0.622902 -0.947181 0.239824 0.212915 -0.224268 0.320406 0.67925 0.660272 0.445367 
1533061826964 0.0139755 0.693469 -0.720351 -0.622833 -0.947217 0.239946 0.212615 -0.224387 0.320288 0.679357 0.660219 0.445383 
1533061827100 0.0138633 0.693458 -0.720363 -0.62282 -0.947295 0.239714 0.21253 -0.224335 0.320062 0.679451 0.660233 0.445424 
1533061827257 0.0137597 0.693464 -0.720359 -0.622796 -0.947391 0.239444 0.212408 -0.224267 0.319783 0.679539 0.660277 0.445488 
1533061827441 0.0137128 0.693354 -0.720467 -0.622781 -0.947438 0.239348 0.212308 -0.224212 0.319647 0.679686 0.660192 0.445514 
1533061827545 0.0139058 0.693281 -0.720534 -0.622749 -0.947471 0.239419 0.212078 -0.224319 0.319539 0.679736 0.660193 0.445529 
1533061827727 0.0140366 0.693103 -0.720702 -0.622722 -0.947561 0.239362 0.211741 -0.224405 0.319267 0.679937 0.660117 0.445545 
1533061827922 0.0138823 0.693036 -0.720769 -0.622697 -0.947573 0.23926 0.211804 -0.224335 0.319239 0.680041 0.660024 0.445547 
1533061827936 0.0138763 0.69303 -0.720775 -0.622696 -0.947573 0.239258 0.211805 -0.224332 0.319239 0.680048 0.660016 0.445546 
1533061828147 0.0136495 0.692923 -0.720882 -0.622689 -0.947582 0.239128 0.211911 -0.224322 0.319221 0.680202 0.659866 0.445531 
1533061828282 0.0134894 0.692988 -0.720823 -0.622674 -0.94757 0.239034 0.212071 -0.224309 0.319264 0.680169 0.659879 0.445588 
1533061828456 0.0134309 0.69297 -0.720841 -0.622644 -0.94752 0.239109 0.21221 -0.224343 0.319415 0.680161 0.659814 0.445644 
1533061828592 0.0132599 0.692953 -0.720861 -0.622626 -0.947462 0.239131 0.212445 -0.224344 0.319594 0.680171 0.659717 0.445702 
1533061828732 0.013026 0.692901 -0.720915 -0.622609 -0.947451 0.239022 0.212614 -0.224365 0.319635 0.680262 0.659604 0.445676 
1533061828888 0.0130025 0.692749 -0.721062 -0.622585 -0.947438 0.23908 0.212608 -0.224443 0.319675 0.680397 0.659445 0.44564 
1533061829052 0.0129612 0.69268 -0.721129 -0.622546 -0.947405 0.239146 0.212683 -0.224525 0.319776 0.680444 0.659347 0.445696 
1533061829193 0.0127912 0.692716 -0.721097 -0.622532 -0.94733 0.239187 0.212969 -0.224501 0.320004 0.680392 0.659291 0.445773 
1533061829338 0.0126479 0.692668 -0.721146 -0.622515 -0.947319 0.239134 0.213076 -0.224527 0.320042 0.68046 0.659202 0.445757 
1533061829352 0.0126419 0.692664 -0.72115 -0.622514 -0.947318 0.239135 0.213082 -0.224529 0.320046 0.680464 0.659196 0.445756 
1533061829594 0.0122941 0.692774 -0.72105 -0.622465 -0.947248 0.239032 0.213507 -0.224545 0.320266 0.680388 0.659168 0.44581 
1533061829777 0.0119972 0.692748 -0.721079 -0.622459 -0.947159 0.239041 0.21389 -0.224579 0.320539 0.680411 0.659011 0.445803 
1533061829969 0.0117954 0.692743 -0.721088 -0.622468 -0.947069 0.239107 0.214216 -0.224656 0.320814 0.680393 0.658896 0.445785 
1533061830160 0.0115063 0.692776 -0.721061 -0.62246 -0.94695 0.239167 0.214674 -0.22468 0.321175 0.680338 0.658776 0.44584 
1533061830322 0.011207 0.692777 -0.721065 -0.622436 -0.946908 0.239066 0.21497 -0.224735 0.321308 0.680373 0.658675 0.445803 
1533061830511 0.0109068 0.692855 -0.720995 -0.622424 -0.946767 0.239151 0.215495 -0.224732 0.321734 0.680264 0.658581 0.445846 
1533061830689 0.0105039 0.692876 -0.72098 -0.622429 -0.946702 0.239028 0.215918 -0.224716 0.321939 0.680285 0.658458 0.445845 
1533061830867 0.010109 0.692908 -0.720955 -0.622417 -0.946624 0.238934 0.216365 -0.224736 0.322181 0.680286 0.658339 0.445875 
1533061831041 0.0100274 0.692911 -0.720954 -0.622368 -0.946502 0.239139 0.216673 -0.224852 0.322543 0.680211 0.658239 0.445879 
1533061831055 0.0100137 0.692912 -0.720953 -0.622369 -0.946497 0.239141 0.216693 -0.224852 0.322559 0.68021 0.658233 0.445876 
1533061831071 0.0100012 0.692911 -0.720954 -0.62237 -0.946487 0.239153 0.216721 -0.224853 0.322587 0.680206 0.658223 0.445871 
1533061831215 0.00996877 0.692885 -0.72098 -0.622367 -0.946495 0.239124 0.216719 -0.22486 0.322565 0.680243 0.658196 0.445859 
1533061831458 0.00989364 0.692902 -0.720964 -0.622339 -0.946506 0.239049 0.216755 -0.224833 0.322536 0.680252 0.6582 0.445855 
1533061831584 0.00992092 0.692946 -0.720922 -0.622324 -0.946516 0.239032 0.21673 -0.224842 0.322505 0.680213 0.658255 0.44587 
1533061831680 0.00994281 0.692968 -0.7209 -0.622312 -0.946522 0.239026 0.21671 -0.224852 0.322487 0.680193 0.658286 0.445882 
1533061831801 0.00994476 0.692996 -0.720873 -0.622291 -0.946534 0.238993 0.216693 -0.224857 0.32245 0.680176 0.658321 0.445897 
1533061831974 0.00994557 0.693013 -0.720856 -0.622265 -0.946545 0.238965 0.216676 -0.224865 0.322418 0.680168 0.658345 0.4459 
1533061832169 0.0100115 0.693128 -0.720745 -0.622232 -0.946572 0.238914 0.216611 -0.224882 0.322336 0.680069 0.658487 0.445925 
1533061832289 0.00999281 0.69315 -0.720724 -0.622226 -0.946582 0.238876 0.216612 -0.224871 0.322308 0.68006 0.65851 0.445925 
1533061832303 0.00999126 0.693151 -0.720723 -0.622226 -0.946582 0.238874 0.216613 -0.22487 0.322307 0.68006 0.658511 0.445925 
1533061832470 0.00996518 0.693154 -0.720721 -0.622201 -0.946623 0.23877 0.216549 -0.224872 0.322188 0.680093 0.658535 0.445924 
1533061832624 0.0100372 0.693276 -0.720602 -0.622126 -0.946725 0.238565 0.216331 -0.224896 0.321888 0.680041 0.658736 0.445989 
1533061832794 0.0100456 0.6934 -0.720483 -0.62205 -0.94678 0.238416 0.216253 -0.224856 0.321724 0.679966 0.658892 0.446043 
1533061832941 0.0100407 0.693384 -0.720498 -0.622013 -0.946855 0.238259 0.216097 -0.224875 0.321503 0.680038 0.658927 0.445987 
1533061833089 0.0100637 0.693387 -0.720495 -0.621959 -0.946913 0.238151 0.215965 -0.224894 0.321334 0.680072 0.658974 0.445959 
1533061833237 0.0100797 0.693455 -0.72043 -0.621886 -0.946944 0.238075 0.215911 -0.224869 0.321241 0.68003 0.659062 0.445972 
1533061833359 0.0100496 0.693505 -0.720381 -0.62182 -0.946986 0.237952 0.215864 -0.224862 0.321119 0.680021 0.659131 0.445983 
1533061833510 0.0101458 0.693544 -0.720343 -0.621751 -0.947051 0.237863 0.215675 -0.224916 0.320922 0.680013 0.659235 0.445992 
1533061833681 0.0102499 0.693568 -0.720318 -0.621661 -0.947118 0.23778 0.215473 -0.224993 0.320722 0.680018 0.659328 0.445988 
1533061833695 0.0102376 0.693573 -0.720314 -0.621659 -0.947121 0.237765 0.215477 -0.224986 0.320715 0.680018 0.659331 0.445988 
1533061833907 0.00996872 0.693342 -0.720539 -0.621545 -0.947128 0.237647 0.215573 -0.225045 0.3207 0.680294 0.659053 0.445998 
1533061834104 0.00969395 0.693324 -0.720561 -0.621492 -0.947147 0.237439 0.215721 -0.225009 0.320654 0.680386 0.658981 0.446049 
1533061834252 0.00965021 0.693189 -0.720691 -0.62145 -0.947166 0.237411 0.215668 -0.225056 0.320599 0.680533 0.658856 0.446078 
1533061834423 0.00964082 0.692953 -0.720919 -0.621368 -0.947172 0.237463 0.215585 -0.225192 0.320581 0.680755 0.658635 0.446111 
1533061834630 0.00918957 0.693028 -0.720853 -0.621315 -0.9472 0.237093 0.215866 -0.225047 0.32051 0.680808 0.658615 0.446179 
1533061834768 0.009108 0.692999 -0.720881 -0.621256 -0.947222 0.237005 0.21587 -0.225098 0.32045 0.680868 0.658582 0.446214 
1533061834896 0.00907226 0.692908 -0.720969 -0.621197 -0.947197 0.237061 0.215915 -0.225143 0.320523 0.680941 0.658471 0.446242 
1533061835050 0.00882902 0.692797 -0.721079 -0.621138 -0.947209 0.236915 0.216025 -0.225122 0.320495 0.681105 0.658315 0.446284 
1533061835064 0.00881177 0.692785 -0.721091 -0.621133 -0.947212 0.2369 0.216026 -0.225123 0.320486 0.681122 0.658302 0.446286 
1533061835335 0.00877895 0.692766 -0.721109 -0.621086 -0.947291 0.236717 0.21588 -0.225144 0.320253 0.681205 0.658329 0.446297 
1533061835481 0.0088654 0.692825 -0.721051 -0.621043 -0.947331 0.236669 0.215757 -0.225157 0.320132 0.681162 0.658433 0.446299 
1533061835617 0.0089534 0.692865 -0.721012 -0.620964 -0.947418 0.236528 0.215529 -0.225215 0.319872 0.68117 0.65855 0.446295 
1533061835768 0.00894952 0.69299 -0.720892 -0.620899 -0.947507 0.236298 0.21539 -0.225201 0.319608 0.681123 0.658728 0.446345 
1533061835935 0.0089587 0.693109 -0.720777 -0.620836 -0.947597 0.236077 0.215237 -0.225191 0.319342 0.681078 0.658903 0.44638 
1533061836135 0.00904828 0.693128 -0.720758 -0.620774 -0.947733 0.235839 0.214901 -0.225243 0.318937 0.681141 0.659034 0.446395 
1533061836279 0.00899217 0.693179 -0.720709 -0.620712 -0.947777 0.235694 0.214866 -0.225217 0.318807 0.68114 0.659098 0.446365 
1533061836400 0.00905704 0.693134 -0.720752 -0.620634 -0.947875 0.23554 0.214603 -0.225289 0.318515 0.681239 0.659137 0.446317 
1533061836532 0.00910888 0.693211 -0.720677 -0.620571 -0.94797 0.235346 0.214395 -0.225302 0.31823 0.681227 0.659287 0.446312 
1533061836545 0.00910383 0.693223 -0.720665 -0.620568 -0.947973 0.235332 0.214396 -0.225297 0.31822 0.68122 0.6593 0.446314 
1533061836771 0.00903303 0.693233 -0.720657 -0.620531 -0.948071 0.235074 0.214245 -0.225248 0.31793 0.681299 0.659358 0.446321 
1533061836976 0.00927041 0.693263 -0.720625 -0.620431 -0.948022 0.235321 0.214191 -0.225286 0.318069 0.681183 0.65941 0.446337 
1533061837162 0.00937075 0.693217 -0.720668 -0.620335 -0.948206 0.235004 0.213723 -0.225324 0.317516 0.681339 0.659515 0.446357 
1533061837364 0.0097386 0.693264 -0.720618 -0.62025 -0.948201 0.235235 0.213492 -0.225406 0.31752 0.681212 0.659645 0.446386 
1533061837641 0.00942261 0.693374 -0.720516 -0.620179 -0.948357 0.234668 0.213426 -0.225262 0.317066 0.681295 0.659777 0.446438 
1533061837844 0.0096943 0.693345 -0.72054 -0.620164 -0.948334 0.234898 0.213273 -0.225293 0.317125 0.681245 0.6598 0.446428 
1533061837983 0.00972446 0.693329 -0.720555 -0.620102 -0.94835 0.234887 0.213213 -0.225288 0.317076 0.681266 0.659803 0.446411 
1533061838130 0.0097682 0.693343 -0.720542 -0.620024 -0.948402 0.2348 0.21308 -0.225282 0.316921 0.681281 0.659861 0.446423 
1533061838143 0.00977552 0.693353 -0.720532 -0.620017 -0.948411 0.234781 0.213058 -0.225284 0.316892 0.681278 0.659878 0.446432 
1533061838385 0.00943137 0.693384 -0.720506 -0.619926 -0.948376 0.23463 0.213383 -0.22532 0.317009 0.681298 0.659802 0.446461 
1533061838584 0.0090578 0.693446 -0.720451 -0.619917 -0.948215 0.234719 0.213999 -0.225249 0.3175 0.681204 0.659662 0.44653 
1533061838755 0.00894888 0.693358 -0.720538 -0.619867 -0.948127 0.234864 0.214229 -0.225341 0.317765 0.681244 0.659493 0.446519 
1533061838935 0.00868983 0.693308 -0.720589 -0.619809 -0.948024 0.234935 0.214608 -0.225403 0.318081 0.68127 0.659314 0.446532 
1533061839221 0.00817955 0.693217 -0.720683 -0.619725 -0.947849 0.23501 0.215296 -0.225375 0.318614 0.681338 0.658987 0.446571 
1533061839386 0.00794841 0.693384 -0.720525 -0.619678 -0.947788 0.234942 0.215637 -0.225321 0.318801 0.681191 0.659048 0.446675 
1533061839582 0.00764341 0.693333 -0.720576 -0.619613 -0.947708 0.234934 0.216 -0.225375 0.319048 0.681245 0.658873 0.446673 
1533061839811 0.0071694 0.693411 -0.720506 -0.619471 -0.947451 0.235155 0.216884 -0.225449 0.31982 0.68109 0.658659 0.446853 
1533061839828 0.00718149 0.693406 -0.720512 -0.619463 -0.947442 0.235183 0.216892 -0.225457 0.319846 0.681086 0.658651 0.44686 
1533061840037 0.00687368 0.693398 -0.720522 -0.619428 -0.947475 0.234917 0.217035 -0.22536 0.319755 0.681185 0.658592 0.446825 
1533061840182 0.00683795 0.693258 -0.720657 -0.619403 -0.947457 0.234975 0.217051 -0.225432 0.319809 0.681308 0.658439 0.446847 
1533061840414 0.00660818 0.693216 -0.720699 -0.619352 -0.94744 0.234878 0.217234 -0.225403 0.319866 0.681383 0.658333 0.44692 
1533061840579 0.00654986 0.693228 -0.720688 -0.619279 -0.947493 0.234724 0.217169 -0.225474 0.31971 0.681424 0.658366 0.446951 
1533061840791 0.0064216 0.693201 -0.720716 -0.619194 -0.947543 0.234542 0.217145 -0.225528 0.319563 0.681515 0.658344 0.446971 
1533061840969 0.00617223 0.693064 -0.72085 -0.619193 -0.94752 0.234472 0.217321 -0.225461 0.319637 0.681678 0.658139 0.447045 
