1535172125635 0.276232 0.923518 -0.266102 -0.601686 -0.930236 0.326504 0.167498 -0.229638 0.241571 0.201269 0.949281 0.383686 
1535172134136 0.276233 0.923518 -0.266102 -0.601686 -0.930236 0.326505 0.167498 -0.229638 0.241571 0.201269 0.949281 0.383686 
1535172134640 0.277427 0.922262 -0.269197 -0.601614 -0.928351 0.329482 0.172066 -0.229707 0.247385 0.202173 0.94759 0.383579 
1535172135589 0.277846 0.921855 -0.270158 -0.601605 -0.927607 0.330567 0.173984 -0.229735 0.249693 0.202259 0.946966 0.383685 
1535172135600 0.277846 0.921855 -0.270158 -0.601605 -0.927607 0.330567 0.173984 -0.229735 0.249693 0.202259 0.946966 0.383685 
1535172135803 0.277991 0.921795 -0.270211 -0.601587 -0.927559 0.33072 0.173949 -0.229775 0.249709 0.20228 0.946957 0.38368 
1535172136351 0.277864 0.92178 -0.270395 -0.601628 -0.92749 0.33072 0.174318 -0.229711 0.250107 0.202352 0.946837 0.383651 
1535172136373 0.277864 0.92178 -0.270395 -0.601628 -0.92749 0.33072 0.174318 -0.229711 0.250107 0.202352 0.946837 0.383651 
1535172136589 0.277763 0.921799 -0.270434 -0.601645 -0.927524 0.330627 0.174312 -0.229649 0.250093 0.202417 0.946827 0.383649 
1535172137151 0.277768 0.92179 -0.27046 -0.601648 -0.927522 0.330637 0.174304 -0.22965 0.250096 0.202442 0.946821 0.38364 
1535172137165 0.277768 0.92179 -0.27046 -0.601648 -0.927522 0.330637 0.174304 -0.22965 0.250096 0.202442 0.946821 0.38364 
1535172137366 0.277814 0.921743 -0.270571 -0.601646 -0.92747 0.330733 0.174398 -0.229638 0.250237 0.202497 0.946772 0.383629 
1535172137699 0.276077 0.922466 -0.269884 -0.601491 -0.927392 0.329418 0.177278 -0.229848 0.252438 0.201346 0.946433 0.383791 
1535172138127 0.275702 0.922579 -0.269882 -0.601474 -0.927396 0.329144 0.177768 -0.229859 0.252835 0.201277 0.946342 0.383751 
1535172138213 0.275702 0.922579 -0.269882 -0.601474 -0.927396 0.329144 0.177768 -0.229859 0.252835 0.201277 0.946342 0.383751 
1535172138391 0.275729 0.922599 -0.269787 -0.601434 -0.927335 0.329193 0.177992 -0.230014 0.253027 0.201106 0.946326 0.38377 
1535172138725 0.277155 0.921921 -0.270643 -0.601534 -0.926986 0.330663 0.177082 -0.229769 0.252747 0.201803 0.946253 0.383717 
1535172138756 0.277503 0.921768 -0.270806 -0.601538 -0.92689 0.331021 0.176915 -0.229725 0.252717 0.201913 0.946237 0.383722 
1535172139035 0.277697 0.921674 -0.270928 -0.601548 -0.926844 0.331221 0.176785 -0.229724 0.252675 0.202016 0.946227 0.38373 
1535172139067 0.278114 0.921525 -0.271005 -0.601557 -0.926762 0.331601 0.176502 -0.229747 0.252517 0.20207 0.946257 0.383665 
1535172139247 0.278057 0.921541 -0.271012 -0.601558 -0.926792 0.331537 0.176463 -0.229749 0.252468 0.202105 0.946263 0.383662 
1535172139415 0.27823 0.921495 -0.270988 -0.601558 -0.926733 0.331704 0.176459 -0.229751 0.252494 0.202038 0.94627 0.383685 
1535172139745 0.278235 0.921495 -0.270984 -0.601559 -0.926748 0.331695 0.176399 -0.229753 0.252435 0.202053 0.946283 0.383684 
1535172139911 0.278147 0.921486 -0.271105 -0.601561 -0.926822 0.331596 0.176197 -0.229733 0.252261 0.202258 0.946286 0.383712 
1535172140243 0.278142 0.921489 -0.271101 -0.601559 -0.926825 0.331588 0.176194 -0.22973 0.252255 0.202256 0.946288 0.383714 
1535172140260 0.278121 0.921306 -0.271741 -0.60154 -0.927022 0.331537 0.175252 -0.229707 0.251553 0.203169 0.946279 0.383633 
1535172140495 0.278184 0.921312 -0.271659 -0.601546 -0.926972 0.331608 0.175385 -0.22974 0.251669 0.203031 0.946278 0.383668 
1535172140686 0.278293 0.921196 -0.271941 -0.601476 -0.926981 0.331731 0.175102 -0.229751 0.251515 0.203354 0.946249 0.383717 
1535172140899 0.278322 0.921028 -0.272478 -0.601493 -0.927154 0.331713 0.174216 -0.229633 0.250842 0.204141 0.946258 0.383627 
1535172140940 0.2783 0.920986 -0.272642 -0.601479 -0.92718 0.331708 0.17409 -0.229669 0.250772 0.204339 0.946234 0.383627 
1535172141156 0.278471 0.920882 -0.27282 -0.601452 -0.927251 0.331805 0.173524 -0.229633 0.250318 0.204651 0.946287 0.383655 
1535172141196 0.278333 0.920846 -0.273083 -0.601443 -0.927345 0.331679 0.173261 -0.229641 0.250122 0.205018 0.946259 0.383668 
1535172141411 0.27823 0.920831 -0.273238 -0.60145 -0.927336 0.331643 0.173382 -0.229602 0.250272 0.205143 0.946192 0.383661 
1535172141771 0.278315 0.920767 -0.273367 -0.601469 -0.92731 0.331749 0.173318 -0.229652 0.250274 0.205259 0.946167 0.383679 
1535172142347 0.277743 0.921248 -0.272325 -0.601334 -0.927746 0.330789 0.172821 -0.229705 0.249293 0.204649 0.946558 0.383777 
1535172142395 0.277129 0.921784 -0.271133 -0.601274 -0.928224 0.329734 0.172263 -0.229672 0.248191 0.203933 0.947002 0.383909 
1535172142599 0.277821 0.921183 -0.272466 -0.601377 -0.927684 0.330921 0.172897 -0.2297 0.249435 0.204728 0.946503 0.383771 
1535172142781 0.277931 0.920975 -0.273055 -0.601394 -0.927436 0.331313 0.173475 -0.229651 0.250233 0.205027 0.946228 0.383805 
1535172143011 0.277771 0.920947 -0.273313 -0.601408 -0.927448 0.331239 0.173556 -0.229615 0.250367 0.205275 0.946139 0.383814 
1535172143047 0.277768 0.920922 -0.273401 -0.601399 -0.927382 0.331307 0.173778 -0.229622 0.250616 0.205277 0.946072 0.383882 
1535172143254 0.277829 0.920873 -0.273503 -0.60137 -0.927325 0.331417 0.173873 -0.229678 0.250758 0.20532 0.946025 0.383909 
1535172143296 0.277789 0.920739 -0.273995 -0.601365 -0.927357 0.331455 0.173629 -0.229734 0.250684 0.205859 0.945928 0.383811 
1535172143495 0.277834 0.920821 -0.273674 -0.601338 -0.927357 0.331426 0.173681 -0.229728 0.250632 0.205539 0.946011 0.383898 
1535172143662 0.277973 0.920774 -0.273689 -0.60137 -0.927217 0.331643 0.174018 -0.229771 0.250998 0.205396 0.945945 0.383936 
1535172143801 0.277789 0.920878 -0.273526 -0.601369 -0.927078 0.331594 0.174847 -0.229774 0.251713 0.20501 0.945839 0.38395 
1535172144220 0.277795 0.920871 -0.273544 -0.601373 -0.92708 0.3316 0.174829 -0.229781 0.251702 0.20503 0.945838 0.383953 
1535172144247 0.277397 0.921075 -0.273262 -0.601458 -0.927005 0.331323 0.175746 -0.229759 0.252413 0.204564 0.945749 0.383934 
1535172144420 0.277479 0.92103 -0.273329 -0.601447 -0.927027 0.331377 0.17553 -0.229787 0.252244 0.204677 0.94577 0.383936 
1535172144458 0.277508 0.921013 -0.273358 -0.601434 -0.927026 0.331403 0.175484 -0.229774 0.252214 0.204712 0.94577 0.383943 
1535172144674 0.277348 0.921152 -0.273051 -0.601468 -0.926823 0.331395 0.176569 -0.229871 0.253135 0.204099 0.945657 0.384067 
1535172144708 0.277165 0.921202 -0.273068 -0.601461 -0.926784 0.331298 0.176953 -0.229856 0.253477 0.20403 0.94558 0.383931 
1535172144889 0.27716 0.921221 -0.273007 -0.601482 -0.926755 0.331307 0.177092 -0.229931 0.25359 0.203928 0.945571 0.38404 
1535172144920 0.277399 0.92119 -0.272871 -0.60146 -0.92671 0.331488 0.176985 -0.229885 0.25349 0.203777 0.945631 0.384088 
1535172145095 0.277251 0.921216 -0.272934 -0.60146 -0.926756 0.331357 0.176991 -0.229879 0.253485 0.203872 0.945612 0.38406 
1535172145136 0.277095 0.921141 -0.273346 -0.601479 -0.926825 0.331269 0.176795 -0.229834 0.253404 0.204354 0.945529 0.384043 
1535172145232 0.277253 0.921041 -0.273521 -0.601472 -0.926713 0.331505 0.176938 -0.229762 0.253641 0.204419 0.945452 0.384066 
1535172145500 0.277357 0.921086 -0.273267 -0.601449 -0.926702 0.331539 0.17693 -0.229808 0.253566 0.204164 0.945527 0.384079 
1535172145513 0.277512 0.920836 -0.27395 -0.601411 -0.92661 0.331856 0.176819 -0.229783 0.253733 0.204775 0.94535 0.384089 
1535172145564 0.277533 0.920832 -0.273941 -0.601404 -0.926596 0.331881 0.176848 -0.229794 0.253763 0.204751 0.945347 0.384092 
1535172145758 0.277508 0.920868 -0.273846 -0.601416 -0.926605 0.331837 0.176881 -0.2298 0.253756 0.204661 0.945369 0.3841 
1535172145929 0.277508 0.920868 -0.273846 -0.601416 -0.926605 0.331837 0.176881 -0.2298 0.253756 0.204661 0.945369 0.3841 
1535172155046 0.277401 0.920782 -0.274243 -0.601436 -0.926623 0.331822 0.176814 -0.229686 0.253807 0.205071 0.945266 0.384205 
1535172155609 0.277684 0.921314 -0.27216 -0.601465 -0.926743 0.331529 0.176736 -0.229787 0.253059 0.203146 0.945882 0.383911 
1535172155641 0.277684 0.921314 -0.27216 -0.601465 -0.926743 0.331529 0.176736 -0.229787 0.253059 0.203146 0.945882 0.383911 
1535172155660 0.277684 0.921314 -0.27216 -0.601465 -0.926743 0.331529 0.176736 -0.229787 0.253059 0.203146 0.945882 0.383911 
1535172155856 0.277647 0.921321 -0.272175 -0.601453 -0.926784 0.331472 0.176627 -0.229842 0.252949 0.203207 0.945898 0.383894 
1535172155894 0.27782 0.921387 -0.271777 -0.601467 -0.92674 0.331555 0.176704 -0.229863 0.252922 0.202775 0.945998 0.383883 
1535172156140 0.277714 0.921497 -0.271512 -0.60153 -0.926859 0.331333 0.176494 -0.229751 0.2526 0.202638 0.946114 0.383706 
1535172156580 0.277817 0.921529 -0.271295 -0.601564 -0.926802 0.331411 0.176647 -0.22975 0.252695 0.202362 0.946147 0.383753 
1535172157049 0.277835 0.921567 -0.271148 -0.601543 -0.926821 0.331381 0.176604 -0.229751 0.252606 0.202239 0.946197 0.383706 
1535172157256 0.277895 0.921561 -0.271109 -0.601544 -0.926823 0.331414 0.176531 -0.229777 0.252533 0.202214 0.946222 0.383708 
1535172157296 0.277894 0.921559 -0.271114 -0.601545 -0.92682 0.331417 0.17654 -0.229777 0.252544 0.202215 0.946219 0.383705 
1535172157580 0.27791 0.921578 -0.271034 -0.601535 -0.926827 0.331408 0.176521 -0.22978 0.252501 0.202145 0.946246 0.383707 
1535172157603 0.278104 0.921575 -0.270844 -0.601522 -0.92687 0.331476 0.176167 -0.22987 0.252129 0.202045 0.946366 0.383584 
1535172157792 0.278076 0.921552 -0.270953 -0.601539 -0.926827 0.331512 0.176328 -0.229855 0.252319 0.202094 0.946305 0.383639 
1535172157828 0.278049 0.921542 -0.271015 -0.601548 -0.926803 0.331523 0.176433 -0.229841 0.252439 0.20212 0.946267 0.383641 
1535172158045 0.278077 0.921614 -0.27074 -0.601512 -0.926814 0.331482 0.176454 -0.229837 0.252368 0.201858 0.946342 0.383651 
1535172158069 0.277957 0.921503 -0.271243 -0.601562 -0.926881 0.331438 0.176181 -0.22983 0.252251 0.202439 0.946249 0.383641 
1535172158200 0.277911 0.921595 -0.270977 -0.601521 -0.926882 0.331354 0.176337 -0.229788 0.252301 0.202158 0.946296 0.383647 
1535172158236 0.277882 0.921651 -0.270817 -0.601494 -0.926899 0.331288 0.176367 -0.229765 0.252268 0.202011 0.946336 0.383653 
1535172158466 0.277853 0.921488 -0.271398 -0.601553 -0.927067 0.331244 0.17557 -0.229776 0.251685 0.202822 0.946318 0.383696 
1535172158493 0.27784 0.921405 -0.271693 -0.601528 -0.927167 0.33121 0.175105 -0.229736 0.25133 0.203254 0.94632 0.383746 
1535172158770 0.277842 0.921361 -0.271843 -0.601503 -0.927193 0.331218 0.17495 -0.229725 0.251232 0.203442 0.946305 0.383756 
1535172159066 0.278247 0.921105 -0.272294 -0.601451 -0.927248 0.331549 0.174031 -0.229746 0.250579 0.204061 0.946345 0.383658 
1535172159561 0.278172 0.921044 -0.272576 -0.601459 -0.927309 0.331499 0.173799 -0.229625 0.250436 0.204416 0.946307 0.383718 
1535172159611 0.277986 0.920954 -0.27307 -0.601418 -0.927428 0.331362 0.173424 -0.229672 0.250201 0.205043 0.946233 0.383721 
1535172160003 0.278066 0.920996 -0.272849 -0.601403 -0.927394 0.331405 0.173526 -0.229686 0.25024 0.204787 0.946278 0.383727 
1535172160293 0.277939 0.920979 -0.273034 -0.601416 -0.927427 0.331323 0.173508 -0.229641 0.250259 0.204995 0.946228 0.383723 
1535172160741 0.277886 0.92097 -0.273119 -0.601429 -0.927361 0.331355 0.173798 -0.229608 0.250562 0.204984 0.94615 0.383788 
1535172160824 0.277893 0.920994 -0.27303 -0.601412 -0.927405 0.331307 0.173652 -0.229614 0.250389 0.204953 0.946203 0.383741 
1535172161006 0.277873 0.920973 -0.27312 -0.601424 -0.927388 0.331324 0.173713 -0.229608 0.250476 0.205018 0.946166 0.383753 
1535172161249 0.277936 0.920926 -0.273217 -0.601398 -0.927342 0.331425 0.173767 -0.229662 0.250578 0.205069 0.946128 0.383782 
1535172161475 0.277879 0.920868 -0.273468 -0.601421 -0.927276 0.331485 0.174001 -0.229648 0.250882 0.205229 0.946012 0.38388 
1535172161756 0.277774 0.92083 -0.273704 -0.601434 -0.927313 0.331425 0.173918 -0.229659 0.250861 0.2055 0.945959 0.383865 
1535172161805 0.277757 0.920749 -0.273992 -0.601409 -0.927282 0.331492 0.173956 -0.229716 0.250996 0.205751 0.945869 0.383883 
1535172162063 0.277789 0.92073 -0.274027 -0.6014 -0.927266 0.331535 0.173963 -0.229746 0.251022 0.205771 0.945858 0.383926 
1535172162220 0.277453 0.920892 -0.273821 -0.601411 -0.927296 0.331232 0.174378 -0.229646 0.251282 0.205532 0.94584 0.383981 
1535172162652 0.27758 0.920827 -0.273911 -0.601422 -0.92729 0.331345 0.174194 -0.229673 0.251161 0.205642 0.945849 0.383983 
1535172162672 0.27753 0.920959 -0.273517 -0.601425 -0.927074 0.331411 0.175218 -0.229765 0.252015 0.204942 0.945773 0.383989 
1535172162856 0.277565 0.920936 -0.27356 -0.60142 -0.927092 0.33143 0.175087 -0.229748 0.25191 0.205018 0.945785 0.383992 
1535172163172 0.277394 0.921069 -0.273285 -0.601417 -0.926999 0.331331 0.175766 -0.229805 0.25244 0.204578 0.945739 0.384051 
1535172163221 0.277394 0.921069 -0.273285 -0.601417 -0.926999 0.331331 0.175766 -0.229805 0.25244 0.204578 0.945739 0.384051 
1535172163344 0.277278 0.921122 -0.273225 -0.601444 -0.926881 0.331331 0.176384 -0.229864 0.252999 0.204339 0.945641 0.384066 
1535172163613 0.277351 0.921082 -0.273284 -0.601425 -0.926932 0.331354 0.176075 -0.229815 0.252733 0.204481 0.945682 0.384044 
1535172163772 0.276957 0.921296 -0.272964 -0.601462 -0.92684 0.331084 0.177062 -0.229896 0.2535 0.203955 0.94559 0.384043 
1535172164106 0.27724 0.921135 -0.273218 -0.60144 -0.926953 0.331244 0.176169 -0.229753 0.252777 0.204419 0.945683 0.384094 
1535172164130 0.277114 0.921237 -0.273001 -0.601475 -0.926693 0.331322 0.177385 -0.229898 0.253865 0.203832 0.945518 0.384035 
1535172164308 0.277 0.92126 -0.273041 -0.60145 -0.926852 0.331121 0.176933 -0.229833 0.253411 0.204058 0.945592 0.384065 
1535172164342 0.277133 0.921079 -0.273516 -0.601471 -0.926803 0.331346 0.176765 -0.229719 0.253443 0.204508 0.945486 0.384072 
1535172164514 0.277071 0.921177 -0.273247 -0.601447 -0.926782 0.331267 0.177025 -0.229749 0.253589 0.204192 0.945515 0.384095 
1535172164545 0.277077 0.92114 -0.273366 -0.601445 -0.926848 0.331241 0.176728 -0.229798 0.253341 0.204401 0.945536 0.384129 
1535172164664 0.277327 0.920928 -0.273826 -0.601428 -0.926682 0.331642 0.176843 -0.229802 0.253672 0.204706 0.945381 0.384178 
1535172164838 0.277327 0.920928 -0.273826 -0.601428 -0.926682 0.331642 0.176843 -0.229802 0.253672 0.204706 0.945381 0.384178 
1535172169163 0.277213 0.920834 -0.274258 -0.601441 -0.926671 0.331652 0.176883 -0.229679 0.253838 0.205113 0.945249 0.384169 
1535172169908 0.277483 0.920908 -0.273736 -0.601423 -0.926669 0.331747 0.176717 -0.229838 0.253551 0.204626 0.945431 0.384186 
1535172170311 0.277206 0.921118 -0.273309 -0.601496 -0.926875 0.331301 0.176475 -0.229769 0.253102 0.204403 0.9456 0.384018 
1535172170362 0.277517 0.921067 -0.273167 -0.60151 -0.926859 0.331508 0.176166 -0.229857 0.252818 0.204298 0.945698 0.383921 
1535172170626 0.277445 0.921088 -0.27317 -0.601505 -0.926861 0.331456 0.176252 -0.229823 0.252888 0.20429 0.945681 0.383957 
1535172170649 0.277401 0.921155 -0.272988 -0.601484 -0.926886 0.33137 0.176286 -0.229799 0.252847 0.204127 0.945728 0.383979 
1535172170826 0.277393 0.921143 -0.273037 -0.601491 -0.926879 0.331379 0.176303 -0.229796 0.252879 0.204167 0.94571 0.383978 
1535172170863 0.277402 0.921139 -0.27304 -0.601495 -0.926876 0.331388 0.176302 -0.229799 0.252881 0.204167 0.94571 0.383977 
1535172171220 0.277425 0.921127 -0.273058 -0.6015 -0.926874 0.33141 0.176271 -0.229811 0.252862 0.204188 0.94571 0.38396 
1535172171248 0.277439 0.921122 -0.273059 -0.601505 -0.926868 0.331425 0.176276 -0.229815 0.25287 0.204184 0.945709 0.383957 
1535172171435 0.27744 0.921122 -0.273059 -0.601505 -0.926868 0.331426 0.176275 -0.229815 0.25287 0.204184 0.945709 0.383956 
1535172171469 0.277463 0.921118 -0.273049 -0.601508 -0.926864 0.331444 0.176263 -0.229824 0.25286 0.204173 0.945714 0.383953 
1535172171689 0.277497 0.921171 -0.272836 -0.60148 -0.926897 0.331401 0.176171 -0.229832 0.252701 0.204004 0.945793 0.383946 
1535172171846 0.277499 0.92114 -0.272939 -0.601536 -0.926925 0.331399 0.176025 -0.22982 0.252595 0.204148 0.94579 0.383845 
1535172171894 0.277514 0.92115 -0.27289 -0.601538 -0.926899 0.331421 0.176119 -0.229818 0.252674 0.204066 0.945787 0.383899 
1535172172039 0.277533 0.921157 -0.272848 -0.60154 -0.92689 0.331434 0.176142 -0.229819 0.252686 0.204015 0.945795 0.383917 
1535172172073 0.277479 0.921159 -0.272895 -0.601538 -0.926918 0.331382 0.176094 -0.229803 0.252643 0.204089 0.94579 0.383884 
1535172172249 0.277352 0.921131 -0.273117 -0.601552 -0.926958 0.331301 0.176037 -0.229764 0.252637 0.204344 0.945737 0.383871 
1535172172544 0.277325 0.92106 -0.273386 -0.601528 -0.927124 0.331198 0.175352 -0.229758 0.252055 0.204833 0.945786 0.383943 
1535172172792 0.277507 0.920921 -0.273668 -0.601468 -0.927201 0.33132 0.174718 -0.229777 0.251573 0.205259 0.945822 0.383911 
1535172173158 0.277544 0.921233 -0.272577 -0.601435 -0.927494 0.3309 0.173953 -0.229789 0.250447 0.204534 0.946278 0.383899 
1535172173531 0.277354 0.921814 -0.270802 -0.601429 -0.928162 0.329885 0.172314 -0.229605 0.248175 0.203556 0.947087 0.383867 
1535172173713 0.277403 0.922071 -0.269875 -0.601427 -0.928419 0.329535 0.171593 -0.229649 0.247154 0.202957 0.947483 0.383852 
1535172173867 0.277233 0.922007 -0.270269 -0.601424 -0.928392 0.32951 0.17179 -0.229606 0.247448 0.203289 0.947335 0.38385 
1535172174229 0.2774 0.92114 -0.273038 -0.601391 -0.92783 0.330609 0.172713 -0.229597 0.249362 0.205422 0.946372 0.383932 
1535172174246 0.277437 0.920868 -0.273918 -0.601404 -0.927663 0.330938 0.172977 -0.229599 0.249939 0.206114 0.94607 0.384027 
1535172174467 0.277464 0.920846 -0.273963 -0.601403 -0.927678 0.330953 0.17287 -0.22962 0.249856 0.206184 0.946076 0.383984 
1535172174497 0.277511 0.920851 -0.2739 -0.601385 -0.927679 0.330974 0.172823 -0.229645 0.249798 0.20613 0.946103 0.383954 
1535172174860 0.277474 0.920753 -0.274266 -0.601424 -0.927611 0.331072 0.173 -0.229647 0.250092 0.206409 0.945965 0.383957 
1535172174888 0.277482 0.920657 -0.27458 -0.601371 -0.927494 0.331234 0.173319 -0.229709 0.250517 0.206578 0.945815 0.38404 
1535172174902 0.277482 0.920657 -0.27458 -0.601371 -0.927494 0.331234 0.173319 -0.229709 0.250517 0.206578 0.945815 0.38404 
1535172175118 0.277422 0.920695 -0.274512 -0.601385 -0.92752 0.331157 0.173326 -0.229663 0.250487 0.206531 0.945834 0.384042 
1535172175152 0.277398 0.920699 -0.274526 -0.601403 -0.927542 0.331125 0.173272 -0.229646 0.250434 0.206569 0.94584 0.384006 
1535172175519 0.277521 0.920622 -0.274657 -0.601379 -0.927488 0.331281 0.173261 -0.229734 0.250496 0.206658 0.945803 0.384001 
1535172175770 0.27756 0.920576 -0.274773 -0.601381 -0.92743 0.331379 0.173385 -0.229763 0.250668 0.206708 0.945747 0.384045 
1535172175820 0.277427 0.920582 -0.274888 -0.601374 -0.927454 0.331286 0.173434 -0.22973 0.250727 0.206831 0.945704 0.384044 
1535172176108 0.277403 0.920579 -0.27492 -0.60137 -0.927457 0.331272 0.173443 -0.229729 0.250741 0.206863 0.945694 0.384043 
1535172176302 0.277255 0.920571 -0.275098 -0.601369 -0.927441 0.331213 0.173638 -0.229714 0.250962 0.206995 0.945606 0.384103 
1535172176521 0.277138 0.920515 -0.275404 -0.601384 -0.92746 0.331172 0.173615 -0.229698 0.251022 0.207311 0.945521 0.384124 
1535172176848 0.277032 0.920578 -0.275299 -0.601376 -0.927421 0.33111 0.173946 -0.229683 0.251285 0.207129 0.945491 0.384206 
1535172176896 0.276886 0.920699 -0.275042 -0.601386 -0.927267 0.331083 0.174813 -0.229769 0.252012 0.206634 0.945406 0.384165 
1535172177072 0.277078 0.920621 -0.275108 -0.601387 -0.927276 0.331225 0.174496 -0.229781 0.251767 0.206752 0.945445 0.384207 
1535172177222 0.276853 0.920797 -0.274745 -0.601392 -0.927109 0.331132 0.175555 -0.229863 0.252628 0.206116 0.945355 0.384178 
1535172177679 0.276946 0.920704 -0.274962 -0.601425 -0.927111 0.331238 0.175344 -0.229863 0.252518 0.20636 0.945331 0.384246 
1535172177720 0.276489 0.920972 -0.274526 -0.601441 -0.926982 0.330934 0.176598 -0.229917 0.253492 0.205653 0.945224 0.384249 
1535172177907 0.276525 0.920932 -0.274623 -0.601446 -0.927014 0.330952 0.176394 -0.229907 0.253334 0.205802 0.945234 0.384238 
1535172177943 0.276684 0.920854 -0.274726 -0.601453 -0.927004 0.331094 0.176183 -0.229903 0.253199 0.205925 0.945243 0.384239 
1535172178198 0.276432 0.920979 -0.274558 -0.601469 -0.926969 0.33091 0.17671 -0.229949 0.253601 0.205659 0.945194 0.384232 
1535172178226 0.276612 0.920916 -0.274589 -0.601461 -0.926886 0.331112 0.17677 -0.229923 0.25371 0.205616 0.945174 0.384246 
1535172178398 0.27651 0.920948 -0.274586 -0.60146 -0.926916 0.331014 0.176793 -0.229922 0.253709 0.205633 0.94517 0.384253 
1535172178430 0.276268 0.920902 -0.274983 -0.601472 -0.926921 0.330914 0.176959 -0.229783 0.253958 0.205999 0.945024 0.384245 
1535172178633 0.276472 0.920861 -0.274915 -0.601454 -0.926859 0.331097 0.176939 -0.229763 0.25396 0.205888 0.945047 0.384257 
1535172178664 0.276527 0.920714 -0.27535 -0.601432 -0.926893 0.331192 0.176582 -0.229746 0.253776 0.206391 0.944987 0.384273 
1535172178897 0.276709 0.920642 -0.27541 -0.60142 -0.926819 0.331393 0.176591 -0.229783 0.253846 0.206391 0.944968 0.384312 
1535172179102 0.276709 0.920642 -0.27541 -0.60142 -0.926819 0.331393 0.176591 -0.229783 0.253846 0.206391 0.944968 0.384312 
