1535160496192 0.234 0.923018 -0.30542 -0.536141 -0.93935 0.295653 0.173811 -0.197631 0.250729 0.246225 0.93622 0.428486 
1535160510416 0.233996 0.92302 -0.305418 -0.536142 -0.939351 0.295649 0.173815 -0.197628 0.250731 0.246223 0.93622 0.428487 
1535160511529 0.238021 0.923354 -0.301268 -0.555676 -0.938656 0.298379 0.172901 -0.206868 0.249541 0.241633 0.937733 0.418494 
1535160512911 0.242398 0.924177 -0.295195 -0.585429 -0.938141 0.300824 0.171451 -0.220534 0.247253 0.235375 0.939928 0.402343 
1535160514047 0.245604 0.924734 -0.290767 -0.605229 -0.937623 0.302758 0.170883 -0.229674 0.246053 0.23066 0.94141 0.39186 
1535160515237 0.248409 0.92525 -0.286714 -0.625082 -0.937321 0.304278 0.169834 -0.238737 0.244379 0.226555 0.942842 0.381129 
1535160515267 0.24811 0.925376 -0.286567 -0.625188 -0.937424 0.303943 0.169865 -0.238711 0.244289 0.22649 0.942881 0.380874 
1535160515697 0.248874 0.925227 -0.286384 -0.626969 -0.937219 0.304641 0.169745 -0.239683 0.244297 0.226159 0.942958 0.380041 
1535160516215 0.249268 0.925349 -0.285648 -0.629888 -0.937141 0.304857 0.169788 -0.241052 0.244195 0.22537 0.943174 0.37848 
1535160516760 0.249715 0.925422 -0.285021 -0.632954 -0.937085 0.305111 0.169643 -0.242418 0.243954 0.224726 0.94339 0.376762 
1535160517158 0.249291 0.925667 -0.284596 -0.633929 -0.937268 0.304564 0.169616 -0.242873 0.243685 0.224459 0.943523 0.376076 
1535160517493 0.247538 0.924927 -0.288505 -0.633556 -0.937213 0.304091 0.170764 -0.242826 0.245676 0.22812 0.942128 0.376737 
1535160517753 0.246206 0.92422 -0.29189 -0.633716 -0.937149 0.303836 0.171569 -0.243121 0.247254 0.231303 0.940938 0.376987 
1535160517881 0.245933 0.923967 -0.292919 -0.633821 -0.937064 0.303914 0.171894 -0.243393 0.247847 0.23221 0.940559 0.377131 
1535160518015 0.245409 0.923743 -0.294064 -0.633917 -0.937072 0.303749 0.172142 -0.243592 0.248336 0.233314 0.940156 0.377114 
1535160518445 0.244736 0.923587 -0.295113 -0.634063 -0.937109 0.303436 0.172491 -0.243657 0.248859 0.234339 0.939763 0.377215 
1535160518685 0.244387 0.923864 -0.294533 -0.63403 -0.937077 0.30311 0.173235 -0.243781 0.249322 0.233663 0.939808 0.377124 
1535160518979 0.241766 0.924355 -0.295154 -0.63428 -0.937099 0.30135 0.176164 -0.244411 0.251783 0.233998 0.939069 0.37718 
1535160519280 0.239054 0.924948 -0.295507 -0.634469 -0.937163 0.299425 0.179082 -0.244877 0.254124 0.234128 0.938406 0.377309 
1535160519456 0.238481 0.925031 -0.29571 -0.634573 -0.937032 0.299175 0.180182 -0.245141 0.255143 0.23412 0.938131 0.377431 
1535160519480 0.238268 0.925075 -0.295745 -0.634583 -0.937078 0.298987 0.180255 -0.245162 0.255174 0.234187 0.938106 0.377422 
1535160519501 0.238094 0.925103 -0.295795 -0.634591 -0.937089 0.298862 0.180406 -0.245175 0.255296 0.234233 0.938061 0.377405 
1535160519660 0.237975 0.925244 -0.295451 -0.634647 -0.93726 0.298553 0.18003 -0.245282 0.254779 0.234072 0.938242 0.377482 
1535160519684 0.237929 0.925424 -0.294923 -0.634657 -0.9375 0.298196 0.179366 -0.245261 0.253935 0.233814 0.938535 0.377441 
1535160519794 0.23778 0.925563 -0.294608 -0.634789 -0.937778 0.297772 0.178616 -0.245306 0.253046 0.233806 0.938777 0.377285 
1535160519916 0.237417 0.925902 -0.293835 -0.634844 -0.938162 0.297009 0.177873 -0.245493 0.251964 0.233435 0.93916 0.377356 
1535160519990 0.237369 0.926067 -0.293354 -0.634892 -0.938374 0.296685 0.177292 -0.245588 0.251218 0.233192 0.939421 0.377257 
1535160520067 0.236871 0.926275 -0.293097 -0.634992 -0.938694 0.295982 0.176771 -0.245551 0.25049 0.233257 0.939599 0.377155 
1535160520229 0.236564 0.926582 -0.292375 -0.635115 -0.939137 0.295211 0.175704 -0.245679 0.249116 0.233015 0.940024 0.377116 
1535160520402 0.236892 0.9265 -0.29237 -0.635076 -0.939013 0.295561 0.175779 -0.245586 0.249273 0.232898 0.940011 0.377097 
1535160520418 0.237148 0.926431 -0.29238 -0.635062 -0.938929 0.295824 0.175784 -0.245577 0.249345 0.232837 0.940007 0.377091 
1535160520559 0.237694 0.92635 -0.292194 -0.634967 -0.938795 0.296304 0.17569 -0.245562 0.249328 0.23255 0.940083 0.377085 
1535160520598 0.238118 0.926463 -0.291491 -0.634952 -0.938836 0.296436 0.175251 -0.245531 0.248772 0.231932 0.940383 0.377092 
1535160520763 0.23931 0.926536 -0.290279 -0.634977 -0.939027 0.296882 0.173466 -0.245472 0.246901 0.231068 0.941088 0.376896 
1535160520984 0.240961 0.926736 -0.288266 -0.635018 -0.93927 0.297456 0.171147 -0.245355 0.244355 0.22952 0.942131 0.376716 
1535160521148 0.241795 0.92682 -0.287297 -0.635094 -0.93944 0.297711 0.169765 -0.24528 0.242873 0.22885 0.942677 0.376573 
1535160521295 0.241742 0.926832 -0.287305 -0.63501 -0.93943 0.297685 0.169869 -0.245295 0.242966 0.228839 0.942656 0.376662 
1535160521458 0.241849 0.926617 -0.287906 -0.634801 -0.939153 0.298131 0.170613 -0.245175 0.243927 0.229125 0.942338 0.376783 
1535160521732 0.244069 0.92636 -0.286858 -0.634278 -0.938866 0.299786 0.169288 -0.244718 0.242817 0.228004 0.942897 0.376881 
1535160521903 0.245029 0.926263 -0.286353 -0.633999 -0.938848 0.300392 0.168314 -0.244739 0.241921 0.2276 0.943224 0.37691 
1535160522172 0.247259 0.925943 -0.285471 -0.633502 -0.938527 0.302112 0.167022 -0.244303 0.240897 0.226624 0.943722 0.377007 
1535160522324 0.247665 0.925947 -0.285105 -0.633321 -0.938621 0.302244 0.166252 -0.24414 0.240112 0.22643 0.943968 0.37701 
1535160522571 0.247636 0.92583 -0.285509 -0.633038 -0.938499 0.302411 0.166634 -0.244077 0.240615 0.226685 0.943779 0.377151 
1535160522846 0.247899 0.925755 -0.285522 -0.632354 -0.93839 0.302703 0.166721 -0.243751 0.240771 0.226601 0.943759 0.377401 
1535160523031 0.248244 0.925619 -0.285664 -0.631973 -0.938278 0.303077 0.166668 -0.243725 0.240849 0.226658 0.943726 0.37753 
1535160523317 0.248507 0.92551 -0.285791 -0.631306 -0.938258 0.303304 0.166369 -0.243432 0.240657 0.226801 0.94374 0.377724 
1535160523567 0.248852 0.92541 -0.285812 -0.630621 -0.938103 0.303697 0.166528 -0.243116 0.240907 0.22668 0.943706 0.378051 
1535160523601 0.248966 0.925384 -0.285799 -0.630505 -0.938075 0.303801 0.166495 -0.243018 0.240898 0.226649 0.943715 0.378088 
1535160523812 0.249089 0.925348 -0.285807 -0.630357 -0.938007 0.303954 0.1666 -0.243049 0.241035 0.226591 0.943694 0.378228 
1535160524225 0.247926 0.925501 -0.286323 -0.628386 -0.937883 0.303341 0.168401 -0.242249 0.242709 0.226786 0.943218 0.378648 
1535160524634 0.248142 0.925222 -0.287037 -0.626283 -0.937149 0.304307 0.170729 -0.241756 0.245309 0.226631 0.942582 0.379365 
1535160524672 0.248027 0.925231 -0.287106 -0.626168 -0.937155 0.304233 0.170831 -0.241701 0.245406 0.226692 0.942543 0.379361 
1535160524926 0.248134 0.925169 -0.287214 -0.62594 -0.937026 0.304448 0.171153 -0.241517 0.245787 0.226658 0.942451 0.379374 
1535160525179 0.248293 0.925041 -0.28749 -0.625373 -0.936707 0.304905 0.172081 -0.241214 0.24684 0.226567 0.942198 0.379522 
1535160525417 0.248439 0.924988 -0.287534 -0.624775 -0.936382 0.305315 0.173125 -0.240838 0.247927 0.226231 0.941994 0.379702 
1535160525444 0.248338 0.925013 -0.287541 -0.624653 -0.936379 0.305247 0.17326 -0.240789 0.248038 0.22622 0.941967 0.379738 
1535160525726 0.248273 0.924887 -0.288 -0.624184 -0.93635 0.305313 0.173299 -0.240593 0.248213 0.226643 0.941819 0.379823 
1535160526140 0.247789 0.92478 -0.288761 -0.622569 -0.936318 0.305142 0.173775 -0.23982 0.248817 0.227313 0.941498 0.38028 
1535160526466 0.248035 0.924449 -0.289609 -0.621394 -0.936094 0.30568 0.174032 -0.239444 0.249411 0.227935 0.941191 0.380673 
1535160526492 0.248216 0.924366 -0.289717 -0.621257 -0.936017 0.305899 0.174063 -0.239468 0.249522 0.227975 0.941152 0.380727 
1535160526508 0.248348 0.924317 -0.289762 -0.621205 -0.935967 0.306048 0.174073 -0.239504 0.24958 0.227977 0.941136 0.380754 
1535160526711 0.247916 0.924446 -0.289721 -0.62094 -0.936035 0.30567 0.174367 -0.239239 0.249752 0.227961 0.941094 0.380826 
1535160527019 0.247499 0.924575 -0.289664 -0.619929 -0.936 0.305395 0.175038 -0.238738 0.250297 0.227804 0.940987 0.38115 
1535160527346 0.247568 0.924449 -0.290006 -0.618473 -0.935711 0.305771 0.175921 -0.23837 0.251306 0.227809 0.940717 0.381588 
1535160527390 0.24786 0.92436 -0.290042 -0.618281 -0.935573 0.306111 0.176064 -0.238441 0.251531 0.227716 0.940679 0.381688 
1535160527607 0.247223 0.924426 -0.290374 -0.61807 -0.935662 0.30564 0.176409 -0.238067 0.251827 0.22808 0.940512 0.381723 
1535160527819 0.247276 0.924298 -0.290737 -0.61759 -0.935518 0.305877 0.176761 -0.237984 0.25231 0.228281 0.940334 0.381917 
1535160528074 0.246904 0.924215 -0.291315 -0.616959 -0.935402 0.305828 0.177461 -0.237649 0.253104 0.228681 0.940023 0.382212 
1535160528215 0.247446 0.924017 -0.291485 -0.61667 -0.935105 0.306516 0.17784 -0.237772 0.253672 0.228563 0.939899 0.382418 
1535160528266 0.247209 0.924064 -0.291537 -0.616649 -0.935164 0.306303 0.177893 -0.237666 0.253683 0.228658 0.939872 0.382399 
1535160528286 0.247067 0.92409 -0.291573 -0.616615 -0.935198 0.306178 0.17793 -0.23757 0.253697 0.228718 0.939854 0.382384 
1535160528527 0.247618 0.923811 -0.29199 -0.616268 -0.935194 0.306655 0.17713 -0.237504 0.253175 0.229207 0.939876 0.382588 
1535160528564 0.247565 0.923787 -0.292111 -0.616146 -0.935246 0.306593 0.176963 -0.237395 0.253035 0.229386 0.93987 0.382615 
1535160528739 0.248055 0.92359 -0.292319 -0.615863 -0.935225 0.307 0.176369 -0.237381 0.252634 0.229634 0.939917 0.38268 
1535160528779 0.248075 0.923528 -0.292499 -0.615745 -0.935276 0.307002 0.176091 -0.237324 0.252423 0.229883 0.939913 0.382691 
1535160528920 0.248311 0.92339 -0.292734 -0.61565 -0.935266 0.307224 0.175759 -0.237246 0.252229 0.230142 0.939902 0.382729 
1535160529123 0.248276 0.923393 -0.292755 -0.615522 -0.935271 0.307198 0.175778 -0.237227 0.252245 0.230164 0.939892 0.382754 
1535160529458 0.247898 0.923493 -0.292759 -0.614331 -0.935216 0.306981 0.176448 -0.236541 0.25282 0.230052 0.939765 0.383119 
1535160529687 0.248415 0.923255 -0.293072 -0.61382 -0.935038 0.307569 0.176364 -0.236463 0.252969 0.230222 0.939683 0.383234 
1535160529711 0.248315 0.923274 -0.293095 -0.613727 -0.935067 0.307477 0.176375 -0.236378 0.252963 0.230267 0.939674 0.383239 
1535160529937 0.248286 0.923353 -0.292871 -0.613404 -0.934945 0.307525 0.176938 -0.236159 0.253441 0.229887 0.939638 0.383477 
1535160530224 0.248402 0.923373 -0.292711 -0.612283 -0.934599 0.307889 0.178128 -0.235812 0.254601 0.22932 0.939463 0.383676 
1535160530511 0.248809 0.923308 -0.292568 -0.611158 -0.934108 0.308591 0.17948 -0.235515 0.255999 0.228634 0.93925 0.383975 
1535160530674 0.248887 0.923295 -0.292545 -0.610802 -0.933936 0.308796 0.180024 -0.235339 0.256552 0.228412 0.939153 0.384052 
1535160530696 0.248874 0.923305 -0.292522 -0.610713 -0.933923 0.308794 0.180095 -0.235289 0.256612 0.228372 0.939147 0.384046 
1535160530866 0.249428 0.923302 -0.292061 -0.610417 -0.933728 0.309272 0.180284 -0.235233 0.256782 0.227738 0.939254 0.38418 
1535160531093 0.250038 0.923439 -0.291104 -0.609781 -0.933809 0.309449 0.179558 -0.234868 0.255893 0.22694 0.93969 0.384203 
1535160531403 0.25081 0.923623 -0.289854 -0.608473 -0.933615 0.30993 0.17974 -0.234176 0.255846 0.225531 0.940042 0.384361 
1535160531429 0.25112 0.923576 -0.289734 -0.608365 -0.933513 0.310218 0.179773 -0.234151 0.255915 0.225326 0.940072 0.384389 
1535160531444 0.251377 0.923529 -0.289662 -0.608302 -0.933423 0.310467 0.179811 -0.234166 0.255991 0.225177 0.940087 0.384402 
1535160531684 0.251191 0.923689 -0.289312 -0.607829 -0.93356 0.310145 0.179654 -0.233804 0.255673 0.224963 0.940225 0.384532 
1535160531857 0.251637 0.923622 -0.289137 -0.6075 -0.933431 0.310544 0.179635 -0.233774 0.255705 0.224687 0.940282 0.384676 
1535160532017 0.251845 0.923595 -0.289044 -0.607222 -0.93339 0.31071 0.179561 -0.233611 0.25565 0.224569 0.940325 0.384711 
1535160532248 0.252206 0.923548 -0.288879 -0.606628 -0.933322 0.310996 0.179418 -0.233329 0.255541 0.224367 0.940403 0.384792 
1535160532478 0.252717 0.923565 -0.288378 -0.606028 -0.933283 0.311298 0.179097 -0.233065 0.255179 0.223877 0.940618 0.384973 
1535160532556 0.252818 0.923578 -0.288248 -0.605788 -0.933274 0.311353 0.179051 -0.232969 0.255115 0.223747 0.940667 0.385042 
1535160532757 0.252689 0.923708 -0.287945 -0.605709 -0.933334 0.31115 0.179091 -0.232862 0.255022 0.223495 0.940752 0.38513 
1535160532991 0.252854 0.923846 -0.287356 -0.605146 -0.93336 0.311131 0.17899 -0.232592 0.254764 0.222948 0.940951 0.38516 
1535160533213 0.253232 0.923944 -0.286708 -0.604497 -0.933384 0.311255 0.178647 -0.232476 0.254299 0.222369 0.941214 0.38526 
1535160533437 0.253215 0.924146 -0.28607 -0.603952 -0.933484 0.311032 0.17851 -0.23214 0.253946 0.221841 0.941434 0.385378 
1535160533466 0.253101 0.924223 -0.285923 -0.603817 -0.933549 0.310865 0.178462 -0.23205 0.253822 0.221754 0.941488 0.385394 
1535160533480 0.253066 0.924248 -0.285872 -0.603765 -0.933569 0.310812 0.178449 -0.232016 0.253784 0.221722 0.941506 0.385401 
1535160533719 0.253243 0.924458 -0.285037 -0.603182 -0.93361 0.310743 0.178356 -0.231631 0.253455 0.220946 0.941777 0.385527 
1535160533829 0.25396 0.924389 -0.284621 -0.60283 -0.93345 0.311316 0.178193 -0.231753 0.253327 0.220426 0.941933 0.385579 
1535160534074 0.254072 0.924638 -0.283712 -0.602056 -0.933533 0.311149 0.178053 -0.231323 0.252911 0.219616 0.942234 0.385681 
1535160534194 0.254332 0.924663 -0.283398 -0.601788 -0.933482 0.311319 0.178021 -0.231217 0.252837 0.219271 0.942334 0.385727 
1535160534439 0.254459 0.92476 -0.282964 -0.6015 -0.933504 0.311308 0.177925 -0.231112 0.252627 0.218873 0.942483 0.385778 
1535160534658 0.25481 0.925008 -0.281836 -0.601568 -0.933578 0.311279 0.177589 -0.230989 0.252001 0.217864 0.942884 0.385669 
1535160534695 0.255191 0.925093 -0.281211 -0.601468 -0.933574 0.311437 0.177334 -0.23092 0.25163 0.217277 0.943119 0.385623 
1535160534842 0.255803 0.925347 -0.279818 -0.601271 -0.933658 0.311537 0.176713 -0.230841 0.250694 0.216051 0.943649 0.385629 
1535160534878 0.256087 0.925458 -0.27919 -0.601175 -0.933678 0.311604 0.176489 -0.230795 0.25033 0.215477 0.943877 0.385602 
1535160534988 0.256208 0.925622 -0.278534 -0.601028 -0.933777 0.311481 0.176181 -0.230593 0.249835 0.21495 0.944129 0.385437 
1535160535055 0.256784 0.925751 -0.277573 -0.600918 -0.933734 0.311749 0.175934 -0.230546 0.249404 0.214002 0.944458 0.385484 
1535160535083 0.256833 0.925755 -0.277513 -0.600915 -0.933725 0.311782 0.175926 -0.230518 0.249388 0.213937 0.944477 0.385483 
1535160535279 0.257025 0.92604 -0.276383 -0.600984 -0.93374 0.311692 0.176006 -0.23059 0.249135 0.212831 0.944793 0.385366 
1535160535532 0.258029 0.926647 -0.273398 -0.601043 -0.933732 0.311857 0.175753 -0.230539 0.248122 0.209932 0.945708 0.385031 
1535160535734 0.258751 0.927105 -0.271154 -0.601101 -0.933663 0.312012 0.175848 -0.230387 0.247633 0.207665 0.946337 0.384914 
1535160535845 0.259219 0.927233 -0.270267 -0.601121 -0.933601 0.312235 0.175779 -0.230433 0.247375 0.206757 0.946603 0.384721 
1535160536216 0.259469 0.927469 -0.269215 -0.601155 -0.93363 0.312193 0.175701 -0.230334 0.247004 0.205759 0.946917 0.384667 
1535160537599 0.248309 0.926314 -0.283347 -0.57274 -0.936221 0.304579 0.175277 -0.217181 0.248663 0.221752 0.942864 0.404005 
1535160539950 0.213029 0.919789 -0.329555 -0.472619 -0.943982 0.280763 0.173408 -0.171412 0.252025 0.274153 0.928075 0.473754 
1535160540657 0.213894 0.919452 -0.329935 -0.472355 -0.94363 0.281817 0.173613 -0.171454 0.252611 0.274202 0.927902 0.474222 
1535160540676 0.213894 0.919452 -0.329936 -0.472355 -0.94363 0.281818 0.173614 -0.171454 0.252611 0.274202 0.927901 0.474222 
1535160540693 0.213894 0.919452 -0.329936 -0.472355 -0.94363 0.281818 0.173614 -0.171454 0.252611 0.274202 0.927901 0.474222 
1535160540713 0.213894 0.919452 -0.329936 -0.472355 -0.94363 0.281818 0.173614 -0.171454 0.252611 0.274202 0.927901 0.474222 
1535160540733 0.213895 0.919451 -0.329937 -0.472356 -0.943629 0.281819 0.173614 -0.171454 0.252612 0.274203 0.927901 0.474222 
1535160540750 0.213895 0.919451 -0.329939 -0.472356 -0.943629 0.28182 0.173614 -0.171454 0.252612 0.274205 0.9279 0.474222 
1535160540772 0.213895 0.91945 -0.329941 -0.472356 -0.943629 0.281821 0.173614 -0.171454 0.252613 0.274207 0.927899 0.474222 
1535160541961 0.213893 0.919432 -0.329992 -0.472362 -0.94362 0.281839 0.173634 -0.171452 0.252649 0.274248 0.927877 0.474222 
1535160541975 0.213893 0.919432 -0.329992 -0.472363 -0.94362 0.281839 0.173634 -0.171452 0.252649 0.274248 0.927877 0.474222 
1535160541996 0.213893 0.919432 -0.329992 -0.472362 -0.94362 0.281839 0.173634 -0.171451 0.25265 0.274248 0.927877 0.474223 
1535160542019 0.213893 0.919432 -0.329992 -0.472363 -0.943619 0.281839 0.173634 -0.171452 0.25265 0.274248 0.927877 0.474223 
1535160542034 0.213894 0.919432 -0.329992 -0.472363 -0.943619 0.28184 0.173634 -0.171452 0.25265 0.274248 0.927877 0.474223 
1535160542057 0.213894 0.919432 -0.329992 -0.472363 -0.943619 0.28184 0.173634 -0.171452 0.25265 0.274247 0.927877 0.474223 
1535160542070 0.213894 0.919432 -0.329992 -0.472363 -0.943619 0.28184 0.173634 -0.171451 0.25265 0.274248 0.927877 0.474223 
1535160542084 0.213894 0.919431 -0.329993 -0.472363 -0.943619 0.28184 0.173635 -0.171452 0.25265 0.274249 0.927877 0.474223 
1535160542100 0.213894 0.919431 -0.329994 -0.472363 -0.943619 0.28184 0.173635 -0.171451 0.252651 0.274249 0.927877 0.474223 
1535160542333 0.213895 0.919429 -0.329999 -0.472363 -0.943618 0.281843 0.173638 -0.171451 0.252655 0.274253 0.927874 0.474223 
1535160542343 0.213895 0.919429 -0.329999 -0.472363 -0.943618 0.281843 0.173638 -0.171451 0.252655 0.274253 0.927874 0.474224 
1535160542357 0.213895 0.919429 -0.329999 -0.472363 -0.943618 0.281844 0.173638 -0.171451 0.252656 0.274252 0.927874 0.474224 
1535160542374 0.213895 0.919429 -0.329999 -0.472364 -0.943618 0.281844 0.173638 -0.171451 0.252656 0.274253 0.927874 0.474223 
1535160542397 0.213895 0.919429 -0.329999 -0.472364 -0.943617 0.281844 0.173638 -0.171451 0.252656 0.274253 0.927874 0.474224 
1535160542419 0.213895 0.919429 -0.33 -0.472364 -0.943617 0.281844 0.173638 -0.171451 0.252656 0.274253 0.927874 0.474224 
1535160542439 0.213895 0.919429 -0.33 -0.472364 -0.943617 0.281844 0.173638 -0.171451 0.252657 0.274253 0.927874 0.474224 
1535160542455 0.213895 0.919429 -0.33 -0.472364 -0.943617 0.281844 0.173639 -0.171451 0.252657 0.274253 0.927874 0.474224 
1535160542542 0.213896 0.919428 -0.330001 -0.472364 -0.943617 0.281846 0.173639 -0.171451 0.252658 0.274254 0.927873 0.474224 
1535160542559 0.213896 0.919428 -0.330001 -0.472364 -0.943617 0.281846 0.173639 -0.171451 0.252658 0.274254 0.927873 0.474224 
1535160542579 0.213896 0.919428 -0.330001 -0.472364 -0.943617 0.281846 0.173639 -0.171451 0.252658 0.274254 0.927873 0.474224 
1535160542595 0.213896 0.919428 -0.330001 -0.472364 -0.943617 0.281846 0.173639 -0.171451 0.252658 0.274254 0.927873 0.474224 
1535160542612 0.213896 0.919428 -0.330002 -0.472364 -0.943616 0.281846 0.173639 -0.171451 0.252659 0.274254 0.927873 0.474224 
1535160542629 0.213896 0.919428 -0.330002 -0.472364 -0.943616 0.281846 0.17364 -0.171451 0.252659 0.274254 0.927873 0.474224 
1535160542649 0.213896 0.919428 -0.330002 -0.472364 -0.943616 0.281846 0.17364 -0.171451 0.252659 0.274254 0.927873 0.474225 
1535160542668 0.213896 0.919427 -0.330002 -0.472364 -0.943616 0.281847 0.17364 -0.171451 0.252659 0.274255 0.927873 0.474224 
1535160542815 0.213897 0.919427 -0.330003 -0.472364 -0.943616 0.281848 0.173641 -0.17145 0.252661 0.274255 0.927872 0.474225 
1535160542840 0.213897 0.919427 -0.330004 -0.472364 -0.943616 0.281848 0.173641 -0.17145 0.252661 0.274255 0.927872 0.474225 
1535160542861 0.213898 0.919427 -0.330004 -0.472364 -0.943615 0.281849 0.173641 -0.17145 0.252661 0.274255 0.927872 0.474225 
1535160542879 0.213898 0.919427 -0.330004 -0.472364 -0.943615 0.281849 0.173641 -0.17145 0.252661 0.274255 0.927872 0.474225 
1535160542896 0.213898 0.919427 -0.330004 -0.472364 -0.943615 0.281849 0.173641 -0.17145 0.252662 0.274255 0.927872 0.474225 
1535160542913 0.213898 0.919426 -0.330005 -0.472364 -0.943615 0.281849 0.173641 -0.17145 0.252662 0.274256 0.927872 0.474225 
1535160542933 0.213898 0.919426 -0.330004 -0.472364 -0.943615 0.281849 0.173641 -0.17145 0.252662 0.274255 0.927872 0.474225 
1535160542952 0.213898 0.919426 -0.330004 -0.472364 -0.943615 0.281849 0.173642 -0.17145 0.252662 0.274256 0.927872 0.474225 
1535160543165 0.213899 0.919426 -0.330006 -0.472365 -0.943614 0.281851 0.173643 -0.17145 0.252664 0.274256 0.927871 0.474226 
1535160543181 0.213899 0.919426 -0.330006 -0.472365 -0.943614 0.281851 0.173643 -0.17145 0.252664 0.274256 0.927871 0.474226 
1535160543198 0.213899 0.919425 -0.330007 -0.472365 -0.943614 0.281851 0.173643 -0.17145 0.252664 0.274257 0.927871 0.474226 
1535160543222 0.213899 0.919425 -0.330006 -0.472365 -0.943614 0.281852 0.173643 -0.17145 0.252665 0.274257 0.927871 0.474226 
1535160543242 0.213899 0.919425 -0.330007 -0.472365 -0.943614 0.281852 0.173643 -0.17145 0.252665 0.274257 0.92787 0.474226 
1535160543255 0.213899 0.919425 -0.330007 -0.472365 -0.943614 0.281852 0.173643 -0.17145 0.252665 0.274257 0.92787 0.474226 
1535160543287 0.213899 0.919425 -0.330007 -0.472365 -0.943614 0.281852 0.173643 -0.17145 0.252665 0.274257 0.92787 0.474226 
1535160543313 0.213899 0.919425 -0.330008 -0.472365 -0.943614 0.281852 0.173643 -0.17145 0.252665 0.274258 0.92787 0.474226 
1535160543339 0.213899 0.919425 -0.330008 -0.472365 -0.943614 0.281852 0.173644 -0.17145 0.252666 0.274258 0.92787 0.474226 
1535160543438 0.2139 0.919424 -0.330009 -0.472365 -0.943614 0.281853 0.173644 -0.17145 0.252667 0.274258 0.92787 0.474226 
1535160543454 0.2139 0.919424 -0.330009 -0.472365 -0.943614 0.281853 0.173644 -0.17145 0.252667 0.274258 0.92787 0.474226 
1535160543485 0.2139 0.919424 -0.330009 -0.472365 -0.943613 0.281853 0.173644 -0.17145 0.252667 0.274258 0.927869 0.474226 
1535160543504 0.2139 0.919424 -0.330009 -0.472365 -0.943613 0.281853 0.173644 -0.17145 0.252667 0.274258 0.927869 0.474226 
1535160543519 0.2139 0.919424 -0.330009 -0.472365 -0.943613 0.281853 0.173644 -0.17145 0.252667 0.274259 0.927869 0.474226 
1535160543541 0.2139 0.919424 -0.330009 -0.472365 -0.943613 0.281854 0.173645 -0.17145 0.252667 0.274259 0.927869 0.474226 
1535160543565 0.2139 0.919424 -0.33001 -0.472365 -0.943613 0.281854 0.173645 -0.17145 0.252668 0.274259 0.927869 0.474226 
1535160543581 0.2139 0.919424 -0.33001 -0.472365 -0.943613 0.281854 0.173645 -0.17145 0.252668 0.274259 0.927869 0.474226 
1535160543914 0.2139 0.919423 -0.330011 -0.472365 -0.943613 0.281855 0.173646 -0.171449 0.252669 0.27426 0.927868 0.474227 
1535160543931 0.2139 0.919423 -0.330011 -0.472365 -0.943613 0.281855 0.173646 -0.171449 0.252669 0.274259 0.927869 0.474227 
1535160543957 0.2139 0.919423 -0.330011 -0.472365 -0.943613 0.281855 0.173646 -0.171449 0.252669 0.27426 0.927868 0.474227 
1535160543970 0.213901 0.919423 -0.330011 -0.472365 -0.943613 0.281856 0.173646 -0.171449 0.25267 0.27426 0.927868 0.474227 
1535160543991 0.213901 0.919423 -0.330011 -0.472365 -0.943613 0.281855 0.173646 -0.171449 0.25267 0.27426 0.927868 0.474227 
1535160544015 0.213901 0.919423 -0.330012 -0.472365 -0.943612 0.281855 0.173646 -0.171449 0.25267 0.27426 0.927868 0.474227 
1535160544032 0.213901 0.919423 -0.330012 -0.472365 -0.943612 0.281855 0.173646 -0.171449 0.25267 0.27426 0.927868 0.474227 
1535160544048 0.2139 0.919423 -0.330011 -0.472365 -0.943612 0.281855 0.173646 -0.171449 0.25267 0.27426 0.927868 0.474227 
1535160544261 0.213901 0.919423 -0.330012 -0.472365 -0.943612 0.281856 0.173647 -0.171449 0.252671 0.27426 0.927868 0.474227 
1535160544285 0.213901 0.919423 -0.330012 -0.472365 -0.943612 0.281856 0.173647 -0.171449 0.252671 0.27426 0.927868 0.474228 
1535160544295 0.213901 0.919423 -0.330012 -0.472365 -0.943612 0.281856 0.173647 -0.171449 0.252671 0.27426 0.927868 0.474228 
1535160544313 0.213901 0.919423 -0.330012 -0.472366 -0.943612 0.281856 0.173647 -0.171449 0.252671 0.27426 0.927868 0.474227 
1535160544328 0.213901 0.919423 -0.330012 -0.472365 -0.943612 0.281856 0.173647 -0.171449 0.252671 0.27426 0.927868 0.474228 
1535160544345 0.213901 0.919423 -0.330012 -0.472366 -0.943612 0.281856 0.173647 -0.171449 0.252671 0.27426 0.927868 0.474228 
1535160544363 0.213901 0.919423 -0.330012 -0.472365 -0.943612 0.281856 0.173647 -0.171449 0.252671 0.27426 0.927868 0.474228 
1535160544381 0.213901 0.919423 -0.330012 -0.472365 -0.943612 0.281857 0.173647 -0.171449 0.252671 0.27426 0.927868 0.474228 
1535160544395 0.213901 0.919423 -0.330012 -0.472365 -0.943612 0.281857 0.173647 -0.171449 0.252671 0.27426 0.927868 0.474228 
1535160544411 0.213901 0.919423 -0.330012 -0.472366 -0.943612 0.281857 0.173647 -0.171449 0.252672 0.27426 0.927868 0.474228 
1535160544728 0.213902 0.919422 -0.330014 -0.472366 -0.943611 0.281858 0.173648 -0.171449 0.252673 0.274261 0.927867 0.474228 
1535160544747 0.213901 0.919422 -0.330013 -0.472366 -0.943612 0.281857 0.173648 -0.171449 0.252673 0.274261 0.927867 0.474228 
1535160544761 0.213902 0.919422 -0.330013 -0.472366 -0.943611 0.281858 0.173648 -0.171449 0.252673 0.274261 0.927867 0.474228 
1535160544783 0.213901 0.919422 -0.330014 -0.472366 -0.943611 0.281858 0.173648 -0.171449 0.252673 0.274261 0.927867 0.474228 
1535160544801 0.213902 0.919422 -0.330013 -0.472366 -0.943611 0.281858 0.173648 -0.171449 0.252673 0.274261 0.927867 0.474228 
1535160544816 0.213902 0.919422 -0.330013 -0.472366 -0.943611 0.281858 0.173648 -0.171449 0.252673 0.274261 0.927867 0.474229 
1535160544832 0.213902 0.919422 -0.330014 -0.472366 -0.943611 0.281858 0.173648 -0.171449 0.252673 0.274261 0.927867 0.474228 
1535160544851 0.213902 0.919422 -0.330014 -0.472366 -0.943611 0.281858 0.173649 -0.171449 0.252673 0.274261 0.927867 0.474228 
1535160544865 0.213902 0.919422 -0.330013 -0.472366 -0.943611 0.281858 0.173649 -0.171449 0.252673 0.274261 0.927867 0.474229 
1535160544884 0.213902 0.919422 -0.330014 -0.472366 -0.943611 0.281858 0.173649 -0.171449 0.252673 0.274261 0.927867 0.474229 
1535160545101 0.213902 0.919422 -0.330013 -0.472366 -0.943611 0.281858 0.173649 -0.171449 0.252674 0.274261 0.927867 0.474229 
1535160545120 0.213902 0.919422 -0.330014 -0.472366 -0.943611 0.281858 0.173649 -0.171449 0.252674 0.274261 0.927867 0.474229 
1535160545135 0.213902 0.919422 -0.330014 -0.472366 -0.943611 0.281858 0.173649 -0.171449 0.252674 0.274261 0.927867 0.474229 
1535160545153 0.213902 0.919422 -0.330013 -0.472366 -0.943611 0.281858 0.173649 -0.171449 0.252674 0.274261 0.927867 0.474229 
1535160545168 0.213902 0.919422 -0.330014 -0.472366 -0.943611 0.281858 0.173649 -0.171449 0.252674 0.274261 0.927867 0.474229 
1535160545186 0.213902 0.919422 -0.330014 -0.472366 -0.943611 0.281858 0.173649 -0.171449 0.252674 0.274261 0.927867 0.474229 
1535160545202 0.213902 0.919422 -0.330014 -0.472366 -0.943611 0.281858 0.173649 -0.171449 0.252674 0.274261 0.927867 0.474229 
1535160545227 0.213902 0.919422 -0.330014 -0.472366 -0.943611 0.281858 0.173649 -0.171449 0.252674 0.274261 0.927867 0.47423 
1535160545243 0.213902 0.919422 -0.330014 -0.472366 -0.943611 0.281859 0.173649 -0.171449 0.252674 0.274261 0.927867 0.474229 
1535160545259 0.213902 0.919422 -0.330014 -0.472366 -0.943611 0.281859 0.173649 -0.171449 0.252674 0.274261 0.927867 0.474229 
1535160545569 0.213902 0.919422 -0.330015 -0.472366 -0.943611 0.281859 0.17365 -0.171448 0.252675 0.274261 0.927866 0.47423 
1535160545591 0.213902 0.919422 -0.330015 -0.472366 -0.943611 0.281859 0.17365 -0.171448 0.252675 0.274261 0.927866 0.47423 
1535160545609 0.213902 0.919422 -0.330015 -0.472366 -0.943611 0.281859 0.17365 -0.171448 0.252675 0.274261 0.927866 0.47423 
1535160545629 0.213902 0.919422 -0.330014 -0.472366 -0.943611 0.281859 0.17365 -0.171448 0.252675 0.274261 0.927866 0.47423 
1535160545646 0.213902 0.919422 -0.330015 -0.472366 -0.943611 0.281859 0.17365 -0.171448 0.252675 0.274262 0.927866 0.47423 
1535160545663 0.213902 0.919422 -0.330015 -0.472366 -0.943611 0.281859 0.17365 -0.171448 0.252676 0.274262 0.927866 0.47423 
1535160545680 0.213902 0.919422 -0.330015 -0.472366 -0.943611 0.281859 0.17365 -0.171448 0.252675 0.274261 0.927866 0.47423 
1535160545699 0.213902 0.919422 -0.330015 -0.472366 -0.943611 0.281859 0.17365 -0.171448 0.252676 0.274262 0.927866 0.47423 
1535160545973 0.213902 0.919422 -0.330015 -0.472366 -0.94361 0.281859 0.173651 -0.171448 0.252676 0.274261 0.927866 0.474231 
1535160545989 0.213902 0.919421 -0.330015 -0.472366 -0.94361 0.281859 0.173651 -0.171448 0.252677 0.274262 0.927866 0.474231 
1535160546006 0.213902 0.919421 -0.330015 -0.472366 -0.94361 0.281859 0.173651 -0.171448 0.252677 0.274262 0.927866 0.474231 
1535160546022 0.213902 0.919421 -0.330016 -0.472366 -0.94361 0.281859 0.173651 -0.171448 0.252677 0.274262 0.927866 0.474231 
1535160546042 0.213902 0.919422 -0.330015 -0.472366 -0.94361 0.281859 0.173651 -0.171448 0.252677 0.274261 0.927866 0.474231 
1535160546060 0.213902 0.919421 -0.330015 -0.472366 -0.94361 0.281859 0.173651 -0.171448 0.252677 0.274262 0.927866 0.474231 
1535160546078 0.213902 0.919421 -0.330016 -0.472366 -0.94361 0.28186 0.173652 -0.171448 0.252677 0.274262 0.927866 0.474231 
1535160546093 0.213902 0.919422 -0.330015 -0.472366 -0.94361 0.281859 0.173651 -0.171448 0.252677 0.274261 0.927866 0.474231 
1535160546112 0.213902 0.919421 -0.330015 -0.472366 -0.94361 0.281859 0.173651 -0.171448 0.252677 0.274262 0.927866 0.474231 
1535160546591 0.213902 0.919422 -0.330015 -0.472366 -0.94361 0.28186 0.173652 -0.171448 0.252677 0.274261 0.927866 0.474232 
1535160546608 0.213902 0.919422 -0.330015 -0.472366 -0.94361 0.28186 0.173652 -0.171448 0.252678 0.274261 0.927866 0.474232 
1535160546632 0.213902 0.919422 -0.330015 -0.472366 -0.94361 0.28186 0.173652 -0.171448 0.252678 0.274261 0.927866 0.474232 
1535160546655 0.213902 0.919421 -0.330015 -0.472366 -0.94361 0.28186 0.173652 -0.171448 0.252678 0.274261 0.927866 0.474232 
1535160546668 0.213902 0.919422 -0.330015 -0.472366 -0.94361 0.28186 0.173652 -0.171448 0.252678 0.274261 0.927866 0.474232 
1535160546689 0.213902 0.919422 -0.330014 -0.472366 -0.94361 0.28186 0.173652 -0.171448 0.252677 0.27426 0.927866 0.474233 
1535160546706 0.213902 0.919422 -0.330015 -0.472366 -0.94361 0.28186 0.173652 -0.171448 0.252678 0.274261 0.927866 0.474232 
1535160546722 0.213902 0.919422 -0.330015 -0.472366 -0.94361 0.28186 0.173652 -0.171448 0.252678 0.274261 0.927866 0.474232 
1535160546997 0.213902 0.919422 -0.330015 -0.472366 -0.94361 0.28186 0.173653 -0.171448 0.252678 0.274261 0.927866 0.474233 
1535160547016 0.213902 0.919422 -0.330015 -0.472366 -0.94361 0.28186 0.173653 -0.171448 0.252678 0.27426 0.927866 0.474233 
1535160547032 0.213902 0.919422 -0.330014 -0.472366 -0.94361 0.281859 0.173653 -0.171447 0.252678 0.27426 0.927866 0.474234 
1535160547056 0.213902 0.919422 -0.330014 -0.472366 -0.94361 0.28186 0.173653 -0.171448 0.252678 0.27426 0.927866 0.474233 
1535160547072 0.213902 0.919422 -0.330014 -0.472366 -0.94361 0.28186 0.173653 -0.171448 0.252678 0.27426 0.927866 0.474233 
1535160547088 0.213902 0.919422 -0.330014 -0.472366 -0.94361 0.28186 0.173653 -0.171448 0.252678 0.27426 0.927866 0.474234 
1535160547106 0.213902 0.919422 -0.330014 -0.472366 -0.94361 0.28186 0.173652 -0.171448 0.252677 0.27426 0.927866 0.474234 
1535160547119 0.213902 0.919422 -0.330014 -0.472366 -0.94361 0.28186 0.173653 -0.171448 0.252678 0.27426 0.927866 0.474233 
1535160547138 0.213902 0.919422 -0.330014 -0.472366 -0.94361 0.28186 0.173653 -0.171448 0.252678 0.27426 0.927866 0.474234 
1535160547817 0.213903 0.919422 -0.330012 -0.472366 -0.94361 0.28186 0.173653 -0.171447 0.252678 0.274258 0.927867 0.474235 
1535160547834 0.213903 0.919422 -0.330012 -0.472366 -0.94361 0.28186 0.173653 -0.171447 0.252678 0.274258 0.927867 0.474235 
1535160547850 0.213903 0.919423 -0.330012 -0.472366 -0.94361 0.28186 0.173653 -0.171447 0.252678 0.274257 0.927867 0.474236 
1535160547867 0.213903 0.919423 -0.330012 -0.472366 -0.94361 0.28186 0.173653 -0.171447 0.252678 0.274258 0.927867 0.474236 
1535160547893 0.213903 0.919422 -0.330012 -0.472366 -0.94361 0.28186 0.173653 -0.171447 0.252678 0.274258 0.927867 0.474236 
1535160547906 0.213903 0.919423 -0.330012 -0.472366 -0.94361 0.28186 0.173653 -0.171447 0.252678 0.274258 0.927867 0.474236 
1535160547922 0.213903 0.919423 -0.330012 -0.472366 -0.94361 0.28186 0.173653 -0.171447 0.252678 0.274257 0.927867 0.474236 
1535160547938 0.213902 0.919423 -0.330012 -0.472366 -0.94361 0.28186 0.173653 -0.171447 0.252678 0.274258 0.927867 0.474236 
1535160547960 0.213903 0.919423 -0.330012 -0.472366 -0.94361 0.28186 0.173654 -0.171447 0.252678 0.274257 0.927867 0.474236 
1535160548167 0.213903 0.919423 -0.33001 -0.472366 -0.94361 0.281859 0.173653 -0.171447 0.252677 0.274256 0.927867 0.474237 
1535160548187 0.213903 0.919423 -0.33001 -0.472366 -0.94361 0.281859 0.173653 -0.171447 0.252677 0.274256 0.927867 0.474237 
1535160548206 0.213903 0.919423 -0.33001 -0.472366 -0.94361 0.281859 0.173653 -0.171447 0.252677 0.274256 0.927868 0.474237 
1535160548224 0.213903 0.919423 -0.33001 -0.472366 -0.94361 0.281859 0.173653 -0.171447 0.252677 0.274256 0.927867 0.474237 
1535160548240 0.213903 0.919423 -0.33001 -0.472366 -0.94361 0.28186 0.173653 -0.171447 0.252677 0.274256 0.927867 0.474237 
1535160548261 0.213903 0.919423 -0.33001 -0.472366 -0.94361 0.281859 0.173653 -0.171447 0.252677 0.274256 0.927868 0.474237 
1535160548277 0.213903 0.919423 -0.33001 -0.472366 -0.94361 0.281859 0.173653 -0.171447 0.252677 0.274255 0.927868 0.474237 
1535160548294 0.213903 0.919423 -0.33001 -0.472366 -0.94361 0.281859 0.173653 -0.171447 0.252677 0.274256 0.927867 0.474237 
1535160548319 0.213903 0.919423 -0.330009 -0.472366 -0.94361 0.281859 0.173653 -0.171447 0.252677 0.274255 0.927868 0.474238 
1535160548518 0.213903 0.919424 -0.330009 -0.472366 -0.94361 0.281859 0.173654 -0.171447 0.252677 0.274254 0.927868 0.474238 
1535160548533 0.213903 0.919424 -0.330009 -0.472366 -0.94361 0.281859 0.173653 -0.171447 0.252677 0.274255 0.927868 0.474238 
1535160548550 0.213903 0.919424 -0.330008 -0.472366 -0.94361 0.281859 0.173653 -0.171447 0.252677 0.274254 0.927868 0.474238 
1535160548571 0.213903 0.919424 -0.330008 -0.472366 -0.94361 0.281859 0.173653 -0.171447 0.252677 0.274254 0.927868 0.474238 
1535160548589 0.213903 0.919424 -0.330009 -0.472366 -0.94361 0.281859 0.173653 -0.171447 0.252677 0.274254 0.927868 0.474238 
1535160548603 0.213903 0.919424 -0.330008 -0.472366 -0.94361 0.281859 0.173654 -0.171447 0.252677 0.274254 0.927868 0.474238 
1535160548620 0.213903 0.919424 -0.330008 -0.472366 -0.94361 0.281859 0.173654 -0.171447 0.252677 0.274254 0.927868 0.474239 
1535160548638 0.213903 0.919424 -0.330008 -0.472366 -0.94361 0.281859 0.173653 -0.171447 0.252677 0.274254 0.927868 0.474239 
1535160548653 0.213903 0.919424 -0.330008 -0.472366 -0.94361 0.28186 0.173653 -0.171447 0.252677 0.274254 0.927868 0.474239 
1535160548860 0.213903 0.919424 -0.330007 -0.472366 -0.94361 0.281859 0.173653 -0.171447 0.252677 0.274253 0.927868 0.474239 
1535160548886 0.213903 0.919424 -0.330008 -0.472366 -0.94361 0.281859 0.173654 -0.171447 0.252677 0.274253 0.927868 0.474239 
1535160548897 0.213903 0.919424 -0.330007 -0.472366 -0.94361 0.281859 0.173654 -0.171447 0.252677 0.274253 0.927868 0.474239 
1535160548916 0.213903 0.919424 -0.330007 -0.472366 -0.94361 0.281859 0.173654 -0.171446 0.252677 0.274253 0.927868 0.474239 
1535160548932 0.213903 0.919424 -0.330007 -0.472366 -0.94361 0.281859 0.173654 -0.171447 0.252677 0.274253 0.927868 0.474239 
1535160548954 0.213903 0.919424 -0.330007 -0.472366 -0.94361 0.281859 0.173654 -0.171447 0.252677 0.274253 0.927868 0.474239 
1535160548977 0.213903 0.919424 -0.330007 -0.472366 -0.94361 0.281859 0.173654 -0.171447 0.252677 0.274252 0.927869 0.47424 
1535160549308 0.213904 0.919425 -0.330005 -0.472365 -0.94361 0.281859 0.173654 -0.171446 0.252676 0.274251 0.927869 0.474241 
1535160549325 0.213904 0.919425 -0.330005 -0.472365 -0.94361 0.281859 0.173654 -0.171446 0.252676 0.274251 0.927869 0.474241 
1535160549354 0.213904 0.919425 -0.330005 -0.472366 -0.94361 0.281859 0.173654 -0.171446 0.252676 0.274251 0.927869 0.474241 
1535160549368 0.213904 0.919425 -0.330004 -0.472365 -0.94361 0.281859 0.173653 -0.171446 0.252676 0.27425 0.927869 0.474241 
1535160549388 0.213904 0.919425 -0.330004 -0.472365 -0.94361 0.281859 0.173653 -0.171446 0.252676 0.27425 0.927869 0.474241 
1535160549402 0.213904 0.919425 -0.330005 -0.472365 -0.94361 0.281859 0.173654 -0.171446 0.252676 0.274251 0.927869 0.474241 
1535160549421 0.213904 0.919425 -0.330004 -0.472365 -0.94361 0.281859 0.173653 -0.171446 0.252676 0.27425 0.927869 0.474241 
1535160549439 0.213904 0.919425 -0.330004 -0.472365 -0.94361 0.281859 0.173653 -0.171446 0.252676 0.27425 0.92787 0.474241 
1535160549470 0.213904 0.919425 -0.330004 -0.472365 -0.94361 0.281859 0.173654 -0.171446 0.252676 0.27425 0.927869 0.474241 
1535160549487 0.213903 0.919425 -0.330004 -0.472365 -0.94361 0.281859 0.173654 -0.171446 0.252676 0.27425 0.92787 0.474242 
1535160549719 0.213904 0.919426 -0.330003 -0.472365 -0.94361 0.281859 0.173653 -0.171446 0.252675 0.274249 0.92787 0.474242 
1535160549733 0.213904 0.919426 -0.330002 -0.472365 -0.94361 0.281858 0.173654 -0.171446 0.252675 0.274248 0.92787 0.474243 
1535160549750 0.213904 0.919426 -0.330002 -0.472365 -0.94361 0.281859 0.173653 -0.171446 0.252675 0.274249 0.92787 0.474242 
1535160549770 0.213904 0.919426 -0.330002 -0.472365 -0.94361 0.281858 0.173654 -0.171446 0.252675 0.274248 0.92787 0.474242 
1535160549785 0.213904 0.919426 -0.330002 -0.472365 -0.94361 0.281858 0.173653 -0.171446 0.252675 0.274248 0.92787 0.474243 
1535160549802 0.213904 0.919426 -0.330002 -0.472365 -0.94361 0.281859 0.173653 -0.171446 0.252675 0.274248 0.92787 0.474243 
1535160549821 0.213904 0.919426 -0.330002 -0.472365 -0.94361 0.281858 0.173654 -0.171446 0.252675 0.274248 0.92787 0.474243 
1535160549836 0.213904 0.919426 -0.330002 -0.472365 -0.94361 0.281858 0.173653 -0.171446 0.252675 0.274248 0.92787 0.474243 
1535160549851 0.213904 0.919426 -0.330001 -0.472365 -0.94361 0.281858 0.173653 -0.171446 0.252675 0.274248 0.92787 0.474243 
1535160549870 0.213904 0.919426 -0.330002 -0.472365 -0.94361 0.281858 0.173653 -0.171446 0.252675 0.274248 0.92787 0.474243 
1535160549992 0.213904 0.919426 -0.330001 -0.472365 -0.94361 0.281858 0.173653 -0.171446 0.252675 0.274247 0.927871 0.474243 
1535160550843 0.220585 0.919507 -0.325346 -0.484837 -0.941874 0.287473 0.173877 -0.177343 0.25341 0.26808 0.929471 0.465887 
1535160552012 0.232285 0.919952 -0.315804 -0.51045 -0.938899 0.296864 0.174185 -0.189058 0.253993 0.256048 0.932699 0.448024 
