1532542868980 0.195597 0.66401 -0.721687 -0.403421 -0.977794 0.0755868 -0.195463 -0.438551 -0.0752392 0.743893 0.664049 0.463767 
1532542881919 0.195597 0.66401 -0.721687 -0.403421 -0.977794 0.0755868 -0.195463 -0.438551 -0.0752392 0.743893 0.664049 0.463767 
1532542882856 0.195595 0.66401 -0.721687 -0.403422 -0.977794 0.0755862 -0.195461 -0.43855 -0.0752385 0.743893 0.66405 0.463768 
1532542884466 0.204927 0.672077 -0.71156 -0.439077 -0.978326 0.118584 -0.169751 -0.401487 -0.0297065 0.730924 0.681812 0.452163 
1532542886222 0.214935 0.679626 -0.701364 -0.474675 -0.976501 0.161145 -0.143101 -0.364391 0.0157663 0.71564 0.698291 0.440629 
1532542888320 0.242173 0.695407 -0.67658 -0.562919 -0.961773 0.263952 -0.0729571 -0.271759 0.12785 0.668385 0.732746 0.412063 
1532542889323 0.242771 0.695751 -0.676013 -0.564777 -0.961341 0.265895 -0.0715804 -0.26987 0.129946 0.667256 0.733405 0.411433 
1532542890547 0.245638 0.697068 -0.673616 -0.574048 -0.95905 0.27585 -0.0642692 -0.260514 0.141017 0.661818 0.736282 0.408361 
1532542891742 0.247306 0.697936 -0.672105 -0.579541 -0.957613 0.281797 -0.0597334 -0.254823 0.147707 0.658388 0.738043 0.406551 
1532542892287 0.248607 0.6991 -0.670413 -0.579575 -0.957552 0.281651 -0.0613828 -0.254645 0.145909 0.657215 0.739445 0.406284 
1532542892772 0.252431 0.703017 -0.664865 -0.579751 -0.957371 0.281182 -0.0661703 -0.253944 0.140429 0.653226 0.744027 0.405713 
1532542893200 0.255102 0.705593 -0.661106 -0.579832 -0.95719 0.281008 -0.0694348 -0.253543 0.136784 0.650517 0.747072 0.405338 
1532542893624 0.257552 0.708313 -0.657237 -0.579986 -0.957062 0.280647 -0.0725884 -0.253097 0.133036 0.647712 0.750181 0.405001 
1532542894046 0.259075 0.709456 -0.655403 -0.579999 -0.956906 0.280703 -0.0744025 -0.252954 0.131188 0.646435 0.751606 0.404757 
1532542894346 0.260211 0.709947 -0.65442 -0.580126 -0.956709 0.281092 -0.0754656 -0.252923 0.130376 0.645727 0.752356 0.404529 
1532542894596 0.262023 0.711229 -0.652301 -0.58054 -0.956448 0.281487 -0.07728 -0.252584 0.12865 0.644141 0.75401 0.404173 
1532542894943 0.265028 0.713209 -0.648918 -0.581111 -0.955957 0.282372 -0.0800796 -0.252174 0.126123 0.64156 0.756633 0.403664 
1532542895226 0.26824 0.715041 -0.645572 -0.581617 -0.955399 0.283388 -0.0830911 -0.251882 0.123534 0.639067 0.759166 0.403186 
1532543042944 0.268258 0.715145 -0.64545 -0.581626 -0.955376 0.283509 -0.0829463 -0.251821 0.123672 0.638898 0.759285 0.403277 
1532543048705 0.268258 0.715145 -0.64545 -0.581626 -0.955376 0.283509 -0.0829463 -0.251821 0.123672 0.638898 0.759285 0.403277 
1532543048956 0.268256 0.715148 -0.645447 -0.581626 -0.955376 0.283509 -0.0829416 -0.251821 0.123674 0.638894 0.759289 0.403281 
1532543049258 0.264368 0.711833 -0.650695 -0.581574 -0.955805 0.283373 -0.0783326 -0.252063 0.128629 0.642646 0.755288 0.403863 
1532543049480 0.264368 0.711833 -0.650695 -0.581574 -0.955805 0.283373 -0.0783326 -0.252063 0.128629 0.642646 0.755288 0.403863 
1532543049671 0.260371 0.708398 -0.656033 -0.58152 -0.956252 0.283068 -0.073862 -0.252247 0.133378 0.646564 0.751109 0.404295 
1532543049915 0.260371 0.708398 -0.656033 -0.58152 -0.956252 0.283068 -0.073862 -0.252247 0.133378 0.646564 0.751109 0.404295 
1532543050128 0.254461 0.703198 -0.663899 -0.581455 -0.956774 0.283025 -0.0669363 -0.252591 0.140831 0.652234 0.74482 0.405128 
1532543050580 0.250394 0.699838 -0.668977 -0.581436 -0.957139 0.282834 -0.0623698 -0.252786 0.14556 0.655921 0.740662 0.405631 
1532543050600 0.250394 0.699838 -0.668977 -0.581436 -0.957139 0.282834 -0.0623698 -0.252786 0.14556 0.655921 0.740662 0.405631 
1532543050847 0.25036 0.699541 -0.6693 -0.58142 -0.957139 0.282822 -0.0624285 -0.252836 0.145621 0.656243 0.740365 0.405605 
1532543051000 0.249747 0.699174 -0.669912 -0.581424 -0.957175 0.28288 -0.0616037 -0.252883 0.146433 0.656608 0.73988 0.40573 
1532543051148 0.249747 0.699174 -0.669912 -0.581424 -0.957175 0.28288 -0.0616037 -0.252883 0.146433 0.656608 0.73988 0.40573 
1532543051200 0.249747 0.699174 -0.669912 -0.581424 -0.957175 0.28288 -0.0616037 -0.252883 0.146433 0.656608 0.73988 0.40573 
1532543051223 0.248916 0.698536 -0.670886 -0.581408 -0.95729 0.282648 -0.0608817 -0.252901 0.147097 0.657387 0.739057 0.405741 
1532543051240 0.248916 0.698536 -0.670886 -0.581408 -0.95729 0.282648 -0.0608817 -0.252901 0.147097 0.657387 0.739057 0.405741 
1532543051257 0.248916 0.698536 -0.670886 -0.581408 -0.95729 0.282648 -0.0608817 -0.252901 0.147097 0.657387 0.739057 0.405741 
1532543051278 0.248916 0.698536 -0.670886 -0.581408 -0.95729 0.282648 -0.0608817 -0.252901 0.147097 0.657387 0.739057 0.405741 
1532543051296 0.248916 0.698536 -0.670886 -0.581408 -0.95729 0.282648 -0.0608817 -0.252901 0.147097 0.657387 0.739057 0.405741 
1532543051317 0.248916 0.698536 -0.670886 -0.581408 -0.95729 0.282648 -0.0608817 -0.252901 0.147097 0.657387 0.739057 0.405741 
1532543051334 0.248916 0.698536 -0.670886 -0.581408 -0.95729 0.282648 -0.0608817 -0.252901 0.147097 0.657387 0.739057 0.405741 
1532543348720 0.25821 0.706613 -0.658806 -0.580682 -0.95683 0.281232 -0.0733772 -0.252211 0.133428 0.649312 0.748726 0.404859 
1532543387915 0.258243 0.706759 -0.658636 -0.580675 -0.956806 0.281347 -0.0732477 -0.252207 0.133537 0.649103 0.748888 0.40503 
1532543388080 0.25637 0.704968 -0.661282 -0.580775 -0.956826 0.282038 -0.0702776 -0.252421 0.136963 0.650749 0.746838 0.405297 
1532543388312 0.25637 0.704968 -0.661282 -0.580775 -0.956826 0.282038 -0.0702776 -0.252421 0.136963 0.650749 0.746838 0.405297 
1532543388485 0.254245 0.703145 -0.664038 -0.580947 -0.95688 0.28263 -0.0670918 -0.252494 0.140502 0.652462 0.744683 0.40552 
1532543388650 0.254245 0.703145 -0.664038 -0.580947 -0.95688 0.28263 -0.0670918 -0.252494 0.140502 0.652462 0.744683 0.40552 
1532543388794 0.251298 0.700513 -0.667931 -0.581164 -0.956884 0.283665 -0.0625102 -0.252839 0.145679 0.654841 0.741594 0.405952 
1532543507856 0.249075 0.698604 -0.670756 -0.581336 -0.956928 0.284195 -0.0593463 -0.252933 0.149166 0.656647 0.7393 0.406173 
1532543514226 0.249076 0.698605 -0.670755 -0.581336 -0.956928 0.284195 -0.0593484 -0.252933 0.149164 0.656646 0.739301 0.406173 
1532543514367 0.249076 0.698605 -0.670755 -0.581336 -0.956928 0.284195 -0.0593484 -0.252933 0.149164 0.656646 0.739301 0.406173 
1532543514655 0.248406 0.698208 -0.671416 -0.581398 -0.95709 0.283705 -0.059072 -0.252943 0.14924 0.65728 0.738722 0.40609 
1532543514995 0.24798 0.697966 -0.671826 -0.581421 -0.957175 0.283475 -0.058802 -0.252968 0.149404 0.657637 0.738371 0.406034 
1532543515011 0.24798 0.697966 -0.671826 -0.581421 -0.957175 0.283475 -0.058802 -0.252968 0.149404 0.657637 0.738371 0.406034 
1532543515032 0.24798 0.697966 -0.671826 -0.581421 -0.957175 0.283475 -0.058802 -0.252968 0.149404 0.657637 0.738371 0.406034 
1532543515045 0.24798 0.697966 -0.671826 -0.581421 -0.957175 0.283475 -0.058802 -0.252968 0.149404 0.657637 0.738371 0.406034 
1532543515069 0.24798 0.697966 -0.671826 -0.581421 -0.957175 0.283475 -0.058802 -0.252968 0.149404 0.657637 0.738371 0.406034 
1532543515089 0.24798 0.697966 -0.671826 -0.581421 -0.957175 0.283475 -0.058802 -0.252968 0.149404 0.657637 0.738371 0.406034 
1532543515117 0.24798 0.697966 -0.671826 -0.581421 -0.957175 0.283475 -0.058802 -0.252968 0.149404 0.657637 0.738371 0.406034 
1532543515174 0.24798 0.697966 -0.671826 -0.581421 -0.957175 0.283475 -0.058802 -0.252968 0.149404 0.657637 0.738371 0.406034 
1532543515218 0.24798 0.697966 -0.671826 -0.581421 -0.957175 0.283475 -0.058802 -0.252968 0.149404 0.657637 0.738371 0.406034 
1532543515274 0.247889 0.697904 -0.671923 -0.581421 -0.957193 0.283428 -0.0587456 -0.252987 0.149443 0.657723 0.738287 0.406017 
1532543515320 0.247891 0.697903 -0.671923 -0.581421 -0.957192 0.28343 -0.0587454 -0.252987 0.149445 0.657722 0.738287 0.406017 
1532543515394 0.247891 0.697903 -0.671923 -0.581421 -0.957192 0.28343 -0.0587454 -0.252987 0.149445 0.657722 0.738287 0.406017 
1532543515736 0.247894 0.697901 -0.671925 -0.58142 -0.957191 0.283434 -0.0587454 -0.25299 0.149448 0.657722 0.738286 0.406017 
1532543516209 0.253833 0.70004 -0.667468 -0.581151 -0.957021 0.281851 -0.0683424 -0.252414 0.140284 0.656129 0.741496 0.405601 
1532543516754 0.256751 0.701118 -0.665216 -0.580982 -0.956929 0.280927 -0.0732543 -0.252127 0.135517 0.655373 0.743049 0.405372 
1532543517288 0.259819 0.702025 -0.663065 -0.580809 -0.956752 0.280182 -0.0782539 -0.2519 0.130843 0.654721 0.74446 0.405063 
1532543517647 0.261405 0.702503 -0.661934 -0.580719 -0.956614 0.279976 -0.0806415 -0.251772 0.128675 0.654295 0.745212 0.404981 
1532543518033 0.264093 0.702809 -0.660541 -0.581303 -0.956212 0.280362 -0.0840042 -0.251544 0.126151 0.653801 0.746076 0.404778 
1532543518427 0.265668 0.702988 -0.659718 -0.5815 -0.955943 0.280727 -0.0858188 -0.251513 0.124871 0.653452 0.746597 0.404712 
1532543518827 0.268435 0.703176 -0.658397 -0.582067 -0.955509 0.281106 -0.0893468 -0.251267 0.122253 0.653088 0.747349 0.404391 
1532543519307 0.274014 0.703843 -0.655378 -0.583096 -0.954591 0.281906 -0.0963617 -0.250834 0.116932 0.652023 0.749128 0.403913 
1532543519320 0.274014 0.703843 -0.655378 -0.583096 -0.954591 0.281906 -0.0963617 -0.250834 0.116932 0.652023 0.749128 0.403913 
1532543519596 0.274063 0.703864 -0.655335 -0.583124 -0.954581 0.281923 -0.0964083 -0.25079 0.116896 0.651992 0.74916 0.403906 
1532543519973 0.275889 0.704007 -0.654415 -0.583539 -0.954241 0.282324 -0.0985726 -0.250703 0.115361 0.651666 0.749682 0.403638 
1532543520331 0.278005 0.704283 -0.653221 -0.583979 -0.953785 0.283124 -0.100667 -0.250626 0.114045 0.651019 0.750446 0.403474 
1532543520679 0.279812 0.704478 -0.652239 -0.584504 -0.95345 0.283465 -0.102864 -0.250403 0.112421 0.65066 0.751001 0.403177 
1532543521057 0.282823 0.704858 -0.650528 -0.585178 -0.952813 0.284424 -0.106066 -0.25022 0.110265 0.649829 0.75204 0.402864 
1532543521090 0.282823 0.704858 -0.650528 -0.585178 -0.952813 0.284424 -0.106066 -0.25022 0.110265 0.649829 0.75204 0.402864 
1532543521363 0.282908 0.70491 -0.650435 -0.585169 -0.95279 0.284489 -0.106102 -0.25023 0.110249 0.649745 0.752115 0.402927 
1532543521758 0.284115 0.704113 -0.650771 -0.585699 -0.952352 0.285773 -0.106583 -0.250218 0.110927 0.650045 0.751756 0.402939 
1532543522164 0.284439 0.70385 -0.650915 -0.585823 -0.952236 0.286096 -0.106749 -0.250169 0.111089 0.650188 0.751608 0.402906 
1532543522493 0.285738 0.702967 -0.651299 -0.586405 -0.951775 0.287395 -0.107369 -0.25011 0.111704 0.65057 0.751187 0.402938 
1532543522811 0.28568 0.702931 -0.651363 -0.58644 -0.951795 0.287332 -0.107365 -0.250045 0.111688 0.650636 0.751131 0.402883 
1532543523199 0.287543 0.702457 -0.651056 -0.587154 -0.95128 0.288449 -0.108918 -0.250098 0.111286 0.650655 0.751175 0.402853 
1532543523624 0.288223 0.702221 -0.651009 -0.58741 -0.951092 0.288842 -0.109516 -0.2501 0.111135 0.650735 0.751128 0.402806 
1532543523972 0.290669 0.701451 -0.650752 -0.588732 -0.950458 0.289992 -0.111953 -0.249788 0.110184 0.651054 0.750991 0.402522 
1532543524339 0.290782 0.701348 -0.650813 -0.588727 -0.950416 0.290112 -0.112004 -0.249813 0.110255 0.651112 0.750931 0.402526 
1532543524738 0.291393 0.701002 -0.650912 -0.589044 -0.950217 0.290602 -0.112417 -0.249781 0.110352 0.651265 0.750784 0.402409 
1532543525158 0.292786 0.700468 -0.650861 -0.589568 -0.949755 0.291808 -0.113193 -0.249845 0.110638 0.6513 0.750711 0.4024 
1532543525580 0.295267 0.699358 -0.650934 -0.590731 -0.948937 0.293869 -0.114712 -0.249744 0.111065 0.651566 0.750417 0.402273 
1532543526097 0.296671 0.698714 -0.650988 -0.59126 -0.94847 0.295037 -0.115575 -0.249726 0.111312 0.65173 0.750238 0.402175 
1532543526110 0.296671 0.698714 -0.650988 -0.59126 -0.94847 0.295037 -0.115575 -0.249726 0.111312 0.65173 0.750238 0.402175 
1532543526361 0.296626 0.698706 -0.651017 -0.591322 -0.948499 0.294913 -0.115653 -0.249674 0.111186 0.651795 0.750201 0.402154 
1532543526675 0.297966 0.698359 -0.650777 -0.591844 -0.948101 0.295784 -0.116689 -0.249813 0.110999 0.651772 0.750248 0.401957 
1532543527007 0.298969 0.698274 -0.650408 -0.592491 -0.947812 0.296406 -0.117455 -0.249679 0.110769 0.65158 0.750449 0.401838 
1532543527368 0.301524 0.697634 -0.649915 -0.593671 -0.947079 0.297867 -0.119654 -0.249764 0.110114 0.651599 0.750529 0.401453 
1532543527691 0.302054 0.69768 -0.649619 -0.593968 -0.946938 0.298129 -0.120113 -0.249718 0.10987 0.65143 0.750711 0.401446 
1532543527705 0.302054 0.69768 -0.649619 -0.593968 -0.946938 0.298129 -0.120113 -0.249718 0.10987 0.65143 0.750711 0.401446 
1532543527935 0.302054 0.69768 -0.649619 -0.593968 -0.946938 0.298129 -0.120113 -0.249718 0.10987 0.65143 0.750711 0.401446 
1532543528155 0.302039 0.697575 -0.649739 -0.593999 -0.94695 0.298056 -0.1202 -0.249665 0.10981 0.651576 0.750594 0.401375 
1532543528483 0.304061 0.696754 -0.649678 -0.594958 -0.946273 0.299688 -0.121469 -0.24958 0.110067 0.651707 0.750442 0.401054 
1532543528763 0.306353 0.695858 -0.649561 -0.595891 -0.945478 0.301671 -0.122743 -0.249576 0.110542 0.651748 0.750336 0.400742 
1532543529120 0.307024 0.695622 -0.649497 -0.596142 -0.945252 0.302208 -0.123161 -0.249547 0.11061 0.651752 0.750323 0.400722 
1532543529482 0.307337 0.695769 -0.649192 -0.596429 -0.945116 0.30269 -0.123026 -0.24953 0.110906 0.651372 0.75061 0.400748 
1532543529805 0.3083 0.69546 -0.649066 -0.59694 -0.944757 0.303664 -0.123381 -0.249601 0.111292 0.651248 0.75066 0.400485 
1532543530147 0.309589 0.695042 -0.6489 -0.598096 -0.944225 0.305255 -0.123528 -0.249473 0.112223 0.65095 0.750779 0.39995 
1532543530595 0.310609 0.694843 -0.648625 -0.598591 -0.943819 0.306438 -0.123696 -0.249568 0.112815 0.650606 0.750989 0.399808 
1532543530616 0.310609 0.694843 -0.648625 -0.598591 -0.943819 0.306438 -0.123696 -0.249568 0.112815 0.650606 0.750989 0.399808 
1532543530847 0.310622 0.694733 -0.648737 -0.598593 -0.943813 0.306438 -0.123742 -0.249552 0.11283 0.650724 0.750885 0.39973 
1532543531107 0.311385 0.694311 -0.648823 -0.599115 -0.943531 0.307142 -0.124147 -0.249538 0.113084 0.650842 0.750744 0.399732 
1532543531337 0.312066 0.693888 -0.648948 -0.599666 -0.943305 0.307613 -0.124702 -0.249486 0.113095 0.651071 0.750544 0.399628 
1532543531587 0.31311 0.693087 -0.649302 -0.600502 -0.942933 0.308443 -0.125463 -0.249398 0.113316 0.651532 0.750111 0.399453 
1532543531779 0.31311 0.693087 -0.649302 -0.600502 -0.942933 0.308443 -0.125463 -0.249398 0.113316 0.651532 0.750111 0.399453 
1532543532219 0.314803 0.692131 -0.649503 -0.601212 -0.942356 0.30968 -0.126739 -0.249433 0.113418 0.65196 0.749722 0.399263 
1532543532605 0.315365 0.691898 -0.649478 -0.601453 -0.942187 0.309975 -0.127274 -0.249393 0.113262 0.652068 0.749653 0.399252 
1532543532927 0.317593 0.691014 -0.649333 -0.60233 -0.94151 0.311169 -0.129355 -0.249234 0.112667 0.652436 0.749422 0.399131 
1532543533331 0.319287 0.690322 -0.649239 -0.602977 -0.94099 0.312078 -0.13094 -0.249074 0.112222 0.652735 0.749228 0.399006 
1532543533584 0.319209 0.690282 -0.64932 -0.603018 -0.941019 0.311991 -0.130938 -0.249028 0.112198 0.652819 0.749159 0.398971 
1532543533870 0.319898 0.689952 -0.649331 -0.603197 -0.940776 0.312529 -0.131399 -0.249145 0.112276 0.65291 0.749068 0.399028 
1532543534117 0.321089 0.689091 -0.649658 -0.60381 -0.940354 0.313405 -0.132334 -0.249123 0.112416 0.653399 0.74862 0.398955 
1532543534380 0.321943 0.688493 -0.649869 -0.604301 -0.940077 0.313874 -0.133183 -0.249078 0.112282 0.653805 0.748286 0.398916 
1532543534636 0.323073 0.687797 -0.650046 -0.604702 -0.939675 0.31472 -0.134022 -0.249179 0.112403 0.654131 0.747983 0.398865 
1532543535032 0.323794 0.687365 -0.650144 -0.605178 -0.939402 0.315353 -0.134447 -0.249108 0.112611 0.65428 0.747821 0.398899 
1532543535408 0.324278 0.68706 -0.650225 -0.605439 -0.93921 0.315823 -0.134686 -0.249138 0.112819 0.654374 0.747708 0.39883 
1532543535718 0.324792 0.686687 -0.650362 -0.605936 -0.938994 0.316382 -0.134882 -0.249041 0.113141 0.654495 0.747553 0.398662 
1532543536075 0.325993 0.685951 -0.650539 -0.606681 -0.938524 0.317502 -0.13552 -0.24899 0.113587 0.654724 0.747284 0.398443 
1532543536306 0.326878 0.685605 -0.650459 -0.607097 -0.938167 0.318418 -0.135839 -0.249086 0.113986 0.654642 0.747296 0.398456 
1532543536319 0.326878 0.685605 -0.650459 -0.607097 -0.938167 0.318418 -0.135839 -0.249086 0.113986 0.654642 0.747296 0.398456 
1532543536624 0.326792 0.685527 -0.650584 -0.607139 -0.938192 0.31836 -0.135801 -0.24903 0.114025 0.654752 0.747194 0.398401 
1532543536901 0.327974 0.685565 -0.649949 -0.607612 -0.937941 0.318384 -0.137469 -0.249023 0.112689 0.6547 0.747442 0.398336 
1532543537233 0.32917 0.685452 -0.649463 -0.608135 -0.937647 0.318594 -0.138983 -0.248945 0.111648 0.654716 0.747584 0.398255 
1532543537525 0.330228 0.685325 -0.64906 -0.608648 -0.93742 0.318559 -0.140581 -0.248876 0.11042 0.654866 0.747635 0.39812 
1532543537578 0.330228 0.685325 -0.64906 -0.608648 -0.93742 0.318559 -0.140581 -0.248876 0.11042 0.654866 0.747635 0.39812 
1532543537936 0.330321 0.685189 -0.649156 -0.608661 -0.93739 0.318588 -0.140716 -0.248875 0.110396 0.654994 0.747526 0.398068 
1532543538344 0.330914 0.68556 -0.648463 -0.609255 -0.937228 0.318868 -0.141162 -0.248908 0.109999 0.65447 0.748044 0.398006 
1532543538801 0.33148 0.685583 -0.648148 -0.609681 -0.937069 0.319085 -0.141727 -0.248906 0.109649 0.65434 0.748209 0.397809 
1532543539228 0.33177 0.685825 -0.647744 -0.610054 -0.936996 0.319192 -0.141965 -0.248795 0.109392 0.654034 0.748514 0.397796 
1532543539284 0.33177 0.685825 -0.647744 -0.610054 -0.936996 0.319192 -0.141965 -0.248795 0.109392 0.654034 0.748514 0.397796 
1532543539665 0.331815 0.685727 -0.647825 -0.61007 -0.936988 0.319161 -0.14209 -0.24877 0.109326 0.654152 0.74842 0.39773 
1532543540069 0.332911 0.685294 -0.647721 -0.610836 -0.936668 0.319538 -0.143348 -0.248934 0.108736 0.654422 0.74827 0.397651 
1532543540505 0.333287 0.685193 -0.647635 -0.611025 -0.936552 0.319712 -0.143716 -0.249012 0.108583 0.654443 0.748274 0.397654 
1532543540940 0.334286 0.684784 -0.647553 -0.611794 -0.936287 0.319878 -0.145069 -0.249102 0.107797 0.65479 0.748084 0.397497 
1532543540969 0.334286 0.684784 -0.647553 -0.611794 -0.936287 0.319878 -0.145069 -0.249102 0.107797 0.65479 0.748084 0.397497 
1532543541229 0.334267 0.684661 -0.647692 -0.611804 -0.936301 0.319792 -0.145171 -0.249094 0.107734 0.65496 0.747944 0.39742 
1532543541631 0.335785 0.683935 -0.647674 -0.612496 -0.935812 0.32052 -0.146704 -0.249051 0.107257 0.655362 0.747661 0.397435 
1532543542019 0.338482 0.682568 -0.647712 -0.613675 -0.934951 0.321707 -0.149568 -0.248917 0.106283 0.656205 0.74706 0.397433 
1532543542357 0.339048 0.682243 -0.647758 -0.613911 -0.934762 0.321991 -0.150139 -0.248915 0.106141 0.656404 0.746905 0.397458 
1532543616136 0.338922 0.682296 -0.647769 -0.613952 -0.934813 0.321873 -0.150078 -0.2488 0.106101 0.656407 0.746908 0.397437 
1532543625758 0.338922 0.682296 -0.647769 -0.613952 -0.934813 0.321873 -0.150078 -0.2488 0.106101 0.656407 0.746908 0.397437 
1532543626327 0.338921 0.682296 -0.647769 -0.613952 -0.934813 0.321872 -0.150078 -0.248799 0.106101 0.656407 0.746909 0.397437 
1532543626760 0.321105 0.685885 -0.653034 -0.607434 -0.940022 0.314644 -0.131748 -0.249654 0.115109 0.656171 0.745781 0.399148 
1532543627315 0.303139 0.689323 -0.657982 -0.600924 -0.944841 0.307275 -0.113387 -0.250535 0.124022 0.656061 0.744448 0.400861 
1532543627916 0.28499 0.692636 -0.662598 -0.594424 -0.94927 0.299802 -0.0948971 -0.251392 0.132919 0.656029 0.742939 0.402539 
1532543628501 0.266673 0.695834 -0.666859 -0.587908 -0.953289 0.29228 -0.0762357 -0.252211 0.141862 0.656039 0.741274 0.404256 
1532543628933 0.257408 0.697532 -0.668723 -0.584857 -0.955166 0.288433 -0.066809 -0.252547 0.14628 0.655939 0.740504 0.40513 
1532543629407 0.261056 0.697573 -0.667264 -0.584966 -0.954802 0.288369 -0.0720834 -0.252318 0.142135 0.655923 0.741325 0.404774 
1532543629995 0.264801 0.697733 -0.66562 -0.585056 -0.954349 0.288544 -0.0772012 -0.252084 0.138195 0.655676 0.742287 0.40455 
1532543630598 0.268591 0.697739 -0.664093 -0.585148 -0.953866 0.288681 -0.0824825 -0.251917 0.13416 0.65561 0.743086 0.404254 
1532543630984 0.268576 0.697765 -0.664071 -0.585155 -0.953878 0.288636 -0.0825035 -0.251861 0.134107 0.655601 0.743103 0.40421 
1532543631316 0.269165 0.698125 -0.663455 -0.585115 -0.953834 0.288531 -0.0833641 -0.251848 0.133229 0.655265 0.743558 0.40428 
1532543631668 0.270306 0.698753 -0.662328 -0.585008 -0.953777 0.288176 -0.0852267 -0.251672 0.131315 0.654751 0.74435 0.404127 
1532543632092 0.273748 0.700557 -0.659 -0.584637 -0.953556 0.287211 -0.0907836 -0.251251 0.125673 0.653245 0.746644 0.403805 
1532543632438 0.273848 0.7005 -0.65902 -0.584613 -0.953536 0.287235 -0.0909167 -0.251242 0.125607 0.653296 0.74661 0.403738 
1532543632728 0.275674 0.70093 -0.6578 -0.585024 -0.95325 0.287454 -0.0931916 -0.250985 0.123766 0.652738 0.747405 0.403677 
1532543633033 0.275674 0.70093 -0.6578 -0.585024 -0.95325 0.287454 -0.0931916 -0.250985 0.123766 0.652738 0.747405 0.403677 
1532543633263 0.278827 0.701334 -0.656039 -0.585502 -0.952718 0.287916 -0.097125 -0.250728 0.120767 0.652101 0.748452 0.403478 
1532543633536 0.283104 0.701872 -0.653627 -0.586125 -0.95192 0.288803 -0.102184 -0.250382 0.117049 0.651129 0.749887 0.403278 
1532543633550 0.283104 0.701872 -0.653627 -0.586125 -0.95192 0.288803 -0.102184 -0.250382 0.117049 0.651129 0.749887 0.403278 
1532543633799 0.2832 0.70186 -0.653598 -0.586146 -0.951897 0.288842 -0.102281 -0.2504 0.117 0.651125 0.749899 0.403247 
1532543634071 0.284898 0.702425 -0.652252 -0.586909 -0.951442 0.289977 -0.103299 -0.250261 0.116579 0.65001 0.750931 0.402958 
1532543634380 0.285839 0.702617 -0.651633 -0.587224 -0.951179 0.290645 -0.10385 -0.250246 0.116428 0.649504 0.751392 0.402867 
1532543634626 0.286125 0.702824 -0.651284 -0.587396 -0.951104 0.290841 -0.103986 -0.25021 0.116337 0.649192 0.751675 0.402835 
1532543635036 0.286293 0.702897 -0.651131 -0.587591 -0.951084 0.290814 -0.104244 -0.250085 0.116086 0.649125 0.751772 0.402653 
1532543635326 0.286964 0.702598 -0.651159 -0.587732 -0.950893 0.29123 -0.104819 -0.250191 0.115991 0.649262 0.751668 0.402636 
1532543635648 0.28874 0.70192 -0.651105 -0.588324 -0.950434 0.292077 -0.10661 -0.250154 0.115341 0.649615 0.751463 0.402583 
1532543635996 0.289066 0.701908 -0.650973 -0.588486 -0.950366 0.292158 -0.106995 -0.250077 0.115086 0.649591 0.751523 0.402621 
1532543636313 0.29045 0.701325 -0.650985 -0.588983 -0.950005 0.292811 -0.10841 -0.250031 0.114585 0.649927 0.751309 0.402495 
1532543636519 0.29045 0.701325 -0.650985 -0.588983 -0.950005 0.292811 -0.10841 -0.250031 0.114585 0.649927 0.751309 0.402495 
1532543636842 0.292046 0.700966 -0.650658 -0.589753 -0.949498 0.294111 -0.109329 -0.249993 0.114729 0.649727 0.75146 0.402275 
1532543637472 0.294127 0.700676 -0.650033 -0.590777 -0.948851 0.295734 -0.110562 -0.249901 0.114768 0.649303 0.75182 0.40205 
1532543637975 0.29554 0.700625 -0.649447 -0.591229 -0.948394 0.296942 -0.111239 -0.249987 0.114911 0.648807 0.752226 0.402087 
1532543637989 0.29554 0.700625 -0.649447 -0.591229 -0.948394 0.296942 -0.111239 -0.249987 0.114911 0.648807 0.752226 0.402087 
1532543638216 0.295461 0.700572 -0.64954 -0.591255 -0.948426 0.296827 -0.111271 -0.249948 0.114848 0.648917 0.752142 0.402026 
1532543638494 0.296819 0.700192 -0.64933 -0.591807 -0.948008 0.297804 -0.112219 -0.250013 0.114798 0.648878 0.752182 0.401942 
1532543638837 0.297994 0.699811 -0.649202 -0.592426 -0.94768 0.298444 -0.11329 -0.24992 0.114469 0.648995 0.752131 0.401698 
1532543639139 0.299137 0.699393 -0.649128 -0.593026 -0.947347 0.29912 -0.114283 -0.249867 0.114238 0.649136 0.752045 0.40156 
1532543639483 0.301049 0.698834 -0.648846 -0.5939 -0.946786 0.300287 -0.115865 -0.249865 0.113869 0.649199 0.752047 0.401311 
1532543639499 0.301049 0.698834 -0.648846 -0.5939 -0.946786 0.300287 -0.115865 -0.249865 0.113869 0.649199 0.752047 0.401311 
1532543639763 0.301008 0.698748 -0.648957 -0.593933 -0.94681 0.300176 -0.115956 -0.249781 0.113777 0.649342 0.751937 0.401247 
1532543640066 0.302407 0.698306 -0.648782 -0.594517 -0.946377 0.301132 -0.117001 -0.249801 0.113667 0.649375 0.751926 0.401179 
1532543640373 0.303606 0.697676 -0.6489 -0.5952 -0.946033 0.301742 -0.118206 -0.249657 0.113331 0.649769 0.751636 0.400908 
1532543640747 0.305651 0.696858 -0.64882 -0.596104 -0.945421 0.302954 -0.119992 -0.249611 0.112945 0.650083 0.751422 0.400653 
1532543640992 0.307077 0.696225 -0.648826 -0.596705 -0.944977 0.303867 -0.121174 -0.249564 0.112792 0.650335 0.751227 0.40052 
1532543641229 0.307055 0.696208 -0.648854 -0.596757 -0.944987 0.303831 -0.121188 -0.249512 0.11277 0.65037 0.7512 0.400493 
1532543641607 0.309432 0.695254 -0.648748 -0.597691 -0.944298 0.305042 -0.123491 -0.249516 0.112037 0.650824 0.750917 0.400272 
1532543642015 0.310416 0.694883 -0.648675 -0.598032 -0.94401 0.305556 -0.124423 -0.249552 0.111747 0.650978 0.750826 0.400253 
1532543642423 0.312375 0.693852 -0.648839 -0.599093 -0.943467 0.306312 -0.126658 -0.24927 0.110865 0.651723 0.750311 0.399879 
1532543642696 0.314246 0.693235 -0.648594 -0.599688 -0.942898 0.307377 -0.128304 -0.249381 0.110419 0.651878 0.750242 0.399846 
1532543642716 0.314246 0.693235 -0.648594 -0.599688 -0.942898 0.307377 -0.128304 -0.249381 0.110419 0.651878 0.750242 0.399846 
1532543642983 0.314351 0.693119 -0.648668 -0.59969 -0.942869 0.307403 -0.128455 -0.249397 0.110368 0.651989 0.750153 0.399784 
1532543643307 0.315587 0.692879 -0.648324 -0.600311 -0.942491 0.308139 -0.129464 -0.249312 0.110071 0.651897 0.750277 0.399682 
1532543643620 0.316891 0.692391 -0.648209 -0.600981 -0.94211 0.308747 -0.13078 -0.249197 0.109582 0.652127 0.750148 0.399469 
1532543643966 0.318221 0.692034 -0.647939 -0.601632 -0.941704 0.309488 -0.131947 -0.249083 0.109218 0.652155 0.750177 0.399256 
1532543644331 0.320512 0.691407 -0.647478 -0.602569 -0.940981 0.310877 -0.133832 -0.249048 0.108754 0.652159 0.750241 0.399114 
1532543644367 0.320512 0.691407 -0.647478 -0.602569 -0.940981 0.310877 -0.133832 -0.249048 0.108754 0.652159 0.750241 0.399114 
1532543644608 0.320391 0.691352 -0.647597 -0.60261 -0.941026 0.310741 -0.133825 -0.248951 0.108715 0.652282 0.750139 0.399048 
1532543644919 0.320902 0.691302 -0.647397 -0.602828 -0.940758 0.311704 -0.133473 -0.249077 0.109526 0.651876 0.750374 0.399104 
1532543645315 0.321378 0.690981 -0.647504 -0.603347 -0.940415 0.313091 -0.132645 -0.249029 0.111072 0.651551 0.750429 0.398901 
1532543645701 0.321921 0.690612 -0.647627 -0.60374 -0.940089 0.314264 -0.132175 -0.249043 0.112244 0.651378 0.750405 0.398745 
1532543645981 0.321988 0.690399 -0.647821 -0.603867 -0.940027 0.314501 -0.132052 -0.249043 0.112572 0.651489 0.75026 0.398717 
1532543646259 0.322181 0.690263 -0.647871 -0.604026 -0.939923 0.314848 -0.131967 -0.249065 0.112888 0.651466 0.750232 0.398712 
1532543646536 0.322432 0.68983 -0.648207 -0.604385 -0.939756 0.315425 -0.131776 -0.24898 0.113558 0.651645 0.749975 0.398609 
1532543646843 0.322895 0.689507 -0.64832 -0.604646 -0.939518 0.316187 -0.131652 -0.249075 0.114216 0.651618 0.749899 0.398683 
1532543647120 0.323301 0.688889 -0.648774 -0.605046 -0.939282 0.316932 -0.131539 -0.249077 0.115002 0.651909 0.749526 0.398483 
1532543647133 0.323301 0.688889 -0.648774 -0.605046 -0.939282 0.316932 -0.131539 -0.249077 0.115002 0.651909 0.749526 0.398483 
1532543647484 0.323322 0.688786 -0.648874 -0.605061 -0.939269 0.316965 -0.131558 -0.249084 0.115055 0.652002 0.749437 0.398446 
1532543647800 0.324134 0.688529 -0.648741 -0.605436 -0.939057 0.317175 -0.132558 -0.249101 0.114495 0.652171 0.749376 0.398543 
1532543648108 0.325742 0.68776 -0.648752 -0.60628 -0.938611 0.317677 -0.134505 -0.249067 0.113586 0.652739 0.749019 0.398565 
1532543648483 0.326118 0.687608 -0.648724 -0.606545 -0.938509 0.317778 -0.13497 -0.249033 0.113344 0.65285 0.74896 0.398603 
1532543648738 0.32681 0.687203 -0.648805 -0.606956 -0.938334 0.317871 -0.135965 -0.24899 0.112801 0.65323 0.74871 0.398525 
1532543649060 0.326783 0.687184 -0.648839 -0.606977 -0.938346 0.317835 -0.135973 -0.248935 0.112785 0.653268 0.748679 0.398505 
1532543649376 0.32691 0.687121 -0.648841 -0.607203 -0.938318 0.317824 -0.136185 -0.248941 0.112642 0.65334 0.748638 0.39843 
1532543649679 0.327659 0.687013 -0.648578 -0.607544 -0.938023 0.318599 -0.136406 -0.249088 0.112924 0.653076 0.748826 0.398437 
1532543649950 0.328005 0.687035 -0.648379 -0.607944 -0.937907 0.318856 -0.136607 -0.249088 0.112885 0.652927 0.748962 0.398385 
1532543650282 0.328573 0.686843 -0.648295 -0.608355 -0.937694 0.319357 -0.136901 -0.249149 0.113008 0.652884 0.74898 0.39831 
1532543650297 0.328969 0.686752 -0.648191 -0.608777 -0.937542 0.319732 -0.137067 -0.249091 0.113116 0.652797 0.74904 0.398201 
1532543650652 0.329749 0.686486 -0.648076 -0.609157 -0.937281 0.320226 -0.137695 -0.249082 0.113005 0.652834 0.749024 0.398215 
1532543650989 0.330135 0.68634 -0.648035 -0.609308 -0.937164 0.320399 -0.138091 -0.249115 0.112852 0.652903 0.748987 0.39811 
1532543651324 0.331603 0.685795 -0.647861 -0.610111 -0.936671 0.321315 -0.1393 -0.249038 0.112637 0.653025 0.748914 0.398064 
1532543651709 0.331929 0.68561 -0.647891 -0.610313 -0.936569 0.321458 -0.139653 -0.249045 0.112522 0.653149 0.748822 0.398013 
1532543652044 0.332299 0.685237 -0.648095 -0.610628 -0.93647 0.32149 -0.140244 -0.248972 0.112255 0.653525 0.748535 0.397945 
1532543652333 0.332567 0.684907 -0.648306 -0.610823 -0.936405 0.321459 -0.140748 -0.248957 0.112004 0.653886 0.748257 0.397964 
1532543652600 0.333224 0.68436 -0.648547 -0.611147 -0.936219 0.321592 -0.14168 -0.249029 0.111607 0.654392 0.747873 0.397925 
1532543652855 0.333659 0.683814 -0.6489 -0.611564 -0.936097 0.321626 -0.142402 -0.248899 0.111327 0.654947 0.747429 0.397993 
1532543653092 0.334329 0.683098 -0.649308 -0.611858 -0.935902 0.321751 -0.143402 -0.249021 0.110958 0.655632 0.746883 0.397907 
1532543653461 0.334347 0.682779 -0.649634 -0.61205 -0.935926 0.321512 -0.143776 -0.248919 0.110698 0.656081 0.746528 0.397841 
1532543653707 0.33506 0.682681 -0.64937 -0.612263 -0.935713 0.321821 -0.144477 -0.24898 0.110349 0.656032 0.746622 0.397867 
1532543653990 0.336548 0.682364 -0.648933 -0.613043 -0.935349 0.321926 -0.146578 -0.248859 0.108889 0.65631 0.746593 0.397647 
1532543654253 0.337517 0.682186 -0.648617 -0.613592 -0.935095 0.322093 -0.147827 -0.248772 0.10807 0.656413 0.746621 0.397598 
1532543654498 0.33858 0.68222 -0.648028 -0.614104 -0.934819 0.322302 -0.149115 -0.248719 0.107132 0.656276 0.746877 0.397625 
