1535378982287 0.239257 0.926589 -0.290152 -0.63703 -0.937167 0.298527 0.180555 -0.243174 0.253919 0.228722 0.939793 0.375176 
1535378987895 0.239257 0.926589 -0.290152 -0.63703 -0.937167 0.298527 0.180555 -0.243174 0.253919 0.228722 0.939793 0.375176 
1535378988081 0.239499 0.926688 -0.289638 -0.637026 -0.937279 0.2985 0.180016 -0.24314 0.253276 0.228358 0.940055 0.375113 
1535378988432 0.240234 0.926889 -0.288382 -0.637109 -0.937646 0.298455 0.178169 -0.243048 0.251212 0.227598 0.940793 0.374924 
1535378988897 0.241217 0.927122 -0.28681 -0.637202 -0.938051 0.298495 0.175959 -0.242942 0.248747 0.226598 0.941689 0.374679 
1535378989073 0.241814 0.927306 -0.285708 -0.637316 -0.938461 0.298341 0.174024 -0.242759 0.246612 0.226044 0.942383 0.374355 
1535378989289 0.242474 0.92754 -0.284389 -0.637384 -0.938819 0.298238 0.172258 -0.242641 0.244592 0.225221 0.943107 0.374183 
1535378989483 0.243144 0.927754 -0.283114 -0.6375 -0.939234 0.298099 0.170225 -0.242483 0.242323 0.224521 0.943859 0.373931 
1535378989840 0.244071 0.927951 -0.281666 -0.637563 -0.939535 0.298216 0.168346 -0.242407 0.240214 0.223547 0.944629 0.373742 
1535378990386 0.24469 0.928174 -0.280393 -0.637691 -0.93994 0.298051 0.16637 -0.242236 0.237992 0.222843 0.945357 0.37349 
1535378990762 0.245515 0.928372 -0.279011 -0.637762 -0.940278 0.298074 0.164405 -0.242125 0.235795 0.221984 0.94611 0.373277 
1535378991005 0.246256 0.928426 -0.278176 -0.637854 -0.940527 0.298218 0.16271 -0.242119 0.234021 0.221564 0.946648 0.37305 
1535378991181 0.245507 0.928515 -0.278542 -0.637823 -0.940494 0.297782 0.163697 -0.24202 0.23494 0.221779 0.946371 0.373113 
1535378991313 0.244763 0.928437 -0.279456 -0.637697 -0.940275 0.297621 0.165243 -0.242161 0.23659 0.222321 0.945832 0.373316 
1535378991471 0.244527 0.928438 -0.27966 -0.637685 -0.940252 0.297511 0.165571 -0.242205 0.236924 0.222465 0.945715 0.373281 
1535378991760 0.243528 0.928536 -0.280207 -0.637566 -0.940168 0.296976 0.167004 -0.242299 0.238284 0.222771 0.945301 0.373352 
1535378992078 0.243086 0.928495 -0.280723 -0.637516 -0.940055 0.296859 0.167845 -0.242442 0.239178 0.223095 0.944999 0.373357 
1535378992217 0.242641 0.928612 -0.280723 -0.637505 -0.94015 0.296452 0.168028 -0.242373 0.239254 0.223151 0.944966 0.373355 
1535378992388 0.241772 0.928622 -0.281438 -0.637374 -0.940005 0.296096 0.169465 -0.242503 0.240702 0.223582 0.944497 0.373417 
1535378992554 0.241329 0.928711 -0.281526 -0.63738 -0.940105 0.295701 0.169597 -0.242487 0.240754 0.223735 0.944447 0.373405 
1535378992921 0.240468 0.928736 -0.282177 -0.637251 -0.939956 0.295341 0.171044 -0.242606 0.242193 0.224103 0.943992 0.373454 
