1535118629050 0.214206 0.919573 -0.329395 -0.53035 -0.943683 0.281875 0.173232 -0.207554 0.252148 0.273737 0.928165 0.441259 
1535118634231 0.214206 0.919574 -0.329394 -0.53035 -0.943683 0.281874 0.173232 -0.207554 0.252148 0.273736 0.928165 0.441259 
1535118634873 0.214206 0.919574 -0.329394 -0.53035 -0.943683 0.281874 0.173232 -0.207554 0.252148 0.273736 0.928165 0.441259 
1535118635515 0.218254 0.920363 -0.324495 -0.540572 -0.943357 0.284115 0.171335 -0.211369 0.249885 0.26872 0.93024 0.434464 
1535118636139 0.224807 0.922334 -0.314264 -0.561654 -0.942872 0.287291 0.168691 -0.21854 0.245875 0.258387 0.934228 0.421036 
1535118637246 0.231 0.92422 -0.304067 -0.58283 -0.942479 0.290162 0.165953 -0.225537 0.241606 0.248241 0.938085 0.407222 
1535118638203 0.231 0.92422 -0.304067 -0.58283 -0.942479 0.290162 0.165953 -0.225537 0.241606 0.248241 0.938085 0.407222 
1535118638871 0.237345 0.925886 -0.293943 -0.603981 -0.94194 0.293337 0.163406 -0.23261 0.237519 0.238093 0.941752 0.393417 
1535118639842 0.243073 0.927719 -0.283289 -0.625267 -0.941529 0.295898 0.161142 -0.2395 0.23332 0.227556 0.9454 0.379595 
1535118640196 0.243779 0.927562 -0.283198 -0.626006 -0.941399 0.296506 0.160788 -0.239942 0.233111 0.227405 0.945487 0.379027 
1535118640547 0.244636 0.927592 -0.28236 -0.628151 -0.94131 0.29705 0.160304 -0.240758 0.232571 0.226572 0.94582 0.377659 
1535118640894 0.245256 0.927804 -0.281123 -0.630273 -0.941212 0.297367 0.160288 -0.241512 0.232313 0.225285 0.946191 0.376328 
1535118641134 0.245256 0.927804 -0.281123 -0.630273 -0.941212 0.297367 0.160288 -0.241512 0.232313 0.225285 0.946191 0.376328 
1535118641456 0.2461 0.928083 -0.279459 -0.633531 -0.941112 0.297772 0.160126 -0.242527 0.231825 0.223595 0.946711 0.374244 
1535118641727 0.245925 0.928356 -0.278705 -0.63465 -0.941165 0.297467 0.16038 -0.242657 0.231796 0.222866 0.94689 0.373496 
1535118642249 0.244624 0.927971 -0.281122 -0.635316 -0.941235 0.2969 0.161019 -0.243368 0.232886 0.225213 0.946067 0.373398 
1535118643425 0.243034 0.927622 -0.283642 -0.636047 -0.941386 0.296071 0.16166 -0.243915 0.233938 0.227728 0.945205 0.373302 
1535118644156 0.239173 0.928054 -0.285505 -0.635901 -0.941376 0.293681 0.166019 -0.244762 0.237922 0.22906 0.943888 0.37397 
1535118645442 0.236988 0.928289 -0.28656 -0.635851 -0.941414 0.292281 0.168262 -0.24523 0.239952 0.229895 0.943171 0.374216 
1535118645847 0.236202 0.928907 -0.285202 -0.635828 -0.941923 0.290987 0.167656 -0.245315 0.238726 0.229037 0.94369 0.374265 
1535118647222 0.234731 0.930092 -0.282543 -0.635759 -0.942833 0.288584 0.166688 -0.245705 0.236572 0.227264 0.944661 0.374322 
1535118647999 0.237841 0.930294 -0.279259 -0.635425 -0.943018 0.290044 0.163066 -0.245581 0.232697 0.224562 0.946268 0.374096 
1535118649507 0.243788 0.928846 -0.27895 -0.633778 -0.942156 0.295042 0.159034 -0.244297 0.23002 0.224044 0.947045 0.374381 
1535118650971 0.244402 0.928482 -0.279623 -0.631208 -0.941766 0.29597 0.159618 -0.24347 0.230963 0.224329 0.946749 0.375307 
1535118652322 0.244046 0.928232 -0.280762 -0.628059 -0.940971 0.296683 0.162951 -0.242419 0.234554 0.224422 0.945843 0.376399 
1535118653201 0.243832 0.928122 -0.281311 -0.62654 -0.940565 0.297015 0.164679 -0.241948 0.236395 0.224437 0.945381 0.376877 
1535118653597 0.243984 0.927999 -0.281585 -0.626376 -0.940451 0.29728 0.164855 -0.241922 0.236695 0.224595 0.945268 0.376853 
1535118654180 0.243741 0.92809 -0.281496 -0.624966 -0.940303 0.297231 0.165781 -0.241336 0.237529 0.224284 0.945133 0.37723 
1535118654651 0.243689 0.928075 -0.281588 -0.62349 -0.940047 0.297452 0.166833 -0.240847 0.238593 0.224051 0.94492 0.377634 
1535118654874 0.243801 0.928029 -0.281644 -0.623247 -0.939969 0.297615 0.166982 -0.240827 0.238785 0.224027 0.944878 0.377666 
1535118655349 0.24338 0.927885 -0.282482 -0.62192 -0.939511 0.297895 0.169051 -0.24028 0.24101 0.224251 0.944259 0.378238 
1535118655794 0.242983 0.92786 -0.282905 -0.620864 -0.939176 0.297998 0.170719 -0.23981 0.242709 0.224216 0.943832 0.378693 
1535118656129 0.243035 0.927832 -0.282953 -0.620469 -0.939034 0.298176 0.171191 -0.239717 0.243207 0.224097 0.943732 0.378844 
1535118656163 0.242953 0.927785 -0.283177 -0.620256 -0.938951 0.298235 0.171545 -0.239624 0.24361 0.224212 0.943601 0.378888 
1535118656563 0.243129 0.927734 -0.283193 -0.62018 -0.939079 0.298246 0.17082 -0.239492 0.242936 0.224409 0.943728 0.378911 
1535118657361 0.244473 0.927139 -0.283982 -0.618689 -0.939143 0.299289 0.168628 -0.238789 0.241335 0.225475 0.943885 0.379335 
1535118658103 0.245324 0.926319 -0.285917 -0.61756 -0.939184 0.300205 0.166763 -0.238184 0.240309 0.227618 0.943632 0.379781 
1535118658492 0.245591 0.925859 -0.287177 -0.616931 -0.939272 0.300536 0.165671 -0.237814 0.239695 0.22905 0.943442 0.379987 
1535118658940 0.245805 0.925617 -0.287774 -0.616725 -0.939309 0.300757 0.165056 -0.237763 0.239329 0.229737 0.943368 0.380018 
1535118658968 0.245805 0.925617 -0.287774 -0.616725 -0.939309 0.300757 0.165056 -0.237763 0.239329 0.229737 0.943368 0.380018 
1535118659298 0.245587 0.925503 -0.288325 -0.616197 -0.938983 0.301015 0.166436 -0.237653 0.240827 0.229858 0.942957 0.38021 
1535118659813 0.244897 0.925474 -0.289004 -0.615582 -0.938634 0.300982 0.16845 -0.237474 0.242881 0.230016 0.942391 0.380485 
1535118660163 0.245086 0.925438 -0.288958 -0.615226 -0.93847 0.301263 0.168861 -0.237284 0.243323 0.229793 0.942332 0.380527 
1535118660437 0.245124 0.925598 -0.288414 -0.61461 -0.938552 0.301112 0.168673 -0.237033 0.242969 0.229346 0.942532 0.380716 
1535118660699 0.245681 0.925574 -0.288016 -0.613939 -0.938398 0.301579 0.168697 -0.236904 0.243001 0.228828 0.94265 0.380866 
1535118660730 0.245492 0.925658 -0.287909 -0.613729 -0.938432 0.301395 0.168842 -0.236703 0.243064 0.228734 0.942656 0.3809 
1535118660752 0.245492 0.925658 -0.287909 -0.613729 -0.938432 0.301395 0.168842 -0.236703 0.243064 0.228734 0.942656 0.3809 
1535118660973 0.24561 0.925685 -0.287722 -0.613565 -0.938357 0.301515 0.169043 -0.236644 0.243233 0.228467 0.942677 0.380952 
1535118661074 0.24561 0.925685 -0.287722 -0.613565 -0.938357 0.301515 0.169043 -0.236644 0.243233 0.228467 0.942677 0.380952 
1535118661263 0.245906 0.925872 -0.286863 -0.612803 -0.938175 0.301738 0.169654 -0.236456 0.243636 0.227409 0.942829 0.381152 
1535118661474 0.246141 0.926079 -0.285992 -0.611736 -0.937929 0.301973 0.170592 -0.236114 0.244343 0.226251 0.942925 0.381375 
1535118661544 0.246141 0.926079 -0.285992 -0.611736 -0.937929 0.301973 0.170592 -0.236114 0.244343 0.226251 0.942925 0.381375 
1535118661835 0.246774 0.926136 -0.285264 -0.610769 -0.937559 0.302629 0.171459 -0.235899 0.245124 0.22514 0.942988 0.381573 
1535118662285 0.24705 0.926159 -0.28495 -0.609775 -0.937418 0.302897 0.171757 -0.235265 0.245385 0.224685 0.943029 0.381895 
1535118662740 0.247846 0.926171 -0.284218 -0.60822 -0.937128 0.303594 0.172109 -0.234655 0.245689 0.223692 0.943186 0.382342 
1535118663186 0.248203 0.926018 -0.284406 -0.607848 -0.936958 0.304039 0.172252 -0.234553 0.245979 0.223723 0.943102 0.382364 
1535118663217 0.248203 0.926018 -0.284406 -0.607848 -0.936958 0.304039 0.172252 -0.234553 0.245979 0.223723 0.943102 0.382364 
1535118663400 0.248433 0.925942 -0.284453 -0.607591 -0.936854 0.304306 0.172343 -0.234494 0.24614 0.223675 0.943072 0.382381 
1535118663668 0.24843 0.926151 -0.283773 -0.607114 -0.936861 0.304171 0.172545 -0.2341 0.246118 0.22299 0.94324 0.382592 
1535118663817 0.248722 0.926083 -0.28374 -0.606878 -0.936818 0.304412 0.172354 -0.234034 0.245988 0.222945 0.943285 0.382551 
1535118664087 0.249246 0.926214 -0.282849 -0.605951 -0.936704 0.304723 0.17242 -0.233585 0.245889 0.221971 0.94354 0.382848 
1535118664233 0.249246 0.926214 -0.282849 -0.605951 -0.936704 0.304723 0.17242 -0.233585 0.245889 0.221971 0.94354 0.382848 
1535118664276 0.249591 0.926314 -0.282219 -0.60537 -0.936623 0.304925 0.172504 -0.233193 0.245849 0.221277 0.943713 0.383057 
1535118664293 0.249554 0.926392 -0.281992 -0.605224 -0.93664 0.304841 0.172559 -0.233075 0.24582 0.221063 0.943771 0.383125 
1535118664502 0.24994 0.926254 -0.282107 -0.605084 -0.936564 0.305207 0.172327 -0.233151 0.245719 0.22114 0.943779 0.38305 
1535118664693 0.250076 0.926427 -0.281417 -0.604534 -0.936594 0.305149 0.172264 -0.232901 0.245464 0.220495 0.943997 0.3832 
1535118664874 0.250339 0.926467 -0.281051 -0.604058 -0.936647 0.305221 0.171849 -0.232593 0.244995 0.220225 0.944181 0.383229 
1535118665080 0.250609 0.926572 -0.280463 -0.60347 -0.936659 0.305295 0.171652 -0.232437 0.244672 0.21968 0.944392 0.383364 
1535118665211 0.250773 0.926604 -0.28021 -0.603225 -0.936669 0.305356 0.171488 -0.23233 0.244465 0.219459 0.944497 0.383391 
1535118665416 0.250894 0.926685 -0.279835 -0.602938 -0.93673 0.305319 0.171222 -0.232178 0.244108 0.219172 0.944656 0.383393 
1535118665667 0.250797 0.927004 -0.278863 -0.602551 -0.936928 0.304892 0.170898 -0.231888 0.243447 0.218413 0.945002 0.383396 
1535118665919 0.2511 0.927374 -0.277355 -0.601737 -0.937112 0.304667 0.170293 -0.231437 0.242426 0.217152 0.945555 0.383448 
1535118666053 0.25095 0.927528 -0.276976 -0.601546 -0.937216 0.304396 0.170202 -0.231276 0.242177 0.216874 0.945683 0.383465 
1535118666238 0.251264 0.927685 -0.276164 -0.60152 -0.937254 0.304438 0.169918 -0.231233 0.241705 0.216142 0.945971 0.383413 
1535118666418 0.251264 0.927685 -0.276164 -0.60152 -0.937254 0.304438 0.169918 -0.231233 0.241705 0.216142 0.945971 0.383413 
1535118666452 0.252567 0.928109 -0.27354 -0.601311 -0.937315 0.30484 0.168858 -0.231081 0.240105 0.213745 0.946923 0.383182 
1535118666479 0.252567 0.928109 -0.27354 -0.601311 -0.937315 0.30484 0.168858 -0.231081 0.240105 0.213745 0.946923 0.383182 
1535118666598 0.252567 0.928109 -0.27354 -0.601311 -0.937315 0.30484 0.168858 -0.231081 0.240105 0.213745 0.946923 0.383182 
1535118667237 0.254773 0.928987 -0.268466 -0.600946 -0.937521 0.305324 0.166825 -0.230768 0.236947 0.20919 0.948734 0.382722 
1535118667883 0.255684 0.929589 -0.265499 -0.601269 -0.937678 0.305311 0.165969 -0.230611 0.235342 0.206517 0.949718 0.382576 
1535118668381 0.255684 0.929589 -0.265499 -0.601269 -0.937678 0.305311 0.165969 -0.230611 0.235342 0.206517 0.949718 0.382576 
