1537391496080 0.211992 0.919801 -0.330189 -0.474391 -0.9442 0.279926 0.173577 -0.173557 0.252084 0.274967 0.927818 0.473477 
1537391496719 0.218092 0.918375 -0.330186 -0.483245 -0.942941 0.285514 0.1713 -0.179487 0.25159 0.273986 0.928242 0.468756 
1537391497657 0.223513 0.91833 -0.326667 -0.499683 -0.941995 0.28961 0.16962 -0.188529 0.250374 0.269806 0.929794 0.459128 
1537391498561 0.227171 0.9188 -0.322799 -0.516111 -0.941279 0.292173 0.169199 -0.196727 0.249773 0.265407 0.931221 0.449212 
1537391499483 0.231166 0.919113 -0.31905 -0.532225 -0.940406 0.295147 0.16889 -0.204924 0.249396 0.260995 0.932568 0.439391 
1537391501155 0.237368 0.920353 -0.310815 -0.56554 -0.939228 0.299124 0.168451 -0.221079 0.248007 0.251941 0.935424 0.418945 
1537391502176 0.240963 0.92072 -0.306939 -0.581792 -0.938291 0.301842 0.168823 -0.229171 0.248086 0.247318 0.936636 0.408777 
1537391503207 0.243847 0.921407 -0.302568 -0.598682 -0.937561 0.303761 0.169436 -0.237292 0.248028 0.242359 0.937947 0.398322 
1537391504150 0.247102 0.921736 -0.298905 -0.613089 -0.936763 0.306126 0.169591 -0.244265 0.247821 0.238097 0.939093 0.388946 
1537391504196 0.246871 0.921939 -0.298467 -0.614122 -0.936778 0.305871 0.169972 -0.244563 0.247996 0.237636 0.939163 0.388245 
1537391504275 0.246707 0.92225 -0.297643 -0.615691 -0.936806 0.305577 0.170346 -0.245157 0.248055 0.236808 0.939357 0.387094 
1537391504517 0.24842 0.92178 -0.297671 -0.617917 -0.936487 0.307084 0.169386 -0.246855 0.247547 0.236687 0.939521 0.385857 
1537391504739 0.247542 0.92221 -0.297073 -0.619282 -0.936685 0.30617 0.169941 -0.247023 0.247676 0.236196 0.93961 0.385064 
1537391505187 0.248196 0.922379 -0.296001 -0.623459 -0.936531 0.306577 0.170058 -0.249023 0.247605 0.235006 0.939928 0.382632 
1537391505495 0.250784 0.92165 -0.29609 -0.626654 -0.935773 0.309121 0.169624 -0.251526 0.247862 0.234534 0.939978 0.380687 
1537391505750 0.248392 0.922889 -0.294241 -0.628831 -0.936453 0.306463 0.170692 -0.251398 0.247703 0.233144 0.940365 0.379464 
1537391505986 0.248662 0.922999 -0.293666 -0.631008 -0.936382 0.306614 0.170811 -0.252336 0.247701 0.232509 0.940523 0.378137 
1537391506013 0.248764 0.922994 -0.293597 -0.631145 -0.936342 0.30671 0.170859 -0.252457 0.247751 0.232404 0.940536 0.37801 
1537391506048 0.248142 0.923332 -0.293058 -0.631354 -0.936517 0.306009 0.171154 -0.252374 0.247711 0.231984 0.94065 0.37781 
1537391506097 0.247042 0.923892 -0.292221 -0.631884 -0.936814 0.3048 0.171685 -0.252079 0.247688 0.231344 0.940814 0.377408 
1537391506171 0.246497 0.924149 -0.291871 -0.632559 -0.936958 0.304216 0.171938 -0.251952 0.247688 0.231088 0.940877 0.377005 
1537391506266 0.247605 0.923682 -0.292408 -0.632905 -0.936821 0.305225 0.170889 -0.25272 0.247097 0.231621 0.940901 0.377034 
1537391506373 0.247073 0.923066 -0.294794 -0.633246 -0.936817 0.305297 0.170786 -0.252767 0.247647 0.233972 0.940175 0.377324 
1537391506475 0.245835 0.922633 -0.297177 -0.633837 -0.937007 0.304689 0.17083 -0.252541 0.24816 0.23646 0.939416 0.377461 
1537391506560 0.244904 0.922078 -0.299657 -0.634546 -0.937083 0.304423 0.170885 -0.252596 0.248792 0.238953 0.938618 0.377666 
1537391506660 0.243605 0.921847 -0.30142 -0.635411 -0.937386 0.30355 0.170775 -0.252463 0.248924 0.240946 0.938073 0.377826 
1537391506758 0.242862 0.921455 -0.303215 -0.636291 -0.937524 0.303231 0.170586 -0.252668 0.249131 0.242842 0.937529 0.377871 
1537391506795 0.242603 0.921245 -0.304058 -0.636668 -0.937562 0.30317 0.170488 -0.252774 0.249242 0.243712 0.937274 0.377874 
1537391506826 0.242562 0.921133 -0.304429 -0.636864 -0.937559 0.303212 0.170426 -0.252899 0.249291 0.244081 0.937165 0.377881 
1537391506873 0.241986 0.921008 -0.305267 -0.637259 -0.937678 0.30285 0.170416 -0.252904 0.249404 0.245004 0.936894 0.377908 
1537391506928 0.24095 0.920824 -0.306636 -0.637865 -0.937921 0.302145 0.170332 -0.252768 0.249494 0.246559 0.936462 0.377929 
1537391506997 0.240398 0.920854 -0.30698 -0.638095 -0.937974 0.301773 0.1707 -0.252664 0.249828 0.246903 0.936283 0.377945 
1537391507090 0.23981 0.921024 -0.30693 -0.63824 -0.938058 0.301271 0.17112 -0.252845 0.250075 0.246881 0.936222 0.377961 
1537391507184 0.238737 0.921135 -0.307432 -0.638814 -0.93827 0.300409 0.171477 -0.253064 0.250309 0.247516 0.935992 0.378081 
1537391507278 0.237563 0.92109 -0.308477 -0.639416 -0.938473 0.299584 0.171804 -0.25347 0.250662 0.248683 0.935588 0.378112 
1537391507372 0.235944 0.921249 -0.309244 -0.640078 -0.938776 0.298299 0.172385 -0.253382 0.251057 0.249638 0.935228 0.378144 
1537391507477 0.234553 0.921259 -0.310268 -0.640811 -0.938992 0.297307 0.172925 -0.253428 0.251554 0.250779 0.934789 0.378211 
1537391507514 0.23434 0.921208 -0.310581 -0.641076 -0.938978 0.297231 0.17313 -0.253497 0.251803 0.251058 0.934647 0.378269 
1537391507542 0.234064 0.9212 -0.310812 -0.641258 -0.939007 0.297053 0.173279 -0.253527 0.251952 0.251297 0.934543 0.37831 
1537391507579 0.23332 0.921216 -0.311325 -0.64155 -0.939141 0.296497 0.173507 -0.253542 0.252144 0.251895 0.93433 0.378339 
1537391507633 0.232365 0.921273 -0.31187 -0.641859 -0.93933 0.295744 0.173769 -0.253527 0.252322 0.252571 0.934099 0.378376 
1537391507663 0.232003 0.921277 -0.312129 -0.642048 -0.939401 0.295468 0.173853 -0.25353 0.25239 0.25288 0.933997 0.378353 
1537391507705 0.231864 0.921242 -0.312333 -0.642161 -0.939458 0.295353 0.173742 -0.253685 0.252307 0.253139 0.93395 0.378278 
1537391507758 0.231629 0.921542 -0.311623 -0.64208 -0.939636 0.294877 0.173588 -0.253849 0.251859 0.252604 0.934215 0.378201 
1537391507843 0.231665 0.921808 -0.310808 -0.642132 -0.939632 0.294751 0.173818 -0.253862 0.251838 0.251778 0.934444 0.378109 
1537391507920 0.231201 0.921917 -0.310829 -0.642413 -0.939812 0.294251 0.173697 -0.254016 0.251596 0.251962 0.93446 0.37798 
1537391507996 0.230691 0.922087 -0.310705 -0.64278 -0.939931 0.293752 0.173897 -0.254283 0.251619 0.251925 0.934463 0.37783 
1537391508031 0.230329 0.922151 -0.310783 -0.64295 -0.940022 0.293422 0.173962 -0.254348 0.25161 0.252075 0.934425 0.377765 
1537391508049 0.230166 0.922189 -0.310792 -0.643017 -0.940067 0.293264 0.173984 -0.254372 0.25159 0.25212 0.934419 0.377734 
1537391508079 0.229929 0.922256 -0.310766 -0.643138 -0.94013 0.293029 0.174036 -0.254412 0.25157 0.252144 0.934417 0.377686 
1537391508107 0.229608 0.922347 -0.310733 -0.643239 -0.940216 0.292712 0.174108 -0.254475 0.251543 0.25218 0.934415 0.37765 
1537391508131 0.229232 0.922456 -0.31069 -0.643338 -0.940311 0.292345 0.174212 -0.254587 0.251532 0.25221 0.93441 0.377625 
1537391508154 0.22923 0.922455 -0.310694 -0.643407 -0.940296 0.292359 0.174267 -0.254698 0.251588 0.252197 0.934398 0.37761 
1537391508190 0.229304 0.922406 -0.310784 -0.643508 -0.940245 0.292479 0.174342 -0.254866 0.251712 0.252236 0.934355 0.377577 
1537391508224 0.229238 0.922413 -0.310813 -0.643541 -0.940249 0.292435 0.174397 -0.254894 0.251758 0.252263 0.934334 0.377547 
1537391508247 0.229158 0.92245 -0.310761 -0.643537 -0.940245 0.292372 0.174522 -0.254848 0.251845 0.252198 0.934329 0.377519 
1537391508278 0.229273 0.922454 -0.310665 -0.643509 -0.940174 0.292506 0.174679 -0.254823 0.252005 0.25203 0.934331 0.377497 
1537391508303 0.22981 0.922423 -0.31036 -0.643458 -0.939994 0.293005 0.174813 -0.254821 0.252189 0.251562 0.934407 0.377481 
1537391508326 0.230236 0.922435 -0.310009 -0.643405 -0.939817 0.293414 0.175077 -0.254798 0.252458 0.251043 0.934474 0.377464 
1537391508359 0.230629 0.922435 -0.309716 -0.643363 -0.939593 0.293857 0.175535 -0.254738 0.252932 0.250524 0.934486 0.377437 
1537391508395 0.230944 0.92246 -0.309407 -0.643321 -0.939459 0.294152 0.17576 -0.254713 0.253144 0.250085 0.934546 0.377466 
1537391508429 0.231099 0.922518 -0.309118 -0.643274 -0.939466 0.294199 0.175641 -0.254683 0.252974 0.249815 0.934664 0.377536 
1537391508483 0.231334 0.922615 -0.308652 -0.643188 -0.939547 0.294195 0.175213 -0.254658 0.252458 0.249461 0.934898 0.377521 
1537391508505 0.231509 0.922629 -0.308478 -0.643156 -0.939545 0.294288 0.175071 -0.254643 0.252307 0.249298 0.934982 0.377505 
1537391508532 0.231714 0.922658 -0.308238 -0.643115 -0.939537 0.294395 0.174935 -0.25462 0.252149 0.249066 0.935087 0.377514 
1537391508571 0.23203 0.922746 -0.307737 -0.643038 -0.939526 0.294533 0.174762 -0.25459 0.2519 0.248577 0.935284 0.377538 
1537391508638 0.233157 0.92273 -0.306932 -0.642907 -0.939254 0.295441 0.174691 -0.254518 0.251873 0.247557 0.935562 0.37758 
1537391508723 0.23319 0.922643 -0.307169 -0.642729 -0.939155 0.295606 0.174943 -0.254548 0.252211 0.247684 0.935437 0.37758 
1537391508819 0.232933 0.922629 -0.307404 -0.642283 -0.939069 0.295554 0.17549 -0.254316 0.252767 0.247796 0.935257 0.377758 
1537391508921 0.232584 0.922808 -0.307131 -0.641678 -0.939028 0.295297 0.176145 -0.253824 0.253243 0.247436 0.935224 0.378017 
1537391509001 0.232909 0.922784 -0.306959 -0.641299 -0.93885 0.295666 0.176472 -0.25369 0.253603 0.247086 0.935219 0.378149 
1537391509032 0.233268 0.922697 -0.306947 -0.641179 -0.938715 0.296049 0.17655 -0.253696 0.253774 0.246952 0.935208 0.378186 
1537391509068 0.233535 0.922653 -0.306875 -0.640978 -0.938599 0.296336 0.176683 -0.253678 0.253955 0.246771 0.935206 0.378252 
1537391509134 0.233858 0.922613 -0.306751 -0.640641 -0.938413 0.29672 0.177023 -0.253464 0.254343 0.246461 0.935183 0.378391 
1537391509210 0.233477 0.92283 -0.306387 -0.640366 -0.938495 0.296302 0.177289 -0.253152 0.254391 0.24615 0.935252 0.378533 
1537391509306 0.233416 0.92285 -0.306374 -0.640075 -0.938476 0.296275 0.177437 -0.253015 0.254519 0.246108 0.935228 0.378645 
1537391509422 0.233444 0.922951 -0.306047 -0.63942 -0.938441 0.296265 0.177636 -0.252675 0.25462 0.245739 0.935297 0.378822 
1537391509562 0.23341 0.923064 -0.305734 -0.638712 -0.938409 0.296212 0.177898 -0.252261 0.254773 0.245381 0.93535 0.379022 
1537391509697 0.233416 0.923245 -0.305181 -0.637771 -0.938351 0.296165 0.17828 -0.25171 0.25498 0.244753 0.935458 0.379335 
1537391509828 0.233362 0.923383 -0.304806 -0.637099 -0.938289 0.296114 0.178691 -0.251161 0.255257 0.244297 0.935501 0.379589 
1537391509852 0.23344 0.923386 -0.304737 -0.636879 -0.938259 0.296185 0.178731 -0.251145 0.255296 0.244199 0.935516 0.37965 
1537391509893 0.233613 0.923337 -0.304754 -0.636626 -0.938191 0.296376 0.178771 -0.251142 0.255387 0.244154 0.935503 0.379709 
1537391509940 0.234169 0.923194 -0.304759 -0.636293 -0.937987 0.296967 0.178863 -0.251027 0.255629 0.243976 0.935484 0.379782 
1537391510055 0.233572 0.923512 -0.304253 -0.635717 -0.938116 0.296322 0.179254 -0.250559 0.2557 0.243556 0.935574 0.380033 
1537391510160 0.23367 0.923367 -0.304618 -0.635533 -0.93801 0.296563 0.179411 -0.250413 0.256 0.243812 0.935425 0.380104 
1537391510287 0.233323 0.923542 -0.304352 -0.634556 -0.938019 0.296255 0.179867 -0.250005 0.256281 0.243521 0.935424 0.380493 
1537391510447 0.232785 0.923722 -0.30422 -0.63342 -0.937967 0.295896 0.180729 -0.249193 0.256961 0.243277 0.935301 0.380961 
1537391510474 0.232593 0.923826 -0.30405 -0.633192 -0.938015 0.295682 0.180834 -0.249089 0.256962 0.243142 0.935336 0.381049 
1537391510507 0.232498 0.923843 -0.304071 -0.632975 -0.938003 0.295629 0.180981 -0.248973 0.257091 0.243142 0.9353 0.381128 
1537391510550 0.232757 0.923715 -0.30426 -0.632694 -0.937844 0.296 0.181195 -0.248835 0.257434 0.243174 0.935197 0.381228 
1537391510621 0.232631 0.923781 -0.304157 -0.632071 -0.937806 0.295926 0.181513 -0.248623 0.257686 0.243015 0.935169 0.381458 
1537391510678 0.232115 0.924033 -0.303786 -0.631858 -0.937953 0.295347 0.1817 -0.248304 0.257619 0.242762 0.935253 0.381574 
1537391510752 0.231854 0.923995 -0.304101 -0.631813 -0.937971 0.295206 0.181836 -0.248071 0.257788 0.243078 0.935125 0.381621 
1537391510831 0.233015 0.92344 -0.304897 -0.63153 -0.937576 0.296563 0.181664 -0.248414 0.258177 0.243534 0.934899 0.381664 
1537391510927 0.233118 0.923282 -0.305296 -0.631027 -0.937494 0.296792 0.181711 -0.248284 0.25838 0.243853 0.93476 0.381805 
1537391511031 0.233177 0.923214 -0.305457 -0.630519 -0.937433 0.296923 0.181815 -0.248019 0.258552 0.24395 0.934687 0.381968 
1537391511134 0.233449 0.922978 -0.305962 -0.629921 -0.937265 0.297375 0.18194 -0.247915 0.258912 0.244294 0.934497 0.382153 
1537391511154 0.233291 0.923012 -0.305982 -0.629797 -0.937287 0.297245 0.182038 -0.247768 0.258975 0.244325 0.934472 0.38221 
1537391511199 0.233006 0.923116 -0.305885 -0.629538 -0.937357 0.296958 0.182149 -0.24756 0.25898 0.244282 0.934482 0.382315 
1537391511260 0.233497 0.922805 -0.306447 -0.629192 -0.93712 0.297641 0.182249 -0.247536 0.259392 0.244623 0.934278 0.382417 
1537391511333 0.2335 0.922822 -0.306393 -0.628889 -0.93712 0.297633 0.182264 -0.24751 0.25939 0.244568 0.934293 0.382498 
1537391511387 0.234093 0.922564 -0.306718 -0.628717 -0.936917 0.29831 0.1822 -0.247714 0.259589 0.244718 0.934199 0.382496 
1537391511456 0.234492 0.922337 -0.307095 -0.628539 -0.93673 0.298844 0.182286 -0.247716 0.259903 0.244921 0.934058 0.3825 
1537391511534 0.234154 0.922426 -0.307086 -0.628155 -0.936763 0.298571 0.182565 -0.247371 0.260089 0.244919 0.934007 0.382618 
1537391511595 0.234579 0.922189 -0.307474 -0.627912 -0.936601 0.299103 0.182527 -0.247556 0.260291 0.245163 0.933886 0.382634 
1537391511636 0.234817 0.922098 -0.307564 -0.627739 -0.936513 0.299372 0.182536 -0.247573 0.260392 0.245175 0.933855 0.382667 
1537391511675 0.234979 0.92202 -0.307677 -0.627635 -0.936432 0.299586 0.182602 -0.247482 0.260539 0.24521 0.933805 0.382686 
1537391511719 0.235037 0.921952 -0.307834 -0.627489 -0.936378 0.29971 0.182676 -0.247425 0.260679 0.245314 0.933738 0.382713 
1537391511805 0.235098 0.921838 -0.308128 -0.62709 -0.936294 0.29989 0.182809 -0.24744 0.260925 0.24552 0.933616 0.38283 
1537391511909 0.234956 0.921583 -0.308998 -0.626917 -0.93619 0.300059 0.183062 -0.247217 0.261425 0.246269 0.933278 0.382921 
1537391512005 0.235073 0.921298 -0.309758 -0.626298 -0.936035 0.300439 0.183234 -0.247252 0.261877 0.246871 0.932993 0.38316 
1537391512120 0.234489 0.921259 -0.310317 -0.625733 -0.93604 0.300132 0.18371 -0.246763 0.262381 0.247392 0.932713 0.383429 
1537391512179 0.234599 0.921063 -0.310817 -0.625564 -0.935975 0.300371 0.183651 -0.24681 0.262514 0.247833 0.932558 0.383471 
1537391512200 0.234926 0.920845 -0.311213 -0.62545 -0.935842 0.300807 0.183614 -0.246879 0.262695 0.248111 0.932433 0.383496 
1537391512226 0.235216 0.920633 -0.311623 -0.625362 -0.93571 0.301219 0.183612 -0.246937 0.262906 0.248401 0.932297 0.383517 
1537391512253 0.235383 0.920495 -0.311904 -0.625231 -0.935618 0.30148 0.183652 -0.246982 0.263084 0.248594 0.932195 0.383566 
1537391512295 0.235418 0.920392 -0.312181 -0.624997 -0.935534 0.301639 0.183818 -0.247014 0.263351 0.248782 0.93207 0.383672 
1537391512336 0.235424 0.920335 -0.312345 -0.624874 -0.935469 0.301738 0.18399 -0.246978 0.263578 0.248874 0.931981 0.38373 
1537391512407 0.235251 0.920444 -0.312154 -0.624813 -0.935515 0.301534 0.184091 -0.246795 0.263571 0.248717 0.932025 0.383737 
1537391512486 0.235664 0.92043 -0.311882 -0.624568 -0.935427 0.301855 0.184012 -0.246688 0.263514 0.248378 0.932131 0.383744 
1537391512517 0.235838 0.920451 -0.311689 -0.624363 -0.935385 0.301978 0.184022 -0.246656 0.263506 0.24815 0.932194 0.383799 
1537391512529 0.235849 0.920462 -0.311648 -0.62432 -0.935384 0.301979 0.184026 -0.246649 0.2635 0.248109 0.932207 0.383811 
1537391512570 0.235747 0.920528 -0.311532 -0.624121 -0.935409 0.301861 0.184095 -0.246538 0.263503 0.24801 0.932232 0.383869 
1537391512601 0.235574 0.920509 -0.311719 -0.62399 -0.935433 0.301753 0.184148 -0.246404 0.263572 0.248212 0.932159 0.383918 
1537391512644 0.235563 0.920558 -0.311582 -0.623783 -0.935466 0.301687 0.18409 -0.246306 0.263466 0.24811 0.932216 0.383988 
1537391512693 0.235684 0.920577 -0.311434 -0.623627 -0.935451 0.301757 0.184051 -0.246281 0.263411 0.247953 0.932274 0.384025 
1537391512747 0.235639 0.920605 -0.311384 -0.623585 -0.935469 0.301698 0.184053 -0.246215 0.263384 0.24792 0.93229 0.384023 
1537391512811 0.236006 0.920411 -0.31168 -0.623489 -0.935307 0.302169 0.184103 -0.246166 0.26363 0.248068 0.932181 0.384047 
1537391512885 0.236328 0.92033 -0.311675 -0.623186 -0.935206 0.30249 0.184089 -0.246076 0.263701 0.247975 0.932186 0.384165 
1537391512931 0.236584 0.920274 -0.311647 -0.622945 -0.935111 0.302756 0.184135 -0.24592 0.263808 0.247862 0.932186 0.384267 
1537391512964 0.236721 0.920257 -0.311593 -0.622736 -0.935065 0.302885 0.184157 -0.245848 0.263849 0.247766 0.932199 0.384344 
1537391513009 0.237156 0.920166 -0.311533 -0.622374 -0.934938 0.303299 0.184122 -0.245742 0.263911 0.247598 0.932227 0.384448 
1537391513039 0.23708 0.920185 -0.311533 -0.622243 -0.934948 0.303236 0.184173 -0.245604 0.263941 0.247603 0.932217 0.384489 
1537391513097 0.236764 0.92038 -0.311198 -0.622077 -0.935051 0.302849 0.184287 -0.24533 0.26386 0.247353 0.932306 0.384568 
1537391513154 0.236756 0.92054 -0.310729 -0.621926 -0.935082 0.302721 0.184341 -0.245225 0.263758 0.246913 0.932451 0.384603 
1537391513228 0.23772 0.920333 -0.310607 -0.621685 -0.934843 0.303601 0.184104 -0.245482 0.263738 0.246604 0.932539 0.384532 
1537391513310 0.237607 0.920411 -0.310461 -0.621365 -0.934896 0.303443 0.184097 -0.245234 0.263653 0.246506 0.932589 0.384576 
1537391513399 0.237546 0.920591 -0.309973 -0.620966 -0.934909 0.303291 0.184283 -0.244808 0.263661 0.24602 0.932715 0.384725 
1537391513487 0.238167 0.920591 -0.309497 -0.620378 -0.934797 0.303739 0.184111 -0.244789 0.263498 0.245468 0.932906 0.384812 
1537391513514 0.238285 0.920614 -0.309337 -0.620251 -0.934764 0.303821 0.184142 -0.244718 0.263507 0.245279 0.932954 0.384859 
1537391513541 0.238336 0.92066 -0.309162 -0.62014 -0.934745 0.30384 0.184209 -0.24457 0.263529 0.245084 0.932998 0.384912 
1537391513588 0.238431 0.920709 -0.308944 -0.61995 -0.934713 0.303893 0.184282 -0.244356 0.263556 0.244836 0.933056 0.385013 
1537391513643 0.238288 0.9209 -0.308484 -0.619592 -0.934776 0.303642 0.18438 -0.244124 0.263464 0.244427 0.933189 0.385177 
1537391513708 0.238314 0.92093 -0.308375 -0.619359 -0.934776 0.303638 0.184383 -0.244079 0.263438 0.244321 0.933224 0.385246 
1537391513781 0.238689 0.920734 -0.308669 -0.619243 -0.934651 0.304079 0.18429 -0.244096 0.263542 0.24451 0.933145 0.38524 
1537391513867 0.238803 0.920686 -0.308723 -0.618883 -0.934564 0.304252 0.184449 -0.243867 0.263749 0.244475 0.933096 0.385338 
1537391513961 0.239256 0.920651 -0.308478 -0.618248 -0.934423 0.304654 0.1845 -0.243753 0.263839 0.244106 0.933167 0.385485 
1537391514062 0.239008 0.920781 -0.30828 -0.617657 -0.934425 0.304436 0.184846 -0.243129 0.264055 0.243885 0.933164 0.385685 
1537391514154 0.239393 0.920803 -0.307917 -0.617038 -0.934312 0.304741 0.184916 -0.242979 0.264106 0.243423 0.93327 0.385863 
1537391514179 0.239646 0.92069 -0.308058 -0.616933 -0.93422 0.305034 0.184897 -0.242969 0.264201 0.243484 0.933228 0.385859 
1537391514210 0.239758 0.920603 -0.30823 -0.616818 -0.934168 0.305195 0.184893 -0.242886 0.264283 0.243609 0.933171 0.385854 
1537391514244 0.239892 0.920582 -0.308188 -0.616647 -0.934144 0.305304 0.184834 -0.242817 0.264246 0.243552 0.933197 0.385878 
1537391514309 0.240066 0.920583 -0.308049 -0.616372 -0.934108 0.305433 0.184803 -0.242715 0.264215 0.243387 0.933249 0.385928 
1537391514373 0.240002 0.92068 -0.307811 -0.616107 -0.934114 0.305335 0.184939 -0.242612 0.264255 0.243145 0.933301 0.386047 
1537391514439 0.239946 0.920733 -0.307697 -0.61598 -0.934086 0.305297 0.18514 -0.242536 0.264404 0.242992 0.933298 0.386113 
1537391514533 0.240032 0.920813 -0.307389 -0.615471 -0.93397 0.305403 0.185553 -0.242343 0.264737 0.242553 0.933318 0.386309 
1537391514668 0.2399 0.921074 -0.30671 -0.614613 -0.933918 0.30522 0.186114 -0.241855 0.265038 0.241793 0.93343 0.38667 
1537391514756 0.239756 0.921159 -0.306567 -0.614246 -0.933877 0.305126 0.186473 -0.24154 0.265313 0.241588 0.933405 0.386819 
1537391514796 0.240078 0.921043 -0.306663 -0.614019 -0.933725 0.305512 0.186599 -0.241543 0.265556 0.241541 0.933348 0.386877 
1537391514835 0.240449 0.921006 -0.306483 -0.613667 -0.933595 0.305859 0.186683 -0.241574 0.265677 0.241243 0.93339 0.386985 
1537391514859 0.240494 0.921031 -0.306372 -0.613466 -0.933567 0.305894 0.186767 -0.241516 0.265736 0.241102 0.93341 0.387049 
1537391514885 0.240593 0.921067 -0.306186 -0.613227 -0.933512 0.305976 0.186907 -0.241359 0.26584 0.24086 0.933443 0.387133 
1537391514912 0.240491 0.921133 -0.306067 -0.613043 -0.933519 0.305873 0.187038 -0.241233 0.265905 0.240739 0.933456 0.387201 
1537391514946 0.240294 0.921224 -0.30595 -0.612929 -0.933571 0.305661 0.187125 -0.241139 0.265901 0.240661 0.933477 0.387249 
1537391514990 0.240059 0.921331 -0.305811 -0.612892 -0.933678 0.305369 0.187071 -0.241005 0.265739 0.240621 0.933533 0.387208 
1537391515043 0.240001 0.921566 -0.305149 -0.612802 -0.933849 0.305039 0.186757 -0.240882 0.265191 0.240141 0.933813 0.387153 
1537391515107 0.240372 0.921642 -0.304627 -0.612625 -0.933905 0.305147 0.186297 -0.240872 0.264655 0.239712 0.934075 0.387155 
1537391515199 0.240713 0.921815 -0.303833 -0.612084 -0.933965 0.305175 0.185949 -0.240686 0.264133 0.239009 0.934403 0.387226 
1537391515229 0.240548 0.921975 -0.303479 -0.611889 -0.93407 0.304891 0.185888 -0.240514 0.263912 0.238755 0.93453 0.387257 
1537391515246 0.240411 0.922082 -0.303262 -0.611785 -0.934139 0.304688 0.185877 -0.240405 0.263794 0.238602 0.934603 0.387283 
1537391515262 0.240221 0.92222 -0.302992 -0.611663 -0.934225 0.304419 0.185882 -0.240247 0.263661 0.23841 0.934689 0.387323 
1537391515291 0.240099 0.922358 -0.302667 -0.611519 -0.934308 0.304192 0.185839 -0.240103 0.263479 0.238165 0.934803 0.387368 
1537391515327 0.240447 0.922372 -0.302348 -0.611288 -0.934272 0.304408 0.185662 -0.240111 0.263287 0.237834 0.934941 0.387397 
1537391515360 0.240939 0.922273 -0.302259 -0.611138 -0.934157 0.304846 0.185527 -0.240209 0.263249 0.237656 0.934997 0.387392 
1537391515407 0.241041 0.922282 -0.30215 -0.610986 -0.934184 0.304873 0.185346 -0.240233 0.263059 0.237587 0.935068 0.387359 
1537391515450 0.240993 0.922339 -0.302015 -0.61095 -0.934233 0.304767 0.185272 -0.240144 0.262928 0.237503 0.935126 0.387357 
1537391515504 0.241049 0.922469 -0.301572 -0.610817 -0.934278 0.304678 0.185193 -0.239953 0.262717 0.237112 0.935285 0.387407 
1537391515568 0.24099 0.922647 -0.301076 -0.610526 -0.934378 0.304445 0.185068 -0.239809 0.262413 0.23672 0.935469 0.387483 
1537391515619 0.241246 0.922725 -0.300631 -0.610245 -0.934376 0.304541 0.184922 -0.239713 0.262186 0.236291 0.935642 0.387538 
1537391515636 0.24129 0.922737 -0.300558 -0.610199 -0.934377 0.304557 0.184891 -0.239689 0.262143 0.236222 0.935671 0.387544 
1537391515663 0.24133 0.922837 -0.300218 -0.609984 -0.934448 0.304454 0.184703 -0.23959 0.261853 0.235964 0.935817 0.387562 
1537391515717 0.241458 0.922965 -0.299724 -0.60963 -0.93456 0.304346 0.184315 -0.239542 0.261336 0.235606 0.936052 0.387602 
1537391515779 0.241497 0.923143 -0.299144 -0.609454 -0.934657 0.30417 0.184111 -0.239314 0.260951 0.235135 0.936278 0.387636 
1537391515845 0.241604 0.923365 -0.29837 -0.609432 -0.934793 0.30397 0.183749 -0.239265 0.260363 0.234519 0.936596 0.387638 
1537391515917 0.24237 0.923696 -0.29672 -0.609299 -0.93485 0.30414 0.183179 -0.239162 0.259446 0.232992 0.937231 0.387394 
1537391515970 0.243051 0.923796 -0.295849 -0.609179 -0.934908 0.304403 0.182446 -0.239202 0.2586 0.232248 0.93765 0.38718 
1537391515990 0.243233 0.923851 -0.295527 -0.609124 -0.934955 0.304428 0.182164 -0.239215 0.258259 0.231996 0.937806 0.387097 
1537391516009 0.243389 0.923903 -0.295238 -0.609076 -0.934992 0.304449 0.181937 -0.239219 0.257977 0.231763 0.937941 0.387054 
1537391516034 0.243674 0.923992 -0.294722 -0.608987 -0.935036 0.304513 0.181605 -0.239201 0.257548 0.231324 0.938168 0.387009 
1537391516058 0.24393 0.924048 -0.294335 -0.608916 -0.935055 0.304602 0.181356 -0.23917 0.257237 0.230981 0.938337 0.386975 
1537391516105 0.244446 0.924168 -0.293531 -0.60878 -0.935083 0.304789 0.180896 -0.239135 0.256643 0.230257 0.938678 0.386924 
1537391516139 0.244597 0.924201 -0.2933 -0.608737 -0.93511 0.304828 0.18069 -0.239124 0.2564 0.230071 0.93879 0.386891 
1537391516182 0.244641 0.924225 -0.293189 -0.608763 -0.935111 0.304837 0.180673 -0.239107 0.256357 0.229964 0.938828 0.38688 
1537391516237 0.244658 0.924406 -0.292602 -0.608833 -0.935187 0.304666 0.180566 -0.238994 0.256062 0.229461 0.939031 0.386887 
1537391516302 0.245301 0.924844 -0.290672 -0.608693 -0.935446 0.304519 0.179471 -0.238988 0.254498 0.227884 0.93984 0.386852 
1537391516349 0.24565 0.925011 -0.289846 -0.608646 -0.935587 0.304482 0.178792 -0.238968 0.253638 0.227256 0.940225 0.386743 
1537391517072 0.237253 0.927135 -0.290056 -0.598946 -0.937789 0.2965 0.180662 -0.231758 0.2535 0.229149 0.939802 0.393037 
1537391518003 0.232626 0.927012 -0.294168 -0.584499 -0.938863 0.292981 0.180825 -0.2242 0.253812 0.234118 0.938492 0.402355 
1537391518983 0.229425 0.92614 -0.299382 -0.569031 -0.93961 0.290996 0.180148 -0.216845 0.253962 0.239972 0.936972 0.412244 
1537391519890 0.216792 0.92831 -0.302062 -0.547656 -0.942871 0.279293 0.181631 -0.203259 0.252973 0.24543 0.935825 0.425806 
1537391521012 0.199775 0.933406 -0.298066 -0.53593 -0.946192 0.262808 0.188821 -0.191903 0.25458 0.244306 0.935683 0.431762 
1537391522222 0.199775 0.933406 -0.298066 -0.53593 -0.946192 0.262808 0.188821 -0.191903 0.25458 0.244306 0.935683 0.431762 
1537391523959 0.199775 0.933406 -0.298066 -0.53593 -0.946192 0.262808 0.188821 -0.191903 0.25458 0.244306 0.935683 0.431762 
