1535381910434 0.217338 0.919169 -0.328471 -0.472686 -0.943054 0.284551 0.172281 -0.170236 0.251822 0.272322 0.928669 0.473084 
1535381914308 0.217338 0.919169 -0.328471 -0.472686 -0.943054 0.284551 0.172281 -0.170236 0.251822 0.272322 0.928669 0.473084 
1535381914869 0.217339 0.91917 -0.328468 -0.472685 -0.943055 0.28455 0.172277 -0.170236 0.251817 0.272321 0.928671 0.473084 
1535381915793 0.221905 0.919848 -0.323479 -0.488806 -0.942502 0.287369 0.170616 -0.177402 0.249898 0.267019 0.930726 0.463485 
1535381916784 0.22579 0.920724 -0.318256 -0.505283 -0.942155 0.289459 0.168991 -0.18449 0.247716 0.26169 0.932821 0.453437 
1535381917715 0.229257 0.921606 -0.313184 -0.521824 -0.941889 0.291209 0.167457 -0.191432 0.245531 0.256594 0.934812 0.443284 
1535381918752 0.233225 0.922424 -0.307799 -0.538288 -0.941491 0.293396 0.165874 -0.198519 0.243314 0.251104 0.936881 0.433294 
1535381919748 0.237135 0.923137 -0.302629 -0.554768 -0.941152 0.295527 0.164004 -0.205672 0.240834 0.245929 0.938892 0.42319 
1535381920738 0.240667 0.923948 -0.297319 -0.571294 -0.940743 0.297451 0.162866 -0.212564 0.238917 0.240505 0.940785 0.413081 
1535381921792 0.244446 0.924568 -0.292268 -0.587791 -0.94036 0.299572 0.161179 -0.219658 0.236577 0.235438 0.942656 0.402899 
1535381922816 0.247957 0.925263 -0.287065 -0.604287 -0.940031 0.301437 0.159619 -0.226659 0.234221 0.230272 0.944519 0.392855 
1535381923376 0.25168 0.92592 -0.281654 -0.620804 -0.939573 0.303547 0.158311 -0.23365 0.232079 0.224791 0.946366 0.382751 
1535381923721 0.250925 0.926194 -0.281428 -0.620992 -0.939755 0.302805 0.15865 -0.233384 0.232158 0.224664 0.946377 0.382501 
1535381924056 0.252288 0.925852 -0.281335 -0.622259 -0.939408 0.304076 0.158275 -0.234327 0.232086 0.224357 0.946467 0.381875 
1535381924415 0.252697 0.925871 -0.280903 -0.623904 -0.939406 0.304289 0.157877 -0.23516 0.231649 0.223987 0.946662 0.380841 
1535381924746 0.253017 0.925963 -0.280313 -0.625578 -0.939352 0.304463 0.157858 -0.235795 0.231515 0.223372 0.94684 0.379824 
1535381925095 0.253187 0.926098 -0.279713 -0.627262 -0.93936 0.304472 0.157794 -0.236435 0.231297 0.2228 0.947028 0.378726 
1535381925435 0.25362 0.926137 -0.279191 -0.628919 -0.939307 0.304737 0.157602 -0.23717 0.231041 0.222275 0.947214 0.377673 
1535381925825 0.25389 0.926191 -0.278767 -0.630602 -0.939271 0.304887 0.157523 -0.237875 0.230889 0.221845 0.947352 0.376584 
1535381926184 0.25421 0.926385 -0.277826 -0.632233 -0.939271 0.304951 0.157402 -0.238583 0.230538 0.220941 0.947648 0.375686 
1535381926564 0.254454 0.926488 -0.277258 -0.633935 -0.939263 0.305032 0.157288 -0.239177 0.230298 0.220396 0.947834 0.374606 
1535381926617 0.254501 0.926601 -0.276837 -0.635717 -0.939331 0.304929 0.157084 -0.239889 0.22997 0.220064 0.94799 0.373401 
1535381926944 0.254358 0.926659 -0.276775 -0.635795 -0.939378 0.304774 0.157107 -0.239867 0.229938 0.220034 0.948005 0.373342 
1535381927253 0.253835 0.926415 -0.278068 -0.635897 -0.939213 0.304786 0.158064 -0.240192 0.231184 0.221043 0.947467 0.373388 
1535381927561 0.253355 0.926317 -0.278832 -0.636099 -0.939167 0.304625 0.158647 -0.240368 0.231897 0.221675 0.947145 0.373425 
1535381927856 0.252694 0.92626 -0.279622 -0.636356 -0.939117 0.304345 0.159478 -0.240509 0.23282 0.222298 0.946773 0.373389 
1535381928164 0.252099 0.926127 -0.280597 -0.636611 -0.939054 0.304157 0.160208 -0.240742 0.233718 0.223107 0.946361 0.37335 
1535381928468 0.251676 0.925995 -0.281412 -0.636812 -0.938961 0.304091 0.160876 -0.241015 0.234545 0.223747 0.946005 0.373343 
1535381928786 0.251151 0.925858 -0.282331 -0.637047 -0.938902 0.303939 0.161504 -0.241263 0.235341 0.224519 0.945625 0.373315 
1535381929073 0.250484 0.925781 -0.283172 -0.63731 -0.938863 0.303656 0.162262 -0.241425 0.236206 0.225216 0.945243 0.373296 
1535381929363 0.249947 0.925632 -0.284135 -0.637541 -0.938806 0.303502 0.16288 -0.241694 0.237002 0.226036 0.944848 0.373248 
1535381929398 0.249574 0.925494 -0.284911 -0.637757 -0.938645 0.303531 0.163751 -0.241881 0.238029 0.226563 0.944463 0.373251 
1535381929543 0.24955 0.9255 -0.284911 -0.637756 -0.938667 0.303493 0.163698 -0.241874 0.237971 0.226586 0.944473 0.373232 
1535381929651 0.249531 0.925743 -0.284138 -0.637612 -0.938832 0.303186 0.163316 -0.241734 0.237335 0.226006 0.944772 0.373244 
1535381929730 0.249398 0.926001 -0.283412 -0.637522 -0.939055 0.302753 0.162842 -0.241796 0.236595 0.225527 0.945072 0.373297 
1535381929843 0.249052 0.926242 -0.282928 -0.63752 -0.939202 0.302284 0.16286 -0.241868 0.236372 0.225166 0.945213 0.373312 
1535381930034 0.248392 0.926653 -0.282163 -0.637589 -0.939442 0.301456 0.163011 -0.241989 0.236114 0.224585 0.945416 0.373324 
1535381930092 0.247819 0.926931 -0.281752 -0.6376 -0.939667 0.300767 0.162991 -0.242016 0.235823 0.224361 0.945542 0.37333 
1535381930208 0.247462 0.927206 -0.281162 -0.637581 -0.939773 0.30031 0.163218 -0.242003 0.235772 0.223838 0.945679 0.3734 
1535381930263 0.247105 0.927395 -0.28085 -0.63757 -0.939941 0.299844 0.163111 -0.242124 0.23548 0.223677 0.94579 0.37341 
1535381930290 0.247105 0.927395 -0.28085 -0.63757 -0.939941 0.299844 0.163111 -0.242124 0.23548 0.223677 0.94579 0.37341 
1535381930546 0.247184 0.927526 -0.28035 -0.637566 -0.939934 0.299818 0.163196 -0.242228 0.235422 0.223172 0.945923 0.373456 
1535381930742 0.246481 0.927711 -0.280357 -0.637576 -0.940225 0.299046 0.162937 -0.242162 0.234998 0.223438 0.945966 0.373504 
1535381930934 0.246291 0.927881 -0.27996 -0.637565 -0.940339 0.298734 0.162853 -0.242325 0.234741 0.223148 0.946098 0.373489 
1535381931149 0.245779 0.928126 -0.279599 -0.637542 -0.940562 0.298095 0.162731 -0.242406 0.234382 0.222985 0.946226 0.373492 
1535381931346 0.245511 0.928335 -0.27914 -0.63753 -0.940753 0.297644 0.162458 -0.242611 0.2339 0.222717 0.946408 0.373487 
1535381931543 0.244929 0.92862 -0.278702 -0.637516 -0.941011 0.29691 0.162307 -0.242651 0.233471 0.222508 0.946563 0.373513 
1535381931737 0.244747 0.928759 -0.278397 -0.637535 -0.941142 0.296603 0.162109 -0.242837 0.233134 0.222336 0.946687 0.373512 
1535381931919 0.24404 0.929046 -0.278061 -0.637529 -0.941385 0.295811 0.162145 -0.242831 0.232894 0.222192 0.946779 0.373501 
1535381932119 0.243632 0.929323 -0.277492 -0.6375 -0.941609 0.295207 0.161941 -0.242931 0.232413 0.221835 0.946981 0.373505 
1535381932146 0.24339 0.929491 -0.277143 -0.637526 -0.941764 0.294827 0.161732 -0.243092 0.232038 0.221639 0.947119 0.373503 
1535381932317 0.243262 0.929502 -0.277218 -0.637539 -0.941779 0.294735 0.161814 -0.242946 0.232112 0.221715 0.947083 0.373525 
1535381932537 0.243748 0.929315 -0.277418 -0.637514 -0.941589 0.295296 0.161894 -0.242881 0.232371 0.221752 0.947011 0.373539 
1535381932726 0.24432 0.929142 -0.277494 -0.637433 -0.941427 0.29587 0.161789 -0.24286 0.232428 0.221713 0.947006 0.373493 
1535381932921 0.244486 0.929097 -0.277498 -0.637405 -0.9414 0.296014 0.161682 -0.242803 0.232361 0.221708 0.947024 0.373434 
1535381933114 0.244739 0.929042 -0.27746 -0.637344 -0.941346 0.296239 0.161588 -0.242778 0.232316 0.221639 0.947051 0.373412 
1535381933322 0.245146 0.928927 -0.277485 -0.637305 -0.94122 0.296651 0.161563 -0.242741 0.232396 0.221568 0.947048 0.373445 
1535381933521 0.245415 0.928855 -0.277487 -0.637268 -0.941131 0.296928 0.161576 -0.24267 0.232474 0.221498 0.947045 0.373482 
1535381933709 0.245867 0.928701 -0.277603 -0.637233 -0.941015 0.297378 0.161424 -0.242749 0.232468 0.221539 0.947037 0.37341 
1535381933904 0.246152 0.928609 -0.277658 -0.637163 -0.940949 0.297652 0.161299 -0.242757 0.232429 0.221558 0.947042 0.373365 
1535381933955 0.246152 0.928609 -0.277658 -0.637163 -0.940949 0.297652 0.161299 -0.242757 0.232429 0.221558 0.947042 0.373365 
1535381933971 0.24635 0.928544 -0.277701 -0.637134 -0.940921 0.297826 0.16114 -0.242681 0.232333 0.221598 0.947056 0.373368 
1535381934116 0.246352 0.928543 -0.277703 -0.637134 -0.940921 0.297829 0.16114 -0.242677 0.232334 0.221599 0.947056 0.373368 
1535381934173 0.246827 0.928437 -0.277635 -0.636993 -0.940783 0.298284 0.161102 -0.242678 0.232388 0.221429 0.947082 0.373423 
1535381934321 0.2473 0.928332 -0.277567 -0.636735 -0.94065 0.298733 0.161045 -0.242684 0.232422 0.221267 0.947112 0.37355 
1535381934441 0.247763 0.928233 -0.277485 -0.636607 -0.940514 0.299176 0.161019 -0.24251 0.23248 0.221084 0.947141 0.373595 
1535381934550 0.248108 0.928105 -0.277602 -0.63642 -0.940459 0.299492 0.16075 -0.242391 0.232332 0.22119 0.947152 0.373665 
1535381934674 0.248613 0.927956 -0.27765 -0.636255 -0.9403 0.300008 0.16072 -0.242295 0.232438 0.221117 0.947143 0.373692 
1535381934767 0.249408 0.927755 -0.277608 -0.636018 -0.940079 0.300773 0.160586 -0.242348 0.232482 0.220922 0.947178 0.37373 
1535381934891 0.249719 0.927678 -0.277587 -0.635855 -0.940033 0.301031 0.160369 -0.242185 0.232333 0.220894 0.947221 0.373769 
1535381934980 0.250441 0.927432 -0.277758 -0.635653 -0.939834 0.301759 0.160167 -0.242207 0.23236 0.220934 0.947205 0.373799 
1535381935011 0.250655 0.927379 -0.277743 -0.635561 -0.939768 0.30197 0.160159 -0.242159 0.232398 0.22087 0.947211 0.373828 
1535381935249 0.250764 0.92737 -0.277673 -0.63549 -0.939736 0.302064 0.160164 -0.242093 0.232406 0.220776 0.94723 0.373856 
1535381935414 0.250675 0.927449 -0.277491 -0.635146 -0.939889 0.301825 0.159721 -0.241882 0.231886 0.220773 0.947359 0.374012 
1535381935579 0.251067 0.927349 -0.277469 -0.634768 -0.939918 0.302069 0.159084 -0.241782 0.231341 0.220858 0.947472 0.374092 
1535381935767 0.251515 0.927213 -0.277517 -0.634388 -0.939936 0.302375 0.158395 -0.241715 0.23078 0.221009 0.947573 0.374194 
1535381935974 0.251786 0.927201 -0.277311 -0.634031 -0.939978 0.30249 0.15793 -0.24153 0.230317 0.220902 0.947711 0.374361 
1535381936150 0.251999 0.927178 -0.277196 -0.633689 -0.940018 0.302581 0.157515 -0.241315 0.229919 0.220875 0.947814 0.374505 
1535381936357 0.252234 0.927132 -0.277136 -0.63334 -0.940054 0.302701 0.157071 -0.241144 0.229515 0.220904 0.947905 0.374632 
1535381936531 0.25266 0.927058 -0.276996 -0.632948 -0.940051 0.302978 0.156553 -0.24103 0.229058 0.220835 0.948032 0.374742 
1535381936606 0.252979 0.926956 -0.277045 -0.632453 -0.940066 0.303194 0.156041 -0.24083 0.228642 0.220966 0.948102 0.374849 
1535381936814 0.252797 0.926997 -0.277075 -0.632344 -0.940136 0.303005 0.155991 -0.240728 0.228558 0.221054 0.948102 0.374895 
1535381937029 0.252748 0.926981 -0.277173 -0.631862 -0.939944 0.303172 0.156817 -0.240481 0.229398 0.220891 0.947937 0.375129 
1535381937285 0.252756 0.926967 -0.277212 -0.631382 -0.939865 0.30326 0.157118 -0.240294 0.229711 0.220829 0.947875 0.375304 
1535381937497 0.252777 0.926911 -0.277379 -0.630892 -0.939775 0.30339 0.157407 -0.240128 0.230056 0.220885 0.947778 0.375475 
1535381937709 0.252827 0.926833 -0.277594 -0.630406 -0.939681 0.303552 0.157659 -0.23992 0.230388 0.22099 0.947674 0.375616 
1535381938001 0.25247 0.926851 -0.27786 -0.629485 -0.939624 0.303402 0.158287 -0.239488 0.231012 0.221121 0.947491 0.375886 
1535381938217 0.252823 0.926681 -0.278105 -0.628935 -0.939418 0.303888 0.158573 -0.239446 0.23146 0.221166 0.947371 0.37603 
1535381938447 0.252776 0.926657 -0.278229 -0.628492 -0.939363 0.303929 0.158824 -0.239207 0.231738 0.221211 0.947293 0.376177 
1535381938486 0.252943 0.926588 -0.278306 -0.62826 -0.939272 0.304146 0.158947 -0.239224 0.231924 0.221201 0.947249 0.376266 
1535381938675 0.253008 0.926554 -0.27836 -0.628242 -0.939246 0.304225 0.158948 -0.239267 0.231958 0.221233 0.947234 0.376266 
1535381938897 0.252593 0.926563 -0.278706 -0.627852 -0.939115 0.304119 0.159923 -0.238978 0.232939 0.221341 0.946968 0.376309 
1535381939140 0.252388 0.926572 -0.278864 -0.627451 -0.939001 0.30411 0.160607 -0.238762 0.233619 0.221318 0.946805 0.37654 
1535381939368 0.252348 0.926524 -0.279059 -0.627023 -0.938851 0.304258 0.161203 -0.238648 0.234264 0.221315 0.946647 0.376692 
1535381939635 0.252282 0.926426 -0.279445 -0.626583 -0.938656 0.304462 0.16195 -0.238527 0.235115 0.221445 0.946405 0.376794 
1535381939851 0.252141 0.926395 -0.279672 -0.626161 -0.938521 0.30453 0.162602 -0.238343 0.235803 0.22148 0.946226 0.376932 
1535381940078 0.252195 0.926286 -0.279985 -0.625713 -0.938335 0.304798 0.163176 -0.238297 0.236486 0.221567 0.946035 0.377046 
1535381940308 0.251926 0.926244 -0.280368 -0.625264 -0.938144 0.304854 0.164163 -0.238008 0.237526 0.221668 0.945751 0.37717 
1535381940545 0.252061 0.926159 -0.280525 -0.62483 -0.937965 0.305144 0.164648 -0.238012 0.238091 0.221621 0.94562 0.377323 
1535381940583 0.252193 0.92603 -0.280834 -0.624584 -0.937822 0.305425 0.164939 -0.238092 0.238512 0.221776 0.945477 0.377376 
1535381940598 0.252193 0.92603 -0.280834 -0.624584 -0.937822 0.305425 0.164939 -0.238092 0.238512 0.221776 0.945477 0.377376 
1535381940792 0.252153 0.926043 -0.280827 -0.624482 -0.937889 0.305333 0.164728 -0.237756 0.238291 0.221848 0.945516 0.377465 
1535381940858 0.252153 0.926043 -0.280827 -0.624482 -0.937889 0.305333 0.164728 -0.237756 0.238291 0.221848 0.945516 0.377465 
1535381941005 0.252424 0.925925 -0.280972 -0.624178 -0.937921 0.30552 0.164198 -0.237697 0.237877 0.222082 0.945565 0.377544 
1535381941157 0.252647 0.925755 -0.281332 -0.623909 -0.937844 0.305814 0.164094 -0.237572 0.237945 0.222387 0.945477 0.377641 
1535381941371 0.252707 0.925673 -0.281547 -0.623628 -0.937858 0.30588 0.163887 -0.237377 0.237826 0.222636 0.945448 0.377664 
1535381941494 0.252973 0.925556 -0.281692 -0.623337 -0.937818 0.306131 0.163649 -0.237242 0.237701 0.222778 0.945446 0.377717 
1535381941690 0.253015 0.925495 -0.281854 -0.623051 -0.93783 0.306178 0.163493 -0.237093 0.237609 0.222965 0.945425 0.377821 
1535381941839 0.253214 0.925377 -0.282063 -0.622763 -0.937817 0.306367 0.163214 -0.237007 0.23745 0.223196 0.945411 0.377927 
1535381941989 0.253261 0.925306 -0.282253 -0.622495 -0.937815 0.306436 0.163097 -0.236798 0.237407 0.223395 0.945374 0.378007 
1535381942013 0.253156 0.925305 -0.282353 -0.622379 -0.937826 0.306369 0.163158 -0.236658 0.237475 0.223493 0.945334 0.378047 
1535381942156 0.253156 0.925305 -0.282353 -0.622379 -0.937826 0.306369 0.163158 -0.236658 0.237475 0.223493 0.945334 0.378047 
1535381942214 0.253454 0.925193 -0.282451 -0.622224 -0.93776 0.306657 0.162995 -0.236702 0.237417 0.22356 0.945333 0.378049 
1535381942386 0.2537 0.925118 -0.282477 -0.621915 -0.937665 0.306924 0.163038 -0.236737 0.237528 0.223507 0.945318 0.378138 
1535381942518 0.253512 0.925201 -0.282372 -0.621694 -0.937699 0.306741 0.163188 -0.236518 0.237597 0.22341 0.945323 0.378225 
1535381942627 0.253389 0.925169 -0.282587 -0.621504 -0.937702 0.306691 0.163267 -0.236304 0.237716 0.223613 0.945245 0.378295 
1535381942772 0.253778 0.925059 -0.282601 -0.621191 -0.937586 0.307075 0.163211 -0.236359 0.237759 0.223543 0.945251 0.378379 
1535381942877 0.253818 0.925035 -0.282643 -0.620948 -0.937528 0.307164 0.163373 -0.236215 0.237943 0.223519 0.94521 0.378444 
1535381943006 0.253701 0.925029 -0.282767 -0.620729 -0.93751 0.307122 0.163559 -0.236025 0.238141 0.223602 0.945141 0.378522 
1535381943127 0.253964 0.924903 -0.282944 -0.620481 -0.937424 0.307418 0.163497 -0.235984 0.238201 0.223716 0.945099 0.378601 
1535381943150 0.254126 0.924848 -0.282977 -0.620415 -0.937377 0.307582 0.163458 -0.23603 0.238212 0.223717 0.945095 0.378616 
1535381943216 0.254203 0.92483 -0.282967 -0.620347 -0.937356 0.307654 0.163442 -0.236041 0.238212 0.223694 0.945101 0.378635 
1535381943498 0.253903 0.924827 -0.283246 -0.619993 -0.937414 0.307438 0.163514 -0.23583 0.238302 0.224002 0.945005 0.378769 
1535381943632 0.253767 0.924851 -0.283291 -0.619778 -0.937433 0.307332 0.163602 -0.235635 0.238372 0.22405 0.944977 0.378828 
1535381943747 0.253759 0.92478 -0.28353 -0.619557 -0.937394 0.307406 0.163687 -0.235563 0.238533 0.224242 0.94489 0.378891 
1535381943894 0.25366 0.924796 -0.283564 -0.619321 -0.937406 0.307331 0.16376 -0.235445 0.238592 0.224275 0.944867 0.378966 
1535381944049 0.253874 0.924657 -0.283825 -0.619046 -0.937312 0.307616 0.163765 -0.235482 0.238736 0.224457 0.944788 0.379033 
1535381944165 0.253701 0.92471 -0.283807 -0.618844 -0.93734 0.307465 0.163885 -0.235265 0.238807 0.224446 0.944773 0.379111 
1535381944318 0.253595 0.924688 -0.283974 -0.618617 -0.937325 0.307435 0.16403 -0.235153 0.23898 0.224579 0.944697 0.379166 
1535381944344 0.253595 0.924688 -0.283974 -0.618617 -0.937325 0.307435 0.16403 -0.235153 0.23898 0.224579 0.944697 0.379166 
1535381944361 0.253756 0.924605 -0.284101 -0.618455 -0.937262 0.307629 0.164023 -0.235198 0.239055 0.224655 0.94466 0.379197 
1535381944509 0.253772 0.924593 -0.284124 -0.618395 -0.937254 0.307652 0.164027 -0.235178 0.239069 0.224671 0.944653 0.379213 
1535381944528 0.253772 0.924593 -0.284124 -0.618395 -0.937254 0.307652 0.164027 -0.235178 0.239069 0.224671 0.944653 0.379213 
1535381944593 0.253315 0.924642 -0.284372 -0.618256 -0.937188 0.307438 0.164805 -0.234933 0.239813 0.224763 0.944442 0.379306 
1535381944714 0.253348 0.924564 -0.284597 -0.618004 -0.937068 0.307613 0.165158 -0.234956 0.240245 0.224844 0.944313 0.379334 
1535381944780 0.25315 0.924565 -0.28477 -0.617828 -0.937055 0.307517 0.16541 -0.234827 0.240504 0.224972 0.944217 0.37939 
1535381944923 0.253345 0.924399 -0.285138 -0.617595 -0.93686 0.307902 0.165799 -0.234863 0.241059 0.225131 0.944038 0.379519 
1535381944957 0.253166 0.924448 -0.285138 -0.617403 -0.936846 0.307789 0.166086 -0.234713 0.2413 0.225083 0.943987 0.379588 
1535381945096 0.253067 0.924359 -0.285514 -0.617183 -0.936729 0.307897 0.166548 -0.234696 0.241859 0.225301 0.943792 0.379596 
1535381945170 0.252923 0.924297 -0.285839 -0.616971 -0.936648 0.30793 0.166941 -0.23461 0.242322 0.225507 0.943624 0.379652 
1535381945191 0.252923 0.924297 -0.285839 -0.616971 -0.936648 0.30793 0.166941 -0.23461 0.242322 0.225507 0.943624 0.379652 
1535381945333 0.253121 0.924224 -0.285901 -0.616797 -0.936525 0.308195 0.167143 -0.234671 0.242591 0.225446 0.94357 0.379704 
1535381945368 0.252855 0.924361 -0.285694 -0.616607 -0.936578 0.30792 0.167352 -0.234499 0.242665 0.225259 0.943595 0.379772 
1535381945405 0.252855 0.924361 -0.285694 -0.616607 -0.936578 0.30792 0.167352 -0.234499 0.242665 0.225259 0.943595 0.379772 
1535381945511 0.252735 0.92446 -0.285479 -0.616415 -0.936558 0.307816 0.167658 -0.234334 0.242868 0.224994 0.943606 0.379823 
1535381945574 0.25268 0.924525 -0.285317 -0.616189 -0.936549 0.307756 0.167817 -0.234277 0.242959 0.224809 0.943627 0.379881 
1535381945703 0.252694 0.924518 -0.285329 -0.615947 -0.936484 0.307828 0.168048 -0.234302 0.243196 0.224741 0.943582 0.379916 
1535381945748 0.252545 0.92459 -0.285226 -0.61578 -0.936491 0.307698 0.168246 -0.23413 0.243322 0.224622 0.943578 0.379978 
1535381945878 0.252868 0.924486 -0.285277 -0.615476 -0.93632 0.308093 0.168476 -0.234294 0.243645 0.224508 0.943522 0.380047 
1535381945961 0.252609 0.924604 -0.285126 -0.615254 -0.936335 0.307869 0.168802 -0.234105 0.243857 0.224333 0.943509 0.380136 
1535381945981 0.252609 0.924604 -0.285126 -0.615254 -0.936335 0.307869 0.168802 -0.234105 0.243857 0.224333 0.943509 0.380136 
1535381946133 0.252755 0.924542 -0.285195 -0.615207 -0.936241 0.308071 0.168954 -0.234141 0.244066 0.224307 0.943461 0.380174 
1535381946184 0.252703 0.924625 -0.284973 -0.614908 -0.936275 0.307963 0.168964 -0.233978 0.24399 0.224116 0.943526 0.380211 
1535381946311 0.253016 0.924603 -0.284766 -0.614534 -0.936189 0.308224 0.168963 -0.233971 0.243995 0.223844 0.943589 0.380265 
1535381946454 0.25296 0.924695 -0.284518 -0.614232 -0.936186 0.308142 0.169129 -0.233788 0.244065 0.223579 0.943634 0.380346 
1535381946584 0.253154 0.924704 -0.284317 -0.613937 -0.936104 0.308317 0.169263 -0.233628 0.244178 0.2233 0.943671 0.380437 
1535381946738 0.253416 0.924672 -0.284187 -0.613571 -0.93601 0.308565 0.169332 -0.233659 0.244267 0.22309 0.943697 0.38053 
1535381946869 0.253374 0.924753 -0.283961 -0.613279 -0.936002 0.308502 0.169491 -0.233473 0.24434 0.222843 0.943737 0.380629 
1535381947012 0.253646 0.924701 -0.283887 -0.612963 -0.935877 0.308794 0.169649 -0.233384 0.244537 0.222653 0.943731 0.380721 
1535381947178 0.253946 0.924692 -0.28365 -0.612549 -0.935768 0.309063 0.169763 -0.23337 0.244644 0.222319 0.943781 0.380832 
1535381947198 0.253946 0.924692 -0.28365 -0.612549 -0.935768 0.309063 0.169763 -0.23337 0.244644 0.222319 0.943781 0.380832 
1535381947370 0.253916 0.924725 -0.283567 -0.612469 -0.935775 0.309019 0.169801 -0.233319 0.244647 0.22224 0.943799 0.38086 
1535381947425 0.254117 0.924612 -0.283754 -0.612146 -0.935747 0.309222 0.169586 -0.233015 0.244545 0.222428 0.943782 0.380968 
1535381947607 0.254551 0.924419 -0.283994 -0.611845 -0.935603 0.309704 0.169501 -0.233056 0.244644 0.222559 0.943725 0.381023 
1535381947783 0.254916 0.924292 -0.284082 -0.611526 -0.935529 0.310045 0.169287 -0.2329 0.244548 0.222613 0.943737 0.381115 
1535381947942 0.254924 0.924264 -0.284166 -0.611252 -0.935536 0.31006 0.169218 -0.232645 0.24451 0.22271 0.943724 0.381202 
1535381948117 0.255276 0.924141 -0.284249 -0.610915 -0.935458 0.310395 0.169037 -0.23252 0.244443 0.222752 0.943732 0.381324 
1535381948290 0.255493 0.924015 -0.284463 -0.610635 -0.935428 0.310614 0.168801 -0.232326 0.244333 0.222967 0.943709 0.381399 
1535381948445 0.25587 0.923881 -0.284559 -0.610263 -0.935341 0.310977 0.168614 -0.232279 0.244271 0.223016 0.943714 0.381479 
1535381948632 0.255926 0.923815 -0.284723 -0.609909 -0.935296 0.311088 0.16866 -0.231899 0.244385 0.223136 0.943656 0.38161 
1535381948645 0.255926 0.923815 -0.284723 -0.609909 -0.935296 0.311088 0.16866 -0.231899 0.244385 0.223136 0.943656 0.38161 
1535381948842 0.255945 0.923807 -0.284733 -0.609843 -0.935287 0.311111 0.168666 -0.231856 0.244398 0.223138 0.943652 0.381634 
1535381948997 0.256102 0.92378 -0.28468 -0.609631 -0.935243 0.311252 0.168649 -0.231689 0.244402 0.223053 0.943671 0.381704 
1535381949161 0.256926 0.923553 -0.284672 -0.609239 -0.934995 0.312058 0.168536 -0.231779 0.244486 0.222865 0.943694 0.381792 
1535381949349 0.257303 0.923432 -0.284725 -0.608617 -0.934925 0.312397 0.168298 -0.231465 0.244359 0.222893 0.94372 0.381974 
1535381949513 0.257303 0.923432 -0.284725 -0.608617 -0.934925 0.312397 0.168298 -0.231465 0.244359 0.222893 0.94372 0.381974 
1535381949656 0.257512 0.923412 -0.2846 -0.608289 -0.93489 0.312554 0.168201 -0.231298 0.244272 0.222756 0.943775 0.382095 
1535381949836 0.257677 0.923349 -0.284658 -0.607994 -0.93484 0.312725 0.16816 -0.231118 0.24429 0.222778 0.943765 0.382168 
1535381949999 0.257923 0.92327 -0.28469 -0.60768 -0.93479 0.31295 0.16802 -0.230986 0.244222 0.222789 0.94378 0.382232 
1535381950039 0.258148 0.923242 -0.284578 -0.607359 -0.934769 0.313106 0.167841 -0.230809 0.244061 0.222687 0.943846 0.382325 
1535381950062 0.258232 0.923226 -0.284553 -0.607247 -0.934752 0.313176 0.167807 -0.230777 0.244039 0.222653 0.943859 0.382358 
1535381950271 0.258183 0.923382 -0.28409 -0.607059 -0.934765 0.313046 0.167976 -0.230577 0.24404 0.222189 0.943969 0.38242 
1535381950455 0.258566 0.923558 -0.283167 -0.606591 -0.934784 0.313131 0.167713 -0.230416 0.243561 0.221335 0.944293 0.382477 
1535381950640 0.258721 0.923611 -0.282855 -0.60635 -0.934788 0.313179 0.167599 -0.230404 0.24338 0.221048 0.944407 0.382522 
1535381950800 0.258667 0.923809 -0.282256 -0.606051 -0.934847 0.312979 0.167645 -0.230131 0.243212 0.220502 0.944577 0.382517 
1535381950971 0.258726 0.92392 -0.281837 -0.605731 -0.934887 0.312908 0.167553 -0.230051 0.242995 0.220135 0.944719 0.382547 
1535381951133 0.258982 0.923993 -0.281363 -0.605399 -0.934877 0.313012 0.167416 -0.229928 0.242761 0.219682 0.944885 0.382541 
1535381951326 0.258926 0.924147 -0.280909 -0.60514 -0.934927 0.312845 0.167448 -0.22967 0.242628 0.219273 0.945014 0.382599 
1535381951488 0.25906 0.924308 -0.280256 -0.604806 -0.934962 0.31279 0.167358 -0.229537 0.242352 0.218673 0.945224 0.382672 
1535381951511 0.25906 0.924308 -0.280256 -0.604806 -0.934962 0.31279 0.167358 -0.229537 0.242352 0.218673 0.945224 0.382672 
1535381951530 0.259068 0.924406 -0.279923 -0.604656 -0.934965 0.312732 0.167446 -0.229361 0.242329 0.218338 0.945307 0.382752 
1535381951709 0.259086 0.924427 -0.279837 -0.604613 -0.934959 0.312735 0.167478 -0.229329 0.242336 0.218245 0.945327 0.38277 
1535381951859 0.259309 0.924423 -0.279645 -0.604483 -0.934863 0.312944 0.167621 -0.229533 0.242466 0.217965 0.945358 0.382775 
1535381952003 0.258894 0.924695 -0.279128 -0.604309 -0.93496 0.31247 0.167967 -0.229234 0.242537 0.217488 0.94545 0.382799 
1535381952150 0.258993 0.924752 -0.278848 -0.604129 -0.934918 0.312526 0.168093 -0.229186 0.242591 0.217165 0.94551 0.38278 
1535381952298 0.258797 0.9249 -0.27854 -0.603986 -0.934937 0.312315 0.168381 -0.229038 0.242728 0.216841 0.945549 0.382788 
1535381952442 0.258905 0.924991 -0.278137 -0.603735 -0.934905 0.312346 0.168498 -0.229016 0.242734 0.216407 0.945647 0.382793 
1535381952579 0.258832 0.92513 -0.277742 -0.603557 -0.934911 0.312218 0.168707 -0.228906 0.242792 0.215997 0.945726 0.382812 
1535381952712 0.258968 0.925195 -0.2774 -0.603351 -0.93485 0.312305 0.16888 -0.228882 0.24288 0.215593 0.945795 0.382835 
1535381952737 0.258728 0.925395 -0.276955 -0.603156 -0.934906 0.312005 0.169129 -0.228694 0.242923 0.215169 0.945881 0.382854 
1535381952749 0.258728 0.925395 -0.276955 -0.603156 -0.934906 0.312005 0.169129 -0.228694 0.242923 0.215169 0.945881 0.382854 
1535381952765 0.258765 0.925414 -0.276855 -0.603104 -0.934894 0.312023 0.169161 -0.22869 0.242929 0.215057 0.945905 0.382859 
1535381952928 0.258891 0.925414 -0.276738 -0.603028 -0.934854 0.312126 0.169187 -0.228715 0.242946 0.214909 0.945934 0.382866 
1535381952966 0.25925 0.925359 -0.276586 -0.603113 -0.934728 0.312466 0.169261 -0.228617 0.243051 0.214651 0.945966 0.382827 
1535381953089 0.259399 0.925377 -0.276385 -0.60308 -0.934705 0.312555 0.169221 -0.228613 0.242979 0.214443 0.946031 0.382849 
1535381953126 0.259469 0.925465 -0.276025 -0.60292 -0.934736 0.312512 0.169128 -0.228589 0.242783 0.214127 0.946153 0.382876 
1535381953251 0.259655 0.925528 -0.275638 -0.602785 -0.934683 0.312621 0.169222 -0.228521 0.24279 0.213695 0.946249 0.382895 
1535381953292 0.259882 0.925619 -0.27512 -0.602672 -0.93464 0.312725 0.169264 -0.228467 0.242711 0.21315 0.946392 0.382868 
1535381953411 0.259817 0.925687 -0.274953 -0.602616 -0.934662 0.312629 0.169321 -0.228347 0.242696 0.212996 0.946431 0.382878 
1535381953445 0.259817 0.925687 -0.274953 -0.602616 -0.934662 0.312629 0.169321 -0.228347 0.242696 0.212996 0.946431 0.382878 
1535381953627 0.260227 0.925764 -0.274304 -0.602394 -0.934572 0.312882 0.169351 -0.228262 0.242604 0.212287 0.946614 0.382935 
1535381953686 0.259907 0.925826 -0.274397 -0.602641 -0.934677 0.312579 0.169334 -0.228247 0.242545 0.212461 0.94659 0.38285 
1535381953816 0.259968 0.925852 -0.274253 -0.602605 -0.934696 0.312579 0.169228 -0.228294 0.242406 0.212349 0.94665 0.382837 
1535381953863 0.26026 0.925999 -0.273478 -0.60256 -0.934744 0.312604 0.168915 -0.228298 0.241905 0.211671 0.94693 0.382763 
1535381954012 0.260366 0.926044 -0.273224 -0.602634 -0.934788 0.312595 0.168689 -0.228242 0.241622 0.211485 0.947044 0.382669 
1535381954061 0.260721 0.926167 -0.272469 -0.602587 -0.934804 0.312697 0.16841 -0.228257 0.241176 0.210797 0.947311 0.38263 
1535381954168 0.260853 0.926253 -0.272049 -0.602591 -0.934783 0.312733 0.168461 -0.228173 0.241117 0.210363 0.947423 0.382644 
1535381954227 0.260972 0.926388 -0.271474 -0.602562 -0.934832 0.312671 0.168302 -0.228134 0.240795 0.209861 0.947616 0.382663 
1535381954358 0.261158 0.926527 -0.270822 -0.602559 -0.934858 0.312663 0.168172 -0.228048 0.240492 0.209261 0.947826 0.382534 
1535381954391 0.261158 0.926527 -0.270822 -0.602559 -0.934858 0.312663 0.168172 -0.228048 0.240492 0.209261 0.947826 0.382534 
1535381954409 0.261283 0.926681 -0.270173 -0.602568 -0.934931 0.312571 0.167937 -0.227976 0.240072 0.208714 0.948053 0.382487 
1535381955395 0.255138 0.926366 -0.277038 -0.588345 -0.936184 0.308325 0.168808 -0.221542 0.241795 0.216289 0.945914 0.392316 
1535381956365 0.250091 0.925735 -0.283671 -0.573898 -0.937142 0.305078 0.16939 -0.215243 0.243352 0.223478 0.943842 0.402522 
1535381957353 0.244647 0.925119 -0.290348 -0.559473 -0.938277 0.301389 0.169706 -0.208851 0.244507 0.230909 0.941752 0.412542 
1535381958277 0.239512 0.924345 -0.29702 -0.545059 -0.939269 0.298045 0.170124 -0.202577 0.245778 0.238235 0.939594 0.422673 
1535381959186 0.234326 0.92354 -0.303586 -0.530605 -0.940248 0.294654 0.170625 -0.196283 0.247032 0.245464 0.937402 0.432845 
1535381960143 0.229023 0.922719 -0.310062 -0.516192 -0.941238 0.291145 0.17119 -0.189929 0.248233 0.252636 0.935177 0.443028 
1535381960161 0.229407 0.922565 -0.310237 -0.51609 -0.941143 0.291542 0.171034 -0.190064 0.248237 0.252741 0.935147 0.443163 
1535381961362 0.218811 0.920631 -0.323357 -0.487313 -0.943059 0.284609 0.172157 -0.177434 0.250523 0.267274 0.930485 0.46333 
1535381962865 0.213497 0.919593 -0.329799 -0.472856 -0.944019 0.281093 0.172669 -0.171132 0.251489 0.274472 0.928126 0.473496 
1535381963436 0.213968 0.91953 -0.32967 -0.472643 -0.943892 0.281534 0.172647 -0.171196 0.251567 0.274232 0.928176 0.473793 
1535381963926 0.213389 0.919523 -0.330064 -0.472887 -0.943651 0.281469 0.174064 -0.170926 0.252958 0.274322 0.927771 0.473507 
1535381964396 0.213512 0.919445 -0.330203 -0.472878 -0.943307 0.281953 0.175144 -0.170835 0.254137 0.274087 0.927519 0.473573 
1535381964880 0.213487 0.919362 -0.33045 -0.472905 -0.942986 0.282328 0.176261 -0.170689 0.255343 0.27398 0.927219 0.47357 
1535381965386 0.213603 0.919256 -0.330669 -0.472904 -0.942595 0.282869 0.177482 -0.170588 0.256687 0.273777 0.926908 0.473619 
1535381965892 0.213619 0.919201 -0.330811 -0.472918 -0.942261 0.283263 0.178625 -0.170441 0.257899 0.273553 0.926637 0.473658 
1535381966348 0.213611 0.91911 -0.33107 -0.472946 -0.941914 0.283675 0.179797 -0.170296 0.259169 0.273433 0.926318 0.473673 
1535381966825 0.213768 0.919035 -0.331177 -0.47293 -0.941555 0.284183 0.180869 -0.170215 0.26034 0.273158 0.926071 0.473741 
1535381967285 0.213667 0.918993 -0.331358 -0.472939 -0.941207 0.284512 0.182158 -0.170014 0.261678 0.272956 0.925754 0.473804 
1535381967312 0.213667 0.918993 -0.331358 -0.472939 -0.941207 0.284512 0.182158 -0.170014 0.261678 0.272956 0.925754 0.473804 
1535381967568 0.213843 0.918846 -0.331651 -0.472927 -0.940813 0.285104 0.183267 -0.169961 0.262949 0.272831 0.92543 0.47379 
1535381967796 0.213573 0.919037 -0.331296 -0.472942 -0.941224 0.284417 0.182223 -0.169957 0.261696 0.272905 0.925764 0.473802 
1535381968038 0.21373 0.919017 -0.33125 -0.472914 -0.941063 0.284686 0.182634 -0.169954 0.262146 0.272693 0.925699 0.473863 
1535381968279 0.213749 0.918947 -0.331431 -0.472922 -0.940999 0.284801 0.182781 -0.169968 0.262358 0.272807 0.925605 0.473844 
1535381968519 0.213818 0.918907 -0.331499 -0.472914 -0.940953 0.284911 0.182848 -0.169998 0.262467 0.272829 0.925568 0.47385 
1535381968755 0.213824 0.918899 -0.331519 -0.472919 -0.94088 0.284995 0.183094 -0.16996 0.262726 0.272769 0.925512 0.473823 
1535381968998 0.213829 0.918907 -0.331493 -0.472916 -0.940793 0.285083 0.1834 -0.16992 0.26303 0.27265 0.92546 0.473887 
1535381969252 0.213816 0.918869 -0.331605 -0.47293 -0.940712 0.285181 0.183667 -0.169883 0.263333 0.272674 0.925367 0.473861 
1535381969484 0.213767 0.918833 -0.331736 -0.47295 -0.940657 0.28523 0.183872 -0.169848 0.263568 0.272744 0.92528 0.473818 
1535381969508 0.213757 0.918819 -0.331783 -0.472958 -0.940554 0.285338 0.184228 -0.169797 0.263943 0.27268 0.925192 0.473825 
1535381969639 0.213755 0.918817 -0.33179 -0.472959 -0.940552 0.28534 0.184238 -0.169796 0.263954 0.272684 0.925187 0.473822 
1535381969656 0.213742 0.918808 -0.331821 -0.472962 -0.940569 0.28532 0.18418 -0.169803 0.263901 0.272734 0.925188 0.473812 
1535381969680 0.213741 0.918806 -0.331828 -0.472963 -0.940581 0.285308 0.184139 -0.169809 0.263862 0.272753 0.925193 0.473801 
1535381969808 0.213736 0.918802 -0.331843 -0.472965 -0.940594 0.285294 0.184092 -0.169814 0.263817 0.272782 0.925197 0.473787 
1535381969829 0.213723 0.91879 -0.331886 -0.47297 -0.940607 0.28528 0.184047 -0.16982 0.263781 0.272839 0.925191 0.473766 
1535381969888 0.213721 0.918787 -0.331893 -0.472971 -0.940607 0.28528 0.184049 -0.16982 0.263785 0.272846 0.925188 0.473765 
1535381969981 0.213721 0.918788 -0.331892 -0.47297 -0.940606 0.285281 0.184053 -0.169819 0.263788 0.272844 0.925188 0.473766 
1535381970021 0.213725 0.918792 -0.331878 -0.472968 -0.940589 0.285298 0.184112 -0.169812 0.263845 0.272811 0.925181 0.473784 
1535381970060 0.213726 0.918793 -0.331875 -0.472968 -0.940585 0.285303 0.184126 -0.169811 0.263858 0.272804 0.925179 0.473788 
1535381970087 0.213726 0.918793 -0.331875 -0.472968 -0.940585 0.285303 0.184126 -0.169811 0.263858 0.272804 0.925179 0.473788 
1535381970301 0.213727 0.918794 -0.331871 -0.472967 -0.940581 0.285308 0.18414 -0.169809 0.263872 0.272796 0.925178 0.473793 
1535381970500 0.213729 0.918793 -0.331871 -0.472967 -0.940579 0.285311 0.184146 -0.169809 0.263879 0.272794 0.925177 0.473794 
1535381970715 0.213728 0.918794 -0.331871 -0.472967 -0.940579 0.28531 0.184147 -0.169809 0.263879 0.272794 0.925176 0.473794 
1535381970912 0.213728 0.918794 -0.331871 -0.472967 -0.940578 0.28531 0.184147 -0.169809 0.263879 0.272793 0.925176 0.473794 
1535381971119 0.213729 0.918794 -0.331871 -0.472966 -0.940578 0.285311 0.184147 -0.169809 0.26388 0.272793 0.925176 0.473794 
1535381971344 0.213729 0.918794 -0.331871 -0.472966 -0.940578 0.285311 0.184148 -0.169809 0.263881 0.272792 0.925176 0.473795 
1535381971538 0.213729 0.918794 -0.331871 -0.472966 -0.940578 0.285312 0.184149 -0.169809 0.263881 0.272792 0.925176 0.473795 
1535381971731 0.21373 0.918794 -0.33187 -0.472965 -0.940577 0.285312 0.184149 -0.169809 0.263882 0.272791 0.925176 0.473795 
1535381971930 0.213731 0.918794 -0.33187 -0.472965 -0.940577 0.285313 0.184151 -0.16981 0.263884 0.27279 0.925176 0.473796 
1535381971972 0.213731 0.918794 -0.33187 -0.472965 -0.940577 0.285313 0.184151 -0.16981 0.263884 0.27279 0.925176 0.473796 
1535381972260 0.213731 0.918794 -0.331869 -0.472964 -0.940576 0.285315 0.184153 -0.16981 0.263886 0.272789 0.925176 0.473797 
1535381972511 0.213732 0.918793 -0.33187 -0.472965 -0.940576 0.285315 0.184152 -0.16981 0.263886 0.27279 0.925176 0.473796 
1535381972775 0.213732 0.918793 -0.33187 -0.472965 -0.940576 0.285315 0.184152 -0.16981 0.263886 0.27279 0.925176 0.473796 
1535381973035 0.213732 0.918793 -0.33187 -0.472964 -0.940576 0.285315 0.184153 -0.16981 0.263886 0.27279 0.925176 0.473796 
1535381973286 0.213732 0.918793 -0.33187 -0.472964 -0.940576 0.285315 0.184153 -0.16981 0.263886 0.272789 0.925176 0.473797 
1535381973567 0.213732 0.918793 -0.33187 -0.472964 -0.940576 0.285316 0.184154 -0.16981 0.263887 0.272789 0.925176 0.473797 
1535381973817 0.213732 0.918793 -0.33187 -0.472964 -0.940575 0.285316 0.184154 -0.16981 0.263887 0.272789 0.925176 0.473797 
1535381974089 0.213733 0.918793 -0.331869 -0.472964 -0.940575 0.285317 0.184154 -0.169811 0.263888 0.272788 0.925176 0.473797 
1535381974342 0.213734 0.918793 -0.331869 -0.472963 -0.940575 0.285317 0.184155 -0.169811 0.263888 0.272787 0.925176 0.473798 
1535381974377 0.213734 0.918793 -0.331869 -0.472963 -0.940574 0.285318 0.184156 -0.169811 0.26389 0.272787 0.925175 0.473798 
1535381974636 0.213734 0.918793 -0.331869 -0.472963 -0.940574 0.285318 0.184156 -0.169811 0.26389 0.272787 0.925175 0.473798 
1535381974892 0.213735 0.918793 -0.331869 -0.472963 -0.940574 0.285319 0.184156 -0.169811 0.26389 0.272787 0.925175 0.473798 
1535381975153 0.213735 0.918793 -0.331869 -0.472963 -0.940574 0.285319 0.184156 -0.169811 0.26389 0.272787 0.925175 0.473798 
1535381975430 0.213735 0.918793 -0.331869 -0.472963 -0.940574 0.285319 0.184156 -0.169811 0.26389 0.272787 0.925175 0.473798 
1535381975692 0.213735 0.918793 -0.331869 -0.472963 -0.940574 0.285319 0.184156 -0.169811 0.26389 0.272787 0.925175 0.473798 
1535381975948 0.213735 0.918793 -0.331869 -0.472963 -0.940574 0.285319 0.184157 -0.169812 0.26389 0.272787 0.925175 0.473798 
1535381976217 0.213735 0.918793 -0.331869 -0.472963 -0.940574 0.28532 0.184157 -0.169812 0.263891 0.272787 0.925175 0.473798 
1535381976453 0.213735 0.918793 -0.331869 -0.472962 -0.940574 0.28532 0.184157 -0.169812 0.263891 0.272786 0.925175 0.473798 
1535381976743 0.213736 0.918793 -0.331869 -0.472962 -0.940573 0.28532 0.184157 -0.169812 0.263891 0.272786 0.925175 0.473799 
1535381976772 0.213736 0.918793 -0.331869 -0.472962 -0.940573 0.28532 0.184157 -0.169812 0.263891 0.272786 0.925175 0.473799 
1535381977029 0.213737 0.918793 -0.331869 -0.472962 -0.940573 0.285321 0.184158 -0.169813 0.263892 0.272785 0.925175 0.473799 
1535381977292 0.213738 0.918792 -0.331869 -0.472962 -0.940573 0.285322 0.184157 -0.169813 0.263892 0.272786 0.925175 0.473799 
1535381977539 0.213737 0.918792 -0.331869 -0.472962 -0.940573 0.285322 0.184158 -0.169813 0.263892 0.272786 0.925175 0.473799 
1535381977795 0.213737 0.918792 -0.331869 -0.472962 -0.940573 0.285322 0.184157 -0.169813 0.263892 0.272786 0.925175 0.473799 
1535381978043 0.213737 0.918792 -0.331869 -0.472962 -0.940573 0.285322 0.184157 -0.169813 0.263892 0.272786 0.925175 0.473799 
1535381978294 0.213738 0.918792 -0.331869 -0.472962 -0.940573 0.285322 0.184158 -0.169813 0.263892 0.272786 0.925175 0.473799 
1535381978543 0.213737 0.918792 -0.331869 -0.472962 -0.940573 0.285322 0.184158 -0.169813 0.263893 0.272785 0.925175 0.473799 
1535381978772 0.213738 0.918792 -0.331869 -0.472962 -0.940573 0.285323 0.184158 -0.169813 0.263893 0.272785 0.925175 0.473799 
1535381979015 0.213738 0.918792 -0.331869 -0.472961 -0.940572 0.285323 0.184158 -0.169813 0.263893 0.272785 0.925175 0.473799 
1535381979051 0.213739 0.918792 -0.331869 -0.472961 -0.940572 0.285323 0.184158 -0.169814 0.263893 0.272785 0.925175 0.473799 
1535381979329 0.213738 0.918792 -0.331869 -0.472961 -0.940572 0.285323 0.184158 -0.169814 0.263893 0.272785 0.925175 0.473799 
1535381979556 0.21374 0.918792 -0.331869 -0.472961 -0.940572 0.285325 0.184158 -0.169814 0.263893 0.272785 0.925175 0.473799 
1535381979781 0.213739 0.918792 -0.33187 -0.472961 -0.940572 0.285325 0.184158 -0.169814 0.263893 0.272785 0.925175 0.473799 
1535381980015 0.21374 0.918792 -0.331869 -0.472961 -0.940572 0.285325 0.184158 -0.169814 0.263893 0.272785 0.925175 0.473799 
1535381980244 0.213739 0.918792 -0.33187 -0.472961 -0.940572 0.285325 0.184158 -0.169814 0.263893 0.272785 0.925175 0.473799 
1535381980480 0.21374 0.918792 -0.331869 -0.472961 -0.940572 0.285325 0.184158 -0.169814 0.263894 0.272785 0.925175 0.473799 
1535381980694 0.21374 0.918792 -0.331869 -0.472961 -0.940572 0.285325 0.184158 -0.169814 0.263893 0.272785 0.925175 0.473799 
1535381980934 0.21374 0.918792 -0.331869 -0.472961 -0.940572 0.285325 0.184158 -0.169814 0.263894 0.272785 0.925175 0.473799 
1535381981186 0.21374 0.918792 -0.331869 -0.472961 -0.940572 0.285325 0.184158 -0.169814 0.263894 0.272784 0.925175 0.473799 
1535381981216 0.21374 0.918792 -0.331869 -0.472961 -0.940572 0.285325 0.184158 -0.169814 0.263894 0.272784 0.925175 0.473799 
1535381981444 0.213741 0.918792 -0.331869 -0.47296 -0.940572 0.285326 0.184159 -0.169815 0.263894 0.272784 0.925175 0.4738 
1535381981645 0.213742 0.918791 -0.33187 -0.472961 -0.940571 0.285327 0.184158 -0.169815 0.263894 0.272785 0.925175 0.473799 
1535381981845 0.213742 0.918791 -0.33187 -0.472961 -0.940571 0.285327 0.184158 -0.169815 0.263894 0.272785 0.925175 0.473799 
1535381982032 0.213742 0.918791 -0.331869 -0.472961 -0.940571 0.285327 0.184158 -0.169815 0.263894 0.272785 0.925175 0.473799 
1535381982216 0.213742 0.918791 -0.331869 -0.47296 -0.940571 0.285327 0.184158 -0.169815 0.263894 0.272785 0.925175 0.473799 
1535381982472 0.213742 0.918791 -0.331869 -0.47296 -0.940571 0.285327 0.184158 -0.169815 0.263894 0.272784 0.925175 0.4738 
1535381982684 0.213741 0.918791 -0.331869 -0.47296 -0.940571 0.285327 0.184158 -0.169815 0.263894 0.272784 0.925175 0.4738 
