1535112901802 0.166422 0.898624 -0.40593 -0.529007 -0.952116 0.253521 0.170885 -0.241953 0.256473 0.358053 0.897786 0.433515 
1535112907481 0.166422 0.898624 -0.405928 -0.529006 -0.952116 0.253521 0.170885 -0.241953 0.256473 0.358052 0.897786 0.433516 
1535112908180 0.166421 0.898624 -0.405928 -0.529006 -0.952116 0.253521 0.170885 -0.241953 0.256473 0.358052 0.897786 0.433516 
1535112908835 0.175387 0.902131 -0.394206 -0.539885 -0.950687 0.259232 0.170274 -0.243115 0.2558 0.344903 0.90311 0.427854 
1535112909992 0.200697 0.91237 -0.356794 -0.573526 -0.946563 0.274459 0.169384 -0.246141 0.252466 0.303733 0.918699 0.409982 
1535112910967 0.217531 0.917998 -0.331602 -0.595879 -0.943594 0.284675 0.169088 -0.248178 0.249622 0.276116 0.928143 0.398011 
1535112912029 0.217531 0.917998 -0.331602 -0.595879 -0.943594 0.284675 0.169088 -0.248178 0.249622 0.276116 0.928143 0.398011 
