1535140123236 0.660013 0.712561 -0.237989 -0.509265 -0.727724 0.685077 0.0329918 -0.147585 0.18655 0.151415 0.970707 0.322545 
1535140128210 0.660014 0.712561 -0.237987 -0.509265 -0.727723 0.685077 0.0329946 -0.147586 0.18655 0.151412 0.970708 0.322546 
1535140129611 0.587682 0.769476 -0.250073 -0.534087 -0.784456 0.617579 0.0567905 -0.16661 0.198139 0.162796 0.96656 0.332211 
1535140130611 0.549162 0.795679 -0.255569 -0.546738 -0.810475 0.581652 0.0693626 -0.176079 0.203843 0.169041 0.964299 0.33719 
1535140132042 0.469056 0.842674 -0.264361 -0.571854 -0.856924 0.506679 0.0946426 -0.195289 0.213699 0.182145 0.959769 0.347077 
1535140133069 0.427206 0.863533 -0.267966 -0.584551 -0.877398 0.467505 0.107761 -0.204725 0.218331 0.189077 0.957383 0.352207 
1535140134089 0.384569 0.882513 -0.270699 -0.597141 -0.895879 0.427507 0.120994 -0.214265 0.222505 0.195983 0.95503 0.357246 
1535140135135 0.341121 0.899494 -0.273032 -0.609758 -0.912388 0.386725 0.134133 -0.223838 0.22624 0.203356 0.952608 0.362268 
1535140136149 0.296847 0.914501 -0.2749 -0.620772 -0.926871 0.345195 0.14748 -0.232544 0.229765 0.211018 0.950095 0.367576 
1535140136176 0.296568 0.914612 -0.274831 -0.620902 -0.926914 0.344959 0.147764 -0.232511 0.229952 0.210922 0.95007 0.367697 
1535140136477 0.293456 0.915068 -0.276647 -0.621448 -0.927835 0.342325 0.148103 -0.233161 0.230228 0.213221 0.94949 0.367846 
1535140136692 0.291782 0.915115 -0.27826 -0.621834 -0.92826 0.341075 0.148329 -0.233793 0.230645 0.215018 0.948984 0.367936 
1535140136899 0.28977 0.915404 -0.279409 -0.62223 -0.928812 0.339404 0.148706 -0.234172 0.230959 0.216428 0.948587 0.368113 
1535140137103 0.287836 0.915628 -0.280669 -0.622644 -0.929323 0.337838 0.149079 -0.234609 0.231322 0.217922 0.948156 0.368254 
1535140137409 0.28412 0.916045 -0.283086 -0.623398 -0.930325 0.334803 0.149675 -0.23559 0.231887 0.220837 0.947343 0.368483 
1535140137711 0.280396 0.916378 -0.28571 -0.624252 -0.931264 0.331847 0.150414 -0.236505 0.232648 0.223896 0.946438 0.368783 
1535140137738 0.280135 0.916376 -0.285971 -0.624322 -0.931322 0.33166 0.150467 -0.236607 0.232729 0.22418 0.946351 0.368813 
1535140138018 0.277971 0.916934 -0.286294 -0.624834 -0.931948 0.329663 0.150981 -0.236993 0.23282 0.224843 0.946172 0.368996 
1535140138288 0.275408 0.917633 -0.28653 -0.625552 -0.932645 0.32731 0.151792 -0.237563 0.233074 0.225426 0.94597 0.369357 
1535140138562 0.272446 0.918392 -0.286932 -0.626362 -0.933425 0.32463 0.152753 -0.238015 0.233434 0.226213 0.945693 0.369753 
1535140138833 0.269885 0.919081 -0.287144 -0.627014 -0.934113 0.322269 0.153541 -0.238661 0.233655 0.226786 0.945502 0.370161 
1535140139111 0.267082 0.919787 -0.287504 -0.627815 -0.934802 0.319762 0.154589 -0.239191 0.234122 0.227472 0.945221 0.370639 
1535140139386 0.264441 0.920422 -0.287915 -0.628556 -0.935479 0.317378 0.155402 -0.239814 0.234413 0.228244 0.944963 0.371018 
1535140139674 0.261474 0.921159 -0.288266 -0.629303 -0.936253 0.31466 0.156264 -0.24028 0.23465 0.229031 0.944714 0.371385 
1535140139954 0.258767 0.921836 -0.288545 -0.630064 -0.936926 0.312199 0.157169 -0.240845 0.234967 0.229675 0.944479 0.371801 
1535140140236 0.256056 0.922443 -0.289025 -0.630792 -0.937605 0.309754 0.15795 -0.241454 0.235227 0.230547 0.944202 0.372104 
1535140140263 0.255873 0.922475 -0.289083 -0.63089 -0.937638 0.309607 0.158046 -0.241524 0.235296 0.230616 0.944168 0.372143 
1535140140414 0.255358 0.92263 -0.289045 -0.631021 -0.937756 0.309131 0.158279 -0.241497 0.235385 0.230636 0.94414 0.372245 
1535140140596 0.254284 0.923163 -0.288289 -0.631233 -0.938217 0.307809 0.15812 -0.2417 0.234709 0.23027 0.944398 0.372291 
1535140140774 0.253338 0.923559 -0.28785 -0.631488 -0.938562 0.306743 0.158144 -0.241999 0.234351 0.230101 0.944528 0.372433 
1535140140964 0.252091 0.924049 -0.287373 -0.631833 -0.938978 0.305392 0.158292 -0.242087 0.234031 0.229933 0.944648 0.372629 
1535140141149 0.251062 0.924445 -0.287001 -0.63211 -0.939339 0.304261 0.158326 -0.242319 0.233686 0.229841 0.944756 0.372714 
1535140141330 0.250072 0.924888 -0.286438 -0.632373 -0.939698 0.303125 0.158374 -0.242577 0.233305 0.229561 0.944918 0.372879 
1535140141504 0.248915 0.925322 -0.286042 -0.632675 -0.940081 0.301878 0.158486 -0.242742 0.233 0.229453 0.94502 0.373053 
1535140141689 0.247812 0.925766 -0.285563 -0.63298 -0.940449 0.300666 0.158604 -0.242926 0.232689 0.229253 0.945145 0.373187 
1535140141860 0.24656 0.926246 -0.28509 -0.633269 -0.940862 0.299306 0.158727 -0.243052 0.232349 0.229094 0.945267 0.373263 
1535140141887 0.246414 0.926301 -0.28504 -0.633325 -0.940908 0.29915 0.158751 -0.243125 0.23232 0.229078 0.945278 0.373285 
1535140141904 0.246402 0.926321 -0.284984 -0.633361 -0.940912 0.299128 0.158765 -0.243171 0.232314 0.229025 0.945292 0.373305 
1535140142068 0.245786 0.9266 -0.284607 -0.633458 -0.941095 0.298453 0.15895 -0.243136 0.232225 0.228775 0.945375 0.373345 
1535140142199 0.245467 0.926829 -0.284138 -0.633591 -0.941215 0.298031 0.159031 -0.243349 0.232077 0.228398 0.945502 0.373343 
1535140142319 0.245116 0.927007 -0.28386 -0.633713 -0.941346 0.29761 0.159048 -0.243611 0.231918 0.228225 0.945583 0.373342 
1535140142438 0.244597 0.927307 -0.283328 -0.633861 -0.941553 0.296952 0.159055 -0.243741 0.231628 0.227864 0.945741 0.373357 
1535140142553 0.244002 0.927561 -0.283009 -0.634015 -0.941724 0.296311 0.159234 -0.243833 0.231558 0.227663 0.945807 0.37339 
1535140142676 0.243414 0.927859 -0.282538 -0.634153 -0.941922 0.295623 0.159339 -0.24393 0.231369 0.227343 0.94593 0.373421 
1535140142803 0.243166 0.92806 -0.282092 -0.634281 -0.942038 0.295259 0.159332 -0.244208 0.231159 0.226997 0.946064 0.373447 
1535140142937 0.242407 0.928362 -0.281749 -0.634449 -0.942276 0.294433 0.159456 -0.244231 0.230989 0.226832 0.946146 0.373472 
1535140142961 0.242306 0.928418 -0.281651 -0.634469 -0.942321 0.294301 0.159432 -0.244325 0.23091 0.226775 0.946179 0.373478 
1535140142977 0.24228 0.928441 -0.281598 -0.634485 -0.942337 0.294258 0.159418 -0.244392 0.230872 0.226736 0.946197 0.37348 
1535140142998 0.242308 0.928455 -0.281527 -0.634502 -0.942338 0.294264 0.159401 -0.244476 0.23084 0.22667 0.946221 0.373483 
1535140143015 0.242343 0.928461 -0.281478 -0.634513 -0.942333 0.294285 0.159389 -0.244523 0.230821 0.226619 0.946237 0.373487 
1535140143075 0.242236 0.928529 -0.281347 -0.634504 -0.942359 0.294162 0.159461 -0.244436 0.230826 0.226503 0.946264 0.3735 
1535140143111 0.242452 0.928497 -0.281266 -0.634493 -0.942225 0.294431 0.159758 -0.244358 0.231149 0.226282 0.946238 0.373501 
1535140143163 0.242993 0.928457 -0.280932 -0.634493 -0.941925 0.295047 0.160386 -0.244396 0.2318 0.225644 0.946231 0.373489 
1535140143214 0.243562 0.928425 -0.280542 -0.634514 -0.941648 0.295651 0.160902 -0.244569 0.232328 0.224982 0.946259 0.373518 
1535140143250 0.243797 0.928417 -0.280368 -0.634539 -0.94153 0.2959 0.161135 -0.24465 0.232561 0.22469 0.946271 0.37355 
1535140143274 0.243882 0.92843 -0.280249 -0.634551 -0.941481 0.295988 0.161261 -0.244669 0.23267 0.22452 0.946285 0.373573 
1535140143295 0.243911 0.928461 -0.28012 -0.634559 -0.941451 0.296014 0.161387 -0.24468 0.23276 0.224355 0.946302 0.373589 
1535140143464 0.244309 0.928463 -0.279767 -0.634431 -0.941279 0.2964 0.161682 -0.244494 0.233039 0.223839 0.946356 0.373624 
1535140143531 0.244662 0.928327 -0.279911 -0.634281 -0.941278 0.296675 0.161182 -0.244425 0.232672 0.224039 0.946399 0.373705 
1535140143679 0.245982 0.928122 -0.279433 -0.63399 -0.94099 0.297801 0.160787 -0.244375 0.232445 0.223393 0.946607 0.373853 
1535140143743 0.246488 0.928071 -0.279156 -0.633824 -0.940875 0.298221 0.160684 -0.24431 0.232376 0.223045 0.946706 0.373928 
1535140143850 0.247107 0.928004 -0.27883 -0.633608 -0.940737 0.298733 0.160536 -0.244296 0.232274 0.222636 0.946827 0.37402 
1535140143924 0.247701 0.927919 -0.278586 -0.633462 -0.94059 0.299251 0.160437 -0.244262 0.23224 0.222294 0.946916 0.374093 
1535140144010 0.248281 0.927823 -0.278389 -0.633342 -0.940435 0.299774 0.160367 -0.244197 0.232246 0.22199 0.946986 0.37416 
1535140144067 0.248424 0.927865 -0.278123 -0.633208 -0.940421 0.299842 0.160324 -0.244074 0.232152 0.221724 0.947071 0.374213 
1535140144224 0.248218 0.927821 -0.278452 -0.632849 -0.940382 0.29979 0.160646 -0.244006 0.232528 0.221976 0.94692 0.374385 
1535140144386 0.24839 0.927646 -0.278883 -0.632491 -0.940142 0.300215 0.161255 -0.243974 0.233312 0.222135 0.94669 0.374603 
1535140144546 0.248245 0.927593 -0.279186 -0.632166 -0.940079 0.300225 0.161603 -0.24385 0.23372 0.22234 0.946541 0.374816 
1535140144710 0.248396 0.927515 -0.279311 -0.631803 -0.939965 0.300463 0.161829 -0.243769 0.234021 0.222345 0.946465 0.374981 
1535140144877 0.248248 0.927481 -0.279557 -0.631482 -0.939889 0.300473 0.162248 -0.243626 0.234481 0.222475 0.946321 0.375196 
1535140145035 0.248272 0.927404 -0.279792 -0.631113 -0.939779 0.300636 0.162584 -0.24357 0.234896 0.222577 0.946194 0.375405 
1535140145196 0.248453 0.927301 -0.279971 -0.630726 -0.93963 0.300936 0.162889 -0.243553 0.235301 0.222599 0.946088 0.375627 
1535140145359 0.248259 0.927288 -0.280187 -0.630413 -0.939578 0.300886 0.163284 -0.24336 0.235715 0.22272 0.945957 0.375823 
1535140145386 0.248156 0.927321 -0.280169 -0.630336 -0.939591 0.300798 0.163371 -0.243263 0.235772 0.222703 0.945947 0.375864 
1535140145620 0.248228 0.927332 -0.280069 -0.629838 -0.939557 0.300862 0.163443 -0.242933 0.235828 0.22257 0.945964 0.375967 
1535140145789 0.248496 0.927307 -0.279915 -0.629355 -0.939538 0.301043 0.163223 -0.242845 0.235624 0.22243 0.946048 0.376073 
1535140145969 0.248769 0.927271 -0.27979 -0.628911 -0.939489 0.301261 0.163102 -0.242728 0.23553 0.222285 0.946105 0.376199 
1535140146142 0.248852 0.927252 -0.279778 -0.628532 -0.939459 0.301345 0.163118 -0.242481 0.235561 0.222248 0.946106 0.376312 
1535140146330 0.249136 0.927199 -0.279702 -0.628057 -0.939392 0.301595 0.16304 -0.242399 0.235527 0.222131 0.946142 0.376434 
1535140146499 0.249209 0.927219 -0.27957 -0.627675 -0.939371 0.301644 0.163071 -0.242092 0.235533 0.221981 0.946176 0.376543 
1535140146747 0.249516 0.927215 -0.279311 -0.626793 -0.939342 0.301843 0.162872 -0.241799 0.235325 0.22173 0.946286 0.376788 
1535140146771 0.249544 0.927222 -0.279261 -0.626666 -0.939343 0.301853 0.162846 -0.241741 0.23529 0.221685 0.946306 0.376821 
1535140146892 0.249699 0.927185 -0.279244 -0.626575 -0.939303 0.301997 0.162811 -0.241755 0.235287 0.221641 0.946317 0.376894 
1535140147050 0.249407 0.927225 -0.279374 -0.62619 -0.939339 0.30178 0.163009 -0.241477 0.235455 0.221771 0.946244 0.377007 
1535140147227 0.249528 0.927157 -0.279491 -0.625788 -0.939222 0.301996 0.163281 -0.241275 0.235793 0.221761 0.946163 0.377166 
1535140147401 0.24969 0.927063 -0.279657 -0.625332 -0.939125 0.302232 0.163405 -0.241206 0.236008 0.221832 0.946092 0.377348 
1535140147576 0.249775 0.926984 -0.279845 -0.62491 -0.939061 0.302384 0.163487 -0.241081 0.23617 0.221956 0.946023 0.377427 
1535140147817 0.249517 0.926992 -0.280048 -0.624101 -0.939035 0.302262 0.163862 -0.240526 0.236547 0.222089 0.945898 0.377667 
1535140147991 0.249567 0.926939 -0.280179 -0.623702 -0.938957 0.302393 0.164065 -0.240354 0.236803 0.222131 0.945824 0.377832 
1535140148166 0.249716 0.926847 -0.280349 -0.623264 -0.938891 0.302591 0.16408 -0.240262 0.236908 0.222244 0.945771 0.377941 
1535140148192 0.249651 0.926864 -0.280354 -0.623177 -0.938902 0.302536 0.164119 -0.240183 0.236933 0.222252 0.945763 0.377975 
1535140148211 0.249636 0.926868 -0.280352 -0.623124 -0.938904 0.302523 0.164133 -0.240151 0.236943 0.22225 0.945761 0.377992 
1535140148410 0.24964 0.926633 -0.281124 -0.62286 -0.93882 0.302742 0.164211 -0.239939 0.237271 0.222932 0.945518 0.378158 
1535140148573 0.249831 0.926412 -0.281682 -0.622515 -0.938688 0.303099 0.164303 -0.239919 0.23759 0.223363 0.945336 0.378374 
1535140148741 0.249883 0.92622 -0.282267 -0.622194 -0.938598 0.303324 0.164403 -0.239785 0.237892 0.223854 0.945144 0.37852 
1535140148904 0.24988 0.9261 -0.282665 -0.621896 -0.938516 0.303469 0.1646 -0.239605 0.238217 0.224156 0.94499 0.378754 
1535140149064 0.250053 0.925834 -0.283382 -0.621559 -0.938411 0.303818 0.164558 -0.23955 0.23845 0.224781 0.944783 0.378887 
1535140149227 0.249855 0.925718 -0.283934 -0.621314 -0.938358 0.303826 0.164843 -0.239246 0.238865 0.225245 0.944568 0.379055 
1535140149392 0.250075 0.925503 -0.284442 -0.620961 -0.938258 0.304166 0.164785 -0.239189 0.239026 0.225671 0.944425 0.379171 
1535140149559 0.250064 0.925333 -0.285003 -0.620653 -0.938153 0.304358 0.165029 -0.239043 0.239449 0.226108 0.944213 0.379407 
1535140149583 0.249967 0.925342 -0.285059 -0.620593 -0.938158 0.304295 0.165117 -0.238939 0.239532 0.226157 0.944181 0.379458 
1535140149598 0.249898 0.925341 -0.285124 -0.620553 -0.938163 0.304254 0.165168 -0.238863 0.239587 0.226217 0.944152 0.379485 
1535140149615 0.249844 0.925333 -0.285195 -0.620533 -0.938169 0.304223 0.165191 -0.23881 0.23962 0.226289 0.944127 0.379492 
1535140149772 0.249843 0.925292 -0.285331 -0.62022 -0.937991 0.304414 0.165847 -0.238909 0.240316 0.226202 0.943971 0.379411 
1535140149827 0.249923 0.925297 -0.285243 -0.619938 -0.937817 0.304618 0.166454 -0.238901 0.24091 0.225905 0.943891 0.379479 
1535140149946 0.249804 0.925243 -0.285521 -0.619722 -0.937665 0.304726 0.167109 -0.238792 0.241623 0.225979 0.943691 0.379497 
1535140150003 0.249511 0.925309 -0.285565 -0.619528 -0.937639 0.304552 0.167577 -0.238622 0.24203 0.225944 0.943595 0.379482 
1535140150123 0.249744 0.925216 -0.285664 -0.61923 -0.937451 0.304909 0.167973 -0.238727 0.242513 0.225845 0.943494 0.379563 
1535140150182 0.249651 0.925216 -0.285745 -0.618988 -0.93735 0.304953 0.168459 -0.238654 0.242999 0.225787 0.943383 0.379564 
1535140150298 0.249428 0.925195 -0.286006 -0.618778 -0.937191 0.30499 0.169274 -0.238492 0.243841 0.225821 0.943158 0.379536 
1535140150328 0.249316 0.925212 -0.28605 -0.618661 -0.937165 0.304943 0.169504 -0.238394 0.244056 0.225816 0.943103 0.379553 
1535140150342 0.249323 0.925202 -0.286076 -0.618613 -0.937136 0.30498 0.169599 -0.238384 0.24416 0.225807 0.943078 0.379564 
1535140150358 0.249369 0.92518 -0.286105 -0.618561 -0.937095 0.305056 0.16969 -0.238397 0.244272 0.225792 0.943053 0.379578 
1535140150499 0.249628 0.925287 -0.285534 -0.618386 -0.937105 0.305125 0.169508 -0.238355 0.243967 0.225262 0.943259 0.379592 
1535140150553 0.249459 0.925445 -0.285171 -0.618246 -0.937239 0.304815 0.169326 -0.238098 0.243627 0.225033 0.943401 0.379608 
1535140150664 0.250068 0.925383 -0.284837 -0.617949 -0.937149 0.305269 0.169005 -0.23819 0.243346 0.224672 0.94356 0.379666 
1535140150829 0.250105 0.925521 -0.284357 -0.61758 -0.937208 0.305152 0.168887 -0.237955 0.243081 0.224263 0.943726 0.379727 
1535140150878 0.249952 0.925657 -0.284048 -0.617386 -0.937281 0.30492 0.168904 -0.237783 0.242959 0.224015 0.943816 0.379755 
1535140150990 0.250483 0.925605 -0.28375 -0.617129 -0.937149 0.305364 0.168835 -0.237804 0.242921 0.223625 0.943918 0.379791 
1535140151018 0.250487 0.925624 -0.283683 -0.61704 -0.937152 0.305351 0.168838 -0.237738 0.242904 0.223562 0.943937 0.379805 
1535140151034 0.250466 0.925646 -0.283632 -0.616987 -0.937164 0.305317 0.168837 -0.2377 0.242881 0.223521 0.943953 0.379815 
1535140151181 0.250616 0.925598 -0.283653 -0.616868 -0.937165 0.305426 0.168634 -0.237699 0.242722 0.223567 0.943983 0.379876 
1535140151267 0.250434 0.925481 -0.284197 -0.616766 -0.937291 0.305279 0.168196 -0.237491 0.242421 0.224253 0.943897 0.37992 
1535140151381 0.250653 0.9254 -0.284268 -0.616532 -0.937265 0.305471 0.167993 -0.237395 0.242296 0.224326 0.943912 0.37999 
1535140151486 0.250513 0.925304 -0.284702 -0.616372 -0.937332 0.305389 0.167767 -0.237285 0.242181 0.224832 0.943821 0.380044 
1535140151587 0.250595 0.925225 -0.284888 -0.616153 -0.937357 0.305458 0.167503 -0.237205 0.241999 0.225066 0.943812 0.380104 
1535140151689 0.250809 0.925123 -0.285029 -0.615955 -0.937333 0.305657 0.167275 -0.237079 0.241871 0.225213 0.94381 0.380169 
1535140151802 0.250905 0.925001 -0.285342 -0.615742 -0.937356 0.305759 0.166958 -0.237048 0.241682 0.225576 0.943772 0.380267 
1535140151890 0.250805 0.925008 -0.285407 -0.615548 -0.937427 0.305634 0.16679 -0.236887 0.241512 0.225716 0.943782 0.380368 
1535140151917 0.250847 0.924997 -0.285407 -0.615527 -0.937426 0.305664 0.166739 -0.236865 0.241472 0.225722 0.943791 0.38039 
1535140151934 0.250884 0.924985 -0.285412 -0.615512 -0.937421 0.305697 0.166709 -0.23685 0.241453 0.225727 0.943795 0.380401 
1535140151993 0.251006 0.924936 -0.285463 -0.615438 -0.937418 0.305794 0.166545 -0.236758 0.241336 0.225795 0.943808 0.380447 
1535140152115 0.250763 0.925023 -0.285395 -0.615175 -0.937427 0.305602 0.166848 -0.236735 0.241556 0.225698 0.943775 0.380486 
1535140152167 0.250692 0.925084 -0.28526 -0.614968 -0.937346 0.305603 0.167299 -0.236591 0.241942 0.225446 0.943736 0.380529 
1535140152278 0.250996 0.924991 -0.285293 -0.61469 -0.937199 0.305961 0.16747 -0.23668 0.242197 0.225342 0.943696 0.380564 
1535140152328 0.250892 0.925044 -0.285214 -0.614482 -0.937216 0.305857 0.167564 -0.236584 0.242239 0.225266 0.943703 0.380618 
1535140152447 0.251034 0.925028 -0.285142 -0.614283 -0.93711 0.306043 0.167817 -0.236462 0.242501 0.225082 0.94368 0.38073 
1535140152496 0.250929 0.925074 -0.285084 -0.614071 -0.937097 0.30597 0.168021 -0.236371 0.242659 0.22499 0.943661 0.380787 
1535140152614 0.251192 0.924969 -0.285194 -0.613807 -0.936962 0.306301 0.168171 -0.236418 0.242908 0.224973 0.943601 0.380798 
1535140152634 0.251121 0.924991 -0.285183 -0.613717 -0.936979 0.306233 0.168199 -0.236377 0.242916 0.224972 0.943599 0.380806 
1535140152651 0.251097 0.924999 -0.285178 -0.61365 -0.936984 0.306211 0.168215 -0.236366 0.242923 0.224969 0.943598 0.380814 
1535140152836 0.251158 0.925001 -0.285119 -0.613447 -0.93692 0.306302 0.168404 -0.236113 0.243106 0.224838 0.943582 0.380861 
1535140152983 0.251524 0.92495 -0.284961 -0.613076 -0.936838 0.306608 0.168302 -0.236122 0.243042 0.22463 0.943648 0.380951 
1535140153124 0.251684 0.924972 -0.284748 -0.612737 -0.93681 0.306708 0.168278 -0.235994 0.242987 0.224402 0.943717 0.381053 
1535140153253 0.251715 0.925031 -0.284531 -0.612443 -0.936806 0.306695 0.168325 -0.23578 0.24297 0.22418 0.943774 0.381155 
1535140153468 0.252002 0.925053 -0.284203 -0.611816 -0.936744 0.306895 0.168305 -0.235472 0.242911 0.223812 0.943876 0.38137 
1535140153609 0.252384 0.924994 -0.284056 -0.611444 -0.936637 0.307236 0.168274 -0.235473 0.242925 0.223588 0.943926 0.38152 
1535140153744 0.252354 0.925051 -0.283898 -0.611159 -0.93665 0.307175 0.168318 -0.23524 0.242909 0.223437 0.943966 0.381607 
1535140153767 0.252414 0.925041 -0.283876 -0.6111 -0.936632 0.30723 0.168318 -0.235214 0.242916 0.223402 0.943972 0.38162 
1535140153783 0.252411 0.925049 -0.283854 -0.611045 -0.936634 0.307221 0.168321 -0.235182 0.242911 0.223381 0.943978 0.381631 
1535140153936 0.252594 0.925019 -0.28379 -0.610799 -0.93657 0.307398 0.168353 -0.235203 0.242966 0.223264 0.943992 0.381702 
1535140154057 0.252794 0.92508 -0.283412 -0.610472 -0.936389 0.307636 0.168923 -0.235062 0.243455 0.222681 0.944004 0.381848 
1535140154166 0.252727 0.925159 -0.283212 -0.610194 -0.936388 0.307554 0.169082 -0.234883 0.243531 0.222465 0.944035 0.381953 
1535140154278 0.252762 0.925219 -0.282986 -0.609893 -0.93633 0.30759 0.169334 -0.234736 0.243715 0.222167 0.944058 0.382019 
1535140154396 0.252989 0.925194 -0.282865 -0.609545 -0.936207 0.307841 0.16956 -0.234738 0.243953 0.221923 0.944053 0.382061 
1535140154504 0.253087 0.925248 -0.2826 -0.609256 -0.936136 0.307926 0.169796 -0.234551 0.244123 0.221579 0.944091 0.382125 
1535140154613 0.252963 0.925353 -0.282367 -0.608965 -0.936128 0.307802 0.170062 -0.234362 0.244281 0.221312 0.944112 0.382183 
1535140154729 0.253429 0.925288 -0.282164 -0.608594 -0.935929 0.308276 0.170299 -0.234433 0.24456 0.220926 0.94413 0.38232 
1535140154758 0.253459 0.925297 -0.282106 -0.60854 -0.935907 0.308307 0.170366 -0.234389 0.244615 0.220844 0.944135 0.382351 
1535140154769 0.25345 0.925315 -0.282057 -0.608493 -0.9359 0.308298 0.170422 -0.234349 0.244651 0.220783 0.94414 0.382378 
1535140154944 0.253549 0.925343 -0.281875 -0.608233 -0.93587 0.308362 0.170473 -0.234127 0.244665 0.220575 0.944185 0.382381 
1535140155077 0.253945 0.925325 -0.281576 -0.607892 -0.935806 0.308646 0.170309 -0.234 0.244498 0.220251 0.944304 0.382406 
1535140155203 0.254121 0.925386 -0.281217 -0.607537 -0.935812 0.308699 0.170176 -0.23389 0.24429 0.219921 0.944435 0.38248 
1535140155401 0.2546 0.925357 -0.280881 -0.606961 -0.935683 0.309094 0.170171 -0.233466 0.244288 0.219491 0.944536 0.382566 
1535140155609 0.254753 0.925475 -0.280352 -0.606353 -0.935694 0.309097 0.170107 -0.233028 0.244086 0.218989 0.944704 0.382679 
1535140155844 0.255147 0.925477 -0.279987 -0.606014 -0.935636 0.309362 0.169943 -0.232928 0.243896 0.218605 0.944842 0.382799 
1535140155867 0.255118 0.925506 -0.279918 -0.605948 -0.935647 0.309318 0.169962 -0.232821 0.243884 0.218544 0.944859 0.382814 
1535140155884 0.255074 0.925535 -0.279861 -0.605883 -0.935664 0.309262 0.169971 -0.232742 0.243865 0.218501 0.944874 0.382828 
1535140156034 0.255284 0.925508 -0.279758 -0.605661 -0.935628 0.309424 0.169872 -0.23279 0.243782 0.218384 0.944923 0.382869 
1535140156156 0.255352 0.925586 -0.279437 -0.60536 -0.935651 0.309393 0.169805 -0.232632 0.243626 0.218096 0.94503 0.382933 
1535140156262 0.2552 0.925711 -0.279163 -0.605089 -0.93569 0.309199 0.169941 -0.232387 0.243633 0.217841 0.945086 0.382982 
1535140156392 0.255526 0.925687 -0.278946 -0.604755 -0.935594 0.309477 0.169962 -0.23229 0.243659 0.217551 0.945146 0.383033 
1535140156516 0.25566 0.925705 -0.278763 -0.604416 -0.935591 0.309542 0.169864 -0.23227 0.243533 0.217381 0.945218 0.383085 
1535140156724 0.255774 0.925852 -0.278168 -0.603832 -0.935623 0.309486 0.169789 -0.231868 0.243289 0.216833 0.945407 0.383214 
1535140156863 0.256022 0.92587 -0.27788 -0.603493 -0.9356 0.30963 0.169654 -0.231859 0.243117 0.21655 0.945516 0.383298 
1535140156886 0.256005 0.925892 -0.277823 -0.603445 -0.935611 0.309597 0.169649 -0.231815 0.24309 0.216503 0.945534 0.383311 
1535140156907 0.255945 0.925927 -0.27776 -0.603389 -0.935635 0.309522 0.169657 -0.231748 0.243063 0.216459 0.945551 0.383321 
1535140157069 0.256363 0.925978 -0.277204 -0.603194 -0.935522 0.309819 0.169737 -0.231643 0.243056 0.215816 0.945699 0.383339 
1535140157115 0.256349 0.926148 -0.276649 -0.602993 -0.935603 0.309635 0.169627 -0.231483 0.24276 0.21535 0.945882 0.38332 
1535140157212 0.256473 0.926231 -0.276258 -0.602776 -0.93562 0.309637 0.169531 -0.231389 0.242564 0.214992 0.946013 0.383299 
1535140157263 0.256563 0.926332 -0.275832 -0.602588 -0.935651 0.309596 0.169433 -0.231241 0.242348 0.214612 0.946155 0.383303 
1535140157354 0.256916 0.926357 -0.275422 -0.602359 -0.935606 0.309813 0.169286 -0.231209 0.242149 0.214194 0.946301 0.383285 
1535140157416 0.256945 0.926489 -0.27495 -0.602169 -0.935659 0.3097 0.169199 -0.231055 0.241913 0.213784 0.946454 0.383271 
1535140157490 0.256933 0.926592 -0.274612 -0.601986 -0.935699 0.309595 0.169168 -0.230898 0.241768 0.21349 0.946557 0.383246 
1535140157508 0.25699 0.926597 -0.274542 -0.60194 -0.935689 0.309631 0.169156 -0.23089 0.241746 0.213414 0.94658 0.383245 
1535140157524 0.257038 0.926615 -0.274439 -0.601882 -0.935687 0.309649 0.169139 -0.230878 0.241706 0.213313 0.946613 0.383248 
1535140157664 0.257376 0.926701 -0.273829 -0.601773 -0.935631 0.309829 0.169118 -0.230785 0.241562 0.212676 0.946793 0.383222 
1535140157746 0.257499 0.926908 -0.273014 -0.60183 -0.935719 0.30969 0.168884 -0.230708 0.241089 0.211977 0.94707 0.383107 
1535140157898 0.258268 0.927227 -0.271196 -0.601587 -0.935693 0.309933 0.16858 -0.230675 0.240365 0.210218 0.947646 0.383032 
1535140157960 0.258449 0.927425 -0.270346 -0.601485 -0.935738 0.309868 0.16845 -0.230622 0.239996 0.209437 0.947912 0.382981 
1535140158058 0.25866 0.927636 -0.269419 -0.601394 -0.935807 0.309792 0.168207 -0.230508 0.239499 0.208616 0.948219 0.382934 
1535140158120 0.258975 0.927814 -0.268503 -0.601285 -0.935818 0.309843 0.168056 -0.230459 0.239118 0.207747 0.948506 0.382922 
1535140158225 0.259247 0.928028 -0.267497 -0.601169 -0.935826 0.309849 0.167998 -0.230351 0.23879 0.206777 0.948801 0.382876 
1535140158253 0.25942 0.928108 -0.267051 -0.601118 -0.935818 0.3099 0.167948 -0.230327 0.238633 0.206342 0.948935 0.382876 
1535140158266 0.259517 0.92815 -0.266811 -0.60109 -0.935818 0.309927 0.167899 -0.230313 0.238527 0.206114 0.949011 0.382864 
1535140158283 0.259618 0.928185 -0.266591 -0.601065 -0.935818 0.309959 0.167838 -0.230298 0.238417 0.205907 0.949083 0.382843 
1535140158300 0.259665 0.928186 -0.266542 -0.601059 -0.935813 0.309988 0.167813 -0.230284 0.238387 0.205858 0.949102 0.382818 
1535140158442 0.259768 0.928316 -0.265988 -0.601133 -0.935923 0.309868 0.167423 -0.230277 0.237843 0.205454 0.949326 0.382787 
1535140158475 0.259994 0.928414 -0.265425 -0.601124 -0.935962 0.309896 0.167153 -0.230326 0.237441 0.204969 0.949531 0.38274 
1535140158574 0.260055 0.928603 -0.264703 -0.601194 -0.936081 0.309707 0.166837 -0.230095 0.236906 0.204397 0.949788 0.382581 
1535140158615 0.260259 0.928731 -0.264053 -0.601165 -0.93612 0.309703 0.166625 -0.230061 0.236528 0.20382 0.950006 0.382608 
1535140158710 0.260716 0.928779 -0.263434 -0.601167 -0.936087 0.30995 0.166348 -0.230123 0.236152 0.203227 0.950227 0.382566 
1535140158762 0.260832 0.928907 -0.262866 -0.601158 -0.936165 0.309865 0.166069 -0.230101 0.235716 0.202769 0.950433 0.382477 
1535140158789 0.260892 0.928947 -0.262666 -0.601159 -0.936184 0.309856 0.165977 -0.230091 0.235572 0.202601 0.950504 0.382444 
1535140159737 0.254927 0.928503 -0.26999 -0.587083 -0.937351 0.30586 0.166804 -0.223416 0.237457 0.210553 0.948305 0.392161 
1535140160661 0.249665 0.927704 -0.277547 -0.572812 -0.938296 0.302605 0.167424 -0.216884 0.239307 0.218621 0.946011 0.402214 
1535140161580 0.24456 0.92683 -0.284915 -0.558499 -0.939192 0.299476 0.168028 -0.210376 0.241059 0.226497 0.943711 0.412362 
1535140162463 0.239483 0.925881 -0.29222 -0.544175 -0.940053 0.296388 0.168686 -0.203894 0.242793 0.234305 0.941357 0.42259 
1535140163358 0.234379 0.924804 -0.299673 -0.529885 -0.940913 0.293311 0.169268 -0.197443 0.244437 0.242293 0.938906 0.432766 
1535140164248 0.229071 0.923749 -0.306943 -0.515572 -0.941762 0.290069 0.170129 -0.190903 0.246191 0.250095 0.936399 0.443 
1535140165094 0.223789 0.922547 -0.314366 -0.501297 -0.942628 0.286856 0.170783 -0.184404 0.247733 0.25811 0.933813 0.453071 
1535140165913 0.218671 0.921299 -0.321545 -0.486985 -0.94341 0.283798 0.171568 -0.177908 0.249319 0.265832 0.931221 0.463307 
1535140167946 0.219254 0.921058 -0.321837 -0.486655 -0.943154 0.284531 0.171761 -0.177871 0.249775 0.265882 0.931085 0.463844 
1535140167963 0.219255 0.921058 -0.321837 -0.486655 -0.943154 0.284531 0.171761 -0.177871 0.249775 0.265883 0.931085 0.463844 
1535140167979 0.219255 0.921058 -0.321837 -0.486655 -0.943154 0.284531 0.171761 -0.177871 0.249775 0.265882 0.931085 0.463844 
1535140167996 0.219254 0.921059 -0.321836 -0.486655 -0.943154 0.284531 0.171761 -0.17787 0.249774 0.265882 0.931085 0.463844 
1535140168017 0.219254 0.921059 -0.321837 -0.486655 -0.943155 0.28453 0.171761 -0.17787 0.249774 0.265882 0.931085 0.463844 
1535140168033 0.219254 0.92106 -0.321834 -0.486654 -0.943155 0.284529 0.171759 -0.17787 0.249772 0.26588 0.931086 0.463845 
1535140168055 0.219254 0.921061 -0.321831 -0.486653 -0.943156 0.284528 0.171758 -0.177869 0.249769 0.265878 0.931088 0.463847 
1535140168070 0.219254 0.921061 -0.32183 -0.486653 -0.943156 0.284528 0.171757 -0.177869 0.249768 0.265878 0.931088 0.463848 
1535140168087 0.219254 0.921061 -0.321829 -0.486653 -0.943156 0.284528 0.171756 -0.177869 0.249768 0.265877 0.931088 0.463848 
1535140169457 0.219271 0.921068 -0.321797 -0.486647 -0.943158 0.284532 0.171742 -0.177866 0.249747 0.265847 0.931102 0.463866 
1535140169474 0.219271 0.921068 -0.321797 -0.486647 -0.943158 0.284532 0.171742 -0.177866 0.249748 0.265847 0.931102 0.463866 
1535140169490 0.219271 0.921068 -0.321797 -0.486647 -0.943158 0.284532 0.171742 -0.177866 0.249748 0.265847 0.931102 0.463866 
1535140169507 0.219271 0.921069 -0.321796 -0.486647 -0.943158 0.284532 0.171742 -0.177866 0.249747 0.265846 0.931103 0.463867 
1535140169527 0.219272 0.921069 -0.321796 -0.486647 -0.943158 0.284532 0.171742 -0.177866 0.249747 0.265846 0.931103 0.463867 
1535140169544 0.219272 0.921069 -0.321795 -0.486646 -0.943158 0.284532 0.171741 -0.177866 0.249747 0.265845 0.931103 0.463867 
1535140169560 0.219272 0.921069 -0.321794 -0.486646 -0.943158 0.284532 0.171741 -0.177866 0.249746 0.265844 0.931104 0.463868 
1535140169581 0.219273 0.92107 -0.321791 -0.486646 -0.943158 0.284531 0.17174 -0.177866 0.249745 0.265842 0.931104 0.463869 
1535140169597 0.219273 0.92107 -0.321792 -0.486646 -0.943158 0.284532 0.17174 -0.177866 0.249745 0.265842 0.931104 0.463869 
