1535378544695 0.249721 0.927334 -0.27873 -0.637362 -0.937006 0.304026 0.17201 -0.241877 0.244252 0.218218 0.94484 0.374184 
1535378549153 0.249719 0.927334 -0.278732 -0.637362 -0.937007 0.304025 0.172009 -0.241877 0.244251 0.21822 0.944839 0.374183 
1535378549186 0.249719 0.927334 -0.278732 -0.637362 -0.937007 0.304025 0.172009 -0.241877 0.244251 0.21822 0.944839 0.374183 
1535378549200 0.249719 0.927334 -0.278732 -0.637362 -0.937007 0.304025 0.172009 -0.241877 0.244251 0.21822 0.944839 0.374183 
1535378549212 0.249719 0.927334 -0.278732 -0.637362 -0.937007 0.304025 0.172009 -0.241877 0.244251 0.21822 0.944839 0.374183 
1535378549226 0.249719 0.927334 -0.278733 -0.637362 -0.937007 0.304025 0.172009 -0.241877 0.244251 0.218221 0.944839 0.374183 
1535378549333 0.249718 0.927334 -0.278733 -0.637362 -0.937007 0.304024 0.172009 -0.241877 0.244251 0.218221 0.944839 0.374182 
1535378549349 0.250265 0.927292 -0.278384 -0.63736 -0.936853 0.30449 0.172027 -0.241903 0.244285 0.217753 0.944939 0.374182 
