1530558689868 -0.0163165 -0.154961 0.987786 0.355705 -0.994587 0.10391 -0.000127681 -0.522902 -0.102622 -0.982441 -0.155818 0.476778 
1530558698712 -0.0163097 -0.154962 0.987786 0.355709 -0.994587 0.103909 -0.00012095 -0.5229 -0.102621 -0.982441 -0.155817 0.476778 
1530558699089 -0.0162485 -0.154894 0.987797 0.358951 -0.994599 0.103796 -8.43944e-05 -0.520661 -0.102516 -0.982463 -0.155744 0.473601 
1530558699457 -0.0160135 -0.155014 0.987782 0.36231 -0.994613 0.103658 0.000142971 -0.518361 -0.102414 -0.982459 -0.155839 0.470302 
1530558699837 -0.015878 -0.154993 0.987788 0.365624 -0.994626 0.103535 0.000257634 -0.516046 -0.10231 -0.982475 -0.155804 0.467053 
1530558700221 -0.0158749 -0.154964 0.987793 0.368877 -0.994633 0.103466 0.000246716 -0.513728 -0.102241 -0.982487 -0.155774 0.463824 
1530558700593 -0.0157412 -0.154987 0.987791 0.372188 -0.994663 0.103178 0.000338176 -0.511359 -0.10197 -0.982514 -0.155784 0.460655 
1530558701001 -0.0155207 -0.154956 0.987799 0.3755 -0.994683 0.102979 0.000525471 -0.509017 -0.101804 -0.982539 -0.155731 0.457397 
1530558701369 -0.0154102 -0.154892 0.987811 0.378707 -0.994694 0.10288 0.000614228 -0.506795 -0.101721 -0.98256 -0.155655 0.454289 
1530558701699 -0.0150792 -0.155245 0.987761 0.381602 -0.9947 0.102819 0.000974891 -0.505265 -0.101712 -0.982511 -0.155973 0.451572 
1530558702161 -0.0133686 -0.156671 0.98756 0.38275 -0.994558 0.104144 0.00305858 -0.506733 -0.103328 -0.982145 -0.157211 0.452468 
1530558702288 -0.0134586 -0.156696 0.987555 0.382727 -0.994554 0.104176 0.00297572 -0.506753 -0.103346 -0.982137 -0.157245 0.452472 
1530558702707 -0.0136942 -0.156522 0.98758 0.383348 -0.994568 0.104056 0.00270075 -0.505667 -0.103186 -0.982178 -0.157097 0.451451 
1530558703009 -0.0138081 -0.156251 0.987621 0.383931 -0.994597 0.103785 0.00251415 -0.504622 -0.102893 -0.98225 -0.15684 0.450487 
1530558703297 -0.0142013 -0.156004 0.987654 0.384425 -0.994621 0.103566 0.00205713 -0.503571 -0.102608 -0.982312 -0.156636 0.449567 
1530558703583 -0.0142171 -0.155737 0.987696 0.385039 -0.994656 0.10323 0.00195968 -0.502492 -0.102265 -0.98239 -0.156373 0.44864 
1530558703869 -0.0145191 -0.155652 0.987705 0.385591 -0.994686 0.102942 0.00160088 -0.501456 -0.101926 -0.982433 -0.15632 0.447636 
1530558704166 -0.0148575 -0.155391 0.987741 0.386143 -0.9947 0.10281 0.00121181 -0.500419 -0.101738 -0.982489 -0.156095 0.446645 
1530558704539 -0.0148894 -0.155006 0.987801 0.386743 -0.994729 0.10253 0.0010951 -0.499417 -0.101449 -0.982579 -0.155715 0.44573 
1530558704806 -0.0151579 -0.154941 0.987807 0.387265 -0.994739 0.102442 0.000804076 -0.49884 -0.101317 -0.982598 -0.155679 0.444929 
1530558705191 -0.0150241 -0.155279 0.987756 0.387662 -0.994721 0.102614 0.00100123 -0.500005 -0.101513 -0.982527 -0.156001 0.445669 
1530558705309 -0.0149486 -0.155287 0.987756 0.387706 -0.994723 0.102594 0.00107499 -0.499989 -0.101505 -0.982527 -0.156002 0.44567 
1530558705538 -0.0150782 -0.155251 0.98776 0.387693 -0.994728 0.102543 0.000932653 -0.499434 -0.101433 -0.982539 -0.155979 0.445286 
1530558705761 -0.0153288 -0.155117 0.987777 0.387632 -0.994746 0.10237 0.000638833 -0.498905 -0.101217 -0.982578 -0.155872 0.444974 
1530558705999 -0.015225 -0.155008 0.987796 0.387736 -0.994757 0.102264 0.000715435 -0.498269 -0.101127 -0.982606 -0.155753 0.444567 
1530558706227 -0.0156107 -0.15485 0.987815 0.387676 -0.994758 0.102261 0.000309994 -0.497757 -0.101062 -0.982631 -0.155635 0.444227 
1530558706572 -0.0157983 -0.154528 0.987862 0.387738 -0.994795 0.1019 3.08347e-05 -0.496592 -0.100668 -0.982719 -0.155334 0.443595 
1530558706792 -0.0159758 -0.154568 0.987853 0.387702 -0.994803 0.101822 -0.000156218 -0.496125 -0.100561 -0.982721 -0.155391 0.443149 
1530558706989 -0.0160716 -0.154499 0.987862 0.387742 -0.994808 0.101767 -0.000268537 -0.495861 -0.100491 -0.982738 -0.155332 0.442857 
1530558707254 -0.0158124 -0.154519 0.987863 0.388202 -0.994792 0.101925 1.94191e-05 -0.496456 -0.100691 -0.982718 -0.155326 0.443222 
1530558707401 -0.0159162 -0.154596 0.98785 0.388164 -0.994775 0.102087 -5.14559e-05 -0.496471 -0.100839 -0.982689 -0.155413 0.443186 
1530558707630 -0.0158942 -0.154554 0.987856 0.388086 -0.994794 0.101908 -6.19162e-05 -0.496125 -0.100661 -0.982714 -0.155369 0.443054 
1530558707838 -0.0158886 -0.154571 0.987854 0.388039 -0.994791 0.101932 -5.06442e-05 -0.495777 -0.100686 -0.982709 -0.155385 0.442851 
1530558708068 -0.0159266 -0.154467 0.98787 0.38797 -0.994799 0.10186 -0.000111141 -0.495438 -0.100607 -0.982733 -0.155286 0.44271 
1530558708288 -0.0160836 -0.154447 0.98787 0.387818 -0.994806 0.10179 -0.00028236 -0.495144 -0.100511 -0.982744 -0.155282 0.442539 
1530558708540 -0.0160361 -0.154396 0.987879 0.387784 -0.994817 0.101686 -0.000256281 -0.494776 -0.100413 -0.982762 -0.155226 0.442393 
1530558708764 -0.0161249 -0.154344 0.987886 0.387689 -0.994815 0.101703 -0.000348162 -0.494463 -0.100417 -0.982769 -0.155184 0.442246 
1530558708963 -0.0163306 -0.15422 0.987901 0.387553 -0.994819 0.101661 -0.000574798 -0.494245 -0.100342 -0.982793 -0.155082 0.442133 
1530558709150 -0.0160861 -0.154174 0.987913 0.387629 -0.994851 0.101346 -0.000382899 -0.494006 -0.100062 -0.982832 -0.155011 0.44209 
1530558709428 -0.0161649 -0.154231 0.987903 0.387834 -0.994817 0.101681 -0.000403638 -0.494421 -0.100389 -0.982789 -0.155076 0.442198 
1530558709552 -0.0163041 -0.15423 0.9879 0.38778 -0.994812 0.101733 -0.000535672 -0.494466 -0.10042 -0.982783 -0.155089 0.4422 
1530558709741 -0.0163304 -0.154375 0.987877 0.387712 -0.99481 0.101752 -0.000544185 -0.49425 -0.100435 -0.982759 -0.155235 0.442036 
1530558710065 -0.0161388 -0.154234 0.987903 0.38772 -0.994836 0.101491 -0.000407094 -0.493982 -0.1002 -0.982808 -0.155075 0.442097 
1530558710297 -0.0161527 -0.154214 0.987905 0.387676 -0.994835 0.101506 -0.000420698 -0.493766 -0.100213 -0.98281 -0.155057 0.44199 
1530558710531 -0.0163605 -0.154196 0.987905 0.387535 -0.994821 0.101638 -0.000610952 -0.493615 -0.100315 -0.982799 -0.15506 0.441878 
1530558710720 -0.016422 -0.154182 0.987906 0.387454 -0.994818 0.101674 -0.000668733 -0.493431 -0.100341 -0.982797 -0.155053 0.44181 
1530558710916 -0.0164363 -0.154153 0.98791 0.387398 -0.994824 0.101614 -0.000695599 -0.493252 -0.100278 -0.982808 -0.155025 0.441743 
1530558711092 -0.0164509 -0.154088 0.98792 0.387334 -0.99484 0.101456 -0.000741742 -0.493095 -0.100117 -0.982834 -0.154962 0.441696 
1530558711272 -0.0164926 -0.154059 0.987924 0.387294 -0.994836 0.101492 -0.00078097 -0.49301 -0.100146 -0.982835 -0.154938 0.441653 
1530558711470 -0.0161388 -0.153962 0.987945 0.387522 -0.994844 0.101411 -0.000447456 -0.493146 -0.10012 -0.982859 -0.154805 0.441868 
1530558711620 -0.0162071 -0.154065 0.987928 0.387487 -0.994836 0.101493 -0.000492785 -0.493159 -0.100192 -0.982834 -0.154915 0.441801 
1530558711852 -0.0162057 -0.154056 0.987929 0.387432 -0.994845 0.101409 -0.000505602 -0.493025 -0.100107 -0.982844 -0.154905 0.441772 
1530558712051 -0.0161156 -0.154111 0.987922 0.387451 -0.994827 0.101585 -0.000381516 -0.492852 -0.100299 -0.982818 -0.154951 0.441703 
1530558712233 -0.016179 -0.154097 0.987923 0.387372 -0.99485 0.101357 -0.000482696 -0.492806 -0.100059 -0.982843 -0.154943 0.441687 
1530558712452 -0.0162555 -0.154039 0.987931 0.387286 -0.994855 0.101303 -0.00057403 -0.492677 -0.0999924 -0.982858 -0.154894 0.441739 
1530558712692 -0.0162665 -0.154192 0.987907 0.387252 -0.994869 0.101167 -0.000591028 -0.492568 -0.0998526 -0.982848 -0.155046 0.441627 
1530558712931 -0.01646 -0.154079 0.987921 0.387099 -0.994866 0.101199 -0.000792439 -0.492478 -0.0998545 -0.982862 -0.154954 0.441645 
1530558713130 -0.016527 -0.154213 0.987899 0.387061 -0.994849 0.101364 -0.000820129 -0.492387 -0.100011 -0.982824 -0.155094 0.441493 
1530558713285 -0.0163117 -0.15402 0.987933 0.387189 -0.994875 0.101109 -0.000663311 -0.492431 -0.0997871 -0.982881 -0.15488 0.441663 
1530558713432 -0.0164752 -0.154038 0.987927 0.387124 -0.994845 0.101403 -0.000779673 -0.49245 -0.100059 -0.982848 -0.154915 0.441628 
1530558713617 -0.0164179 -0.15409 0.98792 0.387117 -0.99488 0.101057 -0.000771351 -0.492409 -0.0997175 -0.982875 -0.15496 0.441589 
1530558713744 -0.0164726 -0.154099 0.987918 0.387079 -0.994859 0.101272 -0.00079162 -0.492333 -0.099926 -0.982852 -0.154975 0.441558 
1530558713870 -0.0164638 -0.154053 0.987925 0.387054 -0.994869 0.10117 -0.000803411 -0.492274 -0.099825 -0.982869 -0.154928 0.44158 
1530558714068 -0.0163666 -0.154103 0.987919 0.387082 -0.994867 0.101185 -0.000698091 -0.492157 -0.0998549 -0.98286 -0.154968 0.441531 
1530558714220 -0.0163303 -0.15411 0.987919 0.387071 -0.994872 0.101136 -0.000668567 -0.492067 -0.0998111 -0.982864 -0.154971 0.441509 
1530558714385 -0.016366 -0.154101 0.98792 0.387029 -0.994869 0.10117 -0.000700166 -0.492001 -0.0998398 -0.982862 -0.154966 0.441494 
1530558714538 -0.0163749 -0.154071 0.987924 0.386974 -0.994862 0.101241 -0.000700937 -0.491927 -0.0999106 -0.982859 -0.154937 0.441471 
1530558714709 -0.016358 -0.154053 0.987927 0.386946 -0.994858 0.101273 -0.000680629 -0.491876 -0.0999458 -0.982859 -0.154918 0.441455 
1530558714931 -0.0162836 -0.153964 0.987942 0.387001 -0.994883 0.101034 -0.000652632 -0.49199 -0.0997149 -0.982897 -0.154821 0.44156 
1530558715057 -0.0163627 -0.154018 0.987933 0.386965 -0.994868 0.101183 -0.000703132 -0.491981 -0.0998538 -0.982874 -0.154883 0.441504 
1530558715345 -0.016402 -0.154046 0.987927 0.386942 -0.994861 0.101249 -0.000729412 -0.491968 -0.0999146 -0.982862 -0.154915 0.441472 
1530558715474 -0.0164163 -0.154032 0.98793 0.386916 -0.99487 0.101155 -0.000760068 -0.491953 -0.0998174 -0.982874 -0.154902 0.441474 
1530558715601 -0.0164226 -0.154033 0.987929 0.386901 -0.994865 0.101206 -0.000758336 -0.491907 -0.0998678 -0.982869 -0.154904 0.441461 
1530558715789 -0.0163322 -0.154052 0.987928 0.386905 -0.994881 0.101048 -0.00069017 -0.491792 -0.0997223 -0.982882 -0.154914 0.441431 
1530558715983 -0.0162581 -0.15399 0.987939 0.386916 -0.994887 0.10099 -0.000631166 -0.491717 -0.0996745 -0.982898 -0.154844 0.441471 
1530558716100 -0.0163 -0.153989 0.987938 0.386883 -0.994882 0.101038 -0.000665869 -0.491685 -0.0997165 -0.982893 -0.154848 0.441456 
1530558716163 -0.0163244 -0.153999 0.987936 0.386867 -0.994879 0.101074 -0.000683876 -0.49167 -0.0997489 -0.982888 -0.15486 0.441441 
1530558716418 -0.0163209 -0.153982 0.987939 0.386873 -0.994874 0.101117 -0.000675092 -0.491674 -0.0997938 -0.982886 -0.154843 0.441456 
1530558716538 -0.0163214 -0.153982 0.987939 0.386874 -0.994874 0.101119 -0.000675458 -0.491675 -0.0997951 -0.982886 -0.154843 0.441457 
1530558716631 -0.0163229 -0.153981 0.987939 0.386873 -0.994874 0.101123 -0.00067642 -0.491674 -0.0997988 -0.982886 -0.154843 0.441456 
1530558716823 -0.0164019 -0.154038 0.987929 0.386831 -0.994859 0.101267 -0.000727392 -0.491649 -0.0999322 -0.982862 -0.154907 0.441395 
1530558716978 -0.0164418 -0.154067 0.987924 0.386804 -0.994856 0.101293 -0.000760626 -0.491633 -0.0999523 -0.982855 -0.15494 0.441362 
1530558717098 -0.0164682 -0.154061 0.987924 0.386781 -0.994858 0.101277 -0.00079016 -0.491619 -0.0999321 -0.982857 -0.154937 0.441357 
1530558717130 -0.0164693 -0.154042 0.987927 0.386773 -0.994862 0.101237 -0.000799536 -0.491614 -0.099892 -0.982864 -0.154918 0.441369 
1530558717209 -0.0164804 -0.154018 0.987931 0.386755 -0.994867 0.101192 -0.000820239 -0.491599 -0.0998445 -0.982873 -0.154895 0.44138 
1530558717282 -0.0164178 -0.154015 0.987932 0.386767 -0.99488 0.101061 -0.000778229 -0.491557 -0.0997217 -0.982887 -0.154885 0.441381 
1530558717320 -0.0164102 -0.154012 0.987933 0.386767 -0.994878 0.101085 -0.000767112 -0.491537 -0.0997468 -0.982885 -0.154882 0.441379 
1530558717615 -0.0163896 -0.153967 0.98794 0.386769 -0.994875 0.101112 -0.000746634 -0.491504 -0.0997776 -0.982889 -0.154835 0.441409 
1530558717738 -0.0163832 -0.153967 0.98794 0.386773 -0.994875 0.10111 -0.000740646 -0.491502 -0.0997762 -0.982889 -0.154834 0.44141 
1530558717755 -0.0163828 -0.153967 0.98794 0.386773 -0.994875 0.101109 -0.000740249 -0.491502 -0.0997758 -0.982889 -0.154834 0.44141 
1530558717851 -0.0163793 -0.153967 0.98794 0.386774 -0.994875 0.101112 -0.000736384 -0.491498 -0.0997791 -0.982889 -0.154834 0.44141 
1530558717952 -0.0163838 -0.153965 0.98794 0.386768 -0.994872 0.10114 -0.000736636 -0.491483 -0.0998069 -0.982886 -0.154832 0.441407 
1530558718186 -0.016408 -0.153964 0.98794 0.386749 -0.994865 0.101206 -0.000750754 -0.491453 -0.0998696 -0.98288 -0.154834 0.441396 
1530558718297 -0.0164127 -0.153957 0.987941 0.386741 -0.994866 0.101198 -0.000757327 -0.491443 -0.0998613 -0.982881 -0.154828 0.441397 
1530558718349 -0.0164151 -0.153953 0.987942 0.386736 -0.994867 0.101183 -0.000762581 -0.491437 -0.099846 -0.982884 -0.154823 0.441398 
1530558718400 -0.0164248 -0.153948 0.987942 0.386726 -0.994868 0.101181 -0.000773135 -0.491428 -0.0998425 -0.982885 -0.15482 0.441398 
1530558718428 -0.0164326 -0.153948 0.987942 0.38672 -0.994867 0.101184 -0.000780643 -0.491423 -0.0998437 -0.982885 -0.15482 0.441395 
1530558718442 -0.0164382 -0.153947 0.987942 0.386715 -0.994867 0.101186 -0.000786003 -0.49142 -0.0998453 -0.982884 -0.15482 0.441394 
1530558718555 -0.0164759 -0.153948 0.987942 0.386686 -0.994865 0.101211 -0.000819899 -0.491397 -0.0998646 -0.982882 -0.154825 0.441381 
1530558718594 -0.0164632 -0.15394 0.987943 0.386691 -0.994868 0.101183 -0.000812475 -0.491399 -0.0998376 -0.982886 -0.154816 0.441389 
1530558718607 -0.0164624 -0.15394 0.987943 0.386692 -0.994868 0.101181 -0.000811826 -0.491399 -0.0998364 -0.982886 -0.154816 0.441389 
1530558718627 -0.0164606 -0.15394 0.987943 0.386693 -0.994868 0.101179 -0.00081046 -0.491399 -0.0998338 -0.982886 -0.154815 0.441389 
1530558718645 -0.0164577 -0.153939 0.987943 0.386694 -0.994868 0.101175 -0.000808181 -0.491398 -0.0998311 -0.982887 -0.154814 0.44139 
1530558718661 -0.0164561 -0.153939 0.987943 0.386695 -0.994868 0.101175 -0.000806695 -0.491398 -0.0998308 -0.982887 -0.154814 0.44139 
1530558718677 -0.0164548 -0.153939 0.987943 0.386695 -0.994868 0.101174 -0.000805387 -0.491397 -0.0998305 -0.982887 -0.154814 0.441391 
1530558718694 -0.0164533 -0.153938 0.987943 0.386696 -0.994869 0.101172 -0.000804267 -0.491397 -0.0998287 -0.982887 -0.154813 0.441391 
1530558718711 -0.016452 -0.153938 0.987944 0.386696 -0.994869 0.101172 -0.000803115 -0.491397 -0.0998284 -0.982887 -0.154812 0.441392 
1530558718835 -0.0164449 -0.153938 0.987944 0.3867 -0.994869 0.101168 -0.000796467 -0.491395 -0.0998262 -0.982888 -0.154812 0.441392 
1530558718851 -0.0164436 -0.153938 0.987944 0.3867 -0.994869 0.101168 -0.000795214 -0.491395 -0.099826 -0.982888 -0.154811 0.441392 
1530558718868 -0.016443 -0.153938 0.987944 0.386701 -0.994869 0.101168 -0.000794663 -0.491395 -0.0998256 -0.982888 -0.154812 0.441392 
1530558718885 -0.0164427 -0.153938 0.987944 0.386701 -0.994869 0.101168 -0.000794403 -0.491394 -0.0998257 -0.982888 -0.154811 0.441392 
1530558718901 -0.0164418 -0.153938 0.987944 0.386701 -0.994869 0.101167 -0.000793498 -0.491394 -0.0998255 -0.982888 -0.154811 0.441392 
1530558719009 -0.0164404 -0.15394 0.987943 0.386701 -0.994869 0.101168 -0.000791762 -0.49139 -0.0998262 -0.982887 -0.154814 0.44139 
1530558719162 -0.0164274 -0.153946 0.987943 0.386701 -0.994875 0.101112 -0.000786913 -0.491383 -0.0997717 -0.982892 -0.154818 0.441385 
1530558719199 -0.0164323 -0.153952 0.987942 0.386698 -0.994874 0.101119 -0.000790145 -0.49138 -0.0997778 -0.982891 -0.154824 0.441379 
1530558719216 -0.0164343 -0.153954 0.987941 0.386697 -0.994874 0.101123 -0.000791236 -0.491378 -0.0997817 -0.98289 -0.154827 0.441376 
1530558719339 -0.0164544 -0.153976 0.987938 0.386685 -0.99487 0.101159 -0.000803764 -0.491366 -0.0998146 -0.982883 -0.15485 0.441354 
1530558719356 -0.0164559 -0.153977 0.987937 0.386684 -0.99487 0.101161 -0.000804616 -0.491365 -0.0998173 -0.982882 -0.154852 0.441352 
1530558719373 -0.0164577 -0.153979 0.987937 0.386683 -0.994869 0.101165 -0.000805655 -0.491364 -0.0998209 -0.982881 -0.154854 0.44135 
1530558719389 -0.0164593 -0.153981 0.987937 0.386682 -0.994869 0.101169 -0.000806534 -0.491363 -0.099824 -0.982881 -0.154856 0.441348 
1530558719406 -0.0164605 -0.153982 0.987936 0.386681 -0.994869 0.101171 -0.000807226 -0.491362 -0.099826 -0.98288 -0.154858 0.441347 
1530558719423 -0.0164615 -0.153984 0.987936 0.386681 -0.994868 0.101173 -0.000807721 -0.491361 -0.0998284 -0.98288 -0.154859 0.441345 
1530558719439 -0.0164625 -0.153985 0.987936 0.38668 -0.994868 0.101176 -0.000808193 -0.49136 -0.0998306 -0.982879 -0.15486 0.441344 
1530558719456 -0.0164635 -0.153986 0.987936 0.38668 -0.994868 0.101179 -0.000808621 -0.491359 -0.0998334 -0.982879 -0.154862 0.441343 
1530558719472 -0.0164641 -0.153987 0.987936 0.386679 -0.994868 0.10118 -0.000808879 -0.491359 -0.0998349 -0.982879 -0.154863 0.441342 
1530558719493 -0.0164649 -0.153989 0.987935 0.386679 -0.994868 0.101182 -0.000809276 -0.491358 -0.0998367 -0.982878 -0.154864 0.44134 
1530558719639 -0.0164682 -0.153995 0.987934 0.386676 -0.994866 0.101194 -0.000810111 -0.491353 -0.0998481 -0.982876 -0.154871 0.441334 
1530558719656 -0.0164684 -0.153996 0.987934 0.386676 -0.994866 0.101194 -0.000810127 -0.491352 -0.0998487 -0.982876 -0.154871 0.441333 
1530558719673 -0.016468 -0.153996 0.987934 0.386676 -0.994866 0.101195 -0.000809742 -0.491352 -0.0998489 -0.982876 -0.154872 0.441333 
1530558719689 -0.0164678 -0.153996 0.987934 0.386676 -0.994866 0.101195 -0.000809518 -0.491352 -0.0998489 -0.982876 -0.154872 0.441333 
1530558719706 -0.0164678 -0.153996 0.987934 0.386676 -0.994866 0.101195 -0.000809313 -0.491351 -0.0998497 -0.982876 -0.154872 0.441332 
1530558719723 -0.016468 -0.153997 0.987934 0.386676 -0.994866 0.101196 -0.000809382 -0.491351 -0.0998501 -0.982876 -0.154873 0.441332 
1530558719744 -0.0164677 -0.153997 0.987934 0.386676 -0.994866 0.101196 -0.00080908 -0.491351 -0.0998504 -0.982876 -0.154873 0.441332 
1530558719760 -0.0164675 -0.153997 0.987934 0.386676 -0.994866 0.101196 -0.000808728 -0.49135 -0.0998507 -0.982875 -0.154873 0.441331 
1530558719777 -0.0164675 -0.153998 0.987934 0.386676 -0.994866 0.101197 -0.000808658 -0.49135 -0.099851 -0.982875 -0.154873 0.441331 
1530558719904 -0.0164666 -0.153999 0.987934 0.386676 -0.994866 0.101199 -0.000807273 -0.491348 -0.0998537 -0.982875 -0.154875 0.44133 
1530558719920 -0.0164664 -0.153999 0.987934 0.386676 -0.994866 0.101199 -0.000807038 -0.491348 -0.0998536 -0.982875 -0.154875 0.44133 
1530558719937 -0.016466 -0.153999 0.987934 0.386676 -0.994866 0.101198 -0.000806768 -0.491348 -0.099853 -0.982875 -0.154875 0.44133 
1530558719954 -0.0164656 -0.153999 0.987934 0.386677 -0.994866 0.101199 -0.000806321 -0.491348 -0.0998533 -0.982875 -0.154875 0.44133 
1530558719970 -0.0164655 -0.153999 0.987934 0.386677 -0.994866 0.101199 -0.000806125 -0.491347 -0.0998534 -0.982875 -0.154875 0.441329 
1530558719987 -0.0164654 -0.154 0.987934 0.386677 -0.994866 0.101199 -0.000806031 -0.491347 -0.0998536 -0.982875 -0.154875 0.441329 
1530558720004 -0.0164651 -0.154 0.987934 0.386677 -0.994866 0.101198 -0.000805775 -0.491347 -0.0998532 -0.982875 -0.154875 0.441329 
1530558720020 -0.0164651 -0.154 0.987934 0.386677 -0.994866 0.101199 -0.000805701 -0.491347 -0.0998537 -0.982875 -0.154875 0.441329 
1530558720037 -0.0164648 -0.154 0.987934 0.386677 -0.994866 0.101199 -0.000805345 -0.491347 -0.0998539 -0.982875 -0.154875 0.441329 
1530558720054 -0.0164644 -0.154 0.987934 0.386677 -0.994866 0.101199 -0.000804959 -0.491346 -0.099854 -0.982875 -0.154875 0.441329 
1530558720194 -0.0164627 -0.154 0.987934 0.386678 -0.994866 0.101199 -0.000803178 -0.491345 -0.0998545 -0.982875 -0.154876 0.441328 
1530558720210 -0.0164627 -0.154 0.987934 0.386678 -0.994866 0.101199 -0.000803128 -0.491345 -0.0998543 -0.982875 -0.154876 0.441329 
1530558720227 -0.0164626 -0.154 0.987934 0.386678 -0.994866 0.101199 -0.000803116 -0.491345 -0.0998542 -0.982875 -0.154876 0.441329 
1530558720244 -0.0164621 -0.154 0.987934 0.386678 -0.994866 0.101199 -0.000802614 -0.491345 -0.0998542 -0.982875 -0.154876 0.441329 
1530558720260 -0.016462 -0.154 0.987934 0.386678 -0.994866 0.101199 -0.000802489 -0.491345 -0.0998545 -0.982875 -0.154876 0.441328 
1530558720277 -0.0164621 -0.154001 0.987934 0.386678 -0.994866 0.1012 -0.000802443 -0.491344 -0.0998548 -0.982875 -0.154876 0.441328 
1530558720294 -0.0164619 -0.154001 0.987934 0.386678 -0.994866 0.101199 -0.000802281 -0.491344 -0.0998546 -0.982875 -0.154876 0.441328 
1530558720310 -0.0164617 -0.154001 0.987934 0.386678 -0.994866 0.101199 -0.000802052 -0.491344 -0.0998548 -0.982875 -0.154876 0.441328 
1530558720327 -0.0164619 -0.154001 0.987934 0.386678 -0.994866 0.1012 -0.000802225 -0.491344 -0.0998551 -0.982875 -0.154876 0.441328 
1530558720344 -0.0164617 -0.154001 0.987934 0.386678 -0.994866 0.1012 -0.000801866 -0.491344 -0.0998556 -0.982874 -0.154876 0.441328 
1530558720500 -0.0164598 -0.154001 0.987934 0.386679 -0.994866 0.1012 -0.000800073 -0.491343 -0.0998552 -0.982874 -0.154876 0.441328 
1530558720517 -0.0164596 -0.154001 0.987934 0.386679 -0.994866 0.101199 -0.000799911 -0.491343 -0.0998548 -0.982875 -0.154876 0.441328 
1530558720534 -0.0164594 -0.154001 0.987934 0.386679 -0.994866 0.1012 -0.000799684 -0.491343 -0.0998554 -0.982874 -0.154876 0.441328 
1530558720550 -0.0164594 -0.154002 0.987933 0.386679 -0.994866 0.1012 -0.000799604 -0.491342 -0.0998557 -0.982874 -0.154877 0.441327 
1530558720567 -0.0164594 -0.154002 0.987933 0.386679 -0.994866 0.1012 -0.000799551 -0.491342 -0.0998561 -0.982874 -0.154877 0.441327 
1530558720584 -0.0164592 -0.154002 0.987934 0.386679 -0.994866 0.1012 -0.000799409 -0.491342 -0.0998557 -0.982874 -0.154877 0.441327 
1530558720600 -0.0164588 -0.154002 0.987933 0.386679 -0.994866 0.101199 -0.000799038 -0.491342 -0.0998552 -0.982874 -0.154877 0.441328 
1530558720617 -0.0164589 -0.154002 0.987934 0.386679 -0.994866 0.1012 -0.000799024 -0.491342 -0.0998559 -0.982874 -0.154877 0.441327 
1530558720634 -0.0164589 -0.154002 0.987933 0.386679 -0.994866 0.1012 -0.000798978 -0.491342 -0.0998561 -0.982874 -0.154877 0.441327 
1530558720650 -0.0164586 -0.154002 0.987933 0.386679 -0.994866 0.1012 -0.000798749 -0.491342 -0.0998559 -0.982874 -0.154877 0.441327 
1530558720774 -0.0164573 -0.154002 0.987933 0.38668 -0.994866 0.1012 -0.000797506 -0.491341 -0.0998556 -0.982874 -0.154877 0.441327 
1530558720790 -0.016457 -0.154002 0.987934 0.38668 -0.994866 0.1012 -0.000797226 -0.491341 -0.0998557 -0.982874 -0.154877 0.441327 
1530558720807 -0.0164571 -0.154002 0.987933 0.38668 -0.994866 0.1012 -0.000797268 -0.491341 -0.0998557 -0.982874 -0.154877 0.441327 
1530558720824 -0.0164567 -0.154002 0.987934 0.38668 -0.994866 0.101199 -0.00079698 -0.491341 -0.0998553 -0.982874 -0.154877 0.441327 
1530558720840 -0.0164566 -0.154002 0.987934 0.38668 -0.994866 0.101199 -0.000796889 -0.491341 -0.0998555 -0.982874 -0.154877 0.441327 
1530558720857 -0.0164565 -0.154002 0.987933 0.38668 -0.994866 0.101199 -0.00079668 -0.491341 -0.0998556 -0.982874 -0.154877 0.441327 
1530558720874 -0.0164566 -0.154002 0.987933 0.38668 -0.994866 0.1012 -0.000796751 -0.491341 -0.099856 -0.982874 -0.154877 0.441327 
1530558720892 -0.0164562 -0.154002 0.987933 0.38668 -0.994866 0.101199 -0.0007964 -0.49134 -0.0998557 -0.982874 -0.154877 0.441327 
1530558720907 -0.0164562 -0.154002 0.987934 0.38668 -0.994866 0.101199 -0.000796451 -0.49134 -0.0998554 -0.982874 -0.154876 0.441327 
1530558720924 -0.0164563 -0.154002 0.987934 0.38668 -0.994866 0.101199 -0.000796523 -0.49134 -0.0998555 -0.982874 -0.154877 0.441327 
1530558721057 -0.0164547 -0.154002 0.987934 0.386681 -0.994866 0.101199 -0.000794989 -0.49134 -0.0998553 -0.982874 -0.154877 0.441327 
1530558721074 -0.0164547 -0.154002 0.987934 0.386681 -0.994866 0.101199 -0.000795019 -0.49134 -0.0998551 -0.982874 -0.154876 0.441327 
1530558721094 -0.0164545 -0.154002 0.987933 0.386681 -0.994866 0.101199 -0.000794801 -0.49134 -0.099855 -0.982874 -0.154877 0.441327 
1530558721110 -0.0164543 -0.154002 0.987934 0.386681 -0.994866 0.101199 -0.000794666 -0.49134 -0.0998551 -0.982874 -0.154876 0.441327 
1530558721127 -0.0164544 -0.154002 0.987933 0.386681 -0.994866 0.101199 -0.000794684 -0.49134 -0.0998555 -0.982874 -0.154877 0.441327 
1530558721144 -0.0164543 -0.154002 0.987934 0.386681 -0.994866 0.101199 -0.000794509 -0.491339 -0.0998558 -0.982874 -0.154877 0.441327 
1530558721160 -0.0164542 -0.154002 0.987933 0.386681 -0.994866 0.101199 -0.000794367 -0.491339 -0.0998557 -0.982874 -0.154877 0.441327 
1530558721177 -0.0164539 -0.154002 0.987933 0.386681 -0.994866 0.101199 -0.00079424 -0.491339 -0.0998551 -0.982874 -0.154877 0.441327 
1530558721194 -0.0164538 -0.154002 0.987934 0.386681 -0.994866 0.101199 -0.000794131 -0.491339 -0.0998552 -0.982874 -0.154876 0.441327 
1530558721347 -0.0164528 -0.154002 0.987933 0.386682 -0.994866 0.101199 -0.00079301 -0.491339 -0.0998556 -0.982874 -0.154877 0.441327 
1530558721364 -0.0164526 -0.154003 0.987933 0.386682 -0.994866 0.101199 -0.000792786 -0.491338 -0.0998556 -0.982874 -0.154877 0.441327 
1530558721381 -0.0164525 -0.154002 0.987934 0.386682 -0.994866 0.101199 -0.000792784 -0.491338 -0.0998554 -0.982874 -0.154877 0.441327 
1530558721397 -0.0164524 -0.154002 0.987933 0.386682 -0.994866 0.101198 -0.0007927 -0.491338 -0.0998552 -0.982874 -0.154877 0.441327 
1530558721414 -0.0164522 -0.154002 0.987934 0.386682 -0.994866 0.101199 -0.000792504 -0.491338 -0.0998555 -0.982874 -0.154877 0.441327 
1530558721432 -0.0164523 -0.154002 0.987934 0.386682 -0.994866 0.101199 -0.000792525 -0.491338 -0.0998556 -0.982874 -0.154877 0.441327 
1530558721447 -0.0164522 -0.154002 0.987934 0.386682 -0.994866 0.101199 -0.000792506 -0.491338 -0.0998556 -0.982874 -0.154877 0.441327 
1530558721464 -0.0164519 -0.154002 0.987934 0.386682 -0.994866 0.101198 -0.000792237 -0.491338 -0.0998554 -0.982874 -0.154876 0.441327 
1530558721481 -0.0164517 -0.154002 0.987934 0.386682 -0.994866 0.101198 -0.000792059 -0.491338 -0.0998554 -0.982874 -0.154876 0.441327 
1530558721497 -0.0164518 -0.154002 0.987934 0.386682 -0.994866 0.101198 -0.00079206 -0.491338 -0.0998554 -0.982874 -0.154877 0.441327 
1530558721650 -0.0164509 -0.154002 0.987934 0.386683 -0.994866 0.101198 -0.000791171 -0.491338 -0.0998554 -0.982874 -0.154877 0.441327 
1530558721667 -0.0164505 -0.154002 0.987934 0.386683 -0.994866 0.101198 -0.00079085 -0.491338 -0.0998549 -0.982875 -0.154876 0.441327 
1530558721688 -0.0164504 -0.154002 0.987934 0.386683 -0.994866 0.101198 -0.000790797 -0.491338 -0.0998549 -0.982874 -0.154876 0.441327 
1530558721705 -0.0164504 -0.154002 0.987934 0.386683 -0.994866 0.101198 -0.000790805 -0.491337 -0.0998547 -0.982875 -0.154876 0.441327 
1530558721722 -0.0164504 -0.154002 0.987934 0.386683 -0.994866 0.101198 -0.000790774 -0.491337 -0.0998552 -0.982874 -0.154877 0.441327 
1530558721740 -0.0164504 -0.154002 0.987934 0.386683 -0.994866 0.101198 -0.000790701 -0.491337 -0.0998553 -0.982874 -0.154877 0.441327 
1530558721755 -0.0164502 -0.154002 0.987934 0.386683 -0.994866 0.101198 -0.000790533 -0.491337 -0.0998551 -0.982874 -0.154876 0.441327 
1530558721772 -0.0164499 -0.154002 0.987934 0.386683 -0.994866 0.101198 -0.000790305 -0.491337 -0.0998551 -0.982874 -0.154876 0.441327 
1530558721789 -0.0164499 -0.154002 0.987934 0.386683 -0.994866 0.101198 -0.000790287 -0.491337 -0.0998551 -0.982874 -0.154877 0.441327 
1530558721805 -0.0164498 -0.154002 0.987934 0.386683 -0.994866 0.101198 -0.000790205 -0.491337 -0.099855 -0.982875 -0.154876 0.441327 
1530558721952 -0.0164488 -0.154002 0.987934 0.386683 -0.994866 0.101198 -0.000789255 -0.491337 -0.0998549 -0.982875 -0.154876 0.441327 
1530558721969 -0.0164488 -0.154002 0.987934 0.386683 -0.994866 0.101198 -0.000789204 -0.491337 -0.0998551 -0.982874 -0.154876 0.441327 
1530558721986 -0.0164489 -0.154003 0.987933 0.386683 -0.994866 0.101198 -0.000789197 -0.491336 -0.0998554 -0.982874 -0.154877 0.441327 
1530558722002 -0.0164488 -0.154003 0.987933 0.386683 -0.994866 0.101198 -0.000789152 -0.491336 -0.0998553 -0.982874 -0.154877 0.441327 
1530558722019 -0.0164485 -0.154003 0.987934 0.386684 -0.994866 0.101198 -0.000788842 -0.491336 -0.0998552 -0.982874 -0.154876 0.441327 
1530558722040 -0.0164485 -0.154003 0.987934 0.386683 -0.994866 0.101198 -0.000788862 -0.491336 -0.0998554 -0.982874 -0.154876 0.441327 
1530558722052 -0.0164483 -0.154003 0.987934 0.386684 -0.994866 0.101198 -0.000788644 -0.491336 -0.0998552 -0.982874 -0.154877 0.441327 
1530558722069 -0.0164482 -0.154003 0.987934 0.386684 -0.994866 0.101197 -0.000788645 -0.491336 -0.0998549 -0.982875 -0.154876 0.441327 
1530558722089 -0.0164479 -0.154003 0.987934 0.386684 -0.994866 0.101198 -0.000788304 -0.491336 -0.0998552 -0.982874 -0.154876 0.441327 
1530558722232 -0.0164475 -0.154003 0.987934 0.386684 -0.994866 0.101197 -0.000787948 -0.491336 -0.0998549 -0.982875 -0.154876 0.441327 
1530558722249 -0.0164476 -0.154003 0.987934 0.386684 -0.994866 0.101198 -0.00078794 -0.491336 -0.0998554 -0.982874 -0.154877 0.441326 
1530558722266 -0.0164475 -0.154003 0.987934 0.386684 -0.994866 0.101198 -0.000787783 -0.491336 -0.0998553 -0.982874 -0.154877 0.441326 
1530558722282 -0.0164471 -0.154003 0.987934 0.386684 -0.994866 0.101198 -0.000787477 -0.491336 -0.0998552 -0.982874 -0.154876 0.441327 
1530558722299 -0.0164472 -0.154003 0.987934 0.386684 -0.994866 0.101198 -0.000787516 -0.491336 -0.0998554 -0.982874 -0.154876 0.441326 
1530558722315 -0.016447 -0.154003 0.987933 0.386684 -0.994866 0.101198 -0.000787292 -0.491336 -0.0998553 -0.982874 -0.154877 0.441326 
1530558722332 -0.0164468 -0.154003 0.987934 0.386684 -0.994866 0.101197 -0.000787219 -0.491336 -0.099855 -0.982875 -0.154876 0.441327 
1530558722349 -0.0164471 -0.154003 0.987934 0.386684 -0.994866 0.101198 -0.000787367 -0.491335 -0.0998556 -0.982874 -0.154877 0.441326 
1530558722365 -0.0164469 -0.154003 0.987934 0.386684 -0.994866 0.101198 -0.0007872 -0.491335 -0.0998555 -0.982874 -0.154877 0.441326 
1530558722382 -0.0164466 -0.154003 0.987934 0.386684 -0.994866 0.101197 -0.00078704 -0.491335 -0.0998549 -0.982875 -0.154876 0.441327 
1530558722512 -0.0164462 -0.154003 0.987934 0.386684 -0.994866 0.101198 -0.00078649 -0.491335 -0.0998554 -0.982874 -0.154877 0.441326 
1530558722529 -0.016446 -0.154003 0.987934 0.386684 -0.994866 0.101197 -0.000786365 -0.491335 -0.0998551 -0.982874 -0.154876 0.441327 
1530558722545 -0.0164457 -0.154003 0.987934 0.386685 -0.994866 0.101198 -0.000786013 -0.491335 -0.0998555 -0.982874 -0.154876 0.441326 
1530558722562 -0.0164458 -0.154003 0.987934 0.386685 -0.994866 0.101198 -0.000786171 -0.491335 -0.0998554 -0.982874 -0.154877 0.441326 
1530558722579 -0.0164458 -0.154003 0.987934 0.386685 -0.994866 0.101197 -0.000786221 -0.491335 -0.0998549 -0.982875 -0.154876 0.441327 
1530558722595 -0.0164457 -0.154003 0.987934 0.386685 -0.994866 0.101197 -0.000786099 -0.491335 -0.0998552 -0.982874 -0.154876 0.441326 
1530558722612 -0.0164456 -0.154003 0.987934 0.386685 -0.994866 0.101198 -0.00078589 -0.491335 -0.0998556 -0.982874 -0.154877 0.441326 
1530558722629 -0.0164453 -0.154003 0.987934 0.386685 -0.994866 0.101197 -0.000785749 -0.491335 -0.099855 -0.982874 -0.154876 0.441326 
1530558722645 -0.0164453 -0.154003 0.987934 0.386685 -0.994866 0.101197 -0.000785727 -0.491335 -0.0998551 -0.982874 -0.154876 0.441326 
1530558722662 -0.0164454 -0.154003 0.987934 0.386685 -0.994866 0.101197 -0.000785718 -0.491335 -0.0998553 -0.982874 -0.154876 0.441326 
1530558722789 -0.016445 -0.154003 0.987933 0.386685 -0.994866 0.101198 -0.000785273 -0.491334 -0.0998559 -0.982874 -0.154877 0.441326 
1530558722805 -0.0164451 -0.154003 0.987933 0.386685 -0.994866 0.101198 -0.000785355 -0.491334 -0.099856 -0.982874 -0.154877 0.441326 
1530558722822 -0.016445 -0.154003 0.987934 0.386685 -0.994866 0.101198 -0.00078527 -0.491334 -0.0998556 -0.982874 -0.154877 0.441326 
1530558722839 -0.0164448 -0.154003 0.987934 0.386685 -0.994866 0.101198 -0.000784984 -0.491334 -0.099856 -0.982874 -0.154877 0.441326 
1530558722855 -0.0164448 -0.154003 0.987934 0.386685 -0.994866 0.101198 -0.000785027 -0.491334 -0.0998563 -0.982874 -0.154877 0.441326 
1530558722872 -0.0164447 -0.154003 0.987934 0.386685 -0.994866 0.101198 -0.000785046 -0.491334 -0.0998556 -0.982874 -0.154877 0.441326 
1530558722893 -0.0164446 -0.154003 0.987933 0.386685 -0.994866 0.101198 -0.000784872 -0.491334 -0.0998559 -0.982874 -0.154877 0.441326 
1530558722909 -0.0164444 -0.154003 0.987934 0.386685 -0.994866 0.101197 -0.000784748 -0.491334 -0.0998553 -0.982874 -0.154877 0.441326 
1530558722926 -0.0164445 -0.154003 0.987933 0.386685 -0.994866 0.101198 -0.000784655 -0.491334 -0.0998562 -0.982874 -0.154877 0.441326 
1530558723069 -0.0164443 -0.154003 0.987933 0.386685 -0.994866 0.101198 -0.000784418 -0.491334 -0.0998563 -0.982874 -0.154877 0.441326 
1530558723086 -0.0164439 -0.154003 0.987933 0.386685 -0.994866 0.101198 -0.000784119 -0.491334 -0.0998564 -0.982874 -0.154877 0.441326 
1530558723103 -0.016444 -0.154003 0.987933 0.386685 -0.994866 0.101199 -0.000784171 -0.491333 -0.0998566 -0.982874 -0.154877 0.441326 
1530558723119 -0.0164438 -0.154003 0.987933 0.386685 -0.994866 0.101198 -0.000783966 -0.491333 -0.0998564 -0.982874 -0.154877 0.441326 
1530558723136 -0.0164437 -0.154003 0.987933 0.386685 -0.994866 0.101198 -0.000783882 -0.491333 -0.0998561 -0.982874 -0.154877 0.441326 
1530558723153 -0.0164438 -0.154003 0.987934 0.386685 -0.994866 0.101198 -0.000783999 -0.491333 -0.0998563 -0.982874 -0.154877 0.441326 
1530558723169 -0.0164438 -0.154003 0.987933 0.386685 -0.994866 0.101199 -0.000783891 -0.491333 -0.0998567 -0.982874 -0.154877 0.441326 
1530558723186 -0.0164438 -0.154004 0.987933 0.386685 -0.994866 0.101199 -0.000783891 -0.491333 -0.0998569 -0.982874 -0.154877 0.441326 
1530558723203 -0.0164435 -0.154003 0.987933 0.386685 -0.994866 0.101198 -0.000783737 -0.491333 -0.0998561 -0.982874 -0.154877 0.441326 
1530558723219 -0.0164434 -0.154003 0.987934 0.386686 -0.994866 0.101198 -0.000783559 -0.491333 -0.0998563 -0.982874 -0.154877 0.441326 
1530558723373 -0.0164433 -0.154003 0.987933 0.386686 -0.994866 0.101199 -0.000783368 -0.491333 -0.099857 -0.982874 -0.154877 0.441326 
1530558723389 -0.0164432 -0.154004 0.987933 0.386686 -0.994866 0.101199 -0.000783268 -0.491333 -0.0998571 -0.982874 -0.154877 0.441326 
1530558723408 -0.0164431 -0.154003 0.987933 0.386686 -0.994866 0.101199 -0.000783197 -0.491333 -0.099857 -0.982874 -0.154877 0.441326 
1530558723423 -0.0164428 -0.154004 0.987933 0.386686 -0.994866 0.101198 -0.00078292 -0.491333 -0.0998564 -0.982874 -0.154877 0.441326 
1530558723444 -0.0164428 -0.154003 0.987934 0.386686 -0.994866 0.101198 -0.000782992 -0.491333 -0.0998562 -0.982874 -0.154877 0.441326 
1530558723461 -0.0164429 -0.154004 0.987933 0.386686 -0.994866 0.101199 -0.000782962 -0.491333 -0.0998572 -0.982874 -0.154877 0.441326 
1530558723477 -0.0164432 -0.154004 0.987933 0.386686 -0.994866 0.101199 -0.000783155 -0.491333 -0.0998575 -0.982874 -0.154877 0.441325 
1530558723494 -0.016443 -0.154004 0.987933 0.386686 -0.994866 0.101199 -0.000783065 -0.491333 -0.0998573 -0.982874 -0.154877 0.441325 
1530558723512 -0.0164427 -0.154004 0.987933 0.386686 -0.994866 0.101199 -0.000782731 -0.491333 -0.0998572 -0.982874 -0.154877 0.441325 
1530558723535 -0.0164427 -0.154004 0.987933 0.386686 -0.994866 0.101199 -0.000782728 -0.491333 -0.0998571 -0.982874 -0.154877 0.441326 
1530558723685 -0.0164423 -0.154004 0.987933 0.386686 -0.994866 0.101199 -0.000782389 -0.491332 -0.0998571 -0.982874 -0.154877 0.441325 
1530558723702 -0.0164423 -0.154004 0.987933 0.386686 -0.994866 0.101199 -0.000782283 -0.491332 -0.0998578 -0.982874 -0.154877 0.441325 
1530558723719 -0.0164424 -0.154004 0.987933 0.386686 -0.994866 0.1012 -0.000782331 -0.491332 -0.0998579 -0.982874 -0.154877 0.441325 
1530558723735 -0.016442 -0.154004 0.987933 0.386686 -0.994866 0.101199 -0.000782077 -0.491332 -0.0998572 -0.982874 -0.154877 0.441325 
1530558723752 -0.0164418 -0.154004 0.987933 0.386686 -0.994866 0.101199 -0.000781825 -0.491332 -0.0998571 -0.982874 -0.154877 0.441325 
1530558723769 -0.0164421 -0.154004 0.987933 0.386686 -0.994866 0.101199 -0.000782069 -0.491332 -0.0998577 -0.982874 -0.154877 0.441325 
1530558723788 -0.016442 -0.154004 0.987933 0.386686 -0.994866 0.101199 -0.000781961 -0.491332 -0.0998578 -0.982874 -0.154877 0.441325 
1530558723802 -0.0164418 -0.154004 0.987933 0.386686 -0.994866 0.101199 -0.000781765 -0.491332 -0.0998575 -0.982874 -0.154877 0.441325 
1530558723819 -0.0164416 -0.154004 0.987933 0.386686 -0.994866 0.101199 -0.000781649 -0.491332 -0.0998575 -0.982874 -0.154877 0.441325 
1530558723835 -0.0164419 -0.154004 0.987933 0.386686 -0.994866 0.101199 -0.000781829 -0.491332 -0.0998576 -0.982874 -0.154877 0.441325 
1530558723985 -0.0164416 -0.154004 0.987933 0.386686 -0.994866 0.101199 -0.000781452 -0.491332 -0.099858 -0.982874 -0.154877 0.441325 
1530558724002 -0.0164414 -0.154004 0.987933 0.386686 -0.994866 0.101199 -0.000781451 -0.491332 -0.0998575 -0.982874 -0.154877 0.441325 
1530558724019 -0.0164411 -0.154004 0.987933 0.386686 -0.994866 0.101199 -0.000781142 -0.491332 -0.0998574 -0.982874 -0.154877 0.441325 
1530558724036 -0.0164416 -0.154004 0.987933 0.386686 -0.994866 0.1012 -0.000781527 -0.491332 -0.099858 -0.982874 -0.154877 0.441325 
1530558724052 -0.0164414 -0.154004 0.987933 0.386686 -0.994866 0.101199 -0.000781325 -0.491332 -0.0998579 -0.982874 -0.154877 0.441325 
1530558724069 -0.0164411 -0.154004 0.987933 0.386686 -0.994866 0.101199 -0.000781114 -0.491332 -0.0998574 -0.982874 -0.154877 0.441325 
1530558724085 -0.016441 -0.154004 0.987933 0.386686 -0.994866 0.101199 -0.000780969 -0.491332 -0.0998578 -0.982874 -0.154877 0.441325 
1530558724102 -0.0164411 -0.154004 0.987933 0.386686 -0.994866 0.101199 -0.000781001 -0.491332 -0.0998579 -0.982874 -0.154877 0.441325 
1530558724119 -0.0164411 -0.154004 0.987933 0.386686 -0.994866 0.101199 -0.000781001 -0.491332 -0.0998578 -0.982874 -0.154877 0.441325 
1530558724135 -0.0164408 -0.154004 0.987933 0.386687 -0.994866 0.101199 -0.000780842 -0.491332 -0.0998571 -0.982874 -0.154877 0.441325 
1530558724289 -0.0164405 -0.154004 0.987933 0.386687 -0.994866 0.101199 -0.000780444 -0.491331 -0.0998575 -0.982874 -0.154877 0.441325 
1530558724306 -0.0164406 -0.154004 0.987933 0.386687 -0.994866 0.101199 -0.000780494 -0.491331 -0.0998579 -0.982874 -0.154877 0.441325 
1530558724322 -0.0164407 -0.154004 0.987933 0.386687 -0.994866 0.101199 -0.000780561 -0.491331 -0.0998581 -0.982874 -0.154877 0.441325 
1530558724339 -0.0164402 -0.154004 0.987933 0.386687 -0.994866 0.101199 -0.00078019 -0.491331 -0.0998576 -0.982874 -0.154877 0.441325 
1530558724356 -0.0164402 -0.154004 0.987933 0.386687 -0.994866 0.101199 -0.000780164 -0.491331 -0.0998577 -0.982874 -0.154877 0.441325 
1530558724372 -0.0164403 -0.154004 0.987933 0.386687 -0.994866 0.101199 -0.000780198 -0.491331 -0.0998581 -0.982874 -0.154877 0.441325 
1530558724389 -0.0164402 -0.154004 0.987933 0.386687 -0.994866 0.101199 -0.000780137 -0.491331 -0.0998582 -0.982874 -0.154877 0.441325 
1530558724405 -0.0164398 -0.154004 0.987934 0.386687 -0.994866 0.101199 -0.000779854 -0.491331 -0.0998575 -0.982874 -0.154877 0.441325 
1530558724422 -0.0164398 -0.154004 0.987934 0.386687 -0.994866 0.101199 -0.000779862 -0.491331 -0.0998575 -0.982874 -0.154877 0.441325 
1530558724439 -0.01644 -0.154004 0.987933 0.386687 -0.994866 0.101199 -0.00077993 -0.491331 -0.0998582 -0.982874 -0.154877 0.441325 
1530558724589 -0.0164396 -0.154004 0.987933 0.386687 -0.994866 0.101199 -0.000779481 -0.491331 -0.0998582 -0.982874 -0.154877 0.441325 
1530558724606 -0.0164395 -0.154004 0.987933 0.386687 -0.994866 0.101199 -0.000779438 -0.491331 -0.0998579 -0.982874 -0.154877 0.441325 
1530558724622 -0.0164393 -0.154004 0.987933 0.386687 -0.994866 0.101199 -0.000779255 -0.491331 -0.0998578 -0.982874 -0.154877 0.441325 
1530558724639 -0.0164395 -0.154004 0.987933 0.386687 -0.994866 0.101199 -0.000779493 -0.491331 -0.0998579 -0.982874 -0.154877 0.441325 
1530558724655 -0.0164395 -0.154004 0.987933 0.386687 -0.994866 0.101199 -0.000779418 -0.491331 -0.0998582 -0.982874 -0.154877 0.441325 
