1531944043438 0.275657 0.633204 -0.723233 -0.604483 -0.8825 0.464965 0.0707247 -0.181741 0.381061 0.618757 0.686973 0.426588 
1531944043448 -0.186319 0.845148 -0.501008 -0.595444 -0.975422 -0.0980669 0.19732 -0.251671 0.117632 0.525459 0.842648 0.409373 
1531944043458 -0.187231 0.845419 -0.500212 -0.597087 -0.97521 -0.098835 0.197982 -0.254964 0.11794 0.52488 0.842966 0.40735 
1531944043469 -0.187247 0.845429 -0.500188 -0.597265 -0.975206 -0.0988475 0.197997 -0.255093 0.11795 0.524861 0.842976 0.40726 
1531944043478 -0.18725 0.845429 -0.500187 -0.597275 -0.975206 -0.0988521 0.197995 -0.255107 0.117946 0.52486 0.842977 0.407257 
1531944043493 -0.187251 0.845429 -0.500187 -0.597273 -0.975206 -0.0988555 0.197993 -0.255114 0.117942 0.52486 0.842978 0.407258 
1531944043494 0 0 0 0 0 0 0 0 0 0 0 0 
1531944043494 0 0 0 0 0 0 0 0 0 0 0 0 
1531944043504 -0.187253 0.845429 -0.500187 -0.597271 -0.975206 -0.0988579 0.197991 -0.255119 0.11794 0.524859 0.842978 0.407259 
1531944043508 0 0 0 0 0 0 0 0 0 0 0 0 
1531944043519 -0.187253 0.845429 -0.500186 -0.597269 -0.975206 -0.0988593 0.19799 -0.255122 0.117939 0.524859 0.842979 0.40726 
1531944043529 -0.187254 0.845429 -0.500186 -0.597268 -0.975206 -0.0988601 0.19799 -0.255123 0.117938 0.524859 0.842979 0.407261 
1531944043533 0 0 0 0 0 0 0 0 0 0 0 0 
1531944043535 0 0 0 0 0 0 0 0 0 0 0 0 
1531944043537 0 0 0 0 0 0 0 0 0 0 0 0 
1531944043548 -0.187253 0.845429 -0.500186 -0.597258 -0.975206 -0.0988592 0.19799 -0.255118 0.117938 0.524859 0.842979 0.407261 
1531944043585 0 0 0 0 0 0 0 0 0 0 0 0 
1531944043586 0 0 0 0 0 0 0 0 0 0 0 0 
1531944043595 0 0 0 0 0 0 0 0 0 0 0 0 
1531944043595 0 0 0 0 0 0 0 0 0 0 0 0 
1531944043598 0 0 0 0 0 0 0 0 0 0 0 0 
1531944043608 -0.187253 0.845429 -0.500186 -0.597258 -0.975206 -0.0988592 0.19799 -0.255118 0.117938 0.524859 0.842979 0.407261 
1531944043609 0 0 0 0 0 0 0 0 0 0 0 0 
1531944043612 0 0 0 0 0 0 0 0 0 0 0 0 
1531944043616 0 0 0 0 0 0 0 0 0 0 0 0 
1531944043626 -0.187254 0.845429 -0.500186 -0.597267 -0.975206 -0.0988607 0.197989 -0.255126 0.117937 0.524859 0.842979 0.407261 
1531944043636 -0.187254 0.845429 -0.500186 -0.597268 -0.975206 -0.0988609 0.197989 -0.255126 0.117937 0.524859 0.842979 0.407261 
1531944043641 0 0 0 0 0 0 0 0 0 0 0 0 
1531944043649 -0.187254 0.845429 -0.500186 -0.597268 -0.975206 -0.0988609 0.197989 -0.255126 0.117937 0.524859 0.842979 0.407261 
1531944043652 0 0 0 0 0 0 0 0 0 0 0 0 
1531944043656 0 0 0 0 0 0 0 0 0 0 0 0 
1531944043666 -0.187254 0.845429 -0.500186 -0.597268 -0.975206 -0.0988609 0.197989 -0.255126 0.117937 0.524859 0.842979 0.407261 
1531944043676 -0.187254 0.845429 -0.500186 -0.597268 -0.975206 -0.0988609 0.197989 -0.255126 0.117937 0.524859 0.842979 0.407261 
1531944043686 -0.187254 0.845429 -0.500186 -0.597268 -0.975206 -0.0988609 0.197989 -0.255126 0.117937 0.524859 0.842979 0.407261 
1531944043696 -0.187254 0.845429 -0.500186 -0.597268 -0.975206 -0.0988609 0.197989 -0.255126 0.117937 0.524859 0.842979 0.407261 
1531944043706 -0.187254 0.845429 -0.500186 -0.597268 -0.975206 -0.0988609 0.197989 -0.255126 0.117937 0.524859 0.842979 0.407261 
1531944043716 -0.187254 0.845429 -0.500186 -0.597268 -0.975206 -0.0988609 0.197989 -0.255126 0.117937 0.524859 0.842979 0.407261 
1531944043733 -0.187254 0.845429 -0.500186 -0.597268 -0.975206 -0.0988609 0.197989 -0.255126 0.117937 0.524859 0.842979 0.407261 
1531944043736 0 0 0 0 0 0 0 0 0 0 0 0 
1531944043742 0 0 0 0 0 0 0 0 0 0 0 0 
1531944043750 -0.187254 0.845429 -0.500186 -0.597268 -0.975206 -0.0988609 0.197989 -0.255126 0.117937 0.524859 0.842979 0.407261 
1531944043752 0 0 0 0 0 0 0 0 0 0 0 0 
1531944043756 0 0 0 0 0 0 0 0 0 0 0 0 
1531944043768 -0.187254 0.845429 -0.500186 -0.597268 -0.975206 -0.0988609 0.197989 -0.255126 0.117937 0.524859 0.842979 0.407261 
1531944043779 -0.187254 0.845429 -0.500186 -0.597268 -0.975206 -0.0988609 0.197989 -0.255126 0.117937 0.524859 0.842979 0.407261 
1531944043779 0 0 0 0 0 0 0 0 0 0 0 0 
1531944043789 -0.187254 0.845429 -0.500186 -0.597268 -0.975206 -0.0988609 0.197989 -0.255126 0.117937 0.524859 0.842979 0.407261 
1531944043799 -0.187254 0.845429 -0.500186 -0.597268 -0.975206 -0.0988609 0.197989 -0.255126 0.117937 0.524859 0.842979 0.407261 
1531944043811 -0.187254 0.845429 -0.500186 -0.597268 -0.975206 -0.0988609 0.197989 -0.255126 0.117937 0.524859 0.842979 0.407261 
1531944043819 -0.187254 0.845429 -0.500186 -0.597268 -0.975206 -0.0988609 0.197989 -0.255126 0.117937 0.524859 0.842979 0.407261 
1531944043822 0 0 0 0 0 0 0 0 0 0 0 0 
1531944043826 0 0 0 0 0 0 0 0 0 0 0 0 
1531944043836 -0.187254 0.845429 -0.500186 -0.597268 -0.975206 -0.0988609 0.197989 -0.255126 0.117937 0.524859 0.842979 0.407261 
1531944043846 -0.187254 0.845429 -0.500186 -0.597268 -0.975206 -0.0988609 0.197989 -0.255126 0.117937 0.524859 0.842979 0.407261 
1531944043898 0 0 0 0 0 0 0 0 0 0 0 0 
1531944043898 0 0 0 0 0 0 0 0 0 0 0 0 
1531944043912 -0.187254 0.845429 -0.500186 -0.597268 -0.975206 -0.0988609 0.197989 -0.255126 0.117937 0.524859 0.842979 0.407261 
1531944043912 0 0 0 0 0 0 0 0 0 0 0 0 
1531944043916 0 0 0 0 0 0 0 0 0 0 0 0 
1531944043918 0 0 0 0 0 0 0 0 0 0 0 0 
1531944043929 -0.187254 0.845429 -0.500186 -0.597268 -0.975206 -0.0988609 0.197989 -0.255126 0.117937 0.524859 0.842979 0.407261 
1531944043939 -0.187254 0.845429 -0.500186 -0.597268 -0.975206 -0.0988609 0.197989 -0.255126 0.117937 0.524859 0.842979 0.407261 
1531944043949 -0.187254 0.845429 -0.500186 -0.597268 -0.975206 -0.0988609 0.197989 -0.255126 0.117937 0.524859 0.842979 0.407261 
1531944043959 -0.187254 0.845429 -0.500186 -0.597268 -0.975206 -0.0988609 0.197989 -0.255126 0.117937 0.524859 0.842979 0.407261 
1531944043969 -0.187254 0.845429 -0.500186 -0.597268 -0.975206 -0.0988609 0.197989 -0.255126 0.117937 0.524859 0.842979 0.407261 
1531944043979 -0.187254 0.845429 -0.500186 -0.597268 -0.975206 -0.0988609 0.197989 -0.255126 0.117937 0.524859 0.842979 0.407261 
1531944043989 -0.187254 0.845429 -0.500186 -0.597268 -0.975206 -0.0988609 0.197989 -0.255126 0.117937 0.524859 0.842979 0.407261 
1531944043999 -0.187254 0.845429 -0.500186 -0.597268 -0.975206 -0.0988609 0.197989 -0.255126 0.117937 0.524859 0.842979 0.407261 
1531944044009 -0.187254 0.845429 -0.500186 -0.597268 -0.975206 -0.0988609 0.197989 -0.255126 0.117937 0.524859 0.842979 0.407261 
1531944044028 0 0 0 0 0 0 0 0 0 0 0 0 
1531944044028 0 0 0 0 0 0 0 0 0 0 0 0 
1531944044045 -0.187254 0.845429 -0.500186 -0.597268 -0.975206 -0.0988609 0.197989 -0.255126 0.117937 0.524859 0.842979 0.407261 
1531944044047 0 0 0 0 0 0 0 0 0 0 0 0 
1531944044058 -0.187254 0.845429 -0.500186 -0.597268 -0.975206 -0.0988609 0.197989 -0.255126 0.117937 0.524859 0.842979 0.407261 
1531944044068 -0.187254 0.845429 -0.500186 -0.597268 -0.975206 -0.0988609 0.197989 -0.255126 0.117937 0.524859 0.842979 0.407261 
1531944044078 -0.187254 0.845429 -0.500186 -0.597268 -0.975206 -0.0988609 0.197989 -0.255126 0.117937 0.524859 0.842979 0.407261 
1531944044088 -0.187254 0.845429 -0.500186 -0.597268 -0.975206 -0.0988609 0.197989 -0.255126 0.117937 0.524859 0.842979 0.407261 
1531944044098 -0.187254 0.845429 -0.500186 -0.597268 -0.975206 -0.0988609 0.197989 -0.255126 0.117937 0.524859 0.842979 0.407261 
1531944044108 -0.187254 0.845429 -0.500186 -0.597268 -0.975206 -0.0988609 0.197989 -0.255126 0.117937 0.524859 0.842979 0.407261 
1531944044118 -0.187254 0.845429 -0.500186 -0.597268 -0.975206 -0.0988609 0.197989 -0.255126 0.117937 0.524859 0.842979 0.407261 
1531944044128 -0.187254 0.845429 -0.500186 -0.597268 -0.975206 -0.0988609 0.197989 -0.255126 0.117937 0.524859 0.842979 0.407261 
1531944044131 0 0 0 0 0 0 0 0 0 0 0 0 
1531944044134 0 0 0 0 0 0 0 0 0 0 0 0 
1531944044138 0 0 0 0 0 0 0 0 0 0 0 0 
1531944044148 -0.187254 0.845429 -0.500186 -0.597268 -0.975206 -0.0988609 0.197989 -0.255126 0.117937 0.524859 0.842979 0.407261 
1531944044170 0 0 0 0 0 0 0 0 0 0 0 0 
1531944044177 -0.187254 0.845429 -0.500186 -0.597268 -0.975206 -0.0988609 0.197989 -0.255126 0.117937 0.524859 0.842979 0.407261 
1531944044198 -0.187254 0.845429 -0.500186 -0.597268 -0.975206 -0.0988609 0.197989 -0.255126 0.117937 0.524859 0.842979 0.407261 
1531944044198 0 0 0 0 0 0 0 0 0 0 0 0 
1531944044208 -0.187254 0.845429 -0.500186 -0.597268 -0.975206 -0.0988609 0.197989 -0.255126 0.117937 0.524859 0.842979 0.407261 
1531944044218 -0.187254 0.845429 -0.500186 -0.597268 -0.975206 -0.0988609 0.197989 -0.255126 0.117937 0.524859 0.842979 0.407261 
1531944044228 -0.187254 0.845429 -0.500186 -0.597268 -0.975206 -0.0988609 0.197989 -0.255126 0.117937 0.524859 0.842979 0.407261 
1531944044243 -0.187254 0.845429 -0.500186 -0.597268 -0.975206 -0.0988609 0.197989 -0.255126 0.117937 0.524859 0.842979 0.407261 
1531944044243 0 0 0 0 0 0 0 0 0 0 0 0 
1531944044244 0 0 0 0 0 0 0 0 0 0 0 0 
1531944044249 0 0 0 0 0 0 0 0 0 0 0 0 
1531944044263 -0.187254 0.845429 -0.500186 -0.597268 -0.975206 -0.0988609 0.197989 -0.255126 0.117937 0.524859 0.842979 0.407261 
1531944044263 0 0 0 0 0 0 0 0 0 0 0 0 
1531944044265 0 0 0 0 0 0 0 0 0 0 0 0 
1531944044268 0 0 0 0 0 0 0 0 0 0 0 0 
1531944044278 -0.187254 0.845429 -0.500186 -0.597268 -0.975206 -0.0988609 0.197989 -0.255126 0.117937 0.524859 0.842979 0.407261 
1531944044291 -0.187254 0.845429 -0.500186 -0.597268 -0.975206 -0.0988609 0.197989 -0.255126 0.117937 0.524859 0.842979 0.407261 
1531944044291 0 0 0 0 0 0 0 0 0 0 0 0 
1531944044295 0 0 0 0 0 0 0 0 0 0 0 0 
1531944044298 0 0 0 0 0 0 0 0 0 0 0 0 
1531944044308 -0.187254 0.845429 -0.500186 -0.597268 -0.975206 -0.0988609 0.197989 -0.255126 0.117937 0.524859 0.842979 0.407261 
1531944044334 0 0 0 0 0 0 0 0 0 0 0 0 
1531944044334 0 0 0 0 0 0 0 0 0 0 0 0 
1531944044337 0 0 0 0 0 0 0 0 0 0 0 0 
1531944044348 -0.187254 0.845429 -0.500186 -0.597268 -0.975206 -0.0988609 0.197989 -0.255126 0.117937 0.524859 0.842979 0.407261 
1531944044358 -0.187254 0.845429 -0.500186 -0.597268 -0.975206 -0.0988609 0.197989 -0.255126 0.117937 0.524859 0.842979 0.407261 
1531944044368 -0.187254 0.845429 -0.500186 -0.597268 -0.975206 -0.0988609 0.197989 -0.255126 0.117937 0.524859 0.842979 0.407261 
1531944044381 -0.187254 0.845429 -0.500186 -0.597268 -0.975206 -0.0988609 0.197989 -0.255126 0.117937 0.524859 0.842979 0.407261 
1531944044387 -0.187254 0.845429 -0.500186 -0.597268 -0.975206 -0.0988609 0.197989 -0.255126 0.117937 0.524859 0.842979 0.407261 
1531944044397 -0.187254 0.845429 -0.500186 -0.597268 -0.975206 -0.0988609 0.197989 -0.255126 0.117937 0.524859 0.842979 0.407261 
1531944044408 -0.187254 0.845429 -0.500186 -0.597268 -0.975206 -0.0988609 0.197989 -0.255126 0.117937 0.524859 0.842979 0.407261 
1531944044411 0 0 0 0 0 0 0 0 0 0 0 0 
1531944044414 0 0 0 0 0 0 0 0 0 0 0 0 
1531944044418 0 0 0 0 0 0 0 0 0 0 0 0 
1531944044428 -0.187254 0.845429 -0.500186 -0.597268 -0.975206 -0.0988609 0.197989 -0.255126 0.117937 0.524859 0.842979 0.407261 
1531944044440 -0.187254 0.845429 -0.500186 -0.597268 -0.975206 -0.0988609 0.197989 -0.255126 0.117937 0.524859 0.842979 0.407261 
1531944044447 -0.187254 0.845429 -0.500186 -0.597268 -0.975206 -0.0988609 0.197989 -0.255126 0.117937 0.524859 0.842979 0.407261 
1531944044488 0 0 0 0 0 0 0 0 0 0 0 0 
1531944044488 0 0 0 0 0 0 0 0 0 0 0 0 
1531944044488 0 0 0 0 0 0 0 0 0 0 0 0 
1531944044488 0 0 0 0 0 0 0 0 0 0 0 0 
1531944044490 0 0 0 0 0 0 0 0 0 0 0 0 
1531944044490 0 0 0 0 0 0 0 0 0 0 0 0 
1531944044503 -0.187254 0.845429 -0.500186 -0.597268 -0.975206 -0.0988609 0.197989 -0.255126 0.117937 0.524859 0.842979 0.407261 
1531944044510 -0.187254 0.845429 -0.500186 -0.597268 -0.975206 -0.0988609 0.197989 -0.255126 0.117937 0.524859 0.842979 0.407261 
1531944044513 0 0 0 0 0 0 0 0 0 0 0 0 
1531944044523 -0.187254 0.845429 -0.500186 -0.597268 -0.975206 -0.0988609 0.197989 -0.255126 0.117937 0.524859 0.842979 0.407261 
1531944044533 -0.187254 0.845429 -0.500186 -0.597268 -0.975206 -0.0988609 0.197989 -0.255126 0.117937 0.524859 0.842979 0.407261 
1531944044543 -0.187254 0.845429 -0.500186 -0.597268 -0.975206 -0.0988609 0.197989 -0.255126 0.117937 0.524859 0.842979 0.407261 
1531944044546 0 0 0 0 0 0 0 0 0 0 0 0 
1531944044549 0 0 0 0 0 0 0 0 0 0 0 0 
1531944044560 -0.187254 0.845429 -0.500186 -0.597268 -0.975206 -0.0988609 0.197989 -0.255126 0.117937 0.524859 0.842979 0.407261 
1531944044570 -0.187254 0.845429 -0.500186 -0.597268 -0.975206 -0.0988609 0.197989 -0.255126 0.117937 0.524859 0.842979 0.407261 
1531944044580 -0.187254 0.845429 -0.500186 -0.597268 -0.975206 -0.0988609 0.197989 -0.255126 0.117937 0.524859 0.842979 0.407261 
1531944044590 -0.187254 0.845429 -0.500186 -0.597268 -0.975206 -0.0988609 0.197989 -0.255126 0.117937 0.524859 0.842979 0.407261 
1531944044600 -0.187254 0.845429 -0.500186 -0.597268 -0.975206 -0.0988609 0.197989 -0.255126 0.117937 0.524859 0.842979 0.407261 
1531944044617 0 0 0 0 0 0 0 0 0 0 0 0 
1531944044617 0 0 0 0 0 0 0 0 0 0 0 0 
1531944044620 0 0 0 0 0 0 0 0 0 0 0 0 
1531944044630 -0.187254 0.845429 -0.500186 -0.597268 -0.975206 -0.0988609 0.197989 -0.255126 0.117937 0.524859 0.842979 0.407261 
1531944044640 -0.187254 0.845429 -0.500186 -0.597268 -0.975206 -0.0988609 0.197989 -0.255126 0.117937 0.524859 0.842979 0.407261 
1531944044650 -0.187254 0.845429 -0.500186 -0.597268 -0.975206 -0.0988609 0.197989 -0.255126 0.117937 0.524859 0.842979 0.407261 
1531944044660 -0.187254 0.845429 -0.500186 -0.597268 -0.975206 -0.0988609 0.197989 -0.255126 0.117937 0.524859 0.842979 0.407261 
1531944044675 -0.187254 0.845429 -0.500186 -0.597268 -0.975206 -0.0988609 0.197989 -0.255126 0.117937 0.524859 0.842979 0.407261 
1531944044675 0 0 0 0 0 0 0 0 0 0 0 0 
1531944044683 -0.187254 0.845429 -0.500186 -0.597268 -0.975206 -0.0988609 0.197989 -0.255126 0.117937 0.524859 0.842979 0.407261 
1531944044693 -0.187254 0.845429 -0.500186 -0.597268 -0.975206 -0.0988609 0.197989 -0.255126 0.117937 0.524859 0.842979 0.407261 
1531944044703 -0.187254 0.845429 -0.500186 -0.597268 -0.975206 -0.0988609 0.197989 -0.255126 0.117937 0.524859 0.842979 0.407261 
1531944044713 -0.187254 0.845429 -0.500186 -0.597268 -0.975206 -0.0988609 0.197989 -0.255126 0.117937 0.524859 0.842979 0.407261 
1531944044723 -0.187254 0.845429 -0.500186 -0.597268 -0.975206 -0.0988609 0.197989 -0.255126 0.117937 0.524859 0.842979 0.407261 
1531944044771 0 0 0 0 0 0 0 0 0 0 0 0 
1531944044771 0 0 0 0 0 0 0 0 0 0 0 0 
1531944044774 0 0 0 0 0 0 0 0 0 0 0 0 
1531944044783 -0.187254 0.845429 -0.500186 -0.597268 -0.975206 -0.0988609 0.197989 -0.255126 0.117937 0.524859 0.842979 0.407261 
1531944044793 -0.187254 0.845429 -0.500186 -0.597268 -0.975206 -0.0988609 0.197989 -0.255126 0.117937 0.524859 0.842979 0.407261 
1531944044803 -0.187254 0.845429 -0.500186 -0.597268 -0.975206 -0.0988609 0.197989 -0.255126 0.117937 0.524859 0.842979 0.407261 
1531944044806 0 0 0 0 0 0 0 0 0 0 0 0 
1531944044817 -0.187254 0.845429 -0.500186 -0.597268 -0.975206 -0.0988609 0.197989 -0.255126 0.117937 0.524859 0.842979 0.407261 
1531944044820 0 0 0 0 0 0 0 0 0 0 0 0 
1531944044823 0 0 0 0 0 0 0 0 0 0 0 0 
1531944044833 -0.187254 0.845429 -0.500186 -0.597268 -0.975206 -0.0988609 0.197989 -0.255126 0.117937 0.524859 0.842979 0.407261 
1531944044836 0 0 0 0 0 0 0 0 0 0 0 0 
1531944044847 -0.187254 0.845429 -0.500186 -0.597268 -0.975206 -0.0988609 0.197989 -0.255126 0.117937 0.524859 0.842979 0.407261 
1531944044857 -0.187254 0.845429 -0.500186 -0.597268 -0.975206 -0.0988609 0.197989 -0.255126 0.117937 0.524859 0.842979 0.407261 
1531944044867 -0.187254 0.845429 -0.500186 -0.597268 -0.975206 -0.0988609 0.197989 -0.255126 0.117937 0.524859 0.842979 0.407261 
1531944044877 -0.187254 0.845429 -0.500186 -0.597268 -0.975206 -0.0988609 0.197989 -0.255126 0.117937 0.524859 0.842979 0.407261 
1531944044887 -0.187254 0.845429 -0.500186 -0.597268 -0.975206 -0.0988609 0.197989 -0.255126 0.117937 0.524859 0.842979 0.407261 
1531944044963 -0.187254 0.845429 -0.500186 -0.597268 -0.975206 -0.0988609 0.197989 -0.255126 0.117937 0.524859 0.842979 0.407261 
1531944044966 0 0 0 0 0 0 0 0 0 0 0 0 
1531944044976 -0.187254 0.845429 -0.500186 -0.597268 -0.975206 -0.0988609 0.197989 -0.255126 0.117937 0.524859 0.842979 0.407261 
1531944044986 -0.187254 0.845429 -0.500186 -0.597268 -0.975206 -0.0988609 0.197989 -0.255126 0.117937 0.524859 0.842979 0.407261 
1531944044996 0 0 0 0 0 0 0 0 0 0 0 0 
1531944044996 0 0 0 0 0 0 0 0 0 0 0 0 
1531944045008 -0.187254 0.845429 -0.500186 -0.597268 -0.975206 -0.0988609 0.197989 -0.255126 0.117937 0.524859 0.842979 0.407261 
1531944045019 -0.187254 0.845429 -0.500186 -0.597268 -0.975206 -0.0988609 0.197989 -0.255126 0.117937 0.524859 0.842979 0.407261 
1531944045019 0 0 0 0 0 0 0 0 0 0 0 0 
1531944045023 0 0 0 0 0 0 0 0 0 0 0 0 
1531944045026 0 0 0 0 0 0 0 0 0 0 0 0 
1531944045036 -0.187254 0.845429 -0.500186 -0.597268 -0.975206 -0.0988609 0.197989 -0.255126 0.117937 0.524859 0.842979 0.407261 
1531944045046 -0.187254 0.845429 -0.500186 -0.597268 -0.975206 -0.0988609 0.197989 -0.255126 0.117937 0.524859 0.842979 0.407261 
1531944045056 -0.187254 0.845429 -0.500186 -0.597268 -0.975206 -0.0988609 0.197989 -0.255126 0.117937 0.524859 0.842979 0.407261 
1531944045059 0 0 0 0 0 0 0 0 0 0 0 0 
1531944045063 0 0 0 0 0 0 0 0 0 0 0 0 
1531944045066 0 0 0 0 0 0 0 0 0 0 0 0 
1531944045076 -0.187254 0.845429 -0.500186 -0.597268 -0.975206 -0.0988609 0.197989 -0.255126 0.117937 0.524859 0.842979 0.407261 
1531944045086 -0.187254 0.845429 -0.500186 -0.597268 -0.975206 -0.0988609 0.197989 -0.255126 0.117937 0.524859 0.842979 0.407261 
1531944045105 0 0 0 0 0 0 0 0 0 0 0 0 
1531944045105 0 0 0 0 0 0 0 0 0 0 0 0 
1531944045107 0 0 0 0 0 0 0 0 0 0 0 0 
1531944045112 0 0 0 0 0 0 0 0 0 0 0 0 
1531944045117 0 0 0 0 0 0 0 0 0 0 0 0 
1531944045117 0 0 0 0 0 0 0 0 0 0 0 0 
1531944045120 0 0 0 0 0 0 0 0 0 0 0 0 
1531944045124 0 0 0 0 0 0 0 0 0 0 0 0 
1531944045127 0 0 0 0 0 0 0 0 0 0 0 0 
1531944045137 -0.187254 0.845429 -0.500186 -0.597268 -0.975206 -0.0988609 0.197989 -0.255126 0.117937 0.524859 0.842979 0.407261 
1531944045147 -0.187254 0.845429 -0.500186 -0.597268 -0.975206 -0.0988609 0.197989 -0.255126 0.117937 0.524859 0.842979 0.407261 
1531944045157 -0.187254 0.845429 -0.500186 -0.597268 -0.975206 -0.0988609 0.197989 -0.255126 0.117937 0.524859 0.842979 0.407261 
1531944045167 -0.187254 0.845429 -0.500186 -0.597268 -0.975206 -0.0988609 0.197989 -0.255126 0.117937 0.524859 0.842979 0.407261 
1531944045177 -0.187254 0.845429 -0.500186 -0.597268 -0.975206 -0.0988609 0.197989 -0.255126 0.117937 0.524859 0.842979 0.407261 
1531944045187 -0.187254 0.845429 -0.500186 -0.597268 -0.975206 -0.0988609 0.197989 -0.255126 0.117937 0.524859 0.842979 0.407261 
1531944045190 0 0 0 0 0 0 0 0 0 0 0 0 
1531944045194 0 0 0 0 0 0 0 0 0 0 0 0 
1531944045204 -0.187254 0.845429 -0.500186 -0.597268 -0.975206 -0.0988609 0.197989 -0.255126 0.117937 0.524859 0.842979 0.407261 
1531944045208 0 0 0 0 0 0 0 0 0 0 0 0 
1531944045214 0 0 0 0 0 0 0 0 0 0 0 0 
1531944045214 0 0 0 0 0 0 0 0 0 0 0 0 
1531944045217 0 0 0 0 0 0 0 0 0 0 0 0 
1531944045220 0 0 0 0 0 0 0 0 0 0 0 0 
1531944045224 0 0 0 0 0 0 0 0 0 0 0 0 
1531944045227 0 0 0 0 0 0 0 0 0 0 0 0 
1531944045239 -0.187254 0.845429 -0.500186 -0.597268 -0.975206 -0.0988609 0.197989 -0.255126 0.117937 0.524859 0.842979 0.407261 
1531944045240 0 0 0 0 0 0 0 0 0 0 0 0 
1531944045244 0 0 0 0 0 0 0 0 0 0 0 0 
1531944045247 0 0 0 0 0 0 0 0 0 0 0 0 
1531944045257 -0.187254 0.845429 -0.500186 -0.597268 -0.975206 -0.0988609 0.197989 -0.255126 0.117937 0.524859 0.842979 0.407261 
1531944045267 -0.187254 0.845429 -0.500186 -0.597268 -0.975206 -0.0988609 0.197989 -0.255126 0.117937 0.524859 0.842979 0.407261 
1531944045295 0 0 0 0 0 0 0 0 0 0 0 0 
1531944045295 0 0 0 0 0 0 0 0 0 0 0 0 
1531944045296 0 0 0 0 0 0 0 0 0 0 0 0 
1531944045306 -0.187254 0.845429 -0.500186 -0.597268 -0.975206 -0.0988609 0.197989 -0.255126 0.117937 0.524859 0.842979 0.407261 
1531944045316 -0.187254 0.845429 -0.500186 -0.597268 -0.975206 -0.0988609 0.197989 -0.255126 0.117937 0.524859 0.842979 0.407261 
1531944045326 -0.187254 0.845429 -0.500186 -0.597268 -0.975206 -0.0988609 0.197989 -0.255126 0.117937 0.524859 0.842979 0.407261 
1531944045336 -0.187254 0.845429 -0.500186 -0.597268 -0.975206 -0.0988609 0.197989 -0.255126 0.117937 0.524859 0.842979 0.407261 
1531944045347 -0.187254 0.845429 -0.500186 -0.597268 -0.975206 -0.0988609 0.197989 -0.255126 0.117937 0.524859 0.842979 0.407261 
1531944045356 -0.187254 0.845429 -0.500186 -0.597268 -0.975206 -0.0988609 0.197989 -0.255126 0.117937 0.524859 0.842979 0.407261 
1531944045359 0 0 0 0 0 0 0 0 0 0 0 0 
1531944045370 -0.187254 0.845429 -0.500186 -0.597268 -0.975206 -0.0988609 0.197989 -0.255126 0.117937 0.524859 0.842979 0.407261 
1531944045380 -0.187254 0.845429 -0.500186 -0.597268 -0.975206 -0.0988609 0.197989 -0.255126 0.117937 0.524859 0.842979 0.407261 
1531944045391 -0.187254 0.845429 -0.500186 -0.597268 -0.975206 -0.0988609 0.197989 -0.255126 0.117937 0.524859 0.842979 0.407261 
1531944045400 -0.187254 0.845429 -0.500186 -0.597268 -0.975206 -0.0988609 0.197989 -0.255126 0.117937 0.524859 0.842979 0.407261 
1531944045438 0 0 0 0 0 0 0 0 0 0 0 0 
1531944045439 0 0 0 0 0 0 0 0 0 0 0 0 
1531944045449 -0.187254 0.845429 -0.500186 -0.597268 -0.975206 -0.0988609 0.197989 -0.255126 0.117937 0.524859 0.842979 0.407261 
1531944045459 -0.187254 0.845429 -0.500186 -0.597268 -0.975206 -0.0988609 0.197989 -0.255126 0.117937 0.524859 0.842979 0.407261 
1531944045469 -0.187254 0.845429 -0.500186 -0.597268 -0.975206 -0.0988609 0.197989 -0.255126 0.117937 0.524859 0.842979 0.407261 
1531944045479 -0.187254 0.845429 -0.500186 -0.597268 -0.975206 -0.0988609 0.197989 -0.255126 0.117937 0.524859 0.842979 0.407261 
1531944045482 0 0 0 0 0 0 0 0 0 0 0 0 
1531944045485 0 0 0 0 0 0 0 0 0 0 0 0 
1531944045496 -0.187254 0.845429 -0.500186 -0.597268 -0.975206 -0.0988609 0.197989 -0.255126 0.117937 0.524859 0.842979 0.407261 
1531944045506 -0.187254 0.845429 -0.500186 -0.597268 -0.975206 -0.0988609 0.197989 -0.255126 0.117937 0.524859 0.842979 0.407261 
1531944045516 -0.187254 0.845429 -0.500186 -0.597268 -0.975206 -0.0988609 0.197989 -0.255126 0.117937 0.524859 0.842979 0.407261 
1531944045519 0 0 0 0 0 0 0 0 0 0 0 0 
1531944045529 -0.187254 0.845429 -0.500186 -0.597268 -0.975206 -0.0988609 0.197989 -0.255126 0.117937 0.524859 0.842979 0.407261 
1531944045535 0 0 0 0 0 0 0 0 0 0 0 0 
1531944045535 0 0 0 0 0 0 0 0 0 0 0 0 
1531944045546 -0.187254 0.845429 -0.500186 -0.597268 -0.975206 -0.0988609 0.197989 -0.255126 0.117937 0.524859 0.842979 0.407261 
1531944045556 -0.187254 0.845429 -0.500186 -0.597268 -0.975206 -0.0988609 0.197989 -0.255126 0.117937 0.524859 0.842979 0.407261 
1531944045621 -0.187254 0.845429 -0.500186 -0.597268 -0.975206 -0.0988609 0.197989 -0.255126 0.117937 0.524859 0.842979 0.407261 
1531944045624 0 0 0 0 0 0 0 0 0 0 0 0 
1531944045627 0 0 0 0 0 0 0 0 0 0 0 0 
1531944045634 0 0 0 0 0 0 0 0 0 0 0 0 
1531944045634 0 0 0 0 0 0 0 0 0 0 0 0 
1531944045644 -0.187254 0.845429 -0.500186 -0.597268 -0.975206 -0.0988609 0.197989 -0.255126 0.117937 0.524859 0.842979 0.407261 
1531944045656 -0.187254 0.845429 -0.500186 -0.597268 -0.975206 -0.0988609 0.197989 -0.255126 0.117937 0.524859 0.842979 0.407261 
1531944045659 0 0 0 0 0 0 0 0 0 0 0 0 
1531944045662 0 0 0 0 0 0 0 0 0 0 0 0 
1531944045664 0 0 0 0 0 0 0 0 0 0 0 0 
1531944045674 -0.187254 0.845429 -0.500186 -0.597268 -0.975206 -0.0988609 0.197989 -0.255126 0.117937 0.524859 0.842979 0.407261 
1531944045684 -0.187254 0.845429 -0.500186 -0.597268 -0.975206 -0.0988609 0.197989 -0.255126 0.117937 0.524859 0.842979 0.407261 
1531944045694 -0.187254 0.845429 -0.500186 -0.597268 -0.975206 -0.0988609 0.197989 -0.255126 0.117937 0.524859 0.842979 0.407261 
1531944045704 -0.187254 0.845429 -0.500186 -0.597268 -0.975206 -0.0988609 0.197989 -0.255126 0.117937 0.524859 0.842979 0.407261 
1531944045714 -0.187254 0.845429 -0.500186 -0.597268 -0.975206 -0.0988609 0.197989 -0.255126 0.117937 0.524859 0.842979 0.407261 
1531944045725 -0.187254 0.845429 -0.500186 -0.597268 -0.975206 -0.0988609 0.197989 -0.255126 0.117937 0.524859 0.842979 0.407261 
1531944045734 -0.187254 0.845429 -0.500186 -0.597268 -0.975206 -0.0988609 0.197989 -0.255126 0.117937 0.524859 0.842979 0.407261 
1531944045807 -0.187254 0.845429 -0.500186 -0.597268 -0.975206 -0.0988609 0.197989 -0.255126 0.117937 0.524859 0.842979 0.407261 
1531944045810 0 0 0 0 0 0 0 0 0 0 0 0 
1531944045820 -0.187254 0.845429 -0.500186 -0.597268 -0.975206 -0.0988609 0.197989 -0.255126 0.117937 0.524859 0.842979 0.407261 
1531944045830 -0.187254 0.845429 -0.500186 -0.597268 -0.975206 -0.0988609 0.197989 -0.255126 0.117937 0.524859 0.842979 0.407261 
1531944045840 -0.187254 0.845429 -0.500186 -0.597268 -0.975206 -0.0988609 0.197989 -0.255126 0.117937 0.524859 0.842979 0.407261 
1531944045850 -0.187254 0.845429 -0.500186 -0.597268 -0.975206 -0.0988609 0.197989 -0.255126 0.117937 0.524859 0.842979 0.407261 
1531944045853 0 0 0 0 0 0 0 0 0 0 0 0 
1531944045862 0 0 0 0 0 0 0 0 0 0 0 0 
1531944045862 0 0 0 0 0 0 0 0 0 0 0 0 
1531944045870 -0.187254 0.845429 -0.500186 -0.597268 -0.975206 -0.0988609 0.197989 -0.255126 0.117937 0.524859 0.842979 0.407261 
1531944045880 -0.187254 0.845429 -0.500186 -0.597268 -0.975206 -0.0988609 0.197989 -0.255126 0.117937 0.524859 0.842979 0.407261 
1531944045894 -0.187254 0.845429 -0.500186 -0.597268 -0.975206 -0.0988609 0.197989 -0.255126 0.117937 0.524859 0.842979 0.407261 
1531944045904 -0.187254 0.845429 -0.500186 -0.597268 -0.975206 -0.0988609 0.197989 -0.255126 0.117937 0.524859 0.842979 0.407261 
1531944045908 0 0 0 0 0 0 0 0 0 0 0 0 
1531944045918 -0.187254 0.845429 -0.500186 -0.597268 -0.975206 -0.0988609 0.197989 -0.255126 0.117937 0.524859 0.842979 0.407261 
1531944045941 0 0 0 0 0 0 0 0 0 0 0 0 
1531944045941 0 0 0 0 0 0 0 0 0 0 0 0 
1531944045953 -0.187254 0.845429 -0.500186 -0.597268 -0.975206 -0.0988609 0.197989 -0.255126 0.117937 0.524859 0.842979 0.407261 
1531944045953 0 0 0 0 0 0 0 0 0 0 0 0 
1531944045957 0 0 0 0 0 0 0 0 0 0 0 0 
1531944045960 0 0 0 0 0 0 0 0 0 0 0 0 
1531944045962 0 0 0 0 0 0 0 0 0 0 0 0 
1531944045973 -0.187254 0.845429 -0.500186 -0.597268 -0.975206 -0.0988609 0.197989 -0.255126 0.117937 0.524859 0.842979 0.407261 
1531944045976 0 0 0 0 0 0 0 0 0 0 0 0 
1531944045979 0 0 0 0 0 0 0 0 0 0 0 0 
1531944045982 0 0 0 0 0 0 0 0 0 0 0 0 
1531944045993 -0.187254 0.845429 -0.500186 -0.597268 -0.975206 -0.0988609 0.197989 -0.255126 0.117937 0.524859 0.842979 0.407261 
1531944046003 -0.187254 0.845429 -0.500186 -0.597268 -0.975206 -0.0988609 0.197989 -0.255126 0.117937 0.524859 0.842979 0.407261 
1531944046013 -0.187254 0.845429 -0.500186 -0.597268 -0.975206 -0.0988609 0.197989 -0.255126 0.117937 0.524859 0.842979 0.407261 
1531944046021 0 0 0 0 0 0 0 0 0 0 0 0 
1531944046022 0 0 0 0 0 0 0 0 0 0 0 0 
1531944046022 0 0 0 0 0 0 0 0 0 0 0 0 
1531944046033 -0.187254 0.845429 -0.500186 -0.597268 -0.975206 -0.0988609 0.197989 -0.255126 0.117937 0.524859 0.842979 0.407261 
1531944046043 -0.187254 0.845429 -0.500186 -0.597268 -0.975206 -0.0988609 0.197989 -0.255126 0.117937 0.524859 0.842979 0.407261 
1531944046053 -0.187254 0.845429 -0.500186 -0.597268 -0.975206 -0.0988609 0.197989 -0.255126 0.117937 0.524859 0.842979 0.407261 
1531944046063 -0.187254 0.845429 -0.500186 -0.597268 -0.975206 -0.0988609 0.197989 -0.255126 0.117937 0.524859 0.842979 0.407261 
1531944046073 -0.187254 0.845429 -0.500186 -0.597268 -0.975206 -0.0988609 0.197989 -0.255126 0.117937 0.524859 0.842979 0.407261 
1531944046099 0 0 0 0 0 0 0 0 0 0 0 0 
1531944046099 0 0 0 0 0 0 0 0 0 0 0 0 
1531944046104 0 0 0 0 0 0 0 0 0 0 0 0 
1531944046105 0 0 0 0 0 0 0 0 0 0 0 0 
1531944046116 -0.187254 0.845429 -0.500186 -0.597268 -0.975206 -0.0988609 0.197989 -0.255126 0.117937 0.524859 0.842979 0.407261 
1531944046120 0 0 0 0 0 0 0 0 0 0 0 0 
1531944046129 -0.187254 0.845429 -0.500186 -0.597268 -0.975206 -0.0988609 0.197989 -0.255126 0.117937 0.524859 0.842979 0.407261 
1531944046139 -0.187254 0.845429 -0.500186 -0.597268 -0.975206 -0.0988609 0.197989 -0.255126 0.117937 0.524859 0.842979 0.407261 
1531944046149 -0.187254 0.845429 -0.500186 -0.597268 -0.975206 -0.0988609 0.197989 -0.255126 0.117937 0.524859 0.842979 0.407261 
1531944046152 0 0 0 0 0 0 0 0 0 0 0 0 
1531944046162 -0.187254 0.845429 -0.500186 -0.597268 -0.975206 -0.0988609 0.197989 -0.255126 0.117937 0.524859 0.842979 0.407261 
1531944046172 -0.187254 0.845429 -0.500186 -0.597268 -0.975206 -0.0988609 0.197989 -0.255126 0.117937 0.524859 0.842979 0.407261 
1531944046179 0 0 0 0 0 0 0 0 0 0 0 0 
1531944046179 0 0 0 0 0 0 0 0 0 0 0 0 
1531944046182 0 0 0 0 0 0 0 0 0 0 0 0 
1531944046192 -0.187254 0.845429 -0.500186 -0.597268 -0.975206 -0.0988609 0.197989 -0.255126 0.117937 0.524859 0.842979 0.407261 
1531944046202 -0.187254 0.845429 -0.500186 -0.597268 -0.975206 -0.0988609 0.197989 -0.255126 0.117937 0.524859 0.842979 0.407261 
1531944046212 -0.187254 0.845429 -0.500186 -0.597268 -0.975206 -0.0988609 0.197989 -0.255126 0.117937 0.524859 0.842979 0.407261 
1531944046222 -0.187254 0.845429 -0.500186 -0.597268 -0.975206 -0.0988609 0.197989 -0.255126 0.117937 0.524859 0.842979 0.407261 
1531944046252 0.117195 -0.636897 0.761989 0.297634 0.558675 -0.592075 -0.580802 0.0723002 0.821065 0.493771 0.28643 0.505791 
1531944046255 0 0 0 0 0 0 0 0 0 0 0 0 
1531944046267 -0.194837 0.845077 -0.497879 -0.461534 -0.972565 -0.100675 0.209718 -0.199757 0.127103 0.525081 0.841507 0.400522 
1531944046276 -0.190069 0.847972 -0.49479 -0.48894 -0.974089 -0.0999614 0.202873 -0.21388 0.122571 0.520529 0.845 0.389361 
1531944046279 0 0 0 0 0 0 0 0 0 0 0 0 
1531944046289 -0.189761 0.848297 -0.494351 -0.49011 -0.974202 -0.100037 0.202294 -0.214707 0.122152 0.519986 0.845396 0.388423 
1531944046299 -0.189675 0.84837 -0.494259 -0.490194 -0.974233 -0.10005 0.202137 -0.214779 0.122037 0.519864 0.845487 0.388292 
1531944046309 -0.189651 0.848389 -0.494235 -0.490208 -0.974242 -0.100053 0.202094 -0.214792 0.122004 0.519832 0.845512 0.388262 
1531944046312 0 0 0 0 0 0 0 0 0 0 0 0 
1531944046315 0 0 0 0 0 0 0 0 0 0 0 0 
1531944046319 0 0 0 0 0 0 0 0 0 0 0 0 
1531944046329 -0.189643 0.848395 -0.494228 -0.490212 -0.974245 -0.100054 0.20208 -0.214795 0.121994 0.519822 0.845519 0.388253 
1531944046343 -0.189637 0.8484 -0.494223 -0.490214 -0.974247 -0.100054 0.20207 -0.214797 0.121987 0.519815 0.845525 0.388247 
1531944046343 0 0 0 0 0 0 0 0 0 0 0 0 
1531944046345 0 0 0 0 0 0 0 0 0 0 0 0 
1531944046356 -0.189622 0.848411 -0.494209 -0.490222 -0.974252 -0.100053 0.202048 -0.214801 0.121973 0.519797 0.845538 0.388229 
1531944046366 -0.189432 0.848573 -0.494003 -0.490246 -0.974288 -0.0999423 0.201927 -0.21481 0.121978 0.519553 0.845687 0.387989 
1531944046403 0 0 0 0 0 0 0 0 0 0 0 0 
1531944046403 0 0 0 0 0 0 0 0 0 0 0 0 
1531944046405 0 0 0 0 0 0 0 0 0 0 0 0 
1531944046409 0 0 0 0 0 0 0 0 0 0 0 0 
1531944046412 0 0 0 0 0 0 0 0 0 0 0 0 
1531944046415 0 0 0 0 0 0 0 0 0 0 0 0 
1531944046425 -0.189432 0.848573 -0.494003 -0.490246 -0.974288 -0.0999423 0.201927 -0.21481 0.121978 0.519553 0.845687 0.387989 
1531944046435 -0.189631 0.848406 -0.494214 -0.49022 -0.974249 -0.100056 0.202057 -0.214804 0.121977 0.519804 0.845533 0.388231 
1531944046445 -0.18964 0.848398 -0.494224 -0.490214 -0.974246 -0.100055 0.202072 -0.214798 0.121988 0.519817 0.845523 0.388247 
1531944046458 -0.189642 0.848397 -0.494226 -0.490213 -0.974245 -0.100055 0.202077 -0.214797 0.121991 0.51982 0.845521 0.38825 
1531944046458 0 0 0 0 0 0 0 0 0 0 0 0 
1531944046462 0 0 0 0 0 0 0 0 0 0 0 0 
1531944046466 0 0 0 0 0 0 0 0 0 0 0 0 
1531944046475 -0.189642 0.848396 -0.494227 -0.490212 -0.974245 -0.100055 0.202078 -0.214796 0.121992 0.51982 0.84552 0.388251 
1531944046485 -0.189643 0.848396 -0.494227 -0.490212 -0.974245 -0.100055 0.202078 -0.214796 0.121992 0.519821 0.84552 0.388251 
1531944046488 0 0 0 0 0 0 0 0 0 0 0 0 
1531944046492 0 0 0 0 0 0 0 0 0 0 0 0 
1531944046495 0 0 0 0 0 0 0 0 0 0 0 0 
1531944046498 0 0 0 0 0 0 0 0 0 0 0 0 
1531944046502 0 0 0 0 0 0 0 0 0 0 0 0 
1531944046505 0 0 0 0 0 0 0 0 0 0 0 0 
1531944046515 -0.189643 0.848396 -0.494227 -0.490212 -0.974245 -0.100055 0.202078 -0.214796 0.121992 0.519821 0.84552 0.388251 
1531944046520 0 0 0 0 0 0 0 0 0 0 0 0 
1531944046522 0 0 0 0 0 0 0 0 0 0 0 0 
1531944046525 0 0 0 0 0 0 0 0 0 0 0 0 
1531944046535 -0.189643 0.848396 -0.494227 -0.490212 -0.974245 -0.100055 0.202078 -0.214796 0.121992 0.519821 0.84552 0.388251 
1531944046545 -0.189643 0.848396 -0.494227 -0.490212 -0.974245 -0.100055 0.202078 -0.214796 0.121992 0.519821 0.84552 0.388251 
1531944046548 0 0 0 0 0 0 0 0 0 0 0 0 
1531944046558 -0.189642 0.848396 -0.494226 -0.490212 -0.974245 -0.100054 0.202077 -0.214796 0.121992 0.51982 0.845521 0.388251 
1531944046587 -0.189642 0.848396 -0.494226 -0.490212 -0.974245 -0.100054 0.202077 -0.214796 0.121992 0.51982 0.845521 0.388251 
1531944046597 -0.189643 0.848396 -0.494227 -0.490212 -0.974245 -0.100055 0.202078 -0.214796 0.121992 0.519821 0.84552 0.388251 
1531944046607 -0.189643 0.848396 -0.494227 -0.490212 -0.974245 -0.100055 0.202078 -0.214796 0.121993 0.519821 0.84552 0.388251 
1531944046617 -0.189643 0.848396 -0.494227 -0.490212 -0.974245 -0.100055 0.202078 -0.214796 0.121993 0.519821 0.84552 0.388251 
1531944046627 -0.189643 0.848396 -0.494227 -0.490212 -0.974245 -0.100055 0.202078 -0.214796 0.121993 0.519821 0.84552 0.388251 
1531944046637 -0.189643 0.848396 -0.494227 -0.490212 -0.974245 -0.100055 0.202078 -0.214796 0.121993 0.519821 0.84552 0.388251 
1531944046647 -0.189643 0.848396 -0.494227 -0.490212 -0.974245 -0.100055 0.202078 -0.214796 0.121993 0.519821 0.84552 0.388251 
1531944046657 -0.189643 0.848396 -0.494227 -0.490212 -0.974245 -0.100055 0.202078 -0.214796 0.121993 0.519821 0.84552 0.388251 
1531944046667 -0.189643 0.848396 -0.494227 -0.490212 -0.974245 -0.100055 0.202078 -0.214796 0.121993 0.519821 0.84552 0.388251 
1531944046678 -0.189643 0.848396 -0.494227 -0.490212 -0.974245 -0.100055 0.202078 -0.214796 0.121993 0.519821 0.84552 0.388251 
1531944046704 0 0 0 0 0 0 0 0 0 0 0 0 
1531944046706 0 0 0 0 0 0 0 0 0 0 0 0 
1531944046709 0 0 0 0 0 0 0 0 0 0 0 0 
1531944046723 -0.189643 0.848396 -0.494227 -0.490212 -0.974245 -0.100055 0.202078 -0.214796 0.121993 0.519821 0.84552 0.388251 
1531944046723 0 0 0 0 0 0 0 0 0 0 0 0 
1531944046725 0 0 0 0 0 0 0 0 0 0 0 0 
1531944046728 0 0 0 0 0 0 0 0 0 0 0 0 
1531944046739 -0.189643 0.848396 -0.494227 -0.490212 -0.974245 -0.100055 0.202078 -0.214796 0.121993 0.519821 0.84552 0.388251 
1531944046750 -0.189643 0.848396 -0.494227 -0.490212 -0.974245 -0.100055 0.202078 -0.214796 0.121993 0.519821 0.84552 0.388251 
1531944046759 -0.189643 0.848396 -0.494227 -0.490212 -0.974245 -0.100055 0.202078 -0.214796 0.121993 0.519821 0.84552 0.388251 
1531944046769 -0.189643 0.848396 -0.494227 -0.490212 -0.974245 -0.100055 0.202078 -0.214796 0.121993 0.519821 0.84552 0.388251 
1531944046779 -0.189643 0.848396 -0.494227 -0.490212 -0.974245 -0.100055 0.202078 -0.214796 0.121993 0.519821 0.84552 0.388251 
1531944046786 0 0 0 0 0 0 0 0 0 0 0 0 
1531944046786 0 0 0 0 0 0 0 0 0 0 0 0 
1531944046788 0 0 0 0 0 0 0 0 0 0 0 0 
1531944046799 -0.189643 0.848396 -0.494227 -0.490212 -0.974245 -0.100055 0.202078 -0.214796 0.121993 0.519821 0.84552 0.388251 
1531944046809 -0.189643 0.848396 -0.494227 -0.490212 -0.974245 -0.100055 0.202078 -0.214796 0.121993 0.519821 0.84552 0.388251 
1531944046819 -0.189643 0.848396 -0.494227 -0.490212 -0.974245 -0.100055 0.202078 -0.214796 0.121993 0.519821 0.84552 0.388251 
1531944046829 -0.189643 0.848396 -0.494227 -0.490212 -0.974245 -0.100055 0.202078 -0.214796 0.121993 0.519821 0.84552 0.388251 
1531944046852 0 0 0 0 0 0 0 0 0 0 0 0 
1531944046852 0 0 0 0 0 0 0 0 0 0 0 0 
1531944046863 0.586743 0.315345 0.745849 0.134892 0.0817289 -0.939417 0.332891 0.079798 0.805638 -0.134364 -0.576969 0.315662 
1531944046873 -0.187593 0.839978 -0.509162 -0.498853 -0.974881 -0.0958567 0.201043 -0.221138 0.120065 0.534086 0.836861 0.410751 
1531944046883 -0.184488 0.840734 -0.509049 -0.525454 -0.976244 -0.0968734 0.193813 -0.2209 0.113632 0.532713 0.838633 0.415372 
1531944046893 -0.184092 0.840688 -0.509268 -0.527557 -0.976413 -0.0969444 0.192924 -0.219208 0.112818 0.532771 0.838705 0.417417 
1531944046903 -0.183922 0.840706 -0.5093 -0.528179 -0.976487 -0.0969951 0.192525 -0.218523 0.112458 0.532734 0.838778 0.417835 
1531944046906 0 0 0 0 0 0 0 0 0 0 0 0 
1531944046916 -0.183862 0.840727 -0.509287 -0.528346 -0.976514 -0.0970275 0.192367 -0.218513 0.112313 0.532695 0.838822 0.417884 
1531944046926 -0.183843 0.840735 -0.509281 -0.528405 -0.976523 -0.097038 0.192317 -0.218518 0.112268 0.532681 0.838837 0.417887 
1531944046936 -0.183838 0.840736 -0.50928 -0.528415 -0.976525 -0.0970369 0.192311 -0.218514 0.112264 0.532679 0.838839 0.417886 
1531944046946 -0.183842 0.840733 -0.509284 -0.528389 -0.976521 -0.0970236 0.192338 -0.218492 0.112292 0.532687 0.83883 0.417888 
1531944046949 0 0 0 0 0 0 0 0 0 0 0 0 
1531944046959 -0.183883 0.840804 -0.509151 -0.528245 -0.97646 -0.0968369 0.19274 -0.218224 0.112752 0.532608 0.838818 0.417897 
1531944046997 0 0 0 0 0 0 0 0 0 0 0 0 
1531944046997 0 0 0 0 0 0 0 0 0 0 0 0 
1531944047001 0 0 0 0 0 0 0 0 0 0 0 0 
1531944047010 -0.183883 0.840804 -0.509151 -0.528245 -0.97646 -0.0968369 0.19274 -0.218224 0.112752 0.532608 0.838818 0.417897 
1531944047019 -0.18384 0.840736 -0.50928 -0.528407 -0.976525 -0.097041 0.192308 -0.218515 0.112259 0.532678 0.83884 0.417888 
1531944047029 -0.183834 0.840739 -0.509276 -0.528435 -0.976528 -0.097046 0.192289 -0.218525 0.112242 0.532672 0.838846 0.417885 
1531944047043 -0.183831 0.840741 -0.509275 -0.528443 -0.976529 -0.0970473 0.192283 -0.218527 0.112237 0.53267 0.838848 0.417884 
1531944047043 0 0 0 0 0 0 0 0 0 0 0 0 
1531944047046 0 0 0 0 0 0 0 0 0 0 0 0 
1531944047056 -0.183831 0.840741 -0.509275 -0.528445 -0.976529 -0.0970478 0.192281 -0.218527 0.112235 0.532669 0.838849 0.417884 
1531944047066 -0.18383 0.840741 -0.509275 -0.528446 -0.976529 -0.097048 0.192281 -0.218527 0.112234 0.532669 0.838849 0.417884 
1531944047076 -0.18383 0.840741 -0.509275 -0.528446 -0.97653 -0.097048 0.19228 -0.218527 0.112234 0.532669 0.838849 0.417884 
1531944047086 -0.18383 0.840741 -0.509275 -0.528446 -0.97653 -0.097048 0.192281 -0.218527 0.112234 0.532669 0.838849 0.417884 
1531944047097 -0.183831 0.840741 -0.509275 -0.528446 -0.976529 -0.0970478 0.192281 -0.218527 0.112235 0.532669 0.838849 0.417884 
1531944047103 0 0 0 0 0 0 0 0 0 0 0 0 
1531944047103 0 0 0 0 0 0 0 0 0 0 0 0 
1531944047106 0 0 0 0 0 0 0 0 0 0 0 0 
1531944047116 -0.183831 0.84074 -0.509276 -0.528443 -0.976529 -0.0970439 0.192287 -0.218521 0.112241 0.532671 0.838846 0.417884 
1531944047176 -0.183831 0.84074 -0.509276 -0.528443 -0.976529 -0.0970439 0.192287 -0.218521 0.112241 0.532671 0.838846 0.417884 
1531944047179 0 0 0 0 0 0 0 0 0 0 0 0 
1531944047193 -0.18383 0.840741 -0.509275 -0.528447 -0.97653 -0.0970486 0.19228 -0.218528 0.112233 0.532669 0.838849 0.417884 
1531944047193 0 0 0 0 0 0 0 0 0 0 0 0 
1531944047196 0 0 0 0 0 0 0 0 0 0 0 0 
1531944047206 -0.18383 0.840741 -0.509275 -0.528447 -0.97653 -0.0970488 0.192279 -0.218528 0.112232 0.532668 0.838849 0.417884 
1531944047209 0 0 0 0 0 0 0 0 0 0 0 0 
1531944047220 -0.18383 0.840741 -0.509274 -0.528448 -0.97653 -0.0970488 0.192279 -0.218528 0.112232 0.532668 0.838849 0.417884 
1531944047235 -0.18383 0.840741 -0.509274 -0.528448 -0.97653 -0.0970488 0.192279 -0.218528 0.112232 0.532668 0.838849 0.417884 
1531944047235 0 0 0 0 0 0 0 0 0 0 0 0 
1531944047243 -0.18383 0.840741 -0.509274 -0.528448 -0.97653 -0.0970488 0.192279 -0.218528 0.112232 0.532668 0.838849 0.417884 
1531944047253 -0.18383 0.840741 -0.509274 -0.528448 -0.97653 -0.0970488 0.192279 -0.218528 0.112232 0.532668 0.838849 0.417884 
1531944047263 -0.18383 0.840741 -0.509274 -0.528448 -0.97653 -0.0970489 0.192279 -0.218528 0.112232 0.532668 0.838849 0.417884 
1531944047273 -0.18383 0.840741 -0.509274 -0.528448 -0.97653 -0.0970489 0.192279 -0.218528 0.112232 0.532668 0.838849 0.417884 
