1534187737623 -0.24449 0.955888 -0.162795 -0.436737 -0.950725 -0.203305 0.234072 -0.258615 0.190649 0.212002 0.958493 0.350095 
1534187741138 -0.244489 0.955888 -0.162796 -0.436737 -0.950725 -0.203304 0.23407 -0.258616 0.190648 0.212002 0.958493 0.350095 
1534187742254 -0.222028 0.943035 -0.247768 -0.457716 -0.95608 -0.160696 0.245127 -0.255038 0.191348 0.291311 0.937296 0.361756 
1534187743394 -0.198769 0.922129 -0.331918 -0.479058 -0.960624 -0.116225 0.252376 -0.251542 0.194146 0.369013 0.908921 0.37373 
1534187744566 -0.175401 0.893395 -0.413618 -0.50042 -0.964175 -0.070962 0.255598 -0.24806 0.198999 0.443633 0.873836 0.385747 
1534187745750 -0.152692 0.856919 -0.492317 -0.521803 -0.966634 -0.025822 0.254857 -0.244493 0.205679 0.514805 0.832269 0.397817 
1534187747435 -0.108808 0.762326 -0.637981 -0.564478 -0.968388 0.0636333 0.241196 -0.237479 0.224467 0.644057 0.731304 0.421839 
1534187748688 -0.0880272 0.705012 -0.703711 -0.585806 -0.967596 0.107324 0.228559 -0.233973 0.236663 0.701027 0.672719 0.43393 
