1534349854238 -0.241478 0.899297 -0.364627 -0.471695 -0.967158 -0.253753 0.0146674 -0.262122 -0.0793348 0.356193 0.931038 0.368153 
1534349859290 -0.241478 0.899297 -0.364627 -0.471695 -0.967158 -0.253753 0.0146673 -0.262123 -0.0793348 0.356193 0.931038 0.368153 
1534349860003 -0.206144 0.900321 -0.38331 -0.485501 -0.977442 -0.207857 0.0374542 -0.258407 -0.0459528 0.382384 0.92286 0.373495 
1534349860704 -0.169897 0.899024 -0.403598 -0.49973 -0.985404 -0.159429 0.0596785 -0.254633 -0.0106929 0.407846 0.912988 0.378925 
1534349861393 -0.134303 0.895497 -0.42432 -0.513946 -0.990599 -0.110089 0.0812018 -0.25087 0.0260028 0.431237 0.901864 0.384472 
1534349862073 -0.0990969 0.889726 -0.445609 -0.528181 -0.993056 -0.0598934 0.101255 -0.247134 0.0634 0.452549 0.889483 0.389956 
1534349862749 -0.0645539 0.881709 -0.467357 -0.542395 -0.992757 -0.00918987 0.119787 -0.24344 0.101323 0.471705 0.875916 0.395477 
1534349863738 0.00205023 0.859056 -0.511877 -0.570983 -0.983727 0.0936961 0.153305 -0.23593 0.179659 0.503233 0.845269 0.406645 
1534349864447 0.0331417 0.844599 -0.534373 -0.585103 -0.97521 0.14437 0.1677 -0.232162 0.218787 0.515568 0.828445 0.412019 
1534349865171 0.0637724 0.827895 -0.557247 -0.598867 -0.963879 0.195786 0.180569 -0.228154 0.258594 0.525603 0.810476 0.417643 
1534349865195 0.064408 0.827631 -0.557565 -0.599022 -0.963677 0.1967 0.180655 -0.228185 0.259189 0.525677 0.810238 0.417752 
1534349865555 0.0690086 0.824732 -0.561297 -0.601495 -0.961567 0.204871 0.182803 -0.227545 0.265757 0.52711 0.807173 0.41864 
1534349865814 0.0723861 0.822718 -0.563822 -0.603021 -0.96019 0.210408 0.18375 -0.2273 0.269807 0.528075 0.805196 0.419155 
1534349866070 0.0753138 0.82094 -0.566027 -0.604592 -0.958785 0.215576 0.185089 -0.226836 0.273968 0.528758 0.803341 0.419769 
1534349866328 0.0782596 0.818987 -0.56845 -0.606039 -0.957381 0.220757 0.186248 -0.226497 0.278024 0.529648 0.801359 0.420301 
1534349866584 0.0812038 0.81711 -0.570734 -0.607535 -0.955955 0.225899 0.187402 -0.226149 0.282056 0.530378 0.799464 0.420858 
1534349866845 0.084413 0.815074 -0.573174 -0.609025 -0.954433 0.231381 0.188471 -0.225916 0.286239 0.531147 0.797465 0.421396 
1534349867097 0.0872332 0.813172 -0.57545 -0.610587 -0.952931 0.236488 0.189727 -0.225495 0.290368 0.531813 0.795526 0.422003 
1534349867348 0.0902417 0.811209 -0.577752 -0.612088 -0.951335 0.241846 0.190977 -0.225104 0.294649 0.532401 0.793556 0.422625 
1534349867374 0.0906911 0.811059 -0.577891 -0.612249 -0.951155 0.242489 0.19106 -0.225093 0.295093 0.532336 0.793435 0.422719 
1534349867523 0.0910141 0.811057 -0.577843 -0.612356 -0.950965 0.243024 0.191324 -0.225052 0.295605 0.532095 0.793406 0.422686 
1534349867554 0.0910009 0.811365 -0.577413 -0.61228 -0.950992 0.242865 0.19139 -0.225074 0.29552 0.531699 0.793703 0.422622 
1534349867701 0.0915753 0.81217 -0.576188 -0.612273 -0.950728 0.243414 0.192004 -0.225196 0.296192 0.530216 0.794444 0.422407 
1534349867737 0.0920224 0.812478 -0.575683 -0.612396 -0.950462 0.244053 0.192509 -0.225148 0.296906 0.52945 0.794688 0.42235 
1534349867849 0.0926043 0.812701 -0.575276 -0.61249 -0.950216 0.244763 0.192821 -0.225169 0.297512 0.52878 0.794907 0.422148 
1534349867889 0.0931925 0.813012 -0.574741 -0.612563 -0.949994 0.245404 0.193103 -0.22525 0.298039 0.528004 0.795226 0.422111 
1534349868000 0.0937346 0.813347 -0.574178 -0.612666 -0.949728 0.246084 0.193545 -0.225244 0.298715 0.527171 0.795525 0.421797 
1534349868038 0.0940681 0.813639 -0.57371 -0.612777 -0.949483 0.246614 0.194068 -0.225216 0.299387 0.526473 0.795735 0.421782 
1534349868058 0.0942136 0.813751 -0.573527 -0.612835 -0.949381 0.246843 0.194279 -0.225188 0.299666 0.526192 0.795816 0.421771 
1534349868074 0.0942968 0.813781 -0.57347 -0.612866 -0.949348 0.246939 0.194316 -0.225164 0.299743 0.5261 0.795848 0.421741 
1534349868245 0.0944908 0.814062 -0.57304 -0.61288 -0.949141 0.247323 0.19484 -0.225398 0.300337 0.525485 0.79603 0.421808 
1534349868263 0.0941621 0.813881 -0.573351 -0.612879 -0.949178 0.247124 0.194912 -0.225468 0.300324 0.525859 0.795788 0.421809 
1534349868280 0.0939962 0.813739 -0.57358 -0.612871 -0.949185 0.247062 0.194958 -0.225538 0.300355 0.526108 0.795612 0.421804 
1534349868355 0.0940282 0.813532 -0.573868 -0.61281 -0.949079 0.247336 0.195124 -0.225731 0.300678 0.526299 0.795363 0.421807 
1534349868396 0.0937144 0.813543 -0.573904 -0.612828 -0.949017 0.247254 0.19553 -0.22576 0.300972 0.526321 0.795237 0.421757 
1534349868426 0.0935662 0.813582 -0.573873 -0.61286 -0.94893 0.247304 0.195887 -0.225846 0.301291 0.526237 0.795172 0.421756 
1534349868457 0.0934786 0.813586 -0.573881 -0.612896 -0.948843 0.247403 0.196186 -0.225941 0.301594 0.526183 0.795093 0.421757 
1534349868477 0.093415 0.813589 -0.573887 -0.612916 -0.948793 0.247451 0.196367 -0.226001 0.301771 0.526156 0.795043 0.421756 
1534349868494 0.0933705 0.813589 -0.573895 -0.612932 -0.94876 0.247483 0.196487 -0.226045 0.301889 0.526142 0.795008 0.421755 
1534349868669 0.092714 0.813394 -0.574277 -0.612834 -0.948673 0.247309 0.197125 -0.226516 0.302364 0.526524 0.794574 0.421719 
1534349868751 0.092177 0.813394 -0.574363 -0.612631 -0.948708 0.246926 0.197435 -0.226746 0.302418 0.526704 0.794435 0.421826 
1534349868857 0.0915587 0.813404 -0.574448 -0.612516 -0.948733 0.246509 0.197836 -0.226941 0.302527 0.526884 0.794273 0.421852 
1534349868935 0.0911718 0.813325 -0.574622 -0.612438 -0.94874 0.246291 0.198072 -0.227238 0.302621 0.527108 0.794089 0.421832 
1534349869088 0.0900805 0.813219 -0.574944 -0.612305 -0.948719 0.245709 0.198895 -0.227687 0.303014 0.527544 0.79365 0.421858 
1534349869176 0.0896226 0.8131 -0.575184 -0.612198 -0.948571 0.245732 0.199573 -0.227978 0.303614 0.527716 0.793306 0.421866 
1534349869197 0.0896992 0.813044 -0.575252 -0.612174 -0.948551 0.245832 0.199544 -0.22807 0.303654 0.527756 0.793264 0.421867 
1534349869213 0.0897291 0.813008 -0.575298 -0.612156 -0.948543 0.245877 0.199528 -0.228136 0.30367 0.527791 0.793235 0.421868 
1534349869355 0.0891007 0.812938 -0.575494 -0.61194 -0.948557 0.245496 0.199926 -0.228262 0.303809 0.528075 0.792992 0.421863 
1534349869391 0.0887996 0.812886 -0.575614 -0.611778 -0.948606 0.245248 0.2 -0.228167 0.303745 0.528271 0.792886 0.421841 
1534349869511 0.0890203 0.812971 -0.57546 -0.61147 -0.948606 0.245352 0.199873 -0.228319 0.303682 0.528092 0.79303 0.421939 
1534349869560 0.0885401 0.812831 -0.575731 -0.611249 -0.948719 0.244914 0.199874 -0.228316 0.303468 0.52851 0.792833 0.421879 
1534349869671 0.0883505 0.81289 -0.575677 -0.6109 -0.948668 0.244868 0.200173 -0.228617 0.303684 0.528441 0.792796 0.422028 
1534349869718 0.0880828 0.812803 -0.575841 -0.610675 -0.948717 0.244651 0.200206 -0.22867 0.303608 0.528676 0.792669 0.422005 
1534349869825 0.0875673 0.812828 -0.575885 -0.610437 -0.948787 0.244207 0.200415 -0.22868 0.303538 0.528842 0.792585 0.422053 
1534349869872 0.0872634 0.812781 -0.575996 -0.610171 -0.94883 0.243964 0.200507 -0.228768 0.303491 0.529026 0.792481 0.422088 
1534349869894 0.0872116 0.812788 -0.575994 -0.610097 -0.94883 0.24393 0.200548 -0.228814 0.303506 0.52903 0.792472 0.422127 
1534349869908 0.0872458 0.81281 -0.575959 -0.610047 -0.948815 0.24397 0.200572 -0.228887 0.303544 0.528979 0.792491 0.422183 
1534349869974 0.0873127 0.812783 -0.575986 -0.60992 -0.948788 0.244066 0.20058 -0.229004 0.303607 0.528975 0.79247 0.422199 
1534349870045 0.0870499 0.812946 -0.575796 -0.609711 -0.94893 0.243604 0.200475 -0.228923 0.303241 0.528938 0.792634 0.422135 
1534349870116 0.0868597 0.813305 -0.575318 -0.609487 -0.949129 0.243014 0.200244 -0.228824 0.30267 0.528658 0.79304 0.422193 
1534349870189 0.0867161 0.813565 -0.574971 -0.609257 -0.94928 0.242573 0.200064 -0.228775 0.302238 0.52846 0.793336 0.422256 
1534349870259 0.0868367 0.813647 -0.574837 -0.608958 -0.949357 0.242483 0.199808 -0.228928 0.301961 0.528375 0.793498 0.422262 
1534349870333 0.086895 0.813873 -0.574508 -0.608657 -0.949463 0.242255 0.199582 -0.229037 0.301612 0.528131 0.793793 0.422312 
1534349870473 0.0866048 0.814236 -0.574038 -0.608158 -0.94968 0.241571 0.199376 -0.229041 0.30101 0.527886 0.794185 0.422466 
1534349870491 0.0865728 0.814297 -0.573955 -0.608095 -0.949714 0.241471 0.199335 -0.229038 0.300911 0.527837 0.794255 0.422483 
1534349870507 0.0865515 0.814368 -0.573858 -0.608027 -0.949751 0.241369 0.199285 -0.22904 0.300803 0.527774 0.794338 0.422503 
1534349870594 0.0864609 0.814513 -0.573667 -0.607816 -0.94983 0.241124 0.199202 -0.229059 0.300577 0.527663 0.794497 0.422551 
1534349870679 0.0858603 0.814272 -0.574098 -0.60773 -0.949659 0.241142 0.199995 -0.229197 0.301289 0.528026 0.793986 0.422654 
1534349870739 0.0851147 0.814117 -0.57443 -0.607541 -0.949586 0.240869 0.200671 -0.229163 0.301732 0.52839 0.793575 0.422757 
1534349870816 0.0846106 0.814047 -0.574603 -0.607277 -0.949577 0.2406 0.201036 -0.229276 0.301903 0.528619 0.793358 0.4228 
1534349870970 0.0834434 0.813962 -0.574893 -0.606785 -0.94953 0.239995 0.201976 -0.229384 0.302373 0.529025 0.792908 0.42299 
1534349871022 0.083013 0.813887 -0.575062 -0.606494 -0.94951 0.239793 0.202314 -0.229564 0.302556 0.529232 0.7927 0.423129 
1534349871112 0.0824721 0.813854 -0.575187 -0.606289 -0.949479 0.239525 0.202773 -0.22952 0.302799 0.529405 0.792491 0.423213 
1534349871133 0.0823007 0.813855 -0.57521 -0.606258 -0.9495 0.239382 0.202844 -0.229507 0.302781 0.529467 0.792457 0.423224 
1534349871149 0.0820683 0.81384 -0.575264 -0.606169 -0.949521 0.239207 0.202951 -0.229535 0.302777 0.52957 0.79239 0.423256 
1534349871166 0.0819911 0.813822 -0.575301 -0.606102 -0.949516 0.239175 0.203014 -0.229579 0.302815 0.529612 0.792347 0.423287 
1534349871183 0.0819137 0.813809 -0.57533 -0.606043 -0.949497 0.239165 0.203114 -0.229606 0.302895 0.529636 0.792301 0.423309 
1534349871199 0.0818322 0.813805 -0.575348 -0.605995 -0.949479 0.239148 0.203219 -0.229621 0.302974 0.529651 0.79226 0.423327 
1534349871347 0.0815498 0.813758 -0.575454 -0.60587 -0.949446 0.239048 0.203492 -0.229622 0.303155 0.529768 0.792113 0.423274 
1534349871370 0.0811922 0.813702 -0.575585 -0.605741 -0.949515 0.238725 0.203546 -0.229634 0.303033 0.53 0.792005 0.423236 
1534349871395 0.0808848 0.813659 -0.575688 -0.605603 -0.949556 0.238479 0.203645 -0.229661 0.302988 0.530176 0.791904 0.423242 
1534349871493 0.0808353 0.813832 -0.575451 -0.605355 -0.949431 0.238605 0.204078 -0.229814 0.30339 0.529854 0.791965 0.423502 
1534349871522 0.0803483 0.813831 -0.57552 -0.605232 -0.949479 0.238221 0.204306 -0.22976 0.303372 0.530029 0.791856 0.423509 
1534349871539 0.0801616 0.813817 -0.575566 -0.605166 -0.949492 0.238087 0.204401 -0.229757 0.303379 0.530111 0.791798 0.423511 
1534349871556 0.0800146 0.813801 -0.575609 -0.605098 -0.949497 0.237993 0.204488 -0.229772 0.303404 0.530177 0.791744 0.423517 
1534349871576 0.0799192 0.813779 -0.575653 -0.605041 -0.949497 0.237941 0.204548 -0.229789 0.303429 0.530233 0.791697 0.423508 
1534349871629 0.0798997 0.813721 -0.575738 -0.60495 -0.949469 0.237999 0.204612 -0.229873 0.303522 0.530296 0.791619 0.423471 
1534349871704 0.0798738 0.813988 -0.575364 -0.604815 -0.949481 0.237867 0.204709 -0.229909 0.303491 0.529946 0.791865 0.423466 
1534349871745 0.0798603 0.814255 -0.574987 -0.60469 -0.949489 0.237749 0.204808 -0.229965 0.303469 0.529588 0.792113 0.423483 
1534349871771 0.0797528 0.814418 -0.574772 -0.604588 -0.949515 0.237578 0.204884 -0.230016 0.303415 0.529414 0.79225 0.423483 
1534349871792 0.0796627 0.814494 -0.574677 -0.604528 -0.949514 0.237497 0.204984 -0.230031 0.303442 0.529334 0.792293 0.423477 
1534349871807 0.0795648 0.814542 -0.574622 -0.604492 -0.949516 0.237416 0.205069 -0.230025 0.303462 0.529296 0.792311 0.423471 
1534349871824 0.0794683 0.814594 -0.574561 -0.604458 -0.949519 0.237332 0.205152 -0.230015 0.303477 0.529254 0.792333 0.423465 
1534349871844 0.0792987 0.814686 -0.574454 -0.604394 -0.949524 0.237185 0.2053 -0.230004 0.303507 0.529178 0.792373 0.423461 
1534349871888 0.0790378 0.814855 -0.574252 -0.604262 -0.949518 0.236972 0.205571 -0.230024 0.303592 0.529015 0.792449 0.423479 
1534349871978 0.0791644 0.81475 -0.574383 -0.604162 -0.949562 0.237013 0.205324 -0.230066 0.303424 0.529158 0.792418 0.423493 
1534349872005 0.079205 0.814647 -0.574522 -0.6041 -0.949571 0.237058 0.205228 -0.230024 0.303384 0.529295 0.792342 0.423461 
1534349872029 0.079155 0.814581 -0.574624 -0.60402 -0.949562 0.237067 0.205261 -0.229985 0.303426 0.529393 0.79226 0.423447 
1534349872057 0.0790592 0.814534 -0.574704 -0.603931 -0.949553 0.237038 0.205331 -0.229965 0.303476 0.529479 0.792183 0.423454 
1534349872074 0.0790705 0.814526 -0.574714 -0.6039 -0.949541 0.23707 0.205353 -0.229978 0.303513 0.529477 0.792171 0.423477 
1534349872091 0.0791177 0.814525 -0.574708 -0.603868 -0.949516 0.237144 0.205384 -0.230008 0.303578 0.529445 0.792166 0.423514 
1534349872108 0.079149 0.814521 -0.574709 -0.603837 -0.949497 0.237198 0.20541 -0.230032 0.303631 0.529427 0.792159 0.42354 
1534349872125 0.0791136 0.814532 -0.574699 -0.603803 -0.949475 0.23721 0.205496 -0.230038 0.303707 0.529405 0.792144 0.423548 
1534349872141 0.0790363 0.814589 -0.574629 -0.603739 -0.949471 0.237148 0.205586 -0.230027 0.30374 0.529344 0.792172 0.423541 
1534349872183 0.0788744 0.814643 -0.574575 -0.60363 -0.949507 0.236966 0.205631 -0.229988 0.30367 0.529344 0.792199 0.423502 
1534349872270 0.0789768 0.814264 -0.575097 -0.60357 -0.949567 0.23706 0.205245 -0.230068 0.303456 0.529884 0.79192 0.423488 
1534349872300 0.0788375 0.81413 -0.575307 -0.603493 -0.949624 0.236921 0.205141 -0.230043 0.303313 0.530152 0.791795 0.423455 
1534349872326 0.0786353 0.814107 -0.575366 -0.603409 -0.94967 0.236723 0.205157 -0.229987 0.303222 0.530275 0.791748 0.423457 
1534349872361 0.0785343 0.81409 -0.575404 -0.603321 -0.949677 0.236653 0.205204 -0.229968 0.303226 0.530332 0.791708 0.423499 
1534349872378 0.0785722 0.814083 -0.575409 -0.603285 -0.949667 0.236698 0.205201 -0.229996 0.303248 0.530323 0.791705 0.42353 
1534349872395 0.0786081 0.81407 -0.575422 -0.603251 -0.949655 0.236745 0.2052 -0.230023 0.303275 0.530322 0.791696 0.423554 
1534349872411 0.0786143 0.81406 -0.575436 -0.603219 -0.949647 0.236768 0.205213 -0.230035 0.303301 0.530328 0.791682 0.423576 
1534349872428 0.0785944 0.814053 -0.575448 -0.603188 -0.949642 0.236766 0.205238 -0.230031 0.303321 0.530339 0.791668 0.4236 
1534349872507 0.0782305 0.813999 -0.575574 -0.603072 -0.949707 0.236443 0.205306 -0.229909 0.303209 0.530565 0.791558 0.423563 
1534349872529 0.0782805 0.814125 -0.57539 -0.60305 -0.949748 0.236359 0.205215 -0.229923 0.303069 0.530411 0.791716 0.423533 
1534349872539 0.0783486 0.814258 -0.575192 -0.60303 -0.949779 0.2363 0.20514 -0.229943 0.302955 0.530233 0.791879 0.423516 
1534349872554 0.0784035 0.814364 -0.575034 -0.603014 -0.949803 0.236254 0.205082 -0.229962 0.302865 0.53009 0.792008 0.423498 
1534349872592 0.0783286 0.814504 -0.574846 -0.602989 -0.949797 0.236167 0.205208 -0.229954 0.302902 0.529913 0.792112 0.423396 
1534349872640 0.078342 0.814639 -0.574653 -0.602951 -0.949781 0.236156 0.205296 -0.229943 0.30295 0.529711 0.792229 0.423335 
1534349872656 0.0784133 0.814696 -0.574562 -0.602915 -0.949771 0.236197 0.205294 -0.229937 0.302962 0.529604 0.792296 0.423329 
1534349872673 0.0784158 0.814751 -0.574484 -0.602857 -0.949782 0.236161 0.205287 -0.229926 0.302929 0.529536 0.792354 0.423312 
1534349872689 0.0783836 0.814785 -0.57444 -0.602788 -0.9498 0.236097 0.205277 -0.229916 0.30288 0.529513 0.792389 0.423278 
1534349872706 0.0783617 0.814794 -0.57443 -0.602729 -0.949811 0.23606 0.205267 -0.229916 0.30285 0.529515 0.792399 0.423246 
1534349872722 0.0783437 0.814792 -0.574435 -0.602665 -0.949821 0.236032 0.205253 -0.229923 0.302824 0.52953 0.792398 0.423212 
1534349872803 0.0784227 0.814789 -0.57443 -0.602634 -0.949816 0.236091 0.205208 -0.230022 0.302818 0.52951 0.792414 0.423253 
1534349872817 0.0782856 0.814808 -0.574421 -0.602636 -0.949848 0.235942 0.20523 -0.23002 0.302753 0.529546 0.792415 0.423283 
1534349872851 0.0777888 0.814667 -0.574689 -0.602668 -0.949986 0.235441 0.205167 -0.229985 0.302448 0.529987 0.792237 0.423389 
1534349872884 0.0775867 0.814554 -0.574875 -0.602638 -0.950069 0.235209 0.20505 -0.229949 0.30224 0.530262 0.792132 0.42347 
1534349872916 0.0774868 0.814504 -0.57496 -0.602576 -0.950084 0.235139 0.205062 -0.229935 0.30222 0.53037 0.792067 0.423517 
1534349872939 0.0774352 0.814493 -0.574982 -0.602523 -0.950103 0.235076 0.205044 -0.22995 0.302171 0.530415 0.792056 0.423532 
1534349872953 0.0773915 0.814473 -0.575017 -0.602468 -0.950127 0.235014 0.205004 -0.229979 0.302108 0.530474 0.792041 0.423539 
1534349872970 0.0773646 0.814449 -0.575054 -0.602419 -0.950148 0.234969 0.204959 -0.230014 0.302048 0.53053 0.792026 0.423541 
1534349872988 0.0773224 0.814424 -0.575095 -0.602368 -0.950176 0.234902 0.204905 -0.230057 0.301971 0.530598 0.79201 0.423541 
1534349873003 0.0772863 0.814391 -0.575146 -0.602303 -0.950208 0.234835 0.204834 -0.230118 0.30188 0.530678 0.791991 0.423542 
1534349873037 0.0771257 0.814383 -0.57518 -0.602262 -0.950248 0.234667 0.20484 -0.2301 0.301794 0.530765 0.791965 0.423544 
1534349873146 0.0765513 0.814291 -0.575386 -0.60224 -0.950273 0.234296 0.20515 -0.229915 0.301862 0.53107 0.791735 0.42366 
1534349873160 0.0763649 0.814184 -0.575562 -0.602141 -0.95028 0.234205 0.205222 -0.229906 0.301888 0.531274 0.791588 0.423699 
1534349873181 0.0761837 0.814095 -0.575713 -0.602049 -0.950302 0.234084 0.205257 -0.229931 0.301864 0.531464 0.79147 0.423733 
1534349873282 0.0761867 0.813861 -0.576043 -0.601858 -0.950348 0.234088 0.205039 -0.230199 0.301719 0.53182 0.791286 0.42381 
1534349873299 0.0760863 0.813801 -0.576142 -0.601803 -0.95038 0.23399 0.205002 -0.230221 0.301643 0.531956 0.791224 0.423796 
1534349873316 0.0759139 0.813733 -0.57626 -0.601744 -0.950425 0.233827 0.204981 -0.230222 0.301544 0.532131 0.791143 0.423773 
1534349873332 0.0757281 0.813666 -0.576379 -0.601686 -0.950467 0.23366 0.204977 -0.230216 0.30146 0.532307 0.791057 0.423756 
1534349873349 0.0756337 0.813614 -0.576465 -0.60164 -0.950485 0.233587 0.204975 -0.230218 0.301426 0.532419 0.790995 0.42375 
1534349873500 0.0751861 0.813877 -0.576152 -0.601518 -0.950383 0.233392 0.205669 -0.230275 0.301859 0.532102 0.791043 0.42395 
1534349873564 0.0744951 0.813746 -0.576427 -0.601233 -0.950445 0.232895 0.205949 -0.230314 0.301837 0.53252 0.79077 0.423856 
1534349873661 0.0741393 0.813707 -0.576528 -0.601059 -0.950448 0.23268 0.206178 -0.230418 0.301915 0.532674 0.790636 0.423902 
1534349873688 0.0736147 0.813661 -0.57666 -0.600896 -0.950515 0.232246 0.206357 -0.230412 0.301831 0.532933 0.790494 0.423915 
1534349873730 0.0732903 0.813638 -0.576734 -0.600728 -0.950507 0.232064 0.206599 -0.230467 0.301936 0.533048 0.790376 0.423959 
1534349873750 0.0733235 0.813646 -0.576718 -0.600679 -0.950465 0.232155 0.206687 -0.230521 0.302058 0.532995 0.790365 0.424007 
1534349873767 0.0733514 0.813645 -0.576716 -0.600646 -0.950446 0.232207 0.206718 -0.230564 0.302113 0.532974 0.790358 0.424031 
1534349873880 0.072503 0.81372 -0.576718 -0.600315 -0.950566 0.231431 0.207035 -0.230616 0.301939 0.533198 0.790274 0.424002 
1534349873920 0.0728724 0.813872 -0.576456 -0.600338 -0.950562 0.231619 0.206847 -0.230601 0.301865 0.532884 0.790514 0.423984 
1534349873986 0.0733198 0.814121 -0.576048 -0.600399 -0.950628 0.231695 0.206454 -0.23048 0.301546 0.532471 0.790914 0.423866 
1534349874055 0.0734676 0.8144 -0.575634 -0.600274 -0.950716 0.231532 0.20623 -0.230502 0.301232 0.532114 0.791274 0.423891 
1534349874090 0.073546 0.814594 -0.57535 -0.600111 -0.950799 0.231367 0.206036 -0.230537 0.300952 0.531889 0.791531 0.423873 
1534349874163 0.0735898 0.814821 -0.575023 -0.59991 -0.95084 0.23124 0.205987 -0.230582 0.300811 0.531597 0.791781 0.423862 
1534349874217 0.073764 0.815126 -0.574569 -0.599766 -0.950862 0.231203 0.205929 -0.230629 0.3007 0.531145 0.792126 0.423899 
1534349874289 0.0738184 0.815328 -0.574275 -0.599576 -0.950896 0.231105 0.205882 -0.23065 0.300579 0.530877 0.792352 0.423881 
1534349874304 0.0737996 0.815396 -0.574181 -0.599538 -0.950919 0.231029 0.205863 -0.230642 0.300512 0.530807 0.792425 0.42388 
1534349874321 0.073791 0.815505 -0.574027 -0.59949 -0.95095 0.230929 0.20583 -0.230633 0.300415 0.530682 0.792545 0.423885 
1534349874338 0.0737957 0.815624 -0.573857 -0.599443 -0.95098 0.230837 0.205797 -0.230628 0.30032 0.530539 0.792677 0.423893 
1534349874448 0.073566 0.815535 -0.574013 -0.599322 -0.951002 0.230683 0.205865 -0.230588 0.300305 0.530743 0.792546 0.423891 
1534349874499 0.073137 0.815164 -0.574595 -0.599276 -0.95089 0.230742 0.206315 -0.230559 0.300764 0.531287 0.792007 0.424086 
1534349874622 0.0726995 0.814927 -0.574985 -0.598995 -0.950878 0.230571 0.206562 -0.230633 0.300908 0.531724 0.791659 0.424238 
1534349874643 0.0724963 0.814791 -0.575204 -0.598901 -0.950869 0.230507 0.206676 -0.23061 0.300987 0.53196 0.791471 0.424258 
1534349874669 0.072267 0.81468 -0.575391 -0.598789 -0.950856 0.230425 0.206828 -0.230598 0.301083 0.532167 0.791295 0.424322 
1534349874685 0.0722337 0.814646 -0.575442 -0.598751 -0.950837 0.230448 0.206886 -0.230617 0.301149 0.532208 0.791242 0.424368 
1534349874702 0.0722816 0.814614 -0.575482 -0.598709 -0.9508 0.230556 0.206937 -0.230684 0.301254 0.532211 0.7912 0.424449 
1534349874719 0.0723511 0.814615 -0.575471 -0.598683 -0.950787 0.230624 0.206925 -0.230748 0.301281 0.532179 0.791211 0.424494 
1534349874739 0.0723718 0.814617 -0.575466 -0.598665 -0.95078 0.230649 0.206929 -0.230781 0.301298 0.532166 0.791214 0.424524 
1534349874757 0.0723177 0.814606 -0.575489 -0.598637 -0.950783 0.230612 0.206953 -0.230787 0.3013 0.532199 0.791191 0.424544 
1534349874774 0.0721755 0.814584 -0.575538 -0.598602 -0.950801 0.230498 0.206998 -0.230753 0.301277 0.532282 0.791144 0.42454 
1534349874855 0.0715282 0.8144 -0.575878 -0.598498 -0.950834 0.230095 0.207297 -0.230613 0.301329 0.532737 0.790817 0.424471 
1534349874873 0.0712446 0.814295 -0.576062 -0.598472 -0.950759 0.230084 0.207652 -0.230597 0.301633 0.532902 0.790591 0.424436 
1534349874899 0.0708811 0.814154 -0.576306 -0.598417 -0.950622 0.230145 0.208209 -0.230597 0.302148 0.533091 0.790266 0.424414 
1534349874916 0.0707142 0.814075 -0.576438 -0.598376 -0.950541 0.230209 0.208506 -0.230618 0.302441 0.533184 0.790091 0.424415 
1534349874935 0.0706087 0.813992 -0.576569 -0.598335 -0.950481 0.230279 0.208705 -0.230657 0.302656 0.533281 0.789943 0.42443 
1534349874950 0.0705547 0.81391 -0.576691 -0.598305 -0.950454 0.230321 0.20878 -0.2307 0.302752 0.533388 0.789834 0.424446 
1534349874966 0.0704664 0.813836 -0.576806 -0.598264 -0.950442 0.230312 0.208844 -0.230741 0.30281 0.533504 0.789734 0.424465 
1534349874983 0.070392 0.813799 -0.576868 -0.598223 -0.950433 0.230295 0.208906 -0.23077 0.302858 0.533569 0.789672 0.424487 
1534349875000 0.0703582 0.813778 -0.576901 -0.598197 -0.950423 0.230299 0.208948 -0.230787 0.302896 0.533599 0.789637 0.424506 
1534349875016 0.0702795 0.813773 -0.576918 -0.59815 -0.950404 0.230283 0.209049 -0.230799 0.302973 0.533613 0.789597 0.424565 
1534349875033 0.0702244 0.813788 -0.576903 -0.59814 -0.950402 0.230246 0.2091 -0.230773 0.302993 0.533606 0.789595 0.424591 
1534349875050 0.0701836 0.813811 -0.576876 -0.598145 -0.950413 0.230193 0.209109 -0.230738 0.302968 0.533595 0.789612 0.424598 
1534349875066 0.070166 0.813844 -0.576831 -0.598168 -0.95043 0.23014 0.209091 -0.230696 0.302919 0.533566 0.78965 0.424591 
1534349875083 0.0702295 0.813855 -0.576808 -0.598221 -0.950471 0.230104 0.208944 -0.230643 0.302776 0.533565 0.789706 0.42454 
1534349875100 0.0704244 0.813867 -0.576767 -0.598248 -0.950511 0.230153 0.208706 -0.230603 0.302604 0.533526 0.789798 0.424482 
1534349875116 0.0706498 0.813914 -0.576673 -0.598264 -0.950581 0.230156 0.208384 -0.230569 0.302331 0.533453 0.789952 0.424431 
1534349875227 0.0705059 0.813975 -0.576606 -0.598142 -0.950677 0.229873 0.208258 -0.230557 0.302063 0.533482 0.790035 0.424428 
1534349875240 0.0703955 0.814025 -0.576548 -0.598128 -0.950619 0.229888 0.208508 -0.230566 0.302272 0.533399 0.790011 0.424443 
1534349875257 0.0703199 0.814073 -0.57649 -0.598116 -0.950533 0.229974 0.208805 -0.230608 0.30256 0.53329 0.789974 0.424455 
1534349875324 0.0705543 0.814242 -0.576222 -0.598155 -0.950322 0.230433 0.209258 -0.230794 0.303167 0.532832 0.79005 0.424525 
1534349875341 0.0706131 0.814393 -0.576002 -0.598131 -0.950331 0.230401 0.209254 -0.230796 0.303126 0.532616 0.790212 0.42452 
1534349875357 0.07062 0.814489 -0.575865 -0.598114 -0.950349 0.230339 0.209241 -0.230789 0.303068 0.532496 0.790315 0.424494 
1534349875386 0.0706955 0.814612 -0.575682 -0.598098 -0.950361 0.23032 0.209205 -0.230769 0.303012 0.532316 0.790458 0.424425 
1534349875399 0.0707349 0.814643 -0.575633 -0.598096 -0.950346 0.230361 0.209228 -0.230753 0.30305 0.532251 0.790487 0.424392 
1534349875416 0.0707589 0.814676 -0.575583 -0.598094 -0.950325 0.2304 0.209278 -0.230732 0.303108 0.532183 0.79051 0.424358 
1534349875432 0.0707906 0.81472 -0.575518 -0.598091 -0.950305 0.230441 0.209328 -0.230716 0.303166 0.532099 0.790545 0.424332 
1534349875449 0.0707941 0.814781 -0.575431 -0.598088 -0.950293 0.230442 0.209381 -0.230702 0.303203 0.532005 0.790594 0.424308 
1534349875466 0.0707904 0.814829 -0.575363 -0.598086 -0.950289 0.230428 0.209412 -0.230695 0.303215 0.531937 0.790635 0.424295 
1534349875482 0.0708144 0.814916 -0.575237 -0.598082 -0.950286 0.230417 0.209438 -0.230693 0.303218 0.531809 0.79072 0.424285 
1534349875499 0.0708607 0.815038 -0.575058 -0.598067 -0.950297 0.230383 0.209426 -0.230697 0.303174 0.531636 0.790853 0.42429 
1534349875516 0.0709053 0.815133 -0.574919 -0.598057 -0.950306 0.230362 0.20941 -0.230703 0.303136 0.5315 0.790959 0.424298 
1534349875536 0.0709193 0.815147 -0.574897 -0.59806 -0.950305 0.230366 0.209407 -0.230707 0.303134 0.531476 0.790976 0.424301 
1534349875556 0.0709288 0.815115 -0.57494 -0.598072 -0.950305 0.230384 0.209388 -0.230714 0.303132 0.531517 0.790949 0.424297 
1534349875573 0.0709612 0.815092 -0.57497 -0.59808 -0.950312 0.230401 0.209337 -0.230723 0.303102 0.531546 0.790941 0.424296 
1534349875589 0.0709623 0.815011 -0.575083 -0.5981 -0.950302 0.230449 0.209331 -0.23073 0.303135 0.531648 0.79086 0.424292 
1534349875677 0.0710842 0.815087 -0.574961 -0.598124 -0.950271 0.230554 0.209358 -0.230726 0.303204 0.531486 0.790942 0.424326 
1534349875690 0.0711747 0.815239 -0.574735 -0.598103 -0.95028 0.23054 0.20933 -0.230724 0.303153 0.53126 0.791114 0.424342 
1534349875707 0.0712341 0.81544 -0.574442 -0.598079 -0.950282 0.230501 0.209363 -0.230713 0.303132 0.530969 0.791317 0.424344 
1534349875723 0.071235 0.815572 -0.574254 -0.598068 -0.950273 0.23047 0.20944 -0.230696 0.303162 0.530779 0.791433 0.424318 
1534349875740 0.0711759 0.815603 -0.574217 -0.598075 -0.95026 0.230443 0.209527 -0.230673 0.303215 0.530743 0.791437 0.42425 
1534349875780 0.0710972 0.815626 -0.574194 -0.598096 -0.950258 0.230388 0.209598 -0.230635 0.303241 0.53073 0.791435 0.42413 
1534349875796 0.0711071 0.815649 -0.574161 -0.598103 -0.950267 0.23037 0.209576 -0.23063 0.30321 0.530704 0.791465 0.424099 
1534349875813 0.0711574 0.815706 -0.574074 -0.59811 -0.950281 0.230357 0.209528 -0.23063 0.303155 0.530622 0.791541 0.424051 
1534349875830 0.0712526 0.815813 -0.57391 -0.598112 -0.950291 0.230361 0.209477 -0.230642 0.303101 0.530456 0.791673 0.424022 
1534349875846 0.0713615 0.815934 -0.573723 -0.598116 -0.950296 0.230378 0.209437 -0.230659 0.303061 0.530261 0.791819 0.423997 
1534349875863 0.071446 0.81602 -0.573591 -0.598124 -0.950293 0.230406 0.20942 -0.230671 0.30305 0.530117 0.791919 0.423973 
1534349875940 0.0716414 0.816015 -0.573574 -0.598141 -0.95029 0.230538 0.209288 -0.230648 0.303012 0.530068 0.791967 0.423951 
1534349875973 0.0717425 0.81582 -0.573839 -0.598154 -0.950314 0.230631 0.209075 -0.230606 0.302912 0.530328 0.791831 0.423957 
1534349875993 0.0719676 0.815754 -0.573904 -0.598163 -0.95032 0.230788 0.208875 -0.230574 0.302841 0.53036 0.791837 0.423979 
1534349876008 0.0721465 0.815751 -0.573886 -0.598168 -0.950332 0.230883 0.208717 -0.230552 0.302762 0.530324 0.791891 0.423999 
1534349876026 0.0723215 0.815754 -0.57386 -0.59817 -0.95034 0.230979 0.208574 -0.230531 0.302695 0.530278 0.791948 0.424007 
1534349876043 0.0724117 0.815739 -0.57387 -0.598173 -0.95036 0.231007 0.208452 -0.230517 0.30261 0.530288 0.791973 0.423986 
1534349876060 0.0724702 0.815783 -0.573799 -0.598166 -0.950409 0.230941 0.208298 -0.230509 0.30244 0.530249 0.792065 0.423958 
1534349876076 0.0725436 0.815849 -0.573696 -0.598155 -0.950454 0.230885 0.208156 -0.230504 0.302282 0.530172 0.792176 0.423932 
1534349876093 0.0726334 0.815894 -0.573622 -0.598148 -0.950493 0.230858 0.208008 -0.230503 0.302137 0.530115 0.792269 0.423899 
1534349876110 0.072744 0.815924 -0.573564 -0.598144 -0.95053 0.230853 0.207846 -0.230504 0.301995 0.530071 0.792354 0.423857 
1534349876126 0.0728194 0.815933 -0.573542 -0.598142 -0.95055 0.230863 0.207745 -0.230506 0.301916 0.530052 0.792396 0.423824 
1534349876143 0.0728586 0.815925 -0.573548 -0.598144 -0.950555 0.230882 0.207701 -0.230506 0.30189 0.530056 0.792403 0.423806 
1534349876169 0.0728604 0.815914 -0.573565 -0.598152 -0.950518 0.230951 0.20779 -0.230511 0.302004 0.530044 0.792368 0.423818 
1534349876185 0.0728287 0.815929 -0.573546 -0.598156 -0.950475 0.231001 0.207932 -0.230523 0.302147 0.529998 0.792344 0.423844 
1534349876203 0.0727134 0.815911 -0.573587 -0.598163 -0.950396 0.231073 0.208213 -0.230528 0.302424 0.529995 0.792241 0.423861 
1534349876220 0.0724175 0.815837 -0.57373 -0.598176 -0.950343 0.231004 0.208531 -0.230534 0.302661 0.530139 0.792054 0.423854 
1534349876240 0.0721809 0.815786 -0.573831 -0.59819 -0.950285 0.230973 0.208829 -0.230559 0.302899 0.53023 0.791902 0.423855 
1534349876257 0.0720348 0.815767 -0.573877 -0.598207 -0.950233 0.230979 0.20906 -0.230596 0.303098 0.530258 0.791807 0.423867 
1534349876273 0.0720537 0.81577 -0.57387 -0.598212 -0.950181 0.23108 0.209184 -0.230621 0.303256 0.530208 0.79178 0.423869 
1534349876290 0.0720981 0.815772 -0.573863 -0.598216 -0.950152 0.231159 0.209229 -0.230641 0.303336 0.530172 0.791773 0.423863 
1534349876310 0.0721818 0.815767 -0.573859 -0.598221 -0.950157 0.231206 0.209156 -0.230667 0.303302 0.530159 0.791795 0.423847 
1534349876329 0.0723288 0.815764 -0.573845 -0.598223 -0.950201 0.231223 0.208936 -0.230668 0.303129 0.530155 0.791864 0.423825 
1534349876343 0.0724698 0.815828 -0.573736 -0.598211 -0.950231 0.231238 0.208785 -0.23066 0.303002 0.530051 0.791982 0.42382 
1534349876360 0.0725986 0.815919 -0.57359 -0.598194 -0.950252 0.23125 0.208675 -0.230647 0.302905 0.529905 0.792117 0.423814 
1534349876377 0.0726566 0.815981 -0.573494 -0.598184 -0.950267 0.231237 0.20862 -0.230647 0.302843 0.529815 0.792201 0.423799 
1534349876393 0.0726544 0.816033 -0.573421 -0.598175 -0.950291 0.231175 0.208578 -0.230652 0.302767 0.529763 0.792264 0.423777 
1534349876410 0.0725996 0.816098 -0.573335 -0.598165 -0.950283 0.23113 0.208664 -0.230642 0.302805 0.529682 0.792304 0.423762 
1534349876427 0.0724703 0.816171 -0.573248 -0.598159 -0.950238 0.231101 0.208904 -0.230619 0.302979 0.529582 0.792304 0.423753 
1534349876443 0.0722915 0.816239 -0.573174 -0.598161 -0.950202 0.231024 0.20915 -0.230602 0.303134 0.529511 0.792293 0.423752 
1534349876525 0.0722191 0.816134 -0.573332 -0.598214 -0.95017 0.231072 0.209242 -0.23064 0.30325 0.529652 0.792154 0.423776 
1534349876539 0.0723331 0.816054 -0.573432 -0.598228 -0.950208 0.231108 0.209031 -0.230666 0.303106 0.529759 0.792138 0.423774 
1534349876555 0.0724608 0.815968 -0.573538 -0.598239 -0.950264 0.231122 0.20876 -0.230693 0.302899 0.529885 0.792132 0.42377 
1534349876572 0.0726102 0.815909 -0.573603 -0.598245 -0.95031 0.231159 0.208511 -0.230718 0.302719 0.52996 0.792151 0.423771 
1534349876589 0.07278 0.815878 -0.573625 -0.598249 -0.950314 0.231271 0.208367 -0.230728 0.302665 0.529959 0.792173 0.423776 
1534349876605 0.0728901 0.815868 -0.573626 -0.598249 -0.950299 0.231371 0.208326 -0.230727 0.302687 0.529931 0.792183 0.423776 
1534349876622 0.0729805 0.81586 -0.573626 -0.59825 -0.950286 0.231454 0.208292 -0.230728 0.302704 0.529907 0.792192 0.423773 
1534349876639 0.0730398 0.815875 -0.573596 -0.598248 -0.950287 0.231485 0.208255 -0.230729 0.302689 0.52987 0.792223 0.423772 
1534349876659 0.0731037 0.815927 -0.573514 -0.598238 -0.950302 0.23148 0.208191 -0.230733 0.302626 0.529792 0.792299 0.423761 
1534349876681 0.0730762 0.815937 -0.573504 -0.598236 -0.95032 0.231427 0.208165 -0.230736 0.302574 0.529801 0.792313 0.423747 
1534349876697 0.0730454 0.815938 -0.573507 -0.598236 -0.950325 0.231398 0.208175 -0.230735 0.302567 0.529811 0.792309 0.423742 
1534349876714 0.072965 0.815934 -0.573522 -0.598237 -0.950344 0.231316 0.208181 -0.230734 0.302527 0.529853 0.792296 0.42374 
1534349876731 0.0727874 0.815934 -0.573545 -0.59824 -0.950382 0.231137 0.208208 -0.23073 0.302451 0.529932 0.792272 0.423736 
1534349876747 0.0726325 0.815935 -0.573564 -0.598243 -0.950412 0.230985 0.208239 -0.230721 0.302394 0.529997 0.792251 0.423742 
1534349876764 0.0724525 0.815868 -0.573681 -0.598265 -0.950434 0.230856 0.208282 -0.2307 0.302368 0.530155 0.792155 0.423758 
1534349876781 0.0723262 0.815796 -0.5738 -0.598282 -0.950437 0.230796 0.208332 -0.230665 0.302387 0.530293 0.792055 0.423783 
1534349876821 0.0723159 0.815736 -0.573885 -0.598299 -0.95043 0.230823 0.208334 -0.230626 0.302412 0.530372 0.791993 0.423836 
1534349876847 0.0724813 0.815723 -0.573884 -0.598304 -0.950464 0.230875 0.208123 -0.230644 0.302266 0.530371 0.792049 0.423858 
1534349876871 0.0727455 0.815706 -0.573875 -0.598308 -0.950472 0.231034 0.207908 -0.23066 0.302176 0.530328 0.792112 0.423872 
1534349876893 0.0729725 0.81577 -0.573754 -0.5983 -0.95052 0.231072 0.207649 -0.230676 0.301972 0.530212 0.792268 0.423883 
1534349876920 0.0730874 0.815823 -0.573665 -0.598295 -0.950611 0.230966 0.20735 -0.230693 0.301658 0.530177 0.792411 0.423869 
1534349876937 0.0731165 0.815832 -0.573648 -0.598296 -0.950661 0.230892 0.2072 -0.230699 0.301491 0.530196 0.792462 0.423856 
1534349876954 0.073156 0.815811 -0.573673 -0.598303 -0.950725 0.230814 0.206998 -0.230706 0.301282 0.530262 0.792497 0.423837 
1534349876971 0.0731777 0.815777 -0.573718 -0.598312 -0.950797 0.230713 0.206779 -0.23071 0.30105 0.530358 0.792521 0.423822 
1534349876987 0.0731723 0.815747 -0.573761 -0.598321 -0.950869 0.230592 0.206579 -0.230713 0.300821 0.530456 0.792542 0.423815 
1534349877049 0.0730802 0.815564 -0.574033 -0.59835 -0.951004 0.230361 0.206216 -0.230679 0.300418 0.530837 0.79244 0.42378 
1534349877106 0.0724599 0.815555 -0.574124 -0.598341 -0.950956 0.230055 0.206777 -0.230624 0.300718 0.530984 0.792227 0.423894 
1534349877124 0.0722371 0.815446 -0.574307 -0.598347 -0.95089 0.230069 0.207066 -0.230617 0.300981 0.531145 0.792019 0.423943 
1534349877140 0.0720638 0.815344 -0.574475 -0.598351 -0.950831 0.230101 0.207303 -0.230617 0.30121 0.531289 0.791836 0.423989 
1534349877178 0.0719233 0.815209 -0.574684 -0.598346 -0.950758 0.230188 0.207539 -0.230642 0.301473 0.531459 0.791622 0.424076 
1534349877231 0.0717718 0.815009 -0.574986 -0.59835 -0.950782 0.230121 0.207502 -0.230692 0.301432 0.531794 0.791412 0.42413 
1534349877244 0.0717096 0.81494 -0.575092 -0.598356 -0.950798 0.230078 0.207477 -0.2307 0.301397 0.531918 0.791342 0.424121 
1534349877261 0.0716047 0.814814 -0.575284 -0.598364 -0.950824 0.230012 0.207434 -0.230724 0.301342 0.53214 0.791214 0.424112 
1534349877277 0.0714908 0.814676 -0.575492 -0.59837 -0.950852 0.22994 0.207386 -0.230755 0.301281 0.532382 0.791075 0.42411 
1534349877294 0.0714069 0.814581 -0.575638 -0.598373 -0.950874 0.229881 0.207348 -0.23078 0.30123 0.532554 0.790979 0.424113 
1534349877311 0.071346 0.814509 -0.575748 -0.598371 -0.950892 0.229836 0.207316 -0.230802 0.301188 0.532682 0.790908 0.424119 
1534349877328 0.0713032 0.814469 -0.57581 -0.598369 -0.950906 0.2298 0.207294 -0.230816 0.301155 0.53276 0.790868 0.424133 
1534349877344 0.0712823 0.81448 -0.575796 -0.598363 -0.950909 0.229776 0.207304 -0.230824 0.301149 0.532753 0.790875 0.424153 
1534349877432 0.0712407 0.814867 -0.575254 -0.598295 -0.950875 0.22967 0.207577 -0.230796 0.301266 0.532207 0.791198 0.424232 
1534349877453 0.0709271 0.814912 -0.575229 -0.598293 -0.950934 0.229349 0.207661 -0.230784 0.301154 0.532276 0.791194 0.424228 
1534349877471 0.0706935 0.814919 -0.575248 -0.598295 -0.950974 0.229127 0.207723 -0.230776 0.301082 0.532361 0.791164 0.424224 
1534349877483 0.0705493 0.814929 -0.57525 -0.598296 -0.951002 0.228982 0.207756 -0.230772 0.301028 0.532407 0.791154 0.424223 
1534349877499 0.0704082 0.814872 -0.575348 -0.598308 -0.951024 0.228874 0.207776 -0.23077 0.300993 0.532541 0.791078 0.424214 
1534349877516 0.0702757 0.81477 -0.57551 -0.598329 -0.951032 0.228811 0.207806 -0.230766 0.300997 0.532725 0.790952 0.424198 
1534349877533 0.070168 0.814713 -0.575603 -0.598342 -0.951046 0.228739 0.207823 -0.23076 0.300979 0.532842 0.79088 0.424192 
1534349877553 0.0700469 0.814663 -0.575689 -0.598354 -0.951064 0.228647 0.20784 -0.230757 0.300949 0.532959 0.790813 0.424186 
1534349877570 0.0699399 0.814643 -0.575729 -0.598359 -0.951087 0.228545 0.207848 -0.230755 0.300902 0.533032 0.790781 0.424183 
1534349877586 0.0698572 0.814651 -0.575729 -0.598359 -0.95111 0.22845 0.207849 -0.230754 0.30085 0.533061 0.790781 0.424183 
1534349877603 0.069861 0.81466 -0.575716 -0.598357 -0.95111 0.228449 0.20785 -0.230755 0.300849 0.533048 0.790791 0.424184 
1534349877620 0.0698998 0.814669 -0.575698 -0.598354 -0.9511 0.228488 0.207852 -0.230755 0.300871 0.533018 0.790803 0.424185 
1534349877636 0.0699207 0.814672 -0.575692 -0.598353 -0.951091 0.228516 0.207862 -0.230755 0.300893 0.533002 0.790805 0.424185 
1534349877653 0.0699762 0.814678 -0.575676 -0.59835 -0.951069 0.228587 0.207882 -0.230754 0.30095 0.532961 0.790811 0.42419 
1534349877670 0.0700732 0.814686 -0.575653 -0.598346 -0.951026 0.228723 0.207931 -0.230753 0.301063 0.532891 0.790815 0.424203 
1534349877686 0.0701336 0.814685 -0.575647 -0.598339 -0.950971 0.22886 0.208034 -0.230756 0.301224 0.532833 0.790793 0.424223 
1534349877703 0.0701341 0.81468 -0.575654 -0.598331 -0.950927 0.22894 0.208147 -0.230764 0.301363 0.532806 0.790758 0.424246 
1534349877720 0.0701296 0.81467 -0.575668 -0.598324 -0.95089 0.229006 0.208243 -0.230772 0.301481 0.532793 0.790722 0.424263 
1534349877736 0.0700577 0.814659 -0.575693 -0.598322 -0.950884 0.228975 0.208305 -0.230776 0.301517 0.532824 0.790688 0.424271 
1534349877753 0.0698718 0.814604 -0.575794 -0.598332 -0.950903 0.228842 0.208363 -0.230777 0.301499 0.532966 0.790598 0.424268 
1534349877770 0.0696962 0.814546 -0.575897 -0.598344 -0.950932 0.228699 0.208386 -0.230777 0.301447 0.533115 0.790517 0.424251 
1534349877786 0.0695378 0.814525 -0.575946 -0.598353 -0.95098 0.228521 0.208365 -0.230776 0.301334 0.533224 0.790487 0.424225 
1534349877806 0.0694127 0.814545 -0.575933 -0.598365 -0.951045 0.228318 0.208289 -0.230784 0.301156 0.53328 0.790517 0.424187 
1534349877823 0.0693536 0.814557 -0.575923 -0.598376 -0.951088 0.2282 0.208223 -0.2308 0.301035 0.533312 0.790542 0.424147 
1534349877840 0.0693045 0.814558 -0.575927 -0.598385 -0.951117 0.228116 0.208181 -0.230818 0.300954 0.533346 0.79055 0.424113 
1534349877856 0.0692433 0.814588 -0.575892 -0.598394 -0.951149 0.22801 0.208152 -0.230844 0.300867 0.533346 0.790583 0.424075 
1534349877874 0.0691952 0.814673 -0.575777 -0.598392 -0.951175 0.227901 0.208151 -0.230864 0.300795 0.533262 0.790667 0.424054 
1534349877890 0.0691596 0.814741 -0.575686 -0.598388 -0.951186 0.227834 0.208173 -0.230875 0.300768 0.533188 0.790727 0.424051 
1534349877906 0.0691316 0.814773 -0.575644 -0.598387 -0.95118 0.227816 0.208221 -0.230878 0.300794 0.533146 0.790745 0.424064 
1534349877924 0.0691335 0.814796 -0.575612 -0.598387 -0.951151 0.227861 0.208306 -0.230875 0.300886 0.533093 0.790746 0.424103 
