1533301229071 0.134241 0.935412 -0.327084 -0.599694 -0.957535 0.207434 0.200242 -0.222571 0.255158 0.286314 0.923536 0.381605 
1533301231756 0.134241 0.935412 -0.327084 -0.599694 -0.957535 0.207434 0.200242 -0.222571 0.255158 0.286314 0.923536 0.381606 
1533301231768 0.13424 0.935412 -0.327084 -0.599694 -0.957535 0.207434 0.200243 -0.222571 0.255158 0.286314 0.923536 0.381606 
1533301231785 0.134241 0.935412 -0.327084 -0.599694 -0.957535 0.207434 0.200243 -0.222571 0.255158 0.286314 0.923536 0.381606 
1533301231801 0.13424 0.935412 -0.327084 -0.599694 -0.957535 0.207434 0.200243 -0.222571 0.255158 0.286313 0.923536 0.381606 
1533301231818 0.13424 0.935412 -0.327083 -0.599695 -0.957534 0.207435 0.200247 -0.22257 0.255162 0.286312 0.923536 0.381607 
1533301231835 0.13424 0.935413 -0.32708 -0.599696 -0.957532 0.207437 0.200257 -0.22257 0.255172 0.286307 0.923534 0.381611 
1533301231853 0.134227 0.93542 -0.327067 -0.599707 -0.957523 0.207433 0.200301 -0.222564 0.25521 0.286289 0.923529 0.381623 
1533301231868 0.134128 0.935477 -0.326944 -0.599735 -0.957516 0.207339 0.200434 -0.222544 0.255289 0.28617 0.923544 0.381658 
1533301231885 0.133913 0.93569 -0.326423 -0.599774 -0.95747 0.207112 0.200886 -0.222499 0.255573 0.285639 0.92363 0.381739 
1533301231901 0.133656 0.935901 -0.325922 -0.599832 -0.957417 0.206863 0.201394 -0.222433 0.255907 0.285126 0.923696 0.381817 
1533301231921 0.133332 0.936147 -0.325348 -0.599937 -0.957324 0.206591 0.202115 -0.222324 0.256424 0.284515 0.923741 0.381906 
1533301231938 0.133013 0.93636 -0.324866 -0.600054 -0.957232 0.206341 0.202805 -0.222215 0.256932 0.283997 0.92376 0.381957 
1533301231955 0.13275 0.936581 -0.324337 -0.600202 -0.95709 0.206177 0.20364 -0.222126 0.257596 0.283386 0.923762 0.381987 
1533301231971 0.132597 0.936813 -0.323728 -0.600335 -0.95692 0.206112 0.204505 -0.222085 0.258307 0.282665 0.923785 0.382027 
1533301231988 0.132488 0.937026 -0.323156 -0.600451 -0.95675 0.206087 0.205322 -0.222083 0.258991 0.281977 0.923804 0.382063 
1533301232005 0.132462 0.937197 -0.322671 -0.600559 -0.956601 0.206122 0.205981 -0.222105 0.259554 0.281383 0.923827 0.382083 
1533301232021 0.132453 0.93737 -0.322171 -0.600686 -0.956431 0.206189 0.206701 -0.222107 0.260183 0.280756 0.92384 0.382087 
1533301232038 0.132501 0.937511 -0.321741 -0.600825 -0.956254 0.206322 0.207386 -0.222126 0.260809 0.280187 0.923837 0.382064 
1533301232058 0.132547 0.937603 -0.321452 -0.600967 -0.956103 0.206456 0.207948 -0.222207 0.261338 0.279779 0.923811 0.382047 
1533301232081 0.13268 0.937695 -0.321131 -0.601124 -0.955926 0.206678 0.208543 -0.222356 0.26192 0.279308 0.923788 0.38205 
1533301232098 0.132917 0.937786 -0.320765 -0.601254 -0.955739 0.206982 0.209097 -0.222512 0.262481 0.278775 0.92379 0.382068 
1533301232118 0.133275 0.937896 -0.320296 -0.601389 -0.955521 0.207389 0.209688 -0.222702 0.263091 0.278103 0.923819 0.382089 
1533301232135 0.13361 0.938035 -0.319747 -0.601604 -0.955279 0.207785 0.2104 -0.222897 0.263802 0.277336 0.923847 0.382102 
1533301232152 0.133856 0.938125 -0.31938 -0.601783 -0.95507 0.208114 0.211019 -0.223025 0.26443 0.276784 0.923833 0.382099 
1533301232169 0.134214 0.938219 -0.318955 -0.601967 -0.954815 0.208566 0.211726 -0.223183 0.265169 0.276126 0.923818 0.382091 
1533301232185 0.134625 0.938286 -0.318585 -0.602147 -0.954553 0.209078 0.212401 -0.223367 0.265902 0.275512 0.923791 0.382073 
1533301232202 0.134942 0.938334 -0.318308 -0.602297 -0.95438 0.209443 0.212819 -0.223551 0.266362 0.275068 0.92379 0.382058 
1533301232218 0.135284 0.938332 -0.318169 -0.602401 -0.954243 0.209822 0.21306 -0.223729 0.26668 0.274787 0.923782 0.382032 
1533301232239 0.135917 0.93824 -0.318171 -0.602504 -0.954044 0.210526 0.21326 -0.223992 0.267072 0.274563 0.923736 0.381972 
1533301232255 0.13661 0.938112 -0.318251 -0.602591 -0.953843 0.211295 0.213396 -0.224277 0.267434 0.27441 0.923677 0.381899 
1533301232272 0.137213 0.937982 -0.318375 -0.602651 -0.953706 0.211938 0.213373 -0.224535 0.267615 0.274359 0.923639 0.381839 
1533301232289 0.137776 0.93784 -0.318549 -0.602694 -0.953612 0.212515 0.213219 -0.224791 0.267662 0.274396 0.923615 0.381785 
1533301232305 0.138378 0.937663 -0.318809 -0.602747 -0.953516 0.213144 0.213017 -0.225074 0.26769 0.274513 0.923572 0.381719 
1533301232322 0.138824 0.937506 -0.319078 -0.602785 -0.953425 0.213648 0.212919 -0.225246 0.267783 0.274659 0.923501 0.381668 
1533301232338 0.139229 0.937326 -0.319431 -0.602822 -0.953327 0.214146 0.21286 -0.22537 0.267924 0.274886 0.923393 0.381624 
1533301232355 0.13955 0.937175 -0.319733 -0.602844 -0.953263 0.214532 0.212759 -0.225472 0.267985 0.275099 0.923312 0.381595 
1533301232372 0.139714 0.937081 -0.319937 -0.602857 -0.953254 0.214715 0.212612 -0.225535 0.26793 0.275276 0.923275 0.381584 
1533301232388 0.139831 0.936941 -0.320296 -0.602867 -0.953289 0.214852 0.212316 -0.22562 0.267744 0.275646 0.923219 0.381574 
1533301232408 0.139751 0.936845 -0.320611 -0.60285 -0.953373 0.214775 0.21202 -0.225653 0.267489 0.276031 0.923177 0.381575 
1533301232425 0.139549 0.936777 -0.320896 -0.602825 -0.953448 0.214603 0.211854 -0.225611 0.267325 0.276394 0.923116 0.381587 
1533301232445 0.139197 0.936644 -0.321438 -0.60278 -0.95351 0.214387 0.211792 -0.225518 0.267286 0.277013 0.922942 0.381604 
1533301232462 0.138821 0.936536 -0.321916 -0.602689 -0.953578 0.214131 0.211746 -0.225425 0.26724 0.277577 0.922786 0.381619 
1533301232479 0.138567 0.936449 -0.322276 -0.602612 -0.953629 0.213962 0.21169 -0.225376 0.267191 0.277999 0.922673 0.381622 
1533301232495 0.138364 0.936374 -0.322581 -0.602523 -0.953678 0.213821 0.211612 -0.225352 0.267122 0.278359 0.922584 0.381621 
1533301232512 0.138175 0.936316 -0.322831 -0.60246 -0.953719 0.213687 0.211561 -0.225315 0.267072 0.278657 0.922509 0.381619 
1533301232529 0.138024 0.936271 -0.323025 -0.602423 -0.953754 0.213576 0.211516 -0.225277 0.267027 0.278892 0.922451 0.381617 
1533301232545 0.137857 0.936264 -0.323117 -0.602377 -0.9538 0.213419 0.211467 -0.225218 0.266948 0.279037 0.92243 0.381617 
1533301232565 0.137709 0.936272 -0.323158 -0.602311 -0.953839 0.213271 0.211439 -0.225152 0.266884 0.279124 0.922422 0.381593 
1533301232582 0.137604 0.936273 -0.3232 -0.602253 -0.95388 0.213157 0.211371 -0.225118 0.266793 0.279209 0.922423 0.38155 
1533301232599 0.137542 0.936258 -0.32327 -0.602181 -0.953922 0.21308 0.211258 -0.225077 0.266674 0.279317 0.922424 0.381481 
1533301232615 0.137425 0.936259 -0.323318 -0.602096 -0.953981 0.212937 0.211134 -0.225019 0.266523 0.279424 0.922436 0.381412 
1533301232632 0.137229 0.936286 -0.323321 -0.601983 -0.954056 0.212706 0.211027 -0.224944 0.266354 0.279507 0.922459 0.381361 
1533301232649 0.13699 0.936326 -0.323306 -0.601876 -0.954136 0.212433 0.210944 -0.224856 0.266193 0.279581 0.922483 0.381327 
1533301232669 0.136713 0.93637 -0.323297 -0.601757 -0.954229 0.212116 0.210841 -0.224765 0.266002 0.279674 0.92251 0.381309 
1533301232685 0.136595 0.936363 -0.323368 -0.601686 -0.954269 0.211998 0.210777 -0.224741 0.265917 0.279789 0.9225 0.381315 
1533301232702 0.136519 0.936292 -0.323605 -0.60164 -0.954311 0.211948 0.210638 -0.22475 0.265806 0.280064 0.922448 0.381329 
1533301232729 0.136363 0.936167 -0.32403 -0.601589 -0.954432 0.211794 0.210243 -0.224751 0.26545 0.280595 0.92239 0.381378 
1533301232746 0.136267 0.936101 -0.324262 -0.601561 -0.954504 0.211695 0.210016 -0.224723 0.265241 0.280891 0.92236 0.381418 
1533301232762 0.136141 0.936046 -0.324475 -0.601513 -0.954567 0.211578 0.209851 -0.224646 0.265082 0.281164 0.922322 0.381459 
1533301232779 0.135883 0.936009 -0.324689 -0.601441 -0.954644 0.211343 0.209734 -0.224513 0.264933 0.281464 0.922274 0.381504 
1533301232795 0.135533 0.935996 -0.324872 -0.601357 -0.954739 0.21101 0.209639 -0.224335 0.264773 0.281755 0.922231 0.381545 
1533301232812 0.134987 0.936019 -0.325035 -0.60127 -0.95489 0.210459 0.209504 -0.224138 0.264506 0.282093 0.922204 0.381572 
1533301232829 0.134495 0.93606 -0.325121 -0.601199 -0.955034 0.209941 0.209369 -0.223968 0.264238 0.282342 0.922205 0.381578 
1533301232845 0.134096 0.936116 -0.325122 -0.601134 -0.955177 0.209477 0.209181 -0.223826 0.263924 0.282499 0.922247 0.381584 
1533301232862 0.133848 0.936179 -0.325045 -0.601079 -0.955305 0.209129 0.208943 -0.223734 0.263584 0.28255 0.922328 0.381602 
1533301232879 0.133754 0.936219 -0.324968 -0.601034 -0.955393 0.208944 0.208728 -0.223682 0.263315 0.282554 0.922404 0.381612 
1533301232899 0.133835 0.936234 -0.324892 -0.600987 -0.955461 0.208917 0.208441 -0.223643 0.263025 0.282525 0.922495 0.381618 
1533301232915 0.133878 0.936257 -0.324807 -0.600942 -0.955552 0.208833 0.208106 -0.223609 0.262672 0.282509 0.922601 0.381626 
1533301232932 0.133885 0.936281 -0.324736 -0.600888 -0.955678 0.208688 0.207676 -0.223565 0.262211 0.282539 0.922723 0.381626 
1533301232949 0.133874 0.936297 -0.324694 -0.600826 -0.955865 0.208469 0.207035 -0.223509 0.261534 0.282646 0.922882 0.381642 
1533301232965 0.133799 0.936323 -0.32465 -0.600763 -0.956037 0.208213 0.206495 -0.223444 0.260942 0.282749 0.923018 0.381672 
1533301232982 0.133684 0.936355 -0.324604 -0.600699 -0.956196 0.207941 0.206032 -0.223373 0.260418 0.282842 0.923138 0.381705 
1533301232999 0.133519 0.936358 -0.324662 -0.600641 -0.956351 0.207658 0.205601 -0.223284 0.259934 0.283039 0.923213 0.381714 
1533301233016 0.133313 0.936352 -0.324766 -0.600604 -0.956451 0.20741 0.205383 -0.223203 0.259671 0.283242 0.923225 0.38172 
1533301233032 0.133101 0.936339 -0.324889 -0.600577 -0.956523 0.207194 0.205268 -0.223131 0.259515 0.283442 0.923208 0.381721 
1533301233049 0.132982 0.936316 -0.325006 -0.60056 -0.956577 0.207067 0.205143 -0.223085 0.259377 0.283613 0.923194 0.38173 
1533301233069 0.132934 0.936272 -0.325152 -0.60054 -0.956637 0.206996 0.204937 -0.223046 0.259182 0.28381 0.923188 0.381756 
1533301233086 0.13302 0.936229 -0.32524 -0.600517 -0.956685 0.20703 0.204677 -0.223016 0.258959 0.283926 0.923215 0.381808 
1533301233102 0.133057 0.936194 -0.325326 -0.600486 -0.956788 0.206964 0.204261 -0.22297 0.258559 0.284089 0.923277 0.381885 
1533301233119 0.132956 0.936183 -0.325398 -0.600438 -0.956945 0.206728 0.203763 -0.22289 0.258028 0.284297 0.923362 0.38196 
1533301233135 0.132716 0.936215 -0.325406 -0.600371 -0.957134 0.206335 0.203276 -0.222763 0.257452 0.284479 0.923466 0.382034 
1533301233152 0.132343 0.936277 -0.325379 -0.600284 -0.957373 0.205774 0.202716 -0.222585 0.256753 0.284681 0.923599 0.382103 
1533301233169 0.132056 0.936311 -0.325397 -0.600227 -0.957554 0.205353 0.202288 -0.222463 0.256225 0.284872 0.923686 0.382124 
1533301233186 0.131803 0.936324 -0.325461 -0.600179 -0.957712 0.204994 0.201904 -0.222359 0.255765 0.285086 0.923748 0.382117 
1533301233202 0.131665 0.936328 -0.325506 -0.600149 -0.957802 0.204796 0.201678 -0.222289 0.2555 0.285216 0.923781 0.382097 
1533301233219 0.131613 0.936316 -0.325561 -0.600127 -0.95786 0.204703 0.201498 -0.222244 0.255309 0.285322 0.923801 0.382077 
1533301233242 0.131723 0.936242 -0.325731 -0.600117 -0.95791 0.204769 0.201193 -0.222227 0.255065 0.285519 0.923808 0.382056 
1533301233259 0.13185 0.936179 -0.325859 -0.600117 -0.957934 0.204869 0.200977 -0.222225 0.254909 0.285652 0.92381 0.382081 
1533301233275 0.132042 0.936109 -0.325984 -0.600112 -0.957966 0.205009 0.200681 -0.222237 0.254689 0.285783 0.92383 0.382128 
1533301233292 0.132228 0.936029 -0.326137 -0.600102 -0.958032 0.205112 0.20026 -0.222266 0.254344 0.285969 0.923867 0.382181 
1533301233309 0.132366 0.935948 -0.326313 -0.600081 -0.958139 0.205137 0.199723 -0.222288 0.253869 0.286216 0.923921 0.382243 
1533301233325 0.13245 0.935916 -0.32637 -0.600051 -0.958234 0.205107 0.199297 -0.222302 0.253466 0.286342 0.923993 0.382285 
1533301233342 0.132516 0.935879 -0.326451 -0.600025 -0.958303 0.205097 0.198973 -0.222315 0.253169 0.286472 0.924034 0.382296 
1533301233359 0.132601 0.935825 -0.32657 -0.599989 -0.958347 0.205138 0.198718 -0.222323 0.252957 0.286617 0.924047 0.382286 
1533301233375 0.132597 0.935793 -0.326664 -0.599966 -0.958368 0.205132 0.198625 -0.222298 0.252881 0.286727 0.924034 0.382276 
1533301233392 0.132487 0.93578 -0.326745 -0.599951 -0.958405 0.205021 0.19856 -0.222265 0.252798 0.286847 0.924019 0.382272 
1533301233412 0.13223 0.935757 -0.326915 -0.599923 -0.958484 0.204768 0.198439 -0.222187 0.252633 0.287104 0.923985 0.382273 
1533301233429 0.132015 0.935722 -0.327103 -0.599905 -0.958547 0.20457 0.198342 -0.222117 0.252509 0.287359 0.923939 0.382277 
1533301233445 0.131833 0.935648 -0.327388 -0.599892 -0.958645 0.204377 0.198066 -0.222057 0.25223 0.287737 0.923898 0.382306 
1533301233462 0.13176 0.93557 -0.327641 -0.599881 -0.958731 0.204276 0.197751 -0.222015 0.251939 0.288064 0.923876 0.382346 
1533301233479 0.131612 0.935473 -0.327978 -0.599861 -0.958849 0.204098 0.197367 -0.221947 0.25157 0.288505 0.923838 0.382407 
1533301233495 0.131497 0.935462 -0.328055 -0.599831 -0.958942 0.203918 0.197099 -0.221902 0.251275 0.288668 0.923868 0.382452 
1533301233512 0.131309 0.935463 -0.328126 -0.599782 -0.959096 0.20361 0.196668 -0.221839 0.250785 0.28888 0.923935 0.38251 
1533301233529 0.131175 0.935451 -0.328213 -0.599757 -0.959206 0.203397 0.196349 -0.221825 0.250432 0.289068 0.923971 0.38254 
1533301233545 0.131149 0.935419 -0.328316 -0.59975 -0.959252 0.203346 0.196179 -0.221849 0.250272 0.289209 0.923971 0.382539 
1533301233562 0.131218 0.935366 -0.328439 -0.59975 -0.959252 0.203425 0.196097 -0.221907 0.250235 0.289324 0.923945 0.382512 
1533301233586 0.131355 0.935298 -0.328579 -0.599753 -0.959224 0.203593 0.196059 -0.221992 0.25027 0.289428 0.923903 0.382468 
1533301233602 0.131505 0.93525 -0.328655 -0.599762 -0.959188 0.203766 0.196054 -0.222065 0.250328 0.28946 0.923877 0.382443 
1533301233619 0.13171 0.935208 -0.328691 -0.599764 -0.959118 0.204014 0.196141 -0.222143 0.25049 0.28942 0.923846 0.382438 
1533301233636 0.131936 0.935186 -0.328663 -0.599757 -0.958999 0.204319 0.196403 -0.222174 0.250825 0.289275 0.9238 0.382442 
1533301233652 0.132126 0.935168 -0.328638 -0.599749 -0.958868 0.204612 0.196738 -0.22218 0.251226 0.289126 0.923738 0.38243 
1533301233669 0.132213 0.935167 -0.328607 -0.599736 -0.958767 0.204789 0.197047 -0.222158 0.251567 0.289005 0.923683 0.382416 
1533301233685 0.132237 0.935175 -0.328575 -0.599724 -0.958697 0.204882 0.197291 -0.222124 0.251821 0.288914 0.923642 0.382403 
1533301233702 0.132225 0.93518 -0.328565 -0.599715 -0.958673 0.204898 0.197391 -0.222094 0.251918 0.288886 0.923625 0.382398 
1533301233719 0.132184 0.93519 -0.328553 -0.599704 -0.958681 0.204854 0.197398 -0.222065 0.25191 0.288885 0.923627 0.382403 
1533301233735 0.132146 0.935201 -0.328537 -0.599694 -0.958693 0.204807 0.197386 -0.222041 0.251882 0.288882 0.923635 0.382411 
1533301233755 0.13211 0.935197 -0.328564 -0.59969 -0.958763 0.204705 0.197152 -0.222043 0.251634 0.288969 0.923676 0.382428 
1533301233772 0.132102 0.935174 -0.328633 -0.599692 -0.958864 0.204598 0.196775 -0.222068 0.251256 0.28912 0.923732 0.382439 
1533301233789 0.132132 0.935144 -0.328705 -0.599692 -0.959002 0.204477 0.196226 -0.222107 0.250712 0.289301 0.923823 0.382451 
1533301233805 0.132196 0.935117 -0.328757 -0.599693 -0.959089 0.204436 0.19584 -0.222135 0.250343 0.289418 0.923886 0.382451 
1533301233822 0.132278 0.935083 -0.328818 -0.599695 -0.959176 0.204413 0.195441 -0.222166 0.249969 0.289542 0.923949 0.382448 
1533301233839 0.132351 0.935059 -0.328859 -0.599694 -0.959246 0.204395 0.195114 -0.222189 0.24966 0.289633 0.924003 0.382441 
1533301233859 0.132397 0.935048 -0.32887 -0.599692 -0.959275 0.2044 0.194966 -0.222196 0.249524 0.289664 0.924031 0.382435 
1533301233876 0.132385 0.935027 -0.328936 -0.599701 -0.959292 0.204385 0.194899 -0.222212 0.249466 0.289744 0.924021 0.382404 
1533301233892 0.132398 0.935011 -0.328976 -0.599712 -0.959277 0.20442 0.194934 -0.222231 0.249515 0.289771 0.924 0.382374 
1533301233916 0.132498 0.935004 -0.328955 -0.599726 -0.959224 0.204555 0.195055 -0.222275 0.249667 0.289697 0.923982 0.382341 
1533301233932 0.132493 0.935031 -0.328881 -0.599737 -0.959145 0.204628 0.195369 -0.222307 0.249974 0.28956 0.923942 0.382321 
1533301233949 0.132504 0.93507 -0.328767 -0.599738 -0.959032 0.204742 0.1958 -0.222308 0.250399 0.289354 0.923891 0.382314 
1533301233966 0.132539 0.935115 -0.328625 -0.599736 -0.958902 0.204889 0.196282 -0.222298 0.250878 0.289104 0.923839 0.382312 
1533301233982 0.132592 0.935159 -0.328478 -0.599731 -0.958774 0.205047 0.196745 -0.222285 0.251341 0.288849 0.923793 0.382314 
1533301233999 0.132665 0.935196 -0.328341 -0.599726 -0.958639 0.20523 0.197209 -0.222266 0.251814 0.288597 0.923743 0.382316 
1533301234016 0.132708 0.935236 -0.328209 -0.599713 -0.958516 0.205376 0.197657 -0.222224 0.252262 0.288363 0.923694 0.382316 
1533301234032 0.132699 0.935259 -0.328149 -0.5997 -0.958468 0.205411 0.197853 -0.222189 0.252449 0.288265 0.923673 0.382307 
1533301234049 0.132663 0.935276 -0.328114 -0.599689 -0.958437 0.205411 0.198003 -0.222151 0.252586 0.288209 0.923654 0.382293 
1533301234066 0.132672 0.935277 -0.328107 -0.599676 -0.958404 0.205454 0.198118 -0.222106 0.252706 0.288175 0.923631 0.382267 
1533301234089 0.132728 0.935262 -0.328128 -0.599661 -0.958388 0.205521 0.198127 -0.222067 0.252738 0.288177 0.923622 0.382234 
1533301234106 0.13276 0.935222 -0.32823 -0.599659 -0.958391 0.205563 0.198068 -0.222064 0.252709 0.288277 0.923598 0.382218 
1533301234122 0.132798 0.93515 -0.32842 -0.599666 -0.958399 0.205624 0.197965 -0.222076 0.252658 0.288468 0.923553 0.382205 
1533301234139 0.132846 0.93507 -0.328629 -0.599679 -0.958442 0.205656 0.197721 -0.222106 0.252468 0.288705 0.923531 0.382196 
1533301234156 0.132892 0.934992 -0.32883 -0.599695 -0.958505 0.205662 0.19741 -0.222141 0.252205 0.288951 0.923526 0.38219 
1533301234172 0.132929 0.934943 -0.328954 -0.599704 -0.958574 0.205638 0.1971 -0.222178 0.251923 0.289126 0.923548 0.382187 
1533301234189 0.132937 0.934907 -0.329055 -0.599713 -0.958658 0.205568 0.196764 -0.222221 0.251599 0.289294 0.923584 0.382185 
1533301234206 0.132949 0.934887 -0.329107 -0.599723 -0.958702 0.205539 0.196582 -0.222254 0.251426 0.28938 0.923604 0.38218 
1533301234222 0.132986 0.934874 -0.329129 -0.599731 -0.95871 0.205562 0.196516 -0.222282 0.251374 0.289406 0.92361 0.382174 
1533301234239 0.13308 0.934903 -0.329008 -0.599726 -0.958712 0.205607 0.196462 -0.222323 0.251319 0.289278 0.923665 0.382169 
1533301234262 0.133161 0.934988 -0.328733 -0.599706 -0.958718 0.205606 0.196436 -0.222372 0.251254 0.289005 0.923768 0.382166 
1533301234279 0.133235 0.935044 -0.328546 -0.599694 -0.958672 0.205675 0.196585 -0.222388 0.251389 0.288776 0.923803 0.38216 
1533301234296 0.133363 0.935118 -0.328282 -0.599676 -0.95856 0.205848 0.196952 -0.222389 0.25175 0.288412 0.923818 0.382147 
1533301234313 0.133441 0.935161 -0.328128 -0.599665 -0.95848 0.205968 0.197216 -0.222385 0.252013 0.288187 0.923817 0.382128 
1533301234329 0.133533 0.935218 -0.327927 -0.599654 -0.958366 0.206126 0.197601 -0.222369 0.252394 0.287888 0.923806 0.382091 
1533301234346 0.133572 0.935245 -0.327835 -0.599652 -0.958289 0.206225 0.197874 -0.222349 0.252668 0.28773 0.92378 0.382063 
1533301234362 0.133596 0.93526 -0.327781 -0.599652 -0.958211 0.20632 0.19815 -0.222326 0.25295 0.287611 0.92374 0.382036 
1533301234379 0.133613 0.935271 -0.327742 -0.59965 -0.958141 0.206405 0.198402 -0.222304 0.253208 0.287514 0.9237 0.382014 
1533301234396 0.133617 0.935281 -0.327714 -0.599648 -0.958079 0.206473 0.19863 -0.222282 0.253439 0.287435 0.923661 0.381997 
1533301234412 0.133578 0.935293 -0.327694 -0.599642 -0.958044 0.206477 0.198791 -0.222253 0.25359 0.287391 0.923633 0.381984 
1533301234436 0.133532 0.935256 -0.327819 -0.599655 -0.958039 0.206475 0.198822 -0.22224 0.253636 0.287514 0.923582 0.381972 
1533301234452 0.133513 0.935194 -0.328004 -0.599678 -0.958042 0.206495 0.198784 -0.222245 0.253633 0.287701 0.923525 0.381963 
1533301234469 0.133488 0.935131 -0.328194 -0.599701 -0.958075 0.206478 0.198643 -0.222263 0.253522 0.287918 0.923488 0.381956 
1533301234486 0.133475 0.935078 -0.328349 -0.599721 -0.958146 0.206421 0.198359 -0.222299 0.25326 0.288131 0.923494 0.381955 
1533301234502 0.133509 0.935031 -0.328469 -0.599735 -0.958217 0.206391 0.198047 -0.222338 0.252973 0.288304 0.923518 0.381953 
1533301234519 0.13351 0.935 -0.328557 -0.599746 -0.95828 0.206338 0.197795 -0.222369 0.252733 0.288442 0.923541 0.381952 
1533301234536 0.133502 0.93497 -0.328646 -0.599756 -0.958339 0.206284 0.197566 -0.222398 0.252513 0.288579 0.923558 0.38195 
1533301234552 0.133497 0.934958 -0.328682 -0.59976 -0.958357 0.206268 0.1975 -0.222407 0.25245 0.288629 0.92356 0.381948 
1533301234569 0.133502 0.934957 -0.328682 -0.599759 -0.958344 0.206287 0.197543 -0.222409 0.252497 0.288618 0.92355 0.381961 
1533301234586 0.133514 0.93496 -0.328671 -0.599754 -0.958323 0.206317 0.197609 -0.222411 0.252567 0.288589 0.92354 0.381974 
1533301234606 0.133571 0.934964 -0.328636 -0.599732 -0.95826 0.206426 0.197803 -0.222427 0.252778 0.288498 0.923511 0.382002 
1533301234622 0.133636 0.934916 -0.328746 -0.599715 -0.958152 0.206623 0.198122 -0.222449 0.253154 0.288512 0.923404 0.382016 
1533301234639 0.13366 0.934848 -0.32893 -0.599701 -0.958032 0.206818 0.198499 -0.222454 0.253595 0.288594 0.923257 0.382019 
1533301234656 0.133686 0.934754 -0.329186 -0.599681 -0.957874 0.207071 0.198993 -0.222463 0.254174 0.288716 0.923059 0.382036 
1533301234672 0.133713 0.934698 -0.329334 -0.599664 -0.95777 0.207242 0.19932 -0.222472 0.254555 0.288774 0.922936 0.382055 
1533301234689 0.133745 0.934643 -0.329475 -0.59965 -0.957694 0.207382 0.199534 -0.222493 0.254821 0.28885 0.922839 0.382075 
1533301234706 0.133738 0.934603 -0.329594 -0.599653 -0.957671 0.207429 0.199598 -0.222499 0.254912 0.288949 0.922783 0.382085 
1533301234722 0.1337 0.934569 -0.329704 -0.599668 -0.95768 0.207413 0.199574 -0.22249 0.2549 0.289067 0.922749 0.382083 
1533301234739 0.133623 0.934549 -0.329793 -0.599692 -0.957733 0.207312 0.199421 -0.222463 0.254739 0.289206 0.92275 0.382064 
1533301234756 0.133668 0.93453 -0.329829 -0.59972 -0.9578 0.207279 0.199136 -0.222441 0.254465 0.289292 0.922799 0.382041 
1533301234776 0.13372 0.934518 -0.329842 -0.599757 -0.957951 0.207149 0.198541 -0.222422 0.253867 0.289423 0.922922 0.38201 
1533301234792 0.133789 0.934563 -0.329685 -0.599765 -0.95811 0.206988 0.197941 -0.222413 0.253229 0.289392 0.923107 0.381977 
1533301234809 0.133875 0.934611 -0.329515 -0.599765 -0.958252 0.206856 0.197393 -0.222407 0.252648 0.289332 0.923285 0.381929 
1533301234826 0.133947 0.934636 -0.329415 -0.599772 -0.958375 0.206749 0.196905 -0.222399 0.252141 0.289328 0.923425 0.381883 
1533301234842 0.134022 0.934646 -0.329356 -0.599782 -0.958488 0.206665 0.196443 -0.2224 0.251671 0.289356 0.923545 0.381846 
1533301234859 0.134121 0.934621 -0.329387 -0.599787 -0.958578 0.206644 0.196026 -0.222426 0.251275 0.289452 0.923622 0.381805 
1533301234876 0.134221 0.934588 -0.329439 -0.599789 -0.958615 0.20669 0.195799 -0.222456 0.251083 0.289525 0.923652 0.381779 
1533301234892 0.1343 0.934561 -0.329483 -0.599784 -0.958597 0.20678 0.195789 -0.222484 0.251108 0.289547 0.923638 0.381785 
1533301234909 0.134349 0.934555 -0.329482 -0.599773 -0.958571 0.206847 0.195844 -0.222507 0.25118 0.28952 0.923627 0.381802 
1533301234926 0.134401 0.934504 -0.329604 -0.599766 -0.958478 0.207021 0.196119 -0.222545 0.251509 0.289559 0.923525 0.381848 
1533301234946 0.13444 0.934443 -0.329759 -0.59976 -0.958288 0.207302 0.196749 -0.222558 0.252211 0.289553 0.923336 0.381913 
1533301234962 0.13439 0.934431 -0.329815 -0.599747 -0.958136 0.20745 0.197332 -0.222554 0.252813 0.289488 0.923191 0.381962 
1533301234979 0.134204 0.934444 -0.329854 -0.599729 -0.957996 0.207474 0.197985 -0.222556 0.253442 0.289428 0.923038 0.382029 
1533301234996 0.134109 0.934445 -0.32989 -0.599718 -0.957892 0.207528 0.198434 -0.222562 0.253887 0.289388 0.922928 0.382084 
1533301235012 0.134041 0.93443 -0.329961 -0.599715 -0.957825 0.207567 0.198715 -0.222571 0.254174 0.289409 0.922842 0.382123 
1533301235029 0.134007 0.934406 -0.330043 -0.599715 -0.957791 0.207595 0.198846 -0.222585 0.254318 0.289466 0.922785 0.382136 
1533301235046 0.134013 0.934401 -0.330055 -0.599716 -0.957787 0.207608 0.198855 -0.222585 0.254332 0.289473 0.922779 0.382126 
1533301235062 0.134016 0.934401 -0.330052 -0.599719 -0.957808 0.207586 0.198775 -0.222575 0.25425 0.289488 0.922797 0.382098 
1533301235079 0.133977 0.934396 -0.330082 -0.599733 -0.957862 0.207501 0.198606 -0.222553 0.254069 0.289564 0.922823 0.382044 
1533301235096 0.133988 0.934446 -0.329938 -0.59973 -0.957994 0.207328 0.19815 -0.222541 0.253565 0.289528 0.922972 0.381977 
1533301235116 0.134115 0.934505 -0.329718 -0.599725 -0.958172 0.207176 0.197447 -0.222544 0.252824 0.289446 0.923201 0.381905 
1533301235134 0.134156 0.93454 -0.3296 -0.599729 -0.958345 0.206984 0.196804 -0.22254 0.252144 0.289468 0.923381 0.381819 
1533301235149 0.134155 0.934554 -0.329563 -0.599735 -0.958442 0.206864 0.196458 -0.222535 0.251775 0.289511 0.923468 0.381764 
1533301235166 0.134166 0.934584 -0.329473 -0.599737 -0.958558 0.20672 0.196042 -0.222529 0.251327 0.289517 0.923588 0.381705 
1533301235182 0.134165 0.934621 -0.329369 -0.599735 -0.958632 0.206613 0.195798 -0.222512 0.251048 0.289474 0.923677 0.381652 
1533301235199 0.134132 0.934656 -0.329282 -0.599732 -0.958664 0.206531 0.195724 -0.222489 0.250942 0.289418 0.923724 0.38162 
1533301235216 0.134118 0.934662 -0.329271 -0.599729 -0.958656 0.206528 0.195767 -0.222488 0.25098 0.289402 0.923718 0.381623 
1533301235232 0.13413 0.934673 -0.329235 -0.599719 -0.958588 0.206608 0.196017 -0.222489 0.251234 0.289308 0.923679 0.381673 
1533301235249 0.13414 0.934692 -0.329176 -0.599704 -0.958511 0.206692 0.196304 -0.222494 0.251522 0.289187 0.923638 0.38173 
1533301235266 0.133948 0.934642 -0.329397 -0.599709 -0.958337 0.20679 0.197049 -0.222509 0.252286 0.289279 0.923401 0.381849 
1533301235289 0.133762 0.934584 -0.329637 -0.59971 -0.958148 0.206913 0.197835 -0.222547 0.2531 0.289379 0.923147 0.382 
1533301235306 0.133671 0.934561 -0.329738 -0.599703 -0.958036 0.206993 0.198296 -0.222575 0.253573 0.289394 0.923012 0.382093 
1533301235322 0.133546 0.934541 -0.329848 -0.599696 -0.957939 0.20703 0.198726 -0.222608 0.254005 0.289435 0.922881 0.382181 
1533301235339 0.133432 0.934513 -0.329973 -0.599691 -0.957871 0.207046 0.199037 -0.222641 0.254322 0.289513 0.922769 0.382236 
1533301235356 0.13344 0.934495 -0.330021 -0.599677 -0.957818 0.207122 0.199209 -0.222678 0.254515 0.289517 0.922714 0.382268 
1533301235372 0.133467 0.934487 -0.330031 -0.59967 -0.957799 0.207167 0.199257 -0.222698 0.254575 0.289509 0.922701 0.38227 
1533301235389 0.133447 0.934491 -0.330029 -0.599673 -0.957812 0.207136 0.199224 -0.222688 0.254534 0.28952 0.922708 0.382243 
1533301235409 0.133386 0.934502 -0.33002 -0.59969 -0.957857 0.207036 0.199112 -0.222646 0.254397 0.289554 0.922736 0.382175 
1533301235426 0.133377 0.934611 -0.329716 -0.59969 -0.957941 0.206868 0.198881 -0.222606 0.254084 0.289323 0.922894 0.382108 
1533301235446 0.133415 0.934752 -0.329302 -0.599689 -0.958047 0.20669 0.198559 -0.222568 0.253666 0.288996 0.923112 0.382031 
1533301235463 0.133513 0.93483 -0.329039 -0.599691 -0.958106 0.206643 0.198324 -0.222549 0.253393 0.288775 0.923256 0.381974 
1533301235483 0.133669 0.934945 -0.328649 -0.599697 -0.958188 0.206586 0.197983 -0.222547 0.252998 0.288444 0.923467 0.381894 
1533301235499 0.133791 0.935059 -0.328275 -0.599691 -0.958261 0.206518 0.1977 -0.222554 0.252656 0.288122 0.923661 0.381834 
1533301235519 0.133922 0.935243 -0.327696 -0.599668 -0.958353 0.206392 0.197386 -0.222554 0.252238 0.287615 0.923934 0.38176 
1533301235536 0.133986 0.935317 -0.32746 -0.59965 -0.958377 0.206365 0.197301 -0.222569 0.252115 0.287395 0.924036 0.381738 
1533301235553 0.134054 0.935375 -0.327267 -0.599629 -0.958382 0.206371 0.197268 -0.222595 0.252058 0.287203 0.924111 0.381748 
1533301235570 0.134106 0.93542 -0.327116 -0.599604 -0.958376 0.206387 0.197283 -0.222616 0.252055 0.287043 0.924161 0.381782 
1533301235590 0.13413 0.935467 -0.326972 -0.599554 -0.95836 0.206393 0.197354 -0.222635 0.252103 0.286885 0.924198 0.381847 
1533301235606 0.134148 0.935486 -0.326911 -0.599499 -0.958338 0.206419 0.197434 -0.222665 0.252177 0.286806 0.924202 0.381932 
1533301235623 0.134138 0.935488 -0.326907 -0.599464 -0.958326 0.206424 0.197486 -0.222678 0.252228 0.286793 0.924192 0.38199 
1533301235640 0.134111 0.935481 -0.326941 -0.599418 -0.958314 0.206424 0.197545 -0.222697 0.252288 0.286819 0.924168 0.382074 
1533301235656 0.134053 0.935394 -0.327212 -0.599419 -0.958285 0.206469 0.197635 -0.222705 0.252426 0.287069 0.924052 0.382121 
1533301235673 0.134014 0.935304 -0.327486 -0.599429 -0.958256 0.206531 0.197715 -0.222716 0.25256 0.287319 0.923938 0.382154 
1533301235690 0.133958 0.935246 -0.327673 -0.599444 -0.958253 0.206531 0.19773 -0.222708 0.252601 0.287506 0.923868 0.382157 
1533301235710 0.133917 0.93521 -0.327793 -0.599473 -0.958264 0.20651 0.197695 -0.222691 0.252579 0.287638 0.923834 0.38213 
1533301235726 0.133907 0.935198 -0.327832 -0.599501 -0.958285 0.206488 0.197619 -0.22268 0.252506 0.287694 0.923836 0.382082 
1533301235750 0.133838 0.9352 -0.327854 -0.599551 -0.958364 0.206348 0.19738 -0.222632 0.252242 0.287786 0.923879 0.381963 
1533301235766 0.133763 0.935231 -0.327797 -0.59957 -0.958431 0.206202 0.197207 -0.222585 0.252026 0.287792 0.923936 0.38189 
1533301235783 0.133727 0.935305 -0.3276 -0.599569 -0.958513 0.206039 0.19698 -0.222544 0.251735 0.287667 0.924055 0.381831 
1533301235800 0.133821 0.935368 -0.32738 -0.599572 -0.958621 0.205942 0.196553 -0.222516 0.251271 0.287531 0.924224 0.381786 
1533301235820 0.133961 0.935394 -0.327249 -0.599577 -0.958708 0.205923 0.19615 -0.222505 0.250866 0.28746 0.924355 0.381758 
1533301235837 0.134036 0.935381 -0.327256 -0.599581 -0.958735 0.205952 0.195989 -0.222516 0.250723 0.287482 0.924387 0.381761 
1533301235853 0.134061 0.935356 -0.327318 -0.599582 -0.958751 0.205965 0.195896 -0.222551 0.250649 0.287555 0.924385 0.38179 
1533301235870 0.134075 0.935313 -0.327436 -0.599583 -0.958737 0.206017 0.19591 -0.222581 0.250695 0.287658 0.92434 0.381827 
1533301235887 0.13402 0.935178 -0.327843 -0.599598 -0.958676 0.206131 0.19609 -0.222602 0.250958 0.288015 0.924158 0.381885 
1533301235910 0.133845 0.935039 -0.328312 -0.599597 -0.958619 0.206158 0.196336 -0.222619 0.251266 0.288447 0.923939 0.381977 
1533301235927 0.133667 0.934871 -0.328861 -0.599601 -0.958555 0.20621 0.196595 -0.222628 0.251606 0.288953 0.923689 0.382084 
1533301235943 0.133492 0.934711 -0.329387 -0.599597 -0.958505 0.206242 0.196803 -0.222627 0.251887 0.289448 0.923457 0.382197 
1533301235960 0.133359 0.934604 -0.329745 -0.599591 -0.958496 0.206226 0.196867 -0.222633 0.251994 0.289805 0.923316 0.382285 
1533301235977 0.133236 0.934487 -0.330126 -0.59959 -0.958492 0.206216 0.196897 -0.222644 0.252074 0.290189 0.923173 0.382358 
1533301235993 0.133089 0.934364 -0.330533 -0.599609 -0.9585 0.206179 0.196895 -0.222634 0.252121 0.290611 0.923028 0.382392 
1533301236010 0.133002 0.934244 -0.330905 -0.599652 -0.958506 0.206183 0.196862 -0.222631 0.252144 0.290991 0.922902 0.382391 
1533301236027 0.132944 0.934154 -0.331182 -0.599698 -0.958493 0.206212 0.196895 -0.222616 0.252224 0.29126 0.922795 0.382363 
1533301236044 0.132915 0.934092 -0.33137 -0.599741 -0.958486 0.206237 0.196903 -0.222598 0.252267 0.291443 0.922726 0.382316 
1533301236060 0.132877 0.934043 -0.331523 -0.599798 -0.958494 0.206232 0.196871 -0.222556 0.252257 0.291603 0.922678 0.382248 
1533301236084 0.13283 0.934022 -0.331602 -0.599857 -0.958516 0.206186 0.196811 -0.222495 0.252197 0.291704 0.922662 0.382162 
1533301236100 0.132891 0.934024 -0.331571 -0.599898 -0.958534 0.206205 0.196702 -0.222443 0.252096 0.291682 0.922697 0.382068 
1533301236117 0.133035 0.934019 -0.331527 -0.599925 -0.958534 0.206308 0.196596 -0.222411 0.252021 0.291626 0.922735 0.382003 
1533301236133 0.133203 0.934095 -0.331246 -0.599923 -0.958561 0.206347 0.196424 -0.22239 0.25183 0.291355 0.922873 0.381956 
1533301236150 0.133376 0.934219 -0.330826 -0.599898 -0.958609 0.206337 0.196201 -0.222383 0.251556 0.290964 0.923071 0.381923 
1533301236167 0.133511 0.934342 -0.330425 -0.599871 -0.958671 0.206284 0.195951 -0.22238 0.251246 0.290607 0.923267 0.381881 
1533301236183 0.133562 0.934401 -0.330235 -0.599852 -0.958701 0.20625 0.195842 -0.222391 0.251106 0.29044 0.923358 0.381873 
1533301236200 0.133613 0.934462 -0.330042 -0.599825 -0.958726 0.20622 0.195752 -0.222419 0.250984 0.290264 0.923447 0.381886 
1533301236217 0.133655 0.934485 -0.32996 -0.599802 -0.958719 0.206243 0.195761 -0.222446 0.250988 0.290174 0.923474 0.381923 
1533301236234 0.133679 0.934489 -0.329941 -0.599771 -0.958708 0.206269 0.195784 -0.222479 0.251014 0.290145 0.923476 0.381972 
1533301236257 0.133616 0.934485 -0.329976 -0.59972 -0.9587 0.206238 0.195859 -0.222527 0.251081 0.290178 0.923447 0.382064 
1533301236273 0.133599 0.934483 -0.329988 -0.599687 -0.958683 0.206247 0.195933 -0.22255 0.251155 0.290177 0.923428 0.382133 
1533301236290 0.133538 0.934398 -0.330255 -0.599686 -0.958639 0.206307 0.196085 -0.22256 0.251355 0.290411 0.9233 0.382195 
1533301236307 0.133434 0.934233 -0.330762 -0.599709 -0.958558 0.206427 0.196354 -0.22256 0.251719 0.290854 0.923061 0.38224 
1533301236323 0.133374 0.934149 -0.331024 -0.59972 -0.958508 0.206493 0.196527 -0.222553 0.25194 0.291077 0.92293 0.382257 
1533301236340 0.133293 0.934031 -0.331389 -0.599737 -0.958451 0.206574 0.196722 -0.222544 0.252201 0.291398 0.922758 0.38225 
1533301236357 0.133235 0.933909 -0.331757 -0.59978 -0.958406 0.206659 0.196852 -0.222536 0.252402 0.29173 0.922598 0.382215 
1533301236373 0.13322 0.933827 -0.331995 -0.599824 -0.958357 0.206753 0.196989 -0.222525 0.252595 0.291927 0.922483 0.382175 
1533301236390 0.133247 0.933768 -0.332148 -0.599875 -0.958294 0.206879 0.197164 -0.222514 0.25282 0.292024 0.92239 0.382112 
1533301236407 0.133285 0.933742 -0.332207 -0.59992 -0.958252 0.20697 0.197274 -0.222504 0.25296 0.292045 0.922345 0.382051 
1533301236430 0.133264 0.933734 -0.332236 -0.599993 -0.958214 0.207004 0.197424 -0.222477 0.253115 0.292044 0.922303 0.381944 
1533301236447 0.133219 0.933741 -0.332237 -0.600034 -0.958199 0.206987 0.197514 -0.22246 0.253196 0.292036 0.922283 0.381877 
1533301236463 0.133231 0.933778 -0.332127 -0.600067 -0.958178 0.206996 0.197603 -0.22245 0.253266 0.29191 0.922304 0.381815 
1533301236480 0.133345 0.933931 -0.33165 -0.600063 -0.958169 0.206993 0.197649 -0.222455 0.25324 0.291421 0.922466 0.381771 
1533301236497 0.133439 0.934038 -0.331311 -0.600059 -0.958156 0.20701 0.197699 -0.22246 0.253242 0.291066 0.922577 0.381746 
1533301236517 0.133548 0.934159 -0.330926 -0.600049 -0.958145 0.207025 0.197735 -0.222466 0.253226 0.290668 0.922707 0.381724 
1533301236534 0.133581 0.934226 -0.330724 -0.600032 -0.958155 0.206996 0.197717 -0.222466 0.253171 0.290473 0.922784 0.381716 
1533301236550 0.133565 0.934263 -0.330627 -0.600008 -0.958167 0.206949 0.197708 -0.22246 0.253134 0.290389 0.92282 0.381726 
1533301236567 0.133554 0.934294 -0.330542 -0.599967 -0.958172 0.206917 0.197715 -0.222463 0.253118 0.29031 0.922849 0.381765 
1533301236590 0.133545 0.934308 -0.330505 -0.59991 -0.958184 0.206888 0.197686 -0.222481 0.253078 0.290285 0.922869 0.381833 
1533301236607 0.133538 0.934288 -0.330566 -0.599855 -0.958212 0.206863 0.197578 -0.222525 0.252976 0.290369 0.92287 0.381922 
1533301236624 0.133528 0.934264 -0.330638 -0.599817 -0.958224 0.206858 0.197528 -0.222558 0.252938 0.29045 0.922855 0.381993 
1533301236640 0.13349 0.934131 -0.331029 -0.599812 -0.958197 0.206942 0.197571 -0.222575 0.253061 0.290817 0.922705 0.382063 
1533301236657 0.133428 0.934003 -0.331413 -0.599819 -0.95817 0.207007 0.197634 -0.22258 0.253195 0.29118 0.922554 0.382114 
1533301236675 0.133337 0.933889 -0.331773 -0.599824 -0.958129 0.20706 0.197777 -0.222567 0.253398 0.29151 0.922394 0.382154 
1533301236690 0.133298 0.933827 -0.331963 -0.599842 -0.958104 0.207098 0.197855 -0.222556 0.253511 0.291682 0.922309 0.382147 
1533301236707 0.133285 0.933772 -0.332121 -0.599876 -0.958084 0.207145 0.197904 -0.222546 0.253594 0.291822 0.922242 0.382117 
1533301236724 0.133293 0.933757 -0.332161 -0.599907 -0.958062 0.207185 0.197968 -0.222528 0.253672 0.291843 0.922214 0.382073 
1533301236740 0.133321 0.933754 -0.332159 -0.599932 -0.958033 0.207239 0.198051 -0.222513 0.253767 0.291815 0.922196 0.382029 
1533301236760 0.133356 0.933765 -0.332113 -0.599987 -0.957975 0.207324 0.198246 -0.222462 0.25397 0.291718 0.922171 0.38193 
1533301236777 0.133396 0.933785 -0.332042 -0.600015 -0.957947 0.207372 0.198331 -0.22244 0.254055 0.291622 0.922178 0.381862 
1533301236794 0.133495 0.93389 -0.331706 -0.600008 -0.95795 0.207372 0.198313 -0.222439 0.25399 0.291284 0.922303 0.381814 
1533301236810 0.133596 0.934013 -0.331318 -0.599993 -0.957958 0.207359 0.198288 -0.222441 0.253905 0.290898 0.922448 0.381764 
1533301236827 0.133678 0.934119 -0.330986 -0.599979 -0.957961 0.207349 0.198286 -0.22244 0.253852 0.290565 0.922568 0.381717 
1533301236844 0.13377 0.934245 -0.330594 -0.599955 -0.957968 0.207328 0.198273 -0.22244 0.253777 0.290176 0.922711 0.381674 
1533301236864 0.13381 0.934338 -0.330314 -0.599917 -0.957973 0.207294 0.198285 -0.222437 0.253737 0.289899 0.922809 0.381659 
1533301236880 0.133806 0.934402 -0.330135 -0.59988 -0.957981 0.207244 0.198299 -0.222428 0.25371 0.289729 0.92287 0.381672 
1533301236897 0.133778 0.934448 -0.330014 -0.599836 -0.958 0.207175 0.19828 -0.222427 0.253653 0.289628 0.922917 0.381714 
1533301236920 0.133744 0.934484 -0.329927 -0.599772 -0.958039 0.207086 0.198182 -0.222447 0.253521 0.289577 0.922969 0.381794 
1533301236937 0.133731 0.934493 -0.329907 -0.599724 -0.95809 0.207012 0.198012 -0.222484 0.253336 0.2896 0.923013 0.38188 
1533301236954 0.133705 0.934493 -0.329919 -0.599684 -0.95815 0.206927 0.197812 -0.22252 0.253123 0.289663 0.923051 0.381962 
1533301236970 0.133627 0.934436 -0.330111 -0.599666 -0.958189 0.206863 0.197693 -0.222537 0.253019 0.289892 0.923008 0.382024 
1533301236987 0.133502 0.93431 -0.330517 -0.599678 -0.958198 0.206842 0.19767 -0.222537 0.25305 0.290311 0.922868 0.382064 
1533301237004 0.133387 0.934211 -0.330845 -0.599681 -0.958216 0.206801 0.197624 -0.222537 0.253042 0.290661 0.92276 0.382096 
1533301237020 0.133303 0.934145 -0.331066 -0.599699 -0.958221 0.206777 0.197623 -0.222523 0.253065 0.29089 0.922681 0.382105 
1533301237037 0.133293 0.934104 -0.331185 -0.599724 -0.958207 0.206812 0.197658 -0.222519 0.253126 0.290998 0.922631 0.382094 
1533301237054 0.133315 0.934091 -0.331212 -0.599751 -0.958188 0.206856 0.197703 -0.222515 0.253186 0.291007 0.922612 0.382073 
1533301237072 0.133418 0.934078 -0.331207 -0.599796 -0.958136 0.206994 0.197811 -0.222526 0.253328 0.29095 0.92259 0.382026 
1533301237090 0.133462 0.934092 -0.331151 -0.599833 -0.95807 0.207092 0.198027 -0.222519 0.253554 0.290837 0.922564 0.381977 
1533301237107 0.13339 0.934206 -0.330858 -0.599846 -0.958012 0.207041 0.198363 -0.222507 0.253813 0.290506 0.922597 0.381903 
1533301237124 0.13331 0.934357 -0.330463 -0.599832 -0.957995 0.206914 0.198574 -0.222512 0.253916 0.29011 0.922693 0.381838 
1533301237140 0.13325 0.934494 -0.330098 -0.599819 -0.957961 0.206829 0.198826 -0.222513 0.254076 0.289727 0.92277 0.381769 
1533301237157 0.133314 0.934627 -0.329697 -0.599796 -0.957894 0.20687 0.199109 -0.222507 0.254297 0.289271 0.922852 0.381708 
1533301237174 0.133408 0.934739 -0.32934 -0.599773 -0.957812 0.20696 0.199409 -0.222493 0.254556 0.288843 0.922914 0.381659 
1533301237190 0.133499 0.93486 -0.328959 -0.59973 -0.957743 0.207027 0.199672 -0.22248 0.254769 0.288402 0.922993 0.381645 
1533301237207 0.13356 0.935002 -0.328532 -0.599667 -0.95771 0.207021 0.199836 -0.222464 0.25486 0.287948 0.92311 0.381674 
1533301237224 0.133583 0.935087 -0.328281 -0.599618 -0.957703 0.206992 0.199898 -0.222458 0.254874 0.287693 0.923186 0.381721 
