1535388839965 0.276703 0.900786 -0.334695 -0.512419 -0.919588 0.349303 0.17985 -0.178321 0.278916 0.258017 0.925004 0.44138 
1535388844681 0.276702 0.900786 -0.334695 -0.512419 -0.919587 0.349303 0.179851 -0.178321 0.278917 0.258016 0.925004 0.44138 
1535388846184 0.277728 0.902035 -0.330453 -0.523523 -0.920587 0.348217 0.17682 -0.184494 0.274567 0.255103 0.927111 0.434892 
1535388846888 0.277728 0.902035 -0.330453 -0.523523 -0.920587 0.348217 0.17682 -0.184494 0.274567 0.255103 0.927111 0.434892 
1535388847800 0.27788 0.903701 -0.325741 -0.534976 -0.921808 0.346265 0.174274 -0.190394 0.270284 0.251843 0.929259 0.428054 
1535388848682 0.278117 0.905261 -0.321174 -0.546426 -0.923012 0.344425 0.171525 -0.196357 0.265896 0.248743 0.931357 0.421204 
1535388849562 0.278608 0.906716 -0.316612 -0.557825 -0.92407 0.342903 0.168858 -0.202432 0.261673 0.245526 0.933404 0.414358 
1535388850477 0.278771 0.908289 -0.311926 -0.569275 -0.925201 0.341083 0.166329 -0.20833 0.257467 0.242226 0.935434 0.407516 
1535388851335 0.278889 0.909836 -0.307278 -0.580733 -0.926376 0.33921 0.163595 -0.214255 0.253076 0.23903 0.937452 0.400682 
1535388852245 0.278978 0.911362 -0.30264 -0.592187 -0.9275 0.33738 0.160994 -0.220161 0.248828 0.235785 0.939409 0.393768 
1535388853139 0.279455 0.912785 -0.297872 -0.603605 -0.92849 0.335924 0.158307 -0.226272 0.244563 0.232332 0.941388 0.386987 
1535388853510 0.278901 0.91459 -0.292813 -0.615102 -0.929787 0.33345 0.155905 -0.231882 0.240228 0.228771 0.943374 0.380012 
1535388853858 0.279806 0.914246 -0.293023 -0.615857 -0.929594 0.334275 0.155292 -0.232744 0.239925 0.228941 0.94341 0.379515 
1535388854173 0.279806 0.914246 -0.293023 -0.615857 -0.929594 0.334275 0.155292 -0.232744 0.239925 0.228941 0.94341 0.379515 
1535388854502 0.279922 0.914376 -0.292506 -0.61703 -0.929675 0.334187 0.154993 -0.233363 0.239474 0.228549 0.943619 0.378845 
1535388854876 0.27959 0.914856 -0.29132 -0.619431 -0.929983 0.333471 0.154688 -0.234408 0.238665 0.227674 0.944036 0.377454 
1535388855185 0.27959 0.914856 -0.29132 -0.619431 -0.929983 0.333471 0.154688 -0.234408 0.238665 0.227674 0.944036 0.377454 
1535388855679 0.279605 0.915227 -0.29014 -0.622945 -0.930264 0.333014 0.153984 -0.236299 0.237551 0.226852 0.944514 0.375292 
1535388856033 0.279362 0.915558 -0.289328 -0.624147 -0.930487 0.332501 0.153742 -0.236732 0.236962 0.226267 0.944803 0.374647 
1535388856356 0.279321 0.915727 -0.288831 -0.6253 -0.930614 0.332269 0.153476 -0.237441 0.236512 0.225921 0.944998 0.373961 
1535388856386 0.279214 0.915783 -0.288759 -0.625397 -0.930655 0.332147 0.153494 -0.237436 0.236478 0.225878 0.945017 0.373913 
1535388856627 0.278744 0.915719 -0.289413 -0.6255 -0.9307 0.331899 0.153757 -0.237422 0.236854 0.226498 0.944775 0.373845 
1535388856882 0.278481 0.915424 -0.290598 -0.625421 -0.930597 0.33202 0.154115 -0.237642 0.237565 0.227512 0.944352 0.374021 
1535388857132 0.277825 0.915207 -0.291906 -0.625546 -0.930601 0.331799 0.15457 -0.237751 0.238318 0.228705 0.943874 0.374141 
1535388857377 0.277214 0.914974 -0.293215 -0.62565 -0.930585 0.331626 0.155032 -0.237935 0.239088 0.229885 0.943393 0.374257 
1535388857628 0.276738 0.914637 -0.294711 -0.625751 -0.930509 0.331636 0.15547 -0.238199 0.239936 0.231206 0.942855 0.374305 
1535388857879 0.276045 0.914427 -0.296011 -0.625868 -0.93052 0.331383 0.155942 -0.238339 0.240691 0.232397 0.942369 0.374425 
1535388858143 0.275375 0.914175 -0.29741 -0.625976 -0.930491 0.331203 0.156498 -0.238489 0.24157 0.233642 0.941836 0.374485 
1535388858394 0.274587 0.913954 -0.298813 -0.626116 -0.930514 0.330896 0.15701 -0.238594 0.242376 0.234937 0.941307 0.374597 
1535388858645 0.274089 0.913695 -0.300062 -0.626194 -0.930461 0.33083 0.157462 -0.238791 0.243142 0.236038 0.940834 0.37468 
1535388858665 0.274089 0.913695 -0.300062 -0.626194 -0.930461 0.33083 0.157462 -0.238791 0.243142 0.236038 0.940834 0.37468 
1535388858791 0.273587 0.913497 -0.30112 -0.626267 -0.930442 0.330697 0.157855 -0.238938 0.24378 0.236987 0.94043 0.374747 
1535388859010 0.273456 0.913889 -0.300046 -0.626203 -0.93065 0.330221 0.157623 -0.238754 0.243132 0.236135 0.940812 0.374645 
1535388859156 0.272875 0.914095 -0.299948 -0.626202 -0.930818 0.329653 0.157819 -0.238834 0.24314 0.236132 0.94081 0.374771 
1535388859326 0.272655 0.914175 -0.299905 -0.626176 -0.930896 0.329423 0.15784 -0.239055 0.243089 0.236144 0.940821 0.374847 
1535388859484 0.272132 0.914359 -0.299819 -0.626174 -0.93107 0.328889 0.157927 -0.239151 0.243009 0.236175 0.940834 0.374927 
1535388859656 0.271592 0.914593 -0.299595 -0.626164 -0.931243 0.328322 0.158088 -0.239221 0.24295 0.23606 0.940878 0.375064 
1535388859810 0.270978 0.914809 -0.299491 -0.62616 -0.931456 0.327685 0.158153 -0.239275 0.242819 0.236106 0.9409 0.375126 
1535388859979 0.270317 0.915023 -0.299435 -0.626147 -0.931684 0.327011 0.158205 -0.239385 0.24268 0.236214 0.940909 0.375152 
1535388860156 0.26991 0.915183 -0.299313 -0.626143 -0.931807 0.326598 0.158337 -0.239461 0.242662 0.236165 0.940926 0.375247 
1535388860185 0.269257 0.915391 -0.299266 -0.626138 -0.931998 0.325965 0.158517 -0.239574 0.242655 0.236233 0.94091 0.375347 
1535388860204 0.269257 0.915391 -0.299266 -0.626138 -0.931998 0.325965 0.158517 -0.239574 0.242655 0.236233 0.94091 0.375347 
1535388860221 0.269254 0.915391 -0.299269 -0.626137 -0.931999 0.325962 0.158512 -0.239592 0.242651 0.236239 0.94091 0.375347 
1535388860301 0.269337 0.915365 -0.299273 -0.626135 -0.931975 0.326042 0.158493 -0.239635 0.242654 0.236227 0.940912 0.375342 
1535388860428 0.269432 0.915603 -0.298458 -0.626083 -0.932005 0.325935 0.158534 -0.239726 0.242432 0.23545 0.941164 0.37528 
1535388860505 0.269221 0.915732 -0.298252 -0.626138 -0.93212 0.325646 0.158454 -0.239868 0.242226 0.235347 0.941243 0.375179 
1535388860599 0.268641 0.916002 -0.297946 -0.62613 -0.932348 0.324981 0.158476 -0.23989 0.241991 0.235217 0.941336 0.37515 
1535388860703 0.268324 0.916188 -0.297661 -0.626139 -0.932483 0.324588 0.158489 -0.240015 0.241823 0.235037 0.941424 0.37509 
1535388860801 0.268062 0.916454 -0.297079 -0.626147 -0.932602 0.324195 0.158592 -0.240137 0.241653 0.234544 0.941591 0.375055 
1535388860860 0.267607 0.916652 -0.296875 -0.626157 -0.932772 0.323687 0.158626 -0.240206 0.2415 0.234467 0.941649 0.37503 
1535388860990 0.267236 0.916972 -0.296222 -0.626147 -0.932939 0.323162 0.158719 -0.240354 0.241269 0.233941 0.941839 0.375031 
1535388861170 0.267138 0.917035 -0.296116 -0.626144 -0.932976 0.323041 0.158743 -0.240375 0.241231 0.233863 0.941868 0.375028 
1535388861205 0.267509 0.916961 -0.296009 -0.626156 -0.932816 0.323429 0.158897 -0.240374 0.24144 0.233616 0.941876 0.375017 
1535388861341 0.267537 0.916905 -0.296157 -0.626158 -0.932785 0.323503 0.158925 -0.240302 0.241527 0.233733 0.941825 0.375028 
1535388861412 0.267853 0.916952 -0.295725 -0.626078 -0.932814 0.323613 0.158531 -0.240276 0.241066 0.233394 0.942027 0.374977 
1535388861505 0.267987 0.916937 -0.295651 -0.626061 -0.932765 0.32374 0.158565 -0.240259 0.241108 0.23328 0.942044 0.374901 
1535388861664 0.268137 0.916897 -0.29564 -0.626056 -0.932745 0.323858 0.15844 -0.240273 0.241019 0.233273 0.942069 0.374877 
1535388861703 0.269093 0.916862 -0.294879 -0.625945 -0.932558 0.324553 0.158117 -0.240297 0.240675 0.232443 0.942362 0.374785 
1535388861832 0.269113 0.916872 -0.294829 -0.625935 -0.932567 0.324549 0.158071 -0.2403 0.240617 0.232409 0.942385 0.374763 
1535388861861 0.269492 0.916815 -0.294658 -0.625902 -0.932507 0.324834 0.157842 -0.24031 0.240427 0.232233 0.942477 0.374659 
1535388861876 0.269492 0.916815 -0.294658 -0.625902 -0.932507 0.324834 0.157842 -0.24031 0.240427 0.232233 0.942477 0.374659 
1535388861894 0.269492 0.916815 -0.294658 -0.625902 -0.932507 0.324834 0.157842 -0.24031 0.240427 0.232233 0.942477 0.374659 
1535388862103 0.269897 0.916766 -0.29444 -0.625704 -0.932436 0.325138 0.157635 -0.240114 0.240248 0.232001 0.942579 0.374886 
1535388862263 0.270538 0.916602 -0.294363 -0.625513 -0.93238 0.325611 0.156987 -0.240004 0.239742 0.231987 0.942712 0.374841 
1535388862429 0.271364 0.916429 -0.294142 -0.625282 -0.932188 0.326315 0.156666 -0.239946 0.239556 0.231682 0.942834 0.374865 
1535388862573 0.272046 0.916313 -0.293873 -0.625103 -0.932119 0.326795 0.156077 -0.239842 0.239051 0.231465 0.943016 0.374933 
1535388862743 0.272691 0.91622 -0.293567 -0.624898 -0.932014 0.327277 0.155691 -0.239681 0.238725 0.231153 0.943175 0.374997 
1535388862878 0.273527 0.916039 -0.293353 -0.624745 -0.931817 0.327993 0.155365 -0.239616 0.238538 0.230855 0.943295 0.375111 
1535388863033 0.274081 0.915936 -0.293157 -0.624523 -0.93174 0.328405 0.154955 -0.239445 0.238203 0.230676 0.943424 0.375118 
1535388863209 0.275153 0.91566 -0.293014 -0.624296 -0.931554 0.329279 0.154215 -0.239392 0.237692 0.230526 0.943589 0.375149 
1535388863226 0.275153 0.91566 -0.293014 -0.624296 -0.931554 0.329279 0.154215 -0.239392 0.237692 0.230526 0.943589 0.375149 
1535388863376 0.275153 0.91566 -0.293014 -0.624296 -0.931554 0.329279 0.154215 -0.239392 0.237692 0.230526 0.943589 0.375149 
1535388863462 0.27565 0.915593 -0.292758 -0.623882 -0.931443 0.329676 0.15404 -0.239366 0.237553 0.230226 0.943697 0.37531 
1535388863646 0.27547 0.915724 -0.292516 -0.623593 -0.931465 0.329493 0.154294 -0.239118 0.237673 0.229965 0.943731 0.375454 
1535388863820 0.275638 0.915715 -0.292386 -0.623243 -0.931429 0.329618 0.154244 -0.23903 0.237619 0.229822 0.943779 0.375491 
1535388863971 0.27577 0.915742 -0.292179 -0.622905 -0.931398 0.329701 0.154254 -0.238894 0.237589 0.229596 0.943842 0.37556 
1535388864123 0.275823 0.915819 -0.291886 -0.622587 -0.931367 0.329718 0.154409 -0.23868 0.23765 0.229263 0.943907 0.375699 
1535388864278 0.27604 0.915825 -0.291661 -0.622268 -0.931296 0.329893 0.15446 -0.238532 0.237675 0.228985 0.943968 0.375822 
1535388864449 0.276272 0.915874 -0.291286 -0.62193 -0.931251 0.33003 0.154442 -0.238381 0.237582 0.228593 0.944087 0.375957 
1535388864585 0.276311 0.915976 -0.290929 -0.621529 -0.931249 0.329997 0.154522 -0.238162 0.237545 0.228231 0.944184 0.376125 
1535388864603 0.276311 0.915976 -0.290929 -0.621529 -0.931249 0.329997 0.154522 -0.238162 0.237545 0.228231 0.944184 0.376125 
1535388864665 0.276508 0.915953 -0.290815 -0.621358 -0.931182 0.330174 0.15455 -0.238138 0.23758 0.228067 0.944215 0.376197 
1535388864900 0.276592 0.915898 -0.290908 -0.620905 -0.931059 0.330364 0.154882 -0.237935 0.237962 0.228013 0.944131 0.376375 
1535388865110 0.276663 0.915826 -0.291068 -0.620505 -0.930924 0.330568 0.155256 -0.237641 0.238406 0.228009 0.944021 0.376485 
1535388865333 0.276914 0.915753 -0.291058 -0.620012 -0.930779 0.330874 0.155478 -0.237496 0.238683 0.227856 0.943987 0.376648 
1535388865540 0.277003 0.915711 -0.291106 -0.619597 -0.930703 0.331014 0.155635 -0.237239 0.238876 0.227822 0.943947 0.376763 
1535388865738 0.277228 0.915598 -0.291249 -0.619164 -0.930556 0.331329 0.155839 -0.237055 0.239185 0.22782 0.943869 0.376886 
1535388865889 0.277228 0.915598 -0.291249 -0.619164 -0.930556 0.331329 0.155839 -0.237055 0.239185 0.22782 0.943869 0.376886 
1535388866014 0.277297 0.915625 -0.291096 -0.618272 -0.930429 0.33147 0.156297 -0.236576 0.2396 0.227504 0.94384 0.377181 
1535388866231 0.277675 0.915451 -0.291283 -0.617712 -0.930209 0.331966 0.156558 -0.236371 0.240017 0.227482 0.943739 0.377313 
1535388866265 0.277675 0.915451 -0.291283 -0.617712 -0.930209 0.331966 0.156558 -0.236371 0.240017 0.227482 0.943739 0.377313 
1535388866283 0.277705 0.915431 -0.291317 -0.617582 -0.930177 0.332022 0.156629 -0.236342 0.240106 0.22748 0.943717 0.377357 
1535388866523 0.277639 0.915415 -0.29143 -0.617183 -0.930174 0.332 0.156693 -0.236046 0.240194 0.227577 0.943671 0.377531 
1535388866734 0.27784 0.915293 -0.291624 -0.616736 -0.930032 0.332303 0.156895 -0.23586 0.240513 0.227627 0.943578 0.377633 
1535388866927 0.277825 0.915215 -0.29188 -0.61631 -0.929953 0.332411 0.15713 -0.235634 0.240832 0.22778 0.94346 0.377751 
1535388867124 0.278146 0.915096 -0.291948 -0.615835 -0.929811 0.332772 0.157204 -0.235499 0.241009 0.227731 0.943426 0.377953 
1535388867141 0.278146 0.915096 -0.291948 -0.615835 -0.929811 0.332772 0.157204 -0.235499 0.241009 0.227731 0.943426 0.377953 
1535388867426 0.27792 0.915107 -0.292129 -0.615001 -0.929731 0.332727 0.157773 -0.234958 0.241579 0.227753 0.943275 0.378269 
1535388867626 0.278237 0.914869 -0.292573 -0.614519 -0.929523 0.333214 0.157975 -0.234826 0.242016 0.227998 0.943104 0.378376 
1535388867841 0.278272 0.914822 -0.292688 -0.614001 -0.929433 0.333342 0.158235 -0.234533 0.242322 0.228001 0.943025 0.378552 
1535388867854 0.278272 0.914822 -0.292688 -0.614001 -0.929433 0.333342 0.158235 -0.234533 0.242322 0.228001 0.943025 0.378552 
1535388867871 0.278321 0.914788 -0.292747 -0.613941 -0.929407 0.333409 0.158243 -0.234531 0.242364 0.228039 0.943005 0.378569 
1535388868094 0.278242 0.914732 -0.292995 -0.613706 -0.929416 0.333391 0.158228 -0.234352 0.242418 0.228289 0.94293 0.378635 
1535388868265 0.278337 0.914568 -0.293418 -0.613422 -0.929438 0.333507 0.157857 -0.234261 0.242228 0.228776 0.942861 0.378722 
1535388868472 0.278576 0.914402 -0.293708 -0.613046 -0.929404 0.333749 0.157542 -0.234229 0.242082 0.229086 0.942824 0.378777 
1535388868654 0.278573 0.914343 -0.293893 -0.612803 -0.929404 0.333779 0.157479 -0.233989 0.242085 0.229277 0.942776 0.3789 
1535388868823 0.27847 0.914238 -0.294318 -0.61252 -0.929389 0.333798 0.15753 -0.233864 0.242263 0.229668 0.942635 0.379023 
1535388869004 0.278735 0.914078 -0.294565 -0.61217 -0.929302 0.3341 0.157402 -0.233818 0.242291 0.229866 0.94258 0.379155 
1535388869172 0.278476 0.914105 -0.294727 -0.611904 -0.929459 0.333805 0.157099 -0.233561 0.241986 0.230188 0.94258 0.379209 
1535388869376 0.278573 0.913933 -0.295168 -0.611613 -0.929394 0.334008 0.157054 -0.233429 0.242125 0.230577 0.942449 0.379265 
1535388869393 0.278485 0.913955 -0.295182 -0.611561 -0.929415 0.333931 0.157089 -0.233343 0.242143 0.2306 0.942439 0.37929 
1535388869541 0.27846 0.913979 -0.295129 -0.611463 -0.929431 0.333891 0.157083 -0.233281 0.242112 0.230561 0.942456 0.379331 
1535388869577 0.27846 0.913979 -0.295129 -0.611463 -0.929431 0.333891 0.157083 -0.233281 0.242112 0.230561 0.942456 0.379331 
1535388869663 0.278571 0.913982 -0.295018 -0.611243 -0.929387 0.333987 0.157136 -0.23319 0.242152 0.230413 0.942482 0.379401 
1535388869747 0.27889 0.913912 -0.294933 -0.610963 -0.929246 0.33432 0.157261 -0.233224 0.242325 0.230207 0.942488 0.379455 
1535388869785 0.27889 0.913912 -0.294933 -0.610963 -0.929246 0.33432 0.157261 -0.233224 0.242325 0.230207 0.942488 0.379455 
1535388869957 0.279061 0.913945 -0.29467 -0.610551 -0.929141 0.334489 0.157523 -0.232947 0.242531 0.229832 0.942526 0.379603 
1535388870051 0.278996 0.913994 -0.294578 -0.610348 -0.92914 0.334431 0.157655 -0.232823 0.242612 0.229719 0.942533 0.379685 
1535388870153 0.279059 0.913973 -0.294583 -0.610126 -0.92909 0.334521 0.157755 -0.23273 0.242728 0.229671 0.942515 0.379728 
1535388870224 0.278972 0.914057 -0.294407 -0.609913 -0.929113 0.33441 0.157854 -0.2326 0.242741 0.229501 0.942553 0.379799 
1535388870241 0.279155 0.913988 -0.294446 -0.609856 -0.929055 0.334596 0.157808 -0.232686 0.242755 0.229504 0.942549 0.379796 
1535388870257 0.279275 0.913939 -0.294483 -0.609836 -0.929017 0.334718 0.15777 -0.232746 0.242761 0.229518 0.942544 0.379786 
1535388870404 0.279278 0.913961 -0.294412 -0.609728 -0.92902 0.334705 0.157781 -0.232665 0.242747 0.229449 0.942564 0.379796 
1535388870442 0.279124 0.914115 -0.294082 -0.609546 -0.929027 0.334537 0.158091 -0.232446 0.242894 0.229083 0.942615 0.379867 
1535388870524 0.279064 0.914206 -0.293857 -0.60936 -0.929008 0.334476 0.158335 -0.23229 0.243038 0.22881 0.942644 0.379911 
1535388870643 0.279253 0.914158 -0.293824 -0.609092 -0.928931 0.33467 0.158374 -0.232367 0.243113 0.228716 0.942648 0.37991 
1535388870697 0.279089 0.914238 -0.293732 -0.608914 -0.928964 0.334512 0.158514 -0.232235 0.243176 0.228627 0.942653 0.379959 
1535388870815 0.279148 0.914265 -0.293592 -0.608707 -0.928853 0.334633 0.158911 -0.232087 0.243532 0.228344 0.94263 0.379984 
1535388870897 0.279115 0.914333 -0.29341 -0.608536 -0.928841 0.33459 0.159072 -0.231941 0.243617 0.228132 0.942659 0.380042 
1535388871016 0.279248 0.914357 -0.293208 -0.60819 -0.928765 0.334716 0.159251 -0.23188 0.243753 0.227851 0.942692 0.380115 
1535388871027 0.279228 0.91438 -0.293156 -0.608151 -0.928766 0.334692 0.159295 -0.231837 0.243773 0.227794 0.942701 0.380131 
1535388871142 0.279182 0.91442 -0.293075 -0.608082 -0.928771 0.334643 0.159371 -0.231772 0.243808 0.227706 0.942713 0.380156 
1535388871239 0.279499 0.914291 -0.293177 -0.607992 -0.928681 0.334958 0.159233 -0.231847 0.243787 0.227763 0.942705 0.380111 
1535388871315 0.279379 0.914396 -0.292963 -0.607849 -0.928765 0.334761 0.159155 -0.231665 0.243604 0.227629 0.942784 0.380164 
1535388871425 0.279791 0.914288 -0.292908 -0.607624 -0.928695 0.335094 0.158863 -0.231696 0.243398 0.227574 0.942851 0.380095 
1535388871493 0.279744 0.914389 -0.292635 -0.607459 -0.928722 0.33499 0.158925 -0.231566 0.243349 0.227318 0.942925 0.38019 
1535388871614 0.279813 0.914439 -0.292414 -0.607259 -0.928718 0.335002 0.158924 -0.231486 0.243285 0.227101 0.942994 0.380259 
1535388871683 0.279751 0.914524 -0.292208 -0.607116 -0.928755 0.33489 0.158944 -0.23131 0.243216 0.226925 0.943054 0.380292 
1535388871796 0.279751 0.914524 -0.292208 -0.607116 -0.928755 0.33489 0.158944 -0.23131 0.243216 0.226925 0.943054 0.380292 
1535388871839 0.279917 0.914533 -0.292022 -0.606831 -0.928752 0.334972 0.158789 -0.231196 0.243037 0.226768 0.943138 0.380276 
1535388871855 0.279928 0.914545 -0.291972 -0.606782 -0.928754 0.334969 0.158784 -0.231176 0.243017 0.226721 0.943154 0.380287 
1535388871872 0.279955 0.914548 -0.291935 -0.606737 -0.92875 0.334984 0.158771 -0.231164 0.242998 0.226686 0.943168 0.380292 
1535388871897 0.279955 0.914548 -0.291935 -0.606737 -0.92875 0.334984 0.158771 -0.231164 0.242998 0.226686 0.943168 0.380292 
1535388872063 0.2803 0.914514 -0.291714 -0.606554 -0.928651 0.335271 0.158748 -0.23104 0.24298 0.226403 0.94324 0.380342 
1535388872115 0.280231 0.914645 -0.291367 -0.606355 -0.928702 0.335117 0.158775 -0.230852 0.242865 0.226099 0.943343 0.380444 
1535388872254 0.280842 0.914522 -0.291166 -0.606063 -0.928565 0.335621 0.158509 -0.230923 0.242682 0.22585 0.94345 0.380465 
1535388872312 0.280875 0.914599 -0.290891 -0.605867 -0.92858 0.335582 0.158504 -0.230784 0.242585 0.225595 0.943535 0.380533 
1535388872436 0.280937 0.914656 -0.290654 -0.605682 -0.928618 0.335547 0.158357 -0.230624 0.24237 0.225418 0.943633 0.380556 
1535388872496 0.281063 0.914695 -0.290407 -0.605459 -0.928607 0.3356 0.158311 -0.230528 0.242267 0.225178 0.943717 0.380635 
1535388872640 0.281361 0.914663 -0.29022 -0.605215 -0.928584 0.335789 0.15804 -0.2305 0.242006 0.225028 0.94382 0.380687 
1535388872656 0.281372 0.914729 -0.290002 -0.605089 -0.928598 0.335747 0.158052 -0.230337 0.241942 0.224823 0.943885 0.380743 
1535388872673 0.281372 0.914729 -0.290002 -0.605089 -0.928598 0.335747 0.158052 -0.230337 0.241942 0.224823 0.943885 0.380743 
1535388872846 0.28156 0.914723 -0.289838 -0.6048 -0.928597 0.335845 0.157847 -0.230273 0.241727 0.224699 0.94397 0.380816 
1535388872999 0.28195 0.914618 -0.289788 -0.604457 -0.928511 0.336179 0.15764 -0.230228 0.241601 0.224625 0.944019 0.380909 
1535388873169 0.281962 0.914666 -0.289625 -0.604141 -0.928567 0.336108 0.157466 -0.230037 0.241375 0.224537 0.944098 0.38094 
1535388873337 0.28241 0.914566 -0.289505 -0.603758 -0.928481 0.336469 0.1572 -0.230036 0.24118 0.224405 0.944179 0.380982 
1535388873485 0.282383 0.914662 -0.289229 -0.603448 -0.928547 0.336342 0.157083 -0.229832 0.240958 0.224205 0.944284 0.381077 
1535388873537 0.282383 0.914662 -0.289229 -0.603448 -0.928547 0.336342 0.157083 -0.229832 0.240958 0.224205 0.944284 0.381077 
1535388873707 0.282501 0.914741 -0.288865 -0.602838 -0.928576 0.336332 0.156934 -0.229438 0.240708 0.223899 0.94442 0.381301 
1535388873885 0.282789 0.914765 -0.288505 -0.602408 -0.928608 0.336434 0.156523 -0.229288 0.240245 0.223645 0.944598 0.381387 
1535388873890 0.282789 0.914765 -0.288505 -0.602408 -0.928608 0.336434 0.156523 -0.229288 0.240245 0.223645 0.944598 0.381387 
1535388873913 0.282721 0.914811 -0.288427 -0.602359 -0.928639 0.336345 0.156528 -0.229216 0.240204 0.223591 0.944621 0.381409 
1535388874074 0.283174 0.914694 -0.288352 -0.602138 -0.928549 0.336721 0.156254 -0.229285 0.240019 0.223502 0.944689 0.381362 
1535388874175 0.283342 0.914951 -0.28737 -0.601827 -0.928513 0.3367 0.156514 -0.228955 0.239961 0.22248 0.944945 0.381416 
1535388874299 0.283782 0.91492 -0.287034 -0.601495 -0.928375 0.337067 0.156544 -0.228873 0.239975 0.222051 0.945042 0.381462 
1535388874417 0.284165 0.914998 -0.286407 -0.60115 -0.928315 0.337273 0.156455 -0.22876 0.239753 0.221417 0.945248 0.381517 
1535388874536 0.284372 0.915099 -0.285878 -0.600853 -0.928293 0.337342 0.156434 -0.228534 0.239591 0.220893 0.945411 0.38155 
1535388874664 0.284754 0.915148 -0.285343 -0.600542 -0.928163 0.337628 0.15659 -0.228351 0.239643 0.220255 0.945547 0.381615 
1535388874770 0.284872 0.915281 -0.284795 -0.600239 -0.928139 0.337636 0.156715 -0.228134 0.239595 0.219686 0.945691 0.381667 
1535388874901 0.285386 0.915242 -0.284262 -0.599835 -0.927983 0.338133 0.15657 -0.228031 0.239418 0.219085 0.945876 0.381696 
1535388875078 0.285581 0.915239 -0.284221 -0.599812 -0.927969 0.338173 0.156562 -0.228018 0.239408 0.219037 0.945889 0.381697 
1535388875273 0.286105 0.91551 -0.282816 -0.599385 -0.927982 0.338275 0.156264 -0.227599 0.238731 0.21774 0.94636 0.381773 
1535388875518 0.286577 0.915598 -0.282054 -0.599089 -0.927913 0.338527 0.156128 -0.227462 0.238434 0.216979 0.946609 0.38176 
1535388875701 0.286876 0.915766 -0.281201 -0.598796 -0.927965 0.338538 0.1558 -0.227194 0.237874 0.216249 0.946917 0.381788 
1535388875886 0.287503 0.915855 -0.280271 -0.598479 -0.927891 0.338872 0.155515 -0.227061 0.237405 0.21535 0.94724 0.381791 
1535388876063 0.28785 0.915943 -0.279628 -0.598252 -0.927814 0.339067 0.155547 -0.226822 0.237285 0.214668 0.947425 0.381861 
1535388876241 0.288202 0.916042 -0.278938 -0.597948 -0.927854 0.339153 0.15512 -0.226653 0.236699 0.214107 0.947698 0.381723 
1535388876434 0.288623 0.916203 -0.277972 -0.597698 -0.927783 0.339339 0.155137 -0.226415 0.236464 0.213121 0.947979 0.381912 
1535388876462 0.288623 0.916203 -0.277972 -0.597698 -0.927783 0.339339 0.155137 -0.226415 0.236464 0.213121 0.947979 0.381912 
1535388876485 0.2891 0.91624 -0.277355 -0.597411 -0.927724 0.339612 0.154894 -0.226258 0.236113 0.212529 0.948199 0.381891 
1535388876774 0.288685 0.916085 -0.278296 -0.597449 -0.927618 0.339584 0.155585 -0.226295 0.237034 0.213237 0.94781 0.381938 
1535388876955 0.287641 0.915942 -0.279845 -0.597184 -0.927527 0.339222 0.156915 -0.226316 0.238655 0.214428 0.947135 0.382169 
1535388877144 0.287028 0.915717 -0.281208 -0.596786 -0.927303 0.339239 0.158194 -0.226265 0.240258 0.215359 0.946518 0.382298 
1535388877337 0.286555 0.915568 -0.282172 -0.5964 -0.927081 0.339283 0.159399 -0.226253 0.241676 0.215919 0.946029 0.382601 
1535388877529 0.285914 0.915372 -0.283456 -0.596029 -0.926854 0.339274 0.160734 -0.226168 0.243301 0.216766 0.945419 0.382736 
1535388877688 0.28553 0.915149 -0.284561 -0.595627 -0.926564 0.339463 0.161997 -0.226203 0.24485 0.217409 0.944871 0.383001 
1535388877874 0.284799 0.915024 -0.285694 -0.595276 -0.926441 0.339275 0.163096 -0.226063 0.246166 0.218229 0.94434 0.383101 
1535388878052 0.284334 0.914754 -0.287017 -0.594889 -0.926134 0.339465 0.164434 -0.226074 0.247849 0.219062 0.943707 0.38334 
1535388878113 0.283766 0.914542 -0.288254 -0.594502 -0.925891 0.339514 0.165699 -0.226036 0.249405 0.219872 0.943108 0.383517 
1535388878138 0.283676 0.914502 -0.288468 -0.594381 -0.925853 0.339525 0.165887 -0.226057 0.249646 0.220021 0.94301 0.383564 
1535388878356 0.283625 0.914422 -0.288773 -0.594265 -0.925774 0.339615 0.166145 -0.226097 0.249998 0.220216 0.942871 0.383617 
1535388878542 0.283196 0.914608 -0.288605 -0.594088 -0.925864 0.339211 0.166469 -0.225769 0.250151 0.220065 0.942866 0.38362 
1535388878720 0.283114 0.914554 -0.288855 -0.593835 -0.925767 0.339285 0.166856 -0.225744 0.250604 0.220173 0.94272 0.383654 
1535388878896 0.28304 0.914444 -0.289276 -0.593585 -0.925632 0.339429 0.167309 -0.225766 0.251183 0.220408 0.942511 0.383732 
1535388879064 0.282839 0.914498 -0.289302 -0.593374 -0.925587 0.339336 0.167748 -0.225619 0.251576 0.220328 0.942425 0.383861 
1535388879250 0.282674 0.914481 -0.289517 -0.593138 -0.925495 0.339342 0.168243 -0.225544 0.2521 0.220389 0.942271 0.384007 
1535388879421 0.282454 0.914482 -0.28973 -0.592917 -0.925435 0.339283 0.168694 -0.225432 0.252568 0.220478 0.942125 0.384006 
1535388879594 0.282301 0.914462 -0.289941 -0.592674 -0.925364 0.339279 0.169091 -0.225373 0.252998 0.220566 0.941989 0.384058 
1535388879617 0.282269 0.914386 -0.290209 -0.592537 -0.925237 0.339417 0.169505 -0.225334 0.253495 0.220667 0.941831 0.384142 
1535388879634 0.282163 0.914421 -0.290206 -0.592505 -0.925256 0.339327 0.169586 -0.225273 0.253547 0.220664 0.941818 0.384155 
1535388879824 0.282125 0.914432 -0.290207 -0.592487 -0.92526 0.339297 0.169622 -0.22525 0.253575 0.220662 0.941811 0.38416 
1535388879986 0.282455 0.914362 -0.290106 -0.592464 -0.925174 0.339581 0.16952 -0.225388 0.253518 0.220517 0.94186 0.384081 
1535388880148 0.28205 0.914543 -0.289928 -0.592339 -0.925243 0.339209 0.169891 -0.225171 0.253718 0.220336 0.941849 0.384144 
1535388880304 0.28222 0.914477 -0.289973 -0.592158 -0.92514 0.339423 0.170021 -0.22521 0.253903 0.220282 0.941811 0.384186 
1535388880467 0.282197 0.914413 -0.290196 -0.59208 -0.925067 0.339512 0.170241 -0.22515 0.254195 0.220409 0.941703 0.38416 
1535388880621 0.282054 0.914481 -0.29012 -0.591865 -0.925053 0.339412 0.170517 -0.225096 0.254405 0.220282 0.941676 0.384216 
1535388880784 0.282066 0.914467 -0.290152 -0.591749 -0.925004 0.339468 0.170672 -0.225094 0.254571 0.220251 0.941638 0.384241 
1535388880948 0.282015 0.914435 -0.290304 -0.591637 -0.924897 0.339554 0.17108 -0.225009 0.255015 0.220255 0.941517 0.384222 
1535388880968 0.282015 0.914435 -0.290304 -0.591637 -0.924897 0.339554 0.17108 -0.225009 0.255015 0.220255 0.941517 0.384222 
1535388880985 0.281887 0.914439 -0.290415 -0.591504 -0.924828 0.339546 0.171468 -0.224917 0.255406 0.22025 0.941413 0.384249 
1535388881165 0.281896 0.914434 -0.290424 -0.591459 -0.924815 0.339565 0.171502 -0.224925 0.255444 0.220243 0.941404 0.384262 
1535388881210 0.282057 0.914387 -0.290413 -0.591588 -0.92477 0.339713 0.171453 -0.224934 0.255431 0.220206 0.941416 0.384229 
1535388881325 0.282047 0.914424 -0.290307 -0.591568 -0.924789 0.33967 0.171433 -0.224927 0.255371 0.220121 0.941452 0.384245 
1535388881381 0.282026 0.914454 -0.290231 -0.591514 -0.924804 0.339628 0.171434 -0.224931 0.25534 0.220058 0.941475 0.384271 
1535388881497 0.281936 0.914496 -0.290189 -0.59147 -0.924833 0.339533 0.171469 -0.224897 0.255337 0.220033 0.941482 0.384293 
1535388881549 0.28184 0.914519 -0.290208 -0.591413 -0.924849 0.339456 0.171531 -0.224872 0.255381 0.220054 0.941465 0.384323 
1535388881632 0.281859 0.914516 -0.290201 -0.591385 -0.924842 0.339474 0.171534 -0.224893 0.255386 0.220042 0.941467 0.384334 
1535388881667 0.281976 0.914481 -0.290196 -0.591313 -0.924779 0.339609 0.171607 -0.224952 0.255485 0.219978 0.941455 0.38436 
1535388881687 0.281976 0.914481 -0.290196 -0.591313 -0.924779 0.339609 0.171607 -0.224952 0.255485 0.219978 0.941455 0.38436 
1535388882623 0.273847 0.915575 -0.2945 -0.578335 -0.927205 0.332679 0.172091 -0.218675 0.255536 0.225936 0.940029 0.393985 
1535388883646 0.266409 0.916242 -0.29921 -0.564991 -0.929411 0.326448 0.172125 -0.212639 0.255385 0.232233 0.938534 0.403928 
1535388884534 0.259305 0.91674 -0.303889 -0.551647 -0.931452 0.320545 0.172188 -0.206694 0.255261 0.238408 0.937018 0.413929 
1535388885411 0.251977 0.917209 -0.308603 -0.538385 -0.933508 0.314434 0.172321 -0.200646 0.25509 0.244662 0.935452 0.423777 
1535388886269 0.244771 0.917561 -0.31332 -0.525055 -0.935523 0.308398 0.1723 -0.194721 0.254722 0.250944 0.933886 0.433765 
1535388887093 0.237419 0.917938 -0.31784 -0.511712 -0.937494 0.302218 0.172536 -0.188717 0.254435 0.25701 0.932314 0.443755 
1535388887965 0.23017 0.918202 -0.322377 -0.498354 -0.939404 0.296124 0.172714 -0.182688 0.25405 0.263089 0.930722 0.453821 
1535388887980 0.23029 0.918143 -0.322458 -0.498278 -0.939388 0.296239 0.172606 -0.182743 0.254002 0.263164 0.930714 0.453904 
1535388891983 0.215505 0.918467 -0.331625 -0.471737 -0.943114 0.283812 0.173166 -0.170772 0.253167 0.275442 0.927382 0.473756 
1535388892669 0.216081 0.918251 -0.33185 -0.471459 -0.942868 0.284519 0.173344 -0.170836 0.253591 0.275435 0.927269 0.474089 
1535388893206 0.215497 0.918477 -0.331603 -0.471734 -0.943071 0.28385 0.173341 -0.170759 0.253335 0.275371 0.927358 0.473696 
1535388893742 0.215458 0.91851 -0.331537 -0.471723 -0.943029 0.283856 0.17356 -0.170739 0.253525 0.275254 0.92734 0.473751 
1535388894292 0.215544 0.918535 -0.331413 -0.471706 -0.942941 0.283987 0.17382 -0.17071 0.253777 0.275038 0.927336 0.47375 
1535388894860 0.215247 0.918549 -0.331566 -0.471733 -0.942996 0.28375 0.173907 -0.170679 0.253824 0.275233 0.927265 0.473656 
1535388895387 0.215371 0.918585 -0.331385 -0.471708 -0.9429 0.283906 0.174175 -0.170652 0.254078 0.274951 0.927279 0.473665 
1535388895949 0.215288 0.918625 -0.331329 -0.471701 -0.942926 0.283809 0.17419 -0.17065 0.254049 0.274918 0.927297 0.473656 
1535388896492 0.215421 0.918631 -0.331226 -0.47168 -0.942823 0.283994 0.174449 -0.170641 0.25432 0.274707 0.927285 0.473637 
1535388897023 0.215282 0.91866 -0.331237 -0.471687 -0.942822 0.283901 0.174606 -0.170632 0.254442 0.274708 0.927251 0.473658 
1535388897044 0.215282 0.91866 -0.331237 -0.471687 -0.942822 0.283901 0.174606 -0.170632 0.254442 0.274708 0.927251 0.473658 
1535388897239 0.215356 0.918674 -0.331148 -0.471678 -0.94273 0.284035 0.174884 -0.170598 0.254719 0.274521 0.92723 0.473635 
1535388897440 0.215242 0.918657 -0.331271 -0.471693 -0.942809 0.283893 0.174686 -0.170622 0.254522 0.274726 0.927224 0.473635 
1535388897646 0.215226 0.918654 -0.331289 -0.471695 -0.942821 0.283873 0.174658 -0.170625 0.254494 0.274755 0.927223 0.473635 
1535388897848 0.21528 0.918665 -0.331225 -0.471687 -0.94278 0.283942 0.174763 -0.170612 0.254597 0.274649 0.927226 0.473635 
1535388898064 0.215287 0.918667 -0.331213 -0.471686 -0.942773 0.283953 0.174783 -0.17061 0.254616 0.27463 0.927226 0.473636 
1535388898266 0.215288 0.918669 -0.331208 -0.471685 -0.942771 0.283955 0.174794 -0.170609 0.254626 0.274622 0.927226 0.473636 
1535388898468 0.215287 0.91867 -0.331205 -0.471685 -0.942769 0.283956 0.174804 -0.170608 0.254635 0.274617 0.927225 0.473636 
1535388898676 0.215344 0.918681 -0.331138 -0.471677 -0.942725 0.28403 0.174921 -0.170593 0.25475 0.274504 0.927227 0.473634 
1535388898888 0.21536 0.918684 -0.331119 -0.471674 -0.942709 0.284054 0.174966 -0.170588 0.254794 0.274468 0.927225 0.473631 
1535388898909 0.21536 0.918684 -0.331119 -0.471674 -0.942709 0.284054 0.174966 -0.170588 0.254794 0.274468 0.927225 0.473631 
1535388899083 0.215371 0.918691 -0.331091 -0.471671 -0.942708 0.284057 0.174964 -0.170589 0.254787 0.27444 0.927236 0.473629 
1535388899186 0.215372 0.918697 -0.331076 -0.471669 -0.942709 0.284054 0.174964 -0.170587 0.254782 0.274426 0.927241 0.47363 
1535388899304 0.215373 0.918697 -0.331074 -0.471669 -0.942709 0.284055 0.174966 -0.170587 0.254784 0.274424 0.927242 0.47363 
1535388899432 0.215374 0.918697 -0.331073 -0.471668 -0.942708 0.284056 0.174967 -0.170587 0.254785 0.274421 0.927242 0.47363 
1535388899558 0.215376 0.918698 -0.331071 -0.471668 -0.942707 0.284058 0.174969 -0.170587 0.254787 0.274419 0.927242 0.47363 
1535388899666 0.215377 0.918698 -0.331069 -0.471668 -0.942706 0.284059 0.174971 -0.170587 0.254789 0.274416 0.927242 0.47363 
1535388899787 0.215378 0.918698 -0.331068 -0.471668 -0.942706 0.284061 0.174972 -0.170587 0.25479 0.274414 0.927243 0.47363 
1535388900036 0.215379 0.918699 -0.331066 -0.471668 -0.942706 0.284061 0.174973 -0.170587 0.254791 0.274412 0.927243 0.47363 
1535388900142 0.215379 0.9187 -0.331062 -0.471667 -0.942705 0.284061 0.174976 -0.170588 0.254792 0.274408 0.927244 0.47363 
1535388900165 0.215379 0.9187 -0.331062 -0.471667 -0.942705 0.284061 0.174976 -0.170588 0.254792 0.274408 0.927244 0.47363 
1535388900364 0.215379 0.9187 -0.331061 -0.471667 -0.942705 0.284061 0.174976 -0.170588 0.254793 0.274407 0.927244 0.47363 
1535388900560 0.215376 0.918702 -0.331057 -0.471666 -0.942705 0.284058 0.174979 -0.170586 0.254793 0.274403 0.927245 0.47363 
1535388900764 0.215377 0.918703 -0.331056 -0.471666 -0.942706 0.284058 0.174978 -0.170586 0.254792 0.274402 0.927246 0.47363 
1535388900979 0.215378 0.918703 -0.331055 -0.471666 -0.942706 0.284058 0.174978 -0.170586 0.254792 0.274401 0.927246 0.47363 
1535388901188 0.215378 0.918703 -0.331053 -0.471666 -0.942705 0.284058 0.174978 -0.170587 0.254792 0.274399 0.927247 0.47363 
1535388901405 0.215379 0.918703 -0.331053 -0.471666 -0.942705 0.284059 0.174978 -0.170587 0.254792 0.274398 0.927247 0.47363 
1535388901615 0.215379 0.918704 -0.331052 -0.471666 -0.942705 0.284059 0.174978 -0.170587 0.254792 0.274398 0.927247 0.47363 
1535388901823 0.215379 0.918704 -0.331052 -0.471666 -0.942705 0.284059 0.174978 -0.170588 0.254791 0.274398 0.927247 0.47363 
1535388902028 0.215379 0.918704 -0.331051 -0.471666 -0.942705 0.284058 0.174978 -0.170588 0.254791 0.274397 0.927247 0.47363 
1535388902048 0.215379 0.918704 -0.331051 -0.471666 -0.942705 0.284058 0.174978 -0.170588 0.254791 0.274397 0.927247 0.47363 
1535388902226 0.215379 0.918704 -0.331051 -0.471666 -0.942705 0.284058 0.174978 -0.170589 0.254791 0.274397 0.927248 0.47363 
1535388902434 0.215376 0.918706 -0.331049 -0.471665 -0.942706 0.284055 0.17498 -0.170587 0.254791 0.274395 0.927248 0.473631 
1535388902634 0.215376 0.918706 -0.331048 -0.471665 -0.942706 0.284055 0.17498 -0.170587 0.254791 0.274395 0.927248 0.473631 
1535388902852 0.215376 0.918706 -0.331048 -0.471665 -0.942706 0.284055 0.17498 -0.170587 0.254791 0.274394 0.927248 0.473631 
1535388903067 0.215377 0.918706 -0.331048 -0.471665 -0.942706 0.284056 0.17498 -0.170587 0.254791 0.274394 0.927248 0.473631 
1535388903280 0.215377 0.918706 -0.331047 -0.471665 -0.942706 0.284056 0.174979 -0.170588 0.254791 0.274394 0.927249 0.473631 
1535388903487 0.215378 0.918706 -0.331047 -0.471665 -0.942706 0.284056 0.174979 -0.170588 0.254791 0.274394 0.927249 0.473631 
1535388903690 0.215378 0.918706 -0.331047 -0.471665 -0.942706 0.284056 0.174979 -0.170588 0.25479 0.274394 0.927249 0.473631 
1535388903894 0.215377 0.918706 -0.331047 -0.471665 -0.942706 0.284056 0.174979 -0.170589 0.25479 0.274394 0.927249 0.473631 
1535388903918 0.215377 0.918706 -0.331047 -0.471665 -0.942706 0.284056 0.174979 -0.170589 0.25479 0.274394 0.927249 0.473631 
1535388904136 0.215377 0.918706 -0.331048 -0.471665 -0.942706 0.284055 0.174979 -0.170589 0.25479 0.274394 0.927249 0.47363 
1535388904370 0.215373 0.918708 -0.331045 -0.471665 -0.942707 0.284052 0.17498 -0.170587 0.25479 0.274392 0.927249 0.473631 
1535388904607 0.215373 0.918708 -0.331045 -0.471665 -0.942707 0.284052 0.174981 -0.170588 0.25479 0.274392 0.927249 0.473631 
1535388904844 0.215374 0.918708 -0.331045 -0.471665 -0.942707 0.284052 0.17498 -0.170588 0.25479 0.274392 0.927249 0.473631 
1535388905098 0.215374 0.918707 -0.331045 -0.471665 -0.942707 0.284052 0.17498 -0.170588 0.25479 0.274392 0.927249 0.473631 
1535388905333 0.215374 0.918707 -0.331044 -0.471665 -0.942707 0.284053 0.17498 -0.170588 0.25479 0.274392 0.927249 0.473631 
1535388905564 0.215375 0.918707 -0.331045 -0.471665 -0.942707 0.284053 0.17498 -0.170588 0.25479 0.274392 0.927249 0.473631 
1535388905800 0.215374 0.918707 -0.331045 -0.471665 -0.942707 0.284052 0.17498 -0.170589 0.254789 0.274392 0.927249 0.473631 
1535388906037 0.215373 0.918708 -0.331045 -0.471665 -0.942707 0.284052 0.17498 -0.170589 0.254789 0.274392 0.927249 0.473631 
1535388906060 0.215373 0.918708 -0.331045 -0.471665 -0.942707 0.284052 0.17498 -0.170589 0.254789 0.274392 0.927249 0.473631 
1535388906257 0.215372 0.918708 -0.331045 -0.471665 -0.942708 0.28405 0.17498 -0.17059 0.254789 0.274393 0.927249 0.473631 
1535388906472 0.215369 0.918709 -0.331043 -0.471665 -0.942708 0.284047 0.174981 -0.170588 0.254788 0.274392 0.92725 0.473631 
1535388906694 0.215369 0.918709 -0.331043 -0.471664 -0.942708 0.284046 0.174981 -0.170588 0.254788 0.274392 0.92725 0.473631 
1535388906915 0.215369 0.918709 -0.331043 -0.471664 -0.942708 0.284047 0.174981 -0.170588 0.254788 0.274391 0.92725 0.473631 
1535388907143 0.215369 0.918709 -0.331043 -0.471664 -0.942708 0.284047 0.174981 -0.170588 0.254788 0.274391 0.92725 0.473631 
1535388907385 0.215369 0.918709 -0.331043 -0.471664 -0.942708 0.284046 0.174981 -0.170589 0.254788 0.274392 0.92725 0.473631 
1535388907600 0.215368 0.918709 -0.331043 -0.471664 -0.942709 0.284046 0.174981 -0.170589 0.254788 0.274392 0.92725 0.473631 
1535388907806 0.215367 0.91871 -0.331043 -0.471665 -0.942709 0.284045 0.174981 -0.170589 0.254788 0.274392 0.92725 0.473631 
1535388908020 0.215366 0.91871 -0.331044 -0.471665 -0.942709 0.284043 0.174981 -0.170589 0.254787 0.274393 0.92725 0.473631 
1535388908042 0.215366 0.91871 -0.331044 -0.471665 -0.942709 0.284043 0.174981 -0.170589 0.254787 0.274393 0.92725 0.473631 
1535388908275 0.215361 0.918711 -0.331044 -0.471665 -0.942711 0.284038 0.17498 -0.17059 0.254785 0.274395 0.92725 0.473631 
1535388908513 0.215354 0.918713 -0.331042 -0.471664 -0.942713 0.284032 0.174982 -0.170588 0.254785 0.274394 0.92725 0.473631 
1535388908757 0.215353 0.918713 -0.331042 -0.471664 -0.942713 0.284031 0.174982 -0.170588 0.254784 0.274394 0.92725 0.473631 
1535388908991 0.215352 0.918714 -0.331041 -0.471664 -0.942714 0.284029 0.174982 -0.170588 0.254784 0.274395 0.92725 0.473631 
1535388909218 0.21535 0.918714 -0.331042 -0.471664 -0.942714 0.284027 0.174982 -0.170589 0.254783 0.274396 0.92725 0.473631 
1535388909450 0.215346 0.918715 -0.331042 -0.471664 -0.942715 0.284023 0.174981 -0.170589 0.254782 0.274397 0.92725 0.473631 
1535388909698 0.215343 0.918716 -0.331042 -0.471664 -0.942716 0.28402 0.174982 -0.170589 0.254781 0.274398 0.92725 0.473631 
1535388909925 0.21534 0.918716 -0.331043 -0.471665 -0.942717 0.284016 0.174981 -0.170589 0.25478 0.274399 0.92725 0.473631 
1535388910163 0.215337 0.918717 -0.331043 -0.471665 -0.942718 0.284014 0.174981 -0.17059 0.254779 0.2744 0.92725 0.473631 
1535388910186 0.215335 0.918717 -0.331043 -0.471665 -0.942719 0.284012 0.174981 -0.17059 0.254778 0.274401 0.92725 0.473631 
1535388910410 0.215335 0.918717 -0.331043 -0.471665 -0.942719 0.284012 0.174981 -0.17059 0.254778 0.274401 0.92725 0.473631 
1535388910634 0.21533 0.918719 -0.331041 -0.471664 -0.94272 0.284007 0.174982 -0.170588 0.254778 0.2744 0.92725 0.473631 
1535388910865 0.21533 0.918719 -0.331041 -0.471664 -0.94272 0.284006 0.174982 -0.170588 0.254777 0.2744 0.92725 0.473631 
1535388911123 0.215329 0.91872 -0.331041 -0.471664 -0.942721 0.284005 0.174982 -0.170589 0.254777 0.2744 0.92725 0.473631 
1535388911358 0.215329 0.918719 -0.331041 -0.471664 -0.942721 0.284005 0.174982 -0.170589 0.254777 0.2744 0.92725 0.473631 
1535388911598 0.215328 0.91872 -0.331041 -0.471664 -0.942721 0.284005 0.174982 -0.170589 0.254777 0.274401 0.92725 0.473631 
1535388911838 0.215328 0.918719 -0.331041 -0.471664 -0.942721 0.284004 0.174982 -0.170589 0.254777 0.274401 0.92725 0.473631 
1535388912070 0.215328 0.918719 -0.331042 -0.471664 -0.942721 0.284004 0.174982 -0.17059 0.254776 0.274402 0.92725 0.473631 
1535388912319 0.215328 0.918719 -0.331042 -0.471665 -0.942721 0.284004 0.174981 -0.17059 0.254776 0.274402 0.92725 0.473631 
1535388912343 0.215328 0.918719 -0.331042 -0.471665 -0.942721 0.284004 0.174981 -0.17059 0.254776 0.274402 0.92725 0.473631 
