1535164549578 0.232408 0.92433 -0.302655 -0.602438 -0.938398 0.294914 0.180096 -0.232822 0.255725 0.242155 0.93593 0.389484 
1535164559460 0.232408 0.92433 -0.302655 -0.602438 -0.938398 0.294914 0.180095 -0.232822 0.255725 0.242155 0.93593 0.389484 
1535164559613 0.232186 0.924082 -0.303582 -0.602439 -0.938317 0.295013 0.180355 -0.232824 0.256223 0.24298 0.93558 0.389574 
1535164559689 0.232021 0.923764 -0.304676 -0.60239 -0.938182 0.295238 0.180692 -0.232902 0.256868 0.243917 0.935159 0.389614 
1535164559783 0.23205 0.923353 -0.305894 -0.602367 -0.937983 0.295687 0.180992 -0.233077 0.257568 0.244925 0.934704 0.389585 
1535164559872 0.231662 0.923112 -0.306915 -0.602358 -0.937902 0.295688 0.181408 -0.233006 0.258211 0.245831 0.934288 0.389591 
1535164560023 0.231343 0.922478 -0.309055 -0.60233 -0.93769 0.296085 0.181856 -0.233103 0.259265 0.247727 0.933495 0.389619 
1535164560107 0.231194 0.922162 -0.310109 -0.602283 -0.937552 0.296319 0.182187 -0.233167 0.259897 0.248622 0.933081 0.389705 
1535164560190 0.231344 0.921747 -0.311228 -0.602259 -0.937328 0.296861 0.182456 -0.233382 0.26057 0.249513 0.932656 0.389714 
1535164560217 0.231254 0.921647 -0.31159 -0.602264 -0.937293 0.296903 0.182569 -0.233378 0.260776 0.249831 0.932513 0.389708 
1535164560236 0.23117 0.921602 -0.311784 -0.60226 -0.937283 0.29689 0.182636 -0.233361 0.260884 0.25001 0.932435 0.389709 
1535164560334 0.231073 0.92157 -0.311951 -0.602233 -0.937339 0.296801 0.182494 -0.233347 0.260768 0.250234 0.932407 0.389735 
1535164560349 0.231131 0.921652 -0.311666 -0.602225 -0.937414 0.296714 0.182252 -0.233348 0.260449 0.250036 0.932549 0.389742 
1535164560383 0.231134 0.921896 -0.310943 -0.602224 -0.937674 0.296324 0.181549 -0.233274 0.259509 0.249601 0.932928 0.389752 
1535164560456 0.23102 0.922075 -0.310494 -0.602289 -0.938032 0.29581 0.180534 -0.23311 0.258314 0.249546 0.933274 0.389711 
1535164560474 0.231145 0.922074 -0.310407 -0.60229 -0.938148 0.295769 0.179998 -0.233142 0.25778 0.249602 0.933407 0.389706 
1535164560494 0.231273 0.922083 -0.310283 -0.602288 -0.938258 0.295729 0.179491 -0.233171 0.257265 0.249614 0.933546 0.389714 
1535164560518 0.231374 0.922105 -0.310143 -0.602285 -0.938376 0.295658 0.178988 -0.233185 0.256742 0.249617 0.933689 0.389726 
1535164560542 0.231358 0.922156 -0.310003 -0.602273 -0.938462 0.295536 0.178737 -0.233149 0.25644 0.249574 0.933783 0.389726 
1535164560559 0.231313 0.922197 -0.309915 -0.602266 -0.938535 0.295416 0.178553 -0.233106 0.256215 0.249564 0.933848 0.38972 
1535164560575 0.231247 0.922257 -0.309786 -0.602263 -0.93865 0.295232 0.178251 -0.233051 0.255852 0.249561 0.933948 0.389715 
1535164560592 0.231199 0.922299 -0.309697 -0.602263 -0.938739 0.295094 0.178011 -0.233019 0.255569 0.249569 0.934024 0.389717 
1535164560610 0.231175 0.922325 -0.309637 -0.602264 -0.938839 0.294968 0.177692 -0.233005 0.255223 0.249621 0.934104 0.38972 
1535164560629 0.231175 0.922337 -0.309601 -0.602264 -0.93893 0.294872 0.177373 -0.233008 0.25489 0.249689 0.934177 0.389723 
1535164560647 0.231176 0.922344 -0.309579 -0.602267 -0.93903 0.294771 0.177011 -0.233022 0.25452 0.249783 0.934253 0.389719 
1535164560663 0.231169 0.922357 -0.309545 -0.602268 -0.939047 0.294743 0.176969 -0.233023 0.254465 0.249767 0.934272 0.389725 
1535164560680 0.231167 0.922372 -0.309504 -0.602272 -0.93904 0.29474 0.177009 -0.233027 0.254491 0.249718 0.934278 0.389732 
1535164560969 0.230427 0.922963 -0.308292 -0.602278 -0.939745 0.293293 0.175667 -0.232886 0.252554 0.249237 0.934932 0.389854 
1535164560989 0.230509 0.922893 -0.308439 -0.60227 -0.93962 0.293503 0.175984 -0.232908 0.252942 0.24925 0.934823 0.389847 
1535164561009 0.230744 0.922685 -0.308885 -0.602285 -0.939395 0.293975 0.176397 -0.232942 0.253563 0.249463 0.934598 0.3898 
1535164561112 0.230958 0.922479 -0.309339 -0.602255 -0.939057 0.294545 0.177244 -0.233032 0.254618 0.249551 0.934288 0.389762 
1535164561127 0.230768 0.922573 -0.309201 -0.60224 -0.939136 0.294307 0.177222 -0.23303 0.254501 0.249485 0.934338 0.389768 
1535164561143 0.230552 0.922707 -0.308962 -0.602216 -0.939236 0.29401 0.177183 -0.233025 0.254326 0.249339 0.934424 0.38977 
1535164561169 0.230323 0.92285 -0.308705 -0.602205 -0.939341 0.293697 0.177148 -0.233022 0.254146 0.249178 0.934516 0.389768 
1535164561243 0.230059 0.923072 -0.308238 -0.602213 -0.939461 0.293303 0.177164 -0.233032 0.253943 0.24882 0.934667 0.389806 
1535164561261 0.230008 0.92311 -0.308164 -0.602213 -0.939481 0.293233 0.177174 -0.233035 0.253914 0.248763 0.93469 0.38981 
1535164561276 0.229963 0.923152 -0.30807 -0.602209 -0.939502 0.293162 0.177177 -0.233039 0.253876 0.248688 0.93472 0.389817 
1535164561374 0.230057 0.923215 -0.30781 -0.602232 -0.939503 0.293178 0.177144 -0.233047 0.253785 0.248436 0.934812 0.38976 
1535164561412 0.2302 0.923318 -0.307394 -0.602232 -0.939526 0.293177 0.177025 -0.233006 0.253571 0.248053 0.934971 0.389701 
1535164561457 0.230526 0.923358 -0.30703 -0.602271 -0.939477 0.293386 0.176942 -0.233012 0.253459 0.247658 0.935106 0.389639 
1535164561507 0.23071 0.923448 -0.306622 -0.602283 -0.939468 0.293447 0.176889 -0.233044 0.253325 0.247251 0.93525 0.389564 
1535164561557 0.230789 0.92357 -0.306194 -0.602285 -0.939492 0.293397 0.176842 -0.233095 0.253162 0.246853 0.9354 0.389518 
1535164561584 0.230877 0.923689 -0.30577 -0.602302 -0.939511 0.293359 0.176802 -0.233105 0.253011 0.246454 0.935546 0.389503 
1535164561627 0.230777 0.923813 -0.305468 -0.602371 -0.939549 0.293194 0.176876 -0.233011 0.252961 0.246183 0.93563 0.389468 
1535164561644 0.230689 0.92388 -0.305333 -0.602396 -0.939571 0.293084 0.17694 -0.232946 0.252959 0.246064 0.935662 0.389456 
1535164561661 0.230637 0.923936 -0.305204 -0.602408 -0.939589 0.293005 0.176978 -0.232908 0.252943 0.245948 0.935697 0.389447 
1535164561773 0.230766 0.923981 -0.30497 -0.602361 -0.939761 0.292884 0.176264 -0.232992 0.252185 0.245923 0.935908 0.389336 
1535164561800 0.230727 0.923896 -0.305257 -0.60237 -0.939872 0.292803 0.175805 -0.232973 0.251806 0.246339 0.935901 0.389378 
1535164561847 0.230837 0.923798 -0.30547 -0.602358 -0.93994 0.292855 0.175353 -0.232897 0.251449 0.246645 0.935916 0.389461 
1535164561914 0.231209 0.923773 -0.305264 -0.602342 -0.940002 0.293017 0.174747 -0.232925 0.250874 0.246546 0.936097 0.389528 
1535164561931 0.23136 0.923765 -0.305172 -0.602333 -0.940085 0.293026 0.17429 -0.232962 0.250427 0.246564 0.936212 0.389506 
1535164562256 0.231576 0.923891 -0.304628 -0.602387 -0.940587 0.292579 0.17232 -0.232675 0.248333 0.246624 0.936754 0.389409 
1535164562276 0.231577 0.92389 -0.304629 -0.602387 -0.940587 0.292579 0.172317 -0.232676 0.24833 0.246625 0.936754 0.389409 
1535164562296 0.231579 0.92389 -0.304629 -0.602387 -0.940587 0.292581 0.172315 -0.232677 0.248329 0.246626 0.936754 0.389409 
1535164562310 0.231583 0.923888 -0.30463 -0.602386 -0.940586 0.292585 0.172314 -0.232679 0.248329 0.246626 0.936754 0.389409 
1535164562327 0.231588 0.923886 -0.304633 -0.602385 -0.940584 0.292591 0.172316 -0.232683 0.248333 0.246627 0.936753 0.389409 
1535164562344 0.231597 0.923871 -0.304671 -0.602379 -0.940569 0.292619 0.172347 -0.232704 0.248379 0.246649 0.936735 0.389409 
1535164562442 0.231769 0.923561 -0.305479 -0.602354 -0.940294 0.293164 0.17292 -0.232887 0.249258 0.247163 0.936366 0.389578 
1535164562458 0.231817 0.92354 -0.305509 -0.602346 -0.940364 0.293133 0.172591 -0.232881 0.248949 0.247281 0.936417 0.389619 
1535164562476 0.232004 0.923494 -0.305504 -0.60234 -0.9404 0.293229 0.172236 -0.232853 0.248642 0.247337 0.936484 0.389662 
1535164562915 0.232011 0.923461 -0.3056 -0.602372 -0.940765 0.292887 0.170817 -0.232552 0.247249 0.247867 0.936712 0.389664 
1535164562945 0.232097 0.923432 -0.305622 -0.602373 -0.940649 0.293067 0.171144 -0.232606 0.247608 0.247761 0.936645 0.389656 
1535164562962 0.232166 0.92343 -0.305574 -0.602374 -0.940546 0.29321 0.17147 -0.23265 0.247938 0.247597 0.936602 0.389671 
1535164562979 0.232096 0.923458 -0.305543 -0.602376 -0.940489 0.293212 0.171778 -0.232689 0.248218 0.247491 0.936555 0.389684 
1535164563066 0.231821 0.923432 -0.30583 -0.602343 -0.940345 0.293216 0.172557 -0.232856 0.249019 0.247583 0.936318 0.389667 
1535164563080 0.231786 0.923384 -0.306003 -0.602348 -0.940317 0.293251 0.172651 -0.232858 0.249158 0.247721 0.936245 0.389661 
1535164563097 0.231678 0.923293 -0.306358 -0.602351 -0.940269 0.293289 0.172844 -0.232853 0.249437 0.248015 0.936093 0.389646 
1535164563144 0.231559 0.923143 -0.306898 -0.602299 -0.940216 0.29336 0.173014 -0.232914 0.249749 0.248488 0.935884 0.389655 
1535164563159 0.231551 0.923138 -0.30692 -0.602274 -0.940211 0.293363 0.173036 -0.232935 0.249775 0.248503 0.935873 0.389681 
1535164563176 0.231507 0.923143 -0.30694 -0.602263 -0.940212 0.293336 0.173078 -0.232931 0.249812 0.24852 0.935859 0.389704 
1535164563194 0.231425 0.923149 -0.306982 -0.60226 -0.940219 0.293279 0.173138 -0.232905 0.249863 0.248562 0.935834 0.389721 
1535164563276 0.231432 0.923112 -0.30709 -0.602331 -0.940134 0.293388 0.173412 -0.232921 0.250175 0.248573 0.935748 0.389705 
1535164563291 0.231433 0.923185 -0.306869 -0.602327 -0.940112 0.293369 0.173562 -0.23291 0.250256 0.248324 0.935792 0.389688 
1535164563306 0.231413 0.923257 -0.306668 -0.602318 -0.940102 0.293327 0.173688 -0.232899 0.250313 0.248105 0.935835 0.389669 
1535164563323 0.231358 0.923337 -0.306468 -0.602315 -0.94009 0.293263 0.173862 -0.232885 0.250409 0.247883 0.935868 0.389648 
1535164563339 0.2313 0.923398 -0.306329 -0.602317 -0.940081 0.293205 0.174009 -0.232872 0.250497 0.247725 0.935887 0.389633 
1535164563379 0.231089 0.923467 -0.306278 -0.602355 -0.940063 0.293063 0.17434 -0.232826 0.250756 0.247632 0.935842 0.389587 
1535164563396 0.231028 0.923479 -0.306289 -0.602362 -0.940053 0.293034 0.174448 -0.232825 0.250852 0.247625 0.935818 0.389567 
1535164563413 0.230992 0.923485 -0.306298 -0.602362 -0.940028 0.293034 0.174578 -0.232838 0.250976 0.247603 0.93579 0.389553 
1535164563513 0.230973 0.923466 -0.30637 -0.60232 -0.939959 0.293102 0.174836 -0.23294 0.251252 0.247593 0.935719 0.38961 
1535164563532 0.231116 0.923416 -0.30641 -0.602311 -0.940004 0.293167 0.174489 -0.232944 0.250955 0.2477 0.93577 0.389644 
1535164563552 0.231336 0.923359 -0.306419 -0.602292 -0.940054 0.293274 0.174039 -0.232932 0.250565 0.247789 0.935852 0.389694 
1535164563570 0.231433 0.923294 -0.30654 -0.602293 -0.940082 0.293337 0.173779 -0.232913 0.250369 0.247954 0.93586 0.38971 
1535164563585 0.231474 0.923257 -0.306622 -0.602295 -0.94009 0.293374 0.173675 -0.232884 0.250302 0.248051 0.935853 0.389711 
1535164563692 0.231215 0.923158 -0.307115 -0.602301 -0.940347 0.293028 0.172863 -0.232697 0.249573 0.248826 0.935841 0.389735 
1535164563710 0.231219 0.923139 -0.307167 -0.602298 -0.940377 0.293011 0.17273 -0.232677 0.249457 0.248914 0.935849 0.389739 
1535164563813 0.231543 0.923109 -0.307014 -0.602312 -0.940251 0.293336 0.172864 -0.232752 0.249631 0.248645 0.935874 0.389727 
1535164563842 0.231544 0.923283 -0.306488 -0.602273 -0.940235 0.293253 0.173089 -0.232831 0.249689 0.248093 0.936005 0.389704 
1535164563858 0.231471 0.923378 -0.306258 -0.602264 -0.940247 0.293147 0.173207 -0.23286 0.249714 0.247865 0.936059 0.38969 
1535164563884 0.231465 0.923441 -0.306072 -0.602275 -0.940225 0.29313 0.173356 -0.23288 0.249803 0.24765 0.936092 0.389668 
1535164563939 0.231562 0.923481 -0.305878 -0.602321 -0.940203 0.293184 0.173383 -0.232877 0.249794 0.247439 0.93615 0.389623 
1535164563996 0.231576 0.923635 -0.305402 -0.60236 -0.940275 0.293032 0.173246 -0.23281 0.249509 0.247042 0.936331 0.389565 
1535164564782 0.231441 0.924019 -0.304342 -0.602372 -0.940513 0.292503 0.172848 -0.232729 0.248736 0.246233 0.93675 0.389448 
1535164564799 0.231445 0.924003 -0.304388 -0.60236 -0.940509 0.29252 0.172847 -0.232739 0.24875 0.246275 0.936735 0.389485 
1535164564933 0.231712 0.923671 -0.305192 -0.60235 -0.940115 0.293247 0.173751 -0.232861 0.249985 0.246655 0.936306 0.389608 
1535164564969 0.231673 0.923843 -0.304698 -0.602349 -0.940014 0.293226 0.174333 -0.232823 0.250401 0.246032 0.936358 0.38957 
1535164565019 0.231572 0.923937 -0.304491 -0.602429 -0.939987 0.293142 0.174618 -0.232865 0.250596 0.245781 0.936373 0.389525 
1535164565080 0.231374 0.92404 -0.304329 -0.60245 -0.939967 0.292991 0.174981 -0.232831 0.250855 0.245573 0.936358 0.38948 
1535164565108 0.231312 0.924094 -0.304211 -0.602443 -0.939887 0.293003 0.17539 -0.23282 0.251212 0.245354 0.936319 0.389442 
1535164565382 0.231446 0.924258 -0.303612 -0.60246 -0.939599 0.293265 0.176495 -0.232983 0.252165 0.244424 0.936306 0.389435 
1535164565523 0.231006 0.924011 -0.304696 -0.602442 -0.93989 0.292876 0.175587 -0.232733 0.251483 0.245819 0.936125 0.389456 
1535164565576 0.230798 0.923781 -0.305549 -0.602391 -0.939709 0.293068 0.176234 -0.232825 0.252349 0.246453 0.935725 0.389477 
1535164565661 0.230544 0.923598 -0.306294 -0.602332 -0.939514 0.293221 0.177015 -0.232925 0.253303 0.246958 0.935334 0.389598 
1535164565851 0.229588 0.923115 -0.30846 -0.602267 -0.939176 0.29329 0.178686 -0.232916 0.255417 0.248675 0.934304 0.389788 
1535164565895 0.229215 0.922934 -0.309279 -0.602224 -0.939059 0.293299 0.179286 -0.232939 0.25618 0.249336 0.933918 0.389808 
1535164565996 0.2288 0.922779 -0.310048 -0.602133 -0.938916 0.293295 0.180044 -0.232963 0.257076 0.249915 0.933517 0.389931 
1535164566269 0.228463 0.92252 -0.311067 -0.602089 -0.93872 0.293445 0.180818 -0.233008 0.25809 0.250694 0.933029 0.390024 
1535164566381 0.22843 0.922532 -0.311053 -0.602103 -0.938781 0.29336 0.180637 -0.232992 0.257894 0.250748 0.933068 0.389956 
1535164566395 0.228431 0.922545 -0.311015 -0.602121 -0.938812 0.293323 0.180538 -0.232979 0.257782 0.250744 0.9331 0.389936 
1535164566420 0.228467 0.922641 -0.310704 -0.60213 -0.938889 0.293213 0.180316 -0.232946 0.257469 0.250521 0.933246 0.38992 
1535164566434 0.228493 0.922749 -0.310365 -0.602126 -0.93896 0.293096 0.180137 -0.232914 0.257187 0.25026 0.933394 0.389926 
1535164566450 0.228521 0.922856 -0.310023 -0.602131 -0.93903 0.292981 0.179958 -0.232864 0.256906 0.249997 0.933542 0.389932 
1535164566468 0.228617 0.92286 -0.309941 -0.602149 -0.939034 0.293029 0.179858 -0.232831 0.256806 0.249926 0.933589 0.38992 
1535164566483 0.228726 0.922828 -0.309956 -0.602164 -0.939041 0.293103 0.179703 -0.232822 0.256684 0.249958 0.933613 0.389898 
1535164566500 0.228858 0.922784 -0.30999 -0.602176 -0.939059 0.293185 0.179475 -0.232835 0.256501 0.250025 0.933646 0.38988 
1535164566557 0.229037 0.922723 -0.310038 -0.602168 -0.939172 0.29321 0.178839 -0.232849 0.255925 0.250218 0.933752 0.389859 
1535164566576 0.229047 0.92272 -0.310041 -0.602161 -0.939216 0.293175 0.178667 -0.232833 0.255756 0.250272 0.933784 0.389857 
1535164566593 0.229059 0.922716 -0.310044 -0.602156 -0.939246 0.293155 0.178543 -0.232823 0.255636 0.250311 0.933807 0.389854 
1535164566610 0.229068 0.922717 -0.310033 -0.602151 -0.93926 0.293145 0.178484 -0.232812 0.255575 0.250317 0.933822 0.389853 
1535164566632 0.229031 0.922733 -0.310013 -0.602145 -0.939276 0.2931 0.178476 -0.232795 0.25555 0.250311 0.93383 0.389846 
1535164566661 0.229014 0.922743 -0.309997 -0.602143 -0.93928 0.29308 0.178484 -0.232789 0.255549 0.250298 0.933834 0.38984 
1535164566687 0.229072 0.922827 -0.309703 -0.602121 -0.939222 0.293121 0.178725 -0.232783 0.255712 0.249939 0.933885 0.389853 
1535164566709 0.229159 0.922872 -0.309505 -0.60213 -0.939203 0.293164 0.178755 -0.232791 0.255704 0.249725 0.933945 0.389874 
1535164566769 0.22969 0.922969 -0.308822 -0.602182 -0.939313 0.293299 0.17795 -0.232776 0.254819 0.249208 0.934325 0.389879 
1535164566786 0.22986 0.922953 -0.308743 -0.6022 -0.939346 0.293372 0.177657 -0.232778 0.254545 0.24918 0.934407 0.389861 
1535164566802 0.229964 0.922952 -0.308668 -0.602213 -0.939402 0.293376 0.177352 -0.232763 0.254243 0.249179 0.934489 0.389846 
1535164566826 0.229985 0.922988 -0.308546 -0.602221 -0.939477 0.293294 0.177091 -0.232712 0.253948 0.249144 0.934579 0.389829 
1535164566843 0.22996 0.923006 -0.30851 -0.602227 -0.939487 0.29326 0.177095 -0.232683 0.253934 0.249116 0.93459 0.389839 
1535164566863 0.229895 0.923002 -0.308569 -0.602235 -0.939475 0.293237 0.177198 -0.232663 0.254038 0.249156 0.934551 0.389836 
1535164566883 0.229783 0.923021 -0.308596 -0.60221 -0.939409 0.293228 0.177563 -0.23264 0.254383 0.249097 0.934473 0.389852 
1535164566900 0.229664 0.922987 -0.308787 -0.602205 -0.939337 0.29325 0.177903 -0.232633 0.254754 0.249197 0.934345 0.389859 
1535164566917 0.229481 0.922964 -0.308993 -0.602196 -0.939293 0.293204 0.178215 -0.232642 0.255084 0.249338 0.934218 0.389866 
1535164566996 0.22949 0.922926 -0.309099 -0.602135 -0.939235 0.293288 0.178382 -0.23272 0.255288 0.24938 0.934151 0.389861 
1535164567013 0.229634 0.92296 -0.308889 -0.602109 -0.939251 0.293333 0.178222 -0.232743 0.255099 0.249198 0.934251 0.389853 
1535164567030 0.22985 0.922954 -0.308746 -0.602094 -0.939231 0.293478 0.17809 -0.232765 0.254979 0.24905 0.934323 0.389837 
1535164567049 0.229966 0.922943 -0.308693 -0.602093 -0.939218 0.293562 0.178017 -0.232774 0.254921 0.248992 0.934355 0.389818 
1535164567063 0.230013 0.922938 -0.308672 -0.602095 -0.939217 0.293593 0.177975 -0.232773 0.254884 0.248974 0.934369 0.389805 
1535164567120 0.230075 0.922908 -0.308716 -0.602127 -0.939254 0.293608 0.177753 -0.232742 0.254691 0.249067 0.934397 0.389804 
1535164567133 0.230149 0.922881 -0.308744 -0.602137 -0.939292 0.293629 0.177518 -0.232752 0.254484 0.249145 0.934433 0.389823 
1535164567159 0.23019 0.922791 -0.308982 -0.602179 -0.939368 0.293629 0.177114 -0.232722 0.254165 0.249478 0.934431 0.389853 
1535164567185 0.230241 0.922724 -0.309143 -0.602197 -0.939422 0.293644 0.176806 -0.232652 0.253921 0.249707 0.934436 0.38987 
1535164567209 0.230333 0.922704 -0.309135 -0.602192 -0.939438 0.293691 0.176641 -0.232596 0.253777 0.249727 0.93447 0.389883 
1535164567347 0.230751 0.922682 -0.308886 -0.602159 -0.939651 0.293728 0.175443 -0.232423 0.252607 0.249762 0.934777 0.389988 
1535164567366 0.230781 0.922682 -0.308866 -0.60216 -0.939662 0.293733 0.175373 -0.232421 0.252538 0.249757 0.934797 0.389994 
1535164567469 0.230873 0.922612 -0.309005 -0.602195 -0.939555 0.293931 0.175615 -0.232481 0.252851 0.249783 0.934706 0.389924 
1535164567483 0.230836 0.92262 -0.30901 -0.602203 -0.939495 0.293965 0.17588 -0.232496 0.253108 0.249714 0.934655 0.389914 
1535164567502 0.230637 0.922676 -0.308992 -0.602213 -0.939436 0.293879 0.176337 -0.232514 0.253508 0.249608 0.934574 0.389912 
1535164567519 0.230523 0.922709 -0.308979 -0.60222 -0.939394 0.293838 0.17663 -0.232526 0.253768 0.249535 0.934523 0.389913 
1535164567537 0.230378 0.922748 -0.308968 -0.602229 -0.939348 0.293779 0.176971 -0.232542 0.254068 0.249459 0.934462 0.389917 
1535164567552 0.230402 0.922734 -0.308994 -0.60224 -0.939289 0.293859 0.177153 -0.232567 0.254266 0.249419 0.934419 0.38992 
1535164567602 0.230648 0.922697 -0.308919 -0.602264 -0.93913 0.294174 0.177474 -0.23265 0.254631 0.249181 0.934383 0.389968 
1535164567619 0.230755 0.922715 -0.308786 -0.60226 -0.939093 0.294259 0.177525 -0.232684 0.254668 0.249014 0.934418 0.389987 
1535164567636 0.230865 0.92272 -0.30869 -0.602263 -0.939047 0.294364 0.177597 -0.23272 0.254739 0.248873 0.934436 0.389998 
1535164567653 0.23092 0.922721 -0.308645 -0.602265 -0.939021 0.294419 0.177641 -0.232738 0.254784 0.248804 0.934442 0.390003 
1535164567669 0.230932 0.922739 -0.308583 -0.602259 -0.939003 0.294434 0.177715 -0.232736 0.254842 0.248721 0.934448 0.390012 
1535164567686 0.230886 0.922759 -0.308558 -0.602251 -0.939008 0.294392 0.177756 -0.232714 0.254863 0.248697 0.934449 0.390014 
1535164567702 0.230823 0.922777 -0.308551 -0.602242 -0.939026 0.294328 0.177767 -0.232687 0.254855 0.248705 0.934449 0.390012 
1535164567722 0.230701 0.922803 -0.308565 -0.602227 -0.939074 0.294198 0.177731 -0.232641 0.254789 0.248763 0.934451 0.390001 
1535164567736 0.230603 0.922823 -0.308576 -0.602216 -0.939108 0.294097 0.177717 -0.232603 0.254753 0.248804 0.93445 0.389989 
1535164567752 0.230529 0.92283 -0.308612 -0.60221 -0.939151 0.29401 0.177633 -0.232582 0.25466 0.248884 0.934454 0.389969 
1535164567799 0.230386 0.922842 -0.308682 -0.602235 -0.939206 0.293869 0.177577 -0.232637 0.254588 0.249004 0.934442 0.389922 
1535164567816 0.230406 0.922867 -0.308594 -0.602246 -0.939151 0.293919 0.177783 -0.232677 0.254772 0.248854 0.934432 0.389912 
1535164567832 0.230451 0.922917 -0.30841 -0.602243 -0.939095 0.293971 0.177994 -0.232716 0.254937 0.248607 0.934453 0.389904 
1535164567849 0.230504 0.922953 -0.308264 -0.602241 -0.93905 0.294024 0.178144 -0.232752 0.255055 0.248412 0.934472 0.389893 
1535164567866 0.23054 0.922982 -0.308148 -0.602238 -0.939002 0.294073 0.178314 -0.232774 0.255198 0.248243 0.934478 0.389876 
1535164567882 0.230518 0.923003 -0.308103 -0.602228 -0.939001 0.29405 0.178357 -0.232765 0.255221 0.248194 0.934485 0.389867 
1535164568011 0.2304 0.923012 -0.308162 -0.602219 -0.938905 0.294071 0.178826 -0.232687 0.255681 0.248133 0.934375 0.389893 
1535164568119 0.230245 0.923284 -0.307462 -0.602206 -0.938674 0.294049 0.180071 -0.232807 0.256666 0.247146 0.934367 0.389986 
1535164568709 0.229984 0.923454 -0.307148 -0.602208 -0.938481 0.293987 0.181175 -0.232835 0.257604 0.246585 0.934257 0.389864 
1535164568788 0.230333 0.923311 -0.307316 -0.602224 -0.938619 0.294136 0.180218 -0.232829 0.25679 0.246943 0.934386 0.390025 
1535164568875 0.229949 0.923149 -0.308091 -0.602204 -0.938557 0.294074 0.180641 -0.232791 0.25736 0.247623 0.93405 0.389999 
1535164568912 0.229786 0.923054 -0.308496 -0.602167 -0.938381 0.294207 0.181339 -0.232845 0.258147 0.247817 0.933781 0.390044 
1535164568956 0.229596 0.922967 -0.308897 -0.60215 -0.938228 0.294298 0.181983 -0.232855 0.258872 0.248033 0.933523 0.39012 
1535164568990 0.229486 0.922868 -0.309275 -0.602137 -0.938109 0.294408 0.182417 -0.232887 0.2594 0.248271 0.933313 0.390174 
1535164569070 0.229285 0.922602 -0.310216 -0.602052 -0.937875 0.294675 0.183187 -0.23309 0.260422 0.248941 0.93285 0.390184 
1535164569402 0.22877 0.922397 -0.311204 -0.602003 -0.937635 0.294735 0.184316 -0.233098 0.261735 0.24963 0.932298 0.39023 
1535164569422 0.228908 0.922439 -0.310977 -0.602004 -0.937671 0.294753 0.184101 -0.233113 0.261484 0.249451 0.932416 0.3902 
1535164569439 0.229074 0.922503 -0.310666 -0.602003 -0.937712 0.29477 0.183868 -0.233119 0.261194 0.249196 0.932566 0.390205 
1535164569497 0.229441 0.922621 -0.310043 -0.602056 -0.937832 0.294793 0.183215 -0.233111 0.260436 0.248732 0.932902 0.390276 
1535164569554 0.229502 0.922664 -0.30987 -0.602098 -0.938088 0.294558 0.182284 -0.232958 0.259462 0.248851 0.933141 0.390217 
1535164569567 0.22954 0.922663 -0.309846 -0.602097 -0.938163 0.294508 0.181978 -0.232929 0.259157 0.248914 0.933209 0.390193 
1535164569584 0.229603 0.922661 -0.309805 -0.602092 -0.93825 0.29446 0.181606 -0.232904 0.258786 0.248977 0.933295 0.390164 
1535164569691 0.229965 0.922692 -0.309442 -0.602099 -0.938617 0.294291 0.179973 -0.232831 0.257126 0.24906 0.933732 0.390151 
1535164569711 0.229981 0.922697 -0.309416 -0.602112 -0.938655 0.294261 0.179826 -0.232812 0.256974 0.249078 0.933769 0.390155 
1535164569731 0.229969 0.922703 -0.309408 -0.602122 -0.938672 0.294234 0.179782 -0.232787 0.256924 0.249088 0.93378 0.39014 
1535164569748 0.229962 0.922703 -0.309414 -0.602126 -0.938679 0.294224 0.17976 -0.232776 0.256902 0.249102 0.933782 0.390123 
1535164569828 0.230004 0.922727 -0.30931 -0.602114 -0.938511 0.294396 0.180356 -0.232799 0.257479 0.248808 0.933702 0.390125 
1535164569846 0.230085 0.922801 -0.30903 -0.602102 -0.938493 0.294416 0.180416 -0.232856 0.257471 0.248512 0.933783 0.39014 
1535164569859 0.230149 0.922847 -0.308844 -0.602099 -0.938495 0.294422 0.180393 -0.232899 0.257406 0.248332 0.933849 0.390145 
1535164569875 0.230243 0.922888 -0.308653 -0.602105 -0.938507 0.294441 0.180302 -0.232947 0.257278 0.24816 0.93393 0.390141 
1535164577027 0.230245 0.923196 -0.307728 -0.602197 -0.938943 0.293841 0.179007 -0.232762 0.255682 0.247724 0.934484 0.389963 
1535164577126 0.230285 0.922874 -0.308664 -0.602139 -0.938467 0.294512 0.180397 -0.232898 0.257388 0.248128 0.933908 0.390175 
1535164577184 0.229602 0.922883 -0.309145 -0.602119 -0.938521 0.294069 0.180837 -0.232892 0.257801 0.248618 0.933663 0.39025 
1535164577241 0.229105 0.922782 -0.309815 -0.602125 -0.938639 0.293734 0.180771 -0.232987 0.257815 0.249389 0.933454 0.390289 
1535164577343 0.22857 0.922586 -0.31079 -0.60216 -0.938598 0.293585 0.181222 -0.233056 0.258436 0.250285 0.933042 0.390457 
1535164577389 0.228069 0.922566 -0.311218 -0.602183 -0.938645 0.293268 0.18149 -0.23304 0.258707 0.250732 0.932847 0.390537 
1535164577496 0.227229 0.922435 -0.312219 -0.602206 -0.938732 0.292785 0.18182 -0.233117 0.25913 0.251775 0.932449 0.390696 
1535164577788 0.226397 0.922322 -0.313156 -0.602247 -0.938789 0.292325 0.182269 -0.233148 0.259654 0.252722 0.932047 0.390892 
1535164577805 0.226412 0.922328 -0.313127 -0.602242 -0.938782 0.292336 0.182286 -0.233141 0.259666 0.252686 0.932053 0.390848 
1535164577822 0.226599 0.922332 -0.312979 -0.602222 -0.938745 0.292476 0.182253 -0.233143 0.259637 0.252509 0.93211 0.390781 
1535164577919 0.227279 0.922379 -0.312348 -0.602224 -0.938808 0.292772 0.18145 -0.233159 0.258813 0.251995 0.932477 0.390642 
1535164577932 0.227291 0.922367 -0.312375 -0.60224 -0.938879 0.292716 0.18117 -0.233173 0.258543 0.252105 0.932523 0.390668 
1535164577949 0.227253 0.922381 -0.312359 -0.602254 -0.938989 0.292579 0.180821 -0.233188 0.258176 0.25221 0.932596 0.390727 
1535164577979 0.227104 0.922384 -0.31246 -0.602292 -0.93914 0.292346 0.180417 -0.233176 0.25776 0.25247 0.932641 0.390831 
1535164578381 0.226457 0.922465 -0.31269 -0.602409 -0.939612 0.291469 0.179373 -0.232996 0.256604 0.253187 0.932765 0.390996 
1535164578398 0.226458 0.922457 -0.312713 -0.602398 -0.939577 0.291509 0.179494 -0.233002 0.256734 0.25317 0.932734 0.39096 
1535164578415 0.226487 0.922464 -0.312671 -0.602369 -0.939523 0.291575 0.179671 -0.233015 0.256907 0.253068 0.932714 0.390909 
1535164578431 0.22655 0.922482 -0.312572 -0.602335 -0.939454 0.291668 0.179879 -0.233034 0.257103 0.252896 0.932707 0.390869 
1535164578448 0.226638 0.922487 -0.312494 -0.602303 -0.939373 0.291794 0.180097 -0.233071 0.257321 0.252731 0.932691 0.39083 
1535164578465 0.226767 0.922471 -0.312449 -0.602286 -0.939296 0.291952 0.180239 -0.233113 0.257486 0.25261 0.932679 0.390802 
1535164578481 0.226951 0.922431 -0.312433 -0.60228 -0.939208 0.292166 0.180355 -0.233161 0.257647 0.252508 0.932662 0.390779 
1535164578502 0.227109 0.922387 -0.312449 -0.60228 -0.939137 0.29235 0.180426 -0.233223 0.257768 0.252456 0.932642 0.390758 
1535164578838 0.226937 0.922492 -0.312262 -0.60238 -0.939121 0.292208 0.18074 -0.233171 0.257977 0.252235 0.932644 0.390749 
1535164578855 0.226935 0.922493 -0.31226 -0.60238 -0.939121 0.292206 0.180741 -0.23317 0.257977 0.252234 0.932645 0.39075 
1535164578872 0.226935 0.922494 -0.312259 -0.602379 -0.939121 0.292206 0.180742 -0.233171 0.257977 0.252232 0.932645 0.39075 
1535164578889 0.226936 0.922494 -0.312259 -0.602379 -0.939121 0.292206 0.180741 -0.233172 0.257977 0.252232 0.932645 0.390749 
1535164578905 0.226938 0.922493 -0.312258 -0.602378 -0.939121 0.292207 0.180741 -0.233173 0.257976 0.252231 0.932646 0.39075 
1535164578967 0.226995 0.922503 -0.312189 -0.602338 -0.939121 0.292235 0.180697 -0.233187 0.257926 0.252166 0.932677 0.390751 
1535164578988 0.227121 0.922555 -0.311944 -0.602305 -0.939138 0.292258 0.180566 -0.233206 0.25775 0.251949 0.932784 0.390746 
1535164579003 0.227276 0.922577 -0.311764 -0.602281 -0.939138 0.292334 0.180447 -0.233216 0.257615 0.251778 0.932868 0.390724 
1535164579020 0.227533 0.922586 -0.311551 -0.602254 -0.939127 0.292485 0.180257 -0.233237 0.257427 0.251571 0.932976 0.390671 
1535164579051 0.227919 0.922548 -0.311381 -0.602266 -0.939075 0.292775 0.180056 -0.233278 0.257275 0.251372 0.933071 0.390567 
1535164579221 0.228262 0.922789 -0.310413 -0.602375 -0.939111 0.292795 0.17984 -0.233174 0.256842 0.250462 0.933435 0.390348 
1535164579238 0.228304 0.92278 -0.31041 -0.602371 -0.9391 0.292834 0.17983 -0.233193 0.256842 0.250451 0.933438 0.390349 
1535164579257 0.228358 0.922769 -0.310402 -0.602367 -0.939088 0.292883 0.179814 -0.233217 0.256839 0.250433 0.933444 0.390352 
1535164579276 0.228378 0.922767 -0.310395 -0.60236 -0.939085 0.292899 0.179806 -0.233226 0.256833 0.250424 0.933448 0.390354 
1535164579336 0.228271 0.922788 -0.31041 -0.602308 -0.939085 0.292825 0.179924 -0.233213 0.256927 0.25043 0.93342 0.390442 
1535164579367 0.228086 0.922791 -0.310538 -0.602298 -0.939105 0.2927 0.180022 -0.233215 0.257017 0.250567 0.933359 0.390553 
1535164579381 0.227886 0.922806 -0.310641 -0.602301 -0.939132 0.292552 0.180125 -0.23322 0.257099 0.250685 0.933305 0.390592 
1535164579400 0.227609 0.922849 -0.310715 -0.602297 -0.939172 0.292332 0.180274 -0.233236 0.257197 0.250782 0.933251 0.390629 
1535164579421 0.227466 0.922877 -0.310736 -0.602292 -0.939194 0.292213 0.180353 -0.233282 0.257245 0.250817 0.933229 0.39063 
1535164579574 0.227284 0.923235 -0.309806 -0.602288 -0.939124 0.29197 0.181108 -0.233324 0.257659 0.249783 0.933392 0.390556 
1535164579705 0.227105 0.923119 -0.310283 -0.602292 -0.939189 0.291872 0.180926 -0.233299 0.257579 0.250325 0.933269 0.390543 
1535164579719 0.227152 0.92302 -0.310542 -0.602301 -0.939191 0.291955 0.180782 -0.233294 0.25753 0.250593 0.93321 0.390541 
1535164579738 0.22722 0.922894 -0.310867 -0.602307 -0.939202 0.292056 0.180565 -0.233293 0.257433 0.250939 0.933144 0.390545 
1535164579753 0.227255 0.922818 -0.311066 -0.602307 -0.939215 0.292107 0.180413 -0.233299 0.257353 0.251158 0.933107 0.390556 
1535164579774 0.227291 0.922758 -0.311218 -0.602297 -0.939234 0.292144 0.180255 -0.233309 0.257252 0.251337 0.933087 0.390573 
1535164579842 0.227184 0.922693 -0.311489 -0.602242 -0.939234 0.292121 0.180292 -0.233274 0.257347 0.251602 0.932989 0.390729 
1535164579863 0.227089 0.922654 -0.311672 -0.602246 -0.939238 0.292086 0.180329 -0.233255 0.257416 0.251784 0.932921 0.390781 
1535164580040 0.226557 0.92248 -0.312574 -0.602243 -0.939375 0.291751 0.180156 -0.233178 0.257384 0.252809 0.932653 0.390961 
1535164580056 0.226542 0.922481 -0.312582 -0.602241 -0.939377 0.29174 0.180165 -0.233172 0.257391 0.252817 0.932649 0.390964 
1535164580074 0.226535 0.922482 -0.312585 -0.602239 -0.939377 0.291734 0.180169 -0.23317 0.257395 0.252821 0.932647 0.390967 
1535164580090 0.22653 0.922483 -0.312586 -0.602238 -0.939378 0.291731 0.180173 -0.233169 0.257398 0.252822 0.932645 0.390969 
1535164580108 0.22654 0.922479 -0.312588 -0.602239 -0.939374 0.291742 0.180173 -0.233173 0.257401 0.252821 0.932645 0.39097 
1535164580123 0.226575 0.922471 -0.312589 -0.602244 -0.939364 0.291777 0.180171 -0.233187 0.257409 0.252812 0.932645 0.39097 
1535164580140 0.226633 0.922469 -0.312551 -0.602247 -0.939345 0.29183 0.180184 -0.233208 0.257426 0.252757 0.932655 0.390973 
1535164580157 0.226742 0.922461 -0.312496 -0.602254 -0.939322 0.291919 0.18016 -0.23325 0.257414 0.252684 0.932678 0.390963 
1535164580173 0.226811 0.922496 -0.312343 -0.602243 -0.939312 0.291947 0.180167 -0.233268 0.257391 0.252524 0.932728 0.390953 
1535164580190 0.226887 0.922568 -0.312076 -0.602222 -0.939326 0.291934 0.180111 -0.233282 0.257271 0.252276 0.932828 0.39093 
1535164580273 0.226966 0.922603 -0.311912 -0.602257 -0.939544 0.291745 0.179283 -0.233251 0.256406 0.252364 0.933043 0.390837 
1535164580290 0.227012 0.922566 -0.311989 -0.602272 -0.939571 0.291766 0.179107 -0.233242 0.256266 0.252477 0.933051 0.390841 
1535164580313 0.22703 0.922481 -0.312228 -0.60231 -0.939608 0.291788 0.178873 -0.233213 0.256112 0.252763 0.933015 0.390841 
1535164580334 0.227017 0.922451 -0.312325 -0.602327 -0.939631 0.291776 0.178777 -0.233193 0.256042 0.252885 0.933001 0.390837 
1535164580351 0.226996 0.922456 -0.312326 -0.602329 -0.939633 0.291759 0.178793 -0.233178 0.256053 0.252886 0.932998 0.390837 
1535164580367 0.226955 0.922471 -0.312311 -0.602326 -0.93961 0.29175 0.178928 -0.233158 0.256172 0.252842 0.932977 0.390833 
1535164580384 0.226911 0.92249 -0.312287 -0.602322 -0.93958 0.291743 0.179097 -0.23314 0.256323 0.252779 0.932953 0.390839 
1535164580401 0.22687 0.922511 -0.312255 -0.602314 -0.939527 0.291761 0.179347 -0.233121 0.256553 0.252683 0.932916 0.390844 
1535164580477 0.226942 0.922611 -0.311908 -0.602281 -0.939437 0.291832 0.1797 -0.233164 0.256818 0.252237 0.932964 0.390873 
1535164580494 0.227011 0.922598 -0.311896 -0.602286 -0.939448 0.291867 0.179584 -0.233197 0.256716 0.252243 0.93299 0.390869 
1535164580514 0.22708 0.922578 -0.311903 -0.602293 -0.939491 0.291876 0.179348 -0.233237 0.2565 0.252304 0.933033 0.390854 
1535164580531 0.227108 0.922562 -0.31193 -0.602297 -0.939509 0.291883 0.179239 -0.233256 0.256406 0.252355 0.933045 0.390833 
1535164580549 0.227119 0.922547 -0.311969 -0.602302 -0.939523 0.291884 0.179163 -0.233267 0.256345 0.252411 0.933046 0.390813 
1535164580564 0.227113 0.922532 -0.312015 -0.602307 -0.939532 0.291881 0.179125 -0.23327 0.25632 0.252467 0.933038 0.390794 
1535164580601 0.227087 0.922514 -0.31209 -0.602322 -0.939529 0.29188 0.179142 -0.233262 0.256354 0.252537 0.93301 0.390756 
1535164580623 0.227018 0.922508 -0.312158 -0.60235 -0.939503 0.29187 0.179293 -0.233222 0.256508 0.25257 0.932959 0.390731 
1535164580638 0.226965 0.922531 -0.312128 -0.602368 -0.939481 0.291848 0.179445 -0.233182 0.256637 0.25251 0.932939 0.390717 
1535164580687 0.226728 0.922694 -0.311818 -0.602443 -0.939448 0.291653 0.179935 -0.233063 0.256967 0.25214 0.932949 0.390709 
1535164580707 0.226727 0.922785 -0.31155 -0.602455 -0.939456 0.291591 0.179991 -0.233057 0.256938 0.251878 0.933027 0.390716 
1535164580720 0.226742 0.922843 -0.311366 -0.602467 -0.939459 0.291563 0.18002 -0.233056 0.256913 0.251698 0.933083 0.390721 
1535164580811 0.226783 0.922848 -0.311322 -0.602419 -0.939512 0.291532 0.179795 -0.233118 0.256684 0.251716 0.933141 0.390647 
1535164580825 0.226762 0.922774 -0.311555 -0.602415 -0.939551 0.291524 0.179606 -0.233129 0.256561 0.251994 0.9331 0.390639 
1535164580894 0.227428 0.922412 -0.312143 -0.602367 -0.939546 0.292115 0.178671 -0.233183 0.255989 0.252637 0.933083 0.390709 
1535164580911 0.22747 0.922418 -0.312094 -0.602367 -0.939556 0.292124 0.178599 -0.233181 0.255913 0.252604 0.933113 0.390723 
1535164580928 0.227439 0.922436 -0.312062 -0.602369 -0.93958 0.292072 0.178556 -0.233171 0.255852 0.252597 0.933132 0.390718 
1535164581128 0.227668 0.922437 -0.311893 -0.602446 -0.939777 0.292007 0.177627 -0.233011 0.254925 0.252669 0.933366 0.390585 
1535164581141 0.227666 0.922444 -0.311872 -0.602445 -0.939781 0.291997 0.17762 -0.233008 0.25491 0.252653 0.933374 0.390593 
1535164581167 0.227686 0.922448 -0.311849 -0.60244 -0.939782 0.292006 0.177603 -0.233017 0.254891 0.252632 0.933385 0.390603 
1535164581187 0.227713 0.922444 -0.311839 -0.602433 -0.939777 0.292027 0.177592 -0.233033 0.254884 0.252619 0.933391 0.390609 
1535164581204 0.227704 0.922451 -0.311824 -0.602427 -0.939772 0.292024 0.177625 -0.233038 0.25491 0.252597 0.933389 0.390614 
1535164581221 0.227719 0.922454 -0.311805 -0.602411 -0.939738 0.292064 0.177737 -0.23306 0.255021 0.252541 0.933374 0.39063 
1535164581238 0.22764 0.92247 -0.311816 -0.602392 -0.939721 0.292028 0.177888 -0.233091 0.255156 0.252525 0.933342 0.390653 
1535164581522 0.227109 0.922449 -0.312265 -0.602341 -0.939501 0.291956 0.179162 -0.233219 0.256436 0.252684 0.932948 0.390783 
1535164581541 0.227099 0.922452 -0.312262 -0.602343 -0.939504 0.291946 0.179165 -0.233213 0.256435 0.252683 0.932948 0.390784 
1535164581560 0.227089 0.922456 -0.31226 -0.602345 -0.939506 0.291937 0.179167 -0.233207 0.256434 0.252683 0.932948 0.390784 
1535164581574 0.227082 0.922458 -0.312259 -0.602347 -0.939508 0.29193 0.179169 -0.233203 0.256433 0.252683 0.932949 0.390784 
1535164581591 0.227073 0.922463 -0.312249 -0.602349 -0.939513 0.291917 0.179165 -0.233196 0.256423 0.252678 0.932953 0.390787 
1535164581608 0.227063 0.922478 -0.312212 -0.602354 -0.939533 0.291882 0.179115 -0.233183 0.256359 0.252663 0.932975 0.390796 
1535164581625 0.227071 0.92248 -0.3122 -0.602357 -0.939547 0.291872 0.179061 -0.233176 0.256303 0.252667 0.932989 0.390789 
1535164581641 0.227154 0.922488 -0.312117 -0.602357 -0.939629 0.291834 0.178692 -0.233179 0.255928 0.252683 0.933087 0.390752 
1535164581660 0.227313 0.922454 -0.312102 -0.60236 -0.939624 0.291948 0.17853 -0.233175 0.255803 0.252676 0.933124 0.390725 
1535164581804 0.227227 0.922448 -0.312183 -0.60235 -0.939687 0.291841 0.178375 -0.23301 0.255649 0.252822 0.933126 0.390854 
1535164581824 0.2272 0.922441 -0.312222 -0.602351 -0.939675 0.291841 0.178435 -0.233 0.255715 0.252847 0.933101 0.390871 
1535164581845 0.227205 0.922443 -0.312211 -0.602348 -0.939668 0.291849 0.17846 -0.233002 0.255738 0.252828 0.9331 0.390885 
1535164581861 0.22722 0.922445 -0.312196 -0.602345 -0.939663 0.291862 0.178467 -0.23301 0.255744 0.252808 0.933104 0.390892 
1535164581882 0.227256 0.922433 -0.312205 -0.602347 -0.939648 0.291903 0.178475 -0.233028 0.255765 0.252803 0.9331 0.390885 
1535164581902 0.227321 0.922417 -0.312204 -0.602356 -0.939623 0.291974 0.178491 -0.233065 0.255799 0.252779 0.933097 0.39087 
1535164581919 0.227384 0.922416 -0.31216 -0.602355 -0.939605 0.292028 0.178499 -0.233097 0.25581 0.25272 0.93311 0.390847 
1535164582118 0.227638 0.922179 -0.312676 -0.602358 -0.939421 0.292489 0.178713 -0.233035 0.25626 0.253052 0.932896 0.39074 
1535164582139 0.227646 0.922179 -0.312672 -0.602354 -0.939419 0.292496 0.178711 -0.233035 0.256259 0.253047 0.932898 0.390739 
1535164582155 0.22765 0.922184 -0.312653 -0.602348 -0.939422 0.292492 0.178704 -0.233038 0.256247 0.253031 0.932906 0.390739 
1535164582174 0.227652 0.922184 -0.312653 -0.602345 -0.939422 0.292493 0.178702 -0.233042 0.256245 0.253031 0.932906 0.390737 
1535164582189 0.227641 0.922188 -0.312647 -0.602343 -0.939427 0.29248 0.178698 -0.233046 0.256236 0.25303 0.932909 0.390738 
1535164582210 0.22762 0.922199 -0.312631 -0.602339 -0.939437 0.292452 0.17869 -0.233051 0.256218 0.253023 0.932916 0.390739 
1535164582227 0.227583 0.922244 -0.312524 -0.602326 -0.939468 0.292374 0.178652 -0.233064 0.256135 0.252948 0.932959 0.390746 
1535164582244 0.227456 0.922299 -0.312456 -0.60232 -0.939523 0.292218 0.178622 -0.233079 0.256048 0.252931 0.932987 0.390761 
1535164582260 0.227343 0.922343 -0.312407 -0.602315 -0.93957 0.292081 0.178596 -0.233089 0.255975 0.252925 0.933009 0.390777 
1535164582497 0.227285 0.922391 -0.312309 -0.602311 -0.939558 0.292033 0.178737 -0.233084 0.25607 0.252808 0.933015 0.390871 
1535164582514 0.227286 0.922392 -0.312306 -0.60231 -0.939556 0.292035 0.178744 -0.233084 0.256076 0.252803 0.933014 0.390875 
1535164582530 0.227287 0.922392 -0.312303 -0.60231 -0.939555 0.292037 0.17875 -0.233084 0.256081 0.252798 0.933014 0.390879 
1535164582556 0.227291 0.922393 -0.312299 -0.60231 -0.939552 0.292042 0.178757 -0.233085 0.256088 0.252791 0.933014 0.390883 
1535164582573 0.227292 0.922393 -0.312299 -0.602309 -0.939551 0.292043 0.178757 -0.233086 0.256089 0.25279 0.933014 0.390883 
1535164582590 0.227292 0.922392 -0.3123 -0.60231 -0.939553 0.292042 0.178752 -0.233086 0.256084 0.252794 0.933015 0.390879 
1535164582608 0.227292 0.922389 -0.312309 -0.60231 -0.939557 0.292039 0.178733 -0.233087 0.256068 0.252807 0.933015 0.390867 
1535164582623 0.227293 0.922384 -0.312322 -0.60231 -0.939564 0.292036 0.178703 -0.233088 0.256042 0.252829 0.933017 0.390846 
1535164582645 0.2273 0.922388 -0.312306 -0.602308 -0.939574 0.292027 0.178662 -0.23309 0.255998 0.252825 0.93303 0.390822 
1535164582915 0.227446 0.922628 -0.311491 -0.602339 -0.939524 0.292022 0.178933 -0.233005 0.256051 0.251956 0.93325 0.390754 
1535164582935 0.227456 0.922625 -0.311492 -0.602339 -0.939522 0.292031 0.178929 -0.23301 0.25605 0.251956 0.933251 0.390753 
1535164582952 0.227457 0.922625 -0.311492 -0.602338 -0.939522 0.292032 0.178928 -0.233011 0.256049 0.251955 0.933251 0.390753 
