1533560192679 0.0908272 0.944534 -0.315605 -0.604703 -0.966189 0.160369 0.201891 -0.227722 0.241306 0.286597 0.927164 0.380827 
1533560204341 0.0908304 0.944533 -0.315606 -0.604702 -0.966189 0.160372 0.20189 -0.227723 0.241306 0.286597 0.927164 0.380827 
1533560204708 0.0928475 0.944443 -0.315288 -0.60451 -0.96455 0.163878 0.206851 -0.227539 0.247027 0.284905 0.926178 0.380972 
1533560204935 0.0935493 0.944424 -0.315139 -0.604472 -0.963773 0.165311 0.209317 -0.227323 0.24978 0.284141 0.925675 0.38105 
1533560205147 0.0945353 0.944368 -0.315012 -0.604387 -0.962964 0.167007 0.211679 -0.227223 0.252512 0.283334 0.925181 0.381101 
1533560205364 0.0955099 0.944283 -0.314973 -0.604306 -0.962127 0.168732 0.214106 -0.227122 0.255322 0.282595 0.924635 0.381126 
1533560205568 0.096561 0.944235 -0.314797 -0.604192 -0.961267 0.170499 0.216554 -0.227076 0.25815 0.281693 0.924125 0.38122 
1533560205790 0.0973877 0.944172 -0.314731 -0.604151 -0.960405 0.172097 0.219101 -0.226865 0.261033 0.280932 0.923547 0.38125 
1533560206078 0.0992519 0.944032 -0.314567 -0.604006 -0.958612 0.175492 0.224201 -0.226623 0.266856 0.279295 0.922378 0.381439 
1533560206095 0.0992679 0.944023 -0.31459 -0.604005 -0.958588 0.175535 0.224268 -0.226616 0.266936 0.2793 0.922354 0.38142 
1533560206112 0.099287 0.944014 -0.31461 -0.604004 -0.958572 0.175573 0.224309 -0.226613 0.266988 0.279305 0.922337 0.381399 
1533560206287 0.0994978 0.944018 -0.314533 -0.603993 -0.958483 0.17582 0.224492 -0.226611 0.267226 0.279138 0.922319 0.381443 
1533560206402 0.0995502 0.944037 -0.314458 -0.603985 -0.958374 0.17596 0.224851 -0.226589 0.2676 0.278984 0.922257 0.381508 
1533560206573 0.0997389 0.943992 -0.314535 -0.603976 -0.958179 0.176335 0.225385 -0.226541 0.268225 0.278901 0.922101 0.381429 
1533560206699 0.0998081 0.943966 -0.314589 -0.603969 -0.958091 0.176497 0.225633 -0.226528 0.268514 0.278885 0.922022 0.381384 
1533560206874 0.09995 0.94398 -0.314504 -0.603947 -0.95799 0.176698 0.225905 -0.226528 0.268822 0.278712 0.921984 0.381408 
1533560207061 0.100168 0.943986 -0.314414 -0.603921 -0.957849 0.177002 0.226266 -0.226552 0.269244 0.278496 0.921926 0.381498 
1533560207078 0.100186 0.943987 -0.314407 -0.603918 -0.957836 0.177028 0.2263 -0.226555 0.269283 0.278478 0.92192 0.381504 
1533560207358 0.100364 0.943962 -0.314425 -0.603901 -0.957784 0.177232 0.226361 -0.226595 0.269402 0.278433 0.921899 0.381525 
1533560207494 0.100502 0.943913 -0.314528 -0.603902 -0.957768 0.177386 0.226306 -0.2266 0.269406 0.2785 0.921877 0.381513 
1533560207653 0.100648 0.943876 -0.314591 -0.60388 -0.957747 0.177543 0.226273 -0.226563 0.269427 0.278525 0.921864 0.381509 
1533560207778 0.100621 0.943826 -0.31475 -0.603882 -0.957753 0.177552 0.226238 -0.226566 0.269414 0.278689 0.921818 0.381484 
1533560207921 0.100893 0.943741 -0.314917 -0.603884 -0.957704 0.177866 0.226199 -0.226577 0.269487 0.278776 0.921771 0.381459 
1533560208041 0.100931 0.943714 -0.314989 -0.603879 -0.957705 0.177914 0.22616 -0.226585 0.269472 0.278839 0.921756 0.381455 
1533560208156 0.101047 0.943668 -0.315088 -0.603877 -0.957684 0.178055 0.226138 -0.226583 0.269502 0.278904 0.921727 0.381451 
1533560208280 0.101215 0.943612 -0.315203 -0.603875 -0.957657 0.178247 0.226099 -0.226569 0.269533 0.278972 0.921698 0.381434 
1533560208379 0.101236 0.943572 -0.315313 -0.603875 -0.957676 0.178272 0.226 -0.226567 0.269459 0.279089 0.921684 0.381411 
1533560208396 0.101244 0.943567 -0.315326 -0.603874 -0.957676 0.178281 0.225992 -0.226567 0.269455 0.2791 0.921682 0.38141 
1533560208412 0.101252 0.943562 -0.315339 -0.603874 -0.957676 0.178291 0.225985 -0.226566 0.269453 0.279111 0.921679 0.381408 
1533560208513 0.101245 0.943527 -0.315447 -0.603879 -0.957681 0.178305 0.22595 -0.226549 0.269436 0.279222 0.92165 0.381403 
1533560208598 0.101237 0.943489 -0.315562 -0.603884 -0.957691 0.178317 0.225901 -0.226526 0.269405 0.279341 0.921623 0.381398 
1533560208760 0.101261 0.94344 -0.315701 -0.603883 -0.957712 0.178347 0.225789 -0.226496 0.269323 0.279487 0.921603 0.381389 
1533560208904 0.101219 0.943411 -0.3158 -0.603878 -0.957746 0.178301 0.225678 -0.226476 0.269215 0.279614 0.921596 0.381348 
1533560209073 0.101207 0.943378 -0.315903 -0.60387 -0.957775 0.178286 0.225569 -0.226463 0.269118 0.279735 0.921588 0.381319 
1533560209212 0.101206 0.943347 -0.315996 -0.603858 -0.957791 0.178292 0.225498 -0.226467 0.269062 0.279836 0.921573 0.381301 
1533560209328 0.101214 0.9433 -0.316133 -0.60386 -0.957825 0.178295 0.225349 -0.226468 0.268936 0.279992 0.921563 0.381285 
1533560209432 0.101226 0.943254 -0.316268 -0.603865 -0.957848 0.178313 0.225238 -0.226459 0.268851 0.280137 0.921544 0.381271 
1533560209452 0.101249 0.943242 -0.316296 -0.603866 -0.957844 0.178342 0.22523 -0.226455 0.268856 0.280158 0.921536 0.381267 
1533560209636 0.101018 0.943256 -0.316328 -0.603866 -0.957895 0.178108 0.225199 -0.226448 0.268761 0.28026 0.921533 0.381259 
1533560209784 0.100987 0.943272 -0.316291 -0.603875 -0.957913 0.178054 0.225163 -0.226499 0.268707 0.280241 0.921554 0.381253 
1533560209931 0.100961 0.943281 -0.31627 -0.603882 -0.957902 0.178041 0.225223 -0.226525 0.268757 0.280217 0.921546 0.381254 
1533560210095 0.100854 0.943318 -0.316196 -0.603883 -0.957905 0.177932 0.225298 -0.226546 0.268789 0.280164 0.921554 0.381263 
1533560210231 0.100636 0.943364 -0.316129 -0.603885 -0.957938 0.177703 0.225336 -0.226575 0.268751 0.280155 0.921567 0.381287 
1533560210396 0.100456 0.943409 -0.31605 -0.603892 -0.957955 0.177519 0.225409 -0.226621 0.268757 0.280118 0.921576 0.381316 
1533560210505 0.100362 0.943441 -0.315985 -0.603891 -0.957936 0.177446 0.225549 -0.22663 0.268862 0.280057 0.921565 0.381314 
1533560210525 0.100307 0.943449 -0.315979 -0.603891 -0.957944 0.177391 0.225556 -0.226633 0.268852 0.280066 0.921565 0.381313 
1533560210716 0.100448 0.943398 -0.316087 -0.603891 -0.957954 0.177522 0.225412 -0.226605 0.268766 0.280155 0.921563 0.381322 
1533560210888 0.100271 0.943324 -0.316364 -0.603907 -0.957962 0.177435 0.225445 -0.226546 0.268802 0.280459 0.92146 0.381321 
1533560211032 0.100326 0.943327 -0.316336 -0.603871 -0.957998 0.177436 0.225292 -0.226566 0.268653 0.280447 0.921507 0.381366 
1533560211208 0.100353 0.943232 -0.316612 -0.603863 -0.958002 0.177519 0.225208 -0.226558 0.268629 0.280715 0.921432 0.381384 
1533560211428 0.100497 0.943229 -0.316576 -0.603805 -0.958096 0.17753 0.2248 -0.226631 0.268239 0.280718 0.921545 0.381466 
1533560211538 0.100497 0.943198 -0.316668 -0.603806 -0.95809 0.177559 0.224802 -0.226608 0.26826 0.280804 0.921513 0.38148 
1533560211680 0.100458 0.943147 -0.316831 -0.603811 -0.958145 0.177508 0.224608 -0.226578 0.268079 0.281007 0.921504 0.381497 
1533560211867 0.100474 0.943103 -0.316957 -0.603813 -0.958196 0.177498 0.224398 -0.226557 0.267889 0.281161 0.921512 0.381521 
1533560211989 0.100467 0.943052 -0.31711 -0.603824 -0.958184 0.177541 0.224416 -0.226525 0.267936 0.281303 0.921455 0.381517 
1533560212005 0.100463 0.943046 -0.31713 -0.603825 -0.958183 0.177543 0.224418 -0.226521 0.267941 0.281323 0.921447 0.381516 
1533560212151 0.100489 0.943023 -0.31719 -0.603827 -0.958188 0.177574 0.224373 -0.2265 0.267914 0.281381 0.921438 0.381535 
1533560212283 0.100597 0.942998 -0.317231 -0.603824 -0.958263 0.177593 0.224038 -0.226514 0.267606 0.281453 0.921505 0.381548 
1533560212419 0.100691 0.942983 -0.317244 -0.603814 -0.958281 0.177654 0.223911 -0.22649 0.267504 0.281464 0.921531 0.381527 
1533560212571 0.100761 0.942911 -0.317436 -0.603828 -0.95832 0.177716 0.223697 -0.226484 0.267339 0.281665 0.921517 0.381508 
1533560212708 0.100767 0.942886 -0.31751 -0.603819 -0.958375 0.177681 0.22349 -0.226446 0.267141 0.281773 0.921542 0.381514 
1533560212843 0.100836 0.942859 -0.317567 -0.60381 -0.958407 0.177717 0.223324 -0.226412 0.267 0.281839 0.921563 0.381516 
1533560212919 0.100911 0.942833 -0.317621 -0.603808 -0.958423 0.177774 0.223209 -0.2264 0.266914 0.281891 0.921572 0.38149 
1533560213015 0.100984 0.942804 -0.317684 -0.603801 -0.958462 0.177808 0.223015 -0.226376 0.266746 0.281967 0.921597 0.381469 
1533560213131 0.100956 0.942777 -0.317771 -0.603788 -0.958537 0.177726 0.222757 -0.226329 0.266486 0.282107 0.92163 0.381436 
1533560213148 0.100957 0.942772 -0.317786 -0.603786 -0.958546 0.177721 0.222724 -0.226323 0.266455 0.282127 0.921632 0.38143 
1533560213315 0.101068 0.942807 -0.317647 -0.603776 -0.958528 0.177797 0.222736 -0.22635 0.266474 0.281962 0.921677 0.381372 
1533560213455 0.101125 0.942868 -0.31745 -0.603773 -0.95854 0.177785 0.222698 -0.226389 0.266412 0.281768 0.921755 0.381374 
1533560213686 0.101059 0.942962 -0.31719 -0.603791 -0.958582 0.177625 0.222643 -0.226394 0.266285 0.281553 0.921857 0.381375 
1533560213795 0.101064 0.942989 -0.317109 -0.603801 -0.958558 0.177634 0.222737 -0.226378 0.266368 0.281456 0.921862 0.38137 
1533560213919 0.101084 0.943062 -0.316884 -0.603801 -0.958548 0.177609 0.222804 -0.226376 0.2664 0.281227 0.921923 0.381364 
1533560214071 0.101071 0.94314 -0.316656 -0.603797 -0.958564 0.177528 0.222799 -0.226398 0.266346 0.281017 0.922003 0.381341 
1533560214219 0.101081 0.94316 -0.316595 -0.603817 -0.958581 0.177503 0.222744 -0.226443 0.26628 0.280966 0.922037 0.381284 
1533560214471 0.101172 0.943235 -0.316342 -0.603817 -0.958579 0.17752 0.22274 -0.22647 0.266253 0.280704 0.922125 0.381238 
1533560214570 0.101156 0.94328 -0.316213 -0.60382 -0.958586 0.177469 0.22275 -0.22645 0.266233 0.280585 0.922167 0.381229 
1533560214587 0.101148 0.94329 -0.316186 -0.603821 -0.958587 0.177454 0.222756 -0.226444 0.266232 0.28056 0.922175 0.381227 
1533560214894 0.101072 0.943415 -0.315837 -0.603804 -0.958533 0.177367 0.223057 -0.226456 0.266454 0.280195 0.922222 0.381219 
1533560215043 0.101209 0.943402 -0.31583 -0.603836 -0.958438 0.177577 0.223298 -0.226528 0.266744 0.280104 0.922166 0.381195 
1533560215224 0.101274 0.943464 -0.315624 -0.603845 -0.95829 0.177738 0.223808 -0.226563 0.267253 0.279793 0.922113 0.381192 
1533560215430 0.101003 0.943666 -0.315107 -0.603862 -0.958153 0.177536 0.224551 -0.226557 0.267844 0.27924 0.922109 0.381153 
1533560215579 0.101099 0.943698 -0.314982 -0.603915 -0.958072 0.177669 0.224791 -0.226571 0.268097 0.279049 0.922093 0.381139 
1533560215720 0.100993 0.943786 -0.314752 -0.603915 -0.957968 0.177635 0.225261 -0.226578 0.268509 0.278773 0.922057 0.381136 
1533560215912 0.101103 0.943961 -0.314192 -0.603896 -0.957764 0.177803 0.225995 -0.226661 0.269195 0.278073 0.922068 0.381117 
1533560215932 0.101094 0.943956 -0.314208 -0.603905 -0.957763 0.177801 0.226003 -0.226681 0.269204 0.278089 0.922061 0.381117 
1533560216235 0.101073 0.943981 -0.314142 -0.603898 -0.957762 0.177768 0.226032 -0.226673 0.269214 0.278027 0.922076 0.381123 
1533560216417 0.101088 0.943994 -0.314098 -0.603895 -0.957788 0.177743 0.225941 -0.226679 0.269116 0.277999 0.922113 0.381134 
1533560216546 0.101108 0.943982 -0.314125 -0.6039 -0.957844 0.177709 0.225732 -0.226696 0.26891 0.278059 0.922155 0.381127 
1533560216681 0.10118 0.943997 -0.314059 -0.603902 -0.957913 0.177681 0.225462 -0.226719 0.268637 0.278029 0.922244 0.381173 
1533560216744 0.101234 0.944008 -0.314006 -0.603902 -0.957939 0.177685 0.225345 -0.226725 0.268522 0.277986 0.922291 0.381199 
1533560216878 0.101235 0.944039 -0.313914 -0.603908 -0.957992 0.177609 0.225182 -0.226713 0.268335 0.277931 0.922362 0.381244 
1533560216967 0.101206 0.944044 -0.313908 -0.603912 -0.958015 0.177559 0.225122 -0.226698 0.268262 0.277945 0.922379 0.381235 
1533560217035 0.101184 0.94404 -0.313929 -0.603916 -0.958043 0.177518 0.225036 -0.226691 0.268171 0.277987 0.922392 0.381205 
1533560217052 0.101179 0.944039 -0.313932 -0.603917 -0.958049 0.177508 0.225018 -0.22669 0.268151 0.277996 0.922395 0.381201 
1533560217343 0.101079 0.943922 -0.314315 -0.603957 -0.958097 0.177467 0.224845 -0.226667 0.268016 0.278417 0.922308 0.381173 
1533560217674 0.100916 0.943893 -0.314456 -0.603898 -0.958098 0.177367 0.224923 -0.2266 0.268077 0.278581 0.92224 0.381187 
1533560217857 0.101133 0.943811 -0.314632 -0.603903 -0.958128 0.177556 0.224644 -0.226667 0.267886 0.278739 0.922248 0.381198 
1533560218059 0.101024 0.943782 -0.314754 -0.603864 -0.958109 0.177514 0.224756 -0.226585 0.267994 0.278863 0.922179 0.38122 
1533560218194 0.100915 0.94371 -0.315003 -0.603865 -0.958142 0.17745 0.224666 -0.226556 0.267917 0.279145 0.922116 0.381231 
1533560218369 0.100972 0.943609 -0.315288 -0.603875 -0.958154 0.177553 0.224536 -0.226584 0.267855 0.279423 0.92205 0.381239 
