1535123258980 0.213821 0.919387 -0.330163 -0.472262 -0.943803 0.281621 0.172988 -0.171387 0.252024 0.27462 0.927937 0.474193 
1535123265272 0.213821 0.919387 -0.330163 -0.472262 -0.943803 0.281621 0.172989 -0.171387 0.252024 0.27462 0.927937 0.474193 
1535123265889 0.213821 0.919387 -0.330163 -0.472262 -0.943803 0.281621 0.172989 -0.171387 0.252024 0.27462 0.927937 0.474193 
1535123266490 0.217994 0.919867 -0.326072 -0.488176 -0.943406 0.284176 0.170966 -0.178791 0.249928 0.270348 0.929757 0.464344 
1535123267124 0.217994 0.919867 -0.326072 -0.488176 -0.943406 0.284176 0.170966 -0.178791 0.249928 0.270348 0.929757 0.464344 
1535123267971 0.225019 0.921226 -0.317347 -0.520843 -0.942584 0.288306 0.16857 -0.193071 0.246784 0.261195 0.933207 0.444192 
1535123268849 0.225019 0.921226 -0.317347 -0.520843 -0.942584 0.288306 0.16857 -0.193071 0.246784 0.261195 0.933207 0.444192 
1535123269454 0.235691 0.922944 -0.304343 -0.569687 -0.941292 0.294689 0.164708 -0.214604 0.241702 0.247655 0.938215 0.413989 
1535123270082 0.235691 0.922944 -0.304343 -0.569687 -0.941292 0.294689 0.164708 -0.214604 0.241702 0.247655 0.938215 0.413989 
1535123270895 0.245855 0.92449 -0.291329 -0.618688 -0.939866 0.300878 0.161632 -0.235896 0.237082 0.234072 0.942869 0.38371 
1535123271503 0.247054 0.924335 -0.290806 -0.621703 -0.939628 0.301855 0.161194 -0.237491 0.236779 0.233426 0.943106 0.381752 
1535123272102 0.247036 0.924521 -0.290231 -0.623406 -0.939662 0.301709 0.16127 -0.238066 0.236662 0.23288 0.94327 0.380778 
1535123272688 0.247663 0.924646 -0.289296 -0.626717 -0.939545 0.302097 0.161225 -0.239425 0.236472 0.231877 0.943565 0.378712 
1535123273308 0.248419 0.924935 -0.287721 -0.631686 -0.9394 0.30249 0.161331 -0.241462 0.236253 0.230207 0.944028 0.375665 
1535123273737 0.248545 0.925046 -0.287254 -0.633348 -0.939378 0.302518 0.161409 -0.242093 0.23621 0.229723 0.944157 0.374614 
1535123273763 0.248545 0.925046 -0.287254 -0.633348 -0.939378 0.302518 0.161409 -0.242093 0.23621 0.229723 0.944157 0.374614 
1535123274025 0.248116 0.925302 -0.286802 -0.633566 -0.939504 0.302017 0.161612 -0.242002 0.236159 0.229353 0.94426 0.374512 
1535123274494 0.24589 0.924795 -0.290331 -0.634036 -0.939573 0.301014 0.163074 -0.242772 0.238204 0.232689 0.942929 0.374589 
1535123274947 0.243291 0.924452 -0.293597 -0.634814 -0.939621 0.299731 0.165146 -0.243416 0.240669 0.235691 0.941556 0.374629 
1535123274974 0.242804 0.924466 -0.293953 -0.63489 -0.93967 0.299407 0.165454 -0.243436 0.240968 0.236046 0.941391 0.374645 
1535123275197 0.242519 0.924498 -0.294089 -0.63495 -0.93972 0.299183 0.165577 -0.243561 0.241062 0.236206 0.941327 0.374635 
1535123275558 0.240573 0.925023 -0.294035 -0.634976 -0.939898 0.297635 0.167344 -0.243934 0.242312 0.236104 0.941031 0.374893 
1535123275917 0.240053 0.925056 -0.294358 -0.635063 -0.939867 0.297359 0.168012 -0.24411 0.242951 0.236325 0.940811 0.374938 
1535123276203 0.237987 0.925524 -0.294563 -0.635178 -0.940164 0.295652 0.169355 -0.244454 0.24383 0.236633 0.940506 0.375142 
1535123276237 0.237987 0.925524 -0.294563 -0.635178 -0.940164 0.295652 0.169355 -0.244454 0.24383 0.236633 0.940506 0.375142 
1535123276254 0.237987 0.925524 -0.294563 -0.635178 -0.940164 0.295652 0.169355 -0.244454 0.24383 0.236633 0.940506 0.375142 
1535123276288 0.237987 0.925524 -0.294563 -0.635178 -0.940164 0.295652 0.169355 -0.244454 0.24383 0.236633 0.940506 0.375142 
1535123276457 0.237547 0.925624 -0.294603 -0.635182 -0.940139 0.295373 0.169981 -0.244649 0.244356 0.23659 0.94038 0.375187 
1535123276638 0.237503 0.926049 -0.293302 -0.635179 -0.940463 0.29479 0.169201 -0.244802 0.243151 0.235654 0.940928 0.375088 
1535123276820 0.237503 0.926049 -0.293302 -0.635179 -0.940463 0.29479 0.169201 -0.244802 0.243151 0.235654 0.940928 0.375088 
1535123276876 0.236483 0.926718 -0.292008 -0.635247 -0.940929 0.29338 0.169059 -0.244989 0.242339 0.234779 0.941356 0.37501 
1535123277004 0.236483 0.926718 -0.292008 -0.635247 -0.940929 0.29338 0.169059 -0.244989 0.242339 0.234779 0.941356 0.37501 
1535123277065 0.236061 0.927237 -0.2907 -0.635226 -0.941172 0.292606 0.169045 -0.245344 0.241806 0.233694 0.941763 0.37506 
1535123277167 0.236035 0.927299 -0.290523 -0.635221 -0.941207 0.292523 0.168998 -0.245412 0.241697 0.233553 0.941826 0.375057 
1535123277416 0.236963 0.927186 -0.290127 -0.635145 -0.941181 0.293134 0.168078 -0.245232 0.240886 0.233234 0.942113 0.374956 
1535123277784 0.239491 0.927045 -0.288497 -0.634975 -0.94096 0.294844 0.166317 -0.245273 0.239245 0.231633 0.942925 0.374747 
1535123278058 0.240849 0.926886 -0.287879 -0.634685 -0.940777 0.29587 0.16553 -0.24513 0.238602 0.230962 0.943252 0.374827 
1535123278557 0.243594 0.926279 -0.287523 -0.634035 -0.940261 0.29824 0.1642 -0.244793 0.237846 0.230349 0.943594 0.374938 
1535123278929 0.244354 0.926128 -0.287362 -0.633839 -0.940157 0.298847 0.163693 -0.244579 0.237478 0.230167 0.943731 0.374878 
1535123279209 0.247001 0.925656 -0.286622 -0.633207 -0.939643 0.30107 0.162565 -0.244104 0.236773 0.229169 0.944151 0.375064 
1535123279251 0.247001 0.925656 -0.286622 -0.633207 -0.939643 0.30107 0.162565 -0.244104 0.236773 0.229169 0.944151 0.375064 
1535123279651 0.247725 0.925469 -0.286599 -0.633015 -0.93956 0.301654 0.161964 -0.244141 0.236347 0.229155 0.944261 0.375069 
1535123280116 0.246902 0.925767 -0.286346 -0.631912 -0.939915 0.300689 0.161695 -0.243392 0.235793 0.229218 0.944384 0.375549 
1535123280703 0.247405 0.925656 -0.286274 -0.630665 -0.940068 0.300879 0.160451 -0.243137 0.234656 0.229421 0.944618 0.37597 
1535123280996 0.247558 0.925605 -0.286304 -0.63044 -0.940072 0.300987 0.160222 -0.24311 0.234476 0.229482 0.944647 0.376052 
1535123281598 0.247374 0.925695 -0.286172 -0.629431 -0.93997 0.300935 0.160918 -0.242608 0.235081 0.229186 0.944569 0.37647 
1535123282378 0.247674 0.925507 -0.286521 -0.626457 -0.939591 0.301574 0.161931 -0.241416 0.236276 0.229107 0.94429 0.377497 
1535123282880 0.247913 0.925369 -0.286759 -0.626149 -0.939482 0.301889 0.161979 -0.241458 0.23646 0.229248 0.94421 0.377518 
1535123283604 0.24677 0.925525 -0.287244 -0.624217 -0.939013 0.301624 0.165157 -0.240523 0.239496 0.22897 0.943512 0.37832 
1535123284089 0.24629 0.925429 -0.287963 -0.622158 -0.938385 0.302013 0.167995 -0.239921 0.242436 0.228845 0.942791 0.379004 
1535123284336 0.24643 0.925293 -0.288279 -0.62193 -0.938223 0.302321 0.168344 -0.239968 0.24292 0.228985 0.942632 0.379006 
1535123284929 0.246527 0.924564 -0.290527 -0.620326 -0.937749 0.303247 0.169316 -0.239218 0.244644 0.230701 0.941768 0.379549 
1535123285380 0.246744 0.924375 -0.290943 -0.619988 -0.937592 0.303624 0.169508 -0.239119 0.245027 0.230961 0.941605 0.379655 
1535123285635 0.246819 0.924017 -0.292014 -0.619113 -0.93727 0.304177 0.170295 -0.238826 0.246179 0.231664 0.941131 0.379953 
1535123286324 0.247115 0.923481 -0.293456 -0.618041 -0.937326 0.304598 0.169235 -0.238326 0.245671 0.233243 0.940874 0.380304 
1535123286951 0.247636 0.923188 -0.29394 -0.617257 -0.937308 0.305068 0.168483 -0.237863 0.245213 0.23379 0.940857 0.380618 
1535123287563 0.24816 0.922786 -0.294758 -0.61649 -0.937274 0.305616 0.167676 -0.2374 0.244812 0.234658 0.940746 0.380822 
1535123287739 0.248563 0.92256 -0.295126 -0.616274 -0.937204 0.306031 0.167312 -0.237422 0.244673 0.235006 0.940695 0.380862 
1535123288216 0.248331 0.922609 -0.295167 -0.615614 -0.937121 0.305957 0.167913 -0.236955 0.245226 0.234909 0.940575 0.38121 
1535123288679 0.248781 0.922283 -0.295808 -0.615033 -0.936941 0.30656 0.167816 -0.23678 0.245457 0.235405 0.940391 0.381361 
1535123288699 0.24886 0.922232 -0.295902 -0.61485 -0.936912 0.30666 0.167799 -0.236721 0.24549 0.235475 0.940365 0.381448 
1535123288947 0.248793 0.922349 -0.295592 -0.614618 -0.936742 0.306719 0.168634 -0.236605 0.246203 0.234938 0.940313 0.381434 
1535123289250 0.248368 0.922693 -0.294875 -0.613877 -0.93665 0.306378 0.169764 -0.23644 0.246984 0.23403 0.940334 0.381593 
1535123289600 0.248206 0.92283 -0.294581 -0.613182 -0.936349 0.306494 0.171206 -0.236199 0.248281 0.233336 0.940165 0.381699 
1535123289629 0.248206 0.92283 -0.294581 -0.613182 -0.936349 0.306494 0.171206 -0.236199 0.248281 0.233336 0.940165 0.381699 
1535123289811 0.248324 0.922859 -0.294393 -0.612838 -0.93615 0.306729 0.171876 -0.236224 0.248916 0.232915 0.940102 0.381761 
1535123290082 0.248324 0.922859 -0.294393 -0.612838 -0.93615 0.306729 0.171876 -0.236224 0.248916 0.232915 0.940102 0.381761 
1535123290287 0.248271 0.922812 -0.294585 -0.612448 -0.936234 0.306648 0.171559 -0.236001 0.248651 0.233207 0.9401 0.381981 
1535123290504 0.248322 0.92281 -0.294547 -0.611151 -0.936032 0.306867 0.172272 -0.235605 0.249361 0.232926 0.939981 0.382454 
1535123290797 0.248438 0.922682 -0.294851 -0.610394 -0.935881 0.307146 0.172594 -0.235364 0.249812 0.233066 0.939827 0.38267 
1535123291090 0.248529 0.922772 -0.294491 -0.610057 -0.935842 0.307179 0.172746 -0.235176 0.249866 0.232665 0.939912 0.382775 
1535123291321 0.249093 0.922804 -0.293913 -0.609263 -0.935596 0.307696 0.173156 -0.234901 0.250225 0.231851 0.940017 0.382962 
1535123291578 0.249555 0.922876 -0.293294 -0.608419 -0.935352 0.308131 0.173701 -0.234679 0.250677 0.230985 0.94011 0.383115 
1535123291822 0.250041 0.922917 -0.292753 -0.607652 -0.935122 0.308584 0.174134 -0.234369 0.25105 0.230219 0.940198 0.383322 
1535123291935 0.250149 0.922934 -0.292607 -0.607294 -0.935019 0.308728 0.174434 -0.23417 0.251327 0.229958 0.940188 0.383361 
1535123292278 0.250783 0.92303 -0.291761 -0.606531 -0.934984 0.309047 0.174053 -0.233623 0.250824 0.229142 0.940522 0.383542 
1535123292657 0.251346 0.922961 -0.291492 -0.606173 -0.934894 0.309477 0.173774 -0.233505 0.250597 0.228837 0.940657 0.383605 
1535123292986 0.252635 0.923106 -0.289916 -0.604811 -0.934852 0.31013 0.172831 -0.232685 0.249453 0.227366 0.941317 0.383935 
1535123293301 0.253214 0.922989 -0.289782 -0.604432 -0.934817 0.310546 0.172276 -0.232628 0.248999 0.22727 0.94146 0.383918 
1535123293324 0.253214 0.922989 -0.289782 -0.604432 -0.934817 0.310546 0.172276 -0.232628 0.248999 0.22727 0.94146 0.383918 
1535123293580 0.253525 0.923005 -0.289458 -0.604187 -0.934783 0.310736 0.172117 -0.232544 0.24881 0.226945 0.941589 0.384027 
1535123294011 0.253555 0.923772 -0.286975 -0.603355 -0.935063 0.31004 0.171849 -0.23186 0.247723 0.224767 0.942398 0.384117 
1535123294570 0.253923 0.924204 -0.285256 -0.60261 -0.935204 0.309853 0.171417 -0.231509 0.246811 0.223246 0.942998 0.384199 
1535123294597 0.254366 0.924348 -0.284391 -0.602266 -0.935212 0.31 0.171108 -0.231453 0.246325 0.222442 0.943315 0.384231 
1535123294833 0.254365 0.924348 -0.284393 -0.602266 -0.935213 0.309999 0.171105 -0.231453 0.246322 0.222445 0.943315 0.384229 
1535123295318 0.254252 0.92498 -0.282432 -0.601549 -0.935417 0.309371 0.171124 -0.230975 0.245663 0.220683 0.943901 0.384189 
1535123295602 0.254711 0.925249 -0.281134 -0.601296 -0.935455 0.309424 0.170822 -0.230862 0.245043 0.219478 0.944343 0.384106 
1535123296152 0.25646 0.926247 -0.276217 -0.600667 -0.935547 0.309685 0.169846 -0.230206 0.242859 0.214855 0.945969 0.383749 
1535123296181 0.257036 0.92637 -0.275266 -0.600505 -0.935531 0.309936 0.169475 -0.230117 0.242312 0.213959 0.946312 0.383624 
1535123296461 0.257096 0.926683 -0.274156 -0.600639 -0.935588 0.309725 0.169543 -0.230128 0.242026 0.212908 0.946622 0.38362 
1535123296859 0.258028 0.927268 -0.271285 -0.600603 -0.935667 0.3098 0.168971 -0.230009 0.240726 0.210233 0.947551 0.383345 
1535123297215 0.258488 0.92733 -0.270633 -0.600644 -0.9356 0.31007 0.168849 -0.230043 0.240494 0.209559 0.947759 0.383265 
1535123297252 0.258488 0.92733 -0.270633 -0.600644 -0.9356 0.31007 0.168849 -0.230043 0.240494 0.209559 0.947759 0.383265 
1535123297454 0.258782 0.927512 -0.269727 -0.600635 -0.935615 0.310103 0.168704 -0.229968 0.240118 0.208703 0.948043 0.383155 
1535123297760 0.258782 0.927512 -0.269727 -0.600635 -0.935615 0.310103 0.168704 -0.229968 0.240118 0.208703 0.948043 0.383155 
1535123297942 0.258782 0.927512 -0.269727 -0.600635 -0.935615 0.310103 0.168704 -0.229968 0.240118 0.208703 0.948043 0.383155 
1535123298184 0.258782 0.927512 -0.269727 -0.600635 -0.935615 0.310103 0.168704 -0.229968 0.240118 0.208703 0.948043 0.383155 
1535123298385 0.258782 0.927512 -0.269727 -0.600635 -0.935615 0.310103 0.168704 -0.229968 0.240118 0.208703 0.948043 0.383155 
1535123298575 0.258782 0.927512 -0.269727 -0.600635 -0.935615 0.310103 0.168704 -0.229968 0.240118 0.208703 0.948043 0.383155 
