1533576629798 0.30605 0.911869 -0.273548 -0.586755 -0.924984 0.352805 0.141185 -0.267964 0.225251 0.209818 0.95144 0.376033 
1533576631950 0.30605 0.911869 -0.273548 -0.586755 -0.924984 0.352805 0.141184 -0.267964 0.22525 0.209818 0.95144 0.376033 
1533576632187 0.297223 0.913822 -0.276746 -0.587877 -0.927716 0.344948 0.142666 -0.265303 0.225834 0.214338 0.950294 0.375289 
1533576632427 0.286077 0.916005 -0.281239 -0.589291 -0.931048 0.33511 0.144398 -0.262016 0.226515 0.220538 0.948712 0.374154 
1533576632671 0.274725 0.918134 -0.285582 -0.590693 -0.934274 0.325101 0.146428 -0.258582 0.227283 0.226584 0.947102 0.373037 
1533576632913 0.263301 0.920091 -0.29001 -0.592083 -0.93746 0.314978 0.148181 -0.255199 0.227687 0.232856 0.945482 0.371994 
1533576633153 0.251647 0.921934 -0.294468 -0.593439 -0.94054 0.304689 0.150164 -0.251705 0.228162 0.239171 0.94379 0.370749 
1533576633396 0.240104 0.92363 -0.298759 -0.594791 -0.943437 0.294511 0.152283 -0.248255 0.228641 0.245297 0.9421 0.369772 
1533576633635 0.228691 0.925189 -0.302862 -0.596059 -0.946179 0.284429 0.154421 -0.244853 0.229012 0.251247 0.940441 0.368687 
1533576633874 0.217225 0.926486 -0.307307 -0.597365 -0.948842 0.274325 0.156347 -0.241494 0.229155 0.257623 0.938679 0.367552 
1533576634124 0.209687 0.928025 -0.307898 -0.597653 -0.950869 0.2669 0.156887 -0.237504 0.227773 0.259873 0.938395 0.364662 
1533576634314 0.208399 0.928402 -0.307635 -0.597662 -0.951158 0.265627 0.157293 -0.236472 0.227747 0.25983 0.938414 0.363985 
1533576634442 0.209438 0.92797 -0.308233 -0.597723 -0.950896 0.266751 0.156972 -0.237706 0.227887 0.260222 0.938271 0.364929 
1533576634578 0.2069 0.928191 -0.30928 -0.598112 -0.95142 0.26456 0.157506 -0.237196 0.228019 0.261667 0.937837 0.365173 
1533576634708 0.205085 0.928265 -0.310266 -0.598393 -0.951733 0.2631 0.158059 -0.237135 0.228351 0.262875 0.937418 0.365571 
1533576634838 0.203204 0.928288 -0.311431 -0.598736 -0.952079 0.261584 0.15849 -0.237026 0.22859 0.264302 0.936959 0.365924 
1533576634976 0.201095 0.928416 -0.312416 -0.599069 -0.952499 0.259788 0.158919 -0.236786 0.228705 0.265618 0.936558 0.366267 
1533576635113 0.199188 0.928488 -0.313424 -0.599362 -0.952837 0.25823 0.159433 -0.236635 0.228967 0.266884 0.936134 0.36669 
1533576635251 0.197241 0.928538 -0.314505 -0.599657 -0.953227 0.256593 0.159747 -0.236494 0.229031 0.268286 0.935718 0.367002 
1533576635390 0.195387 0.928633 -0.315381 -0.599953 -0.953526 0.255089 0.160369 -0.236376 0.229374 0.26939 0.935316 0.367458 
1533576635605 0.193881 0.92883 -0.315728 -0.599954 -0.953907 0.253638 0.1604 -0.235004 0.229065 0.270077 0.935194 0.365955 
1533576635732 0.193585 0.92901 -0.31538 -0.599835 -0.953951 0.253318 0.160647 -0.234406 0.229134 0.269759 0.935269 0.365338 
1533576635867 0.193731 0.928839 -0.315796 -0.599985 -0.954017 0.253415 0.160101 -0.234982 0.228736 0.270258 0.935222 0.36591 
1533576635908 0.193817 0.928796 -0.315867 -0.600075 -0.954053 0.253446 0.159839 -0.235417 0.228513 0.270375 0.935243 0.366453 
1533576635964 0.194064 0.928745 -0.315867 -0.600082 -0.9541 0.253564 0.159368 -0.235751 0.228104 0.270441 0.935323 0.366771 
1533576636022 0.193848 0.928713 -0.316093 -0.600145 -0.954265 0.253255 0.158874 -0.235987 0.227601 0.270839 0.935331 0.367004 
1533576636066 0.19391 0.928616 -0.316341 -0.600242 -0.954347 0.253242 0.158399 -0.236284 0.227202 0.271184 0.935328 0.367286 
1533576636116 0.193929 0.92864 -0.316258 -0.600303 -0.954452 0.253116 0.157966 -0.236586 0.226743 0.271219 0.935429 0.367675 
1533576636177 0.19395 0.928631 -0.316272 -0.600392 -0.954534 0.253036 0.157602 -0.236941 0.226383 0.271325 0.935486 0.368104 
1533576636344 0.19371 0.928649 -0.316368 -0.600379 -0.954755 0.252618 0.156932 -0.237013 0.225655 0.271654 0.935566 0.368066 
1533576636502 0.194229 0.928568 -0.316287 -0.600181 -0.954649 0.253095 0.156804 -0.236849 0.225654 0.271487 0.935615 0.367431 
1533576636594 0.193845 0.928622 -0.316363 -0.600314 -0.954695 0.252783 0.157026 -0.236987 0.225789 0.271591 0.935552 0.36791 
1533576636637 0.193571 0.928619 -0.316538 -0.600422 -0.954691 0.252626 0.157304 -0.23714 0.226041 0.271747 0.935446 0.368315 
1533576636724 0.19332 0.928697 -0.316464 -0.600511 -0.954725 0.252397 0.157468 -0.237317 0.226115 0.271694 0.935443 0.368758 
1533576636788 0.192788 0.928681 -0.316834 -0.600634 -0.954711 0.252103 0.158022 -0.237392 0.226627 0.272021 0.935225 0.369141 
1533576636916 0.192151 0.928726 -0.317091 -0.600829 -0.954669 0.25175 0.158838 -0.23764 0.227345 0.272196 0.934999 0.3699 
1533576636960 0.191824 0.928733 -0.317267 -0.600915 -0.954644 0.251579 0.159256 -0.237774 0.227724 0.272328 0.934868 0.370263 
1533576637042 0.1918 0.928689 -0.317411 -0.601013 -0.954588 0.251654 0.159471 -0.237999 0.227977 0.27241 0.934783 0.370637 
1533576637207 0.191726 0.928756 -0.31726 -0.600965 -0.954495 0.251687 0.159979 -0.237814 0.228432 0.272151 0.934748 0.370684 
1533576637372 0.191751 0.928768 -0.317209 -0.600855 -0.954507 0.251682 0.159916 -0.237419 0.228361 0.272114 0.934775 0.37004 
1533576637452 0.191683 0.928786 -0.317198 -0.600924 -0.954501 0.25164 0.160019 -0.237612 0.228443 0.272093 0.934762 0.37041 
1533576637490 0.19155 0.928719 -0.317473 -0.601026 -0.954477 0.251622 0.16019 -0.237807 0.228655 0.272336 0.934639 0.3708 
1533576637558 0.191598 0.928738 -0.317389 -0.601098 -0.95441 0.251721 0.160434 -0.238044 0.228894 0.27218 0.934626 0.371188 
1533576637613 0.191319 0.928706 -0.317652 -0.601184 -0.954381 0.251603 0.160786 -0.238153 0.229245 0.2724 0.934476 0.37142 
1533576637679 0.191154 0.928643 -0.317934 -0.601284 -0.954323 0.251604 0.161128 -0.238308 0.229624 0.272612 0.934321 0.371709 
1533576637737 0.191065 0.928609 -0.318086 -0.601365 -0.954251 0.251654 0.161479 -0.238448 0.229998 0.272681 0.934209 0.372021 
1533576637788 0.190813 0.928639 -0.31815 -0.601427 -0.954225 0.251517 0.161843 -0.238561 0.230314 0.272705 0.934124 0.372343 
1533576637838 0.190691 0.928613 -0.318299 -0.601503 -0.954161 0.251533 0.162195 -0.238688 0.230679 0.27278 0.934012 0.372651 
1533576637851 0.190667 0.928607 -0.318331 -0.601522 -0.954145 0.25154 0.162278 -0.238724 0.230765 0.272793 0.933987 0.37273 
1533576638001 0.19052 0.928518 -0.31868 -0.601587 -0.954076 0.251579 0.162623 -0.238727 0.231171 0.273062 0.933808 0.372779 
1533576638018 0.190667 0.928474 -0.31872 -0.601557 -0.954027 0.251748 0.16265 -0.238606 0.231254 0.273056 0.933789 0.372606 
1533576638145 0.190547 0.928579 -0.318486 -0.601538 -0.954174 0.251449 0.162252 -0.238686 0.230746 0.272975 0.933938 0.372589 
1533576638169 0.190435 0.928567 -0.318588 -0.601599 -0.954203 0.251353 0.162231 -0.23885 0.230721 0.273103 0.933907 0.372852 
1533576638216 0.190563 0.92852 -0.318648 -0.60168 -0.954162 0.251503 0.16224 -0.239086 0.230784 0.273125 0.933885 0.37323 
1533576638273 0.190401 0.928518 -0.318751 -0.601741 -0.954182 0.251382 0.162308 -0.239221 0.230834 0.273243 0.933838 0.373459 
1533576638309 0.190144 0.928526 -0.318881 -0.601793 -0.954244 0.251149 0.162302 -0.239331 0.230788 0.27343 0.933795 0.373623 
1533576638348 0.190017 0.928464 -0.319137 -0.601877 -0.954297 0.251041 0.162156 -0.239506 0.230673 0.273739 0.933733 0.37379 
1533576638395 0.189954 0.92838 -0.319419 -0.601977 -0.954315 0.251025 0.162077 -0.239719 0.230651 0.274039 0.93365 0.374009 
1533576638408 0.189934 0.928367 -0.319469 -0.602002 -0.954323 0.251011 0.162054 -0.239778 0.230636 0.274097 0.933637 0.374079 
1533576638521 0.189791 0.928441 -0.319338 -0.602067 -0.954361 0.250841 0.16209 -0.240017 0.230594 0.274001 0.933675 0.374561 
1533576638538 0.189732 0.928441 -0.319372 -0.602052 -0.954375 0.250789 0.162092 -0.239964 0.230588 0.274046 0.933664 0.374495 
1533576638555 0.189788 0.928411 -0.319427 -0.602026 -0.954346 0.250872 0.162131 -0.239851 0.23066 0.274074 0.933638 0.374332 
1533576638704 0.1894 0.928418 -0.319638 -0.602046 -0.954503 0.250448 0.161863 -0.239948 0.230329 0.274438 0.933612 0.374218 
1533576638738 0.189212 0.928354 -0.319933 -0.602144 -0.954476 0.250399 0.162098 -0.240108 0.230595 0.274698 0.93347 0.374475 
1533576638816 0.188998 0.928341 -0.320099 -0.602224 -0.954487 0.250264 0.162244 -0.240285 0.230727 0.274867 0.933388 0.374818 
1533576638859 0.188608 0.928388 -0.320193 -0.602262 -0.954593 0.249878 0.162214 -0.240377 0.230606 0.275059 0.933361 0.374963 
1533576638913 0.188291 0.92839 -0.320374 -0.602324 -0.954666 0.249598 0.162214 -0.240508 0.230562 0.275307 0.933299 0.375119 
1533576638972 0.188061 0.928326 -0.320692 -0.602419 -0.954676 0.249479 0.162339 -0.24067 0.23071 0.275628 0.933168 0.375308 
1533576638985 0.187979 0.928314 -0.320776 -0.602443 -0.954678 0.249434 0.162396 -0.240703 0.230767 0.275711 0.933129 0.375362 
1533576639105 0.187466 0.928336 -0.321012 -0.602508 -0.95476 0.249013 0.162558 -0.240772 0.230844 0.276015 0.93302 0.375562 
1533576639122 0.187581 0.928318 -0.320998 -0.602483 -0.954746 0.249109 0.162495 -0.240686 0.23081 0.27599 0.933036 0.375467 
1533576639279 0.18735 0.928455 -0.320735 -0.602483 -0.954816 0.248816 0.162531 -0.240503 0.230707 0.275793 0.93312 0.375321 
1533576639308 0.187139 0.928504 -0.320717 -0.602503 -0.954834 0.248641 0.162692 -0.24067 0.230803 0.275785 0.933098 0.37558 
1533576639400 0.187207 0.928552 -0.320538 -0.602496 -0.954768 0.248737 0.162933 -0.24098 0.231021 0.275537 0.933118 0.376007 
1533576639445 0.18667 0.928697 -0.320431 -0.602526 -0.954874 0.248212 0.163117 -0.240977 0.231021 0.275522 0.933122 0.376156 
1533576639505 0.186168 0.928836 -0.320319 -0.602577 -0.954967 0.247725 0.163309 -0.240975 0.231039 0.275491 0.933127 0.376329 
1533576639566 0.185659 0.92899 -0.320169 -0.602627 -0.95502 0.247273 0.163682 -0.240991 0.231228 0.275379 0.933113 0.376609 
1533576639627 0.185367 0.929112 -0.319985 -0.602644 -0.95501 0.247045 0.164086 -0.241082 0.231505 0.275173 0.933105 0.376949 
1533576639641 0.185274 0.929138 -0.319963 -0.602649 -0.955021 0.246963 0.16415 -0.241095 0.231537 0.275158 0.933102 0.377002 
1533576639760 0.184682 0.92923 -0.320037 -0.602676 -0.955121 0.246434 0.164358 -0.24111 0.231594 0.27532 0.93304 0.377154 
1533576639777 0.184876 0.929183 -0.320062 -0.60266 -0.955087 0.246618 0.164283 -0.241038 0.231582 0.275315 0.933044 0.377073 
1533576639934 0.184977 0.929229 -0.319871 -0.60267 -0.955127 0.246608 0.164063 -0.240954 0.231335 0.27517 0.933148 0.376929 
1533576639953 0.184815 0.929251 -0.319901 -0.602695 -0.955177 0.246439 0.164027 -0.24109 0.231259 0.275248 0.933144 0.377051 
1533576640064 0.184959 0.92914 -0.32014 -0.602704 -0.955237 0.246512 0.163567 -0.241706 0.230895 0.275556 0.933143 0.377439 
1533576640095 0.18469 0.929197 -0.320128 -0.602722 -0.955338 0.246197 0.163449 -0.241799 0.230691 0.275643 0.933168 0.377516 
1533576640140 0.184441 0.929253 -0.320109 -0.602753 -0.95545 0.245884 0.16327 -0.241907 0.230429 0.275735 0.933206 0.377606 
1533576640195 0.184319 0.929279 -0.320105 -0.602795 -0.955535 0.245694 0.163056 -0.242091 0.230172 0.275817 0.933245 0.377759 
1533576640208 0.184291 0.929285 -0.320104 -0.602806 -0.955557 0.245648 0.162997 -0.24214 0.230103 0.275839 0.933255 0.377808 
1533576640328 0.183991 0.929321 -0.320173 -0.602858 -0.955703 0.24527 0.162706 -0.242329 0.229735 0.276054 0.933283 0.378004 
1533576640345 0.184011 0.929323 -0.320154 -0.602832 -0.955702 0.245283 0.162696 -0.242246 0.229726 0.276034 0.933291 0.377957 
1533576640361 0.184151 0.929317 -0.32009 -0.602794 -0.955673 0.245407 0.162681 -0.242144 0.229735 0.275944 0.933315 0.37787 
1533576640476 0.18418 0.929344 -0.319996 -0.602791 -0.955717 0.245358 0.162495 -0.24223 0.229528 0.275897 0.93338 0.377718 
1533576640492 0.184086 0.929364 -0.319991 -0.602816 -0.955773 0.245222 0.162369 -0.242348 0.229369 0.275949 0.933403 0.377813 
1533576640521 0.184076 0.929374 -0.31997 -0.602844 -0.955808 0.245169 0.162242 -0.242547 0.22923 0.275965 0.933433 0.377992 
1533576640581 0.184317 0.929405 -0.31974 -0.602795 -0.955778 0.245338 0.162168 -0.242857 0.229164 0.275709 0.933525 0.378315 
1533576640611 0.184246 0.92944 -0.319678 -0.60277 -0.955839 0.245202 0.162011 -0.243007 0.228965 0.275711 0.933573 0.378399 
1533576640628 0.184199 0.929454 -0.319665 -0.602758 -0.955881 0.245116 0.161894 -0.243098 0.228828 0.275741 0.933598 0.378433 
1533576640748 0.18423 0.929557 -0.319347 -0.602758 -0.956047 0.244882 0.161265 -0.243425 0.228107 0.275601 0.933815 0.378578 
1533576640764 0.184207 0.929601 -0.319233 -0.60273 -0.956073 0.244814 0.161213 -0.243387 0.228016 0.275514 0.933863 0.378579 
1533576640781 0.18416 0.929629 -0.319177 -0.60271 -0.9561 0.244739 0.16117 -0.243352 0.227944 0.275484 0.93389 0.378573 
1533576640895 0.183907 0.929458 -0.319821 -0.602765 -0.955899 0.244914 0.162094 -0.243211 0.228988 0.275906 0.93351 0.378539 
1533576640916 0.183541 0.929523 -0.319843 -0.602774 -0.95588 0.244681 0.162558 -0.243198 0.229361 0.275895 0.933421 0.378632 
1533576640958 0.183293 0.929581 -0.319817 -0.602795 -0.955782 0.244617 0.16323 -0.243238 0.229968 0.275756 0.933313 0.378808 
1533576641031 0.183022 0.929569 -0.320006 -0.602841 -0.95574 0.244508 0.163639 -0.243328 0.230358 0.275893 0.933176 0.378883 
1533576641064 0.182692 0.929615 -0.320062 -0.602861 -0.955762 0.244255 0.163886 -0.243365 0.230528 0.275963 0.933114 0.378944 
1533576641115 0.182553 0.929637 -0.320077 -0.602872 -0.955675 0.244263 0.164383 -0.243481 0.230999 0.275881 0.933021 0.37911 
1533576641128 0.182504 0.929635 -0.320111 -0.602879 -0.955653 0.244261 0.164514 -0.243511 0.231128 0.27589 0.932987 0.379151 
1533576641262 0.181926 0.929703 -0.320244 -0.602893 -0.955584 0.243953 0.165369 -0.243449 0.231868 0.275935 0.93279 0.379294 
1533576641278 0.182106 0.929671 -0.320232 -0.602879 -0.955546 0.244124 0.165331 -0.243397 0.23188 0.275889 0.932801 0.379262 
1533576641404 0.182034 0.929692 -0.320214 -0.602923 -0.9556 0.244006 0.165198 -0.243201 0.231717 0.275925 0.932831 0.379107 
1533576641424 0.181819 0.929727 -0.320235 -0.602938 -0.955637 0.243811 0.165268 -0.243288 0.23173 0.275979 0.932811 0.379152 
1533576641479 0.181884 0.929716 -0.320229 -0.602938 -0.955558 0.243952 0.165521 -0.243525 0.232008 0.275892 0.932768 0.379322 
1533576641539 0.181623 0.929811 -0.3201 -0.602899 -0.95552 0.243785 0.16598 -0.243597 0.232366 0.275716 0.932731 0.379516 
1533576641571 0.181382 0.929875 -0.320053 -0.602889 -0.955521 0.243603 0.166243 -0.243602 0.232551 0.275664 0.9327 0.37957 
1533576641608 0.180922 0.929991 -0.319976 -0.60288 -0.955511 0.243272 0.166785 -0.243605 0.23295 0.275565 0.93263 0.379689 
1533576641667 0.180668 0.930045 -0.319961 -0.602892 -0.955411 0.243205 0.167457 -0.243645 0.233558 0.27544 0.932515 0.379845 
1533576641680 0.180605 0.93005 -0.319982 -0.602897 -0.955388 0.24319 0.167607 -0.243654 0.2337 0.275436 0.93248 0.379876 
1533576641807 0.180133 0.930018 -0.320341 -0.602948 -0.955242 0.243088 0.168587 -0.243613 0.23466 0.275635 0.93218 0.379922 
1533576641824 0.180285 0.929986 -0.320349 -0.602947 -0.955205 0.243241 0.168572 -0.243555 0.234691 0.275608 0.93218 0.379882 
1533576641940 0.17999 0.930081 -0.32024 -0.602979 -0.955433 0.242741 0.168 -0.243322 0.233989 0.27573 0.932321 0.379809 
1533576641965 0.17982 0.930169 -0.320078 -0.602948 -0.955534 0.242471 0.16782 -0.243465 0.23371 0.275668 0.932409 0.37984 
1533576642007 0.179942 0.930219 -0.319865 -0.602878 -0.955554 0.242496 0.167664 -0.243736 0.23353 0.275478 0.93251 0.379953 
1533576642060 0.1799 0.930227 -0.319864 -0.60284 -0.955566 0.242452 0.167662 -0.243959 0.233516 0.275488 0.932511 0.380053 
1533576642095 0.179675 0.930274 -0.319854 -0.602822 -0.955617 0.242228 0.167696 -0.24406 0.233481 0.275527 0.932508 0.38011 
1533576642140 0.179432 0.930314 -0.319876 -0.602812 -0.955658 0.242009 0.16778 -0.244155 0.233501 0.275587 0.932486 0.380159 
1533576642188 0.17915 0.930373 -0.319861 -0.602796 -0.955706 0.241747 0.167884 -0.24424 0.23352 0.275616 0.932472 0.380232 
1533576642201 0.179082 0.930389 -0.319853 -0.602789 -0.955717 0.241683 0.167915 -0.244271 0.233529 0.275618 0.932469 0.380257 
1533576642348 0.178609 0.930522 -0.319731 -0.60283 -0.955771 0.241255 0.168217 -0.24412 0.233666 0.275545 0.932457 0.380365 
1533576642366 0.178704 0.930516 -0.319694 -0.602842 -0.955747 0.241347 0.168227 -0.244013 0.233695 0.275484 0.932467 0.380348 
1533576642463 0.17849 0.930538 -0.319752 -0.602827 -0.955837 0.241097 0.168074 -0.243959 0.23349 0.275631 0.932475 0.380243 
1533576642484 0.178373 0.930523 -0.319859 -0.602804 -0.955865 0.240998 0.168054 -0.244124 0.233463 0.275765 0.932442 0.380243 
1533576642541 0.178664 0.930346 -0.320211 -0.602753 -0.955694 0.241473 0.168344 -0.244522 0.233941 0.275947 0.932269 0.380317 
1533576642596 0.178417 0.930372 -0.320274 -0.60278 -0.955611 0.241403 0.168912 -0.244572 0.234466 0.27592 0.932145 0.380437 
1533576642629 0.178007 0.930427 -0.320343 -0.602801 -0.955647 0.241079 0.169176 -0.24457 0.234633 0.276021 0.932073 0.380465 
1533576642670 0.177575 0.930461 -0.320483 -0.602832 -0.955671 0.240764 0.169489 -0.244557 0.234864 0.276179 0.931968 0.380449 
1533576642715 0.177209 0.930445 -0.320732 -0.602848 -0.955671 0.240545 0.169798 -0.244615 0.235139 0.276425 0.931826 0.380467 
1533576642728 0.177145 0.930433 -0.320803 -0.602844 -0.955666 0.240516 0.169864 -0.24465 0.235205 0.27649 0.93179 0.380471 
1533576642875 0.176624 0.930403 -0.321177 -0.602858 -0.955619 0.240263 0.170486 -0.244606 0.235788 0.276811 0.931547 0.380467 
1533576642892 0.176776 0.930374 -0.321178 -0.602881 -0.955584 0.240414 0.170468 -0.244508 0.235815 0.276778 0.93155 0.380428 
1533576642908 0.176836 0.930361 -0.321181 -0.602901 -0.955575 0.24047 0.170444 -0.244422 0.235809 0.276772 0.931553 0.380389 
1533576643013 0.17643 0.930456 -0.32113 -0.602888 -0.955719 0.239997 0.170302 -0.244429 0.235529 0.276864 0.931597 0.380354 
1533576643028 0.17635 0.93048 -0.321102 -0.602858 -0.955737 0.239913 0.170319 -0.244549 0.235515 0.276854 0.931603 0.380397 
1533576643053 0.176365 0.930548 -0.320899 -0.602805 -0.955746 0.239876 0.170321 -0.244741 0.235467 0.276659 0.931673 0.380479 
1533576643130 0.176619 0.93059 -0.320637 -0.602758 -0.955636 0.240141 0.170566 -0.245006 0.235725 0.276287 0.931719 0.38068 
1533576643155 0.176318 0.930669 -0.320572 -0.602743 -0.955679 0.239861 0.17072 -0.245026 0.235776 0.276263 0.931713 0.380744 
1533576643189 0.17602 0.930749 -0.320506 -0.602727 -0.955719 0.239586 0.170882 -0.245054 0.235837 0.276235 0.931706 0.38081 
1533576643203 0.175962 0.930765 -0.320489 -0.602722 -0.955717 0.239543 0.170952 -0.245066 0.235887 0.276216 0.931698 0.380829 
1533576643323 0.17549 0.930842 -0.320526 -0.602674 -0.955728 0.239194 0.17138 -0.24518 0.236195 0.27626 0.931607 0.380854 
1533576643339 0.175528 0.930833 -0.32053 -0.60268 -0.955717 0.239235 0.171384 -0.245165 0.236212 0.276253 0.931605 0.380844 
1533576643356 0.175558 0.930829 -0.320525 -0.602687 -0.955708 0.239267 0.171389 -0.245124 0.236225 0.276239 0.931606 0.38083 
1533576643481 0.175489 0.930855 -0.320489 -0.602723 -0.955749 0.239162 0.171303 -0.244942 0.236107 0.276246 0.931634 0.380805 
1533576643500 0.175264 0.930876 -0.32055 -0.602716 -0.95582 0.238926 0.171235 -0.245046 0.235987 0.276377 0.931625 0.380801 
1533576643520 0.175143 0.930879 -0.320607 -0.602701 -0.95586 0.238802 0.171188 -0.245174 0.235917 0.276473 0.931615 0.380809 
1533576643599 0.175354 0.930834 -0.320622 -0.60262 -0.955778 0.239055 0.171294 -0.245507 0.236093 0.276406 0.93159 0.38095 
1533576643625 0.175058 0.930904 -0.320582 -0.602601 -0.955828 0.238773 0.171405 -0.245544 0.236107 0.276415 0.931584 0.381001 
1533576643666 0.174828 0.930974 -0.320503 -0.602563 -0.955812 0.238611 0.171723 -0.245589 0.236345 0.276319 0.931552 0.381066 
1533576643679 0.174787 0.930988 -0.320486 -0.60255 -0.955806 0.238585 0.171793 -0.245612 0.2364 0.276295 0.931545 0.381085 
1533576643803 0.174139 0.931132 -0.32042 -0.602538 -0.955915 0.237973 0.17203 -0.245626 0.236434 0.276337 0.931524 0.381155 
1533576643819 0.174063 0.931147 -0.320417 -0.602565 -0.955934 0.237896 0.172037 -0.24556 0.236417 0.276352 0.931524 0.381138 
1533576643836 0.174124 0.931136 -0.320415 -0.602586 -0.955917 0.23796 0.172041 -0.245509 0.23644 0.276333 0.931524 0.381127 
1533576643950 0.174277 0.931132 -0.320346 -0.602561 -0.955888 0.238091 0.172018 -0.24543 0.236443 0.276237 0.931551 0.381106 
1533576643964 0.174104 0.931177 -0.320307 -0.602522 -0.955946 0.237891 0.171974 -0.245521 0.236336 0.276255 0.931573 0.381111 
1533576643988 0.174038 0.931225 -0.320205 -0.602456 -0.955969 0.237797 0.171975 -0.245682 0.236291 0.276176 0.931608 0.381131 
1533576644066 0.1742 0.931327 -0.319818 -0.602341 -0.955837 0.237998 0.172432 -0.245886 0.236706 0.275656 0.931656 0.381295 
1533576644091 0.17386 0.931437 -0.319684 -0.602331 -0.955877 0.237679 0.172651 -0.245872 0.236796 0.275561 0.931662 0.381365 
1533576644121 0.173577 0.931533 -0.319557 -0.602324 -0.9559 0.237422 0.172877 -0.245886 0.236911 0.275457 0.931663 0.381437 
1533576644135 0.173474 0.931568 -0.319513 -0.60232 -0.955912 0.237324 0.172942 -0.245899 0.236936 0.275425 0.931666 0.381465 
1533576644252 0.172991 0.931708 -0.319364 -0.602279 -0.95597 0.236877 0.173236 -0.245961 0.237055 0.275334 0.931663 0.381486 
1533576644268 0.173022 0.931705 -0.319358 -0.602277 -0.955959 0.236911 0.173249 -0.245952 0.237076 0.275317 0.931663 0.381487 
1533576644285 0.173138 0.931683 -0.319359 -0.602277 -0.95593 0.237029 0.173247 -0.245931 0.237109 0.275289 0.931663 0.38149 
1533576644302 0.173339 0.931646 -0.319359 -0.602282 -0.955876 0.237239 0.173261 -0.245888 0.237183 0.275234 0.93166 0.381495 
1533576644414 0.17274 0.931781 -0.319288 -0.602299 -0.956018 0.236623 0.173316 -0.245749 0.237044 0.275307 0.931674 0.381509 
1533576644432 0.1726 0.931795 -0.319322 -0.60228 -0.956055 0.236484 0.173304 -0.245847 0.236999 0.275377 0.931665 0.381513 
1533576644459 0.172601 0.931824 -0.319239 -0.602231 -0.956018 0.236512 0.173468 -0.245987 0.237145 0.275258 0.931663 0.381557 
1533576644511 0.172592 0.932055 -0.318569 -0.60212 -0.955957 0.236452 0.17389 -0.246068 0.237401 0.274526 0.931813 0.381727 
1533576644551 0.172368 0.932147 -0.318419 -0.602088 -0.955969 0.236245 0.174102 -0.246114 0.237513 0.274389 0.931825 0.381842 
1533576644564 0.172303 0.932177 -0.318367 -0.60207 -0.955974 0.236183 0.174159 -0.246146 0.23754 0.274343 0.931832 0.381878 
1533576644687 0.172122 0.932295 -0.318119 -0.601991 -0.955966 0.236013 0.174435 -0.24632 0.237705 0.274086 0.931865 0.381979 
1533576644704 0.172222 0.932284 -0.318098 -0.602004 -0.955937 0.236116 0.174455 -0.246255 0.237749 0.274036 0.931869 0.381971 
1533576644721 0.172297 0.932279 -0.318073 -0.602017 -0.955911 0.236195 0.174486 -0.246187 0.237797 0.273986 0.931871 0.381971 
1533576644737 0.172371 0.932279 -0.318032 -0.602032 -0.955884 0.236274 0.17453 -0.246077 0.237854 0.273918 0.931877 0.381981 
1533576644820 0.171777 0.932374 -0.318075 -0.602043 -0.956064 0.235638 0.174401 -0.246041 0.237558 0.274143 0.931886 0.381935 
1533576644844 0.171734 0.932421 -0.317959 -0.602001 -0.956122 0.235518 0.174245 -0.246194 0.237355 0.274084 0.931955 0.38195 
1533576644858 0.171814 0.93247 -0.317773 -0.601957 -0.956142 0.235519 0.174138 -0.246283 0.23722 0.273917 0.932039 0.381962 
1533576644917 0.172202 0.932579 -0.317243 -0.601781 -0.956176 0.235666 0.173752 -0.246678 0.236801 0.27342 0.932291 0.381999 
1533576644930 0.172203 0.932591 -0.317207 -0.601761 -0.956192 0.235641 0.173698 -0.246742 0.236736 0.273399 0.932314 0.381999 
1533576645074 0.17226 0.932863 -0.316374 -0.601631 -0.956329 0.23537 0.173309 -0.246943 0.236139 0.272703 0.932669 0.382171 
1533576645090 0.172361 0.932838 -0.316394 -0.601645 -0.956293 0.235489 0.173345 -0.246883 0.23621 0.272688 0.932656 0.382188 
1533576645107 0.172395 0.932802 -0.316481 -0.601667 -0.956265 0.235563 0.1734 -0.246815 0.236299 0.272747 0.932616 0.382201 
1533576645124 0.172317 0.932784 -0.316577 -0.60169 -0.956264 0.235525 0.173459 -0.246747 0.236361 0.272841 0.932572 0.38221 
1533576645180 0.172126 0.932792 -0.316656 -0.601712 -0.956292 0.235366 0.173516 -0.246676 0.236385 0.272949 0.932535 0.382193 
1533576645221 0.171908 0.932863 -0.316567 -0.601666 -0.956373 0.235097 0.173438 -0.246831 0.236217 0.272941 0.932579 0.382116 
1533576645236 0.171889 0.932925 -0.316393 -0.601621 -0.956405 0.235014 0.173374 -0.24692 0.236102 0.272799 0.93265 0.382102 
1533576645254 0.171963 0.932984 -0.316181 -0.601559 -0.956395 0.235039 0.173392 -0.247033 0.236086 0.272577 0.932719 0.38209 
1533576645283 0.172178 0.933019 -0.315959 -0.601472 -0.956334 0.235226 0.173474 -0.24719 0.236176 0.272294 0.932779 0.382079 
1533576645296 0.172257 0.933028 -0.315889 -0.601439 -0.956315 0.235294 0.17349 -0.247255 0.236198 0.272204 0.9328 0.382077 
1533576645423 0.172215 0.933318 -0.315054 -0.601294 -0.956434 0.234971 0.173273 -0.247497 0.235747 0.271488 0.933122 0.382189 
1533576645439 0.172256 0.933312 -0.315049 -0.601299 -0.956434 0.235 0.173233 -0.247488 0.235717 0.271483 0.933132 0.382203 
1533576645456 0.172261 0.933315 -0.315037 -0.601311 -0.956441 0.234993 0.1732 -0.247441 0.235682 0.271479 0.933142 0.38223 
1533576645473 0.172329 0.933267 -0.315142 -0.601336 -0.956411 0.235097 0.173228 -0.247393 0.235757 0.271553 0.933101 0.382243 
1533576645489 0.172357 0.933221 -0.315265 -0.601361 -0.956383 0.235173 0.173279 -0.247342 0.23585 0.271648 0.93305 0.382249 
1533576645564 0.17202 0.933246 -0.315373 -0.601366 -0.956402 0.234923 0.173511 -0.24727 0.236017 0.271776 0.93297 0.382168 
1533576645589 0.171834 0.933347 -0.315178 -0.601322 -0.956424 0.234725 0.17366 -0.247299 0.236065 0.271603 0.933009 0.382129 
1533576645605 0.17168 0.933453 -0.314946 -0.601258 -0.956422 0.23457 0.173876 -0.247388 0.236182 0.27137 0.933047 0.382081 
1533576645620 0.171688 0.933482 -0.314856 -0.601234 -0.956405 0.234579 0.173961 -0.24743 0.236248 0.271263 0.933061 0.382072 
1533576645743 0.171911 0.933533 -0.314583 -0.601141 -0.956298 0.234815 0.174231 -0.247659 0.236519 0.270883 0.933103 0.382124 
1533576645760 0.17187 0.933584 -0.314454 -0.601128 -0.956311 0.234746 0.174251 -0.247624 0.236494 0.270767 0.933143 0.382189 
1533576645776 0.17183 0.933622 -0.314362 -0.601122 -0.956319 0.234691 0.174283 -0.247582 0.236492 0.270683 0.933168 0.382235 
1533576645793 0.17183 0.933622 -0.314362 -0.601122 -0.956319 0.234691 0.174283 -0.247582 0.236492 0.270683 0.933168 0.382235 
1533576645810 0.17183 0.933622 -0.314362 -0.601122 -0.956319 0.234691 0.174283 -0.247582 0.236492 0.270683 0.933168 0.382235 
1533576645826 0.17183 0.933622 -0.314362 -0.601122 -0.956319 0.234691 0.174283 -0.247582 0.236492 0.270683 0.933168 0.382235 
1533576645973 0.171328 0.933538 -0.314887 -0.601216 -0.956383 0.234346 0.174396 -0.247487 0.236598 0.271274 0.932969 0.382116 
1533576645986 0.171156 0.933491 -0.31512 -0.601226 -0.956408 0.234233 0.174407 -0.247574 0.236619 0.271532 0.932889 0.382004 
1533576646003 0.171028 0.933402 -0.315452 -0.60124 -0.956406 0.234204 0.174461 -0.24769 0.236722 0.271863 0.932767 0.381831 
1533576646020 0.171031 0.933304 -0.31574 -0.601252 -0.956371 0.234299 0.174522 -0.247792 0.236859 0.272116 0.932658 0.38168 
1533576646150 0.17097 0.933042 -0.316548 -0.601296 -0.956299 0.23449 0.174665 -0.247936 0.237197 0.272852 0.932357 0.381405 
1533576646167 0.170886 0.933044 -0.316585 -0.601322 -0.95631 0.234421 0.174694 -0.24786 0.237211 0.2729 0.932339 0.381396 
1533576646183 0.170799 0.933057 -0.316595 -0.601341 -0.956324 0.234343 0.174723 -0.247796 0.237219 0.272924 0.93233 0.381393 
1533576646214 0.170811 0.933061 -0.316576 -0.601375 -0.956317 0.234356 0.17474 -0.247678 0.237235 0.2729 0.932333 0.381397 
1533576646260 0.170913 0.933127 -0.316325 -0.601328 -0.956339 0.234359 0.174616 -0.247728 0.237073 0.27267 0.932442 0.38144 
1533576646286 0.170872 0.9333 -0.315839 -0.601233 -0.956427 0.234137 0.174436 -0.247834 0.23675 0.27227 0.93264 0.381487 
1533576646301 0.170768 0.933383 -0.31565 -0.601186 -0.956487 0.233956 0.174349 -0.247903 0.236583 0.272141 0.932721 0.381501 
1533576646316 0.170705 0.933418 -0.31558 -0.601159 -0.956524 0.233854 0.174283 -0.247974 0.236479 0.272108 0.932757 0.381502 
1533576646333 0.170693 0.933418 -0.315586 -0.601129 -0.956552 0.233815 0.174183 -0.248109 0.236374 0.272142 0.932773 0.38149 
1533576646350 0.170799 0.93339 -0.315612 -0.601112 -0.956546 0.233903 0.174093 -0.248207 0.236319 0.272163 0.932781 0.38147 
1533576646473 0.170525 0.933419 -0.315673 -0.601076 -0.956793 0.233429 0.173375 -0.24847 0.235519 0.272469 0.932894 0.38122 
1533576646490 0.170558 0.933422 -0.315649 -0.601074 -0.95681 0.233428 0.17328 -0.248462 0.235424 0.272462 0.93292 0.381222 
1533576646506 0.170572 0.933429 -0.315618 -0.601077 -0.956824 0.233417 0.173219 -0.248451 0.235358 0.272444 0.932942 0.381241 
1533576646523 0.170705 0.933419 -0.315576 -0.601074 -0.956799 0.233535 0.173194 -0.248436 0.235361 0.272378 0.932961 0.381269 
1533576646539 0.170823 0.933412 -0.315535 -0.601069 -0.956769 0.23365 0.173209 -0.248414 0.2354 0.272306 0.932972 0.3813 
1533576646613 0.17067 0.933537 -0.315246 -0.601039 -0.956597 0.233682 0.174112 -0.248279 0.236207 0.271847 0.932901 0.381534 
1533576646627 0.170429 0.933595 -0.315206 -0.601035 -0.95659 0.233505 0.174388 -0.24824 0.23641 0.271802 0.932863 0.381552 
1533576646643 0.170161 0.933667 -0.315136 -0.601027 -0.956572 0.233315 0.174742 -0.2482 0.236677 0.271716 0.932821 0.381554 
1533576646660 0.169993 0.933757 -0.314961 -0.601001 -0.956549 0.233184 0.175039 -0.248187 0.236888 0.271521 0.932824 0.381555 
1533576646677 0.169922 0.933806 -0.314855 -0.600977 -0.956535 0.233128 0.175193 -0.248205 0.236998 0.2714 0.932831 0.38156 
1533576646806 0.169634 0.93394 -0.314613 -0.600869 -0.956533 0.232872 0.175541 -0.248375 0.237209 0.27116 0.932847 0.381614 
1533576646823 0.169618 0.933956 -0.314574 -0.600887 -0.95653 0.232857 0.17558 -0.24833 0.237234 0.271118 0.932853 0.38163 
1533576646840 0.169567 0.933981 -0.314527 -0.60091 -0.956532 0.232808 0.175633 -0.248264 0.237262 0.271073 0.932859 0.38165 
1533576646857 0.169634 0.933979 -0.314495 -0.60093 -0.956505 0.232881 0.175681 -0.248206 0.237322 0.271015 0.932861 0.381666 
1533576646873 0.169731 0.933973 -0.31446 -0.600948 -0.95647 0.232986 0.175732 -0.248132 0.237394 0.270945 0.932863 0.381683 
1533576646936 0.169732 0.933916 -0.314631 -0.600953 -0.956475 0.233014 0.175668 -0.248122 0.237373 0.27112 0.932817 0.381631 
1533576646949 0.169581 0.933927 -0.31468 -0.600942 -0.956527 0.232852 0.175603 -0.248174 0.237274 0.271221 0.932813 0.381602 
1533576646966 0.169479 0.933927 -0.314734 -0.600928 -0.956568 0.23274 0.175527 -0.248252 0.23718 0.271316 0.932809 0.381573 
1533576646983 0.169482 0.933911 -0.31478 -0.600913 -0.956585 0.232732 0.175446 -0.24835 0.237111 0.271379 0.932809 0.381546 
1533576646999 0.169537 0.933882 -0.314837 -0.600899 -0.956585 0.232783 0.175375 -0.248451 0.237069 0.271435 0.932803 0.381524 
1533576647143 0.16921 0.933982 -0.314716 -0.600847 -0.956672 0.232419 0.175387 -0.248582 0.236955 0.271403 0.932841 0.381365 
1533576647159 0.169197 0.933954 -0.314804 -0.600866 -0.956662 0.232437 0.175415 -0.248557 0.237001 0.271481 0.932807 0.381367 
1533576647176 0.169325 0.933904 -0.314885 -0.600884 -0.956616 0.2326 0.175449 -0.24852 0.237095 0.271516 0.932773 0.381371 
1533576647193 0.169409 0.933876 -0.314922 -0.600893 -0.956588 0.232701 0.175469 -0.248498 0.237149 0.271524 0.932757 0.381373 
1533576647209 0.169515 0.933846 -0.314953 -0.600902 -0.956557 0.232821 0.175482 -0.24848 0.237201 0.271524 0.932743 0.381383 
1533576647285 0.169085 0.933847 -0.315182 -0.600926 -0.956581 0.232518 0.175749 -0.248455 0.237408 0.271781 0.932616 0.381365 
1533576647298 0.168877 0.933859 -0.315258 -0.600925 -0.956581 0.232378 0.175932 -0.248449 0.237555 0.271859 0.932556 0.381339 
1533576647316 0.168663 0.933852 -0.315394 -0.600926 -0.956556 0.232275 0.176208 -0.248458 0.23781 0.271973 0.932458 0.381294 
1533576647332 0.168489 0.933815 -0.315596 -0.600928 -0.956504 0.232244 0.176531 -0.248501 0.238143 0.272125 0.932328 0.381233 
1533576647452 0.168575 0.933569 -0.316276 -0.600939 -0.956235 0.232743 0.177326 -0.248748 0.239158 0.272542 0.931947 0.381086 
1533576647469 0.168499 0.933571 -0.316313 -0.600957 -0.956245 0.232683 0.177354 -0.248702 0.239174 0.272588 0.931929 0.381081 
1533576647485 0.168435 0.933573 -0.31634 -0.600977 -0.95625 0.232635 0.17739 -0.248644 0.239198 0.272621 0.931913 0.38108 
1533576647502 0.168361 0.933583 -0.316351 -0.600997 -0.956261 0.232569 0.177415 -0.248585 0.239205 0.272645 0.931904 0.38108 
1533576647519 0.168423 0.933572 -0.316349 -0.601014 -0.956246 0.232632 0.177415 -0.248541 0.239223 0.272626 0.931905 0.38108 
1533576647535 0.16849 0.933577 -0.3163 -0.601024 -0.956256 0.23266 0.177321 -0.24851 0.239133 0.272587 0.93194 0.381088 
1533576647600 0.168343 0.933792 -0.315744 -0.600935 -0.956427 0.232252 0.176939 -0.248559 0.238556 0.272199 0.932201 0.381134 
1533576647613 0.16821 0.933852 -0.315636 -0.600902 -0.956483 0.232069 0.176874 -0.248608 0.238423 0.272149 0.93225 0.38114 
1533576647630 0.168115 0.933895 -0.315559 -0.60086 -0.956534 0.231925 0.176786 -0.248696 0.238286 0.272123 0.932292 0.381138 
1533576647647 0.168089 0.933893 -0.315579 -0.600836 -0.956554 0.231887 0.176729 -0.248777 0.238224 0.272162 0.932297 0.381119 
1533576647773 0.168119 0.933771 -0.315922 -0.600812 -0.95654 0.23199 0.176667 -0.249064 0.238258 0.272491 0.932192 0.380914 
1533576647790 0.168134 0.933766 -0.315931 -0.600818 -0.956534 0.23201 0.176674 -0.249045 0.238272 0.272494 0.932188 0.380906 
1533576647807 0.168115 0.933741 -0.316013 -0.600837 -0.956523 0.232023 0.176715 -0.248995 0.238329 0.272566 0.932152 0.3809 
1533576647823 0.168181 0.933706 -0.316081 -0.600853 -0.956493 0.232121 0.176753 -0.248951 0.238404 0.272603 0.932122 0.380898 
1533576647840 0.168249 0.933683 -0.316115 -0.600868 -0.956465 0.232209 0.176788 -0.248903 0.238469 0.272609 0.932103 0.380898 
1533576647857 0.16828 0.933676 -0.316118 -0.600875 -0.956454 0.232244 0.176799 -0.248883 0.238489 0.272601 0.932101 0.380899 
1533576647905 0.168109 0.933737 -0.316028 -0.600868 -0.956498 0.232052 0.176817 -0.248885 0.238435 0.272556 0.932128 0.380926 
1533576647918 0.167909 0.933801 -0.315946 -0.600853 -0.956551 0.231827 0.176825 -0.248899 0.238364 0.272527 0.932154 0.38094 
1533576647935 0.167734 0.933901 -0.315745 -0.600812 -0.956609 0.231593 0.176817 -0.248942 0.238254 0.272386 0.932224 0.380967 
1533576647952 0.16767 0.933949 -0.315637 -0.600784 -0.956628 0.231503 0.176829 -0.248975 0.23822 0.272299 0.932258 0.380983 
1533576648068 0.168083 0.933845 -0.315724 -0.600672 -0.956445 0.232035 0.177122 -0.249391 0.238663 0.272202 0.932173 0.380911 
1533576648085 0.168038 0.933847 -0.315743 -0.600686 -0.956453 0.231996 0.177132 -0.249365 0.238665 0.272229 0.932164 0.380906 
1533576648105 0.167949 0.933867 -0.31573 -0.600703 -0.956467 0.231911 0.177167 -0.249293 0.238672 0.27223 0.932162 0.38091 
1533576648125 0.167846 0.933867 -0.315785 -0.600731 -0.956482 0.231828 0.177192 -0.249218 0.238682 0.272302 0.932139 0.380928 
1533576648218 0.167562 0.933963 -0.315651 -0.600752 -0.956581 0.231479 0.177115 -0.249125 0.238485 0.272268 0.932199 0.38097 
1533576648231 0.167386 0.934059 -0.315461 -0.600714 -0.956649 0.231236 0.177068 -0.24916 0.238337 0.272147 0.932272 0.380979 
1533576648248 0.167286 0.93415 -0.315245 -0.60066 -0.956695 0.231068 0.177039 -0.249218 0.238224 0.271977 0.932351 0.380989 
1533576648264 0.167271 0.934201 -0.315101 -0.600614 -0.956692 0.231033 0.177101 -0.249267 0.238247 0.271831 0.932388 0.380993 
1533576648378 0.167131 0.934315 -0.314838 -0.600491 -0.956707 0.230861 0.177241 -0.249429 0.238283 0.271585 0.93245 0.380987 
1533576648394 0.167117 0.934309 -0.314862 -0.600505 -0.956706 0.230857 0.177253 -0.249402 0.238297 0.271608 0.932439 0.380986 
1533576648411 0.167109 0.934308 -0.314868 -0.600519 -0.956706 0.230853 0.177259 -0.249373 0.238303 0.271615 0.932436 0.380987 
1533576648428 0.167112 0.934294 -0.314909 -0.600543 -0.95671 0.230858 0.177233 -0.249334 0.238287 0.271659 0.932427 0.380986 
1533576648444 0.167223 0.934239 -0.315013 -0.600572 -0.956681 0.230993 0.17721 -0.249305 0.238323 0.271734 0.932396 0.380982 
1533576648518 0.166908 0.934201 -0.315294 -0.600613 -0.95675 0.230733 0.177176 -0.249283 0.238267 0.272085 0.932308 0.38092 
1533576648531 0.166645 0.934215 -0.315391 -0.60061 -0.956803 0.230497 0.1772 -0.249298 0.23824 0.272238 0.932271 0.380876 
1533576648548 0.166359 0.934214 -0.315547 -0.600598 -0.956851 0.230259 0.177249 -0.249337 0.238246 0.272444 0.932209 0.380806 
1533576648565 0.166192 0.934199 -0.315679 -0.600586 -0.956875 0.230132 0.177283 -0.249383 0.238265 0.272603 0.932157 0.380749 
1533576648581 0.166229 0.934143 -0.315825 -0.600572 -0.956851 0.230215 0.177304 -0.249452 0.238335 0.272724 0.932104 0.380689 
1533576648725 0.165711 0.934065 -0.316326 -0.600575 -0.956902 0.229867 0.17748 -0.249555 0.238491 0.273282 0.931901 0.380453 
1533576648742 0.165714 0.934062 -0.316333 -0.600593 -0.9569 0.229873 0.177483 -0.249519 0.238497 0.273288 0.931897 0.38045 
1533576648758 0.165695 0.934059 -0.316353 -0.600613 -0.956904 0.229858 0.177482 -0.249482 0.238495 0.273312 0.931891 0.380445 
1533576648775 0.1658 0.934036 -0.316366 -0.600626 -0.956883 0.229963 0.177459 -0.249459 0.238506 0.273303 0.931891 0.380442 
1533576648792 0.165909 0.934016 -0.316366 -0.600638 -0.95686 0.23007 0.177447 -0.249437 0.238525 0.273278 0.931893 0.380442 
1533576648868 0.165959 0.934036 -0.316283 -0.600603 -0.956898 0.230048 0.177269 -0.249521 0.238335 0.273231 0.931955 0.380482 
1533576648883 0.165801 0.934057 -0.316302 -0.600575 -0.956956 0.229868 0.177189 -0.249591 0.238212 0.273309 0.931964 0.380477 
1533576648899 0.165673 0.934105 -0.316227 -0.60053 -0.957017 0.229688 0.177091 -0.249674 0.238055 0.273296 0.932008 0.380475 
1533576648916 0.165601 0.934153 -0.316124 -0.60048 -0.957076 0.229548 0.176957 -0.249761 0.237871 0.273251 0.932068 0.380459 
1533576648931 0.165547 0.934173 -0.316092 -0.600442 -0.957118 0.229453 0.17685 -0.249833 0.237737 0.27326 0.9321 0.380436 
1533576649048 0.165111 0.93418 -0.316301 -0.600385 -0.957314 0.228944 0.17645 -0.249979 0.237251 0.273666 0.932105 0.380205 
1533576649065 0.16506 0.934174 -0.316344 -0.600397 -0.957333 0.228892 0.176414 -0.24996 0.23721 0.273728 0.932097 0.38018 
1533576649081 0.165016 0.93417 -0.316378 -0.600415 -0.957348 0.228849 0.17639 -0.249931 0.237181 0.273777 0.93209 0.38016 
1533576649098 0.164968 0.934157 -0.316442 -0.600438 -0.957359 0.228812 0.176377 -0.249894 0.23717 0.273852 0.932071 0.380142 
1533576649115 0.164952 0.934142 -0.316496 -0.600459 -0.957358 0.228811 0.176382 -0.24986 0.237183 0.273906 0.932051 0.380129 
1533576649131 0.165054 0.934116 -0.31652 -0.600476 -0.957324 0.228931 0.176414 -0.249831 0.237252 0.273894 0.932037 0.380132 
1533576649200 0.165227 0.934121 -0.316413 -0.600419 -0.957106 0.229291 0.177129 -0.249876 0.23801 0.273575 0.931938 0.38025 
1533576649219 0.165114 0.934153 -0.316379 -0.600368 -0.957055 0.229259 0.177445 -0.249951 0.238293 0.273494 0.931889 0.380289 
1533576649230 0.165053 0.934177 -0.316339 -0.600338 -0.957034 0.22923 0.177595 -0.249993 0.238419 0.273435 0.931874 0.380311 
1533576649247 0.165017 0.934241 -0.316169 -0.600278 -0.956997 0.229213 0.177813 -0.250063 0.23859 0.273231 0.93189 0.38035 
1533576649393 0.164615 0.934219 -0.316444 -0.600282 -0.956982 0.228984 0.178192 -0.250066 0.238931 0.273498 0.931725 0.380274 
1533576649410 0.164658 0.934189 -0.316509 -0.600317 -0.956954 0.22906 0.178241 -0.250003 0.239011 0.273536 0.931693 0.38027 
1533576649427 0.164722 0.934187 -0.316484 -0.600343 -0.956933 0.229127 0.178269 -0.249943 0.239051 0.273489 0.931696 0.380277 
1533576649443 0.164734 0.934194 -0.316457 -0.600356 -0.956928 0.229136 0.178284 -0.249907 0.239064 0.273457 0.931702 0.38028 
1533576649460 0.164781 0.934193 -0.316433 -0.600357 -0.95692 0.229176 0.178278 -0.249902 0.239065 0.273425 0.931712 0.380289 
1533576649489 0.164871 0.934214 -0.316326 -0.600326 -0.956914 0.229229 0.17824 -0.249948 0.239025 0.27331 0.931756 0.380305 
