1533576371472 0.260402 0.941813 -0.212553 -0.546652 -0.959853 0.276303 0.0483553 -0.227609 0.104271 0.191428 0.975952 0.338162 
1533576374477 0.260401 0.941813 -0.212553 -0.546652 -0.959854 0.276302 0.0483553 -0.227609 0.104271 0.191428 0.975952 0.338162 
1533576375337 0.253185 0.941245 -0.223507 -0.553864 -0.960247 0.272587 0.0601835 -0.230033 0.117573 0.199385 0.972842 0.343598 
1533576375857 0.247228 0.940162 -0.234463 -0.559963 -0.960227 0.270128 0.0706708 -0.232014 0.129777 0.207666 0.969553 0.346624 
1533576376346 0.240054 0.939195 -0.245532 -0.566682 -0.960244 0.266861 0.0819601 -0.234075 0.142499 0.216096 0.965917 0.35073 
1533576376827 0.233028 0.938073 -0.256353 -0.573445 -0.959903 0.264122 0.09394 -0.236274 0.155831 0.224184 0.962007 0.355119 
1533576377313 0.225717 0.936961 -0.266752 -0.58019 -0.95942 0.261303 0.10599 -0.23835 0.169011 0.232003 0.957919 0.359551 
1533576377804 0.218159 0.935755 -0.277071 -0.586906 -0.958851 0.258382 0.11766 -0.240473 0.181691 0.240002 0.953618 0.363951 
1533576378303 0.210572 0.934322 -0.287579 -0.593677 -0.958054 0.255734 0.129351 -0.242592 0.1944 0.248279 0.948982 0.368371 
1533576378802 0.202609 0.932779 -0.298115 -0.600108 -0.95713 0.252985 0.141072 -0.244541 0.207008 0.256753 0.944048 0.372714 
1533576379222 0.195108 0.931013 -0.30846 -0.603912 -0.955987 0.250796 0.152283 -0.245058 0.219138 0.265173 0.938969 0.377651 
1533576379322 0.194344 0.930861 -0.3094 -0.604302 -0.955998 0.250402 0.152865 -0.245015 0.21977 0.266078 0.938565 0.377884 
1533576379554 0.194443 0.930816 -0.309473 -0.604722 -0.955907 0.250592 0.153117 -0.245438 0.220075 0.266055 0.9385 0.377867 
1533576379777 0.193799 0.930631 -0.310433 -0.605771 -0.955732 0.25051 0.154339 -0.245922 0.221399 0.26678 0.937983 0.378219 
1533576379999 0.193053 0.93048 -0.311347 -0.606834 -0.955592 0.250306 0.155532 -0.246325 0.222652 0.267495 0.937482 0.378611 
1533576380222 0.191787 0.930406 -0.312351 -0.607965 -0.955551 0.249631 0.156864 -0.246616 0.22392 0.268383 0.936926 0.379033 
1533576380445 0.190956 0.930233 -0.313373 -0.609067 -0.955403 0.249394 0.158135 -0.24701 0.225256 0.269201 0.936371 0.379443 
1533576380763 0.189492 0.92978 -0.315599 -0.611161 -0.955059 0.249151 0.16058 -0.248055 0.227936 0.270987 0.935207 0.380148 
1533576380985 0.188253 0.929679 -0.316635 -0.612268 -0.954981 0.248544 0.161979 -0.248347 0.229286 0.271888 0.934615 0.380574 
1533576381189 0.187325 0.92955 -0.317562 -0.613212 -0.954876 0.248171 0.163165 -0.248687 0.23048 0.272668 0.934094 0.380938 
1533576381256 0.186955 0.929545 -0.317797 -0.613501 -0.954791 0.248048 0.163846 -0.248668 0.231131 0.272798 0.933895 0.381188 
1533576381272 0.186844 0.929565 -0.317803 -0.613537 -0.954798 0.247963 0.163934 -0.248627 0.231191 0.272808 0.933877 0.381215 
1533576381378 0.18689 0.929624 -0.317603 -0.613468 -0.954855 0.247893 0.163709 -0.248662 0.23092 0.272669 0.933985 0.381044 
1533576381409 0.187323 0.929708 -0.3171 -0.613359 -0.954807 0.248169 0.163569 -0.248756 0.230766 0.272129 0.93418 0.381002 
1533576381506 0.187803 0.929721 -0.316779 -0.613469 -0.954689 0.248594 0.163614 -0.248766 0.230865 0.271699 0.934281 0.380768 
1533576381553 0.187767 0.929867 -0.31637 -0.613608 -0.9547 0.248484 0.163719 -0.248755 0.230849 0.271298 0.934401 0.38071 
1533576381642 0.187904 0.92997 -0.315988 -0.613691 -0.954623 0.248605 0.163986 -0.248871 0.231058 0.270836 0.934484 0.380727 
1533576381687 0.188179 0.930005 -0.31572 -0.613776 -0.954565 0.248821 0.163991 -0.249011 0.23107 0.270515 0.934574 0.380686 
1533576381771 0.18813 0.930147 -0.315331 -0.613944 -0.954526 0.248763 0.164306 -0.248914 0.231272 0.270081 0.93465 0.380657 
1533576381825 0.188389 0.930239 -0.314905 -0.61403 -0.954457 0.248953 0.16442 -0.248988 0.231346 0.269588 0.934773 0.380619 
1533576381888 0.188617 0.930249 -0.314738 -0.614146 -0.954365 0.249194 0.164592 -0.249051 0.231542 0.26933 0.934799 0.380577 
1533576381905 0.188605 0.930275 -0.314669 -0.614173 -0.954358 0.249181 0.16465 -0.249032 0.231579 0.269253 0.934812 0.380573 
1533576382034 0.188281 0.930483 -0.314247 -0.614067 -0.954347 0.248887 0.165158 -0.249031 0.231888 0.268804 0.934865 0.380635 
1533576382082 0.188255 0.93063 -0.313828 -0.613995 -0.954232 0.248927 0.165759 -0.249116 0.232381 0.26826 0.934899 0.380574 
1533576382154 0.188184 0.930739 -0.313548 -0.614064 -0.954121 0.248954 0.166357 -0.249228 0.232894 0.267857 0.934887 0.380485 
1533576382200 0.188089 0.930895 -0.313139 -0.614091 -0.954066 0.248876 0.166789 -0.249288 0.233196 0.267384 0.934947 0.380493 
1533576382268 0.188036 0.931068 -0.312657 -0.614145 -0.953949 0.248885 0.167441 -0.24934 0.233715 0.266774 0.934991 0.380515 
1533576382326 0.187708 0.931282 -0.312217 -0.614172 -0.953878 0.248651 0.168195 -0.249337 0.23427 0.266246 0.935003 0.380493 
1533576382374 0.187712 0.931421 -0.311801 -0.614163 -0.953795 0.248672 0.168631 -0.249408 0.234603 0.265741 0.935063 0.380452 
1533576382428 0.187729 0.93153 -0.311465 -0.614166 -0.953716 0.248713 0.169017 -0.249495 0.23491 0.26532 0.935106 0.380408 
1533576382445 0.187759 0.931573 -0.311317 -0.614167 -0.953673 0.248757 0.169199 -0.249524 0.235064 0.265126 0.935122 0.380399 
1533576382461 0.187789 0.93158 -0.311278 -0.614178 -0.953633 0.248816 0.169335 -0.249549 0.2352 0.265046 0.935111 0.380392 
1533576382478 0.187814 0.931571 -0.311291 -0.614197 -0.953608 0.248865 0.169407 -0.249581 0.235284 0.265033 0.935093 0.380389 
1533576382494 0.187818 0.931569 -0.311293 -0.614199 -0.953605 0.248871 0.16941 -0.249586 0.235289 0.265032 0.935092 0.380389 
1533576382616 0.187826 0.931717 -0.310846 -0.614166 -0.953821 0.248552 0.168663 -0.249448 0.234408 0.264812 0.935376 0.380477 
1533576382636 0.187945 0.9318 -0.310525 -0.614162 -0.953848 0.24855 0.168515 -0.249464 0.234204 0.264522 0.935509 0.380459 
1533576382664 0.188128 0.931904 -0.3101 -0.614162 -0.953834 0.248622 0.16849 -0.249476 0.234114 0.264086 0.935654 0.380449 
1533576382741 0.188294 0.932019 -0.309653 -0.614203 -0.953857 0.248635 0.16834 -0.249502 0.233887 0.263667 0.935829 0.380464 
1533576382764 0.188255 0.932157 -0.309263 -0.61418 -0.953919 0.248466 0.168236 -0.249517 0.233664 0.263341 0.935977 0.380489 
1533576382784 0.188266 0.932252 -0.30897 -0.614165 -0.953954 0.248381 0.168163 -0.24953 0.233513 0.263084 0.936087 0.380505 
1533576382801 0.188268 0.932302 -0.308819 -0.614165 -0.953973 0.248334 0.168125 -0.249534 0.233433 0.262952 0.936144 0.380513 
1533576382818 0.188258 0.932319 -0.308773 -0.614176 -0.953981 0.248309 0.168113 -0.249532 0.233406 0.262915 0.936161 0.380517 
1533576382834 0.188258 0.932335 -0.308723 -0.61419 -0.953988 0.248293 0.168101 -0.24953 0.23338 0.262871 0.93618 0.380519 
1533576382851 0.188268 0.932348 -0.30868 -0.6142 -0.953992 0.248288 0.168087 -0.249533 0.233357 0.262833 0.936196 0.380519 
1533576382868 0.188277 0.932358 -0.308644 -0.614208 -0.953996 0.248283 0.16807 -0.249536 0.233332 0.262801 0.936211 0.380519 
1533576382884 0.188271 0.93236 -0.30864 -0.614214 -0.953998 0.248276 0.168066 -0.249533 0.233326 0.2628 0.936213 0.380514 
1533576382901 0.188257 0.932362 -0.308642 -0.614219 -0.954003 0.248261 0.168064 -0.249527 0.233321 0.262806 0.936213 0.380511 
1533576382918 0.188222 0.932373 -0.30863 -0.614213 -0.954012 0.248223 0.168068 -0.249515 0.233311 0.262802 0.936216 0.380515 
1533576382934 0.188129 0.932385 -0.30865 -0.614193 -0.954039 0.248129 0.168054 -0.249495 0.233276 0.262848 0.936212 0.380528 
1533576382981 0.187701 0.932356 -0.308999 -0.61414 -0.954231 0.247665 0.167645 -0.249545 0.232833 0.263389 0.93617 0.380589 
1533576382998 0.187483 0.932355 -0.309135 -0.614124 -0.954333 0.247416 0.167431 -0.249591 0.23259 0.263627 0.936164 0.380622 
1533576383083 0.187523 0.932371 -0.309061 -0.614058 -0.954341 0.247423 0.167375 -0.2497 0.232525 0.263563 0.936198 0.380727 
1533576383141 0.187239 0.93246 -0.308964 -0.614079 -0.954142 0.247425 0.168504 -0.249619 0.233568 0.263246 0.936028 0.380626 
1533576383210 0.186912 0.932419 -0.309286 -0.614059 -0.954039 0.247363 0.169178 -0.249798 0.234251 0.263449 0.9358 0.380613 
1533576383281 0.186763 0.93227 -0.309825 -0.613989 -0.953936 0.247468 0.169602 -0.250131 0.234787 0.263878 0.935544 0.380721 
1533576383330 0.186384 0.932288 -0.309999 -0.613935 -0.953973 0.247184 0.16981 -0.250289 0.234939 0.264081 0.935449 0.38075 
1533576383418 0.185783 0.932318 -0.310269 -0.613917 -0.953983 0.246785 0.170331 -0.250344 0.235373 0.264347 0.935265 0.38079 
1533576383464 0.18533 0.932329 -0.310508 -0.613861 -0.954026 0.246452 0.170575 -0.250494 0.235558 0.26462 0.935141 0.380786 
1533576383554 0.185005 0.932256 -0.310921 -0.613782 -0.953955 0.246371 0.171088 -0.250726 0.2361 0.264952 0.93491 0.380808 
1533576383589 0.184586 0.932269 -0.311131 -0.613769 -0.953995 0.24606 0.17131 -0.250786 0.236264 0.265196 0.9348 0.380812 
1533576383604 0.184458 0.93226 -0.311235 -0.613763 -0.953993 0.245989 0.171426 -0.250819 0.236374 0.265295 0.934744 0.380823 
1533576383621 0.184383 0.932262 -0.311273 -0.613751 -0.953989 0.245946 0.17151 -0.250853 0.236448 0.265328 0.934716 0.38084 
1533576383759 0.184128 0.93221 -0.311578 -0.613664 -0.954001 0.245803 0.171647 -0.251046 0.236597 0.265641 0.934589 0.380855 
1533576383825 0.183491 0.932188 -0.312021 -0.613615 -0.954152 0.245252 0.171599 -0.251206 0.236486 0.266228 0.93445 0.380802 
1533576383914 0.182762 0.932227 -0.31233 -0.61352 -0.954209 0.244714 0.172048 -0.251338 0.236819 0.266584 0.934264 0.380916 
1533576383966 0.182273 0.932225 -0.312623 -0.613457 -0.954256 0.244359 0.172292 -0.251496 0.237007 0.266918 0.934121 0.380977 
1533576384058 0.181675 0.932174 -0.313122 -0.613389 -0.954318 0.243946 0.172534 -0.251674 0.237216 0.267473 0.933909 0.380971 
1533576384118 0.181273 0.932135 -0.313473 -0.613273 -0.954377 0.243651 0.172623 -0.25194 0.237286 0.26788 0.933775 0.380957 
1533576384210 0.180676 0.932126 -0.313843 -0.61322 -0.954404 0.243254 0.173033 -0.252073 0.237632 0.26827 0.933575 0.381048 
1533576384240 0.180233 0.932146 -0.314037 -0.613212 -0.954465 0.242898 0.173198 -0.252098 0.237724 0.268521 0.933479 0.381065 
1533576384257 0.18005 0.932148 -0.314136 -0.613195 -0.95449 0.242755 0.173262 -0.252135 0.237764 0.268644 0.933434 0.381071 
1533576384273 0.179925 0.932148 -0.314208 -0.613177 -0.954506 0.242658 0.173305 -0.252175 0.237791 0.268732 0.933402 0.381075 
1533576384290 0.179947 0.932124 -0.314268 -0.613157 -0.954488 0.242707 0.17334 -0.252218 0.237849 0.268773 0.933375 0.38108 
1533576384307 0.179984 0.932109 -0.314291 -0.613144 -0.954473 0.242755 0.173356 -0.252244 0.237882 0.268781 0.933364 0.381085 
1533576384335 0.180069 0.9321 -0.314268 -0.613122 -0.954455 0.242833 0.173344 -0.252276 0.237889 0.268741 0.933374 0.381086 
1533576384367 0.180215 0.932103 -0.314177 -0.613106 -0.954455 0.242922 0.17322 -0.252289 0.23778 0.268651 0.933428 0.381052 
1533576384433 0.180359 0.932255 -0.313642 -0.612964 -0.954598 0.242767 0.172649 -0.25241 0.237094 0.268263 0.933714 0.380855 
1533576384450 0.180203 0.932288 -0.313633 -0.612915 -0.954676 0.242563 0.172505 -0.252501 0.2369 0.268332 0.933743 0.380807 
1533576384466 0.180104 0.932313 -0.313617 -0.612858 -0.954739 0.242416 0.172362 -0.252604 0.236721 0.268379 0.933775 0.380766 
1533576384503 0.180113 0.932314 -0.313607 -0.612742 -0.954803 0.242348 0.172103 -0.252828 0.236456 0.268435 0.933826 0.380697 
1533576384520 0.180169 0.932309 -0.31359 -0.612688 -0.954817 0.242369 0.171991 -0.252927 0.236353 0.268434 0.933853 0.380671 
1533576384537 0.180172 0.932323 -0.313547 -0.612645 -0.954842 0.242335 0.171901 -0.253005 0.236251 0.268416 0.933883 0.380652 
1533576384553 0.180134 0.932342 -0.313513 -0.612619 -0.954865 0.242276 0.17186 -0.253043 0.236189 0.268404 0.933903 0.380642 
1533576384631 0.17988 0.932399 -0.31349 -0.612578 -0.954868 0.242082 0.172112 -0.252998 0.236368 0.268382 0.933864 0.380592 
1533576384717 0.179823 0.932464 -0.313328 -0.612381 -0.954589 0.242328 0.173315 -0.252879 0.237538 0.267934 0.933695 0.380425 
1533576384759 0.179922 0.932463 -0.313274 -0.612232 -0.954512 0.242476 0.17353 -0.252967 0.237772 0.267802 0.933674 0.380354 
1533576384801 0.179944 0.932492 -0.313176 -0.612091 -0.954459 0.242533 0.17374 -0.253069 0.237966 0.267651 0.933668 0.380331 
1533576384832 0.179942 0.932528 -0.31307 -0.611959 -0.954427 0.242548 0.173894 -0.253192 0.238095 0.267512 0.933675 0.38031 
1533576384866 0.180042 0.932569 -0.312888 -0.611788 -0.954382 0.242639 0.174018 -0.25338 0.238203 0.267284 0.933712 0.380288 
1533576384882 0.180069 0.932597 -0.312789 -0.611722 -0.954363 0.24266 0.174088 -0.253435 0.238255 0.267167 0.933732 0.380276 
1533576384899 0.180092 0.932614 -0.312726 -0.611675 -0.954336 0.242696 0.174188 -0.253457 0.238348 0.267075 0.933735 0.380256 
1533576384916 0.180047 0.932623 -0.312725 -0.611649 -0.954318 0.242683 0.174307 -0.253445 0.238455 0.267056 0.933713 0.380229 
1533576385106 0.179636 0.932734 -0.312631 -0.611594 -0.954342 0.242337 0.174653 -0.253376 0.238667 0.266983 0.93368 0.380155 
1533576385140 0.179085 0.93295 -0.312302 -0.611437 -0.954347 0.241866 0.175278 -0.253335 0.239061 0.266655 0.933673 0.380093 
1533576385187 0.178758 0.9331 -0.312043 -0.611245 -0.95431 0.241619 0.175822 -0.253357 0.239455 0.266356 0.933657 0.380016 
1533576385278 0.178587 0.933208 -0.311818 -0.610885 -0.954172 0.241603 0.176587 -0.253718 0.240129 0.265992 0.933588 0.379887 
1533576385312 0.178216 0.933391 -0.311481 -0.610739 -0.954157 0.241283 0.177107 -0.253675 0.240465 0.265639 0.933602 0.379856 
1533576385366 0.177803 0.933615 -0.311046 -0.610532 -0.954157 0.240895 0.177633 -0.253645 0.24077 0.265203 0.933647 0.379818 
1533576385382 0.177723 0.933652 -0.31098 -0.610473 -0.954162 0.240819 0.17771 -0.253672 0.240809 0.265142 0.933655 0.379799 
1533576385399 0.177684 0.933667 -0.310957 -0.610433 -0.954157 0.240791 0.177773 -0.253707 0.240857 0.265115 0.93365 0.379777 
1533576385416 0.177699 0.933666 -0.310952 -0.610404 -0.954141 0.240819 0.177821 -0.253738 0.240909 0.265093 0.933643 0.379759 
1533576385517 0.177605 0.933618 -0.311151 -0.610366 -0.954232 0.240687 0.177514 -0.253764 0.24062 0.265383 0.933635 0.379822 
1533576385560 0.177322 0.933634 -0.311263 -0.61028 -0.954363 0.240356 0.17726 -0.253684 0.240309 0.265626 0.933646 0.379845 
1533576385611 0.177281 0.933662 -0.311202 -0.610086 -0.954418 0.240252 0.177102 -0.253737 0.24012 0.26562 0.933696 0.379799 
1533576385659 0.177255 0.933687 -0.311142 -0.609904 -0.954472 0.240162 0.176931 -0.253804 0.239923 0.265615 0.933748 0.379759 
1533576385704 0.17725 0.933717 -0.311055 -0.609703 -0.954509 0.240101 0.176817 -0.253894 0.239782 0.265564 0.933799 0.379755 
1533576385752 0.177132 0.933781 -0.310929 -0.609482 -0.954554 0.23994 0.176791 -0.254033 0.239689 0.265483 0.933846 0.3798 
1533576385806 0.176925 0.933837 -0.310879 -0.609298 -0.954597 0.239731 0.176845 -0.254096 0.239672 0.265476 0.933852 0.379785 
1533576385822 0.176824 0.933862 -0.310861 -0.609248 -0.95462 0.239627 0.17686 -0.254096 0.239654 0.265481 0.933855 0.379776 
1533576385839 0.176738 0.933889 -0.310831 -0.609202 -0.954641 0.239534 0.176871 -0.254092 0.239633 0.265472 0.933863 0.379775 
1533576385856 0.176661 0.933913 -0.3108 -0.609174 -0.954658 0.239453 0.17689 -0.254066 0.239622 0.265459 0.93387 0.379776 
1533576385872 0.176617 0.933926 -0.310787 -0.609166 -0.954668 0.239408 0.176901 -0.254043 0.239617 0.265454 0.933872 0.379773 
1533576386002 0.176189 0.933973 -0.31089 -0.609046 -0.954743 0.239028 0.177009 -0.254064 0.239633 0.265633 0.933818 0.379691 
1533576386030 0.175915 0.934043 -0.310832 -0.60887 -0.954764 0.238792 0.177215 -0.254066 0.23975 0.265596 0.933798 0.379691 
1533576386081 0.175693 0.933939 -0.311271 -0.608722 -0.954727 0.238751 0.177466 -0.254146 0.240058 0.265999 0.933604 0.379624 
1533576386146 0.17554 0.93393 -0.311385 -0.608521 -0.954716 0.238672 0.177633 -0.254241 0.240216 0.266103 0.933534 0.379561 
1533576386175 0.17528 0.934012 -0.311284 -0.608388 -0.954762 0.23841 0.177737 -0.2542 0.240222 0.266048 0.933548 0.379582 
1533576386229 0.175027 0.934081 -0.311221 -0.608215 -0.9548 0.238168 0.177855 -0.254206 0.240254 0.266024 0.933546 0.379584 
1533576386245 0.174966 0.934085 -0.311243 -0.608168 -0.954809 0.238117 0.177875 -0.254237 0.240263 0.266055 0.933535 0.379569 
1533576386262 0.174921 0.934088 -0.31126 -0.60813 -0.954817 0.238078 0.177884 -0.254267 0.240264 0.266081 0.933528 0.379557 
1533576386279 0.174871 0.934094 -0.31127 -0.6081 -0.954828 0.238032 0.177891 -0.254289 0.240259 0.266101 0.933523 0.379549 
1533576386295 0.174804 0.934104 -0.311277 -0.608089 -0.954841 0.237968 0.177901 -0.254288 0.240252 0.266122 0.933519 0.37954 
1533576386422 0.174687 0.934023 -0.311586 -0.608086 -0.954768 0.238021 0.178222 -0.254237 0.240628 0.266359 0.933355 0.379489 
1533576386483 0.174616 0.934036 -0.311586 -0.607791 -0.954663 0.238085 0.178702 -0.254286 0.241098 0.266255 0.933263 0.379583 
1533576386553 0.174717 0.933937 -0.311827 -0.607611 -0.954533 0.238349 0.179041 -0.254426 0.241536 0.266368 0.933118 0.379548 
1533576386583 0.174439 0.933969 -0.311886 -0.607518 -0.954548 0.238138 0.179242 -0.254385 0.241679 0.266443 0.933059 0.379549 
1533576386640 0.173976 0.934016 -0.312003 -0.607389 -0.954572 0.237791 0.179576 -0.254289 0.241919 0.266587 0.932956 0.379535 
1533576386657 0.173855 0.934024 -0.312048 -0.607345 -0.954575 0.237708 0.179673 -0.254272 0.241995 0.266636 0.932922 0.379523 
1533576386673 0.17377 0.93403 -0.312076 -0.607312 -0.954576 0.237648 0.179745 -0.25426 0.242051 0.266666 0.932899 0.379516 
1533576386694 0.173741 0.934018 -0.31213 -0.607286 -0.954562 0.237653 0.179813 -0.25427 0.242127 0.266706 0.932868 0.379501 
1533576386772 0.174088 0.933917 -0.312237 -0.607295 -0.954485 0.238015 0.179743 -0.254453 0.242182 0.266735 0.932845 0.379495 
1533576386833 0.17371 0.933976 -0.312272 -0.607159 -0.954504 0.23772 0.18003 -0.254507 0.242378 0.266792 0.932778 0.379465 
1533576386856 0.173486 0.93401 -0.312293 -0.607033 -0.954496 0.237568 0.180276 -0.254513 0.242571 0.266807 0.932724 0.379431 
1533576386878 0.17336 0.934021 -0.31233 -0.606906 -0.954473 0.237506 0.180476 -0.254556 0.242749 0.266824 0.932672 0.379399 
1533576386922 0.173208 0.934014 -0.312436 -0.606775 -0.95442 0.237472 0.180802 -0.254607 0.243066 0.266879 0.932574 0.379334 
1533576386982 0.172843 0.934055 -0.312516 -0.606612 -0.954401 0.237237 0.181211 -0.254594 0.243401 0.266945 0.932468 0.379328 
1533576386999 0.17268 0.934078 -0.312537 -0.606573 -0.954406 0.237114 0.181342 -0.254555 0.243495 0.266973 0.932435 0.379332 
1533576387016 0.172521 0.934106 -0.312543 -0.60653 -0.954415 0.236988 0.181463 -0.25452 0.243574 0.26699 0.93241 0.379339 
1533576387032 0.172403 0.934125 -0.312551 -0.606501 -0.95443 0.236884 0.181517 -0.254502 0.243598 0.267014 0.932397 0.379344 
1533576387049 0.172377 0.934116 -0.31259 -0.606488 -0.954431 0.236872 0.181529 -0.254523 0.243613 0.267055 0.932381 0.379343 
1533576387065 0.172463 0.934076 -0.312663 -0.606488 -0.954415 0.236968 0.181488 -0.25459 0.243615 0.26711 0.932365 0.379333 
1533576387186 0.172299 0.933998 -0.312988 -0.606444 -0.95449 0.236827 0.181278 -0.254609 0.243437 0.26751 0.932297 0.379328 
1533576387210 0.172091 0.934005 -0.313081 -0.606334 -0.954501 0.236678 0.181415 -0.254562 0.243542 0.267616 0.932239 0.379359 
1533576387235 0.171971 0.933995 -0.313177 -0.606225 -0.954502 0.236607 0.181502 -0.254586 0.243622 0.267715 0.932189 0.37936 
1533576387305 0.171694 0.933948 -0.313469 -0.606076 -0.954518 0.236439 0.181636 -0.25473 0.243755 0.268027 0.932065 0.379264 
1533576387355 0.171222 0.933972 -0.313653 -0.605942 -0.954552 0.236088 0.181917 -0.254612 0.243956 0.26825 0.931948 0.379255 
1533576387372 0.171098 0.933991 -0.313666 -0.605895 -0.954563 0.235985 0.181991 -0.254578 0.243999 0.268275 0.93193 0.379268 
1533576387389 0.171066 0.933996 -0.313669 -0.605878 -0.954565 0.23596 0.182015 -0.254572 0.244015 0.268281 0.931924 0.379273 
1533576387405 0.171063 0.933979 -0.313721 -0.605847 -0.954549 0.235985 0.182062 -0.254598 0.244076 0.268318 0.931897 0.379272 
1533576387422 0.171114 0.933956 -0.313762 -0.605842 -0.954533 0.236049 0.182065 -0.254633 0.244104 0.268342 0.931883 0.379266 
1533576387438 0.171225 0.933926 -0.31379 -0.605842 -0.954514 0.236158 0.182025 -0.254694 0.244102 0.26835 0.931881 0.379266 
1533576387571 0.171086 0.934008 -0.313622 -0.605759 -0.954755 0.235757 0.181278 -0.254495 0.243253 0.268418 0.932083 0.379197 
1533576387593 0.170951 0.934049 -0.313573 -0.605672 -0.954828 0.235566 0.181143 -0.254425 0.243063 0.268441 0.932126 0.379201 
1533576387614 0.170833 0.934049 -0.313638 -0.60559 -0.954888 0.235424 0.181009 -0.254412 0.242909 0.268567 0.93213 0.379197 
1533576387654 0.17098 0.933945 -0.313866 -0.605484 -0.954914 0.235548 0.180708 -0.25455 0.242702 0.268818 0.932112 0.379143 
1533576387671 0.171048 0.933905 -0.313948 -0.605451 -0.954916 0.235613 0.180614 -0.254597 0.242647 0.2689 0.932102 0.379112 
1533576387691 0.171079 0.93387 -0.314037 -0.605424 -0.954926 0.235642 0.180527 -0.254617 0.242589 0.268998 0.93209 0.37908 
1533576387708 0.171046 0.933863 -0.314076 -0.605406 -0.954936 0.235614 0.180508 -0.254596 0.24257 0.269047 0.93208 0.379075 
1533576387724 0.170971 0.933883 -0.314056 -0.605393 -0.954949 0.23554 0.180535 -0.254552 0.242572 0.269042 0.932081 0.37909 
1533576387741 0.170867 0.933923 -0.313995 -0.605381 -0.954969 0.235429 0.180574 -0.254502 0.242565 0.269002 0.932094 0.37911 
1533576387761 0.170759 0.933979 -0.313886 -0.605368 -0.954997 0.235296 0.180599 -0.254449 0.242532 0.268921 0.932126 0.379126 
1533576387778 0.170713 0.934016 -0.313802 -0.605357 -0.955012 0.23523 0.180609 -0.254426 0.242507 0.268853 0.932153 0.379131 
1533576387818 0.170602 0.934226 -0.313236 -0.605289 -0.955088 0.234953 0.180566 -0.254432 0.242286 0.268363 0.932351 0.379154 
1533576387834 0.170564 0.934283 -0.313088 -0.605268 -0.955087 0.234898 0.180645 -0.254414 0.242317 0.268214 0.932386 0.379159 
1533576387851 0.17046 0.934338 -0.312979 -0.605241 -0.955103 0.234781 0.180709 -0.254371 0.242324 0.268123 0.93241 0.379164 
1533576387868 0.170286 0.934411 -0.312855 -0.605184 -0.955148 0.234578 0.180735 -0.254308 0.24227 0.268047 0.932446 0.379162 
1533576387884 0.170128 0.934471 -0.312763 -0.605131 -0.955191 0.234395 0.180745 -0.25425 0.242211 0.267999 0.932476 0.37916 
1533576387901 0.170034 0.934503 -0.312718 -0.605097 -0.95522 0.234284 0.180735 -0.25422 0.242163 0.267984 0.932492 0.379158 
1533576387918 0.169945 0.934531 -0.312684 -0.605061 -0.955253 0.234174 0.180704 -0.254196 0.242096 0.267983 0.93251 0.379155 
1533576387934 0.16995 0.934522 -0.312708 -0.60505 -0.955259 0.234176 0.180668 -0.254207 0.242067 0.268013 0.932509 0.379145 
1533576387954 0.170045 0.934481 -0.312778 -0.60506 -0.955255 0.234265 0.180576 -0.25426 0.242018 0.268077 0.932503 0.379126 
1533576387998 0.170241 0.934365 -0.313018 -0.605093 -0.955247 0.234466 0.180356 -0.254392 0.24191 0.268306 0.932465 0.379073 
1533576388015 0.17025 0.93436 -0.313028 -0.605083 -0.955256 0.234465 0.180309 -0.254406 0.241868 0.268324 0.932471 0.379067 
1533576388033 0.170219 0.934385 -0.31297 -0.605045 -0.955277 0.234408 0.180273 -0.254406 0.241807 0.268287 0.932497 0.379075 
1533576388048 0.170156 0.93442 -0.312901 -0.605003 -0.955296 0.234326 0.180279 -0.254385 0.241777 0.268237 0.932519 0.379087 
1533576388065 0.17008 0.934487 -0.312742 -0.604934 -0.955324 0.234208 0.180285 -0.254359 0.24172 0.268107 0.932572 0.37912 
1533576388081 0.170031 0.934573 -0.31251 -0.604872 -0.955357 0.23409 0.180264 -0.254348 0.241626 0.267908 0.932653 0.379152 
1533576388098 0.16995 0.934641 -0.31235 -0.604828 -0.955375 0.233979 0.180313 -0.254331 0.241612 0.267767 0.932698 0.379174 
1533576388115 0.169904 0.934671 -0.312286 -0.604804 -0.955379 0.233928 0.180359 -0.254327 0.241628 0.267708 0.93271 0.379182 
1533576388187 0.169506 0.934719 -0.312359 -0.604691 -0.955407 0.233614 0.180613 -0.254368 0.241794 0.267815 0.932636 0.379134 
1533576388202 0.169305 0.934743 -0.312396 -0.604634 -0.955426 0.233451 0.180727 -0.25433 0.241863 0.267873 0.932602 0.379121 
1533576388235 0.169015 0.934778 -0.312447 -0.604517 -0.95545 0.233218 0.1809 -0.254295 0.241969 0.267952 0.932552 0.379107 
1533576388250 0.168918 0.934791 -0.312462 -0.604434 -0.955455 0.233143 0.180969 -0.254318 0.242016 0.267974 0.932533 0.3791 
1533576388267 0.168907 0.93478 -0.3125 -0.604377 -0.955448 0.233149 0.180997 -0.25437 0.242051 0.268006 0.932515 0.379087 
1533576388284 0.168906 0.934766 -0.312545 -0.604348 -0.95544 0.233166 0.181019 -0.254407 0.242085 0.268042 0.932496 0.379069 
1533576388300 0.168896 0.934756 -0.312579 -0.604335 -0.955436 0.23317 0.181037 -0.254428 0.24211 0.268072 0.932481 0.379055 
1533576388317 0.168884 0.934762 -0.312568 -0.604333 -0.955438 0.233156 0.18104 -0.254428 0.242106 0.268065 0.932484 0.37906 
1533576388333 0.168862 0.93478 -0.312526 -0.604337 -0.955448 0.233121 0.181037 -0.254417 0.242086 0.268032 0.932498 0.379079 
1533576388350 0.168844 0.934794 -0.312495 -0.604359 -0.955456 0.233093 0.181031 -0.254403 0.242067 0.268009 0.93251 0.37909 
1533576388367 0.168835 0.934794 -0.312498 -0.604394 -0.955458 0.233085 0.181029 -0.254393 0.242063 0.268015 0.932509 0.379085 
1533576388431 0.168863 0.934868 -0.312262 -0.604394 -0.955476 0.233039 0.180991 -0.254471 0.241972 0.267797 0.932596 0.379066 
1533576388474 0.168563 0.934985 -0.312074 -0.604182 -0.95553 0.23272 0.181118 -0.254598 0.241969 0.267666 0.932634 0.379061 
1533576388491 0.168423 0.935013 -0.312064 -0.604126 -0.95554 0.232602 0.181217 -0.254609 0.242027 0.267669 0.932618 0.379045 
1533576388508 0.168301 0.935034 -0.312068 -0.604087 -0.955548 0.232503 0.181302 -0.254609 0.24208 0.267683 0.9326 0.379032 
1533576388524 0.16825 0.935039 -0.31208 -0.604037 -0.955527 0.23249 0.18143 -0.254599 0.242199 0.267675 0.932571 0.379014 
1533576388581 0.168488 0.934974 -0.312147 -0.604073 -0.955489 0.232724 0.181331 -0.254656 0.242184 0.267701 0.932568 0.379009 
1533576388594 0.168674 0.934932 -0.312171 -0.604116 -0.955465 0.232893 0.181238 -0.254641 0.242148 0.267698 0.932578 0.37903 
1533576388611 0.168874 0.934868 -0.312254 -0.604176 -0.955457 0.233067 0.181056 -0.254619 0.24204 0.26777 0.932586 0.379069 
1533576388645 0.169034 0.934799 -0.312374 -0.604236 -0.955516 0.233145 0.180647 -0.25456 0.241697 0.267943 0.932625 0.379128 
1533576388678 0.168971 0.934832 -0.31231 -0.604214 -0.95562 0.23297 0.180322 -0.254483 0.24133 0.267981 0.932709 0.379136 
1533576388699 0.168855 0.934873 -0.312252 -0.604178 -0.955678 0.232808 0.180224 -0.254398 0.241181 0.267981 0.932747 0.379129 
1533576388743 0.16874 0.934908 -0.312207 -0.604076 -0.955766 0.232616 0.180004 -0.254317 0.240912 0.268023 0.932805 0.379107 
1533576388759 0.168767 0.934906 -0.312199 -0.604032 -0.955784 0.232613 0.179909 -0.254326 0.240819 0.268032 0.932826 0.379101 
1533576388776 0.168775 0.934907 -0.312192 -0.604 -0.955801 0.232601 0.17984 -0.254335 0.240749 0.268041 0.932842 0.379098 
1533576388793 0.168797 0.934908 -0.312176 -0.603947 -0.955825 0.232587 0.179729 -0.254351 0.240638 0.268048 0.932869 0.379094 
1533576388809 0.168832 0.934901 -0.312178 -0.603921 -0.955833 0.232604 0.179662 -0.254373 0.24058 0.268058 0.932881 0.379087 
1533576388826 0.168917 0.934878 -0.312203 -0.603916 -0.955822 0.232684 0.179616 -0.254417 0.240564 0.268071 0.932881 0.379083 
1533576388915 0.169352 0.934752 -0.312343 -0.604085 -0.955826 0.233031 0.179144 -0.254532 0.240241 0.268207 0.932925 0.379081 
1533576388945 0.169271 0.934796 -0.312255 -0.604059 -0.955949 0.232816 0.178769 -0.254451 0.239811 0.26824 0.933026 0.379076 
1533576388965 0.169196 0.934849 -0.312139 -0.604015 -0.956059 0.232615 0.178442 -0.254379 0.239424 0.268231 0.933128 0.379068 
1533576388980 0.169158 0.934887 -0.312046 -0.603979 -0.95614 0.232479 0.178186 -0.254327 0.239128 0.268218 0.933208 0.379059 
1533576389019 0.169083 0.934968 -0.311844 -0.603898 -0.956324 0.232177 0.17759 -0.254227 0.238444 0.268197 0.933389 0.37904 
1533576389035 0.169045 0.93499 -0.311798 -0.603874 -0.956399 0.232057 0.177344 -0.254203 0.23817 0.268224 0.933451 0.379025 
1533576389052 0.169035 0.935001 -0.311768 -0.603848 -0.956482 0.231949 0.177035 -0.254195 0.237842 0.268276 0.93352 0.379004 
1533576389069 0.169053 0.935007 -0.311742 -0.603825 -0.956539 0.231893 0.1768 -0.254201 0.2376 0.268305 0.933573 0.379 
1533576389085 0.169083 0.93501 -0.311717 -0.603804 -0.95658 0.231865 0.176616 -0.254215 0.237414 0.26832 0.933616 0.379008 
1533576389113 0.169168 0.934987 -0.31174 -0.603794 -0.956579 0.231933 0.176533 -0.254251 0.237359 0.26834 0.933624 0.379011 
1533576389127 0.169207 0.934968 -0.311776 -0.603803 -0.956545 0.232007 0.176619 -0.254263 0.237467 0.268343 0.933596 0.379003 
1533576389147 0.169297 0.934929 -0.311845 -0.603825 -0.956452 0.232193 0.176881 -0.254283 0.237779 0.268319 0.933523 0.378979 
1533576389164 0.169371 0.934908 -0.311866 -0.603836 -0.956354 0.232361 0.177185 -0.254287 0.238117 0.268244 0.933459 0.378953 
1533576389217 0.169539 0.934955 -0.311633 -0.603741 -0.956198 0.232618 0.177693 -0.254361 0.238627 0.267857 0.93344 0.378894 
1533576389234 0.169551 0.935006 -0.311474 -0.603674 -0.956219 0.232573 0.177636 -0.254383 0.238531 0.267719 0.933504 0.37888 
1533576389250 0.169523 0.935062 -0.311323 -0.603609 -0.956253 0.232485 0.177569 -0.254384 0.238416 0.267601 0.933567 0.378856 
1533576389267 0.169486 0.935086 -0.311269 -0.60356 -0.956282 0.232415 0.177506 -0.254378 0.238327 0.267577 0.933597 0.378822 
1533576389284 0.16945 0.935083 -0.311298 -0.603527 -0.956305 0.232368 0.177444 -0.254374 0.238261 0.267628 0.933599 0.378777 
1533576389300 0.169425 0.935074 -0.311338 -0.603519 -0.95632 0.23234 0.177398 -0.254368 0.238217 0.267683 0.933594 0.37875 
1533576389317 0.169473 0.935057 -0.311365 -0.603526 -0.956323 0.232377 0.177333 -0.254379 0.23817 0.267712 0.933598 0.378738 
1533576389334 0.169488 0.934993 -0.311549 -0.603563 -0.956339 0.232405 0.177209 -0.254388 0.238095 0.267912 0.93356 0.378735 
1533576389375 0.169397 0.934852 -0.31202 -0.603645 -0.956385 0.232375 0.177 -0.254399 0.237974 0.268428 0.933442 0.378766 
1533576389407 0.169252 0.934911 -0.311921 -0.603606 -0.956416 0.232213 0.177044 -0.254336 0.237953 0.268361 0.933467 0.378812 
1533576389434 0.169058 0.935001 -0.311756 -0.603498 -0.956451 0.231999 0.177137 -0.254263 0.237951 0.268233 0.933504 0.378867 
1533576389450 0.169016 0.935032 -0.311687 -0.603436 -0.956461 0.231944 0.177158 -0.254259 0.237943 0.268174 0.933523 0.378893 
1533576389467 0.169001 0.93506 -0.311611 -0.603357 -0.956459 0.23192 0.177197 -0.254273 0.237959 0.268097 0.933541 0.378922 
1533576389484 0.169046 0.935062 -0.311581 -0.603294 -0.956443 0.231966 0.177223 -0.254318 0.237991 0.268051 0.933547 0.378935 
1533576389500 0.169156 0.935032 -0.311612 -0.603255 -0.956414 0.232087 0.177225 -0.25439 0.238032 0.268051 0.933536 0.378927 
1533576389517 0.169258 0.934998 -0.311658 -0.603248 -0.956388 0.2322 0.177214 -0.254447 0.238062 0.268072 0.933522 0.378912 
1533576389534 0.169359 0.934958 -0.311721 -0.603273 -0.956364 0.232314 0.177193 -0.254493 0.238085 0.26811 0.933506 0.378891 
1533576389550 0.169456 0.934913 -0.311805 -0.603323 -0.956339 0.232431 0.177179 -0.25453 0.23812 0.268168 0.93348 0.378861 
1533576389567 0.169493 0.934885 -0.31187 -0.603375 -0.956325 0.232486 0.177181 -0.254544 0.238149 0.268218 0.933458 0.378834 
1533576389584 0.169425 0.934887 -0.311899 -0.603419 -0.956333 0.232432 0.177207 -0.25454 0.238163 0.268257 0.933443 0.37881 
1533576389637 0.168981 0.935026 -0.311724 -0.603425 -0.956353 0.232046 0.177603 -0.254442 0.238398 0.268107 0.933427 0.378724 
1533576389654 0.168738 0.935138 -0.311519 -0.60336 -0.956364 0.231814 0.177847 -0.254408 0.238526 0.267917 0.933448 0.378713 
1533576389746 0.168792 0.93515 -0.311455 -0.603187 -0.956239 0.231982 0.178301 -0.254544 0.23899 0.26773 0.933383 0.378792 
1533576389760 0.168885 0.935056 -0.311686 -0.603222 -0.956218 0.232118 0.178234 -0.254578 0.239007 0.267939 0.933319 0.37881 
1533576389777 0.169014 0.93494 -0.311964 -0.603268 -0.956191 0.232298 0.178146 -0.254603 0.239025 0.268188 0.933243 0.378833 
1533576389793 0.169123 0.934859 -0.312148 -0.603301 -0.956168 0.232441 0.178085 -0.254607 0.23904 0.268348 0.933193 0.378847 
1533576389874 0.169152 0.93474 -0.312487 -0.603314 -0.956109 0.232593 0.178204 -0.254617 0.239256 0.268628 0.933057 0.378914 
1533576389901 0.16884 0.934769 -0.31257 -0.603225 -0.956081 0.232408 0.178593 -0.254607 0.239587 0.268688 0.932955 0.378958 
1533576389928 0.168517 0.934744 -0.31282 -0.603154 -0.955999 0.232308 0.179164 -0.254586 0.240143 0.268863 0.932761 0.379012 
1533576389953 0.168477 0.9347 -0.312971 -0.603093 -0.955887 0.232432 0.179598 -0.254618 0.240615 0.268907 0.932627 0.379077 
1533576389990 0.168625 0.934597 -0.313201 -0.603017 -0.955743 0.232747 0.179957 -0.254735 0.241084 0.268994 0.932481 0.379091 
1533576390007 0.16867 0.934537 -0.313355 -0.602985 -0.955689 0.23287 0.180082 -0.254792 0.241264 0.269096 0.932405 0.379079 
1533576390023 0.168705 0.934475 -0.31352 -0.602945 -0.955636 0.232987 0.180214 -0.254853 0.241451 0.269208 0.932324 0.379075 
1533576390040 0.168714 0.93443 -0.313648 -0.602913 -0.955594 0.233065 0.180333 -0.254899 0.241609 0.269296 0.932258 0.379078 
1533576390057 0.168709 0.934414 -0.313699 -0.602901 -0.955573 0.233095 0.180407 -0.254916 0.241697 0.269326 0.932227 0.379085 
1533576390073 0.168679 0.934435 -0.313652 -0.602892 -0.955572 0.233065 0.180452 -0.254912 0.241723 0.269279 0.932233 0.379111 
1533576390090 0.168604 0.934473 -0.313579 -0.6029 -0.955603 0.23296 0.180421 -0.254871 0.241651 0.269238 0.932264 0.379114 
1533576390107 0.168472 0.934521 -0.313508 -0.602931 -0.955651 0.232795 0.180384 -0.25479 0.241556 0.269214 0.932295 0.37911 
1533576390124 0.16828 0.934629 -0.313291 -0.602959 -0.955737 0.232514 0.18029 -0.25467 0.241348 0.269084 0.932387 0.379086 
1533576390140 0.168128 0.934714 -0.313119 -0.602976 -0.955817 0.232278 0.180167 -0.254587 0.241135 0.268993 0.932468 0.379058 
1533576390177 0.167817 0.934841 -0.312904 -0.602996 -0.955981 0.231822 0.179884 -0.254441 0.240701 0.268942 0.932595 0.37895 
1533576390194 0.167779 0.934855 -0.312885 -0.60296 -0.956021 0.231745 0.17977 -0.254454 0.240568 0.268963 0.932623 0.3789 
1533576390210 0.167805 0.934855 -0.312871 -0.602919 -0.956035 0.231747 0.179696 -0.254498 0.240496 0.268961 0.932642 0.378872 
1533576390228 0.167801 0.934869 -0.312831 -0.602811 -0.956076 0.23169 0.179551 -0.254591 0.240336 0.268961 0.932683 0.378828 
1533576390311 0.167737 0.934878 -0.312837 -0.602601 -0.955972 0.23176 0.180014 -0.254755 0.240794 0.268869 0.932592 0.37878 
1533576390339 0.167472 0.934954 -0.312753 -0.602606 -0.955903 0.231623 0.180555 -0.25472 0.241251 0.268724 0.932516 0.378931 
1533576390367 0.167137 0.935025 -0.312718 -0.602612 -0.955853 0.231422 0.181078 -0.25468 0.241682 0.268648 0.932426 0.379048 
1533576390412 0.166816 0.93501 -0.312936 -0.602612 -0.955774 0.231311 0.181635 -0.254682 0.242216 0.268796 0.932245 0.379081 
1533576390450 0.166616 0.934978 -0.313137 -0.602543 -0.955741 0.231238 0.181902 -0.254778 0.242484 0.26897 0.932125 0.378994 
1533576390494 0.166314 0.935014 -0.313191 -0.602375 -0.955723 0.231042 0.182244 -0.254851 0.242761 0.269014 0.93204 0.37893 
1533576390538 0.166027 0.935147 -0.312946 -0.602182 -0.955715 0.230788 0.182608 -0.254926 0.242989 0.26877 0.932051 0.378914 
1533576390554 0.165935 0.935198 -0.312842 -0.602131 -0.955707 0.230707 0.18275 -0.25495 0.243082 0.268661 0.932058 0.378919 
1533576390571 0.165851 0.935233 -0.312781 -0.602101 -0.955691 0.230651 0.182908 -0.254966 0.243205 0.268587 0.932048 0.378925 
1533576390588 0.16574 0.935254 -0.312778 -0.602089 -0.95567 0.23059 0.183093 -0.254961 0.243362 0.268567 0.932012 0.378929 
1533576390604 0.165695 0.935266 -0.312766 -0.602086 -0.955667 0.230558 0.18315 -0.254958 0.243405 0.268553 0.932005 0.378948 
1533576390621 0.165711 0.93527 -0.312746 -0.60209 -0.955666 0.230567 0.183145 -0.254953 0.243399 0.268532 0.932013 0.378977 
1533576390703 0.165796 0.935051 -0.313356 -0.602144 -0.955786 0.230616 0.182452 -0.254899 0.242867 0.269251 0.931944 0.378913 
1533576390734 0.16563 0.935084 -0.313345 -0.602005 -0.955851 0.230418 0.182364 -0.254885 0.242726 0.269307 0.931965 0.378888 
1533576390782 0.165409 0.935096 -0.313425 -0.601818 -0.955923 0.230188 0.182278 -0.254979 0.242594 0.269459 0.931955 0.378837 
1533576390829 0.165175 0.935071 -0.313623 -0.601712 -0.955964 0.230006 0.182292 -0.255058 0.242591 0.269702 0.931885 0.378767 
1533576390845 0.165096 0.93507 -0.313669 -0.60166 -0.955973 0.229945 0.182319 -0.255081 0.242607 0.269759 0.931865 0.378758 
1533576390862 0.165021 0.935076 -0.313688 -0.601599 -0.955984 0.229881 0.182343 -0.255105 0.242615 0.26979 0.931854 0.378753 
1533576390879 0.164983 0.935079 -0.313701 -0.60155 -0.955987 0.229852 0.182365 -0.25512 0.24263 0.269807 0.931845 0.378747 
1533576390895 0.164959 0.935081 -0.313705 -0.601517 -0.955989 0.229832 0.182378 -0.255126 0.242638 0.269814 0.931841 0.378744 
1533576390966 0.165113 0.935088 -0.313606 -0.601571 -0.956018 0.229896 0.182146 -0.25514 0.242419 0.269738 0.93192 0.37871 
1533576391012 0.165138 0.935247 -0.313117 -0.601493 -0.956175 0.229645 0.181638 -0.255087 0.241782 0.2694 0.932183 0.378585 
1533576391038 0.164967 0.935346 -0.312912 -0.601407 -0.956318 0.229317 0.181297 -0.255028 0.241332 0.269336 0.932318 0.378511 
1533576391063 0.164859 0.935423 -0.312739 -0.601299 -0.956466 0.229038 0.180871 -0.255028 0.24082 0.269306 0.932459 0.378447 
1533576391092 0.164857 0.935451 -0.312657 -0.601187 -0.956555 0.228921 0.180547 -0.255088 0.240467 0.269309 0.932549 0.378406 
1533576391152 0.164874 0.935518 -0.312446 -0.600944 -0.956642 0.228796 0.180245 -0.255186 0.240109 0.269181 0.932678 0.378352 
1533576391169 0.164865 0.935544 -0.312374 -0.600865 -0.956677 0.228735 0.180135 -0.255215 0.239975 0.269143 0.932724 0.378328 
1533576391189 0.164837 0.935567 -0.312318 -0.600799 -0.956711 0.228666 0.180042 -0.255233 0.239858 0.26912 0.932761 0.378307 
1533576391206 0.164832 0.935572 -0.312306 -0.600777 -0.956731 0.228637 0.179973 -0.255244 0.239783 0.269128 0.932778 0.378283 
1533576391223 0.164819 0.935568 -0.312326 -0.600783 -0.956748 0.228613 0.179917 -0.255247 0.239726 0.269164 0.932782 0.378253 
1533576391354 0.164451 0.93553 -0.312633 -0.600834 -0.956778 0.228363 0.180075 -0.255091 0.23986 0.269507 0.932649 0.37827 
1533576391375 0.164332 0.935553 -0.312626 -0.600736 -0.956801 0.228247 0.1801 -0.255075 0.239849 0.269525 0.932646 0.378313 
1533576391403 0.164232 0.935556 -0.312669 -0.600628 -0.956828 0.228149 0.180076 -0.255086 0.239807 0.269596 0.932636 0.37833 
1533576391461 0.164306 0.935484 -0.312846 -0.600472 -0.956872 0.228189 0.179793 -0.255221 0.239582 0.269812 0.932632 0.378214 
1533576391488 0.164322 0.935463 -0.312903 -0.600417 -0.956897 0.228184 0.179666 -0.255235 0.23947 0.269893 0.932637 0.378155 
1533576391505 0.164309 0.935458 -0.312922 -0.600381 -0.956917 0.228155 0.179597 -0.255227 0.2394 0.269931 0.932644 0.378121 
1533576391521 0.16424 0.935472 -0.312918 -0.600333 -0.95695 0.228066 0.179535 -0.255199 0.239316 0.269959 0.932657 0.378094 
1533576391622 0.164356 0.935484 -0.31282 -0.600282 -0.956924 0.228163 0.179549 -0.255231 0.239339 0.269835 0.932687 0.378044 
1533576391642 0.164507 0.935578 -0.312459 -0.600265 -0.95687 0.228268 0.179706 -0.255245 0.239453 0.26942 0.932778 0.378043 
1533576391667 0.164571 0.935684 -0.312108 -0.600252 -0.956817 0.228307 0.179935 -0.255243 0.239619 0.269018 0.932851 0.378039 
1533576391723 0.164502 0.935828 -0.311712 -0.600216 -0.956801 0.228198 0.180162 -0.255174 0.239733 0.268609 0.93294 0.378041 
1533576391794 0.164439 0.936097 -0.310938 -0.600087 -0.956828 0.227972 0.180304 -0.255073 0.239667 0.267865 0.933171 0.377967 
1533576391825 0.164438 0.936213 -0.310589 -0.599995 -0.956829 0.227903 0.180387 -0.255037 0.239664 0.267518 0.933271 0.377875 
1533576391859 0.164483 0.936299 -0.310305 -0.599893 -0.956815 0.227896 0.180465 -0.255037 0.239686 0.267221 0.93335 0.377759 
