1535381198807 0.214389 0.919285 -0.330079 -0.472515 -0.943664 0.282151 0.172885 -0.171208 0.252063 0.274419 0.927986 0.474078 
1535381208027 0.214388 0.919285 -0.330079 -0.472515 -0.943664 0.28215 0.172885 -0.171208 0.252063 0.274419 0.927986 0.474078 
1535381208944 0.219041 0.919869 -0.325365 -0.488667 -0.943017 0.285187 0.171425 -0.178193 0.250479 0.269276 0.92992 0.464392 
1535381209893 0.223257 0.920579 -0.320453 -0.505127 -0.942568 0.287674 0.169733 -0.185228 0.248438 0.264154 0.931934 0.454337 
1535381210813 0.22709 0.921352 -0.3155 -0.521616 -0.942235 0.289769 0.168009 -0.19212 0.246218 0.259122 0.933934 0.444124 
1535381211787 0.23103 0.92202 -0.310651 -0.538137 -0.941807 0.292063 0.166429 -0.199045 0.244181 0.254123 0.93584 0.433968 
1535381212765 0.23487 0.922711 -0.30568 -0.554647 -0.941437 0.29421 0.164731 -0.205943 0.241933 0.249088 0.937776 0.423736 
1535381213793 0.239022 0.923224 -0.300875 -0.57112 -0.940918 0.296761 0.163116 -0.212983 0.239881 0.244111 0.93961 0.413643 
1535381214851 0.242681 0.923867 -0.295934 -0.587678 -0.940474 0.298875 0.161812 -0.219835 0.23794 0.239049 0.941403 0.403459 
1535381215909 0.247099 0.924288 -0.290918 -0.604099 -0.939928 0.301608 0.159902 -0.227004 0.235539 0.233931 0.943291 0.393361 
1535381216979 0.250763 0.924895 -0.285808 -0.620615 -0.939433 0.303757 0.158738 -0.233773 0.233632 0.228692 0.945048 0.383219 
1535381217019 0.250212 0.925127 -0.285541 -0.62075 -0.939611 0.303154 0.158835 -0.233655 0.233505 0.228555 0.945113 0.383009 
1535381217359 0.25125 0.924875 -0.285445 -0.622074 -0.939332 0.304132 0.158616 -0.234417 0.233513 0.228275 0.945178 0.38236 
1535381217705 0.251966 0.924788 -0.285095 -0.62367 -0.939169 0.304727 0.158436 -0.235316 0.233396 0.227832 0.945314 0.381295 
1535381218055 0.252247 0.924881 -0.284546 -0.625358 -0.939212 0.304786 0.158068 -0.235974 0.23292 0.227377 0.945541 0.380231 
1535381218413 0.252336 0.925029 -0.283986 -0.627088 -0.939219 0.304746 0.158107 -0.236519 0.232797 0.226829 0.945703 0.379196 
1535381218797 0.252824 0.925066 -0.28343 -0.628731 -0.939135 0.305072 0.157977 -0.237268 0.232606 0.226238 0.945892 0.378133 
1535381219186 0.253267 0.925102 -0.282919 -0.630373 -0.939061 0.305364 0.157855 -0.237984 0.232425 0.225699 0.946065 0.377089 
1535381219544 0.253353 0.925209 -0.282491 -0.632066 -0.939078 0.305334 0.157807 -0.238602 0.232258 0.2253 0.946201 0.375946 
1535381219935 0.253786 0.925296 -0.281816 -0.633691 -0.939081 0.305517 0.157435 -0.23938 0.231773 0.224693 0.946464 0.374988 
1535381220305 0.254005 0.925404 -0.281264 -0.63542 -0.939038 0.305617 0.157497 -0.239934 0.231707 0.224113 0.946618 0.373963 
1535381220358 0.253649 0.925575 -0.28102 -0.63557 -0.939158 0.305212 0.157569 -0.239876 0.231613 0.223955 0.946678 0.373816 
1535381220520 0.253629 0.925424 -0.281537 -0.63562 -0.939075 0.305366 0.157763 -0.239947 0.23197 0.224371 0.946492 0.373809 
1535381220618 0.253379 0.925215 -0.282446 -0.635569 -0.939043 0.305379 0.157932 -0.240103 0.232374 0.225212 0.946193 0.37396 
1535381220778 0.252866 0.925031 -0.283508 -0.635725 -0.938973 0.305272 0.158554 -0.240339 0.233215 0.226113 0.945772 0.373979 
1535381221000 0.252095 0.924889 -0.284654 -0.635902 -0.938991 0.304915 0.159133 -0.240471 0.233976 0.227171 0.94533 0.374019 
1535381221106 0.251428 0.924763 -0.285652 -0.63605 -0.939011 0.304603 0.159609 -0.240561 0.234612 0.2281 0.944948 0.374059 
1535381221311 0.25082 0.92456 -0.28684 -0.636205 -0.938982 0.304415 0.160141 -0.240757 0.235379 0.229171 0.944498 0.37403 
1535381221495 0.250451 0.924294 -0.28802 -0.636343 -0.938855 0.304486 0.160743 -0.241085 0.236272 0.230151 0.944037 0.374092 
1535381221698 0.249586 0.924181 -0.289129 -0.636498 -0.938921 0.304015 0.161255 -0.241143 0.236928 0.231222 0.943611 0.374053 
1535381221852 0.249093 0.923948 -0.290297 -0.636696 -0.938836 0.303959 0.161852 -0.241371 0.237781 0.232225 0.94315 0.374119 
1535381222018 0.248312 0.923872 -0.291207 -0.636813 -0.938925 0.303489 0.162216 -0.241432 0.238245 0.233141 0.942807 0.374059 
1535381222163 0.248463 0.923806 -0.291287 -0.63684 -0.938826 0.303705 0.162386 -0.241565 0.238479 0.233121 0.942753 0.374161 
1535381222194 0.248573 0.923947 -0.290745 -0.63677 -0.938907 0.303607 0.162102 -0.241596 0.238046 0.232688 0.942969 0.374163 
1535381222370 0.248083 0.924286 -0.290086 -0.636805 -0.939244 0.302821 0.161617 -0.241595 0.237224 0.232367 0.943255 0.37417 
1535381222436 0.247678 0.92441 -0.290038 -0.636877 -0.939384 0.302394 0.161603 -0.241754 0.237093 0.232432 0.943272 0.374196 
1535381222611 0.246346 0.924847 -0.289779 -0.637015 -0.939833 0.300981 0.16163 -0.241848 0.236701 0.232527 0.943347 0.374244 
1535381222684 0.245988 0.924974 -0.289677 -0.637079 -0.939953 0.300596 0.161647 -0.242 0.236595 0.23252 0.943375 0.374292 
1535381222818 0.245571 0.92515 -0.289469 -0.637132 -0.940097 0.300127 0.161682 -0.242175 0.236458 0.232424 0.943434 0.374372 
1535381222901 0.245168 0.925309 -0.289303 -0.637192 -0.940247 0.29967 0.161657 -0.242318 0.236278 0.232383 0.943489 0.374402 
1535381222937 0.245084 0.925345 -0.289257 -0.637199 -0.940272 0.299578 0.161683 -0.242287 0.236268 0.232354 0.943498 0.374416 
1535381222959 0.245005 0.925375 -0.289231 -0.637206 -0.940296 0.299495 0.161699 -0.242268 0.236255 0.232346 0.943504 0.374423 
1535381223132 0.244564 0.925645 -0.288737 -0.637256 -0.940531 0.29887 0.161488 -0.242324 0.235776 0.232072 0.943691 0.374406 
1535381223329 0.244681 0.925821 -0.288074 -0.637225 -0.94063 0.298738 0.161152 -0.242452 0.235256 0.23154 0.943951 0.374344 
1535381223450 0.244233 0.926142 -0.287422 -0.637281 -0.94089 0.298057 0.160899 -0.242471 0.234683 0.231135 0.944193 0.374306 
1535381223563 0.244012 0.926415 -0.286728 -0.637325 -0.941116 0.297558 0.160497 -0.242589 0.234005 0.230681 0.944472 0.374272 
1535381223693 0.243852 0.926642 -0.286131 -0.637337 -0.941307 0.297155 0.160123 -0.242736 0.233402 0.230291 0.944717 0.37424 
1535381223818 0.24331 0.927002 -0.285427 -0.637413 -0.941613 0.296352 0.159815 -0.242661 0.232736 0.229877 0.944982 0.374191 
1535381223920 0.243212 0.927213 -0.284823 -0.637398 -0.941807 0.295988 0.159345 -0.242846 0.232051 0.229494 0.945243 0.374095 
1535381224067 0.242915 0.927508 -0.284115 -0.637439 -0.942055 0.295413 0.158944 -0.24293 0.231354 0.229042 0.945524 0.374064 
1535381224147 0.242627 0.927755 -0.283554 -0.637455 -0.942252 0.29492 0.158692 -0.242994 0.230853 0.228676 0.945735 0.37405 
1535381224296 0.242597 0.92783 -0.283333 -0.637481 -0.942304 0.29481 0.158587 -0.242943 0.230671 0.228513 0.945818 0.374024 
1535381224313 0.242842 0.927717 -0.283494 -0.637479 -0.942208 0.295104 0.158611 -0.242963 0.230807 0.228593 0.945766 0.374018 
1535381224436 0.24341 0.927477 -0.283793 -0.637367 -0.941959 0.295799 0.158793 -0.242986 0.231222 0.228669 0.945646 0.374015 
1535381224563 0.243788 0.927541 -0.283258 -0.637302 -0.941825 0.296104 0.159019 -0.242963 0.231371 0.228012 0.945768 0.374028 
1535381224680 0.244053 0.927573 -0.282925 -0.637265 -0.94179 0.296268 0.158923 -0.242999 0.231235 0.22767 0.945884 0.374028 
1535381224806 0.244336 0.927587 -0.282635 -0.637213 -0.941702 0.296504 0.159008 -0.242968 0.231296 0.227307 0.945956 0.373859 
1535381224911 0.244521 0.927567 -0.28254 -0.637201 -0.941651 0.296667 0.159002 -0.242982 0.231305 0.227175 0.945986 0.373823 
1535381225033 0.24499 0.927619 -0.281962 -0.637131 -0.941548 0.296998 0.158996 -0.242992 0.23123 0.226528 0.94616 0.373837 
1535381225123 0.245231 0.927603 -0.281806 -0.637121 -0.941473 0.297213 0.159038 -0.243023 0.23128 0.226311 0.946199 0.373821 
1535381225274 0.245769 0.927611 -0.281311 -0.637056 -0.94131 0.297665 0.159155 -0.243019 0.231371 0.225685 0.946326 0.373727 
1535381225290 0.245834 0.927612 -0.281252 -0.637048 -0.941292 0.297717 0.159163 -0.243018 0.231375 0.225612 0.946343 0.37372 
1535381225476 0.245702 0.927548 -0.281577 -0.636975 -0.941341 0.297634 0.159033 -0.24281 0.231318 0.225985 0.946268 0.37373 
1535381225615 0.246532 0.927313 -0.281625 -0.636686 -0.941079 0.29848 0.158996 -0.242932 0.231499 0.225834 0.94626 0.373804 
1535381225737 0.246708 0.927365 -0.281299 -0.636533 -0.940971 0.298652 0.159311 -0.242584 0.23175 0.225391 0.946304 0.37389 
1535381225865 0.247609 0.927182 -0.28111 -0.636283 -0.940687 0.299527 0.159345 -0.242666 0.231942 0.224982 0.946354 0.373969 
1535381225971 0.248144 0.927074 -0.280996 -0.636152 -0.940533 0.300032 0.159306 -0.242524 0.231996 0.224755 0.946395 0.373937 
1535381226095 0.248392 0.927082 -0.280749 -0.635919 -0.940462 0.300233 0.159349 -0.242279 0.23202 0.224452 0.946461 0.373949 
1535381226225 0.249203 0.926923 -0.280557 -0.635682 -0.940234 0.300989 0.159269 -0.242317 0.232074 0.224098 0.946531 0.374003 
1535381226352 0.249792 0.926827 -0.28035 -0.63551 -0.940044 0.301549 0.159329 -0.2422 0.232209 0.223742 0.946582 0.374061 
1535381226385 0.249853 0.926834 -0.280273 -0.635463 -0.940023 0.301598 0.159359 -0.242122 0.232229 0.223647 0.9466 0.374077 
1535381226434 0.250137 0.926796 -0.280144 -0.635365 -0.939925 0.301869 0.159422 -0.242018 0.232318 0.223437 0.946628 0.374103 
1535381226653 0.250105 0.926753 -0.280314 -0.634986 -0.939979 0.301824 0.159189 -0.241911 0.232135 0.223676 0.946616 0.374191 
1535381226837 0.250529 0.926588 -0.28048 -0.63462 -0.939846 0.302278 0.159115 -0.241819 0.232217 0.223745 0.94658 0.374319 
1535381227029 0.250832 0.926519 -0.280437 -0.634198 -0.939757 0.302569 0.15909 -0.241745 0.232252 0.223638 0.946597 0.374447 
1535381227225 0.250896 0.926465 -0.28056 -0.633882 -0.939737 0.302653 0.159044 -0.241475 0.232261 0.223749 0.946568 0.37454 
1535381227421 0.251278 0.926374 -0.28052 -0.633494 -0.939622 0.303024 0.159019 -0.241356 0.232315 0.223624 0.946584 0.374669 
1535381227621 0.251667 0.926234 -0.280632 -0.633092 -0.939486 0.303446 0.159015 -0.241267 0.232442 0.223631 0.946552 0.374821 
1535381227819 0.251987 0.926143 -0.280645 -0.632738 -0.93941 0.303746 0.158897 -0.241117 0.232406 0.223601 0.946568 0.374962 
1535381228000 0.252414 0.926 -0.280732 -0.632318 -0.939283 0.304181 0.158812 -0.241098 0.232453 0.223601 0.946556 0.375096 
1535381228034 0.252421 0.926022 -0.280653 -0.63222 -0.939286 0.30417 0.158817 -0.241016 0.232435 0.223525 0.946578 0.375148 
1535381228214 0.252398 0.926005 -0.28073 -0.632095 -0.939293 0.30416 0.158794 -0.240936 0.232431 0.223609 0.946559 0.375209 
1535381228446 0.252162 0.925984 -0.281012 -0.631606 -0.939188 0.304144 0.159441 -0.240781 0.233108 0.223718 0.946367 0.375394 
1535381228651 0.25192 0.925942 -0.281366 -0.631194 -0.939095 0.304126 0.160025 -0.240483 0.233745 0.223916 0.946163 0.37554 
1535381228868 0.252125 0.925838 -0.281527 -0.630636 -0.938919 0.304465 0.160413 -0.24047 0.234232 0.223887 0.94605 0.375719 
1535381229073 0.251762 0.925879 -0.281715 -0.630239 -0.938894 0.304268 0.160932 -0.240128 0.23472 0.223984 0.945906 0.375865 
1535381229301 0.25184 0.925731 -0.282132 -0.629745 -0.938731 0.30455 0.161348 -0.240058 0.235288 0.224212 0.94571 0.376001 
1535381229538 0.251772 0.925676 -0.282373 -0.629287 -0.938608 0.304661 0.161852 -0.239868 0.235851 0.224288 0.945552 0.376168 
1535381229741 0.2517 0.925639 -0.282558 -0.62881 -0.938508 0.304739 0.162287 -0.239692 0.236326 0.224335 0.945422 0.376324 
1535381229959 0.251735 0.925521 -0.282914 -0.628321 -0.938373 0.304953 0.162663 -0.239577 0.236824 0.224531 0.945251 0.376447 
1535381230000 0.251645 0.925525 -0.282981 -0.628204 -0.938364 0.304911 0.162798 -0.239463 0.236957 0.224572 0.945208 0.37648 
1535381230153 0.251745 0.925463 -0.283094 -0.628105 -0.938303 0.305059 0.16287 -0.23953 0.237091 0.224627 0.945162 0.376488 
1535381230333 0.251417 0.925553 -0.283092 -0.627694 -0.938331 0.304801 0.163189 -0.239255 0.237327 0.224606 0.945108 0.376623 
1535381230539 0.251279 0.925533 -0.28328 -0.627268 -0.938262 0.304803 0.163583 -0.239066 0.237746 0.224686 0.944983 0.376746 
1535381230748 0.251216 0.925502 -0.283437 -0.626823 -0.938163 0.30488 0.164005 -0.238875 0.238201 0.22471 0.944863 0.376903 
1535381230942 0.251126 0.925482 -0.283582 -0.626392 -0.938087 0.304914 0.164379 -0.238709 0.238598 0.224745 0.944754 0.377045 
1535381231150 0.251 0.925458 -0.283773 -0.62595 -0.938006 0.304935 0.164798 -0.23853 0.239046 0.224816 0.944624 0.377195 
1535381231343 0.250923 0.925399 -0.284031 -0.62555 -0.937915 0.305013 0.165173 -0.238368 0.239484 0.224951 0.944481 0.377313 
1535381231557 0.25083 0.925387 -0.284153 -0.625123 -0.937828 0.305051 0.165596 -0.238164 0.239922 0.22495 0.94437 0.377414 
1535381231744 0.250673 0.925329 -0.28448 -0.624695 -0.937734 0.305087 0.166062 -0.238006 0.240453 0.225139 0.94419 0.377547 
1535381231771 0.250635 0.925337 -0.284488 -0.624591 -0.937723 0.305072 0.166153 -0.23796 0.240537 0.225127 0.944171 0.377583 
1535381231789 0.250631 0.925333 -0.284505 -0.624528 -0.937712 0.305083 0.166197 -0.237956 0.240586 0.225129 0.944159 0.377601 
1535381232192 0.250882 0.925143 -0.284903 -0.624271 -0.937661 0.305379 0.16594 -0.237837 0.240522 0.225511 0.944084 0.37763 
1535381232363 0.250894 0.925057 -0.285168 -0.623988 -0.937673 0.305423 0.165789 -0.237645 0.240461 0.225799 0.94403 0.377746 
1535381232558 0.251169 0.924964 -0.285229 -0.623646 -0.93757 0.305725 0.165815 -0.237489 0.240575 0.225775 0.944007 0.377868 
1535381232760 0.251146 0.924915 -0.285408 -0.623344 -0.937596 0.305716 0.165686 -0.237359 0.240499 0.225986 0.943976 0.378006 
1535381232950 0.251401 0.924774 -0.285639 -0.623023 -0.937503 0.306024 0.165643 -0.237229 0.240595 0.226145 0.943913 0.378127 
1535381233156 0.251576 0.924672 -0.285816 -0.622673 -0.937456 0.306223 0.165539 -0.237174 0.240592 0.226294 0.943878 0.378235 
1535381233374 0.251445 0.924662 -0.285963 -0.622381 -0.937491 0.306124 0.165524 -0.23686 0.240594 0.226467 0.943836 0.378351 
1535381233567 0.251684 0.924474 -0.28636 -0.622093 -0.937414 0.306436 0.165386 -0.236795 0.240646 0.226813 0.94374 0.378403 
1535381233634 0.251531 0.924528 -0.286321 -0.621898 -0.937475 0.306263 0.165357 -0.236644 0.240567 0.226827 0.943757 0.378476 
1535381233652 0.251594 0.924502 -0.286349 -0.621879 -0.937462 0.306325 0.165319 -0.236668 0.240554 0.226848 0.943755 0.37848 
1535381233829 0.251611 0.924421 -0.286597 -0.621846 -0.937431 0.306411 0.165337 -0.236611 0.240658 0.227064 0.943677 0.378493 
1535381234062 0.252016 0.924208 -0.286927 -0.621542 -0.937223 0.306949 0.165513 -0.236651 0.241041 0.227202 0.943546 0.378596 
1535381234197 0.251732 0.924267 -0.286988 -0.62136 -0.937268 0.306719 0.165686 -0.236408 0.241163 0.227276 0.943497 0.378685 
1535381234337 0.251988 0.924144 -0.28716 -0.621052 -0.937196 0.306997 0.165579 -0.236473 0.241176 0.227401 0.943463 0.378781 
1535381234453 0.251957 0.924102 -0.28732 -0.620839 -0.937131 0.307066 0.16582 -0.236269 0.24146 0.227477 0.943372 0.378857 
1535381234581 0.251956 0.924001 -0.287647 -0.620605 -0.937087 0.307165 0.165884 -0.23618 0.241632 0.227755 0.943261 0.378941 
1535381234699 0.251993 0.923943 -0.287799 -0.62037 -0.937044 0.307259 0.165953 -0.236064 0.24176 0.227861 0.943203 0.379062 
1535381234830 0.252158 0.923829 -0.28802 -0.620094 -0.936924 0.307528 0.166135 -0.236018 0.242054 0.227961 0.943103 0.379168 
1535381234864 0.2522 0.92381 -0.288047 -0.620055 -0.9369 0.307584 0.166164 -0.235999 0.242102 0.227965 0.94309 0.379183 
1535381234884 0.252229 0.923806 -0.288033 -0.61997 -0.936883 0.307618 0.166198 -0.235966 0.242139 0.227933 0.943088 0.379216 
1535381234906 0.252201 0.923823 -0.288004 -0.619904 -0.936888 0.307588 0.166223 -0.23593 0.242147 0.227906 0.943093 0.379243 
1535381235106 0.252193 0.923835 -0.287972 -0.619743 -0.936887 0.307577 0.166247 -0.235817 0.242159 0.227871 0.943098 0.379318 
1535381235293 0.252239 0.923812 -0.288005 -0.619548 -0.936864 0.307637 0.166266 -0.235721 0.2422 0.227883 0.943085 0.379365 
1535381235460 0.252544 0.923662 -0.288219 -0.619332 -0.936766 0.307982 0.166181 -0.235752 0.242262 0.228026 0.943034 0.379399 
1535381235614 0.252382 0.923703 -0.28823 -0.619183 -0.9368 0.307839 0.166257 -0.235551 0.242301 0.228053 0.943018 0.379461 
1535381235765 0.252523 0.923643 -0.288298 -0.618957 -0.93676 0.307988 0.166208 -0.235547 0.242309 0.228095 0.943005 0.379508 
1535381235948 0.252519 0.923653 -0.28827 -0.618777 -0.93676 0.30798 0.166222 -0.235414 0.242313 0.228066 0.943011 0.379565 
1535381236105 0.252524 0.923663 -0.288233 -0.618577 -0.936755 0.307981 0.166248 -0.235301 0.242327 0.228022 0.943018 0.379619 
1535381236235 0.25276 0.923591 -0.288259 -0.618415 -0.936683 0.308218 0.166211 -0.235267 0.242357 0.227996 0.943017 0.379659 
1535381236251 0.252763 0.923589 -0.28826 -0.618387 -0.936681 0.308223 0.166213 -0.235251 0.242361 0.227996 0.943016 0.379668 
1535381236270 0.252724 0.9236 -0.288259 -0.618365 -0.936695 0.308182 0.166212 -0.235244 0.24235 0.228005 0.943017 0.379675 
1535381236443 0.25238 0.923645 -0.288417 -0.618277 -0.936784 0.307886 0.166258 -0.235197 0.242363 0.228224 0.94296 0.379701 
1535381236489 0.252062 0.923745 -0.288375 -0.618111 -0.936867 0.307577 0.16636 -0.235057 0.242372 0.228236 0.942955 0.379763 
1535381236620 0.252558 0.923496 -0.288739 -0.617886 -0.936665 0.308181 0.166384 -0.235189 0.242638 0.22843 0.94284 0.379799 
1535381236674 0.252379 0.923538 -0.28876 -0.617718 -0.936689 0.308037 0.166515 -0.235036 0.242732 0.228453 0.94281 0.379852 
1535381236800 0.252313 0.923526 -0.288857 -0.61757 -0.936668 0.308027 0.166648 -0.234905 0.24288 0.228516 0.942756 0.379892 
1535381236849 0.252168 0.923546 -0.288919 -0.617411 -0.936685 0.307921 0.166751 -0.234816 0.242966 0.228577 0.942719 0.379945 
1535381236980 0.252412 0.923414 -0.289128 -0.617208 -0.936594 0.308215 0.166717 -0.234857 0.243062 0.228715 0.942661 0.379996 
1535381237017 0.252231 0.923476 -0.289087 -0.617089 -0.936634 0.308044 0.166809 -0.234755 0.243095 0.228694 0.942658 0.380054 
1535381237035 0.252173 0.92348 -0.289125 -0.617046 -0.93664 0.308005 0.16685 -0.23473 0.243135 0.228731 0.942639 0.380075 
1535381237188 0.252331 0.923391 -0.289271 -0.616955 -0.936549 0.308227 0.166951 -0.234737 0.243322 0.228789 0.942576 0.380118 
1535381237299 0.252322 0.923393 -0.289272 -0.61672 -0.936494 0.308272 0.167174 -0.234594 0.243542 0.22872 0.942536 0.380198 
1535381237423 0.252245 0.923385 -0.289367 -0.616464 -0.93645 0.308277 0.167412 -0.234512 0.243791 0.228749 0.942465 0.380287 
1535381237551 0.252442 0.923285 -0.289515 -0.616157 -0.936323 0.30856 0.167598 -0.234571 0.244073 0.228771 0.942386 0.380362 
1535381237662 0.252173 0.923357 -0.289518 -0.61593 -0.936343 0.308355 0.167867 -0.234383 0.244276 0.228756 0.942338 0.380438 
1535381237796 0.252178 0.923319 -0.289635 -0.6157 -0.936257 0.30846 0.168154 -0.234221 0.2446 0.228768 0.942251 0.380515 
1535381237922 0.252123 0.923307 -0.289721 -0.615447 -0.936206 0.308484 0.168393 -0.23412 0.244853 0.228783 0.942181 0.38059 
1535381238048 0.252267 0.923237 -0.289817 -0.615154 -0.936106 0.308697 0.168559 -0.234162 0.245085 0.228778 0.942122 0.38067 
1535381238075 0.252178 0.923252 -0.289847 -0.615101 -0.936114 0.308632 0.168632 -0.234113 0.245146 0.228805 0.9421 0.380687 
1535381238098 0.252076 0.923261 -0.289909 -0.615052 -0.936119 0.308567 0.168723 -0.234047 0.245232 0.228858 0.942064 0.380704 
1535381238321 0.252342 0.923208 -0.289845 -0.614697 -0.935986 0.308866 0.168915 -0.233966 0.245467 0.228667 0.94205 0.380808 
1535381238509 0.252317 0.923211 -0.289858 -0.614362 -0.935952 0.308882 0.169071 -0.233838 0.24562 0.228633 0.942018 0.380928 
1535381238673 0.252496 0.923136 -0.289941 -0.613997 -0.935854 0.309115 0.169193 -0.233793 0.245813 0.228622 0.94197 0.381051 
1535381238843 0.252474 0.923161 -0.289882 -0.613658 -0.935826 0.309114 0.169347 -0.233636 0.245941 0.228523 0.941961 0.381191 
1535381239000 0.252626 0.923094 -0.289961 -0.613296 -0.935722 0.309332 0.169524 -0.233585 0.24618 0.228496 0.941905 0.38132 
1535381239179 0.252411 0.923177 -0.289886 -0.612992 -0.93573 0.30916 0.169792 -0.233303 0.246369 0.228397 0.94188 0.381454 
1535381239355 0.252639 0.923077 -0.290003 -0.612633 -0.935603 0.309459 0.169947 -0.233241 0.246619 0.228393 0.941815 0.381564 
1535381239528 0.252682 0.923082 -0.28995 -0.612262 -0.935579 0.309502 0.170002 -0.233181 0.246666 0.228315 0.941822 0.381675 
1535381239560 0.252565 0.923131 -0.289898 -0.61217 -0.9356 0.309391 0.170088 -0.233057 0.246705 0.22827 0.941822 0.381713 
1535381239585 0.252474 0.923155 -0.289898 -0.612112 -0.935613 0.309315 0.170156 -0.232974 0.24675 0.228272 0.94181 0.381738 
1535381239803 0.253122 0.922987 -0.289869 -0.611876 -0.935408 0.309954 0.170115 -0.23293 0.246861 0.228086 0.941826 0.381755 
1535381239966 0.253382 0.923007 -0.289578 -0.611543 -0.935424 0.310069 0.169821 -0.232816 0.246536 0.227849 0.941969 0.381849 
1535381240133 0.254048 0.92285 -0.289495 -0.611179 -0.93524 0.310691 0.169695 -0.232788 0.246547 0.227636 0.942017 0.381982 
1535381240302 0.254092 0.922926 -0.289214 -0.610872 -0.93528 0.310634 0.169583 -0.232563 0.246352 0.227407 0.942124 0.382058 
1535381240489 0.254526 0.92283 -0.28914 -0.610531 -0.935171 0.311026 0.169463 -0.232492 0.246315 0.227263 0.942168 0.382129 
1535381240664 0.254742 0.922809 -0.289016 -0.610228 -0.935129 0.311194 0.16939 -0.2323 0.246254 0.227117 0.942219 0.382207 
1535381240843 0.255073 0.922748 -0.288919 -0.609924 -0.93505 0.311481 0.169297 -0.232093 0.246211 0.22697 0.942266 0.382232 
1535381241014 0.255079 0.922756 -0.288888 -0.609646 -0.935061 0.311469 0.169254 -0.231875 0.24616 0.226955 0.942283 0.382251 
1535381241227 0.255184 0.922749 -0.288819 -0.609691 -0.935053 0.311537 0.169174 -0.231976 0.246083 0.22689 0.942318 0.38226 
1535381241241 0.255194 0.922749 -0.288809 -0.609739 -0.935052 0.311544 0.169167 -0.232007 0.246075 0.226881 0.942323 0.382257 
1535381241471 0.255323 0.922708 -0.288826 -0.609501 -0.934965 0.311718 0.16933 -0.231767 0.246274 0.226808 0.942288 0.382404 
1535381241652 0.255746 0.922561 -0.28892 -0.609132 -0.934877 0.312112 0.169086 -0.231707 0.246167 0.226862 0.942303 0.382424 
1535381241841 0.256232 0.922497 -0.288694 -0.60876 -0.934761 0.31252 0.168977 -0.231576 0.246103 0.226562 0.942392 0.382585 
1535381242019 0.25622 0.9225 -0.288694 -0.608473 -0.934793 0.312481 0.168868 -0.23128 0.245993 0.226602 0.942411 0.382641 
1535381242187 0.256629 0.922417 -0.288598 -0.60814 -0.934695 0.312841 0.168746 -0.231106 0.24594 0.226446 0.942463 0.382724 
1535381242364 0.256943 0.922367 -0.288477 -0.607755 -0.934639 0.31309 0.168595 -0.231029 0.245826 0.226303 0.942527 0.382808 
1535381242533 0.256977 0.922338 -0.28854 -0.607485 -0.934657 0.313109 0.168459 -0.230728 0.245721 0.226395 0.942532 0.382874 
1535381242708 0.257419 0.922224 -0.288511 -0.607119 -0.934555 0.313508 0.168285 -0.230628 0.245647 0.22631 0.942572 0.382971 
1535381242736 0.257353 0.922271 -0.288421 -0.607055 -0.934578 0.313424 0.168313 -0.2305 0.245628 0.226236 0.942595 0.383012 
1535381242763 0.257395 0.92228 -0.288353 -0.606994 -0.93457 0.313448 0.168314 -0.230415 0.245617 0.226163 0.942615 0.383045 
1535381242929 0.257599 0.922233 -0.288321 -0.606825 -0.934533 0.31362 0.168199 -0.230555 0.245542 0.226118 0.942645 0.383084 
1535381243128 0.257486 0.922383 -0.287943 -0.606551 -0.934547 0.313458 0.168422 -0.230384 0.245608 0.22573 0.942721 0.383154 
1535381243230 0.257178 0.922555 -0.287666 -0.606333 -0.934659 0.313089 0.168489 -0.230105 0.245505 0.225538 0.942794 0.383192 
1535381243388 0.257248 0.922594 -0.287479 -0.606037 -0.934675 0.31309 0.168399 -0.230041 0.245371 0.225379 0.942867 0.383197 
1535381243496 0.257245 0.922667 -0.287247 -0.60576 -0.9347 0.313022 0.168386 -0.229903 0.245278 0.225174 0.94294 0.383229 
1535381243655 0.257422 0.922689 -0.287017 -0.605459 -0.934657 0.313143 0.168396 -0.229857 0.245255 0.224914 0.943008 0.38329 
1535381243771 0.257098 0.92287 -0.286726 -0.605232 -0.934763 0.312765 0.168511 -0.229605 0.245191 0.224697 0.943076 0.383351 
1535381243907 0.257063 0.922963 -0.286457 -0.604967 -0.934775 0.312681 0.168599 -0.229445 0.245181 0.224433 0.943142 0.383407 
1535381243934 0.257122 0.922956 -0.286426 -0.604924 -0.934758 0.312733 0.168602 -0.22944 0.245187 0.224388 0.943151 0.383413 
1535381243952 0.257188 0.922946 -0.286401 -0.604884 -0.934738 0.312792 0.1686 -0.229443 0.245192 0.224348 0.943159 0.383419 
1535381244002 0.257265 0.922955 -0.286302 -0.604763 -0.934719 0.312846 0.168607 -0.229406 0.245185 0.224235 0.943188 0.383441 
1535381244206 0.256809 0.92324 -0.285794 -0.604486 -0.934851 0.312311 0.168863 -0.229208 0.245158 0.223809 0.943296 0.383468 
1535381244382 0.257007 0.923301 -0.285418 -0.604221 -0.934778 0.312449 0.169015 -0.229198 0.24523 0.223365 0.943382 0.383485 
1535381244543 0.256732 0.923526 -0.284936 -0.60402 -0.934851 0.3121 0.169254 -0.228936 0.245239 0.22292 0.943485 0.383525 
1535381244694 0.256866 0.923556 -0.284719 -0.603738 -0.934797 0.312204 0.16936 -0.228924 0.245303 0.222652 0.943532 0.383513 
1535381244852 0.256622 0.923683 -0.284525 -0.603525 -0.934859 0.31194 0.169505 -0.228761 0.245324 0.222492 0.943564 0.383528 
1535381245004 0.256862 0.923727 -0.284164 -0.603252 -0.934792 0.312104 0.169572 -0.228724 0.245327 0.222078 0.943661 0.38357 
1535381245166 0.256724 0.923879 -0.283796 -0.602985 -0.934832 0.311903 0.169725 -0.228643 0.245322 0.22173 0.943744 0.383607 
1535381245308 0.256645 0.924031 -0.283372 -0.602759 -0.934839 0.311762 0.169941 -0.228471 0.245375 0.221293 0.943833 0.383647 
1535381245320 0.25666 0.924032 -0.283356 -0.602741 -0.934829 0.311779 0.169965 -0.228468 0.245397 0.221266 0.943833 0.383645 
1535381245540 0.256919 0.923969 -0.283327 -0.602915 -0.934818 0.311967 0.169682 -0.228515 0.24517 0.221264 0.943893 0.383578 
1535381245769 0.256955 0.924136 -0.282747 -0.602738 -0.934898 0.311814 0.169523 -0.228418 0.244827 0.22078 0.944095 0.383499 
1535381245974 0.25739 0.924138 -0.282347 -0.602627 -0.934834 0.312106 0.169336 -0.228464 0.244612 0.220363 0.944248 0.383542 
1535381246221 0.257581 0.924264 -0.28176 -0.602479 -0.934867 0.312104 0.169158 -0.22839 0.244285 0.219837 0.944456 0.383466 
1535381246438 0.257753 0.924348 -0.281327 -0.602392 -0.93487 0.312143 0.169067 -0.228303 0.244091 0.219426 0.944601 0.38347 
1535381246658 0.25795 0.924447 -0.280821 -0.602276 -0.93494 0.312127 0.16871 -0.228212 0.243615 0.219032 0.944816 0.383359 
1535381246875 0.258103 0.924605 -0.28016 -0.602147 -0.934912 0.312141 0.168845 -0.228088 0.243564 0.218345 0.944988 0.383439 
1535381247095 0.258285 0.924698 -0.279682 -0.60202 -0.934949 0.312148 0.16862 -0.228025 0.243225 0.217936 0.945169 0.383367 
1535381247342 0.258442 0.924811 -0.279164 -0.60189 -0.935013 0.312108 0.168343 -0.227978 0.242815 0.217515 0.945372 0.383295 
1535381247360 0.258449 0.924811 -0.279158 -0.601887 -0.935008 0.312117 0.168355 -0.227975 0.242827 0.217504 0.945372 0.383296 
1535381247572 0.258654 0.924687 -0.27938 -0.602108 -0.934896 0.312403 0.168446 -0.228001 0.243039 0.217622 0.94529 0.383308 
1535381247803 0.258872 0.924832 -0.278697 -0.602122 -0.935015 0.312326 0.167924 -0.228035 0.242345 0.217115 0.945584 0.383297 
1535381248029 0.259081 0.92496 -0.278076 -0.602145 -0.935107 0.31228 0.167502 -0.228011 0.24177 0.216634 0.945842 0.383309 
1535381248262 0.259213 0.925055 -0.277637 -0.602213 -0.935212 0.312199 0.167062 -0.227944 0.24122 0.216345 0.946048 0.383233 
1535381248502 0.259561 0.92512 -0.277095 -0.602284 -0.935224 0.312338 0.166738 -0.227925 0.2408 0.215867 0.946265 0.383245 
1535381248733 0.259808 0.925143 -0.276786 -0.602328 -0.935215 0.312465 0.166548 -0.227902 0.240567 0.215584 0.946388 0.38315 
1535381248979 0.259915 0.925302 -0.276152 -0.60241 -0.935357 0.312299 0.16606 -0.227747 0.239898 0.21514 0.946659 0.383066 
1535381249215 0.260206 0.925336 -0.275765 -0.602433 -0.935334 0.312456 0.165894 -0.227823 0.239672 0.214766 0.946801 0.383078 
1535381249491 0.260561 0.925431 -0.27511 -0.602513 -0.935439 0.312497 0.165228 -0.227779 0.238878 0.214297 0.947108 0.383006 
1535381250433 0.254355 0.925215 -0.281569 -0.588245 -0.936557 0.308252 0.166856 -0.221363 0.241172 0.221265 0.944922 0.392764 
1535381251368 0.24922 0.924724 -0.287705 -0.57384 -0.937524 0.304842 0.16769 -0.214984 0.242771 0.227938 0.942924 0.402899 
1535381252318 0.244276 0.92412 -0.293821 -0.559383 -0.938502 0.301549 0.168176 -0.208801 0.244016 0.234671 0.94095 0.412961 
1535381253213 0.238976 0.923535 -0.299957 -0.544975 -0.939495 0.297988 0.168975 -0.202453 0.245437 0.241428 0.938868 0.423076 
1535381254174 0.234001 0.922866 -0.305878 -0.530523 -0.940448 0.294648 0.169529 -0.196211 0.246579 0.247992 0.936856 0.43318 
1535381255087 0.228765 0.922076 -0.312159 -0.516116 -0.941405 0.291182 0.170206 -0.189926 0.247838 0.254931 0.934659 0.443226 
1535381255996 0.223545 0.921298 -0.318179 -0.501677 -0.942356 0.287677 0.170903 -0.1836 0.248985 0.261633 0.932499 0.453338 
1535381256862 0.218412 0.920373 -0.324361 -0.487297 -0.943224 0.284342 0.171691 -0.177365 0.25025 0.268446 0.930221 0.463379 
1535381256881 0.218697 0.920307 -0.324357 -0.487185 -0.943145 0.284625 0.171659 -0.177422 0.250299 0.268374 0.930229 0.463505 
1535381260300 0.218549 0.920375 -0.324262 -0.487182 -0.943185 0.284461 0.171708 -0.17736 0.250276 0.268313 0.930253 0.463493 
1535381260310 0.218549 0.920375 -0.324262 -0.487182 -0.943185 0.284461 0.171709 -0.17736 0.250276 0.268313 0.930253 0.463493 
1535381260850 0.218296 0.920365 -0.324462 -0.487201 -0.943145 0.284365 0.172086 -0.177349 0.250648 0.268449 0.930113 0.463561 
1535381261352 0.218369 0.920296 -0.324608 -0.487249 -0.943137 0.284453 0.171987 -0.177489 0.250615 0.268593 0.930081 0.463549 
1535381261827 0.218151 0.920325 -0.324672 -0.487256 -0.943139 0.284311 0.172209 -0.177474 0.250795 0.268643 0.930017 0.463637 
1535381262345 0.217964 0.920281 -0.324923 -0.487271 -0.943149 0.284217 0.172308 -0.177507 0.25092 0.268894 0.929911 0.463624 
1535381262847 0.217748 0.920353 -0.324863 -0.487267 -0.943149 0.284056 0.172576 -0.177496 0.25111 0.268816 0.929883 0.463718 
1535381263329 0.217599 0.920301 -0.32511 -0.487305 -0.943145 0.284003 0.172684 -0.17751 0.251254 0.26905 0.929776 0.463702 
1535381263820 0.217554 0.920308 -0.32512 -0.487272 -0.943121 0.283999 0.172819 -0.177629 0.251381 0.26903 0.929748 0.463779 
1535381264291 0.217282 0.920312 -0.325292 -0.4873 -0.94312 0.283844 0.173081 -0.177616 0.251621 0.269182 0.929639 0.463818 
1535381264828 0.217249 0.920271 -0.325428 -0.487354 -0.943085 0.283885 0.173208 -0.177684 0.251782 0.269277 0.929568 0.463851 
1535381264852 0.217249 0.920271 -0.325429 -0.487354 -0.943084 0.283885 0.173208 -0.177684 0.251783 0.269278 0.929567 0.463851 
1535381265028 0.217292 0.920272 -0.325396 -0.48732 -0.943078 0.283916 0.173193 -0.17764 0.25177 0.269241 0.929581 0.463837 
1535381265241 0.217313 0.920265 -0.325404 -0.487319 -0.94308 0.283929 0.173158 -0.177644 0.251743 0.269253 0.929585 0.463826 
1535381265454 0.217318 0.920263 -0.325405 -0.487318 -0.94308 0.283933 0.173156 -0.177645 0.251742 0.269253 0.929585 0.463826 
1535381265674 0.217285 0.920271 -0.325406 -0.487318 -0.94309 0.2839 0.173154 -0.177647 0.251732 0.269263 0.929585 0.463826 
1535381265886 0.217225 0.920284 -0.325407 -0.487318 -0.943108 0.283839 0.173153 -0.177649 0.251713 0.269281 0.929585 0.463826 
1535381266108 0.217185 0.920295 -0.325406 -0.487317 -0.943119 0.283799 0.173162 -0.177649 0.251709 0.269288 0.929584 0.463829 
1535381266344 0.217145 0.920306 -0.3254 -0.487317 -0.943125 0.283764 0.173186 -0.177648 0.251721 0.269286 0.929581 0.463838 
1535381266581 0.217123 0.920315 -0.325389 -0.487315 -0.943121 0.283751 0.17323 -0.177645 0.251756 0.269269 0.929577 0.463853 
1535381266828 0.217097 0.920319 -0.325394 -0.48732 -0.943128 0.283726 0.173229 -0.177653 0.251749 0.269281 0.929575 0.463854 
1535381266844 0.217095 0.92032 -0.325394 -0.48732 -0.943129 0.283724 0.173229 -0.177654 0.251749 0.269281 0.929575 0.463854 
1535381267010 0.217085 0.920323 -0.325392 -0.487318 -0.943132 0.283713 0.173232 -0.177652 0.251748 0.269282 0.929575 0.463855 
1535381267101 0.217085 0.920323 -0.325393 -0.487318 -0.943131 0.283714 0.173232 -0.177653 0.251748 0.269282 0.929575 0.463855 
1535381267252 0.217087 0.920322 -0.325393 -0.487318 -0.943131 0.283716 0.173231 -0.177654 0.251747 0.269282 0.929575 0.463855 
1535381267397 0.217088 0.920322 -0.325393 -0.487318 -0.943131 0.283716 0.173231 -0.177654 0.251747 0.269283 0.929575 0.463855 
1535381267504 0.217087 0.920322 -0.325394 -0.487318 -0.943131 0.283716 0.17323 -0.177655 0.251747 0.269283 0.929575 0.463855 
1535381267647 0.217087 0.920322 -0.325394 -0.487318 -0.943132 0.283715 0.17323 -0.177656 0.251747 0.269283 0.929575 0.463855 
1535381267741 0.217085 0.920322 -0.325394 -0.487318 -0.943132 0.283714 0.17323 -0.177656 0.251746 0.269284 0.929575 0.463855 
1535381267894 0.217082 0.920322 -0.325395 -0.487319 -0.943133 0.283711 0.173229 -0.177657 0.251745 0.269286 0.929575 0.463855 
1535381267987 0.217081 0.920323 -0.325395 -0.487319 -0.943133 0.283709 0.173229 -0.177658 0.251745 0.269287 0.929575 0.463855 
1535381268005 0.217081 0.920323 -0.325395 -0.487319 -0.943133 0.283709 0.173229 -0.177658 0.251745 0.269287 0.929575 0.463856 
1535381268167 0.217078 0.920325 -0.32539 -0.487317 -0.94313 0.28371 0.173246 -0.177655 0.251759 0.269278 0.929573 0.46386 
1535381268450 0.217079 0.920325 -0.32539 -0.487317 -0.943129 0.283711 0.173248 -0.177656 0.251761 0.269277 0.929573 0.463861 
1535381268687 0.217079 0.920325 -0.32539 -0.487317 -0.943129 0.283712 0.173248 -0.177656 0.251762 0.269276 0.929573 0.463861 
1535381268918 0.21708 0.920325 -0.32539 -0.487317 -0.943129 0.283713 0.173249 -0.177657 0.251763 0.269276 0.929573 0.463862 
1535381269156 0.217079 0.920325 -0.32539 -0.487317 -0.943129 0.283713 0.173251 -0.177657 0.251764 0.269275 0.929573 0.463863 
1535381269379 0.217079 0.920325 -0.32539 -0.487317 -0.943128 0.283713 0.173252 -0.177657 0.251765 0.269275 0.929573 0.463863 
1535381269594 0.217079 0.920325 -0.32539 -0.487317 -0.943128 0.283713 0.173254 -0.177658 0.251767 0.269274 0.929572 0.463864 
1535381269837 0.217079 0.920325 -0.325389 -0.487317 -0.943127 0.283714 0.173256 -0.177658 0.251769 0.269273 0.929572 0.463865 
1535381270069 0.21708 0.920325 -0.325389 -0.487318 -0.943126 0.283715 0.173258 -0.177659 0.251772 0.269272 0.929572 0.463866 
1535381270088 0.21708 0.920325 -0.325389 -0.487318 -0.943126 0.283715 0.173259 -0.177659 0.251772 0.269272 0.929572 0.463867 
1535381270298 0.217077 0.920326 -0.325387 -0.487317 -0.943127 0.283712 0.173261 -0.177657 0.251773 0.269271 0.929572 0.463867 
1535381270521 0.217077 0.920326 -0.325387 -0.487316 -0.943126 0.283713 0.173261 -0.177658 0.251774 0.26927 0.929572 0.463867 
1535381270739 0.217078 0.920326 -0.325387 -0.487316 -0.943126 0.283714 0.173261 -0.177658 0.251774 0.26927 0.929572 0.463867 
1535381270962 0.217079 0.920326 -0.325388 -0.487317 -0.943126 0.283714 0.173261 -0.177658 0.251774 0.26927 0.929572 0.463867 
1535381271178 0.217079 0.920326 -0.325388 -0.487317 -0.943126 0.283715 0.173261 -0.177659 0.251774 0.26927 0.929572 0.463867 
1535381271413 0.21708 0.920326 -0.325388 -0.487317 -0.943126 0.283716 0.173261 -0.177659 0.251775 0.26927 0.929572 0.463867 
1535381271636 0.21708 0.920325 -0.325388 -0.487317 -0.943125 0.283716 0.173262 -0.177659 0.251775 0.26927 0.929571 0.463868 
1535381271873 0.21708 0.920325 -0.325388 -0.487317 -0.943125 0.283716 0.173262 -0.17766 0.251776 0.26927 0.929571 0.463868 
1535381272131 0.21708 0.920325 -0.325388 -0.487318 -0.943125 0.283717 0.173263 -0.17766 0.251777 0.26927 0.929571 0.463869 
1535381272151 0.21708 0.920325 -0.325388 -0.487318 -0.943125 0.283717 0.173263 -0.17766 0.251777 0.26927 0.929571 0.463869 
1535381272381 0.217077 0.920327 -0.325387 -0.487316 -0.943125 0.283714 0.173266 -0.177659 0.251778 0.269268 0.929571 0.463869 
1535381272622 0.217078 0.920326 -0.325387 -0.487316 -0.943125 0.283714 0.173266 -0.177659 0.251778 0.269268 0.929571 0.463869 
1535381272835 0.217079 0.920326 -0.325387 -0.487316 -0.943125 0.283715 0.173265 -0.177659 0.251778 0.269268 0.929571 0.463869 
1535381273056 0.217079 0.920326 -0.325387 -0.487316 -0.943125 0.283716 0.173265 -0.17766 0.251778 0.269269 0.929571 0.463869 
1535381273284 0.21708 0.920326 -0.325387 -0.487316 -0.943125 0.283716 0.173265 -0.17766 0.251778 0.269269 0.929571 0.463869 
1535381273504 0.21708 0.920326 -0.325388 -0.487317 -0.943125 0.283717 0.173265 -0.17766 0.251778 0.269269 0.929571 0.463869 
1535381273721 0.21708 0.920325 -0.325388 -0.487317 -0.943124 0.283717 0.173265 -0.177661 0.251779 0.269269 0.929571 0.463869 
1535381273934 0.217081 0.920325 -0.325388 -0.487317 -0.943124 0.283718 0.173265 -0.177661 0.251779 0.269269 0.929571 0.46387 
1535381274199 0.217081 0.920325 -0.325388 -0.487317 -0.943124 0.283718 0.173266 -0.177661 0.25178 0.269269 0.929571 0.46387 
1535381274218 0.217081 0.920325 -0.325388 -0.487317 -0.943124 0.283718 0.173266 -0.177661 0.251779 0.269269 0.929571 0.46387 
1535381274462 0.217078 0.920327 -0.325386 -0.487316 -0.943125 0.283715 0.173268 -0.177659 0.25178 0.269267 0.929571 0.46387 
1535381274727 0.217078 0.920326 -0.325387 -0.487316 -0.943124 0.283716 0.173268 -0.17766 0.25178 0.269267 0.929571 0.46387 
1535381274987 0.217079 0.920326 -0.325387 -0.487316 -0.943124 0.283716 0.173268 -0.17766 0.251781 0.269267 0.929571 0.46387 
1535381275236 0.217079 0.920326 -0.325387 -0.487316 -0.943124 0.283717 0.173268 -0.17766 0.251781 0.269268 0.929571 0.46387 
1535381275482 0.21708 0.920326 -0.325387 -0.487316 -0.943124 0.283717 0.173268 -0.177661 0.251781 0.269267 0.929571 0.46387 
1535381275738 0.21708 0.920326 -0.325387 -0.487316 -0.943124 0.283718 0.173267 -0.177661 0.251781 0.269267 0.929571 0.46387 
1535381275989 0.217081 0.920326 -0.325387 -0.487316 -0.943124 0.283718 0.173268 -0.177661 0.251781 0.269267 0.929571 0.463871 
1535381276235 0.217081 0.920325 -0.325388 -0.487317 -0.943123 0.283719 0.173268 -0.177661 0.251781 0.269268 0.92957 0.463871 
1535381276512 0.217082 0.920325 -0.325388 -0.487317 -0.943123 0.283719 0.173268 -0.177662 0.251782 0.269268 0.92957 0.463871 
1535381276530 0.217081 0.920325 -0.325388 -0.487317 -0.943123 0.283719 0.173268 -0.177662 0.251782 0.269268 0.92957 0.463871 
1535381276753 0.217078 0.920327 -0.325386 -0.487316 -0.943124 0.283716 0.17327 -0.17766 0.251783 0.269266 0.92957 0.463871 
1535381276988 0.217079 0.920326 -0.325386 -0.487316 -0.943124 0.283717 0.17327 -0.17766 0.251782 0.269266 0.92957 0.463871 
1535381277233 0.217079 0.920326 -0.325386 -0.487316 -0.943124 0.283717 0.17327 -0.17766 0.251783 0.269266 0.92957 0.463871 
1535381277507 0.217079 0.920326 -0.325387 -0.487316 -0.943124 0.283717 0.17327 -0.177661 0.251783 0.269267 0.92957 0.463871 
1535381277757 0.21708 0.920326 -0.325387 -0.487316 -0.943123 0.283718 0.173269 -0.177661 0.251783 0.269267 0.92957 0.463871 
1535381277981 0.217081 0.920326 -0.325387 -0.487316 -0.943123 0.283718 0.173269 -0.177661 0.251783 0.269267 0.92957 0.463871 
1535381278221 0.217081 0.920325 -0.325387 -0.487316 -0.943123 0.283719 0.173269 -0.177662 0.251783 0.269267 0.92957 0.463871 
1535381278547 0.217081 0.920325 -0.325387 -0.487317 -0.943123 0.283719 0.173269 -0.177662 0.251783 0.269267 0.92957 0.463872 
1535381278813 0.217082 0.920325 -0.325387 -0.487317 -0.943123 0.28372 0.17327 -0.177662 0.251783 0.269267 0.92957 0.463872 
1535381278837 0.217082 0.920325 -0.325388 -0.487317 -0.943123 0.28372 0.173269 -0.177662 0.251783 0.269267 0.92957 0.463872 
1535381279084 0.217079 0.920326 -0.325386 -0.487315 -0.943123 0.283717 0.173272 -0.17766 0.251784 0.269265 0.92957 0.463872 
1535381279337 0.217079 0.920326 -0.325386 -0.487316 -0.943123 0.283717 0.173272 -0.177661 0.251784 0.269266 0.92957 0.463872 
1535381279557 0.21708 0.920326 -0.325386 -0.487316 -0.943123 0.283718 0.173272 -0.177661 0.251784 0.269266 0.92957 0.463872 
1535381279803 0.21708 0.920326 -0.325387 -0.487316 -0.943123 0.283718 0.173271 -0.177661 0.251784 0.269266 0.92957 0.463872 
1535381280058 0.217081 0.920326 -0.325387 -0.487316 -0.943123 0.283719 0.173271 -0.177661 0.251784 0.269266 0.92957 0.463872 
1535381280308 0.217081 0.920326 -0.325387 -0.487316 -0.943123 0.283719 0.173271 -0.177662 0.251784 0.269266 0.92957 0.463872 
