1533760810476 0.0451477 0.724616 -0.687673 -0.534512 -0.973119 0.187518 0.133704 -0.219371 0.225835 0.663151 0.713603 0.422824 
1533760816902 0.0451479 0.724618 -0.68767 -0.534511 -0.973119 0.187516 0.133703 -0.219371 0.225833 0.663149 0.713606 0.422825 
1533760817476 0.0419208 0.716807 -0.69601 -0.544851 -0.971373 0.192275 0.139515 -0.218952 0.233831 0.670237 0.704348 0.425262 
1533760818067 0.0385579 0.708559 -0.704597 -0.555538 -0.969556 0.197163 0.145214 -0.218679 0.241813 0.677547 0.69459 0.428011 
1533760818671 0.0351129 0.700293 -0.712991 -0.566238 -0.967643 0.202198 0.150943 -0.218336 0.249869 0.684621 0.684733 0.430823 
1533760819276 0.0314754 0.691847 -0.721358 -0.576909 -0.965698 0.207167 0.156555 -0.218027 0.257753 0.691686 0.674636 0.433605 
1533760819883 0.0278564 0.6834 -0.729512 -0.587597 -0.963696 0.212229 0.162015 -0.217692 0.265545 0.698515 0.664502 0.436437 
1533760820496 0.0239196 0.674851 -0.737567 -0.598245 -0.961675 0.217111 0.167462 -0.217275 0.273146 0.705294 0.65418 0.439241 
