1533682621870 -0.172804 0.820576 -0.544787 -0.603109 -0.975555 -0.0663533 0.209498 -0.25458 0.135761 0.567672 0.811984 0.4134 
1533682621872 0 0 0 0 0 0 0 0 0 0 0 0 
1533682621875 0 0 0 0 0 0 0 0 0 0 0 0 
1533682621879 0 0 0 0 0 0 0 0 0 0 0 0 
1533682621889 -0.159242 0.792999 -0.588044 -0.608982 -0.975112 -0.0332643 0.219201 -0.25405 0.154265 0.608315 0.77856 0.419536 
1533682621899 -0.146613 0.762794 -0.629802 -0.614854 -0.97388 0.000290141 0.227063 -0.25352 0.173385 0.646642 0.742827 0.425672 
1533682621909 -0.134962 0.730069 -0.669914 -0.620725 -0.971862 0.0341908 0.233055 -0.252989 0.193051 0.682518 0.704912 0.431807 
1533682621919 -0.124332 0.694941 -0.708236 -0.626596 -0.969067 0.068317 0.237156 -0.252458 0.213194 0.715814 0.66495 0.437943 
1533682621929 -0.114759 0.657535 -0.744633 -0.632466 -0.965502 0.102547 0.239351 -0.251927 0.233742 0.746413 0.623083 0.444079 
1533682621939 -0.106278 0.617984 -0.778974 -0.638334 -0.961183 0.13676 0.239633 -0.251394 0.254622 0.774205 0.579461 0.450214 
1533682621949 -0.098919 0.576428 -0.811139 -0.644201 -0.956123 0.170833 0.238001 -0.250861 0.27576 0.799091 0.534237 0.456348 
1533682621959 -0.0924871 0.533054 -0.841011 -0.648619 -0.950358 0.204758 0.234293 -0.249479 0.297094 0.820931 0.487655 0.462304 
1533682621983 0 0 0 0 0 0 0 0 0 0 0 0 
1533682621983 0 0 0 0 0 0 0 0 0 0 0 0 
1533682621987 0 0 0 0 0 0 0 0 0 0 0 0 
1533682621997 -0.0924871 0.533054 -0.841011 -0.648619 -0.950358 0.204758 0.234293 -0.249479 0.297094 0.820931 0.487655 0.462304 
1533682622007 -0.0876747 0.4879 -0.868485 -0.656001 -0.943857 0.238075 0.22903 -0.249832 0.318508 0.839806 0.439635 0.468625 
1533682622010 0 0 0 0 0 0 0 0 0 0 0 0 
1533682622014 0 0 0 0 0 0 0 0 0 0 0 0 
1533682622017 0 0 0 0 0 0 0 0 0 0 0 0 
1533682622027 -0.0876723 0.487901 -0.868485 -0.656001 -0.943857 0.238077 0.229029 -0.249832 0.31851 0.839805 0.439635 0.468625 
1533682622037 -0.0876699 0.487901 -0.868485 -0.656001 -0.943856 0.238079 0.229027 -0.249832 0.318511 0.839804 0.439636 0.468625 
1533682622047 -0.0876675 0.487902 -0.868485 -0.656001 -0.943856 0.238081 0.229026 -0.249832 0.318512 0.839803 0.439637 0.468625 
1533682622057 -0.0876651 0.487902 -0.868485 -0.656001 -0.943856 0.238083 0.229025 -0.249832 0.318513 0.839802 0.439638 0.468625 
1533682622067 -0.0876627 0.487903 -0.868485 -0.656001 -0.943856 0.238085 0.229024 -0.249832 0.318515 0.839801 0.439639 0.468625 
1533682622077 -0.0876603 0.487904 -0.868485 -0.656001 -0.943856 0.238087 0.229022 -0.249832 0.318516 0.8398 0.43964 0.468625 
1533682622087 -0.0876579 0.487904 -0.868485 -0.656002 -0.943855 0.238089 0.229021 -0.249832 0.318517 0.839799 0.439641 0.468625 
1533682622097 -0.0876413 0.487908 -0.868484 -0.655913 -0.943856 0.238098 0.229009 -0.24978 0.31852 0.839795 0.439648 0.468612 
1533682622118 0 0 0 0 0 0 0 0 0 0 0 0 
1533682622118 0 0 0 0 0 0 0 0 0 0 0 0 
1533682622128 -0.0876413 0.487908 -0.868484 -0.655913 -0.943856 0.238098 0.229009 -0.24978 0.31852 0.839795 0.439648 0.468612 
1533682622138 -0.0876522 0.487906 -0.868484 -0.656002 -0.943855 0.238094 0.229018 -0.249832 0.31852 0.839797 0.439643 0.468625 
1533682622148 -0.0876514 0.487906 -0.868484 -0.656002 -0.943855 0.238095 0.229017 -0.249832 0.31852 0.839797 0.439643 0.468625 
1533682622158 -0.0876505 0.487906 -0.868484 -0.656002 -0.943855 0.238095 0.229017 -0.249832 0.318521 0.839796 0.439644 0.468625 
1533682622168 -0.0876497 0.487907 -0.868484 -0.656002 -0.943855 0.238096 0.229016 -0.249832 0.318521 0.839796 0.439644 0.468625 
1533682622178 -0.0876489 0.487907 -0.868484 -0.656002 -0.943855 0.238096 0.229016 -0.249832 0.318521 0.839796 0.439644 0.468625 
1533682622188 -0.087648 0.487907 -0.868484 -0.656002 -0.943855 0.238097 0.229015 -0.249832 0.318522 0.839795 0.439645 0.468625 
1533682622198 -0.0876472 0.487907 -0.868484 -0.656002 -0.943855 0.238098 0.229015 -0.249832 0.318522 0.839795 0.439645 0.468625 
1533682622208 -0.0876463 0.487908 -0.868484 -0.656002 -0.943855 0.238098 0.229014 -0.249832 0.318523 0.839795 0.439645 0.468625 
1533682622218 -0.0876455 0.487908 -0.868484 -0.656002 -0.943855 0.238099 0.229014 -0.249832 0.318523 0.839794 0.439646 0.468625 
1533682622235 0 0 0 0 0 0 0 0 0 0 0 0 
1533682622235 0 0 0 0 0 0 0 0 0 0 0 0 
1533682622238 0 0 0 0 0 0 0 0 0 0 0 0 
1533682622248 -0.0876455 0.487908 -0.868484 -0.656002 -0.943855 0.238099 0.229014 -0.249832 0.318523 0.839794 0.439646 0.468625 
1533682622258 -0.0878734 0.488111 -0.868347 -0.655952 -0.943833 0.237945 0.229265 -0.249881 0.318525 0.83972 0.439786 0.468643 
1533682622269 -0.0881027 0.488314 -0.868209 -0.655897 -0.943811 0.237789 0.229516 -0.249932 0.318527 0.839646 0.439926 0.468661 
1533682622278 -0.0883314 0.488517 -0.868072 -0.655843 -0.943789 0.237634 0.229768 -0.24998 0.318529 0.839572 0.440066 0.468678 
1533682622288 -0.0885601 0.48872 -0.867934 -0.655789 -0.943766 0.237479 0.230019 -0.250029 0.318531 0.839497 0.440207 0.468696 
1533682622298 -0.0887901 0.488923 -0.867796 -0.655735 -0.943744 0.237324 0.230271 -0.250081 0.318533 0.839423 0.440347 0.468713 
1533682622308 -0.0890191 0.489126 -0.867658 -0.655681 -0.943722 0.237168 0.230522 -0.25013 0.318535 0.839349 0.440487 0.468731 
1533682622319 -0.089248 0.489329 -0.867521 -0.655626 -0.943699 0.237013 0.230773 -0.25018 0.318538 0.839275 0.440627 0.468748 
1533682622329 -0.0894769 0.489532 -0.867383 -0.655572 -0.943677 0.236857 0.231024 -0.250229 0.31854 0.8392 0.440767 0.468766 
1533682622338 -0.0897069 0.489735 -0.867244 -0.655518 -0.943654 0.236701 0.231276 -0.250281 0.318542 0.839126 0.440907 0.468784 
1533682622356 0 0 0 0 0 0 0 0 0 0 0 0 
1533682622356 0 0 0 0 0 0 0 0 0 0 0 0 
1533682622359 0 0 0 0 0 0 0 0 0 0 0 0 
1533682622370 -0.0897069 0.489735 -0.867244 -0.655518 -0.943654 0.236701 0.231276 -0.250281 0.318542 0.839126 0.440907 0.468784 
1533682622380 -0.0899045 0.489963 -0.867095 -0.65546 -0.943638 0.236544 0.231503 -0.250329 0.318534 0.839037 0.441082 0.468822 
1533682622390 -0.089872 0.48999 -0.867083 -0.655455 -0.943645 0.236543 0.231478 -0.250326 0.318525 0.839022 0.441117 0.468842 
1533682622400 -0.0898417 0.490016 -0.867071 -0.655447 -0.943651 0.236541 0.231455 -0.250326 0.318515 0.839007 0.441153 0.468862 
1533682622410 -0.0898103 0.490042 -0.86706 -0.655441 -0.943657 0.23654 0.231431 -0.250325 0.318505 0.838992 0.441188 0.468882 
1533682622420 -0.089779 0.490069 -0.867048 -0.655433 -0.943663 0.236538 0.231407 -0.250323 0.318495 0.838977 0.441224 0.468902 
1533682622430 -0.0897473 0.490095 -0.867037 -0.655426 -0.94367 0.236537 0.231383 -0.250322 0.318486 0.838962 0.441259 0.468922 
1533682622440 -0.089716 0.490122 -0.867025 -0.655418 -0.943676 0.236535 0.231359 -0.250319 0.318476 0.838947 0.441295 0.468942 
1533682622450 -0.089685 0.490148 -0.867013 -0.655411 -0.943682 0.236534 0.231335 -0.250317 0.318466 0.838932 0.44133 0.468962 
1533682622460 -0.0896536 0.490174 -0.867001 -0.655404 -0.943688 0.236532 0.231311 -0.250316 0.318456 0.838917 0.441366 0.468982 
1533682622475 0 0 0 0 0 0 0 0 0 0 0 0 
1533682622475 0 0 0 0 0 0 0 0 0 0 0 0 
1533682622476 0 0 0 0 0 0 0 0 0 0 0 0 
1533682622479 0 0 0 0 0 0 0 0 0 0 0 0 
1533682622490 -0.0896536 0.490174 -0.867001 -0.655404 -0.943688 0.236532 0.231311 -0.250316 0.318456 0.838917 0.441366 0.468982 
1533682622500 -0.0896089 0.490113 -0.867041 -0.655381 -0.94373 0.236471 0.231205 -0.250317 0.318347 0.83897 0.441344 0.469032 
1533682622510 -0.0895966 0.490025 -0.867092 -0.655365 -0.943765 0.236411 0.231124 -0.25032 0.318247 0.839038 0.441287 0.469064 
1533682622520 -0.0895845 0.489937 -0.867142 -0.655351 -0.943799 0.236351 0.231043 -0.250324 0.318147 0.839106 0.441229 0.469095 
1533682622530 -0.0895726 0.48985 -0.867193 -0.655335 -0.943834 0.236291 0.230962 -0.250327 0.318047 0.839175 0.441172 0.469127 
1533682622540 -0.0895601 0.489761 -0.867245 -0.655321 -0.943869 0.236231 0.23088 -0.250331 0.317946 0.839243 0.441114 0.469158 
1533682622550 -0.089548 0.489673 -0.867295 -0.655306 -0.943904 0.236171 0.230799 -0.250334 0.317846 0.839311 0.441056 0.46919 
1533682622560 -0.0895361 0.489585 -0.867346 -0.65529 -0.943939 0.236111 0.230719 -0.250337 0.317746 0.83938 0.440998 0.469222 
1533682622570 -0.0895239 0.489497 -0.867397 -0.655275 -0.943974 0.23605 0.230637 -0.250341 0.317646 0.839448 0.44094 0.469254 
1533682622580 -0.0895118 0.489409 -0.867448 -0.65526 -0.944009 0.23599 0.230556 -0.250345 0.317546 0.839516 0.440883 0.469285 
1533682622605 -0.0895118 0.489409 -0.867448 -0.65526 -0.944009 0.23599 0.230556 -0.250345 0.317546 0.839516 0.440883 0.469285 
1533682622608 0 0 0 0 0 0 0 0 0 0 0 0 
1533682622618 -0.0898074 0.489171 -0.867552 -0.655218 -0.944056 0.235721 0.230639 -0.25047 0.317322 0.839731 0.440635 0.469339 
1533682622628 -0.0901174 0.489021 -0.867604 -0.655199 -0.944068 0.235511 0.230804 -0.250598 0.317198 0.839877 0.440445 0.469363 
1533682622638 -0.0904267 0.488871 -0.867657 -0.655182 -0.94408 0.235301 0.230969 -0.250726 0.317074 0.840023 0.440256 0.469387 
1533682622648 -0.090737 0.488721 -0.867709 -0.655163 -0.944092 0.23509 0.231135 -0.250852 0.31695 0.840169 0.440066 0.469411 
1533682622658 -0.0910468 0.48857 -0.867761 -0.655145 -0.944104 0.23488 0.2313 -0.25098 0.316826 0.840316 0.439876 0.469434 
1533682622668 -0.0913563 0.48842 -0.867813 -0.655126 -0.944115 0.23467 0.231465 -0.251107 0.316702 0.840462 0.439686 0.469458 
1533682622678 -0.0916653 0.48827 -0.867865 -0.655108 -0.944127 0.234461 0.23163 -0.251235 0.316578 0.840608 0.439497 0.469482 
1533682622688 -0.0919756 0.488119 -0.867917 -0.655089 -0.944139 0.23425 0.231796 -0.251362 0.316454 0.840754 0.439307 0.469505 
1533682622698 -0.0922846 0.487968 -0.867969 -0.655072 -0.94415 0.23404 0.231961 -0.25149 0.316329 0.840899 0.439117 0.469529 
1533682622719 0 0 0 0 0 0 0 0 0 0 0 0 
1533682622719 0 0 0 0 0 0 0 0 0 0 0 0 
1533682622730 -0.0922846 0.487968 -0.867969 -0.655072 -0.94415 0.23404 0.231961 -0.25149 0.316329 0.840899 0.439117 0.469529 
1533682622740 -0.0928921 0.487685 -0.868064 -0.65502 -0.944196 0.233563 0.232256 -0.251747 0.316015 0.841197 0.438774 0.469585 
1533682622750 -0.0931902 0.487551 -0.868107 -0.654987 -0.94423 0.233295 0.232386 -0.251877 0.315825 0.841348 0.43862 0.469618 
1533682622760 -0.0934887 0.487418 -0.86815 -0.654953 -0.944264 0.233027 0.232517 -0.252007 0.315635 0.8415 0.438466 0.46965 
1533682622770 -0.093786 0.487285 -0.868192 -0.65492 -0.944298 0.232759 0.232647 -0.252138 0.315445 0.841651 0.438312 0.469683 
1533682622780 -0.0940846 0.487151 -0.868235 -0.654886 -0.944332 0.232491 0.232777 -0.252267 0.315255 0.841803 0.438158 0.469716 
1533682622790 -0.0943819 0.487017 -0.868278 -0.654854 -0.944366 0.232224 0.232907 -0.252398 0.315064 0.841954 0.438005 0.469749 
1533682622800 -0.0946804 0.486884 -0.86832 -0.65482 -0.944399 0.231955 0.233038 -0.252528 0.314874 0.842105 0.437851 0.469781 
1533682622810 -0.0949782 0.48675 -0.868363 -0.654786 -0.944433 0.231688 0.233168 -0.252658 0.314683 0.842256 0.437697 0.469814 
1533682622813 0 0 0 0 0 0 0 0 0 0 0 0 
1533682622816 0 0 0 0 0 0 0 0 0 0 0 0 
1533682622819 0 0 0 0 0 0 0 0 0 0 0 0 
1533682622830 -0.0952754 0.486616 -0.868405 -0.654754 -0.944466 0.23142 0.233298 -0.252789 0.314493 0.842407 0.437544 0.469847 
1533682622845 0 0 0 0 0 0 0 0 0 0 0 0 
1533682622845 0 0 0 0 0 0 0 0 0 0 0 0 
1533682622846 0 0 0 0 0 0 0 0 0 0 0 0 
1533682622849 0 0 0 0 0 0 0 0 0 0 0 0 
1533682622860 -0.0952754 0.486616 -0.868405 -0.654754 -0.944466 0.23142 0.233298 -0.252789 0.314493 0.842407 0.437544 0.469847 
1533682622870 -0.095632 0.48635 -0.868515 -0.654659 -0.944482 0.231192 0.23346 -0.252982 0.314337 0.842623 0.43724 0.469907 
1533682622880 -0.0956907 0.486219 -0.868582 -0.654599 -0.944465 0.231232 0.233491 -0.253047 0.314372 0.842688 0.43709 0.469934 
1533682622890 -0.0957494 0.486087 -0.868649 -0.654538 -0.944447 0.231272 0.233522 -0.253112 0.314407 0.842753 0.43694 0.469962 
1533682622900 -0.0958081 0.485956 -0.868716 -0.654478 -0.94443 0.231312 0.233553 -0.253177 0.314441 0.842818 0.436789 0.46999 
1533682622910 -0.0958668 0.485824 -0.868783 -0.654418 -0.944412 0.231352 0.233584 -0.253242 0.314476 0.842883 0.436639 0.470018 
1533682622920 -0.0959256 0.485692 -0.868851 -0.654357 -0.944395 0.231392 0.233616 -0.253307 0.314511 0.842948 0.436489 0.470046 
1533682622930 -0.0959843 0.485561 -0.868918 -0.654297 -0.944377 0.231432 0.233647 -0.253371 0.314545 0.843012 0.436339 0.470073 
1533682622940 -0.0960439 0.485429 -0.868985 -0.654237 -0.94436 0.231472 0.233679 -0.253438 0.31458 0.843077 0.436188 0.470102 
1533682622950 -0.0961027 0.485297 -0.869052 -0.654177 -0.944342 0.231512 0.23371 -0.253503 0.314615 0.843142 0.436038 0.47013 
1533682622974 -0.0961027 0.485297 -0.869052 -0.654177 -0.944342 0.231512 0.23371 -0.253503 0.314615 0.843142 0.436038 0.47013 
1533682622977 0 0 0 0 0 0 0 0 0 0 0 0 
1533682622987 -0.0962398 0.485186 -0.869099 -0.654012 -0.944305 0.231543 0.23383 -0.253613 0.314685 0.843198 0.43588 0.47021 
1533682622997 -0.0963175 0.485206 -0.869079 -0.653904 -0.944285 0.231534 0.233918 -0.253655 0.31472 0.843188 0.435872 0.470262 
1533682623007 -0.0963954 0.485227 -0.869059 -0.653794 -0.944265 0.231526 0.234006 -0.253696 0.314756 0.843179 0.435865 0.470313 
1533682623017 -0.0964726 0.485247 -0.869039 -0.653684 -0.944246 0.231517 0.234094 -0.253737 0.314791 0.843169 0.435858 0.470364 
1533682623027 -0.0965496 0.485268 -0.869018 -0.653574 -0.944226 0.231509 0.234182 -0.253778 0.314827 0.84316 0.435851 0.470415 
1533682623037 -0.0966271 0.485289 -0.868998 -0.653466 -0.944206 0.2315 0.23427 -0.253819 0.314862 0.84315 0.435843 0.470467 
1533682623047 -0.0967036 0.485309 -0.868978 -0.653357 -0.944186 0.231492 0.234358 -0.253861 0.314898 0.843141 0.435836 0.470518 
1533682623057 -0.0967813 0.48533 -0.868958 -0.653246 -0.944167 0.231484 0.234446 -0.253902 0.314933 0.843131 0.435829 0.470569 
1533682623067 -0.0968587 0.485351 -0.868938 -0.653138 -0.944147 0.231475 0.234534 -0.253943 0.314969 0.843122 0.435822 0.47062 
1533682623094 -0.0968587 0.485351 -0.868938 -0.653138 -0.944147 0.231475 0.234534 -0.253943 0.314969 0.843122 0.435822 0.47062 
1533682623097 0 0 0 0 0 0 0 0 0 0 0 0 
1533682623108 -0.0971151 0.485364 -0.868902 -0.652916 -0.944137 0.231312 0.234733 -0.254015 0.314918 0.843159 0.435786 0.470753 
1533682623118 -0.0972959 0.485356 -0.868886 -0.652804 -0.944147 0.231156 0.234846 -0.254046 0.314832 0.843206 0.435757 0.470834 
1533682623128 -0.0974754 0.485348 -0.86887 -0.652691 -0.944158 0.231 0.234958 -0.254077 0.314746 0.843253 0.435728 0.470915 
1533682623138 -0.0976563 0.48534 -0.868854 -0.652579 -0.944168 0.230844 0.23507 -0.254108 0.314659 0.8433 0.435699 0.470997 
1533682623148 -0.0978357 0.485333 -0.868839 -0.652466 -0.944178 0.230689 0.235182 -0.254139 0.314573 0.843347 0.435671 0.471078 
1533682623158 -0.0980166 0.485325 -0.868823 -0.652355 -0.944188 0.230533 0.235295 -0.25417 0.314487 0.843395 0.435642 0.471159 
1533682623168 -0.0981969 0.485317 -0.868807 -0.652243 -0.944198 0.230377 0.235407 -0.254201 0.314401 0.843442 0.435613 0.471241 
1533682623178 -0.0983767 0.485309 -0.868791 -0.65213 -0.944208 0.230222 0.235519 -0.254232 0.314314 0.843489 0.435584 0.471322 
1533682623188 -0.0985569 0.485301 -0.868775 -0.652018 -0.944218 0.230066 0.235631 -0.254263 0.314228 0.843536 0.435555 0.471403 
1533682623209 0 0 0 0 0 0 0 0 0 0 0 0 
1533682623209 0 0 0 0 0 0 0 0 0 0 0 0 
1533682623219 -0.0985569 0.485301 -0.868775 -0.652018 -0.944218 0.230066 0.235631 -0.254263 0.314228 0.843536 0.435555 0.471403 
1533682623229 -0.0989499 0.485296 -0.868733 -0.651811 -0.944225 0.229761 0.235899 -0.254319 0.314082 0.843622 0.435494 0.471558 
1533682623239 -0.0991651 0.485298 -0.868707 -0.651715 -0.944223 0.22961 0.236056 -0.254344 0.314021 0.843662 0.43546 0.471632 
1533682623249 -0.0993798 0.485301 -0.868681 -0.651618 -0.94422 0.229459 0.236212 -0.254369 0.313961 0.843701 0.435427 0.471706 
1533682623259 -0.0995943 0.485303 -0.868655 -0.651523 -0.944218 0.229309 0.236369 -0.254395 0.313901 0.843741 0.435394 0.47178 
1533682623269 -0.0998082 0.485306 -0.868629 -0.651426 -0.944215 0.229158 0.236525 -0.254419 0.31384 0.84378 0.435361 0.471853 
1533682623279 -0.100023 0.485308 -0.868603 -0.651331 -0.944213 0.229008 0.236681 -0.254445 0.31378 0.84382 0.435328 0.471927 
1533682623289 -0.100237 0.48531 -0.868577 -0.651236 -0.94421 0.228857 0.236837 -0.25447 0.31372 0.843859 0.435295 0.472001 
1533682623299 -0.100451 0.485313 -0.868551 -0.651139 -0.944207 0.228707 0.236993 -0.254495 0.313659 0.843898 0.435262 0.472075 
1533682623309 -0.100665 0.485315 -0.868525 -0.651043 -0.944205 0.228556 0.237149 -0.25452 0.313599 0.843938 0.435229 0.472149 
1533682623327 0 0 0 0 0 0 0 0 0 0 0 0 
1533682623327 0 0 0 0 0 0 0 0 0 0 0 0 
1533682623338 -0.100665 0.485315 -0.868525 -0.651043 -0.944205 0.228556 0.237149 -0.25452 0.313599 0.843938 0.435229 0.472149 
1533682623348 -0.101038 0.485323 -0.868477 -0.650869 -0.944202 0.228286 0.237419 -0.254564 0.313486 0.844007 0.435177 0.472281 
1533682623358 -0.101198 0.485328 -0.868456 -0.65079 -0.944203 0.228166 0.237533 -0.254583 0.313433 0.844036 0.435158 0.472339 
1533682623368 -0.101358 0.485333 -0.868435 -0.650712 -0.944203 0.228046 0.237647 -0.254603 0.313381 0.844066 0.435138 0.472398 
1533682623378 -0.101519 0.485338 -0.868413 -0.650632 -0.944203 0.227925 0.237761 -0.254622 0.313328 0.844096 0.435119 0.472457 
1533682623388 -0.101677 0.485343 -0.868392 -0.650553 -0.944204 0.227806 0.237874 -0.254641 0.313275 0.844125 0.4351 0.472515 
1533682623398 -0.101838 0.485348 -0.86837 -0.650473 -0.944204 0.227685 0.237989 -0.25466 0.313222 0.844155 0.43508 0.472574 
1533682623408 -0.101997 0.485353 -0.868349 -0.650395 -0.944204 0.227565 0.238102 -0.254679 0.31317 0.844184 0.435061 0.472633 
1533682623418 -0.102157 0.485358 -0.868327 -0.650316 -0.944204 0.227445 0.238216 -0.254699 0.313117 0.844214 0.435042 0.472691 
1533682623428 -0.102316 0.485363 -0.868305 -0.650236 -0.944204 0.227326 0.238329 -0.254718 0.313064 0.844243 0.435023 0.47275 
1533682623448 0 0 0 0 0 0 0 0 0 0 0 0 
1533682623448 0 0 0 0 0 0 0 0 0 0 0 0 
1533682623458 -0.102316 0.485363 -0.868305 -0.650236 -0.944204 0.227326 0.238329 -0.254718 0.313064 0.844243 0.435023 0.47275 
1533682623469 -0.102604 0.485376 -0.868264 -0.650093 -0.944207 0.227103 0.238533 -0.254753 0.312964 0.844295 0.434994 0.472855 
1533682623479 -0.102733 0.485384 -0.868244 -0.650027 -0.944209 0.227 0.238624 -0.25477 0.312915 0.844318 0.434983 0.472903 
1533682623489 -0.102863 0.485392 -0.868225 -0.649961 -0.944211 0.226896 0.238714 -0.254786 0.312867 0.844342 0.434973 0.47295 
1533682623499 -0.102993 0.4854 -0.868205 -0.649896 -0.944212 0.226793 0.238805 -0.254803 0.312819 0.844365 0.434963 0.472998 
1533682623509 -0.103121 0.485408 -0.868185 -0.649829 -0.944214 0.226689 0.238896 -0.254819 0.31277 0.844388 0.434953 0.473045 
1533682623519 -0.103251 0.485416 -0.868165 -0.649764 -0.944216 0.226586 0.238986 -0.254836 0.312722 0.844411 0.434942 0.473092 
1533682623528 -0.10338 0.485424 -0.868145 -0.649697 -0.944218 0.226483 0.239077 -0.254852 0.312673 0.844434 0.434932 0.47314 
1533682623539 -0.10351 0.485432 -0.868126 -0.649631 -0.94422 0.226379 0.239167 -0.254868 0.312625 0.844458 0.434922 0.473187 
1533682623548 -0.103638 0.48544 -0.868106 -0.649566 -0.944222 0.226276 0.239257 -0.254885 0.312577 0.844481 0.434912 0.473234 
1533682623568 0 0 0 0 0 0 0 0 0 0 0 0 
1533682623568 0 0 0 0 0 0 0 0 0 0 0 0 
1533682623578 -0.103638 0.48544 -0.868106 -0.649566 -0.944222 0.226276 0.239257 -0.254885 0.312577 0.844481 0.434912 0.473234 
1533682623588 -0.103879 0.48545 -0.868071 -0.649446 -0.944222 0.226094 0.23943 -0.254914 0.312497 0.844523 0.434886 0.473322 
1533682623598 -0.103993 0.485453 -0.868056 -0.649391 -0.94422 0.226014 0.239513 -0.254927 0.312465 0.844543 0.434871 0.473364 
1533682623608 -0.104106 0.485456 -0.868041 -0.649338 -0.944218 0.225934 0.239596 -0.25494 0.312433 0.844563 0.434855 0.473405 
1533682623618 -0.10422 0.485458 -0.868026 -0.649282 -0.944216 0.225853 0.23968 -0.254953 0.312401 0.844583 0.434839 0.473446 
1533682623628 -0.104333 0.48546 -0.868011 -0.649229 -0.944214 0.225774 0.239763 -0.254967 0.312369 0.844603 0.434823 0.473487 
1533682623638 -0.104447 0.485463 -0.867996 -0.649173 -0.944212 0.225694 0.239846 -0.254979 0.312338 0.844623 0.434807 0.473529 
1533682623648 -0.104559 0.485465 -0.867981 -0.649119 -0.94421 0.225614 0.239929 -0.254993 0.312306 0.844643 0.434791 0.47357 
1533682623658 -0.104672 0.485468 -0.867966 -0.649065 -0.944208 0.225534 0.240012 -0.255006 0.312274 0.844663 0.434775 0.473611 
1533682623668 -0.104786 0.48547 -0.867951 -0.649011 -0.944206 0.225454 0.240095 -0.25502 0.312242 0.844683 0.43476 0.473652 
1533682623688 0 0 0 0 0 0 0 0 0 0 0 0 
1533682623688 0 0 0 0 0 0 0 0 0 0 0 0 
1533682623698 -0.104786 0.48547 -0.867951 -0.649011 -0.944206 0.225454 0.240095 -0.25502 0.312242 0.844683 0.43476 0.473652 
1533682623708 -0.10499 0.485478 -0.867922 -0.648909 -0.944207 0.225297 0.24024 -0.255044 0.312171 0.84472 0.434738 0.473727 
1533682623718 -0.105083 0.485483 -0.867908 -0.648861 -0.944209 0.225219 0.240302 -0.255056 0.312132 0.844738 0.434731 0.473761 
1533682623728 -0.105175 0.485489 -0.867893 -0.648815 -0.944212 0.225141 0.240365 -0.255068 0.312093 0.844756 0.434725 0.473794 
1533682623738 -0.105268 0.485494 -0.867879 -0.648767 -0.944215 0.225063 0.240428 -0.25508 0.312054 0.844774 0.434718 0.473828 
1533682623748 -0.105361 0.485499 -0.867865 -0.648721 -0.944217 0.224985 0.240491 -0.255093 0.312014 0.844792 0.434712 0.473862 
1533682623758 -0.105454 0.485504 -0.867851 -0.648675 -0.94422 0.224907 0.240553 -0.255105 0.311975 0.844809 0.434705 0.473896 
1533682623768 -0.105546 0.485509 -0.867837 -0.648627 -0.944223 0.224829 0.240616 -0.255117 0.311936 0.844827 0.434699 0.473929 
1533682623778 -0.105638 0.485514 -0.867823 -0.64858 -0.944225 0.224751 0.240678 -0.25513 0.311897 0.844845 0.434693 0.473963 
1533682623788 -0.105731 0.485519 -0.867809 -0.648533 -0.944228 0.224673 0.240741 -0.255142 0.311857 0.844863 0.434686 0.473997 
1533682623808 0 0 0 0 0 0 0 0 0 0 0 0 
1533682623808 0 0 0 0 0 0 0 0 0 0 0 0 
1533682623818 -0.105731 0.485519 -0.867809 -0.648533 -0.944228 0.224673 0.240741 -0.255142 0.311857 0.844863 0.434686 0.473997 
1533682623828 -0.105911 0.485528 -0.867782 -0.648447 -0.944228 0.224535 0.240869 -0.255163 0.311797 0.844894 0.434668 0.47406 
1533682623838 -0.105999 0.485531 -0.867769 -0.648407 -0.944225 0.224476 0.240936 -0.255174 0.311775 0.844908 0.434657 0.474091 
1533682623848 -0.106087 0.485535 -0.867757 -0.648366 -0.944222 0.224416 0.241003 -0.255184 0.311753 0.844922 0.434645 0.474121 
1533682623858 -0.106175 0.485538 -0.867744 -0.648327 -0.944219 0.224356 0.241069 -0.255195 0.311732 0.844936 0.434633 0.474151 
1533682623868 -0.106265 0.485541 -0.867731 -0.648288 -0.944217 0.224295 0.241136 -0.255205 0.31171 0.844951 0.434621 0.474182 
1533682623878 -0.106353 0.485544 -0.867719 -0.648247 -0.944214 0.224235 0.241203 -0.255215 0.311688 0.844965 0.43461 0.474212 
1533682623888 -0.106442 0.485548 -0.867706 -0.648208 -0.944211 0.224175 0.24127 -0.255225 0.311666 0.844979 0.434598 0.474242 
1533682623898 -0.10653 0.485551 -0.867693 -0.648169 -0.944208 0.224115 0.241336 -0.255236 0.311644 0.844993 0.434586 0.474273 
1533682623908 -0.106619 0.485554 -0.867681 -0.648128 -0.944205 0.224055 0.241403 -0.255245 0.311623 0.845007 0.434574 0.474303 
1533682623928 0 0 0 0 0 0 0 0 0 0 0 0 
1533682623928 0 0 0 0 0 0 0 0 0 0 0 0 
1533682623938 -0.106619 0.485554 -0.867681 -0.648128 -0.944205 0.224055 0.241403 -0.255245 0.311623 0.845007 0.434574 0.474303 
1533682623948 -0.106774 0.485563 -0.867657 -0.648054 -0.944205 0.223937 0.241515 -0.255264 0.311571 0.845033 0.43456 0.474358 
1533682623958 -0.106842 0.485568 -0.867646 -0.648018 -0.944207 0.223879 0.24156 -0.255274 0.311541 0.845046 0.434557 0.474383 
1533682623968 -0.10691 0.485573 -0.867635 -0.647984 -0.944209 0.22382 0.241606 -0.255283 0.311511 0.845058 0.434554 0.474408 
1533682623978 -0.106977 0.485578 -0.867623 -0.647947 -0.944211 0.223762 0.241652 -0.255292 0.311482 0.845071 0.43455 0.474433 
1533682623988 -0.107045 0.485583 -0.867612 -0.647912 -0.944213 0.223703 0.241698 -0.255302 0.311452 0.845084 0.434547 0.474458 
1533682623998 -0.107113 0.485587 -0.867601 -0.647876 -0.944216 0.223645 0.241744 -0.25531 0.311422 0.845096 0.434544 0.474483 
1533682624008 -0.107182 0.485592 -0.86759 -0.647841 -0.944218 0.223586 0.24179 -0.25532 0.311392 0.845109 0.43454 0.474508 
1533682624018 -0.10725 0.485597 -0.867579 -0.647806 -0.94422 0.223527 0.241836 -0.255329 0.311362 0.845122 0.434537 0.474533 
1533682624028 -0.107317 0.485602 -0.867568 -0.647769 -0.944222 0.223469 0.241881 -0.255338 0.311332 0.845134 0.434534 0.474558 
1533682624045 0 0 0 0 0 0 0 0 0 0 0 0 
1533682624045 0 0 0 0 0 0 0 0 0 0 0 0 
1533682624049 0 0 0 0 0 0 0 0 0 0 0 0 
1533682624059 -0.107317 0.485602 -0.867568 -0.647769 -0.944222 0.223469 0.241881 -0.255338 0.311332 0.845134 0.434534 0.474558 
1533682624069 -0.107442 0.485611 -0.867547 -0.647703 -0.944224 0.223367 0.241968 -0.255353 0.311284 0.845156 0.434527 0.474605 
1533682624079 -0.107501 0.485615 -0.867538 -0.647671 -0.944224 0.223322 0.242011 -0.25536 0.311264 0.845166 0.434522 0.474628 
1533682624089 -0.107559 0.485619 -0.867528 -0.647641 -0.944223 0.223278 0.242052 -0.255368 0.311245 0.845175 0.434518 0.474651 
1533682624099 -0.107617 0.485623 -0.867519 -0.647609 -0.944223 0.223233 0.242095 -0.255375 0.311226 0.845185 0.434513 0.474673 
1533682624109 -0.107675 0.485627 -0.867509 -0.647578 -0.944223 0.223189 0.242137 -0.255382 0.311206 0.845194 0.434508 0.474696 
1533682624119 -0.107733 0.485631 -0.8675 -0.647546 -0.944222 0.223144 0.242179 -0.255389 0.311187 0.845204 0.434504 0.474718 
1533682624129 -0.107791 0.485635 -0.86749 -0.647515 -0.944222 0.2231 0.242221 -0.255396 0.311168 0.845213 0.434499 0.474741 
1533682624139 -0.10785 0.485639 -0.867481 -0.647484 -0.944222 0.223055 0.242263 -0.255403 0.311149 0.845222 0.434495 0.474763 
1533682624149 -0.107908 0.485643 -0.867472 -0.647453 -0.944222 0.223011 0.242305 -0.25541 0.311129 0.845232 0.43449 0.474786 
1533682624165 0 0 0 0 0 0 0 0 0 0 0 0 
1533682624165 0 0 0 0 0 0 0 0 0 0 0 0 
1533682624165 0 0 0 0 0 0 0 0 0 0 0 0 
1533682624169 0 0 0 0 0 0 0 0 0 0 0 0 
1533682624179 -0.107908 0.485643 -0.867472 -0.647453 -0.944222 0.223011 0.242305 -0.25541 0.311129 0.845232 0.43449 0.474786 
1533682624189 -0.108014 0.485648 -0.867456 -0.647393 -0.944224 0.222923 0.242377 -0.255423 0.311086 0.845252 0.434481 0.474828 
1533682624199 -0.108063 0.485648 -0.867449 -0.647365 -0.944226 0.222879 0.242409 -0.255429 0.311062 0.845264 0.434477 0.474848 
1533682624209 -0.108112 0.485649 -0.867443 -0.647338 -0.944228 0.222836 0.24244 -0.255436 0.311038 0.845275 0.434472 0.474868 
1533682624219 -0.108162 0.48565 -0.867436 -0.64731 -0.944231 0.222792 0.242471 -0.255443 0.311014 0.845286 0.434468 0.474888 
1533682624229 -0.108211 0.485651 -0.86743 -0.647283 -0.944233 0.222749 0.242503 -0.255449 0.31099 0.845297 0.434463 0.474908 
1533682624239 -0.10826 0.485651 -0.867423 -0.647256 -0.944235 0.222705 0.242534 -0.255456 0.310966 0.845308 0.434459 0.474928 
1533682624249 -0.108309 0.485652 -0.867417 -0.647227 -0.944237 0.222661 0.242565 -0.255462 0.310942 0.845319 0.434454 0.474948 
1533682624259 -0.108358 0.485653 -0.86741 -0.647199 -0.94424 0.222618 0.242597 -0.255469 0.310918 0.84533 0.43445 0.474968 
1533682624269 -0.108407 0.485653 -0.867403 -0.647172 -0.944242 0.222574 0.242628 -0.255476 0.310894 0.845341 0.434446 0.474987 
1533682624284 0 0 0 0 0 0 0 0 0 0 0 0 
1533682624285 0 0 0 0 0 0 0 0 0 0 0 0 
1533682624285 0 0 0 0 0 0 0 0 0 0 0 0 
1533682624289 0 0 0 0 0 0 0 0 0 0 0 0 
1533682624299 -0.108407 0.485653 -0.867403 -0.647172 -0.944242 0.222574 0.242628 -0.255476 0.310894 0.845341 0.434446 0.474987 
1533682624309 -0.108507 0.485657 -0.867389 -0.647121 -0.944243 0.222494 0.242696 -0.255487 0.310856 0.84536 0.434436 0.475024 
1533682624319 -0.108558 0.485659 -0.867381 -0.647096 -0.944242 0.222457 0.242735 -0.255493 0.310842 0.845369 0.43443 0.475043 
1533682624329 -0.10861 0.485661 -0.867374 -0.647071 -0.944241 0.222421 0.242773 -0.2555 0.310827 0.845377 0.434424 0.475061 
1533682624339 -0.108661 0.485663 -0.867366 -0.647048 -0.944239 0.222384 0.242811 -0.255506 0.310813 0.845385 0.434418 0.475079 
1533682624349 -0.108713 0.485666 -0.867358 -0.647025 -0.944238 0.222348 0.24285 -0.255512 0.310799 0.845394 0.434412 0.475097 
1533682624359 -0.108765 0.485668 -0.86735 -0.646999 -0.944237 0.222311 0.242888 -0.255518 0.310785 0.845402 0.434406 0.475116 
1533682624369 -0.108816 0.485671 -0.867343 -0.646975 -0.944236 0.222275 0.242926 -0.255524 0.31077 0.84541 0.4344 0.475134 
1533682624379 -0.108868 0.485673 -0.867335 -0.646952 -0.944234 0.222238 0.242964 -0.255531 0.310756 0.845418 0.434395 0.475152 
1533682624389 -0.10892 0.485675 -0.867327 -0.646928 -0.944233 0.222201 0.243003 -0.255537 0.310741 0.845427 0.434388 0.47517 
1533682624406 0 0 0 0 0 0 0 0 0 0 0 0 
1533682624406 0 0 0 0 0 0 0 0 0 0 0 0 
1533682624409 0 0 0 0 0 0 0 0 0 0 0 0 
1533682624420 -0.10892 0.485675 -0.867327 -0.646928 -0.944233 0.222201 0.243003 -0.255537 0.310741 0.845427 0.434388 0.47517 
1533682624430 -0.109015 0.485678 -0.867313 -0.646882 -0.944231 0.222134 0.243074 -0.255546 0.310715 0.845443 0.434376 0.475204 
1533682624440 -0.109059 0.485679 -0.867308 -0.64686 -0.944229 0.222104 0.243106 -0.255552 0.310704 0.84545 0.43437 0.475221 
1533682624450 -0.109105 0.485679 -0.867302 -0.646839 -0.944228 0.222073 0.24314 -0.255557 0.310692 0.845458 0.434362 0.475237 
1533682624460 -0.109149 0.485679 -0.867296 -0.646816 -0.944227 0.222042 0.243173 -0.255562 0.31068 0.845466 0.434356 0.475254 
1533682624470 -0.109193 0.48568 -0.86729 -0.646795 -0.944225 0.222012 0.243206 -0.255568 0.310669 0.845474 0.434349 0.47527 
1533682624480 -0.109238 0.48568 -0.867284 -0.646772 -0.944224 0.221981 0.243239 -0.255572 0.310657 0.845482 0.434342 0.475287 
1533682624490 -0.109283 0.485681 -0.867278 -0.646751 -0.944223 0.221951 0.243272 -0.255578 0.310645 0.845489 0.434335 0.475304 
1533682624500 -0.109327 0.485681 -0.867272 -0.64673 -0.944222 0.22192 0.243305 -0.255583 0.310634 0.845497 0.434329 0.47532 
1533682624510 -0.109371 0.485682 -0.867267 -0.646708 -0.94422 0.22189 0.243338 -0.255588 0.310622 0.845505 0.434322 0.475337 
1533682624525 0 0 0 0 0 0 0 0 0 0 0 0 
1533682624525 0 0 0 0 0 0 0 0 0 0 0 0 
1533682624526 0 0 0 0 0 0 0 0 0 0 0 0 
1533682624529 0 0 0 0 0 0 0 0 0 0 0 0 
1533682624540 -0.109371 0.485682 -0.867267 -0.646708 -0.94422 0.22189 0.243338 -0.255588 0.310622 0.845505 0.434322 0.475337 
1533682624550 -0.109455 0.485682 -0.867256 -0.646667 -0.94422 0.221826 0.243396 -0.255597 0.310594 0.845521 0.434311 0.475367 
1533682624560 -0.109494 0.485683 -0.86725 -0.646646 -0.944221 0.221794 0.243422 -0.255602 0.310577 0.845529 0.434307 0.475382 
1533682624570 -0.109534 0.485683 -0.867245 -0.646628 -0.944222 0.221761 0.243449 -0.255607 0.31056 0.845538 0.434302 0.475396 
1533682624580 -0.109573 0.485684 -0.86724 -0.646607 -0.944223 0.221728 0.243475 -0.255613 0.310544 0.845546 0.434298 0.475411 
1533682624590 -0.109612 0.485684 -0.867235 -0.646588 -0.944224 0.221696 0.243501 -0.255618 0.310527 0.845554 0.434294 0.475425 
1533682624600 -0.109652 0.485684 -0.86723 -0.646569 -0.944224 0.221663 0.243527 -0.255623 0.31051 0.845563 0.434289 0.475439 
1533682624610 -0.109691 0.485685 -0.867224 -0.646548 -0.944225 0.221631 0.243554 -0.255628 0.310494 0.845571 0.434285 0.475454 
1533682624620 -0.10973 0.485685 -0.867219 -0.646528 -0.944226 0.221598 0.24358 -0.255633 0.310477 0.845579 0.434281 0.475468 
1533682624630 -0.109769 0.485686 -0.867214 -0.646509 -0.944227 0.221566 0.243606 -0.255639 0.310461 0.845587 0.434276 0.475483 
1533682624646 0 0 0 0 0 0 0 0 0 0 0 0 
1533682624646 0 0 0 0 0 0 0 0 0 0 0 0 
1533682624646 0 0 0 0 0 0 0 0 0 0 0 0 
1533682624649 0 0 0 0 0 0 0 0 0 0 0 0 
1533682624660 -0.109769 0.485686 -0.867214 -0.646509 -0.944227 0.221566 0.243606 -0.255639 0.310461 0.845587 0.434276 0.475483 
1533682624670 -0.109839 0.485689 -0.867203 -0.646471 -0.944232 0.221498 0.243648 -0.255647 0.310422 0.845603 0.434274 0.475509 
1533682624680 -0.109869 0.485691 -0.867198 -0.646452 -0.944236 0.221464 0.243665 -0.255653 0.310399 0.845611 0.434275 0.475521 
1533682624690 -0.1099 0.485694 -0.867193 -0.646434 -0.944239 0.22143 0.243681 -0.255658 0.310377 0.845618 0.434276 0.475533 
1533682624700 -0.109931 0.485697 -0.867187 -0.646415 -0.944243 0.221395 0.243699 -0.255663 0.310355 0.845626 0.434277 0.475545 
1533682624710 -0.109962 0.485699 -0.867182 -0.646397 -0.944247 0.221361 0.243715 -0.255668 0.310332 0.845633 0.434279 0.475558 
1533682624720 -0.109992 0.485702 -0.867177 -0.646379 -0.944251 0.221326 0.243732 -0.255673 0.31031 0.845641 0.43428 0.47557 
1533682624730 -0.110023 0.485704 -0.867171 -0.646359 -0.944254 0.221292 0.243749 -0.255678 0.310288 0.845648 0.434281 0.475582 
1533682624740 -0.110053 0.485707 -0.867166 -0.646341 -0.944258 0.221257 0.243765 -0.255683 0.310265 0.845656 0.434283 0.475594 
1533682624750 -0.110084 0.48571 -0.867161 -0.646323 -0.944262 0.221223 0.243782 -0.255688 0.310243 0.845663 0.434284 0.475606 
1533682624766 0 0 0 0 0 0 0 0 0 0 0 0 
1533682624766 0 0 0 0 0 0 0 0 0 0 0 0 
1533682624766 0 0 0 0 0 0 0 0 0 0 0 0 
1533682624769 0 0 0 0 0 0 0 0 0 0 0 0 
1533682624780 -0.110084 0.48571 -0.867161 -0.646323 -0.944262 0.221223 0.243782 -0.255688 0.310243 0.845663 0.434284 0.475606 
1533682624790 -0.110133 0.485711 -0.867154 -0.646287 -0.944273 0.221155 0.243801 -0.255696 0.310192 0.845681 0.434287 0.475628 
1533682624800 -0.110153 0.485709 -0.867152 -0.64627 -0.94428 0.221121 0.243804 -0.255701 0.310164 0.84569 0.434288 0.47564 
1533682624810 -0.110172 0.485707 -0.867151 -0.646254 -0.944287 0.221087 0.243808 -0.255705 0.310135 0.8457 0.434289 0.47565 
1533682624820 -0.110192 0.485705 -0.867149 -0.646235 -0.944294 0.221053 0.243811 -0.255709 0.310107 0.84571 0.43429 0.475661 
1533682624830 -0.110211 0.485703 -0.867148 -0.646219 -0.944301 0.22102 0.243814 -0.255714 0.310078 0.84572 0.434292 0.475672 
1533682624840 -0.110231 0.485702 -0.867146 -0.646201 -0.944308 0.220986 0.243817 -0.255718 0.31005 0.84573 0.434293 0.475683 
1533682624850 -0.11025 0.4857 -0.867145 -0.646184 -0.944316 0.220952 0.24382 -0.255722 0.310021 0.84574 0.434294 0.475694 
1533682624860 -0.110271 0.485698 -0.867144 -0.646167 -0.944323 0.220918 0.243824 -0.255727 0.309992 0.84575 0.434295 0.475705 
1533682624870 -0.11029 0.485696 -0.867142 -0.646151 -0.94433 0.220884 0.243827 -0.255731 0.309964 0.84576 0.434296 0.475716 
1533682624886 0 0 0 0 0 0 0 0 0 0 0 0 
1533682624886 0 0 0 0 0 0 0 0 0 0 0 0 
1533682624886 0 0 0 0 0 0 0 0 0 0 0 0 
1533682624889 0 0 0 0 0 0 0 0 0 0 0 0 
1533682624900 -0.11029 0.485696 -0.867142 -0.646151 -0.94433 0.220884 0.243827 -0.255731 0.309964 0.84576 0.434296 0.475716 
1533682624910 -0.110336 0.485696 -0.867136 -0.646118 -0.944338 0.220825 0.243847 -0.255738 0.309921 0.845775 0.434296 0.475736 
1533682624920 -0.110365 0.485697 -0.867132 -0.646104 -0.94434 0.220799 0.243865 -0.255742 0.309906 0.845782 0.434294 0.475746 
1533682624930 -0.110393 0.485698 -0.867128 -0.646088 -0.944341 0.220773 0.243883 -0.255746 0.309892 0.845788 0.434293 0.475757 
1533682624940 -0.110421 0.485699 -0.867124 -0.646074 -0.944343 0.220747 0.243901 -0.25575 0.309877 0.845794 0.434292 0.475768 
1533682624950 -0.11045 0.4857 -0.867119 -0.646058 -0.944344 0.22072 0.243919 -0.255754 0.309863 0.8458 0.43429 0.475779 
1533682624960 -0.110478 0.485702 -0.867115 -0.646043 -0.944346 0.220694 0.243937 -0.255759 0.309848 0.845806 0.434288 0.475789 
1533682624970 -0.110507 0.485703 -0.867111 -0.646029 -0.944347 0.220668 0.243955 -0.255763 0.309834 0.845812 0.434287 0.4758 
1533682624980 -0.110535 0.485704 -0.867106 -0.646014 -0.944349 0.220643 0.243973 -0.255767 0.309819 0.845818 0.434285 0.47581 
1533682624990 -0.110563 0.485706 -0.867102 -0.645998 -0.94435 0.220616 0.243991 -0.255771 0.309805 0.845824 0.434284 0.475821 
1533682625005 0 0 0 0 0 0 0 0 0 0 0 0 
1533682625005 0 0 0 0 0 0 0 0 0 0 0 0 
1533682625006 0 0 0 0 0 0 0 0 0 0 0 0 
1533682625009 0 0 0 0 0 0 0 0 0 0 0 0 
1533682625020 -0.110563 0.485706 -0.867102 -0.645998 -0.94435 0.220616 0.243991 -0.255771 0.309805 0.845824 0.434284 0.475821 
1533682625030 -0.110637 0.485685 -0.867104 -0.645971 -0.944355 0.220551 0.24403 -0.255779 0.309762 0.845853 0.434258 0.475843 
1533682625040 -0.110683 0.485663 -0.867111 -0.645961 -0.944359 0.220511 0.244051 -0.255784 0.309734 0.845876 0.434233 0.475856 
1533682625050 -0.11073 0.48564 -0.867117 -0.645951 -0.944363 0.220471 0.244072 -0.255791 0.309705 0.8459 0.434208 0.47587 
1533682625060 -0.110777 0.485618 -0.867124 -0.645941 -0.944367 0.220431 0.244093 -0.255796 0.309677 0.845923 0.434183 0.475883 
1533682625070 -0.110823 0.485596 -0.86713 -0.645931 -0.944371 0.220391 0.244114 -0.255802 0.309649 0.845946 0.434158 0.475896 
1533682625080 -0.11087 0.485573 -0.867137 -0.645921 -0.944374 0.220351 0.244136 -0.255809 0.30962 0.845969 0.434133 0.475911 
1533682625090 -0.110916 0.485551 -0.867143 -0.645911 -0.944378 0.220311 0.244157 -0.255815 0.309592 0.845992 0.434108 0.475924 
1533682625100 -0.110963 0.485529 -0.86715 -0.645901 -0.944382 0.220271 0.244178 -0.255821 0.309564 0.846016 0.434083 0.475938 
1533682625110 -0.111009 0.485506 -0.867157 -0.645891 -0.944386 0.220231 0.2442 -0.255827 0.309535 0.846039 0.434058 0.475951 
1533682625124 0 0 0 0 0 0 0 0 0 0 0 0 
1533682625124 0 0 0 0 0 0 0 0 0 0 0 0 
1533682625126 0 0 0 0 0 0 0 0 0 0 0 0 
1533682625129 0 0 0 0 0 0 0 0 0 0 0 0 
1533682625140 -0.111009 0.485506 -0.867157 -0.645891 -0.944386 0.220231 0.2442 -0.255827 0.309535 0.846039 0.434058 0.475951 
1533682625150 -0.111079 0.485489 -0.867157 -0.64587 -0.944389 0.220174 0.244239 -0.255837 0.309501 0.846064 0.434034 0.475974 
1533682625160 -0.111101 0.485494 -0.867152 -0.645859 -0.944389 0.220156 0.244256 -0.25584 0.309494 0.846065 0.434035 0.475982 
1533682625170 -0.111123 0.485499 -0.867146 -0.645847 -0.944388 0.220139 0.244274 -0.255843 0.309488 0.846067 0.434037 0.475991 
1533682625180 -0.111146 0.485504 -0.86714 -0.645835 -0.944388 0.220122 0.244291 -0.255846 0.309481 0.846069 0.434038 0.476 
1533682625190 -0.111169 0.485509 -0.867135 -0.64582 -0.944387 0.220104 0.244309 -0.25585 0.309474 0.84607 0.43404 0.476009 
1533682625200 -0.111192 0.485514 -0.867129 -0.645808 -0.944387 0.220087 0.244327 -0.255853 0.309468 0.846072 0.434041 0.476018 
1533682625210 -0.111214 0.485519 -0.867123 -0.645796 -0.944386 0.220069 0.244345 -0.255856 0.309461 0.846074 0.434042 0.476027 
1533682625220 -0.111237 0.485524 -0.867118 -0.645781 -0.944386 0.220052 0.244362 -0.255859 0.309455 0.846075 0.434044 0.476036 
1533682625230 -0.111259 0.485529 -0.867112 -0.645768 -0.944385 0.220035 0.24438 -0.255862 0.309448 0.846077 0.434045 0.476045 
1533682625245 0 0 0 0 0 0 0 0 0 0 0 0 
1533682625245 0 0 0 0 0 0 0 0 0 0 0 0 
1533682625246 0 0 0 0 0 0 0 0 0 0 0 0 
1533682625249 0 0 0 0 0 0 0 0 0 0 0 0 
1533682625260 -0.111259 0.485529 -0.867112 -0.645768 -0.944385 0.220035 0.24438 -0.255862 0.309448 0.846077 0.434045 0.476045 
1533682625270 -0.111393 0.485522 -0.867099 -0.645705 -0.944384 0.219936 0.244472 -0.255887 0.309402 0.846107 0.43402 0.47609 
1533682625280 -0.111506 0.485509 -0.867091 -0.645653 -0.944384 0.219853 0.244548 -0.255913 0.309363 0.846136 0.433992 0.476128 
1533682625290 -0.111619 0.485497 -0.867084 -0.645601 -0.944384 0.219771 0.244623 -0.255938 0.309323 0.846164 0.433964 0.476167 
1533682625300 -0.111731 0.485484 -0.867076 -0.645551 -0.944383 0.219689 0.244699 -0.255963 0.309284 0.846193 0.433937 0.476204 
1533682625310 -0.111843 0.485472 -0.867069 -0.645498 -0.944383 0.219606 0.244774 -0.255988 0.309245 0.846221 0.43391 0.476242 
1533682625320 -0.111956 0.485459 -0.867061 -0.645448 -0.944382 0.219524 0.244849 -0.256014 0.309205 0.846249 0.433882 0.47628 
1533682625330 -0.112069 0.485447 -0.867054 -0.645397 -0.944382 0.219442 0.244925 -0.256038 0.309166 0.846278 0.433855 0.476318 
