1533553881613 0.0828614 0.943345 -0.3213 -0.604912 -0.962663 0.159143 0.218983 -0.228934 0.25771 0.291159 0.92131 0.382571 
1533553889725 0.0828597 0.943345 -0.3213 -0.604912 -0.962663 0.159141 0.218982 -0.228934 0.257708 0.291159 0.92131 0.382571 
1533553890052 0.0849908 0.943471 -0.320375 -0.604764 -0.962092 0.161335 0.219886 -0.228719 0.259143 0.289542 0.921418 0.382506 
1533553890287 0.086705 0.943547 -0.31969 -0.604694 -0.961668 0.163067 0.220464 -0.228442 0.260149 0.28832 0.921517 0.382352 
1533553890544 0.088553 0.943592 -0.31905 -0.604591 -0.961129 0.165041 0.221345 -0.228149 0.261515 0.287048 0.921528 0.382153 
1533553890815 0.0905762 0.943671 -0.318246 -0.604468 -0.96055 0.167154 0.222267 -0.227927 0.262943 0.285559 0.921584 0.382081 
1533553891115 0.0927163 0.943758 -0.317372 -0.604328 -0.959982 0.169327 0.223076 -0.227696 0.264269 0.283988 0.92169 0.381963 
1533553891360 0.0946022 0.94383 -0.3166 -0.604225 -0.959461 0.171256 0.223844 -0.227445 0.265491 0.282589 0.921769 0.381893 
1533553891606 0.0964623 0.943888 -0.315864 -0.604117 -0.958942 0.173161 0.224599 -0.227172 0.266692 0.28123 0.921838 0.38176 
1533553891835 0.0983948 0.943908 -0.315209 -0.604016 -0.958373 0.175191 0.225453 -0.226926 0.268029 0.279904 0.921854 0.381601 
1533553892069 0.10027 0.944002 -0.314336 -0.603918 -0.957817 0.177099 0.226324 -0.226608 0.269319 0.278383 0.921938 0.381462 
1533553892086 0.100316 0.944004 -0.314314 -0.603915 -0.957811 0.177138 0.226318 -0.2266 0.269322 0.27835 0.921947 0.381455 
1533553892201 0.100277 0.944016 -0.314291 -0.603915 -0.95782 0.177091 0.226318 -0.226541 0.269306 0.27834 0.921955 0.381411 
1533553892371 0.100398 0.944035 -0.314196 -0.603909 -0.957743 0.177247 0.22652 -0.226462 0.269533 0.278177 0.921938 0.381379 
1533553892491 0.100616 0.944024 -0.314159 -0.603901 -0.957682 0.17748 0.226598 -0.226445 0.269671 0.278065 0.921931 0.381368 
1533553892663 0.100846 0.944018 -0.314103 -0.60389 -0.957606 0.177733 0.226718 -0.226418 0.269852 0.277924 0.921921 0.381353 
1533553892788 0.101043 0.944003 -0.314083 -0.603885 -0.957552 0.177946 0.226779 -0.226405 0.26997 0.277836 0.921913 0.381342 
1533553892924 0.101276 0.943995 -0.314033 -0.603877 -0.957491 0.178188 0.226847 -0.22639 0.2701 0.27771 0.921913 0.38133 
1533553893064 0.101482 0.943999 -0.313954 -0.603864 -0.957437 0.178393 0.226914 -0.226376 0.270214 0.277564 0.921923 0.38132 
1533553893195 0.101773 0.943986 -0.313899 -0.603855 -0.957366 0.178692 0.22698 -0.226361 0.270357 0.277416 0.921926 0.381312 
1533553893361 0.101933 0.944024 -0.313733 -0.603831 -0.95733 0.178821 0.227032 -0.226347 0.270425 0.277204 0.92197 0.381304 
1533553893382 0.101952 0.944029 -0.313712 -0.603828 -0.957327 0.178834 0.227033 -0.226347 0.270429 0.277179 0.921976 0.381304 
1533553893663 0.101872 0.943902 -0.314121 -0.60386 -0.957362 0.17883 0.226888 -0.226303 0.270334 0.277614 0.921873 0.381292 
1533553893992 0.102265 0.943768 -0.314395 -0.603814 -0.957269 0.179314 0.226898 -0.226388 0.270515 0.277757 0.921777 0.381284 
1533553894161 0.102078 0.943761 -0.314477 -0.603776 -0.957351 0.179096 0.226724 -0.226337 0.270295 0.277921 0.921792 0.381302 
1533553894333 0.10233 0.943513 -0.315138 -0.603805 -0.957306 0.179507 0.226587 -0.226309 0.270357 0.278497 0.9216 0.381292 
1533553894525 0.102313 0.943443 -0.315353 -0.603767 -0.957382 0.179467 0.2263 -0.226346 0.270096 0.278759 0.921597 0.381306 
1533553894724 0.102343 0.943308 -0.315746 -0.603784 -0.957351 0.179618 0.22631 -0.226308 0.270194 0.279118 0.92146 0.381303 
1533553894907 0.102537 0.943225 -0.315932 -0.603739 -0.957346 0.179826 0.226168 -0.226361 0.27014 0.279266 0.921431 0.381315 
1533553895040 0.102722 0.943142 -0.316119 -0.603704 -0.957341 0.180028 0.226029 -0.226437 0.270087 0.279415 0.921401 0.381335 
1533553895057 0.102724 0.943138 -0.31613 -0.603704 -0.957344 0.180029 0.226014 -0.226432 0.270075 0.279428 0.921401 0.381342 
1533553895359 0.102677 0.94312 -0.3162 -0.603701 -0.957355 0.179996 0.225994 -0.226437 0.270054 0.279511 0.921382 0.381346 
1533553895532 0.102537 0.94313 -0.316214 -0.603692 -0.957302 0.17994 0.226264 -0.226424 0.270296 0.279511 0.921311 0.381349 
1533553895653 0.102444 0.943108 -0.316311 -0.603692 -0.957261 0.17993 0.226444 -0.226429 0.270475 0.279594 0.921233 0.381353 
1533553895727 0.102323 0.943067 -0.316472 -0.603698 -0.957227 0.179904 0.226609 -0.226437 0.270642 0.279748 0.921137 0.381344 
1533553895826 0.102244 0.943017 -0.316647 -0.603686 -0.957183 0.179926 0.226774 -0.226478 0.270825 0.279903 0.921036 0.381326 
1533553895973 0.102204 0.942932 -0.316913 -0.603662 -0.957122 0.180021 0.226956 -0.226585 0.271055 0.280129 0.9209 0.381371 
1533553896119 0.101993 0.942935 -0.316971 -0.603656 -0.95709 0.179895 0.227191 -0.226581 0.271248 0.280198 0.920822 0.381388 
1533553896259 0.101918 0.942934 -0.316999 -0.603636 -0.957056 0.179877 0.227352 -0.226617 0.271398 0.280214 0.920773 0.381421 
1533553896279 0.101917 0.942924 -0.317028 -0.603638 -0.957045 0.179894 0.227385 -0.226619 0.271438 0.280236 0.920755 0.381429 
1533553896553 0.102296 0.942837 -0.317167 -0.60365 -0.957142 0.180136 0.22678 -0.22664 0.27095 0.280375 0.920856 0.381372 
1533553896743 0.10235 0.942889 -0.316992 -0.603688 -0.957226 0.180052 0.226495 -0.226504 0.270634 0.280252 0.920986 0.381428 
1533553896926 0.102605 0.942861 -0.316994 -0.603673 -0.957374 0.180107 0.225826 -0.226525 0.270015 0.280311 0.92115 0.381388 
1533553897106 0.102903 0.942831 -0.316988 -0.603656 -0.95747 0.180249 0.225304 -0.226501 0.26956 0.280322 0.92128 0.381356 
1533553897250 0.10296 0.942842 -0.316935 -0.603678 -0.95754 0.180211 0.225037 -0.226409 0.26929 0.280308 0.921363 0.381362 
1533553897428 0.103229 0.942828 -0.316891 -0.603701 -0.957636 0.18032 0.224539 -0.226311 0.268844 0.280287 0.9215 0.381327 
1533553897619 0.103519 0.942766 -0.316981 -0.603697 -0.957804 0.180402 0.223754 -0.226351 0.268131 0.280443 0.92166 0.381269 
1533553897826 0.103554 0.9428 -0.316867 -0.603699 -0.95788 0.180324 0.223492 -0.226225 0.267847 0.280378 0.921763 0.381322 
1533553898002 0.103561 0.942839 -0.316749 -0.603698 -0.958027 0.180149 0.223006 -0.226108 0.26732 0.28036 0.921921 0.381302 
1533553898018 0.103594 0.942836 -0.316747 -0.603699 -0.958036 0.180165 0.222951 -0.226115 0.267273 0.280359 0.921935 0.381306 
1533553898177 0.10346 0.942856 -0.316731 -0.603698 -0.958001 0.180089 0.223164 -0.226086 0.267451 0.28034 0.921889 0.381306 
1533553898329 0.103228 0.942883 -0.316728 -0.603694 -0.957947 0.179956 0.223504 -0.226063 0.267735 0.280336 0.921808 0.381324 
1533553898498 0.103233 0.942881 -0.31673 -0.603666 -0.957823 0.18009 0.223928 -0.226106 0.268177 0.280254 0.921704 0.381377 
1533553898670 0.103334 0.942832 -0.316843 -0.603647 -0.957755 0.18027 0.224073 -0.226226 0.268381 0.280304 0.92163 0.381383 
1533553898796 0.103055 0.942838 -0.316918 -0.603658 -0.957755 0.180059 0.22424 -0.226209 0.268485 0.280421 0.921564 0.381357 
1533553898962 0.102937 0.942818 -0.317016 -0.603672 -0.957684 0.180061 0.224544 -0.226187 0.268786 0.280487 0.921456 0.381331 
1533553899095 0.102691 0.942822 -0.317082 -0.603685 -0.957615 0.179948 0.224929 -0.226164 0.269126 0.280544 0.921339 0.381317 
1533553899226 0.102671 0.942817 -0.317104 -0.60369 -0.957503 0.180053 0.225318 -0.226163 0.269529 0.280494 0.921237 0.381368 
1533553899335 0.102696 0.942796 -0.317157 -0.603662 -0.957432 0.180161 0.225536 -0.226255 0.269773 0.280495 0.921165 0.381411 
1533553899352 0.10266 0.942796 -0.31717 -0.603658 -0.957428 0.180138 0.225568 -0.22627 0.269799 0.280511 0.921153 0.381415 
1533553899576 0.102672 0.942805 -0.317139 -0.603653 -0.95736 0.180212 0.2258 -0.226317 0.270038 0.280433 0.921106 0.381356 
1533553899721 0.102474 0.942862 -0.317034 -0.603648 -0.957305 0.180082 0.226137 -0.226309 0.270308 0.280325 0.92106 0.381313 
1533553899911 0.102243 0.942914 -0.316953 -0.603655 -0.957242 0.179939 0.226519 -0.226326 0.27062 0.28024 0.920994 0.381311 
1533553900081 0.102279 0.942973 -0.316768 -0.603672 -0.957144 0.180025 0.226862 -0.226412 0.270951 0.279989 0.920973 0.381368 
1533553900215 0.102192 0.943086 -0.316459 -0.603646 -0.957105 0.179919 0.227111 -0.226426 0.271122 0.279676 0.921018 0.381389 
1533553900369 0.101901 0.943074 -0.316586 -0.603666 -0.95706 0.179759 0.227426 -0.226419 0.271389 0.279817 0.920897 0.381293 
1533553900514 0.101686 0.943165 -0.316386 -0.603661 -0.957038 0.179556 0.227678 -0.226457 0.271547 0.279642 0.920903 0.381295 
1533553900657 0.101785 0.943198 -0.316255 -0.603671 -0.956938 0.179709 0.22798 -0.226515 0.271864 0.279432 0.920873 0.381269 
1533553900795 0.101664 0.943218 -0.316234 -0.603688 -0.956889 0.179656 0.228226 -0.226557 0.27208 0.279399 0.92082 0.381229 
1533553900816 0.10166 0.943219 -0.316234 -0.60369 -0.956881 0.17966 0.228256 -0.226562 0.27211 0.279393 0.920812 0.381225 
1533553901079 0.101774 0.943192 -0.316277 -0.603688 -0.956967 0.179676 0.227884 -0.226579 0.271766 0.279474 0.92089 0.38126 
1533553901247 0.101824 0.943167 -0.316335 -0.603691 -0.95701 0.179686 0.227693 -0.226575 0.271594 0.279551 0.920917 0.381296 
1533553901459 0.10205 0.943128 -0.316379 -0.603686 -0.957142 0.179746 0.227091 -0.226603 0.271044 0.279645 0.92105 0.381332 
1533553901635 0.101867 0.943144 -0.316391 -0.603654 -0.957209 0.179529 0.22698 -0.226506 0.270876 0.279731 0.921074 0.38132 
1533553901784 0.101961 0.943055 -0.316626 -0.603679 -0.957278 0.179592 0.226641 -0.226529 0.270598 0.279991 0.921076 0.381319 
1533553901974 0.102201 0.94304 -0.316593 -0.603675 -0.957324 0.179732 0.226333 -0.22655 0.270343 0.279951 0.921163 0.381388 
1533553902120 0.102117 0.943049 -0.316591 -0.603669 -0.957435 0.179549 0.226009 -0.226531 0.269981 0.280036 0.921244 0.381412 
1533553902261 0.102057 0.943049 -0.316611 -0.603668 -0.957567 0.179368 0.225595 -0.226472 0.269537 0.280152 0.921338 0.381427 
1533553902432 0.102132 0.943016 -0.316686 -0.603677 -0.957601 0.179411 0.225415 -0.226422 0.269387 0.280237 0.921356 0.38146 
1533553902449 0.102131 0.943013 -0.316695 -0.603678 -0.957608 0.179405 0.225389 -0.226422 0.269361 0.28025 0.92136 0.381462 
1533553902741 0.102186 0.943149 -0.316273 -0.60367 -0.957678 0.179276 0.225194 -0.226362 0.269092 0.279876 0.921553 0.381498 
1533553902989 0.102328 0.943193 -0.316096 -0.603703 -0.957705 0.179321 0.225042 -0.226327 0.268941 0.279699 0.92165 0.381366 
1533553903183 0.102708 0.943296 -0.315663 -0.603714 -0.957716 0.179518 0.224841 -0.226307 0.268759 0.279223 0.921848 0.381375 
1533553903343 0.102913 0.943315 -0.31554 -0.603713 -0.957785 0.179585 0.224494 -0.226326 0.268435 0.279116 0.921975 0.381253 
1533553903476 0.102994 0.943393 -0.31528 -0.603731 -0.957799 0.179575 0.224441 -0.226298 0.268352 0.278859 0.922076 0.381278 
1533553903644 0.103268 0.943431 -0.315078 -0.603758 -0.957838 0.17971 0.224166 -0.226328 0.268107 0.278644 0.922212 0.381204 
1533553903797 0.10334 0.943476 -0.31492 -0.6038 -0.957863 0.179705 0.224062 -0.226262 0.26799 0.278495 0.922292 0.381166 
1533553903953 0.103467 0.943573 -0.314586 -0.603828 -0.957888 0.179704 0.223958 -0.226189 0.267853 0.278166 0.922431 0.381152 
1533553903970 0.103491 0.94358 -0.314557 -0.603827 -0.957893 0.179711 0.22393 -0.226192 0.267825 0.278137 0.922447 0.381144 
1533553903987 0.10351 0.943586 -0.314533 -0.603826 -0.957897 0.179717 0.223908 -0.226194 0.267803 0.278113 0.922461 0.381138 
1533553904212 0.103518 0.94359 -0.314519 -0.603847 -0.957914 0.179703 0.223849 -0.226166 0.267741 0.27811 0.92248 0.381114 
1533553904395 0.103512 0.943585 -0.314535 -0.603851 -0.957935 0.179679 0.223775 -0.226164 0.267666 0.278141 0.922493 0.381105 
1533553904525 0.103494 0.943574 -0.314573 -0.603855 -0.957979 0.179628 0.223627 -0.226172 0.267515 0.27821 0.922515 0.381099 
1533553904645 0.103469 0.943566 -0.314607 -0.603857 -0.958021 0.179572 0.223493 -0.226175 0.267375 0.278275 0.922536 0.381081 
1533553904714 0.103431 0.943561 -0.314634 -0.603855 -0.958054 0.179513 0.223398 -0.226169 0.267271 0.27833 0.92255 0.381054 
1533553904810 0.103403 0.943558 -0.314654 -0.603854 -0.958083 0.179465 0.223313 -0.226163 0.267178 0.278373 0.922564 0.381027 
1533553904891 0.103394 0.943555 -0.314665 -0.603855 -0.958101 0.179441 0.223256 -0.226163 0.267118 0.278397 0.922574 0.381014 
1533553904998 0.103387 0.943557 -0.314661 -0.603854 -0.958134 0.1794 0.223146 -0.226168 0.267002 0.278417 0.922602 0.380999 
1533553905015 0.103388 0.943561 -0.314649 -0.603852 -0.958141 0.179391 0.223127 -0.226169 0.266979 0.278409 0.922611 0.380998 
1533553905222 0.102929 0.943651 -0.314528 -0.603834 -0.957969 0.179167 0.224043 -0.226164 0.267772 0.278248 0.92243 0.381052 
1533553905384 0.103032 0.943596 -0.314659 -0.603844 -0.957864 0.179391 0.224312 -0.226288 0.268107 0.27829 0.92232 0.381058 
1533553905503 0.102905 0.943601 -0.314687 -0.603841 -0.957772 0.179388 0.224703 -0.226317 0.268482 0.278275 0.922215 0.38105 
1533553905640 0.102756 0.943632 -0.314643 -0.603815 -0.957656 0.179377 0.225208 -0.22635 0.268953 0.278179 0.922107 0.381111 
1533553905793 0.102569 0.943639 -0.314682 -0.603795 -0.957581 0.17931 0.225579 -0.226385 0.269291 0.278196 0.922003 0.381074 
1533553905947 0.102421 0.943649 -0.314701 -0.603785 -0.957466 0.179312 0.226068 -0.226404 0.269759 0.278161 0.921877 0.38106 
1533553906105 0.102147 0.943671 -0.314725 -0.603791 -0.957393 0.179169 0.226487 -0.226445 0.270118 0.27818 0.921766 0.381112 
1533553906254 0.102065 0.94366 -0.314785 -0.603795 -0.957288 0.179224 0.22689 -0.226449 0.270524 0.278182 0.921646 0.381054 
1533553906271 0.102027 0.94366 -0.314795 -0.603796 -0.957287 0.179196 0.226915 -0.226452 0.270541 0.278198 0.921636 0.381046 
1533553906429 0.10219 0.943629 -0.314836 -0.603801 -0.957279 0.179348 0.226827 -0.226469 0.270506 0.278207 0.921644 0.381042 
1533553906669 0.102243 0.943632 -0.31481 -0.603774 -0.957329 0.179333 0.226628 -0.226408 0.270309 0.278206 0.921702 0.381092 
1533553906791 0.102216 0.943644 -0.314781 -0.603766 -0.957355 0.179278 0.226564 -0.226392 0.27023 0.278199 0.921727 0.381129 
1533553906909 0.10231 0.94363 -0.314794 -0.603763 -0.957377 0.179335 0.226424 -0.226386 0.270114 0.278211 0.921757 0.381167 
1533553907036 0.10241 0.94359 -0.314881 -0.603768 -0.95744 0.179373 0.226128 -0.226395 0.269853 0.278322 0.9218 0.381192 
1533553907177 0.10242 0.94359 -0.314879 -0.603756 -0.957465 0.179355 0.226038 -0.226366 0.269763 0.278334 0.921823 0.381185 
1533553907355 0.102566 0.943536 -0.314994 -0.603756 -0.957543 0.179421 0.225653 -0.226357 0.269428 0.278476 0.921878 0.381224 
1533553907507 0.102711 0.943513 -0.315012 -0.603756 -0.957519 0.179569 0.225635 -0.22635 0.269457 0.278455 0.921876 0.381237 
1533553907524 0.102723 0.943512 -0.315013 -0.603757 -0.957518 0.17958 0.225632 -0.22635 0.269457 0.278453 0.921877 0.381238 
1533553907814 0.102699 0.94349 -0.315085 -0.603751 -0.957512 0.179584 0.225655 -0.226313 0.269488 0.278523 0.921846 0.381258 
1533553908089 0.1026 0.943394 -0.315406 -0.60377 -0.95755 0.179541 0.22553 -0.226288 0.269392 0.278878 0.921767 0.381259 
1533553908294 0.102643 0.943384 -0.315423 -0.603734 -0.957568 0.179562 0.225437 -0.226321 0.269312 0.278899 0.921784 0.381268 
1533553908448 0.102579 0.943321 -0.315632 -0.603743 -0.957564 0.179563 0.225451 -0.226297 0.269348 0.279111 0.921709 0.381263 
1533553908573 0.102649 0.94324 -0.315852 -0.603739 -0.957551 0.179686 0.225408 -0.226316 0.269368 0.279307 0.921645 0.381257 
1533553908732 0.102802 0.943149 -0.316072 -0.603704 -0.957533 0.179883 0.225327 -0.226391 0.269373 0.279485 0.921589 0.381256 
1533553908894 0.102844 0.943097 -0.316215 -0.6037 -0.957528 0.179956 0.22529 -0.226395 0.269375 0.279615 0.921549 0.381262 
1533553909084 0.102716 0.94299 -0.316575 -0.603728 -0.95753 0.179936 0.2253 -0.226338 0.269418 0.279988 0.921423 0.381249 
1533553909176 0.10267 0.94299 -0.31659 -0.603722 -0.957537 0.179894 0.225301 -0.226314 0.269409 0.280015 0.921418 0.381253 
1533553909196 0.102663 0.942992 -0.316585 -0.60372 -0.957539 0.179885 0.2253 -0.226308 0.269405 0.280013 0.921419 0.381257 
1533553909437 0.102685 0.943024 -0.316483 -0.603707 -0.957556 0.179862 0.225248 -0.22631 0.269337 0.27992 0.921467 0.381265 
1533553909721 0.102617 0.943105 -0.316265 -0.60372 -0.957643 0.179663 0.225037 -0.226254 0.269054 0.279776 0.921594 0.381169 
1533553909937 0.102781 0.943148 -0.316084 -0.60376 -0.957658 0.179738 0.224912 -0.226293 0.268937 0.279583 0.921686 0.381101 
1533553910102 0.102841 0.94315 -0.316055 -0.603773 -0.957673 0.179765 0.224826 -0.226313 0.268861 0.279556 0.921717 0.38108 
1533553910219 0.102881 0.943194 -0.315911 -0.603763 -0.957678 0.179759 0.224812 -0.226317 0.268829 0.279412 0.92177 0.381062 
1533553910441 0.102857 0.943262 -0.315717 -0.603782 -0.957708 0.179661 0.224759 -0.226265 0.268728 0.279246 0.921849 0.380999 
1533553910580 0.102893 0.943323 -0.315524 -0.603773 -0.957733 0.179619 0.224689 -0.226271 0.268628 0.279069 0.921933 0.38101 
1533553910722 0.102945 0.943378 -0.315342 -0.603766 -0.95775 0.1796 0.224631 -0.226285 0.268547 0.278894 0.922009 0.381019 
1533553910742 0.102951 0.94338 -0.315333 -0.603766 -0.95775 0.179603 0.224627 -0.226287 0.268543 0.278885 0.922013 0.38102 
1533553910929 0.102642 0.943453 -0.315216 -0.603771 -0.957661 0.179415 0.225158 -0.226279 0.26898 0.27876 0.921923 0.381044 
1533553911145 0.102487 0.943459 -0.315248 -0.603793 -0.957502 0.17946 0.225796 -0.226315 0.269603 0.278709 0.921757 0.381058 
1533553911310 0.102283 0.943468 -0.315288 -0.603774 -0.95747 0.179335 0.226029 -0.226341 0.269793 0.27876 0.921686 0.381002 
1533553911505 0.10193 0.943546 -0.31517 -0.603767 -0.957328 0.179165 0.226768 -0.226332 0.270433 0.278607 0.921544 0.381078 
1533553911719 0.101773 0.94355 -0.315208 -0.603756 -0.957248 0.179128 0.227134 -0.226396 0.270775 0.278616 0.921441 0.380988 
1533553911904 0.101535 0.943615 -0.31509 -0.603746 -0.957011 0.179148 0.228113 -0.226476 0.271698 0.278383 0.92124 0.381078 
1533553912062 0.101519 0.943583 -0.31519 -0.603733 -0.956909 0.179263 0.228449 -0.226649 0.272063 0.278417 0.921122 0.381014 
1533553912210 0.101316 0.943653 -0.315046 -0.603731 -0.956802 0.179171 0.228971 -0.226637 0.272516 0.278238 0.921042 0.381045 
1533553912231 0.101286 0.943664 -0.315023 -0.60373 -0.956787 0.179156 0.229044 -0.226634 0.272579 0.278211 0.921032 0.38106 
1533553912538 0.101501 0.94355 -0.315294 -0.603753 -0.956759 0.179427 0.22895 -0.226609 0.272598 0.278422 0.920962 0.381046 
1533553912724 0.101397 0.943553 -0.315318 -0.603736 -0.956879 0.179226 0.228608 -0.226581 0.272217 0.278541 0.921039 0.381101 
1533553912930 0.101512 0.943496 -0.315453 -0.603736 -0.956848 0.179384 0.228613 -0.22651 0.272283 0.278634 0.920992 0.381177 
1533553913059 0.101552 0.943458 -0.315554 -0.603727 -0.956902 0.179386 0.228384 -0.226515 0.272077 0.278761 0.921014 0.381195 
1533553913183 0.101674 0.943386 -0.315729 -0.603722 -0.956935 0.179493 0.228159 -0.226517 0.271914 0.278934 0.92101 0.381204 
1533553913356 0.101746 0.943305 -0.31595 -0.60371 -0.956946 0.179595 0.228035 -0.226496 0.27185 0.279145 0.920965 0.381241 
1533553913533 0.102238 0.943254 -0.315942 -0.603683 -0.956933 0.180009 0.227761 -0.226592 0.271709 0.27905 0.921035 0.381298 
1533553913705 0.10223 0.943157 -0.316233 -0.603681 -0.957029 0.179975 0.227388 -0.226631 0.271376 0.279399 0.921027 0.381321 
1533553913882 0.10239 0.94313 -0.316262 -0.60366 -0.957002 0.18014 0.22737 -0.226544 0.271411 0.279383 0.921022 0.381347 
1533553913900 0.102381 0.94313 -0.316266 -0.603659 -0.957008 0.180127 0.227353 -0.226542 0.271392 0.279393 0.921025 0.381348 
1533553914073 0.102341 0.943147 -0.316229 -0.603642 -0.95706 0.180032 0.227209 -0.226511 0.271222 0.279397 0.921073 0.381383 
1533553914197 0.102493 0.943122 -0.316253 -0.603643 -0.957099 0.180122 0.226973 -0.226531 0.271028 0.279423 0.921123 0.381383 
1533553914403 0.102668 0.943058 -0.316386 -0.603652 -0.957239 0.180154 0.22636 -0.226582 0.270469 0.279617 0.921228 0.38132 
1533553914571 0.102679 0.943051 -0.316405 -0.603669 -0.957231 0.180175 0.226374 -0.226534 0.270491 0.279629 0.921218 0.381366 
1533553914740 0.102954 0.942988 -0.316504 -0.603692 -0.957348 0.180302 0.225777 -0.226539 0.269972 0.27976 0.92133 0.381403 
1533553914917 0.103031 0.942978 -0.316507 -0.603694 -0.957399 0.180313 0.225555 -0.226477 0.269764 0.279785 0.921384 0.381361 
1533553915028 0.102962 0.94297 -0.316553 -0.6037 -0.957489 0.180175 0.225283 -0.226449 0.26947 0.279901 0.921434 0.381334 
1533553915223 0.102925 0.942981 -0.316535 -0.603709 -0.957556 0.18007 0.225081 -0.226393 0.269246 0.279933 0.92149 0.381367 
1533553915240 0.102922 0.94298 -0.316538 -0.60371 -0.957561 0.180063 0.225066 -0.226391 0.26923 0.27994 0.921493 0.381368 
1533553915566 0.10286 0.943111 -0.316167 -0.603727 -0.957656 0.179826 0.224852 -0.226301 0.268915 0.279651 0.921672 0.381365 
1533553915759 0.103133 0.9431 -0.316111 -0.60374 -0.957639 0.180052 0.22474 -0.226405 0.268869 0.279542 0.921719 0.381325 
1533553915939 0.103219 0.943276 -0.315558 -0.603737 -0.957745 0.179881 0.224427 -0.226363 0.268459 0.279059 0.921985 0.381233 
1533553916080 0.103255 0.943311 -0.31544 -0.603766 -0.957804 0.179821 0.224224 -0.226341 0.268236 0.278977 0.922074 0.381163 
1533553916287 0.10337 0.943396 -0.315149 -0.603794 -0.957836 0.179812 0.224092 -0.226298 0.268075 0.278697 0.922206 0.381153 
1533553916450 0.103453 0.943496 -0.314821 -0.60379 -0.957838 0.1798 0.224094 -0.226263 0.268037 0.278365 0.922317 0.381117 
1533553916622 0.103576 0.94362 -0.314409 -0.603811 -0.957925 0.179713 0.223794 -0.226224 0.26768 0.278001 0.922531 0.381014 
1533553916640 0.103593 0.943631 -0.31437 -0.603813 -0.957937 0.179705 0.223747 -0.226222 0.267628 0.277968 0.922556 0.380996 
1533553916895 0.103575 0.943624 -0.314397 -0.603832 -0.957947 0.179686 0.22372 -0.226188 0.267601 0.278004 0.922553 0.380978 
1533553917008 0.103549 0.943594 -0.314496 -0.603837 -0.957951 0.179684 0.223704 -0.226184 0.267596 0.278107 0.922523 0.380978 
1533553917103 0.103441 0.943573 -0.314595 -0.603832 -0.958016 0.179552 0.223532 -0.226164 0.267405 0.278265 0.922531 0.38099 
1533553917198 0.103415 0.943572 -0.314607 -0.603821 -0.95802 0.179529 0.223532 -0.226144 0.267399 0.278283 0.922527 0.380997 
1533553917320 0.103411 0.943549 -0.314678 -0.603806 -0.958018 0.179544 0.223528 -0.226134 0.267408 0.278352 0.922504 0.381007 
1533553917420 0.103399 0.943523 -0.314758 -0.603805 -0.958027 0.179544 0.223489 -0.226118 0.26738 0.278438 0.922486 0.381014 
1533553917563 0.10341 0.943489 -0.314856 -0.603804 -0.958053 0.179549 0.223375 -0.226101 0.267284 0.278549 0.92248 0.38103 
1533553917580 0.103412 0.943487 -0.314863 -0.603804 -0.958055 0.179551 0.223366 -0.226099 0.267277 0.278557 0.92248 0.381032 
1533553917605 0.103418 0.943481 -0.314878 -0.603804 -0.958058 0.179556 0.223347 -0.226097 0.267262 0.278573 0.922479 0.381035 
1533553917782 0.103471 0.943434 -0.315002 -0.603802 -0.958057 0.17963 0.223294 -0.226043 0.267247 0.278685 0.92245 0.381047 
1533553917887 0.103425 0.943413 -0.315081 -0.603805 -0.958098 0.179568 0.223168 -0.22604 0.267118 0.278797 0.922453 0.381057 
1533553918047 0.103392 0.943354 -0.315267 -0.603817 -0.95815 0.179531 0.222976 -0.22604 0.266945 0.279019 0.922436 0.381077 
1533553918205 0.103384 0.943293 -0.315452 -0.60382 -0.958163 0.179555 0.2229 -0.226043 0.266901 0.27921 0.922391 0.381075 
1533553918385 0.103444 0.943259 -0.315535 -0.60381 -0.958189 0.179596 0.222754 -0.226055 0.266784 0.279299 0.922398 0.381109 
1533553918494 0.103555 0.943241 -0.315552 -0.603802 -0.958188 0.179692 0.222681 -0.226059 0.266743 0.279298 0.92241 0.381135 
1533553918631 0.103704 0.943234 -0.315523 -0.60378 -0.958214 0.17978 0.222499 -0.22608 0.266593 0.279265 0.922464 0.381167 
1533553918776 0.103649 0.943172 -0.315726 -0.603779 -0.958234 0.179761 0.222426 -0.226066 0.266541 0.279486 0.922412 0.381182 
1533553918796 0.103638 0.943168 -0.315742 -0.603777 -0.958238 0.179752 0.222416 -0.226062 0.266531 0.279506 0.922409 0.381184 
1533553919035 0.10327 0.943205 -0.315753 -0.60377 -0.957993 0.17971 0.223503 -0.226048 0.267553 0.279408 0.922142 0.381185 
1533553919257 0.103291 0.94319 -0.315791 -0.603769 -0.957883 0.179852 0.223862 -0.226098 0.26794 0.279367 0.922042 0.381184 
1533553919415 0.103291 0.943192 -0.315785 -0.603777 -0.957822 0.179913 0.224071 -0.226164 0.268155 0.279322 0.921994 0.381182 
1533553919563 0.103198 0.943199 -0.315794 -0.603782 -0.957686 0.179982 0.224598 -0.226202 0.268678 0.279253 0.921862 0.381193 
1533553919682 0.10321 0.9432 -0.315788 -0.603771 -0.957518 0.180164 0.225167 -0.226212 0.269271 0.279134 0.921725 0.381204 
1533553919815 0.103083 0.943212 -0.315793 -0.603763 -0.957417 0.180166 0.225594 -0.226242 0.269678 0.279091 0.921619 0.381216 
1533553919944 0.103028 0.943196 -0.315858 -0.603753 -0.95733 0.180227 0.225915 -0.22629 0.270008 0.279105 0.921518 0.381161 
1533553920115 0.102966 0.943199 -0.31587 -0.603751 -0.95715 0.180364 0.226565 -0.226301 0.270668 0.279006 0.921355 0.381147 
1533553920132 0.102955 0.943205 -0.315854 -0.60375 -0.957136 0.180366 0.226625 -0.226302 0.270723 0.278983 0.921345 0.38116 
1533553920425 0.102859 0.943107 -0.31618 -0.603759 -0.957141 0.180361 0.226609 -0.226317 0.270743 0.27932 0.921238 0.381187 
