1534965516068 0.365126 0.921317 0.133634 -0.531278 -0.923616 0.340503 0.176045 -0.249059 0.116691 -0.187705 0.975269 0.326858 
1534965523966 0.365127 0.921317 0.133634 -0.531278 -0.923615 0.340503 0.176045 -0.249059 0.116691 -0.187705 0.975269 0.326859 
1534965524734 0.357927 0.92983 0.0854643 -0.540732 -0.924231 0.339755 0.174254 -0.249345 0.13299 -0.141359 0.980985 0.332416 
1534965525526 0.349273 0.936324 0.0361349 -0.550549 -0.925009 0.338384 0.172784 -0.249538 0.149554 -0.093774 0.984297 0.338226 
1534965526332 0.339584 0.940483 -0.0132399 -0.56045 -0.925839 0.336712 0.171598 -0.24964 0.165843 -0.046014 0.985078 0.344099 
1534965527462 0.318482 0.941311 -0.111817 -0.580054 -0.927337 0.333841 0.169105 -0.250085 0.196509 0.0498353 0.979235 0.355794 
1534965528265 0.306452 0.938196 -0.16086 -0.589982 -0.928182 0.332001 0.16809 -0.250162 0.211107 0.0977957 0.972558 0.361594 
1534965529072 0.293948 0.932614 -0.209346 -0.59983 -0.92896 0.33031 0.16712 -0.250372 0.225007 0.145349 0.963455 0.367499 
1534965530222 0.26687 0.91424 -0.30487 -0.618894 -0.930511 0.326781 0.165417 -0.250453 0.250857 0.23954 0.937919 0.379348 
1534965530253 0.266473 0.914217 -0.305286 -0.619099 -0.930609 0.326495 0.165433 -0.250412 0.250916 0.240018 0.937781 0.379518 
1534965530644 0.265416 0.913647 -0.3079 -0.619477 -0.930672 0.326194 0.165673 -0.250391 0.251802 0.242582 0.936883 0.379681 
1534965530881 0.264438 0.912605 -0.311808 -0.62005 -0.930611 0.326304 0.165798 -0.250607 0.253052 0.246329 0.935568 0.380045 
1534965531132 0.262749 0.911728 -0.315778 -0.620766 -0.930751 0.325757 0.166089 -0.250571 0.254295 0.250271 0.934183 0.380429 
1534965531374 0.261036 0.910822 -0.319786 -0.621455 -0.930906 0.325189 0.16633 -0.250578 0.255488 0.254273 0.932776 0.380749 
1534965531614 0.259591 0.909886 -0.323603 -0.622145 -0.930954 0.324878 0.166669 -0.250709 0.256781 0.257994 0.931398 0.381288 
1534965531856 0.258159 0.908883 -0.327543 -0.622817 -0.931068 0.324535 0.166698 -0.25076 0.257808 0.26193 0.930015 0.381667 
1534965532100 0.256601 0.907896 -0.331483 -0.623503 -0.931206 0.324089 0.166799 -0.250811 0.258866 0.265878 0.928599 0.382062 
1534965532346 0.25477 0.907008 -0.335305 -0.624174 -0.931374 0.323414 0.167169 -0.250804 0.260065 0.269705 0.92716 0.382503 
1534965532593 0.253324 0.905928 -0.339295 -0.624883 -0.931461 0.323111 0.16727 -0.250867 0.261165 0.273666 0.925689 0.382851 
1534965532614 0.253118 0.905855 -0.339643 -0.624954 -0.931481 0.32302 0.167336 -0.250852 0.261294 0.274015 0.925549 0.382901 
1534965532671 0.252821 0.90579 -0.340038 -0.625083 -0.931482 0.322897 0.167567 -0.250811 0.261578 0.274375 0.925362 0.383069 
1534965532820 0.252667 0.905144 -0.341867 -0.625345 -0.931435 0.323184 0.167274 -0.250955 0.261894 0.276162 0.924741 0.383079 
1534965532981 0.251936 0.904837 -0.343218 -0.625781 -0.93146 0.322931 0.167624 -0.250836 0.262508 0.277463 0.924177 0.38363 
1534965533140 0.251552 0.904303 -0.344903 -0.626082 -0.931453 0.323001 0.167529 -0.250983 0.262901 0.279119 0.923567 0.383837 
1534965533300 0.251045 0.903847 -0.346463 -0.62647 -0.931448 0.322965 0.167625 -0.250942 0.263403 0.280631 0.922966 0.384187 
1534965533469 0.250687 0.903298 -0.34815 -0.626846 -0.93139 0.323108 0.167674 -0.251032 0.263949 0.28223 0.922322 0.38446 
1534965533623 0.250038 0.902894 -0.349663 -0.627171 -0.931475 0.322876 0.167644 -0.251058 0.264262 0.283785 0.921755 0.384773 
1534965533785 0.249469 0.902484 -0.351125 -0.627548 -0.931456 0.322801 0.167897 -0.250994 0.264868 0.285172 0.921153 0.385133 
1534965533942 0.249124 0.901926 -0.352799 -0.627878 -0.931432 0.322915 0.16781 -0.251131 0.265276 0.286803 0.920529 0.385449 
1534965533972 0.249021 0.901761 -0.353292 -0.62798 -0.931405 0.32297 0.167856 -0.251131 0.265468 0.287258 0.920331 0.385502 
1534965533989 0.248987 0.901731 -0.353394 -0.628015 -0.93141 0.322961 0.167843 -0.251128 0.265482 0.287363 0.920294 0.385538 
1534965534108 0.248678 0.901797 -0.353441 -0.628115 -0.931499 0.322674 0.167901 -0.251117 0.265459 0.287477 0.920265 0.385622 
1534965534156 0.248275 0.901945 -0.353348 -0.628139 -0.93167 0.322212 0.167841 -0.251234 0.265236 0.287533 0.920312 0.385641 
1534965534259 0.248116 0.902009 -0.353297 -0.628265 -0.93175 0.322013 0.167779 -0.251421 0.265104 0.287556 0.920343 0.385681 
1534965534327 0.247358 0.902009 -0.353826 -0.628457 -0.931906 0.321452 0.167989 -0.251373 0.265266 0.288179 0.920101 0.385709 
1534965534466 0.246561 0.90214 -0.35405 -0.628771 -0.932154 0.320709 0.168032 -0.251518 0.265135 0.288599 0.920008 0.386029 
1534965534513 0.246276 0.902094 -0.354365 -0.628912 -0.932205 0.320528 0.168095 -0.251679 0.265221 0.288943 0.919875 0.386131 
1534965534616 0.245679 0.902216 -0.354468 -0.629098 -0.93242 0.319928 0.168048 -0.251638 0.26502 0.289226 0.919844 0.386234 
1534965534640 0.245445 0.902256 -0.354529 -0.629166 -0.932493 0.319708 0.168059 -0.251641 0.264978 0.289347 0.919818 0.386262 
1534965534656 0.245262 0.902267 -0.354626 -0.629233 -0.932544 0.319552 0.168074 -0.251656 0.264969 0.289482 0.919778 0.386284 
1534965534675 0.245131 0.902284 -0.354676 -0.629284 -0.932583 0.319434 0.168082 -0.251666 0.264953 0.289563 0.919757 0.386305 
1534965534816 0.24523 0.902278 -0.354621 -0.629219 -0.932487 0.319592 0.168311 -0.251835 0.265198 0.289405 0.919736 0.38632 
1534965534854 0.24499 0.90234 -0.35463 -0.62925 -0.932509 0.319414 0.168526 -0.251988 0.265341 0.289409 0.919694 0.386316 
1534965534940 0.244861 0.902269 -0.3549 -0.629366 -0.932417 0.319482 0.16891 -0.252173 0.265787 0.289555 0.919519 0.386388 
1534965534996 0.244356 0.902341 -0.355064 -0.62945 -0.932508 0.319087 0.169155 -0.252199 0.265931 0.289766 0.919411 0.386433 
1534965535121 0.243891 0.902371 -0.355307 -0.629648 -0.932529 0.318807 0.169563 -0.252482 0.266284 0.289979 0.919242 0.386476 
1534965535162 0.243524 0.902438 -0.35539 -0.62971 -0.932604 0.318503 0.169722 -0.25258 0.266356 0.290106 0.91918 0.386501 
1534965535178 0.243453 0.902449 -0.35541 -0.629731 -0.932609 0.318455 0.169786 -0.252615 0.266405 0.290123 0.919161 0.386516 
1534965535190 0.243504 0.902427 -0.355431 -0.62975 -0.93257 0.318534 0.169848 -0.252645 0.266493 0.290106 0.919141 0.38653 
1534965535207 0.243558 0.902404 -0.355452 -0.629769 -0.93253 0.318617 0.169912 -0.252676 0.266583 0.290086 0.919121 0.386546 
1534965535346 0.243537 0.902389 -0.355506 -0.629799 -0.93247 0.318678 0.170127 -0.252679 0.266813 0.290067 0.919061 0.386509 
1534965535364 0.243892 0.902295 -0.355501 -0.629794 -0.932334 0.319056 0.170167 -0.252663 0.266966 0.289943 0.919055 0.386484 
1534965535382 0.244173 0.902245 -0.355435 -0.629783 -0.932232 0.319337 0.170196 -0.252654 0.267062 0.289791 0.919075 0.386473 
1534965535398 0.24437 0.902246 -0.355295 -0.629764 -0.932173 0.319502 0.170209 -0.25265 0.267088 0.289603 0.919127 0.386472 
1534965535440 0.244371 0.902345 -0.355043 -0.629722 -0.932178 0.31945 0.17028 -0.252609 0.26707 0.289352 0.919211 0.386462 
1534965535487 0.244591 0.902318 -0.354961 -0.629708 -0.93206 0.319705 0.170449 -0.252584 0.267282 0.289154 0.919212 0.386445 
1534965535507 0.244801 0.902273 -0.354932 -0.629706 -0.931958 0.319946 0.170553 -0.252583 0.267444 0.28903 0.919204 0.386435 
1534965535534 0.24506 0.902224 -0.354875 -0.629707 -0.931828 0.320245 0.170704 -0.252598 0.26766 0.28885 0.919197 0.386423 
1534965535551 0.245315 0.902176 -0.354823 -0.629711 -0.931708 0.32053 0.170823 -0.252628 0.267844 0.288686 0.919195 0.386413 
1534965535705 0.245794 0.902207 -0.354412 -0.629588 -0.931611 0.320867 0.170719 -0.252432 0.267743 0.288212 0.919373 0.38646 
1534965535815 0.246231 0.902234 -0.354041 -0.629331 -0.931686 0.321001 0.170059 -0.25243 0.26708 0.287981 0.919638 0.386628 
1534965535907 0.246987 0.902213 -0.353567 -0.629202 -0.931513 0.321589 0.169896 -0.252347 0.266985 0.28739 0.919851 0.386714 
1534965536009 0.247603 0.902228 -0.353096 -0.629035 -0.931385 0.322038 0.169749 -0.25221 0.266862 0.286838 0.920059 0.386773 
1534965536100 0.248162 0.902217 -0.352733 -0.628847 -0.931264 0.322461 0.169606 -0.252087 0.266763 0.286398 0.920225 0.386823 
1534965536203 0.248862 0.902186 -0.352318 -0.628711 -0.931102 0.323011 0.169449 -0.251973 0.266677 0.285874 0.920413 0.386879 
1534965536395 0.250248 0.90207 -0.351634 -0.628331 -0.930829 0.324073 0.168922 -0.251863 0.266335 0.285039 0.920771 0.386981 
1534965536423 0.250446 0.90206 -0.351517 -0.628282 -0.930789 0.324222 0.168856 -0.251822 0.266288 0.284899 0.920828 0.386993 
1534965536459 0.250748 0.902062 -0.351298 -0.628207 -0.930734 0.324436 0.16875 -0.251742 0.266196 0.284651 0.920931 0.387014 
1534965536681 0.250375 0.902023 -0.351662 -0.627524 -0.930788 0.324204 0.168894 -0.251541 0.266356 0.285036 0.920765 0.38734 
1534965536830 0.250796 0.901874 -0.351746 -0.627168 -0.930638 0.324652 0.168858 -0.251533 0.266483 0.284999 0.92074 0.387673 
1534965537040 0.250768 0.901852 -0.351823 -0.626543 -0.930639 0.324648 0.168863 -0.251116 0.266508 0.285075 0.92071 0.387884 
1534965537184 0.251277 0.901702 -0.351841 -0.626115 -0.930479 0.325152 0.168776 -0.251233 0.266588 0.284971 0.920718 0.388186 
1534965537340 0.251333 0.901633 -0.351978 -0.625832 -0.930439 0.325256 0.168794 -0.250975 0.266673 0.285071 0.920663 0.388297 
1534965537490 0.251322 0.901569 -0.35215 -0.625493 -0.930435 0.325285 0.168759 -0.250886 0.266697 0.28524 0.920603 0.388416 
1534965537518 0.251289 0.901571 -0.35217 -0.625422 -0.930438 0.325265 0.168783 -0.250801 0.266718 0.285259 0.920592 0.388438 
1534965537561 0.25123 0.901581 -0.352187 -0.625303 -0.93046 0.325207 0.168777 -0.250741 0.266699 0.285294 0.920586 0.388468 
1534965537747 0.251262 0.901549 -0.352246 -0.624895 -0.930375 0.325329 0.169008 -0.250477 0.266964 0.285255 0.920521 0.388672 
1534965537916 0.251477 0.90134 -0.352627 -0.62446 -0.930242 0.325681 0.169059 -0.250396 0.267224 0.285514 0.920366 0.388847 
1534965538093 0.251502 0.901245 -0.352852 -0.62406 -0.930172 0.325815 0.169189 -0.250176 0.267445 0.285661 0.920256 0.389006 
1534965538264 0.25161 0.901201 -0.352887 -0.623642 -0.930083 0.325986 0.169349 -0.249948 0.267654 0.285604 0.920213 0.389242 
1534965538440 0.251865 0.901091 -0.352986 -0.623173 -0.929969 0.326291 0.169386 -0.249826 0.267808 0.285603 0.920168 0.389435 
1534965538608 0.251801 0.901027 -0.353196 -0.622832 -0.929896 0.326366 0.169641 -0.249497 0.268122 0.28572 0.920041 0.389613 
1534965538776 0.251962 0.900923 -0.353346 -0.62236 -0.929812 0.326589 0.169676 -0.249415 0.268264 0.285794 0.919976 0.389833 
1534965538955 0.251949 0.900854 -0.353532 -0.621971 -0.929754 0.326677 0.169823 -0.249135 0.268477 0.285911 0.919878 0.389943 
1534965538979 0.251813 0.900879 -0.353564 -0.621902 -0.929789 0.326558 0.169858 -0.249015 0.268481 0.285968 0.919859 0.389942 
1534965538995 0.251723 0.900897 -0.353581 -0.621852 -0.92981 0.32648 0.169893 -0.248949 0.268493 0.285998 0.919846 0.389953 
1534965539178 0.25187 0.900829 -0.353651 -0.621491 -0.929679 0.326729 0.170135 -0.24885 0.26881 0.28593 0.919775 0.390174 
1534965539336 0.252197 0.900674 -0.353813 -0.621064 -0.929546 0.327111 0.170123 -0.24886 0.268962 0.285981 0.919714 0.39031 
1534965539502 0.252046 0.900686 -0.353889 -0.62075 -0.929559 0.327015 0.170241 -0.248598 0.269061 0.286052 0.919663 0.390414 
1534965539654 0.252291 0.900637 -0.353838 -0.620364 -0.929403 0.327329 0.170488 -0.248455 0.269369 0.285846 0.919637 0.390653 
1534965539809 0.252417 0.900579 -0.353898 -0.619958 -0.929363 0.327464 0.170444 -0.248437 0.269387 0.285877 0.919622 0.390808 
1534965539964 0.252509 0.90057 -0.353856 -0.619618 -0.92928 0.327603 0.170629 -0.248187 0.269587 0.285746 0.919604 0.39098 
1534965540111 0.252458 0.900553 -0.353933 -0.619245 -0.92927 0.327596 0.170699 -0.248056 0.269671 0.285805 0.919561 0.391148 
1534965540256 0.252267 0.900572 -0.354022 -0.618925 -0.929279 0.32748 0.170873 -0.247799 0.269819 0.28588 0.919495 0.391263 
1534965540277 0.252259 0.90057 -0.354033 -0.61887 -0.929279 0.327477 0.170878 -0.247755 0.269826 0.28589 0.91949 0.391274 
1534965540447 0.252355 0.900562 -0.353984 -0.618624 -0.929264 0.327546 0.170829 -0.247719 0.269788 0.285835 0.919518 0.39137 
1534965540534 0.252188 0.900805 -0.353486 -0.618357 -0.929295 0.327309 0.171109 -0.247462 0.269836 0.285341 0.919657 0.391401 
1534965540644 0.252481 0.90078 -0.353341 -0.618003 -0.929147 0.327628 0.171304 -0.247514 0.270071 0.285055 0.919677 0.391509 
1534965540827 0.252415 0.900982 -0.35287 -0.617479 -0.929096 0.327551 0.171732 -0.247143 0.270311 0.284502 0.919777 0.391729 
1534965540932 0.252584 0.900999 -0.352706 -0.617174 -0.929045 0.327682 0.171755 -0.247115 0.270327 0.284297 0.919836 0.391782 
1534965541035 0.252798 0.901 -0.352552 -0.616888 -0.928945 0.327896 0.171886 -0.246998 0.270469 0.284049 0.919871 0.391842 
1534965541127 0.252499 0.901218 -0.352208 -0.61663 -0.929047 0.32753 0.172037 -0.246788 0.270401 0.283778 0.919974 0.39192 
1534965541154 0.252536 0.901235 -0.352138 -0.616578 -0.929034 0.327554 0.172059 -0.246771 0.27041 0.283697 0.919997 0.39194 
1534965541170 0.252591 0.901239 -0.352089 -0.616534 -0.929019 0.327596 0.172062 -0.246768 0.270411 0.283636 0.920015 0.39195 
1534965541269 0.252679 0.90124 -0.352022 -0.616314 -0.92897 0.327691 0.172142 -0.24671 0.270496 0.283522 0.920026 0.391992 
1534965541372 0.252501 0.90134 -0.351895 -0.616101 -0.92902 0.327499 0.172237 -0.246484 0.270489 0.283427 0.920057 0.392055 
1534965541464 0.252671 0.901341 -0.351771 -0.615832 -0.928968 0.32764 0.17225 -0.246379 0.27051 0.283261 0.920102 0.392126 
1534965541569 0.252615 0.90143 -0.351581 -0.615579 -0.928999 0.327535 0.172282 -0.246206 0.270456 0.283098 0.920168 0.3922 
1534965541668 0.252518 0.901531 -0.351394 -0.61536 -0.92904 0.327393 0.172331 -0.245997 0.270405 0.282942 0.920231 0.39226 
1534965541770 0.252718 0.901538 -0.35123 -0.615064 -0.929004 0.32753 0.172265 -0.245933 0.270341 0.28276 0.920306 0.392313 
1534965541871 0.252906 0.901534 -0.351105 -0.614781 -0.928966 0.327668 0.172207 -0.245872 0.270296 0.282613 0.920364 0.392365 
1534965541972 0.252754 0.901653 -0.350909 -0.614556 -0.929024 0.327472 0.172271 -0.245648 0.270242 0.282461 0.920427 0.392436 
1534965541996 0.252699 0.901694 -0.350844 -0.614475 -0.929038 0.327409 0.172313 -0.245554 0.270243 0.282404 0.920444 0.39246 
1534965542013 0.252679 0.901714 -0.350806 -0.614427 -0.929043 0.327383 0.172337 -0.245501 0.270246 0.282368 0.920454 0.392476 
1534965542030 0.252732 0.901715 -0.350766 -0.614377 -0.929023 0.327431 0.172353 -0.245474 0.270265 0.282311 0.920466 0.392499 
1534965542179 0.252993 0.90165 -0.350744 -0.614171 -0.929012 0.327608 0.172073 -0.2454 0.270056 0.282312 0.920527 0.392598 
1534965542233 0.253017 0.901611 -0.350829 -0.61397 -0.929033 0.327618 0.171943 -0.245296 0.269964 0.282427 0.920519 0.392604 
1534965542347 0.253476 0.901468 -0.350863 -0.613739 -0.92897 0.327988 0.171575 -0.24528 0.269748 0.282451 0.920574 0.392662 
1534965542397 0.253309 0.901516 -0.350859 -0.61357 -0.929086 0.327758 0.171388 -0.245107 0.269507 0.282564 0.92061 0.392683 
1534965542554 0.253554 0.901515 -0.350686 -0.613158 -0.929068 0.327903 0.171209 -0.244849 0.269338 0.2824 0.92071 0.392904 
1534965542616 0.253826 0.901462 -0.350625 -0.612945 -0.929038 0.328099 0.170995 -0.244821 0.269185 0.282341 0.920773 0.393013 
1534965542640 0.254049 0.901402 -0.350619 -0.612894 -0.928996 0.328287 0.170865 -0.244935 0.269122 0.282316 0.920799 0.393056 
1534965542662 0.254201 0.901361 -0.350614 -0.612855 -0.928968 0.328414 0.170773 -0.245007 0.269074 0.282299 0.920818 0.393088 
1534965542734 0.254044 0.901403 -0.35062 -0.612737 -0.92906 0.328217 0.170651 -0.244811 0.268905 0.282393 0.920839 0.393122 
1534965542817 0.253707 0.901372 -0.350944 -0.612635 -0.929126 0.32799 0.170724 -0.244542 0.268992 0.282757 0.920702 0.393117 
1534965542916 0.254154 0.901107 -0.3513 -0.612405 -0.928955 0.328527 0.170625 -0.244576 0.269163 0.282977 0.920584 0.39318 
1534965542996 0.25401 0.901103 -0.351415 -0.612239 -0.928999 0.328409 0.170613 -0.244434 0.269148 0.283127 0.920543 0.393235 
1534965543100 0.254158 0.901038 -0.351474 -0.612069 -0.928976 0.32854 0.170486 -0.244275 0.269088 0.28318 0.920544 0.393329 
1534965543173 0.254365 0.900936 -0.351587 -0.611839 -0.92892 0.328755 0.170377 -0.244261 0.269084 0.283258 0.920521 0.393395 
1534965543291 0.254253 0.900891 -0.351782 -0.611676 -0.928916 0.328723 0.170458 -0.244041 0.269203 0.283436 0.920431 0.393517 
1534965543342 0.254185 0.900861 -0.351909 -0.611522 -0.928926 0.328693 0.170463 -0.243923 0.269233 0.283568 0.920382 0.393544 
1534965543367 0.254314 0.90081 -0.351946 -0.611493 -0.928888 0.328823 0.170418 -0.243969 0.269242 0.283578 0.920376 0.393566 
1534965543383 0.254446 0.90076 -0.351977 -0.611469 -0.92885 0.328955 0.170372 -0.244021 0.269249 0.283583 0.920372 0.393587 
1534965543431 0.254678 0.900669 -0.352043 -0.611366 -0.92878 0.32919 0.170296 -0.244044 0.269269 0.2836 0.920361 0.393621 
1534965543495 0.254334 0.900832 -0.351873 -0.611251 -0.928916 0.328793 0.170323 -0.243792 0.269126 0.283542 0.920421 0.393645 
1534965543559 0.254299 0.901148 -0.351089 -0.611052 -0.929055 0.328475 0.170176 -0.24355 0.268678 0.282906 0.920748 0.393714 
1534965543640 0.254693 0.901183 -0.350714 -0.610811 -0.929012 0.328705 0.169971 -0.243553 0.268456 0.282528 0.920929 0.393766 
1534965543696 0.254848 0.90126 -0.350403 -0.610596 -0.929031 0.328727 0.169822 -0.243497 0.268241 0.282256 0.921075 0.393807 
1534965543827 0.255155 0.901424 -0.349757 -0.610187 -0.92907 0.328763 0.169539 -0.243307 0.267814 0.28169 0.921372 0.393889 
1534965543868 0.255182 0.90151 -0.349516 -0.610014 -0.929104 0.328699 0.169477 -0.243154 0.26767 0.28149 0.921475 0.393915 
1534965543892 0.255255 0.90152 -0.349437 -0.609956 -0.929099 0.328738 0.169433 -0.243143 0.26762 0.281413 0.921513 0.39393 
1534965543909 0.255375 0.901508 -0.34938 -0.609918 -0.929075 0.328829 0.169383 -0.243173 0.267587 0.281344 0.921544 0.393945 
1534965544084 0.255447 0.901697 -0.348841 -0.609423 -0.929142 0.328704 0.16926 -0.242715 0.267287 0.280886 0.921771 0.394011 
1534965544203 0.256156 0.90165 -0.348441 -0.609045 -0.929033 0.329202 0.168887 -0.242792 0.266985 0.280451 0.92199 0.39418 
1534965544386 0.256659 0.90178 -0.347734 -0.608418 -0.929014 0.329416 0.16858 -0.242535 0.266571 0.279782 0.922313 0.394332 
1534965544489 0.256881 0.901882 -0.347307 -0.608126 -0.929025 0.329467 0.168416 -0.242375 0.266318 0.279394 0.922504 0.394415 
1534965544593 0.256926 0.901964 -0.347059 -0.607875 -0.929047 0.329427 0.168373 -0.24215 0.266197 0.279175 0.922605 0.394515 
1534965544699 0.257454 0.901947 -0.346711 -0.607521 -0.928942 0.329814 0.168194 -0.242135 0.266053 0.278772 0.922769 0.394643 
1534965544723 0.257515 0.901948 -0.346663 -0.607461 -0.92893 0.329857 0.168178 -0.242144 0.266038 0.278717 0.92279 0.39467 
1534965544891 0.25786 0.902064 -0.346104 -0.607198 -0.92893 0.329977 0.167945 -0.242014 0.265703 0.2782 0.923042 0.394773 
1534965544979 0.25786 0.902233 -0.345665 -0.606972 -0.928999 0.329822 0.167865 -0.241701 0.265461 0.277836 0.923221 0.394756 
1534965545092 0.258259 0.902331 -0.345111 -0.606636 -0.92892 0.33006 0.167835 -0.241612 0.26535 0.277235 0.923434 0.394767 
1534965545183 0.258327 0.90254 -0.344512 -0.606369 -0.928999 0.32991 0.167691 -0.241376 0.265005 0.276732 0.923684 0.394803 
1534965545291 0.259025 0.902525 -0.344028 -0.606014 -0.928874 0.330402 0.167413 -0.241366 0.264762 0.276195 0.923914 0.394871 
1534965545402 0.258979 0.902701 -0.343599 -0.605804 -0.928963 0.3302 0.167316 -0.241151 0.264493 0.275859 0.924091 0.394929 
1534965545512 0.25939 0.902853 -0.342889 -0.605479 -0.928957 0.330341 0.167073 -0.240934 0.264112 0.275192 0.924399 0.394996 
1534965545620 0.259708 0.903012 -0.342229 -0.605157 -0.928989 0.330392 0.166796 -0.240817 0.263688 0.274609 0.924694 0.395028 
1534965545644 0.259808 0.903006 -0.34217 -0.605105 -0.928968 0.330468 0.166761 -0.240819 0.263662 0.274539 0.924722 0.39504 
1534965545664 0.259827 0.903022 -0.342112 -0.605048 -0.928973 0.330464 0.166743 -0.240779 0.263629 0.274488 0.924747 0.395046 
1534965545809 0.260244 0.903164 -0.341421 -0.604824 -0.929004 0.330574 0.166348 -0.240702 0.263105 0.273891 0.925073 0.395061 
1534965545899 0.26071 0.903388 -0.340471 -0.604595 -0.929044 0.33066 0.165954 -0.240482 0.262501 0.273047 0.925494 0.395027 
1534965546068 0.261448 0.90389 -0.338567 -0.604029 -0.92921 0.330616 0.165111 -0.240007 0.261178 0.271432 0.926343 0.395071 
1534965546244 0.262431 0.904355 -0.336558 -0.603502 -0.929323 0.33077 0.164163 -0.239605 0.259785 0.26969 0.927243 0.395168 
1534965546423 0.263336 0.904782 -0.334699 -0.602961 -0.929348 0.330994 0.163571 -0.239216 0.25878 0.267978 0.92802 0.395254 
1534965546451 0.263456 0.904877 -0.334349 -0.602837 -0.929367 0.33099 0.163473 -0.239088 0.258589 0.267665 0.928163 0.395276 
1534965546631 0.263197 0.904673 -0.335103 -0.602674 -0.929181 0.33115 0.164204 -0.239088 0.25952 0.268154 0.927762 0.395346 
1534965546801 0.262251 0.904344 -0.33673 -0.602377 -0.928905 0.331118 0.165823 -0.239157 0.261459 0.269302 0.926885 0.395574 
1534965546976 0.261679 0.90395 -0.338228 -0.601946 -0.928517 0.33142 0.167384 -0.23924 0.263402 0.270249 0.926059 0.395853 
1534965547142 0.260755 0.903743 -0.339492 -0.601603 -0.928206 0.331371 0.169196 -0.239045 0.265408 0.271 0.925266 0.396092 
1534965547306 0.260215 0.903401 -0.340814 -0.601187 -0.927831 0.331649 0.1707 -0.239093 0.267241 0.271799 0.924504 0.396341 
1534965547473 0.259614 0.903034 -0.342242 -0.600763 -0.927491 0.331872 0.172108 -0.239128 0.269 0.272745 0.923715 0.396558 
1534965547641 0.2589 0.902671 -0.343738 -0.600377 -0.927112 0.332075 0.173752 -0.239067 0.270988 0.273699 0.922851 0.396748 
1534965547878 0.257401 0.902093 -0.346371 -0.599572 -0.926425 0.332294 0.17697 -0.238947 0.27474 0.275334 0.921254 0.397266 
1534965547902 0.257304 0.902016 -0.346643 -0.59944 -0.9263 0.332408 0.177407 -0.238982 0.275251 0.275448 0.921068 0.397365 
1534965547918 0.257311 0.901974 -0.346747 -0.599391 -0.926236 0.332498 0.177575 -0.239016 0.27546 0.275477 0.920996 0.397401 
1534965548030 0.257242 0.901911 -0.346962 -0.599347 -0.926186 0.332544 0.177746 -0.238989 0.275691 0.275628 0.920882 0.397373 
1534965548124 0.256817 0.902047 -0.346923 -0.599172 -0.926309 0.332134 0.177873 -0.238719 0.275675 0.275677 0.920872 0.397346 
1534965548216 0.256998 0.902027 -0.346842 -0.598848 -0.926133 0.332413 0.178268 -0.238824 0.276097 0.275407 0.920826 0.397572 
1534965548307 0.256597 0.901974 -0.347277 -0.598674 -0.926027 0.33234 0.178954 -0.238659 0.276826 0.275669 0.920529 0.397683 
1534965548467 0.256332 0.901853 -0.347787 -0.598173 -0.925831 0.332461 0.179741 -0.238608 0.277725 0.275918 0.920183 0.397753 
1534965548522 0.25601 0.901872 -0.347974 -0.597955 -0.925835 0.332282 0.180048 -0.238504 0.278006 0.276072 0.920053 0.397781 
1534965548629 0.255774 0.901856 -0.348188 -0.597768 -0.925674 0.332329 0.180792 -0.238337 0.278761 0.276066 0.919826 0.397963 
1534965548649 0.255654 0.901865 -0.348255 -0.597679 -0.925672 0.332264 0.180918 -0.238295 0.278876 0.276117 0.919776 0.397987 
1534965548664 0.255573 0.901868 -0.348307 -0.597614 -0.925659 0.332235 0.181042 -0.238263 0.278996 0.276143 0.919732 0.398004 
1534965548685 0.255523 0.901861 -0.34836 -0.597556 -0.925622 0.332248 0.181204 -0.238235 0.279163 0.276148 0.919679 0.398031 
1534965548860 0.255689 0.901764 -0.34849 -0.597507 -0.925455 0.33255 0.181505 -0.238215 0.279565 0.276102 0.919571 0.397994 
1534965548941 0.255532 0.901806 -0.348497 -0.597225 -0.92542 0.332482 0.181808 -0.238149 0.279824 0.276048 0.919508 0.39804 
1534965549020 0.255671 0.901794 -0.348426 -0.597026 -0.925246 0.332731 0.182235 -0.238182 0.28027 0.275787 0.919451 0.398162 
1534965549052 0.2554 0.901893 -0.348368 -0.596925 -0.925267 0.332519 0.182518 -0.238033 0.280451 0.275719 0.919417 0.398198 
1534965549096 0.255159 0.901976 -0.34833 -0.596822 -0.925276 0.332342 0.182793 -0.237906 0.28064 0.27566 0.919376 0.398223 
1534965549110 0.255145 0.90198 -0.348328 -0.596798 -0.925261 0.332347 0.182859 -0.237899 0.280701 0.275638 0.919364 0.398227 
1534965549131 0.255232 0.901947 -0.34835 -0.596763 -0.925207 0.332462 0.182922 -0.237924 0.280799 0.275609 0.919343 0.398235 
1534965549150 0.255323 0.901904 -0.348396 -0.596725 -0.925152 0.332586 0.182976 -0.237951 0.280899 0.275602 0.919315 0.398238 
1534965549165 0.255366 0.901873 -0.348443 -0.596693 -0.925116 0.33266 0.183023 -0.237964 0.280976 0.275613 0.919288 0.398239 
1534965549182 0.255368 0.901857 -0.348484 -0.59665 -0.925095 0.33269 0.183074 -0.237959 0.281044 0.27563 0.919262 0.398237 
1534965549198 0.255315 0.901863 -0.348507 -0.596614 -0.9251 0.332655 0.183116 -0.237933 0.281078 0.275651 0.919245 0.398234 
1534965549217 0.255251 0.901875 -0.348523 -0.596584 -0.925109 0.332606 0.183156 -0.237899 0.281105 0.275672 0.919231 0.398232 
1534965549233 0.255194 0.901886 -0.348536 -0.596563 -0.925119 0.332562 0.183189 -0.237872 0.281126 0.275689 0.919219 0.398231 
1534965549249 0.255206 0.901878 -0.348547 -0.596559 -0.925109 0.332581 0.183201 -0.237881 0.281146 0.27569 0.919213 0.398231 
1534965549265 0.255269 0.901858 -0.348555 -0.59657 -0.925083 0.33265 0.183207 -0.237913 0.281174 0.275675 0.919209 0.398238 
1534965549292 0.255453 0.901806 -0.348555 -0.596606 -0.925016 0.332838 0.183206 -0.237993 0.281229 0.275618 0.919209 0.398258 
1534965550290 0.238969 0.900507 -0.363291 -0.577716 -0.929912 0.319947 0.18138 -0.237206 0.279568 0.294484 0.913849 0.40677 
1534965551245 0.223225 0.898325 -0.378395 -0.558593 -0.934408 0.307746 0.179371 -0.236719 0.277583 0.313535 0.908099 0.415898 
1534965552192 0.207493 0.895662 -0.393365 -0.539496 -0.93872 0.29544 0.177537 -0.23619 0.275229 0.332422 0.902078 0.424895 
1534965553108 0.191835 0.892483 -0.408256 -0.520393 -0.942744 0.283211 0.17614 -0.235679 0.272825 0.351091 0.895713 0.43387 
