1533740007665 0.0638739 0.538574 -0.840153 -0.546066 -0.940397 0.314266 0.129963 -0.194952 0.334026 0.781777 0.526547 0.44735 
1533740012250 0.0638765 0.538574 -0.840154 -0.546066 -0.940395 0.314271 0.129963 -0.194952 0.334031 0.781775 0.526547 0.44735 
1533740013472 0.0873359 0.578682 -0.810864 -0.550837 -0.940686 0.315788 0.124047 -0.193896 0.327845 0.751934 0.571938 0.440012 
1533740014742 0.1099 0.617445 -0.778899 -0.555721 -0.941101 0.316753 0.118309 -0.192633 0.319768 0.72002 0.615889 0.43285 
1533740016007 0.132405 0.654586 -0.744302 -0.560616 -0.941438 0.31798 0.112177 -0.191562 0.310103 0.685861 0.658354 0.425738 
1533740017178 0.154571 0.690089 -0.707026 -0.565627 -0.941689 0.319395 0.10587 -0.190967 0.29888 0.649434 0.699218 0.418506 
1533740018612 0.196408 0.754183 -0.626604 -0.575972 -0.941586 0.323369 0.0940689 -0.189747 0.273569 0.571525 0.77364 0.403333 
1533740019519 0.216271 0.782749 -0.58355 -0.581069 -0.941277 0.325889 0.0882835 -0.188996 0.259276 0.530189 0.807264 0.39584 
1533740020424 0.235063 0.809038 -0.538704 -0.586156 -0.940868 0.328498 0.082799 -0.188108 0.243951 0.487387 0.838416 0.388352 
1533740021339 0.253538 0.832615 -0.492413 -0.59012 -0.940207 0.331801 0.0769364 -0.186438 0.227442 0.443464 0.866955 0.381471 
1533740021366 0.253163 0.832817 -0.492264 -0.590283 -0.940328 0.33142 0.0771049 -0.186243 0.22736 0.443369 0.867024 0.38128 
1533740021680 0.255117 0.834638 -0.488154 -0.590641 -0.940116 0.332143 0.0765737 -0.186396 0.226048 0.439386 0.869392 0.380825 
1533740021986 0.257105 0.83682 -0.483352 -0.591234 -0.939986 0.332659 0.0759289 -0.186534 0.22433 0.434822 0.872127 0.379975 
1533740022288 0.258578 0.839121 -0.478554 -0.591875 -0.940011 0.332696 0.0754492 -0.186475 0.222524 0.430336 0.874811 0.379132 
1533740022592 0.259943 0.841509 -0.473594 -0.592533 -0.940067 0.332626 0.0750517 -0.186278 0.220687 0.425701 0.87754 0.378301 
1533740022896 0.261974 0.843559 -0.468804 -0.593158 -0.939905 0.333234 0.0743852 -0.186417 0.21897 0.421145 0.880164 0.377433 
1533740023198 0.263593 0.845786 -0.463858 -0.593791 -0.939839 0.333501 0.074023 -0.186418 0.217305 0.41644 0.882811 0.376641 
1533740023496 0.264948 0.847993 -0.459032 -0.594421 -0.939903 0.33344 0.0734797 -0.186322 0.21537 0.411977 0.885376 0.375728 
1533740023801 0.26674 0.850108 -0.454056 -0.595086 -0.939751 0.333941 0.0731554 -0.186281 0.213818 0.407186 0.887965 0.374899 
1533740024111 0.268074 0.852257 -0.449214 -0.595758 -0.939776 0.333957 0.0727666 -0.186162 0.212034 0.402654 0.890456 0.37401 
1533740024131 0.268135 0.85233 -0.449041 -0.595792 -0.939758 0.333997 0.0728077 -0.186177 0.212035 0.402468 0.89054 0.373962 
1533740024149 0.268236 0.85239 -0.448866 -0.59585 -0.939737 0.334058 0.0727972 -0.186203 0.211999 0.402289 0.890629 0.373889 
1533740024265 0.268679 0.852367 -0.448645 -0.595877 -0.939655 0.334353 0.0724968 -0.186213 0.2118 0.402094 0.890765 0.37382 
1533740024341 0.269627 0.852357 -0.448094 -0.595849 -0.939541 0.334861 0.0716272 -0.18623 0.211101 0.401691 0.891112 0.37373 
1533740024434 0.270199 0.852537 -0.447407 -0.595889 -0.939599 0.334897 0.0707025 -0.186209 0.210112 0.401279 0.891531 0.373647 
1533740024586 0.272175 0.852561 -0.446162 -0.59598 -0.939161 0.336322 0.0697463 -0.186316 0.209517 0.400035 0.89223 0.373396 
1533740024663 0.272766 0.852662 -0.445607 -0.596038 -0.939138 0.336525 0.0690681 -0.186279 0.20885 0.399647 0.89256 0.373191 
1533740024756 0.273593 0.852756 -0.444921 -0.59608 -0.939048 0.336927 0.068325 -0.186358 0.20817 0.399109 0.89296 0.373106 
1533740024827 0.274412 0.85283 -0.444274 -0.596121 -0.938917 0.337408 0.0677533 -0.186412 0.207683 0.398544 0.893325 0.373036 
1533740024844 0.274478 0.852826 -0.444241 -0.596149 -0.938904 0.337452 0.0677084 -0.186392 0.207653 0.398515 0.893345 0.373013 
1533740024860 0.274543 0.852829 -0.444194 -0.596179 -0.938896 0.337486 0.0676526 -0.186367 0.207605 0.398478 0.893373 0.372986 
1533740024877 0.274623 0.852859 -0.444087 -0.596201 -0.938894 0.33751 0.0675703 -0.186343 0.207512 0.398394 0.893432 0.372963 
1533740024895 0.274806 0.852918 -0.443861 -0.596207 -0.938879 0.337582 0.0674083 -0.186345 0.207333 0.398208 0.893557 0.372942 
1533740024910 0.274959 0.852942 -0.44372 -0.596204 -0.93886 0.33766 0.067287 -0.186366 0.207219 0.39809 0.893636 0.372926 
1533740025010 0.275571 0.852848 -0.443521 -0.59619 -0.938777 0.338012 0.0666781 -0.186504 0.206782 0.397993 0.89378 0.372822 
1533740025035 0.275952 0.852862 -0.443258 -0.596206 -0.93872 0.338229 0.0663741 -0.186563 0.206531 0.397779 0.893933 0.372795 
1533740025147 0.277001 0.852899 -0.442532 -0.596387 -0.938505 0.338939 0.0657898 -0.186542 0.206103 0.397095 0.894336 0.372643 
1533740025175 0.277323 0.852959 -0.442215 -0.596404 -0.938484 0.339063 0.0654499 -0.186575 0.205764 0.396861 0.894518 0.37261 
1533740025200 0.277521 0.852958 -0.442091 -0.596431 -0.938463 0.339159 0.0652477 -0.186595 0.205593 0.396779 0.894594 0.37257 
1533740025215 0.277564 0.852942 -0.442095 -0.59645 -0.938461 0.339179 0.0651851 -0.18658 0.205549 0.396795 0.894597 0.372534 
1533740025232 0.277601 0.852933 -0.44209 -0.596462 -0.938457 0.339199 0.0651405 -0.186569 0.205517 0.396799 0.894602 0.37251 
1533740025249 0.277683 0.852931 -0.442043 -0.596467 -0.938445 0.339245 0.0650677 -0.186573 0.205459 0.396765 0.894631 0.37249 
1533740025265 0.277784 0.85295 -0.441942 -0.596462 -0.938435 0.339291 0.0649753 -0.186585 0.205367 0.396684 0.894688 0.37248 
1533740025282 0.27785 0.852973 -0.441855 -0.596456 -0.938432 0.339311 0.0649071 -0.186593 0.20529 0.396617 0.894735 0.372474 
1533740025318 0.277951 0.852993 -0.441754 -0.596456 -0.938423 0.339354 0.0648108 -0.186609 0.205194 0.396539 0.894792 0.372453 
1533740025389 0.278312 0.852987 -0.441539 -0.596483 -0.938317 0.339663 0.0647354 -0.186659 0.205193 0.396287 0.894904 0.372396 
1533740025412 0.278505 0.853022 -0.441349 -0.596486 -0.938276 0.339791 0.0646527 -0.186672 0.205116 0.396101 0.895003 0.372352 
1533740025442 0.278787 0.853016 -0.441182 -0.596521 -0.938198 0.340022 0.064569 -0.186667 0.20509 0.395915 0.895092 0.372294 
1533740025459 0.278908 0.853007 -0.441123 -0.596544 -0.93816 0.34013 0.0645464 -0.186653 0.205098 0.395841 0.895123 0.372263 
1533740025476 0.279019 0.852993 -0.44108 -0.596566 -0.938124 0.340234 0.0645297 -0.18664 0.205114 0.395782 0.895145 0.372236 
1533740025492 0.279138 0.85299 -0.441011 -0.596586 -0.93809 0.340333 0.0644967 -0.186628 0.205106 0.395705 0.895181 0.37221 
1533740025509 0.279194 0.853022 -0.440914 -0.596602 -0.938088 0.340349 0.0644483 -0.186617 0.20504 0.395622 0.895233 0.372191 
1533740025526 0.279218 0.853035 -0.440872 -0.596617 -0.938087 0.340355 0.0644272 -0.186607 0.205012 0.395587 0.895255 0.372177 
1533740025543 0.279256 0.853046 -0.440828 -0.596629 -0.938082 0.340373 0.0643998 -0.186606 0.204982 0.395549 0.895278 0.372161 
1533740025580 0.279262 0.85306 -0.440796 -0.596601 -0.93808 0.340377 0.0644108 -0.186644 0.204983 0.395514 0.895293 0.372148 
1533740025602 0.279169 0.853081 -0.440815 -0.596577 -0.938101 0.340308 0.0644736 -0.186683 0.205014 0.39553 0.89528 0.372139 
1533740025616 0.279036 0.853131 -0.440802 -0.596562 -0.938136 0.340195 0.0645596 -0.186706 0.205037 0.395518 0.89528 0.372132 
1533740025632 0.278918 0.85316 -0.440821 -0.59655 -0.938144 0.340142 0.0647212 -0.186724 0.205159 0.395502 0.895259 0.372122 
1533740025663 0.278734 0.853182 -0.440894 -0.596543 -0.938126 0.340122 0.0650917 -0.186732 0.205493 0.395471 0.895196 0.372112 
1533740025679 0.278733 0.853179 -0.4409 -0.596546 -0.938093 0.340185 0.0652333 -0.186737 0.205643 0.395423 0.895182 0.372104 
1533740025696 0.278741 0.853168 -0.440917 -0.596557 -0.938062 0.340249 0.0653493 -0.186747 0.205775 0.395392 0.895166 0.372073 
1533740025794 0.278916 0.853167 -0.440808 -0.596588 -0.93807 0.340283 0.0650516 -0.186842 0.205499 0.395365 0.895241 0.371946 
1533740025807 0.278983 0.853162 -0.440777 -0.596584 -0.938077 0.340289 0.0649181 -0.186843 0.205377 0.395371 0.895266 0.371969 
1533740025823 0.279104 0.853145 -0.440732 -0.596579 -0.938073 0.340334 0.0647442 -0.186827 0.205232 0.395369 0.895301 0.372002 
1533740025840 0.279166 0.853146 -0.44069 -0.596572 -0.938095 0.340309 0.0645557 -0.186789 0.205046 0.395387 0.895335 0.372034 
1533740025857 0.279179 0.853153 -0.44067 -0.59657 -0.938121 0.340261 0.0644269 -0.186752 0.204909 0.395415 0.895354 0.37205 
1533740025874 0.279185 0.853162 -0.440648 -0.596569 -0.93814 0.340225 0.0643412 -0.186724 0.204813 0.395427 0.895371 0.372058 
1533740025890 0.279169 0.853208 -0.44057 -0.596563 -0.93817 0.340156 0.0642711 -0.186682 0.204699 0.395387 0.895415 0.372071 
1533740025907 0.279161 0.853241 -0.44051 -0.596562 -0.938189 0.340112 0.064223 -0.186657 0.20462 0.395353 0.895448 0.372077 
1533740025923 0.279213 0.853276 -0.44041 -0.596563 -0.938202 0.340097 0.0641201 -0.186642 0.204495 0.39529 0.895504 0.37208 
1533740025940 0.279301 0.853308 -0.440292 -0.596567 -0.938208 0.340106 0.0639857 -0.186637 0.204345 0.395214 0.895572 0.372081 
1533740025957 0.279397 0.853335 -0.440177 -0.59657 -0.938213 0.340118 0.0638403 -0.186638 0.20419 0.395143 0.895638 0.372082 
1533740025974 0.279473 0.853346 -0.440108 -0.596577 -0.938218 0.340128 0.063713 -0.186633 0.204062 0.395111 0.895682 0.372073 
1533740026045 0.279555 0.853249 -0.440245 -0.596579 -0.938176 0.340247 0.0637015 -0.186689 0.204145 0.395219 0.895615 0.372001 
1533740026059 0.279513 0.853224 -0.440319 -0.596582 -0.938149 0.340292 0.0638631 -0.186688 0.204326 0.395234 0.895567 0.371988 
1533740026076 0.279361 0.853201 -0.440461 -0.596593 -0.938136 0.340278 0.0641288 -0.186677 0.204594 0.395297 0.895478 0.371966 
1533740026092 0.27924 0.853189 -0.440562 -0.596598 -0.938118 0.340279 0.0643781 -0.186668 0.204841 0.395322 0.895411 0.371948 
1533740026110 0.279143 0.853173 -0.440652 -0.596603 -0.938099 0.340291 0.0645942 -0.186667 0.20506 0.395345 0.895351 0.371932 
1533740026133 0.279216 0.853161 -0.440629 -0.596592 -0.938014 0.340478 0.0648474 -0.186675 0.20535 0.39521 0.895344 0.371937 
1533740026149 0.279272 0.853153 -0.44061 -0.596585 -0.937973 0.340572 0.0649345 -0.18669 0.205458 0.395146 0.895347 0.371941 
1533740026165 0.279305 0.853145 -0.440604 -0.596582 -0.937945 0.340637 0.0650026 -0.186702 0.205543 0.395107 0.895345 0.371943 
1533740026182 0.279326 0.853135 -0.44061 -0.596583 -0.937919 0.340694 0.0650761 -0.186707 0.205632 0.395079 0.895337 0.371938 
1533740026259 0.279319 0.853111 -0.440662 -0.596591 -0.937935 0.340665 0.0649978 -0.186724 0.205568 0.395157 0.895317 0.371936 
1533740026272 0.279261 0.8531 -0.440719 -0.596592 -0.937993 0.340538 0.0648228 -0.186733 0.205382 0.395289 0.895302 0.371941 
1533740026291 0.279294 0.853043 -0.440809 -0.596591 -0.938034 0.340477 0.0645507 -0.186738 0.20515 0.395465 0.895277 0.371957 
1533740026306 0.279318 0.852955 -0.440964 -0.596594 -0.938033 0.3405 0.064453 -0.186725 0.205124 0.395635 0.895208 0.371965 
1533740026322 0.279331 0.852852 -0.441155 -0.596596 -0.938038 0.340508 0.0643303 -0.186708 0.205081 0.395851 0.895122 0.371978 
1533740026340 0.279357 0.852797 -0.441245 -0.596591 -0.938033 0.340533 0.0642711 -0.186693 0.205069 0.395948 0.895082 0.37199 
1533740026369 0.279296 0.852762 -0.441351 -0.596579 -0.938066 0.340459 0.0641934 -0.186664 0.205004 0.396088 0.895035 0.372019 
1533740026386 0.279265 0.852738 -0.441418 -0.596572 -0.938085 0.340415 0.0641354 -0.186646 0.204956 0.396177 0.895007 0.372039 
1533740026402 0.27923 0.8527 -0.441512 -0.596569 -0.938103 0.340376 0.0640802 -0.186629 0.204921 0.396291 0.894964 0.372055 
1533740026514 0.279313 0.852518 -0.441812 -0.596594 -0.938171 0.340294 0.0635192 -0.186627 0.204497 0.396754 0.894856 0.372045 
1533740026570 0.2796 0.852684 -0.441309 -0.596575 -0.938257 0.340183 0.062841 -0.186604 0.203709 0.396491 0.895152 0.372071 
1533740026651 0.279757 0.8526 -0.441373 -0.596634 -0.938311 0.340133 0.0623018 -0.186525 0.203244 0.396716 0.895158 0.372065 
1533740026694 0.279887 0.852472 -0.441537 -0.596659 -0.938372 0.340068 0.0617399 -0.186576 0.202784 0.397046 0.895116 0.37206 
1533740026788 0.280008 0.85248 -0.441445 -0.596638 -0.938476 0.339896 0.0611037 -0.186551 0.202135 0.397176 0.895206 0.372095 
1533740026835 0.280088 0.852418 -0.441514 -0.596645 -0.938569 0.339743 0.0605204 -0.18654 0.20159 0.39744 0.895211 0.372112 
1533740026924 0.280123 0.852388 -0.441549 -0.596658 -0.938639 0.339619 0.0601358 -0.186424 0.201217 0.39761 0.89522 0.372139 
1533740026943 0.280134 0.85236 -0.441596 -0.596659 -0.938671 0.339562 0.0599535 -0.186435 0.201051 0.397719 0.895208 0.372143 
1533740026961 0.280166 0.852325 -0.441643 -0.596658 -0.938713 0.339491 0.0596892 -0.186448 0.200809 0.397854 0.895203 0.37215 
1533740027064 0.280359 0.852396 -0.441383 -0.596625 -0.938633 0.339693 0.0598098 -0.186412 0.200917 0.397528 0.895323 0.372159 
1533740027078 0.280263 0.852462 -0.441317 -0.596623 -0.938633 0.339657 0.0600056 -0.186397 0.201049 0.397418 0.895343 0.372148 
1533740027094 0.280068 0.852553 -0.441265 -0.596625 -0.938664 0.339533 0.0602348 -0.186374 0.201177 0.39733 0.895353 0.372126 
1533740027111 0.279889 0.852623 -0.441244 -0.596628 -0.938687 0.339429 0.0604579 -0.186351 0.201319 0.397268 0.895348 0.372108 
1533740027128 0.279826 0.852644 -0.441242 -0.596628 -0.938697 0.339388 0.0605238 -0.186348 0.201358 0.397257 0.895345 0.372102 
1533740027186 0.279879 0.852596 -0.441302 -0.596633 -0.938599 0.339604 0.0608447 -0.186468 0.201744 0.397176 0.895294 0.372013 
1533740027203 0.279874 0.852614 -0.44127 -0.596629 -0.938577 0.339643 0.0609627 -0.186498 0.201852 0.397104 0.895301 0.37201 
1533740027220 0.279804 0.852672 -0.441202 -0.596619 -0.938577 0.339616 0.0611135 -0.186535 0.201949 0.397002 0.895324 0.372013 
1533740027238 0.279793 0.852741 -0.441076 -0.596598 -0.938542 0.339671 0.0613352 -0.186573 0.202124 0.396807 0.895372 0.37201 
1533740027253 0.279775 0.852788 -0.440996 -0.596587 -0.938524 0.339696 0.0614806 -0.186585 0.202234 0.396685 0.895401 0.371995 
1533740027270 0.279718 0.852837 -0.440939 -0.596587 -0.938517 0.339687 0.0616362 -0.186579 0.202347 0.396588 0.895418 0.37198 
1533740027286 0.279713 0.852832 -0.440951 -0.596595 -0.938504 0.339711 0.0616951 -0.186568 0.202411 0.396577 0.895408 0.371973 
1533740027303 0.279722 0.852816 -0.440977 -0.596604 -0.938492 0.339739 0.0617217 -0.186559 0.202455 0.396589 0.895393 0.371971 
1533740027320 0.279739 0.852796 -0.441004 -0.596616 -0.938486 0.339759 0.0617101 -0.186552 0.202461 0.396613 0.895381 0.371975 
1533740027389 0.280026 0.852576 -0.441248 -0.596663 -0.938321 0.340191 0.0618352 -0.186537 0.202828 0.396717 0.895252 0.371954 
1533740027406 0.280029 0.85258 -0.441239 -0.596668 -0.93826 0.34031 0.0620999 -0.186507 0.203103 0.396607 0.895239 0.371948 
1533740027423 0.280018 0.852591 -0.441225 -0.596673 -0.938198 0.340428 0.0624028 -0.186471 0.203409 0.396482 0.895224 0.371937 
1533740027439 0.279877 0.852644 -0.441211 -0.596676 -0.938166 0.340443 0.0627938 -0.18643 0.203748 0.396355 0.895204 0.371921 
1533740027456 0.279738 0.852703 -0.441186 -0.596674 -0.938156 0.340415 0.0630918 -0.186405 0.203985 0.396252 0.895195 0.371908 
1533740027473 0.279646 0.852718 -0.441213 -0.596676 -0.938157 0.340385 0.0632357 -0.186403 0.204105 0.396244 0.895171 0.371891 
1533740027490 0.279638 0.852717 -0.441221 -0.596675 -0.93815 0.340397 0.0632776 -0.186427 0.204148 0.396237 0.895165 0.371897 
1533740027506 0.279722 0.852721 -0.441161 -0.596664 -0.938126 0.340467 0.0632625 -0.18646 0.204146 0.396169 0.895195 0.371924 
1533740027523 0.279824 0.852721 -0.441097 -0.596651 -0.938096 0.340554 0.0632423 -0.186501 0.204145 0.396094 0.895228 0.371969 
1533740027540 0.279886 0.852713 -0.441071 -0.596642 -0.938082 0.340598 0.0632012 -0.186537 0.20412 0.396072 0.895244 0.371997 
1533740027572 0.279958 0.852648 -0.441151 -0.596628 -0.93808 0.340631 0.0630523 -0.18663 0.204031 0.396183 0.895215 0.372009 
1533740027605 0.279726 0.85253 -0.441527 -0.596648 -0.938096 0.340554 0.0632425 -0.186687 0.20428 0.396504 0.895016 0.37201 
1533740027622 0.279453 0.852505 -0.441748 -0.596665 -0.938118 0.340439 0.0635341 -0.186687 0.204551 0.396657 0.894887 0.372009 
1533740027638 0.279228 0.852492 -0.441915 -0.59668 -0.938126 0.340362 0.0638247 -0.18667 0.204821 0.39675 0.894784 0.372003 
1533740027750 0.279413 0.852466 -0.441848 -0.596638 -0.937944 0.340769 0.0643206 -0.186732 0.205399 0.396457 0.894781 0.372062 
1533740027770 0.279832 0.852446 -0.441622 -0.596616 -0.937929 0.340919 0.0637479 -0.186772 0.204899 0.396371 0.894934 0.372047 
1533740027785 0.280038 0.852445 -0.441493 -0.596608 -0.937936 0.340963 0.0634098 -0.186777 0.204586 0.396334 0.895022 0.372033 
1533740027801 0.280181 0.852471 -0.441353 -0.596607 -0.93798 0.340913 0.0630207 -0.186764 0.204186 0.396323 0.895118 0.372013 
1533740027833 0.280167 0.85252 -0.441266 -0.596625 -0.938065 0.340737 0.0627062 -0.186704 0.203814 0.396368 0.895183 0.371981 
1533740027867 0.280249 0.852536 -0.441184 -0.596647 -0.93805 0.340786 0.0626601 -0.186615 0.203769 0.396292 0.895227 0.371973 
1533740027886 0.280333 0.852548 -0.441107 -0.596659 -0.938029 0.340849 0.0626364 -0.186559 0.203751 0.396212 0.895266 0.371981 
1533740027897 0.280364 0.852554 -0.441075 -0.596663 -0.938023 0.340869 0.0626237 -0.186539 0.203739 0.39618 0.895283 0.371984 
1533740027914 0.280514 0.85256 -0.440969 -0.596672 -0.937985 0.340984 0.062569 -0.186488 0.203707 0.396071 0.895339 0.371993 
1533740027931 0.28061 0.852563 -0.440902 -0.596673 -0.937963 0.341053 0.0625239 -0.186469 0.203676 0.396005 0.895375 0.372 
1533740027947 0.280755 0.852557 -0.44082 -0.59667 -0.937929 0.341159 0.0624505 -0.186459 0.203632 0.395925 0.89542 0.372011 
1533740027964 0.280868 0.852539 -0.440784 -0.596665 -0.937903 0.341242 0.0623775 -0.186466 0.203593 0.395893 0.895443 0.37201 
1533740027981 0.280957 0.852514 -0.440775 -0.596662 -0.937881 0.341313 0.0623216 -0.186474 0.203572 0.395885 0.895452 0.372005 
1533740028030 0.281035 0.852457 -0.440835 -0.596648 -0.937883 0.34134 0.0621538 -0.186546 0.203458 0.395985 0.895433 0.371999 
1533740028051 0.28097 0.852395 -0.440997 -0.596647 -0.937915 0.341268 0.0620626 -0.186602 0.2034 0.39618 0.89536 0.371995 
1533740028068 0.280819 0.852313 -0.441252 -0.596658 -0.937943 0.341184 0.0621048 -0.186621 0.203481 0.396428 0.895232 0.372 
1533740028088 0.280603 0.852266 -0.44148 -0.596662 -0.937995 0.34103 0.0621642 -0.186629 0.203538 0.396662 0.895115 0.372021 
1533740028105 0.280467 0.852226 -0.441642 -0.596657 -0.938027 0.340935 0.0621948 -0.186631 0.203575 0.396829 0.895033 0.37204 
1533740028122 0.280392 0.852197 -0.441748 -0.596645 -0.938053 0.340869 0.0621726 -0.186642 0.203561 0.39695 0.894982 0.372054 
1533740028138 0.280336 0.852178 -0.44182 -0.596637 -0.938081 0.3408 0.0621171 -0.186641 0.203507 0.397049 0.894951 0.372063 
1533740028155 0.280324 0.852174 -0.441835 -0.596638 -0.938087 0.340786 0.062106 -0.186638 0.203496 0.39707 0.894944 0.372064 
1533740028172 0.280255 0.852149 -0.441928 -0.596643 -0.938118 0.34071 0.0620555 -0.18661 0.20345 0.397189 0.894902 0.372071 
1533740028188 0.280326 0.852116 -0.441945 -0.596649 -0.938084 0.340801 0.0620715 -0.186577 0.203508 0.397182 0.894892 0.372073 
1533740028205 0.280446 0.852098 -0.441903 -0.596649 -0.938039 0.340924 0.0620749 -0.186555 0.203549 0.397114 0.894912 0.372086 
1533740028222 0.280573 0.852094 -0.441832 -0.596644 -0.938 0.341036 0.062054 -0.18654 0.203556 0.397028 0.894949 0.372114 
1533740028275 0.280778 0.852184 -0.441527 -0.59661 -0.938029 0.341023 0.0616876 -0.186533 0.20314 0.396844 0.895125 0.372162 
1533740028292 0.280775 0.852149 -0.441597 -0.596614 -0.938074 0.34094 0.0614678 -0.186535 0.202938 0.396992 0.895106 0.372145 
1533740028308 0.280774 0.85211 -0.441672 -0.596617 -0.938121 0.340852 0.0612278 -0.186535 0.202717 0.397151 0.895085 0.372129 
1533740028325 0.280776 0.85205 -0.441787 -0.596624 -0.93816 0.340784 0.061007 -0.186538 0.202535 0.397338 0.895043 0.372126 
1533740028342 0.280731 0.851965 -0.44198 -0.596642 -0.938186 0.340734 0.0608968 -0.186533 0.202479 0.397564 0.894955 0.372121 
1533740028359 0.280688 0.851893 -0.442145 -0.596658 -0.938201 0.340701 0.0608378 -0.186518 0.202466 0.397744 0.894878 0.372122 
1533740028375 0.280678 0.851889 -0.442159 -0.59666 -0.938192 0.340717 0.0608908 -0.186502 0.202523 0.397739 0.894867 0.37214 
1533740028392 0.280673 0.851914 -0.442114 -0.596656 -0.938179 0.340738 0.0609749 -0.186483 0.20259 0.397668 0.894884 0.372153 
1533740028409 0.280676 0.851951 -0.442042 -0.596645 -0.938131 0.340828 0.0612111 -0.186452 0.202809 0.397513 0.894903 0.372168 
1533740028425 0.280707 0.851985 -0.441956 -0.59663 -0.938067 0.340957 0.0614745 -0.186427 0.203064 0.397328 0.894928 0.372183 
1533740028442 0.280733 0.852028 -0.441857 -0.596614 -0.938026 0.341039 0.0616484 -0.186415 0.203217 0.397166 0.894965 0.372193 
1533740028469 0.28061 0.852114 -0.441768 -0.596596 -0.938046 0.340952 0.0618089 -0.186408 0.20329 0.397055 0.894998 0.372215 
1533740028482 0.280503 0.852142 -0.441784 -0.596594 -0.938076 0.340862 0.0618637 -0.186405 0.203304 0.397073 0.894986 0.37223 
1533740028498 0.280391 0.852151 -0.441838 -0.596595 -0.938104 0.340774 0.0619116 -0.186398 0.203325 0.39713 0.894956 0.372247 
1533740028515 0.280317 0.852128 -0.441929 -0.596602 -0.93814 0.340688 0.0618504 -0.186402 0.203264 0.397253 0.894915 0.372251 
1533740028615 0.280348 0.852042 -0.442074 -0.596624 -0.938046 0.340892 0.0621501 -0.186368 0.203654 0.397262 0.894823 0.37218 
1533740028630 0.28044 0.852125 -0.441855 -0.596605 -0.938019 0.340958 0.0621938 -0.186379 0.203651 0.397027 0.894928 0.372177 
1533740028645 0.280474 0.852283 -0.441529 -0.596582 -0.938028 0.340928 0.0622261 -0.186406 0.203564 0.396714 0.895086 0.37217 
1533740028661 0.280498 0.852395 -0.441298 -0.596569 -0.93804 0.340895 0.062223 -0.186437 0.203475 0.396502 0.895201 0.372163 
1533740028678 0.280459 0.852437 -0.441241 -0.596576 -0.938066 0.340828 0.0622009 -0.186466 0.20341 0.396468 0.895231 0.372149 
1533740028701 0.280428 0.852441 -0.441253 -0.596597 -0.93808 0.34079 0.0621863 -0.186503 0.203385 0.396492 0.895225 0.372119 
1533740028718 0.280439 0.852439 -0.44125 -0.596605 -0.938075 0.340804 0.0621903 -0.186517 0.203393 0.396486 0.895226 0.372104 
1533740028735 0.280433 0.85246 -0.441214 -0.596612 -0.938076 0.340797 0.0622107 -0.186533 0.203396 0.396446 0.895243 0.372085 
1533740028751 0.280376 0.85252 -0.441134 -0.596607 -0.938096 0.340735 0.062259 -0.186533 0.203387 0.39637 0.895279 0.372074 
1533740028768 0.280304 0.852594 -0.441036 -0.596598 -0.938113 0.340671 0.0623465 -0.186526 0.203404 0.396266 0.895321 0.372066 
1533740028787 0.280283 0.852638 -0.440965 -0.596592 -0.938114 0.340658 0.0624103 -0.186521 0.203431 0.396182 0.895352 0.372062 
1533740028803 0.280287 0.85268 -0.440882 -0.596585 -0.9381 0.34068 0.0624968 -0.186515 0.203489 0.396074 0.895387 0.372055 
1533740028868 0.280456 0.85274 -0.440658 -0.596576 -0.938032 0.34085 0.0625874 -0.186521 0.203569 0.395798 0.895491 0.371999 
1533740028886 0.280601 0.852806 -0.440438 -0.596557 -0.937967 0.341007 0.0627056 -0.186516 0.203668 0.395521 0.895591 0.371984 
1533740028905 0.280716 0.852862 -0.440256 -0.596547 -0.937898 0.341165 0.0628821 -0.186503 0.20383 0.395264 0.895667 0.371953 
1533740028919 0.280731 0.852898 -0.440177 -0.596551 -0.937875 0.341209 0.0629882 -0.186501 0.203915 0.395148 0.895699 0.371926 
1533740028935 0.280723 0.85294 -0.440099 -0.596565 -0.93786 0.341229 0.0630984 -0.186502 0.203994 0.395038 0.895729 0.37189 
1533740028952 0.280711 0.852976 -0.440037 -0.596576 -0.937856 0.341229 0.0631623 -0.186507 0.204029 0.394961 0.895756 0.371858 
1533740028969 0.280685 0.853014 -0.43998 -0.596585 -0.937863 0.341202 0.0631965 -0.186516 0.204029 0.394903 0.895781 0.371827 
1533740028986 0.280676 0.853026 -0.439964 -0.596599 -0.937854 0.341215 0.0632587 -0.186528 0.204083 0.394867 0.895785 0.371795 
1533740029051 0.280656 0.853095 -0.439843 -0.596568 -0.937844 0.34122 0.0633898 -0.186496 0.204161 0.394713 0.895835 0.37187 
1533740029064 0.280564 0.853075 -0.439941 -0.596571 -0.937865 0.341156 0.0634197 -0.186478 0.20419 0.394811 0.895785 0.371881 
1533740029081 0.280386 0.852992 -0.440214 -0.596592 -0.93789 0.34107 0.0635121 -0.186449 0.204319 0.395065 0.895644 0.371884 
1533740029098 0.280245 0.852909 -0.440464 -0.596604 -0.937902 0.341018 0.0636039 -0.186434 0.204455 0.395287 0.895515 0.371887 
1533740029114 0.280176 0.852855 -0.440612 -0.596604 -0.93791 0.340993 0.0636334 -0.186446 0.204516 0.395426 0.895439 0.371903 
1533740029136 0.280145 0.852861 -0.440621 -0.596576 -0.93792 0.340964 0.0636388 -0.18649 0.204511 0.395439 0.895435 0.37195 
1533740029151 0.280081 0.852883 -0.440619 -0.596561 -0.937942 0.3409 0.063657 -0.186515 0.204499 0.395446 0.895434 0.371977 
1533740029168 0.280001 0.852906 -0.440626 -0.596544 -0.937964 0.340831 0.0636956 -0.186552 0.204505 0.395457 0.895428 0.372011 
1533740029184 0.279912 0.852905 -0.440684 -0.596539 -0.937978 0.340781 0.0637694 -0.186598 0.204566 0.395502 0.895394 0.372028 
1533740029201 0.279844 0.8529 -0.440737 -0.596539 -0.937978 0.340761 0.0638645 -0.186627 0.204656 0.39553 0.895362 0.372027 
1533740029218 0.279789 0.852905 -0.440762 -0.596542 -0.937984 0.340733 0.0639246 -0.186628 0.204704 0.395542 0.895345 0.372025 
1533740029238 0.279753 0.852911 -0.440772 -0.596552 -0.937982 0.340726 0.063991 -0.186602 0.204761 0.395535 0.895335 0.37202 
1533740029255 0.279739 0.852918 -0.440767 -0.596566 -0.937975 0.340736 0.0640499 -0.186557 0.204815 0.395512 0.895333 0.372003 
1533740029271 0.279676 0.852939 -0.440767 -0.596584 -0.937992 0.340681 0.0640849 -0.186501 0.204822 0.395513 0.895331 0.37198 
1533740029295 0.279687 0.852941 -0.440756 -0.596619 -0.937997 0.340675 0.0640477 -0.186446 0.204783 0.395515 0.895339 0.371946 
1533740029311 0.279659 0.852947 -0.440764 -0.596647 -0.938011 0.340638 0.064032 -0.186414 0.204757 0.395535 0.895336 0.371926 
1533740029333 0.279602 0.85297 -0.440754 -0.596674 -0.938039 0.340566 0.064015 -0.186381 0.204709 0.395546 0.895342 0.371905 
1533740029349 0.279613 0.852999 -0.440693 -0.596674 -0.938051 0.340542 0.0639702 -0.186384 0.204641 0.395505 0.895376 0.371898 
1533740029452 0.279309 0.852922 -0.441034 -0.596623 -0.938179 0.340221 0.0638033 -0.186519 0.204468 0.395948 0.89522 0.371975 
1533740029466 0.279349 0.852802 -0.44124 -0.596622 -0.938155 0.340294 0.063753 -0.186522 0.20452 0.396142 0.895122 0.371994 
1533740029484 0.279449 0.852666 -0.44144 -0.596616 -0.93811 0.340428 0.0636962 -0.186524 0.20459 0.396319 0.895027 0.372025 
