1535380862916 0 0 0 0 0 0 0 0 0 0 0 0 
1535380873069 0.344935 0.863164 -0.368737 -0.58478 -0.898495 0.417284 0.136309 -0.227421 0.271526 0.284291 0.919485 0.389469 
1535380873621 0.344935 0.863164 -0.368737 -0.58478 -0.898495 0.417284 0.136309 -0.227421 0.271526 0.284291 0.919485 0.389469 
1535380874221 0.336477 0.869969 -0.360469 -0.589866 -0.903009 0.406666 0.138557 -0.228946 0.267131 0.278886 0.922423 0.387838 
1535380874882 0.327756 0.87698 -0.351399 -0.595152 -0.907425 0.395748 0.14129 -0.230404 0.262974 0.27256 0.925503 0.386086 
1535380875520 0.318359 0.88399 -0.342359 -0.600493 -0.911916 0.384235 0.144127 -0.231615 0.258953 0.266318 0.928449 0.384382 
1535380876162 0.309333 0.890696 -0.333128 -0.605739 -0.916185 0.372998 0.146555 -0.233099 0.254792 0.259873 0.931422 0.38274 
1535380876806 0.300014 0.897281 -0.323849 -0.611064 -0.920347 0.361552 0.149133 -0.234385 0.250903 0.253311 0.934281 0.38103 
1535380877466 0.290762 0.903629 -0.314503 -0.616367 -0.924385 0.350132 0.151391 -0.235796 0.246919 0.246703 0.937106 0.379375 
1535380878179 0.281214 0.909788 -0.305294 -0.621702 -0.92834 0.338501 0.153627 -0.237106 0.243111 0.240215 0.939784 0.377608 
1535380878908 0.271815 0.915711 -0.295954 -0.627016 -0.932119 0.326994 0.155659 -0.23856 0.239314 0.233554 0.942434 0.375822 
1535380879142 0.261806 0.921781 -0.285967 -0.632423 -0.93593 0.314809 0.157896 -0.239786 0.23557 0.226307 0.945141 0.374173 
1535380879406 0.260915 0.922008 -0.286049 -0.632516 -0.936122 0.314026 0.158317 -0.23985 0.235796 0.22647 0.945046 0.374168 
1535380879676 0.259389 0.922232 -0.286714 -0.63283 -0.936341 0.312878 0.159287 -0.240175 0.236606 0.227145 0.944681 0.37408 
1535380879960 0.258043 0.922513 -0.287025 -0.633208 -0.936454 0.311894 0.160546 -0.240481 0.237628 0.227358 0.944374 0.374032 
1535380880248 0.256379 0.922903 -0.287263 -0.633564 -0.936702 0.310547 0.16171 -0.240644 0.238451 0.227621 0.944103 0.373943 
1535380880525 0.255003 0.923233 -0.287427 -0.633919 -0.936875 0.309454 0.162799 -0.240936 0.239247 0.227769 0.943866 0.373913 
1535380880818 0.25357 0.923559 -0.287646 -0.634282 -0.937038 0.30834 0.16397 -0.241163 0.240128 0.227958 0.943596 0.373877 
1535380881097 0.251979 0.92392 -0.287887 -0.634628 -0.937263 0.307058 0.165089 -0.241367 0.240927 0.228227 0.943328 0.373794 
1535380881383 0.250286 0.924316 -0.288091 -0.635005 -0.937501 0.305683 0.166283 -0.24147 0.241763 0.228468 0.943055 0.373677 
1535380881661 0.24889 0.924632 -0.288289 -0.6354 -0.937624 0.304621 0.167532 -0.241717 0.242725 0.22861 0.942774 0.373687 
1535380881695 0.24889 0.924632 -0.288289 -0.6354 -0.937624 0.304621 0.167532 -0.241717 0.242725 0.22861 0.942774 0.373687 
1535380881953 0.248338 0.924838 -0.288102 -0.635538 -0.937667 0.304159 0.16813 -0.241725 0.243122 0.228391 0.942724 0.373818 
1535380882202 0.248297 0.924752 -0.288414 -0.635566 -0.937777 0.304083 0.167655 -0.241795 0.242741 0.22884 0.942714 0.373691 
1535380882459 0.247814 0.924844 -0.288534 -0.635731 -0.937901 0.303648 0.16775 -0.241927 0.242755 0.229046 0.94266 0.373716 
1535380882698 0.247279 0.924998 -0.288498 -0.635878 -0.938049 0.303124 0.167869 -0.242023 0.242729 0.229114 0.94265 0.373771 
1535380882941 0.246642 0.925165 -0.288508 -0.636027 -0.938212 0.302523 0.168042 -0.242062 0.242747 0.229236 0.942616 0.373819 
1535380883182 0.246131 0.925271 -0.288604 -0.636198 -0.938307 0.30209 0.168288 -0.242175 0.242896 0.229379 0.942543 0.373824 
1535380883419 0.245501 0.925467 -0.288514 -0.636362 -0.938459 0.301485 0.168526 -0.242188 0.242948 0.229386 0.942528 0.373909 
1535380883677 0.244725 0.925658 -0.288559 -0.636545 -0.938685 0.300731 0.168613 -0.242157 0.242857 0.229602 0.942498 0.373885 
1535380883932 0.244207 0.925746 -0.288718 -0.636719 -0.938752 0.300331 0.168953 -0.242267 0.243118 0.229775 0.942389 0.373914 
1535380883965 0.244207 0.925746 -0.288718 -0.636719 -0.938752 0.300331 0.168953 -0.242267 0.243118 0.229775 0.942389 0.373914 
1535380884197 0.243517 0.925925 -0.288724 -0.636853 -0.938893 0.299711 0.169275 -0.242265 0.24327 0.229859 0.942329 0.373944 
1535380884327 0.244242 0.925858 -0.288329 -0.636698 -0.938819 0.300221 0.168777 -0.242345 0.242826 0.229467 0.942539 0.373944 
1535380884453 0.243823 0.926134 -0.287795 -0.636779 -0.93906 0.2996 0.16854 -0.242332 0.242314 0.229163 0.942745 0.373974 
1535380884592 0.243535 0.926434 -0.287072 -0.636889 -0.939326 0.299013 0.1681 -0.242365 0.241572 0.228716 0.943044 0.374 
1535380884712 0.243343 0.926664 -0.286492 -0.636969 -0.939503 0.298605 0.16784 -0.242431 0.241079 0.228317 0.943267 0.373995 
1535380884833 0.243118 0.926883 -0.285973 -0.636991 -0.939691 0.298172 0.167552 -0.242514 0.24057 0.227992 0.943475 0.374004 
1535380884964 0.242899 0.927093 -0.285478 -0.637079 -0.939875 0.297754 0.167264 -0.242508 0.240072 0.227686 0.943676 0.373923 
1535380885090 0.242542 0.927398 -0.284792 -0.637174 -0.940116 0.297148 0.166987 -0.242518 0.239489 0.227236 0.943933 0.373996 
1535380885216 0.242691 0.927551 -0.284167 -0.63721 -0.940202 0.29706 0.166662 -0.242697 0.239002 0.226727 0.944178 0.374073 
1535380885254 0.242691 0.927551 -0.284167 -0.63721 -0.940202 0.29706 0.166662 -0.242697 0.239002 0.226727 0.944178 0.374073 
1535380885309 0.242273 0.927898 -0.283387 -0.637268 -0.940488 0.296352 0.166309 -0.242717 0.2383 0.22623 0.944475 0.374083 
1535380885488 0.24204 0.928018 -0.283195 -0.63732 -0.940591 0.296053 0.166254 -0.24263 0.238127 0.226131 0.944542 0.374074 
1535380885676 0.242439 0.927951 -0.283074 -0.637316 -0.940543 0.296361 0.165978 -0.242871 0.237911 0.226004 0.944627 0.374043 
1535380885871 0.242014 0.928237 -0.282499 -0.637346 -0.940782 0.295729 0.165751 -0.242851 0.237399 0.225656 0.944839 0.374055 
1535380886053 0.24171 0.928514 -0.281849 -0.637425 -0.941048 0.295145 0.165283 -0.242975 0.236654 0.225282 0.945115 0.373896 
1535380886242 0.24147 0.928795 -0.281127 -0.637499 -0.94125 0.294653 0.165009 -0.243046 0.236094 0.224766 0.945378 0.373939 
1535380886434 0.24106 0.92914 -0.280338 -0.637572 -0.941541 0.293944 0.164613 -0.243052 0.235353 0.224268 0.945681 0.373897 
1535380886623 0.241019 0.929281 -0.279904 -0.63761 -0.941705 0.293682 0.164144 -0.243249 0.234738 0.224025 0.945892 0.373814 
1535380886812 0.240515 0.929594 -0.279298 -0.637701 -0.941989 0.292944 0.163828 -0.243245 0.234112 0.223692 0.946125 0.373743 
1535380886850 0.240515 0.929594 -0.279298 -0.637701 -0.941989 0.292944 0.163828 -0.243245 0.234112 0.223692 0.946125 0.373743 
1535380886866 0.240542 0.929822 -0.278516 -0.637742 -0.942154 0.292669 0.163375 -0.243439 0.233422 0.223107 0.946434 0.37374 
1535380887010 0.240464 0.929819 -0.278591 -0.637732 -0.942144 0.292636 0.163491 -0.24327 0.233543 0.22316 0.946392 0.373703 
1535380887037 0.240564 0.929755 -0.278718 -0.637729 -0.942081 0.29279 0.163578 -0.243221 0.233693 0.223224 0.946339 0.373695 
1535380887144 0.240791 0.929582 -0.2791 -0.637716 -0.941919 0.293173 0.163821 -0.24316 0.23411 0.223443 0.946185 0.373682 
1535380887184 0.241371 0.929371 -0.279302 -0.637584 -0.941625 0.293902 0.164208 -0.24334 0.234698 0.223362 0.946058 0.373628 
1535380887244 0.24159 0.929311 -0.279312 -0.637571 -0.941526 0.294154 0.164323 -0.243348 0.234868 0.223281 0.946035 0.373605 
1535380887333 0.241702 0.929311 -0.279214 -0.637558 -0.94148 0.29426 0.164395 -0.243335 0.234936 0.22314 0.946052 0.3736 
1535380887381 0.242134 0.929237 -0.279089 -0.637536 -0.94131 0.294707 0.16457 -0.243305 0.235174 0.222861 0.946058 0.373601 
1535380887443 0.242428 0.92918 -0.279021 -0.637503 -0.941194 0.295014 0.16468 -0.243322 0.235333 0.22269 0.946059 0.373598 
1535380887491 0.242994 0.929052 -0.278957 -0.637438 -0.940985 0.295604 0.164819 -0.243384 0.235587 0.222444 0.946054 0.373594 
1535380887514 0.243096 0.929033 -0.278929 -0.637422 -0.940942 0.295712 0.164871 -0.243389 0.235653 0.222377 0.946053 0.373592 
1535380887668 0.243096 0.929033 -0.278929 -0.637422 -0.940942 0.295712 0.164871 -0.243389 0.235653 0.222377 0.946053 0.373592 
1535380887745 0.243249 0.929083 -0.278629 -0.6372 -0.941003 0.29571 0.164527 -0.243262 0.235253 0.22217 0.946201 0.373712 
1535380887936 0.243823 0.928844 -0.278924 -0.637083 -0.940918 0.296252 0.164038 -0.243142 0.234998 0.222448 0.946199 0.373618 
1535380888112 0.244508 0.928783 -0.27853 -0.636856 -0.940771 0.296808 0.163877 -0.243059 0.234876 0.221964 0.946343 0.373777 
1535380888258 0.24514 0.928669 -0.278352 -0.636668 -0.94064 0.29735 0.163645 -0.242931 0.23474 0.221713 0.946436 0.373875 
1535380888439 0.245798 0.928546 -0.278182 -0.636421 -0.940485 0.297933 0.163475 -0.242868 0.234674 0.221445 0.946515 0.373937 
1535380888584 0.246274 0.928445 -0.278099 -0.636236 -0.94038 0.298356 0.163306 -0.242669 0.234593 0.221301 0.946569 0.373956 
1535380888745 0.247218 0.928189 -0.278115 -0.636044 -0.940138 0.299256 0.163053 -0.242745 0.234571 0.221157 0.946608 0.373965 
1535380888862 0.247963 0.928044 -0.277938 -0.635789 -0.940012 0.299871 0.162646 -0.242536 0.234289 0.220935 0.946729 0.374014 
1535380888887 0.247963 0.928044 -0.277938 -0.635789 -0.940012 0.299871 0.162646 -0.242536 0.234289 0.220935 0.946729 0.374014 
1535380888942 0.248192 0.927998 -0.277887 -0.63569 -0.939972 0.300063 0.162527 -0.242481 0.234209 0.220868 0.946765 0.374026 
1535380889142 0.247832 0.928149 -0.277702 -0.635357 -0.940129 0.299627 0.16242 -0.24226 0.233957 0.220823 0.946837 0.374184 
1535380889329 0.24811 0.92808 -0.277684 -0.635005 -0.940108 0.29984 0.162147 -0.242157 0.233747 0.220823 0.946889 0.374355 
1535380889523 0.248501 0.927999 -0.277607 -0.634607 -0.940043 0.300166 0.161925 -0.242122 0.233594 0.220724 0.94695 0.374437 
1535380889723 0.248749 0.927945 -0.277563 -0.634248 -0.940024 0.300351 0.161692 -0.241925 0.233408 0.220695 0.947003 0.374544 
1535380889938 0.249015 0.927899 -0.277481 -0.633901 -0.940015 0.300533 0.161404 -0.241825 0.233159 0.220644 0.947076 0.37463 
1535380890142 0.249346 0.927785 -0.277565 -0.63355 -0.939953 0.30084 0.161194 -0.241714 0.233056 0.220705 0.947087 0.374729 
1535380890363 0.249525 0.927796 -0.277365 -0.633187 -0.939997 0.30089 0.160842 -0.24159 0.232685 0.220589 0.947206 0.374884 
1535380890586 0.249966 0.927758 -0.277096 -0.632806 -0.939937 0.301212 0.160593 -0.241506 0.232456 0.22031 0.947327 0.375088 
1535380890814 0.249897 0.927802 -0.277012 -0.632718 -0.939958 0.301129 0.160626 -0.241402 0.232445 0.22024 0.947345 0.375125 
1535380891033 0.24995 0.92773 -0.277204 -0.63256 -0.939956 0.301201 0.1605 -0.241419 0.232395 0.220443 0.947311 0.375137 
1535380891268 0.249833 0.927674 -0.277496 -0.632038 -0.939826 0.301292 0.161088 -0.2413 0.233045 0.220553 0.947125 0.375316 
1535380891504 0.249552 0.927678 -0.277735 -0.631611 -0.939781 0.301178 0.161566 -0.241062 0.233529 0.220691 0.946974 0.375492 
1535380891709 0.249658 0.927537 -0.27811 -0.631093 -0.939614 0.301477 0.161982 -0.241009 0.234088 0.220876 0.946793 0.37561 
1535380891946 0.249377 0.927568 -0.278261 -0.630627 -0.939557 0.301358 0.162529 -0.240698 0.234612 0.220911 0.946655 0.375791 
1535380892162 0.249017 0.92757 -0.278576 -0.630233 -0.939532 0.301182 0.162998 -0.240436 0.235094 0.221142 0.946481 0.375922 
1535380892381 0.249198 0.927392 -0.279007 -0.62973 -0.939353 0.301554 0.163342 -0.240415 0.235617 0.221382 0.946295 0.376035 
1535380892601 0.248845 0.92746 -0.279093 -0.629284 -0.939323 0.301348 0.163896 -0.240136 0.236111 0.221374 0.946174 0.37628 
1535380892795 0.248992 0.927319 -0.279434 -0.628641 -0.939176 0.30165 0.164182 -0.24005 0.23654 0.221557 0.946024 0.376415 
1535380893016 0.249136 0.92722 -0.279631 -0.628533 -0.939106 0.301852 0.164209 -0.240124 0.236665 0.221693 0.945961 0.376461 
1535380893224 0.248982 0.927287 -0.279549 -0.628245 -0.93909 0.301743 0.164501 -0.239816 0.236891 0.221564 0.945934 0.376602 
1535380893448 0.248846 0.927189 -0.279992 -0.627903 -0.938982 0.301827 0.164965 -0.239601 0.237463 0.221857 0.945723 0.376627 
1535380893643 0.248846 0.927189 -0.279992 -0.627903 -0.938982 0.301827 0.164965 -0.239601 0.237463 0.221857 0.945723 0.376627 
1535380893865 0.249028 0.92698 -0.280523 -0.627133 -0.93872 0.302296 0.165599 -0.239324 0.238308 0.222094 0.945454 0.376858 
1535380894093 0.248909 0.926996 -0.280575 -0.626738 -0.938675 0.302262 0.165912 -0.239195 0.238607 0.222071 0.945384 0.376984 
1535380894287 0.248909 0.926996 -0.280575 -0.626738 -0.938675 0.302262 0.165912 -0.239195 0.238607 0.222071 0.945384 0.376984 
1535380894493 0.248941 0.926938 -0.280741 -0.626359 -0.938525 0.302453 0.166409 -0.239041 0.239162 0.222056 0.945247 0.3772 
1535380894748 0.248852 0.926859 -0.281079 -0.625608 -0.938393 0.302574 0.166935 -0.238695 0.239773 0.222221 0.945054 0.377459 
1535380894776 0.248766 0.926854 -0.28117 -0.625429 -0.938381 0.30254 0.167065 -0.238614 0.23991 0.222285 0.945004 0.377521 
1535380894792 0.248862 0.926811 -0.281228 -0.62541 -0.938343 0.302654 0.167072 -0.238645 0.239959 0.222311 0.944985 0.377524 
1535380894959 0.248862 0.926811 -0.281228 -0.62541 -0.938343 0.302654 0.167072 -0.238645 0.239959 0.222311 0.944985 0.377524 
1535380895152 0.248789 0.926791 -0.281357 -0.625137 -0.938288 0.302677 0.167341 -0.238416 0.24025 0.222362 0.9449 0.377651 
1535380895356 0.24877 0.926695 -0.281689 -0.624803 -0.938245 0.302763 0.167425 -0.238274 0.240438 0.222643 0.944786 0.377768 
1535380895480 0.248988 0.926557 -0.28195 -0.624413 -0.938092 0.303107 0.167659 -0.238224 0.240807 0.22275 0.944666 0.377897 
1535380895749 0.248929 0.926485 -0.282242 -0.624084 -0.938057 0.30315 0.167778 -0.238055 0.241006 0.222994 0.944558 0.37802 
1535380896010 0.249019 0.926381 -0.282502 -0.623711 -0.937961 0.30335 0.167954 -0.237954 0.241286 0.223152 0.944449 0.378133 
1535380896191 0.249178 0.926243 -0.282815 -0.623346 -0.937829 0.303641 0.168161 -0.237871 0.241632 0.22333 0.944319 0.378259 
1535380896398 0.249256 0.926163 -0.283009 -0.622996 -0.937726 0.303827 0.168399 -0.237686 0.241951 0.223411 0.944218 0.378396 
1535380896505 0.249298 0.926013 -0.283462 -0.622619 -0.937661 0.304 0.168454 -0.237653 0.242163 0.223796 0.944072 0.378514 
1535380896521 0.249211 0.92604 -0.283451 -0.622512 -0.937681 0.303917 0.16849 -0.237604 0.242174 0.223797 0.944069 0.378552 
1535380896731 0.249276 0.925993 -0.283548 -0.622364 -0.937632 0.304026 0.168567 -0.237446 0.242298 0.223844 0.944026 0.378618 
1535380896797 0.249276 0.925993 -0.283548 -0.622364 -0.937632 0.304026 0.168567 -0.237446 0.242298 0.223844 0.944026 0.378618 
1535380896947 0.249598 0.925829 -0.2838 -0.622082 -0.937519 0.304404 0.16851 -0.237459 0.242401 0.224008 0.943961 0.378703 
1535380897094 0.2499 0.925682 -0.284011 -0.621825 -0.937382 0.304784 0.16859 -0.2374 0.242623 0.224096 0.943883 0.378779 
1535380897295 0.249879 0.925665 -0.284087 -0.621601 -0.937342 0.304819 0.168744 -0.237209 0.242796 0.224122 0.943832 0.378856 
1535380897479 0.249908 0.925578 -0.284345 -0.621371 -0.937319 0.304908 0.168714 -0.237099 0.242857 0.224359 0.94376 0.378931 
1535380897642 0.250131 0.925487 -0.284443 -0.621082 -0.937216 0.305179 0.168793 -0.23708 0.243022 0.224364 0.943717 0.379008 
1535380897813 0.250233 0.925435 -0.284524 -0.620861 -0.937134 0.305342 0.168957 -0.23688 0.243236 0.224359 0.943663 0.379084 
1535380897961 0.250124 0.925376 -0.28481 -0.620571 -0.937117 0.305333 0.169069 -0.236653 0.243414 0.224612 0.943556 0.379157 
1535380898142 0.250112 0.925385 -0.284792 -0.620511 -0.937116 0.305322 0.169093 -0.236593 0.243429 0.22459 0.943558 0.379178 
1535380898302 0.250269 0.925306 -0.28491 -0.620435 -0.937065 0.305501 0.169049 -0.23663 0.243462 0.224672 0.94353 0.379192 
1535380898449 0.250241 0.925324 -0.284877 -0.620243 -0.93706 0.30548 0.169117 -0.236537 0.243512 0.224626 0.943528 0.379258 
1535380898596 0.250298 0.925298 -0.284911 -0.620065 -0.93701 0.305573 0.169225 -0.236374 0.243645 0.224608 0.943498 0.379316 
1535380898715 0.250436 0.925232 -0.285005 -0.619828 -0.937019 0.30568 0.168983 -0.236378 0.243469 0.224736 0.943513 0.379362 
1535380898852 0.250313 0.925258 -0.285028 -0.619623 -0.937026 0.30559 0.169105 -0.236196 0.243568 0.22475 0.943484 0.37942 
1535380898985 0.25054 0.925151 -0.285176 -0.619445 -0.936921 0.305875 0.169172 -0.236138 0.243738 0.224803 0.943428 0.379453 
1535380899109 0.250417 0.925199 -0.285129 -0.619234 -0.93698 0.305724 0.169117 -0.23604 0.243638 0.224811 0.943452 0.379521 
1535380899233 0.250592 0.925138 -0.285172 -0.619036 -0.936943 0.30589 0.169022 -0.235929 0.2436 0.224835 0.943456 0.379554 
1535380899270 0.250592 0.925138 -0.285172 -0.619036 -0.936943 0.30589 0.169022 -0.235929 0.2436 0.224835 0.943456 0.379554 
1535380899287 0.250545 0.925159 -0.285147 -0.618964 -0.936958 0.305839 0.169032 -0.235867 0.243591 0.224821 0.943461 0.379576 
1535380899304 0.250525 0.925171 -0.285125 -0.618893 -0.936969 0.305811 0.169025 -0.235849 0.243571 0.224809 0.943469 0.379595 
1535380899487 0.250556 0.925156 -0.285146 -0.618837 -0.936961 0.305844 0.16901 -0.235857 0.243571 0.224824 0.943466 0.379607 
1535380899552 0.250677 0.925185 -0.284944 -0.618638 -0.937123 0.305743 0.168291 -0.23556 0.24282 0.224841 0.943655 0.379631 
1535380899703 0.250677 0.925185 -0.284944 -0.618638 -0.937123 0.305743 0.168291 -0.23556 0.24282 0.224841 0.943655 0.379631 
1535380899756 0.250995 0.925156 -0.284759 -0.618403 -0.937218 0.305846 0.167573 -0.235636 0.242123 0.224821 0.943839 0.379686 
1535380899880 0.250834 0.925248 -0.284602 -0.618278 -0.937325 0.305605 0.167417 -0.235414 0.241878 0.224771 0.943914 0.379722 
1535380899934 0.251033 0.925181 -0.284644 -0.618125 -0.937339 0.305739 0.167089 -0.235331 0.241614 0.224864 0.943959 0.379792 
1535380900084 0.251101 0.925209 -0.284494 -0.617977 -0.937376 0.305725 0.166906 -0.235215 0.2414 0.224768 0.944037 0.379866 
1535380900134 0.251256 0.92518 -0.284449 -0.61777 -0.937475 0.305735 0.166333 -0.23522 0.240854 0.224872 0.944151 0.379882 
1535380900153 0.251148 0.925243 -0.284342 -0.617679 -0.937548 0.305571 0.166223 -0.235066 0.240683 0.224838 0.944203 0.379914 
1535380900297 0.251084 0.925271 -0.284307 -0.617636 -0.937597 0.305474 0.166126 -0.234995 0.24056 0.224854 0.944231 0.379915 
1535380900337 0.251392 0.925153 -0.28442 -0.617549 -0.937398 0.305897 0.166467 -0.23508 0.241011 0.224766 0.944137 0.379941 
1535380900451 0.251224 0.925195 -0.284429 -0.617246 -0.937303 0.305868 0.167055 -0.235094 0.241557 0.224628 0.94403 0.38007 
1535380900590 0.251161 0.925172 -0.28456 -0.617061 -0.937187 0.305956 0.167546 -0.234884 0.242072 0.224605 0.943903 0.380135 
1535380900713 0.251235 0.925199 -0.284407 -0.616771 -0.937097 0.306064 0.167852 -0.234846 0.242343 0.224347 0.943895 0.380242 
1535380900841 0.251082 0.925196 -0.284551 -0.616544 -0.937061 0.306015 0.168139 -0.234754 0.242639 0.224425 0.943801 0.380282 
1535380900967 0.251239 0.925134 -0.284615 -0.616287 -0.936885 0.3063 0.168601 -0.234658 0.243156 0.224293 0.943699 0.380303 
1535380901093 0.251135 0.925165 -0.284606 -0.616054 -0.936828 0.306278 0.168959 -0.234524 0.243484 0.224195 0.943638 0.380351 
1535380901242 0.251048 0.925165 -0.284682 -0.615768 -0.936747 0.306305 0.169361 -0.234412 0.243886 0.224157 0.943543 0.380449 
1535380901257 0.251052 0.925156 -0.284711 -0.615697 -0.936729 0.306328 0.169414 -0.234429 0.243949 0.224165 0.943525 0.380469 
1535380901431 0.251052 0.925156 -0.284711 -0.615697 -0.936729 0.306328 0.169414 -0.234429 0.243949 0.224165 0.943525 0.380469 
1535380901508 0.251049 0.925177 -0.284644 -0.615367 -0.936624 0.306411 0.169846 -0.234258 0.244355 0.223965 0.943467 0.380574 
1535380901694 0.251056 0.925098 -0.284892 -0.615025 -0.936538 0.306541 0.170088 -0.234217 0.24468 0.224111 0.943348 0.380664 
1535380901879 0.251091 0.925033 -0.285074 -0.614658 -0.936428 0.306699 0.170408 -0.234168 0.245065 0.224163 0.943236 0.380682 
1535380902070 0.250947 0.925081 -0.285044 -0.614344 -0.936409 0.306609 0.170671 -0.233991 0.245282 0.224088 0.943197 0.380794 
1535380902243 0.251322 0.924944 -0.28516 -0.613955 -0.936213 0.307075 0.170908 -0.234021 0.245646 0.224018 0.94312 0.380919 
1535380902453 0.251034 0.924985 -0.285281 -0.613659 -0.936193 0.306912 0.171313 -0.233807 0.246018 0.224072 0.943009 0.381018 
1535380902633 0.251035 0.924964 -0.285347 -0.613291 -0.936078 0.307029 0.171731 -0.23375 0.246455 0.223997 0.942913 0.381098 
1535380902858 0.25097 0.924984 -0.285341 -0.612951 -0.936031 0.307024 0.171994 -0.233629 0.246699 0.223923 0.942867 0.381184 
1535380903029 0.25092 0.925015 -0.285284 -0.612759 -0.935995 0.307011 0.172215 -0.233496 0.246887 0.223812 0.942844 0.381284 
1535380903168 0.25092 0.925015 -0.285284 -0.612759 -0.935995 0.307011 0.172215 -0.233496 0.246887 0.223812 0.942844 0.381284 
1535380903402 0.251111 0.924983 -0.285217 -0.612577 -0.935942 0.307182 0.172195 -0.23341 0.246891 0.223707 0.942868 0.381242 
1535380903532 0.251576 0.924881 -0.28514 -0.612175 -0.935763 0.307661 0.172315 -0.233486 0.247097 0.223473 0.942869 0.381329 
1535380903733 0.251501 0.924948 -0.284988 -0.611895 -0.935745 0.307595 0.172528 -0.233247 0.24724 0.223285 0.942876 0.381412 
1535380903937 0.251781 0.92487 -0.284994 -0.611563 -0.935614 0.307914 0.172672 -0.233194 0.247453 0.223169 0.942848 0.38149 
1535380904104 0.252054 0.924872 -0.284746 -0.611198 -0.93551 0.308156 0.172805 -0.233119 0.247569 0.222827 0.942899 0.381572 
1535380904308 0.252154 0.924814 -0.284848 -0.610884 -0.935384 0.308359 0.173123 -0.232986 0.247942 0.222789 0.94281 0.381593 
1535380904520 0.252494 0.924798 -0.284598 -0.610224 -0.935192 0.308726 0.173503 -0.232769 0.248318 0.222346 0.942815 0.381739 
1535380904553 0.252528 0.924816 -0.284507 -0.610128 -0.935173 0.308751 0.173564 -0.232697 0.248357 0.222233 0.942832 0.381769 
1535380904701 0.252539 0.924815 -0.284501 -0.610065 -0.935152 0.308776 0.173632 -0.232636 0.248424 0.222203 0.942821 0.381786 
1535380904748 0.252539 0.924815 -0.284501 -0.610065 -0.935152 0.308776 0.173632 -0.232636 0.248424 0.222203 0.942821 0.381786 
1535380904907 0.252682 0.924672 -0.284838 -0.609801 -0.935102 0.308986 0.17353 -0.232534 0.248469 0.222505 0.942738 0.381841 
1535380905107 0.252834 0.924645 -0.284793 -0.609466 -0.935017 0.309162 0.173672 -0.232337 0.248632 0.222376 0.942725 0.381946 
1535380905303 0.253151 0.924561 -0.284783 -0.609094 -0.934926 0.309466 0.173618 -0.23222 0.248651 0.2223 0.942738 0.382061 
1535380905517 0.253513 0.92446 -0.28479 -0.608716 -0.934821 0.309821 0.173556 -0.232167 0.248679 0.222229 0.942747 0.382159 
1535380905721 0.253492 0.924467 -0.284784 -0.608428 -0.934804 0.309819 0.173649 -0.231882 0.248764 0.222198 0.942732 0.382273 
1535380905908 0.253783 0.924368 -0.284849 -0.608071 -0.934728 0.310106 0.173546 -0.231772 0.248753 0.222213 0.942732 0.382362 
1535380906112 0.253944 0.924302 -0.284918 -0.607723 -0.934657 0.310297 0.173586 -0.231645 0.248855 0.22222 0.942703 0.382448 
1535380906338 0.254173 0.92423 -0.284946 -0.607402 -0.934572 0.310541 0.173607 -0.231389 0.24894 0.222177 0.942691 0.382557 
1535380906357 0.254054 0.924274 -0.28491 -0.607274 -0.934597 0.310428 0.173677 -0.231263 0.248969 0.222153 0.942689 0.382605 
1535380906509 0.254003 0.924284 -0.284923 -0.607212 -0.934609 0.310383 0.17369 -0.231242 0.248974 0.222174 0.942683 0.382622 
1535380906574 0.253971 0.924311 -0.284865 -0.607059 -0.934621 0.310339 0.173706 -0.231139 0.248963 0.222124 0.942697 0.382665 
1535380906757 0.254457 0.924251 -0.284624 -0.606666 -0.934492 0.310754 0.173655 -0.231188 0.248949 0.221791 0.942779 0.382756 
1535380906937 0.254245 0.924286 -0.284703 -0.606389 -0.934581 0.310539 0.173564 -0.231033 0.248833 0.22195 0.942773 0.382834 
1535380907134 0.254251 0.924373 -0.284415 -0.606082 -0.934611 0.310462 0.17354 -0.230856 0.248716 0.221694 0.942864 0.382986 
1535380907304 0.254227 0.9244 -0.284346 -0.605761 -0.934639 0.310407 0.173486 -0.230741 0.248633 0.221656 0.942894 0.383047 
1535380907494 0.254127 0.924462 -0.284235 -0.605474 -0.934688 0.310271 0.173466 -0.230563 0.248552 0.221589 0.942932 0.383109 
1535380907684 0.254204 0.924459 -0.284178 -0.605169 -0.934667 0.310334 0.173468 -0.230435 0.248554 0.221515 0.942949 0.383182 
1535380907880 0.25425 0.924493 -0.284023 -0.604764 -0.934677 0.310329 0.173423 -0.230356 0.248469 0.221377 0.943003 0.383275 
1535380908047 0.254169 0.924535 -0.283959 -0.60467 -0.934701 0.310238 0.173453 -0.23027 0.248458 0.221331 0.943017 0.383304 
1535380908179 0.254282 0.924496 -0.283987 -0.604635 -0.934686 0.310337 0.173356 -0.230259 0.248398 0.221357 0.943027 0.383271 
1535380908330 0.254286 0.924639 -0.283516 -0.604514 -0.934733 0.310209 0.173333 -0.230223 0.24822 0.220936 0.943173 0.383218 
1535380908481 0.254367 0.924744 -0.283102 -0.604323 -0.934735 0.310188 0.17336 -0.230074 0.248128 0.220528 0.943292 0.383244 
1535380908621 0.254215 0.924912 -0.282689 -0.604153 -0.934813 0.309933 0.173394 -0.229891 0.247989 0.220182 0.94341 0.383287 
1535380908776 0.25437 0.924984 -0.282313 -0.603956 -0.934805 0.30998 0.173355 -0.22983 0.247862 0.219811 0.943529 0.383331 
1535380908909 0.254183 0.925186 -0.281818 -0.603769 -0.934868 0.309698 0.173519 -0.229581 0.247816 0.219358 0.943647 0.383359 
1535380909052 0.254505 0.925193 -0.281506 -0.603582 -0.934847 0.309888 0.173292 -0.229538 0.247564 0.219061 0.943782 0.38331 
1535380909200 0.254617 0.925298 -0.281059 -0.603345 -0.934864 0.30987 0.173237 -0.22952 0.247387 0.218643 0.943925 0.383378 
1535380909224 0.2545 0.925443 -0.280686 -0.603213 -0.934904 0.309681 0.173357 -0.229297 0.247355 0.218296 0.944014 0.383451 
1535380909242 0.254462 0.925473 -0.280622 -0.603188 -0.934923 0.309624 0.173354 -0.229256 0.247322 0.218248 0.944034 0.383455 
1535380909265 0.254419 0.925502 -0.280565 -0.603162 -0.934948 0.309561 0.173334 -0.229214 0.247273 0.218214 0.944054 0.383448 
1535380909446 0.254976 0.925473 -0.280155 -0.603132 -0.934904 0.309922 0.172926 -0.229387 0.246865 0.217826 0.944251 0.383364 
1535380909488 0.255221 0.925542 -0.279704 -0.603084 -0.934924 0.309995 0.172686 -0.229411 0.246535 0.217429 0.944428 0.383306 
1535380909607 0.255399 0.925631 -0.279246 -0.603039 -0.934981 0.309986 0.172392 -0.229257 0.246133 0.217061 0.944618 0.383302 
1535380909667 0.255613 0.925755 -0.278638 -0.602962 -0.935001 0.310009 0.172245 -0.229222 0.245837 0.216498 0.944824 0.38336 
1535380909757 0.255774 0.925858 -0.278149 -0.602866 -0.93508 0.309963 0.171896 -0.229079 0.245368 0.216124 0.945032 0.383255 
1535380909834 0.255884 0.925986 -0.27762 -0.602772 -0.935161 0.309873 0.171618 -0.228987 0.244943 0.215705 0.945238 0.383197 
1535380909909 0.256085 0.926085 -0.277105 -0.602682 -0.935197 0.309889 0.171391 -0.228897 0.244594 0.215257 0.94543 0.38317 
1535380909951 0.256225 0.926209 -0.27656 -0.602586 -0.935276 0.309819 0.171087 -0.228785 0.244146 0.214823 0.945645 0.383086 
1535380910160 0.256236 0.926214 -0.276535 -0.602582 -0.935278 0.30982 0.171075 -0.228781 0.244128 0.214802 0.945654 0.383084 
1535380910361 0.25635 0.926137 -0.276685 -0.602703 -0.935273 0.309934 0.170897 -0.228906 0.244028 0.214966 0.945643 0.383143 
1535380910574 0.256573 0.926262 -0.27606 -0.602637 -0.935279 0.309973 0.170791 -0.228861 0.243768 0.214373 0.945844 0.383107 
1535380910797 0.256911 0.926294 -0.275638 -0.602648 -0.935328 0.310094 0.170304 -0.228833 0.243225 0.214059 0.946055 0.383069 
1535380911019 0.257098 0.926366 -0.275221 -0.602701 -0.935365 0.310119 0.170056 -0.228751 0.242885 0.213711 0.946221 0.382983 
1535380911275 0.257429 0.926438 -0.27467 -0.602637 -0.93539 0.310232 0.169712 -0.22876 0.242439 0.213235 0.946443 0.382918 
1535380911504 0.257503 0.926603 -0.274043 -0.602672 -0.935519 0.310057 0.169319 -0.228594 0.24186 0.212772 0.946695 0.382917 
1535380911757 0.257719 0.92662 -0.273782 -0.602636 -0.935538 0.310147 0.169049 -0.228679 0.241557 0.212567 0.946819 0.38288 
1535380912000 0.257936 0.926721 -0.273236 -0.60268 -0.935616 0.310133 0.168639 -0.228521 0.241021 0.212146 0.94705 0.382796 
1535380912044 0.25827 0.926731 -0.272885 -0.602648 -0.935675 0.310257 0.168085 -0.22864 0.240434 0.21192 0.947249 0.38265 
1535380912201 0.25827 0.926731 -0.272885 -0.602648 -0.935675 0.310257 0.168085 -0.22864 0.240434 0.21192 0.947249 0.38265 
1535380913035 0.252242 0.926517 -0.279177 -0.588486 -0.93681 0.306088 0.1694 -0.221892 0.242405 0.218806 0.945179 0.392536 
1535380914012 0.247697 0.925797 -0.285563 -0.573982 -0.937665 0.303244 0.169788 -0.215707 0.243784 0.225707 0.9432 0.402769 
1535380914991 0.242468 0.92518 -0.291978 -0.559575 -0.938687 0.299761 0.170324 -0.20919 0.245104 0.232778 0.941137 0.412756 
1535380915947 0.237757 0.92436 -0.298379 -0.545067 -0.939597 0.296742 0.170592 -0.202882 0.24623 0.239797 0.939079 0.422879 
1535380916899 0.232847 0.92351 -0.304815 -0.530668 -0.940569 0.293523 0.170803 -0.196579 0.247209 0.246928 0.936971 0.432998 
1535380917869 0.227853 0.922675 -0.311053 -0.516226 -0.941475 0.290268 0.171373 -0.190197 0.24841 0.253801 0.934814 0.443128 
1535380918784 0.222863 0.9217 -0.317493 -0.501828 -0.942358 0.287073 0.171904 -0.183763 0.249588 0.260881 0.932549 0.453218 
1535380919680 0.21784 0.920695 -0.323832 -0.487339 -0.94328 0.283787 0.172301 -0.177461 0.250536 0.26793 0.930293 0.463318 
1535380927369 0.213768 0.919393 -0.330182 -0.472526 -0.943851 0.281537 0.172866 -0.171236 0.25189 0.27469 0.927953 0.474041 
1535380927875 0.213768 0.919393 -0.330182 -0.472526 -0.943851 0.281536 0.172866 -0.171236 0.25189 0.27469 0.927953 0.474041 
1535380928345 0.213781 0.919392 -0.330176 -0.472525 -0.943849 0.281546 0.17286 -0.171238 0.251886 0.274682 0.927956 0.474045 
1535380928809 0.21379 0.919392 -0.330171 -0.472524 -0.943847 0.281553 0.172857 -0.171239 0.251884 0.274676 0.927959 0.474049 
1535380929265 0.213799 0.919392 -0.330165 -0.472523 -0.943846 0.28156 0.172854 -0.17124 0.251882 0.274669 0.927962 0.474052 
1535380929741 0.213806 0.919392 -0.330158 -0.472522 -0.943845 0.281565 0.172852 -0.171241 0.25188 0.274661 0.927964 0.474056 
1535380930194 0.213815 0.919393 -0.33015 -0.472521 -0.943844 0.281571 0.172849 -0.171241 0.251877 0.274653 0.927968 0.47406 
1535380930657 0.213825 0.919393 -0.330143 -0.472519 -0.943842 0.281579 0.172847 -0.171242 0.251876 0.274644 0.927971 0.474064 
1535380931117 0.213839 0.919392 -0.330137 -0.472519 -0.943839 0.28159 0.172845 -0.171243 0.251876 0.274635 0.927973 0.474067 
1535380931597 0.213853 0.919391 -0.330133 -0.472518 -0.943835 0.281603 0.172843 -0.171244 0.251877 0.274628 0.927975 0.474069 
1535380931622 0.213853 0.919391 -0.330133 -0.472518 -0.943835 0.281603 0.172843 -0.171244 0.251877 0.274628 0.927975 0.474069 
1535380931867 0.213868 0.919388 -0.330129 -0.472517 -0.943831 0.281617 0.172842 -0.171244 0.251879 0.27462 0.927977 0.474071 
1535380932111 0.213878 0.919387 -0.330127 -0.472517 -0.943828 0.281627 0.172841 -0.171244 0.251881 0.274616 0.927977 0.474072 
1535380932348 0.213888 0.919385 -0.330125 -0.472517 -0.943826 0.281636 0.172841 -0.171245 0.251883 0.274612 0.927978 0.474073 
1535380932588 0.213896 0.919384 -0.330124 -0.472516 -0.943823 0.281644 0.17284 -0.171245 0.251884 0.274609 0.927979 0.474074 
1535380932829 0.213906 0.919382 -0.330122 -0.472516 -0.943821 0.281653 0.17284 -0.171245 0.251886 0.274605 0.927979 0.474075 
1535380933077 0.213916 0.91938 -0.330121 -0.472516 -0.943818 0.281663 0.172839 -0.171245 0.251888 0.274601 0.92798 0.474076 
1535380933320 0.213931 0.919377 -0.33012 -0.472516 -0.943814 0.281678 0.172839 -0.171245 0.251892 0.274596 0.92798 0.474076 
1535380933557 0.214001 0.919361 -0.330118 -0.472516 -0.943792 0.28175 0.172838 -0.171245 0.251912 0.274576 0.927981 0.474077 
1535380933805 0.214051 0.91935 -0.330117 -0.472515 -0.943777 0.2818 0.172838 -0.171246 0.251926 0.274561 0.927982 0.474078 
1535380933831 0.214084 0.919343 -0.330116 -0.472515 -0.943767 0.281834 0.172838 -0.171246 0.251935 0.274551 0.927982 0.474078 
1535380934072 0.214085 0.919343 -0.330116 -0.472515 -0.943767 0.281835 0.172838 -0.171246 0.251936 0.274551 0.927982 0.474078 
1535380934313 0.214103 0.919339 -0.330116 -0.472515 -0.943762 0.281854 0.172837 -0.171246 0.25194 0.274545 0.927982 0.474079 
1535380934591 0.214116 0.919336 -0.330115 -0.472515 -0.943758 0.281867 0.172837 -0.171246 0.251944 0.274541 0.927982 0.474079 
1535380934832 0.214128 0.919333 -0.330114 -0.472515 -0.943754 0.281879 0.172837 -0.171246 0.251947 0.274537 0.927983 0.474079 
1535380935054 0.214136 0.919332 -0.330114 -0.472515 -0.943752 0.281886 0.172837 -0.171246 0.251949 0.274535 0.927983 0.47408 
1535380935266 0.214143 0.91933 -0.330113 -0.472515 -0.94375 0.281893 0.172837 -0.171246 0.251951 0.274533 0.927983 0.47408 
1535380935500 0.21415 0.919329 -0.330113 -0.472515 -0.943748 0.281901 0.172836 -0.171246 0.251953 0.27453 0.927983 0.47408 
1535380935735 0.214159 0.919327 -0.330112 -0.472515 -0.943745 0.28191 0.172836 -0.171246 0.251955 0.274527 0.927984 0.474081 
1535380935962 0.214167 0.919325 -0.330112 -0.472514 -0.943743 0.281918 0.172836 -0.171246 0.251957 0.274525 0.927984 0.474081 
1535380935992 0.214176 0.919323 -0.330112 -0.472514 -0.94374 0.281926 0.172836 -0.171246 0.251959 0.274522 0.927984 0.474081 
1535380936241 0.214176 0.919323 -0.330112 -0.472514 -0.94374 0.281927 0.172836 -0.171246 0.251959 0.274522 0.927984 0.474081 
1535380936491 0.214185 0.919321 -0.330111 -0.472514 -0.943737 0.281936 0.172836 -0.171247 0.251962 0.274519 0.927984 0.474081 
1535380936732 0.214196 0.919319 -0.330111 -0.472514 -0.943734 0.281947 0.172836 -0.171247 0.251965 0.274516 0.927984 0.474082 
1535380936982 0.214208 0.919316 -0.33011 -0.472514 -0.94373 0.281959 0.172835 -0.171247 0.251968 0.274512 0.927984 0.474082 
1535380937224 0.214237 0.919309 -0.33011 -0.472514 -0.943721 0.281989 0.172835 -0.171247 0.251977 0.274504 0.927984 0.474082 
1535380937474 0.214322 0.91929 -0.33011 -0.472514 -0.943696 0.282076 0.172835 -0.171247 0.252002 0.274481 0.927985 0.474082 
1535380937730 0.214364 0.91928 -0.33011 -0.472514 -0.943683 0.282119 0.172835 -0.171247 0.252014 0.274469 0.927985 0.474082 
1535380937981 0.214451 0.91926 -0.330109 -0.472514 -0.943656 0.282208 0.172835 -0.171247 0.25204 0.274445 0.927985 0.474082 
1535380938222 0.214461 0.919258 -0.330109 -0.472514 -0.943653 0.282218 0.172835 -0.171247 0.252043 0.274442 0.927985 0.474083 
1535380938249 0.214461 0.919258 -0.330109 -0.472514 -0.943653 0.282218 0.172835 -0.171247 0.252043 0.274442 0.927985 0.474083 
1535380938539 0.214467 0.919256 -0.330109 -0.472514 -0.943651 0.282224 0.172835 -0.171247 0.252044 0.27444 0.927985 0.474083 
1535380938809 0.21447 0.919256 -0.330108 -0.472514 -0.94365 0.282227 0.172835 -0.171247 0.252045 0.274439 0.927985 0.474083 
1535380939099 0.214472 0.919255 -0.330108 -0.472514 -0.94365 0.282229 0.172835 -0.171247 0.252045 0.274439 0.927985 0.474083 
1535380939371 0.214473 0.919255 -0.330108 -0.472514 -0.94365 0.28223 0.172834 -0.171247 0.252045 0.274438 0.927985 0.474083 
1535380939658 0.214474 0.919255 -0.330108 -0.472514 -0.943649 0.282231 0.172834 -0.171247 0.252046 0.274438 0.927985 0.474083 
1535380939946 0.214475 0.919255 -0.330108 -0.472514 -0.943649 0.282232 0.172834 -0.171247 0.252046 0.274437 0.927986 0.474084 
1535380940245 0.214476 0.919255 -0.330108 -0.472514 -0.943649 0.282233 0.172834 -0.171247 0.252046 0.274437 0.927986 0.474084 
1535380940523 0.214477 0.919254 -0.330108 -0.472514 -0.943649 0.282233 0.172834 -0.171247 0.252046 0.274437 0.927986 0.474084 
1535380940781 0.214477 0.919254 -0.330108 -0.472514 -0.943648 0.282234 0.172834 -0.171247 0.252046 0.274437 0.927986 0.474084 
1535380940821 0.214478 0.919254 -0.330107 -0.472514 -0.943648 0.282234 0.172834 -0.171247 0.252046 0.274436 0.927986 0.474084 
1535380941048 0.214478 0.919254 -0.330107 -0.472514 -0.943648 0.282234 0.172834 -0.171247 0.252046 0.274436 0.927986 0.474084 
1535380941263 0.214478 0.919254 -0.330107 -0.472514 -0.943648 0.282235 0.172834 -0.171247 0.252046 0.274436 0.927986 0.474084 
1535380941470 0.214478 0.919254 -0.330107 -0.472514 -0.943648 0.282235 0.172834 -0.171247 0.252046 0.274436 0.927986 0.474084 
1535380941696 0.214479 0.919254 -0.330107 -0.472514 -0.943648 0.282235 0.172834 -0.171247 0.252046 0.274436 0.927986 0.474084 
1535380941909 0.214479 0.919254 -0.330107 -0.472514 -0.943648 0.282236 0.172834 -0.171247 0.252046 0.274435 0.927986 0.474084 
1535380942128 0.214479 0.919254 -0.330107 -0.472514 -0.943648 0.282236 0.172834 -0.171247 0.252046 0.274435 0.927986 0.474084 
1535380942356 0.214479 0.919254 -0.330107 -0.472514 -0.943648 0.282236 0.172834 -0.171247 0.252046 0.274435 0.927986 0.474084 
1535380942571 0.214479 0.919254 -0.330107 -0.472514 -0.943648 0.282236 0.172834 -0.171247 0.252046 0.274435 0.927986 0.474084 
1535380942809 0.21448 0.919254 -0.330107 -0.472514 -0.943648 0.282236 0.172834 -0.171247 0.252046 0.274435 0.927986 0.474084 
1535380942845 0.21448 0.919254 -0.330107 -0.472514 -0.943648 0.282237 0.172834 -0.171247 0.252046 0.274435 0.927986 0.474085 
1535380942990 0.21448 0.919254 -0.330107 -0.472513 -0.943648 0.282236 0.172834 -0.171247 0.252046 0.274435 0.927986 0.474085 
1535380943168 0.21448 0.919254 -0.330106 -0.472513 -0.943648 0.282236 0.172834 -0.171247 0.252046 0.274435 0.927986 0.474085 
1535380943383 0.21448 0.919254 -0.330106 -0.472514 -0.943648 0.282237 0.172834 -0.171247 0.252046 0.274435 0.927986 0.474085 
1535380943581 0.21448 0.919254 -0.330106 -0.472513 -0.943648 0.282236 0.172834 -0.171247 0.252046 0.274435 0.927986 0.474085 
1535380943755 0.21448 0.919254 -0.330106 -0.472513 -0.943648 0.282237 0.172833 -0.171247 0.252046 0.274435 0.927986 0.474085 
1535380943939 0.21448 0.919254 -0.330106 -0.472513 -0.943648 0.282237 0.172833 -0.171247 0.252046 0.274435 0.927986 0.474085 
1535380944126 0.21448 0.919254 -0.330106 -0.472513 -0.943648 0.282237 0.172834 -0.171247 0.252046 0.274435 0.927986 0.474085 
1535380944331 0.214481 0.919254 -0.330106 -0.472513 -0.943648 0.282237 0.172833 -0.171247 0.252046 0.274434 0.927986 0.474085 
1535380944520 0.214481 0.919254 -0.330106 -0.472513 -0.943648 0.282237 0.172834 -0.171247 0.252046 0.274434 0.927986 0.474085 
1535380944551 0.214481 0.919254 -0.330106 -0.472513 -0.943648 0.282237 0.172834 -0.171247 0.252046 0.274434 0.927986 0.474085 
1535380944775 0.214481 0.919254 -0.330106 -0.472513 -0.943648 0.282237 0.172834 -0.171247 0.252046 0.274434 0.927986 0.474085 
1535380944999 0.214481 0.919254 -0.330106 -0.472513 -0.943648 0.282237 0.172833 -0.171247 0.252046 0.274434 0.927986 0.474085 
1535380945221 0.214481 0.919254 -0.330106 -0.472513 -0.943647 0.282238 0.172834 -0.171247 0.252046 0.274434 0.927986 0.474085 
1535380945439 0.214481 0.919254 -0.330106 -0.472513 -0.943647 0.282238 0.172833 -0.171247 0.252046 0.274434 0.927986 0.474085 
1535380945664 0.214481 0.919254 -0.330106 -0.472513 -0.943647 0.282238 0.172833 -0.171247 0.252046 0.274434 0.927986 0.474085 
1535380945899 0.214481 0.919254 -0.330106 -0.472513 -0.943647 0.282238 0.172833 -0.171247 0.252046 0.274434 0.927986 0.474085 
1535380946120 0.214482 0.919254 -0.330106 -0.472513 -0.943647 0.282238 0.172833 -0.171247 0.252046 0.274434 0.927986 0.474085 
1535380946342 0.214482 0.919254 -0.330106 -0.472513 -0.943647 0.282238 0.172833 -0.171248 0.252046 0.274434 0.927986 0.474085 
1535380946567 0.214482 0.919254 -0.330106 -0.472513 -0.943647 0.282238 0.172833 -0.171248 0.252046 0.274434 0.927986 0.474085 
1535380946612 0.214482 0.919254 -0.330106 -0.472513 -0.943647 0.282238 0.172833 -0.171248 0.252046 0.274434 0.927986 0.474085 
1535380946806 0.214482 0.919254 -0.330106 -0.472513 -0.943647 0.282238 0.172833 -0.171248 0.252046 0.274434 0.927986 0.474085 
1535380947013 0.214482 0.919254 -0.330106 -0.472513 -0.943647 0.282238 0.172833 -0.171248 0.252046 0.274434 0.927986 0.474085 
1535380947236 0.214482 0.919254 -0.330106 -0.472513 -0.943647 0.282238 0.172833 -0.171248 0.252045 0.274434 0.927987 0.474085 
1535380947446 0.214482 0.919254 -0.330106 -0.472513 -0.943647 0.282238 0.172833 -0.171248 0.252045 0.274434 0.927987 0.474085 
1535380947670 0.214482 0.919254 -0.330106 -0.472513 -0.943647 0.282238 0.172833 -0.171248 0.252046 0.274434 0.927986 0.474086 
1535380947897 0.214482 0.919254 -0.330106 -0.472513 -0.943648 0.282238 0.172832 -0.171248 0.252045 0.274434 0.927987 0.474086 
