1535123877456 0.213907 0.919463 -0.329897 -0.47231 -0.943917 0.281507 0.172554 -0.171372 0.251525 0.274484 0.928113 0.474079 
1535123887124 0.213908 0.919464 -0.329894 -0.47231 -0.943916 0.281508 0.172555 -0.171371 0.251526 0.274481 0.928114 0.47408 
1535123887709 0.213908 0.919464 -0.329894 -0.47231 -0.943916 0.281508 0.172555 -0.171371 0.251526 0.274481 0.928114 0.47408 
1535123888375 0.217968 0.919887 -0.326033 -0.488282 -0.943484 0.284066 0.170716 -0.17877 0.249654 0.270397 0.929816 0.464254 
1535123889199 0.217968 0.919887 -0.326033 -0.488282 -0.943484 0.284066 0.170716 -0.17877 0.249654 0.270397 0.929816 0.464254 
1535123889814 0.224666 0.921191 -0.317698 -0.520832 -0.942766 0.287932 0.16819 -0.193076 0.246411 0.261728 0.933156 0.444218 
1535123890711 0.224666 0.921191 -0.317698 -0.520832 -0.942766 0.287932 0.16819 -0.193076 0.246411 0.261728 0.933156 0.444218 
1535123891310 0.234026 0.92314 -0.30503 -0.570044 -0.941559 0.293384 0.165508 -0.214229 0.242278 0.248471 0.937851 0.413876 
1535123891915 0.234026 0.92314 -0.30503 -0.570044 -0.941559 0.293384 0.165508 -0.214229 0.242278 0.248471 0.937851 0.413876 
1535123892907 0.244024 0.924617 -0.292464 -0.61887 -0.940282 0.299391 0.161971 -0.235787 0.237322 0.235473 0.94246 0.38377 
1535123893274 0.244024 0.924617 -0.292464 -0.61887 -0.940282 0.299391 0.161971 -0.235787 0.237322 0.235473 0.94246 0.38377 
1535123893490 0.245787 0.924212 -0.292267 -0.621764 -0.939986 0.300875 0.160934 -0.237546 0.236673 0.235171 0.942698 0.381875 
1535123893782 0.245787 0.924212 -0.292267 -0.621764 -0.939986 0.300875 0.160934 -0.237546 0.236673 0.235171 0.942698 0.381875 
1535123894083 0.246341 0.9245 -0.290888 -0.626777 -0.939928 0.301078 0.160897 -0.239534 0.23633 0.233778 0.943131 0.378747 
1535123894311 0.246341 0.9245 -0.290888 -0.626777 -0.939928 0.301078 0.160897 -0.239534 0.23633 0.233778 0.943131 0.378747 
1535123894791 0.246874 0.92507 -0.288615 -0.633547 -0.939906 0.301074 0.16103 -0.242127 0.235859 0.231517 0.943806 0.374714 
1535123895496 0.245793 0.923376 -0.294895 -0.633574 -0.939646 0.301676 0.16142 -0.242958 0.238014 0.237421 0.941796 0.37529 
1535123896438 0.244935 0.92252 -0.298268 -0.633692 -0.939558 0.301762 0.161771 -0.243311 0.239243 0.240617 0.940673 0.37561 
1535123896473 0.244582 0.922315 -0.299191 -0.633733 -0.93955 0.301689 0.161955 -0.243368 0.239636 0.241494 0.940348 0.375678 
1535123896890 0.24321 0.923158 -0.297706 -0.633904 -0.939863 0.300166 0.162968 -0.243507 0.239807 0.240167 0.940645 0.375721 
1535123897410 0.24109 0.923946 -0.296985 -0.634112 -0.94033 0.298099 0.164061 -0.24397 0.240114 0.23971 0.940683 0.375814 
1535123897961 0.239053 0.924628 -0.296508 -0.634371 -0.940703 0.296223 0.165316 -0.244411 0.240688 0.239407 0.940614 0.375822 
1535123897988 0.239053 0.924628 -0.296508 -0.634371 -0.940703 0.296223 0.165316 -0.244411 0.240688 0.239407 0.940614 0.375822 
1535123898243 0.238386 0.924854 -0.29634 -0.634481 -0.940793 0.295637 0.165853 -0.244417 0.240999 0.239258 0.940572 0.375869 
1535123898567 0.23813 0.92515 -0.29562 -0.634525 -0.941013 0.29511 0.165541 -0.244761 0.240391 0.238762 0.940853 0.375716 
1535123898823 0.236225 0.926191 -0.293885 -0.634889 -0.941637 0.292844 0.16602 -0.245237 0.239829 0.237514 0.941312 0.375486 
1535123898847 0.236225 0.926191 -0.293885 -0.634889 -0.941637 0.292844 0.16602 -0.245237 0.239829 0.237514 0.941312 0.375486 
1535123899180 0.237012 0.926343 -0.292769 -0.634893 -0.941642 0.293192 0.165372 -0.245325 0.239029 0.236488 0.941774 0.375286 
1535123899706 0.237943 0.92664 -0.291068 -0.634845 -0.941755 0.293433 0.164302 -0.245102 0.237657 0.23502 0.942488 0.375212 
1535123899946 0.23861 0.926713 -0.290289 -0.634888 -0.941812 0.293707 0.163481 -0.245065 0.23676 0.234389 0.942871 0.375026 
1535123900253 0.237902 0.926689 -0.290948 -0.634795 -0.94175 0.293387 0.16441 -0.24498 0.237718 0.234887 0.942506 0.375266 
1535123900529 0.239454 0.926415 -0.290547 -0.634484 -0.941472 0.294682 0.163684 -0.244797 0.237258 0.234347 0.942757 0.375289 
1535123900734 0.241805 0.926024 -0.289845 -0.633898 -0.941001 0.296672 0.162799 -0.244521 0.236745 0.233378 0.943126 0.375382 
1535123900867 0.243348 0.925777 -0.289342 -0.633517 -0.940734 0.297926 0.162047 -0.244319 0.236222 0.23276 0.94341 0.375425 
1535123900932 0.243889 0.925658 -0.289267 -0.633348 -0.94069 0.298334 0.161553 -0.244144 0.235841 0.23271 0.943518 0.375315 
1535123901230 0.244162 0.925715 -0.288855 -0.632851 -0.940662 0.29848 0.161445 -0.243847 0.235669 0.232296 0.943662 0.375627 
1535123901691 0.24487 0.92551 -0.288911 -0.632472 -0.940552 0.299093 0.160952 -0.243837 0.235374 0.232323 0.943729 0.375702 
1535123902242 0.246817 0.925131 -0.288469 -0.630297 -0.940369 0.300553 0.159295 -0.242859 0.234069 0.231951 0.944146 0.376453 
1535123902549 0.246666 0.925182 -0.288432 -0.629921 -0.940307 0.300503 0.159753 -0.24267 0.234476 0.231809 0.944079 0.376566 
1535123902858 0.246742 0.925088 -0.28867 -0.629537 -0.940149 0.300753 0.160213 -0.242512 0.235029 0.231861 0.943929 0.376742 
1535123903383 0.246526 0.925135 -0.288706 -0.628908 -0.940173 0.300584 0.160386 -0.242226 0.235159 0.231894 0.943888 0.3769 
1535123903799 0.246764 0.92473 -0.289796 -0.625793 -0.939492 0.30161 0.162439 -0.241061 0.237618 0.232177 0.943203 0.377907 
1535123904317 0.246552 0.924633 -0.290285 -0.624603 -0.939324 0.301711 0.163218 -0.240454 0.238499 0.23243 0.942918 0.378284 
1535123904352 0.247038 0.924455 -0.29044 -0.624296 -0.939147 0.30225 0.163241 -0.240609 0.238694 0.232439 0.942866 0.378335 
1535123904811 0.246332 0.92434 -0.291403 -0.623825 -0.939201 0.301876 0.163623 -0.24025 0.23921 0.233381 0.942503 0.378604 
1535123905244 0.245944 0.923969 -0.292904 -0.622917 -0.938959 0.302107 0.164581 -0.239827 0.240556 0.234548 0.941871 0.379118 
1535123905619 0.245445 0.923375 -0.295187 -0.621476 -0.938613 0.302506 0.165821 -0.239408 0.24241 0.236366 0.94094 0.379843 
1535123905866 0.24542 0.922856 -0.296825 -0.620489 -0.938318 0.303071 0.166457 -0.23924 0.243575 0.237664 0.940312 0.380326 
1535123905890 0.24542 0.922856 -0.296825 -0.620489 -0.938318 0.303071 0.166457 -0.23924 0.243575 0.237664 0.940312 0.380326 
1535123906079 0.245551 0.922624 -0.297439 -0.620301 -0.938227 0.303361 0.166438 -0.239245 0.243791 0.238196 0.940121 0.380359 
1535123906326 0.245067 0.922902 -0.296973 -0.620318 -0.938395 0.302776 0.166558 -0.239041 0.243633 0.23786 0.940248 0.380394 
1535123906655 0.245308 0.922704 -0.297392 -0.619165 -0.938216 0.303194 0.166805 -0.238646 0.244079 0.238099 0.940071 0.38079 
1535123906975 0.245145 0.922641 -0.29772 -0.618749 -0.938213 0.303143 0.166913 -0.238425 0.244253 0.238407 0.939948 0.380868 
1535123907003 0.245145 0.922641 -0.29772 -0.618749 -0.938213 0.303143 0.166913 -0.238425 0.244253 0.238407 0.939948 0.380868 
1535123907021 0.245145 0.922641 -0.29772 -0.618749 -0.938213 0.303143 0.166913 -0.238425 0.244253 0.238407 0.939948 0.380868 
1535123907207 0.245319 0.922502 -0.298008 -0.618515 -0.938124 0.303403 0.166944 -0.238434 0.244422 0.238614 0.939852 0.380944 
1535123907265 0.245319 0.922502 -0.298008 -0.618515 -0.938124 0.303403 0.166944 -0.238434 0.244422 0.238614 0.939852 0.380944 
1535123907343 0.245319 0.922502 -0.298008 -0.618515 -0.938124 0.303403 0.166944 -0.238434 0.244422 0.238614 0.939852 0.380944 
1535123907394 0.245423 0.922813 -0.296956 -0.618036 -0.937906 0.303496 0.167994 -0.238211 0.245152 0.237288 0.939997 0.381018 
1535123907495 0.245423 0.922813 -0.296956 -0.618036 -0.937906 0.303496 0.167994 -0.238211 0.245152 0.237288 0.939997 0.381018 
1535123907646 0.245534 0.923005 -0.29627 -0.617092 -0.937603 0.30374 0.169239 -0.237877 0.246198 0.23623 0.939991 0.381037 
1535123907663 0.245534 0.923005 -0.29627 -0.617092 -0.937603 0.30374 0.169239 -0.237877 0.246198 0.23623 0.939991 0.381037 
1535123907693 0.245736 0.923011 -0.296083 -0.616829 -0.937471 0.303974 0.169552 -0.237874 0.2465 0.235905 0.939993 0.381049 
1535123907914 0.246386 0.922897 -0.295897 -0.616143 -0.9371 0.304749 0.170209 -0.237403 0.24726 0.235348 0.939933 0.381219 
1535123907971 0.246386 0.922897 -0.295897 -0.616143 -0.9371 0.304749 0.170209 -0.237403 0.24726 0.235348 0.939933 0.381219 
1535123908043 0.246386 0.922897 -0.295897 -0.616143 -0.9371 0.304749 0.170209 -0.237403 0.24726 0.235348 0.939933 0.381219 
1535123908081 0.246714 0.922831 -0.295829 -0.615974 -0.937085 0.304981 0.169878 -0.237341 0.246991 0.235305 0.940014 0.381182 
1535123908486 0.246791 0.922893 -0.295572 -0.615243 -0.936907 0.305157 0.17054 -0.237038 0.247586 0.234835 0.939975 0.381468 
1535123909197 0.246999 0.922768 -0.29579 -0.613244 -0.936586 0.305647 0.171425 -0.236455 0.248593 0.234691 0.939746 0.381748 
1535123909483 0.246979 0.922858 -0.295524 -0.612822 -0.936519 0.305647 0.171791 -0.236247 0.248865 0.234335 0.939762 0.381932 
1535123909746 0.247486 0.922752 -0.29543 -0.612419 -0.93628 0.306211 0.172088 -0.236273 0.249258 0.234016 0.939738 0.382032 
1535123910020 0.247253 0.922926 -0.295082 -0.611761 -0.936267 0.305994 0.172544 -0.235948 0.249539 0.233614 0.939763 0.382248 
1535123910265 0.247257 0.923035 -0.294737 -0.611077 -0.936128 0.306063 0.173179 -0.235598 0.250058 0.233092 0.939755 0.382472 
1535123910441 0.247244 0.923137 -0.29443 -0.610437 -0.935994 0.30612 0.173799 -0.235287 0.250571 0.232614 0.939737 0.382664 
1535123910468 0.247244 0.923137 -0.29443 -0.610437 -0.935994 0.30612 0.173799 -0.235287 0.250571 0.232614 0.939737 0.382664 
1535123910636 0.247625 0.922977 -0.294612 -0.610138 -0.935811 0.306593 0.17395 -0.235357 0.250878 0.232626 0.939652 0.382679 
1535123910842 0.247324 0.923183 -0.294217 -0.610143 -0.936044 0.306089 0.173581 -0.234953 0.250303 0.232469 0.939844 0.382813 
1535123911049 0.247324 0.923183 -0.294217 -0.610143 -0.936044 0.306089 0.173581 -0.234953 0.250303 0.232469 0.939844 0.382813 
1535123911278 0.248179 0.923045 -0.293932 -0.609432 -0.936033 0.30665 0.172652 -0.23473 0.249499 0.232281 0.940104 0.382878 
1535123911331 0.248544 0.923073 -0.293533 -0.608632 -0.93617 0.306705 0.171809 -0.234192 0.24862 0.232095 0.940383 0.383061 
1535123911519 0.248544 0.923073 -0.293533 -0.608632 -0.93617 0.306705 0.171809 -0.234192 0.24862 0.232095 0.940383 0.383061 
1535123911579 0.249128 0.922966 -0.293376 -0.60793 -0.936292 0.306972 0.170663 -0.233925 0.247574 0.232169 0.940641 0.38317 
1535123911843 0.24957 0.92291 -0.293175 -0.607586 -0.936199 0.307332 0.170522 -0.233773 0.247479 0.231913 0.940729 0.38329 
1535123912153 0.249864 0.922823 -0.293199 -0.607214 -0.936029 0.307702 0.170788 -0.233656 0.247825 0.23177 0.940673 0.383351 
1535123912456 0.250764 0.922757 -0.292638 -0.605843 -0.935768 0.308475 0.170826 -0.232895 0.247902 0.231004 0.940841 0.383708 
1535123912738 0.251072 0.922651 -0.292709 -0.605562 -0.935679 0.308787 0.170748 -0.232697 0.247925 0.231012 0.940833 0.383679 
1535123912949 0.251468 0.922568 -0.29263 -0.605169 -0.935551 0.309169 0.170758 -0.232636 0.248009 0.23083 0.940856 0.383765 
