1535123877318 0.213907 0.919463 -0.329897 -0.47231 -0.943917 0.281507 0.172554 -0.171372 0.251525 0.274484 0.928113 0.474079 
1535123887121 0.213908 0.919464 -0.329894 -0.47231 -0.943916 0.281508 0.172555 -0.171371 0.251526 0.274481 0.928114 0.47408 
1535123888019 0.217968 0.919887 -0.326033 -0.488282 -0.943484 0.284066 0.170716 -0.17877 0.249654 0.270397 0.929816 0.464254 
1535123889345 0.224666 0.921191 -0.317698 -0.520832 -0.942766 0.287932 0.16819 -0.193076 0.246411 0.261728 0.933156 0.444218 
1535123891061 0.234026 0.92314 -0.30503 -0.570044 -0.941559 0.293384 0.165508 -0.214229 0.242278 0.248471 0.937851 0.413876 
1535123892764 0.244709 0.924358 -0.292711 -0.618697 -0.940213 0.299979 0.161281 -0.236042 0.236888 0.235744 0.942501 0.383805 
1535123892797 0.244024 0.924617 -0.292464 -0.61887 -0.940282 0.299391 0.161971 -0.235787 0.237322 0.235473 0.94246 0.38377 
1535123893301 0.245787 0.924212 -0.292267 -0.621764 -0.939986 0.300875 0.160934 -0.237546 0.236673 0.235171 0.942698 0.381875 
1535123893934 0.246341 0.9245 -0.290888 -0.626777 -0.939928 0.301078 0.160897 -0.239534 0.23633 0.233778 0.943131 0.378747 
1535123894617 0.24745 0.924789 -0.289021 -0.633357 -0.939786 0.301663 0.160627 -0.242389 0.235733 0.231871 0.943751 0.374725 
1535123894648 0.246874 0.92507 -0.288615 -0.633547 -0.939906 0.301074 0.16103 -0.242127 0.235859 0.231517 0.943806 0.374714 
1535123894879 0.246582 0.924553 -0.290515 -0.633553 -0.939862 0.301244 0.160968 -0.242323 0.236339 0.233353 0.943234 0.374761 
1535123895194 0.24601 0.923646 -0.293867 -0.633606 -0.939685 0.301608 0.161323 -0.242746 0.237638 0.236455 0.942134 0.375132 
1535123895337 0.245793 0.923376 -0.294895 -0.633574 -0.939646 0.301676 0.16142 -0.242958 0.238014 0.237421 0.941796 0.37529 
1535123895555 0.245186 0.922805 -0.297177 -0.633699 -0.9396 0.301703 0.16164 -0.243096 0.238821 0.239596 0.941041 0.375454 
1535123895707 0.244935 0.92252 -0.298268 -0.633692 -0.939558 0.301762 0.161771 -0.243311 0.239243 0.240617 0.940673 0.37561 
1535123896473 0.244582 0.922315 -0.299191 -0.633733 -0.93955 0.301689 0.161955 -0.243368 0.239636 0.241494 0.940348 0.375678 
1535123896720 0.243917 0.922831 -0.298139 -0.633808 -0.939793 0.300801 0.162198 -0.243586 0.239362 0.240626 0.940641 0.375598 
1535123896865 0.24321 0.923158 -0.297706 -0.633904 -0.939863 0.300166 0.162968 -0.243507 0.239807 0.240167 0.940645 0.375721 
1535123897023 0.24265 0.923325 -0.297643 -0.633982 -0.939986 0.299643 0.163218 -0.243767 0.23989 0.240176 0.940621 0.375689 
1535123897258 0.24109 0.923946 -0.296985 -0.634112 -0.94033 0.298099 0.164061 -0.24397 0.240114 0.23971 0.940683 0.375814 
1535123897418 0.24048 0.924089 -0.297034 -0.634271 -0.94037 0.297645 0.16466 -0.244108 0.240571 0.239724 0.940563 0.375749 
1535123897635 0.239053 0.924628 -0.296508 -0.634371 -0.940703 0.296223 0.165316 -0.244411 0.240688 0.239407 0.940614 0.375822 
1535123898120 0.238386 0.924854 -0.29634 -0.634481 -0.940793 0.295637 0.165853 -0.244417 0.240999 0.239258 0.940572 0.375869 
1535123898382 0.23813 0.92515 -0.29562 -0.634525 -0.941013 0.29511 0.165541 -0.244761 0.240391 0.238762 0.940853 0.375716 
1535123898567 0.237419 0.925636 -0.29467 -0.634634 -0.941254 0.294203 0.165789 -0.244951 0.240152 0.237997 0.941108 0.37567 
1535123898627 0.237084 0.925759 -0.294552 -0.634735 -0.941369 0.293833 0.165792 -0.24508 0.240033 0.237975 0.941144 0.375559 
1535123898758 0.236395 0.926114 -0.293989 -0.634824 -0.941575 0.293042 0.166018 -0.245046 0.239903 0.237567 0.94128 0.375527 
1535123898803 0.236225 0.926191 -0.293885 -0.634889 -0.941637 0.292844 0.16602 -0.245237 0.239829 0.237514 0.941312 0.375486 
1535123898847 0.236337 0.926224 -0.293691 -0.634905 -0.941596 0.292928 0.166102 -0.245289 0.239878 0.237282 0.941359 0.375505 
1535123898873 0.236275 0.926287 -0.293542 -0.634899 -0.941608 0.292846 0.166181 -0.245254 0.239894 0.237137 0.941391 0.375535 
1535123898884 0.236218 0.92633 -0.293452 -0.634898 -0.94162 0.292778 0.166231 -0.245233 0.239901 0.237054 0.94141 0.375551 
1535123899062 0.236786 0.926361 -0.292895 -0.634901 -0.941674 0.293024 0.165488 -0.245347 0.239127 0.236626 0.941715 0.375303 
1535123899075 0.237012 0.926343 -0.292769 -0.634893 -0.941642 0.293192 0.165372 -0.245325 0.239029 0.236488 0.941774 0.375286 
1535123899226 0.237433 0.926504 -0.291917 -0.634888 -0.941736 0.293243 0.164747 -0.245123 0.238241 0.235792 0.942148 0.375248 
1535123899287 0.237943 0.92664 -0.291068 -0.634845 -0.941755 0.293433 0.164302 -0.245102 0.237657 0.23502 0.942488 0.375212 
1535123899873 0.23861 0.926713 -0.290289 -0.634888 -0.941812 0.293707 0.163481 -0.245065 0.23676 0.234389 0.942871 0.375026 
1535123900026 0.237902 0.926689 -0.290948 -0.634795 -0.94175 0.293387 0.16441 -0.24498 0.237718 0.234887 0.942506 0.375266 
1535123900260 0.239454 0.926415 -0.290547 -0.634484 -0.941472 0.294682 0.163684 -0.244797 0.237258 0.234347 0.942757 0.375289 
1535123900535 0.241805 0.926024 -0.289845 -0.633898 -0.941001 0.296672 0.162799 -0.244521 0.236745 0.233378 0.943126 0.375382 
1535123900764 0.243348 0.925777 -0.289342 -0.633517 -0.940734 0.297926 0.162047 -0.244319 0.236222 0.23276 0.94341 0.375425 
1535123900905 0.243889 0.925658 -0.289267 -0.633348 -0.94069 0.298334 0.161553 -0.244144 0.235841 0.23271 0.943518 0.375315 
1535123900932 0.244059 0.925616 -0.289259 -0.633334 -0.940643 0.298498 0.161522 -0.244139 0.23585 0.232668 0.943525 0.375318 
1535123901019 0.244527 0.925558 -0.289049 -0.633209 -0.940542 0.298887 0.16139 -0.244055 0.235769 0.232399 0.943612 0.375392 
1535123901213 0.244162 0.925715 -0.288855 -0.632851 -0.940662 0.29848 0.161445 -0.243847 0.235669 0.232296 0.943662 0.375627 
1535123901389 0.24487 0.92551 -0.288911 -0.632472 -0.940552 0.299093 0.160952 -0.243837 0.235374 0.232323 0.943729 0.375702 
1535123901692 0.245745 0.92534 -0.288712 -0.631399 -0.940439 0.299779 0.160332 -0.243351 0.234911 0.232115 0.943896 0.376011 
1535123901941 0.246475 0.925178 -0.288611 -0.630694 -0.940353 0.300355 0.159761 -0.243103 0.234493 0.232019 0.944023 0.37632 
1535123902145 0.246817 0.925131 -0.288469 -0.630297 -0.940369 0.300553 0.159295 -0.242859 0.234069 0.231951 0.944146 0.376453 
1535123902269 0.247244 0.925006 -0.288502 -0.630102 -0.940289 0.300934 0.159044 -0.242958 0.233936 0.231953 0.944178 0.376468 
1535123902492 0.246757 0.925151 -0.288457 -0.629979 -0.940299 0.300578 0.159656 -0.242701 0.23441 0.231839 0.944088 0.376535 
1535123902506 0.246666 0.925182 -0.288432 -0.629921 -0.940307 0.300503 0.159753 -0.24267 0.234476 0.231809 0.944079 0.376566 
1535123902580 0.246669 0.925109 -0.288667 -0.629737 -0.940212 0.300639 0.160054 -0.242705 0.234852 0.231928 0.943957 0.376585 
1535123902834 0.246742 0.925088 -0.28867 -0.629537 -0.940149 0.300753 0.160213 -0.242512 0.235029 0.231861 0.943929 0.376742 
1535123903072 0.246526 0.925135 -0.288706 -0.628908 -0.940173 0.300584 0.160386 -0.242226 0.235159 0.231894 0.943888 0.3769 
1535123903445 0.246467 0.925027 -0.289101 -0.62703 -0.939843 0.300937 0.161654 -0.241427 0.236535 0.231867 0.943551 0.377494 
1535123903748 0.246764 0.92473 -0.289796 -0.625793 -0.939492 0.30161 0.162439 -0.241061 0.237618 0.232177 0.943203 0.377907 
1535123903975 0.246672 0.92465 -0.290129 -0.625224 -0.939411 0.301683 0.162771 -0.240745 0.238033 0.232399 0.943043 0.378076 
1535123904208 0.246552 0.924633 -0.290285 -0.624603 -0.939324 0.301711 0.163218 -0.240454 0.238499 0.23243 0.942918 0.378284 
1535123904345 0.247038 0.924455 -0.29044 -0.624296 -0.939147 0.30225 0.163241 -0.240609 0.238694 0.232439 0.942866 0.378335 
1535123904655 0.246332 0.92434 -0.291403 -0.623825 -0.939201 0.301876 0.163623 -0.24025 0.23921 0.233381 0.942503 0.378604 
1535123904951 0.245944 0.923969 -0.292904 -0.622917 -0.938959 0.302107 0.164581 -0.239827 0.240556 0.234548 0.941871 0.379118 
1535123905340 0.245445 0.923375 -0.295187 -0.621476 -0.938613 0.302506 0.165821 -0.239408 0.24241 0.236366 0.94094 0.379843 
1535123905663 0.24542 0.922856 -0.296825 -0.620489 -0.938318 0.303071 0.166457 -0.23924 0.243575 0.237664 0.940312 0.380326 
1535123906002 0.245551 0.922624 -0.297439 -0.620301 -0.938227 0.303361 0.166438 -0.239245 0.243791 0.238196 0.940121 0.380359 
1535123906193 0.245067 0.922902 -0.296973 -0.620318 -0.938395 0.302776 0.166558 -0.239041 0.243633 0.23786 0.940248 0.380394 
1535123906385 0.245282 0.922773 -0.297199 -0.619839 -0.93827 0.303089 0.166693 -0.238942 0.243897 0.237966 0.940152 0.380557 
1535123906615 0.245308 0.922704 -0.297392 -0.619165 -0.938216 0.303194 0.166805 -0.238646 0.244079 0.238099 0.940071 0.38079 
1535123906749 0.245526 0.922528 -0.297757 -0.618927 -0.938134 0.303492 0.166724 -0.238668 0.244174 0.2384 0.93997 0.380771 
1535123906852 0.245145 0.922641 -0.29772 -0.618749 -0.938213 0.303143 0.166913 -0.238425 0.244253 0.238407 0.939948 0.380868 
1535123907107 0.245319 0.922502 -0.298008 -0.618515 -0.938124 0.303403 0.166944 -0.238434 0.244422 0.238614 0.939852 0.380944 
1535123907361 0.245423 0.922813 -0.296956 -0.618036 -0.937906 0.303496 0.167994 -0.238211 0.245152 0.237288 0.939997 0.381018 
1535123907620 0.245534 0.923005 -0.29627 -0.617092 -0.937603 0.30374 0.169239 -0.237877 0.246198 0.23623 0.939991 0.381037 
1535123907670 0.245736 0.923011 -0.296083 -0.616829 -0.937471 0.303974 0.169552 -0.237874 0.2465 0.235905 0.939993 0.381049 
1535123907883 0.24628 0.92293 -0.295883 -0.616303 -0.937125 0.304649 0.17025 -0.237453 0.247269 0.23535 0.93993 0.3812 
1535123907914 0.246386 0.922897 -0.295897 -0.616143 -0.9371 0.304749 0.170209 -0.237403 0.24726 0.235348 0.939933 0.381219 
1535123908044 0.246714 0.922831 -0.295829 -0.615974 -0.937085 0.304981 0.169878 -0.237341 0.246991 0.235305 0.940014 0.381182 
1535123908090 0.246746 0.922894 -0.295607 -0.615813 -0.937025 0.30502 0.170137 -0.237195 0.247184 0.235011 0.940037 0.38129 
1535123908286 0.246791 0.922893 -0.295572 -0.615243 -0.936907 0.305157 0.17054 -0.237038 0.247586 0.234835 0.939975 0.381468 
1535123908502 0.246717 0.922854 -0.295757 -0.614624 -0.936849 0.305194 0.170792 -0.236776 0.24788 0.234943 0.939871 0.381498 
1535123908780 0.246683 0.922889 -0.295675 -0.613635 -0.936724 0.305274 0.171336 -0.236475 0.248386 0.234701 0.939798 0.381793 
1535123908965 0.246999 0.922768 -0.29579 -0.613244 -0.936586 0.305647 0.171425 -0.236455 0.248593 0.234691 0.939746 0.381748 
1535123909222 0.247153 0.922693 -0.295894 -0.613023 -0.936474 0.30588 0.171619 -0.236437 0.24886 0.234681 0.939677 0.381814 
1535123909244 0.247151 0.922693 -0.295896 -0.613023 -0.936474 0.305879 0.17162 -0.236436 0.248861 0.234683 0.939677 0.381813 
1535123909435 0.246979 0.922858 -0.295524 -0.612822 -0.936519 0.305647 0.171791 -0.236247 0.248865 0.234335 0.939762 0.381932 
1535123909603 0.247486 0.922752 -0.29543 -0.612419 -0.93628 0.306211 0.172088 -0.236273 0.249258 0.234016 0.939738 0.382032 
1535123909845 0.247253 0.922926 -0.295082 -0.611761 -0.936267 0.305994 0.172544 -0.235948 0.249539 0.233614 0.939763 0.382248 
1535123910091 0.247257 0.923035 -0.294737 -0.611077 -0.936128 0.306063 0.173179 -0.235598 0.250058 0.233092 0.939755 0.382472 
1535123910316 0.247244 0.923137 -0.29443 -0.610437 -0.935994 0.30612 0.173799 -0.235287 0.250571 0.232614 0.939737 0.382664 
1535123910565 0.247625 0.922977 -0.294612 -0.610138 -0.935811 0.306593 0.17395 -0.235357 0.250878 0.232626 0.939652 0.382679 
1535123910791 0.247324 0.923183 -0.294217 -0.610143 -0.936044 0.306089 0.173581 -0.234953 0.250303 0.232469 0.939844 0.382813 
1535123911056 0.248179 0.923045 -0.293932 -0.609432 -0.936033 0.30665 0.172652 -0.23473 0.249499 0.232281 0.940104 0.382878 
1535123911319 0.248544 0.923073 -0.293533 -0.608632 -0.93617 0.306705 0.171809 -0.234192 0.24862 0.232095 0.940383 0.383061 
1535123911550 0.249079 0.922947 -0.293476 -0.608042 -0.936279 0.306968 0.170739 -0.233981 0.247671 0.232248 0.940596 0.383126 
1535123911576 0.249128 0.922966 -0.293376 -0.60793 -0.936292 0.306972 0.170663 -0.233925 0.247574 0.232169 0.940641 0.38317 
1535123911788 0.24957 0.92291 -0.293175 -0.607586 -0.936199 0.307332 0.170522 -0.233773 0.247479 0.231913 0.940729 0.38329 
1535123911967 0.249864 0.922823 -0.293199 -0.607214 -0.936029 0.307702 0.170788 -0.233656 0.247825 0.23177 0.940673 0.383351 
1535123912201 0.25005 0.922877 -0.292872 -0.606601 -0.935962 0.307835 0.170916 -0.233116 0.24789 0.231379 0.940752 0.383527 
1535123912456 0.250764 0.922757 -0.292638 -0.605843 -0.935768 0.308475 0.170826 -0.232895 0.247902 0.231004 0.940841 0.383708 
1535123912630 0.251072 0.922651 -0.292709 -0.605562 -0.935679 0.308787 0.170748 -0.232697 0.247925 0.231012 0.940833 0.383679 
1535123912792 0.251468 0.922568 -0.29263 -0.605169 -0.935551 0.309169 0.170758 -0.232636 0.248009 0.23083 0.940856 0.383765 
