1535387052655 0.026272 0.947386 -0.319014 -0.531205 -0.99843 0.00907775 -0.0552661 -0.230294 -0.0494624 0.319966 0.946137 0.360045 
1535387057308 0.0262719 0.947386 -0.319014 -0.531205 -0.99843 0.00907765 -0.0552659 -0.230294 -0.0494622 0.319966 0.946137 0.360045 
1535387058088 0.0478039 0.948804 -0.312226 -0.541538 -0.99863 0.0387434 -0.0351621 -0.231604 -0.0212653 0.313479 0.949357 0.361322 
1535387058854 0.0700864 0.949287 -0.3065 -0.552271 -0.997514 0.0689667 -0.0144959 -0.23252 0.0073775 0.306754 0.95176 0.362159 
1535387059600 0.0923252 0.949051 -0.301294 -0.563001 -0.995091 0.0987669 0.00618285 -0.233712 0.0356258 0.299245 0.953511 0.363233 
1535387060393 0.115207 0.948288 -0.295764 -0.573675 -0.991275 0.12895 0.0273202 -0.234919 0.0640464 0.290036 0.95487 0.364525 
1535387061195 0.137569 0.946772 -0.291028 -0.584329 -0.986198 0.158256 0.048662 -0.235995 0.0921288 0.280316 0.955476 0.365639 
1535387061978 0.16049 0.94454 -0.286508 -0.594992 -0.979721 0.18772 0.0700639 -0.237158 0.119961 0.269453 0.955513 0.366825 
1535387062763 0.183035 0.941613 -0.282601 -0.605674 -0.97197 0.216469 0.0917363 -0.238204 0.147554 0.257889 0.954841 0.367989 
1535387063581 0.205758 0.937956 -0.27911 -0.616343 -0.962931 0.244893 0.113102 -0.239398 0.174436 0.245492 0.953575 0.369192 
1535387064390 0.228401 0.933593 -0.276109 -0.626985 -0.952524 0.272935 0.134922 -0.240491 0.201322 0.232185 0.951609 0.370428 
1535387064429 0.228564 0.933752 -0.275437 -0.627145 -0.952319 0.273186 0.135862 -0.240256 0.202107 0.231251 0.95167 0.370665 
1535387064749 0.229521 0.933142 -0.276707 -0.627441 -0.9519 0.274505 0.13614 -0.240727 0.202996 0.23215 0.951262 0.370564 
1535387065034 0.230965 0.9324 -0.278003 -0.628286 -0.950957 0.276755 0.138158 -0.240804 0.205757 0.23246 0.950593 0.370695 
1535387065311 0.232598 0.931675 -0.279069 -0.629075 -0.949956 0.279156 0.140199 -0.240972 0.208523 0.232493 0.949981 0.370899 
1535387065609 0.234034 0.931053 -0.279943 -0.629856 -0.94898 0.281355 0.142395 -0.241088 0.21134 0.232335 0.949398 0.37116 
1535387065842 0.23536 0.930311 -0.281295 -0.630715 -0.948054 0.283487 0.144322 -0.24116 0.214008 0.232716 0.948707 0.371278 
1535387066110 0.236889 0.929609 -0.282331 -0.631498 -0.947024 0.285814 0.14648 -0.241338 0.216863 0.232675 0.948068 0.371536 
1535387066345 0.23852 0.928904 -0.283276 -0.632259 -0.946007 0.288172 0.148417 -0.241555 0.219498 0.232581 0.947485 0.371811 
1535387066616 0.239998 0.92822 -0.284268 -0.633057 -0.94498 0.290433 0.150535 -0.241651 0.222291 0.2325 0.946853 0.371985 
1535387066899 0.241643 0.927446 -0.285399 -0.633859 -0.943906 0.292871 0.152536 -0.241817 0.225054 0.232531 0.946192 0.372181 
1535387066945 0.241803 0.927359 -0.285547 -0.634026 -0.943745 0.293172 0.152953 -0.241798 0.225557 0.232499 0.946081 0.372248 
1535387066960 0.241762 0.927355 -0.285592 -0.634083 -0.943709 0.293189 0.153145 -0.241739 0.225752 0.232491 0.946036 0.372279 
1535387067379 0.242085 0.92729 -0.285532 -0.634246 -0.943378 0.293742 0.154121 -0.241941 0.226788 0.232054 0.945895 0.372308 
1535387067717 0.242447 0.927103 -0.285833 -0.634597 -0.942968 0.294462 0.155253 -0.242097 0.228103 0.231891 0.945619 0.372385 
1535387068012 0.242622 0.92704 -0.285888 -0.634874 -0.94265 0.294914 0.156319 -0.242141 0.229226 0.231566 0.945427 0.37252 
1535387068301 0.243012 0.926913 -0.285966 -0.635178 -0.942239 0.295613 0.157476 -0.242257 0.230502 0.23118 0.945211 0.372653 
1535387068614 0.243168 0.926817 -0.286146 -0.635513 -0.941861 0.29613 0.158758 -0.242282 0.231876 0.230906 0.944942 0.372742 
1535387068918 0.243537 0.92671 -0.286178 -0.635811 -0.941454 0.296798 0.159925 -0.242405 0.233142 0.230476 0.944736 0.372911 
1535387069196 0.243793 0.926612 -0.286277 -0.636125 -0.941057 0.297385 0.161162 -0.242479 0.234469 0.230113 0.944496 0.372974 
1535387069495 0.244056 0.926518 -0.286359 -0.63643 -0.940684 0.297948 0.162296 -0.242576 0.23569 0.229764 0.944277 0.373114 
1535387069665 0.244208 0.926493 -0.286309 -0.636654 -0.940351 0.29837 0.16345 -0.242587 0.236861 0.229315 0.944093 0.373312 
1535387069683 0.244197 0.926493 -0.286321 -0.636656 -0.940349 0.298366 0.163465 -0.24258 0.236877 0.229324 0.944087 0.373302 
1535387069890 0.243664 0.927142 -0.284669 -0.636681 -0.940828 0.297237 0.162768 -0.242742 0.235523 0.228163 0.944707 0.373234 
1535387070036 0.243261 0.927587 -0.28356 -0.636786 -0.941027 0.296566 0.162842 -0.242744 0.235145 0.227224 0.945027 0.373309 
1535387070166 0.243162 0.927786 -0.282995 -0.636896 -0.941114 0.296312 0.162798 -0.242919 0.234897 0.226744 0.945204 0.373209 
1535387070323 0.242744 0.928169 -0.282096 -0.63701 -0.941269 0.29571 0.162997 -0.242952 0.234707 0.225962 0.945438 0.373265 
1535387070479 0.242416 0.92852 -0.28122 -0.637211 -0.941372 0.295225 0.163284 -0.242927 0.234636 0.225149 0.94565 0.373358 
1535387070632 0.242058 0.928909 -0.280244 -0.637275 -0.941513 0.294664 0.163482 -0.242997 0.234437 0.224282 0.945905 0.373429 
1535387070823 0.24179 0.929211 -0.27947 -0.637406 -0.941628 0.294227 0.163605 -0.243085 0.234252 0.223599 0.946113 0.373414 
1535387070905 0.241853 0.929383 -0.278845 -0.637458 -0.941691 0.294102 0.16347 -0.243251 0.233935 0.22305 0.946321 0.373402 
1535387070920 0.241831 0.929388 -0.278847 -0.63748 -0.941689 0.294089 0.163506 -0.243258 0.233966 0.223047 0.946314 0.373397 
1535387071123 0.24153 0.929514 -0.278688 -0.637484 -0.941771 0.293768 0.163609 -0.243138 0.233947 0.222943 0.946343 0.373408 
1535387071323 0.241482 0.929692 -0.278135 -0.63749 -0.941896 0.293518 0.163338 -0.243298 0.233491 0.222531 0.946552 0.373375 
1535387071524 0.241299 0.929952 -0.277424 -0.637578 -0.942006 0.293157 0.16335 -0.243335 0.233236 0.221919 0.946759 0.373341 
1535387071733 0.240963 0.930254 -0.276704 -0.637681 -0.942215 0.292593 0.163157 -0.243394 0.232739 0.2214 0.947003 0.373345 
1535387071936 0.240987 0.930446 -0.276035 -0.637687 -0.942315 0.292397 0.16293 -0.243615 0.232309 0.220848 0.947237 0.373304 
1535387072149 0.240759 0.9307 -0.275378 -0.637783 -0.942455 0.291987 0.162857 -0.24363 0.231978 0.220322 0.947441 0.373264 
1535387072347 0.240449 0.930979 -0.274703 -0.637857 -0.942614 0.291496 0.162815 -0.243651 0.231652 0.21979 0.947644 0.373248 
1535387072547 0.240422 0.931213 -0.273935 -0.637891 -0.942756 0.291207 0.162508 -0.243854 0.231101 0.219183 0.947919 0.373251 
1535387072757 0.240174 0.931477 -0.273253 -0.637953 -0.942921 0.290754 0.162363 -0.243889 0.230687 0.218661 0.948141 0.373179 
1535387072864 0.239965 0.931529 -0.27326 -0.637991 -0.942962 0.290567 0.16246 -0.243763 0.230736 0.218689 0.948122 0.373177 
1535387072970 0.240851 0.931137 -0.273817 -0.637837 -0.942624 0.291619 0.162537 -0.243892 0.231194 0.218959 0.947948 0.373227 
1535387073174 0.241119 0.931101 -0.273701 -0.637824 -0.942559 0.291853 0.162495 -0.243849 0.23118 0.218798 0.947989 0.373214 
1535387073389 0.241423 0.931044 -0.273629 -0.637798 -0.942539 0.292076 0.162208 -0.243855 0.230943 0.218745 0.948059 0.373056 
1535387073587 0.241596 0.931035 -0.273506 -0.637776 -0.942489 0.292226 0.162227 -0.243821 0.230965 0.218583 0.948091 0.373075 
1535387073778 0.241877 0.93101 -0.273343 -0.637748 -0.942368 0.292513 0.162415 -0.243766 0.231167 0.218305 0.948106 0.373086 
1535387073968 0.242238 0.930933 -0.273286 -0.637724 -0.942289 0.292836 0.162292 -0.243739 0.231111 0.218201 0.948143 0.373008 
1535387074165 0.24253 0.930953 -0.272959 -0.63767 -0.942247 0.293027 0.162188 -0.243708 0.230974 0.217859 0.948256 0.372994 
1535387074350 0.242688 0.930911 -0.272961 -0.637658 -0.942207 0.293179 0.162148 -0.243672 0.230972 0.217834 0.948262 0.37297 
1535387074566 0.24309 0.930854 -0.272796 -0.63761 -0.942094 0.293543 0.162143 -0.243648 0.231009 0.217584 0.94831 0.372904 
1535387074583 0.243094 0.930865 -0.272755 -0.637603 -0.942103 0.293531 0.162118 -0.243648 0.230972 0.217553 0.948326 0.372898 
1535387074813 0.243112 0.930806 -0.272942 -0.637447 -0.942094 0.293584 0.16207 -0.243585 0.230988 0.217736 0.94828 0.373047 
1535387074921 0.243761 0.930714 -0.272677 -0.637274 -0.941909 0.294177 0.162073 -0.243481 0.231059 0.21733 0.948356 0.373153 
1535387075021 0.244202 0.930527 -0.272919 -0.63703 -0.941787 0.294648 0.161923 -0.243483 0.231089 0.21749 0.948312 0.37312 
1535387075135 0.244822 0.930385 -0.272849 -0.636852 -0.941608 0.295247 0.161874 -0.243398 0.231163 0.217287 0.948341 0.373161 
1535387075232 0.245126 0.930367 -0.272636 -0.636647 -0.9415 0.295529 0.161991 -0.243229 0.231283 0.216978 0.948382 0.373301 
1535387075351 0.245681 0.930209 -0.272675 -0.636461 -0.941345 0.296077 0.161889 -0.243165 0.231323 0.216908 0.948388 0.373309 
1535387075450 0.24611 0.930114 -0.272614 -0.636251 -0.941229 0.296481 0.161824 -0.243044 0.23134 0.216765 0.948417 0.373336 
1535387075577 0.246756 0.929946 -0.272603 -0.63602 -0.941048 0.297109 0.161724 -0.243053 0.231388 0.216626 0.948437 0.373378 
1535387075603 0.247028 0.929881 -0.272576 -0.635921 -0.940965 0.297376 0.161714 -0.243057 0.231432 0.216537 0.948447 0.37341 
1535387075637 0.247231 0.929829 -0.272571 -0.63584 -0.9409 0.297581 0.161721 -0.243019 0.231484 0.21648 0.948447 0.37344 
1535387075865 0.247146 0.929945 -0.272251 -0.635528 -0.940949 0.29742 0.161733 -0.24276 0.231376 0.216203 0.948537 0.373637 
1535387076070 0.247354 0.929875 -0.272302 -0.635169 -0.940958 0.297567 0.161404 -0.242657 0.231114 0.216301 0.948578 0.373649 
1535387076240 0.247867 0.929776 -0.272173 -0.634767 -0.940789 0.298068 0.161467 -0.242612 0.231255 0.216034 0.948604 0.373822 
1535387076427 0.248178 0.929739 -0.272015 -0.634387 -0.940742 0.298307 0.161298 -0.242451 0.231109 0.215866 0.948678 0.373901 
1535387076604 0.248352 0.929707 -0.271967 -0.634064 -0.940703 0.298458 0.161245 -0.242249 0.231081 0.215794 0.948701 0.374019 
1535387076801 0.248612 0.929668 -0.271863 -0.633687 -0.940684 0.298643 0.161013 -0.242143 0.230879 0.215708 0.94877 0.374092 
1535387076986 0.249149 0.929567 -0.271715 -0.633281 -0.940547 0.299128 0.160917 -0.242098 0.230861 0.215468 0.948829 0.374232 
1535387077193 0.249315 0.929562 -0.271581 -0.63294 -0.94052 0.299248 0.160851 -0.241878 0.230791 0.215325 0.948879 0.374354 
1535387077223 0.249217 0.929614 -0.271493 -0.632865 -0.940549 0.299136 0.160891 -0.241761 0.23078 0.215255 0.948897 0.374389 
1535387077405 0.249471 0.929492 -0.271678 -0.632639 -0.940496 0.299399 0.160713 -0.24179 0.230721 0.215419 0.948874 0.374412 
1535387077633 0.249245 0.929451 -0.272024 -0.632157 -0.940434 0.299355 0.161153 -0.241488 0.231216 0.215654 0.9487 0.374613 
1535387077842 0.2492 0.929418 -0.272179 -0.631693 -0.940405 0.299377 0.161279 -0.241331 0.23138 0.215768 0.948634 0.374822 
1535387078060 0.249139 0.929291 -0.27267 -0.631194 -0.940367 0.299454 0.161358 -0.241149 0.231601 0.216209 0.94848 0.374856 
1535387078267 0.249177 0.929202 -0.272936 -0.630709 -0.940332 0.29956 0.161367 -0.240969 0.231703 0.216441 0.948402 0.375019 
1535387078476 0.249509 0.929001 -0.273319 -0.630156 -0.940198 0.299987 0.161352 -0.24098 0.231888 0.216715 0.948294 0.375182 
1535387078689 0.249416 0.92896 -0.27354 -0.629719 -0.940162 0.299994 0.161552 -0.24066 0.232136 0.216878 0.948197 0.375331 
1535387078926 0.249192 0.928942 -0.273807 -0.629218 -0.940156 0.299887 0.161786 -0.240429 0.232401 0.217106 0.94808 0.375515 
1535387079153 0.249323 0.92883 -0.274066 -0.628714 -0.940062 0.300113 0.161913 -0.240278 0.232641 0.21727 0.947983 0.375686 
1535387079239 0.249548 0.928676 -0.274386 -0.628489 -0.939963 0.30042 0.161917 -0.240379 0.2328 0.217506 0.94789 0.375734 
1535387079426 0.249324 0.928748 -0.274343 -0.628538 -0.940033 0.300189 0.161939 -0.2402 0.232756 0.217516 0.947898 0.375718 
1535387079670 0.249282 0.92871 -0.27451 -0.628141 -0.93996 0.300256 0.162239 -0.239981 0.233096 0.217585 0.947799 0.375924 
1535387079889 0.249292 0.928628 -0.27478 -0.627711 -0.939916 0.300352 0.162314 -0.2399 0.23326 0.217807 0.947708 0.376089 
1535387080143 0.249092 0.928602 -0.275049 -0.627347 -0.939895 0.300276 0.162577 -0.239603 0.23356 0.218021 0.947585 0.376239 
1535387080356 0.249277 0.928453 -0.275384 -0.626889 -0.939782 0.300572 0.162686 -0.239534 0.233819 0.218247 0.947469 0.376389 
1535387080594 0.249072 0.928403 -0.275736 -0.626563 -0.939771 0.300498 0.162883 -0.239297 0.234079 0.218559 0.947332 0.376503 
1535387080846 0.249123 0.928288 -0.276078 -0.626154 -0.939702 0.300659 0.162986 -0.239167 0.234303 0.218827 0.947215 0.376633 
1535387081038 0.249095 0.928204 -0.276384 -0.625737 -0.939646 0.300745 0.163151 -0.239037 0.234559 0.219063 0.947097 0.37677 
1535387081269 0.249192 0.928093 -0.27667 -0.625327 -0.939579 0.300927 0.163198 -0.238921 0.234721 0.219286 0.947006 0.376904 
1535387081332 0.249031 0.928095 -0.276807 -0.625168 -0.939585 0.300831 0.163342 -0.238761 0.23487 0.219407 0.946941 0.37698 
1535387081349 0.249098 0.928061 -0.276864 -0.625143 -0.93956 0.300912 0.163338 -0.238786 0.234899 0.219443 0.946925 0.376984 
1535387081557 0.249042 0.92801 -0.277084 -0.624924 -0.939514 0.300954 0.163524 -0.238643 0.235141 0.2196 0.946829 0.377053 
1535387081730 0.249386 0.927753 -0.277635 -0.624573 -0.939344 0.301454 0.163581 -0.238694 0.235457 0.22 0.946657 0.377156 
1535387081917 0.24924 0.927681 -0.278004 -0.624282 -0.939307 0.301451 0.1638 -0.238504 0.235759 0.220306 0.946511 0.377288 
1535387082088 0.249255 0.927533 -0.278487 -0.623974 -0.939207 0.30164 0.164026 -0.238384 0.236142 0.220673 0.94633 0.377363 
1535387082263 0.249372 0.927358 -0.278963 -0.623646 -0.939074 0.301931 0.164249 -0.238307 0.236546 0.221008 0.946151 0.377472 
1535387082431 0.249422 0.927252 -0.279271 -0.623316 -0.938986 0.302103 0.164435 -0.238214 0.236841 0.221218 0.946028 0.377594 
1535387082608 0.249349 0.927152 -0.279669 -0.623053 -0.938909 0.302193 0.164707 -0.237982 0.237222 0.221514 0.945863 0.377698 
1535387082774 0.24944 0.926964 -0.280209 -0.622752 -0.938767 0.302487 0.164977 -0.237856 0.237688 0.221899 0.945656 0.377773 
1535387082802 0.249333 0.926993 -0.280209 -0.622679 -0.938781 0.302398 0.165061 -0.237779 0.237745 0.2219 0.945642 0.377806 
1535387082835 0.249273 0.927004 -0.280227 -0.62258 -0.938779 0.302361 0.165142 -0.237725 0.237817 0.221905 0.945622 0.37784 
1535387082877 0.249403 0.926939 -0.280324 -0.622508 -0.93873 0.302516 0.165136 -0.237807 0.237873 0.221963 0.945594 0.377842 
1535387083096 0.249392 0.926945 -0.280317 -0.622291 -0.938627 0.302603 0.165564 -0.237628 0.238293 0.221822 0.945522 0.377918 
1535387083285 0.249422 0.926886 -0.280484 -0.622054 -0.93853 0.302744 0.165853 -0.23758 0.238641 0.221875 0.945421 0.377974 
1535387083453 0.249665 0.926802 -0.280544 -0.62175 -0.938412 0.303036 0.165987 -0.237647 0.238852 0.221825 0.94538 0.378052 
1535387083573 0.249546 0.926761 -0.280786 -0.621569 -0.93835 0.303054 0.166307 -0.237474 0.23922 0.221974 0.945252 0.378065 
1535387083716 0.249394 0.926776 -0.280871 -0.621345 -0.938303 0.303005 0.166661 -0.237335 0.239563 0.221978 0.945164 0.378101 
1535387083854 0.249546 0.926773 -0.280745 -0.621101 -0.938191 0.303194 0.166947 -0.23722 0.239842 0.221731 0.945151 0.378205 
1535387083987 0.249763 0.926666 -0.280906 -0.620802 -0.938052 0.303504 0.167162 -0.237314 0.24016 0.221753 0.945065 0.378282 
1535387084067 0.249641 0.92669 -0.280936 -0.62066 -0.938022 0.303451 0.167429 -0.23717 0.240405 0.221727 0.945009 0.378347 
1535387084095 0.249583 0.926709 -0.280926 -0.620626 -0.938021 0.303409 0.167511 -0.237127 0.240469 0.221706 0.944998 0.378369 
1535387084353 0.249682 0.926566 -0.281309 -0.620301 -0.937831 0.303723 0.168001 -0.237131 0.241104 0.221873 0.944797 0.378433 
1535387084491 0.24985 0.926461 -0.281505 -0.62003 -0.937625 0.304069 0.16853 -0.237089 0.241734 0.221838 0.944644 0.378481 
1535387084601 0.249537 0.926512 -0.281613 -0.619838 -0.937599 0.303889 0.168996 -0.236856 0.242156 0.221869 0.944529 0.378551 
1535387084717 0.249627 0.926433 -0.281797 -0.619551 -0.937471 0.304103 0.169319 -0.236865 0.242558 0.22191 0.944416 0.378622 
1535387084854 0.249731 0.926304 -0.282126 -0.619288 -0.937306 0.304389 0.169718 -0.236862 0.243086 0.222055 0.944246 0.378683 
1535387084949 0.24961 0.926341 -0.282113 -0.619059 -0.937265 0.304338 0.170038 -0.236709 0.243371 0.221971 0.944193 0.378772 
1535387085070 0.249576 0.926316 -0.282226 -0.618831 -0.937145 0.304443 0.170508 -0.236551 0.243866 0.221932 0.944074 0.378846 
1535387085097 0.249641 0.926287 -0.282262 -0.61874 -0.937094 0.304543 0.170613 -0.236562 0.243998 0.221914 0.944044 0.378872 
1535387085126 0.249713 0.926246 -0.282332 -0.618639 -0.937036 0.30466 0.170722 -0.236579 0.244146 0.221924 0.944003 0.378899 
1535387085145 0.249666 0.92625 -0.282361 -0.618581 -0.937031 0.304637 0.170792 -0.236572 0.244214 0.22194 0.943982 0.378917 
1535387085330 0.249495 0.926286 -0.282394 -0.618469 -0.937143 0.304419 0.170566 -0.236338 0.243959 0.222088 0.944013 0.37904 
1535387085392 0.249389 0.926261 -0.28257 -0.618275 -0.937222 0.304304 0.170336 -0.236251 0.243763 0.22235 0.944002 0.379051 
1535387085532 0.249467 0.926221 -0.282631 -0.618079 -0.93725 0.304345 0.170108 -0.236146 0.243575 0.22246 0.944025 0.379092 
1535387085594 0.249423 0.926196 -0.282754 -0.617907 -0.937258 0.304329 0.170091 -0.236034 0.243588 0.222589 0.943991 0.379171 
1535387085726 0.249606 0.926128 -0.282815 -0.617656 -0.937242 0.304485 0.169903 -0.23607 0.243465 0.222657 0.944007 0.379245 
1535387085787 0.249312 0.926154 -0.28299 -0.617523 -0.937302 0.304252 0.169985 -0.235853 0.243533 0.222868 0.943939 0.379333 
1535387085924 0.249788 0.926 -0.283072 -0.617248 -0.937189 0.30471 0.169788 -0.235933 0.243478 0.222881 0.94395 0.379436 
1535387085958 0.249725 0.925999 -0.28313 -0.617153 -0.937207 0.304659 0.16978 -0.235828 0.243474 0.222953 0.943934 0.379466 
1535387085973 0.249638 0.926006 -0.283183 -0.617121 -0.937236 0.304581 0.169763 -0.235794 0.243454 0.22303 0.943921 0.379468 
1535387086150 0.249874 0.925956 -0.283139 -0.616966 -0.937263 0.304715 0.16937 -0.235798 0.243106 0.223055 0.944005 0.379503 
1535387086297 0.250043 0.925924 -0.283098 -0.616751 -0.937309 0.304786 0.168992 -0.235671 0.242758 0.223095 0.944085 0.379541 
1535387086416 0.249985 0.925955 -0.283047 -0.616541 -0.937429 0.304625 0.168614 -0.235478 0.242352 0.223185 0.944168 0.379571 
1535387086547 0.250123 0.925985 -0.282827 -0.616305 -0.937477 0.304639 0.168323 -0.235309 0.242025 0.223042 0.944286 0.379748 
1535387086671 0.25027 0.925943 -0.282835 -0.616068 -0.937552 0.304675 0.167839 -0.235244 0.241582 0.223167 0.94437 0.379855 
1535387086795 0.250415 0.925896 -0.282858 -0.615823 -0.937582 0.304755 0.167528 -0.235087 0.241315 0.223251 0.944418 0.379873 
1535387086929 0.250363 0.925892 -0.282919 -0.615637 -0.937685 0.304633 0.167171 -0.234893 0.240969 0.223435 0.944463 0.379893 
1535387087043 0.250616 0.925824 -0.282915 -0.615384 -0.937701 0.304797 0.166782 -0.234825 0.240642 0.223491 0.944533 0.379984 
1535387087087 0.250662 0.925801 -0.28295 -0.615341 -0.937718 0.304819 0.166643 -0.234834 0.240527 0.223556 0.944547 0.380001 
1535387087103 0.250692 0.925793 -0.28295 -0.615308 -0.937731 0.304828 0.166552 -0.234819 0.240444 0.223578 0.944563 0.380012 
1535387087353 0.250875 0.925881 -0.282498 -0.615064 -0.937706 0.3049 0.166562 -0.234752 0.24035 0.223114 0.944697 0.380043 
1535387087461 0.250823 0.92599 -0.28219 -0.614845 -0.937762 0.304756 0.166513 -0.234524 0.240189 0.222862 0.944797 0.380164 
1535387087593 0.251186 0.925934 -0.28205 -0.614531 -0.937758 0.304991 0.166104 -0.234528 0.239824 0.222772 0.944911 0.380105 
1535387087707 0.251381 0.925973 -0.281747 -0.614277 -0.937758 0.305074 0.165951 -0.234367 0.23962 0.222494 0.945028 0.380163 
1535387087833 0.251359 0.926075 -0.281432 -0.614014 -0.937831 0.304935 0.165795 -0.234223 0.239357 0.222262 0.94515 0.380238 
1535387087953 0.251731 0.926071 -0.281112 -0.613728 -0.937776 0.305192 0.165633 -0.234155 0.239181 0.221925 0.945273 0.380343 
1535387088067 0.251797 0.926144 -0.280811 -0.613461 -0.937832 0.305132 0.165427 -0.234024 0.238894 0.221699 0.945399 0.380392 
1535387088191 0.25176 0.926236 -0.280541 -0.61323 -0.937914 0.304981 0.165237 -0.233819 0.238608 0.221524 0.945512 0.380442 
1535387088221 0.251836 0.926234 -0.280482 -0.613164 -0.937907 0.305032 0.165187 -0.233788 0.238558 0.221465 0.945539 0.380446 
1535387088254 0.252089 0.926186 -0.280411 -0.613071 -0.937846 0.305254 0.16512 -0.233792 0.238528 0.221358 0.945571 0.380459 
1535387088481 0.251696 0.92626 -0.280521 -0.612784 -0.937912 0.304934 0.165334 -0.233576 0.238683 0.22149 0.945501 0.380535 
1535387088653 0.25209 0.926148 -0.280536 -0.612387 -0.937713 0.305401 0.165605 -0.233528 0.239051 0.221315 0.945449 0.380572 
1535387088825 0.252355 0.926109 -0.280426 -0.612015 -0.937571 0.3057 0.165854 -0.233382 0.239325 0.221066 0.945438 0.380635 
1535387089001 0.252551 0.926105 -0.280263 -0.611619 -0.937438 0.305931 0.16618 -0.233261 0.239641 0.220761 0.945429 0.380759 
1535387089172 0.252555 0.926122 -0.280205 -0.611289 -0.937383 0.305975 0.166412 -0.233057 0.239854 0.220631 0.945406 0.380865 
1535387089344 0.25277 0.926085 -0.280133 -0.610905 -0.937285 0.306204 0.16654 -0.232996 0.240008 0.220468 0.945405 0.380949 
1535387089525 0.253093 0.925993 -0.280146 -0.610471 -0.937135 0.306573 0.166707 -0.232957 0.240255 0.220342 0.945371 0.381043 
1535387089711 0.253254 0.925989 -0.280011 -0.610154 -0.937051 0.30674 0.16687 -0.232751 0.240411 0.220124 0.945383 0.381098 
1535387089738 0.253122 0.926062 -0.279889 -0.610069 -0.937076 0.306601 0.166985 -0.23262 0.240453 0.22001 0.945398 0.381129 
1535387089768 0.253043 0.926083 -0.279893 -0.609973 -0.937062 0.306559 0.167141 -0.232527 0.24059 0.219983 0.94537 0.381147 
1535387090083 0.253381 0.925991 -0.279891 -0.60973 -0.936914 0.306933 0.167284 -0.232545 0.240812 0.219847 0.945345 0.381169 
1535387090256 0.253849 0.925841 -0.279962 -0.609367 -0.936691 0.307481 0.167526 -0.232522 0.241185 0.219711 0.945281 0.381301 
1535387090411 0.25393 0.925863 -0.279816 -0.609039 -0.936604 0.307592 0.167812 -0.232355 0.24144 0.219465 0.945273 0.381435 
1535387090582 0.254207 0.925769 -0.279875 -0.608711 -0.936395 0.307989 0.168248 -0.232224 0.241958 0.219304 0.945178 0.381532 
1535387090779 0.25434 0.925748 -0.279825 -0.608369 -0.936268 0.30819 0.168588 -0.232084 0.242309 0.219112 0.945133 0.381626 
1535387090953 0.254552 0.925707 -0.279769 -0.608011 -0.936148 0.308438 0.168799 -0.231969 0.242549 0.218937 0.945112 0.381667 
1535387091119 0.254812 0.92561 -0.279853 -0.607693 -0.935971 0.308797 0.169123 -0.231813 0.24296 0.21884 0.945029 0.381728 
1535387091290 0.255047 0.925546 -0.279849 -0.607323 -0.935812 0.309107 0.169435 -0.231754 0.243323 0.218673 0.944974 0.381796 
1535387091322 0.254882 0.925625 -0.279739 -0.607235 -0.935844 0.308941 0.169563 -0.231616 0.243375 0.218574 0.944984 0.381839 
1535387091348 0.254842 0.925646 -0.279706 -0.607166 -0.935837 0.308912 0.169654 -0.231545 0.243444 0.218524 0.944977 0.381869 
1535387091540 0.255169 0.925537 -0.279766 -0.606994 -0.93572 0.309262 0.169665 -0.231609 0.243552 0.218489 0.944958 0.381896 
1535387091680 0.255132 0.925579 -0.279663 -0.606748 -0.93583 0.309117 0.169319 -0.231455 0.243166 0.218519 0.94505 0.381939 
1535387091837 0.255196 0.925596 -0.279549 -0.606425 -0.93581 0.30916 0.169353 -0.231385 0.243177 0.218386 0.945078 0.382025 
1535387091957 0.25502 0.92572 -0.279298 -0.606164 -0.935878 0.308928 0.169401 -0.231216 0.243101 0.218188 0.945143 0.382106 
1535387092088 0.255001 0.925793 -0.279074 -0.605898 -0.935915 0.30884 0.169355 -0.231013 0.242976 0.218004 0.945218 0.382176 
1535387092223 0.255014 0.925843 -0.278894 -0.605614 -0.935941 0.308793 0.169298 -0.230907 0.242864 0.217855 0.945281 0.382275 
1535387092355 0.255016 0.925853 -0.278859 -0.605346 -0.935942 0.308787 0.169303 -0.230779 0.242857 0.217821 0.945291 0.382366 
1535387092490 0.255076 0.92587 -0.278749 -0.605028 -0.935975 0.30878 0.169133 -0.230753 0.242667 0.217761 0.945353 0.382422 
1535387092516 0.255101 0.925877 -0.278703 -0.604976 -0.935973 0.308791 0.169121 -0.230705 0.242646 0.217715 0.945369 0.382433 
1535387092533 0.255078 0.925899 -0.278652 -0.604935 -0.935985 0.308755 0.169125 -0.230655 0.242628 0.217674 0.945383 0.382449 
1535387092717 0.255071 0.925966 -0.278435 -0.604837 -0.935994 0.308703 0.16917 -0.230599 0.242599 0.217463 0.945439 0.382422 
1535387092894 0.25494 0.926113 -0.278064 -0.604696 -0.93608 0.308464 0.169128 -0.230511 0.242404 0.217173 0.945556 0.382464 
1535387093075 0.255219 0.926174 -0.277606 -0.604433 -0.935973 0.308675 0.169337 -0.230464 0.242526 0.216614 0.945653 0.382487 
1535387093217 0.255156 0.926342 -0.277105 -0.604245 -0.936032 0.308485 0.169356 -0.230243 0.242364 0.216167 0.945797 0.382518 
1535387093377 0.25495 0.926513 -0.276719 -0.60403 -0.936121 0.308189 0.169403 -0.230067 0.242236 0.215853 0.945901 0.382518 
1535387093546 0.255265 0.926515 -0.276424 -0.603808 -0.936026 0.308445 0.169462 -0.230092 0.242271 0.215482 0.945977 0.382578 
1535387093707 0.255009 0.926737 -0.275915 -0.603637 -0.936116 0.308088 0.169612 -0.229812 0.242191 0.215036 0.946099 0.382647 
1535387093885 0.255253 0.926767 -0.275589 -0.603408 -0.936062 0.308251 0.169617 -0.229767 0.242146 0.214673 0.946193 0.382646 
1535387094070 0.255149 0.926992 -0.274928 -0.603175 -0.936127 0.307998 0.169715 -0.229586 0.242002 0.214065 0.946367 0.382695 
1535387094092 0.25513 0.92702 -0.274851 -0.603137 -0.936136 0.307962 0.16973 -0.229557 0.241987 0.213995 0.946387 0.382705 
1535387094112 0.255114 0.927031 -0.274829 -0.603124 -0.936141 0.307943 0.169739 -0.229543 0.241985 0.213976 0.946392 0.382708 
1535387094126 0.255104 0.927039 -0.274809 -0.603112 -0.936144 0.307929 0.169748 -0.22953 0.241985 0.213957 0.946396 0.382711 
1535387094145 0.255113 0.927039 -0.274802 -0.603105 -0.936141 0.307937 0.169751 -0.229527 0.241988 0.213947 0.946398 0.382712 
1535387094160 0.25515 0.927024 -0.274817 -0.603108 -0.936129 0.307977 0.169744 -0.22954 0.241994 0.213954 0.946394 0.382707 
1535387094278 0.255618 0.92692 -0.274734 -0.603112 -0.935936 0.308467 0.169918 -0.22964 0.242247 0.213699 0.946387 0.382651 
1535387094316 0.255967 0.92701 -0.274104 -0.602976 -0.935844 0.308682 0.170033 -0.229565 0.242233 0.212996 0.946549 0.38265 
1535387094339 0.255991 0.927104 -0.273763 -0.602879 -0.935828 0.308651 0.170178 -0.22945 0.24227 0.212632 0.946622 0.382629 
1535387094364 0.255966 0.927162 -0.273591 -0.602805 -0.935819 0.30861 0.170303 -0.229358 0.242331 0.212439 0.946649 0.382591 
1535387094435 0.255975 0.927176 -0.273536 -0.602712 -0.935808 0.308615 0.170352 -0.229337 0.242364 0.212372 0.946656 0.382502 
1535387094456 0.256065 0.927204 -0.273355 -0.602666 -0.93579 0.308663 0.170366 -0.229331 0.242338 0.212178 0.946706 0.382498 
1535387094620 0.256327 0.927207 -0.273101 -0.602672 -0.93578 0.308813 0.170149 -0.229419 0.2421 0.211949 0.946819 0.382444 
1535387094769 0.255999 0.927315 -0.273042 -0.602815 -0.935909 0.308453 0.17009 -0.229207 0.241948 0.212 0.946846 0.382513 
1535387094926 0.256521 0.92737 -0.272365 -0.602727 -0.93586 0.308747 0.169828 -0.229246 0.241586 0.211331 0.947088 0.382468 
1535387095061 0.256781 0.927396 -0.27203 -0.602721 -0.935861 0.308871 0.169596 -0.229244 0.241305 0.211033 0.947226 0.382429 
1535387095208 0.256986 0.927547 -0.27132 -0.602686 -0.935941 0.308819 0.16925 -0.229198 0.240776 0.210445 0.947491 0.382417 
1535387095376 0.257139 0.927612 -0.270954 -0.60269 -0.935965 0.308841 0.169076 -0.229124 0.240519 0.210127 0.947627 0.3823 
1535387095544 0.257255 0.927766 -0.270315 -0.60267 -0.936024 0.308757 0.168905 -0.229055 0.240166 0.20957 0.94784 0.382302 
1535387095701 0.257526 0.927789 -0.269976 -0.602645 -0.936045 0.308872 0.168576 -0.229101 0.239791 0.209297 0.947995 0.382272 
1535387095877 0.257623 0.927925 -0.269419 -0.60266 -0.936101 0.308791 0.168413 -0.228937 0.239469 0.208816 0.948183 0.382206 
1535387097266 0.247191 0.926701 -0.283057 -0.574004 -0.938021 0.302095 0.169867 -0.216052 0.242927 0.223524 0.94394 0.402275 
1535387098267 0.242362 0.925919 -0.289715 -0.559562 -0.938894 0.299073 0.170394 -0.209627 0.244417 0.230715 0.941823 0.412521 
1535387099172 0.237271 0.925117 -0.296415 -0.545121 -0.939867 0.295774 0.170784 -0.203124 0.245667 0.238069 0.939665 0.422649 
1535387100214 0.232261 0.924175 -0.303241 -0.53068 -0.94072 0.29267 0.171433 -0.196602 0.247184 0.245447 0.937366 0.432908 
1535387101090 0.22783 0.923118 -0.309752 -0.516202 -0.941524 0.289961 0.171623 -0.190395 0.248245 0.252538 0.9352 0.443036 
1535387102010 0.222738 0.922048 -0.316567 -0.50181 -0.942427 0.286741 0.172079 -0.183894 0.249438 0.260012 0.932831 0.453223 
1535387102904 0.217711 0.920982 -0.323102 -0.487368 -0.943299 0.283539 0.172602 -0.177451 0.250575 0.267204 0.930491 0.463361 
1535387103751 0.212973 0.919787 -0.329598 -0.472863 -0.944067 0.280639 0.173142 -0.171111 0.251752 0.274288 0.928109 0.473638 
