1535377429198 0.213445 0.919303 -0.330641 -0.472538 -0.943718 0.281544 0.173579 -0.171354 0.252661 0.274982 0.927657 0.474154 
1535377435504 0.213445 0.919303 -0.33064 -0.472538 -0.943718 0.281544 0.173579 -0.171354 0.252661 0.274982 0.927657 0.474154 
1535377436411 0.217813 0.919882 -0.326152 -0.488719 -0.94299 0.284514 0.17269 -0.178387 0.251649 0.269944 0.92941 0.464556 
1535377437303 0.221777 0.920617 -0.32137 -0.505153 -0.942518 0.286872 0.171362 -0.185495 0.249951 0.264893 0.93132 0.45461 
1535377438638 0.229375 0.921951 -0.31208 -0.538133 -0.941574 0.291417 0.168861 -0.199649 0.246627 0.255114 0.934929 0.434408 
1535377439616 0.233058 0.922535 -0.307594 -0.554643 -0.941074 0.29367 0.167743 -0.206695 0.245079 0.250375 0.936616 0.424219 
1535377440614 0.236641 0.923196 -0.302836 -0.571158 -0.940682 0.295699 0.166374 -0.213717 0.243144 0.245501 0.938408 0.414085 
1535377442013 0.244367 0.924266 -0.293288 -0.604133 -0.939522 0.300525 0.164265 -0.227869 0.239965 0.235409 0.941806 0.394022 
1535377443016 0.248016 0.924747 -0.28867 -0.620603 -0.938969 0.302793 0.163257 -0.234922 0.238379 0.230561 0.943407 0.383849 
1535377443045 0.247543 0.924952 -0.288421 -0.620719 -0.939117 0.302275 0.163366 -0.234767 0.238289 0.230421 0.943464 0.383627 
1535377443411 0.248867 0.924629 -0.288317 -0.621993 -0.938765 0.303522 0.163077 -0.235737 0.238296 0.230077 0.943546 0.382949 
1535377443795 0.249161 0.924658 -0.287971 -0.623713 -0.9387 0.303729 0.163066 -0.236393 0.238245 0.229689 0.943654 0.381935 
1535377444160 0.2492 0.924857 -0.287296 -0.625392 -0.938813 0.303529 0.16279 -0.237004 0.23776 0.22915 0.943907 0.380859 
1535377444519 0.249725 0.924906 -0.286683 -0.627017 -0.938689 0.303908 0.1628 -0.237813 0.2377 0.228451 0.944092 0.379896 
1535377444894 0.249891 0.924935 -0.286442 -0.62872 -0.938678 0.303992 0.162705 -0.238431 0.237568 0.228218 0.944181 0.378723 
1535377445428 0.250687 0.925006 -0.285515 -0.632078 -0.938507 0.30455 0.16265 -0.239838 0.237406 0.227184 0.944471 0.376691 
1535377445823 0.250631 0.925277 -0.284686 -0.633782 -0.938612 0.304264 0.162577 -0.240433 0.237048 0.226463 0.944734 0.375583 
1535377446186 0.251092 0.925295 -0.284223 -0.635415 -0.938538 0.304576 0.162418 -0.241144 0.236852 0.225972 0.944901 0.374481 
1535377446562 0.249637 0.925387 -0.285201 -0.634356 -0.938773 0.303505 0.163065 -0.240464 0.237458 0.227032 0.944495 0.375159 
1535377446589 0.249821 0.925287 -0.285364 -0.634237 -0.93869 0.303742 0.163103 -0.2405 0.237594 0.227122 0.944439 0.37526 
1535377446824 0.249848 0.924853 -0.286746 -0.634563 -0.9385 0.304186 0.163368 -0.240993 0.238315 0.228294 0.943974 0.375281 
1535377447098 0.249492 0.924641 -0.287737 -0.634893 -0.938431 0.304178 0.163776 -0.241301 0.238957 0.229161 0.943602 0.375123 
1535377447286 0.249152 0.924409 -0.288774 -0.635262 -0.938322 0.304229 0.164305 -0.241502 0.239738 0.230026 0.943193 0.374936 
1535377447529 0.248827 0.924007 -0.290338 -0.63588 -0.938076 0.304517 0.165176 -0.242149 0.241037 0.231259 0.942561 0.374829 
1535377447765 0.248101 0.92359 -0.292278 -0.636575 -0.937964 0.304464 0.165904 -0.242609 0.242216 0.232986 0.941833 0.374478 
1535377447853 0.247739 0.923434 -0.29308 -0.63683 -0.937893 0.304424 0.16638 -0.242728 0.242862 0.233659 0.9415 0.374344 
1535377448230 0.248032 0.923626 -0.292226 -0.636575 -0.937981 0.304391 0.165947 -0.242712 0.242224 0.232942 0.941842 0.374512 
1535377448523 0.247133 0.923871 -0.292212 -0.636686 -0.938116 0.30363 0.166576 -0.24274 0.242619 0.232962 0.941735 0.37458 
1535377448683 0.246417 0.923981 -0.292469 -0.636788 -0.938161 0.303132 0.167227 -0.24293 0.243171 0.233176 0.94154 0.374489 
1535377448840 0.245809 0.924166 -0.292394 -0.636861 -0.93824 0.302616 0.167716 -0.243119 0.243481 0.23311 0.941476 0.374652 
1535377449073 0.24422 0.924615 -0.292307 -0.636993 -0.938565 0.301173 0.168495 -0.243374 0.243828 0.233199 0.941364 0.374667 
1535377449231 0.243384 0.924849 -0.292265 -0.637142 -0.938661 0.300484 0.169187 -0.243411 0.244294 0.233161 0.941253 0.374735 
1535377449448 0.242621 0.925053 -0.292254 -0.637206 -0.938757 0.299853 0.169775 -0.243553 0.244684 0.233165 0.94115 0.374816 
1535377449584 0.242 0.925181 -0.292363 -0.63728 -0.938839 0.299356 0.170199 -0.243778 0.244985 0.233293 0.94104 0.374797 
1535377449605 0.241874 0.92521 -0.292377 -0.637289 -0.938866 0.299243 0.170244 -0.243805 0.245003 0.233325 0.941027 0.374797 
1535377449764 0.241556 0.925302 -0.292347 -0.637337 -0.938892 0.298989 0.170551 -0.24382 0.24522 0.233284 0.940981 0.374842 
1535377449966 0.241735 0.925414 -0.291843 -0.637274 -0.939002 0.298918 0.170069 -0.243865 0.244622 0.23293 0.941225 0.374774 
1535377450178 0.24144 0.925614 -0.291455 -0.637309 -0.939153 0.298494 0.16998 -0.2439 0.244334 0.232681 0.941361 0.374777 
1535377450313 0.241299 0.925683 -0.291353 -0.637324 -0.939209 0.298323 0.169973 -0.243916 0.244258 0.232627 0.941394 0.374772 
1535377450465 0.240869 0.926044 -0.290558 -0.637364 -0.939438 0.297654 0.169877 -0.244012 0.243799 0.232044 0.941657 0.374706 
1535377450611 0.24058 0.926187 -0.290344 -0.63738 -0.939581 0.297274 0.169754 -0.243939 0.243535 0.231962 0.941745 0.374681 
1535377450752 0.240155 0.926522 -0.289625 -0.637435 -0.939819 0.296614 0.169588 -0.244067 0.243034 0.231468 0.941996 0.374632 
1535377450890 0.239905 0.926645 -0.289437 -0.637423 -0.939953 0.296275 0.169439 -0.244047 0.242763 0.231408 0.942081 0.374581 
1535377451041 0.23963 0.926966 -0.288636 -0.637479 -0.940157 0.295738 0.169243 -0.244161 0.242243 0.230808 0.942362 0.37465 
1535377451265 0.23939 0.927167 -0.28819 -0.637466 -0.940311 0.29534 0.169086 -0.244287 0.241885 0.230511 0.942527 0.374617 
1535377451401 0.239418 0.927159 -0.288192 -0.637452 -0.940301 0.29537 0.169087 -0.24423 0.241893 0.230505 0.942526 0.374609 
1535377451459 0.239806 0.926964 -0.288496 -0.637458 -0.94013 0.295865 0.169176 -0.244079 0.242176 0.230654 0.942417 0.374598 
1535377451546 0.239878 0.926962 -0.288443 -0.637443 -0.940143 0.295893 0.16905 -0.244027 0.242051 0.230627 0.942456 0.374648 
1535377451731 0.240509 0.926909 -0.28809 -0.637343 -0.940237 0.296187 0.168011 -0.243942 0.241059 0.230464 0.942749 0.374478 
1535377451835 0.240588 0.926903 -0.288042 -0.637345 -0.940202 0.296267 0.168064 -0.243949 0.241116 0.230384 0.942755 0.374528 
1535377452001 0.241328 0.926851 -0.287591 -0.637254 -0.940137 0.296772 0.167539 -0.243827 0.240633 0.229943 0.942986 0.374526 
1535377452021 0.241297 0.926862 -0.287579 -0.637248 -0.940157 0.296729 0.167501 -0.243817 0.240584 0.229952 0.942996 0.374509 
1535377452279 0.24192 0.926741 -0.287446 -0.63719 -0.940167 0.297136 0.166721 -0.243735 0.239918 0.229914 0.943175 0.374431 
1535377452386 0.241939 0.926757 -0.28738 -0.637177 -0.940197 0.297109 0.166601 -0.243723 0.239782 0.229886 0.943216 0.374426 
1535377452682 0.242626 0.926703 -0.286973 -0.637089 -0.940152 0.297565 0.16604 -0.243627 0.239263 0.229512 0.943439 0.374365 
1535377452696 0.242554 0.926722 -0.286974 -0.637093 -0.940165 0.297502 0.166081 -0.243636 0.239286 0.229519 0.943432 0.374379 
1535377452901 0.242367 0.926655 -0.287347 -0.636977 -0.940084 0.297514 0.166514 -0.243643 0.239791 0.229773 0.943241 0.374483 
1535377453050 0.242789 0.926619 -0.287106 -0.636817 -0.939995 0.297854 0.166409 -0.243445 0.239713 0.229476 0.943334 0.374542 
1535377453149 0.243284 0.926538 -0.286948 -0.636567 -0.939961 0.298208 0.165967 -0.243447 0.239346 0.229343 0.943459 0.374602 
1535377453303 0.24367 0.926527 -0.286658 -0.63637 -0.939921 0.298467 0.165728 -0.243291 0.239109 0.229053 0.94359 0.374705 
1535377453499 0.244195 0.926414 -0.286577 -0.636181 -0.939785 0.298953 0.165621 -0.24321 0.239106 0.228877 0.943633 0.374707 
1535377453634 0.244883 0.926287 -0.286401 -0.635912 -0.93971 0.299479 0.165097 -0.243308 0.238698 0.228705 0.943778 0.374803 
1535377453793 0.245008 0.926313 -0.286209 -0.635756 -0.939718 0.299526 0.16497 -0.243011 0.238541 0.228537 0.943859 0.374833 
1535377453920 0.245599 0.926186 -0.286113 -0.635564 -0.939579 0.300057 0.164793 -0.242973 0.238479 0.228353 0.943919 0.374859 
1535377453958 0.245793 0.926165 -0.286016 -0.635435 -0.939539 0.300215 0.164734 -0.242887 0.238437 0.228232 0.943959 0.374888 
1535377454111 0.246228 0.926069 -0.285951 -0.63539 -0.939465 0.30058 0.164489 -0.243043 0.238279 0.228139 0.944021 0.374944 
1535377454338 0.245572 0.92621 -0.286058 -0.635117 -0.9396 0.300008 0.164762 -0.242737 0.238424 0.228319 0.943941 0.374968 
1535377454524 0.245843 0.926154 -0.286007 -0.634771 -0.939488 0.300298 0.164873 -0.242632 0.238585 0.228167 0.943937 0.375108 
1535377454699 0.246211 0.926099 -0.285869 -0.634383 -0.939415 0.300602 0.164735 -0.242613 0.238494 0.22799 0.944003 0.375251 
1535377454886 0.246335 0.926087 -0.2858 -0.634058 -0.939378 0.300712 0.164743 -0.24247 0.23851 0.227892 0.944022 0.375398 
1535377455065 0.246514 0.926084 -0.285655 -0.633689 -0.939344 0.300845 0.164698 -0.242383 0.238462 0.227728 0.944074 0.375543 
1535377455324 0.246526 0.926132 -0.285492 -0.633041 -0.939341 0.300828 0.164748 -0.242053 0.238462 0.227559 0.944115 0.375814 
1535377455508 0.247253 0.925965 -0.285404 -0.632635 -0.939147 0.301509 0.164608 -0.242127 0.238473 0.227336 0.944166 0.375989 
1535377455532 0.247168 0.925997 -0.285372 -0.632577 -0.939171 0.301421 0.164633 -0.242044 0.238467 0.227321 0.944171 0.376011 
1535377455856 0.247058 0.92607 -0.285232 -0.632403 -0.93919 0.3013 0.164745 -0.241893 0.238506 0.227185 0.944194 0.376099 
1535377456066 0.247142 0.925965 -0.285499 -0.631867 -0.939002 0.301585 0.165291 -0.241888 0.239156 0.227233 0.944018 0.376174 
1535377456271 0.247005 0.925995 -0.285519 -0.631435 -0.938932 0.301559 0.165737 -0.241596 0.239573 0.227145 0.943933 0.376355 
1535377456543 0.246813 0.925939 -0.285867 -0.630503 -0.938711 0.301694 0.166737 -0.241216 0.240633 0.227194 0.943652 0.376609 
1535377456739 0.24675 0.925893 -0.286072 -0.629986 -0.93859 0.301802 0.167228 -0.241111 0.241172 0.227241 0.943503 0.376672 
1535377456973 0.246858 0.925852 -0.28611 -0.62944 -0.938403 0.302061 0.167807 -0.240991 0.241787 0.227062 0.943388 0.376947 
1535377457157 0.246539 0.925925 -0.28615 -0.629039 -0.938408 0.301838 0.168181 -0.240717 0.242094 0.227062 0.94331 0.377009 
1535377457367 0.246637 0.925813 -0.286427 -0.628548 -0.938237 0.302117 0.168631 -0.240625 0.242655 0.227146 0.943145 0.377115 
1535377457381 0.246617 0.925818 -0.286428 -0.628499 -0.938234 0.302106 0.168667 -0.240598 0.242686 0.227141 0.943139 0.377126 
1535377457729 0.246633 0.925828 -0.286381 -0.62842 -0.938342 0.302008 0.168244 -0.240493 0.242254 0.227229 0.943229 0.377111 
1535377457981 0.246631 0.925812 -0.286434 -0.627594 -0.93822 0.30213 0.168701 -0.240077 0.242726 0.227132 0.94313 0.3774 
1535377458174 0.246854 0.925775 -0.286364 -0.627169 -0.93809 0.302397 0.168945 -0.239913 0.243001 0.226931 0.943108 0.377588 
1535377458457 0.247157 0.9257 -0.286343 -0.626304 -0.937937 0.30275 0.169162 -0.239602 0.243284 0.226762 0.943076 0.377858 
1535377458666 0.247369 0.925614 -0.286438 -0.625887 -0.937809 0.303037 0.169359 -0.239488 0.243562 0.22673 0.943012 0.378007 
1535377458873 0.247524 0.925508 -0.286647 -0.625461 -0.937743 0.303247 0.16935 -0.23937 0.243659 0.226883 0.94295 0.378097 
1535377458915 0.247344 0.925561 -0.286632 -0.62531 -0.937791 0.303072 0.169395 -0.239253 0.243656 0.226902 0.942946 0.378128 
1535377459145 0.247252 0.925422 -0.287161 -0.625012 -0.937642 0.303243 0.169917 -0.238938 0.244324 0.227242 0.942691 0.378252 
1535377459412 0.24768 0.925095 -0.287845 -0.624186 -0.937261 0.304025 0.170616 -0.23876 0.245348 0.227527 0.942356 0.378608 
1535377459685 0.248028 0.924701 -0.288809 -0.623447 -0.936948 0.30474 0.17106 -0.238509 0.246192 0.228172 0.941981 0.378785 
1535377459887 0.248002 0.924638 -0.289031 -0.62311 -0.936823 0.304878 0.171497 -0.238259 0.246692 0.228239 0.941833 0.378989 
1535377460080 0.248117 0.924462 -0.289494 -0.622717 -0.936674 0.305184 0.171767 -0.238133 0.247142 0.228544 0.941642 0.379049 
