1535374681631 0.35844 0.883269 -0.302254 -0.438236 -0.901501 0.411599 0.133725 -0.161501 0.242522 0.22455 0.943801 0.407916 
1535374688533 0.35844 0.883269 -0.302254 -0.438236 -0.901501 0.411599 0.133725 -0.161501 0.242522 0.22455 0.943801 0.407916 
1535374688949 0.35844 0.883269 -0.302254 -0.438236 -0.901502 0.411598 0.133721 -0.161501 0.242519 0.224552 0.943801 0.407915 
1535374689897 0.34877 0.88766 -0.300698 -0.457885 -0.905584 0.401828 0.135837 -0.169504 0.241406 0.224932 0.943996 0.404347 
1535374690962 0.338674 0.892396 -0.298209 -0.477729 -0.909796 0.391417 0.138073 -0.177516 0.239939 0.224548 0.944461 0.400795 
1535374692018 0.328425 0.897024 -0.295778 -0.497611 -0.913892 0.3809 0.140417 -0.1855 0.238619 0.224193 0.94488 0.397312 
1535374693078 0.318193 0.901517 -0.293294 -0.517529 -0.917859 0.370377 0.142672 -0.193472 0.237251 0.223805 0.945317 0.393713 
1535374694106 0.307824 0.905822 -0.291085 -0.537423 -0.921711 0.359791 0.144912 -0.201474 0.235994 0.223689 0.945659 0.390118 
1535374695206 0.297464 0.9101 -0.288501 -0.557368 -0.925476 0.349103 0.147044 -0.209439 0.234541 0.223261 0.946121 0.386634 
1535374696326 0.28695 0.914284 -0.28591 -0.577223 -0.929098 0.338317 0.149396 -0.21738 0.233318 0.222769 0.946539 0.383083 
1535374697447 0.276289 0.918321 -0.283464 -0.597144 -0.932665 0.327377 0.151526 -0.225282 0.231949 0.222513 0.946936 0.379513 
1535374698228 0.265685 0.92235 -0.280502 -0.617104 -0.936105 0.316379 0.153664 -0.233259 0.230477 0.221753 0.947473 0.375963 
1535374698539 0.265685 0.92235 -0.280502 -0.617104 -0.936105 0.316379 0.153664 -0.233259 0.230477 0.221753 0.947473 0.375963 
1535374698939 0.265376 0.922411 -0.280596 -0.618726 -0.936224 0.316068 0.153579 -0.234171 0.23035 0.221944 0.94746 0.375659 
1535374699375 0.26329 0.923172 -0.280055 -0.622763 -0.93686 0.313934 0.154075 -0.235774 0.230157 0.221806 0.947539 0.374957 
1535374699680 0.26329 0.923172 -0.280055 -0.622763 -0.93686 0.313934 0.154075 -0.235774 0.230157 0.221806 0.947539 0.374957 
1535374700077 0.261997 0.923653 -0.279684 -0.624777 -0.937266 0.312592 0.154336 -0.236553 0.22998 0.221702 0.947606 0.374605 
1535374700454 0.260904 0.924034 -0.279444 -0.626787 -0.93758 0.311496 0.154642 -0.237336 0.22994 0.221655 0.947627 0.374248 
1535374700835 0.259852 0.924437 -0.279096 -0.628793 -0.937878 0.310423 0.15499 -0.238155 0.229916 0.221483 0.947673 0.373892 
1535374701289 0.258813 0.924834 -0.278743 -0.630768 -0.938215 0.309321 0.155153 -0.239009 0.229712 0.221365 0.94775 0.373542 
1535374701674 0.257675 0.92523 -0.278484 -0.632815 -0.938559 0.308157 0.155389 -0.239778 0.229588 0.221334 0.947787 0.373165 
1535374701796 0.256144 0.925764 -0.278121 -0.634968 -0.939061 0.306549 0.155536 -0.240401 0.229247 0.221333 0.94787 0.372733 
1535374701998 0.255791 0.925864 -0.278111 -0.635082 -0.939126 0.30624 0.155753 -0.240412 0.229375 0.221341 0.947837 0.372737 
1535374702232 0.255309 0.92563 -0.279333 -0.635042 -0.939027 0.306207 0.156416 -0.240668 0.230317 0.222367 0.947369 0.372829 
1535374702473 0.254532 0.925561 -0.280269 -0.635234 -0.939068 0.305786 0.156994 -0.240886 0.23101 0.223231 0.946996 0.372957 
1535374702735 0.253616 0.925511 -0.281263 -0.635417 -0.939089 0.305297 0.157817 -0.241041 0.231931 0.224106 0.946565 0.373039 
1535374702976 0.252801 0.925472 -0.282123 -0.635586 -0.939109 0.304857 0.158543 -0.241215 0.232734 0.224865 0.946187 0.373126 
1535374703225 0.251951 0.925422 -0.283046 -0.635767 -0.939145 0.304389 0.159231 -0.241394 0.233512 0.225703 0.945796 0.373228 
1535374703454 0.251208 0.925357 -0.283917 -0.635937 -0.939199 0.303969 0.159715 -0.241614 0.234096 0.226533 0.945453 0.373366 
1535374703700 0.25034 0.925291 -0.284896 -0.636109 -0.939208 0.303524 0.160504 -0.241804 0.234986 0.227396 0.945025 0.373459 
1535374703938 0.249522 0.925241 -0.285777 -0.636278 -0.939231 0.303084 0.161198 -0.241988 0.235761 0.228188 0.944641 0.373539 
1535374703965 0.249522 0.925241 -0.285777 -0.636278 -0.939231 0.303084 0.161198 -0.241988 0.235761 0.228188 0.944641 0.373539 
1535374703986 0.249053 0.925127 -0.286553 -0.636414 -0.939193 0.302928 0.16171 -0.242193 0.236407 0.228854 0.944318 0.373613 
1535374704185 0.249081 0.925165 -0.286407 -0.636372 -0.939211 0.302905 0.161649 -0.24223 0.236307 0.228733 0.944373 0.373612 
1535374704342 0.248312 0.925596 -0.28568 -0.636424 -0.93958 0.301884 0.161418 -0.24218 0.23565 0.228337 0.944633 0.373636 
1535374704496 0.2477 0.925783 -0.285605 -0.636478 -0.939794 0.301235 0.161383 -0.242282 0.23544 0.228435 0.944661 0.373652 
1535374704651 0.247219 0.925923 -0.285568 -0.636554 -0.939921 0.300769 0.161513 -0.24244 0.235438 0.228482 0.944651 0.373723 
1535374704798 0.24655 0.926119 -0.285512 -0.636655 -0.940102 0.300115 0.161676 -0.242483 0.235418 0.228549 0.944639 0.373755 
1535374704953 0.246005 0.926293 -0.285418 -0.636754 -0.940236 0.299587 0.161877 -0.242588 0.235453 0.228538 0.944633 0.37387 
1535374705123 0.245476 0.926455 -0.285345 -0.63679 -0.9404 0.299044 0.161927 -0.242745 0.235349 0.22859 0.944647 0.373934 
1535374705263 0.244945 0.926593 -0.285356 -0.636868 -0.940562 0.298516 0.161961 -0.242886 0.235255 0.228723 0.944638 0.373956 
1535374705298 0.244945 0.926593 -0.285356 -0.636868 -0.940562 0.298516 0.161961 -0.242886 0.235255 0.228723 0.944638 0.373956 
1535374705305 0.244718 0.926654 -0.285352 -0.636894 -0.940626 0.298293 0.161998 -0.242914 0.235235 0.228766 0.944633 0.373966 
1535374705323 0.244449 0.926724 -0.285356 -0.636908 -0.940701 0.298033 0.162045 -0.242936 0.235216 0.228823 0.944624 0.373969 
1535374705479 0.244432 0.926772 -0.285215 -0.63693 -0.94069 0.298006 0.162154 -0.242986 0.235276 0.228663 0.944647 0.37399 
1535374705513 0.244432 0.926772 -0.285215 -0.63693 -0.94069 0.298006 0.162154 -0.242986 0.235276 0.228663 0.944647 0.37399 
1535374705640 0.244247 0.927161 -0.284107 -0.636975 -0.941255 0.297133 0.160473 -0.243214 0.233202 0.228222 0.945268 0.373942 
1535374705729 0.244247 0.927161 -0.284107 -0.636975 -0.941255 0.297133 0.160473 -0.243214 0.233202 0.228222 0.945268 0.373942 
1535374705872 0.243849 0.927317 -0.283938 -0.637085 -0.941464 0.29662 0.160195 -0.243193 0.232773 0.228253 0.945366 0.373843 
1535374705932 0.243392 0.927649 -0.283246 -0.63711 -0.941804 0.295846 0.159627 -0.243399 0.231875 0.22791 0.94567 0.37388 
1535374705966 0.243127 0.927876 -0.282727 -0.637135 -0.942043 0.295336 0.15916 -0.243467 0.231181 0.227645 0.945903 0.373863 
1535374706010 0.243017 0.927953 -0.282571 -0.637173 -0.942152 0.295124 0.158905 -0.243497 0.23085 0.227609 0.945993 0.373827 
1535374706178 0.243452 0.928009 -0.282012 -0.637191 -0.94215 0.295335 0.158525 -0.243497 0.2304 0.227105 0.946224 0.373847 
1535374706329 0.243452 0.928009 -0.282012 -0.637191 -0.94215 0.295335 0.158525 -0.243497 0.2304 0.227105 0.946224 0.373847 
1535374706475 0.243962 0.928058 -0.281409 -0.6371 -0.942011 0.295727 0.158619 -0.243452 0.230427 0.226393 0.946388 0.37377 
1535374706634 0.244221 0.928029 -0.281279 -0.637072 -0.942021 0.295877 0.158281 -0.243481 0.230114 0.226315 0.946482 0.373598 
1535374706784 0.244677 0.9281 -0.280649 -0.637085 -0.942021 0.29609 0.157886 -0.243499 0.229631 0.225746 0.946736 0.3736 
1535374706938 0.245124 0.928146 -0.280104 -0.637088 -0.941973 0.296358 0.157668 -0.243483 0.22935 0.225202 0.946933 0.373593 
1535374707083 0.245608 0.928149 -0.279672 -0.637045 -0.941952 0.296644 0.157254 -0.243541 0.228919 0.224814 0.94713 0.373466 
1535374707233 0.24597 0.928207 -0.279159 -0.637021 -0.941896 0.296867 0.157171 -0.243575 0.22876 0.224279 0.947295 0.37345 
1535374707262 0.24597 0.928207 -0.279159 -0.637021 -0.941896 0.296867 0.157171 -0.243575 0.22876 0.224279 0.947295 0.37345 
1535374707437 0.246319 0.928297 -0.278554 -0.637001 -0.941929 0.296976 0.156762 -0.243498 0.228245 0.223764 0.947541 0.373375 
1535374707525 0.246319 0.928297 -0.278554 -0.637001 -0.941929 0.296976 0.156762 -0.243498 0.228245 0.223764 0.947541 0.373375 
1535374707646 0.24682 0.928032 -0.278993 -0.636776 -0.941662 0.297663 0.157067 -0.243533 0.228809 0.22395 0.947361 0.373593 
1535374707828 0.247294 0.92793 -0.278911 -0.636573 -0.941522 0.298118 0.15704 -0.243357 0.228871 0.223766 0.94739 0.37361 
1535374708001 0.248021 0.927749 -0.278867 -0.636364 -0.941344 0.298794 0.156824 -0.243332 0.228817 0.223614 0.947439 0.373629 
1535374708164 0.248554 0.927701 -0.278551 -0.636129 -0.941253 0.299203 0.156591 -0.243185 0.228613 0.223266 0.94757 0.373775 
1535374708327 0.249028 0.927605 -0.278449 -0.635975 -0.941114 0.299652 0.156565 -0.242965 0.228668 0.223063 0.947604 0.3738 
1535374708524 0.249768 0.927414 -0.278423 -0.635722 -0.940917 0.300357 0.156398 -0.242989 0.228672 0.22291 0.947639 0.373844 
1535374708691 0.250369 0.927271 -0.278359 -0.635548 -0.94077 0.30091 0.156219 -0.24286 0.228619 0.22276 0.947687 0.37385 
1535374708838 0.251112 0.927106 -0.278241 -0.635332 -0.940575 0.301598 0.156065 -0.242762 0.228606 0.222517 0.947748 0.373884 
1535374708848 0.251112 0.927106 -0.278241 -0.635332 -0.940575 0.301598 0.156065 -0.242762 0.228606 0.222517 0.947748 0.373884 
1535374709084 0.251531 0.927013 -0.278171 -0.635195 -0.940463 0.301988 0.155988 -0.2427 0.228608 0.222374 0.947781 0.373916 
1535374709274 0.250968 0.92719 -0.278091 -0.634885 -0.940616 0.301433 0.156142 -0.24236 0.228599 0.222391 0.947779 0.374014 
1535374709522 0.251515 0.927044 -0.278081 -0.634491 -0.940411 0.302013 0.156255 -0.242303 0.228839 0.22221 0.947763 0.374159 
1535374709730 0.25181 0.926944 -0.27815 -0.634075 -0.94032 0.302319 0.156214 -0.242174 0.228891 0.222214 0.94775 0.37426 
1535374709943 0.25234 0.926761 -0.278277 -0.633704 -0.940149 0.302876 0.156162 -0.242197 0.229008 0.222216 0.947721 0.374348 
1535374710131 0.252533 0.926744 -0.278159 -0.63336 -0.940073 0.303063 0.156253 -0.24196 0.229106 0.222031 0.947741 0.374461 
1535374710364 0.25314 0.926612 -0.278048 -0.632607 -0.939848 0.303687 0.156399 -0.241686 0.22936 0.221731 0.947749 0.374736 
1535374710523 0.25314 0.926612 -0.278048 -0.632607 -0.939848 0.303687 0.156399 -0.241686 0.22936 0.221731 0.947749 0.374736 
1535374710605 0.253309 0.926575 -0.278017 -0.632224 -0.939795 0.30385 0.156397 -0.241546 0.229389 0.221663 0.947759 0.374849 
1535374710637 0.253162 0.926631 -0.277962 -0.632081 -0.939833 0.303701 0.156458 -0.241383 0.229397 0.221629 0.947765 0.374891 
1535374710846 0.253162 0.926631 -0.277962 -0.632081 -0.939833 0.303701 0.156458 -0.241383 0.229397 0.221629 0.947765 0.374891 
1535374711069 0.252864 0.926543 -0.278528 -0.631501 -0.939723 0.303695 0.157129 -0.241176 0.230174 0.222007 0.947488 0.375098 
1535374711284 0.252644 0.926497 -0.27888 -0.631006 -0.939508 0.303809 0.158194 -0.24096 0.231292 0.222043 0.947207 0.375317 
1535374711501 0.25276 0.92626 -0.279562 -0.630464 -0.939286 0.30422 0.15872 -0.240933 0.232064 0.22247 0.946918 0.37539 
1535374711745 0.252483 0.926251 -0.279841 -0.630012 -0.939221 0.304135 0.159263 -0.24068 0.232627 0.222622 0.946744 0.37558 
1535374711962 0.252227 0.926245 -0.280093 -0.629558 -0.939089 0.304127 0.160062 -0.240411 0.23344 0.22266 0.946535 0.37584 
1535374712169 0.252291 0.92607 -0.280613 -0.628986 -0.938875 0.304465 0.160671 -0.240419 0.23423 0.222924 0.946278 0.375931 
1535374712410 0.252062 0.926027 -0.280959 -0.628534 -0.938756 0.304477 0.161338 -0.240147 0.234949 0.223085 0.946061 0.376082 
1535374712530 0.251839 0.925958 -0.281389 -0.62804 -0.938636 0.30451 0.161977 -0.239969 0.235669 0.22333 0.945824 0.376265 
1535374712587 0.251845 0.925935 -0.281459 -0.627881 -0.938588 0.304572 0.162138 -0.239929 0.235853 0.223341 0.945776 0.376332 
1535374712754 0.251845 0.925935 -0.281459 -0.627881 -0.938588 0.304572 0.162138 -0.239929 0.235853 0.223341 0.945776 0.376332 
1535374712944 0.251556 0.925979 -0.281572 -0.627522 -0.938585 0.304392 0.162494 -0.239704 0.236174 0.223402 0.945681 0.376457 
1535374713161 0.251412 0.925977 -0.281708 -0.627138 -0.938475 0.304418 0.163078 -0.239482 0.236763 0.223376 0.94554 0.376467 
1535374713379 0.251545 0.9259 -0.281841 -0.626722 -0.938321 0.304681 0.163474 -0.239455 0.237233 0.223336 0.945432 0.376612 
1535374713576 0.251337 0.925917 -0.281971 -0.626364 -0.938237 0.304636 0.164036 -0.23922 0.237782 0.223327 0.945296 0.376758 
1535374713813 0.251258 0.925891 -0.282127 -0.625983 -0.938164 0.304676 0.164381 -0.239057 0.238157 0.223379 0.945189 0.376825 
1535374714017 0.251213 0.92589 -0.28217 -0.625575 -0.938051 0.304759 0.164874 -0.238946 0.238649 0.223271 0.945091 0.376983 
1535374714220 0.251146 0.925866 -0.282308 -0.625181 -0.937988 0.304794 0.165162 -0.238835 0.238964 0.223321 0.944999 0.37704 
1535374714295 0.251126 0.925831 -0.282442 -0.624694 -0.937874 0.30491 0.165594 -0.238645 0.239432 0.22331 0.944884 0.377144 
1535374714478 0.251033 0.925845 -0.282476 -0.624636 -0.937868 0.304856 0.165728 -0.238542 0.239554 0.223322 0.94485 0.377181 
1535374714656 0.251033 0.925845 -0.282476 -0.624636 -0.937868 0.304856 0.165728 -0.238542 0.239554 0.223322 0.94485 0.377181 
1535374714845 0.251233 0.925697 -0.282784 -0.624375 -0.937775 0.30514 0.165736 -0.238576 0.23971 0.223549 0.944757 0.377229 
1535374715031 0.251249 0.925629 -0.282994 -0.624094 -0.937764 0.3052 0.165689 -0.238397 0.239736 0.223752 0.944702 0.37729 
1535374715237 0.251329 0.925573 -0.283104 -0.623743 -0.937646 0.305385 0.166013 -0.238347 0.240113 0.223727 0.944612 0.377506 
1535374715429 0.251405 0.925467 -0.283385 -0.623443 -0.937627 0.305507 0.165897 -0.238272 0.240108 0.224002 0.944548 0.377569 
1535374715634 0.251317 0.925411 -0.283645 -0.623175 -0.937593 0.305523 0.166055 -0.238072 0.24033 0.224212 0.944442 0.377665 
1535374715859 0.251422 0.925356 -0.28373 -0.622852 -0.93749 0.305709 0.166299 -0.237968 0.240625 0.224183 0.944374 0.377813 
1535374716037 0.251546 0.925257 -0.283942 -0.622531 -0.937386 0.305931 0.166473 -0.237866 0.240897 0.224288 0.944279 0.37794 
1535374716094 0.251339 0.925246 -0.284163 -0.622152 -0.937386 0.305825 0.166668 -0.237605 0.241113 0.22448 0.944179 0.37806 
1535374716232 0.25126 0.925257 -0.284197 -0.622095 -0.93742 0.305743 0.166628 -0.23757 0.241065 0.224545 0.944175 0.37807 
1535374716268 0.25126 0.925257 -0.284197 -0.622095 -0.93742 0.305743 0.166628 -0.23757 0.241065 0.224545 0.944175 0.37807 
1535374716420 0.251542 0.92507 -0.284555 -0.621944 -0.937288 0.306129 0.16666 -0.237517 0.241283 0.224788 0.944062 0.378107 
1535374716606 0.251682 0.924965 -0.284773 -0.621665 -0.937238 0.306315 0.166605 -0.23742 0.241334 0.224969 0.944006 0.378209 
1535374716798 0.251864 0.924809 -0.285118 -0.621388 -0.937141 0.306595 0.166634 -0.237353 0.24152 0.225227 0.943897 0.378316 
1535374716990 0.252149 0.924654 -0.28537 -0.621098 -0.937034 0.306941 0.166595 -0.237329 0.241635 0.225394 0.943827 0.378425 
1535374717194 0.252104 0.924627 -0.285496 -0.620854 -0.937045 0.306921 0.16657 -0.237132 0.24164 0.225529 0.943794 0.378529 
1535374717211 0.252104 0.924627 -0.285496 -0.620854 -0.937045 0.306921 0.16657 -0.237132 0.24164 0.225529 0.943794 0.378529 
1535374717433 0.252363 0.924416 -0.28595 -0.620309 -0.936939 0.307285 0.166497 -0.236901 0.241781 0.2259 0.943669 0.378697 
1535374717626 0.252511 0.924259 -0.286329 -0.620054 -0.936856 0.307534 0.166505 -0.236829 0.24195 0.226205 0.943553 0.378806 
1535374717807 0.252388 0.924278 -0.286376 -0.619959 -0.936875 0.307439 0.166573 -0.236693 0.242003 0.226258 0.943526 0.378831 
1535374717991 0.252662 0.924158 -0.286519 -0.619809 -0.936796 0.307731 0.166478 -0.236771 0.242023 0.226348 0.9435 0.378888 
1535374718178 0.252485 0.924225 -0.286459 -0.619617 -0.936848 0.307547 0.166524 -0.236542 0.242005 0.226324 0.94351 0.378935 
1535374718364 0.25255 0.924145 -0.28666 -0.61938 -0.936818 0.307657 0.166492 -0.236493 0.242056 0.2265 0.943455 0.378991 
1535374718529 0.252535 0.924098 -0.286827 -0.619167 -0.936799 0.307694 0.166529 -0.236387 0.242144 0.226645 0.943397 0.37907 
1535374718706 0.252638 0.924085 -0.286778 -0.618935 -0.936766 0.307789 0.16654 -0.236264 0.242164 0.226569 0.94341 0.379168 
1535374718871 0.252556 0.924084 -0.286853 -0.618711 -0.936773 0.307738 0.166592 -0.236151 0.242221 0.226642 0.943378 0.37926 
1535374719053 0.252998 0.923871 -0.28715 -0.618461 -0.936604 0.30826 0.166581 -0.236169 0.242416 0.226801 0.94329 0.379334 
1535374719228 0.252786 0.923973 -0.287007 -0.618266 -0.93668 0.308015 0.166609 -0.23593 0.242344 0.226718 0.943328 0.379434 
1535374719260 0.253045 0.923861 -0.287139 -0.618057 -0.9366 0.308295 0.166539 -0.236038 0.242382 0.226793 0.943301 0.379495 
1535374719269 0.253045 0.923861 -0.287139 -0.618057 -0.9366 0.308295 0.166539 -0.236038 0.242382 0.226793 0.943301 0.379495 
1535374719464 0.252954 0.923891 -0.287122 -0.618011 -0.936627 0.308203 0.166557 -0.235968 0.242373 0.226795 0.943302 0.37951 
1535374719597 0.253013 0.923904 -0.287028 -0.617919 -0.936591 0.308261 0.166652 -0.235735 0.242451 0.226663 0.943314 0.37956 
1535374719712 0.253354 0.923837 -0.286942 -0.61774 -0.93648 0.308589 0.16667 -0.235695 0.242523 0.226489 0.943337 0.379603 
1535374719837 0.253205 0.923904 -0.28686 -0.617598 -0.936527 0.308425 0.166708 -0.235597 0.242497 0.22644 0.943356 0.379638 
1535374719976 0.25367 0.923781 -0.286845 -0.61738 -0.936384 0.308882 0.166664 -0.235688 0.242563 0.226319 0.943368 0.379675 
1535374720118 0.253551 0.923835 -0.286775 -0.617264 -0.936411 0.308761 0.166738 -0.235527 0.242583 0.226263 0.943376 0.379708 
1535374720233 0.253796 0.923786 -0.286717 -0.617098 -0.936328 0.308999 0.166762 -0.235467 0.242648 0.226138 0.94339 0.379746 
1535374720257 0.253796 0.923786 -0.286746 -0.616987 -0.93631 0.309026 0.166811 -0.235391 0.242708 0.226146 0.943372 0.379769 
1535374720276 0.253803 0.923775 -0.286746 -0.616987 -0.93631 0.309026 0.166811 -0.235391 0.242708 0.226146 0.943372 0.379769 
1535374720300 0.253793 0.923779 -0.286743 -0.616968 -0.936313 0.309017 0.166816 -0.235383 0.242709 0.226144 0.943372 0.379773 
1535374720421 0.253803 0.923777 -0.28674 -0.616941 -0.936309 0.309027 0.166819 -0.235375 0.242714 0.226138 0.943372 0.379779 
1535374720498 0.253584 0.923878 -0.286609 -0.616694 -0.93633 0.30883 0.167065 -0.235311 0.242861 0.225995 0.943369 0.379855 
1535374720553 0.25339 0.923956 -0.28653 -0.616482 -0.9363 0.308706 0.16746 -0.235195 0.243179 0.225846 0.943323 0.379865 
1535374720712 0.253425 0.92396 -0.286487 -0.616265 -0.936194 0.308821 0.16784 -0.235126 0.243551 0.225673 0.943268 0.379954 
1535374720796 0.253297 0.924008 -0.286445 -0.616049 -0.936216 0.308703 0.167934 -0.235047 0.243599 0.225638 0.943264 0.379991 
1535374720934 0.253465 0.923943 -0.286504 -0.615809 -0.936056 0.308981 0.168316 -0.235025 0.244039 0.225521 0.943178 0.380063 
1535374720989 0.253364 0.92399 -0.286442 -0.615618 -0.936038 0.308914 0.168535 -0.2349 0.244211 0.22542 0.943158 0.380121 
1535374721153 0.253447 0.923954 -0.286485 -0.615327 -0.935971 0.309043 0.168675 -0.234991 0.244385 0.225392 0.94312 0.380129 
1535374721172 0.253187 0.924051 -0.286401 -0.615191 -0.936025 0.308795 0.16883 -0.234802 0.244447 0.225333 0.943118 0.380152 
1535374721370 0.253187 0.924051 -0.286401 -0.615191 -0.936025 0.308795 0.16883 -0.234802 0.244447 0.225333 0.943118 0.380152 
1535374721540 0.253133 0.924047 -0.286463 -0.614863 -0.93599 0.3088 0.16901 -0.234627 0.244633 0.225344 0.943067 0.380213 
1535374721746 0.253486 0.923895 -0.28664 -0.614436 -0.935889 0.309174 0.168888 -0.234675 0.244656 0.225452 0.943035 0.380355 
1535374721947 0.253498 0.923868 -0.286716 -0.614092 -0.935842 0.30924 0.169029 -0.234547 0.244825 0.225472 0.942986 0.380443 
1535374722148 0.253359 0.923895 -0.286754 -0.613799 -0.935814 0.309175 0.169302 -0.234233 0.245075 0.225454 0.942926 0.380562 
1535374722349 0.253448 0.923885 -0.286708 -0.613385 -0.935754 0.309284 0.169433 -0.234187 0.245211 0.225346 0.942916 0.380746 
1535374722507 0.253512 0.923867 -0.286709 -0.613003 -0.935711 0.309369 0.169516 -0.234092 0.24531 0.225302 0.942901 0.380859 
1535374722724 0.253332 0.923839 -0.286959 -0.612692 -0.935739 0.309262 0.169559 -0.233852 0.24539 0.225564 0.942817 0.380908 
1535374722828 0.253451 0.923847 -0.286825 -0.612306 -0.935662 0.309392 0.169743 -0.233762 0.245558 0.22535 0.942825 0.38109 
1535374722847 0.253265 0.923919 -0.286758 -0.612178 -0.935709 0.309205 0.169823 -0.233625 0.24557 0.225312 0.942831 0.381135 
1535374722975 0.253265 0.923919 -0.286758 -0.612178 -0.935709 0.309205 0.169823 -0.233625 0.24557 0.225312 0.942831 0.381135 
1535374723069 0.253596 0.923837 -0.286731 -0.611933 -0.935623 0.309513 0.169739 -0.233438 0.245558 0.225227 0.942854 0.381186 
1535374723272 0.253917 0.923747 -0.286738 -0.611577 -0.935591 0.309771 0.169447 -0.233395 0.245349 0.225243 0.942905 0.3812 
1535374723429 0.254251 0.923656 -0.286733 -0.61124 -0.93551 0.310079 0.169328 -0.233318 0.245311 0.225189 0.942928 0.381269 
1535374723612 0.254548 0.923565 -0.286763 -0.610928 -0.935422 0.310375 0.169273 -0.233159 0.245338 0.225156 0.942928 0.381333 
1535374723815 0.25478 0.923534 -0.286656 -0.610626 -0.935418 0.310522 0.169024 -0.232973 0.245113 0.225079 0.943005 0.381426 
1535374724011 0.254959 0.923517 -0.286552 -0.610266 -0.935421 0.310626 0.168817 -0.232894 0.244917 0.225005 0.943074 0.381485 
1535374724197 0.255383 0.923384 -0.286603 -0.609943 -0.935316 0.31103 0.168652 -0.232779 0.244873 0.224993 0.943088 0.381537 
1535374724393 0.25529 0.923451 -0.28647 -0.609573 -0.935383 0.310879 0.168561 -0.232465 0.244715 0.224928 0.943145 0.381581 
1535374724410 0.255295 0.923457 -0.286446 -0.609522 -0.935384 0.310877 0.168558 -0.232429 0.244705 0.224905 0.943153 0.38159 
1535374724610 0.255295 0.923457 -0.286446 -0.609522 -0.935384 0.310877 0.168558 -0.232429 0.244705 0.224905 0.943153 0.38159 
1535374724769 0.255806 0.923307 -0.286475 -0.609227 -0.935265 0.311351 0.168344 -0.232463 0.244627 0.224866 0.943182 0.381635 
1535374724974 0.256041 0.923271 -0.286378 -0.608941 -0.935239 0.311523 0.168172 -0.23229 0.244482 0.224773 0.943242 0.381786 
1535374725110 0.256327 0.923211 -0.286318 -0.608648 -0.935174 0.311773 0.168072 -0.232119 0.244432 0.224676 0.943278 0.381881 
1535374725329 0.256542 0.923186 -0.286205 -0.608335 -0.935138 0.311936 0.167967 -0.231969 0.244343 0.224551 0.943331 0.381964 
1535374725511 0.256799 0.923166 -0.286042 -0.608018 -0.935089 0.312131 0.167875 -0.231795 0.244259 0.224364 0.943397 0.382048 
1535374725670 0.257219 0.923056 -0.286017 -0.607667 -0.934987 0.312516 0.16773 -0.231768 0.244209 0.224279 0.943431 0.382127 
1535374725863 0.25737 0.923044 -0.285922 -0.607396 -0.934962 0.312627 0.167661 -0.231533 0.244145 0.224175 0.943472 0.382215 
1535374725910 0.257798 0.922944 -0.285857 -0.607048 -0.934858 0.313012 0.167524 -0.231472 0.244092 0.224048 0.943515 0.3823 
1535374725927 0.257782 0.922962 -0.285813 -0.606963 -0.934866 0.312985 0.16753 -0.231382 0.244079 0.22401 0.943528 0.382323 
1535374726050 0.25779 0.922966 -0.285793 -0.606919 -0.934865 0.312988 0.167531 -0.231333 0.244075 0.22399 0.943534 0.382335 
1535374726135 0.257827 0.922942 -0.285838 -0.60682 -0.934857 0.31303 0.167496 -0.231318 0.244065 0.224033 0.943526 0.382366 
1535374726221 0.257587 0.923135 -0.28543 -0.606537 -0.934948 0.312703 0.167596 -0.231174 0.243968 0.223692 0.943632 0.382419 
1535374726376 0.257641 0.923196 -0.285184 -0.606249 -0.93494 0.312705 0.167642 -0.231088 0.243945 0.223438 0.943698 0.382473 
1535374726471 0.257495 0.923297 -0.28499 -0.606009 -0.934996 0.312515 0.167681 -0.230914 0.243883 0.223287 0.94375 0.382527 
1535374726585 0.257605 0.923325 -0.284798 -0.605707 -0.934976 0.312576 0.167676 -0.230875 0.243841 0.223085 0.943809 0.382611 
1535374726749 0.257369 0.923453 -0.284599 -0.605503 -0.935055 0.312301 0.16775 -0.230644 0.243789 0.222942 0.943856 0.38267 
1535374726829 0.257462 0.923482 -0.28442 -0.605203 -0.935044 0.312344 0.167732 -0.230618 0.243734 0.222761 0.943913 0.382747 
