1533829594868 0.098546 0.882146 -0.460551 -0.532758 -0.990597 0.131094 0.0391376 -0.22109 0.0949005 0.452363 0.88677 0.378151 
1533829617653 0.0985408 0.882144 -0.460556 -0.532759 -0.990598 0.13109 0.0391399 -0.221088 0.0949014 0.452368 0.886767 0.378148 
1533829618868 0.143404 0.898849 -0.414133 -0.543873 -0.983844 0.174794 0.0386991 -0.220102 0.107173 0.401893 0.909393 0.371159 
1533829619517 0.165891 0.905165 -0.391353 -0.549693 -0.979683 0.196624 0.0394939 -0.219463 0.112698 0.37685 0.919393 0.367572 
1533829620165 0.188745 0.910603 -0.367664 -0.555415 -0.974959 0.218594 0.0408916 -0.21883 0.117605 0.350739 0.929059 0.363879 
1533829620814 0.211514 0.914964 -0.34366 -0.561159 -0.969763 0.240264 0.0428182 -0.218157 0.121746 0.324212 0.938117 0.360241 
1533829621459 0.234421 0.918083 -0.319641 -0.566851 -0.964024 0.261925 0.045305 -0.217529 0.125316 0.297521 0.946455 0.356532 
1533829622097 0.257199 0.920127 -0.295321 -0.572562 -0.95783 0.283245 0.0483152 -0.216902 0.128104 0.270441 0.954176 0.352904 
1533829622737 0.279949 0.920984 -0.270957 -0.578289 -0.951114 0.304422 0.0520566 -0.21624 0.130429 0.243138 0.961183 0.349229 
1533829623348 0.302312 0.920685 -0.246871 -0.583861 -0.943903 0.325248 0.0571038 -0.215593 0.132869 0.215759 0.967364 0.346662 
1533829623388 0.303061 0.920677 -0.245985 -0.583964 -0.943714 0.325837 0.0568636 -0.215538 0.132504 0.214907 0.967604 0.346659 
1533829623753 0.304292 0.920696 -0.244388 -0.584318 -0.943287 0.326985 0.0573637 -0.21547 0.132726 0.213072 0.967979 0.346123 
1533829623974 0.306332 0.920572 -0.242295 -0.584864 -0.9426 0.328881 0.0578204 -0.215422 0.132914 0.210675 0.968478 0.345801 
1533829624194 0.308825 0.920398 -0.23978 -0.585497 -0.941783 0.331153 0.0581644 -0.215379 0.132938 0.207858 0.969083 0.34526 
1533829624419 0.311173 0.920341 -0.236946 -0.586021 -0.941022 0.333241 0.058557 -0.215249 0.132852 0.20475 0.969757 0.344816 
1533829624643 0.31382 0.920056 -0.234552 -0.586615 -0.940137 0.335675 0.0588603 -0.215352 0.132888 0.202039 0.97032 0.344287 
1533829624864 0.316104 0.919949 -0.23189 -0.5872 -0.939378 0.33772 0.0592722 -0.215185 0.132841 0.199096 0.970935 0.343814 
1533829625083 0.318466 0.919788 -0.229279 -0.587742 -0.938589 0.339843 0.0596423 -0.215151 0.132777 0.196205 0.971532 0.343332 
1533829625399 0.323142 0.919456 -0.224008 -0.588933 -0.93702 0.344021 0.0603644 -0.214972 0.132566 0.190393 0.972716 0.342332 
1533829625433 0.32354 0.919398 -0.223672 -0.58906 -0.936852 0.344431 0.060622 -0.214909 0.132775 0.189934 0.972777 0.342242 
1533829625449 0.323727 0.919375 -0.223495 -0.58909 -0.936767 0.344632 0.0608026 -0.214866 0.132924 0.189679 0.972807 0.342216 
1533829625616 0.324078 0.919448 -0.222683 -0.589062 -0.936801 0.344699 0.0598882 -0.21496 0.131823 0.189201 0.97305 0.342139 
1533829625752 0.32476 0.919417 -0.22182 -0.589184 -0.936676 0.34515 0.0592429 -0.214918 0.13103 0.188534 0.973286 0.341978 
1533829625886 0.325496 0.919362 -0.220965 -0.589252 -0.936504 0.345694 0.0587888 -0.215002 0.130434 0.187799 0.973508 0.341797 
1533829626015 0.326194 0.91935 -0.219984 -0.589318 -0.936345 0.346194 0.0583807 -0.214966 0.12983 0.186938 0.973755 0.341655 
1533829626148 0.327048 0.919247 -0.219145 -0.589438 -0.936117 0.346874 0.0579877 -0.214987 0.129321 0.186181 0.973968 0.341452 
1533829626282 0.32751 0.919314 -0.218172 -0.589537 -0.936039 0.347145 0.0576268 -0.214863 0.128714 0.185344 0.974207 0.341289 
1533829626417 0.328269 0.919232 -0.217376 -0.589622 -0.935852 0.347725 0.0571767 -0.214939 0.128146 0.184662 0.974412 0.341089 
1533829626552 0.329198 0.919103 -0.216513 -0.589725 -0.935602 0.348469 0.0567227 -0.21499 0.127582 0.183897 0.974631 0.34088 
1533829626579 0.32934 0.919108 -0.216276 -0.589736 -0.935572 0.348565 0.0566304 -0.214982 0.127436 0.183691 0.974689 0.340848 
1533829626596 0.32944 0.919102 -0.21615 -0.589743 -0.935547 0.348641 0.0565819 -0.214972 0.127363 0.183578 0.974719 0.340826 
1533829626612 0.329508 0.919094 -0.21608 -0.589751 -0.935528 0.348696 0.0565523 -0.214967 0.127323 0.183515 0.974736 0.340811 
1533829626681 0.329446 0.919146 -0.215954 -0.589761 -0.935578 0.348586 0.0563975 -0.214927 0.127116 0.183462 0.974773 0.34082 
1533829626714 0.329331 0.91915 -0.216111 -0.589771 -0.935655 0.348432 0.0560838 -0.214908 0.126849 0.183736 0.974757 0.34086 
1533829626753 0.329515 0.919007 -0.216442 -0.589806 -0.935606 0.348608 0.0557995 -0.214905 0.126733 0.184118 0.9747 0.340911 
1533829626821 0.329888 0.918876 -0.216425 -0.589789 -0.93557 0.348834 0.054993 -0.214967 0.126028 0.184339 0.974749 0.341028 
1533829626855 0.330035 0.91886 -0.21627 -0.589767 -0.93558 0.348877 0.0545374 -0.214999 0.125564 0.184339 0.974809 0.341076 
1533829626885 0.330186 0.918834 -0.216154 -0.589752 -0.935584 0.348934 0.0541085 -0.215022 0.12514 0.184364 0.974859 0.341112 
1533829626915 0.330334 0.918789 -0.216116 -0.589754 -0.935568 0.349023 0.0538075 -0.215012 0.124867 0.184417 0.974884 0.341131 
1533829626932 0.330413 0.918771 -0.216072 -0.589759 -0.935558 0.349071 0.0536667 -0.214989 0.124732 0.184416 0.974901 0.341142 
1533829626949 0.330481 0.918757 -0.216027 -0.589766 -0.935551 0.34911 0.0535378 -0.214962 0.124605 0.184411 0.974918 0.341151 
1533829626965 0.330525 0.91875 -0.215991 -0.58977 -0.935547 0.349134 0.0534491 -0.214942 0.124516 0.184403 0.974931 0.341159 
1533829627082 0.330427 0.918686 -0.216412 -0.589759 -0.935602 0.349033 0.0531571 -0.214941 0.12437 0.184911 0.974854 0.341223 
1533829627115 0.330546 0.918578 -0.216688 -0.589735 -0.9356 0.349106 0.0527101 -0.215015 0.124065 0.18531 0.974817 0.341252 
1533829627163 0.330738 0.918475 -0.216831 -0.589687 -0.935577 0.349234 0.0522641 -0.21507 0.123728 0.185577 0.974809 0.34129 
1533829627227 0.33074 0.918438 -0.216985 -0.589673 -0.935624 0.349174 0.0518298 -0.215009 0.123368 0.185874 0.974798 0.341332 
1533829627264 0.330859 0.918358 -0.217142 -0.589671 -0.935627 0.34923 0.0513844 -0.215002 0.123022 0.186163 0.974787 0.341355 
1533829627316 0.330988 0.918278 -0.217286 -0.589663 -0.935624 0.3493 0.0509623 -0.214978 0.122695 0.18643 0.974777 0.341383 
1533829627339 0.33092 0.918292 -0.217329 -0.589653 -0.935665 0.34921 0.0508284 -0.214948 0.122569 0.186527 0.974774 0.341404 
1533829627356 0.330906 0.918289 -0.217362 -0.589647 -0.935681 0.349182 0.050732 -0.214931 0.122485 0.186593 0.974772 0.341417 
1533829627479 0.331197 0.918217 -0.217225 -0.589655 -0.935625 0.349386 0.050343 -0.214933 0.122121 0.186568 0.974822 0.341419 
1533829627497 0.331297 0.918259 -0.216893 -0.589665 -0.935593 0.349461 0.0504257 -0.21493 0.1221 0.186218 0.974892 0.341394 
1533829627523 0.331345 0.918314 -0.216585 -0.589697 -0.935575 0.349492 0.0505351 -0.214891 0.122102 0.185887 0.974955 0.341365 
1533829627621 0.331287 0.918469 -0.216017 -0.589759 -0.93566 0.349306 0.050251 -0.214874 0.12161 0.185471 0.975096 0.341313 
1533829627641 0.331323 0.918528 -0.215711 -0.589749 -0.935685 0.349267 0.050054 -0.214871 0.121317 0.185253 0.975174 0.341311 
1533829627667 0.331336 0.918592 -0.215419 -0.589751 -0.935714 0.349213 0.049892 -0.214847 0.121057 0.185039 0.975246 0.341307 
1533829627690 0.331383 0.918591 -0.21535 -0.589784 -0.93571 0.349236 0.0498131 -0.214809 0.120966 0.184998 0.975266 0.341295 
1533829627707 0.331417 0.91858 -0.215344 -0.589794 -0.935699 0.349268 0.0497975 -0.2148 0.120956 0.184993 0.975268 0.341292 
1533829627724 0.331554 0.918544 -0.215287 -0.58982 -0.935657 0.349388 0.0497334 -0.214779 0.120901 0.184945 0.975284 0.34128 
1533829627740 0.33166 0.918526 -0.215203 -0.589826 -0.935629 0.349473 0.0496716 -0.214782 0.120832 0.184876 0.975305 0.341274 
1533829627757 0.331737 0.918541 -0.215017 -0.589814 -0.935619 0.349512 0.0495867 -0.214792 0.120698 0.184724 0.975351 0.341272 
1533829627774 0.331762 0.918581 -0.214807 -0.589798 -0.93563 0.349495 0.0495012 -0.214801 0.120545 0.184557 0.975401 0.341272 
1533829627790 0.331774 0.918597 -0.214721 -0.589791 -0.935635 0.349488 0.0494582 -0.214811 0.120475 0.184492 0.975422 0.341271 
1533829627864 0.331843 0.918596 -0.214621 -0.589804 -0.935637 0.349509 0.0492612 -0.214845 0.120263 0.184461 0.975454 0.341252 
1533829627882 0.331935 0.918617 -0.214387 -0.589788 -0.93563 0.349547 0.0491232 -0.21485 0.120064 0.184281 0.975513 0.341244 
1533829627905 0.332074 0.918606 -0.21422 -0.589796 -0.9356 0.349644 0.0489995 -0.214819 0.119912 0.184153 0.975556 0.341214 
1533829627918 0.332115 0.91861 -0.21414 -0.589803 -0.935596 0.349665 0.0489392 -0.214798 0.119833 0.184095 0.975576 0.341201 
1533829627935 0.332159 0.91862 -0.214027 -0.589813 -0.935595 0.349679 0.0488522 -0.214767 0.119717 0.184016 0.975605 0.341183 
1533829627952 0.332198 0.91862 -0.213967 -0.589824 -0.935591 0.349699 0.0487848 -0.214749 0.119639 0.183979 0.975622 0.341169 
1533829627968 0.332263 0.918602 -0.213942 -0.589841 -0.935577 0.349746 0.0487069 -0.214737 0.119568 0.183976 0.975631 0.341152 
1533829627985 0.332308 0.918597 -0.213895 -0.589844 -0.935569 0.349777 0.0486514 -0.214734 0.119507 0.183946 0.975644 0.341144 
1533829628002 0.332329 0.918604 -0.21383 -0.589839 -0.93557 0.349781 0.0486078 -0.214727 0.119445 0.183899 0.975661 0.341143 
1533829628018 0.332317 0.918616 -0.213802 -0.589836 -0.935578 0.349762 0.0485903 -0.214723 0.119415 0.183881 0.975668 0.341142 
1533829628064 0.332232 0.918644 -0.213811 -0.589835 -0.935607 0.349681 0.0486113 -0.214713 0.119422 0.183893 0.975665 0.341144 
1533829628078 0.332202 0.918639 -0.213879 -0.589839 -0.935611 0.349666 0.0486465 -0.214712 0.119475 0.183947 0.975648 0.341144 
1533829628094 0.332115 0.918641 -0.214003 -0.589846 -0.935624 0.349613 0.0487577 -0.214712 0.119609 0.184033 0.975615 0.341143 
1533829628111 0.332053 0.918606 -0.214252 -0.589868 -0.93561 0.349622 0.0489743 -0.214707 0.119895 0.184195 0.97555 0.341137 
1533829628128 0.332033 0.918567 -0.214452 -0.589884 -0.935587 0.349659 0.0491496 -0.214712 0.120132 0.184319 0.975497 0.341134 
1533829628144 0.332023 0.918536 -0.2146 -0.589897 -0.935564 0.349697 0.0493048 -0.214717 0.120333 0.184402 0.975457 0.341144 
1533829628161 0.332033 0.918529 -0.214614 -0.589896 -0.93555 0.349724 0.0493839 -0.214731 0.120416 0.184385 0.97545 0.341172 
1533829628178 0.332041 0.918532 -0.214588 -0.589893 -0.935545 0.349734 0.0494108 -0.21474 0.120434 0.18435 0.975454 0.341193 
1533829628194 0.332052 0.918541 -0.21453 -0.589886 -0.935542 0.34974 0.0494185 -0.214749 0.120423 0.184293 0.975466 0.341209 
1533829628211 0.332054 0.918547 -0.214502 -0.589882 -0.935547 0.349732 0.0493851 -0.21476 0.120381 0.184278 0.975474 0.341222 
1533829628228 0.332054 0.918562 -0.21444 -0.589875 -0.93556 0.349709 0.0493047 -0.214776 0.120281 0.184249 0.975492 0.341236 
1533829628244 0.332072 0.918612 -0.214198 -0.589846 -0.935576 0.349679 0.0492089 -0.214798 0.120104 0.184058 0.97555 0.341263 
1533829628261 0.332055 0.918645 -0.214082 -0.589831 -0.935586 0.349651 0.0492275 -0.214799 0.120077 0.183946 0.975574 0.341271 
1533829628281 0.331983 0.918667 -0.214097 -0.589831 -0.935591 0.349612 0.0494039 -0.214777 0.120237 0.183906 0.975562 0.341259 
1533829628298 0.331909 0.918677 -0.21417 -0.589841 -0.935586 0.349591 0.0496408 -0.214753 0.120476 0.183898 0.975534 0.34126 
1533829628314 0.331836 0.918703 -0.214171 -0.589842 -0.935561 0.349598 0.0500729 -0.214715 0.120876 0.183754 0.975512 0.34128 
1533829628331 0.331712 0.918722 -0.214282 -0.589857 -0.935553 0.349561 0.050469 -0.214684 0.121272 0.183731 0.975467 0.341308 
1533829628402 0.331659 0.918652 -0.214666 -0.589865 -0.935508 0.349627 0.0508498 -0.214757 0.121766 0.183957 0.975363 0.341372 
1533829628415 0.331686 0.918624 -0.214741 -0.589863 -0.935526 0.349616 0.0505926 -0.214801 0.121552 0.184115 0.97536 0.341378 
1533829628432 0.33168 0.918603 -0.214842 -0.589855 -0.935564 0.349561 0.0502687 -0.214834 0.121278 0.184326 0.975354 0.341388 
1533829628481 0.331576 0.918592 -0.21505 -0.589786 -0.93567 0.349365 0.0496539 -0.214776 0.120743 0.184752 0.97534 0.341401 
1533829628509 0.33155 0.918542 -0.215304 -0.589781 -0.935668 0.34937 0.049649 -0.214735 0.120825 0.184992 0.975284 0.341405 
1533829628527 0.331532 0.918486 -0.21557 -0.589796 -0.935659 0.349391 0.0496766 -0.214727 0.120945 0.185231 0.975224 0.341401 
1533829628543 0.331519 0.918451 -0.215737 -0.589805 -0.935653 0.349403 0.0497067 -0.214727 0.121032 0.185376 0.975186 0.341404 
1533829628560 0.33151 0.918429 -0.215846 -0.589804 -0.935649 0.349412 0.0497277 -0.21473 0.121091 0.185471 0.97516 0.341421 
1533829628576 0.33152 0.918403 -0.215941 -0.589792 -0.935635 0.349442 0.0497674 -0.214749 0.121165 0.185543 0.975137 0.341447 
1533829628593 0.331535 0.918372 -0.216049 -0.58978 -0.935616 0.349484 0.0498312 -0.214777 0.121269 0.185618 0.97511 0.341472 
1533829628692 0.331519 0.918364 -0.216106 -0.589788 -0.935622 0.349471 0.0498123 -0.214739 0.121269 0.18568 0.975098 0.341491 
1533829628705 0.331531 0.918418 -0.215863 -0.589784 -0.935648 0.349424 0.0496664 -0.214702 0.121042 0.185505 0.97516 0.341461 
1533829628722 0.331535 0.918474 -0.215616 -0.589777 -0.935681 0.349361 0.0494787 -0.214658 0.120773 0.185344 0.975224 0.341426 
1533829628739 0.331542 0.918503 -0.215481 -0.589774 -0.935703 0.349324 0.0493321 -0.21463 0.120584 0.18527 0.975261 0.341404 
1533829628755 0.33159 0.91853 -0.215294 -0.589773 -0.935723 0.349303 0.0490909 -0.214605 0.120294 0.185178 0.975315 0.341368 
1533829628772 0.331624 0.918531 -0.215235 -0.589778 -0.935731 0.349303 0.0489441 -0.214593 0.120139 0.185171 0.975335 0.341342 
1533829628792 0.331686 0.918523 -0.215172 -0.589784 -0.935734 0.349321 0.0487465 -0.214576 0.119939 0.185175 0.975359 0.341311 
1533829628809 0.331782 0.918503 -0.215111 -0.589784 -0.935719 0.349383 0.0486003 -0.214574 0.119796 0.185159 0.97538 0.341298 
1533829628825 0.331868 0.918485 -0.215055 -0.589782 -0.9357 0.349446 0.0485076 -0.214575 0.119703 0.185128 0.975397 0.341297 
1533829628842 0.331973 0.918463 -0.21499 -0.589779 -0.935674 0.349528 0.0484213 -0.214572 0.119618 0.185086 0.975415 0.341295 
1533829628859 0.332037 0.918446 -0.214959 -0.589779 -0.935659 0.349577 0.0483536 -0.214567 0.119555 0.185073 0.975425 0.34129 
1533829628875 0.332046 0.918448 -0.214941 -0.58978 -0.935665 0.349571 0.0482854 -0.214563 0.119485 0.18508 0.975433 0.341283 
1533829628892 0.332018 0.918463 -0.214918 -0.589781 -0.93568 0.349534 0.0482571 -0.21456 0.119444 0.185072 0.975439 0.341278 
1533829628909 0.332002 0.918479 -0.214876 -0.589781 -0.93569 0.34951 0.0482451 -0.214555 0.119413 0.18504 0.975449 0.341278 
1533829628925 0.331962 0.918505 -0.214824 -0.58978 -0.935705 0.349466 0.0482622 -0.214549 0.119403 0.184991 0.97546 0.341277 
1533829628942 0.331864 0.918555 -0.214761 -0.58978 -0.935742 0.349364 0.0482892 -0.214546 0.119386 0.184935 0.975472 0.341272 
1533829628962 0.331797 0.918615 -0.214608 -0.589776 -0.935756 0.349306 0.0484453 -0.214534 0.119466 0.184747 0.975498 0.341264 
1533829628979 0.331807 0.918634 -0.214514 -0.589779 -0.935747 0.349319 0.0485231 -0.21454 0.119509 0.18463 0.975515 0.341253 
1533829628996 0.331871 0.918634 -0.214412 -0.589784 -0.935719 0.349384 0.0485881 -0.214553 0.119547 0.184504 0.975534 0.341239 
1533829629012 0.331964 0.918624 -0.214311 -0.589788 -0.935686 0.349469 0.0486069 -0.214571 0.119547 0.184392 0.975555 0.341224 
1533829629029 0.332032 0.91864 -0.214139 -0.589785 -0.935677 0.349504 0.0485347 -0.214584 0.119428 0.18425 0.975597 0.341216 
1533829629048 0.332082 0.918653 -0.214006 -0.589785 -0.935672 0.349525 0.0484666 -0.214591 0.119325 0.184145 0.975629 0.34121 
1533829629062 0.3321 0.918645 -0.214011 -0.589793 -0.935669 0.349538 0.0484364 -0.214592 0.119301 0.184158 0.97563 0.341205 
1533829629079 0.332116 0.918628 -0.214061 -0.589801 -0.935672 0.349543 0.0483443 -0.214595 0.119234 0.184235 0.975623 0.341203 
1533829629095 0.332094 0.918625 -0.214107 -0.589806 -0.935689 0.34951 0.0482561 -0.214591 0.119162 0.184312 0.975618 0.341205 
1533829629112 0.332076 0.918627 -0.214128 -0.589808 -0.935699 0.349489 0.0482281 -0.214581 0.119139 0.184343 0.975614 0.341206 
1533829629135 0.332056 0.918615 -0.214208 -0.58982 -0.935696 0.349489 0.0482831 -0.214563 0.119217 0.1844 0.975594 0.341185 
1533829629153 0.332038 0.918614 -0.214239 -0.589826 -0.935692 0.349488 0.0483531 -0.214542 0.119292 0.184407 0.975584 0.341158 
1533829629321 0.331885 0.91862 -0.214452 -0.589817 -0.935746 0.34935 0.0483071 -0.214491 0.119294 0.18464 0.975539 0.341108 
1533829629425 0.331736 0.918477 -0.215292 -0.589748 -0.935771 0.349291 0.048245 -0.214579 0.119511 0.185459 0.975357 0.341217 
1533829629477 0.331678 0.918396 -0.215728 -0.589741 -0.935765 0.349299 0.0483077 -0.214615 0.119719 0.185848 0.975258 0.341271 
1533829629511 0.331577 0.918328 -0.216175 -0.589756 -0.935774 0.349265 0.0483829 -0.214608 0.119934 0.186248 0.975155 0.341295 
1533829629571 0.331391 0.9183 -0.216577 -0.589707 -0.93581 0.349151 0.0485103 -0.21458 0.120165 0.186599 0.97506 0.341376 
1533829629620 0.331322 0.918207 -0.217074 -0.589632 -0.935804 0.349158 0.0485862 -0.214633 0.120405 0.187041 0.974945 0.341402 
1533829629678 0.331178 0.918136 -0.217595 -0.589585 -0.935831 0.349081 0.0486081 -0.21465 0.120587 0.187534 0.974828 0.341455 
1533829629695 0.331124 0.918115 -0.217767 -0.589593 -0.935841 0.349052 0.0486329 -0.214641 0.120663 0.187692 0.974788 0.341463 
1533829629711 0.331077 0.918094 -0.217925 -0.589597 -0.935847 0.34903 0.0486604 -0.214634 0.120737 0.187834 0.974752 0.341473 
1533829629728 0.331042 0.918078 -0.218045 -0.589597 -0.935852 0.349013 0.0486833 -0.21463 0.120796 0.187942 0.974724 0.341483 
1533829629745 0.331022 0.918067 -0.218122 -0.589596 -0.935854 0.349006 0.0486976 -0.214628 0.120833 0.18801 0.974706 0.341491 
1533829629765 0.330988 0.918039 -0.218293 -0.589591 -0.935855 0.348999 0.0487302 -0.214634 0.12092 0.188161 0.974666 0.341514 
1533829629810 0.33102 0.918033 -0.218269 -0.589578 -0.935843 0.34903 0.0487395 -0.214656 0.120927 0.188132 0.974671 0.341527 
1533829629823 0.331063 0.918031 -0.218213 -0.589576 -0.935829 0.349067 0.0487416 -0.21467 0.120917 0.188074 0.974683 0.341523 
1533829629840 0.331186 0.91803 -0.218029 -0.589573 -0.935782 0.349183 0.0488119 -0.214696 0.120943 0.187862 0.974721 0.341509 
1533829629857 0.331304 0.918048 -0.217773 -0.589566 -0.935737 0.349291 0.0489159 -0.214706 0.120973 0.187572 0.974773 0.341495 
1533829629880 0.331423 0.918066 -0.217515 -0.589569 -0.935678 0.34942 0.0491241 -0.214703 0.121103 0.187243 0.97482 0.34147 
1533829629897 0.331487 0.918067 -0.217415 -0.589575 -0.935643 0.349495 0.0492458 -0.214704 0.121196 0.187098 0.974836 0.341456 
1533829629913 0.331528 0.918076 -0.217316 -0.58958 -0.935618 0.349546 0.0493595 -0.214709 0.121278 0.186961 0.974852 0.341442 
1533829629930 0.331478 0.918097 -0.217304 -0.589591 -0.935632 0.349503 0.0494055 -0.214714 0.121307 0.18694 0.974853 0.341431 
1533829629946 0.331396 0.918123 -0.217318 -0.589596 -0.935659 0.349426 0.0494316 -0.214705 0.121321 0.186954 0.974848 0.341431 
1533829629963 0.331324 0.918146 -0.21733 -0.589596 -0.935683 0.349358 0.0494522 -0.214689 0.12133 0.186967 0.974845 0.34144 
1533829629980 0.331237 0.918179 -0.217322 -0.589592 -0.935714 0.349273 0.0494766 -0.214669 0.121333 0.186963 0.974845 0.341458 
1533829629996 0.331183 0.918188 -0.217367 -0.589597 -0.935735 0.34922 0.0494563 -0.21467 0.121319 0.187019 0.974836 0.341466 
1533829630066 0.33079 0.918236 -0.217761 -0.589631 -0.935811 0.348953 0.0498923 -0.214722 0.121801 0.187279 0.974726 0.341442 
1533829630079 0.33077 0.918248 -0.217744 -0.589641 -0.935783 0.348986 0.0501822 -0.214737 0.122069 0.187162 0.974715 0.341443 
1533829630096 0.330778 0.918251 -0.217717 -0.589661 -0.935728 0.349073 0.05061 -0.214768 0.122472 0.186983 0.974699 0.341455 
1533829630112 0.330813 0.918261 -0.217621 -0.589672 -0.935677 0.349161 0.0509473 -0.214798 0.122768 0.186769 0.974703 0.341469 
1533829630129 0.330848 0.918283 -0.217475 -0.589677 -0.935635 0.349232 0.051229 -0.214822 0.122992 0.186528 0.974721 0.341481 
1533829630172 0.330771 0.918335 -0.217375 -0.589664 -0.935666 0.349146 0.0512536 -0.214812 0.122964 0.186437 0.974742 0.341476 
1533829630185 0.330724 0.918349 -0.217386 -0.589656 -0.935696 0.349079 0.0511501 -0.214801 0.122859 0.186491 0.974745 0.341484 
1533829630202 0.330661 0.918366 -0.21741 -0.589637 -0.935765 0.348949 0.0507857 -0.214797 0.122505 0.186652 0.974758 0.3415 
1533829630219 0.330556 0.918364 -0.217578 -0.589634 -0.935843 0.348792 0.0504199 -0.214786 0.122193 0.186952 0.97474 0.341517 
1533829630235 0.33057 0.91831 -0.217785 -0.589642 -0.935854 0.348793 0.05021 -0.214773 0.12207 0.187217 0.974704 0.341524 
1533829630253 0.330655 0.918242 -0.217942 -0.589643 -0.935836 0.348867 0.0500354 -0.214754 0.121977 0.187414 0.974678 0.341531 
1533829630269 0.330733 0.918193 -0.21803 -0.589647 -0.935812 0.348942 0.0499539 -0.21475 0.121947 0.187514 0.974663 0.34153 
1533829630285 0.330827 0.918147 -0.218082 -0.589651 -0.935781 0.349033 0.049897 -0.214757 0.12193 0.18757 0.974654 0.341529 
1533829630302 0.33092 0.918102 -0.21813 -0.589659 -0.935744 0.349133 0.0498926 -0.214766 0.121963 0.187604 0.974643 0.341531 
1533829630319 0.330972 0.918072 -0.218177 -0.589667 -0.935719 0.349197 0.0499191 -0.214765 0.122016 0.187631 0.974632 0.341537 
1533829630339 0.330956 0.918075 -0.218188 -0.589671 -0.935719 0.34919 0.0499643 -0.214766 0.12206 0.187627 0.974627 0.341558 
1533829630355 0.330956 0.918075 -0.218188 -0.589671 -0.935719 0.34919 0.0499643 -0.214766 0.12206 0.187627 0.974627 0.341558 
1533829630372 0.330956 0.918075 -0.218188 -0.589671 -0.935719 0.34919 0.0499643 -0.214766 0.12206 0.187627 0.974627 0.341558 
1533829630389 0.330843 0.918123 -0.218158 -0.589674 -0.935743 0.349103 0.050128 -0.214756 0.122183 0.187556 0.974625 0.341602 
1533829630405 0.330715 0.918172 -0.218146 -0.589673 -0.935785 0.348983 0.0501852 -0.214749 0.122208 0.18754 0.974625 0.341603 
1533829630422 0.330637 0.9182 -0.218148 -0.589673 -0.935808 0.348913 0.0502382 -0.214745 0.122244 0.187534 0.974622 0.341606 
1533829630439 0.330565 0.918226 -0.218145 -0.589673 -0.935826 0.348854 0.0503139 -0.214738 0.1223 0.187514 0.974618 0.341611 
1533829630455 0.330536 0.918242 -0.218125 -0.589672 -0.935827 0.348838 0.0504005 -0.214728 0.12237 0.187468 0.974619 0.341618 
1533829630472 0.330525 0.918249 -0.21811 -0.589671 -0.935824 0.348837 0.0504597 -0.214722 0.12242 0.187435 0.974619 0.341622 
1533829630489 0.330535 0.918249 -0.218095 -0.589669 -0.935811 0.348861 0.0505403 -0.214711 0.122493 0.18739 0.974618 0.34162 
