1533061620710 0.279394 0.958904 0.049415 -0.365808 -0.951435 0.269555 0.148701 -0.235057 0.12927 -0.0885613 0.987647 0.332502 
1533061626005 0.27939 0.958905 0.0494157 -0.365807 -0.951436 0.269551 0.148699 -0.235056 0.129269 -0.088561 0.987647 0.332503 
1533061627017 0.28099 0.957685 0.0623218 -0.391924 -0.951022 0.26914 0.152057 -0.235648 0.128849 -0.101996 0.986405 0.330837 
1533061628056 0.282253 0.956369 0.0754409 -0.418028 -0.950702 0.268316 0.155472 -0.236165 0.128447 -0.115604 0.984955 0.329185 
1533061629133 0.283586 0.954858 0.0884562 -0.44418 -0.950377 0.267549 0.158749 -0.236666 0.127916 -0.129086 0.983348 0.327543 
1533061630265 0.285036 0.953147 0.101314 -0.470321 -0.95 0.266862 0.162123 -0.237187 0.12749 -0.142459 0.981556 0.325865 
1533061631355 0.286485 0.95124 0.114317 -0.49643 -0.949625 0.266105 0.165532 -0.237748 0.12704 -0.155981 0.979556 0.324197 
1533061632484 0.288058 0.949124 0.127228 -0.522578 -0.949219 0.265449 0.168878 -0.238308 0.126513 -0.169414 0.977391 0.32255 
1533061633683 0.289287 0.946931 0.140125 -0.548717 -0.948911 0.26441 0.172206 -0.23879 0.126016 -0.182783 0.975044 0.320894 
1533061634874 0.290952 0.944447 0.152862 -0.574592 -0.948476 0.263783 0.17553 -0.239327 0.125456 -0.196057 0.972534 0.319413 
1533061636029 0.29236 0.941939 0.165158 -0.597877 -0.94808 0.262882 0.17899 -0.239189 0.125181 -0.208913 0.969889 0.318451 
1533061636317 0.292293 0.941944 0.165249 -0.597904 -0.948115 0.262825 0.178889 -0.239179 0.125072 -0.208963 0.969893 0.318476 
1533061636801 0.292376 0.941713 0.166412 -0.600806 -0.94808 0.262669 0.179301 -0.23921 0.125139 -0.210195 0.969618 0.318296 
1533061637275 0.292598 0.94141 0.167728 -0.603682 -0.948021 0.262646 0.179648 -0.239391 0.12507 -0.211575 0.969326 0.317973 
1533061637749 0.29272 0.941124 0.169116 -0.606584 -0.947995 0.262516 0.179974 -0.239528 0.124982 -0.213004 0.969025 0.317729 
1533061638211 0.292904 0.940816 0.170509 -0.609473 -0.947955 0.262454 0.180278 -0.239686 0.124858 -0.214439 0.968724 0.31747 
1533061638690 0.292951 0.940566 0.171799 -0.6124 -0.947951 0.262269 0.180568 -0.239777 0.124778 -0.215754 0.968442 0.31722 
1533061639191 0.293207 0.940241 0.173136 -0.615293 -0.947868 0.262252 0.181026 -0.239971 0.124803 -0.217188 0.968119 0.316996 
1533061639845 0.293358 0.939706 0.175765 -0.621074 -0.947848 0.261935 0.181586 -0.240128 0.124598 -0.219868 0.96754 0.316505 
