1530556965016 -0.0151287 -0.154645 0.987854 0.361001 -0.994641 0.103383 0.000951645 -0.490958 -0.102275 -0.982546 -0.15538 0.440908 
1530556971953 -0.0151219 -0.154646 0.987854 0.361005 -0.994641 0.103383 0.000958548 -0.490956 -0.102276 -0.982546 -0.155381 0.440907 
1530556972204 -0.0153308 -0.154699 0.987843 0.362944 -0.994642 0.103379 0.000753067 -0.490889 -0.102238 -0.982538 -0.155455 0.440821 
1530556972448 -0.0151334 -0.154507 0.987876 0.365348 -0.994657 0.103228 0.000907952 -0.490666 -0.102117 -0.982584 -0.155244 0.440886 
1530556972699 -0.0150052 -0.154637 0.987857 0.367713 -0.994634 0.10345 0.00108572 -0.490451 -0.102362 -0.98254 -0.15536 0.440777 
1530556972938 -0.0151212 -0.154709 0.987844 0.370005 -0.994619 0.103591 0.000998776 -0.490335 -0.102486 -0.982514 -0.155443 0.440632 
1530556973187 -0.015016 -0.154578 0.987866 0.372422 -0.994613 0.10365 0.00110026 -0.490078 -0.102563 -0.982528 -0.155302 0.440577 
1530556973434 -0.014861 -0.154434 0.987891 0.374763 -0.994623 0.103551 0.00122542 -0.489913 -0.102486 -0.982562 -0.155142 0.440645 
1530556973684 -0.0148563 -0.154465 0.987887 0.377009 -0.994604 0.103739 0.00126325 -0.48969 -0.102678 -0.982537 -0.155173 0.44051 
1530556973912 -0.0147954 -0.154345 0.987906 0.378772 -0.994581 0.103959 0.00134668 -0.489334 -0.102909 -0.982532 -0.155047 0.440393 
1530556974144 -0.0140593 -0.154322 0.987921 0.378601 -0.994568 0.104065 0.00210191 -0.488686 -0.103132 -0.982525 -0.154947 0.439788 
1530556974268 -0.0136947 -0.154173 0.987949 0.378577 -0.9946 0.103756 0.00240465 -0.488523 -0.102876 -0.982581 -0.154762 0.439821 
1530556974447 -0.0140522 -0.154295 0.987925 0.379025 -0.994595 0.103808 0.00206574 -0.488789 -0.102873 -0.982556 -0.15492 0.439947 
1530556974628 -0.0143612 -0.154227 0.987931 0.379795 -0.994564 0.104116 0.001796 -0.488941 -0.103136 -0.982535 -0.154884 0.439984 
1530556974806 -0.0144447 -0.154543 0.98788 0.380507 -0.994553 0.104214 0.00176089 -0.489085 -0.103223 -0.982474 -0.155207 0.439946 
1530556974977 -0.014427 -0.154327 0.987914 0.381153 -0.994567 0.104079 0.00173458 -0.489225 -0.103089 -0.982523 -0.15499 0.440175 
1530556975150 -0.0145234 -0.1544 0.987902 0.381862 -0.994571 0.104048 0.00164031 -0.489377 -0.103043 -0.982514 -0.155073 0.440224 
1530556975329 -0.0144806 -0.154494 0.987888 0.382657 -0.994555 0.104194 0.00171646 -0.48945 -0.103197 -0.982484 -0.155162 0.440262 
1530556975512 -0.0146177 -0.154348 0.987908 0.383414 -0.994551 0.104242 0.00157047 -0.489549 -0.103224 -0.982502 -0.15503 0.440349 
1530556975653 -0.0145611 -0.154453 0.987893 0.383832 -0.994549 0.104258 0.00164117 -0.489589 -0.103249 -0.982484 -0.155129 0.440409 
1530556975838 -0.0144966 -0.154272 0.987922 0.383858 -0.994563 0.104126 0.00166608 -0.489282 -0.103126 -0.982526 -0.154942 0.440226 
1530556975988 -0.0143749 -0.154169 0.98794 0.383799 -0.994568 0.104073 0.00176941 -0.489135 -0.103091 -0.982548 -0.154828 0.440213 
1530556976146 -0.0144852 -0.154305 0.987917 0.383998 -0.994562 0.104128 0.00168136 -0.489314 -0.10313 -0.982521 -0.154974 0.440291 
1530556976258 -0.0144055 -0.154315 0.987917 0.384205 -0.99457 0.104055 0.00175115 -0.489448 -0.103068 -0.982527 -0.154976 0.440384 
1530556976384 -0.014597 -0.154431 0.987896 0.384447 -0.994563 0.104123 0.0015814 -0.489616 -0.103107 -0.982502 -0.155112 0.440385 
1530556976510 -0.014628 -0.15459 0.98787 0.384707 -0.994552 0.104229 0.00158365 -0.489765 -0.10321 -0.982465 -0.155272 0.440369 
1530556976647 -0.0145808 -0.154423 0.987897 0.384942 -0.994549 0.104259 0.00161834 -0.489889 -0.103248 -0.982488 -0.155102 0.440489 
1530556976777 -0.014593 -0.154391 0.987902 0.385204 -0.99455 0.104245 0.0016004 -0.490012 -0.103231 -0.982495 -0.155071 0.44059 
1530556976886 -0.014534 -0.154516 0.987883 0.385439 -0.994528 0.104456 0.00170629 -0.490122 -0.103454 -0.982453 -0.155188 0.440554 
1530556976954 -0.0146308 -0.154574 0.987873 0.385571 -0.994523 0.104501 0.00162216 -0.490195 -0.103485 -0.982439 -0.155256 0.440569 
1530556977099 -0.0149094 -0.154593 0.987866 0.385581 -0.994523 0.104509 0.00134493 -0.490208 -0.103449 -0.982435 -0.155304 0.440535 
1530556977250 -0.0146202 -0.154356 0.987907 0.385547 -0.994544 0.104309 0.00157943 -0.490028 -0.103292 -0.982494 -0.155038 0.440565 
1530556977388 -0.0146785 -0.154378 0.987903 0.385658 -0.994544 0.104311 0.00152335 -0.49012 -0.103284 -0.98249 -0.155067 0.440641 
1530556977425 -0.0147557 -0.154419 0.987895 0.385712 -0.994537 0.104375 0.00146009 -0.490246 -0.103337 -0.982477 -0.155115 0.440678 
1530556977525 -0.0149829 -0.154632 0.987858 0.385729 -0.994528 0.104467 0.00126848 -0.49042 -0.103394 -0.982433 -0.155351 0.440591 
1530556977587 -0.0148859 -0.154604 0.987864 0.385847 -0.994535 0.104396 0.00135182 -0.490522 -0.103338 -0.982445 -0.155313 0.44066 
1530556977682 -0.0149457 -0.154651 0.987856 0.385909 -0.994508 0.104654 0.00133749 -0.490611 -0.10359 -0.982411 -0.155365 0.440647 
1530556977737 -0.014989 -0.154658 0.987854 0.38599 -0.994515 0.104582 0.00128333 -0.490711 -0.103511 -0.982417 -0.155378 0.440715 
1530556977828 -0.0151453 -0.154792 0.987831 0.386067 -0.994515 0.104583 0.00114028 -0.490825 -0.103487 -0.982396 -0.155527 0.4407 
1530556977854 -0.0150856 -0.154742 0.98784 0.38611 -0.99452 0.104542 0.00118851 -0.490863 -0.103455 -0.982408 -0.155471 0.44075 
1530556977868 -0.0150519 -0.154704 0.987846 0.386135 -0.994522 0.104521 0.00121507 -0.490884 -0.103438 -0.982416 -0.15543 0.440785 
1530556978018 -0.0149275 -0.154514 0.987878 0.386247 -0.99453 0.104446 0.00130832 -0.490951 -0.103382 -0.982454 -0.155228 0.440904 
1530556978034 -0.0149302 -0.15451 0.987878 0.386247 -0.994529 0.104453 0.00130633 -0.49095 -0.103389 -0.982454 -0.155224 0.440903 
1530556978051 -0.0149324 -0.154507 0.987879 0.386248 -0.994528 0.104459 0.00130475 -0.490951 -0.103394 -0.982454 -0.155221 0.440902 
1530556978068 -0.0149334 -0.154505 0.987879 0.386249 -0.994528 0.104463 0.00130428 -0.49095 -0.103399 -0.982454 -0.15522 0.440901 
1530556978183 -0.0149259 -0.154497 0.987881 0.386268 -0.994524 0.1045 0.00131683 -0.490964 -0.103437 -0.982451 -0.155211 0.440904 
1530556978219 -0.0148858 -0.154499 0.987881 0.386321 -0.994532 0.104426 0.00134566 -0.49101 -0.103368 -0.982459 -0.155209 0.440935 
1530556978255 -0.0148384 -0.154533 0.987876 0.386378 -0.994539 0.104355 0.00138584 -0.491059 -0.103304 -0.982461 -0.155238 0.440942 
1530556978314 -0.0148691 -0.154556 0.987872 0.386413 -0.994539 0.104352 0.00135676 -0.49116 -0.103296 -0.982458 -0.155264 0.440956 
1530556978336 -0.0148742 -0.15456 0.987871 0.386419 -0.99454 0.104349 0.00135155 -0.491177 -0.103292 -0.982457 -0.155268 0.440958 
1530556978481 -0.0149536 -0.154598 0.987864 0.386475 -0.994522 0.104517 0.0013022 -0.491319 -0.103449 -0.982434 -0.155314 0.440961 
1530556978497 -0.0149589 -0.154599 0.987864 0.386476 -0.994521 0.104531 0.00129924 -0.491319 -0.103464 -0.982432 -0.155315 0.44096 
1530556978514 -0.0149618 -0.154597 0.987864 0.386477 -0.99452 0.104543 0.00129795 -0.491319 -0.103474 -0.982431 -0.155314 0.440961 
1530556978531 -0.014964 -0.154596 0.987864 0.386477 -0.994518 0.104553 0.00129735 -0.491319 -0.103485 -0.98243 -0.155313 0.440961 
1530556978547 -0.0149665 -0.154596 0.987864 0.386478 -0.994517 0.104563 0.00129627 -0.491319 -0.103494 -0.982429 -0.155314 0.44096 
1530556978564 -0.0149668 -0.154596 0.987864 0.386478 -0.994517 0.104567 0.00129661 -0.491318 -0.103499 -0.982429 -0.155313 0.44096 
1530556978581 -0.0149691 -0.154594 0.987865 0.386479 -0.994516 0.10458 0.00129623 -0.491318 -0.103512 -0.982427 -0.155312 0.44096 
1530556978694 -0.0149365 -0.154561 0.98787 0.386502 -0.994521 0.104529 0.00131742 -0.491331 -0.103465 -0.982438 -0.155275 0.440989 
1530556978708 -0.0149001 -0.154534 0.987875 0.386522 -0.994527 0.104475 0.00134257 -0.491342 -0.103415 -0.982448 -0.155245 0.441017 
1530556978725 -0.0148521 -0.154499 0.987881 0.386549 -0.994534 0.104405 0.00137628 -0.491356 -0.103353 -0.982461 -0.155205 0.441054 
1530556978872 -0.0147439 -0.154632 0.987862 0.386668 -0.994531 0.104429 0.00150313 -0.491424 -0.103394 -0.982437 -0.155326 0.440973 
1530556978891 -0.0147505 -0.154605 0.987866 0.386667 -0.994532 0.104426 0.00149302 -0.491424 -0.10339 -0.982442 -0.1553 0.440986 
1530556978910 -0.0147581 -0.154561 0.987873 0.386664 -0.994533 0.104415 0.001479 -0.491424 -0.103377 -0.98245 -0.155257 0.441008 
1530556978927 -0.0147638 -0.154523 0.987879 0.386663 -0.994534 0.104406 0.00146794 -0.491423 -0.103368 -0.982457 -0.15522 0.441026 
1530556978941 -0.0147684 -0.154498 0.987883 0.386662 -0.994534 0.104401 0.00145982 -0.491423 -0.103362 -0.982462 -0.155195 0.441038 
1530556978959 -0.0147737 -0.154477 0.987886 0.386661 -0.994534 0.104398 0.00145182 -0.491424 -0.103358 -0.982465 -0.155175 0.441048 
1530556978976 -0.0147738 -0.154468 0.987887 0.38666 -0.994535 0.104394 0.00145009 -0.491423 -0.103354 -0.982467 -0.155166 0.441054 
1530556978991 -0.0147736 -0.15446 0.987889 0.38666 -0.994535 0.104391 0.00144879 -0.491423 -0.10335 -0.982469 -0.155158 0.441061 
1530556979008 -0.0147738 -0.154453 0.98789 0.386659 -0.994536 0.104388 0.00144755 -0.491422 -0.103347 -0.98247 -0.155151 0.441066 
1530556979131 -0.0147764 -0.154423 0.987894 0.386657 -0.994537 0.104379 0.00144026 -0.491421 -0.103338 -0.982476 -0.155121 0.441088 
1530556979148 -0.0147772 -0.15442 0.987895 0.386657 -0.994537 0.104379 0.00143925 -0.491421 -0.103338 -0.982476 -0.155119 0.44109 
1530556979165 -0.0147774 -0.154418 0.987895 0.386657 -0.994537 0.104378 0.00143872 -0.491421 -0.103337 -0.982477 -0.155117 0.441091 
1530556979181 -0.0147778 -0.154417 0.987895 0.386657 -0.994537 0.104378 0.0014381 -0.491421 -0.103337 -0.982477 -0.155116 0.441092 
1530556979198 -0.0147784 -0.154416 0.987895 0.386657 -0.994537 0.104378 0.00143741 -0.491421 -0.103337 -0.982477 -0.155115 0.441093 
1530556979215 -0.0147788 -0.154414 0.987896 0.386656 -0.994537 0.104378 0.00143677 -0.491421 -0.103336 -0.982477 -0.155113 0.441094 
1530556979231 -0.0147793 -0.154413 0.987896 0.386656 -0.994537 0.104378 0.00143617 -0.491421 -0.103336 -0.982477 -0.155112 0.441095 
1530556979339 -0.0147815 -0.154426 0.987894 0.386665 -0.994531 0.104428 0.00144333 -0.491427 -0.103387 -0.98247 -0.155125 0.441089 
1530556979361 -0.0147717 -0.154444 0.987891 0.386683 -0.994529 0.104454 0.0014591 -0.491451 -0.103414 -0.982464 -0.155142 0.441086 
1530556979377 -0.0147591 -0.154456 0.987889 0.386703 -0.994529 0.104451 0.0014726 -0.491487 -0.103414 -0.982463 -0.155152 0.44109 
1530556979527 -0.0148769 -0.15458 0.987868 0.386696 -0.994508 0.104654 0.00139919 -0.491601 -0.1036 -0.982422 -0.155288 0.441017 
1530556979544 -0.014888 -0.154578 0.987868 0.386691 -0.994508 0.104654 0.00138779 -0.491605 -0.103599 -0.982422 -0.155287 0.441018 
1530556979561 -0.0148958 -0.154576 0.987869 0.386687 -0.994508 0.104654 0.00137982 -0.491608 -0.103598 -0.982422 -0.155286 0.441019 
1530556979585 -0.0149036 -0.154574 0.987869 0.386684 -0.994508 0.104654 0.00137159 -0.491611 -0.103596 -0.982423 -0.155285 0.44102 
1530556979602 -0.0149103 -0.154573 0.987869 0.386681 -0.994508 0.104655 0.00136495 -0.491614 -0.103596 -0.982423 -0.155284 0.44102 
1530556979618 -0.0149167 -0.154572 0.987869 0.386678 -0.994508 0.104655 0.00135837 -0.491616 -0.103595 -0.982423 -0.155284 0.441021 
1530556979635 -0.0149205 -0.154571 0.987869 0.386676 -0.994508 0.104654 0.00135441 -0.491618 -0.103594 -0.982423 -0.155283 0.441021 
1530556979651 -0.0149244 -0.154571 0.987869 0.386674 -0.994508 0.104655 0.00135049 -0.491619 -0.103594 -0.982423 -0.155284 0.441021 
1530556979668 -0.0149285 -0.15457 0.987869 0.386673 -0.994508 0.104655 0.00134628 -0.491621 -0.103593 -0.982423 -0.155284 0.441021 
1530556979795 -0.0149319 -0.154571 0.987869 0.386673 -0.994508 0.104654 0.0013429 -0.491621 -0.103592 -0.982423 -0.155285 0.441022 
1530556979811 -0.014932 -0.154571 0.987869 0.386673 -0.994508 0.104654 0.00134269 -0.491622 -0.103592 -0.982423 -0.155285 0.441022 
1530556979828 -0.0149322 -0.154571 0.987869 0.386673 -0.994508 0.104654 0.00134248 -0.491622 -0.103592 -0.982423 -0.155284 0.441022 
1530556979845 -0.0149327 -0.154571 0.987869 0.386673 -0.994508 0.104654 0.00134202 -0.491622 -0.103592 -0.982423 -0.155285 0.441022 
1530556979861 -0.0149333 -0.154571 0.987869 0.386673 -0.994508 0.104654 0.00134144 -0.491622 -0.103591 -0.982423 -0.155285 0.441022 
1530556979878 -0.0149333 -0.154571 0.987869 0.386673 -0.994508 0.104653 0.00134129 -0.491622 -0.103591 -0.982423 -0.155285 0.441022 
1530556979895 -0.0149334 -0.154571 0.987869 0.386673 -0.994508 0.104653 0.0013412 -0.491622 -0.103591 -0.982423 -0.155285 0.441022 
1530556979911 -0.0149338 -0.154571 0.987869 0.386673 -0.994508 0.104653 0.0013408 -0.491622 -0.103591 -0.982423 -0.155285 0.441022 
1530556979928 -0.0149341 -0.154571 0.987869 0.386673 -0.994508 0.104653 0.00134048 -0.491622 -0.103591 -0.982423 -0.155285 0.441022 
1530556979945 -0.0149343 -0.154571 0.987869 0.386673 -0.994508 0.104653 0.00134023 -0.491622 -0.10359 -0.982423 -0.155285 0.441022 
1530556980075 -0.0149363 -0.154572 0.987869 0.386674 -0.994508 0.104652 0.00133828 -0.491622 -0.10359 -0.982423 -0.155286 0.441022 
1530556980091 -0.0149367 -0.154572 0.987869 0.386674 -0.994508 0.104653 0.00133794 -0.491622 -0.10359 -0.982423 -0.155286 0.441022 
1530556980108 -0.0149368 -0.154572 0.987869 0.386674 -0.994508 0.104653 0.00133777 -0.491622 -0.10359 -0.982423 -0.155286 0.441022 
1530556980128 -0.014937 -0.154572 0.987869 0.386674 -0.994508 0.104652 0.00133762 -0.491622 -0.10359 -0.982423 -0.155286 0.441022 
1530556980148 -0.0149372 -0.154572 0.987869 0.386674 -0.994508 0.104652 0.00133732 -0.491623 -0.103589 -0.982423 -0.155286 0.441022 
1530556980165 -0.0149372 -0.154572 0.987869 0.386674 -0.994508 0.104652 0.00133726 -0.491623 -0.103589 -0.982423 -0.155286 0.441022 
1530556980182 -0.0149372 -0.154572 0.987869 0.386674 -0.994508 0.104652 0.00133729 -0.491623 -0.103589 -0.982423 -0.155286 0.441022 
1530556980198 -0.0149377 -0.154571 0.987869 0.386674 -0.994508 0.104652 0.0013367 -0.491623 -0.103589 -0.982423 -0.155286 0.441022 
1530556980325 -0.0149389 -0.154572 0.987869 0.386674 -0.994508 0.104652 0.00133558 -0.491623 -0.103589 -0.982423 -0.155286 0.441022 
1530556980342 -0.0149391 -0.154572 0.987869 0.386674 -0.994508 0.104652 0.00133531 -0.491623 -0.103589 -0.982423 -0.155286 0.441022 
1530556980358 -0.0149392 -0.154572 0.987869 0.386674 -0.994508 0.104652 0.00133523 -0.491623 -0.103589 -0.982423 -0.155286 0.441022 
1530556980375 -0.0149393 -0.154572 0.987869 0.386674 -0.994508 0.104652 0.00133517 -0.491623 -0.103589 -0.982423 -0.155286 0.441022 
1530556980392 -0.0149392 -0.154572 0.987869 0.386674 -0.994508 0.104652 0.00133519 -0.491623 -0.103588 -0.982423 -0.155286 0.441022 
1530556980408 -0.0149392 -0.154572 0.987869 0.386674 -0.994508 0.104651 0.00133523 -0.491623 -0.103588 -0.982423 -0.155286 0.441023 
1530556980425 -0.0149394 -0.154572 0.987869 0.386674 -0.994508 0.104652 0.00133507 -0.491623 -0.103589 -0.982423 -0.155286 0.441022 
1530556980442 -0.0149397 -0.154572 0.987869 0.386674 -0.994508 0.104652 0.00133478 -0.491623 -0.103589 -0.982423 -0.155286 0.441022 
1530556980458 -0.0149397 -0.154572 0.987869 0.386674 -0.994508 0.104652 0.00133467 -0.491623 -0.103588 -0.982423 -0.155286 0.441023 
1530556980475 -0.0149397 -0.154572 0.987869 0.386674 -0.994508 0.104651 0.00133465 -0.491623 -0.103588 -0.982423 -0.155286 0.441023 
1530556980598 -0.0149406 -0.154572 0.987869 0.386674 -0.994508 0.104651 0.00133376 -0.491623 -0.103588 -0.982423 -0.155286 0.441023 
1530556980615 -0.0149404 -0.154572 0.987869 0.386674 -0.994508 0.104651 0.00133394 -0.491623 -0.103588 -0.982423 -0.155286 0.441023 
1530556980632 -0.0149404 -0.154571 0.987869 0.386674 -0.994508 0.104651 0.0013339 -0.491623 -0.103588 -0.982423 -0.155286 0.441023 
1530556980648 -0.0149408 -0.154572 0.987869 0.386674 -0.994508 0.104652 0.00133358 -0.491623 -0.103588 -0.982423 -0.155286 0.441023 
1530556980665 -0.014941 -0.154572 0.987869 0.386674 -0.994508 0.104652 0.00133338 -0.491623 -0.103588 -0.982423 -0.155286 0.441023 
1530556980682 -0.0149409 -0.154572 0.987869 0.386674 -0.994508 0.104651 0.00133342 -0.491623 -0.103588 -0.982423 -0.155286 0.441023 
1530556980698 -0.0149408 -0.154572 0.987869 0.386675 -0.994508 0.104651 0.00133354 -0.491623 -0.103588 -0.982423 -0.155286 0.441023 
1530556980715 -0.0149411 -0.154571 0.987869 0.386674 -0.994508 0.104651 0.00133318 -0.491623 -0.103588 -0.982423 -0.155286 0.441023 
1530556980732 -0.0149414 -0.154572 0.987869 0.386674 -0.994508 0.104652 0.00133297 -0.491623 -0.103588 -0.982423 -0.155286 0.441023 
1530556980749 -0.0149414 -0.154572 0.987869 0.386674 -0.994508 0.104652 0.00133297 -0.491623 -0.103588 -0.982423 -0.155287 0.441022 
1530556980898 -0.014942 -0.154572 0.987869 0.386675 -0.994508 0.104651 0.00133238 -0.491623 -0.103588 -0.982423 -0.155287 0.441023 
1530556980915 -0.0149421 -0.154572 0.987869 0.386675 -0.994508 0.104651 0.00133223 -0.491623 -0.103588 -0.982423 -0.155287 0.441023 
1530556980932 -0.0149422 -0.154572 0.987869 0.386675 -0.994508 0.104651 0.00133212 -0.491623 -0.103588 -0.982423 -0.155287 0.441023 
1530556980948 -0.0149422 -0.154572 0.987869 0.386675 -0.994508 0.104651 0.00133213 -0.491623 -0.103588 -0.982423 -0.155287 0.441023 
1530556980965 -0.0149422 -0.154572 0.987869 0.386675 -0.994508 0.104651 0.00133206 -0.491623 -0.103587 -0.982423 -0.155286 0.441023 
1530556980982 -0.0149425 -0.154572 0.987869 0.386675 -0.994508 0.104651 0.00133183 -0.491624 -0.103587 -0.982423 -0.155286 0.441023 
1530556980999 -0.0149424 -0.154572 0.987869 0.386675 -0.994508 0.104651 0.00133191 -0.491623 -0.103588 -0.982423 -0.155287 0.441023 
1530556981028 -0.0149427 -0.154572 0.987869 0.386675 -0.994508 0.104651 0.00133161 -0.491624 -0.103587 -0.982423 -0.155287 0.441023 
1530556981045 -0.0149428 -0.154572 0.987869 0.386675 -0.994508 0.104651 0.00133159 -0.491623 -0.103587 -0.982423 -0.155287 0.441023 
1530556981062 -0.0149431 -0.154572 0.987869 0.386675 -0.994508 0.104651 0.00133124 -0.491624 -0.103587 -0.982423 -0.155287 0.441023 
1530556981189 -0.0149435 -0.154572 0.987869 0.386675 -0.994508 0.104651 0.00133077 -0.491624 -0.103587 -0.982423 -0.155287 0.441023 
1530556981205 -0.0149435 -0.154572 0.987869 0.386675 -0.994508 0.104651 0.0013308 -0.491624 -0.103587 -0.982423 -0.155287 0.441023 
1530556981222 -0.0149439 -0.154572 0.987869 0.386675 -0.994508 0.104651 0.00133044 -0.491624 -0.103587 -0.982423 -0.155287 0.441023 
1530556981239 -0.0149438 -0.154572 0.987869 0.386675 -0.994508 0.104651 0.00133056 -0.491624 -0.103587 -0.982423 -0.155287 0.441023 
1530556981255 -0.0149439 -0.154572 0.987869 0.386675 -0.994508 0.104651 0.00133049 -0.491624 -0.103587 -0.982423 -0.155287 0.441023 
1530556981272 -0.0149438 -0.154572 0.987869 0.386675 -0.994508 0.104651 0.00133053 -0.491624 -0.103587 -0.982423 -0.155287 0.441023 
1530556981289 -0.0149441 -0.154572 0.987869 0.386675 -0.994508 0.104651 0.0013303 -0.491624 -0.103587 -0.982423 -0.155287 0.441023 
1530556981305 -0.0149441 -0.154572 0.987869 0.386675 -0.994508 0.104651 0.00133023 -0.491624 -0.103587 -0.982423 -0.155287 0.441023 
1530556981322 -0.0149441 -0.154572 0.987869 0.386675 -0.994508 0.104651 0.00133027 -0.491624 -0.103587 -0.982423 -0.155287 0.441023 
1530556981339 -0.0149444 -0.154572 0.987868 0.386675 -0.994508 0.104651 0.00133003 -0.491624 -0.103587 -0.982423 -0.155287 0.441023 
1530556981489 -0.0149451 -0.154572 0.987868 0.386675 -0.994508 0.104651 0.00132924 -0.491624 -0.103587 -0.982423 -0.155287 0.441023 
1530556981505 -0.014945 -0.154572 0.987868 0.386675 -0.994508 0.104651 0.0013293 -0.491624 -0.103587 -0.982423 -0.155287 0.441023 
1530556981522 -0.0149454 -0.154572 0.987868 0.386675 -0.994508 0.104651 0.00132899 -0.491624 -0.103587 -0.982423 -0.155287 0.441023 
1530556981539 -0.0149448 -0.154572 0.987868 0.386675 -0.994508 0.104651 0.00132951 -0.491624 -0.103587 -0.982423 -0.155287 0.441023 
1530556981555 -0.0149447 -0.154572 0.987868 0.386675 -0.994508 0.104651 0.00132966 -0.491624 -0.103587 -0.982423 -0.155287 0.441023 
1530556981572 -0.0149447 -0.154572 0.987868 0.386676 -0.994508 0.104651 0.00132963 -0.491624 -0.103587 -0.982423 -0.155287 0.441023 
1530556981589 -0.014945 -0.154572 0.987868 0.386675 -0.994508 0.104651 0.00132926 -0.491624 -0.103587 -0.982423 -0.155287 0.441023 
1530556981605 -0.0149451 -0.154572 0.987868 0.386675 -0.994508 0.104651 0.00132925 -0.491624 -0.103587 -0.982423 -0.155287 0.441023 
1530556981622 -0.014945 -0.154572 0.987868 0.386675 -0.994508 0.104651 0.00132936 -0.491624 -0.103587 -0.982423 -0.155287 0.441023 
1530556981639 -0.0149449 -0.154572 0.987868 0.386676 -0.994508 0.104651 0.00132938 -0.491624 -0.103587 -0.982423 -0.155287 0.441023 
1530556981789 -0.0149459 -0.154572 0.987868 0.386676 -0.994508 0.104651 0.00132843 -0.491624 -0.103587 -0.982423 -0.155287 0.441023 
1530556981805 -0.0149459 -0.154572 0.987868 0.386676 -0.994508 0.104651 0.00132836 -0.491624 -0.103587 -0.982423 -0.155287 0.441023 
1530556981822 -0.0149455 -0.154572 0.987868 0.386676 -0.994508 0.104651 0.00132877 -0.491624 -0.103586 -0.982423 -0.155288 0.441023 
1530556981839 -0.014946 -0.154572 0.987868 0.386676 -0.994508 0.104651 0.00132828 -0.491624 -0.103586 -0.982423 -0.155287 0.441023 
1530556981855 -0.0149459 -0.154572 0.987868 0.386676 -0.994508 0.104651 0.00132832 -0.491624 -0.103586 -0.982423 -0.155287 0.441023 
1530556981872 -0.0149458 -0.154572 0.987868 0.386676 -0.994508 0.104651 0.00132851 -0.491624 -0.103586 -0.982423 -0.155287 0.441023 
1530556981892 -0.0149461 -0.154572 0.987868 0.386676 -0.994508 0.104651 0.00132826 -0.491624 -0.103587 -0.982423 -0.155288 0.441023 
1530556981909 -0.0149462 -0.154572 0.987868 0.386676 -0.994508 0.104651 0.00132806 -0.491624 -0.103586 -0.982423 -0.155287 0.441023 
1530556981925 -0.014946 -0.154572 0.987868 0.386676 -0.994508 0.10465 0.00132822 -0.491624 -0.103586 -0.982423 -0.155287 0.441023 
1530556982052 -0.0149466 -0.154572 0.987868 0.386676 -0.994508 0.104651 0.00132765 -0.491624 -0.103586 -0.982423 -0.155287 0.441023 
1530556982070 -0.0149465 -0.154572 0.987868 0.386676 -0.994508 0.104651 0.00132776 -0.491624 -0.103586 -0.982423 -0.155288 0.441023 
1530556982085 -0.0149467 -0.154572 0.987868 0.386676 -0.994508 0.10465 0.00132752 -0.491624 -0.103586 -0.982423 -0.155288 0.441023 
1530556982102 -0.0149471 -0.154572 0.987868 0.386676 -0.994508 0.104651 0.00132719 -0.491624 -0.103586 -0.982423 -0.155288 0.441023 
1530556982119 -0.0149468 -0.154573 0.987868 0.386676 -0.994508 0.104651 0.00132751 -0.491624 -0.103586 -0.982423 -0.155288 0.441023 
1530556982135 -0.0149469 -0.154573 0.987868 0.386676 -0.994508 0.104651 0.00132736 -0.491624 -0.103586 -0.982423 -0.155288 0.441023 
1530556982152 -0.0149469 -0.154572 0.987868 0.386676 -0.994508 0.10465 0.00132731 -0.491624 -0.103586 -0.982423 -0.155288 0.441023 
1530556982172 -0.0149469 -0.154572 0.987868 0.386676 -0.994508 0.10465 0.00132731 -0.491624 -0.103586 -0.982423 -0.155288 0.441023 
1530556982189 -0.014947 -0.154572 0.987868 0.386676 -0.994508 0.10465 0.00132721 -0.491624 -0.103586 -0.982423 -0.155288 0.441023 
1530556982206 -0.0149474 -0.154572 0.987868 0.386676 -0.994508 0.104651 0.00132688 -0.491624 -0.103586 -0.982423 -0.155288 0.441023 
1530556982356 -0.0149478 -0.154573 0.987868 0.386676 -0.994508 0.104651 0.00132647 -0.491624 -0.103586 -0.982423 -0.155288 0.441023 
1530556982376 -0.0149478 -0.154573 0.987868 0.386676 -0.994508 0.10465 0.00132642 -0.491624 -0.103586 -0.982423 -0.155288 0.441023 
1530556982389 -0.0149481 -0.154572 0.987868 0.386676 -0.994508 0.10465 0.00132619 -0.491624 -0.103586 -0.982423 -0.155288 0.441023 
1530556982406 -0.0149482 -0.154573 0.987868 0.386676 -0.994508 0.104651 0.00132609 -0.491624 -0.103586 -0.982423 -0.155288 0.441023 
1530556982422 -0.0149486 -0.154573 0.987868 0.386676 -0.994508 0.104651 0.00132575 -0.491624 -0.103586 -0.982423 -0.155288 0.441023 
1530556982439 -0.014948 -0.154572 0.987868 0.386676 -0.994508 0.10465 0.00132622 -0.491624 -0.103586 -0.982423 -0.155288 0.441023 
1530556982456 -0.0149482 -0.154573 0.987868 0.386676 -0.994508 0.10465 0.001326 -0.491624 -0.103585 -0.982423 -0.155288 0.441023 
1530556982472 -0.0149486 -0.154573 0.987868 0.386676 -0.994508 0.10465 0.00132571 -0.491624 -0.103586 -0.982423 -0.155288 0.441023 
1530556982489 -0.0149485 -0.154572 0.987868 0.386676 -0.994508 0.10465 0.00132577 -0.491624 -0.103586 -0.982423 -0.155288 0.441023 
1530556982506 -0.0149483 -0.154573 0.987868 0.386676 -0.994508 0.104651 0.00132594 -0.491624 -0.103586 -0.982423 -0.155288 0.441023 
1530556982629 -0.0149491 -0.154573 0.987868 0.386676 -0.994508 0.104651 0.00132523 -0.491624 -0.103586 -0.982423 -0.155288 0.441023 
1530556982646 -0.0149491 -0.154573 0.987868 0.386676 -0.994508 0.10465 0.00132518 -0.491624 -0.103586 -0.982423 -0.155288 0.441023 
1530556982662 -0.0149492 -0.154573 0.987868 0.386676 -0.994508 0.10465 0.00132502 -0.491624 -0.103586 -0.982423 -0.155288 0.441023 
1530556982679 -0.0149491 -0.154573 0.987868 0.386676 -0.994508 0.10465 0.00132518 -0.491624 -0.103585 -0.982423 -0.155288 0.441023 
1530556982696 -0.0149494 -0.154573 0.987868 0.386676 -0.994508 0.10465 0.00132487 -0.491624 -0.103586 -0.982423 -0.155288 0.441023 
1530556982713 -0.0149493 -0.154573 0.987868 0.386676 -0.994508 0.104651 0.00132504 -0.491624 -0.103586 -0.982423 -0.155288 0.441023 
1530556982729 -0.0149494 -0.154573 0.987868 0.386676 -0.994508 0.10465 0.00132488 -0.491624 -0.103586 -0.982423 -0.155288 0.441023 
1530556982746 -0.0149494 -0.154573 0.987868 0.386676 -0.994508 0.10465 0.00132481 -0.491624 -0.103585 -0.982423 -0.155288 0.441023 
1530556982763 -0.0149496 -0.154573 0.987868 0.386676 -0.994508 0.10465 0.00132464 -0.491624 -0.103586 -0.982423 -0.155288 0.441023 
1530556982779 -0.0149496 -0.154573 0.987868 0.386676 -0.994508 0.10465 0.00132467 -0.491624 -0.103586 -0.982423 -0.155288 0.441023 
1530556982902 -0.0149502 -0.154573 0.987868 0.386676 -0.994508 0.10465 0.00132404 -0.491624 -0.103585 -0.982423 -0.155289 0.441023 
1530556982919 -0.0149502 -0.154573 0.987868 0.386676 -0.994508 0.10465 0.0013241 -0.491624 -0.103585 -0.982423 -0.155289 0.441023 
1530556982936 -0.0149503 -0.154573 0.987868 0.386676 -0.994508 0.104651 0.00132405 -0.491624 -0.103586 -0.982423 -0.155289 0.441023 
1530556982952 -0.0149501 -0.154573 0.987868 0.386676 -0.994508 0.10465 0.00132415 -0.491624 -0.103585 -0.982423 -0.155289 0.441023 
1530556982969 -0.0149503 -0.154573 0.987868 0.386676 -0.994508 0.10465 0.00132398 -0.491624 -0.103585 -0.982423 -0.155289 0.441023 
1530556982989 -0.0149503 -0.154573 0.987868 0.386676 -0.994508 0.10465 0.00132402 -0.491624 -0.103586 -0.982423 -0.155289 0.441023 
1530556983006 -0.0149506 -0.154573 0.987868 0.386676 -0.994508 0.10465 0.00132369 -0.491625 -0.103585 -0.982423 -0.155289 0.441023 
1530556983023 -0.0149503 -0.154573 0.987868 0.386676 -0.994508 0.10465 0.00132397 -0.491624 -0.103585 -0.982423 -0.155289 0.441023 
1530556983039 -0.0149506 -0.154573 0.987868 0.386676 -0.994508 0.10465 0.00132368 -0.491624 -0.103585 -0.982423 -0.155289 0.441023 
1530556983186 -0.0149509 -0.154573 0.987868 0.386676 -0.994508 0.104651 0.00132345 -0.491624 -0.103585 -0.982423 -0.155289 0.441023 
1530556983203 -0.0149513 -0.154573 0.987868 0.386676 -0.994508 0.104651 0.00132301 -0.491625 -0.103586 -0.982423 -0.155289 0.441023 
1530556983219 -0.0149513 -0.154573 0.987868 0.386676 -0.994508 0.10465 0.00132299 -0.491625 -0.103585 -0.982423 -0.155289 0.441023 
1530556983236 -0.0149509 -0.154573 0.987868 0.386677 -0.994508 0.10465 0.00132336 -0.491625 -0.103585 -0.982423 -0.155289 0.441023 
1530556983253 -0.0149513 -0.154573 0.987868 0.386676 -0.994508 0.10465 0.00132294 -0.491625 -0.103585 -0.982423 -0.155289 0.441023 
1530556983269 -0.0149512 -0.154573 0.987868 0.386676 -0.994508 0.10465 0.00132309 -0.491625 -0.103585 -0.982423 -0.155289 0.441023 
1530556983286 -0.0149512 -0.154573 0.987868 0.386676 -0.994508 0.10465 0.00132305 -0.491625 -0.103585 -0.982423 -0.155289 0.441023 
1530556983303 -0.0149513 -0.154573 0.987868 0.386676 -0.994508 0.10465 0.00132294 -0.491625 -0.103585 -0.982423 -0.155289 0.441023 
1530556983319 -0.0149513 -0.154573 0.987868 0.386676 -0.994508 0.10465 0.00132303 -0.491625 -0.103585 -0.982423 -0.155289 0.441023 
1530556983336 -0.0149513 -0.154573 0.987868 0.386676 -0.994508 0.10465 0.001323 -0.491625 -0.103585 -0.982423 -0.155289 0.441023 
1530556983463 -0.0149518 -0.154573 0.987868 0.386677 -0.994508 0.10465 0.0013225 -0.491625 -0.103585 -0.982423 -0.155289 0.441023 
1530556983479 -0.0149518 -0.154573 0.987868 0.386677 -0.994508 0.10465 0.00132247 -0.491625 -0.103585 -0.982423 -0.155289 0.441023 
1530556983496 -0.0149518 -0.154573 0.987868 0.386677 -0.994508 0.10465 0.00132242 -0.491625 -0.103585 -0.982423 -0.155289 0.441023 
1530556983513 -0.0149519 -0.154573 0.987868 0.386677 -0.994508 0.104651 0.0013224 -0.491625 -0.103585 -0.982423 -0.155289 0.441023 
1530556983529 -0.0149519 -0.154573 0.987868 0.386677 -0.994508 0.10465 0.00132238 -0.491625 -0.103585 -0.982423 -0.155289 0.441023 
1530556983546 -0.0149517 -0.154573 0.987868 0.386677 -0.994508 0.10465 0.00132252 -0.491625 -0.103585 -0.982423 -0.155289 0.441023 
1530556983563 -0.0149519 -0.154573 0.987868 0.386677 -0.994508 0.10465 0.00132234 -0.491625 -0.103585 -0.982423 -0.155289 0.441023 
1530556983579 -0.0149519 -0.154573 0.987868 0.386677 -0.994508 0.10465 0.00132234 -0.491625 -0.103585 -0.982423 -0.155289 0.441023 
1530556983596 -0.0149519 -0.154573 0.987868 0.386677 -0.994508 0.10465 0.00132232 -0.491625 -0.103585 -0.982423 -0.155289 0.441023 
1530556983613 -0.0149521 -0.154573 0.987868 0.386677 -0.994508 0.10465 0.00132222 -0.491625 -0.103585 -0.982423 -0.155289 0.441023 
1530556983739 -0.0149522 -0.154573 0.987868 0.386677 -0.994508 0.10465 0.0013221 -0.491625 -0.103585 -0.982423 -0.155289 0.441023 
1530556983764 -0.0149522 -0.154573 0.987868 0.386677 -0.994508 0.10465 0.00132204 -0.491625 -0.103585 -0.982423 -0.155289 0.441023 
1530556983781 -0.0149522 -0.154573 0.987868 0.386677 -0.994508 0.10465 0.00132206 -0.491625 -0.103585 -0.982423 -0.155289 0.441023 
1530556983797 -0.0149524 -0.154573 0.987868 0.386677 -0.994508 0.10465 0.00132186 -0.491625 -0.103585 -0.982423 -0.155289 0.441023 
1530556983816 -0.0149524 -0.154573 0.987868 0.386677 -0.994508 0.10465 0.00132188 -0.491625 -0.103585 -0.982423 -0.155289 0.441023 
1530556983831 -0.0149527 -0.154573 0.987868 0.386677 -0.994508 0.10465 0.00132159 -0.491625 -0.103585 -0.982423 -0.155289 0.441023 
1530556983847 -0.0149527 -0.154573 0.987868 0.386677 -0.994508 0.10465 0.00132163 -0.491625 -0.103585 -0.982423 -0.155289 0.441023 
1530556983864 -0.0149526 -0.154573 0.987868 0.386677 -0.994508 0.10465 0.00132167 -0.491625 -0.103585 -0.982423 -0.155289 0.441023 
1530556983881 -0.0149527 -0.154573 0.987868 0.386677 -0.994508 0.10465 0.00132157 -0.491625 -0.103585 -0.982423 -0.155289 0.441023 
1530556983897 -0.0149525 -0.154573 0.987868 0.386677 -0.994508 0.10465 0.00132177 -0.491625 -0.103585 -0.982423 -0.155289 0.441023 
1530556984047 -0.0149529 -0.154573 0.987868 0.386677 -0.994508 0.10465 0.0013214 -0.491625 -0.103585 -0.982423 -0.155289 0.441023 
1530556984065 -0.0149528 -0.154573 0.987868 0.386677 -0.994508 0.10465 0.00132143 -0.491625 -0.103585 -0.982423 -0.155289 0.441023 
1530556984081 -0.0149529 -0.154573 0.987868 0.386677 -0.994508 0.10465 0.00132137 -0.491625 -0.103585 -0.982423 -0.155289 0.441023 
1530556984097 -0.0149527 -0.154573 0.987868 0.386677 -0.994508 0.10465 0.00132156 -0.491625 -0.103585 -0.982423 -0.155289 0.441023 
1530556984114 -0.0149528 -0.154573 0.987868 0.386677 -0.994508 0.10465 0.0013215 -0.491625 -0.103585 -0.982423 -0.155289 0.441023 
1530556984131 -0.0149529 -0.154573 0.987868 0.386677 -0.994508 0.10465 0.00132126 -0.491625 -0.103585 -0.982423 -0.155289 0.441023 
1530556984147 -0.0149529 -0.154573 0.987868 0.386677 -0.994508 0.10465 0.0013214 -0.491625 -0.103585 -0.982423 -0.155289 0.441023 
1530556984169 -0.0149531 -0.154573 0.987868 0.386677 -0.994508 0.10465 0.00132114 -0.491625 -0.103585 -0.982423 -0.155289 0.441023 
1530556984186 -0.0149532 -0.154573 0.987868 0.386677 -0.994508 0.10465 0.00132108 -0.491625 -0.103585 -0.982423 -0.155289 0.441023 
1530556984202 -0.0149533 -0.154573 0.987868 0.386677 -0.994508 0.10465 0.001321 -0.491625 -0.103585 -0.982423 -0.155289 0.441023 
1530556984352 -0.0149531 -0.154573 0.987868 0.386677 -0.994508 0.10465 0.00132113 -0.491625 -0.103584 -0.982423 -0.155289 0.441023 
1530556984369 -0.0149531 -0.154573 0.987868 0.386677 -0.994508 0.10465 0.00132108 -0.491625 -0.103584 -0.982423 -0.155289 0.441023 
1530556984386 -0.0149534 -0.154573 0.987868 0.386677 -0.994508 0.10465 0.0013209 -0.491625 -0.103585 -0.982423 -0.155289 0.441023 
1530556984402 -0.014953 -0.154573 0.987868 0.386677 -0.994508 0.10465 0.00132116 -0.491625 -0.103584 -0.982423 -0.155289 0.441023 
1530556984419 -0.0149531 -0.154573 0.987868 0.386677 -0.994508 0.104649 0.00132101 -0.491625 -0.103584 -0.982423 -0.155289 0.441023 
1530556984436 -0.0149532 -0.154573 0.987868 0.386677 -0.994508 0.10465 0.00132089 -0.491625 -0.103584 -0.982423 -0.155289 0.441023 
1530556984452 -0.0149536 -0.154573 0.987868 0.386677 -0.994508 0.104651 0.00132074 -0.491625 -0.103585 -0.982423 -0.155289 0.441023 
1530556984469 -0.0149535 -0.154573 0.987868 0.386677 -0.994508 0.10465 0.00132074 -0.491625 -0.103585 -0.982423 -0.155289 0.441023 
1530556984486 -0.0149533 -0.154573 0.987868 0.386677 -0.994508 0.10465 0.00132086 -0.491625 -0.103584 -0.982423 -0.155289 0.441023 
1530556984502 -0.0149533 -0.154573 0.987868 0.386677 -0.994508 0.10465 0.00132089 -0.491625 -0.103585 -0.982423 -0.155289 0.441023 
1530556984629 -0.0149536 -0.154573 0.987868 0.386677 -0.994508 0.10465 0.00132059 -0.491625 -0.103585 -0.982423 -0.155289 0.441023 
1530556984646 -0.0149536 -0.154573 0.987868 0.386677 -0.994508 0.10465 0.00132061 -0.491625 -0.103584 -0.982423 -0.155289 0.441023 
1530556984663 -0.0149536 -0.154573 0.987868 0.386677 -0.994508 0.104649 0.00132049 -0.491625 -0.103584 -0.982423 -0.155289 0.441023 
1530556984679 -0.0149537 -0.154573 0.987868 0.386677 -0.994508 0.10465 0.00132043 -0.491625 -0.103584 -0.982423 -0.155289 0.441023 
1530556984696 -0.014954 -0.154573 0.987868 0.386677 -0.994508 0.10465 0.00132026 -0.491625 -0.103585 -0.982423 -0.155289 0.441023 
1530556984712 -0.0149538 -0.154573 0.987868 0.386677 -0.994508 0.10465 0.0013204 -0.491625 -0.103584 -0.982423 -0.155289 0.441023 
1530556984729 -0.0149536 -0.154573 0.987868 0.386677 -0.994508 0.104649 0.00132054 -0.491625 -0.103584 -0.982423 -0.155289 0.441023 
1530556984746 -0.0149538 -0.154573 0.987868 0.386677 -0.994508 0.10465 0.00132036 -0.491625 -0.103584 -0.982423 -0.155289 0.441023 
1530556984762 -0.0149537 -0.154573 0.987868 0.386677 -0.994508 0.10465 0.00132042 -0.491625 -0.103584 -0.982423 -0.155289 0.441023 
1530556984779 -0.0149537 -0.154573 0.987868 0.386677 -0.994508 0.10465 0.00132041 -0.491625 -0.103584 -0.982423 -0.155289 0.441023 
1530556984909 -0.0149539 -0.154573 0.987868 0.386677 -0.994508 0.10465 0.00132024 -0.491625 -0.103584 -0.982423 -0.155289 0.441023 
1530556984926 -0.0149541 -0.154573 0.987868 0.386677 -0.994508 0.10465 0.00132009 -0.491625 -0.103584 -0.982423 -0.155289 0.441023 
1530556984942 -0.0149542 -0.154573 0.987868 0.386677 -0.994508 0.10465 0.00131998 -0.491625 -0.103584 -0.982423 -0.155289 0.441023 
1530556984959 -0.0149542 -0.154573 0.987868 0.386677 -0.994508 0.10465 0.00131998 -0.491625 -0.103584 -0.982423 -0.155289 0.441023 
1530556984976 -0.014954 -0.154573 0.987868 0.386677 -0.994508 0.104649 0.00132009 -0.491625 -0.103584 -0.982423 -0.155289 0.441023 
1530556984992 -0.014954 -0.154573 0.987868 0.386677 -0.994508 0.104649 0.00132007 -0.491625 -0.103584 -0.982423 -0.155289 0.441023 
1530556985009 -0.0149543 -0.154573 0.987868 0.386677 -0.994508 0.10465 0.00131991 -0.491625 -0.103584 -0.982423 -0.155289 0.441023 
1530556985026 -0.0149542 -0.154573 0.987868 0.386677 -0.994508 0.10465 0.00131997 -0.491625 -0.103584 -0.982423 -0.155289 0.441023 
1530556985042 -0.0149543 -0.154573 0.987868 0.386677 -0.994508 0.104649 0.00131985 -0.491625 -0.103584 -0.982423 -0.155289 0.441023 
1530556985061 -0.0149543 -0.154573 0.987868 0.386677 -0.994508 0.104649 0.00131983 -0.491625 -0.103584 -0.982423 -0.155289 0.441023 
1530556985189 -0.0149545 -0.154573 0.987868 0.386677 -0.994508 0.10465 0.00131966 -0.491625 -0.103584 -0.982423 -0.155289 0.441023 
1530556985206 -0.0149546 -0.154573 0.987868 0.386677 -0.994508 0.10465 0.00131957 -0.491625 -0.103584 -0.982423 -0.155289 0.441023 
1530556985222 -0.0149543 -0.154573 0.987868 0.386678 -0.994508 0.104649 0.00131978 -0.491625 -0.103584 -0.982423 -0.155289 0.441023 
1530556985239 -0.0149545 -0.154573 0.987868 0.386678 -0.994508 0.104649 0.0013196 -0.491625 -0.103584 -0.982423 -0.155289 0.441023 
1530556985262 -0.0149545 -0.154573 0.987868 0.386677 -0.994508 0.104649 0.00131961 -0.491625 -0.103584 -0.982423 -0.155289 0.441023 
1530556985278 -0.0149544 -0.154573 0.987868 0.386677 -0.994508 0.10465 0.00131973 -0.491625 -0.103584 -0.982423 -0.155289 0.441023 
1530556985295 -0.0149545 -0.154573 0.987868 0.386677 -0.994508 0.10465 0.00131964 -0.491625 -0.103584 -0.982423 -0.155289 0.441023 
1530556985312 -0.0149546 -0.154573 0.987868 0.386677 -0.994508 0.104649 0.00131947 -0.491625 -0.103584 -0.982423 -0.155289 0.441023 
1530556985328 -0.0149546 -0.154573 0.987868 0.386677 -0.994508 0.10465 0.00131954 -0.491625 -0.103584 -0.982423 -0.155289 0.441023 
1530556985345 -0.0149546 -0.154573 0.987868 0.386677 -0.994508 0.10465 0.00131949 -0.491625 -0.103584 -0.982423 -0.155289 0.441023 
1530556985513 -0.0149546 -0.154573 0.987868 0.386678 -0.994508 0.104649 0.00131955 -0.491625 -0.103584 -0.982423 -0.155289 0.441023 
1530556985529 -0.0149548 -0.154573 0.987868 0.386678 -0.994508 0.104649 0.00131931 -0.491625 -0.103584 -0.982423 -0.155289 0.441023 
1530556985547 -0.0149547 -0.154573 0.987868 0.386678 -0.994508 0.104649 0.00131935 -0.491625 -0.103584 -0.982423 -0.155289 0.441023 
1530556985563 -0.0149549 -0.154573 0.987868 0.386678 -0.994508 0.10465 0.00131925 -0.491625 -0.103584 -0.982423 -0.155289 0.441023 
1530556985579 -0.0149549 -0.154573 0.987868 0.386677 -0.994508 0.104649 0.00131921 -0.491625 -0.103584 -0.982423 -0.155289 0.441023 
1530556985596 -0.0149551 -0.154573 0.987868 0.386678 -0.994508 0.104649 0.00131905 -0.491625 -0.103584 -0.982423 -0.155289 0.441023 
1530556985613 -0.0149552 -0.154573 0.987868 0.386677 -0.994508 0.10465 0.00131902 -0.491625 -0.103584 -0.982423 -0.155289 0.441023 
1530556985629 -0.0149549 -0.154573 0.987868 0.386678 -0.994508 0.104649 0.00131921 -0.491625 -0.103584 -0.982423 -0.155289 0.441023 
1530556985646 -0.0149549 -0.154573 0.987868 0.386678 -0.994508 0.104649 0.0013192 -0.491625 -0.103583 -0.982423 -0.155289 0.441023 
1530556985663 -0.0149549 -0.154573 0.987868 0.386678 -0.994508 0.104649 0.00131916 -0.491625 -0.103584 -0.982423 -0.155289 0.441023 
1530556985813 -0.0149552 -0.154573 0.987868 0.386678 -0.994508 0.104649 0.00131895 -0.491625 -0.103584 -0.982423 -0.155289 0.441023 
1530556985829 -0.0149553 -0.154573 0.987868 0.386678 -0.994508 0.104649 0.00131879 -0.491625 -0.103584 -0.982423 -0.155289 0.441023 
1530556985846 -0.0149553 -0.154573 0.987868 0.386678 -0.994508 0.104649 0.00131875 -0.491625 -0.103584 -0.982423 -0.155289 0.441023 
1530556985868 -0.0149554 -0.154573 0.987868 0.386678 -0.994508 0.104649 0.00131866 -0.491625 -0.103584 -0.982423 -0.155289 0.441023 
1530556985885 -0.0149556 -0.154573 0.987868 0.386678 -0.994508 0.104649 0.00131853 -0.491625 -0.103584 -0.982423 -0.155289 0.441023 
1530556985902 -0.0149556 -0.154573 0.987868 0.386678 -0.994508 0.10465 0.00131859 -0.491625 -0.103584 -0.982423 -0.155289 0.441023 
1530556985918 -0.0149554 -0.154573 0.987868 0.386678 -0.994508 0.104649 0.00131874 -0.491625 -0.103584 -0.982423 -0.155289 0.441023 
1530556985935 -0.0149553 -0.154573 0.987868 0.386678 -0.994508 0.104649 0.00131879 -0.491625 -0.103583 -0.982423 -0.155289 0.441023 
