1533669649612 0.205505 0.692581 -0.691448 -0.504296 -0.973832 0.214781 -0.0742994 -0.218865 0.0970513 0.688623 0.718596 0.438674 
1533669667215 0.205501 0.692575 -0.691455 -0.504296 -0.973832 0.214782 -0.0742941 -0.218864 0.0970577 0.688628 0.718589 0.438671 
1533669667896 0.181422 0.668172 -0.721549 -0.520363 -0.976091 0.211674 -0.0494065 -0.219928 0.119721 0.71326 0.690599 0.44208 
1533669668591 0.155415 0.642327 -0.750508 -0.536802 -0.977641 0.208952 -0.0236164 -0.220915 0.141651 0.737397 0.66044 0.445682 
1533669669308 0.128204 0.615391 -0.777726 -0.553329 -0.978375 0.206827 0.00237556 -0.221858 0.162317 0.760603 0.628599 0.449278 
1533669670038 0.10029 0.587367 -0.803083 -0.569815 -0.978163 0.205885 0.0284282 -0.222779 0.18204 0.782695 0.595189 0.452796 
1533669670784 0.0716488 0.558462 -0.82643 -0.586223 -0.977071 0.205847 0.054393 -0.223742 0.200495 0.803584 0.560406 0.456332 
1533669671552 0.0421731 0.528647 -0.847794 -0.602712 -0.975109 0.206655 0.0803543 -0.224593 0.21768 0.823302 0.524203 0.459924 
1533669672343 0.0121969 0.498024 -0.867077 -0.619075 -0.972195 0.208708 0.1062 -0.225397 0.233856 0.841673 0.486722 0.463468 
