1535171895091 0.229859 0.923286 -0.307748 -0.602262 -0.939074 0.293444 0.178971 -0.232823 0.255548 0.24786 0.934484 0.390111 
1535171905473 0.229859 0.923286 -0.307748 -0.602262 -0.939074 0.293444 0.178971 -0.232823 0.255548 0.24786 0.934484 0.390111 
1535171905858 0.231461 0.92247 -0.308989 -0.60234 -0.93824 0.295627 0.17975 -0.232794 0.25716 0.248301 0.933925 0.390253 
1535171906326 0.238709 0.918432 -0.315436 -0.602547 -0.934365 0.305713 0.183034 -0.232996 0.264538 0.251041 0.931128 0.390421 
1535171906862 0.24 0.917675 -0.316659 -0.602591 -0.933677 0.307515 0.183527 -0.233055 0.265796 0.251611 0.930615 0.390391 
1535171906882 0.240748 0.917232 -0.317375 -0.602639 -0.933233 0.308601 0.183959 -0.233035 0.266675 0.251897 0.930286 0.390486 
1535171906903 0.240748 0.917232 -0.317375 -0.602639 -0.933233 0.308601 0.183959 -0.233035 0.266675 0.251897 0.930286 0.390486 
1535171907074 0.240708 0.917419 -0.316864 -0.602599 -0.933468 0.308248 0.183359 -0.23303 0.26589 0.251647 0.930579 0.390407 
1535171907221 0.241134 0.917806 -0.315416 -0.602709 -0.934024 0.307731 0.181388 -0.232893 0.263542 0.250867 0.931456 0.390352 
1535171907354 0.241832 0.917781 -0.314953 -0.60276 -0.934078 0.308076 0.180523 -0.232805 0.26271 0.250534 0.931781 0.390321 
1535171907419 0.243308 0.917875 -0.313539 -0.602777 -0.93428 0.308635 0.178512 -0.232765 0.26062 0.249499 0.932645 0.390341 
1535171907877 0.241782 0.917977 -0.314421 -0.602692 -0.934492 0.30754 0.179286 -0.23284 0.261277 0.250476 0.9322 0.390435 
1535171907915 0.241782 0.917977 -0.314421 -0.602692 -0.934492 0.30754 0.179286 -0.23284 0.261277 0.250476 0.9322 0.390435 
1535171908129 0.242014 0.918036 -0.31407 -0.602664 -0.934523 0.307604 0.179018 -0.232911 0.260954 0.250181 0.932369 0.390466 
1535171908414 0.242069 0.918494 -0.312684 -0.602719 -0.935012 0.306903 0.17766 -0.232704 0.259143 0.249357 0.933095 0.39046 
1535171908441 0.242069 0.918494 -0.312684 -0.602719 -0.935012 0.306903 0.17766 -0.232704 0.259143 0.249357 0.933095 0.39046 
1535171908451 0.242069 0.918494 -0.312684 -0.602719 -0.935012 0.306903 0.17766 -0.232704 0.259143 0.249357 0.933095 0.39046 
1535171908633 0.242299 0.91879 -0.311633 -0.602682 -0.93533 0.306555 0.176587 -0.232641 0.257779 0.248693 0.93365 0.390467 
1535171908759 0.242299 0.91879 -0.311633 -0.602682 -0.93533 0.306555 0.176587 -0.232641 0.257779 0.248693 0.93365 0.390467 
1535171908809 0.242899 0.918913 -0.310804 -0.602735 -0.934928 0.307199 0.177589 -0.232826 0.258668 0.247443 0.933736 0.390323 
1535171908876 0.242893 0.919381 -0.309421 -0.602866 -0.935007 0.306852 0.177776 -0.232559 0.25839 0.24613 0.93416 0.390173 
1535171908940 0.242893 0.919381 -0.309421 -0.602866 -0.935007 0.306852 0.177776 -0.232559 0.25839 0.24613 0.93416 0.390173 
1535171909017 0.24372 0.919585 -0.308162 -0.602873 -0.934805 0.307379 0.177926 -0.232774 0.25834 0.244707 0.934547 0.390171 
1535171909034 0.243836 0.919644 -0.307894 -0.602885 -0.934791 0.307422 0.177927 -0.232787 0.258283 0.244431 0.934635 0.390152 
1535171909059 0.243882 0.919727 -0.307609 -0.602885 -0.934811 0.307379 0.177893 -0.232772 0.258165 0.244172 0.934736 0.390128 
1535171909252 0.243349 0.919686 -0.308155 -0.60296 -0.934955 0.306975 0.177834 -0.232577 0.258147 0.244836 0.934567 0.390109 
1535171909276 0.242817 0.919734 -0.308432 -0.602886 -0.935077 0.30654 0.177942 -0.232563 0.258206 0.2452 0.934455 0.390247 
1535171909292 0.242789 0.919721 -0.308492 -0.602886 -0.935084 0.306526 0.177931 -0.232568 0.258207 0.245266 0.934438 0.390237 
1535171909312 0.242789 0.919721 -0.308492 -0.602886 -0.935084 0.306526 0.177931 -0.232568 0.258207 0.245266 0.934438 0.390237 
1535171909333 0.242789 0.919721 -0.308492 -0.602886 -0.935084 0.306526 0.177931 -0.232568 0.258207 0.245266 0.934438 0.390237 
1535171909433 0.242789 0.919721 -0.308492 -0.602886 -0.935084 0.306526 0.177931 -0.232568 0.258207 0.245266 0.934438 0.390237 
1535171909488 0.242397 0.919714 -0.30882 -0.602913 -0.934969 0.306424 0.17871 -0.232513 0.258992 0.245419 0.93418 0.390085 
1535171909522 0.242397 0.919714 -0.30882 -0.602913 -0.934969 0.306424 0.17871 -0.232513 0.258992 0.245419 0.93418 0.390085 
1535171909633 0.241097 0.919616 -0.310129 -0.602829 -0.934603 0.306113 0.181142 -0.23283 0.261515 0.246174 0.933278 0.390344 
1535171909653 0.240664 0.919627 -0.310431 -0.60283 -0.934628 0.305845 0.181465 -0.232798 0.261824 0.246465 0.933115 0.390328 
1535171909670 0.240403 0.919621 -0.31065 -0.602824 -0.934603 0.305728 0.181791 -0.232775 0.262153 0.246632 0.932978 0.390341 
1535171909690 0.240403 0.919621 -0.31065 -0.602824 -0.934603 0.305728 0.181791 -0.232775 0.262153 0.246632 0.932978 0.390341 
1535171909815 0.239896 0.919492 -0.311423 -0.602763 -0.934381 0.305733 0.182921 -0.232842 0.263406 0.247106 0.9325 0.390477 
1535171909853 0.239896 0.919492 -0.311423 -0.602763 -0.934381 0.305733 0.182921 -0.232842 0.263406 0.247106 0.9325 0.390477 
1535171910012 0.238697 0.91883 -0.314285 -0.602665 -0.934241 0.305592 0.183869 -0.232831 0.264987 0.249728 0.931352 0.390605 
1535171910337 0.238697 0.91883 -0.314285 -0.602665 -0.934241 0.305592 0.183869 -0.232831 0.264987 0.249728 0.931352 0.390605 
1535171910569 0.241713 0.921941 -0.302654 -0.603139 -0.934857 0.304839 0.181979 -0.232893 0.260035 0.238951 0.935566 0.389668 
1535171910889 0.241713 0.921941 -0.302654 -0.603139 -0.934857 0.304839 0.181979 -0.232893 0.260035 0.238951 0.935566 0.389668 
1535171911120 0.244428 0.925182 -0.290333 -0.603822 -0.935612 0.303678 0.180025 -0.232823 0.254723 0.227636 0.939839 0.388556 
1535171911447 0.248568 0.929671 -0.271893 -0.604708 -0.936613 0.302249 0.177203 -0.232912 0.24692 0.210611 0.945872 0.386954 
1535171911676 0.248568 0.929671 -0.271893 -0.604708 -0.936613 0.302249 0.177203 -0.232912 0.24692 0.210611 0.945872 0.386954 
1535171911876 0.250912 0.93275 -0.258882 -0.605442 -0.937391 0.300856 0.175452 -0.232692 0.241539 0.198651 0.94984 0.385812 
1535171912154 0.250912 0.93275 -0.258882 -0.605442 -0.937391 0.300856 0.175452 -0.232692 0.241539 0.198651 0.94984 0.385812 
1535171912341 0.249437 0.931364 -0.265223 -0.605103 -0.937451 0.300912 0.175034 -0.232678 0.242829 0.204973 0.948167 0.386348 
1535171912605 0.248321 0.929619 -0.272296 -0.604647 -0.937332 0.301527 0.174612 -0.232774 0.244428 0.211872 0.946237 0.386957 
1535171912863 0.247034 0.927986 -0.278956 -0.604284 -0.937314 0.301862 0.174133 -0.232842 0.245799 0.218453 0.944384 0.387605 
1535171913116 0.247034 0.927986 -0.278956 -0.604284 -0.937314 0.301862 0.174133 -0.232842 0.245799 0.218453 0.944384 0.387605 
1535171913353 0.244902 0.925212 -0.289839 -0.603573 -0.937318 0.302372 0.173225 -0.232944 0.247909 0.229248 0.941269 0.388715 
1535171913546 0.244083 0.924445 -0.29296 -0.603529 -0.937167 0.302516 0.173788 -0.232804 0.249283 0.232134 0.940198 0.388886 
1535171913715 0.244083 0.924445 -0.29296 -0.603529 -0.937167 0.302516 0.173788 -0.232804 0.249283 0.232134 0.940198 0.388886 
1535171913743 0.244083 0.924445 -0.29296 -0.603529 -0.937167 0.302516 0.173788 -0.232804 0.249283 0.232134 0.940198 0.388886 
1535171913801 0.243143 0.923173 -0.297713 -0.603369 -0.936872 0.303023 0.174494 -0.232668 0.251302 0.236492 0.938573 0.389219 
1535171914086 0.242024 0.92186 -0.302652 -0.603191 -0.936602 0.303427 0.175239 -0.232561 0.253379 0.241052 0.936853 0.389528 
1535171914098 0.241916 0.921732 -0.303128 -0.603122 -0.936555 0.303485 0.175388 -0.232557 0.253656 0.241467 0.936671 0.389614 
1535171914248 0.241916 0.921732 -0.303128 -0.603122 -0.936555 0.303485 0.175388 -0.232557 0.253656 0.241467 0.936671 0.389614 
1535171914313 0.241916 0.921732 -0.303128 -0.603122 -0.936555 0.303485 0.175388 -0.232557 0.253656 0.241467 0.936671 0.389614 
1535171914441 0.241916 0.921732 -0.303128 -0.603122 -0.936555 0.303485 0.175388 -0.232557 0.253656 0.241467 0.936671 0.389614 
1535171914484 0.241916 0.921732 -0.303128 -0.603122 -0.936555 0.303485 0.175388 -0.232557 0.253656 0.241467 0.936671 0.389614 
1535171914564 0.245867 0.925508 -0.28807 -0.603851 -0.936896 0.303115 0.174204 -0.23275 0.248546 0.227061 0.941631 0.388367 
1535171914628 0.245867 0.925508 -0.28807 -0.603851 -0.936896 0.303115 0.174204 -0.23275 0.248546 0.227061 0.941631 0.388367 
1535171915312 0.252453 0.933103 -0.256099 -0.605657 -0.937988 0.300985 0.172009 -0.23246 0.237584 0.196794 0.951223 0.38536 
1535171915330 0.252453 0.933103 -0.256099 -0.605657 -0.937988 0.300985 0.172009 -0.23246 0.237584 0.196794 0.951223 0.38536 
1535171915515 0.252198 0.932348 -0.259083 -0.605464 -0.937819 0.301488 0.172049 -0.232566 0.23852 0.199582 0.950408 0.385683 
1535171915704 0.252198 0.932348 -0.259083 -0.605464 -0.937819 0.301488 0.172049 -0.232566 0.23852 0.199582 0.950408 0.385683 
1535171915737 0.252198 0.932348 -0.259083 -0.605464 -0.937819 0.301488 0.172049 -0.232566 0.23852 0.199582 0.950408 0.385683 
1535171915833 0.252198 0.932348 -0.259083 -0.605464 -0.937819 0.301488 0.172049 -0.232566 0.23852 0.199582 0.950408 0.385683 
1535171915899 0.252198 0.932348 -0.259083 -0.605464 -0.937819 0.301488 0.172049 -0.232566 0.23852 0.199582 0.950408 0.385683 
1535171915969 0.249145 0.928931 -0.273887 -0.604714 -0.937778 0.302029 0.171318 -0.232324 0.241865 0.214163 0.94638 0.386921 
1535171916160 0.249173 0.928535 -0.2752 -0.604559 -0.937668 0.302389 0.171287 -0.232386 0.242263 0.215366 0.946005 0.387109 
1535171916441 0.248406 0.928108 -0.277326 -0.604544 -0.937557 0.302329 0.171997 -0.232385 0.243475 0.217284 0.945255 0.387272 
1535171916781 0.247146 0.927067 -0.281897 -0.604318 -0.937387 0.302427 0.172754 -0.23227 0.245407 0.221551 0.943764 0.38763 
1535171917050 0.245923 0.925283 -0.288745 -0.603984 -0.936898 0.30328 0.173907 -0.23243 0.248484 0.227757 0.941479 0.388201 
1535171917242 0.244822 0.924129 -0.293337 -0.603674 -0.936636 0.303605 0.17475 -0.232498 0.250551 0.231968 0.939902 0.388689 
1535171917268 0.244822 0.924129 -0.293337 -0.603674 -0.936636 0.303605 0.17475 -0.232498 0.250551 0.231968 0.939902 0.388689 
1535171917524 0.244158 0.923397 -0.296183 -0.603591 -0.936673 0.303638 0.174494 -0.232435 0.25106 0.234822 0.939057 0.388829 
1535171917777 0.244066 0.92287 -0.297898 -0.603453 -0.936531 0.30403 0.174571 -0.232487 0.251676 0.236384 0.9385 0.389103 
1535171918088 0.242773 0.921428 -0.303366 -0.603234 -0.936566 0.304122 0.174223 -0.232343 0.252794 0.241826 0.936811 0.389529 
1535171918351 0.242146 0.920287 -0.307307 -0.603018 -0.936556 0.304438 0.173724 -0.232443 0.253432 0.245743 0.935619 0.389768 
1535171918404 0.241699 0.919797 -0.30912 -0.602936 -0.936503 0.304521 0.173864 -0.232305 0.254053 0.247469 0.934995 0.390098 
1535171918439 0.241615 0.919701 -0.309472 -0.602931 -0.936512 0.30452 0.173816 -0.232295 0.254099 0.247827 0.934888 0.390107 
1535171918726 0.241653 0.919415 -0.31029 -0.602902 -0.936067 0.305135 0.175135 -0.232368 0.255702 0.24813 0.93437 0.390209 
1535171918746 0.241653 0.919415 -0.31029 -0.602902 -0.936067 0.305135 0.175135 -0.232368 0.255702 0.24813 0.93437 0.390209 
1535171918765 0.241427 0.919189 -0.311133 -0.602777 -0.935743 0.305453 0.176308 -0.232427 0.257096 0.248575 0.933869 0.390332 
1535171918959 0.241821 0.918873 -0.31176 -0.602835 -0.935929 0.305666 0.174945 -0.23236 0.256047 0.24948 0.933916 0.390319 
1535171919180 0.241629 0.91872 -0.31236 -0.60278 -0.935988 0.305589 0.174763 -0.232284 0.256012 0.250138 0.93375 0.390374 
1535171919197 0.241629 0.91872 -0.31236 -0.60278 -0.935988 0.305589 0.174763 -0.232284 0.256012 0.250138 0.93375 0.390374 
1535171919368 0.241915 0.918328 -0.313289 -0.602672 -0.935835 0.306113 0.174663 -0.232346 0.2563 0.250934 0.933457 0.390537 
1535171919572 0.242088 0.91815 -0.313679 -0.602651 -0.935718 0.306421 0.174749 -0.232291 0.256564 0.25121 0.93331 0.390672 
1535171919769 0.242626 0.917957 -0.313827 -0.602608 -0.935542 0.306995 0.174686 -0.232412 0.256698 0.251215 0.933272 0.390669 
1535171920088 0.242532 0.918078 -0.313546 -0.602642 -0.935582 0.306838 0.17475 -0.232416 0.256642 0.250965 0.933355 0.390629 
1535171920106 0.242469 0.918225 -0.313163 -0.602726 -0.935691 0.306614 0.174557 -0.232264 0.256303 0.2507 0.933519 0.390434 
1535171920122 0.242473 0.918225 -0.313161 -0.602726 -0.935689 0.306618 0.174558 -0.232265 0.256304 0.250696 0.93352 0.390434 
1535171920308 0.242523 0.918218 -0.313142 -0.60271 -0.935628 0.306709 0.174726 -0.232288 0.25648 0.25061 0.933495 0.390529 
1535171920472 0.24205 0.918123 -0.313787 -0.602633 -0.935707 0.306427 0.174799 -0.232453 0.25664 0.251303 0.933264 0.390675 
1535171920514 0.242718 0.91817 -0.313131 -0.602696 -0.935659 0.306812 0.174379 -0.232317 0.256182 0.250659 0.933563 0.390551 
1535171920528 0.242718 0.91817 -0.313131 -0.602696 -0.935659 0.306812 0.174379 -0.232317 0.256182 0.250659 0.933563 0.390551 
1535171920701 0.241744 0.918127 -0.314012 -0.602659 -0.935549 0.306413 0.17567 -0.232441 0.257504 0.251306 0.933026 0.390752 
1535171920867 0.241169 0.918181 -0.314294 -0.602636 -0.935191 0.306415 0.177558 -0.23251 0.259335 0.251104 0.932573 0.39094 
1535171921154 0.241078 0.918547 -0.313294 -0.602644 -0.935211 0.306139 0.177932 -0.232641 0.25935 0.2501 0.932838 0.390776 
1535171921175 0.241078 0.918547 -0.313294 -0.602644 -0.935211 0.306139 0.177932 -0.232641 0.25935 0.2501 0.932838 0.390776 
1535171921192 0.241078 0.918547 -0.313294 -0.602644 -0.935211 0.306139 0.177932 -0.232641 0.25935 0.2501 0.932838 0.390776 
1535171921208 0.241078 0.918547 -0.313294 -0.602644 -0.935211 0.306139 0.177932 -0.232641 0.25935 0.2501 0.932838 0.390776 
1535171921318 0.240925 0.918667 -0.313058 -0.602645 -0.935075 0.306118 0.178681 -0.2327 0.259981 0.249684 0.932774 0.390785 
1535171921554 0.241156 0.918585 -0.313123 -0.602665 -0.935093 0.306274 0.178318 -0.232667 0.259702 0.249796 0.932822 0.390839 
1535171921574 0.241156 0.918585 -0.313123 -0.602665 -0.935093 0.306274 0.178318 -0.232667 0.259702 0.249796 0.932822 0.390839 
1535171921725 0.241042 0.918722 -0.312807 -0.602721 -0.935029 0.306195 0.17879 -0.232662 0.260039 0.249387 0.932838 0.390731 
1535171922012 0.241503 0.918881 -0.311985 -0.602662 -0.934892 0.306488 0.179005 -0.232818 0.260104 0.248442 0.933072 0.390801 
1535171922032 0.240951 0.919137 -0.311656 -0.602761 -0.934994 0.305941 0.179408 -0.232708 0.260249 0.248168 0.933104 0.390568 
1535171922200 0.241154 0.919061 -0.311725 -0.602746 -0.93507 0.306023 0.178869 -0.23273 0.259786 0.24835 0.933185 0.390639 
1535171922396 0.241499 0.918877 -0.312 -0.602697 -0.935049 0.306338 0.178441 -0.232801 0.259543 0.248642 0.933175 0.390774 
1535171922737 0.241211 0.918878 -0.312218 -0.602701 -0.935058 0.306171 0.17868 -0.232721 0.259777 0.248842 0.933056 0.390685 
1535171922757 0.241211 0.918878 -0.312218 -0.602701 -0.935058 0.306171 0.17868 -0.232721 0.259777 0.248842 0.933056 0.390685 
1535171922944 0.241247 0.918868 -0.312219 -0.602674 -0.935017 0.306235 0.178784 -0.232725 0.259892 0.248799 0.933036 0.390737 
1535171923428 0.241356 0.918822 -0.312272 -0.602693 -0.934995 0.306342 0.178713 -0.232778 0.259867 0.248839 0.933032 0.39069 
1535171923448 0.241356 0.918822 -0.312272 -0.602693 -0.934995 0.306342 0.178713 -0.232778 0.259867 0.248839 0.933032 0.39069 
1535171923631 0.241511 0.918734 -0.31241 -0.602694 -0.934933 0.306536 0.178703 -0.232678 0.259946 0.248924 0.932987 0.390804 
1535171924043 0.240938 0.918571 -0.31333 -0.602667 -0.934686 0.306552 0.179967 -0.232827 0.261365 0.249504 0.932436 0.390809 
1535171924277 0.240938 0.918571 -0.31333 -0.602667 -0.934686 0.306552 0.179967 -0.232827 0.261365 0.249504 0.932436 0.390809 
1535171930301 0.240938 0.918571 -0.31333 -0.602667 -0.934686 0.306552 0.179967 -0.232827 0.261365 0.249504 0.932436 0.390809 
1535171930647 0.240214 0.918436 -0.314282 -0.602542 -0.934427 0.30648 0.181428 -0.23289 0.262951 0.250092 0.931832 0.390969 
1535171931144 0.254288 0.920992 -0.295146 -0.60224 -0.933041 0.313931 0.175733 -0.231758 0.254504 0.230697 0.939152 0.388156 
1535171931728 0.257805 0.921536 -0.290359 -0.602214 -0.932502 0.315984 0.174912 -0.231375 0.252936 0.225667 0.940796 0.387337 
1535171932205 0.271528 0.923465 -0.27108 -0.601869 -0.930581 0.323773 0.17085 -0.230185 0.245543 0.205871 0.947273 0.384544 
1535171932544 0.272132 0.923691 -0.269703 -0.601834 -0.930441 0.324066 0.171057 -0.230178 0.245405 0.204393 0.947628 0.384372 
1535171932793 0.273785 0.924273 -0.26601 -0.601745 -0.929823 0.325075 0.172499 -0.230167 0.245909 0.200114 0.948411 0.383844 
1535171933025 0.274022 0.924415 -0.265272 -0.60173 -0.929766 0.325154 0.172655 -0.230155 0.245859 0.19933 0.948589 0.383758 
1535171933045 0.274022 0.924415 -0.265272 -0.60173 -0.929766 0.325154 0.172655 -0.230155 0.245859 0.19933 0.948589 0.383758 
1535171933210 0.274259 0.924406 -0.265058 -0.601763 -0.929653 0.325376 0.172846 -0.230136 0.246023 0.199007 0.948614 0.383621 
1535171933541 0.274966 0.92418 -0.265112 -0.601802 -0.929733 0.32583 0.171555 -0.22995 0.244929 0.199311 0.948833 0.383689 
1535171933566 0.274966 0.92418 -0.265112 -0.601802 -0.929733 0.32583 0.171555 -0.22995 0.244929 0.199311 0.948833 0.383689 
1535171933713 0.274976 0.92426 -0.264825 -0.601805 -0.92986 0.325681 0.17115 -0.229786 0.244436 0.199188 0.948986 0.383667 
1535171934047 0.27506 0.924184 -0.265002 -0.601791 -0.929727 0.325883 0.171487 -0.229908 0.244845 0.19921 0.948876 0.383728 
1535171934067 0.27506 0.924184 -0.265002 -0.601791 -0.929727 0.325883 0.171487 -0.229908 0.244845 0.19921 0.948876 0.383728 
1535171934213 0.275351 0.924121 -0.264918 -0.601834 -0.929756 0.326053 0.171008 -0.229797 0.24441 0.199222 0.948986 0.38366 
1535171934483 0.274915 0.92423 -0.264991 -0.601817 -0.929759 0.32575 0.171564 -0.229816 0.244886 0.199213 0.948865 0.383723 
1535171934497 0.274915 0.92423 -0.264991 -0.601817 -0.929759 0.32575 0.171564 -0.229816 0.244886 0.199213 0.948865 0.383723 
1535171934514 0.275736 0.924077 -0.26467 -0.601846 -0.929819 0.326232 0.170321 -0.22976 0.243734 0.199132 0.949179 0.383615 
1535171934736 0.275607 0.924103 -0.264715 -0.601845 -0.929741 0.326211 0.170786 -0.229726 0.244177 0.199047 0.949083 0.383631 
1535171934920 0.275793 0.924074 -0.264623 -0.601821 -0.929737 0.326331 0.170577 -0.229753 0.243981 0.198986 0.949146 0.383565 
1535171935092 0.275813 0.924084 -0.264567 -0.60182 -0.929778 0.326302 0.170412 -0.229763 0.243804 0.198986 0.949191 0.38358 
1535171935137 0.275813 0.924086 -0.264561 -0.60182 -0.92978 0.326299 0.170406 -0.229762 0.243796 0.198983 0.949194 0.38358 
1535171935312 0.27581 0.924082 -0.264578 -0.601821 -0.929798 0.326285 0.170334 -0.229765 0.243731 0.199025 0.949202 0.383556 
1535171935343 0.275806 0.924034 -0.264748 -0.601836 -0.929882 0.326245 0.169951 -0.229794 0.243413 0.199311 0.949223 0.383556 
1535171935512 0.275699 0.924045 -0.264823 -0.60184 -0.929839 0.326217 0.170241 -0.229735 0.243701 0.199308 0.94915 0.383552 
1535171935714 0.275628 0.923976 -0.265137 -0.601843 -0.930021 0.326075 0.169516 -0.229655 0.243084 0.19986 0.949192 0.38355 
1535171935959 0.275623 0.923866 -0.265524 -0.601791 -0.930106 0.326072 0.169055 -0.229668 0.242764 0.20037 0.949167 0.383617 
1535171936141 0.276047 0.923607 -0.265986 -0.601757 -0.930156 0.326418 0.16811 -0.229676 0.24209 0.201002 0.949205 0.383552 
1535171936393 0.275953 0.923534 -0.266338 -0.601739 -0.930288 0.326305 0.167597 -0.22956 0.241689 0.201522 0.949197 0.383615 
1535171936533 0.275855 0.923456 -0.266709 -0.601718 -0.930372 0.326232 0.167273 -0.229592 0.241478 0.201996 0.94915 0.383649 
1535171937001 0.275913 0.923464 -0.266621 -0.601714 -0.930343 0.326283 0.167339 -0.229608 0.241525 0.201878 0.949163 0.38365 
1535171937020 0.27593 0.923393 -0.266847 -0.601739 -0.930377 0.326307 0.167101 -0.229643 0.241374 0.20216 0.949142 0.383623 
1535171937218 0.2759 0.923426 -0.266765 -0.601729 -0.930333 0.326307 0.167346 -0.229613 0.241579 0.202009 0.949122 0.38362 
1535171937455 0.275826 0.923404 -0.266917 -0.601745 -0.930318 0.326295 0.167453 -0.229586 0.241721 0.202129 0.94906 0.383693 
1535171937605 0.275841 0.92343 -0.266811 -0.601731 -0.930333 0.326274 0.167411 -0.22959 0.241646 0.202044 0.949097 0.383713 
1535171938028 0.275838 0.923427 -0.266825 -0.601733 -0.930331 0.326275 0.167415 -0.229589 0.241654 0.202056 0.949093 0.383714 
1535171938049 0.275938 0.923302 -0.267156 -0.601706 -0.930253 0.326472 0.167469 -0.229691 0.241843 0.202312 0.94899 0.38373 
1535171938229 0.275868 0.923352 -0.267055 -0.601716 -0.93029 0.326373 0.167456 -0.22964 0.24178 0.202243 0.949021 0.383735 
1535171938394 0.275782 0.923341 -0.267181 -0.60174 -0.930276 0.326347 0.167586 -0.229605 0.241933 0.202335 0.948962 0.383817 
1535171938442 0.275752 0.923324 -0.267271 -0.601746 -0.930277 0.32634 0.167592 -0.229599 0.241963 0.202422 0.948936 0.383796 
1535171938646 0.27572 0.923295 -0.267404 -0.60174 -0.930271 0.326347 0.167611 -0.229622 0.242021 0.202545 0.948895 0.383789 
1535171938792 0.275452 0.923363 -0.267446 -0.601703 -0.930307 0.326134 0.167828 -0.22959 0.242189 0.202578 0.948845 0.383904 
1535171939231 0.275488 0.923392 -0.267309 -0.601688 -0.930302 0.326138 0.167844 -0.229599 0.242166 0.202439 0.94888 0.383891 
1535171939251 0.275488 0.923392 -0.267309 -0.601688 -0.930302 0.326138 0.167844 -0.229599 0.242166 0.202439 0.94888 0.383891 
1535171939453 0.275403 0.923341 -0.267571 -0.601715 -0.930232 0.326184 0.168143 -0.22962 0.242531 0.202596 0.948754 0.383809 
1535171939494 0.275387 0.923478 -0.267116 -0.601684 -0.930093 0.326205 0.168868 -0.229614 0.243081 0.201938 0.948753 0.383925 
1535171939677 0.27543 0.923384 -0.267394 -0.601728 -0.930079 0.326299 0.168769 -0.229698 0.243089 0.202213 0.948693 0.383871 
1535171939719 0.275194 0.923495 -0.267257 -0.601731 -0.930027 0.326148 0.169344 -0.229686 0.243553 0.201953 0.948629 0.383833 
1535171939733 0.275194 0.923495 -0.267257 -0.601731 -0.930027 0.326148 0.169344 -0.229686 0.243553 0.201953 0.948629 0.383833 
1535171939756 0.275182 0.923518 -0.267188 -0.601744 -0.929947 0.326193 0.169695 -0.229729 0.243871 0.201774 0.948585 0.383862 
1535171939919 0.27527 0.923509 -0.267128 -0.601738 -0.929983 0.326215 0.169454 -0.229787 0.243634 0.201779 0.948645 0.383898 
1535171939943 0.275138 0.923582 -0.26701 -0.60174 -0.929807 0.326245 0.170363 -0.229774 0.244455 0.201395 0.948516 0.383905 
1535171940132 0.274997 0.923612 -0.267055 -0.601768 -0.929855 0.326113 0.170355 -0.229858 0.244432 0.201475 0.948504 0.383908 
1535171940360 0.274883 0.923691 -0.266899 -0.601777 -0.929818 0.326032 0.170708 -0.229888 0.244699 0.201243 0.948485 0.383908 
1535171940405 0.275004 0.923673 -0.266833 -0.60176 -0.929685 0.326216 0.17108 -0.229824 0.245068 0.201023 0.948436 0.383899 
1535171940544 0.275002 0.923648 -0.266924 -0.601768 -0.929728 0.326196 0.170885 -0.229845 0.244907 0.201173 0.948446 0.383909 
1535171940578 0.274916 0.923586 -0.267226 -0.601787 -0.929735 0.326185 0.17087 -0.22979 0.244978 0.201474 0.948364 0.383932 
1535171940592 0.274916 0.923586 -0.267226 -0.601787 -0.929735 0.326185 0.17087 -0.22979 0.244978 0.201474 0.948364 0.383932 
1535171940771 0.275064 0.923512 -0.267332 -0.601798 -0.929642 0.326387 0.170989 -0.229766 0.245164 0.20149 0.948313 0.383957 
1535171940795 0.274974 0.923497 -0.267476 -0.601753 -0.929697 0.326304 0.170847 -0.229671 0.245055 0.201693 0.948297 0.384 
1535171940944 0.275266 0.923395 -0.267526 -0.601751 -0.92957 0.326626 0.170922 -0.229771 0.24521 0.201635 0.94827 0.384027 
1535171941194 0.275266 0.923395 -0.267526 -0.601751 -0.92957 0.326626 0.170922 -0.229771 0.24521 0.201635 0.94827 0.384027 
1535171963064 0.275212 0.923251 -0.268077 -0.601725 -0.929559 0.326699 0.170845 -0.229694 0.245313 0.202175 0.948128 0.384103 
1535171963460 0.275429 0.923802 -0.26595 -0.601787 -0.930091 0.326024 0.169231 -0.229676 0.243042 0.200747 0.949016 0.383695 
1535171963809 0.275675 0.923948 -0.265184 -0.601813 -0.930339 0.325854 0.168189 -0.229674 0.24181 0.200346 0.949415 0.383561 
1535171964048 0.275777 0.923991 -0.264931 -0.601836 -0.930408 0.325824 0.167866 -0.229686 0.241427 0.2002 0.949543 0.383514 
1535171964326 0.275748 0.924034 -0.26481 -0.601828 -0.930479 0.325723 0.167672 -0.229667 0.241189 0.200165 0.949611 0.383441 
1535171964567 0.275824 0.924001 -0.264845 -0.601842 -0.93047 0.325791 0.167589 -0.22964 0.241136 0.200205 0.949616 0.383393 
1535171964730 0.27579 0.92402 -0.264815 -0.601847 -0.930479 0.325754 0.167613 -0.229619 0.241142 0.200178 0.949621 0.383395 
1535171964853 0.27578 0.924069 -0.264653 -0.601837 -0.930506 0.325694 0.167576 -0.229601 0.241048 0.200047 0.949672 0.383404 
1535171965334 0.275777 0.924081 -0.264615 -0.601835 -0.930513 0.325679 0.167567 -0.229596 0.241025 0.200017 0.949684 0.383405 
1535171965354 0.275925 0.924079 -0.264469 -0.601863 -0.930515 0.325757 0.167403 -0.229639 0.240846 0.199902 0.949754 0.383354 
1535171965500 0.275824 0.924102 -0.264495 -0.601854 -0.930545 0.325665 0.167418 -0.229598 0.240848 0.199946 0.949744 0.383351 
1535171965800 0.275765 0.92412 -0.264492 -0.601845 -0.930566 0.325605 0.167418 -0.229574 0.240834 0.199959 0.949745 0.383348 
1535171965838 0.275777 0.923991 -0.264929 -0.60185 -0.930573 0.325687 0.16722 -0.229642 0.240794 0.20042 0.949658 0.383337 
1535171965992 0.275774 0.924063 -0.264682 -0.601806 -0.930573 0.32564 0.167309 -0.229627 0.240795 0.200166 0.949711 0.383342 
1535171966193 0.275865 0.923917 -0.265096 -0.601814 -0.930664 0.325704 0.166676 -0.229628 0.240337 0.200735 0.949707 0.383413 
1535171966380 0.275747 0.92385 -0.265453 -0.601785 -0.93079 0.325578 0.166217 -0.229579 0.239985 0.201247 0.949688 0.383456 
1535171966509 0.276065 0.923675 -0.26573 -0.601756 -0.930905 0.325758 0.165223 -0.229538 0.239176 0.201757 0.949784 0.383445 
1535171966972 0.276016 0.923674 -0.265783 -0.601761 -0.930899 0.325737 0.165293 -0.229525 0.239253 0.201794 0.949756 0.383435 
1535171966986 0.276016 0.923674 -0.265783 -0.601761 -0.930899 0.325737 0.165293 -0.229525 0.239253 0.201794 0.949756 0.383435 
1535171967003 0.276288 0.923453 -0.266271 -0.601715 -0.930907 0.326011 0.164711 -0.229574 0.23891 0.202366 0.949721 0.383514 
1535171967120 0.27626 0.923514 -0.266085 -0.601719 -0.930886 0.325975 0.164895 -0.229557 0.23902 0.202141 0.949741 0.383486 
1535171967383 0.276147 0.92363 -0.2658 -0.601708 -0.930908 0.325826 0.165067 -0.229514 0.239065 0.201852 0.949791 0.383492 
1535171967400 0.276147 0.92363 -0.2658 -0.601708 -0.930908 0.325826 0.165067 -0.229514 0.239065 0.201852 0.949791 0.383492 
1535171967572 0.276131 0.923419 -0.266552 -0.601704 -0.930934 0.325927 0.164724 -0.229542 0.238985 0.202657 0.94964 0.383474 
1535171967892 0.275949 0.92341 -0.266769 -0.601719 -0.930987 0.325792 0.164691 -0.229473 0.238988 0.202912 0.949585 0.383468 
1535171968059 0.276017 0.923361 -0.26687 -0.601707 -0.930927 0.325909 0.164797 -0.229534 0.239142 0.20295 0.949538 0.38351 
1535171968324 0.275942 0.923388 -0.266851 -0.601724 -0.93095 0.325833 0.164818 -0.229486 0.23914 0.202945 0.94954 0.383511 
1535171968584 0.276058 0.923307 -0.267013 -0.601701 -0.930872 0.32601 0.164907 -0.229579 0.239309 0.203031 0.949478 0.38355 
1535171968707 0.275994 0.923273 -0.267198 -0.601688 -0.930846 0.32602 0.165035 -0.229625 0.239484 0.203171 0.949404 0.383594 
1535171969162 0.275998 0.923281 -0.267166 -0.601684 -0.930849 0.326015 0.16503 -0.229625 0.239469 0.203143 0.949414 0.383597 
1535171969178 0.275998 0.923281 -0.267166 -0.601684 -0.930849 0.326015 0.16503 -0.229625 0.239469 0.203143 0.949414 0.383597 
1535171969298 0.275872 0.923278 -0.267306 -0.601695 -0.930836 0.325962 0.165209 -0.229581 0.239666 0.203241 0.949344 0.38365 
1535171969727 0.275871 0.923282 -0.267294 -0.601693 -0.930838 0.325957 0.165205 -0.22958 0.239657 0.203232 0.949348 0.38365 
1535171969747 0.275634 0.923216 -0.267765 -0.601693 -0.930939 0.325787 0.164969 -0.229612 0.239537 0.203802 0.949256 0.383662 
1535171969919 0.275694 0.923284 -0.267468 -0.60166 -0.930903 0.325808 0.165135 -0.229616 0.23961 0.20346 0.949311 0.383674 
1535171970118 0.27568 0.923287 -0.267473 -0.601659 -0.930842 0.32585 0.165396 -0.229629 0.239864 0.203379 0.949264 0.383659 
1535171970290 0.275745 0.923303 -0.267352 -0.601687 -0.930629 0.326054 0.166187 -0.2297 0.240612 0.20298 0.94916 0.383743 
1535171970472 0.275449 0.923477 -0.267056 -0.601715 -0.930588 0.325825 0.166865 -0.229724 0.24111 0.202556 0.949124 0.383676 
1535171970513 0.275399 0.923491 -0.267058 -0.601726 -0.930528 0.32584 0.167169 -0.22969 0.241397 0.202467 0.94907 0.38371 
1535171970649 0.275067 0.923631 -0.266914 -0.601765 -0.930462 0.325634 0.167941 -0.22972 0.242032 0.202158 0.948975 0.383742 
1535171970835 0.274999 0.923718 -0.266683 -0.601777 -0.930417 0.32558 0.168289 -0.229718 0.242278 0.201847 0.948978 0.383727 
1535171971022 0.274954 0.923721 -0.26672 -0.60179 -0.930399 0.325569 0.168411 -0.229677 0.242401 0.20185 0.948946 0.383789 
1535171971186 0.275105 0.923557 -0.26713 -0.601768 -0.930327 0.325813 0.16834 -0.229635 0.242506 0.202207 0.948843 0.383815 
1535171971228 0.27514 0.923545 -0.267139 -0.601761 -0.930321 0.325843 0.168311 -0.229659 0.242488 0.202216 0.948846 0.38383 
1535171971423 0.275221 0.923428 -0.267459 -0.601756 -0.930282 0.325992 0.168238 -0.229614 0.242545 0.20251 0.948769 0.383861 
1535171971745 0.275221 0.923428 -0.267459 -0.601756 -0.930282 0.325992 0.168238 -0.229614 0.242545 0.20251 0.948769 0.383861 
1535171980989 0.275297 0.923254 -0.267979 -0.601729 -0.930218 0.326195 0.168201 -0.229587 0.242705 0.202974 0.948628 0.383934 
1535171981465 0.276275 0.924003 -0.264369 -0.60177 -0.930405 0.32608 0.167384 -0.229716 0.240869 0.199726 0.949785 0.3834 
1535171981727 0.276461 0.924194 -0.263506 -0.601803 -0.930463 0.32601 0.167204 -0.229664 0.240434 0.198957 0.950057 0.383295 
1535171981955 0.276519 0.924252 -0.263241 -0.601839 -0.930518 0.325957 0.166999 -0.229644 0.240154 0.198772 0.950166 0.383208 
1535171982153 0.276607 0.924306 -0.262957 -0.601795 -0.930503 0.325981 0.167034 -0.229672 0.240109 0.19848 0.950239 0.383243 
1535171982405 0.276677 0.924291 -0.262936 -0.601798 -0.930462 0.326061 0.167105 -0.229642 0.240187 0.198418 0.950232 0.3832 
1535171982657 0.276872 0.924282 -0.262765 -0.601796 -0.930419 0.326205 0.167066 -0.229696 0.240132 0.198226 0.950286 0.383184 
1535171982816 0.276915 0.924258 -0.262802 -0.601813 -0.930423 0.32624 0.166975 -0.229695 0.240065 0.198279 0.950292 0.38313 
1535171982933 0.276976 0.924283 -0.262652 -0.601797 -0.93044 0.326242 0.166877 -0.229708 0.239929 0.198161 0.95035 0.383117 
1535171983423 0.276984 0.924283 -0.26264 -0.601796 -0.93044 0.326246 0.166868 -0.229709 0.239919 0.198151 0.950355 0.383116 
1535171983437 0.276984 0.924283 -0.26264 -0.601796 -0.93044 0.326246 0.166868 -0.229709 0.239919 0.198151 0.950355 0.383116 
1535171983454 0.276916 0.92431 -0.262618 -0.601834 -0.930466 0.326171 0.166868 -0.229647 0.239896 0.198149 0.950361 0.383107 
1535171983652 0.276917 0.92431 -0.262617 -0.601834 -0.930467 0.326172 0.166864 -0.229647 0.239893 0.198149 0.950362 0.383107 
1535171983682 0.276834 0.924272 -0.262838 -0.601852 -0.930521 0.326107 0.166689 -0.229634 0.239779 0.198431 0.950332 0.383109 
1535171983876 0.276771 0.924297 -0.262817 -0.601844 -0.930526 0.326055 0.166765 -0.229601 0.239833 0.198403 0.950324 0.383116 
1535171984041 0.276739 0.924218 -0.263127 -0.601816 -0.930618 0.326011 0.166333 -0.229578 0.23951 0.19884 0.950314 0.383186 
1535171984283 0.276522 0.924142 -0.263622 -0.601806 -0.93082 0.325777 0.16566 -0.229474 0.238975 0.199576 0.950295 0.383217 
1535171984461 0.277017 0.923917 -0.263893 -0.601755 -0.930785 0.326207 0.165008 -0.229565 0.238537 0.199918 0.950333 0.383163 
1535171984639 0.276898 0.923838 -0.264293 -0.601761 -0.93088 0.326115 0.164659 -0.229425 0.238308 0.200431 0.950282 0.383171 
1535171984873 0.276864 0.923766 -0.264581 -0.601729 -0.931 0.32604 0.164123 -0.229498 0.237875 0.200885 0.950295 0.383247 
1535171984914 0.276862 0.923771 -0.264563 -0.60167 -0.930998 0.326037 0.164143 -0.229511 0.237889 0.200863 0.950296 0.383249 
1535171985123 0.276914 0.923738 -0.264626 -0.601682 -0.931017 0.326069 0.163969 -0.229543 0.23775 0.200966 0.950309 0.383251 
1535171985288 0.276898 0.923722 -0.264697 -0.601694 -0.930976 0.326105 0.164131 -0.229532 0.23793 0.200979 0.950261 0.383298 
1535171985622 0.276888 0.923705 -0.264767 -0.601704 -0.930967 0.326117 0.164155 -0.22953 0.237976 0.201036 0.950238 0.383301 
1535171985735 0.276729 0.923682 -0.265016 -0.601713 -0.930964 0.326052 0.164305 -0.229474 0.238174 0.201252 0.950142 0.383313 
1535171986189 0.276732 0.923686 -0.264999 -0.60171 -0.930966 0.326049 0.1643 -0.229474 0.238164 0.201238 0.950148 0.383314 
1535171986206 0.276732 0.923686 -0.264999 -0.60171 -0.930966 0.326049 0.1643 -0.229474 0.238164 0.201238 0.950148 0.383314 
1535171986415 0.276765 0.923629 -0.265161 -0.601676 -0.930878 0.326175 0.164545 -0.229522 0.238467 0.201293 0.95006 0.383363 
1535171986586 0.276698 0.923564 -0.265459 -0.601708 -0.930884 0.326176 0.164512 -0.229517 0.238524 0.201591 0.949983 0.383352 
1535171986806 0.276569 0.923541 -0.265673 -0.601697 -0.930933 0.326082 0.16442 -0.229516 0.23848 0.20185 0.949939 0.383373 
1535171986847 0.276537 0.923585 -0.265553 -0.601685 -0.930859 0.3261 0.164805 -0.229521 0.238808 0.201617 0.949906 0.383393 
1535171987027 0.276467 0.92358 -0.265642 -0.601692 -0.930935 0.326003 0.164569 -0.229576 0.238592 0.201798 0.949922 0.383404 
1535171987188 0.276423 0.923619 -0.265554 -0.601705 -0.930745 0.326115 0.165418 -0.229652 0.239384 0.201438 0.949799 0.383416 
1535171987524 0.276446 0.92362 -0.265525 -0.6017 -0.930822 0.326062 0.165088 -0.229668 0.239057 0.201518 0.949864 0.383399 
1535171987541 0.276303 0.923797 -0.265058 -0.601699 -0.930559 0.326097 0.166496 -0.229721 0.240244 0.200649 0.949749 0.383462 
1535171987701 0.276272 0.923761 -0.265217 -0.601705 -0.930645 0.326032 0.166142 -0.229711 0.239945 0.200923 0.949767 0.383427 
1535171987949 0.276065 0.923834 -0.265177 -0.60174 -0.930525 0.325978 0.166921 -0.229798 0.240649 0.200672 0.949641 0.383433 
1535171988120 0.275909 0.923953 -0.264926 -0.601761 -0.930444 0.325888 0.167547 -0.229797 0.241141 0.200271 0.949601 0.383478 
1535171988157 0.276096 0.923885 -0.264969 -0.601748 -0.930416 0.326052 0.167381 -0.229761 0.241034 0.200318 0.949618 0.383479 
1535171988336 0.275914 0.923961 -0.264891 -0.601744 -0.930408 0.325914 0.16769 -0.229744 0.241271 0.200189 0.949586 0.383463 
1535171988377 0.275925 0.923843 -0.265291 -0.60176 -0.930401 0.326001 0.167565 -0.229656 0.241289 0.200591 0.949496 0.383508 
1535171988501 0.276025 0.923795 -0.265354 -0.601765 -0.930309 0.326161 0.167763 -0.229615 0.241527 0.200554 0.949443 0.383563 
1535171988684 0.276136 0.923665 -0.265691 -0.60174 -0.930307 0.326303 0.167498 -0.229625 0.241408 0.200922 0.949396 0.383543 
1535171988980 0.276136 0.923665 -0.265691 -0.60174 -0.930307 0.326303 0.167498 -0.229625 0.241408 0.200922 0.949396 0.383543 
