1531908103088 0.275657 0.633204 -0.723233 0 -0.8825 0.464965 0.0707247 0 0.381061 0.618757 0.686973 0 
1531908103095 -0.186319 0.845148 -0.501008 0 -0.975422 -0.098067 0.19732 0 0.117632 0.525459 0.842648 0 
1531908103105 -0.187231 0.845419 -0.500212 0 -0.97521 -0.098835 0.197982 0 0.11794 0.52488 0.842966 0 
1531908103115 -0.187247 0.845429 -0.500188 0 -0.975206 -0.0988476 0.197997 0 0.11795 0.524861 0.842976 0 
1531908103125 -0.18725 0.845429 -0.500187 0 -0.975206 -0.0988521 0.197995 0 0.117946 0.52486 0.842977 0 
1531908103135 -0.187251 0.845429 -0.500187 0 -0.975206 -0.0988555 0.197993 0 0.117943 0.52486 0.842978 0 
1531908103150 0 0 0 0 0 0 0 0 0 0 0 0 
1531908103150 0 0 0 0 0 0 0 0 0 0 0 0 
1531908103151 0 0 0 0 0 0 0 0 0 0 0 0 
1531908103155 0 0 0 0 0 0 0 0 0 0 0 0 
1531908103165 -0.187253 0.845429 -0.500186 0 -0.975206 -0.0988592 0.19799 0 0.117939 0.524859 0.842979 0 
1531908103170 0 0 0 0 0 0 0 0 0 0 0 0 
1531908103171 0 0 0 0 0 0 0 0 0 0 0 0 
1531908103175 0 0 0 0 0 0 0 0 0 0 0 0 
1531908103185 -0.187254 0.845429 -0.500186 0 -0.975206 -0.09886 0.19799 0 0.117938 0.524859 0.842979 0 
1531908103195 -0.187253 0.845429 -0.500187 0 -0.975206 -0.0988592 0.19799 0 0.117938 0.524859 0.842979 0 
