1534969206449 -0.278566 0.895689 -0.346616 -0.451103 -0.955825 -0.293799 0.00896728 -0.28239 -0.0938033 0.333802 0.937964 0.381573 
1534969213831 -0.278567 0.895689 -0.346615 -0.451103 -0.955825 -0.293799 0.00896941 -0.28239 -0.0938013 0.333802 0.937965 0.381573 
1534969214704 -0.227034 0.911402 -0.343222 -0.465855 -0.972179 -0.232959 0.0244712 -0.27794 -0.0576535 0.339229 0.938935 0.382606 
1534969215564 -0.1735 0.924217 -0.340177 -0.481091 -0.984642 -0.169615 0.0413736 -0.273325 -0.019461 0.342131 0.939451 0.383938 
1534969216415 -0.119349 0.933448 -0.338275 -0.496285 -0.992676 -0.105774 0.0583566 -0.268717 0.0186922 0.342763 0.939236 0.385152 
1534969217258 -0.0646707 0.939243 -0.337105 -0.511453 -0.996303 -0.0416285 0.0751467 -0.264151 0.0565478 0.340719 0.938463 0.386398 
1534969218093 -0.00968174 0.941456 -0.336996 -0.526628 -0.99549 0.0227312 0.0921036 -0.259572 0.0943718 0.336367 0.93699 0.38766 
1534969218924 0.0453373 0.940136 -0.337769 -0.541824 -0.990233 0.0869187 0.109012 -0.255005 0.131845 0.329528 0.934895 0.388996 
1534969219741 0.100208 0.93525 -0.339507 -0.556982 -0.980613 0.150586 0.125389 -0.250486 0.168395 0.32036 0.932208 0.390218 
1534969220554 0.154445 0.926828 -0.342251 -0.572189 -0.966576 0.21349 0.141958 -0.245873 0.204638 0.308887 0.928823 0.391438 
1534969221366 0.208124 0.914928 -0.34582 -0.586776 -0.948191 0.275496 0.158226 -0.240944 0.240038 0.294972 0.924864 0.392912 
1534969221389 0.208422 0.914849 -0.345849 -0.586917 -0.948017 0.275913 0.158543 -0.240861 0.240467 0.294826 0.924799 0.392961 
1534969221754 0.218098 0.912337 -0.346517 -0.58964 -0.944313 0.286923 0.161082 -0.240267 0.246385 0.292089 0.92411 0.393166 
1534969222007 0.223498 0.910868 -0.346942 -0.59124 -0.94211 0.293156 0.162754 -0.239827 0.249956 0.290482 0.923657 0.393255 
1534969222266 0.228757 0.909373 -0.347436 -0.59287 -0.939875 0.299283 0.16451 -0.239346 0.253583 0.288913 0.92316 0.393427 
1534969222521 0.234034 0.907851 -0.3479 -0.594501 -0.937665 0.305333 0.165999 -0.238869 0.256927 0.287364 0.922719 0.393509 
1534969222777 0.239424 0.906321 -0.348223 -0.596119 -0.935305 0.31154 0.167769 -0.238424 0.260538 0.285527 0.922277 0.393651 
1534969223032 0.24485 0.904683 -0.348706 -0.597682 -0.932922 0.317769 0.169352 -0.238059 0.264018 0.28385 0.921805 0.393791 
1534969223289 0.250154 0.90301 -0.349279 -0.599338 -0.93049 0.323928 0.171051 -0.237589 0.267602 0.282211 0.921274 0.393889 
1534969223545 0.255295 0.901365 -0.349808 -0.600977 -0.92807 0.329907 0.172764 -0.237075 0.271127 0.28054 0.920754 0.393957 
1534969223565 0.255637 0.90126 -0.349829 -0.601101 -0.927895 0.330314 0.172927 -0.23701 0.271405 0.280398 0.920715 0.393972 
1534969223578 0.25587 0.901189 -0.349842 -0.601166 -0.92777 0.330597 0.173054 -0.236958 0.271611 0.280294 0.920686 0.393983 
1534969223595 0.255993 0.901148 -0.349857 -0.601206 -0.927705 0.330747 0.173116 -0.236944 0.271717 0.280248 0.920669 0.393994 
1534969223612 0.25612 0.901105 -0.349874 -0.60124 -0.927643 0.330897 0.173163 -0.236961 0.271811 0.280208 0.920653 0.394009 
1534969223765 0.256855 0.900848 -0.349997 -0.60147 -0.927286 0.331767 0.173411 -0.23696 0.272334 0.280006 0.92056 0.394032 
1534969223805 0.257509 0.900636 -0.350062 -0.601662 -0.927006 0.332492 0.173518 -0.236918 0.27267 0.279827 0.920515 0.394018 
1534969223879 0.258018 0.900454 -0.350156 -0.601821 -0.926742 0.333112 0.173741 -0.236761 0.273087 0.279676 0.920437 0.394004 
1534969223927 0.258802 0.900193 -0.350248 -0.601969 -0.926401 0.333988 0.173875 -0.236845 0.2735 0.279471 0.920377 0.394037 
1534969224001 0.259525 0.899946 -0.350348 -0.602213 -0.926029 0.334857 0.174186 -0.236836 0.274074 0.279227 0.92028 0.394092 
1534969224036 0.259918 0.899841 -0.350327 -0.602356 -0.925812 0.335329 0.174431 -0.236695 0.274435 0.278999 0.920242 0.394114 
1534969224049 0.260007 0.899817 -0.350323 -0.602396 -0.925759 0.33544 0.174499 -0.236648 0.27453 0.278944 0.92023 0.394119 
1534969224066 0.260018 0.899816 -0.350316 -0.602471 -0.925717 0.335489 0.174628 -0.236548 0.27466 0.278887 0.920208 0.39413 
1534969224083 0.260007 0.899818 -0.35032 -0.602519 -0.925697 0.335503 0.174709 -0.2365 0.27474 0.278865 0.920191 0.394138 
1534969224099 0.260092 0.899789 -0.350331 -0.602554 -0.925648 0.335611 0.174763 -0.236492 0.274825 0.278829 0.920177 0.394146 
1534969224116 0.26025 0.899734 -0.350354 -0.602575 -0.92558 0.335786 0.174784 -0.236521 0.274903 0.278793 0.920165 0.394153 
1534969224133 0.26036 0.899695 -0.350373 -0.602584 -0.925535 0.335907 0.174791 -0.236547 0.274951 0.278774 0.920156 0.394156 
1534969224149 0.260489 0.899649 -0.350397 -0.602584 -0.925484 0.336047 0.17479 -0.236592 0.274999 0.278756 0.920147 0.394161 
1534969224166 0.260556 0.899624 -0.350409 -0.602578 -0.925458 0.336119 0.174789 -0.236621 0.275024 0.278747 0.920142 0.394165 
1534969224183 0.26059 0.899611 -0.350418 -0.602574 -0.925442 0.336159 0.174796 -0.236638 0.275044 0.278742 0.920138 0.39417 
1534969224199 0.260588 0.89961 -0.350422 -0.602567 -0.925438 0.336163 0.174812 -0.236636 0.275062 0.27874 0.920133 0.394175 
1534969224226 0.260618 0.899598 -0.35043 -0.602566 -0.925416 0.336206 0.174843 -0.236629 0.275106 0.278726 0.920124 0.394183 
1534969224243 0.260703 0.899569 -0.350443 -0.602572 -0.925374 0.336306 0.174873 -0.236623 0.275166 0.278701 0.920114 0.394189 
1534969224389 0.261499 0.899657 -0.349622 -0.602735 -0.925217 0.336824 0.17471 -0.236549 0.27494 0.277789 0.920457 0.394039 
1534969224445 0.261114 0.900103 -0.34876 -0.602664 -0.925568 0.336051 0.174339 -0.236484 0.274124 0.277279 0.920854 0.393973 
1534969224544 0.261449 0.900395 -0.347754 -0.602668 -0.925684 0.335958 0.173903 -0.236549 0.273412 0.276443 0.921317 0.393964 
1534969224616 0.261555 0.900711 -0.346856 -0.602768 -0.925811 0.335725 0.173675 -0.236375 0.272879 0.275698 0.921698 0.393886 
1534969224709 0.261795 0.900939 -0.346081 -0.60283 -0.925913 0.335628 0.173316 -0.236315 0.272301 0.275068 0.922057 0.393686 
1534969224776 0.262281 0.901112 -0.345262 -0.602849 -0.925903 0.335797 0.17304 -0.236388 0.271867 0.274294 0.922416 0.393585 
1534969224873 0.262681 0.90133 -0.344387 -0.602934 -0.925937 0.335856 0.172745 -0.236365 0.271365 0.273504 0.922798 0.393497 
1534969224947 0.262909 0.901637 -0.343408 -0.602967 -0.926048 0.335706 0.172445 -0.236298 0.270767 0.272675 0.923219 0.393463 
1534969224970 0.262975 0.901685 -0.343232 -0.602982 -0.926053 0.33571 0.172407 -0.236291 0.270683 0.272512 0.923292 0.393459 
1534969224987 0.263033 0.90171 -0.343121 -0.602997 -0.926052 0.335728 0.172381 -0.23629 0.270633 0.272406 0.923338 0.39345 
1534969225048 0.263122 0.901931 -0.342473 -0.603046 -0.926128 0.335586 0.172249 -0.236207 0.270286 0.271851 0.923603 0.393438 
1534969225148 0.263379 0.902189 -0.341595 -0.603029 -0.926159 0.335554 0.172141 -0.23624 0.269928 0.271033 0.923948 0.393358 
1534969225223 0.263283 0.902542 -0.340736 -0.603072 -0.926255 0.335232 0.172255 -0.236312 0.269693 0.270256 0.924244 0.393296 
1534969225312 0.263419 0.90284 -0.339839 -0.603108 -0.926328 0.335076 0.172162 -0.236278 0.269307 0.269451 0.924592 0.393236 
1534969225381 0.263514 0.903156 -0.338924 -0.603132 -0.92642 0.334873 0.172066 -0.236236 0.268899 0.268644 0.924945 0.393192 
1534969225471 0.263567 0.903506 -0.337949 -0.603196 -0.926502 0.33464 0.172077 -0.236186 0.268564 0.267757 0.9253 0.393121 
1534969225552 0.263676 0.903803 -0.337067 -0.603269 -0.926584 0.334462 0.171982 -0.236201 0.268174 0.266973 0.925639 0.393032 
1534969225641 0.263594 0.904195 -0.33608 -0.603327 -0.926738 0.334067 0.171919 -0.23611 0.267722 0.266141 0.92601 0.392999 
1534969225658 0.263639 0.904258 -0.335874 -0.603327 -0.926754 0.334041 0.171882 -0.236118 0.267621 0.265958 0.926091 0.392995 
1534969225674 0.263699 0.904324 -0.335651 -0.603329 -0.926769 0.334023 0.171836 -0.236131 0.267511 0.265758 0.926181 0.392991 
1534969225691 0.263761 0.904375 -0.335465 -0.603336 -0.926778 0.33402 0.171796 -0.236144 0.26742 0.265588 0.926256 0.392988 
1534969225708 0.263799 0.904407 -0.335349 -0.603342 -0.926786 0.334015 0.171762 -0.236153 0.267354 0.265486 0.926304 0.392985 
1534969225724 0.263832 0.904434 -0.33525 -0.603347 -0.926796 0.334008 0.17172 -0.236165 0.267286 0.265403 0.926347 0.392982 
1534969225741 0.263854 0.904445 -0.335201 -0.603352 -0.926804 0.334005 0.171683 -0.236175 0.267237 0.265367 0.926372 0.392978 
1534969225759 0.263821 0.904455 -0.335201 -0.603354 -0.926823 0.333964 0.17166 -0.236167 0.267204 0.265384 0.926376 0.392973 
1534969225774 0.263744 0.904464 -0.335238 -0.603356 -0.926842 0.333902 0.171678 -0.236143 0.267213 0.265433 0.92636 0.392975 
1534969225791 0.263662 0.904488 -0.335236 -0.603352 -0.926865 0.333824 0.171705 -0.236114 0.267215 0.265446 0.926355 0.392983 
1534969225882 0.263407 0.904646 -0.335011 -0.603359 -0.926954 0.333526 0.171805 -0.23608 0.267158 0.265285 0.926418 0.393004 
1534969225902 0.263446 0.904786 -0.334603 -0.603333 -0.926987 0.333441 0.17179 -0.236115 0.267004 0.264915 0.926568 0.393022 
1534969226062 0.264335 0.904535 -0.334579 -0.603442 -0.92674 0.334267 0.171519 -0.236043 0.266984 0.264729 0.926627 0.392957 
1534969226218 0.265826 0.903963 -0.334943 -0.603458 -0.926269 0.335784 0.171102 -0.235999 0.267138 0.264764 0.926573 0.392944 
1534969226373 0.267445 0.903531 -0.33482 -0.603558 -0.925837 0.337249 0.170555 -0.235912 0.267019 0.264375 0.926718 0.392862 
1534969226533 0.269178 0.903027 -0.334792 -0.603622 -0.925385 0.338825 0.169881 -0.235902 0.266843 0.264084 0.926852 0.392767 
1534969226691 0.270688 0.902652 -0.334586 -0.60374 -0.924978 0.340175 0.1694 -0.235765 0.266727 0.26363 0.927015 0.392793 
1534969226845 0.272564 0.90216 -0.33439 -0.603797 -0.924448 0.341884 0.168853 -0.235825 0.266655 0.263103 0.927185 0.392782 
1534969227009 0.274261 0.901714 -0.334205 -0.603877 -0.923978 0.343416 0.168316 -0.235721 0.266544 0.262635 0.92735 0.392797 
1534969227164 0.275752 0.901251 -0.334226 -0.603962 -0.923619 0.344741 0.167575 -0.235676 0.266249 0.262488 0.927476 0.392678 
1534969227322 0.277544 0.900777 -0.33402 -0.604025 -0.923094 0.346379 0.167089 -0.235673 0.266207 0.261957 0.927638 0.392695 
1534969227342 0.277827 0.900704 -0.333981 -0.60404 -0.923006 0.346642 0.167032 -0.23565 0.266218 0.261861 0.927662 0.392694 
1534969227473 0.278397 0.900527 -0.333984 -0.604126 -0.922873 0.347141 0.166729 -0.23558 0.266084 0.261808 0.927716 0.392601 
1534969227630 0.280608 0.899823 -0.334033 -0.604178 -0.922067 0.349367 0.166537 -0.235721 0.266554 0.261269 0.927732 0.392594 
1534969227785 0.28223 0.899305 -0.33406 -0.604294 -0.921503 0.350968 0.166291 -0.235604 0.266791 0.260905 0.927767 0.392525 
1534969227944 0.283992 0.898713 -0.334162 -0.604404 -0.920917 0.352691 0.165892 -0.235534 0.266945 0.260623 0.927802 0.392383 
1534969228110 0.285851 0.898122 -0.334166 -0.604546 -0.920262 0.354522 0.165624 -0.235449 0.26722 0.260176 0.927848 0.392343 
1534969228269 0.287708 0.897515 -0.334203 -0.604627 -0.919625 0.356336 0.165268 -0.235496 0.267419 0.259793 0.927898 0.392302 
1534969228430 0.2894 0.896967 -0.334214 -0.604792 -0.91902 0.358005 0.165029 -0.235339 0.267675 0.25939 0.927937 0.392223 
1534969228598 0.291372 0.896285 -0.334327 -0.604889 -0.91833 0.359951 0.164639 -0.235396 0.267905 0.259051 0.927965 0.392095 
1534969228760 0.293136 0.895722 -0.334295 -0.605 -0.917715 0.36166 0.164321 -0.235319 0.268087 0.258619 0.928033 0.392071 
1534969228777 0.29338 0.895643 -0.334294 -0.605016 -0.917624 0.361903 0.164296 -0.235301 0.268132 0.258555 0.928038 0.392065 
1534969228889 0.294068 0.895401 -0.334336 -0.605089 -0.917392 0.362571 0.164118 -0.235262 0.268172 0.258456 0.928054 0.392 
1534969229037 0.296279 0.894716 -0.334218 -0.605218 -0.916605 0.364707 0.163781 -0.235353 0.268429 0.257821 0.928156 0.391888 
1534969229200 0.298203 0.894119 -0.334106 -0.605438 -0.915907 0.366572 0.163521 -0.235246 0.268681 0.257247 0.928243 0.391767 
1534969229433 0.302435 0.892774 -0.333897 -0.605744 -0.914312 0.370725 0.163084 -0.235333 0.269381 0.255964 0.928394 0.391682 
1534969229591 0.304369 0.892193 -0.333692 -0.605942 -0.913587 0.372592 0.162893 -0.235233 0.269663 0.255277 0.928502 0.391572 
1534969229818 0.308468 0.890897 -0.333393 -0.606255 -0.912049 0.376561 0.162387 -0.235242 0.270213 0.253979 0.928698 0.391418 
1534969229981 0.310569 0.890147 -0.333446 -0.606432 -0.911298 0.37859 0.161884 -0.235278 0.27034 0.253592 0.928767 0.391167 
1534969229994 0.310756 0.890081 -0.333446 -0.606441 -0.911227 0.378773 0.161854 -0.235288 0.270364 0.253547 0.928772 0.391155 
1534969230122 0.311608 0.889819 -0.33335 -0.606587 -0.910898 0.379596 0.161776 -0.235234 0.270489 0.253237 0.92882 0.39112 
1534969230278 0.314005 0.889019 -0.333236 -0.606754 -0.909979 0.381928 0.161457 -0.23539 0.27081 0.25254 0.928916 0.391021 
1534969230434 0.315865 0.888418 -0.333081 -0.606974 -0.909205 0.383779 0.161431 -0.235297 0.271248 0.251848 0.928976 0.390897 
1534969230591 0.317933 0.887735 -0.332933 -0.607246 -0.908374 0.385807 0.161271 -0.235253 0.271614 0.251154 0.929057 0.390835 
1534969230746 0.32017 0.887002 -0.332743 -0.607414 -0.90755 0.387923 0.160838 -0.235367 0.271742 0.250485 0.9292 0.390683 
1534969230904 0.322235 0.886266 -0.332711 -0.607648 -0.90671 0.389969 0.160628 -0.235381 0.272106 0.249913 0.929248 0.390537 
1534969231060 0.324219 0.885634 -0.332466 -0.607921 -0.905917 0.391879 0.160455 -0.23526 0.272391 0.249164 0.929366 0.390422 
1534969231225 0.326385 0.884924 -0.332238 -0.608126 -0.905054 0.393963 0.16022 -0.235324 0.272672 0.2484 0.929488 0.390348 
1534969231389 0.328515 0.884187 -0.332102 -0.608344 -0.904178 0.396048 0.160025 -0.23535 0.273021 0.247709 0.92957 0.390254 
1534969231402 0.328741 0.884104 -0.332099 -0.608367 -0.904081 0.396275 0.16001 -0.235348 0.273068 0.247642 0.929574 0.390244 
1534969231521 0.329657 0.883769 -0.332083 -0.60846 -0.903729 0.397155 0.159816 -0.235429 0.273129 0.247429 0.929613 0.390156 
1534969231670 0.331641 0.883089 -0.331915 -0.608657 -0.902891 0.399103 0.159701 -0.235413 0.273498 0.24672 0.929692 0.390099 
1534969231829 0.333508 0.882425 -0.331812 -0.608897 -0.90213 0.400916 0.159462 -0.235342 0.273742 0.246155 0.92977 0.389968 
1534969231989 0.335701 0.8816 -0.331792 -0.609131 -0.901173 0.403116 0.159325 -0.235453 0.274212 0.245516 0.929801 0.389825 
1534969232150 0.337581 0.880927 -0.331671 -0.609328 -0.900416 0.404922 0.159023 -0.235414 0.274389 0.244959 0.929896 0.389656 
1534969232307 0.339672 0.880162 -0.331568 -0.609581 -0.899537 0.406966 0.158786 -0.235469 0.274694 0.244323 0.929973 0.389554 
1534969232462 0.34164 0.879508 -0.331283 -0.60979 -0.898731 0.40883 0.158555 -0.235437 0.274889 0.243566 0.930114 0.389521 
1534969232687 0.34566 0.877959 -0.33122 -0.610231 -0.896963 0.412828 0.158208 -0.235481 0.275637 0.242406 0.930195 0.38927 
1534969232707 0.345989 0.877833 -0.331212 -0.610262 -0.89682 0.413152 0.158174 -0.235478 0.275691 0.242311 0.930204 0.389246 
1534969232848 0.346806 0.877517 -0.331195 -0.610417 -0.896465 0.413958 0.158082 -0.235416 0.27582 0.242081 0.930226 0.38916 
1534969233021 0.34903 0.87659 -0.331313 -0.610555 -0.89548 0.416192 0.157796 -0.235515 0.276213 0.241609 0.930232 0.389114 
1534969233192 0.351196 0.87568 -0.331431 -0.610801 -0.894533 0.418352 0.157458 -0.23554 0.276537 0.241177 0.930248 0.389011 
1534969233362 0.353259 0.874807 -0.331543 -0.611081 -0.893617 0.420416 0.157158 -0.235467 0.276868 0.240755 0.930259 0.388852 
1534969233529 0.355474 0.87387 -0.331648 -0.61127 -0.892633 0.422625 0.156828 -0.235543 0.27721 0.240291 0.930277 0.388739 
1534969233693 0.357514 0.873009 -0.331721 -0.611528 -0.89171 0.424664 0.156566 -0.235489 0.277554 0.239824 0.930295 0.38864 
1534969233854 0.359855 0.87202 -0.331792 -0.611741 -0.890622 0.427021 0.15635 -0.235584 0.278022 0.239238 0.930306 0.388572 
1534969234026 0.36192 0.871169 -0.33178 -0.612027 -0.88968 0.429066 0.156115 -0.235507 0.278359 0.238677 0.930349 0.388503 
1534969234194 0.364008 0.870255 -0.331896 -0.612228 -0.888788 0.4311 0.155591 -0.23554 0.278484 0.238348 0.930396 0.38837 
1534969234211 0.364277 0.87014 -0.331902 -0.612254 -0.888664 0.431368 0.155561 -0.235551 0.278531 0.238282 0.930399 0.388364 
1534969234349 0.365031 0.869811 -0.331935 -0.612368 -0.888328 0.432111 0.155415 -0.235532 0.278614 0.238136 0.930411 0.388317 
1534969234510 0.367073 0.8689 -0.332069 -0.612485 -0.887331 0.434203 0.15528 -0.235641 0.279108 0.237656 0.930386 0.388266 
1534969234666 0.368766 0.868136 -0.332191 -0.612697 -0.886457 0.435976 0.155305 -0.235504 0.279653 0.237202 0.930338 0.388206 
1534969234825 0.370786 0.867199 -0.332392 -0.612848 -0.885434 0.438079 0.155223 -0.235577 0.280223 0.236756 0.93028 0.388135 
1534969235057 0.374685 0.865327 -0.332896 -0.613213 -0.883443 0.442158 0.154998 -0.23567 0.281317 0.236019 0.930138 0.387922 
1534969235221 0.376388 0.864493 -0.333142 -0.613475 -0.882524 0.44398 0.155028 -0.235528 0.281929 0.235655 0.930044 0.387829 
1534969235389 0.378309 0.863624 -0.33322 -0.613653 -0.881561 0.445933 0.154902 -0.235539 0.282371 0.235153 0.930037 0.387737 
1534969235546 0.380408 0.862654 -0.333343 -0.613802 -0.880505 0.448071 0.154734 -0.235675 0.282843 0.234648 0.930021 0.387654 
1534969235563 0.380675 0.862532 -0.333355 -0.613816 -0.880369 0.448344 0.154718 -0.235688 0.282907 0.234578 0.93002 0.387646 
1534969235685 0.381356 0.862213 -0.333402 -0.613924 -0.880028 0.449037 0.154652 -0.23566 0.283053 0.234425 0.930014 0.387589 
1534969235833 0.383322 0.861357 -0.333359 -0.614094 -0.879076 0.450973 0.154428 -0.235678 0.283353 0.233853 0.930067 0.387504 
1534969235991 0.385366 0.860434 -0.333386 -0.614299 -0.878145 0.452947 0.153948 -0.235745 0.283468 0.233435 0.930136 0.387299 
1534969236148 0.38718 0.859691 -0.333201 -0.614494 -0.877288 0.454683 0.153718 -0.235651 0.283651 0.232797 0.930241 0.387209 
1534969236308 0.3892 0.858768 -0.333228 -0.614687 -0.876287 0.456692 0.153472 -0.235705 0.28398 0.232272 0.930272 0.387102 
1534969236466 0.391045 0.857877 -0.333364 -0.61493 -0.875368 0.458546 0.15319 -0.235678 0.284281 0.231911 0.93027 0.386929 
1534969236632 0.393134 0.856951 -0.333289 -0.61509 -0.874354 0.460578 0.152883 -0.235714 0.284519 0.231309 0.930347 0.386831 
1534969236790 0.39493 0.856153 -0.333215 -0.615334 -0.873492 0.462312 0.152577 -0.235661 0.284679 0.230803 0.930423 0.386716 
1534969236945 0.396794 0.85531 -0.333165 -0.615524 -0.872575 0.464129 0.152303 -0.235624 0.284898 0.230279 0.930486 0.386608 
1534969236958 0.397045 0.855196 -0.333161 -0.615542 -0.872447 0.464378 0.15228 -0.235613 0.284942 0.230203 0.930492 0.386597 
1534969237040 0.397654 0.854913 -0.33316 -0.615613 -0.872174 0.464953 0.152091 -0.235629 0.284928 0.230093 0.930523 0.38652 
1534969237172 0.399619 0.853985 -0.333187 -0.615735 -0.871114 0.466953 0.152038 -0.235733 0.285421 0.229487 0.930522 0.386505 
1534969237325 0.401581 0.853051 -0.333221 -0.615979 -0.869992 0.468997 0.15217 -0.235765 0.286088 0.228791 0.930488 0.386331 
1534969237485 0.40335 0.852257 -0.333117 -0.616177 -0.869097 0.470719 0.151967 -0.235716 0.286319 0.228216 0.930558 0.386195 
1534969237640 0.405347 0.851283 -0.333185 -0.6164 -0.868044 0.472725 0.151761 -0.235818 0.286696 0.227703 0.930568 0.386055 
1534969237792 0.407233 0.850358 -0.333247 -0.616523 -0.866999 0.474655 0.151707 -0.235881 0.287182 0.227145 0.930555 0.385921 
1534969237952 0.409134 0.84942 -0.333308 -0.616748 -0.865971 0.476576 0.151557 -0.235924 0.287583 0.226628 0.930557 0.385775 
1534969238104 0.41093 0.848528 -0.333372 -0.616908 -0.864945 0.478431 0.15157 -0.235941 0.288107 0.226064 0.930532 0.385564 
1534969238259 0.412714 0.847628 -0.333458 -0.617139 -0.863976 0.480234 0.151396 -0.235918 0.288465 0.225617 0.93053 0.385404 
1534969238279 0.412973 0.847501 -0.333459 -0.617174 -0.863834 0.480494 0.151382 -0.235898 0.288521 0.225536 0.930531 0.385384 
1534969238365 0.413728 0.847141 -0.333439 -0.617227 -0.863439 0.481234 0.151284 -0.23597 0.288621 0.225314 0.930555 0.385339 
1534969238504 0.415746 0.846266 -0.333149 -0.617391 -0.862436 0.483125 0.150979 -0.236018 0.288721 0.224551 0.930708 0.385166 
1534969238660 0.417697 0.845355 -0.333021 -0.617627 -0.861391 0.485035 0.150819 -0.236017 0.289022 0.223865 0.93078 0.384972 
1534969238816 0.419859 0.844379 -0.33278 -0.61785 -0.860325 0.487058 0.150387 -0.236115 0.289067 0.223157 0.930936 0.384754 
1534969238973 0.42165 0.843567 -0.332575 -0.618061 -0.85939 0.488768 0.150183 -0.236025 0.289241 0.222487 0.931042 0.384557 
1534969239134 0.423946 0.842495 -0.332374 -0.618264 -0.858193 0.490966 0.149859 -0.236216 0.289439 0.221709 0.931166 0.384409 
1534969239293 0.425687 0.841742 -0.332057 -0.618474 -0.857308 0.492582 0.149621 -0.236094 0.289507 0.220983 0.931317 0.384206 
1534969239522 0.429579 0.839954 -0.331572 -0.61888 -0.855215 0.496311 0.149276 -0.236097 0.289947 0.219439 0.931545 0.383953 
1534969239539 0.42993 0.839781 -0.331554 -0.618905 -0.855031 0.496647 0.14921 -0.236138 0.289969 0.219339 0.931562 0.383915 
1534969239774 0.432809 0.838363 -0.331398 -0.619191 -0.853434 0.499466 0.148945 -0.236122 0.290392 0.218362 0.93166 0.383741 
1534969239940 0.434906 0.837308 -0.33132 -0.619435 -0.852373 0.501443 0.148375 -0.236158 0.290374 0.217879 0.931779 0.383472 
1534969240102 0.437019 0.836203 -0.33133 -0.619615 -0.851221 0.503508 0.147995 -0.236241 0.290581 0.217358 0.931836 0.383296 
1534969240269 0.439176 0.835182 -0.331051 -0.619792 -0.850058 0.505551 0.147717 -0.23628 0.290733 0.216538 0.931979 0.383216 
1534969240438 0.441248 0.83409 -0.331049 -0.620082 -0.848863 0.507612 0.147516 -0.236267 0.291086 0.215925 0.932011 0.383041 
1534969240677 0.445477 0.831939 -0.330798 -0.620446 -0.846538 0.511678 0.146829 -0.236393 0.291415 0.214624 0.932209 0.38277 
1534969240834 0.447345 0.830972 -0.33071 -0.620677 -0.845554 0.51344 0.146352 -0.236314 0.291414 0.214163 0.932316 0.382541 
1534969240847 0.447604 0.830835 -0.330702 -0.620689 -0.84541 0.51369 0.146305 -0.236335 0.291433 0.214092 0.932326 0.382525 
1534969240910 0.448333 0.830448 -0.330686 -0.620747 -0.845031 0.514376 0.146081 -0.236424 0.29141 0.213948 0.932366 0.382445 
1534969241058 0.450123 0.829524 -0.330573 -0.62089 -0.843896 0.516195 0.146228 -0.236417 0.29194 0.213148 0.932384 0.382448 
1534969241213 0.452036 0.828462 -0.330627 -0.621111 -0.842694 0.518157 0.146222 -0.236501 0.292456 0.21252 0.932365 0.382265 
1534969241367 0.45368 0.827595 -0.330548 -0.621317 -0.841715 0.519777 0.14611 -0.236431 0.292731 0.21194 0.932411 0.382121 
1534969241519 0.455726 0.826467 -0.330554 -0.621503 -0.84046 0.521835 0.145997 -0.236589 0.293156 0.211283 0.932427 0.381967 
1534969241675 0.457424 0.825524 -0.330566 -0.621636 -0.839404 0.52355 0.145931 -0.236621 0.293538 0.210726 0.932432 0.381807 
1534969241893 0.461257 0.823368 -0.330618 -0.621993 -0.837044 0.527398 0.145636 -0.23681 0.294279 0.209566 0.93246 0.381555 
1534969242042 0.462888 0.822462 -0.330593 -0.622248 -0.836007 0.529044 0.145619 -0.236755 0.294664 0.208972 0.932472 0.381369 
1534969242059 0.463147 0.82232 -0.330583 -0.622274 -0.835837 0.529307 0.145635 -0.236743 0.294739 0.208863 0.932472 0.381362 
1534969242075 0.463419 0.822169 -0.330577 -0.6223 -0.83566 0.529585 0.145646 -0.236741 0.294814 0.208754 0.932473 0.381352 
1534969242232 0.46456 0.821622 -0.330335 -0.622391 -0.834991 0.530654 0.145592 -0.236723 0.294915 0.208191 0.932567 0.381251 
1534969242360 0.46604 0.820841 -0.330194 -0.622541 -0.834142 0.532056 0.145338 -0.236822 0.294981 0.207695 0.932657 0.381041 
1534969242485 0.467236 0.820314 -0.329811 -0.622652 -0.83348 0.533124 0.145227 -0.236748 0.294962 0.207036 0.93281 0.380941 
1534969242596 0.468593 0.819564 -0.329752 -0.622737 -0.832664 0.534445 0.145052 -0.236817 0.295114 0.206602 0.932858 0.380763 
1534969242712 0.469975 0.81883 -0.329608 -0.622847 -0.831852 0.53576 0.144859 -0.236871 0.295206 0.206105 0.932939 0.380594 
1534969242837 0.471167 0.818226 -0.329405 -0.623018 -0.831119 0.536901 0.144839 -0.23676 0.295369 0.205531 0.933013 0.380417 
1534969242950 0.472612 0.81752 -0.329087 -0.623093 -0.830274 0.53824 0.144718 -0.236839 0.295438 0.204837 0.933144 0.380344 
1534969243070 0.473891 0.816848 -0.328917 -0.62324 -0.829476 0.539477 0.144685 -0.236812 0.295629 0.204264 0.933209 0.380212 
1534969243087 0.474088 0.81674 -0.328901 -0.623256 -0.829356 0.539667 0.144664 -0.236808 0.29565 0.204193 0.933218 0.380187 
1534969243104 0.474294 0.816626 -0.328888 -0.623275 -0.82923 0.539867 0.144642 -0.236803 0.295674 0.204121 0.933226 0.380157 
1534969243124 0.474513 0.816506 -0.328871 -0.623296 -0.829095 0.54008 0.144622 -0.236794 0.295701 0.204041 0.933235 0.380122 
1534969243141 0.474676 0.81641 -0.328872 -0.623307 -0.828995 0.54024 0.144596 -0.2368 0.29572 0.203997 0.933239 0.380092 
1534969243210 0.47459 0.816476 -0.328832 -0.623266 -0.829069 0.540134 0.144568 -0.23679 0.29565 0.204014 0.933257 0.380032 
1534969243230 0.47442 0.816605 -0.328757 -0.623223 -0.829182 0.539947 0.144614 -0.236742 0.295604 0.203991 0.933277 0.38002 
1534969243300 0.474192 0.816952 -0.328225 -0.623027 -0.829326 0.539626 0.144988 -0.236481 0.295567 0.203453 0.933406 0.379936 
1534969243317 0.474379 0.816906 -0.32807 -0.622979 -0.829218 0.539778 0.145043 -0.236426 0.295572 0.203236 0.933452 0.379903 
1534969243340 0.474505 0.816884 -0.327941 -0.622922 -0.829136 0.539882 0.145124 -0.236356 0.295599 0.203046 0.933485 0.379835 
1534969243367 0.474595 0.816828 -0.32795 -0.622891 -0.829069 0.53998 0.145139 -0.236312 0.29564 0.203012 0.933479 0.379751 
1534969243384 0.47468 0.816775 -0.327961 -0.622882 -0.829026 0.540059 0.145092 -0.23631 0.295625 0.203016 0.933483 0.379715 
1534969243483 0.474879 0.81668 -0.327907 -0.622784 -0.828943 0.540219 0.144975 -0.236251 0.29554 0.20297 0.93352 0.379579 
1534969243533 0.47451 0.816919 -0.327848 -0.622627 -0.829118 0.539881 0.145232 -0.236121 0.295641 0.20291 0.933501 0.379689 
1534969243623 0.474251 0.816942 -0.328164 -0.622458 -0.829118 0.539792 0.145562 -0.236123 0.296056 0.203054 0.933338 0.379792 
1534969243678 0.474091 0.816998 -0.328255 -0.62232 -0.829169 0.539683 0.145676 -0.235952 0.296171 0.203115 0.933288 0.379755 
1534969243760 0.473935 0.817031 -0.3284 -0.622184 -0.829174 0.539618 0.145889 -0.235778 0.296406 0.203159 0.933204 0.379675 
1534969243825 0.473705 0.817141 -0.328456 -0.622018 -0.829215 0.53947 0.1462 -0.2356 0.296658 0.203105 0.933136 0.379616 
1534969243893 0.473763 0.817077 -0.328533 -0.621817 -0.829119 0.539583 0.146329 -0.23559 0.296833 0.203067 0.933088 0.379575 
1534969243958 0.47378 0.817041 -0.328596 -0.621647 -0.829067 0.539639 0.146416 -0.235481 0.296951 0.203059 0.933052 0.379545 
1534969243982 0.473725 0.817066 -0.328616 -0.621599 -0.829085 0.539599 0.146463 -0.235418 0.296991 0.203067 0.933038 0.379535 
1534969243998 0.47367 0.817087 -0.328643 -0.621556 -0.829104 0.53956 0.146499 -0.235375 0.297025 0.203087 0.933023 0.379526 
1534969244138 0.473227 0.81711 -0.329223 -0.621338 -0.82921 0.539342 0.146699 -0.235217 0.297433 0.203573 0.932787 0.379474 
1534969244270 0.472795 0.817011 -0.330088 -0.621107 -0.829203 0.539259 0.147043 -0.235156 0.298139 0.204189 0.932427 0.379663 
1534969244390 0.472416 0.816952 -0.330776 -0.620851 -0.829264 0.539128 0.147182 -0.235068 0.298572 0.204769 0.932161 0.379589 
1534969244509 0.472085 0.816898 -0.33138 -0.6206 -0.829325 0.539009 0.147272 -0.234938 0.298923 0.205297 0.931933 0.379602 
1534969244695 0.471076 0.817059 -0.332417 -0.620128 -0.82958 0.538454 0.147867 -0.234577 0.299808 0.20611 0.931469 0.379721 
1534969244822 0.470963 0.816888 -0.332999 -0.61983 -0.829461 0.538577 0.148083 -0.234569 0.300313 0.206468 0.931226 0.379806 
1534969244937 0.470461 0.816989 -0.33346 -0.619605 -0.829603 0.538281 0.148364 -0.234357 0.300707 0.20684 0.931017 0.379876 
1534969244962 0.470402 0.81697 -0.33359 -0.619571 -0.829602 0.538272 0.148403 -0.234331 0.300803 0.206938 0.930964 0.379875 
1534969244977 0.470299 0.816987 -0.333693 -0.619543 -0.829634 0.538212 0.148446 -0.234284 0.300876 0.207029 0.93092 0.379871 
1534969245118 0.470084 0.816959 -0.334063 -0.619325 -0.829668 0.538134 0.148534 -0.234194 0.301117 0.207339 0.930774 0.379882 
1534969245219 0.469676 0.81706 -0.334392 -0.619063 -0.829802 0.537872 0.148735 -0.234077 0.301385 0.207622 0.930624 0.379921 
1534969245324 0.469368 0.817073 -0.334791 -0.618785 -0.829873 0.537723 0.14888 -0.234029 0.30167 0.207954 0.930457 0.379968 
1534969245517 0.468488 0.817313 -0.335438 -0.618307 -0.830156 0.537151 0.149363 -0.233672 0.302257 0.208491 0.930146 0.380162 
1534969245649 0.468532 0.817067 -0.335976 -0.618 -0.829994 0.537386 0.149419 -0.233761 0.302635 0.208851 0.929943 0.380198 
1534969245762 0.467845 0.81733 -0.336291 -0.617822 -0.830311 0.536839 0.149626 -0.233428 0.302828 0.209224 0.929796 0.380199 
1534969245878 0.467502 0.817313 -0.336812 -0.617551 -0.830373 0.536698 0.149785 -0.233384 0.303187 0.209655 0.929582 0.380236 
1534969245898 0.467391 0.817358 -0.336854 -0.61751 -0.830419 0.536612 0.14984 -0.233324 0.303233 0.209696 0.929558 0.380249 
1534969245915 0.467279 0.817402 -0.336904 -0.617464 -0.830464 0.536527 0.149895 -0.233265 0.303282 0.209744 0.929531 0.380262 
1534969246057 0.467172 0.817289 -0.337327 -0.617252 -0.83036 0.536616 0.15015 -0.233328 0.303731 0.209957 0.929336 0.380273 
1534969246151 0.466421 0.817569 -0.337687 -0.617042 -0.830574 0.536113 0.150765 -0.233081 0.304299 0.210154 0.929106 0.380256 
1534969246260 0.465856 0.8177 -0.33815 -0.61679 -0.830665 0.535816 0.151314 -0.232969 0.304916 0.210399 0.928848 0.380278 
1534969246361 0.465365 0.817864 -0.338429 -0.616525 -0.830747 0.535535 0.15186 -0.232858 0.305442 0.210479 0.928657 0.380329 
1534969246473 0.464936 0.817935 -0.338845 -0.616245 -0.830744 0.535372 0.152449 -0.232796 0.306102 0.210615 0.928409 0.380399 
1534969246579 0.464353 0.818172 -0.339074 -0.616034 -0.830866 0.535001 0.153087 -0.232568 0.306657 0.210638 0.92822 0.38049 
1534969246681 0.46381 0.818229 -0.339678 -0.615781 -0.830956 0.534745 0.153494 -0.232485 0.307234 0.211066 0.927932 0.380441 
1534969246797 0.463485 0.818239 -0.340098 -0.615482 -0.830935 0.534654 0.153922 -0.232489 0.30778 0.211259 0.927708 0.380433 
1534969246820 0.463365 0.818285 -0.340152 -0.615442 -0.830965 0.534575 0.154034 -0.232447 0.307881 0.21128 0.927669 0.380442 
1534969247017 0.464177 0.817706 -0.340436 -0.615258 -0.830286 0.535555 0.154292 -0.232145 0.308488 0.211041 0.927522 0.380367 
1534969247210 0.465305 0.817015 -0.340555 -0.615006 -0.829713 0.536609 0.153712 -0.231631 0.30833 0.21104 0.927575 0.38014 
1534969247412 0.46647 0.81627 -0.340748 -0.614679 -0.828896 0.537863 0.153737 -0.2311 0.308767 0.210731 0.9275 0.380062 
1534969247612 0.467499 0.81558 -0.340991 -0.614358 -0.828236 0.53894 0.153521 -0.230594 0.308982 0.21065 0.927446 0.379872 
1534969247811 0.468676 0.814819 -0.341194 -0.614032 -0.827437 0.540187 0.153447 -0.230129 0.30934 0.2104 0.927384 0.379747 
1534969248004 0.469785 0.814079 -0.341433 -0.613706 -0.826692 0.541365 0.153312 -0.22964 0.309648 0.210237 0.927318 0.379601 
1534969248208 0.470583 0.813496 -0.341725 -0.613415 -0.826106 0.542267 0.153281 -0.228976 0.309999 0.210169 0.927216 0.379422 
1534969248408 0.471751 0.812723 -0.341955 -0.613091 -0.825281 0.543527 0.153266 -0.228465 0.310425 0.209906 0.927133 0.379274 
1534969248602 0.472854 0.81196 -0.342242 -0.612772 -0.824542 0.544701 0.153073 -0.228031 0.310709 0.209811 0.927059 0.379054 
1534969248626 0.472937 0.811908 -0.342252 -0.612726 -0.824487 0.544786 0.153063 -0.227916 0.310727 0.209794 0.927057 0.37903 
1534969248837 0.474312 0.811082 -0.342308 -0.612605 -0.823545 0.546206 0.153079 -0.227631 0.31113 0.209299 0.927034 0.37894 
1534969249065 0.476118 0.810075 -0.342183 -0.612371 -0.822365 0.54799 0.153047 -0.22701 0.311493 0.208531 0.927085 0.378699 
1534969249292 0.477924 0.809049 -0.342094 -0.612141 -0.821159 0.549794 0.153053 -0.226416 0.311909 0.207766 0.927117 0.378528 
1534969249521 0.479701 0.807952 -0.3422 -0.611906 -0.819974 0.5516 0.152906 -0.225821 0.312298 0.207245 0.927103 0.37822 
1534969249754 0.481617 0.806874 -0.342052 -0.611632 -0.818742 0.553464 0.15277 -0.225274 0.31258 0.206476 0.927179 0.378029 
1534969250068 0.483515 0.805761 -0.341998 -0.611368 -0.817481 0.55535 0.152678 -0.224724 0.312951 0.205755 0.927214 0.377824 
1534969250293 0.485316 0.804746 -0.341837 -0.611134 -0.816218 0.557159 0.152844 -0.224092 0.313458 0.204836 0.927246 0.377633 
1534969250519 0.486992 0.80375 -0.341796 -0.610894 -0.8151 0.558822 0.15274 -0.223438 0.313768 0.204214 0.927279 0.377424 
1534969250741 0.488836 0.802598 -0.341872 -0.610684 -0.813836 0.560693 0.152627 -0.222886 0.314183 0.203618 0.927269 0.377187 
1534969250765 0.489023 0.802485 -0.341868 -0.610644 -0.813704 0.560883 0.152632 -0.222792 0.314233 0.203538 0.92727 0.377164 
1534969251013 0.490809 0.801324 -0.342033 -0.61055 -0.812542 0.562667 0.152255 -0.22245 0.314457 0.203188 0.927271 0.376928 
1534969251265 0.493096 0.799932 -0.342003 -0.610413 -0.811102 0.564871 0.151774 -0.221697 0.314596 0.20256 0.927361 0.376744 
1534969251522 0.495546 0.7984 -0.342041 -0.610247 -0.809556 0.56724 0.151187 -0.221062 0.314727 0.201981 0.927443 0.376544 
1534969251769 0.497798 0.796975 -0.342095 -0.610127 -0.808153 0.569405 0.150555 -0.220461 0.314779 0.201519 0.927526 0.376324 
1534969252019 0.500032 0.795582 -0.342077 -0.609965 -0.806658 0.5716 0.150257 -0.219704 0.315073 0.200806 0.927581 0.376097 
1534969252258 0.502365 0.794101 -0.342101 -0.609769 -0.805166 0.573849 0.149681 -0.219078 0.315176 0.200253 0.927665 0.375878 
1534969252499 0.504779 0.792515 -0.342225 -0.609621 -0.803638 0.57618 0.148942 -0.218458 0.315222 0.199842 0.927738 0.375571 
1534969252743 0.507106 0.791013 -0.342261 -0.609476 -0.802104 0.578443 0.148437 -0.217813 0.315393 0.199256 0.927806 0.375353 
1534969252993 0.509322 0.789575 -0.342288 -0.609325 -0.800633 0.580598 0.147961 -0.217089 0.315558 0.198688 0.927872 0.375167 
1534969253013 0.509456 0.789483 -0.342303 -0.609314 -0.800552 0.580725 0.147899 -0.217023 0.315548 0.198684 0.927876 0.375136 
1534969253237 0.510833 0.788563 -0.342372 -0.609266 -0.799671 0.58205 0.147458 -0.216555 0.315557 0.198458 0.927921 0.374983 
1534969253464 0.512833 0.787181 -0.34256 -0.609166 -0.798433 0.583962 0.146605 -0.215977 0.315447 0.198327 0.927987 0.374727 
1534969253697 0.514912 0.785785 -0.342649 -0.60903 -0.797143 0.585926 0.145787 -0.215412 0.315324 0.198073 0.928083 0.374526 
1534969253930 0.516642 0.784621 -0.342712 -0.608921 -0.796038 0.587575 0.145186 -0.214645 0.315285 0.197803 0.928154 0.374329 
1534969254162 0.518603 0.783267 -0.342846 -0.60882 -0.794802 0.589441 0.144391 -0.21399 0.315184 0.197613 0.928228 0.374063 
1534969254394 0.520598 0.781885 -0.342979 -0.608711 -0.793527 0.591346 0.143611 -0.213365 0.315106 0.197399 0.9283 0.373838 
1534969254623 0.52241 0.780635 -0.343069 -0.608627 -0.792384 0.593058 0.142866 -0.212627 0.314986 0.197208 0.928382 0.373638 
1534969254854 0.524363 0.77922 -0.343308 -0.608505 -0.791146 0.594928 0.141949 -0.21203 0.314853 0.197174 0.928434 0.373348 
1534969255082 0.526229 0.777902 -0.343441 -0.608412 -0.789896 0.596735 0.14132 -0.211342 0.314876 0.196916 0.928481 0.373148 
1534969255106 0.526424 0.777766 -0.343451 -0.6084 -0.78977 0.59692 0.141242 -0.211304 0.314866 0.196894 0.928489 0.373142 
1534969255308 0.527389 0.777091 -0.343498 -0.608341 -0.789104 0.597861 0.140983 -0.210955 0.314921 0.196703 0.928511 0.373025 
1534969255522 0.529065 0.775956 -0.343486 -0.608239 -0.787988 0.599451 0.140473 -0.210385 0.314904 0.196344 0.928593 0.372742 
1534969255734 0.530542 0.774978 -0.343416 -0.608122 -0.787046 0.600814 0.139935 -0.209757 0.314776 0.196042 0.9287 0.372472 
1534969255949 0.532028 0.773974 -0.343382 -0.608032 -0.786058 0.602213 0.139474 -0.209095 0.314738 0.195714 0.928782 0.372272 
1534969256166 0.533348 0.772985 -0.34356 -0.607957 -0.785174 0.603496 0.138905 -0.208383 0.314709 0.19567 0.928801 0.371935 
1534969256469 0.536586 0.770747 -0.343548 -0.607725 -0.782923 0.606604 0.138069 -0.207268 0.314814 0.194886 0.92893 0.371474 
1534969256773 0.539568 0.768684 -0.343499 -0.607512 -0.780881 0.609432 0.137181 -0.205954 0.314788 0.194213 0.92908 0.371003 
1534969256793 0.539686 0.768603 -0.343495 -0.6075 -0.780821 0.609529 0.137085 -0.20586 0.314734 0.194225 0.929096 0.370968 
1534969256994 0.540386 0.768096 -0.343529 -0.607436 -0.780401 0.610163 0.136659 -0.205409 0.314576 0.194242 0.929146 0.370861 
1534969257206 0.54163 0.766934 -0.344165 -0.607283 -0.779514 0.611476 0.135846 -0.204897 0.314633 0.194703 0.92903 0.370696 
1534969257416 0.542761 0.766057 -0.344336 -0.607154 -0.778872 0.612495 0.134939 -0.204171 0.314275 0.194954 0.929098 0.370519 
1534969257716 0.545034 0.764118 -0.345052 -0.606878 -0.777362 0.614737 0.133438 -0.202823 0.314079 0.195502 0.92905 0.370151 
1534969257923 0.546132 0.763172 -0.345411 -0.606676 -0.776753 0.615745 0.132335 -0.202195 0.31368 0.196026 0.929074 0.369901 
1534969258130 0.547204 0.762223 -0.345808 -0.606546 -0.77605 0.616803 0.13153 -0.201505 0.313551 0.196391 0.929041 0.369661 
1534969258340 0.548111 0.761407 -0.34617 -0.606384 -0.775487 0.617682 0.130729 -0.200681 0.31336 0.196796 0.929019 0.369431 
1534969258557 0.549259 0.760345 -0.346683 -0.606232 -0.774723 0.618833 0.12981 -0.200076 0.313239 0.197284 0.928956 0.36924 
1534969258577 0.549376 0.760247 -0.346713 -0.606213 -0.774653 0.618941 0.12971 -0.199982 0.313207 0.197322 0.928959 0.369225 
1534969258775 0.550032 0.75972 -0.346829 -0.606184 -0.774242 0.619551 0.129251 -0.199703 0.313072 0.197437 0.92898 0.369062 
1534969258966 0.5511 0.758919 -0.346887 -0.606141 -0.773599 0.620505 0.128522 -0.199046 0.312782 0.197523 0.92906 0.368863 
1534969259164 0.552142 0.758122 -0.346972 -0.606008 -0.773 0.621422 0.127697 -0.198404 0.312426 0.197703 0.929141 0.368639 
1534969259357 0.553409 0.757135 -0.34711 -0.605924 -0.77217 0.622603 0.126962 -0.197924 0.312239 0.197766 0.929191 0.368401 
1534969259636 0.555633 0.755493 -0.347134 -0.605735 -0.770893 0.624522 0.12528 -0.196716 0.311441 0.197993 0.92941 0.36797 
1534969259834 0.556579 0.754743 -0.347249 -0.605682 -0.770409 0.625317 0.124292 -0.196019 0.31095 0.198345 0.9295 0.367699 
1534969260027 0.557697 0.753854 -0.347388 -0.605583 -0.769698 0.626343 0.12353 -0.195437 0.310707 0.198492 0.929549 0.367471 
1534969260221 0.558724 0.753075 -0.347427 -0.605479 -0.769117 0.627224 0.122678 -0.194808 0.3103 0.198669 0.929647 0.367261 
1534969260245 0.558872 0.752962 -0.347434 -0.605461 -0.769019 0.627359 0.122598 -0.194696 0.310278 0.198666 0.929656 0.367227 
1534969260402 0.559137 0.75278 -0.347403 -0.605483 -0.768956 0.627524 0.122152 -0.194379 0.309957 0.198838 0.929726 0.367125 
1534969260580 0.560398 0.751853 -0.347377 -0.605421 -0.768267 0.628574 0.121079 -0.194069 0.309386 0.199026 0.929876 0.366839 
1534969260772 0.561365 0.751257 -0.347104 -0.605408 -0.767888 0.629242 0.120012 -0.193441 0.308572 0.199167 0.930116 0.366657 
1534969260950 0.562117 0.750722 -0.347046 -0.605362 -0.767584 0.62979 0.119075 -0.192877 0.307959 0.199453 0.930258 0.366422 
1534969261133 0.56322 0.750008 -0.3468 -0.605315 -0.767023 0.630643 0.118179 -0.192397 0.307342 0.199443 0.930464 0.366229 
1534969261312 0.563964 0.749413 -0.346879 -0.605257 -0.766698 0.63122 0.117201 -0.191851 0.306789 0.199855 0.930558 0.365909 
1534969261484 0.564963 0.748693 -0.346807 -0.605284 -0.766157 0.632034 0.116344 -0.191288 0.306299 0.199979 0.930693 0.365699 
1534969261669 0.566027 0.747974 -0.346625 -0.605213 -0.765707 0.632801 0.115132 -0.190834 0.305461 0.200245 0.930911 0.365452 
1534969261853 0.566735 0.747479 -0.346535 -0.605202 -0.76543 0.6333 0.114226 -0.190146 0.304842 0.200513 0.931056 0.365209 
1534969261873 0.566915 0.747343 -0.346532 -0.605188 -0.765304 0.633467 0.114146 -0.190104 0.304823 0.200491 0.931067 0.365189 
1534969262044 0.567144 0.747103 -0.346678 -0.605143 -0.765452 0.633498 0.112977 -0.189817 0.304025 0.201291 0.931156 0.365002 
