1535161124390 0.220546 0.925324 -0.308438 -0.519941 -0.942901 0.283183 0.175344 -0.188608 0.249594 0.252155 0.934944 0.438874 
1535161135778 0.220546 0.925325 -0.308435 -0.519941 -0.942901 0.283182 0.175345 -0.188607 0.249595 0.252152 0.934945 0.438876 
1535161136906 0.227316 0.925226 -0.303783 -0.542693 -0.941559 0.288448 0.173967 -0.199576 0.248585 0.246484 0.936724 0.426764 
1535161138325 0.236483 0.925276 -0.296548 -0.577249 -0.939884 0.295226 0.17164 -0.216104 0.246363 0.238131 0.939467 0.407682 
1535161139544 0.241855 0.9254 -0.291788 -0.600366 -0.938886 0.299103 0.170382 -0.2268 0.244947 0.232748 0.941185 0.39486 
1535161140726 0.248212 0.925211 -0.28701 -0.623341 -0.937575 0.303956 0.169007 -0.237863 0.243605 0.227144 0.942901 0.382183 
1535161140761 0.247647 0.925375 -0.28697 -0.623461 -0.937731 0.303405 0.169136 -0.237738 0.243583 0.227214 0.94289 0.381808 
1535161141205 0.249169 0.925097 -0.286548 -0.62543 -0.937327 0.30478 0.1689 -0.238987 0.243583 0.226504 0.94306 0.380967 
1535161141632 0.249814 0.925056 -0.286119 -0.627735 -0.937211 0.305265 0.168668 -0.240212 0.24337 0.226018 0.943232 0.379642 
1535161142197 0.250163 0.92525 -0.285185 -0.631353 -0.937162 0.305387 0.168719 -0.241633 0.243199 0.225057 0.943506 0.377615 
1535161142654 0.250524 0.925265 -0.284821 -0.633695 -0.937114 0.30562 0.168562 -0.242728 0.243012 0.224681 0.943644 0.37619 
1535161142955 0.249904 0.925493 -0.284623 -0.633938 -0.937334 0.304942 0.168568 -0.242595 0.242802 0.224661 0.943703 0.375869 
1535161143152 0.249912 0.925055 -0.286038 -0.634062 -0.937146 0.30538 0.168823 -0.242773 0.243521 0.225868 0.943229 0.376113 
1535161143340 0.248906 0.924679 -0.288123 -0.634325 -0.937215 0.304987 0.16915 -0.243274 0.244283 0.227931 0.942535 0.376162 
1535161143570 0.247263 0.924123 -0.291304 -0.63501 -0.937375 0.30426 0.169568 -0.243785 0.245334 0.231134 0.941482 0.376284 
1535161143682 0.246759 0.923882 -0.292491 -0.635261 -0.937352 0.304145 0.1699 -0.243943 0.245927 0.232243 0.941054 0.376258 
1535161143784 0.246046 0.923761 -0.293474 -0.635472 -0.937463 0.30372 0.170051 -0.244045 0.24622 0.233281 0.940721 0.376277 
1535161143988 0.245649 0.923549 -0.294473 -0.635738 -0.937436 0.30365 0.170325 -0.244219 0.24672 0.23421 0.940359 0.376401 
1535161144005 0.245639 0.923546 -0.294488 -0.635739 -0.937438 0.303644 0.170322 -0.244218 0.24672 0.234227 0.940355 0.376397 
1535161144211 0.244399 0.924133 -0.293678 -0.635549 -0.937751 0.302325 0.170946 -0.244213 0.246763 0.233618 0.940495 0.376347 
1535161144353 0.244098 0.924246 -0.293572 -0.635519 -0.937645 0.302193 0.171757 -0.24456 0.247461 0.233341 0.94038 0.376558 
1535161144594 0.241642 0.924892 -0.29357 -0.635568 -0.938148 0.299981 0.172886 -0.244755 0.247966 0.233635 0.940174 0.376651 
1535161144794 0.240417 0.925213 -0.293564 -0.63562 -0.938245 0.29902 0.174024 -0.245084 0.248791 0.233597 0.939966 0.376849 
1535161144815 0.240167 0.925273 -0.293579 -0.635626 -0.938292 0.2988 0.174143 -0.24512 0.248851 0.23364 0.939939 0.376854 
1535161144835 0.239953 0.925326 -0.293587 -0.635633 -0.938322 0.298622 0.174289 -0.24515 0.248946 0.233658 0.93991 0.37686 
1535161145025 0.239463 0.925651 -0.292965 -0.635565 -0.938459 0.298027 0.174569 -0.245202 0.248901 0.233133 0.940052 0.376868 
1535161145149 0.239088 0.926117 -0.291794 -0.635475 -0.938689 0.297324 0.174532 -0.245413 0.248394 0.232175 0.940423 0.376857 
1535161145215 0.23858 0.926364 -0.291425 -0.635437 -0.938853 0.296738 0.174645 -0.245435 0.248262 0.231939 0.940516 0.376853 
1535161145284 0.238343 0.926535 -0.291077 -0.63541 -0.938919 0.296441 0.174794 -0.24549 0.24824 0.231637 0.940596 0.376854 
1535161145354 0.237998 0.926799 -0.290519 -0.635363 -0.939031 0.295985 0.174968 -0.245561 0.24815 0.231164 0.940736 0.376867 
1535161145432 0.237575 0.927012 -0.290183 -0.635341 -0.939165 0.295495 0.175078 -0.245632 0.248047 0.230936 0.940819 0.376873 
1535161145587 0.237913 0.926981 -0.290005 -0.635321 -0.939138 0.295728 0.17483 -0.245683 0.247827 0.23076 0.940921 0.376822 
1535161145728 0.238461 0.926833 -0.29003 -0.635279 -0.939079 0.296179 0.174378 -0.245489 0.24752 0.230779 0.940997 0.376829 
1535161145778 0.239032 0.926747 -0.289834 -0.635251 -0.938977 0.296646 0.174135 -0.245481 0.247358 0.230524 0.941102 0.376794 
1535161145914 0.240025 0.92682 -0.288779 -0.635112 -0.939021 0.297117 0.173093 -0.24546 0.246228 0.229623 0.941618 0.376715 
1535161145953 0.240504 0.926852 -0.288276 -0.635034 -0.939033 0.297354 0.172621 -0.245433 0.245714 0.229185 0.941859 0.376688 
1535161146091 0.241298 0.926915 -0.28741 -0.634892 -0.939088 0.297708 0.171708 -0.245304 0.244723 0.22847 0.942291 0.376684 
1535161146245 0.242092 0.926938 -0.286666 -0.634775 -0.939134 0.298094 0.170784 -0.245256 0.243759 0.227873 0.942685 0.376553 
1535161146269 0.242102 0.926938 -0.286658 -0.634773 -0.939133 0.298101 0.170779 -0.245256 0.243755 0.227864 0.942689 0.376551 
1535161146520 0.243026 0.926518 -0.287232 -0.634476 -0.938768 0.299205 0.170851 -0.245024 0.244238 0.228123 0.942501 0.376714 
1535161146752 0.244478 0.92617 -0.287123 -0.634023 -0.938521 0.300448 0.170026 -0.244775 0.243738 0.227903 0.942683 0.376919 
1535161146975 0.245875 0.925852 -0.286956 -0.633663 -0.938281 0.301633 0.169252 -0.244462 0.243258 0.227631 0.942873 0.377013 
1535161147215 0.24761 0.925434 -0.286811 -0.633183 -0.937991 0.303106 0.168223 -0.244305 0.242614 0.227372 0.943102 0.377127 
1535161147243 0.247798 0.925387 -0.286801 -0.633115 -0.93796 0.303266 0.168107 -0.244295 0.242541 0.227351 0.943125 0.377138 
1535161147480 0.247833 0.925391 -0.286759 -0.632755 -0.938029 0.303218 0.167811 -0.244068 0.242241 0.227399 0.943191 0.377173 
1535161147724 0.248122 0.925349 -0.286645 -0.632112 -0.938002 0.303427 0.167584 -0.243717 0.242049 0.227293 0.943266 0.377423 
1535161147969 0.248383 0.925383 -0.286308 -0.631504 -0.937973 0.303578 0.167476 -0.243288 0.241896 0.226951 0.943387 0.377757 
1535161148218 0.248995 0.925199 -0.286371 -0.630833 -0.937904 0.304086 0.166937 -0.243048 0.241531 0.227022 0.943464 0.377861 
1535161148380 0.249432 0.925064 -0.286426 -0.630513 -0.937771 0.304529 0.166879 -0.24295 0.241599 0.226977 0.943457 0.37802 
1535161148579 0.249727 0.925002 -0.28637 -0.63028 -0.937692 0.304801 0.166827 -0.242914 0.241601 0.226865 0.943484 0.378151 
1535161148859 0.24916 0.925048 -0.286717 -0.6297 -0.937749 0.30441 0.167219 -0.24253 0.241965 0.227204 0.943309 0.378262 
1535161149056 0.249165 0.924989 -0.286899 -0.629245 -0.937616 0.304571 0.167668 -0.242413 0.242472 0.227224 0.943173 0.378427 
1535161149392 0.248966 0.924904 -0.287347 -0.627717 -0.937436 0.30468 0.168474 -0.241888 0.243371 0.227425 0.942894 0.378878 
1535161149701 0.249061 0.924713 -0.287881 -0.626703 -0.937185 0.305079 0.169147 -0.241547 0.244238 0.22767 0.94261 0.379147 
1535161149936 0.249379 0.924539 -0.288164 -0.626154 -0.936961 0.305564 0.169514 -0.241512 0.244775 0.227725 0.942458 0.379306 
1535161149996 0.249037 0.924622 -0.288192 -0.626005 -0.937028 0.305266 0.169682 -0.241284 0.244867 0.227787 0.942419 0.379348 
1535161150249 0.248878 0.924627 -0.288313 -0.625022 -0.936792 0.305394 0.17075 -0.241042 0.245929 0.227593 0.942189 0.379544 
1535161150444 0.24887 0.924577 -0.288479 -0.624575 -0.936542 0.30565 0.171657 -0.240861 0.246884 0.227453 0.941973 0.379778 
1535161150735 0.248453 0.924683 -0.288499 -0.623667 -0.936419 0.305471 0.172646 -0.240449 0.247771 0.227262 0.941786 0.380008 
1535161150996 0.248238 0.924678 -0.2887 -0.62276 -0.936153 0.3056 0.173859 -0.240092 0.24899 0.227108 0.941502 0.380247 
1535161151302 0.248336 0.924567 -0.288971 -0.622105 -0.93588 0.305969 0.174676 -0.239948 0.249916 0.227064 0.941267 0.380465 
1535161151329 0.248354 0.924565 -0.288962 -0.6221 -0.935866 0.305993 0.174708 -0.239957 0.249949 0.22704 0.941264 0.38048 
1535161151572 0.248349 0.92456 -0.288984 -0.621747 -0.935834 0.306022 0.174828 -0.239797 0.250074 0.227023 0.941235 0.380546 
1535161151797 0.248205 0.92452 -0.289235 -0.621254 -0.93586 0.305944 0.174826 -0.239471 0.25012 0.227291 0.941158 0.380702 
1535161152067 0.248129 0.924482 -0.289422 -0.620424 -0.935873 0.305913 0.17481 -0.239087 0.250146 0.227487 0.941104 0.380918 
1535161152293 0.248112 0.924469 -0.289477 -0.619874 -0.935862 0.305922 0.174857 -0.238862 0.250207 0.227527 0.941078 0.381187 
1535161152324 0.248084 0.924475 -0.289482 -0.619759 -0.935871 0.305894 0.174853 -0.238791 0.250199 0.22754 0.941077 0.381197 
1535161152339 0.248176 0.924444 -0.289501 -0.619704 -0.935842 0.305991 0.174844 -0.238786 0.250218 0.227535 0.941073 0.381204 
1535161152568 0.247968 0.924347 -0.28999 -0.619421 -0.935809 0.305965 0.175064 -0.238567 0.250547 0.227965 0.940882 0.381351 
1535161152811 0.248217 0.92399 -0.290914 -0.618714 -0.935543 0.306559 0.175446 -0.238327 0.251293 0.228613 0.940525 0.381591 
1535161152949 0.248541 0.923772 -0.29133 -0.618436 -0.935335 0.307057 0.175683 -0.238409 0.251746 0.228827 0.940352 0.381735 
1535161153162 0.248548 0.923604 -0.291857 -0.617985 -0.935191 0.307293 0.176037 -0.238134 0.252274 0.229188 0.940123 0.381849 
1535161153228 0.248406 0.923586 -0.292033 -0.617798 -0.935189 0.307228 0.176161 -0.238037 0.252421 0.229346 0.940045 0.381959 
1535161153241 0.248524 0.923544 -0.292065 -0.617763 -0.935143 0.307359 0.176174 -0.238097 0.252474 0.22934 0.940032 0.381993 
1535161153527 0.248815 0.923456 -0.292098 -0.617385 -0.935126 0.307588 0.175867 -0.237875 0.252251 0.22939 0.94008 0.381969 
1535161153731 0.249184 0.923317 -0.292222 -0.616932 -0.935076 0.307918 0.175553 -0.237544 0.252071 0.229505 0.9401 0.382142 
1535161153850 0.249619 0.923187 -0.29226 -0.61668 -0.935011 0.308294 0.175241 -0.237702 0.251882 0.229523 0.940146 0.382204 
1535161154051 0.249721 0.923111 -0.292413 -0.616322 -0.934972 0.30843 0.175208 -0.237322 0.251926 0.229645 0.940105 0.382312 
1535161154092 0.249572 0.923152 -0.292411 -0.61618 -0.935039 0.308264 0.175147 -0.237209 0.251827 0.229704 0.940117 0.382354 
1535161154109 0.249562 0.923154 -0.292413 -0.616138 -0.93505 0.308247 0.175117 -0.237203 0.251795 0.229718 0.940122 0.382372 
1535161154298 0.249582 0.923068 -0.292668 -0.616028 -0.935045 0.308314 0.175026 -0.237107 0.251795 0.229974 0.940059 0.382468 
1535161154520 0.249637 0.922829 -0.293373 -0.615509 -0.935036 0.308494 0.174755 -0.236921 0.251773 0.230689 0.93989 0.38264 
1535161154564 0.249304 0.922875 -0.293512 -0.615376 -0.93515 0.30818 0.174698 -0.236754 0.251679 0.230925 0.939857 0.382682 
1535161154744 0.249438 0.922774 -0.293717 -0.614984 -0.935099 0.308361 0.174653 -0.236654 0.251736 0.231089 0.939802 0.382875 
1535161154847 0.24991 0.922506 -0.294155 -0.614757 -0.934995 0.308873 0.174306 -0.236784 0.251655 0.231473 0.939729 0.382957 
1535161155151 0.249447 0.922725 -0.293863 -0.614255 -0.935086 0.308407 0.174641 -0.236219 0.251775 0.231224 0.939758 0.383095 
1535161155403 0.249698 0.922601 -0.294037 -0.613521 -0.934982 0.308712 0.174657 -0.235908 0.251911 0.231308 0.939701 0.383285 
1535161155603 0.250349 0.922359 -0.294243 -0.612985 -0.934778 0.309399 0.174536 -0.235878 0.252024 0.231357 0.939659 0.383471 
1535161155627 0.250297 0.922367 -0.294263 -0.612909 -0.93479 0.309355 0.174551 -0.235812 0.252031 0.231384 0.93965 0.383483 
1535161155643 0.250268 0.922368 -0.294286 -0.61284 -0.93479 0.309338 0.174578 -0.235772 0.252059 0.231404 0.939637 0.383505 
1535161155871 0.250553 0.922551 -0.293467 -0.612347 -0.934744 0.309427 0.174668 -0.235499 0.251947 0.230553 0.939877 0.383598 
1535161156151 0.250788 0.922845 -0.292339 -0.611431 -0.934771 0.309355 0.17465 -0.235075 0.251611 0.22947 0.940231 0.3838 
1535161156206 0.250933 0.922907 -0.292021 -0.611178 -0.934736 0.309429 0.174708 -0.235055 0.251599 0.229122 0.94032 0.383889 
1535161156221 0.251083 0.922887 -0.291953 -0.611145 -0.934687 0.309567 0.174723 -0.235087 0.251629 0.229014 0.940338 0.383911 
1535161156385 0.250954 0.92298 -0.291771 -0.610934 -0.934686 0.309442 0.174951 -0.234788 0.251762 0.22881 0.940352 0.383978 
1535161156661 0.2516 0.922576 -0.292491 -0.609895 -0.934255 0.310427 0.175506 -0.234498 0.252715 0.229104 0.940025 0.384236 
1535161156902 0.252086 0.922435 -0.292517 -0.609156 -0.933958 0.311044 0.175992 -0.234291 0.253327 0.228833 0.939926 0.384461 
1535161157141 0.252475 0.922316 -0.292557 -0.608482 -0.933666 0.311592 0.176576 -0.23399 0.254017 0.22857 0.939804 0.384739 
1535161157167 0.252518 0.922294 -0.292591 -0.608371 -0.933647 0.311645 0.176581 -0.234 0.254044 0.228586 0.939792 0.38475 
1535161157377 0.252888 0.92222 -0.292501 -0.608023 -0.933468 0.312051 0.176809 -0.233705 0.254332 0.228328 0.939777 0.38482 
1535161157566 0.253201 0.922336 -0.291865 -0.607569 -0.933482 0.312139 0.17658 -0.233606 0.253969 0.22774 0.940018 0.384926 
1535161157900 0.253544 0.922443 -0.29123 -0.606497 -0.933456 0.312283 0.176463 -0.232908 0.253723 0.227109 0.940237 0.385054 
1535161158147 0.254398 0.922398 -0.290624 -0.605699 -0.933257 0.312951 0.176333 -0.232679 0.253601 0.226368 0.940449 0.385211 
1535161158324 0.254888 0.922365 -0.290302 -0.605288 -0.933107 0.31337 0.176381 -0.232572 0.25366 0.225926 0.940539 0.385335 
1535161158403 0.254923 0.922395 -0.290176 -0.605046 -0.933108 0.31337 0.176377 -0.23248 0.253622 0.225803 0.940579 0.385372 
1535161158417 0.254964 0.922388 -0.290162 -0.60502 -0.933098 0.313406 0.176368 -0.2325 0.253618 0.225782 0.940585 0.385379 
1535161158611 0.254572 0.922669 -0.289612 -0.604802 -0.93324 0.312895 0.176521 -0.232231 0.253488 0.22534 0.940726 0.385441 
1535161158851 0.254468 0.923097 -0.288336 -0.603997 -0.933379 0.312454 0.176567 -0.231819 0.253081 0.224196 0.941109 0.385578 
1535161159048 0.254486 0.923383 -0.287402 -0.603412 -0.933452 0.312224 0.176588 -0.231633 0.252792 0.223337 0.941391 0.385663 
1535161159108 0.254302 0.923515 -0.287143 -0.603171 -0.933539 0.311966 0.176585 -0.231517 0.252658 0.223153 0.94147 0.385684 
1535161159285 0.25449 0.923729 -0.286285 -0.602824 -0.933559 0.311919 0.176564 -0.231367 0.252396 0.22233 0.941735 0.385763 
1535161159311 0.254637 0.923794 -0.285946 -0.602779 -0.933531 0.311984 0.176597 -0.231356 0.252349 0.221972 0.941832 0.385772 
1535161159491 0.254677 0.924246 -0.284445 -0.602399 -0.933686 0.311589 0.176472 -0.231021 0.251733 0.220639 0.94231 0.385659 
1535161159540 0.254634 0.924442 -0.283844 -0.602158 -0.933764 0.311376 0.176437 -0.230885 0.251488 0.220116 0.942498 0.385677 
1535161159652 0.255056 0.924515 -0.28323 -0.601907 -0.933648 0.311661 0.176545 -0.230909 0.25149 0.219408 0.942663 0.385699 
1535161159694 0.254898 0.924746 -0.282616 -0.601735 -0.933757 0.311336 0.176542 -0.230684 0.251245 0.218894 0.942847 0.38571 
1535161160058 0.255256 0.92495 -0.281624 -0.601354 -0.933769 0.311393 0.176381 -0.230607 0.250839 0.21795 0.943174 0.385693 
1535161160295 0.255485 0.925136 -0.280805 -0.601533 -0.933703 0.311458 0.176614 -0.230599 0.250851 0.217066 0.943375 0.385651 
1535161160490 0.256024 0.925575 -0.27886 -0.601354 -0.933812 0.31138 0.176174 -0.230433 0.249894 0.215298 0.944034 0.385535 
1535161160681 0.256595 0.926004 -0.276904 -0.601142 -0.933857 0.311381 0.175935 -0.230301 0.24914 0.213445 0.944654 0.385379 
1535161160752 0.257001 0.926148 -0.276045 -0.60103 -0.933781 0.311576 0.175995 -0.230268 0.249006 0.212535 0.944894 0.385318 
1535161160877 0.257162 0.926392 -0.275074 -0.600936 -0.933882 0.311421 0.175732 -0.230193 0.248461 0.211695 0.945226 0.385234 
1535161161124 0.257568 0.926572 -0.274086 -0.600848 -0.933857 0.311548 0.17564 -0.230089 0.248134 0.210718 0.94553 0.385142 
1535161161149 0.257569 0.926573 -0.274082 -0.600847 -0.933857 0.311548 0.175638 -0.230089 0.248132 0.210715 0.945532 0.385143 
1535161161158 0.257571 0.926573 -0.274079 -0.600847 -0.933857 0.311549 0.175638 -0.230089 0.24813 0.210711 0.945533 0.385143 
1535161161358 0.257813 0.926717 -0.273366 -0.600912 -0.933966 0.311496 0.175151 -0.230156 0.247467 0.210158 0.94583 0.385129 
1535161161538 0.25851 0.926957 -0.271889 -0.600959 -0.934012 0.311683 0.174574 -0.230052 0.246566 0.208819 0.946361 0.38496 
1535161161694 0.259177 0.927182 -0.270483 -0.600983 -0.934046 0.311871 0.174054 -0.23004 0.245735 0.207533 0.94686 0.384877 
1535161161738 0.259498 0.927293 -0.269794 -0.600953 -0.934074 0.31195 0.173758 -0.23006 0.245287 0.206917 0.947111 0.384854 
1535161162075 0.25981 0.927508 -0.268753 -0.600958 -0.934098 0.311962 0.173614 -0.229988 0.244869 0.205935 0.947433 0.384782 
1535161163453 0.248675 0.926288 -0.283111 -0.572582 -0.936557 0.304496 0.173616 -0.216945 0.247024 0.221976 0.943242 0.404211 
1535161165736 0.213351 0.919761 -0.329424 -0.472626 -0.943968 0.280977 0.173138 -0.171461 0.251806 0.274027 0.928172 0.473791 
1535161175609 0.214 0.91947 -0.329816 -0.472338 -0.943667 0.281828 0.173393 -0.171429 0.252381 0.274131 0.927985 0.474244 
1535161175626 0.214 0.91947 -0.329816 -0.472338 -0.943667 0.281828 0.173393 -0.171429 0.252381 0.274131 0.927985 0.474244 
1535161175647 0.214 0.91947 -0.329816 -0.472338 -0.943667 0.281828 0.173393 -0.171429 0.252381 0.27413 0.927985 0.474244 
1535161175665 0.214 0.91947 -0.329816 -0.472338 -0.943667 0.281828 0.173393 -0.171429 0.252381 0.27413 0.927985 0.474244 
1535161175682 0.214001 0.91947 -0.329816 -0.472338 -0.943667 0.281829 0.173392 -0.17143 0.252381 0.274131 0.927985 0.474244 
1535161175707 0.214002 0.91947 -0.329816 -0.472338 -0.943667 0.28183 0.173392 -0.17143 0.252381 0.27413 0.927985 0.474244 
1535161175724 0.214003 0.91947 -0.329816 -0.472338 -0.943667 0.281831 0.173392 -0.17143 0.252381 0.27413 0.927985 0.474244 
1535161175740 0.214003 0.919469 -0.329816 -0.472338 -0.943666 0.281831 0.173392 -0.171431 0.252381 0.27413 0.927985 0.474244 
1535161177164 0.214008 0.919468 -0.329817 -0.472338 -0.943665 0.281836 0.173391 -0.171431 0.252381 0.27413 0.927985 0.474244 
1535161177183 0.214008 0.919468 -0.329817 -0.472338 -0.943665 0.281836 0.17339 -0.171431 0.252381 0.27413 0.927985 0.474244 
1535161177203 0.214008 0.919468 -0.329817 -0.472338 -0.943665 0.281836 0.17339 -0.171431 0.252381 0.27413 0.927985 0.474244 
1535161177217 0.214008 0.919468 -0.329817 -0.472338 -0.943665 0.281836 0.173391 -0.171431 0.252381 0.27413 0.927985 0.474244 
1535161177237 0.214008 0.919468 -0.329817 -0.472338 -0.943665 0.281836 0.173391 -0.171431 0.252381 0.27413 0.927985 0.474244 
1535161177255 0.214008 0.919468 -0.329817 -0.472338 -0.943665 0.281836 0.17339 -0.171431 0.252381 0.27413 0.927985 0.474244 
1535161177274 0.214008 0.919468 -0.329817 -0.472338 -0.943665 0.281836 0.173391 -0.171431 0.252381 0.27413 0.927985 0.474244 
1535161177292 0.214008 0.919468 -0.329817 -0.472338 -0.943665 0.281836 0.17339 -0.171431 0.252381 0.27413 0.927985 0.474244 
1535161177546 0.214009 0.919468 -0.329817 -0.472338 -0.943665 0.281837 0.17339 -0.171431 0.252381 0.27413 0.927985 0.474244 
1535161177561 0.214008 0.919468 -0.329817 -0.472338 -0.943665 0.281836 0.17339 -0.171431 0.252381 0.27413 0.927985 0.474244 
1535161177581 0.214009 0.919468 -0.329817 -0.472338 -0.943665 0.281837 0.17339 -0.171431 0.252381 0.27413 0.927985 0.474244 
1535161177598 0.214009 0.919468 -0.329817 -0.472338 -0.943665 0.281837 0.17339 -0.171431 0.252381 0.27413 0.927985 0.474244 
1535161177617 0.214009 0.919468 -0.329817 -0.472338 -0.943665 0.281837 0.17339 -0.171431 0.252381 0.27413 0.927985 0.474244 
1535161177632 0.214009 0.919468 -0.329817 -0.472338 -0.943665 0.281837 0.17339 -0.171431 0.252381 0.27413 0.927985 0.474244 
1535161177651 0.214009 0.919468 -0.329817 -0.472338 -0.943665 0.281836 0.17339 -0.171431 0.252381 0.27413 0.927985 0.474244 
1535161177671 0.214009 0.919468 -0.329817 -0.472338 -0.943665 0.281837 0.17339 -0.171431 0.252381 0.27413 0.927985 0.474244 
1535161177689 0.214009 0.919468 -0.329817 -0.472338 -0.943665 0.281837 0.17339 -0.171431 0.252381 0.27413 0.927985 0.474244 
1535161177798 0.214009 0.919468 -0.329818 -0.472338 -0.943665 0.281837 0.17339 -0.171431 0.252381 0.27413 0.927985 0.474244 
1535161177805 0.214009 0.919468 -0.329817 -0.472338 -0.943665 0.281837 0.17339 -0.171431 0.252381 0.27413 0.927985 0.474244 
1535161177821 0.214009 0.919468 -0.329817 -0.472338 -0.943665 0.281837 0.17339 -0.171431 0.252381 0.27413 0.927985 0.474244 
1535161177838 0.214009 0.919467 -0.329818 -0.472338 -0.943665 0.281837 0.17339 -0.171431 0.252381 0.27413 0.927985 0.474244 
1535161177861 0.214009 0.919468 -0.329817 -0.472338 -0.943665 0.281837 0.17339 -0.171431 0.252381 0.27413 0.927985 0.474244 
1535161177878 0.214009 0.919468 -0.329817 -0.472338 -0.943665 0.281837 0.17339 -0.171431 0.252381 0.27413 0.927985 0.474244 
1535161177895 0.214009 0.919468 -0.329817 -0.472338 -0.943665 0.281837 0.17339 -0.171431 0.252381 0.27413 0.927985 0.474244 
1535161177914 0.214009 0.919467 -0.329818 -0.472338 -0.943665 0.281837 0.17339 -0.171431 0.252381 0.27413 0.927985 0.474244 
1535161177931 0.214009 0.919468 -0.329817 -0.472338 -0.943665 0.281837 0.17339 -0.171431 0.252381 0.27413 0.927985 0.474244 
1535161178195 0.214009 0.919467 -0.329818 -0.472338 -0.943665 0.281837 0.17339 -0.171431 0.252381 0.27413 0.927985 0.474244 
1535161178217 0.214009 0.919467 -0.329817 -0.472338 -0.943665 0.281837 0.17339 -0.171431 0.252381 0.27413 0.927985 0.474244 
1535161178234 0.214009 0.919467 -0.329817 -0.472338 -0.943665 0.281837 0.17339 -0.171431 0.252381 0.27413 0.927985 0.474244 
1535161178251 0.214009 0.919467 -0.329818 -0.472338 -0.943665 0.281837 0.17339 -0.171431 0.252382 0.274131 0.927985 0.474244 
1535161178272 0.214009 0.919467 -0.329818 -0.472338 -0.943665 0.281837 0.17339 -0.171431 0.252381 0.27413 0.927985 0.474244 
1535161178286 0.214009 0.919467 -0.329818 -0.472338 -0.943665 0.281837 0.17339 -0.171431 0.252381 0.27413 0.927985 0.474244 
1535161178300 0.214009 0.919467 -0.329818 -0.472338 -0.943665 0.281837 0.17339 -0.171431 0.252381 0.27413 0.927985 0.474244 
1535161178333 0.21401 0.919467 -0.329818 -0.472338 -0.943665 0.281838 0.17339 -0.171431 0.252381 0.27413 0.927985 0.474244 
1535161178533 0.21401 0.919467 -0.329818 -0.472338 -0.943665 0.281838 0.17339 -0.171431 0.252381 0.27413 0.927985 0.474244 
1535161178558 0.21401 0.919467 -0.329818 -0.472338 -0.943665 0.281838 0.17339 -0.171431 0.252381 0.274131 0.927985 0.474244 
1535161178575 0.21401 0.919467 -0.329817 -0.472338 -0.943665 0.281838 0.17339 -0.171431 0.252381 0.27413 0.927985 0.474245 
1535161178595 0.21401 0.919467 -0.329818 -0.472338 -0.943665 0.281838 0.17339 -0.171431 0.252381 0.27413 0.927985 0.474244 
1535161178612 0.21401 0.919467 -0.329818 -0.472338 -0.943665 0.281838 0.17339 -0.171431 0.252382 0.27413 0.927985 0.474244 
1535161178633 0.21401 0.919467 -0.329817 -0.472338 -0.943665 0.281838 0.17339 -0.171431 0.252381 0.27413 0.927985 0.474245 
1535161178650 0.21401 0.919467 -0.329818 -0.472338 -0.943665 0.281838 0.17339 -0.171431 0.252381 0.27413 0.927985 0.474244 
1535161179018 0.21401 0.919467 -0.329818 -0.472338 -0.943665 0.281838 0.17339 -0.171431 0.252382 0.274131 0.927985 0.474244 
1535161179041 0.21401 0.919467 -0.329818 -0.472338 -0.943665 0.281838 0.17339 -0.171431 0.252381 0.27413 0.927985 0.474245 
1535161179070 0.21401 0.919467 -0.329818 -0.472338 -0.943665 0.281838 0.17339 -0.171431 0.252381 0.274131 0.927985 0.474244 
1535161179096 0.21401 0.919467 -0.329818 -0.472338 -0.943665 0.281838 0.17339 -0.171431 0.252382 0.274131 0.927985 0.474244 
1535161179113 0.21401 0.919467 -0.329818 -0.472338 -0.943665 0.281838 0.17339 -0.171431 0.252382 0.27413 0.927985 0.474245 
1535161179130 0.21401 0.919467 -0.329818 -0.472338 -0.943665 0.281838 0.17339 -0.171432 0.252381 0.274131 0.927985 0.474244 
1535161179148 0.214011 0.919467 -0.329818 -0.472338 -0.943665 0.281839 0.17339 -0.171431 0.252381 0.27413 0.927985 0.474244 
1535161179170 0.21401 0.919467 -0.329818 -0.472338 -0.943665 0.281838 0.17339 -0.171431 0.252381 0.27413 0.927985 0.474245 
1535161179185 0.21401 0.919467 -0.329818 -0.472338 -0.943665 0.281839 0.17339 -0.171431 0.252382 0.274131 0.927985 0.474244 
1535161179453 0.21401 0.919467 -0.329818 -0.472338 -0.943665 0.281838 0.17339 -0.171431 0.252381 0.274131 0.927985 0.474244 
1535161179468 0.214011 0.919467 -0.329818 -0.472338 -0.943665 0.281838 0.17339 -0.171431 0.252381 0.27413 0.927985 0.474244 
1535161179491 0.21401 0.919467 -0.329818 -0.472338 -0.943665 0.281838 0.17339 -0.171431 0.252382 0.274131 0.927985 0.474244 
1535161179511 0.214011 0.919467 -0.329818 -0.472338 -0.943665 0.281839 0.17339 -0.171431 0.252382 0.27413 0.927985 0.474245 
1535161179537 0.21401 0.919467 -0.329818 -0.472338 -0.943665 0.281838 0.17339 -0.171431 0.252382 0.274131 0.927985 0.474244 
1535161179552 0.214011 0.919467 -0.329818 -0.472338 -0.943665 0.281839 0.17339 -0.171431 0.252382 0.274131 0.927985 0.474244 
1535161179568 0.214011 0.919467 -0.329818 -0.472338 -0.943665 0.281839 0.17339 -0.171431 0.252382 0.274131 0.927985 0.474244 
1535161180021 0.214011 0.919467 -0.329819 -0.472339 -0.943665 0.281839 0.17339 -0.171431 0.252382 0.274131 0.927985 0.474244 
1535161180041 0.214011 0.919467 -0.329818 -0.472338 -0.943665 0.281839 0.17339 -0.171431 0.252382 0.27413 0.927985 0.474245 
1535161180057 0.214011 0.919467 -0.329818 -0.472338 -0.943665 0.281839 0.173389 -0.171431 0.252382 0.274131 0.927985 0.474244 
1535161180082 0.214011 0.919467 -0.329819 -0.472338 -0.943665 0.281839 0.17339 -0.171432 0.252382 0.274131 0.927985 0.474244 
1535161180099 0.214011 0.919467 -0.329818 -0.472338 -0.943665 0.281839 0.17339 -0.171431 0.252382 0.27413 0.927985 0.474245 
1535161180117 0.214011 0.919467 -0.329818 -0.472338 -0.943665 0.281839 0.17339 -0.171431 0.252382 0.274131 0.927985 0.474244 
1535161180136 0.214011 0.919467 -0.329819 -0.472338 -0.943665 0.281839 0.17339 -0.171431 0.252382 0.274131 0.927985 0.474244 
1535161180386 0.214011 0.919467 -0.329819 -0.472338 -0.943665 0.281839 0.173389 -0.171431 0.252382 0.274131 0.927985 0.474244 
1535161180405 0.214011 0.919467 -0.329819 -0.472338 -0.943664 0.281839 0.173389 -0.171431 0.252382 0.274131 0.927985 0.474244 
1535161180426 0.214011 0.919467 -0.329819 -0.472338 -0.943664 0.281839 0.173389 -0.171432 0.252382 0.274131 0.927985 0.474244 
1535161180442 0.214011 0.919467 -0.329818 -0.472338 -0.943665 0.281839 0.173389 -0.171431 0.252381 0.274131 0.927985 0.474244 
1535161180467 0.214011 0.919467 -0.329819 -0.472338 -0.943665 0.281839 0.173389 -0.171431 0.252382 0.274131 0.927985 0.474244 
1535161180498 0.214012 0.919467 -0.329819 -0.472339 -0.943664 0.28184 0.173389 -0.171432 0.252382 0.274131 0.927985 0.474244 
1535161180518 0.214011 0.919467 -0.329818 -0.472338 -0.943664 0.281839 0.17339 -0.171431 0.252382 0.274131 0.927985 0.474245 
1535161181155 0.214012 0.919466 -0.329819 -0.472338 -0.943664 0.28184 0.173389 -0.171432 0.252381 0.274131 0.927985 0.474245 
1535161181173 0.214012 0.919466 -0.329819 -0.472338 -0.943664 0.28184 0.173389 -0.171432 0.252382 0.274131 0.927985 0.474244 
1535161181186 0.214012 0.919466 -0.329819 -0.472339 -0.943664 0.28184 0.173389 -0.171432 0.252382 0.274131 0.927985 0.474244 
1535161181203 0.214012 0.919466 -0.329819 -0.472339 -0.943664 0.28184 0.173389 -0.171432 0.252382 0.274131 0.927985 0.474244 
1535161181220 0.214012 0.919466 -0.329819 -0.472338 -0.943664 0.28184 0.173389 -0.171431 0.252382 0.274131 0.927985 0.474245 
1535161181245 0.214012 0.919466 -0.329819 -0.472339 -0.943664 0.28184 0.173389 -0.171432 0.252382 0.274131 0.927985 0.474244 
1535161181265 0.214012 0.919466 -0.329819 -0.472339 -0.943664 0.28184 0.173389 -0.171432 0.252382 0.274131 0.927985 0.474245 
1535161181292 0.214012 0.919466 -0.329819 -0.472339 -0.943664 0.28184 0.173389 -0.171432 0.252382 0.274131 0.927985 0.474244 
1535161181652 0.214012 0.919466 -0.329819 -0.472339 -0.943664 0.28184 0.173389 -0.171432 0.252382 0.274131 0.927985 0.474244 
1535161181670 0.214012 0.919466 -0.329819 -0.472339 -0.943664 0.28184 0.173389 -0.171432 0.252382 0.274131 0.927985 0.474244 
1535161181689 0.214012 0.919466 -0.329819 -0.472338 -0.943664 0.28184 0.173389 -0.171431 0.252382 0.274131 0.927985 0.474245 
1535161181706 0.214012 0.919466 -0.329819 -0.472339 -0.943664 0.28184 0.173389 -0.171432 0.252382 0.274131 0.927985 0.474244 
1535161181723 0.214012 0.919466 -0.329819 -0.472339 -0.943664 0.28184 0.173389 -0.171432 0.252382 0.274131 0.927985 0.474244 
1535161181740 0.214012 0.919466 -0.329819 -0.472339 -0.943664 0.28184 0.173389 -0.171431 0.252382 0.274131 0.927985 0.474245 
1535161181759 0.214012 0.919466 -0.329819 -0.472339 -0.943664 0.28184 0.173389 -0.171432 0.252381 0.274131 0.927985 0.474245 
1535161181773 0.214012 0.919466 -0.329819 -0.472339 -0.943664 0.281841 0.173389 -0.171432 0.252382 0.274131 0.927985 0.474244 
1535161182186 0.214012 0.919466 -0.329819 -0.472339 -0.943664 0.281841 0.173389 -0.171432 0.252382 0.274131 0.927985 0.474244 
1535161182213 0.214013 0.919466 -0.329819 -0.472338 -0.943664 0.281841 0.173389 -0.171432 0.252382 0.274131 0.927985 0.474245 
1535161182237 0.214012 0.919466 -0.329819 -0.472339 -0.943664 0.281841 0.173389 -0.171432 0.252382 0.274131 0.927985 0.474244 
1535161182246 0.214012 0.919466 -0.329819 -0.472339 -0.943664 0.281841 0.173389 -0.171432 0.252382 0.274131 0.927985 0.474244 
1535161182271 0.214012 0.919466 -0.329819 -0.472339 -0.943664 0.281841 0.173389 -0.171432 0.252382 0.274131 0.927985 0.474245 
1535161182287 0.214013 0.919466 -0.329819 -0.472338 -0.943664 0.281841 0.173389 -0.171432 0.252382 0.274131 0.927985 0.474245 
1535161182301 0.214012 0.919466 -0.329819 -0.472339 -0.943664 0.281841 0.173389 -0.171432 0.252382 0.274131 0.927985 0.474244 
1535161182318 0.214012 0.919466 -0.329819 -0.472339 -0.943664 0.281841 0.173389 -0.171432 0.252382 0.274131 0.927985 0.474244 
1535161182605 0.214013 0.919466 -0.329819 -0.472339 -0.943664 0.281841 0.173389 -0.171432 0.252382 0.274131 0.927985 0.474244 
1535161182621 0.214012 0.919466 -0.329819 -0.472339 -0.943664 0.28184 0.173389 -0.171432 0.252382 0.274131 0.927985 0.474245 
1535161182639 0.214013 0.919466 -0.329819 -0.472339 -0.943664 0.281841 0.173389 -0.171432 0.252382 0.274131 0.927985 0.474244 
1535161182655 0.214013 0.919466 -0.329819 -0.472339 -0.943664 0.281841 0.173389 -0.171432 0.252382 0.274131 0.927985 0.474244 
1535161182674 0.214013 0.919466 -0.329819 -0.472339 -0.943664 0.281841 0.173389 -0.171432 0.252382 0.274131 0.927985 0.474245 
1535161182689 0.214013 0.919466 -0.329819 -0.472339 -0.943664 0.281841 0.173389 -0.171432 0.252382 0.274131 0.927985 0.474245 
1535161182716 0.214013 0.919466 -0.32982 -0.472339 -0.943664 0.281841 0.173389 -0.171432 0.252382 0.274131 0.927985 0.474244 
1535161182732 0.214013 0.919466 -0.329819 -0.472339 -0.943664 0.281841 0.173389 -0.171432 0.252382 0.274131 0.927985 0.474245 
1535161182747 0.214013 0.919466 -0.329819 -0.472338 -0.943664 0.281841 0.173389 -0.171432 0.252382 0.274131 0.927985 0.474245 
1535161183039 0.214013 0.919466 -0.329819 -0.472339 -0.943664 0.281841 0.173389 -0.171432 0.252382 0.274131 0.927985 0.474245 
1535161183056 0.214013 0.919466 -0.32982 -0.472339 -0.943664 0.281841 0.173389 -0.171432 0.252382 0.274131 0.927985 0.474244 
1535161183072 0.214013 0.919466 -0.329819 -0.472339 -0.943664 0.281841 0.173389 -0.171432 0.252382 0.274131 0.927985 0.474244 
1535161183091 0.214013 0.919466 -0.329819 -0.472339 -0.943664 0.281841 0.173389 -0.171432 0.252382 0.274131 0.927985 0.474245 
1535161183108 0.214013 0.919466 -0.329819 -0.472339 -0.943664 0.281841 0.173389 -0.171432 0.252382 0.274131 0.927985 0.474244 
1535161183122 0.214013 0.919466 -0.329819 -0.472339 -0.943664 0.281841 0.173389 -0.171432 0.252382 0.274131 0.927985 0.474244 
1535161183138 0.214013 0.919466 -0.329819 -0.472339 -0.943664 0.281841 0.173389 -0.171432 0.252382 0.274131 0.927985 0.474245 
1535161183154 0.214013 0.919466 -0.329819 -0.472339 -0.943664 0.281841 0.173389 -0.171432 0.252381 0.274131 0.927985 0.474245 
1535161183175 0.214013 0.919466 -0.329819 -0.472339 -0.943664 0.281841 0.173389 -0.171432 0.252382 0.274131 0.927985 0.474244 
1535161183450 0.214013 0.919466 -0.329819 -0.472339 -0.943664 0.281841 0.173389 -0.171432 0.252382 0.274131 0.927985 0.474245 
1535161183472 0.214013 0.919466 -0.32982 -0.472339 -0.943664 0.281842 0.173389 -0.171432 0.252382 0.274131 0.927985 0.474244 
1535161183497 0.214013 0.919466 -0.329819 -0.472339 -0.943664 0.281841 0.173389 -0.171432 0.252382 0.274131 0.927985 0.474244 
1535161183505 0.214013 0.919466 -0.329819 -0.472339 -0.943664 0.281841 0.173389 -0.171432 0.252382 0.274131 0.927985 0.474245 
1535161183529 0.214013 0.919466 -0.32982 -0.472339 -0.943664 0.281841 0.173389 -0.171432 0.252382 0.274131 0.927985 0.474244 
1535161183544 0.214013 0.919466 -0.329819 -0.472339 -0.943664 0.281841 0.173389 -0.171432 0.252382 0.274131 0.927985 0.474245 
1535161183563 0.214013 0.919466 -0.329819 -0.472339 -0.943664 0.281841 0.173389 -0.171432 0.252382 0.274131 0.927985 0.474245 
1535161183583 0.214013 0.919466 -0.32982 -0.472339 -0.943664 0.281842 0.173389 -0.171432 0.252382 0.274131 0.927985 0.474244 
1535161184239 0.214014 0.919466 -0.32982 -0.472339 -0.943664 0.281842 0.173389 -0.171432 0.252382 0.274131 0.927985 0.474244 
1535161184262 0.214014 0.919466 -0.329819 -0.472339 -0.943664 0.281842 0.173389 -0.171432 0.252382 0.274131 0.927985 0.474245 
1535161184276 0.214014 0.919466 -0.32982 -0.472339 -0.943664 0.281842 0.173389 -0.171432 0.252382 0.274131 0.927985 0.474245 
1535161184303 0.214014 0.919466 -0.32982 -0.472339 -0.943664 0.281842 0.173389 -0.171432 0.252382 0.274131 0.927985 0.474244 
1535161184330 0.214014 0.919466 -0.329819 -0.472339 -0.943664 0.281842 0.173389 -0.171432 0.252382 0.274131 0.927985 0.474245 
1535161184346 0.214013 0.919466 -0.32982 -0.472339 -0.943664 0.281842 0.173389 -0.171432 0.252382 0.274131 0.927985 0.474244 
1535161184362 0.214014 0.919466 -0.32982 -0.472339 -0.943664 0.281842 0.173389 -0.171432 0.252382 0.274131 0.927985 0.474245 
1535161184381 0.214014 0.919466 -0.329819 -0.472339 -0.943664 0.281842 0.173389 -0.171432 0.252382 0.274131 0.927985 0.474245 
1535161184728 0.214014 0.919466 -0.329819 -0.472339 -0.943664 0.281842 0.173389 -0.171432 0.252382 0.274131 0.927985 0.474245 
1535161184743 0.214014 0.919466 -0.329819 -0.472339 -0.943664 0.281842 0.173389 -0.171432 0.252382 0.274131 0.927985 0.474245 
1535161184760 0.214014 0.919466 -0.32982 -0.472339 -0.943664 0.281842 0.173389 -0.171432 0.252382 0.274132 0.927985 0.474244 
1535161184777 0.214014 0.919466 -0.32982 -0.472339 -0.943664 0.281842 0.173388 -0.171432 0.252382 0.274131 0.927985 0.474245 
1535161184797 0.214014 0.919466 -0.329819 -0.472339 -0.943664 0.281842 0.173389 -0.171432 0.252382 0.274131 0.927985 0.474245 
1535161184809 0.214014 0.919466 -0.32982 -0.472339 -0.943664 0.281842 0.173389 -0.171432 0.252382 0.274131 0.927985 0.474244 
1535161184826 0.214014 0.919466 -0.32982 -0.472339 -0.943664 0.281842 0.173388 -0.171432 0.252382 0.274131 0.927985 0.474245 
1535161184842 0.214014 0.919466 -0.329819 -0.472339 -0.943664 0.281842 0.173389 -0.171432 0.252382 0.274131 0.927985 0.474245 
1535161184859 0.214014 0.919466 -0.329819 -0.472339 -0.943664 0.281842 0.173388 -0.171432 0.252382 0.274131 0.927985 0.474245 
1535161184876 0.214014 0.919465 -0.32982 -0.472339 -0.943664 0.281842 0.173388 -0.171432 0.252382 0.274132 0.927984 0.474244 
