1533836660051 0.242271 0.864468 -0.440454 -0.541835 -0.952886 0.297415 0.0595955 -0.214146 0.182516 0.405264 0.895795 0.372151 
1533836676966 0.242271 0.864467 -0.440456 -0.541835 -0.952887 0.297414 0.059592 -0.214146 0.182513 0.405267 0.895794 0.372149 
1533836677910 0.222617 0.835019 -0.503174 -0.550942 -0.953992 0.292916 0.0640248 -0.214826 0.20085 0.465771 0.86181 0.381009 
1533836678911 0.201802 0.800869 -0.563813 -0.56014 -0.954722 0.289325 0.0692549 -0.215408 0.218589 0.524309 0.822994 0.390394 
1533836679907 0.179959 0.762609 -0.621323 -0.569263 -0.955341 0.286003 0.0743353 -0.216183 0.234389 0.580198 0.780021 0.399606 
1533836680925 0.156882 0.720516 -0.675458 -0.578496 -0.955799 0.282969 0.079852 -0.216774 0.248669 0.633075 0.733062 0.408979 
1533836682024 0.132588 0.674678 -0.726106 -0.587673 -0.956151 0.280072 0.0856407 -0.217346 0.261142 0.682912 0.682229 0.418271 
1533836683243 0.108066 0.625421 -0.772768 -0.596791 -0.956266 0.277919 0.0911993 -0.218181 0.271805 0.729116 0.628102 0.427709 
