1535118142895 0 0 0 0 0 0 0 0 0 0 0 0 
1535118147165 0.246859 0.927292 -0.28141 -0.576315 -0.936133 0.303243 0.17804 -0.224225 0.25043 0.219486 0.942927 0.403341 
1535118147802 0.246858 0.927292 -0.281409 -0.576315 -0.936133 0.303242 0.17804 -0.224225 0.25043 0.219486 0.942927 0.403342 
1535118148719 0.248065 0.926794 -0.281986 -0.588903 -0.936649 0.303766 0.174399 -0.230014 0.247289 0.220859 0.943435 0.397201 
1535118149657 0.248911 0.926755 -0.28137 -0.608123 -0.937475 0.303512 0.170357 -0.238207 0.243279 0.221373 0.944357 0.388155 
1535118150960 0.24957 0.926614 -0.281248 -0.620987 -0.938009 0.303469 0.167468 -0.243761 0.240529 0.222018 0.944909 0.382076 
1535118151456 0.249494 0.926867 -0.280484 -0.633952 -0.938754 0.302586 0.16487 -0.249065 0.237683 0.222171 0.945593 0.376068 
1535118151930 0.250216 0.926009 -0.282665 -0.634378 -0.938584 0.303643 0.163896 -0.249718 0.237598 0.224296 0.945113 0.375735 
1535118152744 0.249376 0.923939 -0.290085 -0.637084 -0.938954 0.304003 0.161082 -0.251546 0.237016 0.232207 0.943347 0.374756 
1535118153731 0.249205 0.923589 -0.291343 -0.637512 -0.939046 0.304013 0.160528 -0.251807 0.236834 0.23358 0.943054 0.374598 
1535118153765 0.249205 0.923589 -0.291343 -0.637512 -0.939046 0.304013 0.160528 -0.251807 0.236834 0.23358 0.943054 0.374598 
1535118153993 0.249113 0.923423 -0.291945 -0.63778 -0.939061 0.304039 0.16039 -0.251982 0.23687 0.234199 0.942891 0.374574 
1535118154281 0.248052 0.923931 -0.291241 -0.638197 -0.939035 0.303207 0.162109 -0.252283 0.238084 0.233274 0.942815 0.37451 
1535118154632 0.2469 0.924389 -0.290767 -0.638836 -0.938994 0.302361 0.163916 -0.252667 0.239438 0.232557 0.942649 0.374614 
1535118154998 0.246143 0.924661 -0.290545 -0.639277 -0.938911 0.301873 0.165287 -0.252879 0.240542 0.232112 0.942478 0.374603 
1535118155037 0.246143 0.924661 -0.290545 -0.639277 -0.938911 0.301873 0.165287 -0.252879 0.240542 0.232112 0.942478 0.374603 
1535118155423 0.245522 0.925014 -0.289944 -0.639401 -0.939075 0.301171 0.165632 -0.253078 0.240535 0.231613 0.942602 0.374538 
1535118156059 0.242751 0.926722 -0.286808 -0.640213 -0.939719 0.298037 0.167638 -0.253407 0.240833 0.228825 0.943207 0.374669 
1535118156915 0.241564 0.927467 -0.285399 -0.640512 -0.940032 0.296642 0.168353 -0.253548 0.240803 0.227617 0.943506 0.374784 
1535118156942 0.241257 0.927722 -0.284827 -0.640591 -0.940089 0.296266 0.168696 -0.253679 0.240887 0.227064 0.943618 0.37482 
1535118156958 0.241257 0.927723 -0.284826 -0.640591 -0.94009 0.296265 0.168696 -0.253679 0.240887 0.227063 0.943618 0.37482 
1535118157183 0.241173 0.927825 -0.284564 -0.640547 -0.940121 0.296128 0.16876 -0.253631 0.240847 0.226825 0.943686 0.374772 
1535118157430 0.240465 0.928366 -0.283396 -0.640537 -0.940319 0.295224 0.169241 -0.254035 0.240783 0.225786 0.943951 0.374525 
1535118157789 0.239647 0.929034 -0.281895 -0.640618 -0.940491 0.294203 0.17006 -0.254172 0.240926 0.224366 0.944254 0.374465 
1535118157991 0.239271 0.929281 -0.281401 -0.640656 -0.940541 0.293796 0.170487 -0.254266 0.241105 0.223877 0.944324 0.374397 
1535118159056 0.240603 0.929256 -0.280344 -0.640273 -0.939675 0.295357 0.172554 -0.254391 0.243148 0.221916 0.944263 0.374244 
1535118159914 0.242955 0.928724 -0.28008 -0.639558 -0.939266 0.297376 0.171311 -0.254186 0.242389 0.221449 0.944568 0.374395 
1535118160331 0.24566 0.928171 -0.279551 -0.638684 -0.938902 0.299553 0.169505 -0.253794 0.24107 0.220831 0.94505 0.374623 
1535118160955 0.246126 0.928131 -0.279274 -0.638486 -0.938825 0.299906 0.169306 -0.253548 0.240895 0.220519 0.945167 0.374663 
1535118160992 0.246126 0.928131 -0.279274 -0.638486 -0.938825 0.299906 0.169306 -0.253548 0.240895 0.220519 0.945167 0.374663 
1535118161202 0.246851 0.92795 -0.279239 -0.638297 -0.938703 0.30053 0.168877 -0.253564 0.240629 0.220435 0.945255 0.374738 
1535118161490 0.246323 0.92808 -0.27927 -0.638298 -0.938696 0.300164 0.169563 -0.253462 0.241195 0.220382 0.945123 0.37484 
1535118161786 0.246588 0.927797 -0.279975 -0.637134 -0.938396 0.300757 0.170173 -0.253088 0.24209 0.220765 0.944804 0.375289 
1535118162133 0.247086 0.927442 -0.280712 -0.636381 -0.938049 0.301564 0.170656 -0.252888 0.242927 0.221155 0.944498 0.375683 
1535118162448 0.247505 0.927054 -0.281624 -0.635241 -0.937703 0.302346 0.17117 -0.25253 0.243832 0.221714 0.944134 0.37614 
1535118162481 0.247505 0.927054 -0.281624 -0.635241 -0.937703 0.302346 0.17117 -0.25253 0.243832 0.221714 0.944134 0.37614 
1535118162861 0.247813 0.926953 -0.281687 -0.634614 -0.937519 0.302747 0.171474 -0.252386 0.244228 0.221593 0.94406 0.376417 
1535118163604 0.248157 0.926612 -0.282503 -0.632225 -0.936958 0.303651 0.172933 -0.251276 0.246024 0.221779 0.94355 0.376981 
1535118164358 0.248266 0.926588 -0.282487 -0.631859 -0.936835 0.303837 0.173274 -0.251011 0.246383 0.221625 0.943492 0.377164 
1535118164391 0.248398 0.926487 -0.282701 -0.631634 -0.936761 0.304038 0.173321 -0.251008 0.246532 0.221771 0.943419 0.37715 
1535118164820 0.247942 0.926681 -0.282467 -0.631198 -0.936947 0.303501 0.173257 -0.250598 0.246282 0.221699 0.943501 0.377375 
1535118165521 0.248061 0.92662 -0.282561 -0.629374 -0.937055 0.303505 0.172661 -0.249902 0.24575 0.221945 0.943582 0.377815 
1535118166426 0.248112 0.926707 -0.282232 -0.627983 -0.937149 0.303396 0.172346 -0.249359 0.245342 0.221732 0.943738 0.378285 
1535118166860 0.248141 0.926675 -0.282312 -0.627687 -0.937125 0.303453 0.172373 -0.249252 0.245402 0.221789 0.943709 0.378351 
1535118167394 0.247454 0.926655 -0.28298 -0.626138 -0.936852 0.303332 0.174065 -0.248638 0.247135 0.222037 0.943199 0.378747 
1535118167677 0.247621 0.926534 -0.283227 -0.625834 -0.936724 0.303613 0.17426 -0.248675 0.24745 0.222155 0.943088 0.378824 
1535118167709 0.24762 0.926533 -0.283234 -0.625615 -0.936691 0.303644 0.174386 -0.248596 0.247577 0.222121 0.943063 0.378871 
1535118168091 0.247462 0.926492 -0.283505 -0.625511 -0.936694 0.303578 0.174482 -0.248389 0.247722 0.22238 0.942964 0.37896 
1535118168529 0.247626 0.926248 -0.284157 -0.62463 -0.93675 0.303768 0.17385 -0.248108 0.247346 0.223135 0.942884 0.379136 
1535118168954 0.247523 0.926072 -0.28482 -0.623497 -0.936845 0.303733 0.173401 -0.247565 0.247091 0.223911 0.942767 0.379411 
1535118169210 0.247709 0.925935 -0.285103 -0.623277 -0.936817 0.303944 0.17318 -0.247596 0.247009 0.224191 0.942722 0.379435 
1535118169645 0.247824 0.926004 -0.284779 -0.622442 -0.936441 0.304306 0.174575 -0.246919 0.248317 0.223415 0.942563 0.379784 
1535118169879 0.248009 0.925902 -0.284952 -0.622217 -0.936326 0.304574 0.174724 -0.246876 0.248566 0.223475 0.942483 0.379838 
1535118169919 0.248009 0.925902 -0.284952 -0.622217 -0.936326 0.304574 0.174724 -0.246876 0.248566 0.223475 0.942483 0.379838 
1535118170011 0.248224 0.925831 -0.284995 -0.621777 -0.936129 0.304912 0.175186 -0.24664 0.249091 0.223307 0.942384 0.379973 
1535118170219 0.248434 0.92577 -0.28501 -0.621539 -0.936016 0.305167 0.175348 -0.246636 0.249308 0.223211 0.942349 0.380059 
1535118170651 0.248875 0.925591 -0.285207 -0.62066 -0.935714 0.30579 0.175876 -0.246359 0.250003 0.223101 0.942191 0.380323 
1535118171094 0.249282 0.92565 -0.284659 -0.619887 -0.935646 0.306039 0.175806 -0.245965 0.249851 0.222515 0.94237 0.380593 
1535118171709 0.250228 0.925625 -0.283909 -0.618611 -0.93554 0.306668 0.175272 -0.245503 0.249301 0.22175 0.942696 0.38089 
1535118171980 0.250511 0.925579 -0.283809 -0.618109 -0.935451 0.306931 0.175285 -0.245336 0.24935 0.221578 0.942723 0.381117 
1535118172390 0.250593 0.925493 -0.284018 -0.617772 -0.935483 0.307 0.174991 -0.24525 0.249147 0.221843 0.942715 0.381173 
1535118172700 0.250501 0.92553 -0.283977 -0.616803 -0.935453 0.306953 0.175233 -0.24462 0.249351 0.221751 0.942683 0.381585 
1535118173024 0.251419 0.925151 -0.284401 -0.615676 -0.935219 0.307899 0.174827 -0.2444 0.249309 0.222023 0.94263 0.381895 
1535118173057 0.251661 0.925024 -0.284601 -0.615465 -0.935158 0.308163 0.174683 -0.244459 0.24929 0.222186 0.942596 0.381973 
1535118173337 0.251619 0.925109 -0.284362 -0.615149 -0.935095 0.308144 0.175056 -0.244296 0.24957 0.221858 0.9426 0.382088 
1535118173687 0.251607 0.925026 -0.284642 -0.614489 -0.934863 0.308394 0.17585 -0.243851 0.250448 0.221856 0.942367 0.382279 
1535118173960 0.251641 0.924921 -0.284952 -0.613782 -0.934673 0.308646 0.176422 -0.243562 0.251126 0.221942 0.942166 0.382362 
1535118174259 0.251719 0.924819 -0.285214 -0.612685 -0.934341 0.309045 0.17748 -0.243099 0.25228 0.221812 0.941889 0.382668 
1535118174285 0.252136 0.924556 -0.285697 -0.612457 -0.934146 0.309608 0.177523 -0.243117 0.252584 0.222123 0.941734 0.382594 
1535118174306 0.252136 0.924556 -0.285697 -0.612457 -0.934146 0.309608 0.177523 -0.243117 0.252584 0.222123 0.941734 0.382594 
1535118174452 0.252136 0.924556 -0.285697 -0.612457 -0.934146 0.309608 0.177523 -0.243117 0.252584 0.222123 0.941734 0.382594 
1535118174499 0.252136 0.924556 -0.285697 -0.612457 -0.934146 0.309608 0.177523 -0.243117 0.252584 0.222123 0.941734 0.382594 
1535118174553 0.251986 0.924731 -0.285264 -0.612346 -0.934197 0.309372 0.177667 -0.242874 0.252547 0.221723 0.941838 0.382738 
1535118174647 0.251986 0.924731 -0.285264 -0.612346 -0.934197 0.309372 0.177667 -0.242874 0.252547 0.221723 0.941838 0.382738 
1535118174701 0.251986 0.924731 -0.285264 -0.612346 -0.934197 0.309372 0.177667 -0.242874 0.252547 0.221723 0.941838 0.382738 
1535118174738 0.251986 0.924731 -0.285264 -0.612346 -0.934197 0.309372 0.177667 -0.242874 0.252547 0.221723 0.941838 0.382738 
1535118174837 0.252212 0.924754 -0.28499 -0.611488 -0.934206 0.309474 0.177441 -0.242342 0.252286 0.221487 0.941964 0.383023 
1535118175223 0.253367 0.924361 -0.285242 -0.61011 -0.933929 0.310592 0.176946 -0.241857 0.252155 0.221563 0.941981 0.383293 
1535118175764 0.252777 0.925284 -0.282759 -0.609033 -0.933654 0.309929 0.179538 -0.241555 0.253759 0.218616 0.942239 0.383551 
1535118176332 0.252579 0.92568 -0.28164 -0.608094 -0.933786 0.309455 0.179669 -0.241191 0.253471 0.217611 0.942549 0.383638 
1535118177038 0.252819 0.926155 -0.279856 -0.606516 -0.933778 0.309289 0.179997 -0.24072 0.253261 0.215817 0.943017 0.383667 
1535118177313 0.252786 0.926274 -0.27949 -0.606225 -0.933784 0.309189 0.180136 -0.240605 0.253271 0.215448 0.943099 0.383701 
1535118177675 0.253596 0.927214 -0.275615 -0.605174 -0.934321 0.308571 0.178405 -0.239853 0.250466 0.21227 0.944568 0.383713 
1535118178004 0.254088 0.927314 -0.274824 -0.605064 -0.934373 0.308732 0.177855 -0.239859 0.249774 0.211598 0.944902 0.383633 
1535118178485 0.255476 0.928264 -0.270291 -0.605208 -0.934842 0.30848 0.175813 -0.239627 0.24658 0.207763 0.94659 0.383267 
1535118178936 0.255604 0.928425 -0.269619 -0.605248 -0.934906 0.308391 0.175627 -0.239527 0.246205 0.207178 0.946816 0.383217 
1535118178998 0.255604 0.928425 -0.269619 -0.605248 -0.934906 0.308391 0.175627 -0.239527 0.246205 0.207178 0.946816 0.383217 
1535118179169 0.255989 0.928573 -0.26874 -0.605268 -0.934976 0.308447 0.17516 -0.23951 0.245541 0.206426 0.947153 0.383125 
1535118179380 0.255989 0.928573 -0.26874 -0.605268 -0.934976 0.308447 0.17516 -0.23951 0.245541 0.206426 0.947153 0.383125 
1535118179567 0.255989 0.928573 -0.26874 -0.605268 -0.934976 0.308447 0.17516 -0.23951 0.245541 0.206426 0.947153 0.383125 
1535118179728 0.255989 0.928573 -0.26874 -0.605268 -0.934976 0.308447 0.17516 -0.23951 0.245541 0.206426 0.947153 0.383125 
1535118179856 0.255989 0.928573 -0.26874 -0.605268 -0.934976 0.308447 0.17516 -0.23951 0.245541 0.206426 0.947153 0.383125 
1535118180003 0.255989 0.928573 -0.26874 -0.605268 -0.934976 0.308447 0.17516 -0.23951 0.245541 0.206426 0.947153 0.383125 
1535118180178 0.255989 0.928573 -0.26874 -0.605268 -0.934976 0.308447 0.17516 -0.23951 0.245541 0.206426 0.947153 0.383125 
1535118180350 0.255989 0.928573 -0.26874 -0.605268 -0.934976 0.308447 0.17516 -0.23951 0.245541 0.206426 0.947153 0.383125 
