1535379381203 0.24288 0.929531 -0.277455 -0.637448 -0.938057 0.297913 0.176911 -0.24424 0.247101 0.217301 0.94431 0.374867 
1535379385766 0.24288 0.929531 -0.277455 -0.637448 -0.938057 0.297913 0.176911 -0.24424 0.247101 0.217301 0.94431 0.374867 
1535379386083 0.24304 0.929472 -0.277512 -0.637441 -0.938039 0.298056 0.176765 -0.244195 0.247012 0.217356 0.944321 0.374852 
1535379386408 0.243931 0.928876 -0.278725 -0.63745 -0.938138 0.298844 0.174897 -0.243704 0.245753 0.218819 0.944311 0.374605 
1535379386972 0.244501 0.928555 -0.279295 -0.637473 -0.93812 0.299379 0.174075 -0.2435 0.245253 0.21945 0.944295 0.374526 
1535379387293 0.245127 0.928274 -0.279679 -0.637486 -0.938114 0.299908 0.173197 -0.243317 0.244652 0.219915 0.944342 0.374446 
1535379387629 0.245946 0.927717 -0.280806 -0.637496 -0.938186 0.300641 0.171528 -0.242788 0.243552 0.221262 0.944312 0.374199 
1535379388109 0.24708 0.927065 -0.281962 -0.637558 -0.938246 0.301609 0.169491 -0.242279 0.242171 0.222671 0.944336 0.374031 
1535379388478 0.247279 0.92691 -0.282297 -0.637589 -0.938301 0.301761 0.168911 -0.242063 0.241751 0.223112 0.94434 0.373929 
1535379388925 0.246616 0.927054 -0.282404 -0.637521 -0.938234 0.30137 0.169981 -0.242272 0.242689 0.223042 0.944116 0.374025 
1535379389314 0.245584 0.926995 -0.283494 -0.6374 -0.938114 0.300944 0.171392 -0.242338 0.244195 0.223858 0.943534 0.374102 
1535379389614 0.244906 0.926957 -0.284203 -0.637321 -0.938073 0.300629 0.172164 -0.242413 0.245029 0.22444 0.94318 0.374196 
1535379389885 0.244127 0.926949 -0.284898 -0.637228 -0.938 0.300268 0.17319 -0.242419 0.246084 0.224953 0.942782 0.374237 
1535379390182 0.242991 0.926919 -0.285967 -0.637149 -0.937992 0.299662 0.174281 -0.242464 0.247238 0.225886 0.942257 0.374264 
1535379390562 0.242123 0.926861 -0.286887 -0.636976 -0.937826 0.299364 0.175678 -0.242568 0.248713 0.226515 0.941718 0.374411 
1535379390841 0.24124 0.926818 -0.287771 -0.636923 -0.937782 0.298938 0.176638 -0.242584 0.249737 0.227254 0.941269 0.374426 
1535379390865 0.24124 0.926818 -0.287771 -0.636923 -0.937782 0.298938 0.176638 -0.242584 0.249737 0.227254 0.941269 0.374426 
1535379391151 0.240487 0.9268 -0.288457 -0.63684 -0.937732 0.298574 0.177515 -0.242595 0.250647 0.227806 0.940894 0.374455 
1535379391410 0.241006 0.926809 -0.287996 -0.636905 -0.937911 0.298696 0.176364 -0.242589 0.249479 0.227609 0.941251 0.374542 
1535379391787 0.240665 0.926699 -0.288634 -0.63696 -0.938003 0.298488 0.176223 -0.242675 0.249459 0.228329 0.941082 0.374568 
1535379392205 0.239942 0.926644 -0.289412 -0.636947 -0.938223 0.297916 0.176021 -0.24264 0.249329 0.229298 0.940881 0.374683 
1535379392470 0.239704 0.926523 -0.289994 -0.636921 -0.93832 0.297767 0.175759 -0.242758 0.249196 0.229977 0.940751 0.374912 
1535379392729 0.239413 0.926435 -0.290517 -0.636974 -0.938413 0.297571 0.17559 -0.242778 0.249122 0.230587 0.940621 0.374912 
1535379393027 0.239144 0.926403 -0.29084 -0.636924 -0.938514 0.297347 0.175434 -0.24283 0.249003 0.231004 0.94055 0.374992 
1535379393053 0.238996 0.926347 -0.291139 -0.636948 -0.938575 0.29724 0.175284 -0.242898 0.248912 0.231363 0.940486 0.375134 
1535379393196 0.238987 0.926348 -0.291145 -0.636949 -0.938581 0.297229 0.175271 -0.2429 0.248898 0.231376 0.940486 0.375137 
1535379393244 0.238962 0.926383 -0.291052 -0.636938 -0.938569 0.297206 0.175377 -0.242885 0.248968 0.231264 0.940495 0.375116 
1535379393362 0.238973 0.926547 -0.290519 -0.636963 -0.938644 0.297043 0.175251 -0.243007 0.248675 0.230814 0.940684 0.375056 
1535379393421 0.238538 0.926694 -0.29041 -0.636992 -0.938806 0.296561 0.175202 -0.24302 0.248483 0.230846 0.940726 0.375073 
1535379393517 0.238316 0.926868 -0.290036 -0.637011 -0.938961 0.296187 0.175 -0.243118 0.248106 0.230627 0.94088 0.375155 
1535379393677 0.237784 0.927135 -0.28962 -0.637132 -0.939263 0.295446 0.174631 -0.243286 0.247474 0.230505 0.941076 0.375248 
1535379393725 0.237444 0.927278 -0.289439 -0.637162 -0.939425 0.295018 0.174485 -0.243357 0.247186 0.230476 0.941159 0.375285 
1535379393846 0.23735 0.927412 -0.289088 -0.637186 -0.939533 0.294784 0.1743 -0.243471 0.246866 0.230238 0.941301 0.37533 
1535379393856 0.237196 0.927496 -0.288946 -0.63719 -0.939609 0.294575 0.174241 -0.243498 0.246724 0.230167 0.941355 0.375346 
1535379394089 0.236928 0.927596 -0.288845 -0.637213 -0.939717 0.294264 0.174186 -0.243523 0.24657 0.230163 0.941397 0.375366 
1535379394349 0.236711 0.927804 -0.288353 -0.637285 -0.939976 0.293774 0.173614 -0.243843 0.24579 0.229949 0.941653 0.37526 
1535379394556 0.236306 0.928071 -0.287826 -0.637383 -0.940206 0.293169 0.173389 -0.243933 0.245299 0.229643 0.941856 0.375252 
1535379394768 0.2361 0.928197 -0.287587 -0.637387 -0.940323 0.292868 0.173266 -0.244069 0.24505 0.229517 0.941951 0.375298 
1535379394953 0.235646 0.928464 -0.287098 -0.637419 -0.940516 0.29227 0.173228 -0.244143 0.244746 0.2292 0.942108 0.37533 
1535379395132 0.235269 0.928648 -0.286813 -0.637502 -0.940688 0.291785 0.173114 -0.244178 0.24445 0.229073 0.942215 0.375327 
1535379395343 0.235189 0.928745 -0.286563 -0.637517 -0.94078 0.291595 0.172932 -0.24433 0.24417 0.228921 0.942325 0.375331 
1535379395360 0.234871 0.928965 -0.286112 -0.637572 -0.941014 0.291063 0.172555 -0.244541 0.243575 0.228707 0.942531 0.375275 
1535379395373 0.234871 0.928965 -0.286112 -0.637572 -0.941014 0.291063 0.172555 -0.244541 0.243575 0.228707 0.942531 0.375275 
1535379395645 0.235257 0.928836 -0.286214 -0.637549 -0.940865 0.291498 0.17263 -0.244334 0.243776 0.228677 0.942486 0.375276 
1535379395786 0.235501 0.928714 -0.286407 -0.637528 -0.940753 0.291815 0.172707 -0.244223 0.243973 0.228766 0.942414 0.375274 
1535379395918 0.236336 0.928634 -0.285978 -0.637467 -0.940599 0.292479 0.172422 -0.244259 0.24376 0.228242 0.942596 0.375252 
1535379396118 0.237295 0.928556 -0.285437 -0.637395 -0.940453 0.293204 0.171989 -0.24429 0.243392 0.227628 0.942839 0.375203 
1535379396322 0.238105 0.928387 -0.285314 -0.63739 -0.94027 0.293933 0.171741 -0.244262 0.243305 0.22738 0.942922 0.375127 
1535379396463 0.238597 0.92833 -0.285089 -0.637376 -0.94024 0.294272 0.171328 -0.244227 0.242942 0.227173 0.943065 0.375004 
1535379396490 0.238597 0.92833 -0.285089 -0.637376 -0.94024 0.294272 0.171328 -0.244227 0.242942 0.227173 0.943065 0.375004 
1535379396505 0.238758 0.928353 -0.284876 -0.637357 -0.940226 0.294362 0.17125 -0.244224 0.242838 0.22696 0.943143 0.37503 
1535379396522 0.238806 0.928356 -0.284828 -0.637352 -0.940216 0.294395 0.171243 -0.244224 0.242827 0.226906 0.943159 0.375036 
1535379396723 0.239278 0.928332 -0.28451 -0.637169 -0.940114 0.294771 0.171161 -0.243991 0.242759 0.226516 0.94327 0.375084 
1535379396893 0.240147 0.928101 -0.284532 -0.636956 -0.940002 0.295502 0.170514 -0.244062 0.242334 0.226512 0.94338 0.375052 
1535379397046 0.240726 0.927988 -0.284411 -0.636763 -0.939891 0.295997 0.170266 -0.243921 0.24219 0.226328 0.943462 0.375011 
1535379397193 0.241336 0.927927 -0.284094 -0.636573 -0.93977 0.296488 0.170082 -0.24376 0.242054 0.225936 0.94359 0.375125 
1535379397343 0.241944 0.927885 -0.283712 -0.636377 -0.939684 0.296932 0.16978 -0.243612 0.241779 0.225523 0.94376 0.375218 
1535379397357 0.241944 0.927885 -0.283712 -0.636377 -0.939684 0.296932 0.16978 -0.243612 0.241779 0.225523 0.94376 0.375218 
1535379397565 0.24348 0.927629 -0.283235 -0.636006 -0.939371 0.298234 0.169232 -0.243477 0.241455 0.224858 0.944001 0.375291 
1535379397745 0.244172 0.927515 -0.283012 -0.635798 -0.939304 0.298749 0.168692 -0.243403 0.241014 0.224645 0.944165 0.375253 
1535379397765 0.244423 0.927463 -0.282965 -0.635763 -0.939252 0.298967 0.168594 -0.24334 0.240962 0.224567 0.944197 0.37524 
1535379397941 0.244504 0.927478 -0.282847 -0.635666 -0.939259 0.298997 0.168502 -0.243234 0.240852 0.224468 0.944248 0.375264 
1535379397999 0.244465 0.927437 -0.283015 -0.635294 -0.939215 0.299041 0.168672 -0.243121 0.241066 0.224577 0.944168 0.375456 
1535379398215 0.244794 0.927264 -0.283298 -0.634881 -0.939059 0.299472 0.168775 -0.24306 0.241339 0.224718 0.944064 0.37565 
1535379398375 0.244794 0.927264 -0.283298 -0.634881 -0.939059 0.299472 0.168775 -0.24306 0.241339 0.224718 0.944064 0.37565 
1535379398426 0.245295 0.927123 -0.283325 -0.634467 -0.938885 0.299995 0.168812 -0.243051 0.241505 0.224601 0.94405 0.37578 
1535379398650 0.245435 0.927005 -0.283591 -0.633809 -0.938781 0.30024 0.168955 -0.242607 0.241767 0.224762 0.943944 0.375992 
1535379398857 0.245824 0.926904 -0.283583 -0.633399 -0.938587 0.300695 0.169223 -0.242482 0.242126 0.224568 0.943898 0.376258 
1535379399084 0.246141 0.926779 -0.283717 -0.633008 -0.938484 0.301042 0.169181 -0.242439 0.242204 0.224621 0.943866 0.376332 
1535379399345 0.24632 0.926697 -0.283829 -0.632493 -0.938393 0.301274 0.169274 -0.242165 0.242376 0.224647 0.943815 0.376513 
1535379399355 0.24632 0.926697 -0.283829 -0.632493 -0.938393 0.301274 0.169274 -0.242165 0.242376 0.224647 0.943815 0.376513 
1535379399783 0.246774 0.92649 -0.284111 -0.632279 -0.938196 0.301831 0.169372 -0.242376 0.242675 0.224755 0.943713 0.376528 
1535379399989 0.246516 0.926485 -0.28435 -0.631807 -0.938067 0.30181 0.170123 -0.242197 0.243436 0.224801 0.943506 0.376757 
1535379400159 0.24629 0.926431 -0.284724 -0.631364 -0.937882 0.301888 0.170999 -0.241883 0.244373 0.224922 0.943235 0.376815 
1535379400325 0.24629 0.926431 -0.284724 -0.631364 -0.937882 0.301888 0.170999 -0.241883 0.244373 0.224922 0.943235 0.376815 
1535379400526 0.246062 0.926232 -0.285565 -0.630406 -0.9375 0.302232 0.172478 -0.241531 0.246061 0.225277 0.942711 0.377192 
1535379400712 0.245583 0.926276 -0.285836 -0.629962 -0.937462 0.301975 0.173133 -0.241201 0.246685 0.225442 0.942509 0.377271 
1535379400869 0.245917 0.926047 -0.28629 -0.629357 -0.937145 0.302588 0.173778 -0.241327 0.247554 0.22556 0.942252 0.377523 
1535379401025 0.245917 0.926047 -0.28629 -0.629357 -0.937145 0.302588 0.173778 -0.241327 0.247554 0.22556 0.942252 0.377523 
1535379401074 0.245683 0.926016 -0.28659 -0.628927 -0.936977 0.302631 0.174611 -0.241058 0.248424 0.225629 0.942007 0.377718 
1535379401491 0.245537 0.925969 -0.286867 -0.628401 -0.936825 0.302717 0.175277 -0.240825 0.24914 0.225707 0.941799 0.377851 
1535379401728 0.245659 0.925989 -0.286697 -0.628228 -0.937033 0.302583 0.174392 -0.240704 0.248235 0.225804 0.942015 0.37788 
1535379401951 0.24571 0.9259 -0.286942 -0.627798 -0.937043 0.302657 0.174212 -0.240531 0.248148 0.226071 0.941974 0.377971 
1535379402254 0.245698 0.925918 -0.286894 -0.627321 -0.937097 0.302589 0.174035 -0.240307 0.247953 0.226087 0.942021 0.378091 
1535379402554 0.245457 0.92596 -0.286966 -0.626445 -0.937188 0.302348 0.173967 -0.23982 0.24785 0.22624 0.942012 0.37837 
1535379402790 0.245733 0.925857 -0.287063 -0.625974 -0.937133 0.302613 0.173802 -0.23966 0.247785 0.226307 0.942013 0.378534 
1535379403025 0.24536 0.925913 -0.2872 -0.624989 -0.937292 0.302227 0.173615 -0.239043 0.247552 0.226592 0.942005 0.378807 
1535379403281 0.24605 0.925721 -0.287227 -0.624867 -0.937118 0.302884 0.173411 -0.239261 0.247527 0.226497 0.942035 0.378852 
1535379403286 0.24605 0.925721 -0.287227 -0.624867 -0.937118 0.302884 0.173411 -0.239261 0.247527 0.226497 0.942035 0.378852 
1535379403444 0.245544 0.925837 -0.287286 -0.624689 -0.937174 0.302482 0.173808 -0.238902 0.247817 0.22656 0.941943 0.378978 
1535379403607 0.245906 0.925614 -0.287697 -0.624372 -0.937051 0.30293 0.173691 -0.23893 0.247923 0.226875 0.94184 0.379059 
1535379403779 0.245901 0.92559 -0.287776 -0.624112 -0.937053 0.302941 0.173664 -0.238746 0.247921 0.226957 0.94182 0.379132 
1535379403926 0.245779 0.925597 -0.28786 -0.623834 -0.937094 0.302831 0.173633 -0.238577 0.247887 0.227076 0.941801 0.3792 
1535379404093 0.246123 0.925406 -0.28818 -0.623497 -0.936978 0.303243 0.173542 -0.238573 0.247985 0.227306 0.941719 0.379266 
1535379404110 0.246123 0.925406 -0.28818 -0.623497 -0.936978 0.303243 0.173542 -0.238573 0.247985 0.227306 0.941719 0.379266 
1535379404322 0.2461 0.925343 -0.2884 -0.622951 -0.936898 0.303341 0.173801 -0.238241 0.248309 0.227429 0.941604 0.379494 
1535379404505 0.246601 0.925146 -0.288605 -0.62263 -0.93672 0.303899 0.173783 -0.238269 0.248481 0.227487 0.941545 0.379622 
1535379404518 0.246476 0.925189 -0.288574 -0.622582 -0.936756 0.303771 0.173813 -0.23817 0.24847 0.227483 0.941549 0.379641 
1535379404712 0.246416 0.925205 -0.288572 -0.622552 -0.936771 0.303715 0.173832 -0.238117 0.248474 0.227491 0.941546 0.379652 
1535379404782 0.246459 0.925127 -0.288788 -0.622068 -0.936739 0.303815 0.173829 -0.237967 0.248552 0.227677 0.94148 0.379787 
1535379404927 0.246771 0.924964 -0.289044 -0.621836 -0.936613 0.304201 0.173834 -0.237961 0.248718 0.227825 0.941401 0.37985 
1535379405074 0.246921 0.9249 -0.289119 -0.62159 -0.936522 0.304404 0.173965 -0.237843 0.248909 0.227811 0.941354 0.379932 
1535379405225 0.246745 0.924951 -0.289108 -0.621348 -0.936552 0.30425 0.174074 -0.237674 0.248971 0.227813 0.941337 0.380001 
1535379405339 0.246922 0.92487 -0.289216 -0.621103 -0.936485 0.304458 0.174074 -0.237574 0.24905 0.227863 0.941304 0.380116 
1535379405396 0.246922 0.92487 -0.289216 -0.621103 -0.936485 0.304458 0.174074 -0.237574 0.24905 0.227863 0.941304 0.380116 
1535379405500 0.24697 0.924799 -0.289401 -0.62083 -0.936418 0.304588 0.174207 -0.237544 0.249255 0.227976 0.941222 0.380245 
1535379405602 0.246858 0.924852 -0.289327 -0.620612 -0.936415 0.304497 0.174379 -0.237302 0.249374 0.227883 0.941213 0.380337 
1535379405616 0.246839 0.924855 -0.289334 -0.620595 -0.936419 0.304482 0.174387 -0.237286 0.24938 0.227892 0.941209 0.380339 
1535379405828 0.247051 0.924691 -0.289675 -0.620324 -0.936269 0.304833 0.174576 -0.237333 0.249732 0.228084 0.941069 0.380362 
1535379405989 0.246501 0.924725 -0.290035 -0.620014 -0.935987 0.304767 0.1762 -0.237325 0.251329 0.228035 0.940656 0.380601 
1535379406071 0.246265 0.924649 -0.290479 -0.619822 -0.935914 0.304749 0.176614 -0.237151 0.25183 0.22837 0.940441 0.380579 
1535379406176 0.246328 0.924574 -0.290663 -0.619494 -0.93569 0.305032 0.177314 -0.237228 0.252601 0.228293 0.940253 0.380688 
1535379406340 0.24578 0.924628 -0.290956 -0.619019 -0.935522 0.304848 0.178512 -0.236934 0.253754 0.228321 0.939935 0.380946 
1535379406547 0.245865 0.924464 -0.291405 -0.618729 -0.935265 0.305226 0.179207 -0.237006 0.254615 0.22848 0.939664 0.38103 
1535379406558 0.245865 0.924464 -0.291405 -0.618729 -0.935265 0.305226 0.179207 -0.237006 0.254615 0.22848 0.939664 0.38103 
1535379406653 0.245998 0.924432 -0.291395 -0.61879 -0.935209 0.30537 0.179256 -0.236974 0.254693 0.228419 0.939658 0.38105 
1535379406708 0.246047 0.924446 -0.291308 -0.618828 -0.935245 0.305356 0.179092 -0.236981 0.254513 0.228379 0.939716 0.381037 
1535379406780 0.246047 0.924446 -0.291308 -0.618828 -0.935245 0.305356 0.179092 -0.236981 0.254513 0.228379 0.939716 0.381037 
1535379406846 0.245852 0.924619 -0.290923 -0.618711 -0.935534 0.304883 0.178388 -0.236832 0.253639 0.228311 0.939969 0.380997 
1535379406863 0.245852 0.924619 -0.290923 -0.618711 -0.935534 0.304883 0.178388 -0.236832 0.253639 0.228311 0.939969 0.380997 
1535379407026 0.245925 0.924552 -0.291076 -0.618367 -0.935468 0.305023 0.178493 -0.236708 0.253811 0.228397 0.939902 0.381067 
1535379407042 0.245925 0.924552 -0.291076 -0.618367 -0.935468 0.305023 0.178493 -0.236708 0.253811 0.228397 0.939902 0.381067 
1535379407224 0.246092 0.924485 -0.291146 -0.617826 -0.93542 0.305199 0.178444 -0.236549 0.253827 0.22843 0.939889 0.381151 
1535379407329 0.246072 0.924477 -0.291187 -0.617628 -0.935432 0.305182 0.178409 -0.236511 0.253801 0.228485 0.939883 0.381209 
1535379407342 0.246062 0.92448 -0.291187 -0.617615 -0.935436 0.305172 0.178409 -0.236504 0.253798 0.228487 0.939883 0.381212 
1535379407356 0.246007 0.924499 -0.291174 -0.617541 -0.935453 0.305114 0.178417 -0.23645 0.253787 0.228488 0.939886 0.381232 
1535379407508 0.24631 0.924373 -0.291317 -0.617321 -0.935378 0.305427 0.178277 -0.236468 0.253771 0.22858 0.939868 0.381268 
1535379407634 0.246497 0.924364 -0.291188 -0.61709 -0.935388 0.305525 0.178052 -0.236294 0.253551 0.228484 0.939951 0.381364 
1535379407672 0.246497 0.924364 -0.291188 -0.61709 -0.935388 0.305525 0.178052 -0.236294 0.253551 0.228484 0.939951 0.381364 
1535379407784 0.246347 0.924444 -0.291061 -0.616885 -0.935526 0.305271 0.177769 -0.23607 0.25319 0.228502 0.940044 0.381433 
1535379407956 0.246619 0.924424 -0.290894 -0.616384 -0.935533 0.305426 0.177464 -0.235768 0.252898 0.228375 0.940153 0.38156 
1535379408113 0.246974 0.924291 -0.291014 -0.616043 -0.935531 0.305704 0.176994 -0.235809 0.252558 0.22854 0.940204 0.3816 
1535379408129 0.246974 0.924291 -0.291014 -0.616043 -0.935531 0.305704 0.176994 -0.235809 0.252558 0.22854 0.940204 0.3816 
1535379408268 0.246987 0.924295 -0.290993 -0.615866 -0.935579 0.305666 0.176807 -0.235662 0.252368 0.228578 0.940246 0.381625 
1535379408358 0.246839 0.924355 -0.290927 -0.615664 -0.935664 0.30547 0.176693 -0.235398 0.252196 0.228595 0.940288 0.381643 
1535379408569 0.246988 0.924301 -0.290971 -0.615445 -0.935647 0.305601 0.176558 -0.235329 0.252114 0.228638 0.940299 0.381673 
1535379408712 0.246988 0.924301 -0.290971 -0.615445 -0.935647 0.305601 0.176558 -0.235329 0.252114 0.228638 0.940299 0.381673 
1535379408866 0.247126 0.924348 -0.290707 -0.615027 -0.935425 0.305849 0.177302 -0.235199 0.252801 0.228119 0.940241 0.38195 
1535379409025 0.247387 0.924294 -0.290656 -0.614633 -0.935313 0.306126 0.177413 -0.235137 0.252959 0.227965 0.940236 0.382046 
1535379409164 0.247676 0.9242 -0.290708 -0.614221 -0.935187 0.306456 0.177508 -0.235103 0.253142 0.227902 0.940202 0.382132 
1535379409309 0.247548 0.924285 -0.290546 -0.613907 -0.93518 0.30634 0.177747 -0.234808 0.253295 0.227712 0.940207 0.382252 
1535379409436 0.247548 0.924285 -0.290546 -0.613907 -0.93518 0.30634 0.177747 -0.234808 0.253295 0.227712 0.940207 0.382252 
1535379409623 0.247886 0.924224 -0.290454 -0.613137 -0.935029 0.306699 0.177922 -0.234563 0.253522 0.227478 0.940202 0.382399 
1535379409649 0.247886 0.924224 -0.290454 -0.613137 -0.935029 0.306699 0.177922 -0.234563 0.253522 0.227478 0.940202 0.382399 
1535379409805 0.247763 0.924253 -0.290464 -0.612773 -0.935004 0.306636 0.178161 -0.23426 0.253733 0.227443 0.940154 0.382483 
1535379409815 0.247642 0.924312 -0.290379 -0.612622 -0.935024 0.306515 0.178264 -0.234145 0.253777 0.227365 0.940161 0.382545 
1535379409830 0.247642 0.924312 -0.290379 -0.612622 -0.935024 0.306515 0.178264 -0.234145 0.253777 0.227365 0.940161 0.382545 
1535379410062 0.248173 0.924116 -0.290552 -0.612225 -0.934922 0.307019 0.177933 -0.234072 0.253636 0.227485 0.94017 0.382643 
1535379410079 0.248173 0.924116 -0.290552 -0.612225 -0.934922 0.307019 0.177933 -0.234072 0.253636 0.227485 0.94017 0.382643 
1535379410247 0.248462 0.923938 -0.29087 -0.61187 -0.934839 0.307361 0.17778 -0.233932 0.25366 0.227745 0.940101 0.382719 
1535379410494 0.248544 0.923926 -0.29084 -0.611061 -0.934817 0.307433 0.177768 -0.233583 0.253658 0.227699 0.940112 0.382879 
1535379410678 0.248804 0.923806 -0.290998 -0.610674 -0.934768 0.307693 0.177578 -0.233375 0.253585 0.227833 0.940099 0.382968 
1535379410850 0.249174 0.923695 -0.291031 -0.610294 -0.934692 0.308032 0.17739 -0.233298 0.253501 0.227824 0.940124 0.383044 
1535379411069 0.249224 0.923654 -0.291118 -0.60986 -0.934691 0.308085 0.177305 -0.233091 0.253458 0.227917 0.940113 0.383161 
1535379411091 0.249111 0.923699 -0.291072 -0.609766 -0.934729 0.307962 0.177319 -0.23298 0.253428 0.227901 0.940125 0.383189 
1535379411298 0.249111 0.923699 -0.291072 -0.609766 -0.934729 0.307962 0.177319 -0.23298 0.253428 0.227901 0.940125 0.383189 
1535379411356 0.249407 0.923648 -0.290983 -0.609425 -0.934617 0.308255 0.177396 -0.232875 0.253548 0.227714 0.940138 0.383275 
1535379411490 0.249629 0.923609 -0.290914 -0.609061 -0.934487 0.308517 0.177626 -0.232737 0.253809 0.227514 0.940116 0.383383 
1535379411673 0.249896 0.923524 -0.290958 -0.608718 -0.934344 0.308844 0.177813 -0.232641 0.254075 0.22742 0.940067 0.383484 
1535379411867 0.250071 0.923501 -0.29088 -0.608381 -0.934222 0.309063 0.178074 -0.232449 0.254351 0.227215 0.940042 0.383611 
1535379412000 0.250071 0.923501 -0.29088 -0.608381 -0.934222 0.309063 0.178074 -0.232449 0.254351 0.227215 0.940042 0.383611 
1535379412045 0.250183 0.923497 -0.290795 -0.608047 -0.934146 0.309193 0.178242 -0.232279 0.254518 0.227052 0.940036 0.383691 
1535379412292 0.250271 0.92356 -0.290518 -0.607376 -0.933981 0.30935 0.178833 -0.23184 0.255035 0.226582 0.940009 0.383899 
1535379412313 0.250271 0.92356 -0.290518 -0.607376 -0.933981 0.30935 0.178833 -0.23184 0.255035 0.226582 0.940009 0.383899 
1535379412464 0.250527 0.92346 -0.290615 -0.607026 -0.93381 0.309704 0.179116 -0.231776 0.255411 0.226506 0.939926 0.383996 
1535379412676 0.250728 0.923459 -0.290445 -0.606598 -0.933732 0.309883 0.179213 -0.231663 0.2555 0.226264 0.93996 0.38405 
1535379412789 0.250728 0.923459 -0.290445 -0.606598 -0.933732 0.309883 0.179213 -0.231663 0.2555 0.226264 0.93996 0.38405 
1535379412924 0.250465 0.923665 -0.290019 -0.606283 -0.933686 0.309653 0.17985 -0.231393 0.255926 0.225741 0.93997 0.384255 
1535379413067 0.250645 0.923686 -0.289795 -0.605915 -0.933574 0.309837 0.180115 -0.231306 0.256159 0.2254 0.939988 0.384349 
1535379413184 0.250645 0.923686 -0.289795 -0.605915 -0.933574 0.309837 0.180115 -0.231306 0.256159 0.2254 0.939988 0.384349 
1535379413282 0.250713 0.92371 -0.289658 -0.605607 -0.933533 0.309895 0.180227 -0.23111 0.256241 0.22522 0.940009 0.384394 
1535379413398 0.250713 0.92371 -0.289658 -0.605607 -0.933533 0.309895 0.180227 -0.23111 0.256241 0.22522 0.940009 0.384394 
1535379413432 0.250601 0.923839 -0.289344 -0.604971 -0.93344 0.309835 0.180811 -0.230789 0.256689 0.224774 0.939993 0.384669 
1535379413561 0.250752 0.923807 -0.289315 -0.60461 -0.933307 0.310054 0.181123 -0.230718 0.257026 0.224603 0.939942 0.384735 
1535379413684 0.250689 0.923835 -0.28928 -0.604578 -0.933311 0.309998 0.181196 -0.230626 0.257072 0.224564 0.939939 0.384744 
1535379413725 0.250689 0.923835 -0.28928 -0.604578 -0.933311 0.309998 0.181196 -0.230626 0.257072 0.224564 0.939939 0.384744 
1535379413824 0.250831 0.9239 -0.288951 -0.604543 -0.933319 0.310029 0.181103 -0.230741 0.256904 0.224257 0.940058 0.384695 
1535379413864 0.250831 0.9239 -0.288951 -0.604543 -0.933319 0.310029 0.181103 -0.230741 0.256904 0.224257 0.940058 0.384695 
1535379413966 0.250651 0.924381 -0.287565 -0.60412 -0.933475 0.309492 0.181216 -0.230522 0.256512 0.223013 0.940461 0.384755 
1535379414026 0.250577 0.924516 -0.287197 -0.603985 -0.933515 0.309331 0.181285 -0.230394 0.25644 0.222677 0.94056 0.384767 
1535379414097 0.250339 0.924699 -0.286813 -0.603845 -0.933579 0.309029 0.181471 -0.230192 0.25644 0.222333 0.940642 0.38478 
1535379414146 0.250339 0.924699 -0.286813 -0.603845 -0.933579 0.309029 0.181471 -0.230192 0.25644 0.222333 0.940642 0.38478 
1535379414201 0.250561 0.924798 -0.286302 -0.603571 -0.933502 0.309155 0.181653 -0.230211 0.256504 0.221748 0.940762 0.384786 
1535379414242 0.25059 0.924835 -0.286156 -0.603523 -0.933501 0.309148 0.181666 -0.230206 0.256476 0.221604 0.940804 0.384791 
1535379414423 0.250522 0.92494 -0.285875 -0.603417 -0.933532 0.309018 0.18173 -0.230136 0.256429 0.221346 0.940877 0.384801 
1535379414575 0.251096 0.924814 -0.28578 -0.603428 -0.9335 0.30944 0.181176 -0.230193 0.255986 0.221283 0.941013 0.384749 
1535379414726 0.251064 0.925013 -0.285163 -0.603293 -0.933654 0.309163 0.180855 -0.229966 0.255455 0.220838 0.941262 0.384704 
1535379414865 0.251084 0.925197 -0.284547 -0.603164 -0.93376 0.308965 0.180643 -0.229812 0.255046 0.220342 0.941489 0.384719 
1535379414996 0.251155 0.92527 -0.284246 -0.603081 -0.933817 0.308909 0.180448 -0.229679 0.25477 0.220113 0.941617 0.384703 
1535379415143 0.25135 0.925342 -0.28384 -0.602997 -0.933776 0.309005 0.180493 -0.229572 0.254725 0.219676 0.941731 0.384681 
1535379415288 0.251614 0.92547 -0.283189 -0.602813 -0.933874 0.308984 0.18002 -0.229404 0.254104 0.219167 0.942018 0.384609 
1535379415421 0.251703 0.925576 -0.282763 -0.602683 -0.933986 0.308869 0.179636 -0.229334 0.253604 0.218882 0.942219 0.384549 
1535379415443 0.251703 0.925576 -0.282763 -0.602683 -0.933986 0.308869 0.179636 -0.229334 0.253604 0.218882 0.942219 0.384549 
1535379415797 0.252049 0.925767 -0.281826 -0.602488 -0.934046 0.308886 0.1793 -0.229147 0.253042 0.218046 0.942564 0.384622 
1535379416107 0.251984 0.9257 -0.282107 -0.602669 -0.934021 0.308914 0.179377 -0.229346 0.253196 0.218294 0.942465 0.384493 
1535379416507 0.252343 0.925805 -0.281439 -0.602703 -0.934081 0.308993 0.178929 -0.229277 0.252616 0.217736 0.942749 0.384389 
1535379416823 0.252921 0.925955 -0.280424 -0.602702 -0.934106 0.309192 0.178454 -0.229233 0.251945 0.216811 0.943142 0.38431 
1535379417115 0.253016 0.92609 -0.279893 -0.602698 -0.934227 0.309054 0.17806 -0.229203 0.251402 0.216431 0.943374 0.384219 
1535379417433 0.253251 0.926218 -0.279257 -0.602715 -0.93421 0.309116 0.178041 -0.229067 0.251228 0.215796 0.943566 0.384174 
1535379417743 0.2536 0.926261 -0.278798 -0.602712 -0.934304 0.309199 0.177403 -0.229197 0.250526 0.215492 0.943822 0.384051 
1535379418061 0.253901 0.926372 -0.278154 -0.602723 -0.934289 0.309307 0.177296 -0.229079 0.250277 0.214861 0.944032 0.383993 
1535379418103 0.254061 0.926516 -0.277526 -0.602734 -0.934399 0.309207 0.17689 -0.229067 0.249705 0.214379 0.944293 0.383963 
1535379418263 0.254061 0.926516 -0.277526 -0.602734 -0.934399 0.309207 0.17689 -0.229067 0.249705 0.214379 0.944293 0.383963 
1535379419096 0.248577 0.926124 -0.283731 -0.588504 -0.93564 0.30536 0.177011 -0.222456 0.250574 0.221469 0.942425 0.393484 
1535379420089 0.243798 0.925629 -0.289435 -0.574118 -0.936796 0.301987 0.176684 -0.215984 0.25095 0.228067 0.94075 0.403384 
1535379421071 0.239699 0.924837 -0.29533 -0.559556 -0.937761 0.299296 0.176141 -0.209692 0.251293 0.234728 0.939018 0.413556 
1535379421084 0.239699 0.924837 -0.29533 -0.559556 -0.937761 0.299296 0.176141 -0.209692 0.251293 0.234728 0.939018 0.413556 
1535379422370 0.230615 0.923232 -0.307343 -0.530662 -0.939919 0.293074 0.175102 -0.196896 0.251734 0.248496 0.93535 0.43351 
1535379423275 0.226081 0.922502 -0.312855 -0.516204 -0.940963 0.289886 0.174798 -0.190427 0.251944 0.254867 0.933578 0.443583 
1535379424201 0.221873 0.921534 -0.318664 -0.501728 -0.941929 0.287048 0.174277 -0.184141 0.252074 0.261492 0.931708 0.453665 
1535379425106 0.21709 0.9206 -0.324603 -0.487313 -0.942983 0.283727 0.17402 -0.17761 0.252301 0.268317 0.929704 0.46359 
1535379458877 0.213395 0.919304 -0.330669 -0.472534 -0.943685 0.28155 0.173747 -0.171304 0.252826 0.274971 0.927615 0.47416 
1535379459362 0.213395 0.919304 -0.330669 -0.472534 -0.943685 0.28155 0.173747 -0.171304 0.252826 0.274971 0.927615 0.47416 
1535379459996 0.213401 0.919304 -0.330666 -0.472534 -0.943684 0.281554 0.173744 -0.171305 0.252824 0.274967 0.927617 0.474164 
1535379460444 0.213405 0.919307 -0.330655 -0.472532 -0.943685 0.281555 0.173741 -0.171306 0.252819 0.274957 0.927621 0.47417 
1535379460970 0.213412 0.919311 -0.330639 -0.47253 -0.943686 0.281556 0.173736 -0.171306 0.252811 0.274942 0.927628 0.474179 
1535379461590 0.213423 0.919322 -0.330603 -0.472526 -0.943688 0.281554 0.173727 -0.171308 0.252794 0.274908 0.927643 0.474197 
1535379462037 0.213435 0.919334 -0.330562 -0.472521 -0.94369 0.281553 0.173717 -0.171309 0.252775 0.27487 0.927659 0.474217 
1535379462555 0.213445 0.919343 -0.330529 -0.472517 -0.943692 0.281551 0.173709 -0.17131 0.252759 0.274841 0.927672 0.474232 
1535379462581 0.213457 0.919355 -0.330489 -0.472511 -0.943694 0.281549 0.1737 -0.171312 0.252741 0.274803 0.927688 0.474251 
1535379462881 0.213457 0.919355 -0.330489 -0.472511 -0.943694 0.281549 0.173699 -0.171312 0.25274 0.274803 0.927688 0.474252 
1535379463146 0.213471 0.919369 -0.330441 -0.472505 -0.943697 0.281547 0.173688 -0.171314 0.252718 0.274759 0.927707 0.474274 
1535379463437 0.213488 0.919386 -0.330383 -0.472498 -0.9437 0.281544 0.173674 -0.171316 0.252691 0.274705 0.927731 0.474302 
1535379463685 0.213502 0.9194 -0.330333 -0.472492 -0.943703 0.281541 0.173663 -0.171318 0.252668 0.274659 0.927751 0.474325 
1535379463961 0.213514 0.919412 -0.330293 -0.472487 -0.943706 0.281539 0.173653 -0.171319 0.252649 0.274622 0.927767 0.474344 
1535379464339 0.213522 0.91942 -0.330265 -0.472483 -0.943707 0.281538 0.173646 -0.17132 0.252636 0.274596 0.927778 0.474357 
1535379464754 0.213528 0.919426 -0.330244 -0.472481 -0.943708 0.281537 0.173641 -0.171321 0.252626 0.274577 0.927786 0.474367 
1535379464782 0.213528 0.919426 -0.330244 -0.472481 -0.943708 0.281537 0.173641 -0.171321 0.252626 0.274577 0.927786 0.474367 
1535379465024 0.213532 0.91943 -0.33023 -0.472479 -0.943709 0.281536 0.173638 -0.171321 0.252619 0.274564 0.927792 0.474374 
1535379465223 0.213534 0.919432 -0.330225 -0.472478 -0.94371 0.281536 0.173636 -0.171321 0.252617 0.274559 0.927794 0.474377 
1535379465506 0.213535 0.919433 -0.330222 -0.472478 -0.94371 0.281536 0.173636 -0.171322 0.252616 0.274556 0.927795 0.474379 
1535379465721 0.213536 0.919434 -0.330219 -0.472477 -0.94371 0.281536 0.173635 -0.171322 0.252614 0.274553 0.927797 0.47438 
1535379465942 0.213537 0.919434 -0.330217 -0.472477 -0.94371 0.281536 0.173634 -0.171322 0.252613 0.274552 0.927797 0.474381 
