1535135647158 0 0 0 0 0 0 0 0 0 0 0 0 
1535135680021 0.241923 0.927131 -0.286183 -0.558414 -0.941042 0.296069 0.163657 -0.2108 0.236461 0.229718 0.944095 0.413057 
1535135680858 0.241923 0.927131 -0.286183 -0.558414 -0.941042 0.296069 0.163657 -0.2108 0.236461 0.229718 0.944095 0.413057 
1535135681484 0.242881 0.927501 -0.284166 -0.573727 -0.941684 0.295764 0.160481 -0.217484 0.232893 0.228617 0.945249 0.40487 
1535135682354 0.243464 0.928047 -0.281876 -0.589244 -0.942266 0.295207 0.158077 -0.224048 0.229915 0.227116 0.946339 0.396589 
1535135683396 0.243464 0.928047 -0.281876 -0.589244 -0.942266 0.295207 0.158077 -0.224048 0.229915 0.227116 0.946339 0.396589 
1535135684015 0.243862 0.929017 -0.278315 -0.612656 -0.943268 0.293891 0.154512 -0.233733 0.225339 0.224846 0.94798 0.384112 
1535135684723 0.243494 0.929964 -0.275458 -0.628404 -0.943972 0.292458 0.152921 -0.239894 0.222771 0.22279 0.949072 0.375819 
1535135685191 0.2439 0.929814 -0.275607 -0.628844 -0.943841 0.292898 0.152891 -0.240199 0.222885 0.222839 0.949034 0.375528 
1535135685661 0.244336 0.929819 -0.275204 -0.631996 -0.943889 0.293089 0.152227 -0.241689 0.222202 0.222567 0.949258 0.373878 
1535135686222 0.244048 0.930014 -0.274797 -0.632818 -0.944051 0.292659 0.152049 -0.241915 0.221829 0.222315 0.949404 0.373441 
1535135686668 0.243733 0.930259 -0.274247 -0.635258 -0.944171 0.292228 0.152132 -0.242751 0.221664 0.221857 0.94955 0.372259 
1535135686695 0.243733 0.930259 -0.274247 -0.635258 -0.944171 0.292228 0.152132 -0.242751 0.221664 0.221857 0.94955 0.372259 
1535135687132 0.241858 0.929789 -0.277483 -0.635634 -0.944245 0.291371 0.153311 -0.24313 0.223397 0.224932 0.948419 0.372411 
1535135687856 0.239165 0.928845 -0.282926 -0.636194 -0.944172 0.290466 0.155463 -0.24401 0.226582 0.22995 0.946459 0.37265 
1535135688315 0.237953 0.929173 -0.282872 -0.63622 -0.944516 0.28926 0.155624 -0.244254 0.226425 0.230145 0.946449 0.372709 
1535135689412 0.234555 0.930163 -0.282454 -0.63642 -0.945325 0.285982 0.156766 -0.245054 0.226595 0.23024 0.946385 0.373141 
1535135689449 0.234555 0.930163 -0.282454 -0.63642 -0.945325 0.285982 0.156766 -0.245054 0.226595 0.23024 0.946385 0.373141 
1535135689649 0.234013 0.930328 -0.282361 -0.636444 -0.945428 0.28548 0.157059 -0.245217 0.226724 0.230198 0.946364 0.373188 
1535135689947 0.233674 0.930914 -0.280704 -0.63642 -0.945731 0.284654 0.156734 -0.245318 0.22581 0.228845 0.946911 0.373058 
1535135690321 0.232924 0.931846 -0.278226 -0.636439 -0.946131 0.283302 0.15677 -0.245886 0.224907 0.226722 0.947636 0.373013 
1535135690677 0.232508 0.932182 -0.277447 -0.636432 -0.946257 0.282749 0.157007 -0.24587 0.224807 0.226031 0.947825 0.373063 
1535135690704 0.232508 0.932182 -0.277447 -0.636432 -0.946257 0.282749 0.157007 -0.24587 0.224807 0.226031 0.947825 0.373063 
1535135690721 0.232131 0.932482 -0.276755 -0.636495 -0.94641 0.282211 0.157054 -0.245954 0.224553 0.225466 0.948019 0.373037 
1535135690991 0.232258 0.932471 -0.276686 -0.636417 -0.946374 0.282325 0.157065 -0.245914 0.224574 0.225368 0.948038 0.373097 
1535135691230 0.234311 0.932062 -0.27633 -0.63607 -0.945994 0.284105 0.15614 -0.245836 0.224039 0.224821 0.948294 0.373061 
1535135691575 0.234555 0.932026 -0.276244 -0.636026 -0.945969 0.284289 0.155959 -0.245799 0.223891 0.224738 0.948349 0.373002 
1535135691616 0.234555 0.932026 -0.276244 -0.636026 -0.945969 0.284289 0.155959 -0.245799 0.223891 0.224738 0.948349 0.373002 
1535135692000 0.235395 0.931861 -0.276087 -0.635788 -0.945703 0.285124 0.156043 -0.245554 0.224129 0.224364 0.948381 0.373126 
1535135692640 0.239286 0.930968 -0.275753 -0.634583 -0.94479 0.288731 0.154937 -0.245043 0.22386 0.223455 0.948659 0.373341 
1535135693361 0.241007 0.930525 -0.275751 -0.634111 -0.944325 0.290408 0.154642 -0.244922 0.223978 0.223128 0.948708 0.3735 
1535135693393 0.241007 0.930525 -0.275751 -0.634111 -0.944325 0.290408 0.154642 -0.244922 0.223978 0.223128 0.948708 0.3735 
1535135693415 0.241007 0.930525 -0.275751 -0.634111 -0.944325 0.290408 0.154642 -0.244922 0.223978 0.223128 0.948708 0.3735 
1535135693563 0.241498 0.930427 -0.275653 -0.633944 -0.944225 0.290836 0.154444 -0.244776 0.223869 0.22298 0.948769 0.373498 
1535135693582 0.241498 0.930427 -0.275653 -0.633944 -0.944225 0.290836 0.154444 -0.244776 0.223869 0.22298 0.948769 0.373498 
1535135693599 0.241498 0.930427 -0.275653 -0.633944 -0.944225 0.290836 0.154444 -0.244776 0.223869 0.22298 0.948769 0.373498 
1535135693616 0.241498 0.930427 -0.275653 -0.633944 -0.944225 0.290836 0.154444 -0.244776 0.223869 0.22298 0.948769 0.373498 
1535135693633 0.241498 0.930427 -0.275653 -0.633944 -0.944225 0.290836 0.154444 -0.244776 0.223869 0.22298 0.948769 0.373498 
1535135693733 0.241498 0.930427 -0.275653 -0.633944 -0.944225 0.290836 0.154444 -0.244776 0.223869 0.22298 0.948769 0.373498 
1535135694048 0.241637 0.930492 -0.275312 -0.63275 -0.944328 0.290775 0.153931 -0.244248 0.223285 0.22279 0.948951 0.373901 
1535135694274 0.241337 0.930527 -0.275456 -0.632132 -0.944233 0.290682 0.154687 -0.243845 0.22401 0.222763 0.948787 0.374189 
1535135694336 0.241337 0.930527 -0.275456 -0.632132 -0.944233 0.290682 0.154687 -0.243845 0.22401 0.222763 0.948787 0.374189 
1535135694466 0.241337 0.930527 -0.275456 -0.632132 -0.944233 0.290682 0.154687 -0.243845 0.22401 0.222763 0.948787 0.374189 
1535135694496 0.241337 0.930527 -0.275456 -0.632132 -0.944233 0.290682 0.154687 -0.243845 0.22401 0.222763 0.948787 0.374189 
1535135694529 0.241001 0.930504 -0.275828 -0.630613 -0.943985 0.290753 0.15606 -0.243276 0.225413 0.222767 0.948453 0.374675 
1535135694560 0.241051 0.930425 -0.276049 -0.630517 -0.943938 0.290872 0.156124 -0.243273 0.225557 0.222939 0.948379 0.374658 
1535135695321 0.241102 0.930369 -0.276196 -0.628555 -0.94376 0.291108 0.156758 -0.242536 0.226246 0.222868 0.948231 0.375289 
1535135696259 0.240891 0.930182 -0.277007 -0.625784 -0.943502 0.29135 0.157859 -0.241396 0.227544 0.223329 0.947812 0.376134 
1535135696866 0.240868 0.930117 -0.277246 -0.624422 -0.943433 0.291442 0.158098 -0.240775 0.227851 0.223483 0.947702 0.376598 
1535135697246 0.241088 0.93 -0.277446 -0.623842 -0.943367 0.291697 0.158027 -0.240683 0.227895 0.223635 0.947656 0.376716 
1535135697634 0.241073 0.929927 -0.277703 -0.622776 -0.94329 0.291805 0.158286 -0.240257 0.228229 0.223796 0.947537 0.377012 
1535135698016 0.241505 0.929607 -0.278401 -0.621138 -0.943092 0.292423 0.158322 -0.23977 0.228588 0.224322 0.947326 0.37737 
1535135698044 0.241834 0.929463 -0.278596 -0.620889 -0.942961 0.292817 0.158374 -0.239798 0.228781 0.224405 0.94726 0.377441 
1535135698395 0.241811 0.929427 -0.278734 -0.620558 -0.942808 0.292975 0.158996 -0.239469 0.229437 0.224345 0.947116 0.37762 
1535135699206 0.242231 0.92922 -0.279058 -0.619529 -0.942328 0.293794 0.160319 -0.238964 0.230957 0.22413 0.946797 0.378049 
1535135699687 0.242375 0.929044 -0.279521 -0.619177 -0.942183 0.294117 0.16058 -0.238756 0.231397 0.22444 0.946616 0.378265 
1535135700079 0.242708 0.928683 -0.28043 -0.618293 -0.941944 0.294741 0.160839 -0.23834 0.232023 0.225113 0.946303 0.378598 
1535135700391 0.242991 0.928437 -0.281 -0.61799 -0.941772 0.295206 0.160991 -0.23831 0.232422 0.225518 0.946109 0.378679 
1535135700643 0.243282 0.928039 -0.282058 -0.617115 -0.941573 0.295789 0.161086 -0.237941 0.232924 0.226389 0.945777 0.378918 
1535135700666 0.243282 0.928039 -0.282058 -0.617115 -0.941573 0.295789 0.161086 -0.237941 0.232924 0.226389 0.945777 0.378918 
1535135700686 0.243163 0.928046 -0.282139 -0.61705 -0.941573 0.295719 0.161215 -0.237803 0.233049 0.226453 0.945731 0.378976 
1535135700704 0.243145 0.928034 -0.282194 -0.61701 -0.941563 0.295726 0.161261 -0.237764 0.233108 0.226494 0.945707 0.379 
1535135700914 0.243145 0.928034 -0.282194 -0.61701 -0.941563 0.295726 0.161261 -0.237764 0.233108 0.226494 0.945707 0.379 
1535135700937 0.243145 0.928034 -0.282194 -0.61701 -0.941563 0.295726 0.161261 -0.237764 0.233108 0.226494 0.945707 0.379 
1535135700951 0.243462 0.928032 -0.281928 -0.61648 -0.94179 0.295681 0.160012 -0.237415 0.231857 0.22656 0.945998 0.379184 
1535135700987 0.243462 0.928032 -0.281928 -0.61648 -0.94179 0.295681 0.160012 -0.237415 0.231857 0.22656 0.945998 0.379184 
1535135701369 0.243668 0.927899 -0.282188 -0.615816 -0.941873 0.29579 0.159322 -0.237256 0.231303 0.226964 0.946037 0.379362 
1535135702147 0.24383 0.927693 -0.282724 -0.614699 -0.941771 0.296096 0.159356 -0.236893 0.231547 0.227405 0.945871 0.37965 
1535135702605 0.243958 0.927774 -0.282347 -0.61381 -0.9417 0.296191 0.159601 -0.236536 0.231702 0.22695 0.945943 0.379859 
1535135703223 0.244183 0.927994 -0.281429 -0.612218 -0.941594 0.296294 0.160032 -0.236087 0.231895 0.225915 0.946143 0.380341 
1535135703669 0.244426 0.928005 -0.281181 -0.611374 -0.941503 0.296511 0.160166 -0.235974 0.232008 0.225584 0.946195 0.380517 
1535135703700 0.244545 0.928002 -0.281088 -0.611143 -0.941462 0.296619 0.160211 -0.235891 0.232052 0.225455 0.946215 0.380566 
1535135704143 0.244807 0.927776 -0.281606 -0.610265 -0.940931 0.297406 0.161856 -0.235543 0.233918 0.225349 0.94578 0.380765 
1535135704759 0.245003 0.927704 -0.281671 -0.609235 -0.94053 0.297941 0.163199 -0.235135 0.235322 0.224936 0.94553 0.381159 
1535135705288 0.245449 0.927555 -0.281773 -0.608554 -0.940155 0.298632 0.164095 -0.234898 0.236354 0.224634 0.945345 0.381346 
1535135705319 0.245744 0.927333 -0.282248 -0.608309 -0.939941 0.299128 0.164417 -0.234917 0.236898 0.224892 0.945147 0.381273 
1535135705734 0.246005 0.927794 -0.280499 -0.607609 -0.940242 0.298718 0.16344 -0.234206 0.235428 0.22353 0.945837 0.381508 
1535135706129 0.247455 0.92777 -0.279301 -0.606675 -0.940143 0.299628 0.162342 -0.233831 0.234302 0.22241 0.946381 0.381662 
1535135706535 0.248077 0.927839 -0.278517 -0.606079 -0.940142 0.299931 0.161786 -0.23347 0.233647 0.22171 0.946707 0.381744 
1535135706567 0.248077 0.927839 -0.278517 -0.606079 -0.940142 0.299931 0.161786 -0.23347 0.233647 0.22171 0.946707 0.381744 
1535135706888 0.248388 0.927842 -0.27823 -0.605819 -0.940134 0.300108 0.161504 -0.233372 0.23335 0.221458 0.946839 0.381784 
1535135707292 0.248308 0.928164 -0.277225 -0.604726 -0.940302 0.299718 0.16125 -0.232801 0.232756 0.220636 0.947177 0.382041 
1535135707676 0.249065 0.928215 -0.276376 -0.603809 -0.940283 0.300124 0.160605 -0.232662 0.232023 0.21987 0.947535 0.382197 
1535135707966 0.249055 0.928423 -0.275686 -0.6033 -0.940386 0.299899 0.160419 -0.23233 0.231615 0.219299 0.947767 0.382347 
1535135708404 0.249238 0.928798 -0.274251 -0.602106 -0.940665 0.299517 0.159493 -0.231739 0.23028 0.218227 0.94834 0.38241 
1535135708686 0.24926 0.928845 -0.274073 -0.601837 -0.940745 0.299426 0.159194 -0.231671 0.229931 0.218153 0.948441 0.382341 
1535135708707 0.24926 0.928845 -0.274073 -0.601837 -0.940745 0.299426 0.159194 -0.231671 0.229931 0.218153 0.948441 0.382341 
1535135708724 0.24926 0.928845 -0.274073 -0.601837 -0.940745 0.299426 0.159194 -0.231671 0.229931 0.218153 0.948441 0.382341 
1535135708882 0.249572 0.928837 -0.273815 -0.601542 -0.940714 0.299633 0.15899 -0.23164 0.229719 0.217902 0.94855 0.382373 
1535135708902 0.249572 0.928837 -0.273815 -0.601542 -0.940714 0.299633 0.15899 -0.23164 0.229719 0.217902 0.94855 0.382373 
1535135708919 0.249572 0.928837 -0.273815 -0.601542 -0.940714 0.299633 0.15899 -0.23164 0.229719 0.217902 0.94855 0.382373 
1535135708936 0.249572 0.928837 -0.273815 -0.601542 -0.940714 0.299633 0.15899 -0.23164 0.229719 0.217902 0.94855 0.382373 
1535135708954 0.249572 0.928837 -0.273815 -0.601542 -0.940714 0.299633 0.15899 -0.23164 0.229719 0.217902 0.94855 0.382373 
1535135709022 0.249572 0.928837 -0.273815 -0.601542 -0.940714 0.299633 0.15899 -0.23164 0.229719 0.217902 0.94855 0.382373 
1535135709051 0.249413 0.92901 -0.273374 -0.601741 -0.940764 0.299397 0.159136 -0.231503 0.229687 0.21749 0.948653 0.382364 
1535135709443 0.251308 0.929713 -0.269218 -0.600997 -0.940881 0.29992 0.15745 -0.231002 0.227127 0.213733 0.950122 0.382173 
1535135709747 0.250962 0.929886 -0.268943 -0.601215 -0.940753 0.299748 0.158539 -0.23107 0.228038 0.213222 0.950019 0.382114 
1535135710161 0.251406 0.930517 -0.266334 -0.601516 -0.940298 0.300037 0.160675 -0.231324 0.229421 0.210039 0.950395 0.38188 
1535135710506 0.251171 0.930763 -0.265695 -0.601631 -0.940285 0.299772 0.161251 -0.231191 0.229734 0.209327 0.950476 0.381862 
1535135710546 0.251193 0.930894 -0.265213 -0.601725 -0.940136 0.299839 0.161993 -0.231259 0.230319 0.208645 0.950484 0.381786 
1535135710752 0.251193 0.930894 -0.265213 -0.601725 -0.940136 0.299839 0.161993 -0.231259 0.230319 0.208645 0.950484 0.381786 
1535135710926 0.251193 0.930894 -0.265213 -0.601725 -0.940136 0.299839 0.161993 -0.231259 0.230319 0.208645 0.950484 0.381786 
1535135711101 0.251193 0.930894 -0.265213 -0.601725 -0.940136 0.299839 0.161993 -0.231259 0.230319 0.208645 0.950484 0.381786 
1535135711281 0.251193 0.930894 -0.265213 -0.601725 -0.940136 0.299839 0.161993 -0.231259 0.230319 0.208645 0.950484 0.381786 
1535135711464 0.251193 0.930894 -0.265213 -0.601725 -0.940136 0.299839 0.161993 -0.231259 0.230319 0.208645 0.950484 0.381786 
1535135711709 0.24622 0.930179 -0.272291 -0.587554 -0.940904 0.296806 0.163112 -0.224295 0.232541 0.216038 0.948289 0.391923 
1535135711973 0.24622 0.930179 -0.272291 -0.587554 -0.940904 0.296806 0.163112 -0.224295 0.232541 0.216038 0.948289 0.391923 
