1535380783258 0.236695 0.959534 -0.152545 -0.394242 -0.937023 0.266948 0.225225 -0.206321 0.256833 0.0896287 0.962291 0.479927 
1535380787128 0.236695 0.959534 -0.152545 -0.394242 -0.937023 0.266948 0.225225 -0.206321 0.256833 0.0896287 0.962291 0.479927 
1535380787737 0.236696 0.959533 -0.152547 -0.394243 -0.937023 0.266949 0.225224 -0.206322 0.256833 0.0896306 0.962291 0.479926 
1535380788524 0.248208 0.952679 -0.175489 -0.413908 -0.933918 0.283448 0.217842 -0.208613 0.257276 0.109822 0.960077 0.470854 
1535380789405 0.260028 0.944809 -0.199301 -0.434132 -0.9305 0.300325 0.2097 -0.210847 0.257982 0.130922 0.957238 0.4612 
1535380790316 0.271909 0.936193 -0.222727 -0.454291 -0.926835 0.317045 0.201147 -0.213143 0.258927 0.151738 0.953904 0.451648 
1535380791170 0.283814 0.926613 -0.246654 -0.474679 -0.922831 0.333822 0.192215 -0.215426 0.260447 0.173067 0.94985 0.441889 
1535380791961 0.295104 0.916706 -0.269376 -0.494789 -0.918891 0.349553 0.1829 -0.217592 0.261827 0.193553 0.945507 0.432392 
1535380792863 0.306456 0.905897 -0.292294 -0.515027 -0.914648 0.365288 0.17316 -0.219809 0.263636 0.21428 0.940521 0.42266 
1535380793772 0.317936 0.894332 -0.314782 -0.535222 -0.910126 0.380923 0.163001 -0.222073 0.265685 0.234667 0.935063 0.413099 
1535380794694 0.329337 0.881977 -0.337125 -0.555439 -0.905321 0.396375 0.152579 -0.224359 0.268199 0.254957 0.929014 0.403488 
1535380795161 0.340176 0.868896 -0.359584 -0.575975 -0.900589 0.411062 0.141306 -0.226463 0.270591 0.275768 0.922351 0.39358 
1535380795526 0.341771 0.867833 -0.360635 -0.577307 -0.899882 0.412836 0.140638 -0.226923 0.270934 0.276463 0.922043 0.393121 
1535380795865 0.341771 0.867833 -0.360635 -0.577307 -0.899882 0.412836 0.140638 -0.226923 0.270934 0.276463 0.922043 0.393121 
1535380796211 0.343867 0.865005 -0.365406 -0.581495 -0.898857 0.415803 0.138434 -0.227374 0.271683 0.280844 0.920497 0.391038 
1535380796546 0.344954 0.863696 -0.367472 -0.583536 -0.898432 0.41716 0.137102 -0.227582 0.27171 0.282855 0.919873 0.390089 
