1537452713306 0.275657 0.633204 -0.723233 -0.604483 -0.8825 0.464965 0.0707247 -0.181741 0.381061 0.618757 0.686973 0.426588 
15371537452713306 0.275657 0.633204 -0.1537452713310 0 0 0 0 0 0 0 0 0 0 0 0 
1537452713320 -0.146822 0.864569 -0.480588 -0.60133 -0.979836 -0.0605545 0.190407 -0.254933 0.135519 0.498853 0.856026 0.403808 
1537452713325 0 0 0 0 0 0 0 0 0 0 0 0 
1537452713326 0 0 0 0 0 0 0 0 0 0 0 0 
1537452713330 0 0 0 0 0 0 0 0 0 0 0 0 
1537452713340 -0.105714 0.881437 -0.460319 -0.605392 -0.982732 -0.0219126 0.18373 -0.25474 0.15186 0.471794 0.868533 0.400354 
1537452713350 -0.0640351 0.89599 -0.439434 -0.609455 -0.983889 0.0169687 0.177973 -0.254547 0.166918 0.443751 0.880468 0.396901 
1537452713360 -0.0218954 0.90813 -0.418114 -0.613878 -0.983307 0.0560005 0.173124 -0.254443 0.180634 0.414925 0.891745 0.393667 
1537452713370 0.0205954 0.9179 -0.396276 -0.618279 -0.980981 0.0950704 0.169229 -0.25434 0.19301 0.385254 0.902401 0.390408 
1537452713380 0.0633319 0.925277 -0.373968 -0.622642 -0.976917 0.134079 0.166298 -0.254231 0.204013 0.354804 0.912411 0.387115 
1537452713390 0.106208 0.930239 -0.351248 -0.626969 -0.971128 0.172928 0.164337 -0.254116 0.213613 0.323653 0.921747 0.383792 
1537452713400 0.149115 0.932772 -0.328179 -0.63127 -0.963627 0.211519 0.163348 -0.253994 0.221782 0.291884 0.930385 0.380448 
1537452713403 0 0 0 0 0 0 0 0 0 0 0 0 
1537452713406 0 0 0 0 0 0 0 0 0 0 0 0 
1537452713410 0 0 0 0 0 0 0 0 0 0 0 0 
1537452713420 0.191777 0.932459 -0.306171 -0.639626 -0.954449 0.249853 0.163098 -0.255005 0.22858 0.260946 0.937901 0.379155 
1537452713516 0 0 0 0 0 0 0 0 0 0 0 0 
1537452713516 0 0 0 0 0 0 0 0 0 0 0 0 
1537452713520 0 0 0 0 0 0 0 0 0 0 0 0 
1537452713530 0.275657 0.633204 -0.723233 -0.604483 -0.8825 0.464965 0.0707247 -0.181741 0.381061 0.618757 0.686973 0.426588 
1537452713535 0 0 0 0 0 0 0 0 0 0 0 0 
1537452713536 0 0 0 0 0 0 0 0 0 0 0 0 
1537452713540 0 0 0 0 0 0 0 0 0 0 0 0 
1537452713550 0.234654 0.930623 -0.280853 -0.638714 -0.943571 0.287516 0.164343 -0.253426 0.233691 0.226441 0.945575 0.37315 
1537452713558 0 0 0 0 0 0 0 0 0 0 0 0 
1537452713558 0 0 0 0 0 0 0 0 0 0 0 0 
1537452713560 0 0 0 0 0 0 0 0 0 0 0 0 
1537452713570 0.234654 0.930623 -0.280853 -0.638714 -0.943571 0.287516 0.164343 -0.253426 0.233691 0.226441 0.945575 0.37315 
1537452713580 0.234654 0.930623 -0.280853 -0.638714 -0.943571 0.287516 0.164343 -0.253426 0.233691 0.226441 0.945575 0.37315 
1537452713590 0.234654 0.930623 -0.280853 -0.638714 -0.943571 0.287516 0.164343 -0.253426 0.233691 0.226441 0.945575 0.37315 
1537452713600 0.234654 0.930623 -0.280853 -0.638714 -0.943571 0.287516 0.164343 -0.253426 0.233691 0.226441 0.945575 0.37315 
1537452713610 0.234654 0.930623 -0.280853 -0.638714 -0.943571 0.287516 0.164343 -0.253426 0.233691 0.226441 0.945575 0.37315 
1537452713620 0.234653 0.930623 -0.280853 -0.638714 -0.943571 0.287515 0.164343 -0.253426 0.233691 0.226441 0.945575 0.37315 
1537452713630 0.234653 0.930623 -0.280853 -0.638714 -0.943571 0.287515 0.164343 -0.253426 0.233691 0.226442 0.945575 0.37315 
1537452713640 0.234454 0.930264 -0.282205 -0.642751 -0.943579 0.287604 0.164143 -0.254563 0.23386 0.227799 0.945208 0.375155 
1537452713788 0 0 0 0 0 0 0 0 0 0 0 0 
1537452713788 0 0 0 0 0 0 0 0 0 0 0 0 
1537452713792 0 0 0 0 0 0 0 0 0 0 0 0 
1537452713809 0.275657 0.633204 -0.723233 -0.604483 -0.8825 0.464965 0.0707247 -0.181741 0.381061 0.618757 0.686973 0.426588 
1537452713809 0 0 0 0 0 0 0 0 0 0 0 0 
1537452713812 0 0 0 0 0 0 0 0 0 0 0 0 
1537452713822 0.23485 0.930562 -0.280892 -0.638769 -0.943658 0.287578 0.163734 -0.253422 0.233143 0.226613 0.94567 0.373204 
1537452713835 0.235047 0.9305 -0.28093 -0.638824 -0.943744 0.287642 0.163124 -0.253418 0.232594 0.226785 0.945763 0.373258 
1537452713842 0.235244 0.930439 -0.280969 -0.63888 -0.94383 0.287705 0.162515 -0.253414 0.232046 0.226956 0.945857 0.373312 
1537452713853 0.235441 0.930378 -0.281007 -0.638935 -0.943916 0.287768 0.161905 -0.25341 0.231497 0.227128 0.94595 0.373367 
1537452713866 0.235638 0.930316 -0.281045 -0.63899 -0.944001 0.287831 0.161295 -0.253406 0.230949 0.227299 0.946043 0.373421 
15371537452713866 0.235638 0.930316 -0.1537452713869 0 0 0 0 0 0 0 0 0 0 0 0 
1537452713875 0 0 0 0 0 0 0 0 0 0 0 0 
1537452713882 0.235835 0.930255 -0.281083 -0.639045 -0.944086 0.287893 0.160685 -0.253402 0.2304 0.227471 0.946136 0.373475 
1537452713893 0.236032 0.930194 -0.281121 -0.639101 -0.94417 0.287956 0.160076 -0.253398 0.229852 0.227643 0.946228 0.373529 
1537452713902 0.236229 0.930132 -0.281159 -0.639156 -0.944254 0.288018 0.159466 -0.253394 0.229303 0.227815 0.946319 0.373584 
1537452713913 0.236229 0.929712 -0.282544 -0.643247 -0.944347 0.288163 0.158654 -0.254538 0.228921 0.229341 0.946043 0.375644 
1537452714051 0 0 0 0 0 0 0 0 0 0 0 0 
1537452714052 0 0 0 0 0 0 0 0 0 0 0 0 
1537452714057 0 0 0 0 0 0 0 0 0 0 0 0 
1537452714058 0 0 0 0 0 0 0 0 0 0 0 0 
1537452714062 0 0 0 0 0 0 0 0 0 0 0 0 
1537452714072 0.275657 0.633204 -0.723233 -0.604483 -0.8825 0.464965 0.0707247 -0.181741 0.381061 0.618757 0.686973 0.426588 
1537452714083 0.236454 0.930148 -0.280918 -0.639227 -0.944545 0.287847 0.158049 -0.253423 0.227871 0.227968 0.946628 0.373677 
1537452714092 0.23628 0.930279 -0.28063 -0.639265 -0.944668 0.287551 0.157849 -0.253482 0.227539 0.227806 0.946747 0.373702 
1537452714102 0.236105 0.93041 -0.280342 -0.639304 -0.944791 0.287256 0.157649 -0.253541 0.227208 0.227643 0.946866 0.373728 
1537452714115 0.235931 0.930541 -0.280054 -0.639343 -0.944914 0.286961 0.157449 -0.253599 0.226877 0.22748 0.946984 0.373753 
15371537452714115 0.235931 0.930541 -0.1537452714118 0 0 0 0 0 0 0 0 0 0 0 0 
1537452714122 0 0 0 0 0 0 0 0 0 0 0 0 
1537452714125 0 0 0 0 0 0 0 0 0 0 0 0 
1537452714128 0 0 0 0 0 0 0 0 0 0 0 0 
1537452714132 0 0 0 0 0 0 0 0 0 0 0 0 
1537452714142 0.235757 0.930672 -0.279766 -0.639382 -0.945037 0.286666 0.157249 -0.253658 0.226546 0.227317 0.947103 0.373778 
1537452714152 0.235582 0.930802 -0.279478 -0.63942 -0.94516 0.286371 0.157048 -0.253717 0.226215 0.227154 0.947221 0.373803 
1537452714163 0.235408 0.930933 -0.27919 -0.639459 -0.945283 0.286076 0.156848 -0.253776 0.225884 0.226991 0.947339 0.373829 
1537452714172 0.235233 0.931063 -0.278902 -0.639498 -0.945405 0.285781 0.156647 -0.253835 0.225553 0.226827 0.947457 0.373854 
1537452714182 0.234866 0.930846 -0.279937 -0.643492 -0.945537 0.285562 0.15625 -0.255029 0.225384 0.227993 0.947218 0.375846 
1537452714289 0 0 0 0 0 0 0 0 0 0 0 0 
1537452714289 0 0 0 0 0 0 0 0 0 0 0 0 
1537452714301 0 0 0 0 0 0 0 0 0 0 0 0 
1537452714301 0 0 0 0 0 0 0 0 0 0 0 0 
1537452714311 0.275657 0.633204 -0.723233 -0.604483 -0.8825 0.464965 0.0707247 -0.181741 0.381061 0.618757 0.686973 0.426588 
1537452714314 0 0 0 0 0 0 0 0 0 0 0 0 
1537452714317 0 0 0 0 0 0 0 0 0 0 0 0 
1537452714321 0 0 0 0 0 0 0 0 0 0 0 0 
1537452714331 0.234811 0.931415 -0.278081 -0.6396 -0.945736 0.285011 0.156049 -0.25402 0.224603 0.22635 0.947797 0.373873 
1537452714334 0 0 0 0 0 0 0 0 0 0 0 0 
1537452714341 0 0 0 0 0 0 0 0 0 0 0 0 
1537452714341 0 0 0 0 0 0 0 0 0 0 0 0 
1537452714351 0.234738 0.931507 -0.277836 -0.639624 -0.945823 0.284831 0.155853 -0.254087 0.224315 0.226199 0.947901 0.373842 
1537452714361 0.234666 0.931598 -0.277591 -0.639649 -0.945909 0.284652 0.155657 -0.254154 0.224027 0.226049 0.948005 0.373811 
1537452714372 0.234593 0.93169 -0.277346 -0.639673 -0.945995 0.284473 0.155461 -0.254222 0.223738 0.225898 0.948109 0.37378 
1537452714381 0.23452 0.931781 -0.277101 -0.639697 -0.946082 0.284293 0.155264 -0.254289 0.22345 0.225747 0.948213 0.373749 
1537452714384 0 0 0 0 0 0 0 0 0 0 0 0 
1537452714387 0 0 0 0 0 0 0 0 0 0 0 0 
1537452714391 0 0 0 0 0 0 0 0 0 0 0 0 
1537452714403 0.234447 0.931872 -0.276855 -0.639722 -0.946168 0.284114 0.155068 -0.254356 0.223162 0.225596 0.948317 0.373718 
1537452714411 0.234375 0.931963 -0.27661 -0.639746 -0.946254 0.283935 0.154871 -0.254423 0.222874 0.225445 0.948421 0.373687 
1537452714414 0 0 0 0 0 0 0 0 0 0 0 0 
1537452714418 0 0 0 0 0 0 0 0 0 0 0 0 
1537452714421 0 0 0 0 0 0 0 0 0 0 0 0 
1537452714431 0.234302 0.932054 -0.276365 -0.639771 -0.946339 0.283756 0.154675 -0.25449 0.222586 0.225294 0.948524 0.373656 
1537452714441 0.234036 0.931797 -0.277455 -0.643798 -0.946435 0.283651 0.154279 -0.255716 0.222457 0.226487 0.94827 0.375609 
1537452714566 0 0 0 0 0 0 0 0 0 0 0 0 
1537452714567 0 0 0 0 0 0 0 0 0 0 0 0 
1537452714586 0.275657 0.633204 -0.723233 -0.604483 -0.8825 0.464965 0.0707247 -0.181741 0.381061 0.618757 0.686973 0.426588 
1537452714589 0 0 0 0 0 0 0 0 0 0 0 0 
1537452714592 0 0 0 0 0 0 0 0 0 0 0 0 
1537452714595 0 0 0 0 0 0 0 0 0 0 0 0 
1537452714599 0 0 0 0 0 0 0 0 0 0 0 0 
1537452714609 0.234566 0.932155 -0.2758 -0.639787 -0.946432 0.283755 0.154106 -0.254593 0.22191 0.224878 0.948781 0.373573 
1537452714619 0.234977 0.932074 -0.275725 -0.639754 -0.946354 0.284113 0.15393 -0.254561 0.221812 0.224764 0.948831 0.373551 
1537452714629 0.235388 0.931992 -0.275651 -0.639721 -0.946275 0.284471 0.153755 -0.254529 0.221713 0.224649 0.948881 0.37353 
1537452714639 0.235799 0.93191 -0.275576 -0.639688 -0.946196 0.284829 0.153579 -0.254497 0.221614 0.224535 0.948932 0.373509 
1537452714649 0.23621 0.931828 -0.275501 -0.639655 -0.946116 0.285187 0.153404 -0.254465 0.221515 0.224421 0.948982 0.373487 
1537452714659 0.236621 0.931746 -0.275427 -0.639622 -0.946037 0.285544 0.153228 -0.254433 0.221416 0.224307 0.949032 0.373466 
1537452714669 0.237031 0.931664 -0.275352 -0.639589 -0.945957 0.285902 0.153053 -0.254401 0.221317 0.224193 0.949082 0.373445 
1537452714679 0.237442 0.931582 -0.275277 -0.639556 -0.945877 0.28626 0.152877 -0.254369 0.221218 0.224079 0.949132 0.373423 
1537452714689 0.237654 0.931147 -0.276561 -0.64359 -0.945808 0.286691 0.152501 -0.255518 0.221288 0.225331 0.948819 0.37542 
1537452714856 0 0 0 0 0 0 0 0 0 0 0 0 
1537452714857 0 0 0 0 0 0 0 0 0 0 0 0 
1537452714872 0.275657 0.633204 -0.723233 -0.604483 -0.8825 0.464965 0.0707247 -0.181741 0.381061 0.618757 0.686973 0.426588 
15371537452714872 0.275657 0.633204 -0.1537452714873 0 0 0 0 0 0 0 0 0 0 0 0 
1537452714877 0 0 0 0 0 0 0 0 0 0 0 0 
1537452714887 0.238699 0.931342 -0.275 -0.639307 -0.945644 0.287334 0.152301 -0.254222 0.220861 0.223698 0.949305 0.373439 
1537452714890 0 0 0 0 0 0 0 0 0 0 0 0 
1537452714893 0 0 0 0 0 0 0 0 0 0 0 0 
1537452714897 0 0 0 0 0 0 0 0 0 0 0 0 
1537452714907 0.239134 0.931268 -0.274873 -0.639124 -0.945572 0.287694 0.152075 -0.25414 0.220702 0.223545 0.949378 0.373498 
1537452714913 0 0 0 0 0 0 0 0 0 0 0 0 
1537452714917 0 0 0 0 0 0 0 0 0 0 0 0 
1537452714917 0 0 0 0 0 0 0 0 0 0 0 0 
1537452714927 0.23957 0.931193 -0.274746 -0.638941 -0.945498 0.288053 0.151849 -0.254057 0.220542 0.223393 0.949451 0.373557 
1537452714933 0 0 0 0 0 0 0 0 0 0 0 0 
1537452714933 0 0 0 0 0 0 0 0 0 0 0 0 
1537452714937 0 0 0 0 0 0 0 0 0 0 0 0 
1537452714953 0.240006 0.931119 -0.274618 -0.638758 -0.945425 0.288412 0.151624 -0.253974 0.220383 0.223241 0.949524 0.373615 
1531537452714953 0.240006 0.931119 -0.21537452714953 0 0 0 0 0 0 0 0 0 0 0 0 
1537452714957 0 0 0 0 0 0 0 0 0 0 0 0 
1537452714967 0.240441 0.931044 -0.274491 -0.638575 -0.945352 0.288771 0.151398 -0.253891 0.220224 0.223088 0.949596 0.373674 
1537452714977 0.240876 0.930969 -0.274364 -0.638392 -0.945278 0.289131 0.151173 -0.253808 0.220064 0.222936 0.949669 0.373732 
1537452714987 0.241312 0.930894 -0.274236 -0.638209 -0.945204 0.28949 0.150948 -0.253725 0.219905 0.222784 0.949742 0.373791 
1537452714997 0.241747 0.930818 -0.274109 -0.638026 -0.94513 0.289849 0.150722 -0.253643 0.219745 0.222632 0.949814 0.37385 
1537452715007 0.241973 0.930382 -0.275388 -0.642019 -0.945066 0.290279 0.150295 -0.254773 0.219771 0.223893 0.949512 0.376004 
1537452715162 0.275657 0.633204 -0.723233 -0.604483 -0.8825 0.464965 0.0707247 -0.181741 0.381061 0.618757 0.686973 0.426588 
1537452715162 0 0 0 0 0 0 0 0 0 0 0 0 
1537452715165 0 0 0 0 0 0 0 0 0 0 0 0 
1537452715176 0.242673 0.930657 -0.273837 -0.637358 -0.94497 0.290615 0.150248 -0.253382 0.21941 0.222307 0.949968 0.374064 
1537452715179 0 0 0 0 0 0 0 0 0 0 0 0 
1537452715189 0.242729 0.930647 -0.273822 -0.637055 -0.944959 0.290662 0.150224 -0.253287 0.219395 0.222287 0.949976 0.374161 
1537452715199 0.242785 0.930637 -0.273806 -0.636753 -0.944949 0.29071 0.1502 -0.253192 0.21938 0.222266 0.949984 0.374257 
1537452715209 0.242841 0.930627 -0.27379 -0.636451 -0.944938 0.290757 0.150176 -0.253097 0.219365 0.222246 0.949993 0.374354 
1537452715219 0.242897 0.930617 -0.273775 -0.636149 -0.944927 0.290805 0.150152 -0.253001 0.219349 0.222225 0.950001 0.374451 
1537452715237 0.242953 0.930607 -0.273759 -0.635847 -0.944916 0.290852 0.150129 -0.252906 0.219334 0.222205 0.950009 0.374548 
1531537452715237 0.242953 0.930607 -0.21537452715240 0 0 0 0 0 0 0 0 0 0 0 0 
1537452715244 0 0 0 0 0 0 0 0 0 0 0 0 
1537452715254 0.243009 0.930597 -0.273743 -0.635545 -0.944905 0.2909 0.150105 -0.252811 0.219319 0.222184 0.950018 0.374645 
1537452715264 0.243065 0.930587 -0.273727 -0.635243 -0.944894 0.290947 0.150081 -0.252716 0.219304 0.222164 0.950026 0.374741 
1537452715274 0.242899 0.930206 -0.275165 -0.639194 -0.944894 0.291064 0.149857 -0.253853 0.219489 0.223602 0.949646 0.377011 
1537452715393 0 0 0 0 0 0 0 0 0 0 0 0 
1537452715402 0.275657 0.633204 -0.723233 -0.604483 -0.8825 0.464965 0.0707247 -0.181741 0.381061 0.618757 0.686973 0.426588 
1537452715409 0 0 0 0 0 0 0 0 0 0 0 0 
1537452715413 0 0 0 0 0 0 0 0 0 0 0 0 
1537452715423 0.243225 0.930557 -0.273688 -0.634165 -0.944786 0.291162 0.150345 -0.252357 0.219592 0.222009 0.949995 0.374998 
1537452715426 0 0 0 0 0 0 0 0 0 0 0 0 
1537452715432 0 0 0 0 0 0 0 0 0 0 0 0 
1537452715433 0 0 0 0 0 0 0 0 0 0 0 0 
1537452715443 0.243268 0.930541 -0.273706 -0.633761 -0.9447 0.291283 0.150654 -0.252209 0.219916 0.22192 0.949941 0.375098 
1537452715453 0.243312 0.930524 -0.273723 -0.633358 -0.944613 0.291403 0.150964 -0.25206 0.220239 0.221831 0.949887 0.375198 
1537452715463 0.243355 0.930508 -0.273741 -0.632954 -0.944527 0.291524 0.151273 -0.251912 0.220562 0.221743 0.949833 0.375299 
1537452715473 0.243399 0.930491 -0.273759 -0.63255 -0.94444 0.291644 0.151582 -0.251763 0.220886 0.221654 0.949778 0.375399 
1537452715483 0.243442 0.930474 -0.273776 -0.632147 -0.944353 0.291764 0.151891 -0.251615 0.221209 0.221565 0.949724 0.375499 
1537452715488 0 0 0 0 0 0 0 0 0 0 0 0 
1537452715489 0 0 0 0 0 0 0 0 0 0 0 0 
1537452715493 0 0 0 0 0 0 0 0 0 0 0 0 
1537452715503 0.243486 0.930458 -0.273794 -0.631743 -0.944266 0.291885 0.1522 -0.251466 0.221532 0.221476 0.949669 0.375599 
1537452715513 0.243529 0.930441 -0.273812 -0.63134 -0.944179 0.292005 0.152509 -0.251318 0.221855 0.221387 0.949615 0.375699 
1537452715523 0.243342 0.930058 -0.275277 -0.635079 -0.944101 0.292193 0.152634 -0.252354 0.222393 0.222747 0.949171 0.377969 
1537452715617 0 0 0 0 0 0 0 0 0 0 0 0 
1537452715620 0 0 0 0 0 0 0 0 0 0 0 0 
1537452715621 0 0 0 0 0 0 0 0 0 0 0 0 
1537452715631 0.275657 0.633204 -0.723233 -0.604483 -0.8825 0.464965 0.0707247 -0.181741 0.381061 0.618757 0.686973 0.426588 
1537452715634 0 0 0 0 0 0 0 0 0 0 0 0 
1537452715637 0 0 0 0 0 0 0 0 0 0 0 0 
1537452715641 0 0 0 0 0 0 0 0 0 0 0 0 
1537452715651 0.243636 0.930395 -0.273872 -0.630273 -0.943935 0.292333 0.15339 -0.250922 0.222775 0.221146 0.949455 0.376012 
1537452715654 0 0 0 0 0 0 0 0 0 0 0 0 
1537452715657 0 0 0 0 0 0 0 0 0 0 0 0 
1537452715661 0 0 0 0 0 0 0 0 0 0 0 0 
1537452715671 0.24366 0.930389 -0.273873 -0.629949 -0.943865 0.29242 0.153655 -0.250805 0.223045 0.221059 0.949412 0.37609 
1537452715681 0.243684 0.930382 -0.273874 -0.629624 -0.943795 0.292506 0.153921 -0.250689 0.223315 0.220973 0.949369 0.376167 
1537452715691 0.243708 0.930376 -0.273875 -0.629299 -0.943725 0.292592 0.154186 -0.250572 0.223585 0.220886 0.949326 0.376244 
1537452715701 0.243732 0.930369 -0.273876 -0.628974 -0.943655 0.292679 0.154451 -0.250455 0.223854 0.2208 0.949282 0.376322 
1537452715711 0.243756 0.930362 -0.273877 -0.62865 -0.943584 0.292765 0.154717 -0.250338 0.224124 0.220713 0.949239 0.376399 
1537452715721 0.24378 0.930356 -0.273878 -0.628325 -0.943514 0.292851 0.154982 -0.250222 0.224394 0.220627 0.949195 0.376477 
1537452715731 0.243804 0.930349 -0.273879 -0.628 -0.943444 0.292938 0.155247 -0.250105 0.224663 0.22054 0.949151 0.376554 
1537452715741 0.243581 0.929958 -0.275404 -0.63198 -0.943381 0.293096 0.155327 -0.251206 0.225167 0.221976 0.948697 0.378924 
1537452715884 0.275657 0.633204 -0.723233 -0.604483 -0.8825 0.464965 0.0707247 -0.181741 0.381061 0.618757 0.686973 0.426588 
1537452715887 0 0 0 0 0 0 0 0 0 0 0 0 
1537452715897 0.243869 0.930328 -0.273892 -0.627097 -0.943246 0.293179 0.155991 -0.24978 0.225423 0.220306 0.949026 0.376772 
1537452715900 0 0 0 0 0 0 0 0 0 0 0 0 
1537452715904 0 0 0 0 0 0 0 0 0 0 0 0 
1537452715908 0 0 0 0 0 0 0 0 0 0 0 0 
1537452715917 0.243885 0.930321 -0.273903 -0.626843 -0.943189 0.293248 0.156206 -0.249689 0.225643 0.220246 0.948987 0.376834 
1537452715927 0.243902 0.930313 -0.273914 -0.626588 -0.943132 0.293318 0.15642 -0.249598 0.225863 0.220186 0.948949 0.376897 
1537452715937 0.243919 0.930306 -0.273925 -0.626334 -0.943075 0.293387 0.156634 -0.249506 0.226083 0.220125 0.948911 0.376959 
1537452715947 0.243935 0.930298 -0.273935 -0.626079 -0.943018 0.293456 0.156848 -0.249415 0.226303 0.220065 0.948872 0.377022 
1537452715957 0.243952 0.930291 -0.273946 -0.625825 -0.942961 0.293525 0.157062 -0.249324 0.226523 0.220005 0.948834 0.377084 
1537452715960 0 0 0 0 0 0 0 0 0 0 0 0 
1537452715964 0 0 0 0 0 0 0 0 0 0 0 0 
1537452715967 0 0 0 0 0 0 0 0 0 0 0 0 
1537452715977 0.243969 0.930283 -0.273957 -0.625571 -0.942903 0.293594 0.157276 -0.249233 0.226743 0.219944 0.948795 0.377147 
1537452715987 0.243985 0.930276 -0.273967 -0.625316 -0.942846 0.293663 0.15749 -0.249142 0.226963 0.219884 0.948756 0.37721 
1537452716000 0.243747 0.929881 -0.275514 -0.629353 -0.942796 0.293806 0.157526 -0.250252 0.227428 0.221357 0.948302 0.37959 
1537452716112 0 0 0 0 0 0 0 0 0 0 0 0 
1537452716112 0 0 0 0 0 0 0 0 0 0 0 0 
1537452716115 0 0 0 0 0 0 0 0 0 0 0 0 
1537452716126 0.275657 0.633204 -0.723233 -0.604483 -0.8825 0.464965 0.0707247 -0.181741 0.381061 0.618757 0.686973 0.426588 
1537452716130 0 0 0 0 0 0 0 0 0 0 0 0 
1537452716132 0 0 0 0 0 0 0 0 0 0 0 0 
1537452716135 0 0 0 0 0 0 0 0 0 0 0 0 
1537452716139 0 0 0 0 0 0 0 0 0 0 0 0 
1537452716149 0.244033 0.930256 -0.273993 -0.624604 -0.942683 0.293859 0.158102 -0.248886 0.227591 0.219706 0.948647 0.377385 
1537452716152 0 0 0 0 0 0 0 0 0 0 0 0 
1537452716155 0 0 0 0 0 0 0 0 0 0 0 0 
1537452716158 0 0 0 0 0 0 0 0 0 0 0 0 
1537452716162 0 0 0 0 0 0 0 0 0 0 0 0 
1537452716165 0 0 0 0 0 0 0 0 0 0 0 0 
1537452716175 0.244047 0.930251 -0.273996 -0.624399 -0.942634 0.293917 0.158287 -0.248813 0.227779 0.219649 0.948616 0.377436 
1537452716185 0.244061 0.930246 -0.274 -0.624195 -0.942584 0.293975 0.158471 -0.24874 0.227966 0.219592 0.948584 0.377486 
1537452716195 0.244076 0.930241 -0.274004 -0.623991 -0.942535 0.294033 0.158655 -0.248667 0.228154 0.219534 0.948552 0.377537 
1537452716205 0.24409 0.930237 -0.274007 -0.623787 -0.942486 0.294091 0.158839 -0.248594 0.228341 0.219477 0.94852 0.377587 
1537452716215 0.244104 0.930232 -0.274011 -0.623582 -0.942437 0.294149 0.159023 -0.248521 0.228529 0.21942 0.948488 0.377638 
1537452716229 0.244119 0.930227 -0.274015 -0.623378 -0.942388 0.294207 0.159207 -0.248448 0.228716 0.219363 0.948456 0.377688 
1531537452716229 0.244119 0.930227 -0.21537452716232 0 0 0 0 0 0 0 0 0 0 0 0 
1537452716235 0 0 0 0 0 0 0 0 0 0 0 0 
1537452716245 0.244133 0.930222 -0.274018 -0.623174 -0.942339 0.294265 0.159391 -0.248375 0.228903 0.219305 0.948424 0.377739 
1537452716258 0.243887 0.92983 -0.275565 -0.62724 -0.942295 0.294398 0.159403 -0.249489 0.229343 0.220787 0.947974 0.380121 
1537452716384 0.275657 0.633204 -0.723233 -0.604483 -0.8825 0.464965 0.0707247 -0.181741 0.381061 0.618757 0.686973 0.426588 
1537452716389 0 0 0 0 0 0 0 0 0 0 0 0 
1537452716398 0.244174 0.930208 -0.274028 -0.622598 -0.942201 0.294428 0.159903 -0.248169 0.229425 0.219145 0.948335 0.377881 
1537452716400 0 0 0 0 0 0 0 0 0 0 0 0 
1537452716403 0 0 0 0 0 0 0 0 0 0 0 0 
1537452716406 0 0 0 0 0 0 0 0 0 0 0 0 
1537452716410 0 0 0 0 0 0 0 0 0 0 0 0 
1537452716420 0.244187 0.930205 -0.274029 -0.62243 -0.942162 0.294474 0.160047 -0.248109 0.229571 0.219099 0.948311 0.377922 
1537452716423 0 0 0 0 0 0 0 0 0 0 0 0 
1537452716426 0 0 0 0 0 0 0 0 0 0 0 0 
1537452716437 0.2442 0.930201 -0.274031 -0.622262 -0.942123 0.294521 0.16019 -0.248049 0.229717 0.219053 0.948286 0.377963 
1537452716447 0.244212 0.930197 -0.274033 -0.622094 -0.942084 0.294567 0.160334 -0.247989 0.229863 0.219007 0.948261 0.378004 
1537452716456 0.244225 0.930193 -0.274035 -0.621927 -0.942045 0.294614 0.160478 -0.247929 0.230009 0.21896 0.948236 0.378045 
1537452716466 0.244238 0.930189 -0.274036 -0.621759 -0.942006 0.29466 0.160621 -0.247869 0.230156 0.218914 0.948211 0.378086 
1537452716477 0.244251 0.930185 -0.274038 -0.621591 -0.941967 0.294707 0.160765 -0.247809 0.230302 0.218868 0.948187 0.378127 
1537452716486 0.244263 0.930181 -0.27404 -0.621423 -0.941928 0.294753 0.160908 -0.247749 0.230448 0.218822 0.948162 0.378168 
1537452716497 0.244012 0.92979 -0.275588 -0.625503 -0.941894 0.294874 0.160885 -0.248861 0.230853 0.220317 0.947717 0.380549 
1537452716635 0 0 0 0 0 0 0 0 0 0 0 0 
1537452716635 0 0 0 0 0 0 0 0 0 0 0 0 
1537452716642 0 0 0 0 0 0 0 0 0 0 0 0 
1537452716642 0 0 0 0 0 0 0 0 0 0 0 0 
1537452716647 0 0 0 0 0 0 0 0 0 0 0 0 
1537452716655 0.275657 0.633204 -0.723233 -0.604483 -0.8825 0.464965 0.0707247 -0.181741 0.381061 0.618757 0.686973 0.426588 
1537452716665 0.244303 0.930171 -0.274042 -0.620948 -0.941817 0.294887 0.161313 -0.247578 0.23086 0.218688 0.948093 0.378284 
1537452716675 0.244318 0.930167 -0.274039 -0.620807 -0.941784 0.294929 0.16143 -0.247527 0.230979 0.218646 0.948073 0.378317 
1537452716685 0.244332 0.930164 -0.274037 -0.620667 -0.941751 0.29497 0.161548 -0.247476 0.231099 0.218604 0.948054 0.378351 
1537452716695 0.244347 0.930161 -0.274035 -0.620526 -0.941718 0.295011 0.161665 -0.247425 0.231218 0.218561 0.948034 0.378385 
1537452716706 0.244362 0.930158 -0.274033 -0.620386 -0.941685 0.295052 0.161782 -0.247375 0.231337 0.218519 0.948015 0.378418 
1537452716715 0.244376 0.930155 -0.274031 -0.620246 -0.941652 0.295094 0.1619 -0.247324 0.231457 0.218477 0.947996 0.378452 
1537452716725 0.244391 0.930151 -0.274029 -0.620105 -0.941619 0.295135 0.162017 -0.247273 0.231576 0.218435 0.947976 0.378485 
1537452716735 0.244405 0.930148 -0.274027 -0.619965 -0.941586 0.295176 0.162135 -0.247222 0.231695 0.218393 0.947957 0.378519 
1537452716745 0.244152 0.929758 -0.275572 -0.624049 -0.941557 0.295293 0.162089 -0.248331 0.232078 0.219892 0.947516 0.380898 
1537452716843 0 0 0 0 0 0 0 0 0 0 0 0 
1537452716843 0 0 0 0 0 0 0 0 0 0 0 0 
1537452716847 0 0 0 0 0 0 0 0 0 0 0 0 
1537452716855 0 0 0 0 0 0 0 0 0 0 0 0 
1537452716855 0 0 0 0 0 0 0 0 0 0 0 0 
1537452716857 0 0 0 0 0 0 0 0 0 0 0 0 
1537452716872 0.275657 0.633204 -0.723233 -0.604483 -0.8825 0.464965 0.0707247 -0.181741 0.381061 0.618757 0.686973 0.426588 
1537452716872 0 0 0 0 0 0 0 0 0 0 0 0 
1537452716873 0 0 0 0 0 0 0 0 0 0 0 0 
1537452716877 0 0 0 0 0 0 0 0 0 0 0 0 
1537452716887 0.244471 0.930138 -0.274001 -0.619486 -0.941482 0.295316 0.162478 -0.247051 0.232044 0.218246 0.947905 0.378638 
1537452716897 0.244509 0.930135 -0.273979 -0.619288 -0.941446 0.295374 0.162588 -0.246982 0.232155 0.218183 0.947893 0.378689 
1537452716907 0.244546 0.930131 -0.273958 -0.61909 -0.941409 0.295431 0.162697 -0.246913 0.232265 0.218119 0.94788 0.37874 
1537452716917 0.244583 0.930128 -0.273936 -0.618891 -0.941372 0.295488 0.162806 -0.246844 0.232375 0.218056 0.947868 0.378792 
1537452716927 0.24462 0.930125 -0.273915 -0.618693 -0.941335 0.295546 0.162915 -0.246775 0.232486 0.217993 0.947855 0.378843 
1537452716937 0.244657 0.930121 -0.273893 -0.618495 -0.941298 0.295603 0.163024 -0.246705 0.232596 0.21793 0.947843 0.378894 
1537452716947 0.244694 0.930118 -0.273872 -0.618297 -0.941261 0.29566 0.163133 -0.246636 0.232706 0.217867 0.94783 0.378946 
1537452716957 0.244731 0.930114 -0.27385 -0.618099 -0.941224 0.295718 0.163242 -0.246567 0.232816 0.217804 0.947817 0.378997 
1537452716967 0.244497 0.929725 -0.275378 -0.622097 -0.941191 0.29585 0.163195 -0.247643 0.233197 0.219283 0.947383 0.381401 
1537452717094 0 0 0 0 0 0 0 0 0 0 0 0 
1537452717094 0 0 0 0 0 0 0 0 0 0 0 0 
1537452717098 0 0 0 0 0 0 0 0 0 0 0 0 
1537452717108 0.275657 0.633204 -0.723233 -0.604483 -0.8825 0.464965 0.0707247 -0.181741 0.381061 0.618757 0.686973 0.426588 
1537452717118 0.244865 0.930108 -0.273752 -0.617423 -0.941094 0.295917 0.16363 -0.246339 0.233202 0.217559 0.947779 0.37917 
1537452717122 0 0 0 0 0 0 0 0 0 0 0 0 
1537452717124 0 0 0 0 0 0 0 0 0 0 0 0 
1537452717127 0 0 0 0 0 0 0 0 0 0 0 0 
1537452717138 0.244924 0.930109 -0.273697 -0.617144 -0.941038 0.296002 0.1638 -0.246249 0.233367 0.217441 0.947766 0.379241 
1537452717148 0.244983 0.930109 -0.273642 -0.616865 -0.940982 0.296087 0.163969 -0.246159 0.233531 0.217322 0.947752 0.379312 
1537452717158 0.245042 0.93011 -0.273587 -0.616585 -0.940925 0.296172 0.164139 -0.246069 0.233696 0.217204 0.947739 0.379383 
1537452717168 0.245101 0.930111 -0.273532 -0.616306 -0.940869 0.296257 0.164309 -0.245979 0.233861 0.217086 0.947725 0.379453 
1537452717178 0.24516 0.930111 -0.273477 -0.616027 -0.940813 0.296341 0.164478 -0.245889 0.234026 0.216967 0.947712 0.379524 
1537452717188 0.245219 0.930112 -0.273422 -0.615747 -0.940756 0.296426 0.164648 -0.245799 0.23419 0.216849 0.947698 0.379595 
1537452717198 0.245278 0.930112 -0.273367 -0.615468 -0.9407 0.296511 0.164817 -0.24571 0.234355 0.21673 0.947684 0.379666 
1537452717208 0.245061 0.92973 -0.27486 -0.619336 -0.940646 0.29667 0.164839 -0.246741 0.234799 0.218151 0.947249 0.382094 
1537452717286 0 0 0 0 0 0 0 0 0 0 0 0 
1537452717286 0 0 0 0 0 0 0 0 0 0 0 0 
1537452717293 0 0 0 0 0 0 0 0 0 0 0 0 
1537452717295 0 0 0 0 0 0 0 0 0 0 0 0 
1537452717303 0.275657 0.633204 -0.723233 -0.604483 -0.8825 0.464965 0.0707247 -0.181741 0.381061 0.618757 0.686973 0.426588 
1537452717306 0 0 0 0 0 0 0 0 0 0 0 0 
1537452717312 0 0 0 0 0 0 0 0 0 0 0 0 
1537452717313 0 0 0 0 0 0 0 0 0 0 0 0 
1537452717316 0 0 0 0 0 0 0 0 0 0 0 0 
1537452717326 0.245524 0.930079 -0.273258 -0.614628 -0.940499 0.296853 0.165345 -0.245419 0.234901 0.216403 0.947624 0.379869 
1537452717331 0 0 0 0 0 0 0 0 0 0 0 0 
1537452717335 0 0 0 0 0 0 0 0 0 0 0 0 
1537452717337 0 0 0 0 0 0 0 0 0 0 0 0 
1537452717346 0.245653 0.930045 -0.273259 -0.614346 -0.940412 0.297026 0.165533 -0.245308 0.235119 0.216312 0.947591 0.37993 
1537452717356 0.245781 0.930011 -0.27326 -0.614064 -0.940324 0.297199 0.165722 -0.245197 0.235336 0.216222 0.947557 0.379991 
1537452717366 0.245909 0.929977 -0.273261 -0.613782 -0.940236 0.297372 0.16591 -0.245085 0.235553 0.216132 0.947524 0.380052 
1537452717376 0.246037 0.929943 -0.273263 -0.613501 -0.940148 0.297545 0.166098 -0.244974 0.23577 0.216041 0.947491 0.380113 
1537452717386 0.246165 0.929908 -0.273264 -0.613219 -0.94006 0.297718 0.166287 -0.244863 0.235987 0.215951 0.947457 0.380174 
1537452717397 0.246293 0.929874 -0.273265 -0.612937 -0.939972 0.297891 0.166475 -0.244752 0.236204 0.21586 0.947424 0.380236 
1537452717406 0.246422 0.92984 -0.273267 -0.612655 -0.939884 0.298063 0.166663 -0.244641 0.236421 0.215769 0.94739 0.380297 
1537452717417 0.246269 0.929425 -0.27481 -0.616457 -0.939797 0.29831 0.166713 -0.245623 0.236926 0.217209 0.946935 0.38271 
1537452717506 0 0 0 0 0 0 0 0 0 0 0 0 
1537452717506 0 0 0 0 0 0 0 0 0 0 0 0 
1537452717517 0.275657 0.633204 -0.723233 -0.604483 -0.8825 0.464965 0.0707247 -0.181741 0.381061 0.618757 0.686973 0.426588 
1537452717562 0.246753 0.92974 -0.273305 -0.611809 -0.939622 0.298547 0.167273 -0.244307 0.237115 0.215529 0.947272 0.3805 
1537452717566 0 0 0 0 0 0 0 0 0 0 0 0 
1537452717576 0.246828 0.92971 -0.273341 -0.611526 -0.939537 0.298685 0.167506 -0.244196 0.237375 0.215469 0.94722 0.380581 
1537452717585 0.246903 0.92968 -0.273377 -0.611243 -0.939451 0.298822 0.167739 -0.244084 0.237635 0.215409 0.947169 0.380662 
1537452717596 0.246978 0.929649 -0.273413 -0.61096 -0.939366 0.29896 0.167972 -0.243972 0.237895 0.215349 0.947117 0.380742 
1537452717605 0.247053 0.929619 -0.273449 -0.610678 -0.93928 0.299098 0.168205 -0.24386 0.238155 0.215289 0.947065 0.380823 
1537452717615 0.247128 0.929588 -0.273485 -0.610395 -0.939195 0.299236 0.168438 -0.243749 0.238415 0.215229 0.947014 0.380904 
1537452717625 0.247203 0.929558 -0.27352 -0.610112 -0.939109 0.299374 0.168671 -0.243637 0.238674 0.21517 0.946962 0.380985 
1537452717635 0.247277 0.929527 -0.273556 -0.609829 -0.939023 0.299511 0.168904 -0.243525 0.238934 0.21511 0.94691 0.381066 
1537452717645 0.247069 0.929121 -0.27512 -0.613549 -0.938937 0.299723 0.169009 -0.244471 0.23949 0.216563 0.946438 0.383484 
1537452717754 0.275657 0.633204 -0.723233 -0.604483 -0.8825 0.464965 0.0707247 -0.181741 0.381061 0.618757 0.686973 0.426588 
1537452717757 0 0 0 0 0 0 0 0 0 0 0 0 
1537452717767 0.247331 0.929489 -0.273636 -0.609005 -0.938824 0.299744 0.169598 -0.243222 0.239661 0.214949 0.946763 0.381297 
1537452717787 0.247236 0.929512 -0.273644 -0.608746 -0.938796 0.299701 0.169826 -0.243142 0.239867 0.214909 0.946719 0.381367 
1537452717787 0 0 0 0 0 0 0 0 0 0 0 0 
1537452717804 0.24714 0.929536 -0.273652 -0.608486 -0.938769 0.299658 0.170055 -0.243062 0.240074 0.214869 0.946676 0.381437 
1537452717805 0 0 0 0 0 0 0 0 0 0 0 0 
1537452717815 0.247044 0.929559 -0.27366 -0.608227 -0.938741 0.299615 0.170283 -0.242982 0.240281 0.214829 0.946633 0.381507 
1537452717825 0.246948 0.929582 -0.273668 -0.607968 -0.938713 0.299572 0.170511 -0.242903 0.240487 0.214789 0.946589 0.381576 
1537452717835 0.246853 0.929605 -0.273676 -0.607709 -0.938685 0.29953 0.170739 -0.242823 0.240694 0.214748 0.946546 0.381646 
1537452717846 0.246757 0.929628 -0.273684 -0.607449 -0.938658 0.299487 0.170967 -0.242743 0.240901 0.214708 0.946503 0.381716 
1537452717855 0.246661 0.929651 -0.273692 -0.60719 -0.93863 0.299444 0.171195 -0.242663 0.241107 0.214668 0.946459 0.381786 
1537452717865 0.246281 0.929304 -0.275207 -0.610843 -0.9386 0.299475 0.171304 -0.243606 0.241612 0.216121 0.946 0.384168 
1537452718010 0.275657 0.633204 -0.723233 -0.604483 -0.8825 0.464965 0.0707247 -0.181741 0.381061 0.618757 0.686973 0.426588 
1537452718010 0 0 0 0 0 0 0 0 0 0 0 0 
1537452718013 0 0 0 0 0 0 0 0 0 0 0 0 
1537452718024 0.246387 0.929707 -0.27375 -0.606534 -0.938532 0.299342 0.171904 -0.242446 0.241765 0.214568 0.946314 0.381987 
1537452718045 0.246307 0.92972 -0.273776 -0.606357 -0.938491 0.299326 0.172157 -0.24238 0.242006 0.214533 0.94626 0.382025 
1537452718046 0 0 0 0 0 0 0 0 0 0 0 0 
1537452718054 0 0 0 0 0 0 0 0 0 0 0 0 
1537452718054 0 0 0 0 0 0 0 0 0 0 0 0 
1537452718056 0 0 0 0 0 0 0 0 0 0 0 0 
1537452718068 0.246228 0.929733 -0.273803 -0.606181 -0.93845 0.29931 0.17241 -0.242313 0.242247 0.214498 0.946207 0.382063 
1537452718078 0.246148 0.929746 -0.27383 -0.606005 -0.938408 0.299294 0.172663 -0.242246 0.242488 0.214463 0.946153 0.382102 
1537452718081 0 0 0 0 0 0 0 0 0 0 0 0 
1537452718083 0 0 0 0 0 0 0 0 0 0 0 0 
1537452718086 0 0 0 0 0 0 0 0 0 0 0 0 
1537452718091 0 0 0 0 0 0 0 0 0 0 0 0 
1537452718093 0 0 0 0 0 0 0 0 0 0 0 0 
1537452718096 0 0 0 0 0 0 0 0 0 0 0 0 
1537452718106 0.246069 0.92976 -0.273856 -0.605828 -0.938367 0.299278 0.172916 -0.242179 0.242729 0.214428 0.946099 0.38214 
1537452718116 0.245989 0.929773 -0.273883 -0.605652 -0.938325 0.299262 0.173169 -0.242112 0.24297 0.214394 0.946045 0.382179 
1537452718126 0.24591 0.929786 -0.273909 -0.605476 -0.938284 0.299246 0.173421 -0.242045 0.243211 0.214359 0.945991 0.382217 
1537452718136 0.24583 0.929799 -0.273936 -0.605299 -0.938242 0.29923 0.173674 -0.241978 0.243452 0.214324 0.945937 0.382256 
1537452718146 0.245452 0.929426 -0.275538 -0.609196 -0.938197 0.299295 0.173806 -0.242965 0.244007 0.215848 0.945447 0.384716 
1537452718252 0 0 0 0 0 0 0 0 0 0 0 0 
1537452718252 0 0 0 0 0 0 0 0 0 0 0 0 
1537452718264 0 0 0 0 0 0 0 0 0 0 0 0 
1537452718264 0 0 0 0 0 0 0 0 0 0 0 0 
1537452718267 0 0 0 0 0 0 0 0 0 0 0 0 
1537452718277 0.275657 0.633204 -0.723233 -0.604483 -0.8825 0.464965 0.0707247 -0.181741 0.381061 0.618757 0.686973 0.426588 
1537452718287 0.245667 0.929831 -0.273974 -0.604854 -0.938115 0.299231 0.174361 -0.24181 0.244107 0.214184 0.9458 0.382343 
1537452718290 0 0 0 0 0 0 0 0 0 0 0 0 
1537452718294 0 0 0 0 0 0 0 0 0 0 0 0 
1537452718298 0 0 0 0 0 0 0 0 0 0 0 0 
1537452718312 0.245662 0.929837 -0.273959 -0.604761 -0.938071 0.299263 0.174541 -0.241776 0.24428 0.214115 0.945771 0.382354 
1537452718317 0.245658 0.929842 -0.273944 -0.604669 -0.938027 0.299296 0.174721 -0.241743 0.244454 0.214045 0.945742 0.382364 
1537452718337 0.245654 0.929848 -0.273929 -0.604576 -0.937983 0.299328 0.174902 -0.241709 0.244627 0.213975 0.945713 0.382375 
1531537452718337 0.245654 0.929848 -0.21537452718340 0 0 0 0 0 0 0 0 0 0 0 0 
1537452718344 0 0 0 0 0 0 0 0 0 0 0 0 
1537452718356 0.245649 0.929854 -0.273914 -0.604483 -0.937939 0.299361 0.175082 -0.241675 0.2448 0.213905 0.945684 0.382386 
1537452718358 0 0 0 0 0 0 0 0 0 0 0 0 
1537452718360 0 0 0 0 0 0 0 0 0 0 0 0 
1537452718364 0 0 0 0 0 0 0 0 0 0 0 0 
1537452718374 0.245645 0.929859 -0.273899 -0.604391 -0.937895 0.299393 0.175263 -0.241641 0.244973 0.213836 0.945655 0.382397 
1537452718385 0.245641 0.929865 -0.273884 -0.604298 -0.937851 0.299426 0.175443 -0.241607 0.245146 0.213766 0.945625 0.382407 
1537452718394 0.245636 0.92987 -0.273869 -0.604206 -0.937807 0.299458 0.175624 -0.241573 0.245319 0.213696 0.945596 0.382418 
1537452718404 0.245334 0.929493 -0.275417 -0.608139 -0.937758 0.299573 0.175687 -0.242573 0.245807 0.215172 0.945135 0.384832 
1537452718531 0 0 0 0 0 0 0 0 0 0 0 0 
1537452718531 0 0 0 0 0 0 0 0 0 0 0 0 
1537452718541 0 0 0 0 0 0 0 0 0 0 0 0 
1537452718541 0 0 0 0 0 0 0 0 0 0 0 0 
1537452718541 0 0 0 0 0 0 0 0 0 0 0 0 
1537452718552 0.275657 0.633204 -0.723233 -0.604483 -0.8825 0.464965 0.0707247 -0.181741 0.381061 0.618757 0.686973 0.426588 
1537452718565 0.24563 0.929883 -0.273833 -0.604021 -0.937716 0.299525 0.17599 -0.241506 0.24567 0.213549 0.945538 0.382439 
1537451537452718570 0.24563 0.929883 -0.273833 -0.604021 -0.937716 0.299525 0.1537452718571 0 0 0 0 0 0 0 0 0 0 0 0 
1537452718575 0 0 0 0 0 0 0 0 0 0 0 0 
1537452718585 0.245632 0.929884 -0.273828 -0.604021 -0.937715 0.299527 0.175996 -0.241506 0.245675 0.213542 0.945539 0.382438 
1537452718588 0 0 0 0 0 0 0 0 0 0 0 0 
1537452718591 0 0 0 0 0 0 0 0 0 0 0 0 
1537452718602 0.245634 0.929885 -0.273822 -0.604021 -0.937713 0.299529 0.176002 -0.241506 0.245679 0.213535 0.945539 0.382437 
1537452718612 0.245636 0.929886 -0.273817 -0.604021 -0.937711 0.299531 0.176008 -0.241506 0.245684 0.213527 0.94554 0.382437 
1537452718622 0.245638 0.929887 -0.273812 -0.604021 -0.937709 0.299533 0.176014 -0.241507 0.245689 0.21352 0.94554 0.382436 
1537452718634 0.24564 0.929888 -0.273806 -0.604021 -0.937708 0.299535 0.17602 -0.241507 0.245693 0.213513 0.945541 0.382436 
1537452718642 0.245642 0.929889 -0.273801 -0.604022 -0.937706 0.299537 0.176026 -0.241507 0.245698 0.213505 0.945541 0.382435 
1537452718657 0.245644 0.92989 -0.273795 -0.604022 -0.937704 0.299539 0.176032 -0.241507 0.245702 0.213498 0.945542 0.382434 
15371537452718657 0.245644 0.92989 -0.21537452718658 0 0 0 0 0 0 0 0 0 0 0 0 
1537452718661 0 0 0 0 0 0 0 0 0 0 0 0 
1537452718672 0.245348 0.929508 -0.275352 -0.608043 -0.937698 0.299624 0.175921 -0.242539 0.246022 0.215035 0.94511 0.384835 
1537452718793 0 0 0 0 0 0 0 0 0 0 0 0 
1537452718793 0 0 0 0 0 0 0 0 0 0 0 0 
1537452718807 0.275657 0.633204 -0.723233 -0.604483 -0.8825 0.464965 0.0707247 -0.181741 0.381061 0.618757 0.686973 0.426588 
1537452718828 0.242 0.928983 -0.280047 -0.589281 -0.938432 0.297434 0.175724 -0.233806 0.24654 0.220279 0.943766 0.39252 
1537452718828 0 0 0 0 0 0 0 0 0 0 0 0 
1537452718841 0.238332 0.928008 -0.286355 -0.574686 -0.939156 0.295323 0.175416 -0.226142 0.247355 0.227125 0.941929 0.402694 
1537452718842 0 0 0 0 0 0 0 0 0 0 0 0 
1537452718852 0 0 0 0 0 0 0 0 0 0 0 0 
1537452718852 0 0 0 0 0 0 0 0 0 0 0 0 
1537452718862 0.234656 0.926979 -0.292655 -0.560101 -0.939873 0.293208 0.175122 -0.21848 0.248143 0.233965 0.940046 0.412874 
1537452718872 0.230973 0.925896 -0.298943 -0.545521 -0.940584 0.291088 0.174843 -0.210819 0.248905 0.240797 0.938117 0.423056 
1537452718886 0.227283 0.924761 -0.30522 -0.530944 -0.941287 0.288965 0.174578 -0.20316 0.249641 0.247621 0.936143 0.433242 
153741537452718887 0.227283 0.924761 -01537452718889 0 0 0 0 0 0 0 0 0 0 0 0 
1537452718892 0 0 0 0 0 0 0 0 0 0 0 0 
1537452718902 0.223586 0.923573 -0.311485 -0.516371 -0.941984 0.286837 0.174328 -0.195501 0.25035 0.254437 0.934124 0.443429 
1537452718912 0.219882 0.922331 -0.317737 -0.5018 -0.942674 0.284706 0.174093 -0.187842 0.251033 0.261242 0.93206 0.453618 
1537452718925 0.216172 0.921037 -0.323976 -0.487232 -0.943357 0.282571 0.173872 -0.180184 0.251689 0.268038 0.929951 0.463811 
1537452718925 0 0 0 0 0 0 0 0 0 0 0 0 
1537452718929 0 0 0 0 0 0 0 0 0 0 0 0 
1537452718932 0 0 0 0 0 0 0 0 0 0 0 0 
1537452718942 0.212019 0.919247 -0.331711 -0.475747 -0.943998 0.280452 0.173825 -0.17309 0.252817 0.276281 0.927228 0.477044 
 0 
1537452718942 0.212019 0.919247 -0.331711 -0.475747 -0.943998 0.280452 0.173825 -0.17309 0.252817 0.276281 0.927228 0.477044 
