1537391382556 0.212233 0.919423 -0.331088 -0.474062 -0.94381 0.280687 0.174465 -0.173717 0.253339 0.275457 0.927331 0.473707 
1537391382582 0.212233 0.919423 -0.331088 -0.474062 -0.94381 0.280687 0.174465 -0.173717 0.253339 0.275457 0.927331 0.473707 
1537391382607 0.212233 0.919423 -0.331088 -0.474062 -0.94381 0.280687 0.174465 -0.173717 0.253339 0.275457 0.927331 0.473707 
1537391382634 0.212233 0.919423 -0.331088 -0.474062 -0.94381 0.280687 0.174465 -0.173717 0.253339 0.275457 0.927331 0.473707 
1537391382674 0.21222 0.919425 -0.33109 -0.474069 -0.943811 0.280677 0.174472 -0.173711 0.253343 0.27546 0.927329 0.473703 
1537391382710 0.212156 0.919475 -0.330991 -0.474102 -0.943834 0.280589 0.174491 -0.173687 0.253312 0.275381 0.927361 0.473675 
1537391382748 0.211871 0.919601 -0.330825 -0.474223 -0.943907 0.28028 0.174592 -0.173634 0.253278 0.275277 0.927401 0.473551 
1537391382776 0.21122 0.919721 -0.330906 -0.474584 -0.944035 0.279705 0.174825 -0.173454 0.253346 0.275461 0.927328 0.473175 
1537391382807 0.210564 0.91989 -0.330856 -0.474862 -0.944186 0.279074 0.175017 -0.173278 0.25333 0.275537 0.92731 0.472866 
1537391382852 0.209574 0.920259 -0.330458 -0.475392 -0.944409 0.278064 0.175417 -0.172985 0.253318 0.275324 0.927376 0.472322 
1537391382915 0.207736 0.920927 -0.329756 -0.476264 -0.944877 0.276138 0.175943 -0.172524 0.253089 0.275029 0.927526 0.471567 
1537391382943 0.206789 0.921459 -0.328863 -0.476842 -0.945146 0.275011 0.176262 -0.172285 0.252859 0.274374 0.927783 0.471182 
1537391382975 0.20589 0.921946 -0.328061 -0.477347 -0.945428 0.27392 0.176448 -0.172053 0.252538 0.27383 0.928031 0.470869 
1537391382996 0.204981 0.922431 -0.327268 -0.477836 -0.945662 0.272875 0.176815 -0.171775 0.252403 0.273241 0.928241 0.470567 
1537391383022 0.204077 0.922849 -0.326652 -0.478255 -0.945877 0.271886 0.177184 -0.171493 0.252326 0.272814 0.928388 0.470302 
1537391383051 0.203173 0.923404 -0.325647 -0.478778 -0.946154 0.270754 0.177441 -0.171249 0.25202 0.272061 0.928692 0.470033 
1537391383081 0.202473 0.923839 -0.324848 -0.479337 -0.946362 0.26988 0.177662 -0.171151 0.251801 0.271452 0.928929 0.469743 
1537391383109 0.202085 0.924246 -0.323929 -0.479941 -0.946513 0.269266 0.177791 -0.171184 0.251546 0.270674 0.929226 0.469427 
1537391383137 0.201436 0.924799 -0.322754 -0.48081 -0.946727 0.268347 0.178038 -0.171278 0.251259 0.269697 0.929587 0.468914 
1537391383178 0.200581 0.925346 -0.321716 -0.481813 -0.947 0.267245 0.178243 -0.171305 0.250914 0.268913 0.929908 0.468277 
1537391383226 0.199175 0.926257 -0.319964 -0.483182 -0.947513 0.265353 0.178347 -0.171315 0.250098 0.267647 0.930492 0.467482 
1537391383246 0.197811 0.927132 -0.318271 -0.484423 -0.948044 0.26348 0.178298 -0.171344 0.249163 0.266466 0.931082 0.466829 
1537391383271 0.196946 0.927617 -0.317395 -0.48546 -0.948362 0.26235 0.178277 -0.171366 0.248641 0.265894 0.931385 0.466277 
1537391383313 0.194925 0.928709 -0.315442 -0.487058 -0.949192 0.259629 0.17784 -0.171459 0.24706 0.26475 0.932131 0.465505 
1537391383338 0.193783 0.929403 -0.314098 -0.488136 -0.949719 0.257982 0.177426 -0.171635 0.245932 0.263923 0.932664 0.465024 
1537391383364 0.192841 0.930004 -0.312899 -0.48938 -0.950145 0.256612 0.177127 -0.171828 0.245022 0.263142 0.933124 0.464507 
1537391383391 0.192096 0.930422 -0.312112 -0.490548 -0.950492 0.255549 0.176804 -0.172036 0.244263 0.262696 0.933449 0.464028 
1537391383418 0.191713 0.930623 -0.31175 -0.491428 -0.950711 0.254966 0.176468 -0.172292 0.243711 0.262553 0.933633 0.463626 
1537391383446 0.191719 0.930757 -0.311345 -0.492428 -0.950847 0.254748 0.17605 -0.172784 0.243174 0.262289 0.933847 0.46314 
1537391383474 0.191947 0.930801 -0.311073 -0.493395 -0.950876 0.25483 0.175773 -0.173308 0.24288 0.262052 0.93399 0.462644 
1537391383507 0.192359 0.930919 -0.310464 -0.494869 -0.950925 0.254961 0.175317 -0.17416 0.242362 0.261504 0.934278 0.461899 
1537391383531 0.192533 0.930976 -0.310185 -0.495893 -0.950991 0.254965 0.174957 -0.174669 0.241967 0.261298 0.934439 0.461373 
1537391383555 0.192591 0.931101 -0.309772 -0.497046 -0.951117 0.254792 0.174519 -0.175175 0.241422 0.261019 0.934657 0.460775 
1537391383582 0.192481 0.931256 -0.309375 -0.498132 -0.951305 0.254435 0.174017 -0.175606 0.24077 0.260815 0.934883 0.46023 
1537391383621 0.192416 0.931645 -0.308242 -0.500204 -0.951685 0.253765 0.172914 -0.176579 0.239316 0.260077 0.935461 0.459306 
1537391383657 0.19266 0.931859 -0.307444 -0.501644 -0.951876 0.253586 0.172124 -0.177332 0.238359 0.259487 0.935869 0.458696 
1537391383684 0.193592 0.931728 -0.307255 -0.503545 -0.951895 0.254205 0.1711 -0.178433 0.237524 0.259351 0.936119 0.45784 
1537391383715 0.194734 0.931489 -0.307258 -0.505207 -0.951812 0.255122 0.170194 -0.17959 0.236922 0.25931 0.936283 0.457049 
1537391383775 0.1968 0.931132 -0.307022 -0.507906 -0.951571 0.256833 0.168966 -0.181529 0.236183 0.258901 0.936583 0.455699 
1537391383818 0.197629 0.931023 -0.306822 -0.509965 -0.951577 0.257386 0.168088 -0.182755 0.235465 0.258746 0.936807 0.454666 
1537391383842 0.198295 0.931035 -0.306354 -0.511654 -0.951634 0.257717 0.167255 -0.183718 0.234673 0.258371 0.937109 0.45389 
1537391383866 0.198886 0.930994 -0.306097 -0.512979 -0.951654 0.258073 0.166591 -0.184455 0.23409 0.258166 0.937311 0.453251 
1537391383891 0.19951 0.930891 -0.306003 -0.514708 -0.951727 0.258423 0.165632 -0.185381 0.233264 0.258186 0.937512 0.452418 
1537391383916 0.200211 0.930815 -0.305777 -0.516358 -0.951785 0.258818 0.164675 -0.186334 0.232423 0.258065 0.937754 0.451653 
1537391383941 0.20095 0.930713 -0.305603 -0.517984 -0.951835 0.259259 0.163692 -0.187287 0.23158 0.25799 0.937983 0.450911 
1537391383969 0.201966 0.930565 -0.305383 -0.51967 -0.951823 0.259957 0.162652 -0.18836 0.230745 0.25782 0.938235 0.450244 
1537391383999 0.203318 0.930325 -0.305216 -0.521199 -0.951698 0.261027 0.161666 -0.189424 0.230071 0.257604 0.93846 0.449678 
1537391384045 0.206269 0.929577 -0.305515 -0.523939 -0.951296 0.263615 0.159819 -0.191663 0.229102 0.257669 0.938679 0.448511 
1537391384092 0.209522 0.928753 -0.305808 -0.526979 -0.950714 0.266605 0.158318 -0.194247 0.228569 0.257565 0.938838 0.446915 
1537391384123 0.211549 0.9282 -0.30609 -0.529048 -0.950406 0.268417 0.157102 -0.19587 0.227982 0.257675 0.93895 0.445795 
1537391384151 0.21297 0.927805 -0.306304 -0.530915 -0.950232 0.269638 0.156056 -0.197163 0.227381 0.257825 0.939055 0.444805 
1537391384178 0.214316 0.927465 -0.306394 -0.532818 -0.950083 0.270756 0.155026 -0.19843 0.226739 0.257876 0.939196 0.443846 
1537391384209 0.215945 0.92708 -0.306415 -0.5348 -0.949899 0.272095 0.153807 -0.199852 0.225965 0.257849 0.93939 0.442911 
1537391384237 0.217253 0.926767 -0.306436 -0.53633 -0.949762 0.273157 0.152768 -0.200996 0.225286 0.257852 0.939552 0.442212 
1537391384269 0.21876 0.92641 -0.306444 -0.537904 -0.949589 0.274389 0.151627 -0.202274 0.224554 0.257826 0.939735 0.441536 
1537391384304 0.220981 0.92579 -0.306726 -0.539695 -0.949214 0.276385 0.150348 -0.203888 0.223965 0.257924 0.939848 0.440708 
1537391384347 0.224337 0.924803 -0.307267 -0.54245 -0.948587 0.279474 0.148583 -0.206372 0.223283 0.258137 0.939952 0.439331 
1537391384371 0.225888 0.924299 -0.307646 -0.543803 -0.948252 0.280969 0.1479 -0.207462 0.223142 0.258317 0.939936 0.438587 
1537391384395 0.227108 0.923899 -0.30795 -0.544973 -0.947994 0.282138 0.147329 -0.208375 0.223002 0.258475 0.939926 0.437919 
1537391384443 0.229848 0.923174 -0.30809 -0.547699 -0.947558 0.284502 0.145577 -0.210664 0.222045 0.258472 0.940153 0.436415 
1537391384469 0.231633 0.922676 -0.308246 -0.549272 -0.947222 0.286107 0.144612 -0.212003 0.221621 0.258481 0.940251 0.435583 
1537391384508 0.233487 0.922034 -0.308767 -0.551089 -0.946859 0.287842 0.143542 -0.213403 0.221227 0.258844 0.940244 0.434634 
1537391384546 0.236004 0.921402 -0.308739 -0.55295 -0.946445 0.289984 0.141956 -0.215263 0.220328 0.258702 0.940494 0.43381 
1537391384579 0.238291 0.920728 -0.308993 -0.554477 -0.946055 0.291981 0.140451 -0.216918 0.219538 0.258856 0.940636 0.433097 
1537391384611 0.240079 0.920069 -0.309572 -0.555596 -0.945647 0.293717 0.13958 -0.218044 0.21935 0.259235 0.940576 0.432506 
1537391384663 0.244185 0.918614 -0.310681 -0.558548 -0.944779 0.297569 0.137278 -0.221063 0.218554 0.260003 0.940549 0.430744 
1537391384695 0.247283 0.917724 -0.310861 -0.561168 -0.944112 0.300375 0.135747 -0.223446 0.217953 0.25992 0.940712 0.429225 
1537391384733 0.250158 0.916673 -0.311658 -0.56387 -0.943396 0.303176 0.134491 -0.225519 0.217772 0.260373 0.940628 0.427497 
1537391384765 0.251988 0.91609 -0.311898 -0.565774 -0.943 0.304842 0.1335 -0.226933 0.217378 0.26048 0.94069 0.426366 
1537391384786 0.253809 0.915561 -0.311975 -0.567274 -0.942582 0.3065 0.132651 -0.228237 0.21707 0.260394 0.940784 0.425528 
1537391384814 0.255546 0.915075 -0.311984 -0.568569 -0.942178 0.308075 0.13187 -0.229441 0.216785 0.260246 0.940891 0.42488 
1537391384843 0.258676 0.914225 -0.311896 -0.570464 -0.941473 0.31086 0.130361 -0.231453 0.216135 0.25992 0.941131 0.424004 
1537391384870 0.261826 0.913124 -0.312492 -0.57228 -0.940706 0.313816 0.128808 -0.233479 0.215683 0.260238 0.941147 0.423104 
1537391384895 0.264715 0.912074 -0.313126 -0.57372 -0.939975 0.316559 0.127425 -0.235256 0.215344 0.260599 0.941124 0.422358 
1537391384925 0.268424 0.91068 -0.314022 -0.575448 -0.938994 0.320127 0.125737 -0.237519 0.215033 0.261114 0.941053 0.421376 
1537391384995 0.274643 0.908062 -0.316218 -0.57876 -0.93718 0.326359 0.12322 -0.241368 0.215092 0.262512 0.94065 0.419073 
1537391385018 0.275624 0.907619 -0.316637 -0.579336 -0.936881 0.327362 0.122832 -0.242011 0.215139 0.262796 0.94056 0.418626 
1537391385042 0.278248 0.906618 -0.317209 -0.580866 -0.936079 0.329967 0.121975 -0.243719 0.215253 0.262994 0.940479 0.417436 
1537391385067 0.28013 0.905865 -0.317705 -0.582138 -0.935465 0.331887 0.121474 -0.244972 0.215481 0.263174 0.940376 0.416432 
1537391385091 0.28172 0.905232 -0.318101 -0.583317 -0.934955 0.333492 0.121004 -0.246044 0.215621 0.263321 0.940303 0.415569 
1537391385117 0.28439 0.904255 -0.318505 -0.585279 -0.934053 0.336199 0.120483 -0.247878 0.216029 0.263236 0.940233 0.414261 
1537391385142 0.287077 0.903261 -0.318915 -0.587022 -0.933145 0.338913 0.119912 -0.249619 0.216397 0.26317 0.940167 0.413103 
1537391385168 0.289883 0.902208 -0.319358 -0.588544 -0.93223 0.341697 0.119127 -0.251322 0.216601 0.263182 0.940117 0.412186 
1537391385193 0.29242 0.901204 -0.319877 -0.589745 -0.931404 0.344217 0.118324 -0.252828 0.216742 0.263334 0.940042 0.411472 
1537391385231 0.295154 0.900067 -0.320568 -0.590896 -0.930521 0.346932 0.117337 -0.254487 0.216827 0.263663 0.93993 0.410702 
1537391385257 0.298899 0.898483 -0.321539 -0.592486 -0.929294 0.350657 0.115988 -0.256818 0.216963 0.264135 0.939766 0.409608 
1537391385282 0.300808 0.89755 -0.322363 -0.593458 -0.928596 0.352677 0.115451 -0.258054 0.217313 0.264617 0.939549 0.408776 
1537391385307 0.302559 0.896751 -0.322949 -0.594485 -0.927956 0.354503 0.115001 -0.259245 0.217613 0.264888 0.939404 0.407842 
1537391385332 0.304409 0.895952 -0.323427 -0.595851 -0.927236 0.356462 0.114751 -0.260652 0.218101 0.264962 0.939269 0.406626 
1537391385357 0.306193 0.895147 -0.323971 -0.597183 -0.926511 0.358393 0.114589 -0.261959 0.218683 0.265076 0.939102 0.405476 
1537391385382 0.307902 0.8943 -0.324692 -0.598375 -0.925845 0.360231 0.114215 -0.263135 0.219107 0.265447 0.938898 0.404522 
1537391385407 0.309393 0.89366 -0.325035 -0.599264 -0.925334 0.361708 0.113687 -0.264123 0.219166 0.265592 0.938844 0.403888 
1537391385432 0.311115 0.892905 -0.325466 -0.60007 -0.924751 0.363405 0.113014 -0.265275 0.219187 0.265815 0.938776 0.403334 
1537391385457 0.313043 0.892052 -0.325955 -0.600748 -0.924065 0.365341 0.112381 -0.26644 0.219334 0.266024 0.938682 0.402823 
1537391385517 0.317339 0.890033 -0.327319 -0.602465 -0.922316 0.369935 0.111718 -0.269077 0.22052 0.266439 0.938286 0.40124 
1537391385541 0.318194 0.889566 -0.327758 -0.603163 -0.921887 0.370965 0.111846 -0.269704 0.221081 0.266567 0.938118 0.400505 
1537391385567 0.318309 0.889495 -0.327838 -0.603854 -0.921708 0.371251 0.112367 -0.26999 0.22166 0.266404 0.938028 0.39969 
1537391385592 0.317907 0.889688 -0.327704 -0.60453 -0.921711 0.371016 0.113121 -0.270036 0.222226 0.266086 0.937984 0.398971 
1537391385617 0.317211 0.890162 -0.327091 -0.605343 -0.921788 0.370471 0.114275 -0.269947 0.222901 0.265259 0.938058 0.398135 
1537391385642 0.316634 0.890539 -0.326625 -0.606047 -0.921831 0.370047 0.115295 -0.269866 0.223541 0.264587 0.938096 0.39748 
1537391385675 0.315972 0.891054 -0.32586 -0.606788 -0.921933 0.369466 0.116336 -0.269787 0.224056 0.263663 0.938233 0.396936 
1537391385700 0.31581 0.891322 -0.325283 -0.607336 -0.921917 0.369321 0.116922 -0.269904 0.224349 0.262959 0.93836 0.396581 
1537391385725 0.315863 0.891361 -0.325125 -0.607517 -0.921873 0.369381 0.11708 -0.269966 0.224456 0.262742 0.938396 0.396454 
1537391385753 0.315736 0.891602 -0.324586 -0.60796 -0.921841 0.369277 0.117656 -0.270089 0.224765 0.262069 0.93851 0.396092 
1537391385787 0.314496 0.892341 -0.323758 -0.608712 -0.922084 0.3682 0.119125 -0.269893 0.225508 0.261068 0.938611 0.395357 
1537391385812 0.313355 0.892941 -0.323212 -0.609114 -0.922357 0.367174 0.120167 -0.269536 0.225977 0.260462 0.938666 0.394876 
1537391385845 0.311265 0.894044 -0.32218 -0.609613 -0.922903 0.365234 0.121881 -0.268756 0.226638 0.259404 0.9388 0.394215 
1537391385866 0.309663 0.894843 -0.321505 -0.609999 -0.923342 0.363732 0.12304 -0.26812 0.227043 0.258758 0.93888 0.393782 
1537391385894 0.308524 0.895448 -0.320915 -0.610257 -0.923664 0.362635 0.123859 -0.267667 0.227284 0.258204 0.938974 0.393531 
1537391385928 0.305677 0.897026 -0.319227 -0.610892 -0.924495 0.359822 0.125845 -0.266646 0.227751 0.256656 0.939285 0.392959 
1537391385957 0.30349 0.898391 -0.317471 -0.61135 -0.925119 0.357602 0.127577 -0.265776 0.228143 0.25498 0.939647 0.392638 
1537391385977 0.301892 0.899361 -0.316246 -0.611691 -0.925588 0.355967 0.128744 -0.265147 0.228361 0.253847 0.939901 0.392374 
1537391386001 0.300874 0.900052 -0.315247 -0.611872 -0.925895 0.354882 0.12953 -0.264764 0.228459 0.252913 0.940128 0.392169 
1537391386025 0.299618 0.900923 -0.313954 -0.611998 -0.926285 0.353518 0.130465 -0.264291 0.228527 0.251722 0.940432 0.391926 
1537391386055 0.299164 0.901241 -0.313473 -0.612035 -0.926433 0.353014 0.130779 -0.264123 0.228524 0.251287 0.940548 0.391843 
1537391386072 0.297271 0.90252 -0.311589 -0.612231 -0.927033 0.350947 0.132086 -0.263454 0.228562 0.249588 0.940992 0.391443 
1537391386095 0.295782 0.903379 -0.310514 -0.61243 -0.927468 0.349414 0.133087 -0.262924 0.228726 0.248627 0.941206 0.391042 
1537391386119 0.29448 0.90426 -0.309186 -0.612657 -0.927853 0.348009 0.134083 -0.262421 0.228845 0.247394 0.941502 0.390665 
1537391386143 0.29243 0.905573 -0.307283 -0.612985 -0.928434 0.345844 0.135657 -0.261635 0.22912 0.245622 0.941899 0.39014 
1537391386166 0.290557 0.906703 -0.305724 -0.613296 -0.928961 0.343888 0.137015 -0.260935 0.229366 0.244195 0.94221 0.389689 
1537391386190 0.288818 0.907774 -0.304189 -0.613582 -0.929426 0.342078 0.138383 -0.260244 0.229677 0.242753 0.942507 0.389342 
1537391386214 0.287361 0.908731 -0.302706 -0.613838 -0.929847 0.340493 0.139458 -0.259636 0.229799 0.241396 0.942826 0.389126 
1537391386242 0.286024 0.909718 -0.301005 -0.61396 -0.93028 0.338934 0.140369 -0.259099 0.229717 0.23987 0.943235 0.389031 
1537391386281 0.283964 0.911217 -0.29841 -0.614126 -0.93097 0.336504 0.141635 -0.258389 0.229476 0.237591 0.94387 0.388893 
1537391386308 0.283063 0.911873 -0.297259 -0.614203 -0.931264 0.335444 0.142217 -0.258105 0.229398 0.236571 0.944146 0.388803 
1537391386335 0.281495 0.912786 -0.295943 -0.614374 -0.931686 0.333794 0.143331 -0.257558 0.229614 0.235379 0.944391 0.388528 
1537391386359 0.280287 0.913451 -0.295038 -0.614519 -0.932005 0.332543 0.144162 -0.257098 0.229797 0.23457 0.944548 0.388255 
1537391386388 0.278209 0.914487 -0.293791 -0.614802 -0.932547 0.330441 0.145481 -0.256324 0.230121 0.2335 0.944734 0.387798 
1537391386408 0.2766 0.915283 -0.292829 -0.615016 -0.932923 0.328853 0.146663 -0.2557 0.230536 0.23262 0.94485 0.387473 
1537391386433 0.274944 0.916107 -0.29181 -0.61524 -0.933376 0.327143 0.147601 -0.255089 0.230682 0.231786 0.945019 0.387215 
1537391386458 0.273644 0.916792 -0.290882 -0.615401 -0.933745 0.325763 0.148318 -0.254584 0.230735 0.231023 0.945193 0.387064 
1537391386489 0.272219 0.917631 -0.289568 -0.615472 -0.934139 0.32421 0.149241 -0.253999 0.230829 0.22987 0.945451 0.386937 
1537391386541 0.270347 0.91854 -0.288438 -0.615615 -0.934592 0.322326 0.150482 -0.253328 0.231194 0.228889 0.9456 0.386505 
1537391386555 0.269912 0.918674 -0.28842 -0.615689 -0.934626 0.321997 0.150973 -0.253142 0.231565 0.228816 0.945527 0.386302 
1537391386587 0.268834 0.919066 -0.288177 -0.615823 -0.934724 0.321135 0.152193 -0.252706 0.23242 0.228451 0.945405 0.385831 
1537391386612 0.267613 0.919544 -0.287788 -0.616002 -0.934839 0.320134 0.153593 -0.252183 0.233367 0.227932 0.945297 0.385352 
1537391386639 0.266363 0.920022 -0.287419 -0.616167 -0.934995 0.319072 0.154844 -0.251652 0.234167 0.227491 0.945206 0.384906 
1537391386671 0.264966 0.920532 -0.287078 -0.616308 -0.935139 0.317924 0.15633 -0.251013 0.235176 0.227035 0.945065 0.384443 
1537391386698 0.263765 0.921054 -0.286508 -0.616424 -0.935201 0.316945 0.157937 -0.250297 0.236276 0.226285 0.94497 0.384131 
1537391386731 0.263102 0.921405 -0.285989 -0.616413 -0.935238 0.316366 0.158881 -0.249924 0.236871 0.225666 0.944969 0.383993 
1537391386753 0.262857 0.92161 -0.285556 -0.616336 -0.935193 0.316164 0.159543 -0.249771 0.237319 0.225113 0.944989 0.383931 
1537391386781 0.262663 0.921701 -0.285438 -0.616255 -0.935181 0.316022 0.159895 -0.249685 0.237581 0.224938 0.944965 0.383904 
1537391386816 0.262321 0.921855 -0.285256 -0.616136 -0.935205 0.315731 0.160327 -0.249503 0.237862 0.224716 0.944947 0.383852 
1537391386833 0.262183 0.921907 -0.285214 -0.616105 -0.935228 0.315607 0.160441 -0.24943 0.237927 0.224675 0.94494 0.383796 
1537391386858 0.261811 0.922069 -0.285033 -0.616071 -0.935307 0.315244 0.160693 -0.249249 0.238025 0.224522 0.944952 0.383618 
1537391386895 0.260454 0.922498 -0.284888 -0.616101 -0.935541 0.314058 0.161651 -0.24872 0.238594 0.224422 0.944832 0.38314 
1537391386918 0.259728 0.92271 -0.284864 -0.616135 -0.935606 0.313489 0.162379 -0.248398 0.23913 0.224346 0.944715 0.382866 
1537391386942 0.25921 0.922874 -0.284804 -0.616146 -0.935594 0.313129 0.163142 -0.248108 0.239739 0.224173 0.944601 0.382607 
1537391386967 0.258858 0.923 -0.284715 -0.616137 -0.935541 0.312917 0.163847 -0.247866 0.240323 0.22395 0.944506 0.382376 
1537391386989 0.258698 0.92307 -0.284636 -0.616117 -0.935548 0.312784 0.16406 -0.247765 0.240468 0.223849 0.944493 0.382284 
1537391387016 0.258584 0.923128 -0.28455 -0.616051 -0.93553 0.312706 0.164311 -0.247681 0.24066 0.223716 0.944475 0.382249 
1537391387044 0.258375 0.923234 -0.284396 -0.615906 -0.935543 0.312521 0.164591 -0.247546 0.240836 0.223538 0.944473 0.382274 
1537391387067 0.258358 0.923261 -0.284326 -0.615841 -0.935528 0.31251 0.164698 -0.247493 0.240914 0.223444 0.944475 0.382286 
1537391387100 0.258124 0.923413 -0.284043 -0.615558 -0.935498 0.312324 0.16522 -0.247242 0.24128 0.223075 0.944469 0.382316 
1537391387135 0.257701 0.923588 -0.283857 -0.61537 -0.935567 0.31193 0.165573 -0.247004 0.241465 0.222899 0.944463 0.382303 
1537391387164 0.256897 0.923899 -0.283576 -0.615213 -0.935789 0.311111 0.165857 -0.246624 0.241459 0.222759 0.944498 0.382268 
1537391387196 0.255853 0.924448 -0.282728 -0.615065 -0.936185 0.309859 0.165967 -0.246058 0.241034 0.222223 0.944733 0.382241 
1537391387221 0.255195 0.924821 -0.282102 -0.615033 -0.93647 0.309021 0.16592 -0.245663 0.240622 0.221838 0.944928 0.382232 
1537391387245 0.254693 0.925149 -0.281479 -0.615055 -0.936729 0.308317 0.16577 -0.245321 0.240147 0.221449 0.94514 0.382221 
1537391387273 0.254345 0.925478 -0.280713 -0.615058 -0.936981 0.307702 0.165488 -0.24505 0.239532 0.220932 0.945417 0.382183 
1537391387322 0.253592 0.926213 -0.278963 -0.615214 -0.937519 0.306361 0.164927 -0.244377 0.238221 0.219709 0.946033 0.382059 
1537391387345 0.253176 0.926706 -0.277702 -0.615324 -0.937875 0.305514 0.164473 -0.243916 0.23726 0.21881 0.946483 0.381937 
1537391387372 0.252781 0.927267 -0.276185 -0.615545 -0.93829 0.304583 0.163832 -0.243348 0.236038 0.217728 0.947038 0.38168 
1537391387409 0.252693 0.927816 -0.274415 -0.615745 -0.938665 0.303862 0.163018 -0.242928 0.234635 0.21639 0.947693 0.381418 
1537391387428 0.252707 0.928035 -0.273662 -0.615824 -0.938805 0.303612 0.16268 -0.242787 0.23406 0.215805 0.947969 0.381318 
1537391387457 0.252595 0.928898 -0.270822 -0.616086 -0.939378 0.302509 0.161426 -0.24223 0.231874 0.213629 0.948998 0.38097 
1537391387487 0.252361 0.929389 -0.26935 -0.616183 -0.939663 0.301823 0.161045 -0.241883 0.23097 0.212457 0.949481 0.380837 
1537391387511 0.252143 0.929669 -0.268589 -0.616214 -0.939805 0.301406 0.161 -0.24166 0.230631 0.211826 0.949705 0.380834 
1537391387547 0.25189 0.930137 -0.267202 -0.616164 -0.939996 0.30081 0.160997 -0.241365 0.230127 0.210616 0.950096 0.380885 
1537391387579 0.25185 0.930391 -0.266352 -0.616064 -0.940067 0.30057 0.161034 -0.241267 0.229882 0.209833 0.950329 0.38096 
1537391387617 0.25159 0.93077 -0.265272 -0.61579 -0.940184 0.30009 0.161247 -0.241064 0.229689 0.208836 0.950595 0.381147 
1537391387644 0.251451 0.930923 -0.264867 -0.615614 -0.94021 0.299896 0.161453 -0.240962 0.229733 0.208433 0.950673 0.381227 
1537391387666 0.251407 0.931039 -0.264499 -0.615436 -0.940193 0.299816 0.1617 -0.240888 0.229851 0.208028 0.950733 0.381297 
1537391387694 0.251415 0.931109 -0.264248 -0.615268 -0.940161 0.299808 0.161906 -0.24083 0.229975 0.20773 0.950768 0.381351 
1537391387718 0.251261 0.931197 -0.264085 -0.61508 -0.940176 0.299654 0.162098 -0.240731 0.230079 0.207558 0.95078 0.381406 
1537391387746 0.251001 0.931295 -0.263985 -0.614927 -0.940227 0.299405 0.162266 -0.240583 0.230156 0.207477 0.950779 0.381466 
1537391387771 0.250653 0.931284 -0.264353 -0.614856 -0.94025 0.299198 0.162515 -0.240385 0.230441 0.207823 0.950635 0.381514 
1537391387824 0.249878 0.931251 -0.265205 -0.614719 -0.940372 0.298678 0.162765 -0.239928 0.230786 0.208719 0.950355 0.381647 
1537391387836 0.249673 0.931236 -0.265448 -0.61469 -0.940412 0.298537 0.162791 -0.239823 0.230843 0.208986 0.950282 0.381684 
1537391387863 0.249006 0.931255 -0.266009 -0.614577 -0.940532 0.298047 0.162999 -0.239501 0.231077 0.209602 0.95009 0.381822 
1537391387886 0.248291 0.931359 -0.266314 -0.614396 -0.940668 0.297461 0.163281 -0.239169 0.231291 0.209971 0.949956 0.382 
1537391387910 0.24778 0.931459 -0.266438 -0.614251 -0.94076 0.297032 0.163532 -0.238936 0.231464 0.210135 0.949878 0.382136 
1537391387934 0.24778 0.931459 -0.266438 -0.614251 -0.94076 0.297032 0.163532 -0.238936 0.231464 0.210135 0.949878 0.382136 
1537391387987 0.24778 0.931459 -0.266438 -0.614251 -0.94076 0.297032 0.163532 -0.238936 0.231464 0.210135 0.949878 0.382136 
1537391388010 0.24778 0.931459 -0.266438 -0.614251 -0.94076 0.297032 0.163532 -0.238936 0.231464 0.210135 0.949878 0.382136 
1537391388035 0.24778 0.931459 -0.266438 -0.614251 -0.94076 0.297032 0.163532 -0.238936 0.231464 0.210135 0.949878 0.382136 
1537391388061 0.245667 0.931848 -0.267035 -0.613877 -0.941137 0.29527 0.164552 -0.237852 0.232185 0.210892 0.949534 0.382513 
1537391388090 0.245621 0.931873 -0.266989 -0.613875 -0.941153 0.295214 0.16456 -0.237825 0.232168 0.210858 0.949546 0.382513 
1537391388121 0.245183 0.931854 -0.267456 -0.61354 -0.941202 0.294936 0.164776 -0.237505 0.23243 0.211329 0.949377 0.38266 
1537391388144 0.24498 0.931578 -0.268604 -0.613224 -0.941127 0.295061 0.164983 -0.237326 0.232949 0.212372 0.949017 0.382806 
1537391388168 0.245182 0.931247 -0.269565 -0.612949 -0.940948 0.29554 0.165145 -0.237338 0.233458 0.213156 0.948716 0.382962 
1537391388192 0.245355 0.930947 -0.27044 -0.612757 -0.940811 0.295945 0.165199 -0.237462 0.233827 0.2139 0.948457 0.383119 
1537391388215 0.245468 0.930772 -0.27094 -0.612564 -0.940703 0.296214 0.165333 -0.237557 0.234144 0.21429 0.948291 0.383248 
1537391388239 0.245493 0.930637 -0.27138 -0.612476 -0.940613 0.296392 0.165524 -0.237566 0.234477 0.214629 0.948132 0.383338 
1537391388262 0.245342 0.930561 -0.271779 -0.612455 -0.940575 0.29639 0.165746 -0.237486 0.234789 0.214965 0.947979 0.383397 
1537391388286 0.245041 0.930511 -0.272221 -0.612445 -0.940555 0.296271 0.166074 -0.237338 0.235184 0.215343 0.947795 0.383477 
1537391388333 0.244368 0.930491 -0.272894 -0.61237 -0.9405 0.295957 0.16694 -0.237037 0.236101 0.215862 0.947449 0.383578 
1537391388360 0.244275 0.930339 -0.273494 -0.612289 -0.940348 0.296137 0.167475 -0.23704 0.2368 0.21627 0.947182 0.383645 
1537391388383 0.244403 0.930085 -0.274242 -0.612152 -0.940105 0.296586 0.168048 -0.237174 0.237635 0.216745 0.946864 0.38376 
1537391388407 0.244453 0.929887 -0.274869 -0.612005 -0.939939 0.296886 0.168443 -0.237273 0.238237 0.217183 0.946612 0.383875 
1537391388430 0.244311 0.929616 -0.275908 -0.611763 -0.939762 0.297134 0.168995 -0.237342 0.239083 0.218001 0.946211 0.384049 
1537391388454 0.244149 0.929477 -0.276521 -0.611572 -0.939673 0.29721 0.169354 -0.237357 0.239595 0.218491 0.945968 0.384174 
1537391388478 0.243918 0.929298 -0.277326 -0.61142 -0.939574 0.297282 0.169778 -0.237347 0.240218 0.219157 0.945656 0.384312 
1537391388515 0.243513 0.929183 -0.278064 -0.611294 -0.93958 0.29712 0.170028 -0.237279 0.240605 0.21986 0.945395 0.384465 
1537391388579 0.242907 0.928862 -0.279664 -0.611142 -0.939558 0.296997 0.170362 -0.237155 0.241303 0.221378 0.944862 0.384644 
1537391388607 0.242443 0.928627 -0.280845 -0.611003 -0.939467 0.296964 0.17092 -0.237028 0.242122 0.222406 0.944411 0.384779 
1537391388644 0.242176 0.928328 -0.28206 -0.610821 -0.93931 0.297141 0.171474 -0.23703 0.242996 0.223415 0.943948 0.384965 
1537391388677 0.241857 0.927968 -0.283514 -0.610636 -0.93913 0.297347 0.172103 -0.237004 0.244008 0.224632 0.943398 0.385157 
1537391388716 0.241282 0.927578 -0.285275 -0.610418 -0.938989 0.297392 0.172793 -0.236942 0.245118 0.226179 0.942741 0.385396 
1537391388744 0.240985 0.927293 -0.286451 -0.610085 -0.938993 0.297396 0.172767 -0.237021 0.245395 0.227341 0.942389 0.385739 
1537391388784 0.241031 0.926948 -0.287528 -0.609783 -0.938984 0.297636 0.172397 -0.237136 0.245382 0.228431 0.942129 0.386044 
1537391388814 0.241135 0.926682 -0.288296 -0.609517 -0.938987 0.297851 0.172013 -0.237264 0.245271 0.229228 0.941964 0.38629 
1537391388833 0.241645 0.92618 -0.28948 -0.609203 -0.938859 0.298554 0.171493 -0.237501 0.245259 0.230341 0.941696 0.386595 
