1531854309221 -0.187255 0.845429 -0.500189 -0.597268 -0.975202 -0.0988634 0.197988 -0.255126 0.117931 0.524856 0.842977 0.407261 
1531854309228 0 0 0 0 0 0 0 0 0 0 0 0 
1531854309235 0 0 0 0 0 0 0 0 0 0 0 0 
1531854309241 0 0 0 0 0 0 0 0 0 0 0 0 
1531854309248 0 0 0 0 0 0 0 0 0 0 0 0 
1531854309261 -0.148927 -0.980986 0.124446 -0.59749 0.846377 -0.0613795 0.529035 -0.25182 -0.511338 0.184116 0.839425 0.412457 
1531854309268 0 0 0 0 0 0 0 0 0 0 0 0 
1531854309282 -0.112289 -0.984909 0.131704 -0.601182 0.846531 -0.0254084 0.531733 -0.25525 -0.520362 0.1712 0.836609 0.413526 
1531854309288 0 0 0 0 0 0 0 0 0 0 0 0 
1531854309307 0 0 0 0 0 0 0 0 0 0 0 0 
1531854309308 0 0 0 0 0 0 0 0 0 0 0 0 
1531854309322 -0.0369476 -0.988579 0.146101 -0.605466 0.841933 0.0479617 0.537446 -0.255677 -0.538315 0.142865 0.830546 0.419613 
1531854309334 0.000740163 -0.988148 0.1535 -0.607511 0.83749 0.084493 0.53988 -0.255827 -0.546452 0.128155 0.827627 0.422704 
1531854309342 0 0 0 0 0 0 0 0 0 0 0 0 
1531854309348 0 0 0 0 0 0 0 0 0 0 0 0 
1531854309361 0.0383566 -0.986205 0.161023 -0.609556 0.831631 0.120843 0.542022 -0.255975 -0.554003 0.113122 0.824793 0.425794 
1531854309373 0 0 0 0 0 0 0 0 0 0 0 0 
1531854309381 0.0758426 -0.982753 0.168657 -0.611601 0.824363 0.156956 0.543866 -0.256121 -0.560957 0.0977866 0.822049 0.428884 
1531854309388 0 0 0 0 0 0 0 0 0 0 0 0 
1531854309401 0.113139 -0.977796 0.176391 -0.613646 0.8157 0.192773 0.54541 -0.256268 -0.567304 0.082175 0.819398 0.431972 
1531854309408 0 0 0 0 0 0 0 0 0 0 0 0 
1531854309421 0.15013 -0.971349 0.184234 -0.615634 0.805679 0.228203 0.54663 -0.256512 -0.573011 0.0663674 0.816856 0.434972 
1531854309468 0 0 0 0 0 0 0 0 0 0 0 0 
1531854309481 0.15013 -0.971349 0.184234 -0.615634 0.805679 0.228203 0.54663 -0.256512 -0.573011 0.0663674 0.816856 0.434972 
1531854309487 0 0 0 0 0 0 0 0 0 0 0 0 
1531854309494 0 0 0 0 0 0 0 0 0 0 0 0 
1531854309501 0 0 0 0 0 0 0 0 0 0 0 0 
1531854309507 0 0 0 0 0 0 0 0 0 0 0 0 
1531854309521 0.186876 -0.963412 0.192134 -0.617686 0.794265 0.263268 0.547569 -0.256648 -0.578118 0.0502776 0.814403 0.438062 
1531854309527 0 0 0 0 0 0 0 0 0 0 0 0 
1531854309541 0.186933 -0.963405 0.192111 -0.617735 0.794237 0.263303 0.547594 -0.256551 -0.578138 0.0502182 0.814392 0.438153 
1531854309547 0 0 0 0 0 0 0 0 0 0 0 0 
1531854309554 0 0 0 0 0 0 0 0 0 0 0 0 
1531854309561 0 0 0 0 0 0 0 0 0 0 0 0 
1531854309567 0 0 0 0 0 0 0 0 0 0 0 0 
1531854309574 0 0 0 0 0 0 0 0 0 0 0 0 
1531854309587 0.186933 -0.963405 0.19211 -0.617736 0.794237 0.263303 0.547594 -0.256549 -0.578138 0.0502175 0.814392 0.438155 
1531854309594 0 0 0 0 0 0 0 0 0 0 0 0 
1531854309607 0.186934 -0.963405 0.192111 -0.617736 0.794236 0.263304 0.547594 -0.256549 -0.578139 0.050218 0.814392 0.438155 
1531854309614 0 0 0 0 0 0 0 0 0 0 0 0 
1531854309627 0.186934 -0.963405 0.192112 -0.617736 0.794236 0.263305 0.547594 -0.256548 -0.578139 0.0502183 0.814392 0.438155 
1531854309634 0 0 0 0 0 0 0 0 0 0 0 0 
1531854309654 0.186934 -0.963405 0.192112 -0.617736 0.794236 0.263304 0.547594 -0.256548 -0.578139 0.0502184 0.814392 0.438155 
1531854309662 0.186934 -0.963405 0.192112 -0.617736 0.794236 0.263305 0.547594 -0.256548 -0.578139 0.0502188 0.814391 0.438155 
1531854309667 0 0 0 0 0 0 0 0 0 0 0 0 
1531854309674 0 0 0 0 0 0 0 0 0 0 0 0 
1531854309687 0.186933 -0.963405 0.192113 -0.617736 0.794236 0.263304 0.547594 -0.256548 -0.578139 0.0502194 0.814391 0.438155 
1531854309694 0 0 0 0 0 0 0 0 0 0 0 0 
1531854309707 0.186933 -0.963405 0.192113 -0.617736 0.794236 0.263305 0.547594 -0.256548 -0.578139 0.0502197 0.814391 0.438155 
