1535134757302 0.243512 0.930168 -0.274754 -0.634871 -0.943988 0.292339 0.153053 -0.242994 0.222686 0.222095 0.949255 0.372141 
1535134762527 0.24351 0.930168 -0.274754 -0.634871 -0.943988 0.292337 0.153054 -0.242993 0.222686 0.222094 0.949255 0.372141 
1535134762541 0.24351 0.930168 -0.274754 -0.634871 -0.943988 0.292337 0.153053 -0.242993 0.222686 0.222094 0.949255 0.372141 
1535134762661 0.243672 0.930131 -0.274736 -0.634906 -0.943766 0.292668 0.153786 -0.242979 0.223448 0.221813 0.949142 0.372227 
1535134762710 0.244024 0.930039 -0.274736 -0.634978 -0.943374 0.293304 0.154977 -0.242997 0.224716 0.221361 0.948948 0.372375 
1535134762787 0.24444 0.929859 -0.274977 -0.635099 -0.942931 0.294072 0.156213 -0.243058 0.226119 0.221099 0.948676 0.372422 
1535134762842 0.244762 0.9297 -0.275226 -0.635197 -0.942555 0.294707 0.15728 -0.243084 0.227335 0.220919 0.948427 0.37239 
1535134762896 0.245024 0.929563 -0.275457 -0.635296 -0.942188 0.295287 0.158388 -0.243109 0.22857 0.220723 0.948176 0.372391 
1535134763020 0.245736 0.929248 -0.275883 -0.635525 -0.941321 0.296696 0.160893 -0.243203 0.231363 0.220157 0.94763 0.372532 
1535134763058 0.245958 0.929182 -0.275907 -0.635592 -0.940975 0.297186 0.162008 -0.24318 0.232531 0.219775 0.947433 0.372645 
1535134763083 0.246054 0.929153 -0.275921 -0.635622 -0.940833 0.29739 0.162455 -0.243182 0.233002 0.219623 0.947352 0.372707 
1535134763098 0.246117 0.92912 -0.275974 -0.635649 -0.94075 0.297522 0.162694 -0.243198 0.23327 0.219581 0.947296 0.372735 
1535134763229 0.245346 0.929125 -0.276645 -0.635645 -0.940617 0.297217 0.164017 -0.243097 0.234616 0.219976 0.946872 0.372736 
1535134763303 0.244843 0.929062 -0.277302 -0.635471 -0.940526 0.29706 0.164822 -0.243347 0.235505 0.220454 0.94654 0.372777 
1535134763437 0.243424 0.929014 -0.278708 -0.635401 -0.940239 0.296565 0.167332 -0.243471 0.238108 0.221319 0.945686 0.372917 
1535134763488 0.242906 0.928942 -0.279397 -0.635349 -0.940042 0.296502 0.168547 -0.243627 0.239412 0.221704 0.945267 0.373025 
1535134763587 0.24233 0.928773 -0.280459 -0.635272 -0.939776 0.296528 0.169977 -0.243797 0.241034 0.222378 0.944696 0.372963 
1535134763737 0.241014 0.928717 -0.281774 -0.635194 -0.939333 0.296232 0.172915 -0.243884 0.24406 0.223004 0.943771 0.373177 
1535134763757 0.240792 0.928702 -0.282013 -0.635176 -0.939309 0.296139 0.173205 -0.243927 0.244371 0.223191 0.943646 0.373171 
1535134763774 0.240605 0.92865 -0.282343 -0.635151 -0.939243 0.296126 0.173587 -0.243991 0.244811 0.223423 0.943478 0.373153 
1535134763790 0.240517 0.928593 -0.282608 -0.635126 -0.939169 0.296179 0.173893 -0.244058 0.245178 0.223593 0.943342 0.373149 
1535134763889 0.240337 0.928721 -0.282341 -0.635126 -0.939301 0.295879 0.173692 -0.243988 0.24485 0.223458 0.943459 0.373402 
1535134763903 0.240306 0.92874 -0.282301 -0.63516 -0.939418 0.295743 0.173291 -0.24395 0.244431 0.223556 0.943544 0.373419 
1535134763948 0.240228 0.928737 -0.282379 -0.635256 -0.939652 0.295487 0.172459 -0.243847 0.243609 0.223909 0.943674 0.373445 
1535134764002 0.240312 0.928651 -0.282591 -0.635259 -0.939708 0.295535 0.172072 -0.243931 0.24331 0.224202 0.943681 0.373491 
1535134764032 0.240219 0.928559 -0.282973 -0.635267 -0.939745 0.295504 0.171919 -0.244019 0.243257 0.224624 0.943594 0.373527 
1535134764071 0.240024 0.928493 -0.283353 -0.635265 -0.939846 0.295342 0.171649 -0.24414 0.243061 0.225108 0.943529 0.373629 
1535134764102 0.239863 0.92848 -0.283534 -0.635264 -0.939923 0.295188 0.171491 -0.244173 0.242922 0.225366 0.943504 0.373719 
1535134764123 0.239733 0.928488 -0.283617 -0.635272 -0.939975 0.295062 0.17142 -0.244162 0.242846 0.225498 0.943492 0.37376 
1535134764139 0.239626 0.928492 -0.283693 -0.635283 -0.940016 0.294961 0.171373 -0.24415 0.242797 0.22561 0.943477 0.373789 
1535134764288 0.239258 0.928568 -0.283756 -0.635328 -0.940206 0.294532 0.171066 -0.244268 0.242422 0.22586 0.943514 0.373934 
1535134764301 0.239324 0.928603 -0.283584 -0.635317 -0.940206 0.294547 0.171038 -0.244309 0.242355 0.225694 0.943571 0.373928 
1535134764396 0.239223 0.928812 -0.282987 -0.635367 -0.940262 0.294313 0.171134 -0.244377 0.242238 0.225142 0.943733 0.373874 
1535134764439 0.238689 0.928983 -0.282873 -0.635413 -0.940458 0.293727 0.171065 -0.244353 0.242004 0.225199 0.943779 0.373874 
1535134764487 0.238248 0.929122 -0.28279 -0.635449 -0.940681 0.293187 0.170765 -0.244412 0.241572 0.22533 0.943859 0.373881 
1535134764542 0.237997 0.929238 -0.282621 -0.635468 -0.940845 0.292822 0.170486 -0.244557 0.241179 0.225327 0.94396 0.373891 
1535134764652 0.23756 0.929539 -0.281997 -0.63551 -0.941153 0.292106 0.170014 -0.244835 0.240408 0.225014 0.944231 0.374061 
1535134764677 0.237378 0.929632 -0.281845 -0.635526 -0.941243 0.291864 0.169934 -0.244859 0.240236 0.224946 0.944291 0.374099 
1535134764693 0.237218 0.929717 -0.2817 -0.635536 -0.941323 0.291647 0.169864 -0.244882 0.240082 0.224875 0.944347 0.374132 
1535134764713 0.237083 0.929773 -0.281626 -0.635557 -0.941389 0.291474 0.169791 -0.244912 0.239954 0.224865 0.944382 0.374164 
1535134764729 0.237022 0.929789 -0.281624 -0.635578 -0.941419 0.291402 0.169751 -0.244935 0.239898 0.224892 0.94439 0.374184 
1535134764902 0.237117 0.929896 -0.281193 -0.63558 -0.941562 0.291258 0.169204 -0.245116 0.239241 0.22464 0.944617 0.374141 
1535134764943 0.2366 0.930072 -0.281046 -0.635599 -0.94184 0.290599 0.16879 -0.245279 0.238659 0.224764 0.944734 0.374122 
1535134765026 0.236493 0.930194 -0.280732 -0.635646 -0.942012 0.290302 0.168338 -0.245418 0.238084 0.224642 0.944908 0.374145 
1535134765051 0.236249 0.930298 -0.280591 -0.635655 -0.942135 0.289986 0.168196 -0.245478 0.23784 0.224618 0.944976 0.374152 
1535134765072 0.236143 0.930382 -0.280404 -0.635658 -0.94221 0.289805 0.168089 -0.245505 0.23765 0.224506 0.94505 0.374162 
1535134765088 0.236095 0.930421 -0.280314 -0.635661 -0.942245 0.289721 0.168034 -0.245515 0.237555 0.224453 0.945087 0.374166 
1535134765234 0.236231 0.930495 -0.279955 -0.635676 -0.94233 0.289673 0.16764 -0.245464 0.237083 0.224208 0.945263 0.374214 
1535134765261 0.236574 0.930416 -0.279925 -0.635646 -0.942245 0.289995 0.167561 -0.245437 0.237079 0.224117 0.945286 0.374206 
1535134765303 0.236836 0.930272 -0.280184 -0.635645 -0.942175 0.290295 0.167434 -0.245387 0.237096 0.224328 0.945231 0.374145 
1535134765362 0.23725 0.930183 -0.280127 -0.635616 -0.942142 0.290614 0.16707 -0.245412 0.236815 0.224282 0.945313 0.37412 
1535134765402 0.237782 0.930144 -0.279805 -0.63557 -0.942107 0.290971 0.166647 -0.245457 0.236421 0.223981 0.945483 0.374122 
1535134765447 0.238127 0.930184 -0.279379 -0.63554 -0.942182 0.29107 0.166045 -0.245439 0.235771 0.223686 0.945715 0.374095 
1535134765490 0.238402 0.930161 -0.279221 -0.635566 -0.942223 0.2912 0.165585 -0.245356 0.235329 0.223613 0.945842 0.374081 
1535134765520 0.238713 0.930115 -0.279109 -0.635583 -0.942215 0.29141 0.165261 -0.245296 0.235047 0.223531 0.945932 0.374062 
1535134765543 0.238883 0.930097 -0.279023 -0.635575 -0.942232 0.2915 0.165006 -0.245291 0.234807 0.223487 0.946002 0.374051 
1535134765560 0.239016 0.930081 -0.278965 -0.635563 -0.942238 0.291579 0.164832 -0.245308 0.234647 0.223454 0.946049 0.374047 
1535134765700 0.239643 0.93005 -0.278528 -0.635361 -0.942196 0.291989 0.164342 -0.245237 0.234174 0.223045 0.946263 0.374129 
1535134765774 0.239898 0.929849 -0.278979 -0.635162 -0.941986 0.292452 0.164727 -0.245202 0.234759 0.223277 0.946063 0.374232 
1535134765870 0.240304 0.929811 -0.278757 -0.635016 -0.941824 0.292856 0.164933 -0.244965 0.234992 0.222906 0.946093 0.374358 
1535134765945 0.240782 0.929729 -0.278617 -0.634807 -0.941721 0.293269 0.164785 -0.244821 0.234915 0.222702 0.94616 0.374427 
1535134766044 0.241503 0.929528 -0.278665 -0.634605 -0.941563 0.293943 0.164491 -0.244823 0.234811 0.222655 0.946197 0.37447 
1535134766214 0.242818 0.929207 -0.278594 -0.634165 -0.941247 0.295166 0.164105 -0.244767 0.234719 0.222378 0.946285 0.374621 
1535134766300 0.242978 0.929225 -0.278394 -0.633998 -0.941223 0.295268 0.164059 -0.244487 0.234649 0.222168 0.946352 0.374772 
1535134766327 0.243087 0.929211 -0.278344 -0.633966 -0.941211 0.295348 0.163985 -0.244486 0.234585 0.222118 0.946379 0.374787 
1535134766398 0.24357 0.929127 -0.278203 -0.633851 -0.941104 0.295769 0.163844 -0.24445 0.234516 0.221911 0.946445 0.374838 
1535134766600 0.243339 0.929051 -0.278656 -0.633108 -0.940999 0.295784 0.164418 -0.244351 0.235175 0.222206 0.946212 0.375176 
1535134766750 0.243317 0.928997 -0.278857 -0.632807 -0.940905 0.295892 0.16476 -0.244153 0.235573 0.222289 0.946093 0.375278 
1535134766899 0.243592 0.928802 -0.279265 -0.632408 -0.940814 0.296245 0.164642 -0.244225 0.235651 0.222631 0.945994 0.375341 
1535134767049 0.243666 0.928729 -0.279444 -0.632117 -0.940714 0.296425 0.164891 -0.244001 0.235974 0.222699 0.945897 0.375503 
1535134767250 0.243705 0.92871 -0.279475 -0.631379 -0.940609 0.296557 0.165253 -0.24387 0.236352 0.222604 0.945825 0.375881 
1535134767397 0.24409 0.928502 -0.279827 -0.631007 -0.940466 0.297028 0.165222 -0.243888 0.236526 0.222839 0.945726 0.375928 
1535134767421 0.244043 0.928519 -0.279814 -0.630906 -0.940468 0.296991 0.165278 -0.243852 0.236566 0.222822 0.94572 0.375978 
1535134767566 0.24407 0.928502 -0.279845 -0.630774 -0.940427 0.297055 0.165397 -0.243733 0.236701 0.222806 0.94569 0.376066 
1535134767737 0.244136 0.928421 -0.280057 -0.63031 -0.940331 0.297229 0.165626 -0.243568 0.237012 0.222911 0.945588 0.376265 
1535134767907 0.244053 0.928382 -0.28026 -0.629843 -0.940274 0.29726 0.165894 -0.243381 0.237323 0.223034 0.945481 0.376403 
1535134768085 0.243971 0.928352 -0.280428 -0.629411 -0.940226 0.297277 0.166138 -0.24312 0.2376 0.223132 0.945388 0.37657 
1535134768268 0.244314 0.928184 -0.280687 -0.628903 -0.940042 0.29774 0.166349 -0.243032 0.237975 0.223216 0.945274 0.376729 
1535134768440 0.244003 0.928219 -0.280841 -0.628509 -0.940031 0.297557 0.16674 -0.242694 0.238337 0.223314 0.945159 0.376915 
1535134768613 0.244221 0.928059 -0.281181 -0.628016 -0.93992 0.297877 0.166792 -0.242597 0.23855 0.223554 0.945049 0.377008 
1535134768781 0.24404 0.928092 -0.281229 -0.627591 -0.939893 0.297782 0.167114 -0.242298 0.238842 0.223543 0.944978 0.377197 
1535134768954 0.244208 0.927985 -0.281436 -0.627115 -0.939743 0.298079 0.167429 -0.242163 0.239262 0.22359 0.94486 0.377404 
1535134768980 0.244151 0.92801 -0.281404 -0.627013 -0.939745 0.298031 0.167503 -0.242095 0.239312 0.223552 0.944857 0.377466 
1535134769199 0.243988 0.928024 -0.281499 -0.626638 -0.939774 0.297905 0.167563 -0.241785 0.239363 0.223662 0.944818 0.377544 
1535134769353 0.244357 0.927876 -0.281668 -0.626211 -0.939618 0.298344 0.167658 -0.241802 0.239599 0.223692 0.944751 0.377694 
1535134769566 0.244178 0.927921 -0.281673 -0.625523 -0.939565 0.298267 0.168091 -0.241327 0.239989 0.223606 0.944672 0.377991 
1535134769784 0.24417 0.927784 -0.282131 -0.624805 -0.939456 0.298445 0.168383 -0.240978 0.240424 0.223936 0.944484 0.378179 
1535134770002 0.244469 0.927613 -0.282433 -0.624022 -0.939287 0.298871 0.16857 -0.240783 0.240779 0.224075 0.94436 0.378391 
1535134770029 0.24447 0.927605 -0.282459 -0.623917 -0.939273 0.298889 0.168618 -0.240723 0.240835 0.224084 0.944344 0.378433 
1535134770046 0.244514 0.927581 -0.2825 -0.623885 -0.939253 0.298947 0.168627 -0.240697 0.240868 0.224107 0.94433 0.378439 
1535134770223 0.244601 0.927535 -0.282575 -0.623595 -0.939252 0.299024 0.168497 -0.240559 0.240783 0.224195 0.94433 0.378448 
1535134770371 0.244948 0.927393 -0.282741 -0.623201 -0.939167 0.29938 0.168337 -0.240588 0.240761 0.224308 0.944309 0.378517 
1535134770517 0.2449 0.927388 -0.282801 -0.622944 -0.93915 0.299372 0.168445 -0.240253 0.240876 0.22434 0.944272 0.378612 
1535134770656 0.245044 0.927349 -0.282803 -0.622567 -0.939113 0.299509 0.168405 -0.240213 0.240873 0.224318 0.944279 0.378721 
1535134770801 0.245194 0.927302 -0.282826 -0.622227 -0.939043 0.299685 0.168483 -0.240067 0.240994 0.224275 0.944258 0.378872 
1535134770947 0.245193 0.927238 -0.283036 -0.621951 -0.939033 0.299732 0.168456 -0.239843 0.241034 0.224476 0.9442 0.378921 
1535134771094 0.245503 0.927102 -0.283214 -0.621572 -0.938969 0.300044 0.168256 -0.239845 0.240967 0.224622 0.944182 0.378954 
1535134771238 0.245612 0.927074 -0.283212 -0.621264 -0.938948 0.300142 0.168203 -0.239636 0.24094 0.224608 0.944192 0.379025 
1535134771265 0.245584 0.927099 -0.283153 -0.621201 -0.938957 0.300103 0.168221 -0.239571 0.240933 0.224556 0.944206 0.379057 
1535134771415 0.245676 0.927019 -0.283334 -0.621028 -0.938903 0.300252 0.168258 -0.239575 0.24105 0.224686 0.944146 0.379085 
1535134771493 0.24541 0.927028 -0.283536 -0.620782 -0.93882 0.300177 0.168853 -0.239501 0.241642 0.224751 0.943979 0.379146 
1535134771599 0.245631 0.926893 -0.283785 -0.620501 -0.938621 0.300563 0.169269 -0.239558 0.24219 0.224789 0.94383 0.379199 
1535134771777 0.245478 0.926831 -0.284119 -0.620064 -0.938445 0.300679 0.170038 -0.239308 0.243025 0.22489 0.943591 0.37933 
1535134771858 0.245467 0.926749 -0.284396 -0.619808 -0.938333 0.300826 0.170398 -0.239307 0.24347 0.225031 0.943442 0.379384 
1535134771958 0.245493 0.926701 -0.284531 -0.619542 -0.938214 0.300979 0.170779 -0.239288 0.243899 0.225025 0.943333 0.379443 
1535134772042 0.245389 0.926687 -0.284669 -0.619313 -0.938133 0.301004 0.171179 -0.239178 0.244316 0.225052 0.943219 0.379518 
1535134772064 0.245461 0.926635 -0.284774 -0.619284 -0.938088 0.301117 0.17123 -0.239205 0.244418 0.225113 0.943178 0.379509 
1535134772081 0.245509 0.926601 -0.284844 -0.619259 -0.938057 0.301192 0.171265 -0.239225 0.244487 0.225153 0.94315 0.379505 
1535134772189 0.245271 0.926652 -0.284883 -0.619038 -0.938049 0.301037 0.171582 -0.239066 0.244757 0.22515 0.943081 0.379623 
1535134772293 0.245559 0.926497 -0.28514 -0.618851 -0.937981 0.301353 0.171401 -0.238922 0.244731 0.225367 0.943036 0.37978 
1535134772394 0.245639 0.926374 -0.285469 -0.618591 -0.937976 0.301475 0.171211 -0.238908 0.244668 0.225707 0.942971 0.379789 
1535134772494 0.245509 0.926371 -0.285589 -0.618417 -0.937986 0.301396 0.171297 -0.238661 0.24476 0.225824 0.942919 0.379863 
1535134772593 0.245826 0.926219 -0.285809 -0.618167 -0.937843 0.301794 0.171378 -0.238608 0.24499 0.225915 0.942837 0.379999 
1535134772767 0.246091 0.926023 -0.286217 -0.617664 -0.937714 0.302178 0.171409 -0.23852 0.245218 0.226208 0.942708 0.380225 
1535134772860 0.245943 0.926 -0.286418 -0.617498 -0.937735 0.302091 0.17145 -0.238297 0.245287 0.226417 0.94264 0.38034 
1535134772886 0.246046 0.925941 -0.28652 -0.617474 -0.937697 0.302217 0.171433 -0.238305 0.245328 0.226489 0.942612 0.380346 
1535134772902 0.246093 0.925919 -0.286553 -0.617452 -0.937678 0.302274 0.171434 -0.238296 0.245352 0.226506 0.942601 0.380358 
1535134772917 0.246145 0.925901 -0.286566 -0.617424 -0.937659 0.302332 0.17144 -0.23828 0.245375 0.226502 0.942596 0.380375 
1535134773012 0.246053 0.925954 -0.286472 -0.617265 -0.93769 0.30222 0.171466 -0.238193 0.245347 0.226432 0.94262 0.380447 
1535134773136 0.246338 0.926091 -0.285784 -0.61686 -0.937642 0.30234 0.171518 -0.238028 0.245245 0.225711 0.94282 0.380477 
1535134773185 0.246537 0.926111 -0.285549 -0.616636 -0.937615 0.302463 0.17145 -0.238016 0.24515 0.225466 0.942903 0.380472 
1535134773262 0.246574 0.92617 -0.285324 -0.616492 -0.937627 0.302436 0.171429 -0.237825 0.245064 0.225257 0.942975 0.380441 
1535134773329 0.246704 0.926175 -0.285197 -0.61634 -0.937586 0.302543 0.171465 -0.237692 0.24509 0.225096 0.943007 0.380463 
1535134773400 0.246877 0.926177 -0.285041 -0.616134 -0.937546 0.302673 0.171453 -0.237689 0.24507 0.224911 0.943057 0.380505 
1535134773424 0.246936 0.926182 -0.284973 -0.616067 -0.937536 0.302712 0.171437 -0.237687 0.245047 0.224839 0.94308 0.380522 
1535134773439 0.246968 0.926196 -0.284899 -0.616008 -0.937537 0.30272 0.171419 -0.237679 0.245012 0.224768 0.943106 0.380544 
1535134773569 0.247292 0.926046 -0.285105 -0.615813 -0.937416 0.303101 0.171409 -0.237691 0.245148 0.224873 0.943045 0.380587 
1535134773666 0.246934 0.926059 -0.285374 -0.615639 -0.937511 0.302809 0.171407 -0.237491 0.245147 0.225215 0.942964 0.380671 
1535134773777 0.246888 0.926029 -0.28551 -0.615402 -0.937466 0.302842 0.171594 -0.237362 0.245366 0.225292 0.942889 0.380758 
1535134773866 0.246707 0.926083 -0.285491 -0.615189 -0.937484 0.302693 0.171759 -0.237162 0.245479 0.225269 0.942865 0.380853 
1535134773968 0.246912 0.925952 -0.285741 -0.614916 -0.937399 0.302963 0.171744 -0.237138 0.245596 0.225448 0.942792 0.380935 
1535134774076 0.247075 0.925868 -0.28587 -0.614664 -0.937355 0.303144 0.171666 -0.237118 0.2456 0.225547 0.942767 0.381031 
1535134774185 0.24687 0.925928 -0.285856 -0.614457 -0.937381 0.302971 0.171828 -0.236882 0.245706 0.225537 0.942742 0.381168 
1535134774282 0.246976 0.925867 -0.28596 -0.614196 -0.937306 0.303135 0.171948 -0.236845 0.245886 0.225565 0.942688 0.381288 
1535134774309 0.24712 0.925794 -0.286071 -0.614149 -0.937254 0.303306 0.171933 -0.236899 0.245941 0.225634 0.942657 0.381294 
1535134774326 0.247187 0.925755 -0.286141 -0.61412 -0.937225 0.303393 0.171935 -0.236918 0.245982 0.225678 0.942636 0.381303 
1535134774442 0.246932 0.925896 -0.285905 -0.613865 -0.937291 0.303108 0.172081 -0.236641 0.245989 0.225484 0.94268 0.381432 
1535134774549 0.247104 0.925926 -0.285658 -0.613521 -0.937266 0.303207 0.172041 -0.236566 0.245911 0.225225 0.942763 0.381506 
1535134774651 0.246916 0.926033 -0.285473 -0.613232 -0.937334 0.302977 0.172078 -0.236371 0.245841 0.225094 0.942812 0.381577 
1535134774771 0.247281 0.925904 -0.285577 -0.612875 -0.937222 0.303358 0.172015 -0.236433 0.245901 0.225113 0.942792 0.381634 
1535134774886 0.247395 0.925897 -0.285499 -0.612582 -0.937194 0.30345 0.172003 -0.236266 0.245892 0.225016 0.942818 0.38169 
1535134775000 0.247197 0.92597 -0.285435 -0.612292 -0.937256 0.303241 0.172037 -0.236104 0.245856 0.224999 0.942831 0.381759 
1535134775123 0.247401 0.925992 -0.285188 -0.61196 -0.937212 0.30338 0.17203 -0.236017 0.245819 0.224721 0.942907 0.381838 
1535134775231 0.247436 0.925988 -0.28517 -0.611651 -0.937193 0.303419 0.172065 -0.235921 0.245856 0.224684 0.942906 0.381907 
1535134775253 0.247514 0.925974 -0.285148 -0.611576 -0.937172 0.30349 0.172054 -0.235908 0.245858 0.224647 0.942915 0.381918 
1535134775269 0.247567 0.925965 -0.285131 -0.61153 -0.937157 0.303539 0.172051 -0.2359 0.245861 0.224618 0.942921 0.381927 
1535134775432 0.247619 0.925982 -0.285028 -0.611282 -0.937143 0.303569 0.172071 -0.235628 0.245861 0.224504 0.942948 0.382003 
1535134775567 0.248117 0.925856 -0.285007 -0.610965 -0.937128 0.303934 0.17151 -0.235531 0.245417 0.224533 0.943056 0.38195 
1535134775696 0.248329 0.925901 -0.284676 -0.610645 -0.9371 0.304049 0.17146 -0.235348 0.24531 0.224191 0.943165 0.382106 
1535134775890 0.24903 0.925829 -0.284298 -0.609993 -0.937018 0.304552 0.171011 -0.235075 0.244911 0.223805 0.943361 0.382261 
1535134776026 0.249475 0.925767 -0.284109 -0.609651 -0.93701 0.304842 0.170541 -0.23498 0.24449 0.223667 0.943503 0.382284 
1535134776158 0.249549 0.92578 -0.284003 -0.609369 -0.937012 0.304873 0.170472 -0.234784 0.244404 0.223573 0.943547 0.382417 
1535134776280 0.249839 0.925759 -0.283813 -0.609039 -0.937013 0.305044 0.170163 -0.234635 0.244105 0.223423 0.94366 0.382424 
1535134776304 0.250024 0.925705 -0.283827 -0.608979 -0.936977 0.30521 0.170061 -0.234668 0.244053 0.22342 0.943674 0.382423 
1535134776320 0.250184 0.925667 -0.283811 -0.608924 -0.936944 0.305352 0.16999 -0.234687 0.244016 0.223386 0.943692 0.382431 
1535134776465 0.249888 0.925826 -0.283554 -0.60872 -0.937023 0.305022 0.170148 -0.234391 0.244018 0.223179 0.943741 0.38253 
1535134776659 0.250158 0.925864 -0.283192 -0.608091 -0.936765 0.305382 0.170921 -0.234088 0.244731 0.222528 0.94371 0.382701 
1535134776787 0.250751 0.925726 -0.283118 -0.607699 -0.936581 0.305957 0.170897 -0.234165 0.244826 0.222311 0.943736 0.382705 
1535134776900 0.250566 0.925891 -0.28274 -0.607451 -0.936603 0.305736 0.171173 -0.233831 0.244931 0.221925 0.9438 0.38282 
1535134777012 0.250864 0.925866 -0.282559 -0.607126 -0.936476 0.30603 0.171341 -0.233743 0.245111 0.221626 0.943823 0.382925 
1535134777135 0.251154 0.925819 -0.282453 -0.606796 -0.936345 0.306336 0.171514 -0.233671 0.245317 0.221397 0.943824 0.383013 
1535134777245 0.251175 0.925925 -0.282089 -0.606482 -0.936311 0.306313 0.171736 -0.233507 0.245422 0.220987 0.943892 0.383147 
1535134777266 0.251157 0.925954 -0.28201 -0.606433 -0.936307 0.306289 0.1718 -0.23343 0.245455 0.220899 0.943904 0.383173 
1535134777283 0.251143 0.925977 -0.281946 -0.606389 -0.936308 0.306266 0.171836 -0.233378 0.245467 0.220833 0.943917 0.38319 
1535134777408 0.251261 0.925967 -0.281875 -0.606196 -0.936261 0.30638 0.171891 -0.233319 0.245526 0.220719 0.943928 0.383152 
1535134777502 0.251121 0.926135 -0.281446 -0.605881 -0.936319 0.306148 0.171989 -0.233208 0.245449 0.220333 0.944038 0.383256 
1535134777612 0.251395 0.926178 -0.281061 -0.60555 -0.93624 0.306344 0.172071 -0.233155 0.24547 0.219883 0.944138 0.383321 
1535134777712 0.251433 0.926291 -0.280655 -0.605242 -0.936233 0.306301 0.172184 -0.23304 0.245458 0.219466 0.944238 0.383406 
1535134777809 0.251163 0.92646 -0.280337 -0.604997 -0.936314 0.305977 0.17232 -0.232788 0.245424 0.219203 0.944308 0.383461 
1535134777910 0.251494 0.92644 -0.280108 -0.60465 -0.936246 0.306232 0.172237 -0.23281 0.245345 0.218933 0.944391 0.383472 
1535134778009 0.251544 0.926512 -0.279824 -0.604343 -0.93624 0.306221 0.172292 -0.232707 0.245318 0.218644 0.944465 0.383506 
1535134778117 0.25165 0.926573 -0.279526 -0.604034 -0.936208 0.306269 0.172378 -0.23262 0.245331 0.218315 0.944538 0.383553 
1535134778142 0.251678 0.926591 -0.279441 -0.603963 -0.936197 0.306282 0.172411 -0.232578 0.245342 0.21822 0.944557 0.383569 
1535134778157 0.251643 0.926627 -0.279354 -0.603907 -0.936203 0.306237 0.172463 -0.232517 0.245357 0.218133 0.944573 0.383586 
1535134778292 0.251819 0.926666 -0.279064 -0.603792 -0.936158 0.306349 0.172509 -0.232441 0.245349 0.217807 0.94465 0.383566 
1535134778354 0.251964 0.926908 -0.27813 -0.603572 -0.936244 0.306203 0.172299 -0.232262 0.244869 0.216984 0.944964 0.383563 
1535134778406 0.252085 0.927053 -0.277536 -0.603373 -0.936295 0.306134 0.172146 -0.232138 0.244552 0.21646 0.945166 0.383555 
1535134778473 0.252209 0.927181 -0.276995 -0.603148 -0.936343 0.30608 0.171977 -0.232079 0.244237 0.215988 0.945356 0.383556 
1535134778539 0.252582 0.927219 -0.276528 -0.602931 -0.936306 0.306294 0.171801 -0.232032 0.243996 0.215521 0.945525 0.383523 
1535134778600 0.252663 0.927413 -0.275801 -0.602726 -0.936351 0.306178 0.17176 -0.231856 0.243736 0.21485 0.945744 0.383556 
1535134778659 0.252703 0.927568 -0.275243 -0.602543 -0.936385 0.306073 0.171762 -0.231694 0.243565 0.214329 0.945906 0.383588 
1535134778679 0.252749 0.927593 -0.275118 -0.602488 -0.936385 0.306084 0.171745 -0.23165 0.243518 0.214208 0.945946 0.383585 
1535134778695 0.252831 0.927602 -0.275011 -0.602441 -0.936376 0.30613 0.17171 -0.231628 0.243467 0.2141 0.945984 0.383576 
1535134778712 0.252913 0.927614 -0.274896 -0.602388 -0.936373 0.306171 0.171655 -0.231619 0.243394 0.213992 0.946027 0.383561 
1535134778783 0.25303 0.927708 -0.274469 -0.602246 -0.936393 0.306158 0.171567 -0.231558 0.243195 0.213599 0.946167 0.383557 
1535134778840 0.253069 0.927866 -0.273898 -0.602209 -0.936449 0.306032 0.171489 -0.231455 0.24294 0.213093 0.946346 0.38357 
1535134778943 0.25351 0.928109 -0.272664 -0.602023 -0.936571 0.306014 0.170849 -0.23127 0.242005 0.212057 0.946818 0.383531 
1535134778983 0.253706 0.928251 -0.271997 -0.601875 -0.936628 0.305983 0.170592 -0.23119 0.241579 0.21148 0.947056 0.383527 
1535134779042 0.253912 0.928378 -0.271372 -0.601734 -0.93667 0.30598 0.17037 -0.231063 0.241202 0.210927 0.947276 0.383466 
1535134779085 0.254248 0.928443 -0.270836 -0.601637 -0.936642 0.306148 0.17022 -0.231025 0.240955 0.210399 0.947456 0.383461 
1535134779105 0.254365 0.928463 -0.270658 -0.601602 -0.936635 0.306206 0.170155 -0.231002 0.24086 0.210226 0.947519 0.383452 
1535134779121 0.254457 0.928497 -0.270452 -0.601556 -0.936641 0.30623 0.17008 -0.230967 0.240739 0.210038 0.947591 0.38344 
1535134779241 0.254715 0.928694 -0.269532 -0.601398 -0.936703 0.306193 0.169806 -0.230889 0.240227 0.209219 0.947902 0.38338 
1535134779322 0.254823 0.928704 -0.269395 -0.601584 -0.936656 0.306287 0.169895 -0.231055 0.240295 0.209037 0.947925 0.383257 
1535134779418 0.254593 0.92904 -0.268454 -0.601595 -0.936751 0.305866 0.170127 -0.230808 0.240166 0.208161 0.94815 0.383272 
1535134779489 0.25486 0.929194 -0.267665 -0.601555 -0.936731 0.305932 0.170121 -0.230828 0.239962 0.207374 0.948375 0.383243 
1535134779584 0.255264 0.929258 -0.267059 -0.60154 -0.936709 0.306133 0.169878 -0.230915 0.239616 0.206792 0.948589 0.383056 
1535134779648 0.255346 0.92947 -0.266241 -0.601504 -0.936767 0.305992 0.169814 -0.230824 0.239305 0.206045 0.94883 0.382964 
1535134779748 0.255408 0.929687 -0.265424 -0.601496 -0.936839 0.305826 0.169713 -0.230721 0.238954 0.205314 0.949077 0.382874 
1535134779820 0.255571 0.929858 -0.264665 -0.601501 -0.93688 0.305771 0.169589 -0.230668 0.23862 0.204617 0.949311 0.382801 
1535134779857 0.255586 0.929905 -0.264486 -0.601527 -0.936899 0.305733 0.169554 -0.230626 0.238531 0.204461 0.949367 0.382767 
1535134780801 0.25029 0.929357 -0.271388 -0.587422 -0.937794 0.302383 0.17061 -0.223859 0.24062 0.211804 0.947228 0.392768 
1535134781741 0.245525 0.928473 -0.278666 -0.573123 -0.93864 0.299532 0.170984 -0.217201 0.242223 0.219586 0.945045 0.402856 
1535134782676 0.240821 0.927495 -0.285932 -0.558754 -0.939488 0.296721 0.171225 -0.210618 0.243653 0.227395 0.942828 0.41299 
1535134783599 0.236324 0.926366 -0.293252 -0.544438 -0.940243 0.294157 0.171508 -0.204095 0.245142 0.235197 0.940525 0.423052 
1535134784451 0.231497 0.925299 -0.300386 -0.530127 -0.941033 0.291292 0.172064 -0.197449 0.24671 0.242841 0.93817 0.433253 
1535134785314 0.226802 0.924039 -0.307753 -0.515806 -0.941813 0.288574 0.172374 -0.190881 0.24809 0.250751 0.935722 0.443301 
1535134785351 0.227436 0.923869 -0.307795 -0.515528 -0.941747 0.289094 0.171861 -0.191128 0.247759 0.250778 0.935802 0.443524 
1535134785893 0.224381 0.923765 -0.31034 -0.510384 -0.942196 0.286967 0.172967 -0.188069 0.248838 0.253591 0.934757 0.447145 
1535134786415 0.222522 0.92323 -0.313256 -0.504607 -0.94251 0.285884 0.173048 -0.185445 0.249318 0.25674 0.933769 0.451183 
1535134786927 0.220812 0.922668 -0.316112 -0.498833 -0.942809 0.284911 0.173023 -0.182898 0.249707 0.259827 0.932811 0.455255 
1535134787444 0.218887 0.922108 -0.31907 -0.493079 -0.943089 0.283826 0.17328 -0.180258 0.250343 0.262983 0.931756 0.459335 
1535134788006 0.217194 0.921512 -0.321936 -0.487315 -0.943332 0.282925 0.173429 -0.177673 0.250901 0.266025 0.930741 0.463437 
