1535161124501 0.220546 0.925324 -0.308438 -0.519941 -0.942901 0.283183 0.175344 -0.188608 0.249594 0.252155 0.934944 0.438874 
1535161135779 0.220546 0.925325 -0.308435 -0.519941 -0.942901 0.283182 0.175345 -0.188607 0.249595 0.252152 0.934945 0.438876 
1535161136813 0.220546 0.925325 -0.308435 -0.519941 -0.942901 0.283182 0.175345 -0.188607 0.249595 0.252152 0.934945 0.438876 
1535161137497 0.227316 0.925226 -0.303783 -0.542693 -0.941559 0.288448 0.173967 -0.199576 0.248585 0.246484 0.936724 0.426764 
1535161138608 0.236483 0.925276 -0.296548 -0.577249 -0.939884 0.295226 0.17164 -0.216104 0.246363 0.238131 0.939467 0.407682 
1535161139593 0.241855 0.9254 -0.291788 -0.600366 -0.938886 0.299103 0.170382 -0.2268 0.244947 0.232748 0.941185 0.39486 
1535161140246 0.241855 0.9254 -0.291788 -0.600366 -0.938886 0.299103 0.170382 -0.2268 0.244947 0.232748 0.941185 0.39486 
1535161140901 0.247647 0.925375 -0.28697 -0.623461 -0.937731 0.303405 0.169136 -0.237738 0.243583 0.227214 0.94289 0.381808 
1535161141499 0.249169 0.925097 -0.286548 -0.62543 -0.937327 0.30478 0.1689 -0.238987 0.243583 0.226504 0.94306 0.380967 
1535161141993 0.249814 0.925056 -0.286119 -0.627735 -0.937211 0.305265 0.168668 -0.240212 0.24337 0.226018 0.943232 0.379642 
1535161142564 0.250163 0.92525 -0.285185 -0.631353 -0.937162 0.305387 0.168719 -0.241633 0.243199 0.225057 0.943506 0.377615 
1535161142929 0.250524 0.925265 -0.284821 -0.633695 -0.937114 0.30562 0.168562 -0.242728 0.243012 0.224681 0.943644 0.37619 
1535161142957 0.249904 0.925493 -0.284623 -0.633938 -0.937334 0.304942 0.168568 -0.242595 0.242802 0.224661 0.943703 0.375869 
1535161143249 0.249912 0.925055 -0.286038 -0.634062 -0.937146 0.30538 0.168823 -0.242773 0.243521 0.225868 0.943229 0.376113 
1535161143636 0.247263 0.924123 -0.291304 -0.63501 -0.937375 0.30426 0.169568 -0.243785 0.245334 0.231134 0.941482 0.376284 
1535161143967 0.246046 0.923761 -0.293474 -0.635472 -0.937463 0.30372 0.170051 -0.244045 0.24622 0.233281 0.940721 0.376277 
1535161143990 0.245649 0.923549 -0.294473 -0.635738 -0.937436 0.30365 0.170325 -0.244219 0.24672 0.23421 0.940359 0.376401 
1535161144003 0.245649 0.923549 -0.294473 -0.635738 -0.937436 0.30365 0.170325 -0.244219 0.24672 0.23421 0.940359 0.376401 
1535161144266 0.244399 0.924133 -0.293678 -0.635549 -0.937751 0.302325 0.170946 -0.244213 0.246763 0.233618 0.940495 0.376347 
1535161144554 0.244098 0.924246 -0.293572 -0.635519 -0.937645 0.302193 0.171757 -0.24456 0.247461 0.233341 0.94038 0.376558 
1535161144791 0.241642 0.924892 -0.29357 -0.635568 -0.938148 0.299981 0.172886 -0.244755 0.247966 0.233635 0.940174 0.376651 
1535161144971 0.239953 0.925326 -0.293587 -0.635633 -0.938322 0.298622 0.174289 -0.24515 0.248946 0.233658 0.93991 0.37686 
1535161145407 0.237998 0.926799 -0.290519 -0.635363 -0.939031 0.295985 0.174968 -0.245561 0.24815 0.231164 0.940736 0.376867 
1535161145434 0.237575 0.927012 -0.290183 -0.635341 -0.939165 0.295495 0.175078 -0.245632 0.248047 0.230936 0.940819 0.376873 
1535161145587 0.237575 0.927012 -0.290183 -0.635341 -0.939165 0.295495 0.175078 -0.245632 0.248047 0.230936 0.940819 0.376873 
1535161145761 0.238461 0.926833 -0.29003 -0.635279 -0.939079 0.296179 0.174378 -0.245489 0.24752 0.230779 0.940997 0.376829 
1535161145959 0.240504 0.926852 -0.288276 -0.635034 -0.939033 0.297354 0.172621 -0.245433 0.245714 0.229185 0.941859 0.376688 
1535161146217 0.241298 0.926915 -0.28741 -0.634892 -0.939088 0.297708 0.171708 -0.245304 0.244723 0.22847 0.942291 0.376684 
1535161146243 0.241298 0.926915 -0.28741 -0.634892 -0.939088 0.297708 0.171708 -0.245304 0.244723 0.22847 0.942291 0.376684 
1535161146435 0.242102 0.926938 -0.286658 -0.634773 -0.939133 0.298101 0.170779 -0.245256 0.243755 0.227864 0.942689 0.376551 
1535161146666 0.243026 0.926518 -0.287232 -0.634476 -0.938768 0.299205 0.170851 -0.245024 0.244238 0.228123 0.942501 0.376714 
1535161146885 0.244478 0.92617 -0.287123 -0.634023 -0.938521 0.300448 0.170026 -0.244775 0.243738 0.227903 0.942683 0.376919 
1535161147096 0.245875 0.925852 -0.286956 -0.633663 -0.938281 0.301633 0.169252 -0.244462 0.243258 0.227631 0.942873 0.377013 
1535161147170 0.245875 0.925852 -0.286956 -0.633663 -0.938281 0.301633 0.169252 -0.244462 0.243258 0.227631 0.942873 0.377013 
1535161147243 0.24761 0.925434 -0.286811 -0.633183 -0.937991 0.303106 0.168223 -0.244305 0.242614 0.227372 0.943102 0.377127 
1535161147553 0.247833 0.925391 -0.286759 -0.632755 -0.938029 0.303218 0.167811 -0.244068 0.242241 0.227399 0.943191 0.377173 
1535161147925 0.248122 0.925349 -0.286645 -0.632112 -0.938002 0.303427 0.167584 -0.243717 0.242049 0.227293 0.943266 0.377423 
1535161148229 0.248995 0.925199 -0.286371 -0.630833 -0.937904 0.304086 0.166937 -0.243048 0.241531 0.227022 0.943464 0.377861 
1535161148551 0.249432 0.925064 -0.286426 -0.630513 -0.937771 0.304529 0.166879 -0.24295 0.241599 0.226977 0.943457 0.37802 
1535161148578 0.249432 0.925064 -0.286426 -0.630513 -0.937771 0.304529 0.166879 -0.24295 0.241599 0.226977 0.943457 0.37802 
1535161148874 0.24916 0.925048 -0.286717 -0.6297 -0.937749 0.30441 0.167219 -0.24253 0.241965 0.227204 0.943309 0.378262 
1535161149259 0.249165 0.924989 -0.286899 -0.629245 -0.937616 0.304571 0.167668 -0.242413 0.242472 0.227224 0.943173 0.378427 
1535161149600 0.248966 0.924904 -0.287347 -0.627717 -0.937436 0.30468 0.168474 -0.241888 0.243371 0.227425 0.942894 0.378878 
1535161149920 0.249061 0.924713 -0.287881 -0.626703 -0.937185 0.305079 0.169147 -0.241547 0.244238 0.22767 0.94261 0.379147 
1535161149964 0.249379 0.924539 -0.288164 -0.626154 -0.936961 0.305564 0.169514 -0.241512 0.244775 0.227725 0.942458 0.379306 
1535161150278 0.248878 0.924627 -0.288313 -0.625022 -0.936792 0.305394 0.17075 -0.241042 0.245929 0.227593 0.942189 0.379544 
1535161150645 0.24887 0.924577 -0.288479 -0.624575 -0.936542 0.30565 0.171657 -0.240861 0.246884 0.227453 0.941973 0.379778 
1535161150927 0.248453 0.924683 -0.288499 -0.623667 -0.936419 0.305471 0.172646 -0.240449 0.247771 0.227262 0.941786 0.380008 
1535161151229 0.248238 0.924678 -0.2887 -0.62276 -0.936153 0.3056 0.173859 -0.240092 0.24899 0.227108 0.941502 0.380247 
1535161151329 0.248336 0.924567 -0.288971 -0.622105 -0.93588 0.305969 0.174676 -0.239948 0.249916 0.227064 0.941267 0.380465 
1535161151352 0.248354 0.924565 -0.288962 -0.6221 -0.935866 0.305993 0.174708 -0.239957 0.249949 0.22704 0.941264 0.38048 
1535161151586 0.248349 0.92456 -0.288984 -0.621747 -0.935834 0.306022 0.174828 -0.239797 0.250074 0.227023 0.941235 0.380546 
1535161151839 0.248205 0.92452 -0.289235 -0.621254 -0.93586 0.305944 0.174826 -0.239471 0.25012 0.227291 0.941158 0.380702 
1535161152054 0.248205 0.92452 -0.289235 -0.621254 -0.93586 0.305944 0.174826 -0.239471 0.25012 0.227291 0.941158 0.380702 
1535161152204 0.248129 0.924482 -0.289422 -0.620424 -0.935873 0.305913 0.17481 -0.239087 0.250146 0.227487 0.941104 0.380918 
1535161152462 0.248176 0.924444 -0.289501 -0.619704 -0.935842 0.305991 0.174844 -0.238786 0.250218 0.227535 0.941073 0.381204 
1535161152869 0.248217 0.92399 -0.290914 -0.618714 -0.935543 0.306559 0.175446 -0.238327 0.251293 0.228613 0.940525 0.381591 
1535161153194 0.248548 0.923604 -0.291857 -0.617985 -0.935191 0.307293 0.176037 -0.238134 0.252274 0.229188 0.940123 0.381849 
1535161153380 0.248524 0.923544 -0.292065 -0.617763 -0.935143 0.307359 0.176174 -0.238097 0.252474 0.22934 0.940032 0.381993 
1535161153745 0.249184 0.923317 -0.292222 -0.616932 -0.935076 0.307918 0.175553 -0.237544 0.252071 0.229505 0.9401 0.382142 
1535161154065 0.249721 0.923111 -0.292413 -0.616322 -0.934972 0.30843 0.175208 -0.237322 0.251926 0.229645 0.940105 0.382312 
1535161154233 0.249562 0.923154 -0.292413 -0.616138 -0.93505 0.308247 0.175117 -0.237203 0.251795 0.229718 0.940122 0.382372 
1535161154541 0.249637 0.922829 -0.293373 -0.615509 -0.935036 0.308494 0.174755 -0.236921 0.251773 0.230689 0.93989 0.38264 
1535161154813 0.249438 0.922774 -0.293717 -0.614984 -0.935099 0.308361 0.174653 -0.236654 0.251736 0.231089 0.939802 0.382875 
1535161154840 0.249438 0.922774 -0.293717 -0.614984 -0.935099 0.308361 0.174653 -0.236654 0.251736 0.231089 0.939802 0.382875 
1535161154857 0.24991 0.922506 -0.294155 -0.614757 -0.934995 0.308873 0.174306 -0.236784 0.251655 0.231473 0.939729 0.382957 
1535161155093 0.24991 0.922506 -0.294155 -0.614757 -0.934995 0.308873 0.174306 -0.236784 0.251655 0.231473 0.939729 0.382957 
1535161155151 0.249447 0.922725 -0.293863 -0.614255 -0.935086 0.308407 0.174641 -0.236219 0.251775 0.231224 0.939758 0.383095 
1535161155311 0.249447 0.922725 -0.293863 -0.614255 -0.935086 0.308407 0.174641 -0.236219 0.251775 0.231224 0.939758 0.383095 
1535161155357 0.249447 0.922725 -0.293863 -0.614255 -0.935086 0.308407 0.174641 -0.236219 0.251775 0.231224 0.939758 0.383095 
1535161155515 0.249698 0.922601 -0.294037 -0.613521 -0.934982 0.308712 0.174657 -0.235908 0.251911 0.231308 0.939701 0.383285 
1535161155629 0.250297 0.922367 -0.294263 -0.612909 -0.93479 0.309355 0.174551 -0.235812 0.252031 0.231384 0.93965 0.383483 
1535161155651 0.250268 0.922368 -0.294286 -0.61284 -0.93479 0.309338 0.174578 -0.235772 0.252059 0.231404 0.939637 0.383505 
1535161155794 0.250268 0.922368 -0.294286 -0.61284 -0.93479 0.309338 0.174578 -0.235772 0.252059 0.231404 0.939637 0.383505 
1535161155824 0.250268 0.922368 -0.294286 -0.61284 -0.93479 0.309338 0.174578 -0.235772 0.252059 0.231404 0.939637 0.383505 
1535161155943 0.250553 0.922551 -0.293467 -0.612347 -0.934744 0.309427 0.174668 -0.235499 0.251947 0.230553 0.939877 0.383598 
1535161156036 0.250553 0.922551 -0.293467 -0.612347 -0.934744 0.309427 0.174668 -0.235499 0.251947 0.230553 0.939877 0.383598 
1535161156286 0.251083 0.922887 -0.291953 -0.611145 -0.934687 0.309567 0.174723 -0.235087 0.251629 0.229014 0.940338 0.383911 
1535161156571 0.250954 0.92298 -0.291771 -0.610934 -0.934686 0.309442 0.174951 -0.234788 0.251762 0.22881 0.940352 0.383978 
1535161156772 0.2516 0.922576 -0.292491 -0.609895 -0.934255 0.310427 0.175506 -0.234498 0.252715 0.229104 0.940025 0.384236 
1535161156969 0.252086 0.922435 -0.292517 -0.609156 -0.933958 0.311044 0.175992 -0.234291 0.253327 0.228833 0.939926 0.384461 
1535161157041 0.252086 0.922435 -0.292517 -0.609156 -0.933958 0.311044 0.175992 -0.234291 0.253327 0.228833 0.939926 0.384461 
1535161157168 0.252518 0.922294 -0.292591 -0.608371 -0.933647 0.311645 0.176581 -0.234 0.254044 0.228586 0.939792 0.38475 
1535161157455 0.252888 0.92222 -0.292501 -0.608023 -0.933468 0.312051 0.176809 -0.233705 0.254332 0.228328 0.939777 0.38482 
1535161157764 0.253201 0.922336 -0.291865 -0.607569 -0.933482 0.312139 0.17658 -0.233606 0.253969 0.22774 0.940018 0.384926 
1535161158088 0.253544 0.922443 -0.29123 -0.606497 -0.933456 0.312283 0.176463 -0.232908 0.253723 0.227109 0.940237 0.385054 
1535161158372 0.254888 0.922365 -0.290302 -0.605288 -0.933107 0.31337 0.176381 -0.232572 0.25366 0.225926 0.940539 0.385335 
1535161158403 0.254888 0.922365 -0.290302 -0.605288 -0.933107 0.31337 0.176381 -0.232572 0.25366 0.225926 0.940539 0.385335 
1535161158422 0.254964 0.922388 -0.290162 -0.60502 -0.933098 0.313406 0.176368 -0.2325 0.253618 0.225782 0.940585 0.385379 
1535161158596 0.254964 0.922388 -0.290162 -0.60502 -0.933098 0.313406 0.176368 -0.2325 0.253618 0.225782 0.940585 0.385379 
1535161158761 0.254572 0.922669 -0.289612 -0.604802 -0.93324 0.312895 0.176521 -0.232231 0.253488 0.22534 0.940726 0.385441 
1535161158870 0.254468 0.923097 -0.288336 -0.603997 -0.933379 0.312454 0.176567 -0.231819 0.253081 0.224196 0.941109 0.385578 
1535161159022 0.254468 0.923097 -0.288336 -0.603997 -0.933379 0.312454 0.176567 -0.231819 0.253081 0.224196 0.941109 0.385578 
1535161159071 0.254486 0.923383 -0.287402 -0.603412 -0.933452 0.312224 0.176588 -0.231633 0.252792 0.223337 0.941391 0.385663 
1535161159307 0.25449 0.923729 -0.286285 -0.602824 -0.933559 0.311919 0.176564 -0.231367 0.252396 0.22233 0.941735 0.385763 
1535161159633 0.254634 0.924442 -0.283844 -0.602158 -0.933764 0.311376 0.176437 -0.230885 0.251488 0.220116 0.942498 0.385677 
1535161159922 0.254898 0.924746 -0.282616 -0.601735 -0.933757 0.311336 0.176542 -0.230684 0.251245 0.218894 0.942847 0.38571 
1535161159943 0.254898 0.924746 -0.282616 -0.601735 -0.933757 0.311336 0.176542 -0.230684 0.251245 0.218894 0.942847 0.38571 
1535161160005 0.254898 0.924746 -0.282616 -0.601735 -0.933757 0.311336 0.176542 -0.230684 0.251245 0.218894 0.942847 0.38571 
1535161160225 0.255256 0.92495 -0.281624 -0.601354 -0.933769 0.311393 0.176381 -0.230607 0.250839 0.21795 0.943174 0.385693 
1535161160505 0.256024 0.925575 -0.27886 -0.601354 -0.933812 0.31138 0.176174 -0.230433 0.249894 0.215298 0.944034 0.385535 
1535161160830 0.257001 0.926148 -0.276045 -0.60103 -0.933781 0.311576 0.175995 -0.230268 0.249006 0.212535 0.944894 0.385318 
1535161161097 0.257162 0.926392 -0.275074 -0.600936 -0.933882 0.311421 0.175732 -0.230193 0.248461 0.211695 0.945226 0.385234 
1535161161124 0.257568 0.926572 -0.274086 -0.600848 -0.933857 0.311548 0.17564 -0.230089 0.248134 0.210718 0.94553 0.385142 
1535161161283 0.257571 0.926573 -0.274079 -0.600847 -0.933857 0.311549 0.175638 -0.230089 0.24813 0.210711 0.945533 0.385143 
1535161161611 0.25851 0.926957 -0.271889 -0.600959 -0.934012 0.311683 0.174574 -0.230052 0.246566 0.208819 0.946361 0.38496 
1535161161916 0.259498 0.927293 -0.269794 -0.600953 -0.934074 0.31195 0.173758 -0.23006 0.245287 0.206917 0.947111 0.384854 
1535161161956 0.259498 0.927293 -0.269794 -0.600953 -0.934074 0.31195 0.173758 -0.23006 0.245287 0.206917 0.947111 0.384854 
1535161162110 0.25981 0.927508 -0.268753 -0.600958 -0.934098 0.311962 0.173614 -0.229988 0.244869 0.205935 0.947433 0.384782 
1535161162213 0.25981 0.927508 -0.268753 -0.600958 -0.934098 0.311962 0.173614 -0.229988 0.244869 0.205935 0.947433 0.384782 
1535161162288 0.25981 0.927508 -0.268753 -0.600958 -0.934098 0.311962 0.173614 -0.229988 0.244869 0.205935 0.947433 0.384782 
1535161162339 0.25981 0.927508 -0.268753 -0.600958 -0.934098 0.311962 0.173614 -0.229988 0.244869 0.205935 0.947433 0.384782 
1535161162417 0.25981 0.927508 -0.268753 -0.600958 -0.934098 0.311962 0.173614 -0.229988 0.244869 0.205935 0.947433 0.384782 
1535161162466 0.25981 0.927508 -0.268753 -0.600958 -0.934098 0.311962 0.173614 -0.229988 0.244869 0.205935 0.947433 0.384782 
1535161162610 0.25981 0.927508 -0.268753 -0.600958 -0.934098 0.311962 0.173614 -0.229988 0.244869 0.205935 0.947433 0.384782 
1535161175736 0.214003 0.91947 -0.329816 -0.472338 -0.943667 0.281831 0.173392 -0.17143 0.252381 0.27413 0.927985 0.474244 
1535161177145 0.214003 0.919469 -0.329816 -0.472338 -0.943666 0.281831 0.173392 -0.171431 0.252381 0.27413 0.927985 0.474244 
1535161177164 0.214008 0.919468 -0.329817 -0.472338 -0.943665 0.281836 0.173391 -0.171431 0.252381 0.27413 0.927985 0.474244 
1535161177517 0.214008 0.919468 -0.329817 -0.472338 -0.943665 0.281836 0.17339 -0.171431 0.252381 0.27413 0.927985 0.474244 
1535161177767 0.214009 0.919468 -0.329817 -0.472338 -0.943665 0.281837 0.17339 -0.171431 0.252381 0.27413 0.927985 0.474244 
1535161178169 0.214009 0.919468 -0.329817 -0.472338 -0.943665 0.281837 0.17339 -0.171431 0.252381 0.27413 0.927985 0.474244 
1535161178510 0.21401 0.919467 -0.329818 -0.472338 -0.943665 0.281838 0.17339 -0.171431 0.252381 0.27413 0.927985 0.474244 
1535161178992 0.21401 0.919467 -0.329818 -0.472338 -0.943665 0.281838 0.17339 -0.171431 0.252381 0.27413 0.927985 0.474244 
1535161179422 0.21401 0.919467 -0.329818 -0.472338 -0.943665 0.281839 0.17339 -0.171431 0.252382 0.274131 0.927985 0.474244 
1535161179988 0.214011 0.919467 -0.329818 -0.472338 -0.943665 0.281839 0.17339 -0.171431 0.252382 0.274131 0.927985 0.474244 
1535161180361 0.214011 0.919467 -0.329819 -0.472338 -0.943665 0.281839 0.17339 -0.171431 0.252382 0.274131 0.927985 0.474244 
1535161181119 0.214011 0.919467 -0.329818 -0.472338 -0.943664 0.281839 0.17339 -0.171431 0.252382 0.274131 0.927985 0.474245 
1535161181627 0.214012 0.919466 -0.329819 -0.472339 -0.943664 0.28184 0.173389 -0.171432 0.252382 0.274131 0.927985 0.474244 
1535161182158 0.214012 0.919466 -0.329819 -0.472339 -0.943664 0.281841 0.173389 -0.171432 0.252382 0.274131 0.927985 0.474244 
1535161182578 0.214012 0.919466 -0.329819 -0.472339 -0.943664 0.281841 0.173389 -0.171432 0.252382 0.274131 0.927985 0.474244 
1535161183007 0.214013 0.919466 -0.329819 -0.472338 -0.943664 0.281841 0.173389 -0.171432 0.252382 0.274131 0.927985 0.474245 
1535161183421 0.214013 0.919466 -0.329819 -0.472339 -0.943664 0.281841 0.173389 -0.171432 0.252382 0.274131 0.927985 0.474244 
1535161184213 0.214013 0.919466 -0.32982 -0.472339 -0.943664 0.281842 0.173389 -0.171432 0.252382 0.274131 0.927985 0.474244 
1535161184700 0.214014 0.919466 -0.329819 -0.472339 -0.943664 0.281842 0.173389 -0.171432 0.252382 0.274131 0.927985 0.474245 
1535161185003 0.214014 0.919465 -0.32982 -0.472339 -0.943664 0.281842 0.173388 -0.171432 0.252382 0.274132 0.927984 0.474244 
1535161185742 0.214014 0.919465 -0.32982 -0.472339 -0.943664 0.281842 0.173388 -0.171432 0.252382 0.274132 0.927984 0.474244 
