1533739910660 0.265697 0.859408 -0.436832 -0.521076 -0.948385 0.314374 0.0416461 -0.189181 0.17312 0.403219 0.898579 0.369362 
1533739916685 0.265696 0.859411 -0.436827 -0.521075 -0.948386 0.314373 0.0416475 -0.18918 0.173119 0.403215 0.898581 0.369364 
1533739917902 0.248014 0.837343 -0.487181 -0.531164 -0.949175 0.310638 0.0507043 -0.189715 0.193794 0.449844 0.871828 0.377503 
1533739918915 0.230233 0.812224 -0.53599 -0.541162 -0.949214 0.308812 0.0602333 -0.190348 0.214443 0.494901 0.842073 0.385326 
1533739919928 0.210685 0.78443 -0.583336 -0.55137 -0.949302 0.306602 0.069435 -0.190941 0.233319 0.539133 0.809258 0.393251 
1533739920811 0.19006 0.754197 -0.628541 -0.561486 -0.949273 0.304531 0.0783678 -0.191559 0.250515 0.581763 0.773818 0.401146 
1533739921710 0.168623 0.721517 -0.67155 -0.571702 -0.948804 0.303428 0.0877637 -0.192176 0.26709 0.622371 0.735743 0.409155 
1533739922686 0.1462 0.686665 -0.712121 -0.58193 -0.948099 0.302735 0.0972665 -0.192761 0.282373 0.660941 0.695286 0.417285 
1533739923721 0.123102 0.649785 -0.750084 -0.592107 -0.947153 0.302539 0.10664 -0.193436 0.296222 0.697316 0.652689 0.425422 
1533739924816 0.0993703 0.610993 -0.785374 -0.602256 -0.94596 0.302855 0.115922 -0.194235 0.308682 0.731414 0.60807 0.433658 
1533739925773 0.0738564 0.571778 -0.817077 -0.614505 -0.944389 0.303351 0.126916 -0.198105 0.32043 0.762265 0.562385 0.440071 
1533739925821 0.0732732 0.570957 -0.817703 -0.614796 -0.944157 0.303813 0.127531 -0.19798 0.321244 0.762696 0.561335 0.439912 
1533739926231 0.0715619 0.567711 -0.820112 -0.61526 -0.94443 0.303036 0.127363 -0.19792 0.320829 0.765423 0.557849 0.440931 
1533739926643 0.0691151 0.563212 -0.823417 -0.616064 -0.944233 0.303296 0.128197 -0.19763 0.321941 0.768637 0.552766 0.4419 
1533739927053 0.0667174 0.558777 -0.82663 -0.616908 -0.944111 0.303388 0.128882 -0.19736 0.322806 0.771831 0.547789 0.442898 
1533739927459 0.0642662 0.55436 -0.829792 -0.617753 -0.943875 0.303726 0.129809 -0.197048 0.323991 0.774877 0.542766 0.444 
1533739927869 0.06169 0.54981 -0.833009 -0.618583 -0.943651 0.304009 0.13077 -0.196676 0.325141 0.778003 0.537583 0.444952 
1533739928279 0.0593557 0.545189 -0.836209 -0.619415 -0.943453 0.304331 0.131448 -0.19647 0.326148 0.781122 0.532424 0.445929 
1533739928682 0.0569051 0.540667 -0.83931 -0.620239 -0.943239 0.304631 0.132286 -0.196156 0.327203 0.784142 0.527314 0.446921 
1533739929090 0.0540412 0.536028 -0.842469 -0.621109 -0.94308 0.304662 0.133349 -0.195733 0.328147 0.787309 0.521981 0.447844 
1533739929496 0.0518654 0.531393 -0.845536 -0.621946 -0.942794 0.305256 0.134012 -0.195554 0.329318 0.790216 0.516826 0.448867 
1533739929530 0.0518005 0.531083 -0.845735 -0.62202 -0.942671 0.305575 0.134149 -0.195519 0.32968 0.790301 0.516465 0.448913 
1533739929701 0.0524389 0.531599 -0.845372 -0.62202 -0.942513 0.306112 0.134029 -0.195479 0.330028 0.789746 0.517091 0.448761 
1533739929857 0.0534159 0.532405 -0.844803 -0.621956 -0.942463 0.306476 0.133554 -0.195529 0.330016 0.789061 0.518143 0.448628 
1533739930014 0.0543284 0.533093 -0.844311 -0.62197 -0.942231 0.307265 0.133376 -0.195406 0.330529 0.788289 0.51899 0.448409 
1533739930241 0.0561329 0.534519 -0.84329 -0.621981 -0.941741 0.308882 0.133098 -0.19521 0.331621 0.78669 0.520717 0.448104 
1533739930399 0.0571824 0.535309 -0.842719 -0.622025 -0.941564 0.30957 0.132754 -0.195112 0.331944 0.785883 0.521729 0.447933 
1533739930551 0.0583344 0.536006 -0.842197 -0.622001 -0.941315 0.310477 0.1324 -0.19513 0.33245 0.785049 0.522662 0.447808 
1533739930706 0.0590551 0.536653 -0.841734 -0.622074 -0.941139 0.311059 0.132289 -0.194935 0.332822 0.784376 0.523434 0.447527 
1533739930936 0.0602492 0.537396 -0.841175 -0.622043 -0.940824 0.312124 0.132019 -0.194928 0.333498 0.783443 0.524401 0.447414 
1533739930959 0.0605966 0.537575 -0.841036 -0.622036 -0.940768 0.312355 0.131869 -0.194945 0.333591 0.783229 0.524661 0.447371 
1533739930976 0.0607806 0.537647 -0.840976 -0.622048 -0.940736 0.312487 0.131787 -0.194955 0.333649 0.783127 0.524777 0.447321 
1533739931148 0.0620091 0.537933 -0.840704 -0.62209 -0.940621 0.313163 0.131002 -0.194962 0.333748 0.78266 0.52541 0.447317 
1533739931161 0.0621548 0.537992 -0.840656 -0.622094 -0.940621 0.313207 0.130897 -0.194954 0.333721 0.782602 0.525513 0.447319 
1533739931292 0.0628946 0.53822 -0.840454 -0.62214 -0.94052 0.313677 0.130493 -0.19487 0.333865 0.782257 0.525935 0.447289 
