1534336172284 0.101821 0.866976 -0.487837 -0.512532 -0.962486 0.209832 0.172021 -0.235272 0.251502 0.452021 0.855817 0.431914 
1534336176424 0.101819 0.866975 -0.487839 -0.512532 -0.962487 0.209829 0.17202 -0.235271 0.2515 0.452024 0.855817 0.431913 
1534336177297 0.115731 0.872582 -0.47456 -0.531093 -0.96097 0.219228 0.168747 -0.232867 0.251283 0.436509 0.863896 0.425288 
1534336177911 0.122862 0.875101 -0.468085 -0.540596 -0.960096 0.224212 0.167167 -0.231547 0.251239 0.428868 0.867728 0.421805 
1534336178528 0.13022 0.877611 -0.461348 -0.550093 -0.959174 0.229328 0.165508 -0.230233 0.251052 0.42096 0.871645 0.418377 
1534336179166 0.137455 0.880028 -0.454595 -0.559591 -0.95825 0.234319 0.163863 -0.228973 0.250724 0.413092 0.875496 0.414953 
1534336180077 0.151773 0.884667 -0.440828 -0.578549 -0.956319 0.244164 0.160743 -0.226372 0.249839 0.397175 0.883081 0.408062 
1534336180729 0.159203 0.886711 -0.434049 -0.58805 -0.955191 0.249471 0.15929 -0.225118 0.249527 0.38924 0.886695 0.404639 
1534336181352 0.166261 0.888672 -0.427339 -0.596652 -0.954103 0.254449 0.157934 -0.223446 0.249088 0.381467 0.89019 0.401319 
1534336181374 0.166257 0.888637 -0.427413 -0.596839 -0.954114 0.254443 0.157878 -0.223271 0.249048 0.381553 0.890164 0.401138 
1534336181702 0.167836 0.889067 -0.4259 -0.598453 -0.953835 0.255603 0.157691 -0.223398 0.249059 0.379772 0.890923 0.400762 
1534336181935 0.16828 0.889265 -0.425311 -0.599577 -0.953757 0.255899 0.157682 -0.22322 0.249058 0.379109 0.891205 0.400369 
1534336182159 0.169259 0.889405 -0.424629 -0.600617 -0.953616 0.256614 0.157375 -0.223188 0.248935 0.378296 0.891585 0.4 
1534336182481 0.170775 0.889835 -0.423119 -0.602762 -0.953362 0.257692 0.15715 -0.222973 0.248872 0.376548 0.892342 0.399234 
1534336182712 0.171483 0.889955 -0.422579 -0.603828 -0.953265 0.258191 0.156917 -0.222897 0.248756 0.375921 0.892639 0.398797 
1534336182945 0.172148 0.890193 -0.421808 -0.604912 -0.953172 0.258616 0.156781 -0.22276 0.248652 0.375066 0.893027 0.39841 
1534336183170 0.172633 0.890427 -0.421115 -0.60608 -0.953113 0.258891 0.156689 -0.222479 0.248543 0.374321 0.89337 0.398032 
1534336183197 0.172751 0.890427 -0.421066 -0.606214 -0.953105 0.258969 0.15661 -0.222491 0.248493 0.374266 0.893407 0.397945 
1534336183211 0.172742 0.890422 -0.421081 -0.606257 -0.953114 0.258952 0.156582 -0.222474 0.248464 0.37429 0.893405 0.397902 
1534336183325 0.172862 0.890509 -0.420847 -0.606342 -0.953087 0.259026 0.15662 -0.222451 0.248482 0.37403 0.893509 0.397898 
1534336183361 0.173059 0.890764 -0.420226 -0.60629 -0.953066 0.259074 0.156672 -0.222495 0.248428 0.373389 0.893792 0.397895 
1534336183502 0.173585 0.891147 -0.419196 -0.606464 -0.952961 0.259383 0.156799 -0.222561 0.248463 0.372259 0.894253 0.397492 
1534336183651 0.174036 0.891554 -0.418142 -0.606685 -0.952901 0.259573 0.156847 -0.222583 0.248376 0.371151 0.894738 0.397078 
1534336183698 0.174375 0.891732 -0.41762 -0.606779 -0.952828 0.259806 0.156908 -0.222668 0.24842 0.370559 0.894971 0.397024 
1534336183794 0.17454 0.891972 -0.41704 -0.606886 -0.95283 0.259805 0.156896 -0.222645 0.248296 0.369984 0.895244 0.396742 
1534336183810 0.174633 0.892045 -0.416844 -0.606932 -0.952815 0.259852 0.156908 -0.222647 0.248287 0.369774 0.895333 0.396692 
1534336183827 0.17474 0.89211 -0.41666 -0.606981 -0.952793 0.259921 0.15693 -0.222654 0.248297 0.369569 0.895415 0.39666 
1534336183927 0.174639 0.89221 -0.416488 -0.607009 -0.952802 0.259813 0.157055 -0.22263 0.248335 0.369402 0.895473 0.396533 
1534336183980 0.174244 0.892232 -0.416607 -0.606873 -0.952928 0.259395 0.156979 -0.22288 0.248127 0.369644 0.895431 0.396584 
1534336184059 0.174166 0.892186 -0.416737 -0.606793 -0.952941 0.259349 0.156975 -0.223114 0.248131 0.369787 0.895371 0.396588 
1534336184089 0.173915 0.892261 -0.416681 -0.606808 -0.953009 0.259078 0.157009 -0.223192 0.248046 0.369795 0.895391 0.396568 
1534336184137 0.1737 0.892374 -0.416529 -0.606821 -0.953052 0.25885 0.157124 -0.223336 0.248032 0.369681 0.895442 0.39646 
1534336184187 0.17355 0.892601 -0.416106 -0.606777 -0.953141 0.258548 0.157081 -0.223501 0.247794 0.369346 0.895646 0.396355 
1534336184223 0.173362 0.89265 -0.416078 -0.606771 -0.953214 0.258314 0.157022 -0.223632 0.247644 0.36939 0.895669 0.396284 
1534336184238 0.173295 0.892675 -0.416054 -0.606769 -0.953239 0.258231 0.15701 -0.223679 0.247597 0.36939 0.895683 0.396263 
1534336184253 0.173246 0.892698 -0.416025 -0.606765 -0.953259 0.258165 0.156998 -0.223737 0.247554 0.36938 0.895698 0.396238 
1534336184276 0.173185 0.892734 -0.415972 -0.606759 -0.953288 0.258074 0.156972 -0.223838 0.247486 0.369356 0.895727 0.396193 
1534336184388 0.172724 0.892711 -0.416214 -0.606578 -0.953411 0.257638 0.156937 -0.224075 0.247332 0.369716 0.895621 0.396159 
1534336184434 0.171933 0.892588 -0.416804 -0.606476 -0.953579 0.256988 0.156987 -0.224129 0.247239 0.370464 0.895338 0.396177 
1534336184565 0.171279 0.892441 -0.417388 -0.606195 -0.953775 0.25638 0.156789 -0.224674 0.246935 0.37124 0.8951 0.396237 
1534336184610 0.171015 0.892307 -0.417782 -0.606051 -0.953875 0.256131 0.15659 -0.224987 0.246733 0.371732 0.894951 0.396202 
1534336184713 0.170306 0.892182 -0.41834 -0.605878 -0.954072 0.255479 0.156451 -0.225193 0.24646 0.372481 0.894715 0.396122 
1534336184750 0.169915 0.892195 -0.41847 -0.605821 -0.954185 0.255082 0.156408 -0.225296 0.246291 0.372722 0.894662 0.396119 
1534336184771 0.169901 0.892168 -0.418534 -0.605792 -0.954189 0.255079 0.156393 -0.225352 0.246288 0.372789 0.894634 0.396119 
1534336184787 0.169917 0.892144 -0.418577 -0.605768 -0.954182 0.255107 0.156388 -0.225397 0.246303 0.372826 0.894615 0.396117 
1534336184904 0.169409 0.892073 -0.418934 -0.605556 -0.954249 0.254745 0.15657 -0.225655 0.246394 0.373243 0.894416 0.396074 
1534336184969 0.168968 0.892083 -0.419091 -0.605281 -0.954187 0.254586 0.157207 -0.225685 0.246936 0.373328 0.894231 0.396025 
1534336185039 0.16846 0.892216 -0.419012 -0.605027 -0.954161 0.254286 0.157848 -0.225665 0.247384 0.373214 0.894155 0.39608 
1534336185109 0.167879 0.892235 -0.419207 -0.604733 -0.954171 0.253933 0.158353 -0.225816 0.247738 0.373411 0.893974 0.396052 
1534336185183 0.167363 0.892238 -0.419405 -0.604394 -0.954146 0.253675 0.158916 -0.226029 0.248184 0.373577 0.893781 0.396018 
1534336185243 0.167073 0.892187 -0.41963 -0.604081 -0.954102 0.253596 0.159308 -0.22624 0.248549 0.373754 0.893606 0.39599 
1534336185313 0.166581 0.892151 -0.419901 -0.603809 -0.954091 0.253345 0.159773 -0.226351 0.248921 0.374008 0.893396 0.39593 
1534336185394 0.165901 0.892205 -0.420056 -0.603487 -0.954057 0.252986 0.160542 -0.226522 0.249505 0.374124 0.893185 0.396017 
1534336185418 0.165735 0.892189 -0.420155 -0.603371 -0.954049 0.252909 0.160711 -0.226606 0.249646 0.374213 0.893108 0.396006 
1534336185445 0.165561 0.89216 -0.420286 -0.603229 -0.954028 0.252851 0.160922 -0.226692 0.249838 0.374322 0.893008 0.395993 
1534336185626 0.164588 0.892417 -0.420122 -0.602717 -0.954222 0.251904 0.161262 -0.226589 0.249743 0.374348 0.893024 0.395935 
1534336185669 0.164304 0.892501 -0.420055 -0.602452 -0.954241 0.251679 0.1615 -0.226621 0.249858 0.374299 0.893013 0.39599 
1534336185781 0.164155 0.892636 -0.419827 -0.602102 -0.954285 0.251476 0.161556 -0.226789 0.249787 0.374114 0.89311 0.396067 
1534336185825 0.163755 0.892618 -0.42002 -0.601858 -0.954329 0.251186 0.161747 -0.226804 0.249882 0.37435 0.892984 0.395967 
1534336185935 0.163443 0.8927 -0.419967 -0.601475 -0.95431 0.251003 0.162144 -0.227014 0.250159 0.374277 0.892937 0.395979 
1534336185985 0.162918 0.892768 -0.420028 -0.601251 -0.954398 0.250541 0.162336 -0.22695 0.250163 0.374426 0.892874 0.39596 
1534336186004 0.162797 0.892803 -0.420001 -0.601202 -0.954408 0.250443 0.162432 -0.226947 0.250206 0.374409 0.892869 0.395988 
1534336186020 0.162732 0.892839 -0.419949 -0.601177 -0.954405 0.250395 0.162521 -0.226951 0.250258 0.374355 0.892877 0.396023 
1534336186037 0.162701 0.892903 -0.419824 -0.601135 -0.954401 0.250358 0.162601 -0.226971 0.250293 0.374225 0.892921 0.396068 
1534336186073 0.162637 0.892982 -0.419682 -0.601033 -0.954407 0.250282 0.162683 -0.227018 0.250312 0.374089 0.892973 0.396106 
1534336186135 0.16236 0.892973 -0.419808 -0.600863 -0.954464 0.250039 0.162721 -0.22704 0.250274 0.374272 0.892907 0.395976 
1534336186187 0.162035 0.893083 -0.419698 -0.600654 -0.9545 0.249754 0.162948 -0.227094 0.250348 0.374199 0.892917 0.395887 
1534336186230 0.161587 0.893231 -0.419557 -0.600464 -0.95452 0.249408 0.163365 -0.227103 0.250564 0.374078 0.892907 0.395907 
1534336186273 0.161349 0.893408 -0.419272 -0.600236 -0.954532 0.249182 0.163635 -0.227165 0.250668 0.373807 0.892992 0.395937 
1534336186320 0.161269 0.893469 -0.419172 -0.600017 -0.954525 0.249122 0.16377 -0.22727 0.250748 0.373699 0.893014 0.395938 
1534336186365 0.160966 0.893595 -0.41902 -0.599831 -0.954531 0.248887 0.164089 -0.22727 0.250917 0.373555 0.893027 0.395954 
1534336186389 0.160772 0.893697 -0.418878 -0.599732 -0.954548 0.248708 0.164262 -0.227255 0.250979 0.373431 0.893062 0.395962 
1534336186405 0.1606 0.893753 -0.418824 -0.599674 -0.954569 0.248555 0.164372 -0.227242 0.251008 0.373399 0.893067 0.395961 
1534336186422 0.16037 0.893802 -0.418808 -0.599608 -0.954592 0.248367 0.164523 -0.227223 0.251069 0.373406 0.893047 0.395957 
1534336186439 0.160216 0.893832 -0.418802 -0.599553 -0.954601 0.248251 0.164643 -0.227218 0.251131 0.37341 0.893027 0.395957 
1534336186456 0.160092 0.893857 -0.418795 -0.599501 -0.954601 0.24817 0.16477 -0.227223 0.251213 0.373404 0.893007 0.395965 
1534336186587 0.160088 0.893801 -0.418917 -0.599238 -0.954507 0.248329 0.165072 -0.227511 0.251571 0.373433 0.892894 0.395992 
1534336186612 0.159623 0.893824 -0.419045 -0.599122 -0.954528 0.248017 0.165422 -0.227429 0.251789 0.373585 0.892769 0.395948 
1534336186641 0.159195 0.893871 -0.419108 -0.599007 -0.954538 0.247733 0.165789 -0.227361 0.252021 0.373662 0.892671 0.395942 
1534336186725 0.158999 0.893952 -0.419011 -0.598762 -0.954473 0.247682 0.166239 -0.227524 0.252391 0.373502 0.892634 0.396046 
1534336186760 0.158589 0.894019 -0.419023 -0.598582 -0.954489 0.24739 0.166579 -0.227535 0.252587 0.373535 0.892565 0.395985 
1534336186780 0.158391 0.894045 -0.419041 -0.598503 -0.954497 0.247251 0.166738 -0.227538 0.25268 0.373563 0.892526 0.395961 
1534336186797 0.158206 0.894072 -0.419055 -0.598425 -0.954504 0.247122 0.166892 -0.22755 0.252771 0.373586 0.892491 0.395954 
1534336186814 0.158117 0.894075 -0.41908 -0.598364 -0.954504 0.247068 0.16697 -0.227576 0.252825 0.373613 0.892465 0.395957 
1534336186830 0.158119 0.894074 -0.419082 -0.598331 -0.954491 0.247088 0.167013 -0.227593 0.252873 0.373602 0.892455 0.395963 
1534336186848 0.158133 0.894073 -0.419079 -0.598281 -0.954465 0.247136 0.167094 -0.227626 0.252963 0.373573 0.892442 0.395983 
1534336186890 0.158068 0.894089 -0.41907 -0.598238 -0.954456 0.247105 0.167191 -0.227607 0.253038 0.373556 0.892428 0.396016 
1534336186970 0.157856 0.894146 -0.419028 -0.598143 -0.954505 0.246885 0.167236 -0.227514 0.252986 0.373565 0.892439 0.395991 
1534336186994 0.157676 0.894133 -0.419123 -0.598043 -0.954533 0.246742 0.167286 -0.227478 0.252991 0.37369 0.892385 0.395965 
1534336187023 0.157527 0.894151 -0.419142 -0.597916 -0.954526 0.246658 0.167451 -0.22748 0.253111 0.373704 0.892345 0.395977 
1534336187071 0.157579 0.894137 -0.419151 -0.597751 -0.954448 0.246809 0.167673 -0.227596 0.253373 0.373636 0.8923 0.396021 
1534336187091 0.157576 0.894127 -0.419175 -0.597692 -0.954424 0.246848 0.167754 -0.227628 0.253466 0.373636 0.892273 0.39603 
1534336187111 0.157528 0.894118 -0.419211 -0.597625 -0.954404 0.246851 0.16786 -0.227643 0.253569 0.373655 0.892236 0.39604 
1534336187128 0.15746 0.894123 -0.419226 -0.59757 -0.954392 0.246827 0.167964 -0.227641 0.253656 0.373658 0.89221 0.396049 
1534336187144 0.157392 0.894131 -0.419234 -0.597523 -0.954384 0.246795 0.168056 -0.227635 0.253729 0.37366 0.892188 0.396057 
1534336187161 0.157332 0.894139 -0.419241 -0.597482 -0.954377 0.246767 0.168138 -0.227632 0.253793 0.37366 0.89217 0.396063 
1534336187186 0.157254 0.89415 -0.419246 -0.597429 -0.954371 0.246726 0.168232 -0.227633 0.253864 0.373661 0.89215 0.396053 
1534336187261 0.156904 0.894297 -0.419063 -0.597317 -0.954439 0.24636 0.168385 -0.227551 0.253826 0.373549 0.892207 0.395914 
1534336187285 0.156662 0.894373 -0.418991 -0.597214 -0.954504 0.24609 0.168409 -0.227492 0.25373 0.373545 0.892236 0.395829 
1534336187305 0.156471 0.894429 -0.418944 -0.597118 -0.954555 0.24588 0.168428 -0.227459 0.253657 0.373551 0.892254 0.395763 
1534336187325 0.156218 0.894434 -0.419027 -0.597058 -0.954608 0.24565 0.168463 -0.22744 0.253613 0.373689 0.892209 0.395705 
1534336187342 0.155996 0.894433 -0.419112 -0.596992 -0.954661 0.24544 0.168466 -0.227441 0.253548 0.37383 0.892168 0.395648 
1534336187358 0.155922 0.894437 -0.419131 -0.596949 -0.954682 0.245365 0.168461 -0.227457 0.253517 0.37387 0.89216 0.395622 
1534336187375 0.155913 0.894442 -0.419123 -0.596909 -0.954683 0.245355 0.168466 -0.227477 0.253517 0.373863 0.892163 0.395608 
1534336187392 0.155921 0.894454 -0.419096 -0.596869 -0.954679 0.245362 0.168482 -0.227494 0.25353 0.373832 0.892173 0.395607 
1534336187459 0.15621 0.894389 -0.419125 -0.596796 -0.954654 0.245595 0.168283 -0.227509 0.253446 0.373832 0.892197 0.395642 
1534336187519 0.156527 0.894261 -0.41928 -0.596763 -0.954754 0.245686 0.16758 -0.227419 0.252871 0.374079 0.892256 0.395666 
1534336187543 0.156421 0.894228 -0.41939 -0.596703 -0.954816 0.245545 0.167434 -0.227344 0.252704 0.37425 0.892232 0.395662 
1534336187574 0.156302 0.894201 -0.419493 -0.596623 -0.954889 0.245377 0.167262 -0.227285 0.2525 0.374426 0.892216 0.395678 
1534336187612 0.156288 0.894164 -0.419576 -0.596539 -0.954942 0.245305 0.167067 -0.227272 0.252309 0.37456 0.892213 0.395714 
1534336187633 0.156303 0.894155 -0.41959 -0.596509 -0.954958 0.245293 0.16699 -0.227269 0.252237 0.37459 0.892221 0.39574 
1534336187649 0.156311 0.894152 -0.419593 -0.596476 -0.954977 0.245271 0.166915 -0.227263 0.252162 0.374611 0.892234 0.395762 
1534336187665 0.156347 0.894174 -0.419534 -0.59643 -0.954999 0.245252 0.16682 -0.22727 0.252058 0.374573 0.892279 0.395788 
1534336187682 0.156397 0.894192 -0.419477 -0.596383 -0.955017 0.245247 0.166723 -0.227285 0.251958 0.374533 0.892324 0.395813 
1534336187699 0.156447 0.8942 -0.41944 -0.59634 -0.955034 0.245249 0.166625 -0.227305 0.251863 0.374512 0.89236 0.395828 
1534336187731 0.156539 0.894167 -0.419476 -0.596289 -0.95505 0.245292 0.166469 -0.227354 0.251745 0.374561 0.892372 0.395826 
1534336187837 0.156472 0.894038 -0.419776 -0.596287 -0.955068 0.245277 0.166388 -0.227336 0.251719 0.374879 0.892246 0.395774 
1534336187850 0.156118 0.893829 -0.420353 -0.596232 -0.95517 0.244999 0.166212 -0.227205 0.251551 0.37556 0.892007 0.395631 
1534336187883 0.156014 0.893793 -0.420469 -0.596152 -0.955218 0.24488 0.16611 -0.227178 0.251433 0.375724 0.891972 0.395619 
1534336187931 0.156102 0.893806 -0.420407 -0.596051 -0.955277 0.244839 0.165833 -0.227207 0.251154 0.375718 0.892052 0.395727 
1534336187951 0.156103 0.893822 -0.420373 -0.596011 -0.955311 0.244781 0.165719 -0.227214 0.251022 0.375718 0.892089 0.395768 
1534336187968 0.156106 0.893827 -0.420363 -0.595977 -0.955335 0.244746 0.165636 -0.227213 0.250932 0.37573 0.89211 0.395802 
1534336187985 0.156106 0.893822 -0.420373 -0.595941 -0.955358 0.244713 0.165551 -0.22721 0.250844 0.375764 0.892121 0.395828 
1534336188001 0.15609 0.893801 -0.420422 -0.595898 -0.955386 0.244669 0.165451 -0.227205 0.250745 0.375841 0.892116 0.395839 
1534336188018 0.156081 0.893775 -0.420481 -0.595865 -0.955402 0.244651 0.165388 -0.227206 0.250691 0.375914 0.8921 0.395837 
1534336188034 0.156082 0.893743 -0.420549 -0.595836 -0.955409 0.244653 0.165342 -0.227216 0.250661 0.375989 0.892077 0.395821 
1534336188052 0.156115 0.893713 -0.4206 -0.595813 -0.955408 0.244687 0.165302 -0.227247 0.250648 0.376038 0.89206 0.395798 
1534336188068 0.156163 0.893702 -0.420606 -0.595811 -0.955393 0.244742 0.165307 -0.227278 0.250675 0.376029 0.892056 0.395782 
1534336188085 0.15618 0.893717 -0.420569 -0.595821 -0.955378 0.244767 0.165352 -0.227297 0.25072 0.375977 0.892065 0.395767 
1534336188101 0.15614 0.893741 -0.420532 -0.595828 -0.955377 0.244736 0.165405 -0.227291 0.250748 0.37594 0.892073 0.395746 
1534336188124 0.156047 0.893809 -0.420422 -0.595803 -0.95537 0.244665 0.165549 -0.227283 0.250832 0.375825 0.892098 0.395698 
1534336188141 0.155981 0.89386 -0.420339 -0.595774 -0.955368 0.244609 0.165644 -0.227279 0.250881 0.375741 0.892119 0.395666 
1534336188158 0.155929 0.893873 -0.42033 -0.595756 -0.955373 0.244565 0.165679 -0.227269 0.250894 0.375738 0.892117 0.395645 
1534336188175 0.155748 0.893873 -0.420397 -0.595701 -0.955407 0.244408 0.165718 -0.227222 0.250879 0.37584 0.892079 0.395577 
1534336188254 0.155443 0.893783 -0.420702 -0.595522 -0.955493 0.244134 0.165624 -0.227298 0.25074 0.376232 0.891952 0.39547 
1534336188279 0.155416 0.893778 -0.420721 -0.59545 -0.95547 0.244154 0.165726 -0.227424 0.250844 0.37623 0.891924 0.395573 
1534336188356 0.155096 0.893704 -0.420997 -0.59528 -0.955282 0.244276 0.166629 -0.227608 0.251757 0.376327 0.891626 0.395871 
1534336188392 0.154835 0.893657 -0.421192 -0.595167 -0.955239 0.244205 0.166981 -0.227641 0.252081 0.376485 0.891467 0.395929 
1534336188419 0.154585 0.893641 -0.421319 -0.595066 -0.955228 0.24408 0.167228 -0.227667 0.252277 0.376605 0.891361 0.39595 
1534336188439 0.154426 0.893635 -0.42139 -0.595008 -0.955227 0.243989 0.167362 -0.227677 0.252375 0.376678 0.891303 0.395947 
1534336188456 0.15421 0.893622 -0.421496 -0.594943 -0.955235 0.243854 0.167513 -0.227679 0.252477 0.376796 0.891224 0.395929 
1534336188473 0.154043 0.893617 -0.421567 -0.594896 -0.955241 0.243748 0.167635 -0.227677 0.252558 0.376875 0.891167 0.395922 
1534336188489 0.153878 0.893618 -0.421626 -0.594852 -0.955246 0.243642 0.167759 -0.227668 0.252638 0.376942 0.891117 0.395923 
1534336188579 0.153944 0.893696 -0.421437 -0.594666 -0.955218 0.243692 0.167846 -0.227862 0.252704 0.376725 0.89119 0.395972 
1534336188593 0.154079 0.893782 -0.421205 -0.594603 -0.955223 0.243732 0.167763 -0.227931 0.252604 0.376496 0.891315 0.395982 
1534336188644 0.154137 0.893873 -0.420991 -0.594413 -0.955255 0.243681 0.167651 -0.22804 0.252446 0.376312 0.891437 0.395921 
1534336188689 0.153845 0.893991 -0.420847 -0.594281 -0.955314 0.243374 0.167766 -0.227989 0.252404 0.376231 0.891483 0.395845 
1534336188730 0.15358 0.894087 -0.42074 -0.594151 -0.955339 0.24314 0.167958 -0.227962 0.252468 0.376154 0.891498 0.395829 
1534336188770 0.153421 0.894198 -0.420562 -0.593977 -0.955337 0.243003 0.168166 -0.228014 0.252572 0.375978 0.891542 0.395891 
1534336188798 0.153347 0.894258 -0.420461 -0.593843 -0.955342 0.242928 0.168248 -0.228076 0.252599 0.375884 0.891574 0.395917 
1534336188814 0.15328 0.894294 -0.42041 -0.593749 -0.955348 0.242864 0.168304 -0.228121 0.252616 0.37584 0.891588 0.395927 
1534336188836 0.153166 0.894326 -0.420383 -0.593671 -0.955361 0.242766 0.168377 -0.228146 0.252639 0.375827 0.891587 0.395934 
1534336188855 0.153034 0.894349 -0.420381 -0.593606 -0.955374 0.242658 0.168458 -0.228152 0.252669 0.375841 0.891572 0.395936 
1534336188995 0.15283 0.894586 -0.419951 -0.593513 -0.95536 0.242462 0.168817 -0.22813 0.252843 0.375404 0.891707 0.395876 
1534336189020 0.152523 0.89467 -0.419883 -0.593412 -0.955416 0.242162 0.168932 -0.228046 0.252818 0.375397 0.891717 0.395796 
1534336189046 0.152238 0.894747 -0.419823 -0.593285 -0.955469 0.241882 0.169034 -0.227995 0.25279 0.375395 0.891726 0.395707 
1534336189145 0.151999 0.894898 -0.419587 -0.592869 -0.955484 0.241656 0.169273 -0.228265 0.252878 0.375179 0.891792 0.395639 
1534336189164 0.151848 0.89501 -0.419404 -0.592753 -0.955486 0.241517 0.169457 -0.228273 0.252959 0.375003 0.891843 0.395647 
1534336189182 0.151649 0.895114 -0.419254 -0.592661 -0.955494 0.241344 0.169659 -0.228245 0.253049 0.374866 0.891876 0.395654 
1534336189198 0.151427 0.895228 -0.419089 -0.592576 -0.955502 0.241152 0.169885 -0.228203 0.25315 0.374716 0.89191 0.39567 
1534336189214 0.151275 0.895283 -0.419027 -0.59252 -0.955519 0.241013 0.169986 -0.228172 0.253177 0.374674 0.89192 0.395661 
1534336189352 0.151706 0.8952 -0.41905 -0.592507 -0.955506 0.241326 0.169619 -0.228328 0.252971 0.374672 0.891979 0.395513 
1534336189379 0.151789 0.895357 -0.418683 -0.592419 -0.955505 0.241312 0.169641 -0.228295 0.252923 0.374305 0.892147 0.395465 
1534336189448 0.151533 0.895501 -0.418469 -0.592277 -0.955523 0.241074 0.169878 -0.228178 0.253008 0.374115 0.892202 0.395315 
1534336189544 0.151416 0.895844 -0.417775 -0.592032 -0.955564 0.240804 0.170033 -0.228152 0.252925 0.373465 0.892498 0.395248 
1534336189601 0.151369 0.895982 -0.417496 -0.591879 -0.955562 0.240723 0.170159 -0.228164 0.25296 0.373187 0.892605 0.395187 
1534336189618 0.15134 0.896035 -0.417393 -0.591842 -0.955562 0.240683 0.170213 -0.228159 0.252976 0.373085 0.892643 0.395175 
1534336189635 0.151318 0.896098 -0.417266 -0.591798 -0.955563 0.240643 0.170266 -0.228153 0.252987 0.372959 0.892692 0.395161 
1534336189651 0.151296 0.896177 -0.417106 -0.591742 -0.955563 0.240598 0.17033 -0.228146 0.253001 0.372801 0.892754 0.395143 
1534336189668 0.151273 0.896224 -0.417012 -0.591704 -0.955562 0.240566 0.17038 -0.228137 0.253018 0.372707 0.892789 0.395128 
1534336189685 0.151228 0.896275 -0.416919 -0.59167 -0.955568 0.240509 0.170426 -0.228129 0.253021 0.372622 0.892823 0.395114 
1534336189701 0.151198 0.89629 -0.416898 -0.591655 -0.95557 0.240482 0.170454 -0.228125 0.253033 0.372602 0.892828 0.395106 
1534336189718 0.151176 0.896282 -0.416922 -0.591651 -0.955569 0.240473 0.170469 -0.228122 0.253047 0.372627 0.892814 0.395099 
1534336189734 0.15119 0.896246 -0.416995 -0.591654 -0.955574 0.24049 0.170421 -0.228124 0.253022 0.372704 0.892789 0.395091 
1534336189751 0.151275 0.896198 -0.417067 -0.591658 -0.955595 0.240529 0.170245 -0.228134 0.25289 0.372793 0.892789 0.395089 
1534336189768 0.151309 0.896119 -0.417224 -0.591677 -0.955613 0.240555 0.170109 -0.22813 0.252803 0.372966 0.892741 0.395087 
1534336189788 0.151322 0.896066 -0.417334 -0.591691 -0.955657 0.24052 0.169912 -0.228104 0.252629 0.373117 0.892727 0.395098 
1534336189805 0.151323 0.896064 -0.417337 -0.591692 -0.955672 0.2405 0.169858 -0.228094 0.252573 0.373134 0.892736 0.395106 
1534336189821 0.151284 0.896088 -0.4173 -0.591679 -0.955738 0.240368 0.16967 -0.228033 0.252345 0.373161 0.892789 0.395147 
1534336189839 0.151196 0.896103 -0.4173 -0.591654 -0.955795 0.240225 0.169552 -0.227972 0.252182 0.373217 0.892812 0.395158 
1534336189855 0.151115 0.896124 -0.417284 -0.591627 -0.955843 0.240097 0.169463 -0.227923 0.252049 0.373249 0.892836 0.395156 
1534336189871 0.151034 0.896211 -0.417128 -0.591574 -0.95591 0.239913 0.169343 -0.227867 0.251841 0.37316 0.892932 0.395152 
1534336189889 0.150986 0.896287 -0.41698 -0.591537 -0.955957 0.239784 0.169263 -0.22783 0.251694 0.373059 0.893016 0.395157 
1534336189905 0.151016 0.896341 -0.416854 -0.591532 -0.955958 0.239778 0.169265 -0.227835 0.251671 0.372933 0.893075 0.395181 
1534336189922 0.151071 0.896345 -0.416825 -0.591541 -0.955935 0.239844 0.169301 -0.22786 0.251725 0.372881 0.893081 0.395196 
1534336189939 0.151178 0.896344 -0.416789 -0.591562 -0.955896 0.239967 0.169347 -0.227913 0.251809 0.372805 0.893089 0.395223 
1534336189955 0.151284 0.896357 -0.416722 -0.591584 -0.955864 0.240073 0.169381 -0.227963 0.251869 0.372705 0.893114 0.395259 
1534336189973 0.151363 0.89636 -0.416688 -0.591603 -0.955839 0.240156 0.169401 -0.228002 0.251914 0.372646 0.893126 0.395289 
1534336189988 0.151332 0.896331 -0.41676 -0.59161 -0.955842 0.240145 0.169401 -0.228021 0.251922 0.372721 0.893092 0.395291 
1534336190005 0.151215 0.896292 -0.416886 -0.591604 -0.955885 0.240026 0.169326 -0.228035 0.251829 0.372891 0.893048 0.395276 
1534336190021 0.151131 0.896256 -0.416994 -0.591591 -0.95595 0.239895 0.169148 -0.228035 0.251635 0.373062 0.893031 0.395259 
1534336190038 0.151043 0.896241 -0.417058 -0.591573 -0.956022 0.23974 0.168956 -0.228012 0.25141 0.373197 0.893038 0.395246 
1534336190055 0.151023 0.896239 -0.417071 -0.591561 -0.956056 0.239679 0.168851 -0.227983 0.251294 0.373243 0.893051 0.39524 
1534336190073 0.150949 0.896252 -0.417069 -0.591547 -0.956086 0.239585 0.168817 -0.22794 0.251226 0.373271 0.893059 0.395233 
1534336190088 0.150935 0.896283 -0.417008 -0.591534 -0.95609 0.239557 0.168831 -0.227918 0.251217 0.373215 0.893085 0.395229 
1534336190105 0.151052 0.896362 -0.416795 -0.591511 -0.956073 0.239621 0.168835 -0.227909 0.25121 0.372984 0.893183 0.39523 
1534336190125 0.151146 0.896444 -0.416584 -0.591487 -0.956047 0.239683 0.168896 -0.227906 0.251254 0.372746 0.89327 0.395234 
1534336190141 0.151213 0.896537 -0.416361 -0.591457 -0.956031 0.239709 0.168948 -0.227895 0.251274 0.372507 0.893364 0.395216 
1534336190158 0.151166 0.896592 -0.416258 -0.591443 -0.956047 0.239635 0.168966 -0.227882 0.251244 0.372421 0.893409 0.395189 
1534336190263 0.151093 0.896479 -0.416528 -0.591453 -0.956145 0.239492 0.168614 -0.227893 0.250914 0.372785 0.89335 0.395111 
1534336190276 0.151037 0.89633 -0.41687 -0.591477 -0.956158 0.239498 0.168528 -0.22788 0.250896 0.37314 0.893206 0.39509 
1534336190293 0.150982 0.896217 -0.417132 -0.591497 -0.956164 0.239503 0.168491 -0.227867 0.250909 0.373408 0.893091 0.395086 
1534336190310 0.150931 0.896118 -0.417363 -0.591514 -0.95617 0.239503 0.168457 -0.227849 0.250917 0.373644 0.89299 0.395105 
1534336190326 0.150894 0.896073 -0.417474 -0.591521 -0.95618 0.239484 0.168425 -0.227835 0.250899 0.373766 0.892944 0.395144 
1534336190343 0.150893 0.896074 -0.417471 -0.591512 -0.956191 0.239466 0.168388 -0.227835 0.250858 0.373774 0.892952 0.395188 
1534336190360 0.150909 0.89607 -0.417474 -0.591497 -0.956201 0.239462 0.168335 -0.227845 0.250809 0.373786 0.892961 0.39523 
1534336190376 0.150931 0.896049 -0.417513 -0.591478 -0.956215 0.239464 0.168257 -0.227863 0.250745 0.373837 0.892957 0.395269 
1534336190393 0.150955 0.896007 -0.417592 -0.591463 -0.956227 0.239478 0.16817 -0.227887 0.250685 0.373926 0.892937 0.395295 
1534336190410 0.150987 0.895916 -0.417777 -0.591456 -0.956232 0.239526 0.168071 -0.227916 0.250646 0.374115 0.892869 0.395315 
1534336190526 0.15089 0.895838 -0.417979 -0.59149 -0.956387 0.239266 0.167555 -0.227816 0.250111 0.374467 0.892871 0.395201 
1534336190542 0.150926 0.895976 -0.41767 -0.5915 -0.956384 0.239238 0.167615 -0.227779 0.250102 0.374155 0.893005 0.395191 
1534336190557 0.151028 0.896113 -0.417339 -0.591526 -0.956355 0.239288 0.167711 -0.227731 0.250152 0.373795 0.893141 0.395171 
1534336190578 0.151173 0.896225 -0.417046 -0.591551 -0.956317 0.239387 0.167788 -0.227703 0.250211 0.373463 0.893264 0.39514 
1534336190595 0.151301 0.896243 -0.416962 -0.591579 -0.956285 0.239504 0.1678 -0.227708 0.250253 0.373346 0.893301 0.395102 
1534336190612 0.151371 0.896251 -0.416918 -0.59159 -0.956284 0.239545 0.16775 -0.227735 0.250217 0.3733 0.89333 0.395084 
1534336190632 0.151427 0.896268 -0.416862 -0.59159 -0.956291 0.23956 0.167685 -0.227754 0.250154 0.373249 0.893369 0.395061 
1534336190649 0.151519 0.896287 -0.416788 -0.591588 -0.95631 0.239579 0.16755 -0.227768 0.250027 0.373192 0.893429 0.395045 
1534336190666 0.151676 0.896292 -0.416719 -0.591587 -0.956318 0.239659 0.167391 -0.227786 0.249901 0.373126 0.893491 0.395034 
1534336190682 0.151902 0.896291 -0.41664 -0.591583 -0.956305 0.239815 0.16724 -0.227802 0.249812 0.373031 0.893556 0.395017 
1534336190699 0.15206 0.896288 -0.416588 -0.591582 -0.956297 0.239922 0.167132 -0.227813 0.249748 0.372968 0.8936 0.395007 
1534336190717 0.152155 0.896292 -0.416545 -0.591583 -0.956292 0.239986 0.167072 -0.227815 0.24971 0.372918 0.893632 0.395006 
1534336190732 0.152167 0.896297 -0.41653 -0.591584 -0.956297 0.239983 0.167045 -0.227808 0.249682 0.372907 0.893644 0.395006 
1534336190749 0.152122 0.896302 -0.416536 -0.591582 -0.956316 0.239927 0.16702 -0.227791 0.249639 0.372933 0.893645 0.394999 
1534336190769 0.152056 0.896294 -0.416577 -0.591576 -0.956342 0.23985 0.166977 -0.227762 0.249577 0.373 0.893634 0.394981 
1534336190785 0.15202 0.896289 -0.4166 -0.591576 -0.956365 0.239796 0.166923 -0.227742 0.24951 0.373046 0.893634 0.394968 
1534336190802 0.152016 0.896291 -0.416596 -0.59158 -0.956389 0.239757 0.166842 -0.227729 0.249421 0.373066 0.89365 0.394961 
1534336190819 0.152029 0.896292 -0.41659 -0.591584 -0.956402 0.239745 0.166787 -0.227725 0.249365 0.373071 0.893664 0.394962 
1534336190914 0.152031 0.896371 -0.416419 -0.591592 -0.956351 0.239791 0.16701 -0.227674 0.249557 0.372853 0.893702 0.394902 
1534336190928 0.151974 0.896381 -0.41642 -0.591582 -0.956281 0.239858 0.167317 -0.227705 0.249862 0.372787 0.893644 0.394878 
1534336190944 0.151915 0.896404 -0.416391 -0.591576 -0.95619 0.239949 0.167706 -0.227753 0.250245 0.372672 0.893585 0.394862 
1534336190961 0.151902 0.896417 -0.416368 -0.591576 -0.956126 0.240031 0.167954 -0.227796 0.250498 0.372588 0.893548 0.394854 
1534336191020 0.151956 0.896445 -0.416288 -0.591592 -0.956001 0.240237 0.168368 -0.22794 0.250941 0.372387 0.893508 0.394852 
1534336191048 0.151825 0.896524 -0.416165 -0.591576 -0.955956 0.240194 0.168686 -0.227941 0.251191 0.372225 0.893505 0.394842 
1534336191065 0.151727 0.896596 -0.416046 -0.591561 -0.955918 0.240161 0.168946 -0.227942 0.251394 0.372072 0.893512 0.394835 
1534336191081 0.151665 0.896659 -0.415933 -0.591547 -0.955884 0.24015 0.169158 -0.22795 0.251564 0.371929 0.893524 0.394831 
1534336191098 0.151638 0.896696 -0.415863 -0.591539 -0.95586 0.240154 0.169288 -0.22796 0.251671 0.371836 0.893532 0.394828 
1534336191115 0.151602 0.896738 -0.415786 -0.59153 -0.955821 0.240172 0.169478 -0.227976 0.251838 0.371724 0.893532 0.394822 
1534336191131 0.151558 0.896748 -0.41578 -0.59153 -0.955789 0.240189 0.169637 -0.227985 0.251987 0.371688 0.893505 0.394815 
1534336191148 0.151548 0.896748 -0.415784 -0.591531 -0.95577 0.240211 0.169714 -0.227996 0.252067 0.371674 0.893488 0.39481 
1534336191165 0.151567 0.896732 -0.415812 -0.591535 -0.95576 0.240244 0.169724 -0.228009 0.252093 0.371692 0.893473 0.394807 
1534336191251 0.151531 0.896552 -0.416213 -0.591583 -0.955685 0.240407 0.169916 -0.228087 0.252399 0.372021 0.89325 0.394794 
1534336191273 0.151353 0.896589 -0.416198 -0.591579 -0.955633 0.24036 0.17027 -0.228086 0.252699 0.371962 0.893189 0.394804 
1534336191298 0.151135 0.896648 -0.416151 -0.591571 -0.955604 0.240248 0.170592 -0.228079 0.252941 0.371893 0.89315 0.394812 
1534336191312 0.150873 0.896717 -0.416097 -0.591561 -0.95557 0.240111 0.170975 -0.228073 0.253225 0.371814 0.893102 0.394816 
1534336191329 0.150799 0.896733 -0.416089 -0.591558 -0.955549 0.240091 0.171122 -0.228087 0.25335 0.371788 0.893078 0.394819 
1534336191345 0.150793 0.896739 -0.416077 -0.591561 -0.955531 0.240112 0.171195 -0.228113 0.253422 0.371759 0.893069 0.39483 
1534336191362 0.150791 0.896745 -0.416066 -0.591563 -0.955507 0.240143 0.171284 -0.228139 0.253513 0.371726 0.893057 0.394838 
1534336191379 0.150777 0.896746 -0.416068 -0.591563 -0.955479 0.240176 0.171395 -0.228166 0.253627 0.371702 0.893035 0.394838 
1534336191473 0.15074 0.896756 -0.416061 -0.591555 -0.95548 0.240146 0.171426 -0.22813 0.253643 0.371697 0.893032 0.394844 
1534336191485 0.150872 0.896721 -0.416088 -0.591556 -0.955516 0.240189 0.171169 -0.228113 0.253431 0.371754 0.893069 0.394852 
1534336191502 0.151093 0.896667 -0.416124 -0.591558 -0.955561 0.240277 0.17079 -0.228089 0.253127 0.371827 0.893125 0.394865 
1534336191518 0.151254 0.896624 -0.416158 -0.591563 -0.955595 0.240342 0.170509 -0.228073 0.252902 0.371889 0.893162 0.394877 
1534336191538 0.151365 0.896568 -0.416238 -0.591578 -0.955624 0.240389 0.170279 -0.228035 0.252726 0.371993 0.893169 0.394893 
1534336191555 0.151363 0.896553 -0.416272 -0.591583 -0.955635 0.240379 0.170236 -0.228005 0.252689 0.372037 0.893161 0.394898 
1534336191571 0.151355 0.896535 -0.416313 -0.591583 -0.955638 0.240377 0.170222 -0.227984 0.252682 0.372081 0.893145 0.394896 
1534336191697 0.150918 0.896412 -0.416736 -0.591578 -0.955654 0.24014 0.170463 -0.227987 0.25288 0.37253 0.892902 0.39499 
1534336191716 0.150781 0.896299 -0.417029 -0.591577 -0.955646 0.240116 0.170544 -0.228001 0.252994 0.372817 0.892749 0.395037 
1534336191739 0.150624 0.896154 -0.417397 -0.591553 -0.955664 0.240054 0.170532 -0.228011 0.253021 0.373204 0.89258 0.395066 
1534336191776 0.150492 0.89601 -0.417754 -0.591504 -0.955674 0.240018 0.170524 -0.228 0.25306 0.373575 0.892414 0.39513 
1534336191824 0.150436 0.895908 -0.417992 -0.591494 -0.955666 0.240037 0.17054 -0.228011 0.253122 0.373805 0.8923 0.395216 
1534336191837 0.15041 0.895861 -0.418102 -0.591496 -0.955665 0.240043 0.170542 -0.228015 0.253144 0.373914 0.892248 0.395228 
1534336191853 0.150334 0.895763 -0.41834 -0.591499 -0.955664 0.240038 0.170551 -0.228018 0.253191 0.374153 0.892134 0.395255 
1534336191871 0.150286 0.895693 -0.418507 -0.591499 -0.955661 0.240042 0.170562 -0.228021 0.253231 0.374317 0.892054 0.395279 
1534336191887 0.150249 0.895639 -0.418637 -0.591494 -0.955659 0.240045 0.170571 -0.228024 0.253261 0.374446 0.891992 0.395303 
1534336191903 0.150196 0.895588 -0.418763 -0.591481 -0.955663 0.240028 0.170572 -0.228024 0.253277 0.374577 0.891932 0.39532 
1534336191920 0.150167 0.895555 -0.418844 -0.591468 -0.955666 0.24002 0.170568 -0.228028 0.253284 0.374661 0.891895 0.395328 
1534336191943 0.15016 0.895522 -0.418917 -0.59145 -0.955672 0.240019 0.170533 -0.228052 0.253264 0.37474 0.891867 0.395322 
1534336191988 0.150087 0.895561 -0.418862 -0.591441 -0.955725 0.239882 0.170429 -0.228116 0.253107 0.374737 0.891913 0.395291 
1534336192004 0.149922 0.895606 -0.418825 -0.591449 -0.95578 0.239682 0.170402 -0.228129 0.252998 0.374757 0.891936 0.395288 
1534336192028 0.149694 0.89569 -0.418727 -0.591451 -0.955864 0.239387 0.170349 -0.228134 0.252818 0.374745 0.891992 0.395292 
1534336192045 0.1495 0.895744 -0.41868 -0.591458 -0.95593 0.23915 0.170311 -0.228129 0.252682 0.374767 0.892021 0.395301 
1534336192061 0.149321 0.895792 -0.41864 -0.591467 -0.955991 0.238931 0.170272 -0.228118 0.252554 0.374791 0.892047 0.395318 
1534336192078 0.149164 0.895835 -0.418604 -0.591476 -0.956049 0.238733 0.170226 -0.228104 0.25243 0.374814 0.892073 0.395336 
1534336192094 0.149076 0.895846 -0.418611 -0.591484 -0.956081 0.238628 0.170194 -0.228092 0.25236 0.374855 0.892075 0.395346 
1534336192111 0.148947 0.895784 -0.418792 -0.591504 -0.956108 0.238534 0.170171 -0.228085 0.252332 0.375064 0.891995 0.39534 
1534336192128 0.148869 0.895725 -0.418945 -0.591517 -0.956121 0.238493 0.17016 -0.228087 0.252332 0.37523 0.891925 0.395332 
1534336192145 0.148849 0.895679 -0.419049 -0.591525 -0.956122 0.238498 0.170146 -0.2281 0.252339 0.375336 0.891879 0.395325 
1534336192161 0.148921 0.895658 -0.41907 -0.591514 -0.956105 0.238575 0.170133 -0.228128 0.25236 0.375339 0.891872 0.395316 
1534336192178 0.14898 0.895649 -0.419067 -0.591502 -0.956093 0.238633 0.170122 -0.228154 0.252373 0.375322 0.891875 0.395309 
1534336192195 0.149115 0.895621 -0.419079 -0.59149 -0.95606 0.238774 0.170105 -0.228182 0.252415 0.375299 0.891873 0.395301 
1534336192211 0.149289 0.895612 -0.419038 -0.591473 -0.956025 0.238935 0.170078 -0.22821 0.252446 0.37522 0.891897 0.395298 
1534336192228 0.149391 0.89564 -0.41894 -0.591454 -0.956014 0.239001 0.170047 -0.228229 0.252428 0.375109 0.891949 0.395303 
1534336192245 0.149424 0.895691 -0.41882 -0.591439 -0.956021 0.238991 0.170023 -0.228235 0.252382 0.374995 0.89201 0.395309 
1534336192302 0.148985 0.895757 -0.418836 -0.59144 -0.956147 0.238511 0.169985 -0.228236 0.252162 0.375144 0.89201 0.395298 
1534336192346 0.148932 0.895628 -0.41913 -0.591492 -0.956241 0.238392 0.169626 -0.22824 0.251839 0.375527 0.89194 0.395294 
1534336192379 0.149032 0.895611 -0.41913 -0.591539 -0.956337 0.238316 0.169193 -0.228184 0.251416 0.375614 0.892022 0.395349 
1534336192446 0.14935 0.895606 -0.419027 -0.59157 -0.956539 0.238206 0.168198 -0.22804 0.250454 0.375696 0.892259 0.395411 
1534336192502 0.14957 0.895504 -0.419167 -0.591577 -0.956724 0.238101 0.167292 -0.228022 0.249614 0.376006 0.892363 0.39536 
1534336192515 0.149618 0.895484 -0.419193 -0.591576 -0.956768 0.238072 0.167083 -0.228026 0.249419 0.376072 0.89239 0.395351 
1534336192532 0.149653 0.895472 -0.419206 -0.591574 -0.956811 0.238033 0.166891 -0.228028 0.249231 0.376126 0.89242 0.395343 
1534336192549 0.149679 0.895463 -0.419217 -0.591572 -0.956856 0.237985 0.166705 -0.228029 0.249045 0.376177 0.89245 0.395336 
1534336192565 0.149666 0.89546 -0.419228 -0.591572 -0.956925 0.237873 0.166464 -0.228033 0.248785 0.376255 0.89249 0.395331 
1534336192582 0.149687 0.895457 -0.419227 -0.591573 -0.95698 0.237803 0.166247 -0.228038 0.24856 0.376307 0.89253 0.395333 
1534336192599 0.149722 0.895452 -0.419225 -0.591574 -0.957022 0.237764 0.166065 -0.228042 0.24838 0.376343 0.892566 0.395337 
1534336192617 0.14975 0.895447 -0.419224 -0.591574 -0.957045 0.237747 0.165956 -0.228047 0.248274 0.376364 0.892586 0.395338 
1534336192632 0.149736 0.895451 -0.419222 -0.59157 -0.957048 0.237734 0.165959 -0.228051 0.248271 0.376366 0.892586 0.395334 
1534336192649 0.149712 0.895441 -0.419252 -0.591563 -0.957025 0.237757 0.166057 -0.228061 0.248374 0.376373 0.892554 0.39532 
1534336192665 0.149615 0.895455 -0.419257 -0.591558 -0.956974 0.23777 0.16633 -0.228059 0.248628 0.376333 0.892501 0.395309 
1534336192686 0.149482 0.895476 -0.419258 -0.591555 -0.956885 0.237816 0.166775 -0.228061 0.24905 0.376252 0.892417 0.395296 
1534336192702 0.149388 0.895493 -0.419255 -0.59155 -0.956818 0.237854 0.167105 -0.228065 0.249363 0.376188 0.892357 0.395294 
1534336192719 0.149343 0.895492 -0.419274 -0.591545 -0.956768 0.237904 0.167325 -0.228075 0.249585 0.376159 0.892307 0.39529 
1534336192735 0.149337 0.895485 -0.419291 -0.591545 -0.956747 0.237935 0.167399 -0.228078 0.249668 0.376156 0.892285 0.395294 
1534336192752 0.149339 0.895487 -0.419285 -0.591551 -0.956749 0.237931 0.16739 -0.228069 0.249657 0.376153 0.892289 0.395307 
1534336192772 0.149334 0.895502 -0.419256 -0.591557 -0.95676 0.237905 0.167363 -0.228055 0.249617 0.376134 0.892308 0.395323 
1534336192867 0.149508 0.895706 -0.418758 -0.591651 -0.956882 0.237746 0.166897 -0.228072 0.249049 0.375749 0.892629 0.395366 
1534336192881 0.149419 0.895837 -0.41851 -0.591641 -0.956876 0.237648 0.167066 -0.228087 0.249122 0.375499 0.892714 0.395351 
1534336192898 0.149327 0.895969 -0.41826 -0.59163 -0.956861 0.237563 0.167273 -0.228104 0.249235 0.375238 0.892793 0.395322 
1534336192915 0.149237 0.89607 -0.418075 -0.591626 -0.956843 0.237496 0.167475 -0.228125 0.249361 0.375038 0.892841 0.395279 
1534336192931 0.149176 0.896125 -0.417978 -0.591628 -0.956831 0.237455 0.167601 -0.228145 0.249443 0.374933 0.892863 0.395236 
1534336192948 0.149176 0.896146 -0.417934 -0.591639 -0.956823 0.237458 0.167639 -0.228172 0.249471 0.374881 0.892876 0.395198 
1534336192964 0.149198 0.89618 -0.417854 -0.591653 -0.956804 0.237487 0.16771 -0.228201 0.249534 0.374782 0.892901 0.395189 
1534336192981 0.149218 0.896216 -0.417769 -0.591664 -0.956783 0.237517 0.167788 -0.228216 0.249602 0.374678 0.892925 0.395207 
1534336192998 0.149218 0.896253 -0.417689 -0.59167 -0.956765 0.237528 0.167873 -0.228221 0.24967 0.37458 0.892947 0.395233 
1534336193014 0.149188 0.896266 -0.417673 -0.591665 -0.95676 0.237512 0.167922 -0.228214 0.249705 0.374561 0.892945 0.395242 
1534336193031 0.149146 0.896263 -0.417694 -0.591654 -0.956763 0.237484 0.167947 -0.2282 0.24972 0.374586 0.892931 0.395246 
1534336193048 0.149101 0.896243 -0.417753 -0.591643 -0.956773 0.23745 0.16794 -0.228181 0.24971 0.374654 0.892905 0.395248 
1534336193065 0.149058 0.896231 -0.417793 -0.591634 -0.956795 0.237396 0.16789 -0.228154 0.249651 0.374717 0.892895 0.395257 
1534336193081 0.149093 0.896193 -0.417863 -0.591632 -0.956821 0.237392 0.167743 -0.228148 0.249528 0.374811 0.89289 0.395264 
