1534349916126 0.0676007 0.81669 -0.573103 -0.581876 -0.952563 0.223674 0.206383 -0.230243 0.296739 0.531965 0.793069 0.42863 
1534349921078 0.067602 0.816691 -0.573102 -0.581877 -0.952563 0.223675 0.206383 -0.230244 0.29674 0.531964 0.79307 0.42863 
1534349921433 0.0702309 0.816302 -0.57334 -0.584625 -0.952748 0.225172 0.203886 -0.229919 0.295532 0.531929 0.793544 0.428169 
1534349921775 0.072898 0.81567 -0.573906 -0.587806 -0.95298 0.226674 0.201115 -0.229361 0.294133 0.53226 0.793842 0.42752 
1534349922119 0.075733 0.814891 -0.574645 -0.591007 -0.953269 0.228209 0.197986 -0.228897 0.292476 0.532797 0.794094 0.426806 
1534349922601 0.0810404 0.813799 -0.575469 -0.597366 -0.953797 0.230912 0.192225 -0.227809 0.289315 0.533302 0.794912 0.425581 
1534349922961 0.084044 0.812889 -0.576324 -0.600607 -0.954018 0.232644 0.189015 -0.227345 0.287726 0.533937 0.795063 0.424823 
1534349923315 0.086736 0.812162 -0.576949 -0.603837 -0.95427 0.23404 0.185994 -0.226801 0.286086 0.534433 0.795322 0.424135 
1534349923663 0.0894781 0.811567 -0.577367 -0.606996 -0.954471 0.235497 0.183103 -0.226271 0.284568 0.534696 0.795689 0.423515 
1534349923999 0.0921448 0.810854 -0.577949 -0.609889 -0.954658 0.23695 0.180232 -0.225661 0.283087 0.535136 0.795922 0.422864 
1534349924025 0.0922765 0.810732 -0.5781 -0.610099 -0.954709 0.236969 0.179937 -0.225566 0.282872 0.535313 0.795879 0.422789 
1534349924159 0.0925486 0.810703 -0.578096 -0.610304 -0.954737 0.237084 0.179633 -0.225478 0.282686 0.535305 0.79595 0.422697 
1534349924273 0.0930689 0.811171 -0.577356 -0.610207 -0.954689 0.237336 0.179556 -0.225506 0.282678 0.534485 0.796504 0.422599 
1534349924373 0.0941847 0.811306 -0.576985 -0.610482 -0.954754 0.237826 0.178559 -0.225571 0.282088 0.534062 0.796997 0.422314 
1534349924493 0.0949541 0.811631 -0.576402 -0.61082 -0.954772 0.238142 0.178042 -0.225329 0.28177 0.533427 0.797535 0.422026 
1534349924580 0.0960569 0.811708 -0.576111 -0.611034 -0.954775 0.238755 0.1772 -0.225447 0.281384 0.533035 0.797932 0.421738 
1534349924700 0.0968763 0.811987 -0.57558 -0.611415 -0.954784 0.239131 0.176648 -0.225183 0.281074 0.532442 0.798438 0.421448 
1534349924786 0.0977036 0.812155 -0.575203 -0.611662 -0.954826 0.239479 0.175945 -0.225176 0.280644 0.532028 0.798865 0.421148 
1534349924965 0.09951 0.812674 -0.574159 -0.612298 -0.954878 0.240267 0.174584 -0.224881 0.279831 0.530879 0.799913 0.420603 
1534349924989 0.0997897 0.812711 -0.574059 -0.612382 -0.954866 0.240439 0.17441 -0.224839 0.279772 0.530745 0.800024 0.420515 
1534349925005 0.100115 0.812743 -0.573956 -0.612471 -0.954893 0.240566 0.174089 -0.224841 0.279564 0.530638 0.800167 0.420402 
1534349925185 0.0998468 0.813444 -0.573009 -0.612542 -0.954656 0.240647 0.175274 -0.224932 0.280469 0.529526 0.800587 0.420496 
1534349925230 0.0999363 0.813819 -0.572461 -0.612627 -0.954474 0.240926 0.175879 -0.225069 0.281054 0.528822 0.800847 0.420475 
1534349925358 0.0996342 0.814304 -0.571823 -0.612835 -0.954405 0.240732 0.176519 -0.224958 0.281396 0.528163 0.801161 0.420297 
1534349925398 0.0998849 0.814627 -0.571319 -0.612926 -0.954283 0.241007 0.176806 -0.225054 0.281723 0.527539 0.801458 0.420312 
1534349925525 0.100034 0.814991 -0.570774 -0.61304 -0.954118 0.241287 0.177308 -0.225164 0.282225 0.526849 0.801735 0.420136 
1534349925568 0.100249 0.815398 -0.570154 -0.613141 -0.954001 0.241504 0.177643 -0.225235 0.282545 0.526119 0.802102 0.420141 
1534349925687 0.100092 0.815718 -0.569724 -0.613316 -0.95389 0.241521 0.178219 -0.225192 0.282977 0.525615 0.80228 0.419877 
1534349925705 0.100218 0.815876 -0.569475 -0.613345 -0.953811 0.24169 0.178411 -0.225252 0.283198 0.525292 0.802413 0.419894 
1534349925721 0.100311 0.81603 -0.569239 -0.613371 -0.953743 0.241822 0.178594 -0.225296 0.283392 0.524993 0.802541 0.419899 
1534349925832 0.0998321 0.816066 -0.569271 -0.613413 -0.953843 0.241348 0.178705 -0.225226 0.283227 0.525155 0.802493 0.419761 
1534349925887 0.0993936 0.815801 -0.569728 -0.613328 -0.953915 0.24104 0.178731 -0.225393 0.283136 0.525708 0.802163 0.419801 
1534349926092 0.0988656 0.816055 -0.569456 -0.61327 -0.953996 0.240504 0.179025 -0.225775 0.283051 0.525559 0.80229 0.420044 
1534349926106 0.0988496 0.816049 -0.569467 -0.613265 -0.954001 0.240487 0.179021 -0.225774 0.28304 0.525575 0.802284 0.420039 
1534349926233 0.0985002 0.816121 -0.569425 -0.61325 -0.954065 0.240142 0.179144 -0.225857 0.282946 0.525623 0.802286 0.420052 
1534349926281 0.0981782 0.816229 -0.569325 -0.613253 -0.954099 0.239855 0.179343 -0.226004 0.28294 0.525585 0.802313 0.420088 
1534349926380 0.0978691 0.816319 -0.56925 -0.613226 -0.954097 0.239651 0.179631 -0.226196 0.283057 0.525539 0.802301 0.420107 
1534349926433 0.0974794 0.816364 -0.569252 -0.61319 -0.954164 0.239283 0.179764 -0.226343 0.282965 0.525636 0.80227 0.420104 
1534349926449 0.097467 0.816363 -0.569256 -0.613176 -0.954161 0.239282 0.179782 -0.226427 0.28298 0.525638 0.802263 0.420107 
1534349926561 0.0971938 0.816386 -0.569269 -0.613157 -0.95419 0.239059 0.17992 -0.226651 0.282973 0.525704 0.802223 0.420114 
1534349926653 0.0962225 0.816244 -0.569638 -0.612987 -0.954263 0.238398 0.180412 -0.226712 0.28306 0.526225 0.80185 0.420073 
1534349926749 0.0957952 0.816151 -0.569843 -0.612859 -0.954272 0.238159 0.18068 -0.226997 0.283175 0.526477 0.801644 0.420141 
1534349926859 0.0954216 0.815983 -0.570146 -0.612726 -0.954278 0.237982 0.180884 -0.227347 0.283283 0.526818 0.801383 0.42015 
1534349926945 0.0949242 0.815928 -0.570308 -0.612624 -0.954347 0.237576 0.18105 -0.227589 0.283215 0.527085 0.80123 0.420132 
1534349927049 0.0943689 0.815941 -0.570381 -0.612519 -0.954406 0.237134 0.18132 -0.227809 0.283203 0.527264 0.801117 0.42016 
1534349927139 0.0938455 0.815921 -0.570496 -0.612404 -0.954432 0.236783 0.181643 -0.228042 0.28329 0.527453 0.800962 0.420193 
1534349927246 0.0931675 0.81587 -0.570681 -0.612298 -0.954463 0.236338 0.182056 -0.228209 0.283407 0.527732 0.800737 0.42021 
1534349927263 0.0930661 0.815856 -0.570716 -0.612266 -0.954476 0.236258 0.182093 -0.228278 0.283398 0.527788 0.800703 0.420218 
1534349927437 0.0924014 0.81571 -0.571034 -0.612046 -0.954511 0.235844 0.182444 -0.22835 0.283496 0.5282 0.800397 0.420245 
1534349927495 0.0924434 0.815727 -0.571002 -0.61181 -0.954564 0.235765 0.182271 -0.22833 0.283306 0.528208 0.800459 0.420242 
1534349927608 0.0926978 0.81557 -0.571185 -0.611476 -0.954602 0.235896 0.181903 -0.22857 0.283095 0.528393 0.800412 0.420294 
1534349927666 0.091971 0.815523 -0.57137 -0.611249 -0.95478 0.235146 0.18194 -0.228498 0.282732 0.528799 0.800271 0.420278 
1534349927781 0.0920882 0.815405 -0.571519 -0.610881 -0.954784 0.235246 0.18179 -0.22885 0.28268 0.528936 0.800199 0.420416 
1534349927827 0.0917605 0.815258 -0.571782 -0.610654 -0.954867 0.234941 0.181744 -0.228872 0.282504 0.529299 0.800021 0.420346 
1534349927949 0.0913937 0.815233 -0.571876 -0.610386 -0.954917 0.234636 0.181875 -0.228917 0.282453 0.529472 0.799924 0.420452 
1534349927997 0.0911287 0.815158 -0.572026 -0.610107 -0.95499 0.234367 0.181843 -0.22903 0.282295 0.529708 0.799824 0.420438 
1534349928018 0.0911121 0.815147 -0.572043 -0.610029 -0.955 0.234341 0.181822 -0.229097 0.282265 0.529735 0.799817 0.420465 
1534349928035 0.0911159 0.815169 -0.572012 -0.610002 -0.954999 0.234339 0.181832 -0.229135 0.282269 0.529703 0.799837 0.420505 
1534349928099 0.0911703 0.815235 -0.571908 -0.609905 -0.954957 0.234428 0.181935 -0.229183 0.282391 0.529561 0.799888 0.420642 
1534349928165 0.0907212 0.815266 -0.571936 -0.609736 -0.955063 0.233952 0.181993 -0.229063 0.282178 0.529725 0.799855 0.420519 
1534349928237 0.0902612 0.81547 -0.571718 -0.609443 -0.955139 0.233469 0.182213 -0.229123 0.282068 0.529623 0.799961 0.420458 
1534349928298 0.0902648 0.815707 -0.57138 -0.609102 -0.955151 0.233374 0.182274 -0.229299 0.282027 0.529301 0.800188 0.42059 
1534349928377 0.0899427 0.815871 -0.571195 -0.608858 -0.955181 0.233071 0.182503 -0.229288 0.282028 0.52918 0.800268 0.420685 
1534349928444 0.0894865 0.815991 -0.571096 -0.608625 -0.955281 0.232571 0.182615 -0.22927 0.281833 0.529216 0.800313 0.420698 
1534349928525 0.0893133 0.816227 -0.570786 -0.608326 -0.955348 0.232267 0.182656 -0.229369 0.281663 0.528985 0.800525 0.420797 
1534349928594 0.0890248 0.816451 -0.570511 -0.608052 -0.955428 0.231872 0.18274 -0.229411 0.281483 0.528814 0.800702 0.420885 
1534349928614 0.088931 0.816491 -0.570468 -0.607993 -0.955444 0.231771 0.182781 -0.229412 0.281457 0.528795 0.800723 0.420911 
1534349928631 0.0888333 0.816533 -0.570423 -0.607943 -0.955461 0.231666 0.182823 -0.229404 0.281429 0.528776 0.800746 0.420934 
1534349928648 0.0886947 0.816591 -0.570362 -0.60788 -0.955489 0.231513 0.182874 -0.229393 0.281379 0.528755 0.800777 0.420963 
1534349928787 0.0883129 0.816332 -0.570791 -0.607587 -0.955451 0.231437 0.183168 -0.229649 0.281628 0.529187 0.800404 0.421003 
1534349928973 0.0868525 0.816053 -0.571414 -0.607258 -0.955352 0.23083 0.184446 -0.229596 0.282417 0.529882 0.799666 0.421282 
1534349928993 0.0860868 0.815842 -0.571831 -0.606968 -0.955403 0.230338 0.184796 -0.229664 0.282479 0.530421 0.799287 0.421301 
1534349929126 0.0854822 0.815679 -0.572155 -0.606701 -0.955347 0.230128 0.185344 -0.229791 0.282851 0.530763 0.798928 0.421411 
1534349929177 0.0846113 0.815569 -0.57244 -0.606479 -0.95541 0.229515 0.185779 -0.22975 0.282899 0.531196 0.798623 0.421433 
1534349929284 0.0842273 0.815514 -0.572576 -0.606194 -0.955263 0.229575 0.18646 -0.229902 0.28351 0.531256 0.798367 0.421667 
1534349929304 0.083896 0.815471 -0.572686 -0.606111 -0.955292 0.229333 0.186611 -0.229878 0.283512 0.531426 0.798253 0.421664 
1534349929320 0.0836191 0.815425 -0.572791 -0.606028 -0.955309 0.229147 0.186752 -0.22987 0.283536 0.531577 0.798144 0.421667 
1534349929340 0.0834116 0.815368 -0.572903 -0.605939 -0.955314 0.22903 0.186872 -0.229884 0.283582 0.531714 0.798036 0.421665 
1534349929354 0.0833789 0.815333 -0.572957 -0.605885 -0.955296 0.229055 0.186933 -0.22994 0.283651 0.531757 0.797983 0.421676 
1534349929371 0.0834166 0.815318 -0.572973 -0.60586 -0.955282 0.229108 0.186936 -0.229988 0.283685 0.531758 0.79797 0.42169 
1534349929518 0.0834071 0.815242 -0.573083 -0.605787 -0.955362 0.228978 0.18669 -0.229896 0.283421 0.53193 0.797949 0.421572 
1534349929541 0.0832989 0.815253 -0.573083 -0.605652 -0.955416 0.228807 0.186623 -0.229901 0.283271 0.531987 0.797964 0.421528 
1534349929579 0.0831183 0.815275 -0.573078 -0.605479 -0.955436 0.228651 0.18671 -0.229941 0.283255 0.53202 0.797948 0.421552 
1534349929697 0.0825024 0.815338 -0.573077 -0.60516 -0.955515 0.228106 0.186975 -0.229947 0.28317 0.532157 0.797887 0.42162 
1534349929717 0.0822778 0.81529 -0.573177 -0.605063 -0.955568 0.227884 0.186974 -0.229928 0.283056 0.532326 0.797815 0.421587 
1534349929734 0.0821657 0.815267 -0.573226 -0.604989 -0.95559 0.227781 0.186986 -0.229939 0.283013 0.532405 0.797777 0.42159 
1534349929750 0.0821074 0.815254 -0.573253 -0.604918 -0.9556 0.227729 0.186995 -0.229969 0.282995 0.532447 0.797756 0.421609 
1534349929767 0.0821087 0.815245 -0.573265 -0.604851 -0.955598 0.227737 0.186997 -0.230018 0.283002 0.532457 0.797746 0.421641 
1534349929783 0.0821868 0.815248 -0.57325 -0.604801 -0.955583 0.227812 0.186981 -0.230089 0.28303 0.532421 0.797761 0.421683 
1534349929833 0.0823461 0.815344 -0.573091 -0.604818 -0.955538 0.227964 0.187028 -0.230141 0.283137 0.532209 0.797864 0.421744 
1534349929913 0.0819253 0.815642 -0.572728 -0.604762 -0.955493 0.227693 0.187588 -0.229979 0.28341 0.531869 0.797994 0.421715 
1534349929933 0.0817191 0.815644 -0.572754 -0.604652 -0.9555 0.227552 0.187723 -0.229952 0.283446 0.531926 0.797943 0.421679 
1534349929953 0.0815129 0.815633 -0.572798 -0.604538 -0.955508 0.227413 0.187848 -0.229969 0.283477 0.532001 0.797882 0.421666 
1534349929977 0.0813817 0.815648 -0.572796 -0.604421 -0.9555 0.227343 0.187975 -0.23002 0.283542 0.532009 0.797853 0.421697 
1534349929997 0.0814093 0.81568 -0.572747 -0.604374 -0.955471 0.227403 0.188048 -0.230077 0.283632 0.531935 0.797871 0.421744 
1534349930013 0.0814512 0.815716 -0.572689 -0.60434 -0.955441 0.227475 0.188118 -0.230127 0.283723 0.531848 0.797897 0.421793 
1534349930033 0.0814655 0.815758 -0.572628 -0.604298 -0.955406 0.227535 0.188221 -0.230167 0.283836 0.531759 0.797916 0.421844 
1534349930047 0.0814307 0.815784 -0.572596 -0.604261 -0.955385 0.227544 0.188317 -0.230182 0.283917 0.531715 0.797917 0.421872 
1534349930085 0.0810853 0.815821 -0.572591 -0.604129 -0.955362 0.227362 0.188653 -0.230131 0.284093 0.531735 0.79784 0.421875 
1534349930148 0.0809585 0.81576 -0.572696 -0.603984 -0.955426 0.227183 0.188542 -0.230111 0.283912 0.531905 0.797791 0.4218 
1534349930225 0.0814732 0.815619 -0.572824 -0.603884 -0.955713 0.227009 0.187297 -0.2301 0.2828 0.532195 0.797993 0.421691 
1534349930273 0.0814318 0.815621 -0.572828 -0.60379 -0.955785 0.226848 0.187125 -0.230063 0.282568 0.532262 0.79803 0.42165 
1534349930316 0.0814137 0.81565 -0.572789 -0.603662 -0.955834 0.226735 0.187012 -0.230077 0.282407 0.532266 0.798085 0.421678 
1534349930339 0.0814717 0.815703 -0.572706 -0.60359 -0.955847 0.226728 0.186952 -0.230106 0.282346 0.532187 0.798159 0.421717 
1534349930356 0.081515 0.815736 -0.572652 -0.603529 -0.955857 0.226724 0.186903 -0.230128 0.282298 0.532138 0.798209 0.421752 
1534349930373 0.0815299 0.815768 -0.572605 -0.60348 -0.95587 0.226699 0.186868 -0.230131 0.28225 0.5321 0.798251 0.42178 
1534349930390 0.0815144 0.815789 -0.572577 -0.603445 -0.955884 0.226657 0.186849 -0.230119 0.282208 0.532086 0.798275 0.421795 
1534349930406 0.0814798 0.815807 -0.572556 -0.603414 -0.955899 0.226601 0.186839 -0.230097 0.282166 0.532082 0.798293 0.421804 
1534349930423 0.0814399 0.815821 -0.572542 -0.603387 -0.955913 0.226545 0.186835 -0.230071 0.28213 0.532085 0.798303 0.42181 
1534349930560 0.0816718 0.81585 -0.572466 -0.603355 -0.956174 0.226185 0.185934 -0.230035 0.281178 0.532192 0.798568 0.421686 
1534349930577 0.081621 0.815832 -0.5725 -0.603292 -0.956262 0.225994 0.185716 -0.229994 0.280895 0.532301 0.798595 0.421631 
1534349930595 0.0816151 0.815807 -0.572536 -0.603219 -0.956348 0.225835 0.185465 -0.229974 0.280602 0.532407 0.798627 0.421579 
1534349930611 0.0816308 0.815788 -0.572561 -0.603174 -0.956397 0.225758 0.185307 -0.22997 0.280432 0.532469 0.798646 0.421557 
1534349930630 0.0816928 0.815759 -0.572593 -0.603119 -0.956447 0.22571 0.185105 -0.229977 0.280241 0.532533 0.79867 0.421541 
1534349930644 0.0817545 0.815769 -0.572571 -0.603096 -0.956451 0.225736 0.185051 -0.229993 0.280209 0.532507 0.798698 0.421553 
1534349930771 0.0815158 0.815832 -0.572516 -0.602964 -0.956443 0.225585 0.185277 -0.230077 0.280306 0.532476 0.798685 0.421615 
1534349930783 0.0812383 0.815868 -0.572504 -0.602952 -0.956398 0.225489 0.185629 -0.230059 0.280542 0.532461 0.798612 0.421619 
1534349930800 0.0809292 0.81583 -0.572601 -0.602948 -0.956329 0.225441 0.18604 -0.230041 0.280865 0.532539 0.798447 0.421603 
1534349930816 0.0807432 0.81575 -0.572741 -0.602948 -0.956245 0.225511 0.186385 -0.230033 0.281203 0.532631 0.798266 0.421575 
1534349930901 0.080558 0.815571 -0.573022 -0.602941 -0.956083 0.225763 0.186913 -0.230099 0.281808 0.532799 0.79794 0.421579 
1534349930928 0.0802421 0.81564 -0.572968 -0.602883 -0.956022 0.22566 0.187348 -0.230102 0.282104 0.532737 0.797877 0.421641 
1534349930945 0.0799657 0.815665 -0.572972 -0.602808 -0.955976 0.225569 0.187693 -0.230108 0.282339 0.532738 0.797793 0.421692 
1534349930958 0.0798262 0.815671 -0.572983 -0.602758 -0.95594 0.225548 0.1879 -0.230116 0.282499 0.532738 0.797737 0.421729 
1534349930976 0.0797109 0.815671 -0.572998 -0.602702 -0.955894 0.225563 0.188116 -0.230137 0.282688 0.532731 0.797675 0.421773 
1534349930991 0.0796245 0.815651 -0.573038 -0.602648 -0.955861 0.225579 0.188266 -0.230168 0.282825 0.532754 0.797611 0.421788 
1534349931008 0.079562 0.815607 -0.57311 -0.602594 -0.955839 0.225596 0.188357 -0.230214 0.282916 0.532815 0.797538 0.42178 
1534349931025 0.0795197 0.815558 -0.573186 -0.602547 -0.955812 0.225636 0.188444 -0.230276 0.283018 0.532874 0.797462 0.421765 
1534349931069 0.0793091 0.815543 -0.573236 -0.602521 -0.95577 0.22559 0.188714 -0.230305 0.283221 0.532915 0.797363 0.42173 
1534349931143 0.0788819 0.815644 -0.573151 -0.602592 -0.955724 0.225379 0.189199 -0.230211 0.283495 0.53285 0.797309 0.421705 
1534349931182 0.0785007 0.815699 -0.573125 -0.602563 -0.9557 0.225169 0.18957 -0.230234 0.283682 0.532854 0.79724 0.421667 
1534349931269 0.0783202 0.815748 -0.57308 -0.602363 -0.955513 0.225391 0.190247 -0.230496 0.284361 0.532685 0.797111 0.421731 
1534349931291 0.0782116 0.815744 -0.5731 -0.602322 -0.955498 0.225353 0.190367 -0.230557 0.28444 0.532707 0.797067 0.421745 
1534349931307 0.0780761 0.815762 -0.573094 -0.602301 -0.955481 0.225294 0.19052 -0.23057 0.284534 0.532705 0.797035 0.421751 
1534349931323 0.0778179 0.815803 -0.573071 -0.602267 -0.955444 0.225189 0.19083 -0.23056 0.284729 0.532688 0.796978 0.421756 
1534349931340 0.077565 0.815841 -0.57305 -0.602238 -0.955413 0.225076 0.191118 -0.230539 0.284902 0.532676 0.796924 0.421762 
1534349931356 0.077409 0.81587 -0.57303 -0.602221 -0.955387 0.225018 0.191316 -0.230523 0.285031 0.532656 0.796891 0.421769 
1534349931453 0.0774783 0.815758 -0.573181 -0.602137 -0.95545 0.224981 0.191045 -0.230567 0.284801 0.532844 0.796847 0.42177 
1534349931472 0.0774809 0.815658 -0.573323 -0.602046 -0.955479 0.224962 0.190924 -0.23062 0.284704 0.533005 0.796774 0.421722 
1534349931501 0.077362 0.81555 -0.573492 -0.601885 -0.955513 0.22486 0.190873 -0.230717 0.284622 0.533213 0.796664 0.4217 
1534349931523 0.077137 0.815549 -0.573524 -0.601785 -0.955523 0.224702 0.191011 -0.23077 0.284651 0.533282 0.796608 0.421719 
1534349931580 0.0768294 0.815648 -0.573425 -0.601643 -0.955438 0.224636 0.191513 -0.230839 0.285019 0.533158 0.79656 0.421846 
1534349931598 0.076714 0.815675 -0.573401 -0.601585 -0.95541 0.224607 0.191685 -0.230855 0.285143 0.533128 0.796535 0.421895 
1534349931617 0.0765353 0.815675 -0.573426 -0.601523 -0.955408 0.2245 0.191823 -0.230863 0.2852 0.533174 0.796484 0.421917 
1534349931632 0.0763089 0.815654 -0.573486 -0.601453 -0.955413 0.224355 0.191965 -0.23087 0.285241 0.533267 0.796406 0.421918 
1534349931648 0.0760962 0.815625 -0.573555 -0.601388 -0.955414 0.224231 0.192108 -0.230875 0.285297 0.533364 0.796322 0.42191 
1534349931665 0.075911 0.8156 -0.573616 -0.60133 -0.955411 0.224128 0.192241 -0.23088 0.285355 0.533445 0.796246 0.421905 
1534349931815 0.0762106 0.815622 -0.573544 -0.601121 -0.955483 0.224172 0.191828 -0.23106 0.285032 0.533393 0.796397 0.421847 
1534349931837 0.075883 0.815579 -0.573648 -0.600975 -0.955581 0.223799 0.191779 -0.231106 0.284793 0.533614 0.796335 0.421821 
1534349931866 0.0754478 0.815583 -0.573701 -0.600819 -0.955628 0.223437 0.191966 -0.23113 0.28475 0.533761 0.796252 0.421834 
1534349931977 0.075154 0.815651 -0.573642 -0.600604 -0.95557 0.223339 0.192371 -0.231253 0.285024 0.533697 0.796196 0.422031 
1534349932005 0.0747819 0.815589 -0.57378 -0.600466 -0.955635 0.223003 0.192434 -0.231249 0.284901 0.533934 0.796082 0.42202 
1534349932025 0.0746001 0.815573 -0.573826 -0.600378 -0.955644 0.222878 0.192536 -0.231261 0.28492 0.53401 0.796024 0.422014 
1534349932042 0.0744563 0.815587 -0.573824 -0.6003 -0.955653 0.222766 0.192621 -0.231265 0.284928 0.534035 0.796004 0.422008 
1534349932059 0.0743863 0.8156 -0.573814 -0.600255 -0.955652 0.222719 0.192679 -0.231281 0.284949 0.534034 0.795997 0.422012 
1534349932075 0.0743798 0.815615 -0.573794 -0.600216 -0.95564 0.222732 0.192723 -0.231322 0.28499 0.534006 0.796001 0.42203 
1534349932183 0.0743562 0.815509 -0.573948 -0.600061 -0.955733 0.222579 0.192441 -0.231409 0.284686 0.534231 0.795959 0.422083 
1534349932221 0.0741304 0.815498 -0.573993 -0.599982 -0.955798 0.222319 0.192419 -0.231267 0.284527 0.534357 0.795932 0.422198 
1534349932281 0.07405 0.815466 -0.574049 -0.599847 -0.955761 0.222349 0.192568 -0.231225 0.284672 0.534394 0.795855 0.42242 
1534349932356 0.0741519 0.815383 -0.574153 -0.599641 -0.955744 0.222471 0.192508 -0.231332 0.2847 0.534469 0.795795 0.422559 
1534349932399 0.0740859 0.815345 -0.574216 -0.599493 -0.955764 0.222406 0.192486 -0.231362 0.284652 0.534554 0.795755 0.422648 
1534349932468 0.0738607 0.815304 -0.574303 -0.599327 -0.955832 0.22215 0.192444 -0.231387 0.284482 0.534723 0.795701 0.42274 
1534349932489 0.073764 0.815294 -0.57433 -0.599292 -0.955848 0.222062 0.192465 -0.231366 0.284452 0.534776 0.795677 0.422757 
1534349932506 0.0736859 0.81528 -0.57436 -0.599254 -0.95586 0.221996 0.192484 -0.231353 0.284434 0.534824 0.795651 0.422775 
1534349932522 0.0736308 0.81527 -0.574381 -0.599219 -0.955866 0.221952 0.192502 -0.231347 0.284426 0.534858 0.795631 0.422795 
1534349932539 0.0735623 0.815258 -0.574406 -0.599178 -0.955875 0.221896 0.192523 -0.231339 0.284414 0.534898 0.795608 0.422818 
1534349932557 0.0734933 0.815242 -0.574438 -0.599134 -0.955886 0.221837 0.192535 -0.231332 0.284394 0.534947 0.795582 0.422836 
1534349932711 0.0733108 0.815248 -0.574454 -0.598963 -0.955822 0.22184 0.192848 -0.23134 0.284656 0.534938 0.795495 0.422892 
1534349932731 0.0730631 0.815215 -0.574531 -0.598869 -0.95583 0.221681 0.192995 -0.231265 0.284695 0.535053 0.795404 0.42289 
1534349932761 0.0728897 0.815194 -0.574583 -0.598753 -0.955824 0.221589 0.193128 -0.231227 0.284758 0.535123 0.795334 0.422931 
1534349932858 0.0730436 0.815194 -0.574564 -0.598537 -0.955758 0.221809 0.1932 -0.231406 0.284939 0.535032 0.79533 0.423119 
1534349932887 0.0727818 0.815121 -0.5747 -0.598426 -0.9558 0.221591 0.193246 -0.231354 0.284867 0.535234 0.795221 0.423087 
1534349932903 0.0726478 0.815084 -0.57477 -0.59837 -0.955819 0.221482 0.193275 -0.231325 0.284836 0.535335 0.795163 0.423071 
1534349932920 0.0725228 0.815048 -0.574837 -0.598315 -0.955837 0.221382 0.193301 -0.2313 0.284808 0.535432 0.795108 0.423056 
1534349932937 0.0724897 0.815048 -0.574841 -0.598284 -0.95584 0.221356 0.193318 -0.231302 0.284808 0.535443 0.795101 0.423065 
1534349932954 0.0725054 0.815058 -0.574824 -0.598269 -0.955833 0.221376 0.19333 -0.231319 0.284828 0.535418 0.79511 0.423088 
1534349933026 0.0725813 0.815149 -0.574687 -0.598233 -0.955823 0.221412 0.193337 -0.231357 0.284841 0.535266 0.795208 0.423142 
1534349933060 0.0725512 0.815339 -0.57442 -0.598219 -0.955826 0.221322 0.193423 -0.231308 0.284838 0.535013 0.79538 0.42314 
1534349933081 0.0725805 0.815504 -0.574182 -0.598199 -0.955838 0.221263 0.193432 -0.231291 0.28479 0.534786 0.795549 0.423121 
1534349933100 0.0727945 0.815635 -0.573969 -0.598188 -0.955818 0.221392 0.193384 -0.231297 0.284803 0.534533 0.795715 0.423079 
1534349933136 0.0731141 0.815747 -0.57377 -0.598185 -0.955783 0.221621 0.193293 -0.231331 0.284837 0.534267 0.795881 0.423006 
1534349933169 0.0731673 0.815873 -0.573583 -0.598169 -0.955815 0.221553 0.193215 -0.231344 0.284718 0.534102 0.796034 0.422948 
1534349933186 0.0731823 0.815957 -0.573461 -0.598151 -0.955828 0.221509 0.193199 -0.23134 0.284669 0.533992 0.796126 0.422935 
1534349933203 0.0731814 0.816062 -0.573312 -0.598124 -0.95584 0.22145 0.193206 -0.231322 0.284629 0.533856 0.796232 0.422928 
1534349933219 0.0731659 0.816143 -0.573199 -0.598101 -0.955846 0.221403 0.193233 -0.231299 0.284614 0.533752 0.796306 0.422929 
1534349933236 0.0731615 0.816199 -0.57312 -0.598084 -0.955848 0.221378 0.193254 -0.23128 0.28461 0.533677 0.796358 0.422929 
1534349933253 0.0731482 0.816278 -0.573009 -0.598057 -0.955851 0.221337 0.193285 -0.231247 0.284603 0.533573 0.796431 0.422924 
1534349933269 0.0731335 0.816314 -0.57296 -0.598042 -0.955852 0.221315 0.193307 -0.231227 0.284604 0.533528 0.79646 0.422916 
1534349933289 0.0731286 0.816336 -0.572929 -0.598032 -0.955849 0.221309 0.193326 -0.231213 0.284613 0.533496 0.796478 0.42291 
1534349933303 0.0731196 0.816338 -0.572927 -0.59803 -0.955847 0.221306 0.193339 -0.231208 0.284622 0.533494 0.796476 0.422906 
1534349933325 0.0731238 0.816331 -0.572936 -0.598036 -0.95584 0.221323 0.193352 -0.231212 0.284644 0.533497 0.796466 0.422903 
1534349933344 0.0731608 0.816329 -0.572934 -0.598052 -0.955827 0.221373 0.193363 -0.231237 0.284681 0.533479 0.796465 0.422904 
1534349933361 0.0732179 0.816351 -0.572897 -0.598069 -0.95581 0.221434 0.193377 -0.231269 0.284722 0.533422 0.796489 0.422914 
1534349933377 0.0732648 0.816358 -0.57288 -0.598086 -0.955798 0.221482 0.193379 -0.231301 0.284749 0.53339 0.796501 0.422905 
1534349933393 0.0732472 0.816363 -0.572876 -0.5981 -0.955806 0.221455 0.193371 -0.231329 0.284727 0.533394 0.796505 0.422872 
1534349933409 0.0732013 0.816368 -0.572875 -0.598107 -0.95581 0.221417 0.193394 -0.231346 0.284725 0.533403 0.7965 0.422832 
1534349933515 0.0729733 0.816536 -0.572663 -0.597988 -0.956001 0.220857 0.19309 -0.231223 0.284142 0.533376 0.796727 0.422703 
1534349933529 0.0730415 0.816462 -0.57276 -0.597983 -0.956044 0.220845 0.192892 -0.231216 0.28398 0.533495 0.796705 0.422727 
1534349933546 0.073138 0.816295 -0.572986 -0.597996 -0.956046 0.220958 0.192751 -0.231199 0.283948 0.533704 0.796577 0.422744 
1534349933570 0.0732809 0.816091 -0.573259 -0.598022 -0.956027 0.221153 0.192622 -0.231147 0.283975 0.533935 0.796411 0.4228 
1534349933587 0.0732891 0.816048 -0.573319 -0.598029 -0.95601 0.221204 0.192647 -0.231105 0.284029 0.53398 0.796362 0.422843 
1534349933603 0.0732916 0.816061 -0.5733 -0.598025 -0.956005 0.221212 0.192666 -0.231067 0.284048 0.533957 0.796371 0.422879 
1534349933620 0.0732888 0.816074 -0.573282 -0.59802 -0.956016 0.221186 0.192642 -0.231035 0.284012 0.533948 0.79639 0.422892 
1534349933637 0.073292 0.816063 -0.573297 -0.598015 -0.956038 0.22115 0.192574 -0.231007 0.283937 0.53398 0.796395 0.422885 
1534349933653 0.073299 0.816045 -0.573322 -0.598012 -0.956062 0.221115 0.192494 -0.230988 0.283854 0.534022 0.796397 0.422873 
1534349933671 0.0733123 0.81602 -0.573356 -0.598008 -0.956091 0.221076 0.192392 -0.230971 0.283751 0.534076 0.796397 0.422867 
1534349933687 0.0733428 0.815989 -0.573396 -0.598005 -0.956131 0.221031 0.192247 -0.230962 0.283609 0.534141 0.796404 0.422864 
1534349933764 0.0735086 0.815935 -0.573452 -0.598012 -0.956244 0.220941 0.191788 -0.231001 0.283186 0.534262 0.796474 0.422698 
1534349933777 0.0736367 0.816044 -0.57328 -0.598002 -0.956268 0.220939 0.191668 -0.231027 0.28307 0.534096 0.796626 0.422677 
1534349933794 0.073791 0.816183 -0.573062 -0.597993 -0.956306 0.220918 0.191503 -0.231052 0.282901 0.533892 0.796823 0.422642 
1534349933810 0.073925 0.816293 -0.572888 -0.597996 -0.956342 0.220898 0.191347 -0.231047 0.282745 0.533731 0.796986 0.422621 
1534349933831 0.0740674 0.81637 -0.57276 -0.598013 -0.956406 0.220841 0.191091 -0.231016 0.28249 0.533637 0.797139 0.42259 
1534349933851 0.0741536 0.816372 -0.572746 -0.59804 -0.956461 0.220791 0.190874 -0.230977 0.282281 0.533655 0.797201 0.422549 
1534349933868 0.0742175 0.816387 -0.572716 -0.59806 -0.956515 0.220725 0.190682 -0.230947 0.282083 0.533659 0.797268 0.422522 
1534349933884 0.0742429 0.816404 -0.572689 -0.598071 -0.956557 0.220656 0.190552 -0.230929 0.281935 0.533663 0.797319 0.422509 
1534349933903 0.0743205 0.816444 -0.572622 -0.598084 -0.956617 0.220577 0.19034 -0.230909 0.281709 0.533634 0.797418 0.422498 
1534349933917 0.0743854 0.816506 -0.572526 -0.598083 -0.956653 0.220529 0.190214 -0.230899 0.281569 0.533559 0.797517 0.422499 
1534349933934 0.0744453 0.816549 -0.572456 -0.598081 -0.956681 0.220501 0.190109 -0.230895 0.28146 0.533504 0.797592 0.422495 
1534349933951 0.0744951 0.816554 -0.572443 -0.598079 -0.956689 0.220514 0.190051 -0.2309 0.281418 0.533492 0.797615 0.422484 
1534349934005 0.074676 0.816463 -0.572549 -0.598053 -0.956656 0.220721 0.189978 -0.230933 0.281484 0.533545 0.797557 0.422486 
1534349934025 0.074741 0.816418 -0.572604 -0.598038 -0.956663 0.220763 0.189893 -0.230926 0.281442 0.533596 0.797537 0.422471 
1534349934038 0.074848 0.816361 -0.572671 -0.59803 -0.956684 0.220809 0.189732 -0.230926 0.281341 0.533664 0.797527 0.422456 
1534349934055 0.0749706 0.816312 -0.572725 -0.598027 -0.956718 0.220838 0.189527 -0.230918 0.281192 0.533727 0.797537 0.422447 
1534349934073 0.0750657 0.816294 -0.572738 -0.598029 -0.956748 0.220848 0.189367 -0.230904 0.281067 0.533751 0.797566 0.422448 
1534349934088 0.0752129 0.816284 -0.572733 -0.598034 -0.956812 0.220822 0.189073 -0.230868 0.28081 0.533777 0.797639 0.422444 
1534349934110 0.0752999 0.816308 -0.572688 -0.598032 -0.956871 0.220756 0.188851 -0.230844 0.280585 0.533768 0.797724 0.422429 
1534349934126 0.0753044 0.816372 -0.572596 -0.598024 -0.956897 0.220687 0.188797 -0.23083 0.280494 0.533698 0.797803 0.422419 
1534349934143 0.0752789 0.816407 -0.57255 -0.598019 -0.956898 0.22066 0.188829 -0.230835 0.2805 0.533657 0.797829 0.422404 
1534349934159 0.0752561 0.816455 -0.572484 -0.598019 -0.956874 0.220675 0.188933 -0.23086 0.280588 0.533576 0.797851 0.422387 
1534349934183 0.075042 0.816524 -0.572413 -0.598021 -0.956872 0.22052 0.189119 -0.230867 0.280649 0.533534 0.797858 0.422366 
1534349934199 0.0749075 0.81654 -0.572408 -0.598022 -0.956895 0.220387 0.18916 -0.230863 0.280608 0.533565 0.797852 0.422344 
1534349934217 0.0748706 0.816535 -0.57242 -0.598024 -0.956917 0.220324 0.189122 -0.230864 0.280543 0.533599 0.797852 0.422329 
1534349934233 0.0749158 0.816509 -0.572451 -0.598029 -0.956949 0.2203 0.188989 -0.230877 0.280422 0.533648 0.797862 0.422303 
1534349934396 0.0753602 0.816544 -0.572343 -0.598054 -0.956935 0.220594 0.188716 -0.230903 0.28035 0.533473 0.798004 0.422289 
1534349934409 0.0751497 0.816603 -0.572286 -0.598042 -0.956875 0.220557 0.189064 -0.230893 0.280612 0.533398 0.797962 0.422282 
1534349934426 0.0749729 0.816677 -0.572204 -0.598032 -0.95683 0.220507 0.18935 -0.230893 0.280813 0.533306 0.797953 0.422284 
1534349934442 0.0748202 0.816753 -0.572116 -0.598023 -0.956784 0.220472 0.18962 -0.2309 0.281009 0.533204 0.797952 0.422293 
1534349934505 0.0747539 0.816812 -0.57204 -0.598009 -0.956699 0.220572 0.189933 -0.23095 0.281315 0.533072 0.797932 0.422295 
1534349934540 0.0747034 0.816898 -0.571924 -0.598007 -0.956618 0.220666 0.190233 -0.230972 0.281605 0.532902 0.797944 0.422304 
1534349934557 0.074655 0.816982 -0.57181 -0.598005 -0.956567 0.220703 0.190445 -0.230982 0.28179 0.532758 0.797975 0.422313 
1534349934574 0.0746212 0.817067 -0.571694 -0.598004 -0.956524 0.220735 0.190624 -0.230998 0.281945 0.532615 0.798015 0.422321 
1534349934590 0.0745809 0.817154 -0.571575 -0.598003 -0.956478 0.220768 0.190817 -0.231017 0.282112 0.532467 0.798055 0.422322 
1534349934607 0.0745567 0.817197 -0.571516 -0.598004 -0.956471 0.220751 0.190871 -0.23103 0.282142 0.532408 0.798084 0.422311 
1534349934623 0.0745172 0.817248 -0.571449 -0.598013 -0.956477 0.220699 0.190904 -0.23104 0.282134 0.532352 0.798124 0.422287 
1534349934640 0.0744751 0.817285 -0.571401 -0.59802 -0.956478 0.220657 0.190944 -0.231034 0.282139 0.532312 0.798149 0.422276 
1534349934657 0.0744309 0.817302 -0.571382 -0.59803 -0.95648 0.22062 0.190979 -0.231018 0.282146 0.532301 0.798154 0.422276 
1534349934673 0.0743631 0.817286 -0.571414 -0.598041 -0.956485 0.220574 0.191008 -0.23099 0.282147 0.532345 0.798124 0.422269 
1534349934691 0.0742892 0.81725 -0.571475 -0.598046 -0.956493 0.220523 0.191023 -0.230959 0.282137 0.532421 0.798077 0.422261 
1534349934786 0.0741367 0.816857 -0.572057 -0.598034 -0.95625 0.221017 0.19167 -0.231005 0.283002 0.53282 0.797505 0.422375 
1534349934803 0.0740252 0.816859 -0.572067 -0.598012 -0.95616 0.221115 0.192005 -0.231012 0.283334 0.532775 0.797417 0.422377 
1534349934820 0.0739073 0.81686 -0.572082 -0.597993 -0.95608 0.221191 0.192316 -0.23102 0.283635 0.532743 0.797331 0.422381 
1534349934838 0.0738025 0.816854 -0.572103 -0.597978 -0.956014 0.22125 0.192576 -0.231028 0.283884 0.532726 0.797253 0.422386 
1534349934853 0.0737196 0.816854 -0.572115 -0.59797 -0.955965 0.22129 0.192773 -0.231033 0.284071 0.532711 0.797197 0.422392 
1534349934870 0.0736829 0.816847 -0.572129 -0.597969 -0.955937 0.221321 0.192875 -0.231043 0.284173 0.532708 0.797162 0.422402 
1534349934887 0.0736932 0.816835 -0.572145 -0.597975 -0.955924 0.221357 0.192901 -0.231058 0.284216 0.532711 0.797145 0.422418 
1534349934903 0.0737028 0.816816 -0.572171 -0.597986 -0.955931 0.221357 0.192867 -0.231065 0.28419 0.532742 0.797134 0.422418 
1534349934920 0.0737288 0.816798 -0.572193 -0.597995 -0.955959 0.221326 0.192762 -0.231069 0.284089 0.532781 0.797143 0.422418 
1534349934937 0.0738106 0.816761 -0.572236 -0.598009 -0.956028 0.221261 0.192495 -0.231085 0.283836 0.532865 0.797178 0.422413 
1534349934953 0.0738649 0.816731 -0.572271 -0.598018 -0.956069 0.221227 0.192327 -0.231097 0.283682 0.532924 0.797193 0.422412 
1534349934980 0.0738878 0.816696 -0.572318 -0.598028 -0.956099 0.221197 0.192213 -0.231107 0.283575 0.53299 0.797187 0.422417 
1534349934997 0.0738218 0.816686 -0.572341 -0.598031 -0.956098 0.221161 0.19226 -0.231103 0.283595 0.533021 0.797159 0.422413 
1534349935013 0.0737232 0.816673 -0.572372 -0.598034 -0.956091 0.221117 0.192348 -0.231094 0.283646 0.533059 0.797115 0.422406 
1534349935030 0.0735525 0.816676 -0.57239 -0.598035 -0.956048 0.221088 0.192592 -0.231068 0.283834 0.533067 0.797043 0.422402 
1534349935047 0.0733714 0.816635 -0.572472 -0.598037 -0.955978 0.22112 0.192905 -0.231047 0.284118 0.533117 0.796908 0.422398 
1534349935064 0.0732273 0.816585 -0.572561 -0.598037 -0.955899 0.221193 0.193211 -0.231037 0.28442 0.533163 0.79677 0.422402 
1534349935080 0.0731423 0.816546 -0.572627 -0.598033 -0.955835 0.221272 0.193436 -0.231041 0.284656 0.533189 0.796668 0.422405 
1534349935097 0.0731388 0.816517 -0.57267 -0.598031 -0.955811 0.221325 0.193495 -0.231057 0.284738 0.533212 0.796624 0.422411 
1534349935186 0.0729144 0.816545 -0.572658 -0.598018 -0.955765 0.221259 0.193796 -0.231134 0.28495 0.533197 0.796558 0.422529 
1534349935200 0.0727899 0.816549 -0.572669 -0.598021 -0.95573 0.221246 0.193987 -0.231134 0.285101 0.533197 0.796504 0.422542 
1534349935217 0.0725281 0.816498 -0.572775 -0.598035 -0.955649 0.221248 0.194381 -0.231134 0.285437 0.533273 0.796332 0.422553 
1534349935233 0.0723484 0.816454 -0.572859 -0.598041 -0.95559 0.221258 0.194658 -0.231146 0.285679 0.533336 0.796204 0.422565 
1534349935250 0.072186 0.816406 -0.572949 -0.598049 -0.955528 0.221288 0.19493 -0.231163 0.285929 0.533398 0.796073 0.422583 
1534349935305 0.0723413 0.816391 -0.57295 -0.598047 -0.955457 0.221524 0.195011 -0.231235 0.286127 0.533322 0.796052 0.42264 
1534349935323 0.0724449 0.816393 -0.572935 -0.598045 -0.955502 0.221505 0.194811 -0.231261 0.285951 0.533328 0.796112 0.422624 
1534349935339 0.072512 0.81641 -0.572902 -0.598039 -0.955539 0.221473 0.194666 -0.231274 0.28581 0.533315 0.796171 0.422613 
1534349935355 0.0727935 0.816525 -0.572702 -0.598018 -0.955696 0.221318 0.194068 -0.231299 0.285211 0.533203 0.79646 0.422566 
1534349935372 0.0728952 0.816571 -0.572624 -0.598015 -0.955798 0.221177 0.193728 -0.231302 0.284844 0.533191 0.7966 0.422526 
1534349935389 0.0729249 0.816579 -0.572608 -0.59802 -0.955865 0.221068 0.193524 -0.231295 0.284613 0.533223 0.796661 0.42249 
1534349935406 0.0728919 0.816608 -0.572571 -0.598035 -0.955938 0.220899 0.193352 -0.231266 0.284374 0.533249 0.796729 0.42245 
1534349935422 0.0728322 0.81664 -0.572533 -0.59805 -0.95599 0.220754 0.193263 -0.231235 0.284215 0.533261 0.796778 0.422424 
1534349935498 0.0722701 0.816745 -0.572454 -0.598109 -0.956197 0.219974 0.193131 -0.231097 0.283664 0.533421 0.796867 0.422358 
1534349935559 0.0725373 0.816545 -0.572706 -0.598101 -0.956214 0.220179 0.192813 -0.231192 0.283538 0.533643 0.796763 0.422453 
1534349935586 0.0729087 0.816337 -0.572956 -0.598089 -0.956192 0.220524 0.192524 -0.231302 0.283515 0.533819 0.796653 0.422521 
1534349935627 0.0733366 0.816139 -0.573184 -0.598061 -0.956174 0.220895 0.192187 -0.231361 0.283465 0.533969 0.79657 0.422588 
1534349935686 0.0732968 0.816121 -0.573213 -0.59806 -0.956329 0.220584 0.191774 -0.231283 0.282953 0.534124 0.796649 0.422657 
1534349935732 0.0733208 0.816056 -0.573303 -0.598075 -0.956474 0.220347 0.191323 -0.23124 0.282455 0.534322 0.796693 0.422681 
1534349935774 0.0733668 0.815982 -0.573403 -0.598093 -0.956594 0.220174 0.190923 -0.231215 0.282038 0.534506 0.796717 0.422704 
1534349935789 0.0733761 0.815954 -0.573441 -0.598099 -0.95663 0.22012 0.190803 -0.23121 0.281912 0.534571 0.796718 0.422703 
1534349935804 0.0733904 0.815922 -0.573485 -0.598106 -0.956672 0.220061 0.190663 -0.231203 0.281768 0.534644 0.79672 0.422704 
1534349935824 0.0734125 0.815887 -0.573532 -0.598115 -0.956724 0.219988 0.190486 -0.231195 0.281586 0.534727 0.796728 0.422712 
1534349935841 0.0734273 0.815862 -0.573566 -0.598123 -0.956766 0.219925 0.190345 -0.231185 0.281437 0.534792 0.796738 0.422723 
1534349935858 0.07345 0.815847 -0.573585 -0.598131 -0.956808 0.219864 0.190204 -0.231176 0.281288 0.53484 0.796758 0.42274 
1534349935877 0.0734676 0.815843 -0.573588 -0.598137 -0.956839 0.219818 0.190102 -0.231169 0.281178 0.534865 0.79678 0.422756 
1534349935891 0.0734763 0.815831 -0.573603 -0.59814 -0.956859 0.21979 0.190036 -0.231167 0.28111 0.534894 0.796785 0.422763 
1534349935929 0.0732934 0.815765 -0.573721 -0.598141 -0.95687 0.219674 0.190111 -0.231175 0.281118 0.535042 0.796682 0.42273 
1534349935946 0.0730735 0.815675 -0.573877 -0.598155 -0.956883 0.219541 0.1902 -0.23117 0.281131 0.535234 0.796549 0.422717 
1534349935962 0.0728822 0.81563 -0.573965 -0.598163 -0.956883 0.219435 0.190322 -0.23116 0.281181 0.535347 0.796456 0.422723 
1534349935979 0.0726594 0.815564 -0.574087 -0.598169 -0.956868 0.219345 0.190501 -0.231157 0.281289 0.535484 0.796325 0.422758 
1534349935996 0.0725228 0.815504 -0.574189 -0.598174 -0.956849 0.219316 0.190633 -0.231161 0.281391 0.535587 0.796219 0.422801 
1534349936056 0.0723662 0.815432 -0.574311 -0.598171 -0.956821 0.219294 0.190799 -0.231186 0.281526 0.535705 0.796092 0.422973 
1534349936088 0.0725243 0.815356 -0.574399 -0.598176 -0.956881 0.219304 0.190484 -0.231219 0.28128 0.535817 0.796104 0.422959 
1534349936119 0.0726571 0.815259 -0.57452 -0.59818 -0.95697 0.219251 0.190099 -0.231249 0.280944 0.535987 0.796109 0.422874 
1534349936151 0.0730091 0.815247 -0.574492 -0.598177 -0.957056 0.219313 0.189595 -0.231252 0.28056 0.535979 0.796249 0.422797 
1534349936181 0.0731771 0.815241 -0.57448 -0.598176 -0.957154 0.219233 0.189189 -0.231235 0.28018 0.536022 0.796354 0.422757 
1534349936212 0.0731302 0.815183 -0.574568 -0.598172 -0.95726 0.21902 0.188902 -0.231192 0.279831 0.536196 0.796359 0.422754 
1534349936243 0.073068 0.815094 -0.574702 -0.598178 -0.957346 0.218845 0.188669 -0.231149 0.279554 0.536403 0.796318 0.422788 
1534349936260 0.0730048 0.814977 -0.574876 -0.598193 -0.957384 0.218771 0.188562 -0.231128 0.27944 0.536611 0.796217 0.422798 
1534349936276 0.072884 0.814868 -0.575045 -0.598207 -0.957444 0.218614 0.188436 -0.231106 0.279264 0.53684 0.796125 0.422806 
1534349936293 0.0727932 0.814766 -0.575203 -0.598219 -0.9575 0.218483 0.188304 -0.231086 0.279096 0.53705 0.796042 0.422812 
1534349936437 0.0727058 0.814839 -0.57511 -0.598206 -0.957453 0.218495 0.188531 -0.231163 0.279281 0.536934 0.796056 0.422838 
1534349936452 0.0726627 0.814972 -0.574927 -0.598187 -0.957405 0.218517 0.18875 -0.231168 0.279457 0.536723 0.796136 0.422845 
1534349936467 0.0726107 0.815138 -0.574697 -0.598165 -0.957339 0.218556 0.18904 -0.231177 0.279697 0.536454 0.796233 0.422854 
1534349936484 0.0725716 0.815222 -0.574584 -0.598156 -0.957287 0.218603 0.189246 -0.23119 0.279884 0.536308 0.796266 0.422856 
1534349936540 0.0725706 0.815257 -0.574535 -0.598169 -0.95724 0.218682 0.189396 -0.23129 0.280046 0.536223 0.796266 0.42285 
1534349936572 0.0723934 0.815289 -0.574512 -0.598175 -0.957228 0.218582 0.189571 -0.231331 0.280133 0.536215 0.796241 0.422842 
1534349936591 0.0721128 0.815342 -0.574471 -0.598171 -0.957216 0.21841 0.189829 -0.231333 0.280246 0.536204 0.796208 0.422831 
