1535377645512 0.248384 0.924309 -0.289756 -0.6225 -0.93654 0.305545 0.171859 -0.238112 0.247385 0.228681 0.941544 0.379145 
1535377650244 0.248384 0.924309 -0.289756 -0.6225 -0.93654 0.305545 0.171859 -0.238112 0.247385 0.228681 0.941544 0.379145 
1535377650694 0.248941 0.924372 -0.289075 -0.623773 -0.936511 0.305839 0.171491 -0.238636 0.246932 0.228031 0.941821 0.378669 
1535377651093 0.248964 0.92477 -0.287779 -0.625293 -0.936736 0.305409 0.171032 -0.239064 0.246055 0.226992 0.942301 0.378093 
1535377651537 0.248699 0.92521 -0.286594 -0.626872 -0.93705 0.304712 0.170552 -0.239371 0.245125 0.226136 0.942749 0.377524 
1535377651946 0.24889 0.925459 -0.285619 -0.628392 -0.93719 0.304539 0.17009 -0.239865 0.244394 0.225346 0.943128 0.3769 
1535377652417 0.2489 0.925879 -0.284248 -0.629899 -0.93745 0.304055 0.169525 -0.240279 0.243386 0.224274 0.943644 0.376348 
1535377652845 0.24874 0.926234 -0.283231 -0.631426 -0.937715 0.303511 0.169032 -0.240705 0.242527 0.223545 0.944038 0.375737 
1535377653298 0.248918 0.92659 -0.281905 -0.632957 -0.937897 0.303229 0.168528 -0.241109 0.241638 0.222448 0.944525 0.37519 
1535377653754 0.248833 0.927016 -0.280577 -0.634502 -0.938145 0.302699 0.168099 -0.241494 0.240761 0.221393 0.944997 0.374689 
1535377654206 0.248561 0.927387 -0.279592 -0.636085 -0.938386 0.302105 0.167823 -0.241756 0.240103 0.220651 0.945338 0.374045 
1535377654227 0.248045 0.927679 -0.27908 -0.63629 -0.938631 0.301419 0.167686 -0.24166 0.239679 0.220359 0.945514 0.373912 
