1535143702538 0.209687 0.917599 -0.337702 -0.472402 -0.94447 0.27945 0.172873 -0.171681 0.252999 0.2827 0.925242 0.475177 
1535143710126 0.209687 0.917599 -0.337702 -0.472402 -0.94447 0.27945 0.172873 -0.17168 0.252999 0.2827 0.925242 0.475177 
1535143711225 0.209687 0.917599 -0.337702 -0.472402 -0.94447 0.27945 0.172873 -0.17168 0.252999 0.2827 0.925242 0.475177 
1535143711887 0.224424 0.920088 -0.321047 -0.520788 -0.942326 0.288847 0.169083 -0.192902 0.248305 0.264585 0.931847 0.44507 
1535143713004 0.224424 0.920088 -0.321047 -0.520788 -0.942326 0.288847 0.169083 -0.192902 0.248305 0.264585 0.931847 0.44507 
1535143713885 0.233532 0.921697 -0.309739 -0.55327 -0.941086 0.294375 0.166433 -0.207006 0.24458 0.252624 0.936142 0.424609 
1535143715056 0.252124 0.924259 -0.286668 -0.618187 -0.938218 0.306031 0.161527 -0.235288 0.237022 0.228232 0.944315 0.383322 
1535143715452 0.252784 0.924165 -0.286391 -0.619558 -0.938054 0.3066 0.161402 -0.236094 0.236969 0.22785 0.94442 0.382828 
1535143716220 0.253897 0.92422 -0.285224 -0.622874 -0.937842 0.307375 0.161161 -0.23747 0.236619 0.226577 0.944814 0.380823 
1535143716762 0.254709 0.924527 -0.283503 -0.627836 -0.937774 0.307706 0.160926 -0.239457 0.236016 0.224873 0.945372 0.377571 
1535143717312 0.255668 0.924646 -0.282249 -0.631091 -0.937597 0.308325 0.160772 -0.240884 0.235682 0.223532 0.945774 0.375442 
1535143717442 0.255407 0.924929 -0.281554 -0.632864 -0.93772 0.307905 0.160858 -0.241402 0.235474 0.222934 0.945966 0.374088 
1535143717870 0.254368 0.924511 -0.283859 -0.633583 -0.937648 0.30765 0.161766 -0.24217 0.236884 0.225012 0.945122 0.374056 
1535143718265 0.252896 0.924254 -0.286005 -0.634379 -0.937702 0.306948 0.162783 -0.242786 0.238242 0.22702 0.9443 0.373829 
1535143718638 0.252227 0.923968 -0.287513 -0.634915 -0.937594 0.306851 0.163588 -0.243238 0.239373 0.228309 0.943703 0.373745 
1535143718669 0.252227 0.923968 -0.287513 -0.634915 -0.937594 0.306851 0.163588 -0.243238 0.239373 0.228309 0.943703 0.373745 
1535143719067 0.251697 0.924142 -0.28742 -0.634929 -0.937776 0.306289 0.163591 -0.243426 0.239215 0.22836 0.943731 0.373807 
1535143719735 0.248015 0.925306 -0.286876 -0.63523 -0.938704 0.302729 0.164893 -0.24405 0.239422 0.228396 0.94367 0.374025 
1535143720552 0.247456 0.92548 -0.286798 -0.635262 -0.938852 0.302181 0.165054 -0.244201 0.239419 0.228417 0.943665 0.374041 
1535143720584 0.247456 0.92548 -0.286798 -0.635262 -0.938852 0.302181 0.165054 -0.244201 0.239419 0.228417 0.943665 0.374041 
1535143720605 0.247456 0.92548 -0.286798 -0.635262 -0.938852 0.302181 0.165054 -0.244201 0.239419 0.228417 0.943665 0.374041 
1535143720848 0.246847 0.925706 -0.286592 -0.635299 -0.938968 0.301605 0.165448 -0.244282 0.239594 0.228261 0.943659 0.374158 
1535143721098 0.246372 0.926272 -0.285169 -0.635151 -0.939529 0.300482 0.164302 -0.244476 0.237877 0.227445 0.94429 0.374044 
1535143721468 0.245417 0.926914 -0.283903 -0.635057 -0.940107 0.299032 0.163644 -0.244632 0.23658 0.226738 0.944786 0.374089 
1535143721510 0.245417 0.926914 -0.283903 -0.635057 -0.940107 0.299032 0.163644 -0.244632 0.23658 0.226738 0.944786 0.374089 
1535143721854 0.246212 0.92676 -0.283718 -0.634985 -0.939972 0.299688 0.163214 -0.244529 0.236287 0.226501 0.944916 0.374083 
1535143722561 0.24901 0.926275 -0.282859 -0.634543 -0.93969 0.301776 0.160981 -0.244282 0.234473 0.225714 0.945556 0.373926 
1535143722614 0.24901 0.926275 -0.282859 -0.634543 -0.93969 0.301776 0.160981 -0.244282 0.234473 0.225714 0.945556 0.373926 
1535143722893 0.249632 0.9262 -0.282555 -0.63439 -0.939699 0.302149 0.160225 -0.244217 0.233774 0.22552 0.945775 0.373874 
1535143723254 0.250885 0.925894 -0.282449 -0.633877 -0.939254 0.303437 0.1604 -0.243832 0.234219 0.225049 0.945777 0.374154 
1535143723739 0.254053 0.925295 -0.281578 -0.632704 -0.938618 0.306109 0.159039 -0.243406 0.233352 0.22389 0.946266 0.374546 
1535143724111 0.25393 0.925244 -0.281858 -0.632233 -0.938603 0.306086 0.159173 -0.243148 0.233547 0.224134 0.946161 0.374692 
1535143724704 0.253944 0.924987 -0.282687 -0.630814 -0.938231 0.306595 0.160384 -0.242749 0.235023 0.224497 0.945709 0.37534 
1535143725220 0.25404 0.924759 -0.283346 -0.629707 -0.937943 0.307051 0.161192 -0.242441 0.236065 0.224814 0.945374 0.375713 
1535143725481 0.254206 0.924659 -0.283524 -0.629511 -0.937829 0.307306 0.16137 -0.242441 0.23634 0.224875 0.945291 0.375821 
1535143726083 0.254493 0.924671 -0.283225 -0.62753 -0.937674 0.307602 0.161706 -0.2416 0.236646 0.22442 0.945322 0.376324 
1535143726692 0.254641 0.924619 -0.283264 -0.62566 -0.937503 0.307874 0.162179 -0.240823 0.237163 0.224263 0.94523 0.37689 
1535143727146 0.254361 0.924625 -0.283495 -0.625062 -0.937491 0.30773 0.162521 -0.240414 0.237511 0.224435 0.945102 0.377066 
1535143727872 0.254287 0.92435 -0.284455 -0.62301 -0.936989 0.308321 0.164286 -0.239599 0.239561 0.224756 0.944508 0.377669 
1535143728337 0.254229 0.924253 -0.284823 -0.62217 -0.936811 0.308512 0.164939 -0.239249 0.240317 0.224893 0.944283 0.377937 
1535143728361 0.254229 0.924253 -0.284823 -0.62217 -0.936811 0.308512 0.164939 -0.239249 0.240317 0.224893 0.944283 0.377937 
1535143728379 0.254396 0.924146 -0.285022 -0.621952 -0.93668 0.308787 0.165169 -0.239229 0.240652 0.224956 0.944183 0.378013 
1535143728544 0.254397 0.924145 -0.285023 -0.621952 -0.936679 0.308789 0.165173 -0.239229 0.240655 0.224956 0.944182 0.378014 
1535143728580 0.254397 0.924145 -0.285023 -0.621952 -0.936679 0.308789 0.165173 -0.239229 0.240655 0.224956 0.944182 0.378014 
1535143728605 0.254397 0.924145 -0.285023 -0.621952 -0.936679 0.308789 0.165173 -0.239229 0.240655 0.224956 0.944182 0.378014 
1535143728707 0.254085 0.924027 -0.285683 -0.621289 -0.936891 0.308489 0.164527 -0.238629 0.240158 0.22585 0.944095 0.378186 
1535143728791 0.254085 0.924027 -0.285683 -0.621289 -0.936891 0.308489 0.164527 -0.238629 0.240158 0.22585 0.944095 0.378186 
1535143729132 0.254444 0.923536 -0.286948 -0.620223 -0.936824 0.309028 0.163895 -0.238016 0.240038 0.227117 0.943822 0.378567 
1535143729549 0.254542 0.923323 -0.287546 -0.619192 -0.936501 0.309509 0.164837 -0.237754 0.241196 0.227329 0.943476 0.37894 
1535143730500 0.254374 0.923181 -0.288151 -0.618217 -0.936311 0.309678 0.165594 -0.237429 0.242107 0.227676 0.943159 0.379221 
1535143731074 0.25439 0.923086 -0.288442 -0.617734 -0.936231 0.309817 0.165788 -0.237171 0.242401 0.227874 0.943035 0.379272 
1535143731684 0.255138 0.922834 -0.288586 -0.616162 -0.935694 0.310869 0.166847 -0.236723 0.243685 0.227459 0.942804 0.379865 
1535143732006 0.25487 0.922836 -0.288816 -0.615875 -0.935683 0.310733 0.167161 -0.236539 0.244007 0.227636 0.942679 0.379914 
1535143732636 0.255104 0.922686 -0.289089 -0.61466 -0.935197 0.311399 0.168636 -0.236268 0.24562 0.227335 0.942332 0.380311 
1535143732661 0.255221 0.922629 -0.289168 -0.614423 -0.935037 0.311643 0.169068 -0.236218 0.246104 0.227234 0.94223 0.380439 
1535143732858 0.255221 0.922629 -0.289168 -0.614423 -0.935037 0.311643 0.169068 -0.236218 0.246104 0.227234 0.94223 0.380439 
1535143733080 0.255213 0.922486 -0.289631 -0.614261 -0.935011 0.311746 0.169024 -0.23616 0.246214 0.227671 0.942096 0.38043 
1535143733303 0.254862 0.922392 -0.29024 -0.613722 -0.935006 0.311616 0.169289 -0.235859 0.246594 0.228231 0.941861 0.380677 
1535143733554 0.254753 0.922111 -0.291225 -0.612842 -0.934866 0.311851 0.169631 -0.235491 0.247237 0.229042 0.941495 0.38092 
1535143733699 0.254706 0.921953 -0.291766 -0.612285 -0.934694 0.312076 0.170162 -0.235236 0.247935 0.229371 0.941232 0.381222 
1535143733726 0.255131 0.921734 -0.292086 -0.611996 -0.934544 0.312572 0.170078 -0.235406 0.248064 0.229575 0.941148 0.381298 
1535143733754 0.255131 0.921734 -0.292086 -0.611996 -0.934544 0.312572 0.170078 -0.235406 0.248064 0.229575 0.941148 0.381298 
1535143733868 0.254981 0.921766 -0.292117 -0.61204 -0.934591 0.312429 0.170079 -0.23529 0.248039 0.229643 0.941138 0.381274 
1535143733897 0.254981 0.921766 -0.292117 -0.61204 -0.934591 0.312429 0.170079 -0.23529 0.248039 0.229643 0.941138 0.381274 
1535143733914 0.254981 0.921766 -0.292117 -0.61204 -0.934591 0.312429 0.170079 -0.23529 0.248039 0.229643 0.941138 0.381274 
1535143733942 0.254981 0.921766 -0.292117 -0.61204 -0.934591 0.312429 0.170079 -0.23529 0.248039 0.229643 0.941138 0.381274 
1535143733973 0.254981 0.921766 -0.292117 -0.61204 -0.934591 0.312429 0.170079 -0.23529 0.248039 0.229643 0.941138 0.381274 
1535143734277 0.255291 0.922319 -0.290092 -0.610881 -0.934882 0.312004 0.16926 -0.23438 0.246622 0.227991 0.941912 0.381447 
1535143734834 0.256361 0.92194 -0.290354 -0.609258 -0.93429 0.313349 0.170044 -0.23399 0.247753 0.227682 0.94169 0.381952 
1535143735413 0.256692 0.921811 -0.290471 -0.608267 -0.934129 0.313749 0.170187 -0.233638 0.248015 0.227652 0.941628 0.382141 
1535143735696 0.257015 0.921769 -0.290318 -0.607703 -0.933928 0.314132 0.170585 -0.23345 0.248438 0.227293 0.941603 0.382311 
1535143736120 0.257227 0.92184 -0.289906 -0.607285 -0.933884 0.314245 0.170619 -0.233197 0.248385 0.226851 0.941724 0.382365 
1535143736543 0.25813 0.9219 -0.288912 -0.60531 -0.933481 0.315061 0.171318 -0.232381 0.248963 0.225471 0.941902 0.382799 
1535143736891 0.258625 0.921836 -0.288672 -0.604862 -0.933274 0.315552 0.17154 -0.232302 0.249223 0.225046 0.941935 0.382961 
1535143736922 0.258625 0.921836 -0.288672 -0.604862 -0.933274 0.315552 0.17154 -0.232302 0.249223 0.225046 0.941935 0.382961 
1535143737285 0.258475 0.921936 -0.288486 -0.604524 -0.93329 0.315397 0.17174 -0.23209 0.249321 0.22485 0.941956 0.383067 
1535143737666 0.258083 0.922276 -0.287749 -0.603287 -0.933313 0.314962 0.172409 -0.231534 0.249639 0.224064 0.942059 0.383401 
1535143738178 0.258294 0.922311 -0.287447 -0.602338 -0.93318 0.315174 0.172742 -0.231244 0.249918 0.223622 0.942091 0.383566 
1535143738429 0.258787 0.922418 -0.286659 -0.60197 -0.933125 0.315424 0.172583 -0.231137 0.249613 0.222826 0.94236 0.383564 
1535143738948 0.26007 0.923205 -0.28294 -0.600809 -0.933346 0.315442 0.171351 -0.230498 0.247443 0.219518 0.943707 0.383624 
1535143739335 0.260013 0.923395 -0.282374 -0.600634 -0.933445 0.315209 0.171241 -0.230284 0.247129 0.219056 0.943897 0.38364 
1535143739365 0.260013 0.923395 -0.282374 -0.600634 -0.933445 0.315209 0.171241 -0.230284 0.247129 0.219056 0.943897 0.38364 
1535143739637 0.260442 0.923589 -0.281342 -0.600287 -0.933448 0.315319 0.171025 -0.230118 0.246669 0.218076 0.944244 0.383618 
1535143740011 0.26147 0.924334 -0.277923 -0.600228 -0.933544 0.315332 0.170475 -0.229831 0.245213 0.214879 0.945356 0.383219 
1535143740561 0.263113 0.925223 -0.273375 -0.599787 -0.9336 0.315618 0.169637 -0.229478 0.243234 0.210589 0.946831 0.382977 
1535143740946 0.263452 0.925444 -0.272298 -0.599761 -0.933637 0.315631 0.16941 -0.229509 0.242725 0.209596 0.947182 0.382917 
1535143741305 0.264111 0.925834 -0.270327 -0.599846 -0.933843 0.315563 0.168394 -0.229343 0.24121 0.207968 0.947928 0.382702 
1535143741552 0.265165 0.926426 -0.267249 -0.599904 -0.933968 0.315653 0.167535 -0.229229 0.239566 0.205178 0.948952 0.382474 
1535143741589 0.266163 0.926806 -0.264932 -0.600028 -0.934088 0.315847 0.166495 -0.229115 0.237986 0.203155 0.949785 0.382203 
1535143741748 0.266163 0.926806 -0.264932 -0.600028 -0.934088 0.315847 0.166495 -0.229115 0.237986 0.203155 0.949785 0.382203 
1535143741769 0.266163 0.926806 -0.264932 -0.600028 -0.934088 0.315847 0.166495 -0.229115 0.237986 0.203155 0.949785 0.382203 
1535143741786 0.266163 0.926806 -0.264932 -0.600028 -0.934088 0.315847 0.166495 -0.229115 0.237986 0.203155 0.949785 0.382203 
1535143741804 0.266163 0.926806 -0.264932 -0.600028 -0.934088 0.315847 0.166495 -0.229115 0.237986 0.203155 0.949785 0.382203 
1535143741821 0.266163 0.926806 -0.264932 -0.600028 -0.934088 0.315847 0.166495 -0.229115 0.237986 0.203155 0.949785 0.382203 
1535143741911 0.266163 0.926806 -0.264932 -0.600028 -0.934088 0.315847 0.166495 -0.229115 0.237986 0.203155 0.949785 0.382203 
1535143741941 0.266163 0.926806 -0.264932 -0.600028 -0.934088 0.315847 0.166495 -0.229115 0.237986 0.203155 0.949785 0.382203 
1535143741962 0.266163 0.926806 -0.264932 -0.600028 -0.934088 0.315847 0.166495 -0.229115 0.237986 0.203155 0.949785 0.382203 
