1535117562010 0.208432 0.91846 -0.336136 -0.548011 -0.944812 0.277906 0.173491 -0.223341 0.252758 0.281424 0.925696 0.447018 
1535117566799 0.208432 0.91846 -0.336136 -0.548011 -0.944812 0.277906 0.173491 -0.223341 0.252759 0.281424 0.925696 0.447019 
1535117567825 0.218144 0.920252 -0.324884 -0.566104 -0.943129 0.284356 0.17219 -0.229325 0.250841 0.268845 0.929947 0.432824 
1535117569351 0.235709 0.923592 -0.302357 -0.60315 -0.939841 0.295799 0.170887 -0.240701 0.247267 0.243888 0.937751 0.403352 
1535117570752 0.248968 0.925482 -0.285477 -0.630879 -0.937218 0.304542 0.169929 -0.24929 0.244206 0.225248 0.9432 0.381109 
1535117570799 0.247976 0.925831 -0.28521 -0.631089 -0.937363 0.303656 0.170717 -0.248914 0.24466 0.225012 0.943139 0.380903 
1535117571211 0.249962 0.925425 -0.284794 -0.632534 -0.936969 0.305351 0.169851 -0.249936 0.244147 0.224387 0.943421 0.379726 
1535117571645 0.250917 0.925565 -0.283495 -0.634426 -0.936748 0.305993 0.169916 -0.250491 0.244016 0.222929 0.9438 0.378215 
1535117572055 0.251275 0.925858 -0.282219 -0.636358 -0.936699 0.306058 0.170072 -0.250879 0.243838 0.22162 0.944155 0.376661 
1535117572551 0.252662 0.926037 -0.280389 -0.639151 -0.936393 0.306986 0.170081 -0.251796 0.243577 0.219581 0.944698 0.374435 
1535117572582 0.252427 0.926208 -0.280036 -0.63929 -0.936465 0.306689 0.170224 -0.251657 0.243546 0.219275 0.944777 0.374359 
1535117572814 0.251726 0.925944 -0.281534 -0.639159 -0.936443 0.306485 0.17071 -0.25177 0.244354 0.220668 0.944244 0.374663 
1535117572952 0.25155 0.925735 -0.282378 -0.639052 -0.936376 0.306575 0.170912 -0.251875 0.244789 0.221419 0.943955 0.374865 
1535117573081 0.250893 0.925603 -0.283393 -0.639041 -0.936413 0.306262 0.171272 -0.251901 0.245323 0.222402 0.943586 0.374968 
1535117573291 0.250169 0.925208 -0.285318 -0.638955 -0.936279 0.306225 0.172069 -0.252051 0.246572 0.224091 0.94286 0.375337 
1535117573485 0.249038 0.924924 -0.287221 -0.638888 -0.936306 0.305751 0.172764 -0.252098 0.247612 0.225902 0.942155 0.375628 
1535117573618 0.248386 0.924836 -0.288067 -0.63884 -0.9363 0.305452 0.173323 -0.252132 0.248286 0.226666 0.941794 0.375929 
1535117574370 0.247935 0.924709 -0.288863 -0.638814 -0.936322 0.305261 0.173544 -0.252157 0.248656 0.227441 0.94151 0.376034 
1535117574412 0.248102 0.924801 -0.288424 -0.638815 -0.936313 0.305305 0.173514 -0.252159 0.248523 0.227006 0.94165 0.376003 
1535117574627 0.247235 0.925248 -0.287734 -0.638992 -0.936625 0.304273 0.17364 -0.252513 0.24821 0.22657 0.941838 0.375899 
1535117574748 0.246861 0.925477 -0.287319 -0.639104 -0.936642 0.303914 0.174178 -0.252575 0.248518 0.226117 0.941865 0.376006 
1535117574866 0.246317 0.925641 -0.287257 -0.639185 -0.936794 0.303376 0.174301 -0.252741 0.248487 0.226167 0.941861 0.375917 
1535117574993 0.245633 0.925908 -0.286984 -0.639277 -0.936944 0.302699 0.174667 -0.252772 0.248595 0.225984 0.941877 0.37589 
1535117575191 0.244465 0.926369 -0.286492 -0.639452 -0.937233 0.301508 0.175177 -0.252968 0.248659 0.225685 0.941932 0.375896 
1535117575334 0.244079 0.926566 -0.286182 -0.639529 -0.937259 0.301149 0.175656 -0.253151 0.24894 0.225352 0.941937 0.375998 
1535117576101 0.243411 0.926792 -0.286021 -0.639637 -0.937414 0.300499 0.175942 -0.253178 0.24901 0.225294 0.941932 0.375947 
1535117576292 0.243859 0.926767 -0.285721 -0.639575 -0.937358 0.300815 0.175702 -0.253371 0.248784 0.224976 0.942068 0.375914 
1535117576389 0.243322 0.927098 -0.285104 -0.639708 -0.937554 0.300134 0.175818 -0.253342 0.24857 0.22452 0.942233 0.375808 
1535117576528 0.243109 0.927316 -0.284577 -0.639743 -0.937683 0.299764 0.17576 -0.253637 0.248291 0.224114 0.942404 0.375765 
1535117576727 0.24235 0.927902 -0.283309 -0.639924 -0.937922 0.298762 0.176192 -0.253778 0.248131 0.223022 0.942705 0.37576 
1535117576913 0.24163 0.928392 -0.282319 -0.640081 -0.938199 0.297805 0.176335 -0.254034 0.247784 0.222264 0.942975 0.375537 
1535117577010 0.241375 0.928584 -0.281904 -0.640185 -0.938295 0.297457 0.176417 -0.254201 0.247672 0.221926 0.943084 0.375424 
1535117577489 0.240804 0.928927 -0.281263 -0.64029 -0.938468 0.296766 0.176657 -0.254215 0.247571 0.221416 0.94323 0.375378 
1535117577544 0.241252 0.928683 -0.281682 -0.640239 -0.938275 0.297343 0.176713 -0.254216 0.247867 0.221662 0.943095 0.375423 
1535117577565 0.241418 0.928574 -0.281901 -0.64023 -0.938215 0.297558 0.176668 -0.254247 0.247931 0.221833 0.943038 0.375426 
1535117577627 0.2417 0.92847 -0.282001 -0.640179 -0.938173 0.29782 0.176452 -0.254302 0.247816 0.221917 0.943048 0.375396 
1535117577681 0.242045 0.928521 -0.281536 -0.64012 -0.938068 0.298074 0.176579 -0.254243 0.247876 0.22136 0.943164 0.375361 
1535117577701 0.242269 0.928537 -0.281291 -0.640088 -0.937966 0.298281 0.176774 -0.254207 0.248045 0.221015 0.9432 0.375325 
1535117577718 0.242435 0.928531 -0.281169 -0.640071 -0.93789 0.298445 0.176897 -0.254186 0.248167 0.22082 0.943213 0.375293 
1535117577884 0.243457 0.928404 -0.280705 -0.640015 -0.937481 0.299459 0.17735 -0.25418 0.248713 0.219979 0.943266 0.374984 
1535117578079 0.243365 0.928341 -0.280991 -0.640022 -0.937557 0.29938 0.177084 -0.254103 0.248518 0.220349 0.943231 0.37502 
1535117578226 0.243263 0.928349 -0.281055 -0.639844 -0.937722 0.299172 0.17656 -0.254091 0.247993 0.220601 0.943311 0.375321 
1535117578397 0.244037 0.92817 -0.280973 -0.639607 -0.937537 0.29988 0.176338 -0.254034 0.24793 0.220389 0.943376 0.375365 
1535117578542 0.244503 0.928077 -0.280877 -0.639432 -0.937428 0.300296 0.176211 -0.253805 0.247884 0.220218 0.943429 0.375398 
1535117578690 0.245311 0.927885 -0.280808 -0.639194 -0.937252 0.301022 0.175907 -0.253789 0.247751 0.220036 0.943506 0.375382 
1535117578837 0.245856 0.927812 -0.280571 -0.638972 -0.937168 0.301446 0.175631 -0.253619 0.24753 0.219762 0.943628 0.375439 
1535117579072 0.24725 0.927472 -0.280471 -0.638619 -0.936831 0.302731 0.175218 -0.253396 0.247417 0.219431 0.943735 0.375428 
1535117579213 0.248097 0.927249 -0.280459 -0.638368 -0.936662 0.303489 0.174809 -0.25343 0.247207 0.219326 0.943814 0.375417 
1535117579803 0.24865 0.927162 -0.280256 -0.638193 -0.936542 0.303956 0.174644 -0.253313 0.247109 0.219046 0.943905 0.375475 
1535117580171 0.248385 0.927341 -0.2799 -0.637194 -0.936735 0.303527 0.174353 -0.252733 0.246642 0.218885 0.944064 0.375779 
1535117580430 0.249035 0.927179 -0.27986 -0.636485 -0.936598 0.304108 0.174075 -0.252464 0.246507 0.218765 0.944127 0.3761 
1535117580617 0.249906 0.926927 -0.279917 -0.636029 -0.936448 0.304878 0.173534 -0.252598 0.246194 0.218761 0.94421 0.376128 
1535117580818 0.250124 0.926914 -0.279766 -0.635714 -0.936387 0.30506 0.173543 -0.252343 0.246205 0.218562 0.944253 0.376308 
1535117581026 0.25042 0.926842 -0.279738 -0.635328 -0.936373 0.30528 0.173234 -0.252278 0.245959 0.218557 0.944318 0.376348 
1535117581674 0.250774 0.926765 -0.279678 -0.635099 -0.936293 0.305593 0.173111 -0.252262 0.245901 0.218449 0.944358 0.376504 
1535117581856 0.250549 0.926825 -0.279679 -0.635095 -0.936314 0.305414 0.173318 -0.252147 0.246053 0.218443 0.94432 0.376485 
1535117582132 0.250319 0.926874 -0.279725 -0.63412 -0.936162 0.305392 0.174173 -0.25177 0.246862 0.218269 0.944149 0.376768 
1535117582497 0.250158 0.926889 -0.279819 -0.632754 -0.93586 0.30556 0.175499 -0.251128 0.248169 0.217969 0.943876 0.377333 
1535117582832 0.250228 0.926706 -0.280362 -0.63182 -0.93559 0.30595 0.176257 -0.250809 0.249115 0.2182 0.943573 0.377483 
1535117583047 0.250418 0.926592 -0.280568 -0.631367 -0.93541 0.306284 0.176629 -0.250618 0.249596 0.218215 0.943443 0.377606 
1535117583075 0.250378 0.92662 -0.280509 -0.631264 -0.935403 0.30625 0.176725 -0.250556 0.249663 0.218141 0.943442 0.377669 
1535117583321 0.250156 0.926635 -0.28066 -0.63087 -0.935238 0.306262 0.177575 -0.250405 0.250503 0.218062 0.943238 0.377752 
1535117583558 0.249769 0.926712 -0.28075 -0.63017 -0.934928 0.30627 0.179191 -0.250122 0.252043 0.217724 0.942905 0.377994 
1535117583752 0.249939 0.926665 -0.280752 -0.629778 -0.93461 0.306667 0.180165 -0.250091 0.25305 0.217363 0.942719 0.378203 
1535117584014 0.249626 0.92669 -0.28095 -0.629056 -0.934317 0.306729 0.181575 -0.249833 0.254439 0.21717 0.94239 0.37837 
1535117584249 0.249447 0.926701 -0.281072 -0.628345 -0.933947 0.306938 0.183118 -0.249556 0.255967 0.216828 0.942054 0.378604 
1535117584466 0.249575 0.926608 -0.281266 -0.628098 -0.933683 0.307293 0.183869 -0.249547 0.256805 0.216724 0.94185 0.378673 
1535117584489 0.249573 0.926609 -0.281262 -0.628099 -0.933682 0.307291 0.183874 -0.249545 0.256809 0.216719 0.94185 0.378676 
1535117584733 0.249346 0.926588 -0.281533 -0.627853 -0.933845 0.307043 0.183464 -0.249328 0.256439 0.217162 0.941849 0.378791 
1535117584980 0.24951 0.92637 -0.282106 -0.627121 -0.933724 0.307377 0.183519 -0.249131 0.25672 0.217619 0.941667 0.379043 
1535117585309 0.249317 0.926157 -0.282975 -0.626111 -0.933584 0.307528 0.183976 -0.248622 0.257413 0.218313 0.941317 0.379467 
1535117585566 0.249291 0.925852 -0.283992 -0.625406 -0.933487 0.307794 0.184026 -0.248408 0.257792 0.219227 0.941001 0.379516 
1535117585596 0.249255 0.925814 -0.284147 -0.625312 -0.933463 0.307819 0.184103 -0.248313 0.257911 0.219352 0.940939 0.379557 
1535117585612 0.249291 0.925783 -0.284219 -0.625286 -0.933439 0.30788 0.184124 -0.248285 0.257964 0.2194 0.940913 0.379564 
1535117585867 0.249106 0.925709 -0.284622 -0.624774 -0.933459 0.307809 0.184143 -0.247993 0.258072 0.219812 0.940788 0.379813 
1535117586141 0.249232 0.92549 -0.285222 -0.624205 -0.933469 0.308011 0.183755 -0.247755 0.257915 0.220448 0.940682 0.379928 
1535117586377 0.249309 0.925302 -0.285763 -0.623615 -0.933415 0.30822 0.183675 -0.247516 0.258033 0.220943 0.940533 0.380151 
1535117586645 0.249321 0.925155 -0.28623 -0.623041 -0.933404 0.308331 0.183546 -0.247246 0.258062 0.221406 0.940417 0.380432 
1535117586812 0.249607 0.924936 -0.286688 -0.622848 -0.93334 0.308683 0.183279 -0.247303 0.258017 0.22183 0.940329 0.380442 
1535117586836 0.249557 0.92495 -0.286688 -0.622861 -0.933358 0.308632 0.183276 -0.24727 0.258002 0.221844 0.94033 0.380431 
1535117587077 0.249572 0.925156 -0.286006 -0.622462 -0.933173 0.308665 0.184157 -0.247052 0.258655 0.220933 0.940365 0.380527 
1535117587093 0.24956 0.925164 -0.285993 -0.62241 -0.933152 0.308672 0.184252 -0.247016 0.258742 0.220893 0.94035 0.380538 
1535117587271 0.249701 0.925105 -0.286058 -0.622129 -0.932965 0.308947 0.184737 -0.246916 0.259278 0.220753 0.940236 0.380605 
1535117587309 0.249694 0.925136 -0.285964 -0.621981 -0.93294 0.308944 0.184867 -0.246874 0.259374 0.220627 0.940239 0.380683 
1535117587618 0.249937 0.924983 -0.286248 -0.621733 -0.932763 0.309327 0.185121 -0.246846 0.259778 0.220733 0.940102 0.380618 
1535117587633 0.24997 0.924982 -0.286223 -0.621735 -0.932756 0.309353 0.185115 -0.24686 0.259772 0.220703 0.940111 0.38062 
1535117587649 0.250026 0.924961 -0.28624 -0.621754 -0.93274 0.30941 0.185099 -0.246888 0.259775 0.220708 0.940109 0.380612 
1535117587869 0.25007 0.925099 -0.285757 -0.621473 -0.932878 0.309228 0.184709 -0.246547 0.259238 0.220386 0.940333 0.380796 
1535117588125 0.250617 0.925124 -0.285196 -0.62084 -0.932913 0.309482 0.184102 -0.246311 0.258581 0.219924 0.940622 0.380923 
1535117588183 0.250837 0.925017 -0.28535 -0.620663 -0.932897 0.309686 0.183844 -0.246326 0.258427 0.220087 0.940626 0.380868 
1535117588316 0.251167 0.924985 -0.285164 -0.620471 -0.932849 0.309928 0.183678 -0.246208 0.25828 0.219881 0.940715 0.38091 
1535117588636 0.251539 0.92483 -0.285339 -0.620238 -0.93279 0.310283 0.18338 -0.246191 0.258131 0.220034 0.94072 0.380838 
1535117588861 0.251096 0.925079 -0.284921 -0.620134 -0.933058 0.30965 0.183082 -0.245976 0.257591 0.219877 0.940904 0.381027 
1535117589242 0.2523 0.924958 -0.284249 -0.618526 -0.933573 0.309944 0.179931 -0.244965 0.25453 0.219971 0.941715 0.381318 
1535117589404 0.253019 0.924707 -0.284426 -0.618159 -0.933628 0.310449 0.178775 -0.245138 0.253614 0.220314 0.941882 0.381328 
1535117589429 0.252953 0.924753 -0.284335 -0.618111 -0.933657 0.310359 0.178781 -0.244999 0.253574 0.220248 0.941908 0.381382 
1535117589445 0.252952 0.924758 -0.284321 -0.618085 -0.933673 0.31034 0.178726 -0.244932 0.253515 0.220254 0.941923 0.381398 
1535117589625 0.252907 0.924785 -0.284271 -0.617867 -0.93356 0.310397 0.179217 -0.244819 0.253974 0.220059 0.941845 0.381428 
1535117589842 0.253 0.924869 -0.283916 -0.617417 -0.933357 0.31057 0.179973 -0.244567 0.254628 0.219462 0.941807 0.381717 
1535117589922 0.253103 0.924889 -0.28376 -0.617204 -0.933341 0.310628 0.179959 -0.244438 0.254586 0.219297 0.941857 0.381789 
1535117590071 0.253105 0.924914 -0.283676 -0.61699 -0.933342 0.310612 0.179978 -0.244302 0.254578 0.219213 0.941879 0.381885 
1535117590134 0.253259 0.924884 -0.283636 -0.616787 -0.933293 0.310757 0.179982 -0.244227 0.254604 0.219133 0.94189 0.381929 
1535117590478 0.253569 0.924729 -0.283863 -0.616532 -0.933214 0.311093 0.179815 -0.244248 0.254588 0.21931 0.941854 0.3819 
1535117590809 0.253285 0.924995 -0.28325 -0.615514 -0.932819 0.311106 0.181829 -0.243726 0.256312 0.218167 0.941652 0.38236 
1535117591076 0.25385 0.924786 -0.283427 -0.614741 -0.932333 0.311962 0.182852 -0.243548 0.257518 0.217831 0.9414 0.38249 
1535117591326 0.25391 0.924783 -0.283382 -0.613953 -0.932006 0.312272 0.183986 -0.243299 0.258639 0.217398 0.941193 0.382664 
1535117591509 0.253949 0.924757 -0.283433 -0.613583 -0.93181 0.312475 0.184635 -0.24313 0.259308 0.217218 0.94105 0.382706 
1535117591569 0.254036 0.924742 -0.283403 -0.613351 -0.931722 0.312606 0.184857 -0.243057 0.259538 0.217093 0.941016 0.382817 
1535117591587 0.254164 0.924678 -0.283497 -0.613331 -0.931661 0.312769 0.18489 -0.243107 0.259633 0.217131 0.940981 0.382799 
1535117591796 0.254183 0.924716 -0.283356 -0.613054 -0.931667 0.312749 0.18489 -0.242806 0.25959 0.216997 0.941023 0.382794 
1535117592151 0.255016 0.924643 -0.282846 -0.611487 -0.931489 0.313399 0.184687 -0.242125 0.259413 0.21637 0.941217 0.383165 
1535117592455 0.255688 0.924548 -0.282551 -0.610346 -0.931288 0.313995 0.18469 -0.241575 0.259474 0.215913 0.941305 0.383469 
1535117592670 0.255373 0.924601 -0.282661 -0.610401 -0.931419 0.313679 0.184564 -0.241728 0.259313 0.216143 0.941296 0.383421 
1535117592692 0.255297 0.924618 -0.282674 -0.610432 -0.93144 0.313609 0.184578 -0.241751 0.259314 0.216172 0.94129 0.38341 
1535117592891 0.254596 0.924888 -0.282424 -0.610273 -0.931469 0.313027 0.185419 -0.241601 0.259898 0.215862 0.9412 0.383519 
1535117593111 0.254634 0.92492 -0.282285 -0.609699 -0.931406 0.313079 0.185646 -0.24132 0.260085 0.21565 0.941196 0.383621 
1535117593352 0.254812 0.924824 -0.282439 -0.60905 -0.931282 0.313342 0.185826 -0.241318 0.260356 0.21568 0.941115 0.38374 
1535117593405 0.254755 0.924872 -0.282333 -0.60886 -0.931283 0.313278 0.185925 -0.241243 0.260406 0.215566 0.941127 0.383803 
1535117593422 0.254815 0.924853 -0.282339 -0.608837 -0.931261 0.313341 0.18593 -0.241237 0.260426 0.215554 0.941124 0.383802 
1535117593618 0.254773 0.924909 -0.282197 -0.608668 -0.931315 0.313238 0.185837 -0.241015 0.260276 0.215468 0.941185 0.383751 
1535117593844 0.255162 0.925064 -0.281334 -0.607945 -0.931379 0.313294 0.185417 -0.240742 0.259663 0.214717 0.941526 0.383937 
1535117594008 0.255386 0.925085 -0.281062 -0.607598 -0.931449 0.313345 0.184981 -0.240621 0.259193 0.214553 0.941693 0.383912 
1535117594172 0.255453 0.925145 -0.280802 -0.607269 -0.931479 0.313316 0.184876 -0.240436 0.259017 0.214335 0.941791 0.383964 
1535117594425 0.255614 0.925319 -0.280082 -0.606561 -0.931559 0.313223 0.184633 -0.240012 0.258573 0.213718 0.942054 0.384119 
1535117594595 0.255787 0.925332 -0.279882 -0.606275 -0.931577 0.313294 0.184421 -0.239904 0.258336 0.213559 0.942154 0.384135 
1535117594626 0.255686 0.925406 -0.279728 -0.606181 -0.931621 0.313153 0.184436 -0.239796 0.258276 0.213443 0.942197 0.384163 
1535117594812 0.255975 0.925358 -0.279623 -0.606054 -0.931589 0.313369 0.184231 -0.239873 0.258104 0.213335 0.942269 0.384106 
1535117594838 0.256079 0.925477 -0.279134 -0.60604 -0.931584 0.313352 0.184288 -0.239874 0.258022 0.212844 0.942402 0.384098 
1535117595002 0.256075 0.925956 -0.277543 -0.605876 -0.931578 0.313037 0.184851 -0.239739 0.258045 0.211218 0.942762 0.384131 
1535117595048 0.256134 0.926116 -0.276956 -0.605782 -0.931552 0.312983 0.185072 -0.239638 0.258081 0.210596 0.942891 0.384129 
1535117595188 0.256302 0.926383 -0.275905 -0.605558 -0.931557 0.312892 0.1852 -0.239526 0.257895 0.209554 0.943174 0.383925 
1535117595475 0.256649 0.926599 -0.274857 -0.605317 -0.931443 0.313029 0.185546 -0.239465 0.257965 0.208393 0.943412 0.383882 
1535117595495 0.256662 0.926596 -0.274855 -0.605314 -0.93144 0.313041 0.185542 -0.239472 0.257964 0.20839 0.943413 0.383882 
1535117595608 0.256635 0.926577 -0.274944 -0.605353 -0.931486 0.313001 0.185376 -0.239484 0.257823 0.208532 0.94342 0.383871 
1535117595743 0.256845 0.926807 -0.273968 -0.605505 -0.931825 0.312686 0.184199 -0.239458 0.256383 0.20798 0.943934 0.383835 
1535117595873 0.256909 0.926947 -0.273435 -0.605603 -0.932014 0.312473 0.183604 -0.239305 0.255632 0.207676 0.944205 0.383623 
1535117596088 0.25752 0.92733 -0.271556 -0.605573 -0.932163 0.312428 0.182921 -0.239188 0.25447 0.206029 0.944879 0.383563 
1535117596167 0.257952 0.92746 -0.270701 -0.605556 -0.932283 0.312479 0.182221 -0.239225 0.253591 0.205365 0.94526 0.383483 
1535117596313 0.258288 0.927633 -0.269787 -0.605583 -0.932358 0.312486 0.181829 -0.239133 0.252976 0.204574 0.945597 0.383385 
1535117596368 0.258334 0.927866 -0.26894 -0.605605 -0.932547 0.312201 0.181348 -0.238994 0.25223 0.203951 0.94593 0.383344 
1535117596701 0.258712 0.928009 -0.268081 -0.605603 -0.932638 0.312236 0.180815 -0.238976 0.251503 0.203244 0.946276 0.383223 
1535117598121 0.247474 0.926941 -0.282023 -0.576375 -0.935213 0.304609 0.180528 -0.22384 0.253246 0.219075 0.94227 0.403403 
1535117598157 0.248396 0.92659 -0.282365 -0.576178 -0.935046 0.305487 0.179905 -0.224154 0.252958 0.219337 0.942286 0.403482 
