1533736629337 0.294691 0.915232 -0.274787 -0.492624 -0.945305 0.321287 0.0563318 -0.188097 0.139842 0.243157 0.959854 0.346585 
1533736635595 0.294691 0.915232 -0.274785 -0.492624 -0.945305 0.321287 0.0563327 -0.188097 0.139842 0.243155 0.959854 0.346586 
1533736636179 0.289015 0.908142 -0.302899 -0.502707 -0.945915 0.319602 0.0556646 -0.189228 0.147359 0.270429 0.951396 0.350421 
1533736636771 0.282574 0.90018 -0.331402 -0.513279 -0.946606 0.31758 0.0554994 -0.19033 0.155206 0.298024 0.941856 0.354615 
1533736637359 0.275929 0.891431 -0.359463 -0.523831 -0.947308 0.315517 0.0552816 -0.191476 0.162696 0.325268 0.93152 0.358886 
1533736637952 0.269248 0.881767 -0.387288 -0.534364 -0.947892 0.313748 0.0553463 -0.192604 0.170314 0.352205 0.920296 0.3631 
1533736638639 0.262587 0.871572 -0.414017 -0.544431 -0.948559 0.31182 0.0548137 -0.193794 0.176873 0.378326 0.908617 0.367056 
1533736639235 0.255177 0.860096 -0.441722 -0.555471 -0.94919 0.309859 0.0550047 -0.194997 0.184181 0.405243 0.895464 0.371644 
1533736639829 0.24754 0.848159 -0.468349 -0.565987 -0.949865 0.307738 0.0552599 -0.196082 0.190998 0.43119 0.881814 0.375873 
1533736640427 0.239924 0.835375 -0.494556 -0.57656 -0.9505 0.305756 0.0553483 -0.197173 0.19745 0.456796 0.867382 0.380154 
1533736641028 0.232142 0.821753 -0.520416 -0.586776 -0.951129 0.303782 0.055411 -0.198176 0.203627 0.482119 0.852113 0.384411 
1533736641051 0.231903 0.821704 -0.520599 -0.586951 -0.951142 0.303695 0.0556561 -0.198126 0.203836 0.482257 0.851985 0.384628 
1533736641232 0.231497 0.820753 -0.522278 -0.58755 -0.951206 0.303544 0.0553985 -0.198282 0.204003 0.483969 0.850974 0.384709 
1533736641428 0.230857 0.819303 -0.524831 -0.588633 -0.951202 0.303544 0.0554509 -0.198455 0.204741 0.48642 0.849398 0.385118 
1533736641629 0.230095 0.817812 -0.527485 -0.58977 -0.951252 0.303393 0.0554319 -0.198628 0.205368 0.489017 0.847754 0.385565 
1533736641820 0.229034 0.816492 -0.529985 -0.590858 -0.951377 0.302967 0.0556091 -0.198683 0.205972 0.491479 0.846182 0.386051 
1533736642017 0.227912 0.815192 -0.532464 -0.591988 -0.951546 0.30242 0.0557063 -0.198636 0.206439 0.493968 0.844618 0.386446 
1533736642216 0.227279 0.813556 -0.53523 -0.593185 -0.951559 0.3024 0.0555829 -0.198901 0.207073 0.49667 0.842876 0.386958 
1533736642417 0.226666 0.812014 -0.537826 -0.594328 -0.951549 0.302432 0.0555863 -0.199127 0.207793 0.499168 0.841222 0.387447 
1533736642618 0.225757 0.81057 -0.54038 -0.595402 -0.951616 0.302193 0.0557287 -0.19926 0.208471 0.501654 0.839573 0.38786 
1533736642822 0.224636 0.809213 -0.542875 -0.596579 -0.951731 0.301778 0.0560152 -0.199212 0.209156 0.504088 0.837943 0.388373 
1533736642839 0.224645 0.809064 -0.543093 -0.596665 -0.951729 0.301801 0.0559298 -0.199266 0.209156 0.504313 0.837808 0.388393 
1533736642855 0.224702 0.808893 -0.543325 -0.596778 -0.951724 0.301845 0.0557797 -0.19935 0.20912 0.504561 0.837668 0.388433 
1533736642983 0.225266 0.808964 -0.542984 -0.596853 -0.95166 0.302131 0.0553162 -0.199262 0.208801 0.504276 0.837919 0.388406 
1533736643019 0.226022 0.808945 -0.542699 -0.596805 -0.951534 0.302622 0.0547954 -0.199283 0.208559 0.504012 0.838138 0.38823 
1533736643119 0.226725 0.808853 -0.542543 -0.596861 -0.95141 0.303103 0.0542951 -0.199238 0.208363 0.503871 0.838271 0.388019 
1533736643168 0.227505 0.808832 -0.542248 -0.59697 -0.95125 0.30368 0.0538724 -0.19921 0.208244 0.503557 0.83849 0.387938 
1533736643255 0.228282 0.808587 -0.542286 -0.597145 -0.951149 0.304135 0.053088 -0.199235 0.207854 0.503676 0.838515 0.387741 
1533736643315 0.229222 0.808436 -0.542115 -0.59722 -0.951011 0.304703 0.0522782 -0.199348 0.207448 0.503574 0.838677 0.387626 
1533736643389 0.230028 0.808387 -0.541846 -0.597316 -0.950912 0.305137 0.0515491 -0.199358 0.207009 0.503391 0.838895 0.387546 
1533736643441 0.230658 0.808268 -0.541757 -0.597415 -0.950792 0.305587 0.0511082 -0.199318 0.206863 0.503309 0.83898 0.387464 
1533736643461 0.230764 0.808246 -0.541743 -0.597451 -0.950784 0.305633 0.0509833 -0.199295 0.206781 0.503315 0.838997 0.387434 
1533736643478 0.230872 0.808236 -0.541713 -0.597494 -0.950776 0.305677 0.0508597 -0.199268 0.206696 0.503305 0.839024 0.387402 
1533736643494 0.230982 0.808238 -0.541663 -0.597518 -0.950767 0.305724 0.0507461 -0.199257 0.206614 0.503274 0.839063 0.387381 
1533736643596 0.23173 0.808363 -0.541157 -0.597584 -0.950621 0.306237 0.0503797 -0.199244 0.206447 0.502761 0.839411 0.387264 
1533736643645 0.232201 0.808639 -0.540543 -0.59762 -0.950451 0.306733 0.0505805 -0.199327 0.206704 0.502014 0.839795 0.387283 
1533736643699 0.232622 0.808815 -0.540097 -0.597696 -0.950383 0.306977 0.0503758 -0.199425 0.206542 0.50158 0.840094 0.387287 
1533736643760 0.233076 0.809008 -0.539613 -0.597766 -0.950304 0.307254 0.0501802 -0.199436 0.206394 0.5011 0.840416 0.387206 
1533736643802 0.23365 0.809145 -0.539159 -0.597824 -0.950173 0.307687 0.0499951 -0.199384 0.206346 0.500613 0.840719 0.387124 
1533736643866 0.234223 0.809262 -0.538735 -0.597947 -0.950061 0.308078 0.0497278 -0.19938 0.206215 0.500183 0.841006 0.386979 
1533736643915 0.234724 0.809434 -0.538257 -0.598045 -0.949949 0.308446 0.0495866 -0.199378 0.20616 0.499678 0.84132 0.386915 
1533736643929 0.234882 0.809485 -0.538112 -0.59807 -0.949908 0.308575 0.0495634 -0.199382 0.206169 0.499515 0.841415 0.386897 
1533736643946 0.235053 0.809532 -0.537966 -0.598095 -0.949861 0.308723 0.0495451 -0.199391 0.206191 0.499347 0.841509 0.38688 
1533736643962 0.235273 0.809586 -0.537789 -0.598121 -0.949799 0.308917 0.0495235 -0.19941 0.206226 0.499139 0.841624 0.386861 
1533736644061 0.235548 0.809588 -0.537666 -0.598167 -0.949781 0.30902 0.0492129 -0.199427 0.205992 0.499073 0.841721 0.386832 
1533736644074 0.235491 0.809528 -0.537781 -0.598161 -0.949818 0.308925 0.0491078 -0.199432 0.205888 0.499229 0.841653 0.386848 
1533736644091 0.23535 0.809394 -0.538044 -0.598169 -0.94986 0.308804 0.0490582 -0.199428 0.205858 0.49952 0.841488 0.386866 
1533736644111 0.235172 0.809238 -0.538357 -0.598184 -0.949904 0.30867 0.0490324 -0.199416 0.205854 0.499857 0.841289 0.386895 
1533736644128 0.235079 0.809186 -0.538476 -0.598186 -0.949916 0.308626 0.0490837 -0.199393 0.205906 0.499969 0.84121 0.386925 
1533736644160 0.235078 0.809203 -0.53845 -0.598168 -0.949927 0.308598 0.0490521 -0.199369 0.205858 0.499957 0.841228 0.386996 
1533736644173 0.235109 0.809201 -0.53844 -0.598166 -0.949926 0.308608 0.0490121 -0.19937 0.205828 0.499955 0.841237 0.387018 
1533736644190 0.235302 0.80914 -0.538448 -0.598175 -0.949885 0.308755 0.048874 -0.199398 0.205794 0.499963 0.841241 0.387056 
1533736644207 0.235543 0.809037 -0.538497 -0.598195 -0.949844 0.308918 0.0486489 -0.19945 0.20571 0.500029 0.841222 0.387086 
1533736644223 0.235764 0.808944 -0.53854 -0.598218 -0.949804 0.309071 0.0484477 -0.1995 0.205639 0.500085 0.841206 0.387113 
1533736644315 0.235541 0.808914 -0.538682 -0.598275 -0.949806 0.30902 0.0487346 -0.19947 0.205886 0.500164 0.841099 0.387157 
1533736644328 0.235263 0.808929 -0.538781 -0.598284 -0.949807 0.308956 0.0491277 -0.199425 0.2062 0.50018 0.841012 0.387126 
1533736644345 0.234989 0.808915 -0.538921 -0.598289 -0.949771 0.308983 0.0496463 -0.199381 0.206677 0.500185 0.840892 0.387083 
1533736644361 0.234812 0.808883 -0.539046 -0.59829 -0.949722 0.309065 0.050073 -0.199357 0.207103 0.500187 0.840786 0.387047 
1533736644378 0.234733 0.808856 -0.539122 -0.598282 -0.949673 0.309168 0.0503636 -0.199364 0.207416 0.500167 0.840721 0.387036 
1533736644407 0.234706 0.808834 -0.539166 -0.598261 -0.949612 0.30931 0.0506345 -0.199427 0.207724 0.500115 0.840676 0.387091 
1533736644424 0.234712 0.808819 -0.539186 -0.598255 -0.949567 0.309422 0.0508021 -0.199457 0.207926 0.50007 0.840653 0.387146 
1533736644440 0.234697 0.808802 -0.539219 -0.598254 -0.949525 0.309521 0.0509813 -0.199477 0.208133 0.500037 0.840621 0.387197 
1533736644457 0.23462 0.808735 -0.539352 -0.598266 -0.949481 0.309615 0.0512259 -0.199486 0.20842 0.500086 0.840521 0.387231 
1533736644473 0.234527 0.808657 -0.53951 -0.598282 -0.949433 0.309717 0.0515058 -0.19949 0.208746 0.500149 0.840402 0.387262 
1533736644556 0.234554 0.808583 -0.539609 -0.59829 -0.949412 0.309781 0.0515105 -0.19951 0.208811 0.500229 0.840338 0.387221 
1533736644569 0.234632 0.80868 -0.539429 -0.59828 -0.949474 0.30964 0.0512064 -0.19951 0.208438 0.500159 0.840472 0.387212 
1533736644586 0.234834 0.808781 -0.53919 -0.598272 -0.949527 0.309548 0.0507718 -0.199495 0.207969 0.500053 0.840652 0.387197 
1533736644603 0.235022 0.808822 -0.539046 -0.598276 -0.949562 0.309502 0.0503938 -0.199475 0.207596 0.500015 0.840767 0.387181 
1533736644619 0.235134 0.808822 -0.538998 -0.598294 -0.949607 0.309421 0.0500591 -0.199447 0.207266 0.500066 0.840818 0.387157 
1533736644636 0.235185 0.808823 -0.538974 -0.598306 -0.949642 0.309347 0.0498446 -0.19943 0.207045 0.50011 0.840846 0.387147 
1533736644656 0.235266 0.808839 -0.538915 -0.598326 -0.949678 0.309276 0.0495937 -0.199405 0.206787 0.500129 0.840899 0.387168 
1533736644673 0.235318 0.808865 -0.538853 -0.598339 -0.949699 0.309236 0.0494555 -0.199386 0.206635 0.500111 0.840947 0.387203 
1533736644690 0.235368 0.808904 -0.538773 -0.598352 -0.949714 0.309205 0.049344 -0.199363 0.206506 0.500067 0.841004 0.387253 
1533736644707 0.235418 0.808939 -0.538699 -0.598364 -0.949725 0.309187 0.049249 -0.199343 0.206398 0.500022 0.841058 0.387303 
1533736644723 0.235454 0.808954 -0.538661 -0.598375 -0.94973 0.309181 0.0491871 -0.199323 0.206334 0.500001 0.841086 0.387333 
1533736644739 0.235465 0.808943 -0.538672 -0.598384 -0.949729 0.309187 0.0491701 -0.199306 0.206326 0.500015 0.841079 0.387332 
1533736644756 0.235457 0.808924 -0.538704 -0.598385 -0.949732 0.30918 0.049159 -0.19931 0.206322 0.50005 0.84106 0.387319 
1533736644773 0.235479 0.808877 -0.538765 -0.598378 -0.949719 0.309221 0.0491544 -0.199338 0.206358 0.500101 0.841021 0.387293 
1533736644828 0.235589 0.808556 -0.539199 -0.59835 -0.949649 0.309443 0.0491013 -0.199478 0.206553 0.500482 0.840746 0.387232 
1533736644842 0.235699 0.808402 -0.539381 -0.598342 -0.94961 0.309576 0.0490182 -0.199504 0.206606 0.500648 0.840634 0.387234 
1533736644858 0.235794 0.808293 -0.539504 -0.598336 -0.949586 0.309666 0.0489225 -0.199523 0.20661 0.50077 0.840561 0.387249 
1533736644874 0.235907 0.808189 -0.539609 -0.598325 -0.949566 0.309749 0.0487878 -0.199542 0.206573 0.500884 0.840501 0.387286 
1533736644891 0.235975 0.808135 -0.539661 -0.598321 -0.949562 0.309777 0.048676 -0.199543 0.206511 0.500955 0.840474 0.387331 
1533736644907 0.235968 0.808114 -0.539695 -0.598321 -0.949588 0.309716 0.048571 -0.199532 0.206403 0.501026 0.840459 0.387378 
1533736644924 0.235957 0.808143 -0.539657 -0.598313 -0.949612 0.309652 0.048504 -0.199516 0.206304 0.50102 0.840487 0.387425 
1533736644940 0.23598 0.808179 -0.539593 -0.598303 -0.949616 0.309643 0.0484743 -0.19951 0.206257 0.500967 0.840529 0.387462 
1533736644957 0.235996 0.808187 -0.539573 -0.598306 -0.949617 0.309644 0.0484538 -0.199521 0.206235 0.500953 0.840543 0.387466 
1533736644974 0.236003 0.808184 -0.539576 -0.598315 -0.94961 0.309664 0.0484725 -0.199539 0.206262 0.500947 0.840541 0.387452 
1533736644990 0.236004 0.808203 -0.539547 -0.598319 -0.9496 0.309687 0.0485238 -0.199549 0.206308 0.500901 0.840556 0.387436 
1533736645007 0.235904 0.808272 -0.539487 -0.598314 -0.949639 0.309562 0.0485404 -0.199554 0.206239 0.500867 0.840593 0.387423 
1533736645024 0.235782 0.808331 -0.539452 -0.59831 -0.949688 0.309412 0.0485446 -0.199554 0.206153 0.500865 0.840616 0.387416 
1533736645040 0.235714 0.808362 -0.539435 -0.59831 -0.949718 0.309322 0.0485365 -0.19955 0.206094 0.50087 0.840627 0.387416 
1533736645057 0.235716 0.808369 -0.539423 -0.598311 -0.949721 0.309315 0.0485276 -0.199545 0.20608 0.500863 0.840635 0.387417 
1533736645074 0.235729 0.808358 -0.539435 -0.598314 -0.94972 0.30932 0.0485042 -0.199544 0.206067 0.500878 0.840629 0.387416 
1533736645090 0.235734 0.808308 -0.539507 -0.598324 -0.949755 0.30924 0.048325 -0.199565 0.205899 0.501008 0.840593 0.387416 
1533736645107 0.23574 0.808264 -0.53957 -0.598334 -0.949791 0.309159 0.0481468 -0.199588 0.205728 0.501128 0.840563 0.387422 
1533736645124 0.235801 0.808202 -0.539636 -0.598343 -0.9498 0.309156 0.0479884 -0.199609 0.205616 0.50123 0.84053 0.387424 
1533736645140 0.235844 0.808165 -0.539673 -0.598348 -0.94979 0.309193 0.0479487 -0.199614 0.205614 0.501268 0.840508 0.387423 
1533736645157 0.235864 0.808165 -0.539664 -0.598347 -0.94977 0.309244 0.0480001 -0.199608 0.20568 0.501235 0.840511 0.387424 
1533736645174 0.235891 0.808183 -0.539626 -0.598343 -0.949745 0.30931 0.048076 -0.199601 0.205766 0.501167 0.840531 0.387428 
1533736645194 0.235951 0.80825 -0.539499 -0.598334 -0.949696 0.309436 0.0482293 -0.199593 0.205922 0.500981 0.840604 0.387458 
1533736645210 0.235994 0.808306 -0.539396 -0.598328 -0.949662 0.309523 0.0483408 -0.199591 0.20603 0.500836 0.840664 0.387485 
1533736645227 0.236017 0.808347 -0.539324 -0.598325 -0.949641 0.309576 0.0484179 -0.19959 0.2061 0.500737 0.840705 0.387503 
1533736645244 0.236037 0.80836 -0.539296 -0.598326 -0.949635 0.309595 0.0484258 -0.199598 0.206109 0.500704 0.840723 0.387518 
1533736645260 0.236038 0.808362 -0.539293 -0.598328 -0.949637 0.30959 0.0484155 -0.199602 0.206097 0.500704 0.840725 0.387527 
1533736645277 0.236014 0.808347 -0.539326 -0.598333 -0.949666 0.309515 0.0483212 -0.199613 0.20599 0.500775 0.84071 0.387532 
1533736645294 0.236002 0.808299 -0.539403 -0.598344 -0.949709 0.309412 0.0481355 -0.199634 0.205806 0.500916 0.840671 0.38753 
1533736645310 0.235994 0.808253 -0.539476 -0.598356 -0.949754 0.309305 0.0479373 -0.199655 0.205608 0.501057 0.840635 0.38753 
1533736645327 0.235957 0.808223 -0.539537 -0.598375 -0.949811 0.309161 0.0477379 -0.19965 0.205387 0.501194 0.840607 0.387525 
1533736645344 0.235903 0.808215 -0.539573 -0.598398 -0.949868 0.309009 0.047573 -0.19962 0.205182 0.501301 0.840594 0.387514 
1533736645364 0.236055 0.808242 -0.539465 -0.598408 -0.949881 0.309009 0.0473236 -0.199581 0.204949 0.501257 0.840677 0.387504 
1533736645380 0.236272 0.808313 -0.539265 -0.598408 -0.949896 0.309013 0.0470006 -0.19955 0.204631 0.50114 0.840824 0.387506 
1533736645504 0.236212 0.808219 -0.539431 -0.598441 -0.949949 0.308878 0.0468124 -0.199542 0.204453 0.501375 0.840727 0.387508 
1533736645519 0.235971 0.808111 -0.539699 -0.598451 -0.949938 0.308863 0.0471332 -0.199572 0.204782 0.501558 0.840538 0.38752 
1533736645536 0.23575 0.808018 -0.539934 -0.598447 -0.949912 0.308887 0.0474944 -0.1996 0.205155 0.501693 0.840367 0.387538 
1533736645587 0.235594 0.807917 -0.540153 -0.59838 -0.949801 0.309134 0.0481103 -0.199678 0.205849 0.501704 0.84019 0.387621 
1533736645636 0.235447 0.807804 -0.540386 -0.59835 -0.949775 0.309175 0.0483569 -0.199704 0.206137 0.50186 0.840026 0.387656 
1533736645658 0.235268 0.807664 -0.540674 -0.59836 -0.949768 0.309165 0.0485541 -0.199696 0.206373 0.502091 0.83983 0.387656 
1533736645677 0.235117 0.807522 -0.54095 -0.598369 -0.949782 0.309111 0.048626 -0.199705 0.20648 0.502352 0.839648 0.387663 
1533736645731 0.234973 0.807364 -0.54125 -0.598329 -0.949788 0.309079 0.0487097 -0.199768 0.206615 0.502627 0.83945 0.387738 
1533736645749 0.234888 0.807309 -0.541368 -0.598322 -0.949781 0.309083 0.048827 -0.199768 0.206746 0.502712 0.839367 0.387777 
1533736645764 0.234867 0.807296 -0.541396 -0.598322 -0.94978 0.309081 0.0488514 -0.199766 0.206773 0.502734 0.839347 0.387782 
1533736645871 0.234647 0.807187 -0.541654 -0.598313 -0.949734 0.309155 0.0492822 -0.199774 0.207235 0.502864 0.839155 0.387882 
1533736645884 0.234782 0.807286 -0.541449 -0.598304 -0.949728 0.309191 0.0491771 -0.199793 0.207111 0.502683 0.839294 0.387869 
1533736645901 0.234967 0.807437 -0.541143 -0.598292 -0.949716 0.309247 0.0490535 -0.199809 0.206954 0.502406 0.839498 0.387832 
1533736645920 0.235073 0.807535 -0.540951 -0.598298 -0.949715 0.309262 0.0489647 -0.199807 0.206837 0.502239 0.839628 0.387772 
1533736645955 0.235109 0.807559 -0.540899 -0.598338 -0.949708 0.309285 0.0489572 -0.199799 0.206828 0.502186 0.839662 0.387675 
1533736645993 0.235052 0.807674 -0.540752 -0.598348 -0.949719 0.309236 0.0490581 -0.199755 0.206843 0.502031 0.839751 0.387634 
1533736646032 0.234951 0.807829 -0.540565 -0.598351 -0.949726 0.309182 0.0492575 -0.199707 0.206924 0.501815 0.839859 0.387633 
1533736646046 0.234902 0.807989 -0.540347 -0.598348 -0.949733 0.309141 0.0493924 -0.199672 0.206952 0.501583 0.839992 0.387628 
1533736646065 0.234874 0.8081 -0.540194 -0.598348 -0.949726 0.309141 0.049521 -0.199644 0.207014 0.501405 0.840082 0.387604 
1533736646082 0.234879 0.808177 -0.540076 -0.598343 -0.94971 0.309174 0.0496225 -0.199632 0.207081 0.501261 0.840152 0.387581 
1533736646098 0.234898 0.808231 -0.539987 -0.598339 -0.949687 0.309228 0.0497203 -0.199628 0.207164 0.50114 0.840204 0.38756 
1533736646116 0.234919 0.80828 -0.539904 -0.598335 -0.949662 0.309289 0.0498204 -0.199629 0.207255 0.501022 0.840251 0.387542 
1533736646132 0.23494 0.808306 -0.539855 -0.598335 -0.949641 0.309341 0.0498902 -0.199632 0.207326 0.500948 0.840278 0.387521 
1533736646208 0.235113 0.808287 -0.53981 -0.598353 -0.949657 0.309344 0.049577 -0.19967 0.207059 0.500978 0.840326 0.387597 
1533736646222 0.235241 0.808229 -0.53984 -0.598357 -0.949646 0.309404 0.0494107 -0.199673 0.206964 0.501033 0.840316 0.387603 
1533736646238 0.235428 0.808141 -0.539891 -0.59836 -0.949629 0.309495 0.0491703 -0.199673 0.20683 0.50112 0.840298 0.387595 
1533736646255 0.235629 0.808031 -0.539967 -0.598366 -0.949616 0.309581 0.0488809 -0.199672 0.206661 0.501243 0.840266 0.387565 
1533736646272 0.235678 0.808001 -0.539992 -0.598373 -0.949628 0.309565 0.0487465 -0.19965 0.20655 0.501302 0.840258 0.387539 
1533736646288 0.235652 0.808028 -0.539962 -0.598377 -0.949662 0.309474 0.0486583 -0.199613 0.206421 0.501315 0.840282 0.387519 
1533736646305 0.235691 0.808097 -0.539841 -0.59837 -0.94969 0.309409 0.0485317 -0.199586 0.20625 0.501243 0.840367 0.387508 
1533736646321 0.235776 0.808167 -0.5397 -0.598359 -0.949708 0.309378 0.04838 -0.199567 0.20607 0.50115 0.840466 0.387497 
1533736646338 0.235877 0.808226 -0.539568 -0.598348 -0.94972 0.309364 0.0482211 -0.199556 0.205896 0.501064 0.84056 0.38748 
1533736646355 0.235972 0.808265 -0.539467 -0.598343 -0.949727 0.309365 0.0480835 -0.199542 0.205756 0.501 0.840632 0.387458 
1533736646371 0.235992 0.808269 -0.539452 -0.598348 -0.949727 0.309369 0.0480592 -0.199519 0.205735 0.50099 0.840644 0.387449 
1533736646388 0.235985 0.808272 -0.539451 -0.598355 -0.949722 0.30938 0.048091 -0.199499 0.205766 0.50098 0.840642 0.387455 
1533736646405 0.235976 0.80828 -0.539443 -0.598362 -0.949716 0.309391 0.0481319 -0.199483 0.205803 0.50096 0.840645 0.387471 
1533736646467 0.236141 0.8083 -0.53934 -0.59842 -0.94965 0.309586 0.0481831 -0.199454 0.205919 0.500806 0.840708 0.387527 
1533736646482 0.236273 0.808374 -0.539173 -0.598415 -0.949639 0.309635 0.0480852 -0.199451 0.205817 0.500658 0.840821 0.387538 
1533736646502 0.236459 0.808488 -0.53892 -0.598403 -0.94963 0.309686 0.0479273 -0.199451 0.205645 0.500442 0.840992 0.387558 
1533736646517 0.236594 0.808561 -0.53875 -0.598396 -0.949617 0.309741 0.0478361 -0.199447 0.205552 0.500288 0.841106 0.387562 
1533736646534 0.236767 0.808628 -0.538574 -0.598391 -0.949598 0.309818 0.0477077 -0.199446 0.205438 0.500133 0.841227 0.387557 
1533736646550 0.236898 0.808681 -0.538437 -0.59839 -0.949588 0.309868 0.0475976 -0.199452 0.205335 0.500017 0.841321 0.387551 
1533736646567 0.236995 0.808724 -0.53833 -0.59839 -0.949585 0.309891 0.0474967 -0.199458 0.205235 0.499933 0.841395 0.387547 
1533736646584 0.237006 0.808724 -0.538324 -0.598399 -0.949592 0.309877 0.0474542 -0.199456 0.205192 0.499942 0.841401 0.387543 
1533736646608 0.236967 0.808696 -0.538385 -0.598414 -0.949598 0.309856 0.0474676 -0.199449 0.205208 0.500001 0.841361 0.387528 
1533736646633 0.236821 0.808607 -0.538581 -0.598431 -0.949604 0.309818 0.0475977 -0.199454 0.20535 0.500167 0.841228 0.387503 
1533736646646 0.236658 0.808526 -0.538776 -0.598449 -0.949611 0.309772 0.0477483 -0.199458 0.205503 0.500328 0.841095 0.387486 
1533736646663 0.236333 0.808492 -0.538968 -0.598465 -0.949668 0.309565 0.0479497 -0.199459 0.205613 0.500509 0.84096 0.387483 
1533736646679 0.236119 0.80852 -0.53902 -0.598468 -0.949716 0.3094 0.0480677 -0.19946 0.205636 0.500566 0.84092 0.387498 
1533736646696 0.235965 0.808569 -0.539014 -0.598467 -0.949754 0.30927 0.0481574 -0.199457 0.205639 0.500568 0.840919 0.387518 
1533736646713 0.235852 0.808621 -0.538986 -0.598464 -0.949776 0.309187 0.0482531 -0.199451 0.205666 0.500535 0.840932 0.387539 
1533736646729 0.235807 0.808646 -0.538967 -0.598463 -0.949775 0.309178 0.0483354 -0.199447 0.205723 0.5005 0.840939 0.387564 
1533736646746 0.235803 0.808677 -0.538924 -0.598458 -0.949762 0.309206 0.0484136 -0.199441 0.205789 0.500433 0.840962 0.387577 
1533736646763 0.235826 0.808716 -0.538855 -0.598448 -0.949749 0.30924 0.0484586 -0.199436 0.205825 0.500349 0.841004 0.387578 
1533736646779 0.235838 0.808721 -0.538842 -0.598445 -0.949739 0.309266 0.0484845 -0.199432 0.205856 0.500324 0.841011 0.387568 
1533736646798 0.235897 0.808699 -0.538849 -0.598443 -0.949717 0.309333 0.0484783 -0.199432 0.205888 0.500318 0.841006 0.387545 
1533736646813 0.235929 0.808676 -0.538869 -0.598443 -0.949711 0.309357 0.0484444 -0.199438 0.205879 0.500341 0.840995 0.387533 
1533736646829 0.236066 0.808612 -0.538906 -0.598445 -0.949657 0.309523 0.048436 -0.199445 0.20597 0.500342 0.840972 0.387525 
1533736646850 0.236203 0.808516 -0.53899 -0.598449 -0.949619 0.309656 0.0483487 -0.199467 0.205992 0.500415 0.840923 0.387515 
1533736646866 0.236211 0.808399 -0.539162 -0.598461 -0.949596 0.309723 0.0483615 -0.199492 0.206086 0.500563 0.840812 0.387504 
1533736646883 0.236202 0.808322 -0.539282 -0.598468 -0.94958 0.309767 0.0483959 -0.199509 0.206171 0.50066 0.840734 0.3875 
1533736646900 0.236171 0.808196 -0.539484 -0.59847 -0.949535 0.309882 0.0485502 -0.199545 0.206414 0.500792 0.840595 0.387522 
1533736646916 0.236137 0.808167 -0.539542 -0.598464 -0.949513 0.30993 0.0486696 -0.199553 0.206553 0.50081 0.840551 0.387549 
1533736646933 0.236128 0.808157 -0.53956 -0.598454 -0.949491 0.309981 0.0487656 -0.199561 0.206664 0.500793 0.840534 0.387577 
1533736646949 0.236159 0.808182 -0.53951 -0.59844 -0.949484 0.310003 0.0487656 -0.199573 0.206661 0.50074 0.840566 0.387596 
1533736646966 0.236165 0.808212 -0.539463 -0.598436 -0.949496 0.309973 0.0487263 -0.199567 0.2066 0.500711 0.840598 0.387594 
1533736646983 0.236228 0.80832 -0.539273 -0.598415 -0.949535 0.309883 0.048543 -0.19956 0.20635 0.500591 0.840731 0.387579 
1533736646999 0.236249 0.80842 -0.539114 -0.598404 -0.949588 0.30975 0.0483546 -0.199539 0.206081 0.500512 0.840844 0.387558 
1533736647016 0.236218 0.808503 -0.539003 -0.598404 -0.949673 0.309528 0.0480975 -0.199501 0.205724 0.500515 0.840929 0.387519 
1533736647033 0.236148 0.808526 -0.538999 -0.598415 -0.949788 0.309231 0.047738 -0.19947 0.205273 0.500661 0.840953 0.387464 
1533736647051 0.236106 0.808517 -0.539031 -0.598427 -0.949885 0.308987 0.047395 -0.19944 0.204873 0.500827 0.840951 0.387429 
1533736647136 0.23621 0.808561 -0.538919 -0.598394 -0.949874 0.30903 0.0473173 -0.199335 0.204801 0.500729 0.841027 0.38747 
1533736647153 0.23627 0.808597 -0.538839 -0.598384 -0.9498 0.309223 0.0475598 -0.19935 0.205078 0.500552 0.841065 0.387496 
1533736647170 0.236237 0.808671 -0.538743 -0.598375 -0.949731 0.309377 0.0479309 -0.199392 0.205435 0.500337 0.841106 0.387524 
1533736647188 0.23619 0.808708 -0.538708 -0.598371 -0.949696 0.309448 0.0481612 -0.199424 0.205651 0.500233 0.841115 0.387529 
1533736647203 0.23617 0.808711 -0.538712 -0.598373 -0.949669 0.30951 0.0483021 -0.199467 0.205799 0.50019 0.841104 0.387531 
1533736647221 0.236155 0.808711 -0.538718 -0.598377 -0.949657 0.309535 0.0483705 -0.199503 0.20587 0.500174 0.841096 0.387534 
1533736647236 0.236176 0.808721 -0.538694 -0.598379 -0.94963 0.309605 0.0484583 -0.199539 0.205972 0.500115 0.841107 0.387546 
1533736647254 0.236211 0.808739 -0.538652 -0.598377 -0.94961 0.309658 0.0484983 -0.199562 0.20602 0.500054 0.841131 0.387547 
1533736647270 0.236287 0.808814 -0.538506 -0.598362 -0.949607 0.309677 0.048451 -0.19959 0.205951 0.499921 0.841227 0.387544 
1533736647286 0.236354 0.808888 -0.538364 -0.59835 -0.949605 0.309688 0.0484047 -0.199607 0.205879 0.499793 0.841321 0.387531 
1533736647370 0.236144 0.808871 -0.538482 -0.598366 -0.949623 0.3096 0.0486167 -0.199577 0.206039 0.499875 0.841233 0.38745 
1533736647383 0.235961 0.808771 -0.538714 -0.598388 -0.949627 0.309559 0.0487956 -0.199545 0.206228 0.500064 0.841075 0.387439 
1533736647400 0.235739 0.808675 -0.538954 -0.598407 -0.949653 0.309456 0.048945 -0.199506 0.206363 0.500281 0.840912 0.387444 
1533736647416 0.235515 0.808605 -0.539158 -0.598411 -0.949688 0.309329 0.0490748 -0.199478 0.206459 0.500474 0.840774 0.387471 
1533736647433 0.235399 0.808597 -0.53922 -0.598393 -0.94971 0.30925 0.0491415 -0.19948 0.206489 0.500535 0.84073 0.387514 
1533736647450 0.235316 0.80859 -0.539267 -0.598369 -0.949723 0.309202 0.0492018 -0.199507 0.206527 0.500576 0.840697 0.387561 
1533736647470 0.235211 0.808584 -0.539322 -0.598347 -0.949724 0.309177 0.0493388 -0.199531 0.20664 0.500602 0.840653 0.387597 
1533736647486 0.235107 0.808578 -0.539376 -0.598333 -0.949723 0.309156 0.0494824 -0.199542 0.206762 0.500624 0.84061 0.387621 
1533736647503 0.234987 0.808563 -0.539451 -0.598323 -0.949719 0.309142 0.0496601 -0.199543 0.20692 0.500657 0.840551 0.387645 
1533736647598 0.234667 0.808415 -0.539811 -0.598333 -0.949703 0.309121 0.0500815 -0.199557 0.207354 0.500908 0.840295 0.387666 
1533736647622 0.234759 0.808326 -0.539905 -0.598342 -0.94976 0.309012 0.049671 -0.199598 0.206987 0.501119 0.840259 0.387651 
1533736647637 0.234939 0.808228 -0.539973 -0.598353 -0.949759 0.309065 0.0493722 -0.199619 0.206791 0.501244 0.840233 0.387647 
1533736647657 0.235162 0.808102 -0.540065 -0.59837 -0.949741 0.309169 0.0490637 -0.199628 0.20662 0.501384 0.840192 0.387634 
1533736647702 0.235236 0.807993 -0.540195 -0.598369 -0.949765 0.309136 0.0487983 -0.199561 0.206422 0.501579 0.840124 0.387607 
1533736647740 0.234945 0.80782 -0.540581 -0.598388 -0.949835 0.308917 0.0488181 -0.199488 0.206431 0.501993 0.839874 0.387607 
1533736647763 0.234755 0.807686 -0.540864 -0.598404 -0.949879 0.30878 0.0488273 -0.199442 0.206445 0.502293 0.839692 0.38763 
1533736647776 0.234672 0.807631 -0.540982 -0.598408 -0.949897 0.308723 0.0488376 -0.19942 0.206456 0.502416 0.839615 0.38765 
1533736647794 0.234612 0.807605 -0.541047 -0.598404 -0.949918 0.308662 0.0488204 -0.199396 0.206428 0.502496 0.839574 0.387693 
1533736647809 0.234567 0.807595 -0.541081 -0.598395 -0.949937 0.308607 0.0488001 -0.199372 0.206392 0.502546 0.839554 0.387739 
1533736647917 0.234897 0.807466 -0.541131 -0.59841 -0.949867 0.308861 0.0485538 -0.199462 0.20634 0.502597 0.839536 0.387744 
1533736647935 0.235112 0.80755 -0.540912 -0.598401 -0.949814 0.309029 0.0485174 -0.1995 0.206338 0.502359 0.839679 0.387694 
1533736647947 0.235256 0.807639 -0.540715 -0.598389 -0.949791 0.30911 0.0484644 -0.199519 0.206282 0.502165 0.839808 0.387673 
1533736647965 0.235433 0.807743 -0.540484 -0.59838 -0.949763 0.309206 0.0483899 -0.199543 0.206208 0.501939 0.839962 0.387645 
1533736647980 0.235551 0.807826 -0.540309 -0.598379 -0.949747 0.309263 0.0483374 -0.19955 0.206146 0.501771 0.840077 0.387619 
1533736647997 0.235594 0.807868 -0.540226 -0.598391 -0.949747 0.309269 0.0483016 -0.199538 0.206097 0.501698 0.840133 0.387584 
1533736648043 0.235605 0.80799 -0.54004 -0.598412 -0.949792 0.30915 0.0481709 -0.199475 0.205875 0.501576 0.84026 0.387517 
1533736648060 0.235658 0.808046 -0.539932 -0.598415 -0.949797 0.309146 0.0481116 -0.199461 0.205794 0.501488 0.840333 0.387502 
1533736648077 0.235833 0.808115 -0.539753 -0.598409 -0.949773 0.309236 0.0480041 -0.199454 0.205704 0.501322 0.840453 0.387489 
1533736648169 0.236099 0.808246 -0.539439 -0.598437 -0.949697 0.309468 0.0480195 -0.199415 0.205751 0.500967 0.840654 0.387446 
1533736648190 0.235758 0.808237 -0.539603 -0.598447 -0.949735 0.309302 0.0483355 -0.199432 0.205967 0.501084 0.840531 0.387485 
1533736648209 0.235463 0.808171 -0.53983 -0.598453 -0.949733 0.309248 0.0487153 -0.199467 0.206312 0.501224 0.840363 0.387518 
1533736648274 0.235336 0.80815 -0.539917 -0.598378 -0.949607 0.309526 0.0493902 -0.199625 0.207033 0.501085 0.840268 0.387586 
1533736648316 0.2351 0.808242 -0.539882 -0.598343 -0.949594 0.309497 0.0498241 -0.199651 0.207362 0.500955 0.840265 0.387562 
1533736648350 0.234957 0.808313 -0.539838 -0.598315 -0.949546 0.309574 0.0502558 -0.199667 0.207742 0.500794 0.840267 0.387555 
1533736648394 0.234898 0.808328 -0.539842 -0.598304 -0.949465 0.309756 0.0506765 -0.199734 0.208183 0.500657 0.84024 0.387514 
1533736648427 0.234718 0.808402 -0.53981 -0.598301 -0.949436 0.309776 0.0510811 -0.199766 0.208514 0.500525 0.840236 0.387494 
1533736648444 0.234627 0.808434 -0.539801 -0.5983 -0.949415 0.309804 0.0513109 -0.199775 0.208714 0.500456 0.840228 0.387497 
1533736648460 0.23455 0.808464 -0.539789 -0.598298 -0.949389 0.309845 0.0515377 -0.199785 0.208918 0.500382 0.840221 0.387506 
1533736648594 0.234661 0.808432 -0.539789 -0.598309 -0.949357 0.309951 0.0514961 -0.199829 0.208939 0.500368 0.840224 0.387557 
1533736648616 0.234856 0.808318 -0.539875 -0.598315 -0.949382 0.309946 0.0510616 -0.199828 0.208606 0.500555 0.840195 0.387545 
1533736648634 0.234983 0.808234 -0.539946 -0.598315 -0.949418 0.309897 0.0506933 -0.199819 0.208299 0.500722 0.840172 0.387529 
1533736648687 0.235066 0.808217 -0.539934 -0.598304 -0.949523 0.309663 0.0501446 -0.199783 0.207726 0.500892 0.840212 0.38752 
1533736648727 0.235192 0.808235 -0.539852 -0.598296 -0.949588 0.309534 0.0497179 -0.199766 0.207286 0.500944 0.84029 0.387571 
1533736648751 0.235305 0.808189 -0.539872 -0.598301 -0.949632 0.309455 0.0493536 -0.199763 0.206953 0.501067 0.840299 0.387606 
1533736648775 0.235437 0.808138 -0.539891 -0.598307 -0.949668 0.309402 0.0489966 -0.19975 0.206639 0.501182 0.840308 0.387637 
1533736648808 0.235624 0.808088 -0.539884 -0.59831 -0.949689 0.309397 0.0486234 -0.199715 0.206331 0.501265 0.840334 0.387677 
1533736648821 0.235639 0.808087 -0.539879 -0.59831 -0.949713 0.309342 0.0485044 -0.199697 0.206203 0.501301 0.840344 0.387689 
1533736648838 0.235642 0.808081 -0.539887 -0.598312 -0.94975 0.309253 0.0483439 -0.199677 0.206028 0.501366 0.840348 0.3877 
1533736648858 0.23568 0.808055 -0.53991 -0.598313 -0.949791 0.309164 0.0481103 -0.199658 0.205797 0.501463 0.840347 0.387711 
1533736648875 0.235723 0.80803 -0.539928 -0.598314 -0.949815 0.309117 0.0479373 -0.19965 0.205635 0.501532 0.840345 0.387718 
1533736648957 0.235744 0.80805 -0.539888 -0.598315 -0.94981 0.309132 0.0479405 -0.199627 0.205635 0.50149 0.84037 0.387745 
1533736648972 0.235691 0.808093 -0.539848 -0.598317 -0.949772 0.30921 0.0481943 -0.199613 0.205872 0.501373 0.840382 0.387737 
1533736648987 0.235502 0.808164 -0.539824 -0.598318 -0.949796 0.309103 0.0483985 -0.199599 0.205975 0.501325 0.840386 0.387725 
1533736649004 0.235287 0.808251 -0.539787 -0.598313 -0.949819 0.308993 0.0486557 -0.199585 0.206116 0.501252 0.840394 0.387711 
1533736649020 0.235122 0.80831 -0.539772 -0.598311 -0.94984 0.308901 0.0488344 -0.199582 0.206209 0.501215 0.840394 0.387699 
1533736649040 0.235017 0.808328 -0.539789 -0.598313 -0.949861 0.308825 0.0489058 -0.199596 0.206232 0.501231 0.840378 0.387691 
1533736649057 0.235001 0.808321 -0.539807 -0.598317 -0.949859 0.308826 0.0489298 -0.199606 0.206257 0.501242 0.840365 0.387687 
1533736649074 0.234981 0.808319 -0.539819 -0.59832 -0.94986 0.308819 0.0489529 -0.199611 0.206276 0.501249 0.840357 0.387686 
1533736649090 0.234951 0.808322 -0.539828 -0.598324 -0.949865 0.308801 0.048977 -0.199614 0.206288 0.501256 0.84035 0.387686 
1533736649107 0.234934 0.808324 -0.539833 -0.598325 -0.949867 0.308791 0.0489921 -0.199615 0.206297 0.501259 0.840345 0.387687 
1533736649180 0.234856 0.808264 -0.539955 -0.598329 -0.949866 0.308783 0.0490724 -0.199599 0.206393 0.50136 0.840262 0.387725 
1533736649195 0.234727 0.808134 -0.540206 -0.598338 -0.949881 0.308728 0.0491122 -0.199587 0.206466 0.501604 0.840098 0.387728 
1533736649210 0.234656 0.808002 -0.540435 -0.598337 -0.949877 0.308736 0.049155 -0.19957 0.206569 0.501812 0.839949 0.387733 
1533736649227 0.234632 0.807887 -0.540617 -0.598333 -0.949862 0.308776 0.049181 -0.199557 0.206662 0.501973 0.83983 0.387743 
1533736649243 0.234616 0.807796 -0.54076 -0.598317 -0.949834 0.308849 0.0492662 -0.199538 0.20681 0.502073 0.839733 0.387762 
1533736649264 0.234572 0.807788 -0.54079 -0.598289 -0.949828 0.308856 0.049348 -0.199525 0.206889 0.502082 0.839709 0.387787 
1533736649280 0.234562 0.807778 -0.54081 -0.598274 -0.949822 0.30887 0.049382 -0.199538 0.206929 0.50209 0.839694 0.387805 
1533736649297 0.23457 0.807738 -0.540867 -0.598266 -0.949807 0.308911 0.0494067 -0.199569 0.206987 0.502129 0.839656 0.38782 
1533736649314 0.23456 0.807678 -0.54096 -0.598267 -0.949793 0.308948 0.0494437 -0.199589 0.207063 0.502202 0.839594 0.387824 
1533736649330 0.234504 0.807576 -0.541136 -0.598278 -0.949778 0.308981 0.049525 -0.199601 0.207196 0.502345 0.839475 0.387821 
1533736649416 0.234371 0.807665 -0.541061 -0.598317 -0.949828 0.308822 0.0495554 -0.199549 0.207116 0.502301 0.839522 0.387837 
1533736649429 0.234425 0.807832 -0.540789 -0.598303 -0.949842 0.308784 0.0495172 -0.19956 0.206989 0.502057 0.839699 0.387853 
1533736649446 0.234511 0.80802 -0.54047 -0.598297 -0.949838 0.308797 0.0495245 -0.199576 0.206912 0.501745 0.839904 0.387859 
1533736649462 0.234565 0.80813 -0.540282 -0.598302 -0.949826 0.308828 0.0495624 -0.199584 0.206907 0.501548 0.840023 0.387851 
1533736649479 0.2346 0.808196 -0.540169 -0.598321 -0.949808 0.308872 0.0496209 -0.199584 0.206946 0.501415 0.840093 0.387811 
1533736649499 0.2346 0.808199 -0.540164 -0.598348 -0.949811 0.308865 0.049612 -0.199586 0.206934 0.501415 0.840096 0.387759 
1533736649516 0.234566 0.808219 -0.54015 -0.598362 -0.949825 0.308823 0.0496153 -0.199575 0.20691 0.501409 0.840105 0.387724 
1533736649532 0.234514 0.808261 -0.540108 -0.598369 -0.949841 0.308768 0.0496458 -0.199557 0.206895 0.501374 0.84013 0.387694 
1533736649549 0.234492 0.8083 -0.540061 -0.598372 -0.949847 0.308744 0.0496726 -0.199547 0.206891 0.501327 0.840159 0.387679 
1533736649566 0.234477 0.808343 -0.540002 -0.598373 -0.949851 0.308729 0.049705 -0.199537 0.206893 0.501266 0.840195 0.387659 
1533736649628 0.234642 0.808413 -0.539825 -0.59836 -0.949838 0.30879 0.0495679 -0.199563 0.206764 0.501116 0.840316 0.387675 
1533736649652 0.234833 0.808446 -0.539693 -0.598349 -0.949837 0.308833 0.0493263 -0.199586 0.206552 0.501036 0.840416 0.387729 
1533736649665 0.23506 0.808402 -0.53966 -0.598348 -0.949804 0.308966 0.0491192 -0.199607 0.206445 0.501025 0.840449 0.38775 
1533736649682 0.235292 0.808345 -0.539645 -0.59835 -0.949771 0.309101 0.0488967 -0.199627 0.20633 0.501034 0.840472 0.387756 
1533736649698 0.235459 0.808299 -0.53964 -0.598359 -0.949755 0.309182 0.0487053 -0.199624 0.206215 0.501058 0.840486 0.387745 
1533736649715 0.235575 0.808302 -0.539585 -0.598363 -0.949742 0.309239 0.0485989 -0.199607 0.206143 0.501018 0.840527 0.387747 
1533736649732 0.235667 0.808417 -0.539373 -0.598356 -0.949768 0.309184 0.0484285 -0.199577 0.205916 0.500866 0.840673 0.387763 
1533736649752 0.235755 0.808542 -0.539146 -0.598344 -0.949797 0.309122 0.0482582 -0.199558 0.205681 0.500703 0.840828 0.387783 
1533736649769 0.23584 0.808624 -0.538987 -0.598336 -0.949814 0.309091 0.0481166 -0.199546 0.205504 0.50059 0.840939 0.387794 
1533736649785 0.235906 0.808685 -0.538866 -0.598331 -0.949829 0.309064 0.0479974 -0.199532 0.205359 0.500508 0.841023 0.387795 
1533736649802 0.235923 0.808701 -0.538835 -0.598336 -0.949839 0.309043 0.0479459 -0.19951 0.205297 0.500495 0.841046 0.387787 
1533736649822 0.2359 0.808699 -0.538847 -0.598346 -0.949851 0.309008 0.0479256 -0.199485 0.205265 0.500519 0.841039 0.387764 
1533736649839 0.23587 0.808673 -0.538899 -0.598359 -0.949858 0.308986 0.0479233 -0.199462 0.205267 0.500574 0.841006 0.387716 
1533736649855 0.235889 0.80866 -0.538911 -0.59836 -0.949836 0.309047 0.047982 -0.199455 0.20535 0.500558 0.840995 0.387687 
1533736649872 0.235991 0.808628 -0.538915 -0.598368 -0.949762 0.309251 0.0481217 -0.199459 0.205572 0.500485 0.840984 0.38764 
1533736649889 0.236119 0.808607 -0.538891 -0.598374 -0.949703 0.309424 0.0481713 -0.199473 0.205697 0.500412 0.840997 0.387619 
1533736649905 0.236374 0.808595 -0.538796 -0.598374 -0.949619 0.309686 0.0481552 -0.199501 0.205796 0.500268 0.841059 0.387599 
1533736650034 0.236071 0.808435 -0.539169 -0.598378 -0.949731 0.30936 0.0480244 -0.199489 0.205622 0.500729 0.840827 0.387623 
1533736650053 0.235684 0.80839 -0.539406 -0.598377 -0.94979 0.309138 0.0483005 -0.199473 0.205796 0.500939 0.840659 0.387679 
1533736650064 0.235527 0.808365 -0.539512 -0.598372 -0.949807 0.309065 0.0484375 -0.199476 0.205899 0.501023 0.840584 0.387714 
1533736650081 0.235336 0.808353 -0.539614 -0.598354 -0.949829 0.308971 0.0486062 -0.199488 0.206016 0.501102 0.840509 0.387772 
1533736650117 0.235208 0.808344 -0.539682 -0.59831 -0.949823 0.308958 0.0488049 -0.199524 0.20619 0.501123 0.840453 0.387881 
1533736650157 0.235097 0.808259 -0.539859 -0.5983 -0.94981 0.308972 0.0489601 -0.19957 0.206374 0.501253 0.840331 0.387946 
1533736650177 0.234984 0.808185 -0.540018 -0.598307 -0.949808 0.308959 0.0490837 -0.199576 0.206512 0.501379 0.840221 0.387965 
1533736650194 0.234814 0.808095 -0.540226 -0.598319 -0.949815 0.308913 0.0492406 -0.199576 0.206674 0.501552 0.840078 0.387982 
1533736650211 0.234664 0.808025 -0.540397 -0.598326 -0.949826 0.308859 0.0493637 -0.199577 0.206794 0.501699 0.839961 0.387993 
1533736650289 0.234609 0.80797 -0.540503 -0.598278 -0.949831 0.308839 0.0493861 -0.199609 0.206831 0.5018 0.839892 0.388004 
1533736650315 0.234937 0.807921 -0.540433 -0.598267 -0.949779 0.309042 0.049114 -0.199605 0.206697 0.501754 0.839952 0.388002 
1533736650344 0.235265 0.807952 -0.540244 -0.598252 -0.949823 0.309006 0.0484996 -0.199585 0.206124 0.501726 0.840109 0.388003 
1533736650385 0.235217 0.807999 -0.540195 -0.598264 -0.949972 0.308628 0.0479852 -0.199513 0.205491 0.501883 0.840171 0.387988 
1533736650423 0.235165 0.807968 -0.540264 -0.598276 -0.950082 0.308349 0.0475882 -0.199454 0.20504 0.502104 0.840149 0.387986 
1533736650459 0.235208 0.807827 -0.540456 -0.598297 -0.950093 0.308346 0.0474052 -0.199419 0.204942 0.502333 0.840036 0.388031 
1533736650487 0.235206 0.807704 -0.540641 -0.598314 -0.950122 0.308285 0.0472189 -0.199402 0.20481 0.502569 0.839927 0.388055 
1533736650507 0.235216 0.807636 -0.540738 -0.59832 -0.950148 0.308228 0.0470592 -0.199397 0.204678 0.502712 0.839874 0.388065 
1533736650523 0.235241 0.807586 -0.540802 -0.598323 -0.950169 0.308186 0.0469074 -0.199397 0.204549 0.502819 0.839841 0.388076 
1533736650650 0.235464 0.807576 -0.54072 -0.598317 -0.950137 0.308313 0.0467205 -0.199356 0.204441 0.502757 0.839904 0.388055 
1533736650664 0.235459 0.80769 -0.540551 -0.598306 -0.950137 0.308302 0.046794 -0.19936 0.204448 0.50258 0.840009 0.388055 
1533736650680 0.235455 0.807862 -0.540296 -0.598293 -0.950139 0.308283 0.0468902 -0.199375 0.204445 0.502315 0.840168 0.388055 
1533736650706 0.235464 0.808013 -0.540067 -0.598288 -0.950138 0.308272 0.0469651 -0.199401 0.204436 0.502079 0.840311 0.388025 
1533736650769 0.23569 0.80804 -0.539928 -0.598327 -0.950093 0.308429 0.0468495 -0.199451 0.204385 0.50194 0.840406 0.387926 
1533736650794 0.235816 0.808187 -0.539652 -0.598338 -0.950087 0.308459 0.0467829 -0.199431 0.20427 0.501684 0.840587 0.387901 
1533736650816 0.235931 0.808348 -0.53936 -0.598341 -0.950077 0.308492 0.0467517 -0.199403 0.20418 0.501404 0.840776 0.387882 
