1530555714944 -0.0149508 -0.155917 0.987657 0.355943 -0.9944 0.105673 0.00162931 -0.491666 -0.104623 -0.982101 -0.156624 0.441188 
1530555719193 -0.0149495 -0.155917 0.987657 0.355943 -0.9944 0.105673 0.0016305 -0.491666 -0.104622 -0.982101 -0.156624 0.441188 
1530555719316 -0.0149052 -0.155637 0.987702 0.356166 -0.994406 0.105609 0.00163486 -0.491663 -0.104564 -0.982153 -0.15634 0.441284 
1530555719459 -0.0157023 -0.155832 0.987659 0.358698 -0.99445 0.105207 0.000789191 -0.491779 -0.104031 -0.982165 -0.156619 0.441261 
1530555719587 -0.0157724 -0.155404 0.987725 0.361747 -0.994528 0.104468 0.000555522 -0.491876 -0.103272 -0.982312 -0.156201 0.441436 
1530555719710 -0.0158282 -0.155252 0.987748 0.364833 -0.994548 0.104281 0.000453491 -0.491874 -0.103074 -0.982356 -0.156056 0.4413 
1530555719830 -0.0158022 -0.154744 0.987828 0.367869 -0.99461 0.103687 0.000332005 -0.491875 -0.102477 -0.982499 -0.155548 0.441436 
1530555719957 -0.0160205 -0.1546 0.987847 0.370897 -0.994641 0.10339 4.9974e-05 -0.491936 -0.102141 -0.982553 -0.155427 0.441369 
1530555720081 -0.0160199 -0.154152 0.987917 0.373991 -0.994685 0.102968 -6.2646e-05 -0.491893 -0.101715 -0.982667 -0.154983 0.441484 
1530555720202 -0.0159213 -0.154182 0.987914 0.377058 -0.99468 0.103015 4.71092e-05 -0.491792 -0.101777 -0.982657 -0.155002 0.441243 
1530555720311 -0.0158318 -0.15387 0.987964 0.379657 -0.994711 0.102717 5.76648e-05 -0.491664 -0.101489 -0.982738 -0.154683 0.441318 
1530555720325 -0.0159322 -0.153864 0.987964 0.379972 -0.994704 0.102777 -3.45844e-05 -0.491639 -0.101534 -0.982732 -0.154686 0.441305 
1530555720342 -0.0161235 -0.153828 0.987966 0.380345 -0.994702 0.102803 -0.000226853 -0.491635 -0.101531 -0.982735 -0.15467 0.441281 
1530555720358 -0.0162303 -0.153743 0.987978 0.380705 -0.994705 0.102772 -0.000348027 -0.491641 -0.101483 -0.982752 -0.154597 0.441276 
1530555720375 -0.016297 -0.153657 0.98799 0.380995 -0.994707 0.102753 -0.000427208 -0.491652 -0.101453 -0.982767 -0.154518 0.441274 
1530555720396 -0.0162406 -0.153555 0.988007 0.381445 -0.99471 0.10272 -0.000386076 -0.491651 -0.101429 -0.982787 -0.154411 0.441249 
1530555720408 -0.0159899 -0.15353 0.988015 0.381816 -0.994714 0.10268 -0.00014268 -0.491614 -0.101428 -0.982795 -0.15436 0.441209 
1530555720425 -0.0157448 -0.153508 0.988022 0.382175 -0.994704 0.102778 0.000117223 -0.49155 -0.101565 -0.982788 -0.154313 0.44114 
1530555720442 -0.0155546 -0.153466 0.988032 0.382467 -0.994681 0.103006 0.000340162 -0.491455 -0.101826 -0.982771 -0.154252 0.441072 
1530555720458 -0.0154004 -0.15344 0.988038 0.38271 -0.994657 0.103233 0.000528263 -0.491354 -0.102079 -0.982751 -0.15421 0.44101 
1530555720475 -0.0153215 -0.153418 0.988043 0.382887 -0.99464 0.103394 0.000630603 -0.491288 -0.102254 -0.982737 -0.15418 0.440985 
1530555720498 -0.0152261 -0.153361 0.988053 0.382983 -0.994645 0.103352 0.000714203 -0.491263 -0.102227 -0.982751 -0.154113 0.440997 
1530555720515 -0.01523 -0.153354 0.988054 0.382997 -0.994648 0.103315 0.000703654 -0.491277 -0.102189 -0.982756 -0.154107 0.441005 
1530555720532 -0.0152606 -0.153351 0.988054 0.382998 -0.994651 0.103293 0.000669062 -0.491296 -0.102162 -0.982758 -0.154107 0.441009 
1530555720548 -0.0152854 -0.153346 0.988054 0.382999 -0.994653 0.103271 0.000640277 -0.491313 -0.102136 -0.982761 -0.154105 0.441014 
1530555720565 -0.0152968 -0.153344 0.988054 0.383006 -0.994656 0.103246 0.000624631 -0.491326 -0.102109 -0.982764 -0.154104 0.44102 
1530555720583 -0.0153235 -0.153355 0.988052 0.383003 -0.994654 0.103263 0.000601499 -0.49133 -0.102122 -0.982761 -0.154117 0.44101 
1530555720598 -0.0153433 -0.153364 0.988051 0.382999 -0.994652 0.10328 0.000585256 -0.491332 -0.102136 -0.982758 -0.154128 0.441001 
1530555720615 -0.0153616 -0.153374 0.988049 0.382996 -0.994651 0.103294 0.000570018 -0.491335 -0.102147 -0.982755 -0.154141 0.440993 
1530555720636 -0.0153681 -0.15338 0.988048 0.382996 -0.99465 0.103302 0.000565268 -0.491335 -0.102154 -0.982753 -0.154147 0.440988 
1530555720765 -0.0154739 -0.153239 0.988068 0.383215 -0.994624 0.103552 0.000483192 -0.491346 -0.10239 -0.982749 -0.154018 0.440979 
1530555720785 -0.0155065 -0.153148 0.988082 0.383479 -0.994624 0.103552 0.000441025 -0.491362 -0.102386 -0.982763 -0.153931 0.440989 
1530555720801 -0.015489 -0.153115 0.988087 0.383743 -0.994633 0.103463 0.000441084 -0.491369 -0.102298 -0.982777 -0.153896 0.44099 
1530555720818 -0.0154965 -0.153101 0.988089 0.384015 -0.994648 0.103324 0.000410426 -0.491387 -0.102156 -0.982794 -0.153883 0.440994 
1530555720835 -0.015547 -0.153125 0.988085 0.384406 -0.994662 0.103187 0.000340537 -0.491427 -0.102009 -0.982805 -0.153912 0.441001 
1530555720851 -0.0155675 -0.153244 0.988066 0.384772 -0.994676 0.103055 0.000311752 -0.491472 -0.101873 -0.9828 -0.154032 0.440998 
1530555720868 -0.0155123 -0.153288 0.98806 0.38505 -0.994685 0.102961 0.000357069 -0.491491 -0.101786 -0.982803 -0.15407 0.441002 
1530555720885 -0.0154717 -0.153285 0.988061 0.385343 -0.994688 0.102932 0.000393059 -0.491491 -0.101763 -0.982807 -0.154064 0.441014 
1530555720901 -0.0154428 -0.15325 0.988067 0.385602 -0.99469 0.102918 0.000416366 -0.491482 -0.101754 -0.982813 -0.154025 0.441033 
1530555720918 -0.015423 -0.153193 0.988076 0.385807 -0.994694 0.10288 0.000424349 -0.491477 -0.101718 -0.982826 -0.153967 0.441046 
1530555720935 -0.0153076 -0.153095 0.988093 0.38599 -0.99469 0.102918 0.000536256 -0.491454 -0.101775 -0.982838 -0.153857 0.441038 
1530555720958 -0.0152712 -0.153042 0.988102 0.386151 -0.994676 0.103047 0.000587619 -0.491432 -0.101911 -0.982832 -0.153801 0.440994 
1530555720975 -0.015299 -0.153019 0.988105 0.386207 -0.994672 0.103093 0.000564411 -0.491439 -0.101953 -0.982831 -0.153781 0.440976 
1530555720991 -0.0153229 -0.152999 0.988108 0.386243 -0.99467 0.103113 0.00054135 -0.491453 -0.101969 -0.982832 -0.153764 0.440971 
1530555721008 -0.0153309 -0.153034 0.988102 0.38626 -0.994667 0.103134 0.000540307 -0.491456 -0.10199 -0.982824 -0.153799 0.440955 
1530555721025 -0.0153459 -0.153073 0.988096 0.386274 -0.994663 0.103178 0.000536166 -0.491452 -0.102032 -0.982814 -0.153839 0.440931 
1530555721042 -0.0153523 -0.153079 0.988095 0.386281 -0.994662 0.103185 0.000531415 -0.49145 -0.102038 -0.982812 -0.153846 0.440929 
1530555721058 -0.0153518 -0.153078 0.988095 0.386286 -0.994662 0.103183 0.000531504 -0.491447 -0.102036 -0.982813 -0.153845 0.440932 
1530555721075 -0.0153458 -0.15308 0.988095 0.386293 -0.994662 0.103184 0.000537927 -0.491443 -0.102038 -0.982812 -0.153846 0.44093 
1530555721091 -0.0153432 -0.153082 0.988094 0.386296 -0.994662 0.103189 0.000541566 -0.491441 -0.102044 -0.982811 -0.153848 0.440928 
1530555721108 -0.0153405 -0.153082 0.988094 0.3863 -0.994662 0.10319 0.00054433 -0.491439 -0.102045 -0.982811 -0.153848 0.440927 
1530555721130 -0.015335 -0.153082 0.988095 0.386305 -0.994661 0.10319 0.000550023 -0.491436 -0.102046 -0.982811 -0.153847 0.440927 
1530555721145 -0.0153335 -0.153084 0.988094 0.386308 -0.994661 0.103194 0.000552318 -0.491434 -0.10205 -0.98281 -0.153849 0.440925 
1530555721162 -0.0153333 -0.153084 0.988094 0.38631 -0.994661 0.103195 0.00055264 -0.491433 -0.102051 -0.98281 -0.153849 0.440925 
1530555721178 -0.0153311 -0.153085 0.988094 0.386313 -0.994661 0.103194 0.000554752 -0.491432 -0.10205 -0.98281 -0.15385 0.440925 
1530555721195 -0.0153312 -0.153087 0.988094 0.386315 -0.994661 0.103196 0.00055534 -0.491431 -0.102053 -0.98281 -0.153852 0.440923 
1530555721212 -0.0153324 -0.153088 0.988094 0.386316 -0.994661 0.103198 0.000554398 -0.49143 -0.102054 -0.982809 -0.153852 0.440923 
1530555721229 -0.0153302 -0.153088 0.988094 0.386318 -0.994661 0.103197 0.000556568 -0.491429 -0.102054 -0.982809 -0.153852 0.440923 
1530555721248 -0.0153305 -0.15309 0.988093 0.38632 -0.994661 0.103198 0.00055651 -0.491428 -0.102054 -0.982809 -0.153855 0.440922 
1530555721265 -0.0153334 -0.153091 0.988093 0.386319 -0.994661 0.103198 0.00055363 -0.491429 -0.102054 -0.982809 -0.153856 0.440922 
1530555721285 -0.0153343 -0.15309 0.988093 0.38632 -0.994661 0.103196 0.0005525 -0.491429 -0.102052 -0.982809 -0.153856 0.440923 
1530555721302 -0.0153354 -0.153091 0.988093 0.38632 -0.994661 0.103197 0.000551638 -0.491429 -0.102053 -0.982809 -0.153856 0.440922 
1530555721318 -0.0153372 -0.153092 0.988093 0.386319 -0.994661 0.103198 0.000549997 -0.491429 -0.102053 -0.982809 -0.153857 0.440922 
1530555721342 -0.0153387 -0.153092 0.988093 0.38632 -0.994661 0.103197 0.000548336 -0.49143 -0.102052 -0.982809 -0.153857 0.440922 
1530555721359 -0.0153396 -0.153093 0.988093 0.38632 -0.994661 0.103198 0.000547646 -0.49143 -0.102053 -0.982809 -0.153858 0.440922 
1530555721375 -0.0153402 -0.153093 0.988093 0.38632 -0.994661 0.103198 0.000547058 -0.49143 -0.102053 -0.982809 -0.153858 0.440922 
1530555721392 -0.0153408 -0.153092 0.988093 0.38632 -0.994661 0.103197 0.000546336 -0.49143 -0.102052 -0.982809 -0.153858 0.440922 
1530555721409 -0.0153417 -0.153093 0.988093 0.38632 -0.994661 0.103198 0.000545524 -0.49143 -0.102052 -0.982809 -0.153859 0.440922 
1530555721432 -0.0153428 -0.153093 0.988093 0.38632 -0.994661 0.103198 0.000544399 -0.49143 -0.102052 -0.982809 -0.153859 0.440922 
1530555721448 -0.0153434 -0.153093 0.988093 0.38632 -0.994661 0.103198 0.00054392 -0.49143 -0.102053 -0.982809 -0.153859 0.440922 
1530555721468 -0.0153447 -0.153093 0.988093 0.386319 -0.994661 0.103198 0.000542724 -0.49143 -0.102053 -0.982808 -0.15386 0.440922 
1530555721485 -0.0153446 -0.153093 0.988093 0.38632 -0.994661 0.103198 0.000542704 -0.49143 -0.102052 -0.982809 -0.15386 0.440922 
1530555721502 -0.0153449 -0.153093 0.988093 0.38632 -0.994661 0.103198 0.000542423 -0.49143 -0.102052 -0.982809 -0.153859 0.440922 
1530555721519 -0.015346 -0.153094 0.988092 0.38632 -0.994661 0.103199 0.000541474 -0.49143 -0.102053 -0.982808 -0.15386 0.440922 
1530555721535 -0.0153465 -0.153094 0.988092 0.38632 -0.994661 0.103199 0.000540941 -0.49143 -0.102053 -0.982808 -0.15386 0.440922 
1530555721552 -0.0153468 -0.153094 0.988092 0.38632 -0.994661 0.103198 0.000540566 -0.49143 -0.102052 -0.982808 -0.15386 0.440922 
1530555721569 -0.0153469 -0.153094 0.988092 0.38632 -0.994661 0.103199 0.000540587 -0.49143 -0.102053 -0.982808 -0.15386 0.440922 
1530555721592 -0.0153474 -0.153094 0.988092 0.38632 -0.994661 0.103198 0.00054004 -0.491431 -0.102052 -0.982808 -0.15386 0.440922 
1530555721609 -0.0153479 -0.153094 0.988092 0.38632 -0.994661 0.103199 0.000539602 -0.491431 -0.102052 -0.982808 -0.153861 0.440922 
1530555721625 -0.0153487 -0.153094 0.988092 0.38632 -0.994661 0.103199 0.000538829 -0.491431 -0.102053 -0.982808 -0.153861 0.440922 
1530555721642 -0.0153493 -0.153094 0.988092 0.38632 -0.994661 0.103199 0.000538279 -0.491431 -0.102052 -0.982808 -0.153861 0.440922 
1530555721659 -0.0153492 -0.153094 0.988092 0.38632 -0.994661 0.103199 0.000538316 -0.491431 -0.102052 -0.982808 -0.153861 0.440922 
1530555721675 -0.0153497 -0.153094 0.988092 0.38632 -0.994661 0.103199 0.000537902 -0.491431 -0.102053 -0.982808 -0.153861 0.440921 
1530555721692 -0.0153503 -0.153095 0.988092 0.38632 -0.994661 0.103199 0.000537373 -0.491431 -0.102053 -0.982808 -0.153861 0.440921 
1530555721709 -0.0153505 -0.153094 0.988092 0.38632 -0.994661 0.103199 0.000537024 -0.491431 -0.102052 -0.982808 -0.153861 0.440922 
1530555721729 -0.0153508 -0.153095 0.988092 0.38632 -0.994661 0.103199 0.000536815 -0.491431 -0.102052 -0.982808 -0.153861 0.440922 
1530555721752 -0.0153508 -0.153094 0.988092 0.38632 -0.994661 0.103199 0.000536728 -0.491431 -0.102052 -0.982808 -0.153861 0.440922 
1530555721769 -0.0153512 -0.153094 0.988092 0.38632 -0.994661 0.103199 0.000536339 -0.491431 -0.102052 -0.982808 -0.153861 0.440922 
1530555721790 -0.0153518 -0.153095 0.988092 0.38632 -0.994661 0.103199 0.000535782 -0.491431 -0.102053 -0.982808 -0.153861 0.440922 
1530555721807 -0.0153521 -0.153095 0.988092 0.38632 -0.994661 0.1032 0.000535577 -0.491431 -0.102053 -0.982808 -0.153862 0.440922 
1530555721823 -0.0153524 -0.153095 0.988092 0.38632 -0.994661 0.1032 0.000535282 -0.491431 -0.102053 -0.982808 -0.153862 0.440921 
1530555721840 -0.0153526 -0.153095 0.988092 0.38632 -0.994661 0.103199 0.000535088 -0.491431 -0.102053 -0.982808 -0.153862 0.440922 
1530555721858 -0.015353 -0.153095 0.988092 0.38632 -0.994661 0.1032 0.000534667 -0.491431 -0.102053 -0.982808 -0.153862 0.440922 
1530555721873 -0.0153528 -0.153095 0.988092 0.38632 -0.99466 0.1032 0.000534879 -0.491431 -0.102053 -0.982808 -0.153862 0.440922 
1530555721890 -0.0153533 -0.153095 0.988092 0.38632 -0.99466 0.1032 0.000534393 -0.491431 -0.102053 -0.982808 -0.153862 0.440921 
1530555721907 -0.0153537 -0.153095 0.988092 0.38632 -0.99466 0.1032 0.000534044 -0.491431 -0.102053 -0.982808 -0.153862 0.440922 
1530555721930 -0.0153537 -0.153095 0.988092 0.38632 -0.99466 0.1032 0.000534014 -0.491431 -0.102053 -0.982808 -0.153862 0.440922 
1530555721947 -0.0153538 -0.153095 0.988092 0.38632 -0.99466 0.1032 0.000533903 -0.491431 -0.102053 -0.982808 -0.153862 0.440922 
1530555721963 -0.0153544 -0.153095 0.988092 0.38632 -0.99466 0.103201 0.000533472 -0.491431 -0.102053 -0.982808 -0.153862 0.440921 
1530555721987 -0.0153545 -0.153095 0.988092 0.38632 -0.99466 0.1032 0.000533323 -0.491431 -0.102053 -0.982808 -0.153862 0.440921 
1530555722004 -0.015355 -0.153095 0.988092 0.38632 -0.99466 0.103201 0.000532853 -0.491431 -0.102053 -0.982808 -0.153862 0.440921 
1530555722020 -0.0153546 -0.153095 0.988092 0.38632 -0.99466 0.1032 0.000533092 -0.491432 -0.102053 -0.982808 -0.153862 0.440922 
1530555722037 -0.0153551 -0.153095 0.988092 0.38632 -0.99466 0.1032 0.000532688 -0.491432 -0.102053 -0.982808 -0.153862 0.440922 
1530555722054 -0.0153552 -0.153095 0.988092 0.38632 -0.99466 0.103201 0.000532599 -0.491432 -0.102053 -0.982808 -0.153862 0.440922 
1530555722077 -0.0153557 -0.153095 0.988092 0.38632 -0.99466 0.1032 0.000532091 -0.491432 -0.102053 -0.982808 -0.153862 0.440922 
1530555722094 -0.0153558 -0.153095 0.988092 0.38632 -0.99466 0.103201 0.000532103 -0.491432 -0.102053 -0.982808 -0.153862 0.440921 
1530555722111 -0.0153561 -0.153095 0.988092 0.38632 -0.99466 0.103201 0.000531808 -0.491432 -0.102053 -0.982808 -0.153863 0.440921 
1530555722127 -0.0153563 -0.153095 0.988092 0.38632 -0.99466 0.103201 0.000531577 -0.491432 -0.102053 -0.982808 -0.153863 0.440921 
1530555722144 -0.0153564 -0.153095 0.988092 0.38632 -0.99466 0.103201 0.000531492 -0.491432 -0.102053 -0.982808 -0.153863 0.440921 
1530555722161 -0.0153567 -0.153095 0.988092 0.38632 -0.99466 0.103201 0.000531168 -0.491432 -0.102053 -0.982808 -0.153863 0.440921 
1530555722177 -0.0153569 -0.153095 0.988092 0.38632 -0.99466 0.103201 0.000531034 -0.491432 -0.102053 -0.982808 -0.153863 0.440922 
1530555722194 -0.0153569 -0.153095 0.988092 0.38632 -0.99466 0.103201 0.000530996 -0.491432 -0.102053 -0.982808 -0.153863 0.440921 
1530555722210 -0.0153572 -0.153095 0.988092 0.38632 -0.99466 0.103201 0.0005307 -0.491432 -0.102054 -0.982808 -0.153863 0.440922 
1530555722228 -0.0153573 -0.153095 0.988092 0.38632 -0.99466 0.103202 0.000530719 -0.491432 -0.102054 -0.982808 -0.153863 0.440921 
1530555722247 -0.015358 -0.153096 0.988092 0.38632 -0.99466 0.103202 0.000530115 -0.491432 -0.102054 -0.982808 -0.153863 0.440921 
1530555722264 -0.0153581 -0.153095 0.988092 0.38632 -0.99466 0.103201 0.000529896 -0.491432 -0.102054 -0.982808 -0.153863 0.440921 
1530555722285 -0.015358 -0.153095 0.988092 0.38632 -0.99466 0.103201 0.000529996 -0.491432 -0.102054 -0.982808 -0.153863 0.440922 
1530555722302 -0.0153583 -0.153096 0.988092 0.38632 -0.99466 0.103201 0.000529663 -0.491432 -0.102054 -0.982808 -0.153863 0.440921 
1530555722319 -0.0153586 -0.153096 0.988092 0.38632 -0.99466 0.103202 0.0005295 -0.491432 -0.102054 -0.982808 -0.153863 0.440921 
1530555722335 -0.0153585 -0.153096 0.988092 0.38632 -0.99466 0.103201 0.000529427 -0.491432 -0.102053 -0.982808 -0.153863 0.440922 
1530555722352 -0.0153589 -0.153096 0.988092 0.38632 -0.99466 0.103202 0.000529117 -0.491432 -0.102054 -0.982808 -0.153863 0.440921 
1530555722369 -0.015359 -0.153096 0.988092 0.38632 -0.99466 0.103201 0.000528983 -0.491432 -0.102054 -0.982808 -0.153863 0.440922 
1530555722385 -0.0153594 -0.153096 0.988092 0.38632 -0.99466 0.103202 0.000528617 -0.491432 -0.102054 -0.982808 -0.153863 0.440921 
1530555722402 -0.0153594 -0.153096 0.988092 0.38632 -0.99466 0.103202 0.000528736 -0.491432 -0.102054 -0.982808 -0.153863 0.440921 
1530555722422 -0.0153597 -0.153096 0.988092 0.38632 -0.99466 0.103202 0.000528432 -0.491432 -0.102054 -0.982808 -0.153864 0.440921 
1530555722439 -0.0153598 -0.153096 0.988092 0.38632 -0.99466 0.103202 0.000528242 -0.491432 -0.102054 -0.982808 -0.153863 0.440922 
1530555722456 -0.0153599 -0.153096 0.988092 0.38632 -0.99466 0.103202 0.00052822 -0.491432 -0.102054 -0.982808 -0.153864 0.440921 
1530555722472 -0.01536 -0.153096 0.988092 0.38632 -0.99466 0.103203 0.000528241 -0.491432 -0.102054 -0.982808 -0.153864 0.440921 
1530555722489 -0.0153601 -0.153096 0.988092 0.38632 -0.99466 0.103202 0.000527992 -0.491432 -0.102054 -0.982808 -0.153864 0.440921 
1530555722509 -0.0153603 -0.153096 0.988092 0.38632 -0.99466 0.103202 0.000527831 -0.491432 -0.102054 -0.982808 -0.153864 0.440921 
1530555722526 -0.0153603 -0.153096 0.988092 0.38632 -0.99466 0.103202 0.000527762 -0.491432 -0.102054 -0.982808 -0.153864 0.440922 
1530555722542 -0.0153605 -0.153096 0.988092 0.38632 -0.99466 0.103202 0.000527602 -0.491432 -0.102054 -0.982808 -0.153864 0.440921 
1530555722560 -0.0153611 -0.153096 0.988092 0.38632 -0.99466 0.103202 0.000527131 -0.491432 -0.102054 -0.982808 -0.153864 0.440921 
1530555722580 -0.015361 -0.153096 0.988092 0.38632 -0.99466 0.103202 0.000527157 -0.491432 -0.102054 -0.982808 -0.153864 0.440921 
1530555722596 -0.0153611 -0.153096 0.988092 0.38632 -0.99466 0.103202 0.000527069 -0.491432 -0.102054 -0.982808 -0.153864 0.440921 
1530555722612 -0.0153612 -0.153096 0.988092 0.38632 -0.99466 0.103202 0.000526958 -0.491432 -0.102054 -0.982808 -0.153864 0.440921 
1530555722629 -0.0153615 -0.153096 0.988092 0.38632 -0.99466 0.103203 0.000526708 -0.491432 -0.102054 -0.982808 -0.153864 0.440921 
1530555722646 -0.0153616 -0.153096 0.988092 0.38632 -0.99466 0.103202 0.000526508 -0.491432 -0.102054 -0.982808 -0.153864 0.440921 
1530555722662 -0.0153616 -0.153096 0.988092 0.38632 -0.99466 0.103202 0.000526542 -0.491432 -0.102054 -0.982808 -0.153864 0.440922 
1530555722682 -0.015362 -0.153096 0.988092 0.38632 -0.99466 0.103202 0.000526208 -0.491432 -0.102054 -0.982808 -0.153864 0.440921 
1530555722703 -0.0153619 -0.153096 0.988092 0.38632 -0.99466 0.103203 0.00052627 -0.491432 -0.102054 -0.982808 -0.153864 0.440921 
1530555722726 -0.015362 -0.153096 0.988092 0.38632 -0.99466 0.103202 0.0005261 -0.491433 -0.102054 -0.982808 -0.153864 0.440922 
1530555722743 -0.0153622 -0.153096 0.988092 0.38632 -0.99466 0.103203 0.000526026 -0.491432 -0.102054 -0.982808 -0.153864 0.440921 
1530555722759 -0.0153626 -0.153096 0.988092 0.38632 -0.99466 0.103203 0.000525768 -0.491432 -0.102055 -0.982808 -0.153864 0.440921 
1530555722776 -0.0153627 -0.153096 0.988092 0.38632 -0.99466 0.103203 0.000525581 -0.491432 -0.102054 -0.982808 -0.153864 0.440921 
1530555722793 -0.0153624 -0.153096 0.988092 0.38632 -0.99466 0.103202 0.000525736 -0.491433 -0.102054 -0.982808 -0.153864 0.440922 
1530555722809 -0.0153628 -0.153096 0.988092 0.38632 -0.99466 0.103203 0.000525463 -0.491433 -0.102054 -0.982808 -0.153864 0.440921 
1530555722829 -0.0153631 -0.153096 0.988092 0.38632 -0.99466 0.103203 0.000525195 -0.491433 -0.102054 -0.982808 -0.153864 0.440921 
1530555722846 -0.0153631 -0.153096 0.988092 0.38632 -0.99466 0.103203 0.00052526 -0.491432 -0.102055 -0.982808 -0.153864 0.440921 
1530555722863 -0.015363 -0.153096 0.988092 0.38632 -0.99466 0.103203 0.000525266 -0.491433 -0.102054 -0.982808 -0.153864 0.440921 
1530555722888 -0.0153635 -0.153097 0.988092 0.38632 -0.99466 0.103203 0.000524883 -0.491433 -0.102054 -0.982807 -0.153865 0.440921 
1530555722905 -0.0153634 -0.153096 0.988092 0.38632 -0.99466 0.103203 0.000524882 -0.491433 -0.102054 -0.982808 -0.153864 0.440922 
1530555722921 -0.0153637 -0.153096 0.988092 0.38632 -0.99466 0.103203 0.00052466 -0.491433 -0.102055 -0.982807 -0.153865 0.440921 
1530555722938 -0.0153642 -0.153097 0.988092 0.38632 -0.99466 0.103204 0.000524233 -0.491433 -0.102055 -0.982807 -0.153865 0.440921 
1530555722962 -0.0153639 -0.153097 0.988092 0.38632 -0.99466 0.103204 0.000524481 -0.491433 -0.102055 -0.982807 -0.153865 0.440921 
1530555722978 -0.0153642 -0.153097 0.988092 0.38632 -0.99466 0.103203 0.000524153 -0.491433 -0.102055 -0.982807 -0.153865 0.440921 
1530555722995 -0.0153641 -0.153096 0.988092 0.38632 -0.99466 0.103203 0.000524166 -0.491433 -0.102054 -0.982808 -0.153864 0.440922 
1530555723012 -0.015364 -0.153097 0.988092 0.38632 -0.99466 0.103203 0.000524288 -0.491433 -0.102054 -0.982808 -0.153865 0.440922 
1530555723032 -0.0153644 -0.153096 0.988092 0.38632 -0.99466 0.103203 0.000523909 -0.491433 -0.102054 -0.982807 -0.153865 0.440921 
1530555723048 -0.0153647 -0.153097 0.988092 0.38632 -0.99466 0.103204 0.000523717 -0.491433 -0.102055 -0.982807 -0.153865 0.440921 
1530555723065 -0.015365 -0.153097 0.988092 0.38632 -0.99466 0.103204 0.00052336 -0.491433 -0.102055 -0.982807 -0.153865 0.440921 
1530555723082 -0.0153646 -0.153097 0.988092 0.38632 -0.99466 0.103204 0.00052382 -0.491433 -0.102055 -0.982807 -0.153865 0.440921 
1530555723098 -0.0153648 -0.153097 0.988092 0.38632 -0.99466 0.103204 0.000523561 -0.491433 -0.102055 -0.982807 -0.153865 0.440921 
1530555723115 -0.0153654 -0.153097 0.988092 0.38632 -0.99466 0.103204 0.000523094 -0.491433 -0.102055 -0.982807 -0.153865 0.440921 
1530555723132 -0.015365 -0.153097 0.988092 0.38632 -0.99466 0.103204 0.000523405 -0.491433 -0.102055 -0.982807 -0.153865 0.440921 
1530555723148 -0.0153651 -0.153097 0.988092 0.38632 -0.99466 0.103204 0.000523337 -0.491433 -0.102055 -0.982807 -0.153865 0.440921 
1530555723165 -0.0153654 -0.153097 0.988092 0.38632 -0.99466 0.103204 0.00052307 -0.491433 -0.102055 -0.982807 -0.153865 0.440921 
1530555723182 -0.0153657 -0.153097 0.988092 0.38632 -0.99466 0.103204 0.0005228 -0.491433 -0.102055 -0.982807 -0.153865 0.440921 
1530555723205 -0.0153657 -0.153097 0.988092 0.38632 -0.99466 0.103204 0.000522808 -0.491433 -0.102055 -0.982807 -0.153865 0.440921 
1530555723222 -0.0153655 -0.153097 0.988092 0.38632 -0.99466 0.103203 0.000522879 -0.491433 -0.102055 -0.982807 -0.153865 0.440921 
1530555723238 -0.0153655 -0.153097 0.988092 0.38632 -0.99466 0.103204 0.000522904 -0.491433 -0.102055 -0.982807 -0.153865 0.440921 
1530555723255 -0.0153656 -0.153097 0.988092 0.38632 -0.99466 0.103204 0.00052283 -0.491433 -0.102055 -0.982807 -0.153865 0.440921 
1530555723272 -0.0153659 -0.153097 0.988092 0.38632 -0.99466 0.103204 0.000522604 -0.491433 -0.102055 -0.982807 -0.153865 0.440921 
1530555723288 -0.015366 -0.153097 0.988092 0.38632 -0.99466 0.103204 0.000522504 -0.491433 -0.102055 -0.982807 -0.153865 0.440921 
1530555723305 -0.0153661 -0.153097 0.988092 0.38632 -0.99466 0.103204 0.000522378 -0.491433 -0.102055 -0.982807 -0.153865 0.440921 
1530555723322 -0.0153662 -0.153097 0.988092 0.38632 -0.99466 0.103204 0.000522307 -0.491433 -0.102055 -0.982807 -0.153865 0.440921 
1530555723338 -0.0153661 -0.153097 0.988092 0.38632 -0.99466 0.103204 0.000522401 -0.491433 -0.102055 -0.982807 -0.153865 0.440921 
1530555723355 -0.0153668 -0.153097 0.988092 0.38632 -0.99466 0.103205 0.000521831 -0.491433 -0.102055 -0.982807 -0.153865 0.440921 
1530555723378 -0.0153666 -0.153097 0.988092 0.38632 -0.99466 0.103204 0.000521915 -0.491433 -0.102055 -0.982807 -0.153865 0.440921 
1530555723395 -0.0153666 -0.153097 0.988092 0.38632 -0.99466 0.103204 0.000521975 -0.491433 -0.102055 -0.982807 -0.153865 0.440921 
1530555723412 -0.0153666 -0.153097 0.988092 0.38632 -0.99466 0.103204 0.000521904 -0.491433 -0.102055 -0.982807 -0.153865 0.440921 
1530555723428 -0.0153668 -0.153097 0.988092 0.38632 -0.99466 0.103204 0.00052178 -0.491433 -0.102055 -0.982807 -0.153865 0.440921 
1530555723445 -0.0153669 -0.153097 0.988092 0.38632 -0.99466 0.103205 0.000521643 -0.491433 -0.102055 -0.982807 -0.153866 0.440921 
1530555723462 -0.0153668 -0.153097 0.988092 0.38632 -0.99466 0.103204 0.000521718 -0.491433 -0.102055 -0.982807 -0.153865 0.440921 
1530555723480 -0.0153668 -0.153097 0.988092 0.38632 -0.99466 0.103204 0.000521741 -0.491433 -0.102055 -0.982807 -0.153865 0.440922 
1530555723495 -0.0153672 -0.153097 0.988092 0.38632 -0.99466 0.103205 0.000521412 -0.491433 -0.102055 -0.982807 -0.153866 0.440921 
1530555723512 -0.0153674 -0.153097 0.988092 0.38632 -0.99466 0.103205 0.00052116 -0.491433 -0.102055 -0.982807 -0.153866 0.440921 
1530555723528 -0.0153673 -0.153097 0.988092 0.38632 -0.99466 0.103204 0.000521214 -0.491433 -0.102055 -0.982807 -0.153866 0.440921 
1530555723552 -0.0153674 -0.153097 0.988092 0.38632 -0.99466 0.103205 0.000521208 -0.491433 -0.102055 -0.982807 -0.153866 0.440921 
1530555723568 -0.0153675 -0.153097 0.988092 0.38632 -0.99466 0.103204 0.000521057 -0.491433 -0.102055 -0.982807 -0.153866 0.440921 
1530555723585 -0.0153675 -0.153097 0.988092 0.38632 -0.99466 0.103205 0.000521102 -0.491433 -0.102055 -0.982807 -0.153866 0.440921 
1530555723602 -0.0153677 -0.153097 0.988092 0.38632 -0.99466 0.103205 0.00052094 -0.491433 -0.102055 -0.982807 -0.153866 0.440921 
1530555723618 -0.015368 -0.153097 0.988092 0.38632 -0.99466 0.103205 0.000520639 -0.491433 -0.102055 -0.982807 -0.153866 0.440921 
1530555723635 -0.0153678 -0.153097 0.988092 0.38632 -0.99466 0.103205 0.000520777 -0.491433 -0.102055 -0.982807 -0.153866 0.440921 
1530555723656 -0.0153681 -0.153097 0.988092 0.38632 -0.99466 0.103205 0.000520522 -0.491433 -0.102055 -0.982807 -0.153866 0.440921 
1530555723673 -0.0153682 -0.153097 0.988092 0.38632 -0.99466 0.103205 0.000520455 -0.491433 -0.102056 -0.982807 -0.153866 0.440921 
1530555723689 -0.0153683 -0.153097 0.988092 0.38632 -0.99466 0.103205 0.000520338 -0.491433 -0.102055 -0.982807 -0.153866 0.440921 
1530555723709 -0.0153682 -0.153097 0.988092 0.38632 -0.99466 0.103204 0.000520427 -0.491433 -0.102055 -0.982807 -0.153866 0.440921 
1530555723726 -0.0153685 -0.153097 0.988092 0.38632 -0.99466 0.103205 0.000520146 -0.491433 -0.102055 -0.982807 -0.153866 0.440921 
1530555723743 -0.0153686 -0.153097 0.988092 0.38632 -0.99466 0.103205 0.000520101 -0.491433 -0.102055 -0.982807 -0.153866 0.440921 
1530555723760 -0.0153688 -0.153098 0.988092 0.38632 -0.99466 0.103205 0.00051992 -0.491433 -0.102055 -0.982807 -0.153866 0.440921 
1530555723776 -0.0153688 -0.153098 0.988092 0.38632 -0.99466 0.103205 0.000519882 -0.491433 -0.102056 -0.982807 -0.153866 0.440921 
1530555723793 -0.0153687 -0.153097 0.988092 0.38632 -0.99466 0.103205 0.000519928 -0.491433 -0.102055 -0.982807 -0.153866 0.440921 
1530555723809 -0.0153688 -0.153098 0.988092 0.38632 -0.99466 0.103205 0.000519806 -0.491433 -0.102055 -0.982807 -0.153866 0.440921 
1530555723826 -0.0153688 -0.153098 0.988092 0.38632 -0.99466 0.103205 0.00051982 -0.491433 -0.102055 -0.982807 -0.153866 0.440921 
1530555723843 -0.0153687 -0.153098 0.988092 0.38632 -0.99466 0.103205 0.000519982 -0.491433 -0.102056 -0.982807 -0.153866 0.440921 
1530555723859 -0.015369 -0.153098 0.988092 0.38632 -0.99466 0.103205 0.000519662 -0.491433 -0.102055 -0.982807 -0.153866 0.440921 
1530555723883 -0.0153689 -0.153098 0.988092 0.38632 -0.99466 0.103205 0.000519776 -0.491433 -0.102055 -0.982807 -0.153866 0.440921 
1530555723899 -0.0153689 -0.153097 0.988092 0.38632 -0.99466 0.103205 0.000519766 -0.491433 -0.102055 -0.982807 -0.153866 0.440921 
1530555723916 -0.0153689 -0.153097 0.988092 0.38632 -0.99466 0.103205 0.000519761 -0.491433 -0.102056 -0.982807 -0.153866 0.440921 
1530555723933 -0.0153691 -0.153098 0.988092 0.38632 -0.99466 0.103205 0.000519605 -0.491433 -0.102056 -0.982807 -0.153866 0.440921 
1530555723949 -0.015369 -0.153097 0.988092 0.38632 -0.99466 0.103205 0.00051966 -0.491433 -0.102055 -0.982807 -0.153866 0.440921 
1530555723966 -0.0153687 -0.153097 0.988092 0.38632 -0.99466 0.103205 0.00051997 -0.491433 -0.102055 -0.982807 -0.153866 0.440921 
1530555723983 -0.0153688 -0.153097 0.988092 0.38632 -0.99466 0.103205 0.000519869 -0.491433 -0.102056 -0.982807 -0.153866 0.440921 
1530555724000 -0.0153689 -0.153097 0.988092 0.38632 -0.99466 0.103205 0.000519876 -0.491433 -0.102056 -0.982807 -0.153866 0.440921 
1530555724016 -0.0153689 -0.153097 0.988092 0.38632 -0.99466 0.103205 0.00051982 -0.491433 -0.102056 -0.982807 -0.153866 0.440921 
1530555724033 -0.0153687 -0.153097 0.988092 0.38632 -0.99466 0.103205 0.000519961 -0.491433 -0.102055 -0.982807 -0.153866 0.440921 
1530555724056 -0.0153687 -0.153097 0.988092 0.38632 -0.99466 0.103205 0.000520019 -0.491433 -0.102056 -0.982807 -0.153866 0.440921 
1530555724073 -0.0153689 -0.153097 0.988092 0.38632 -0.99466 0.103205 0.000519753 -0.491433 -0.102056 -0.982807 -0.153866 0.440921 
1530555724089 -0.0153691 -0.153097 0.988092 0.38632 -0.99466 0.103205 0.00051957 -0.491433 -0.102056 -0.982807 -0.153866 0.440921 
1530555724106 -0.0153691 -0.153097 0.988092 0.38632 -0.99466 0.103205 0.000519619 -0.491433 -0.102056 -0.982807 -0.153866 0.440921 
1530555724123 -0.0153691 -0.153097 0.988092 0.38632 -0.99466 0.103205 0.000519576 -0.491433 -0.102056 -0.982807 -0.153866 0.440921 
1530555724139 -0.0153691 -0.153097 0.988092 0.38632 -0.99466 0.103205 0.000519649 -0.491433 -0.102056 -0.982807 -0.153866 0.440921 
1530555724156 -0.0153692 -0.153097 0.988092 0.38632 -0.99466 0.103205 0.000519472 -0.491433 -0.102056 -0.982807 -0.153866 0.440921 
1530555724173 -0.0153688 -0.153097 0.988092 0.38632 -0.99466 0.103205 0.0005199 -0.491433 -0.102056 -0.982807 -0.153866 0.440921 
1530555724193 -0.015369 -0.153097 0.988092 0.38632 -0.99466 0.103205 0.00051966 -0.491433 -0.102056 -0.982807 -0.153866 0.440921 
1530555724216 -0.0153691 -0.153097 0.988092 0.38632 -0.99466 0.103205 0.00051962 -0.491433 -0.102056 -0.982807 -0.153866 0.440921 
1530555724233 -0.015369 -0.153097 0.988092 0.38632 -0.99466 0.103205 0.000519694 -0.491433 -0.102056 -0.982807 -0.153866 0.440922 
1530555724250 -0.015369 -0.153097 0.988092 0.38632 -0.99466 0.103205 0.000519683 -0.491433 -0.102056 -0.982807 -0.153866 0.440921 
1530555724266 -0.0153692 -0.153097 0.988092 0.38632 -0.99466 0.103206 0.00051958 -0.491433 -0.102056 -0.982807 -0.153866 0.440921 
1530555724283 -0.0153689 -0.153097 0.988092 0.38632 -0.99466 0.103205 0.000519718 -0.491433 -0.102056 -0.982807 -0.153866 0.440921 
1530555724306 -0.0153691 -0.153097 0.988092 0.38632 -0.99466 0.103206 0.000519659 -0.491433 -0.102056 -0.982807 -0.153866 0.440921 
1530555724329 -0.0153691 -0.153097 0.988092 0.38632 -0.99466 0.103206 0.000519683 -0.491433 -0.102056 -0.982807 -0.153866 0.440921 
1530555724345 -0.0153689 -0.153097 0.988092 0.38632 -0.99466 0.103205 0.000519769 -0.491433 -0.102056 -0.982807 -0.153866 0.440921 
1530555724365 -0.0153689 -0.153097 0.988092 0.38632 -0.99466 0.103205 0.000519814 -0.491433 -0.102056 -0.982807 -0.153866 0.440921 
1530555724382 -0.0153691 -0.153097 0.988092 0.38632 -0.99466 0.103206 0.000519676 -0.491433 -0.102056 -0.982807 -0.153866 0.440921 
1530555724399 -0.0153689 -0.153097 0.988092 0.38632 -0.99466 0.103205 0.000519831 -0.491433 -0.102056 -0.982807 -0.153866 0.440921 
1530555724415 -0.015369 -0.153097 0.988092 0.38632 -0.99466 0.103205 0.000519618 -0.491433 -0.102056 -0.982807 -0.153866 0.440922 
1530555724432 -0.0153691 -0.153097 0.988092 0.38632 -0.99466 0.103206 0.000519566 -0.491433 -0.102056 -0.982807 -0.153866 0.440921 
1530555724449 -0.0153691 -0.153097 0.988092 0.38632 -0.99466 0.103206 0.000519693 -0.491433 -0.102056 -0.982807 -0.153866 0.440921 
1530555724465 -0.0153693 -0.153097 0.988092 0.38632 -0.99466 0.103206 0.000519467 -0.491433 -0.102056 -0.982807 -0.153866 0.440921 
1530555724482 -0.0153689 -0.153097 0.988092 0.38632 -0.99466 0.103205 0.00051976 -0.491433 -0.102056 -0.982807 -0.153866 0.440922 
1530555724499 -0.015369 -0.153097 0.988092 0.38632 -0.99466 0.103206 0.000519742 -0.491433 -0.102056 -0.982807 -0.153866 0.440921 
1530555724515 -0.015369 -0.153097 0.988092 0.38632 -0.99466 0.103206 0.000519667 -0.491433 -0.102056 -0.982807 -0.153865 0.440922 
1530555724539 -0.0153689 -0.153097 0.988092 0.38632 -0.99466 0.103206 0.000519774 -0.491433 -0.102056 -0.982807 -0.153866 0.440921 
1530555724555 -0.0153686 -0.153097 0.988092 0.38632 -0.99466 0.103206 0.000520098 -0.491433 -0.102056 -0.982807 -0.153865 0.440921 
1530555724574 -0.015369 -0.153097 0.988092 0.38632 -0.99466 0.103206 0.000519735 -0.491433 -0.102056 -0.982807 -0.153866 0.440921 
1530555724589 -0.0153686 -0.153097 0.988092 0.38632 -0.99466 0.103206 0.000520078 -0.491433 -0.102056 -0.982807 -0.153866 0.440921 
1530555724605 -0.0153688 -0.153097 0.988092 0.38632 -0.99466 0.103206 0.000519872 -0.491433 -0.102056 -0.982807 -0.153865 0.440921 
1530555724622 -0.0153691 -0.153097 0.988092 0.38632 -0.99466 0.103206 0.000519637 -0.491433 -0.102056 -0.982807 -0.153866 0.440921 
1530555724645 -0.0153688 -0.153097 0.988092 0.38632 -0.99466 0.103206 0.000519897 -0.491433 -0.102056 -0.982807 -0.153865 0.440922 
1530555724662 -0.0153688 -0.153097 0.988092 0.38632 -0.99466 0.103206 0.000519951 -0.491433 -0.102057 -0.982807 -0.153865 0.440921 
1530555724682 -0.015369 -0.153097 0.988092 0.38632 -0.99466 0.103205 0.000519653 -0.491433 -0.102056 -0.982807 -0.153865 0.440922 
1530555724699 -0.0153689 -0.153097 0.988092 0.38632 -0.99466 0.103206 0.000519781 -0.491433 -0.102056 -0.982807 -0.153865 0.440922 
1530555724716 -0.0153691 -0.153097 0.988092 0.38632 -0.99466 0.103206 0.000519637 -0.491433 -0.102057 -0.982807 -0.153865 0.440921 
1530555724732 -0.0153692 -0.153097 0.988092 0.38632 -0.99466 0.103206 0.000519534 -0.491433 -0.102057 -0.982807 -0.153865 0.440921 
1530555724756 -0.015369 -0.153097 0.988092 0.38632 -0.99466 0.103206 0.000519853 -0.491433 -0.102057 -0.982807 -0.153865 0.440921 
1530555724773 -0.015369 -0.153097 0.988092 0.38632 -0.99466 0.103206 0.00051976 -0.491433 -0.102056 -0.982807 -0.153865 0.440922 
1530555724789 -0.0153689 -0.153097 0.988092 0.38632 -0.99466 0.103206 0.00051978 -0.491433 -0.102056 -0.982807 -0.153865 0.440922 
1530555724806 -0.0153688 -0.153097 0.988092 0.38632 -0.99466 0.103206 0.000519914 -0.491433 -0.102056 -0.982807 -0.153865 0.440922 
1530555724826 -0.0153689 -0.153097 0.988092 0.38632 -0.99466 0.103206 0.00051983 -0.491433 -0.102056 -0.982807 -0.153865 0.440922 
1530555724842 -0.0153689 -0.153097 0.988092 0.38632 -0.99466 0.103206 0.000519877 -0.491433 -0.102057 -0.982807 -0.153865 0.440922 
1530555724859 -0.0153691 -0.153097 0.988092 0.38632 -0.99466 0.103206 0.000519609 -0.491433 -0.102057 -0.982807 -0.153865 0.440922 
1530555724877 -0.0153689 -0.153096 0.988092 0.38632 -0.99466 0.103206 0.0005198 -0.491433 -0.102057 -0.982807 -0.153865 0.440922 
1530555724892 -0.0153688 -0.153097 0.988092 0.38632 -0.99466 0.103206 0.000519922 -0.491433 -0.102057 -0.982807 -0.153865 0.440922 
1530555724909 -0.0153691 -0.153096 0.988092 0.38632 -0.99466 0.103206 0.000519667 -0.491433 -0.102057 -0.982807 -0.153865 0.440922 
1530555724926 -0.0153689 -0.153097 0.988092 0.38632 -0.99466 0.103206 0.000519825 -0.491433 -0.102057 -0.982807 -0.153865 0.440922 
1530555724942 -0.0153689 -0.153096 0.988092 0.38632 -0.99466 0.103206 0.000519807 -0.491433 -0.102056 -0.982807 -0.153865 0.440922 
1530555724959 -0.0153692 -0.153097 0.988092 0.38632 -0.99466 0.103206 0.000519564 -0.491433 -0.102057 -0.982807 -0.153865 0.440922 
1530555724976 -0.0153695 -0.153097 0.988092 0.38632 -0.99466 0.103206 0.000519372 -0.491433 -0.102057 -0.982807 -0.153865 0.440921 
1530555724999 -0.0153693 -0.153097 0.988092 0.38632 -0.99466 0.103206 0.000519529 -0.491433 -0.102057 -0.982807 -0.153865 0.440921 
1530555725016 -0.0153693 -0.153097 0.988092 0.38632 -0.99466 0.103206 0.00051951 -0.491433 -0.102057 -0.982807 -0.153865 0.440922 
1530555725032 -0.0153692 -0.153096 0.988092 0.38632 -0.99466 0.103206 0.000519496 -0.491433 -0.102056 -0.982807 -0.153865 0.440922 
1530555725049 -0.0153694 -0.153097 0.988092 0.38632 -0.99466 0.103206 0.000519392 -0.491433 -0.102057 -0.982807 -0.153865 0.440922 
1530555725066 -0.0153691 -0.153096 0.988092 0.38632 -0.99466 0.103206 0.000519609 -0.491433 -0.102057 -0.982807 -0.153865 0.440922 
1530555725082 -0.0153691 -0.153097 0.988092 0.38632 -0.99466 0.103206 0.000519629 -0.491433 -0.102057 -0.982807 -0.153865 0.440922 
1530555725099 -0.0153693 -0.153096 0.988092 0.38632 -0.99466 0.103206 0.000519456 -0.491433 -0.102057 -0.982807 -0.153865 0.440922 
1530555725116 -0.0153693 -0.153096 0.988092 0.38632 -0.99466 0.103206 0.000519439 -0.491433 -0.102057 -0.982807 -0.153865 0.440922 
1530555725132 -0.0153691 -0.153096 0.988092 0.38632 -0.99466 0.103206 0.000519609 -0.491433 -0.102057 -0.982807 -0.153865 0.440922 
1530555725149 -0.0153692 -0.153096 0.988092 0.38632 -0.99466 0.103206 0.000519541 -0.491433 -0.102057 -0.982807 -0.153865 0.440922 
1530555725173 -0.0153692 -0.153096 0.988092 0.38632 -0.99466 0.103206 0.00051957 -0.491433 -0.102057 -0.982807 -0.153865 0.440922 
1530555725189 -0.0153691 -0.153097 0.988092 0.38632 -0.99466 0.103206 0.000519657 -0.491433 -0.102056 -0.982807 -0.153865 0.440922 
1530555725206 -0.0153691 -0.153096 0.988092 0.38632 -0.99466 0.103206 0.000519646 -0.491433 -0.102057 -0.982807 -0.153865 0.440922 
1530555725224 -0.0153694 -0.153096 0.988092 0.38632 -0.99466 0.103206 0.000519368 -0.491433 -0.102057 -0.982807 -0.153865 0.440922 
1530555725239 -0.0153692 -0.153096 0.988092 0.38632 -0.99466 0.103206 0.000519559 -0.491433 -0.102057 -0.982807 -0.153865 0.440922 
1530555725256 -0.015369 -0.153096 0.988092 0.38632 -0.99466 0.103206 0.000519654 -0.491433 -0.102056 -0.982807 -0.153865 0.440922 
1530555725273 -0.0153692 -0.153096 0.988092 0.38632 -0.99466 0.103206 0.000519482 -0.491433 -0.102056 -0.982807 -0.153865 0.440922 
1530555725289 -0.0153692 -0.153097 0.988092 0.38632 -0.99466 0.103206 0.00051956 -0.491433 -0.102057 -0.982807 -0.153865 0.440922 
1530555725306 -0.0153691 -0.153096 0.988092 0.38632 -0.99466 0.103206 0.000519678 -0.491433 -0.102057 -0.982807 -0.153865 0.440922 
1530555725323 -0.0153693 -0.153096 0.988092 0.38632 -0.99466 0.103206 0.000519511 -0.491433 -0.102057 -0.982807 -0.153865 0.440922 
1530555725342 -0.0153693 -0.153096 0.988092 0.38632 -0.99466 0.103206 0.000519486 -0.491433 -0.102057 -0.982807 -0.153865 0.440922 
1530555725359 -0.0153693 -0.153096 0.988092 0.38632 -0.99466 0.103206 0.000519516 -0.491433 -0.102057 -0.982807 -0.153865 0.440922 
1530555725380 -0.0153692 -0.153096 0.988092 0.38632 -0.99466 0.103206 0.00051956 -0.491433 -0.102057 -0.982807 -0.153865 0.440922 
1530555725397 -0.0153692 -0.153096 0.988092 0.38632 -0.99466 0.103206 0.000519624 -0.491433 -0.102057 -0.982807 -0.153865 0.440922 
1530555725414 -0.0153691 -0.153096 0.988092 0.38632 -0.99466 0.103206 0.000519649 -0.491433 -0.102057 -0.982807 -0.153865 0.440922 
1530555725430 -0.0153691 -0.153096 0.988092 0.38632 -0.99466 0.103206 0.000519629 -0.491433 -0.102057 -0.982807 -0.153865 0.440922 
1530555725454 -0.0153692 -0.153096 0.988092 0.38632 -0.99466 0.103206 0.000519534 -0.491433 -0.102057 -0.982807 -0.153865 0.440922 
1530555725470 -0.0153694 -0.153096 0.988092 0.38632 -0.99466 0.103207 0.000519456 -0.491433 -0.102057 -0.982807 -0.153865 0.440922 
1530555725494 -0.0153692 -0.153096 0.988092 0.38632 -0.99466 0.103206 0.000519591 -0.491433 -0.102057 -0.982807 -0.153865 0.440922 
1530555725511 -0.0153692 -0.153096 0.988092 0.38632 -0.99466 0.103207 0.000519667 -0.491433 -0.102057 -0.982807 -0.153865 0.440922 
1530555725527 -0.0153695 -0.153096 0.988092 0.38632 -0.99466 0.103206 0.000519293 -0.491433 -0.102057 -0.982807 -0.153865 0.440922 
1530555725544 -0.015369 -0.153096 0.988092 0.38632 -0.99466 0.103206 0.000519752 -0.491433 -0.102057 -0.982807 -0.153865 0.440922 
1530555725560 -0.015369 -0.153096 0.988092 0.38632 -0.99466 0.103206 0.000519696 -0.491433 -0.102057 -0.982807 -0.153865 0.440922 
