1537281339492 0.315978 0.877748 -0.360162 -0.554373 -0.911229 0.386483 0.142452 -0.254457 0.264233 0.283179 0.921949 0.411854 
1537281340697 0.309748 0.882812 -0.353127 -0.562314 -0.914129 0.37867 0.144832 -0.257123 0.261578 0.277942 0.924297 0.408105 
1537281341891 0.302694 0.888206 -0.345639 -0.570523 -0.917189 0.370057 0.147724 -0.259572 0.259115 0.272301 0.926667 0.404223 
1537281343249 0.295221 0.893711 -0.337823 -0.578868 -0.920299 0.360996 0.150771 -0.261884 0.256699 0.266388 0.929055 0.400241 
1537281344436 0.288106 0.898861 -0.330218 -0.587054 -0.92316 0.352357 0.153692 -0.264415 0.254502 0.260564 0.931308 0.396251 
1537281345613 0.280941 0.903818 -0.322776 -0.595303 -0.925998 0.343654 0.156301 -0.266675 0.252191 0.254978 0.933481 0.392381 
1537281346818 0.273691 0.908736 -0.315107 -0.603526 -0.928714 0.334898 0.159164 -0.269118 0.250167 0.249082 0.935615 0.388482 
1537281347988 0.266512 0.913474 -0.307467 -0.611764 -0.931409 0.326136 0.161595 -0.271612 0.247889 0.24331 0.937737 0.38449 
1537281349112 0.258947 0.9183 -0.299451 -0.620063 -0.934043 0.317026 0.164495 -0.27393 0.245989 0.237105 0.939825 0.38064 
1537281350256 0.251677 0.922822 -0.291646 -0.628246 -0.936617 0.308135 0.166739 -0.276375 0.243737 0.231196 0.941881 0.376706 
1537281350293 0.250953 0.923174 -0.291157 -0.628482 -0.93671 0.307451 0.167474 -0.276171 0.244124 0.230702 0.941902 0.376621 
1537281350670 0.251162 0.923113 -0.291171 -0.628941 -0.936762 0.307552 0.167001 -0.276588 0.243711 0.230814 0.941982 0.376376 
1537281351029 0.2505 0.923568 -0.290297 -0.629752 -0.937048 0.30666 0.167037 -0.276812 0.243292 0.230179 0.942245 0.375966 
1537281351398 0.249542 0.924078 -0.289497 -0.630608 -0.937319 0.305586 0.167481 -0.277051 0.243232 0.229558 0.942413 0.375661 
1537281351743 0.248921 0.924527 -0.288596 -0.631427 -0.937514 0.304803 0.16782 -0.277266 0.243119 0.228788 0.942629 0.375183 
1537281352125 0.248287 0.924945 -0.287803 -0.63221 -0.937773 0.303969 0.167883 -0.277632 0.242765 0.228211 0.94286 0.374769 
1537281352495 0.247405 0.925388 -0.287136 -0.63308 -0.938035 0.302978 0.168208 -0.277847 0.242654 0.227728 0.943005 0.374351 
1537281352845 0.246612 0.925886 -0.286211 -0.633939 -0.938291 0.302011 0.168524 -0.278027 0.242473 0.226989 0.94323 0.373991 
1537281353211 0.24577 0.926388 -0.285312 -0.634779 -0.938524 0.301031 0.168977 -0.278297 0.242426 0.226242 0.943421 0.373611 
1537281353568 0.245009 0.926851 -0.28446 -0.635606 -0.938765 0.300111 0.169274 -0.278514 0.242262 0.225568 0.943625 0.373185 
1537281353595 0.244643 0.927053 -0.284116 -0.635792 -0.938885 0.299676 0.169382 -0.278445 0.242169 0.225314 0.94371 0.373115 
1537281353898 0.244442 0.92711 -0.284103 -0.635838 -0.938934 0.299485 0.169448 -0.278364 0.242182 0.225334 0.943702 0.37311 
1537281354177 0.245256 0.926812 -0.284374 -0.63573 -0.938868 0.300175 0.16859 -0.278595 0.241613 0.225642 0.943774 0.373247 
1537281354466 0.245203 0.926857 -0.284272 -0.635959 -0.939014 0.299982 0.168118 -0.278504 0.241098 0.225713 0.943889 0.373245 
1537281354783 0.245176 0.926858 -0.284293 -0.636111 -0.939188 0.299803 0.167461 -0.278521 0.240445 0.225947 0.943999 0.373129 
1537281355082 0.245435 0.926849 -0.284101 -0.636237 -0.939274 0.299872 0.16686 -0.278607 0.239847 0.225895 0.944163 0.37323 
1537281355386 0.24541 0.926876 -0.284031 -0.636432 -0.939407 0.299716 0.166387 -0.278536 0.239349 0.225988 0.944268 0.373234 
1537281355828 0.245339 0.926933 -0.283907 -0.636587 -0.939602 0.299458 0.165746 -0.278558 0.238654 0.226096 0.944418 0.373228 
1537281356149 0.245509 0.926921 -0.283803 -0.636872 -0.939854 0.299321 0.164565 -0.278598 0.237487 0.226331 0.944656 0.373188 
1537281356182 0.245636 0.926932 -0.283656 -0.637044 -0.939957 0.299286 0.164038 -0.278612 0.236946 0.22633 0.944792 0.373256 
1537281356492 0.245642 0.926936 -0.283638 -0.637042 -0.939959 0.299286 0.16403 -0.278615 0.236934 0.226315 0.944798 0.373262 
1537281356794 0.245329 0.927051 -0.283531 -0.63697 -0.940026 0.298982 0.164199 -0.278641 0.236992 0.226244 0.944801 0.373263 
1537281357080 0.245109 0.927225 -0.283153 -0.637024 -0.940143 0.298648 0.164138 -0.278683 0.236756 0.225973 0.944925 0.373228 
1537281357346 0.245096 0.927338 -0.282795 -0.637047 -0.940276 0.298448 0.163738 -0.278828 0.23624 0.225774 0.945102 0.373327 
1537281357649 0.245056 0.927429 -0.282529 -0.637134 -0.940375 0.298278 0.163478 -0.278872 0.235887 0.225622 0.945226 0.373306 
1537281357925 0.244757 0.927616 -0.282176 -0.637207 -0.940588 0.297801 0.163123 -0.278926 0.235347 0.225486 0.945393 0.373363 
1537281358195 0.24461 0.927753 -0.28185 -0.637268 -0.940742 0.297492 0.162796 -0.279011 0.234883 0.225327 0.945546 0.373404 
1537281358473 0.244563 0.92786 -0.281539 -0.637334 -0.940871 0.297281 0.162438 -0.279092 0.234416 0.225166 0.9457 0.373444 
1537281358846 0.244271 0.928021 -0.281263 -0.637414 -0.941029 0.296874 0.162265 -0.279075 0.234085 0.22504 0.945812 0.373445 
1537281358901 0.244271 0.928021 -0.281263 -0.637414 -0.941029 0.296874 0.162265 -0.279075 0.234085 0.22504 0.945812 0.373445 
1537281358918 0.244043 0.928174 -0.280955 -0.637503 -0.941222 0.296474 0.16188 -0.279115 0.233549 0.224935 0.94597 0.373453 
1537281359094 0.244043 0.928175 -0.280954 -0.637502 -0.941223 0.296473 0.161875 -0.279116 0.233543 0.224936 0.945971 0.373453 
1537281359157 0.244016 0.928188 -0.280932 -0.637498 -0.941235 0.296437 0.161867 -0.279131 0.233522 0.224926 0.945979 0.37344 
1537281359328 0.244093 0.928261 -0.280624 -0.637468 -0.94126 0.296414 0.161766 -0.279223 0.233342 0.224654 0.946088 0.373424 
1537281359393 0.243908 0.92846 -0.280126 -0.637515 -0.941454 0.296011 0.161377 -0.279376 0.232752 0.224364 0.946302 0.373397 
1537281359523 0.24376 0.928563 -0.279914 -0.637588 -0.941556 0.295771 0.161221 -0.279324 0.232494 0.224256 0.946391 0.37338 
1537281359633 0.243812 0.928585 -0.279796 -0.63756 -0.941605 0.295739 0.160991 -0.279501 0.232241 0.224205 0.946465 0.373278 
1537281359743 0.243675 0.928717 -0.279477 -0.63765 -0.94174 0.295457 0.160718 -0.279546 0.231835 0.224032 0.946606 0.373227 
1537281359867 0.243549 0.92889 -0.279011 -0.637666 -0.941883 0.29515 0.160447 -0.279563 0.231388 0.223719 0.946789 0.373242 
1537281359897 0.243338 0.929005 -0.278812 -0.637723 -0.942044 0.29481 0.160127 -0.279749 0.230955 0.223688 0.946902 0.373208 
1537281360261 0.243419 0.929088 -0.278465 -0.637699 -0.942082 0.294771 0.159976 -0.279709 0.230715 0.223395 0.94703 0.373244 
1537281360569 0.243895 0.928862 -0.278801 -0.637644 -0.941809 0.295429 0.160368 -0.279516 0.231325 0.223465 0.946864 0.373276 
1537281360913 0.244351 0.928753 -0.278765 -0.637618 -0.941768 0.295785 0.159952 -0.279571 0.23101 0.223448 0.946945 0.373175 
1537281361250 0.244832 0.928697 -0.27853 -0.637582 -0.941697 0.296153 0.159691 -0.279603 0.230792 0.223193 0.947059 0.373157 
1537281361565 0.245298 0.928629 -0.278346 -0.637551 -0.941675 0.29647 0.159227 -0.279651 0.230384 0.223054 0.947191 0.3731 
1537281361901 0.245641 0.928567 -0.278253 -0.637551 -0.941574 0.296794 0.159222 -0.27963 0.230432 0.222884 0.947219 0.373113 
1537281362205 0.245799 0.928552 -0.278162 -0.637539 -0.941605 0.29686 0.158917 -0.279562 0.230138 0.222857 0.947297 0.372981 
1537281362569 0.246307 0.92849 -0.277918 -0.637511 -0.941499 0.297279 0.158761 -0.279573 0.230027 0.222556 0.947394 0.37307 
1537281362934 0.246685 0.928424 -0.277806 -0.637482 -0.941501 0.297524 0.158291 -0.279592 0.229615 0.222506 0.947506 0.372954 
1537281362960 0.246685 0.928424 -0.277806 -0.637482 -0.941501 0.297524 0.158291 -0.279592 0.229615 0.222506 0.947506 0.372954 
1537281363331 0.246995 0.928384 -0.277664 -0.637486 -0.941428 0.297788 0.158226 -0.27954 0.22958 0.222319 0.947559 0.372995 
1537281363645 0.247121 0.928307 -0.277809 -0.637309 -0.94144 0.29789 0.157963 -0.279491 0.229395 0.222505 0.94756 0.372954 
1537281363961 0.247807 0.928255 -0.277371 -0.637082 -0.941315 0.298418 0.15771 -0.279476 0.229167 0.222012 0.94773 0.37309 
1537281364232 0.248164 0.928139 -0.277439 -0.636945 -0.941244 0.29875 0.157504 -0.279332 0.229071 0.222051 0.947745 0.373112 
1537281364509 0.248657 0.928142 -0.276989 -0.636761 -0.941195 0.299067 0.157198 -0.279182 0.22874 0.221612 0.947927 0.373215 
1537281364826 0.249027 0.928047 -0.276973 -0.6366 -0.941085 0.299431 0.157163 -0.279032 0.228789 0.221517 0.947938 0.373233 
1537281365113 0.249789 0.927931 -0.276676 -0.636369 -0.940961 0.300035 0.156752 -0.279069 0.228467 0.221187 0.948092 0.373333 
1537281365382 0.250105 0.927861 -0.276626 -0.636216 -0.940936 0.300272 0.156449 -0.278937 0.228226 0.221159 0.948157 0.373356 
1537281365737 0.250614 0.92775 -0.276539 -0.63602 -0.940837 0.30071 0.156205 -0.278867 0.228077 0.221031 0.948223 0.373363 
1537281365777 0.250614 0.92775 -0.276539 -0.63602 -0.940837 0.30071 0.156205 -0.278867 0.228077 0.221031 0.948223 0.373363 
1537281365987 0.251215 0.927644 -0.276348 -0.635838 -0.940695 0.301236 0.156047 -0.278818 0.228002 0.220758 0.948304 0.373544 
1537281366213 0.250669 0.927788 -0.276358 -0.635566 -0.940842 0.300713 0.156168 -0.27866 0.227995 0.220863 0.948282 0.373599 
1537281366457 0.250909 0.927746 -0.276283 -0.635193 -0.940783 0.300925 0.156111 -0.278453 0.227972 0.220753 0.948313 0.37373 
1537281366661 0.251029 0.927709 -0.276296 -0.634942 -0.940783 0.301012 0.155946 -0.278389 0.227841 0.220787 0.948336 0.373759 
1537281366890 0.251258 0.927623 -0.276379 -0.63459 -0.940717 0.30125 0.155887 -0.278349 0.227863 0.220827 0.948322 0.373829 
1537281367091 0.251258 0.927623 -0.276379 -0.63459 -0.940717 0.30125 0.155887 -0.278349 0.227863 0.220827 0.948322 0.373829 
1537281367339 0.251425 0.927638 -0.276177 -0.633951 -0.940685 0.301363 0.155856 -0.278003 0.227808 0.220609 0.948386 0.374096 
1537281367537 0.251903 0.92752 -0.276136 -0.633555 -0.940553 0.301818 0.155772 -0.278036 0.227825 0.220482 0.948411 0.374222 
1537281367759 0.251821 0.927535 -0.276163 -0.633293 -0.940589 0.301731 0.155727 -0.277849 0.227769 0.220541 0.948411 0.374325 
1537281367797 0.251891 0.927563 -0.276003 -0.633107 -0.940584 0.301759 0.155706 -0.277774 0.227713 0.220383 0.948461 0.374397 
1537281367975 0.251992 0.927527 -0.276034 -0.633046 -0.940563 0.301854 0.155645 -0.277806 0.227687 0.220406 0.948462 0.374405 
1537281368038 0.251992 0.927527 -0.276034 -0.633046 -0.940563 0.301854 0.155645 -0.277806 0.227687 0.220406 0.948462 0.374405 
1537281368237 0.251952 0.927497 -0.276171 -0.632605 -0.940474 0.301935 0.156027 -0.277589 0.2281 0.22042 0.948359 0.374523 
1537281368403 0.25199 0.927518 -0.276065 -0.63213 -0.940397 0.302018 0.156327 -0.277466 0.228372 0.220218 0.948341 0.374685 
1537281368639 0.252023 0.927499 -0.276097 -0.631707 -0.940278 0.302162 0.156767 -0.277206 0.228828 0.220099 0.948258 0.374863 
1537281368893 0.252039 0.927522 -0.276006 -0.631197 -0.940214 0.302219 0.157041 -0.277044 0.229073 0.219925 0.94824 0.374957 
1537281369096 0.252175 0.927451 -0.276119 -0.630837 -0.940106 0.302437 0.157266 -0.276905 0.229365 0.219922 0.94817 0.37508 
1537281369325 0.252286 0.927427 -0.276099 -0.630341 -0.940004 0.302609 0.157546 -0.276788 0.229663 0.219788 0.948129 0.37521 
1537281369525 0.252363 0.92737 -0.276222 -0.629894 -0.939862 0.30282 0.157988 -0.276493 0.230159 0.21974 0.94802 0.375309 
1537281369745 0.252182 0.927456 -0.276098 -0.629394 -0.939847 0.302686 0.158333 -0.276249 0.230418 0.219561 0.947998 0.375435 
1537281369911 0.252192 0.927449 -0.276112 -0.629341 -0.939836 0.302706 0.158361 -0.276245 0.230452 0.219562 0.94799 0.375446 
1537281369932 0.252192 0.927449 -0.276112 -0.629341 -0.939836 0.302706 0.158361 -0.276245 0.230452 0.219562 0.94799 0.375446 
1537281370178 0.252446 0.927404 -0.27603 -0.628888 -0.939687 0.303011 0.158656 -0.276153 0.230779 0.21933 0.947964 0.37558 
1537281370413 0.252148 0.927487 -0.276026 -0.628157 -0.939638 0.302848 0.159259 -0.275761 0.231305 0.219208 0.947864 0.375841 
1537281370601 0.252377 0.927427 -0.276016 -0.627805 -0.939456 0.303179 0.1597 -0.275641 0.231792 0.219 0.947793 0.375907 
1537281370801 0.25257 0.927351 -0.276096 -0.627395 -0.939329 0.30345 0.159936 -0.275608 0.232098 0.21895 0.94773 0.375975 
1537281371005 0.25247 0.927344 -0.276209 -0.627018 -0.939291 0.303434 0.160187 -0.2754 0.23236 0.218999 0.947654 0.376055 
1537281371231 0.252581 0.92731 -0.276222 -0.626642 -0.939225 0.303577 0.160306 -0.275332 0.232508 0.218945 0.94763 0.376069 
1537281371486 0.252699 0.927258 -0.276291 -0.626229 -0.939108 0.303782 0.1606 -0.275241 0.23285 0.218883 0.947561 0.376195 
1537281371774 0.252639 0.927299 -0.276207 -0.626079 -0.939099 0.303734 0.160743 -0.275134 0.23295 0.218776 0.947561 0.376258 
1537281372073 0.252754 0.927254 -0.276252 -0.625774 -0.939006 0.303909 0.160955 -0.275056 0.233201 0.21872 0.947512 0.376313 
1537281372373 0.252685 0.927259 -0.276298 -0.625549 -0.938974 0.303899 0.161161 -0.274946 0.233405 0.218713 0.947463 0.376388 
1537281372627 0.252649 0.927292 -0.27622 -0.625207 -0.938901 0.303928 0.16153 -0.274776 0.233736 0.218533 0.947423 0.376511 
1537281372931 0.252882 0.927171 -0.276415 -0.62489 -0.938766 0.304252 0.161703 -0.274824 0.234026 0.218597 0.947337 0.376584 
1537281373232 0.252761 0.92725 -0.27626 -0.624581 -0.938734 0.30417 0.162046 -0.274584 0.234287 0.218376 0.947323 0.376681 
1537281373537 0.252743 0.927274 -0.276197 -0.624204 -0.938651 0.304224 0.162427 -0.2744 0.23464 0.2182 0.947277 0.376793 
1537281373786 0.252858 0.92718 -0.276407 -0.624015 -0.938547 0.304439 0.162625 -0.27437 0.234931 0.2183 0.947181 0.376823 
1537281374044 0.252819 0.927196 -0.276387 -0.623671 -0.938489 0.304462 0.162916 -0.274233 0.235204 0.218198 0.947137 0.376915 
1537281374072 0.252927 0.92718 -0.276341 -0.623467 -0.93841 0.304603 0.163107 -0.274177 0.235404 0.218067 0.947117 0.376979 
1537281374271 0.253037 0.927137 -0.276387 -0.623446 -0.93837 0.304726 0.163105 -0.27423 0.235443 0.218082 0.947105 0.376974 
1537281374457 0.252861 0.92716 -0.276469 -0.623384 -0.938378 0.304609 0.16328 -0.27415 0.235602 0.218145 0.947051 0.376955 
1537281374674 0.252882 0.927171 -0.276414 -0.623162 -0.938328 0.30466 0.163471 -0.274019 0.235778 0.218028 0.947033 0.37704 
1537281374897 0.253018 0.927111 -0.27649 -0.622859 -0.938232 0.304858 0.163651 -0.274009 0.236013 0.218005 0.94698 0.377124 
1537281375113 0.252904 0.927164 -0.276416 -0.622614 -0.938186 0.304807 0.16401 -0.273833 0.236317 0.217851 0.94694 0.377212 
1537281375334 0.253142 0.927078 -0.276487 -0.622375 -0.938061 0.305104 0.164176 -0.27384 0.236561 0.217802 0.94689 0.377281 
1537281375614 0.253101 0.927109 -0.276421 -0.622114 -0.938042 0.30508 0.164325 -0.273753 0.236678 0.217704 0.946884 0.37736 
1537281375842 0.253101 0.927105 -0.276434 -0.621877 -0.938004 0.305118 0.164477 -0.273615 0.236832 0.217667 0.946854 0.377408 
1537281376091 0.252996 0.927084 -0.276602 -0.62164 -0.937951 0.305122 0.164769 -0.273478 0.237152 0.217753 0.946754 0.377388 
1537281376125 0.252886 0.927169 -0.276416 -0.621462 -0.937913 0.305045 0.165127 -0.273284 0.23742 0.217496 0.946746 0.377456 
1537281376140 0.252886 0.927169 -0.276416 -0.621462 -0.937913 0.305045 0.165127 -0.273284 0.23742 0.217496 0.946746 0.377456 
1537281376387 0.253018 0.927106 -0.276508 -0.621441 -0.937865 0.305199 0.165115 -0.273335 0.237469 0.21755 0.946721 0.37745 
1537281376597 0.252899 0.927135 -0.276518 -0.621246 -0.937907 0.305078 0.165099 -0.273262 0.237428 0.217594 0.946721 0.377513 
1537281376796 0.252965 0.927127 -0.276484 -0.621017 -0.937866 0.305157 0.165189 -0.273252 0.237522 0.217518 0.946715 0.37757 
1537281377001 0.252832 0.927145 -0.276546 -0.620857 -0.937842 0.305095 0.165437 -0.273081 0.237757 0.217528 0.946654 0.377616 
1537281377213 0.253064 0.927063 -0.276609 -0.620599 -0.937711 0.305391 0.165631 -0.273081 0.238025 0.217464 0.946601 0.377673 
1537281377408 0.253186 0.927035 -0.27659 -0.620368 -0.93764 0.305539 0.165761 -0.273059 0.238175 0.217374 0.946584 0.377716 
1537281377603 0.253024 0.927113 -0.276477 -0.620183 -0.937629 0.305414 0.166057 -0.272895 0.238394 0.217216 0.946565 0.377769 
1537281377795 0.252982 0.927081 -0.276624 -0.619977 -0.937551 0.305481 0.16637 -0.272772 0.238742 0.21726 0.946467 0.377804 
1537281377825 0.252982 0.927081 -0.276624 -0.619977 -0.937551 0.305481 0.16637 -0.272772 0.238742 0.21726 0.946467 0.377804 
1537281377842 0.253193 0.927004 -0.276688 -0.619753 -0.937462 0.305724 0.166427 -0.272869 0.238869 0.217246 0.946439 0.377844 
1537281377878 0.253146 0.92703 -0.276646 -0.619718 -0.937469 0.305676 0.166473 -0.272813 0.238889 0.217205 0.946443 0.377863 
1537281378090 0.252716 0.927204 -0.276456 -0.619609 -0.937556 0.305257 0.166755 -0.272474 0.239006 0.217052 0.946448 0.377915 
1537281378165 0.252749 0.92718 -0.276504 -0.619524 -0.937515 0.305327 0.166859 -0.272432 0.239132 0.217053 0.946416 0.377943 
1537281378311 0.252749 0.92718 -0.276504 -0.619524 -0.937515 0.305327 0.166859 -0.272432 0.239132 0.217053 0.946416 0.377943 
1537281378428 0.253088 0.927079 -0.276534 -0.619105 -0.93734 0.305732 0.167098 -0.272499 0.239458 0.216916 0.946365 0.378012 
1537281378579 0.253025 0.927093 -0.276545 -0.618946 -0.937314 0.305712 0.167277 -0.272357 0.239624 0.216884 0.946331 0.378074 
1537281378729 0.253004 0.927122 -0.276467 -0.618768 -0.937301 0.305695 0.167382 -0.272305 0.239698 0.216784 0.946335 0.378141 
1537281378847 0.253346 0.927017 -0.276504 -0.618552 -0.937155 0.306078 0.167502 -0.272351 0.239909 0.216691 0.946303 0.378188 
1537281378878 0.253346 0.927017 -0.276504 -0.618552 -0.937155 0.306078 0.167502 -0.272351 0.239909 0.216691 0.946303 0.378188 
1537281378906 0.253349 0.92702 -0.276492 -0.618425 -0.937134 0.306097 0.167585 -0.272326 0.239988 0.216653 0.946291 0.378225 
1537281378918 0.253349 0.92702 -0.276492 -0.618425 -0.937134 0.306097 0.167585 -0.272326 0.239988 0.216653 0.946291 0.378225 
1537281379057 0.253505 0.926951 -0.27658 -0.618288 -0.937051 0.306299 0.167681 -0.272333 0.240148 0.216662 0.946249 0.378249 
1537281379207 0.253369 0.927008 -0.276515 -0.618064 -0.937052 0.306189 0.167874 -0.272178 0.240287 0.216574 0.946233 0.378337 
1537281379335 0.253297 0.927056 -0.276421 -0.617875 -0.937044 0.306127 0.16803 -0.272028 0.240393 0.216457 0.946233 0.378404 
1537281379515 0.253554 0.927019 -0.276306 -0.617478 -0.936934 0.306389 0.168165 -0.271983 0.240549 0.216242 0.946243 0.378527 
1537281379641 0.25374 0.926952 -0.276362 -0.617338 -0.93686 0.306599 0.168197 -0.272001 0.240643 0.216234 0.946221 0.378554 
1537281379775 0.253408 0.927065 -0.276286 -0.617169 -0.936927 0.306288 0.16839 -0.27176 0.240732 0.216188 0.946209 0.378638 
1537281379911 0.253538 0.927011 -0.276349 -0.616914 -0.93685 0.306462 0.168506 -0.271727 0.240897 0.216174 0.94617 0.378708 
1537281380065 0.253728 0.926989 -0.276251 -0.61663 -0.936779 0.306642 0.168568 -0.271742 0.24097 0.216015 0.946187 0.37878 
1537281380081 0.253772 0.926985 -0.276222 -0.616542 -0.936762 0.306684 0.168588 -0.271708 0.240992 0.215971 0.946192 0.378796 
1537281380241 0.253777 0.926986 -0.276213 -0.616522 -0.936759 0.306689 0.168596 -0.271697 0.240997 0.21596 0.946193 0.378801 
1537281380310 0.253695 0.927028 -0.276148 -0.616255 -0.936766 0.306612 0.168696 -0.27154 0.241056 0.215889 0.946194 0.37886 
1537281380526 0.253941 0.926923 -0.276274 -0.615898 -0.936621 0.306941 0.168906 -0.271544 0.241363 0.215872 0.94612 0.378941 
1537281380708 0.253963 0.926971 -0.276093 -0.615577 -0.936576 0.306963 0.169111 -0.271385 0.241511 0.215634 0.946136 0.379029 
1537281380898 0.25423 0.926908 -0.276058 -0.615259 -0.936464 0.307248 0.169215 -0.271318 0.241665 0.215499 0.946128 0.379082 
1537281381083 0.254083 0.926955 -0.276035 -0.614951 -0.936449 0.307152 0.169471 -0.271152 0.241877 0.215433 0.946089 0.379141 
1537281381286 0.254223 0.926918 -0.276033 -0.614626 -0.936338 0.307351 0.169728 -0.271057 0.242162 0.215311 0.946044 0.379205 
1537281381502 0.25417 0.926928 -0.276047 -0.614293 -0.936296 0.307353 0.169952 -0.270932 0.242377 0.215265 0.945999 0.379304 
1537281381736 0.254419 0.926864 -0.276031 -0.613981 -0.936168 0.307642 0.170135 -0.270842 0.242611 0.215126 0.945971 0.37938 
1537281381742 0.254324 0.926904 -0.275987 -0.613934 -0.93619 0.307546 0.170187 -0.27078 0.242626 0.215093 0.945974 0.379404 
1537281382046 0.255602 0.927189 -0.273838 -0.614166 -0.937436 0.306951 0.164298 -0.270311 0.236391 0.21471 0.947639 0.379373 
1537281382341 0.257779 0.927481 -0.270793 -0.614478 -0.938969 0.306547 0.156096 -0.269771 0.227787 0.214028 0.949897 0.379365 
1537281382645 0.259397 0.927823 -0.268062 -0.614747 -0.940442 0.30582 0.148471 -0.269119 0.219734 0.213584 0.951892 0.379278 
1537281382948 0.261124 0.928254 -0.264875 -0.615021 -0.941956 0.305014 0.140306 -0.268425 0.21103 0.212863 0.954021 0.379319 
1537281383255 0.263033 0.928551 -0.26193 -0.615257 -0.943157 0.304643 0.132844 -0.267894 0.203148 0.212099 0.9559 0.379326 
1537281383553 0.264638 0.92898 -0.258772 -0.61559 -0.944568 0.303773 0.124553 -0.26709 0.194315 0.211466 0.957875 0.37924 
1537281383845 0.266148 0.929339 -0.25592 -0.615838 -0.945776 0.30305 0.116911 -0.266497 0.186206 0.210927 0.959603 0.379199 
1537281384142 0.267654 0.929744 -0.252859 -0.616176 -0.947006 0.30222 0.108824 -0.265719 0.177597 0.210332 0.961363 0.37916 
1537281384466 0.269419 0.930072 -0.249758 -0.616403 -0.94802 0.301748 0.101029 -0.265148 0.169328 0.209557 0.963023 0.379159 
1537281384722 0.269634 0.93013 -0.249312 -0.616455 -0.948178 0.301636 0.0998723 -0.265016 0.168096 0.209463 0.96326 0.379114 
1537281384966 0.269107 0.929705 -0.251454 -0.615808 -0.947198 0.302744 0.105645 -0.265441 0.174345 0.209746 0.962086 0.379185 
1537281385271 0.267737 0.929354 -0.254199 -0.614889 -0.946032 0.303571 0.113442 -0.265743 0.182595 0.210108 0.960476 0.379463 
1537281385557 0.266452 0.929175 -0.256199 -0.614227 -0.945237 0.303889 0.11907 -0.265891 0.188493 0.210442 0.959262 0.379592 
1537281385894 0.26559 0.928716 -0.258745 -0.613479 -0.944086 0.304922 0.125399 -0.266259 0.195357 0.210973 0.957771 0.379713 
1537281386230 0.264404 0.928449 -0.260909 -0.612632 -0.942915 0.305673 0.132193 -0.26648 0.202487 0.211063 0.95627 0.379952 
1537281386503 0.263368 0.928071 -0.263289 -0.61185 -0.941682 0.306584 0.138717 -0.266775 0.20946 0.211401 0.954692 0.380075 
1537281386833 0.262157 0.927696 -0.265809 -0.611023 -0.940386 0.307426 0.145475 -0.26709 0.216673 0.211826 0.952986 0.380157 
1537281387113 0.260885 0.927401 -0.268079 -0.610262 -0.939141 0.308106 0.151934 -0.267322 0.223501 0.212126 0.951341 0.38037 
1537281387261 0.259621 0.927111 -0.2703 -0.609476 -0.937847 0.308802 0.158377 -0.267565 0.230302 0.212382 0.94966 0.380564 
1537281387281 0.259368 0.927064 -0.270705 -0.609281 -0.937565 0.308953 0.15975 -0.267646 0.231734 0.21237 0.949315 0.38065 
1537281387439 0.259406 0.927001 -0.270884 -0.609248 -0.937478 0.309091 0.159995 -0.267717 0.232044 0.212444 0.949223 0.380655 
1537281387540 0.259096 0.927172 -0.270594 -0.608977 -0.937555 0.308751 0.160198 -0.267437 0.232077 0.21219 0.949271 0.380739 
1537281387737 0.259165 0.927036 -0.270995 -0.608664 -0.937384 0.309025 0.160668 -0.267487 0.23269 0.212386 0.949077 0.380746 
1537281387931 0.258743 0.927059 -0.271318 -0.608289 -0.937173 0.308975 0.161993 -0.267392 0.234008 0.212357 0.94876 0.380861 
1537281388133 0.258512 0.927022 -0.271665 -0.607949 -0.936987 0.30904 0.162939 -0.267397 0.235004 0.212425 0.948498 0.380959 
1537281388314 0.258231 0.926997 -0.272019 -0.607567 -0.936753 0.309115 0.164143 -0.267287 0.236244 0.212427 0.948189 0.381014 
1537281388511 0.258077 0.926963 -0.27228 -0.60724 -0.936523 0.309258 0.165181 -0.267272 0.237321 0.212367 0.947934 0.381196 
1537281388721 0.257749 0.926952 -0.272626 -0.606919 -0.936381 0.309213 0.166068 -0.267201 0.238237 0.212478 0.947679 0.381243 
1537281388910 0.257372 0.92695 -0.27299 -0.606446 -0.936135 0.309228 0.167419 -0.267128 0.239605 0.212467 0.947337 0.381354 
1537281389270 0.257221 0.926972 -0.273056 -0.606352 -0.936101 0.309162 0.167732 -0.267068 0.239902 0.212464 0.947262 0.381393 
1537281389466 0.257388 0.926916 -0.27309 -0.606031 -0.935948 0.309423 0.168104 -0.267112 0.240319 0.21233 0.947187 0.381439 
1537281389699 0.256937 0.927007 -0.273207 -0.605864 -0.936026 0.309053 0.16835 -0.266894 0.240497 0.212474 0.947109 0.381512 
1537281389907 0.25699 0.926989 -0.273215 -0.605623 -0.935907 0.309197 0.168745 -0.266874 0.240902 0.212338 0.947037 0.381525 
1537281390134 0.256916 0.926985 -0.2733 -0.605346 -0.935842 0.309217 0.169068 -0.26688 0.241232 0.212329 0.946955 0.381611 
1537281390340 0.256741 0.927029 -0.273314 -0.605135 -0.93571 0.309211 0.169812 -0.266672 0.241932 0.212145 0.946817 0.381693 
1537281390555 0.256615 0.927049 -0.273366 -0.604924 -0.935679 0.309156 0.17008 -0.266596 0.242186 0.212138 0.946754 0.381754 
1537281390756 0.256362 0.927082 -0.273491 -0.604685 -0.935587 0.309079 0.170728 -0.266503 0.242809 0.212107 0.946602 0.381847 
1537281390800 0.256362 0.927082 -0.273491 -0.604685 -0.935587 0.309079 0.170728 -0.266503 0.242809 0.212107 0.946602 0.381847 
1537281390815 0.256279 0.927077 -0.273585 -0.604443 -0.935544 0.309074 0.170972 -0.266418 0.243063 0.212134 0.94653 0.381851 
1537281391009 0.256453 0.926972 -0.27378 -0.604414 -0.935469 0.3093 0.17097 -0.266516 0.243164 0.212267 0.946474 0.381824 
1537281391168 0.256377 0.927017 -0.273697 -0.604487 -0.935467 0.309232 0.171105 -0.266436 0.243253 0.212167 0.946474 0.381821 
1537281391337 0.25625 0.927113 -0.273492 -0.604344 -0.935466 0.309104 0.171343 -0.266384 0.243392 0.211935 0.94649 0.381883 
1537281391506 0.256384 0.927099 -0.273415 -0.604191 -0.935405 0.309238 0.171431 -0.266402 0.243484 0.211801 0.946497 0.38191 
1537281391657 0.256307 0.927059 -0.273622 -0.604066 -0.935334 0.309284 0.171739 -0.266316 0.243839 0.21191 0.946381 0.381914 
1537281391809 0.256276 0.92707 -0.273614 -0.603929 -0.935292 0.309296 0.171943 -0.266301 0.24403 0.211845 0.946346 0.381929 
1537281391975 0.256124 0.927088 -0.273693 -0.603801 -0.935232 0.309254 0.172347 -0.266133 0.244422 0.211824 0.94625 0.381891 
1537281392119 0.256142 0.92709 -0.273671 -0.603648 -0.935168 0.309318 0.17258 -0.266127 0.244648 0.211723 0.946214 0.381932 
1537281392147 0.256142 0.92709 -0.273671 -0.603648 -0.935168 0.309318 0.17258 -0.266127 0.244648 0.211723 0.946214 0.381932 
1537281392182 0.256403 0.927014 -0.273685 -0.603458 -0.935036 0.309623 0.172748 -0.266233 0.244879 0.211612 0.946179 0.381979 
1537281392378 0.256438 0.927003 -0.273686 -0.603425 -0.935005 0.309675 0.172819 -0.266222 0.244958 0.211581 0.946166 0.381987 
1537281392578 0.256112 0.927115 -0.273614 -0.603616 -0.935133 0.309316 0.172773 -0.266061 0.244814 0.211616 0.946195 0.38193 
1537281392755 0.256075 0.927126 -0.273611 -0.603554 -0.935154 0.30927 0.17274 -0.266094 0.244772 0.211634 0.946202 0.38195 
1537281392945 0.256076 0.927139 -0.273566 -0.603511 -0.935127 0.309286 0.172855 -0.266089 0.244871 0.211555 0.946194 0.381962 
1537281393143 0.256228 0.927099 -0.273558 -0.603461 -0.935068 0.309445 0.172891 -0.266135 0.244938 0.211496 0.94619 0.381969 
1537281393358 0.256256 0.927088 -0.273569 -0.603418 -0.93505 0.309483 0.17292 -0.266159 0.244977 0.211489 0.946181 0.381977 
1537281393557 0.256233 0.927106 -0.273531 -0.603388 -0.935045 0.309464 0.172984 -0.266118 0.245023 0.21144 0.94618 0.381989 
1537281393741 0.256125 0.927139 -0.27352 -0.603363 -0.935038 0.30939 0.173151 -0.266047 0.245159 0.211403 0.946153 0.381999 
1537281393785 0.256125 0.927139 -0.27352 -0.603363 -0.935038 0.30939 0.173151 -0.266047 0.245159 0.211403 0.946153 0.381999 
1537281393813 0.256086 0.927153 -0.273508 -0.603311 -0.935019 0.309377 0.173281 -0.26602 0.245275 0.21136 0.946133 0.382008 
1537281394972 0.250666 0.92686 -0.27946 -0.589076 -0.936209 0.30555 0.173643 -0.255719 0.246332 0.218106 0.944325 0.39199 
1537281396070 0.246218 0.926083 -0.285915 -0.574493 -0.937184 0.302698 0.17338 -0.245733 0.24711 0.225265 0.942439 0.402193 
1537281397131 0.241001 0.925488 -0.292217 -0.560092 -0.938249 0.299177 0.173727 -0.23535 0.248207 0.232304 0.94044 0.412272 
1537281398118 0.236377 0.924715 -0.298375 -0.545573 -0.939261 0.296093 0.173546 -0.225314 0.248828 0.239229 0.938538 0.422585 
1537281399055 0.231971 0.923712 -0.30487 -0.530967 -0.940128 0.293356 0.173497 -0.215322 0.249696 0.24637 0.936458 0.432795 
1537281400031 0.227539 0.922634 -0.311403 -0.516322 -0.94102 0.290578 0.173339 -0.205287 0.250415 0.253595 0.934335 0.443133 
1537281401009 0.222358 0.921811 -0.317525 -0.501957 -0.942066 0.287031 0.173568 -0.195032 0.251136 0.260536 0.932229 0.453231 
1537281401989 0.217474 0.920808 -0.323755 -0.487457 -0.943035 0.283779 0.173651 -0.184862 0.251774 0.267548 0.930069 0.463364 
1537281515056 0.212681 0.919663 -0.33013 -0.472939 -0.943985 0.280627 0.173612 -0.174785 0.252308 0.274714 0.927832 0.473584 
1537281515559 0.213405 0.919434 -0.330302 -0.472621 -0.943843 0.281316 0.173269 -0.174952 0.252228 0.274777 0.927835 0.473896 
1537281516130 0.212796 0.919634 -0.330137 -0.472932 -0.943963 0.280731 0.17356 -0.174838 0.252292 0.274705 0.927839 0.473544 
1537281516715 0.212786 0.91964 -0.330127 -0.472931 -0.943949 0.280739 0.173628 -0.174827 0.252355 0.274677 0.927831 0.473563 
1537281517379 0.212775 0.919634 -0.330152 -0.472934 -0.943943 0.280742 0.173656 -0.174824 0.252387 0.274695 0.927816 0.473565 
1537281518001 0.212776 0.919641 -0.330132 -0.472932 -0.943904 0.280781 0.173801 -0.174806 0.25253 0.274633 0.927796 0.473606 
1537281518593 0.212756 0.919626 -0.330186 -0.472939 -0.943884 0.280799 0.17388 -0.174796 0.25262 0.274664 0.927762 0.473615 
1537281519141 0.212755 0.919628 -0.33018 -0.472938 -0.943872 0.28081 0.173928 -0.17479 0.252667 0.274644 0.927755 0.473628 
1537281519734 0.212755 0.919632 -0.330169 -0.472937 -0.943855 0.280826 0.173993 -0.174783 0.25273 0.274614 0.927747 0.473647 
1537281520322 0.212765 0.919638 -0.330148 -0.472934 -0.943836 0.28085 0.174059 -0.174775 0.252793 0.274572 0.927742 0.473658 
1537281520341 0.212765 0.919638 -0.330148 -0.472934 -0.943836 0.28085 0.174059 -0.174775 0.252793 0.274572 0.927742 0.473658 
1537281520361 0.212725 0.919608 -0.330256 -0.472949 -0.943809 0.280872 0.17417 -0.174759 0.252927 0.274648 0.927683 0.473652 
1537281520545 0.212724 0.919608 -0.330256 -0.472949 -0.943809 0.280872 0.174171 -0.174759 0.252929 0.274648 0.927683 0.473652 
1537281520700 0.212726 0.919609 -0.330254 -0.472948 -0.943807 0.280875 0.174179 -0.174759 0.252936 0.274644 0.927682 0.473655 
1537281520838 0.212731 0.919614 -0.330234 -0.472946 -0.943807 0.280875 0.174177 -0.174759 0.25293 0.274624 0.927689 0.473659 
1537281521002 0.212732 0.919615 -0.330232 -0.472945 -0.943805 0.280877 0.174184 -0.174758 0.252937 0.27462 0.927689 0.473661 
1537281521163 0.212732 0.919616 -0.330231 -0.472945 -0.943803 0.280879 0.174191 -0.174757 0.252944 0.274617 0.927688 0.473663 
1537281521321 0.212732 0.919616 -0.330229 -0.472945 -0.943802 0.28088 0.174197 -0.174756 0.252949 0.274614 0.927687 0.473665 
1537281521469 0.212726 0.919616 -0.330234 -0.472946 -0.943801 0.280878 0.174205 -0.174754 0.252957 0.274618 0.927684 0.473663 
1537281521653 0.212718 0.919614 -0.330244 -0.472948 -0.9438 0.280875 0.174214 -0.174752 0.252967 0.274626 0.927679 0.473659 
1537281521681 0.212697 0.919609 -0.330271 -0.472953 -0.9438 0.280866 0.174231 -0.174746 0.252987 0.274652 0.927666 0.473647 
1537281521697 0.212695 0.919609 -0.330273 -0.472954 -0.9438 0.280865 0.174233 -0.174745 0.252988 0.274653 0.927665 0.473646 
1537281521886 0.212694 0.919608 -0.330275 -0.472954 -0.9438 0.280865 0.174234 -0.174745 0.252989 0.274655 0.927664 0.473646 
1537281521923 0.212692 0.919609 -0.330275 -0.472954 -0.943798 0.280865 0.174242 -0.174743 0.252998 0.274653 0.927663 0.473647 
1537281522094 0.212691 0.919609 -0.330275 -0.472954 -0.943798 0.280865 0.174244 -0.174743 0.252999 0.274653 0.927662 0.473647 
1537281522167 0.212691 0.919609 -0.330274 -0.472954 -0.943797 0.280866 0.174248 -0.174743 0.253003 0.274651 0.927662 0.473648 
1537281522323 0.212691 0.919609 -0.330274 -0.472954 -0.943796 0.280866 0.174249 -0.174743 0.253004 0.27465 0.927662 0.473648 
1537281522365 0.212691 0.91961 -0.330274 -0.472954 -0.943796 0.280866 0.174251 -0.174742 0.253006 0.27465 0.927661 0.473649 
1537281522537 0.21269 0.91961 -0.330274 -0.472954 -0.943796 0.280866 0.174251 -0.174742 0.253006 0.27465 0.927661 0.473649 
1537281522590 0.212688 0.91961 -0.330275 -0.472954 -0.943796 0.280864 0.174254 -0.174742 0.253008 0.27465 0.927661 0.473649 
1537281522613 0.212688 0.91961 -0.330275 -0.472954 -0.943796 0.280864 0.174254 -0.174742 0.253008 0.27465 0.927661 0.473649 
1537281522775 0.212687 0.91961 -0.330275 -0.472954 -0.943796 0.280863 0.174255 -0.174742 0.253008 0.274651 0.92766 0.473648 
1537281522851 0.212685 0.919611 -0.330275 -0.472954 -0.943795 0.280863 0.174259 -0.174741 0.253013 0.274649 0.92766 0.473649 
1537281523002 0.212685 0.919611 -0.330274 -0.472954 -0.943794 0.280864 0.174262 -0.17474 0.253016 0.274648 0.927659 0.47365 
1537281523073 0.212685 0.919611 -0.330273 -0.472954 -0.943793 0.280865 0.174267 -0.17474 0.25302 0.274646 0.927659 0.473652 
1537281523244 0.212685 0.919611 -0.330273 -0.472954 -0.943793 0.280865 0.174268 -0.17474 0.253021 0.274645 0.927659 0.473652 
1537281523306 0.212685 0.919611 -0.330273 -0.472954 -0.943793 0.280865 0.17427 -0.174739 0.253023 0.274645 0.927658 0.473652 
1537281523481 0.212684 0.919611 -0.330274 -0.472954 -0.943793 0.280865 0.174271 -0.174739 0.253024 0.274645 0.927658 0.473652 
1537281523574 0.212682 0.919611 -0.330275 -0.472955 -0.943793 0.280864 0.174272 -0.174739 0.253025 0.274646 0.927657 0.473651 
1537281523601 0.212682 0.919611 -0.330275 -0.472955 -0.943793 0.280864 0.174272 -0.174739 0.253025 0.274646 0.927657 0.473651 
1537281523809 0.21268 0.919611 -0.330277 -0.472955 -0.943793 0.280863 0.174274 -0.174739 0.253027 0.274648 0.927656 0.473651 
1537281524037 0.21268 0.919611 -0.330276 -0.472955 -0.943791 0.280864 0.174279 -0.174738 0.253032 0.274645 0.927656 0.473652 
1537281524281 0.21268 0.919612 -0.330274 -0.472954 -0.94379 0.280866 0.174285 -0.174737 0.253037 0.274642 0.927655 0.473654 
1537281524537 0.21268 0.919612 -0.330274 -0.472954 -0.943789 0.280866 0.174288 -0.174737 0.25304 0.274641 0.927655 0.473655 
1537281524775 0.21268 0.919612 -0.330273 -0.472954 -0.943789 0.280866 0.17429 -0.174736 0.253041 0.274641 0.927654 0.473655 
1537281525013 0.21268 0.919612 -0.330274 -0.472954 -0.943789 0.280866 0.17429 -0.174736 0.253042 0.27464 0.927654 0.473655 
1537281525265 0.212679 0.919612 -0.330274 -0.472955 -0.943788 0.280866 0.174291 -0.174736 0.253043 0.274641 0.927654 0.473655 
1537281525516 0.212678 0.919612 -0.330275 -0.472955 -0.943789 0.280865 0.174292 -0.174736 0.253043 0.274642 0.927653 0.473654 
1537281525754 0.212676 0.919612 -0.330276 -0.472955 -0.943789 0.280864 0.174293 -0.174736 0.253045 0.274643 0.927653 0.473654 
1537281525785 0.212676 0.919612 -0.330276 -0.472955 -0.943789 0.280864 0.174293 -0.174736 0.253045 0.274643 0.927653 0.473654 
1537281526100 0.212673 0.919612 -0.330278 -0.472956 -0.943789 0.280862 0.174294 -0.174735 0.253046 0.274645 0.927652 0.473653 
1537281526382 0.212673 0.919613 -0.330276 -0.472955 -0.943788 0.280864 0.1743 -0.174734 0.253051 0.274641 0.927651 0.473655 
1537281526700 0.212673 0.919613 -0.330275 -0.472955 -0.943787 0.280864 0.174304 -0.174734 0.253055 0.274639 0.927651 0.473656 
1537281527045 0.212673 0.919613 -0.330275 -0.472955 -0.943786 0.280865 0.174306 -0.174734 0.253057 0.274639 0.927651 0.473657 
1537281527321 0.212673 0.919613 -0.330275 -0.472955 -0.943786 0.280865 0.174307 -0.174733 0.253058 0.274638 0.927651 0.473657 
1537281527581 0.212673 0.919613 -0.330275 -0.472955 -0.943786 0.280865 0.174308 -0.174733 0.253059 0.274638 0.92765 0.473657 
1537281527869 0.212672 0.919613 -0.330275 -0.472955 -0.943786 0.280865 0.174308 -0.174733 0.253059 0.274638 0.92765 0.473657 
1537281528178 0.212672 0.919613 -0.330275 -0.472955 -0.943786 0.280864 0.174309 -0.174733 0.253059 0.274639 0.92765 0.473657 
1537281528463 0.21267 0.919613 -0.330276 -0.472955 -0.943786 0.280863 0.174309 -0.174733 0.25306 0.27464 0.92765 0.473656 
1537281528502 0.212668 0.919613 -0.330278 -0.472956 -0.943786 0.280862 0.17431 -0.174733 0.25306 0.274642 0.927649 0.473655 
1537281528715 0.212668 0.919613 -0.330278 -0.472956 -0.943786 0.280861 0.17431 -0.174733 0.25306 0.274642 0.927649 0.473655 
1537281528911 0.212668 0.919614 -0.330277 -0.472955 -0.943786 0.280862 0.174313 -0.174732 0.253063 0.274639 0.927649 0.473656 
1537281529129 0.212669 0.919614 -0.330276 -0.472955 -0.943785 0.280863 0.174316 -0.174732 0.253066 0.274638 0.927649 0.473657 
1537281529340 0.212668 0.919614 -0.330276 -0.472955 -0.943785 0.280863 0.174317 -0.174732 0.253067 0.274637 0.927648 0.473658 
1537281529569 0.212668 0.919614 -0.330276 -0.472955 -0.943784 0.280863 0.174318 -0.174732 0.253068 0.274637 0.927648 0.473658 
1537281529785 0.212668 0.919614 -0.330276 -0.472955 -0.943784 0.280863 0.174318 -0.174732 0.253068 0.274637 0.927648 0.473658 
1537281530000 0.212668 0.919614 -0.330276 -0.472955 -0.943784 0.280863 0.174319 -0.174732 0.253068 0.274637 0.927648 0.473658 
1537281530189 0.212667 0.919614 -0.330276 -0.472955 -0.943784 0.280863 0.174319 -0.174731 0.253068 0.274638 0.927648 0.473657 
1537281530397 0.212667 0.919614 -0.330277 -0.472956 -0.943785 0.280862 0.174319 -0.174731 0.253068 0.274638 0.927648 0.473657 
1537281530430 0.212667 0.919614 -0.330277 -0.472956 -0.943785 0.280862 0.174319 -0.174731 0.253068 0.274638 0.927648 0.473657 
1537281530462 0.212665 0.919614 -0.330278 -0.472956 -0.943785 0.280861 0.174319 -0.174731 0.253069 0.274639 0.927647 0.473657 
1537281530681 0.212665 0.919614 -0.330278 -0.472956 -0.943785 0.280861 0.174319 -0.174731 0.253069 0.27464 0.927647 0.473657 
1537281530905 0.212666 0.919614 -0.330277 -0.472955 -0.943784 0.280862 0.174321 -0.174731 0.253071 0.274638 0.927647 0.473658 
1537281531114 0.212666 0.919615 -0.330276 -0.472955 -0.943784 0.280863 0.174323 -0.174731 0.253072 0.274637 0.927647 0.473658 
1537281531330 0.212665 0.919615 -0.330276 -0.472955 -0.943784 0.280862 0.174324 -0.174731 0.253073 0.274636 0.927647 0.473658 
1537281531613 0.212665 0.919615 -0.330276 -0.472955 -0.943784 0.280862 0.174324 -0.174731 0.253073 0.274637 0.927647 0.473658 
1537281531849 0.212665 0.919615 -0.330277 -0.472956 -0.943784 0.280862 0.174324 -0.174731 0.253073 0.274637 0.927647 0.473658 
1537281532065 0.212665 0.919615 -0.330277 -0.472956 -0.943784 0.280862 0.174324 -0.174731 0.253073 0.274637 0.927647 0.473658 
1537281532313 0.212664 0.919614 -0.330277 -0.472956 -0.943784 0.280862 0.174325 -0.174731 0.253074 0.274638 0.927646 0.473658 
1537281532342 0.212664 0.919614 -0.330277 -0.472956 -0.943784 0.280862 0.174325 -0.174731 0.253074 0.274638 0.927646 0.473658 
1537281532648 0.212663 0.919614 -0.330278 -0.472956 -0.943784 0.280861 0.174325 -0.17473 0.253074 0.274639 0.927646 0.473657 
1537281532909 0.212664 0.919615 -0.330277 -0.472955 -0.943783 0.280862 0.174328 -0.17473 0.253077 0.274636 0.927646 0.473659 
1537281533173 0.212664 0.919615 -0.330276 -0.472955 -0.943782 0.280862 0.17433 -0.17473 0.253079 0.274635 0.927646 0.473659 
1537281533457 0.212663 0.919615 -0.330276 -0.472955 -0.943782 0.280862 0.174331 -0.17473 0.25308 0.274635 0.927646 0.47366 
1537281533734 0.212663 0.919615 -0.330276 -0.472956 -0.943782 0.280862 0.174332 -0.174729 0.25308 0.274635 0.927645 0.47366 
1537281534017 0.212663 0.919615 -0.330276 -0.472956 -0.943782 0.280862 0.174332 -0.174729 0.25308 0.274635 0.927645 0.47366 
1537281534276 0.212663 0.919615 -0.330276 -0.472956 -0.943782 0.280862 0.174332 -0.174729 0.25308 0.274635 0.927645 0.473659 
1537281534550 0.212663 0.919615 -0.330277 -0.472956 -0.943782 0.280862 0.174332 -0.17473 0.253081 0.274635 0.927645 0.473659 
1537281534814 0.212662 0.919615 -0.330277 -0.472956 -0.943782 0.280862 0.174332 -0.174729 0.253081 0.274636 0.927645 0.473659 
1537281534835 0.212662 0.919615 -0.330277 -0.472956 -0.943782 0.280862 0.174332 -0.174729 0.253081 0.274636 0.927645 0.473659 
