1535386664962 -0.00888669 0.947594 -0.319354 -0.553967 -0.997432 -0.0310955 -0.0645115 -0.23464 -0.0710612 0.317961 0.945437 0.359267 
1535386668598 -0.00888669 0.947594 -0.319354 -0.553967 -0.997432 -0.0310955 -0.0645115 -0.23464 -0.0710612 0.317961 0.945437 0.359267 
1535386669313 -0.00888617 0.947594 -0.319353 -0.553967 -0.997432 -0.0310947 -0.064511 -0.23464 -0.0710605 0.31796 0.945437 0.359268 
1535386670031 0.0146237 0.949395 -0.313744 -0.562065 -0.999025 0.000799599 -0.0441453 -0.235525 -0.0416604 0.314084 0.948481 0.360257 
1535386670746 0.0395061 0.950728 -0.307499 -0.570411 -0.999162 0.0343026 -0.0223109 -0.236285 -0.0106636 0.308122 0.951287 0.361668 
1535386671396 0.0644422 0.951095 -0.302103 -0.578738 -0.997723 0.0674454 -0.000491628 -0.237133 0.0199079 0.301447 0.953275 0.362931 
1535386672148 0.0893069 0.950635 -0.297183 -0.587107 -0.994725 0.100245 0.0217404 -0.237866 0.0504584 0.293674 0.954573 0.364269 
1535386672838 0.114332 0.94943 -0.292421 -0.595454 -0.990133 0.132908 0.0443982 -0.238532 0.081018 0.28446 0.955258 0.365702 
1535386673518 0.139502 0.947183 -0.288761 -0.60385 -0.983988 0.165268 0.0667372 -0.239353 0.110935 0.274827 0.955072 0.36697 
1535386674217 0.164585 0.94422 -0.285239 -0.61212 -0.976303 0.197142 0.0892583 -0.240125 0.140512 0.263789 0.954291 0.368287 
1535386675032 0.189684 0.940266 -0.282701 -0.620477 -0.967078 0.228669 0.111676 -0.240935 0.16965 0.252211 0.952685 0.369519 
1535386675140 0.214566 0.935572 -0.280477 -0.628842 -0.956297 0.259636 0.134484 -0.241637 0.198641 0.239364 0.950393 0.370899 
1535386675446 0.215746 0.935169 -0.280914 -0.629229 -0.955634 0.261306 0.135951 -0.241662 0.200541 0.23912 0.950055 0.371014 
1535386675765 0.217519 0.934475 -0.281855 -0.629804 -0.954528 0.263974 0.138542 -0.241935 0.203866 0.238903 0.949402 0.371173 
1535386676085 0.219121 0.933816 -0.282796 -0.630412 -0.953492 0.266426 0.140963 -0.24208 0.206977 0.238756 0.948766 0.37136 
1535386676397 0.2207 0.933237 -0.28348 -0.631034 -0.952426 0.268844 0.143552 -0.242164 0.21018 0.238312 0.948173 0.371613 
1535386676702 0.22247 0.932525 -0.284435 -0.631636 -0.951298 0.271491 0.14603 -0.242347 0.213398 0.238095 0.947508 0.371727 
1535386677027 0.224155 0.931859 -0.285296 -0.632304 -0.950144 0.274076 0.148691 -0.242442 0.216752 0.237742 0.946835 0.371961 
1535386677356 0.225884 0.931163 -0.286203 -0.632879 -0.948973 0.276702 0.151283 -0.242619 0.220062 0.237427 0.946151 0.372184 
1535386677718 0.22757 0.930506 -0.287003 -0.633474 -0.947847 0.279218 0.1537 -0.242778 0.223156 0.237057 0.945519 0.372348 
1535386678045 0.229476 0.929753 -0.287924 -0.63419 -0.946519 0.282104 0.156584 -0.242911 0.226809 0.236593 0.944765 0.372578 
1535386678079 0.229476 0.929753 -0.287924 -0.63419 -0.946519 0.282104 0.156584 -0.242911 0.226809 0.236593 0.944765 0.372578 
1535386678356 0.229733 0.929595 -0.288228 -0.634429 -0.946134 0.282737 0.157768 -0.242738 0.228153 0.236458 0.944475 0.372659 
1535386678581 0.230088 0.929655 -0.287751 -0.634389 -0.946328 0.282704 0.156657 -0.242979 0.226986 0.236262 0.944806 0.372595 
1535386678826 0.230438 0.929574 -0.287732 -0.634643 -0.946145 0.283137 0.156982 -0.242972 0.227394 0.236062 0.944758 0.372716 
1535386679072 0.230705 0.92964 -0.287305 -0.634879 -0.946041 0.28336 0.157208 -0.242873 0.227557 0.235534 0.94485 0.372904 
1535386679313 0.2313 0.929531 -0.287178 -0.635101 -0.945807 0.283998 0.157462 -0.242881 0.227924 0.235194 0.944846 0.372959 
1535386679557 0.231992 0.929473 -0.28681 -0.635278 -0.945606 0.284629 0.157533 -0.243017 0.228057 0.234663 0.944946 0.373129 
1535386679805 0.232341 0.929393 -0.286785 -0.6355 -0.945437 0.285043 0.157796 -0.243017 0.228401 0.234475 0.94491 0.373183 
1535386680042 0.232611 0.929438 -0.28642 -0.635754 -0.94538 0.28523 0.157801 -0.242949 0.228362 0.23407 0.94502 0.373279 
1535386680299 0.233202 0.929335 -0.286275 -0.635948 -0.945125 0.285881 0.158148 -0.242992 0.228813 0.233685 0.945006 0.373394 
1535386680336 0.233202 0.929335 -0.286275 -0.635948 -0.945125 0.285881 0.158148 -0.242992 0.228813 0.233685 0.945006 0.373394 
1535386680508 0.233606 0.929344 -0.285917 -0.636178 -0.945 0.286231 0.158261 -0.242983 0.228918 0.233221 0.945095 0.373553 
1535386680639 0.233277 0.92941 -0.28597 -0.636062 -0.945012 0.285997 0.158614 -0.243125 0.229204 0.233244 0.94502 0.373522 
1535386680786 0.232789 0.929621 -0.285682 -0.636188 -0.945068 0.285548 0.15909 -0.243094 0.229469 0.232955 0.945027 0.373485 
1535386680926 0.23283 0.929718 -0.285333 -0.636277 -0.944937 0.285648 0.159681 -0.243313 0.229964 0.232443 0.945033 0.373656 
1535386681053 0.232331 0.929924 -0.285069 -0.636391 -0.945017 0.28517 0.160064 -0.243379 0.23014 0.232208 0.945048 0.373631 
1535386681196 0.232326 0.929967 -0.284932 -0.636525 -0.944892 0.285268 0.160625 -0.243519 0.230658 0.231912 0.944994 0.373727 
1535386681348 0.231999 0.930185 -0.284487 -0.63666 -0.944854 0.284998 0.161329 -0.243523 0.231144 0.23137 0.945008 0.373796 
1535386681496 0.231696 0.9304 -0.284029 -0.636773 -0.944831 0.284726 0.161942 -0.243577 0.231541 0.230838 0.945041 0.373872 
1535386681625 0.231504 0.930518 -0.283799 -0.636882 -0.94478 0.284601 0.162458 -0.243732 0.23194 0.230518 0.945021 0.37393 
1535386681654 0.231504 0.930518 -0.283799 -0.636882 -0.94478 0.284601 0.162458 -0.243732 0.23194 0.230518 0.945021 0.37393 
1535386681677 0.231468 0.930552 -0.283719 -0.636998 -0.944713 0.284627 0.162801 -0.243807 0.232249 0.23035 0.944987 0.374037 
1535386681809 0.231441 0.930578 -0.283654 -0.63702 -0.944711 0.2846 0.162865 -0.243822 0.232286 0.230277 0.944995 0.374029 
1535386681865 0.231176 0.930714 -0.283425 -0.637016 -0.944902 0.284181 0.162484 -0.24378 0.23177 0.230246 0.945129 0.373914 
1535386681954 0.231114 0.930849 -0.283029 -0.636992 -0.945121 0.283851 0.161789 -0.243999 0.230939 0.230105 0.945367 0.373854 
1535386682025 0.230944 0.931048 -0.282516 -0.637033 -0.945232 0.28353 0.161702 -0.24406 0.230654 0.229699 0.945535 0.37388 
1535386682133 0.230934 0.931165 -0.282136 -0.637115 -0.945295 0.283393 0.161572 -0.244132 0.230406 0.229389 0.945671 0.373881 
1535386682186 0.23066 0.931385 -0.281635 -0.637186 -0.945458 0.282949 0.161398 -0.244164 0.230012 0.229046 0.94585 0.373895 
1535386682285 0.23054 0.931525 -0.281271 -0.637291 -0.945567 0.282692 0.16121 -0.244227 0.229684 0.228795 0.94599 0.3739 
1535386682368 0.230445 0.931709 -0.280738 -0.63728 -0.94569 0.282409 0.160984 -0.244391 0.229273 0.228393 0.946187 0.373902 
1535386682391 0.230445 0.931709 -0.280738 -0.63728 -0.94569 0.282409 0.160984 -0.244391 0.229273 0.228393 0.946187 0.373902 
1535386682408 0.230323 0.931774 -0.280622 -0.637378 -0.945759 0.282233 0.160884 -0.244415 0.229109 0.228345 0.946239 0.373894 
1535386682577 0.230345 0.93185 -0.280352 -0.637362 -0.945821 0.282141 0.160683 -0.244414 0.228831 0.22815 0.946353 0.373868 
1535386682625 0.230745 0.931688 -0.28056 -0.637323 -0.945674 0.282608 0.160725 -0.244429 0.229034 0.228232 0.946284 0.373874 
1535386682761 0.231113 0.931546 -0.280728 -0.637241 -0.945546 0.283028 0.160745 -0.244482 0.229195 0.22829 0.946231 0.373884 
1535386682822 0.231457 0.931467 -0.280708 -0.637217 -0.945459 0.283355 0.160676 -0.244397 0.229204 0.228209 0.946248 0.37384 
1535386682948 0.231547 0.931421 -0.280786 -0.637224 -0.945463 0.283428 0.160521 -0.244393 0.229096 0.228305 0.946252 0.373762 
1535386683003 0.231839 0.931321 -0.280877 -0.637227 -0.945411 0.283704 0.160342 -0.244386 0.229015 0.22837 0.946255 0.373656 
1535386683132 0.231972 0.931283 -0.280893 -0.637219 -0.945386 0.283827 0.160275 -0.244365 0.228986 0.228373 0.946262 0.373615 
1535386683203 0.232266 0.931243 -0.280784 -0.637184 -0.945339 0.284064 0.160133 -0.244361 0.228883 0.228242 0.946318 0.373661 
1535386683233 0.232485 0.931213 -0.280701 -0.637153 -0.945328 0.284216 0.159925 -0.244403 0.228704 0.228174 0.946378 0.373709 
1535386683265 0.232536 0.931203 -0.280693 -0.637148 -0.945323 0.284256 0.159883 -0.244405 0.228672 0.228167 0.946387 0.373706 
1535386683435 0.23309 0.931124 -0.280495 -0.636928 -0.945201 0.284738 0.159749 -0.244325 0.228613 0.227889 0.946469 0.373753 
1535386683468 0.23309 0.931124 -0.280495 -0.636928 -0.945201 0.284738 0.159749 -0.244325 0.228613 0.227889 0.946469 0.373753 
1535386683554 0.233371 0.930995 -0.28069 -0.636774 -0.945082 0.285089 0.159828 -0.244229 0.228821 0.227976 0.946397 0.373822 
1535386683667 0.233781 0.930935 -0.280547 -0.636601 -0.944984 0.285453 0.159756 -0.244034 0.228806 0.227764 0.946452 0.373848 
1535386683767 0.234455 0.930731 -0.280662 -0.636362 -0.94484 0.286095 0.15946 -0.24409 0.22871 0.227794 0.946468 0.373838 
1535386683873 0.234859 0.930652 -0.280584 -0.636188 -0.944733 0.286474 0.159413 -0.243902 0.228739 0.227637 0.946499 0.373862 
1535386683978 0.235485 0.930475 -0.280649 -0.635968 -0.944552 0.287108 0.159343 -0.243888 0.228842 0.227564 0.946491 0.373897 
1535386684084 0.235815 0.930409 -0.280588 -0.635795 -0.944453 0.28743 0.159348 -0.24368 0.228908 0.227426 0.946509 0.373947 
1535386684218 0.236638 0.930193 -0.280614 -0.635553 -0.944272 0.288197 0.159036 -0.243619 0.228807 0.227342 0.946553 0.373998 
1535386684412 0.236983 0.930103 -0.280619 -0.635445 -0.944181 0.288533 0.15897 -0.243652 0.228827 0.227282 0.946563 0.374032 
1535386684579 0.236983 0.930103 -0.280619 -0.635445 -0.944181 0.288533 0.15897 -0.243652 0.228827 0.227282 0.946563 0.374032 
1535386684763 0.236852 0.930222 -0.280336 -0.635074 -0.94423 0.288342 0.159023 -0.243454 0.228759 0.227037 0.946638 0.37416 
1535386684943 0.237187 0.930188 -0.280166 -0.634707 -0.944125 0.288655 0.159081 -0.243267 0.228847 0.22678 0.946678 0.374266 
1535386685103 0.237603 0.930119 -0.280042 -0.634299 -0.944017 0.289035 0.15903 -0.243251 0.228858 0.226578 0.946724 0.374369 
1535386685287 0.237798 0.930119 -0.279875 -0.633972 -0.943974 0.289187 0.15901 -0.242963 0.228834 0.226383 0.946776 0.374442 
1535386685498 0.238062 0.930081 -0.27978 -0.633591 -0.943933 0.289397 0.158869 -0.242891 0.228728 0.226273 0.946828 0.37459 
1535386685687 0.238415 0.930053 -0.279571 -0.633193 -0.94384 0.289703 0.158862 -0.242789 0.228743 0.225995 0.946891 0.374738 
1535386685925 0.239033 0.929982 -0.27928 -0.63246 -0.943699 0.29023 0.158741 -0.242483 0.228682 0.225612 0.946997 0.374907 
1535386685961 0.239033 0.929982 -0.27928 -0.63246 -0.943699 0.29023 0.158741 -0.242483 0.228682 0.225612 0.946997 0.374907 
1535386685978 0.239031 0.930018 -0.27916 -0.632284 -0.943706 0.290201 0.158751 -0.242398 0.228654 0.225499 0.947031 0.374974 
1535386686168 0.239033 0.929979 -0.279289 -0.632191 -0.943707 0.290224 0.158707 -0.242361 0.228651 0.225631 0.947 0.374992 
1535386686474 0.238787 0.929985 -0.279478 -0.631683 -0.943647 0.290141 0.159212 -0.242142 0.229153 0.225711 0.94686 0.375153 
1535386686585 0.238775 0.929908 -0.279746 -0.63117 -0.943538 0.290286 0.159595 -0.242009 0.229615 0.225844 0.946716 0.37534 
1535386686889 0.238667 0.929894 -0.279884 -0.63072 -0.943456 0.290314 0.160026 -0.24174 0.230062 0.225866 0.946603 0.375498 
1535386687035 0.238835 0.929783 -0.280109 -0.630114 -0.943314 0.290611 0.160325 -0.241799 0.23047 0.225939 0.946486 0.37567 
1535386687235 0.238606 0.929811 -0.280213 -0.629669 -0.943269 0.29051 0.160772 -0.241484 0.230892 0.225955 0.946379 0.375843 
1535386687499 0.238561 0.929792 -0.280313 -0.629182 -0.943177 0.290586 0.161174 -0.241252 0.231313 0.225935 0.946281 0.376029 
1535386687695 0.238513 0.929725 -0.280577 -0.628661 -0.943074 0.290698 0.161572 -0.241136 0.231781 0.226068 0.946135 0.37618 
1535386687967 0.238299 0.929664 -0.28096 -0.628024 -0.94301 0.290676 0.161987 -0.240828 0.232262 0.226346 0.94595 0.376392 
1535386688045 0.238299 0.929664 -0.28096 -0.628024 -0.94301 0.290676 0.161987 -0.240828 0.232262 0.226346 0.94595 0.376392 
1535386688185 0.237956 0.92984 -0.280669 -0.628023 -0.94306 0.290332 0.162309 -0.240706 0.232409 0.226065 0.945981 0.376364 
1535386688358 0.238087 0.929752 -0.280848 -0.627589 -0.942929 0.290584 0.162621 -0.240625 0.232807 0.226101 0.945875 0.376494 
1535386688523 0.237988 0.929713 -0.281061 -0.627185 -0.942835 0.290642 0.163063 -0.240506 0.23329 0.226187 0.945735 0.376596 
1535386688681 0.238128 0.929705 -0.280969 -0.626714 -0.942663 0.290893 0.163611 -0.240435 0.233841 0.225899 0.945668 0.376738 
1535386688876 0.237942 0.9297 -0.281143 -0.626306 -0.942575 0.290875 0.164147 -0.24026 0.234385 0.225941 0.945523 0.376853 
1535386689062 0.237933 0.929729 -0.281054 -0.625856 -0.942488 0.290936 0.164535 -0.240157 0.234741 0.225741 0.945483 0.376992 
1535386689219 0.237875 0.929723 -0.281124 -0.625434 -0.942387 0.291005 0.164994 -0.240029 0.235207 0.225679 0.945382 0.377152 
1535386689403 0.237838 0.929715 -0.281183 -0.624995 -0.942249 0.291121 0.165577 -0.23992 0.235798 0.225564 0.945262 0.377298 
1535386689626 0.237664 0.929729 -0.281281 -0.624486 -0.942135 0.291123 0.166218 -0.239682 0.236425 0.225501 0.94512 0.37744 
1535386689745 0.23769 0.929716 -0.281304 -0.624403 -0.942107 0.291173 0.166294 -0.239665 0.236514 0.225492 0.9451 0.37746 
1535386690032 0.237586 0.929635 -0.281658 -0.624226 -0.942168 0.291103 0.166065 -0.239499 0.236372 0.225914 0.945035 0.377568 
1535386690195 0.237586 0.929635 -0.281658 -0.624226 -0.942168 0.291103 0.166065 -0.239499 0.236372 0.225914 0.945035 0.377568 
1535386690399 0.237859 0.929504 -0.281862 -0.623878 -0.942071 0.291427 0.16605 -0.239422 0.236486 0.226038 0.944977 0.3777 
1535386690561 0.238032 0.929348 -0.282229 -0.623547 -0.942026 0.29166 0.165897 -0.239401 0.236491 0.226378 0.944894 0.377813 
1535386690753 0.238218 0.929167 -0.282666 -0.622954 -0.941959 0.291934 0.165794 -0.239093 0.23657 0.226765 0.944782 0.378071 
1535386690929 0.238218 0.929167 -0.282666 -0.622954 -0.941959 0.291934 0.165794 -0.239093 0.23657 0.226765 0.944782 0.378071 
1535386691104 0.238509 0.92889 -0.283333 -0.622323 -0.941845 0.292369 0.165673 -0.238929 0.23673 0.227341 0.944603 0.378306 
1535386691277 0.238504 0.92882 -0.283565 -0.62202 -0.941892 0.292362 0.165419 -0.238784 0.236548 0.227635 0.944578 0.378328 
1535386691309 0.238504 0.92882 -0.283565 -0.62202 -0.941892 0.292362 0.165419 -0.238784 0.236548 0.227635 0.944578 0.378328 
1535386691328 0.238388 0.92882 -0.283664 -0.621893 -0.941897 0.292293 0.165515 -0.238581 0.236647 0.227725 0.944531 0.3784 
1535386691477 0.238422 0.928785 -0.283749 -0.621859 -0.941876 0.292352 0.165528 -0.23857 0.236694 0.227791 0.944504 0.378418 
1535386691526 0.238422 0.928785 -0.283749 -0.621859 -0.941876 0.292352 0.165528 -0.23857 0.236694 0.227791 0.944504 0.378418 
1535386691686 0.238601 0.928756 -0.283692 -0.621599 -0.941791 0.292551 0.165661 -0.238536 0.236853 0.227652 0.944497 0.378489 
1535386691736 0.238741 0.928656 -0.283901 -0.621354 -0.941692 0.292784 0.165814 -0.238573 0.237106 0.227761 0.944408 0.378542 
1535386691881 0.238804 0.928589 -0.28407 -0.621164 -0.941604 0.292943 0.166032 -0.238446 0.237391 0.227832 0.944319 0.378618 
1535386691961 0.238903 0.928591 -0.283981 -0.620958 -0.941532 0.293066 0.166223 -0.238275 0.237578 0.227666 0.944312 0.378706 
1535386692084 0.239014 0.928497 -0.284194 -0.620707 -0.941434 0.293278 0.166406 -0.238283 0.237855 0.227777 0.944215 0.378751 
1535386692170 0.239081 0.928391 -0.284484 -0.620478 -0.94132 0.293486 0.16668 -0.238163 0.238236 0.22794 0.94408 0.378813 
1535386692209 0.239375 0.928272 -0.284624 -0.620279 -0.94118 0.293854 0.166822 -0.238115 0.238494 0.22795 0.944012 0.378849 
1535386692231 0.239375 0.928272 -0.284624 -0.620279 -0.94118 0.293854 0.166822 -0.238115 0.238494 0.22795 0.944012 0.378849 
1535386692423 0.239243 0.928273 -0.284732 -0.620021 -0.941145 0.293813 0.167092 -0.237926 0.238765 0.227999 0.943932 0.378939 
1535386692476 0.239243 0.928273 -0.284732 -0.620021 -0.941145 0.293813 0.167092 -0.237926 0.238765 0.227999 0.943932 0.378939 
1535386692674 0.239359 0.928054 -0.285346 -0.619779 -0.941054 0.294094 0.167113 -0.237935 0.239008 0.228526 0.943743 0.379004 
1535386692801 0.2395 0.927964 -0.28552 -0.619531 -0.940955 0.29432 0.167273 -0.237845 0.239258 0.2286 0.943662 0.379091 
1535386692937 0.239615 0.92776 -0.286089 -0.619021 -0.940764 0.294686 0.167698 -0.237709 0.23989 0.228959 0.943414 0.379273 
1535386693018 0.239615 0.92776 -0.286089 -0.619021 -0.940764 0.294686 0.167698 -0.237709 0.23989 0.228959 0.943414 0.379273 
1535386693176 0.239456 0.927652 -0.286571 -0.618604 -0.940646 0.294773 0.168206 -0.237356 0.24051 0.229284 0.943177 0.379456 
1535386693283 0.239456 0.927652 -0.286571 -0.618604 -0.940646 0.294773 0.168206 -0.237356 0.24051 0.229284 0.943177 0.379456 
1535386693351 0.239675 0.92747 -0.286977 -0.618319 -0.940518 0.295125 0.168307 -0.237408 0.240794 0.229568 0.943036 0.379545 
1535386693556 0.239662 0.927444 -0.28707 -0.618185 -0.940497 0.295152 0.168375 -0.237349 0.240888 0.229635 0.942996 0.379603 
1535386693777 0.239679 0.92736 -0.287328 -0.618147 -0.940463 0.295243 0.168405 -0.237299 0.241004 0.229858 0.942912 0.379625 
1535386693992 0.239641 0.927306 -0.287533 -0.617965 -0.940476 0.295241 0.168336 -0.237167 0.24099 0.230078 0.942861 0.379728 
1535386694210 0.239626 0.92727 -0.287662 -0.617787 -0.940441 0.295287 0.168451 -0.237016 0.241142 0.230164 0.942802 0.379795 
1535386694449 0.239569 0.927193 -0.287958 -0.617596 -0.940462 0.29528 0.168345 -0.236944 0.241117 0.230483 0.94273 0.379871 
1535386694651 0.23958 0.92709 -0.288281 -0.617387 -0.94045 0.295359 0.168276 -0.2369 0.241153 0.230799 0.942644 0.37994 
1535386694861 0.239672 0.926985 -0.288541 -0.61724 -0.940393 0.295525 0.168301 -0.236747 0.241284 0.231006 0.94256 0.380017 
1535386695066 0.239867 0.926852 -0.288807 -0.61701 -0.940338 0.295765 0.168189 -0.236777 0.241305 0.231233 0.942498 0.380094 
1535386695279 0.239591 0.926838 -0.289081 -0.616862 -0.940391 0.295568 0.168237 -0.23657 0.241372 0.231541 0.942406 0.380163 
1535386695303 0.239591 0.926838 -0.289081 -0.616862 -0.940391 0.295568 0.168237 -0.23657 0.241372 0.231541 0.942406 0.380163 
1535386695477 0.239926 0.926643 -0.289429 -0.61664 -0.940296 0.29596 0.168084 -0.236605 0.241413 0.231821 0.942326 0.380247 
1535386695612 0.239501 0.926947 -0.288806 -0.616691 -0.940402 0.295444 0.168394 -0.236463 0.241419 0.231263 0.942462 0.380219 
1535386695752 0.239631 0.92695 -0.288688 -0.616571 -0.940345 0.295569 0.168492 -0.236448 0.241511 0.231091 0.942481 0.380257 
1535386695897 0.239799 0.926966 -0.288496 -0.61638 -0.940289 0.295707 0.168566 -0.236392 0.241565 0.230847 0.942526 0.380329 
1535386696052 0.239799 0.927013 -0.288346 -0.616157 -0.940273 0.295695 0.168676 -0.236419 0.241628 0.230676 0.942552 0.38038 
1535386696186 0.239687 0.927101 -0.288156 -0.616006 -0.940282 0.295572 0.168837 -0.236254 0.2417 0.23048 0.942582 0.380403 
1535386696309 0.239734 0.927147 -0.287967 -0.615826 -0.940233 0.295618 0.16903 -0.236168 0.241844 0.230234 0.942605 0.380458 
1535386696464 0.239868 0.927149 -0.287851 -0.61562 -0.940133 0.295787 0.169291 -0.236138 0.2421 0.230011 0.942593 0.380466 
1535386696615 0.239706 0.927246 -0.287674 -0.615428 -0.940153 0.295621 0.169472 -0.236007 0.242185 0.229834 0.942615 0.380511 
1535386696647 0.239706 0.927246 -0.287674 -0.615428 -0.940153 0.295621 0.169472 -0.236007 0.242185 0.229834 0.942615 0.380511 
1535386696665 0.240016 0.927186 -0.287608 -0.615212 -0.940036 0.29594 0.169565 -0.23601 0.242333 0.229663 0.942618 0.380501 
1535386696855 0.240047 0.927179 -0.287604 -0.615179 -0.940027 0.29597 0.169563 -0.236039 0.242338 0.229652 0.94262 0.380502 
1535386696929 0.239807 0.927249 -0.287578 -0.615038 -0.94013 0.295697 0.169467 -0.235773 0.242174 0.229722 0.942645 0.380612 
1535386697134 0.240094 0.927155 -0.287642 -0.614711 -0.940152 0.295891 0.169003 -0.235715 0.241803 0.22985 0.942709 0.380631 
1535386697269 0.240266 0.927188 -0.287393 -0.614368 -0.940135 0.295984 0.168934 -0.235581 0.241697 0.229599 0.942797 0.380721 
1535386697465 0.240554 0.927137 -0.287315 -0.614015 -0.940095 0.296213 0.168757 -0.235529 0.241568 0.229508 0.942853 0.380779 
1535386697635 0.240574 0.927171 -0.287188 -0.613728 -0.940111 0.296189 0.16871 -0.235283 0.241486 0.229402 0.9429 0.380897 
1535386697790 0.240738 0.927167 -0.287066 -0.613402 -0.940107 0.296287 0.168561 -0.235182 0.241338 0.229293 0.942964 0.380987 
1535386697954 0.240809 0.927198 -0.286904 -0.613077 -0.940133 0.296284 0.168422 -0.235018 0.241166 0.229171 0.943038 0.381077 
1535386698020 0.240982 0.927177 -0.286829 -0.612745 -0.940144 0.296382 0.168186 -0.234947 0.24095 0.229131 0.943102 0.38115 
1535386698181 0.241034 0.927194 -0.286728 -0.612654 -0.94012 0.296424 0.168249 -0.2348 0.240993 0.229005 0.943122 0.381206 
1535386698351 0.241034 0.927194 -0.286728 -0.612654 -0.94012 0.296424 0.168249 -0.2348 0.240993 0.229005 0.943122 0.381206 
1535386698541 0.241155 0.927103 -0.286923 -0.61229 -0.940101 0.296563 0.168108 -0.234734 0.240944 0.229197 0.943088 0.381318 
1535386698721 0.24151 0.92699 -0.286989 -0.611581 -0.940035 0.296889 0.167901 -0.234459 0.240846 0.22923 0.943105 0.381499 
1535386698899 0.241649 0.926912 -0.287124 -0.611263 -0.940009 0.297038 0.167785 -0.234304 0.240809 0.229354 0.943084 0.381583 
1535386699068 0.241705 0.926878 -0.287187 -0.610929 -0.940037 0.297062 0.167584 -0.234144 0.240642 0.22946 0.943101 0.381667 
1535386699237 0.242102 0.926767 -0.287211 -0.61057 -0.939922 0.297457 0.167528 -0.234057 0.240692 0.229397 0.943103 0.381797 
1535386699410 0.242111 0.926734 -0.28731 -0.610243 -0.939924 0.29748 0.16748 -0.233872 0.240678 0.229501 0.943082 0.381897 
1535386699590 0.242318 0.926647 -0.287415 -0.609908 -0.93988 0.297687 0.167357 -0.233711 0.240641 0.229582 0.943072 0.381968 
1535386699616 0.242252 0.926666 -0.28741 -0.609828 -0.939895 0.297625 0.167382 -0.233611 0.240647 0.229586 0.943069 0.381997 
1535386699635 0.242252 0.926666 -0.28741 -0.609828 -0.939895 0.297625 0.167382 -0.233611 0.240647 0.229586 0.943069 0.381997 
1535386699673 0.242195 0.926677 -0.287421 -0.609775 -0.93991 0.297572 0.16739 -0.233576 0.240645 0.229609 0.943064 0.382017 
1535386699837 0.242334 0.926701 -0.287227 -0.609583 -0.93984 0.297703 0.167554 -0.233491 0.240781 0.229344 0.943094 0.382074 
1535386699978 0.24284 0.926663 -0.286923 -0.609209 -0.939618 0.298217 0.167882 -0.233466 0.241136 0.22883 0.943128 0.382137 
1535386700128 0.243176 0.926625 -0.286761 -0.60885 -0.939496 0.298541 0.167989 -0.233413 0.241272 0.22856 0.943159 0.38219 
1535386700271 0.243146 0.926707 -0.286522 -0.608541 -0.939425 0.298544 0.168383 -0.233252 0.241581 0.228224 0.943161 0.382255 
1535386700397 0.243123 0.926777 -0.286313 -0.608258 -0.939396 0.298516 0.16859 -0.233051 0.241715 0.227973 0.943187 0.382337 
1535386700528 0.243566 0.926694 -0.286207 -0.607913 -0.939208 0.298989 0.1688 -0.23298 0.241999 0.227694 0.943182 0.38238 
1535386700674 0.243695 0.926748 -0.285922 -0.607567 -0.939141 0.299092 0.168993 -0.23292 0.242131 0.227338 0.943234 0.382454 
1535386700831 0.243864 0.926781 -0.285669 -0.60723 -0.939006 0.299292 0.169389 -0.232683 0.242485 0.226937 0.943239 0.382537 
1535386700848 0.243882 0.92679 -0.285624 -0.607182 -0.93899 0.299312 0.169439 -0.232642 0.242525 0.226875 0.943244 0.382556 
1535386701031 0.243973 0.926806 -0.285496 -0.60683 -0.938944 0.299396 0.169549 -0.232625 0.242615 0.2267 0.943263 0.382652 
1535386701147 0.243973 0.926806 -0.285496 -0.60683 -0.938944 0.299396 0.169549 -0.232625 0.242615 0.2267 0.943263 0.382652 
1535386701295 0.243916 0.926803 -0.285556 -0.606549 -0.939024 0.299291 0.169287 -0.232511 0.24236 0.226852 0.943292 0.382697 
1535386701422 0.243819 0.926847 -0.285495 -0.606259 -0.939022 0.299214 0.169439 -0.23232 0.242468 0.226773 0.943283 0.382792 
1535386701598 0.243938 0.926877 -0.285294 -0.60591 -0.938988 0.299293 0.169486 -0.232219 0.242479 0.226543 0.943336 0.382882 
1535386701753 0.243784 0.926973 -0.285115 -0.605605 -0.939055 0.299088 0.169474 -0.232053 0.242372 0.226424 0.943392 0.382949 
1535386701935 0.243911 0.926945 -0.285098 -0.605261 -0.939039 0.29919 0.169383 -0.232012 0.242307 0.226404 0.943413 0.383 
1535386702053 0.243879 0.926963 -0.285067 -0.604991 -0.939038 0.299163 0.169438 -0.231786 0.242344 0.226366 0.943413 0.383072 
1535386702126 0.243906 0.927012 -0.284885 -0.60463 -0.939057 0.29913 0.169388 -0.231747 0.242242 0.226208 0.943477 0.383175 
1535386702289 0.243752 0.927095 -0.284746 -0.604478 -0.939102 0.298954 0.169453 -0.231583 0.242225 0.226101 0.943507 0.383236 
1535386702353 0.244029 0.927005 -0.284801 -0.604421 -0.939047 0.299213 0.169302 -0.231669 0.24216 0.226127 0.943518 0.383181 
1535386702486 0.244028 0.927218 -0.284108 -0.604208 -0.939065 0.299069 0.169456 -0.231562 0.242091 0.225444 0.943699 0.38321 
1535386702602 0.244071 0.927311 -0.283768 -0.603996 -0.93907 0.299032 0.16949 -0.231449 0.242025 0.225111 0.943795 0.383283 
1535386702706 0.243956 0.927481 -0.28331 -0.603812 -0.939121 0.29882 0.169585 -0.231196 0.241946 0.224691 0.943915 0.383255 
1535386702821 0.244122 0.927556 -0.28292 -0.603579 -0.939098 0.298888 0.16959 -0.231085 0.241866 0.224289 0.944032 0.383265 
1535386702919 0.24402 0.927711 -0.282501 -0.603355 -0.939168 0.298674 0.169582 -0.23095 0.241698 0.223934 0.944158 0.383274 
1535386703033 0.244049 0.927826 -0.282098 -0.603135 -0.939177 0.298612 0.169638 -0.230807 0.241632 0.22354 0.944269 0.383302 
1535386703144 0.244162 0.927989 -0.281464 -0.602886 -0.939174 0.29858 0.169715 -0.230668 0.241533 0.222906 0.944444 0.383363 
1535386703178 0.244248 0.928029 -0.281257 -0.602749 -0.939155 0.298621 0.169744 -0.230623 0.241517 0.222684 0.944501 0.383397 
1535386703411 0.244348 0.92803 -0.281165 -0.602676 -0.939133 0.298696 0.169736 -0.230638 0.241503 0.222576 0.94453 0.383414 
1535386703660 0.244407 0.928147 -0.280729 -0.602803 -0.939221 0.298577 0.169455 -0.230534 0.241099 0.222251 0.94471 0.383271 
1535386703918 0.244822 0.928264 -0.279977 -0.602627 -0.939175 0.29878 0.169356 -0.230494 0.240858 0.221486 0.944951 0.383236 
1535386704168 0.245227 0.928398 -0.279179 -0.602546 -0.939177 0.298922 0.169092 -0.230468 0.240437 0.220733 0.945234 0.383246 
1535386704419 0.245333 0.928594 -0.278432 -0.602411 -0.93922 0.298823 0.16903 -0.230318 0.240162 0.22004 0.945465 0.383174 
1535386704666 0.245635 0.928779 -0.277548 -0.602314 -0.939217 0.298881 0.168945 -0.230162 0.239866 0.219179 0.94574 0.3832 
1535386704910 0.245969 0.928894 -0.276868 -0.602208 -0.939234 0.298981 0.168671 -0.230086 0.239456 0.218556 0.945989 0.383069 
1535386705154 0.246319 0.929028 -0.276104 -0.602099 -0.939205 0.29912 0.168586 -0.230024 0.23921 0.217792 0.946227 0.383067 
1535386705432 0.24655 0.929231 -0.275216 -0.601955 -0.939239 0.299094 0.168441 -0.229894 0.238836 0.216964 0.946511 0.383088 
1535386705458 0.246741 0.929411 -0.274434 -0.601829 -0.939315 0.299021 0.16815 -0.22977 0.238342 0.216291 0.94679 0.382997 
1535386705630 0.246751 0.929418 -0.2744 -0.601828 -0.939315 0.299022 0.168145 -0.229769 0.238329 0.216258 0.946801 0.38301 
1535386705799 0.246662 0.929238 -0.275089 -0.601984 -0.939303 0.299093 0.168085 -0.229925 0.238468 0.216932 0.946612 0.383073 
1535386705964 0.24676 0.929302 -0.274787 -0.602028 -0.939298 0.299114 0.168077 -0.229983 0.238387 0.216632 0.946701 0.383087 
1535386706125 0.246784 0.929371 -0.274531 -0.602054 -0.939357 0.299031 0.167897 -0.229965 0.238132 0.216448 0.946807 0.38302 
1535386706295 0.246862 0.929378 -0.274436 -0.602136 -0.939391 0.299039 0.167692 -0.229961 0.237916 0.216406 0.946871 0.382974 
1535386706450 0.246793 0.929514 -0.27404 -0.602205 -0.939489 0.298829 0.167516 -0.229854 0.237599 0.216116 0.947017 0.38299 
1535386706611 0.247187 0.929498 -0.273735 -0.602192 -0.939465 0.299079 0.167203 -0.230031 0.237284 0.215834 0.94716 0.38299 
1535386706771 0.24714 0.929595 -0.273449 -0.602273 -0.939542 0.298924 0.16705 -0.229938 0.23703 0.215632 0.94727 0.382985 
1535386706943 0.247409 0.929536 -0.273407 -0.602288 -0.9395 0.299147 0.166885 -0.230051 0.236915 0.215577 0.947311 0.38288 
1535386706988 0.24733 0.929647 -0.273103 -0.602395 -0.939589 0.298955 0.166728 -0.229927 0.236643 0.215368 0.947426 0.382797 
1535386707009 0.24733 0.929647 -0.273103 -0.602395 -0.939589 0.298955 0.166728 -0.229927 0.236643 0.215368 0.947426 0.382797 
1535386707957 0.242749 0.929032 -0.279236 -0.588138 -0.94024 0.296176 0.168011 -0.22327 0.238791 0.221764 0.94541 0.39269 
1535386708914 0.238921 0.928066 -0.285674 -0.57369 -0.940841 0.294044 0.168394 -0.216759 0.240281 0.228541 0.943416 0.402802 
1535386709907 0.235338 0.926969 -0.292137 -0.559289 -0.941291 0.292241 0.169018 -0.21036 0.242049 0.23521 0.941323 0.412912 
1535386710837 0.231409 0.925966 -0.298391 -0.544871 -0.941826 0.290077 0.169761 -0.203769 0.243749 0.241748 0.939225 0.423056 
1535386711772 0.227291 0.924874 -0.304871 -0.530541 -0.942406 0.287784 0.170444 -0.197156 0.245377 0.248572 0.937018 0.433055 
1535386712681 0.223643 0.923664 -0.311172 -0.516094 -0.942896 0.285885 0.170931 -0.190775 0.246842 0.255175 0.934855 0.443229 
1535386713555 0.219566 0.922484 -0.317512 -0.501705 -0.943425 0.283656 0.171724 -0.184175 0.248477 0.261844 0.932575 0.453364 
1535386713588 0.219796 0.9224 -0.317598 -0.501601 -0.943366 0.283894 0.171653 -0.184263 0.248497 0.261883 0.932559 0.45347 
1535386717285 0.211895 0.919859 -0.330091 -0.472883 -0.944478 0.279536 0.172689 -0.171248 0.251122 0.275172 0.928018 0.473556 
1535386718084 0.204013 0.922147 -0.328669 -0.473193 -0.947781 0.270116 0.169554 -0.173817 0.245133 0.276915 0.929101 0.473278 
1535386718732 0.196097 0.924436 -0.327052 -0.47358 -0.951089 0.260496 0.166045 -0.176709 0.238694 0.278495 0.930304 0.47295 
1535386719357 0.188191 0.926615 -0.325528 -0.47404 -0.954286 0.250885 0.162462 -0.179629 0.23221 0.280074 0.93147 0.472582 
1535386720012 0.180238 0.928768 -0.32389 -0.474376 -0.957365 0.241218 0.15895 -0.182482 0.225756 0.281432 0.932647 0.472234 
1535386720698 0.172323 0.930731 -0.322561 -0.474788 -0.96032 0.231637 0.155338 -0.185417 0.219295 0.282993 0.933716 0.471868 
1535386721349 0.164248 0.932782 -0.320843 -0.475144 -0.963237 0.221768 0.151636 -0.188343 0.212596 0.284142 0.934915 0.471554 
1535386722049 0.156296 0.934648 -0.319382 -0.475549 -0.965963 0.212123 0.148052 -0.191177 0.206125 0.285371 0.935989 0.471223 
1535386722730 0.148293 0.93645 -0.317915 -0.47595 -0.968591 0.202414 0.144428 -0.194138 0.199601 0.286512 0.937054 0.470861 
1535386723378 0.140251 0.938083 -0.316748 -0.476348 -0.971098 0.192729 0.140802 -0.197026 0.19313 0.287846 0.938001 0.470522 
1535386723418 0.140251 0.938083 -0.316748 -0.476348 -0.971098 0.192729 0.140802 -0.197026 0.19313 0.287846 0.938001 0.470522 
1535386723663 0.140304 0.938188 -0.316415 -0.476367 -0.971206 0.192557 0.14029 -0.197397 0.192546 0.287621 0.93819 0.470462 
1535386723931 0.138973 0.938352 -0.316516 -0.476399 -0.971488 0.191179 0.140222 -0.197444 0.192089 0.288005 0.938166 0.470447 
1535386724189 0.138107 0.938512 -0.31642 -0.47645 -0.97176 0.190123 0.13977 -0.197756 0.191334 0.288182 0.938266 0.470419 
1535386724450 0.137444 0.938676 -0.316222 -0.476455 -0.971974 0.189286 0.139414 -0.198136 0.190721 0.288198 0.938385 0.470392 
1535386724726 0.136622 0.938859 -0.316036 -0.476497 -0.972223 0.188281 0.139039 -0.198439 0.190042 0.288262 0.938504 0.470366 
1535386725037 0.135787 0.93906 -0.315797 -0.476536 -0.972484 0.187238 0.138624 -0.198752 0.189305 0.288284 0.938646 0.470341 
1535386725296 0.135014 0.939222 -0.315647 -0.476583 -0.972729 0.186276 0.1382 -0.199101 0.188598 0.28838 0.938759 0.470307 
1535386725565 0.134286 0.939381 -0.315484 -0.476599 -0.972978 0.185338 0.137711 -0.19946 0.187835 0.288466 0.938885 0.47025 
1535386725819 0.133391 0.939541 -0.315389 -0.476669 -0.973252 0.184246 0.137238 -0.199764 0.18705 0.288646 0.938987 0.470184 
1535386725856 0.133001 0.939641 -0.315253 -0.476728 -0.973402 0.183708 0.136893 -0.199963 0.186545 0.288661 0.939082 0.470157 
1535386726052 0.133055 0.939636 -0.315248 -0.476736 -0.973398 0.183753 0.13686 -0.199988 0.186527 0.288652 0.939089 0.470152 
1535386726268 0.133417 0.939554 -0.315339 -0.476669 -0.973259 0.184246 0.137184 -0.199842 0.186992 0.288604 0.939011 0.470163 
1535386726488 0.133067 0.939613 -0.315312 -0.476672 -0.973341 0.183859 0.137124 -0.199867 0.186816 0.288659 0.939029 0.470158 
1535386726718 0.133076 0.939603 -0.315337 -0.476705 -0.973358 0.183843 0.137023 -0.199941 0.186719 0.288702 0.939035 0.470144 
1535386726929 0.132931 0.939621 -0.315343 -0.476716 -0.9734 0.183674 0.136957 -0.199991 0.186608 0.288749 0.939043 0.470138 
1535386727151 0.132849 0.939664 -0.315249 -0.476704 -0.973445 0.18353 0.136828 -0.200063 0.18643 0.2887 0.939093 0.470137 
1535386727369 0.132804 0.939679 -0.315226 -0.476697 -0.973473 0.18345 0.136737 -0.200135 0.186316 0.288705 0.939114 0.470134 
1535386727575 0.132621 0.939702 -0.315233 -0.476705 -0.973521 0.183242 0.136672 -0.200187 0.186195 0.288761 0.939121 0.470127 
1535386727781 0.13243 0.939729 -0.315233 -0.476713 -0.973568 0.183029 0.136621 -0.200225 0.186084 0.288808 0.939129 0.470123 
1535386727805 0.132237 0.939771 -0.315187 -0.47672 -0.973619 0.182801 0.136562 -0.200267 0.185954 0.288814 0.939153 0.470119 
1535386728066 0.13222 0.939775 -0.315184 -0.47672 -0.973624 0.182781 0.136557 -0.20027 0.185943 0.288815 0.939154 0.470119 
1535386728312 0.132609 0.939722 -0.31518 -0.476717 -0.97355 0.18318 0.136545 -0.20028 0.186049 0.288736 0.939158 0.470118 
1535386728557 0.132528 0.939733 -0.315181 -0.476716 -0.973567 0.183095 0.13654 -0.200283 0.186019 0.288754 0.939158 0.470117 
1535386728789 0.132525 0.939733 -0.31518 -0.476715 -0.973569 0.18309 0.136537 -0.200286 0.186015 0.288755 0.939159 0.470116 
1535386729022 0.132431 0.939747 -0.315178 -0.476714 -0.973588 0.182991 0.136534 -0.200288 0.185982 0.288772 0.93916 0.470116 
1535386729259 0.13238 0.939755 -0.315176 -0.476714 -0.973598 0.182937 0.136531 -0.20029 0.185963 0.28878 0.939161 0.470116 
1535386729510 0.13237 0.939757 -0.315175 -0.476715 -0.973601 0.182925 0.136526 -0.200294 0.185955 0.288782 0.939162 0.470115 
1535386729752 0.13234 0.939762 -0.315173 -0.476717 -0.973608 0.182892 0.13652 -0.200299 0.185939 0.288788 0.939164 0.470114 
1535386729981 0.132244 0.939776 -0.315169 -0.476718 -0.973628 0.18279 0.136515 -0.200303 0.185903 0.288804 0.939166 0.470113 
1535386730013 0.132244 0.939776 -0.315169 -0.476718 -0.973628 0.18279 0.136515 -0.200303 0.185903 0.288804 0.939166 0.470113 
1535386730265 0.132231 0.939765 -0.315209 -0.47675 -0.973642 0.182765 0.136452 -0.200359 0.185842 0.288858 0.939161 0.470102 
1535386730529 0.132311 0.939758 -0.315195 -0.476743 -0.973625 0.182847 0.136458 -0.20035 0.18587 0.288827 0.939165 0.470104 
1535386730779 0.13232 0.939758 -0.315193 -0.476741 -0.973624 0.182855 0.136455 -0.200351 0.185869 0.288823 0.939166 0.470104 
1535386731057 0.132323 0.939758 -0.315191 -0.476741 -0.973624 0.182857 0.136453 -0.200352 0.185868 0.288822 0.939167 0.470104 
1535386731321 0.132325 0.939758 -0.315189 -0.47674 -0.973624 0.182859 0.136452 -0.200353 0.185867 0.28882 0.939168 0.470104 
1535386731576 0.132327 0.939759 -0.315187 -0.47674 -0.973624 0.18286 0.13645 -0.200354 0.185865 0.288817 0.939169 0.470104 
1535386731851 0.132328 0.939759 -0.315185 -0.47674 -0.973624 0.18286 0.136448 -0.200354 0.185863 0.288816 0.93917 0.470104 
1535386732105 0.13233 0.93976 -0.315183 -0.476739 -0.973624 0.182861 0.136447 -0.200355 0.185862 0.288814 0.939171 0.470104 
1535386732386 0.132331 0.93976 -0.315181 -0.476739 -0.973624 0.182862 0.136447 -0.200355 0.185862 0.288811 0.939172 0.470104 
1535386732413 0.132331 0.93976 -0.315181 -0.476739 -0.973624 0.182862 0.136447 -0.200355 0.185862 0.288811 0.939172 0.470104 
1535386732757 0.132333 0.939761 -0.315179 -0.476739 -0.973624 0.182863 0.136446 -0.200356 0.185861 0.288809 0.939173 0.470104 
1535386733086 0.132336 0.939761 -0.315178 -0.476738 -0.973624 0.182865 0.136444 -0.200357 0.18586 0.288808 0.939173 0.470104 
1535386733409 0.132337 0.939761 -0.315177 -0.476738 -0.973624 0.182866 0.136443 -0.200357 0.185859 0.288808 0.939173 0.470104 
1535386733706 0.132338 0.939761 -0.315177 -0.476738 -0.973624 0.182867 0.136442 -0.200358 0.185858 0.288807 0.939174 0.470104 
1535386734030 0.132339 0.939761 -0.315176 -0.476738 -0.973624 0.182867 0.136441 -0.200358 0.185858 0.288807 0.939174 0.470103 
1535386734349 0.132339 0.939761 -0.315175 -0.476738 -0.973624 0.182867 0.136441 -0.200358 0.185857 0.288805 0.939174 0.470104 
1535386734659 0.13234 0.939761 -0.315174 -0.476737 -0.973624 0.182867 0.13644 -0.200359 0.185856 0.288805 0.939175 0.470103 
1535386734969 0.13234 0.939762 -0.315173 -0.476737 -0.973624 0.182868 0.13644 -0.200359 0.185856 0.288804 0.939175 0.470103 
1535386735319 0.132341 0.939762 -0.315172 -0.476737 -0.973624 0.182868 0.13644 -0.200359 0.185856 0.288803 0.939175 0.470103 
1535386735353 0.132341 0.939762 -0.315172 -0.476737 -0.973624 0.182868 0.13644 -0.200359 0.185856 0.288803 0.939175 0.470103 
1535386735379 0.132341 0.939762 -0.315171 -0.476737 -0.973624 0.182868 0.136439 -0.200359 0.185855 0.288801 0.939176 0.470103 
1535386735593 0.132342 0.939762 -0.315171 -0.476737 -0.973624 0.182868 0.136439 -0.200359 0.185855 0.288801 0.939176 0.470103 
1535386735751 0.132342 0.939762 -0.315171 -0.476737 -0.973624 0.182869 0.136439 -0.200359 0.185855 0.288801 0.939176 0.470103 
1535386735909 0.132343 0.939762 -0.315171 -0.476737 -0.973624 0.182869 0.136438 -0.200359 0.185855 0.288801 0.939176 0.470103 
1535386736054 0.132343 0.939762 -0.31517 -0.476737 -0.973624 0.182869 0.136438 -0.20036 0.185855 0.288801 0.939176 0.470103 
1535386736232 0.132343 0.939762 -0.315171 -0.476737 -0.973624 0.18287 0.136438 -0.20036 0.185855 0.288801 0.939176 0.470103 
1535386736395 0.132343 0.939762 -0.31517 -0.476737 -0.973624 0.182869 0.136438 -0.20036 0.185854 0.288801 0.939176 0.470103 
1535386736569 0.132343 0.939762 -0.31517 -0.476737 -0.973624 0.182869 0.136438 -0.20036 0.185854 0.2888 0.939177 0.470103 
1535386736723 0.132344 0.939762 -0.31517 -0.476737 -0.973624 0.182869 0.136438 -0.20036 0.185854 0.2888 0.939177 0.470103 
1535386736754 0.132344 0.939762 -0.31517 -0.476737 -0.973624 0.182869 0.136438 -0.20036 0.185854 0.2888 0.939177 0.470103 
1535386736984 0.132344 0.939762 -0.315169 -0.476737 -0.973624 0.18287 0.136438 -0.20036 0.185854 0.2888 0.939177 0.470103 
1535386737218 0.132345 0.939762 -0.315169 -0.476736 -0.973624 0.182871 0.136437 -0.20036 0.185854 0.288799 0.939177 0.470103 
1535386737454 0.132345 0.939762 -0.315169 -0.476736 -0.973624 0.182871 0.136437 -0.20036 0.185853 0.288799 0.939177 0.470103 
1535386737661 0.132346 0.939762 -0.315169 -0.476736 -0.973624 0.182871 0.136437 -0.20036 0.185853 0.288799 0.939177 0.470103 
1535386737873 0.132346 0.939762 -0.315169 -0.476736 -0.973624 0.182871 0.136436 -0.200361 0.185853 0.288799 0.939177 0.470103 
1535386738092 0.132346 0.939762 -0.315169 -0.476736 -0.973624 0.182871 0.136436 -0.200361 0.185853 0.288799 0.939177 0.470103 
1535386738311 0.132346 0.939762 -0.315169 -0.476736 -0.973624 0.182872 0.136436 -0.200361 0.185853 0.288799 0.939177 0.470103 
1535386738530 0.132346 0.939762 -0.315168 -0.476736 -0.973624 0.182871 0.136436 -0.200361 0.185853 0.288799 0.939177 0.470103 
1535386738755 0.132346 0.939762 -0.315168 -0.476736 -0.973624 0.182872 0.136436 -0.200361 0.185853 0.288799 0.939177 0.470103 
1535386738782 0.132346 0.939763 -0.315168 -0.476736 -0.973624 0.182871 0.136436 -0.200361 0.185852 0.288798 0.939178 0.470103 
1535386738930 0.132346 0.939763 -0.315168 -0.476736 -0.973624 0.182871 0.136436 -0.200361 0.185852 0.288798 0.939178 0.470103 
1535386739106 0.132347 0.939762 -0.315168 -0.476736 -0.973624 0.182872 0.136435 -0.200361 0.185852 0.288798 0.939178 0.470103 
1535386739274 0.132348 0.939762 -0.315168 -0.476736 -0.973624 0.182873 0.136435 -0.200361 0.185852 0.288798 0.939178 0.470103 
1535386739455 0.132348 0.939762 -0.315168 -0.476736 -0.973624 0.182873 0.136435 -0.200361 0.185852 0.288798 0.939178 0.470103 
1535386739621 0.132348 0.939762 -0.315168 -0.476736 -0.973624 0.182873 0.136435 -0.200361 0.185852 0.288798 0.939178 0.470103 
