1535150926207 0.262365 0.929761 -0.258281 -0.601295 -0.936492 0.309876 0.164194 -0.230287 0.232696 0.198799 0.952014 0.381836 
1535150929402 0.262368 0.92976 -0.258281 -0.601294 -0.936491 0.309879 0.164193 -0.230289 0.232696 0.198799 0.952014 0.381836 
1535150930182 0.261312 0.929165 -0.261473 -0.607746 -0.936613 0.309577 0.164069 -0.232931 0.233394 0.202026 0.951164 0.380214 
1535150930945 0.260233 0.928948 -0.263315 -0.611165 -0.936815 0.308951 0.164098 -0.234157 0.23379 0.203973 0.950651 0.379207 
1535150931747 0.257309 0.928319 -0.268358 -0.621324 -0.937391 0.307239 0.164019 -0.237951 0.234712 0.209353 0.949253 0.376503 
1535150932552 0.256229 0.928104 -0.27013 -0.624724 -0.937591 0.306601 0.164069 -0.23919 0.235095 0.211232 0.948742 0.375553 
1535150933117 0.254234 0.92763 -0.273619 -0.631546 -0.937975 0.30545 0.164024 -0.241662 0.23573 0.214947 0.947749 0.373659 
1535150933145 0.254234 0.92763 -0.273619 -0.631546 -0.937975 0.30545 0.164024 -0.241662 0.23573 0.214947 0.947749 0.373659 
1535150933436 0.253485 0.927805 -0.273723 -0.63185 -0.938204 0.304726 0.164056 -0.241537 0.235623 0.215222 0.947714 0.373493 
1535150933804 0.25147 0.927055 -0.278086 -0.631008 -0.937788 0.304452 0.166923 -0.241725 0.239411 0.218809 0.945941 0.374092 
1535150934332 0.249145 0.926694 -0.281363 -0.630609 -0.937749 0.303427 0.168995 -0.241718 0.241979 0.221743 0.944604 0.374384 
1535150934724 0.247746 0.926399 -0.283559 -0.63067 -0.937658 0.302917 0.170408 -0.242069 0.24376 0.223663 0.943692 0.374509 
1535150935385 0.244771 0.925765 -0.288176 -0.631885 -0.93745 0.301845 0.173425 -0.242991 0.247536 0.227702 0.941742 0.374891 
1535150935819 0.243441 0.92561 -0.289797 -0.632312 -0.937491 0.301164 0.174388 -0.243285 0.248692 0.229228 0.941067 0.374964 
1535150935848 0.242842 0.925477 -0.290724 -0.632587 -0.937448 0.300951 0.174982 -0.243372 0.249436 0.230046 0.94067 0.375044 
1535150936132 0.243173 0.925735 -0.289622 -0.632558 -0.937647 0.300796 0.174184 -0.243509 0.248366 0.229207 0.941158 0.375041 
1535150936679 0.242374 0.926426 -0.288079 -0.633518 -0.938345 0.299292 0.173013 -0.243809 0.246504 0.228383 0.941848 0.375017 
1535150937143 0.242011 0.926785 -0.287229 -0.634142 -0.938757 0.298492 0.172156 -0.244242 0.245287 0.227975 0.942264 0.375016 
1535150937449 0.241879 0.927302 -0.285666 -0.634392 -0.939233 0.297666 0.170988 -0.244611 0.24359 0.226949 0.942952 0.37491 
1535150937943 0.241356 0.928293 -0.282876 -0.634944 -0.940092 0.295979 0.169184 -0.244972 0.240778 0.225096 0.944117 0.374701 
1535150937973 0.240779 0.928525 -0.282608 -0.635042 -0.940344 0.295281 0.169001 -0.244751 0.240371 0.225056 0.944231 0.374585 
1535150938189 0.241522 0.928533 -0.281946 -0.635065 -0.940271 0.29576 0.168569 -0.244955 0.23991 0.224393 0.944506 0.374536 
1535150938485 0.242697 0.928568 -0.28082 -0.635014 -0.940197 0.296466 0.167744 -0.24507 0.239016 0.223315 0.944988 0.374318 
1535150938718 0.243234 0.928859 -0.27939 -0.635056 -0.940276 0.296518 0.167207 -0.244959 0.238156 0.222034 0.945507 0.374265 
1535150938877 0.244302 0.929117 -0.277593 -0.635074 -0.940333 0.296906 0.166196 -0.245138 0.236835 0.220428 0.946214 0.374146 
1535150939142 0.244299 0.929239 -0.277189 -0.635072 -0.940416 0.296753 0.165996 -0.24499 0.236506 0.220121 0.946368 0.374059 
1535150939416 0.247117 0.928644 -0.276684 -0.634326 -0.939693 0.299347 0.165432 -0.244557 0.236452 0.219117 0.946614 0.374349 
1535150939779 0.248768 0.928293 -0.276382 -0.633921 -0.939344 0.300793 0.164792 -0.244468 0.236109 0.218623 0.946814 0.374312 
1535150939958 0.250267 0.9281 -0.275676 -0.63355 -0.939049 0.302008 0.164252 -0.244212 0.235698 0.217766 0.947114 0.374454 
1535150939985 0.250267 0.9281 -0.275676 -0.63355 -0.939049 0.302008 0.164252 -0.244212 0.235698 0.217766 0.947114 0.374454 
1535150940249 0.250669 0.928056 -0.275459 -0.633379 -0.938972 0.302326 0.164105 -0.244105 0.235577 0.217512 0.947202 0.374485 
1535150940452 0.250551 0.92803 -0.275651 -0.633049 -0.93896 0.302287 0.164246 -0.243948 0.235751 0.217674 0.947122 0.37462 
1535150940770 0.250616 0.927931 -0.275928 -0.63232 -0.93892 0.302419 0.164233 -0.24364 0.235842 0.217915 0.947044 0.374813 
1535150941055 0.251179 0.927679 -0.276263 -0.631251 -0.938709 0.303073 0.164231 -0.243276 0.236081 0.218079 0.946946 0.375095 
1535150941244 0.251524 0.927542 -0.276408 -0.630536 -0.938553 0.303489 0.164358 -0.242978 0.236336 0.218083 0.946882 0.375364 
1535150941276 0.251838 0.927402 -0.276592 -0.630314 -0.938453 0.303836 0.164286 -0.243035 0.236398 0.218195 0.94684 0.375399 
1535150941314 0.251838 0.927402 -0.276592 -0.630314 -0.938453 0.303836 0.164286 -0.243035 0.236398 0.218195 0.94684 0.375399 
1535150941453 0.251838 0.927402 -0.276592 -0.630314 -0.938453 0.303836 0.164286 -0.243035 0.236398 0.218195 0.94684 0.375399 
1535150941520 0.251838 0.927402 -0.276592 -0.630314 -0.938453 0.303836 0.164286 -0.243035 0.236398 0.218195 0.94684 0.375399 
1535150941627 0.251246 0.927554 -0.27662 -0.629847 -0.938633 0.303255 0.164331 -0.242568 0.236313 0.218357 0.946824 0.375514 
1535150941847 0.251246 0.927554 -0.27662 -0.629847 -0.938633 0.303255 0.164331 -0.242568 0.236313 0.218357 0.946824 0.375514 
1535150941917 0.251246 0.927554 -0.27662 -0.629847 -0.938633 0.303255 0.164331 -0.242568 0.236313 0.218357 0.946824 0.375514 
1535150942077 0.250753 0.927525 -0.277164 -0.627538 -0.938688 0.302951 0.164579 -0.241553 0.236618 0.218902 0.946622 0.376223 
1535150942094 0.250753 0.927525 -0.277164 -0.627538 -0.938688 0.302951 0.164579 -0.241553 0.236618 0.218902 0.946622 0.376223 
1535150942297 0.250753 0.927525 -0.277164 -0.627538 -0.938688 0.302951 0.164579 -0.241553 0.236618 0.218902 0.946622 0.376223 
1535150942366 0.251326 0.92722 -0.277665 -0.626549 -0.938496 0.303623 0.164434 -0.241353 0.236772 0.219261 0.946501 0.376475 
1535150942617 0.251326 0.92722 -0.277665 -0.626549 -0.938496 0.303623 0.164434 -0.241353 0.236772 0.219261 0.946501 0.376475 
1535150942736 0.25049 0.927128 -0.278726 -0.625377 -0.938066 0.303616 0.166882 -0.240861 0.239346 0.219661 0.94576 0.376842 
1535150942857 0.25049 0.927128 -0.278726 -0.625377 -0.938066 0.303616 0.166882 -0.240861 0.239346 0.219661 0.94576 0.376842 
1535150942969 0.250358 0.926968 -0.279377 -0.62454 -0.937671 0.304001 0.168393 -0.240663 0.241026 0.219805 0.9453 0.377189 
1535150943203 0.250358 0.926968 -0.279377 -0.62454 -0.937671 0.304001 0.168393 -0.240663 0.241026 0.219805 0.9453 0.377189 
1535150943464 0.249891 0.926874 -0.280104 -0.623966 -0.937549 0.303911 0.169232 -0.240387 0.241984 0.220322 0.944935 0.377381 
1535150943785 0.24954 0.926398 -0.281987 -0.622536 -0.936858 0.304634 0.171743 -0.24006 0.245005 0.221325 0.943921 0.377953 
1535150944045 0.249221 0.925936 -0.28378 -0.621154 -0.936211 0.305323 0.17403 -0.239599 0.247785 0.222306 0.942965 0.378484 
1535150944232 0.248692 0.925857 -0.284502 -0.620627 -0.936078 0.3052 0.17496 -0.239291 0.248818 0.222805 0.942575 0.378637 
1535150944473 0.248666 0.92584 -0.284579 -0.620558 -0.936047 0.305223 0.175083 -0.23927 0.248959 0.222843 0.942529 0.378669 
1535150944751 0.248817 0.925829 -0.284482 -0.620059 -0.935979 0.305375 0.175186 -0.23906 0.249066 0.22268 0.942539 0.378714 
1535150945054 0.249034 0.925873 -0.284149 -0.618864 -0.935817 0.305611 0.175635 -0.23854 0.249455 0.222173 0.942556 0.37909 
1535150945303 0.249426 0.925741 -0.284237 -0.618513 -0.935608 0.306095 0.175907 -0.238593 0.249848 0.222058 0.942479 0.379283 
1535150945384 0.249656 0.925667 -0.284275 -0.618079 -0.935535 0.306331 0.175883 -0.238544 0.249891 0.222039 0.942472 0.379317 
1535150945401 0.249656 0.925667 -0.284275 -0.618079 -0.935535 0.306331 0.175883 -0.238544 0.249891 0.222039 0.942472 0.379317 
1535150945591 0.249853 0.925597 -0.28433 -0.617884 -0.935507 0.306508 0.175726 -0.238388 0.249801 0.222087 0.942484 0.379414 
1535150945788 0.249853 0.925597 -0.28433 -0.617884 -0.935507 0.306508 0.175726 -0.238388 0.249801 0.222087 0.942484 0.379414 
1535150945867 0.249853 0.925597 -0.28433 -0.617884 -0.935507 0.306508 0.175726 -0.238388 0.249801 0.222087 0.942484 0.379414 
1535150946048 0.25042 0.925363 -0.284591 -0.617195 -0.935634 0.30685 0.174446 -0.237974 0.248753 0.222589 0.942643 0.379716 
1535150946113 0.25042 0.925363 -0.284591 -0.617195 -0.935634 0.30685 0.174446 -0.237974 0.248753 0.222589 0.942643 0.379716 
1535150946203 0.250839 0.925165 -0.284868 -0.616463 -0.935732 0.307112 0.173456 -0.237575 0.247962 0.223051 0.942743 0.379928 
1535150946220 0.250839 0.925165 -0.284868 -0.616463 -0.935732 0.307112 0.173456 -0.237575 0.247962 0.223051 0.942743 0.379928 
1535150946394 0.25124 0.925062 -0.284848 -0.616148 -0.93575 0.307379 0.172887 -0.237379 0.247488 0.22311 0.942853 0.380123 
1535150946618 0.251365 0.924969 -0.285042 -0.615979 -0.935712 0.307538 0.17281 -0.237347 0.247506 0.223279 0.942808 0.380099 
1535150946806 0.251198 0.925039 -0.284962 -0.615892 -0.935752 0.307368 0.172895 -0.237105 0.247523 0.223222 0.942817 0.380101 
1535150946985 0.251439 0.924958 -0.285012 -0.615441 -0.935745 0.307555 0.1726 -0.23687 0.247305 0.2233 0.942856 0.380119 
1535150947012 0.251439 0.924958 -0.285012 -0.615441 -0.935745 0.307555 0.1726 -0.23687 0.247305 0.2233 0.942856 0.380119 
1535150947028 0.251949 0.924744 -0.285253 -0.615206 -0.935625 0.308071 0.172329 -0.236906 0.247238 0.223472 0.942833 0.380159 
1535150947052 0.251957 0.924741 -0.285256 -0.615204 -0.935625 0.308078 0.17232 -0.236911 0.247233 0.223475 0.942833 0.380158 
1535150947072 0.251957 0.924741 -0.285256 -0.615204 -0.935625 0.308078 0.17232 -0.236911 0.247233 0.223475 0.942833 0.380158 
1535150947178 0.251957 0.924741 -0.285256 -0.615204 -0.935625 0.308078 0.17232 -0.236911 0.247233 0.223475 0.942833 0.380158 
1535150947258 0.251957 0.924741 -0.285256 -0.615204 -0.935625 0.308078 0.17232 -0.236911 0.247233 0.223475 0.942833 0.380158 
1535150947285 0.251957 0.924741 -0.285256 -0.615204 -0.935625 0.308078 0.17232 -0.236911 0.247233 0.223475 0.942833 0.380158 
1535150947302 0.251493 0.924953 -0.284981 -0.61484 -0.935772 0.307564 0.172441 -0.236502 0.247149 0.223309 0.942895 0.38024 
1535150947629 0.251743 0.924944 -0.284786 -0.613692 -0.935636 0.307828 0.172704 -0.236055 0.247407 0.222979 0.942905 0.380501 
1535150947645 0.251882 0.92491 -0.284776 -0.613564 -0.935595 0.307962 0.172688 -0.236039 0.247421 0.222938 0.942911 0.380514 
1535150947665 0.251882 0.92491 -0.284776 -0.613564 -0.935595 0.307962 0.172688 -0.236039 0.247421 0.222938 0.942911 0.380514 
1535150947682 0.251882 0.92491 -0.284776 -0.613564 -0.935595 0.307962 0.172688 -0.236039 0.247421 0.222938 0.942911 0.380514 
1535150947699 0.251882 0.92491 -0.284776 -0.613564 -0.935595 0.307962 0.172688 -0.236039 0.247421 0.222938 0.942911 0.380514 
1535150947715 0.251882 0.92491 -0.284776 -0.613564 -0.935595 0.307962 0.172688 -0.236039 0.247421 0.222938 0.942911 0.380514 
1535150947738 0.251882 0.92491 -0.284776 -0.613564 -0.935595 0.307962 0.172688 -0.236039 0.247421 0.222938 0.942911 0.380514 
1535150947841 0.251882 0.92491 -0.284776 -0.613564 -0.935595 0.307962 0.172688 -0.236039 0.247421 0.222938 0.942911 0.380514 
1535150947864 0.251932 0.924935 -0.28465 -0.613385 -0.935548 0.308017 0.172848 -0.235885 0.24755 0.222757 0.94292 0.380633 
1535150948404 0.252743 0.92512 -0.283328 -0.611199 -0.935718 0.308194 0.171606 -0.235163 0.246076 0.221743 0.943545 0.381155 
1535150948685 0.252961 0.925178 -0.282944 -0.610785 -0.935687 0.308306 0.171572 -0.234727 0.245968 0.221346 0.943666 0.381252 
1535150948944 0.253645 0.925186 -0.282304 -0.609887 -0.935621 0.308733 0.171162 -0.234248 0.245513 0.220715 0.943932 0.381298 
1535150949136 0.253645 0.925186 -0.282304 -0.609887 -0.935621 0.308733 0.171162 -0.234248 0.245513 0.220715 0.943932 0.381298 
1535150949173 0.254683 0.925166 -0.281432 -0.608834 -0.935449 0.309465 0.170782 -0.233739 0.245095 0.21977 0.944261 0.381502 
1535150949407 0.254683 0.925166 -0.281432 -0.608834 -0.935449 0.309465 0.170782 -0.233739 0.245095 0.21977 0.944261 0.381502 
1535150949684 0.254762 0.925179 -0.28132 -0.60843 -0.935346 0.309593 0.171117 -0.233527 0.245408 0.219538 0.944234 0.381618 
1535150949956 0.255294 0.925041 -0.28129 -0.607635 -0.934982 0.310291 0.171838 -0.233224 0.246239 0.219132 0.944112 0.381764 
1535150950211 0.25555 0.924991 -0.281224 -0.606841 -0.934706 0.310705 0.172587 -0.232851 0.247019 0.218757 0.943995 0.381906 
1535150950415 0.256161 0.924855 -0.281113 -0.606007 -0.934261 0.311514 0.173538 -0.232624 0.248068 0.218179 0.943854 0.382182 
1535150950468 0.256141 0.924892 -0.281011 -0.605532 -0.934123 0.311601 0.174122 -0.232332 0.248608 0.217899 0.943777 0.382289 
1535150950676 0.256141 0.924892 -0.281011 -0.605532 -0.934123 0.311601 0.174122 -0.232332 0.248608 0.217899 0.943777 0.382289 
1535150950884 0.256278 0.924958 -0.280668 -0.605233 -0.934105 0.31165 0.174132 -0.232213 0.248535 0.217547 0.943877 0.382376 
1535150951077 0.256607 0.925205 -0.279552 -0.604241 -0.934122 0.311661 0.174021 -0.231731 0.248131 0.216481 0.944228 0.382554 
1535150951278 0.257197 0.925308 -0.278666 -0.603506 -0.934077 0.311956 0.173733 -0.231532 0.247688 0.215612 0.944543 0.382783 
1535150951346 0.257197 0.925308 -0.278666 -0.603506 -0.934077 0.311956 0.173733 -0.231532 0.247688 0.215612 0.944543 0.382783 
1535150951516 0.257274 0.925529 -0.277859 -0.602737 -0.934153 0.311794 0.173616 -0.231179 0.247321 0.214896 0.944803 0.382903 
1535150951724 0.25747 0.92558 -0.277508 -0.602588 -0.934144 0.311876 0.173518 -0.231115 0.247152 0.214556 0.944924 0.382913 
1535150952036 0.257889 0.926336 -0.274581 -0.601966 -0.934433 0.311379 0.17285 -0.230806 0.245616 0.212002 0.945901 0.382946 
1535150952416 0.258434 0.926842 -0.272353 -0.601349 -0.934664 0.311157 0.172 -0.230499 0.244161 0.210108 0.9467 0.382877 
1535150952586 0.258434 0.926842 -0.272353 -0.601349 -0.934664 0.311157 0.172 -0.230499 0.244161 0.210108 0.9467 0.382877 
1535150952848 0.259047 0.927029 -0.271132 -0.601192 -0.934634 0.311398 0.171727 -0.230457 0.243626 0.208924 0.947099 0.382855 
1535150953099 0.260238 0.927619 -0.267954 -0.60085 -0.934962 0.31139 0.169948 -0.230098 0.241085 0.2063 0.948324 0.382657 
1535150953278 0.260238 0.927619 -0.267954 -0.60085 -0.934962 0.31139 0.169948 -0.230098 0.241085 0.2063 0.948324 0.382657 
1535150953329 0.2609 0.927855 -0.266489 -0.600658 -0.934993 0.311573 0.169442 -0.230028 0.240248 0.204958 0.948827 0.38264 
1535150953358 0.261197 0.927836 -0.266264 -0.600624 -0.93496 0.311774 0.169254 -0.230017 0.240054 0.204737 0.948924 0.382584 
1535150953692 0.261888 0.928325 -0.26387 -0.60077 -0.935099 0.311718 0.168586 -0.22987 0.238756 0.202594 0.949711 0.382398 
1535150954084 0.262639 0.928621 -0.262076 -0.600834 -0.935218 0.311835 0.167706 -0.229793 0.23746 0.201052 0.950363 0.38224 
1535150954316 0.263679 0.929087 -0.259366 -0.600935 -0.935351 0.311987 0.166681 -0.229678 0.23578 0.198648 0.951287 0.381936 
1535150954349 0.263599 0.929273 -0.258779 -0.600962 -0.935548 0.311659 0.16619 -0.229526 0.235087 0.198293 0.951533 0.381845 
1535150954523 0.263599 0.929273 -0.258779 -0.600962 -0.935548 0.311659 0.16619 -0.229526 0.235087 0.198293 0.951533 0.381845 
1535150954537 0.263599 0.929273 -0.258779 -0.600962 -0.935548 0.311659 0.16619 -0.229526 0.235087 0.198293 0.951533 0.381845 
1535150954560 0.263599 0.929273 -0.258779 -0.600962 -0.935548 0.311659 0.16619 -0.229526 0.235087 0.198293 0.951533 0.381845 
1535150954575 0.263599 0.929273 -0.258779 -0.600962 -0.935548 0.311659 0.16619 -0.229526 0.235087 0.198293 0.951533 0.381845 
1535150954675 0.263599 0.929273 -0.258779 -0.600962 -0.935548 0.311659 0.16619 -0.229526 0.235087 0.198293 0.951533 0.381845 
1535150954690 0.263599 0.929273 -0.258779 -0.600962 -0.935548 0.311659 0.16619 -0.229526 0.235087 0.198293 0.951533 0.381845 
1535150954709 0.263599 0.929273 -0.258779 -0.600962 -0.935548 0.311659 0.16619 -0.229526 0.235087 0.198293 0.951533 0.381845 
1535150954748 0.263599 0.929273 -0.258779 -0.600962 -0.935548 0.311659 0.16619 -0.229526 0.235087 0.198293 0.951533 0.381845 
1535150959248 0.214464 0.919718 -0.328821 -0.472373 -0.943805 0.281813 0.172667 -0.171363 0.251472 0.273312 0.928473 0.473979 
1535150960550 0.214468 0.919717 -0.328822 -0.472374 -0.943803 0.281818 0.172668 -0.171364 0.251473 0.273311 0.928473 0.473979 
1535150960581 0.214494 0.919703 -0.328845 -0.472379 -0.943793 0.281852 0.17267 -0.171367 0.25149 0.273325 0.928464 0.473979 
1535150960960 0.214496 0.919702 -0.328846 -0.472379 -0.943792 0.281854 0.17267 -0.171367 0.251492 0.273325 0.928464 0.473979 
1535150961158 0.214511 0.919697 -0.328851 -0.47238 -0.943787 0.281871 0.172672 -0.171367 0.2515 0.273325 0.928462 0.473979 
1535150961363 0.21452 0.919694 -0.328854 -0.47238 -0.943783 0.281881 0.172673 -0.171367 0.251504 0.273325 0.928461 0.473979 
1535150961418 0.214522 0.919693 -0.328855 -0.47238 -0.943783 0.281884 0.172673 -0.171367 0.251505 0.273325 0.92846 0.473979 
1535150961728 0.214526 0.919692 -0.328856 -0.472381 -0.943781 0.281888 0.172674 -0.171367 0.251507 0.273325 0.92846 0.473979 
1535150961965 0.214533 0.919689 -0.328859 -0.472381 -0.943778 0.281897 0.172675 -0.171367 0.251512 0.273325 0.928458 0.473979 
1535150962505 0.214536 0.919688 -0.32886 -0.472381 -0.943777 0.281901 0.172676 -0.171367 0.251513 0.273325 0.928458 0.473979 
1535150962802 0.214542 0.919685 -0.328863 -0.472382 -0.943775 0.281908 0.172677 -0.171367 0.251518 0.273326 0.928457 0.473979 
1535150963140 0.214544 0.919684 -0.328865 -0.472382 -0.943774 0.281911 0.172678 -0.171367 0.25152 0.273327 0.928456 0.473979 
1535150963468 0.214546 0.919683 -0.328866 -0.472382 -0.943773 0.281913 0.172678 -0.171367 0.251521 0.273328 0.928455 0.473979 
1535150963834 0.214547 0.919682 -0.328868 -0.472382 -0.943772 0.281915 0.172679 -0.171367 0.251523 0.273328 0.928455 0.473979 
1535150964250 0.214549 0.919681 -0.32887 -0.472383 -0.943771 0.281918 0.17268 -0.171367 0.251525 0.273329 0.928454 0.473979 
1535150964684 0.214551 0.91968 -0.328871 -0.472383 -0.94377 0.28192 0.172681 -0.171366 0.251527 0.27333 0.928453 0.473979 
1535150965358 0.214552 0.919679 -0.328873 -0.472383 -0.94377 0.281922 0.172682 -0.171366 0.251528 0.273331 0.928452 0.473978 
1535150965889 0.214553 0.919678 -0.328875 -0.472383 -0.943769 0.281924 0.172683 -0.171366 0.251531 0.273333 0.928451 0.473978 
1535150965927 0.214554 0.919678 -0.328876 -0.472384 -0.943768 0.281926 0.172684 -0.171366 0.251532 0.273333 0.928451 0.473979 
1535150966598 0.214554 0.919677 -0.328877 -0.472384 -0.943768 0.281926 0.172684 -0.171366 0.251533 0.273333 0.928451 0.473979 
1535150966633 0.214555 0.919677 -0.328878 -0.472384 -0.943767 0.281928 0.172685 -0.171366 0.251535 0.273334 0.92845 0.473979 
1535150967020 0.214555 0.919676 -0.328879 -0.472384 -0.943767 0.281928 0.172686 -0.171366 0.251535 0.273335 0.928449 0.473978 
1535150967477 0.214556 0.919676 -0.32888 -0.472384 -0.943766 0.28193 0.172686 -0.171366 0.251537 0.273336 0.928449 0.473978 
1535150967768 0.214557 0.919675 -0.328882 -0.472384 -0.943766 0.281931 0.172687 -0.171366 0.251538 0.273336 0.928448 0.473978 
1535150968169 0.214557 0.919675 -0.328883 -0.472384 -0.943766 0.281932 0.172688 -0.171366 0.251539 0.273337 0.928448 0.473978 
1535150968551 0.214557 0.919674 -0.328883 -0.472385 -0.943765 0.281932 0.172688 -0.171366 0.25154 0.273337 0.928447 0.473978 
1535150969028 0.214558 0.919674 -0.328884 -0.472385 -0.943765 0.281933 0.172689 -0.171366 0.251541 0.273338 0.928447 0.473978 
1535150969483 0.220752 0.919673 -0.32476 -0.484849 -0.942123 0.287214 0.172951 -0.177236 0.252334 0.267785 0.929849 0.46562 
1535150970326 0.220752 0.919673 -0.32476 -0.484849 -0.942123 0.287214 0.172951 -0.177236 0.252334 0.267785 0.929849 0.46562 
1535150970793 0.231994 0.91994 -0.316051 -0.510447 -0.939206 0.296399 0.173323 -0.188964 0.253124 0.256627 0.932776 0.447926 
1535150971296 0.231994 0.91994 -0.316051 -0.510447 -0.939206 0.296399 0.173323 -0.188964 0.253124 0.256627 0.932776 0.447926 
