1535117562128 0.208432 0.91846 -0.336136 -0.548011 -0.944812 0.277906 0.173491 -0.223341 0.252758 0.281424 0.925696 0.447018 
1535117566799 0.208432 0.91846 -0.336136 -0.548011 -0.944812 0.277906 0.173491 -0.223341 0.252759 0.281424 0.925696 0.447019 
1535117567646 0.208432 0.91846 -0.336136 -0.548011 -0.944812 0.277906 0.173491 -0.223341 0.252759 0.281424 0.925696 0.447019 
1535117568237 0.218144 0.920252 -0.324884 -0.566104 -0.943129 0.284356 0.17219 -0.229325 0.250841 0.268845 0.929947 0.432824 
1535117569266 0.218144 0.920252 -0.324884 -0.566104 -0.943129 0.284356 0.17219 -0.229325 0.250841 0.268845 0.929947 0.432824 
1535117570155 0.235709 0.923592 -0.302357 -0.60315 -0.939841 0.295799 0.170887 -0.240701 0.247267 0.243888 0.937751 0.403352 
1535117570769 0.248968 0.925482 -0.285477 -0.630879 -0.937218 0.304542 0.169929 -0.24929 0.244206 0.225248 0.9432 0.381109 
1535117570798 0.248968 0.925482 -0.285477 -0.630879 -0.937218 0.304542 0.169929 -0.24929 0.244206 0.225248 0.9432 0.381109 
1535117571126 0.247976 0.925831 -0.28521 -0.631089 -0.937363 0.303656 0.170717 -0.248914 0.24466 0.225012 0.943139 0.380903 
1535117571362 0.249962 0.925425 -0.284794 -0.632534 -0.936969 0.305351 0.169851 -0.249936 0.244147 0.224387 0.943421 0.379726 
1535117571620 0.249962 0.925425 -0.284794 -0.632534 -0.936969 0.305351 0.169851 -0.249936 0.244147 0.224387 0.943421 0.379726 
1535117571939 0.250917 0.925565 -0.283495 -0.634426 -0.936748 0.305993 0.169916 -0.250491 0.244016 0.222929 0.9438 0.378215 
1535117572268 0.251275 0.925858 -0.282219 -0.636358 -0.936699 0.306058 0.170072 -0.250879 0.243838 0.22162 0.944155 0.376661 
1535117572498 0.251275 0.925858 -0.282219 -0.636358 -0.936699 0.306058 0.170072 -0.250879 0.243838 0.22162 0.944155 0.376661 
1535117572582 0.252427 0.926208 -0.280036 -0.63929 -0.936465 0.306689 0.170224 -0.251657 0.243546 0.219275 0.944777 0.374359 
1535117573106 0.250893 0.925603 -0.283393 -0.639041 -0.936413 0.306262 0.171272 -0.251901 0.245323 0.222402 0.943586 0.374968 
1535117574219 0.248386 0.924836 -0.288067 -0.63884 -0.9363 0.305452 0.173323 -0.252132 0.248286 0.226666 0.941794 0.375929 
1535117574887 0.246317 0.925641 -0.287257 -0.639185 -0.936794 0.303376 0.174301 -0.252741 0.248487 0.226167 0.941861 0.375917 
1535117575953 0.244079 0.926566 -0.286182 -0.639529 -0.937259 0.301149 0.175656 -0.253151 0.24894 0.225352 0.941937 0.375998 
1535117576474 0.243322 0.927098 -0.285104 -0.639708 -0.937554 0.300134 0.175818 -0.253342 0.24857 0.22452 0.942233 0.375808 
1535117576679 0.243109 0.927316 -0.284577 -0.639743 -0.937683 0.299764 0.17576 -0.253637 0.248291 0.224114 0.942404 0.375765 
1535117576941 0.24163 0.928392 -0.282319 -0.640081 -0.938199 0.297805 0.176335 -0.254034 0.247784 0.222264 0.942975 0.375537 
1535117577335 0.241375 0.928584 -0.281904 -0.640185 -0.938295 0.297457 0.176417 -0.254201 0.247672 0.221926 0.943084 0.375424 
1535117577365 0.241375 0.928584 -0.281904 -0.640185 -0.938295 0.297457 0.176417 -0.254201 0.247672 0.221926 0.943084 0.375424 
1535117577850 0.242435 0.928531 -0.281169 -0.640071 -0.93789 0.298445 0.176897 -0.254186 0.248167 0.22082 0.943213 0.375293 
1535117579061 0.245856 0.927812 -0.280571 -0.638972 -0.937168 0.301446 0.175631 -0.253619 0.24753 0.219762 0.943628 0.375439 
1535117579645 0.248097 0.927249 -0.280459 -0.638368 -0.936662 0.303489 0.174809 -0.25343 0.247207 0.219326 0.943814 0.375417 
1535117579679 0.248097 0.927249 -0.280459 -0.638368 -0.936662 0.303489 0.174809 -0.25343 0.247207 0.219326 0.943814 0.375417 
1535117580089 0.24865 0.927162 -0.280256 -0.638193 -0.936542 0.303956 0.174644 -0.253313 0.247109 0.219046 0.943905 0.375475 
1535117580855 0.250124 0.926914 -0.279766 -0.635714 -0.936387 0.30506 0.173543 -0.252343 0.246205 0.218562 0.944253 0.376308 
1535117581649 0.25042 0.926842 -0.279738 -0.635328 -0.936373 0.30528 0.173234 -0.252278 0.245959 0.218557 0.944318 0.376348 
1535117581676 0.250774 0.926765 -0.279678 -0.635099 -0.936293 0.305593 0.173111 -0.252262 0.245901 0.218449 0.944358 0.376504 
1535117581997 0.250549 0.926825 -0.279679 -0.635095 -0.936314 0.305414 0.173318 -0.252147 0.246053 0.218443 0.94432 0.376485 
1535117582296 0.250319 0.926874 -0.279725 -0.63412 -0.936162 0.305392 0.174173 -0.25177 0.246862 0.218269 0.944149 0.376768 
1535117582677 0.250158 0.926889 -0.279819 -0.632754 -0.93586 0.30556 0.175499 -0.251128 0.248169 0.217969 0.943876 0.377333 
1535117582988 0.250228 0.926706 -0.280362 -0.63182 -0.93559 0.30595 0.176257 -0.250809 0.249115 0.2182 0.943573 0.377483 
1535117583074 0.250418 0.926592 -0.280568 -0.631367 -0.93541 0.306284 0.176629 -0.250618 0.249596 0.218215 0.943443 0.377606 
1535117583279 0.250378 0.92662 -0.280509 -0.631264 -0.935403 0.30625 0.176725 -0.250556 0.249663 0.218141 0.943442 0.377669 
1535117583565 0.249769 0.926712 -0.28075 -0.63017 -0.934928 0.30627 0.179191 -0.250122 0.252043 0.217724 0.942905 0.377994 
1535117583870 0.249939 0.926665 -0.280752 -0.629778 -0.93461 0.306667 0.180165 -0.250091 0.25305 0.217363 0.942719 0.378203 
1535117584245 0.249626 0.92669 -0.28095 -0.629056 -0.934317 0.306729 0.181575 -0.249833 0.254439 0.21717 0.94239 0.37837 
1535117584439 0.249447 0.926701 -0.281072 -0.628345 -0.933947 0.306938 0.183118 -0.249556 0.255967 0.216828 0.942054 0.378604 
1535117584468 0.249575 0.926608 -0.281266 -0.628098 -0.933683 0.307293 0.183869 -0.249547 0.256805 0.216724 0.94185 0.378673 
1535117584672 0.249573 0.926609 -0.281262 -0.628099 -0.933682 0.307291 0.183874 -0.249545 0.256809 0.216719 0.94185 0.378676 
1535117584893 0.249346 0.926588 -0.281533 -0.627853 -0.933845 0.307043 0.183464 -0.249328 0.256439 0.217162 0.941849 0.378791 
1535117585119 0.24951 0.92637 -0.282106 -0.627121 -0.933724 0.307377 0.183519 -0.249131 0.25672 0.217619 0.941667 0.379043 
1535117585393 0.249317 0.926157 -0.282975 -0.626111 -0.933584 0.307528 0.183976 -0.248622 0.257413 0.218313 0.941317 0.379467 
1535117585562 0.249317 0.926157 -0.282975 -0.626111 -0.933584 0.307528 0.183976 -0.248622 0.257413 0.218313 0.941317 0.379467 
1535117585596 0.249291 0.925852 -0.283992 -0.625406 -0.933487 0.307794 0.184026 -0.248408 0.257792 0.219227 0.941001 0.379516 
1535117585839 0.249291 0.925783 -0.284219 -0.625286 -0.933439 0.30788 0.184124 -0.248285 0.257964 0.2194 0.940913 0.379564 
1535117586087 0.249106 0.925709 -0.284622 -0.624774 -0.933459 0.307809 0.184143 -0.247993 0.258072 0.219812 0.940788 0.379813 
1535117586352 0.249232 0.92549 -0.285222 -0.624205 -0.933469 0.308011 0.183755 -0.247755 0.257915 0.220448 0.940682 0.379928 
1535117586603 0.249309 0.925302 -0.285763 -0.623615 -0.933415 0.30822 0.183675 -0.247516 0.258033 0.220943 0.940533 0.380151 
1535117586786 0.249321 0.925155 -0.28623 -0.623041 -0.933404 0.308331 0.183546 -0.247246 0.258062 0.221406 0.940417 0.380432 
1535117586810 0.249321 0.925155 -0.28623 -0.623041 -0.933404 0.308331 0.183546 -0.247246 0.258062 0.221406 0.940417 0.380432 
1535117586826 0.249607 0.924936 -0.286688 -0.622848 -0.93334 0.308683 0.183279 -0.247303 0.258017 0.22183 0.940329 0.380442 
1535117587093 0.24956 0.925164 -0.285993 -0.62241 -0.933152 0.308672 0.184252 -0.247016 0.258742 0.220893 0.94035 0.380538 
1535117587476 0.249694 0.925136 -0.285964 -0.621981 -0.93294 0.308944 0.184867 -0.246874 0.259374 0.220627 0.940239 0.380683 
1535117587757 0.250026 0.924961 -0.28624 -0.621754 -0.93274 0.30941 0.185099 -0.246888 0.259775 0.220708 0.940109 0.380612 
1535117588232 0.250837 0.925017 -0.28535 -0.620663 -0.932897 0.309686 0.183844 -0.246326 0.258427 0.220087 0.940626 0.380868 
1535117588610 0.251167 0.924985 -0.285164 -0.620471 -0.932849 0.309928 0.183678 -0.246208 0.25828 0.219881 0.940715 0.38091 
1535117588641 0.251539 0.92483 -0.285339 -0.620238 -0.93279 0.310283 0.18338 -0.246191 0.258131 0.220034 0.94072 0.380838 
1535117588664 0.251539 0.92483 -0.285339 -0.620238 -0.93279 0.310283 0.18338 -0.246191 0.258131 0.220034 0.94072 0.380838 
1535117588829 0.251539 0.92483 -0.285339 -0.620238 -0.93279 0.310283 0.18338 -0.246191 0.258131 0.220034 0.94072 0.380838 
1535117588845 0.251539 0.92483 -0.285339 -0.620238 -0.93279 0.310283 0.18338 -0.246191 0.258131 0.220034 0.94072 0.380838 
1535117588860 0.251539 0.92483 -0.285339 -0.620238 -0.93279 0.310283 0.18338 -0.246191 0.258131 0.220034 0.94072 0.380838 
1535117588886 0.251096 0.925079 -0.284921 -0.620134 -0.933058 0.30965 0.183082 -0.245976 0.257591 0.219877 0.940904 0.381027 
1535117589038 0.251096 0.925079 -0.284921 -0.620134 -0.933058 0.30965 0.183082 -0.245976 0.257591 0.219877 0.940904 0.381027 
1535117589273 0.2523 0.924958 -0.284249 -0.618526 -0.933573 0.309944 0.179931 -0.244965 0.25453 0.219971 0.941715 0.381318 
1535117589490 0.252952 0.924758 -0.284321 -0.618085 -0.933673 0.31034 0.178726 -0.244932 0.253515 0.220254 0.941923 0.381398 
1535117589933 0.253103 0.924889 -0.28376 -0.617204 -0.933341 0.310628 0.179959 -0.244438 0.254586 0.219297 0.941857 0.381789 
1535117590349 0.253259 0.924884 -0.283636 -0.616787 -0.933293 0.310757 0.179982 -0.244227 0.254604 0.219133 0.94189 0.381929 
1535117590381 0.253259 0.924884 -0.283636 -0.616787 -0.933293 0.310757 0.179982 -0.244227 0.254604 0.219133 0.94189 0.381929 
1535117590710 0.253569 0.924729 -0.283863 -0.616532 -0.933214 0.311093 0.179815 -0.244248 0.254588 0.21931 0.941854 0.3819 
1535117591001 0.253285 0.924995 -0.28325 -0.615514 -0.932819 0.311106 0.181829 -0.243726 0.256312 0.218167 0.941652 0.38236 
1535117591283 0.25385 0.924786 -0.283427 -0.614741 -0.932333 0.311962 0.182852 -0.243548 0.257518 0.217831 0.9414 0.38249 
1535117591546 0.253949 0.924757 -0.283433 -0.613583 -0.93181 0.312475 0.184635 -0.24313 0.259308 0.217218 0.94105 0.382706 
1535117591571 0.254036 0.924742 -0.283403 -0.613351 -0.931722 0.312606 0.184857 -0.243057 0.259538 0.217093 0.941016 0.382817 
1535117591588 0.254164 0.924678 -0.283497 -0.613331 -0.931661 0.312769 0.18489 -0.243107 0.259633 0.217131 0.940981 0.382799 
1535117591765 0.254164 0.924678 -0.283497 -0.613331 -0.931661 0.312769 0.18489 -0.243107 0.259633 0.217131 0.940981 0.382799 
1535117591787 0.254164 0.924678 -0.283497 -0.613331 -0.931661 0.312769 0.18489 -0.243107 0.259633 0.217131 0.940981 0.382799 
1535117591804 0.254183 0.924716 -0.283356 -0.613054 -0.931667 0.312749 0.18489 -0.242806 0.25959 0.216997 0.941023 0.382794 
1535117591985 0.254183 0.924716 -0.283356 -0.613054 -0.931667 0.312749 0.18489 -0.242806 0.25959 0.216997 0.941023 0.382794 
1535117592008 0.254183 0.924716 -0.283356 -0.613054 -0.931667 0.312749 0.18489 -0.242806 0.25959 0.216997 0.941023 0.382794 
1535117592039 0.254183 0.924716 -0.283356 -0.613054 -0.931667 0.312749 0.18489 -0.242806 0.25959 0.216997 0.941023 0.382794 
1535117592176 0.255016 0.924643 -0.282846 -0.611487 -0.931489 0.313399 0.184687 -0.242125 0.259413 0.21637 0.941217 0.383165 
1535117592455 0.255688 0.924548 -0.282551 -0.610346 -0.931288 0.313995 0.18469 -0.241575 0.259474 0.215913 0.941305 0.383469 
1535117592739 0.255297 0.924618 -0.282674 -0.610432 -0.93144 0.313609 0.184578 -0.241751 0.259314 0.216172 0.94129 0.38341 
1535117593082 0.254596 0.924888 -0.282424 -0.610273 -0.931469 0.313027 0.185419 -0.241601 0.259898 0.215862 0.9412 0.383519 
1535117593371 0.254812 0.924824 -0.282439 -0.60905 -0.931282 0.313342 0.185826 -0.241318 0.260356 0.21568 0.941115 0.38374 
1535117593597 0.254815 0.924853 -0.282339 -0.608837 -0.931261 0.313341 0.18593 -0.241237 0.260426 0.215554 0.941124 0.383802 
1535117593865 0.255162 0.925064 -0.281334 -0.607945 -0.931379 0.313294 0.185417 -0.240742 0.259663 0.214717 0.941526 0.383937 
1535117594205 0.255453 0.925145 -0.280802 -0.607269 -0.931479 0.313316 0.184876 -0.240436 0.259017 0.214335 0.941791 0.383964 
1535117594547 0.255614 0.925319 -0.280082 -0.606561 -0.931559 0.313223 0.184633 -0.240012 0.258573 0.213718 0.942054 0.384119 
1535117594625 0.255787 0.925332 -0.279882 -0.606275 -0.931577 0.313294 0.184421 -0.239904 0.258336 0.213559 0.942154 0.384135 
1535117594955 0.256079 0.925477 -0.279134 -0.60604 -0.931584 0.313352 0.184288 -0.239874 0.258022 0.212844 0.942402 0.384098 
1535117595449 0.256302 0.926383 -0.275905 -0.605558 -0.931557 0.312892 0.1852 -0.239526 0.257895 0.209554 0.943174 0.383925 
1535117595783 0.256845 0.926807 -0.273968 -0.605505 -0.931825 0.312686 0.184199 -0.239458 0.256383 0.20798 0.943934 0.383835 
1535117596223 0.257952 0.92746 -0.270701 -0.605556 -0.932283 0.312479 0.182221 -0.239225 0.253591 0.205365 0.94526 0.383483 
1535117596563 0.258334 0.927866 -0.26894 -0.605605 -0.932547 0.312201 0.181348 -0.238994 0.25223 0.203951 0.94593 0.383344 
1535117596607 0.258334 0.927866 -0.26894 -0.605605 -0.932547 0.312201 0.181348 -0.238994 0.25223 0.203951 0.94593 0.383344 
1535117596773 0.258712 0.928009 -0.268081 -0.605603 -0.932638 0.312236 0.180815 -0.238976 0.251503 0.203244 0.946276 0.383223 
1535117596857 0.258712 0.928009 -0.268081 -0.605603 -0.932638 0.312236 0.180815 -0.238976 0.251503 0.203244 0.946276 0.383223 
1535117596973 0.258712 0.928009 -0.268081 -0.605603 -0.932638 0.312236 0.180815 -0.238976 0.251503 0.203244 0.946276 0.383223 
1535117596997 0.258712 0.928009 -0.268081 -0.605603 -0.932638 0.312236 0.180815 -0.238976 0.251503 0.203244 0.946276 0.383223 
1535117597075 0.258712 0.928009 -0.268081 -0.605603 -0.932638 0.312236 0.180815 -0.238976 0.251503 0.203244 0.946276 0.383223 
1535117597231 0.258712 0.928009 -0.268081 -0.605603 -0.932638 0.312236 0.180815 -0.238976 0.251503 0.203244 0.946276 0.383223 
1535117597265 0.258712 0.928009 -0.268081 -0.605603 -0.932638 0.312236 0.180815 -0.238976 0.251503 0.203244 0.946276 0.383223 
