1533638776416 -0.187255 0.845429 -0.500189 -0.597268 -0.975202 -0.0988634 0.197988 -0.255126 0.117931 0.524856 0.842977 0.407261 
1533638776419 0 0 0 0 0 0 0 0 0 0 0 0 
1533638776422 0 0 0 0 0 0 0 0 0 0 0 0 
1533638776426 0 0 0 0 0 0 0 0 0 0 0 0 
1533638776436 -0.156066 0.85789 -0.48956 -0.599507 -0.978617 -0.0670654 0.194449 -0.252295 0.133983 0.509438 0.850012 0.405947 
1533638776439 0 0 0 0 0 0 0 0 0 0 0 0 
1533638776442 0 0 0 0 0 0 0 0 0 0 0 0 
1533638776446 0 0 0 0 0 0 0 0 0 0 0 0 
1533638776449 0 0 0 0 0 0 0 0 0 0 0 0 
1533638776452 0 0 0 0 0 0 0 0 0 0 0 0 
1533638776456 0 0 0 0 0 0 0 0 0 0 0 0 
1533638776466 -0.12449 0.869108 -0.4787 -0.601752 -0.9809 -0.0351273 0.191316 -0.249468 0.149458 0.493374 0.856881 0.404633 
1533638776476 -0.0925691 0.879068 -0.467623 -0.603997 -0.98205 -0.00309082 0.188593 -0.246641 0.164341 0.476687 0.863575 0.403319 
1533638776486 -0.0603488 0.887755 -0.456344 -0.606242 -0.982068 0.0289988 0.186286 -0.243813 0.178609 0.459403 0.870085 0.402005 
1533638776496 -0.0278766 0.895136 -0.44492 -0.608603 -0.980952 0.0610996 0.184388 -0.241012 0.192237 0.441585 0.876383 0.400763 
1533638776506 0.0047895 0.901102 -0.433581 -0.611649 -0.978712 0.0931895 0.182862 -0.238353 0.205183 0.423475 0.882365 0.399961 
1533638776516 0.0376054 0.905772 -0.422093 -0.614713 -0.97534 0.125196 0.181764 -0.235699 0.217481 0.404849 0.888144 0.399158 
1533638776526 0.0705261 0.909142 -0.410471 -0.617793 -0.970841 0.157075 0.181095 -0.233049 0.229116 0.38573 0.89371 0.398352 
1533638776536 0.103491 0.911008 -0.399191 -0.621794 -0.965228 0.188852 0.180749 -0.230504 0.240052 0.366604 0.898875 0.398368 
1533638776641 0.103491 0.911008 -0.399191 -0.621794 -0.965228 0.188852 0.180749 -0.230504 0.240052 0.366604 0.898875 0.398368 
1533638776644 0 0 0 0 0 0 0 0 0 0 0 0 
1533638776655 0.136699 0.912593 -0.385341 -0.619733 -0.958477 0.220123 0.181295 -0.226856 0.250271 0.344558 0.90479 0.394128 
1533638776665 0.1367 0.912593 -0.385341 -0.619733 -0.958476 0.220125 0.181295 -0.226856 0.250272 0.344557 0.90479 0.394128 
1533638776675 0.136702 0.912592 -0.385341 -0.619733 -0.958476 0.220127 0.181295 -0.226856 0.250273 0.344556 0.90479 0.394128 
1533638776685 0.136704 0.912592 -0.385341 -0.619733 -0.958475 0.220129 0.181295 -0.226856 0.250274 0.344556 0.90479 0.394128 
1533638776695 0.136706 0.912592 -0.38534 -0.619733 -0.958475 0.220131 0.181296 -0.226856 0.250274 0.344555 0.90479 0.394128 
1533638776705 0.136708 0.912592 -0.38534 -0.619733 -0.958474 0.220133 0.181296 -0.226856 0.250275 0.344554 0.90479 0.394128 
1533638776715 0.13671 0.912592 -0.38534 -0.619733 -0.958474 0.220135 0.181296 -0.226856 0.250276 0.344553 0.90479 0.394128 
1533638776725 0.136712 0.912591 -0.38534 -0.619733 -0.958473 0.220137 0.181296 -0.226856 0.250277 0.344553 0.90479 0.394128 
1533638776735 0.136702 0.912561 -0.385416 -0.619938 -0.958473 0.220146 0.181287 -0.2269 0.250283 0.344628 0.904759 0.394253 
1533638776801 0 0 0 0 0 0 0 0 0 0 0 0 
1533638776801 0 0 0 0 0 0 0 0 0 0 0 0 
1533638776805 0 0 0 0 0 0 0 0 0 0 0 0 
1533638776815 0.136702 0.912561 -0.385416 -0.619938 -0.958473 0.220146 0.181287 -0.2269 0.250283 0.344628 0.904759 0.394253 
1533638776825 0.136716 0.912591 -0.385339 -0.619734 -0.958472 0.220142 0.181297 -0.226857 0.250279 0.344551 0.90479 0.394128 
1533638776835 0.136717 0.912591 -0.385339 -0.619734 -0.958472 0.220142 0.181296 -0.226857 0.250279 0.344551 0.90479 0.394128 
1533638776845 0.136717 0.912591 -0.385339 -0.619734 -0.958472 0.220143 0.181296 -0.226857 0.250279 0.34455 0.90479 0.394128 
1533638776855 0.136718 0.912591 -0.385339 -0.619734 -0.958472 0.220143 0.181296 -0.226857 0.250279 0.34455 0.90479 0.394128 
1533638776865 0.136718 0.912591 -0.385339 -0.619734 -0.958472 0.220144 0.181296 -0.226857 0.250279 0.34455 0.904791 0.394128 
1533638776875 0.136719 0.912591 -0.385339 -0.619734 -0.958472 0.220144 0.181295 -0.226857 0.250279 0.34455 0.904791 0.394128 
1533638776885 0.13672 0.912591 -0.385339 -0.619734 -0.958472 0.220145 0.181295 -0.226857 0.250279 0.34455 0.904791 0.394128 
1533638776895 0.13672 0.912591 -0.385339 -0.619734 -0.958472 0.220145 0.181295 -0.226857 0.250279 0.344549 0.904791 0.394128 
1533638776905 0.136721 0.912591 -0.385338 -0.619734 -0.958472 0.220146 0.181295 -0.226857 0.250279 0.344549 0.904791 0.394128 
1533638776972 0 0 0 0 0 0 0 0 0 0 0 0 
1533638776972 0 0 0 0 0 0 0 0 0 0 0 0 
1533638776975 0 0 0 0 0 0 0 0 0 0 0 0 
1533638776985 0.136721 0.912591 -0.385338 -0.619734 -0.958472 0.220146 0.181295 -0.226857 0.250279 0.344549 0.904791 0.394128 
1533638776995 0.136547 0.912699 -0.385143 -0.619681 -0.958458 0.220001 0.181545 -0.226905 0.250428 0.344354 0.904824 0.394104 
1533638777006 0.136372 0.912808 -0.384948 -0.619628 -0.958443 0.219857 0.181795 -0.226954 0.250577 0.344159 0.904857 0.39408 
1533638777015 0.136198 0.912916 -0.384753 -0.619575 -0.958429 0.219712 0.182045 -0.227003 0.250726 0.343964 0.904889 0.394056 
1533638777025 0.136023 0.913024 -0.384557 -0.619522 -0.958415 0.219567 0.182295 -0.227051 0.250876 0.343769 0.904922 0.394032 
1533638777035 0.135849 0.913133 -0.384362 -0.61947 -0.9584 0.219422 0.182545 -0.2271 0.251025 0.343574 0.904955 0.394009 
1533638777045 0.135675 0.913241 -0.384166 -0.619417 -0.958386 0.219277 0.182795 -0.227149 0.251175 0.343379 0.904987 0.393985 
1533638777056 0.1355 0.913349 -0.383971 -0.619364 -0.958371 0.219132 0.183045 -0.227198 0.251324 0.343184 0.90502 0.393961 
1533638777066 0.135326 0.913457 -0.383775 -0.619311 -0.958357 0.218986 0.183295 -0.227246 0.251474 0.342989 0.905052 0.393937 
1533638777075 0.135152 0.913565 -0.383579 -0.619258 -0.958342 0.218841 0.183545 -0.227295 0.251623 0.342794 0.905085 0.393913 
1533638777133 0.135152 0.913565 -0.383579 -0.619258 -0.958342 0.218841 0.183545 -0.227295 0.251623 0.342794 0.905085 0.393913 
1533638777136 0 0 0 0 0 0 0 0 0 0 0 0 
1533638777146 0.134995 0.913683 -0.383352 -0.619187 -0.958332 0.218696 0.183769 -0.227342 0.251745 0.342571 0.905135 0.3939 
1533638777156 0.135013 0.913694 -0.38332 -0.619169 -0.958337 0.218696 0.183744 -0.22734 0.251717 0.342542 0.905154 0.393911 
1533638777166 0.135031 0.913705 -0.383289 -0.61915 -0.958342 0.218696 0.183719 -0.227339 0.251689 0.342514 0.905172 0.393922 
1533638777176 0.135049 0.913715 -0.383257 -0.619132 -0.958347 0.218696 0.183694 -0.227337 0.251661 0.342485 0.905191 0.393932 
1533638777186 0.135067 0.913726 -0.383225 -0.619114 -0.958352 0.218696 0.183668 -0.227335 0.251633 0.342457 0.90521 0.393943 
1533638777196 0.135085 0.913737 -0.383193 -0.619095 -0.958356 0.218696 0.183643 -0.227334 0.251604 0.342428 0.905228 0.393953 
1533638777206 0.135103 0.913747 -0.383162 -0.619077 -0.958361 0.218696 0.183618 -0.227332 0.251576 0.3424 0.905247 0.393964 
1533638777216 0.135121 0.913758 -0.38313 -0.619058 -0.958366 0.218696 0.183593 -0.22733 0.251548 0.342371 0.905265 0.393974 
1533638777226 0.135139 0.913769 -0.383098 -0.61904 -0.958371 0.218696 0.183567 -0.227328 0.25152 0.342343 0.905284 0.393985 
1533638777244 0 0 0 0 0 0 0 0 0 0 0 0 
1533638777244 0 0 0 0 0 0 0 0 0 0 0 0 
1533638777254 0.135139 0.913769 -0.383098 -0.61904 -0.958371 0.218696 0.183567 -0.227328 0.25152 0.342343 0.905284 0.393985 
1533638777264 0.135103 0.913756 -0.383141 -0.618992 -0.958406 0.218631 0.183462 -0.227332 0.251406 0.342419 0.905287 0.394008 
1533638777274 0.135048 0.913733 -0.383216 -0.618957 -0.958437 0.218565 0.183382 -0.227336 0.251319 0.342523 0.905272 0.394021 
1533638777284 0.134993 0.91371 -0.383291 -0.618921 -0.958467 0.218499 0.183302 -0.22734 0.251233 0.342627 0.905256 0.394033 
1533638777294 0.134939 0.913686 -0.383365 -0.618886 -0.958497 0.218433 0.183221 -0.227344 0.251146 0.342731 0.905241 0.394045 
1533638777304 0.134884 0.913663 -0.383441 -0.618853 -0.958528 0.218367 0.183141 -0.227348 0.25106 0.342836 0.905225 0.39406 
1533638777314 0.134829 0.913639 -0.383517 -0.618822 -0.958558 0.218301 0.18306 -0.227352 0.250973 0.342942 0.905209 0.394074 
1533638777324 0.134774 0.913615 -0.383593 -0.618791 -0.958588 0.218235 0.18298 -0.227357 0.250887 0.343047 0.905193 0.394089 
1533638777334 0.134719 0.913591 -0.383669 -0.618758 -0.958619 0.218169 0.1829 -0.227361 0.2508 0.343152 0.905177 0.394104 
1533638777344 0.134665 0.913567 -0.383745 -0.618726 -0.958649 0.218104 0.182819 -0.227366 0.250714 0.343258 0.905161 0.394118 
1533638777363 0 0 0 0 0 0 0 0 0 0 0 0 
1533638777363 0 0 0 0 0 0 0 0 0 0 0 0 
1533638777373 0.134665 0.913567 -0.383745 -0.618726 -0.958649 0.218104 0.182819 -0.227366 0.250714 0.343258 0.905161 0.394118 
1533638777383 0.134294 0.913522 -0.383983 -0.61866 -0.958697 0.217818 0.18291 -0.227494 0.25073 0.34356 0.905042 0.394131 
1533638777393 0.133977 0.9135 -0.384145 -0.618628 -0.958714 0.217597 0.183081 -0.22762 0.250833 0.343757 0.904939 0.394132 
1533638777403 0.133659 0.913479 -0.384307 -0.618599 -0.958732 0.217376 0.183251 -0.227748 0.250935 0.343954 0.904835 0.394132 
1533638777413 0.133342 0.913457 -0.384469 -0.618569 -0.958749 0.217155 0.183422 -0.227876 0.251038 0.344151 0.904732 0.394131 
1533638777423 0.133025 0.913435 -0.38463 -0.618539 -0.958766 0.216934 0.183593 -0.228003 0.25114 0.344348 0.904629 0.394131 
1533638777434 0.132707 0.913413 -0.384792 -0.618511 -0.958784 0.216713 0.183764 -0.22813 0.251242 0.344545 0.904525 0.39413 
1533638777443 0.13239 0.913391 -0.384954 -0.61848 -0.958801 0.216492 0.183935 -0.228257 0.251344 0.344743 0.904422 0.39413 
1533638777453 0.132073 0.913369 -0.385115 -0.618452 -0.958818 0.216271 0.184106 -0.228385 0.251446 0.34494 0.904318 0.394129 
1533638777463 0.131755 0.913347 -0.385276 -0.618422 -0.958835 0.216051 0.184278 -0.228512 0.251548 0.345137 0.904215 0.394129 
1533638777484 0 0 0 0 0 0 0 0 0 0 0 0 
1533638777484 0 0 0 0 0 0 0 0 0 0 0 0 
1533638777494 0.131755 0.913347 -0.385276 -0.618422 -0.958835 0.216051 0.184278 -0.228512 0.251548 0.345137 0.904215 0.394129 
1533638777504 0.131088 0.913319 -0.385569 -0.618347 -0.958888 0.215552 0.184583 -0.22877 0.251694 0.345521 0.904027 0.394125 
1533638777514 0.130737 0.913314 -0.385701 -0.6183 -0.958925 0.215274 0.184718 -0.2289 0.251737 0.345708 0.903944 0.394122 
1533638777524 0.130386 0.913309 -0.385832 -0.618254 -0.958961 0.214995 0.184853 -0.229031 0.25178 0.345896 0.90386 0.394119 
1533638777534 0.130035 0.913303 -0.385963 -0.618207 -0.958997 0.214717 0.184988 -0.22916 0.251823 0.346083 0.903776 0.394116 
1533638777544 0.129685 0.913298 -0.386095 -0.618161 -0.959034 0.214439 0.185122 -0.229291 0.251866 0.34627 0.903693 0.394113 
1533638777554 0.129334 0.913292 -0.386226 -0.618114 -0.95907 0.214161 0.185257 -0.229421 0.251909 0.346457 0.903609 0.39411 
1533638777564 0.128984 0.913286 -0.386357 -0.618067 -0.959106 0.213883 0.185392 -0.229551 0.251951 0.346645 0.903525 0.394107 
1533638777574 0.128633 0.91328 -0.386488 -0.618021 -0.959142 0.213605 0.185527 -0.229682 0.251994 0.346832 0.903441 0.394104 
1533638777584 0.128282 0.913274 -0.386619 -0.617974 -0.959177 0.213327 0.185662 -0.229812 0.252037 0.347019 0.903358 0.394101 
1533638777604 0 0 0 0 0 0 0 0 0 0 0 0 
1533638777604 0 0 0 0 0 0 0 0 0 0 0 0 
1533638777615 0.128282 0.913274 -0.386619 -0.617974 -0.959177 0.213327 0.185662 -0.229812 0.252037 0.347019 0.903358 0.394101 
1533638777624 0.127909 0.913208 -0.386898 -0.617868 -0.959199 0.213082 0.185832 -0.230007 0.252144 0.347342 0.903203 0.394075 
1533638777635 0.127885 0.913149 -0.387045 -0.617807 -0.959185 0.213114 0.185868 -0.230073 0.25221 0.347478 0.903133 0.394055 
1533638777644 0.127862 0.91309 -0.387193 -0.617744 -0.959171 0.213146 0.185902 -0.230137 0.252274 0.347615 0.903062 0.394034 
1533638777654 0.127839 0.91303 -0.387341 -0.617679 -0.959157 0.213179 0.185937 -0.230201 0.252339 0.347751 0.902992 0.394013 
1533638777664 0.127816 0.912971 -0.387489 -0.617615 -0.959143 0.213212 0.185972 -0.230265 0.252404 0.347887 0.902921 0.393992 
1533638777674 0.127793 0.912911 -0.387636 -0.617549 -0.959129 0.213244 0.186007 -0.230329 0.252469 0.348023 0.902851 0.393972 
1533638777685 0.12777 0.912852 -0.387784 -0.617486 -0.959115 0.213277 0.186042 -0.230393 0.252534 0.348159 0.90278 0.393951 
1533638777694 0.127747 0.912792 -0.387932 -0.617421 -0.959101 0.213309 0.186077 -0.230456 0.252599 0.348295 0.902709 0.39393 
1533638777705 0.127724 0.912732 -0.38808 -0.617357 -0.959087 0.213342 0.186112 -0.23052 0.252664 0.348431 0.902639 0.393909 
1533638777732 0.127724 0.912732 -0.38808 -0.617357 -0.959087 0.213342 0.186112 -0.23052 0.252664 0.348431 0.902639 0.393909 
1533638777735 0 0 0 0 0 0 0 0 0 0 0 0 
1533638777745 0.127664 0.912683 -0.388217 -0.617175 -0.959057 0.213368 0.186236 -0.230623 0.252807 0.348546 0.902554 0.393856 
1533638777756 0.127628 0.912692 -0.388206 -0.617059 -0.959041 0.213361 0.186324 -0.230663 0.252885 0.348526 0.90254 0.393823 
1533638777765 0.127591 0.912702 -0.388195 -0.616942 -0.959026 0.213353 0.186413 -0.230703 0.252962 0.348505 0.902527 0.39379 
1533638777776 0.127555 0.912712 -0.388185 -0.616825 -0.95901 0.213346 0.186502 -0.230742 0.25304 0.348484 0.902513 0.393757 
1533638777786 0.127518 0.912721 -0.388174 -0.616709 -0.958995 0.213339 0.18659 -0.230782 0.253118 0.348463 0.902499 0.393724 
1533638777796 0.127482 0.912731 -0.388163 -0.616591 -0.958979 0.213331 0.186679 -0.230821 0.253195 0.348442 0.902486 0.393691 
1533638777806 0.127445 0.912741 -0.388153 -0.616475 -0.958963 0.213324 0.186768 -0.230861 0.253273 0.348421 0.902472 0.393658 
1533638777815 0.127409 0.91275 -0.388142 -0.616359 -0.958948 0.213317 0.186857 -0.230901 0.253351 0.3484 0.902458 0.393625 
1533638777826 0.127372 0.91276 -0.388131 -0.616241 -0.958932 0.21331 0.186946 -0.23094 0.253428 0.348379 0.902444 0.393592 
1533638777901 0 0 0 0 0 0 0 0 0 0 0 0 
1533638777901 0 0 0 0 0 0 0 0 0 0 0 0 
1533638777905 0 0 0 0 0 0 0 0 0 0 0 0 
1533638777915 0.127372 0.91276 -0.388131 -0.616241 -0.958932 0.21331 0.186946 -0.23094 0.253428 0.348379 0.902444 0.393592 
1533638777926 0.127142 0.912792 -0.38813 -0.615995 -0.958929 0.213146 0.187148 -0.231012 0.253555 0.348395 0.902403 0.393554 
1533638777935 0.126949 0.912816 -0.388138 -0.615856 -0.958942 0.212989 0.187261 -0.231042 0.253604 0.348429 0.902376 0.393546 
1533638777945 0.126755 0.91284 -0.388144 -0.615718 -0.958954 0.212831 0.187375 -0.231072 0.253652 0.348462 0.902349 0.393534 
1533638777955 0.126562 0.912864 -0.388151 -0.61558 -0.958967 0.212674 0.187489 -0.231102 0.253701 0.348495 0.902323 0.393523 
1533638777965 0.126368 0.912888 -0.388157 -0.615441 -0.95898 0.212516 0.187602 -0.231133 0.25375 0.348528 0.902297 0.393512 
1533638777975 0.126175 0.912912 -0.388163 -0.615303 -0.958992 0.212359 0.187716 -0.231163 0.253798 0.348561 0.90227 0.393501 
1533638777985 0.125981 0.912937 -0.38817 -0.615165 -0.959005 0.212201 0.18783 -0.231193 0.253847 0.348594 0.902244 0.39349 
1533638777995 0.125788 0.912961 -0.388176 -0.615027 -0.959017 0.212044 0.187944 -0.231224 0.253896 0.348626 0.902218 0.393479 
1533638778005 0.125594 0.912985 -0.388182 -0.614889 -0.95903 0.211887 0.188058 -0.231254 0.253944 0.348659 0.902191 0.393468 
1533638778072 0.125594 0.912985 -0.388182 -0.614889 -0.95903 0.211887 0.188058 -0.231254 0.253944 0.348659 0.902191 0.393468 
1533638778075 0 0 0 0 0 0 0 0 0 0 0 0 
1533638778086 0.125197 0.913036 -0.38819 -0.614629 -0.959045 0.211577 0.18833 -0.231309 0.254084 0.348713 0.902131 0.393451 
1533638778096 0.124994 0.913063 -0.388191 -0.614508 -0.959047 0.211425 0.188488 -0.231334 0.254175 0.348733 0.902098 0.393444 
1533638778106 0.12479 0.913091 -0.388192 -0.614388 -0.95905 0.211273 0.188647 -0.231359 0.254266 0.348754 0.902064 0.393438 
1533638778116 0.124587 0.913118 -0.388193 -0.614267 -0.959052 0.211121 0.188805 -0.231384 0.254357 0.348775 0.90203 0.393433 
1533638778126 0.124384 0.913145 -0.388194 -0.614146 -0.959054 0.210969 0.188964 -0.231409 0.254448 0.348795 0.901997 0.393427 
1533638778136 0.12418 0.913172 -0.388195 -0.614026 -0.959056 0.210817 0.189122 -0.231433 0.254539 0.348816 0.901963 0.393421 
1533638778146 0.123977 0.913199 -0.388197 -0.613905 -0.959059 0.210665 0.18928 -0.231458 0.25463 0.348837 0.901929 0.393415 
1533638778156 0.123773 0.913227 -0.388197 -0.613784 -0.959061 0.210513 0.189439 -0.231483 0.254721 0.348857 0.901896 0.393408 
1533638778166 0.12357 0.913254 -0.388199 -0.613663 -0.959063 0.210361 0.189597 -0.231508 0.254812 0.348878 0.901862 0.393402 
1533638778225 0 0 0 0 0 0 0 0 0 0 0 0 
1533638778225 0 0 0 0 0 0 0 0 0 0 0 0 
1533638778235 0.12357 0.913254 -0.388199 -0.613663 -0.959063 0.210361 0.189597 -0.231508 0.254812 0.348878 0.901862 0.393402 
1533638778245 0.12321 0.913304 -0.388196 -0.613444 -0.959068 0.210088 0.189871 -0.231552 0.254965 0.348912 0.901806 0.39339 
1533638778255 0.123054 0.913326 -0.388192 -0.613346 -0.959072 0.209967 0.189986 -0.231571 0.255026 0.348925 0.901783 0.393383 
1533638778265 0.122898 0.913349 -0.388188 -0.613248 -0.959076 0.209846 0.190101 -0.23159 0.255088 0.348938 0.901761 0.393377 
1533638778275 0.122741 0.913372 -0.388184 -0.613149 -0.959079 0.209726 0.190216 -0.231609 0.25515 0.348951 0.901738 0.39337 
1533638778285 0.122585 0.913394 -0.38818 -0.613051 -0.959083 0.209605 0.190331 -0.231628 0.255211 0.348965 0.901715 0.393364 
1533638778295 0.122429 0.913417 -0.388175 -0.612953 -0.959086 0.209484 0.190446 -0.231647 0.255273 0.348978 0.901693 0.393357 
1533638778305 0.122273 0.91344 -0.388172 -0.612855 -0.95909 0.209363 0.190561 -0.231666 0.255335 0.348991 0.90167 0.39335 
1533638778315 0.122116 0.913462 -0.388167 -0.612756 -0.959094 0.209242 0.190676 -0.231685 0.255396 0.349004 0.901648 0.393344 
1533638778325 0.12196 0.913485 -0.388163 -0.612658 -0.959097 0.209122 0.190791 -0.231704 0.255458 0.349017 0.901625 0.393337 
1533638778381 0 0 0 0 0 0 0 0 0 0 0 0 
1533638778381 0 0 0 0 0 0 0 0 0 0 0 0 
1533638778384 0 0 0 0 0 0 0 0 0 0 0 0 
1533638778394 0.12196 0.913485 -0.388163 -0.612658 -0.959097 0.209122 0.190791 -0.231704 0.255458 0.349017 0.901625 0.393337 
1533638778404 0.121674 0.913529 -0.38815 -0.612479 -0.959105 0.208897 0.190997 -0.231739 0.255565 0.349038 0.901587 0.393324 
1533638778414 0.121544 0.91355 -0.388142 -0.612398 -0.959109 0.208793 0.191088 -0.231755 0.25561 0.349045 0.901572 0.393317 
1533638778424 0.121413 0.913571 -0.388133 -0.612318 -0.959114 0.208689 0.19118 -0.231771 0.255656 0.349052 0.901556 0.393311 
1533638778434 0.121283 0.913592 -0.388124 -0.612237 -0.959118 0.208586 0.191271 -0.231787 0.255701 0.349059 0.90154 0.393304 
1533638778444 0.121153 0.913613 -0.388115 -0.612156 -0.959122 0.208482 0.191363 -0.231803 0.255747 0.349066 0.901525 0.393297 
1533638778454 0.121023 0.913634 -0.388107 -0.612075 -0.959127 0.208378 0.191454 -0.231819 0.255792 0.349073 0.901509 0.393291 
1533638778464 0.120893 0.913655 -0.388098 -0.611994 -0.959131 0.208274 0.191546 -0.231835 0.255837 0.34908 0.901493 0.393284 
1533638778474 0.120763 0.913676 -0.388089 -0.611913 -0.959135 0.20817 0.191637 -0.23185 0.255883 0.349087 0.901478 0.393277 
1533638778484 0.120633 0.913697 -0.38808 -0.611833 -0.959139 0.208067 0.191729 -0.231867 0.255928 0.349094 0.901462 0.393271 
1533638778543 0.120633 0.913697 -0.38808 -0.611833 -0.959139 0.208067 0.191729 -0.231867 0.255928 0.349094 0.901462 0.393271 
1533638778546 0 0 0 0 0 0 0 0 0 0 0 0 
1533638778556 0.120395 0.913732 -0.38807 -0.611684 -0.959144 0.207882 0.191904 -0.231895 0.256022 0.34911 0.901429 0.39326 
1533638778566 0.120288 0.913747 -0.388068 -0.611615 -0.959145 0.207802 0.191988 -0.231908 0.25607 0.34912 0.901412 0.393256 
1533638778576 0.120181 0.913762 -0.388066 -0.611547 -0.959146 0.207721 0.192072 -0.231921 0.256118 0.349129 0.901395 0.393252 
1533638778586 0.120074 0.913777 -0.388065 -0.611479 -0.959146 0.207641 0.192156 -0.231934 0.256166 0.349138 0.901378 0.393248 
1533638778596 0.119966 0.913791 -0.388064 -0.611411 -0.959147 0.20756 0.19224 -0.231947 0.256214 0.349148 0.90136 0.393244 
1533638778606 0.119859 0.913806 -0.388062 -0.611343 -0.959147 0.20748 0.192324 -0.23196 0.256262 0.349157 0.901343 0.39324 
1533638778616 0.119752 0.913821 -0.38806 -0.611275 -0.959148 0.207399 0.192408 -0.231973 0.25631 0.349166 0.901326 0.393236 
1533638778626 0.119645 0.913836 -0.388059 -0.611206 -0.959148 0.207319 0.192492 -0.231986 0.256358 0.349175 0.901309 0.393232 
1533638778636 0.119537 0.91385 -0.388057 -0.611138 -0.959149 0.207238 0.192576 -0.231999 0.256406 0.349185 0.901291 0.393228 
1533638778694 0 0 0 0 0 0 0 0 0 0 0 0 
1533638778694 0 0 0 0 0 0 0 0 0 0 0 0 
1533638778704 0.119537 0.91385 -0.388057 -0.611138 -0.959149 0.207238 0.192576 -0.231999 0.256406 0.349185 0.901291 0.393228 
1533638778714 0.119334 0.91388 -0.388049 -0.611012 -0.959154 0.207079 0.192723 -0.232023 0.256483 0.3492 0.901263 0.393219 
1533638778724 0.119238 0.913896 -0.388042 -0.610955 -0.959158 0.207001 0.192786 -0.232036 0.256512 0.349206 0.901253 0.393215 
1533638778734 0.119142 0.913911 -0.388036 -0.610897 -0.959162 0.206923 0.192849 -0.232048 0.256541 0.349213 0.901242 0.39321 
1533638778744 0.119046 0.913927 -0.388029 -0.610839 -0.959166 0.206844 0.192913 -0.232059 0.256569 0.349219 0.901232 0.393205 
1533638778754 0.11895 0.913942 -0.388022 -0.610781 -0.959171 0.206766 0.192976 -0.232072 0.256598 0.349225 0.901221 0.3932 
1533638778764 0.118854 0.913957 -0.388015 -0.610724 -0.959175 0.206688 0.193039 -0.232084 0.256627 0.349231 0.90121 0.393195 
1533638778774 0.118758 0.913973 -0.388009 -0.610666 -0.959179 0.206609 0.193102 -0.232095 0.256656 0.349237 0.9012 0.39319 
1533638778784 0.118662 0.913988 -0.388002 -0.610608 -0.959183 0.206531 0.193165 -0.232108 0.256685 0.349244 0.901189 0.393185 
1533638778794 0.118566 0.914003 -0.387995 -0.610551 -0.959187 0.206453 0.193228 -0.23212 0.256714 0.34925 0.901178 0.39318 
1533638778843 0 0 0 0 0 0 0 0 0 0 0 0 
1533638778843 0 0 0 0 0 0 0 0 0 0 0 0 
1533638778846 0 0 0 0 0 0 0 0 0 0 0 0 
1533638778856 0.118566 0.914003 -0.387995 -0.610551 -0.959187 0.206453 0.193228 -0.23212 0.256714 0.34925 0.901178 0.39318 
1533638778866 0.118388 0.91403 -0.387987 -0.610443 -0.959191 0.206314 0.193359 -0.232142 0.256783 0.349262 0.901154 0.393173 
1533638778877 0.118306 0.914041 -0.387985 -0.610393 -0.95919 0.206254 0.193426 -0.232152 0.256823 0.349267 0.901141 0.39317 
1533638778886 0.118224 0.914053 -0.387982 -0.610343 -0.959189 0.206194 0.193494 -0.232162 0.256863 0.349273 0.901127 0.393168 
1533638778896 0.118143 0.914064 -0.38798 -0.610293 -0.959189 0.206133 0.193561 -0.232171 0.256903 0.349279 0.901113 0.393165 
1533638778906 0.118061 0.914076 -0.387978 -0.610243 -0.959188 0.206073 0.193629 -0.232182 0.256943 0.349284 0.9011 0.393162 
1533638778916 0.117979 0.914087 -0.387976 -0.610194 -0.959187 0.206013 0.193696 -0.232192 0.256983 0.34929 0.901086 0.39316 
1533638778926 0.117897 0.914099 -0.387974 -0.610143 -0.959187 0.205952 0.193764 -0.232201 0.257023 0.349295 0.901073 0.393157 
1533638778936 0.117815 0.91411 -0.387972 -0.610094 -0.959186 0.205892 0.193831 -0.232211 0.257063 0.349301 0.901059 0.393155 
1533638778947 0.117733 0.914122 -0.38797 -0.610044 -0.959185 0.205831 0.193899 -0.232222 0.257103 0.349307 0.901045 0.393152 
1533638778991 0 0 0 0 0 0 0 0 0 0 0 0 
1533638778991 0 0 0 0 0 0 0 0 0 0 0 0 
1533638778994 0 0 0 0 0 0 0 0 0 0 0 0 
1533638779004 0.117733 0.914122 -0.38797 -0.610044 -0.959185 0.205831 0.193899 -0.232222 0.257103 0.349307 0.901045 0.393152 
1533638779014 0.11758 0.914145 -0.387961 -0.60995 -0.959188 0.205712 0.194012 -0.23224 0.257164 0.349316 0.901025 0.393145 
1533638779024 0.117509 0.914157 -0.387955 -0.609907 -0.959191 0.205654 0.194059 -0.232249 0.257184 0.349319 0.901017 0.393141 
1533638779034 0.117438 0.914169 -0.387948 -0.609864 -0.959194 0.205595 0.194105 -0.232258 0.257205 0.349322 0.90101 0.393137 
1533638779044 0.117367 0.914181 -0.387941 -0.60982 -0.959198 0.205536 0.194151 -0.232267 0.257225 0.349326 0.901003 0.393133 
1533638779054 0.117296 0.914193 -0.387935 -0.609777 -0.959201 0.205478 0.194197 -0.232276 0.257246 0.349329 0.900996 0.393129 
1533638779064 0.117225 0.914205 -0.387928 -0.609734 -0.959204 0.205419 0.194244 -0.232285 0.257266 0.349332 0.900989 0.393125 
1533638779075 0.117153 0.914217 -0.387922 -0.60969 -0.959207 0.20536 0.19429 -0.232294 0.257287 0.349335 0.900982 0.393121 
1533638779084 0.117082 0.914228 -0.387915 -0.609647 -0.959211 0.205301 0.194336 -0.232303 0.257307 0.349339 0.900975 0.393117 
1533638779094 0.117011 0.91424 -0.387908 -0.609604 -0.959214 0.205243 0.194382 -0.232312 0.257328 0.349342 0.900968 0.393113 
1533638779143 0 0 0 0 0 0 0 0 0 0 0 0 
1533638779143 0 0 0 0 0 0 0 0 0 0 0 0 
1533638779153 0.117011 0.91424 -0.387908 -0.609604 -0.959214 0.205243 0.194382 -0.232312 0.257328 0.349342 0.900968 0.393113 
1533638779163 0.116883 0.914261 -0.387898 -0.609523 -0.959218 0.205139 0.194471 -0.232327 0.25737 0.349348 0.900953 0.393106 
1533638779174 0.116826 0.914271 -0.387893 -0.609484 -0.959219 0.205095 0.194514 -0.232334 0.257393 0.34935 0.900946 0.393103 
1533638779183 0.116769 0.91428 -0.387889 -0.609445 -0.95922 0.20505 0.194556 -0.232341 0.257415 0.349352 0.900938 0.3931 
1533638779193 0.116712 0.914289 -0.387884 -0.609407 -0.959221 0.205005 0.194599 -0.232348 0.257438 0.349355 0.900931 0.393096 
1533638779203 0.116654 0.914298 -0.38788 -0.609369 -0.959222 0.20496 0.194641 -0.232355 0.25746 0.349357 0.900924 0.393093 
1533638779213 0.116597 0.914307 -0.387876 -0.60933 -0.959222 0.204916 0.194684 -0.232362 0.257483 0.34936 0.900917 0.39309 
1533638779223 0.11654 0.914316 -0.387872 -0.609292 -0.959223 0.204871 0.194726 -0.232369 0.257505 0.349362 0.900909 0.393087 
1533638779233 0.116483 0.914325 -0.387867 -0.609254 -0.959224 0.204826 0.194769 -0.232376 0.257528 0.349364 0.900902 0.393084 
1533638779243 0.116426 0.914334 -0.387863 -0.609215 -0.959225 0.204782 0.194811 -0.232383 0.25755 0.349367 0.900894 0.393081 
1533638779301 0.116426 0.914334 -0.387863 -0.609215 -0.959225 0.204782 0.194811 -0.232383 0.25755 0.349367 0.900894 0.393081 
1533638779303 0 0 0 0 0 0 0 0 0 0 0 0 
1533638779314 0.116316 0.914351 -0.387856 -0.609142 -0.959229 0.204693 0.194886 -0.232396 0.257585 0.349375 0.900881 0.393074 
1533638779324 0.116263 0.914359 -0.387854 -0.609109 -0.959232 0.204649 0.194917 -0.232402 0.257598 0.349381 0.900875 0.393072 
1533638779334 0.11621 0.914366 -0.387852 -0.609075 -0.959235 0.204605 0.194949 -0.232409 0.257611 0.349387 0.900869 0.393069 
1533638779344 0.116157 0.914374 -0.38785 -0.609041 -0.959238 0.204561 0.19498 -0.232415 0.257624 0.349393 0.900863 0.393066 
1533638779354 0.116104 0.914382 -0.387848 -0.609007 -0.959241 0.204517 0.195011 -0.232421 0.257636 0.349398 0.900858 0.393063 
1533638779364 0.116051 0.914389 -0.387846 -0.608972 -0.959244 0.204473 0.195043 -0.232428 0.257649 0.349404 0.900852 0.39306 
1533638779374 0.115998 0.914397 -0.387844 -0.608939 -0.959247 0.204429 0.195074 -0.232434 0.257662 0.34941 0.900846 0.393058 
1533638779384 0.115945 0.914404 -0.387842 -0.608905 -0.95925 0.204385 0.195106 -0.232441 0.257675 0.349416 0.90084 0.393055 
1533638779394 0.115892 0.914412 -0.38784 -0.608871 -0.959253 0.204341 0.195137 -0.232447 0.257687 0.349422 0.900834 0.393052 
1533638779441 0 0 0 0 0 0 0 0 0 0 0 0 
1533638779441 0 0 0 0 0 0 0 0 0 0 0 0 
1533638779445 0 0 0 0 0 0 0 0 0 0 0 0 
1533638779455 0.115892 0.914412 -0.38784 -0.608871 -0.959253 0.204341 0.195137 -0.232447 0.257687 0.349422 0.900834 0.393052 
1533638779465 0.11579 0.914427 -0.387835 -0.608806 -0.959256 0.20426 0.195208 -0.232459 0.257722 0.34943 0.900821 0.393047 
1533638779475 0.115741 0.914434 -0.387833 -0.608776 -0.959256 0.204223 0.195247 -0.232465 0.257744 0.349433 0.900813 0.393045 
1533638779485 0.115692 0.914441 -0.387831 -0.608746 -0.959256 0.204186 0.195285 -0.232471 0.257767 0.349436 0.900806 0.393044 
1533638779495 0.115643 0.914448 -0.387829 -0.608716 -0.959256 0.204149 0.195324 -0.232477 0.257789 0.349439 0.900798 0.393042 
1533638779505 0.115594 0.914455 -0.387826 -0.608686 -0.959256 0.204112 0.195363 -0.232483 0.257811 0.349442 0.900791 0.39304 
1533638779515 0.115545 0.914463 -0.387824 -0.608656 -0.959256 0.204075 0.195402 -0.232489 0.257833 0.349445 0.900783 0.393038 
1533638779525 0.115497 0.91447 -0.387822 -0.608626 -0.959256 0.204038 0.195441 -0.232495 0.257855 0.349447 0.900776 0.393036 
1533638779535 0.115448 0.914477 -0.387819 -0.608596 -0.959256 0.204001 0.19548 -0.232501 0.257877 0.34945 0.900769 0.393034 
1533638779545 0.115399 0.914484 -0.387817 -0.608566 -0.959255 0.203965 0.195518 -0.232507 0.257899 0.349453 0.900761 0.393032 
1533638779584 0 0 0 0 0 0 0 0 0 0 0 0 
1533638779584 0 0 0 0 0 0 0 0 0 0 0 0 
1533638779594 0.115399 0.914484 -0.387817 -0.608566 -0.959255 0.203965 0.195518 -0.232507 0.257899 0.349453 0.900761 0.393032 
1533638779604 0.115309 0.914496 -0.387815 -0.608508 -0.959255 0.203897 0.195591 -0.232517 0.257941 0.34946 0.900746 0.393029 
1533638779614 0.115267 0.914502 -0.387814 -0.608481 -0.959255 0.203866 0.195624 -0.232522 0.257961 0.349464 0.900739 0.393027 
1533638779624 0.115226 0.914507 -0.387814 -0.608454 -0.959255 0.203836 0.195657 -0.232527 0.25798 0.349468 0.900732 0.393026 
1533638779634 0.115184 0.914512 -0.387814 -0.608427 -0.959254 0.203805 0.19569 -0.232532 0.258 0.349472 0.900725 0.393025 
1533638779644 0.115143 0.914518 -0.387814 -0.608399 -0.959254 0.203775 0.195724 -0.232537 0.258019 0.349476 0.900718 0.393023 
1533638779654 0.115101 0.914523 -0.387814 -0.608372 -0.959254 0.203744 0.195757 -0.232542 0.258039 0.34948 0.900711 0.393022 
1533638779664 0.11506 0.914528 -0.387814 -0.608344 -0.959253 0.203713 0.19579 -0.232547 0.258059 0.349484 0.900703 0.39302 
1533638779676 0.115018 0.914533 -0.387814 -0.608317 -0.959253 0.203683 0.195824 -0.232552 0.258078 0.349488 0.900696 0.393019 
1533638779684 0.114977 0.914539 -0.387813 -0.60829 -0.959253 0.203652 0.195857 -0.232557 0.258098 0.349492 0.900689 0.393018 
1533638779733 0.114977 0.914539 -0.387813 -0.60829 -0.959253 0.203652 0.195857 -0.232557 0.258098 0.349492 0.900689 0.393018 
1533638779736 0 0 0 0 0 0 0 0 0 0 0 0 
1533638779746 0.114895 0.91455 -0.387812 -0.608238 -0.959254 0.203589 0.195917 -0.232567 0.25813 0.3495 0.900677 0.393014 
1533638779756 0.114854 0.914555 -0.387811 -0.608214 -0.959256 0.203556 0.195943 -0.232572 0.258142 0.349505 0.900671 0.393013 
1533638779767 0.114813 0.914561 -0.38781 -0.60819 -0.959257 0.203523 0.19597 -0.232577 0.258154 0.349509 0.900666 0.393011 
1533638779776 0.114772 0.914566 -0.387809 -0.608166 -0.959259 0.20349 0.195996 -0.232582 0.258167 0.349514 0.900661 0.393009 
1533638779786 0.114732 0.914572 -0.387807 -0.608141 -0.95926 0.203458 0.196023 -0.232587 0.258179 0.349518 0.900656 0.393007 
1533638779796 0.114691 0.914578 -0.387806 -0.608117 -0.959262 0.203425 0.196049 -0.232592 0.258192 0.349522 0.90065 0.393005 
1533638779806 0.11465 0.914583 -0.387805 -0.608092 -0.959263 0.203392 0.196076 -0.232597 0.258204 0.349527 0.900645 0.393004 
1533638779816 0.114609 0.914589 -0.387804 -0.608068 -0.959265 0.203359 0.196102 -0.232602 0.258216 0.349531 0.90064 0.393002 
1533638779826 0.114569 0.914595 -0.387802 -0.608044 -0.959266 0.203326 0.196129 -0.232607 0.258229 0.349536 0.900635 0.393 
1533638779862 0 0 0 0 0 0 0 0 0 0 0 0 
1533638779862 0 0 0 0 0 0 0 0 0 0 0 0 
1533638779865 0 0 0 0 0 0 0 0 0 0 0 0 
1533638779875 0.114569 0.914595 -0.387802 -0.608044 -0.959266 0.203326 0.196129 -0.232607 0.258229 0.349536 0.900635 0.393 
1533638779885 0.11449 0.914607 -0.387796 -0.607998 -0.959272 0.203259 0.196172 -0.232617 0.258243 0.349542 0.900628 0.392995 
1533638779895 0.114452 0.914614 -0.387791 -0.607976 -0.959276 0.203224 0.196188 -0.232622 0.258245 0.349544 0.900627 0.392992 
1533638779905 0.114415 0.914621 -0.387786 -0.607954 -0.95928 0.203189 0.196205 -0.232627 0.258247 0.349546 0.900625 0.392989 
1533638779915 0.114377 0.914628 -0.387781 -0.607932 -0.959284 0.203155 0.196222 -0.232632 0.258249 0.349549 0.900624 0.392987 
1533638779925 0.114339 0.914635 -0.387776 -0.60791 -0.959288 0.20312 0.196238 -0.232636 0.258251 0.349551 0.900622 0.392984 
1533638779935 0.114301 0.914641 -0.387771 -0.607888 -0.959292 0.203085 0.196255 -0.232641 0.258253 0.349553 0.900621 0.392981 
1533638779945 0.114264 0.914648 -0.387766 -0.607866 -0.959296 0.203051 0.196271 -0.232646 0.258255 0.349555 0.900619 0.392978 
1533638779955 0.114226 0.914655 -0.387761 -0.607844 -0.959299 0.203016 0.196288 -0.232651 0.258258 0.349557 0.900618 0.392975 
1533638779965 0.114188 0.914662 -0.387755 -0.607822 -0.959303 0.202981 0.196305 -0.232656 0.25826 0.349559 0.900617 0.392972 
1533638780000 0 0 0 0 0 0 0 0 0 0 0 0 
1533638780000 0 0 0 0 0 0 0 0 0 0 0 0 
1533638780004 0 0 0 0 0 0 0 0 0 0 0 0 
1533638780014 0.114188 0.914662 -0.387755 -0.607822 -0.959303 0.202981 0.196305 -0.232656 0.25826 0.349559 0.900617 0.392972 
1533638780024 0.114117 0.914674 -0.387749 -0.60778 -0.959314 0.202913 0.196324 -0.232664 0.258252 0.349569 0.900615 0.392966 
1533638780034 0.114084 0.914679 -0.387747 -0.60776 -0.959321 0.202878 0.196328 -0.232668 0.258242 0.349576 0.900615 0.392963 
1533638780044 0.114051 0.914684 -0.387745 -0.60774 -0.959327 0.202844 0.196331 -0.232672 0.258232 0.349583 0.900615 0.39296 
1533638780054 0.114018 0.914689 -0.387743 -0.60772 -0.959334 0.20281 0.196334 -0.232676 0.258222 0.34959 0.900615 0.392958 
1533638780064 0.113984 0.914693 -0.387741 -0.6077 -0.95934 0.202776 0.196337 -0.23268 0.258213 0.349597 0.900616 0.392955 
1533638780074 0.113951 0.914698 -0.38774 -0.60768 -0.959347 0.202742 0.19634 -0.232684 0.258203 0.349604 0.900616 0.392952 
1533638780084 0.113918 0.914703 -0.387738 -0.60766 -0.959353 0.202708 0.196343 -0.232688 0.258193 0.349611 0.900616 0.392949 
1533638780094 0.113885 0.914708 -0.387736 -0.60764 -0.95936 0.202673 0.196346 -0.232692 0.258183 0.349618 0.900616 0.392946 
1533638780104 0.113852 0.914713 -0.387734 -0.60762 -0.959367 0.202639 0.196349 -0.232696 0.258173 0.349625 0.900616 0.392943 
1533638780142 0.113852 0.914713 -0.387734 -0.60762 -0.959367 0.202639 0.196349 -0.232696 0.258173 0.349625 0.900616 0.392943 
1533638780145 0 0 0 0 0 0 0 0 0 0 0 0 
1533638780155 0.113787 0.914723 -0.38773 -0.607581 -0.959375 0.202579 0.19637 -0.232704 0.25817 0.349634 0.900613 0.392938 
1533638780165 0.113756 0.914728 -0.387728 -0.607563 -0.959377 0.202552 0.196389 -0.232708 0.258177 0.349637 0.90061 0.392937 
1533638780175 0.113725 0.914732 -0.387726 -0.607544 -0.959379 0.202526 0.196407 -0.232712 0.258184 0.34964 0.900607 0.392935 
1533638780185 0.113694 0.914737 -0.387724 -0.607526 -0.959381 0.2025 0.196425 -0.232716 0.258191 0.349642 0.900604 0.392933 
1533638780195 0.113662 0.914742 -0.387722 -0.607508 -0.959382 0.202473 0.196443 -0.23272 0.258198 0.349645 0.900601 0.392932 
1533638780205 0.113631 0.914747 -0.387719 -0.607489 -0.959384 0.202447 0.196461 -0.232724 0.258205 0.349648 0.900598 0.39293 
1533638780215 0.1136 0.914752 -0.387717 -0.607471 -0.959386 0.202421 0.196479 -0.232728 0.258212 0.34965 0.900595 0.392928 
1533638780225 0.113569 0.914756 -0.387715 -0.607453 -0.959388 0.202394 0.196497 -0.232732 0.258218 0.349653 0.900592 0.392926 
1533638780235 0.113538 0.914761 -0.387713 -0.607435 -0.95939 0.202368 0.196515 -0.232736 0.258225 0.349656 0.900589 0.392925 
1533638780252 0 0 0 0 0 0 0 0 0 0 0 0 
1533638780252 0 0 0 0 0 0 0 0 0 0 0 0 
1533638780255 0 0 0 0 0 0 0 0 0 0 0 0 
1533638780265 0.113538 0.914761 -0.387713 -0.607435 -0.95939 0.202368 0.196515 -0.232736 0.258225 0.349656 0.900589 0.392925 
1533638780275 0.113453 0.914764 -0.387731 -0.607401 -0.959396 0.2023 0.196556 -0.232746 0.25824 0.349688 0.900572 0.392927 
1533638780285 0.113399 0.914762 -0.387752 -0.607386 -0.9594 0.202258 0.196578 -0.232753 0.258248 0.349718 0.900558 0.392931 
1533638780295 0.113345 0.91476 -0.387773 -0.60737 -0.959404 0.202217 0.1966 -0.23276 0.258256 0.349748 0.900545 0.392934 
1533638780305 0.113291 0.914757 -0.387794 -0.607354 -0.959409 0.202175 0.196621 -0.232766 0.258263 0.349777 0.900531 0.392938 
1533638780315 0.113238 0.914755 -0.387815 -0.607338 -0.959413 0.202134 0.196643 -0.232773 0.258271 0.349807 0.900517 0.392942 
1533638780325 0.113184 0.914753 -0.387836 -0.607322 -0.959417 0.202092 0.196665 -0.232779 0.258279 0.349837 0.900503 0.392946 
1533638780335 0.11313 0.914751 -0.387857 -0.607307 -0.959421 0.202051 0.196687 -0.232786 0.258287 0.349867 0.900489 0.39295 
1533638780345 0.113076 0.914748 -0.387878 -0.607291 -0.959426 0.202009 0.196709 -0.232793 0.258294 0.349897 0.900476 0.392954 
1533638780355 0.113023 0.914746 -0.387899 -0.607275 -0.95943 0.201968 0.196731 -0.232799 0.258302 0.349926 0.900462 0.392958 
1533638780390 0.113023 0.914746 -0.387899 -0.607275 -0.95943 0.201968 0.196731 -0.232799 0.258302 0.349926 0.900462 0.392958 
1533638780394 0 0 0 0 0 0 0 0 0 0 0 0 
1533638780404 0.112947 0.914749 -0.387914 -0.607241 -0.959434 0.201909 0.196771 -0.232807 0.25832 0.349953 0.900446 0.39296 
1533638780414 0.112926 0.914754 -0.387909 -0.607225 -0.959434 0.201892 0.196789 -0.23281 0.258329 0.349951 0.900445 0.392958 
1533638780424 0.112904 0.914759 -0.387904 -0.607209 -0.959434 0.201874 0.196807 -0.232813 0.258339 0.349948 0.900443 0.392957 
1533638780434 0.112883 0.914764 -0.387898 -0.607193 -0.959434 0.201857 0.196825 -0.232815 0.258348 0.349945 0.900441 0.392954 
1533638780444 0.112861 0.914769 -0.387893 -0.607177 -0.959434 0.20184 0.196843 -0.232818 0.258358 0.349942 0.90044 0.392953 
1533638780454 0.112839 0.914773 -0.387888 -0.607162 -0.959434 0.201822 0.196861 -0.232821 0.258367 0.349939 0.900438 0.392951 
1533638780464 0.112818 0.914778 -0.387883 -0.607146 -0.959434 0.201805 0.196878 -0.232823 0.258377 0.349936 0.900437 0.392949 
1533638780474 0.112796 0.914783 -0.387877 -0.60713 -0.959434 0.201788 0.196896 -0.232826 0.258386 0.349933 0.900435 0.392947 
1533638780484 0.112775 0.914788 -0.387872 -0.607114 -0.959434 0.201771 0.196914 -0.232829 0.258396 0.349931 0.900433 0.392945 
1533638780542 0 0 0 0 0 0 0 0 0 0 0 0 
1533638780542 0 0 0 0 0 0 0 0 0 0 0 0 
1533638780545 0 0 0 0 0 0 0 0 0 0 0 0 
1533638780555 0.112775 0.914788 -0.387872 -0.607114 -0.959434 0.201771 0.196914 -0.232829 0.258396 0.349931 0.900433 0.392945 
1533638780565 0.112642 0.914802 -0.387878 -0.607035 -0.959436 0.20167 0.197008 -0.232856 0.258447 0.349953 0.90041 0.392938 
1533638780575 0.11253 0.91481 -0.38789 -0.606971 -0.959438 0.201586 0.197085 -0.232881 0.258488 0.349978 0.900388 0.392933 
1533638780585 0.112418 0.914819 -0.387902 -0.606908 -0.95944 0.201502 0.197161 -0.232905 0.25853 0.350004 0.900366 0.392928 
1533638780595 0.112307 0.914828 -0.387914 -0.606844 -0.959441 0.201418 0.197238 -0.23293 0.258572 0.35003 0.900344 0.392923 
1533638780605 0.112195 0.914836 -0.387926 -0.606781 -0.959443 0.201335 0.197314 -0.232954 0.258613 0.350055 0.900322 0.392918 
1533638780615 0.112084 0.914845 -0.387938 -0.606717 -0.959445 0.201251 0.197391 -0.232979 0.258655 0.350081 0.900301 0.392912 
1533638780625 0.111972 0.914854 -0.38795 -0.606654 -0.959447 0.201167 0.197467 -0.233004 0.258696 0.350106 0.900279 0.392908 
1533638780635 0.111861 0.914862 -0.387961 -0.60659 -0.959449 0.201084 0.197544 -0.233028 0.258738 0.350132 0.900257 0.392902 
1533638780645 0.111749 0.914871 -0.387973 -0.606527 -0.959451 0.201 0.19762 -0.233053 0.258779 0.350157 0.900235 0.392897 
1533638780690 0 0 0 0 0 0 0 0 0 0 0 0 
1533638780690 0 0 0 0 0 0 0 0 0 0 0 0 
1533638780694 0 0 0 0 0 0 0 0 0 0 0 0 
1533638780704 0.111749 0.914871 -0.387973 -0.606527 -0.959451 0.201 0.19762 -0.233053 0.258779 0.350157 0.900235 0.392897 
1533638780714 0.111533 0.914883 -0.388007 -0.606403 -0.959453 0.200841 0.197768 -0.2331 0.258862 0.350217 0.900188 0.392888 
1533638780724 0.111429 0.914886 -0.388029 -0.606342 -0.959454 0.200767 0.197839 -0.233123 0.258903 0.350251 0.900163 0.392884 
1533638780734 0.111325 0.91489 -0.388051 -0.606282 -0.959455 0.200692 0.19791 -0.233145 0.258945 0.350285 0.900138 0.39288 
1533638780744 0.111221 0.914893 -0.388073 -0.606221 -0.959456 0.200617 0.197982 -0.233168 0.258986 0.350319 0.900113 0.392876 
1533638780754 0.111117 0.914896 -0.388095 -0.60616 -0.959457 0.200542 0.198053 -0.23319 0.259027 0.350354 0.900087 0.392872 
