1533760901853 0.020107 0.666369 -0.745351 -0.473378 -0.959648 0.222006 0.172593 -0.216899 0.280483 0.711805 0.643943 0.441963 
1533760905660 0.020106 0.66637 -0.74535 -0.473378 -0.959648 0.222006 0.172594 -0.216898 0.280484 0.711804 0.643944 0.441964 
1533760906749 0.0343186 0.692554 -0.720549 -0.487239 -0.95828 0.227509 0.173028 -0.21585 0.283763 0.68455 0.671469 0.438366 
1533760907758 0.0489161 0.718347 -0.693963 -0.501411 -0.957276 0.231977 0.172652 -0.215404 0.285008 0.655869 0.699004 0.434458 
1533760908701 0.0634246 0.743004 -0.666275 -0.51568 -0.956246 0.236306 0.172491 -0.215192 0.285606 0.626183 0.725482 0.430305 
1533760909573 0.0776839 0.766278 -0.637795 -0.529986 -0.955081 0.240704 0.172864 -0.214935 0.285982 0.595717 0.750557 0.42612 
1533760910403 0.0920668 0.788287 -0.60838 -0.544319 -0.953819 0.245254 0.173437 -0.214619 0.285926 0.564317 0.774463 0.421985 
1533760911232 0.10631 0.809023 -0.578083 -0.558652 -0.952488 0.249739 0.174345 -0.214199 0.285419 0.532083 0.797134 0.417883 
1533760912447 0.134514 0.846718 -0.514757 -0.587268 -0.949754 0.258326 0.176732 -0.213075 0.282617 0.465119 0.838923 0.409713 
1533760913290 0.149258 0.863109 -0.482457 -0.600255 -0.948173 0.263354 0.1778 -0.211793 0.280518 0.430915 0.857684 0.406097 
1533760913318 0.149026 0.863346 -0.482105 -0.600373 -0.948232 0.263044 0.177941 -0.211683 0.28044 0.43063 0.857853 0.406073 
1533760913626 0.150529 0.864495 -0.479572 -0.601628 -0.948069 0.263721 0.177812 -0.211836 0.280191 0.427902 0.859298 0.405692 
1533760913929 0.152236 0.865995 -0.476316 -0.603134 -0.947889 0.264402 0.177757 -0.212061 0.279875 0.424434 0.861119 0.40521 
1533760914244 0.153402 0.867687 -0.47285 -0.604748 -0.947796 0.26457 0.178005 -0.212067 0.279554 0.420859 0.862976 0.404763 
1533760914681 0.156513 0.870893 -0.465886 -0.607883 -0.947417 0.265682 0.178364 -0.212246 0.279113 0.413472 0.866681 0.403897 
1533760914987 0.157316 0.87258 -0.462446 -0.609477 -0.947443 0.265451 0.17857 -0.21215 0.278574 0.410049 0.868479 0.403398 
1533760915291 0.158794 0.874177 -0.458911 -0.611045 -0.947215 0.266005 0.178953 -0.212179 0.278509 0.406271 0.870274 0.403011 
1533760915607 0.160171 0.875735 -0.455449 -0.612642 -0.947086 0.266367 0.179101 -0.212194 0.278162 0.402662 0.87206 0.402483 
1533760915917 0.161376 0.877317 -0.451966 -0.614236 -0.946945 0.266631 0.17945 -0.212236 0.277943 0.399029 0.873799 0.402103 
1533760915940 0.161327 0.877542 -0.451546 -0.614322 -0.946943 0.266517 0.179633 -0.212139 0.27798 0.398608 0.873979 0.402086 
1533760915957 0.16131 0.877594 -0.451451 -0.614365 -0.946925 0.266512 0.179733 -0.212097 0.27805 0.398497 0.874007 0.402074 
1533760916114 0.162112 0.87764 -0.451074 -0.614464 -0.946851 0.267058 0.179316 -0.212183 0.277838 0.398031 0.874287 0.401895 
1533760916231 0.162992 0.877796 -0.450453 -0.614728 -0.946842 0.267509 0.178687 -0.212156 0.277351 0.397383 0.874736 0.401626 
1533760916349 0.163817 0.878082 -0.449595 -0.614852 -0.946783 0.267948 0.178342 -0.212212 0.277067 0.396454 0.875248 0.40153 
1533760916469 0.164454 0.878332 -0.448873 -0.615097 -0.946751 0.268256 0.178048 -0.212159 0.276799 0.39569 0.875678 0.401336 
1533760916593 0.165286 0.878556 -0.44813 -0.615279 -0.946673 0.26875 0.177718 -0.212209 0.27657 0.394858 0.876126 0.40115 
1533760916717 0.16599 0.878844 -0.447304 -0.615445 -0.946637 0.269087 0.177402 -0.212172 0.276272 0.393988 0.876611 0.400972 
1533760916836 0.166693 0.879063 -0.446611 -0.615714 -0.946616 0.269426 0.176996 -0.21211 0.275919 0.393266 0.877047 0.400758 
1533760916965 0.167582 0.879328 -0.445755 -0.615834 -0.94654 0.269931 0.176634 -0.212164 0.275642 0.392325 0.877555 0.40063 
1533760916982 0.167795 0.879401 -0.445533 -0.615854 -0.94653 0.270037 0.176526 -0.2122 0.275548 0.39209 0.87769 0.40062 
1533760916999 0.167981 0.879451 -0.445363 -0.615888 -0.946518 0.270138 0.176432 -0.212224 0.275473 0.391907 0.877795 0.400605 
1533760917101 0.168022 0.879602 -0.445049 -0.615973 -0.946516 0.270104 0.176495 -0.212119 0.275455 0.391591 0.877941 0.400568 
1533760917194 0.167724 0.880052 -0.444272 -0.615795 -0.946572 0.269679 0.176849 -0.212239 0.275447 0.390873 0.878264 0.400502 
1533760917281 0.167933 0.880366 -0.44357 -0.615768 -0.946515 0.269752 0.177039 -0.212332 0.275513 0.390115 0.87858 0.400424 
1533760917380 0.168028 0.880712 -0.442847 -0.61578 -0.94646 0.269745 0.177343 -0.212383 0.275643 0.389339 0.878883 0.400334 
1533760917461 0.16815 0.881059 -0.442109 -0.61577 -0.946489 0.269634 0.177358 -0.212421 0.27547 0.388629 0.879252 0.400295 
1533760917560 0.168324 0.881392 -0.441378 -0.615764 -0.946475 0.269618 0.177456 -0.212484 0.275412 0.387883 0.879599 0.400237 
1533760917641 0.168511 0.881736 -0.440621 -0.615729 -0.946432 0.269647 0.177643 -0.212538 0.275446 0.387083 0.879941 0.400191 
1533760917737 0.168539 0.882106 -0.439868 -0.615712 -0.94643 0.269516 0.177851 -0.212549 0.275435 0.38633 0.880276 0.400111 
1533760917758 0.168564 0.882218 -0.439634 -0.6157 -0.946438 0.269473 0.177872 -0.212565 0.275391 0.386104 0.880388 0.400096 
1533760917775 0.168551 0.88229 -0.439495 -0.615699 -0.946443 0.26943 0.177912 -0.21257 0.275383 0.38597 0.88045 0.400082 
1533760917896 0.168327 0.882319 -0.439522 -0.615698 -0.946443 0.269292 0.178123 -0.212588 0.275521 0.385999 0.880394 0.400019 
1533760917968 0.167594 0.882102 -0.440236 -0.615571 -0.946486 0.268902 0.178481 -0.212781 0.275819 0.386765 0.879964 0.400175 
1533760918057 0.167232 0.882056 -0.440466 -0.615464 -0.946435 0.268786 0.178926 -0.213019 0.276214 0.38695 0.879759 0.400282 
1533760918112 0.166895 0.882011 -0.440683 -0.615384 -0.946482 0.268547 0.179036 -0.213244 0.276255 0.387219 0.879627 0.400269 
1533760918207 0.166325 0.882003 -0.440916 -0.615336 -0.94649 0.268215 0.179493 -0.213339 0.276573 0.387469 0.879418 0.400296 
1533760918255 0.165687 0.882037 -0.441087 -0.615304 -0.946575 0.267717 0.179786 -0.213396 0.276664 0.387734 0.879272 0.400288 
1533760918354 0.165274 0.881952 -0.441412 -0.615188 -0.9465 0.267622 0.180325 -0.213604 0.27717 0.387993 0.878998 0.400306 
1533760918405 0.164723 0.881948 -0.441627 -0.615124 -0.946554 0.267232 0.180618 -0.213734 0.277312 0.388272 0.87883 0.400324 
1533760918422 0.164743 0.881916 -0.441684 -0.6151 -0.946525 0.267297 0.180674 -0.21379 0.2774 0.3883 0.87879 0.400329 
1533760918438 0.16486 0.881877 -0.441718 -0.615056 -0.946473 0.267452 0.180714 -0.213883 0.277506 0.388282 0.878765 0.400338 
1533760918499 0.164589 0.881901 -0.44177 -0.615007 -0.946489 0.267266 0.180909 -0.213957 0.277614 0.388354 0.878699 0.40035 
1533760918583 0.163985 0.881968 -0.441862 -0.614931 -0.946603 0.266732 0.181098 -0.214029 0.277581 0.38857 0.878614 0.400328 
1533760918633 0.163593 0.881972 -0.441998 -0.61481 -0.9467 0.26637 0.181125 -0.214253 0.277482 0.388809 0.878539 0.400303 
1533760918733 0.163444 0.881826 -0.442344 -0.614607 -0.946683 0.266367 0.181216 -0.214647 0.277627 0.389141 0.878346 0.400296 
1533760918788 0.163091 0.881812 -0.442503 -0.614472 -0.946753 0.266072 0.181284 -0.214897 0.277596 0.389375 0.878253 0.400303 
1533760918922 0.162034 0.881849 -0.442818 -0.614267 -0.946943 0.265183 0.181596 -0.215171 0.277568 0.389899 0.878029 0.400225 
1533760918969 0.161834 0.881771 -0.443045 -0.614099 -0.946992 0.26503 0.181564 -0.215523 0.277518 0.390177 0.877921 0.400179 
1533760918989 0.161884 0.881733 -0.443104 -0.614038 -0.946962 0.265117 0.181591 -0.21561 0.277589 0.390206 0.877886 0.400168 
1533760919006 0.161885 0.881715 -0.443139 -0.614008 -0.946946 0.265147 0.181631 -0.215651 0.277644 0.390225 0.87786 0.400166 
1533760919126 0.160976 0.881851 -0.443199 -0.61385 -0.947072 0.264391 0.182079 -0.215652 0.277744 0.390431 0.877737 0.400187 
1533760919198 0.16105 0.881839 -0.443196 -0.613532 -0.946937 0.264627 0.182434 -0.215794 0.278159 0.390298 0.877665 0.400223 
1533760919296 0.160681 0.881774 -0.44346 -0.61325 -0.946886 0.264512 0.182865 -0.215934 0.278546 0.390523 0.877442 0.400189 
1533760919377 0.160039 0.881903 -0.443436 -0.612894 -0.946936 0.264017 0.183321 -0.216 0.278746 0.390567 0.877359 0.400221 
1533760919465 0.160042 0.881804 -0.443631 -0.612631 -0.946835 0.264201 0.183577 -0.216267 0.279087 0.390665 0.877206 0.400174 
1533760919537 0.159437 0.881895 -0.443668 -0.612327 -0.946867 0.263769 0.184036 -0.216328 0.279326 0.390753 0.877091 0.400184 
1533760919641 0.158886 0.881924 -0.443807 -0.612017 -0.946837 0.263479 0.184605 -0.216417 0.279741 0.390881 0.876902 0.400185 
1533760919702 0.158705 0.881891 -0.443938 -0.611745 -0.946783 0.263462 0.184903 -0.21661 0.280025 0.390969 0.876772 0.400183 
1533760919729 0.158645 0.881884 -0.443973 -0.611674 -0.946761 0.263461 0.185019 -0.216647 0.280135 0.390984 0.87673 0.400182 
1533760919745 0.158541 0.881892 -0.443995 -0.611639 -0.946756 0.263405 0.185125 -0.216639 0.280211 0.391005 0.876697 0.400177 
1533760919814 0.158142 0.881944 -0.444034 -0.611468 -0.946754 0.263152 0.185491 -0.216583 0.280441 0.391058 0.8766 0.400166 
1533760919923 0.157803 0.882042 -0.443959 -0.611172 -0.946948 0.262644 0.185225 -0.216631 0.279979 0.391177 0.876694 0.400296 
1533760919983 0.157653 0.882083 -0.443931 -0.610865 -0.94705 0.262397 0.185052 -0.216722 0.279717 0.391251 0.876744 0.400318 
1533760920093 0.157272 0.882204 -0.443827 -0.610559 -0.947164 0.261964 0.18508 -0.216713 0.279545 0.391269 0.876791 0.400374 
1533760920153 0.156832 0.882261 -0.443868 -0.610284 -0.947262 0.261547 0.185171 -0.216731 0.279462 0.391419 0.876751 0.400413 
1533760920260 0.156645 0.882213 -0.444031 -0.609927 -0.947335 0.261355 0.185067 -0.216947 0.279318 0.391656 0.876691 0.400397 
1533760920324 0.156108 0.882383 -0.44388 -0.609687 -0.947453 0.260805 0.185241 -0.216805 0.279219 0.391638 0.87673 0.400446 
1533760920432 0.155765 0.882393 -0.443981 -0.609345 -0.947542 0.260474 0.185248 -0.216936 0.279107 0.391836 0.876678 0.400462 
1533760920454 0.155664 0.882411 -0.443982 -0.609217 -0.947571 0.260367 0.185251 -0.216981 0.279065 0.391868 0.876677 0.400487 
1533760920472 0.155617 0.882415 -0.44399 -0.609118 -0.947591 0.26031 0.185232 -0.217038 0.279026 0.391895 0.876677 0.400505 
1533760920619 0.155034 0.882417 -0.44419 -0.608995 -0.947685 0.259835 0.185416 -0.216879 0.27903 0.392206 0.876537 0.400506 
1533760920661 0.154648 0.882479 -0.444201 -0.608814 -0.94773 0.259519 0.185627 -0.216766 0.279091 0.392275 0.876486 0.400569 
1533760920770 0.154576 0.882364 -0.444455 -0.608568 -0.947739 0.259513 0.185591 -0.216908 0.279101 0.392539 0.876365 0.400599 
1533760920815 0.154318 0.882417 -0.44444 -0.60834 -0.947781 0.25928 0.185701 -0.216886 0.2791 0.392575 0.876349 0.400663 
1533760920920 0.15404 0.882273 -0.444821 -0.608132 -0.947813 0.259132 0.185747 -0.216942 0.279147 0.392994 0.876146 0.40067 
1533760920967 0.153571 0.882393 -0.444745 -0.60796 -0.947898 0.258685 0.185932 -0.216785 0.279114 0.39302 0.876145 0.400733 
1533760921070 0.153493 0.882296 -0.444965 -0.607703 -0.947927 0.25864 0.18585 -0.216938 0.27906 0.393268 0.876051 0.400758 
1533760921091 0.153333 0.882289 -0.445033 -0.607623 -0.947951 0.258514 0.185902 -0.216915 0.279067 0.393365 0.876006 0.400778 
1533760921111 0.153183 0.882289 -0.445086 -0.607543 -0.947973 0.258396 0.185956 -0.216894 0.279075 0.393444 0.875967 0.400798 
1533760921128 0.153107 0.88228 -0.44513 -0.607481 -0.947983 0.25834 0.185979 -0.216898 0.27908 0.393501 0.87594 0.400812 
1533760921249 0.152991 0.882251 -0.445227 -0.607417 -0.948035 0.25821 0.185896 -0.216912 0.278969 0.393651 0.875908 0.400768 
1533760921286 0.152684 0.882327 -0.445183 -0.607281 -0.948078 0.257938 0.186056 -0.216807 0.278992 0.39366 0.875897 0.400799 
1533760921328 0.152525 0.882307 -0.445277 -0.607143 -0.948083 0.257845 0.186157 -0.2168 0.27906 0.393765 0.875828 0.40082 
1533760921397 0.152543 0.882206 -0.445469 -0.606956 -0.948062 0.257926 0.186149 -0.216927 0.27912 0.393937 0.875731 0.400825 
1533760921441 0.152459 0.882164 -0.445582 -0.606782 -0.948065 0.25789 0.186185 -0.216983 0.279157 0.394055 0.875667 0.400853 
1533760921487 0.152328 0.882178 -0.445598 -0.606627 -0.948092 0.25777 0.186216 -0.216995 0.279138 0.394102 0.875652 0.400888 
1533760921511 0.152268 0.882189 -0.445598 -0.606595 -0.948107 0.257708 0.186225 -0.216982 0.27912 0.394118 0.87565 0.400892 
1533760921521 0.15219 0.882197 -0.445609 -0.606564 -0.948123 0.257637 0.186243 -0.216962 0.279108 0.394148 0.875641 0.400896 
1533760921616 0.151854 0.88221 -0.445697 -0.606412 -0.948149 0.257396 0.186443 -0.216917 0.279203 0.394275 0.875553 0.400884 
1533760921659 0.151542 0.882282 -0.445661 -0.606384 -0.948042 0.257332 0.187073 -0.216906 0.279734 0.394156 0.875437 0.400881 
1533760921719 0.151493 0.882344 -0.445555 -0.606341 -0.947855 0.25754 0.187733 -0.217028 0.280393 0.393881 0.87535 0.400865 
1533760921760 0.151321 0.882391 -0.445521 -0.606251 -0.947817 0.257472 0.188017 -0.217174 0.280614 0.393822 0.875306 0.400835 
1533760921837 0.151076 0.882395 -0.445596 -0.606053 -0.94762 0.257601 0.188832 -0.21728 0.281411 0.393728 0.875092 0.400814 
1533760921942 0.150306 0.882518 -0.445612 -0.605828 -0.947468 0.257304 0.189998 -0.2173 0.282334 0.393645 0.874832 0.400737 
1533760921998 0.149907 0.882592 -0.445599 -0.605757 -0.947411 0.257115 0.190539 -0.217317 0.282739 0.393602 0.874721 0.400764 
1533760922017 0.149857 0.882628 -0.445546 -0.605718 -0.947371 0.257125 0.190721 -0.217341 0.282897 0.393516 0.874708 0.400794 
1533760922034 0.149894 0.882637 -0.445515 -0.605689 -0.947333 0.257196 0.190816 -0.217379 0.283006 0.393449 0.874703 0.400814 
1533760922050 0.149884 0.882645 -0.445503 -0.605649 -0.947292 0.257244 0.190954 -0.217417 0.283147 0.393401 0.874679 0.400813 
1533760922067 0.149832 0.882655 -0.445501 -0.605609 -0.947257 0.257257 0.19111 -0.217443 0.283292 0.393369 0.874646 0.400801 
1533760922093 0.149724 0.882666 -0.445516 -0.605555 -0.94721 0.257253 0.191347 -0.217467 0.283506 0.393348 0.874587 0.400771 
1533760922161 0.149613 0.882632 -0.445619 -0.605455 -0.947213 0.257197 0.191408 -0.217485 0.283555 0.393459 0.874521 0.400736 
1533760922186 0.149387 0.882547 -0.445864 -0.605409 -0.947258 0.257037 0.1914 -0.217432 0.283523 0.393756 0.874397 0.400732 
1533760922209 0.149227 0.882468 -0.446073 -0.605366 -0.947289 0.256932 0.191388 -0.217378 0.283505 0.393999 0.874294 0.400733 
1533760922249 0.149173 0.882465 -0.446097 -0.605261 -0.947306 0.256877 0.191376 -0.21732 0.283475 0.394043 0.874284 0.400755 
1533760922287 0.149142 0.882455 -0.446128 -0.605148 -0.947297 0.256876 0.191424 -0.217355 0.283523 0.394066 0.874258 0.400755 
1533760922307 0.149148 0.882425 -0.446185 -0.605094 -0.947273 0.256926 0.191478 -0.217386 0.283601 0.394101 0.874217 0.400732 
1533760922324 0.149122 0.882382 -0.446278 -0.605033 -0.947233 0.256984 0.191594 -0.217418 0.283746 0.394159 0.874144 0.400695 
1533760922340 0.149033 0.882352 -0.446367 -0.604991 -0.947221 0.25696 0.191687 -0.21744 0.283834 0.394241 0.874078 0.40067 
1533760922357 0.148952 0.882331 -0.446436 -0.604947 -0.947207 0.25694 0.191782 -0.217455 0.283922 0.394301 0.874022 0.400654 
1533760922374 0.148915 0.882312 -0.446487 -0.604916 -0.947193 0.256947 0.191845 -0.217469 0.28399 0.39434 0.873982 0.400645 
1533760922390 0.148895 0.882283 -0.446549 -0.604884 -0.947178 0.256968 0.19189 -0.217493 0.28405 0.39439 0.873941 0.400632 
1533760922466 0.14848 0.882453 -0.446353 -0.604901 -0.947338 0.256425 0.191827 -0.217267 0.283735 0.394364 0.874055 0.400759 
1533760922514 0.148193 0.88247 -0.446415 -0.604859 -0.947499 0.256022 0.191569 -0.217156 0.283345 0.394588 0.87408 0.400724 
1533760922537 0.148082 0.882471 -0.446449 -0.604765 -0.947577 0.255846 0.191417 -0.217148 0.283142 0.3947 0.874095 0.400695 
1533760922554 0.148038 0.88247 -0.446466 -0.604677 -0.947621 0.255759 0.191317 -0.217169 0.283019 0.394758 0.874109 0.400675 
1533760922573 0.148025 0.88246 -0.44649 -0.604603 -0.947649 0.255716 0.191232 -0.217198 0.28293 0.394809 0.874115 0.400655 
1533760922590 0.148077 0.882421 -0.446549 -0.604548 -0.947658 0.255751 0.191141 -0.217255 0.282873 0.394873 0.874104 0.400637 
1533760922607 0.148137 0.882385 -0.4466 -0.604514 -0.947652 0.255812 0.191092 -0.217305 0.282863 0.394914 0.874089 0.400635 
1533760922623 0.148192 0.882355 -0.446642 -0.604475 -0.947648 0.255863 0.191044 -0.217357 0.282848 0.394948 0.874078 0.400639 
1533760922640 0.148234 0.882339 -0.446659 -0.604429 -0.947647 0.255897 0.191005 -0.217403 0.28283 0.394962 0.874078 0.400649 
1533760922712 0.148078 0.882371 -0.446648 -0.604397 -0.947724 0.255682 0.19091 -0.217284 0.282653 0.395029 0.874105 0.400668 
1533760922739 0.148103 0.882337 -0.446707 -0.604396 -0.947759 0.255662 0.19076 -0.217184 0.282521 0.395119 0.874107 0.400663 
1533760922778 0.148023 0.882313 -0.446781 -0.604362 -0.947926 0.25539 0.190293 -0.217035 0.282002 0.395347 0.874171 0.400642 
1533760922805 0.147915 0.882288 -0.446866 -0.604324 -0.948036 0.255183 0.190024 -0.216974 0.281689 0.395538 0.874186 0.400615 
1533760922842 0.147893 0.882242 -0.446964 -0.604245 -0.948146 0.255035 0.189676 -0.216986 0.281332 0.395736 0.874212 0.400599 
1533760922859 0.147948 0.882223 -0.446983 -0.604206 -0.94817 0.255042 0.189547 -0.217011 0.281222 0.395773 0.87423 0.400603 
1533760922876 0.148034 0.882195 -0.44701 -0.604152 -0.948198 0.255065 0.189373 -0.217046 0.281081 0.39582 0.874254 0.400613 
1533760922892 0.148108 0.882175 -0.447025 -0.604103 -0.948225 0.25508 0.189219 -0.217079 0.280952 0.395856 0.874279 0.400624 
1533760922909 0.148182 0.882149 -0.447051 -0.604054 -0.948251 0.255098 0.189062 -0.217118 0.280823 0.395901 0.8743 0.400627 
1533760922926 0.148242 0.882117 -0.447094 -0.604017 -0.948268 0.255123 0.188943 -0.217148 0.280734 0.395956 0.874304 0.400618 
1533760922942 0.148254 0.882088 -0.447148 -0.603997 -0.94829 0.255113 0.188849 -0.217153 0.280655 0.396029 0.874296 0.400594 
1533760922959 0.148215 0.882077 -0.447182 -0.603993 -0.948311 0.255064 0.188809 -0.217137 0.280604 0.396083 0.874288 0.400574 
1533760922999 0.148035 0.882096 -0.447205 -0.604005 -0.948321 0.254935 0.188933 -0.217062 0.280665 0.396125 0.874249 0.400594 
1533760923075 0.147364 0.882125 -0.44737 -0.603914 -0.948409 0.254397 0.189215 -0.216903 0.280721 0.396406 0.874104 0.400698 
1533760923092 0.147233 0.882104 -0.447454 -0.60387 -0.948448 0.254273 0.189188 -0.216887 0.280659 0.396532 0.874067 0.400717 
1533760923108 0.147077 0.882067 -0.447578 -0.603799 -0.948507 0.254113 0.189108 -0.216882 0.280542 0.396718 0.87402 0.400736 
1533760923125 0.146969 0.882033 -0.44768 -0.603735 -0.948567 0.253977 0.188989 -0.216894 0.280395 0.396879 0.873994 0.400737 
1533760923247 0.147066 0.882106 -0.447506 -0.603658 -0.94845 0.254169 0.189315 -0.217085 0.280738 0.396595 0.874013 0.400633 
1533760923264 0.146733 0.882237 -0.447356 -0.603636 -0.948471 0.253886 0.189593 -0.217054 0.280843 0.396484 0.874029 0.400644 
1533760923311 0.146404 0.882389 -0.447163 -0.603542 -0.948405 0.253717 0.190147 -0.217033 0.281236 0.396253 0.874008 0.400708 
1533760923369 0.146389 0.882385 -0.447176 -0.603407 -0.94831 0.253843 0.190451 -0.21717 0.281564 0.396181 0.873935 0.400714 
1533760923397 0.146183 0.882406 -0.447203 -0.603306 -0.948347 0.253658 0.190511 -0.217273 0.281545 0.396254 0.873908 0.400681 
1533760923429 0.145994 0.882435 -0.447208 -0.603183 -0.948371 0.2535 0.190605 -0.217371 0.281563 0.396292 0.873885 0.400658 
1533760923449 0.145882 0.882455 -0.447205 -0.603142 -0.948383 0.253406 0.190669 -0.21739 0.281581 0.396307 0.873873 0.400647 
1533760923466 0.145719 0.882493 -0.447183 -0.603099 -0.948405 0.253263 0.190754 -0.217393 0.281594 0.396314 0.873865 0.400638 
1533760923484 0.145571 0.882526 -0.447165 -0.603069 -0.948423 0.253134 0.190833 -0.217388 0.281608 0.396322 0.873857 0.400637 
1533760923528 0.14529 0.882614 -0.447084 -0.602962 -0.94843 0.252917 0.191085 -0.217398 0.281729 0.396265 0.873844 0.400669 
1533760923610 0.145282 0.88259 -0.447133 -0.602803 -0.948362 0.253018 0.191287 -0.217563 0.281961 0.396254 0.873774 0.40067 
1533760923646 0.145261 0.882589 -0.447143 -0.602623 -0.948326 0.253056 0.191415 -0.217711 0.282093 0.396232 0.873741 0.400681 
1533760923683 0.145045 0.882576 -0.447237 -0.602474 -0.948278 0.253 0.191729 -0.217762 0.282366 0.396296 0.873624 0.400646 
1533760923766 0.144276 0.882653 -0.447335 -0.602291 -0.948273 0.252511 0.192398 -0.217732 0.282778 0.396437 0.873427 0.400558 
1533760923806 0.144043 0.882675 -0.447366 -0.602136 -0.94827 0.252365 0.192603 -0.217852 0.282905 0.396481 0.873366 0.400543 
1533760923848 0.144097 0.882652 -0.447394 -0.601962 -0.948208 0.252493 0.192738 -0.217999 0.283084 0.39645 0.873322 0.400539 
1533760923865 0.144075 0.882655 -0.447396 -0.60191 -0.948194 0.252499 0.1928 -0.218029 0.283143 0.39644 0.873307 0.400538 
1533760923882 0.144005 0.882667 -0.447394 -0.601857 -0.948184 0.252465 0.192893 -0.218038 0.283212 0.396434 0.873287 0.400533 
1533760923898 0.143869 0.882688 -0.447397 -0.601809 -0.948187 0.25237 0.193005 -0.218032 0.283273 0.396448 0.873261 0.400521 
1533760923915 0.143665 0.882719 -0.447401 -0.60177 -0.94821 0.252201 0.193111 -0.218016 0.283298 0.396486 0.873236 0.400508 
1533760923936 0.143387 0.882766 -0.447397 -0.60172 -0.948238 0.251974 0.193272 -0.217974 0.283347 0.396526 0.873202 0.40049 
1533760924031 0.143384 0.882794 -0.447343 -0.601577 -0.948203 0.252009 0.193398 -0.21808 0.283465 0.396442 0.873202 0.400516 
1533760924064 0.143182 0.882901 -0.447196 -0.601409 -0.948243 0.251785 0.193494 -0.218146 0.283433 0.396345 0.873256 0.400568 
1533760924093 0.142865 0.88299 -0.447123 -0.601253 -0.948294 0.251483 0.193635 -0.218201 0.283421 0.396341 0.873262 0.400571 
1533760924133 0.142744 0.883102 -0.446939 -0.601076 -0.948312 0.251336 0.19374 -0.218286 0.283424 0.396182 0.873333 0.400554 
1533760924185 0.142432 0.883225 -0.446797 -0.600917 -0.94831 0.251096 0.194058 -0.218296 0.283586 0.396062 0.873335 0.400551 
1533760924202 0.142278 0.883266 -0.446764 -0.600877 -0.94832 0.250971 0.194172 -0.21827 0.283631 0.396049 0.873326 0.400548 
1533760924218 0.142031 0.883333 -0.446709 -0.600799 -0.948347 0.250753 0.194319 -0.21825 0.283662 0.396037 0.873322 0.400551 
1533760924235 0.141817 0.883403 -0.44664 -0.60071 -0.948364 0.250571 0.194475 -0.218236 0.283715 0.395998 0.873322 0.400561 
1533760924252 0.14167 0.883451 -0.446592 -0.600641 -0.948369 0.250452 0.1946 -0.218232 0.283769 0.395965 0.873319 0.400568 
1533760924268 0.141572 0.88348 -0.446566 -0.600593 -0.948373 0.250376 0.194682 -0.218236 0.283807 0.395949 0.873314 0.400571 
1533760924285 0.14162 0.883458 -0.446593 -0.600557 -0.948339 0.250462 0.194738 -0.218294 0.283897 0.395943 0.873288 0.400559 
1533760924409 0.141438 0.883576 -0.446417 -0.600419 -0.948207 0.250483 0.195352 -0.218273 0.284428 0.395666 0.873241 0.400592 
1533760924436 0.141019 0.883677 -0.446351 -0.600251 -0.948222 0.250163 0.195688 -0.218277 0.284585 0.395644 0.873199 0.400583 
1533760924457 0.140864 0.883722 -0.446311 -0.600142 -0.948191 0.250091 0.195927 -0.218301 0.284764 0.395589 0.873166 0.400575 
1533760924505 0.140764 0.883721 -0.446343 -0.600044 -0.948121 0.250128 0.196222 -0.218394 0.285048 0.395567 0.873083 0.400522 
1533760924528 0.140694 0.883739 -0.44633 -0.600001 -0.948121 0.250077 0.196286 -0.218424 0.285083 0.395558 0.873076 0.400517 
1533760924542 0.140587 0.883772 -0.446298 -0.599953 -0.948127 0.249988 0.196368 -0.218433 0.285114 0.39554 0.873074 0.40052 
1533760924687 0.140563 0.883743 -0.446364 -0.599737 -0.948193 0.249896 0.196169 -0.218467 0.284907 0.395665 0.873085 0.400564 
1533760924705 0.140699 0.883575 -0.446653 -0.599796 -0.948215 0.250022 0.195902 -0.218448 0.284767 0.39596 0.872997 0.400578 
1533760924757 0.140617 0.883415 -0.446995 -0.599856 -0.948317 0.249899 0.195562 -0.218315 0.284467 0.396394 0.872898 0.400597 
1533760924823 0.140403 0.883404 -0.447085 -0.599788 -0.948437 0.249608 0.195356 -0.21818 0.284174 0.396603 0.872898 0.40057 
1533760924856 0.140302 0.883301 -0.44732 -0.599711 -0.948494 0.24951 0.195201 -0.218156 0.284032 0.396893 0.872812 0.400605 
1533760924893 0.140323 0.883177 -0.447558 -0.599639 -0.948522 0.249538 0.195029 -0.218155 0.283928 0.397152 0.872729 0.400638 
1533760924938 0.140367 0.883097 -0.447701 -0.599543 -0.948539 0.249577 0.194899 -0.218142 0.28385 0.397305 0.872684 0.400687 
1533760924951 0.140379 0.883087 -0.447717 -0.599516 -0.948543 0.249582 0.194872 -0.218139 0.283831 0.397323 0.872682 0.4007 
1533760924968 0.140368 0.883066 -0.447763 -0.599482 -0.948563 0.249557 0.194807 -0.218122 0.28377 0.397387 0.872673 0.400713 
1533760924985 0.140335 0.883046 -0.447811 -0.599454 -0.948594 0.249502 0.194727 -0.218098 0.283683 0.397464 0.872666 0.400715 
1533760925001 0.140266 0.882988 -0.447949 -0.599439 -0.948617 0.249453 0.194676 -0.218065 0.283639 0.397625 0.872607 0.400705 
1533760925018 0.140174 0.882907 -0.448136 -0.599427 -0.948644 0.249394 0.194621 -0.218031 0.283595 0.39784 0.872523 0.400689 
1533760925081 0.140205 0.882846 -0.448246 -0.599422 -0.948677 0.249392 0.194459 -0.218066 0.283467 0.397977 0.872503 0.400643 
1533760925098 0.140337 0.882906 -0.448088 -0.59943 -0.948641 0.249497 0.194501 -0.218101 0.283523 0.397779 0.872575 0.400632 
1533760925115 0.140469 0.882983 -0.447895 -0.599429 -0.948585 0.249623 0.194615 -0.218121 0.283646 0.397529 0.872649 0.400619 
1533760925135 0.140466 0.883075 -0.447713 -0.599438 -0.948532 0.249656 0.194831 -0.218141 0.283825 0.397303 0.872693 0.40059 
1533760925153 0.140425 0.883089 -0.4477 -0.59946 -0.948481 0.249697 0.195029 -0.21815 0.284017 0.397248 0.872656 0.400545 
1533760925169 0.140356 0.883078 -0.447742 -0.599477 -0.948458 0.249691 0.195146 -0.218146 0.284126 0.397275 0.872608 0.400504 
1533760925264 0.140133 0.883103 -0.447764 -0.599466 -0.94844 0.24957 0.195389 -0.218027 0.284297 0.397296 0.872543 0.400415 
1533760925289 0.140521 0.883101 -0.447646 -0.599448 -0.948457 0.249783 0.195033 -0.218086 0.284048 0.397167 0.872683 0.400488 
1533760925316 0.140901 0.883085 -0.447558 -0.599434 -0.948552 0.249889 0.194435 -0.218175 0.283542 0.397136 0.872861 0.400564 
1533760925357 0.141109 0.883088 -0.447486 -0.59945 -0.948686 0.249826 0.193862 -0.218187 0.282991 0.397168 0.873026 0.400597 
1533760925396 0.141193 0.883069 -0.447497 -0.599489 -0.948739 0.249811 0.193622 -0.218087 0.282771 0.39722 0.873073 0.400542 
1533760925429 0.141304 0.88307 -0.447461 -0.599512 -0.948788 0.249809 0.193382 -0.21799 0.282549 0.39722 0.873145 0.400505 
1533760925457 0.14146 0.883059 -0.447433 -0.599521 -0.948833 0.249845 0.193114 -0.217934 0.28232 0.397222 0.873218 0.400474 
1533760925499 0.141596 0.883037 -0.447432 -0.599525 -0.948964 0.249752 0.19259 -0.217927 0.281812 0.397327 0.873335 0.400431 
1533760925519 0.141666 0.883031 -0.447424 -0.599525 -0.949014 0.249728 0.192378 -0.217925 0.28161 0.397358 0.873386 0.400416 
1533760925536 0.141728 0.883023 -0.447419 -0.599528 -0.949065 0.249696 0.192165 -0.217919 0.281405 0.397394 0.873435 0.400395 
1533760925553 0.141904 0.883002 -0.447405 -0.599532 -0.949091 0.249775 0.191935 -0.217912 0.28123 0.397392 0.873493 0.400378 
1533760925569 0.142047 0.882993 -0.447378 -0.599535 -0.949108 0.249841 0.191762 -0.217905 0.281098 0.397371 0.873545 0.400377 
1533760925588 0.142158 0.882993 -0.447341 -0.599539 -0.949128 0.24988 0.191614 -0.217892 0.280976 0.397344 0.873596 0.400385 
1533760925603 0.142131 0.883014 -0.447308 -0.599542 -0.949152 0.249822 0.191572 -0.217877 0.280908 0.397335 0.873622 0.400406 
1533760925648 0.141954 0.883049 -0.447297 -0.599538 -0.949136 0.249722 0.191781 -0.21785 0.281052 0.397321 0.873582 0.400479 
1533760925661 0.141781 0.882997 -0.447453 -0.599545 -0.949122 0.249659 0.191931 -0.217854 0.281185 0.397476 0.873469 0.400491 
1533760925678 0.141622 0.882913 -0.447669 -0.599549 -0.949093 0.24964 0.1921 -0.217874 0.281364 0.397674 0.873321 0.400502 
1533760925695 0.141534 0.882836 -0.447849 -0.599544 -0.949054 0.249675 0.192249 -0.217908 0.281541 0.397823 0.873196 0.400523 
1533760925715 0.141514 0.88276 -0.448005 -0.599537 -0.949002 0.249769 0.192383 -0.217942 0.281725 0.397933 0.873087 0.400549 
1533760925731 0.141547 0.882683 -0.448146 -0.59953 -0.94894 0.249909 0.192506 -0.217971 0.281918 0.398015 0.872987 0.400578 
1533760925748 0.141562 0.882615 -0.448276 -0.599524 -0.948893 0.250014 0.192602 -0.217992 0.282068 0.3981 0.872899 0.400599 
1533760925765 0.141525 0.882557 -0.448402 -0.599527 -0.948873 0.250044 0.19266 -0.217986 0.282154 0.398211 0.872822 0.400599 
1533760925781 0.141483 0.882509 -0.448509 -0.599532 -0.948882 0.250026 0.192639 -0.217967 0.282144 0.398327 0.872772 0.400586 
1533760925798 0.141398 0.882483 -0.448586 -0.599539 -0.948918 0.249936 0.19258 -0.217947 0.282067 0.398441 0.872745 0.400571 
1533760925857 0.141276 0.88253 -0.448533 -0.599539 -0.948914 0.249847 0.192714 -0.217886 0.28214 0.398393 0.872743 0.400539 
1533760925883 0.141264 0.88264 -0.44832 -0.599525 -0.948856 0.249874 0.192963 -0.217876 0.282341 0.398132 0.872797 0.400516 
1533760925897 0.141145 0.882704 -0.448231 -0.599524 -0.948838 0.2498 0.193149 -0.217867 0.282462 0.398036 0.872802 0.400508 
1533760925913 0.141022 0.882751 -0.448178 -0.599528 -0.948794 0.249766 0.193406 -0.217849 0.282669 0.397954 0.872772 0.400499 
1533760925933 0.140918 0.882768 -0.448177 -0.599531 -0.94871 0.249814 0.193759 -0.217832 0.283005 0.397886 0.872694 0.400497 
1533760925950 0.14085 0.882751 -0.448233 -0.599533 -0.948644 0.249873 0.194004 -0.217839 0.283259 0.397888 0.872611 0.400498 
1533760925970 0.140775 0.88272 -0.448317 -0.599531 -0.948593 0.249913 0.194204 -0.21787 0.283468 0.397931 0.872523 0.400496 
1533760925990 0.140719 0.8827 -0.448373 -0.59952 -0.94855 0.249947 0.194368 -0.217913 0.283639 0.397953 0.872458 0.400506 
1533760926007 0.140691 0.882658 -0.448464 -0.599512 -0.948505 0.250012 0.194505 -0.217956 0.283803 0.398005 0.87238 0.400526 
1533760926024 0.140734 0.882615 -0.448536 -0.599501 -0.94846 0.25012 0.194587 -0.218003 0.283933 0.398033 0.872325 0.400539 
1533760926040 0.14078 0.882598 -0.448556 -0.599498 -0.948448 0.250172 0.194578 -0.218024 0.28395 0.398039 0.872317 0.400536 
1533760926118 0.140432 0.882586 -0.448687 -0.599527 -0.948612 0.249735 0.194339 -0.217991 0.283574 0.398339 0.872303 0.400382 
1533760926134 0.140222 0.882623 -0.448682 -0.599528 -0.948659 0.249525 0.194378 -0.217985 0.28352 0.39839 0.872297 0.400381 
1533760926151 0.140039 0.882644 -0.448697 -0.599532 -0.948646 0.249423 0.194573 -0.217963 0.283653 0.398407 0.872246 0.400375 
1533760926168 0.139881 0.882656 -0.448722 -0.599533 -0.948602 0.249384 0.19484 -0.217934 0.283881 0.398405 0.872173 0.40037 
1533760926185 0.139789 0.882657 -0.448749 -0.599533 -0.948547 0.249404 0.195079 -0.217919 0.284108 0.398389 0.872106 0.400371 
1533760926201 0.139749 0.882648 -0.44878 -0.599529 -0.948495 0.249457 0.195265 -0.21792 0.284302 0.398377 0.872048 0.400367 
1533760926218 0.139772 0.882646 -0.448775 -0.599521 -0.948463 0.249516 0.195346 -0.217934 0.284399 0.398343 0.872032 0.400383 
1533760926237 0.139841 0.882645 -0.448757 -0.599516 -0.948449 0.249578 0.195332 -0.217961 0.284409 0.398308 0.872045 0.400411 
1533760926336 0.140357 0.882712 -0.448463 -0.599459 -0.948295 0.250079 0.19544 -0.218124 0.284668 0.397843 0.872172 0.400423 
1533760926352 0.140191 0.882755 -0.448431 -0.599454 -0.948264 0.250003 0.19569 -0.218122 0.284856 0.397797 0.872133 0.400406 
1533760926367 0.140028 0.882785 -0.448423 -0.599455 -0.948241 0.249922 0.195902 -0.218117 0.28501 0.397782 0.872089 0.400379 
1533760926382 0.139929 0.882806 -0.448413 -0.599456 -0.948217 0.249886 0.196064 -0.218112 0.285138 0.397758 0.872058 0.400361 
1533760926399 0.13978 0.882834 -0.448403 -0.599456 -0.948194 0.249814 0.196266 -0.218109 0.285287 0.397739 0.872018 0.400345 
1533760926416 0.139672 0.882841 -0.448424 -0.599461 -0.948191 0.24975 0.196363 -0.218117 0.285351 0.397765 0.871985 0.400341 
1533760926434 0.139697 0.882837 -0.448423 -0.599463 -0.948156 0.249816 0.196449 -0.218134 0.285456 0.397732 0.871966 0.400358 
1533760926449 0.139729 0.88284 -0.448407 -0.599463 -0.948124 0.249879 0.196525 -0.218149 0.285548 0.397685 0.871957 0.40039 
1533760926466 0.139754 0.882849 -0.448383 -0.599461 -0.948092 0.249935 0.196606 -0.218159 0.28564 0.397632 0.871951 0.400432 
1533760926484 0.139773 0.882851 -0.448372 -0.599459 -0.948078 0.249965 0.196635 -0.218168 0.285676 0.397608 0.87195 0.400453 
1533760926499 0.139801 0.88285 -0.448364 -0.599454 -0.948084 0.249975 0.196597 -0.218183 0.285645 0.397603 0.871963 0.400461 
1533760926516 0.139801 0.882818 -0.448429 -0.599459 -0.948085 0.249986 0.196573 -0.218192 0.285639 0.397668 0.871935 0.40045 
1533760926533 0.139801 0.882766 -0.44853 -0.599464 -0.948086 0.250007 0.196541 -0.218199 0.285636 0.397769 0.87189 0.400424 
1533760926553 0.139767 0.882728 -0.448615 -0.599459 -0.948093 0.249993 0.196525 -0.218192 0.285629 0.397861 0.87185 0.400399 
1533760926569 0.139727 0.882708 -0.448667 -0.599454 -0.948097 0.249972 0.196533 -0.218184 0.285636 0.397919 0.871821 0.40039 
1533760926587 0.139703 0.882685 -0.44872 -0.59945 -0.948094 0.249973 0.19655 -0.218183 0.28566 0.39797 0.87179 0.400386 
1533760926602 0.139697 0.882671 -0.448751 -0.599449 -0.948085 0.249988 0.196573 -0.218192 0.285691 0.397994 0.871769 0.400394 
1533760926707 0.139726 0.882704 -0.448676 -0.599433 -0.948093 0.24998 0.196546 -0.218232 0.285651 0.397924 0.871814 0.400478 
1533760926722 0.14 0.882716 -0.448567 -0.599424 -0.948073 0.250169 0.1964 -0.218242 0.285583 0.397778 0.871903 0.40049 
1533760926738 0.140326 0.882758 -0.448383 -0.599414 -0.948096 0.250318 0.196098 -0.218247 0.285345 0.397593 0.872065 0.400498 
1533760926754 0.140525 0.882809 -0.448219 -0.599412 -0.948143 0.250351 0.195828 -0.218232 0.285091 0.397457 0.87221 0.400492 
1533760926771 0.140492 0.882844 -0.448162 -0.599424 -0.948216 0.250214 0.195651 -0.218204 0.284866 0.397467 0.87228 0.400475 
1533760926828 0.140412 0.882865 -0.448145 -0.599481 -0.948368 0.249944 0.195258 -0.218098 0.284398 0.39759 0.872376 0.400423 
1533760926849 0.140597 0.882842 -0.448133 -0.5995 -0.948363 0.250074 0.195118 -0.218059 0.284325 0.397559 0.872414 0.400406 
1533760926866 0.140643 0.882837 -0.448127 -0.599504 -0.948365 0.250101 0.195074 -0.218049 0.284296 0.397552 0.872427 0.400403 
1533760926885 0.140839 0.882823 -0.448094 -0.599512 -0.948389 0.250193 0.194839 -0.21802 0.284118 0.397526 0.872496 0.400392 
1533760926906 0.140932 0.882811 -0.448089 -0.599514 -0.948412 0.250222 0.194688 -0.218023 0.283994 0.397535 0.872532 0.400382 
1533760926922 0.140986 0.8828 -0.448093 -0.599517 -0.948432 0.250232 0.194579 -0.218027 0.283902 0.397552 0.872555 0.40037 
1533760926943 0.140966 0.882801 -0.448097 -0.599516 -0.948458 0.250183 0.194514 -0.218034 0.283823 0.397581 0.872567 0.400362 
1533760926959 0.140926 0.882813 -0.448086 -0.59951 -0.948479 0.250124 0.194487 -0.218047 0.283773 0.397592 0.872579 0.400366 
1533760926982 0.140929 0.882827 -0.448057 -0.599504 -0.948488 0.250107 0.194467 -0.21806 0.283743 0.39757 0.872598 0.400388 
1533760926996 0.140889 0.882846 -0.448033 -0.5995 -0.948509 0.250045 0.194441 -0.218066 0.28369 0.397569 0.872616 0.400404 
1533760927013 0.140835 0.882872 -0.447998 -0.59949 -0.948551 0.249942 0.194371 -0.218069 0.283578 0.397575 0.87265 0.400433 
1533760927033 0.140782 0.882893 -0.447973 -0.599476 -0.948642 0.249773 0.194142 -0.218081 0.283299 0.397635 0.872713 0.400478 
1533760927050 0.140772 0.882906 -0.447951 -0.599465 -0.948716 0.249657 0.193929 -0.218099 0.283055 0.397678 0.872772 0.400508 
1533760927066 0.140937 0.882897 -0.447917 -0.599452 -0.948758 0.249703 0.193667 -0.21813 0.282835 0.397669 0.872848 0.400538 
1533760927086 0.141134 0.882877 -0.447894 -0.599442 -0.94877 0.249815 0.193465 -0.218153 0.282696 0.397644 0.872904 0.400554 
1533760927103 0.141249 0.882871 -0.44787 -0.599434 -0.948763 0.249897 0.193392 -0.218157 0.282662 0.397606 0.872933 0.400553 
1533760927120 0.141293 0.882854 -0.447889 -0.599434 -0.948754 0.249943 0.193375 -0.218146 0.282669 0.397614 0.872927 0.400527 
1533760927136 0.141217 0.882804 -0.448012 -0.599452 -0.948765 0.249903 0.193372 -0.218122 0.282669 0.397751 0.872864 0.400484 
1533760927153 0.141094 0.882744 -0.448168 -0.599487 -0.948785 0.249827 0.193376 -0.218076 0.282666 0.397931 0.872783 0.400434 
1533760927170 0.140984 0.8827 -0.448291 -0.599519 -0.948808 0.249746 0.193366 -0.218032 0.282643 0.39808 0.872723 0.400395 
1533760927256 0.140597 0.882639 -0.448533 -0.599569 -0.949037 0.249214 0.192927 -0.218015 0.282066 0.398549 0.872696 0.400396 
1533760927275 0.140553 0.882676 -0.448472 -0.599533 -0.94901 0.249209 0.193066 -0.21808 0.282178 0.398469 0.872696 0.400489 
1533760927289 0.140427 0.882715 -0.448435 -0.599504 -0.949023 0.249098 0.193146 -0.218139 0.282198 0.398452 0.872697 0.40056 
1533760927303 0.14037 0.882743 -0.448399 -0.599474 -0.94901 0.24907 0.193249 -0.2182 0.282271 0.398409 0.872693 0.400629 
1533760927320 0.140348 0.882734 -0.448424 -0.599443 -0.948972 0.249114 0.193378 -0.218279 0.28241 0.398401 0.872652 0.400709 
1533760927340 0.140361 0.882691 -0.448504 -0.599427 -0.948924 0.249208 0.193492 -0.218336 0.282564 0.398437 0.872585 0.400767 
1533760927356 0.140328 0.88266 -0.448575 -0.599425 -0.948907 0.249225 0.193553 -0.21836 0.282638 0.398495 0.872535 0.400793 
1533760927373 0.140236 0.882639 -0.448644 -0.599431 -0.948908 0.249177 0.193609 -0.218359 0.282679 0.398571 0.872487 0.400805 
1533760927390 0.140124 0.882618 -0.448721 -0.59944 -0.948917 0.249105 0.193658 -0.21835 0.282705 0.398663 0.872437 0.400813 
1533760927406 0.139931 0.882594 -0.448828 -0.599457 -0.948944 0.24896 0.193714 -0.218334 0.282711 0.398806 0.872369 0.400816 
1533760927423 0.139768 0.882565 -0.448936 -0.599473 -0.948972 0.248833 0.193738 -0.218327 0.282696 0.39895 0.872308 0.400816 
1533760927479 0.139543 0.882563 -0.449011 -0.599486 -0.949081 0.248543 0.193575 -0.218339 0.282441 0.399136 0.872306 0.400814 
1533760927493 0.139543 0.882599 -0.44894 -0.599483 -0.949094 0.24851 0.193556 -0.218328 0.282398 0.399077 0.872347 0.400812 
1533760927510 0.139583 0.882711 -0.448708 -0.599468 -0.949124 0.248443 0.193494 -0.218318 0.282277 0.398871 0.87248 0.400809 
1533760927533 0.139626 0.88283 -0.44846 -0.599457 -0.949167 0.248357 0.193393 -0.218308 0.282111 0.398661 0.87263 0.400782 
1533760927671 0.139023 0.882686 -0.44893 -0.599571 -0.949304 0.247858 0.19336 -0.218246 0.281947 0.39929 0.872395 0.400615 
1533760927738 0.139149 0.882434 -0.449386 -0.599514 -0.949291 0.248062 0.193165 -0.218251 0.281931 0.399719 0.872204 0.400848 
1533760927812 0.13921 0.88235 -0.449533 -0.599441 -0.949327 0.248083 0.192956 -0.218348 0.281776 0.399892 0.872174 0.401037 
1533760927837 0.139087 0.882157 -0.449948 -0.599471 -0.949361 0.248042 0.192842 -0.218371 0.281723 0.400342 0.871985 0.401044 
1533760927950 0.138724 0.881851 -0.45066 -0.599505 -0.949524 0.247721 0.192455 -0.218359 0.281355 0.401214 0.871703 0.401125 
1533760927974 0.138507 0.881685 -0.451051 -0.599533 -0.949585 0.247573 0.192344 -0.218338 0.281255 0.40167 0.871525 0.401141 
1533760927991 0.138399 0.88161 -0.45123 -0.599541 -0.949623 0.247484 0.192271 -0.21832 0.28118 0.401889 0.871449 0.401153 
1533760928008 0.138308 0.881572 -0.451333 -0.599536 -0.949667 0.247383 0.192184 -0.218297 0.281077 0.402035 0.871415 0.401173 
1533760928027 0.138219 0.881584 -0.451337 -0.599514 -0.949711 0.24726 0.192124 -0.218263 0.280971 0.402085 0.871426 0.401217 
1533760928041 0.138179 0.88159 -0.451339 -0.599502 -0.949721 0.247219 0.192127 -0.218243 0.280956 0.402098 0.871425 0.401243 
1533760928129 0.138237 0.881459 -0.451576 -0.599543 -0.949646 0.247417 0.192241 -0.218325 0.28118 0.402263 0.871276 0.401249 
1533760928144 0.138077 0.881467 -0.45161 -0.599547 -0.949597 0.247387 0.192523 -0.218323 0.281424 0.402264 0.871197 0.401239 
1533760928159 0.137936 0.881474 -0.451639 -0.599547 -0.949543 0.247374 0.192804 -0.218321 0.281675 0.402256 0.87112 0.401228 
1533760928176 0.137823 0.881477 -0.451667 -0.599545 -0.949471 0.247407 0.193117 -0.218328 0.281974 0.402229 0.871035 0.401226 
