1534172543767 0.328269 0.899305 -0.288948 -0.500838 -0.93527 0.352304 0.0339465 -0.224632 0.132326 0.259101 0.956743 0.349434 
1534172557852 0.328266 0.899304 -0.288952 -0.500839 -0.935271 0.352301 0.033946 -0.22463 0.132326 0.259105 0.956742 0.349432 
1534172560132 0.383425 0.923568 0.00265548 -0.538076 -0.922482 0.382832 0.0496623 -0.224925 0.0448499 -0.0214914 0.998763 0.348258 
1534172562004 0.410566 0.86357 0.292717 -0.575714 -0.910278 0.406903 0.0763207 -0.224702 -0.0531991 -0.297788 0.953148 0.346932 
