1535374016278 0.249326 0.925721 -0.28439 -0.604856 -0.934275 0.307221 0.180958 -0.231262 0.254887 0.220581 0.941476 0.384185 
1535374024232 0.249329 0.92572 -0.284391 -0.604855 -0.934274 0.307224 0.180957 -0.231264 0.254887 0.220581 0.941476 0.384185 
1535374024672 0.249839 0.92571 -0.283976 -0.607865 -0.934332 0.307462 0.180252 -0.232446 0.254172 0.220294 0.941736 0.383312 
1535374025164 0.250081 0.92576 -0.283597 -0.611138 -0.934506 0.307411 0.179434 -0.233644 0.253294 0.22015 0.942006 0.382218 
1535374025650 0.250003 0.926045 -0.282736 -0.614433 -0.934748 0.306979 0.178917 -0.234635 0.252479 0.219557 0.942364 0.381245 
1535374026119 0.249899 0.926196 -0.282331 -0.61774 -0.935025 0.306584 0.178141 -0.235714 0.251551 0.219469 0.942632 0.380186 
1535374026609 0.249966 0.926344 -0.281786 -0.620995 -0.935254 0.306328 0.177379 -0.236831 0.250633 0.219203 0.942939 0.379106 
1535374027145 0.249901 0.926603 -0.28099 -0.624278 -0.935518 0.305898 0.176728 -0.237912 0.249711 0.218707 0.943298 0.378179 
1535374027673 0.249929 0.926745 -0.2805 -0.627573 -0.935725 0.305642 0.176071 -0.23904 0.248905 0.218466 0.943567 0.377094 
1535374028154 0.2499 0.926957 -0.279822 -0.630843 -0.935986 0.305264 0.175339 -0.24015 0.247952 0.218092 0.943905 0.376126 
1535374028642 0.249883 0.92717 -0.27913 -0.634113 -0.936276 0.304866 0.174481 -0.241192 0.246871 0.217743 0.944268 0.375018 
1535374028675 0.249393 0.927318 -0.279079 -0.634291 -0.936431 0.304367 0.174522 -0.241074 0.24678 0.217813 0.944276 0.374969 
1535374028696 0.249255 0.927364 -0.279048 -0.634352 -0.936472 0.304225 0.174547 -0.240994 0.246762 0.217814 0.94428 0.374949 
1535374029134 0.249024 0.927119 -0.280068 -0.634369 -0.936249 0.304448 0.175355 -0.241373 0.247841 0.218546 0.943829 0.375006 
1535374029495 0.248117 0.927114 -0.280887 -0.634618 -0.936308 0.303898 0.175991 -0.241419 0.248525 0.21933 0.943467 0.375011 
1535374029733 0.247473 0.927061 -0.28163 -0.63482 -0.936309 0.303574 0.176545 -0.241626 0.249163 0.220003 0.943142 0.375043 
1535374030060 0.24653 0.927039 -0.282528 -0.635081 -0.936354 0.303026 0.177246 -0.241769 0.249928 0.22085 0.942741 0.375042 
1535374030396 0.245782 0.926994 -0.283324 -0.63532 -0.936354 0.302639 0.177906 -0.241835 0.250663 0.221566 0.942378 0.375018 
1535374030705 0.245065 0.926926 -0.284168 -0.635547 -0.936284 0.302346 0.178773 -0.241982 0.251626 0.222251 0.94196 0.375035 
1535374030972 0.244245 0.926938 -0.284834 -0.635792 -0.936317 0.301853 0.179431 -0.242035 0.252299 0.22287 0.941634 0.375054 
1535374031260 0.243477 0.926877 -0.285688 -0.636015 -0.936345 0.301439 0.179979 -0.242197 0.252936 0.223682 0.941271 0.374977 
1535374031431 0.243077 0.926768 -0.286381 -0.636198 -0.936248 0.30137 0.180599 -0.242399 0.253681 0.224224 0.940941 0.375045 
1535374031475 0.243052 0.926765 -0.286414 -0.636202 -0.936251 0.301356 0.180607 -0.242392 0.253693 0.224258 0.940929 0.375027 
1535374031684 0.243441 0.926908 -0.285618 -0.636085 -0.936328 0.301414 0.18011 -0.242285 0.253035 0.223586 0.941267 0.375079 
1535374031924 0.24297 0.926966 -0.285832 -0.636254 -0.936522 0.300943 0.179887 -0.242273 0.252768 0.223981 0.941244 0.375069 
1535374032168 0.243047 0.92693 -0.285883 -0.636245 -0.936491 0.301037 0.179894 -0.24235 0.25281 0.224004 0.941227 0.375065 
1535374032392 0.242613 0.92701 -0.28599 -0.636441 -0.936573 0.300672 0.180078 -0.242394 0.252923 0.224161 0.94116 0.375135 
1535374032624 0.242485 0.927015 -0.286084 -0.636512 -0.936603 0.30057 0.180089 -0.24251 0.252934 0.224279 0.941129 0.375144 
1535374032853 0.242283 0.927009 -0.286274 -0.63664 -0.936656 0.300414 0.180075 -0.242544 0.252932 0.224511 0.941074 0.375205 
1535374033065 0.242114 0.927024 -0.286371 -0.636739 -0.936705 0.300267 0.180066 -0.242593 0.252914 0.224648 0.941046 0.375225 
1535374033283 0.241907 0.927071 -0.286394 -0.636841 -0.93674 0.30009 0.180176 -0.242643 0.252979 0.224691 0.941018 0.375289 
1535374033556 0.24167 0.927113 -0.286455 -0.636967 -0.936783 0.299893 0.180281 -0.242694 0.253046 0.224778 0.94098 0.375345 
1535374033569 0.241685 0.927108 -0.286458 -0.63697 -0.936777 0.29991 0.180285 -0.2427 0.253055 0.224776 0.940978 0.375349 
1535374033744 0.241536 0.927163 -0.286408 -0.636945 -0.936834 0.299741 0.180268 -0.242641 0.252986 0.224776 0.940996 0.375351 
1535374033935 0.241243 0.927343 -0.286072 -0.636918 -0.937016 0.299304 0.180053 -0.242737 0.252594 0.224617 0.941139 0.375337 
1535374034114 0.240961 0.92747 -0.285896 -0.636966 -0.937173 0.298925 0.179861 -0.24291 0.252277 0.224594 0.94123 0.375391 
1535374034308 0.240293 0.927691 -0.285744 -0.637063 -0.937445 0.29817 0.1797 -0.242916 0.251906 0.224688 0.941307 0.375422 
1535374034495 0.24024 0.927804 -0.28542 -0.637085 -0.937555 0.29797 0.179456 -0.243113 0.251546 0.224485 0.941452 0.375467 
1535374034691 0.239688 0.927949 -0.285411 -0.637174 -0.937753 0.297392 0.179379 -0.243145 0.251334 0.22465 0.941469 0.3755 
1535374034879 0.239274 0.928179 -0.285012 -0.637214 -0.937963 0.296827 0.179216 -0.243171 0.250944 0.224449 0.941621 0.37556 
1535374035061 0.239012 0.928255 -0.284985 -0.637306 -0.938082 0.296526 0.179093 -0.243225 0.25075 0.224534 0.941652 0.375596 
1535374035277 0.238513 0.928481 -0.284666 -0.63733 -0.938334 0.295877 0.178848 -0.243335 0.250283 0.224455 0.941795 0.375633 
1535374035288 0.23845 0.928496 -0.284671 -0.637336 -0.938355 0.295814 0.178841 -0.24334 0.250263 0.224477 0.941795 0.375635 
1535374035305 0.238449 0.928495 -0.284672 -0.637341 -0.938357 0.295812 0.178834 -0.243346 0.250256 0.224481 0.941796 0.375636 
1535374035500 0.238744 0.928531 -0.28431 -0.637385 -0.938322 0.295987 0.178729 -0.243524 0.250107 0.224104 0.941926 0.375599 
1535374035548 0.238474 0.928698 -0.283989 -0.637437 -0.938405 0.295655 0.178842 -0.24362 0.250053 0.223847 0.942001 0.375561 
1535374035669 0.237889 0.928947 -0.283666 -0.637474 -0.938657 0.294942 0.178697 -0.243613 0.249665 0.223755 0.942126 0.375528 
1535374035731 0.237663 0.929131 -0.283253 -0.637544 -0.93882 0.294552 0.17848 -0.243742 0.249264 0.223505 0.942291 0.375502 
1535374035854 0.237189 0.929338 -0.282971 -0.637631 -0.939032 0.293964 0.178338 -0.24375 0.24892 0.223419 0.942403 0.375419 
1535374035915 0.237064 0.929523 -0.282468 -0.637663 -0.939133 0.293686 0.178261 -0.243941 0.248655 0.223016 0.942568 0.375388 
1535374036057 0.236581 0.929727 -0.282201 -0.637727 -0.939337 0.293101 0.178151 -0.243943 0.248345 0.222935 0.942669 0.375305 
1535374036083 0.236521 0.929785 -0.28206 -0.637735 -0.939393 0.29298 0.178055 -0.244039 0.248191 0.222852 0.942729 0.375297 
1535374036095 0.236483 0.92983 -0.281944 -0.637742 -0.939435 0.292892 0.177979 -0.244119 0.248069 0.222779 0.942778 0.375292 
1535374036259 0.236576 0.929901 -0.281631 -0.637775 -0.939463 0.292875 0.177856 -0.244098 0.247871 0.222506 0.942895 0.37527 
1535374036267 0.236773 0.929855 -0.281618 -0.637769 -0.939397 0.293074 0.177876 -0.24407 0.247934 0.222435 0.942895 0.375266 
1535374036318 0.237151 0.929782 -0.28154 -0.637737 -0.939226 0.293488 0.178098 -0.243965 0.248221 0.222194 0.942877 0.375244 
1535374036423 0.237451 0.929711 -0.281521 -0.637712 -0.939148 0.293773 0.178041 -0.244028 0.24823 0.222114 0.942893 0.375171 
1535374036471 0.23771 0.929692 -0.281367 -0.637702 -0.939111 0.293964 0.177918 -0.244105 0.24812 0.221942 0.942962 0.375128 
1535374036586 0.238559 0.929607 -0.280928 -0.63767 -0.938862 0.29472 0.177983 -0.244232 0.24825 0.221293 0.943081 0.375017 
1535374036651 0.238886 0.929579 -0.280743 -0.637662 -0.93879 0.294988 0.17792 -0.244293 0.248207 0.221056 0.943148 0.374977 
1535374036749 0.23911 0.929611 -0.280445 -0.637657 -0.938738 0.295139 0.177943 -0.244321 0.248188 0.220717 0.943232 0.37496 
1535374036814 0.239491 0.929646 -0.280003 -0.637621 -0.938657 0.295404 0.177929 -0.244355 0.248125 0.220214 0.943366 0.374954 
1535374036823 0.239536 0.929643 -0.279977 -0.637622 -0.938644 0.295444 0.177935 -0.244355 0.248133 0.220176 0.943373 0.37495 
1535374037022 0.239928 0.929651 -0.279613 -0.637469 -0.938614 0.295686 0.177691 -0.244108 0.247868 0.219816 0.943526 0.374988 
1535374037176 0.24088 0.929367 -0.279739 -0.637241 -0.938467 0.296532 0.177053 -0.244225 0.247499 0.219877 0.943609 0.37508 
1535374037323 0.241317 0.929404 -0.279238 -0.637064 -0.938429 0.296788 0.17683 -0.243987 0.247221 0.219373 0.9438 0.375073 
1535374037482 0.242098 0.929251 -0.279072 -0.63686 -0.93826 0.297473 0.176574 -0.243948 0.247098 0.219094 0.943896 0.375103 
1535374037634 0.242813 0.929178 -0.278695 -0.636703 -0.938189 0.297983 0.176088 -0.243838 0.246664 0.218712 0.944099 0.37511 
1535374037782 0.243521 0.929073 -0.278424 -0.636524 -0.938085 0.298537 0.175703 -0.243748 0.246361 0.218398 0.94425 0.37514 
1535374037945 0.2443 0.928997 -0.277998 -0.636264 -0.938005 0.299092 0.175185 -0.243719 0.245894 0.217966 0.944472 0.375145 
1535374038099 0.244993 0.928929 -0.277615 -0.636111 -0.937884 0.299629 0.174918 -0.243554 0.245668 0.217517 0.944634 0.375169 
1535374038138 0.245258 0.928886 -0.277523 -0.636058 -0.937822 0.299859 0.174856 -0.243508 0.245639 0.217383 0.944673 0.375178 
1535374038291 0.245805 0.928775 -0.27741 -0.635878 -0.937731 0.300314 0.17456 -0.243638 0.245437 0.217229 0.94476 0.375172 
1535374038513 0.245215 0.928902 -0.277507 -0.635592 -0.937805 0.29984 0.17498 -0.243323 0.245746 0.217339 0.944655 0.375439 
1535374038738 0.245395 0.928806 -0.277671 -0.635238 -0.937759 0.300041 0.17488 -0.243201 0.245742 0.217474 0.944625 0.375516 
1535374038925 0.24566 0.928652 -0.27795 -0.634838 -0.937636 0.300394 0.174932 -0.243154 0.245946 0.217642 0.944533 0.375608 
1535374039117 0.245782 0.928603 -0.278006 -0.634507 -0.937608 0.300518 0.17487 -0.242966 0.245931 0.217681 0.944528 0.37573 
1535374039305 0.24597 0.928547 -0.278027 -0.634108 -0.937545 0.300714 0.174871 -0.242856 0.245983 0.21765 0.944522 0.375844 
1535374039508 0.246182 0.928461 -0.278127 -0.63376 -0.937456 0.300965 0.174919 -0.242715 0.246112 0.21767 0.944483 0.375966 
1535374039697 0.246417 0.92838 -0.278189 -0.633361 -0.937401 0.301195 0.174815 -0.242667 0.246084 0.217697 0.944484 0.376097 
1535374039923 0.246523 0.928331 -0.278258 -0.633009 -0.937348 0.301332 0.174867 -0.242467 0.246183 0.217716 0.944454 0.376233 
1535374039957 0.246477 0.928333 -0.278292 -0.632926 -0.937361 0.301294 0.174863 -0.242382 0.246179 0.21776 0.944445 0.376254 
1535374040139 0.246611 0.928277 -0.278362 -0.632756 -0.937325 0.301435 0.174809 -0.242407 0.246179 0.217806 0.944434 0.376336 
1535374040346 0.246358 0.928262 -0.278636 -0.632317 -0.937278 0.301346 0.175217 -0.242146 0.246613 0.217994 0.944278 0.376511 
1535374040574 0.24606 0.928304 -0.278759 -0.63188 -0.937247 0.301181 0.175666 -0.24186 0.247028 0.218042 0.944158 0.376738 
1535374040792 0.246402 0.928109 -0.279106 -0.631365 -0.937049 0.301668 0.175882 -0.241844 0.247435 0.218198 0.944016 0.376873 
1535374041013 0.246122 0.928123 -0.279306 -0.630936 -0.937068 0.301487 0.176093 -0.241595 0.247643 0.218388 0.943917 0.37701 
1535374041232 0.246452 0.927908 -0.27973 -0.630394 -0.936885 0.301968 0.176244 -0.241609 0.248008 0.218639 0.943763 0.377131 
1535374041459 0.246099 0.927939 -0.279937 -0.629994 -0.936871 0.301764 0.176666 -0.241297 0.24841 0.218787 0.943623 0.377323 
1535374041663 0.246125 0.927845 -0.280226 -0.629539 -0.936801 0.301899 0.176807 -0.241143 0.24865 0.218999 0.943511 0.377472 
1535374041877 0.245953 0.92781 -0.280492 -0.629071 -0.93676 0.301863 0.177089 -0.240969 0.248975 0.219198 0.943379 0.37763 
1535374041908 0.246036 0.927776 -0.280533 -0.628974 -0.936711 0.301973 0.177157 -0.240947 0.249076 0.219191 0.943354 0.377668 
1535374041940 0.246206 0.927728 -0.280541 -0.628845 -0.936635 0.302164 0.177232 -0.240977 0.249192 0.219129 0.943337 0.377738 
1535374042180 0.245639 0.927731 -0.281029 -0.628467 -0.936624 0.301857 0.177813 -0.240673 0.249793 0.21954 0.943083 0.377782 
1535374042372 0.245584 0.927668 -0.281282 -0.628064 -0.936381 0.30208 0.178715 -0.240552 0.250757 0.219498 0.942837 0.377968 
1535374042561 0.245533 0.927636 -0.281433 -0.627627 -0.936264 0.302174 0.179167 -0.240417 0.251243 0.219504 0.942706 0.378093 
1535374042779 0.24538 0.927562 -0.281812 -0.627215 -0.936097 0.302282 0.179855 -0.240252 0.252013 0.219671 0.942462 0.378218 
1535374042975 0.245312 0.927513 -0.282032 -0.626786 -0.935903 0.302444 0.180592 -0.240082 0.2528 0.219653 0.942255 0.378378 
1535374043168 0.245245 0.927342 -0.282651 -0.626382 -0.935691 0.302701 0.181259 -0.23999 0.253648 0.220021 0.941941 0.378454 
1535374043366 0.245206 0.927331 -0.282721 -0.625929 -0.935499 0.302853 0.181996 -0.239855 0.254394 0.219859 0.941778 0.37867 
1535374043593 0.245023 0.927272 -0.283074 -0.625547 -0.935378 0.302892 0.18255 -0.239637 0.255014 0.220052 0.941565 0.37873 
1535374043633 0.244968 0.927254 -0.283179 -0.625441 -0.935348 0.3029 0.182692 -0.239562 0.255177 0.220117 0.941506 0.378755 
1535374043757 0.245208 0.927157 -0.28329 -0.625294 -0.935173 0.303246 0.183012 -0.239677 0.255587 0.22005 0.94141 0.37885 
1535374044179 0.24498 0.927182 -0.283404 -0.625126 -0.935297 0.302997 0.182792 -0.239386 0.255352 0.220286 0.941419 0.378917 
1535374044446 0.245248 0.927022 -0.283695 -0.624765 -0.935142 0.303382 0.182943 -0.23933 0.255661 0.220429 0.941302 0.379032 
1535374044721 0.245212 0.926954 -0.283949 -0.624451 -0.935103 0.30344 0.18305 -0.239156 0.25584 0.220635 0.941204 0.379185 
1535374044965 0.245204 0.926865 -0.284246 -0.624137 -0.935022 0.303563 0.183258 -0.238985 0.256142 0.220841 0.941074 0.379266 
1535374045216 0.245309 0.926724 -0.284614 -0.623791 -0.93494 0.303782 0.183312 -0.238915 0.256341 0.221129 0.940952 0.37935 
1535374045502 0.245483 0.926582 -0.284928 -0.623474 -0.934822 0.304073 0.183433 -0.23877 0.256605 0.221327 0.940834 0.379478 
1535374045761 0.245573 0.926459 -0.28525 -0.623116 -0.934717 0.304292 0.183603 -0.23873 0.2569 0.22154 0.940703 0.379622 
1535374046033 0.245642 0.926364 -0.285498 -0.622774 -0.934619 0.304476 0.183799 -0.238608 0.257192 0.221683 0.94059 0.379745 
1535374046153 0.245657 0.926233 -0.285909 -0.622581 -0.934567 0.304613 0.183834 -0.238551 0.257365 0.222041 0.940458 0.379743 
1535374046171 0.245637 0.926238 -0.28591 -0.622586 -0.934574 0.304593 0.183832 -0.238538 0.257358 0.222049 0.940458 0.379742 
1535374046363 0.24561 0.926271 -0.285829 -0.622543 -0.934593 0.304541 0.183822 -0.23843 0.257316 0.221985 0.940485 0.379749 
1535374046509 0.245688 0.926288 -0.285705 -0.622281 -0.934589 0.304576 0.183785 -0.238321 0.257257 0.221863 0.94053 0.379809 
1535374046638 0.245693 0.926208 -0.285961 -0.622073 -0.934549 0.304665 0.183841 -0.238183 0.257397 0.222076 0.940441 0.379891 
1535374046820 0.246041 0.926113 -0.285971 -0.621783 -0.934485 0.304975 0.183654 -0.238197 0.257298 0.222049 0.940474 0.38 
1535374047037 0.24621 0.925991 -0.286218 -0.621541 -0.934416 0.305206 0.183621 -0.238114 0.257387 0.222238 0.940405 0.380065 
1535374047188 0.246227 0.926012 -0.286137 -0.621334 -0.934402 0.305214 0.183679 -0.237902 0.257422 0.222141 0.940419 0.380155 
1535374047319 0.246234 0.925977 -0.286243 -0.621068 -0.934398 0.305244 0.183649 -0.237849 0.257429 0.222244 0.940392 0.380219 
1535374047511 0.246331 0.925893 -0.286434 -0.620857 -0.934357 0.305386 0.183617 -0.237717 0.257483 0.222401 0.940341 0.380328 
1535374047540 0.246294 0.925907 -0.286419 -0.620821 -0.934365 0.305351 0.18364 -0.237641 0.257492 0.22239 0.940341 0.380345 
1535374047568 0.246278 0.925915 -0.286406 -0.620773 -0.934365 0.305336 0.183661 -0.237577 0.257504 0.222376 0.940341 0.380362 
1535374047593 0.246256 0.925926 -0.286391 -0.620681 -0.934371 0.305312 0.183672 -0.237508 0.257505 0.222366 0.940343 0.380393 
1535374047762 0.246225 0.92595 -0.286339 -0.620447 -0.9344 0.305255 0.183619 -0.237416 0.257429 0.222344 0.940369 0.38044 
1535374047832 0.246315 0.925945 -0.286278 -0.620199 -0.934397 0.30531 0.183542 -0.237354 0.257354 0.222289 0.940403 0.380486 
1535374047970 0.246337 0.925924 -0.286326 -0.619967 -0.934415 0.30532 0.183436 -0.237281 0.257269 0.22236 0.940409 0.380545 
1535374048095 0.246696 0.925786 -0.286463 -0.619699 -0.934322 0.305687 0.183295 -0.237354 0.25726 0.22243 0.940395 0.380595 
1535374048205 0.246422 0.925917 -0.286275 -0.619528 -0.934429 0.305359 0.183296 -0.23707 0.257134 0.222336 0.940452 0.38065 
1535374048338 0.246563 0.9259 -0.28621 -0.619268 -0.934421 0.305455 0.18318 -0.237042 0.25703 0.222275 0.940494 0.380705 
1535374048468 0.246892 0.925798 -0.286258 -0.619024 -0.934338 0.305775 0.18307 -0.237025 0.257016 0.222263 0.940501 0.380756 
1535374048498 0.246899 0.925795 -0.28626 -0.61901 -0.934336 0.305782 0.183066 -0.237006 0.257015 0.222264 0.940501 0.380762 
1535374048521 0.246817 0.925824 -0.286237 -0.618979 -0.934363 0.305694 0.183073 -0.236955 0.256995 0.222264 0.940507 0.380771 
1535374048707 0.247041 0.925749 -0.286287 -0.618826 -0.93433 0.305895 0.182908 -0.237014 0.256901 0.222301 0.940523 0.380818 
1535374048905 0.246711 0.925868 -0.286184 -0.61871 -0.934424 0.305555 0.182995 -0.236769 0.256875 0.222271 0.940538 0.380848 
1535374049113 0.246952 0.925768 -0.286302 -0.618505 -0.934334 0.30583 0.182997 -0.236789 0.256972 0.222311 0.940502 0.380874 
1535374049277 0.246952 0.925777 -0.286271 -0.61831 -0.93432 0.305836 0.183057 -0.236701 0.257022 0.222262 0.940499 0.380931 
1535374049462 0.246973 0.925706 -0.286483 -0.618176 -0.934317 0.305895 0.182973 -0.236574 0.257012 0.222476 0.940451 0.380974 
1535374049628 0.247054 0.925698 -0.28644 -0.617949 -0.93431 0.305953 0.182916 -0.236555 0.256962 0.222434 0.940475 0.381014 
1535374049787 0.2469 0.925729 -0.286472 -0.61779 -0.934343 0.305818 0.182971 -0.236418 0.25699 0.222488 0.940455 0.381066 
1535374049977 0.247101 0.925667 -0.286498 -0.617579 -0.934268 0.306034 0.182993 -0.2364 0.257069 0.222448 0.940443 0.381149 
1535374050147 0.246995 0.92571 -0.286453 -0.617422 -0.934292 0.305928 0.183047 -0.236272 0.257082 0.222419 0.940446 0.381203 
1535374050173 0.246912 0.925739 -0.28643 -0.617385 -0.934317 0.305842 0.183065 -0.236224 0.257073 0.222415 0.940449 0.381214 
1535374050398 0.247187 0.925626 -0.286558 -0.61719 -0.934178 0.306186 0.183199 -0.236199 0.257314 0.222412 0.940384 0.381299 
1535374050457 0.247135 0.925588 -0.286725 -0.617015 -0.934129 0.306224 0.183386 -0.23606 0.257542 0.222517 0.940297 0.381342 
1535374050613 0.247293 0.925567 -0.286657 -0.61676 -0.934052 0.306391 0.183498 -0.23604 0.257669 0.222375 0.940296 0.381404 
1535374050683 0.247331 0.925485 -0.286889 -0.616573 -0.933968 0.306537 0.183681 -0.235911 0.257936 0.222515 0.940189 0.381442 
1535374050823 0.247217 0.925526 -0.286853 -0.616393 -0.933954 0.30646 0.18388 -0.235748 0.258095 0.22245 0.940161 0.381496 
1535374050898 0.247356 0.92545 -0.28698 -0.616165 -0.933858 0.306668 0.18402 -0.235713 0.258309 0.22248 0.940095 0.381557 
1535374051036 0.247387 0.925406 -0.287095 -0.615987 -0.933754 0.306803 0.184326 -0.235578 0.258658 0.222476 0.94 0.38167 
1535374051060 0.247425 0.925393 -0.287104 -0.61591 -0.93372 0.306862 0.184398 -0.235549 0.258742 0.22245 0.939983 0.381706 
1535374051086 0.24749 0.925373 -0.287112 -0.615854 -0.933684 0.306941 0.184447 -0.235542 0.258809 0.222423 0.939971 0.381733 
1535374051425 0.247479 0.925377 -0.287108 -0.615556 -0.933651 0.306961 0.184583 -0.23548 0.25894 0.222378 0.939946 0.381789 
1535374051614 0.24762 0.92538 -0.286977 -0.61518 -0.933502 0.307164 0.184996 -0.235424 0.25934 0.222085 0.939905 0.381921 
1535374051793 0.247873 0.925253 -0.287169 -0.614842 -0.933303 0.307556 0.18535 -0.235377 0.259816 0.222072 0.939776 0.381973 
1535374051973 0.247536 0.925318 -0.28725 -0.61457 -0.933334 0.307301 0.185615 -0.235126 0.260025 0.222154 0.939699 0.38202 
1535374052153 0.247629 0.925324 -0.287151 -0.6142 -0.933245 0.307425 0.185858 -0.235087 0.260256 0.221958 0.939681 0.382154 
1535374052324 0.247696 0.925293 -0.287193 -0.613847 -0.933158 0.307557 0.186079 -0.235039 0.260506 0.221905 0.939625 0.382227 
1535374052498 0.247622 0.925341 -0.2871 -0.61353 -0.933083 0.307549 0.186469 -0.234844 0.260845 0.221714 0.939576 0.382289 
1535374052677 0.24774 0.925304 -0.287119 -0.613168 -0.932986 0.30772 0.18667 -0.234814 0.261079 0.221632 0.93953 0.382382 
1535374052711 0.24762 0.925342 -0.2871 -0.613066 -0.933004 0.307613 0.186754 -0.234722 0.261127 0.221622 0.939519 0.382409 
1535374052737 0.247603 0.925355 -0.287073 -0.612974 -0.933002 0.307598 0.186792 -0.234698 0.261152 0.221589 0.93952 0.382433 
1535374052961 0.247935 0.925304 -0.286952 -0.612735 -0.932867 0.307928 0.186921 -0.234513 0.261319 0.221344 0.939532 0.38249 
1535374053139 0.248174 0.925249 -0.286923 -0.61239 -0.932788 0.308163 0.186929 -0.234429 0.261375 0.221247 0.939539 0.382557 
1535374053316 0.248517 0.925174 -0.286867 -0.612021 -0.932676 0.308496 0.186937 -0.234344 0.261446 0.221097 0.939554 0.382628 
1535374053492 0.248504 0.925195 -0.28681 -0.611718 -0.932657 0.308491 0.187042 -0.234095 0.261529 0.221015 0.93955 0.38269 
1535374053669 0.248799 0.925157 -0.286677 -0.611366 -0.932572 0.30875 0.187037 -0.233968 0.26155 0.220812 0.939592 0.382774 
1535374053851 0.249066 0.925133 -0.286522 -0.610996 -0.932499 0.308974 0.187031 -0.233845 0.261557 0.220599 0.939641 0.382862 
1535374054018 0.249419 0.925053 -0.286475 -0.610627 -0.932402 0.309303 0.186971 -0.233782 0.261565 0.220476 0.939667 0.382934 
1535374054190 0.249325 0.92512 -0.28634 -0.610336 -0.932411 0.309199 0.187098 -0.233474 0.261624 0.220339 0.939683 0.383001 
1535374054229 0.249345 0.925128 -0.286295 -0.610236 -0.932403 0.309212 0.187115 -0.233413 0.261631 0.220286 0.939693 0.38302 
1535374054237 0.249389 0.92512 -0.286284 -0.610173 -0.932389 0.309253 0.187118 -0.2334 0.26164 0.220263 0.939696 0.38303 
1535374054575 0.24966 0.924994 -0.286454 -0.609917 -0.932309 0.309552 0.187023 -0.233317 0.261668 0.220371 0.939663 0.383083 
1535374054748 0.249725 0.924969 -0.286478 -0.609587 -0.932265 0.309641 0.187095 -0.233171 0.261762 0.220351 0.939641 0.383168 
1535374054928 0.249934 0.924893 -0.28654 -0.609257 -0.932158 0.309895 0.187206 -0.233027 0.261943 0.220312 0.9396 0.383263 
1535374055108 0.250131 0.924849 -0.28651 -0.60893 -0.932153 0.310037 0.186997 -0.232916 0.261773 0.220298 0.939651 0.383387 
1535374055277 0.25062 0.924651 -0.286723 -0.608584 -0.931966 0.310592 0.18701 -0.232924 0.261973 0.220347 0.939583 0.383468 
1535374055444 0.25055 0.9247 -0.286627 -0.608282 -0.931956 0.31053 0.187159 -0.232657 0.262072 0.220231 0.939583 0.38359 
1535374055632 0.250758 0.92464 -0.286639 -0.607935 -0.931859 0.310764 0.187252 -0.232578 0.262218 0.220152 0.939561 0.383724 
1535374055810 0.251036 0.924547 -0.286694 -0.607579 -0.931756 0.311063 0.187268 -0.232535 0.262318 0.220118 0.939541 0.383829 
1535374055830 0.251017 0.924556 -0.286681 -0.607521 -0.93176 0.311044 0.187282 -0.232479 0.262323 0.220107 0.939542 0.38384 
1535374056008 0.251028 0.924552 -0.286684 -0.607312 -0.931751 0.31106 0.187299 -0.232335 0.262343 0.220101 0.939538 0.383906 
1535374056213 0.251163 0.924614 -0.286366 -0.606983 -0.931737 0.311106 0.187295 -0.232272 0.262266 0.219776 0.939636 0.383992 
1535374056346 0.250896 0.924748 -0.286168 -0.606718 -0.931827 0.310797 0.187362 -0.232084 0.262203 0.21965 0.939683 0.384053 
1535374056522 0.250835 0.924821 -0.285985 -0.60642 -0.931857 0.31069 0.187388 -0.231979 0.262154 0.219493 0.939733 0.384121 
1535374056767 0.250887 0.924881 -0.285746 -0.606146 -0.931846 0.310688 0.187445 -0.231796 0.262142 0.219244 0.939794 0.384208 
1535374056920 0.251024 0.924895 -0.28558 -0.605835 -0.931818 0.310778 0.187436 -0.231745 0.262111 0.219057 0.939847 0.384275 
1535374057102 0.250778 0.925028 -0.285365 -0.605583 -0.931899 0.310488 0.187514 -0.23153 0.262058 0.218907 0.939896 0.384351 
1535374057264 0.250732 0.925091 -0.285203 -0.605299 -0.931918 0.310405 0.187555 -0.231403 0.262034 0.21876 0.939937 0.384416 
1535374057328 0.250345 0.925239 -0.285061 -0.605184 -0.932034 0.309998 0.187653 -0.231168 0.261992 0.218708 0.939961 0.384451 
1535374057350 0.250276 0.92527 -0.285023 -0.605133 -0.932057 0.309921 0.187665 -0.231128 0.261976 0.21869 0.93997 0.384463 
1535374057537 0.250912 0.925108 -0.284987 -0.605095 -0.931893 0.310514 0.187501 -0.231344 0.261951 0.218532 0.940014 0.384456 
1535374057718 0.250751 0.925332 -0.284404 -0.604959 -0.931969 0.310215 0.18762 -0.231069 0.261837 0.21801 0.940167 0.384461 
1535374057889 0.251016 0.925467 -0.283728 -0.604694 -0.932039 0.310212 0.187274 -0.230937 0.261332 0.217437 0.94044 0.384479 
1535374058069 0.251148 0.925516 -0.283453 -0.604505 -0.932075 0.310223 0.187076 -0.230922 0.261075 0.217216 0.940562 0.384499 
1535374058259 0.251239 0.925647 -0.282944 -0.604311 -0.932087 0.310176 0.187094 -0.230711 0.260946 0.216723 0.940712 0.384484 
1535374058404 0.251283 0.925776 -0.28248 -0.604097 -0.93215 0.310063 0.18697 -0.230554 0.260679 0.216331 0.940876 0.384461 
1535374058585 0.251483 0.925917 -0.281839 -0.603828 -0.932203 0.310035 0.186752 -0.230485 0.260297 0.215766 0.941111 0.38449 
1535374058753 0.251453 0.926031 -0.281493 -0.603658 -0.932259 0.309897 0.1867 -0.230289 0.260123 0.215478 0.941225 0.384512 
1535374058923 0.251663 0.926121 -0.281008 -0.603419 -0.932254 0.309957 0.186627 -0.230149 0.25994 0.215003 0.941385 0.384516 
1535374058941 0.251684 0.926139 -0.280931 -0.603389 -0.932256 0.309955 0.186618 -0.230131 0.25991 0.214931 0.941409 0.384518 
1535374059117 0.251745 0.926104 -0.28099 -0.603592 -0.932324 0.309955 0.18628 -0.230225 0.259609 0.215079 0.941458 0.384454 
1535374059321 0.252096 0.926193 -0.280382 -0.603443 -0.932266 0.310137 0.186268 -0.230126 0.259476 0.214433 0.941642 0.384423 
1535374059541 0.25249 0.926244 -0.279859 -0.603355 -0.932281 0.310307 0.185907 -0.230099 0.259038 0.213967 0.941869 0.384455 
1535374059739 0.252717 0.926365 -0.279252 -0.603246 -0.932389 0.310262 0.185441 -0.230019 0.258427 0.213507 0.942141 0.384414 
1535374059951 0.252996 0.926434 -0.278772 -0.603162 -0.932367 0.310387 0.185343 -0.229926 0.258236 0.213027 0.942302 0.384382 
1535374060158 0.253421 0.9265 -0.278165 -0.603063 -0.932379 0.310566 0.18498 -0.229863 0.257772 0.212478 0.942553 0.38434 
1535374060366 0.253452 0.926606 -0.277784 -0.602963 -0.932457 0.310449 0.184786 -0.229714 0.257461 0.212187 0.942704 0.384259 
1535374060580 0.253813 0.926701 -0.277137 -0.602876 -0.932472 0.310571 0.184503 -0.229652 0.25705 0.211593 0.94295 0.384273 
1535374060794 0.253886 0.926887 -0.276445 -0.60277 -0.932596 0.310385 0.184191 -0.229464 0.256528 0.211048 0.943214 0.384256 
1535374060816 0.253863 0.926897 -0.276433 -0.602765 -0.932608 0.310356 0.184179 -0.229445 0.256508 0.211047 0.943219 0.38425 
1535374061048 0.253751 0.926893 -0.276551 -0.602924 -0.932602 0.310302 0.184298 -0.229538 0.256639 0.211146 0.943162 0.384219 
1535374061302 0.254116 0.926971 -0.275953 -0.602906 -0.932579 0.310469 0.184135 -0.229608 0.256363 0.210556 0.943369 0.384152 
1535374061545 0.25425 0.927118 -0.275336 -0.602912 -0.932652 0.310384 0.183906 -0.229576 0.255963 0.210035 0.943593 0.384072 
1535374061801 0.254532 0.927193 -0.274823 -0.602986 -0.932702 0.310448 0.183547 -0.229569 0.255502 0.209609 0.943813 0.384023 
1535374062030 0.25461 0.927346 -0.274231 -0.603004 -0.932752 0.310347 0.183464 -0.229497 0.255241 0.209078 0.944001 0.383917 
1535374062263 0.254795 0.927479 -0.27361 -0.603008 -0.932826 0.3103 0.183168 -0.229508 0.254786 0.20856 0.944239 0.383938 
1535374062505 0.254921 0.927626 -0.272992 -0.603028 -0.932883 0.310222 0.183004 -0.229397 0.254448 0.208018 0.94445 0.383812 
1535374062732 0.255242 0.927685 -0.272491 -0.603056 -0.932882 0.31036 0.182778 -0.229461 0.254131 0.207549 0.944638 0.383835 
1535374062977 0.255355 0.927862 -0.271784 -0.603065 -0.932944 0.310253 0.182645 -0.229389 0.253791 0.206919 0.944867 0.383776 
1535374064020 0.249756 0.927388 -0.278521 -0.588799 -0.9344 0.306277 0.181911 -0.222827 0.254006 0.214817 0.943045 0.393356 
1535374064961 0.245336 0.926584 -0.285047 -0.574293 -0.935566 0.303343 0.180827 -0.216451 0.254019 0.222317 0.941302 0.403461 
1535374065916 0.240302 0.925876 -0.291564 -0.55986 -0.936902 0.299793 0.179832 -0.209864 0.253911 0.229953 0.939495 0.413298 
1535374066856 0.236034 0.924976 -0.297839 -0.545312 -0.937989 0.296951 0.178875 -0.203548 0.253899 0.237149 0.937708 0.42353 
1535374067813 0.231198 0.924069 -0.304376 -0.530849 -0.939212 0.293609 0.177973 -0.197038 0.253826 0.244726 0.935778 0.433418 
1535374068700 0.226589 0.923097 -0.310723 -0.516361 -0.940369 0.290433 0.177073 -0.190591 0.2537 0.252072 0.933861 0.443484 
1535374069609 0.222211 0.921944 -0.317241 -0.501869 -0.941506 0.287451 0.175894 -0.184233 0.253355 0.259598 0.93189 0.453521 
1535374070522 0.217371 0.920859 -0.323679 -0.487422 -0.942728 0.284018 0.174924 -0.177694 0.253011 0.267118 0.929857 0.463529 
1535374070533 0.217458 0.920795 -0.323802 -0.487338 -0.942664 0.284169 0.17502 -0.177689 0.253172 0.267178 0.929796 0.463655 
1535374072032 0.217392 0.920825 -0.323762 -0.487324 -0.942698 0.28408 0.174984 -0.1777 0.253104 0.267169 0.929817 0.463616 
1535374072047 0.217392 0.920825 -0.323762 -0.487324 -0.942698 0.284081 0.174984 -0.1777 0.253104 0.267169 0.929817 0.463616 
1535374072508 0.217383 0.920828 -0.323761 -0.487322 -0.942701 0.284071 0.174983 -0.177702 0.2531 0.267171 0.929817 0.463616 
1535374073049 0.217379 0.920828 -0.323761 -0.48732 -0.942702 0.284066 0.174983 -0.177703 0.253099 0.267173 0.929817 0.463616 
1535374073549 0.217377 0.920829 -0.323761 -0.487319 -0.942703 0.284064 0.174982 -0.177704 0.253098 0.267174 0.929817 0.463616 
1535374074066 0.217376 0.920829 -0.323761 -0.487318 -0.942703 0.284063 0.174982 -0.177704 0.253097 0.267174 0.929817 0.463616 
1535374074539 0.217375 0.920829 -0.323761 -0.487317 -0.942704 0.284062 0.174982 -0.177705 0.253097 0.267174 0.929817 0.463616 
1535374075026 0.217375 0.920829 -0.323761 -0.487317 -0.942704 0.284062 0.174982 -0.177705 0.253097 0.267174 0.929817 0.463616 
1535374075523 0.217374 0.920829 -0.323761 -0.487317 -0.942704 0.284061 0.174982 -0.177706 0.253096 0.267175 0.929817 0.463616 
1535374075981 0.217374 0.920829 -0.323762 -0.487316 -0.942704 0.284061 0.174981 -0.177706 0.253096 0.267175 0.929817 0.463616 
1535374076481 0.217374 0.92083 -0.323761 -0.487316 -0.942704 0.284061 0.174981 -0.177706 0.253096 0.267175 0.929817 0.463616 
1535374076500 0.217374 0.920829 -0.323762 -0.487316 -0.942704 0.284061 0.174981 -0.177706 0.253096 0.267175 0.929817 0.463616 
1535374076706 0.217374 0.920829 -0.323762 -0.487316 -0.942704 0.284061 0.174981 -0.177706 0.253096 0.267175 0.929817 0.463616 
1535374076937 0.217374 0.920829 -0.323762 -0.487316 -0.942704 0.284061 0.174981 -0.177706 0.253096 0.267175 0.929817 0.463616 
1535374077169 0.217374 0.920829 -0.323762 -0.487316 -0.942704 0.284061 0.174981 -0.177706 0.253096 0.267175 0.929817 0.463616 
1535374077432 0.217374 0.920829 -0.323762 -0.487316 -0.942704 0.284061 0.174981 -0.177706 0.253096 0.267175 0.929817 0.463616 
1535374077673 0.217374 0.92083 -0.323762 -0.487316 -0.942704 0.284061 0.174981 -0.177706 0.253096 0.267175 0.929817 0.463616 
1535374077897 0.217374 0.920829 -0.323762 -0.487316 -0.942704 0.284061 0.174981 -0.177707 0.253096 0.267175 0.929817 0.463616 
1535374078143 0.217374 0.920829 -0.323762 -0.487316 -0.942704 0.284061 0.174981 -0.177707 0.253095 0.267175 0.929817 0.463616 
1535374078383 0.217374 0.92083 -0.323762 -0.487316 -0.942704 0.28406 0.174981 -0.177707 0.253096 0.267175 0.929817 0.463616 
