1534793188017 0.106829 0.838281 -0.53467 -0.452442 -0.961448 0.224137 0.159313 -0.228749 0.253389 0.497038 0.829908 0.421465 
1534793194115 0.106829 0.838282 -0.53467 -0.452442 -0.961448 0.224137 0.159313 -0.228749 0.253388 0.497038 0.829908 0.421465 
1534793194816 0.109109 0.837273 -0.535788 -0.46743 -0.9612 0.226248 0.157815 -0.228374 0.253355 0.497781 0.829473 0.421021 
1534793195792 0.113856 0.834349 -0.53935 -0.498385 -0.960941 0.23032 0.153442 -0.227687 0.252247 0.500814 0.827984 0.419757 
1534793196503 0.116079 0.832938 -0.541054 -0.513895 -0.96083 0.232189 0.15131 -0.227297 0.251659 0.502297 0.827264 0.419167 
1534793197212 0.118278 0.831502 -0.542785 -0.529368 -0.96069 0.234087 0.149257 -0.22687 0.251166 0.503794 0.826503 0.418546 
1534793197935 0.120808 0.830069 -0.544418 -0.544838 -0.960583 0.236078 0.146789 -0.226555 0.25037 0.505226 0.82587 0.417938 
1534793198666 0.123261 0.828525 -0.546217 -0.560345 -0.960369 0.23825 0.144668 -0.226182 0.249998 0.506738 0.825056 0.417331 
1534793199411 0.125529 0.827057 -0.547923 -0.575805 -0.960238 0.24011 0.142443 -0.225807 0.24937 0.508256 0.824312 0.416617 
1534793200133 0.12788 0.825499 -0.549726 -0.590232 -0.960107 0.242017 0.140081 -0.224942 0.24868 0.509882 0.823516 0.416172 
1534793200160 0.127662 0.825251 -0.550149 -0.590477 -0.960204 0.241766 0.139846 -0.224888 0.248415 0.510402 0.823274 0.415978 
1534793200416 0.128197 0.825309 -0.549937 -0.591591 -0.960076 0.242293 0.139812 -0.224998 0.248634 0.510058 0.823421 0.416081 
1534793200681 0.128264 0.825319 -0.549907 -0.593287 -0.960054 0.242372 0.139831 -0.224936 0.248688 0.510005 0.823438 0.416141 
1534793200945 0.128721 0.825084 -0.550152 -0.594962 -0.960029 0.24272 0.139395 -0.225043 0.248546 0.510219 0.823348 0.415941 
1534793201209 0.128921 0.824847 -0.550461 -0.596652 -0.960038 0.242866 0.139081 -0.225114 0.248409 0.510533 0.823194 0.415831 
1534793201466 0.129008 0.824769 -0.550556 -0.598368 -0.960042 0.242923 0.138955 -0.225009 0.248349 0.510631 0.823152 0.415759 
1534793201730 0.129284 0.824539 -0.550836 -0.600013 -0.960012 0.243184 0.1387 -0.225165 0.248318 0.510878 0.823008 0.415696 
1534793201989 0.129385 0.824396 -0.551028 -0.601754 -0.960012 0.243272 0.138544 -0.225035 0.248265 0.511068 0.822906 0.415558 
1534793202254 0.129626 0.824172 -0.551306 -0.603444 -0.96006 0.243356 0.138069 -0.225114 0.247956 0.511389 0.822799 0.415382 
1534793202518 0.129567 0.824 -0.551577 -0.605177 -0.96009 0.243307 0.137948 -0.225064 0.247872 0.51169 0.822638 0.415298 
1534793202545 0.129483 0.823944 -0.55168 -0.605393 -0.960105 0.243246 0.137949 -0.225017 0.247856 0.511809 0.822569 0.415245 
1534793202720 0.130122 0.824769 -0.550295 -0.605422 -0.960121 0.243337 0.137679 -0.225101 0.24746 0.510435 0.823541 0.415123 
1534793202898 0.130679 0.826233 -0.547962 -0.605726 -0.960271 0.242949 0.137318 -0.224945 0.246584 0.508247 0.825156 0.414773 
1534793203073 0.131262 0.827522 -0.545874 -0.606063 -0.960366 0.24273 0.137037 -0.224907 0.245901 0.506251 0.826585 0.414363 
1534793203251 0.131838 0.828978 -0.54352 -0.606481 -0.960534 0.242317 0.136593 -0.224684 0.244936 0.504061 0.828208 0.413987 
1534793203423 0.13274 0.830242 -0.541367 -0.606799 -0.960614 0.242301 0.136055 -0.22474 0.244132 0.501985 0.829705 0.413613 
1534793203594 0.133125 0.831734 -0.538977 -0.607202 -0.960766 0.241811 0.135852 -0.224522 0.243323 0.499746 0.831293 0.413266 
1534793203770 0.13386 0.833062 -0.53674 -0.607574 -0.960905 0.241573 0.135295 -0.224488 0.242371 0.497645 0.83283 0.412912 
1534793203948 0.134562 0.834295 -0.534644 -0.607929 -0.960995 0.241439 0.134889 -0.224469 0.241621 0.49564 0.834242 0.412527 
1534793204121 0.135068 0.835711 -0.5323 -0.60834 -0.961133 0.241061 0.134584 -0.22427 0.240791 0.493433 0.835789 0.412157 
1534793204149 0.135205 0.835994 -0.531821 -0.60843 -0.961164 0.240996 0.134476 -0.224248 0.240588 0.492986 0.836112 0.412088 
1534793204165 0.135288 0.836152 -0.531551 -0.608476 -0.961192 0.240942 0.134374 -0.224244 0.24043 0.492743 0.8363 0.412014 
1534793204263 0.135244 0.836218 -0.531459 -0.608506 -0.961212 0.240862 0.134375 -0.224227 0.240375 0.492671 0.836358 0.411898 
1534793204353 0.135087 0.836739 -0.530678 -0.608604 -0.96128 0.24051 0.134521 -0.224468 0.240192 0.491958 0.83683 0.412033 
1534793204430 0.134902 0.837157 -0.530065 -0.608775 -0.961411 0.240039 0.134424 -0.22451 0.23977 0.491477 0.837234 0.411823 
1534793204526 0.134832 0.837606 -0.529374 -0.608945 -0.961569 0.239565 0.13414 -0.224579 0.239176 0.490944 0.837717 0.41156 
1534793204593 0.13482 0.83804 -0.528689 -0.609075 -0.961617 0.239349 0.134179 -0.224697 0.238989 0.490307 0.838143 0.41149 
1534793204697 0.134542 0.838698 -0.527716 -0.609262 -0.961708 0.238851 0.134417 -0.224627 0.238781 0.489424 0.838718 0.411406 
1534793204753 0.134685 0.83908 -0.527071 -0.609381 -0.961795 0.23865 0.134151 -0.224804 0.238349 0.488866 0.839166 0.411251 
1534793204862 0.134632 0.839533 -0.526364 -0.609522 -0.96191 0.238271 0.134 -0.22493 0.237914 0.488275 0.839634 0.411097 
1534793204883 0.134761 0.83972 -0.526032 -0.609589 -0.961913 0.238285 0.133955 -0.225004 0.237831 0.487945 0.839849 0.411089 
1534793204899 0.134802 0.83982 -0.525861 -0.609634 -0.961917 0.238273 0.133948 -0.225032 0.237791 0.487779 0.839957 0.41108 
1534793204917 0.134736 0.839948 -0.525674 -0.609682 -0.961949 0.238139 0.133953 -0.225022 0.237697 0.487624 0.840073 0.411036 
1534793205044 0.134003 0.839784 -0.526124 -0.609531 -0.962112 0.237464 0.133984 -0.225093 0.237453 0.488235 0.839787 0.410913 
1534793205088 0.133834 0.839765 -0.526197 -0.609451 -0.962178 0.237244 0.133899 -0.225313 0.23728 0.488375 0.839755 0.410965 
1534793205172 0.133672 0.83972 -0.526309 -0.609357 -0.962276 0.236968 0.133681 -0.225578 0.236974 0.488586 0.839719 0.410907 
1534793205218 0.133259 0.839823 -0.52625 -0.609338 -0.962384 0.236503 0.133727 -0.225688 0.236767 0.488634 0.839749 0.410837 
1534793205298 0.132982 0.839892 -0.52621 -0.609285 -0.962475 0.236153 0.133696 -0.225894 0.236556 0.488684 0.839779 0.410754 
1534793205350 0.132617 0.840005 -0.526122 -0.609254 -0.962606 0.235662 0.133617 -0.226023 0.236226 0.488729 0.839846 0.410705 
1534793205428 0.132394 0.840181 -0.525897 -0.609221 -0.962712 0.235281 0.133527 -0.226177 0.23592 0.488609 0.840002 0.410676 
1534793205445 0.132265 0.840211 -0.525882 -0.60922 -0.962752 0.235121 0.133514 -0.226206 0.235825 0.488635 0.840013 0.410667 
1534793205463 0.132116 0.840229 -0.52589 -0.609219 -0.962802 0.234935 0.133484 -0.226243 0.235707 0.488692 0.840013 0.410643 
1534793205596 0.131728 0.840413 -0.525694 -0.608903 -0.962866 0.234551 0.133695 -0.226415 0.235661 0.488561 0.840102 0.4105 
1534793205630 0.13151 0.840605 -0.52544 -0.608646 -0.962881 0.234357 0.133931 -0.226398 0.235723 0.488323 0.840223 0.41053 
1534793205670 0.131454 0.840692 -0.525316 -0.608454 -0.962856 0.234357 0.134112 -0.226562 0.235858 0.488174 0.840272 0.410591 
1534793205783 0.130615 0.841254 -0.524625 -0.607895 -0.963036 0.233396 0.134494 -0.226767 0.235589 0.487666 0.840642 0.410523 
1534793205861 0.130067 0.841424 -0.524489 -0.607461 -0.963142 0.232842 0.134694 -0.227073 0.235458 0.487638 0.840696 0.410437 
1534793205880 0.130167 0.841482 -0.524371 -0.607394 -0.96311 0.232945 0.13474 -0.227178 0.235531 0.487489 0.840762 0.410468 
1534793205897 0.130181 0.841533 -0.524286 -0.607342 -0.963102 0.232958 0.134781 -0.227234 0.235559 0.487394 0.840808 0.410483 
1534793205941 0.12976 0.841671 -0.524169 -0.607146 -0.963186 0.232524 0.13493 -0.227265 0.235449 0.487363 0.840857 0.410444 
1534793206030 0.128852 0.841877 -0.524061 -0.606879 -0.963236 0.231883 0.135674 -0.227161 0.235741 0.487313 0.840805 0.410486 
1534793206093 0.12819 0.841832 -0.524296 -0.606616 -0.963138 0.231741 0.136606 -0.227298 0.236501 0.487458 0.840507 0.410759 
1534793206176 0.12764 0.841843 -0.524413 -0.606246 -0.963124 0.231471 0.137162 -0.227559 0.236855 0.487567 0.840344 0.410807 
1534793206244 0.126602 0.842062 -0.524313 -0.605965 -0.963233 0.23063 0.137813 -0.227473 0.236969 0.487588 0.8403 0.410795 
1534793206335 0.126312 0.842124 -0.524283 -0.605635 -0.963148 0.23063 0.138403 -0.227708 0.237468 0.487481 0.840221 0.410957 
1534793206395 0.125587 0.842225 -0.524294 -0.605316 -0.963159 0.230187 0.139061 -0.227821 0.237806 0.487515 0.840106 0.411078 
1534793206488 0.124794 0.842543 -0.523973 -0.605031 -0.963177 0.229634 0.13985 -0.227794 0.238152 0.487226 0.840175 0.411242 
1534793206508 0.124467 0.842576 -0.523998 -0.604922 -0.96322 0.22936 0.140008 -0.227804 0.238151 0.487298 0.840134 0.41124 
1534793206524 0.124236 0.842572 -0.524059 -0.604813 -0.963235 0.229203 0.140158 -0.227844 0.238209 0.48738 0.84007 0.411227 
1534793206713 0.123924 0.842592 -0.5241 -0.604532 -0.963324 0.228845 0.140133 -0.227816 0.238013 0.487512 0.840049 0.411357 
1534793206752 0.123466 0.842597 -0.524201 -0.604304 -0.963382 0.228474 0.14034 -0.227835 0.238016 0.487679 0.839951 0.411337 
1534793206840 0.123196 0.842701 -0.524098 -0.604035 -0.963454 0.228149 0.14037 -0.228015 0.237862 0.487651 0.840011 0.41148 
1534793206966 0.122442 0.842803 -0.52411 -0.603632 -0.963634 0.227338 0.140451 -0.228012 0.237523 0.487853 0.839989 0.411533 
1534793207017 0.122034 0.842828 -0.524165 -0.603426 -0.96372 0.226931 0.140523 -0.228033 0.237386 0.487999 0.839943 0.411529 
1534793207036 0.121897 0.842826 -0.524199 -0.603341 -0.96374 0.226814 0.140571 -0.228032 0.237372 0.488057 0.839914 0.411534 
1534793207054 0.121761 0.842838 -0.524213 -0.603276 -0.963763 0.226689 0.140617 -0.228035 0.23735 0.488095 0.839898 0.41155 
1534793207070 0.121689 0.842855 -0.524202 -0.603228 -0.963776 0.226618 0.140643 -0.228054 0.237335 0.488098 0.8399 0.411572 
1534793207119 0.121612 0.842878 -0.524182 -0.603106 -0.963791 0.226537 0.140667 -0.228135 0.237311 0.488095 0.839909 0.411634 
1534793207215 0.121495 0.842707 -0.524484 -0.603017 -0.963933 0.226227 0.140194 -0.228023 0.236795 0.488534 0.839799 0.411663 
1534793207249 0.121224 0.842459 -0.524945 -0.60291 -0.963993 0.226019 0.140116 -0.227963 0.23669 0.489058 0.839524 0.411605 
1534793207344 0.121393 0.842261 -0.525225 -0.602723 -0.963973 0.226207 0.139952 -0.22811 0.236686 0.489313 0.839376 0.411716 
1534793207402 0.12132 0.842171 -0.525386 -0.602525 -0.964 0.226135 0.139882 -0.228131 0.236613 0.489501 0.839287 0.411785 
1534793207470 0.121177 0.842111 -0.525515 -0.602361 -0.964039 0.225991 0.139844 -0.228111 0.236525 0.489671 0.839213 0.411857 
1534793207522 0.120949 0.841958 -0.525812 -0.602213 -0.964119 0.22574 0.139696 -0.228096 0.236315 0.490049 0.839051 0.411828 
1534793207537 0.120909 0.841921 -0.52588 -0.602177 -0.964135 0.225695 0.13966 -0.228098 0.236271 0.490133 0.839015 0.411826 
1534793207554 0.120845 0.841882 -0.525958 -0.602132 -0.964159 0.225622 0.139617 -0.228098 0.236209 0.490235 0.838973 0.41183 
1534793207571 0.120778 0.841849 -0.526025 -0.602093 -0.96418 0.225548 0.139587 -0.228092 0.236155 0.490324 0.838936 0.41184 
1534793207587 0.120716 0.841821 -0.526084 -0.602061 -0.964198 0.225484 0.139565 -0.228087 0.236113 0.490402 0.838902 0.411846 
1534793207677 0.120532 0.841992 -0.525853 -0.601958 -0.964161 0.225416 0.139936 -0.228059 0.236361 0.49014 0.838985 0.411913 
1534793207691 0.120483 0.842142 -0.525624 -0.601926 -0.964142 0.225387 0.14011 -0.228043 0.236461 0.489895 0.8391 0.411921 
1534793207708 0.120416 0.842334 -0.525332 -0.601882 -0.964116 0.225353 0.140344 -0.228026 0.236602 0.489582 0.839243 0.411922 
1534793207724 0.120374 0.842457 -0.525144 -0.601844 -0.964085 0.225361 0.140545 -0.228025 0.23675 0.489365 0.839328 0.411905 
1534793207780 0.120461 0.84245 -0.525136 -0.601734 -0.964044 0.225495 0.140607 -0.228127 0.23687 0.489316 0.839322 0.411805 
1534793207809 0.120332 0.842488 -0.525105 -0.601609 -0.964053 0.225396 0.140708 -0.228131 0.236902 0.489297 0.839325 0.411726 
1534793207825 0.120199 0.842556 -0.525025 -0.601532 -0.964053 0.225303 0.140856 -0.228109 0.236969 0.489221 0.83935 0.411685 
1534793207845 0.120023 0.842629 -0.524949 -0.601426 -0.964055 0.225182 0.141036 -0.228085 0.23705 0.489152 0.839368 0.411632 
1534793207865 0.119912 0.842667 -0.524913 -0.601344 -0.964048 0.225125 0.141174 -0.228077 0.237133 0.489113 0.839366 0.411603 
1534793207879 0.119893 0.842698 -0.524868 -0.601296 -0.964035 0.225133 0.141252 -0.228092 0.237198 0.489056 0.839382 0.411598 
1534793207896 0.11994 0.842739 -0.524791 -0.601248 -0.964006 0.225208 0.141329 -0.228138 0.23729 0.48895 0.839417 0.411611 
1534793207913 0.120016 0.842755 -0.524748 -0.601223 -0.963982 0.225295 0.141353 -0.228186 0.237349 0.488883 0.83944 0.411627 
1534793208001 0.12004 0.842832 -0.524619 -0.601188 -0.963968 0.225316 0.141415 -0.228232 0.237394 0.488741 0.83951 0.411656 
1534793208024 0.119808 0.842937 -0.524503 -0.601146 -0.963955 0.225187 0.141712 -0.228181 0.237565 0.488619 0.839532 0.411641 
1534793208041 0.119586 0.843054 -0.524365 -0.601081 -0.963959 0.225023 0.141944 -0.228133 0.237661 0.488492 0.839579 0.411619 
1534793208058 0.119397 0.843149 -0.524256 -0.601012 -0.963969 0.22487 0.142115 -0.228102 0.237714 0.488399 0.839618 0.411591 
1534793208074 0.119256 0.843213 -0.524186 -0.600951 -0.963975 0.224763 0.142246 -0.228092 0.237761 0.488338 0.83964 0.411565 
1534793208091 0.119137 0.843267 -0.524126 -0.600875 -0.963976 0.224679 0.142369 -0.228106 0.237815 0.488283 0.839657 0.411535 
1534793208108 0.119082 0.843298 -0.524088 -0.600814 -0.963982 0.224629 0.142412 -0.22813 0.237821 0.488253 0.839673 0.41151 
1534793208124 0.119019 0.843309 -0.524084 -0.600753 -0.96398 0.224595 0.142479 -0.228154 0.237861 0.488249 0.839664 0.411481 
1534793208141 0.118958 0.843326 -0.524071 -0.600702 -0.963978 0.224561 0.142547 -0.22817 0.2379 0.488236 0.83966 0.411461 
1534793208158 0.118972 0.84335 -0.524029 -0.600674 -0.963975 0.224567 0.142554 -0.228197 0.237902 0.488191 0.839686 0.411469 
1534793208174 0.119009 0.843364 -0.523998 -0.600677 -0.963976 0.224583 0.142526 -0.228207 0.237882 0.488159 0.83971 0.411492 
1534793208191 0.119075 0.843379 -0.52396 -0.600689 -0.963987 0.224591 0.142433 -0.228218 0.237802 0.48813 0.839749 0.411526 
1534793208253 0.119119 0.84343 -0.523867 -0.600701 -0.964094 0.224384 0.142041 -0.228197 0.237349 0.488137 0.839874 0.41163 
1534793208273 0.118813 0.843617 -0.523635 -0.600585 -0.964234 0.223874 0.141893 -0.228136 0.236932 0.488048 0.840043 0.411659 
1534793208290 0.118644 0.843696 -0.523546 -0.600503 -0.964293 0.223637 0.141868 -0.228118 0.236778 0.48802 0.840103 0.411659 
1534793208308 0.11848 0.843773 -0.523459 -0.600433 -0.964318 0.223472 0.141954 -0.228108 0.236755 0.487963 0.840143 0.411659 
1534793208323 0.118324 0.843855 -0.523362 -0.600355 -0.964336 0.223326 0.142065 -0.228106 0.236763 0.487887 0.840184 0.411664 
1534793208340 0.118303 0.843867 -0.523348 -0.600345 -0.964337 0.223309 0.142082 -0.228106 0.236767 0.487875 0.84019 0.411665 
1534793208357 0.118328 0.843911 -0.523272 -0.600297 -0.964316 0.223354 0.142155 -0.228165 0.236841 0.487778 0.840225 0.411686 
1534793208373 0.118437 0.843904 -0.523258 -0.600297 -0.964297 0.223456 0.142122 -0.228217 0.236863 0.487744 0.840239 0.411702 
1534793208484 0.118434 0.843751 -0.523505 -0.600322 -0.964317 0.223455 0.14199 -0.228202 0.236784 0.488008 0.840108 0.411604 
1534793208504 0.118188 0.843721 -0.523609 -0.600243 -0.964364 0.223228 0.142025 -0.228144 0.236714 0.488164 0.840037 0.411536 
1534793208523 0.117937 0.843836 -0.52348 -0.600135 -0.964418 0.222946 0.142105 -0.228112 0.236621 0.488093 0.840104 0.411492 
1534793208543 0.117712 0.843994 -0.523276 -0.600021 -0.964475 0.222658 0.142167 -0.228099 0.2365 0.487952 0.840221 0.411462 
1534793208560 0.117652 0.844071 -0.523166 -0.599954 -0.964499 0.222555 0.142166 -0.228124 0.236431 0.487867 0.84029 0.411449 
1534793208577 0.11767 0.84408 -0.523147 -0.599905 -0.964512 0.222535 0.142108 -0.228179 0.236369 0.48786 0.840311 0.411438 
1534793208593 0.117712 0.844066 -0.523161 -0.59986 -0.964521 0.222543 0.142033 -0.228242 0.236311 0.487881 0.840315 0.411428 
1534793208610 0.117743 0.844049 -0.52318 -0.599812 -0.964533 0.222542 0.141957 -0.2283 0.236248 0.48791 0.840316 0.411415 
1534793208627 0.117753 0.844038 -0.523196 -0.599781 -0.964542 0.222531 0.141912 -0.228333 0.236206 0.487934 0.840314 0.411404 
1534793208643 0.117721 0.844028 -0.523219 -0.599766 -0.964553 0.222494 0.141897 -0.228335 0.236178 0.487968 0.840302 0.411392 
1534793208683 0.117491 0.843948 -0.5234 -0.599774 -0.964614 0.22226 0.141846 -0.228253 0.236041 0.488214 0.840198 0.411358 
1534793208724 0.117108 0.843611 -0.524029 -0.599814 -0.964659 0.222043 0.141879 -0.228157 0.236047 0.488894 0.8398 0.411339 
1534793208756 0.11682 0.843517 -0.524245 -0.599766 -0.964679 0.221867 0.142022 -0.228104 0.23611 0.489137 0.839641 0.411402 
1534793208772 0.116699 0.843507 -0.524288 -0.599702 -0.964695 0.221767 0.142065 -0.228108 0.236103 0.489199 0.839607 0.411428 
1534793208793 0.11666 0.843501 -0.524306 -0.599675 -0.964701 0.221735 0.142076 -0.228116 0.236099 0.489224 0.839593 0.411436 
1534793208877 0.116416 0.843442 -0.524455 -0.599441 -0.964772 0.221467 0.142014 -0.22828 0.23593 0.489446 0.839511 0.411492 
1534793208917 0.116338 0.843626 -0.524176 -0.599448 -0.964717 0.221488 0.142356 -0.228284 0.236194 0.48912 0.839627 0.411466 
1534793208933 0.11629 0.843859 -0.523811 -0.599429 -0.964703 0.221426 0.142546 -0.228261 0.236274 0.488745 0.839823 0.411475 
1534793208953 0.11626 0.844066 -0.523484 -0.599414 -0.964688 0.221382 0.14271 -0.228246 0.236347 0.488408 0.839999 0.411473 
1534793209006 0.115991 0.844281 -0.523197 -0.599371 -0.964713 0.221121 0.142949 -0.228241 0.23638 0.488154 0.840137 0.411411 
1534793209044 0.115662 0.844423 -0.523041 -0.59925 -0.964756 0.220809 0.143144 -0.228254 0.236366 0.48805 0.840201 0.411344 
1534793209068 0.115473 0.844512 -0.52294 -0.59914 -0.964754 0.220681 0.143352 -0.228305 0.236465 0.487955 0.840229 0.411309 
1534793209085 0.115364 0.844553 -0.522897 -0.599081 -0.964755 0.220606 0.143461 -0.228341 0.236515 0.487917 0.840237 0.411297 
1534793209102 0.115211 0.844614 -0.522833 -0.599014 -0.964754 0.220504 0.143622 -0.228374 0.236592 0.487859 0.840249 0.411289 
1534793209121 0.115069 0.844718 -0.522695 -0.59895 -0.964759 0.220384 0.143771 -0.228389 0.23664 0.487731 0.840309 0.411289 
1534793209135 0.114961 0.844809 -0.522573 -0.598902 -0.964765 0.220285 0.143882 -0.228399 0.236668 0.48762 0.840366 0.411287 
1534793209261 0.114898 0.844734 -0.522707 -0.59858 -0.964812 0.220174 0.14374 -0.228575 0.236509 0.487798 0.840307 0.411211 
1534793209283 0.114675 0.844658 -0.522879 -0.598464 -0.964872 0.219944 0.143687 -0.228575 0.23637 0.488034 0.84021 0.411158 
1534793209310 0.114408 0.844624 -0.522992 -0.598347 -0.964941 0.21966 0.143661 -0.228576 0.23622 0.48822 0.840144 0.411144 
1534793209388 0.11434 0.84482 -0.52269 -0.59813 -0.965013 0.219419 0.143545 -0.228699 0.235957 0.48799 0.840351 0.411241 
1534793209421 0.114111 0.844871 -0.522659 -0.597989 -0.965049 0.2192 0.143636 -0.228682 0.23592 0.488001 0.840355 0.411228 
1534793209442 0.113841 0.844917 -0.522644 -0.597894 -0.965084 0.218961 0.143765 -0.228663 0.235908 0.488029 0.840342 0.411214 
1534793209464 0.113653 0.844954 -0.522624 -0.597804 -0.965105 0.218801 0.143869 -0.228674 0.235914 0.488036 0.840337 0.411205 
1534793209481 0.113627 0.844988 -0.522574 -0.597731 -0.965101 0.218785 0.14392 -0.228723 0.235942 0.487984 0.840359 0.411212 
1534793209498 0.1137 0.844997 -0.522545 -0.597663 -0.965101 0.218825 0.143862 -0.228804 0.235909 0.487951 0.840387 0.411223 
1534793209578 0.113611 0.844983 -0.522586 -0.597581 -0.965135 0.218706 0.14381 -0.228791 0.23581 0.488027 0.840371 0.411203 
1534793209608 0.113559 0.845135 -0.522352 -0.597522 -0.96518 0.218542 0.143758 -0.228733 0.23565 0.487839 0.840525 0.411198 
1534793209671 0.11352 0.845387 -0.521952 -0.59733 -0.965241 0.218324 0.143681 -0.228742 0.23542 0.487499 0.840787 0.411194 
1534793209744 0.113391 0.845566 -0.521691 -0.596975 -0.965242 0.2182 0.143865 -0.228821 0.23548 0.487245 0.840917 0.411191 
1534793209792 0.113387 0.845619 -0.521605 -0.596805 -0.965268 0.218128 0.143795 -0.22887 0.235373 0.487184 0.840982 0.411188 
1534793209812 0.113414 0.845715 -0.521443 -0.596718 -0.965284 0.218085 0.143756 -0.228893 0.235295 0.487037 0.841089 0.411204 
1534793209830 0.113436 0.845765 -0.521358 -0.596663 -0.965291 0.218068 0.143731 -0.228914 0.235254 0.486958 0.841146 0.411214 
1534793209846 0.113468 0.845828 -0.521249 -0.596573 -0.965295 0.218062 0.143717 -0.228958 0.235225 0.486851 0.841216 0.411233 
1534793209862 0.113503 0.845877 -0.521162 -0.596486 -0.965287 0.218086 0.143738 -0.229019 0.235242 0.486756 0.841267 0.41125 
1534793209937 0.113286 0.846017 -0.520981 -0.596368 -0.965268 0.217961 0.14405 -0.229025 0.235423 0.486568 0.841325 0.411296 
1534793209980 0.112865 0.846196 -0.520782 -0.596388 -0.965265 0.217678 0.144501 -0.228888 0.235639 0.486383 0.841371 0.411295 
1534793210011 0.112572 0.846319 -0.520645 -0.596366 -0.965234 0.21754 0.144915 -0.228832 0.235905 0.486231 0.841385 0.411262 
1534793210048 0.112272 0.846455 -0.520489 -0.596271 -0.965235 0.217327 0.145225 -0.22882 0.236042 0.48609 0.841428 0.411206 
1534793210119 0.111892 0.846655 -0.520245 -0.595941 -0.965212 0.217099 0.145717 -0.228963 0.236317 0.485842 0.841494 0.411117 
1534793210136 0.111797 0.846713 -0.520171 -0.595867 -0.965207 0.217038 0.14584 -0.228983 0.236381 0.485769 0.841518 0.411121 
1534793210153 0.111678 0.846786 -0.520078 -0.595809 -0.965208 0.216948 0.145969 -0.22898 0.236434 0.485682 0.841553 0.411125 
1534793210169 0.111514 0.846887 -0.519948 -0.595745 -0.965211 0.216819 0.146142 -0.228959 0.236501 0.485563 0.841603 0.411128 
1534793210186 0.111325 0.847019 -0.519775 -0.595674 -0.965211 0.216672 0.146358 -0.228934 0.236589 0.485399 0.841673 0.411136 
1534793210203 0.111267 0.847098 -0.519659 -0.595637 -0.965196 0.216648 0.146495 -0.228932 0.236679 0.485272 0.841721 0.411151 
1534793210219 0.111297 0.847139 -0.519585 -0.595611 -0.965184 0.216679 0.14653 -0.228949 0.236714 0.485187 0.84176 0.411168 
1534793210236 0.111352 0.84715 -0.519554 -0.595597 -0.965184 0.216706 0.146486 -0.228969 0.236686 0.485154 0.841787 0.411176 
1534793210326 0.111726 0.847025 -0.519678 -0.595614 -0.965327 0.216664 0.145604 -0.229033 0.235925 0.485391 0.841864 0.411028 
1534793210340 0.111688 0.847179 -0.519436 -0.595575 -0.965377 0.216496 0.145524 -0.228998 0.235741 0.485198 0.842027 0.411018 
1534793210360 0.111557 0.847336 -0.519208 -0.595526 -0.965427 0.216274 0.145523 -0.228932 0.235599 0.485023 0.842168 0.411002 
1534793210376 0.111388 0.847462 -0.519039 -0.595481 -0.965455 0.216082 0.145618 -0.228866 0.235561 0.484888 0.842255 0.41098 
1534793210393 0.111275 0.847538 -0.518939 -0.595439 -0.965475 0.215954 0.145674 -0.228832 0.235531 0.484813 0.842307 0.410954 
1534793210410 0.111205 0.847589 -0.518871 -0.5954 -0.965491 0.215867 0.1457 -0.228819 0.235501 0.484762 0.842345 0.410932 
1534793210473 0.111409 0.847567 -0.518862 -0.59535 -0.965478 0.216017 0.145561 -0.228915 0.235456 0.484733 0.842374 0.410971 
1534793210486 0.111578 0.847506 -0.518926 -0.595368 -0.965481 0.216127 0.14538 -0.228965 0.235364 0.484792 0.842366 0.410993 
1534793210503 0.111765 0.847449 -0.518979 -0.595387 -0.965488 0.216236 0.14517 -0.22901 0.235246 0.484843 0.842369 0.41102 
1534793210519 0.111912 0.84732 -0.519157 -0.595419 -0.965487 0.216359 0.144995 -0.229037 0.235182 0.485012 0.84229 0.411044 
1534793210536 0.112003 0.84718 -0.519366 -0.595459 -0.965483 0.216459 0.144874 -0.229035 0.235156 0.485213 0.842182 0.411065 
1534793210555 0.112033 0.847111 -0.519473 -0.595482 -0.965466 0.21653 0.14488 -0.229019 0.235211 0.485302 0.842115 0.411085 
1534793210573 0.112094 0.847085 -0.519501 -0.59549 -0.965451 0.216603 0.144871 -0.229013 0.235244 0.485314 0.842099 0.411108 
1534793210589 0.112164 0.847106 -0.519452 -0.595494 -0.96545 0.216639 0.144822 -0.229004 0.235213 0.485261 0.842138 0.411147 
1534793210606 0.112256 0.847163 -0.51934 -0.595499 -0.96546 0.216656 0.144731 -0.228982 0.235129 0.485155 0.842222 0.411218 
1534793210623 0.112315 0.8472 -0.519266 -0.595502 -0.965471 0.216656 0.144656 -0.228959 0.235055 0.485089 0.842281 0.411268 
1534793210639 0.112342 0.847221 -0.519226 -0.5955 -0.965483 0.216641 0.144597 -0.228936 0.234991 0.48506 0.842316 0.411298 
1534793210695 0.112445 0.847228 -0.519193 -0.59548 -0.965513 0.216636 0.144404 -0.228902 0.234819 0.48505 0.842369 0.411305 
1534793210756 0.11287 0.847049 -0.519392 -0.595483 -0.965591 0.216769 0.143682 -0.228943 0.234294 0.485303 0.84237 0.411201 
1534793210780 0.11316 0.84704 -0.519344 -0.59548 -0.965638 0.216841 0.143261 -0.228941 0.233963 0.485287 0.842471 0.411184 
1534793210809 0.113404 0.847062 -0.519255 -0.595483 -0.965707 0.216831 0.142808 -0.228906 0.233557 0.485253 0.842603 0.411204 
1534793210822 0.113472 0.847077 -0.519215 -0.595481 -0.965741 0.216794 0.142632 -0.22888 0.233383 0.485242 0.842658 0.411217 
1534793210839 0.113534 0.847087 -0.519186 -0.595479 -0.965778 0.216752 0.142452 -0.22885 0.233203 0.485245 0.842706 0.411226 
1534793210855 0.11362 0.847085 -0.519171 -0.595475 -0.965812 0.21673 0.142251 -0.228817 0.233018 0.485259 0.842749 0.41123 
1534793210872 0.113724 0.847073 -0.519167 -0.59547 -0.965843 0.216728 0.142046 -0.228782 0.232842 0.48528 0.842786 0.411229 
1534793210889 0.113817 0.847056 -0.519174 -0.595466 -0.965868 0.216732 0.141864 -0.228749 0.232688 0.485307 0.842813 0.411227 
1534793210957 0.114039 0.846967 -0.519271 -0.595468 -0.965799 0.217027 0.141884 -0.228816 0.232867 0.485331 0.84275 0.411165 
1534793210971 0.114022 0.846984 -0.519247 -0.595467 -0.965759 0.217096 0.14205 -0.228829 0.23304 0.485271 0.842736 0.411167 
1534793210987 0.11402 0.846986 -0.519245 -0.595466 -0.965747 0.21712 0.142096 -0.228834 0.233092 0.485257 0.84273 0.411167 
1534793211004 0.113887 0.847005 -0.519242 -0.595456 -0.965654 0.217233 0.142557 -0.228869 0.233542 0.485172 0.842654 0.411142 
1534793211021 0.113677 0.84703 -0.519248 -0.595449 -0.965605 0.217207 0.142925 -0.228906 0.233846 0.485141 0.842588 0.411114 
1534793211041 0.113528 0.847024 -0.51929 -0.595439 -0.965577 0.217183 0.143155 -0.228929 0.234037 0.485162 0.842523 0.41108 
1534793211058 0.113491 0.847008 -0.519324 -0.595432 -0.965563 0.217195 0.143231 -0.228934 0.234112 0.485184 0.842489 0.411063 
1534793211074 0.113476 0.846997 -0.519344 -0.595424 -0.96555 0.217215 0.143284 -0.228926 0.234171 0.485194 0.842467 0.41105 
1534793211091 0.113441 0.846989 -0.519366 -0.595415 -0.965546 0.217206 0.143326 -0.228911 0.234205 0.485213 0.842447 0.411038 
1534793211107 0.11342 0.846979 -0.519386 -0.595406 -0.96554 0.217209 0.143361 -0.228896 0.234239 0.485228 0.842428 0.411027 
1534793211124 0.113495 0.846968 -0.519388 -0.595402 -0.965518 0.2173 0.14337 -0.228887 0.234293 0.485207 0.842426 0.411024 
1534793211141 0.113546 0.846974 -0.519367 -0.5954 -0.965509 0.217346 0.14336 -0.228875 0.234305 0.485176 0.84244 0.411031 
1534793211158 0.11359 0.84699 -0.519331 -0.595399 -0.96551 0.217365 0.143326 -0.228864 0.23428 0.485139 0.842468 0.411043 
1534793211174 0.113659 0.847035 -0.519243 -0.595397 -0.965513 0.217387 0.143274 -0.228864 0.234235 0.485052 0.842531 0.411058 
1534793211191 0.113761 0.847108 -0.519102 -0.595391 -0.965513 0.217425 0.143219 -0.228873 0.234187 0.484907 0.842628 0.411073 
1534793211211 0.113873 0.84716 -0.518992 -0.595388 -0.965514 0.217472 0.143138 -0.22889 0.234127 0.484795 0.842709 0.411062 
1534793211228 0.113913 0.847192 -0.51893 -0.595391 -0.965524 0.217465 0.143081 -0.228876 0.234067 0.484741 0.842757 0.411033 
1534793211244 0.113935 0.847235 -0.518857 -0.595396 -0.965536 0.217441 0.143035 -0.228851 0.234004 0.484678 0.84281 0.411005 
1534793211261 0.113943 0.847272 -0.518794 -0.5954 -0.965549 0.217408 0.142997 -0.228823 0.233947 0.484627 0.842855 0.41098 
1534793211278 0.113943 0.84729 -0.518764 -0.595405 -0.96556 0.217381 0.142968 -0.228802 0.233905 0.484607 0.842878 0.410956 
1534793211382 0.113704 0.847714 -0.518124 -0.595425 -0.965539 0.21717 0.143427 -0.228735 0.234106 0.483961 0.843194 0.410965 
1534793211397 0.113714 0.847892 -0.51783 -0.595416 -0.965547 0.21711 0.143463 -0.228748 0.234067 0.483676 0.843368 0.410971 
1534793211416 0.113732 0.848085 -0.517511 -0.595408 -0.96556 0.21704 0.143481 -0.228761 0.234005 0.483369 0.843561 0.410953 
1534793211480 0.11367 0.848244 -0.517264 -0.595445 -0.965593 0.216893 0.143484 -0.228783 0.2339 0.483156 0.843712 0.410782 
1534793211497 0.113691 0.848295 -0.517174 -0.595447 -0.965605 0.216866 0.143445 -0.228796 0.233841 0.483078 0.843774 0.410746 
1534793211513 0.113728 0.848397 -0.517 -0.595437 -0.96562 0.216828 0.143402 -0.22881 0.233762 0.482917 0.843888 0.410722 
1534793211530 0.113787 0.848551 -0.516733 -0.595419 -0.965637 0.216783 0.143351 -0.228829 0.23366 0.482665 0.84406 0.410701 
1534793211550 0.113832 0.848675 -0.516521 -0.595406 -0.965649 0.216751 0.143323 -0.228844 0.233591 0.482463 0.844195 0.410685 
1534793211567 0.11383 0.848699 -0.516481 -0.59541 -0.965645 0.216751 0.143349 -0.228853 0.233608 0.48242 0.844215 0.410663 
1534793211584 0.113814 0.848707 -0.516471 -0.595414 -0.965633 0.216763 0.143408 -0.228854 0.233664 0.4824 0.844211 0.410663 
1534793211602 0.113811 0.848706 -0.516473 -0.59542 -0.965621 0.216789 0.143456 -0.228854 0.233717 0.482391 0.844201 0.410681 
1534793211617 0.113822 0.8487 -0.516482 -0.595424 -0.96561 0.216819 0.143484 -0.228856 0.233757 0.482388 0.844191 0.410704 
1534793211633 0.113798 0.848613 -0.51663 -0.595448 -0.965587 0.216877 0.14355 -0.228854 0.233864 0.482516 0.844089 0.41072 
1534793211650 0.113758 0.848532 -0.516772 -0.595467 -0.965572 0.216907 0.143605 -0.228848 0.233945 0.482644 0.843993 0.41072 
1534793211667 0.113721 0.848466 -0.516888 -0.595483 -0.96556 0.216929 0.143653 -0.228842 0.234013 0.482749 0.843914 0.41072 
1534793211685 0.113719 0.848478 -0.516869 -0.595482 -0.96556 0.216925 0.14366 -0.228841 0.234014 0.482731 0.843925 0.410727 
1534793211700 0.113703 0.848506 -0.516827 -0.595486 -0.965563 0.216901 0.143673 -0.228827 0.234007 0.482693 0.843948 0.410734 
1534793211717 0.113696 0.848582 -0.516703 -0.595481 -0.965569 0.216863 0.14369 -0.228812 0.233986 0.482575 0.844021 0.410748 
1534793211733 0.113711 0.84877 -0.516391 -0.595448 -0.965582 0.216792 0.143708 -0.228799 0.233925 0.482276 0.844209 0.410773 
1534793211750 0.113716 0.848903 -0.516171 -0.595423 -0.965589 0.216745 0.143736 -0.22879 0.233896 0.482064 0.844339 0.410791 
1534793211767 0.113726 0.849004 -0.516002 -0.595404 -0.965595 0.21671 0.143748 -0.228785 0.233865 0.481901 0.84444 0.410807 
1534793211784 0.113728 0.849025 -0.515967 -0.595401 -0.965601 0.216693 0.143734 -0.228782 0.23384 0.481872 0.844463 0.410809 
1534793211800 0.113737 0.848998 -0.51601 -0.595408 -0.965608 0.21669 0.143688 -0.228784 0.233805 0.481921 0.844445 0.410805 
1534793211817 0.113786 0.848955 -0.51607 -0.595417 -0.965632 0.21668 0.14354 -0.228795 0.233681 0.482001 0.844434 0.410797 
1534793211833 0.113842 0.848843 -0.516241 -0.595436 -0.965675 0.216656 0.143292 -0.228801 0.233479 0.482208 0.844371 0.410786 
1534793211854 0.113855 0.848713 -0.516452 -0.59546 -0.965729 0.216589 0.14303 -0.22878 0.233249 0.482468 0.844286 0.410781 
1534793211870 0.113859 0.848655 -0.516546 -0.595472 -0.96577 0.21652 0.142851 -0.228757 0.233074 0.4826 0.844259 0.410789 
1534793211887 0.113824 0.848649 -0.516564 -0.595476 -0.965796 0.216449 0.142788 -0.228728 0.232987 0.482643 0.844259 0.410801 
1534793211905 0.113816 0.84866 -0.516549 -0.595475 -0.9658 0.216432 0.142783 -0.228717 0.232972 0.482632 0.844269 0.410806 
1534793211920 0.113861 0.848689 -0.51649 -0.595467 -0.965788 0.216475 0.142799 -0.228696 0.232999 0.482561 0.844302 0.41081 
1534793211937 0.11381 0.848711 -0.516466 -0.595456 -0.965756 0.216507 0.142971 -0.228683 0.23316 0.482509 0.844288 0.410793 
1534793211954 0.113742 0.848798 -0.516338 -0.59543 -0.965714 0.21653 0.143215 -0.228669 0.233363 0.482346 0.844325 0.410775 
1534793211970 0.11373 0.848907 -0.516161 -0.595396 -0.96568 0.216563 0.143395 -0.228671 0.23351 0.482138 0.844403 0.410756 
1534793211987 0.113752 0.849007 -0.515992 -0.595364 -0.965639 0.216633 0.143566 -0.228681 0.233669 0.481932 0.844477 0.410735 
1534793212006 0.113864 0.849053 -0.515892 -0.595346 -0.965603 0.216759 0.143619 -0.228713 0.233764 0.481794 0.844529 0.410714 
1534793212077 0.114086 0.849016 -0.515903 -0.595364 -0.965614 0.216875 0.143374 -0.22874 0.233613 0.481806 0.844564 0.410718 
1534793212091 0.114134 0.848979 -0.515954 -0.59538 -0.96564 0.216859 0.143222 -0.228743 0.233481 0.481879 0.844558 0.410734 
1534793212108 0.114154 0.848858 -0.516148 -0.595418 -0.965681 0.216819 0.143006 -0.228731 0.233302 0.482109 0.844477 0.410757 
1534793212125 0.114132 0.848738 -0.516351 -0.595452 -0.965727 0.216743 0.142806 -0.228703 0.233121 0.482355 0.844386 0.410775 
1534793212141 0.114076 0.848648 -0.51651 -0.595471 -0.965777 0.216633 0.142637 -0.228663 0.232942 0.482562 0.844317 0.410787 
1534793212160 0.113989 0.848599 -0.51661 -0.595479 -0.965818 0.216511 0.142542 -0.228619 0.232812 0.482703 0.844273 0.410795 
1534793212174 0.113915 0.848583 -0.516653 -0.595481 -0.965862 0.216383 0.14244 -0.22858 0.232667 0.482789 0.844263 0.410807 
1534793212191 0.113883 0.848576 -0.516671 -0.595482 -0.965892 0.216304 0.142357 -0.228556 0.232559 0.482836 0.844267 0.410817 
1534793212209 0.113847 0.848553 -0.516717 -0.595483 -0.965946 0.216177 0.142181 -0.228521 0.232351 0.482934 0.844268 0.410831 
1534793212225 0.113847 0.848525 -0.516763 -0.595484 -0.96597 0.216134 0.142082 -0.228512 0.23225 0.483003 0.844256 0.410833 
1534793212241 0.113864 0.848485 -0.516826 -0.595483 -0.965999 0.216096 0.141947 -0.228511 0.232124 0.48309 0.844241 0.410834 
1534793212261 0.113885 0.848435 -0.516903 -0.595484 -0.966016 0.216086 0.141843 -0.228516 0.23204 0.483183 0.844211 0.410825 
1534793212320 0.113776 0.848315 -0.517123 -0.595516 -0.966013 0.216062 0.1419 -0.22857 0.232107 0.483403 0.844066 0.410802 
1534793212348 0.113537 0.848298 -0.517203 -0.595526 -0.965983 0.215992 0.142209 -0.228565 0.232348 0.483464 0.843965 0.410829 
1534793212368 0.113363 0.848238 -0.51734 -0.595534 -0.965956 0.215967 0.142435 -0.228567 0.232547 0.483581 0.843843 0.410864 
1534793212385 0.113276 0.848141 -0.517518 -0.595546 -0.965934 0.215988 0.142548 -0.228586 0.232679 0.483741 0.843715 0.410888 
1534793212402 0.113211 0.848044 -0.517691 -0.595557 -0.965922 0.216002 0.142608 -0.228611 0.23276 0.483905 0.843599 0.410912 
1534793212419 0.113133 0.847953 -0.517858 -0.59557 -0.965919 0.215989 0.142647 -0.228633 0.23281 0.484071 0.84349 0.410934 
1534793212435 0.113108 0.847886 -0.517973 -0.59558 -0.965932 0.215968 0.142598 -0.228654 0.232772 0.484198 0.843427 0.41095 
1534793212452 0.113093 0.84784 -0.518051 -0.595587 -0.965949 0.215936 0.142529 -0.228673 0.232708 0.484292 0.843391 0.410971 
1534793212488 0.113121 0.847798 -0.518114 -0.595595 -0.965973 0.215913 0.142398 -0.228692 0.232592 0.484376 0.843375 0.411004 
1534793212542 0.113122 0.847786 -0.518134 -0.595597 -0.9661 0.215652 0.141932 -0.22866 0.232064 0.484513 0.843441 0.410979 
1534793212596 0.112999 0.84759 -0.518481 -0.595565 -0.96632 0.215175 0.141156 -0.228606 0.231207 0.485068 0.843358 0.410945 
1534793212621 0.112788 0.847429 -0.51879 -0.595566 -0.966432 0.214863 0.140864 -0.228591 0.230841 0.485487 0.843217 0.410926 
1534793212634 0.112723 0.847358 -0.51892 -0.595567 -0.966472 0.214761 0.140745 -0.228583 0.230706 0.485656 0.843157 0.410921 
1534793212651 0.112662 0.847262 -0.51909 -0.595578 -0.966523 0.214645 0.140572 -0.228585 0.230521 0.485876 0.84308 0.410931 
1534793212667 0.112646 0.847185 -0.519219 -0.59559 -0.966556 0.214587 0.140434 -0.228599 0.230391 0.486035 0.843025 0.410944 
1534793212684 0.112661 0.84712 -0.519321 -0.595591 -0.96659 0.214541 0.140271 -0.228627 0.230242 0.486168 0.842988 0.410952 
1534793212701 0.112697 0.847066 -0.519402 -0.595591 -0.966613 0.214529 0.140133 -0.228654 0.230129 0.486268 0.842961 0.410959 
1534793212717 0.112719 0.847005 -0.519497 -0.59559 -0.966632 0.214517 0.14002 -0.228681 0.230038 0.486379 0.842922 0.410955 
1534793212734 0.112707 0.84698 -0.51954 -0.595587 -0.966636 0.214507 0.140002 -0.22869 0.230024 0.486427 0.842899 0.41095 
1534793212752 0.112695 0.846973 -0.519555 -0.595582 -0.966637 0.214501 0.140006 -0.228699 0.230026 0.486443 0.842889 0.410947 
1534793212767 0.112659 0.846979 -0.519552 -0.595578 -0.966633 0.214487 0.140055 -0.228699 0.230061 0.486437 0.842882 0.410943 
1534793212784 0.11258 0.846996 -0.519542 -0.595572 -0.966619 0.214468 0.140184 -0.228689 0.230161 0.486417 0.842867 0.410932 
1534793212804 0.112492 0.84702 -0.519521 -0.595566 -0.966604 0.214442 0.140325 -0.228676 0.230265 0.486386 0.842856 0.410923 
1534793212821 0.112224 0.847101 -0.519447 -0.595549 -0.966583 0.214312 0.140669 -0.228644 0.230485 0.486302 0.842845 0.410907 
1534793212837 0.112067 0.847131 -0.519432 -0.595544 -0.966592 0.214195 0.140785 -0.228634 0.230523 0.486302 0.842834 0.410901 
1534793212854 0.111985 0.847136 -0.519441 -0.595544 -0.966613 0.214102 0.140781 -0.228639 0.230474 0.486333 0.842829 0.410902 
1534793212871 0.111896 0.847147 -0.519443 -0.595543 -0.966635 0.214003 0.140784 -0.228642 0.230428 0.486359 0.842828 0.41091 
1534793212887 0.111873 0.847138 -0.519463 -0.595546 -0.966664 0.21393 0.140693 -0.228654 0.230315 0.486407 0.84283 0.410916 
1534793212905 0.111903 0.847112 -0.5195 -0.595551 -0.966696 0.213888 0.140541 -0.228674 0.230168 0.486471 0.842834 0.410919 
1534793212921 0.111999 0.847082 -0.519527 -0.595558 -0.966708 0.213925 0.140401 -0.228697 0.230071 0.486506 0.84284 0.410923 
1534793212938 0.112076 0.847078 -0.519517 -0.595565 -0.966699 0.213988 0.140363 -0.228717 0.230068 0.486485 0.842853 0.410932 
1534793212954 0.112151 0.847097 -0.51947 -0.595579 -0.966679 0.214068 0.140378 -0.228747 0.230115 0.486417 0.842879 0.410951 
1534793212975 0.112265 0.847122 -0.519404 -0.5956 -0.966654 0.21418 0.140384 -0.228795 0.230168 0.486324 0.842919 0.410975 
1534793212991 0.112308 0.847156 -0.51934 -0.595614 -0.966626 0.214254 0.140461 -0.228822 0.230263 0.486232 0.842946 0.410987 
1534793213007 0.1123 0.847199 -0.51927 -0.595627 -0.966604 0.214285 0.140567 -0.228845 0.230361 0.486143 0.84297 0.410988 
1534793213024 0.112155 0.847263 -0.519198 -0.595641 -0.966613 0.214165 0.140687 -0.22887 0.230393 0.486084 0.842995 0.410982 
1534793213044 0.111939 0.847329 -0.519136 -0.595647 -0.96664 0.213967 0.140801 -0.228878 0.230383 0.486057 0.843014 0.410969 
1534793213061 0.111841 0.847365 -0.519099 -0.595641 -0.966669 0.213839 0.140795 -0.228878 0.230309 0.48605 0.843038 0.410961 
1534793213078 0.111757 0.847365 -0.519117 -0.595632 -0.966694 0.21374 0.140779 -0.22887 0.230247 0.486095 0.843029 0.410947 
1534793213096 0.111721 0.847349 -0.519152 -0.595622 -0.966695 0.21372 0.140797 -0.228853 0.230257 0.486132 0.843005 0.410938 
1534793213137 0.111566 0.847241 -0.519361 -0.595576 -0.966658 0.21374 0.141026 -0.228798 0.230491 0.486311 0.842838 0.410953 
1534793213150 0.111478 0.847147 -0.519533 -0.595569 -0.966621 0.213792 0.141196 -0.228802 0.230686 0.486451 0.842704 0.410961 
1534793213167 0.11132 0.847046 -0.519731 -0.59557 -0.96659 0.213795 0.141407 -0.228827 0.230894 0.486626 0.842546 0.410979 
1534793213183 0.111138 0.846961 -0.519909 -0.595575 -0.966547 0.213804 0.141686 -0.228864 0.231161 0.486769 0.84239 0.411008 
1534793213200 0.110958 0.84691 -0.520031 -0.595579 -0.966481 0.213853 0.14206 -0.228901 0.231522 0.486838 0.842251 0.411044 
1534793213217 0.110848 0.846926 -0.520028 -0.59557 -0.966435 0.213882 0.142329 -0.228933 0.231767 0.486797 0.842207 0.411082 
1534793213233 0.110765 0.846957 -0.519995 -0.595556 -0.966414 0.21387 0.14249 -0.228956 0.231894 0.486748 0.842201 0.411101 
1534793213250 0.110782 0.846968 -0.519974 -0.59555 -0.966409 0.213889 0.142499 -0.228968 0.231909 0.486721 0.842212 0.411097 
1534793213267 0.110879 0.846957 -0.519971 -0.595549 -0.96642 0.213923 0.142371 -0.228985 0.231816 0.486725 0.842235 0.411081 
