1535159881455 0.209841 0.918333 -0.335605 -0.472394 -0.944008 0.27967 0.175024 -0.171748 0.254589 0.280086 0.9256 0.474951 
1535159885181 0.209841 0.918333 -0.335605 -0.472395 -0.944008 0.27967 0.175024 -0.171748 0.254589 0.280086 0.9256 0.474951 
1535159885889 0.209841 0.918333 -0.335605 -0.472395 -0.944008 0.27967 0.175024 -0.171748 0.254589 0.280086 0.9256 0.474951 
1535159886397 0.209841 0.918333 -0.335605 -0.472395 -0.944008 0.27967 0.175024 -0.171748 0.254589 0.280086 0.9256 0.474951 
1535159886917 0.219171 0.919639 -0.325927 -0.504547 -0.942414 0.286029 0.17333 -0.18595 0.252625 0.269169 0.92937 0.455343 
1535159887699 0.219171 0.919639 -0.325927 -0.504547 -0.942414 0.286029 0.17333 -0.18595 0.252625 0.269169 0.92937 0.455343 
1535159888273 0.232195 0.921599 -0.311032 -0.553276 -0.940348 0.294441 0.170439 -0.207376 0.248657 0.252904 0.934992 0.425106 
1535159889137 0.232195 0.921599 -0.311032 -0.553276 -0.940348 0.294441 0.170439 -0.207376 0.248657 0.252904 0.934992 0.425106 
1535159890011 0.245015 0.923199 -0.296094 -0.601985 -0.938093 0.302874 0.168073 -0.228674 0.244843 0.236583 0.940255 0.394897 
1535159890338 0.245015 0.923199 -0.296094 -0.601985 -0.938093 0.302874 0.168073 -0.228674 0.244843 0.236583 0.940255 0.394897 
1535159890801 0.245015 0.923199 -0.296094 -0.601985 -0.938093 0.302874 0.168073 -0.228674 0.244843 0.236583 0.940255 0.394897 
1535159891115 0.248049 0.92398 -0.291089 -0.618397 -0.937651 0.304513 0.16758 -0.235433 0.243481 0.231372 0.941904 0.384083 
1535159891657 0.250072 0.923659 -0.290376 -0.62136 -0.93716 0.306267 0.167125 -0.237167 0.243299 0.230335 0.942206 0.382562 
1535159892133 0.250072 0.923659 -0.290376 -0.62136 -0.93716 0.306267 0.167125 -0.237167 0.243299 0.230335 0.942206 0.382562 
1535159892216 0.251526 0.923934 -0.288237 -0.627895 -0.936931 0.307116 0.166852 -0.239978 0.242682 0.22809 0.94291 0.378506 
1535159892504 0.251526 0.923934 -0.288237 -0.627895 -0.936931 0.307116 0.166852 -0.239978 0.242682 0.22809 0.94291 0.378506 
1535159892749 0.252455 0.923979 -0.287279 -0.631109 -0.936713 0.3078 0.166817 -0.241454 0.24256 0.226985 0.943209 0.376362 
1535159893140 0.252455 0.923979 -0.287279 -0.631109 -0.936713 0.3078 0.166817 -0.241454 0.24256 0.226985 0.943209 0.376362 
1535159893411 0.249328 0.922778 -0.293796 -0.628987 -0.936938 0.306578 0.167798 -0.240518 0.244912 0.233432 0.941025 0.377989 
1535159893766 0.248012 0.920615 -0.301594 -0.629835 -0.93632 0.307681 0.169227 -0.241413 0.248587 0.240418 0.938298 0.378234 
1535159894034 0.24682 0.919607 -0.30562 -0.630439 -0.936166 0.307747 0.169957 -0.241897 0.250348 0.244162 0.936862 0.378214 
1535159894070 0.24682 0.919607 -0.30562 -0.630439 -0.936166 0.307747 0.169957 -0.241897 0.250348 0.244162 0.936862 0.378214 
1535159894262 0.246486 0.919298 -0.306817 -0.630622 -0.936112 0.30779 0.170173 -0.242079 0.250875 0.24527 0.936432 0.378215 
1535159894484 0.246179 0.9198 -0.305556 -0.630863 -0.936379 0.307084 0.169983 -0.242269 0.250181 0.24427 0.936879 0.378088 
1535159894692 0.246179 0.9198 -0.305556 -0.630863 -0.936379 0.307084 0.169983 -0.242269 0.250181 0.24427 0.936879 0.378088 
1535159894765 0.245186 0.920121 -0.305388 -0.631417 -0.936658 0.306092 0.170231 -0.242785 0.25011 0.244306 0.936888 0.377958 
1535159894912 0.245186 0.920121 -0.305388 -0.631417 -0.936658 0.306092 0.170231 -0.242785 0.25011 0.244306 0.936888 0.377958 
1535159894967 0.244047 0.920462 -0.305272 -0.632057 -0.936952 0.304995 0.170587 -0.243283 0.250125 0.244393 0.936861 0.377773 
1535159895130 0.244047 0.920462 -0.305272 -0.632057 -0.936952 0.304995 0.170587 -0.243283 0.250125 0.244393 0.936861 0.377773 
1535159895277 0.24245 0.921004 -0.304908 -0.633028 -0.937408 0.303371 0.170976 -0.244044 0.24997 0.24437 0.936909 0.377503 
1535159895526 0.242567 0.921493 -0.303336 -0.633108 -0.93761 0.302964 0.170589 -0.244245 0.249096 0.243032 0.93749 0.377323 
1535159895882 0.242457 0.9219 -0.302185 -0.633298 -0.937829 0.302461 0.170279 -0.244291 0.248379 0.242113 0.937918 0.37709 
1535159896158 0.242742 0.922951 -0.298728 -0.633791 -0.938282 0.301583 0.169338 -0.244808 0.246381 0.239185 0.939195 0.376667 
1535159896410 0.242012 0.924364 -0.294927 -0.634358 -0.939077 0.299606 0.168437 -0.245022 0.244059 0.236195 0.940557 0.376184 
1535159896437 0.241739 0.924723 -0.294022 -0.634473 -0.93928 0.299053 0.168289 -0.24504 0.243549 0.235487 0.940867 0.37602 
1535159896461 0.241739 0.924723 -0.294022 -0.634473 -0.93928 0.299053 0.168289 -0.24504 0.243549 0.235487 0.940867 0.37602 
1535159896502 0.241739 0.924723 -0.294022 -0.634473 -0.93928 0.299053 0.168289 -0.24504 0.243549 0.235487 0.940867 0.37602 
1535159896710 0.242106 0.924633 -0.294003 -0.634439 -0.939152 0.299431 0.16833 -0.245061 0.243678 0.23536 0.940865 0.37605 
1535159896939 0.243791 0.924587 -0.292753 -0.634316 -0.938617 0.300902 0.168687 -0.245137 0.244056 0.233659 0.941191 0.375943 
1535159896971 0.243791 0.924587 -0.292753 -0.634316 -0.938617 0.300902 0.168687 -0.245137 0.244056 0.233659 0.941191 0.375943 
1535159897018 0.245247 0.924799 -0.290862 -0.634354 -0.938241 0.301941 0.168926 -0.245064 0.244045 0.23147 0.941734 0.375507 
1535159897255 0.245681 0.924672 -0.290899 -0.634137 -0.938195 0.302297 0.168543 -0.244937 0.243785 0.231512 0.941792 0.375392 
1535159897484 0.246243 0.924585 -0.290702 -0.633957 -0.938081 0.302764 0.168336 -0.244843 0.243655 0.23125 0.941889 0.375608 
1535159897758 0.247356 0.924544 -0.289885 -0.633602 -0.937869 0.3036 0.168011 -0.244562 0.243343 0.230315 0.942199 0.375736 
1535159897893 0.249191 0.924311 -0.289055 -0.633085 -0.937442 0.305144 0.1676 -0.244219 0.243117 0.229208 0.942527 0.37585 
1535159898035 0.249984 0.924235 -0.288613 -0.632811 -0.937306 0.305749 0.167256 -0.244242 0.242827 0.228707 0.942724 0.375948 
1535159898069 0.249984 0.924235 -0.288613 -0.632811 -0.937306 0.305749 0.167256 -0.244242 0.242827 0.228707 0.942724 0.375948 
1535159898085 0.250258 0.924258 -0.288303 -0.632679 -0.937256 0.305933 0.167201 -0.244005 0.242738 0.22837 0.942828 0.375946 
1535159898112 0.250258 0.924258 -0.288303 -0.632679 -0.937256 0.305933 0.167201 -0.244005 0.242738 0.22837 0.942828 0.375946 
1535159898138 0.250258 0.924258 -0.288303 -0.632679 -0.937256 0.305933 0.167201 -0.244005 0.242738 0.22837 0.942828 0.375946 
1535159898309 0.250258 0.924258 -0.288303 -0.632679 -0.937256 0.305933 0.167201 -0.244005 0.242738 0.22837 0.942828 0.375946 
1535159898336 0.250267 0.924149 -0.288643 -0.632314 -0.937204 0.306049 0.16728 -0.244028 0.242931 0.228653 0.94271 0.376019 
1535159898408 0.250267 0.924149 -0.288643 -0.632314 -0.937204 0.306049 0.16728 -0.244028 0.242931 0.228653 0.94271 0.376019 
1535159898930 0.251182 0.924042 -0.28819 -0.629601 -0.936498 0.30727 0.168984 -0.242894 0.244701 0.227443 0.942545 0.376935 
1535159899220 0.250602 0.924165 -0.288303 -0.629323 -0.936654 0.306737 0.169088 -0.242565 0.244698 0.227667 0.942492 0.376944 
1535159899461 0.250313 0.924195 -0.288457 -0.628603 -0.936688 0.306531 0.169276 -0.242249 0.244865 0.227823 0.942411 0.377147 
1535159899700 0.250445 0.924073 -0.288733 -0.62783 -0.936551 0.306802 0.169544 -0.242042 0.245255 0.227951 0.942278 0.377354 
1535159899942 0.250299 0.92398 -0.289158 -0.626748 -0.936439 0.306881 0.170019 -0.24164 0.245831 0.228223 0.942062 0.377672 
1535159899976 0.250457 0.923914 -0.289232 -0.626574 -0.936389 0.307052 0.169983 -0.241669 0.245859 0.22826 0.942046 0.377676 
1535159900271 0.250296 0.92399 -0.289127 -0.626202 -0.936368 0.306939 0.170304 -0.241358 0.246104 0.228103 0.94202 0.377886 
1535159900654 0.25029 0.923932 -0.289319 -0.625421 -0.936206 0.30712 0.170868 -0.240979 0.246726 0.228095 0.941859 0.378032 
1535159900962 0.250572 0.923813 -0.289453 -0.624647 -0.935981 0.307552 0.171324 -0.240669 0.247293 0.227993 0.941735 0.378254 
1535159901259 0.250461 0.923798 -0.289598 -0.623844 -0.935896 0.307578 0.171737 -0.240306 0.247725 0.22802 0.941615 0.378427 
1535159901330 0.2507 0.923685 -0.289751 -0.623465 -0.935713 0.307944 0.17208 -0.2402 0.248175 0.227983 0.941506 0.378607 
1535159901348 0.250556 0.923718 -0.28977 -0.623278 -0.935764 0.3078 0.172063 -0.240111 0.248129 0.228045 0.941503 0.378599 
1535159901369 0.250556 0.923718 -0.28977 -0.623278 -0.935764 0.3078 0.172063 -0.240111 0.248129 0.228045 0.941503 0.378599 
1535159901576 0.25066 0.923715 -0.289689 -0.623086 -0.935591 0.308016 0.172615 -0.239995 0.248676 0.227763 0.941427 0.378707 
1535159901778 0.25066 0.923715 -0.289689 -0.623086 -0.935591 0.308016 0.172615 -0.239995 0.248676 0.227763 0.941427 0.378707 
1535159901846 0.25063 0.923665 -0.289874 -0.622439 -0.935399 0.308206 0.173316 -0.239872 0.249427 0.22771 0.941241 0.378849 
1535159902096 0.250519 0.923699 -0.289864 -0.621472 -0.935078 0.308417 0.174666 -0.239551 0.250738 0.227288 0.940994 0.37919 
1535159902122 0.250519 0.923699 -0.289864 -0.621472 -0.935078 0.308417 0.174666 -0.239551 0.250738 0.227288 0.940994 0.37919 
1535159902144 0.250519 0.923699 -0.289864 -0.621472 -0.935078 0.308417 0.174666 -0.239551 0.250738 0.227288 0.940994 0.37919 
1535159902164 0.250519 0.923699 -0.289864 -0.621472 -0.935078 0.308417 0.174666 -0.239551 0.250738 0.227288 0.940994 0.37919 
1535159902299 0.250519 0.923699 -0.289864 -0.621472 -0.935078 0.308417 0.174666 -0.239551 0.250738 0.227288 0.940994 0.37919 
1535159902315 0.250293 0.923717 -0.29 -0.620901 -0.934932 0.308414 0.175451 -0.239282 0.251507 0.227216 0.940807 0.379308 
1535159902438 0.250293 0.923717 -0.29 -0.620901 -0.934932 0.308414 0.175451 -0.239282 0.251507 0.227216 0.940807 0.379308 
1535159902471 0.250293 0.923717 -0.29 -0.620901 -0.934932 0.308414 0.175451 -0.239282 0.251507 0.227216 0.940807 0.379308 
1535159902497 0.250293 0.923717 -0.29 -0.620901 -0.934932 0.308414 0.175451 -0.239282 0.251507 0.227216 0.940807 0.379308 
1535159902931 0.250498 0.923336 -0.291036 -0.618825 -0.934823 0.308856 0.175257 -0.238449 0.251709 0.228166 0.940523 0.380049 
1535159902970 0.250498 0.923336 -0.291036 -0.618825 -0.934823 0.308856 0.175257 -0.238449 0.251709 0.228166 0.940523 0.380049 
1535159903124 0.250606 0.923105 -0.291673 -0.617954 -0.934721 0.309146 0.175289 -0.238154 0.25198 0.228705 0.940319 0.3804 
1535159903426 0.250899 0.922624 -0.29294 -0.617824 -0.934657 0.309651 0.174736 -0.238161 0.251925 0.229958 0.940028 0.380471 
1535159903610 0.250057 0.922346 -0.294531 -0.61727 -0.934967 0.309073 0.174101 -0.237633 0.251613 0.231842 0.939649 0.380707 
1535159903881 0.250416 0.922 -0.29531 -0.616902 -0.934844 0.309586 0.173847 -0.237633 0.251711 0.232535 0.939451 0.3809 
1535159904209 0.251165 0.921759 -0.295427 -0.616186 -0.93451 0.310444 0.174115 -0.23735 0.252206 0.232348 0.939365 0.381093 
1535159904526 0.251365 0.921728 -0.295352 -0.615822 -0.934437 0.310638 0.17416 -0.237193 0.252275 0.23221 0.93938 0.381208 
1535159904761 0.251991 0.921514 -0.295486 -0.615257 -0.934152 0.311365 0.17439 -0.237004 0.252707 0.232084 0.939296 0.381388 
1535159905134 0.251904 0.921607 -0.29527 -0.614357 -0.934154 0.311262 0.174566 -0.236544 0.252788 0.231854 0.939331 0.381557 
1535159905383 0.252115 0.921587 -0.295154 -0.613738 -0.933981 0.311546 0.174983 -0.236278 0.253216 0.231552 0.93929 0.381816 
1535159905581 0.252368 0.921515 -0.295163 -0.613354 -0.93384 0.311856 0.175185 -0.236179 0.253484 0.231424 0.939249 0.381935 
1535159905841 0.252421 0.92149 -0.295194 -0.612957 -0.933794 0.31194 0.175275 -0.235986 0.253597 0.231407 0.939223 0.381988 
1535159905864 0.252421 0.92149 -0.295194 -0.612957 -0.933794 0.31194 0.175275 -0.235986 0.253597 0.231407 0.939223 0.381988 
1535159905881 0.252421 0.92149 -0.295194 -0.612957 -0.933794 0.31194 0.175275 -0.235986 0.253597 0.231407 0.939223 0.381988 
1535159906067 0.252758 0.92142 -0.295123 -0.612643 -0.933695 0.312255 0.175244 -0.235933 0.253627 0.231261 0.939251 0.382035 
1535159906127 0.252758 0.92142 -0.295123 -0.612643 -0.933695 0.312255 0.175244 -0.235933 0.253627 0.231261 0.939251 0.382035 
1535159906241 0.252758 0.92142 -0.295123 -0.612643 -0.933695 0.312255 0.175244 -0.235933 0.253627 0.231261 0.939251 0.382035 
1535159906273 0.252758 0.92142 -0.295123 -0.612643 -0.933695 0.312255 0.175244 -0.235933 0.253627 0.231261 0.939251 0.382035 
1535159906340 0.252945 0.921667 -0.294193 -0.611317 -0.933735 0.312173 0.175178 -0.235131 0.253295 0.230387 0.939555 0.3824 
1535159906526 0.253364 0.921675 -0.293807 -0.610953 -0.933611 0.312508 0.175241 -0.235014 0.253332 0.229901 0.939664 0.382606 
1535159906740 0.253556 0.921634 -0.293768 -0.610588 -0.933474 0.31276 0.175521 -0.234827 0.253645 0.229721 0.939624 0.382533 
1535159906904 0.253556 0.921634 -0.293768 -0.610588 -0.933474 0.31276 0.175521 -0.234827 0.253645 0.229721 0.939624 0.382533 
1535159906940 0.253746 0.921642 -0.29358 -0.610072 -0.933416 0.312911 0.175561 -0.23456 0.253669 0.229484 0.939675 0.382593 
1535159907115 0.253746 0.921642 -0.29358 -0.610072 -0.933416 0.312911 0.175561 -0.23456 0.253669 0.229484 0.939675 0.382593 
1535159907292 0.254936 0.921623 -0.292606 -0.608609 -0.932926 0.314007 0.176207 -0.23408 0.254277 0.228058 0.939858 0.382908 
1535159907595 0.254782 0.921629 -0.292723 -0.608329 -0.932905 0.313939 0.17644 -0.233799 0.254509 0.228129 0.939778 0.382942 
1535159907807 0.254722 0.921712 -0.292513 -0.607604 -0.932853 0.313903 0.176779 -0.233363 0.254759 0.227842 0.93978 0.38316 
1535159908054 0.255225 0.921599 -0.29243 -0.606802 -0.932678 0.314399 0.176818 -0.233224 0.254896 0.227615 0.939798 0.383285 
1535159908105 0.255225 0.921599 -0.29243 -0.606802 -0.932678 0.314399 0.176818 -0.233224 0.254896 0.227615 0.939798 0.383285 
1535159908315 0.255836 0.921518 -0.292152 -0.60553 -0.932377 0.315046 0.177253 -0.232741 0.255383 0.227048 0.939802 0.383576 
1535159908330 0.255836 0.921518 -0.292152 -0.60553 -0.932377 0.315046 0.177253 -0.232741 0.255383 0.227048 0.939802 0.383576 
1535159908557 0.255855 0.921519 -0.292133 -0.605484 -0.932356 0.315075 0.177315 -0.232713 0.255443 0.227005 0.939797 0.383602 
1535159908622 0.255776 0.921727 -0.291544 -0.604892 -0.932429 0.314841 0.177344 -0.23237 0.255252 0.226484 0.939974 0.383756 
1535159908824 0.255609 0.921909 -0.291113 -0.604257 -0.932486 0.314588 0.177492 -0.232018 0.255212 0.226091 0.94008 0.383929 
1535159909054 0.255839 0.922035 -0.290513 -0.603525 -0.932401 0.314712 0.177723 -0.231779 0.255295 0.225406 0.940221 0.384156 
1535159909115 0.255839 0.922035 -0.290513 -0.603525 -0.932401 0.314712 0.177723 -0.231779 0.255295 0.225406 0.940221 0.384156 
1535159909301 0.255844 0.922183 -0.290037 -0.602851 -0.932433 0.314595 0.177758 -0.231455 0.25517 0.224961 0.940362 0.384294 
1535159909317 0.255829 0.922222 -0.289928 -0.602665 -0.932458 0.314541 0.177724 -0.231404 0.255095 0.224879 0.940402 0.384329 
1535159909556 0.256056 0.922266 -0.289586 -0.602516 -0.932394 0.314693 0.177791 -0.231334 0.255101 0.224484 0.940495 0.384474 
1535159909764 0.256132 0.922285 -0.28946 -0.601996 -0.93255 0.314585 0.177163 -0.231042 0.254454 0.224559 0.940652 0.384544 
1535159909967 0.256162 0.922409 -0.289038 -0.601465 -0.932704 0.31439 0.176698 -0.230781 0.253858 0.224323 0.940869 0.384657 
1535159910188 0.256162 0.922409 -0.289038 -0.601465 -0.932704 0.31439 0.176698 -0.230781 0.253858 0.224323 0.940869 0.384657 
1535159910255 0.256113 0.922588 -0.288509 -0.600664 -0.932966 0.314022 0.175968 -0.23033 0.252944 0.224101 0.941168 0.384813 
1535159910271 0.256132 0.922591 -0.288482 -0.600574 -0.932981 0.314018 0.175898 -0.230291 0.25287 0.224095 0.94119 0.384823 
1535159910289 0.256208 0.922579 -0.288455 -0.600509 -0.932974 0.314072 0.175837 -0.230268 0.252819 0.22407 0.941209 0.384834 
1535159910306 0.256208 0.922579 -0.288455 -0.600509 -0.932974 0.314072 0.175837 -0.230268 0.252819 0.22407 0.941209 0.384834 
1535159910475 0.256738 0.922677 -0.287669 -0.600493 -0.932901 0.314363 0.175705 -0.230293 0.252551 0.223256 0.941475 0.384889 
1535159910616 0.256738 0.922677 -0.287669 -0.600493 -0.932901 0.314363 0.175705 -0.230293 0.252551 0.223256 0.941475 0.384889 
1535159910666 0.257461 0.923262 -0.285135 -0.600422 -0.933015 0.314294 0.17522 -0.230118 0.25139 0.220923 0.942336 0.384673 
1535159910809 0.257461 0.923262 -0.285135 -0.600422 -0.933015 0.314294 0.17522 -0.230118 0.25139 0.220923 0.942336 0.384673 
1535159911095 0.259244 0.924123 -0.280693 -0.600114 -0.933084 0.314665 0.174186 -0.229708 0.249294 0.216754 0.943859 0.384353 
1535159911484 0.259969 0.924883 -0.277502 -0.60043 -0.933182 0.314497 0.173963 -0.229735 0.248169 0.213735 0.944844 0.384062 
1535159911855 0.260683 0.92547 -0.274863 -0.600609 -0.933287 0.314423 0.173532 -0.22967 0.247022 0.211289 0.945694 0.383784 
1535159912068 0.261172 0.925597 -0.273969 -0.600665 -0.933214 0.31467 0.17348 -0.22977 0.246783 0.210363 0.945963 0.383707 
1535159912415 0.261172 0.925597 -0.273969 -0.600665 -0.933214 0.31467 0.17348 -0.22977 0.246783 0.210363 0.945963 0.383707 
1535159912460 0.261172 0.925597 -0.273969 -0.600665 -0.933214 0.31467 0.17348 -0.22977 0.246783 0.210363 0.945963 0.383707 
1535159912595 0.261172 0.925597 -0.273969 -0.600665 -0.933214 0.31467 0.17348 -0.22977 0.246783 0.210363 0.945963 0.383707 
1535159912646 0.261172 0.925597 -0.273969 -0.600665 -0.933214 0.31467 0.17348 -0.22977 0.246783 0.210363 0.945963 0.383707 
1535159912816 0.261172 0.925597 -0.273969 -0.600665 -0.933214 0.31467 0.17348 -0.22977 0.246783 0.210363 0.945963 0.383707 
1535159912863 0.261172 0.925597 -0.273969 -0.600665 -0.933214 0.31467 0.17348 -0.22977 0.246783 0.210363 0.945963 0.383707 
1535159917050 0.213963 0.919245 -0.330467 -0.472299 -0.943619 0.281978 0.173414 -0.171322 0.252595 0.27473 0.92775 0.474084 
1535159918420 0.213961 0.919245 -0.330467 -0.472298 -0.943619 0.281976 0.173415 -0.171321 0.252595 0.274731 0.927749 0.474084 
1535159918449 0.213932 0.919247 -0.330481 -0.472288 -0.943621 0.281956 0.173434 -0.17131 0.25261 0.274746 0.927741 0.474086 
1535159918741 0.213927 0.919248 -0.330481 -0.472286 -0.943622 0.281952 0.173438 -0.171308 0.252612 0.274746 0.92774 0.474087 
1535159918987 0.213914 0.919251 -0.330482 -0.472283 -0.943624 0.281941 0.173445 -0.171303 0.252616 0.274748 0.927739 0.474087 
1535159919283 0.213887 0.919257 -0.330482 -0.472276 -0.943629 0.281917 0.173455 -0.171292 0.252618 0.274753 0.927737 0.474087 
1535159919540 0.213846 0.919267 -0.330482 -0.472266 -0.943638 0.281878 0.173469 -0.171277 0.25262 0.274759 0.927734 0.474086 
1535159920026 0.213831 0.919271 -0.330481 -0.472262 -0.943641 0.281864 0.173475 -0.17127 0.252622 0.274761 0.927733 0.474086 
1535159920370 0.213824 0.919272 -0.330482 -0.47226 -0.943642 0.28186 0.17348 -0.171268 0.252625 0.274763 0.927732 0.474087 
1535159920780 0.213822 0.919272 -0.330482 -0.472259 -0.943642 0.281858 0.173482 -0.171267 0.252627 0.274762 0.927731 0.474087 
1535159921378 0.213821 0.919272 -0.330484 -0.472259 -0.943641 0.281858 0.173485 -0.171266 0.252629 0.274763 0.92773 0.474087 
1535159921817 0.21382 0.919272 -0.330484 -0.472258 -0.943641 0.281858 0.173487 -0.171266 0.252631 0.274764 0.92773 0.474088 
1535159922254 0.21382 0.919272 -0.330484 -0.472258 -0.943641 0.281858 0.173488 -0.171266 0.252633 0.274763 0.927729 0.474088 
1535159922719 0.21382 0.919272 -0.330485 -0.472258 -0.94364 0.281859 0.17349 -0.171265 0.252634 0.274764 0.927729 0.474088 
1535159923181 0.21382 0.919271 -0.330486 -0.472257 -0.94364 0.28186 0.173491 -0.171265 0.252636 0.274764 0.927728 0.474089 
1535159923830 0.21382 0.919272 -0.330486 -0.472257 -0.94364 0.28186 0.173492 -0.171265 0.252637 0.274763 0.927728 0.474089 
1535159924302 0.21382 0.919271 -0.330487 -0.472257 -0.943639 0.281861 0.173493 -0.171265 0.252639 0.274764 0.927728 0.474089 
1535159924910 0.213821 0.919271 -0.330487 -0.472257 -0.943639 0.281861 0.173494 -0.171265 0.25264 0.274763 0.927728 0.47409 
1535159925360 0.213821 0.919271 -0.330487 -0.472257 -0.943638 0.281862 0.173495 -0.171265 0.252641 0.274763 0.927727 0.47409 
1535159926027 0.213821 0.919271 -0.330487 -0.472257 -0.943638 0.281862 0.173496 -0.171265 0.252642 0.274763 0.927727 0.47409 
1535159926382 0.213821 0.91927 -0.330488 -0.472256 -0.943638 0.281863 0.173496 -0.171265 0.252642 0.274764 0.927727 0.47409 
1535159926720 0.213821 0.919271 -0.330488 -0.472256 -0.943638 0.281863 0.173497 -0.171265 0.252643 0.274763 0.927727 0.47409 
1535159927201 0.213822 0.91927 -0.330488 -0.472256 -0.943638 0.281863 0.173497 -0.171265 0.252643 0.274763 0.927727 0.47409 
1535159927961 0.213822 0.91927 -0.330489 -0.472256 -0.943637 0.281864 0.173497 -0.171265 0.252644 0.274764 0.927726 0.47409 
1535159928479 0.226417 0.919491 -0.321358 -0.497548 -0.940441 0.292264 0.173644 -0.183049 0.253586 0.262902 0.930901 0.456855 
1535159929233 0.226417 0.919491 -0.321358 -0.497548 -0.940441 0.292264 0.173644 -0.183049 0.253586 0.262902 0.930901 0.456855 
1535159929784 0.238127 0.91974 -0.312047 -0.523186 -0.937475 0.301636 0.173655 -0.194825 0.253842 0.251184 0.934061 0.439062 
1535159930556 0.238127 0.91974 -0.312047 -0.523186 -0.937475 0.301636 0.173655 -0.194825 0.253842 0.251184 0.934061 0.439062 
1535159931115 0.238127 0.91974 -0.312047 -0.523186 -0.937475 0.301636 0.173655 -0.194825 0.253842 0.251184 0.934061 0.439062 
