1535170929064 0.241734 0.919567 -0.309775 -0.602712 -0.934734 0.306368 0.18003 -0.232532 0.260455 0.246038 0.933611 0.39055 
1535170937399 0.241734 0.919567 -0.309775 -0.602712 -0.934734 0.306368 0.18003 -0.232532 0.260455 0.246038 0.933611 0.39055 
1535170938217 0.237571 0.919721 -0.312528 -0.609009 -0.93608 0.302703 0.179237 -0.235229 0.259451 0.24997 0.932845 0.388744 
1535170939029 0.234981 0.919777 -0.314316 -0.612377 -0.936882 0.300459 0.17882 -0.236477 0.258914 0.252458 0.932324 0.387542 
1535170939826 0.230169 0.919904 -0.317487 -0.619011 -0.938376 0.296235 0.17803 -0.239157 0.257821 0.256945 0.931401 0.385447 
1535170940913 0.220279 0.92004 -0.324044 -0.63228 -0.94134 0.287571 0.176581 -0.244397 0.255647 0.266139 0.929416 0.381157 
1535170940938 0.220279 0.92004 -0.324044 -0.63228 -0.94134 0.287571 0.176581 -0.244397 0.255647 0.266139 0.929416 0.381157 
1535170941160 0.219209 0.920187 -0.32435 -0.632627 -0.941613 0.286599 0.176708 -0.244158 0.255562 0.266676 0.929286 0.380879 
1535170941460 0.219603 0.919181 -0.326928 -0.631104 -0.941057 0.28795 0.17747 -0.244004 0.257265 0.268685 0.928236 0.381762 
1535170941760 0.219125 0.918063 -0.33037 -0.629743 -0.940637 0.288724 0.178438 -0.243625 0.259203 0.271658 0.926831 0.382509 
1535170942166 0.218424 0.91627 -0.335769 -0.627697 -0.939964 0.29 0.179908 -0.243107 0.262218 0.276315 0.924604 0.383571 
1535170942378 0.218424 0.91627 -0.335769 -0.627697 -0.939964 0.29 0.179908 -0.243107 0.262218 0.276315 0.924604 0.383571 
1535170942481 0.217936 0.915058 -0.339372 -0.626294 -0.939469 0.290896 0.181047 -0.242724 0.264391 0.279373 0.923065 0.384339 
1535170942497 0.218185 0.914864 -0.339735 -0.626191 -0.93935 0.291265 0.18107 -0.242841 0.264607 0.279623 0.922927 0.3844 
1535170942703 0.218057 0.914977 -0.339511 -0.626573 -0.939451 0.291025 0.18093 -0.243046 0.264353 0.279501 0.923036 0.384334 
1535170942985 0.216579 0.915438 -0.339214 -0.627748 -0.939946 0.289421 0.180933 -0.243259 0.263809 0.279657 0.923145 0.384019 
1535170943224 0.216579 0.915438 -0.339214 -0.627748 -0.939946 0.289421 0.180933 -0.243259 0.263809 0.279657 0.923145 0.384019 
1535170943444 0.214346 0.916081 -0.338898 -0.629993 -0.940778 0.286929 0.18058 -0.244174 0.262665 0.280122 0.92333 0.38349 
1535170943755 0.21286 0.916485 -0.338741 -0.631267 -0.941256 0.285356 0.180577 -0.244492 0.262158 0.280404 0.923389 0.383115 
1535170944001 0.212471 0.916564 -0.338773 -0.631386 -0.941364 0.284977 0.180615 -0.244533 0.262088 0.280533 0.923369 0.382999 
1535170944257 0.211283 0.916858 -0.338719 -0.632206 -0.941545 0.283948 0.181293 -0.245142 0.262399 0.280615 0.923256 0.383012 
1535170944506 0.209823 0.917259 -0.338541 -0.633059 -0.941848 0.282571 0.181868 -0.245592 0.262482 0.280694 0.923208 0.382935 
1535170944752 0.20827 0.917647 -0.338448 -0.63392 -0.942112 0.281187 0.182647 -0.246023 0.262773 0.280816 0.923089 0.382797 
1535170944926 0.207182 0.917931 -0.338347 -0.634704 -0.94229 0.280214 0.183221 -0.246666 0.262994 0.28086 0.923012 0.38268 
1535170944957 0.206443 0.918161 -0.338175 -0.634928 -0.942452 0.279488 0.183493 -0.246554 0.262992 0.280833 0.923021 0.382635 
1535170945162 0.206813 0.91824 -0.337732 -0.634872 -0.942487 0.279623 0.183112 -0.246746 0.262578 0.280438 0.923259 0.382523 
1535170945365 0.207212 0.918484 -0.336824 -0.634925 -0.942545 0.27966 0.182756 -0.246981 0.262055 0.279603 0.923661 0.382457 
1535170945558 0.206615 0.919176 -0.335299 -0.635241 -0.943001 0.278451 0.182247 -0.247087 0.260881 0.278533 0.924316 0.382198 
1535170945754 0.206486 0.919763 -0.333767 -0.635484 -0.943345 0.27769 0.181627 -0.247337 0.259737 0.277354 0.924993 0.381948 
1535170945879 0.205952 0.920509 -0.332034 -0.635809 -0.943742 0.276548 0.181307 -0.247348 0.258718 0.276014 0.925679 0.381787 
1535170945899 0.205952 0.920509 -0.332034 -0.635809 -0.943742 0.276548 0.181307 -0.247348 0.258718 0.276014 0.925679 0.381787 
1535170945916 0.205804 0.9208 -0.331319 -0.635946 -0.943912 0.276122 0.18107 -0.247389 0.258213 0.275471 0.925981 0.381647 
1535170945960 0.20578 0.920795 -0.331347 -0.635945 -0.943927 0.276094 0.181035 -0.247392 0.258179 0.275514 0.925978 0.381611 
1535170946125 0.20614 0.920708 -0.331366 -0.635874 -0.943763 0.276527 0.181228 -0.247349 0.258489 0.275373 0.925934 0.38167 
1535170946245 0.207382 0.920544 -0.331046 -0.635834 -0.943418 0.277707 0.181222 -0.247531 0.258757 0.274733 0.926049 0.381617 
1535170946292 0.208618 0.920648 -0.329978 -0.635855 -0.943167 0.278633 0.181106 -0.247602 0.258678 0.273443 0.926453 0.381306 
1535170946602 0.209472 0.920514 -0.32981 -0.635528 -0.942983 0.279396 0.18089 -0.24735 0.25866 0.273114 0.926555 0.381296 
1535170946875 0.212239 0.920285 -0.328679 -0.63477 -0.942361 0.281774 0.180441 -0.247087 0.258671 0.271437 0.927044 0.381692 
1535170947149 0.213532 0.920135 -0.328261 -0.634411 -0.942062 0.282914 0.180219 -0.246957 0.258695 0.270759 0.927236 0.381798 
1535170947173 0.213532 0.920135 -0.328261 -0.634411 -0.942062 0.282914 0.180219 -0.246957 0.258695 0.270759 0.927236 0.381798 
1535170947200 0.214137 0.920113 -0.327929 -0.634204 -0.941942 0.283399 0.180082 -0.246904 0.258631 0.270328 0.92738 0.38183 
1535170947478 0.214137 0.920113 -0.327929 -0.634204 -0.941942 0.283399 0.180082 -0.246904 0.258631 0.270328 0.92738 0.38183 
1535170947639 0.213777 0.920056 -0.328324 -0.63332 -0.942169 0.282986 0.179547 -0.246259 0.258104 0.270954 0.927344 0.382147 
1535170947861 0.214498 0.919869 -0.328376 -0.632624 -0.942125 0.283548 0.17889 -0.246032 0.257666 0.270999 0.927452 0.38241 
1535170948090 0.214821 0.91975 -0.3285 -0.631973 -0.942159 0.283762 0.17837 -0.245703 0.257271 0.271182 0.927509 0.382627 
1535170948143 0.215677 0.919512 -0.328603 -0.631527 -0.942033 0.284513 0.177837 -0.245861 0.257015 0.2712 0.927574 0.382825 
1535170948160 0.215649 0.919518 -0.328607 -0.631443 -0.942043 0.284483 0.177834 -0.245788 0.257005 0.271212 0.927573 0.382852 
1535170948338 0.215649 0.919518 -0.328607 -0.631443 -0.942043 0.284483 0.177834 -0.245788 0.257005 0.271212 0.927573 0.382852 
1535170948514 0.215604 0.919549 -0.328549 -0.630975 -0.942044 0.28444 0.177894 -0.245467 0.257035 0.271153 0.927582 0.383029 
1535170948730 0.215604 0.919549 -0.328549 -0.630975 -0.942044 0.28444 0.177894 -0.245467 0.257035 0.271153 0.927582 0.383029 
1535170948817 0.215346 0.919667 -0.328389 -0.628925 -0.941856 0.284426 0.17891 -0.244436 0.25794 0.270767 0.927444 0.383549 
1535170949112 0.215822 0.919499 -0.328546 -0.627941 -0.941635 0.285021 0.179127 -0.244113 0.25835 0.270711 0.927346 0.383837 
1535170949297 0.215711 0.919534 -0.328522 -0.627812 -0.941607 0.284969 0.179359 -0.244019 0.258546 0.270649 0.92731 0.383969 
1535170949435 0.215384 0.919561 -0.328658 -0.627295 -0.941602 0.284772 0.179698 -0.243836 0.258836 0.270761 0.927196 0.384118 
1535170949576 0.215384 0.919561 -0.328658 -0.627295 -0.941602 0.284772 0.179698 -0.243836 0.258836 0.270761 0.927196 0.384118 
1535170949618 0.215342 0.91946 -0.32897 -0.62676 -0.941449 0.284963 0.180194 -0.243631 0.259426 0.270905 0.926989 0.384272 
1535170949718 0.215342 0.91946 -0.32897 -0.62676 -0.941449 0.284963 0.180194 -0.243631 0.259426 0.270905 0.926989 0.384272 
1535170949956 0.21538 0.919413 -0.329076 -0.625724 -0.941139 0.285333 0.181223 -0.243398 0.260515 0.270674 0.926751 0.384792 
1535170950121 0.214973 0.919399 -0.329382 -0.625401 -0.941165 0.285081 0.181486 -0.243037 0.260759 0.270988 0.926591 0.384806 
1535170950197 0.214973 0.919399 -0.329382 -0.625401 -0.941165 0.285081 0.181486 -0.243037 0.260759 0.270988 0.926591 0.384806 
1535170950251 0.214973 0.919399 -0.329382 -0.625401 -0.941165 0.285081 0.181486 -0.243037 0.260759 0.270988 0.926591 0.384806 
1535170950328 0.214973 0.919399 -0.329382 -0.625401 -0.941165 0.285081 0.181486 -0.243037 0.260759 0.270988 0.926591 0.384806 
1535170950414 0.214817 0.919269 -0.329846 -0.624156 -0.941063 0.285169 0.181875 -0.242676 0.261254 0.271336 0.926349 0.385243 
1535170950600 0.214896 0.919213 -0.32995 -0.624059 -0.941027 0.285283 0.181884 -0.242628 0.261319 0.271405 0.926311 0.385277 
1535170950768 0.214692 0.919092 -0.330418 -0.623665 -0.940963 0.285299 0.182189 -0.242379 0.261716 0.271797 0.926084 0.385451 
1535170950944 0.214692 0.919092 -0.330418 -0.623665 -0.940963 0.285299 0.182189 -0.242379 0.261716 0.271797 0.926084 0.385451 
1535170951103 0.214693 0.918703 -0.331499 -0.622518 -0.940552 0.285941 0.183302 -0.242043 0.263189 0.272438 0.925478 0.385938 
1535170951169 0.214693 0.918703 -0.331499 -0.622518 -0.940552 0.285941 0.183302 -0.242043 0.263189 0.272438 0.925478 0.385938 
1535170951266 0.214737 0.918233 -0.33277 -0.621475 -0.940163 0.286628 0.184224 -0.241504 0.264542 0.273298 0.924838 0.386333 
1535170951300 0.214737 0.918233 -0.33277 -0.621475 -0.940163 0.286628 0.184224 -0.241504 0.264542 0.273298 0.924838 0.386333 
1535170951498 0.215201 0.917896 -0.333401 -0.621049 -0.939847 0.287407 0.184623 -0.241607 0.265286 0.273614 0.924531 0.386585 
1535170951740 0.214836 0.918123 -0.333009 -0.620571 -0.939917 0.287 0.184898 -0.241278 0.265333 0.273278 0.924617 0.386696 
1535170951991 0.214567 0.918534 -0.332048 -0.619308 -0.939913 0.286621 0.185506 -0.240821 0.265565 0.272292 0.924842 0.386934 
1535170952055 0.2149 0.918507 -0.331907 -0.618934 -0.939759 0.286984 0.185723 -0.24091 0.26584 0.272001 0.924848 0.387122 
1535170952247 0.214689 0.91857 -0.33187 -0.618718 -0.939814 0.286772 0.185774 -0.240768 0.265818 0.272012 0.924851 0.387124 
1535170952430 0.214571 0.918349 -0.332558 -0.618586 -0.939724 0.286921 0.186 -0.240634 0.266231 0.272603 0.924559 0.387289 
1535170952619 0.214732 0.918067 -0.33323 -0.618166 -0.939598 0.287299 0.186049 -0.240597 0.266542 0.273152 0.924307 0.387499 
1535170952800 0.214613 0.917893 -0.333786 -0.617794 -0.939544 0.287383 0.186192 -0.2404 0.266829 0.273648 0.924078 0.387676 
1535170952912 0.214648 0.917699 -0.334297 -0.617378 -0.939415 0.287644 0.186442 -0.240265 0.267256 0.274024 0.923842 0.387952 
1535170952939 0.214817 0.917502 -0.33473 -0.61715 -0.939328 0.287939 0.186422 -0.240339 0.267424 0.274375 0.92369 0.388038 
1535170953179 0.214941 0.917713 -0.33407 -0.616811 -0.939375 0.287845 0.186335 -0.239903 0.267163 0.273766 0.923946 0.388139 
1535170953471 0.215484 0.917607 -0.334012 -0.616485 -0.939302 0.288289 0.186015 -0.23995 0.26698 0.273655 0.924032 0.388206 
1535170953699 0.21569 0.9176 -0.3339 -0.615951 -0.939315 0.288397 0.185781 -0.23969 0.266768 0.273566 0.924119 0.388322 
1535170953932 0.216518 0.917529 -0.333556 -0.615109 -0.939141 0.289086 0.185588 -0.239355 0.266708 0.273073 0.924282 0.388693 
1535170953959 0.216518 0.917529 -0.333556 -0.615109 -0.939141 0.289086 0.185588 -0.239355 0.266708 0.273073 0.924282 0.388693 
1535170953978 0.216495 0.917557 -0.333495 -0.614914 -0.939182 0.289015 0.18549 -0.239168 0.266583 0.273055 0.924324 0.388754 
1535170954157 0.216495 0.917557 -0.333495 -0.614914 -0.939182 0.289015 0.18549 -0.239168 0.266583 0.273055 0.924324 0.388754 
1535170954250 0.216495 0.917557 -0.333495 -0.614914 -0.939182 0.289015 0.18549 -0.239168 0.266583 0.273055 0.924324 0.388754 
1535170954414 0.216425 0.917431 -0.333886 -0.61441 -0.939069 0.289162 0.185836 -0.239061 0.267039 0.273322 0.924113 0.388919 
1535170954516 0.216342 0.917286 -0.334338 -0.613476 -0.93889 0.289378 0.186402 -0.238704 0.267735 0.27358 0.923835 0.389298 
1535170954686 0.216342 0.917286 -0.334338 -0.613476 -0.93889 0.289378 0.186402 -0.238704 0.267735 0.27358 0.923835 0.389298 
1535170954902 0.216566 0.917077 -0.334766 -0.61235 -0.938613 0.289905 0.186978 -0.23841 0.268524 0.273722 0.923564 0.389662 
1535170955090 0.216701 0.917037 -0.334789 -0.61211 -0.938512 0.290108 0.187172 -0.238129 0.268769 0.273643 0.923517 0.389744 
1535170955210 0.216701 0.917037 -0.334789 -0.61211 -0.938512 0.290108 0.187172 -0.238129 0.268769 0.273643 0.923517 0.389744 
1535170955341 0.217162 0.917056 -0.334437 -0.611404 -0.938528 0.290342 0.186724 -0.237836 0.268338 0.27333 0.923735 0.389888 
1535170955393 0.217162 0.917056 -0.334437 -0.611404 -0.938528 0.290342 0.186724 -0.237836 0.268338 0.27333 0.923735 0.389888 
1535170955460 0.217162 0.917056 -0.334437 -0.611404 -0.938528 0.290342 0.186724 -0.237836 0.268338 0.27333 0.923735 0.389888 
1535170955504 0.217581 0.916992 -0.334341 -0.610455 -0.938419 0.290727 0.186673 -0.237325 0.268379 0.273135 0.92378 0.390174 
1535170955523 0.217581 0.916992 -0.334341 -0.610455 -0.938419 0.290727 0.186673 -0.237325 0.268379 0.273135 0.92378 0.390174 
1535170955686 0.217581 0.916992 -0.334341 -0.610455 -0.938419 0.290727 0.186673 -0.237325 0.268379 0.273135 0.92378 0.390174 
1535170955809 0.218208 0.91688 -0.33424 -0.609742 -0.938232 0.291336 0.186663 -0.237143 0.268524 0.272863 0.923819 0.390417 
1535170955989 0.218174 0.916855 -0.334329 -0.609243 -0.938192 0.291371 0.18681 -0.2368 0.268691 0.272908 0.923757 0.390554 
1535170956178 0.218509 0.916758 -0.334378 -0.608518 -0.93801 0.291801 0.187055 -0.236494 0.269056 0.272776 0.923689 0.390783 
1535170956362 0.219001 0.916555 -0.334612 -0.607759 -0.937758 0.292448 0.187307 -0.236298 0.269534 0.272765 0.923553 0.391006 
1535170956529 0.219031 0.916541 -0.33463 -0.607347 -0.937713 0.292519 0.187424 -0.236043 0.269667 0.272735 0.923523 0.391172 
1535170956672 0.219044 0.916533 -0.334645 -0.607286 -0.937709 0.292534 0.187417 -0.236026 0.269669 0.272747 0.923519 0.391181 
1535170956911 0.21913 0.916852 -0.333714 -0.606771 -0.937704 0.29241 0.187638 -0.235748 0.269617 0.271808 0.923811 0.391319 
1535170957119 0.219189 0.917188 -0.332749 -0.606118 -0.937842 0.292114 0.187406 -0.235466 0.269087 0.270989 0.924206 0.391486 
1535170957318 0.219528 0.917394 -0.331957 -0.605394 -0.937793 0.29224 0.187457 -0.235382 0.268983 0.270155 0.924481 0.391619 
1535170957426 0.219526 0.917722 -0.33105 -0.604806 -0.937863 0.291983 0.187507 -0.234987 0.26874 0.269317 0.924796 0.391798 
1535170957444 0.219526 0.917722 -0.33105 -0.604806 -0.937863 0.291983 0.187507 -0.234987 0.26874 0.269317 0.924796 0.391798 
1535170957722 0.2201 0.918277 -0.329124 -0.604444 -0.93805 0.291807 0.186844 -0.234806 0.267615 0.26761 0.925617 0.391753 
1535170958049 0.221045 0.919154 -0.32603 -0.603994 -0.93841 0.291486 0.185535 -0.234451 0.265568 0.264938 0.926974 0.391654 
1535170958432 0.222033 0.920053 -0.322807 -0.603471 -0.9387 0.291246 0.184442 -0.234117 0.263713 0.262066 0.928319 0.391714 
1535170958457 0.222033 0.920053 -0.322807 -0.603471 -0.9387 0.291246 0.184442 -0.234117 0.263713 0.262066 0.928319 0.391714 
1535170958473 0.222033 0.920053 -0.322807 -0.603471 -0.9387 0.291246 0.184442 -0.234117 0.263713 0.262066 0.928319 0.391714 
1535170958687 0.222328 0.92035 -0.321755 -0.60326 -0.938829 0.291115 0.183988 -0.233992 0.263001 0.261167 0.928775 0.391623 
1535170958964 0.221994 0.920103 -0.32269 -0.602723 -0.938361 0.29153 0.185712 -0.233896 0.264947 0.261573 0.928107 0.391817 
1535170959276 0.222012 0.920158 -0.322521 -0.602436 -0.938157 0.29171 0.18646 -0.233763 0.265655 0.261179 0.928016 0.391896 
1535170959294 0.222012 0.920158 -0.322521 -0.602436 -0.938157 0.29171 0.18646 -0.233763 0.265655 0.261179 0.928016 0.391896 
1535170959463 0.221994 0.92016 -0.322528 -0.60214 -0.938039 0.291815 0.18689 -0.233722 0.266087 0.261056 0.927927 0.391898 
1535170959747 0.223122 0.920496 -0.320786 -0.602154 -0.938521 0.291786 0.184496 -0.233446 0.263429 0.259899 0.929009 0.391795 
1535170960112 0.223703 0.920578 -0.320146 -0.602031 -0.938718 0.291874 0.18335 -0.233379 0.26223 0.259511 0.929456 0.391648 
1535170967141 0.223703 0.920578 -0.320146 -0.602031 -0.938718 0.291874 0.18335 -0.233379 0.26223 0.259511 0.929456 0.391648 
1535170967482 0.224264 0.920774 -0.319187 -0.601916 -0.938943 0.291857 0.182225 -0.233182 0.260945 0.258832 0.930007 0.391571 
1535170968071 0.222032 0.920057 -0.322796 -0.60834 -0.938998 0.290946 0.183393 -0.23594 0.262648 0.262386 0.928531 0.389738 
1535170968730 0.217001 0.919407 -0.328027 -0.621551 -0.940101 0.287333 0.183438 -0.240803 0.262907 0.268572 0.926687 0.385594 
1535170969066 0.217001 0.919407 -0.328027 -0.621551 -0.940101 0.287333 0.183438 -0.240803 0.262907 0.268572 0.926687 0.385594 
1535170969496 0.212705 0.918888 -0.332266 -0.631656 -0.941086 0.284144 0.183355 -0.244301 0.262894 0.273691 0.925192 0.382194 
1535170969778 0.212605 0.9191 -0.331744 -0.632043 -0.940623 0.284449 0.18525 -0.244153 0.264628 0.272661 0.925002 0.382371 
1535170969956 0.212157 0.919199 -0.331756 -0.632169 -0.940652 0.284106 0.185629 -0.244035 0.264884 0.272684 0.924922 0.38229 
1535170970119 0.212304 0.919224 -0.331594 -0.632392 -0.940654 0.284174 0.185513 -0.244124 0.264759 0.27253 0.925003 0.38235 
1535170970322 0.212828 0.919105 -0.331587 -0.632881 -0.94084 0.28435 0.184296 -0.244572 0.263674 0.272747 0.925249 0.382173 
1535170970533 0.21306 0.919222 -0.331114 -0.633965 -0.94109 0.284159 0.183311 -0.245007 0.262593 0.272552 0.925614 0.382068 
1535170970667 0.21317 0.919245 -0.330978 -0.63434 -0.941166 0.284131 0.182965 -0.245093 0.262231 0.272502 0.925731 0.38203 
1535170970822 0.213262 0.919285 -0.330809 -0.634449 -0.941172 0.284155 0.182896 -0.245191 0.262134 0.272343 0.925805 0.382048 
1535170970938 0.212642 0.919675 -0.330122 -0.634514 -0.941517 0.283224 0.182565 -0.245473 0.261399 0.271995 0.926115 0.381946 
1535170971049 0.211903 0.920159 -0.329249 -0.634775 -0.941917 0.282115 0.182218 -0.245561 0.260555 0.271513 0.926494 0.381834 
1535170971156 0.211903 0.920159 -0.329249 -0.634775 -0.941917 0.282115 0.182218 -0.245561 0.260555 0.271513 0.926494 0.381834 
1535170971270 0.211321 0.920716 -0.328064 -0.635206 -0.94236 0.281008 0.181636 -0.246 0.259424 0.270771 0.927029 0.381726 
1535170971402 0.211305 0.920777 -0.327902 -0.635243 -0.942397 0.280926 0.181569 -0.246088 0.259301 0.270648 0.927099 0.381718 
1535170971613 0.210706 0.920996 -0.327672 -0.635289 -0.942541 0.280308 0.181779 -0.246132 0.259267 0.270543 0.927139 0.381558 
1535170971754 0.210046 0.921422 -0.326899 -0.635586 -0.942711 0.279512 0.182123 -0.246617 0.259185 0.269917 0.927345 0.381441 
1535170971895 0.209548 0.921767 -0.326245 -0.635778 -0.942827 0.27891 0.182445 -0.246893 0.259165 0.269361 0.927512 0.381269 
1535170971931 0.209521 0.92191 -0.325856 -0.635908 -0.942843 0.278797 0.182536 -0.247057 0.259129 0.268986 0.927631 0.381233 
1535170972131 0.209647 0.921907 -0.325785 -0.63594 -0.942818 0.278898 0.182512 -0.247086 0.25912 0.268893 0.92766 0.381139 
1535170972394 0.211199 0.921256 -0.326622 -0.635785 -0.942625 0.280362 0.18126 -0.247032 0.258559 0.2696 0.927611 0.38113 
1535170972693 0.211973 0.920965 -0.326943 -0.635779 -0.942507 0.281093 0.180738 -0.24703 0.258355 0.269835 0.9276 0.38107 
1535170972717 0.211973 0.920965 -0.326943 -0.635779 -0.942507 0.281093 0.180738 -0.24703 0.258355 0.269835 0.9276 0.38107 
1535170972894 0.212752 0.920738 -0.327076 -0.635672 -0.94244 0.281739 0.180085 -0.247025 0.257961 0.269936 0.92768 0.381089 
1535170973093 0.21295 0.920884 -0.326534 -0.635422 -0.942352 0.281863 0.180347 -0.246773 0.258117 0.269305 0.92782 0.381136 
1535170973251 0.214723 0.920619 -0.326121 -0.634909 -0.941961 0.283437 0.179924 -0.246549 0.258076 0.26856 0.928048 0.381309 
1535170973417 0.21598 0.920529 -0.325545 -0.634479 -0.941786 0.28439 0.179338 -0.246434 0.257667 0.26786 0.928363 0.381464 
1535170973484 0.216579 0.920461 -0.325339 -0.634258 -0.941712 0.284847 0.178999 -0.24641 0.257433 0.267609 0.928501 0.381537 
1535170973501 0.216743 0.920429 -0.325321 -0.634224 -0.941682 0.284989 0.178928 -0.246447 0.257404 0.267567 0.928521 0.381549 
1535170973719 0.216883 0.9203 -0.325592 -0.633826 -0.941674 0.285148 0.178718 -0.246231 0.257316 0.267841 0.928466 0.381587 
1535170973913 0.216883 0.9203 -0.325592 -0.633826 -0.941674 0.285148 0.178718 -0.246231 0.257316 0.267841 0.928466 0.381587 
1535170974042 0.217086 0.920255 -0.325582 -0.632872 -0.941758 0.285202 0.178191 -0.245751 0.256838 0.267937 0.928571 0.38202 
1535170974289 0.217512 0.920144 -0.325613 -0.632227 -0.941668 0.2856 0.178029 -0.245446 0.256807 0.267896 0.928591 0.382325 
1535170974486 0.217874 0.920012 -0.325744 -0.631457 -0.941718 0.285826 0.177403 -0.245135 0.256318 0.268107 0.928665 0.382657 
1535170974607 0.217874 0.920012 -0.325744 -0.631457 -0.941718 0.285826 0.177403 -0.245135 0.256318 0.268107 0.928665 0.382657 
1535170974649 0.217874 0.920012 -0.325744 -0.631457 -0.941718 0.285826 0.177403 -0.245135 0.256318 0.268107 0.928665 0.382657 
1535170974735 0.217874 0.920012 -0.325744 -0.631457 -0.941718 0.285826 0.177403 -0.245135 0.256318 0.268107 0.928665 0.382657 
1535170974915 0.217785 0.920007 -0.325816 -0.630897 -0.94157 0.285932 0.178013 -0.244928 0.256934 0.26801 0.928523 0.382914 
1535170975053 0.217785 0.920007 -0.325816 -0.630897 -0.94157 0.285932 0.178013 -0.244928 0.256934 0.26801 0.928523 0.382914 
1535170975184 0.218146 0.919664 -0.326543 -0.62851 -0.940769 0.287158 0.180263 -0.244353 0.259551 0.267878 0.927833 0.383764 
1535170975198 0.218146 0.919664 -0.326543 -0.62851 -0.940769 0.287158 0.180263 -0.244353 0.259551 0.267878 0.927833 0.383764 
1535170975215 0.218146 0.919664 -0.326543 -0.62851 -0.940769 0.287158 0.180263 -0.244353 0.259551 0.267878 0.927833 0.383764 
1535170975236 0.218146 0.919664 -0.326543 -0.62851 -0.940769 0.287158 0.180263 -0.244353 0.259551 0.267878 0.927833 0.383764 
1535170975371 0.218146 0.919664 -0.326543 -0.62851 -0.940769 0.287158 0.180263 -0.244353 0.259551 0.267878 0.927833 0.383764 
1535170975398 0.217935 0.919637 -0.326759 -0.627634 -0.940579 0.287248 0.181108 -0.243915 0.260415 0.267873 0.927593 0.384029 
1535170975527 0.217935 0.919637 -0.326759 -0.627634 -0.940579 0.287248 0.181108 -0.243915 0.260415 0.267873 0.927593 0.384029 
1535170975826 0.217933 0.919986 -0.325776 -0.625785 -0.940418 0.287218 0.181991 -0.243066 0.260998 0.266704 0.927766 0.384416 
1535170975847 0.217933 0.919986 -0.325776 -0.625785 -0.940418 0.287218 0.181991 -0.243066 0.260998 0.266704 0.927766 0.384416 
1535170975864 0.217933 0.919986 -0.325776 -0.625785 -0.940418 0.287218 0.181991 -0.243066 0.260998 0.266704 0.927766 0.384416 
1535170975880 0.217933 0.919986 -0.325776 -0.625785 -0.940418 0.287218 0.181991 -0.243066 0.260998 0.266704 0.927766 0.384416 
1535170976017 0.21757 0.920145 -0.32557 -0.625498 -0.940526 0.286811 0.182074 -0.242788 0.260912 0.266593 0.927822 0.384574 
1535170976077 0.21757 0.920145 -0.32557 -0.625498 -0.940526 0.286811 0.182074 -0.242788 0.260912 0.266593 0.927822 0.384574 
1535170976463 0.217515 0.9201 -0.325734 -0.623414 -0.940546 0.286784 0.182011 -0.241932 0.260884 0.266778 0.927777 0.385211 
1535170976617 0.218434 0.919879 -0.325746 -0.622908 -0.940299 0.287685 0.181867 -0.242097 0.261007 0.266572 0.927801 0.38553 
1535170976916 0.218256 0.919828 -0.326008 -0.622726 -0.940245 0.287667 0.182172 -0.241919 0.261349 0.266767 0.927649 0.385557 
1535170977180 0.217549 0.919475 -0.327472 -0.621407 -0.939684 0.288033 0.184478 -0.24123 0.263945 0.267587 0.926677 0.385979 
1535170977353 0.21786 0.919348 -0.327622 -0.62106 -0.939455 0.288513 0.184889 -0.241274 0.2645 0.267506 0.926542 0.386186 
1535170977381 0.21786 0.919348 -0.327622 -0.62106 -0.939455 0.288513 0.184889 -0.241274 0.2645 0.267506 0.926542 0.386186 
1535170977531 0.217673 0.919311 -0.32785 -0.620889 -0.939392 0.288491 0.185246 -0.241091 0.264881 0.267657 0.92639 0.386283 
1535170977703 0.218155 0.919223 -0.327777 -0.620699 -0.939304 0.288904 0.185045 -0.241144 0.264794 0.267514 0.926456 0.386249 
1535170977870 0.218155 0.919223 -0.327777 -0.620699 -0.939304 0.288904 0.185045 -0.241144 0.264794 0.267514 0.926456 0.386249 
1535170978030 0.217852 0.919194 -0.32806 -0.620159 -0.939314 0.288738 0.185255 -0.240845 0.265008 0.267793 0.926314 0.386451 
1535170978099 0.217852 0.919194 -0.32806 -0.620159 -0.939314 0.288738 0.185255 -0.240845 0.265008 0.267793 0.926314 0.386451 
1535170978194 0.217851 0.919024 -0.328537 -0.619308 -0.939174 0.288976 0.185596 -0.240533 0.265506 0.268121 0.926077 0.386738 
1535170978474 0.2181 0.918808 -0.328974 -0.618546 -0.939008 0.289406 0.185762 -0.240265 0.265887 0.268395 0.925888 0.386947 
1535170978666 0.218134 0.918728 -0.329176 -0.618452 -0.938952 0.289528 0.185858 -0.240225 0.266058 0.268539 0.925797 0.387045 
1535170978788 0.218477 0.918496 -0.329596 -0.618093 -0.938933 0.289873 0.185414 -0.240284 0.265842 0.26896 0.925737 0.38716 
1535170978957 0.21816 0.918479 -0.329852 -0.617674 -0.938998 0.289636 0.185455 -0.239906 0.265874 0.269272 0.925637 0.387425 
1535170979008 0.218336 0.91838 -0.330013 -0.617437 -0.938937 0.289854 0.185424 -0.239897 0.265945 0.269377 0.925586 0.3875 
1535170979143 0.218336 0.91838 -0.330013 -0.617437 -0.938937 0.289854 0.185424 -0.239897 0.265945 0.269377 0.925586 0.3875 
1535170979158 0.217961 0.918474 -0.329996 -0.617236 -0.938989 0.289535 0.18566 -0.239626 0.266069 0.269396 0.925545 0.387667 
1535170979189 0.217961 0.918474 -0.329996 -0.617236 -0.938989 0.289535 0.18566 -0.239626 0.266069 0.269396 0.925545 0.387667 
1535170979250 0.217961 0.918474 -0.329996 -0.617236 -0.938989 0.289535 0.18566 -0.239626 0.266069 0.269396 0.925545 0.387667 
1535170979300 0.217961 0.918474 -0.329996 -0.617236 -0.938989 0.289535 0.18566 -0.239626 0.266069 0.269396 0.925545 0.387667 
1535170979318 0.217961 0.918474 -0.329996 -0.617236 -0.938989 0.289535 0.18566 -0.239626 0.266069 0.269396 0.925545 0.387667 
1535170979434 0.218474 0.918465 -0.329684 -0.616277 -0.938813 0.29001 0.185809 -0.239439 0.266271 0.268917 0.925626 0.387873 
1535170979450 0.218518 0.918484 -0.329601 -0.616095 -0.938776 0.290061 0.185912 -0.239404 0.266362 0.268796 0.925635 0.387958 
1535170979655 0.218518 0.918484 -0.329601 -0.616095 -0.938776 0.290061 0.185912 -0.239404 0.266362 0.268796 0.925635 0.387958 
1535170979683 0.218518 0.918484 -0.329601 -0.616095 -0.938776 0.290061 0.185912 -0.239404 0.266362 0.268796 0.925635 0.387958 
1535170979849 0.218803 0.918406 -0.329629 -0.615039 -0.938781 0.290263 0.185576 -0.238849 0.266113 0.268845 0.925692 0.388182 
1535170980028 0.218803 0.918494 -0.329077 -0.613632 -0.938742 0.290514 0.185376 -0.238034 0.265869 0.268273 0.925929 0.388821 
1535170980055 0.219264 0.918494 -0.329077 -0.613632 -0.938742 0.290514 0.185376 -0.238034 0.265869 0.268273 0.925929 0.388821 
1535170980072 0.219264 0.918494 -0.329077 -0.613632 -0.938742 0.290514 0.185376 -0.238034 0.265869 0.268273 0.925929 0.388821 
1535170980258 0.220085 0.918322 -0.32901 -0.613204 -0.938557 0.291264 0.185139 -0.23809 0.265846 0.268048 0.926 0.389007 
1535170980474 0.219691 0.918298 -0.329339 -0.612207 -0.938295 0.291318 0.186378 -0.237619 0.267093 0.268071 0.925634 0.389146 
1535170980668 0.219691 0.918298 -0.329339 -0.612207 -0.938295 0.291318 0.186378 -0.237619 0.267093 0.268071 0.925634 0.389146 
1535170980724 0.219691 0.918298 -0.329339 -0.612207 -0.938295 0.291318 0.186378 -0.237619 0.267093 0.268071 0.925634 0.389146 
1535170980756 0.219838 0.918249 -0.329378 -0.610978 -0.937979 0.291745 0.187296 -0.237235 0.268078 0.267775 0.925435 0.389499 
1535170980780 0.219838 0.918249 -0.329378 -0.610978 -0.937979 0.291745 0.187296 -0.237235 0.268078 0.267775 0.925435 0.389499 
1535170980895 0.219838 0.918249 -0.329378 -0.610978 -0.937979 0.291745 0.187296 -0.237235 0.268078 0.267775 0.925435 0.389499 
1535170980925 0.219838 0.918249 -0.329378 -0.610978 -0.937979 0.291745 0.187296 -0.237235 0.268078 0.267775 0.925435 0.389499 
1535170981050 0.220374 0.918114 -0.329397 -0.610124 -0.9376 0.292504 0.188008 -0.237003 0.268963 0.26741 0.925284 0.389738 
1535170981213 0.220374 0.918114 -0.329397 -0.610124 -0.9376 0.292504 0.188008 -0.237003 0.268963 0.26741 0.925284 0.389738 
1535170981249 0.220374 0.918114 -0.329397 -0.610124 -0.9376 0.292504 0.188008 -0.237003 0.268963 0.26741 0.925284 0.389738 
1535170981338 0.220566 0.917924 -0.329798 -0.608368 -0.937355 0.292965 0.188513 -0.236152 0.26966 0.267558 0.925039 0.390207 
1535170981355 0.220566 0.917924 -0.329798 -0.608368 -0.937355 0.292965 0.188513 -0.236152 0.26966 0.267558 0.925039 0.390207 
1535170981373 0.220566 0.917924 -0.329798 -0.608368 -0.937355 0.292965 0.188513 -0.236152 0.26966 0.267558 0.925039 0.390207 
1535170981448 0.220566 0.917924 -0.329798 -0.608368 -0.937355 0.292965 0.188513 -0.236152 0.26966 0.267558 0.925039 0.390207 
1535170981526 0.220566 0.917924 -0.329798 -0.608368 -0.937355 0.292965 0.188513 -0.236152 0.26966 0.267558 0.925039 0.390207 
1535170981578 0.221303 0.917691 -0.329953 -0.607568 -0.937029 0.29384 0.188774 -0.23586 0.270189 0.267399 0.92493 0.390559 
1535170981711 0.221303 0.917691 -0.329953 -0.607568 -0.937029 0.29384 0.188774 -0.23586 0.270189 0.267399 0.92493 0.390559 
1535170981741 0.221303 0.917691 -0.329953 -0.607568 -0.937029 0.29384 0.188774 -0.23586 0.270189 0.267399 0.92493 0.390559 
1535170981837 0.221515 0.91844 -0.327717 -0.606567 -0.937128 0.293431 0.188918 -0.235432 0.269672 0.265264 0.925695 0.390801 
1535170982103 0.221904 0.918959 -0.325996 -0.605646 -0.937235 0.293247 0.188669 -0.235137 0.268977 0.263669 0.926353 0.390998 
1535170982329 0.222138 0.918978 -0.325781 -0.605496 -0.937196 0.293407 0.188617 -0.235151 0.268921 0.263422 0.92644 0.391052 
1535170982519 0.222142 0.918879 -0.326058 -0.605058 -0.937167 0.293495 0.188624 -0.234778 0.26902 0.26367 0.926341 0.391146 
1535170982703 0.222403 0.918875 -0.325893 -0.604507 -0.937071 0.293739 0.188719 -0.234557 0.269137 0.263413 0.926379 0.391275 
1535170982901 0.222497 0.918911 -0.325726 -0.604003 -0.937038 0.293805 0.188784 -0.234165 0.269175 0.263214 0.926425 0.391396 
1535170982928 0.223003 0.918777 -0.325757 -0.603679 -0.936966 0.294239 0.188464 -0.234289 0.269007 0.263195 0.926479 0.39147 
1535170983193 0.223319 0.919206 -0.324328 -0.60305 -0.936873 0.294259 0.188894 -0.233936 0.269069 0.26167 0.926893 0.391573 
1535170983647 0.223335 0.919552 -0.323335 -0.602598 -0.936924 0.294017 0.189018 -0.233646 0.268878 0.260726 0.927215 0.391592 
1535170983838 0.223903 0.919664 -0.322623 -0.602245 -0.936762 0.29443 0.189176 -0.233631 0.268968 0.259863 0.92743 0.391631 
1535170984163 0.224207 0.920147 -0.321031 -0.602293 -0.936959 0.294129 0.18867 -0.233559 0.268028 0.258492 0.928086 0.391465 
1535170984489 0.224731 0.920646 -0.319228 -0.602023 -0.936944 0.294146 0.188718 -0.233429 0.267642 0.256688 0.928697 0.391422 
1535170984654 0.224731 0.920646 -0.319228 -0.602023 -0.936944 0.294146 0.188718 -0.233429 0.267642 0.256688 0.928697 0.391422 
1535170989681 0.224731 0.920646 -0.319228 -0.602023 -0.936944 0.294146 0.188718 -0.233429 0.267642 0.256688 0.928697 0.391422 
1535170990034 0.225257 0.920864 -0.318226 -0.601863 -0.93693 0.294329 0.188502 -0.233427 0.267248 0.255694 0.929085 0.391375 
1535170990526 0.223746 0.920528 -0.320261 -0.60838 -0.937535 0.293087 0.187425 -0.23595 0.266394 0.25832 0.928604 0.38939 
1535170991010 0.22185 0.920505 -0.321641 -0.615074 -0.938369 0.291208 0.186175 -0.238372 0.26504 0.260515 0.928378 0.386954 
1535170991603 0.22185 0.920505 -0.321641 -0.615074 -0.938369 0.291208 0.186175 -0.238372 0.26504 0.260515 0.928378 0.386954 
1535170991957 0.218023 0.920635 -0.323877 -0.628504 -0.940046 0.287281 0.183801 -0.242993 0.262257 0.264387 0.928074 0.382373 
1535170992332 0.216906 0.92067 -0.324529 -0.631849 -0.940491 0.286172 0.183255 -0.244094 0.261589 0.265468 0.927954 0.381018 
1535170992349 0.216544 0.920749 -0.324547 -0.632008 -0.940605 0.285805 0.183245 -0.244026 0.26148 0.26559 0.92795 0.380923 
1535170992571 0.216544 0.920749 -0.324547 -0.632008 -0.940605 0.285805 0.183245 -0.244026 0.26148 0.26559 0.92795 0.380923 
1535170992700 0.216864 0.919787 -0.327052 -0.630602 -0.940432 0.286704 0.182726 -0.2436 0.261835 0.267943 0.927172 0.381557 
1535170992956 0.216864 0.919787 -0.327052 -0.630602 -0.940432 0.286704 0.182726 -0.2436 0.261835 0.267943 0.927172 0.381557 
1535170993085 0.216864 0.919787 -0.327052 -0.630602 -0.940432 0.286704 0.182726 -0.2436 0.261835 0.267943 0.927172 0.381557 
1535170993222 0.218401 0.917226 -0.333163 -0.627671 -0.939797 0.289646 0.181347 -0.243033 0.262836 0.273499 0.925265 0.38322 
1535170993575 0.219467 0.91532 -0.337673 -0.625502 -0.939389 0.291702 0.180161 -0.24252 0.263404 0.277667 0.923861 0.384441 
1535170993706 0.219843 0.915045 -0.338173 -0.625391 -0.939277 0.292178 0.179974 -0.242607 0.263491 0.278072 0.923714 0.384511 
1535170993741 0.219843 0.915045 -0.338173 -0.625391 -0.939277 0.292178 0.179974 -0.242607 0.263491 0.278072 0.923714 0.384511 
1535170993818 0.219843 0.915045 -0.338173 -0.625391 -0.939277 0.292178 0.179974 -0.242607 0.263491 0.278072 0.923714 0.384511 
1535170993865 0.219843 0.915045 -0.338173 -0.625391 -0.939277 0.292178 0.179974 -0.242607 0.263491 0.278072 0.923714 0.384511 
1535170993908 0.219843 0.915045 -0.338173 -0.625391 -0.939277 0.292178 0.179974 -0.242607 0.263491 0.278072 0.923714 0.384511 
1535170993966 0.219116 0.915799 -0.3366 -0.627032 -0.939579 0.291048 0.180226 -0.243196 0.263018 0.276772 0.92424 0.383878 
1535170994070 0.219116 0.915799 -0.3366 -0.627032 -0.939579 0.291048 0.180226 -0.243196 0.263018 0.276772 0.92424 0.383878 
1535170994541 0.215539 0.918237 -0.332239 -0.63245 -0.940616 0.286614 0.181916 -0.244442 0.262267 0.2733 0.925486 0.381713 
1535170994557 0.215539 0.918237 -0.332239 -0.63245 -0.940616 0.286614 0.181916 -0.244442 0.262267 0.2733 0.925486 0.381713 
1535170994697 0.215539 0.918237 -0.332239 -0.63245 -0.940616 0.286614 0.181916 -0.244442 0.262267 0.2733 0.925486 0.381713 
1535170994747 0.215539 0.918237 -0.332239 -0.63245 -0.940616 0.286614 0.181916 -0.244442 0.262267 0.2733 0.925486 0.381713 
1535170994858 0.214514 0.918777 -0.331411 -0.633383 -0.940855 0.285483 0.182459 -0.244488 0.262252 0.272669 0.925676 0.381215 
1535170995029 0.215259 0.918932 -0.330496 -0.633232 -0.941473 0.285179 0.179729 -0.244625 0.259409 0.272465 0.926537 0.381563 
1535170995216 0.216185 0.919144 -0.329299 -0.633286 -0.942118 0.284911 0.176747 -0.244959 0.256277 0.272028 0.927536 0.381765 
1535170995242 0.216415 0.91925 -0.328852 -0.633443 -0.942382 0.284705 0.17567 -0.245102 0.255111 0.271886 0.927899 0.38176 
1535170995455 0.216162 0.91964 -0.327928 -0.633506 -0.942414 0.284317 0.176123 -0.245185 0.255205 0.270973 0.92814 0.381678 
1535170995682 0.21597 0.920259 -0.326314 -0.633855 -0.942447 0.283839 0.176716 -0.245456 0.255245 0.269368 0.928596 0.381488 
1535170995902 0.215934 0.92062 -0.325316 -0.633956 -0.942599 0.283462 0.176511 -0.245737 0.254715 0.268528 0.928985 0.381326 
1535170996122 0.215954 0.921215 -0.323616 -0.634305 -0.942743 0.282999 0.176488 -0.246165 0.254166 0.266974 0.929583 0.381202 
1535170996277 0.215842 0.921891 -0.32176 -0.634603 -0.942954 0.282344 0.176408 -0.24652 0.253475 0.265329 0.930242 0.381043 
1535170996305 0.215871 0.922008 -0.321404 -0.634679 -0.942964 0.282286 0.176449 -0.246595 0.253415 0.264982 0.930358 0.381033 
1535170996458 0.215686 0.922159 -0.321095 -0.634749 -0.943046 0.282011 0.17645 -0.24651 0.253268 0.26475 0.930464 0.380998 
1535170996635 0.217122 0.922138 -0.320186 -0.6349 -0.94256 0.283352 0.176897 -0.24657 0.253848 0.263386 0.930693 0.38072 
1535170996813 0.218131 0.922199 -0.319325 -0.635114 -0.942302 0.284164 0.176968 -0.246705 0.25394 0.262299 0.930975 0.380405 
1535170996862 0.218457 0.922224 -0.319029 -0.635176 -0.942216 0.284426 0.177007 -0.246751 0.25398 0.261926 0.931069 0.380302 
1535170997028 0.218481 0.922279 -0.318854 -0.635069 -0.942199 0.284426 0.177095 -0.246512 0.254021 0.261732 0.931112 0.380201 
1535170997190 0.219534 0.922063 -0.318753 -0.634789 -0.941984 0.285369 0.176723 -0.246534 0.253912 0.261464 0.931217 0.38052 
1535170997321 0.219534 0.922063 -0.318753 -0.634789 -0.941984 0.285369 0.176723 -0.246534 0.253912 0.261464 0.931217 0.38052 
1535170997365 0.22065 0.922116 -0.31783 -0.634412 -0.941742 0.286225 0.176627 -0.246103 0.253841 0.260341 0.931551 0.380588 
1535170997535 0.221661 0.921999 -0.317466 -0.634158 -0.941494 0.28712 0.176496 -0.245991 0.25388 0.25977 0.9317 0.380627 
1535170997757 0.221943 0.921969 -0.317355 -0.633848 -0.941443 0.287349 0.176398 -0.24588 0.253825 0.259621 0.931756 0.380648 
1535170997982 0.22197 0.92197 -0.317334 -0.633509 -0.941344 0.287465 0.176734 -0.245972 0.254165 0.259491 0.9317 0.380918 
1535170998258 0.221408 0.922162 -0.317168 -0.632751 -0.941472 0.286907 0.176959 -0.245516 0.254182 0.259425 0.931714 0.381046 
1535170998480 0.22192 0.922081 -0.317047 -0.631852 -0.941214 0.287507 0.177357 -0.245477 0.254691 0.25905 0.931679 0.381414 
1535170998505 0.221781 0.922117 -0.31704 -0.631773 -0.941255 0.287366 0.177368 -0.245408 0.25466 0.259079 0.931679 0.381414 
1535170998673 0.221781 0.922117 -0.31704 -0.631773 -0.941255 0.287366 0.177368 -0.245408 0.25466 0.259079 0.931679 0.381414 
1535170998729 0.221781 0.922117 -0.31704 -0.631773 -0.941255 0.287366 0.177368 -0.245408 0.25466 0.259079 0.931679 0.381414 
1535170998835 0.221818 0.92205 -0.317209 -0.631236 -0.941185 0.287496 0.177528 -0.245069 0.254886 0.259173 0.931591 0.381563 
1535170998994 0.221818 0.92205 -0.317209 -0.631236 -0.941185 0.287496 0.177528 -0.245069 0.254886 0.259173 0.931591 0.381563 
1535170999064 0.221818 0.92205 -0.317209 -0.631236 -0.941185 0.287496 0.177528 -0.245069 0.254886 0.259173 0.931591 0.381563 
1535170999147 0.221683 0.922015 -0.317402 -0.629992 -0.941167 0.287457 0.177687 -0.244377 0.25507 0.259338 0.931495 0.381911 
1535170999214 0.221683 0.922015 -0.317402 -0.629992 -0.941167 0.287457 0.177687 -0.244377 0.25507 0.259338 0.931495 0.381911 
1535170999572 0.222294 0.921697 -0.317898 -0.628153 -0.940856 0.288298 0.177972 -0.243672 0.255686 0.259534 0.931272 0.38248 
1535170999593 0.222294 0.921697 -0.317898 -0.628153 -0.940856 0.288298 0.177972 -0.243672 0.255686 0.259534 0.931272 0.38248 
1535170999741 0.222108 0.92182 -0.317674 -0.627723 -0.940812 0.288168 0.178414 -0.243396 0.256009 0.259245 0.931263 0.382686 
1535170999816 0.222108 0.92182 -0.317674 -0.627723 -0.940812 0.288168 0.178414 -0.243396 0.256009 0.259245 0.931263 0.382686 
1535170999875 0.222108 0.92182 -0.317674 -0.627723 -0.940812 0.288168 0.178414 -0.243396 0.256009 0.259245 0.931263 0.382686 
1535170999919 0.222108 0.92182 -0.317674 -0.627723 -0.940812 0.288168 0.178414 -0.243396 0.256009 0.259245 0.931263 0.382686 
1535170999964 0.222108 0.92182 -0.317674 -0.627723 -0.940812 0.288168 0.178414 -0.243396 0.256009 0.259245 0.931263 0.382686 
1535170999998 0.221893 0.92198 -0.317358 -0.626523 -0.940652 0.288118 0.179337 -0.242888 0.256782 0.25873 0.931194 0.382847 
1535171000014 0.222142 0.921927 -0.317338 -0.62634 -0.940554 0.288387 0.179416 -0.242907 0.256925 0.258618 0.931185 0.382883 
1535171000194 0.222142 0.921927 -0.317338 -0.62634 -0.940554 0.288387 0.179416 -0.242907 0.256925 0.258618 0.931185 0.382883 
1535171000337 0.221989 0.92195 -0.317377 -0.625276 -0.940411 0.288432 0.180097 -0.242467 0.257582 0.258485 0.931041 0.383175 
1535171000521 0.221989 0.92195 -0.317377 -0.625276 -0.940411 0.288432 0.180097 -0.242467 0.257582 0.258485 0.931041 0.383175 
1535171000588 0.222275 0.921944 -0.317197 -0.624159 -0.940179 0.28883 0.180667 -0.242132 0.258181 0.258064 0.930991 0.383535 
1535171000605 0.222275 0.921944 -0.317197 -0.624159 -0.940179 0.28883 0.180667 -0.242132 0.258181 0.258064 0.930991 0.383535 
1535171000622 0.222275 0.921944 -0.317197 -0.624159 -0.940179 0.28883 0.180667 -0.242132 0.258181 0.258064 0.930991 0.383535 
1535171000718 0.222275 0.921944 -0.317197 -0.624159 -0.940179 0.28883 0.180667 -0.242132 0.258181 0.258064 0.930991 0.383535 
1535171000737 0.222275 0.921944 -0.317197 -0.624159 -0.940179 0.28883 0.180667 -0.242132 0.258181 0.258064 0.930991 0.383535 
1535171000754 0.222275 0.921944 -0.317197 -0.624159 -0.940179 0.28883 0.180667 -0.242132 0.258181 0.258064 0.930991 0.383535 
1535171000827 0.222537 0.921906 -0.317122 -0.623399 -0.939954 0.289225 0.181204 -0.241942 0.258773 0.257756 0.930913 0.38375 
1535171000895 0.222537 0.921906 -0.317122 -0.623399 -0.939954 0.289225 0.181204 -0.241942 0.258773 0.257756 0.930913 0.38375 
1535171000930 0.222537 0.921906 -0.317122 -0.623399 -0.939954 0.289225 0.181204 -0.241942 0.258773 0.257756 0.930913 0.38375 
