1530569775719 -0.089459 -0.144744 0.985417 0.366719 -0.991023 0.111628 -0.0735714 -0.497229 -0.0993507 -0.983152 -0.15343 0.445421 
1530569780445 -0.0894569 -0.144744 0.985417 0.36672 -0.991023 0.111628 -0.0735693 -0.497228 -0.0993512 -0.983152 -0.153431 0.445421 
1530569780796 -0.0820027 -0.14576 0.985916 0.368774 -0.991696 0.110268 -0.0661813 -0.496598 -0.0990686 -0.983156 -0.153591 0.445114 
1530569781090 -0.0748919 -0.146782 0.98633 0.370748 -0.99226 0.109215 -0.0590893 -0.495998 -0.0990483 -0.983121 -0.153825 0.444686 
1530569781375 -0.0677072 -0.147934 0.986677 0.372712 -0.9928 0.107933 -0.0519448 -0.49545 -0.0988108 -0.98309 -0.154177 0.444212 
1530569781708 -0.0602456 -0.14898 0.987003 0.374715 -0.993285 0.106789 -0.0445101 -0.49482 -0.0987701 -0.983057 -0.154413 0.443808 
1530569782016 -0.0529776 -0.149948 0.987274 0.37673 -0.993741 0.105283 -0.0373342 -0.494231 -0.0983453 -0.983072 -0.154587 0.4435 
1530569782307 -0.0458102 -0.150978 0.987475 0.378701 -0.994101 0.104169 -0.0301908 -0.493666 -0.0983065 -0.983033 -0.154859 0.443103 
1530569782620 -0.0383216 -0.152036 0.987632 0.38077 -0.99443 0.102913 -0.022743 -0.493006 -0.0981825 -0.983002 -0.155133 0.442685 
1530569782908 -0.0311593 -0.152913 0.987748 0.382674 -0.994708 0.101538 -0.0156598 -0.492464 -0.0978996 -0.983009 -0.155268 0.442397 
1530569783196 -0.0238645 -0.153998 0.987783 0.384706 -0.994924 0.100277 -0.00840351 -0.491881 -0.0977582 -0.982969 -0.15561 0.441936 
1530569783213 -0.0238399 -0.154047 0.987776 0.384711 -0.994917 0.100353 -0.0083619 -0.491874 -0.0978379 -0.982954 -0.155656 0.441892 
1530569783404 -0.0232797 -0.153962 0.987803 0.384873 -0.994952 0.100046 -0.00785474 -0.491871 -0.0976164 -0.982999 -0.155514 0.441986 
1530569783566 -0.0224883 -0.154168 0.987789 0.385065 -0.994955 0.100072 -0.00703284 -0.491765 -0.0977655 -0.982964 -0.155641 0.441837 
1530569783718 -0.0218895 -0.154233 0.987792 0.385217 -0.994995 0.0997179 -0.00647931 -0.491765 -0.0975012 -0.98299 -0.155644 0.441893 
1530569783879 -0.0210589 -0.154277 0.987803 0.385423 -0.995007 0.0996489 -0.00564917 -0.491678 -0.097562 -0.98299 -0.155605 0.441834 
1530569784038 -0.0204111 -0.154474 0.987786 0.385608 -0.995021 0.0995449 -0.00499332 -0.491627 -0.0975578 -0.982969 -0.155736 0.441792 
1530569784202 -0.0195978 -0.154479 0.987802 0.385842 -0.995041 0.0993812 -0.00419955 -0.491581 -0.0975201 -0.982985 -0.15566 0.441776 
1530569784366 -0.0188369 -0.154741 0.987775 0.386013 -0.995042 0.0993971 -0.00340432 -0.491504 -0.0976553 -0.982942 -0.155846 0.441626 
1530569784540 -0.0179323 -0.154566 0.98782 0.386308 -0.995083 0.0990082 -0.00257217 -0.491411 -0.0974047 -0.983009 -0.155581 0.441759 
1530569784746 -0.017153 -0.155017 0.987763 0.386529 -0.995087 0.0989874 -0.00174544 -0.491318 -0.0975055 -0.98294 -0.155953 0.441569 
1530569784773 -0.0171194 -0.154996 0.987767 0.38654 -0.995089 0.0989645 -0.00171727 -0.49132 -0.0974877 -0.982946 -0.155929 0.441583 
1530569784790 -0.0171037 -0.154981 0.987769 0.386546 -0.99509 0.0989549 -0.00170445 -0.491321 -0.0974805 -0.982949 -0.155912 0.44159 
1530569784806 -0.0170957 -0.154973 0.987771 0.386549 -0.995091 0.0989473 -0.00169833 -0.491322 -0.0974741 -0.982951 -0.155904 0.441595 
1530569784823 -0.0170772 -0.154959 0.987773 0.386556 -0.995092 0.0989369 -0.00168279 -0.491323 -0.0974665 -0.982954 -0.155889 0.441602 
1530569784899 -0.0169937 -0.15491 0.987782 0.386591 -0.995098 0.098881 -0.00161243 -0.491321 -0.0974232 -0.982968 -0.155831 0.441633 
1530569785096 -0.0168496 -0.15483 0.987797 0.386641 -0.995094 0.0989231 -0.00146863 -0.491305 -0.0974886 -0.982976 -0.155737 0.441669 
1530569785291 -0.0167719 -0.154843 0.987797 0.386657 -0.995096 0.098905 -0.00139186 -0.491291 -0.0974825 -0.982976 -0.155743 0.44167 
1530569785440 -0.0167214 -0.154857 0.987795 0.386669 -0.995097 0.0988994 -0.00134053 -0.491286 -0.0974848 -0.982974 -0.155751 0.441662 
1530569785544 -0.0166449 -0.154839 0.9878 0.38668 -0.995098 0.0988855 -0.00126745 -0.49128 -0.0974828 -0.982978 -0.155726 0.441664 
1530569785604 -0.0165912 -0.154831 0.987802 0.386688 -0.995099 0.0988798 -0.00121502 -0.491278 -0.0974855 -0.98298 -0.155713 0.441659 
1530569785631 -0.0165634 -0.154825 0.987803 0.386693 -0.995099 0.0988736 -0.00118853 -0.491277 -0.0974836 -0.982982 -0.155704 0.441659 
1530569785935 -0.0173165 -0.154719 0.987807 0.386744 -0.994961 0.100244 -0.0017409 -0.491232 -0.0987519 -0.98286 -0.155675 0.441543 
1530569786178 -0.0178672 -0.154448 0.987839 0.386839 -0.994856 0.101272 -0.00216028 -0.491216 -0.0997068 -0.982797 -0.155463 0.441592 
1530569786395 -0.0184121 -0.154236 0.987862 0.386899 -0.994758 0.102225 -0.00258002 -0.491168 -0.100587 -0.982732 -0.15531 0.441631 
1530569786605 -0.0188178 -0.154038 0.987886 0.386966 -0.99465 0.103265 -0.00284487 -0.491073 -0.101576 -0.982654 -0.155157 0.441633 
1530569786794 -0.0194008 -0.153912 0.987894 0.386992 -0.994521 0.104485 -0.00325236 -0.491038 -0.10272 -0.982545 -0.155096 0.441585 
1530569786994 -0.0200265 -0.153742 0.987908 0.387032 -0.994395 0.105664 -0.00371426 -0.490996 -0.103815 -0.982445 -0.154997 0.441537 
1530569787233 -0.0206804 -0.153381 0.987951 0.387186 -0.994269 0.106826 -0.0042277 -0.49095 -0.104891 -0.982376 -0.154711 0.441612 
1530569787446 -0.0212519 -0.153246 0.98796 0.387225 -0.994141 0.107988 -0.00463449 -0.490923 -0.105977 -0.98227 -0.154643 0.441544 
1530569787650 -0.0217916 -0.153129 0.987966 0.387268 -0.994015 0.10913 -0.00501057 -0.49089 -0.107049 -0.982162 -0.154591 0.441468 
1530569787945 -0.0218584 -0.153078 0.987972 0.387301 -0.993994 0.109314 -0.00505435 -0.490868 -0.107225 -0.982149 -0.154548 0.441451 
1530569788147 -0.022072 -0.153754 0.987863 0.387421 -0.994134 0.10802 -0.00539959 -0.490857 -0.105879 -0.982187 -0.155236 0.441545 
1530569788469 -0.0223457 -0.154544 0.987733 0.387628 -0.994308 0.106384 -0.00584931 -0.490864 -0.104175 -0.982242 -0.156042 0.441763 
1530569788727 -0.02259 -0.155235 0.987619 0.387845 -0.994414 0.105364 -0.00618422 -0.490773 -0.103099 -0.982243 -0.156748 0.441812 
1530569788947 -0.0231759 -0.155649 0.987541 0.387908 -0.994548 0.104052 -0.00694053 -0.490871 -0.101675 -0.982317 -0.157211 0.442053 
1530569789178 -0.0234169 -0.156475 0.987404 0.388092 -0.994675 0.102798 -0.00729874 -0.490849 -0.100362 -0.982318 -0.158049 0.442117 
1530569789375 -0.0237967 -0.157001 0.987312 0.388218 -0.994789 0.101654 -0.00781205 -0.490856 -0.0991378 -0.982353 -0.158601 0.442257 
1530569789578 -0.0240645 -0.157766 0.987183 0.388414 -0.994904 0.100491 -0.00819286 -0.490788 -0.0979108 -0.98235 -0.15938 0.442386 
1530569789822 -0.0242259 -0.158494 0.987063 0.388659 -0.995036 0.0991478 -0.00850135 -0.490719 -0.0965177 -0.982369 -0.160109 0.442493 
1530569790043 -0.0246152 -0.158934 0.986982 0.388776 -0.995162 0.0978283 -0.00906585 -0.490736 -0.0951139 -0.98243 -0.160573 0.44274 
1530569790073 -0.0245608 -0.158965 0.986979 0.388809 -0.995168 0.0977698 -0.00901753 -0.49072 -0.0950632 -0.982431 -0.160598 0.442747 
1530569790343 -0.0249644 -0.158002 0.987123 0.388896 -0.995206 0.0973253 -0.00959069 -0.490729 -0.0945567 -0.982631 -0.159674 0.442647 
1530569790621 -0.0251772 -0.157003 0.987277 0.389009 -0.995248 0.0968651 -0.00997637 -0.490695 -0.0940664 -0.982836 -0.158695 0.442598 
1530569790880 -0.0253857 -0.155985 0.987433 0.389159 -0.995296 0.0963189 -0.0103724 -0.490674 -0.0934905 -0.983052 -0.157697 0.442503 
1530569791116 -0.0257599 -0.155084 0.987565 0.389206 -0.995343 0.0957746 -0.0109226 -0.490734 -0.0928898 -0.983248 -0.156829 0.442422 
1530569791380 -0.0260037 -0.154034 0.987723 0.389323 -0.995393 0.0952079 -0.0113581 -0.490715 -0.0922896 -0.983468 -0.1558 0.442365 
1530569791683 -0.0263037 -0.153074 0.987865 0.38944 -0.99543 0.0947634 -0.0118211 -0.490694 -0.0918039 -0.983661 -0.154867 0.442214 
1530569791910 -0.0265506 -0.152128 0.988004 0.389529 -0.995477 0.0942111 -0.0122452 -0.490703 -0.0912181 -0.98386 -0.153942 0.442179 
1530569792191 -0.026844 -0.151163 0.988144 0.389614 -0.995519 0.0937079 -0.0127092 -0.490685 -0.0906758 -0.984057 -0.153001 0.442062 
1530569792414 -0.0270802 -0.150227 0.988281 0.389745 -0.99555 0.0933245 -0.0130932 -0.490665 -0.0902639 -0.984237 -0.152086 0.441968 
1530569792436 -0.0270536 -0.150218 0.988283 0.389759 -0.995547 0.0933554 -0.0130626 -0.490654 -0.0902993 -0.984235 -0.152074 0.441954 
1530569792640 -0.0273309 -0.14979 0.98834 0.389791 -0.995551 0.0932709 -0.0133945 -0.490686 -0.090177 -0.984309 -0.151672 0.441833 
1530569792844 -0.0272996 -0.149126 0.988441 0.38988 -0.995602 0.0927094 -0.0135103 -0.490661 -0.0896231 -0.984463 -0.151001 0.441907 
1530569793039 -0.0273388 -0.148507 0.988533 0.389975 -0.995611 0.092592 -0.0136245 -0.49066 -0.089507 -0.984567 -0.150387 0.441835 
1530569793294 -0.0276853 -0.147173 0.988723 0.390055 -0.995663 0.0919457 -0.0141933 -0.490738 -0.08882 -0.984828 -0.14908 0.441818 
1530569793505 -0.0277001 -0.146491 0.988824 0.390135 -0.99568 0.0917446 -0.0143005 -0.490741 -0.0886243 -0.984948 -0.148399 0.441772 
1530569793754 -0.0277837 -0.145871 0.988913 0.390229 -0.995704 0.0914555 -0.0144842 -0.490748 -0.0883288 -0.985067 -0.147786 0.441704 
1530569794007 -0.0278781 -0.145265 0.989 0.390316 -0.995721 0.0912372 -0.0146665 -0.490755 -0.088103 -0.985177 -0.147187 0.441655 
1530569794296 -0.0280318 -0.144669 0.989083 0.39037 -0.995739 0.0910052 -0.0149095 -0.490786 -0.0878547 -0.985286 -0.146604 0.441609 
1530569794309 -0.0280707 -0.144696 0.989078 0.39037 -0.995738 0.091006 -0.0149461 -0.490791 -0.0878494 -0.985282 -0.146634 0.441602 
1530569794497 -0.0280134 -0.144938 0.989044 0.390415 -0.995715 0.0912737 -0.0148268 -0.490832 -0.0881247 -0.985222 -0.146874 0.44161 
1530569794720 -0.0280671 -0.14535 0.988982 0.390484 -0.995704 0.0914025 -0.0148245 -0.490891 -0.0882407 -0.985149 -0.147291 0.441667 
1530569794914 -0.0278326 -0.145434 0.988976 0.390604 -0.995704 0.0914343 -0.0145761 -0.490919 -0.0883065 -0.985134 -0.147354 0.441801 
1530569795110 -0.0279514 -0.145871 0.988909 0.390649 -0.995702 0.0914469 -0.0146544 -0.490975 -0.0882949 -0.985068 -0.1478 0.441846 
1530569795431 -0.0276385 -0.146138 0.988878 0.390758 -0.995716 0.0913486 -0.01433 -0.491023 -0.0882385 -0.985038 -0.148036 0.441992 
1530569795632 -0.0277808 -0.146371 0.98884 0.390783 -0.995683 0.0916943 -0.0144002 -0.491065 -0.0885631 -0.984971 -0.148287 0.44202 
1530569795873 -0.0276315 -0.146686 0.988797 0.390883 -0.995682 0.09174 -0.0142145 -0.491104 -0.0886272 -0.98492 -0.148587 0.442126 
1530569796065 -0.0277193 -0.146957 0.988754 0.390968 -0.995684 0.091697 -0.0142848 -0.491163 -0.0885666 -0.984883 -0.148865 0.442207 
1530569796378 -0.0274731 -0.14734 0.988704 0.391037 -0.995667 0.0919337 -0.0139663 -0.491168 -0.0888375 -0.984804 -0.149227 0.442263 
1530569796396 -0.0274724 -0.147341 0.988704 0.391037 -0.995667 0.091932 -0.0139658 -0.491167 -0.0888358 -0.984804 -0.149228 0.442263 
1530569796715 -0.0276413 -0.147832 0.988626 0.391118 -0.995658 0.092013 -0.0140789 -0.491208 -0.0888851 -0.984723 -0.149733 0.442306 
1530569796921 -0.0279222 -0.148062 0.988584 0.391175 -0.995645 0.0921184 -0.0143249 -0.491231 -0.0889457 -0.984679 -0.14999 0.442401 
1530569797130 -0.0279227 -0.148339 0.988542 0.391309 -0.995653 0.0920285 -0.014314 -0.491225 -0.0888507 -0.984645 -0.150264 0.442527 
1530569797322 -0.027903 -0.148651 0.988496 0.391426 -0.995653 0.0920401 -0.0142639 -0.491237 -0.0888609 -0.984597 -0.150573 0.442683 
1530569797542 -0.0281716 -0.149109 0.988419 0.391499 -0.995636 0.0921897 -0.0144699 -0.49125 -0.0889645 -0.984514 -0.151056 0.442724 
1530569797744 -0.0282931 -0.149347 0.98838 0.391598 -0.995649 0.092037 -0.0145941 -0.491259 -0.0887879 -0.984492 -0.151302 0.442872 
1530569797941 -0.0283191 -0.149621 0.988338 0.391721 -0.995648 0.0920443 -0.0145944 -0.49126 -0.0887872 -0.98445 -0.151576 0.443016 
1530569798151 -0.028542 -0.15002 0.988271 0.391738 -0.995645 0.0920466 -0.0147823 -0.491317 -0.0887494 -0.984389 -0.151993 0.443098 
1530569798356 -0.0287754 -0.150334 0.988216 0.391869 -0.995638 0.0920942 -0.0149815 -0.491326 -0.0887568 -0.984336 -0.152328 0.443254 
1530569798370 -0.028747 -0.150327 0.988218 0.391881 -0.99564 0.0920705 -0.0149571 -0.491321 -0.0887373 -0.98434 -0.152319 0.443272 
1530569798602 -0.0291258 -0.149977 0.98826 0.391942 -0.995631 0.0921007 -0.015366 -0.491361 -0.088715 -0.98439 -0.152004 0.44332 
1530569798791 -0.0291785 -0.149775 0.988289 0.391994 -0.995638 0.0920158 -0.0154505 -0.49135 -0.0886241 -0.984429 -0.151807 0.443319 
1530569798974 -0.0294074 -0.149554 0.988316 0.392073 -0.995636 0.0919932 -0.0157047 -0.491356 -0.0885697 -0.984465 -0.151606 0.443278 
1530569799168 -0.0295562 -0.149265 0.988355 0.392185 -0.995625 0.0920802 -0.0158674 -0.491341 -0.0886395 -0.984501 -0.151333 0.44327 
1530569799354 -0.0298226 -0.149024 0.988384 0.392273 -0.99563 0.0919722 -0.0161741 -0.491356 -0.0884935 -0.984547 -0.151116 0.443281 
1530569799539 -0.0299979 -0.148679 0.98843 0.392358 -0.995624 0.0920038 -0.0163771 -0.491368 -0.0885044 -0.984596 -0.150789 0.443325 
1530569799759 -0.0301129 -0.148318 0.988481 0.392505 -0.995631 0.0919024 -0.0165411 -0.491376 -0.0883904 -0.98466 -0.150437 0.443342 
1530569799968 -0.0302414 -0.148152 0.988502 0.392634 -0.995627 0.0919143 -0.0166837 -0.491348 -0.0883857 -0.984684 -0.150284 0.443313 
1530569800141 -0.030426 -0.147804 0.988549 0.392719 -0.995619 0.091966 -0.0168931 -0.491337 -0.088416 -0.984732 -0.149955 0.443328 
1530569800154 -0.0304568 -0.147755 0.988555 0.392726 -0.995618 0.0919661 -0.0169287 -0.491338 -0.0884122 -0.984739 -0.149908 0.443332 
1530569800346 -0.0304798 -0.14748 0.988595 0.392817 -0.995616 0.091986 -0.0169736 -0.491318 -0.0884336 -0.984778 -0.149637 0.443341 
1530569800537 -0.0305671 -0.147157 0.988641 0.392954 -0.995625 0.0918625 -0.0171095 -0.491363 -0.0883013 -0.984838 -0.149321 0.443335 
1530569800730 -0.0307234 -0.146966 0.988664 0.393048 -0.995619 0.0918886 -0.0172802 -0.491363 -0.0883074 -0.984864 -0.149145 0.443223 
1530569800953 -0.0309054 -0.14654 0.988722 0.393174 -0.995604 0.0920114 -0.0174834 -0.49138 -0.0884117 -0.984916 -0.148739 0.443241 
1530569801136 -0.0310037 -0.146239 0.988763 0.393252 -0.995618 0.0918406 -0.0176353 -0.49141 -0.0882297 -0.984977 -0.148446 0.443282 
1530569801328 -0.0311199 -0.145867 0.988815 0.39336 -0.995622 0.0917618 -0.0177977 -0.491419 -0.0881393 -0.985039 -0.148084 0.443277 
1530569801494 -0.0312246 -0.145629 0.988846 0.393468 -0.995609 0.0918847 -0.0179061 -0.491437 -0.0882522 -0.985063 -0.147859 0.443163 
1530569801676 -0.0313495 -0.145298 0.988891 0.393576 -0.995604 0.0919024 -0.0180591 -0.491455 -0.0882575 -0.98511 -0.14754 0.443141 
1530569801871 -0.0314171 -0.14486 0.988953 0.393675 -0.995604 0.0918793 -0.01817 -0.491448 -0.0882322 -0.985177 -0.14711 0.443189 
1530569801885 -0.0314301 -0.14482 0.988959 0.393681 -0.995603 0.0918911 -0.018185 -0.491447 -0.088243 -0.985182 -0.147071 0.443193 
1530569802074 -0.0317449 -0.14501 0.988921 0.393762 -0.995582 0.0920586 -0.0184597 -0.491489 -0.0883619 -0.985138 -0.147292 0.44322 
1530569802260 -0.0316901 -0.145074 0.988913 0.393956 -0.995576 0.0921477 -0.0183855 -0.491464 -0.0884588 -0.98512 -0.147352 0.443314 
1530569802466 -0.0318281 -0.145193 0.988891 0.394112 -0.995569 0.0921905 -0.0185073 -0.491481 -0.0884793 -0.985099 -0.147484 0.443396 
1530569802667 -0.0319953 -0.145318 0.988867 0.394276 -0.995553 0.0923364 -0.0186424 -0.49151 -0.0885994 -0.985067 -0.147626 0.443472 
1530569802875 -0.0322473 -0.145619 0.988815 0.394389 -0.995533 0.0925154 -0.0188419 -0.491537 -0.0887369 -0.985006 -0.147952 0.443393 
1530569803041 -0.0325835 -0.145789 0.988779 0.394475 -0.995507 0.0927378 -0.0191316 -0.491598 -0.088908 -0.98496 -0.148156 0.443427 
1530569803223 -0.0327016 -0.145876 0.988762 0.394631 -0.995495 0.0928435 -0.0192268 -0.491611 -0.0889954 -0.984937 -0.148255 0.443514 
1530569803416 -0.0329148 -0.146026 0.988733 0.394759 -0.995484 0.0929221 -0.0194159 -0.491632 -0.0890399 -0.984907 -0.148425 0.44357 
1530569803433 -0.0329254 -0.146025 0.988733 0.394771 -0.995484 0.0929249 -0.0194262 -0.491638 -0.0890412 -0.984907 -0.148425 0.443582 
1530569803642 -0.0331962 -0.146188 0.9887 0.394892 -0.995475 0.0929603 -0.0196787 -0.491674 -0.0890331 -0.984879 -0.148612 0.443639 
1530569803813 -0.0334241 -0.146381 0.988664 0.395065 -0.995455 0.0931369 -0.0198639 -0.491673 -0.0891733 -0.984834 -0.148828 0.443693 
1530569804008 -0.0335898 -0.14657 0.98863 0.395279 -0.995448 0.0931844 -0.0200064 -0.491681 -0.0891926 -0.984801 -0.149033 0.443792 
1530569804241 -0.033754 -0.146963 0.988566 0.395459 -0.995434 0.0933038 -0.0201178 -0.491672 -0.0892804 -0.984732 -0.149441 0.443832 
1530569804467 -0.0340276 -0.147142 0.98853 0.395612 -0.995414 0.0934728 -0.0203512 -0.491691 -0.0894061 -0.984689 -0.149648 0.443895 
1530569804698 -0.034231 -0.147397 0.988485 0.395821 -0.995409 0.093482 -0.0205314 -0.491665 -0.0893793 -0.98465 -0.14992 0.44394 
1530569804929 -0.0346846 -0.147624 0.988435 0.395949 -0.995379 0.093713 -0.0209321 -0.491728 -0.0895391 -0.984594 -0.150192 0.444004 
1530569805156 -0.0348554 -0.147791 0.988404 0.39618 -0.995389 0.0935737 -0.0211101 -0.491742 -0.0893688 -0.984582 -0.150371 0.444119 
1530569805362 -0.0352103 -0.148088 0.988347 0.396273 -0.995358 0.0938293 -0.0214013 -0.491779 -0.0895667 -0.984513 -0.150704 0.44414 
1530569805375 -0.0351937 -0.14808 0.988349 0.396282 -0.995358 0.0938359 -0.0213842 -0.491781 -0.089576 -0.984514 -0.150695 0.444151 
1530569805590 -0.0356694 -0.148014 0.988342 0.396457 -0.99534 0.0939174 -0.021857 -0.491825 -0.0895874 -0.984516 -0.150674 0.444243 
1530569805800 -0.0359431 -0.148078 0.988322 0.396766 -0.995313 0.0941468 -0.0220915 -0.49181 -0.0897761 -0.984484 -0.150768 0.444294 
1530569806039 -0.0365012 -0.148119 0.988296 0.39701 -0.995287 0.0942939 -0.0226273 -0.491875 -0.0898387 -0.984464 -0.150862 0.44429 
1530569806285 -0.036769 -0.148028 0.988299 0.397337 -0.995285 0.0942439 -0.022913 -0.491898 -0.0897494 -0.984482 -0.150796 0.444471 
1530569806517 -0.0372407 -0.14806 0.988277 0.397524 -0.99526 0.0944028 -0.0233608 -0.491928 -0.0898373 -0.984462 -0.150874 0.444515 
1530569806703 -0.0375731 -0.147881 0.988291 0.397772 -0.995237 0.0945595 -0.0236879 -0.491972 -0.0899493 -0.984474 -0.15073 0.444651 
1530569806915 -0.0379341 -0.14784 0.988284 0.398092 -0.995213 0.0947328 -0.0240287 -0.491936 -0.0900705 -0.984464 -0.150726 0.444694 
1530569807132 -0.0383825 -0.147898 0.988258 0.398341 -0.995196 0.0947965 -0.0244651 -0.491972 -0.090065 -0.984449 -0.150826 0.444769 
1530569807383 -0.0386589 -0.147783 0.988264 0.398679 -0.995187 0.0948204 -0.0247505 -0.491991 -0.0900499 -0.984464 -0.150737 0.444881 
1530569807400 -0.0386678 -0.147742 0.98827 0.398694 -0.995187 0.0948156 -0.024764 -0.491994 -0.0900447 -0.984471 -0.150697 0.444894 
1530569807603 -0.0391678 -0.147804 0.988241 0.398848 -0.995153 0.0950461 -0.0252264 -0.492066 -0.0901999 -0.984439 -0.15081 0.444968 
1530569807839 -0.0397747 -0.147664 0.988238 0.39942 -0.995103 0.0954143 -0.0257941 -0.492112 -0.0904831 -0.984424 -0.150736 0.445116 
1530569808042 -0.0403078 -0.147764 0.988201 0.39964 -0.995061 0.0957199 -0.0262747 -0.492184 -0.090708 -0.98438 -0.150893 0.445116 
1530569808341 -0.0404607 -0.147632 0.988214 0.400051 -0.995044 0.0958647 -0.0264187 -0.492155 -0.0908346 -0.984385 -0.150779 0.445211 
1530569808565 -0.0409284 -0.147538 0.988209 0.400225 -0.994991 0.096298 -0.0268321 -0.492223 -0.0912038 -0.984357 -0.150741 0.445295 
1530569808776 -0.0412838 -0.147559 0.988191 0.400476 -0.99496 0.0965251 -0.0271532 -0.492245 -0.0913786 -0.984332 -0.1508 0.445333 
1530569808990 -0.0418009 -0.147596 0.988164 0.400688 -0.994928 0.096718 -0.0276409 -0.492334 -0.0914936 -0.984307 -0.15089 0.445369 
1530569809263 -0.0419962 -0.147551 0.988162 0.401137 -0.994909 0.0968653 -0.0278191 -0.492317 -0.0916139 -0.9843 -0.150868 0.445409 
1530569809277 -0.042024 -0.14755 0.988161 0.401131 -0.994908 0.0968666 -0.027847 -0.492322 -0.091611 -0.9843 -0.15087 0.445414 
1530569809598 -0.0422096 -0.147362 0.988182 0.40148 -0.994909 0.0967924 -0.0280628 -0.492326 -0.0915131 -0.984335 -0.150698 0.445409 
1530569809819 -0.042636 -0.147063 0.988208 0.401576 -0.994929 0.0964367 -0.0285745 -0.492421 -0.0910972 -0.984415 -0.150429 0.445531 
1530569810010 -0.0427267 -0.147057 0.988205 0.401865 -0.994935 0.0963461 -0.0286802 -0.492401 -0.090992 -0.984425 -0.150429 0.445477 
1530569810206 -0.0430339 -0.146784 0.988232 0.402073 -0.994952 0.0960568 -0.029059 -0.49247 -0.0906609 -0.984493 -0.150177 0.44558 
1530569810413 -0.0433416 -0.14668 0.988234 0.40233 -0.994952 0.095953 -0.0293943 -0.492502 -0.0905124 -0.984519 -0.150098 0.445562 
1530569810679 -0.0436606 -0.146443 0.988255 0.402639 -0.994972 0.0956256 -0.0297872 -0.492532 -0.0901403 -0.984586 -0.149881 0.445583 
1530569810878 -0.0438291 -0.14633 0.988264 0.40287 -0.994965 0.0956426 -0.0299646 -0.492557 -0.0901355 -0.984601 -0.149785 0.44556 
1530569811086 -0.044061 -0.145955 0.98831 0.403086 -0.995004 0.0951266 -0.030311 -0.492615 -0.0895905 -0.984707 -0.149417 0.445736 
1530569811285 -0.0444976 -0.145889 0.9883 0.403307 -0.99499 0.0951248 -0.0307568 -0.49267 -0.0895247 -0.984717 -0.149391 0.44572 
1530569811298 -0.0445173 -0.145856 0.988304 0.403325 -0.994991 0.095111 -0.0307818 -0.492676 -0.0895089 -0.984723 -0.149359 0.445731 
1530569811522 -0.0450039 -0.146066 0.988251 0.403539 -0.994936 0.0955526 -0.0311854 -0.492714 -0.0898749 -0.984649 -0.149626 0.445774 
1530569811731 -0.0452009 -0.146237 0.988216 0.403863 -0.994918 0.0956814 -0.0313485 -0.49269 -0.0899696 -0.984612 -0.149818 0.445881 
1530569811950 -0.0458682 -0.146408 0.98816 0.404078 -0.994867 0.096011 -0.0319543 -0.492797 -0.0901959 -0.984554 -0.150061 0.445937 
1530569812175 -0.0461758 -0.146543 0.988126 0.404378 -0.994825 0.0963686 -0.032197 -0.492857 -0.0905061 -0.984499 -0.150235 0.445997 
1530569812411 -0.0464205 -0.146741 0.988085 0.404772 -0.994805 0.0965064 -0.032404 -0.492808 -0.0906015 -0.984456 -0.150458 0.446114 
1530569812682 -0.046862 -0.146658 0.988077 0.405046 -0.994754 0.0968935 -0.032797 -0.492848 -0.0909283 -0.98443 -0.150429 0.446261 
1530569812931 -0.0473333 -0.146989 0.988005 0.40531 -0.994687 0.0974602 -0.033154 -0.492862 -0.0914179 -0.984325 -0.150821 0.446159 
1530569813136 -0.0478383 -0.147117 0.987962 0.405509 -0.994662 0.0975466 -0.0336372 -0.492964 -0.0914237 -0.984297 -0.150998 0.446293 
1530569813359 -0.0481098 -0.147186 0.987938 0.405832 -0.99463 0.0978007 -0.033865 -0.49296 -0.0916366 -0.984262 -0.151101 0.446453 
1530569813377 -0.0481199 -0.14717 0.98794 0.405852 -0.994629 0.0978035 -0.0338763 -0.492967 -0.0916384 -0.984264 -0.151086 0.446473 
1530569813610 -0.04872 -0.146902 0.987951 0.406033 -0.99456 0.0983087 -0.0344281 -0.493036 -0.0920666 -0.984254 -0.150892 0.44652 
1530569813813 -0.0491197 -0.14693 0.987927 0.406353 -0.994518 0.0986074 -0.034782 -0.493039 -0.0923064 -0.98422 -0.150968 0.446469 
1530569814025 -0.0495069 -0.146695 0.987942 0.40662 -0.994469 0.0989789 -0.035137 -0.493082 -0.092631 -0.984217 -0.150784 0.446524 
1530569814230 -0.0499022 -0.146578 0.98794 0.406953 -0.994416 0.0993908 -0.0354829 -0.49308 -0.092991 -0.984193 -0.15072 0.446547 
1530569814463 -0.0504661 -0.146495 0.987923 0.407257 -0.994337 0.100005 -0.0359644 -0.493149 -0.0935286 -0.984143 -0.150713 0.446472 
1530569814729 -0.0507174 -0.14615 0.987962 0.407659 -0.9943 0.100285 -0.0362076 -0.493084 -0.0937856 -0.984166 -0.150403 0.446602 
1530569814973 -0.0515627 -0.145807 0.987968 0.4082 -0.994197 0.101018 -0.0369793 -0.493178 -0.0944103 -0.984142 -0.15017 0.446649 
1530569815175 -0.0521204 -0.145888 0.987927 0.408427 -0.994112 0.101689 -0.0374303 -0.493238 -0.0950003 -0.984061 -0.150329 0.446493 
1530569815188 -0.0521517 -0.145841 0.987933 0.408451 -0.994111 0.101681 -0.0374676 -0.493245 -0.0949892 -0.984069 -0.150285 0.446519 
1530569815428 -0.0526917 -0.145523 0.987951 0.408703 -0.994052 0.10207 -0.0379824 -0.493263 -0.095313 -0.984076 -0.150035 0.446447 
1530569815677 -0.0529839 -0.144996 0.988013 0.409053 -0.994025 0.102205 -0.0383072 -0.493249 -0.0954256 -0.984139 -0.149545 0.446506 
1530569815884 -0.0534835 -0.144601 0.988044 0.409261 -0.993971 0.102551 -0.0387959 -0.493326 -0.0957154 -0.984161 -0.149214 0.446435 
1530569816102 -0.0537103 -0.144153 0.988097 0.409671 -0.993939 0.102771 -0.0390347 -0.493312 -0.0959208 -0.984204 -0.148799 0.446444 
1530569816336 -0.0542132 -0.143726 0.988131 0.409944 -0.993896 0.10299 -0.0395492 -0.49333 -0.0960838 -0.984244 -0.148432 0.446493 
1530569816546 -0.0547713 -0.143464 0.988139 0.410149 -0.993835 0.103368 -0.0400794 -0.493391 -0.0963919 -0.984242 -0.148241 0.446422 
1530569816762 -0.0550728 -0.142953 0.988196 0.410529 -0.993788 0.1037 -0.0403832 -0.493357 -0.0967034 -0.984282 -0.147776 0.446397 
1530569816967 -0.0555577 -0.142578 0.988223 0.410804 -0.993748 0.103895 -0.0408787 -0.493399 -0.0968429 -0.984316 -0.147458 0.446403 
1530569817211 -0.0559834 -0.142073 0.988272 0.411142 -0.993707 0.104112 -0.0413242 -0.493436 -0.09702 -0.984366 -0.147007 0.446428 
1530569817225 -0.0559629 -0.142044 0.988277 0.411159 -0.993707 0.104116 -0.0413059 -0.493432 -0.0970285 -0.984369 -0.146977 0.446432 
1530569817448 -0.0564676 -0.141765 0.988288 0.411402 -0.993659 0.104374 -0.0418026 -0.493508 -0.0972253 -0.984382 -0.14676 0.44648 
1530569817712 -0.0571315 -0.141407 0.988302 0.412079 -0.99358 0.104875 -0.042431 -0.493517 -0.0976481 -0.984381 -0.146491 0.446439 
1530569817952 -0.0576849 -0.141196 0.9883 0.412353 -0.993514 0.105288 -0.042947 -0.493587 -0.0979925 -0.984367 -0.146354 0.446405 
1530569818160 -0.0579616 -0.141175 0.988286 0.412708 -0.993459 0.105715 -0.0431637 -0.493524 -0.0983832 -0.984324 -0.146379 0.446304 
1530569818365 -0.0585219 -0.141027 0.988275 0.412952 -0.99338 0.10625 -0.0436624 -0.493617 -0.0988464 -0.984288 -0.146311 0.446202 
1530569818585 -0.0586757 -0.140562 0.988332 0.413343 -0.99336 0.106367 -0.0438466 -0.493568 -0.0989628 -0.984342 -0.145869 0.446325 
1530569818813 -0.0592851 -0.140395 0.988319 0.413594 -0.993293 0.106748 -0.0444195 -0.493643 -0.0992644 -0.984324 -0.145782 0.446287 
1530569819008 -0.0596256 -0.140342 0.988306 0.413888 -0.993264 0.106882 -0.0447473 -0.493693 -0.0993518 -0.984317 -0.145769 0.446272 
1530569819022 -0.0596254 -0.140285 0.988314 0.413919 -0.993264 0.106881 -0.044753 -0.493691 -0.099354 -0.984325 -0.145713 0.44629 
1530569819292 -0.0598921 -0.140465 0.988272 0.414255 -0.993257 0.106837 -0.0450092 -0.493686 -0.099262 -0.984305 -0.145917 0.446383 
1530569819500 -0.0605249 -0.140591 0.988216 0.414425 -0.993184 0.107284 -0.0455662 -0.49377 -0.0996132 -0.984238 -0.146126 0.44632 
1530569819747 -0.0605961 -0.14083 0.988178 0.414892 -0.993155 0.107549 -0.045574 -0.493716 -0.0998593 -0.984175 -0.146383 0.446294 
1530569819957 -0.0611981 -0.140828 0.988141 0.415079 -0.993111 0.107701 -0.0461565 -0.49378 -0.0999237 -0.984158 -0.146449 0.446389 
1530569820214 -0.0617589 -0.140971 0.988086 0.41577 -0.99305 0.108053 -0.0466531 -0.493787 -0.100189 -0.984099 -0.146665 0.446484 
1530569820454 -0.0621371 -0.141172 0.988033 0.416119 -0.992999 0.108386 -0.046963 -0.493787 -0.100459 -0.984034 -0.146919 0.446495 
1530569820666 -0.062686 -0.141445 0.987959 0.416357 -0.992942 0.108701 -0.0474395 -0.493873 -0.100682 -0.98396 -0.147261 0.4464 
1530569820684 -0.0626203 -0.141423 0.987967 0.41641 -0.992945 0.108703 -0.0473755 -0.493867 -0.100695 -0.983963 -0.147232 0.446405 
1530569820902 -0.0633292 -0.141 0.987982 0.416573 -0.992876 0.109018 -0.0480845 -0.49395 -0.100927 -0.983989 -0.146899 0.446393 
1530569821134 -0.0634312 -0.140572 0.988036 0.417084 -0.992863 0.109078 -0.0482221 -0.49387 -0.100994 -0.984043 -0.146488 0.446423 
1530569821345 -0.0640251 -0.14033 0.988032 0.417263 -0.992791 0.109478 -0.0487843 -0.493951 -0.101322 -0.984034 -0.146328 0.446285 
1530569821548 -0.0641097 -0.139875 0.988092 0.41773 -0.992758 0.109736 -0.0488782 -0.493855 -0.101592 -0.98407 -0.145897 0.446237 
1530569821773 -0.0646918 -0.139383 0.988123 0.417988 -0.992718 0.109825 -0.0495007 -0.493951 -0.101621 -0.984129 -0.145473 0.446305 
1530569821975 -0.065114 -0.13916 0.988127 0.418324 -0.992658 0.11018 -0.0498958 -0.493946 -0.101929 -0.984121 -0.145312 0.446177 
1530569822213 -0.0652838 -0.138601 0.988194 0.418752 -0.992635 0.110291 -0.0501082 -0.493893 -0.102044 -0.984188 -0.14478 0.446235 
1530569822420 -0.0658754 -0.138375 0.988187 0.41903 -0.992558 0.110739 -0.0506601 -0.493951 -0.102421 -0.984169 -0.14464 0.446062 
1530569822623 -0.0660345 -0.138012 0.988227 0.419451 -0.99254 0.110812 -0.0508471 -0.493872 -0.10249 -0.984212 -0.1443 0.446101 
1530569822640 -0.0660374 -0.137914 0.98824 0.41947 -0.99254 0.110807 -0.050861 -0.49388 -0.10249 -0.984226 -0.144203 0.446123 
1530569822847 -0.0663419 -0.137635 0.988259 0.41967 -0.992541 0.110627 -0.0512224 -0.493901 -0.102278 -0.984286 -0.143947 0.446078 
1530569823091 -0.066523 -0.137206 0.988306 0.420093 -0.992547 0.110454 -0.0514742 -0.493857 -0.1021 -0.984365 -0.143531 0.446065 
1530569823324 -0.0671127 -0.137039 0.98829 0.420242 -0.992512 0.110488 -0.0520788 -0.493983 -0.102058 -0.984384 -0.143428 0.445899 
1530569823539 -0.0673052 -0.136548 0.988344 0.420572 -0.992519 0.110297 -0.052351 -0.493977 -0.101863 -0.984474 -0.14295 0.445955 
1530569823758 -0.067407 -0.136113 0.988397 0.420906 -0.992515 0.110257 -0.0525043 -0.493952 -0.101831 -0.984539 -0.142526 0.445911 
1530569824041 -0.067614 -0.135785 0.988428 0.421275 -0.992535 0.109941 -0.0527918 -0.493932 -0.1015 -0.984619 -0.142205 0.445879 
1530569824225 -0.067942 -0.135558 0.988437 0.421459 -0.992512 0.109983 -0.0531387 -0.493984 -0.101508 -0.984646 -0.142015 0.445789 
1530569824429 -0.0682681 -0.135247 0.988457 0.421795 -0.992505 0.109866 -0.053515 -0.493978 -0.101361 -0.984702 -0.141734 0.445716 
1530569824636 -0.0685942 -0.134879 0.988485 0.421996 -0.992486 0.109858 -0.0538818 -0.494047 -0.101326 -0.984753 -0.141401 0.445621 
1530569824653 -0.0686129 -0.134871 0.988485 0.422016 -0.992483 0.109876 -0.0538987 -0.49405 -0.101341 -0.984752 -0.141396 0.445598 
1530569824879 -0.0687759 -0.134664 0.988502 0.42231 -0.992487 0.109741 -0.0541031 -0.494037 -0.101193 -0.984796 -0.1412 0.44566 
1530569825083 -0.0691679 -0.134605 0.988482 0.422519 -0.99246 0.109788 -0.054496 -0.494101 -0.101188 -0.984799 -0.141184 0.445609 
1530569825282 -0.0695263 -0.134574 0.988461 0.42282 -0.992431 0.109878 -0.0548462 -0.494119 -0.101229 -0.984793 -0.141195 0.445522 
1530569825480 -0.0696246 -0.134259 0.988497 0.423152 -0.992424 0.10987 -0.0549785 -0.494086 -0.101225 -0.984837 -0.140892 0.445551 
1530569825756 -0.0700907 -0.134035 0.988495 0.423841 -0.992406 0.109777 -0.0554828 -0.494112 -0.101077 -0.984877 -0.140712 0.445482 
1530569825975 -0.0705842 -0.133888 0.98848 0.423995 -0.992392 0.109641 -0.0560129 -0.494214 -0.100878 -0.984913 -0.140608 0.445516 
1530569826185 -0.0706081 -0.133863 0.988481 0.424402 -0.992395 0.109598 -0.0560456 -0.494121 -0.100833 -0.984921 -0.140583 0.44545 
1530569826202 -0.0706306 -0.133839 0.988483 0.424422 -0.992396 0.109572 -0.0560743 -0.494131 -0.100806 -0.984927 -0.14056 0.445462 
1530569826407 -0.0709712 -0.13399 0.988438 0.424665 -0.992372 0.109622 -0.0563936 -0.494163 -0.100799 -0.984901 -0.140748 0.445423 
1530569826640 -0.0711903 -0.133895 0.988435 0.425028 -0.992375 0.109466 -0.0566456 -0.494205 -0.100615 -0.984931 -0.140667 0.445559 
1530569826863 -0.0714865 -0.134284 0.988361 0.42531 -0.992364 0.109428 -0.0569085 -0.494225 -0.100513 -0.984882 -0.141082 0.445468 
1530569827068 -0.0717738 -0.134252 0.988345 0.425632 -0.992339 0.10951 -0.0571886 -0.494244 -0.100556 -0.984878 -0.141083 0.445508 
1530569827320 -0.0720083 -0.134479 0.988297 0.425986 -0.992349 0.109297 -0.0574312 -0.494292 -0.100295 -0.98487 -0.14132 0.445494 
1530569827529 -0.0724217 -0.134532 0.988259 0.426197 -0.992316 0.109383 -0.0578287 -0.494361 -0.100319 -0.984854 -0.14142 0.445516 
1530569827736 -0.072711 -0.134662 0.98822 0.426541 -0.992292 0.109459 -0.058095 -0.494367 -0.100346 -0.984827 -0.141583 0.445504 
1530569827996 -0.0729381 -0.134809 0.988183 0.426906 -0.992261 0.109643 -0.0582815 -0.494345 -0.10049 -0.984787 -0.141763 0.445436 
1530569828179 -0.0731652 -0.134969 0.988145 0.427156 -0.992261 0.109523 -0.0585103 -0.494421 -0.100328 -0.984778 -0.141938 0.445387 
1530569828193 -0.073216 -0.134977 0.98814 0.427176 -0.99226 0.109504 -0.0585634 -0.494432 -0.1003 -0.984779 -0.141949 0.445398 
1530569828412 -0.0736068 -0.134957 0.988114 0.427383 -0.992228 0.109585 -0.0589462 -0.49446 -0.100327 -0.984773 -0.141975 0.445403 
1530569828615 -0.0737089 -0.134888 0.988115 0.427732 -0.992213 0.10967 -0.0590435 -0.494416 -0.100402 -0.984773 -0.141921 0.44536 
1530569828815 -0.0742662 -0.13481 0.988084 0.427929 -0.992169 0.109763 -0.0595977 -0.494523 -0.100421 -0.984773 -0.141906 0.445384 
1530569828997 -0.074394 -0.134699 0.98809 0.428278 -0.992148 0.109891 -0.0597189 -0.494475 -0.100538 -0.984774 -0.141816 0.445366 
1530569829229 -0.0747456 -0.134592 0.988078 0.428548 -0.992109 0.110059 -0.0600588 -0.494541 -0.100663 -0.98477 -0.141757 0.445319 
1530569829501 -0.075007 -0.134392 0.988085 0.428953 -0.992092 0.110051 -0.0603429 -0.49449 -0.10063 -0.984798 -0.141583 0.445427 
1530569829710 -0.0755637 -0.134543 0.988022 0.429098 -0.992037 0.110268 -0.0608552 -0.494588 -0.100759 -0.984753 -0.141804 0.445276 
1530569829935 -0.0757457 -0.134304 0.988041 0.429445 -0.992027 0.110238 -0.0610667 -0.494584 -0.100718 -0.984789 -0.141583 0.445394 
1530569830128 -0.075981 -0.134362 0.988015 0.429696 -0.991983 0.110536 -0.0612541 -0.49458 -0.100981 -0.984748 -0.141683 0.445278 
1530569830142 -0.0759906 -0.13435 0.988016 0.429725 -0.991984 0.110516 -0.0612679 -0.494584 -0.100961 -0.984752 -0.141671 0.445291 
1530569830348 -0.0763192 -0.134293 0.987998 0.429943 -0.991883 0.111296 -0.0614915 -0.494601 -0.101702 -0.984672 -0.141697 0.445194 
1530569830571 -0.0766143 -0.133953 0.988022 0.430242 -0.991818 0.11173 -0.0617607 -0.494644 -0.102118 -0.984669 -0.141417 0.4453 
1530569830766 -0.0766845 -0.133873 0.988027 0.430542 -0.991723 0.112594 -0.0617154 -0.494588 -0.102984 -0.984581 -0.141399 0.445171 
1530569831005 -0.0772857 -0.133502 0.98803 0.430776 -0.991626 0.113136 -0.0622801 -0.494722 -0.103467 -0.98457 -0.141127 0.445259 
1530569831192 -0.0775092 -0.133501 0.988013 0.431014 -0.991543 0.113789 -0.0624109 -0.494719 -0.104093 -0.984495 -0.141191 0.445165 
1530569831416 -0.0777275 -0.133304 0.988023 0.431383 -0.991445 0.114567 -0.0625395 -0.494688 -0.104858 -0.984431 -0.141068 0.445131 
1530569831627 -0.0780188 -0.133078 0.98803 0.431581 -0.991348 0.115287 -0.0627527 -0.494743 -0.105556 -0.984378 -0.140921 0.445086 
1530569831836 -0.0783062 -0.132966 0.988022 0.431879 -0.991277 0.115768 -0.0629843 -0.494761 -0.106007 -0.984336 -0.140872 0.44508 
1530569832036 -0.078579 -0.132765 0.988028 0.432201 -0.991182 0.116475 -0.0631786 -0.494781 -0.106693 -0.98428 -0.140747 0.445017 
1530569832050 -0.0785731 -0.132716 0.988035 0.432224 -0.991177 0.116521 -0.0631716 -0.494779 -0.106743 -0.984281 -0.1407 0.445024 
1530569832260 -0.0788504 -0.132944 0.987982 0.432428 -0.991184 0.11631 -0.0634551 -0.49483 -0.106476 -0.984275 -0.140943 0.445018 
1530569832469 -0.0788207 -0.133154 0.987956 0.432723 -0.99123 0.115915 -0.0634591 -0.494825 -0.106069 -0.984293 -0.141123 0.44505 
1530569832667 -0.0788967 -0.133388 0.987918 0.433011 -0.991269 0.115518 -0.0635671 -0.494834 -0.105644 -0.984308 -0.141338 0.445095 
1530569832869 -0.0790944 -0.133695 0.987861 0.43329 -0.991298 0.115146 -0.0637859 -0.494872 -0.105221 -0.98431 -0.141639 0.445108 
1530569833071 -0.0792557 -0.134017 0.987805 0.433523 -0.991321 0.114856 -0.0639551 -0.49494 -0.104885 -0.984301 -0.141957 0.445041 
1530569833289 -0.0791991 -0.134138 0.987793 0.433891 -0.9914 0.11416 -0.0639858 -0.494916 -0.104184 -0.984365 -0.142026 0.445228 
1530569833484 -0.0794218 -0.134463 0.987731 0.434089 -0.991413 0.113916 -0.0642101 -0.495008 -0.103885 -0.984349 -0.142356 0.445149 
1530569833687 -0.0795851 -0.134768 0.987676 0.434336 -0.991439 0.113589 -0.0643892 -0.495023 -0.103511 -0.984345 -0.142654 0.445152 
1530569833912 -0.0796165 -0.134961 0.987647 0.43464 -0.991491 0.113092 -0.0644725 -0.495022 -0.102994 -0.984376 -0.142816 0.445254 
1530569833926 -0.0795993 -0.13496 0.987649 0.434659 -0.991495 0.113059 -0.0644601 -0.495018 -0.102963 -0.98438 -0.142812 0.445265 
1530569834138 -0.0799553 -0.135202 0.987587 0.434799 -0.991501 0.112794 -0.0648306 -0.495093 -0.102628 -0.984377 -0.143071 0.445294 
1530569834445 -0.0798394 -0.135509 0.987554 0.435209 -0.991551 0.11241 -0.064738 -0.495031 -0.102238 -0.984379 -0.143339 0.445286 
1530569834661 -0.0801937 -0.13575 0.987492 0.435361 -0.991549 0.112216 -0.0650969 -0.495122 -0.101975 -0.984368 -0.143602 0.44526 
1530569834906 -0.0803869 -0.135931 0.987452 0.435624 -0.991567 0.111933 -0.0653135 -0.495114 -0.10165 -0.984375 -0.143783 0.445314 
1530569835120 -0.080588 -0.136084 0.987414 0.435906 -0.991596 0.111533 -0.0655579 -0.495167 -0.101208 -0.984399 -0.143929 0.445394 
1530569835330 -0.0807414 -0.136353 0.987365 0.436131 -0.991595 0.111463 -0.0656945 -0.495172 -0.101097 -0.98437 -0.144206 0.445328 
1530569835536 -0.0810438 -0.136676 0.987295 0.436402 -0.991602 0.111221 -0.0660005 -0.495201 -0.100787 -0.984352 -0.144542 0.445305 
1530569835856 -0.0811408 -0.136741 0.987278 0.436715 -0.991646 0.110725 -0.066164 -0.495222 -0.100269 -0.984399 -0.144583 0.445452 
1530569836070 -0.0812076 -0.137109 0.987222 0.436984 -0.991651 0.110659 -0.0662031 -0.495204 -0.100168 -0.984355 -0.144951 0.445305 
1530569836084 -0.0811878 -0.13711 0.987223 0.437011 -0.991656 0.110622 -0.0661888 -0.495206 -0.100133 -0.98436 -0.144947 0.445311 
1530569836332 -0.081422 -0.137046 0.987213 0.437212 -0.991635 0.110666 -0.0664241 -0.495266 -0.100148 -0.984363 -0.14491 0.445373 
1530569836536 -0.0816694 -0.137258 0.987163 0.437372 -0.991622 0.110647 -0.0666537 -0.495313 -0.100078 -0.984336 -0.145144 0.445272 
1530569836734 -0.0817204 -0.13737 0.987143 0.437714 -0.991608 0.110764 -0.0666761 -0.495271 -0.100181 -0.984307 -0.145269 0.445229 
1530569836956 -0.0818896 -0.13711 0.987165 0.437961 -0.991603 0.110675 -0.0668858 -0.495328 -0.100084 -0.984353 -0.145022 0.445396 
1530569837152 -0.0820294 -0.137199 0.987141 0.4382 -0.991598 0.110644 -0.0670217 -0.49533 -0.100026 -0.984345 -0.145122 0.44537 
1530569837360 -0.0822785 -0.137326 0.987103 0.438455 -0.991577 0.110685 -0.0672529 -0.495348 -0.100022 -0.984322 -0.145276 0.445347 
1530569837536 -0.0824428 -0.13747 0.987069 0.438673 -0.991563 0.110732 -0.0673965 -0.495408 -0.100035 -0.984297 -0.145439 0.445246 
1530569837770 -0.0825692 -0.137293 0.987083 0.438956 -0.991569 0.110571 -0.0675652 -0.495445 -0.0998665 -0.98434 -0.145265 0.445426 
1530569837975 -0.0827505 -0.137593 0.987026 0.439219 -0.991543 0.110726 -0.0676937 -0.495443 -0.0999755 -0.98428 -0.145592 0.445258 
1530569837995 -0.0827447 -0.137592 0.987027 0.439254 -0.991547 0.110694 -0.0676928 -0.495441 -0.099944 -0.984284 -0.145588 0.445269 
1530569838203 -0.0830616 -0.137631 0.986995 0.439352 -0.991536 0.11059 -0.0680226 -0.495532 -0.0997892 -0.98429 -0.145652 0.445288 
1530569838431 -0.0830616 -0.137558 0.987005 0.439685 -0.99155 0.110442 -0.0680519 -0.495498 -0.0996455 -0.984317 -0.145569 0.445317 
1530569838627 -0.0832146 -0.13762 0.986983 0.439815 -0.991539 0.110455 -0.0681974 -0.495587 -0.0996319 -0.984307 -0.145647 0.445256 
1530569838844 -0.0834173 -0.137531 0.986979 0.44008 -0.991535 0.110342 -0.0684268 -0.49561 -0.0994941 -0.984332 -0.145571 0.445313 
1530569839134 -0.0834312 -0.137714 0.986952 0.440378 -0.991536 0.110343 -0.0684219 -0.495626 -0.0994809 -0.984306 -0.145755 0.445191 
1530569839340 -0.0835031 -0.137512 0.986974 0.440565 -0.991534 0.110292 -0.0685223 -0.495622 -0.0994324 -0.98434 -0.145558 0.445265 
1530569839573 -0.0835848 -0.137431 0.986978 0.440904 -0.991541 0.110165 -0.0686313 -0.495607 -0.0992981 -0.984366 -0.145477 0.445313 
1530569839764 -0.0838543 -0.137621 0.986929 0.440979 -0.991522 0.110181 -0.0688804 -0.495714 -0.0992615 -0.984338 -0.145694 0.4452 
