1535121312887 0.209472 0.918561 -0.335212 -0.531232 -0.943762 0.279609 0.176444 -0.249135 0.255803 0.279401 0.925473 0.435457 
1535121317792 0.209472 0.918561 -0.335212 -0.531232 -0.943762 0.279609 0.176444 -0.249135 0.255803 0.279401 0.925473 0.435457 
1535121318688 0.209472 0.918561 -0.335213 -0.531232 -0.943762 0.279609 0.176443 -0.249135 0.255802 0.279401 0.925473 0.435457 
1535121319339 0.217018 0.920959 -0.323631 -0.551899 -0.943475 0.282969 0.172579 -0.248288 0.250516 0.267885 0.930311 0.423032 
1535121320301 0.224594 0.923284 -0.311617 -0.572809 -0.94297 0.286555 0.169395 -0.24718 0.245695 0.2558 0.934987 0.410477 
1535121321293 0.231701 0.925388 -0.299953 -0.593819 -0.942518 0.289872 0.166232 -0.246011 0.240777 0.244196 0.939359 0.397769 
1535121322239 0.238734 0.92741 -0.287952 -0.614854 -0.941982 0.293215 0.163388 -0.244779 0.23596 0.232239 0.943604 0.385116 
1535121322857 0.242071 0.928419 -0.281851 -0.625336 -0.941704 0.294771 0.162184 -0.244145 0.233656 0.22616 0.945651 0.378814 
1535121323179 0.241831 0.928587 -0.281503 -0.625481 -0.941755 0.294491 0.162396 -0.24401 0.233699 0.225834 0.945719 0.378762 
1535121323495 0.242807 0.928464 -0.281069 -0.627217 -0.941598 0.295257 0.161916 -0.244163 0.233321 0.22534 0.94593 0.377566 
1535121323819 0.24394 0.928738 -0.279176 -0.630448 -0.941484 0.295839 0.161516 -0.243974 0.232598 0.223439 0.946559 0.375711 
1535121324169 0.244421 0.929034 -0.277766 -0.632622 -0.941483 0.295936 0.161345 -0.243724 0.232095 0.222076 0.947003 0.374427 
1535121324394 0.244421 0.929034 -0.277766 -0.632622 -0.941483 0.295936 0.161345 -0.243724 0.232095 0.222076 0.947003 0.374427 
1535121324558 0.244974 0.929368 -0.276158 -0.634891 -0.941477 0.296054 0.161161 -0.243502 0.231535 0.220516 0.947504 0.373102 
1535121324986 0.244045 0.92902 -0.278145 -0.635066 -0.941493 0.295726 0.161672 -0.243793 0.232452 0.222416 0.946836 0.373323 
1535121326153 0.243109 0.928859 -0.279498 -0.63534 -0.941559 0.295235 0.162183 -0.243945 0.233163 0.223736 0.946349 0.373533 
1535121326610 0.242283 0.929061 -0.279544 -0.635375 -0.941805 0.294421 0.162235 -0.244011 0.23303 0.22397 0.946327 0.373605 
1535121327477 0.237351 0.929844 -0.281165 -0.635626 -0.942936 0.29011 0.163429 -0.244926 0.233532 0.226331 0.945641 0.37413 
1535121327517 0.237351 0.929844 -0.281165 -0.635626 -0.942936 0.29011 0.163429 -0.244926 0.233532 0.226331 0.945641 0.37413 
1535121327859 0.23666 0.930138 -0.280775 -0.635646 -0.943243 0.289252 0.163177 -0.245099 0.232992 0.226221 0.945801 0.374042 
1535121328587 0.234328 0.931133 -0.27943 -0.635856 -0.94412 0.2865 0.162959 -0.245653 0.231794 0.22563 0.946236 0.37406 
1535121329141 0.235853 0.931039 -0.278459 -0.635665 -0.943828 0.287703 0.162531 -0.245714 0.231436 0.224484 0.946596 0.373796 
1535121329461 0.237029 0.93089 -0.277959 -0.63531 -0.943532 0.288742 0.162406 -0.245448 0.231441 0.223768 0.946765 0.373929 
1535121329876 0.238028 0.930765 -0.277522 -0.635008 -0.943364 0.289541 0.16196 -0.245252 0.231101 0.223253 0.946969 0.373972 
1535121330164 0.240235 0.930333 -0.277069 -0.634428 -0.942783 0.291594 0.161658 -0.244915 0.231187 0.22238 0.947154 0.37399 
1535121330365 0.242558 0.929956 -0.276312 -0.633737 -0.942265 0.293612 0.161025 -0.244733 0.230874 0.221301 0.947482 0.374122 
1535121330717 0.242755 0.929983 -0.276047 -0.632758 -0.942159 0.293808 0.161287 -0.244143 0.231099 0.220927 0.947515 0.374655 
1535121331103 0.243084 0.929812 -0.276332 -0.632419 -0.942074 0.294173 0.16112 -0.244027 0.231101 0.22116 0.94746 0.374644 
1535121331418 0.243981 0.929677 -0.275997 -0.63101 -0.941749 0.295062 0.16139 -0.243299 0.231477 0.220544 0.947512 0.375207 
1535121331647 0.244326 0.929574 -0.276039 -0.63082 -0.941653 0.295406 0.161323 -0.243302 0.231505 0.220518 0.947511 0.375239 
1535121332000 0.243676 0.929517 -0.276804 -0.630317 -0.941607 0.295121 0.162111 -0.243048 0.232376 0.221138 0.947153 0.375411 
1535121332268 0.243141 0.929336 -0.27788 -0.62892 -0.941137 0.295375 0.164361 -0.242599 0.234826 0.22156 0.94645 0.3761 
1535121332539 0.243159 0.928937 -0.279195 -0.627961 -0.940727 0.296007 0.165565 -0.242493 0.236443 0.222387 0.945853 0.376407 
1535121332729 0.242881 0.92868 -0.28029 -0.627083 -0.940393 0.296318 0.166903 -0.24212 0.238054 0.223045 0.945294 0.376733 
1535121332769 0.242881 0.92868 -0.28029 -0.627083 -0.940393 0.296318 0.166903 -0.24212 0.238054 0.223045 0.945294 0.376733 
1535121333094 0.242838 0.928522 -0.280848 -0.626857 -0.94028 0.296494 0.167228 -0.242122 0.238545 0.223467 0.945071 0.376677 
1535121333614 0.242084 0.928789 -0.280619 -0.624988 -0.940195 0.295993 0.168587 -0.241362 0.239643 0.223024 0.944898 0.377441 
1535121334116 0.242016 0.928629 -0.281205 -0.623579 -0.939898 0.296327 0.169655 -0.241018 0.240875 0.223245 0.944532 0.377817 
1535121334515 0.242103 0.928532 -0.28145 -0.623072 -0.93974 0.29658 0.170084 -0.240997 0.241401 0.223312 0.944382 0.377975 
1535121334546 0.242103 0.928532 -0.28145 -0.623072 -0.93974 0.29658 0.170084 -0.240997 0.241401 0.223312 0.944382 0.377975 
1535121335071 0.242309 0.928386 -0.281754 -0.62232 -0.939557 0.296953 0.170446 -0.240854 0.241907 0.223423 0.944226 0.378216 
1535121335665 0.242133 0.928248 -0.282361 -0.621159 -0.939412 0.297073 0.171036 -0.240263 0.242646 0.22384 0.943938 0.378573 
1535121336376 0.242251 0.928102 -0.282739 -0.620545 -0.939211 0.297412 0.171547 -0.24008 0.243303 0.223994 0.943732 0.378831 
1535121336408 0.242251 0.928102 -0.282739 -0.620545 -0.939211 0.297412 0.171547 -0.24008 0.243303 0.223994 0.943732 0.378831 
1535121336842 0.242241 0.928043 -0.282941 -0.620267 -0.939256 0.297401 0.171324 -0.239852 0.243143 0.224252 0.943712 0.378902 
1535121337430 0.24334 0.927359 -0.284238 -0.618787 -0.939359 0.298328 0.16913 -0.239204 0.241641 0.225846 0.943718 0.379242 
1535121337947 0.243574 0.927223 -0.28448 -0.618543 -0.939335 0.298562 0.168853 -0.239116 0.241499 0.226093 0.943695 0.379343 
1535121337977 0.243574 0.927223 -0.28448 -0.618543 -0.939335 0.298562 0.168853 -0.239116 0.241499 0.226093 0.943695 0.379343 
1535121338319 0.243652 0.927161 -0.284617 -0.618383 -0.939364 0.298614 0.168595 -0.239017 0.241305 0.22628 0.9437 0.379378 
1535121339165 0.244409 0.927034 -0.284382 -0.617001 -0.938956 0.299492 0.169311 -0.238464 0.242127 0.225641 0.943642 0.379709 
1535121339524 0.244221 0.927066 -0.284438 -0.616854 -0.93897 0.299355 0.169475 -0.23829 0.242262 0.225689 0.943596 0.379804 
1535121340344 0.24517 0.926819 -0.284425 -0.6154 -0.938536 0.300432 0.169975 -0.237599 0.242987 0.22527 0.94351 0.38022 
1535121341005 0.245299 0.92674 -0.284572 -0.614784 -0.938525 0.30056 0.169807 -0.237261 0.242898 0.225425 0.943496 0.380429 
1535121341763 0.245459 0.92662 -0.284827 -0.613693 -0.938631 0.300622 0.169111 -0.236876 0.242327 0.225837 0.943544 0.38076 
1535121342021 0.245612 0.926555 -0.284904 -0.613328 -0.938553 0.300818 0.169194 -0.236715 0.242472 0.225841 0.943506 0.380854 
1535121342313 0.245672 0.926754 -0.284203 -0.612679 -0.938575 0.300712 0.169262 -0.23638 0.242328 0.225163 0.943705 0.381093 
1535121342345 0.245672 0.926754 -0.284203 -0.612679 -0.938575 0.300712 0.169262 -0.23638 0.242328 0.225163 0.943705 0.381093 
1535121342506 0.245672 0.926754 -0.284203 -0.612679 -0.938575 0.300712 0.169262 -0.23638 0.242328 0.225163 0.943705 0.381093 
1535121342553 0.24604 0.926722 -0.283989 -0.611743 -0.938419 0.30108 0.169473 -0.235998 0.242557 0.224803 0.943732 0.38132 
1535121342753 0.246455 0.926662 -0.283827 -0.61107 -0.938316 0.301441 0.169402 -0.235891 0.242535 0.224569 0.943793 0.381474 
1535121343091 0.246601 0.926748 -0.283418 -0.610645 -0.938237 0.301542 0.169657 -0.235571 0.242692 0.224076 0.94387 0.381574 
1535121343385 0.247098 0.926873 -0.282577 -0.609615 -0.938102 0.301867 0.169825 -0.23504 0.242706 0.223122 0.944092 0.381809 
1535121343753 0.2474 0.92687 -0.28232 -0.608962 -0.938015 0.302115 0.169865 -0.234797 0.242736 0.222796 0.944162 0.38189 
1535121343798 0.2474 0.92687 -0.28232 -0.608962 -0.938015 0.302115 0.169865 -0.234797 0.242736 0.222796 0.944162 0.38189 
1535121344145 0.247684 0.927002 -0.281638 -0.607744 -0.937642 0.302533 0.171177 -0.234274 0.243886 0.221678 0.944128 0.382192 
1535121344645 0.24818 0.927054 -0.28103 -0.606642 -0.93719 0.303184 0.172493 -0.233759 0.245114 0.220569 0.94407 0.382408 
1535121345053 0.248577 0.926938 -0.28106 -0.605913 -0.936831 0.303797 0.173365 -0.233524 0.246084 0.220211 0.943901 0.38245 
1535121345094 0.248577 0.926938 -0.28106 -0.605913 -0.936831 0.303797 0.173365 -0.233524 0.246084 0.220211 0.943901 0.38245 
1535121345333 0.248683 0.926949 -0.280932 -0.605642 -0.936738 0.303932 0.173629 -0.233446 0.24633 0.219981 0.943891 0.382527 
1535121345535 0.248432 0.927136 -0.280537 -0.605286 -0.936983 0.303459 0.173135 -0.233214 0.245651 0.219846 0.944099 0.382642 
1535121345753 0.248457 0.92727 -0.280072 -0.604694 -0.937038 0.30334 0.173044 -0.232951 0.245416 0.219444 0.944254 0.382798 
1535121345976 0.248555 0.927344 -0.279738 -0.604082 -0.937094 0.303298 0.172813 -0.232764 0.245101 0.219188 0.944395 0.382932 
1535121346108 0.248555 0.927344 -0.279738 -0.604082 -0.937094 0.303298 0.172813 -0.232764 0.245101 0.219188 0.944395 0.382932 
1535121346182 0.248503 0.927438 -0.279473 -0.603513 -0.937163 0.30315 0.172701 -0.232498 0.244891 0.218995 0.944494 0.383019 
1535121346199 0.248588 0.927447 -0.279366 -0.603328 -0.937187 0.30317 0.172534 -0.232452 0.244712 0.218929 0.944556 0.383069 
1535121346416 0.248494 0.927486 -0.279322 -0.603267 -0.93722 0.303064 0.172542 -0.232419 0.244683 0.21891 0.944568 0.383084 
1535121346447 0.248494 0.927486 -0.279322 -0.603267 -0.93722 0.303064 0.172542 -0.232419 0.244683 0.21891 0.944568 0.383084 
1535121346580 0.249071 0.927681 -0.278158 -0.602667 -0.937154 0.303321 0.172447 -0.232123 0.244347 0.217725 0.944929 0.383141 
1535121346628 0.249071 0.927681 -0.278158 -0.602667 -0.937154 0.303321 0.172447 -0.232123 0.244347 0.217725 0.944929 0.383141 
1535121346722 0.249297 0.927893 -0.277247 -0.602092 -0.937199 0.303275 0.172285 -0.231794 0.243944 0.216886 0.945226 0.383186 
1535121347009 0.249667 0.927921 -0.27682 -0.60181 -0.937127 0.303525 0.172235 -0.231743 0.243842 0.216414 0.94536 0.383195 
1535121347480 0.252173 0.929042 -0.270722 -0.601417 -0.937716 0.303689 0.168708 -0.231111 0.238952 0.211317 0.947759 0.382693 
1535121347778 0.25265 0.929155 -0.269885 -0.601332 -0.937757 0.303844 0.168196 -0.231033 0.238283 0.210592 0.948089 0.382618 
1535121347815 0.25265 0.929155 -0.269885 -0.601332 -0.937757 0.303844 0.168196 -0.231033 0.238283 0.210592 0.948089 0.382618 
1535121348144 0.252855 0.929323 -0.269115 -0.60123 -0.937871 0.303752 0.167729 -0.230966 0.237619 0.209984 0.94839 0.382602 
1535121348452 0.253557 0.92972 -0.267077 -0.601392 -0.937946 0.303825 0.167177 -0.23093 0.236572 0.208115 0.949064 0.382347 
1535121348852 0.254192 0.930074 -0.265233 -0.601376 -0.938031 0.303877 0.166603 -0.23087 0.235551 0.206448 0.949681 0.382213 
1535121349160 0.255107 0.930594 -0.262515 -0.601376 -0.938201 0.303905 0.165591 -0.230827 0.233877 0.204049 0.950613 0.381987 
1535121349210 0.255107 0.930594 -0.262515 -0.601376 -0.938201 0.303905 0.165591 -0.230827 0.233877 0.204049 0.950613 0.381987 
1535121349397 0.255356 0.93068 -0.261969 -0.601461 -0.938243 0.303951 0.165269 -0.230756 0.233438 0.203588 0.95082 0.381872 
1535121349423 0.255356 0.93068 -0.261969 -0.601461 -0.938243 0.303951 0.165269 -0.230756 0.233438 0.203588 0.95082 0.381872 
1535121349657 0.255356 0.93068 -0.261969 -0.601461 -0.938243 0.303951 0.165269 -0.230756 0.233438 0.203588 0.95082 0.381872 
1535121349714 0.255356 0.93068 -0.261969 -0.601461 -0.938243 0.303951 0.165269 -0.230756 0.233438 0.203588 0.95082 0.381872 
1535121349845 0.255356 0.93068 -0.261969 -0.601461 -0.938243 0.303951 0.165269 -0.230756 0.233438 0.203588 0.95082 0.381872 
1535121349972 0.255356 0.93068 -0.261969 -0.601461 -0.938243 0.303951 0.165269 -0.230756 0.233438 0.203588 0.95082 0.381872 
1535121350038 0.255356 0.93068 -0.261969 -0.601461 -0.938243 0.303951 0.165269 -0.230756 0.233438 0.203588 0.95082 0.381872 
