1535113424069 0.241503 0.925205 -0.292699 -0.629741 -0.939083 0.298834 0.169768 -0.250872 0.244539 0.233869 0.941013 0.37975 
1535113429027 0.241503 0.925205 -0.292699 -0.629741 -0.939083 0.298834 0.169768 -0.250872 0.244539 0.23387 0.941013 0.37975 
1535113429267 0.241503 0.925205 -0.292699 -0.629741 -0.939083 0.298834 0.169768 -0.250872 0.244539 0.23387 0.941013 0.37975 
1535113429533 0.242239 0.925263 -0.291904 -0.630646 -0.938917 0.299366 0.169749 -0.251029 0.244449 0.232954 0.941264 0.379283 
1535113429877 0.244009 0.925432 -0.289889 -0.632882 -0.938552 0.300595 0.169597 -0.251308 0.24409 0.230693 0.941913 0.378001 
1535113430258 0.245836 0.925726 -0.287397 -0.635093 -0.938138 0.301819 0.169709 -0.251531 0.243846 0.227898 0.942657 0.376896 
1535113430624 0.247424 0.92603 -0.285045 -0.637327 -0.937854 0.30278 0.169571 -0.251774 0.243334 0.225374 0.943396 0.375648 
1535113430893 0.247424 0.92603 -0.285045 -0.637327 -0.937854 0.30278 0.169571 -0.251774 0.243334 0.225374 0.943396 0.375648 
