1534173085705 0.428216 0.88435 0.185895 -0.520844 -0.903519 0.422831 0.0697739 -0.177803 -0.0168976 -0.197838 0.980089 0.282923 
1534173094005 0.42822 0.884348 0.185894 -0.520844 -0.903516 0.422835 0.0697734 -0.177803 -0.0168987 -0.197837 0.980089 0.282922 
1534173095371 0.413201 0.901109 0.131405 -0.529691 -0.910542 0.406724 0.0740799 -0.181059 0.0133084 -0.15026 0.988557 0.293571 
1534173096358 0.397756 0.914227 0.0773281 -0.538177 -0.916501 0.391998 0.0797726 -0.184223 0.0426178 -0.102601 0.993809 0.30354 
1534173097360 0.380089 0.924676 0.0225023 -0.54678 -0.922229 0.376994 0.0858497 -0.187522 0.0709 -0.0533829 0.996054 0.313796 
1534173098692 0.339215 0.936677 -0.0870075 -0.563974 -0.932526 0.346996 0.099949 -0.193995 0.123811 0.0472325 0.991181 0.334101 
1534173099590 0.316651 0.938039 -0.140766 -0.572607 -0.936855 0.33251 0.108347 -0.197371 0.14844 0.0975698 0.984096 0.344605 
1534173100494 0.292534 0.936345 -0.19412 -0.581244 -0.940637 0.318303 0.117831 -0.200714 0.17212 0.148127 0.973875 0.354994 
1534173101396 0.266961 0.931606 -0.24666 -0.589864 -0.943927 0.304363 0.127927 -0.204034 0.194251 0.198678 0.960621 0.365422 
1534173102282 0.240443 0.923758 -0.298091 -0.598629 -0.946527 0.291193 0.138903 -0.207448 0.215115 0.248753 0.944377 0.375759 
1534173102306 0.240055 0.923752 -0.298423 -0.598713 -0.946608 0.290893 0.13898 -0.207522 0.215192 0.249127 0.944261 0.375926 
1534173102604 0.238104 0.922966 -0.302391 -0.59936 -0.94677 0.290017 0.139705 -0.20768 0.216641 0.25303 0.94289 0.376626 
1534173103031 0.232438 0.920935 -0.312813 -0.601085 -0.947235 0.287334 0.142075 -0.208293 0.220723 0.263283 0.939129 0.378675 
1534173103334 0.229699 0.919921 -0.31778 -0.601936 -0.94743 0.286074 0.143312 -0.20864 0.222745 0.268156 0.937271 0.379833 
1534173103628 0.226917 0.918793 -0.322999 -0.602824 -0.947608 0.284853 0.144559 -0.208999 0.224827 0.273273 0.935294 0.380886 
1534173103929 0.223922 0.917716 -0.32811 -0.603691 -0.947857 0.283398 0.145783 -0.209338 0.226773 0.278357 0.933323 0.381988 
1534173104241 0.22103 0.916564 -0.33325 -0.604553 -0.948056 0.282084 0.147035 -0.209654 0.228771 0.28344 0.931303 0.383048 
1534173104560 0.218163 0.915358 -0.338414 -0.605428 -0.948283 0.280762 0.148096 -0.210022 0.230575 0.288603 0.92927 0.384121 
1534173104872 0.215232 0.914214 -0.343348 -0.606278 -0.948512 0.279366 0.149265 -0.210396 0.23238 0.293543 0.927271 0.385255 
1534173104893 0.215072 0.914124 -0.343689 -0.606333 -0.948526 0.2793 0.1493 -0.210418 0.232471 0.293888 0.927139 0.385315 
1534173104912 0.214941 0.914079 -0.343889 -0.60637 -0.948565 0.279198 0.149243 -0.210452 0.232433 0.294123 0.927074 0.385382 
1534173104928 0.214863 0.914047 -0.344022 -0.606395 -0.948589 0.279137 0.1492 -0.210475 0.232405 0.294278 0.927032 0.385426 
1534173105080 0.214718 0.913785 -0.344809 -0.606471 -0.948701 0.279029 0.148691 -0.210484 0.232083 0.295194 0.926821 0.385356 
1534173105104 0.21466 0.913664 -0.345164 -0.606492 -0.94877 0.278962 0.148379 -0.21046 0.231856 0.29563 0.926739 0.385334 
1534173105222 0.214558 0.913514 -0.345626 -0.606509 -0.948857 0.278859 0.148012 -0.210401 0.231592 0.296193 0.926625 0.385331 
1534173105343 0.214376 0.913155 -0.346686 -0.606644 -0.949014 0.278711 0.147282 -0.210508 0.231116 0.297436 0.926346 0.385405 
1534173105400 0.214155 0.913015 -0.347191 -0.606687 -0.949113 0.278522 0.147001 -0.21049 0.230914 0.298043 0.926201 0.385474 
1534173105421 0.214077 0.912956 -0.347393 -0.606705 -0.949153 0.278453 0.146876 -0.210488 0.230824 0.298286 0.926146 0.385491 
1534173105439 0.214005 0.912901 -0.347583 -0.606723 -0.949184 0.278397 0.146782 -0.210484 0.230763 0.298508 0.926089 0.385493 
1534173105604 0.213715 0.913011 -0.347473 -0.606732 -0.949262 0.278091 0.146857 -0.210533 0.230711 0.298457 0.926119 0.385493 
1534173105624 0.213757 0.913171 -0.347024 -0.606689 -0.949264 0.278044 0.146935 -0.210559 0.230665 0.298009 0.926274 0.385502 
1534173105720 0.21388 0.91331 -0.346582 -0.60668 -0.949265 0.278051 0.146913 -0.210687 0.230545 0.297577 0.926443 0.385482 
1534173105768 0.213482 0.913474 -0.346398 -0.606661 -0.949399 0.27759 0.146919 -0.210693 0.230363 0.297505 0.926511 0.385479 
1534173105817 0.213214 0.913674 -0.346034 -0.60663 -0.949527 0.277194 0.146842 -0.210742 0.230084 0.29726 0.926659 0.385482 
1534173105886 0.213062 0.913818 -0.345748 -0.60663 -0.949593 0.276964 0.146846 -0.210836 0.22995 0.297033 0.926766 0.385466 
1534173105982 0.212621 0.914113 -0.34524 -0.606619 -0.949768 0.276371 0.146835 -0.210971 0.229638 0.296678 0.926957 0.385436 
1534173106002 0.212624 0.914147 -0.345147 -0.606615 -0.949777 0.276346 0.146822 -0.210994 0.229597 0.296595 0.926993 0.385434 
1534173106019 0.212612 0.914184 -0.345055 -0.606614 -0.949792 0.276304 0.146806 -0.211021 0.229548 0.296518 0.92703 0.385431 
1534173106036 0.212535 0.914223 -0.345 -0.606617 -0.94982 0.276209 0.1468 -0.211047 0.2295 0.296487 0.927052 0.385426 
1534173106173 0.212035 0.914398 -0.344844 -0.606571 -0.949979 0.275655 0.146817 -0.211104 0.229307 0.296464 0.927107 0.38541 
1534173106228 0.211549 0.914248 -0.345539 -0.606505 -0.950033 0.27538 0.146978 -0.211309 0.229529 0.297181 0.926823 0.385473 
1534173106328 0.211134 0.914261 -0.34576 -0.606333 -0.950156 0.274987 0.146922 -0.211574 0.229404 0.297505 0.926749 0.385631 
1534173106380 0.210657 0.914342 -0.345836 -0.606266 -0.950273 0.274537 0.147004 -0.211697 0.229356 0.297671 0.926708 0.385699 
1534173106484 0.210081 0.914372 -0.346108 -0.606221 -0.950404 0.274037 0.147093 -0.21178 0.229344 0.29804 0.926592 0.385666 
1534173106521 0.20951 0.914467 -0.346203 -0.606189 -0.950569 0.273467 0.147088 -0.211849 0.229182 0.298273 0.926558 0.385658 
1534173106630 0.209128 0.914485 -0.346386 -0.606097 -0.950648 0.273145 0.147177 -0.21204 0.229204 0.298512 0.926475 0.385713 
1534173106647 0.208965 0.914507 -0.346426 -0.606081 -0.95069 0.272991 0.147191 -0.212076 0.229178 0.298586 0.926458 0.385721 
1534173106664 0.208803 0.914528 -0.346467 -0.606057 -0.950732 0.272836 0.147202 -0.212124 0.22915 0.298661 0.92644 0.385733 
1534173106727 0.208541 0.914547 -0.346577 -0.606002 -0.950792 0.272605 0.147243 -0.212254 0.229139 0.298816 0.926393 0.385775 
1534173106849 0.20797 0.914396 -0.347315 -0.605865 -0.950801 0.272342 0.147676 -0.212439 0.229623 0.299515 0.926048 0.385754 
1534173106921 0.207486 0.914241 -0.348014 -0.60566 -0.950832 0.272099 0.147925 -0.212741 0.229933 0.30021 0.925746 0.385715 
1534173107023 0.206622 0.914169 -0.348716 -0.605594 -0.950958 0.271485 0.148242 -0.212867 0.23019 0.300984 0.92543 0.385692 
1534173107094 0.206429 0.914013 -0.349238 -0.605395 -0.950962 0.271438 0.148299 -0.213304 0.230344 0.301499 0.925224 0.38571 
1534173107205 0.205337 0.91401 -0.34989 -0.605303 -0.951133 0.270607 0.148719 -0.213329 0.230613 0.302255 0.924911 0.38572 
1534173107260 0.204856 0.913996 -0.350207 -0.60513 -0.951197 0.270262 0.14894 -0.213564 0.230778 0.302605 0.924755 0.385783 
1534173107378 0.204452 0.913813 -0.350922 -0.604997 -0.951222 0.270082 0.149106 -0.21393 0.231032 0.303319 0.924457 0.38578 
1534173107404 0.204015 0.913815 -0.351171 -0.604942 -0.951318 0.26971 0.149164 -0.213992 0.231022 0.303644 0.924353 0.38577 
1534173107418 0.203793 0.913805 -0.351325 -0.604918 -0.951359 0.269537 0.149219 -0.214022 0.231052 0.303826 0.924286 0.385771 
1534173107536 0.203897 0.913737 -0.351442 -0.604748 -0.951265 0.269748 0.149438 -0.214229 0.231348 0.303844 0.924206 0.385841 
1534173107628 0.203942 0.913892 -0.351012 -0.604458 -0.951222 0.269763 0.149682 -0.214044 0.231483 0.303364 0.92433 0.385741 
1534173107721 0.203956 0.913846 -0.351124 -0.604156 -0.951223 0.26979 0.14963 -0.214271 0.231468 0.303479 0.924296 0.385653 
1534173107816 0.203501 0.913886 -0.351284 -0.60389 -0.951268 0.269459 0.149937 -0.214277 0.231682 0.303653 0.924185 0.385588 
1534173107904 0.203168 0.913879 -0.351493 -0.603595 -0.951272 0.269269 0.15025 -0.214334 0.231957 0.30384 0.924055 0.385553 
1534173108006 0.203085 0.913806 -0.351732 -0.603309 -0.951239 0.269298 0.150411 -0.214578 0.232167 0.304035 0.923938 0.385479 
1534173108088 0.202601 0.913948 -0.351641 -0.603007 -0.951303 0.268882 0.150749 -0.214517 0.232327 0.303975 0.923917 0.385462 
1534173108191 0.202593 0.913883 -0.351814 -0.602729 -0.951245 0.268981 0.150936 -0.214718 0.232569 0.304083 0.923821 0.385408 
1534173108212 0.202539 0.913889 -0.351831 -0.60266 -0.951249 0.268944 0.150981 -0.214739 0.232603 0.304099 0.923807 0.385408 
1534173108229 0.202506 0.913893 -0.351839 -0.602598 -0.95125 0.268922 0.151014 -0.214763 0.232628 0.304105 0.923799 0.38541 
1534173108250 0.202439 0.913901 -0.351857 -0.602515 -0.951258 0.26887 0.151052 -0.214805 0.232651 0.304128 0.923786 0.385411 
1534173108441 0.201264 0.914339 -0.351392 -0.601984 -0.951205 0.268089 0.152766 -0.214825 0.233884 0.303499 0.923681 0.385305 
1534173108613 0.200283 0.914636 -0.35118 -0.601447 -0.951107 0.267532 0.154346 -0.214964 0.235123 0.303096 0.923499 0.385273 
1534173108668 0.199785 0.914796 -0.351047 -0.601171 -0.9511 0.267187 0.154982 -0.214986 0.235572 0.302918 0.923443 0.385228 
1534173108827 0.198942 0.915073 -0.350803 -0.600618 -0.951039 0.266664 0.156256 -0.215142 0.236532 0.302541 0.923321 0.385168 
1534173108850 0.198666 0.915145 -0.350771 -0.600487 -0.951028 0.266488 0.156622 -0.215146 0.236809 0.302478 0.923271 0.385142 
1534173108866 0.198539 0.915172 -0.350775 -0.600412 -0.951007 0.26643 0.156844 -0.215168 0.236996 0.30245 0.923232 0.385115 
1534173108883 0.198508 0.915161 -0.350821 -0.600334 -0.950956 0.266483 0.157066 -0.215257 0.237229 0.302436 0.923176 0.385076 
1534173109071 0.197908 0.915247 -0.350935 -0.600008 -0.951101 0.265916 0.157148 -0.215167 0.237148 0.302673 0.923119 0.385246 
1534173109116 0.197538 0.915247 -0.351143 -0.599772 -0.95116 0.265629 0.157275 -0.215205 0.237219 0.302926 0.923018 0.385248 
1534173109245 0.197232 0.915186 -0.351475 -0.599501 -0.951175 0.265463 0.157466 -0.215393 0.237414 0.303257 0.92286 0.385133 
1534173109282 0.196789 0.9153 -0.351425 -0.599315 -0.951247 0.265065 0.157699 -0.215301 0.237493 0.303259 0.922839 0.385155 
1534173109404 0.196389 0.91532 -0.351598 -0.599067 -0.951227 0.264853 0.15818 -0.215384 0.237907 0.303384 0.922691 0.385181 
1534173109453 0.196046 0.915384 -0.351623 -0.598826 -0.95127 0.264572 0.158387 -0.215418 0.238014 0.303437 0.922646 0.385218 
1534173109476 0.195964 0.915379 -0.351679 -0.598733 -0.951271 0.264526 0.158459 -0.215467 0.238078 0.30349 0.922612 0.385224 
1534173109496 0.195969 0.915358 -0.351733 -0.598704 -0.951257 0.264556 0.158491 -0.215518 0.238129 0.30353 0.922586 0.385229 
1534173109511 0.195989 0.91534 -0.351768 -0.598696 -0.951246 0.26459 0.158504 -0.215554 0.23816 0.303553 0.92257 0.385235 
1534173109526 0.195971 0.915331 -0.3518 -0.598683 -0.951242 0.26459 0.15853 -0.21558 0.238191 0.30358 0.922553 0.38524 
1534173109574 0.195761 0.915383 -0.351785 -0.598583 -0.951275 0.264403 0.158642 -0.215563 0.238231 0.303588 0.92254 0.385275 
1534173109648 0.195608 0.915447 -0.351703 -0.59847 -0.951354 0.264186 0.158529 -0.215491 0.238039 0.303585 0.922591 0.385211 
1534173109728 0.195254 0.915689 -0.351268 -0.598207 -0.951516 0.263667 0.158423 -0.215368 0.237684 0.303305 0.922774 0.385197 
1534173109780 0.195266 0.915706 -0.351217 -0.598053 -0.951542 0.263632 0.158323 -0.21544 0.23757 0.303283 0.922811 0.385174 
1534173109837 0.195278 0.915701 -0.351224 -0.597884 -0.951563 0.263615 0.158228 -0.215528 0.237477 0.303313 0.922825 0.385133 
1534173109858 0.195249 0.915705 -0.351228 -0.597805 -0.951573 0.263584 0.158219 -0.215552 0.23746 0.303327 0.922825 0.385116 
1534173109876 0.195243 0.915704 -0.351235 -0.597743 -0.951578 0.263574 0.158204 -0.215579 0.237445 0.303339 0.922825 0.385101 
1534173109891 0.195234 0.915703 -0.351244 -0.597686 -0.951583 0.263563 0.158192 -0.215602 0.237432 0.303353 0.922823 0.385086 
1534173109908 0.195208 0.915708 -0.351245 -0.597649 -0.951591 0.263535 0.158188 -0.21561 0.23742 0.303362 0.922824 0.385077 
1534173109924 0.195139 0.915726 -0.351236 -0.597619 -0.951609 0.263465 0.158201 -0.215591 0.237407 0.303368 0.922825 0.385069 
1534173109941 0.195058 0.915747 -0.351226 -0.597606 -0.951627 0.263385 0.158221 -0.215558 0.237398 0.303374 0.922825 0.385062 
1534173110077 0.194626 0.915881 -0.351116 -0.597466 -0.951709 0.262972 0.158419 -0.215488 0.237426 0.303327 0.922833 0.384954 
1534173110097 0.194429 0.915962 -0.351015 -0.597353 -0.951761 0.262755 0.158465 -0.215456 0.237379 0.303272 0.922864 0.384953 
1534173110118 0.194246 0.916031 -0.350936 -0.597239 -0.951814 0.262551 0.158485 -0.215436 0.237315 0.30324 0.92289 0.384937 
1534173110215 0.194345 0.915992 -0.350982 -0.597025 -0.951813 0.262626 0.158365 -0.215668 0.237238 0.303292 0.922893 0.384793 
1534173110235 0.194221 0.916033 -0.350943 -0.596968 -0.951844 0.262497 0.158396 -0.215642 0.237217 0.303279 0.922903 0.384779 
1534173110252 0.194081 0.916082 -0.350893 -0.596907 -0.95188 0.262347 0.158424 -0.215609 0.237185 0.303261 0.922917 0.384771 
1534173110269 0.193972 0.916122 -0.35085 -0.59685 -0.951909 0.26223 0.158446 -0.215586 0.237159 0.303243 0.92293 0.384764 
1534173110286 0.193861 0.916161 -0.350808 -0.596779 -0.951939 0.26211 0.158465 -0.215571 0.23713 0.303227 0.922942 0.38475 
1534173110301 0.193804 0.916182 -0.350785 -0.596737 -0.951954 0.262047 0.158476 -0.215566 0.237115 0.303218 0.922949 0.384742 
1534173110318 0.193762 0.916196 -0.350772 -0.596708 -0.951966 0.262002 0.158479 -0.215565 0.237101 0.303216 0.922954 0.384725 
1534173110336 0.1938 0.916177 -0.350802 -0.596722 -0.95196 0.262041 0.158454 -0.215585 0.237096 0.303241 0.922947 0.384699 
1534173110446 0.193761 0.916254 -0.350622 -0.596646 -0.951933 0.262018 0.158653 -0.215539 0.237236 0.303028 0.922981 0.384529 
1534173110460 0.19364 0.916332 -0.350484 -0.596548 -0.951951 0.261889 0.158758 -0.215493 0.237263 0.302901 0.923015 0.384523 
1534173110477 0.193543 0.916405 -0.350346 -0.596445 -0.951955 0.261794 0.158887 -0.215459 0.237323 0.302763 0.923045 0.384513 
1534173110499 0.193463 0.916463 -0.350239 -0.596351 -0.951957 0.261719 0.158998 -0.215435 0.23738 0.302652 0.923067 0.384496 
1534173110515 0.193467 0.916475 -0.350207 -0.596302 -0.951943 0.261734 0.159057 -0.215447 0.237432 0.302605 0.923069 0.384465 
1534173110533 0.193509 0.916461 -0.350218 -0.596275 -0.951921 0.261793 0.159095 -0.215475 0.237489 0.302594 0.923058 0.38443 
1534173110549 0.193566 0.916439 -0.350246 -0.596248 -0.951898 0.261866 0.159114 -0.215515 0.237535 0.302599 0.923044 0.384393 
1534173110566 0.193613 0.916423 -0.35026 -0.596218 -0.951879 0.261924 0.159129 -0.215551 0.237571 0.302596 0.923036 0.384367 
1534173110588 0.193678 0.916405 -0.350272 -0.596167 -0.951858 0.261997 0.159137 -0.215605 0.237604 0.302587 0.92303 0.384338 
1534173110646 0.193418 0.916475 -0.350232 -0.596119 -0.951999 0.261635 0.158889 -0.215529 0.237251 0.302689 0.923088 0.384347 
1534173110690 0.193179 0.916554 -0.350158 -0.596082 -0.952202 0.261201 0.158383 -0.21547 0.236628 0.302825 0.923203 0.384436 
1534173110719 0.193032 0.916585 -0.350159 -0.596038 -0.952285 0.260996 0.158225 -0.215392 0.236417 0.302908 0.92323 0.384475 
1534173110748 0.19302 0.916599 -0.350128 -0.595968 -0.95231 0.26095 0.158148 -0.215327 0.236325 0.302905 0.923255 0.384483 
1534173110765 0.193023 0.916594 -0.35014 -0.595922 -0.952322 0.26094 0.158095 -0.215322 0.236275 0.30293 0.923259 0.384468 
1534173110782 0.193037 0.916586 -0.350151 -0.595875 -0.952332 0.260937 0.158034 -0.215328 0.23622 0.302954 0.923265 0.384451 
1534173110799 0.193078 0.916573 -0.350165 -0.595843 -0.952336 0.260963 0.157973 -0.215348 0.236174 0.302973 0.923271 0.384438 
1534173110815 0.19313 0.916551 -0.350194 -0.595801 -0.952344 0.260993 0.157875 -0.215395 0.236099 0.303014 0.923277 0.384419 
1534173110832 0.193162 0.916537 -0.350213 -0.595766 -0.952351 0.261008 0.157805 -0.215433 0.236042 0.303044 0.923281 0.38441 
1534173110892 0.193194 0.916519 -0.350242 -0.595676 -0.952353 0.261032 0.157752 -0.215519 0.236007 0.303077 0.92328 0.384425 
1534173110924 0.192963 0.916559 -0.350264 -0.595677 -0.952308 0.260938 0.158181 -0.215453 0.23638 0.303037 0.923197 0.384449 
1534173110949 0.192552 0.916651 -0.350251 -0.595669 -0.952267 0.260711 0.158801 -0.215375 0.236879 0.302955 0.923096 0.384474 
1534173110998 0.192261 0.916697 -0.35029 -0.595603 -0.952143 0.260679 0.159593 -0.215386 0.237612 0.302842 0.922945 0.384531 
1534173111027 0.192249 0.916649 -0.350422 -0.595542 -0.952109 0.260738 0.159702 -0.215476 0.237759 0.302937 0.922876 0.384496 
1534173111047 0.19223 0.91661 -0.350533 -0.595499 -0.952093 0.260765 0.159753 -0.215536 0.237838 0.303031 0.922825 0.384458 
1534173111064 0.192162 0.916593 -0.350616 -0.595458 -0.952089 0.260737 0.159818 -0.215568 0.237907 0.303106 0.922782 0.384435 
1534173111081 0.192076 0.916586 -0.350679 -0.595408 -0.95209 0.260689 0.15989 -0.215595 0.237972 0.303167 0.922745 0.384419 
1534173111097 0.192002 0.916579 -0.35074 -0.595356 -0.95209 0.260651 0.159958 -0.21563 0.238035 0.303224 0.922711 0.384405 
1534173111115 0.191948 0.91657 -0.350793 -0.595312 -0.952088 0.260625 0.160008 -0.215665 0.238083 0.303273 0.922682 0.384395 
1534173111131 0.191904 0.916566 -0.350828 -0.595282 -0.952085 0.260606 0.160059 -0.215673 0.238132 0.303302 0.92266 0.384389 
1534173111147 0.191911 0.91656 -0.350838 -0.595272 -0.952075 0.260625 0.160088 -0.215675 0.238168 0.303301 0.922651 0.384395 
1534173111232 0.192013 0.916594 -0.350694 -0.595294 -0.952099 0.260637 0.159921 -0.215555 0.237987 0.303189 0.922734 0.384489 
1534173111255 0.191871 0.916638 -0.350657 -0.595259 -0.952171 0.260443 0.159809 -0.215476 0.237814 0.303223 0.922768 0.384521 
1534173111274 0.191677 0.916703 -0.350594 -0.595207 -0.952257 0.260192 0.15971 -0.215416 0.237628 0.303242 0.922809 0.384556 
1534173111296 0.191525 0.916718 -0.350637 -0.595155 -0.952317 0.260019 0.159631 -0.215386 0.237509 0.303344 0.922807 0.384575 
1534173111311 0.19147 0.916707 -0.350696 -0.595125 -0.952339 0.259965 0.15959 -0.215386 0.237466 0.303425 0.922791 0.384575 
1534173111328 0.191448 0.916686 -0.350763 -0.595078 -0.952348 0.259951 0.15956 -0.215408 0.237448 0.303501 0.922771 0.38457 
1534173111344 0.191479 0.916657 -0.350821 -0.595047 -0.952341 0.25999 0.159535 -0.215447 0.237449 0.303554 0.922753 0.384567 
1534173111361 0.191518 0.916628 -0.350875 -0.595012 -0.952332 0.260037 0.159512 -0.21549 0.237454 0.3036 0.922737 0.384569 
1534173111378 0.191556 0.916614 -0.350891 -0.594971 -0.952327 0.260072 0.159484 -0.215531 0.237443 0.303613 0.922735 0.384573 
1534173111431 0.191587 0.916658 -0.350761 -0.594893 -0.952347 0.260045 0.159412 -0.215566 0.23734 0.303505 0.922797 0.384583 
1534173111507 0.191584 0.916941 -0.350022 -0.594742 -0.95242 0.259821 0.159339 -0.215516 0.237047 0.302841 0.92309 0.384538 
1534173111531 0.19145 0.916981 -0.349989 -0.594627 -0.95246 0.259674 0.159343 -0.2155 0.236997 0.302844 0.923102 0.384479 
1534173111555 0.191354 0.917012 -0.349962 -0.594522 -0.952505 0.259547 0.15928 -0.21553 0.236893 0.302862 0.923123 0.384428 
1534173111572 0.191332 0.917027 -0.349933 -0.594449 -0.952531 0.259493 0.159211 -0.215557 0.236806 0.30286 0.923146 0.384392 
1534173111589 0.19131 0.917039 -0.349914 -0.594387 -0.952555 0.259444 0.159145 -0.215576 0.236725 0.302866 0.923165 0.384357 
1534173111711 0.19094 0.917204 -0.349683 -0.59424 -0.952593 0.259105 0.15947 -0.21566 0.236871 0.302656 0.923196 0.384353 
1534173111767 0.190442 0.917462 -0.349279 -0.594104 -0.952589 0.258702 0.160148 -0.215662 0.237289 0.30222 0.923232 0.384275 
1534173111814 0.190474 0.917477 -0.349222 -0.593984 -0.952483 0.258849 0.160542 -0.215791 0.23769 0.302049 0.923185 0.384232 
1534173111918 0.190344 0.917646 -0.348848 -0.593614 -0.952424 0.25877 0.161019 -0.216069 0.23803 0.301602 0.923243 0.384224 
1534173111954 0.190023 0.917809 -0.348595 -0.593475 -0.952476 0.258441 0.161237 -0.216097 0.238076 0.301389 0.923301 0.384196 
1534173111975 0.189863 0.917897 -0.348449 -0.5934 -0.952503 0.258272 0.16135 -0.216116 0.238097 0.301264 0.923336 0.384177 
1534173111992 0.189781 0.917962 -0.348324 -0.593342 -0.952511 0.258184 0.161442 -0.216131 0.238129 0.301143 0.923367 0.384161 
1534173112008 0.189715 0.918007 -0.348241 -0.593297 -0.952509 0.258127 0.161546 -0.216138 0.238191 0.301055 0.92338 0.384146 
1534173112025 0.189614 0.918034 -0.348223 -0.593259 -0.952508 0.258056 0.161663 -0.216137 0.238273 0.301032 0.923366 0.384125 
1534173112119 0.189513 0.918038 -0.348268 -0.593087 -0.952503 0.258001 0.16178 -0.216291 0.238374 0.301067 0.923329 0.384074 
1534173112171 0.189593 0.918031 -0.348243 -0.592917 -0.952477 0.258084 0.161802 -0.216372 0.238415 0.301017 0.923335 0.384082 
1534173112212 0.189523 0.918068 -0.348185 -0.592807 -0.952475 0.258029 0.161902 -0.216302 0.238478 0.300954 0.923339 0.384081 
1534173112282 0.189201 0.918157 -0.348124 -0.592621 -0.95251 0.257754 0.162135 -0.216187 0.238596 0.300915 0.923321 0.384041 
1534173112371 0.188871 0.918197 -0.348199 -0.592329 -0.952509 0.257543 0.162476 -0.21633 0.238861 0.300975 0.923233 0.38393 
1534173112391 0.188831 0.91821 -0.348187 -0.592277 -0.952508 0.257515 0.162526 -0.216358 0.238896 0.30096 0.923229 0.383913 
1534173112409 0.188849 0.918227 -0.348131 -0.592199 -0.952499 0.257528 0.162556 -0.216411 0.238917 0.300896 0.923245 0.383901 
1534173112425 0.188856 0.918234 -0.348107 -0.592141 -0.952494 0.257535 0.162573 -0.216443 0.23893 0.300867 0.92325 0.38389 
1534173112442 0.188829 0.918254 -0.348071 -0.592065 -0.952497 0.257507 0.162605 -0.216469 0.238943 0.300832 0.923258 0.383873 
1534173112584 0.188524 0.918294 -0.348129 -0.591927 -0.952607 0.25717 0.162491 -0.216385 0.238743 0.300997 0.923257 0.383807 
1534173112614 0.188327 0.918269 -0.348304 -0.591868 -0.952667 0.25699 0.162426 -0.216249 0.238661 0.301229 0.923202 0.38382 
1534173112668 0.188182 0.918248 -0.348436 -0.591764 -0.952718 0.256849 0.162346 -0.216175 0.238569 0.301411 0.923166 0.38383 
1534173112753 0.188159 0.91829 -0.348338 -0.591581 -0.952749 0.256777 0.162279 -0.216208 0.238465 0.301344 0.923215 0.383851 
1534173112793 0.187989 0.918376 -0.348204 -0.591423 -0.952803 0.256569 0.162292 -0.216168 0.238383 0.301261 0.923263 0.383892 
1534173112848 0.187937 0.918391 -0.348192 -0.59126 -0.952832 0.256495 0.162237 -0.216188 0.238307 0.301279 0.923277 0.3839 
1534173112861 0.187967 0.918372 -0.348226 -0.591236 -0.952828 0.256527 0.162214 -0.216214 0.238302 0.301309 0.923269 0.383894 
1534173112878 0.188023 0.918332 -0.3483 -0.591187 -0.952816 0.256593 0.162177 -0.216268 0.238304 0.301373 0.923247 0.383877 
1534173112895 0.188034 0.918318 -0.348332 -0.591152 -0.952816 0.256606 0.162156 -0.216292 0.238295 0.301405 0.923239 0.383869 
1534173112911 0.188005 0.918315 -0.348355 -0.59112 -0.952824 0.256581 0.162152 -0.216293 0.238288 0.301435 0.923231 0.383858 
1534173112928 0.187907 0.918334 -0.348358 -0.591081 -0.952846 0.256486 0.162172 -0.216261 0.238277 0.301458 0.923226 0.383851 
1534173112982 0.187633 0.918412 -0.3483 -0.590986 -0.952911 0.256206 0.162232 -0.216154 0.238233 0.301459 0.923238 0.383848 
1534173113019 0.187724 0.918417 -0.348238 -0.591043 -0.952916 0.256251 0.16213 -0.216167 0.238139 0.301406 0.923279 0.383806 
1534173113036 0.187781 0.918472 -0.348063 -0.591054 -0.952936 0.256234 0.16204 -0.21617 0.238015 0.301254 0.923361 0.383798 
1534173113050 0.187848 0.91855 -0.347821 -0.591069 -0.952976 0.256187 0.161881 -0.21617 0.237803 0.301056 0.92348 0.383781 
1534173113067 0.187858 0.918597 -0.347691 -0.591081 -0.953012 0.256125 0.161768 -0.216155 0.237652 0.300964 0.923549 0.383764 
1534173113083 0.187781 0.918666 -0.34755 -0.591088 -0.953069 0.255976 0.161668 -0.216097 0.237483 0.300881 0.923619 0.383732 
1534173113100 0.187704 0.918694 -0.347517 -0.591087 -0.953107 0.255868 0.161611 -0.216055 0.23739 0.300886 0.923642 0.383694 
1534173113121 0.187611 0.918758 -0.347398 -0.591053 -0.953138 0.255745 0.161627 -0.215996 0.237341 0.300795 0.923684 0.383659 
1534173113138 0.18755 0.918814 -0.347283 -0.591014 -0.953167 0.255646 0.16161 -0.21596 0.237271 0.300709 0.92373 0.383637 
1534173113155 0.187503 0.918864 -0.347177 -0.590975 -0.953197 0.255557 0.161573 -0.215937 0.237187 0.300632 0.923776 0.383619 
1534173113171 0.187472 0.918902 -0.347093 -0.590933 -0.953227 0.255483 0.161515 -0.215928 0.237093 0.300579 0.923818 0.383598 
1534173113188 0.187465 0.918922 -0.347044 -0.590901 -0.953245 0.255446 0.161464 -0.215932 0.237023 0.300549 0.923845 0.383583 
1534173113205 0.187519 0.918916 -0.34703 -0.590887 -0.953239 0.255489 0.161434 -0.215964 0.237007 0.30053 0.923856 0.383583 
1534173113221 0.187613 0.918889 -0.34705 -0.590885 -0.953213 0.255589 0.161425 -0.216016 0.237034 0.300527 0.92385 0.383596 
1534173113238 0.187736 0.918842 -0.347108 -0.590895 -0.953159 0.255752 0.161487 -0.216083 0.237155 0.300532 0.923817 0.383628 
1534173113258 0.187785 0.918824 -0.347129 -0.590901 -0.953134 0.255822 0.161529 -0.21611 0.23722 0.300528 0.923802 0.383648 
1534173113275 0.187943 0.918713 -0.347339 -0.59093 -0.953018 0.256114 0.161749 -0.216205 0.237559 0.30062 0.923685 0.383703 
1534173113291 0.187938 0.918616 -0.347599 -0.59096 -0.952953 0.256238 0.161936 -0.216255 0.237825 0.300811 0.923554 0.383708 
1534173113308 0.187804 0.918563 -0.347811 -0.590974 -0.952925 0.256219 0.162129 -0.216274 0.238042 0.300989 0.92344 0.383703 
1534173113325 0.187691 0.91855 -0.347905 -0.590976 -0.952915 0.256171 0.162263 -0.216268 0.23817 0.301069 0.923381 0.383699 
1534173113341 0.187569 0.918568 -0.347923 -0.590969 -0.952932 0.256069 0.162323 -0.216237 0.238197 0.3011 0.923364 0.383681 
1534173113358 0.187461 0.918592 -0.347917 -0.590956 -0.95296 0.255959 0.162335 -0.216198 0.238172 0.30112 0.923364 0.383659 
1534173113375 0.187375 0.918622 -0.347886 -0.590938 -0.953005 0.255837 0.162262 -0.216157 0.23806 0.301133 0.923388 0.383631 
1534173113391 0.187339 0.918679 -0.347754 -0.590904 -0.953067 0.25571 0.162095 -0.216132 0.237837 0.301067 0.923468 0.383601 
1534173113408 0.187298 0.918736 -0.347625 -0.59087 -0.953126 0.255586 0.161949 -0.216108 0.237636 0.300998 0.923542 0.383571 
1534173113437 0.187172 0.918795 -0.347538 -0.590834 -0.953193 0.255398 0.161845 -0.216055 0.237463 0.300978 0.923593 0.383526 
1534173113448 0.187074 0.918817 -0.347533 -0.590815 -0.953223 0.255292 0.161836 -0.216015 0.23742 0.301001 0.923596 0.383507 
1534173113465 0.187009 0.918829 -0.347536 -0.590792 -0.953217 0.255256 0.161931 -0.215986 0.237498 0.300994 0.923579 0.383504 
1534173113482 0.186931 0.918839 -0.34755 -0.590761 -0.953198 0.255229 0.162084 -0.215973 0.237634 0.300986 0.923546 0.383495 
1534173113498 0.186787 0.918822 -0.347672 -0.590744 -0.953184 0.25517 0.162261 -0.21597 0.237805 0.301087 0.923469 0.383476 
1534173113515 0.186682 0.918771 -0.347865 -0.59075 -0.953161 0.25516 0.162409 -0.215981 0.237978 0.301252 0.923371 0.38345 
1534173113537 0.18667 0.918709 -0.348035 -0.59077 -0.953132 0.25522 0.162489 -0.216004 0.238106 0.301391 0.923292 0.383431 
1534173113595 0.186999 0.918531 -0.348328 -0.590821 -0.95309 0.25555 0.162213 -0.21612 0.238013 0.301654 0.923231 0.383463 
1534173113619 0.187191 0.918391 -0.348593 -0.590848 -0.953049 0.25578 0.162093 -0.216151 0.238028 0.301884 0.923152 0.383475 
1534173113637 0.187203 0.918302 -0.348822 -0.590864 -0.95303 0.255854 0.162091 -0.216144 0.238096 0.302094 0.923065 0.383476 
1534173113654 0.187183 0.918228 -0.349027 -0.59087 -0.953019 0.25589 0.162097 -0.216122 0.238155 0.302288 0.922987 0.383481 
1534173113671 0.187122 0.918195 -0.349147 -0.590861 -0.953026 0.25586 0.162103 -0.216086 0.238175 0.302413 0.922941 0.383496 
1534173113687 0.187063 0.918194 -0.34918 -0.590839 -0.953042 0.255806 0.162096 -0.216069 0.238158 0.302461 0.922929 0.383514 
1534173113704 0.187021 0.918186 -0.349224 -0.590815 -0.953043 0.255783 0.162122 -0.216061 0.238184 0.302505 0.922908 0.38353 
1534173113721 0.187002 0.918172 -0.349271 -0.590798 -0.953041 0.255781 0.16214 -0.216062 0.238209 0.302549 0.922887 0.383539 
1534173113737 0.186991 0.918156 -0.349318 -0.590784 -0.953037 0.255787 0.162153 -0.216067 0.238233 0.302592 0.922867 0.383546 
1534173113754 0.186979 0.918135 -0.349381 -0.590774 -0.953029 0.2558 0.162177 -0.216073 0.238272 0.302647 0.922839 0.383548 
1534173113810 0.187209 0.918052 -0.349475 -0.59081 -0.952963 0.256058 0.162162 -0.216174 0.238359 0.302678 0.922806 0.383521 
1534173113824 0.187312 0.918051 -0.349423 -0.590832 -0.952942 0.256145 0.162145 -0.216203 0.238361 0.302608 0.922829 0.383511 
1534173113844 0.187433 0.918082 -0.349276 -0.590855 -0.952898 0.256258 0.162223 -0.216212 0.238439 0.302419 0.92287 0.383499 
1534173113864 0.187544 0.918184 -0.34895 -0.590862 -0.952878 0.256302 0.162274 -0.216199 0.238434 0.302073 0.922985 0.383498 
1534173113882 0.187605 0.918245 -0.348756 -0.590873 -0.952866 0.256324 0.162309 -0.216185 0.238434 0.301868 0.923052 0.383494 
1534173113898 0.187648 0.918284 -0.348631 -0.590883 -0.952858 0.256341 0.162328 -0.216175 0.238431 0.301735 0.923096 0.383486 
1534173113977 0.187581 0.9183 -0.348624 -0.590904 -0.952887 0.256258 0.162291 -0.216126 0.238369 0.301757 0.923105 0.38346 
1534173113990 0.187532 0.91827 -0.348729 -0.590906 -0.952888 0.256241 0.162309 -0.216113 0.238403 0.301862 0.923062 0.38346 
1534173114007 0.187445 0.918167 -0.349046 -0.590928 -0.952911 0.256209 0.162226 -0.216115 0.238379 0.302202 0.922957 0.383453 
1534173114024 0.187411 0.918086 -0.349277 -0.590936 -0.952933 0.256199 0.162115 -0.216133 0.23832 0.302456 0.922889 0.38345 
1534173114040 0.187381 0.918026 -0.349451 -0.590929 -0.952955 0.256181 0.16201 -0.216147 0.238252 0.302654 0.922842 0.383454 
1534173114057 0.187362 0.917992 -0.349553 -0.590916 -0.952977 0.256157 0.161918 -0.216156 0.23818 0.302779 0.922819 0.383463 
1534173114074 0.187382 0.917962 -0.34962 -0.590898 -0.952983 0.256176 0.161857 -0.216158 0.238143 0.302853 0.922804 0.383482 
1534173114090 0.187414 0.917954 -0.349624 -0.590883 -0.952986 0.256195 0.161809 -0.216161 0.238105 0.302862 0.922811 0.383509 
1534173114107 0.187464 0.917948 -0.349613 -0.590869 -0.952988 0.256224 0.161748 -0.216164 0.238056 0.302855 0.922826 0.383536 
1534173114124 0.187616 0.917911 -0.349627 -0.590855 -0.952975 0.256348 0.161633 -0.216172 0.237991 0.302861 0.922841 0.383563 
1534173114140 0.187726 0.917877 -0.349659 -0.590848 -0.952975 0.256429 0.161504 -0.21618 0.237903 0.302898 0.922852 0.38357 
1534173114157 0.18783 0.917839 -0.349703 -0.590844 -0.952975 0.256507 0.161381 -0.216185 0.237823 0.302946 0.922857 0.383573 
1534173114256 0.187764 0.9179 -0.349577 -0.590885 -0.953075 0.256312 0.161096 -0.216142 0.237471 0.302925 0.922954 0.383538 
1534173114270 0.187792 0.917983 -0.349344 -0.590879 -0.953079 0.256285 0.161115 -0.216134 0.237432 0.302696 0.923039 0.383526 
1534173114290 0.18783 0.918094 -0.349032 -0.590873 -0.953089 0.256244 0.161123 -0.216116 0.237364 0.302395 0.923155 0.38349 
1534173114307 0.187858 0.918159 -0.348847 -0.590874 -0.953095 0.256222 0.161119 -0.216103 0.237315 0.302217 0.923226 0.383433 
1534173114327 0.187873 0.91818 -0.348783 -0.590879 -0.95312 0.256191 0.161026 -0.216109 0.237206 0.30218 0.923266 0.383384 
1534173114344 0.187901 0.91818 -0.348768 -0.590886 -0.953143 0.256177 0.160907 -0.216124 0.237088 0.302192 0.923293 0.383341 
1534173114360 0.187935 0.918167 -0.348784 -0.590895 -0.953154 0.256189 0.160827 -0.216135 0.237021 0.30222 0.923301 0.383309 
1534173114377 0.187969 0.918165 -0.34877 -0.590903 -0.953162 0.2562 0.160761 -0.216139 0.23696 0.302216 0.923318 0.383282 
1534173114393 0.187967 0.91819 -0.348706 -0.59091 -0.953183 0.256159 0.160697 -0.216121 0.236875 0.302175 0.923353 0.383261 
1534173114470 0.188057 0.918305 -0.348353 -0.590909 -0.953221 0.256111 0.160549 -0.216016 0.23665 0.301865 0.923512 0.383217 
1534173114501 0.187887 0.918409 -0.348171 -0.590888 -0.953128 0.256082 0.161148 -0.215981 0.237161 0.301574 0.923476 0.383311 
1534173114518 0.18766 0.918483 -0.348099 -0.590873 -0.953099 0.255951 0.161529 -0.215972 0.237458 0.30146 0.923437 0.38336 
1534173114532 0.187554 0.918516 -0.348069 -0.590864 -0.953057 0.255927 0.161817 -0.215981 0.237712 0.30138 0.923398 0.383391 
1534173114548 0.187535 0.918522 -0.348063 -0.590862 -0.953009 0.255973 0.162022 -0.216003 0.237915 0.301322 0.923364 0.383411 
1534173114565 0.187577 0.918506 -0.348082 -0.59087 -0.95295 0.25608 0.162201 -0.216035 0.23812 0.30128 0.923325 0.38343 
1534173114581 0.187618 0.918482 -0.348123 -0.590882 -0.952916 0.256159 0.162279 -0.216062 0.238225 0.301285 0.923296 0.383427 
1534173114598 0.187629 0.918468 -0.348154 -0.590893 -0.952894 0.256199 0.162342 -0.216076 0.238303 0.301294 0.923273 0.383412 
1534173114615 0.18764 0.918456 -0.348181 -0.590905 -0.952865 0.256248 0.162436 -0.216087 0.238411 0.30129 0.923247 0.383381 
1534173114632 0.18767 0.918475 -0.348113 -0.590904 -0.95282 0.256313 0.162594 -0.216091 0.238565 0.301175 0.923244 0.383354 
1534173114648 0.187699 0.918515 -0.347993 -0.590894 -0.952795 0.256344 0.162696 -0.216092 0.238645 0.301028 0.923272 0.383344 
1534173114699 0.187617 0.918565 -0.347906 -0.590862 -0.952772 0.2563 0.162896 -0.216042 0.238799 0.300913 0.923269 0.383332 
1534173114714 0.187491 0.918555 -0.347999 -0.590854 -0.952792 0.256206 0.162931 -0.216005 0.238821 0.301022 0.923228 0.383331 
1534173114730 0.187411 0.918541 -0.348079 -0.590842 -0.952786 0.256172 0.163016 -0.215984 0.238905 0.301094 0.923183 0.383342 
1534173114753 0.187247 0.918438 -0.348439 -0.590836 -0.952723 0.256203 0.163336 -0.215959 0.239285 0.301381 0.922991 0.383369 
1534173114770 0.187127 0.918374 -0.348672 -0.59083 -0.952682 0.256214 0.163557 -0.215963 0.239541 0.301567 0.922864 0.3834 
1534173114786 0.187056 0.918364 -0.348737 -0.590811 -0.952661 0.256203 0.163697 -0.215973 0.239681 0.301608 0.922814 0.383432 
1534173114803 0.187014 0.918356 -0.34878 -0.590796 -0.952638 0.256211 0.163816 -0.21599 0.239803 0.301625 0.922777 0.383445 
1534173114882 0.18707 0.91828 -0.348949 -0.590797 -0.95247 0.256491 0.164355 -0.216057 0.240427 0.301618 0.922617 0.383395 
1534173114897 0.187093 0.918297 -0.348893 -0.590811 -0.952467 0.256501 0.164359 -0.21606 0.240422 0.301559 0.922637 0.383391 
1534173114913 0.187127 0.918389 -0.348633 -0.590802 -0.9525 0.256436 0.164267 -0.216062 0.240263 0.301335 0.922752 0.38339 
1534173114929 0.187134 0.918501 -0.348336 -0.590788 -0.952547 0.256329 0.164166 -0.21605 0.240075 0.301085 0.922882 0.383387 
1534173114946 0.187107 0.918593 -0.348107 -0.590788 -0.952596 0.256208 0.164068 -0.216031 0.239899 0.300907 0.922986 0.383366 
1534173114962 0.187071 0.918634 -0.348017 -0.590795 -0.952631 0.256124 0.163999 -0.216017 0.23979 0.300852 0.923032 0.383346 
1534173114983 0.187007 0.91865 -0.348011 -0.590815 -0.952661 0.25604 0.163951 -0.216001 0.239718 0.300876 0.923043 0.383316 
1534173115003 0.18695 0.918658 -0.348018 -0.590832 -0.952678 0.255981 0.163945 -0.216 0.239695 0.3009 0.923041 0.383295 
1534173115131 0.186526 0.918705 -0.348123 -0.590821 -0.95259 0.255819 0.164708 -0.216085 0.240375 0.300896 0.922866 0.383301 
1534173115177 0.186253 0.91855 -0.348677 -0.590831 -0.952714 0.255575 0.164371 -0.21606 0.240096 0.301574 0.922717 0.383363 
1534173115198 0.186265 0.918449 -0.348937 -0.590837 -0.95272 0.255621 0.164262 -0.216041 0.240062 0.301843 0.922638 0.383395 
1534173115278 0.186346 0.918352 -0.349149 -0.590785 -0.952658 0.255793 0.164356 -0.216068 0.240246 0.301992 0.922541 0.383471 
1534173115299 0.186238 0.918276 -0.349406 -0.590799 -0.952658 0.255766 0.1644 -0.216101 0.240331 0.302247 0.922436 0.383485 
1534173115328 0.185966 0.918211 -0.349722 -0.590816 -0.952709 0.25557 0.164404 -0.216139 0.240336 0.30261 0.922316 0.383523 
1534173115345 0.185865 0.918182 -0.349852 -0.590822 -0.952722 0.255508 0.164426 -0.216157 0.240363 0.302751 0.922262 0.383552 
1534173115365 0.185799 0.918144 -0.349985 -0.590814 -0.952724 0.255484 0.164452 -0.216198 0.240407 0.302884 0.922207 0.383601 
1534173115382 0.185788 0.91813 -0.350029 -0.590804 -0.952724 0.255484 0.164454 -0.216228 0.240417 0.302927 0.92219 0.383627 
1534173115399 0.185784 0.918101 -0.350107 -0.590787 -0.952718 0.255504 0.16446 -0.21628 0.240444 0.302999 0.92216 0.383664 
1534173115432 0.18583 0.918024 -0.350285 -0.59076 -0.952686 0.255607 0.164483 -0.216379 0.240535 0.303146 0.922087 0.383715 
1534173115483 0.185745 0.917936 -0.350559 -0.590781 -0.952664 0.255625 0.164581 -0.216388 0.240686 0.303395 0.921966 0.383733 
1534173115548 0.185245 0.917806 -0.351164 -0.590829 -0.952673 0.255379 0.164912 -0.21626 0.241037 0.303995 0.921677 0.383706 
1534173115596 0.184893 0.91776 -0.35147 -0.590811 -0.952671 0.255194 0.165205 -0.216269 0.241312 0.30429 0.921507 0.383766 
1534173115614 0.18487 0.917722 -0.351581 -0.590797 -0.952651 0.255224 0.165276 -0.216311 0.24141 0.304379 0.921452 0.383794 
1534173115633 0.184821 0.917659 -0.351771 -0.590781 -0.952631 0.255251 0.165354 -0.216365 0.241529 0.304547 0.921366 0.383817 
1534173115653 0.184768 0.917595 -0.351965 -0.590767 -0.952619 0.255263 0.1654 -0.216418 0.241614 0.304728 0.921284 0.383836 
1534173115670 0.184717 0.917547 -0.352117 -0.590757 -0.952613 0.255263 0.165434 -0.21646 0.241676 0.304873 0.921219 0.383855 
1534173115687 0.184684 0.917509 -0.352234 -0.59075 -0.952604 0.255273 0.165471 -0.216488 0.241737 0.30498 0.921168 0.383876 
1534173115704 0.184666 0.917495 -0.352281 -0.590753 -0.952598 0.255277 0.165502 -0.216484 0.241776 0.305019 0.921145 0.383887 
1534173115731 0.18463 0.917512 -0.352254 -0.590764 -0.952609 0.255234 0.165506 -0.216438 0.241761 0.305003 0.921154 0.383898 
1534173115800 0.184575 0.917665 -0.351884 -0.590808 -0.952861 0.25481 0.164703 -0.216282 0.240806 0.304897 0.921439 0.383874 
1534173115825 0.184536 0.917674 -0.351883 -0.590834 -0.952963 0.254655 0.164357 -0.216255 0.240435 0.305002 0.921502 0.383885 
1534173115838 0.184508 0.91767 -0.351908 -0.590848 -0.953041 0.254541 0.164077 -0.216253 0.240143 0.305109 0.921542 0.383898 
1534173115854 0.184501 0.917665 -0.351925 -0.590851 -0.953126 0.254431 0.163755 -0.216268 0.239812 0.305216 0.921593 0.383914 
1534173115871 0.184516 0.91764 -0.351981 -0.590855 -0.953154 0.254415 0.163614 -0.216281 0.239689 0.305303 0.921596 0.383918 
1534173115953 0.184274 0.917562 -0.352311 -0.590865 -0.953102 0.254374 0.163981 -0.21628 0.240082 0.305571 0.921405 0.383933 
1534173115967 0.184099 0.917601 -0.3523 -0.590854 -0.953102 0.254253 0.164173 -0.21628 0.240219 0.305554 0.921375 0.383935 
1534173115983 0.183886 0.917646 -0.352295 -0.590839 -0.9531 0.254107 0.164405 -0.21629 0.240387 0.305541 0.921336 0.383942 
1534173116000 0.183699 0.91768 -0.352303 -0.590819 -0.953098 0.253984 0.164612 -0.216316 0.24054 0.30554 0.921296 0.383947 
1534173116017 0.183647 0.917681 -0.352328 -0.590807 -0.953093 0.253958 0.164678 -0.216344 0.240599 0.305559 0.921274 0.383949 
1534173116037 0.183676 0.917654 -0.352385 -0.590789 -0.953067 0.254022 0.164733 -0.216396 0.240681 0.305589 0.921243 0.383949 
1534173116053 0.183688 0.917647 -0.352395 -0.590779 -0.953055 0.254047 0.164761 -0.216424 0.240718 0.305587 0.921234 0.383963 
1534173116070 0.183661 0.917657 -0.352382 -0.590774 -0.953061 0.254019 0.164768 -0.21644 0.240713 0.30558 0.921237 0.383989 
1534173116087 0.183576 0.917666 -0.352406 -0.590776 -0.953101 0.253914 0.164702 -0.216463 0.240622 0.305643 0.92124 0.384021 
1534173116103 0.183434 0.91768 -0.352443 -0.590782 -0.953144 0.253769 0.164677 -0.216472 0.24056 0.305721 0.92123 0.384042 
1534173116120 0.183212 0.917675 -0.352571 -0.5908 -0.953196 0.253572 0.164675 -0.216476 0.240521 0.305899 0.921182 0.384056 
1534173116202 0.183164 0.917625 -0.352726 -0.590825 -0.95329 0.253448 0.164326 -0.216484 0.240187 0.306151 0.921185 0.384003 
1534173116215 0.18331 0.917601 -0.352712 -0.590831 -0.953291 0.253545 0.164171 -0.216473 0.240072 0.306142 0.921218 0.383979 
1534173116232 0.183534 0.917579 -0.352652 -0.590834 -0.953291 0.253688 0.163949 -0.216458 0.2399 0.30609 0.92128 0.383955 
