1535367628362 0.246541 0.919909 -0.304934 -0.567896 -0.937762 0.305852 0.164493 -0.215867 0.244583 0.245401 0.938061 0.41846 
1535367632444 0.246539 0.919909 -0.304935 -0.567896 -0.937761 0.305851 0.164497 -0.215866 0.244587 0.245401 0.938059 0.41846 
1535367632817 0.246539 0.919909 -0.304935 -0.567896 -0.937761 0.305851 0.164497 -0.215866 0.244587 0.245401 0.938059 0.41846 
1535367633090 0.246539 0.919909 -0.304935 -0.567896 -0.937761 0.305851 0.164497 -0.215866 0.244587 0.245401 0.938059 0.41846 
1535367633494 0.247175 0.92122 -0.30043 -0.581667 -0.937975 0.305271 0.164357 -0.221421 0.243121 0.241171 0.939536 0.410021 
1535367634009 0.247175 0.92122 -0.30043 -0.581667 -0.937975 0.305271 0.164357 -0.221421 0.243121 0.241171 0.939536 0.410021 
1535367634316 0.247175 0.92122 -0.30043 -0.581667 -0.937975 0.305271 0.164357 -0.221421 0.243121 0.241171 0.939536 0.410021 
1535367634911 0.246334 0.924635 -0.290466 -0.609729 -0.938984 0.301921 0.164782 -0.231984 0.240061 0.232152 0.94259 0.392129 
1535367635203 0.246334 0.924635 -0.290466 -0.609729 -0.938984 0.301921 0.164782 -0.231984 0.240061 0.232152 0.94259 0.392129 
1535367635501 0.246334 0.924635 -0.290466 -0.609729 -0.938984 0.301921 0.164782 -0.231984 0.240061 0.232152 0.94259 0.392129 
1535367635802 0.246334 0.924635 -0.290466 -0.609729 -0.938984 0.301921 0.164782 -0.231984 0.240061 0.232152 0.94259 0.392129 
1535367636201 0.245647 0.927064 -0.283214 -0.630751 -0.939697 0.299463 0.1652 -0.239899 0.237963 0.225555 0.944721 0.37856 
1535367636654 0.244367 0.927131 -0.2841 -0.626978 -0.93997 0.298456 0.165471 -0.237899 0.238205 0.22661 0.944408 0.380675 
1535367637087 0.244367 0.927131 -0.2841 -0.626978 -0.93997 0.298456 0.165471 -0.237899 0.238205 0.22661 0.944408 0.380675 
1535367637551 0.245474 0.927314 -0.282545 -0.632154 -0.93977 0.299151 0.165349 -0.240303 0.237854 0.224938 0.944896 0.377654 
1535367637800 0.245353 0.927643 -0.281567 -0.634913 -0.939874 0.298794 0.165407 -0.24147 0.23757 0.224054 0.945178 0.375758 
1535367638170 0.245353 0.927643 -0.281567 -0.634913 -0.939874 0.298794 0.165407 -0.24147 0.23757 0.224054 0.945178 0.375758 
1535367638432 0.242516 0.927264 -0.28525 -0.633057 -0.940219 0.297114 0.166469 -0.240505 0.239112 0.227827 0.943886 0.377184 
1535367638845 0.23948 0.92652 -0.290189 -0.633899 -0.940447 0.295637 0.167807 -0.241049 0.241267 0.232721 0.942142 0.377162 
1535367639289 0.238565 0.926411 -0.291289 -0.634148 -0.940575 0.295066 0.168092 -0.241122 0.241671 0.233879 0.941751 0.377049 
1535367639317 0.238565 0.926411 -0.291289 -0.634148 -0.940575 0.295066 0.168092 -0.241122 0.241671 0.233879 0.941751 0.377049 
1535367639505 0.237901 0.926238 -0.292381 -0.634358 -0.940617 0.294754 0.168404 -0.24126 0.242163 0.234954 0.941357 0.376981 
1535367639647 0.237901 0.926238 -0.292381 -0.634358 -0.940617 0.294754 0.168404 -0.24126 0.242163 0.234954 0.941357 0.376981 
1535367639699 0.237901 0.926238 -0.292381 -0.634358 -0.940617 0.294754 0.168404 -0.24126 0.242163 0.234954 0.941357 0.376981 
1535367639777 0.237188 0.926697 -0.291504 -0.634891 -0.940854 0.29386 0.168644 -0.241788 0.241943 0.234262 0.941586 0.37681 
1535367639930 0.237188 0.926697 -0.291504 -0.634891 -0.940854 0.29386 0.168644 -0.241788 0.241943 0.234262 0.941586 0.37681 
1535367639990 0.237188 0.926697 -0.291504 -0.634891 -0.940854 0.29386 0.168644 -0.241788 0.241943 0.234262 0.941586 0.37681 
1535367640101 0.234722 0.927176 -0.291976 -0.636156 -0.941369 0.291698 0.16952 -0.242743 0.242343 0.235067 0.941283 0.376277 
1535367640342 0.234117 0.927503 -0.291423 -0.636379 -0.941488 0.291052 0.169968 -0.242878 0.242465 0.234579 0.941373 0.376162 
1535367640553 0.234018 0.927745 -0.29073 -0.63649 -0.941533 0.29081 0.170133 -0.243118 0.242387 0.233918 0.941558 0.376047 
1535367640773 0.233872 0.928108 -0.289688 -0.636754 -0.941534 0.290514 0.170631 -0.243624 0.242522 0.232846 0.941789 0.375895 
1535367640996 0.233401 0.928565 -0.288602 -0.63705 -0.941673 0.289845 0.171003 -0.243973 0.242437 0.231856 0.942054 0.375626 
1535367641083 0.233401 0.928565 -0.288602 -0.63705 -0.941673 0.289845 0.171003 -0.243973 0.242437 0.231856 0.942054 0.375626 
1535367641214 0.232866 0.929083 -0.287365 -0.637399 -0.941774 0.289137 0.171644 -0.244432 0.24256 0.230663 0.942316 0.375411 
1535367641375 0.232705 0.929166 -0.287227 -0.637433 -0.94181 0.288961 0.171741 -0.244454 0.242574 0.230549 0.94234 0.375377 
1535367641584 0.234227 0.929205 -0.28586 -0.63757 -0.941594 0.290006 0.171164 -0.244404 0.241947 0.229073 0.942861 0.374977 
1535367641801 0.235348 0.929353 -0.284455 -0.63766 -0.941499 0.290643 0.170606 -0.244602 0.241228 0.227662 0.943387 0.374829 
1535367641883 0.235348 0.929353 -0.284455 -0.63766 -0.941499 0.290643 0.170606 -0.244602 0.241228 0.227662 0.943387 0.374829 
1535367642207 0.23661 0.929198 -0.283915 -0.637322 -0.941311 0.291627 0.169962 -0.24447 0.240726 0.227037 0.943666 0.374784 
1535367642718 0.239352 0.929041 -0.282123 -0.636599 -0.940814 0.293732 0.169085 -0.243772 0.239956 0.224955 0.94436 0.374826 
1535367643040 0.239907 0.929063 -0.281578 -0.636356 -0.940789 0.294054 0.168666 -0.243704 0.239501 0.224442 0.944598 0.37489 
1535367643057 0.239907 0.929063 -0.281578 -0.636356 -0.940789 0.294054 0.168666 -0.243704 0.239501 0.224442 0.944598 0.37489 
1535367643080 0.239907 0.929063 -0.281578 -0.636356 -0.940789 0.294054 0.168666 -0.243704 0.239501 0.224442 0.944598 0.37489 
1535367643306 0.240669 0.928943 -0.281325 -0.636207 -0.940644 0.294689 0.168365 -0.243694 0.239305 0.224107 0.944727 0.374887 
1535367643500 0.240669 0.928943 -0.281325 -0.636207 -0.940644 0.294689 0.168365 -0.243694 0.239305 0.224107 0.944727 0.374887 
1535367643564 0.240669 0.928943 -0.281325 -0.636207 -0.940644 0.294689 0.168365 -0.243694 0.239305 0.224107 0.944727 0.374887 
1535367643749 0.240864 0.92887 -0.281399 -0.634951 -0.940622 0.294863 0.168185 -0.242974 0.239196 0.22418 0.944737 0.375292 
1535367643813 0.240864 0.92887 -0.281399 -0.634951 -0.940622 0.294863 0.168185 -0.242974 0.239196 0.22418 0.944737 0.375292 
1535367644141 0.242027 0.92869 -0.280995 -0.633247 -0.940393 0.295836 0.167759 -0.242174 0.238924 0.223644 0.944933 0.375895 
1535367644373 0.242727 0.928488 -0.281057 -0.633015 -0.940207 0.296521 0.167592 -0.242372 0.238947 0.223573 0.944944 0.376035 
1535367644609 0.241728 0.928673 -0.281308 -0.632146 -0.940153 0.295902 0.168979 -0.241755 0.240166 0.223625 0.944623 0.376232 
1535367644895 0.242008 0.928463 -0.281759 -0.630679 -0.939604 0.296694 0.170635 -0.241485 0.242024 0.223447 0.94419 0.37674 
1535367645128 0.241802 0.92838 -0.28221 -0.62987 -0.93944 0.296781 0.171386 -0.241174 0.242866 0.223678 0.94392 0.3769 
1535367645445 0.241705 0.928409 -0.282198 -0.629372 -0.939296 0.296842 0.172071 -0.240903 0.24352 0.223477 0.943799 0.377061 
1535367645683 0.241487 0.92827 -0.282841 -0.628791 -0.939239 0.296857 0.172355 -0.240674 0.243955 0.224034 0.943554 0.377358 
1535367645885 0.241487 0.92827 -0.282841 -0.628791 -0.939239 0.296857 0.172355 -0.240674 0.243955 0.224034 0.943554 0.377358 
1535367646052 0.241033 0.928135 -0.283669 -0.627938 -0.93927 0.296656 0.17253 -0.240351 0.244284 0.224857 0.943274 0.377594 
1535367646093 0.241033 0.928135 -0.283669 -0.627938 -0.93927 0.296656 0.17253 -0.240351 0.244284 0.224857 0.943274 0.377594 
1535367646407 0.240185 0.927805 -0.285461 -0.626237 -0.939201 0.296445 0.173268 -0.239883 0.245383 0.226489 0.942597 0.378201 
1535367646612 0.240417 0.927492 -0.286282 -0.625808 -0.939016 0.296936 0.173432 -0.239845 0.245864 0.227127 0.942318 0.378383 
1535367646920 0.2409 0.927447 -0.286025 -0.62512 -0.939034 0.297217 0.172851 -0.239199 0.245321 0.226947 0.942503 0.378521 
1535367647328 0.241813 0.927101 -0.286374 -0.624006 -0.938812 0.298141 0.172465 -0.238632 0.245272 0.227147 0.942468 0.378871 
1535367647537 0.24248 0.926834 -0.286674 -0.623752 -0.938662 0.298812 0.172121 -0.238797 0.245189 0.227354 0.94244 0.378944 
1535367647880 0.241848 0.926995 -0.286687 -0.623075 -0.938503 0.298509 0.173504 -0.238301 0.246416 0.227095 0.942182 0.379188 
1535367648271 0.242061 0.926847 -0.286986 -0.622167 -0.938168 0.299026 0.174424 -0.238163 0.247481 0.22702 0.941921 0.379494 
1535367648716 0.242296 0.926684 -0.287314 -0.621573 -0.937824 0.299571 0.175337 -0.238015 0.248552 0.226967 0.941652 0.379649 
1535367648737 0.242365 0.926605 -0.28751 -0.621331 -0.937675 0.299794 0.175754 -0.237992 0.249048 0.226995 0.941514 0.379767 
1535367648893 0.242365 0.926605 -0.28751 -0.621331 -0.937675 0.299794 0.175754 -0.237992 0.249048 0.226995 0.941514 0.379767 
1535367649037 0.242204 0.926651 -0.287497 -0.621338 -0.937725 0.29963 0.175766 -0.237902 0.249016 0.227022 0.941516 0.37977 
1535367649176 0.241726 0.92665 -0.287902 -0.620682 -0.937849 0.299252 0.17575 -0.237595 0.249014 0.227525 0.941395 0.379925 
1535367649329 0.241726 0.92665 -0.287902 -0.620682 -0.937849 0.299252 0.17575 -0.237595 0.249014 0.227525 0.941395 0.379925 
1535367649388 0.241726 0.92665 -0.287902 -0.620682 -0.937849 0.299252 0.17575 -0.237595 0.249014 0.227525 0.941395 0.379925 
1535367649445 0.241249 0.926642 -0.28833 -0.619867 -0.937924 0.298921 0.175909 -0.237366 0.249192 0.227994 0.941234 0.380248 
1535367649666 0.241358 0.926489 -0.288729 -0.619631 -0.937806 0.299183 0.176093 -0.237213 0.249531 0.228271 0.941077 0.380392 
1535367649823 0.241358 0.926489 -0.288729 -0.619631 -0.937806 0.299183 0.176093 -0.237213 0.249531 0.228271 0.941077 0.380392 
1535367649992 0.241247 0.926434 -0.288999 -0.619217 -0.937807 0.299154 0.176137 -0.237057 0.249635 0.228532 0.940986 0.380523 
1535367650151 0.24121 0.926119 -0.290036 -0.618429 -0.937715 0.29941 0.176196 -0.23684 0.250018 0.229471 0.940656 0.380708 
1535367650165 0.241249 0.926106 -0.290045 -0.618423 -0.937706 0.299448 0.17618 -0.23685 0.250015 0.229474 0.940656 0.380713 
1535367650334 0.240863 0.92622 -0.290004 -0.618243 -0.937819 0.299059 0.176235 -0.236604 0.24996 0.229523 0.940659 0.380758 
1535367650528 0.241551 0.926066 -0.289923 -0.617919 -0.9376 0.299738 0.176249 -0.236667 0.250119 0.229258 0.940681 0.380793 
1535367650696 0.241691 0.926199 -0.28938 -0.617173 -0.937534 0.299795 0.176503 -0.23625 0.250232 0.228645 0.940801 0.380962 
1535367650737 0.241691 0.926199 -0.28938 -0.617173 -0.937534 0.299795 0.176503 -0.23625 0.250232 0.228645 0.940801 0.380962 
1535367650909 0.242381 0.9262 -0.2888 -0.616273 -0.937339 0.300356 0.176582 -0.235945 0.250293 0.227904 0.940964 0.381227 
1535367651086 0.242381 0.9262 -0.2888 -0.616273 -0.937339 0.300356 0.176582 -0.235945 0.250293 0.227904 0.940964 0.381227 
1535367651141 0.242381 0.9262 -0.2888 -0.616273 -0.937339 0.300356 0.176582 -0.235945 0.250293 0.227904 0.940964 0.381227 
1535367651311 0.24237 0.926231 -0.288708 -0.615934 -0.937278 0.300387 0.176855 -0.235775 0.250532 0.227735 0.940941 0.381412 
1535367651531 0.24237 0.926231 -0.288708 -0.615934 -0.937278 0.300387 0.176855 -0.235775 0.250532 0.227735 0.940941 0.381412 
1535367651593 0.243071 0.926024 -0.288782 -0.614121 -0.936856 0.301286 0.177559 -0.23527 0.25143 0.227388 0.940786 0.381994 
1535367651819 0.243193 0.925949 -0.288921 -0.613393 -0.936749 0.301497 0.177767 -0.234927 0.251712 0.227414 0.940704 0.382175 
1535367652025 0.243193 0.925949 -0.288921 -0.613393 -0.936749 0.301497 0.177767 -0.234927 0.251712 0.227414 0.940704 0.382175 
1535367652068 0.243193 0.925949 -0.288921 -0.613393 -0.936749 0.301497 0.177767 -0.234927 0.251712 0.227414 0.940704 0.382175 
1535367652187 0.243262 0.925886 -0.289065 -0.61284 -0.936618 0.301693 0.178122 -0.234508 0.252129 0.227414 0.940592 0.382373 
1535367652341 0.24391 0.925654 -0.289263 -0.612157 -0.93634 0.302446 0.178307 -0.234255 0.252537 0.227358 0.940496 0.382571 
1535367652386 0.24391 0.925654 -0.289263 -0.612157 -0.93634 0.302446 0.178307 -0.234255 0.252537 0.227358 0.940496 0.382571 
1535367652567 0.244301 0.92545 -0.289584 -0.611632 -0.936117 0.30299 0.178557 -0.234 0.252987 0.227462 0.94035 0.382761 
1535367652813 0.244301 0.92545 -0.289584 -0.611632 -0.936117 0.30299 0.178557 -0.234 0.252987 0.227462 0.94035 0.382761 
1535367653060 0.244836 0.925507 -0.288951 -0.610358 -0.935773 0.303559 0.179389 -0.233402 0.25374 0.226472 0.940386 0.383122 
1535367653359 0.245534 0.925384 -0.288751 -0.609518 -0.935414 0.304342 0.179936 -0.233139 0.254389 0.225921 0.940343 0.383348 
1535367653636 0.245594 0.925378 -0.288721 -0.609126 -0.935292 0.304487 0.180325 -0.232911 0.25478 0.225752 0.940278 0.383443 
1535367653806 0.246 0.925345 -0.28848 -0.608306 -0.935019 0.304973 0.180914 -0.232554 0.255387 0.22523 0.940239 0.3836 
1535367653839 0.246407 0.925248 -0.288445 -0.608018 -0.934847 0.305411 0.181069 -0.232625 0.255628 0.225035 0.94022 0.38366 
1535367653853 0.246407 0.925248 -0.288445 -0.608018 -0.934847 0.305411 0.181069 -0.232625 0.255628 0.225035 0.94022 0.38366 
1535367654120 0.245972 0.9254 -0.288328 -0.607938 -0.935002 0.304938 0.181062 -0.232366 0.255477 0.225051 0.940257 0.383702 
1535367654473 0.245684 0.925761 -0.287413 -0.607052 -0.935291 0.304298 0.18065 -0.231953 0.254698 0.224432 0.940616 0.38393 
1535367654738 0.245865 0.925961 -0.286612 -0.606112 -0.935368 0.304204 0.180408 -0.231614 0.254239 0.223731 0.940907 0.38418 
1535367654757 0.246121 0.925938 -0.286466 -0.605695 -0.935372 0.304356 0.180127 -0.231587 0.253974 0.22362 0.941005 0.384262 
1535367654920 0.246121 0.925938 -0.286466 -0.605695 -0.935372 0.304356 0.180127 -0.231587 0.253974 0.22362 0.941005 0.384262 
1535367655114 0.246286 0.92598 -0.286189 -0.605432 -0.935385 0.30441 0.17997 -0.231497 0.253768 0.223372 0.94112 0.384339 
1535367655208 0.246302 0.926234 -0.285351 -0.604619 -0.935598 0.304072 0.179436 -0.230993 0.252967 0.222779 0.941476 0.384423 
1535367655342 0.246302 0.926234 -0.285351 -0.604619 -0.935598 0.304072 0.179436 -0.230993 0.252967 0.222779 0.941476 0.384423 
1535367655375 0.246302 0.926234 -0.285351 -0.604619 -0.935598 0.304072 0.179436 -0.230993 0.252967 0.222779 0.941476 0.384423 
1535367655506 0.246421 0.926524 -0.284307 -0.60375 -0.935808 0.303771 0.178851 -0.230485 0.252073 0.221984 0.941904 0.384599 
1535367655691 0.247082 0.926452 -0.283967 -0.603365 -0.935764 0.304221 0.178315 -0.230571 0.251588 0.221667 0.942108 0.384626 
1535367656163 0.247858 0.926946 -0.28167 -0.603085 -0.935481 0.304586 0.179172 -0.23024 0.251875 0.219087 0.942634 0.384447 
1535367656521 0.248096 0.927033 -0.281171 -0.602938 -0.935455 0.304684 0.179142 -0.230142 0.251739 0.218578 0.942789 0.384316 
1535367656977 0.24971 0.927846 -0.277032 -0.603206 -0.935652 0.304886 0.177762 -0.2299 0.249399 0.214817 0.944274 0.384026 
1535367657468 0.250059 0.92795 -0.276368 -0.603196 -0.935662 0.305004 0.177508 -0.229941 0.249012 0.2142 0.944516 0.38399 
1535367657495 0.250059 0.92795 -0.276368 -0.603196 -0.935662 0.305004 0.177508 -0.229941 0.249012 0.2142 0.944516 0.38399 
1535367657715 0.250632 0.928063 -0.275469 -0.603231 -0.935631 0.305275 0.177208 -0.229928 0.248554 0.213323 0.944836 0.383861 
1535367658001 0.250632 0.928063 -0.275469 -0.603231 -0.935631 0.305275 0.177208 -0.229928 0.248554 0.213323 0.944836 0.383861 
1535367658211 0.250632 0.928063 -0.275469 -0.603231 -0.935631 0.305275 0.177208 -0.229928 0.248554 0.213323 0.944836 0.383861 
1535367658431 0.250632 0.928063 -0.275469 -0.603231 -0.935631 0.305275 0.177208 -0.229928 0.248554 0.213323 0.944836 0.383861 
1535367658638 0.250632 0.928063 -0.275469 -0.603231 -0.935631 0.305275 0.177208 -0.229928 0.248554 0.213323 0.944836 0.383861 
1535367658870 0.250632 0.928063 -0.275469 -0.603231 -0.935631 0.305275 0.177208 -0.229928 0.248554 0.213323 0.944836 0.383861 
1535367659190 0.240813 0.926782 -0.288244 -0.574387 -0.937816 0.298691 0.176875 -0.216704 0.25002 0.227726 0.94108 0.403492 
1535367661596 0.212918 0.919469 -0.330519 -0.472572 -0.943839 0.281024 0.173765 -0.171388 0.252655 0.274958 0.927665 0.474119 
1535367662767 0.212947 0.919459 -0.330527 -0.47258 -0.943831 0.281053 0.173757 -0.171399 0.252658 0.274961 0.927664 0.474119 
1535367662834 0.212947 0.919459 -0.330527 -0.47258 -0.943831 0.281053 0.173757 -0.171399 0.252658 0.274961 0.927664 0.474119 
1535367663117 0.212979 0.91942 -0.330616 -0.472598 -0.943809 0.281117 0.173777 -0.171409 0.252716 0.275028 0.927628 0.474116 
1535367663414 0.21298 0.919413 -0.330635 -0.472602 -0.943804 0.281126 0.173785 -0.171409 0.25273 0.275042 0.92762 0.474115 
1535367663465 0.21298 0.919413 -0.330635 -0.472602 -0.943804 0.281126 0.173785 -0.171409 0.25273 0.275042 0.92762 0.474115 
1535367663839 0.212982 0.919408 -0.330647 -0.472603 -0.943802 0.281133 0.173789 -0.171409 0.252739 0.275051 0.927615 0.474115 
1535367664391 0.212986 0.919404 -0.330656 -0.472605 -0.943799 0.28114 0.173793 -0.171409 0.252747 0.275057 0.927611 0.474114 
1535367664844 0.212991 0.919401 -0.330662 -0.472606 -0.943796 0.281148 0.173795 -0.171409 0.252752 0.27506 0.927609 0.474115 
1535367665411 0.212996 0.919398 -0.330665 -0.472606 -0.943794 0.281154 0.173796 -0.171409 0.252755 0.275062 0.927608 0.474115 
1535367666006 0.213002 0.919396 -0.330667 -0.472607 -0.943792 0.281162 0.173797 -0.171409 0.252759 0.275062 0.927607 0.474115 
1535367666451 0.21301 0.919394 -0.330669 -0.472607 -0.943789 0.281169 0.173797 -0.171409 0.252762 0.275062 0.927606 0.474115 
1535367666998 0.213016 0.919392 -0.33067 -0.472607 -0.943787 0.281177 0.173797 -0.171409 0.252765 0.275061 0.927605 0.474115 
1535367667575 0.213024 0.91939 -0.330672 -0.472608 -0.943785 0.281185 0.173797 -0.17141 0.252767 0.27506 0.927605 0.474115 
1535367668067 0.213036 0.919386 -0.330673 -0.472608 -0.943781 0.281198 0.173798 -0.17141 0.252772 0.275057 0.927604 0.474116 
1535367668858 0.213043 0.919384 -0.330673 -0.472608 -0.943778 0.281206 0.173798 -0.17141 0.252774 0.275056 0.927604 0.474116 
1535367668920 0.213049 0.919383 -0.330674 -0.472608 -0.943777 0.281212 0.173798 -0.17141 0.252777 0.275055 0.927604 0.474116 
1535367669128 0.21305 0.919383 -0.330674 -0.472608 -0.943776 0.281213 0.173798 -0.17141 0.252777 0.275055 0.927604 0.474116 
1535367669706 0.21305 0.919383 -0.330674 -0.472608 -0.943776 0.281213 0.173798 -0.17141 0.252777 0.275055 0.927604 0.474116 
