1535381454633 0.226603 0.921007 -0.316856 -0.510468 -0.940512 0.291468 0.174594 -0.187838 0.253156 0.258444 0.932265 0.448063 
1535381463133 0.226604 0.921006 -0.316857 -0.510467 -0.940512 0.291469 0.174593 -0.187838 0.253155 0.258445 0.932265 0.448063 
1535381463742 0.226604 0.921006 -0.316857 -0.510467 -0.940512 0.291469 0.174593 -0.187838 0.253155 0.258445 0.932265 0.448063 
1535381464487 0.229573 0.921448 -0.313415 -0.522916 -0.940197 0.293212 0.173367 -0.19328 0.251645 0.254871 0.933657 0.440973 
1535381465393 0.232037 0.922054 -0.309797 -0.535645 -0.94001 0.294443 0.172291 -0.198656 0.250079 0.251235 0.935062 0.433464 
1535381466162 0.234314 0.922739 -0.306022 -0.548379 -0.939856 0.295486 0.171343 -0.203985 0.24853 0.247468 0.936479 0.426038 
1535381467105 0.236774 0.9234 -0.302109 -0.561129 -0.939654 0.296685 0.17038 -0.209308 0.24696 0.243536 0.937924 0.418582 
1535381467978 0.239052 0.923982 -0.298517 -0.573894 -0.939506 0.297766 0.169305 -0.21465 0.245323 0.239986 0.939268 0.411015 
1535381468881 0.241341 0.924591 -0.294763 -0.586617 -0.939309 0.298879 0.168431 -0.219948 0.243828 0.236224 0.940609 0.403539 
1535381469688 0.243561 0.925165 -0.291115 -0.599362 -0.939189 0.299894 0.167295 -0.225277 0.242079 0.232665 0.941947 0.39604 
1535381470633 0.24557 0.925862 -0.287184 -0.612162 -0.939015 0.300766 0.166702 -0.23051 0.240719 0.228733 0.943258 0.388586 
1535381471186 0.247767 0.926478 -0.283285 -0.624971 -0.938891 0.301736 0.165648 -0.235852 0.238947 0.224931 0.944622 0.380941 
1535381471551 0.248856 0.926113 -0.283524 -0.625893 -0.938603 0.302819 0.165305 -0.236624 0.238948 0.224979 0.94461 0.380554 
1535381471914 0.24882 0.92623 -0.283173 -0.627243 -0.938659 0.302677 0.165242 -0.237028 0.238762 0.224687 0.944727 0.379696 
1535381472273 0.249157 0.926304 -0.282633 -0.628509 -0.938552 0.30292 0.165407 -0.237541 0.238833 0.224054 0.944859 0.378963 
1535381472636 0.24914 0.926461 -0.282132 -0.629799 -0.938672 0.302706 0.165116 -0.238079 0.238376 0.223692 0.94506 0.378156 
1535381472994 0.249377 0.926523 -0.281721 -0.631099 -0.938624 0.302846 0.165138 -0.23856 0.238322 0.223248 0.945179 0.37736 
1535381473370 0.24956 0.926591 -0.281334 -0.632369 -0.938636 0.302895 0.164976 -0.23917 0.23808 0.222899 0.945322 0.376574 
1535381473713 0.24956 0.926591 -0.281334 -0.632369 -0.938636 0.302895 0.164976 -0.23917 0.23808 0.222899 0.945322 0.376574 
1535381474075 0.249764 0.926789 -0.280501 -0.635009 -0.938673 0.302856 0.164836 -0.240176 0.23772 0.222128 0.945594 0.375027 
1535381474429 0.249788 0.926949 -0.279948 -0.636317 -0.938706 0.302744 0.164854 -0.240544 0.237564 0.22161 0.945755 0.374208 
1535381474460 0.249696 0.927008 -0.279836 -0.636485 -0.938733 0.302634 0.164903 -0.240544 0.237554 0.221515 0.94578 0.374082 
1535381474729 0.249619 0.927046 -0.27978 -0.636499 -0.938756 0.302548 0.164931 -0.240526 0.237545 0.221475 0.945791 0.374059 
1535381474984 0.249268 0.926884 -0.280627 -0.636531 -0.938782 0.302426 0.165008 -0.240723 0.237812 0.222317 0.945527 0.374251 
1535381475236 0.248859 0.926706 -0.281576 -0.636719 -0.938764 0.302322 0.165298 -0.240966 0.238309 0.223197 0.945194 0.374107 
1535381475482 0.248349 0.926607 -0.282351 -0.636934 -0.938811 0.302056 0.165519 -0.241134 0.238657 0.223968 0.944924 0.374097 
1535381475725 0.24793 0.926565 -0.282857 -0.637122 -0.938874 0.301791 0.165646 -0.241305 0.238845 0.224499 0.94475 0.374174 
1535381475980 0.247295 0.926487 -0.283666 -0.637324 -0.938968 0.301398 0.165825 -0.24144 0.239131 0.225346 0.944476 0.374104 
1535381476237 0.246844 0.926399 -0.284348 -0.637545 -0.938966 0.301203 0.166191 -0.241643 0.239606 0.22597 0.944207 0.374155 
1535381476486 0.246232 0.926305 -0.285183 -0.637777 -0.939054 0.300837 0.166356 -0.241741 0.23989 0.226841 0.943926 0.374049 
1535381476744 0.245886 0.926227 -0.285734 -0.637926 -0.939056 0.30069 0.166613 -0.242018 0.240238 0.227352 0.943714 0.374115 
1535381476772 0.245886 0.926227 -0.285734 -0.637926 -0.939056 0.30069 0.166613 -0.242018 0.240238 0.227352 0.943714 0.374115 
1535381476946 0.245171 0.926136 -0.286642 -0.638184 -0.939148 0.300261 0.166866 -0.242069 0.240608 0.228289 0.943394 0.374026 
1535381477025 0.245212 0.926398 -0.285757 -0.637899 -0.939158 0.300121 0.167061 -0.242121 0.240527 0.227406 0.943628 0.374151 
1535381477152 0.245212 0.926398 -0.285757 -0.637899 -0.939158 0.300121 0.167061 -0.242121 0.240527 0.227406 0.943628 0.374151 
1535381477242 0.244504 0.926589 -0.285748 -0.637918 -0.939301 0.299483 0.167404 -0.242138 0.240692 0.227472 0.94357 0.374197 
1535381477364 0.244012 0.926751 -0.285642 -0.637902 -0.939245 0.299168 0.168278 -0.242215 0.241407 0.227226 0.943446 0.374359 
1535381477464 0.243481 0.926843 -0.285795 -0.637882 -0.939366 0.298706 0.168426 -0.242405 0.241473 0.227458 0.943374 0.37434 
1535381477602 0.242279 0.927134 -0.285872 -0.637891 -0.939467 0.29777 0.169515 -0.242601 0.242288 0.227498 0.943155 0.374483 
1535381477690 0.242279 0.927134 -0.285872 -0.637891 -0.939467 0.29777 0.169515 -0.242601 0.242288 0.227498 0.943155 0.374483 
1535381477835 0.240828 0.927476 -0.285991 -0.637893 -0.939661 0.296575 0.170528 -0.24268 0.242979 0.227666 0.942937 0.374508 
1535381477865 0.240828 0.927476 -0.285991 -0.637893 -0.939661 0.296575 0.170528 -0.24268 0.242979 0.227666 0.942937 0.374508 
1535381477879 0.240706 0.927501 -0.28601 -0.637892 -0.939645 0.296507 0.170737 -0.242695 0.243163 0.227651 0.942893 0.374526 
1535381477903 0.240657 0.927513 -0.286014 -0.637892 -0.939648 0.296469 0.170783 -0.242699 0.243197 0.227652 0.942884 0.37453 
1535381478039 0.240278 0.927687 -0.285768 -0.637852 -0.939727 0.29608 0.171027 -0.242803 0.24327 0.22745 0.942914 0.374605 
1535381478160 0.240088 0.927955 -0.285057 -0.637864 -0.939996 0.295562 0.170442 -0.242917 0.242415 0.227032 0.943235 0.374493 
1535381478245 0.239678 0.9282 -0.284604 -0.637922 -0.940269 0.294929 0.170033 -0.243029 0.241762 0.226851 0.943445 0.374451 
1535381478376 0.239242 0.928445 -0.284169 -0.637931 -0.940438 0.29438 0.170051 -0.243134 0.241537 0.22656 0.943573 0.374434 
1535381478446 0.238639 0.928832 -0.283413 -0.6379 -0.940703 0.29356 0.169999 -0.243169 0.241099 0.226039 0.94381 0.374447 
1535381478577 0.238339 0.929025 -0.283033 -0.637934 -0.940868 0.293121 0.169844 -0.243326 0.240752 0.225816 0.943952 0.374433 
1535381478655 0.237698 0.929343 -0.282527 -0.637948 -0.9411 0.292351 0.169884 -0.243316 0.240477 0.225506 0.944096 0.374443 
1535381478728 0.237152 0.929637 -0.282016 -0.637977 -0.941333 0.291647 0.169804 -0.243346 0.240105 0.225202 0.944263 0.374443 
1535381478750 0.237134 0.929699 -0.281828 -0.637967 -0.94137 0.291566 0.169742 -0.243419 0.239981 0.225053 0.944331 0.374442 
1535381478901 0.237134 0.929699 -0.281828 -0.637967 -0.94137 0.291566 0.169742 -0.243419 0.239981 0.225053 0.944331 0.374442 
1535381478977 0.237679 0.929665 -0.281482 -0.637929 -0.941252 0.292004 0.16964 -0.243452 0.239903 0.224626 0.944452 0.374441 
1535381479129 0.23782 0.929608 -0.28155 -0.637913 -0.9412 0.292167 0.16965 -0.243342 0.239967 0.224648 0.94443 0.374443 
1535381479185 0.2386 0.92955 -0.28108 -0.63783 -0.941085 0.292749 0.169282 -0.243311 0.239642 0.224129 0.944636 0.374381 
1535381479331 0.23866 0.929538 -0.28107 -0.637822 -0.941109 0.292768 0.169118 -0.243322 0.23949 0.224155 0.944669 0.374322 
1535381479390 0.239182 0.929464 -0.280872 -0.63778 -0.941031 0.293179 0.168839 -0.243295 0.239276 0.223926 0.944777 0.374289 
1535381479537 0.239344 0.929521 -0.280543 -0.63773 -0.941038 0.293229 0.168714 -0.243282 0.239086 0.223621 0.944897 0.37433 
1535381479582 0.239897 0.92949 -0.280176 -0.637655 -0.940965 0.293628 0.168429 -0.243278 0.23882 0.22323 0.945057 0.37434 
1535381479610 0.240103 0.929475 -0.280047 -0.637629 -0.940946 0.29377 0.168285 -0.24328 0.238686 0.223103 0.945121 0.374316 
1535381479641 0.240103 0.929475 -0.280047 -0.637629 -0.940946 0.29377 0.168285 -0.24328 0.238686 0.223103 0.945121 0.374316 
1535381479850 0.24024 0.929471 -0.279945 -0.637605 -0.940954 0.293841 0.168114 -0.243277 0.238516 0.223028 0.945182 0.374287 
1535381479874 0.241055 0.929217 -0.280087 -0.637375 -0.940793 0.294602 0.167684 -0.243229 0.238329 0.223083 0.945216 0.374367 
1535381480030 0.241839 0.929056 -0.279945 -0.637175 -0.940664 0.295258 0.167253 -0.243087 0.238043 0.222886 0.945334 0.374428 
1535381480203 0.242517 0.928949 -0.279714 -0.636971 -0.940534 0.295822 0.166987 -0.242912 0.237868 0.222583 0.94545 0.374551 
1535381480373 0.243519 0.928711 -0.279633 -0.636735 -0.940362 0.296685 0.166427 -0.24292 0.237526 0.222428 0.945572 0.374621 
1535381480544 0.244117 0.928615 -0.279431 -0.636525 -0.940276 0.297155 0.16607 -0.242693 0.237249 0.222201 0.945695 0.374663 
1535381480719 0.244942 0.928389 -0.279459 -0.636313 -0.940142 0.297874 0.165544 -0.242642 0.236933 0.222183 0.945779 0.374723 
1535381480875 0.245748 0.928189 -0.279417 -0.636137 -0.940008 0.298565 0.165056 -0.242522 0.236627 0.222093 0.945877 0.374732 
1535381481067 0.246607 0.927985 -0.279336 -0.635928 -0.939861 0.299299 0.164563 -0.242447 0.236317 0.221954 0.945987 0.374767 
1535381481085 0.246841 0.927943 -0.27927 -0.635872 -0.939806 0.299505 0.164502 -0.24235 0.236291 0.221854 0.946017 0.3748 
1535381481243 0.247007 0.927926 -0.279179 -0.635792 -0.939787 0.299625 0.164394 -0.242308 0.236194 0.221762 0.946062 0.374842 
1535381481340 0.246778 0.927964 -0.279254 -0.635448 -0.939868 0.299399 0.164341 -0.242153 0.236111 0.221907 0.946049 0.374972 
1535381481549 0.247057 0.927765 -0.27967 -0.635118 -0.939778 0.299756 0.164208 -0.242056 0.236179 0.222258 0.94595 0.375077 
1535381481730 0.247296 0.927618 -0.279945 -0.634727 -0.939719 0.300028 0.164044 -0.242026 0.236161 0.222503 0.945897 0.375181 
1535381481921 0.247537 0.927553 -0.279948 -0.63437 -0.93968 0.300237 0.16389 -0.241885 0.236067 0.222492 0.945923 0.375278 
1535381482129 0.247544 0.927516 -0.280066 -0.634066 -0.939678 0.300265 0.163848 -0.241635 0.236066 0.222612 0.945895 0.3754 
1535381482313 0.247947 0.927342 -0.280284 -0.633681 -0.939561 0.300699 0.163725 -0.241579 0.23611 0.222749 0.945851 0.375526 
1535381482521 0.248013 0.927303 -0.280355 -0.633331 -0.939625 0.300697 0.163358 -0.241498 0.235784 0.222914 0.945894 0.375686 
1535381482731 0.248344 0.927192 -0.280428 -0.63299 -0.939541 0.301024 0.163243 -0.241312 0.235773 0.222934 0.945892 0.375813 
1535381482863 0.248147 0.927265 -0.280363 -0.632872 -0.939605 0.300813 0.163262 -0.241192 0.235724 0.222917 0.945908 0.375865 
1535381482947 0.248405 0.927122 -0.280607 -0.632747 -0.939524 0.301114 0.163172 -0.241283 0.235775 0.223104 0.945851 0.375865 
1535381483158 0.24802 0.927187 -0.280731 -0.632288 -0.939457 0.300927 0.163899 -0.241031 0.236445 0.223085 0.945689 0.376039 
1535381483373 0.247906 0.927174 -0.280875 -0.63182 -0.939375 0.30095 0.164328 -0.240854 0.23689 0.223109 0.945572 0.37619 
1535381483569 0.247676 0.927192 -0.28102 -0.631393 -0.939303 0.30088 0.164866 -0.240616 0.237415 0.22313 0.945435 0.376332 
1535381483782 0.247937 0.927016 -0.281371 -0.63084 -0.93911 0.301308 0.165183 -0.240707 0.237906 0.223283 0.945275 0.376462 
1535381484001 0.247481 0.927112 -0.281455 -0.630429 -0.939118 0.300993 0.165711 -0.240373 0.238349 0.223309 0.945157 0.376655 
1535381484228 0.247513 0.927057 -0.281607 -0.629938 -0.938985 0.301168 0.16615 -0.240258 0.238842 0.2233 0.945035 0.376836 
1535381484437 0.247294 0.927049 -0.281826 -0.629472 -0.938883 0.301147 0.166763 -0.240077 0.239468 0.223363 0.944862 0.376973 
1535381484673 0.247119 0.927053 -0.281965 -0.628903 -0.938749 0.301173 0.167468 -0.239816 0.240172 0.22331 0.944696 0.377182 
1535381484875 0.247206 0.927017 -0.282008 -0.62883 -0.938704 0.301284 0.167519 -0.239822 0.240257 0.22331 0.944674 0.377202 
1535381485053 0.247206 0.927017 -0.282008 -0.62883 -0.938704 0.301284 0.167519 -0.239822 0.240257 0.22331 0.944674 0.377202 
1535381485251 0.247076 0.927006 -0.282157 -0.628488 -0.938583 0.30133 0.168111 -0.23967 0.240862 0.223292 0.944524 0.377316 
1535381485446 0.246983 0.926989 -0.282294 -0.628109 -0.938476 0.301389 0.168606 -0.239496 0.241376 0.223283 0.944395 0.377415 
1535381485635 0.247006 0.926872 -0.28266 -0.627727 -0.93835 0.301588 0.168948 -0.239428 0.24184 0.223502 0.944225 0.377467 
1535381485836 0.247116 0.926797 -0.282809 -0.627317 -0.938186 0.301844 0.1694 -0.239359 0.242364 0.223466 0.944099 0.37758 
1535381486027 0.246882 0.926846 -0.282852 -0.62698 -0.938137 0.301732 0.169874 -0.239091 0.242793 0.223415 0.944001 0.377667 
1535381486229 0.247025 0.926755 -0.283027 -0.626594 -0.937943 0.302044 0.170392 -0.238969 0.243398 0.223372 0.943855 0.377823 
1535381486426 0.246832 0.926749 -0.283214 -0.626236 -0.937857 0.302019 0.170906 -0.238819 0.243923 0.223429 0.943706 0.377973 
1535381486491 0.246753 0.926729 -0.28335 -0.625709 -0.937729 0.302105 0.171455 -0.238597 0.244493 0.223398 0.943566 0.378115 
1535381486736 0.246797 0.926688 -0.283445 -0.62564 -0.937678 0.302201 0.171566 -0.238586 0.244645 0.223438 0.943517 0.378129 
1535381486972 0.24699 0.926619 -0.283501 -0.625348 -0.937618 0.302403 0.171535 -0.238535 0.24468 0.223448 0.943506 0.378231 
1535381487215 0.247228 0.926528 -0.283593 -0.624971 -0.937485 0.302712 0.171721 -0.238461 0.244952 0.22341 0.943444 0.378333 
1535381487446 0.247015 0.926541 -0.283736 -0.624654 -0.937461 0.302608 0.172031 -0.238219 0.245254 0.223497 0.943345 0.37842 
1535381487718 0.246983 0.926465 -0.28401 -0.624329 -0.937369 0.30272 0.172336 -0.238068 0.245639 0.223658 0.943207 0.378506 
1535381487956 0.247092 0.926418 -0.284069 -0.62386 -0.937236 0.30293 0.172693 -0.237862 0.246039 0.223568 0.943124 0.37863 
1535381488214 0.246993 0.926399 -0.284218 -0.62363 -0.937192 0.302927 0.172936 -0.237722 0.246305 0.223652 0.943034 0.378684 
1535381488492 0.247242 0.926292 -0.28435 -0.623261 -0.937026 0.30328 0.173216 -0.237648 0.246686 0.223618 0.942943 0.378804 
1535381488746 0.247195 0.926267 -0.284472 -0.622926 -0.936942 0.303345 0.173554 -0.237482 0.247051 0.223632 0.942844 0.37896 
1535381488780 0.247195 0.926267 -0.284472 -0.622926 -0.936942 0.303345 0.173554 -0.237482 0.247051 0.223632 0.942844 0.37896 
1535381488800 0.247359 0.926151 -0.284705 -0.622674 -0.936833 0.303605 0.173689 -0.237511 0.2473 0.223758 0.942749 0.379033 
1535381488919 0.247421 0.92613 -0.28472 -0.622677 -0.936813 0.30367 0.173682 -0.237531 0.247313 0.223757 0.942745 0.379031 
1535381489022 0.247277 0.926164 -0.284735 -0.622624 -0.936922 0.303472 0.173445 -0.23729 0.247047 0.223885 0.942785 0.379053 
1535381489224 0.247515 0.925985 -0.28511 -0.622346 -0.936891 0.30374 0.173141 -0.237234 0.246925 0.224262 0.942727 0.379151 
1535381489382 0.247782 0.925842 -0.285342 -0.622081 -0.936827 0.304032 0.172975 -0.237237 0.2469 0.224456 0.942688 0.37924 
1535381489554 0.247735 0.925756 -0.285662 -0.62188 -0.936841 0.304045 0.172873 -0.237012 0.246892 0.224793 0.942609 0.379262 
1535381489723 0.247845 0.925707 -0.285727 -0.621623 -0.936896 0.304085 0.172503 -0.23689 0.246573 0.224943 0.942657 0.379368 
1535381489927 0.247979 0.925578 -0.286029 -0.621332 -0.936866 0.304265 0.172353 -0.23678 0.246554 0.225231 0.942593 0.379493 
1535381490113 0.248187 0.925426 -0.286339 -0.62111 -0.936806 0.304525 0.172217 -0.236743 0.246571 0.225502 0.942524 0.379573 
1535381490276 0.248203 0.925377 -0.286482 -0.620875 -0.936833 0.304539 0.172045 -0.236555 0.246452 0.225684 0.942512 0.379634 
1535381490445 0.248165 0.925385 -0.286491 -0.620764 -0.936844 0.304504 0.172051 -0.236419 0.246451 0.2257 0.942508 0.379682 
1535381490479 0.248322 0.925288 -0.286666 -0.620683 -0.936818 0.304672 0.171895 -0.236486 0.246391 0.225869 0.942483 0.379705 
1535381490608 0.248322 0.925288 -0.286666 -0.620683 -0.936818 0.304672 0.171895 -0.236486 0.246391 0.225869 0.942483 0.379705 
1535381490654 0.248203 0.92534 -0.286602 -0.620478 -0.936844 0.30455 0.171964 -0.236364 0.24641 0.225819 0.94249 0.379779 
1535381490811 0.24824 0.925285 -0.28675 -0.620269 -0.936828 0.304619 0.171932 -0.236307 0.246435 0.225955 0.942451 0.379849 
1535381490857 0.248277 0.925239 -0.286866 -0.620063 -0.936828 0.304667 0.171846 -0.23622 0.246397 0.226079 0.942431 0.379925 
1535381491002 0.248507 0.925092 -0.287141 -0.619857 -0.936734 0.304968 0.171824 -0.236207 0.246522 0.226275 0.942352 0.379987 
1535381491118 0.248443 0.925115 -0.287122 -0.619658 -0.936759 0.304896 0.171817 -0.236063 0.246493 0.226277 0.942359 0.380064 
1535381491224 0.24856 0.924989 -0.287424 -0.619436 -0.936707 0.305082 0.171767 -0.236079 0.246571 0.226538 0.942276 0.38013 
1535381491317 0.248787 0.924922 -0.287444 -0.619199 -0.936662 0.305289 0.171649 -0.236055 0.246516 0.226533 0.942291 0.380207 
1535381491337 0.248702 0.924936 -0.287474 -0.619107 -0.936683 0.305215 0.171666 -0.235943 0.246522 0.226578 0.942279 0.380247 
1535381491354 0.248702 0.924936 -0.287474 -0.619107 -0.936683 0.305215 0.171666 -0.235943 0.246522 0.226578 0.942279 0.380247 
1535381491370 0.248744 0.924921 -0.287486 -0.619067 -0.936672 0.305257 0.171651 -0.235928 0.246521 0.226583 0.942278 0.380262 
1535381491534 0.248734 0.924967 -0.287346 -0.618855 -0.936666 0.305229 0.17173 -0.235844 0.246551 0.226433 0.942306 0.380331 
1535381491590 0.248656 0.925064 -0.287102 -0.618631 -0.936665 0.30513 0.171915 -0.235721 0.246636 0.22617 0.942347 0.380405 
1535381491720 0.248886 0.925031 -0.287007 -0.618395 -0.93656 0.305372 0.172058 -0.235694 0.246803 0.225977 0.94235 0.380452 
1535381491780 0.248872 0.925065 -0.286911 -0.618212 -0.936532 0.305369 0.172211 -0.235524 0.24692 0.225843 0.942351 0.380513 
1535381491913 0.249068 0.924971 -0.287043 -0.617956 -0.93643 0.305626 0.17231 -0.235592 0.24711 0.225879 0.942293 0.380548 
1535381491963 0.248943 0.92504 -0.286931 -0.617795 -0.93644 0.305508 0.172469 -0.235378 0.247201 0.225759 0.942298 0.380599 
1535381492134 0.249118 0.925058 -0.28672 -0.617426 -0.936374 0.305653 0.172571 -0.235305 0.247275 0.225486 0.942343 0.380687 
1535381492140 0.249118 0.925058 -0.28672 -0.617426 -0.936374 0.305653 0.172571 -0.235305 0.247275 0.225486 0.942343 0.380687 
1535381492158 0.249142 0.925062 -0.286684 -0.617375 -0.936363 0.305674 0.172594 -0.235275 0.247292 0.22544 0.94235 0.380701 
1535381492326 0.248988 0.925036 -0.286904 -0.617252 -0.936349 0.305617 0.172767 -0.235168 0.247498 0.225625 0.942252 0.380724 
1535381492476 0.249373 0.924803 -0.287319 -0.616935 -0.936097 0.306198 0.173103 -0.235254 0.248063 0.225791 0.942063 0.38079 
1535381492616 0.249191 0.924844 -0.287344 -0.616693 -0.936081 0.306089 0.173386 -0.235052 0.248308 0.225771 0.942003 0.380882 
1535381492743 0.249089 0.924803 -0.287566 -0.616469 -0.93601 0.306122 0.173707 -0.234858 0.248675 0.225897 0.941877 0.380972 
1535381492882 0.249305 0.924692 -0.287734 -0.61615 -0.935858 0.306445 0.173959 -0.234881 0.249033 0.225909 0.941779 0.381068 
1535381493033 0.249131 0.92469 -0.287892 -0.615907 -0.935778 0.306424 0.174425 -0.234689 0.249506 0.225949 0.941644 0.381157 
1535381493170 0.249241 0.924611 -0.288049 -0.615634 -0.935641 0.306656 0.174753 -0.234587 0.249911 0.225955 0.941535 0.38126 
1535381493313 0.24942 0.924517 -0.288198 -0.615325 -0.935507 0.306932 0.174984 -0.234584 0.250233 0.225967 0.941447 0.38135 
1535381493518 0.249346 0.924506 -0.288298 -0.615219 -0.935481 0.306922 0.175141 -0.234502 0.250403 0.226027 0.941387 0.381388 
1535381493717 0.249264 0.924629 -0.287974 -0.615031 -0.935435 0.306843 0.175523 -0.234364 0.250657 0.22563 0.941415 0.381416 
1535381493911 0.2495 0.92453 -0.288086 -0.614708 -0.935301 0.307154 0.175694 -0.234379 0.250921 0.225612 0.941349 0.381487 
1535381494115 0.249579 0.924536 -0.288001 -0.614423 -0.935177 0.307305 0.176089 -0.234308 0.251305 0.225384 0.941301 0.381566 
1535381494327 0.249505 0.924586 -0.287902 -0.614151 -0.935124 0.307281 0.176412 -0.234161 0.251575 0.225208 0.941271 0.381648 
1535381494528 0.24963 0.924573 -0.287837 -0.613854 -0.934997 0.307471 0.176754 -0.234099 0.251924 0.225003 0.941227 0.381726 
1535381494719 0.249754 0.924597 -0.287652 -0.613525 -0.934901 0.30761 0.177019 -0.234077 0.252156 0.224715 0.941234 0.381832 
1535381494919 0.249768 0.924632 -0.287527 -0.613244 -0.934812 0.307675 0.177376 -0.233958 0.252473 0.224481 0.941204 0.381927 
1535381495118 0.249839 0.924597 -0.287576 -0.612935 -0.934684 0.30785 0.17775 -0.233908 0.252878 0.224384 0.941119 0.381937 
1535381495152 0.249618 0.924717 -0.287383 -0.612732 -0.934717 0.307625 0.177963 -0.233708 0.252972 0.224199 0.941138 0.382025 
1535381495303 0.24961 0.92472 -0.28738 -0.612711 -0.934712 0.307623 0.177991 -0.233691 0.252997 0.224189 0.941133 0.382033 
1535381495330 0.24961 0.92472 -0.28738 -0.612711 -0.934712 0.307623 0.177991 -0.233691 0.252997 0.224189 0.941133 0.382033 
1535381495474 0.250082 0.924497 -0.287688 -0.612524 -0.934591 0.308127 0.177757 -0.23381 0.25298 0.224417 0.941084 0.382076 
1535381495644 0.250146 0.924514 -0.287578 -0.612215 -0.934551 0.308187 0.177861 -0.233633 0.253062 0.224265 0.941098 0.382155 
1535381495804 0.250463 0.924431 -0.287569 -0.611852 -0.93444 0.308511 0.177887 -0.233596 0.253163 0.224162 0.941095 0.382223 
1535381495972 0.250587 0.924373 -0.287647 -0.611556 -0.93438 0.308668 0.17793 -0.233418 0.253261 0.224184 0.941063 0.382295 
1535381495989 0.250587 0.924373 -0.287647 -0.611556 -0.93438 0.308668 0.17793 -0.233418 0.253261 0.224184 0.941063 0.382295 
1535381496180 0.25037 0.924487 -0.287468 -0.610967 -0.934454 0.308412 0.17798 -0.233013 0.253199 0.224065 0.941108 0.382459 
1535381496347 0.250715 0.924329 -0.287677 -0.610635 -0.934356 0.308787 0.17785 -0.232993 0.253223 0.224203 0.941069 0.382528 
1535381496544 0.25106 0.924218 -0.287731 -0.610282 -0.934227 0.309157 0.17788 -0.232946 0.253354 0.224148 0.941047 0.382612 
1535381496570 0.250874 0.924314 -0.287587 -0.610087 -0.934278 0.308951 0.17797 -0.232759 0.253351 0.224038 0.941074 0.382676 
1535381496591 0.250874 0.924314 -0.287587 -0.610087 -0.934278 0.308951 0.17797 -0.232759 0.253351 0.224038 0.941074 0.382676 
1535381496801 0.251093 0.924244 -0.287621 -0.609843 -0.934185 0.309197 0.178034 -0.232633 0.253479 0.223988 0.941052 0.382731 
1535381496973 0.25141 0.924151 -0.287641 -0.609449 -0.934056 0.309541 0.17811 -0.232611 0.253638 0.223894 0.941031 0.382836 
1535381497138 0.251338 0.924207 -0.287526 -0.609138 -0.934056 0.309468 0.178239 -0.232324 0.253709 0.223768 0.941042 0.382948 
1535381497308 0.251621 0.92416 -0.28743 -0.60874 -0.933955 0.30974 0.178293 -0.232267 0.2538 0.223584 0.941061 0.383055 
1535381497480 0.251665 0.924133 -0.287476 -0.608431 -0.933881 0.309846 0.1785 -0.232017 0.254032 0.223546 0.941007 0.38315 
1535381497651 0.251679 0.924187 -0.28729 -0.608092 -0.933865 0.309835 0.178603 -0.231811 0.254075 0.223339 0.941045 0.383252 
1535381497814 0.251862 0.924139 -0.287285 -0.607721 -0.93382 0.310004 0.178542 -0.231713 0.254057 0.223305 0.941058 0.383359 
1535381498007 0.252019 0.924124 -0.287194 -0.607361 -0.933759 0.310153 0.178605 -0.231562 0.254128 0.223158 0.941074 0.383466 
1535381498025 0.252002 0.924149 -0.287129 -0.607227 -0.933757 0.31013 0.178656 -0.231494 0.254152 0.223087 0.941084 0.383508 
1535381498045 0.251993 0.924159 -0.287104 -0.607175 -0.933756 0.310119 0.178679 -0.231463 0.254164 0.223059 0.941087 0.383526 
1535381498234 0.251924 0.924182 -0.287092 -0.607015 -0.933806 0.310023 0.178584 -0.231239 0.254049 0.223098 0.941109 0.383499 
1535381498389 0.252351 0.924103 -0.286971 -0.606659 -0.933802 0.310309 0.178106 -0.231229 0.253638 0.223029 0.941237 0.383553 
1535381498534 0.252404 0.924157 -0.286751 -0.606366 -0.93382 0.310289 0.17805 -0.231006 0.253522 0.222833 0.941314 0.383687 
1535381498667 0.252506 0.924184 -0.286575 -0.606051 -0.933856 0.310296 0.177846 -0.230847 0.253285 0.222713 0.941406 0.38378 
1535381498818 0.252612 0.924226 -0.286345 -0.605754 -0.933908 0.310282 0.177598 -0.230656 0.252988 0.222557 0.941523 0.383884 
1535381498985 0.252999 0.92413 -0.286314 -0.605427 -0.933867 0.310589 0.177278 -0.230573 0.252753 0.222528 0.941593 0.383915 
1535381499150 0.252977 0.924139 -0.286305 -0.605122 -0.933948 0.310499 0.177005 -0.23042 0.252475 0.222616 0.941647 0.383931 
1535381499346 0.253096 0.924242 -0.285866 -0.604716 -0.933978 0.310474 0.176891 -0.230059 0.252244 0.222222 0.941802 0.384131 
1535381499508 0.253115 0.924256 -0.285803 -0.604657 -0.933982 0.310472 0.176874 -0.230024 0.252211 0.222165 0.941824 0.384159 
1535381499659 0.253303 0.924203 -0.285808 -0.604614 -0.933955 0.310631 0.176737 -0.23015 0.252121 0.222164 0.941848 0.384172 
1535381499820 0.252927 0.924474 -0.285263 -0.604526 -0.934085 0.310144 0.176906 -0.229952 0.252018 0.221715 0.941982 0.384158 
1535381499987 0.253217 0.924421 -0.28518 -0.604349 -0.934044 0.310372 0.176724 -0.229865 0.251879 0.221621 0.942041 0.384088 
1535381500147 0.253146 0.924513 -0.284944 -0.604166 -0.934119 0.31021 0.176611 -0.229744 0.251672 0.221464 0.942133 0.38407 
1535381500325 0.253216 0.92463 -0.284501 -0.603944 -0.934141 0.310156 0.176588 -0.229695 0.251518 0.22105 0.942272 0.384101 
1535381500499 0.253299 0.924721 -0.284131 -0.603771 -0.934128 0.310156 0.176657 -0.229521 0.251484 0.220668 0.94237 0.384145 
1535381500661 0.253232 0.924822 -0.283862 -0.603569 -0.934186 0.310006 0.176613 -0.229431 0.251334 0.220456 0.94246 0.38415 
1535381500830 0.253207 0.924917 -0.283575 -0.603404 -0.934227 0.309897 0.176589 -0.229256 0.251209 0.22021 0.942551 0.384135 
1535381500854 0.253324 0.924948 -0.283368 -0.603203 -0.934244 0.309926 0.176446 -0.229222 0.251027 0.220037 0.94264 0.384087 
1535381500874 0.253352 0.924962 -0.283299 -0.603155 -0.934242 0.309935 0.176445 -0.229197 0.251009 0.219967 0.94266 0.384097 
1535381500898 0.253358 0.924975 -0.28325 -0.60313 -0.934246 0.309927 0.176437 -0.229192 0.250986 0.219923 0.942677 0.384102 
1535381501052 0.253547 0.924965 -0.283116 -0.603204 -0.934216 0.310063 0.176358 -0.22923 0.250908 0.219776 0.942732 0.384067 
1535381501138 0.253656 0.925093 -0.282599 -0.603193 -0.934195 0.31006 0.17647 -0.229192 0.250874 0.219239 0.942866 0.384052 
1535381501253 0.253697 0.925266 -0.281996 -0.603156 -0.9342 0.30997 0.176604 -0.229036 0.250816 0.218637 0.943021 0.384051 
1535381501338 0.253823 0.925399 -0.281445 -0.603073 -0.934243 0.309918 0.176465 -0.228909 0.250526 0.218147 0.943212 0.383972 
1535381501459 0.254048 0.925462 -0.281031 -0.602994 -0.934248 0.309997 0.176302 -0.228853 0.25028 0.217764 0.943366 0.383898 
1535381501542 0.254245 0.925557 -0.280541 -0.602908 -0.93422 0.310069 0.176323 -0.228778 0.250184 0.217258 0.943508 0.383874 
1535381501650 0.254494 0.925657 -0.279985 -0.602827 -0.934209 0.310152 0.176236 -0.228749 0.249972 0.216714 0.943689 0.383926 
1535381501675 0.254494 0.925657 -0.279985 -0.602827 -0.934209 0.310152 0.176236 -0.228749 0.249972 0.216714 0.943689 0.383926 
1535381501880 0.254739 0.925875 -0.27904 -0.602666 -0.93424 0.310121 0.176127 -0.228639 0.249608 0.215824 0.943989 0.383857 
1535381502059 0.254988 0.925694 -0.279414 -0.602813 -0.934183 0.310421 0.175902 -0.228798 0.249567 0.216171 0.943921 0.383879 
1535381502229 0.254794 0.925963 -0.278698 -0.60281 -0.93431 0.310036 0.175907 -0.228647 0.24929 0.21557 0.944131 0.383856 
1535381502417 0.255137 0.925941 -0.278457 -0.602857 -0.93432 0.310228 0.175512 -0.228678 0.248899 0.215388 0.944276 0.383716 
1535381502606 0.255366 0.926142 -0.277576 -0.602863 -0.934379 0.310174 0.175293 -0.228583 0.248443 0.214597 0.944576 0.383724 
1535381502793 0.255736 0.926218 -0.276982 -0.60288 -0.934366 0.31034 0.175069 -0.228599 0.248111 0.214032 0.944792 0.383653 
1535381502990 0.256046 0.926341 -0.276283 -0.602902 -0.934435 0.310371 0.174644 -0.228556 0.24753 0.213452 0.945075 0.383585 
1535381503170 0.256364 0.926422 -0.275718 -0.602917 -0.934423 0.310504 0.174473 -0.228552 0.247247 0.212908 0.945272 0.383523 
1535381503367 0.256343 0.926616 -0.275085 -0.602937 -0.934514 0.310291 0.174365 -0.228383 0.246926 0.212374 0.945476 0.383441 
1535381503422 0.256343 0.926616 -0.275085 -0.602937 -0.934514 0.310291 0.174365 -0.228383 0.246926 0.212374 0.945476 0.383441 
1535381503568 0.256774 0.926705 -0.274382 -0.602947 -0.93454 0.310448 0.173947 -0.228414 0.246379 0.211755 0.945757 0.383402 
1535381504407 0.250812 0.92639 -0.280883 -0.588682 -0.935818 0.306268 0.174482 -0.221857 0.247663 0.219093 0.943748 0.393047 
1535381505379 0.245926 0.925765 -0.287192 -0.57425 -0.936909 0.302979 0.17437 -0.215364 0.248439 0.226191 0.941868 0.40309 
1535381506363 0.241617 0.925042 -0.293118 -0.559685 -0.937853 0.300155 0.174179 -0.209276 0.249104 0.232817 0.940076 0.413366 
1535381507320 0.236707 0.92426 -0.299522 -0.545273 -0.938943 0.296847 0.173977 -0.202834 0.249712 0.240053 0.938093 0.423252 
1535381508315 0.232089 0.923434 -0.305621 -0.53079 -0.939927 0.293779 0.173873 -0.196512 0.250345 0.246908 0.936143 0.433364 
1535381509213 0.227168 0.92263 -0.311686 -0.516292 -0.941036 0.290355 0.173626 -0.190117 0.250692 0.253865 0.934187 0.443441 
1535381510075 0.222262 0.9217 -0.317915 -0.501882 -0.942068 0.287035 0.17355 -0.183739 0.251214 0.260923 0.9321 0.453412 
1535381510091 0.222678 0.921571 -0.317994 -0.501758 -0.941978 0.287434 0.173377 -0.183872 0.251182 0.260936 0.932105 0.453563 
1535381513649 0.212834 0.919602 -0.330202 -0.472931 -0.944025 0.280703 0.173269 -0.171121 0.252027 0.274841 0.927871 0.473569 
1535381514200 0.213484 0.919376 -0.330413 -0.472636 -0.943735 0.281509 0.17354 -0.171221 0.252563 0.274774 0.927745 0.473973 
1535381514668 0.212746 0.919607 -0.330245 -0.472917 -0.944299 0.28035 0.172346 -0.171233 0.251075 0.275184 0.928028 0.473502 
1535381515139 0.212706 0.919639 -0.330183 -0.472944 -0.944493 0.280098 0.171691 -0.171224 0.250377 0.275336 0.928171 0.473546 
1535381515610 0.212765 0.91965 -0.330113 -0.472928 -0.944706 0.27989 0.170854 -0.171333 0.249522 0.275508 0.92835 0.473531 
1535381516066 0.212803 0.919612 -0.330194 -0.472932 -0.944884 0.279736 0.170124 -0.171429 0.248815 0.275792 0.928456 0.473503 
1535381516519 0.212796 0.919616 -0.330189 -0.472924 -0.945084 0.279507 0.169386 -0.171529 0.248061 0.276012 0.928592 0.473508 
1535381516974 0.212614 0.919688 -0.330103 -0.472953 -0.945344 0.279077 0.168645 -0.171523 0.247226 0.276205 0.928757 0.473508 
1535381517455 0.212799 0.919628 -0.330153 -0.472954 -0.945478 0.279063 0.167914 -0.171622 0.246552 0.27642 0.928872 0.473487 
1535381517943 0.212785 0.919642 -0.330124 -0.472944 -0.945697 0.278801 0.167111 -0.171729 0.245722 0.276639 0.929027 0.473475 
1535381517967 0.212785 0.919642 -0.330124 -0.472944 -0.945697 0.278801 0.167111 -0.171729 0.245722 0.276639 0.929027 0.473475 
1535381518212 0.212831 0.919662 -0.330038 -0.472927 -0.945904 0.278584 0.166301 -0.171833 0.244884 0.27679 0.929204 0.473478 
1535381518432 0.2129 0.919671 -0.329968 -0.47292 -0.945692 0.278858 0.167047 -0.171735 0.245642 0.276484 0.929095 0.473527 
1535381518656 0.212843 0.919649 -0.330067 -0.472932 -0.945733 0.278791 0.166928 -0.171749 0.245535 0.276626 0.929081 0.473527 
1535381518897 0.212822 0.919637 -0.330112 -0.472937 -0.945768 0.278745 0.166804 -0.171764 0.245416 0.27671 0.929087 0.4735 
1535381519127 0.212806 0.919629 -0.330145 -0.472941 -0.945789 0.278717 0.166735 -0.171772 0.245351 0.276765 0.929088 0.473492 
1535381519340 0.212777 0.919616 -0.330199 -0.472947 -0.945849 0.278639 0.166524 -0.171797 0.245145 0.276886 0.929106 0.473457 
1535381519555 0.212765 0.919614 -0.330213 -0.472949 -0.945884 0.278594 0.1664 -0.171811 0.245019 0.276939 0.929123 0.473442 
1535381519794 0.212791 0.919635 -0.33014 -0.472937 -0.945914 0.278565 0.166281 -0.171828 0.244883 0.2769 0.929171 0.47346 
1535381520010 0.212737 0.919626 -0.330197 -0.472946 -0.945981 0.278462 0.166069 -0.171847 0.244669 0.277031 0.929188 0.473448 
1535381520040 0.212737 0.919626 -0.330197 -0.472946 -0.945981 0.278462 0.166069 -0.171847 0.244669 0.277031 0.929188 0.473448 
1535381520224 0.212719 0.919627 -0.330207 -0.472948 -0.946025 0.278401 0.165919 -0.171862 0.244514 0.27709 0.929212 0.473437 
1535381520418 0.212715 0.919626 -0.330212 -0.472947 -0.946032 0.278392 0.165899 -0.171864 0.244493 0.277102 0.929214 0.473433 
1535381520571 0.212712 0.919627 -0.330211 -0.472947 -0.946032 0.278389 0.165899 -0.171863 0.244492 0.277102 0.929214 0.473434 
1535381520711 0.21271 0.919627 -0.330212 -0.472947 -0.946033 0.278386 0.165897 -0.171862 0.24449 0.277104 0.929214 0.473434 
1535381520862 0.212708 0.919628 -0.330212 -0.472946 -0.946035 0.278384 0.165895 -0.171862 0.244487 0.277105 0.929214 0.473434 
1535381521030 0.212706 0.919628 -0.330213 -0.472946 -0.946036 0.278381 0.165891 -0.171862 0.244483 0.277108 0.929214 0.473434 
1535381521219 0.212705 0.919628 -0.330213 -0.472946 -0.946038 0.278379 0.165887 -0.171862 0.244478 0.277109 0.929215 0.473435 
1535381521402 0.212705 0.919629 -0.33021 -0.472945 -0.946039 0.278376 0.165882 -0.171862 0.244472 0.277107 0.929217 0.473437 
1535381521562 0.212705 0.919632 -0.330203 -0.472944 -0.94604 0.278374 0.165878 -0.171862 0.244466 0.277103 0.92922 0.47344 
1535381521594 0.212707 0.919634 -0.330195 -0.472943 -0.946042 0.278372 0.165873 -0.171862 0.24446 0.277096 0.929224 0.473443 
1535381521687 0.212707 0.919634 -0.330195 -0.472943 -0.946042 0.278371 0.165873 -0.171862 0.24446 0.277096 0.929224 0.473444 
1535381521857 0.212707 0.919635 -0.330194 -0.472943 -0.946042 0.278371 0.165872 -0.171862 0.244458 0.277095 0.929225 0.473444 
1535381522057 0.212703 0.919635 -0.330194 -0.472942 -0.946043 0.278368 0.165874 -0.171861 0.244459 0.277096 0.929224 0.473444 
1535381522246 0.212701 0.919636 -0.330193 -0.472941 -0.946044 0.278365 0.165874 -0.17186 0.244458 0.277095 0.929225 0.473444 
1535381522423 0.212699 0.919637 -0.330192 -0.472941 -0.946044 0.278363 0.165874 -0.171859 0.244457 0.277095 0.929225 0.473444 
1535381522615 0.212698 0.919638 -0.330191 -0.472941 -0.946045 0.278362 0.165874 -0.171858 0.244457 0.277095 0.929225 0.473445 
1535381522804 0.212697 0.919638 -0.33019 -0.47294 -0.946045 0.278361 0.165874 -0.171858 0.244456 0.277094 0.929226 0.473445 
1535381522986 0.212697 0.919639 -0.330189 -0.47294 -0.946045 0.27836 0.165873 -0.171857 0.244455 0.277093 0.929226 0.473446 
1535381523181 0.212697 0.91964 -0.330185 -0.472939 -0.946046 0.278359 0.165872 -0.171857 0.244452 0.277089 0.929228 0.473447 
1535381523213 0.212698 0.919642 -0.330178 -0.472938 -0.946047 0.278358 0.16587 -0.171857 0.244449 0.277084 0.92923 0.47345 
1535381523498 0.212698 0.919642 -0.330178 -0.472938 -0.946047 0.278358 0.16587 -0.171857 0.244449 0.277083 0.929231 0.47345 
1535381523758 0.212693 0.919644 -0.330178 -0.472937 -0.946048 0.278352 0.165873 -0.171855 0.24445 0.277084 0.92923 0.47345 
1535381524028 0.21269 0.919645 -0.330177 -0.472936 -0.946048 0.278349 0.165874 -0.171853 0.244449 0.277083 0.92923 0.47345 
1535381524299 0.212688 0.919646 -0.330176 -0.472936 -0.946049 0.278347 0.165874 -0.171853 0.244449 0.277083 0.929231 0.47345 
1535381524569 0.212687 0.919646 -0.330175 -0.472935 -0.946049 0.278346 0.165875 -0.171852 0.244449 0.277082 0.929231 0.473451 
1535381524832 0.212686 0.919646 -0.330174 -0.472935 -0.946049 0.278345 0.165875 -0.171852 0.244448 0.277082 0.929231 0.473451 
1535381525099 0.212686 0.919647 -0.330174 -0.472935 -0.94605 0.278345 0.165874 -0.171852 0.244448 0.277082 0.929231 0.473451 
1535381525429 0.212686 0.919647 -0.330173 -0.472935 -0.94605 0.278345 0.165874 -0.171852 0.244447 0.277081 0.929232 0.473451 
1535381525719 0.212687 0.919647 -0.330171 -0.472935 -0.94605 0.278345 0.165873 -0.171852 0.244446 0.27708 0.929233 0.473452 
1535381525756 0.212687 0.919647 -0.330171 -0.472935 -0.94605 0.278345 0.165873 -0.171852 0.244446 0.27708 0.929233 0.473452 
1535381525989 0.212687 0.919648 -0.330168 -0.472934 -0.94605 0.278344 0.165871 -0.171851 0.244444 0.277077 0.929234 0.473453 
1535381526266 0.212684 0.919649 -0.330169 -0.472934 -0.946051 0.278341 0.165873 -0.171851 0.244445 0.277078 0.929233 0.473453 
1535381526515 0.212683 0.919649 -0.330168 -0.472933 -0.946051 0.27834 0.165874 -0.17185 0.244445 0.277078 0.929233 0.473453 
1535381526761 0.212682 0.91965 -0.330168 -0.472933 -0.946052 0.278339 0.165874 -0.171849 0.244444 0.277077 0.929234 0.473453 
1535381527002 0.212681 0.91965 -0.330167 -0.472933 -0.946052 0.278338 0.165874 -0.171849 0.244444 0.277077 0.929234 0.473453 
1535381527237 0.212681 0.91965 -0.330167 -0.472933 -0.946052 0.278338 0.165874 -0.171849 0.244444 0.277077 0.929234 0.473453 
1535381527478 0.212681 0.91965 -0.330166 -0.472933 -0.946052 0.278337 0.165874 -0.171849 0.244444 0.277076 0.929234 0.473454 
1535381527723 0.212681 0.919651 -0.330166 -0.472933 -0.946052 0.278337 0.165873 -0.171849 0.244443 0.277076 0.929234 0.473454 
1535381527965 0.212681 0.919651 -0.330165 -0.472933 -0.946052 0.278337 0.165873 -0.171849 0.244443 0.277076 0.929235 0.473454 
1535381527995 0.212681 0.919651 -0.330165 -0.472933 -0.946052 0.278337 0.165873 -0.171849 0.244443 0.277076 0.929235 0.473454 
1535381528242 0.212682 0.919651 -0.330164 -0.472932 -0.946052 0.278337 0.165872 -0.171848 0.244442 0.277074 0.929235 0.473455 
1535381528483 0.212679 0.919651 -0.330165 -0.472932 -0.946053 0.278335 0.165874 -0.171848 0.244443 0.277076 0.929235 0.473454 
1535381528722 0.212678 0.919652 -0.330165 -0.472932 -0.946053 0.278334 0.165874 -0.171847 0.244443 0.277075 0.929235 0.473454 
1535381528983 0.212677 0.919652 -0.330164 -0.472931 -0.946053 0.278333 0.165875 -0.171847 0.244442 0.277075 0.929235 0.473454 
1535381529228 0.212676 0.919652 -0.330164 -0.472931 -0.946053 0.278332 0.165875 -0.171847 0.244442 0.277075 0.929235 0.473454 
1535381529465 0.212677 0.919653 -0.330163 -0.472931 -0.946053 0.278332 0.165874 -0.171847 0.244442 0.277074 0.929235 0.473455 
1535381529702 0.212677 0.919653 -0.330163 -0.472931 -0.946053 0.278332 0.165874 -0.171847 0.244442 0.277074 0.929235 0.473455 
1535381529951 0.212677 0.919653 -0.330163 -0.472931 -0.946053 0.278332 0.165874 -0.171846 0.244441 0.277074 0.929235 0.473455 
1535381530186 0.212677 0.919653 -0.330162 -0.472931 -0.946053 0.278332 0.165873 -0.171847 0.244441 0.277073 0.929236 0.473455 
1535381530216 0.212677 0.919653 -0.330162 -0.472931 -0.946053 0.278332 0.165873 -0.171847 0.244441 0.277073 0.929236 0.473455 
1535381530496 0.212677 0.919653 -0.330161 -0.472931 -0.946054 0.278332 0.165873 -0.171846 0.24444 0.277072 0.929236 0.473455 
1535381530747 0.212675 0.919653 -0.330162 -0.472931 -0.946054 0.27833 0.165874 -0.171846 0.244441 0.277074 0.929236 0.473455 
1535381531005 0.212673 0.919654 -0.330162 -0.47293 -0.946054 0.278329 0.165875 -0.171845 0.244441 0.277074 0.929236 0.473455 
1535381531282 0.212673 0.919654 -0.330162 -0.47293 -0.946054 0.278328 0.165875 -0.171845 0.244441 0.277074 0.929236 0.473455 
1535381531550 0.212673 0.919654 -0.330161 -0.47293 -0.946054 0.278328 0.165875 -0.171845 0.244441 0.277073 0.929236 0.473455 
1535381531810 0.212673 0.919654 -0.330161 -0.47293 -0.946054 0.278328 0.165875 -0.171845 0.24444 0.277073 0.929236 0.473455 
1535381532083 0.212673 0.919654 -0.330161 -0.47293 -0.946055 0.278328 0.165875 -0.171845 0.24444 0.277073 0.929236 0.473455 
1535381532361 0.212673 0.919654 -0.33016 -0.47293 -0.946055 0.278328 0.165874 -0.171845 0.24444 0.277072 0.929236 0.473456 
1535381532633 0.212673 0.919655 -0.33016 -0.47293 -0.946055 0.278328 0.165874 -0.171845 0.244439 0.277072 0.929236 0.473456 
1535381532657 0.212673 0.919655 -0.33016 -0.47293 -0.946055 0.278328 0.165874 -0.171845 0.244439 0.277072 0.929236 0.473456 
1535381532817 0.212673 0.919655 -0.330159 -0.47293 -0.946055 0.278328 0.165874 -0.171845 0.244439 0.277072 0.929237 0.473456 
1535381533020 0.212673 0.919655 -0.330161 -0.47293 -0.946055 0.278327 0.165874 -0.171845 0.24444 0.277073 0.929236 0.473455 
1535381533223 0.212671 0.919655 -0.33016 -0.47293 -0.946055 0.278326 0.165875 -0.171844 0.24444 0.277073 0.929236 0.473456 
1535381533421 0.212671 0.919655 -0.33016 -0.47293 -0.946055 0.278326 0.165875 -0.171844 0.24444 0.277073 0.929236 0.473456 
1535381533625 0.212671 0.919655 -0.33016 -0.47293 -0.946055 0.278326 0.165875 -0.171844 0.24444 0.277073 0.929236 0.473456 
