1533678718686 0.156292 0.630469 -0.760316 -0.507518 -0.941272 0.328332 0.0787696 -0.201566 0.299298 0.703354 0.644759 0.430933 
1533678722718 0.15629 0.630466 -0.760319 -0.507518 -0.941271 0.328334 0.0787728 -0.201566 0.299302 0.703356 0.644755 0.430932 
1533678723410 0.139434 0.627233 -0.766249 -0.520958 -0.944967 0.315562 0.0863561 -0.204532 0.295965 0.712039 0.636715 0.433141 
1533678724114 0.122489 0.624116 -0.77167 -0.534638 -0.948211 0.303193 0.0947068 -0.20757 0.293073 0.720106 0.628932 0.435742 
1533678725119 0.0879221 0.616954 -0.782072 -0.562078 -0.953972 0.27813 0.112161 -0.213486 0.286716 0.736214 0.613011 0.44091 
1533678725870 0.0706701 0.613098 -0.78684 -0.575812 -0.956328 0.26593 0.121317 -0.216352 0.283623 0.743903 0.605116 0.44366 
1533678726648 0.053411 0.608935 -0.79142 -0.589476 -0.958531 0.253448 0.130319 -0.219216 0.27994 0.75164 0.59722 0.446351 
1533678727472 0.0362711 0.604422 -0.795838 -0.603093 -0.960434 0.241133 0.139363 -0.222065 0.276137 0.759295 0.589254 0.449014 
1533678728344 0.0191293 0.599693 -0.800001 -0.616669 -0.962132 0.228652 0.148395 -0.224775 0.271913 0.766868 0.581358 0.451727 
1533678728974 0.00369691 0.592916 -0.805256 -0.627836 -0.963718 0.217037 0.155382 -0.223257 0.266899 0.775465 0.572206 0.455994 
1533678729054 0.00336552 0.59311 -0.805115 -0.628098 -0.963577 0.217222 0.155995 -0.223157 0.267411 0.775265 0.572238 0.45654 
1533678729468 0.00173328 0.592794 -0.805352 -0.629348 -0.963843 0.21559 0.156614 -0.223895 0.266466 0.775962 0.571734 0.456192 
1533678729883 -0.000205061 0.592422 -0.805628 -0.630976 -0.963926 0.214318 0.157845 -0.224719 0.266171 0.776598 0.571006 0.456237 
1533678730304 -0.00204094 0.592102 -0.805861 -0.632662 -0.964031 0.21302 0.158957 -0.225554 0.265783 0.777199 0.570369 0.456288 
1533678730722 -0.00420196 0.591676 -0.806165 -0.634373 -0.964108 0.211624 0.160344 -0.22628 0.265476 0.777904 0.569551 0.456395 
1533678731321 -0.00767797 0.591093 -0.806567 -0.637644 -0.96431 0.209104 0.162422 -0.228091 0.264663 0.779028 0.568392 0.456612 
1533678731922 -0.0119093 0.590322 -0.80708 -0.64107 -0.964452 0.206311 0.165133 -0.229541 0.263991 0.780356 0.56688 0.456823 
1533678732359 -0.0139663 0.589981 -0.807296 -0.642823 -0.964475 0.205062 0.166547 -0.230236 0.263806 0.780943 0.566158 0.456905 
1533678732416 -0.0137079 0.589855 -0.807393 -0.642974 -0.96439 0.205497 0.166503 -0.230402 0.26413 0.780924 0.566033 0.456945 
1533678732617 -0.0142762 0.589861 -0.807379 -0.643056 -0.964484 0.204869 0.166729 -0.230353 0.263754 0.781084 0.565987 0.456879 
1533678732755 -0.0143803 0.58994 -0.807319 -0.643247 -0.964447 0.2049 0.166908 -0.230439 0.263886 0.781017 0.566019 0.457024 
1533678732896 -0.0146867 0.589716 -0.807477 -0.643468 -0.964457 0.20473 0.16706 -0.230505 0.263833 0.78123 0.565749 0.456917 
1533678733039 -0.014696 0.589738 -0.807461 -0.643636 -0.964449 0.204743 0.16709 -0.230657 0.263861 0.78121 0.565763 0.456926 
1533678733183 -0.0150929 0.589791 -0.807415 -0.643849 -0.964458 0.20446 0.16738 -0.23061 0.263804 0.781244 0.565743 0.456968 
1533678733323 -0.014991 0.589732 -0.80746 -0.644006 -0.96446 0.204531 0.167286 -0.230878 0.263805 0.78127 0.565707 0.457075 
1533678733461 -0.015321 0.589768 -0.807428 -0.644164 -0.964443 0.204372 0.167579 -0.230866 0.263848 0.781285 0.565666 0.457069 
1533678733601 -0.0154685 0.589663 -0.807501 -0.644385 -0.964463 0.204243 0.16762 -0.230994 0.263766 0.781398 0.565549 0.457061 
1533678733654 -0.0155058 0.58966 -0.807503 -0.644461 -0.964454 0.204246 0.167666 -0.231063 0.263795 0.781399 0.565533 0.457079 
1533678733671 -0.015445 0.589643 -0.807516 -0.644481 -0.964432 0.204354 0.167664 -0.231082 0.263881 0.781384 0.565514 0.457078 
1533678733853 -0.0160332 0.589813 -0.80738 -0.644401 -0.964428 0.203968 0.168156 -0.230972 0.26386 0.781356 0.565562 0.457037 
1533678733999 -0.0161104 0.59006 -0.807199 -0.644286 -0.96444 0.203832 0.168249 -0.231154 0.26381 0.781205 0.565794 0.457031 
1533678734143 -0.0163072 0.590395 -0.80695 -0.644271 -0.964408 0.203736 0.16855 -0.231193 0.263915 0.780977 0.566059 0.457156 
1533678734348 -0.0169101 0.590659 -0.806744 -0.644256 -0.964456 0.203164 0.168963 -0.23133 0.263701 0.780927 0.566229 0.457083 
1533678734488 -0.0169994 0.590868 -0.806589 -0.644196 -0.964369 0.203322 0.169269 -0.231461 0.264013 0.780727 0.566359 0.457169 
1533678734627 -0.0174659 0.590988 -0.806491 -0.644205 -0.964375 0.20299 0.169634 -0.231431 0.263961 0.780723 0.566389 0.457098 
1533678734770 -0.017699 0.591288 -0.806266 -0.644169 -0.964336 0.202896 0.169966 -0.231451 0.264087 0.78052 0.566609 0.457105 
1533678734803 -0.017806 0.591348 -0.80622 -0.644162 -0.964341 0.202804 0.170052 -0.231456 0.264065 0.780498 0.56665 0.457098 
1533678734820 -0.0178521 0.591368 -0.806204 -0.644161 -0.964346 0.202756 0.17008 -0.231456 0.264043 0.780496 0.566664 0.457094 
1533678734837 -0.0179299 0.591393 -0.806184 -0.64416 -0.964358 0.202667 0.170118 -0.231455 0.263993 0.7805 0.566681 0.457091 
1533678734853 -0.017929 0.591392 -0.806185 -0.644162 -0.96434 0.202721 0.170156 -0.231453 0.264059 0.780487 0.566668 0.457087 
1533678734870 -0.0179321 0.591379 -0.806194 -0.644164 -0.964333 0.202741 0.170169 -0.23145 0.264083 0.780491 0.566651 0.457084 
1533678734887 -0.0179289 0.591371 -0.8062 -0.644166 -0.96433 0.202756 0.170173 -0.231448 0.264097 0.780494 0.566641 0.457085 
1533678734903 -0.0179294 0.591361 -0.806208 -0.644167 -0.964332 0.202749 0.170165 -0.231449 0.264087 0.780503 0.566633 0.457087 
1533678734920 -0.01787 0.591355 -0.806213 -0.644166 -0.964331 0.202792 0.170122 -0.231456 0.264096 0.780496 0.566638 0.457099 
1533678734937 -0.0177252 0.591371 -0.806205 -0.644162 -0.964308 0.202947 0.170068 -0.231468 0.26419 0.780444 0.566667 0.457125 
1533678735007 -0.0175927 0.591468 -0.806137 -0.644141 -0.96429 0.203062 0.170032 -0.231491 0.264265 0.780341 0.566774 0.45721 
1533678735048 -0.0178048 0.591576 -0.806053 -0.644105 -0.96433 0.202787 0.17013 -0.231509 0.264102 0.78033 0.566864 0.457257 
1533678735161 -0.0177198 0.591645 -0.806004 -0.644041 -0.964352 0.202762 0.170038 -0.231599 0.26403 0.780284 0.566961 0.457319 
1533678735175 -0.0176368 0.591613 -0.806029 -0.644046 -0.964351 0.202825 0.169971 -0.231605 0.26404 0.780293 0.566945 0.457316 
1533678735191 -0.0175426 0.59159 -0.806048 -0.644053 -0.964335 0.202934 0.169929 -0.231599 0.264103 0.780281 0.566931 0.457314 
1533678735230 -0.0174829 0.591532 -0.806092 -0.644079 -0.964319 0.20303 0.169904 -0.231558 0.264164 0.7803 0.566877 0.457305 
1533678735292 -0.0177388 0.591269 -0.806279 -0.644108 -0.96435 0.202836 0.169963 -0.23152 0.264036 0.78055 0.566592 0.457272 
1533678735319 -0.0177653 0.591188 -0.806338 -0.644103 -0.96437 0.202778 0.169919 -0.231517 0.263962 0.780627 0.566521 0.457297 
1533678735343 -0.0178585 0.591168 -0.806351 -0.644077 -0.964411 0.2026 0.169893 -0.231498 0.263802 0.780688 0.566511 0.457353 
1533678735372 -0.0179353 0.591181 -0.806339 -0.644041 -0.964455 0.202421 0.169861 -0.231485 0.263639 0.780724 0.566537 0.457409 
1533678735416 -0.017903 0.59117 -0.806349 -0.643979 -0.96449 0.202338 0.169757 -0.231524 0.26351 0.780755 0.566555 0.457459 
1533678735469 -0.0177674 0.591129 -0.806381 -0.643902 -0.96452 0.202342 0.169582 -0.231581 0.26341 0.780784 0.566561 0.457511 
1533678735607 -0.0179857 0.59113 -0.806376 -0.643858 -0.96461 0.201939 0.169551 -0.231658 0.263066 0.780888 0.566578 0.457541 
1533678735713 -0.0182201 0.590985 -0.806477 -0.643942 -0.964513 0.202113 0.169899 -0.231685 0.263407 0.780953 0.56633 0.457481 
1533678735815 -0.0185816 0.590927 -0.806511 -0.643907 -0.964547 0.201799 0.17008 -0.231781 0.263258 0.781078 0.566227 0.457564 
1533678735919 -0.0189429 0.590782 -0.806609 -0.643852 -0.964582 0.201498 0.170236 -0.231905 0.263102 0.781265 0.566041 0.457573 
1533678736029 -0.019153 0.590582 -0.80675 -0.643759 -0.964601 0.201351 0.170299 -0.232142 0.263015 0.781454 0.56582 0.457607 
1533678736129 -0.0196095 0.590478 -0.806816 -0.643743 -0.964686 0.200836 0.17043 -0.232218 0.262673 0.781666 0.565687 0.457624 
1533678736238 -0.0198206 0.590231 -0.806991 -0.643708 -0.964682 0.200767 0.170534 -0.232412 0.262672 0.781869 0.565406 0.457599 
1533678736349 -0.0203497 0.590082 -0.807087 -0.643711 -0.96468 0.20047 0.170892 -0.232416 0.262637 0.782058 0.565161 0.457622 
1533678736448 -0.0206557 0.589999 -0.80714 -0.643655 -0.964723 0.200166 0.171005 -0.232556 0.262454 0.782199 0.565051 0.457658 
1533678736505 -0.0207062 0.58996 -0.807167 -0.643614 -0.964734 0.20011 0.171009 -0.232664 0.262411 0.782243 0.565011 0.45767 
1533678736521 -0.0207156 0.589945 -0.807178 -0.643604 -0.964736 0.200102 0.171008 -0.23269 0.262403 0.782256 0.564995 0.45767 
1533678736675 -0.0212537 0.589769 -0.807292 -0.643591 -0.964819 0.19955 0.171183 -0.232744 0.262054 0.782529 0.564779 0.457654 
1533678736807 -0.0215991 0.589758 -0.807291 -0.643524 -0.964794 0.19941 0.17149 -0.232862 0.262119 0.782574 0.564688 0.457772 
1533678737003 -0.0222065 0.589522 -0.807447 -0.643415 -0.964924 0.198686 0.171599 -0.233278 0.26159 0.782935 0.564432 0.457838 
1533678737132 -0.0224977 0.589359 -0.807558 -0.643358 -0.964963 0.198418 0.171689 -0.233482 0.261421 0.783126 0.564246 0.457826 
1533678737282 -0.0230697 0.58927 -0.807607 -0.643338 -0.964966 0.198064 0.172082 -0.233536 0.261361 0.783283 0.564056 0.457875 
1533678737413 -0.0232856 0.58914 -0.807695 -0.643267 -0.964986 0.197892 0.172165 -0.233742 0.261266 0.783424 0.563904 0.457921 
1533678737547 -0.0238161 0.588925 -0.807837 -0.643254 -0.965032 0.19746 0.172402 -0.233834 0.261047 0.783694 0.563629 0.457857 
1533678737585 -0.0240133 0.588851 -0.807885 -0.643241 -0.965074 0.197224 0.172438 -0.233883 0.260875 0.783809 0.563549 0.457835 
1533678737601 -0.0240629 0.58882 -0.807906 -0.643234 -0.965083 0.197171 0.172447 -0.233912 0.260837 0.783846 0.563516 0.457823 
1533678737618 -0.02408 0.588807 -0.807915 -0.643229 -0.965079 0.197175 0.172465 -0.233933 0.260849 0.783855 0.563497 0.457823 
1533678737634 -0.0240533 0.5888 -0.807921 -0.643225 -0.965065 0.197235 0.172474 -0.233944 0.260903 0.783845 0.563486 0.457825 
1533678737651 -0.0240367 0.588786 -0.807931 -0.64322 -0.96506 0.197263 0.172469 -0.233958 0.260922 0.783848 0.563473 0.457831 
1533678737712 -0.0238837 0.588693 -0.808004 -0.643175 -0.965051 0.197409 0.172353 -0.23407 0.26097 0.783882 0.563404 0.457875 
1533678737795 -0.0239187 0.588365 -0.808242 -0.642955 -0.96499 0.197641 0.172432 -0.234303 0.261195 0.78407 0.563038 0.457962 
1533678737809 -0.0240458 0.58831 -0.808278 -0.642911 -0.965026 0.197464 0.172434 -0.234358 0.26105 0.784155 0.562986 0.45798 
1533678737826 -0.0241643 0.588261 -0.80831 -0.642866 -0.965039 0.197357 0.172479 -0.234406 0.260988 0.784219 0.562926 0.458001 
1533678737891 -0.0242873 0.588145 -0.808391 -0.642758 -0.964962 0.197535 0.172708 -0.234475 0.261263 0.784261 0.56274 0.458073 
1533678737921 -0.0244166 0.588045 -0.80846 -0.642716 -0.964973 0.197442 0.172755 -0.234525 0.261212 0.78436 0.562626 0.458081 
1533678737938 -0.0245205 0.587983 -0.808502 -0.642694 -0.964989 0.19734 0.172782 -0.234552 0.261142 0.784432 0.562558 0.45808 
1533678737954 -0.0246215 0.587889 -0.808567 -0.642663 -0.965 0.197262 0.17281 -0.234595 0.261093 0.784521 0.562456 0.458073 
1533678737971 -0.0246835 0.587798 -0.808631 -0.642637 -0.965003 0.197233 0.172827 -0.23464 0.261076 0.784597 0.562359 0.458068 
1533678738035 -0.0245353 0.587706 -0.808703 -0.642553 -0.964959 0.197479 0.172789 -0.23476 0.261251 0.784604 0.562267 0.458075 
1533678738076 -0.0245752 0.587784 -0.808644 -0.64244 -0.9649 0.197613 0.172964 -0.23472 0.261464 0.784512 0.562297 0.458108 
1533678738125 -0.024797 0.587914 -0.808543 -0.642228 -0.964847 0.197601 0.173272 -0.234663 0.261638 0.784418 0.562347 0.458167 
1533678738160 -0.0250499 0.587899 -0.808546 -0.642092 -0.964906 0.197265 0.173327 -0.234734 0.261396 0.784513 0.562327 0.458189 
1533678738198 -0.0252057 0.587808 -0.808607 -0.641976 -0.964964 0.197011 0.173295 -0.234861 0.261169 0.784645 0.562248 0.458194 
1533678738238 -0.0251012 0.587718 -0.808676 -0.641841 -0.964921 0.197228 0.17329 -0.235008 0.261339 0.784658 0.56215 0.458215 
1533678738271 -0.0250604 0.58773 -0.808669 -0.641709 -0.964908 0.197291 0.173291 -0.235131 0.261391 0.784633 0.562161 0.458287 
1533678738288 -0.0250786 0.587744 -0.808658 -0.641664 -0.964905 0.197283 0.173312 -0.235157 0.261398 0.784625 0.56217 0.458313 
1533678738308 -0.0251022 0.587781 -0.80863 -0.641534 -0.964887 0.197315 0.173378 -0.235227 0.261463 0.784589 0.562189 0.458386 
1533678738325 -0.0251491 0.58781 -0.808608 -0.641479 -0.964876 0.197312 0.173443 -0.235233 0.2615 0.784568 0.562202 0.458418 
1533678738491 -0.0260023 0.587741 -0.808631 -0.641307 -0.96482 0.196945 0.174171 -0.234974 0.261623 0.784712 0.561943 0.458458 
1533678738514 -0.0262351 0.587675 -0.808672 -0.641169 -0.964895 0.196584 0.174164 -0.235079 0.261323 0.784852 0.561887 0.458474 
1533678738545 -0.0263645 0.587602 -0.808721 -0.641024 -0.964947 0.19636 0.174129 -0.235209 0.261119 0.784963 0.561828 0.458494 
1533678738617 -0.0262342 0.587611 -0.808718 -0.640814 -0.96494 0.196463 0.174051 -0.235446 0.261158 0.78493 0.561855 0.458649 
1533678738643 -0.026529 0.5877 -0.808644 -0.640667 -0.964955 0.196207 0.174255 -0.235431 0.261071 0.784928 0.561899 0.458751 
1533678738686 -0.0268732 0.587789 -0.808568 -0.640476 -0.96494 0.196009 0.174559 -0.235408 0.26109 0.78491 0.561914 0.458876 
1533678738703 -0.0269892 0.587785 -0.808567 -0.640424 -0.964932 0.195958 0.174659 -0.235418 0.261107 0.784926 0.561884 0.458907 
1533678738720 -0.0270476 0.587765 -0.808579 -0.640403 -0.964932 0.195926 0.174698 -0.235427 0.261103 0.784949 0.561854 0.458914 
1533678738736 -0.0270921 0.587733 -0.808601 -0.640378 -0.964919 0.195943 0.174751 -0.235435 0.261147 0.784969 0.561806 0.458916 
1533678738863 -0.0273683 0.58773 -0.808594 -0.640247 -0.964977 0.19559 0.174826 -0.235493 0.260903 0.78506 0.561792 0.458976 
1533678738901 -0.02749 0.587775 -0.808557 -0.640128 -0.965029 0.195343 0.174813 -0.235603 0.260697 0.785087 0.56185 0.459023 
1533678738970 -0.027767 0.587792 -0.808535 -0.639949 -0.964975 0.195323 0.175136 -0.235645 0.260869 0.785079 0.561781 0.459146 
1533678739015 -0.0280918 0.587748 -0.808556 -0.639809 -0.965014 0.195004 0.175278 -0.23571 0.260691 0.785192 0.561707 0.459227 
1533678739080 -0.0284935 0.587823 -0.808488 -0.639594 -0.964991 0.194794 0.175637 -0.235707 0.260732 0.785187 0.561694 0.459371 
1533678739133 -0.0289484 0.587921 -0.8084 -0.639463 -0.964982 0.1945 0.176009 -0.235632 0.260713 0.785187 0.561703 0.459477 
1533678739166 -0.0291285 0.587971 -0.808358 -0.639376 -0.964974 0.194396 0.176169 -0.235637 0.260724 0.785176 0.561714 0.459539 
1533678739183 -0.0291898 0.587978 -0.80835 -0.639327 -0.964979 0.194338 0.176204 -0.23567 0.260697 0.785184 0.561714 0.459569 
1533678739200 -0.029199 0.587975 -0.808352 -0.639274 -0.964975 0.194345 0.176219 -0.235718 0.260711 0.785185 0.561707 0.459592 
1533678739217 -0.029161 0.587977 -0.808352 -0.639232 -0.964962 0.19441 0.17622 -0.235759 0.260765 0.785168 0.561706 0.459605 
1533678739246 -0.0291309 0.587975 -0.808354 -0.639188 -0.964948 0.19447 0.176227 -0.235796 0.260818 0.785154 0.561701 0.459622 
1533678739358 -0.0297162 0.587998 -0.808316 -0.639101 -0.965007 0.193903 0.176529 -0.235682 0.260534 0.785277 0.561661 0.459672 
1533678739385 -0.0300383 0.588004 -0.8083 -0.638992 -0.965059 0.193533 0.176651 -0.235694 0.260304 0.785364 0.561645 0.45971 
1533678739446 -0.0301412 0.587941 -0.808342 -0.638791 -0.964984 0.193706 0.176872 -0.235809 0.260571 0.785369 0.561515 0.459776 
1533678739504 -0.0301469 0.587918 -0.808359 -0.638656 -0.965021 0.193595 0.176791 -0.23599 0.260433 0.785413 0.561517 0.459834 
1533678739545 -0.0304862 0.587979 -0.808301 -0.638561 -0.965042 0.193296 0.177006 -0.235953 0.260317 0.785441 0.561532 0.459905 
1533678739586 -0.0307209 0.588044 -0.808245 -0.638462 -0.965034 0.193151 0.177208 -0.235933 0.26032 0.785428 0.561549 0.459988 
1533678739602 -0.0308337 0.588062 -0.808228 -0.638424 -0.965039 0.193055 0.177281 -0.235931 0.260285 0.785438 0.56155 0.460018 
1533678739619 -0.0309357 0.58808 -0.808211 -0.638384 -0.965042 0.192976 0.177354 -0.235931 0.260263 0.785444 0.561552 0.460049 
1533678739636 -0.0310075 0.588092 -0.808199 -0.638352 -0.965042 0.192925 0.177408 -0.235935 0.260255 0.785447 0.561551 0.460075 
1533678739652 -0.0310241 0.588112 -0.808184 -0.638326 -0.965031 0.192944 0.17745 -0.235938 0.260295 0.785428 0.56156 0.460098 
1533678739785 -0.0310004 0.58807 -0.808216 -0.638195 -0.964998 0.193067 0.177493 -0.236033 0.260418 0.785429 0.561501 0.460105 
1533678739801 -0.0312687 0.588073 -0.808204 -0.63814 -0.965046 0.192746 0.177584 -0.23602 0.26021 0.785506 0.56149 0.460116 
1533678739847 -0.0315515 0.588102 -0.808171 -0.638013 -0.965075 0.192462 0.17773 -0.236024 0.260066 0.785554 0.56149 0.460146 
1533678739909 -0.0315582 0.588073 -0.808192 -0.63788 -0.965085 0.192433 0.177706 -0.236187 0.260027 0.785582 0.561468 0.460235 
1533678739937 -0.0317049 0.588076 -0.808184 -0.637821 -0.965118 0.192237 0.177743 -0.236239 0.259889 0.785628 0.561467 0.460283 
1533678739994 -0.0320847 0.588163 -0.808106 -0.637701 -0.965079 0.192081 0.178119 -0.236154 0.259985 0.785601 0.561461 0.46037 
1533678740167 -0.0315789 0.588741 -0.807704 -0.637594 -0.96496 0.19265 0.178151 -0.236227 0.260489 0.785028 0.562028 0.460356 
1533678740345 -0.0307286 0.589774 -0.806984 -0.637637 -0.964735 0.193663 0.178272 -0.23614 0.261423 0.784003 0.563025 0.460102 
1533678740524 -0.0299654 0.5907 -0.806335 -0.637467 -0.964466 0.194768 0.178524 -0.236206 0.262502 0.783032 0.563874 0.459979 
1533678740696 -0.0294274 0.591753 -0.805582 -0.637343 -0.964236 0.195575 0.178885 -0.236151 0.263407 0.782035 0.564834 0.45988 
1533678740944 -0.0281998 0.593874 -0.804063 -0.637095 -0.96376 0.197317 0.179537 -0.236055 0.265278 0.779987 0.566788 0.459703 
1533678741121 -0.0276697 0.594854 -0.803358 -0.636931 -0.963525 0.198134 0.179896 -0.236006 0.266184 0.779033 0.567674 0.459473 
1533678741293 -0.0270628 0.595865 -0.802629 -0.636839 -0.963286 0.199002 0.180217 -0.235935 0.26711 0.778038 0.568602 0.459304 
1533678741465 -0.0263736 0.596811 -0.801948 -0.636685 -0.96306 0.199897 0.180436 -0.236008 0.267994 0.777083 0.569493 0.459184 
1533678741518 -0.0261314 0.597226 -0.801647 -0.63665 -0.962959 0.200254 0.180579 -0.235958 0.268379 0.776672 0.569871 0.459172 
1533678741535 -0.0261241 0.597284 -0.801605 -0.636645 -0.962963 0.200235 0.18058 -0.23595 0.268366 0.776633 0.569931 0.459165 
1533678741710 -0.0260608 0.597662 -0.801324 -0.63661 -0.962846 0.200528 0.180877 -0.235888 0.268791 0.776266 0.570231 0.459076 
1533678741849 -0.0258364 0.598257 -0.800888 -0.636533 -0.962749 0.200819 0.181069 -0.235893 0.269159 0.775732 0.570783 0.458998 
1533678741987 -0.0254808 0.598866 -0.800444 -0.636461 -0.962586 0.201381 0.181309 -0.235872 0.269774 0.775116 0.571329 0.458925 
1533678742121 -0.0252708 0.59952 -0.799961 -0.636393 -0.962482 0.201668 0.181542 -0.235838 0.270165 0.774536 0.571931 0.458849 
1533678742255 -0.0247887 0.6002 -0.799466 -0.636299 -0.962336 0.202245 0.181675 -0.235871 0.270729 0.773859 0.572581 0.458797 
1533678742390 -0.0245242 0.600788 -0.799032 -0.636221 -0.962218 0.202621 0.181882 -0.235877 0.271173 0.773304 0.57312 0.458719 
1533678742587 -0.0240728 0.601838 -0.798255 -0.63613 -0.96186 0.203691 0.182578 -0.235735 0.27248 0.772205 0.573981 0.458543 
1533678742640 -0.0239022 0.602342 -0.797881 -0.636067 -0.961848 0.203722 0.182609 -0.235742 0.272539 0.771804 0.574492 0.458534 
1533678742657 -0.0239261 0.60234 -0.797881 -0.636063 -0.961848 0.203707 0.182626 -0.235745 0.272537 0.77181 0.574486 0.458517 
1533678742674 -0.0239173 0.602332 -0.797887 -0.636062 -0.961833 0.203757 0.18265 -0.235743 0.272591 0.771802 0.57447 0.458502 
1533678742830 -0.0240014 0.602546 -0.797723 -0.636023 -0.961729 0.203947 0.182984 -0.235692 0.272949 0.771586 0.574591 0.458452 
1533678742894 -0.0237715 0.603013 -0.797377 -0.635939 -0.961652 0.204206 0.183099 -0.235721 0.27324 0.771152 0.575034 0.458478 
1533678742991 -0.0236665 0.603267 -0.797188 -0.635842 -0.961589 0.204393 0.18322 -0.235821 0.273471 0.770903 0.575258 0.458458 
1533678743069 -0.0236076 0.603725 -0.796843 -0.635798 -0.961501 0.204574 0.183481 -0.235761 0.273785 0.770497 0.575653 0.458441 
1533678743157 -0.0235816 0.604004 -0.796632 -0.635758 -0.96139 0.20484 0.183768 -0.235727 0.274179 0.770207 0.575853 0.458368 
1533678743224 -0.0234469 0.604362 -0.796365 -0.63569 -0.961309 0.205071 0.183932 -0.235753 0.274473 0.769865 0.57617 0.458349 
1533678743316 -0.0233441 0.604742 -0.796079 -0.635618 -0.961236 0.205255 0.18411 -0.235773 0.274738 0.769517 0.576508 0.458364 
1533678743353 -0.0233252 0.605 -0.795884 -0.635593 -0.961213 0.205272 0.18421 -0.235748 0.27482 0.769311 0.576745 0.458377 
1533678743371 -0.0233114 0.605145 -0.795774 -0.635578 -0.961214 0.205245 0.184236 -0.235741 0.274818 0.769203 0.576889 0.458384 
1533678743453 -0.0233386 0.605192 -0.795737 -0.635565 -0.961206 0.205239 0.184285 -0.23573 0.274844 0.769168 0.576924 0.458374 
1533678743467 -0.0233201 0.605151 -0.795769 -0.635567 -0.961204 0.205265 0.184264 -0.235731 0.274851 0.769193 0.576887 0.45837 
1533678743483 -0.0233171 0.604998 -0.795885 -0.635577 -0.961196 0.205324 0.184239 -0.235732 0.274878 0.769298 0.576735 0.458356 
1533678743500 -0.0233322 0.60486 -0.79599 -0.635582 -0.961197 0.205344 0.184212 -0.235736 0.274874 0.769401 0.576598 0.458355 
1533678743517 -0.0233374 0.604777 -0.796053 -0.635575 -0.961207 0.205332 0.184174 -0.235741 0.274839 0.769469 0.576524 0.458371 
1533678743533 -0.0233276 0.604807 -0.79603 -0.635549 -0.961224 0.205284 0.184139 -0.235738 0.274781 0.769459 0.576566 0.458398 
1533678743550 -0.0233174 0.604867 -0.795985 -0.635516 -0.961243 0.205223 0.184107 -0.235732 0.274714 0.769428 0.576639 0.458421 
1533678743567 -0.0233004 0.604926 -0.795941 -0.63547 -0.961266 0.205157 0.184062 -0.23573 0.274637 0.769399 0.576714 0.458433 
1533678743600 -0.0233175 0.605029 -0.795862 -0.635366 -0.961313 0.20499 0.184002 -0.235722 0.274471 0.769362 0.576842 0.458444 
1533678743617 -0.023324 0.605083 -0.795821 -0.635318 -0.961331 0.204922 0.183982 -0.235713 0.274405 0.769339 0.576905 0.458452 
1533678743726 -0.0231274 0.605216 -0.795725 -0.635168 -0.961409 0.204799 0.18371 -0.235851 0.274148 0.769267 0.577124 0.458498 
1533678743740 -0.0232121 0.605183 -0.795748 -0.63519 -0.961425 0.204709 0.18373 -0.235864 0.274087 0.769317 0.577086 0.458496 
1533678743757 -0.0232828 0.605141 -0.795778 -0.635224 -0.961406 0.204724 0.183809 -0.235865 0.274145 0.769345 0.57702 0.458491 
1533678743781 -0.0233595 0.605095 -0.795811 -0.635283 -0.961337 0.20488 0.183999 -0.235833 0.274383 0.76934 0.576914 0.458498 
1533678743821 -0.0235153 0.605076 -0.79582 -0.635319 -0.961276 0.204955 0.184235 -0.235777 0.274583 0.769335 0.576826 0.458536 
1533678743853 -0.0238152 0.605097 -0.795796 -0.635288 -0.961281 0.204741 0.184446 -0.235701 0.274539 0.769376 0.576792 0.458553 
1533678743877 -0.0240331 0.605113 -0.795777 -0.635227 -0.961302 0.204536 0.184562 -0.235678 0.274446 0.769418 0.576781 0.458555 
1533678743901 -0.0241908 0.605103 -0.79578 -0.635151 -0.961333 0.20435 0.184609 -0.235711 0.274325 0.769475 0.576762 0.458568 
1533678743935 -0.0242829 0.605118 -0.795765 -0.635052 -0.961361 0.204208 0.184621 -0.235787 0.274219 0.7695 0.576778 0.458595 
1533678743952 -0.0242897 0.605137 -0.79575 -0.635004 -0.961355 0.204216 0.184643 -0.235817 0.27424 0.769483 0.576791 0.458609 
1533678743968 -0.0242904 0.605152 -0.795739 -0.634958 -0.96135 0.204225 0.184657 -0.235849 0.274255 0.769469 0.576802 0.458621 
1533678743985 -0.0242673 0.605162 -0.795733 -0.634913 -0.961347 0.204246 0.184649 -0.235889 0.274268 0.769456 0.576814 0.458632 
1533678744002 -0.0242195 0.605169 -0.795728 -0.63486 -0.961344 0.204284 0.184623 -0.235944 0.274283 0.76944 0.576828 0.458646 
1533678744018 -0.0241901 0.605163 -0.795734 -0.634857 -0.961342 0.204309 0.184604 -0.235963 0.274291 0.769439 0.576826 0.458648 
1533678744035 -0.0241926 0.605157 -0.795738 -0.634871 -0.96134 0.204317 0.18461 -0.235956 0.274301 0.769441 0.576818 0.458646 
1533678744051 -0.0242344 0.605162 -0.795734 -0.634888 -0.961336 0.2043 0.18465 -0.235924 0.274311 0.769442 0.576812 0.458644 
1533678744169 -0.024474 0.605351 -0.795582 -0.634832 -0.961156 0.204602 0.185247 -0.235729 0.274917 0.769213 0.57683 0.458732 
1533678744182 -0.0245729 0.605351 -0.795579 -0.63478 -0.961171 0.204496 0.185287 -0.235764 0.274856 0.769241 0.576821 0.458739 
1533678744199 -0.0246294 0.605347 -0.795581 -0.634726 -0.961173 0.204456 0.185324 -0.235807 0.274847 0.769255 0.576807 0.458749 
1533678744215 -0.0246342 0.605339 -0.795587 -0.634669 -0.96116 0.204491 0.185352 -0.235858 0.274891 0.769252 0.57679 0.458759 
1533678744232 -0.0246718 0.605348 -0.795579 -0.63463 -0.961146 0.204504 0.185411 -0.235872 0.274937 0.769242 0.576782 0.458774 
1533678744249 -0.0247523 0.605371 -0.795558 -0.634607 -0.96113 0.20449 0.185508 -0.235854 0.274985 0.769227 0.576779 0.458795 
1533678744265 -0.0247659 0.605386 -0.795547 -0.634605 -0.961102 0.204554 0.185579 -0.235832 0.27508 0.769198 0.576772 0.458806 
1533678744282 -0.0247885 0.605391 -0.795542 -0.634616 -0.961087 0.204582 0.185629 -0.235809 0.275132 0.769187 0.576762 0.458815 
1533678744299 -0.0248047 0.605398 -0.795536 -0.634627 -0.961098 0.204539 0.18562 -0.235797 0.275092 0.769192 0.576774 0.458823 
1533678744315 -0.0248408 0.605414 -0.795523 -0.634631 -0.961135 0.204407 0.185572 -0.235792 0.274958 0.769215 0.576807 0.458841 
1533678744332 -0.024892 0.605423 -0.795515 -0.634629 -0.961201 0.204188 0.185473 -0.235798 0.274724 0.769266 0.57685 0.458861 
1533678744349 -0.0249629 0.60535 -0.795568 -0.634629 -0.961236 0.204061 0.185432 -0.235804 0.274596 0.769357 0.57679 0.458869 
1533678744365 -0.0251172 0.605264 -0.795628 -0.634606 -0.961278 0.203861 0.185431 -0.235797 0.274433 0.769478 0.576707 0.458886 
1533678744382 -0.0252597 0.605239 -0.795643 -0.634554 -0.961308 0.203691 0.185465 -0.235786 0.274316 0.769543 0.576676 0.458913 
1533678744399 -0.0253196 0.605241 -0.795639 -0.634522 -0.961324 0.203606 0.185475 -0.235786 0.274254 0.769563 0.576678 0.458934 
1533678744416 -0.0254423 0.605254 -0.795626 -0.634416 -0.961357 0.203431 0.185497 -0.235809 0.274127 0.7696 0.576689 0.459003 
1533678744432 -0.0255502 0.605256 -0.795621 -0.634359 -0.961388 0.203271 0.185509 -0.235828 0.274007 0.76964 0.576692 0.459035 
1533678744449 -0.0256834 0.605253 -0.795619 -0.634309 -0.961428 0.203074 0.185521 -0.235845 0.273856 0.769695 0.576691 0.459062 
1533678744465 -0.0256559 0.605263 -0.795612 -0.634286 -0.961444 0.203044 0.185469 -0.235886 0.273802 0.769695 0.576717 0.459077 
1533678744482 -0.0255486 0.605272 -0.795609 -0.634281 -0.961445 0.203109 0.185392 -0.235938 0.273808 0.769671 0.576747 0.45908 
1533678744499 -0.0254343 0.605265 -0.795618 -0.634285 -0.96143 0.203228 0.18534 -0.235982 0.273872 0.769645 0.576751 0.459069 
1533678744515 -0.0253056 0.605285 -0.795607 -0.634295 -0.961387 0.203427 0.185343 -0.236005 0.274033 0.769576 0.576765 0.459055 
1533678744552 -0.0250722 0.605548 -0.795413 -0.634271 -0.961317 0.203717 0.185391 -0.235996 0.274302 0.769292 0.577016 0.4591 
1533678744569 -0.0250806 0.605678 -0.795315 -0.634237 -0.961284 0.203773 0.1855 -0.235953 0.274417 0.769176 0.577117 0.459155 
1533678744585 -0.0251244 0.605762 -0.795249 -0.634199 -0.961269 0.203767 0.185584 -0.235919 0.274465 0.769111 0.577181 0.459197 
1533678744602 -0.0252138 0.605851 -0.795179 -0.634135 -0.961249 0.203744 0.185714 -0.235875 0.274528 0.769047 0.577236 0.459253 
1533678744619 -0.0252753 0.605888 -0.795148 -0.634095 -0.961231 0.203744 0.185804 -0.23585 0.274583 0.769017 0.577249 0.45929 
1533678744635 -0.0253199 0.605916 -0.795126 -0.634071 -0.96122 0.203739 0.185865 -0.235832 0.274617 0.768997 0.57726 0.459316 
1533678744685 -0.02539 0.605671 -0.79531 -0.634083 -0.961252 0.203663 0.185787 -0.235924 0.274501 0.76921 0.577031 0.459263 
1533678744705 -0.0255018 0.605578 -0.795378 -0.634079 -0.961304 0.203464 0.185734 -0.23597 0.274307 0.769336 0.576955 0.459232 
1533678744730 -0.0255297 0.605556 -0.795393 -0.63405 -0.961336 0.203362 0.185681 -0.236038 0.274193 0.76938 0.576951 0.459221 
1533678744745 -0.0254733 0.605582 -0.795375 -0.634019 -0.961322 0.203431 0.185676 -0.23609 0.274246 0.769341 0.576978 0.459221 
1533678744770 -0.0254141 0.60564 -0.795333 -0.633946 -0.961305 0.203504 0.185684 -0.236166 0.274311 0.769277 0.577033 0.459231 
1533678744786 -0.0254141 0.60564 -0.795333 -0.633946 -0.961305 0.203504 0.185684 -0.236166 0.274311 0.769277 0.577033 0.459231 
1533678744803 -0.0254141 0.60564 -0.795333 -0.633946 -0.961305 0.203504 0.185684 -0.236166 0.274311 0.769277 0.577033 0.459231 
1533678744820 -0.0254141 0.60564 -0.795333 -0.633946 -0.961305 0.203504 0.185684 -0.236166 0.274311 0.769277 0.577033 0.459231 
1533678744836 -0.0253232 0.606027 -0.795041 -0.633707 -0.961274 0.203562 0.185785 -0.236261 0.27443 0.768957 0.577403 0.459316 
1533678744853 -0.0253838 0.606083 -0.794996 -0.633686 -0.961262 0.203542 0.185867 -0.236227 0.274466 0.768917 0.577438 0.459337 
1533678744870 -0.0254228 0.6061 -0.794982 -0.633681 -0.961256 0.203527 0.185911 -0.236206 0.274481 0.768908 0.577443 0.459344 
1533678744886 -0.0255119 0.606093 -0.794984 -0.633699 -0.961247 0.203497 0.185993 -0.236153 0.274505 0.768921 0.577414 0.459359 
1533678744903 -0.0256021 0.606045 -0.795019 -0.633728 -0.961285 0.203342 0.185965 -0.236134 0.274364 0.769001 0.577376 0.459364 
1533678744920 -0.0257206 0.605905 -0.795121 -0.633757 -0.96132 0.203199 0.18594 -0.236126 0.27423 0.769148 0.577242 0.459356 
1533678744950 -0.0259032 0.605563 -0.795375 -0.633797 -0.961304 0.203205 0.186019 -0.236114 0.274271 0.769416 0.576867 0.459336 
1533678744966 -0.0259672 0.605435 -0.795471 -0.63379 -0.961269 0.20329 0.186104 -0.236117 0.274385 0.769495 0.576707 0.459333 
1533678744983 -0.0259889 0.605388 -0.795506 -0.633757 -0.961252 0.203335 0.186144 -0.236137 0.274444 0.769519 0.576646 0.459345 
1533678745000 -0.0259775 0.605407 -0.795492 -0.633702 -0.961233 0.203391 0.18618 -0.236161 0.27451 0.76949 0.576654 0.45937 
1533678745016 -0.0259347 0.605457 -0.795456 -0.633652 -0.961191 0.203525 0.18625 -0.236171 0.274662 0.769415 0.576681 0.459395 
1533678745068 -0.0261114 0.605557 -0.795373 -0.633594 -0.961199 0.203365 0.186387 -0.236135 0.274619 0.769379 0.576751 0.459448 
1533678745097 -0.0262091 0.605517 -0.795401 -0.633591 -0.961274 0.2031 0.186289 -0.236151 0.274347 0.76948 0.576744 0.459443 
1533678745110 -0.0262704 0.605487 -0.795422 -0.633589 -0.961335 0.202895 0.186197 -0.236169 0.274127 0.769558 0.576745 0.459443 
1533678745174 -0.0265549 0.605409 -0.795472 -0.633551 -0.961532 0.20217 0.185964 -0.236207 0.273405 0.76981 0.576752 0.459523 
1533678745204 -0.02688 0.605146 -0.795661 -0.63352 -0.961544 0.201986 0.186106 -0.236179 0.273333 0.770065 0.576445 0.459531 
1533678745221 -0.0270136 0.605028 -0.795746 -0.633494 -0.961546 0.201918 0.186166 -0.236176 0.273311 0.770175 0.576308 0.459535 
1533678745238 -0.0271225 0.60493 -0.795816 -0.633454 -0.961555 0.201845 0.186201 -0.236188 0.27327 0.770271 0.576199 0.45955 
1533678745254 -0.0271356 0.604938 -0.79581 -0.633416 -0.961573 0.201784 0.186174 -0.236211 0.273205 0.770282 0.576216 0.459573 
1533678745313 -0.0269855 0.605044 -0.795734 -0.633371 -0.961594 0.2018 0.18605 -0.236294 0.273148 0.770194 0.576361 0.459605 
1533678745349 -0.026853 0.605402 -0.795467 -0.633364 -0.961617 0.201738 0.185997 -0.236288 0.273079 0.769929 0.576747 0.459601 
1533678745373 -0.0269494 0.605485 -0.795401 -0.633366 -0.961606 0.201685 0.18611 -0.236256 0.273107 0.769878 0.576802 0.459593 
1533678745397 -0.0270898 0.605494 -0.795389 -0.633368 -0.961589 0.20164 0.186249 -0.23623 0.273155 0.769883 0.576773 0.459607 
1533678745429 -0.0272619 0.605522 -0.795361 -0.633365 -0.961574 0.201562 0.186411 -0.236203 0.27319 0.769881 0.576759 0.459648 
1533678745461 -0.0272994 0.605524 -0.795358 -0.633348 -0.961558 0.20158 0.186471 -0.236226 0.273241 0.769874 0.576744 0.459681 
1533678745475 -0.0272966 0.605514 -0.795367 -0.633335 -0.961558 0.201584 0.186467 -0.236254 0.273242 0.769881 0.576734 0.459691 
1533678745491 -0.0272782 0.605498 -0.795379 -0.633313 -0.961558 0.2016 0.186449 -0.236301 0.273243 0.769889 0.576722 0.459705 
1533678745508 -0.0272763 0.605486 -0.795388 -0.633285 -0.961565 0.201586 0.186432 -0.236354 0.273221 0.769902 0.576716 0.459725 
1533678745525 -0.0273486 0.605469 -0.795399 -0.633255 -0.961576 0.201509 0.186454 -0.236385 0.273172 0.769936 0.576694 0.459744 
1533678745541 -0.0273937 0.605463 -0.795402 -0.633223 -0.961578 0.201475 0.18648 -0.236407 0.27316 0.76995 0.576681 0.459763 
1533678745558 -0.0274064 0.605466 -0.795399 -0.633191 -0.96158 0.201462 0.186488 -0.236436 0.273155 0.76995 0.576683 0.459785 
1533678745575 -0.0274199 0.605471 -0.795395 -0.63318 -0.96158 0.201452 0.186498 -0.23644 0.273153 0.769949 0.576685 0.459791 
1533678745591 -0.0274302 0.605476 -0.795391 -0.63318 -0.961574 0.20146 0.186519 -0.236425 0.273172 0.769943 0.576684 0.459786 
1533678745608 -0.0274442 0.605485 -0.795384 -0.633185 -0.96156 0.201489 0.186561 -0.236388 0.273221 0.769929 0.57668 0.459772 
1533678745625 -0.0274864 0.605487 -0.79538 -0.633195 -0.961555 0.201473 0.186601 -0.236341 0.273232 0.769931 0.576672 0.459749 
1533678745661 -0.0274738 0.605495 -0.795375 -0.6332 -0.96151 0.201607 0.18669 -0.23625 0.273393 0.76989 0.57665 0.459716 
1533678745678 -0.0275224 0.605463 -0.795397 -0.633194 -0.961512 0.201577 0.186713 -0.236228 0.273382 0.769923 0.576612 0.459705 
1533678745695 -0.0275919 0.605406 -0.795439 -0.633188 -0.961511 0.201547 0.186749 -0.236215 0.273377 0.769976 0.576543 0.459694 
1533678745712 -0.027678 0.605335 -0.795489 -0.63317 -0.961519 0.201485 0.186777 -0.236214 0.273342 0.770047 0.576464 0.459681 
1533678745770 -0.0277765 0.605301 -0.795512 -0.633114 -0.961565 0.201298 0.186741 -0.236299 0.273169 0.770123 0.576445 0.459684 
1533678745784 -0.0277662 0.605344 -0.79548 -0.633096 -0.961541 0.201361 0.186794 -0.236314 0.273253 0.770073 0.576472 0.459695 
1533678745801 -0.0277215 0.605403 -0.795436 -0.633072 -0.961489 0.201524 0.186888 -0.236331 0.273442 0.769984 0.576502 0.459719 
1533678745817 -0.0276322 0.605489 -0.795374 -0.633047 -0.961438 0.201706 0.186953 -0.236355 0.27363 0.769869 0.576566 0.459753 
1533678745834 -0.0275428 0.605586 -0.795303 -0.633023 -0.96141 0.201821 0.186973 -0.236381 0.273737 0.769762 0.576658 0.459781 
1533678745857 -0.0275168 0.605667 -0.795242 -0.632998 -0.961407 0.201829 0.186982 -0.236413 0.273752 0.769696 0.576739 0.459816 
1533678745887 -0.0275737 0.6057 -0.795215 -0.632985 -0.961393 0.201821 0.187059 -0.23642 0.273793 0.769672 0.576751 0.459829 
1533678745904 -0.0276102 0.605711 -0.795205 -0.632975 -0.961378 0.201837 0.18712 -0.236423 0.273842 0.769659 0.576745 0.459833 
1533678745921 -0.0276434 0.605721 -0.795197 -0.63296 -0.961359 0.201867 0.187187 -0.236429 0.273907 0.769644 0.576735 0.459835 
1533678745937 -0.0276393 0.605737 -0.795185 -0.632942 -0.961318 0.201981 0.187274 -0.236435 0.274051 0.769602 0.576723 0.459832 
1533678745954 -0.0276274 0.605744 -0.79518 -0.632927 -0.961284 0.202084 0.18734 -0.236441 0.274173 0.769569 0.576709 0.459826 
1533678745971 -0.0276193 0.605749 -0.795176 -0.632917 -0.961264 0.202143 0.187377 -0.236443 0.274242 0.769549 0.576702 0.459823 
1533678745987 -0.0276084 0.605753 -0.795174 -0.632906 -0.961249 0.202191 0.187401 -0.236444 0.274295 0.769534 0.576697 0.45982 
1533678746004 -0.0276105 0.605756 -0.795171 -0.632892 -0.96125 0.202187 0.187401 -0.236445 0.274293 0.769533 0.5767 0.459821 
1533678746098 -0.0279452 0.605943 -0.795017 -0.632638 -0.961396 0.201511 0.18738 -0.23647 0.273746 0.769563 0.576919 0.459896 
1533678746131 -0.0279934 0.606029 -0.79495 -0.632492 -0.961415 0.201405 0.187396 -0.236586 0.273674 0.769522 0.577008 0.459925 
1533678746148 -0.0279505 0.606075 -0.794916 -0.632417 -0.961409 0.201439 0.187389 -0.236655 0.273699 0.769478 0.577056 0.459939 
1533678746165 -0.0279122 0.60611 -0.794891 -0.632364 -0.961405 0.201469 0.187381 -0.236705 0.273719 0.769442 0.577094 0.45995 
1533678746181 -0.0278681 0.606145 -0.794866 -0.632337 -0.961386 0.201543 0.187398 -0.236716 0.27379 0.769395 0.577123 0.459957 
1533678746325 -0.0284249 0.605972 -0.794978 -0.632398 -0.961394 0.201192 0.187733 -0.23654 0.273704 0.769624 0.576859 0.460019 
1533678746353 -0.0285847 0.605908 -0.795021 -0.632335 -0.961353 0.201215 0.187916 -0.236596 0.27383 0.769668 0.57674 0.460084 
1533678746419 -0.0286124 0.605865 -0.795053 -0.632174 -0.961273 0.201433 0.188095 -0.236728 0.27411 0.769644 0.576638 0.460184 
1533678746473 -0.0289667 0.605792 -0.795096 -0.632116 -0.961324 0.20107 0.18822 -0.236729 0.273892 0.769797 0.576538 0.460156 
1533678746519 -0.0293231 0.605764 -0.795104 -0.632056 -0.961355 0.200753 0.188402 -0.236706 0.273747 0.769901 0.576468 0.460161 
1533678746573 -0.0296152 0.605813 -0.795055 -0.631937 -0.961307 0.200682 0.188723 -0.23669 0.273884 0.769881 0.576429 0.460275 
1533678746606 -0.0296802 0.605843 -0.79503 -0.631842 -0.961263 0.200755 0.188869 -0.236729 0.274031 0.769838 0.576416 0.460356 
1533678746623 -0.0297138 0.605849 -0.795024 -0.631796 -0.961256 0.200751 0.188909 -0.236764 0.274052 0.769835 0.576411 0.460388 
1533678746643 -0.0297596 0.605818 -0.795046 -0.631749 -0.961264 0.200705 0.188917 -0.236828 0.274019 0.769871 0.576378 0.460408 
1533678746661 -0.0297737 0.60578 -0.795075 -0.631721 -0.961266 0.200699 0.188913 -0.236877 0.274011 0.769902 0.57634 0.460413 
1533678746813 -0.0302214 0.605584 -0.795207 -0.631715 -0.961197 0.200641 0.189326 -0.23672 0.274204 0.770072 0.576022 0.460325 
1533678746833 -0.0304101 0.60554 -0.795234 -0.631677 -0.96125 0.200374 0.189336 -0.236769 0.273995 0.770176 0.575982 0.460342 
1533678746878 -0.0304629 0.605499 -0.795263 -0.6316 -0.961263 0.200312 0.189335 -0.236879 0.273943 0.770225 0.575942 0.460406 
1533678746938 -0.0303865 0.605468 -0.795289 -0.631462 -0.961231 0.200461 0.189341 -0.237066 0.274064 0.77021 0.575904 0.460533 
1533678746974 -0.0306383 0.605477 -0.795273 -0.631389 -0.961232 0.200287 0.189519 -0.237062 0.274032 0.770249 0.575867 0.460586 
1533678747001 -0.0308388 0.605467 -0.795273 -0.631336 -0.961238 0.20014 0.189648 -0.237063 0.273991 0.770294 0.575826 0.460614 
1533678747017 -0.0309156 0.60546 -0.795275 -0.631307 -0.961229 0.200113 0.189717 -0.237067 0.274011 0.770307 0.575799 0.460627 
1533678747034 -0.0309586 0.605449 -0.795282 -0.631282 -0.96121 0.200141 0.189785 -0.237067 0.274073 0.770309 0.575768 0.460639 
1533678747051 -0.0310127 0.605434 -0.795291 -0.631261 -0.961201 0.200135 0.18984 -0.237065 0.274101 0.770322 0.575737 0.460648 
1533678747118 -0.0311492 0.605381 -0.795326 -0.631217 -0.961194 0.200075 0.189937 -0.237056 0.274109 0.770379 0.575656 0.46068 
1533678747133 -0.0312248 0.605332 -0.79536 -0.631212 -0.961236 0.199918 0.18989 -0.237056 0.273953 0.770458 0.575625 0.460681 
1533678747148 -0.0312338 0.605302 -0.795383 -0.631204 -0.961263 0.199843 0.189832 -0.23706 0.273858 0.770502 0.575612 0.460687 
1533678747165 -0.0311502 0.605283 -0.795401 -0.631184 -0.96129 0.199827 0.189711 -0.237076 0.273771 0.77052 0.575628 0.460703 
1533678747181 -0.0310447 0.605308 -0.795386 -0.631158 -0.961298 0.199869 0.189625 -0.237093 0.273755 0.77049 0.575677 0.460726 
1533678747198 -0.0309577 0.605343 -0.795363 -0.631131 -0.961299 0.199917 0.189571 -0.237106 0.273762 0.77045 0.575726 0.460745 
1533678747228 -0.0309704 0.605395 -0.795322 -0.631057 -0.961355 0.199739 0.189476 -0.237138 0.273564 0.770455 0.575814 0.46079 
1533678747245 -0.0309843 0.605413 -0.795308 -0.630994 -0.961387 0.199634 0.189422 -0.237172 0.273449 0.770468 0.575851 0.460824 
1533678747261 -0.0309801 0.605425 -0.795299 -0.630925 -0.961418 0.199548 0.189358 -0.237215 0.273343 0.770481 0.575885 0.46086 
1533678747278 -0.0309759 0.605427 -0.795298 -0.630856 -0.961444 0.199476 0.1893 -0.237259 0.27325 0.770498 0.575905 0.460896 
