1535134886302 0.217874 0.921284 -0.322129 -0.486927 -0.943249 0.283525 0.172904 -0.177889 0.250626 0.266176 0.930772 0.463731 
1535134890750 0.217874 0.921284 -0.322128 -0.486927 -0.943248 0.283525 0.172905 -0.177889 0.250626 0.266175 0.930772 0.463732 
1535134891612 0.221172 0.921942 -0.317973 -0.501514 -0.943121 0.285183 0.170863 -0.184701 0.248206 0.262096 0.932577 0.45479 
1535134892479 0.223877 0.922849 -0.313415 -0.516425 -0.94296 0.286395 0.169716 -0.191201 0.246383 0.257543 0.934327 0.445693 
1535134893338 0.22642 0.923736 -0.308942 -0.531346 -0.942905 0.287408 0.168307 -0.197785 0.244263 0.253195 0.93607 0.436605 
1535134894603 0.231848 0.92535 -0.299956 -0.561192 -0.942669 0.289823 0.165463 -0.210958 0.240045 0.244397 0.939494 0.418264 
1535134895504 0.234209 0.926218 -0.29541 -0.576157 -0.942502 0.290836 0.164635 -0.217376 0.238403 0.239865 0.941078 0.409145 
1535134896425 0.236629 0.926988 -0.291033 -0.591069 -0.942411 0.291851 0.163352 -0.223888 0.236364 0.235619 0.942664 0.399964 
1535134897361 0.239333 0.927717 -0.286461 -0.60595 -0.942233 0.293128 0.162088 -0.23049 0.234341 0.23112 0.944281 0.390841 
1535134898262 0.242034 0.928306 -0.282254 -0.618988 -0.94203 0.294498 0.160779 -0.23606 0.232375 0.226978 0.945771 0.382083 
1535134898294 0.241479 0.92856 -0.281892 -0.619148 -0.942126 0.29395 0.16122 -0.235866 0.232564 0.226647 0.945804 0.382014 
1535134898637 0.242469 0.928258 -0.282039 -0.620479 -0.94192 0.294875 0.160736 -0.236769 0.232371 0.226685 0.945842 0.381163 
1535134898979 0.242746 0.92839 -0.281366 -0.622192 -0.941948 0.294926 0.160475 -0.237534 0.231966 0.226078 0.946087 0.380296 
1535134899317 0.243216 0.928404 -0.280912 -0.623831 -0.941835 0.295289 0.160473 -0.238425 0.231934 0.225543 0.946223 0.379321 
1535134899681 0.243363 0.928492 -0.280493 -0.625549 -0.94188 0.295277 0.160229 -0.239191 0.231594 0.225197 0.946388 0.378291 
1535134900019 0.24328 0.928667 -0.279985 -0.627311 -0.941919 0.295093 0.160342 -0.239805 0.231526 0.224715 0.946519 0.37737 
1535134900369 0.243358 0.92882 -0.279409 -0.629054 -0.941929 0.295038 0.160379 -0.240409 0.2314 0.224154 0.946683 0.376346 
1535134900714 0.243809 0.928864 -0.27887 -0.630685 -0.941885 0.295306 0.160145 -0.241349 0.231105 0.223619 0.946882 0.375346 
1535134901203 0.24407 0.929113 -0.277811 -0.634143 -0.941877 0.295317 0.160176 -0.242782 0.230864 0.22257 0.947188 0.373472 
1535134901226 0.243822 0.929265 -0.27752 -0.63423 -0.941956 0.295014 0.160265 -0.242702 0.230801 0.222336 0.947258 0.373456 
1535134901365 0.243698 0.929249 -0.277682 -0.634312 -0.941928 0.294981 0.160491 -0.242796 0.231047 0.222445 0.947172 0.373416 
1535134901388 0.243743 0.929097 -0.278152 -0.634316 -0.941884 0.295137 0.160463 -0.242893 0.231178 0.222875 0.947039 0.373405 
1535134901514 0.243085 0.928958 -0.279188 -0.63438 -0.941966 0.294772 0.160655 -0.243039 0.231539 0.223933 0.946702 0.37331 
1535134901586 0.242721 0.928719 -0.280299 -0.634617 -0.941878 0.294792 0.16113 -0.243235 0.232274 0.224898 0.946293 0.373187 
1535134901680 0.24213 0.928586 -0.28125 -0.634803 -0.941877 0.29454 0.161596 -0.243335 0.232895 0.225776 0.945931 0.373051 
1535134901734 0.241532 0.928531 -0.281944 -0.634935 -0.941939 0.294178 0.161896 -0.243418 0.233267 0.226471 0.945673 0.372945 
1535134901837 0.241179 0.928392 -0.282701 -0.635098 -0.941879 0.29412 0.162351 -0.24364 0.233874 0.227115 0.945369 0.372947 
1535134901890 0.240648 0.928326 -0.283373 -0.63522 -0.941906 0.293835 0.162707 -0.243753 0.23431 0.227756 0.945106 0.372907 
1535134901992 0.240263 0.928027 -0.284675 -0.635461 -0.941816 0.29388 0.163149 -0.243985 0.235067 0.228913 0.944639 0.372664 
1535134902016 0.239999 0.927996 -0.284996 -0.635517 -0.941853 0.293714 0.163234 -0.244031 0.235188 0.229248 0.944527 0.372603 
1535134902033 0.239773 0.92798 -0.285241 -0.635563 -0.941881 0.29357 0.163331 -0.244062 0.235306 0.229501 0.944437 0.372564 
1535134902213 0.239136 0.928435 -0.284292 -0.635508 -0.942162 0.292678 0.16331 -0.244225 0.234829 0.228796 0.944726 0.372795 
1535134902284 0.238512 0.928702 -0.283943 -0.635587 -0.942446 0.291898 0.163067 -0.244267 0.234323 0.228707 0.944873 0.372851 
1535134902394 0.237887 0.928951 -0.283654 -0.635662 -0.942719 0.291137 0.162847 -0.24438 0.233859 0.228667 0.944998 0.372922 
1535134902482 0.237389 0.929201 -0.283253 -0.635661 -0.942891 0.290546 0.162908 -0.244542 0.233672 0.228404 0.945108 0.373036 
1535134902583 0.236638 0.929483 -0.282954 -0.635726 -0.943103 0.289754 0.163093 -0.24453 0.233579 0.228261 0.945165 0.373175 
1535134902656 0.235896 0.929717 -0.282805 -0.635795 -0.943351 0.288959 0.163071 -0.244544 0.233329 0.228317 0.945214 0.373173 
1535134902764 0.235302 0.929958 -0.282509 -0.635837 -0.94358 0.28826 0.16298 -0.244668 0.233 0.228221 0.945318 0.373221 
1535134902784 0.235111 0.930029 -0.282433 -0.63584 -0.943645 0.288047 0.16298 -0.244704 0.23293 0.228198 0.945341 0.37325 
1535134902801 0.23495 0.930084 -0.282386 -0.63585 -0.9437 0.287871 0.162975 -0.24475 0.232871 0.228196 0.945356 0.373276 
1535134902817 0.234879 0.930108 -0.282368 -0.635855 -0.943724 0.287793 0.162972 -0.244773 0.232845 0.228199 0.945362 0.373288 
1535134902834 0.234844 0.930121 -0.282354 -0.635871 -0.943738 0.287753 0.162965 -0.244834 0.232826 0.228196 0.945367 0.373314 
1535134902851 0.234919 0.930101 -0.282358 -0.635884 -0.943715 0.287829 0.162963 -0.244875 0.232843 0.228182 0.945366 0.373328 
1535134902912 0.234938 0.930145 -0.282197 -0.635869 -0.943772 0.287759 0.162758 -0.244875 0.232593 0.228092 0.945449 0.373397 
1535134902981 0.234783 0.930338 -0.281688 -0.635842 -0.944118 0.287219 0.161696 -0.244897 0.231339 0.227984 0.945783 0.37342 
1535134903004 0.234497 0.930471 -0.281486 -0.635845 -0.944317 0.286785 0.161308 -0.244942 0.230818 0.227986 0.94591 0.373455 
1535134903024 0.234336 0.930532 -0.281418 -0.635865 -0.944444 0.286534 0.161011 -0.244993 0.230462 0.228053 0.945981 0.373478 
1535134903059 0.234208 0.930592 -0.281328 -0.635905 -0.944602 0.28627 0.160551 -0.245082 0.229944 0.22814 0.946086 0.3735 
1535134903079 0.234134 0.930626 -0.281275 -0.635928 -0.944667 0.286144 0.160392 -0.245101 0.22975 0.228158 0.946128 0.373502 
1535134903096 0.234041 0.930668 -0.281214 -0.635944 -0.944728 0.286006 0.160277 -0.245106 0.229594 0.228159 0.946166 0.373509 
1535134903113 0.233923 0.930729 -0.28111 -0.635952 -0.944804 0.285829 0.160147 -0.245105 0.229403 0.228132 0.946219 0.373527 
1535134903254 0.234167 0.930711 -0.280968 -0.635896 -0.94482 0.285962 0.159816 -0.245205 0.229088 0.228041 0.946317 0.373657 
1535134903267 0.234398 0.930635 -0.281028 -0.635874 -0.944711 0.286245 0.159955 -0.245193 0.229302 0.227997 0.946276 0.373664 
1535134903284 0.2346 0.930557 -0.281116 -0.63585 -0.944602 0.286512 0.160121 -0.245176 0.229545 0.227978 0.946221 0.373664 
1535134903303 0.234776 0.930492 -0.281185 -0.635814 -0.944497 0.286753 0.160307 -0.245157 0.229795 0.227943 0.946169 0.373658 
1535134903334 0.234964 0.930437 -0.281211 -0.63576 -0.944392 0.286994 0.160494 -0.245147 0.230035 0.227863 0.94613 0.373644 
1535134903381 0.235242 0.930363 -0.281223 -0.63572 -0.944304 0.287281 0.1605 -0.245189 0.230113 0.227804 0.946126 0.373634 
1535134903409 0.235482 0.930313 -0.281186 -0.635695 -0.944232 0.287516 0.160498 -0.245188 0.230159 0.227711 0.946137 0.373646 
1535134903436 0.235817 0.930253 -0.281106 -0.635665 -0.944143 0.287828 0.160466 -0.245191 0.230184 0.227563 0.946166 0.37368 
1535134903452 0.235973 0.930236 -0.281031 -0.635641 -0.944104 0.287964 0.160452 -0.24518 0.230185 0.22746 0.946191 0.37371 
1535134903570 0.236288 0.930173 -0.280973 -0.635502 -0.944021 0.28826 0.160409 -0.245161 0.230202 0.227342 0.946215 0.373815 
1535134903667 0.236624 0.930116 -0.28088 -0.635263 -0.943938 0.288563 0.160349 -0.245019 0.230194 0.227191 0.946253 0.373822 
1535134903759 0.237464 0.929925 -0.280803 -0.63507 -0.943698 0.289382 0.160288 -0.245058 0.230315 0.226931 0.946286 0.373877 
1535134903846 0.237823 0.929858 -0.28072 -0.634931 -0.943558 0.28976 0.16043 -0.244829 0.230519 0.226722 0.946287 0.374007 
1535134903945 0.238431 0.929743 -0.280586 -0.634668 -0.943387 0.290335 0.160394 -0.244785 0.230589 0.226458 0.946333 0.374116 
1535134904029 0.239109 0.929591 -0.280513 -0.634515 -0.943199 0.290987 0.160321 -0.244718 0.230659 0.226245 0.946367 0.374168 
1535134904133 0.239891 0.929408 -0.28045 -0.634239 -0.942991 0.291733 0.160184 -0.244797 0.230693 0.226035 0.946408 0.374246 
1535134904223 0.240362 0.929328 -0.280312 -0.634054 -0.942847 0.292184 0.160215 -0.244625 0.230795 0.225782 0.946444 0.374351 
1535134904252 0.240477 0.929317 -0.280252 -0.634011 -0.942813 0.292287 0.160223 -0.244585 0.230812 0.225695 0.94646 0.374376 
1535134904269 0.240536 0.929318 -0.280197 -0.633973 -0.942796 0.292336 0.160233 -0.244551 0.23082 0.225627 0.946475 0.374399 
1535134904441 0.240884 0.929326 -0.279871 -0.633623 -0.94273 0.292591 0.160161 -0.244437 0.230729 0.225262 0.946584 0.374528 
1535134904645 0.241239 0.929406 -0.2793 -0.632934 -0.942809 0.292666 0.159555 -0.244332 0.230033 0.224835 0.946855 0.374823 
1535134904789 0.241439 0.929405 -0.27913 -0.632648 -0.942834 0.292754 0.159248 -0.244123 0.229722 0.224725 0.946956 0.374876 
1535134905000 0.241857 0.929495 -0.278466 -0.631951 -0.942815 0.292954 0.158988 -0.243966 0.229357 0.22409 0.947195 0.375264 
1535134905145 0.242247 0.929441 -0.278308 -0.631628 -0.94283 0.293189 0.15847 -0.243897 0.228885 0.224009 0.947329 0.375247 
1535134905286 0.242544 0.92945 -0.278019 -0.631302 -0.942803 0.293375 0.158284 -0.243779 0.228681 0.223726 0.947445 0.375376 
1535134905313 0.242542 0.929477 -0.27793 -0.631213 -0.942817 0.293345 0.158256 -0.243755 0.228625 0.223654 0.947475 0.375413 
1535134905471 0.242562 0.929412 -0.278132 -0.631075 -0.942807 0.293403 0.158209 -0.243662 0.228646 0.223849 0.947424 0.375465 
1535134905658 0.242338 0.929409 -0.278338 -0.630628 -0.942741 0.293344 0.158708 -0.243448 0.229153 0.22394 0.94728 0.375696 
1535134905832 0.242506 0.929286 -0.278601 -0.63013 -0.94261 0.293636 0.158948 -0.243412 0.229515 0.224066 0.947163 0.375896 
1535134906007 0.242238 0.929259 -0.278923 -0.629751 -0.942587 0.293524 0.159288 -0.243055 0.229891 0.224324 0.947011 0.376006 
1535134906183 0.242269 0.929179 -0.279164 -0.629235 -0.942504 0.293668 0.159514 -0.242958 0.230199 0.224468 0.946902 0.376127 
1535134906360 0.242175 0.92916 -0.279307 -0.628829 -0.942439 0.29369 0.159861 -0.242696 0.230566 0.224515 0.946801 0.376379 
1535134906538 0.242172 0.929078 -0.279584 -0.628349 -0.942341 0.293831 0.160177 -0.242611 0.230968 0.224673 0.946666 0.376599 
1535134906784 0.241798 0.929075 -0.279915 -0.62748 -0.942271 0.293691 0.160841 -0.242102 0.231642 0.224865 0.946455 0.377022 
1535134906811 0.241799 0.929068 -0.279939 -0.627349 -0.942257 0.29371 0.160892 -0.242078 0.2317 0.224871 0.94644 0.377078 
1535134906827 0.241876 0.92902 -0.280033 -0.627301 -0.942227 0.29381 0.160886 -0.242109 0.231743 0.22494 0.946413 0.377085 
1535134907021 0.241658 0.92914 -0.279821 -0.626941 -0.942192 0.293653 0.161375 -0.241772 0.232111 0.224648 0.946392 0.377201 
1535134907243 0.241996 0.928979 -0.280064 -0.626082 -0.941866 0.294249 0.162191 -0.241594 0.233081 0.224533 0.946181 0.377372 
1535134907399 0.242116 0.928917 -0.280166 -0.625737 -0.941696 0.294516 0.162692 -0.24136 0.23364 0.224441 0.946065 0.377421 
1535134907619 0.241904 0.929 -0.280073 -0.624946 -0.94157 0.29447 0.163505 -0.240969 0.234369 0.224156 0.945952 0.377684 
1535134907787 0.242493 0.928766 -0.280342 -0.624478 -0.941278 0.295214 0.163842 -0.241021 0.234932 0.224149 0.945814 0.377719 
1535134907951 0.242402 0.928787 -0.280349 -0.624101 -0.941178 0.295246 0.164357 -0.240801 0.235425 0.224018 0.945723 0.377868 
1535134907978 0.242372 0.92881 -0.280299 -0.623995 -0.941168 0.295226 0.164454 -0.24076 0.235498 0.223949 0.945721 0.377912 
1535134908208 0.24224 0.928712 -0.280738 -0.623694 -0.941068 0.295305 0.164882 -0.240567 0.236031 0.224253 0.945516 0.378019 
1535134908360 0.24228 0.928563 -0.281196 -0.623382 -0.941015 0.295465 0.164898 -0.24055 0.236201 0.224658 0.945377 0.378163 
1535134908515 0.242509 0.928451 -0.281368 -0.62298 -0.940876 0.295791 0.165109 -0.240613 0.236521 0.224692 0.945289 0.378321 
1535134908666 0.242314 0.92842 -0.281638 -0.622689 -0.940835 0.295739 0.165435 -0.240441 0.236884 0.224888 0.945152 0.378463 
1535134908813 0.242375 0.928316 -0.281928 -0.622371 -0.940735 0.295929 0.165664 -0.240348 0.237219 0.225066 0.945025 0.378603 
1535134908943 0.242099 0.928344 -0.282072 -0.622056 -0.940742 0.295752 0.165938 -0.240205 0.237471 0.225183 0.944934 0.378742 
1535134909082 0.242033 0.928202 -0.282597 -0.621774 -0.94067 0.295867 0.166139 -0.240085 0.237822 0.22562 0.944742 0.378863 
1535134909226 0.2422 0.928071 -0.282883 -0.621398 -0.940555 0.296146 0.166295 -0.240121 0.238108 0.225791 0.944628 0.378981 
1535134909249 0.242072 0.928116 -0.282846 -0.62132 -0.940578 0.296026 0.166377 -0.240043 0.238146 0.225764 0.944625 0.379025 
1535134909266 0.242008 0.928133 -0.282847 -0.621272 -0.940586 0.295973 0.166427 -0.24 0.238182 0.225765 0.944616 0.379051 
1535134909413 0.242157 0.927977 -0.283228 -0.621149 -0.940488 0.296241 0.166504 -0.23992 0.238416 0.226053 0.944488 0.379058 
1535134909531 0.242138 0.92793 -0.2834 -0.62088 -0.940455 0.296289 0.166603 -0.239857 0.238564 0.226184 0.944419 0.379161 
1535134909639 0.241991 0.927841 -0.283817 -0.620644 -0.940451 0.296263 0.166673 -0.239761 0.238731 0.226582 0.944282 0.379219 
1535134909747 0.241988 0.927778 -0.284023 -0.620378 -0.940436 0.296313 0.166671 -0.239677 0.238794 0.226773 0.94422 0.379278 
1535134909861 0.242187 0.927603 -0.284427 -0.620126 -0.940337 0.296621 0.166683 -0.23965 0.238983 0.227089 0.944096 0.379306 
1535134909977 0.241793 0.927582 -0.284831 -0.619944 -0.94041 0.296344 0.166761 -0.239428 0.239092 0.227536 0.943961 0.379326 
1535134910093 0.241841 0.927505 -0.28504 -0.619684 -0.940365 0.296459 0.166812 -0.239337 0.239222 0.2277 0.943889 0.37937 
1535134910207 0.2419 0.92735 -0.285494 -0.619425 -0.940281 0.296662 0.166923 -0.23932 0.239491 0.228066 0.943732 0.379426 
1535134910233 0.241957 0.927313 -0.285564 -0.619346 -0.940255 0.29674 0.166932 -0.23933 0.239536 0.228112 0.943709 0.379438 
1535134910248 0.241953 0.927305 -0.285593 -0.619304 -0.94025 0.296747 0.166948 -0.239308 0.239561 0.228135 0.943697 0.379447 
1535134910264 0.241911 0.927307 -0.285625 -0.61927 -0.940253 0.29672 0.166977 -0.239259 0.23959 0.228166 0.943683 0.379458 
1535134910410 0.241973 0.927309 -0.285566 -0.619062 -0.940159 0.296843 0.167287 -0.239135 0.239895 0.227998 0.943646 0.379436 
1535134910468 0.242087 0.927346 -0.285348 -0.618829 -0.940036 0.297001 0.1677 -0.239044 0.240264 0.227639 0.943638 0.379534 
1535134910569 0.242305 0.927244 -0.285494 -0.618596 -0.939914 0.297298 0.167857 -0.239101 0.240521 0.227667 0.943566 0.379593 
1535134910629 0.242289 0.927294 -0.285347 -0.618399 -0.939881 0.297291 0.168054 -0.238978 0.240666 0.227474 0.943576 0.37968 
1535134910725 0.242349 0.927286 -0.28532 -0.618228 -0.939788 0.297417 0.168352 -0.238786 0.240969 0.22734 0.943531 0.3797 
1535134910794 0.242452 0.927238 -0.285388 -0.618004 -0.939683 0.297601 0.16861 -0.238748 0.241273 0.227294 0.943464 0.379731 
1535134910878 0.242416 0.92725 -0.28538 -0.617814 -0.939618 0.297635 0.168912 -0.238624 0.241563 0.227201 0.943412 0.379757 
1535134910897 0.242387 0.927266 -0.285351 -0.617762 -0.939613 0.297614 0.168976 -0.238591 0.241611 0.227162 0.94341 0.379772 
1535134910914 0.24237 0.927281 -0.285319 -0.617686 -0.939601 0.297608 0.169056 -0.23856 0.241676 0.227112 0.943405 0.379792 
1535134910931 0.24239 0.927281 -0.285302 -0.617629 -0.939583 0.297635 0.169104 -0.238555 0.241723 0.227076 0.943402 0.379805 
1535134911071 0.242662 0.927193 -0.285358 -0.617502 -0.939543 0.297877 0.168905 -0.238422 0.241609 0.227119 0.94342 0.379788 
1535134911119 0.242548 0.927276 -0.285182 -0.617368 -0.93966 0.297654 0.168645 -0.238195 0.241266 0.22707 0.94352 0.379838 
1535134911262 0.242907 0.927244 -0.284983 -0.616965 -0.939598 0.297931 0.168501 -0.238054 0.241146 0.22684 0.943606 0.379918 
1535134911302 0.242993 0.927299 -0.28473 -0.616779 -0.939602 0.297942 0.168457 -0.237922 0.241043 0.226599 0.94369 0.380018 
1535134911426 0.243489 0.927117 -0.284899 -0.616561 -0.939558 0.298367 0.167952 -0.237985 0.240716 0.226785 0.943729 0.379993 
1535134911467 0.243661 0.927098 -0.284813 -0.616361 -0.939525 0.298504 0.167891 -0.237946 0.240669 0.226681 0.943766 0.380051 
1535134911493 0.243744 0.927069 -0.284837 -0.616315 -0.939515 0.298578 0.167819 -0.23794 0.240626 0.226703 0.943772 0.380041 
1535134911524 0.24382 0.927027 -0.284909 -0.616308 -0.939506 0.298653 0.167732 -0.237929 0.240581 0.226777 0.943765 0.380007 
1535134911657 0.243638 0.927026 -0.285069 -0.616086 -0.939526 0.298534 0.167835 -0.237693 0.24069 0.226938 0.943699 0.380171 
1535134911793 0.243762 0.926836 -0.285578 -0.615784 -0.939517 0.298723 0.167549 -0.237819 0.2406 0.227464 0.943595 0.380325 
1535134911920 0.243687 0.926779 -0.285828 -0.615546 -0.939521 0.29871 0.167546 -0.237672 0.240658 0.227713 0.94352 0.380458 
1535134912035 0.243537 0.926724 -0.286135 -0.615324 -0.939553 0.298629 0.167512 -0.237497 0.240686 0.228044 0.943433 0.38054 
1535134912164 0.243719 0.926487 -0.286745 -0.615087 -0.939513 0.298907 0.167242 -0.237436 0.240658 0.228641 0.943296 0.380594 
1535134912293 0.243765 0.926368 -0.287089 -0.614803 -0.939543 0.298973 0.166957 -0.237445 0.240495 0.229035 0.943242 0.380694 
1535134912412 0.243635 0.926376 -0.287174 -0.614535 -0.939573 0.298868 0.166975 -0.237306 0.240509 0.22914 0.943213 0.380834 
1535134912533 0.243587 0.926264 -0.287575 -0.614344 -0.939562 0.298917 0.166951 -0.237109 0.240602 0.229527 0.943095 0.380961 
1535134912558 0.243639 0.92623 -0.287643 -0.614295 -0.939547 0.29898 0.166921 -0.237102 0.240607 0.229586 0.943079 0.380982 
1535134912574 0.243673 0.926205 -0.287692 -0.61425 -0.939536 0.299024 0.166906 -0.2371 0.240616 0.229627 0.943067 0.381003 
1535134912714 0.243755 0.926278 -0.28739 -0.614046 -0.939515 0.299046 0.166982 -0.237069 0.240614 0.229304 0.943146 0.381046 
1535134912904 0.244094 0.926503 -0.286373 -0.61343 -0.939469 0.299147 0.16706 -0.23681 0.240449 0.228261 0.943441 0.38109 
1535134913027 0.244192 0.926593 -0.286 -0.613124 -0.939424 0.299191 0.167234 -0.236731 0.240527 0.227838 0.943524 0.381132 
1535134913111 0.244091 0.926771 -0.285508 -0.612876 -0.939412 0.299042 0.167567 -0.236489 0.240675 0.227308 0.943613 0.381268 
1535134913224 0.24455 0.926728 -0.285256 -0.612518 -0.939318 0.299411 0.167437 -0.236571 0.240578 0.227 0.943713 0.381254 
1535134913303 0.244522 0.926844 -0.284902 -0.612253 -0.939336 0.29931 0.167514 -0.236388 0.240534 0.226658 0.943806 0.38127 
1535134913420 0.244558 0.926968 -0.284466 -0.611971 -0.939315 0.299277 0.167694 -0.236198 0.240581 0.226192 0.943906 0.381344 
1535134913446 0.244552 0.927027 -0.28428 -0.611855 -0.939314 0.29924 0.167767 -0.236146 0.240592 0.226 0.943949 0.3814 
1535134913463 0.244541 0.927069 -0.284153 -0.61178 -0.939314 0.299209 0.16782 -0.236104 0.240602 0.22587 0.943977 0.381437 
1535134913640 0.244827 0.927017 -0.284078 -0.611497 -0.939231 0.299476 0.167809 -0.236033 0.240637 0.22573 0.944002 0.381454 
1535134913781 0.245136 0.926919 -0.284129 -0.611184 -0.939184 0.299748 0.167583 -0.235935 0.240503 0.225769 0.944027 0.381515 
1535134913986 0.245109 0.92706 -0.283693 -0.610539 -0.939191 0.299644 0.167729 -0.235522 0.240501 0.22533 0.944132 0.381697 
1535134914133 0.245609 0.92687 -0.283881 -0.610149 -0.939065 0.300151 0.16753 -0.235577 0.240486 0.225436 0.944111 0.381663 
1535134914277 0.245681 0.926934 -0.283608 -0.609832 -0.939031 0.300185 0.167659 -0.235355 0.240544 0.225126 0.94417 0.381788 
1535134914416 0.245808 0.926925 -0.283529 -0.609515 -0.93899 0.300299 0.167683 -0.235177 0.240573 0.225013 0.944189 0.381844 
1535134914544 0.246108 0.926932 -0.283245 -0.609148 -0.938904 0.300541 0.167732 -0.235086 0.240603 0.22466 0.944266 0.381964 
1535134914567 0.246099 0.926948 -0.283201 -0.609094 -0.938906 0.300524 0.167749 -0.235052 0.240604 0.224617 0.944276 0.381983 
1535134914584 0.24609 0.926961 -0.283168 -0.609054 -0.938907 0.300511 0.167769 -0.235018 0.240611 0.224582 0.944283 0.382 
1535134914751 0.246524 0.926813 -0.283275 -0.608732 -0.938777 0.300961 0.167694 -0.235036 0.240675 0.224591 0.944264 0.382012 
1535134914883 0.246485 0.926876 -0.283102 -0.60846 -0.93869 0.300982 0.168139 -0.234751 0.241053 0.224301 0.944236 0.382149 
1535134915006 0.246835 0.926849 -0.282883 -0.608119 -0.938512 0.301357 0.168462 -0.234628 0.241388 0.223907 0.944245 0.382292 
1535134915207 0.247324 0.926759 -0.282753 -0.607458 -0.93827 0.301905 0.168826 -0.234413 0.241825 0.223544 0.944219 0.382471 
1535134915386 0.247557 0.92662 -0.283003 -0.607216 -0.938157 0.302221 0.16889 -0.234283 0.242027 0.223691 0.944132 0.382408 
1535134915529 0.247689 0.926617 -0.282897 -0.606879 -0.938051 0.302393 0.169171 -0.234068 0.242303 0.22347 0.944114 0.382516 
1535134915654 0.247882 0.926637 -0.282664 -0.606553 -0.937951 0.30258 0.169389 -0.233916 0.24249 0.223137 0.944144 0.382647 
1535134915677 0.247862 0.92663 -0.282702 -0.606525 -0.937942 0.302581 0.169437 -0.233866 0.242546 0.223161 0.944124 0.382652 
1535134915694 0.247868 0.926629 -0.282701 -0.606494 -0.937932 0.302594 0.169472 -0.233838 0.242581 0.223147 0.944118 0.382661 
1535134915841 0.247955 0.926637 -0.282598 -0.6063 -0.937915 0.302653 0.16946 -0.233742 0.242557 0.223034 0.944151 0.382648 
1535134915928 0.247879 0.926882 -0.281861 -0.605997 -0.938032 0.302357 0.169342 -0.233566 0.242182 0.222418 0.944393 0.38273 
1535134916041 0.2481 0.926947 -0.281451 -0.605703 -0.938015 0.302455 0.169258 -0.233444 0.24202 0.222012 0.94453 0.382805 
1535134916137 0.24827 0.92698 -0.281195 -0.605383 -0.938042 0.302504 0.169021 -0.233448 0.241742 0.22181 0.944649 0.38282 
1535134916307 0.248342 0.927198 -0.280412 -0.604864 -0.938123 0.302339 0.168869 -0.233037 0.241354 0.221123 0.944909 0.382922 
1535134916387 0.248446 0.927253 -0.280135 -0.604582 -0.938158 0.302331 0.168686 -0.232952 0.241108 0.220902 0.945023 0.382945 
1535134916503 0.248614 0.927312 -0.279793 -0.604259 -0.938171 0.302377 0.168535 -0.232892 0.240888 0.220594 0.945152 0.382995 
1535134916526 0.248657 0.927339 -0.279664 -0.60417 -0.938169 0.302386 0.168528 -0.232836 0.240849 0.220466 0.945191 0.383018 
1535134916543 0.248759 0.927338 -0.279578 -0.604097 -0.93815 0.30246 0.1685 -0.232816 0.240818 0.22037 0.945222 0.383031 
1535134916559 0.248841 0.927339 -0.2795 -0.604031 -0.938136 0.302517 0.168475 -0.2328 0.240787 0.220286 0.945249 0.383042 
1535134916705 0.248425 0.927545 -0.279187 -0.603875 -0.938272 0.302039 0.168577 -0.232603 0.240688 0.220074 0.945324 0.38311 
1535134916760 0.248471 0.927658 -0.278771 -0.603625 -0.938211 0.302052 0.168894 -0.232492 0.240879 0.21958 0.94539 0.383234 
1535134916864 0.24859 0.927711 -0.278489 -0.603383 -0.938136 0.302154 0.169125 -0.232371 0.241045 0.219218 0.945432 0.383239 
1535134916920 0.248564 0.927807 -0.278189 -0.603134 -0.938169 0.30205 0.169127 -0.232304 0.240945 0.21895 0.945519 0.383293 
1535134917030 0.248598 0.92788 -0.277915 -0.602892 -0.938179 0.302016 0.169133 -0.232211 0.24087 0.218688 0.945599 0.383268 
1535134917081 0.248356 0.928061 -0.277528 -0.602688 -0.938236 0.301721 0.169346 -0.231978 0.240899 0.218329 0.945674 0.383341 
1535134917198 0.248892 0.927997 -0.277262 -0.602384 -0.938077 0.3022 0.169372 -0.232046 0.240965 0.217938 0.945748 0.383363 
1535134917213 0.248787 0.928064 -0.277131 -0.602319 -0.938109 0.302072 0.169422 -0.231972 0.240948 0.217829 0.945777 0.383391 
1535134917229 0.248708 0.928117 -0.277027 -0.602265 -0.938133 0.301974 0.169463 -0.231909 0.240936 0.217741 0.945801 0.383411 
1535134917349 0.249003 0.928121 -0.276749 -0.602175 -0.938099 0.302165 0.169311 -0.231912 0.240765 0.217459 0.945909 0.383314 
1535134917471 0.24935 0.928433 -0.275386 -0.602171 -0.938279 0.302004 0.168602 -0.231754 0.239704 0.216348 0.946433 0.38328 
1535134917596 0.249669 0.928821 -0.273783 -0.601945 -0.938474 0.301766 0.16794 -0.231497 0.238605 0.215009 0.947016 0.383229 
1535134917657 0.249994 0.928955 -0.273028 -0.601843 -0.93852 0.301823 0.167584 -0.231392 0.238084 0.214348 0.947297 0.383171 
1535134917740 0.250139 0.929154 -0.27222 -0.601748 -0.938641 0.301671 0.167176 -0.231232 0.237453 0.2137 0.947601 0.38308 
1535134917782 0.250343 0.929292 -0.271559 -0.601649 -0.938708 0.301639 0.166859 -0.231207 0.236974 0.213143 0.947847 0.383036 
1535134917803 0.250462 0.929317 -0.271363 -0.601619 -0.938707 0.30169 0.166769 -0.231198 0.236849 0.212961 0.947919 0.383025 
1535134917819 0.250571 0.929333 -0.271207 -0.601597 -0.938698 0.301748 0.166714 -0.231183 0.236769 0.212808 0.947973 0.383022 
1535134917860 0.25074 0.929388 -0.270866 -0.60155 -0.938702 0.301805 0.166591 -0.231151 0.236576 0.212491 0.948092 0.383043 
1535134917995 0.251059 0.929623 -0.269759 -0.601606 -0.938784 0.301762 0.166203 -0.231125 0.235909 0.211519 0.948476 0.382865 
1535134918040 0.251276 0.929763 -0.269075 -0.601632 -0.938786 0.301794 0.166135 -0.231109 0.235672 0.210858 0.948682 0.382833 
1535134918148 0.251532 0.929944 -0.268208 -0.601599 -0.938826 0.301788 0.165921 -0.231086 0.235239 0.210067 0.948965 0.382821 
1535134918195 0.251671 0.930113 -0.267492 -0.601593 -0.938891 0.301702 0.165708 -0.230993 0.23483 0.209442 0.949204 0.382799 
1535134918330 0.25225 0.930332 -0.26618 -0.601625 -0.93893 0.301851 0.165213 -0.230951 0.23405 0.208249 0.949659 0.382627 
1535134918370 0.252435 0.930427 -0.265673 -0.601616 -0.938951 0.301876 0.165049 -0.230924 0.233766 0.20779 0.94983 0.382578 
1535134919296 0.247199 0.929768 -0.272809 -0.587565 -0.939673 0.298732 0.166655 -0.224078 0.236448 0.215154 0.947524 0.392623 
1535134920601 0.238581 0.92774 -0.287015 -0.558824 -0.940824 0.294062 0.168459 -0.210787 0.240686 0.22984 0.942997 0.412868 
1535134921485 0.234416 0.926583 -0.294096 -0.54451 -0.941411 0.291827 0.169062 -0.204289 0.242475 0.237235 0.940705 0.423028 
1535134921505 0.234619 0.926486 -0.294242 -0.544393 -0.941408 0.292 0.16878 -0.204391 0.242291 0.237403 0.94071 0.423123 
1535134922182 0.231141 0.926197 -0.297879 -0.536182 -0.941847 0.289774 0.170164 -0.200078 0.243923 0.241225 0.939315 0.428949 
1535134923097 0.225909 0.92461 -0.306694 -0.518957 -0.942546 0.287007 0.170983 -0.192168 0.246116 0.250447 0.936325 0.441031 
1535134924785 0.223453 0.923823 -0.310838 -0.510297 -0.942883 0.285703 0.171306 -0.188265 0.247064 0.254805 0.934898 0.447161 
