1530724324470 -0.0201036 0.708161 -0.705765 -0.419413 -0.984462 -0.137186 -0.109609 -0.257882 -0.174441 0.692595 0.699916 0.434668 
1530724339036 -0.0200977 0.708162 -0.705764 -0.419411 -0.984463 -0.137181 -0.109613 -0.257885 -0.174441 0.692595 0.699916 0.434668 
1530724340018 0.0203227 0.69156 -0.722033 -0.439089 -0.987127 -0.100711 -0.124245 -0.253843 -0.15864 0.715264 0.680611 0.439314 
1530724340988 0.0607327 0.672644 -0.73747 -0.456196 -0.988041 -0.064394 -0.140102 -0.248059 -0.141727 0.737159 0.660689 0.443916 
