1531909005806 -0.187254 -0.975206 0.117937 -0.597268 0.845429 -0.0988609 0.524859 -0.255126 -0.500186 0.197989 0.842979 0.407261 
1531909005808 0 0 0 0 0 0 0 0 0 0 0 0 
1531909005813 0.275657 0.633204 -0.723233 -0.604483 -0.8825 0.464965 0.0707247 -0.181741 0.381061 0.618757 0.686973 0.426588 
1531909005815 0 0 0 0 0 0 0 0 0 0 0 0 
1531909005818 -0.187254 -0.975206 0.117937 -0.597268 0.845429 -0.0988609 0.524859 -0.255126 -0.500186 0.197989 0.842979 0.407261 
1531909005822 0 0 0 0 0 0 0 0 0 0 0 0 
1531909005828 -0.187254 -0.975206 0.117937 -0.597268 0.845429 -0.0988609 0.524859 -0.255126 -0.500186 0.197989 0.842979 0.407261 
1531909005829 -0.186319 0.845148 -0.501008 -0.595444 -0.975422 -0.098067 0.19732 -0.251671 0.117632 0.525459 0.842648 0.409373 
1531909005842 -0.187231 0.845419 -0.500212 -0.597087 -0.97521 -0.098835 0.197982 -0.254964 0.11794 0.52488 0.842966 0.40735 
1531909005842 -0.187254 -0.975206 0.117937 -0.597268 0.845429 -0.0988609 0.524859 -0.255126 -0.500186 0.197989 0.842979 0.407261 
1531909005842 0 0 0 0 0 0 0 0 0 0 0 0 
1531909005842 0 0 0 0 0 0 0 0 0 0 0 0 
1531909005845 0 0 0 0 0 0 0 0 0 0 0 0 
1531909005845 0 0 0 0 0 0 0 0 0 0 0 0 
1531909005848 0 0 0 0 0 0 0 0 0 0 0 0 
1531909005848 0 0 0 0 0 0 0 0 0 0 0 0 
1531909005858 -0.187254 -0.975206 0.117937 -0.597268 0.845429 -0.0988609 0.524859 -0.255126 -0.500186 0.197989 0.842979 0.407261 
1531909005859 -0.187247 0.845429 -0.500188 -0.597265 -0.975206 -0.0988476 0.197997 -0.255093 0.11795 0.524861 0.842976 0.40726 
1531909005868 -0.187254 -0.975206 0.117937 -0.597268 0.845429 -0.0988609 0.524859 -0.255126 -0.500186 0.197989 0.842979 0.407261 
1531909005869 -0.18725 0.845429 -0.500187 -0.597275 -0.975206 -0.0988521 0.197995 -0.255107 0.117946 0.52486 0.842977 0.407257 
1531909005878 -0.187254 -0.975206 0.117937 -0.597268 0.845429 -0.0988609 0.524859 -0.255126 -0.500186 0.197989 0.842979 0.407261 
1531909005879 -0.187251 0.845429 -0.500187 -0.597273 -0.975206 -0.0988555 0.197993 -0.255114 0.117943 0.52486 0.842978 0.407258 
1531909005888 -0.187254 -0.975206 0.117937 -0.597268 0.845429 -0.0988609 0.524859 -0.255126 -0.500186 0.197989 0.842979 0.407261 
1531909005889 -0.187253 0.845429 -0.500187 -0.597271 -0.975206 -0.0988578 0.197991 -0.255119 0.11794 0.524859 0.842978 0.407259 
1531909005898 -0.187254 -0.975206 0.117937 -0.597268 0.845429 -0.0988609 0.524859 -0.255126 -0.500186 0.197989 0.842979 0.407261 
1531909005899 -0.187253 0.845429 -0.500186 -0.597269 -0.975206 -0.0988592 0.19799 -0.255122 0.117939 0.524859 0.842979 0.40726 
1531909005908 -0.187254 -0.975206 0.117937 -0.597268 0.845429 -0.0988609 0.524859 -0.255126 -0.500186 0.197989 0.842979 0.407261 
1531909005909 -0.187254 0.845429 -0.500186 -0.597268 -0.975206 -0.09886 0.19799 -0.255123 0.117938 0.524859 0.842979 0.407261 
1531909005919 -0.187253 0.845429 -0.500187 -0.59726 -0.975206 -0.0988592 0.19799 -0.255118 0.117938 0.524859 0.842979 0.407261 
1531909006020 -0.187254 -0.975206 0.117937 -0.597268 0.845429 -0.0988609 0.524859 -0.255126 -0.500186 0.197989 0.842979 0.407261 
1531909006021 0 0 0 0 0 0 0 0 0 0 0 0 
1531909006024 -0.187253 0.845429 -0.500187 -0.59726 -0.975206 -0.0988592 0.19799 -0.255118 0.117938 0.524859 0.842979 0.407261 
1531909006027 0 0 0 0 0 0 0 0 0 0 0 0 
1531909006027 -0.187254 -0.975206 0.117937 -0.597268 0.845429 -0.0988609 0.524859 -0.255126 -0.500186 0.197989 0.842979 0.407261 
1531909006031 0 0 0 0 0 0 0 0 0 0 0 0 
1531909006034 0 0 0 0 0 0 0 0 0 0 0 0 
1531909006037 0 0 0 0 0 0 0 0 0 0 0 0 
1531909006038 -0.187254 0.845429 -0.500186 -0.597267 -0.975206 -0.0988608 0.197989 -0.255126 0.117937 0.524859 0.842979 0.407261 
1531909006041 0 0 0 0 0 0 0 0 0 0 0 0 
1531909006044 0 0 0 0 0 0 0 0 0 0 0 0 
1531909006047 0 0 0 0 0 0 0 0 0 0 0 0 
1531909006048 -0.187254 0.845429 -0.500186 -0.597268 -0.975206 -0.0988609 0.197989 -0.255126 0.117937 0.524859 0.842979 0.407261 
1531909006051 0 0 0 0 0 0 0 0 0 0 0 0 
1531909006054 0 0 0 0 0 0 0 0 0 0 0 0 
1531909006057 0 0 0 0 0 0 0 0 0 0 0 0 
1531909006058 -0.187254 0.845429 -0.500186 -0.597268 -0.975206 -0.0988609 0.197989 -0.255126 0.117937 0.524859 0.842979 0.407261 
1531909006061 0 0 0 0 0 0 0 0 0 0 0 0 
1531909006068 -0.187254 0.845429 -0.500186 -0.597268 -0.975206 -0.0988609 0.197989 -0.255126 0.117937 0.524859 0.842979 0.407261 
1531909006071 -0.187254 -0.975206 0.117937 -0.597268 0.845429 -0.0988609 0.524859 -0.255126 -0.500186 0.197989 0.842979 0.407261 
1531909006078 -0.187254 0.845429 -0.500186 -0.597268 -0.975206 -0.0988609 0.197989 -0.255126 0.117937 0.524859 0.842979 0.407261 
1531909006081 -0.187254 -0.975206 0.117937 -0.597268 0.845429 -0.0988609 0.524859 -0.255126 -0.500186 0.197989 0.842979 0.407261 
1531909006088 -0.187254 0.845429 -0.500186 -0.597268 -0.975206 -0.0988609 0.197989 -0.255126 0.117937 0.524859 0.842979 0.407261 
1531909006091 -0.187254 -0.975206 0.117937 -0.597268 0.845429 -0.0988609 0.524859 -0.255126 -0.500186 0.197989 0.842979 0.407261 
1531909006099 -0.187254 0.845429 -0.500186 -0.597268 -0.975206 -0.0988609 0.197989 -0.255126 0.117937 0.524859 0.842979 0.407261 
1531909006101 -0.187254 -0.975206 0.117937 -0.597268 0.845429 -0.0988609 0.524859 -0.255126 -0.500186 0.197989 0.842979 0.407261 
1531909006104 0 0 0 0 0 0 0 0 0 0 0 0 
1531909006111 0 0 0 0 0 0 0 0 0 0 0 0 
1531909006111 -0.187254 0.845429 -0.500186 -0.597268 -0.975206 -0.0988609 0.197989 -0.255126 0.117937 0.524859 0.842979 0.407261 
1531909006111 0 0 0 0 0 0 0 0 0 0 0 0 
1531909006114 0 0 0 0 0 0 0 0 0 0 0 0 
1531909006114 0 0 0 0 0 0 0 0 0 0 0 0 
1531909006114 0 0 0 0 0 0 0 0 0 0 0 0 
1531909006117 0 0 0 0 0 0 0 0 0 0 0 0 
1531909006117 0 0 0 0 0 0 0 0 0 0 0 0 
1531909006121 0 0 0 0 0 0 0 0 0 0 0 0 
1531909006121 0 0 0 0 0 0 0 0 0 0 0 0 
1531909006124 0 0 0 0 0 0 0 0 0 0 0 0 
1531909006127 0 0 0 0 0 0 0 0 0 0 0 0 
1531909006131 -0.187254 -0.975206 0.117937 -0.597268 0.845429 -0.0988609 0.524859 -0.255126 -0.500186 0.197989 0.842979 0.407261 
1531909006131 0 0 0 0 0 0 0 0 0 0 0 0 
1531909006134 0 0 0 0 0 0 0 0 0 0 0 0 
1531909006137 0 0 0 0 0 0 0 0 0 0 0 0 
1531909006141 -0.187254 -0.975206 0.117937 -0.597268 0.845429 -0.0988609 0.524859 -0.255126 -0.500186 0.197989 0.842979 0.407261 
1531909006141 0 0 0 0 0 0 0 0 0 0 0 0 
1531909006144 0 0 0 0 0 0 0 0 0 0 0 0 
1531909006147 0 0 0 0 0 0 0 0 0 0 0 0 
1531909006151 -0.187254 -0.975206 0.117937 -0.597268 0.845429 -0.0988609 0.524859 -0.255126 -0.500186 0.197989 0.842979 0.407261 
1531909006151 0 0 0 0 0 0 0 0 0 0 0 0 
1531909006154 0 0 0 0 0 0 0 0 0 0 0 0 
1531909006157 0 0 0 0 0 0 0 0 0 0 0 0 
1531909006161 -0.187254 -0.975206 0.117937 -0.597268 0.845429 -0.0988609 0.524859 -0.255126 -0.500186 0.197989 0.842979 0.407261 
1531909006161 0 0 0 0 0 0 0 0 0 0 0 0 
1531909006164 0 0 0 0 0 0 0 0 0 0 0 0 
1531909006167 0 0 0 0 0 0 0 0 0 0 0 0 
1531909006171 0 0 0 0 0 0 0 0 0 0 0 0 
1531909006174 0 0 0 0 0 0 0 0 0 0 0 0 
1531909006177 0 0 0 0 0 0 0 0 0 0 0 0 
1531909006188 -0.187254 0.845429 -0.500186 -0.597268 -0.975206 -0.0988609 0.197989 -0.255126 0.117937 0.524859 0.842979 0.407261 
1531909006235 0 0 0 0 0 0 0 0 0 0 0 0 
1531909006237 -0.187254 -0.975206 0.117937 -0.597268 0.845429 -0.0988609 0.524859 -0.255126 -0.500186 0.197989 0.842979 0.407261 
1531909006237 0 0 0 0 0 0 0 0 0 0 0 0 
1531909006241 0 0 0 0 0 0 0 0 0 0 0 0 
1531909006244 0 0 0 0 0 0 0 0 0 0 0 0 
1531909006244 0 0 0 0 0 0 0 0 0 0 0 0 
1531909006249 0 0 0 0 0 0 0 0 0 0 0 0 
1531909006251 -0.187254 -0.975206 0.117937 -0.597268 0.845429 -0.0988609 0.524859 -0.255126 -0.500186 0.197989 0.842979 0.407261 
1531909006258 -0.187254 0.845429 -0.500186 -0.597268 -0.975206 -0.0988609 0.197989 -0.255126 0.117937 0.524859 0.842979 0.407261 
1531909006261 -0.187254 -0.975206 0.117937 -0.597268 0.845429 -0.0988609 0.524859 -0.255126 -0.500186 0.197989 0.842979 0.407261 
1531909006268 -0.187254 0.845429 -0.500186 -0.597268 -0.975206 -0.0988609 0.197989 -0.255126 0.117937 0.524859 0.842979 0.407261 
1531909006271 -0.187254 -0.975206 0.117937 -0.597268 0.845429 -0.0988609 0.524859 -0.255126 -0.500186 0.197989 0.842979 0.407261 
1531909006278 -0.187254 0.845429 -0.500186 -0.597268 -0.975206 -0.0988609 0.197989 -0.255126 0.117937 0.524859 0.842979 0.407261 
1531909006281 -0.187254 -0.975206 0.117937 -0.597268 0.845429 -0.0988609 0.524859 -0.255126 -0.500186 0.197989 0.842979 0.407261 
1531909006284 0 0 0 0 0 0 0 0 0 0 0 0 
1531909006287 0 0 0 0 0 0 0 0 0 0 0 0 
1531909006290 -0.187254 0.845429 -0.500186 -0.597268 -0.975206 -0.0988609 0.197989 -0.255126 0.117937 0.524859 0.842979 0.407261 
1531909006291 0 0 0 0 0 0 0 0 0 0 0 0 
1531909006294 0 0 0 0 0 0 0 0 0 0 0 0 
1531909006294 0 0 0 0 0 0 0 0 0 0 0 0 
1531909006297 0 0 0 0 0 0 0 0 0 0 0 0 
1531909006301 0 0 0 0 0 0 0 0 0 0 0 0 
1531909006301 -0.187254 0.845429 -0.500186 -0.597268 -0.975206 -0.0988609 0.197989 -0.255126 0.117937 0.524859 0.842979 0.407261 
1531909006304 0 0 0 0 0 0 0 0 0 0 0 0 
1531909006308 0 0 0 0 0 0 0 0 0 0 0 0 
1531909006311 -0.187254 -0.975206 0.117937 -0.597268 0.845429 -0.0988609 0.524859 -0.255126 -0.500186 0.197989 0.842979 0.407261 
1531909006311 0 0 0 0 0 0 0 0 0 0 0 0 
1531909006314 0 0 0 0 0 0 0 0 0 0 0 0 
1531909006318 0 0 0 0 0 0 0 0 0 0 0 0 
1531909006321 -0.187254 -0.975206 0.117937 -0.597268 0.845429 -0.0988609 0.524859 -0.255126 -0.500186 0.197989 0.842979 0.407261 
1531909006321 0 0 0 0 0 0 0 0 0 0 0 0 
1531909006324 0 0 0 0 0 0 0 0 0 0 0 0 
1531909006328 0 0 0 0 0 0 0 0 0 0 0 0 
1531909006331 -0.187254 -0.975206 0.117937 -0.597268 0.845429 -0.0988609 0.524859 -0.255126 -0.500186 0.197989 0.842979 0.407261 
1531909006338 -0.187254 0.845429 -0.500186 -0.597268 -0.975206 -0.0988609 0.197989 -0.255126 0.117937 0.524859 0.842979 0.407261 
1531909006341 -0.187254 -0.975206 0.117937 -0.597268 0.845429 -0.0988609 0.524859 -0.255126 -0.500186 0.197989 0.842979 0.407261 
1531909006348 -0.187254 0.845429 -0.500186 -0.597268 -0.975206 -0.0988609 0.197989 -0.255126 0.117937 0.524859 0.842979 0.407261 
1531909006351 -0.187254 -0.975206 0.117937 -0.597268 0.845429 -0.0988609 0.524859 -0.255126 -0.500186 0.197989 0.842979 0.407261 
1531909006351 0 0 0 0 0 0 0 0 0 0 0 0 
1531909006354 0 0 0 0 0 0 0 0 0 0 0 0 
1531909006362 0 0 0 0 0 0 0 0 0 0 0 0 
1531909006362 0 0 0 0 0 0 0 0 0 0 0 0 
1531909006364 0 0 0 0 0 0 0 0 0 0 0 0 
1531909006368 0 0 0 0 0 0 0 0 0 0 0 0 
1531909006378 -0.187254 0.845429 -0.500186 -0.597268 -0.975206 -0.0988609 0.197989 -0.255126 0.117937 0.524859 0.842979 0.407261 
1531909006388 -0.187254 0.845429 -0.500186 -0.597268 -0.975206 -0.0988609 0.197989 -0.255126 0.117937 0.524859 0.842979 0.407261 
1531909006398 -0.187254 0.845429 -0.500186 -0.597268 -0.975206 -0.0988609 0.197989 -0.255126 0.117937 0.524859 0.842979 0.407261 
1531909006463 0 0 0 0 0 0 0 0 0 0 0 0 
1531909006463 0 0 0 0 0 0 0 0 0 0 0 0 
1531909006463 0 0 0 0 0 0 0 0 0 0 0 0 
1531909006464 0 0 0 0 0 0 0 0 0 0 0 0 
1531909006472 0 0 0 0 0 0 0 0 0 0 0 0 
1531909006472 0 0 0 0 0 0 0 0 0 0 0 0 
1531909006475 0 0 0 0 0 0 0 0 0 0 0 0 
1531909006483 -0.187254 -0.975206 0.117937 -0.597268 0.845429 -0.0988609 0.524859 -0.255126 -0.500186 0.197989 0.842979 0.407261 
1531909006486 -0.187254 0.845429 -0.500186 -0.597268 -0.975206 -0.0988609 0.197989 -0.255126 0.117937 0.524859 0.842979 0.407261 
1531909006490 -0.187254 0.845429 -0.500186 -0.597268 -0.975206 -0.0988609 0.197989 -0.255126 0.117937 0.524859 0.842979 0.407261 
1531909006494 -0.187254 -0.975206 0.117937 -0.597268 0.845429 -0.0988609 0.524859 -0.255126 -0.500186 0.197989 0.842979 0.407261 
1531909006494 0 0 0 0 0 0 0 0 0 0 0 0 
1531909006503 -0.187254 -0.975206 0.117937 -0.597268 0.845429 -0.0988609 0.524859 -0.255126 -0.500186 0.197989 0.842979 0.407261 
1531909006504 -0.187254 0.845429 -0.500186 -0.597268 -0.975206 -0.0988609 0.197989 -0.255126 0.117937 0.524859 0.842979 0.407261 
1531909006513 -0.187254 -0.975206 0.117937 -0.597268 0.845429 -0.0988609 0.524859 -0.255126 -0.500186 0.197989 0.842979 0.407261 
1531909006514 -0.187254 0.845429 -0.500186 -0.597268 -0.975206 -0.0988609 0.197989 -0.255126 0.117937 0.524859 0.842979 0.407261 
1531909006523 -0.187254 -0.975206 0.117937 -0.597268 0.845429 -0.0988609 0.524859 -0.255126 -0.500186 0.197989 0.842979 0.407261 
1531909006524 -0.187254 0.845429 -0.500186 -0.597268 -0.975206 -0.0988609 0.197989 -0.255126 0.117937 0.524859 0.842979 0.407261 
1531909006533 -0.187254 -0.975206 0.117937 -0.597268 0.845429 -0.0988609 0.524859 -0.255126 -0.500186 0.197989 0.842979 0.407261 
1531909006534 -0.187254 0.845429 -0.500186 -0.597268 -0.975206 -0.0988609 0.197989 -0.255126 0.117937 0.524859 0.842979 0.407261 
1531909006543 -0.187254 -0.975206 0.117937 -0.597268 0.845429 -0.0988609 0.524859 -0.255126 -0.500186 0.197989 0.842979 0.407261 
1531909006544 -0.187254 0.845429 -0.500186 -0.597268 -0.975206 -0.0988609 0.197989 -0.255126 0.117937 0.524859 0.842979 0.407261 
1531909006553 -0.187254 -0.975206 0.117937 -0.597268 0.845429 -0.0988609 0.524859 -0.255126 -0.500186 0.197989 0.842979 0.407261 
1531909006554 -0.187254 0.845429 -0.500186 -0.597268 -0.975206 -0.0988609 0.197989 -0.255126 0.117937 0.524859 0.842979 0.407261 
1531909006563 -0.187254 -0.975206 0.117937 -0.597268 0.845429 -0.0988609 0.524859 -0.255126 -0.500186 0.197989 0.842979 0.407261 
1531909006564 -0.187254 0.845429 -0.500186 -0.597268 -0.975206 -0.0988609 0.197989 -0.255126 0.117937 0.524859 0.842979 0.407261 
1531909006573 -0.187254 -0.975206 0.117937 -0.597268 0.845429 -0.0988609 0.524859 -0.255126 -0.500186 0.197989 0.842979 0.407261 
1531909006574 -0.187254 0.845429 -0.500186 -0.597268 -0.975206 -0.0988609 0.197989 -0.255126 0.117937 0.524859 0.842979 0.407261 
1531909006613 0 0 0 0 0 0 0 0 0 0 0 0 
1531909006613 0 0 0 0 0 0 0 0 0 0 0 0 
1531909006618 0 0 0 0 0 0 0 0 0 0 0 0 
1531909006622 0 0 0 0 0 0 0 0 0 0 0 0 
1531909006624 0 0 0 0 0 0 0 0 0 0 0 0 
1531909006633 -0.187254 0.845429 -0.500186 -0.597268 -0.975206 -0.0988609 0.197989 -0.255126 0.117937 0.524859 0.842979 0.407261 
1531909006641 0 0 0 0 0 0 0 0 0 0 0 0 
1531909006643 -0.187254 0.845429 -0.500186 -0.597268 -0.975206 -0.0988609 0.197989 -0.255126 0.117937 0.524859 0.842979 0.407261 
1531909006645 0 0 0 0 0 0 0 0 0 0 0 0 
1531909006649 0 0 0 0 0 0 0 0 0 0 0 0 
1531909006652 0 0 0 0 0 0 0 0 0 0 0 0 
1531909006653 -0.187254 0.845429 -0.500186 -0.597268 -0.975206 -0.0988609 0.197989 -0.255126 0.117937 0.524859 0.842979 0.407261 
1531909006662 -0.187254 -0.975206 0.117937 -0.597268 0.845429 -0.0988609 0.524859 -0.255126 -0.500186 0.197989 0.842979 0.407261 
1531909006663 -0.187254 0.845429 -0.500186 -0.597268 -0.975206 -0.0988609 0.197989 -0.255126 0.117937 0.524859 0.842979 0.407261 
1531909006665 0 0 0 0 0 0 0 0 0 0 0 0 
1531909006673 -0.187254 0.845429 -0.500186 -0.597268 -0.975206 -0.0988609 0.197989 -0.255126 0.117937 0.524859 0.842979 0.407261 
1531909006675 -0.187254 -0.975206 0.117937 -0.597268 0.845429 -0.0988609 0.524859 -0.255126 -0.500186 0.197989 0.842979 0.407261 
1531909006690 -0.187254 0.845429 -0.500186 -0.597268 -0.975206 -0.0988609 0.197989 -0.255126 0.117937 0.524859 0.842979 0.407261 
1531909006690 0 0 0 0 0 0 0 0 0 0 0 0 
1531909006692 -0.187254 -0.975206 0.117937 -0.597268 0.845429 -0.0988609 0.524859 -0.255126 -0.500186 0.197989 0.842979 0.407261 
1531909006692 0 0 0 0 0 0 0 0 0 0 0 0 
1531909006692 0 0 0 0 0 0 0 0 0 0 0 0 
1531909006694 0 0 0 0 0 0 0 0 0 0 0 0 
1531909006695 0 0 0 0 0 0 0 0 0 0 0 0 
1531909006704 -0.187254 0.845429 -0.500186 -0.597268 -0.975206 -0.0988609 0.197989 -0.255126 0.117937 0.524859 0.842979 0.407261 
1531909006705 -0.187254 -0.975206 0.117937 -0.597268 0.845429 -0.0988609 0.524859 -0.255126 -0.500186 0.197989 0.842979 0.407261 
1531909006714 -0.187254 0.845429 -0.500186 -0.597268 -0.975206 -0.0988609 0.197989 -0.255126 0.117937 0.524859 0.842979 0.407261 
1531909006715 -0.187254 -0.975206 0.117937 -0.597268 0.845429 -0.0988609 0.524859 -0.255126 -0.500186 0.197989 0.842979 0.407261 
1531909006724 -0.187254 0.845429 -0.500186 -0.597268 -0.975206 -0.0988609 0.197989 -0.255126 0.117937 0.524859 0.842979 0.407261 
1531909006725 -0.187254 -0.975206 0.117937 -0.597268 0.845429 -0.0988609 0.524859 -0.255126 -0.500186 0.197989 0.842979 0.407261 
1531909006734 -0.187254 0.845429 -0.500186 -0.597268 -0.975206 -0.0988609 0.197989 -0.255126 0.117937 0.524859 0.842979 0.407261 
1531909006735 -0.187254 -0.975206 0.117937 -0.597268 0.845429 -0.0988609 0.524859 -0.255126 -0.500186 0.197989 0.842979 0.407261 
1531909006738 0 0 0 0 0 0 0 0 0 0 0 0 
1531909006747 0 0 0 0 0 0 0 0 0 0 0 0 
1531909006748 0 0 0 0 0 0 0 0 0 0 0 0 
1531909006748 0 0 0 0 0 0 0 0 0 0 0 0 
1531909006752 0 0 0 0 0 0 0 0 0 0 0 0 
1531909006762 -0.187254 -0.975206 0.117937 -0.597268 0.845429 -0.0988609 0.524859 -0.255126 -0.500186 0.197989 0.842979 0.407261 
1531909006775 -0.187254 -0.975206 0.117937 -0.597268 0.845429 -0.0988609 0.524859 -0.255126 -0.500186 0.197989 0.842979 0.407261 
1531909006785 -0.187254 -0.975206 0.117937 -0.597268 0.845429 -0.0988609 0.524859 -0.255126 -0.500186 0.197989 0.842979 0.407261 
