1534195589961 -0.365712 0.861347 -0.352614 -0.349379 -0.929563 -0.319076 0.18467 -0.275085 0.0465547 0.395313 0.917366 0.377424 
1534195594511 -0.365713 0.861347 -0.352613 -0.349379 -0.929563 -0.319077 0.18467 -0.275084 0.0465543 0.395312 0.917366 0.377424 
1534195595966 -0.317381 0.872448 -0.371622 -0.377163 -0.946118 -0.264765 0.186442 -0.272086 0.0642681 0.410772 0.90947 0.381125 
1534195596978 -0.268988 0.880276 -0.390845 -0.403546 -0.959578 -0.210047 0.187327 -0.267275 0.0828034 0.425435 0.901193 0.384785 
1534195598340 -0.169593 0.887121 -0.429249 -0.458143 -0.977958 -0.0976561 0.18456 -0.259588 0.121808 0.451088 0.884128 0.392089 
1534195599290 -0.119685 0.885949 -0.448074 -0.485483 -0.982608 -0.0411656 0.18107 -0.255796 0.141973 0.461953 0.875467 0.395866 
1534195600219 -0.0698972 0.881642 -0.466714 -0.512809 -0.984156 0.0154776 0.176629 -0.251973 0.162947 0.471665 0.866591 0.399572 
1534195601169 -0.0203071 0.874193 -0.485154 -0.540196 -0.982702 0.0718913 0.170673 -0.248171 0.184079 0.480227 0.857611 0.403177 
1534195602098 0.0289319 0.863807 -0.502991 -0.567474 -0.978119 0.128181 0.16387 -0.244303 0.206026 0.487244 0.848615 0.406815 
1534195603080 0.0773665 0.850483 -0.520282 -0.595083 -0.970446 0.183881 0.156276 -0.240944 0.22858 0.492815 0.839574 0.410887 
1534195603107 0.0780228 0.850346 -0.520407 -0.595277 -0.970267 0.184731 0.156382 -0.240923 0.229115 0.492733 0.839477 0.410933 
1534195603461 0.0819839 0.849034 -0.521939 -0.59743 -0.969609 0.189078 0.155269 -0.240623 0.230515 0.493348 0.838732 0.411199 
1534195603902 0.0909408 0.846082 -0.525238 -0.602851 -0.967774 0.199454 0.153728 -0.239379 0.234827 0.494331 0.836954 0.411658 
1534195604202 0.0963629 0.844342 -0.527068 -0.605499 -0.96657 0.205788 0.152948 -0.239028 0.237604 0.49471 0.835946 0.412013 
1534195604516 0.10143 0.842685 -0.528766 -0.608255 -0.96549 0.211539 0.151922 -0.238536 0.239877 0.495109 0.83506 0.412345 
1534195604827 0.10645 0.840953 -0.530535 -0.610973 -0.964383 0.217258 0.150876 -0.238103 0.242142 0.495578 0.834128 0.412633 
1534195605137 0.111333 0.839209 -0.53229 -0.6136 -0.963208 0.222962 0.150059 -0.237594 0.244611 0.496 0.833156 0.412924 
1534195605449 0.116255 0.837418 -0.534056 -0.616343 -0.962012 0.228667 0.149144 -0.237107 0.247017 0.49643 0.83219 0.413238 
1534195605761 0.121259 0.835664 -0.535688 -0.619027 -0.96081 0.234343 0.148082 -0.236654 0.249281 0.496738 0.83133 0.413596 
1534195605788 0.121561 0.835596 -0.535726 -0.6192 -0.960721 0.234704 0.148083 -0.23658 0.249475 0.496683 0.831305 0.413682 
1534195605969 0.122221 0.836107 -0.534778 -0.619231 -0.960586 0.235195 0.148181 -0.23657 0.249672 0.49559 0.831898 0.413624 
1534195606152 0.122929 0.836607 -0.533832 -0.619421 -0.960499 0.235618 0.148074 -0.236688 0.249661 0.494542 0.832525 0.413156 
1534195606335 0.12382 0.8374 -0.532381 -0.619695 -0.960278 0.236323 0.148381 -0.236526 0.250068 0.492861 0.833399 0.413007 
1534195606513 0.12518 0.838007 -0.531107 -0.61987 -0.96004 0.237369 0.148254 -0.236706 0.250306 0.491326 0.834234 0.412815 
1534195606694 0.126124 0.838689 -0.529805 -0.620171 -0.959803 0.23816 0.148523 -0.236574 0.250743 0.489776 0.835014 0.412611 
1534195606870 0.127347 0.839256 -0.528613 -0.6204 -0.959551 0.239159 0.14854 -0.236669 0.251086 0.488316 0.835765 0.412362 
1534195607055 0.128377 0.839911 -0.527322 -0.620695 -0.959304 0.240018 0.148754 -0.236585 0.251507 0.486766 0.836543 0.412132 
1534195607244 0.129533 0.840585 -0.525964 -0.620931 -0.959038 0.240972 0.148927 -0.23657 0.251928 0.485128 0.837367 0.41193 
1534195607429 0.13055 0.841228 -0.524682 -0.621151 -0.958821 0.24176 0.149045 -0.236553 0.252228 0.483618 0.838149 0.41174 
1534195607453 0.130827 0.841355 -0.524411 -0.621177 -0.958774 0.241965 0.149014 -0.236598 0.252262 0.483296 0.838325 0.41171 
1534195607469 0.130958 0.841358 -0.524373 -0.621222 -0.958737 0.242106 0.149024 -0.236612 0.252337 0.48322 0.838347 0.411676 
1534195607629 0.130532 0.841404 -0.524405 -0.621161 -0.958737 0.241861 0.149421 -0.236727 0.252557 0.483262 0.838256 0.411678 
1534195607715 0.130222 0.841379 -0.524522 -0.621059 -0.958594 0.241973 0.150158 -0.236895 0.25326 0.483249 0.838051 0.411847 
1534195607820 0.129662 0.841379 -0.524661 -0.621103 -0.958627 0.241603 0.15054 -0.236944 0.25342 0.483435 0.837895 0.41178 
1534195607903 0.129728 0.841603 -0.524286 -0.62101 -0.958504 0.24181 0.150992 -0.237207 0.253853 0.482942 0.838049 0.41191 
1534195608002 0.129575 0.841645 -0.524256 -0.620985 -0.958375 0.241958 0.151569 -0.23738 0.254415 0.482795 0.837963 0.411926 
1534195608082 0.129325 0.841749 -0.524151 -0.620944 -0.958321 0.241893 0.152013 -0.237533 0.254745 0.482646 0.837949 0.411951 
1534195608183 0.129037 0.841812 -0.52412 -0.620916 -0.958222 0.241904 0.15262 -0.23766 0.255264 0.482529 0.837858 0.411984 
1534195608259 0.128679 0.841826 -0.524185 -0.620939 -0.958191 0.241762 0.153043 -0.237779 0.255563 0.482576 0.83774 0.411954 
1534195608280 0.128688 0.841837 -0.524166 -0.620938 -0.958167 0.241807 0.153115 -0.237811 0.255645 0.482535 0.837738 0.411951 
1534195608296 0.128686 0.841846 -0.524151 -0.620936 -0.958152 0.241832 0.15317 -0.237835 0.255702 0.482506 0.837738 0.411949 
1534195608361 0.128641 0.841929 -0.524029 -0.620908 -0.95807 0.241938 0.153518 -0.237948 0.256034 0.482308 0.837751 0.412017 
1534195608458 0.128021 0.841752 -0.524466 -0.620774 -0.958181 0.241439 0.153612 -0.238125 0.255929 0.482868 0.83746 0.412 
1534195608621 0.127193 0.841509 -0.525056 -0.620451 -0.958378 0.240679 0.153573 -0.238703 0.255603 0.483669 0.837097 0.412022 
1534195608796 0.126232 0.841392 -0.525475 -0.620233 -0.95844 0.240065 0.154151 -0.239048 0.25585 0.484178 0.836728 0.412053 
1534195608857 0.125992 0.841282 -0.52571 -0.620121 -0.958472 0.239902 0.154202 -0.239306 0.255846 0.48445 0.836571 0.412042 
1534195608961 0.125731 0.841187 -0.525925 -0.619958 -0.958477 0.239775 0.154368 -0.239625 0.255956 0.484678 0.836405 0.412117 
1534195608982 0.125659 0.841158 -0.525988 -0.61991 -0.958497 0.239707 0.154353 -0.239729 0.255919 0.484762 0.836368 0.412121 
1534195608999 0.125542 0.841133 -0.526056 -0.619867 -0.958526 0.239593 0.154345 -0.239826 0.255864 0.484862 0.836327 0.412122 
1534195609129 0.125041 0.841211 -0.526049 -0.619734 -0.958537 0.23927 0.154777 -0.239685 0.256068 0.484885 0.836251 0.412172 
1534195609198 0.125062 0.84125 -0.525983 -0.61944 -0.958537 0.239271 0.154776 -0.239706 0.256058 0.484818 0.836293 0.412211 
1534195609298 0.125181 0.84108 -0.526226 -0.619126 -0.958566 0.239333 0.154503 -0.239978 0.255893 0.485082 0.83619 0.412202 
1534195609345 0.124839 0.841169 -0.526166 -0.618861 -0.958632 0.238991 0.154622 -0.240021 0.255811 0.485097 0.836207 0.41228 
1534195609458 0.124272 0.84106 -0.526474 -0.618597 -0.958741 0.238499 0.154704 -0.240095 0.255679 0.485527 0.835998 0.412201 
1534195609506 0.124046 0.841129 -0.526417 -0.618287 -0.958773 0.238292 0.154824 -0.240172 0.255668 0.48551 0.836011 0.412261 
1534195609621 0.123602 0.841001 -0.526726 -0.618044 -0.958837 0.23796 0.154939 -0.240242 0.255643 0.485894 0.835795 0.41221 
1534195609680 0.123409 0.841089 -0.52663 -0.617712 -0.958865 0.237772 0.155052 -0.240337 0.255631 0.485832 0.835835 0.412318 
1534195609699 0.123482 0.841049 -0.526677 -0.617662 -0.958861 0.237835 0.154988 -0.240426 0.255614 0.485872 0.835817 0.412316 
1534195609713 0.123554 0.841 -0.526738 -0.617624 -0.958859 0.237893 0.15491 -0.240516 0.255586 0.485927 0.835793 0.412307 
1534195609841 0.122899 0.841155 -0.526644 -0.617322 -0.958959 0.237289 0.155212 -0.24048 0.255524 0.485955 0.835796 0.412356 
1534195609914 0.122387 0.841321 -0.526498 -0.617214 -0.958922 0.237024 0.155847 -0.24045 0.25591 0.485797 0.83577 0.412374 
1534195610004 0.121936 0.841525 -0.526277 -0.616924 -0.958933 0.236689 0.156288 -0.240602 0.256084 0.485607 0.835827 0.412485 
1534195610170 0.120473 0.841768 -0.526225 -0.616389 -0.958999 0.235665 0.157426 -0.240629 0.256529 0.485684 0.835646 0.412481 
1534195610221 0.120229 0.841845 -0.526158 -0.616128 -0.958992 0.235517 0.15769 -0.240782 0.25667 0.485622 0.835638 0.412508 
1534195610332 0.119652 0.842011 -0.526023 -0.615837 -0.95903 0.235068 0.15813 -0.240869 0.256799 0.485551 0.83564 0.41256 
1534195610396 0.119053 0.842206 -0.525847 -0.615524 -0.959045 0.234639 0.158671 -0.240903 0.257018 0.485421 0.835649 0.412673 
1534195610418 0.119087 0.842212 -0.52583 -0.615458 -0.959001 0.23474 0.158789 -0.240946 0.257167 0.485362 0.835637 0.412703 
1534195610433 0.11911 0.842208 -0.525832 -0.615427 -0.95897 0.234813 0.158869 -0.240978 0.257273 0.485334 0.83562 0.412722 
1534195610449 0.119081 0.842206 -0.525841 -0.615395 -0.958957 0.234823 0.158936 -0.241008 0.257336 0.485333 0.835602 0.412728 
1534195610599 0.118025 0.842402 -0.525765 -0.614963 -0.959118 0.233856 0.159387 -0.241051 0.257221 0.485459 0.835564 0.412781 
1534195610643 0.117279 0.842334 -0.52604 -0.614793 -0.959213 0.23327 0.159675 -0.240966 0.257209 0.485858 0.835335 0.412835 
1534195610727 0.117194 0.842231 -0.526225 -0.614593 -0.95924 0.233201 0.159612 -0.241173 0.257146 0.486071 0.835231 0.412852 
1534195610779 0.116658 0.842329 -0.526187 -0.614383 -0.959296 0.232757 0.159922 -0.241174 0.257181 0.486113 0.835196 0.412958 
1534195610843 0.116365 0.842336 -0.52624 -0.614169 -0.959302 0.232575 0.160151 -0.241257 0.257292 0.486188 0.835118 0.413044 
1534195610908 0.115812 0.842429 -0.526214 -0.613949 -0.959367 0.232106 0.160441 -0.241279 0.257297 0.486252 0.835079 0.413135 
1534195610930 0.115569 0.842457 -0.526223 -0.613876 -0.959396 0.231902 0.160561 -0.241275 0.257298 0.4863 0.835051 0.413164 
1534195610947 0.115393 0.842478 -0.526228 -0.613832 -0.959416 0.231758 0.160654 -0.241259 0.257305 0.486333 0.835029 0.413182 
1534195610964 0.11523 0.842478 -0.526263 -0.613776 -0.959428 0.231639 0.160749 -0.241262 0.257331 0.486388 0.834989 0.413196 
1534195610980 0.115166 0.842457 -0.526312 -0.613725 -0.959422 0.231621 0.160814 -0.241284 0.257383 0.486435 0.834946 0.413205 
1534195611118 0.11502 0.842301 -0.526593 -0.61361 -0.95941 0.231607 0.160904 -0.241236 0.257492 0.486711 0.834751 0.413139 
1534195611154 0.114722 0.842438 -0.526439 -0.613436 -0.959474 0.231272 0.161007 -0.241128 0.257389 0.486633 0.834829 0.413226 
1534195611233 0.114935 0.842316 -0.526586 -0.61325 -0.959476 0.231428 0.160768 -0.241354 0.257284 0.486769 0.834782 0.413234 
1534195611297 0.114741 0.842314 -0.526633 -0.613051 -0.959493 0.231286 0.160874 -0.241386 0.257309 0.486841 0.834732 0.413296 
1534195611341 0.114533 0.842325 -0.52666 -0.612938 -0.959516 0.231118 0.160977 -0.241375 0.257316 0.486902 0.834695 0.413338 
1534195611396 0.114461 0.842292 -0.526729 -0.612697 -0.959518 0.231082 0.161015 -0.241484 0.257339 0.486977 0.834644 0.413393 
1534195611417 0.11445 0.842265 -0.526774 -0.612637 -0.959525 0.231071 0.160991 -0.241529 0.257319 0.487027 0.834621 0.413396 
1534195611433 0.114423 0.842252 -0.5268 -0.612602 -0.959532 0.231046 0.160985 -0.241548 0.257305 0.487061 0.834605 0.413397 
1534195611450 0.114356 0.842249 -0.526821 -0.612566 -0.959542 0.23099 0.161007 -0.241544 0.257298 0.487094 0.834588 0.413401 
1534195611466 0.114263 0.842248 -0.526843 -0.612532 -0.959553 0.230915 0.161047 -0.241525 0.257297 0.487132 0.834566 0.413407 
1534195611483 0.114185 0.842242 -0.526869 -0.612509 -0.959562 0.230856 0.161082 -0.241507 0.2573 0.48717 0.834543 0.413412 
1534195611589 0.114052 0.842286 -0.526826 -0.612398 -0.959572 0.230745 0.161178 -0.241471 0.25732 0.487145 0.834551 0.413434 
1534195611631 0.114079 0.842369 -0.526688 -0.612239 -0.959554 0.23077 0.161251 -0.241501 0.257377 0.48699 0.834624 0.413483 
1534195611664 0.114025 0.842424 -0.526612 -0.612111 -0.959543 0.230743 0.161354 -0.241493 0.25744 0.486909 0.834652 0.413532 
1534195611697 0.113898 0.842417 -0.52665 -0.612001 -0.959529 0.230697 0.161501 -0.241457 0.257547 0.486942 0.8346 0.413562 
1534195611756 0.114014 0.842295 -0.52682 -0.611829 -0.95949 0.230877 0.16148 -0.241596 0.257644 0.487067 0.834497 0.413535 
1534195611773 0.114015 0.842283 -0.52684 -0.611787 -0.959487 0.230885 0.161481 -0.241614 0.257652 0.487085 0.834484 0.413529 
1534195611790 0.113975 0.842293 -0.526833 -0.611739 -0.95949 0.230853 0.161509 -0.241606 0.257659 0.487083 0.834483 0.413529 
1534195611807 0.113906 0.84232 -0.526804 -0.611683 -0.959497 0.230792 0.161556 -0.241583 0.257664 0.487065 0.834492 0.413535 
1534195611823 0.113817 0.84235 -0.526775 -0.611626 -0.959507 0.230714 0.161612 -0.24155 0.257668 0.48705 0.834499 0.413539 
1534195611842 0.113715 0.842383 -0.526744 -0.611575 -0.959519 0.230621 0.161672 -0.241508 0.257669 0.487036 0.834508 0.413541 
1534195611857 0.113671 0.842399 -0.526729 -0.611555 -0.959525 0.230579 0.161694 -0.24149 0.257664 0.487029 0.834513 0.413539 
1534195611873 0.113669 0.842385 -0.526752 -0.611553 -0.959528 0.230577 0.161681 -0.241496 0.257654 0.487055 0.834501 0.41352 
1534195611974 0.113617 0.842543 -0.52651 -0.611443 -0.959492 0.230565 0.161908 -0.24158 0.257809 0.486787 0.834609 0.41341 
1534195611991 0.113459 0.842677 -0.52633 -0.611332 -0.959485 0.230445 0.16212 -0.241537 0.257905 0.486612 0.834682 0.413418 
1534195612009 0.113317 0.84278 -0.526195 -0.611235 -0.959484 0.230333 0.162286 -0.241507 0.257972 0.486486 0.834735 0.413423 
1534195612028 0.113214 0.842843 -0.526117 -0.611147 -0.959473 0.230275 0.162434 -0.241482 0.258058 0.486405 0.834755 0.413422 
1534195612046 0.113206 0.842847 -0.526111 -0.611083 -0.959453 0.230305 0.162507 -0.241495 0.258135 0.486382 0.834745 0.413407 
1534195612062 0.113258 0.842828 -0.526131 -0.611045 -0.959442 0.230364 0.162494 -0.241541 0.258156 0.486388 0.834735 0.413387 
1534195612159 0.113206 0.84286 -0.52609 -0.610956 -0.959499 0.230216 0.162364 -0.241564 0.257965 0.486403 0.834785 0.413374 
1534195612183 0.113127 0.842773 -0.526247 -0.610951 -0.959572 0.230059 0.162156 -0.241562 0.257729 0.486627 0.834727 0.413415 
1534195612211 0.113213 0.842628 -0.52646 -0.610955 -0.959619 0.230064 0.161869 -0.241566 0.257515 0.486876 0.834648 0.413442 
1534195612282 0.113099 0.842523 -0.526653 -0.610912 -0.959719 0.229841 0.161593 -0.241477 0.257192 0.487163 0.83458 0.413441 
1534195612321 0.112801 0.842478 -0.526789 -0.610867 -0.959811 0.229508 0.161521 -0.241361 0.25698 0.487398 0.834509 0.413413 
1534195612354 0.112713 0.842473 -0.526816 -0.610782 -0.959873 0.22934 0.16139 -0.241305 0.256787 0.487486 0.834517 0.41343 
1534195612396 0.112724 0.84244 -0.526866 -0.610657 -0.95995 0.229211 0.161118 -0.241351 0.256496 0.487603 0.834538 0.41343 
1534195612411 0.112735 0.84241 -0.526912 -0.610621 -0.959975 0.229178 0.161012 -0.24138 0.256394 0.487671 0.834529 0.413424 
1534195612429 0.112735 0.842324 -0.52705 -0.610587 -0.959996 0.229165 0.160907 -0.24141 0.256317 0.487826 0.834462 0.41341 
1534195612567 0.112312 0.84217 -0.527385 -0.610464 -0.960044 0.228874 0.161033 -0.241306 0.256322 0.488227 0.834226 0.413385 
1534195612580 0.112118 0.842193 -0.527391 -0.610464 -0.960026 0.22879 0.161263 -0.241289 0.256476 0.488228 0.834178 0.413394 
1534195612626 0.111798 0.842174 -0.527489 -0.610455 -0.959912 0.228825 0.161888 -0.241285 0.25704 0.488244 0.833995 0.413403 
1534195612684 0.111863 0.842178 -0.527468 -0.610383 -0.959875 0.228931 0.161956 -0.241451 0.25715 0.488186 0.833995 0.413437 
1534195612723 0.111583 0.842159 -0.527558 -0.61029 -0.959909 0.228711 0.16207 -0.241484 0.257148 0.488323 0.833916 0.413414 
1534195612749 0.111159 0.841988 -0.52792 -0.61022 -0.959909 0.228516 0.162345 -0.241451 0.25733 0.488708 0.833634 0.413364 
1534195612766 0.110997 0.841886 -0.528117 -0.610188 -0.959902 0.228466 0.162457 -0.24145 0.257426 0.488908 0.833487 0.413334 
1534195612783 0.110835 0.841774 -0.528329 -0.610135 -0.959883 0.228441 0.162601 -0.241464 0.257565 0.489112 0.833324 0.413307 
1534195612803 0.110658 0.841754 -0.528399 -0.610068 -0.959873 0.228362 0.16277 -0.241468 0.257678 0.489184 0.833247 0.413303 
1534195612832 0.110454 0.841743 -0.528459 -0.610032 -0.959865 0.228262 0.162958 -0.241453 0.257796 0.48925 0.833172 0.413323 
1534195612967 0.11009 0.84187 -0.528333 -0.609939 -0.959919 0.227907 0.163136 -0.241577 0.25775 0.489197 0.833217 0.413415 
1534195612993 0.109861 0.841838 -0.528431 -0.6099 -0.959958 0.227709 0.163185 -0.241667 0.257704 0.489344 0.833145 0.413367 
1534195613017 0.109723 0.841777 -0.528558 -0.609865 -0.959961 0.22764 0.163261 -0.241758 0.257751 0.489481 0.83305 0.413322 
1534195613096 0.109526 0.841743 -0.528652 -0.609755 -0.959892 0.227666 0.16363 -0.24184 0.25809 0.489527 0.832918 0.413346 
1534195613116 0.109315 0.841764 -0.528663 -0.609721 -0.95992 0.227484 0.163722 -0.241851 0.258077 0.489577 0.832893 0.413366 
1534195613133 0.109127 0.841715 -0.528779 -0.609704 -0.959931 0.227368 0.16382 -0.241861 0.258117 0.489714 0.8328 0.413368 
1534195613149 0.108968 0.841665 -0.528891 -0.609687 -0.959935 0.227282 0.163916 -0.241875 0.25817 0.48984 0.83271 0.413368 
1534195613166 0.108851 0.841634 -0.528965 -0.609664 -0.959932 0.227228 0.164005 -0.241895 0.258228 0.489918 0.832646 0.413375 
1534195613208 0.108845 0.841619 -0.528989 -0.609615 -0.95989 0.227309 0.164141 -0.24193 0.258388 0.489905 0.832603 0.413421 
1534195613284 0.108901 0.841619 -0.528979 -0.60955 -0.959874 0.227372 0.164146 -0.241817 0.258423 0.489877 0.832609 0.413387 
1534195613314 0.10874 0.841485 -0.529225 -0.60947 -0.959919 0.227233 0.164073 -0.241809 0.258323 0.490172 0.832467 0.413368 
1534195613351 0.10852 0.841365 -0.529461 -0.609337 -0.959999 0.22699 0.163944 -0.241847 0.258119 0.49049 0.832342 0.413369 
1534195613380 0.10849 0.841362 -0.529471 -0.609248 -0.960042 0.226892 0.163829 -0.241943 0.257972 0.490541 0.832358 0.413391 
1534195613437 0.108571 0.841223 -0.529675 -0.609095 -0.960018 0.227028 0.163782 -0.242121 0.258028 0.490715 0.832238 0.41343 
1534195613458 0.108484 0.841164 -0.529787 -0.609038 -0.960014 0.227002 0.163839 -0.242134 0.258078 0.490829 0.832156 0.413449 
1534195613476 0.108316 0.841125 -0.529884 -0.608964 -0.960029 0.226886 0.16391 -0.242143 0.258092 0.49095 0.83208 0.413478 
1534195613505 0.108067 0.841076 -0.530012 -0.608856 -0.960072 0.226674 0.163955 -0.242175 0.258038 0.491131 0.831989 0.413509 
1534195613628 0.107614 0.841282 -0.529777 -0.608818 -0.960017 0.226447 0.164588 -0.242102 0.258431 0.490883 0.832014 0.413481 
1534195613678 0.107359 0.841357 -0.52971 -0.608722 -0.959923 0.226451 0.165129 -0.2422 0.258886 0.490753 0.83195 0.413469 
1534195613777 0.107177 0.841385 -0.529702 -0.608456 -0.959868 0.226439 0.165465 -0.242412 0.259165 0.49071 0.831888 0.413485 
1534195613825 0.106749 0.841435 -0.52971 -0.608309 -0.95989 0.226128 0.165761 -0.242474 0.259259 0.490769 0.831824 0.413473 
1534195613910 0.106105 0.841535 -0.52968 -0.608161 -0.959819 0.22585 0.166551 -0.242383 0.259787 0.490725 0.831685 0.413498 
1534195613970 0.105628 0.841563 -0.529731 -0.608035 -0.959809 0.225576 0.166979 -0.242432 0.260018 0.490803 0.831566 0.413488 
1534195614064 0.105413 0.841521 -0.52984 -0.607826 -0.959707 0.225654 0.167461 -0.242613 0.260482 0.490839 0.8314 0.413482 
1534195614088 0.105188 0.841548 -0.529842 -0.607776 -0.959721 0.225486 0.167608 -0.242617 0.260522 0.49087 0.831369 0.413483 
1534195614101 0.105021 0.841571 -0.529838 -0.607735 -0.95973 0.225361 0.167722 -0.242617 0.260555 0.490887 0.831349 0.413486 
1534195614117 0.104829 0.841599 -0.529832 -0.607689 -0.959741 0.225217 0.167852 -0.24262 0.260591 0.490906 0.831327 0.413489 
1534195614135 0.104751 0.841604 -0.529839 -0.607639 -0.959726 0.225196 0.167963 -0.242644 0.260677 0.490906 0.831299 0.413488 
1534195614150 0.104799 0.841593 -0.529848 -0.607609 -0.9597 0.225278 0.168004 -0.242671 0.260754 0.490888 0.831286 0.413485 
1534195614233 0.105139 0.841843 -0.529383 -0.607516 -0.959669 0.225459 0.167937 -0.242571 0.260731 0.490375 0.831596 0.413608 
1534195614272 0.105097 0.842056 -0.529052 -0.607418 -0.959777 0.225165 0.167718 -0.242454 0.260352 0.490145 0.83185 0.413563 
1534195614308 0.104992 0.842264 -0.528741 -0.607287 -0.959907 0.22479 0.167474 -0.242434 0.259914 0.489959 0.832097 0.413514 
1534195614346 0.105013 0.842427 -0.528478 -0.607124 -0.960007 0.224562 0.167205 -0.242504 0.259535 0.489784 0.832318 0.413484 
1534195614396 0.104997 0.842575 -0.528245 -0.606975 -0.960046 0.224433 0.167156 -0.242522 0.259397 0.489589 0.832476 0.413536 
1534195614420 0.104927 0.842656 -0.528131 -0.606908 -0.960072 0.224316 0.167163 -0.242511 0.259329 0.489504 0.832547 0.413557 
1534195614436 0.104864 0.842722 -0.528036 -0.60685 -0.96009 0.224224 0.167184 -0.242492 0.259288 0.489431 0.832603 0.413571 
1534195614453 0.104793 0.842813 -0.527906 -0.606777 -0.960112 0.224111 0.16721 -0.242467 0.259236 0.489327 0.83268 0.413592 
1534195614610 0.104652 0.842525 -0.528393 -0.606664 -0.960111 0.224119 0.167203 -0.242567 0.259296 0.489818 0.832372 0.413527 
1534195614642 0.104453 0.84253 -0.528425 -0.606544 -0.960101 0.224018 0.167397 -0.242521 0.259414 0.489857 0.832313 0.413603 
1534195614686 0.104337 0.842564 -0.528394 -0.60637 -0.960097 0.223945 0.167517 -0.242546 0.259475 0.489831 0.832309 0.413675 
1534195614768 0.104038 0.842542 -0.528487 -0.606233 -0.960116 0.223738 0.167687 -0.242514 0.259526 0.489963 0.832215 0.413698 
1534195614797 0.103747 0.842631 -0.528404 -0.606125 -0.960135 0.223499 0.167894 -0.242405 0.25957 0.48992 0.832227 0.413762 
1534195614829 0.103431 0.842712 -0.528336 -0.606013 -0.960157 0.223242 0.16811 -0.242293 0.259615 0.489897 0.832226 0.413823 
1534195614850 0.103389 0.842687 -0.528384 -0.605983 -0.960159 0.223222 0.168127 -0.242308 0.259625 0.48995 0.832192 0.413828 
1534195614866 0.103404 0.842648 -0.528443 -0.605964 -0.960162 0.223237 0.16809 -0.242352 0.259609 0.49001 0.832162 0.413825 
1534195614886 0.103446 0.842584 -0.528537 -0.60593 -0.960163 0.223281 0.168026 -0.242429 0.259588 0.4901 0.832115 0.413819 
1534195614953 0.10316 0.842646 -0.528494 -0.605764 -0.960186 0.223046 0.168206 -0.242379 0.259617 0.490101 0.832106 0.413896 
1534195615010 0.102751 0.842696 -0.528493 -0.605732 -0.960197 0.222764 0.168518 -0.242279 0.259739 0.490142 0.832044 0.41389 
1534195615031 0.102554 0.8427 -0.528525 -0.605755 -0.960175 0.222685 0.168746 -0.242296 0.259897 0.490171 0.831977 0.413896 
1534195615052 0.10247 0.842797 -0.528387 -0.605745 -0.960135 0.22268 0.168983 -0.242308 0.260079 0.490007 0.832017 0.413934 
1534195615086 0.102373 0.842876 -0.52828 -0.605726 -0.960064 0.222728 0.169319 -0.242311 0.260378 0.489849 0.832016 0.413978 
1534195615128 0.102229 0.842859 -0.528335 -0.605705 -0.960024 0.222723 0.169556 -0.242347 0.260584 0.489881 0.831933 0.413986 
1534195615148 0.102111 0.842834 -0.528398 -0.605689 -0.960033 0.222643 0.169609 -0.242384 0.260596 0.489961 0.831882 0.413976 
1534195615165 0.102014 0.842817 -0.528443 -0.605658 -0.960037 0.222581 0.169665 -0.242428 0.260618 0.490017 0.831842 0.413972 
1534195615181 0.101922 0.842789 -0.528506 -0.605617 -0.960027 0.222554 0.169758 -0.242462 0.260691 0.490078 0.831784 0.41398 
1534195615302 0.101738 0.842773 -0.528567 -0.605567 -0.95999 0.222518 0.170016 -0.242359 0.260901 0.490122 0.831692 0.414028 
1534195615316 0.10191 0.842765 -0.528546 -0.605598 -0.959989 0.222626 0.169879 -0.242325 0.260837 0.490086 0.831733 0.414031 
1534195615332 0.102013 0.842768 -0.528521 -0.605633 -0.960029 0.222612 0.169671 -0.242281 0.260648 0.490087 0.831792 0.414038 
1534195615349 0.102064 0.84278 -0.528493 -0.605667 -0.960072 0.222558 0.169497 -0.242232 0.260469 0.490092 0.831845 0.41404 
1534195615366 0.102027 0.842797 -0.528473 -0.605687 -0.96014 0.222401 0.169317 -0.242203 0.260233 0.490133 0.831894 0.414041 
1534195615402 0.102065 0.842801 -0.528459 -0.605679 -0.960216 0.22228 0.169045 -0.242252 0.259938 0.490181 0.831959 0.414049 
1534195615423 0.10213 0.842679 -0.528641 -0.605675 -0.960228 0.222336 0.168905 -0.24231 0.259869 0.490365 0.831871 0.414019 
1534195615443 0.102273 0.842535 -0.528843 -0.605675 -0.960218 0.222487 0.168761 -0.242369 0.259848 0.490545 0.831772 0.41399 
1534195615463 0.102359 0.842415 -0.529017 -0.605661 -0.960245 0.222526 0.168556 -0.242419 0.259714 0.490733 0.831703 0.413978 
1534195615483 0.102384 0.842337 -0.529138 -0.605624 -0.960279 0.222501 0.168394 -0.242441 0.259578 0.490879 0.831659 0.413992 
1534195615573 0.102223 0.842378 -0.529103 -0.605603 -0.960372 0.222216 0.168242 -0.242294 0.259299 0.490938 0.831712 0.414055 
1534195615613 0.102413 0.842398 -0.529035 -0.605658 -0.960338 0.222389 0.168209 -0.242212 0.259351 0.490825 0.831762 0.414067 
1534195615642 0.102668 0.84241 -0.528965 -0.605681 -0.960298 0.222612 0.168139 -0.242162 0.259396 0.490702 0.831821 0.41408 
1534195615735 0.102901 0.842028 -0.529528 -0.605697 -0.960503 0.222485 0.167134 -0.242267 0.258543 0.491416 0.831665 0.414017 
1534195615762 0.103102 0.841993 -0.529544 -0.605666 -0.960511 0.222601 0.166933 -0.242254 0.258434 0.491422 0.831695 0.414037 
1534195615780 0.103184 0.841973 -0.529561 -0.605652 -0.960523 0.222634 0.16682 -0.24225 0.258356 0.491443 0.831707 0.414049 
1534195615794 0.103248 0.84196 -0.52957 -0.60564 -0.960534 0.222656 0.166727 -0.242247 0.258289 0.491456 0.83172 0.41406 
1534195615811 0.103304 0.841949 -0.529575 -0.605628 -0.960547 0.222669 0.166638 -0.242242 0.258221 0.491467 0.831735 0.414071 
1534195615828 0.103352 0.841945 -0.529573 -0.605618 -0.960556 0.222682 0.16657 -0.242241 0.25817 0.491469 0.831749 0.414079 
1534195615844 0.103353 0.841947 -0.529569 -0.605615 -0.960554 0.222685 0.166574 -0.242236 0.258173 0.491464 0.831751 0.414085 
1534195615861 0.103311 0.841933 -0.5296 -0.605625 -0.960552 0.222669 0.16661 -0.242234 0.2582 0.491495 0.831724 0.414072 
1534195615972 0.103042 0.841705 -0.530015 -0.605673 -0.960775 0.222153 0.166008 -0.242302 0.257474 0.492119 0.83158 0.413905 
1534195615997 0.10329 0.841544 -0.530221 -0.605679 -0.960826 0.222254 0.165579 -0.242328 0.257186 0.492348 0.831534 0.413834 
1534195616013 0.103349 0.841498 -0.530283 -0.605668 -0.960869 0.222221 0.165372 -0.242326 0.257001 0.492441 0.831536 0.413813 
1534195616031 0.103442 0.841502 -0.530258 -0.605641 -0.960908 0.222201 0.165174 -0.242314 0.256818 0.492444 0.831591 0.413798 
1534195616053 0.103422 0.841552 -0.530183 -0.605613 -0.960946 0.222101 0.165088 -0.242298 0.256685 0.492403 0.831656 0.413807 
1534195616068 0.103402 0.841589 -0.530128 -0.605594 -0.960964 0.222043 0.16506 -0.242287 0.256624 0.492366 0.831697 0.413829 
1534195616085 0.103367 0.841612 -0.530099 -0.605584 -0.960968 0.222007 0.165085 -0.242267 0.256623 0.492344 0.831711 0.413845 
1534195616166 0.103537 0.84158 -0.530116 -0.605629 -0.960961 0.222132 0.164959 -0.242349 0.256582 0.492342 0.831724 0.41378 
1534195616180 0.103602 0.841676 -0.52995 -0.605619 -0.96097 0.222124 0.164918 -0.24236 0.256522 0.49218 0.831838 0.413783 
1534195616203 0.103708 0.841893 -0.529586 -0.605605 -0.960994 0.222074 0.164846 -0.24236 0.25639 0.491833 0.832085 0.413793 
1534195616220 0.103747 0.841983 -0.529435 -0.605605 -0.961003 0.222051 0.164821 -0.242347 0.256338 0.491689 0.832186 0.413777 
1534195616237 0.10376 0.84199 -0.529421 -0.605617 -0.961005 0.222054 0.164808 -0.242337 0.256327 0.491676 0.832197 0.413743 
1534195616253 0.103768 0.841985 -0.529428 -0.605631 -0.961017 0.222038 0.164761 -0.24233 0.256279 0.491692 0.832202 0.41369 
1534195616270 0.103767 0.841983 -0.529431 -0.60564 -0.961033 0.222007 0.164709 -0.242325 0.25622 0.491709 0.83221 0.413644 
1534195616336 0.103756 0.841953 -0.52948 -0.605655 -0.961019 0.222036 0.164751 -0.242318 0.256276 0.491747 0.832171 0.41359 
1534195616372 0.103452 0.841928 -0.529579 -0.605655 -0.96095 0.221994 0.165209 -0.242322 0.256657 0.491808 0.832017 0.413631 
1534195616385 0.103313 0.841925 -0.529612 -0.605653 -0.960933 0.221944 0.165373 -0.242329 0.256776 0.491837 0.831963 0.413649 
1534195616433 0.103173 0.84191 -0.529662 -0.605651 -0.960816 0.22209 0.165859 -0.242345 0.257271 0.491796 0.831835 0.4137 
1534195616450 0.103195 0.841975 -0.529555 -0.605638 -0.960797 0.222119 0.165931 -0.24235 0.257334 0.491672 0.831888 0.413704 
1534195616467 0.103217 0.842058 -0.529419 -0.605623 -0.960772 0.222153 0.166028 -0.242352 0.257418 0.491514 0.831956 0.413692 
1534195616483 0.103238 0.842163 -0.529248 -0.605606 -0.960749 0.222177 0.16613 -0.242355 0.257496 0.491324 0.832044 0.413674 
1534195616500 0.103209 0.842245 -0.529122 -0.605594 -0.960743 0.222144 0.166205 -0.242357 0.257527 0.491197 0.832109 0.413664 
1534195616517 0.103169 0.842269 -0.529092 -0.605594 -0.960728 0.222142 0.166296 -0.242358 0.2576 0.491157 0.83211 0.413648 
1534195616533 0.103146 0.84226 -0.529112 -0.6056 -0.96071 0.222166 0.16637 -0.242356 0.257677 0.491163 0.832083 0.413632 
1534195616550 0.103141 0.842245 -0.529137 -0.605604 -0.960699 0.222188 0.166401 -0.242356 0.257718 0.491178 0.832061 0.413621 
1534195616566 0.103133 0.842215 -0.529185 -0.60561 -0.960701 0.222189 0.16639 -0.242359 0.257716 0.491228 0.832032 0.413614 
1534195616583 0.103178 0.842201 -0.529199 -0.605611 -0.960699 0.222225 0.166355 -0.242367 0.257706 0.491236 0.83203 0.413619 
1534195616600 0.103193 0.842144 -0.529286 -0.60562 -0.960698 0.222253 0.166321 -0.242377 0.257702 0.491321 0.831982 0.413624 
1534195616616 0.103358 0.842044 -0.529414 -0.605633 -0.960661 0.222455 0.166268 -0.242393 0.257775 0.491402 0.831911 0.413632 
1534195616636 0.103504 0.841993 -0.529466 -0.605638 -0.96063 0.222616 0.166229 -0.2424 0.257831 0.491416 0.831886 0.413626 
1534195616653 0.103593 0.841996 -0.529445 -0.605635 -0.960611 0.222704 0.166219 -0.242399 0.257866 0.491372 0.831901 0.413623 
1534195616670 0.103668 0.841997 -0.529428 -0.605632 -0.96059 0.222789 0.166226 -0.242399 0.257913 0.491331 0.831911 0.413622 
1534195616686 0.103738 0.84208 -0.529283 -0.605614 -0.96057 0.222844 0.166271 -0.242394 0.257961 0.491164 0.831994 0.413632 
1534195616703 0.103799 0.842186 -0.529101 -0.60559 -0.960548 0.222889 0.166338 -0.242388 0.258018 0.490961 0.832096 0.413646 
1534195616720 0.103827 0.842251 -0.528992 -0.605574 -0.960532 0.222914 0.166393 -0.242385 0.258065 0.490838 0.832154 0.413654 
1534195616737 0.103816 0.842285 -0.52894 -0.605565 -0.960526 0.222909 0.166437 -0.242385 0.258093 0.490782 0.832178 0.413656 
1534195616753 0.103658 0.842288 -0.528967 -0.605566 -0.960562 0.222745 0.166449 -0.242387 0.258023 0.490852 0.832159 0.413649 
1534195616773 0.103484 0.842274 -0.529023 -0.605571 -0.960597 0.22258 0.16647 -0.242385 0.257964 0.49095 0.832119 0.413628 
1534195616790 0.103384 0.842243 -0.529092 -0.605577 -0.960605 0.222513 0.166511 -0.242383 0.257972 0.491034 0.832067 0.413615 
1534195616807 0.103297 0.842162 -0.529238 -0.605592 -0.960589 0.222518 0.166597 -0.242374 0.258067 0.491171 0.831957 0.41361 
1534195616823 0.103237 0.842118 -0.529319 -0.605597 -0.960571 0.222529 0.166685 -0.242361 0.258157 0.491241 0.831888 0.41362 
1534195616840 0.103215 0.842102 -0.52935 -0.605596 -0.960553 0.222557 0.166755 -0.242349 0.258235 0.491257 0.831854 0.413636 
1534195616860 0.103246 0.842112 -0.529327 -0.605588 -0.960533 0.222609 0.166798 -0.242343 0.258296 0.491215 0.83186 0.413655 
1534195616891 0.103377 0.842127 -0.529279 -0.60558 -0.960516 0.222716 0.166754 -0.242354 0.258307 0.491142 0.8319 0.413656 
1534195616904 0.103557 0.842177 -0.529164 -0.605563 -0.960503 0.222833 0.166673 -0.242367 0.258283 0.491003 0.831989 0.413663 
1534195616921 0.103829 0.842302 -0.528911 -0.605532 -0.960501 0.222959 0.166513 -0.242382 0.25818 0.490731 0.832182 0.413669 
1534195616938 0.104043 0.842419 -0.528682 -0.605509 -0.960516 0.223022 0.166345 -0.242387 0.25804 0.4905 0.832361 0.413663 
1534195616955 0.104214 0.842527 -0.528477 -0.605496 -0.960541 0.223043 0.166171 -0.242372 0.257877 0.490307 0.832525 0.413635 
1534195616971 0.10428 0.84256 -0.528411 -0.605501 -0.960563 0.22303 0.166062 -0.24235 0.257769 0.490255 0.83259 0.413601 
1534195616987 0.104305 0.842573 -0.528386 -0.60551 -0.960593 0.222984 0.16595 -0.24233 0.257647 0.490254 0.832628 0.413557 
1534195617006 0.104346 0.842576 -0.528373 -0.605511 -0.960613 0.222969 0.165853 -0.242327 0.257555 0.490256 0.832655 0.413521 
1534195617021 0.104399 0.842577 -0.528361 -0.605509 -0.960619 0.222989 0.165792 -0.242333 0.257511 0.490245 0.832675 0.413506 
1534195617039 0.104431 0.842579 -0.528351 -0.605508 -0.96061 0.223024 0.165795 -0.242334 0.25753 0.490225 0.832681 0.413515 
1534195617054 0.104447 0.842592 -0.528327 -0.605505 -0.960599 0.223051 0.165825 -0.242333 0.257567 0.49019 0.83269 0.413541 
1534195617073 0.104387 0.842599 -0.528329 -0.605509 -0.96058 0.223049 0.165936 -0.242319 0.257661 0.49018 0.832667 0.413584 
1534195617088 0.104324 0.842598 -0.528341 -0.605515 -0.960556 0.223057 0.166063 -0.242301 0.257775 0.490177 0.832633 0.413617 
1534195617111 0.103954 0.84248 -0.528603 -0.605544 -0.960557 0.222872 0.16631 -0.242278 0.257924 0.490464 0.832418 0.413653 
1534195617134 0.103626 0.84233 -0.528906 -0.605566 -0.960559 0.22272 0.166503 -0.242285 0.258048 0.490791 0.832187 0.413686 
1534195617151 0.103491 0.842257 -0.529049 -0.605573 -0.960574 0.222632 0.16653 -0.242306 0.258045 0.490956 0.832091 0.413702 
1534195617167 0.103466 0.842228 -0.5291 -0.605565 -0.960602 0.222573 0.166447 -0.242342 0.25795 0.491033 0.832075 0.413705 
1534195617184 0.103473 0.842215 -0.52912 -0.605557 -0.960623 0.222542 0.16637 -0.242369 0.257871 0.49107 0.832078 0.413697 
1534195617200 0.103508 0.84221 -0.52912 -0.605549 -0.960634 0.222543 0.166303 -0.242392 0.257814 0.491077 0.832091 0.413682 
1534195617217 0.103546 0.842203 -0.529124 -0.605542 -0.960635 0.222567 0.166268 -0.242406 0.257797 0.491079 0.832095 0.413656 
1534195617319 0.103595 0.842535 -0.528586 -0.605498 -0.96048 0.222786 0.166867 -0.242303 0.258353 0.49041 0.832317 0.413741 
1534195617334 0.103351 0.842524 -0.528651 -0.605514 -0.960494 0.222616 0.167013 -0.242297 0.258398 0.490506 0.832247 0.413787 
1534195617350 0.103107 0.842432 -0.528845 -0.605543 -0.960478 0.22253 0.167222 -0.242302 0.258557 0.490702 0.832082 0.413844 
1534195617380 0.102908 0.842311 -0.529076 -0.605557 -0.960436 0.222528 0.167464 -0.242347 0.258791 0.49091 0.831886 0.413909 
1534195617397 0.102869 0.842295 -0.529109 -0.605549 -0.960422 0.222537 0.167535 -0.242381 0.25886 0.490934 0.831851 0.413932 
1534195617414 0.102918 0.842271 -0.529138 -0.605539 -0.960395 0.222623 0.16757 -0.242417 0.258938 0.490935 0.831825 0.413938 
1534195617527 0.102429 0.842429 -0.528981 -0.605564 -0.960501 0.222079 0.167686 -0.242378 0.258739 0.490911 0.831902 0.413906 
1534195617541 0.102362 0.842568 -0.528773 -0.605564 -0.960541 0.22192 0.167671 -0.242342 0.258619 0.490745 0.832037 0.413903 
1534195617577 0.102207 0.842849 -0.528356 -0.605596 -0.960609 0.221609 0.167692 -0.242266 0.258428 0.490404 0.832298 0.413876 
1534195617687 0.102149 0.842927 -0.528242 -0.605634 -0.960689 0.221395 0.167512 -0.242495 0.258151 0.490365 0.832406 0.413771 
1534195617705 0.101918 0.843062 -0.528071 -0.605626 -0.960755 0.221089 0.167542 -0.24252 0.257999 0.490271 0.832509 0.413768 
1534195617720 0.101763 0.843146 -0.527967 -0.605623 -0.96079 0.220902 0.167586 -0.242529 0.257929 0.490211 0.832566 0.413776 
1534195617741 0.101683 0.843221 -0.527863 -0.605626 -0.96079 0.22083 0.167681 -0.242538 0.257961 0.490115 0.832612 0.413792 
1534195617874 0.101626 0.843155 -0.52798 -0.605619 -0.960829 0.220741 0.167571 -0.242581 0.257835 0.490269 0.832561 0.413794 
1534195617888 0.101513 0.843022 -0.528212 -0.605638 -0.960881 0.220618 0.167439 -0.242587 0.257688 0.490552 0.83244 0.413767 
1534195617905 0.101532 0.842879 -0.528438 -0.605655 -0.960914 0.220612 0.167257 -0.242602 0.257557 0.490801 0.832333 0.413745 
1534195617980 0.101774 0.842695 -0.528685 -0.605638 -0.960976 0.220696 0.166786 -0.242626 0.257229 0.491079 0.832271 0.41375 
1534195618030 0.101517 0.842536 -0.528987 -0.60565 -0.961091 0.220372 0.166553 -0.242625 0.256901 0.491497 0.832126 0.413797 
1534195618047 0.101408 0.842461 -0.529127 -0.605663 -0.961144 0.22023 0.166439 -0.242628 0.256748 0.491688 0.83206 0.413808 
1534195618065 0.101318 0.842399 -0.529244 -0.605671 -0.961187 0.220112 0.166344 -0.242628 0.256621 0.491848 0.832004 0.413822 
1534195618080 0.101299 0.842373 -0.529288 -0.605669 -0.961217 0.220052 0.166252 -0.242629 0.256517 0.491919 0.831994 0.413845 
1534195618097 0.101307 0.842368 -0.529295 -0.605661 -0.961234 0.220025 0.166186 -0.242631 0.256448 0.491941 0.832003 0.413868 
1534195618219 0.101265 0.842269 -0.52946 -0.605707 -0.961254 0.219993 0.166117 -0.242665 0.256392 0.492124 0.831912 0.413783 
1534195618233 0.101246 0.842403 -0.52925 -0.605687 -0.961258 0.219931 0.166173 -0.242664 0.256383 0.491922 0.832034 0.413781 
1534195618250 0.101218 0.842564 -0.528999 -0.605663 -0.961262 0.219856 0.16625 -0.242663 0.25638 0.491679 0.832179 0.413779 
1534195618269 0.101175 0.842701 -0.528789 -0.605645 -0.961265 0.21978 0.16633 -0.242661 0.256384 0.491478 0.832296 0.413776 
1534195618286 0.101223 0.842723 -0.528746 -0.60565 -0.961223 0.219884 0.166439 -0.242658 0.256524 0.491395 0.832301 0.413764 
1534195618313 0.101253 0.8427 -0.528776 -0.605665 -0.961207 0.219938 0.166455 -0.242671 0.25657 0.491409 0.832279 0.413752 
1534195618330 0.101264 0.84269 -0.52879 -0.605674 -0.961206 0.219952 0.166447 -0.242681 0.256572 0.49142 0.832272 0.413742 
1534195618347 0.101253 0.842688 -0.528796 -0.605685 -0.961214 0.21993 0.166427 -0.242699 0.256544 0.491435 0.832272 0.413728 
1534195618363 0.101161 0.842705 -0.528786 -0.605693 -0.961244 0.219811 0.16641 -0.242715 0.256468 0.491458 0.832282 0.413721 
1534195618472 0.101012 0.842717 -0.528795 -0.60571 -0.961276 0.219656 0.16643 -0.242731 0.256407 0.491507 0.832272 0.413717 
1534195618486 0.100943 0.842633 -0.528942 -0.60572 -0.961261 0.219669 0.166499 -0.242701 0.25649 0.491645 0.832165 0.413715 
1534195618502 0.100927 0.842501 -0.529156 -0.605731 -0.961215 0.219791 0.166609 -0.242645 0.256672 0.491817 0.832007 0.413716 
1534195618520 0.100921 0.842399 -0.529319 -0.605734 -0.961169 0.219907 0.16672 -0.242581 0.256846 0.49194 0.831881 0.413725 
1534195618536 0.100894 0.842352 -0.529399 -0.60573 -0.961169 0.219906 0.166721 -0.242558 0.256855 0.49202 0.83183 0.413736 
1534195618553 0.100887 0.842353 -0.5294 -0.605708 -0.961176 0.219888 0.166704 -0.242539 0.256832 0.492028 0.831833 0.413758 
1534195618573 0.100859 0.842336 -0.529431 -0.60569 -0.961193 0.219843 0.166664 -0.242551 0.256779 0.492076 0.831821 0.413771 
1534195618592 0.100875 0.842288 -0.529504 -0.605691 -0.961187 0.219879 0.16665 -0.242575 0.256794 0.492142 0.831777 0.413773 
1534195618611 0.100889 0.84224 -0.529578 -0.605692 -0.961172 0.219933 0.16667 -0.242594 0.256847 0.4922 0.831726 0.413787 
1534195618627 0.100895 0.842162 -0.529701 -0.605698 -0.961152 0.219999 0.166696 -0.242614 0.256919 0.492304 0.831643 0.4138 
1534195618643 0.100885 0.842046 -0.529887 -0.605711 -0.961129 0.220073 0.16673 -0.242632 0.257008 0.492469 0.831517 0.413802 
1534195618659 0.100873 0.841922 -0.530087 -0.605727 -0.961108 0.220144 0.166755 -0.242651 0.257091 0.49265 0.831385 0.413797 
1534195618705 0.101002 0.841911 -0.530079 -0.605722 -0.961096 0.220249 0.166688 -0.242671 0.257086 0.492621 0.831403 0.41382 
1534195618719 0.101102 0.841918 -0.53005 -0.605725 -0.961081 0.220336 0.16666 -0.24266 0.257103 0.492571 0.831427 0.413835 
1534195618747 0.101217 0.841928 -0.530011 -0.605738 -0.961067 0.220428 0.166616 -0.242606 0.257108 0.492512 0.831461 0.413839 
1534195618762 0.101204 0.841956 -0.52997 -0.605742 -0.961094 0.22036 0.166552 -0.24256 0.257014 0.492495 0.8315 0.413846 
1534195618779 0.101135 0.841997 -0.529918 -0.605743 -0.961158 0.220184 0.166418 -0.242522 0.256803 0.492504 0.83156 0.413862 
1534195618796 0.101061 0.841978 -0.529963 -0.605751 -0.961205 0.220054 0.166314 -0.242484 0.256653 0.492595 0.831552 0.41388 
1534195618812 0.100973 0.841879 -0.530136 -0.605775 -0.961228 0.219989 0.16627 -0.242455 0.256603 0.492793 0.831451 0.413885 
1534195618832 0.10093 0.841795 -0.530278 -0.605784 -0.961248 0.219951 0.166205 -0.242444 0.256545 0.492954 0.831373 0.413891 
1534195618935 0.101284 0.841598 -0.530523 -0.605725 -0.961219 0.220281 0.165934 -0.242625 0.256514 0.493143 0.831271 0.413864 
