1531910031561 -0.189643 -0.974245 0.121993 -0.490212 0.848396 -0.100055 0.519821 -0.214796 -0.494227 0.202078 0.84552 0.388251 
1531910031564 -0.189643 -0.974245 0.121993 -0.490212 0.848396 -0.100055 0.519821 -0.214796 -0.494227 0.202078 0.84552 0.388251 
1531910031574 -0.189643 -0.974245 0.121993 -0.490212 0.848396 -0.100055 0.519821 -0.214796 -0.494227 0.202078 0.84552 0.388251 
1531910031575 0.275657 -0.8825 0.381061 -0.604483 0.633204 0.464965 0.618757 -0.181741 -0.723233 0.0707247 0.686973 0.426588 
1531910031583 -0.186319 -0.975422 0.117632 -0.595444 0.845148 -0.098067 0.525459 -0.251671 -0.501008 0.19732 0.842648 0.409373 
1531910031584 -0.189643 -0.974245 0.121993 -0.490212 0.848396 -0.100055 0.519821 -0.214796 -0.494227 0.202078 0.84552 0.388251 
1531910031592 -0.187231 -0.97521 0.11794 -0.597087 0.845419 -0.098835 0.52488 -0.254964 -0.500212 0.197982 0.842966 0.40735 
1531910031594 -0.189643 -0.974245 0.121993 -0.490212 0.848396 -0.100055 0.519821 -0.214796 -0.494227 0.202078 0.84552 0.388251 
1531910031602 -0.187247 -0.975206 0.11795 -0.597265 0.845429 -0.0988476 0.524861 -0.255093 -0.500188 0.197997 0.842976 0.40726 
1531910031604 -0.189643 -0.974245 0.121993 -0.490212 0.848396 -0.100055 0.519821 -0.214796 -0.494227 0.202078 0.84552 0.388251 
1531910031605 0 0 0 0 0 0 0 0 0 0 0 0 
1531910031610 0 0 0 0 0 0 0 0 0 0 0 0 
1531910031611 0 0 0 0 0 0 0 0 0 0 0 0 
1531910031612 0 0 0 0 0 0 0 0 0 0 0 0 
1531910031615 0 0 0 0 0 0 0 0 0 0 0 0 
1531910031618 -0.189643 -0.974245 0.121993 -0.490212 0.848396 -0.100055 0.519821 -0.214796 -0.494227 0.202078 0.84552 0.388251 
1531910031625 -0.18725 -0.975206 0.117946 -0.597275 0.845429 -0.0988521 0.52486 -0.255107 -0.500187 0.197995 0.842977 0.407257 
1531910031628 -0.189643 -0.974245 0.121993 -0.490212 0.848396 -0.100055 0.519821 -0.214796 -0.494227 0.202078 0.84552 0.388251 
1531910031635 -0.187251 -0.975206 0.117943 -0.597273 0.845429 -0.0988555 0.52486 -0.255114 -0.500187 0.197993 0.842978 0.407258 
1531910031638 -0.189643 -0.974245 0.121993 -0.490212 0.848396 -0.100055 0.519821 -0.214796 -0.494227 0.202078 0.84552 0.388251 
1531910031645 -0.187253 -0.975206 0.11794 -0.597271 0.845429 -0.0988578 0.524859 -0.255119 -0.500187 0.197991 0.842978 0.407259 
1531910031648 -0.189643 -0.974245 0.121993 -0.490212 0.848396 -0.100055 0.519821 -0.214796 -0.494227 0.202078 0.84552 0.388251 
1531910031658 -0.187253 -0.975206 0.117939 -0.597269 0.845429 -0.0988592 0.524859 -0.255122 -0.500186 0.19799 0.842979 0.40726 
1531910031662 0 0 0 0 0 0 0 0 0 0 0 0 
1531910031662 0 0 0 0 0 0 0 0 0 0 0 0 
1531910031665 0 0 0 0 0 0 0 0 0 0 0 0 
1531910031669 0 0 0 0 0 0 0 0 0 0 0 0 
1531910031679 -0.187254 -0.975206 0.117938 -0.597268 0.845429 -0.09886 0.524859 -0.255123 -0.500186 0.19799 0.842979 0.407261 
1531910031682 0 0 0 0 0 0 0 0 0 0 0 0 
1531910031685 0 0 0 0 0 0 0 0 0 0 0 0 
1531910031695 -0.187253 -0.975206 0.117938 -0.59726 0.845429 -0.0988592 0.524859 -0.255118 -0.500187 0.19799 0.842979 0.407261 
1531910031812 0 0 0 0 0 0 0 0 0 0 0 0 
1531910031815 0 0 0 0 0 0 0 0 0 0 0 0 
1531910031815 0 0 0 0 0 0 0 0 0 0 0 0 
1531910031815 -0.187253 -0.975206 0.117938 -0.59726 0.845429 -0.0988592 0.524859 -0.255118 -0.500187 0.19799 0.842979 0.407261 
1531910031824 -0.187254 -0.975206 0.117937 -0.597267 0.845429 -0.0988608 0.524859 -0.255126 -0.500186 0.197989 0.842979 0.407261 
1531910031825 -0.189643 -0.974245 0.121993 -0.490212 0.848396 -0.100055 0.519821 -0.214796 -0.494227 0.202078 0.84552 0.388251 
1531910031827 0 0 0 0 0 0 0 0 0 0 0 0 
1531910031835 -0.189643 -0.974245 0.121993 -0.490212 0.848396 -0.100055 0.519821 -0.214796 -0.494227 0.202078 0.84552 0.388251 
1531910031837 -0.187254 -0.975206 0.117937 -0.597268 0.845429 -0.0988609 0.524859 -0.255126 -0.500186 0.197989 0.842979 0.407261 
1531910031845 -0.189643 -0.974245 0.121993 -0.490212 0.848396 -0.100055 0.519821 -0.214796 -0.494227 0.202078 0.84552 0.388251 
1531910031847 -0.187254 -0.975206 0.117937 -0.597268 0.845429 -0.0988609 0.524859 -0.255126 -0.500186 0.197989 0.842979 0.407261 
1531910031855 -0.189643 -0.974245 0.121993 -0.490212 0.848396 -0.100055 0.519821 -0.214796 -0.494227 0.202078 0.84552 0.388251 
1531910031857 -0.187254 -0.975206 0.117937 -0.597268 0.845429 -0.0988609 0.524859 -0.255126 -0.500186 0.197989 0.842979 0.407261 
1531910031865 -0.189643 -0.974245 0.121993 -0.490212 0.848396 -0.100055 0.519821 -0.214796 -0.494227 0.202078 0.84552 0.388251 
1531910031867 -0.187254 -0.975206 0.117937 -0.597268 0.845429 -0.0988609 0.524859 -0.255126 -0.500186 0.197989 0.842979 0.407261 
1531910031875 -0.189643 -0.974245 0.121993 -0.490212 0.848396 -0.100055 0.519821 -0.214796 -0.494227 0.202078 0.84552 0.388251 
1531910031877 -0.187254 -0.975206 0.117937 -0.597268 0.845429 -0.0988609 0.524859 -0.255126 -0.500186 0.197989 0.842979 0.407261 
1531910031885 -0.189643 -0.974245 0.121993 -0.490212 0.848396 -0.100055 0.519821 -0.214796 -0.494227 0.202078 0.84552 0.388251 
1531910031887 -0.187254 -0.975206 0.117937 -0.597268 0.845429 -0.0988609 0.524859 -0.255126 -0.500186 0.197989 0.842979 0.407261 
1531910031895 -0.189643 -0.974245 0.121993 -0.490212 0.848396 -0.100055 0.519821 -0.214796 -0.494227 0.202078 0.84552 0.388251 
1531910031897 -0.187254 -0.975206 0.117937 -0.597268 0.845429 -0.0988609 0.524859 -0.255126 -0.500186 0.197989 0.842979 0.407261 
1531910031905 -0.189643 -0.974245 0.121993 -0.490212 0.848396 -0.100055 0.519821 -0.214796 -0.494227 0.202078 0.84552 0.388251 
1531910031907 -0.187254 -0.975206 0.117937 -0.597268 0.845429 -0.0988609 0.524859 -0.255126 -0.500186 0.197989 0.842979 0.407261 
1531910031918 -0.189643 -0.974245 0.121993 -0.490212 0.848396 -0.100055 0.519821 -0.214796 -0.494227 0.202078 0.84552 0.388251 
