1535123077929 0.213346 0.919852 -0.329175 -0.47234 -0.943994 0.280898 0.173122 -0.171365 0.251711 0.273804 0.928263 0.474048 
1535123083227 0.213346 0.919853 -0.329173 -0.47234 -0.943994 0.280898 0.173125 -0.171364 0.251714 0.273802 0.928263 0.474049 
1535123084161 0.217886 0.9203 -0.32492 -0.488225 -0.943605 0.283672 0.170702 -0.178867 0.249268 0.269403 0.930208 0.464143 
1535123086080 0.233095 0.92268 -0.307129 -0.553176 -0.942237 0.292411 0.163357 -0.207676 0.240534 0.25131 0.937543 0.423947 
1535123087827 0.242813 0.92459 -0.293555 -0.602442 -0.941117 0.297904 0.159846 -0.228645 0.235244 0.237457 0.942483 0.393338 
1535123088897 0.24651 0.92505 -0.288991 -0.618724 -0.940597 0.300202 0.158606 -0.235765 0.233475 0.232726 0.944102 0.383227 
1535123088927 0.246001 0.925237 -0.288827 -0.618874 -0.940693 0.299725 0.158936 -0.235631 0.233622 0.232599 0.944097 0.383142 
1535123089460 0.24729 0.925096 -0.288176 -0.621865 -0.940482 0.300718 0.158312 -0.237242 0.233113 0.231875 0.9444 0.381234 
1535123090320 0.248965 0.925515 -0.285375 -0.631823 -0.940332 0.301551 0.157617 -0.241328 0.231932 0.229106 0.945367 0.375029 
1535123090718 0.248302 0.925843 -0.284888 -0.632035 -0.940413 0.300927 0.158322 -0.241098 0.232312 0.228601 0.945396 0.375023 
1535123090969 0.247958 0.925225 -0.287185 -0.631744 -0.940417 0.301076 0.158014 -0.241385 0.232663 0.230893 0.944752 0.375231 
1535123091147 0.247552 0.92495 -0.288419 -0.63156 -0.940277 0.301145 0.158714 -0.241451 0.233659 0.231904 0.944258 0.37552 
1535123091450 0.245904 0.924265 -0.292003 -0.631145 -0.940266 0.300631 0.159751 -0.24172 0.235437 0.235277 0.942982 0.376155 
1535123091641 0.244893 0.924072 -0.293459 -0.631031 -0.940357 0.300093 0.160229 -0.241735 0.236128 0.236717 0.942448 0.376343 
1535123091829 0.244413 0.923832 -0.294613 -0.63089 -0.940333 0.299985 0.16057 -0.241853 0.236719 0.237789 0.94203 0.376528 
1535123092015 0.243872 0.923591 -0.295815 -0.630739 -0.940286 0.299867 0.161064 -0.241954 0.237463 0.238872 0.941569 0.376843 
1535123092329 0.243478 0.923478 -0.29649 -0.630653 -0.940311 0.299688 0.161254 -0.241983 0.237769 0.239531 0.941324 0.376955 
1535123092568 0.243511 0.923694 -0.29579 -0.631091 -0.940424 0.299475 0.160991 -0.242287 0.237289 0.238965 0.941589 0.376615 
1535123092749 0.242729 0.924096 -0.295177 -0.631431 -0.940687 0.298562 0.161148 -0.24224 0.237045 0.238554 0.941755 0.376601 
1535123093002 0.242101 0.924419 -0.29468 -0.631965 -0.941009 0.297716 0.160835 -0.242749 0.23641 0.238358 0.941964 0.376329 
1535123093280 0.240979 0.924892 -0.294115 -0.632811 -0.941483 0.296361 0.160564 -0.243275 0.235668 0.238212 0.942187 0.37598 
1535123093446 0.240295 0.92528 -0.293453 -0.633078 -0.94167 0.295581 0.160902 -0.243345 0.235619 0.237672 0.942335 0.376044 
1535123093618 0.239981 0.925414 -0.293288 -0.633263 -0.941817 0.295186 0.160766 -0.243441 0.23535 0.237643 0.94241 0.375904 
1535123093645 0.239966 0.925419 -0.293286 -0.633262 -0.941821 0.295171 0.160769 -0.243441 0.235348 0.237644 0.94241 0.375905 
1535123093804 0.240061 0.925382 -0.293325 -0.633287 -0.941799 0.295266 0.160725 -0.243526 0.23534 0.237669 0.942406 0.375879 
1535123093868 0.239903 0.925413 -0.293356 -0.633361 -0.941905 0.295055 0.160493 -0.243808 0.235079 0.237811 0.942435 0.375774 
1535123094021 0.23967 0.925577 -0.293028 -0.633552 -0.941986 0.294754 0.160572 -0.24385 0.234993 0.237544 0.942524 0.375628 
1535123094061 0.239669 0.925538 -0.293152 -0.633643 -0.941987 0.294774 0.160527 -0.243949 0.234987 0.237672 0.942493 0.375568 
1535123094194 0.239264 0.925686 -0.293015 -0.63375 -0.942126 0.294327 0.160532 -0.244054 0.234844 0.237647 0.942535 0.375481 
1535123094255 0.239356 0.925666 -0.293005 -0.633852 -0.942141 0.294375 0.160358 -0.244334 0.234691 0.237669 0.942567 0.375359 
1535123094367 0.239158 0.925758 -0.292875 -0.633959 -0.942205 0.29415 0.160395 -0.24438 0.234636 0.237589 0.942602 0.3753 
1535123095422 0.238874 0.925904 -0.292644 -0.634129 -0.942302 0.293813 0.160438 -0.244497 0.234533 0.237435 0.942666 0.375229 
1535123095441 0.23884 0.925923 -0.292613 -0.634106 -0.942309 0.293777 0.160462 -0.244461 0.234539 0.237407 0.942671 0.375247 
1535123095638 0.239639 0.925855 -0.292175 -0.634038 -0.942055 0.294514 0.160605 -0.244469 0.234747 0.236758 0.942783 0.375213 
1535123095830 0.240482 0.925922 -0.291267 -0.634192 -0.941763 0.295238 0.160988 -0.24471 0.235055 0.23559 0.942999 0.374955 
1535123095877 0.240692 0.925944 -0.291023 -0.634275 -0.941683 0.295423 0.161118 -0.244752 0.235162 0.235271 0.943052 0.374846 
1535123095982 0.240757 0.926023 -0.290721 -0.634367 -0.941614 0.295484 0.161409 -0.244722 0.235372 0.234886 0.943095 0.374716 
1535123096027 0.241182 0.926017 -0.290386 -0.634391 -0.94151 0.295827 0.161389 -0.244895 0.235353 0.234477 0.943202 0.374628 
1535123096411 0.241447 0.926083 -0.289954 -0.634539 -0.941366 0.296078 0.161762 -0.244909 0.235655 0.233896 0.943271 0.37444 
1535123096654 0.242302 0.925878 -0.289896 -0.634129 -0.941219 0.296812 0.161276 -0.244794 0.235366 0.233778 0.943372 0.374606 
1535123096845 0.2435 0.92582 -0.289077 -0.633862 -0.940965 0.297758 0.161013 -0.244614 0.235144 0.232804 0.943668 0.374677 
1535123096914 0.24392 0.925817 -0.288733 -0.633711 -0.94086 0.298095 0.161003 -0.244464 0.235129 0.232385 0.943775 0.374729 
1535123097047 0.244796 0.925655 -0.28851 -0.633559 -0.940661 0.298865 0.16074 -0.244499 0.235015 0.232042 0.943888 0.374684 
1535123097219 0.245896 0.925561 -0.287875 -0.633298 -0.940411 0.299767 0.160521 -0.244376 0.234867 0.231249 0.944119 0.374714 
1535123097556 0.246582 0.925532 -0.287381 -0.633087 -0.940241 0.300327 0.160471 -0.24426 0.234829 0.230638 0.944278 0.374684 
1535123097742 0.24573 0.925639 -0.287767 -0.633175 -0.940456 0.299589 0.16059 -0.244212 0.23486 0.23117 0.94414 0.374876 
1535123098000 0.246134 0.925483 -0.287921 -0.63241 -0.940322 0.300029 0.160553 -0.243978 0.234974 0.231221 0.9441 0.375181 
1535123098223 0.246322 0.92533 -0.288253 -0.632065 -0.94025 0.300289 0.160489 -0.243886 0.235064 0.231498 0.944009 0.375302 
1535123098520 0.246497 0.925202 -0.288515 -0.631331 -0.940139 0.300565 0.160619 -0.243588 0.235323 0.231652 0.943907 0.375596 
1535123098709 0.246917 0.925002 -0.288797 -0.630951 -0.940004 0.30104 0.160526 -0.243527 0.235426 0.231834 0.943837 0.375713 
1535123098977 0.246821 0.925029 -0.288791 -0.630276 -0.939987 0.300988 0.160717 -0.243067 0.23559 0.231792 0.943806 0.376098 
1535123099486 0.247338 0.924825 -0.289003 -0.630013 -0.93989 0.30148 0.160365 -0.243193 0.235438 0.231967 0.943801 0.376179 
1535123099782 0.246656 0.92517 -0.28848 -0.629561 -0.939976 0.30083 0.161078 -0.242624 0.235808 0.231434 0.943839 0.376337 
1535123100055 0.246891 0.92519 -0.288217 -0.628628 -0.939884 0.301038 0.161225 -0.242282 0.235928 0.231086 0.943895 0.376614 
1535123100327 0.247148 0.925227 -0.287875 -0.627669 -0.93978 0.30126 0.161421 -0.241879 0.236076 0.230644 0.943966 0.376874 
1535123100620 0.247373 0.925228 -0.28768 -0.626683 -0.939646 0.301513 0.161728 -0.241472 0.236374 0.23031 0.943973 0.377162 
1535123100826 0.247574 0.925156 -0.287738 -0.62627 -0.939638 0.301671 0.161476 -0.241297 0.236193 0.230393 0.943998 0.377144 
1535123100918 0.247815 0.925093 -0.287734 -0.626021 -0.939555 0.30192 0.161496 -0.241296 0.236271 0.230321 0.943996 0.37721 
1535123101181 0.247365 0.925224 -0.287698 -0.625709 -0.939599 0.301556 0.161917 -0.240979 0.236566 0.230268 0.943935 0.377392 
1535123101388 0.247372 0.925144 -0.28795 -0.625434 -0.939551 0.301652 0.162016 -0.240865 0.236749 0.230465 0.943841 0.377373 
1535123101679 0.247248 0.925183 -0.287933 -0.624382 -0.939365 0.301744 0.162925 -0.240442 0.237617 0.230191 0.94369 0.377936 
1535123101990 0.24724 0.925023 -0.288451 -0.623395 -0.939168 0.30202 0.163545 -0.240066 0.238401 0.230469 0.943424 0.378143 
1535123102208 0.247485 0.924831 -0.288857 -0.622893 -0.938974 0.30245 0.163865 -0.239963 0.238912 0.230675 0.943244 0.378312 
1535123102562 0.247057 0.924894 -0.289023 -0.621406 -0.938829 0.30232 0.164935 -0.239195 0.239925 0.230595 0.943007 0.378794 
1535123102924 0.247428 0.924623 -0.289571 -0.621197 -0.938626 0.302872 0.165073 -0.239201 0.240333 0.230955 0.942815 0.378764 
1535123103142 0.247133 0.924797 -0.289267 -0.621195 -0.93874 0.302502 0.165107 -0.239158 0.240194 0.230743 0.942902 0.378846 
1535123103436 0.247052 0.924634 -0.289856 -0.620377 -0.938461 0.302818 0.166108 -0.238865 0.241362 0.230981 0.942545 0.379205 
1535123103741 0.24701 0.924404 -0.290625 -0.619555 -0.938148 0.303226 0.167129 -0.238581 0.24262 0.231366 0.942128 0.379487 
1535123104024 0.247285 0.924063 -0.291474 -0.618709 -0.937733 0.303969 0.168107 -0.238378 0.243941 0.231754 0.941691 0.379727 
1535123104223 0.247243 0.923914 -0.291982 -0.618303 -0.937552 0.304203 0.16869 -0.238224 0.244677 0.232041 0.94143 0.379791 
1535123104423 0.247309 0.923716 -0.292554 -0.617881 -0.93736 0.304537 0.169157 -0.238147 0.245346 0.232394 0.941169 0.379866 
1535123104793 0.247404 0.923589 -0.292872 -0.617675 -0.937232 0.304782 0.169421 -0.238068 0.245737 0.232574 0.941022 0.379883 
1535123104814 0.247405 0.923589 -0.292874 -0.617675 -0.937232 0.304783 0.16942 -0.238069 0.245738 0.232575 0.941022 0.379882 
1535123105032 0.247346 0.923596 -0.292901 -0.617486 -0.937331 0.304654 0.169107 -0.237923 0.24542 0.232717 0.941069 0.380035 
1535123105290 0.247643 0.923379 -0.293334 -0.616881 -0.937283 0.304986 0.168772 -0.237625 0.245304 0.233142 0.940995 0.38025 
1535123105438 0.247991 0.923159 -0.293731 -0.616635 -0.937237 0.305347 0.168377 -0.237697 0.245128 0.233539 0.940942 0.380227 
1535123105654 0.247894 0.923057 -0.294132 -0.616285 -0.937253 0.305337 0.168304 -0.237357 0.245163 0.233955 0.940829 0.380346 
1535123105686 0.247793 0.923083 -0.294136 -0.616184 -0.937282 0.305239 0.16832 -0.237244 0.245155 0.23398 0.940825 0.380396 
1535123105701 0.24781 0.923075 -0.294149 -0.616133 -0.93728 0.305255 0.168303 -0.237231 0.245147 0.233992 0.940824 0.380412 
1535123105727 0.247958 0.923025 -0.29418 -0.61607 -0.937248 0.305395 0.168228 -0.237279 0.24512 0.234006 0.940828 0.380417 
1535123105921 0.247894 0.923097 -0.294007 -0.615931 -0.937196 0.305368 0.168566 -0.237177 0.245383 0.233756 0.940822 0.38048 
1535123106148 0.248153 0.923006 -0.294075 -0.615397 -0.936958 0.305788 0.169126 -0.23693 0.246029 0.233567 0.9407 0.380735 
1535123106208 0.248068 0.922989 -0.294201 -0.615219 -0.936963 0.305747 0.169173 -0.236881 0.246096 0.233689 0.940652 0.380762 
1535123106354 0.248305 0.922904 -0.294267 -0.614983 -0.936871 0.306012 0.169202 -0.236892 0.246206 0.233676 0.940626 0.380761 
1535123106402 0.248093 0.922957 -0.294279 -0.614844 -0.936874 0.305863 0.169454 -0.236709 0.246408 0.233662 0.940577 0.380851 
1535123106664 0.248553 0.922772 -0.29447 -0.614572 -0.936648 0.306435 0.169672 -0.236748 0.246804 0.233642 0.940478 0.380937 
1535123106930 0.248299 0.922944 -0.294146 -0.61444 -0.936791 0.306062 0.169554 -0.236583 0.246516 0.233453 0.940601 0.380917 
1535123106982 0.248172 0.922994 -0.294096 -0.614259 -0.93681 0.305946 0.169659 -0.236439 0.246572 0.233408 0.940597 0.380993 
1535123107172 0.248066 0.923138 -0.293733 -0.613794 -0.936867 0.305751 0.169696 -0.23621 0.246462 0.233093 0.940704 0.381104 
1535123107370 0.248438 0.923092 -0.293563 -0.613355 -0.936793 0.30605 0.169564 -0.236146 0.246368 0.232882 0.940781 0.381228 
1535123107429 0.248483 0.923152 -0.293338 -0.613146 -0.936774 0.306058 0.169655 -0.23606 0.246396 0.232635 0.940835 0.38133 
1535123107743 0.248677 0.923074 -0.29342 -0.612854 -0.936712 0.306268 0.169618 -0.236125 0.246435 0.23267 0.940816 0.381382 
1535123108047 0.248811 0.923159 -0.293038 -0.612461 -0.936888 0.306126 0.168902 -0.235711 0.24563 0.232519 0.941064 0.38153 
1535123108431 0.249393 0.923292 -0.292122 -0.610721 -0.937279 0.305996 0.166959 -0.234747 0.24354 0.232161 0.941695 0.38202 
1535123108464 0.249689 0.923199 -0.292163 -0.610531 -0.937256 0.306232 0.166653 -0.234805 0.243323 0.23222 0.941736 0.382032 
1535123108634 0.250017 0.923074 -0.292277 -0.610425 -0.937164 0.306569 0.166549 -0.234783 0.24334 0.232272 0.94172 0.382019 
1535123108845 0.249966 0.923147 -0.292089 -0.609906 -0.936926 0.306726 0.167598 -0.234456 0.244309 0.231772 0.941592 0.38225 
1535123109010 0.2504 0.922997 -0.292193 -0.609638 -0.93676 0.307206 0.167647 -0.234404 0.244501 0.231736 0.941551 0.382246 
1535123109237 0.250611 0.922977 -0.292076 -0.609089 -0.936614 0.30747 0.167977 -0.23419 0.244843 0.231465 0.941528 0.382357 
1535123109387 0.251022 0.922803 -0.292272 -0.60884 -0.936382 0.308013 0.168277 -0.234144 0.24531 0.231437 0.941414 0.382364 
1535123109542 0.251029 0.922804 -0.292262 -0.608596 -0.936331 0.308064 0.168466 -0.23402 0.245497 0.231364 0.941383 0.382421 
1535123109608 0.251069 0.922841 -0.292112 -0.608441 -0.936306 0.308089 0.168561 -0.233944 0.245551 0.231186 0.941413 0.382479 
1535123109828 0.251352 0.922769 -0.292096 -0.608226 -0.93623 0.308354 0.168494 -0.233815 0.24555 0.231118 0.94143 0.382449 
1535123110212 0.252821 0.923222 -0.289383 -0.606236 -0.935961 0.309141 0.168549 -0.232709 0.245068 0.228238 0.942257 0.382968 
1535123110384 0.253625 0.923065 -0.28918 -0.605851 -0.935776 0.30984 0.168294 -0.232728 0.244946 0.227924 0.942365 0.382949 
1535123110476 0.253834 0.923116 -0.288834 -0.605585 -0.935705 0.30999 0.168413 -0.232589 0.245001 0.227514 0.94245 0.383062 
1535123110634 0.252999 0.923283 -0.289034 -0.605391 -0.936062 0.309108 0.168047 -0.23242 0.244498 0.228038 0.942454 0.383174 
1535123110781 0.2531 0.923181 -0.289271 -0.605118 -0.936084 0.309202 0.167754 -0.232479 0.24431 0.228323 0.942434 0.383217 
1535123111011 0.25271 0.923306 -0.289213 -0.604636 -0.93625 0.308763 0.167636 -0.232165 0.244078 0.228412 0.942472 0.383337 
1535123111165 0.252965 0.923224 -0.289251 -0.604344 -0.936244 0.308954 0.167317 -0.232182 0.243836 0.228484 0.942517 0.383324 
1535123111289 0.252892 0.923343 -0.288936 -0.604088 -0.93627 0.308821 0.167415 -0.231994 0.243811 0.228184 0.942596 0.383482 
1535123111601 0.252961 0.923277 -0.289087 -0.603833 -0.936308 0.308861 0.167128 -0.231993 0.243593 0.228397 0.942601 0.383485 
1535123111843 0.253249 0.923626 -0.287715 -0.603525 -0.936188 0.308927 0.167681 -0.231805 0.243758 0.22689 0.942923 0.383631 
1535123112056 0.253515 0.92396 -0.286405 -0.602939 -0.936164 0.308898 0.167868 -0.23155 0.243573 0.225565 0.943288 0.383665 
1535123112267 0.253828 0.92422 -0.285287 -0.602319 -0.936136 0.308941 0.167944 -0.231364 0.243354 0.224438 0.943613 0.383664 
1535123112458 0.253954 0.924573 -0.284029 -0.601801 -0.936132 0.308805 0.168216 -0.231013 0.243237 0.22317 0.943944 0.383734 
1535123112488 0.253869 0.924701 -0.283689 -0.601653 -0.936174 0.308645 0.168276 -0.230912 0.243164 0.222862 0.944036 0.383766 
1535123112508 0.253892 0.924759 -0.283477 -0.601556 -0.936179 0.308618 0.168296 -0.230886 0.243119 0.222656 0.944096 0.383783 
1535123112664 0.254161 0.92475 -0.283265 -0.601429 -0.936113 0.308829 0.168275 -0.2309 0.243093 0.222399 0.944164 0.383738 
1535123112710 0.254175 0.924827 -0.283003 -0.601321 -0.936095 0.308808 0.168415 -0.230728 0.243149 0.222111 0.944217 0.383801 
1535123112767 0.254404 0.924833 -0.282777 -0.601154 -0.936001 0.309014 0.168557 -0.230704 0.24327 0.221798 0.944259 0.383852 
1535123112897 0.254784 0.924949 -0.282054 -0.600752 -0.935945 0.309203 0.168525 -0.230715 0.243089 0.221049 0.944481 0.383869 
1535123112940 0.254898 0.925001 -0.281779 -0.6006 -0.935914 0.309262 0.168588 -0.230631 0.243088 0.220748 0.944552 0.383883 
1535123113127 0.255142 0.925074 -0.28132 -0.600321 -0.935853 0.309406 0.168663 -0.230453 0.243068 0.220241 0.944675 0.383827 
1535123113326 0.255489 0.925127 -0.28083 -0.600442 -0.935831 0.309583 0.168462 -0.23057 0.242789 0.219769 0.944857 0.383748 
1535123113419 0.255485 0.925383 -0.279989 -0.600592 -0.935958 0.309312 0.168252 -0.230455 0.242302 0.219072 0.945144 0.383767 
1535123113627 0.256361 0.925655 -0.278282 -0.600514 -0.936012 0.309575 0.167465 -0.230466 0.241164 0.217544 0.945788 0.38352 
1535123113874 0.257285 0.926186 -0.275651 -0.600429 -0.936083 0.309693 0.166851 -0.230378 0.239903 0.215104 0.946666 0.383314 
1535123113985 0.257585 0.926389 -0.274689 -0.60046 -0.93616 0.309664 0.166471 -0.23022 0.239278 0.214272 0.947013 0.383208 
1535123115161 0.25195 0.92621 -0.280457 -0.586519 -0.937221 0.30574 0.16775 -0.223388 0.241118 0.220585 0.945095 0.393098 
1535123117690 0.212965 0.919616 -0.33008 -0.472706 -0.943964 0.280836 0.173384 -0.171116 0.252146 0.274659 0.927893 0.473838 
