1534186076552 0.496158 0.840138 -0.219078 -0.51896 -0.845471 0.524915 0.098199 -0.170086 0.197498 0.136502 0.970753 0.335313 
1534186081023 0.496159 0.840137 -0.219078 -0.51896 -0.84547 0.524916 0.0981998 -0.170087 0.197499 0.136501 0.970753 0.335313 
1534186082221 0.468311 0.853031 -0.230266 -0.527691 -0.85951 0.500215 0.105015 -0.174909 0.204764 0.148737 0.967445 0.340425 
1534186083027 0.440784 0.864498 -0.241561 -0.536427 -0.87238 0.47595 0.111467 -0.179909 0.211334 0.1616 0.963962 0.344885 
1534186083847 0.412394 0.875287 -0.252593 -0.545245 -0.884547 0.451056 0.118851 -0.184869 0.217963 0.174417 0.960245 0.349678 
1534186084662 0.383212 0.885291 -0.263454 -0.554098 -0.896098 0.425492 0.126353 -0.189719 0.223956 0.18766 0.956361 0.354416 
1534186085451 0.353992 0.894298 -0.273718 -0.562918 -0.906513 0.400082 0.13479 -0.194529 0.230052 0.200415 0.952318 0.359096 
1534186086229 0.324344 0.902433 -0.283576 -0.5717 -0.916213 0.374266 0.143108 -0.199488 0.235278 0.2134 0.948211 0.364033 
1534186087339 0.263726 0.915787 -0.302956 -0.589409 -0.933093 0.321817 0.160534 -0.20931 0.244512 0.240349 0.939386 0.373697 
1534186088112 0.233205 0.920955 -0.31218 -0.59722 -0.940168 0.295538 0.169534 -0.213704 0.248395 0.253965 0.934774 0.378902 
1534186088136 0.232836 0.92098 -0.312382 -0.597391 -0.940217 0.295269 0.169731 -0.213681 0.248556 0.254187 0.934671 0.379026 
1534186088420 0.230535 0.921295 -0.31316 -0.598079 -0.940747 0.293273 0.170251 -0.214159 0.248693 0.255355 0.934316 0.379254 
1534186088810 0.224166 0.922286 -0.314862 -0.600095 -0.94207 0.28779 0.172282 -0.2152 0.249507 0.258002 0.933371 0.38016 
1534186089084 0.220759 0.922815 -0.315718 -0.601139 -0.942794 0.284815 0.173262 -0.215664 0.24981 0.259408 0.9329 0.3807 
1534186089361 0.217915 0.923121 -0.316798 -0.602158 -0.943352 0.282442 0.174109 -0.216432 0.250201 0.260911 0.932376 0.381154 
1534186089642 0.2147 0.923578 -0.317661 -0.603172 -0.944021 0.279643 0.174999 -0.216938 0.250457 0.262306 0.931916 0.381606 
1534186090031 0.208382 0.924435 -0.319369 -0.605235 -0.945235 0.274223 0.177011 -0.218055 0.251214 0.264993 0.930951 0.382612 
1534186090305 0.205083 0.924854 -0.32029 -0.606272 -0.945868 0.271386 0.177998 -0.21856 0.251545 0.266448 0.930447 0.38313 
1534186090322 0.204918 0.924871 -0.320347 -0.606342 -0.945893 0.271253 0.178068 -0.218607 0.251585 0.266524 0.930414 0.383165 
1534186090339 0.204896 0.92486 -0.320394 -0.606401 -0.94588 0.27126 0.178128 -0.218657 0.251654 0.266556 0.930386 0.383202 
1534186090356 0.204843 0.924863 -0.320417 -0.606453 -0.945871 0.271236 0.178209 -0.218689 0.251728 0.266569 0.930362 0.383252 
1534186090449 0.204424 0.924912 -0.320544 -0.606543 -0.946073 0.270749 0.177881 -0.218523 0.251311 0.266895 0.930382 0.383137 
1534186090482 0.204536 0.924822 -0.320731 -0.606561 -0.946251 0.270675 0.177043 -0.218573 0.250548 0.267281 0.930477 0.38298 
1534186090501 0.204717 0.924761 -0.320794 -0.60657 -0.946348 0.270712 0.176468 -0.218619 0.250033 0.267457 0.930564 0.382926 
1534186090571 0.204918 0.924743 -0.320715 -0.606613 -0.946547 0.270625 0.175528 -0.218649 0.249112 0.267604 0.930769 0.382914 
1534186090604 0.204951 0.924689 -0.320851 -0.606715 -0.946686 0.270525 0.174936 -0.21871 0.24856 0.267892 0.930834 0.382888 
1534186090637 0.20495 0.924624 -0.321039 -0.606825 -0.946817 0.270418 0.174387 -0.218759 0.248058 0.268225 0.930872 0.382819 
1534186090684 0.204956 0.924548 -0.321255 -0.606949 -0.946976 0.27029 0.17372 -0.218817 0.247445 0.268616 0.930923 0.382717 
1534186090707 0.204897 0.924528 -0.321349 -0.607013 -0.947074 0.270161 0.17339 -0.218818 0.24712 0.268815 0.930951 0.382661 
1534186090865 0.204454 0.924771 -0.320933 -0.607096 -0.947287 0.269538 0.173196 -0.218756 0.24667 0.268605 0.931131 0.382561 
1534186090904 0.204226 0.925002 -0.32041 -0.607015 -0.947186 0.269388 0.173977 -0.21881 0.247244 0.267957 0.931166 0.382607 
1534186091005 0.204367 0.925154 -0.319881 -0.606985 -0.947027 0.269561 0.174577 -0.219045 0.247738 0.267258 0.931235 0.38263 
1534186091148 0.203873 0.925591 -0.318932 -0.607004 -0.947103 0.268948 0.175106 -0.219258 0.247852 0.266362 0.931462 0.382476 
1534186091192 0.203752 0.925819 -0.318346 -0.607 -0.947135 0.268717 0.17529 -0.219354 0.247832 0.265801 0.931627 0.382487 
1534186091287 0.203646 0.925997 -0.317897 -0.607052 -0.947057 0.268641 0.17583 -0.219503 0.248218 0.265259 0.931679 0.382455 
1534186091339 0.203371 0.926247 -0.317343 -0.607044 -0.947134 0.268256 0.175998 -0.219555 0.248146 0.264773 0.931836 0.382427 
1534186091357 0.203289 0.926291 -0.317266 -0.607049 -0.947151 0.268165 0.176045 -0.219572 0.248148 0.264711 0.931853 0.382412 
1534186091372 0.203237 0.926329 -0.31719 -0.607054 -0.94716 0.268104 0.176091 -0.219589 0.248159 0.264641 0.93187 0.382398 
1534186091389 0.203198 0.926366 -0.317107 -0.607056 -0.947166 0.268054 0.176137 -0.219606 0.248169 0.264562 0.93189 0.38239 
1534186091520 0.202511 0.92655 -0.317007 -0.606995 -0.947367 0.26733 0.176155 -0.219742 0.247963 0.264648 0.931921 0.382441 
1534186091549 0.202185 0.926423 -0.317586 -0.606963 -0.947451 0.267117 0.176026 -0.219833 0.247907 0.265307 0.931748 0.382474 
1534186091641 0.201731 0.926402 -0.317936 -0.606815 -0.947631 0.266667 0.175739 -0.220092 0.247588 0.265834 0.931683 0.382556 
1534186091697 0.201344 0.926447 -0.318051 -0.606753 -0.94776 0.266274 0.175641 -0.220274 0.247411 0.266071 0.931662 0.382584 
1534186091765 0.200985 0.92648 -0.318182 -0.606691 -0.947872 0.265921 0.175569 -0.220459 0.247273 0.266309 0.931631 0.382638 
1534186091828 0.20051 0.926545 -0.318293 -0.606638 -0.948004 0.265461 0.175554 -0.220588 0.247154 0.266543 0.931595 0.38271 
1534186091897 0.200011 0.926606 -0.318428 -0.606589 -0.948145 0.264977 0.17552 -0.220719 0.247014 0.266811 0.931556 0.382778 
1534186091917 0.199784 0.926644 -0.31846 -0.606581 -0.948209 0.264753 0.175515 -0.220739 0.246953 0.266901 0.931546 0.382796 
1534186091935 0.19957 0.926679 -0.318492 -0.606571 -0.948272 0.264538 0.175498 -0.220763 0.246883 0.266993 0.931538 0.382812 
1534186092005 0.199375 0.926676 -0.318625 -0.606494 -0.948348 0.264342 0.175386 -0.22094 0.246752 0.2672 0.931514 0.382864 
1534186092105 0.198832 0.92658 -0.319241 -0.606375 -0.94836 0.264057 0.175749 -0.221142 0.247144 0.267811 0.931234 0.382801 
1534186092168 0.198599 0.926401 -0.319906 -0.60619 -0.948284 0.264099 0.176093 -0.221538 0.24762 0.268389 0.930941 0.382787 
1534186092268 0.1978 0.926458 -0.320236 -0.606079 -0.948345 0.263524 0.176624 -0.221635 0.248025 0.268758 0.930727 0.382846 
1534186092328 0.19726 0.926422 -0.320673 -0.605969 -0.948425 0.263135 0.176778 -0.22186 0.248151 0.269263 0.930547 0.382806 
1534186092424 0.196889 0.926292 -0.321276 -0.605794 -0.948428 0.262981 0.176989 -0.222222 0.248433 0.26986 0.930299 0.382826 
1534186092504 0.196161 0.926331 -0.321608 -0.605675 -0.948508 0.262436 0.177368 -0.222346 0.248703 0.270256 0.930112 0.382878 
1534186092585 0.195517 0.926323 -0.322024 -0.60554 -0.948616 0.261937 0.177527 -0.222557 0.248797 0.270768 0.929938 0.382899 
1534186092606 0.195375 0.926316 -0.32213 -0.605504 -0.948636 0.261834 0.177572 -0.222621 0.248832 0.270891 0.929893 0.382907 
1534186092624 0.195335 0.926285 -0.322244 -0.605453 -0.948629 0.261836 0.17761 -0.222724 0.248892 0.270997 0.929846 0.382923 
1534186092798 0.194417 0.926436 -0.322364 -0.605029 -0.94875 0.261068 0.17809 -0.222669 0.249148 0.271219 0.929713 0.382905 
1534186092861 0.194496 0.926422 -0.322357 -0.604726 -0.948667 0.261214 0.178319 -0.222798 0.249403 0.271127 0.929671 0.382795 
1534186092953 0.194522 0.926322 -0.322627 -0.604448 -0.948622 0.261334 0.178385 -0.223022 0.249555 0.271351 0.929565 0.382694 
1534186093036 0.193837 0.926436 -0.322713 -0.604156 -0.948718 0.260754 0.178721 -0.222966 0.249723 0.271521 0.92947 0.382665 
1534186093118 0.193783 0.926345 -0.323008 -0.603895 -0.948645 0.260851 0.178966 -0.223218 0.250041 0.271739 0.929321 0.382573 
1534186093182 0.193484 0.926374 -0.323101 -0.603621 -0.94866 0.260639 0.179198 -0.223293 0.250218 0.271841 0.929244 0.382562 
1534186093272 0.193179 0.926379 -0.32327 -0.603349 -0.948662 0.260451 0.179462 -0.223364 0.250446 0.272006 0.929134 0.382542 
1534186093292 0.193128 0.926371 -0.323324 -0.603273 -0.948658 0.260429 0.179514 -0.223407 0.2505 0.272055 0.929105 0.382538 
1534186093309 0.193057 0.926377 -0.323349 -0.603188 -0.948661 0.260379 0.17957 -0.223437 0.250543 0.272081 0.929085 0.382539 
1534186093492 0.192279 0.926546 -0.323329 -0.602786 -0.948771 0.259696 0.179977 -0.223323 0.250725 0.272159 0.929014 0.382544 
1534186093557 0.192073 0.926508 -0.323559 -0.602526 -0.948774 0.25959 0.180116 -0.22344 0.250871 0.272388 0.928907 0.382542 
1534186093656 0.191939 0.92649 -0.323692 -0.602178 -0.948772 0.25952 0.180222 -0.223639 0.250979 0.272518 0.92884 0.382522 
1534186093716 0.191529 0.926561 -0.323729 -0.601913 -0.948806 0.259196 0.180512 -0.223597 0.251165 0.272583 0.928771 0.382532 
1534186093818 0.190891 0.926623 -0.323929 -0.601646 -0.948902 0.258671 0.180759 -0.223589 0.251286 0.272872 0.928653 0.382444 
1534186093880 0.190687 0.926661 -0.323941 -0.601339 -0.948921 0.258506 0.180898 -0.223661 0.251372 0.2729 0.928621 0.382451 
1534186093982 0.190314 0.926672 -0.324129 -0.601023 -0.948959 0.258232 0.181089 -0.223755 0.25151 0.273121 0.928519 0.382425 
1534186094006 0.19002 0.926752 -0.324072 -0.600896 -0.949016 0.257947 0.181195 -0.223696 0.251517 0.273119 0.928518 0.382453 
1534186094022 0.189874 0.926793 -0.324043 -0.600814 -0.949045 0.257804 0.181247 -0.223681 0.251518 0.273117 0.928518 0.38247 
1534186094039 0.18986 0.926795 -0.324044 -0.600803 -0.949047 0.257792 0.181253 -0.223684 0.25152 0.273121 0.928516 0.382471 
1534186094056 0.189866 0.926769 -0.324115 -0.600735 -0.949038 0.25782 0.181262 -0.223755 0.251551 0.273182 0.92849 0.382462 
1534186094241 0.189205 0.926989 -0.323872 -0.600351 -0.949191 0.257129 0.181442 -0.223693 0.251472 0.273086 0.92854 0.382386 
1534186094271 0.189006 0.927069 -0.323759 -0.600138 -0.949248 0.256901 0.181466 -0.223722 0.251405 0.27303 0.928574 0.382391 
1534186094370 0.188963 0.927014 -0.323942 -0.599858 -0.94926 0.256893 0.181415 -0.223958 0.251393 0.273224 0.92852 0.382238 
1534186094412 0.18859 0.927138 -0.323805 -0.599661 -0.949342 0.256507 0.181532 -0.223919 0.251363 0.273167 0.928545 0.382268 
1534186094497 0.188192 0.927243 -0.323734 -0.599488 -0.949418 0.256123 0.181678 -0.223867 0.251375 0.273168 0.928542 0.382254 
1534186094519 0.188012 0.927293 -0.323696 -0.599411 -0.949453 0.255947 0.181742 -0.223838 0.251377 0.273164 0.928542 0.382249 
1534186094534 0.187911 0.927327 -0.323658 -0.599345 -0.949475 0.255843 0.181775 -0.223831 0.251371 0.273147 0.928549 0.382253 
1534186094550 0.187838 0.927352 -0.323627 -0.599284 -0.94949 0.255767 0.181801 -0.223836 0.251366 0.273131 0.928555 0.382258 
1534186094568 0.187776 0.927374 -0.323602 -0.59923 -0.949503 0.255703 0.181823 -0.223841 0.251364 0.273119 0.928559 0.38226 
1534186094592 0.187709 0.92739 -0.323593 -0.599172 -0.949515 0.25564 0.181851 -0.223854 0.25137 0.273121 0.928557 0.382255 
1534186094724 0.187266 0.927476 -0.323605 -0.598899 -0.949429 0.255414 0.182613 -0.224084 0.252023 0.273042 0.928403 0.382263 
1534186094747 0.187155 0.927535 -0.323499 -0.598731 -0.949403 0.255341 0.182851 -0.224162 0.252204 0.27291 0.928393 0.382331 
1534186094769 0.187045 0.927585 -0.323418 -0.598604 -0.949382 0.255268 0.183064 -0.224207 0.252366 0.272806 0.928379 0.382379 
1534186094844 0.186747 0.927664 -0.323364 -0.598461 -0.949332 0.255095 0.183562 -0.22427 0.252772 0.2727 0.9283 0.382406 
1534186094865 0.186557 0.927708 -0.323348 -0.5984 -0.949345 0.25494 0.183712 -0.224253 0.252865 0.272696 0.928276 0.382393 
1534186094882 0.186426 0.927741 -0.323329 -0.598337 -0.949349 0.254837 0.183835 -0.224248 0.252947 0.27268 0.928258 0.382385 
1534186094898 0.186248 0.92779 -0.323291 -0.59824 -0.949352 0.254696 0.184014 -0.224243 0.253067 0.272644 0.928236 0.382379 
1534186094916 0.186093 0.92783 -0.323267 -0.598143 -0.94935 0.254581 0.184182 -0.224261 0.253187 0.272619 0.928211 0.38237 
1534186094931 0.186064 0.927832 -0.323278 -0.598098 -0.949341 0.254572 0.184243 -0.224297 0.253244 0.27262 0.928195 0.38236 
1534186094948 0.186068 0.927813 -0.323328 -0.598084 -0.949335 0.254591 0.184246 -0.22435 0.253262 0.272664 0.928177 0.382342 
1534186095079 0.185941 0.927958 -0.322987 -0.597916 -0.949257 0.254514 0.184752 -0.224216 0.253647 0.272245 0.928195 0.382255 
1534186095104 0.185866 0.927979 -0.322968 -0.597774 -0.949223 0.254492 0.184958 -0.224217 0.25383 0.272191 0.928161 0.382176 
1534186095140 0.185687 0.928001 -0.323009 -0.597647 -0.949205 0.254389 0.18519 -0.224271 0.254026 0.272215 0.9281 0.382074 
1534186095183 0.18566 0.927993 -0.323047 -0.597549 -0.949181 0.254403 0.185298 -0.224402 0.254139 0.272228 0.928065 0.382018 
1534186095200 0.185675 0.927992 -0.323042 -0.597507 -0.949167 0.254428 0.185335 -0.224449 0.25418 0.272208 0.92806 0.382009 
1534186095218 0.18567 0.928 -0.323022 -0.597452 -0.949155 0.254433 0.185386 -0.224487 0.254225 0.272177 0.928057 0.382002 
1534186095233 0.185603 0.92803 -0.322973 -0.597369 -0.949153 0.254376 0.185475 -0.224502 0.254283 0.272126 0.928056 0.381994 
1534186095250 0.185548 0.928071 -0.322886 -0.597274 -0.94915 0.254322 0.185566 -0.224518 0.254336 0.272036 0.928068 0.381991 
1534186095266 0.185506 0.92812 -0.322772 -0.59719 -0.949151 0.254268 0.185637 -0.22453 0.254364 0.271922 0.928093 0.381993 
1534186095284 0.185459 0.928156 -0.322693 -0.597146 -0.949155 0.254213 0.185687 -0.224521 0.254379 0.271848 0.928111 0.381994 
1534186095300 0.185422 0.928189 -0.322621 -0.597127 -0.949156 0.254171 0.18574 -0.224508 0.254403 0.271778 0.928125 0.38198 
1534186095387 0.18513 0.928315 -0.322425 -0.597118 -0.94915 0.253924 0.186108 -0.224363 0.254638 0.271576 0.92812 0.381732 
1534186095412 0.18487 0.928421 -0.32227 -0.596999 -0.949134 0.253721 0.186469 -0.224272 0.254888 0.271405 0.928101 0.381616 
1534186095428 0.184743 0.928482 -0.322167 -0.596923 -0.949131 0.25361 0.186633 -0.224239 0.254991 0.2713 0.928104 0.381564 
1534186095446 0.184553 0.928543 -0.322098 -0.596818 -0.949124 0.253465 0.186865 -0.224203 0.255153 0.271225 0.928081 0.381478 
1534186095462 0.18445 0.928568 -0.322086 -0.596765 -0.949138 0.253372 0.186923 -0.224193 0.255178 0.271227 0.928073 0.381431 
1534186095479 0.18438 0.928593 -0.322055 -0.596701 -0.949155 0.253297 0.186939 -0.224211 0.255166 0.271212 0.928081 0.381391 
1534186095537 0.18465 0.928542 -0.322046 -0.596602 -0.949088 0.253563 0.186916 -0.224408 0.255218 0.271136 0.928089 0.381367 
1534186095585 0.184406 0.928619 -0.321965 -0.59663 -0.949041 0.253418 0.18735 -0.224391 0.255569 0.27101 0.928029 0.381451 
1534186095607 0.184117 0.928707 -0.321875 -0.596633 -0.949037 0.253193 0.187674 -0.224375 0.255791 0.270918 0.927995 0.381528 
1534186095645 0.183778 0.928787 -0.321838 -0.596647 -0.94897 0.253008 0.188263 -0.224348 0.256284 0.270816 0.927889 0.381572 
1534186095684 0.183674 0.928792 -0.321883 -0.596615 -0.948824 0.253094 0.18888 -0.224383 0.256897 0.270718 0.927747 0.381558 
1534186095721 0.183662 0.928812 -0.321834 -0.59651 -0.948719 0.253186 0.189285 -0.224526 0.257294 0.270566 0.927682 0.381512 
1534186095738 0.183572 0.928822 -0.321855 -0.596462 -0.948703 0.253141 0.189426 -0.224591 0.257417 0.270571 0.927646 0.381473 
1534186095764 0.183455 0.928836 -0.321882 -0.596401 -0.948684 0.25308 0.1896 -0.224658 0.25757 0.270581 0.927601 0.381429 
1534186095772 0.183371 0.928855 -0.321875 -0.59636 -0.948675 0.253026 0.189717 -0.224689 0.257663 0.270566 0.92758 0.381412 
1534186095788 0.183289 0.928881 -0.321847 -0.596314 -0.948647 0.252991 0.189909 -0.224704 0.257827 0.270511 0.92755 0.381388 
1534186095869 0.183089 0.928998 -0.321622 -0.596246 -0.948677 0.252766 0.190056 -0.22462 0.257857 0.270318 0.927598 0.381449 
1534186095883 0.183168 0.928992 -0.321594 -0.59624 -0.9487 0.252794 0.189905 -0.224619 0.257717 0.270312 0.927639 0.381488 
1534186095899 0.183367 0.928951 -0.3216 -0.596233 -0.948722 0.252918 0.189627 -0.224621 0.257492 0.270338 0.927693 0.381539 
1534186095925 0.183561 0.928888 -0.321673 -0.596224 -0.948775 0.25302 0.189226 -0.224616 0.257159 0.27046 0.92775 0.381576 
1534186095975 0.183413 0.928808 -0.321988 -0.596221 -0.948882 0.252863 0.188901 -0.224549 0.256872 0.270881 0.927707 0.381526 
1534186096005 0.183201 0.928856 -0.32197 -0.596174 -0.948964 0.252617 0.188816 -0.224464 0.256718 0.270947 0.927731 0.38152 
1534186096021 0.183088 0.928888 -0.321942 -0.596136 -0.949009 0.252481 0.188771 -0.224422 0.256631 0.270964 0.927749 0.381523 
1534186096038 0.182999 0.928905 -0.321944 -0.596092 -0.949048 0.252375 0.18872 -0.224399 0.256553 0.271004 0.927759 0.381515 
1534186096056 0.182937 0.928912 -0.321958 -0.596038 -0.949074 0.252305 0.188683 -0.224392 0.256502 0.271045 0.927761 0.381512 
1534186096071 0.182922 0.928912 -0.321966 -0.596013 -0.949082 0.252286 0.188667 -0.224396 0.256483 0.271061 0.927762 0.381516 
1534186096090 0.182901 0.928919 -0.321957 -0.595945 -0.949095 0.252255 0.188643 -0.224414 0.256449 0.271065 0.92777 0.381537 
1534186096106 0.182929 0.928913 -0.32196 -0.595912 -0.949093 0.252279 0.18862 -0.224444 0.256436 0.271066 0.927774 0.381546 
1534186096123 0.183036 0.928874 -0.322011 -0.595898 -0.949072 0.25239 0.188576 -0.224512 0.256436 0.271095 0.927765 0.381541 
1534186096229 0.182896 0.928759 -0.322421 -0.595897 -0.94908 0.252362 0.188575 -0.224589 0.256508 0.271514 0.927623 0.381512 
1534186096247 0.182608 0.928807 -0.322447 -0.595839 -0.949152 0.252079 0.188589 -0.224542 0.256445 0.271613 0.927611 0.381527 
1534186096260 0.182371 0.928845 -0.322473 -0.595781 -0.949212 0.251847 0.188601 -0.224502 0.256395 0.271699 0.9276 0.381541 
1534186096282 0.18213 0.928875 -0.322522 -0.595712 -0.949269 0.25162 0.188617 -0.22447 0.256354 0.271807 0.927579 0.381555 
1534186096299 0.182051 0.928873 -0.322571 -0.595674 -0.949291 0.251549 0.188602 -0.224485 0.256329 0.271878 0.927565 0.381558 
1534186096316 0.182066 0.928846 -0.322642 -0.595647 -0.949291 0.251574 0.188567 -0.224527 0.256318 0.271949 0.927548 0.381557 
1534186096332 0.182119 0.928804 -0.322732 -0.595616 -0.949281 0.251642 0.188527 -0.224585 0.256318 0.272028 0.927525 0.381552 
1534186096398 0.182122 0.928735 -0.322929 -0.595547 -0.949268 0.251697 0.188517 -0.224657 0.256363 0.272214 0.927458 0.381544 
1534186096460 0.181708 0.928721 -0.323203 -0.595445 -0.949292 0.251424 0.188763 -0.224561 0.256569 0.272515 0.927312 0.381518 
1534186096506 0.181406 0.928695 -0.323446 -0.595309 -0.949295 0.251248 0.188979 -0.22455 0.256769 0.272764 0.927184 0.381494 
1534186096659 0.18132 0.928655 -0.323608 -0.595193 -0.949273 0.251241 0.1891 -0.224611 0.256912 0.272905 0.927103 0.381489 
1534186096673 0.181158 0.928562 -0.323966 -0.595054 -0.949238 0.251232 0.189287 -0.224725 0.257155 0.27323 0.926939 0.381461 
1534186096760 0.180895 0.928572 -0.324086 -0.594934 -0.94926 0.25104 0.189431 -0.224707 0.257259 0.273375 0.926868 0.381511 
1534186096780 0.180861 0.92852 -0.324252 -0.594875 -0.949239 0.251071 0.189497 -0.22475 0.257362 0.27352 0.926797 0.3815 
1534186096800 0.180841 0.92848 -0.324379 -0.594821 -0.949221 0.251102 0.189547 -0.22479 0.257443 0.273629 0.926742 0.381485 
1534186096817 0.180734 0.92845 -0.324523 -0.594748 -0.94922 0.251053 0.189614 -0.22483 0.25752 0.273774 0.926677 0.381465 
1534186096831 0.180649 0.92845 -0.324571 -0.594701 -0.949228 0.250992 0.189656 -0.22484 0.257551 0.27383 0.926652 0.38146 
1534186096886 0.180534 0.928467 -0.324585 -0.59468 -0.949248 0.25089 0.189692 -0.224845 0.257558 0.273866 0.92664 0.381433 
1534186096977 0.180088 0.928829 -0.323799 -0.594543 -0.949367 0.250274 0.189908 -0.224855 0.25743 0.273204 0.926871 0.381449 
1534186097037 0.179603 0.928977 -0.323643 -0.594229 -0.94941 0.249839 0.190265 -0.224947 0.25761 0.273098 0.926852 0.381401 
1534186097080 0.179668 0.92894 -0.323714 -0.59411 -0.949356 0.249959 0.190376 -0.225077 0.257763 0.273115 0.926804 0.381333 
1534186097118 0.179595 0.928943 -0.323745 -0.593986 -0.949354 0.249914 0.190446 -0.225214 0.257822 0.273145 0.926779 0.381285 
1534186097142 0.179428 0.928987 -0.323711 -0.593912 -0.949389 0.249746 0.190491 -0.225268 0.257809 0.273148 0.926782 0.381279 
1534186097161 0.179251 0.929039 -0.32366 -0.593851 -0.949423 0.24957 0.190555 -0.22527 0.257809 0.273133 0.926786 0.381278 
1534186097177 0.179024 0.929108 -0.323589 -0.593775 -0.949463 0.249345 0.190649 -0.225253 0.257818 0.273105 0.926792 0.381277 
1534186097208 0.178732 0.929241 -0.323367 -0.593643 -0.949518 0.249026 0.190793 -0.225214 0.25782 0.272942 0.92684 0.381284 
1534186097354 0.178608 0.929087 -0.323879 -0.593309 -0.949479 0.249081 0.190915 -0.225188 0.258049 0.273417 0.926636 0.381126 
1534186097387 0.178533 0.929066 -0.323978 -0.593111 -0.949509 0.249014 0.190854 -0.225225 0.257991 0.273547 0.926614 0.381101 
1534186097488 0.178452 0.928954 -0.324345 -0.592896 -0.949525 0.249013 0.190775 -0.225325 0.257987 0.27393 0.926502 0.380966 
1534186097531 0.178067 0.929044 -0.324298 -0.592745 -0.949604 0.248636 0.190875 -0.225219 0.257964 0.273966 0.926497 0.380966 
1534186097600 0.177916 0.929052 -0.324358 -0.592536 -0.949636 0.248503 0.190889 -0.225269 0.257949 0.274059 0.926474 0.380938 
1534186097620 0.17796 0.929034 -0.324386 -0.592468 -0.949624 0.248553 0.190882 -0.225323 0.257963 0.274075 0.926465 0.380923 
1534186097637 0.17796 0.929026 -0.324409 -0.592394 -0.949625 0.248556 0.19087 -0.225376 0.257957 0.2741 0.92646 0.38091 
1534186097653 0.177959 0.929019 -0.324428 -0.592323 -0.949628 0.248557 0.190857 -0.225426 0.257949 0.274122 0.926455 0.380899 
1534186097671 0.177916 0.929023 -0.324442 -0.592271 -0.949638 0.248517 0.190858 -0.225443 0.257941 0.274146 0.92645 0.380886 
1534186097687 0.177839 0.929035 -0.324448 -0.592243 -0.949653 0.248445 0.190875 -0.225426 0.257937 0.274168 0.926445 0.380873 
1534186097703 0.177732 0.929058 -0.324443 -0.592232 -0.949674 0.248343 0.190905 -0.22538 0.257935 0.274185 0.926441 0.380862 
1534186097800 0.177229 0.929267 -0.324119 -0.592253 -0.949822 0.247748 0.190941 -0.225096 0.257735 0.274016 0.926546 0.380849 
1534186097825 0.177103 0.929428 -0.323726 -0.592123 -0.949902 0.24749 0.190881 -0.225048 0.257529 0.273703 0.926696 0.380887 
1534186097875 0.176956 0.929563 -0.323418 -0.591901 -0.949981 0.247234 0.19082 -0.22504 0.257339 0.273474 0.926816 0.380936 
1534186097900 0.176946 0.92958 -0.323375 -0.591827 -0.949996 0.247201 0.190785 -0.225064 0.257289 0.273447 0.926838 0.380941 
1534186097915 0.176952 0.929588 -0.323348 -0.591778 -0.950005 0.24719 0.190754 -0.225087 0.257251 0.273428 0.926854 0.380943 
1534186097932 0.176947 0.929606 -0.3233 -0.591726 -0.95001 0.247172 0.190755 -0.225098 0.257238 0.273385 0.926871 0.380945 
1534186097949 0.176924 0.929632 -0.323238 -0.591674 -0.950014 0.247138 0.190778 -0.225097 0.257238 0.273327 0.926888 0.380949 
1534186097965 0.176896 0.929655 -0.323186 -0.591631 -0.950021 0.247099 0.190793 -0.225091 0.257231 0.273283 0.926903 0.380953 
1534186098024 0.176829 0.929687 -0.323132 -0.591569 -0.950072 0.246985 0.19069 -0.225068 0.25709 0.273279 0.926943 0.380934 
1534186098058 0.176909 0.929657 -0.323173 -0.591587 -0.950149 0.24697 0.190322 -0.225051 0.256748 0.273393 0.927004 0.380887 
1534186098075 0.177078 0.929621 -0.323184 -0.591591 -0.950186 0.247058 0.190024 -0.225035 0.256496 0.273436 0.927061 0.380864 
1534186098112 0.17714 0.929623 -0.323146 -0.591562 -0.950289 0.246985 0.189603 -0.224929 0.256071 0.273496 0.927161 0.380826 
1534186098140 0.17705 0.929664 -0.323076 -0.591516 -0.950379 0.246808 0.189379 -0.224813 0.255797 0.273515 0.927231 0.380803 
1534186098155 0.17703 0.929684 -0.323029 -0.591492 -0.950415 0.246746 0.189282 -0.224768 0.255678 0.273503 0.927267 0.380801 
1534186098170 0.177014 0.929716 -0.322947 -0.591455 -0.950465 0.246664 0.189139 -0.224706 0.255505 0.27347 0.927325 0.380803 
1534186098187 0.177007 0.929742 -0.322875 -0.591421 -0.950505 0.246602 0.18902 -0.224654 0.255362 0.273436 0.927374 0.380806 
1534186098204 0.176962 0.929774 -0.322806 -0.591386 -0.950553 0.246503 0.188907 -0.224607 0.255214 0.273415 0.927421 0.380809 
1534186098220 0.176883 0.929809 -0.32275 -0.591349 -0.950604 0.246377 0.18881 -0.224571 0.255076 0.27341 0.927461 0.38081 
1534186098241 0.176896 0.929809 -0.322742 -0.591329 -0.950629 0.246359 0.18871 -0.224584 0.254975 0.273426 0.927484 0.380798 
1534186098255 0.17695 0.929796 -0.322752 -0.59133 -0.950619 0.246412 0.188692 -0.22461 0.254975 0.273425 0.927484 0.380796 
1534186098271 0.177056 0.929765 -0.322781 -0.591344 -0.950583 0.246535 0.188713 -0.224657 0.255035 0.273418 0.92747 0.380791 
1534186098287 0.177179 0.929738 -0.322792 -0.591364 -0.950532 0.246682 0.188776 -0.224714 0.25514 0.273377 0.927453 0.380787 
1534186098303 0.177337 0.929715 -0.322772 -0.591386 -0.950456 0.246876 0.188906 -0.224771 0.255313 0.273281 0.927433 0.380786 
1534186098323 0.177446 0.92971 -0.322728 -0.591408 -0.950362 0.247048 0.189152 -0.224824 0.255586 0.273144 0.927399 0.380788 
1534186098340 0.177461 0.92972 -0.322689 -0.591428 -0.950301 0.247116 0.18937 -0.224871 0.255803 0.273046 0.927368 0.380796 
1534186098357 0.177502 0.929726 -0.322648 -0.591441 -0.950258 0.247184 0.1895 -0.22491 0.255936 0.272962 0.927355 0.380804 
1534186098373 0.177559 0.929742 -0.322572 -0.591441 -0.950225 0.247246 0.189581 -0.224931 0.256016 0.272854 0.927365 0.380816 
1534186098390 0.177613 0.929769 -0.322464 -0.591429 -0.950192 0.247299 0.189678 -0.22493 0.256102 0.272713 0.927383 0.380833 
1534186098411 0.177584 0.929797 -0.322399 -0.591413 -0.950203 0.247254 0.189686 -0.224907 0.256084 0.27266 0.927404 0.380837 
1534186098427 0.177523 0.929817 -0.322374 -0.591399 -0.950229 0.247175 0.189655 -0.22488 0.256027 0.272661 0.927419 0.380833 
1534186098444 0.177458 0.929837 -0.322354 -0.591378 -0.950262 0.247088 0.189604 -0.224835 0.255951 0.272674 0.927436 0.380811 
1534186098517 0.1774 0.929883 -0.322252 -0.591353 -0.950324 0.246958 0.189463 -0.224824 0.255761 0.272633 0.927501 0.380729 
1534186098530 0.177522 0.929918 -0.322084 -0.591344 -0.95027 0.247071 0.189584 -0.224845 0.255876 0.272411 0.927534 0.380717 
1534186098547 0.177634 0.929971 -0.32187 -0.591336 -0.950205 0.24718 0.18977 -0.224878 0.256041 0.272133 0.927571 0.380706 
1534186098564 0.177572 0.930012 -0.321786 -0.591345 -0.950171 0.247153 0.189976 -0.224906 0.25621 0.272017 0.927558 0.380684 
1534186098580 0.177532 0.930014 -0.321801 -0.591364 -0.950117 0.247183 0.190205 -0.224926 0.256437 0.271981 0.927505 0.380669 
1534186098597 0.177506 0.930012 -0.321821 -0.591376 -0.950093 0.247194 0.190312 -0.224936 0.256545 0.271978 0.927477 0.380666 
1534186098614 0.177439 0.93002 -0.321836 -0.591375 -0.950101 0.247139 0.190343 -0.224927 0.256561 0.272002 0.927465 0.38067 
1534186098630 0.17737 0.930017 -0.321883 -0.591374 -0.950122 0.247075 0.190319 -0.22491 0.256529 0.272071 0.927453 0.380676 
1534186098647 0.177284 0.930024 -0.321911 -0.591365 -0.950152 0.246985 0.190288 -0.224881 0.256479 0.272129 0.92745 0.380687 
1534186098664 0.177155 0.930007 -0.322029 -0.591362 -0.950202 0.246861 0.190201 -0.224853 0.256385 0.272298 0.927427 0.380701 
1534186098680 0.177078 0.92994 -0.322266 -0.591372 -0.950215 0.246839 0.190164 -0.224827 0.256389 0.272548 0.927352 0.380704 
1534186098704 0.177002 0.929817 -0.322661 -0.591365 -0.950205 0.246874 0.190168 -0.224825 0.256478 0.272934 0.927214 0.380697 
1534186098720 0.177023 0.929776 -0.32277 -0.591333 -0.950182 0.246936 0.190202 -0.224858 0.256549 0.27302 0.927169 0.380687 
1534186098826 0.177056 0.929715 -0.322926 -0.591317 -0.950023 0.247162 0.190704 -0.224949 0.257115 0.273021 0.927012 0.380574 
1534186098851 0.177024 0.929899 -0.322412 -0.59135 -0.95009 0.246962 0.190627 -0.224888 0.256887 0.272575 0.927206 0.380612 
1534186098865 0.177006 0.929977 -0.3222 -0.591367 -0.950119 0.246874 0.190598 -0.224855 0.256794 0.272391 0.927286 0.380625 
1534186098884 0.177 0.930063 -0.321954 -0.591401 -0.950144 0.246792 0.190576 -0.224805 0.256703 0.27217 0.927376 0.380637 
1534186098948 0.17718 0.930102 -0.321742 -0.591423 -0.950109 0.246919 0.190586 -0.224828 0.256709 0.271922 0.927448 0.380591 
1534186098969 0.177326 0.930171 -0.321461 -0.591398 -0.950092 0.246988 0.190585 -0.224862 0.256674 0.271621 0.927545 0.38058 
1534186098984 0.177414 0.930216 -0.321283 -0.591382 -0.950067 0.247043 0.190636 -0.224874 0.256703 0.271419 0.927596 0.380576 
1534186099000 0.177505 0.930254 -0.321122 -0.59137 -0.950032 0.247114 0.190717 -0.224888 0.256769 0.271223 0.927636 0.380571 
1534186099017 0.177596 0.930281 -0.320993 -0.591371 -0.949991 0.247199 0.190811 -0.224929 0.256857 0.271054 0.927661 0.380553 
1534186099035 0.17765 0.930295 -0.320924 -0.591377 -0.949965 0.247252 0.190873 -0.224967 0.256918 0.270958 0.927672 0.380536 
1534186099050 0.177712 0.930307 -0.320855 -0.591382 -0.949939 0.247311 0.190925 -0.224998 0.25697 0.270863 0.927685 0.380517 
1534186099067 0.177757 0.930319 -0.320794 -0.591391 -0.949927 0.247345 0.190943 -0.225021 0.256984 0.27079 0.927702 0.380502 
1534186099083 0.177799 0.930329 -0.320741 -0.5914 -0.949923 0.24737 0.190933 -0.225038 0.256972 0.270731 0.927723 0.380488 
1534186099105 0.177777 0.930365 -0.320649 -0.591393 -0.949942 0.247314 0.190908 -0.225023 0.256916 0.270659 0.92776 0.380488 
1534186099122 0.177726 0.930384 -0.320624 -0.591387 -0.949968 0.247244 0.190872 -0.224994 0.256856 0.27066 0.927776 0.380495 
1534186099139 0.177641 0.930389 -0.320655 -0.591384 -0.950004 0.24715 0.190815 -0.224958 0.256782 0.270727 0.927777 0.380502 
1534186099155 0.177593 0.930381 -0.320706 -0.591382 -0.95005 0.247075 0.190678 -0.224935 0.256642 0.270824 0.927787 0.380505 
1534186099175 0.17763 0.930312 -0.320886 -0.591394 -0.950065 0.247124 0.190541 -0.224906 0.256561 0.271016 0.927754 0.380486 
1534186099192 0.177671 0.930227 -0.321108 -0.591414 -0.950068 0.247197 0.190432 -0.224876 0.256522 0.27124 0.927699 0.380455 
1534186099209 0.177721 0.930183 -0.321208 -0.591423 -0.950065 0.247257 0.190369 -0.224854 0.256499 0.271335 0.927677 0.380431 
1534186099308 0.178022 0.930313 -0.320665 -0.591379 -0.950001 0.247437 0.190454 -0.224891 0.256526 0.270727 0.927848 0.380406 
1534186099322 0.177863 0.930372 -0.320581 -0.591373 -0.950021 0.247281 0.190558 -0.224888 0.256564 0.270666 0.927855 0.380412 
1534186099338 0.177629 0.930431 -0.32054 -0.591381 -0.95003 0.247089 0.190763 -0.224893 0.256693 0.270638 0.927827 0.380423 
1534186099355 0.177494 0.93046 -0.320532 -0.591392 -0.950006 0.247013 0.19098 -0.224896 0.256875 0.27061 0.927785 0.380438 
1534186099372 0.177418 0.930474 -0.320532 -0.591399 -0.949967 0.246998 0.191195 -0.224908 0.257072 0.270573 0.927741 0.380458 
1534186099388 0.177388 0.93048 -0.320532 -0.591404 -0.949927 0.247018 0.191368 -0.224922 0.257241 0.270536 0.927705 0.380476 
1534186099405 0.177388 0.930478 -0.320536 -0.591405 -0.94987 0.247078 0.191572 -0.224955 0.257451 0.270485 0.927662 0.380494 
1534186099429 0.177383 0.930478 -0.32054 -0.591407 -0.949801 0.247148 0.191825 -0.224997 0.25771 0.270423 0.927608 0.380503 
1534186099449 0.177358 0.930485 -0.320534 -0.591411 -0.949747 0.247185 0.192043 -0.225028 0.257924 0.270366 0.927565 0.380505 
1534186099466 0.177313 0.9305 -0.320515 -0.591414 -0.94971 0.247185 0.192222 -0.225046 0.25809 0.270313 0.927535 0.380507 
1534186099492 0.177226 0.930523 -0.320498 -0.591423 -0.949663 0.247167 0.192482 -0.225065 0.258325 0.270252 0.927487 0.38051 
1534186099509 0.177272 0.930519 -0.320484 -0.59143 -0.949609 0.247255 0.192635 -0.225076 0.258491 0.270185 0.92746 0.380519 
1534186099525 0.177309 0.930512 -0.320482 -0.591435 -0.949585 0.247307 0.192687 -0.225086 0.258555 0.27016 0.92745 0.380516 
1534186099542 0.17733 0.930508 -0.320482 -0.591434 -0.949587 0.247321 0.192659 -0.225089 0.258533 0.270161 0.927456 0.3805 
1534186099562 0.177304 0.930506 -0.320503 -0.59143 -0.94963 0.247261 0.192525 -0.225089 0.258393 0.270223 0.927476 0.380465 
1534186099579 0.177313 0.930506 -0.320497 -0.591423 -0.949663 0.247231 0.192395 -0.225092 0.258262 0.27025 0.927505 0.380438 
1534186099597 0.177334 0.930507 -0.320483 -0.591416 -0.949711 0.247194 0.192209 -0.225105 0.258074 0.270281 0.927548 0.380411 
1534186099612 0.177328 0.930511 -0.320473 -0.591413 -0.949738 0.24716 0.192121 -0.22511 0.257979 0.270297 0.92757 0.380385 
1534186099629 0.177309 0.930534 -0.32042 -0.59141 -0.949754 0.247117 0.192096 -0.225106 0.257934 0.27026 0.927594 0.380378 
1534186099646 0.177294 0.930571 -0.32032 -0.591408 -0.94976 0.247079 0.192113 -0.225105 0.257919 0.270167 0.927625 0.380381 
1534186099662 0.177295 0.93062 -0.320177 -0.591401 -0.949741 0.24707 0.19222 -0.225102 0.25799 0.270005 0.927652 0.380389 
1534186099679 0.177125 0.930749 -0.319895 -0.591386 -0.949717 0.246911 0.192544 -0.225109 0.258196 0.269705 0.927682 0.380419 
1534186099696 0.177075 0.930794 -0.319791 -0.591387 -0.94967 0.246901 0.192786 -0.225118 0.258401 0.269559 0.927668 0.380436 
1534186099716 0.177061 0.930799 -0.319785 -0.591395 -0.949635 0.246926 0.192926 -0.225125 0.258539 0.26952 0.92764 0.380448 
1534186099732 0.177079 0.930783 -0.319821 -0.591408 -0.94962 0.246962 0.192953 -0.225143 0.258581 0.269541 0.927623 0.380462 
1534186099752 0.177113 0.930764 -0.319857 -0.591412 -0.949619 0.246997 0.192917 -0.225146 0.258564 0.269574 0.927618 0.380477 
1534186099772 0.177122 0.930718 -0.319987 -0.591425 -0.94962 0.247029 0.192871 -0.225141 0.258555 0.269704 0.927582 0.380473 
1534186099789 0.177337 0.930613 -0.320173 -0.591443 -0.949581 0.247268 0.192754 -0.22514 0.258548 0.269848 0.927542 0.380457 
1534186099860 0.177559 0.930544 -0.320252 -0.591443 -0.949584 0.247446 0.192511 -0.225142 0.258385 0.269924 0.927566 0.380368 
1534186099873 0.177553 0.930607 -0.320072 -0.591422 -0.949594 0.247394 0.19253 -0.225132 0.258354 0.269754 0.927624 0.38036 
1534186099890 0.177584 0.930703 -0.319776 -0.591389 -0.949606 0.247343 0.192537 -0.225121 0.258289 0.26947 0.927724 0.38035 
1534186099907 0.177493 0.930788 -0.319578 -0.591382 -0.949642 0.247197 0.192544 -0.225102 0.258217 0.269309 0.927791 0.380334 
1534186099924 0.177369 0.93088 -0.319378 -0.591387 -0.949697 0.247007 0.19252 -0.225085 0.258102 0.269165 0.927865 0.380328 
1534186099940 0.177328 0.93093 -0.319256 -0.591397 -0.949732 0.246914 0.192465 -0.225077 0.258 0.269078 0.927919 0.380324 
1534186099963 0.177333 0.930982 -0.319101 -0.591409 -0.949774 0.246842 0.192352 -0.225074 0.257844 0.268963 0.927995 0.380334 
1534186099980 0.177358 0.931036 -0.318931 -0.591415 -0.949822 0.246776 0.192199 -0.225075 0.257648 0.268839 0.928086 0.380338 
1534186099997 0.177393 0.931078 -0.318788 -0.591414 -0.949864 0.246728 0.192052 -0.225075 0.25747 0.268736 0.928165 0.380324 
1534186100107 0.177534 0.931051 -0.318788 -0.591433 -0.950015 0.246674 0.19137 -0.225051 0.256812 0.268879 0.928306 0.380206 
1534186100121 0.177449 0.930991 -0.31901 -0.591449 -0.950014 0.246658 0.191396 -0.225027 0.256875 0.269101 0.928224 0.380225 
1534186100138 0.177342 0.930913 -0.319297 -0.591464 -0.950005 0.246647 0.191458 -0.224999 0.256984 0.26938 0.928113 0.380254 
1534186100154 0.177279 0.93086 -0.319488 -0.591468 -0.949995 0.24665 0.191501 -0.224982 0.257062 0.269563 0.928038 0.38029 
1534186100228 0.177309 0.930835 -0.319542 -0.591381 -0.950021 0.246657 0.191366 -0.224989 0.256947 0.26964 0.928048 0.380397 
1534186100253 0.177354 0.930773 -0.319699 -0.591377 -0.950071 0.246669 0.191098 -0.225004 0.256729 0.269845 0.928048 0.380367 
1534186100267 0.177384 0.930712 -0.319859 -0.591383 -0.950115 0.246678 0.190871 -0.22502 0.256548 0.270046 0.92804 0.380344 
1534186100283 0.177442 0.930641 -0.320034 -0.591389 -0.950187 0.246681 0.190507 -0.225041 0.25624 0.270288 0.928055 0.380318 
1534186100299 0.177471 0.930592 -0.320161 -0.591397 -0.950247 0.246665 0.190226 -0.225047 0.255996 0.270473 0.928068 0.380299 
1534186100316 0.177481 0.930555 -0.320261 -0.591405 -0.950293 0.246645 0.190026 -0.225044 0.25582 0.270616 0.928075 0.38029 
1534186100395 0.177339 0.930582 -0.320262 -0.59142 -0.95032 0.246511 0.190062 -0.225019 0.255817 0.270646 0.928067 0.380312 
1534186100412 0.17713 0.930641 -0.320207 -0.591424 -0.950299 0.246368 0.190356 -0.225006 0.256041 0.270574 0.928026 0.380331 
1534186100429 0.176904 0.930714 -0.320118 -0.591426 -0.950267 0.246215 0.19071 -0.224987 0.256314 0.270461 0.927984 0.380365 
1534186100449 0.176685 0.930786 -0.320031 -0.591428 -0.950232 0.246072 0.19107 -0.224969 0.256596 0.270344 0.92794 0.380412 
1534186100462 0.176674 0.930808 -0.319974 -0.591431 -0.950163 0.246125 0.191346 -0.224958 0.25686 0.270221 0.927903 0.380457 
1534186100482 0.176701 0.930807 -0.319962 -0.591436 -0.950119 0.246189 0.191483 -0.224968 0.257005 0.270167 0.927878 0.380495 
1534186100500 0.176716 0.930796 -0.319985 -0.59144 -0.950101 0.246223 0.191527 -0.224993 0.25706 0.270173 0.927861 0.380509 
1534186100516 0.176717 0.93079 -0.320001 -0.591439 -0.950096 0.246233 0.19154 -0.225009 0.257078 0.270183 0.927853 0.380512 
1534186100532 0.176551 0.930793 -0.320084 -0.591443 -0.950129 0.246092 0.191556 -0.225053 0.257069 0.270301 0.927821 0.380507 
1534186100552 0.176392 0.930794 -0.320169 -0.59145 -0.950174 0.245944 0.191525 -0.225092 0.257013 0.270432 0.927799 0.380497 
1534186100569 0.176294 0.930766 -0.320306 -0.591466 -0.950186 0.245886 0.191535 -0.225111 0.257033 0.270583 0.927749 0.380492 
1534186100601 0.176192 0.930706 -0.320535 -0.591492 -0.950183 0.245861 0.191583 -0.22513 0.257114 0.270812 0.92766 0.380479 
1534186100682 0.175936 0.930728 -0.320612 -0.591488 -0.950207 0.245661 0.19172 -0.225134 0.257201 0.270917 0.927605 0.380485 
1534186100725 0.175305 0.930836 -0.320643 -0.591487 -0.950336 0.245063 0.191849 -0.225137 0.257157 0.271087 0.927568 0.380496 
1534186100746 0.175133 0.930866 -0.320652 -0.591487 -0.95036 0.244912 0.191924 -0.225136 0.257187 0.271122 0.927549 0.380508 
1534186100762 0.175118 0.930861 -0.320675 -0.591489 -0.950347 0.244918 0.191977 -0.225137 0.257243 0.271134 0.92753 0.380516 
1534186100779 0.175075 0.930841 -0.320756 -0.591498 -0.950333 0.244918 0.192047 -0.225136 0.257324 0.271202 0.927488 0.38052 
1534186100796 0.175032 0.930827 -0.320819 -0.591505 -0.950323 0.24491 0.192107 -0.225133 0.25739 0.271256 0.927454 0.380526 
1534186100812 0.174974 0.930823 -0.320862 -0.59151 -0.950323 0.244876 0.192153 -0.225131 0.257432 0.2713 0.927429 0.380532 
1534186100887 0.174985 0.930701 -0.321211 -0.591537 -0.950324 0.244954 0.192046 -0.22513 0.257419 0.27165 0.927331 0.380495 
1534186100905 0.175165 0.930582 -0.321456 -0.591543 -0.950338 0.245124 0.191758 -0.225136 0.257243 0.271903 0.927305 0.380494 
1534186100925 0.175322 0.930473 -0.321687 -0.591533 -0.950347 0.245279 0.191518 -0.225126 0.257105 0.272137 0.927275 0.380511 
1534186100961 0.175299 0.930418 -0.321858 -0.591498 -0.950435 0.245204 0.191176 -0.22512 0.256795 0.272392 0.927286 0.380569 
1534186101002 0.17528 0.930364 -0.322025 -0.591479 -0.95047 0.245187 0.191025 -0.225114 0.256679 0.272592 0.927259 0.380597 
1534186101019 0.175293 0.930327 -0.322124 -0.591482 -0.950475 0.245212 0.190969 -0.225121 0.256652 0.272695 0.927236 0.380598 
1534186101036 0.175305 0.930263 -0.322302 -0.591491 -0.950482 0.24525 0.190883 -0.225128 0.256616 0.27288 0.927192 0.380601 
1534186101053 0.175311 0.930206 -0.322463 -0.591499 -0.950494 0.245274 0.190794 -0.225132 0.25657 0.273051 0.927154 0.380605 
1534186101069 0.175309 0.930149 -0.32263 -0.591504 -0.950513 0.245286 0.190681 -0.225145 0.256499 0.273236 0.927119 0.380615 
1534186101086 0.17531 0.930112 -0.322736 -0.591503 -0.950526 0.245295 0.190606 -0.225161 0.25645 0.273353 0.927098 0.380625 
1534186101106 0.175331 0.930073 -0.322836 -0.591497 -0.950535 0.245322 0.190526 -0.22519 0.256402 0.273462 0.92708 0.380634 
1534186101123 0.17537 0.930072 -0.322819 -0.591484 -0.950527 0.245356 0.190524 -0.22521 0.256406 0.273436 0.927086 0.380638 
1534186101139 0.175423 0.930081 -0.322762 -0.591469 -0.950509 0.245402 0.190552 -0.22523 0.256435 0.273361 0.9271 0.380642 
