1534186380295 -0.199814 0.971826 -0.125013 -0.487109 -0.954957 -0.164582 0.246921 -0.257817 0.21939 0.16872 0.960938 0.341809 
1534186383841 -0.199814 0.971826 -0.125013 -0.487108 -0.954957 -0.164582 0.246921 -0.257817 0.21939 0.16872 0.960938 0.341809 
1534186384580 -0.164751 0.97449 -0.152403 -0.498827 -0.96175 -0.124432 0.244035 -0.254689 0.218846 0.186779 0.957716 0.346579 
1534186385322 -0.128182 0.975251 -0.180154 -0.510924 -0.967297 -0.0828517 0.239734 -0.251698 0.218875 0.204993 0.953977 0.35173 
1534186386069 -0.091485 0.973922 -0.207622 -0.523053 -0.971239 -0.0412407 0.234507 -0.248667 0.219829 0.223104 0.949684 0.356867 
1534186386826 -0.0545803 0.970486 -0.2349 -0.535244 -0.973729 0.000353341 0.227711 -0.245673 0.221073 0.241158 0.944971 0.362079 
1534186387596 -0.0177008 0.965001 -0.261647 -0.547298 -0.974534 0.0418551 0.220298 -0.242627 0.223539 0.258884 0.939686 0.36713 
1534186388362 0.0190218 0.957483 -0.287861 -0.559408 -0.973902 0.0828735 0.211298 -0.239603 0.226171 0.27633 0.934071 0.372317 
1534186389145 0.0556035 0.947872 -0.313762 -0.571475 -0.971702 0.123627 0.201276 -0.236574 0.229574 0.293691 0.927923 0.377317 
1534186389932 0.0922939 0.936307 -0.338836 -0.583597 -0.96787 0.164292 0.190355 -0.233601 0.233899 0.310381 0.921387 0.382596 
1534186390723 0.128508 0.922715 -0.363433 -0.595837 -0.962568 0.204239 0.178181 -0.230711 0.238637 0.326932 0.914422 0.387695 
1534186390755 0.129151 0.922499 -0.363751 -0.596088 -0.962536 0.204821 0.177689 -0.230806 0.238422 0.327174 0.914391 0.38787 
1534186391006 0.131598 0.921519 -0.365356 -0.596765 -0.962057 0.20759 0.177068 -0.230531 0.239016 0.328191 0.913872 0.388093 
1534186391268 0.135058 0.920009 -0.367891 -0.598025 -0.961449 0.211443 0.175806 -0.230104 0.239531 0.329964 0.913099 0.388637 
1534186391526 0.138713 0.91853 -0.370217 -0.599233 -0.960794 0.21544 0.174528 -0.229755 0.240069 0.331493 0.912403 0.38919 
1534186391794 0.142398 0.916909 -0.372828 -0.600505 -0.9601 0.219543 0.173229 -0.229408 0.240687 0.333285 0.911587 0.389686 
1534186392170 0.149919 0.913635 -0.377884 -0.602935 -0.958701 0.227766 0.170338 -0.228922 0.241696 0.336741 0.910049 0.390717 
1534186392441 0.153454 0.912137 -0.380077 -0.604223 -0.958006 0.231614 0.169056 -0.228479 0.242233 0.338174 0.909374 0.391419 
1534186392708 0.157141 0.910495 -0.382498 -0.605436 -0.957288 0.235618 0.167582 -0.228186 0.242706 0.339827 0.908632 0.391907 
1534186392976 0.161015 0.908789 -0.384937 -0.606654 -0.956532 0.23978 0.165986 -0.228022 0.243146 0.341479 0.907894 0.392511 
1534186392993 0.161259 0.908688 -0.385073 -0.60672 -0.956483 0.240042 0.165895 -0.228016 0.243181 0.341564 0.907853 0.392548 
1534186393009 0.161511 0.908548 -0.385297 -0.606823 -0.956425 0.240335 0.165802 -0.228005 0.24324 0.341729 0.907775 0.392599 
1534186393026 0.16158 0.908476 -0.385438 -0.606896 -0.956411 0.240428 0.165749 -0.22799 0.243249 0.341855 0.907725 0.392632 
1534186393043 0.161632 0.908428 -0.385531 -0.606963 -0.956401 0.240495 0.16571 -0.227964 0.243254 0.341938 0.907693 0.392658 
1534186393160 0.162189 0.90858 -0.384937 -0.606899 -0.956344 0.240845 0.165531 -0.227984 0.243108 0.341285 0.907977 0.392557 
1534186393200 0.162895 0.908427 -0.385002 -0.606984 -0.956187 0.241557 0.1654 -0.228051 0.243253 0.341191 0.907974 0.392462 
1534186393256 0.163369 0.908272 -0.385166 -0.60714 -0.956088 0.242048 0.165253 -0.227996 0.243324 0.341255 0.907931 0.392306 
1534186393309 0.163844 0.908181 -0.38518 -0.607233 -0.956006 0.242487 0.165082 -0.227946 0.243326 0.341186 0.907956 0.392242 
1534186393370 0.164336 0.908118 -0.385116 -0.607358 -0.955927 0.242921 0.164905 -0.227877 0.243306 0.341043 0.908015 0.392233 
1534186393420 0.164856 0.908028 -0.385107 -0.607478 -0.955826 0.243412 0.164763 -0.227834 0.243349 0.340933 0.908045 0.39222 
1534186393437 0.165131 0.907971 -0.385123 -0.607523 -0.955772 0.243677 0.164685 -0.22785 0.243375 0.340896 0.908052 0.39221 
1534186393456 0.165402 0.907915 -0.38514 -0.607567 -0.955716 0.243942 0.164619 -0.227859 0.243412 0.340856 0.908057 0.3922 
1534186393613 0.165605 0.908278 -0.384196 -0.607569 -0.955623 0.244038 0.165016 -0.227868 0.243639 0.339819 0.908385 0.392089 
1534186393647 0.165617 0.908448 -0.383789 -0.607542 -0.955545 0.244081 0.165404 -0.227977 0.243937 0.339333 0.908487 0.392058 
1534186393765 0.166183 0.908633 -0.383104 -0.607534 -0.955334 0.244632 0.165805 -0.228226 0.244376 0.338439 0.908702 0.391984 
1534186393805 0.166244 0.908788 -0.382711 -0.607572 -0.95525 0.244719 0.166164 -0.228218 0.244664 0.337961 0.908802 0.39193 
1534186393875 0.166331 0.908906 -0.382392 -0.607656 -0.95516 0.244844 0.166498 -0.22823 0.244958 0.337552 0.908875 0.391852 
1534186393891 0.166376 0.908943 -0.382286 -0.607664 -0.95514 0.244882 0.166555 -0.228241 0.245003 0.337426 0.90891 0.391838 
1534186393908 0.166444 0.908989 -0.382146 -0.607663 -0.955117 0.244934 0.166608 -0.228261 0.245046 0.337263 0.908959 0.391827 
1534186393925 0.166527 0.909043 -0.381981 -0.607657 -0.955094 0.244992 0.166656 -0.228284 0.24508 0.337074 0.90902 0.39182 
1534186394028 0.166279 0.90901 -0.382167 -0.607651 -0.955094 0.244858 0.166854 -0.228377 0.245248 0.337261 0.908905 0.391812 
1534186394070 0.165814 0.908827 -0.382805 -0.607604 -0.955205 0.244505 0.166733 -0.228549 0.245129 0.33801 0.908659 0.391845 
1534186394141 0.165663 0.908726 -0.383109 -0.607491 -0.955224 0.244432 0.166732 -0.228823 0.245158 0.338334 0.908531 0.391973 
1534186394180 0.165305 0.908747 -0.383215 -0.607453 -0.955284 0.244125 0.166839 -0.228913 0.245167 0.3385 0.908466 0.392024 
1534186394245 0.165061 0.908754 -0.383302 -0.607394 -0.955287 0.243971 0.167047 -0.229054 0.245319 0.338591 0.908391 0.392138 
1534186394302 0.164723 0.90876 -0.383435 -0.607356 -0.955339 0.243695 0.167156 -0.229171 0.245346 0.338776 0.908315 0.39219 
1534186394352 0.16446 0.908738 -0.383599 -0.607309 -0.955374 0.243497 0.167243 -0.22931 0.245385 0.338976 0.90823 0.392223 
1534186394369 0.164431 0.908715 -0.383666 -0.607295 -0.95537 0.243495 0.167267 -0.229362 0.245419 0.339039 0.908197 0.392234 
1534186394386 0.164382 0.908689 -0.383749 -0.607273 -0.955369 0.243478 0.167298 -0.229436 0.245456 0.339121 0.908157 0.392251 
1534186394449 0.164155 0.908634 -0.383975 -0.607191 -0.955396 0.243327 0.167362 -0.229685 0.245502 0.339375 0.908049 0.392301 
1534186394557 0.163314 0.908633 -0.384337 -0.607103 -0.955526 0.242642 0.167618 -0.229787 0.245559 0.339869 0.907849 0.392301 
1534186394640 0.162825 0.908566 -0.384703 -0.606909 -0.955601 0.242271 0.167722 -0.230101 0.245589 0.340313 0.907674 0.392296 
1534186394737 0.162317 0.908554 -0.384945 -0.606722 -0.955637 0.24192 0.168025 -0.230387 0.245786 0.340595 0.907516 0.392411 
1534186394819 0.161585 0.908509 -0.385359 -0.606658 -0.955708 0.241398 0.168374 -0.230536 0.245994 0.341084 0.907275 0.392441 
1534186394920 0.161048 0.908421 -0.38579 -0.606522 -0.955781 0.241009 0.168514 -0.230823 0.246061 0.341592 0.907066 0.392396 
1534186395002 0.160695 0.908321 -0.386174 -0.606332 -0.955833 0.240767 0.168566 -0.231223 0.24609 0.34203 0.906893 0.392409 
1534186395106 0.159853 0.908316 -0.386535 -0.606244 -0.955948 0.240099 0.168869 -0.231342 0.246193 0.342513 0.906683 0.392437 
1534186395126 0.159637 0.908321 -0.386613 -0.606213 -0.955981 0.239919 0.168937 -0.231385 0.246205 0.342626 0.906637 0.392446 
1534186395143 0.159464 0.908314 -0.386701 -0.606177 -0.956004 0.239783 0.168995 -0.23145 0.246225 0.342739 0.906589 0.392457 
1534186395253 0.159501 0.908227 -0.386889 -0.606009 -0.955982 0.239876 0.168993 -0.231682 0.24629 0.342904 0.906509 0.392454 
1534186395397 0.159448 0.908468 -0.386346 -0.605467 -0.956044 0.239652 0.16896 -0.231653 0.246083 0.342423 0.906746 0.392232 
1534186395466 0.159022 0.90857 -0.38628 -0.605183 -0.956138 0.239217 0.169044 -0.231768 0.245993 0.342455 0.906759 0.392213 
1534186395538 0.158967 0.908579 -0.386282 -0.604901 -0.956149 0.239164 0.169057 -0.231919 0.245987 0.342469 0.906756 0.392155 
1534186395601 0.158927 0.908586 -0.386283 -0.604628 -0.956166 0.239112 0.169031 -0.23209 0.245944 0.342487 0.90676 0.392105 
1534186395694 0.158336 0.908659 -0.386353 -0.604332 -0.956253 0.2386 0.169267 -0.232068 0.245989 0.34265 0.906686 0.391947 
1534186395740 0.158357 0.90863 -0.386412 -0.604081 -0.956242 0.238639 0.169269 -0.232267 0.246016 0.342698 0.906661 0.391884 
1534186395764 0.15839 0.908627 -0.386406 -0.603984 -0.956241 0.238663 0.169241 -0.232353 0.245998 0.342691 0.906669 0.391874 
1534186395782 0.15834 0.908643 -0.386389 -0.603935 -0.956255 0.238606 0.169244 -0.232374 0.245978 0.342688 0.906675 0.391867 
1534186395808 0.158177 0.908688 -0.386349 -0.60388 -0.956289 0.23844 0.169288 -0.232352 0.245951 0.342684 0.906684 0.391853 
1534186395913 0.157852 0.908826 -0.386157 -0.603605 -0.956346 0.238101 0.169441 -0.232384 0.245937 0.342553 0.906737 0.391879 
1534186395965 0.157533 0.908998 -0.385883 -0.60334 -0.956427 0.237717 0.169522 -0.232408 0.245826 0.342364 0.906839 0.391944 
1534186396095 0.156629 0.909356 -0.385408 -0.602847 -0.956626 0.236729 0.169782 -0.232347 0.24563 0.342099 0.906992 0.391982 
1534186396149 0.156279 0.90954 -0.385116 -0.60254 -0.956703 0.236325 0.169909 -0.232355 0.245552 0.341888 0.907092 0.392025 
1534186396241 0.156155 0.909589 -0.38505 -0.602219 -0.95675 0.236163 0.169874 -0.232593 0.24545 0.34187 0.907127 0.391944 
1534186396285 0.155568 0.9098 -0.384789 -0.602 -0.956865 0.235548 0.170076 -0.232477 0.245371 0.341733 0.9072 0.391985 
1534186396307 0.155382 0.909867 -0.384706 -0.601929 -0.956905 0.235348 0.170128 -0.232459 0.245334 0.341692 0.907225 0.391993 
1534186396321 0.155344 0.909886 -0.384677 -0.601888 -0.956915 0.235304 0.170138 -0.232481 0.245322 0.341673 0.907236 0.391986 
1534186396451 0.155123 0.909952 -0.384608 -0.601554 -0.956975 0.235053 0.170144 -0.232553 0.245227 0.341667 0.907264 0.392043 
1534186396500 0.154677 0.909857 -0.385013 -0.601403 -0.957062 0.234699 0.170144 -0.232495 0.245169 0.342164 0.907092 0.39211 
1534186396598 0.154829 0.909663 -0.385411 -0.601126 -0.956998 0.234969 0.170132 -0.232742 0.245322 0.342496 0.906925 0.392152 
1534186396652 0.154601 0.909719 -0.385371 -0.600901 -0.957023 0.234767 0.170266 -0.232713 0.245367 0.342485 0.906917 0.392224 
1534186396745 0.154234 0.90974 -0.385468 -0.600715 -0.957087 0.234443 0.170355 -0.232641 0.245349 0.342652 0.906859 0.392241 
1534186396806 0.154075 0.909645 -0.385755 -0.600489 -0.957108 0.234357 0.170354 -0.232719 0.245366 0.342962 0.906737 0.39226 
1534186396893 0.153814 0.909617 -0.385925 -0.600253 -0.95718 0.234108 0.170293 -0.23279 0.24525 0.343206 0.906676 0.392256 
1534186396920 0.153619 0.909644 -0.385938 -0.600192 -0.957218 0.233922 0.170334 -0.232739 0.245222 0.343261 0.906663 0.392263 
1534186396939 0.153499 0.909653 -0.385967 -0.600134 -0.95724 0.233813 0.17036 -0.232717 0.245212 0.343313 0.906646 0.392269 
1534186396954 0.153447 0.90965 -0.385993 -0.600079 -0.95725 0.233768 0.170366 -0.232726 0.245207 0.343349 0.906634 0.392275 
1534186396970 0.153422 0.909645 -0.386016 -0.600033 -0.957256 0.233746 0.170361 -0.232743 0.245198 0.343379 0.906625 0.392277 
1534186396987 0.153414 0.909633 -0.386046 -0.599999 -0.957256 0.233747 0.170363 -0.232762 0.245205 0.343409 0.906612 0.392273 
1534186397123 0.153483 0.90971 -0.385836 -0.599825 -0.957196 0.233839 0.170571 -0.232805 0.245394 0.343141 0.906662 0.392228 
1534186397148 0.153383 0.909833 -0.385587 -0.599665 -0.957211 0.233702 0.170676 -0.232782 0.2454 0.342909 0.906748 0.392255 
1534186397177 0.153293 0.909913 -0.385433 -0.599515 -0.957222 0.233596 0.170759 -0.232778 0.245411 0.342769 0.906798 0.39226 
1534186397267 0.153233 0.909898 -0.385493 -0.599331 -0.95723 0.233554 0.170772 -0.232876 0.245419 0.342837 0.90677 0.392181 
1534186397295 0.15292 0.91 -0.385377 -0.599211 -0.957292 0.233229 0.170869 -0.232774 0.245372 0.342789 0.906801 0.39218 
1534186397312 0.15284 0.910028 -0.385342 -0.599156 -0.957309 0.233143 0.170892 -0.232758 0.245357 0.342772 0.906812 0.392177 
1534186397329 0.152774 0.91005 -0.385316 -0.599083 -0.957324 0.233071 0.170905 -0.232756 0.245338 0.342763 0.90682 0.392162 
1534186397348 0.152736 0.910058 -0.385313 -0.599025 -0.957334 0.23303 0.170904 -0.232765 0.245322 0.34277 0.906822 0.392138 
1534186397362 0.152732 0.910055 -0.385321 -0.598996 -0.957338 0.233024 0.170893 -0.232778 0.245312 0.342782 0.90682 0.392121 
1534186397455 0.152418 0.91017 -0.385173 -0.598865 -0.957356 0.232753 0.17116 -0.232776 0.245435 0.34266 0.906833 0.392077 
1534186397484 0.15224 0.910366 -0.384782 -0.598785 -0.957338 0.23258 0.171494 -0.232781 0.245615 0.342258 0.906936 0.392063 
1534186397509 0.1521 0.910449 -0.38464 -0.598737 -0.957304 0.232503 0.171787 -0.232793 0.245834 0.342089 0.90694 0.392011 
1534186397557 0.152029 0.910465 -0.384631 -0.598653 -0.957263 0.23251 0.17201 -0.232905 0.24604 0.342042 0.906902 0.39189 
1534186397607 0.152007 0.910511 -0.384531 -0.598502 -0.957217 0.232539 0.172226 -0.233058 0.246232 0.3419 0.906904 0.391784 
1534186397638 0.15173 0.910665 -0.384276 -0.598367 -0.957195 0.232327 0.172629 -0.233038 0.246485 0.341634 0.906935 0.391723 
1534186397661 0.151509 0.910773 -0.384106 -0.598277 -0.957195 0.232142 0.172882 -0.23301 0.246623 0.341471 0.906959 0.391704 
1534186397675 0.151414 0.910817 -0.384038 -0.598237 -0.957196 0.232062 0.172986 -0.232998 0.246679 0.341407 0.906968 0.391697 
1534186397692 0.151267 0.910885 -0.383936 -0.598174 -0.957196 0.231938 0.173147 -0.232984 0.246766 0.341311 0.90698 0.391685 
1534186397712 0.151146 0.91094 -0.383852 -0.598125 -0.9572 0.231832 0.173267 -0.232974 0.246826 0.341235 0.906993 0.391677 
1534186397729 0.151033 0.910988 -0.383785 -0.598085 -0.957204 0.231736 0.173376 -0.232965 0.24688 0.341175 0.907001 0.391665 
1534186397833 0.151135 0.910932 -0.383877 -0.59796 -0.957292 0.231703 0.172934 -0.233118 0.246477 0.341346 0.907046 0.391603 
1534186397857 0.151142 0.91087 -0.384021 -0.597893 -0.957343 0.231665 0.172702 -0.233101 0.246273 0.341537 0.907029 0.391554 
1534186397880 0.151134 0.910832 -0.384114 -0.597816 -0.957396 0.231603 0.172492 -0.233096 0.246073 0.34168 0.90703 0.391508 
1534186397905 0.15114 0.91081 -0.384165 -0.597728 -0.957449 0.231543 0.172277 -0.233117 0.245862 0.34178 0.907049 0.391463 
1534186397925 0.151142 0.910793 -0.384202 -0.597686 -0.957493 0.23149 0.172103 -0.233155 0.245689 0.341859 0.907066 0.391416 
1534186397946 0.151148 0.91078 -0.384232 -0.597661 -0.95752 0.231463 0.171992 -0.233182 0.245582 0.341913 0.907075 0.391386 
1534186398070 0.150654 0.910912 -0.384113 -0.5974 -0.957631 0.23094 0.172074 -0.23304 0.245451 0.341915 0.90711 0.391454 
1534186398096 0.150563 0.910759 -0.38451 -0.597418 -0.957649 0.230928 0.171993 -0.233061 0.245439 0.34233 0.906957 0.391443 
1534186398166 0.150701 0.910527 -0.385007 -0.59741 -0.957631 0.231142 0.171802 -0.233104 0.245421 0.342804 0.906782 0.391449 
1534186398233 0.150448 0.91044 -0.38531 -0.597325 -0.957685 0.230948 0.171763 -0.23305 0.245366 0.343164 0.906661 0.391501 
1534186398276 0.150256 0.910371 -0.385548 -0.597234 -0.957721 0.230809 0.171751 -0.233024 0.245346 0.34344 0.906562 0.391548 
1534186398377 0.150121 0.910257 -0.38587 -0.596957 -0.957817 0.230641 0.17144 -0.233108 0.245052 0.343856 0.906484 0.391623 
1534186398397 0.150028 0.910233 -0.385964 -0.596922 -0.95784 0.230561 0.17142 -0.233081 0.24502 0.343974 0.906448 0.391626 
1534186398414 0.149954 0.910181 -0.386114 -0.596884 -0.957857 0.230514 0.171387 -0.23305 0.244998 0.344142 0.90639 0.391631 
1534186398430 0.149899 0.910136 -0.386242 -0.596859 -0.957871 0.230479 0.171353 -0.233035 0.244976 0.344284 0.906342 0.391633 
1534186398531 0.149848 0.910075 -0.386405 -0.596817 -0.957809 0.230563 0.17159 -0.233071 0.24525 0.34439 0.906227 0.391547 
1534186398573 0.14941 0.910295 -0.386055 -0.596788 -0.957778 0.230235 0.172203 -0.233019 0.245639 0.344026 0.90626 0.391487 
1534186398608 0.149203 0.910377 -0.385943 -0.596777 -0.957752 0.230105 0.172521 -0.233018 0.245867 0.343897 0.906247 0.39149 
1534186398657 0.14907 0.910339 -0.386084 -0.596746 -0.957688 0.230129 0.172845 -0.233097 0.246197 0.343982 0.906126 0.39146 
1534186398687 0.148985 0.910315 -0.386174 -0.596691 -0.95763 0.230167 0.173112 -0.233191 0.246471 0.344021 0.906036 0.391444 
1534186398715 0.14879 0.910335 -0.386201 -0.596626 -0.957572 0.230116 0.173499 -0.233222 0.246813 0.344 0.905951 0.391432 
1534186398732 0.148668 0.910355 -0.386202 -0.596594 -0.957558 0.230051 0.173666 -0.233218 0.246944 0.343992 0.905918 0.391429 
1534186398749 0.148501 0.910378 -0.386211 -0.596539 -0.957531 0.229973 0.173915 -0.23322 0.247147 0.343982 0.905867 0.391422 
1534186398766 0.14841 0.910385 -0.386229 -0.596495 -0.957506 0.229948 0.174087 -0.233239 0.247298 0.343981 0.905826 0.391415 
1534186398862 0.148177 0.910461 -0.38614 -0.596402 -0.957459 0.229832 0.174495 -0.233247 0.247619 0.343857 0.905786 0.391296 
1534186398891 0.148274 0.910559 -0.385872 -0.59642 -0.957483 0.229817 0.174389 -0.233234 0.247471 0.343608 0.90592 0.391282 
1534186398917 0.148319 0.910676 -0.385578 -0.596435 -0.957507 0.229758 0.174331 -0.233193 0.247349 0.343337 0.906056 0.391285 
1534186398953 0.1483 0.910813 -0.385263 -0.596427 -0.957539 0.22964 0.174313 -0.233132 0.247239 0.343054 0.906194 0.391271 
1534186398998 0.148574 0.910869 -0.385024 -0.596383 -0.957473 0.229878 0.174361 -0.23321 0.247328 0.342744 0.906286 0.391224 
1534186399037 0.1488 0.910933 -0.384784 -0.596318 -0.957406 0.230084 0.174459 -0.233291 0.247453 0.342435 0.906369 0.391184 
1534186399055 0.148731 0.911029 -0.384586 -0.596269 -0.957413 0.229987 0.174546 -0.233328 0.247466 0.342247 0.906437 0.391133 
1534186399072 0.14864 0.911104 -0.384442 -0.596232 -0.957423 0.229882 0.174631 -0.233352 0.247483 0.342117 0.906481 0.391087 
1534186399087 0.148558 0.911127 -0.384419 -0.59621 -0.957414 0.229833 0.174746 -0.233373 0.247568 0.342088 0.906469 0.391037 
1534186399104 0.148577 0.911127 -0.384413 -0.59619 -0.957376 0.229897 0.174868 -0.233391 0.247702 0.342046 0.906448 0.390993 
1534186399180 0.148465 0.911166 -0.384363 -0.596154 -0.957418 0.229751 0.17483 -0.233352 0.247607 0.34204 0.906476 0.390959 
1534186399199 0.148312 0.91121 -0.384318 -0.596118 -0.957487 0.229539 0.174727 -0.233306 0.247429 0.342066 0.906515 0.391006 
1534186399220 0.148147 0.911257 -0.384269 -0.59606 -0.957558 0.229315 0.174632 -0.233264 0.247254 0.342089 0.906554 0.391056 
1534186399257 0.147941 0.911231 -0.38441 -0.595974 -0.95759 0.229154 0.174672 -0.233222 0.247256 0.342266 0.906487 0.391094 
1534186399292 0.147943 0.911214 -0.384451 -0.595882 -0.957581 0.229175 0.17469 -0.23326 0.247287 0.342299 0.906466 0.391108 
1534186399318 0.148042 0.911217 -0.384404 -0.595792 -0.957555 0.229272 0.174707 -0.233329 0.247329 0.342224 0.906483 0.391108 
1534186399340 0.148055 0.911216 -0.384402 -0.595711 -0.957543 0.229297 0.174741 -0.233393 0.247369 0.34221 0.906477 0.391089 
1534186399357 0.14795 0.911229 -0.384413 -0.595651 -0.957564 0.229197 0.174759 -0.233443 0.247352 0.342244 0.906469 0.391069 
1534186399373 0.147855 0.911276 -0.384338 -0.595577 -0.957593 0.229075 0.174758 -0.233494 0.247295 0.3422 0.906501 0.391048 
1534186399523 0.146778 0.911417 -0.384415 -0.595358 -0.957613 0.228304 0.175653 -0.233366 0.247856 0.342339 0.906295 0.391039 
1534186399566 0.146538 0.911392 -0.384566 -0.595217 -0.957563 0.228233 0.176018 -0.233509 0.248192 0.342453 0.906161 0.391097 
1534186399623 0.14632 0.911429 -0.384561 -0.595032 -0.957503 0.228161 0.176439 -0.233562 0.248553 0.342402 0.906081 0.391111 
1534186399679 0.146012 0.911433 -0.384668 -0.594844 -0.957508 0.227958 0.176673 -0.233683 0.248714 0.342527 0.905989 0.39104 
1534186399734 0.145738 0.911437 -0.384764 -0.594661 -0.957514 0.227775 0.176878 -0.23383 0.248852 0.342639 0.905909 0.390993 
1534186399788 0.145262 0.911516 -0.384757 -0.594508 -0.957542 0.227399 0.177212 -0.233857 0.249025 0.342679 0.905846 0.391004 
1534186399809 0.145025 0.911562 -0.384737 -0.594459 -0.957562 0.2272 0.177357 -0.233839 0.249084 0.342688 0.905827 0.391017 
1534186399828 0.144824 0.911603 -0.384715 -0.594416 -0.957572 0.227039 0.17751 -0.233824 0.249164 0.342685 0.905806 0.391027 
1534186399872 0.144442 0.911652 -0.384744 -0.594254 -0.957529 0.226833 0.178002 -0.233839 0.249548 0.342692 0.905697 0.39102 
1534186399993 0.144374 0.911455 -0.385235 -0.594082 -0.95745 0.226989 0.178226 -0.233952 0.249889 0.343112 0.905444 0.391051 
1534186400029 0.144269 0.911428 -0.385339 -0.593907 -0.957472 0.226904 0.178216 -0.234004 0.249866 0.34324 0.905402 0.39111 
1534186400099 0.144204 0.911257 -0.385766 -0.593742 -0.957429 0.227002 0.178326 -0.234133 0.250071 0.343628 0.905199 0.391072 
1534186400156 0.143869 0.911228 -0.38596 -0.593587 -0.957407 0.226833 0.178659 -0.234134 0.250347 0.343817 0.90505 0.391117 
1534186400220 0.143372 0.911215 -0.386175 -0.593376 -0.957371 0.226571 0.179181 -0.234094 0.250768 0.344024 0.904855 0.391178 
1534186400266 0.143354 0.911097 -0.386459 -0.59324 -0.957287 0.22673 0.179429 -0.234221 0.251099 0.344231 0.904685 0.391196 
1534186400290 0.143372 0.911021 -0.386634 -0.593167 -0.957246 0.226833 0.179518 -0.234308 0.251246 0.344366 0.904592 0.3912 
1534186400306 0.143346 0.91101 -0.386668 -0.593123 -0.957236 0.226836 0.17957 -0.234343 0.2513 0.344392 0.904568 0.39121 
1534186400323 0.143285 0.91101 -0.386691 -0.59308 -0.957232 0.226803 0.179632 -0.234358 0.251349 0.344414 0.904545 0.391222 
1534186400370 0.143071 0.911032 -0.386719 -0.592956 -0.957237 0.22665 0.1798 -0.234354 0.251453 0.344458 0.9045 0.391255 
1534186400429 0.142808 0.911132 -0.386581 -0.592861 -0.957316 0.226327 0.179784 -0.234218 0.2513 0.344405 0.904562 0.391264 
1534186400473 0.142688 0.911213 -0.386434 -0.592779 -0.957438 0.226045 0.179488 -0.234093 0.250903 0.344376 0.904684 0.391259 
1534186400523 0.142609 0.911225 -0.386435 -0.592697 -0.957564 0.225816 0.179104 -0.233996 0.250467 0.344494 0.90476 0.391209 
1534186400569 0.142563 0.911263 -0.386363 -0.592563 -0.957641 0.225663 0.178885 -0.234011 0.250199 0.344495 0.904834 0.391233 
1534186400611 0.142512 0.911313 -0.386262 -0.592411 -0.957685 0.225547 0.178798 -0.234039 0.250061 0.344437 0.904894 0.391304 
1534186400633 0.142497 0.911326 -0.386238 -0.592344 -0.957701 0.225509 0.178756 -0.234058 0.250005 0.344429 0.904912 0.391325 
1534186400649 0.142485 0.911333 -0.386225 -0.592279 -0.957716 0.225478 0.178718 -0.234078 0.249957 0.344429 0.904925 0.391342 
1534186400673 0.142418 0.911352 -0.386205 -0.592206 -0.957746 0.225385 0.178675 -0.234076 0.249881 0.34444 0.904943 0.391362 
1534186400751 0.142304 0.911368 -0.38621 -0.592207 -0.957821 0.225202 0.178502 -0.233954 0.249656 0.344519 0.904974 0.391325 
1534186400830 0.142846 0.911514 -0.385664 -0.592318 -0.957938 0.225318 0.177728 -0.233802 0.248898 0.344054 0.90536 0.391282 
1534186400861 0.143169 0.91156 -0.385436 -0.592315 -0.958 0.225416 0.177267 -0.233796 0.248473 0.343868 0.905547 0.391245 
1534186400911 0.143542 0.911601 -0.3852 -0.592273 -0.958118 0.225471 0.176558 -0.233856 0.247802 0.343723 0.905786 0.391211 
1534186400953 0.143767 0.911655 -0.384989 -0.592211 -0.958215 0.225455 0.176051 -0.233818 0.247295 0.343592 0.905974 0.391178 
1534186400985 0.14397 0.911711 -0.384781 -0.592158 -0.958286 0.22546 0.175658 -0.233772 0.246902 0.343441 0.906139 0.391138 
1534186401003 0.144038 0.911743 -0.384678 -0.59214 -0.958328 0.225429 0.175467 -0.233739 0.246699 0.343374 0.90622 0.391122 
1534186401020 0.144091 0.911767 -0.384603 -0.592127 -0.958373 0.22539 0.175271 -0.233687 0.246492 0.343338 0.906289 0.391094 
1534186401036 0.14408 0.911779 -0.384577 -0.592122 -0.958407 0.22533 0.175163 -0.233651 0.246367 0.343344 0.906321 0.391068 
1534186401052 0.144068 0.911799 -0.384535 -0.592113 -0.958456 0.225245 0.175003 -0.233604 0.246182 0.343348 0.90637 0.391036 
1534186401137 0.144338 0.911795 -0.384443 -0.592134 -0.958454 0.225422 0.174789 -0.233589 0.246033 0.343242 0.90645 0.390953 
1534186401180 0.144099 0.911914 -0.384252 -0.592138 -0.95833 0.225388 0.175511 -0.233592 0.246656 0.342949 0.906392 0.390904 
1534186401245 0.144078 0.912004 -0.384045 -0.592143 -0.958231 0.225472 0.175944 -0.233648 0.247053 0.342654 0.906396 0.390806 
1534186401275 0.144199 0.912058 -0.383871 -0.592134 -0.9582 0.225566 0.175992 -0.233677 0.247103 0.342447 0.90646 0.390787 
1534186401295 0.144278 0.912099 -0.383743 -0.592124 -0.958182 0.225622 0.176016 -0.233692 0.247125 0.3423 0.90651 0.390767 
1534186401315 0.144334 0.912125 -0.383662 -0.592118 -0.958174 0.225658 0.176016 -0.233703 0.247125 0.34221 0.906544 0.390733 
1534186401337 0.144407 0.912186 -0.383488 -0.592099 -0.95818 0.225668 0.175971 -0.233717 0.247059 0.342039 0.906626 0.390686 
1534186401403 0.144493 0.912262 -0.383276 -0.59208 -0.958178 0.22569 0.175951 -0.233737 0.247015 0.341823 0.90672 0.390559 
1534186401439 0.144259 0.912282 -0.383316 -0.592099 -0.958179 0.22553 0.176151 -0.233736 0.247149 0.341874 0.906664 0.390554 
1534186401466 0.144044 0.912313 -0.383322 -0.592116 -0.958125 0.225454 0.176541 -0.233712 0.247482 0.341841 0.906586 0.390574 
1534186401504 0.143873 0.912418 -0.383137 -0.592121 -0.958033 0.225424 0.177078 -0.233682 0.247938 0.341581 0.906559 0.390594 
1534186401545 0.143772 0.912509 -0.382958 -0.592138 -0.957951 0.22543 0.177514 -0.233701 0.248313 0.341334 0.906549 0.390572 
1534186401574 0.143651 0.912592 -0.382805 -0.592143 -0.957921 0.225355 0.17777 -0.233715 0.248499 0.34116 0.906564 0.39051 
1534186401591 0.143572 0.912631 -0.382742 -0.592147 -0.957915 0.225295 0.177878 -0.233725 0.248567 0.341096 0.906569 0.390467 
1534186401608 0.143526 0.912667 -0.382673 -0.59215 -0.957904 0.225264 0.177978 -0.233737 0.248638 0.34102 0.906579 0.390428 
1534186401625 0.143555 0.912693 -0.3826 -0.592152 -0.957873 0.225312 0.178081 -0.233749 0.248738 0.340918 0.90659 0.390397 
1534186401641 0.14359 0.912726 -0.38251 -0.592152 -0.957839 0.225367 0.178198 -0.233761 0.248851 0.340795 0.906604 0.390366 
1534186401658 0.143634 0.912755 -0.382423 -0.592153 -0.957804 0.22543 0.178308 -0.233772 0.248961 0.340676 0.906619 0.390336 
1534186401684 0.143653 0.912791 -0.38233 -0.592151 -0.957795 0.225437 0.178347 -0.233787 0.248985 0.340573 0.906651 0.390302 
1534186401702 0.143622 0.912794 -0.382335 -0.592148 -0.957807 0.225399 0.178327 -0.233781 0.248954 0.340591 0.906653 0.39031 
1534186401718 0.143596 0.912815 -0.382295 -0.592137 -0.957835 0.225334 0.178258 -0.233777 0.24886 0.340579 0.906683 0.390345 
1534186401734 0.143587 0.91282 -0.382285 -0.592128 -0.957876 0.22527 0.178119 -0.233783 0.248708 0.340606 0.906715 0.390382 
1534186401758 0.143519 0.912763 -0.382447 -0.592138 -0.957951 0.22515 0.177868 -0.23379 0.24846 0.340838 0.906696 0.390438 
1534186401774 0.143599 0.912732 -0.382491 -0.592141 -0.957955 0.22521 0.177769 -0.233782 0.248396 0.340882 0.906697 0.390459 
1534186401791 0.143678 0.912735 -0.382454 -0.592141 -0.957941 0.225278 0.17776 -0.23375 0.248406 0.340828 0.906714 0.390459 
1534186401808 0.14371 0.912743 -0.382423 -0.592153 -0.957941 0.225296 0.17774 -0.233705 0.248389 0.340796 0.906731 0.390434 
1534186401824 0.143684 0.912784 -0.382336 -0.592163 -0.957949 0.22525 0.177756 -0.23367 0.248374 0.340717 0.906765 0.390409 
1534186401841 0.143698 0.912875 -0.382113 -0.592153 -0.957951 0.225213 0.177788 -0.233642 0.248355 0.340498 0.906852 0.390394 
1534186401932 0.14388 0.912776 -0.38228 -0.592161 -0.958064 0.225219 0.177169 -0.233681 0.247813 0.340758 0.906903 0.390352 
1534186401947 0.144036 0.912686 -0.382437 -0.592161 -0.958073 0.225348 0.176958 -0.23369 0.247688 0.340915 0.906878 0.390363 
1534186401966 0.14413 0.912603 -0.382599 -0.592149 -0.958124 0.225376 0.176646 -0.233682 0.247436 0.341117 0.906871 0.390373 
1534186402003 0.144173 0.912603 -0.382582 -0.592099 -0.958242 0.225241 0.176179 -0.233651 0.246955 0.341206 0.906968 0.390371 
1534186402023 0.144211 0.91261 -0.382552 -0.592077 -0.958274 0.225217 0.176033 -0.233639 0.246806 0.341204 0.90701 0.390359 
1534186402039 0.144257 0.912599 -0.382561 -0.59207 -0.958292 0.225227 0.175923 -0.233637 0.24671 0.341227 0.907027 0.390342 
1534186402059 0.144367 0.912562 -0.382607 -0.59207 -0.958295 0.22531 0.175802 -0.233641 0.246635 0.34127 0.907031 0.390317 
1534186402073 0.144444 0.912528 -0.382659 -0.592072 -0.958305 0.22536 0.175681 -0.23365 0.24655 0.341328 0.907033 0.3903 
1534186402090 0.144558 0.912485 -0.382719 -0.592075 -0.958324 0.225426 0.175494 -0.233663 0.24641 0.3414 0.907044 0.390291 
1534186402131 0.144719 0.912413 -0.38283 -0.592083 -0.958357 0.225516 0.175198 -0.233678 0.246188 0.341534 0.907054 0.390281 
1534186402174 0.14454 0.912364 -0.383014 -0.592099 -0.958373 0.225403 0.175257 -0.233657 0.24623 0.341739 0.906965 0.39032 
1534186402195 0.144373 0.912313 -0.3832 -0.592118 -0.958384 0.225306 0.175324 -0.233636 0.246287 0.34194 0.906873 0.390345 
1534186402218 0.144202 0.912273 -0.383358 -0.592131 -0.958416 0.22517 0.175322 -0.23362 0.246262 0.342134 0.906807 0.390373 
1534186402255 0.143993 0.912226 -0.383549 -0.592124 -0.958507 0.224932 0.175128 -0.233603 0.246029 0.342417 0.906764 0.390423 
1534186402268 0.143993 0.912226 -0.383549 -0.592124 -0.958507 0.224932 0.175128 -0.233603 0.246029 0.342417 0.906764 0.390423 
1534186402287 0.143888 0.912118 -0.383845 -0.592124 -0.958559 0.224842 0.174959 -0.233613 0.245888 0.342763 0.906671 0.390453 
1534186402302 0.143939 0.91206 -0.383964 -0.592125 -0.958556 0.224905 0.174896 -0.233621 0.245872 0.342877 0.906633 0.390462 
1534186402318 0.144079 0.911972 -0.384121 -0.592124 -0.958523 0.22508 0.174851 -0.233624 0.245917 0.342996 0.906575 0.390479 
1534186402335 0.144172 0.911923 -0.384202 -0.592119 -0.958508 0.225183 0.174802 -0.233625 0.245921 0.343059 0.90655 0.390495 
1534186402352 0.144201 0.91191 -0.384221 -0.592109 -0.958515 0.225197 0.174743 -0.233625 0.245876 0.343083 0.906553 0.390511 
1534186402368 0.144173 0.911919 -0.384211 -0.592099 -0.958522 0.225165 0.174747 -0.233624 0.245866 0.343081 0.906557 0.390521 
1534186402385 0.144149 0.911935 -0.384183 -0.59209 -0.95852 0.225146 0.174783 -0.233624 0.245888 0.343052 0.906562 0.390527 
1534186402408 0.144073 0.911975 -0.384115 -0.59208 -0.958493 0.225116 0.174967 -0.233626 0.246036 0.342963 0.906555 0.390529 
1534186402428 0.143881 0.912012 -0.384099 -0.592084 -0.958469 0.22501 0.175233 -0.233624 0.246241 0.342934 0.906511 0.390511 
1534186402445 0.143793 0.912039 -0.384068 -0.592084 -0.958442 0.224981 0.175423 -0.233621 0.246401 0.342883 0.906487 0.390507 
1534186402462 0.143664 0.912047 -0.384098 -0.59209 -0.958406 0.224946 0.175664 -0.233613 0.246615 0.342885 0.906428 0.390515 
1534186402478 0.143637 0.912044 -0.384115 -0.592091 -0.958378 0.224968 0.175786 -0.233608 0.246738 0.342878 0.906397 0.390535 
1534186402528 0.143556 0.911987 -0.38428 -0.592111 -0.95833 0.22501 0.175996 -0.233608 0.246973 0.343002 0.906286 0.390612 
1534186402546 0.143551 0.911881 -0.384535 -0.592136 -0.958358 0.225016 0.175836 -0.23363 0.246869 0.34328 0.906209 0.390604 
1534186402589 0.143689 0.911695 -0.384922 -0.592131 -0.958413 0.225111 0.17541 -0.233594 0.246571 0.34371 0.906127 0.390584 
1534186402627 0.143733 0.911628 -0.385064 -0.592075 -0.958468 0.225093 0.175133 -0.233525 0.246331 0.3439 0.90612 0.390567 
1534186402657 0.143585 0.911586 -0.385221 -0.592028 -0.958523 0.224942 0.175029 -0.233498 0.246206 0.344111 0.906074 0.390563 
1534186402670 0.143557 0.911556 -0.385301 -0.592019 -0.958526 0.224933 0.175021 -0.233497 0.246208 0.344196 0.906041 0.390571 
1534186402687 0.143557 0.911556 -0.385301 -0.592019 -0.958526 0.224933 0.175021 -0.233497 0.246208 0.344196 0.906041 0.390571 
1534186402704 0.143557 0.911556 -0.385301 -0.592019 -0.958526 0.224933 0.175021 -0.233497 0.246208 0.344196 0.906041 0.390571 
1534186402720 0.143525 0.911395 -0.385693 -0.591996 -0.958501 0.225021 0.175046 -0.233525 0.246325 0.344563 0.90587 0.39063 
1534186402819 0.14367 0.911366 -0.385708 -0.591988 -0.958483 0.225152 0.174977 -0.233552 0.246311 0.344555 0.905877 0.390671 
1534186402833 0.143692 0.911444 -0.385516 -0.592 -0.958509 0.225095 0.174911 -0.233522 0.246199 0.344387 0.905971 0.390661 
1534186402849 0.143724 0.911549 -0.385255 -0.592009 -0.958542 0.22502 0.174823 -0.233488 0.246049 0.344157 0.906099 0.390642 
1534186402866 0.143748 0.911647 -0.385014 -0.592019 -0.958572 0.224949 0.17475 -0.233451 0.245919 0.343944 0.906215 0.390609 
1534186402883 0.143747 0.911697 -0.384897 -0.592038 -0.9586 0.224887 0.174677 -0.233417 0.245811 0.343853 0.906279 0.390562 
1534186402899 0.143753 0.911687 -0.384918 -0.592062 -0.958613 0.224877 0.174619 -0.233401 0.245757 0.343885 0.906282 0.390516 
1534186402919 0.143803 0.911667 -0.384946 -0.592076 -0.958617 0.224911 0.17455 -0.233402 0.24571 0.343915 0.906283 0.390477 
1534186402933 0.14392 0.91164 -0.384966 -0.592085 -0.958607 0.225013 0.174478 -0.23341 0.245683 0.34392 0.906288 0.390446 
1534186402950 0.144041 0.911622 -0.384963 -0.592089 -0.958601 0.225106 0.174389 -0.23342 0.245635 0.343907 0.906307 0.390426 
1534186402966 0.144114 0.911622 -0.384936 -0.592087 -0.958607 0.225143 0.174307 -0.233425 0.245568 0.343883 0.906334 0.390421 
1534186402983 0.144211 0.911656 -0.38482 -0.592072 -0.958632 0.225155 0.174156 -0.233429 0.245414 0.343785 0.906412 0.390425 
1534186403042 0.144226 0.911712 -0.384683 -0.592059 -0.958697 0.225048 0.173934 -0.233449 0.24515 0.343709 0.906513 0.39045 
1534186403062 0.144075 0.911714 -0.384733 -0.592069 -0.958678 0.224978 0.174132 -0.233427 0.245315 0.343747 0.906454 0.390479 
1534186403074 0.143929 0.911726 -0.38476 -0.592072 -0.958664 0.224899 0.174308 -0.233417 0.245453 0.343768 0.906408 0.390506 
1534186403089 0.143681 0.911747 -0.384803 -0.592074 -0.958669 0.224726 0.174507 -0.233412 0.245581 0.343825 0.906352 0.390543 
1534186403106 0.143512 0.911722 -0.384926 -0.592081 -0.958639 0.224671 0.174738 -0.233417 0.245794 0.343928 0.906255 0.390572 
1534186403129 0.14333 0.911681 -0.385091 -0.592083 -0.95858 0.224657 0.175082 -0.23343 0.246132 0.344046 0.906119 0.390601 
1534186403149 0.143263 0.911651 -0.385187 -0.592082 -0.958518 0.224715 0.175348 -0.233437 0.246413 0.344087 0.906027 0.390631 
1534186403167 0.143233 0.911638 -0.385227 -0.592081 -0.958473 0.224763 0.175528 -0.233436 0.246603 0.344089 0.905975 0.390651 
1534186403252 0.143023 0.911727 -0.385096 -0.592058 -0.958525 0.224517 0.17556 -0.233472 0.246523 0.344015 0.906024 0.39066 
1534186403267 0.143046 0.911818 -0.384872 -0.592037 -0.958562 0.22444 0.17546 -0.233506 0.246368 0.343825 0.906139 0.390656 
1534186403283 0.143078 0.91188 -0.384711 -0.592032 -0.958592 0.224388 0.175358 -0.233542 0.24623 0.343692 0.906227 0.39064 
1534186403353 0.143131 0.911961 -0.384499 -0.592112 -0.958621 0.224346 0.175257 -0.233638 0.246088 0.343504 0.906336 0.390536 
1534186403380 0.142892 0.912037 -0.384409 -0.592118 -0.958659 0.224105 0.175356 -0.233624 0.246079 0.34346 0.906356 0.39052 
1534186403415 0.142667 0.912112 -0.384315 -0.592127 -0.958684 0.223893 0.17549 -0.233615 0.246112 0.3434 0.906369 0.390495 
1534186403435 0.142582 0.912158 -0.384238 -0.592127 -0.958689 0.223811 0.175566 -0.233616 0.24614 0.343332 0.906387 0.390485 
1534186403452 0.142522 0.912212 -0.384132 -0.592122 -0.958695 0.22374 0.175623 -0.23362 0.246151 0.343235 0.906421 0.390483 
1534186403469 0.142422 0.912272 -0.384025 -0.592119 -0.958707 0.223632 0.175696 -0.233627 0.246163 0.343145 0.906452 0.39049 
1534186403486 0.14231 0.912332 -0.383925 -0.592117 -0.958725 0.223508 0.175756 -0.233636 0.246158 0.343067 0.906483 0.390504 
1534186403502 0.142208 0.912389 -0.383826 -0.592112 -0.958744 0.22339 0.175803 -0.233645 0.246143 0.342991 0.906516 0.390521 
1534186403519 0.142135 0.912427 -0.383763 -0.592111 -0.958749 0.22332 0.175867 -0.233651 0.246167 0.342936 0.90653 0.390541 
1534186403634 0.142031 0.912225 -0.384282 -0.592169 -0.958601 0.223552 0.176377 -0.233717 0.246803 0.343322 0.906211 0.390592 
1534186403650 0.14187 0.912246 -0.384291 -0.592161 -0.958609 0.223428 0.176489 -0.23375 0.246863 0.343347 0.906185 0.390601 
1534186403675 0.141704 0.912272 -0.384292 -0.59216 -0.958584 0.223344 0.17673 -0.233794 0.247055 0.343333 0.906138 0.390624 
1534186403695 0.141625 0.912285 -0.38429 -0.592165 -0.958552 0.223333 0.176917 -0.233824 0.247223 0.343306 0.906102 0.390646 
1534186403712 0.141616 0.91231 -0.384233 -0.592163 -0.958526 0.223351 0.177035 -0.233847 0.247329 0.343227 0.906103 0.390667 
1534186403729 0.141652 0.912315 -0.38421 -0.592164 -0.958487 0.223427 0.177154 -0.233868 0.247463 0.343166 0.90609 0.390688 
1534186403869 0.14144 0.912222 -0.384507 -0.592133 -0.958632 0.223132 0.176737 -0.233887 0.247019 0.343603 0.906045 0.39071 
1534186403888 0.141658 0.912088 -0.384745 -0.592139 -0.958626 0.223342 0.176507 -0.233877 0.24692 0.343823 0.905989 0.390711 
1534186403910 0.141849 0.911975 -0.384943 -0.592139 -0.958626 0.223516 0.176286 -0.233868 0.246809 0.34401 0.905948 0.390724 
1534186403981 0.141928 0.911926 -0.385029 -0.592106 -0.958687 0.223504 0.175971 -0.233845 0.246528 0.344146 0.905973 0.390779 
1534186404024 0.141901 0.911814 -0.385303 -0.592124 -0.958699 0.22352 0.175882 -0.233818 0.246495 0.344432 0.905873 0.390806 
1534186404077 0.14205 0.911537 -0.385903 -0.592173 -0.958674 0.223777 0.175695 -0.233782 0.246509 0.344998 0.905654 0.390834 
1534186404096 0.142089 0.911512 -0.385949 -0.592168 -0.958688 0.223793 0.175596 -0.233773 0.246431 0.345054 0.905654 0.390859 
1534186404112 0.142066 0.911499 -0.385988 -0.592161 -0.958712 0.223751 0.175519 -0.233763 0.246351 0.345116 0.905652 0.390883 
1534186404129 0.142057 0.911479 -0.386038 -0.592155 -0.958726 0.223734 0.175463 -0.233752 0.246301 0.345179 0.905642 0.390905 
1534186404149 0.142051 0.911429 -0.386159 -0.592156 -0.958733 0.223744 0.175414 -0.233737 0.246278 0.345305 0.9056 0.390929 
1534186404252 0.142285 0.911339 -0.386285 -0.592175 -0.958766 0.223887 0.175049 -0.233805 0.246013 0.34545 0.905617 0.390945 
1534186404266 0.142366 0.911404 -0.386101 -0.59217 -0.958793 0.223871 0.174922 -0.233826 0.245861 0.345288 0.90572 0.390932 
1534186404282 0.142468 0.911514 -0.385806 -0.592178 -0.958844 0.223814 0.174714 -0.233837 0.245603 0.345036 0.905886 0.390894 
1534186404299 0.142502 0.911563 -0.385676 -0.592201 -0.958871 0.223776 0.174614 -0.233824 0.245477 0.344931 0.90596 0.390857 
1534186404316 0.142535 0.911586 -0.385609 -0.592221 -0.958892 0.223758 0.174526 -0.233819 0.245378 0.344881 0.906006 0.390834 
1534186404336 0.142589 0.911609 -0.385536 -0.592234 -0.958917 0.223746 0.174401 -0.233825 0.245248 0.34483 0.906061 0.390822 
1534186404353 0.142628 0.911634 -0.385461 -0.592232 -0.958942 0.223724 0.174292 -0.233828 0.245127 0.344776 0.906114 0.390824 
1534186404369 0.14267 0.911668 -0.385365 -0.592227 -0.958969 0.223698 0.174179 -0.233826 0.244998 0.344703 0.906176 0.390831 
1534186404388 0.142713 0.911718 -0.385233 -0.592227 -0.959 0.223659 0.174056 -0.233808 0.244851 0.344598 0.906256 0.390842 
1534186404402 0.142724 0.911735 -0.385187 -0.592229 -0.959011 0.223642 0.174016 -0.233799 0.244801 0.344562 0.906283 0.390845 
1534186404419 0.142735 0.911789 -0.385055 -0.592239 -0.959054 0.223564 0.173878 -0.233757 0.244625 0.34447 0.906366 0.390849 
1534186404436 0.142697 0.9118 -0.385043 -0.592255 -0.959097 0.223474 0.173756 -0.233734 0.244478 0.344499 0.906394 0.390846 
1534186404464 0.142612 0.911775 -0.385133 -0.592269 -0.959098 0.223431 0.17381 -0.233721 0.244527 0.344593 0.906346 0.390845 
1534186404489 0.142528 0.911705 -0.38533 -0.592265 -0.959024 0.223512 0.17411 -0.233746 0.244863 0.344725 0.906204 0.390832 
1534186404503 0.142437 0.911669 -0.38545 -0.592263 -0.959 0.223506 0.174254 -0.233767 0.245012 0.344827 0.906126 0.390828 
1534186404520 0.142204 0.911598 -0.385702 -0.592257 -0.958965 0.223438 0.174531 -0.233814 0.245283 0.345056 0.905965 0.390813 
1534186404536 0.142034 0.911552 -0.385875 -0.592249 -0.958925 0.223408 0.174792 -0.233848 0.245539 0.345199 0.905841 0.390802 
1534186404553 0.14194 0.911552 -0.385909 -0.59223 -0.958886 0.223402 0.175012 -0.233878 0.245746 0.345201 0.905784 0.39082 
