1535149351855 0.214194 0.919676 -0.329116 -0.472319 -0.94384 0.281643 0.172752 -0.171372 0.251569 0.27363 0.928353 0.474019 
1535149359255 0.214194 0.919676 -0.329116 -0.472319 -0.94384 0.281643 0.172752 -0.171372 0.251569 0.27363 0.928353 0.474019 
1535149359793 0.214194 0.919676 -0.329115 -0.472319 -0.94384 0.281643 0.172753 -0.171372 0.25157 0.273629 0.928353 0.474019 
1535149360283 0.218953 0.920155 -0.324614 -0.488244 -0.942994 0.285011 0.171845 -0.178454 0.250642 0.268483 0.930105 0.464465 
1535149361168 0.218953 0.920155 -0.324614 -0.488244 -0.942994 0.285011 0.171845 -0.178454 0.250642 0.268483 0.930105 0.464465 
1535149361885 0.231499 0.92193 -0.310569 -0.536967 -0.941089 0.293115 0.168628 -0.199861 0.246496 0.253236 0.935474 0.43436 
1535149362549 0.231499 0.92193 -0.310569 -0.536967 -0.941089 0.293115 0.168628 -0.199861 0.246496 0.253236 0.935474 0.43436 
1535149364141 0.251025 0.924484 -0.286907 -0.61839 -0.937985 0.30553 0.163813 -0.235131 0.239102 0.227994 0.943848 0.383592 
1535149364386 0.251025 0.924484 -0.286907 -0.61839 -0.937985 0.30553 0.163813 -0.235131 0.239102 0.227994 0.943848 0.383592 
1535149364593 0.252169 0.924295 -0.286513 -0.619582 -0.93764 0.306588 0.163813 -0.23605 0.239253 0.227338 0.943968 0.383133 
1535149364829 0.252169 0.924295 -0.286513 -0.619582 -0.93764 0.306588 0.163813 -0.23605 0.239253 0.227338 0.943968 0.383133 
1535149364995 0.252169 0.924295 -0.286513 -0.619582 -0.93764 0.306588 0.163813 -0.23605 0.239253 0.227338 0.943968 0.383133 
1535149365177 0.253664 0.924293 -0.285197 -0.624517 -0.937383 0.307645 0.163301 -0.238372 0.238678 0.225915 0.944455 0.380105 
1535149365432 0.253664 0.924293 -0.285197 -0.624517 -0.937383 0.307645 0.163301 -0.238372 0.238678 0.225915 0.944455 0.380105 
1535149365843 0.254973 0.924721 -0.282631 -0.632807 -0.937231 0.308252 0.163032 -0.241602 0.237881 0.223322 0.945273 0.374809 
1535149366310 0.253479 0.923759 -0.287086 -0.632583 -0.937285 0.307943 0.163304 -0.241556 0.23926 0.227687 0.943882 0.375221 
1535149366786 0.251742 0.921763 -0.294922 -0.632016 -0.937149 0.308256 0.163496 -0.241746 0.241616 0.235227 0.94143 0.376267 
1535149367368 0.24975 0.919766 -0.302747 -0.631463 -0.937116 0.308307 0.163587 -0.241875 0.243801 0.242853 0.938927 0.37726 
1535149367854 0.248981 0.919116 -0.305342 -0.631279 -0.937125 0.308233 0.163673 -0.24186 0.244551 0.245393 0.938071 0.37753 
1535149367885 0.248981 0.919116 -0.305342 -0.631279 -0.937125 0.308233 0.163673 -0.24186 0.244551 0.245393 0.938071 0.37753 
1535149368109 0.248993 0.918798 -0.306289 -0.631193 -0.937026 0.308509 0.163717 -0.241957 0.244916 0.246237 0.937755 0.377684 
1535149368405 0.248501 0.919625 -0.304199 -0.631569 -0.937337 0.307489 0.163859 -0.242122 0.244227 0.244417 0.93841 0.377353 
1535149368711 0.24774 0.920369 -0.302565 -0.631912 -0.93764 0.306373 0.164213 -0.242524 0.243835 0.243015 0.938876 0.377166 
1535149369143 0.245459 0.92241 -0.298177 -0.632893 -0.938509 0.303153 0.165225 -0.243289 0.242798 0.239286 0.940102 0.376552 
1535149369172 0.245028 0.922712 -0.297596 -0.633053 -0.938619 0.302642 0.165538 -0.243258 0.242809 0.238768 0.940231 0.376475 
1535149369187 0.245028 0.922712 -0.297596 -0.633053 -0.938619 0.302642 0.165538 -0.243258 0.242809 0.238768 0.940231 0.376475 
1535149369339 0.245028 0.922712 -0.297596 -0.633053 -0.938619 0.302642 0.165538 -0.243258 0.242809 0.238768 0.940231 0.376475 
1535149369370 0.245028 0.922712 -0.297596 -0.633053 -0.938619 0.302642 0.165538 -0.243258 0.242809 0.238768 0.940231 0.376475 
1535149369418 0.245302 0.922963 -0.296592 -0.633097 -0.93867 0.302601 0.165319 -0.243608 0.242332 0.237849 0.940586 0.376352 
1535149369550 0.245302 0.922963 -0.296592 -0.633097 -0.93867 0.302601 0.165319 -0.243608 0.242332 0.237849 0.940586 0.376352 
1535149369584 0.245302 0.922963 -0.296592 -0.633097 -0.93867 0.302601 0.165319 -0.243608 0.242332 0.237849 0.940586 0.376352 
1535149369639 0.245302 0.922963 -0.296592 -0.633097 -0.93867 0.302601 0.165319 -0.243608 0.242332 0.237849 0.940586 0.376352 
1535149369946 0.244606 0.925025 -0.290682 -0.633992 -0.939409 0.300338 0.165248 -0.244373 0.240162 0.232649 0.942442 0.375566 
1535149369962 0.244606 0.925025 -0.290682 -0.633992 -0.939409 0.300338 0.165248 -0.244373 0.240162 0.232649 0.942442 0.375566 
1535149370110 0.243946 0.925963 -0.288241 -0.634338 -0.939814 0.299047 0.165287 -0.244597 0.239247 0.230572 0.943185 0.375227 
1535149370320 0.243946 0.925963 -0.288241 -0.634338 -0.939814 0.299047 0.165287 -0.244597 0.239247 0.230572 0.943185 0.375227 
1535149370505 0.245167 0.92543 -0.288917 -0.634123 -0.939324 0.300498 0.16544 -0.244371 0.239922 0.230826 0.942951 0.375292 
1535149370684 0.247223 0.925173 -0.287984 -0.633947 -0.938549 0.302518 0.166158 -0.244413 0.240846 0.229209 0.94311 0.375161 
1535149370747 0.247233 0.925188 -0.287928 -0.633963 -0.938529 0.302534 0.166242 -0.244375 0.240913 0.229128 0.943113 0.37509 
1535149370768 0.247233 0.925188 -0.287928 -0.633963 -0.938529 0.302534 0.166242 -0.244375 0.240913 0.229128 0.943113 0.37509 
1535149370930 0.247707 0.925254 -0.287308 -0.633909 -0.938423 0.302857 0.166251 -0.244275 0.240837 0.228435 0.9433 0.374974 
1535149371123 0.247707 0.925254 -0.287308 -0.633909 -0.938423 0.302857 0.166251 -0.244275 0.240837 0.228435 0.9433 0.374974 
1535149371152 0.249564 0.924709 -0.287457 -0.633364 -0.938042 0.30455 0.165308 -0.244008 0.240407 0.228392 0.94342 0.375258 
1535149371206 0.249564 0.924709 -0.287457 -0.633364 -0.938042 0.30455 0.165308 -0.244008 0.240407 0.228392 0.94342 0.375258 
1535149371331 0.249564 0.924709 -0.287457 -0.633364 -0.938042 0.30455 0.165308 -0.244008 0.240407 0.228392 0.94342 0.375258 
1535149371502 0.252601 0.924139 -0.286635 -0.63257 -0.937446 0.307097 0.163971 -0.243624 0.239557 0.227285 0.943904 0.375443 
1535149371519 0.252601 0.924139 -0.286635 -0.63257 -0.937446 0.307097 0.163971 -0.243624 0.239557 0.227285 0.943904 0.375443 
1535149371757 0.253341 0.924019 -0.28637 -0.63234 -0.93737 0.307639 0.163389 -0.24354 0.239073 0.227042 0.944085 0.375471 
1535149371991 0.253289 0.924138 -0.28603 -0.631903 -0.937345 0.307566 0.163669 -0.243337 0.239226 0.226654 0.944139 0.375583 
1535149372286 0.252565 0.924516 -0.28545 -0.631008 -0.937515 0.306795 0.164139 -0.242939 0.239324 0.226158 0.944233 0.37586 
1535149372502 0.25263 0.924652 -0.284951 -0.630427 -0.937544 0.306725 0.164105 -0.242642 0.239142 0.225696 0.94439 0.37598 
1535149372534 0.253023 0.924599 -0.284774 -0.630051 -0.937462 0.307046 0.163973 -0.242736 0.239048 0.225476 0.944466 0.376065 
1535149372741 0.25292 0.924656 -0.28468 -0.629985 -0.937504 0.306918 0.163976 -0.24267 0.238995 0.225416 0.944494 0.376081 
1535149372774 0.25292 0.924656 -0.28468 -0.629985 -0.937504 0.306918 0.163976 -0.24267 0.238995 0.225416 0.944494 0.376081 
1535149372923 0.252633 0.924725 -0.28471 -0.629415 -0.937542 0.306686 0.16419 -0.242227 0.239147 0.225448 0.944448 0.37624 
1535149373093 0.252633 0.924725 -0.28471 -0.629415 -0.937542 0.306686 0.16419 -0.242227 0.239147 0.225448 0.944448 0.37624 
1535149373139 0.252633 0.924725 -0.28471 -0.629415 -0.937542 0.306686 0.16419 -0.242227 0.239147 0.225448 0.944448 0.37624 
1535149373276 0.252466 0.924741 -0.284807 -0.628088 -0.937595 0.306536 0.164168 -0.241559 0.239117 0.225587 0.944422 0.376649 
1535149373357 0.252466 0.924741 -0.284807 -0.628088 -0.937595 0.306536 0.164168 -0.241559 0.239117 0.225587 0.944422 0.376649 
1535149373584 0.252493 0.924708 -0.28489 -0.62627 -0.937558 0.306605 0.16425 -0.240764 0.239232 0.225629 0.944383 0.377174 
1535149373938 0.252382 0.924718 -0.284957 -0.625732 -0.937392 0.306695 0.165029 -0.240573 0.24 0.225466 0.944227 0.377342 
1535149374285 0.251885 0.924741 -0.285322 -0.624532 -0.936971 0.306805 0.167201 -0.240178 0.242156 0.225223 0.943735 0.377607 
1535149374786 0.251506 0.924678 -0.285858 -0.622913 -0.936372 0.307189 0.169829 -0.239775 0.24485 0.224956 0.943103 0.377959 
1535149375027 0.251689 0.924593 -0.285972 -0.622675 -0.936193 0.307503 0.170247 -0.23985 0.245346 0.224876 0.942993 0.378067 
1535149375395 0.25193 0.924291 -0.286735 -0.621772 -0.9362 0.307807 0.169657 -0.239151 0.245072 0.225699 0.942868 0.378212 
1535149375569 0.252495 0.92408 -0.28692 -0.621332 -0.936041 0.308387 0.169486 -0.239213 0.245101 0.225774 0.942842 0.378344 
1535149375769 0.252569 0.923957 -0.287249 -0.620705 -0.935945 0.308587 0.169647 -0.238716 0.245388 0.226002 0.942713 0.378606 
1535149375829 0.252569 0.923957 -0.287249 -0.620705 -0.935945 0.308587 0.169647 -0.238716 0.245388 0.226002 0.942713 0.378606 
1535149376102 0.252939 0.923676 -0.287828 -0.619863 -0.935818 0.309071 0.169466 -0.238367 0.245491 0.22649 0.942569 0.37877 
1535149376380 0.253149 0.923588 -0.287924 -0.619727 -0.935744 0.309306 0.16945 -0.23841 0.245559 0.226527 0.942542 0.378828 
1535149376625 0.253035 0.923548 -0.288153 -0.619014 -0.935628 0.309375 0.169964 -0.238008 0.246117 0.226597 0.94238 0.379103 
1535149376834 0.253485 0.923307 -0.288529 -0.61803 -0.935363 0.310005 0.170275 -0.237701 0.246662 0.226717 0.942209 0.379525 
1535149376858 0.253613 0.923263 -0.28856 -0.617915 -0.93531 0.310149 0.170302 -0.237697 0.24673 0.226702 0.942195 0.379558 
1535149376876 0.253608 0.923263 -0.288562 -0.617868 -0.935309 0.310148 0.170312 -0.237677 0.24674 0.226702 0.942192 0.379568 
1535149377111 0.253306 0.923329 -0.288618 -0.617509 -0.935415 0.309847 0.170276 -0.23731 0.246648 0.226845 0.942181 0.379639 
1535149377292 0.253306 0.923329 -0.288618 -0.617509 -0.935415 0.309847 0.170276 -0.23731 0.246648 0.226845 0.942181 0.379639 
1535149377386 0.253526 0.923228 -0.288747 -0.617118 -0.935276 0.310154 0.17048 -0.237148 0.246948 0.226837 0.942105 0.379849 
1535149377561 0.253725 0.923155 -0.288805 -0.616668 -0.93524 0.310337 0.170342 -0.237095 0.246879 0.226882 0.942112 0.37995 
1535149377604 0.253722 0.923111 -0.288949 -0.616483 -0.935257 0.310346 0.170232 -0.236979 0.246817 0.227051 0.942088 0.379981 
1535149377803 0.253809 0.923082 -0.288965 -0.616377 -0.935208 0.310456 0.170304 -0.236883 0.246915 0.227018 0.94207 0.380067 
1535149378078 0.253366 0.922916 -0.289883 -0.615358 -0.934705 0.310774 0.172471 -0.236633 0.249264 0.227256 0.941394 0.380334 
1535149378323 0.253249 0.92287 -0.290131 -0.615003 -0.934559 0.310871 0.173087 -0.236425 0.24993 0.227311 0.941204 0.380492 
1535149378379 0.253607 0.922699 -0.290362 -0.6149 -0.934342 0.311365 0.173369 -0.236586 0.250376 0.22733 0.941081 0.380554 
1535149378682 0.253435 0.922763 -0.290309 -0.614648 -0.934405 0.311176 0.173367 -0.236339 0.250314 0.227329 0.941098 0.380582 
1535149378857 0.253672 0.922811 -0.28995 -0.614114 -0.934548 0.311146 0.17265 -0.236032 0.24954 0.227176 0.94134 0.380721 
1535149378931 0.253672 0.922811 -0.28995 -0.614114 -0.934548 0.311146 0.17265 -0.236032 0.24954 0.227176 0.94134 0.380721 
1535149379027 0.253672 0.922811 -0.28995 -0.614114 -0.934548 0.311146 0.17265 -0.236032 0.24954 0.227176 0.94134 0.380721 
1535149379084 0.253955 0.922745 -0.289911 -0.613276 -0.93454 0.311345 0.172332 -0.235705 0.249281 0.227169 0.94141 0.380957 
1535149379353 0.254259 0.922664 -0.289903 -0.612529 -0.934521 0.311575 0.17202 -0.2355 0.249043 0.227183 0.94147 0.381187 
1535149379643 0.254214 0.922721 -0.289761 -0.612343 -0.934421 0.311609 0.172505 -0.235278 0.249466 0.226905 0.941425 0.381261 
1535149379947 0.254806 0.922684 -0.289359 -0.611239 -0.933983 0.312348 0.173536 -0.235086 0.250499 0.226038 0.941359 0.381483 
1535149380104 0.254782 0.922698 -0.289335 -0.610744 -0.933837 0.312458 0.174122 -0.234728 0.251067 0.225829 0.941258 0.381664 
1535149380131 0.255262 0.922562 -0.289345 -0.610448 -0.933653 0.312965 0.174197 -0.234833 0.251262 0.225682 0.941241 0.381708 
1535149380150 0.255262 0.922562 -0.289345 -0.610448 -0.933653 0.312965 0.174197 -0.234833 0.251262 0.225682 0.941241 0.381708 
1535149380283 0.255262 0.922562 -0.289345 -0.610448 -0.933653 0.312965 0.174197 -0.234833 0.251262 0.225682 0.941241 0.381708 
1535149380300 0.255262 0.922562 -0.289345 -0.610448 -0.933653 0.312965 0.174197 -0.234833 0.251262 0.225682 0.941241 0.381708 
1535149380316 0.255262 0.922562 -0.289345 -0.610448 -0.933653 0.312965 0.174197 -0.234833 0.251262 0.225682 0.941241 0.381708 
1535149380333 0.255262 0.922562 -0.289345 -0.610448 -0.933653 0.312965 0.174197 -0.234833 0.251262 0.225682 0.941241 0.381708 
1535149380405 0.255035 0.92266 -0.289233 -0.610262 -0.933761 0.312686 0.174121 -0.23448 0.251094 0.225667 0.94129 0.381782 
1535149380441 0.255035 0.92266 -0.289233 -0.610262 -0.933761 0.312686 0.174121 -0.23448 0.251094 0.225667 0.94129 0.381782 
1535149380986 0.257092 0.922178 -0.288948 -0.607391 -0.933271 0.314527 0.173432 -0.233271 0.250817 0.225079 0.941504 0.382445 
1535149381257 0.256767 0.922305 -0.288834 -0.607148 -0.933355 0.3142 0.173572 -0.232918 0.250838 0.225017 0.941514 0.382587 
1535149381533 0.256889 0.922237 -0.28894 -0.606465 -0.933289 0.314365 0.173626 -0.232596 0.250957 0.225061 0.941471 0.382804 
1535149381581 0.256889 0.922237 -0.28894 -0.606465 -0.933289 0.314365 0.173626 -0.232596 0.250957 0.225061 0.941471 0.382804 
1535149381661 0.257572 0.922058 -0.288905 -0.605729 -0.932971 0.315126 0.173958 -0.232366 0.251441 0.224733 0.94142 0.383162 
1535149381678 0.257582 0.92205 -0.288921 -0.605611 -0.932958 0.315148 0.173988 -0.232261 0.251478 0.224735 0.94141 0.383214 
1535149381835 0.257693 0.92201 -0.288949 -0.605565 -0.932919 0.315266 0.173982 -0.232258 0.251509 0.224732 0.941402 0.383237 
1535149381867 0.257693 0.92201 -0.288949 -0.605565 -0.932919 0.315266 0.173982 -0.232258 0.251509 0.224732 0.941402 0.383237 
1535149382023 0.257679 0.922316 -0.287986 -0.60503 -0.933196 0.314827 0.173291 -0.231849 0.250494 0.224094 0.941825 0.383253 
1535149382213 0.257679 0.922316 -0.287986 -0.60503 -0.933196 0.314827 0.173291 -0.231849 0.250494 0.224094 0.941825 0.383253 
1535149382375 0.258519 0.922877 -0.285422 -0.603402 -0.933579 0.314599 0.171634 -0.230846 0.248191 0.222093 0.942908 0.383524 
1535149382396 0.258519 0.922877 -0.285422 -0.603402 -0.933579 0.314599 0.171634 -0.230846 0.248191 0.222093 0.942908 0.383524 
1535149382408 0.258519 0.922877 -0.285422 -0.603402 -0.933579 0.314599 0.171634 -0.230846 0.248191 0.222093 0.942908 0.383524 
1535149382613 0.259043 0.922985 -0.284598 -0.602799 -0.933691 0.314715 0.170806 -0.230574 0.247219 0.221481 0.943308 0.38355 
1535149382830 0.258848 0.923099 -0.284406 -0.602528 -0.933602 0.314622 0.171466 -0.230519 0.247761 0.221139 0.943246 0.383605 
1535149383061 0.258609 0.923348 -0.283814 -0.601611 -0.9335 0.314433 0.172363 -0.230163 0.248391 0.220366 0.943261 0.383681 
1535149383090 0.258578 0.923392 -0.283697 -0.601479 -0.933518 0.314373 0.172378 -0.230115 0.248359 0.220264 0.943293 0.383696 
1535149383111 0.258578 0.923392 -0.283697 -0.601479 -0.933518 0.314373 0.172378 -0.230115 0.248359 0.220264 0.943293 0.383696 
1535149383145 0.258612 0.923404 -0.283628 -0.601396 -0.933513 0.314389 0.172377 -0.230107 0.248343 0.220191 0.943314 0.383705 
1535149383324 0.25885 0.923506 -0.283079 -0.601297 -0.933435 0.314524 0.17255 -0.230086 0.248386 0.219571 0.943447 0.383682 
1535149383605 0.259504 0.924008 -0.280832 -0.600939 -0.93329 0.314696 0.173018 -0.229868 0.248247 0.217199 0.944033 0.383549 
1535149383802 0.260029 0.924361 -0.279182 -0.600535 -0.933178 0.31486 0.173329 -0.229733 0.248122 0.215455 0.944465 0.383438 
1535149383883 0.260029 0.924361 -0.279182 -0.600535 -0.933178 0.31486 0.173329 -0.229733 0.248122 0.215455 0.944465 0.383438 
1535149383977 0.26073 0.924584 -0.277784 -0.6001 -0.933018 0.315236 0.173503 -0.229768 0.247986 0.21394 0.944845 0.383281 
1535149384184 0.26085 0.92467 -0.277386 -0.600023 -0.93296 0.315298 0.173705 -0.229691 0.248079 0.213478 0.944925 0.383279 
1535149384242 0.261057 0.924798 -0.276764 -0.600094 -0.932972 0.315318 0.173601 -0.229696 0.247814 0.212893 0.945127 0.383175 
1535149384453 0.261568 0.925237 -0.274806 -0.600089 -0.933131 0.315181 0.172993 -0.229755 0.246673 0.211181 0.945809 0.38309 
1535149384706 0.261568 0.925237 -0.274806 -0.600089 -0.933131 0.315181 0.172993 -0.229755 0.246673 0.211181 0.945809 0.38309 
1535149384748 0.262481 0.92615 -0.270831 -0.600189 -0.933308 0.314944 0.172469 -0.229517 0.245029 0.207499 0.947051 0.382838 
1535149384764 0.262481 0.92615 -0.270831 -0.600189 -0.933308 0.314944 0.172469 -0.229517 0.245029 0.207499 0.947051 0.382838 
1535149384787 0.262481 0.92615 -0.270831 -0.600189 -0.933308 0.314944 0.172469 -0.229517 0.245029 0.207499 0.947051 0.382838 
1535149384802 0.262481 0.92615 -0.270831 -0.600189 -0.933308 0.314944 0.172469 -0.229517 0.245029 0.207499 0.947051 0.382838 
1535149384825 0.262481 0.92615 -0.270831 -0.600189 -0.933308 0.314944 0.172469 -0.229517 0.245029 0.207499 0.947051 0.382838 
1535149384852 0.262481 0.92615 -0.270831 -0.600189 -0.933308 0.314944 0.172469 -0.229517 0.245029 0.207499 0.947051 0.382838 
1535149384868 0.262884 0.926353 -0.269742 -0.600261 -0.933339 0.315006 0.172188 -0.229503 0.244478 0.206496 0.947412 0.382755 
1535149384890 0.262884 0.926353 -0.269742 -0.600261 -0.933339 0.315006 0.172188 -0.229503 0.244478 0.206496 0.947412 0.382755 
1535149389325 0.213461 0.919634 -0.329709 -0.472631 -0.943979 0.281096 0.172887 -0.171312 0.251672 0.274333 0.928118 0.473433 
1535149389342 0.214188 0.919324 -0.330102 -0.472257 -0.943645 0.282036 0.173173 -0.171348 0.252303 0.274408 0.927924 0.47397 
1535149389365 0.214188 0.919324 -0.330102 -0.472257 -0.943645 0.282036 0.173173 -0.171348 0.252303 0.274408 0.927924 0.47397 
1535149389390 0.214188 0.919324 -0.330102 -0.472257 -0.943645 0.282036 0.173173 -0.171348 0.252303 0.274408 0.927925 0.47397 
1535149389409 0.214188 0.919324 -0.330102 -0.472257 -0.943645 0.282036 0.173173 -0.171348 0.252303 0.274408 0.927924 0.47397 
1535149390844 0.214134 0.919336 -0.330104 -0.472244 -0.943657 0.281986 0.173189 -0.171327 0.252304 0.27442 0.927921 0.473969 
1535149391458 0.214128 0.919337 -0.330104 -0.472243 -0.943659 0.28198 0.173191 -0.171325 0.252303 0.27442 0.927921 0.473969 
1535149391784 0.214059 0.919356 -0.330095 -0.472226 -0.943675 0.281913 0.173213 -0.171297 0.252303 0.274425 0.927919 0.473968 
1535149392149 0.214038 0.919362 -0.330093 -0.472221 -0.94368 0.281893 0.17322 -0.171289 0.252303 0.274427 0.927919 0.473968 
1535149392629 0.214027 0.919365 -0.330092 -0.472219 -0.943682 0.281883 0.173223 -0.171285 0.252303 0.274427 0.927919 0.473968 
1535149392831 0.21402 0.919367 -0.330092 -0.472217 -0.943684 0.281876 0.173226 -0.171282 0.252303 0.274428 0.927918 0.473968 
1535149393124 0.214017 0.919367 -0.330092 -0.472216 -0.943684 0.281874 0.173226 -0.171281 0.252303 0.274429 0.927918 0.473968 
1535149393397 0.214015 0.919368 -0.330092 -0.472216 -0.943685 0.281871 0.173227 -0.17128 0.252303 0.27443 0.927918 0.473967 
1535149393611 0.214013 0.919368 -0.330092 -0.472215 -0.943685 0.281869 0.173228 -0.171279 0.252303 0.27443 0.927918 0.473967 
1535149394014 0.214011 0.919368 -0.330092 -0.472215 -0.943686 0.281868 0.173228 -0.171279 0.252303 0.274431 0.927918 0.473967 
1535149394397 0.214009 0.919369 -0.330092 -0.472215 -0.943686 0.281866 0.173229 -0.171278 0.252303 0.27443 0.927918 0.473968 
1535149394747 0.214008 0.919369 -0.330092 -0.472214 -0.943686 0.281865 0.173229 -0.171277 0.252303 0.274431 0.927917 0.473967 
1535149395277 0.214007 0.919369 -0.330092 -0.472214 -0.943687 0.281864 0.17323 -0.171277 0.252303 0.274431 0.927917 0.473967 
1535149395627 0.214005 0.91937 -0.330093 -0.472214 -0.943687 0.281863 0.17323 -0.171276 0.252303 0.274432 0.927917 0.473967 
1535149396169 0.214005 0.91937 -0.330093 -0.472214 -0.943687 0.281862 0.17323 -0.171276 0.252303 0.274432 0.927917 0.473967 
1535149396535 0.214004 0.91937 -0.330093 -0.472213 -0.943687 0.281861 0.17323 -0.171276 0.252303 0.274433 0.927917 0.473967 
1535149396913 0.214003 0.91937 -0.330093 -0.472213 -0.943687 0.281861 0.173231 -0.171276 0.252303 0.274432 0.927917 0.473968 
1535149397430 0.214003 0.91937 -0.330093 -0.472213 -0.943687 0.28186 0.173231 -0.171275 0.252303 0.274433 0.927917 0.473967 
1535149397469 0.214002 0.91937 -0.330093 -0.472213 -0.943687 0.28186 0.173231 -0.171275 0.252303 0.274433 0.927917 0.473967 
1535149398093 0.214002 0.91937 -0.330094 -0.472213 -0.943687 0.28186 0.173231 -0.171275 0.252304 0.274433 0.927917 0.473967 
1535149398122 0.214002 0.91937 -0.330093 -0.472213 -0.943688 0.28186 0.173231 -0.171275 0.252303 0.274433 0.927917 0.473967 
1535149398386 0.214002 0.91937 -0.330094 -0.472213 -0.943688 0.281859 0.173231 -0.171275 0.252303 0.274434 0.927917 0.473967 
1535149398654 0.214002 0.91937 -0.330094 -0.472213 -0.943688 0.281859 0.173231 -0.171275 0.252303 0.274434 0.927917 0.473967 
1535149399016 0.214001 0.91937 -0.330094 -0.472213 -0.943688 0.281859 0.173231 -0.171275 0.252304 0.274434 0.927916 0.473967 
1535149399530 0.214001 0.91937 -0.330094 -0.472213 -0.943688 0.281859 0.173231 -0.171275 0.252304 0.274434 0.927916 0.473967 
1535149400015 0.220362 0.919409 -0.325772 -0.484693 -0.941936 0.287334 0.173772 -0.177103 0.253373 0.268564 0.929342 0.465538 
1535149400836 0.220362 0.919409 -0.325772 -0.484693 -0.941936 0.287334 0.173772 -0.177103 0.253373 0.268564 0.929342 0.465538 
1535149401400 0.231958 0.919779 -0.316546 -0.510296 -0.938779 0.296898 0.174774 -0.18881 0.254735 0.256626 0.932337 0.44795 
