1530612662558 -0.0273735 -0.152404 0.987939 0.392008 -0.995423 0.0946784 -0.0129753 -0.491737 -0.091559 -0.983773 -0.154299 0.443259 
1530612670177 -0.0273737 -0.152405 0.987939 0.392008 -0.995423 0.0946777 -0.0129755 -0.491737 -0.0915583 -0.983773 -0.154299 0.443258 
1530612670415 -0.0261709 -0.152856 0.987902 0.3915 -0.99538 0.095307 -0.0116224 -0.491759 -0.0923774 -0.983642 -0.154644 0.443164 
1530612670748 -0.0237971 -0.153765 0.987821 0.39043 -0.995266 0.0967766 -0.00891215 -0.491781 -0.0942275 -0.983357 -0.15534 0.442895 
1530612670987 -0.0224631 -0.154207 0.987783 0.389971 -0.995214 0.0974389 -0.00742053 -0.491733 -0.0951042 -0.983222 -0.155658 0.442728 
1530612671229 -0.0212877 -0.154759 0.987723 0.389447 -0.995132 0.0983632 -0.00603563 -0.491706 -0.0962215 -0.983043 -0.156099 0.442538 
1530612671483 -0.0199591 -0.155189 0.987683 0.38897 -0.995078 0.0989864 -0.00455534 -0.491693 -0.0970603 -0.982913 -0.156401 0.442403 
1530612671724 -0.0187477 -0.155652 0.987634 0.388484 -0.995007 0.0997567 -0.00316598 -0.491691 -0.0980303 -0.982762 -0.156745 0.442255 
1530612671980 -0.0175004 -0.156177 0.987574 0.387965 -0.99495 0.100355 -0.00176081 -0.491689 -0.0988328 -0.982618 -0.157144 0.442106 
1530612672217 -0.0163871 -0.156633 0.987521 0.387559 -0.994872 0.10114 -0.000467166 -0.491641 -0.0998043 -0.982465 -0.157487 0.441915 
1530612672238 -0.0164574 -0.156654 0.987516 0.387514 -0.994864 0.101221 -0.000522743 -0.49166 -0.0998754 -0.982453 -0.157516 0.441892 
1530612672384 -0.0164265 -0.156695 0.98751 0.387465 -0.994857 0.101284 -0.000477243 -0.491668 -0.0999446 -0.98244 -0.157553 0.441869 
1530612672542 -0.0161734 -0.1568 0.987498 0.387456 -0.994859 0.10127 -0.000213894 -0.491638 -0.09997 -0.982425 -0.157632 0.441858 
1530612672689 -0.0160798 -0.156825 0.987495 0.387375 -0.994855 0.101313 -0.00011001 -0.491667 -0.100029 -0.982416 -0.157647 0.441856 
1530612672838 -0.0159711 -0.156747 0.98751 0.387256 -0.99484 0.10146 1.49572e-05 -0.491714 -0.100195 -0.982414 -0.157558 0.441868 
1530612673046 -0.0155176 -0.156954 0.987484 0.387171 -0.99482 0.101647 0.00052332 -0.491689 -0.100457 -0.982361 -0.157719 0.441846 
1530612673224 -0.0156178 -0.156964 0.987481 0.387095 -0.994811 0.101742 0.000438653 -0.491719 -0.100537 -0.98235 -0.157739 0.441822 
1530612673365 -0.0154347 -0.157042 0.987471 0.38705 -0.994802 0.101824 0.000644227 -0.4917 -0.100649 -0.982329 -0.157797 0.441798 
1530612673501 -0.0152463 -0.157191 0.987451 0.386999 -0.994795 0.101895 0.000860772 -0.491687 -0.100751 -0.982298 -0.157926 0.441771 
1530612673522 -0.0152353 -0.15719 0.987451 0.386991 -0.994793 0.10191 0.00087432 -0.491687 -0.100769 -0.982296 -0.157924 0.44177 
1530612673538 -0.0152346 -0.157184 0.987452 0.386986 -0.994791 0.101928 0.00087719 -0.491689 -0.100787 -0.982295 -0.157918 0.44177 
1530612673555 -0.0152331 -0.157177 0.987453 0.38698 -0.99479 0.101946 0.000880946 -0.49169 -0.100805 -0.982294 -0.157911 0.44177 
1530612673572 -0.0152367 -0.157174 0.987453 0.386976 -0.994787 0.101967 0.000880302 -0.491692 -0.100826 -0.982293 -0.157909 0.44177 
1530612673588 -0.0152428 -0.157175 0.987453 0.386972 -0.994785 0.101989 0.000877813 -0.491694 -0.100847 -0.98229 -0.15791 0.441769 
1530612673730 -0.0152631 -0.157183 0.987452 0.386923 -0.994784 0.101996 0.000859414 -0.491718 -0.100851 -0.982288 -0.15792 0.441765 
1530612673825 -0.015287 -0.157192 0.98745 0.38689 -0.994784 0.102001 0.000837073 -0.491737 -0.100853 -0.982286 -0.157932 0.441762 
1530612673979 -0.0153316 -0.157209 0.987446 0.386845 -0.994783 0.10201 0.000795288 -0.491763 -0.100854 -0.982283 -0.157953 0.441756 
1530612673996 -0.0153287 -0.157212 0.987446 0.386845 -0.994783 0.10201 0.000798489 -0.491762 -0.100855 -0.982282 -0.157955 0.441756 
1530612674194 -0.0160762 -0.157046 0.98746 0.386861 -0.994669 0.103118 0.00020637 -0.491795 -0.101857 -0.982193 -0.157867 0.441719 
1530612674399 -0.0166254 -0.156883 0.987477 0.386938 -0.994548 0.104279 -0.00017734 -0.491711 -0.102946 -0.982096 -0.157762 0.441671 
1530612674584 -0.0170431 -0.156689 0.987501 0.387006 -0.994426 0.105436 -0.000432803 -0.491624 -0.10405 -0.982004 -0.157613 0.441656 
1530612674825 -0.0181744 -0.15614 0.987568 0.387191 -0.994184 0.107685 -0.00127064 -0.49152 -0.106147 -0.981847 -0.157189 0.441675 
1530612675084 -0.0192543 -0.155765 0.987607 0.38741 -0.993933 0.109964 -0.00203423 -0.491368 -0.108284 -0.981654 -0.156937 0.441671 
1530612675269 -0.0197491 -0.1556 0.987623 0.387428 -0.993811 0.111054 -0.00237614 -0.491335 -0.10931 -0.981558 -0.156831 0.441643 
1530612675461 -0.0203825 -0.155407 0.98764 0.387464 -0.993679 0.112223 -0.00284858 -0.491315 -0.110393 -0.981455 -0.156712 0.4416 
1530612675478 -0.0204416 -0.155411 0.987638 0.387469 -0.993666 0.112337 -0.0028894 -0.491313 -0.1105 -0.981442 -0.156723 0.441594 
1530612675682 -0.0207528 -0.15605 0.987531 0.387611 -0.993804 0.111097 -0.00332913 -0.491308 -0.109192 -0.981482 -0.157389 0.441688 
1530612675859 -0.0211967 -0.156578 0.987438 0.387709 -0.993941 0.109847 -0.00391785 -0.491343 -0.107854 -0.981538 -0.157957 0.441903 
1530612676085 -0.0214543 -0.157373 0.987306 0.387968 -0.994089 0.108484 -0.00430971 -0.49128 -0.106429 -0.981562 -0.158771 0.441993 
1530612676309 -0.0215096 -0.158045 0.987198 0.388191 -0.994233 0.107144 -0.00450964 -0.491193 -0.10506 -0.981602 -0.159438 0.442173 
1530612676567 -0.0219993 -0.158776 0.98707 0.3883 -0.994362 0.105918 -0.00512424 -0.491211 -0.103735 -0.981617 -0.160211 0.442293 
1530612676781 -0.0223357 -0.159298 0.986978 0.388488 -0.994477 0.104802 -0.0055904 -0.491233 -0.102547 -0.981652 -0.160759 0.442402 
1530612676974 -0.0226424 -0.160009 0.986856 0.388597 -0.994616 0.103456 -0.00604599 -0.491253 -0.101129 -0.981679 -0.16149 0.442566 
1530612677208 -0.0229437 -0.160764 0.986726 0.38883 -0.994733 0.102295 -0.00646327 -0.491189 -0.099898 -0.981677 -0.162265 0.442634 
1530612677404 -0.0232752 -0.161229 0.986643 0.388906 -0.994856 0.101058 -0.00695497 -0.491242 -0.0985864 -0.981729 -0.162752 0.442762 
1530612677425 -0.0232542 -0.161275 0.986636 0.388944 -0.994861 0.10101 -0.00693696 -0.491225 -0.0985418 -0.981727 -0.162795 0.44277 
1530612677701 -0.0236861 -0.160245 0.986793 0.388978 -0.994904 0.100545 -0.00755331 -0.491255 -0.0980069 -0.981943 -0.16181 0.442691 
1530612677923 -0.0240368 -0.159349 0.98693 0.389055 -0.994949 0.100052 -0.00807782 -0.491273 -0.0974568 -0.982139 -0.160949 0.442633 
1530612678148 -0.0243272 -0.158377 0.987079 0.38917 -0.994997 0.0995421 -0.00855085 -0.49126 -0.0969016 -0.982348 -0.160006 0.442521 
1530612678421 -0.0244666 -0.157323 0.987244 0.38933 -0.995048 0.0989993 -0.00888391 -0.4912 -0.0963389 -0.982572 -0.158966 0.442474 
1530612678661 -0.024843 -0.15636 0.987388 0.389423 -0.995079 0.0986393 -0.00941619 -0.491215 -0.0959229 -0.982762 -0.158041 0.442384 
1530612678871 -0.0250756 -0.155414 0.987531 0.389541 -0.995141 0.097965 -0.00985143 -0.491218 -0.0952125 -0.98298 -0.157115 0.442336 
1530612679126 -0.0253184 -0.154396 0.987685 0.38969 -0.99519 0.0974247 -0.0102812 -0.491211 -0.0946375 -0.983194 -0.15612 0.442238 
1530612679414 -0.0255803 -0.153417 0.98783 0.38977 -0.995231 0.0969518 -0.0107146 -0.491197 -0.0941282 -0.983394 -0.155165 0.442218 
1530612679633 -0.0258153 -0.152477 0.98797 0.389878 -0.995279 0.0964125 -0.0111266 -0.491216 -0.093556 -0.983593 -0.154246 0.442222 
1530612679653 -0.0257916 -0.152476 0.987971 0.389889 -0.99528 0.0964077 -0.0111035 -0.491209 -0.093555 -0.983594 -0.154243 0.44221 
1530612679844 -0.0258404 -0.151938 0.988052 0.389988 -0.995307 0.096109 -0.011251 -0.491199 -0.0932513 -0.983706 -0.153708 0.442181 
1530612680050 -0.0261083 -0.151193 0.988159 0.390044 -0.995326 0.0958691 -0.0116292 -0.491236 -0.0929757 -0.983844 -0.15299 0.4422 
1530612680238 -0.0260488 -0.150681 0.988239 0.390134 -0.995367 0.0954353 -0.0116852 -0.491219 -0.0925521 -0.983965 -0.152469 0.442152 
1530612680443 -0.0260506 -0.149934 0.988353 0.390256 -0.995388 0.0951995 -0.0117943 -0.491191 -0.0923223 -0.984102 -0.151722 0.442128 
1530612680681 -0.0262477 -0.149319 0.988441 0.390332 -0.995392 0.0951273 -0.0120619 -0.491212 -0.0922266 -0.984203 -0.151128 0.442033 
1530612680863 -0.0263444 -0.148909 0.9885 0.390386 -0.995427 0.0947373 -0.0122576 -0.491222 -0.0918225 -0.984302 -0.150724 0.441954 
1530612681055 -0.0264229 -0.148205 0.988604 0.39045 -0.995438 0.0945971 -0.0124243 -0.491199 -0.0916777 -0.984422 -0.150028 0.441935 
1530612681283 -0.0266068 -0.147505 0.988703 0.390486 -0.995446 0.0944754 -0.0126934 -0.491235 -0.0915358 -0.984539 -0.149347 0.441853 
1530612681470 -0.0267389 -0.147122 0.988757 0.390509 -0.995476 0.0941274 -0.0129149 -0.491269 -0.091169 -0.984629 -0.148974 0.441797 
1530612681487 -0.0267694 -0.147048 0.988767 0.390513 -0.995476 0.094131 -0.012952 -0.491274 -0.0911691 -0.98464 -0.148902 0.4418 
1530612681714 -0.0265914 -0.147446 0.988713 0.390583 -0.995458 0.0943543 -0.0127018 -0.491312 -0.0914165 -0.984559 -0.149285 0.441806 
1530612681919 -0.0266078 -0.147653 0.988681 0.390655 -0.995442 0.094518 -0.0126741 -0.491334 -0.0915768 -0.984513 -0.149495 0.441866 
1530612682094 -0.0264051 -0.147824 0.988661 0.390808 -0.995454 0.0944246 -0.0124682 -0.491343 -0.0915108 -0.984496 -0.149645 0.441983 
1530612682276 -0.0264108 -0.148152 0.988612 0.390869 -0.995432 0.0946684 -0.012406 -0.491372 -0.0917523 -0.984423 -0.149976 0.442031 
1530612682547 -0.0264905 -0.148504 0.988557 0.390888 -0.995421 0.094773 -0.0124373 -0.491456 -0.0918415 -0.98436 -0.150335 0.442105 
1530612682738 -0.0264483 -0.148647 0.988537 0.390947 -0.995429 0.0946939 -0.0123935 -0.491525 -0.0917661 -0.984346 -0.150472 0.442214 
1530612682998 -0.0262689 -0.149094 0.988474 0.391081 -0.995413 0.094898 -0.0121396 -0.491497 -0.0919943 -0.984259 -0.150902 0.442258 
1530612683198 -0.0261807 -0.149205 0.98846 0.391171 -0.995411 0.0949268 -0.0120359 -0.491526 -0.0920355 -0.984239 -0.151006 0.442352 
1530612683390 -0.0263441 -0.149527 0.988407 0.391224 -0.995398 0.0950502 -0.0121512 -0.491576 -0.0921313 -0.984178 -0.151343 0.442393 
1530612683407 -0.0263064 -0.149546 0.988405 0.391227 -0.995402 0.0950211 -0.0121159 -0.491575 -0.0921074 -0.984178 -0.151358 0.442397 
1530612683658 -0.0266973 -0.149883 0.988343 0.391279 -0.995384 0.0951578 -0.0124567 -0.491674 -0.0921815 -0.984114 -0.151732 0.442472 
1530612683843 -0.0265676 -0.150236 0.988293 0.391378 -0.995397 0.0950431 -0.0123105 -0.491639 -0.092081 -0.984071 -0.15207 0.442566 
1530612684040 -0.0267655 -0.15059 0.988234 0.391472 -0.995374 0.0952669 -0.0124418 -0.491634 -0.0922723 -0.983995 -0.152443 0.442669 
1530612684235 -0.0268519 -0.150825 0.988196 0.391592 -0.995382 0.0951701 -0.0125217 -0.491669 -0.0921581 -0.983969 -0.152684 0.442842 
1530612684409 -0.0269836 -0.151214 0.988133 0.391664 -0.995379 0.0951876 -0.0126149 -0.491693 -0.0921505 -0.983907 -0.153084 0.442898 
1530612684652 -0.0269904 -0.15167 0.988063 0.391747 -0.995373 0.0952625 -0.012567 -0.491692 -0.0922193 -0.98383 -0.15354 0.442983 
1530612684831 -0.0272266 -0.151924 0.988017 0.391823 -0.995367 0.095298 -0.0127754 -0.491733 -0.0922152 -0.983787 -0.153815 0.443074 
1530612685030 -0.0272235 -0.152205 0.987974 0.391974 -0.995371 0.0952524 -0.012753 -0.4917 -0.0921658 -0.983748 -0.154094 0.443246 
1530612685208 -0.0273288 -0.152599 0.98791 0.392009 -0.995388 0.0950707 -0.0128504 -0.491747 -0.0919603 -0.983705 -0.154493 0.443342 
1530612685224 -0.027325 -0.152622 0.987907 0.392012 -0.99539 0.0950471 -0.0128482 -0.491753 -0.0919367 -0.983704 -0.154515 0.443353 
1530612685472 -0.0277905 -0.152241 0.987953 0.392033 -0.995388 0.0949982 -0.0133606 -0.491811 -0.0918197 -0.983767 -0.154179 0.443409 
1530612685698 -0.0276106 -0.151876 0.988014 0.392239 -0.995386 0.0950362 -0.0132077 -0.491699 -0.0918912 -0.98382 -0.153799 0.443394 
1530612685878 -0.0278315 -0.151765 0.988025 0.392305 -0.995378 0.0950863 -0.013433 -0.491717 -0.091909 -0.983832 -0.15371 0.443399 
1530612686059 -0.0281702 -0.151495 0.988056 0.392365 -0.995374 0.0950848 -0.0137998 -0.491781 -0.0918586 -0.983874 -0.153473 0.443419 
1530612686246 -0.0283002 -0.151158 0.988104 0.39248 -0.995382 0.0949646 -0.0139812 -0.491781 -0.0917216 -0.983938 -0.153147 0.44346 
1530612686455 -0.0284944 -0.150909 0.988137 0.392612 -0.995384 0.0949191 -0.0142073 -0.49178 -0.091649 -0.98398 -0.152917 0.443448 
1530612686613 -0.0287377 -0.150607 0.988176 0.392694 -0.995372 0.0949997 -0.0144682 -0.491792 -0.0916974 -0.984019 -0.15264 0.443464 
1530612686824 -0.0289829 -0.150182 0.988233 0.392848 -0.995369 0.0949872 -0.0147569 -0.491775 -0.0916533 -0.984085 -0.15224 0.44351 
1530612686999 -0.0290074 -0.150015 0.988258 0.392893 -0.995379 0.0948759 -0.0148144 -0.491785 -0.0915395 -0.984121 -0.152074 0.443524 
1530612687016 -0.0290391 -0.149954 0.988266 0.392897 -0.995377 0.0948869 -0.0148504 -0.49179 -0.0915467 -0.984129 -0.152016 0.443531 
1530612687236 -0.0291199 -0.149586 0.98832 0.392973 -0.995386 0.0947773 -0.0149831 -0.491829 -0.091429 -0.984196 -0.151656 0.443582 
1530612687417 -0.0292882 -0.149321 0.988355 0.393059 -0.995377 0.0948418 -0.0151675 -0.491843 -0.0914726 -0.98423 -0.151408 0.443552 
1530612687593 -0.0294425 -0.149083 0.988386 0.393144 -0.995365 0.0949441 -0.0153295 -0.491861 -0.091556 -0.984256 -0.151188 0.443466 
1530612687786 -0.0295817 -0.148756 0.988431 0.393277 -0.995354 0.0950317 -0.0154868 -0.491864 -0.0916286 -0.984297 -0.150876 0.44339 
1530612687986 -0.0298359 -0.148432 0.988472 0.393415 -0.995341 0.0951187 -0.0157599 -0.491866 -0.091683 -0.984338 -0.150578 0.443377 
1530612688180 -0.0297379 -0.148137 0.98852 0.393547 -0.995355 0.0949875 -0.015709 -0.491838 -0.0915699 -0.984395 -0.150273 0.443327 
1530612688383 -0.0298485 -0.14766 0.988588 0.393657 -0.995343 0.0950869 -0.0158499 -0.491858 -0.0916613 -0.984457 -0.14981 0.443378 
1530612688566 -0.0300157 -0.147434 0.988616 0.393749 -0.995365 0.0948169 -0.0160803 -0.49189 -0.0913667 -0.984517 -0.149597 0.443392 
1530612688756 -0.0300947 -0.147167 0.988654 0.393859 -0.995341 0.0950563 -0.0161486 -0.491899 -0.0916012 -0.984533 -0.149342 0.443316 
1530612688772 -0.0301076 -0.147128 0.988659 0.393867 -0.995339 0.0950756 -0.0161622 -0.4919 -0.0916194 -0.984537 -0.149305 0.443317 
1530612688936 -0.030339 -0.147239 0.988636 0.39397 -0.995318 0.0952601 -0.0163568 -0.491931 -0.0917691 -0.984503 -0.14944 0.443324 
1530612689103 -0.0302837 -0.14741 0.988612 0.394206 -0.995315 0.0953002 -0.0162791 -0.49188 -0.0918152 -0.984474 -0.149605 0.443387 
1530612689282 -0.0306035 -0.147518 0.988586 0.394288 -0.995301 0.0953959 -0.0165763 -0.491962 -0.0918617 -0.984448 -0.149744 0.443463 
1530612689442 -0.0307658 -0.147649 0.988561 0.39442 -0.995284 0.0955559 -0.016703 -0.491966 -0.0919967 -0.984413 -0.149893 0.443509 
1530612689617 -0.0309618 -0.147804 0.988532 0.394573 -0.995252 0.0958617 -0.0168392 -0.491964 -0.0922734 -0.98436 -0.15007 0.443553 
1530612689837 -0.031062 -0.147963 0.988505 0.394774 -0.995238 0.0959933 -0.0169049 -0.491938 -0.0923886 -0.984323 -0.15024 0.443612 
1530612690011 -0.0313375 -0.148063 0.988481 0.394835 -0.995236 0.0959741 -0.0171759 -0.492019 -0.0923255 -0.98431 -0.150365 0.443681 
1530612690182 -0.0315467 -0.148275 0.988443 0.394998 -0.995224 0.0960649 -0.0173526 -0.492015 -0.0923817 -0.984269 -0.150597 0.443721 
1530612690341 -0.0317373 -0.14843 0.988414 0.395109 -0.995212 0.0961603 -0.0175152 -0.492023 -0.0924464 -0.984237 -0.150771 0.443752 
1530612690358 -0.0317403 -0.148427 0.988414 0.395115 -0.995211 0.0961644 -0.0175179 -0.492026 -0.0924501 -0.984237 -0.150769 0.443759 
1530612690571 -0.0319349 -0.148584 0.988384 0.395265 -0.995206 0.0961818 -0.0176963 -0.492037 -0.0924352 -0.984211 -0.150943 0.443817 
1530612690740 -0.032199 -0.148724 0.988354 0.3954 -0.995193 0.0962772 -0.0179344 -0.492078 -0.0924888 -0.984181 -0.151109 0.443894 
1530612690961 -0.0323412 -0.149082 0.988296 0.395642 -0.995162 0.0965824 -0.0179966 -0.492003 -0.092769 -0.984097 -0.151485 0.443909 
1530612691174 -0.0327402 -0.149277 0.988253 0.395703 -0.995148 0.096655 -0.0183688 -0.492098 -0.0927776 -0.98406 -0.151717 0.443975 
1530612691402 -0.0326928 -0.149427 0.988232 0.395979 -0.995166 0.0964753 -0.0183345 -0.49205 -0.0926003 -0.984055 -0.151859 0.444084 
1530612691598 -0.0331268 -0.149607 0.98819 0.396019 -0.995136 0.0967108 -0.0187182 -0.492127 -0.0927683 -0.984004 -0.152083 0.444116 
1530612691787 -0.0330752 -0.149749 0.988171 0.3963 -0.99514 0.0966899 -0.0186559 -0.492071 -0.0927525 -0.983985 -0.152219 0.444223 
1530612691995 -0.0335977 -0.150149 0.988092 0.396324 -0.995108 0.096932 -0.0191066 -0.492156 -0.0929089 -0.9839 -0.152671 0.444219 
1530612692168 -0.0336811 -0.150256 0.988073 0.39647 -0.99511 0.0968947 -0.0191862 -0.492164 -0.0928562 -0.983887 -0.152785 0.444296 
1530612692185 -0.0337046 -0.150271 0.98807 0.396482 -0.995107 0.0969149 -0.0192053 -0.492167 -0.0928728 -0.983883 -0.152802 0.444301 
1530612692399 -0.0341947 -0.150299 0.988049 0.396632 -0.995091 0.096982 -0.0196858 -0.492227 -0.0928642 -0.983872 -0.152878 0.444382 
1530612692695 -0.0344306 -0.150318 0.988038 0.397048 -0.995058 0.0972873 -0.0198741 -0.492161 -0.0931361 -0.983839 -0.152925 0.444361 
1530612692923 -0.0352428 -0.150146 0.988035 0.397492 -0.995039 0.0973038 -0.020706 -0.492286 -0.0930307 -0.983864 -0.15283 0.444634 
1530612693122 -0.0358192 -0.150254 0.987998 0.397719 -0.99499 0.0977022 -0.0212142 -0.492331 -0.0933421 -0.983808 -0.153 0.444606 
1530612693330 -0.0359327 -0.150181 0.988005 0.398096 -0.994977 0.0978044 -0.0213196 -0.492259 -0.0934295 -0.983809 -0.152941 0.444689 
1530612693524 -0.0365909 -0.150026 0.988005 0.398266 -0.994952 0.0979174 -0.0219797 -0.492362 -0.0934453 -0.983821 -0.152852 0.444817 
1530612693724 -0.0369001 -0.150072 0.987986 0.398546 -0.994948 0.0978804 -0.0222924 -0.492384 -0.093359 -0.983818 -0.152926 0.444916 
1530612693977 -0.037292 -0.150009 0.987981 0.398819 -0.994928 0.0979987 -0.0226747 -0.492378 -0.0934195 -0.983816 -0.152903 0.445002 
1530612693994 -0.0372769 -0.149979 0.987986 0.398834 -0.99493 0.0979782 -0.0226655 -0.492378 -0.0934018 -0.983822 -0.152871 0.445016 
1530612694175 -0.0376978 -0.150047 0.98796 0.399051 -0.994895 0.0982487 -0.0230408 -0.492408 -0.0936086 -0.983785 -0.152985 0.445085 
1530612694372 -0.0382026 -0.150008 0.987946 0.399243 -0.994854 0.098559 -0.0235046 -0.4925 -0.0938451 -0.98376 -0.153001 0.445127 
1530612694581 -0.0384148 -0.150049 0.987932 0.399644 -0.994843 0.0986169 -0.0237054 -0.492512 -0.0938698 -0.983748 -0.153064 0.445189 
1530612694780 -0.0390321 -0.149962 0.987921 0.399783 -0.9948 0.0989052 -0.0242905 -0.492607 -0.0940678 -0.983732 -0.153043 0.445228 
1530612695015 -0.0391451 -0.149992 0.987912 0.400156 -0.994777 0.0991165 -0.0243686 -0.492589 -0.0942632 -0.983706 -0.153089 0.445266 
1530612695218 -0.0397188 -0.149827 0.987914 0.400364 -0.994734 0.099411 -0.0249163 -0.492649 -0.0944764 -0.983702 -0.152987 0.445377 
1530612695493 -0.0401719 -0.149703 0.987915 0.401038 -0.994695 0.0997018 -0.0253394 -0.492657 -0.0947034 -0.983691 -0.152914 0.445538 
1530612695687 -0.040847 -0.149937 0.987851 0.401092 -0.994636 0.100135 -0.0259289 -0.492757 -0.0950309 -0.983612 -0.153223 0.445462 
1530612695704 -0.0408458 -0.149872 0.987861 0.401113 -0.994636 0.100136 -0.0259339 -0.492762 -0.0950339 -0.983621 -0.153158 0.445482 
1530612695904 -0.0410981 -0.149773 0.987866 0.40133 -0.994643 0.099994 -0.0262198 -0.492774 -0.0948536 -0.983651 -0.15308 0.44552 
1530612696152 -0.0414934 -0.14951 0.987889 0.401617 -0.994639 0.0999098 -0.0266563 -0.492827 -0.0947144 -0.9837 -0.152854 0.445516 
1530612696382 -0.04187 -0.149095 0.987936 0.402187 -0.994697 0.0991867 -0.0271877 -0.492923 -0.0939366 -0.983836 -0.152457 0.445644 
1530612696564 -0.0422179 -0.148839 0.98796 0.402356 -0.994697 0.0990861 -0.0275781 -0.492973 -0.0937883 -0.983885 -0.152233 0.445691 
1530612696738 -0.0423047 -0.148723 0.987974 0.402686 -0.994716 0.0988518 -0.027713 -0.492987 -0.0935414 -0.983926 -0.152119 0.445731 
1530612696955 -0.042586 -0.148534 0.98799 0.402963 -0.99471 0.0988251 -0.0280184 -0.49302 -0.0934765 -0.983957 -0.151957 0.445678 
1530612697141 -0.0427791 -0.148314 0.988015 0.403225 -0.994732 0.0985289 -0.0282795 -0.493009 -0.0931538 -0.98402 -0.151747 0.445795 
1530612697348 -0.0431144 -0.148217 0.988015 0.403444 -0.994737 0.0983738 -0.0286501 -0.493062 -0.0929483 -0.98405 -0.151679 0.445751 
1530612697627 -0.0426795 -0.148278 0.988024 0.403217 -0.994726 0.0986286 -0.0281673 -0.492966 -0.0932709 -0.984015 -0.151705 0.445821 
1530612697854 -0.043135 -0.148316 0.987999 0.403593 -0.994709 0.098665 -0.0286166 -0.493019 -0.0932366 -0.984006 -0.151788 0.445962 
1530612698060 -0.0438192 -0.148566 0.987931 0.403764 -0.994659 0.0989919 -0.0292311 -0.493137 -0.0934544 -0.983935 -0.15211 0.445993 
1530612698298 -0.0441675 -0.148821 0.987877 0.404113 -0.994614 0.0993565 -0.0295009 -0.493139 -0.0937617 -0.98386 -0.152407 0.446018 
1530612698521 -0.0445998 -0.148835 0.987856 0.404451 -0.994583 0.0995519 -0.0299046 -0.49318 -0.0938921 -0.983838 -0.152468 0.446121 
1530612698726 -0.045094 -0.14898 0.987811 0.404745 -0.994521 0.100048 -0.0303112 -0.49321 -0.0943125 -0.983766 -0.152675 0.446164 
1530612698951 -0.0455217 -0.149125 0.98777 0.405058 -0.994476 0.100386 -0.0306754 -0.49325 -0.0945834 -0.98371 -0.152871 0.446212 
1530612699146 -0.0460587 -0.149267 0.987724 0.405339 -0.994444 0.100542 -0.0311778 -0.49332 -0.0946542 -0.983672 -0.153069 0.446287 
1530612699355 -0.0462713 -0.14949 0.98768 0.4057 -0.99442 0.100731 -0.0313409 -0.493307 -0.0948048 -0.983619 -0.153317 0.446348 
1530612699574 -0.0468373 -0.149476 0.987655 0.405925 -0.99435 0.101265 -0.031829 -0.49332 -0.095257 -0.983566 -0.153374 0.446392 
1530612699592 -0.0468377 -0.149457 0.987658 0.405951 -0.994349 0.101273 -0.0318299 -0.493314 -0.095266 -0.983568 -0.153356 0.446404 
1530612699823 -0.0475159 -0.149301 0.987649 0.406154 -0.994272 0.10184 -0.0324396 -0.493396 -0.0957389 -0.983533 -0.153285 0.446399 
1530612700109 -0.0476029 -0.148965 0.987696 0.406615 -0.994249 0.102036 -0.0325296 -0.49335 -0.0959348 -0.983564 -0.152966 0.44655 
1530612700316 -0.0482482 -0.149032 0.987655 0.406779 -0.994201 0.102305 -0.0331306 -0.493451 -0.0961045 -0.983526 -0.153104 0.446506 
1530612700531 -0.0485794 -0.148932 0.987653 0.407145 -0.994137 0.102846 -0.0333899 -0.493443 -0.0966031 -0.983485 -0.153055 0.446509 
1530612700750 -0.049057 -0.148625 0.987676 0.407418 -0.994082 0.103228 -0.0338414 -0.493488 -0.0969266 -0.983491 -0.15281 0.446523 
1530612700942 -0.0494675 -0.148585 0.987662 0.407726 -0.994033 0.103576 -0.0342045 -0.493517 -0.0972161 -0.98346 -0.152822 0.446535 
1530612701142 -0.049852 -0.148446 0.987663 0.408081 -0.993972 0.104055 -0.034531 -0.493501 -0.0976448 -0.983431 -0.152739 0.446572 
1530612701347 -0.050308 -0.148174 0.987681 0.408305 -0.993915 0.104455 -0.0349549 -0.493567 -0.0979892 -0.983429 -0.152527 0.446627 
1530612701543 -0.0505106 -0.148072 0.987686 0.408653 -0.993889 0.10464 -0.0351403 -0.493538 -0.098148 -0.983425 -0.152453 0.446669 
1530612701560 -0.0505825 -0.148074 0.987682 0.408663 -0.993879 0.104716 -0.0352008 -0.49354 -0.0982138 -0.983417 -0.152464 0.446661 
1530612701807 -0.0511265 -0.147607 0.987724 0.408928 -0.993831 0.104989 -0.035753 -0.493591 -0.0984224 -0.983458 -0.152064 0.446676 
1530612702022 -0.0515529 -0.147246 0.987756 0.40917 -0.993788 0.10525 -0.036178 -0.493643 -0.0986341 -0.983484 -0.151757 0.446609 
1530612702249 -0.051877 -0.146784 0.987807 0.409579 -0.993749 0.105501 -0.0365119 -0.493604 -0.0988556 -0.983526 -0.15134 0.446642 
1530612702470 -0.0525258 -0.146402 0.98783 0.409791 -0.993698 0.105755 -0.0371644 -0.493736 -0.0990266 -0.983556 -0.151034 0.446623 
1530612702696 -0.0528828 -0.14612 0.987852 0.410145 -0.993639 0.106189 -0.0374854 -0.493709 -0.0994215 -0.983551 -0.150807 0.446493 
1530612702914 -0.0532761 -0.145553 0.987915 0.41043 -0.993602 0.106384 -0.0379088 -0.493734 -0.0995809 -0.983614 -0.150289 0.446576 
1530612703159 -0.053647 -0.145213 0.987945 0.410821 -0.99355 0.10674 -0.0382621 -0.493698 -0.0998976 -0.983626 -0.150003 0.446551 
1530612703364 -0.0542457 -0.144921 0.987955 0.410993 -0.993499 0.107003 -0.038854 -0.493819 -0.100084 -0.98364 -0.149784 0.446497 
1530612703594 -0.0546285 -0.144404 0.98801 0.411276 -0.99345 0.107313 -0.0392449 -0.493796 -0.100359 -0.983683 -0.149321 0.44652 
1530612703611 -0.0546163 -0.144408 0.98801 0.411293 -0.993454 0.107285 -0.0392364 -0.493797 -0.100332 -0.983685 -0.149322 0.446528 
1530612703836 -0.0551567 -0.144127 0.988021 0.411519 -0.993397 0.107621 -0.0397577 -0.493881 -0.100601 -0.98369 -0.149111 0.446519 
1530612704058 -0.0555448 -0.143955 0.988024 0.411904 -0.993342 0.108 -0.0401083 -0.493855 -0.100933 -0.983673 -0.148995 0.446527 
1530612704262 -0.0558791 -0.143778 0.988031 0.412175 -0.993297 0.108289 -0.0404187 -0.493893 -0.101181 -0.983667 -0.148866 0.446445 
1530612704459 -0.0561053 -0.143587 0.988046 0.412568 -0.993251 0.108647 -0.0406119 -0.493869 -0.101516 -0.983656 -0.148713 0.446453 
1530612704671 -0.0567744 -0.143476 0.988024 0.412827 -0.99318 0.109058 -0.0412339 -0.493965 -0.101835 -0.983626 -0.14869 0.446311 
1530612704878 -0.0569414 -0.143076 0.988072 0.413222 -0.993154 0.109226 -0.041418 -0.493911 -0.101997 -0.983666 -0.148316 0.446422 
1530612705064 -0.0574813 -0.143032 0.988047 0.413424 -0.993097 0.109547 -0.0419168 -0.494017 -0.102242 -0.983637 -0.148342 0.446346 
1530612705258 -0.0578479 -0.142833 0.988055 0.413765 -0.993049 0.109852 -0.0422601 -0.494008 -0.102504 -0.983632 -0.148195 0.446325 
1530612705460 -0.0581637 -0.14263 0.988066 0.414043 -0.992991 0.110274 -0.0425352 -0.494005 -0.102892 -0.983614 -0.148044 0.446244 
1530612705477 -0.0581694 -0.142594 0.98807 0.414066 -0.99299 0.110272 -0.0425451 -0.494006 -0.10289 -0.983619 -0.148009 0.446256 
1530612705751 -0.0585146 -0.142765 0.988025 0.414373 -0.992966 0.110369 -0.0428594 -0.494037 -0.102928 -0.983584 -0.148219 0.446337 
1530612705967 -0.0589621 -0.142918 0.987977 0.414682 -0.992903 0.110789 -0.0432297 -0.494029 -0.103279 -0.983514 -0.148436 0.446288 
1530612706178 -0.0593925 -0.142996 0.98794 0.41494 -0.992867 0.110959 -0.0436283 -0.494118 -0.103383 -0.983484 -0.148566 0.446281 
1530612706423 -0.0597418 -0.1432 0.987889 0.415322 -0.992849 0.110986 -0.0439538 -0.494113 -0.103348 -0.983451 -0.148806 0.446358 
1530612706679 -0.0600545 -0.143176 0.987874 0.415668 -0.992827 0.111065 -0.0442586 -0.494124 -0.103381 -0.983446 -0.148819 0.446483 
1530612706950 -0.0604684 -0.143355 0.987822 0.416 -0.992747 0.111654 -0.0445663 -0.494126 -0.103906 -0.983353 -0.149067 0.446356 
1530612707207 -0.0611318 -0.143511 0.987759 0.416627 -0.992712 0.111711 -0.045208 -0.494153 -0.103855 -0.983324 -0.149294 0.446573 
1530612707460 -0.0615112 -0.143687 0.98771 0.416861 -0.992683 0.111825 -0.0455533 -0.494182 -0.103905 -0.983285 -0.149514 0.446588 
1530612707485 -0.0614806 -0.14369 0.987711 0.416895 -0.992687 0.111808 -0.0455247 -0.494165 -0.103892 -0.983286 -0.149513 0.446595 
1530612707710 -0.0621136 -0.143307 0.987727 0.417067 -0.992618 0.112156 -0.0461487 -0.494256 -0.104166 -0.983303 -0.149216 0.446528 
1530612707908 -0.0621785 -0.142894 0.987783 0.417458 -0.992598 0.112299 -0.0462363 -0.494182 -0.10432 -0.983346 -0.148819 0.446527 
1530612708115 -0.0627787 -0.142426 0.987813 0.417698 -0.992543 0.112527 -0.0468547 -0.494288 -0.104483 -0.983388 -0.148428 0.44651 
1530612708311 -0.0631234 -0.142228 0.987819 0.418028 -0.992487 0.11289 -0.0471675 -0.494278 -0.104806 -0.983375 -0.148286 0.446351 
1530612708542 -0.0633211 -0.141632 0.987892 0.41842 -0.992458 0.11305 -0.0474061 -0.494233 -0.104967 -0.983443 -0.147722 0.44641 
1530612708775 -0.0637162 -0.141267 0.987919 0.418736 -0.992414 0.113267 -0.0478095 -0.494251 -0.105145 -0.983471 -0.147412 0.44637 
1530612708995 -0.0639252 -0.140872 0.987962 0.419128 -0.992378 0.113484 -0.0480295 -0.494209 -0.105352 -0.983502 -0.147052 0.446335 
1530612709206 -0.0646336 -0.140665 0.987945 0.419252 -0.992301 0.113867 -0.048706 -0.494329 -0.105643 -0.983487 -0.146942 0.446192 
1530612709448 -0.064686 -0.140126 0.988018 0.41963 -0.992271 0.1141 -0.0487822 -0.494216 -0.105897 -0.983537 -0.146424 0.446229 
1530612709468 -0.0646802 -0.140141 0.988017 0.419643 -0.992272 0.11409 -0.0487763 -0.494214 -0.105887 -0.983537 -0.146437 0.446225 
1530612709684 -0.0649245 -0.139762 0.988054 0.419937 -0.992264 0.114041 -0.0490698 -0.494202 -0.10582 -0.983596 -0.146085 0.446164 
1530612709900 -0.0654458 -0.139379 0.988074 0.420146 -0.992247 0.11393 -0.0496511 -0.494304 -0.105651 -0.983663 -0.145754 0.446163 
1530612710197 -0.0655486 -0.139172 0.988096 0.420534 -0.992255 0.113796 -0.0497966 -0.494246 -0.105511 -0.983708 -0.145553 0.445981 
1530612710423 -0.0658392 -0.138659 0.988149 0.42079 -0.99227 0.113492 -0.0501884 -0.494317 -0.105188 -0.983816 -0.145059 0.446068 
1530612710652 -0.0659993 -0.138349 0.988182 0.421115 -0.992271 0.113399 -0.0503962 -0.494309 -0.105086 -0.98387 -0.144764 0.445974 
1530612710882 -0.066545 -0.138078 0.988183 0.42134 -0.992256 0.113263 -0.0509931 -0.4944 -0.104884 -0.983924 -0.144545 0.44592 
1530612711098 -0.0667501 -0.137835 0.988203 0.421682 -0.99223 0.113389 -0.0512066 -0.494344 -0.104993 -0.983943 -0.144333 0.445778 
1530612711310 -0.0669953 -0.137391 0.988249 0.421914 -0.992243 0.113122 -0.0515393 -0.494395 -0.104712 -0.984036 -0.143904 0.445814 
1530612711573 -0.0670555 -0.136985 0.988301 0.422282 -0.992264 0.112876 -0.0516791 -0.49433 -0.104476 -0.984121 -0.143495 0.445818 
1530612711590 -0.0670426 -0.136992 0.988301 0.422296 -0.992266 0.11287 -0.0516662 -0.494324 -0.104472 -0.984121 -0.1435 0.445816 
1530612711779 -0.0673983 -0.136781 0.988306 0.422501 -0.99224 0.112923 -0.0520381 -0.494389 -0.104484 -0.984144 -0.14333 0.445806 
1530612711998 -0.0676414 -0.136638 0.988309 0.422896 -0.992228 0.112906 -0.0522998 -0.494351 -0.10444 -0.984166 -0.143213 0.445804 
1530612712194 -0.0680011 -0.136629 0.988286 0.423049 -0.992202 0.112968 -0.0526529 -0.494432 -0.104451 -0.98416 -0.143246 0.445717 
1530612712478 -0.0682725 -0.136579 0.988274 0.423467 -0.992168 0.113158 -0.0529031 -0.494395 -0.104606 -0.984145 -0.143235 0.445555 
1530612712693 -0.0685359 -0.136383 0.988283 0.423722 -0.992179 0.112908 -0.0532248 -0.494442 -0.104326 -0.984201 -0.143055 0.445649 
1530612712887 -0.0687568 -0.136317 0.988276 0.423977 -0.992167 0.112903 -0.0534543 -0.49446 -0.104293 -0.984211 -0.143012 0.44556 
1530612713074 -0.0690504 -0.136169 0.988276 0.424266 -0.992159 0.11282 -0.0537769 -0.494496 -0.104175 -0.984241 -0.142892 0.445535 
1530612713281 -0.0695307 -0.13607 0.988256 0.424531 -0.992122 0.112915 -0.0542558 -0.494525 -0.104206 -0.984243 -0.142849 0.445489 
1530612713471 -0.0696237 -0.135985 0.988261 0.424822 -0.992131 0.112776 -0.0543783 -0.494493 -0.104058 -0.984271 -0.142767 0.445512 
1530612713488 -0.0695914 -0.135924 0.988272 0.424848 -0.992134 0.112766 -0.0543537 -0.494483 -0.104056 -0.984281 -0.142703 0.445523 
1530612713748 -0.0697271 -0.136101 0.988238 0.425193 -0.992125 0.11279 -0.0544677 -0.494483 -0.10405 -0.984253 -0.142894 0.445528 
1530612713938 -0.0701945 -0.136143 0.988199 0.425324 -0.992096 0.112822 -0.054928 -0.494603 -0.104013 -0.984244 -0.142986 0.445553 
1530612714178 -0.0704272 -0.136505 0.988133 0.425661 -0.992103 0.11265 -0.0551482 -0.494612 -0.103785 -0.984214 -0.14336 0.445471 
1530612714402 -0.0708632 -0.1366 0.988088 0.426255 -0.992081 0.112636 -0.0555779 -0.494662 -0.103703 -0.984202 -0.1435 0.445564 
1530612714642 -0.0710493 -0.136645 0.988069 0.42661 -0.992068 0.112659 -0.0557567 -0.49466 -0.103696 -0.984193 -0.143565 0.445584 
1530612714856 -0.0713509 -0.136991 0.987999 0.426816 -0.992045 0.11274 -0.0560111 -0.494722 -0.103714 -0.984136 -0.143945 0.44542 
1530612715077 -0.07155 -0.136952 0.98799 0.42718 -0.992064 0.112443 -0.0562586 -0.494705 -0.103387 -0.984175 -0.143911 0.445592 
1530612715283 -0.0720303 -0.137204 0.98792 0.427298 -0.992021 0.11261 -0.0566899 -0.494792 -0.103471 -0.984121 -0.14422 0.445476 
1530612715300 -0.0719755 -0.137177 0.987928 0.427327 -0.992026 0.112586 -0.0566412 -0.494786 -0.103457 -0.984127 -0.144186 0.445488 
1530612715488 -0.0724168 -0.137154 0.987899 0.427502 -0.99199 0.112688 -0.0570716 -0.494846 -0.103497 -0.984119 -0.144216 0.445446 
1530612715693 -0.0726877 -0.137121 0.987884 0.42785 -0.991952 0.112895 -0.057317 -0.494835 -0.103667 -0.9841 -0.144223 0.445376 
1530612715886 -0.072806 -0.136997 0.987892 0.428176 -0.991951 0.112831 -0.0574581 -0.49482 -0.103594 -0.984124 -0.144109 0.445472 
1530612716078 -0.0732728 -0.13695 0.987864 0.42839 -0.99189 0.113157 -0.0578841 -0.494893 -0.103856 -0.984094 -0.144131 0.445414 
1530612716278 -0.0734166 -0.136849 0.987868 0.428764 -0.99188 0.113161 -0.0580388 -0.494841 -0.103845 -0.984107 -0.144045 0.445399 
1530612716471 -0.0738467 -0.136811 0.987841 0.428995 -0.991842 0.11328 -0.058457 -0.494918 -0.103905 -0.984099 -0.144061 0.445393 
1530612716686 -0.0740507 -0.136723 0.987838 0.429388 -0.991824 0.113329 -0.0586641 -0.494867 -0.10393 -0.984105 -0.143997 0.445419 
1530612716889 -0.0743305 -0.136626 0.98783 0.429618 -0.991797 0.113422 -0.0589416 -0.494896 -0.103989 -0.984108 -0.143936 0.445405 
1530612717083 -0.0746793 -0.136525 0.987818 0.429824 -0.991751 0.113651 -0.0592691 -0.494907 -0.104175 -0.984096 -0.143886 0.445368 
1530612717100 -0.0746863 -0.136489 0.987822 0.429848 -0.991752 0.113641 -0.0592814 -0.494911 -0.104166 -0.984102 -0.14385 0.445382 
1530612717302 -0.0751218 -0.136345 0.987809 0.430008 -0.991657 0.114279 -0.0596407 -0.494981 -0.104755 -0.984048 -0.143792 0.445352 
1530612717507 -0.0753219 -0.136282 0.987802 0.430341 -0.99156 0.115068 -0.059733 -0.494978 -0.105524 -0.983965 -0.143799 0.44523 
1530612717711 -0.075514 -0.135988 0.987828 0.430677 -0.991489 0.115601 -0.0598798 -0.494973 -0.106051 -0.983943 -0.14356 0.445328 
1530612717899 -0.0758188 -0.135908 0.987816 0.430939 -0.9914 0.116251 -0.0600996 -0.495005 -0.106666 -0.983877 -0.143553 0.445253 
1530612718105 -0.0762047 -0.135832 0.987797 0.43123 -0.991276 0.11717 -0.0603611 -0.495038 -0.107541 -0.983779 -0.143575 0.445116 
1530612718312 -0.0763517 -0.135485 0.987833 0.431535 -0.991205 0.117717 -0.060467 -0.495025 -0.108092 -0.983761 -0.143281 0.445206 
1530612718535 -0.0768165 -0.135269 0.987827 0.431783 -0.991106 0.118341 -0.0608664 -0.495118 -0.108667 -0.983716 -0.143157 0.445205 
1530612718740 -0.0770301 -0.135217 0.987817 0.432048 -0.991007 0.119113 -0.060974 -0.495093 -0.109418 -0.98363 -0.143176 0.445084 
1530612719072 -0.0772053 -0.134836 0.987856 0.432385 -0.990927 0.119706 -0.0611063 -0.495047 -0.110013 -0.983611 -0.142854 0.445168 
1530612719093 -0.0772046 -0.134838 0.987855 0.432385 -0.990926 0.119712 -0.0611044 -0.495045 -0.110019 -0.98361 -0.142857 0.445165 
1530612719301 -0.0773402 -0.135011 0.987821 0.432637 -0.990967 0.119288 -0.0612827 -0.495095 -0.109561 -0.983637 -0.143017 0.445243 
1530612719504 -0.077452 -0.135335 0.987768 0.432904 -0.99099 0.119036 -0.0613954 -0.495108 -0.109271 -0.983623 -0.143335 0.445193 
1530612719699 -0.0776967 -0.135633 0.987708 0.433168 -0.991018 0.118663 -0.0616622 -0.495164 -0.108841 -0.983627 -0.143635 0.445213 
1530612719891 -0.0776408 -0.135947 0.987669 0.433491 -0.991055 0.11838 -0.0616126 -0.495181 -0.108544 -0.983618 -0.143922 0.445129 
1530612720100 -0.0778831 -0.136159 0.987621 0.433758 -0.991094 0.117903 -0.0619024 -0.495219 -0.108014 -0.983646 -0.144129 0.445245 
1530612720382 -0.077879 -0.136451 0.987581 0.434112 -0.991141 0.117493 -0.061926 -0.495224 -0.107584 -0.983655 -0.144393 0.44524 
1530612720595 -0.0781485 -0.136643 0.987533 0.434276 -0.991165 0.117129 -0.062229 -0.495333 -0.107166 -0.983671 -0.144589 0.445273 
1530612720949 -0.0782796 -0.137029 0.987469 0.434556 -0.991195 0.116801 -0.0623667 -0.495345 -0.106792 -0.983657 -0.144965 0.445202 
1530612721234 -0.0782727 -0.137284 0.987434 0.43484 -0.991273 0.116107 -0.0624345 -0.495311 -0.106076 -0.983703 -0.145174 0.445269 
1530612721432 -0.0781406 -0.137083 0.987473 0.434581 -0.991204 0.116804 -0.0622209 -0.495322 -0.106811 -0.983649 -0.145004 0.445143 
1530612721706 -0.0784852 -0.137581 0.987376 0.435214 -0.99126 0.116119 -0.0626139 -0.495343 -0.106039 -0.98366 -0.145492 0.445274 
1530612721955 -0.0787748 -0.137818 0.98732 0.435459 -0.991279 0.115782 -0.062929 -0.495413 -0.105641 -0.983667 -0.145737 0.445307 
1530612722155 -0.0791537 -0.138149 0.987243 0.435631 -0.991269 0.115669 -0.0632905 -0.495484 -0.10545 -0.983634 -0.146098 0.445228 
1530612722416 -0.0792254 -0.138255 0.987223 0.436007 -0.99132 0.115155 -0.0634274 -0.495494 -0.104915 -0.983679 -0.146178 0.445365 
1530612722619 -0.0795242 -0.138648 0.987144 0.43622 -0.991314 0.115058 -0.0636998 -0.495532 -0.104747 -0.983635 -0.146594 0.44525 
1530612722860 -0.0796729 -0.138852 0.987103 0.436537 -0.991352 0.114625 -0.063892 -0.495514 -0.104275 -0.983657 -0.146783 0.445354 
1530612723064 -0.0796447 -0.139031 0.98708 0.436863 -0.991394 0.114258 -0.0638994 -0.495492 -0.103898 -0.983674 -0.146935 0.445395 
1530612723297 -0.0799978 -0.139232 0.987023 0.437042 -0.991418 0.113821 -0.0642981 -0.495564 -0.103392 -0.983697 -0.147143 0.445442 
1530612723321 -0.0799583 -0.139221 0.987028 0.437075 -0.991428 0.113758 -0.064269 -0.495556 -0.103335 -0.983705 -0.147124 0.445458 
1530612723518 -0.0800827 -0.139358 0.986999 0.437299 -0.991419 0.113771 -0.0643776 -0.495562 -0.103321 -0.983685 -0.147273 0.445444 
1530612723707 -0.0805158 -0.139425 0.986954 0.437456 -0.991383 0.113846 -0.0647944 -0.495683 -0.103327 -0.983666 -0.14739 0.445402 
1530612723899 -0.0805171 -0.139396 0.986958 0.4378 -0.991392 0.113759 -0.0648118 -0.495651 -0.103241 -0.983681 -0.147355 0.445425 
1530612724168 -0.0805794 -0.139424 0.986949 0.438148 -0.991369 0.113945 -0.0648436 -0.495668 -0.103417 -0.983655 -0.147402 0.445385 
1530612724372 -0.0808274 -0.139441 0.986926 0.438315 -0.991373 0.113749 -0.0651203 -0.495719 -0.103181 -0.983675 -0.147432 0.445451 
1530612724574 -0.081011 -0.139617 0.986886 0.438575 -0.991336 0.114001 -0.0652483 -0.495726 -0.103396 -0.983621 -0.147642 0.445361 
1530612724790 -0.080988 -0.139755 0.986869 0.438905 -0.991352 0.113867 -0.0652308 -0.495705 -0.103255 -0.983617 -0.147768 0.445301 
1530612725007 -0.0815044 -0.13955 0.986855 0.439069 -0.991314 0.113889 -0.0657679 -0.495822 -0.103214 -0.983644 -0.14762 0.445436 
1530612725173 -0.081435 -0.139673 0.986843 0.43928 -0.991318 0.11391 -0.0656821 -0.495767 -0.103237 -0.983624 -0.147736 0.44539 
1530612725190 -0.0814556 -0.139695 0.986839 0.439298 -0.991318 0.113897 -0.0657023 -0.495768 -0.10322 -0.983622 -0.147759 0.445388 
1530612725406 -0.0816106 -0.139626 0.986836 0.439528 -0.991312 0.113852 -0.065872 -0.495775 -0.103156 -0.983637 -0.147704 0.445413 
1530612725654 -0.0817067 -0.139756 0.986809 0.439772 -0.991326 0.113666 -0.0659828 -0.495861 -0.102945 -0.98364 -0.147831 0.445384 
1530612725856 -0.0821054 -0.139645 0.986792 0.4402 -0.991312 0.113531 -0.0664152 -0.495952 -0.102757 -0.983672 -0.147754 0.44539 
1530612726092 -0.0822373 -0.139813 0.986757 0.44043 -0.991312 0.113463 -0.0665403 -0.495973 -0.102657 -0.983656 -0.147929 0.445335 
1530612726270 -0.0822326 -0.139894 0.986746 0.44069 -0.991309 0.113492 -0.0665228 -0.495989 -0.102682 -0.983641 -0.148011 0.44523 
1530612726518 -0.0823476 -0.1396 0.986778 0.440972 -0.991318 0.113314 -0.066696 -0.496025 -0.102505 -0.983703 -0.147719 0.445366 
1530612726720 -0.0826542 -0.139961 0.986701 0.441137 -0.991296 0.11335 -0.0669607 -0.496058 -0.102471 -0.983648 -0.148111 0.445219 
1530612726878 -0.0827208 -0.139818 0.986716 0.44132 -0.9913 0.113261 -0.067056 -0.496088 -0.102381 -0.983678 -0.14797 0.445245 
1530612726895 -0.0827745 -0.139828 0.98671 0.441339 -0.991295 0.113277 -0.0671065 -0.496089 -0.102388 -0.983675 -0.147987 0.445236 
1530612727106 -0.0829466 -0.140025 0.986668 0.441575 -0.991285 0.113274 -0.0672593 -0.496068 -0.102346 -0.983647 -0.1482 0.445224 
1530612727295 -0.0831936 -0.140108 0.986635 0.441718 -0.991287 0.113098 -0.0675252 -0.496171 -0.102126 -0.983656 -0.148296 0.445298 
