1533637691476 -0.187255 0.845429 -0.500189 -0.597268 -0.975202 -0.0988634 0.197988 -0.255126 0.117931 0.524856 0.842977 0.407261 
1533637832090 0 0 0 0 0 0 0 0 0 0 0 0 
1533637832100 0.275657 0.633204 -0.723233 -0.604483 -0.8825 0.464965 0.0707247 -0.181741 0.381061 0.618757 0.686973 0.426588 
1533637832103 0 0 0 0 0 0 0 0 0 0 0 0 
1533637832107 0 0 0 0 0 0 0 0 0 0 0 0 
1533637832110 0 0 0 0 0 0 0 0 0 0 0 0 
1533637832113 0 0 0 0 0 0 0 0 0 0 0 0 
1533637832117 0 0 0 0 0 0 0 0 0 0 0 0 
1533637832120 0 0 0 0 0 0 0 0 0 0 0 0 
1533637832123 0 0 0 0 0 0 0 0 0 0 0 0 
1533637832127 0 0 0 0 0 0 0 0 0 0 0 0 
1533637832130 0 0 0 0 0 0 0 0 0 0 0 0 
1533637832133 0 0 0 0 0 0 0 0 0 0 0 0 
1533637832137 0 0 0 0 0 0 0 0 0 0 0 0 
1533637832147 -0.187144 0.793376 -0.579251 -0.609472 -0.973798 -0.072274 0.215624 -0.255301 0.129206 0.604427 0.786113 0.415756 
1533637832157 -0.18811 0.733798 -0.652806 -0.621678 -0.972063 -0.0440923 0.230542 -0.255477 0.140388 0.677936 0.721592 0.424251 
1533637832167 -0.190139 0.667281 -0.720128 -0.633883 -0.970017 -0.0145921 0.242598 -0.255653 0.151373 0.744664 0.650048 0.432746 
1533637832177 -0.193214 0.594479 -0.780553 -0.646088 -0.967681 0.0159365 0.251672 -0.255828 0.162053 0.803953 0.572187 0.441241 
1533637832187 -0.197303 0.516108 -0.833489 -0.658293 -0.965078 0.0471933 0.257676 -0.256003 0.172324 0.855222 0.488774 0.449736 
1533637832197 -0.202366 0.432941 -0.878414 -0.670495 -0.962234 0.0788708 0.260549 -0.256176 0.182083 0.897965 0.400629 0.45823 
1533637832207 -0.208352 0.345794 -0.914886 -0.682693 -0.959176 0.110658 0.260262 -0.256347 0.191236 0.931763 0.308621 0.466723 
1533637832210 0 0 0 0 0 0 0 0 0 0 0 0 
1533637832213 0 0 0 0 0 0 0 0 0 0 0 0 
1533637832217 0 0 0 0 0 0 0 0 0 0 0 0 
1533637832227 -0.215198 0.255527 -0.942547 -0.694876 -0.955935 0.142242 0.256817 -0.256506 0.199694 0.956281 0.213657 0.475209 
1533637832237 -0.222053 0.163508 -0.961227 -0.704626 -0.952679 0.173509 0.249593 -0.254821 0.207592 0.971164 0.117243 0.482615 
1533637832275 0 0 0 0 0 0 0 0 0 0 0 0 
1533637832275 0 0 0 0 0 0 0 0 0 0 0 0 
1533637832279 0 0 0 0 0 0 0 0 0 0 0 0 
1533637832289 -0.222053 0.163508 -0.961227 -0.704626 -0.952679 0.173509 0.249593 -0.254821 0.207592 0.971164 0.117243 0.482615 
1533637832299 -0.231233 0.0691889 -0.970435 -0.719321 -0.949029 0.203555 0.240645 -0.256881 0.214187 0.976616 0.0185937 0.492208 
1533637832309 -0.231233 0.069189 -0.970435 -0.719321 -0.949029 0.203554 0.240645 -0.256881 0.214186 0.976616 0.018594 0.492208 
1533637832319 -0.231232 0.0691891 -0.970435 -0.719321 -0.949029 0.203553 0.240645 -0.256881 0.214185 0.976616 0.0185943 0.492208 
1533637832329 -0.231232 0.0691892 -0.970435 -0.71932 -0.949029 0.203552 0.240645 -0.256881 0.214184 0.976616 0.0185946 0.492208 
1533637832339 -0.231232 0.0691892 -0.970435 -0.71932 -0.949029 0.203552 0.240645 -0.256881 0.214184 0.976616 0.0185949 0.492208 
1533637832349 -0.231232 0.0691893 -0.970435 -0.71932 -0.94903 0.203551 0.240644 -0.256881 0.214183 0.976617 0.0185952 0.492208 
1533637832359 -0.231232 0.0691894 -0.970435 -0.71932 -0.94903 0.20355 0.240644 -0.256881 0.214182 0.976617 0.0185955 0.492208 
1533637832369 -0.231232 0.0691895 -0.970435 -0.71932 -0.94903 0.203549 0.240644 -0.256881 0.214181 0.976617 0.0185958 0.492208 
1533637832379 -0.231143 0.0692586 -0.970451 -0.719052 -0.949045 0.203566 0.240573 -0.256684 0.214212 0.976609 0.0186767 0.49206 
1533637832406 0 0 0 0 0 0 0 0 0 0 0 0 
1533637832406 0 0 0 0 0 0 0 0 0 0 0 0 
1533637832416 -0.231143 0.0692586 -0.970451 -0.719052 -0.949045 0.203566 0.240573 -0.256684 0.214212 0.976609 0.0186767 0.49206 
1533637832426 -0.231438 0.0694029 -0.970371 -0.719281 -0.949002 0.203389 0.240888 -0.256932 0.214081 0.976635 0.0187916 0.492245 
1533637832436 -0.231644 0.0696161 -0.970306 -0.719241 -0.948974 0.203231 0.241132 -0.256983 0.213983 0.976653 0.0189868 0.492283 
1533637832446 -0.23185 0.0698289 -0.970242 -0.719202 -0.948946 0.203072 0.241377 -0.257036 0.213884 0.976671 0.0191815 0.492322 
1533637832456 -0.232056 0.070042 -0.970177 -0.719161 -0.948918 0.202913 0.241621 -0.257087 0.213786 0.976688 0.0193767 0.492359 
1533637832466 -0.232262 0.070255 -0.970113 -0.719121 -0.94889 0.202755 0.241865 -0.257138 0.213687 0.976706 0.019572 0.492397 
1533637832469 0 0 0 0 0 0 0 0 0 0 0 0 
1533637832472 0 0 0 0 0 0 0 0 0 0 0 0 
1533637832476 0 0 0 0 0 0 0 0 0 0 0 0 
1533637832486 -0.232468 0.070468 -0.970048 -0.71908 -0.948862 0.202596 0.242109 -0.25719 0.213589 0.976724 0.0197672 0.492435 
1533637832496 -0.232675 0.0706807 -0.969983 -0.719041 -0.948833 0.202437 0.242353 -0.257242 0.21349 0.976741 0.0199621 0.492474 
1533637832506 -0.232881 0.0708936 -0.969918 -0.719001 -0.948805 0.202278 0.242597 -0.257294 0.213392 0.976759 0.0201574 0.492511 
1533637832516 -0.233087 0.0711065 -0.969853 -0.71896 -0.948776 0.20212 0.24284 -0.257345 0.213294 0.976776 0.0203527 0.492549 
1533637832534 0 0 0 0 0 0 0 0 0 0 0 0 
1533637832534 0 0 0 0 0 0 0 0 0 0 0 0 
1533637832536 0 0 0 0 0 0 0 0 0 0 0 0 
1533637832546 -0.233087 0.0711065 -0.969853 -0.71896 -0.948776 0.20212 0.24284 -0.257345 0.213294 0.976776 0.0203527 0.492549 
1533637832556 -0.233261 0.0713493 -0.969793 -0.718924 -0.948754 0.201959 0.243059 -0.257396 0.2132 0.976792 0.0205838 0.492609 
1533637832566 -0.233228 0.0713796 -0.969799 -0.718926 -0.948761 0.201957 0.243033 -0.257394 0.213205 0.97679 0.0206202 0.492629 
1533637832576 -0.233196 0.0714095 -0.969804 -0.718929 -0.948768 0.201955 0.243008 -0.257393 0.21321 0.976788 0.020656 0.492651 
1533637832586 -0.233163 0.0714398 -0.96981 -0.718931 -0.948775 0.201954 0.242982 -0.257391 0.213215 0.976786 0.0206923 0.492672 
1533637832596 -0.233131 0.0714697 -0.969816 -0.718934 -0.948782 0.201952 0.242957 -0.257391 0.21322 0.976784 0.020728 0.492694 
1533637832606 -0.233098 0.0714997 -0.969821 -0.718937 -0.948789 0.20195 0.242931 -0.257389 0.213225 0.976782 0.0207641 0.492715 
1533637832616 -0.233066 0.0715295 -0.969827 -0.71894 -0.948796 0.201948 0.242906 -0.257388 0.21323 0.976781 0.0207996 0.492737 
1533637832626 -0.233033 0.071559 -0.969832 -0.718944 -0.948803 0.201946 0.242881 -0.257386 0.213234 0.976779 0.0208352 0.492759 
1533637832636 -0.233002 0.0715887 -0.969838 -0.718947 -0.948809 0.201944 0.242856 -0.257387 0.213239 0.976777 0.0208706 0.492781 
1533637832663 -0.233002 0.0715887 -0.969838 -0.718947 -0.948809 0.201944 0.242856 -0.257387 0.213239 0.976777 0.0208706 0.492781 
1533637832666 0 0 0 0 0 0 0 0 0 0 0 0 
1533637832677 -0.232913 0.0715109 -0.969865 -0.718944 -0.948849 0.201884 0.242752 -0.257388 0.213159 0.976795 0.0208317 0.492833 
1533637832687 -0.232859 0.0714011 -0.969886 -0.718943 -0.948882 0.201824 0.242674 -0.257392 0.213074 0.976816 0.0207546 0.492868 
1533637832697 -0.232803 0.0712916 -0.969907 -0.718942 -0.948914 0.201765 0.242595 -0.257396 0.212988 0.976836 0.020678 0.492903 
1533637832707 -0.232749 0.0711816 -0.969928 -0.718944 -0.948947 0.201706 0.242517 -0.257401 0.212903 0.976856 0.0206007 0.492938 
1533637832717 -0.232694 0.0710718 -0.96995 -0.718944 -0.94898 0.201647 0.242439 -0.257406 0.212818 0.976876 0.0205237 0.492973 
1533637832727 -0.232639 0.0709619 -0.969971 -0.718944 -0.949012 0.201587 0.24236 -0.257411 0.212732 0.976897 0.0204466 0.493008 
1533637832737 -0.232585 0.0708521 -0.969992 -0.718945 -0.949045 0.201528 0.242282 -0.257416 0.212647 0.976917 0.0203695 0.493043 
1533637832747 -0.232529 0.0707425 -0.970013 -0.718945 -0.949077 0.201469 0.242204 -0.25742 0.212561 0.976937 0.0202927 0.493077 
1533637832757 -0.232475 0.0706326 -0.970034 -0.718946 -0.94911 0.201409 0.242126 -0.257425 0.212476 0.976957 0.0202154 0.493113 
1533637832785 0 0 0 0 0 0 0 0 0 0 0 0 
1533637832785 0 0 0 0 0 0 0 0 0 0 0 0 
1533637832788 0 0 0 0 0 0 0 0 0 0 0 0 
1533637832798 -0.232475 0.0706326 -0.970034 -0.718946 -0.94911 0.201409 0.242126 -0.257425 0.212476 0.976957 0.0202154 0.493113 
1533637832808 -0.232643 0.0703212 -0.970017 -0.718941 -0.949143 0.20114 0.242218 -0.257558 0.212143 0.977035 0.0199511 0.493172 
1533637832819 -0.232866 0.0701193 -0.969978 -0.718937 -0.949144 0.20093 0.24239 -0.257686 0.211894 0.977093 0.0197634 0.493197 
1533637832828 -0.233089 0.0699173 -0.969939 -0.718933 -0.949145 0.200721 0.242561 -0.257815 0.211646 0.97715 0.0195758 0.493222 
1533637832838 -0.233312 0.0697155 -0.9699 -0.718928 -0.949145 0.200511 0.242732 -0.257942 0.211398 0.977208 0.0193885 0.493247 
1533637832848 -0.233535 0.0695135 -0.96986 -0.718923 -0.949146 0.200301 0.242904 -0.258071 0.211149 0.977265 0.0192011 0.493271 
1533637832858 -0.233758 0.0693114 -0.969821 -0.718919 -0.949146 0.200091 0.243075 -0.258199 0.210901 0.977323 0.0190136 0.493297 
1533637832868 -0.233981 0.0691092 -0.969782 -0.718915 -0.949146 0.199882 0.243247 -0.258328 0.210652 0.97738 0.0188261 0.493322 
1533637832878 -0.234204 0.0689069 -0.969742 -0.718911 -0.949146 0.199672 0.243418 -0.258456 0.210404 0.977437 0.0186387 0.493347 
1533637832888 -0.234427 0.0687048 -0.969703 -0.718906 -0.949146 0.199462 0.243589 -0.258584 0.210155 0.977494 0.0184517 0.493371 
1533637832915 0 0 0 0 0 0 0 0 0 0 0 0 
1533637832915 0 0 0 0 0 0 0 0 0 0 0 0 
1533637832919 0 0 0 0 0 0 0 0 0 0 0 0 
1533637832929 -0.234427 0.0687048 -0.969703 -0.718906 -0.949146 0.199462 0.243589 -0.258584 0.210155 0.977494 0.0184517 0.493371 
1533637832938 -0.234833 0.0683129 -0.969632 -0.718888 -0.949168 0.198985 0.243896 -0.258844 0.209603 0.977619 0.0181122 0.493436 
1533637832949 -0.235017 0.0681231 -0.969601 -0.718874 -0.949189 0.198717 0.244031 -0.258976 0.2093 0.977687 0.01796 0.493475 
1533637832959 -0.2352 0.0679335 -0.96957 -0.71886 -0.949211 0.198449 0.244166 -0.259108 0.208997 0.977754 0.017808 0.493515 
1533637832969 -0.235383 0.0677437 -0.969539 -0.718846 -0.949232 0.198181 0.244301 -0.25924 0.208694 0.977822 0.017656 0.493554 
1533637832979 -0.235567 0.0675538 -0.969507 -0.718833 -0.949253 0.197913 0.244436 -0.259372 0.208391 0.977889 0.017504 0.493594 
1533637832989 -0.23575 0.0673638 -0.969476 -0.718819 -0.949274 0.197645 0.244571 -0.259504 0.208087 0.977956 0.0173519 0.493634 
1533637832999 -0.235933 0.0671741 -0.969445 -0.718805 -0.949295 0.197377 0.244706 -0.259635 0.207784 0.978024 0.0172002 0.493673 
1533637833009 -0.236117 0.0669839 -0.969413 -0.718792 -0.949316 0.197109 0.244841 -0.259767 0.207481 0.978091 0.0170482 0.493712 
1533637833019 -0.2363 0.066794 -0.969382 -0.718777 -0.949337 0.196841 0.244976 -0.259899 0.207177 0.978158 0.0168966 0.493751 
1533637833044 0 0 0 0 0 0 0 0 0 0 0 0 
1533637833044 0 0 0 0 0 0 0 0 0 0 0 0 
1533637833048 0 0 0 0 0 0 0 0 0 0 0 0 
1533637833058 -0.2363 0.066794 -0.969382 -0.718777 -0.949337 0.196841 0.244976 -0.259899 0.207177 0.978158 0.0168966 0.493751 
1533637833068 -0.236551 0.0664575 -0.969344 -0.718723 -0.949339 0.196615 0.245149 -0.260098 0.206879 0.978226 0.0165814 0.493841 
1533637833078 -0.236618 0.0663111 -0.969337 -0.718681 -0.949321 0.196656 0.245185 -0.260165 0.206885 0.978228 0.0164181 0.49389 
1533637833088 -0.236686 0.0661647 -0.969331 -0.71864 -0.949303 0.196698 0.245222 -0.260232 0.20689 0.978229 0.0162547 0.49394 
1533637833098 -0.236754 0.0660182 -0.969324 -0.718599 -0.949285 0.196739 0.245259 -0.260299 0.206896 0.978231 0.0160912 0.493989 
1533637833108 -0.236822 0.0658716 -0.969317 -0.718558 -0.949267 0.196781 0.245296 -0.260367 0.206901 0.978232 0.0159277 0.494039 
1533637833118 -0.23689 0.0657255 -0.969311 -0.718516 -0.949249 0.196822 0.245333 -0.260433 0.206906 0.978234 0.0157646 0.494088 
1533637833128 -0.236958 0.0655789 -0.969304 -0.718475 -0.94923 0.196864 0.24537 -0.260501 0.206912 0.978235 0.015601 0.494138 
1533637833138 -0.237026 0.0654326 -0.969297 -0.718433 -0.949212 0.196905 0.245406 -0.260567 0.206917 0.978237 0.0154379 0.494187 
1533637833148 -0.237094 0.065286 -0.969291 -0.718393 -0.949194 0.196947 0.245443 -0.260635 0.206923 0.978238 0.0152743 0.494237 
1533637833174 0 0 0 0 0 0 0 0 0 0 0 0 
1533637833174 0 0 0 0 0 0 0 0 0 0 0 0 
1533637833178 0 0 0 0 0 0 0 0 0 0 0 0 
1533637833188 -0.237094 0.065286 -0.969291 -0.718393 -0.949194 0.196947 0.245443 -0.260635 0.206923 0.978238 0.0152743 0.494237 
1533637833198 -0.237246 0.0651623 -0.969262 -0.718276 -0.949155 0.19698 0.245568 -0.260748 0.206927 0.97824 0.0151164 0.494379 
1533637833208 -0.237331 0.0651849 -0.969239 -0.718201 -0.949134 0.196971 0.245655 -0.260793 0.206925 0.97824 0.0151218 0.494472 
1533637833218 -0.237416 0.0652074 -0.969217 -0.718127 -0.949113 0.196963 0.245743 -0.260839 0.206924 0.97824 0.0151271 0.494565 
1533637833228 -0.237501 0.0652299 -0.969195 -0.718052 -0.949092 0.196954 0.24583 -0.260885 0.206923 0.97824 0.0151324 0.494658 
1533637833238 -0.237585 0.0652527 -0.969173 -0.717977 -0.949072 0.196946 0.245918 -0.260929 0.206922 0.97824 0.015138 0.49475 
1533637833248 -0.23767 0.0652751 -0.96915 -0.717902 -0.949051 0.196938 0.246005 -0.260975 0.20692 0.978241 0.0151432 0.494843 
1533637833258 -0.237755 0.0652979 -0.969128 -0.717827 -0.94903 0.196929 0.246093 -0.26102 0.206919 0.978241 0.0151488 0.494936 
1533637833268 -0.23784 0.0653202 -0.969106 -0.717753 -0.949009 0.196921 0.24618 -0.261066 0.206917 0.978241 0.0151539 0.495029 
1533637833278 -0.237924 0.065343 -0.969083 -0.717677 -0.948988 0.196912 0.246268 -0.261112 0.206916 0.978241 0.0151595 0.495121 
1533637833303 0 0 0 0 0 0 0 0 0 0 0 0 
1533637833303 0 0 0 0 0 0 0 0 0 0 0 0 
1533637833307 0 0 0 0 0 0 0 0 0 0 0 0 
1533637833317 -0.237924 0.065343 -0.969083 -0.717677 -0.948988 0.196912 0.246268 -0.261112 0.206916 0.978241 0.0151595 0.495121 
1533637833327 -0.238132 0.0653358 -0.969033 -0.717538 -0.94897 0.196747 0.246468 -0.261193 0.206758 0.978275 0.0151498 0.495336 
1533637833337 -0.238256 0.0653062 -0.969004 -0.717473 -0.948973 0.196591 0.24658 -0.261229 0.206601 0.978308 0.0151349 0.495457 
1533637833347 -0.23838 0.0652763 -0.968976 -0.71741 -0.948976 0.196434 0.246693 -0.261265 0.206443 0.978342 0.0151197 0.495579 
1533637833357 -0.238503 0.0652467 -0.968947 -0.717345 -0.94898 0.196278 0.246805 -0.261301 0.206286 0.978375 0.0151048 0.4957 
1533637833367 -0.238627 0.0652169 -0.968919 -0.717281 -0.948983 0.196122 0.246918 -0.261337 0.206129 0.978408 0.0150898 0.495821 
1533637833377 -0.23875 0.065187 -0.968891 -0.717217 -0.948986 0.195965 0.24703 -0.261373 0.205972 0.978442 0.0150748 0.495943 
1533637833387 -0.238874 0.0651575 -0.968862 -0.717152 -0.948989 0.195809 0.247142 -0.261408 0.205815 0.978475 0.0150602 0.496064 
1533637833397 -0.238997 0.0651275 -0.968834 -0.717088 -0.948992 0.195652 0.247255 -0.261444 0.205658 0.978508 0.0150451 0.496186 
1533637833407 -0.239121 0.0650979 -0.968805 -0.717023 -0.948995 0.195496 0.247367 -0.26148 0.205501 0.978542 0.0150304 0.496307 
1533637833435 -0.239121 0.0650979 -0.968805 -0.717023 -0.948995 0.195496 0.247367 -0.26148 0.205501 0.978542 0.0150304 0.496307 
1533637833438 0 0 0 0 0 0 0 0 0 0 0 0 
1533637833449 -0.23941 0.0650507 -0.968737 -0.716907 -0.948988 0.195188 0.247636 -0.261546 0.205194 0.978606 0.0150024 0.496536 
1533637833459 -0.239576 0.0650337 -0.968697 -0.716854 -0.948978 0.195036 0.247793 -0.261576 0.205046 0.978638 0.0149896 0.496644 
1533637833469 -0.239742 0.0650167 -0.968657 -0.7168 -0.948969 0.194884 0.247949 -0.261605 0.204897 0.978669 0.014977 0.496751 
1533637833479 -0.239907 0.0649997 -0.968617 -0.716747 -0.948959 0.194732 0.248106 -0.261634 0.204748 0.9787 0.0149643 0.496859 
1533637833489 -0.240073 0.0649825 -0.968577 -0.716695 -0.948949 0.194581 0.248262 -0.261664 0.204599 0.978732 0.0149516 0.496966 
1533637833499 -0.240239 0.0649653 -0.968538 -0.716642 -0.948939 0.194429 0.248419 -0.261694 0.20445 0.978763 0.0149388 0.497074 
1533637833509 -0.240404 0.0649483 -0.968498 -0.716588 -0.948929 0.194277 0.248575 -0.261722 0.204301 0.978794 0.0149264 0.497181 
1533637833519 -0.24057 0.064931 -0.968458 -0.716536 -0.948919 0.194125 0.248732 -0.261752 0.204153 0.978825 0.0149136 0.497289 
1533637833529 -0.240735 0.064914 -0.968418 -0.716482 -0.948909 0.193974 0.248888 -0.261781 0.204004 0.978857 0.0149012 0.497397 
1533637833555 -0.240735 0.064914 -0.968418 -0.716482 -0.948909 0.193974 0.248888 -0.261781 0.204004 0.978857 0.0149012 0.497397 
1533637833558 0 0 0 0 0 0 0 0 0 0 0 0 
1533637833568 -0.241021 0.0648867 -0.968348 -0.716384 -0.948894 0.193701 0.249158 -0.261834 0.203737 0.978912 0.0148846 0.497591 
1533637833578 -0.241141 0.0648764 -0.968319 -0.71634 -0.948889 0.19358 0.249272 -0.261857 0.20362 0.978937 0.0148804 0.497678 
1533637833588 -0.241261 0.0648664 -0.96829 -0.716296 -0.948884 0.19346 0.249385 -0.26188 0.203502 0.978962 0.0148764 0.497764 
1533637833598 -0.24138 0.0648562 -0.968261 -0.716251 -0.948878 0.193339 0.249499 -0.261903 0.203384 0.978986 0.0148724 0.497851 
1533637833608 -0.2415 0.064846 -0.968232 -0.716207 -0.948873 0.193218 0.249612 -0.261926 0.203267 0.979011 0.0148683 0.497938 
1533637833618 -0.24162 0.0648361 -0.968203 -0.716161 -0.948868 0.193098 0.249726 -0.261948 0.203149 0.979035 0.0148647 0.498024 
1533637833628 -0.24174 0.0648258 -0.968173 -0.716117 -0.948863 0.192977 0.249839 -0.261972 0.203031 0.979059 0.0148605 0.498111 
1533637833638 -0.241859 0.0648158 -0.968144 -0.716072 -0.948857 0.192857 0.249953 -0.261994 0.202914 0.979084 0.0148568 0.498198 
1533637833648 -0.241979 0.0648054 -0.968115 -0.716028 -0.948852 0.192736 0.250066 -0.262017 0.202796 0.979108 0.0148527 0.498285 
1533637833675 -0.241979 0.0648054 -0.968115 -0.716028 -0.948852 0.192736 0.250066 -0.262017 0.202796 0.979108 0.0148527 0.498285 
1533637833678 0 0 0 0 0 0 0 0 0 0 0 0 
1533637833688 -0.242194 0.064791 -0.968062 -0.715946 -0.948844 0.192511 0.25027 -0.26206 0.202578 0.979154 0.0148516 0.498442 
1533637833698 -0.242288 0.064787 -0.968039 -0.715907 -0.948841 0.192407 0.25036 -0.262078 0.202477 0.979174 0.0148547 0.498513 
1533637833708 -0.242383 0.0647824 -0.968015 -0.71587 -0.948838 0.192303 0.25045 -0.262098 0.202377 0.979195 0.0148571 0.498584 
1533637833719 -0.242477 0.0647781 -0.967992 -0.715832 -0.948836 0.192199 0.25054 -0.262118 0.202276 0.979216 0.01486 0.498655 
1533637833728 -0.242571 0.0647741 -0.967969 -0.715793 -0.948833 0.192095 0.25063 -0.262136 0.202176 0.979236 0.0148631 0.498725 
1533637833738 -0.242666 0.0647696 -0.967945 -0.715756 -0.94883 0.191991 0.250721 -0.262156 0.202075 0.979257 0.0148659 0.498797 
1533637833748 -0.24276 0.0647652 -0.967922 -0.715719 -0.948827 0.191886 0.250811 -0.262176 0.201975 0.979278 0.0148686 0.498868 
1533637833758 -0.242855 0.0647611 -0.967899 -0.71568 -0.948825 0.191782 0.250901 -0.262194 0.201875 0.979298 0.0148716 0.498938 
1533637833768 -0.242949 0.0647565 -0.967875 -0.715643 -0.948822 0.191678 0.250991 -0.262214 0.201774 0.979319 0.0148743 0.49901 
1533637833794 0 0 0 0 0 0 0 0 0 0 0 0 
1533637833794 0 0 0 0 0 0 0 0 0 0 0 0 
1533637833797 0 0 0 0 0 0 0 0 0 0 0 0 
1533637833808 -0.242949 0.0647565 -0.967875 -0.715643 -0.948822 0.191678 0.250991 -0.262214 0.201774 0.979319 0.0148743 0.49901 
1533637833818 -0.243131 0.064745 -0.96783 -0.715574 -0.948813 0.191494 0.251164 -0.262249 0.201595 0.979356 0.0148728 0.499141 
1533637833828 -0.243218 0.0647373 -0.967809 -0.715544 -0.948808 0.191414 0.251247 -0.262265 0.201517 0.979372 0.014868 0.499201 
1533637833838 -0.243306 0.0647299 -0.967787 -0.715513 -0.948802 0.191333 0.25133 -0.26228 0.201438 0.979388 0.0148634 0.499262 
1533637833848 -0.243393 0.0647224 -0.967766 -0.715483 -0.948796 0.191253 0.251413 -0.262296 0.20136 0.979405 0.0148587 0.499322 
1533637833858 -0.243481 0.0647148 -0.967744 -0.715453 -0.94879 0.191173 0.251496 -0.262311 0.201282 0.979421 0.014854 0.499383 
1533637833868 -0.243568 0.0647072 -0.967723 -0.715423 -0.948784 0.191092 0.251579 -0.262327 0.201203 0.979437 0.0148492 0.499444 
1533637833878 -0.243655 0.0646999 -0.967701 -0.715391 -0.948779 0.191012 0.251662 -0.262342 0.201125 0.979453 0.0148448 0.499504 
1533637833888 -0.243743 0.0646922 -0.96768 -0.715362 -0.948773 0.190932 0.251745 -0.262358 0.201047 0.979469 0.01484 0.499565 
1533637833898 -0.24383 0.0646849 -0.967658 -0.71533 -0.948767 0.190851 0.251828 -0.262373 0.200968 0.979485 0.0148355 0.499625 
1533637833924 -0.24383 0.0646849 -0.967658 -0.71533 -0.948767 0.190851 0.251828 -0.262373 0.200968 0.979485 0.0148355 0.499625 
1533637833927 0 0 0 0 0 0 0 0 0 0 0 0 
1533637833938 -0.243983 0.0646728 -0.967621 -0.715274 -0.94876 0.190692 0.251973 -0.262404 0.200814 0.979517 0.0148332 0.499736 
1533637833948 -0.244049 0.0646687 -0.967604 -0.715246 -0.94876 0.190614 0.252035 -0.262418 0.200738 0.979533 0.0148359 0.499786 
1533637833958 -0.244114 0.0646644 -0.967588 -0.715219 -0.948759 0.190535 0.252097 -0.262432 0.200662 0.979548 0.0148385 0.499837 
1533637833968 -0.24418 0.0646601 -0.967572 -0.715192 -0.948758 0.190457 0.252159 -0.262446 0.200585 0.979564 0.014841 0.499887 
1533637833978 -0.244245 0.0646556 -0.967556 -0.715165 -0.948757 0.190378 0.252222 -0.262461 0.200509 0.979579 0.0148435 0.499938 
1533637833988 -0.244311 0.0646512 -0.967539 -0.715138 -0.948756 0.1903 0.252284 -0.262475 0.200433 0.979595 0.0148459 0.499989 
1533637833998 -0.244376 0.064647 -0.967523 -0.715111 -0.948756 0.190222 0.252346 -0.262489 0.200357 0.97961 0.0148487 0.500039 
1533637834008 -0.244442 0.0646425 -0.967507 -0.715084 -0.948755 0.190143 0.252408 -0.262504 0.200281 0.979626 0.014851 0.50009 
1533637834018 -0.244507 0.0646383 -0.967491 -0.715056 -0.948754 0.190065 0.25247 -0.262518 0.200205 0.979641 0.0148538 0.50014 
1533637834043 0 0 0 0 0 0 0 0 0 0 0 0 
1533637834043 0 0 0 0 0 0 0 0 0 0 0 0 
1533637834047 0 0 0 0 0 0 0 0 0 0 0 0 
1533637834057 -0.244507 0.0646383 -0.967491 -0.715056 -0.948754 0.190065 0.25247 -0.262518 0.200205 0.979641 0.0148538 0.50014 
1533637834067 -0.244642 0.06463 -0.967457 -0.715007 -0.948748 0.189926 0.252599 -0.262544 0.20007 0.979669 0.0148537 0.500235 
1533637834077 -0.244712 0.0646258 -0.96744 -0.714986 -0.948742 0.189865 0.252665 -0.262557 0.200012 0.979681 0.0148509 0.500279 
1533637834087 -0.244781 0.0646219 -0.967422 -0.714963 -0.948736 0.189805 0.252732 -0.262568 0.199954 0.979693 0.0148484 0.500324 
1533637834097 -0.244851 0.0646178 -0.967405 -0.714941 -0.948731 0.189745 0.252798 -0.26258 0.199895 0.979705 0.0148458 0.500368 
1533637834107 -0.244921 0.0646137 -0.967388 -0.714919 -0.948725 0.189684 0.252865 -0.262592 0.199837 0.979717 0.0148431 0.500413 
1533637834117 -0.24499 0.06461 -0.96737 -0.714896 -0.948719 0.189624 0.252931 -0.262604 0.199778 0.979729 0.0148408 0.500456 
1533637834127 -0.24506 0.0646058 -0.967353 -0.714875 -0.948714 0.189563 0.252998 -0.262616 0.19972 0.979741 0.0148381 0.500501 
1533637834137 -0.245129 0.0646016 -0.967336 -0.714853 -0.948708 0.189503 0.253065 -0.262629 0.199661 0.979753 0.0148353 0.500546 
1533637834147 -0.245199 0.0645977 -0.967318 -0.71483 -0.948702 0.189443 0.253131 -0.26264 0.199603 0.979765 0.0148329 0.50059 
1533637834173 -0.245199 0.0645977 -0.967318 -0.71483 -0.948702 0.189443 0.253131 -0.26264 0.199603 0.979765 0.0148329 0.50059 
1533637834176 0 0 0 0 0 0 0 0 0 0 0 0 
1533637834186 -0.245316 0.0645922 -0.967289 -0.714788 -0.948696 0.189324 0.253243 -0.262662 0.199488 0.979788 0.0148343 0.500672 
1533637834196 -0.245364 0.0645901 -0.967277 -0.714768 -0.948696 0.189265 0.253289 -0.262674 0.199431 0.979799 0.0148376 0.50071 
1533637834206 -0.245412 0.0645884 -0.967265 -0.714747 -0.948695 0.189206 0.253334 -0.262684 0.199375 0.979811 0.0148413 0.500748 
1533637834216 -0.24546 0.0645867 -0.967253 -0.714726 -0.948695 0.189147 0.25338 -0.262695 0.199318 0.979822 0.014845 0.500786 
1533637834219 0 0 0 0 0 0 0 0 0 0 0 0 
1533637834222 0 0 0 0 0 0 0 0 0 0 0 0 
1533637834226 0 0 0 0 0 0 0 0 0 0 0 0 
1533637834236 -0.245507 0.0645852 -0.967241 -0.714705 -0.948694 0.189089 0.253426 -0.262705 0.199262 0.979834 0.014849 0.500823 
1533637834246 -0.245555 0.0645833 -0.967229 -0.714685 -0.948694 0.18903 0.253471 -0.262716 0.199205 0.979845 0.0148525 0.500861 
1533637834256 -0.245603 0.0645814 -0.967217 -0.714665 -0.948693 0.188971 0.253517 -0.262727 0.199149 0.979857 0.014856 0.500899 
1533637834259 0 0 0 0 0 0 0 0 0 0 0 0 
1533637834262 0 0 0 0 0 0 0 0 0 0 0 0 
1533637834266 0 0 0 0 0 0 0 0 0 0 0 0 
1533637834276 -0.245651 0.0645799 -0.967205 -0.714643 -0.948693 0.188912 0.253563 -0.262737 0.199092 0.979868 0.01486 0.500937 
1533637834286 -0.245699 0.0645779 -0.967193 -0.714624 -0.948692 0.188854 0.253609 -0.262748 0.199035 0.97988 0.0148634 0.500975 
1533637834316 -0.245699 0.0645779 -0.967193 -0.714624 -0.948692 0.188854 0.253609 -0.262748 0.199035 0.97988 0.0148634 0.500975 
1533637834318 0 0 0 0 0 0 0 0 0 0 0 0 
1533637834329 -0.24579 0.0645751 -0.96717 -0.714585 -0.948689 0.18875 0.253696 -0.262767 0.198936 0.9799 0.0148688 0.501046 
1533637834339 -0.245833 0.0645742 -0.967159 -0.714567 -0.948687 0.188705 0.253738 -0.262775 0.198893 0.979908 0.0148706 0.50108 
1533637834349 -0.245877 0.0645731 -0.967148 -0.714548 -0.948685 0.188661 0.253779 -0.262784 0.19885 0.979917 0.0148722 0.501114 
1533637834359 -0.24592 0.064572 -0.967137 -0.71453 -0.948683 0.188616 0.253821 -0.262792 0.198807 0.979926 0.0148738 0.501148 
1533637834369 -0.245964 0.0645708 -0.967126 -0.714512 -0.94868 0.188571 0.253863 -0.262801 0.198764 0.979934 0.0148753 0.501182 
1533637834379 -0.246007 0.0645699 -0.967115 -0.714493 -0.948678 0.188527 0.253904 -0.262809 0.198721 0.979943 0.0148772 0.501215 
1533637834389 -0.246051 0.0645687 -0.967104 -0.714476 -0.948676 0.188482 0.253946 -0.262818 0.198678 0.979952 0.0148787 0.501249 
1533637834399 -0.246094 0.0645678 -0.967093 -0.714457 -0.948674 0.188437 0.253988 -0.262826 0.198636 0.97996 0.0148805 0.501282 
1533637834409 -0.246138 0.0645665 -0.967082 -0.71444 -0.948671 0.188392 0.25403 -0.262835 0.198593 0.979969 0.0148819 0.501317 
1533637834434 -0.246138 0.0645665 -0.967082 -0.71444 -0.948671 0.188392 0.25403 -0.262835 0.198593 0.979969 0.0148819 0.501317 
1533637834438 0 0 0 0 0 0 0 0 0 0 0 0 
1533637834448 -0.246214 0.0645607 -0.967063 -0.714406 -0.948669 0.188304 0.254102 -0.262851 0.198506 0.979987 0.0148837 0.50138 
1533637834458 -0.246248 0.0645559 -0.967055 -0.714389 -0.94867 0.188259 0.254133 -0.262858 0.198463 0.979995 0.0148838 0.501409 
1533637834468 -0.246281 0.064551 -0.967046 -0.714373 -0.94867 0.188215 0.254165 -0.262866 0.19842 0.980004 0.0148838 0.501439 
1533637834478 -0.246315 0.0645461 -0.967038 -0.714357 -0.948671 0.188171 0.254196 -0.262874 0.198376 0.980013 0.0148836 0.501469 
1533637834488 -0.246348 0.0645411 -0.96703 -0.714341 -0.948671 0.188127 0.254227 -0.262882 0.198333 0.980022 0.0148834 0.501499 
1533637834498 -0.246382 0.0645361 -0.967022 -0.714326 -0.948671 0.188083 0.254258 -0.26289 0.198289 0.980031 0.0148832 0.501529 
1533637834508 -0.246415 0.0645314 -0.967014 -0.714309 -0.948672 0.188039 0.254289 -0.262897 0.198246 0.980039 0.0148834 0.501558 
1533637834518 -0.246449 0.0645263 -0.967005 -0.714294 -0.948672 0.187995 0.254321 -0.262905 0.198203 0.980048 0.0148832 0.501588 
1533637834528 -0.246482 0.0645216 -0.966997 -0.714277 -0.948673 0.187951 0.254352 -0.262912 0.198159 0.980057 0.0148833 0.501617 
1533637834548 0 0 0 0 0 0 0 0 0 0 0 0 
1533637834548 0 0 0 0 0 0 0 0 0 0 0 0 
1533637834558 -0.246482 0.0645216 -0.966997 -0.714277 -0.948673 0.187951 0.254352 -0.262912 0.198159 0.980057 0.0148833 0.501617 
1533637834568 -0.246555 0.0645147 -0.966979 -0.714248 -0.94867 0.18787 0.254421 -0.262927 0.198081 0.980073 0.0148827 0.501674 
1533637834578 -0.246595 0.0645128 -0.966969 -0.714234 -0.948667 0.187834 0.254459 -0.262934 0.198045 0.98008 0.0148823 0.5017 
1533637834588 -0.246635 0.0645108 -0.966959 -0.71422 -0.948664 0.187797 0.254498 -0.262941 0.19801 0.980087 0.0148818 0.501727 
1533637834598 -0.246675 0.0645086 -0.966949 -0.714206 -0.948661 0.18776 0.254536 -0.262948 0.197974 0.980094 0.0148811 0.501754 
1533637834608 -0.246715 0.0645065 -0.966939 -0.714193 -0.948658 0.187723 0.254574 -0.262956 0.197938 0.980101 0.0148804 0.501781 
1533637834618 -0.246756 0.0645043 -0.966929 -0.71418 -0.948655 0.187686 0.254613 -0.262964 0.197903 0.980109 0.0148797 0.501808 
1533637834628 -0.246795 0.0645025 -0.966919 -0.714166 -0.948652 0.18765 0.254651 -0.26297 0.197867 0.980116 0.0148794 0.501834 
1533637834638 -0.246836 0.0645002 -0.966908 -0.714153 -0.948649 0.187613 0.25469 -0.262978 0.197832 0.980123 0.0148786 0.501861 
1533637834648 -0.246876 0.0644984 -0.966898 -0.714138 -0.948646 0.187576 0.254728 -0.262985 0.197796 0.98013 0.0148782 0.501887 
1533637834668 0 0 0 0 0 0 0 0 0 0 0 0 
1533637834668 0 0 0 0 0 0 0 0 0 0 0 0 
1533637834678 -0.246876 0.0644984 -0.966898 -0.714138 -0.948646 0.187576 0.254728 -0.262985 0.197796 0.98013 0.0148782 0.501887 
1533637834688 -0.24695 0.0644927 -0.96688 -0.714114 -0.94864 0.187508 0.254799 -0.262998 0.197731 0.980144 0.0148752 0.501938 
1533637834698 -0.246985 0.0644894 -0.966871 -0.714101 -0.948637 0.187478 0.254832 -0.263004 0.197701 0.98015 0.014873 0.501962 
1533637834708 -0.247019 0.064486 -0.966862 -0.714089 -0.948635 0.187447 0.254864 -0.26301 0.197671 0.980156 0.0148706 0.501987 
1533637834718 -0.247054 0.0644824 -0.966854 -0.714077 -0.948632 0.187416 0.254897 -0.263016 0.19764 0.980162 0.0148682 0.502011 
1533637834728 -0.247089 0.0644789 -0.966845 -0.714066 -0.948629 0.187385 0.25493 -0.263022 0.19761 0.980168 0.0148657 0.502036 
1533637834738 -0.247123 0.0644757 -0.966837 -0.714053 -0.948627 0.187355 0.254963 -0.263028 0.19758 0.980174 0.0148637 0.50206 
1533637834748 -0.247158 0.064472 -0.966828 -0.714041 -0.948624 0.187324 0.254996 -0.263034 0.19755 0.98018 0.0148612 0.502084 
1533637834758 -0.247193 0.0644684 -0.966819 -0.71403 -0.948621 0.187293 0.255029 -0.263041 0.19752 0.980186 0.0148586 0.502109 
1533637834768 -0.247227 0.0644651 -0.966811 -0.714017 -0.948618 0.187262 0.255061 -0.263046 0.19749 0.980192 0.0148565 0.502133 
1533637834787 0 0 0 0 0 0 0 0 0 0 0 0 
1533637834787 0 0 0 0 0 0 0 0 0 0 0 0 
1533637834797 -0.247227 0.0644651 -0.966811 -0.714017 -0.948618 0.187262 0.255061 -0.263046 0.19749 0.980192 0.0148565 0.502133 
1533637834807 -0.24729 0.0644579 -0.966795 -0.713996 -0.948615 0.187199 0.25512 -0.263059 0.197427 0.980205 0.0148534 0.502179 
1533637834817 -0.247318 0.0644544 -0.966788 -0.713984 -0.948614 0.187166 0.255147 -0.263064 0.197395 0.980211 0.0148529 0.5022 
1533637834827 -0.247346 0.0644508 -0.966781 -0.713972 -0.948614 0.187133 0.255173 -0.26307 0.197363 0.980218 0.0148523 0.502222 
1533637834837 -0.247373 0.0644476 -0.966775 -0.71396 -0.948613 0.187101 0.255199 -0.263075 0.197331 0.980224 0.0148522 0.502242 
1533637834847 -0.247401 0.0644438 -0.966768 -0.713949 -0.948613 0.187068 0.255225 -0.263081 0.197299 0.980231 0.0148514 0.502264 
1533637834857 -0.247429 0.0644401 -0.966761 -0.713938 -0.948612 0.187035 0.255251 -0.263088 0.197266 0.980237 0.0148507 0.502286 
1533637834867 -0.247457 0.0644367 -0.966754 -0.713926 -0.948611 0.187002 0.255278 -0.263093 0.197234 0.980244 0.0148504 0.502307 
1533637834877 -0.247485 0.0644329 -0.966747 -0.713916 -0.948611 0.186969 0.255304 -0.2631 0.197202 0.98025 0.0148496 0.502329 
1533637834887 -0.247513 0.0644295 -0.96674 -0.713904 -0.94861 0.186937 0.25533 -0.263105 0.19717 0.980257 0.0148492 0.50235 
1533637834906 0 0 0 0 0 0 0 0 0 0 0 0 
1533637834906 0 0 0 0 0 0 0 0 0 0 0 0 
1533637834916 -0.247513 0.0644295 -0.96674 -0.713904 -0.94861 0.186937 0.25533 -0.263105 0.19717 0.980257 0.0148492 0.50235 
1533637834919 0 0 0 0 0 0 0 0 0 0 0 0 
1533637834922 0 0 0 0 0 0 0 0 0 0 0 0 
1533637834926 0 0 0 0 0 0 0 0 0 0 0 0 
1533637834936 -0.247559 0.0644244 -0.966729 -0.713884 -0.948612 0.186869 0.255373 -0.263117 0.197104 0.98027 0.0148527 0.50239 
1533637834939 0 0 0 0 0 0 0 0 0 0 0 0 
1533637834942 0 0 0 0 0 0 0 0 0 0 0 0 
1533637834946 0 0 0 0 0 0 0 0 0 0 0 0 
1533637834956 -0.247576 0.064423 -0.966724 -0.713872 -0.948614 0.186834 0.255389 -0.263123 0.19707 0.980277 0.0148568 0.502409 
1533637834966 -0.247594 0.0644215 -0.96672 -0.713861 -0.948617 0.1868 0.255406 -0.263129 0.197036 0.980284 0.0148609 0.502428 
1533637834976 -0.247611 0.0644205 -0.966715 -0.713849 -0.948619 0.186765 0.255422 -0.263134 0.197003 0.98029 0.0148654 0.502446 
1533637834979 0 0 0 0 0 0 0 0 0 0 0 0 
1533637834982 0 0 0 0 0 0 0 0 0 0 0 0 
1533637834986 0 0 0 0 0 0 0 0 0 0 0 0 
1533637834996 -0.247629 0.0644189 -0.966711 -0.713838 -0.948622 0.18673 0.255438 -0.26314 0.196969 0.980297 0.0148694 0.502465 
1533637835006 -0.247646 0.0644178 -0.966707 -0.713826 -0.948624 0.186695 0.255454 -0.263145 0.196936 0.980304 0.0148739 0.502484 
1533637835016 -0.247664 0.0644161 -0.966702 -0.713815 -0.948627 0.186661 0.255471 -0.263152 0.196902 0.98031 0.0148778 0.502503 
1533637835019 0 0 0 0 0 0 0 0 0 0 0 0 
1533637835022 0 0 0 0 0 0 0 0 0 0 0 0 
1533637835026 0 0 0 0 0 0 0 0 0 0 0 0 
1533637835036 -0.247681 0.064415 -0.966698 -0.713803 -0.948629 0.186626 0.255487 -0.263157 0.196868 0.980317 0.0148822 0.502521 
1533637835046 -0.247699 0.0644133 -0.966693 -0.713793 -0.948631 0.186591 0.255504 -0.263164 0.196834 0.980324 0.0148861 0.502541 
1533637835067 0 0 0 0 0 0 0 0 0 0 0 0 
1533637835067 0 0 0 0 0 0 0 0 0 0 0 0 
1533637835077 -0.247699 0.0644133 -0.966693 -0.713793 -0.948631 0.186591 0.255504 -0.263164 0.196834 0.980324 0.0148861 0.502541 
1533637835087 -0.247721 0.0644056 -0.966688 -0.713773 -0.94864 0.186523 0.255523 -0.263175 0.196766 0.980337 0.0148921 0.502576 
1533637835097 -0.247726 0.064399 -0.966687 -0.713762 -0.948646 0.186489 0.255526 -0.26318 0.196732 0.980344 0.0148937 0.502593 
1533637835107 -0.247731 0.0643923 -0.966687 -0.713752 -0.948651 0.186455 0.25553 -0.263185 0.196697 0.980351 0.0148952 0.502611 
1533637835117 -0.247736 0.0643861 -0.966686 -0.713741 -0.948657 0.186421 0.255532 -0.263189 0.196663 0.980358 0.0148972 0.502627 
1533637835127 -0.247741 0.0643794 -0.966685 -0.71373 -0.948663 0.186387 0.255536 -0.263194 0.196628 0.980365 0.0148986 0.502645 
1533637835137 -0.247746 0.0643731 -0.966684 -0.713719 -0.948669 0.186353 0.255539 -0.263199 0.196594 0.980372 0.0149005 0.502662 
1533637835147 -0.247751 0.0643663 -0.966683 -0.713709 -0.948675 0.186319 0.255542 -0.263204 0.19656 0.980379 0.0149019 0.502679 
1533637835157 -0.247756 0.06436 -0.966682 -0.713698 -0.948681 0.186285 0.255545 -0.263209 0.196525 0.980385 0.0149038 0.502696 
1533637835167 -0.247761 0.0643536 -0.966682 -0.713687 -0.948686 0.186251 0.255548 -0.263213 0.196491 0.980392 0.0149057 0.502713 
1533637835187 0 0 0 0 0 0 0 0 0 0 0 0 
1533637835187 0 0 0 0 0 0 0 0 0 0 0 0 
1533637835197 -0.247761 0.0643536 -0.966682 -0.713687 -0.948686 0.186251 0.255548 -0.263213 0.196491 0.980392 0.0149057 0.502713 
1533637835207 -0.247785 0.0643451 -0.966676 -0.71367 -0.948693 0.186191 0.255569 -0.263223 0.196431 0.980404 0.0149084 0.502746 
1533637835217 -0.247804 0.064343 -0.966671 -0.71366 -0.948693 0.186165 0.255586 -0.263228 0.196405 0.980409 0.0149095 0.502762 
1533637835227 -0.247822 0.0643409 -0.966667 -0.713651 -0.948693 0.186139 0.255604 -0.263232 0.19638 0.980415 0.0149105 0.502778 
1533637835238 -0.247841 0.0643388 -0.966662 -0.713642 -0.948694 0.186112 0.255622 -0.263237 0.196354 0.98042 0.0149114 0.502794 
1533637835247 -0.24786 0.064337 -0.966657 -0.713632 -0.948694 0.186086 0.255639 -0.263241 0.196329 0.980425 0.0149128 0.502809 
1533637835257 -0.247879 0.0643348 -0.966652 -0.713624 -0.948694 0.18606 0.255657 -0.263246 0.196303 0.98043 0.0149137 0.502826 
1533637835267 -0.247898 0.0643325 -0.966648 -0.713616 -0.948695 0.186034 0.255675 -0.263251 0.196277 0.980435 0.0149145 0.502842 
1533637835277 -0.247917 0.0643307 -0.966643 -0.713606 -0.948695 0.186007 0.255693 -0.263255 0.196252 0.98044 0.0149158 0.502857 
1533637835287 -0.247935 0.0643288 -0.966638 -0.713597 -0.948696 0.185981 0.25571 -0.263259 0.196226 0.980445 0.0149171 0.502873 
1533637835308 0 0 0 0 0 0 0 0 0 0 0 0 
1533637835309 0 0 0 0 0 0 0 0 0 0 0 0 
1533637835319 -0.247935 0.0643288 -0.966638 -0.713597 -0.948696 0.185981 0.25571 -0.263259 0.196226 0.980445 0.0149171 0.502873 
1533637835329 -0.247984 0.064296 -0.966628 -0.713586 -0.948698 0.185915 0.25575 -0.263271 0.196154 0.98046 0.0148935 0.502905 
1533637835339 -0.248013 0.0642654 -0.966623 -0.713584 -0.9487 0.185875 0.255772 -0.263278 0.196108 0.98047 0.014869 0.502922 
1533637835349 -0.248042 0.0642349 -0.966617 -0.71358 -0.948701 0.185835 0.255794 -0.263285 0.196062 0.980479 0.0148448 0.502938 
1533637835359 -0.248072 0.0642044 -0.966612 -0.713578 -0.948703 0.185795 0.255817 -0.263291 0.196016 0.980489 0.0148204 0.502954 
1533637835369 -0.248101 0.0641737 -0.966606 -0.713575 -0.948705 0.185755 0.255839 -0.263298 0.19597 0.980498 0.0147959 0.50297 
1533637835379 -0.248131 0.0641431 -0.966601 -0.713573 -0.948707 0.185715 0.255861 -0.263306 0.195924 0.980508 0.0147713 0.502986 
1533637835389 -0.24816 0.0641123 -0.966595 -0.713571 -0.948709 0.185675 0.255883 -0.263313 0.195878 0.980517 0.0147468 0.503003 
1533637835399 -0.248189 0.064082 -0.96659 -0.713568 -0.948711 0.185635 0.255905 -0.263319 0.195832 0.980527 0.0147226 0.503019 
1533637835409 -0.248219 0.0640512 -0.966584 -0.713566 -0.948712 0.185595 0.255928 -0.263327 0.195786 0.980536 0.0146979 0.503035 
1533637835426 0 0 0 0 0 0 0 0 0 0 0 0 
1533637835426 0 0 0 0 0 0 0 0 0 0 0 0 
1533637835436 -0.248219 0.0640512 -0.966584 -0.713566 -0.948712 0.185595 0.255928 -0.263327 0.195786 0.980536 0.0146979 0.503035 
1533637835446 -0.248265 0.0640242 -0.966574 -0.713556 -0.948713 0.185538 0.255967 -0.263337 0.195724 0.980549 0.0146779 0.503065 
1533637835456 -0.248282 0.064028 -0.966569 -0.713548 -0.948712 0.18552 0.255985 -0.26334 0.195708 0.980552 0.0146827 0.503078 
1533637835466 -0.2483 0.0640314 -0.966565 -0.71354 -0.948711 0.185503 0.256002 -0.263344 0.195692 0.980555 0.014687 0.503092 
1533637835476 -0.248317 0.0640352 -0.96656 -0.713532 -0.948709 0.185485 0.256019 -0.263347 0.195677 0.980558 0.0146917 0.503105 
1533637835486 -0.248335 0.0640385 -0.966555 -0.713524 -0.948708 0.185467 0.256037 -0.263351 0.195661 0.980562 0.0146959 0.503119 
1533637835496 -0.248352 0.0640423 -0.966551 -0.713516 -0.948707 0.18545 0.256054 -0.263354 0.195645 0.980565 0.0147006 0.503133 
1533637835506 -0.248369 0.064046 -0.966546 -0.713507 -0.948706 0.185432 0.256072 -0.263357 0.195629 0.980568 0.0147052 0.503146 
1533637835516 -0.248386 0.0640493 -0.966541 -0.7135 -0.948704 0.185414 0.256089 -0.263361 0.195613 0.980571 0.0147094 0.50316 
1533637835526 -0.248404 0.064053 -0.966537 -0.713491 -0.948703 0.185397 0.256107 -0.263364 0.195597 0.980574 0.014714 0.503174 
1533637835555 0 0 0 0 0 0 0 0 0 0 0 0 
1533637835555 0 0 0 0 0 0 0 0 0 0 0 0 
1533637835559 0 0 0 0 0 0 0 0 0 0 0 0 
1533637835569 -0.248404 0.064053 -0.966537 -0.713491 -0.948703 0.185397 0.256107 -0.263364 0.195597 0.980574 0.014714 0.503174 
1533637835579 -0.248504 0.0640315 -0.966512 -0.713455 -0.948697 0.185297 0.2562 -0.263395 0.195496 0.980594 0.0146995 0.503243 
1533637835589 -0.248587 0.0640068 -0.966492 -0.713426 -0.948693 0.185214 0.256275 -0.263421 0.195411 0.980611 0.0146809 0.503298 
1533637835599 -0.248671 0.0639817 -0.966473 -0.713397 -0.948689 0.185132 0.256351 -0.263449 0.195326 0.980629 0.0146619 0.503354 
1533637835609 -0.248754 0.0639569 -0.966453 -0.713368 -0.948684 0.185049 0.256427 -0.263476 0.195241 0.980646 0.0146432 0.50341 
1533637835619 -0.248837 0.063932 -0.966433 -0.713339 -0.94868 0.184967 0.256502 -0.263503 0.195156 0.980663 0.0146245 0.503465 
1533637835629 -0.248921 0.063907 -0.966413 -0.71331 -0.948676 0.184884 0.256578 -0.26353 0.195071 0.98068 0.0146056 0.503521 
1533637835639 -0.249003 0.0638823 -0.966393 -0.71328 -0.948671 0.184801 0.256653 -0.263556 0.194987 0.980697 0.0145871 0.503576 
1533637835649 -0.249087 0.0638572 -0.966374 -0.713252 -0.948667 0.184719 0.256729 -0.263584 0.194901 0.980715 0.0145682 0.503632 
1533637835659 -0.24917 0.0638321 -0.966354 -0.713224 -0.948663 0.184636 0.256805 -0.263612 0.194816 0.980732 0.0145493 0.503688 
1533637835684 -0.24917 0.0638321 -0.966354 -0.713224 -0.948663 0.184636 0.256805 -0.263612 0.194816 0.980732 0.0145493 0.503688 
1533637835687 0 0 0 0 0 0 0 0 0 0 0 0 
