1535138871256 0.214094 0.919873 -0.328628 -0.472386 -0.943936 0.281378 0.172661 -0.171445 0.251295 0.273238 0.928543 0.473969 
1535138877699 0.214095 0.919874 -0.328628 -0.472386 -0.943935 0.281379 0.172661 -0.171445 0.251295 0.273237 0.928543 0.47397 
1535138879020 0.221734 0.921107 -0.319993 -0.504615 -0.943441 0.285603 0.168372 -0.185935 0.24648 0.26456 0.932339 0.453967 
1535138880618 0.232148 0.923021 -0.306822 -0.553552 -0.942696 0.291222 0.162828 -0.207397 0.239648 0.25144 0.937735 0.423574 
1535138882344 0.242413 0.924674 -0.293621 -0.602468 -0.941751 0.296996 0.157794 -0.228779 0.233112 0.238267 0.942808 0.393195 
1535138883422 0.245312 0.925271 -0.289302 -0.618833 -0.941497 0.298522 0.156423 -0.235694 0.231096 0.234004 0.944371 0.382967 
1535138883454 0.245015 0.925458 -0.288956 -0.618965 -0.941509 0.298247 0.156878 -0.235556 0.231364 0.233617 0.944401 0.382951 
1535138883983 0.246466 0.925204 -0.288535 -0.621955 -0.941242 0.299448 0.15619 -0.237247 0.230909 0.233085 0.944644 0.381056 
1535138884699 0.24763 0.92555 -0.286419 -0.628518 -0.941212 0.299926 0.155449 -0.240041 0.22978 0.231088 0.94541 0.376943 
1535138885204 0.2481 0.925698 -0.285532 -0.631812 -0.941123 0.300191 0.155478 -0.241401 0.22964 0.230147 0.945673 0.374992 
1535138885709 0.245052 0.924872 -0.290795 -0.62961 -0.941281 0.298814 0.157162 -0.240451 0.232248 0.235207 0.943789 0.376846 
1535138885913 0.244774 0.924368 -0.292624 -0.629569 -0.941258 0.298956 0.157027 -0.240894 0.232633 0.236999 0.943246 0.376999 
1535138886103 0.243872 0.923778 -0.29523 -0.629999 -0.941165 0.298874 0.15774 -0.241293 0.233954 0.239392 0.942315 0.376978 
1535138886198 0.243361 0.923517 -0.296464 -0.63021 -0.941171 0.298729 0.157983 -0.241498 0.234462 0.240576 0.941887 0.376991 
1535138886514 0.242817 0.923327 -0.297502 -0.630428 -0.94117 0.298533 0.158356 -0.241748 0.235029 0.241548 0.941497 0.37699 
1535138886676 0.242284 0.923637 -0.296973 -0.630627 -0.941334 0.297907 0.158559 -0.241751 0.234922 0.241134 0.94163 0.376846 
1535138886837 0.241762 0.923674 -0.297284 -0.630873 -0.941405 0.297528 0.158849 -0.24213 0.235175 0.241461 0.941483 0.376866 
1535138887105 0.240304 0.923783 -0.298124 -0.631476 -0.941707 0.296359 0.159247 -0.242687 0.235461 0.242478 0.94115 0.376586 
1535138887267 0.23976 0.923863 -0.298316 -0.631739 -0.941755 0.295967 0.15969 -0.242927 0.235824 0.242654 0.941014 0.376636 
1535138887509 0.238433 0.923963 -0.299069 -0.632357 -0.941995 0.294934 0.160183 -0.243471 0.236209 0.243529 0.940691 0.376407 
1535138887687 0.23772 0.92403 -0.299429 -0.632618 -0.942085 0.294412 0.160617 -0.243733 0.23657 0.243906 0.940502 0.376291 
1535138888114 0.237356 0.924111 -0.299469 -0.632792 -0.9421 0.294152 0.161002 -0.243866 0.236873 0.243915 0.940424 0.376326 
1535138888334 0.237582 0.92436 -0.298519 -0.632871 -0.942255 0.293984 0.160406 -0.243997 0.236032 0.243171 0.940828 0.376141 
1535138888510 0.237472 0.924705 -0.297535 -0.633113 -0.942454 0.293532 0.160063 -0.244009 0.235347 0.242402 0.941198 0.37603 
1535138888748 0.2374 0.925065 -0.296472 -0.633538 -0.942703 0.293042 0.159492 -0.244411 0.23442 0.241622 0.94163 0.375674 
1535138888987 0.237061 0.925567 -0.295175 -0.633975 -0.943025 0.292252 0.159036 -0.244679 0.233464 0.240656 0.942114 0.375374 
1535138889213 0.236772 0.926081 -0.293792 -0.63443 -0.94337 0.291458 0.158446 -0.244935 0.232362 0.239639 0.942646 0.375077 
1535138889238 0.23679 0.92613 -0.293621 -0.634472 -0.943386 0.291425 0.15841 -0.244962 0.232277 0.239488 0.942705 0.375045 
1535138889252 0.236673 0.926228 -0.293407 -0.634562 -0.943435 0.291256 0.15843 -0.244916 0.232199 0.239314 0.942768 0.375005 
1535138889268 0.236568 0.926287 -0.293306 -0.634595 -0.943465 0.291135 0.158472 -0.24488 0.232182 0.239234 0.942793 0.374995 
1535138889444 0.237352 0.92627 -0.292724 -0.634512 -0.943362 0.291686 0.158072 -0.244958 0.231801 0.238626 0.943041 0.374877 
1535138889507 0.238049 0.926257 -0.292198 -0.634521 -0.943227 0.292219 0.157894 -0.245019 0.231637 0.238023 0.943234 0.374707 
1535138889677 0.23894 0.926475 -0.290777 -0.63461 -0.943102 0.292724 0.157704 -0.245002 0.231226 0.23655 0.943705 0.374597 
1535138889748 0.239338 0.92651 -0.290337 -0.634768 -0.943102 0.292926 0.15733 -0.244937 0.230815 0.236163 0.943902 0.3744 
1535138889842 0.23976 0.926659 -0.289513 -0.634722 -0.943077 0.293105 0.157146 -0.244952 0.230478 0.235356 0.944186 0.374403 
1535138889924 0.240392 0.926666 -0.288967 -0.634789 -0.94294 0.293591 0.157061 -0.245055 0.230382 0.234722 0.944367 0.374307 
1535138889978 0.240616 0.926664 -0.288787 -0.634828 -0.942912 0.293745 0.156944 -0.245076 0.230264 0.234538 0.944442 0.374213 
1535138889996 0.240694 0.926657 -0.288743 -0.634841 -0.942899 0.293805 0.15691 -0.24509 0.230236 0.234488 0.944461 0.374188 
1535138890215 0.241844 0.926622 -0.287895 -0.63458 -0.942617 0.294747 0.156837 -0.244772 0.230185 0.233445 0.944732 0.374255 
1535138890405 0.243282 0.926659 -0.286561 -0.634148 -0.942469 0.29567 0.155986 -0.244664 0.229274 0.232126 0.945278 0.374295 
1535138890513 0.244013 0.92663 -0.286031 -0.633997 -0.942312 0.296247 0.155839 -0.24456 0.229141 0.231504 0.945463 0.374313 
1535138890610 0.244584 0.926671 -0.285413 -0.633851 -0.942208 0.296644 0.155712 -0.244357 0.228959 0.230834 0.945671 0.374313 
1535138890815 0.245983 0.926671 -0.284207 -0.63357 -0.941929 0.297693 0.155399 -0.244113 0.22861 0.229477 0.946085 0.374379 
1535138891392 0.246794 0.926669 -0.283508 -0.63335 -0.941817 0.298252 0.155008 -0.244081 0.228198 0.228758 0.946359 0.374365 
1535138891764 0.246001 0.926927 -0.283356 -0.63244 -0.942089 0.297403 0.154984 -0.24345 0.22793 0.22882 0.946409 0.374728 
1535138892118 0.247251 0.926782 -0.282739 -0.630978 -0.941875 0.298382 0.1544 -0.243096 0.227459 0.228129 0.946689 0.375187 
1535138892312 0.247677 0.926662 -0.28276 -0.630643 -0.941815 0.298741 0.154074 -0.243002 0.227247 0.228147 0.946735 0.375223 
1535138892333 0.247668 0.92669 -0.282676 -0.630589 -0.941816 0.29872 0.154109 -0.242961 0.227252 0.228061 0.946755 0.375263 
1535138892626 0.246671 0.926804 -0.283175 -0.629794 -0.941639 0.298288 0.156015 -0.242503 0.229063 0.228165 0.946293 0.37562 
1535138892908 0.246344 0.926762 -0.283594 -0.628816 -0.941371 0.298397 0.157413 -0.242154 0.230509 0.22819 0.945936 0.376001 
1535138893203 0.245933 0.926653 -0.284309 -0.62786 -0.941132 0.298469 0.158706 -0.241812 0.231922 0.228541 0.945506 0.376263 
1535138893514 0.245733 0.926482 -0.285038 -0.626872 -0.940812 0.298769 0.160033 -0.241481 0.233428 0.228842 0.945062 0.376519 
1535138893892 0.245723 0.926369 -0.285413 -0.626662 -0.940674 0.298962 0.16048 -0.241421 0.233991 0.229047 0.944873 0.376472 
1535138894109 0.245783 0.926405 -0.285245 -0.626581 -0.940741 0.298909 0.160187 -0.241353 0.23366 0.228971 0.944974 0.376555 
1535138894381 0.24578 0.926332 -0.285484 -0.626079 -0.940688 0.299 0.160329 -0.241179 0.233878 0.229146 0.944877 0.376851 
1535138894687 0.245668 0.926198 -0.286016 -0.625117 -0.940634 0.299066 0.160519 -0.24073 0.23421 0.229602 0.944684 0.377207 
1535138894920 0.246056 0.92596 -0.286452 -0.624598 -0.940466 0.299578 0.160551 -0.240609 0.234478 0.229894 0.944547 0.377399 
1535138895248 0.245846 0.925861 -0.286951 -0.623645 -0.940415 0.299568 0.160866 -0.240115 0.234901 0.230305 0.944342 0.3777 
1535138895475 0.245932 0.925655 -0.287541 -0.623178 -0.940297 0.299847 0.161041 -0.239923 0.235287 0.230769 0.944132 0.377843 
1535138895723 0.246333 0.925452 -0.28785 -0.622621 -0.940151 0.300324 0.161004 -0.239891 0.23545 0.230962 0.944044 0.377997 
1535138895831 0.2465 0.925322 -0.288125 -0.622405 -0.94007 0.300567 0.161021 -0.239911 0.235597 0.231166 0.943958 0.378053 
1535138896089 0.246131 0.92546 -0.287998 -0.622244 -0.940137 0.300222 0.161273 -0.239613 0.235715 0.231064 0.943953 0.378161 
1535138896278 0.246377 0.925179 -0.288692 -0.621914 -0.939949 0.300699 0.16148 -0.239683 0.236207 0.23157 0.943706 0.378311 
1535138896538 0.246137 0.925061 -0.289273 -0.621345 -0.939824 0.300756 0.162101 -0.239292 0.236954 0.231966 0.943422 0.378531 
1535138896725 0.24629 0.924815 -0.289928 -0.621044 -0.939707 0.301091 0.162157 -0.239259 0.23726 0.23251 0.943211 0.378557 
1535138896924 0.246202 0.924726 -0.290287 -0.620745 -0.939652 0.301147 0.162373 -0.239144 0.237569 0.232792 0.943063 0.378661 
1535138897198 0.245953 0.924665 -0.290693 -0.620175 -0.939562 0.301133 0.162916 -0.238808 0.23818 0.233054 0.942845 0.379016 
1535138897557 0.24602 0.924491 -0.291187 -0.619991 -0.939456 0.30137 0.163091 -0.238731 0.238531 0.233434 0.942662 0.379033 
1535138897571 0.246057 0.924476 -0.291204 -0.620006 -0.939446 0.301409 0.163074 -0.238747 0.23853 0.233445 0.942659 0.379026 
1535138897780 0.246138 0.924627 -0.290657 -0.619927 -0.939484 0.301332 0.162998 -0.238672 0.238297 0.232948 0.942841 0.379159 
1535138898011 0.246136 0.924595 -0.290759 -0.619499 -0.93951 0.301322 0.162865 -0.238466 0.238196 0.233084 0.942833 0.379229 
1535138898177 0.246689 0.924373 -0.290996 -0.619167 -0.939359 0.301897 0.162671 -0.238646 0.23822 0.233221 0.942793 0.379219 
1535138898409 0.2466 0.92438 -0.29105 -0.618743 -0.939397 0.301809 0.162618 -0.238358 0.238163 0.23331 0.942786 0.379334 
1535138898564 0.247029 0.924176 -0.291335 -0.618477 -0.939278 0.302274 0.162443 -0.238429 0.238189 0.233516 0.942728 0.379343 
1535138898677 0.246813 0.924293 -0.291144 -0.618286 -0.939313 0.302055 0.162644 -0.238166 0.238273 0.233333 0.942752 0.379479 
1535138899014 0.246992 0.92418 -0.291352 -0.618053 -0.939288 0.302241 0.162444 -0.238151 0.238186 0.233541 0.942723 0.379474 
1535138899239 0.246715 0.924232 -0.291424 -0.618098 -0.939248 0.302099 0.162936 -0.237916 0.23863 0.233521 0.942615 0.37963 
1535138899467 0.246821 0.923967 -0.292173 -0.617687 -0.939227 0.302327 0.16264 -0.237756 0.238606 0.234274 0.942435 0.37974 
1535138899627 0.247346 0.923659 -0.292702 -0.617395 -0.939126 0.302883 0.162186 -0.237942 0.238459 0.234768 0.942349 0.379749 
1535138899858 0.247548 0.923433 -0.293244 -0.616964 -0.939003 0.30324 0.162231 -0.237743 0.238732 0.235197 0.942173 0.379962 
1535138900028 0.247572 0.923307 -0.293621 -0.616769 -0.938999 0.303326 0.16209 -0.237666 0.238722 0.235581 0.942079 0.38004 
1535138900191 0.247754 0.923111 -0.294081 -0.616515 -0.938945 0.303586 0.161916 -0.237713 0.238746 0.236011 0.941966 0.380065 
1535138900561 0.247772 0.923007 -0.294391 -0.616344 -0.938938 0.303661 0.16182 -0.237586 0.238756 0.236321 0.941886 0.380108 
1535138900583 0.247829 0.922981 -0.294427 -0.616381 -0.938921 0.303723 0.161801 -0.237621 0.238763 0.236345 0.941878 0.380094 
1535138900779 0.247901 0.923182 -0.293734 -0.616298 -0.93891 0.303662 0.16198 -0.237621 0.238733 0.235635 0.942063 0.38018 
1535138901007 0.247981 0.923308 -0.293271 -0.615879 -0.938861 0.303685 0.16222 -0.237248 0.23884 0.235113 0.942166 0.380211 
1535138901059 0.248009 0.923374 -0.29304 -0.615709 -0.93886 0.303664 0.162264 -0.237141 0.238816 0.23488 0.942231 0.380261 
1535138901210 0.248422 0.923317 -0.292869 -0.615449 -0.938752 0.304027 0.162212 -0.237205 0.238813 0.234635 0.942292 0.38029 
1535138901232 0.248464 0.923354 -0.292716 -0.615366 -0.938734 0.304047 0.16228 -0.237127 0.238841 0.234462 0.942328 0.380339 
1535138901303 0.248512 0.923391 -0.292558 -0.615268 -0.938714 0.304072 0.162347 -0.237047 0.238868 0.234283 0.942366 0.380384 
1535138901322 0.248522 0.923385 -0.29257 -0.61527 -0.938711 0.304084 0.162342 -0.237052 0.23887 0.234294 0.942363 0.380378 
1535138901499 0.248565 0.923344 -0.292662 -0.615068 -0.93864 0.304199 0.162534 -0.236904 0.239102 0.234304 0.942301 0.380472 
1535138901753 0.248468 0.923287 -0.292925 -0.614552 -0.938619 0.304199 0.162657 -0.236702 0.239286 0.23453 0.942198 0.380745 
1535138901925 0.248661 0.923198 -0.293041 -0.61426 -0.938526 0.304444 0.162733 -0.236662 0.239449 0.234561 0.942149 0.380813 
1535138902229 0.248648 0.923149 -0.293207 -0.613705 -0.938441 0.304548 0.16303 -0.236362 0.239797 0.23462 0.942046 0.381104 
1535138902414 0.248931 0.923025 -0.293357 -0.613195 -0.938308 0.304901 0.163138 -0.236265 0.240025 0.234649 0.941981 0.381314 
1535138902674 0.248887 0.922972 -0.293561 -0.612999 -0.938273 0.30494 0.163263 -0.236138 0.240205 0.234807 0.941895 0.381372 
1535138902958 0.249 0.923078 -0.29313 -0.612659 -0.938298 0.304919 0.163162 -0.235907 0.239993 0.234416 0.942047 0.381466 
1535138903227 0.249409 0.923065 -0.292826 -0.611869 -0.938242 0.305203 0.162952 -0.235501 0.239786 0.2341 0.942178 0.381667 
1535138903421 0.249799 0.922943 -0.292875 -0.611561 -0.938232 0.305492 0.162467 -0.235525 0.239419 0.234201 0.942246 0.381658 
1535138903650 0.25013 0.922961 -0.292537 -0.611027 -0.938122 0.30577 0.162581 -0.235214 0.239505 0.233769 0.942332 0.381841 
1535138903806 0.250394 0.922878 -0.292573 -0.610756 -0.938164 0.305918 0.162059 -0.235295 0.239064 0.233902 0.942411 0.381871 
1535138903824 0.250371 0.922882 -0.292581 -0.610764 -0.938175 0.305891 0.162041 -0.235278 0.239043 0.233922 0.942411 0.38186 
1535138904156 0.250323 0.922984 -0.292299 -0.610029 -0.938013 0.305967 0.162835 -0.234684 0.239727 0.233419 0.942362 0.382152 
1535138904488 0.250642 0.922846 -0.292462 -0.608892 -0.937845 0.306381 0.163026 -0.234145 0.240053 0.233423 0.942278 0.382426 
1535138904694 0.251125 0.922649 -0.292669 -0.608497 -0.937666 0.306926 0.163029 -0.234036 0.240247 0.233485 0.942213 0.382483 
1535138904985 0.251201 0.922653 -0.292591 -0.607681 -0.937629 0.307001 0.163103 -0.233712 0.240313 0.23337 0.942225 0.382728 
1535138905185 0.251506 0.922463 -0.29293 -0.607449 -0.937558 0.307341 0.16287 -0.233719 0.24027 0.233676 0.94216 0.382636 
1535138905199 0.251489 0.922469 -0.292925 -0.607451 -0.937561 0.307325 0.162881 -0.233706 0.240276 0.233672 0.94216 0.382637 
1535138905431 0.251526 0.922873 -0.291617 -0.607049 -0.937465 0.307213 0.163645 -0.233389 0.240612 0.23222 0.942433 0.382874 
1535138905602 0.252019 0.922829 -0.291331 -0.606693 -0.937308 0.307656 0.163714 -0.233399 0.24071 0.231808 0.942509 0.382853 
1535138905845 0.252282 0.922999 -0.290561 -0.606069 -0.937221 0.307786 0.163964 -0.23315 0.240769 0.230954 0.942704 0.382938 
1535138906004 0.252414 0.923095 -0.290142 -0.605795 -0.937118 0.307902 0.164338 -0.232935 0.241035 0.230416 0.942768 0.382965 
1535138906235 0.252712 0.92331 -0.289197 -0.605159 -0.937003 0.308051 0.164715 -0.232646 0.24117 0.229353 0.942992 0.383117 
1535138906338 0.253151 0.9233 -0.288846 -0.604832 -0.936866 0.308425 0.164794 -0.232667 0.241241 0.228892 0.943086 0.383127 
1535138906356 0.25315 0.923302 -0.288841 -0.604836 -0.936858 0.30843 0.164826 -0.232649 0.241271 0.228877 0.943082 0.383124 
1535138906576 0.25266 0.92362 -0.288252 -0.60471 -0.937032 0.307818 0.164982 -0.232376 0.24111 0.228417 0.943235 0.383201 
1535138906636 0.252843 0.923728 -0.287744 -0.604466 -0.936981 0.307903 0.165112 -0.232247 0.241115 0.227863 0.943367 0.383227 
1535138906892 0.253222 0.924159 -0.286023 -0.603631 -0.936943 0.307896 0.165339 -0.231975 0.240865 0.22612 0.943851 0.38335 
1535138906937 0.253376 0.92426 -0.285559 -0.603366 -0.936931 0.307933 0.165341 -0.231901 0.240751 0.225655 0.943991 0.383336 
1535138907109 0.253442 0.924419 -0.284986 -0.603115 -0.936878 0.307927 0.165654 -0.231711 0.240889 0.225014 0.944109 0.383358 
1535138907244 0.25385 0.924453 -0.284511 -0.602764 -0.936814 0.308188 0.165528 -0.231717 0.240706 0.224515 0.944274 0.383261 
1535138907265 0.253914 0.92444 -0.284497 -0.602742 -0.936799 0.308245 0.16551 -0.231757 0.240699 0.224491 0.944281 0.383253 
1535138907475 0.253562 0.924659 -0.284099 -0.602596 -0.936884 0.307847 0.165769 -0.231363 0.240739 0.224135 0.944356 0.383444 
1535138907533 0.253571 0.924756 -0.283774 -0.602373 -0.936957 0.307726 0.165579 -0.231224 0.240445 0.223898 0.944487 0.383485 
1535138907701 0.253831 0.924799 -0.283403 -0.602049 -0.936998 0.307805 0.1652 -0.23118 0.240009 0.223616 0.944665 0.383517 
1535138907923 0.254006 0.924965 -0.282702 -0.601571 -0.937079 0.307727 0.164883 -0.230889 0.239506 0.223033 0.94493 0.38351 
1535138908145 0.254398 0.925126 -0.281822 -0.601001 -0.93705 0.307873 0.164778 -0.230732 0.239206 0.222162 0.945211 0.383665 
1535138908278 0.254654 0.925144 -0.281532 -0.60073 -0.937056 0.307996 0.164513 -0.230641 0.238909 0.221917 0.945344 0.383595 
1535138908461 0.254612 0.925288 -0.281094 -0.600743 -0.937103 0.307845 0.164528 -0.230563 0.238769 0.221523 0.945472 0.383625 
1535138908527 0.254917 0.925378 -0.280521 -0.600772 -0.937066 0.307993 0.164465 -0.230614 0.23859 0.220942 0.945653 0.383606 
1535138908712 0.25523 0.92573 -0.279074 -0.600643 -0.937226 0.307808 0.163895 -0.230424 0.237624 0.219725 0.94618 0.383469 
1535138908932 0.256069 0.926265 -0.276518 -0.600257 -0.937312 0.307869 0.163289 -0.2302 0.23638 0.217371 0.947035 0.383434 
1535138908971 0.256363 0.926398 -0.275798 -0.600157 -0.937333 0.307931 0.163051 -0.23016 0.235977 0.216714 0.947285 0.383405 
1535138909255 0.256524 0.926616 -0.274915 -0.600032 -0.937492 0.307743 0.162488 -0.229988 0.235168 0.216048 0.947639 0.383193 
1535138909279 0.256526 0.926622 -0.274892 -0.60003 -0.937493 0.30774 0.162492 -0.229982 0.235164 0.216026 0.947645 0.383195 
1535138909443 0.256676 0.926605 -0.274811 -0.600068 -0.937436 0.307884 0.162545 -0.230026 0.235225 0.215896 0.947659 0.383242 
1535138909559 0.257112 0.926682 -0.274143 -0.600247 -0.937446 0.308066 0.162143 -0.230119 0.234709 0.215305 0.947922 0.383222 
1535138909691 0.257256 0.926926 -0.273179 -0.600276 -0.937532 0.30792 0.161922 -0.23002 0.234207 0.214459 0.948238 0.383166 
1535138909937 0.257931 0.927242 -0.271465 -0.600374 -0.937693 0.307952 0.160929 -0.229927 0.232818 0.213042 0.948899 0.382955 
1535138910079 0.258366 0.927354 -0.270669 -0.600476 -0.937735 0.308083 0.160428 -0.229931 0.232162 0.212367 0.949211 0.382889 
1535138910290 0.258864 0.927738 -0.26887 -0.600471 -0.937915 0.307961 0.159609 -0.229911 0.230877 0.21086 0.94986 0.382767 
1535138910481 0.259262 0.927868 -0.268036 -0.600575 -0.937959 0.308059 0.159161 -0.229817 0.230252 0.210143 0.950171 0.38261 
1535138911939 0.248317 0.926642 -0.282266 -0.572289 -0.93947 0.301396 0.162963 -0.21669 0.236082 0.224713 0.945394 0.402829 
1535138914253 0.213027 0.919761 -0.329634 -0.472752 -0.944146 0.280598 0.17278 -0.171036 0.251411 0.274416 0.928164 0.473745 
