1535159777280 0.225704 0.918623 -0.324329 -0.536925 -0.935618 0.29716 0.190564 -0.202499 0.271434 0.260438 0.926551 0.434347 
1535159782368 0.225703 0.918622 -0.324332 -0.536925 -0.935618 0.29716 0.190565 -0.202499 0.271436 0.26044 0.926549 0.434347 
1535159783097 0.225094 0.918395 -0.325396 -0.546503 -0.935989 0.296592 0.189624 -0.206857 0.270659 0.261884 0.926369 0.429402 
1535159784437 0.221046 0.918273 -0.328503 -0.57619 -0.937795 0.292601 0.186883 -0.219862 0.26773 0.266759 0.92583 0.413261 
1535159785538 0.218032 0.91811 -0.330962 -0.596029 -0.938988 0.289781 0.185281 -0.228396 0.266015 0.270372 0.925276 0.402237 
1535159786666 0.215239 0.918021 -0.333031 -0.615775 -0.940235 0.286957 0.183338 -0.237084 0.263874 0.273666 0.92492 0.391403 
1535159787439 0.213738 0.917905 -0.334315 -0.625672 -0.940828 0.285545 0.1825 -0.241343 0.26298 0.275526 0.924623 0.385715 
1535159787473 0.213148 0.918063 -0.334259 -0.625863 -0.940986 0.284956 0.182608 -0.241228 0.262894 0.27561 0.924622 0.385471 
1535159787762 0.213632 0.91792 -0.334343 -0.626468 -0.940853 0.285451 0.182521 -0.241772 0.262978 0.275575 0.924609 0.385315 
1535159788168 0.21375 0.917804 -0.334585 -0.628427 -0.940915 0.285516 0.182098 -0.242758 0.26266 0.275893 0.924604 0.384191 
1535159788625 0.213115 0.917849 -0.334865 -0.630547 -0.941078 0.284957 0.182133 -0.243478 0.262593 0.276319 0.924496 0.382967 
1535159789088 0.212684 0.917797 -0.335282 -0.63353 -0.94126 0.284547 0.181832 -0.244805 0.262288 0.276914 0.924404 0.381314 
1535159789339 0.21213 0.917915 -0.33531 -0.63454 -0.941379 0.284039 0.182008 -0.245164 0.262309 0.277045 0.924359 0.380657 
1535159789610 0.211091 0.917617 -0.336779 -0.634353 -0.941387 0.283597 0.182657 -0.245041 0.263118 0.278483 0.923697 0.381035 
1535159789792 0.210813 0.917223 -0.338023 -0.63429 -0.941208 0.28384 0.1832 -0.245366 0.26398 0.279529 0.923135 0.381292 
1535159789855 0.210238 0.917116 -0.338672 -0.634521 -0.941211 0.283565 0.18361 -0.245411 0.264427 0.28016 0.922815 0.38128 
1535159789976 0.209806 0.916908 -0.339502 -0.634648 -0.941129 0.283517 0.184106 -0.245649 0.265063 0.280889 0.922412 0.381283 
1535159790162 0.20864 0.916653 -0.340904 -0.635095 -0.941115 0.282998 0.18497 -0.245806 0.266029 0.282238 0.921721 0.381292 
1535159790755 0.208262 0.916423 -0.341755 -0.635307 -0.941037 0.282989 0.185382 -0.24605 0.266601 0.282996 0.921323 0.3813 
1535159790953 0.207826 0.91684 -0.340899 -0.635171 -0.941372 0.282155 0.184952 -0.245906 0.265758 0.282475 0.921727 0.381331 
1535159791204 0.206034 0.917137 -0.341189 -0.635333 -0.941733 0.280575 0.185516 -0.246352 0.265873 0.283087 0.921506 0.381476 
1535159791415 0.204849 0.917307 -0.341445 -0.635474 -0.941961 0.279552 0.185902 -0.246681 0.26598 0.283546 0.921334 0.381588 
1535159791623 0.203574 0.917553 -0.341548 -0.635598 -0.94222 0.278401 0.186318 -0.246952 0.266044 0.283884 0.921212 0.381667 
1535159791678 0.203031 0.917649 -0.341612 -0.635642 -0.942345 0.277899 0.186437 -0.247043 0.266017 0.284064 0.921164 0.381696 
1535159791695 0.203002 0.917652 -0.341621 -0.63565 -0.942346 0.27788 0.18646 -0.247058 0.266035 0.284073 0.921155 0.381701 
1535159791713 0.203051 0.917639 -0.341628 -0.635662 -0.942322 0.277941 0.18649 -0.247075 0.266083 0.284057 0.921147 0.381709 
1535159791872 0.202772 0.917781 -0.341411 -0.63571 -0.942352 0.277669 0.186742 -0.247174 0.266188 0.283863 0.921176 0.381718 
1535159792056 0.201909 0.918295 -0.340538 -0.635835 -0.942556 0.276665 0.187201 -0.24733 0.266121 0.283179 0.921406 0.38158 
1535159792237 0.201353 0.918643 -0.339929 -0.635908 -0.942693 0.276003 0.187491 -0.247689 0.266058 0.282696 0.921572 0.381566 
1535159792319 0.201257 0.918741 -0.339721 -0.635966 -0.942666 0.27592 0.187746 -0.247934 0.266225 0.282458 0.921597 0.381524 
1535159792438 0.200416 0.918963 -0.339619 -0.636042 -0.942803 0.275159 0.188175 -0.247852 0.266375 0.282481 0.921547 0.381456 
1535159792857 0.200066 0.919171 -0.339262 -0.636118 -0.942906 0.274728 0.188287 -0.248026 0.266273 0.282223 0.921656 0.381348 
1535159792909 0.200173 0.919099 -0.339394 -0.636068 -0.942877 0.274863 0.188238 -0.247862 0.266296 0.282327 0.921617 0.381341 
1535159793048 0.201196 0.919021 -0.339 -0.635986 -0.942745 0.275646 0.187751 -0.247968 0.265991 0.281816 0.921862 0.381425 
1535159793071 0.201519 0.919125 -0.338525 -0.635963 -0.94275 0.275772 0.187543 -0.247962 0.265731 0.281351 0.922079 0.381391 
1535159793189 0.201981 0.919239 -0.337941 -0.63602 -0.942802 0.275926 0.187055 -0.247825 0.265195 0.28083 0.922392 0.381104 
1535159793227 0.202455 0.919265 -0.337585 -0.63599 -0.942769 0.276224 0.186781 -0.247896 0.264951 0.28045 0.922577 0.381056 
1535159793259 0.202948 0.91928 -0.337247 -0.635967 -0.942712 0.276564 0.186564 -0.24797 0.264775 0.280064 0.922745 0.381032 
1535159793339 0.203742 0.919282 -0.336764 -0.635962 -0.94263 0.277114 0.186163 -0.248097 0.264459 0.279515 0.923002 0.38102 
1535159793478 0.203663 0.919444 -0.336369 -0.635917 -0.942754 0.276848 0.185933 -0.247907 0.264078 0.279246 0.923193 0.380929 
1535159793631 0.204063 0.91912 -0.33701 -0.63571 -0.942425 0.277608 0.186466 -0.247945 0.264942 0.279555 0.922851 0.381142 
1535159793862 0.205264 0.918971 -0.336688 -0.635374 -0.942168 0.278661 0.186194 -0.247552 0.264929 0.278998 0.923024 0.381173 
1535159794104 0.206741 0.91881 -0.336223 -0.634969 -0.941852 0.279942 0.185871 -0.247317 0.264903 0.278245 0.923258 0.381294 
1535159794372 0.20905 0.918472 -0.335718 -0.63434 -0.941376 0.281965 0.185223 -0.247061 0.264783 0.277316 0.923572 0.381411 
1535159794399 0.209374 0.91843 -0.335631 -0.634264 -0.941299 0.282256 0.18517 -0.247009 0.2648 0.27716 0.923614 0.381423 
1535159794719 0.209362 0.918389 -0.335752 -0.633868 -0.941336 0.282233 0.185018 -0.246756 0.264679 0.27732 0.923601 0.381556 
1535159795056 0.209588 0.918263 -0.335956 -0.632479 -0.941286 0.282486 0.184886 -0.246099 0.264677 0.277481 0.923553 0.382123 
1535159795363 0.210561 0.917966 -0.336157 -0.631401 -0.941057 0.283449 0.184576 -0.245773 0.264718 0.277479 0.923542 0.382533 
1535159795393 0.210583 0.917961 -0.336159 -0.631323 -0.941044 0.283478 0.184599 -0.245676 0.264748 0.277467 0.923537 0.382608 
1535159795593 0.210769 0.917877 -0.33627 -0.63112 -0.941019 0.283658 0.184452 -0.245694 0.264689 0.277559 0.923526 0.382749 
1535159795865 0.209964 0.917888 -0.336745 -0.630199 -0.941116 0.283086 0.184831 -0.245028 0.264981 0.278108 0.923277 0.38293 
1535159796165 0.210205 0.917673 -0.33718 -0.629154 -0.940907 0.283563 0.185165 -0.244713 0.265533 0.278332 0.923051 0.383335 
1535159796516 0.209793 0.91754 -0.337796 -0.627654 -0.94092 0.283384 0.185372 -0.24408 0.265812 0.27895 0.922784 0.383873 
1535159796736 0.21008 0.917412 -0.337966 -0.62714 -0.940762 0.283786 0.185559 -0.243891 0.266144 0.278963 0.922685 0.384195 
1535159796772 0.20993 0.917424 -0.338026 -0.627002 -0.9408 0.283653 0.18557 -0.243786 0.266129 0.279058 0.92266 0.384204 
1535159796921 0.210362 0.917275 -0.338165 -0.62689 -0.940666 0.284123 0.185528 -0.243932 0.266261 0.279072 0.922618 0.384286 
1535159797279 0.209361 0.917146 -0.339134 -0.625508 -0.940197 0.284108 0.187913 -0.243514 0.268694 0.279511 0.921779 0.384756 
1535159797714 0.208125 0.91685 -0.340689 -0.62327 -0.939425 0.284358 0.191365 -0.24276 0.272331 0.280224 0.920494 0.385676 
1535159797741 0.208149 0.916822 -0.340751 -0.623179 -0.939382 0.284432 0.191465 -0.242752 0.27246 0.280242 0.920451 0.385708 
1535159797759 0.208099 0.916831 -0.340758 -0.623128 -0.939378 0.284403 0.191532 -0.242717 0.272515 0.280243 0.920434 0.385723 
1535159797925 0.208692 0.916726 -0.340678 -0.623055 -0.939455 0.284724 0.190671 -0.242753 0.271793 0.280261 0.920643 0.38575 
1535159798071 0.208978 0.916839 -0.340199 -0.622911 -0.939873 0.284395 0.189099 -0.242548 0.270125 0.280226 0.921144 0.385752 
1535159798116 0.209399 0.916755 -0.340165 -0.622866 -0.939909 0.284645 0.18854 -0.242508 0.269671 0.280244 0.921271 0.385814 
1535159798286 0.210317 0.916618 -0.339969 -0.622557 -0.940174 0.284974 0.186714 -0.24238 0.268027 0.280361 0.921715 0.385954 
1535159798416 0.210871 0.916613 -0.339639 -0.622327 -0.940463 0.284991 0.185226 -0.242381 0.266575 0.280359 0.922137 0.385998 
1535159798432 0.210891 0.91661 -0.339633 -0.622328 -0.940459 0.285009 0.185221 -0.242388 0.266574 0.280349 0.92214 0.386001 
1535159798622 0.21047 0.916624 -0.339858 -0.622251 -0.940252 0.284977 0.18632 -0.242194 0.267637 0.280337 0.921836 0.3861 
1535159798789 0.210544 0.916522 -0.340086 -0.621916 -0.940032 0.285305 0.186924 -0.242165 0.268348 0.280336 0.92163 0.386225 
1535159799052 0.210614 0.916499 -0.340104 -0.621124 -0.940053 0.285336 0.186774 -0.241756 0.268222 0.280379 0.921653 0.386435 
1535159799281 0.21086 0.916413 -0.340185 -0.620553 -0.939947 0.285636 0.186847 -0.24156 0.268398 0.280357 0.921609 0.386665 
1535159799423 0.21115 0.91633 -0.340228 -0.620265 -0.939849 0.285949 0.186861 -0.241555 0.268514 0.280307 0.92159 0.386806 
1535159799454 0.210948 0.916378 -0.340225 -0.620198 -0.939909 0.285745 0.186872 -0.241439 0.268463 0.280361 0.921589 0.386819 
1535159799700 0.211153 0.916247 -0.34045 -0.619771 -0.939631 0.286224 0.187534 -0.241291 0.269273 0.280299 0.921371 0.387067 
1535159799910 0.210953 0.916119 -0.340918 -0.619315 -0.939417 0.286403 0.188333 -0.241093 0.270175 0.280535 0.921035 0.387159 
1535159800107 0.211003 0.916023 -0.341143 -0.618806 -0.93917 0.28674 0.189049 -0.240934 0.270993 0.280502 0.920805 0.387367 
1535159800316 0.210981 0.915939 -0.341383 -0.618305 -0.938882 0.287072 0.189974 -0.240761 0.272006 0.280438 0.920526 0.387656 
1535159800342 0.210857 0.915934 -0.341475 -0.618197 -0.938859 0.287027 0.190154 -0.24068 0.272181 0.280501 0.920454 0.387696 
1535159800381 0.210987 0.915868 -0.341571 -0.618094 -0.938763 0.287238 0.190312 -0.240723 0.272413 0.280501 0.920386 0.387746 
1535159800573 0.210834 0.915853 -0.341706 -0.617919 -0.938794 0.287126 0.190326 -0.240508 0.272423 0.280664 0.920333 0.387719 
1535159800782 0.210841 0.915809 -0.341819 -0.6175 -0.938805 0.287144 0.190246 -0.240351 0.27238 0.28079 0.920308 0.387865 
1535159800982 0.210957 0.915698 -0.342045 -0.617108 -0.938711 0.287369 0.190369 -0.240194 0.272613 0.280922 0.920198 0.387972 
1535159801179 0.210942 0.915602 -0.342309 -0.616703 -0.938666 0.287459 0.190454 -0.240041 0.27278 0.281139 0.920082 0.388093 
1535159801256 0.210868 0.915583 -0.342407 -0.616466 -0.93869 0.287403 0.190421 -0.239977 0.272755 0.28126 0.920053 0.388125 
1535159801432 0.210811 0.915582 -0.342445 -0.616418 -0.938691 0.28737 0.190466 -0.23985 0.272796 0.281298 0.920029 0.388188 
1535159801664 0.210877 0.915416 -0.342848 -0.615913 -0.938584 0.287611 0.19063 -0.239626 0.273112 0.281593 0.919845 0.388399 
1535159801934 0.211223 0.915221 -0.343154 -0.615089 -0.938482 0.288022 0.190512 -0.239378 0.273196 0.281804 0.919756 0.388686 
1535159802152 0.211442 0.915094 -0.343358 -0.61454 -0.938389 0.288314 0.190527 -0.2392 0.273345 0.281918 0.919676 0.388944 
1535159802216 0.211455 0.915029 -0.343523 -0.614326 -0.938371 0.288375 0.190522 -0.239191 0.273397 0.282066 0.919616 0.38899 
1535159802233 0.211515 0.915003 -0.343556 -0.614321 -0.938345 0.288452 0.190538 -0.239194 0.273442 0.282072 0.9196 0.389011 
1535159802481 0.211245 0.91525 -0.343064 -0.613884 -0.938335 0.28817 0.19101 -0.238819 0.273682 0.281559 0.919686 0.389132 
1535159802628 0.211755 0.915254 -0.34274 -0.613469 -0.938131 0.28867 0.19126 -0.238917 0.27399 0.281034 0.919755 0.389316 
1535159802880 0.211653 0.915353 -0.342538 -0.6129 -0.938064 0.288625 0.191655 -0.238549 0.274297 0.280758 0.919748 0.389437 
1535159803099 0.211674 0.915462 -0.342233 -0.612266 -0.937915 0.288728 0.192229 -0.238326 0.27479 0.280295 0.919742 0.389722 
1535159803253 0.212163 0.915376 -0.342159 -0.611892 -0.937723 0.289251 0.192376 -0.238353 0.275067 0.280035 0.919738 0.389807 
1535159803462 0.212126 0.915436 -0.342023 -0.611637 -0.937663 0.289258 0.192661 -0.238236 0.275302 0.279834 0.919729 0.3899 
1535159803666 0.212087 0.915453 -0.342 -0.6115 -0.937704 0.289184 0.192572 -0.23808 0.275192 0.279853 0.919756 0.389958 
1535159803907 0.212353 0.915404 -0.341966 -0.610838 -0.937597 0.289472 0.192657 -0.237796 0.275349 0.279715 0.919751 0.39005 
1535159804173 0.212704 0.915377 -0.341821 -0.609867 -0.937364 0.289925 0.193113 -0.237423 0.275874 0.279335 0.91971 0.390373 
1535159804402 0.213205 0.915318 -0.341666 -0.609207 -0.937142 0.290469 0.19337 -0.237147 0.276238 0.278962 0.919713 0.390616 
1535159804426 0.213222 0.91532 -0.341651 -0.609108 -0.937134 0.290486 0.193385 -0.237122 0.276254 0.278939 0.919716 0.390638 
1535159804760 0.213203 0.915089 -0.342281 -0.608046 -0.937185 0.290553 0.193034 -0.236408 0.276094 0.279625 0.919555 0.391075 
1535159805104 0.213907 0.914557 -0.343262 -0.60662 -0.93712 0.291321 0.192195 -0.235809 0.275772 0.280566 0.919365 0.391591 
1535159805297 0.214246 0.91442 -0.343418 -0.60621 -0.937083 0.291629 0.191908 -0.23572 0.275635 0.280695 0.919367 0.391822 
1535159805311 0.214246 0.914416 -0.343427 -0.606148 -0.937087 0.291626 0.19189 -0.235673 0.275619 0.280709 0.919367 0.391827 
1535159805505 0.214127 0.914462 -0.343378 -0.60597 -0.937119 0.2915 0.191926 -0.23551 0.275604 0.280689 0.919378 0.391902 
1535159805735 0.213832 0.914517 -0.343417 -0.605301 -0.937088 0.291333 0.192332 -0.235277 0.27594 0.280686 0.919279 0.392013 
1535159806057 0.213901 0.914562 -0.343254 -0.604029 -0.937025 0.291412 0.19252 -0.234794 0.2761 0.280457 0.9193 0.392503 
1535159806082 0.214198 0.914452 -0.34336 -0.60391 -0.936911 0.291757 0.192549 -0.234861 0.276254 0.280454 0.919255 0.392585 
1535159806102 0.21423 0.914443 -0.343364 -0.603841 -0.936895 0.291797 0.192566 -0.234878 0.276283 0.280443 0.919249 0.392646 
1535159806253 0.214197 0.914747 -0.342574 -0.603751 -0.937111 0.291388 0.192134 -0.234712 0.275576 0.279876 0.919634 0.392552 
1535159806426 0.214636 0.915196 -0.341098 -0.603677 -0.937348 0.291146 0.191344 -0.234521 0.274427 0.278658 0.920347 0.392434 
1535159806593 0.21528 0.915616 -0.339561 -0.603354 -0.937643 0.290978 0.190152 -0.23437 0.272911 0.277451 0.921163 0.392338 
1535159806747 0.215782 0.916081 -0.337985 -0.603061 -0.937911 0.290731 0.189206 -0.234256 0.271591 0.276173 0.921937 0.392322 
1535159806803 0.21601 0.91631 -0.337218 -0.602924 -0.938012 0.290629 0.188858 -0.234184 0.271058 0.27552 0.922289 0.392344 
1535159806851 0.216078 0.916413 -0.336895 -0.602858 -0.938062 0.29056 0.188719 -0.234119 0.270833 0.27525 0.922435 0.392344 
1535159806867 0.216074 0.916427 -0.336858 -0.602848 -0.938076 0.290535 0.188688 -0.234099 0.270788 0.275228 0.922455 0.392335 
1535159807055 0.216432 0.916711 -0.335854 -0.602677 -0.938105 0.29055 0.18852 -0.234002 0.270401 0.274264 0.922856 0.392271 
1535159807101 0.216618 0.916937 -0.335118 -0.602556 -0.938095 0.29054 0.188584 -0.233985 0.270285 0.273521 0.92311 0.392301 
1535159807208 0.216762 0.91718 -0.334357 -0.602359 -0.938084 0.290495 0.188707 -0.233854 0.270208 0.272751 0.923361 0.392281 
1535159807264 0.217026 0.917389 -0.333612 -0.602224 -0.938148 0.290464 0.188437 -0.233806 0.269772 0.272082 0.923685 0.392266 
1535159807386 0.217332 0.917686 -0.332595 -0.602012 -0.938216 0.290401 0.188195 -0.233692 0.26929 0.271145 0.924101 0.392214 
1535159807423 0.217561 0.917837 -0.332029 -0.601913 -0.938224 0.290438 0.188097 -0.233668 0.269077 0.270595 0.924325 0.39221 
1535159807544 0.217843 0.918085 -0.331157 -0.601734 -0.93822 0.290462 0.188081 -0.233574 0.268863 0.269726 0.924641 0.392235 
1535159807788 0.218361 0.918334 -0.330123 -0.601483 -0.938195 0.290641 0.187932 -0.23352 0.268531 0.268683 0.925041 0.392162 
1535159807809 0.218371 0.918332 -0.330121 -0.60148 -0.938191 0.290652 0.187934 -0.233526 0.268537 0.268677 0.925041 0.392162 
1535159807825 0.218379 0.91833 -0.330121 -0.601478 -0.938188 0.29066 0.187936 -0.233531 0.26854 0.268674 0.925041 0.392162 
1535159807844 0.218384 0.918329 -0.330121 -0.601476 -0.938186 0.290666 0.187937 -0.233534 0.268543 0.268672 0.925041 0.392162 
1535159807971 0.21857 0.918409 -0.329777 -0.601567 -0.938107 0.290805 0.188116 -0.233615 0.268668 0.26825 0.925127 0.392178 
1535159808003 0.21866 0.91861 -0.329156 -0.601535 -0.938026 0.290823 0.188492 -0.233578 0.268877 0.267541 0.925271 0.392189 
1535159808123 0.219066 0.918782 -0.328406 -0.601493 -0.937946 0.291035 0.188564 -0.233541 0.268827 0.266719 0.925523 0.392052 
1535159808165 0.21919 0.918974 -0.327786 -0.60143 -0.937911 0.29103 0.188745 -0.233507 0.268847 0.266062 0.925706 0.392025 
1535159808210 0.219294 0.919083 -0.327409 -0.601403 -0.937873 0.291063 0.188881 -0.23347 0.268894 0.265648 0.925812 0.391995 
1535159809530 0.216419 0.919052 -0.329404 -0.572991 -0.939471 0.287841 0.185855 -0.219719 0.265626 0.269243 0.925716 0.409859 
1535159811859 0.208887 0.918681 -0.335248 -0.472688 -0.944406 0.278502 0.174737 -0.17168 0.253895 0.28011 0.925784 0.474432 
