1535172123249 0.276232 0.923518 -0.266102 -0.601686 -0.930236 0.326504 0.167498 -0.229638 0.241571 0.201269 0.949281 0.383686 
1535172134134 0.276233 0.923518 -0.266102 -0.601686 -0.930236 0.326505 0.167498 -0.229638 0.241571 0.201269 0.949281 0.383686 
1535172134286 0.276227 0.92347 -0.266272 -0.6017 -0.930164 0.326591 0.167726 -0.229629 0.241852 0.201346 0.949193 0.383689 
1535172134415 0.276901 0.922946 -0.26739 -0.601626 -0.929347 0.327954 0.169589 -0.229728 0.244213 0.201539 0.948547 0.38373 
1535172134454 0.276937 0.922773 -0.267946 -0.601647 -0.929106 0.328281 0.170276 -0.229683 0.245088 0.201794 0.948267 0.383691 
1535172134534 0.277108 0.922552 -0.268532 -0.601647 -0.928708 0.328839 0.171368 -0.229579 0.246399 0.2019 0.947905 0.383627 
1535172134598 0.277427 0.922262 -0.269197 -0.601614 -0.928351 0.329482 0.172066 -0.229707 0.247385 0.202173 0.94759 0.383579 
1535172134658 0.277776 0.921992 -0.269761 -0.601591 -0.927938 0.330174 0.172964 -0.229809 0.24854 0.202277 0.947266 0.383629 
1535172134720 0.277846 0.921855 -0.270158 -0.601605 -0.927607 0.330567 0.173984 -0.229735 0.249693 0.202259 0.946966 0.383685 
1535172135698 0.278276 0.921457 -0.27107 -0.601572 -0.927026 0.331517 0.175266 -0.229746 0.251364 0.202517 0.946469 0.383659 
1535172135717 0.27822 0.92149 -0.271015 -0.601582 -0.927078 0.331425 0.175168 -0.229728 0.251236 0.202517 0.946503 0.383651 
1535172135735 0.278181 0.921566 -0.270799 -0.601575 -0.9272 0.331258 0.174838 -0.22973 0.250829 0.202448 0.946625 0.383641 
1535172135755 0.278168 0.921655 -0.270509 -0.601573 -0.927352 0.331071 0.174388 -0.229758 0.250283 0.202348 0.946791 0.383653 
1535172135772 0.278079 0.92173 -0.270344 -0.601577 -0.927471 0.330879 0.174116 -0.229775 0.249939 0.202318 0.946889 0.383665 
1535172135789 0.277991 0.921795 -0.270211 -0.601587 -0.927559 0.33072 0.173949 -0.229775 0.249709 0.20228 0.946957 0.38368 
1535172135833 0.277884 0.921817 -0.270248 -0.601624 -0.927576 0.330636 0.174017 -0.229733 0.249765 0.202319 0.946934 0.383666 
1535172135850 0.277864 0.92178 -0.270395 -0.601628 -0.92749 0.33072 0.174318 -0.229711 0.250107 0.202352 0.946837 0.383651 
1535172136471 0.278443 0.921284 -0.271487 -0.601571 -0.92678 0.331914 0.175818 -0.229766 0.252089 0.202654 0.946247 0.383639 
1535172136488 0.278393 0.921356 -0.271293 -0.601586 -0.926879 0.331762 0.175582 -0.229747 0.251778 0.202575 0.946346 0.383637 
1535172136505 0.278341 0.921446 -0.27104 -0.60158 -0.926973 0.331601 0.175392 -0.229729 0.251491 0.202428 0.946454 0.383635 
1535172136525 0.278078 0.921616 -0.270733 -0.601584 -0.927203 0.331168 0.174989 -0.22971 0.250931 0.202364 0.946616 0.383633 
1535172136542 0.277938 0.921713 -0.270547 -0.601601 -0.92736 0.330907 0.174655 -0.229696 0.250507 0.202351 0.946731 0.383648 
1535172136564 0.277809 0.921778 -0.270459 -0.601633 -0.927485 0.330696 0.174389 -0.229663 0.250187 0.2024 0.946805 0.383656 
1535172136581 0.277763 0.921799 -0.270434 -0.601645 -0.927524 0.330627 0.174312 -0.229649 0.250093 0.202417 0.946827 0.383649 
1535172136598 0.277768 0.92179 -0.27046 -0.601648 -0.927522 0.330637 0.174304 -0.22965 0.250096 0.202442 0.946821 0.38364 
1535172137265 0.278457 0.921287 -0.271461 -0.601563 -0.926729 0.331961 0.175999 -0.229752 0.25226 0.202562 0.946221 0.38364 
1535172137346 0.277814 0.921743 -0.270571 -0.601646 -0.92747 0.330733 0.174398 -0.229638 0.250237 0.202497 0.946772 0.383629 
1535172137410 0.277489 0.921906 -0.270349 -0.601658 -0.927574 0.330375 0.174525 -0.229627 0.250212 0.20234 0.946812 0.383624 
1535172137483 0.276975 0.922123 -0.270138 -0.601588 -0.927484 0.330038 0.175635 -0.229743 0.251113 0.201902 0.946667 0.383739 
1535172137567 0.276871 0.922189 -0.270018 -0.601526 -0.927382 0.330023 0.176204 -0.229891 0.251606 0.201624 0.946595 0.383834 
1535172137599 0.276479 0.922319 -0.269975 -0.601513 -0.927409 0.32971 0.176643 -0.229868 0.251935 0.201539 0.946526 0.383814 
1535172137655 0.276077 0.922466 -0.269884 -0.601491 -0.927392 0.329418 0.177278 -0.229848 0.252438 0.201346 0.946433 0.383791 
1535172137715 0.275702 0.922579 -0.269882 -0.601474 -0.927396 0.329144 0.177768 -0.229859 0.252835 0.201277 0.946342 0.383751 
1535172138336 0.275097 0.922854 -0.269558 -0.601413 -0.92735 0.328681 0.17886 -0.229958 0.25366 0.20077 0.946228 0.383874 
1535172138388 0.275729 0.922599 -0.269787 -0.601434 -0.927335 0.329193 0.177992 -0.230014 0.253027 0.201106 0.946326 0.38377 
1535172138487 0.275986 0.922439 -0.27007 -0.601481 -0.927333 0.329435 0.177557 -0.229872 0.252756 0.201442 0.946327 0.383696 
1535172138509 0.276223 0.922336 -0.270181 -0.601495 -0.92724 0.329701 0.177547 -0.229852 0.252836 0.20148 0.946298 0.3837 
1535172138532 0.276456 0.922226 -0.270317 -0.601512 -0.927157 0.329961 0.177497 -0.229832 0.252886 0.201556 0.946268 0.383703 
1535172138587 0.27666 0.922108 -0.27051 -0.601531 -0.927123 0.330172 0.177281 -0.22981 0.252787 0.20175 0.946253 0.38371 
1535172138637 0.276874 0.922019 -0.270595 -0.601533 -0.927075 0.330381 0.177146 -0.229781 0.252731 0.201815 0.946255 0.383715 
1535172138658 0.277155 0.921921 -0.270643 -0.601534 -0.926986 0.330663 0.177082 -0.229769 0.252747 0.201803 0.946253 0.383717 
1535172138735 0.277503 0.921768 -0.270806 -0.601538 -0.92689 0.331021 0.176915 -0.229725 0.252717 0.201913 0.946237 0.383722 
1535172138757 0.277569 0.921734 -0.270854 -0.601539 -0.926874 0.331091 0.176871 -0.229718 0.252706 0.201954 0.946232 0.383722 
1535172138777 0.277628 0.921703 -0.270901 -0.601541 -0.926857 0.331155 0.176837 -0.229712 0.252702 0.201991 0.946225 0.383723 
1535172138795 0.277662 0.921687 -0.270917 -0.601541 -0.926848 0.331191 0.176819 -0.229707 0.252697 0.202003 0.946224 0.383725 
1535172138811 0.277672 0.921682 -0.270927 -0.60154 -0.926848 0.3312 0.176805 -0.229702 0.252689 0.202014 0.946223 0.383726 
1535172138833 0.277689 0.921676 -0.27093 -0.601542 -0.926844 0.331216 0.176796 -0.229704 0.252685 0.202015 0.946224 0.383727 
1535172138849 0.277707 0.921671 -0.270929 -0.601545 -0.926838 0.331232 0.176792 -0.229712 0.252685 0.202011 0.946225 0.383729 
1535172138866 0.277697 0.921674 -0.270928 -0.601548 -0.926844 0.331221 0.176785 -0.229724 0.252675 0.202016 0.946227 0.38373 
1535172139046 0.278083 0.921537 -0.270997 -0.601556 -0.926767 0.331573 0.176527 -0.229745 0.252531 0.202062 0.946255 0.383672 
1535172139063 0.278114 0.921525 -0.271005 -0.601557 -0.926762 0.331601 0.176502 -0.229747 0.252517 0.20207 0.946257 0.383665 
1535172139082 0.278135 0.921517 -0.271013 -0.601557 -0.92676 0.331619 0.17648 -0.229748 0.252502 0.202078 0.946259 0.38366 
1535172139099 0.278146 0.921512 -0.271019 -0.601558 -0.92676 0.331628 0.176461 -0.229749 0.252488 0.202088 0.946261 0.383654 
1535172139116 0.27815 0.92151 -0.271021 -0.601558 -0.926761 0.331631 0.176451 -0.229749 0.252481 0.202092 0.946262 0.383652 
1535172139132 0.278149 0.92151 -0.27102 -0.601558 -0.926763 0.331628 0.176446 -0.229749 0.252475 0.202093 0.946264 0.383652 
1535172139149 0.278122 0.921518 -0.271021 -0.601558 -0.926773 0.331601 0.176445 -0.229749 0.252468 0.202102 0.946264 0.383652 
1535172139169 0.278075 0.921533 -0.271018 -0.601558 -0.926789 0.331554 0.17645 -0.229749 0.252462 0.20211 0.946263 0.383655 
1535172139184 0.278057 0.921541 -0.271012 -0.601558 -0.926792 0.331537 0.176463 -0.229749 0.252468 0.202105 0.946263 0.383662 
1535172139262 0.277906 0.921589 -0.271 -0.601558 -0.926844 0.331386 0.176478 -0.229749 0.252445 0.202131 0.946263 0.383676 
1535172139279 0.277917 0.921586 -0.271 -0.601558 -0.926841 0.331395 0.176475 -0.229749 0.252445 0.202128 0.946264 0.383677 
1535172139296 0.278033 0.921552 -0.270999 -0.601559 -0.926801 0.33151 0.17647 -0.22975 0.252465 0.202098 0.946265 0.383678 
1535172139316 0.278154 0.921515 -0.270998 -0.601559 -0.926758 0.331632 0.176466 -0.22975 0.252487 0.202065 0.946266 0.383679 
1535172139336 0.278207 0.9215 -0.270997 -0.601559 -0.92674 0.331684 0.176464 -0.229751 0.252497 0.202051 0.946267 0.383679 
1535172139356 0.278222 0.921496 -0.270994 -0.601559 -0.926735 0.331698 0.176462 -0.229751 0.252498 0.202044 0.946268 0.383681 
1535172139370 0.278227 0.921495 -0.270991 -0.601558 -0.926734 0.331702 0.176461 -0.229751 0.252496 0.202041 0.946269 0.383683 
1535172139386 0.27823 0.921495 -0.270988 -0.601558 -0.926733 0.331704 0.176459 -0.229751 0.252494 0.202038 0.94627 0.383685 
1535172139459 0.278234 0.921496 -0.270981 -0.601558 -0.926735 0.331704 0.176452 -0.229752 0.252485 0.202033 0.946274 0.383688 
1535172139476 0.278235 0.921495 -0.270982 -0.601559 -0.926736 0.331704 0.176445 -0.229753 0.252479 0.202036 0.946275 0.383685 
1535172139493 0.278234 0.921495 -0.270986 -0.601559 -0.92674 0.331701 0.17643 -0.229753 0.252466 0.202045 0.946276 0.38368 
1535172139509 0.278233 0.921494 -0.270991 -0.601559 -0.926743 0.331699 0.176418 -0.229754 0.252455 0.202053 0.946277 0.383674 
1535172139526 0.278233 0.921493 -0.270991 -0.601559 -0.926744 0.331698 0.176415 -0.229754 0.252453 0.202055 0.946278 0.383673 
1535172139543 0.278234 0.921494 -0.270988 -0.601559 -0.926744 0.331697 0.176413 -0.229754 0.252449 0.202052 0.946279 0.383675 
1535172139559 0.278234 0.921496 -0.270982 -0.601558 -0.926746 0.331696 0.176409 -0.229753 0.252444 0.202048 0.946282 0.383678 
1535172139577 0.278234 0.921496 -0.270982 -0.601558 -0.926746 0.331695 0.176407 -0.229753 0.252442 0.202049 0.946282 0.38368 
1535172139593 0.278234 0.921495 -0.270984 -0.601559 -0.926747 0.331695 0.176405 -0.229753 0.25244 0.202052 0.946282 0.383681 
1535172139609 0.278235 0.921495 -0.270984 -0.601559 -0.926748 0.331695 0.176399 -0.229753 0.252435 0.202053 0.946283 0.383684 
1535172139773 0.27819 0.921457 -0.271161 -0.601569 -0.926838 0.331625 0.17606 -0.229764 0.252155 0.202344 0.946295 0.383701 
1535172139789 0.278183 0.921457 -0.271166 -0.601569 -0.926839 0.331619 0.176062 -0.229761 0.252158 0.20235 0.946293 0.383702 
1535172139806 0.278174 0.921458 -0.271171 -0.601569 -0.926841 0.331612 0.176064 -0.229758 0.252159 0.202356 0.946292 0.383702 
1535172139823 0.278168 0.92146 -0.271173 -0.601568 -0.926843 0.331607 0.176065 -0.229755 0.252159 0.202359 0.946291 0.383703 
1535172139840 0.278164 0.921461 -0.271172 -0.601568 -0.926845 0.331603 0.176065 -0.229754 0.252158 0.20236 0.946291 0.383704 
1535172139856 0.278164 0.921463 -0.271167 -0.601568 -0.926844 0.331602 0.176069 -0.229752 0.252161 0.202354 0.946292 0.383705 
1535172139873 0.278161 0.921467 -0.271155 -0.601567 -0.926839 0.331602 0.176098 -0.229749 0.252183 0.202333 0.94629 0.383706 
1535172139889 0.278153 0.921479 -0.271122 -0.601563 -0.926825 0.331601 0.176171 -0.229739 0.252242 0.20228 0.946286 0.383708 
1535172139906 0.278147 0.921486 -0.271105 -0.601561 -0.926822 0.331596 0.176197 -0.229733 0.252261 0.202258 0.946286 0.383712 
1535172139923 0.278142 0.921489 -0.271101 -0.601559 -0.926825 0.331588 0.176194 -0.22973 0.252255 0.202256 0.946288 0.383714 
1535172140253 0.278121 0.921306 -0.271741 -0.60154 -0.927022 0.331537 0.175252 -0.229707 0.251553 0.203169 0.946279 0.383633 
1535172140273 0.278123 0.921306 -0.271741 -0.60154 -0.927022 0.331539 0.175251 -0.229708 0.251552 0.203169 0.946279 0.383634 
1535172140290 0.278124 0.921306 -0.271741 -0.60154 -0.927021 0.33154 0.17525 -0.229709 0.251552 0.203168 0.946279 0.383634 
1535172140306 0.278125 0.921306 -0.271739 -0.601539 -0.927021 0.33154 0.17525 -0.229709 0.251551 0.203167 0.94628 0.383635 
1535172140323 0.278123 0.921307 -0.271738 -0.60154 -0.927022 0.331538 0.17525 -0.22971 0.251551 0.203166 0.94628 0.383635 
1535172140340 0.278117 0.92131 -0.271733 -0.60154 -0.927023 0.331532 0.175256 -0.229712 0.251553 0.203161 0.94628 0.383639 
1535172140362 0.278139 0.921315 -0.271695 -0.601541 -0.927007 0.331553 0.1753 -0.229722 0.251587 0.203106 0.946283 0.383654 
1535172140379 0.278184 0.921312 -0.271659 -0.601546 -0.926972 0.331608 0.175385 -0.22974 0.251669 0.203031 0.946278 0.383668 
1535172140533 0.278031 0.921226 -0.272107 -0.601521 -0.927134 0.331452 0.174819 -0.22972 0.251238 0.203674 0.946254 0.383708 
1535172140549 0.278046 0.921198 -0.272187 -0.601516 -0.927113 0.331494 0.17485 -0.229716 0.2513 0.203731 0.946225 0.383707 
1535172140570 0.278083 0.921168 -0.272247 -0.601505 -0.92709 0.331551 0.174867 -0.229717 0.251346 0.20377 0.946205 0.383706 
1535172140586 0.278137 0.921153 -0.272244 -0.60149 -0.927074 0.331603 0.174855 -0.229732 0.251345 0.203756 0.946208 0.383708 
1535172140603 0.278205 0.921136 -0.272234 -0.601485 -0.927054 0.331665 0.17484 -0.229757 0.251342 0.203734 0.946213 0.38371 
1535172140622 0.278274 0.921119 -0.272219 -0.601483 -0.927033 0.331729 0.174833 -0.22978 0.251345 0.203704 0.946219 0.383711 
1535172140636 0.278311 0.921111 -0.272208 -0.60149 -0.927018 0.331765 0.174841 -0.229794 0.251357 0.203681 0.946221 0.383712 
1535172140653 0.278319 0.921149 -0.272071 -0.601485 -0.926994 0.331765 0.174971 -0.229782 0.251438 0.20351 0.946236 0.383715 
1535172140670 0.278293 0.921196 -0.271941 -0.601476 -0.926981 0.331731 0.175102 -0.229751 0.251515 0.203354 0.946249 0.383717 
1535172140706 0.2782 0.921258 -0.271824 -0.601481 -0.926997 0.33163 0.175209 -0.229681 0.251558 0.203237 0.946263 0.383713 
1535172140723 0.278183 0.921262 -0.271829 -0.601487 -0.927019 0.331601 0.175147 -0.229672 0.251495 0.203268 0.946273 0.383706 
1535172140740 0.27819 0.92124 -0.271896 -0.601496 -0.927066 0.331581 0.174939 -0.229677 0.251316 0.203399 0.946292 0.383693 
1535172140756 0.278307 0.921167 -0.272024 -0.601508 -0.927101 0.33166 0.174599 -0.229688 0.251055 0.203601 0.946318 0.383672 
1535172140774 0.278411 0.921104 -0.272129 -0.601509 -0.927128 0.331733 0.17432 -0.22969 0.250842 0.203766 0.946339 0.383659 
1535172140793 0.278464 0.921059 -0.272229 -0.601499 -0.92716 0.331763 0.174091 -0.229682 0.250663 0.203922 0.946353 0.383651 
1535172140810 0.278448 0.921031 -0.272339 -0.6015 -0.927153 0.331779 0.1741 -0.22966 0.250708 0.204022 0.946319 0.383642 
1535172140829 0.278382 0.92102 -0.272443 -0.601498 -0.927152 0.331752 0.174156 -0.229645 0.250785 0.204114 0.946279 0.383632 
1535172140843 0.278322 0.921028 -0.272478 -0.601493 -0.927154 0.331713 0.174216 -0.229633 0.250842 0.204141 0.946258 0.383627 
1535172140923 0.278289 0.921009 -0.272575 -0.601478 -0.927142 0.331719 0.174273 -0.229655 0.250925 0.204217 0.94622 0.383615 
1535172140940 0.2783 0.920986 -0.272642 -0.601479 -0.92718 0.331708 0.17409 -0.229669 0.250772 0.204339 0.946234 0.383627 
1535172140960 0.278268 0.920968 -0.272737 -0.601475 -0.927251 0.331645 0.173831 -0.229672 0.250545 0.204524 0.946254 0.383642 
1535172140978 0.278293 0.92094 -0.272805 -0.601468 -0.927289 0.331644 0.173628 -0.229662 0.250375 0.20465 0.946272 0.38365 
1535172140997 0.278379 0.920896 -0.272866 -0.601462 -0.927291 0.331716 0.173484 -0.229649 0.250275 0.204732 0.946281 0.38365 
1535172141014 0.27841 0.920881 -0.272883 -0.601457 -0.927292 0.331741 0.173431 -0.229634 0.250236 0.204758 0.946286 0.383648 
1535172141031 0.278442 0.920881 -0.272852 -0.601451 -0.927271 0.331775 0.173476 -0.229623 0.250276 0.204705 0.946286 0.38365 
1535172141047 0.278471 0.920882 -0.27282 -0.601452 -0.927251 0.331805 0.173524 -0.229633 0.250318 0.204651 0.946287 0.383655 
1535172141177 0.278408 0.920864 -0.272942 -0.601437 -0.927307 0.331738 0.173355 -0.229658 0.250181 0.204838 0.946283 0.38367 
1535172141194 0.278333 0.920846 -0.273083 -0.601443 -0.927345 0.331679 0.173261 -0.229641 0.250122 0.205018 0.946259 0.383668 
1535172141214 0.278256 0.920825 -0.273231 -0.601452 -0.927365 0.331636 0.173236 -0.22962 0.250134 0.205181 0.946221 0.383664 
1535172141235 0.278191 0.920822 -0.273306 -0.601453 -0.927372 0.331599 0.173275 -0.229595 0.250183 0.205252 0.946192 0.383661 
1535172141251 0.278163 0.920829 -0.273313 -0.60145 -0.927376 0.331577 0.173293 -0.229584 0.250197 0.20526 0.946187 0.38366 
1535172141271 0.278187 0.920832 -0.273279 -0.601449 -0.927359 0.331601 0.173338 -0.229589 0.250235 0.205207 0.946188 0.38366 
1535172141288 0.27823 0.920831 -0.273238 -0.60145 -0.927336 0.331643 0.173382 -0.229602 0.250272 0.205143 0.946192 0.383661 
1535172141499 0.278322 0.920766 -0.273362 -0.601469 -0.927309 0.331754 0.173313 -0.229653 0.25027 0.205255 0.946169 0.383679 
1535172141514 0.278315 0.920763 -0.27338 -0.601471 -0.927308 0.331753 0.17332 -0.229651 0.250281 0.20527 0.946163 0.383678 
1535172141531 0.278312 0.920761 -0.273391 -0.601472 -0.927307 0.331754 0.173324 -0.229651 0.250288 0.205279 0.946159 0.383677 
1535172141551 0.278312 0.92076 -0.273394 -0.601472 -0.927306 0.331755 0.173325 -0.229651 0.25029 0.205282 0.946158 0.383678 
1535172141568 0.278311 0.920761 -0.273389 -0.601471 -0.927307 0.331753 0.173324 -0.229651 0.250287 0.205278 0.946159 0.383678 
1535172141588 0.278314 0.920766 -0.273369 -0.601469 -0.92731 0.331748 0.173318 -0.229651 0.250275 0.205261 0.946166 0.383679 
1535172141608 0.278315 0.920767 -0.273367 -0.601469 -0.92731 0.331749 0.173318 -0.229652 0.250274 0.205259 0.946167 0.383679 
1535172141825 0.27841 0.92075 -0.273328 -0.60143 -0.927218 0.331885 0.17355 -0.229706 0.250509 0.205116 0.946135 0.383809 
1535172141841 0.278415 0.920748 -0.273329 -0.601429 -0.927215 0.331892 0.173554 -0.229709 0.250515 0.205115 0.946134 0.383812 
1535172141858 0.278418 0.920747 -0.273329 -0.601428 -0.927212 0.331895 0.173559 -0.229711 0.25052 0.205112 0.946133 0.383814 
1535172141878 0.278421 0.920746 -0.273329 -0.601428 -0.92721 0.331899 0.173563 -0.229712 0.250525 0.20511 0.946133 0.383817 
1535172141974 0.278202 0.92084 -0.273236 -0.601417 -0.927344 0.331616 0.173391 -0.229714 0.250275 0.205146 0.946191 0.383761 
1535172141997 0.277956 0.921052 -0.27277 -0.601369 -0.92755 0.331184 0.173111 -0.229717 0.249781 0.204891 0.946377 0.383762 
1535172142012 0.277846 0.921157 -0.272528 -0.601348 -0.927654 0.330975 0.172955 -0.229714 0.249518 0.204757 0.946475 0.383771 
1535172142025 0.277743 0.921248 -0.272325 -0.601334 -0.927746 0.330789 0.172821 -0.229705 0.249293 0.204649 0.946558 0.383777 
1535172142358 0.277129 0.921784 -0.271133 -0.601274 -0.928224 0.329734 0.172263 -0.229672 0.248191 0.203933 0.947002 0.383909 
1535172142483 0.277302 0.921675 -0.271328 -0.601291 -0.928122 0.329978 0.172347 -0.229662 0.248381 0.204033 0.946931 0.383858 
1535172142499 0.277424 0.921536 -0.271676 -0.601328 -0.928013 0.33022 0.17247 -0.22965 0.24865 0.204271 0.946808 0.383814 
1535172142521 0.277581 0.921355 -0.272128 -0.601372 -0.927871 0.330534 0.172637 -0.229646 0.249007 0.204578 0.946648 0.383769 
1535172142536 0.27771 0.921257 -0.272327 -0.601387 -0.927779 0.330738 0.172739 -0.229655 0.249206 0.204688 0.946572 0.383757 
1535172142558 0.277782 0.921213 -0.272406 -0.601384 -0.927724 0.330849 0.17282 -0.229678 0.249329 0.204711 0.946535 0.383763 
1535172142581 0.277821 0.921183 -0.272466 -0.601377 -0.927684 0.330921 0.172897 -0.2297 0.249435 0.204728 0.946503 0.383771 
1535172142624 0.277863 0.921119 -0.272639 -0.601377 -0.927608 0.331046 0.173066 -0.229704 0.249671 0.204813 0.946423 0.383778 
1535172142641 0.277913 0.921076 -0.272732 -0.601384 -0.927558 0.33114 0.173155 -0.229706 0.249801 0.204853 0.94638 0.383789 
1535172142657 0.277947 0.921037 -0.272831 -0.60139 -0.92751 0.331223 0.173255 -0.229699 0.249942 0.204898 0.946333 0.383802 
1535172142676 0.277949 0.921007 -0.272928 -0.601392 -0.927476 0.33127 0.173347 -0.229683 0.250067 0.204953 0.946288 0.383806 
1535172142691 0.277946 0.920987 -0.272999 -0.601394 -0.927453 0.3313 0.173413 -0.229668 0.250155 0.204994 0.946256 0.383807 
1535172142711 0.277944 0.920974 -0.273047 -0.601397 -0.927437 0.331321 0.173458 -0.229659 0.250217 0.205022 0.946233 0.383808 
1535172142733 0.277934 0.920973 -0.273059 -0.601395 -0.927435 0.331317 0.173476 -0.229652 0.250236 0.205029 0.946227 0.383807 
1535172142749 0.277931 0.920975 -0.273055 -0.601394 -0.927436 0.331313 0.173475 -0.229651 0.250233 0.205027 0.946228 0.383805 
1535172142803 0.2779 0.921012 -0.272962 -0.601381 -0.927478 0.331239 0.173392 -0.229652 0.250112 0.204981 0.94627 0.383806 
1535172142819 0.277897 0.921021 -0.272934 -0.601374 -0.927487 0.331225 0.173371 -0.229654 0.250081 0.204963 0.946282 0.383803 
1535172142836 0.277889 0.921022 -0.27294 -0.601371 -0.927489 0.331218 0.173372 -0.229652 0.250082 0.204971 0.94628 0.383802 
1535172142853 0.277872 0.921021 -0.272962 -0.60137 -0.927492 0.331208 0.173379 -0.229646 0.250093 0.204992 0.946272 0.383801 
1535172142873 0.277857 0.921022 -0.272974 -0.601368 -0.927495 0.331197 0.173384 -0.229641 0.250099 0.205006 0.946268 0.3838 
1535172142889 0.277824 0.920993 -0.273105 -0.601382 -0.927483 0.331208 0.173426 -0.229632 0.250178 0.205118 0.946223 0.383795 
1535172142906 0.277796 0.920965 -0.273227 -0.601397 -0.92747 0.331221 0.173468 -0.229625 0.250256 0.205221 0.94618 0.383791 
1535172142923 0.277783 0.920954 -0.273279 -0.601403 -0.927463 0.331228 0.173495 -0.22962 0.250298 0.205262 0.94616 0.383793 
1535172142940 0.277775 0.920949 -0.273303 -0.601407 -0.927456 0.331233 0.173522 -0.229617 0.250332 0.205276 0.946148 0.383801 
1535172142956 0.277771 0.920947 -0.273313 -0.601408 -0.927448 0.331239 0.173556 -0.229615 0.250367 0.205275 0.946139 0.383814 
1535172143043 0.277768 0.920922 -0.273401 -0.601399 -0.927382 0.331307 0.173778 -0.229622 0.250616 0.205277 0.946072 0.383882 
1535172143063 0.277791 0.920906 -0.273432 -0.601392 -0.927358 0.331349 0.173823 -0.22964 0.250676 0.205283 0.946055 0.383895 
1535172143080 0.277806 0.920897 -0.273446 -0.601387 -0.927342 0.331375 0.173861 -0.22965 0.250721 0.205279 0.946044 0.383909 
1535172143096 0.277814 0.920891 -0.273457 -0.601383 -0.927329 0.331393 0.173893 -0.229657 0.250759 0.205275 0.946035 0.383922 
1535172143119 0.277824 0.920886 -0.273464 -0.601379 -0.927316 0.331413 0.173926 -0.229664 0.250796 0.205266 0.946027 0.383937 
1535172143130 0.277829 0.920885 -0.273464 -0.601376 -0.927313 0.331419 0.173933 -0.229667 0.250804 0.205263 0.946026 0.383941 
1535172143146 0.277832 0.920881 -0.273474 -0.601373 -0.927315 0.331421 0.173916 -0.229672 0.250791 0.205277 0.946026 0.383933 
1535172143173 0.277829 0.920873 -0.273503 -0.60137 -0.927325 0.331417 0.173873 -0.229678 0.250758 0.20532 0.946025 0.383909 
1535172143276 0.277793 0.920766 -0.273899 -0.601361 -0.927368 0.33143 0.173617 -0.229725 0.250639 0.205775 0.945958 0.383807 
1535172143293 0.277789 0.920739 -0.273995 -0.601365 -0.927357 0.331455 0.173629 -0.229734 0.250684 0.205859 0.945928 0.383811 
1535172143313 0.277769 0.920714 -0.2741 -0.601372 -0.927345 0.33147 0.173664 -0.229732 0.250751 0.205947 0.945891 0.383825 
1535172143330 0.277753 0.920712 -0.274121 -0.601375 -0.927343 0.331464 0.173685 -0.229725 0.250775 0.205963 0.945881 0.383838 
1535172143346 0.27774 0.920721 -0.274106 -0.601372 -0.927346 0.331449 0.173695 -0.229718 0.250777 0.205949 0.945884 0.383849 
1535172143363 0.27774 0.920733 -0.274066 -0.601368 -0.927349 0.33144 0.173701 -0.229716 0.250768 0.205911 0.945894 0.38386 
1535172143380 0.27774 0.920734 -0.27406 -0.601367 -0.927349 0.331439 0.173702 -0.229715 0.250768 0.205905 0.945896 0.383862 
1535172143396 0.277762 0.920759 -0.273954 -0.601365 -0.927351 0.331432 0.173703 -0.229714 0.250736 0.205803 0.945926 0.383877 
1535172143421 0.277834 0.920821 -0.273674 -0.601338 -0.927357 0.331426 0.173681 -0.229728 0.250632 0.205539 0.946011 0.383898 
1535172143517 0.277923 0.920784 -0.273709 -0.601365 -0.927246 0.331587 0.173969 -0.229751 0.250946 0.205445 0.945948 0.383927 
1535172143537 0.277914 0.920748 -0.273837 -0.601383 -0.927223 0.331624 0.174023 -0.229752 0.251042 0.205544 0.945901 0.383925 
1535172143558 0.277914 0.920724 -0.273917 -0.601396 -0.927205 0.331653 0.174061 -0.229754 0.251107 0.205604 0.945871 0.383923 
1535172143574 0.277919 0.920723 -0.273916 -0.601397 -0.927201 0.33166 0.174068 -0.229756 0.251116 0.205599 0.94587 0.383924 
1535172143591 0.277925 0.920726 -0.2739 -0.601395 -0.927201 0.331661 0.174066 -0.229758 0.251109 0.205584 0.945875 0.383926 
1535172143608 0.27793 0.920729 -0.273886 -0.601393 -0.927202 0.331661 0.174061 -0.22976 0.2511 0.205571 0.94588 0.383926 
1535172143624 0.277933 0.920731 -0.273875 -0.601392 -0.927203 0.331661 0.174058 -0.229761 0.251094 0.205561 0.945884 0.383926 
1535172143641 0.277948 0.920746 -0.273809 -0.601384 -0.927208 0.331654 0.17404 -0.229765 0.251057 0.205504 0.945906 0.38393 
1535172143658 0.277973 0.920774 -0.273689 -0.60137 -0.927217 0.331643 0.174018 -0.229771 0.250998 0.205396 0.945945 0.383936 
1535172143694 0.277926 0.920843 -0.273505 -0.601352 -0.927233 0.331561 0.174085 -0.229785 0.250989 0.205221 0.945986 0.383939 
1535172143711 0.277905 0.920854 -0.27349 -0.601353 -0.927211 0.331562 0.174205 -0.229785 0.251096 0.20517 0.945968 0.383935 
1535172143728 0.277883 0.920859 -0.273496 -0.601354 -0.927187 0.331566 0.174321 -0.229781 0.251207 0.205141 0.945945 0.383926 
1535172143744 0.277846 0.920868 -0.273502 -0.601358 -0.927143 0.331577 0.174535 -0.229775 0.25141 0.205082 0.945904 0.383925 
1535172143761 0.27782 0.920879 -0.273491 -0.60136 -0.927112 0.331582 0.174692 -0.229774 0.251555 0.205024 0.945878 0.383933 
1535172143780 0.277795 0.920881 -0.273511 -0.601366 -0.92709 0.331585 0.174801 -0.229774 0.251663 0.205011 0.945852 0.383945 
1535172143798 0.277789 0.920878 -0.273526 -0.601369 -0.927078 0.331594 0.174847 -0.229774 0.251713 0.20501 0.945839 0.38395 
1535172143818 0.277795 0.920871 -0.273544 -0.601373 -0.92708 0.3316 0.174829 -0.229781 0.251702 0.20503 0.945838 0.383953 
1535172144245 0.277397 0.921075 -0.273262 -0.601458 -0.927005 0.331323 0.175746 -0.229759 0.252413 0.204564 0.945749 0.383934 
1535172144265 0.277397 0.921075 -0.273261 -0.601458 -0.927005 0.331322 0.175747 -0.229759 0.252414 0.204563 0.945749 0.383933 
1535172144282 0.277396 0.921076 -0.273259 -0.601458 -0.927005 0.331322 0.175747 -0.229759 0.252413 0.204561 0.94575 0.383934 
1535172144299 0.277396 0.921076 -0.273258 -0.601457 -0.927005 0.331321 0.175747 -0.229759 0.252413 0.20456 0.94575 0.383934 
1535172144316 0.277401 0.921075 -0.273257 -0.601457 -0.927004 0.331326 0.175747 -0.229759 0.252414 0.204558 0.94575 0.383933 
1535172144335 0.277414 0.92107 -0.27326 -0.601453 -0.927001 0.331338 0.175738 -0.229762 0.252408 0.20456 0.945751 0.383934 
1535172144353 0.277433 0.921055 -0.273292 -0.601449 -0.927017 0.331344 0.175643 -0.229777 0.25233 0.204617 0.94576 0.383935 
1535172144369 0.277479 0.92103 -0.273329 -0.601447 -0.927027 0.331377 0.17553 -0.229787 0.252244 0.204677 0.94577 0.383936 
1535172144432 0.277531 0.921003 -0.273369 -0.601433 -0.927034 0.331416 0.175419 -0.229771 0.25216 0.204738 0.945779 0.383938 
1535172144449 0.277508 0.921013 -0.273358 -0.601434 -0.927026 0.331403 0.175484 -0.229774 0.252214 0.204712 0.94577 0.383943 
1535172144465 0.277486 0.92104 -0.273288 -0.601434 -0.926974 0.331417 0.175734 -0.229774 0.252431 0.204567 0.945744 0.383961 
1535172144489 0.27743 0.921096 -0.273156 -0.601441 -0.926883 0.331425 0.176196 -0.229791 0.252824 0.204302 0.945696 0.383998 
1535172144509 0.277327 0.921156 -0.273059 -0.601447 -0.926842 0.331366 0.176522 -0.229809 0.253087 0.204128 0.945663 0.384029 
1535172144529 0.27733 0.921164 -0.273029 -0.601459 -0.926815 0.331384 0.176631 -0.229846 0.253184 0.204062 0.945652 0.384061 
1535172144549 0.277348 0.921152 -0.273051 -0.601468 -0.926823 0.331395 0.176569 -0.229871 0.253135 0.204099 0.945657 0.384067 
1535172144696 0.277165 0.921202 -0.273068 -0.601461 -0.926784 0.331298 0.176953 -0.229856 0.253477 0.20403 0.94558 0.383931 
1535172144714 0.277073 0.921226 -0.27308 -0.601471 -0.926786 0.331233 0.177066 -0.229881 0.253571 0.204026 0.945555 0.38393 
1535172144736 0.277017 0.921235 -0.273109 -0.601482 -0.926786 0.331198 0.177132 -0.229913 0.253633 0.204045 0.945535 0.383937 
1535172144757 0.277043 0.921224 -0.273119 -0.601488 -0.926761 0.331239 0.177185 -0.229929 0.253695 0.204028 0.945522 0.383945 
1535172144774 0.277079 0.921216 -0.273108 -0.601491 -0.926744 0.331276 0.177203 -0.229937 0.253716 0.204002 0.945522 0.383958 
1535172144790 0.277144 0.921211 -0.273058 -0.601489 -0.926728 0.331326 0.177193 -0.229939 0.253704 0.203942 0.945538 0.383994 
1535172144810 0.27716 0.921221 -0.273007 -0.601482 -0.926755 0.331307 0.177092 -0.229931 0.25359 0.203928 0.945571 0.38404 
1535172144917 0.277399 0.92119 -0.272871 -0.60146 -0.92671 0.331488 0.176985 -0.229885 0.25349 0.203777 0.945631 0.384088 
1535172144937 0.277372 0.921215 -0.272815 -0.601453 -0.926688 0.331476 0.177126 -0.229865 0.253602 0.203685 0.945621 0.38409 
1535172144957 0.277316 0.921237 -0.272799 -0.60145 -0.926695 0.331426 0.17718 -0.229858 0.253638 0.203666 0.945615 0.384088 
1535172144974 0.277279 0.921245 -0.272808 -0.601451 -0.92671 0.33139 0.177172 -0.229858 0.253624 0.203688 0.945614 0.384085 
1535172144992 0.277269 0.921246 -0.272813 -0.601451 -0.926716 0.331378 0.17716 -0.22986 0.253612 0.203699 0.945615 0.384085 
1535172145007 0.277258 0.921244 -0.272832 -0.601452 -0.926719 0.331372 0.177156 -0.229861 0.253613 0.203721 0.94561 0.384077 
1535172145024 0.277252 0.921229 -0.272888 -0.601456 -0.926737 0.331364 0.177076 -0.229871 0.253553 0.203801 0.945609 0.384066 
1535172145041 0.277251 0.921216 -0.272934 -0.60146 -0.926756 0.331357 0.176991 -0.229879 0.253485 0.203872 0.945612 0.38406 
1535172145114 0.277175 0.921165 -0.273182 -0.601469 -0.926819 0.331299 0.176769 -0.229865 0.253338 0.204194 0.945582 0.384047 
1535172145131 0.277095 0.921141 -0.273346 -0.601479 -0.926825 0.331269 0.176795 -0.229834 0.253404 0.204354 0.945529 0.384043 
1535172145147 0.277095 0.921106 -0.273465 -0.601484 -0.9268 0.331311 0.176846 -0.2298 0.253496 0.204444 0.945485 0.384044 
1535172145164 0.277134 0.921065 -0.273562 -0.601488 -0.92676 0.33139 0.17691 -0.229768 0.253601 0.204498 0.945445 0.384051 
1535172145181 0.277178 0.921049 -0.273571 -0.601481 -0.926737 0.331443 0.176932 -0.229751 0.253636 0.204487 0.945438 0.384059 
1535172145201 0.277217 0.921047 -0.273538 -0.601471 -0.926726 0.331472 0.176934 -0.229748 0.253635 0.204445 0.945448 0.384065 
1535172145218 0.277253 0.921041 -0.273521 -0.601472 -0.926713 0.331505 0.176938 -0.229762 0.253641 0.204419 0.945452 0.384066 
1535172145234 0.277301 0.921041 -0.273473 -0.601472 -0.926704 0.331538 0.176925 -0.229789 0.253622 0.204367 0.945468 0.38407 
1535172145251 0.277357 0.921086 -0.273267 -0.601449 -0.926702 0.331539 0.17693 -0.229808 0.253566 0.204164 0.945527 0.384079 
1535172145511 0.277512 0.920836 -0.27395 -0.601411 -0.92661 0.331856 0.176819 -0.229783 0.253733 0.204775 0.94535 0.384089 
1535172145531 0.277524 0.920834 -0.273943 -0.601407 -0.926601 0.331871 0.176839 -0.229789 0.253753 0.204759 0.945348 0.384092 
1535172145549 0.277533 0.920832 -0.273941 -0.601404 -0.926596 0.331881 0.176848 -0.229794 0.253763 0.204751 0.945347 0.384092 
1535172145564 0.277542 0.92083 -0.273941 -0.601402 -0.926592 0.33189 0.176851 -0.229799 0.253768 0.204748 0.945347 0.384093 
1535172145584 0.277544 0.92083 -0.273937 -0.601401 -0.926589 0.331893 0.176861 -0.229802 0.253777 0.204741 0.945346 0.384095 
1535172145602 0.277518 0.920844 -0.273916 -0.601405 -0.926597 0.331865 0.176871 -0.229796 0.253773 0.204725 0.94535 0.384096 
1535172145618 0.27749 0.920862 -0.273883 -0.601408 -0.926609 0.331829 0.176877 -0.229793 0.253762 0.204701 0.945358 0.384098 
1535172145635 0.277508 0.920868 -0.273846 -0.601416 -0.926605 0.331837 0.176881 -0.2298 0.253756 0.204661 0.945369 0.3841 
1535172154968 0.277401 0.920782 -0.274243 -0.601436 -0.926623 0.331822 0.176814 -0.229686 0.253807 0.205071 0.945266 0.384205 
1535172155061 0.277392 0.920809 -0.274162 -0.60143 -0.926621 0.331803 0.176863 -0.22969 0.253824 0.204984 0.94528 0.384178 
1535172155115 0.277647 0.920903 -0.273587 -0.601401 -0.926565 0.331919 0.176938 -0.229813 0.253752 0.20437 0.945433 0.384132 
1535172155140 0.277726 0.920967 -0.27329 -0.601393 -0.926577 0.331909 0.176893 -0.229885 0.25362 0.204096 0.945527 0.384097 
1535172155188 0.277737 0.921043 -0.273022 -0.601433 -0.926618 0.331833 0.176821 -0.229885 0.253457 0.203877 0.945618 0.384032 
1535172155224 0.27767 0.921147 -0.27274 -0.601454 -0.926675 0.331684 0.1768 -0.229824 0.253322 0.20365 0.945703 0.383993 
1535172155258 0.277658 0.921237 -0.272449 -0.601464 -0.926716 0.331587 0.176767 -0.229793 0.253185 0.203402 0.945793 0.383956 
1535172155296 0.277684 0.921314 -0.27216 -0.601465 -0.926743 0.331529 0.176736 -0.229787 0.253059 0.203146 0.945882 0.383911 
1535172155719 0.277781 0.921527 -0.271341 -0.601534 -0.92685 0.331355 0.176499 -0.229774 0.252559 0.202464 0.946162 0.383747 
1535172155749 0.277724 0.921525 -0.271408 -0.6015 -0.926859 0.33132 0.176519 -0.229772 0.25259 0.202533 0.946139 0.38376 
1535172155763 0.27765 0.921464 -0.27169 -0.601495 -0.926846 0.331331 0.176565 -0.229774 0.252718 0.202792 0.946049 0.383774 
1535172155785 0.277575 0.921371 -0.272078 -0.601492 -0.926829 0.331366 0.17659 -0.229788 0.252863 0.203153 0.945933 0.383814 
1535172155805 0.277553 0.921333 -0.272232 -0.601476 -0.926822 0.331386 0.176591 -0.229801 0.252913 0.203298 0.945888 0.383846 
1535172155842 0.277647 0.921321 -0.272175 -0.601453 -0.926784 0.331472 0.176627 -0.229842 0.252949 0.203207 0.945898 0.383894 
1535172155888 0.27782 0.921387 -0.271777 -0.601467 -0.92674 0.331555 0.176704 -0.229863 0.252922 0.202775 0.945998 0.383883 
1535172155908 0.277908 0.921456 -0.271452 -0.601471 -0.926743 0.331554 0.17669 -0.229862 0.252813 0.202462 0.946094 0.383845 
1535172155925 0.277949 0.921506 -0.271241 -0.601481 -0.926757 0.331532 0.17666 -0.22985 0.252718 0.202272 0.94616 0.383803 
1535172155942 0.277955 0.921512 -0.271213 -0.601508 -0.926757 0.33153 0.17666 -0.229834 0.25271 0.202245 0.946168 0.383765 
1535172155959 0.277935 0.92151 -0.27124 -0.601535 -0.92677 0.331511 0.176629 -0.229815 0.252684 0.202286 0.946167 0.383736 
1535172155977 0.277864 0.92152 -0.27128 -0.601543 -0.926799 0.331444 0.176602 -0.229782 0.252656 0.20235 0.94616 0.383718 
1535172155995 0.277784 0.921533 -0.271316 -0.601528 -0.926834 0.331366 0.176564 -0.229757 0.252615 0.202418 0.946157 0.383707 
1535172156012 0.277714 0.921497 -0.271512 -0.60153 -0.926859 0.331333 0.176494 -0.229751 0.2526 0.202638 0.946114 0.383706 
1535172156226 0.277958 0.921559 -0.271052 -0.601532 -0.926765 0.331495 0.176684 -0.229802 0.252677 0.202091 0.94621 0.38378 
1535172156242 0.277932 0.921568 -0.271048 -0.601537 -0.926773 0.331469 0.176691 -0.229786 0.252676 0.202092 0.94621 0.38378 
1535172156264 0.277908 0.921576 -0.271044 -0.601543 -0.926781 0.331445 0.176697 -0.229771 0.252676 0.202092 0.94621 0.38378 
1535172156281 0.277893 0.921581 -0.271041 -0.601546 -0.926785 0.331431 0.176701 -0.229761 0.252676 0.202093 0.94621 0.38378 
1535172156297 0.277882 0.921583 -0.271047 -0.601546 -0.92679 0.33142 0.176696 -0.229757 0.25267 0.202103 0.946209 0.383776 
1535172156318 0.277875 0.921581 -0.27106 -0.601542 -0.926792 0.331415 0.176691 -0.229757 0.252669 0.202119 0.946206 0.383773 
1535172156335 0.277868 0.921575 -0.271089 -0.601543 -0.926796 0.331413 0.176676 -0.229758 0.252663 0.202152 0.946201 0.383768 
1535172156360 0.277817 0.921529 -0.271295 -0.601564 -0.926802 0.331411 0.176647 -0.22975 0.252695 0.202362 0.946147 0.383753 
1535172156643 0.277857 0.921619 -0.270948 -0.601517 -0.926832 0.33135 0.176607 -0.229749 0.252543 0.202052 0.946254 0.383714 
1535172156660 0.277859 0.921619 -0.270949 -0.601518 -0.926831 0.331351 0.176607 -0.22975 0.252543 0.202052 0.946254 0.383714 
1535172156680 0.27786 0.921618 -0.27095 -0.601518 -0.926831 0.331353 0.176606 -0.229751 0.252543 0.202053 0.946254 0.383713 
1535172156701 0.27786 0.921618 -0.27095 -0.601518 -0.926831 0.331353 0.176605 -0.229751 0.252542 0.202054 0.946254 0.383713 
1535172156719 0.27786 0.921617 -0.270952 -0.601518 -0.926831 0.331353 0.176606 -0.229751 0.252544 0.202055 0.946253 0.383713 
1535172156736 0.277858 0.921614 -0.270967 -0.60152 -0.926829 0.331356 0.176609 -0.22975 0.252552 0.202068 0.946248 0.383712 
1535172156750 0.277854 0.921604 -0.271003 -0.601525 -0.926828 0.331361 0.176605 -0.229751 0.25256 0.202103 0.946239 0.383711 
1535172156770 0.277835 0.921567 -0.271148 -0.601543 -0.926821 0.331381 0.176604 -0.229751 0.252606 0.202239 0.946197 0.383706 
1535172157077 0.277925 0.921602 -0.270938 -0.601522 -0.926843 0.331387 0.176478 -0.229784 0.252428 0.202069 0.946281 0.383716 
1535172157094 0.277925 0.921602 -0.270938 -0.601522 -0.926843 0.331388 0.176478 -0.229785 0.252428 0.20207 0.946281 0.383716 
1535172157111 0.277926 0.921602 -0.270939 -0.601523 -0.926843 0.331388 0.176478 -0.229785 0.252429 0.20207 0.946281 0.383716 
1535172157127 0.277926 0.921601 -0.270939 -0.601523 -0.926842 0.331389 0.176478 -0.229785 0.252429 0.20207 0.946281 0.383716 
1535172157144 0.277925 0.921601 -0.27094 -0.601523 -0.926843 0.331388 0.176479 -0.229785 0.252429 0.202071 0.946281 0.383716 
1535172157161 0.277923 0.921599 -0.27095 -0.601524 -0.926841 0.33139 0.176482 -0.229784 0.252436 0.20208 0.946277 0.383715 
1535172157177 0.277913 0.921587 -0.271001 -0.60153 -0.926836 0.331397 0.176498 -0.229782 0.252467 0.202122 0.94626 0.383713 
1535172157194 0.277901 0.921571 -0.271068 -0.601539 -0.926828 0.331407 0.176519 -0.229779 0.252508 0.202178 0.946236 0.38371 
1535172157211 0.277896 0.921563 -0.271099 -0.601543 -0.926825 0.331412 0.176528 -0.229778 0.252527 0.202205 0.946226 0.383709 
1535172157227 0.277895 0.921561 -0.271109 -0.601544 -0.926823 0.331414 0.176531 -0.229777 0.252533 0.202214 0.946222 0.383708 
1535172157267 0.277894 0.921558 -0.271119 -0.601545 -0.926823 0.331416 0.176531 -0.229777 0.252537 0.202222 0.946219 0.383706 
1535172157287 0.277894 0.921559 -0.271114 -0.601545 -0.92682 0.331417 0.17654 -0.229777 0.252544 0.202215 0.946219 0.383705 
1535172157304 0.277899 0.921563 -0.271099 -0.601543 -0.926821 0.331417 0.176538 -0.229778 0.252537 0.202201 0.946224 0.383705 
1535172157328 0.277902 0.921567 -0.27108 -0.601541 -0.926822 0.331415 0.176535 -0.229779 0.252529 0.202184 0.94623 0.383705 
1535172157345 0.277904 0.921569 -0.271073 -0.60154 -0.926823 0.331414 0.176534 -0.229779 0.252525 0.202177 0.946232 0.383705 
1535172157361 0.277907 0.921574 -0.271052 -0.601537 -0.926825 0.331411 0.176527 -0.22978 0.252512 0.202159 0.94624 0.383706 
1535172157378 0.27791 0.921578 -0.271034 -0.601535 -0.926827 0.331408 0.176521 -0.22978 0.252501 0.202145 0.946246 0.383707 
1535172157593 0.278104 0.921575 -0.270844 -0.601522 -0.92687 0.331476 0.176167 -0.22987 0.252129 0.202045 0.946366 0.383584 
1535172157608 0.278111 0.921571 -0.270852 -0.601524 -0.92687 0.331483 0.176157 -0.229873 0.252124 0.202053 0.946366 0.383578 
1535172157628 0.278116 0.921569 -0.270853 -0.601525 -0.926868 0.331488 0.176156 -0.229875 0.252125 0.202053 0.946366 0.383577 
1535172157646 0.278125 0.921568 -0.270849 -0.601525 -0.926863 0.331497 0.176164 -0.229878 0.252133 0.202045 0.946365 0.383583 
1535172157663 0.278128 0.921567 -0.270849 -0.601526 -0.92686 0.331503 0.176172 -0.22988 0.252141 0.202041 0.946364 0.383587 
1535172157678 0.278127 0.921564 -0.27086 -0.601528 -0.926857 0.331506 0.176182 -0.229879 0.252155 0.202047 0.946359 0.38359 
1535172157695 0.278127 0.921563 -0.270864 -0.60153 -0.926844 0.331517 0.176227 -0.229877 0.252201 0.202036 0.946349 0.38361 
1535172157711 0.278107 0.921563 -0.270883 -0.601532 -0.926835 0.331514 0.176284 -0.229866 0.252259 0.202038 0.946333 0.383632 
1535172157728 0.278076 0.921552 -0.270953 -0.601539 -0.926827 0.331512 0.176328 -0.229855 0.252319 0.202094 0.946305 0.383639 
1535172157801 0.27805 0.921532 -0.271049 -0.601551 -0.926814 0.331522 0.176378 -0.229846 0.252396 0.20217 0.946268 0.383641 
1535172157821 0.278049 0.921542 -0.271015 -0.601548 -0.926803 0.331523 0.176433 -0.229841 0.252439 0.20212 0.946267 0.383641 
1535172157838 0.278051 0.921565 -0.270936 -0.601538 -0.9268 0.331512 0.176468 -0.229835 0.252445 0.202036 0.946284 0.383643 
1535172157862 0.278071 0.9216 -0.270795 -0.60152 -0.926808 0.331493 0.176465 -0.229836 0.252396 0.201905 0.946325 0.383649 
1535172157879 0.27808 0.921612 -0.270747 -0.601513 -0.92681 0.331489 0.176463 -0.229838 0.25238 0.20186 0.946339 0.383651 
1535172157895 0.278078 0.921616 -0.270732 -0.601511 -0.926812 0.331482 0.17646 -0.229836 0.252372 0.201848 0.946343 0.383651 
