1535121458254 0 0 0 0 0 0 0 0 0 0 0 0 
1535121461824 0.213455 0.91991 -0.328942 -0.472344 -0.944035 0.280886 0.172921 -0.171413 0.251467 0.273621 0.928383 0.474094 
1535121462423 0.213455 0.91991 -0.328942 -0.472344 -0.944035 0.280886 0.172921 -0.171413 0.251467 0.273621 0.928383 0.474094 
1535121463078 0.217088 0.920593 -0.324623 -0.488376 -0.943601 0.283068 0.171724 -0.178826 0.249979 0.269036 0.930124 0.464262 
1535121464236 0.217088 0.920593 -0.324623 -0.488376 -0.943601 0.283068 0.171724 -0.178826 0.249979 0.269036 0.930124 0.464262 
1535121465136 0.22637 0.922939 -0.311351 -0.537442 -0.942363 0.288376 0.169683 -0.200434 0.246393 0.254995 0.935023 0.434121 
1535121466043 0.22637 0.922939 -0.311351 -0.537442 -0.942363 0.288376 0.169683 -0.200434 0.246393 0.254995 0.935023 0.434121 
