1530613851776 -0.0877267 -0.146288 0.985345 0.448875 -0.991075 0.112488 -0.0715365 -0.497439 -0.100374 -0.982826 -0.154851 0.446186 
1530613860889 -0.0877268 -0.146287 0.985345 0.448875 -0.991075 0.112487 -0.0715367 -0.497439 -0.100374 -0.982826 -0.15485 0.446186 
1530613861408 -0.0806581 -0.147307 0.985797 0.442644 -0.991615 0.112041 -0.0643919 -0.496976 -0.100965 -0.982724 -0.155109 0.445693 
1530613861936 -0.073365 -0.148221 0.986229 0.436458 -0.992142 0.111346 -0.0570706 -0.49641 -0.101353 -0.982666 -0.155225 0.445279 
1530613862485 -0.066129 -0.149203 0.986593 0.430253 -0.992598 0.110773 -0.0497793 -0.495865 -0.101861 -0.982582 -0.155424 0.4448 
1530613863092 -0.0588762 -0.15028 0.986889 0.424037 -0.992968 0.110524 -0.0424086 -0.495289 -0.102702 -0.982446 -0.155731 0.4442 
1530613863636 -0.0516073 -0.15127 0.987144 0.417877 -0.993334 0.109801 -0.035105 -0.494743 -0.103079 -0.982375 -0.155928 0.443743 
1530613864175 -0.0443843 -0.152188 0.987354 0.411682 -0.993625 0.109244 -0.0278276 -0.49421 -0.103627 -0.982295 -0.156067 0.443294 
1530613864776 -0.0369404 -0.153145 0.987513 0.405531 -0.993885 0.108528 -0.020348 -0.493654 -0.104057 -0.982226 -0.156218 0.442813 
1530613865326 -0.0298509 -0.154122 0.987601 0.39958 -0.994044 0.108181 -0.0131632 -0.493215 -0.104811 -0.982112 -0.156433 0.442282 
1530613865848 -0.0228296 -0.155053 0.987642 0.39468 -0.994171 0.10764 -0.00608177 -0.492762 -0.105367 -0.982025 -0.156606 0.44174 
1530613865868 -0.0227544 -0.155023 0.987649 0.394675 -0.994177 0.107588 -0.00601769 -0.492764 -0.105326 -0.982035 -0.156568 0.44176 
1530613866120 -0.0220839 -0.155033 0.987662 0.393934 -0.994182 0.107578 -0.00534325 -0.492648 -0.105422 -0.982034 -0.156507 0.441755 
1530613866429 -0.0214119 -0.15525 0.987643 0.393035 -0.994186 0.107576 -0.00464355 -0.492603 -0.105526 -0.982 -0.156651 0.441682 
1530613866660 -0.0204654 -0.155442 0.987633 0.392416 -0.994189 0.107584 -0.00366862 -0.492433 -0.105684 -0.981969 -0.156741 0.441543 
1530613866896 -0.0197741 -0.155433 0.987649 0.391595 -0.994204 0.107465 -0.0029929 -0.492368 -0.105672 -0.981984 -0.156657 0.441513 
1530613867139 -0.0189841 -0.155619 0.987635 0.390809 -0.994231 0.107242 -0.00221318 -0.492315 -0.105571 -0.981979 -0.156757 0.441514 
1530613867379 -0.0181967 -0.155798 0.987621 0.39006 -0.994216 0.107389 -0.00137752 -0.492164 -0.105845 -0.981934 -0.156851 0.441387 
1530613867620 -0.0175856 -0.155691 0.987649 0.38922 -0.994235 0.107218 -0.000801293 -0.492128 -0.105769 -0.98197 -0.156678 0.441451 
1530613867848 -0.016608 -0.155892 0.987634 0.388565 -0.994239 0.107188 0.000199959 -0.492008 -0.105894 -0.981941 -0.156774 0.441341 
1530613868083 -0.0158647 -0.15608 0.987617 0.387917 -0.994232 0.107247 0.0009781 -0.491947 -0.106072 -0.981905 -0.156881 0.441246 
1530613868100 -0.0159065 -0.156035 0.987623 0.387868 -0.994235 0.107215 0.000925974 -0.491963 -0.106033 -0.981915 -0.156841 0.441274 
1530613868387 -0.0144105 -0.155206 0.987777 0.387751 -0.994545 0.104291 0.00187772 -0.492077 -0.103308 -0.982362 -0.155862 0.441284 
1530613868663 -0.0129237 -0.154319 0.987937 0.387611 -0.994848 0.10134 0.00281553 -0.492188 -0.100552 -0.98281 -0.154833 0.441271 
1530613868973 -0.0113613 -0.153359 0.988105 0.387468 -0.995154 0.0982593 0.00380801 -0.492306 -0.0976745 -0.983273 -0.153732 0.44129 
1530613869277 -0.00987247 -0.15235 0.988277 0.387318 -0.995442 0.0952497 0.0047394 -0.492441 -0.0948552 -0.983726 -0.152596 0.441369 
1530613869555 -0.00836075 -0.151345 0.988446 0.387199 -0.995733 0.0921069 0.00568046 -0.492588 -0.0919024 -0.98418 -0.151469 0.44146 
1530613869856 -0.00685746 -0.150501 0.988586 0.387048 -0.995984 0.0892854 0.00668389 -0.492694 -0.0892722 -0.98457 -0.150509 0.441363 
1530613870123 -0.00512169 -0.149538 0.988743 0.386992 -0.996242 0.0862492 0.00788381 -0.492736 -0.0864572 -0.984987 -0.149417 0.441404 
1530613870414 -0.00360679 -0.14854 0.9889 0.386865 -0.996501 0.0831075 0.00884884 -0.492849 -0.0834994 -0.985408 -0.14832 0.441501 
1530613870721 -0.00217267 -0.147606 0.989044 0.386723 -0.996731 0.0801969 0.00977915 -0.493003 -0.0807617 -0.985789 -0.147298 0.441589 
1530613870737 -0.00213294 -0.147583 0.989047 0.386733 -0.996734 0.0801599 0.00981175 -0.493005 -0.08073 -0.985796 -0.147272 0.441596 
1530613871029 -0.00334621 -0.145724 0.98932 0.386768 -0.99631 0.0853331 0.00919949 -0.492903 -0.0857623 -0.985638 -0.145472 0.441446 
1530613871324 -0.00451365 -0.143953 0.989574 0.386721 -0.995854 0.0905547 0.00863063 -0.492799 -0.090853 -0.985433 -0.143765 0.441292 
1530613871608 -0.00557756 -0.142119 0.989834 0.386751 -0.995374 0.0957338 0.00813655 -0.492675 -0.0959169 -0.985209 -0.141996 0.441162 
1530613871909 -0.0067339 -0.140015 0.990126 0.386697 -0.994862 0.100959 0.00751064 -0.492621 -0.101014 -0.984989 -0.139975 0.441075 
1530613872217 -0.00792255 -0.138207 0.990372 0.386655 -0.994317 0.106234 0.00687086 -0.492506 -0.106161 -0.984689 -0.138263 0.440903 
1530613872520 -0.00902287 -0.136355 0.990619 0.386671 -0.993762 0.111349 0.00627535 -0.492421 -0.11116 -0.984382 -0.136509 0.440784 
1530613872803 -0.0101537 -0.134508 0.990861 0.386686 -0.99316 0.116627 0.00565473 -0.492296 -0.116322 -0.984025 -0.134772 0.440602 
1530613873095 -0.0112748 -0.132646 0.991099 0.386674 -0.992545 0.121777 0.00500711 -0.492208 -0.121358 -0.983654 -0.13303 0.440477 
1530613873388 -0.0123485 -0.130666 0.99135 0.386606 -0.991911 0.12686 0.00436545 -0.492179 -0.126333 -0.983277 -0.131176 0.440411 
1530613873405 -0.0123347 -0.13064 0.991353 0.386616 -0.991897 0.126967 0.00439008 -0.492166 -0.126442 -0.983266 -0.131147 0.440405 
1530613873758 -0.0120485 -0.132325 0.991133 0.386762 -0.992727 0.120322 0.00399613 -0.492173 -0.119784 -0.983876 -0.132812 0.440575 
1530613874113 -0.0115302 -0.133516 0.99098 0.386946 -0.993513 0.113656 0.00375334 -0.49214 -0.113132 -0.984508 -0.133961 0.440937 
1530613874440 -0.011203 -0.134917 0.990794 0.38713 -0.994244 0.107083 0.0033396 -0.492165 -0.106548 -0.985054 -0.13534 0.441183 
1530613874796 -0.010774 -0.136463 0.990587 0.387255 -0.99494 0.100429 0.00301377 -0.492142 -0.0998951 -0.985541 -0.136854 0.441433 
1530613875141 -0.0104131 -0.137886 0.990393 0.387482 -0.995591 0.0937639 0.00258646 -0.492164 -0.0932198 -0.986 -0.138255 0.44167 
1530613875623 -0.00947741 -0.140825 0.989989 0.387775 -0.99677 0.0802929 0.00187926 -0.492178 -0.0797537 -0.986773 -0.141131 0.442182 
1530613875997 -0.00926715 -0.142296 0.989781 0.387908 -0.997277 0.0737402 0.00126395 -0.492243 -0.0731665 -0.987074 -0.142592 0.442464 
1530613876347 -0.00869847 -0.143517 0.98961 0.388046 -0.997747 0.0670844 0.000958867 -0.492307 -0.066525 -0.987372 -0.143777 0.442801 
1530613876364 -0.00866299 -0.143544 0.989606 0.388064 -0.997751 0.0670231 0.000987537 -0.492297 -0.0664683 -0.987372 -0.143802 0.442801 
1530613876642 -0.00975975 -0.141716 0.989859 0.388154 -0.99759 0.0693811 9.71673e-05 -0.492226 -0.0686913 -0.987473 -0.142052 0.442638 
1530613876884 -0.0107615 -0.139967 0.990098 0.388207 -0.997443 0.0714607 -0.00073922 -0.492164 -0.0706496 -0.987574 -0.140378 0.442477 
1530613877247 -0.0128397 -0.136419 0.990568 0.388416 -0.997089 0.0762102 -0.00242877 -0.492002 -0.07516 -0.987716 -0.137 0.442017 
1530613877485 -0.0138138 -0.134571 0.990808 0.388491 -0.996938 0.0781253 -0.00328829 -0.491946 -0.0769647 -0.987819 -0.135239 0.44196 
1530613877772 -0.0147384 -0.13269 0.991048 0.388646 -0.99675 0.0804548 -0.00405121 -0.491856 -0.079197 -0.987887 -0.133444 0.441765 
1530613878030 -0.0157763 -0.130948 0.991264 0.388658 -0.996577 0.0825215 -0.0049596 -0.49181 -0.0811511 -0.987949 -0.131801 0.441596 
1530613878286 -0.0169022 -0.12928 0.991464 0.388694 -0.996366 0.0849642 -0.00590704 -0.491771 -0.0834752 -0.987961 -0.130246 0.441304 
1530613878528 -0.0177319 -0.127367 0.991697 0.388821 -0.996184 0.0870306 -0.00663451 -0.491734 -0.085463 -0.98803 -0.128424 0.44132 
1530613878545 -0.0177251 -0.127343 0.9917 0.388825 -0.996176 0.0871162 -0.00661858 -0.491718 -0.0855504 -0.988026 -0.1284 0.441299 
1530613878992 -0.0188578 -0.130016 0.991333 0.388956 -0.995871 0.0905023 -0.00707453 -0.491683 -0.0887981 -0.987373 -0.131186 0.441732 
1530613879475 -0.0212433 -0.135182 0.990593 0.389244 -0.995187 0.0976691 -0.00801329 -0.491595 -0.095667 -0.985995 -0.136606 0.442587 
1530613879866 -0.0226237 -0.137789 0.990203 0.389368 -0.994815 0.101334 -0.00862827 -0.491572 -0.0991522 -0.985264 -0.139367 0.443006 
1530613880261 -0.0237757 -0.140349 0.989817 0.38951 -0.994431 0.105009 -0.00899687 -0.491477 -0.102677 -0.984518 -0.142064 0.443425 
1530613880619 -0.024967 -0.142759 0.989443 0.389666 -0.994062 0.108408 -0.00944226 -0.491458 -0.105915 -0.983803 -0.144618 0.4439 
1530613880996 -0.0263445 -0.145346 0.98903 0.389717 -0.993658 0.111998 -0.0100088 -0.491478 -0.109315 -0.983021 -0.147374 0.444342 
1530613881392 -0.0274819 -0.147919 0.988618 0.389877 -0.993264 0.115409 -0.0103433 -0.49136 -0.112566 -0.982243 -0.150095 0.444744 
1530613881776 -0.0288333 -0.150295 0.988221 0.389952 -0.992851 0.118859 -0.0108915 -0.49127 -0.115822 -0.98147 -0.152647 0.444951 
1530613881793 -0.0288513 -0.150322 0.988216 0.389952 -0.992849 0.118881 -0.0109032 -0.491277 -0.115841 -0.981464 -0.152677 0.444933 
1530613882065 -0.0278615 -0.15134 0.988089 0.390022 -0.99313 0.11658 -0.0101478 -0.49147 -0.113655 -0.981583 -0.153548 0.445206 
1530613882299 -0.0266228 -0.152337 0.98797 0.39016 -0.993368 0.114615 -0.00909566 -0.491564 -0.11185 -0.98166 -0.154378 0.445336 
1530613882517 -0.0256048 -0.153459 0.987823 0.39029 -0.993605 0.112608 -0.00826099 -0.491733 -0.109969 -0.981718 -0.155361 0.445501 
1530613882774 -0.0247224 -0.154595 0.987669 0.390312 -0.993862 0.110362 -0.00760302 -0.49195 -0.107826 -0.981795 -0.156374 0.445705 
1530613883012 -0.0235389 -0.155621 0.987536 0.390433 -0.994099 0.108274 -0.00663306 -0.492084 -0.105892 -0.981865 -0.157251 0.445858 
1530613883254 -0.0225707 -0.156711 0.987387 0.39048 -0.994323 0.106241 -0.00586747 -0.492214 -0.103981 -0.981914 -0.158219 0.446072 
1530613883478 -0.0213124 -0.157639 0.987267 0.390664 -0.994561 0.104044 -0.00485687 -0.492328 -0.101954 -0.982 -0.158999 0.446293 
1530613883780 -0.0192265 -0.159812 0.98696 0.390781 -0.994998 0.0998386 -0.00321687 -0.492541 -0.0980227 -0.982086 -0.160932 0.446568 
1530613883797 -0.01923 -0.159844 0.986955 0.390774 -0.995003 0.0997907 -0.003225 -0.492546 -0.0979734 -0.982085 -0.160965 0.446563 
1530613884150 -0.0179313 -0.159294 0.987068 0.390896 -0.995463 0.0951122 -0.00273448 -0.492553 -0.0934467 -0.982639 -0.160277 0.446453 
1530613884618 -0.0158555 -0.157982 0.987315 0.391072 -0.99633 0.0855599 -0.00230966 -0.492731 -0.0841097 -0.983728 -0.158759 0.4463 
1530613884960 -0.0146979 -0.157367 0.987431 0.391168 -0.996745 0.0805968 -0.00199177 -0.492813 -0.0792703 -0.984246 -0.15804 0.446282 
1530613885432 -0.0126511 -0.156109 0.987659 0.391279 -0.997477 0.0709702 -0.00155927 -0.493003 -0.0698509 -0.985187 -0.156613 0.446133 
1530613885791 -0.0116771 -0.155675 0.987739 0.391338 -0.997798 0.0663169 -0.00134395 -0.493078 -0.0652946 -0.98558 -0.156107 0.445941 
1530613886125 -0.0105964 -0.155016 0.987855 0.391421 -0.998112 0.061406 -0.0010705 -0.493153 -0.0604943 -0.986002 -0.155374 0.445957 
1530613886480 -0.00947614 -0.154397 0.987963 0.391545 -0.998405 0.0564579 -0.000753132 -0.493291 -0.0556621 -0.986394 -0.154686 0.446078 
1530613886498 -0.0094591 -0.154363 0.987969 0.39155 -0.998408 0.056405 -0.000746176 -0.493298 -0.0556112 -0.986403 -0.154651 0.446088 
1530613886750 -0.00990015 -0.152363 0.988275 0.391643 -0.998374 0.0569911 -0.00121495 -0.493241 -0.0561377 -0.98668 -0.15268 0.445887 
1530613887015 -0.0104123 -0.150352 0.988578 0.391685 -0.99833 0.0577452 -0.00173257 -0.493185 -0.0568251 -0.986945 -0.150702 0.445611 
1530613887277 -0.0108236 -0.148318 0.98888 0.391747 -0.998294 0.0583546 -0.00217428 -0.493139 -0.0573832 -0.987216 -0.148697 0.445321 
1530613887539 -0.0111756 -0.146157 0.989198 0.391833 -0.998258 0.0589474 -0.00256832 -0.493065 -0.0579353 -0.987504 -0.146561 0.445139 
1530613887792 -0.0117199 -0.144106 0.989493 0.391879 -0.998217 0.0595988 -0.00314351 -0.493042 -0.0585196 -0.987766 -0.144548 0.444913 
1530613888076 -0.012328 -0.14207 0.98978 0.391916 -0.998177 0.0602356 -0.00378661 -0.493018 -0.059082 -0.988022 -0.142553 0.44462 
1530613888424 -0.013086 -0.137928 0.990356 0.392071 -0.998086 0.0616665 -0.00459973 -0.492912 -0.0604374 -0.988521 -0.138471 0.444128 
1530613888671 -0.0135657 -0.135946 0.990623 0.392095 -0.998065 0.0619583 -0.0051649 -0.492952 -0.0606752 -0.988777 -0.136524 0.444121 
1530613888688 -0.0135288 -0.135914 0.990628 0.392105 -0.998061 0.0620403 -0.00511832 -0.492943 -0.0607632 -0.988776 -0.13649 0.44409 
1530613889013 -0.0139639 -0.134752 0.990781 0.392109 -0.998187 0.0598964 -0.00592207 -0.492958 -0.0585462 -0.989067 -0.135344 0.444042 
1530613889324 -0.0141759 -0.133732 0.990916 0.392224 -0.998306 0.0578285 -0.00647718 -0.492922 -0.056437 -0.989329 -0.134325 0.443846 
1530613889615 -0.0143193 -0.132611 0.991065 0.392292 -0.998415 0.0558427 -0.00695335 -0.49286 -0.0544216 -0.989594 -0.133201 0.443721 
1530613889940 -0.0144998 -0.131515 0.991208 0.39247 -0.998519 0.0538934 -0.00745613 -0.492771 -0.052439 -0.989848 -0.132101 0.443519 
1530613890220 -0.0146698 -0.130371 0.991357 0.392578 -0.998634 0.0516368 -0.00798679 -0.492733 -0.0501492 -0.99012 -0.130951 0.443469 
1530613890515 -0.0148968 -0.129283 0.991496 0.392666 -0.99873 0.0496518 -0.00853123 -0.492701 -0.0481266 -0.990364 -0.129859 0.443274 
1530613890872 -0.0151996 -0.128232 0.991628 0.392734 -0.998819 0.0477083 -0.00914045 -0.492675 -0.0461367 -0.990596 -0.128806 0.443073 
1530613891152 -0.0154568 -0.127156 0.991762 0.392801 -0.998916 0.0455137 -0.00973286 -0.492653 -0.0439012 -0.990838 -0.127722 0.443025 
1530613891425 -0.0155734 -0.126114 0.991893 0.392909 -0.999001 0.0435271 -0.0101507 -0.492665 -0.0418941 -0.99106 -0.126666 0.442993 
1530613891441 -0.015603 -0.126049 0.991901 0.392912 -0.999 0.0435347 -0.0101823 -0.492668 -0.0418986 -0.991068 -0.126603 0.443 
1530613891796 -0.0143762 -0.125011 0.992051 0.39302 -0.99917 0.0396055 -0.00948861 -0.492845 -0.0381045 -0.991365 -0.125476 0.442824 
1530613892160 -0.012976 -0.123749 0.992229 0.39314 -0.999317 0.035943 -0.00858594 -0.492943 -0.0346012 -0.991662 -0.12413 0.442573 
1530613892472 -0.0117567 -0.122682 0.992376 0.393223 -0.999458 0.0319625 -0.00788922 -0.493129 -0.030751 -0.991931 -0.122991 0.442437 
1530613892786 -0.0104301 -0.12146 0.992542 0.393371 -0.999582 0.0280359 -0.00707331 -0.49327 -0.0269677 -0.9922 -0.121701 0.442271 
1530613893124 -0.00908562 -0.120253 0.992702 0.393484 -0.999688 0.0242121 -0.00621658 -0.493359 -0.0232878 -0.992448 -0.120435 0.442048 
1530613893443 -0.00773387 -0.118986 0.992866 0.393617 -0.999783 0.0201012 -0.00537879 -0.493525 -0.0193178 -0.992692 -0.119116 0.442017 
1530613893796 -0.00663665 -0.117817 0.993013 0.393685 -0.999855 0.0163739 -0.00473967 -0.493709 -0.015701 -0.9929 -0.117909 0.441771 
1530613894124 -0.00543134 -0.11673 0.993149 0.393762 -0.999913 0.0125619 -0.00399187 -0.493825 -0.0120098 -0.993084 -0.116788 0.44157 
1530613894464 -0.00409217 -0.115348 0.993317 0.39392 -0.999957 0.00871086 -0.00310798 -0.493956 -0.00829414 -0.993287 -0.115379 0.441598 
1530613894482 -0.00407769 -0.115324 0.99332 0.393923 -0.999958 0.00866627 -0.00309879 -0.493951 -0.00825101 -0.99329 -0.115355 0.441613 
1530613894896 -0.00480261 -0.119455 0.992828 0.394114 -0.999905 0.0134058 -0.00322389 -0.493985 -0.0129245 -0.992749 -0.119508 0.442137 
1530613895324 -0.00540103 -0.123426 0.992339 0.394375 -0.999833 0.0179974 -0.00320332 -0.493956 -0.0174642 -0.992191 -0.123502 0.4428 
1530613895751 -0.00620516 -0.127496 0.99182 0.394598 -0.999737 0.0226891 -0.00333808 -0.494002 -0.0220779 -0.99158 -0.127603 0.443377 
1530613896153 -0.00689364 -0.131497 0.991293 0.394815 -0.999621 0.0273189 -0.00332765 -0.494018 -0.0266434 -0.99094 -0.131636 0.444 
1530613896579 -0.00763426 -0.135503 0.990748 0.395033 -0.999484 0.0319401 -0.00333319 -0.494048 -0.0311929 -0.990262 -0.135677 0.444654 
1530613897088 -0.00857607 -0.139823 0.990139 0.39519 -0.999318 0.0367723 -0.00346276 -0.494057 -0.0359255 -0.989494 -0.140043 0.445125 
1530613897542 -0.00922949 -0.143548 0.9896 0.395442 -0.999144 0.0412379 -0.00333669 -0.494064 -0.0403301 -0.988784 -0.143805 0.445834 
1530613897977 -0.010234 -0.147787 0.988966 0.395609 -0.99893 0.0461197 -0.00344519 -0.494054 -0.0451016 -0.987943 -0.148101 0.446201 
1530613898369 -0.0110557 -0.151447 0.988404 0.395705 -0.998721 0.0504406 -0.00344237 -0.493964 -0.0493343 -0.987178 -0.151811 0.446535 
1530613898387 -0.011099 -0.151482 0.988398 0.395696 -0.99872 0.0504637 -0.00348084 -0.493971 -0.0493509 -0.987171 -0.151848 0.44653 
1530613898691 -0.0114789 -0.149868 0.988639 0.39589 -0.998861 0.0475192 -0.00439417 -0.494003 -0.0463208 -0.987563 -0.150242 0.44644 
1530613899013 -0.0115686 -0.148288 0.988877 0.396206 -0.998983 0.0448036 -0.00496831 -0.493899 -0.0435685 -0.987929 -0.148656 0.446219 
1530613899334 -0.0118597 -0.146669 0.989115 0.396444 -0.999108 0.041842 -0.00577503 -0.493892 -0.0405395 -0.9883 -0.147034 0.446104 
1530613899675 -0.0122002 -0.145071 0.989346 0.396685 -0.999221 0.0389152 -0.00661573 -0.493911 -0.0375408 -0.988656 -0.145432 0.445941 
1530613899991 -0.012608 -0.143547 0.989563 0.396881 -0.999324 0.0360019 -0.00750986 -0.493927 -0.0345481 -0.988988 -0.143904 0.445812 
1530613900324 -0.0129995 -0.141942 0.98979 0.397095 -0.999415 0.033169 -0.00836922 -0.493899 -0.0316424 -0.989319 -0.14229 0.44567 
1530613900653 -0.0131785 -0.140408 0.990006 0.397387 -0.999502 0.0302517 -0.00901443 -0.493879 -0.0286836 -0.989631 -0.140737 0.445499 
1530613900967 -0.0134897 -0.138707 0.990242 0.397639 -0.999579 0.0272983 -0.00979312 -0.493883 -0.0256735 -0.989957 -0.139017 0.445451 
1530613901287 -0.0138276 -0.137405 0.990418 0.397832 -0.999643 0.0245669 -0.0105481 -0.493953 -0.0228822 -0.99021 -0.137695 0.445356 
1530613901307 -0.0138064 -0.13743 0.990415 0.397844 -0.999643 0.0245523 -0.0105281 -0.493951 -0.0228701 -0.990207 -0.13772 0.445327 
1530613901588 -0.0142717 -0.13737 0.990417 0.398045 -0.999589 0.0265969 -0.0107149 -0.494026 -0.0248701 -0.990163 -0.137693 0.445497 
1530613901854 -0.0148268 -0.137526 0.990387 0.398303 -0.999524 0.0288323 -0.0109599 -0.4941 -0.0270479 -0.990078 -0.137888 0.44552 
1530613902147 -0.0151967 -0.137554 0.990378 0.398626 -0.999453 0.0311785 -0.0110055 -0.494159 -0.0293647 -0.990004 -0.137952 0.44554 
1530613902402 -0.0155814 -0.137442 0.990387 0.398865 -0.999386 0.0332431 -0.0111096 -0.494182 -0.0313966 -0.989952 -0.137876 0.445676 
1530613902677 -0.0161031 -0.137565 0.990362 0.399144 -0.999308 0.0354376 -0.0113261 -0.49423 -0.033538 -0.989859 -0.138041 0.445733 
1530613902941 -0.0163489 -0.137486 0.990369 0.39948 -0.999231 0.037542 -0.0112835 -0.494259 -0.0356291 -0.989792 -0.137994 0.44584 
1530613903211 -0.0168324 -0.137478 0.990362 0.399706 -0.999139 0.0398822 -0.0114453 -0.494318 -0.0379243 -0.989702 -0.138031 0.445886 
1530613903478 -0.017252 -0.137613 0.990336 0.399989 -0.999045 0.0421496 -0.0115467 -0.494311 -0.0401533 -0.989589 -0.138209 0.445865 
1530613903768 -0.0178171 -0.137604 0.990327 0.400161 -0.998955 0.0441462 -0.0118383 -0.494352 -0.0420902 -0.989503 -0.138247 0.44595 
1530613903785 -0.0178357 -0.137605 0.990327 0.400166 -0.998954 0.044173 -0.0118532 -0.494353 -0.0421147 -0.989502 -0.138249 0.445952 
1530613904183 -0.0204025 -0.138344 0.990174 0.400385 -0.99865 0.0501444 -0.0135711 -0.494253 -0.0477742 -0.989114 -0.13918 0.44609 
1530613904588 -0.0225682 -0.138813 0.990061 0.400806 -0.998305 0.0562694 -0.0148668 -0.493969 -0.0536464 -0.988719 -0.139848 0.44628 
1530613904958 -0.0250905 -0.139357 0.989924 0.40109 -0.997928 0.0621823 -0.0165396 -0.493838 -0.0592508 -0.988288 -0.140628 0.446482 
1530613905383 -0.0279012 -0.139883 0.989775 0.401296 -0.997494 0.0683026 -0.0184658 -0.493748 -0.0650212 -0.98781 -0.141438 0.446723 
1530613905741 -0.0302702 -0.140522 0.989615 0.401613 -0.997043 0.0742151 -0.019959 -0.493589 -0.0706397 -0.987292 -0.142353 0.446843 
1530613906116 -0.0326369 -0.140823 0.989497 0.402001 -0.996555 0.0801105 -0.0214686 -0.493392 -0.0762458 -0.986788 -0.142952 0.44714 
1530613906479 -0.035234 -0.141312 0.989338 0.402251 -0.996009 0.086199 -0.0231594 -0.493271 -0.0820072 -0.986205 -0.143785 0.447296 
1530613906984 -0.0401642 -0.142391 0.988995 0.402748 -0.994812 0.0982812 -0.0262503 -0.492939 -0.0934618 -0.984919 -0.1456 0.447333 
1530613907000 -0.0401977 -0.142391 0.988994 0.402738 -0.994807 0.0983275 -0.0262773 -0.492931 -0.0935037 -0.984915 -0.145604 0.447334 
1530613907210 -0.0395251 -0.141348 0.989171 0.403023 -0.994906 0.097437 -0.0258309 -0.493073 -0.0927306 -0.985153 -0.144479 0.447361 
1530613907441 -0.039168 -0.140531 0.989301 0.403179 -0.99496 0.0969475 -0.0256206 -0.493243 -0.0923098 -0.985318 -0.14362 0.447214 
1530613907662 -0.0383848 -0.139668 0.989454 0.403554 -0.995062 0.0960428 -0.0250452 -0.493336 -0.0915319 -0.98553 -0.142665 0.447164 
1530613907878 -0.0380203 -0.138753 0.989597 0.403712 -0.995128 0.0954083 -0.0248555 -0.493513 -0.090967 -0.98572 -0.141705 0.447141 
1530613908070 -0.0374841 -0.137951 0.989729 0.403954 -0.995203 0.094716 -0.0244897 -0.493662 -0.0903649 -0.9859 -0.14084 0.447071 
1530613908301 -0.0369287 -0.13693 0.989892 0.404227 -0.995286 0.0939267 -0.0241372 -0.49381 -0.0896722 -0.986118 -0.139753 0.447039 
1530613908516 -0.0364036 -0.136106 0.990025 0.404484 -0.995354 0.0933037 -0.0237724 -0.493921 -0.0891374 -0.986291 -0.13887 0.446955 
1530613908759 -0.0356479 -0.135244 0.990171 0.404773 -0.995435 0.0925782 -0.0231926 -0.494022 -0.0885316 -0.986478 -0.137926 0.446839 
1530613908977 -0.0352637 -0.134323 0.99031 0.404913 -0.995514 0.0917767 -0.0230007 -0.494128 -0.0877979 -0.986679 -0.136956 0.446927 
1530613908994 -0.0352216 -0.13432 0.990312 0.404924 -0.995518 0.0917431 -0.0229632 -0.494134 -0.0877699 -0.986682 -0.13695 0.446917 
1530613909286 -0.0363196 -0.137078 0.989894 0.405323 -0.995401 0.0928212 -0.0236681 -0.494102 -0.0886388 -0.986202 -0.139819 0.4474 
1530613909588 -0.0375328 -0.14004 0.989434 0.405681 -0.995268 0.0940392 -0.0244443 -0.494111 -0.0896225 -0.98567 -0.142907 0.447782 
1530613909896 -0.0387327 -0.142899 0.988979 0.406037 -0.995141 0.095179 -0.0252214 -0.494073 -0.0905259 -0.98515 -0.145892 0.44826 
1530613910207 -0.0400526 -0.145638 0.988527 0.406373 -0.995004 0.0963616 -0.0261183 -0.494129 -0.0914522 -0.984634 -0.148769 0.448757 
1530613910518 -0.0411273 -0.148693 0.988028 0.406803 -0.994877 0.0974974 -0.0267395 -0.494077 -0.0923541 -0.984065 -0.151941 0.449108 
1530613910824 -0.0422164 -0.151465 0.987561 0.407213 -0.99474 0.0986988 -0.0273856 -0.494018 -0.0933231 -0.983523 -0.154835 0.449558 
1530613911150 -0.0434609 -0.154287 0.98707 0.40755 -0.9946 0.0998788 -0.0281807 -0.494012 -0.0942395 -0.982965 -0.157795 0.450025 
1530613911461 -0.0447334 -0.157162 0.986559 0.407887 -0.994469 0.100941 -0.0290119 -0.494006 -0.0950242 -0.982401 -0.160809 0.450435 
1530613911756 -0.0457424 -0.159891 0.986074 0.408161 -0.994331 0.102137 -0.029564 -0.493906 -0.0959873 -0.981837 -0.163657 0.450576 
1530613911773 -0.0457682 -0.159896 0.986072 0.408156 -0.994333 0.102108 -0.0295944 -0.493916 -0.0959542 -0.981839 -0.163663 0.450592 
1530613911984 -0.0451132 -0.158526 0.986324 0.408456 -0.99432 0.102399 -0.0290209 -0.494021 -0.0963982 -0.982031 -0.162245 0.450353 
1530613912201 -0.0445118 -0.156979 0.986598 0.408745 -0.994312 0.102608 -0.0285337 -0.494192 -0.0967541 -0.982257 -0.160654 0.45022 
1530613912442 -0.0438459 -0.155593 0.986848 0.409071 -0.994271 0.103178 -0.0279079 -0.4943 -0.0974792 -0.982418 -0.159226 0.449924 
1530613912761 -0.0433579 -0.154144 0.987097 0.409335 -0.994263 0.103362 -0.0275317 -0.494528 -0.0977846 -0.982627 -0.157741 0.44976 
1530613912991 -0.0426303 -0.152801 0.987337 0.409734 -0.994254 0.103615 -0.0268935 -0.494601 -0.0981932 -0.98281 -0.15634 0.44952 
1530613913219 -0.0420516 -0.151152 0.987616 0.409986 -0.994253 0.103737 -0.0264575 -0.494772 -0.0984532 -0.983052 -0.154646 0.44945 
1530613913448 -0.0413755 -0.149786 0.987852 0.410279 -0.994239 0.10402 -0.0258707 -0.494885 -0.0988809 -0.983231 -0.153227 0.449233 
1530613913702 -0.0407888 -0.148454 0.988078 0.410586 -0.994189 0.104633 -0.0253205 -0.494951 -0.0996263 -0.983368 -0.151859 0.448913 
1530613913917 -0.0402685 -0.147046 0.98831 0.410802 -0.994193 0.104687 -0.0249322 -0.49505 -0.0997974 -0.983574 -0.150408 0.448931 
1530613913934 -0.0401762 -0.147032 0.988315 0.410832 -0.994194 0.104701 -0.0248388 -0.49505 -0.0998251 -0.983575 -0.150385 0.448901 
1530613914230 -0.0403545 -0.147704 0.988208 0.411141 -0.994549 0.101103 -0.0255019 -0.495073 -0.0961437 -0.98385 -0.150979 0.449076 
1530613914531 -0.0405559 -0.148344 0.988104 0.411412 -0.99487 0.0977241 -0.0261622 -0.495088 -0.0926805 -0.984095 -0.151547 0.449097 
1530613914809 -0.0406327 -0.148994 0.988003 0.411763 -0.995195 0.0941938 -0.0267237 -0.495113 -0.0890821 -0.984342 -0.152106 0.449184 
1530613915112 -0.040641 -0.149549 0.987919 0.412112 -0.995514 0.0906067 -0.0272376 -0.495133 -0.0854387 -0.984594 -0.152561 0.449302 
1530613915409 -0.0407708 -0.150164 0.98782 0.412427 -0.995814 0.08705 -0.0278678 -0.495177 -0.081805 -0.984821 -0.153084 0.449389 
1530613915687 -0.0409171 -0.150924 0.987698 0.4127 -0.996083 0.0837084 -0.0284736 -0.495181 -0.0783813 -0.984995 -0.153758 0.449392 
1530613915950 -0.0410067 -0.15159 0.987592 0.413008 -0.996351 0.0802475 -0.0290529 -0.495226 -0.0748477 -0.985181 -0.154328 0.449421 
1530613916245 -0.0411398 -0.152278 0.987481 0.413362 -0.996613 0.0766836 -0.029695 -0.495266 -0.0712017 -0.985358 -0.154917 0.449511 
1530613916518 -0.0412192 -0.152741 0.987406 0.413577 -0.996858 0.0731836 -0.0302931 -0.495375 -0.0676349 -0.985553 -0.155278 0.449675 
1530613916539 -0.0411736 -0.152738 0.987409 0.413612 -0.996866 0.0730867 -0.0302625 -0.495368 -0.0675442 -0.98556 -0.155269 0.449697 
1530613916852 -0.040983 -0.152585 0.98744 0.413839 -0.997007 0.071088 -0.0303951 -0.495529 -0.0655573 -0.98573 -0.155042 0.449617 
1530613917105 -0.0405496 -0.152285 0.987504 0.414158 -0.997156 0.0690102 -0.0303037 -0.495583 -0.0635331 -0.985924 -0.15465 0.449631 
1530613917348 -0.040199 -0.151995 0.987563 0.414477 -0.997297 0.0669433 -0.030292 -0.495621 -0.0615066 -0.986112 -0.154275 0.449625 
1530613917604 -0.0397232 -0.151843 0.987606 0.414853 -0.99743 0.0650064 -0.0301237 -0.495643 -0.0596266 -0.986265 -0.154035 0.449504 
1530613917939 -0.0391042 -0.151596 0.987669 0.415473 -0.997699 0.0607107 -0.0301829 -0.495827 -0.0553865 -0.986576 -0.153621 0.449367 
1530613918258 -0.0389433 -0.151305 0.98772 0.415725 -0.99782 0.0585949 -0.0303657 -0.495966 -0.0532808 -0.986749 -0.153257 0.449415 
1530613918503 -0.0384363 -0.151104 0.98777 0.416008 -0.997947 0.0564857 -0.0301914 -0.496007 -0.0512328 -0.986903 -0.152965 0.449414 
1530613918756 -0.0382077 -0.150898 0.987811 0.416216 -0.998052 0.0545512 -0.0302706 -0.49607 -0.0493185 -0.987043 -0.152689 0.4494 
1530613918776 -0.0382084 -0.150899 0.987811 0.416223 -0.998053 0.054537 -0.0302735 -0.496068 -0.049304 -0.987044 -0.152689 0.449395 
1530613919149 -0.040291 -0.152001 0.987559 0.416616 -0.997719 0.0597036 -0.0315162 -0.495904 -0.0541703 -0.986576 -0.15406 0.449538 
1530613919532 -0.0426835 -0.152854 0.987327 0.416892 -0.997347 0.0648509 -0.0330767 -0.495829 -0.0589731 -0.986119 -0.155216 0.449799 
1530613919900 -0.0450874 -0.153762 0.987079 0.417232 -0.996945 0.0700114 -0.0346321 -0.495716 -0.0637817 -0.985625 -0.156448 0.450044 
1530613920266 -0.047186 -0.154758 0.986825 0.417647 -0.996523 0.0752029 -0.035856 -0.495535 -0.0686631 -0.985086 -0.157769 0.45019 
1530613920650 -0.0492244 -0.155748 0.98657 0.418055 -0.996068 0.0804971 -0.0369904 -0.495344 -0.0736548 -0.984511 -0.159098 0.450337 
1530613921023 -0.0515847 -0.156658 0.986305 0.418402 -0.99559 0.085553 -0.0384817 -0.495212 -0.0783529 -0.983941 -0.16038 0.45059 
1530613921425 -0.0539212 -0.157693 0.986015 0.418731 -0.995062 0.0908855 -0.0398808 -0.495102 -0.0833255 -0.983297 -0.161815 0.450709 
1530613921805 -0.0561279 -0.158565 0.985752 0.419014 -0.994537 0.095906 -0.0412009 -0.494998 -0.0880065 -0.98268 -0.163082 0.450899 
1530613922212 -0.0584142 -0.159163 0.985523 0.419296 -0.993981 0.100922 -0.0426166 -0.494822 -0.0926778 -0.98208 -0.1641 0.45104 
1530613922229 -0.0584472 -0.159196 0.985515 0.419291 -0.993975 0.100978 -0.0426373 -0.494829 -0.0927277 -0.982069 -0.164139 0.451015 
1530613922507 -0.0583454 -0.156888 0.985891 0.419548 -0.993866 0.102071 -0.0425743 -0.494843 -0.0939518 -0.982328 -0.161881 0.450651 
1530613922780 -0.0583882 -0.154643 0.986244 0.419807 -0.993752 0.103134 -0.0426614 -0.494893 -0.0951179 -0.982573 -0.159698 0.450338 
1530613923094 -0.0585971 -0.152343 0.986589 0.420009 -0.993616 0.104343 -0.0429023 -0.495026 -0.0964082 -0.982804 -0.157485 0.449924 
1530613923424 -0.0584729 -0.147711 0.987301 0.420515 -0.993397 0.106394 -0.0429163 -0.495104 -0.0987039 -0.983291 -0.152957 0.449317 
1530613923680 -0.0583475 -0.145295 0.987666 0.420833 -0.993274 0.107564 -0.0428551 -0.495121 -0.10001 -0.983524 -0.150594 0.449003 
1530613923942 -0.0583573 -0.14311 0.987985 0.421089 -0.993158 0.108599 -0.0429322 -0.495198 -0.10115 -0.98373 -0.148469 0.448608 
1530613924283 -0.0582976 -0.13856 0.988637 0.421536 -0.992898 0.110929 -0.0430018 -0.495268 -0.10371 -0.984122 -0.144043 0.448101 
1530613924300 -0.0583299 -0.138458 0.988649 0.421515 -0.992895 0.110938 -0.0430439 -0.495291 -0.103719 -0.984135 -0.143945 0.448115 
1530613924535 -0.0585466 -0.138442 0.988638 0.422055 -0.993034 0.109518 -0.0434707 -0.495398 -0.102256 -0.984296 -0.14389 0.448061 
1530613924748 -0.058792 -0.138389 0.988631 0.422284 -0.993082 0.10895 -0.0438058 -0.495482 -0.101649 -0.984367 -0.143837 0.447972 
1530613924938 -0.0587172 -0.138366 0.988639 0.422575 -0.993133 0.108486 -0.0438008 -0.495485 -0.101193 -0.984421 -0.143786 0.447887 
1530613925131 -0.0586425 -0.138326 0.988649 0.422895 -0.993196 0.107893 -0.0438164 -0.495484 -0.100608 -0.984492 -0.143712 0.447794 
1530613925343 -0.0587091 -0.138241 0.988657 0.423218 -0.993273 0.107113 -0.0440058 -0.495509 -0.0998145 -0.984589 -0.1436 0.447773 
1530613925557 -0.058865 -0.138418 0.988623 0.423487 -0.993309 0.106691 -0.0442061 -0.495544 -0.0993584 -0.98461 -0.143772 0.447558 
1530613925776 -0.0590681 -0.138307 0.988626 0.423652 -0.993388 0.105814 -0.0445494 -0.495665 -0.098449 -0.984721 -0.143643 0.447624 
1530613925962 -0.0590463 -0.138298 0.988629 0.423889 -0.993434 0.105355 -0.0445952 -0.495649 -0.09799 -0.984771 -0.143611 0.447504 
1530613925982 -0.0590261 -0.138248 0.988637 0.423927 -0.993439 0.105309 -0.0445867 -0.49565 -0.0979486 -0.984783 -0.143557 0.447529 
1530613926390 -0.0591046 -0.138291 0.988626 0.424173 -0.993837 0.101195 -0.0452608 -0.495645 -0.0937851 -0.985208 -0.14342 0.447434 
1530613926831 -0.0588287 -0.13822 0.988653 0.424783 -0.994619 0.0927212 -0.0462207 -0.495672 -0.0852805 -0.986052 -0.142931 0.447373 
1530613927191 -0.0586808 -0.137995 0.988693 0.425153 -0.994967 0.0886712 -0.046677 -0.495603 -0.0812274 -0.986456 -0.142504 0.447323 
1530613927516 -0.0586818 -0.137918 0.988704 0.425409 -0.995301 0.0844976 -0.0472864 -0.495611 -0.0770215 -0.986833 -0.142229 0.447337 
1530613927867 -0.0588207 -0.137976 0.988687 0.425676 -0.995614 0.0802903 -0.0480279 -0.495704 -0.0727553 -0.987176 -0.142094 0.447268 
1530613928228 -0.0587865 -0.137828 0.98871 0.425967 -0.995912 0.0761418 -0.0486004 -0.495697 -0.0685836 -0.987525 -0.141741 0.44725 
1530613928550 -0.0586154 -0.137821 0.988721 0.426254 -0.996206 0.0718904 -0.0490382 -0.49573 -0.0643211 -0.987845 -0.141512 0.447234 
1530613928882 -0.0585831 -0.137847 0.988719 0.426493 -0.996464 0.0678213 -0.0495864 -0.495798 -0.0602209 -0.988129 -0.141333 0.447281 
1530613928899 -0.0585614 -0.13783 0.988723 0.426516 -0.996467 0.0677979 -0.0495689 -0.495786 -0.0602013 -0.988133 -0.141313 0.447287 
1530613929179 -0.0580405 -0.137038 0.988864 0.426803 -0.996571 0.0664608 -0.0492827 -0.495796 -0.0589671 -0.988334 -0.140425 0.44702 
1530613929440 -0.0577844 -0.135991 0.989023 0.427053 -0.996678 0.0648169 -0.0493192 -0.495901 -0.0573984 -0.988587 -0.139285 0.446955 
1530613929763 -0.0573224 -0.134983 0.989188 0.427402 -0.996781 0.0633677 -0.0491153 -0.495944 -0.0560529 -0.98882 -0.138181 0.446721 
1530613930052 -0.0570715 -0.13414 0.989318 0.427616 -0.996867 0.0620157 -0.0490984 -0.496008 -0.0547671 -0.98902 -0.137259 0.446495 
1530613930357 -0.0565881 -0.133144 0.98948 0.427913 -0.996972 0.0604811 -0.0488783 -0.496051 -0.053337 -0.98925 -0.136163 0.446336 
1530613930654 -0.05632 -0.132193 0.989623 0.428194 -0.997071 0.0588079 -0.0488884 -0.496144 -0.0517349 -0.989478 -0.135118 0.446183 
1530613930929 -0.0559553 -0.13126 0.989768 0.428431 -0.99716 0.0573988 -0.0487612 -0.496184 -0.0504111 -0.989685 -0.134099 0.446039 
1530613931248 -0.0557383 -0.130298 0.989907 0.428594 -0.997248 0.0557976 -0.0488072 -0.496303 -0.0488749 -0.989904 -0.13305 0.445931 
1530613931504 -0.0554279 -0.129529 0.990025 0.428844 -0.997322 0.0545584 -0.0486983 -0.496348 -0.0477063 -0.990074 -0.132206 0.44572 
1530613931521 -0.0553697 -0.129514 0.99003 0.428859 -0.997328 0.0545041 -0.0486477 -0.49634 -0.0476602 -0.990078 -0.132186 0.445715 
1530613931871 -0.0557986 -0.130729 0.989847 0.42918 -0.99712 0.0582905 -0.0485102 -0.496404 -0.0513569 -0.989703 -0.133605 0.445919 
1530613932218 -0.0562546 -0.132127 0.989635 0.429464 -0.996905 0.0619536 -0.0483963 -0.496449 -0.0549171 -0.989295 -0.135203 0.446182 
1530613932607 -0.056933 -0.133519 0.98941 0.429738 -0.996653 0.0658338 -0.0484657 -0.496546 -0.0586655 -0.988857 -0.13682 0.446342 
1530613933130 -0.0577084 -0.13614 0.989007 0.430409 -0.996159 0.0732076 -0.0480484 -0.4966 -0.0658615 -0.987981 -0.139842 0.446848 
1530613933490 -0.0582408 -0.137425 0.988798 0.430717 -0.995878 0.0769874 -0.047958 -0.496659 -0.0695344 -0.987516 -0.141342 0.447012 
1530613933922 -0.0586591 -0.138951 0.98856 0.431042 -0.995577 0.0809395 -0.0476986 -0.496627 -0.0733858 -0.986986 -0.143085 0.447114 
1530613934291 -0.059162 -0.140059 0.988374 0.431301 -0.995274 0.0846518 -0.0475793 -0.496654 -0.0770038 -0.986518 -0.144405 0.447318 
1530613934640 -0.0597637 -0.141383 0.988149 0.431448 -0.994963 0.0882532 -0.0475486 -0.496574 -0.0804848 -0.986013 -0.145945 0.447326 
1530613934657 -0.0597663 -0.141387 0.988149 0.431461 -0.99496 0.0882826 -0.0475465 -0.496567 -0.0805138 -0.98601 -0.145951 0.447335 
1530613934966 -0.0597756 -0.139409 0.988429 0.431772 -0.995127 0.0861144 -0.0480349 -0.49651 -0.0784215 -0.986483 -0.143877 0.447144 
1530613935286 -0.0602163 -0.137673 0.988646 0.432007 -0.995246 0.0842335 -0.0488884 -0.496518 -0.0765464 -0.986889 -0.142091 0.446763 
1530613935608 -0.0604317 -0.135738 0.9889 0.432259 -0.995387 0.0821528 -0.0495516 -0.496507 -0.0745149 -0.987333 -0.140077 0.446507 
1530613935958 -0.0606984 -0.133846 0.989141 0.432542 -0.995521 0.0800718 -0.0502549 -0.496517 -0.0724759 -0.987762 -0.138107 0.446222 
1530613936317 -0.0609321 -0.131963 0.98938 0.432813 -0.995648 0.0780662 -0.0509056 -0.49648 -0.0705195 -0.988176 -0.136146 0.445909 
1530613936648 -0.0610192 -0.12991 0.989646 0.433052 -0.995796 0.0757855 -0.05145 -0.496462 -0.0683169 -0.988625 -0.133989 0.445783 
1530613936984 -0.0613009 -0.12802 0.989875 0.433315 -0.995909 0.0738075 -0.052129 -0.496462 -0.0663867 -0.989021 -0.132021 0.445508 
1530613937328 -0.0615103 -0.12625 0.99009 0.433616 -0.996019 0.0718796 -0.052713 -0.496455 -0.0645122 -0.989391 -0.130169 0.445167 
1530613937660 -0.0617082 -0.124574 0.99029 0.433851 -0.996123 0.0700129 -0.0532644 -0.49647 -0.0626977 -0.989737 -0.128412 0.445036 
1530613937982 -0.0614962 -0.126291 0.990085 0.433639 -0.996022 0.0718523 -0.0526998 -0.496457 -0.0644843 -0.989388 -0.130207 0.445113 
1530613938212 -0.0619499 -0.127306 0.989927 0.433907 -0.996012 0.0716903 -0.0531112 -0.496432 -0.0642068 -0.989269 -0.131239 0.445329 
1530613938441 -0.0625638 -0.128357 0.989753 0.434133 -0.995979 0.0717512 -0.0536522 -0.496509 -0.0641293 -0.989129 -0.13233 0.445424 
1530613938674 -0.0630426 -0.12944 0.989581 0.434465 -0.995961 0.0716731 -0.054074 -0.49652 -0.063927 -0.988994 -0.133436 0.44552 
1530613938922 -0.0633883 -0.130295 0.989447 0.434785 -0.995949 0.0716197 -0.0543736 -0.49647 -0.0637793 -0.988885 -0.134307 0.445718 
1530613939171 -0.0638836 -0.131329 0.989278 0.435093 -0.995937 0.071439 -0.0548299 -0.496487 -0.0634723 -0.988761 -0.135359 0.445857 
1530613939403 -0.0644359 -0.132499 0.989086 0.435352 -0.995899 0.0716169 -0.0552858 -0.496504 -0.06351 -0.988592 -0.13657 0.445892 
1530613939638 -0.0649115 -0.133527 0.988917 0.435648 -0.995882 0.071517 -0.0557123 -0.496496 -0.0632853 -0.988461 -0.137619 0.446041 
1530613939892 -0.0653382 -0.134541 0.988752 0.435933 -0.995864 0.0714882 -0.0560807 -0.496446 -0.0631389 -0.988326 -0.138655 0.446176 
1530613940129 -0.0660033 -0.135496 0.988577 0.436127 -0.995833 0.0714257 -0.056698 -0.496501 -0.0629274 -0.9882 -0.139646 0.446214 
1530613940146 -0.065949 -0.135529 0.988576 0.436155 -0.99584 0.0713673 -0.0566495 -0.496486 -0.0628743 -0.9882 -0.139671 0.446223 
1530613940406 -0.0660199 -0.136134 0.988488 0.436416 -0.995926 0.0699788 -0.0568792 -0.496546 -0.06143 -0.988216 -0.140199 0.446411 
1530613940626 -0.066148 -0.137119 0.988343 0.436638 -0.995993 0.0688135 -0.0571131 -0.496599 -0.0601801 -0.988161 -0.141121 0.446421 
1530613940856 -0.0661763 -0.137924 0.98823 0.436926 -0.996073 0.067506 -0.05728 -0.49667 -0.0588112 -0.98814 -0.141849 0.446518 
1530613941090 -0.0660981 -0.138738 0.988121 0.43726 -0.996143 0.0664519 -0.0573045 -0.496658 -0.0577122 -0.988097 -0.142596 0.446559 
1530613941306 -0.0662585 -0.139514 0.988001 0.437502 -0.996209 0.0651897 -0.0576036 -0.496676 -0.056371 -0.988072 -0.143305 0.44664 
1530613941525 -0.0661046 -0.1401 0.987928 0.437831 -0.996299 0.0637869 -0.0576189 -0.496699 -0.0549444 -0.988081 -0.143798 0.446855 
1530613941765 -0.0662673 -0.141026 0.987786 0.438113 -0.996358 0.0625989 -0.0579051 -0.496768 -0.0536682 -0.988025 -0.144661 0.446837 
1530613942030 -0.0662933 -0.141919 0.987656 0.438321 -0.996428 0.0613186 -0.058071 -0.496803 -0.0523203 -0.987977 -0.145477 0.446938 
1530613942245 -0.0663958 -0.142643 0.987545 0.438523 -0.996478 0.0602779 -0.0582898 -0.496787 -0.0512125 -0.987937 -0.146143 0.446983 
1530613942263 -0.0663372 -0.142708 0.987539 0.438549 -0.996489 0.0601368 -0.0582481 -0.49678 -0.051075 -0.987936 -0.146196 0.446996 
1530613942570 -0.0652438 -0.139424 0.988081 0.438877 -0.99627 0.0651489 -0.0565916 -0.497159 -0.0564821 -0.988087 -0.143155 0.44645 
1530613942807 -0.0644911 -0.137567 0.988391 0.439152 -0.996179 0.067333 -0.0556276 -0.497276 -0.0588987 -0.988201 -0.141384 0.446367 
1530613943051 -0.0638593 -0.135938 0.988657 0.439357 -0.996056 0.069827 -0.0547361 -0.497441 -0.0615942 -0.988253 -0.139861 0.446059 
1530613943306 -0.0632978 -0.13425 0.988924 0.439514 -0.995929 0.0722156 -0.0539427 -0.497662 -0.064174 -0.988313 -0.138274 0.445878 
1530613943545 -0.0626337 -0.132535 0.989197 0.43975 -0.995803 0.0745652 -0.0530616 -0.497783 -0.0667272 -0.98837 -0.136649 0.445669 
1530613943796 -0.0620071 -0.130889 0.989456 0.439911 -0.995645 0.0772519 -0.0521758 -0.497922 -0.0696081 -0.988383 -0.135109 0.445345 
1530613944115 -0.0615578 -0.129128 0.989715 0.440048 -0.99549 0.0796541 -0.0515245 -0.498147 -0.0721817 -0.988424 -0.133449 0.445176 
1530613944361 -0.0607509 -0.127527 0.989973 0.44024 -0.995364 0.0818297 -0.0505405 -0.498067 -0.0745639 -0.988454 -0.131907 0.445068 
1530613944585 -0.0615637 -0.129154 0.989712 0.440018 -0.99548 0.0797887 -0.0515104 -0.498167 -0.072315 -0.988409 -0.133483 0.445124 
1530613944856 -0.0617267 -0.129813 0.989615 0.440279 -0.995674 0.0769991 -0.0520042 -0.498142 -0.0694487 -0.988544 -0.134004 0.445261 
1530613945151 -0.0616869 -0.130513 0.989526 0.44058 -0.995876 0.074125 -0.052306 -0.498144 -0.066522 -0.988672 -0.134548 0.445348 
