1534334544580 0.0965829 0.862213 -0.497253 -0.594941 -0.964682 0.204101 0.166529 -0.232862 0.245073 0.463607 0.851474 0.407839 
1534334549148 0.0965849 0.862213 -0.497252 -0.594941 -0.964682 0.204103 0.166528 -0.232863 0.245073 0.463606 0.851474 0.407839 
1534334549473 0.1015 0.861816 -0.496961 -0.597573 -0.963662 0.209245 0.166048 -0.231758 0.24709 0.462049 0.851738 0.408218 
1534334549691 0.104685 0.861312 -0.497175 -0.599127 -0.963095 0.212451 0.165265 -0.231119 0.24797 0.461526 0.851766 0.40835 
1534334549924 0.107264 0.860987 -0.497188 -0.600719 -0.962542 0.215175 0.164962 -0.230348 0.249012 0.46087 0.851817 0.408489 
1534334550156 0.1102 0.860547 -0.497308 -0.602285 -0.96196 0.218191 0.164397 -0.229663 0.24998 0.460274 0.851856 0.408562 
1534334550381 0.113033 0.860208 -0.497259 -0.603819 -0.96136 0.221122 0.163989 -0.228984 0.251019 0.459508 0.851963 0.408793 
1534334550612 0.115773 0.859812 -0.497313 -0.605404 -0.960761 0.223992 0.163601 -0.228285 0.25206 0.458858 0.852006 0.408926 
1534334550870 0.11918 0.85933 -0.497342 -0.607045 -0.960045 0.22748 0.16299 -0.22765 0.253198 0.458045 0.852106 0.409106 
1534334551083 0.121698 0.858837 -0.497583 -0.608316 -0.959532 0.230055 0.162399 -0.227052 0.253946 0.457683 0.852079 0.409086 
1534334551108 0.122125 0.858793 -0.497554 -0.608534 -0.959428 0.230507 0.16237 -0.226925 0.254132 0.457538 0.852101 0.409117 
1534334551237 0.122521 0.858847 -0.497364 -0.608761 -0.9594 0.230772 0.162157 -0.226711 0.254046 0.457304 0.852252 0.409076 
1534334551283 0.123089 0.859164 -0.496676 -0.608665 -0.95936 0.231075 0.161965 -0.226942 0.253924 0.456555 0.85269 0.409001 
1534334551418 0.124234 0.859443 -0.495907 -0.609074 -0.959113 0.232098 0.161966 -0.226742 0.2543 0.455509 0.853137 0.408673 
1534334551559 0.125634 0.859665 -0.495168 -0.60947 -0.958981 0.233078 0.161337 -0.226572 0.254109 0.454588 0.853685 0.408288 
1534334551608 0.126485 0.859872 -0.494593 -0.609648 -0.958814 0.233806 0.161279 -0.226584 0.254318 0.453823 0.85403 0.408314 
1534334551705 0.127205 0.859996 -0.494192 -0.609902 -0.958743 0.234311 0.160969 -0.226324 0.254227 0.453327 0.854321 0.408056 
1534334551726 0.127564 0.860059 -0.493989 -0.609982 -0.958679 0.234612 0.160909 -0.226336 0.254287 0.453051 0.854449 0.408042 
1534334551742 0.127757 0.860121 -0.493832 -0.610033 -0.95865 0.234755 0.160872 -0.226343 0.254299 0.452859 0.854547 0.408038 
1534334551851 0.127584 0.860275 -0.493608 -0.610081 -0.95862 0.234658 0.161193 -0.226271 0.2545 0.452617 0.854616 0.407883 
1534334551894 0.127246 0.860426 -0.493432 -0.610022 -0.958511 0.234606 0.161915 -0.226294 0.255079 0.452357 0.85458 0.407857 
1534334551965 0.12726 0.860844 -0.492698 -0.610026 -0.95829 0.234867 0.162842 -0.226462 0.2559 0.451425 0.854828 0.407945 
1534334552015 0.127235 0.861221 -0.492046 -0.61002 -0.958199 0.234889 0.163348 -0.226555 0.256255 0.450695 0.855107 0.407845 
1534334552085 0.127379 0.861396 -0.491703 -0.610093 -0.958008 0.235249 0.163947 -0.226618 0.256896 0.450171 0.85519 0.407621 
1534334552196 0.127324 0.862138 -0.490415 -0.610228 -0.957728 0.235457 0.165278 -0.22661 0.257965 0.44864 0.855673 0.407542 
1534334552253 0.127342 0.862573 -0.489645 -0.610249 -0.957562 0.235608 0.166021 -0.226654 0.25857 0.447724 0.85597 0.40752 
1534334552270 0.127359 0.862629 -0.489541 -0.610258 -0.957511 0.235688 0.166204 -0.226679 0.258751 0.447574 0.855994 0.407477 
1534334552287 0.127377 0.862689 -0.489431 -0.610267 -0.957461 0.235765 0.166383 -0.22671 0.258927 0.447418 0.856022 0.407432 
1534334552412 0.127061 0.862874 -0.489187 -0.610278 -0.957446 0.235542 0.166786 -0.226781 0.25914 0.447178 0.856083 0.407333 
1534334552436 0.12666 0.862706 -0.489587 -0.610267 -0.957581 0.235129 0.16659 -0.22677 0.258834 0.447719 0.855893 0.407375 
1534334552520 0.126716 0.862533 -0.489878 -0.610151 -0.957638 0.235123 0.166273 -0.226982 0.258597 0.448056 0.855788 0.407592 
1534334552564 0.126248 0.862556 -0.489958 -0.610108 -0.957717 0.234703 0.166411 -0.227085 0.258534 0.448232 0.855715 0.407564 
1534334552608 0.12576 0.862625 -0.489962 -0.610094 -0.957788 0.234269 0.166614 -0.227161 0.258508 0.448327 0.855673 0.407571 
1534334552672 0.125367 0.86264 -0.490037 -0.610095 -0.957868 0.233893 0.166682 -0.227245 0.258403 0.448494 0.855618 0.407585 
1534334552784 0.124958 0.862549 -0.490301 -0.609994 -0.957952 0.233536 0.166699 -0.227643 0.258289 0.448854 0.855463 0.407591 
1534334552798 0.124833 0.86253 -0.490365 -0.609966 -0.957961 0.233453 0.166764 -0.227735 0.258316 0.448933 0.855413 0.407587 
1534334552814 0.124722 0.86253 -0.490395 -0.609958 -0.957977 0.233359 0.166801 -0.227767 0.258309 0.448984 0.855389 0.407585 
1534334552840 0.124371 0.862548 -0.490452 -0.609955 -0.958036 0.233044 0.166907 -0.227805 0.258262 0.449113 0.855335 0.407585 
1534334552978 0.123664 0.862259 -0.491138 -0.60981 -0.95818 0.232473 0.166877 -0.227987 0.258068 0.449962 0.854948 0.407589 
1534334553028 0.123162 0.862068 -0.491599 -0.609658 -0.958303 0.232025 0.166791 -0.228172 0.257849 0.450559 0.854699 0.407652 
1534334553173 0.12209 0.861756 -0.492413 -0.609449 -0.958532 0.231094 0.166768 -0.228609 0.257507 0.451633 0.854235 0.407783 
1534334553254 0.121839 0.861357 -0.493172 -0.609224 -0.958541 0.231064 0.166759 -0.229052 0.257593 0.452408 0.853799 0.407808 
1534334553340 0.120913 0.861302 -0.493497 -0.609143 -0.958674 0.230299 0.167053 -0.229061 0.257535 0.452904 0.853553 0.407897 
1534334553423 0.120455 0.86104 -0.494065 -0.608993 -0.958756 0.22997 0.167035 -0.229355 0.257444 0.453568 0.853229 0.407886 
1534334553443 0.12044 0.860995 -0.494147 -0.608964 -0.958752 0.229983 0.16704 -0.229427 0.257466 0.453646 0.85318 0.407905 
1534334553460 0.120391 0.860961 -0.494219 -0.608946 -0.958756 0.229958 0.167049 -0.22947 0.257472 0.453724 0.853137 0.407916 
1534334553621 0.119687 0.861018 -0.49429 -0.608544 -0.958907 0.229253 0.167154 -0.229609 0.25724 0.453972 0.853075 0.407845 
1534334553669 0.119386 0.861195 -0.494055 -0.608296 -0.958916 0.228997 0.167451 -0.22956 0.257345 0.453766 0.853153 0.40782 
1534334553806 0.118778 0.861307 -0.494006 -0.607724 -0.958967 0.228506 0.167832 -0.229792 0.257438 0.4538 0.853106 0.407856 
1534334553840 0.118373 0.861346 -0.494035 -0.607499 -0.959029 0.22814 0.167974 -0.22982 0.257393 0.453911 0.853062 0.407799 
1534334553966 0.118362 0.8615 -0.493769 -0.607059 -0.958935 0.228247 0.168366 -0.230195 0.257749 0.453564 0.853138 0.407979 
1534334554017 0.117944 0.861523 -0.493829 -0.606833 -0.959019 0.227841 0.168438 -0.230227 0.257628 0.453725 0.853089 0.407928 
1534334554038 0.117842 0.861498 -0.493898 -0.606748 -0.959036 0.227758 0.168453 -0.230264 0.257611 0.453815 0.853047 0.407901 
1534334554054 0.11778 0.861491 -0.493924 -0.606705 -0.959045 0.227707 0.16847 -0.230285 0.257605 0.453853 0.853028 0.407891 
1534334554108 0.11751 0.861536 -0.493909 -0.606591 -0.959074 0.227479 0.168614 -0.230316 0.25762 0.453882 0.853008 0.407883 
1534334554210 0.117387 0.861645 -0.493748 -0.606349 -0.959194 0.227156 0.168367 -0.230291 0.257231 0.453836 0.85315 0.407907 
1534334554269 0.117493 0.861741 -0.493557 -0.606079 -0.959356 0.226901 0.167787 -0.230347 0.256578 0.453783 0.853375 0.407962 
1534334554371 0.117379 0.861968 -0.493187 -0.605772 -0.959486 0.226525 0.167551 -0.230455 0.256143 0.453539 0.853635 0.408163 
1534334554436 0.117158 0.862039 -0.493116 -0.605538 -0.959616 0.226138 0.16733 -0.230412 0.255757 0.453598 0.85372 0.408115 
1534334554542 0.117183 0.862116 -0.492974 -0.605204 -0.959699 0.225978 0.167066 -0.230586 0.255432 0.45353 0.853853 0.408169 
1534334554601 0.116793 0.862168 -0.492976 -0.604973 -0.959855 0.22545 0.166887 -0.230545 0.255026 0.453694 0.853887 0.408108 
1534334554710 0.11664 0.862384 -0.492635 -0.604658 -0.959966 0.225087 0.166739 -0.230619 0.254678 0.453464 0.854113 0.408287 
1534334554733 0.116592 0.862399 -0.492619 -0.604532 -0.960011 0.224972 0.166631 -0.230651 0.254528 0.453492 0.854143 0.408287 
1534334554750 0.116582 0.862426 -0.492575 -0.604438 -0.960041 0.224904 0.166553 -0.230684 0.254422 0.453475 0.854184 0.408296 
1534334554767 0.11657 0.86245 -0.492536 -0.604342 -0.960071 0.224835 0.166471 -0.230723 0.254312 0.453464 0.854222 0.408312 
1534334554967 0.115116 0.862024 -0.493623 -0.603916 -0.960002 0.224224 0.167689 -0.230618 0.255234 0.454575 0.853356 0.408242 
1534334555004 0.114953 0.861892 -0.493891 -0.603704 -0.959991 0.224189 0.167797 -0.230694 0.255348 0.454842 0.85318 0.408258 
1534334555121 0.114676 0.862021 -0.49373 -0.60339 -0.959916 0.224113 0.168332 -0.230772 0.255757 0.454636 0.853168 0.408441 
1534334555278 0.113897 0.861818 -0.494264 -0.60301 -0.959934 0.223677 0.168807 -0.230785 0.256036 0.455234 0.852765 0.408444 
1534334555298 0.113802 0.861774 -0.494363 -0.602963 -0.959944 0.223616 0.168829 -0.23078 0.25604 0.455348 0.852703 0.408422 
1534334555314 0.113802 0.861774 -0.494363 -0.602963 -0.959944 0.223616 0.168829 -0.23078 0.25604 0.455348 0.852703 0.408422 
1534334555331 0.113802 0.861774 -0.494363 -0.602963 -0.959944 0.223616 0.168829 -0.23078 0.25604 0.455348 0.852703 0.408422 
1534334555348 0.113777 0.861762 -0.494389 -0.60295 -0.959947 0.2236 0.168835 -0.230778 0.256041 0.455377 0.852687 0.408416 
1534334555428 0.113602 0.861725 -0.494494 -0.602674 -0.959853 0.223672 0.16927 -0.230966 0.256469 0.455412 0.85254 0.408534 
1534334555527 0.112698 0.862008 -0.494207 -0.602477 -0.959813 0.223096 0.170256 -0.230845 0.257017 0.455159 0.85251 0.408486 
1534334555580 0.112129 0.862043 -0.494276 -0.60223 -0.959755 0.22284 0.170918 -0.230834 0.257483 0.455219 0.852337 0.408546 
1534334555644 0.112103 0.862106 -0.494172 -0.602008 -0.959673 0.222947 0.171238 -0.231017 0.257799 0.455047 0.852333 0.408686 
1534334555664 0.112041 0.862135 -0.494135 -0.601939 -0.959657 0.222928 0.171355 -0.231069 0.257888 0.455001 0.852331 0.408708 
1534334555680 0.1119 0.862141 -0.494157 -0.601874 -0.959644 0.222861 0.171513 -0.231098 0.257997 0.455023 0.852286 0.4087 
1534334555697 0.111694 0.862137 -0.494211 -0.601794 -0.959637 0.222748 0.171695 -0.231119 0.258109 0.455086 0.852219 0.408672 
1534334555716 0.111466 0.862156 -0.494229 -0.601691 -0.959633 0.222609 0.1719 -0.23114 0.258224 0.455117 0.852167 0.408639 
1534334555860 0.111296 0.86187 -0.494767 -0.601623 -0.959617 0.222633 0.171957 -0.231084 0.258356 0.455648 0.851843 0.408712 
1534334555893 0.110996 0.861721 -0.495093 -0.601527 -0.959689 0.222374 0.171894 -0.230984 0.25822 0.456056 0.851666 0.408618 
1534334555997 0.110695 0.861627 -0.495323 -0.601338 -0.959642 0.222306 0.172245 -0.231046 0.258524 0.456266 0.851461 0.408671 
1534334556045 0.110446 0.861487 -0.495623 -0.601173 -0.959648 0.22219 0.172358 -0.231091 0.258607 0.456588 0.851264 0.408647 
1534334556107 0.110091 0.861386 -0.495877 -0.60104 -0.959649 0.222006 0.172592 -0.23104 0.258756 0.456867 0.851069 0.408646 
1534334556168 0.109703 0.861277 -0.496152 -0.600912 -0.959664 0.221778 0.172797 -0.230995 0.258862 0.457183 0.850867 0.408637 
1534334556184 0.109599 0.861253 -0.496218 -0.600875 -0.959666 0.221719 0.172863 -0.230982 0.2589 0.457258 0.850815 0.408641 
1534334556201 0.109481 0.86123 -0.496284 -0.600839 -0.959668 0.221652 0.172941 -0.230968 0.258944 0.457333 0.850761 0.408646 
1534334556218 0.109366 0.861195 -0.496369 -0.600792 -0.95967 0.221589 0.173009 -0.23097 0.258984 0.457429 0.850697 0.408645 
1534334556238 0.109254 0.861159 -0.496457 -0.600741 -0.959672 0.221528 0.173072 -0.230986 0.259022 0.457527 0.850633 0.408641 
1534334556344 0.109253 0.861199 -0.496386 -0.600615 -0.95962 0.221606 0.173264 -0.231155 0.259217 0.457413 0.850635 0.40865 
1534334556358 0.109275 0.861302 -0.496203 -0.600577 -0.959621 0.221583 0.17329 -0.231177 0.259205 0.457231 0.850737 0.408643 
1534334556376 0.10929 0.861444 -0.495954 -0.600523 -0.959617 0.221548 0.173352 -0.231206 0.259211 0.45698 0.850869 0.408635 
1534334556393 0.109286 0.861544 -0.49578 -0.600478 -0.959612 0.22152 0.173417 -0.231229 0.259231 0.456805 0.850958 0.408629 
1534334556435 0.109163 0.861509 -0.495869 -0.600394 -0.959609 0.221462 0.173508 -0.231255 0.259294 0.4569 0.850887 0.408553 
1534334556452 0.109075 0.861481 -0.495937 -0.600364 -0.959614 0.221409 0.173549 -0.231253 0.259314 0.456978 0.850839 0.408515 
1534334556469 0.108898 0.861468 -0.495997 -0.600319 -0.959634 0.221269 0.173617 -0.231247 0.259315 0.457069 0.85079 0.408468 
1534334556489 0.108675 0.86155 -0.495904 -0.600245 -0.959655 0.221064 0.173758 -0.231238 0.259328 0.457014 0.850816 0.408433 
1534334556513 0.10841 0.861668 -0.495758 -0.60016 -0.959666 0.220841 0.173984 -0.231219 0.2594 0.456901 0.850855 0.408422 
1534334556562 0.108102 0.861711 -0.495749 -0.600034 -0.959668 0.220631 0.174237 -0.231217 0.25952 0.45692 0.850808 0.408439 
1534334556649 0.108612 0.861603 -0.495826 -0.599927 -0.959698 0.220932 0.17369 -0.231346 0.259196 0.456979 0.850875 0.408584 
1534334556673 0.108648 0.861516 -0.495969 -0.599859 -0.959715 0.220955 0.17357 -0.231377 0.25912 0.45713 0.850816 0.408556 
1534334556690 0.108602 0.861404 -0.496174 -0.59975 -0.959744 0.220915 0.173462 -0.231436 0.259033 0.457362 0.850719 0.40851 
1534334556710 0.108544 0.861348 -0.496283 -0.59967 -0.959774 0.220845 0.173382 -0.231489 0.258944 0.4575 0.850671 0.408484 
1534334556727 0.108488 0.861381 -0.496239 -0.599606 -0.959784 0.220781 0.173407 -0.231519 0.25893 0.457469 0.850692 0.408479 
1534334556743 0.108422 0.861468 -0.496102 -0.599551 -0.959791 0.220697 0.173475 -0.231528 0.258931 0.457345 0.850758 0.408491 
1534334556761 0.108363 0.861567 -0.495944 -0.59952 -0.959795 0.22062 0.173553 -0.231519 0.258943 0.457197 0.850834 0.408518 
1534334556777 0.108327 0.861601 -0.495892 -0.599513 -0.959795 0.220585 0.173596 -0.231509 0.258957 0.45715 0.850855 0.408537 
1534334556859 0.108064 0.861859 -0.495501 -0.599545 -0.959859 0.220219 0.173707 -0.23138 0.25883 0.456839 0.851061 0.408596 
1534334556873 0.108025 0.861989 -0.495283 -0.599522 -0.959891 0.220093 0.17369 -0.231366 0.258727 0.456655 0.851191 0.4086 
1534334556891 0.108002 0.862123 -0.495055 -0.59949 -0.959926 0.219971 0.173653 -0.231371 0.258608 0.456461 0.851331 0.408602 
1534334556910 0.108015 0.862198 -0.494922 -0.599449 -0.959951 0.219908 0.173594 -0.231396 0.25851 0.45635 0.851421 0.408596 
1534334556926 0.108036 0.862239 -0.494846 -0.599396 -0.959978 0.219859 0.173506 -0.231432 0.2584 0.456296 0.851483 0.408581 
1534334556945 0.108035 0.862207 -0.494901 -0.599352 -0.960003 0.219825 0.17341 -0.231469 0.258307 0.456373 0.85147 0.40855 
1534334556960 0.10801 0.862187 -0.494941 -0.599318 -0.960021 0.219785 0.173362 -0.231494 0.258251 0.456429 0.851457 0.408525 
1534334556977 0.107961 0.862187 -0.494953 -0.599295 -0.960036 0.219729 0.173351 -0.231504 0.258216 0.456457 0.851452 0.408511 
1534334556993 0.107854 0.862193 -0.494966 -0.599254 -0.960069 0.219602 0.17333 -0.231511 0.258139 0.456507 0.851449 0.408482 
1534334557013 0.107801 0.86223 -0.494912 -0.599221 -0.960089 0.21952 0.173321 -0.231508 0.258086 0.456475 0.851482 0.408468 
1534334557083 0.107674 0.862405 -0.494635 -0.599222 -0.960087 0.219384 0.173504 -0.231453 0.258146 0.456211 0.851606 0.408555 
1534334557121 0.10752 0.862583 -0.494358 -0.599193 -0.960114 0.219178 0.173615 -0.231431 0.25811 0.455973 0.851744 0.408637 
1534334557138 0.107431 0.862672 -0.494222 -0.599168 -0.960137 0.21905 0.173647 -0.23142 0.258059 0.455866 0.851817 0.408658 
1534334557155 0.107254 0.8628 -0.494038 -0.599107 -0.960189 0.218804 0.17367 -0.231397 0.25794 0.455743 0.851919 0.408668 
1534334557176 0.107069 0.862909 -0.493887 -0.599034 -0.960244 0.218555 0.173684 -0.231383 0.257815 0.455656 0.852003 0.408663 
1534334557193 0.106949 0.862923 -0.493888 -0.598985 -0.96027 0.218429 0.173698 -0.23139 0.257768 0.455688 0.852 0.40865 
1534334557315 0.107159 0.862849 -0.493972 -0.598807 -0.960222 0.218669 0.173657 -0.231619 0.257856 0.455714 0.85196 0.408711 
1534334557340 0.106976 0.862761 -0.494166 -0.59873 -0.96027 0.218502 0.173604 -0.231602 0.257755 0.455961 0.851858 0.408661 
1534334557365 0.106771 0.862665 -0.494378 -0.598653 -0.960322 0.218316 0.173549 -0.231579 0.257646 0.456232 0.851746 0.4086 
1534334557468 0.10626 0.862657 -0.494501 -0.598453 -0.960427 0.217816 0.1736 -0.231569 0.257468 0.456485 0.851664 0.408607 
1534334557488 0.106128 0.862705 -0.494445 -0.598362 -0.960466 0.217647 0.173594 -0.231592 0.257375 0.456475 0.851698 0.408586 
1534334557513 0.105984 0.862733 -0.494428 -0.598218 -0.960514 0.217462 0.173559 -0.231651 0.257254 0.45651 0.851715 0.408547 
1534334557529 0.105934 0.862734 -0.494437 -0.598129 -0.960531 0.217402 0.173544 -0.231701 0.257214 0.456538 0.851713 0.408535 
1534334557569 0.105866 0.862727 -0.494463 -0.598044 -0.960519 0.217382 0.173634 -0.23176 0.257286 0.456559 0.851679 0.408592 
1534334557678 0.105482 0.862923 -0.494203 -0.598161 -0.960383 0.217316 0.174469 -0.231692 0.257951 0.456221 0.851659 0.40871 
1534334557716 0.104992 0.862809 -0.494506 -0.598009 -0.960362 0.217086 0.174867 -0.231738 0.258227 0.456546 0.851402 0.408546 
1534334557823 0.104263 0.862891 -0.494519 -0.597538 -0.960354 0.216615 0.175495 -0.232025 0.258553 0.456616 0.851265 0.408479 
1534334557898 0.103373 0.863026 -0.49447 -0.597279 -0.960305 0.216094 0.176403 -0.231999 0.259092 0.456607 0.851106 0.408466 
1534334557922 0.103301 0.863036 -0.494467 -0.597212 -0.960293 0.216066 0.1765 -0.232023 0.259164 0.456601 0.851087 0.408476 
1534334557938 0.103272 0.863051 -0.494448 -0.597162 -0.960284 0.216058 0.176558 -0.232059 0.259208 0.456577 0.851087 0.40849 
1534334557956 0.103238 0.863067 -0.494427 -0.597112 -0.960269 0.216058 0.17664 -0.232103 0.259277 0.456547 0.851082 0.408506 
1534334557971 0.103149 0.863088 -0.494408 -0.597055 -0.960258 0.216014 0.176756 -0.232148 0.259355 0.456527 0.851069 0.408521 
1534334558040 0.10254 0.863201 -0.494337 -0.596898 -0.960272 0.215565 0.177226 -0.232159 0.259544 0.456525 0.851012 0.408469 
1534334558102 0.1026 0.86326 -0.494222 -0.596776 -0.960362 0.215424 0.176912 -0.232115 0.259188 0.456481 0.851144 0.408397 
1534334558141 0.10269 0.86337 -0.49401 -0.596638 -0.960439 0.215305 0.176636 -0.232089 0.258865 0.456328 0.851324 0.408391 
1534334558178 0.102743 0.863471 -0.493824 -0.596474 -0.960464 0.215258 0.176557 -0.232118 0.258751 0.456161 0.851449 0.408431 
1534334558239 0.102672 0.863585 -0.493639 -0.59624 -0.96043 0.215233 0.176774 -0.232206 0.258907 0.455956 0.851511 0.408487 
1534334558278 0.102593 0.863734 -0.493394 -0.59609 -0.960436 0.215119 0.176881 -0.232203 0.258917 0.455727 0.851631 0.408525 
1534334558298 0.102555 0.863817 -0.493257 -0.596022 -0.960443 0.215053 0.176922 -0.232192 0.258905 0.455601 0.851702 0.408551 
1534334558315 0.102524 0.863886 -0.493142 -0.595962 -0.96045 0.214996 0.176952 -0.232188 0.25889 0.455497 0.851762 0.408566 
1534334558331 0.102453 0.863924 -0.49309 -0.595906 -0.960468 0.214906 0.176966 -0.232192 0.258853 0.455467 0.851789 0.408561 
1534334558358 0.102301 0.863922 -0.493127 -0.595853 -0.960503 0.21475 0.176966 -0.2322 0.258784 0.455546 0.851768 0.408535 
1534334558459 0.102058 0.863948 -0.493131 -0.595703 -0.960506 0.214582 0.177153 -0.232232 0.258868 0.455575 0.851727 0.408528 
1534334558505 0.101732 0.863879 -0.493319 -0.59558 -0.960384 0.214613 0.177772 -0.232223 0.259446 0.45569 0.851489 0.408562 
1534334558534 0.101486 0.863856 -0.49341 -0.595475 -0.96033 0.214561 0.178127 -0.232182 0.259743 0.455759 0.851362 0.408598 
1534334558569 0.10133 0.863919 -0.493333 -0.595323 -0.960274 0.214539 0.178459 -0.232179 0.260013 0.455651 0.851337 0.408659 
1534334558628 0.101211 0.863975 -0.493258 -0.595117 -0.96018 0.214607 0.17888 -0.232292 0.260404 0.455512 0.851292 0.408725 
1534334558652 0.101117 0.863993 -0.493245 -0.595041 -0.960167 0.214563 0.179003 -0.232323 0.26049 0.455498 0.851274 0.408726 
1534334558669 0.101009 0.864023 -0.493216 -0.594962 -0.96016 0.214497 0.179121 -0.232331 0.260558 0.455473 0.851266 0.408733 
1534334558685 0.100877 0.86405 -0.493196 -0.594889 -0.960163 0.214398 0.179223 -0.232322 0.260597 0.455469 0.851256 0.40873 
1534334558702 0.100761 0.864074 -0.493177 -0.594831 -0.960169 0.214304 0.179301 -0.23231 0.260619 0.455467 0.851251 0.408725 
1534334558719 0.100663 0.864085 -0.493177 -0.594784 -0.960174 0.214229 0.179365 -0.232296 0.260639 0.455481 0.851237 0.408717 
1534334558736 0.100565 0.864091 -0.493186 -0.594747 -0.96017 0.214172 0.179455 -0.232284 0.260692 0.455496 0.851213 0.408723 
1534334558754 0.100593 0.864104 -0.493159 -0.594754 -0.960156 0.21421 0.179485 -0.2323 0.260733 0.455454 0.851222 0.40875 
1534334558769 0.100683 0.864127 -0.493101 -0.594778 -0.96014 0.214286 0.179478 -0.232332 0.260756 0.455375 0.851258 0.408779 
1534334558786 0.100819 0.864165 -0.493005 -0.594817 -0.960128 0.21438 0.179432 -0.232372 0.260749 0.455258 0.851323 0.408822 
1534334558862 0.10077 0.864008 -0.493291 -0.59489 -0.960161 0.214348 0.179291 -0.232363 0.260645 0.455571 0.851187 0.408707 
1534334558879 0.100644 0.863932 -0.49345 -0.59485 -0.960199 0.21423 0.179232 -0.232323 0.260556 0.455771 0.851107 0.40863 
1534334558897 0.100445 0.863882 -0.493577 -0.594797 -0.960234 0.214059 0.179245 -0.232266 0.260501 0.455945 0.851031 0.408555 
1534334558917 0.100112 0.863947 -0.493531 -0.594711 -0.960269 0.213764 0.179414 -0.23218 0.260503 0.455961 0.851022 0.408487 
1534334559002 0.100092 0.864169 -0.493147 -0.594705 -0.960246 0.213711 0.179599 -0.232185 0.260595 0.455566 0.851205 0.408646 
1534334559022 0.100504 0.864177 -0.493049 -0.594751 -0.960256 0.213951 0.179256 -0.232263 0.260397 0.455437 0.851334 0.408739 
1534334559036 0.100704 0.864124 -0.4931 -0.59479 -0.960264 0.214084 0.179056 -0.232298 0.260292 0.455475 0.851347 0.408783 
1534334559054 0.100853 0.864056 -0.49319 -0.594824 -0.960282 0.214172 0.178855 -0.232317 0.260168 0.455563 0.851337 0.408815 
1534334559069 0.10089 0.864002 -0.493276 -0.594842 -0.960303 0.214177 0.178734 -0.232311 0.260075 0.455662 0.851312 0.408835 
1534334559087 0.100873 0.863957 -0.493359 -0.594853 -0.96033 0.214137 0.17864 -0.232291 0.259984 0.455767 0.851284 0.408851 
1534334559103 0.100861 0.863949 -0.493375 -0.594851 -0.960347 0.214102 0.17859 -0.232277 0.259925 0.455798 0.851285 0.408856 
1534334559124 0.100814 0.863944 -0.493394 -0.594826 -0.9604 0.213981 0.178449 -0.232233 0.259747 0.455865 0.851304 0.40886 
1534334559141 0.100798 0.863938 -0.493407 -0.594809 -0.960439 0.213904 0.178331 -0.232202 0.259608 0.455912 0.851321 0.408867 
1534334559245 0.101262 0.863902 -0.493375 -0.594775 -0.960542 0.21403 0.177622 -0.232241 0.259045 0.455921 0.851488 0.408882 
1534334559261 0.101413 0.864076 -0.49304 -0.594788 -0.960533 0.214079 0.177613 -0.232275 0.25902 0.455569 0.851684 0.408893 
1534334559275 0.101538 0.864215 -0.49277 -0.594798 -0.960525 0.214123 0.177605 -0.232299 0.259003 0.455285 0.851841 0.408889 
1534334559292 0.101801 0.864331 -0.492513 -0.59483 -0.960486 0.214315 0.17758 -0.232322 0.259041 0.454974 0.851996 0.408849 
1534334559325 0.101981 0.864411 -0.492335 -0.594871 -0.960473 0.214425 0.177522 -0.232289 0.259021 0.454771 0.85211 0.408747 
1534334559377 0.101998 0.864427 -0.492303 -0.594879 -0.960556 0.214283 0.177242 -0.232235 0.258705 0.454806 0.852187 0.408534 
1534334559389 0.10209 0.864455 -0.492235 -0.594876 -0.960585 0.21428 0.17709 -0.232233 0.258563 0.454754 0.852258 0.408498 
1534334559406 0.102197 0.864494 -0.492144 -0.594876 -0.960622 0.214268 0.176902 -0.232224 0.258382 0.454685 0.85235 0.408468 
1534334559422 0.102395 0.864565 -0.491979 -0.594881 -0.960659 0.214303 0.17666 -0.232199 0.258167 0.454535 0.852495 0.408444 
1534334559439 0.102562 0.864619 -0.491848 -0.594884 -0.960679 0.214355 0.17649 -0.232181 0.258027 0.454407 0.852606 0.408431 
1534334559459 0.102742 0.864707 -0.491656 -0.594888 -0.960707 0.214386 0.176295 -0.232168 0.257847 0.454225 0.852757 0.408417 
1534334559476 0.102824 0.864776 -0.491517 -0.594894 -0.960727 0.214378 0.176197 -0.232156 0.257742 0.454096 0.852857 0.408408 
1534334559492 0.102788 0.864791 -0.491498 -0.594899 -0.960723 0.214358 0.176244 -0.232149 0.257771 0.454078 0.852858 0.408418 
1534334559509 0.102727 0.864783 -0.491525 -0.594899 -0.9607 0.214362 0.176362 -0.232153 0.257879 0.454091 0.852819 0.408432 
1534334559526 0.102679 0.864759 -0.491579 -0.594896 -0.960663 0.214406 0.176514 -0.232163 0.258039 0.454117 0.852756 0.408457 
1534334559543 0.102635 0.864637 -0.491802 -0.594909 -0.960626 0.214488 0.176616 -0.23218 0.258194 0.454311 0.852606 0.408473 
1534334559559 0.102564 0.864529 -0.492006 -0.594914 -0.960612 0.214507 0.176669 -0.23219 0.258274 0.454507 0.852477 0.40848 
1534334559576 0.102528 0.864444 -0.492163 -0.594903 -0.960605 0.214525 0.176682 -0.232188 0.258313 0.454659 0.852384 0.40847 
1534334559593 0.102489 0.864386 -0.492274 -0.594877 -0.960607 0.214519 0.176681 -0.232177 0.258323 0.454774 0.85232 0.408448 
1534334559609 0.102455 0.864363 -0.492321 -0.594855 -0.960616 0.21449 0.176667 -0.232159 0.258303 0.454831 0.852296 0.40843 
1534334559643 0.102422 0.864387 -0.492285 -0.59483 -0.960646 0.214406 0.176603 -0.232126 0.258202 0.454824 0.85233 0.40839 
1534334559657 0.102448 0.864466 -0.492141 -0.594821 -0.960652 0.214383 0.176597 -0.232129 0.258169 0.454684 0.852415 0.408386 
1534334559674 0.102561 0.86459 -0.4919 -0.594811 -0.960645 0.214423 0.176587 -0.232144 0.25815 0.45443 0.852556 0.408372 
1534334559690 0.102669 0.864713 -0.491662 -0.59481 -0.960635 0.214466 0.176593 -0.232165 0.258147 0.454177 0.852692 0.408352 
1534334559707 0.102697 0.864802 -0.491499 -0.594819 -0.960622 0.214473 0.176652 -0.232181 0.258182 0.454003 0.852774 0.408316 
1534334559727 0.10264 0.864848 -0.49143 -0.59484 -0.960605 0.214451 0.176772 -0.232188 0.258268 0.453926 0.852789 0.408259 
1534334559743 0.102535 0.864886 -0.491384 -0.594857 -0.960591 0.214396 0.176917 -0.232176 0.258364 0.453879 0.852785 0.408216 
1534334559763 0.102371 0.864892 -0.491408 -0.594863 -0.960578 0.214313 0.177087 -0.232145 0.258476 0.453907 0.852736 0.408136 
1534334559869 0.102226 0.864814 -0.491576 -0.594816 -0.960574 0.214257 0.177177 -0.232085 0.258549 0.454083 0.85262 0.408005 
1534334559886 0.102385 0.864802 -0.491563 -0.594806 -0.960627 0.214269 0.176877 -0.232069 0.25829 0.454099 0.85269 0.408048 
1534334559906 0.102526 0.864799 -0.491539 -0.594801 -0.96068 0.214264 0.17659 -0.232045 0.258034 0.454107 0.852763 0.408103 
1534334559923 0.102657 0.864799 -0.491512 -0.594793 -0.960733 0.214255 0.176316 -0.232024 0.257787 0.454111 0.852836 0.408157 
1534334559939 0.102715 0.864794 -0.491508 -0.594783 -0.960765 0.214236 0.176161 -0.23201 0.257642 0.45413 0.85287 0.40819 
1534334559959 0.102713 0.864748 -0.491591 -0.594784 -0.960781 0.214224 0.176091 -0.231999 0.257585 0.454224 0.852837 0.408209 
1534334559978 0.102736 0.864691 -0.491686 -0.594779 -0.960788 0.214247 0.176027 -0.231997 0.257551 0.454322 0.852795 0.40822 
1534334559995 0.102768 0.864656 -0.491741 -0.59477 -0.960794 0.214268 0.175965 -0.231995 0.257513 0.454378 0.852776 0.408225 
1534334560010 0.102812 0.864624 -0.491787 -0.594761 -0.960804 0.214289 0.175884 -0.231992 0.257458 0.454428 0.852766 0.408223 
1534334560028 0.102838 0.864601 -0.491822 -0.594755 -0.960814 0.214298 0.175823 -0.23199 0.257413 0.454468 0.852759 0.408212 
1534334560043 0.102866 0.864569 -0.491873 -0.594748 -0.96083 0.214299 0.175734 -0.231986 0.257342 0.454529 0.852748 0.408181 
1534334560060 0.102883 0.86456 -0.491885 -0.594743 -0.960842 0.21429 0.175676 -0.231989 0.257289 0.454549 0.852753 0.408145 
1534334560076 0.102903 0.864548 -0.491903 -0.594746 -0.960845 0.214302 0.175645 -0.232001 0.257269 0.454568 0.852749 0.408107 
1534334560096 0.102929 0.864591 -0.491821 -0.594744 -0.960838 0.214316 0.175669 -0.232023 0.257287 0.454479 0.852791 0.40807 
1534334560113 0.102948 0.864693 -0.491638 -0.594736 -0.960837 0.214294 0.175702 -0.23203 0.257283 0.454296 0.852889 0.408045 
1534334560261 0.102577 0.864368 -0.492287 -0.594775 -0.96085 0.214152 0.175802 -0.23188 0.257382 0.45498 0.852495 0.407975 
1534334560276 0.102566 0.864217 -0.492554 -0.594788 -0.960836 0.214223 0.17579 -0.231877 0.257437 0.455234 0.852343 0.408046 
1534334560297 0.102454 0.864103 -0.492776 -0.594786 -0.960846 0.214176 0.175795 -0.231888 0.257446 0.455471 0.852213 0.408147 
1534334560380 0.102345 0.863945 -0.493076 -0.594684 -0.960815 0.214218 0.175911 -0.231999 0.257603 0.455752 0.852016 0.408364 
1534334560408 0.102252 0.863721 -0.493487 -0.594692 -0.960806 0.214255 0.175916 -0.232018 0.257674 0.456158 0.851777 0.408354 
1534334560438 0.102155 0.863542 -0.493821 -0.594695 -0.960794 0.21428 0.175953 -0.232029 0.257759 0.456486 0.851576 0.408373 
1534334560499 0.101948 0.863327 -0.494239 -0.594687 -0.960786 0.214239 0.176043 -0.232032 0.257868 0.456911 0.851315 0.408411 
1534334560514 0.101903 0.863266 -0.494356 -0.594688 -0.960782 0.214241 0.176067 -0.232032 0.257904 0.457027 0.851242 0.408421 
1534334560528 0.101838 0.863175 -0.494528 -0.594688 -0.960773 0.214248 0.176107 -0.232029 0.257963 0.457195 0.851133 0.408445 
1534334560546 0.101767 0.863104 -0.494667 -0.594684 -0.960766 0.21424 0.176154 -0.232023 0.258017 0.457332 0.851043 0.408479 
1534334560561 0.101626 0.863048 -0.494793 -0.594675 -0.960774 0.214156 0.17621 -0.232014 0.258041 0.457477 0.850958 0.408523 
1534334560579 0.101553 0.863022 -0.494853 -0.594667 -0.960779 0.214111 0.176241 -0.232007 0.258053 0.457546 0.850917 0.408547 
1534334560596 0.101451 0.862985 -0.494939 -0.594654 -0.960784 0.214051 0.176285 -0.231995 0.258074 0.457645 0.850857 0.408581 
1534334560613 0.101416 0.862968 -0.494976 -0.594645 -0.960784 0.214035 0.176306 -0.231989 0.258088 0.457684 0.850832 0.40859 
1534334560628 0.101423 0.862971 -0.494968 -0.594643 -0.96078 0.214045 0.176313 -0.231994 0.258099 0.457674 0.850835 0.408585 
1534334560746 0.10125 0.862872 -0.495178 -0.594633 -0.96062 0.214255 0.17693 -0.232087 0.258762 0.457763 0.850585 0.408519 
1534334560760 0.101166 0.86273 -0.495442 -0.59464 -0.960599 0.214289 0.177 -0.232091 0.258871 0.458015 0.850417 0.408506 
1534334560776 0.100962 0.862555 -0.495788 -0.594639 -0.960583 0.214251 0.177136 -0.232092 0.259013 0.458361 0.850187 0.408511 
1534334560796 0.100824 0.862474 -0.495956 -0.59463 -0.960569 0.214218 0.177252 -0.232091 0.259118 0.458529 0.850064 0.408537 
1534334560810 0.100715 0.86241 -0.49609 -0.594621 -0.960553 0.2142 0.177358 -0.232097 0.259218 0.458658 0.849964 0.408565 
1534334560826 0.100624 0.862369 -0.49618 -0.594609 -0.960541 0.214177 0.177449 -0.232102 0.259297 0.458746 0.849892 0.408593 
1534334560921 0.100728 0.862476 -0.495972 -0.59464 -0.960524 0.214237 0.177474 -0.2321 0.259323 0.458516 0.850009 0.408624 
1534334560934 0.100834 0.862526 -0.495863 -0.594637 -0.960524 0.214285 0.177412 -0.232108 0.259279 0.4584 0.850085 0.408584 
1534334560953 0.101043 0.862667 -0.495576 -0.594619 -0.960553 0.214316 0.17722 -0.232121 0.259091 0.45812 0.850293 0.408521 
1534334560967 0.101154 0.862739 -0.495429 -0.594617 -0.960576 0.214319 0.177089 -0.232124 0.258961 0.457984 0.850406 0.40848 
1534334560984 0.101266 0.862817 -0.49527 -0.594617 -0.960602 0.214316 0.176953 -0.232124 0.258822 0.457838 0.850527 0.40844 
1534334561001 0.101326 0.86285 -0.495201 -0.594633 -0.960628 0.214297 0.176837 -0.232126 0.258703 0.457785 0.850591 0.408409 
1534334561018 0.101343 0.86288 -0.495145 -0.59465 -0.960644 0.214268 0.176783 -0.232126 0.258636 0.457742 0.850635 0.408397 
1534334561034 0.101346 0.862917 -0.49508 -0.594663 -0.960652 0.214243 0.17677 -0.232125 0.258605 0.457684 0.850675 0.408395 
1534334561053 0.101346 0.862933 -0.495051 -0.594667 -0.960654 0.214234 0.176771 -0.232125 0.258598 0.457658 0.850692 0.408396 
1534334561068 0.101371 0.863007 -0.494916 -0.594685 -0.960655 0.21422 0.176779 -0.232128 0.258583 0.457524 0.850769 0.408419 
1534334561084 0.101388 0.863019 -0.494892 -0.594688 -0.960651 0.214234 0.176785 -0.232135 0.258591 0.457495 0.850781 0.408422 
1534334561104 0.10138 0.863003 -0.494923 -0.59468 -0.960654 0.21423 0.176775 -0.232135 0.258585 0.457528 0.850765 0.408407 
1534334561121 0.101346 0.862981 -0.494967 -0.594668 -0.960665 0.214197 0.176756 -0.232121 0.258558 0.457584 0.850744 0.40839 
1534334561138 0.101311 0.862962 -0.495008 -0.594655 -0.960677 0.21416 0.176734 -0.232105 0.258525 0.457638 0.850725 0.408376 
1534334561156 0.101338 0.862934 -0.495051 -0.594645 -0.960704 0.21414 0.176613 -0.232101 0.258416 0.4577 0.850725 0.408359 
1534334561174 0.101429 0.862912 -0.495071 -0.59464 -0.960739 0.214143 0.176418 -0.232103 0.258249 0.45774 0.850753 0.408353 
1534334561191 0.101488 0.86294 -0.49501 -0.594649 -0.960796 0.214068 0.176197 -0.232089 0.258013 0.457722 0.850834 0.408372 
1534334561208 0.101486 0.863004 -0.494898 -0.59467 -0.960865 0.213922 0.175999 -0.232074 0.257757 0.457669 0.850941 0.40841 
1534334561288 0.101304 0.863205 -0.494585 -0.594747 -0.960963 0.213562 0.175902 -0.232067 0.257465 0.457458 0.851143 0.408394 
1534334561302 0.101163 0.863257 -0.494524 -0.594743 -0.960933 0.213507 0.17613 -0.232078 0.25763 0.457387 0.851131 0.408366 
1534334561320 0.100999 0.863317 -0.494452 -0.594737 -0.960895 0.213449 0.176407 -0.232093 0.257836 0.4573 0.851116 0.408332 
1534334561335 0.100867 0.863372 -0.494384 -0.594739 -0.960857 0.213414 0.176659 -0.232111 0.258031 0.457213 0.851103 0.408308 
1534334561352 0.100833 0.863422 -0.494302 -0.594745 -0.960826 0.21343 0.176809 -0.232142 0.25816 0.45711 0.851119 0.408296 
1534334561368 0.100856 0.863463 -0.494227 -0.594753 -0.960807 0.213462 0.17687 -0.232174 0.258219 0.457018 0.85115 0.408289 
1534334561385 0.100877 0.863504 -0.494151 -0.594761 -0.960798 0.213479 0.176903 -0.232203 0.258247 0.456933 0.851188 0.40828 
1534334561402 0.10089 0.863563 -0.494044 -0.59477 -0.960795 0.21347 0.176928 -0.232235 0.258252 0.456825 0.851244 0.408263 
1534334561418 0.100889 0.863617 -0.493951 -0.594778 -0.960799 0.213442 0.176937 -0.232258 0.258236 0.456737 0.851296 0.40825 
1534334561435 0.100878 0.863704 -0.493801 -0.594786 -0.960811 0.213383 0.176944 -0.232277 0.258196 0.4566 0.851382 0.408241 
1534334561538 0.100582 0.863632 -0.493987 -0.594816 -0.960926 0.213018 0.176761 -0.232202 0.257885 0.456906 0.851312 0.408247 
1534334561552 0.100546 0.863471 -0.494276 -0.594824 -0.960967 0.212982 0.176585 -0.232169 0.257747 0.457228 0.851181 0.408256 
1534334561569 0.100497 0.863316 -0.494556 -0.594821 -0.961025 0.212902 0.176363 -0.232139 0.25755 0.457557 0.851064 0.408283 
1534334561586 0.100452 0.863223 -0.494728 -0.594804 -0.961084 0.212801 0.176162 -0.232131 0.257346 0.457779 0.851006 0.408328 
1534334561602 0.100461 0.863194 -0.494777 -0.59478 -0.961119 0.212756 0.176028 -0.232139 0.257213 0.457856 0.851005 0.408374 
1534334561619 0.100462 0.863193 -0.494779 -0.59476 -0.961135 0.212728 0.175974 -0.232157 0.257153 0.45787 0.851015 0.408418 
1534334561635 0.100469 0.863194 -0.494775 -0.59475 -0.961147 0.21271 0.175927 -0.232189 0.257102 0.457876 0.851027 0.408448 
1534334561652 0.100424 0.863191 -0.49479 -0.594748 -0.961174 0.212635 0.175872 -0.232209 0.257021 0.457917 0.85103 0.408464 
1534334561672 0.100334 0.863167 -0.494849 -0.594755 -0.961202 0.212536 0.175837 -0.232212 0.25695 0.458007 0.851003 0.408459 
1534334561696 0.100202 0.86313 -0.49494 -0.594773 -0.961231 0.212414 0.175828 -0.232198 0.256895 0.458133 0.850952 0.408446 
1534334561713 0.100157 0.863108 -0.494988 -0.594783 -0.961232 0.212392 0.175848 -0.232189 0.256907 0.458186 0.85092 0.40844 
1534334561766 0.100052 0.862972 -0.495245 -0.594824 -0.961186 0.212456 0.176024 -0.232143 0.257121 0.458411 0.850734 0.408398 
1534334561794 0.0999417 0.86284 -0.495499 -0.594857 -0.961156 0.212487 0.176151 -0.232122 0.257277 0.458647 0.850559 0.408384 
1534334561809 0.0998478 0.86276 -0.495657 -0.59487 -0.96114 0.212484 0.176242 -0.232123 0.257374 0.458798 0.850449 0.408394 
1534334561825 0.0996324 0.862691 -0.49582 -0.594881 -0.961143 0.212366 0.176366 -0.232134 0.257445 0.458982 0.850328 0.408432 
1534334561846 0.099461 0.862619 -0.49598 -0.594884 -0.961139 0.212291 0.176479 -0.232166 0.257526 0.459153 0.850211 0.408492 
1534334561932 0.0995546 0.862535 -0.496107 -0.594809 -0.961148 0.212364 0.176343 -0.232291 0.257457 0.459277 0.850165 0.408595 
1534334561945 0.099677 0.862524 -0.496102 -0.594816 -0.961194 0.212363 0.176091 -0.232286 0.257236 0.459299 0.85022 0.408588 
1534334561962 0.0998177 0.862516 -0.496086 -0.594828 -0.961256 0.212344 0.175776 -0.232265 0.25695 0.45932 0.850295 0.408573 
1534334561978 0.0999124 0.862514 -0.496071 -0.594843 -0.961323 0.212285 0.175481 -0.232234 0.256663 0.459352 0.850365 0.408561 
1534334561996 0.0999311 0.862535 -0.496032 -0.594858 -0.961384 0.21218 0.175272 -0.232186 0.256426 0.459362 0.85043 0.408556 
1534334562012 0.0998985 0.862578 -0.495963 -0.594861 -0.961421 0.212078 0.175192 -0.232148 0.2563 0.459328 0.850487 0.408557 
1534334562032 0.0998443 0.862604 -0.49593 -0.594864 -0.96147 0.211947 0.175083 -0.232096 0.256137 0.45934 0.850529 0.408553 
1534334562048 0.0998406 0.862594 -0.495947 -0.594861 -0.961502 0.21189 0.174974 -0.232073 0.256017 0.459385 0.850541 0.408544 
1534334562065 0.0998444 0.862588 -0.495957 -0.59486 -0.961514 0.211873 0.174929 -0.232066 0.255972 0.459404 0.850545 0.408541 
1534334562204 0.0996065 0.862391 -0.496347 -0.594904 -0.961589 0.211657 0.174779 -0.23214 0.255783 0.459873 0.850348 0.408621 
1534334562221 0.0995184 0.862414 -0.496324 -0.594896 -0.961492 0.211768 0.175179 -0.232183 0.256182 0.459778 0.850279 0.408624 
1534334562238 0.09945 0.862517 -0.49616 -0.594876 -0.961406 0.211842 0.175558 -0.232227 0.256529 0.459552 0.850297 0.408641 
1534334562255 0.0994853 0.862601 -0.496006 -0.594856 -0.961345 0.211944 0.175771 -0.23227 0.256745 0.459346 0.850343 0.408657 
1534334562301 0.099686 0.862652 -0.495877 -0.59482 -0.961248 0.212226 0.17596 -0.232335 0.25703 0.45912 0.850379 0.408658 
1534334562336 0.099542 0.862678 -0.49586 -0.594822 -0.961209 0.212196 0.176212 -0.232316 0.257234 0.459085 0.850336 0.408654 
1534334562361 0.099295 0.862706 -0.495862 -0.594822 -0.96116 0.212117 0.176575 -0.2323 0.257513 0.459069 0.85026 0.40865 
1534334562378 0.0991535 0.862719 -0.495867 -0.59482 -0.961123 0.212087 0.176808 -0.232299 0.257702 0.459058 0.850209 0.408647 
1534334562398 0.0990183 0.862743 -0.495852 -0.594825 -0.96109 0.212052 0.177031 -0.232309 0.257878 0.459029 0.850171 0.408654 
1534334562415 0.0988783 0.86277 -0.495834 -0.594831 -0.961076 0.211979 0.177196 -0.232325 0.257986 0.459014 0.850147 0.408665 
1534334562432 0.0988098 0.862781 -0.495827 -0.594833 -0.961072 0.211937 0.177263 -0.232351 0.258024 0.459011 0.850137 0.408673 
1534334562449 0.0988066 0.862782 -0.495827 -0.594834 -0.961073 0.211935 0.177265 -0.232375 0.258024 0.459011 0.850137 0.408678 
1534334562466 0.0988433 0.862777 -0.495828 -0.594835 -0.961073 0.211959 0.177235 -0.232391 0.258009 0.459008 0.850143 0.408682 
1534334562482 0.0989579 0.862758 -0.495838 -0.594834 -0.961077 0.212032 0.177127 -0.232409 0.257951 0.459011 0.850159 0.408685 
1534334562498 0.0991256 0.862724 -0.495864 -0.594831 -0.961094 0.21212 0.176929 -0.232425 0.257823 0.459033 0.850186 0.408683 
1534334562516 0.0992248 0.862697 -0.495892 -0.594826 -0.961114 0.212158 0.176775 -0.23243 0.25771 0.459068 0.850201 0.408676 
1534334562532 0.0993702 0.86266 -0.495927 -0.594818 -0.96111 0.21227 0.176661 -0.232433 0.257669 0.459086 0.850204 0.408667 
1534334562548 0.0994493 0.86264 -0.495945 -0.594813 -0.961088 0.212366 0.176665 -0.232428 0.25772 0.459078 0.850193 0.408661 
1534334562569 0.0994618 0.862631 -0.49596 -0.594807 -0.96106 0.212428 0.176744 -0.232415 0.257821 0.459067 0.850168 0.408654 
1534334562586 0.099435 0.862634 -0.495959 -0.594805 -0.961041 0.212442 0.176827 -0.232404 0.257899 0.459054 0.850151 0.408652 
1534334562636 0.0991132 0.862664 -0.495971 -0.594798 -0.961006 0.212289 0.1772 -0.232389 0.258154 0.459068 0.850066 0.408639 
1534334562668 0.098788 0.862725 -0.49593 -0.594806 -0.961022 0.212034 0.177424 -0.232414 0.258222 0.459072 0.850044 0.408655 
1534334562687 0.0985435 0.862771 -0.495898 -0.594812 -0.961016 0.211872 0.177647 -0.232444 0.258336 0.45906 0.850016 0.408668 
