1531943864497 0.275657 0.633204 -0.723233 -0.604483 -0.8825 0.464965 0.0707247 -0.181741 0.381061 0.618757 0.686973 0.426588 
1531943864500 0 0 0 0 0 0 0 0 0 0 0 0 
1531943864511 -0.186319 0.845148 -0.501008 -0.595444 -0.975422 -0.0980669 0.19732 -0.251671 0.117632 0.525459 0.842648 0.409373 
1531943864521 -0.187231 0.845419 -0.500212 -0.597087 -0.97521 -0.098835 0.197982 -0.254964 0.11794 0.52488 0.842966 0.40735 
1531943864530 -0.187247 0.845429 -0.500188 -0.597265 -0.975206 -0.0988475 0.197997 -0.255093 0.11795 0.524861 0.842976 0.40726 
1531943864533 0 0 0 0 0 0 0 0 0 0 0 0 
1531943864545 -0.18725 0.845429 -0.500187 -0.597275 -0.975206 -0.0988521 0.197995 -0.255107 0.117946 0.52486 0.842977 0.407257 
1531943864547 0 0 0 0 0 0 0 0 0 0 0 0 
1531943864550 0 0 0 0 0 0 0 0 0 0 0 0 
1531943864553 0 0 0 0 0 0 0 0 0 0 0 0 
1531943864567 -0.187251 0.845429 -0.500187 -0.597273 -0.975206 -0.0988555 0.197993 -0.255114 0.117942 0.52486 0.842978 0.407258 
1531943864567 0 0 0 0 0 0 0 0 0 0 0 0 
1531943864577 -0.187253 0.845429 -0.500187 -0.597271 -0.975206 -0.0988579 0.197991 -0.255119 0.11794 0.524859 0.842978 0.407259 
1531943864587 -0.187253 0.845429 -0.500186 -0.597269 -0.975206 -0.0988593 0.19799 -0.255122 0.117939 0.524859 0.842979 0.40726 
1531943864590 0 0 0 0 0 0 0 0 0 0 0 0 
1531943864593 0 0 0 0 0 0 0 0 0 0 0 0 
1531943864597 0 0 0 0 0 0 0 0 0 0 0 0 
1531943864607 -0.187254 0.845429 -0.500186 -0.597268 -0.975206 -0.0988601 0.19799 -0.255123 0.117938 0.524859 0.842979 0.407261 
1531943864617 -0.187253 0.845429 -0.500186 -0.597258 -0.975206 -0.0988592 0.19799 -0.255118 0.117938 0.524859 0.842979 0.407261 
1531943864637 0 0 0 0 0 0 0 0 0 0 0 0 
1531943864638 0 0 0 0 0 0 0 0 0 0 0 0 
1531943864649 -0.187253 0.845429 -0.500186 -0.597258 -0.975206 -0.0988592 0.19799 -0.255118 0.117938 0.524859 0.842979 0.407261 
1531943864658 -0.187254 0.845429 -0.500186 -0.597267 -0.975206 -0.0988607 0.197989 -0.255126 0.117937 0.524859 0.842979 0.407261 
1531943864669 -0.187254 0.845429 -0.500186 -0.597268 -0.975206 -0.0988609 0.197989 -0.255126 0.117937 0.524859 0.842979 0.407261 
1531943864672 0 0 0 0 0 0 0 0 0 0 0 0 
1531943864674 0 0 0 0 0 0 0 0 0 0 0 0 
1531943864678 0 0 0 0 0 0 0 0 0 0 0 0 
1531943864688 -0.187254 0.845429 -0.500186 -0.597268 -0.975206 -0.0988609 0.197989 -0.255126 0.117937 0.524859 0.842979 0.407261 
1531943864701 -0.187254 0.845429 -0.500186 -0.597268 -0.975206 -0.0988609 0.197989 -0.255126 0.117937 0.524859 0.842979 0.407261 
1531943864708 -0.187254 0.845429 -0.500186 -0.597268 -0.975206 -0.0988609 0.197989 -0.255126 0.117937 0.524859 0.842979 0.407261 
1531943864718 -0.187254 0.845429 -0.500186 -0.597268 -0.975206 -0.0988609 0.197989 -0.255126 0.117937 0.524859 0.842979 0.407261 
1531943864728 -0.187254 0.845429 -0.500186 -0.597268 -0.975206 -0.0988609 0.197989 -0.255126 0.117937 0.524859 0.842979 0.407261 
1531943864731 0 0 0 0 0 0 0 0 0 0 0 0 
1531943864734 0 0 0 0 0 0 0 0 0 0 0 0 
1531943864738 0 0 0 0 0 0 0 0 0 0 0 0 
1531943864748 -0.187254 0.845429 -0.500186 -0.597268 -0.975206 -0.0988609 0.197989 -0.255126 0.117937 0.524859 0.842979 0.407261 
1531943864758 -0.187254 0.845429 -0.500186 -0.597268 -0.975206 -0.0988609 0.197989 -0.255126 0.117937 0.524859 0.842979 0.407261 
1531943864784 0 0 0 0 0 0 0 0 0 0 0 0 
1531943864784 0 0 0 0 0 0 0 0 0 0 0 0 
1531943864788 0 0 0 0 0 0 0 0 0 0 0 0 
1531943864798 0.106166 -0.638781 0.762028 0.297631 0.54843 -0.601637 -0.580739 0.0723224 0.82943 0.479574 0.286453 0.505791 
1531943864808 -0.194824 0.845081 -0.497877 -0.461542 -0.972567 -0.100659 0.209718 -0.199736 0.127113 0.525077 0.841508 0.400508 
1531943864818 -0.190068 0.847973 -0.494789 -0.48894 -0.97409 -0.0999615 0.202872 -0.21388 0.12257 0.520528 0.845001 0.389361 
1531943864828 -0.189761 0.848297 -0.494351 -0.49011 -0.974202 -0.100037 0.202294 -0.214707 0.122152 0.519985 0.845396 0.388423 
1531943864838 -0.189675 0.84837 -0.494259 -0.490194 -0.974233 -0.10005 0.202137 -0.214779 0.122036 0.519864 0.845487 0.388292 
1531943864848 -0.189651 0.848389 -0.494235 -0.490208 -0.974242 -0.100053 0.202094 -0.214792 0.122004 0.519832 0.845512 0.388262 
1531943864858 -0.189643 0.848395 -0.494228 -0.490212 -0.974245 -0.100054 0.20208 -0.214795 0.121994 0.519822 0.845519 0.388253 
1531943864868 -0.189637 0.8484 -0.494222 -0.490214 -0.974247 -0.100054 0.20207 -0.214797 0.121987 0.519815 0.845525 0.388247 
1531943864878 -0.189622 0.848411 -0.494209 -0.490222 -0.974252 -0.100053 0.202047 -0.214801 0.121972 0.519796 0.845538 0.388228 
1531943864888 -0.189436 0.848576 -0.493997 -0.490257 -0.974286 -0.0999411 0.201939 -0.214806 0.12199 0.519549 0.845688 0.387954 
1531943864906 0 0 0 0 0 0 0 0 0 0 0 0 
1531943864906 0 0 0 0 0 0 0 0 0 0 0 0 
1531943864910 0 0 0 0 0 0 0 0 0 0 0 0 
1531943864920 -0.189436 0.848576 -0.493997 -0.490257 -0.974286 -0.0999411 0.201939 -0.214806 0.12199 0.519549 0.845688 0.387954 
1531943864926 0 0 0 0 0 0 0 0 0 0 0 0 
1531943864930 0 0 0 0 0 0 0 0 0 0 0 0 
1531943864933 0 0 0 0 0 0 0 0 0 0 0 0 
1531943864933 0 0 0 0 0 0 0 0 0 0 0 0 
1531943864936 0 0 0 0 0 0 0 0 0 0 0 0 
1531943864940 0 0 0 0 0 0 0 0 0 0 0 0 
1531943864951 -0.189631 0.848406 -0.494214 -0.490221 -0.974249 -0.100056 0.202057 -0.214804 0.121977 0.519804 0.845533 0.38823 
1531943864960 -0.18964 0.848398 -0.494224 -0.490214 -0.974246 -0.100055 0.202072 -0.214798 0.121988 0.519816 0.845523 0.388247 
1531943864970 -0.189642 0.848397 -0.494226 -0.490213 -0.974245 -0.100055 0.202077 -0.214797 0.121991 0.51982 0.845521 0.38825 
1531943864980 -0.189642 0.848396 -0.494227 -0.490212 -0.974245 -0.100055 0.202078 -0.214796 0.121992 0.51982 0.84552 0.388251 
1531943864991 -0.189643 0.848396 -0.494227 -0.490212 -0.974245 -0.100055 0.202078 -0.214796 0.121992 0.519821 0.84552 0.388251 
1531943864993 0 0 0 0 0 0 0 0 0 0 0 0 
1531943864996 0 0 0 0 0 0 0 0 0 0 0 0 
1531943865000 0 0 0 0 0 0 0 0 0 0 0 0 
1531943865010 -0.189643 0.848396 -0.494227 -0.490212 -0.974245 -0.100055 0.202078 -0.214796 0.121992 0.519821 0.84552 0.388251 
1531943865020 -0.189643 0.848396 -0.494227 -0.490212 -0.974245 -0.100055 0.202078 -0.214796 0.121992 0.519821 0.84552 0.388251 
1531943865030 -0.189643 0.848396 -0.494227 -0.490212 -0.974245 -0.100055 0.202078 -0.214796 0.121992 0.519821 0.84552 0.388251 
1531943865040 -0.189642 0.848396 -0.494226 -0.490212 -0.974245 -0.100054 0.202077 -0.214796 0.121992 0.51982 0.845521 0.388251 
1531943865057 -0.189642 0.848396 -0.494226 -0.490212 -0.974245 -0.100054 0.202077 -0.214796 0.121992 0.51982 0.845521 0.388251 
1531943865060 0 0 0 0 0 0 0 0 0 0 0 0 
1531943865070 -0.189643 0.848396 -0.494227 -0.490212 -0.974245 -0.100055 0.202078 -0.214796 0.121992 0.519821 0.84552 0.388251 
1531943865080 -0.189643 0.848396 -0.494227 -0.490212 -0.974245 -0.100055 0.202078 -0.214796 0.121993 0.519821 0.84552 0.388251 
1531943865083 0 0 0 0 0 0 0 0 0 0 0 0 
1531943865093 -0.189643 0.848396 -0.494227 -0.490212 -0.974245 -0.100055 0.202078 -0.214796 0.121993 0.519821 0.84552 0.388251 
1531943865103 -0.189643 0.848396 -0.494227 -0.490212 -0.974245 -0.100055 0.202078 -0.214796 0.121993 0.519821 0.84552 0.388251 
1531943865116 -0.189643 0.848396 -0.494227 -0.490212 -0.974245 -0.100055 0.202078 -0.214796 0.121993 0.519821 0.84552 0.388251 
1531943865116 0 0 0 0 0 0 0 0 0 0 0 0 
1531943865120 0 0 0 0 0 0 0 0 0 0 0 0 
1531943865123 0 0 0 0 0 0 0 0 0 0 0 0 
1531943865133 -0.189643 0.848396 -0.494227 -0.490212 -0.974245 -0.100055 0.202078 -0.214796 0.121993 0.519821 0.84552 0.388251 
1531943865143 -0.189643 0.848396 -0.494227 -0.490212 -0.974245 -0.100055 0.202078 -0.214796 0.121993 0.519821 0.84552 0.388251 
1531943865153 -0.189643 0.848396 -0.494227 -0.490212 -0.974245 -0.100055 0.202078 -0.214796 0.121993 0.519821 0.84552 0.388251 
1531943865163 -0.189643 0.848396 -0.494227 -0.490212 -0.974245 -0.100055 0.202078 -0.214796 0.121993 0.519821 0.84552 0.388251 
1531943865184 0 0 0 0 0 0 0 0 0 0 0 0 
1531943865192 -0.189643 0.848396 -0.494227 -0.490212 -0.974245 -0.100055 0.202078 -0.214796 0.121993 0.519821 0.84552 0.388251 
1531943865201 -0.189643 0.848396 -0.494227 -0.490212 -0.974245 -0.100055 0.202078 -0.214796 0.121993 0.519821 0.84552 0.388251 
1531943865204 0 0 0 0 0 0 0 0 0 0 0 0 
1531943865208 0 0 0 0 0 0 0 0 0 0 0 0 
1531943865213 0 0 0 0 0 0 0 0 0 0 0 0 
1531943865221 -0.189643 0.848396 -0.494227 -0.490212 -0.974245 -0.100055 0.202078 -0.214796 0.121993 0.519821 0.84552 0.388251 
1531943865231 -0.189643 0.848396 -0.494227 -0.490212 -0.974245 -0.100055 0.202078 -0.214796 0.121993 0.519821 0.84552 0.388251 
1531943865234 0 0 0 0 0 0 0 0 0 0 0 0 
1531943865245 -0.189643 0.848396 -0.494227 -0.490212 -0.974245 -0.100055 0.202078 -0.214796 0.121993 0.519821 0.84552 0.388251 
1531943865248 0 0 0 0 0 0 0 0 0 0 0 0 
1531943865251 0 0 0 0 0 0 0 0 0 0 0 0 
1531943865261 -0.189643 0.848396 -0.494227 -0.490212 -0.974245 -0.100055 0.202078 -0.214796 0.121993 0.519821 0.84552 0.388251 
1531943865271 -0.189643 0.848396 -0.494227 -0.490212 -0.974245 -0.100055 0.202078 -0.214796 0.121993 0.519821 0.84552 0.388251 
1531943865276 0 0 0 0 0 0 0 0 0 0 0 0 
1531943865285 -0.189643 0.848396 -0.494227 -0.490212 -0.974245 -0.100055 0.202078 -0.214796 0.121993 0.519821 0.84552 0.388251 
1531943865288 0 0 0 0 0 0 0 0 0 0 0 0 
1531943865291 0 0 0 0 0 0 0 0 0 0 0 0 
1531943865294 0 0 0 0 0 0 0 0 0 0 0 0 
1531943865298 0 0 0 0 0 0 0 0 0 0 0 0 
1531943865301 0 0 0 0 0 0 0 0 0 0 0 0 
1531943865312 -0.189643 0.848396 -0.494227 -0.490212 -0.974245 -0.100055 0.202078 -0.214796 0.121993 0.519821 0.84552 0.388251 
1531943865321 -0.189643 0.848396 -0.494227 -0.490212 -0.974245 -0.100055 0.202078 -0.214796 0.121993 0.519821 0.84552 0.388251 
1531943865339 0 0 0 0 0 0 0 0 0 0 0 0 
1531943865339 0 0 0 0 0 0 0 0 0 0 0 0 
1531943865341 0 0 0 0 0 0 0 0 0 0 0 0 
1531943865348 0 0 0 0 0 0 0 0 0 0 0 0 
1531943865351 0 0 0 0 0 0 0 0 0 0 0 0 
1531943865352 0 0 0 0 0 0 0 0 0 0 0 0 
1531943865361 -0.189643 0.848396 -0.494227 -0.490212 -0.974245 -0.100055 0.202078 -0.214796 0.121993 0.519821 0.84552 0.388251 
1531943865371 -0.189643 0.848396 -0.494227 -0.490212 -0.974245 -0.100055 0.202078 -0.214796 0.121993 0.519821 0.84552 0.388251 
1531943865381 -0.189643 0.848396 -0.494227 -0.490212 -0.974245 -0.100055 0.202078 -0.214796 0.121993 0.519821 0.84552 0.388251 
1531943865391 -0.189643 0.848396 -0.494227 -0.490212 -0.974245 -0.100055 0.202078 -0.214796 0.121993 0.519821 0.84552 0.388251 
1531943865401 -0.189643 0.848396 -0.494227 -0.490212 -0.974245 -0.100055 0.202078 -0.214796 0.121993 0.519821 0.84552 0.388251 
1531943865411 -0.189643 0.848396 -0.494227 -0.490212 -0.974245 -0.100055 0.202078 -0.214796 0.121993 0.519821 0.84552 0.388251 
1531943865422 -0.189643 0.848396 -0.494227 -0.490212 -0.974245 -0.100055 0.202078 -0.214796 0.121993 0.519821 0.84552 0.388251 
1531943865424 0 0 0 0 0 0 0 0 0 0 0 0 
1531943865428 0 0 0 0 0 0 0 0 0 0 0 0 
1531943865431 0 0 0 0 0 0 0 0 0 0 0 0 
1531943865441 -0.189643 0.848396 -0.494227 -0.490212 -0.974245 -0.100055 0.202078 -0.214796 0.121993 0.519821 0.84552 0.388251 
1531943865452 -0.189643 0.848396 -0.494227 -0.490212 -0.974245 -0.100055 0.202078 -0.214796 0.121993 0.519821 0.84552 0.388251 
1531943865454 0 0 0 0 0 0 0 0 0 0 0 0 
1531943865458 0 0 0 0 0 0 0 0 0 0 0 0 
1531943865461 0 0 0 0 0 0 0 0 0 0 0 0 
1531943865471 -0.189643 0.848396 -0.494227 -0.490212 -0.974245 -0.100055 0.202078 -0.214796 0.121993 0.519821 0.84552 0.388251 
1531943865488 0 0 0 0 0 0 0 0 0 0 0 0 
1531943865488 0 0 0 0 0 0 0 0 0 0 0 0 
1531943865491 0 0 0 0 0 0 0 0 0 0 0 0 
1531943865501 -0.189643 0.848396 -0.494227 -0.490212 -0.974245 -0.100055 0.202078 -0.214796 0.121993 0.519821 0.84552 0.388251 
1531943865511 -0.189643 0.848396 -0.494227 -0.490212 -0.974245 -0.100055 0.202078 -0.214796 0.121993 0.519821 0.84552 0.388251 
1531943865521 -0.189643 0.848396 -0.494227 -0.490212 -0.974245 -0.100055 0.202078 -0.214796 0.121993 0.519821 0.84552 0.388251 
1531943865531 -0.189643 0.848396 -0.494227 -0.490212 -0.974245 -0.100055 0.202078 -0.214796 0.121993 0.519821 0.84552 0.388251 
1531943865541 -0.189643 0.848396 -0.494227 -0.490212 -0.974245 -0.100055 0.202078 -0.214796 0.121993 0.519821 0.84552 0.388251 
1531943865544 0 0 0 0 0 0 0 0 0 0 0 0 
1531943865548 0 0 0 0 0 0 0 0 0 0 0 0 
1531943865551 0 0 0 0 0 0 0 0 0 0 0 0 
1531943865564 -0.189643 0.848396 -0.494227 -0.490212 -0.974245 -0.100055 0.202078 -0.214796 0.121993 0.519821 0.84552 0.388251 
1531943865565 0 0 0 0 0 0 0 0 0 0 0 0 
1531943865568 0 0 0 0 0 0 0 0 0 0 0 0 
1531943865571 0 0 0 0 0 0 0 0 0 0 0 0 
1531943865581 -0.189643 0.848396 -0.494227 -0.490212 -0.974245 -0.100055 0.202078 -0.214796 0.121993 0.519821 0.84552 0.388251 
1531943865591 -0.189643 0.848396 -0.494227 -0.490212 -0.974245 -0.100055 0.202078 -0.214796 0.121993 0.519821 0.84552 0.388251 
1531943865601 -0.189643 0.848396 -0.494227 -0.490212 -0.974245 -0.100055 0.202078 -0.214796 0.121993 0.519821 0.84552 0.388251 
1531943865611 -0.189643 0.848396 -0.494227 -0.490212 -0.974245 -0.100055 0.202078 -0.214796 0.121993 0.519821 0.84552 0.388251 
1531943865629 0 0 0 0 0 0 0 0 0 0 0 0 
1531943865629 0 0 0 0 0 0 0 0 0 0 0 0 
1531943865633 0 0 0 0 0 0 0 0 0 0 0 0 
1531943865643 -0.189643 0.848396 -0.494227 -0.490212 -0.974245 -0.100055 0.202078 -0.214796 0.121993 0.519821 0.84552 0.388251 
1531943865653 -0.189643 0.848396 -0.494227 -0.490212 -0.974245 -0.100055 0.202078 -0.214796 0.121993 0.519821 0.84552 0.388251 
1531943865663 -0.189643 0.848396 -0.494227 -0.490212 -0.974245 -0.100055 0.202078 -0.214796 0.121993 0.519821 0.84552 0.388251 
1531943865673 -0.189643 0.848396 -0.494227 -0.490212 -0.974245 -0.100055 0.202078 -0.214796 0.121993 0.519821 0.84552 0.388251 
1531943865683 -0.189643 0.848396 -0.494227 -0.490212 -0.974245 -0.100055 0.202078 -0.214796 0.121993 0.519821 0.84552 0.388251 
1531943865693 -0.189643 0.848396 -0.494227 -0.490212 -0.974245 -0.100055 0.202078 -0.214796 0.121993 0.519821 0.84552 0.388251 
1531943865703 -0.189643 0.848396 -0.494227 -0.490212 -0.974245 -0.100055 0.202078 -0.214796 0.121993 0.519821 0.84552 0.388251 
1531943865713 -0.189643 0.848396 -0.494227 -0.490212 -0.974245 -0.100055 0.202078 -0.214796 0.121993 0.519821 0.84552 0.388251 
1531943865723 -0.189643 0.848396 -0.494227 -0.490212 -0.974245 -0.100055 0.202078 -0.214796 0.121993 0.519821 0.84552 0.388251 
1531943865733 -0.189643 0.848396 -0.494227 -0.490212 -0.974245 -0.100055 0.202078 -0.214796 0.121993 0.519821 0.84552 0.388251 
1531943865758 0 0 0 0 0 0 0 0 0 0 0 0 
1531943865758 0 0 0 0 0 0 0 0 0 0 0 0 
1531943865761 0 0 0 0 0 0 0 0 0 0 0 0 
1531943865771 -0.189643 0.848396 -0.494227 -0.490212 -0.974245 -0.100055 0.202078 -0.214796 0.121993 0.519821 0.84552 0.388251 
1531943865774 0 0 0 0 0 0 0 0 0 0 0 0 
1531943865778 0 0 0 0 0 0 0 0 0 0 0 0 
1531943865781 0 0 0 0 0 0 0 0 0 0 0 0 
1531943865791 -0.189643 0.848396 -0.494227 -0.490212 -0.974245 -0.100055 0.202078 -0.214796 0.121993 0.519821 0.84552 0.388251 
1531943865801 -0.189643 0.848396 -0.494227 -0.490212 -0.974245 -0.100055 0.202078 -0.214796 0.121993 0.519821 0.84552 0.388251 
1531943865811 -0.189643 0.848396 -0.494227 -0.490212 -0.974245 -0.100055 0.202078 -0.214796 0.121993 0.519821 0.84552 0.388251 
1531943865821 -0.189643 0.848396 -0.494227 -0.490212 -0.974245 -0.100055 0.202078 -0.214796 0.121993 0.519821 0.84552 0.388251 
1531943865831 -0.189643 0.848396 -0.494227 -0.490212 -0.974245 -0.100055 0.202078 -0.214796 0.121993 0.519821 0.84552 0.388251 
1531943865841 -0.189643 0.848396 -0.494227 -0.490212 -0.974245 -0.100055 0.202078 -0.214796 0.121993 0.519821 0.84552 0.388251 
1531943865851 -0.189643 0.848396 -0.494227 -0.490212 -0.974245 -0.100055 0.202078 -0.214796 0.121993 0.519821 0.84552 0.388251 
1531943865858 0 0 0 0 0 0 0 0 0 0 0 0 
1531943865858 0 0 0 0 0 0 0 0 0 0 0 0 
1531943865861 0 0 0 0 0 0 0 0 0 0 0 0 
1531943865871 -0.189643 0.848396 -0.494227 -0.490212 -0.974245 -0.100055 0.202078 -0.214796 0.121993 0.519821 0.84552 0.388251 
1531943865881 -0.189643 0.848396 -0.494227 -0.490212 -0.974245 -0.100055 0.202078 -0.214796 0.121993 0.519821 0.84552 0.388251 
1531943865899 0 0 0 0 0 0 0 0 0 0 0 0 
1531943865899 0 0 0 0 0 0 0 0 0 0 0 0 
1531943865901 0 0 0 0 0 0 0 0 0 0 0 0 
1531943865911 -0.189643 0.848396 -0.494227 -0.490212 -0.974245 -0.100055 0.202078 -0.214796 0.121993 0.519821 0.84552 0.388251 
1531943865914 0 0 0 0 0 0 0 0 0 0 0 0 
1531943865918 0 0 0 0 0 0 0 0 0 0 0 0 
1531943865921 0 0 0 0 0 0 0 0 0 0 0 0 
1531943865931 -0.189643 0.848396 -0.494227 -0.490212 -0.974245 -0.100055 0.202078 -0.214796 0.121993 0.519821 0.84552 0.388251 
1531943865941 -0.189643 0.848396 -0.494227 -0.490212 -0.974245 -0.100055 0.202078 -0.214796 0.121993 0.519821 0.84552 0.388251 
1531943865944 0 0 0 0 0 0 0 0 0 0 0 0 
1531943865948 0 0 0 0 0 0 0 0 0 0 0 0 
1531943865951 0 0 0 0 0 0 0 0 0 0 0 0 
1531943865961 -0.189643 0.848396 -0.494227 -0.490212 -0.974245 -0.100055 0.202078 -0.214796 0.121993 0.519821 0.84552 0.388251 
1531943865971 -0.189643 0.848396 -0.494227 -0.490212 -0.974245 -0.100055 0.202078 -0.214796 0.121993 0.519821 0.84552 0.388251 
1531943865974 0 0 0 0 0 0 0 0 0 0 0 0 
1531943865985 -0.189643 0.848396 -0.494227 -0.490212 -0.974245 -0.100055 0.202078 -0.214796 0.121993 0.519821 0.84552 0.388251 
1531943865988 0 0 0 0 0 0 0 0 0 0 0 0 
1531943865992 0 0 0 0 0 0 0 0 0 0 0 0 
1531943865994 0 0 0 0 0 0 0 0 0 0 0 0 
1531943865998 0 0 0 0 0 0 0 0 0 0 0 0 
1531943866001 0 0 0 0 0 0 0 0 0 0 0 0 
1531943866011 -0.189643 0.848396 -0.494227 -0.490212 -0.974245 -0.100055 0.202078 -0.214796 0.121993 0.519821 0.84552 0.388251 
1531943866021 -0.189643 0.848396 -0.494227 -0.490212 -0.974245 -0.100055 0.202078 -0.214796 0.121993 0.519821 0.84552 0.388251 
1531943866031 -0.189643 0.848396 -0.494227 -0.490212 -0.974245 -0.100055 0.202078 -0.214796 0.121993 0.519821 0.84552 0.388251 
1531943866041 -0.189643 0.848396 -0.494227 -0.490212 -0.974245 -0.100055 0.202078 -0.214796 0.121993 0.519821 0.84552 0.388251 
1531943866065 0 0 0 0 0 0 0 0 0 0 0 0 
1531943866065 0 0 0 0 0 0 0 0 0 0 0 0 
1531943866075 -0.189643 0.848396 -0.494227 -0.490212 -0.974245 -0.100055 0.202078 -0.214796 0.121993 0.519821 0.84552 0.388251 
1531943866086 -0.189643 0.848396 -0.494227 -0.490212 -0.974245 -0.100055 0.202078 -0.214796 0.121993 0.519821 0.84552 0.388251 
1531943866090 0 0 0 0 0 0 0 0 0 0 0 0 
1531943866092 0 0 0 0 0 0 0 0 0 0 0 0 
1531943866095 0 0 0 0 0 0 0 0 0 0 0 0 
1531943866106 -0.189643 0.848396 -0.494227 -0.490212 -0.974245 -0.100055 0.202078 -0.214796 0.121993 0.519821 0.84552 0.388251 
1531943866115 -0.189643 0.848396 -0.494227 -0.490212 -0.974245 -0.100055 0.202078 -0.214796 0.121993 0.519821 0.84552 0.388251 
1531943866126 -0.189643 0.848396 -0.494227 -0.490212 -0.974245 -0.100055 0.202078 -0.214796 0.121993 0.519821 0.84552 0.388251 
1531943866135 -0.189643 0.848396 -0.494227 -0.490212 -0.974245 -0.100055 0.202078 -0.214796 0.121993 0.519821 0.84552 0.388251 
1531943866145 -0.189643 0.848396 -0.494227 -0.490212 -0.974245 -0.100055 0.202078 -0.214796 0.121993 0.519821 0.84552 0.388251 
1531943866155 -0.189643 0.848396 -0.494227 -0.490212 -0.974245 -0.100055 0.202078 -0.214796 0.121993 0.519821 0.84552 0.388251 
1531943866165 -0.189643 0.848396 -0.494227 -0.490212 -0.974245 -0.100055 0.202078 -0.214796 0.121993 0.519821 0.84552 0.388251 
1531943866176 -0.189643 0.848396 -0.494227 -0.490212 -0.974245 -0.100055 0.202078 -0.214796 0.121993 0.519821 0.84552 0.388251 
1531943866193 0 0 0 0 0 0 0 0 0 0 0 0 
1531943866193 0 0 0 0 0 0 0 0 0 0 0 0 
1531943866196 0 0 0 0 0 0 0 0 0 0 0 0 
1531943866206 -0.189643 0.848396 -0.494227 -0.490212 -0.974245 -0.100055 0.202078 -0.214796 0.121993 0.519821 0.84552 0.388251 
1531943866213 0 0 0 0 0 0 0 0 0 0 0 0 
1531943866213 0 0 0 0 0 0 0 0 0 0 0 0 
1531943866216 0 0 0 0 0 0 0 0 0 0 0 0 
1531943866226 -0.189643 0.848396 -0.494227 -0.490212 -0.974245 -0.100055 0.202078 -0.214796 0.121993 0.519821 0.84552 0.388251 
1531943866236 -0.189643 0.848396 -0.494227 -0.490212 -0.974245 -0.100055 0.202078 -0.214796 0.121993 0.519821 0.84552 0.388251 
1531943866246 -0.189643 0.848396 -0.494227 -0.490212 -0.974245 -0.100055 0.202078 -0.214796 0.121993 0.519821 0.84552 0.388251 
1531943866256 -0.189643 0.848396 -0.494227 -0.490212 -0.974245 -0.100055 0.202078 -0.214796 0.121993 0.519821 0.84552 0.388251 
1531943866266 -0.189643 0.848396 -0.494227 -0.490212 -0.974245 -0.100055 0.202078 -0.214796 0.121993 0.519821 0.84552 0.388251 
1531943866269 0 0 0 0 0 0 0 0 0 0 0 0 
1531943866273 0 0 0 0 0 0 0 0 0 0 0 0 
1531943866276 0 0 0 0 0 0 0 0 0 0 0 0 
1531943866286 -0.189643 0.848396 -0.494227 -0.490212 -0.974245 -0.100055 0.202078 -0.214796 0.121993 0.519821 0.84552 0.388251 
1531943866296 -0.189643 0.848396 -0.494227 -0.490212 -0.974245 -0.100055 0.202078 -0.214796 0.121993 0.519821 0.84552 0.388251 
1531943866306 -0.189643 0.848396 -0.494227 -0.490212 -0.974245 -0.100055 0.202078 -0.214796 0.121993 0.519821 0.84552 0.388251 
1531943866316 -0.189643 0.848396 -0.494227 -0.490212 -0.974245 -0.100055 0.202078 -0.214796 0.121993 0.519821 0.84552 0.388251 
1531943866347 0 0 0 0 0 0 0 0 0 0 0 0 
1531943866347 0 0 0 0 0 0 0 0 0 0 0 0 
1531943866357 -0.189643 0.848396 -0.494227 -0.490212 -0.974245 -0.100055 0.202078 -0.214796 0.121993 0.519821 0.84552 0.388251 
1531943866370 -0.189643 0.848396 -0.494227 -0.490212 -0.974245 -0.100055 0.202078 -0.214796 0.121993 0.519821 0.84552 0.388251 
1531943866370 0 0 0 0 0 0 0 0 0 0 0 0 
1531943866374 0 0 0 0 0 0 0 0 0 0 0 0 
1531943866377 0 0 0 0 0 0 0 0 0 0 0 0 
1531943866387 -0.189643 0.848396 -0.494227 -0.490212 -0.974245 -0.100055 0.202078 -0.214796 0.121993 0.519821 0.84552 0.388251 
1531943866397 -0.189643 0.848396 -0.494227 -0.490212 -0.974245 -0.100055 0.202078 -0.214796 0.121993 0.519821 0.84552 0.388251 
1531943866400 0 0 0 0 0 0 0 0 0 0 0 0 
1531943866404 0 0 0 0 0 0 0 0 0 0 0 0 
1531943866407 0 0 0 0 0 0 0 0 0 0 0 0 
1531943866417 -0.189643 0.848396 -0.494227 -0.490212 -0.974245 -0.100055 0.202078 -0.214796 0.121993 0.519821 0.84552 0.388251 
1531943866427 -0.189643 0.848396 -0.494227 -0.490212 -0.974245 -0.100055 0.202078 -0.214796 0.121993 0.519821 0.84552 0.388251 
1531943866437 -0.189643 0.848396 -0.494227 -0.490212 -0.974245 -0.100055 0.202078 -0.214796 0.121993 0.519821 0.84552 0.388251 
1531943866447 -0.189643 0.848396 -0.494227 -0.490212 -0.974245 -0.100055 0.202078 -0.214796 0.121993 0.519821 0.84552 0.388251 
1531943866457 -0.189643 0.848396 -0.494227 -0.490212 -0.974245 -0.100055 0.202078 -0.214796 0.121993 0.519821 0.84552 0.388251 
1531943866467 -0.189643 0.848396 -0.494227 -0.490212 -0.974245 -0.100055 0.202078 -0.214796 0.121993 0.519821 0.84552 0.388251 
1531943866482 0 0 0 0 0 0 0 0 0 0 0 0 
1531943866482 0 0 0 0 0 0 0 0 0 0 0 0 
1531943866484 0 0 0 0 0 0 0 0 0 0 0 0 
1531943866487 0 0 0 0 0 0 0 0 0 0 0 0 
1531943866497 -0.189643 0.848396 -0.494227 -0.490212 -0.974245 -0.100055 0.202078 -0.214796 0.121993 0.519821 0.84552 0.388251 
1531943866507 -0.189643 0.848396 -0.494227 -0.490212 -0.974245 -0.100055 0.202078 -0.214796 0.121993 0.519821 0.84552 0.388251 
1531943866517 -0.189643 0.848396 -0.494227 -0.490212 -0.974245 -0.100055 0.202078 -0.214796 0.121993 0.519821 0.84552 0.388251 
1531943866527 -0.189643 0.848396 -0.494227 -0.490212 -0.974245 -0.100055 0.202078 -0.214796 0.121993 0.519821 0.84552 0.388251 
1531943866537 -0.189643 0.848396 -0.494227 -0.490212 -0.974245 -0.100055 0.202078 -0.214796 0.121993 0.519821 0.84552 0.388251 
1531943866547 -0.189643 0.848396 -0.494227 -0.490212 -0.974245 -0.100055 0.202078 -0.214796 0.121993 0.519821 0.84552 0.388251 
1531943866558 -0.189643 0.848396 -0.494227 -0.490212 -0.974245 -0.100055 0.202078 -0.214796 0.121993 0.519821 0.84552 0.388251 
1531943866560 0 0 0 0 0 0 0 0 0 0 0 0 
1531943866564 0 0 0 0 0 0 0 0 0 0 0 0 
1531943866574 -0.189643 0.848396 -0.494227 -0.490212 -0.974245 -0.100055 0.202078 -0.214796 0.121993 0.519821 0.84552 0.388251 
1531943866577 0 0 0 0 0 0 0 0 0 0 0 0 
1531943866589 -0.189643 0.848396 -0.494227 -0.490212 -0.974245 -0.100055 0.202078 -0.214796 0.121993 0.519821 0.84552 0.388251 
1531943866597 -0.189643 0.848396 -0.494227 -0.490212 -0.974245 -0.100055 0.202078 -0.214796 0.121993 0.519821 0.84552 0.388251 
1531943866616 0 0 0 0 0 0 0 0 0 0 0 0 
1531943866616 0 0 0 0 0 0 0 0 0 0 0 0 
1531943866634 0 0 0 0 0 0 0 0 0 0 0 0 
1531943866634 0 0 0 0 0 0 0 0 0 0 0 0 
1531943866638 0 0 0 0 0 0 0 0 0 0 0 0 
1531943866648 -0.189643 0.848396 -0.494227 -0.490212 -0.974245 -0.100055 0.202078 -0.214796 0.121993 0.519821 0.84552 0.388251 
1531943866658 -0.189643 0.848396 -0.494227 -0.490212 -0.974245 -0.100055 0.202078 -0.214796 0.121993 0.519821 0.84552 0.388251 
1531943866668 -0.189643 0.848396 -0.494227 -0.490212 -0.974245 -0.100055 0.202078 -0.214796 0.121993 0.519821 0.84552 0.388251 
1531943866678 -0.189643 0.848396 -0.494227 -0.490212 -0.974245 -0.100055 0.202078 -0.214796 0.121993 0.519821 0.84552 0.388251 
1531943866690 -0.189643 0.848396 -0.494227 -0.490212 -0.974245 -0.100055 0.202078 -0.214796 0.121993 0.519821 0.84552 0.388251 
1531943866691 0 0 0 0 0 0 0 0 0 0 0 0 
1531943866694 0 0 0 0 0 0 0 0 0 0 0 0 
1531943866698 0 0 0 0 0 0 0 0 0 0 0 0 
1531943866708 -0.189643 0.848396 -0.494227 -0.490212 -0.974245 -0.100055 0.202078 -0.214796 0.121993 0.519821 0.84552 0.388251 
1531943866721 -0.189643 0.848396 -0.494227 -0.490212 -0.974245 -0.100055 0.202078 -0.214796 0.121993 0.519821 0.84552 0.388251 
1531943866728 -0.189643 0.848396 -0.494227 -0.490212 -0.974245 -0.100055 0.202078 -0.214796 0.121993 0.519821 0.84552 0.388251 
1531943866738 -0.189643 0.848396 -0.494227 -0.490212 -0.974245 -0.100055 0.202078 -0.214796 0.121993 0.519821 0.84552 0.388251 
1531943866748 -0.189643 0.848396 -0.494227 -0.490212 -0.974245 -0.100055 0.202078 -0.214796 0.121993 0.519821 0.84552 0.388251 
1531943866769 0 0 0 0 0 0 0 0 0 0 0 0 
1531943866769 0 0 0 0 0 0 0 0 0 0 0 0 
1531943866780 -0.189643 0.848396 -0.494227 -0.490212 -0.974245 -0.100055 0.202078 -0.214796 0.121993 0.519821 0.84552 0.388251 
1531943866790 -0.189643 0.848396 -0.494227 -0.490212 -0.974245 -0.100055 0.202078 -0.214796 0.121993 0.519821 0.84552 0.388251 
1531943866800 -0.189643 0.848396 -0.494227 -0.490212 -0.974245 -0.100055 0.202078 -0.214796 0.121993 0.519821 0.84552 0.388251 
1531943866812 -0.189643 0.848396 -0.494227 -0.490212 -0.974245 -0.100055 0.202078 -0.214796 0.121993 0.519821 0.84552 0.388251 
1531943866813 0 0 0 0 0 0 0 0 0 0 0 0 
1531943866816 0 0 0 0 0 0 0 0 0 0 0 0 
1531943866819 0 0 0 0 0 0 0 0 0 0 0 0 
1531943866830 -0.189643 0.848396 -0.494227 -0.490212 -0.974245 -0.100055 0.202078 -0.214796 0.121993 0.519821 0.84552 0.388251 
1531943866834 0 0 0 0 0 0 0 0 0 0 0 0 
1531943866836 0 0 0 0 0 0 0 0 0 0 0 0 
1531943866839 0 0 0 0 0 0 0 0 0 0 0 0 
1531943866850 -0.189643 0.848396 -0.494227 -0.490212 -0.974245 -0.100055 0.202078 -0.214796 0.121993 0.519821 0.84552 0.388251 
1531943866860 -0.189643 0.848396 -0.494227 -0.490212 -0.974245 -0.100055 0.202078 -0.214796 0.121993 0.519821 0.84552 0.388251 
1531943866870 -0.189643 0.848396 -0.494227 -0.490212 -0.974245 -0.100055 0.202078 -0.214796 0.121993 0.519821 0.84552 0.388251 
1531943866882 -0.189643 0.848396 -0.494227 -0.490212 -0.974245 -0.100055 0.202078 -0.214796 0.121993 0.519821 0.84552 0.388251 
1531943866883 0 0 0 0 0 0 0 0 0 0 0 0 
1531943866893 -0.189643 0.848396 -0.494227 -0.490212 -0.974245 -0.100055 0.202078 -0.214796 0.121993 0.519821 0.84552 0.388251 
1531943866908 0 0 0 0 0 0 0 0 0 0 0 0 
1531943866908 0 0 0 0 0 0 0 0 0 0 0 0 
1531943866912 0 0 0 0 0 0 0 0 0 0 0 0 
1531943866913 0 0 0 0 0 0 0 0 0 0 0 0 
1531943866923 -0.189643 0.848396 -0.494227 -0.490212 -0.974245 -0.100055 0.202078 -0.214796 0.121993 0.519821 0.84552 0.388251 
1531943866933 -0.189643 0.848396 -0.494227 -0.490212 -0.974245 -0.100055 0.202078 -0.214796 0.121993 0.519821 0.84552 0.388251 
1531943866943 -0.189643 0.848396 -0.494227 -0.490212 -0.974245 -0.100055 0.202078 -0.214796 0.121993 0.519821 0.84552 0.388251 
1531943866953 -0.189643 0.848396 -0.494227 -0.490212 -0.974245 -0.100055 0.202078 -0.214796 0.121993 0.519821 0.84552 0.388251 
1531943866963 -0.189643 0.848396 -0.494227 -0.490212 -0.974245 -0.100055 0.202078 -0.214796 0.121993 0.519821 0.84552 0.388251 
1531943866974 -0.189643 0.848396 -0.494227 -0.490212 -0.974245 -0.100055 0.202078 -0.214796 0.121993 0.519821 0.84552 0.388251 
1531943866983 -0.189643 0.848396 -0.494227 -0.490212 -0.974245 -0.100055 0.202078 -0.214796 0.121993 0.519821 0.84552 0.388251 
1531943866993 -0.189643 0.848396 -0.494227 -0.490212 -0.974245 -0.100055 0.202078 -0.214796 0.121993 0.519821 0.84552 0.388251 
1531943867004 -0.189643 0.848396 -0.494227 -0.490212 -0.974245 -0.100055 0.202078 -0.214796 0.121993 0.519821 0.84552 0.388251 
1531943867007 0 0 0 0 0 0 0 0 0 0 0 0 
1531943867009 0 0 0 0 0 0 0 0 0 0 0 0 
1531943867013 0 0 0 0 0 0 0 0 0 0 0 0 
1531943867023 -0.189643 0.848396 -0.494227 -0.490212 -0.974245 -0.100055 0.202078 -0.214796 0.121993 0.519821 0.84552 0.388251 
1531943867042 0 0 0 0 0 0 0 0 0 0 0 0 
1531943867042 0 0 0 0 0 0 0 0 0 0 0 0 
1531943867045 0 0 0 0 0 0 0 0 0 0 0 0 
1531943867055 -0.189643 0.848396 -0.494227 -0.490212 -0.974245 -0.100055 0.202078 -0.214796 0.121993 0.519821 0.84552 0.388251 
1531943867066 -0.189643 0.848396 -0.494227 -0.490212 -0.974245 -0.100055 0.202078 -0.214796 0.121993 0.519821 0.84552 0.388251 
1531943867075 -0.189643 0.848396 -0.494227 -0.490212 -0.974245 -0.100055 0.202078 -0.214796 0.121993 0.519821 0.84552 0.388251 
1531943867085 -0.189643 0.848396 -0.494227 -0.490212 -0.974245 -0.100055 0.202078 -0.214796 0.121993 0.519821 0.84552 0.388251 
1531943867088 0 0 0 0 0 0 0 0 0 0 0 0 
1531943867092 0 0 0 0 0 0 0 0 0 0 0 0 
1531943867095 0 0 0 0 0 0 0 0 0 0 0 0 
1531943867105 -0.189643 0.848396 -0.494227 -0.490212 -0.974245 -0.100055 0.202078 -0.214796 0.121993 0.519821 0.84552 0.388251 
1531943867115 -0.189643 0.848396 -0.494227 -0.490212 -0.974245 -0.100055 0.202078 -0.214796 0.121993 0.519821 0.84552 0.388251 
1531943867125 -0.189643 0.848396 -0.494227 -0.490212 -0.974245 -0.100055 0.202078 -0.214796 0.121993 0.519821 0.84552 0.388251 
1531943867135 -0.189643 0.848396 -0.494227 -0.490212 -0.974245 -0.100055 0.202078 -0.214796 0.121993 0.519821 0.84552 0.388251 
1531943867145 -0.189643 0.848396 -0.494227 -0.490212 -0.974245 -0.100055 0.202078 -0.214796 0.121993 0.519821 0.84552 0.388251 
1531943867155 -0.189643 0.848396 -0.494227 -0.490212 -0.974245 -0.100055 0.202078 -0.214796 0.121993 0.519821 0.84552 0.388251 
1531943867180 0 0 0 0 0 0 0 0 0 0 0 0 
1531943867180 0 0 0 0 0 0 0 0 0 0 0 0 
1531943867182 0 0 0 0 0 0 0 0 0 0 0 0 
1531943867191 -0.189643 0.848396 -0.494227 -0.490212 -0.974245 -0.100055 0.202078 -0.214796 0.121993 0.519821 0.84552 0.388251 
1531943867201 -0.189643 0.848396 -0.494227 -0.490212 -0.974245 -0.100055 0.202078 -0.214796 0.121993 0.519821 0.84552 0.388251 
1531943867211 -0.189643 0.848396 -0.494227 -0.490212 -0.974245 -0.100055 0.202078 -0.214796 0.121993 0.519821 0.84552 0.388251 
1531943867221 -0.189643 0.848396 -0.494227 -0.490212 -0.974245 -0.100055 0.202078 -0.214796 0.121993 0.519821 0.84552 0.388251 
1531943867235 -0.189643 0.848396 -0.494227 -0.490212 -0.974245 -0.100055 0.202078 -0.214796 0.121993 0.519821 0.84552 0.388251 
1531943867235 0 0 0 0 0 0 0 0 0 0 0 0 
1531943867238 0 0 0 0 0 0 0 0 0 0 0 0 
1531943867248 -0.189643 0.848396 -0.494227 -0.490212 -0.974245 -0.100055 0.202078 -0.214796 0.121993 0.519821 0.84552 0.388251 
1531943867258 -0.189643 0.848396 -0.494227 -0.490212 -0.974245 -0.100055 0.202078 -0.214796 0.121993 0.519821 0.84552 0.388251 
1531943867268 -0.189643 0.848396 -0.494227 -0.490212 -0.974245 -0.100055 0.202078 -0.214796 0.121993 0.519821 0.84552 0.388251 
1531943867278 -0.189643 0.848396 -0.494227 -0.490212 -0.974245 -0.100055 0.202078 -0.214796 0.121993 0.519821 0.84552 0.388251 
1531943867289 -0.189643 0.848396 -0.494227 -0.490212 -0.974245 -0.100055 0.202078 -0.214796 0.121993 0.519821 0.84552 0.388251 
1531943867305 -0.189643 0.848396 -0.494227 -0.490212 -0.974245 -0.100055 0.202078 -0.214796 0.121993 0.519821 0.84552 0.388251 
1531943867308 0 0 0 0 0 0 0 0 0 0 0 0 
1531943867318 -0.189643 0.848396 -0.494227 -0.490212 -0.974245 -0.100055 0.202078 -0.214796 0.121993 0.519821 0.84552 0.388251 
1531943867330 -0.189643 0.848396 -0.494227 -0.490212 -0.974245 -0.100055 0.202078 -0.214796 0.121993 0.519821 0.84552 0.388251 
1531943867338 -0.189643 0.848396 -0.494227 -0.490212 -0.974245 -0.100055 0.202078 -0.214796 0.121993 0.519821 0.84552 0.388251 
1531943867341 0 0 0 0 0 0 0 0 0 0 0 0 
1531943867351 -0.189643 0.848396 -0.494227 -0.490212 -0.974245 -0.100055 0.202078 -0.214796 0.121993 0.519821 0.84552 0.388251 
1531943867362 -0.189643 0.848396 -0.494227 -0.490212 -0.974245 -0.100055 0.202078 -0.214796 0.121993 0.519821 0.84552 0.388251 
1531943867364 0 0 0 0 0 0 0 0 0 0 0 0 
1531943867375 -0.189643 0.848396 -0.494227 -0.490212 -0.974245 -0.100055 0.202078 -0.214796 0.121993 0.519821 0.84552 0.388251 
1531943867385 -0.189643 0.848396 -0.494227 -0.490212 -0.974245 -0.100055 0.202078 -0.214796 0.121993 0.519821 0.84552 0.388251 
1531943867396 -0.189643 0.848396 -0.494227 -0.490212 -0.974245 -0.100055 0.202078 -0.214796 0.121993 0.519821 0.84552 0.388251 
1531943867398 0 0 0 0 0 0 0 0 0 0 0 0 
1531943867401 0 0 0 0 0 0 0 0 0 0 0 0 
1531943867405 0 0 0 0 0 0 0 0 0 0 0 0 
1531943867416 -0.189643 0.848396 -0.494227 -0.490212 -0.974245 -0.100055 0.202078 -0.214796 0.121993 0.519821 0.84552 0.388251 
1531943867431 -0.189643 0.848396 -0.494227 -0.490212 -0.974245 -0.100055 0.202078 -0.214796 0.121993 0.519821 0.84552 0.388251 
1531943867435 0 0 0 0 0 0 0 0 0 0 0 0 
1531943867445 -0.189643 0.848396 -0.494227 -0.490212 -0.974245 -0.100055 0.202078 -0.214796 0.121993 0.519821 0.84552 0.388251 
1531943867455 -0.189643 0.848396 -0.494227 -0.490212 -0.974245 -0.100055 0.202078 -0.214796 0.121993 0.519821 0.84552 0.388251 
1531943867465 -0.189643 0.848396 -0.494227 -0.490212 -0.974245 -0.100055 0.202078 -0.214796 0.121993 0.519821 0.84552 0.388251 
1531943867475 -0.189643 0.848396 -0.494227 -0.490212 -0.974245 -0.100055 0.202078 -0.214796 0.121993 0.519821 0.84552 0.388251 
1531943867485 -0.189643 0.848396 -0.494227 -0.490212 -0.974245 -0.100055 0.202078 -0.214796 0.121993 0.519821 0.84552 0.388251 
1531943867495 -0.189643 0.848396 -0.494227 -0.490212 -0.974245 -0.100055 0.202078 -0.214796 0.121993 0.519821 0.84552 0.388251 
1531943867505 -0.189643 0.848396 -0.494227 -0.490212 -0.974245 -0.100055 0.202078 -0.214796 0.121993 0.519821 0.84552 0.388251 
1531943867518 -0.189643 0.848396 -0.494227 -0.490212 -0.974245 -0.100055 0.202078 -0.214796 0.121993 0.519821 0.84552 0.388251 
1531943867525 -0.189643 0.848396 -0.494227 -0.490212 -0.974245 -0.100055 0.202078 -0.214796 0.121993 0.519821 0.84552 0.388251 
1531943867542 -0.189643 0.848396 -0.494227 -0.490212 -0.974245 -0.100055 0.202078 -0.214796 0.121993 0.519821 0.84552 0.388251 
1531943867544 0 0 0 0 0 0 0 0 0 0 0 0 
1531943867560 -0.189643 0.848396 -0.494227 -0.490212 -0.974245 -0.100055 0.202078 -0.214796 0.121993 0.519821 0.84552 0.388251 
1531943867564 0 0 0 0 0 0 0 0 0 0 0 0 
1531943867574 -0.189643 0.848396 -0.494227 -0.490212 -0.974245 -0.100055 0.202078 -0.214796 0.121993 0.519821 0.84552 0.388251 
1531943867584 -0.189643 0.848396 -0.494227 -0.490212 -0.974245 -0.100055 0.202078 -0.214796 0.121993 0.519821 0.84552 0.388251 
1531943867593 -0.189643 0.848396 -0.494227 -0.490212 -0.974245 -0.100055 0.202078 -0.214796 0.121993 0.519821 0.84552 0.388251 
1531943867603 -0.189643 0.848396 -0.494227 -0.490212 -0.974245 -0.100055 0.202078 -0.214796 0.121993 0.519821 0.84552 0.388251 
1531943867614 -0.189643 0.848396 -0.494227 -0.490212 -0.974245 -0.100055 0.202078 -0.214796 0.121993 0.519821 0.84552 0.388251 
1531943867623 -0.189643 0.848396 -0.494227 -0.490212 -0.974245 -0.100055 0.202078 -0.214796 0.121993 0.519821 0.84552 0.388251 
1531943867633 -0.189643 0.848396 -0.494227 -0.490212 -0.974245 -0.100055 0.202078 -0.214796 0.121993 0.519821 0.84552 0.388251 
1531943867643 -0.189643 0.848396 -0.494227 -0.490212 -0.974245 -0.100055 0.202078 -0.214796 0.121993 0.519821 0.84552 0.388251 
1531943867662 0 0 0 0 0 0 0 0 0 0 0 0 
1531943867662 0 0 0 0 0 0 0 0 0 0 0 0 
1531943867673 -0.189643 0.848396 -0.494227 -0.490212 -0.974245 -0.100055 0.202078 -0.214796 0.121993 0.519821 0.84552 0.388251 
1531943867676 0 0 0 0 0 0 0 0 0 0 0 0 
1531943867686 -0.189643 0.848396 -0.494227 -0.490212 -0.974245 -0.100055 0.202078 -0.214796 0.121993 0.519821 0.84552 0.388251 
1531943867691 0 0 0 0 0 0 0 0 0 0 0 0 
1531943867692 0 0 0 0 0 0 0 0 0 0 0 0 
1531943867696 0 0 0 0 0 0 0 0 0 0 0 0 
1531943867706 -0.189643 0.848396 -0.494227 -0.490212 -0.974245 -0.100055 0.202078 -0.214796 0.121993 0.519821 0.84552 0.388251 
1531943867709 0 0 0 0 0 0 0 0 0 0 0 0 
1531943867712 0 0 0 0 0 0 0 0 0 0 0 0 
1531943867716 0 0 0 0 0 0 0 0 0 0 0 0 
1531943867726 -0.189643 0.848396 -0.494227 -0.490212 -0.974245 -0.100055 0.202078 -0.214796 0.121993 0.519821 0.84552 0.388251 
1531943867729 0 0 0 0 0 0 0 0 0 0 0 0 
1531943867732 0 0 0 0 0 0 0 0 0 0 0 0 
1531943867743 -0.189643 0.848396 -0.494227 -0.490212 -0.974245 -0.100055 0.202078 -0.214796 0.121993 0.519821 0.84552 0.388251 
1531943867746 0 0 0 0 0 0 0 0 0 0 0 0 
1531943867749 0 0 0 0 0 0 0 0 0 0 0 0 
1531943867752 0 0 0 0 0 0 0 0 0 0 0 0 
1531943867763 -0.189643 0.848396 -0.494227 -0.490212 -0.974245 -0.100055 0.202078 -0.214796 0.121993 0.519821 0.84552 0.388251 
1531943867766 0 0 0 0 0 0 0 0 0 0 0 0 
1531943867769 0 0 0 0 0 0 0 0 0 0 0 0 
1531943867772 0 0 0 0 0 0 0 0 0 0 0 0 
1531943867776 0 0 0 0 0 0 0 0 0 0 0 0 
1531943867786 -0.189643 0.848396 -0.494227 -0.490212 -0.974245 -0.100055 0.202078 -0.214796 0.121993 0.519821 0.84552 0.388251 
1531943867789 0 0 0 0 0 0 0 0 0 0 0 0 
1531943867792 0 0 0 0 0 0 0 0 0 0 0 0 
1531943867803 -0.189643 0.848396 -0.494227 -0.490212 -0.974245 -0.100055 0.202078 -0.214796 0.121993 0.519821 0.84552 0.388251 
1531943867806 0 0 0 0 0 0 0 0 0 0 0 0 
1531943867809 0 0 0 0 0 0 0 0 0 0 0 0 
1531943867812 0 0 0 0 0 0 0 0 0 0 0 0 
1531943867823 -0.189643 0.848396 -0.494227 -0.490212 -0.974245 -0.100055 0.202078 -0.214796 0.121993 0.519821 0.84552 0.388251 
1531943867826 0 0 0 0 0 0 0 0 0 0 0 0 
1531943867829 0 0 0 0 0 0 0 0 0 0 0 0 
1531943867832 0 0 0 0 0 0 0 0 0 0 0 0 
1531943867843 -0.189643 0.848396 -0.494227 -0.490212 -0.974245 -0.100055 0.202078 -0.214796 0.121993 0.519821 0.84552 0.388251 
1531943867865 0 0 0 0 0 0 0 0 0 0 0 0 
1531943867865 0 0 0 0 0 0 0 0 0 0 0 0 
1531943867875 0.59005 0.309115 0.745848 0.134892 0.0717784 -0.940229 0.332891 0.0797978 0.80417 -0.142887 -0.57697 0.315662 
1531943867885 -0.187584 0.839981 -0.50916 -0.498849 -0.974882 -0.095847 0.201043 -0.221121 0.120071 0.534083 0.836862 0.410739 
1531943867888 0 0 0 0 0 0 0 0 0 0 0 0 
1531943867900 -0.184488 0.840734 -0.509049 -0.525454 -0.976244 -0.0968733 0.193813 -0.2209 0.113632 0.532712 0.838633 0.415371 
1531943867908 -0.184092 0.840688 -0.509268 -0.527557 -0.976413 -0.0969444 0.192924 -0.219208 0.112818 0.532771 0.838705 0.417417 
1531943867918 -0.183922 0.840706 -0.5093 -0.528179 -0.976487 -0.0969951 0.192525 -0.218523 0.112458 0.532734 0.838778 0.417835 
1531943867928 -0.183862 0.840727 -0.509287 -0.528346 -0.976514 -0.0970275 0.192367 -0.218513 0.112313 0.532695 0.838822 0.417884 
1531943867938 -0.183843 0.840735 -0.509281 -0.528405 -0.976523 -0.097038 0.192317 -0.218518 0.112268 0.532681 0.838837 0.417887 
1531943867941 0 0 0 0 0 0 0 0 0 0 0 0 
1531943867945 0 0 0 0 0 0 0 0 0 0 0 0 
1531943867955 -0.183838 0.840736 -0.50928 -0.528415 -0.976525 -0.0970368 0.192311 -0.218514 0.112264 0.532679 0.838839 0.417886 
1531943867965 -0.183842 0.840733 -0.509285 -0.528389 -0.976521 -0.0970235 0.192338 -0.218492 0.112293 0.532687 0.83883 0.417888 
1531943867975 -0.183884 0.840805 -0.50915 -0.528244 -0.976459 -0.0968358 0.192743 -0.218223 0.112755 0.532607 0.838819 0.417897 
