1535118011237 0.223077 0.922466 -0.315109 -0.534131 -0.941079 0.288086 0.177135 -0.232752 0.254179 0.257028 0.932379 0.417159 
1535118017436 0.223077 0.922466 -0.315109 -0.534131 -0.941079 0.288086 0.177135 -0.232752 0.254179 0.257028 0.932379 0.417159 
1535118018052 0.223077 0.922466 -0.315108 -0.534131 -0.941079 0.288087 0.177135 -0.232752 0.254179 0.257027 0.932379 0.41716 
1535118018655 0.226298 0.922865 -0.311623 -0.544369 -0.940718 0.290052 0.175841 -0.234919 0.252664 0.253357 0.933794 0.412842 
1535118019545 0.231507 0.923656 -0.305392 -0.565835 -0.940228 0.293029 0.173508 -0.238621 0.24975 0.24697 0.936286 0.403882 
1535118020361 0.231507 0.923656 -0.305392 -0.565835 -0.940228 0.293029 0.173508 -0.238621 0.24975 0.24697 0.936286 0.403882 
1535118020988 0.237071 0.924607 -0.298161 -0.587039 -0.939764 0.296057 0.170864 -0.24253 0.246255 0.239693 0.939098 0.395077 
1535118021872 0.237071 0.924607 -0.298161 -0.587039 -0.939764 0.296057 0.170864 -0.24253 0.246255 0.239693 0.939098 0.395077 
1535118022003 0.244882 0.925998 -0.287335 -0.618965 -0.93898 0.300342 0.167667 -0.248213 0.241558 0.228743 0.943041 0.381825 
1535118022380 0.244882 0.925998 -0.287335 -0.618965 -0.93898 0.300342 0.167667 -0.248213 0.241558 0.228743 0.943041 0.381825 
1535118022749 0.244882 0.925998 -0.287335 -0.618965 -0.93898 0.300342 0.167667 -0.248213 0.241558 0.228743 0.943041 0.381825 
1535118023121 0.24718 0.926599 -0.283401 -0.629761 -0.938737 0.301486 0.166971 -0.24998 0.240157 0.224767 0.944354 0.377493 
1535118023826 0.24828 0.926429 -0.282994 -0.631615 -0.938485 0.302427 0.166683 -0.2506 0.240005 0.224202 0.944527 0.376713 
1535118024300 0.249739 0.926679 -0.280885 -0.638102 -0.938385 0.303175 0.165888 -0.251648 0.238882 0.222149 0.945296 0.373912 
1535118024336 0.249186 0.927117 -0.279929 -0.638309 -0.938503 0.302502 0.166445 -0.251488 0.238993 0.221239 0.945482 0.374133 
1535118024723 0.248342 0.926389 -0.283071 -0.63828 -0.93821 0.302741 0.167658 -0.251954 0.241014 0.223944 0.944331 0.374247 
1535118025292 0.245663 0.925929 -0.28689 -0.638645 -0.937916 0.301811 0.170951 -0.252489 0.244875 0.227083 0.942587 0.374922 
1535118025787 0.244868 0.926069 -0.287117 -0.638797 -0.938042 0.301171 0.171388 -0.252677 0.245189 0.22736 0.942438 0.374912 
1535118026265 0.242142 0.926663 -0.28751 -0.639312 -0.938352 0.299014 0.173456 -0.253234 0.246704 0.227784 0.94194 0.375272 
1535118026936 0.239893 0.927136 -0.287871 -0.639711 -0.938734 0.297119 0.174638 -0.253568 0.247445 0.22834 0.941611 0.375446 
1535118027295 0.239435 0.927255 -0.28787 -0.639792 -0.938782 0.296746 0.175015 -0.253707 0.247708 0.228343 0.941541 0.375502 
1535118027713 0.239257 0.927983 -0.285663 -0.639933 -0.939148 0.295865 0.174541 -0.254089 0.246489 0.226519 0.942302 0.375175 
1535118028034 0.238264 0.92891 -0.283473 -0.640274 -0.939575 0.294346 0.174813 -0.254428 0.245825 0.224692 0.942912 0.374882 
1535118028240 0.238416 0.928991 -0.283078 -0.64035 -0.939527 0.294426 0.174936 -0.25451 0.245859 0.224252 0.943008 0.37482 
1535118029126 0.240291 0.928952 -0.281617 -0.640188 -0.939007 0.295978 0.17511 -0.254552 0.246021 0.222363 0.943413 0.374587 
1535118029956 0.242965 0.928437 -0.281022 -0.639539 -0.938592 0.29817 0.173606 -0.254256 0.244974 0.221585 0.943869 0.374653 
1535118030542 0.246206 0.927861 -0.280101 -0.638686 -0.938055 0.300816 0.171938 -0.253792 0.243794 0.220418 0.944447 0.374796 
1535118031035 0.24679 0.927792 -0.279816 -0.638505 -0.937973 0.301255 0.171613 -0.253588 0.243517 0.220107 0.944591 0.374842 
1535118031078 0.247381 0.92774 -0.279467 -0.63833 -0.937906 0.301676 0.171243 -0.253509 0.243178 0.219751 0.944761 0.374943 
1535118031535 0.247253 0.927687 -0.279756 -0.638004 -0.937882 0.301659 0.171403 -0.253375 0.243399 0.219998 0.944647 0.37515 
1535118031951 0.2475 0.927667 -0.279602 -0.636924 -0.93799 0.30171 0.17072 -0.252921 0.24273 0.220011 0.944816 0.37542 
1535118032501 0.248306 0.927571 -0.279205 -0.635473 -0.938015 0.302192 0.169732 -0.25244 0.241812 0.219753 0.945111 0.37599 
1535118032945 0.248422 0.927486 -0.279384 -0.634752 -0.937879 0.30243 0.170053 -0.252164 0.242216 0.219783 0.945001 0.376261 
1535118033213 0.248422 0.927486 -0.279384 -0.634752 -0.937879 0.30243 0.170053 -0.252164 0.242216 0.219783 0.945001 0.376261 
1535118033476 0.248395 0.927445 -0.279546 -0.633792 -0.937785 0.302526 0.170401 -0.251801 0.242608 0.219828 0.94489 0.376512 
1535118033839 0.248583 0.927374 -0.279614 -0.632846 -0.937573 0.302865 0.170965 -0.251436 0.243234 0.21966 0.944768 0.3769 
1535118034215 0.248809 0.927096 -0.280334 -0.63141 -0.937319 0.303389 0.17143 -0.250965 0.243982 0.220109 0.944471 0.377139 
1535118034246 0.248809 0.927096 -0.280334 -0.63141 -0.937319 0.303389 0.17143 -0.250965 0.243982 0.220109 0.944471 0.377139 
1535118034582 0.24862 0.927131 -0.280385 -0.630747 -0.937133 0.303431 0.172369 -0.250617 0.244886 0.219903 0.944285 0.377441 
1535118035158 0.248171 0.927119 -0.280822 -0.629498 -0.936865 0.30343 0.173822 -0.250122 0.246363 0.219955 0.943888 0.377825 
1535118035805 0.247766 0.927025 -0.281489 -0.627831 -0.936334 0.303736 0.176133 -0.249446 0.248778 0.219928 0.943261 0.378363 
1535118036132 0.248003 0.926882 -0.281753 -0.627612 -0.936142 0.304127 0.176479 -0.249454 0.249264 0.219993 0.943117 0.378385 
1535118036414 0.24765 0.927094 -0.281366 -0.627434 -0.936284 0.303674 0.176508 -0.249216 0.249083 0.219726 0.943228 0.378576 
1535118036788 0.247856 0.927061 -0.281292 -0.626086 -0.935917 0.30413 0.177662 -0.248755 0.250253 0.219231 0.943033 0.378771 
1535118037231 0.248149 0.927011 -0.2812 -0.625076 -0.93557 0.304627 0.178634 -0.248423 0.251257 0.218754 0.942877 0.379101 
1535118037503 0.248033 0.926895 -0.281683 -0.624788 -0.935614 0.304599 0.178455 -0.248208 0.251209 0.219284 0.942766 0.379173 
1535118038277 0.248278 0.926146 -0.283923 -0.623316 -0.935733 0.3051 0.176967 -0.247626 0.250522 0.221739 0.942375 0.379624 
1535118038892 0.248141 0.926062 -0.284316 -0.623082 -0.935811 0.305008 0.176716 -0.247471 0.250369 0.222215 0.942303 0.379778 
1535118038921 0.248141 0.926062 -0.284316 -0.623082 -0.935811 0.305008 0.176716 -0.247471 0.250369 0.222215 0.942303 0.379778 
1535118039257 0.24832 0.925932 -0.284583 -0.622884 -0.935801 0.305196 0.176443 -0.247469 0.250228 0.222499 0.942274 0.379768 
1535118039837 0.249237 0.925528 -0.285095 -0.621688 -0.935541 0.306183 0.176113 -0.246877 0.250288 0.222824 0.942181 0.380081 
1535118040404 0.249483 0.925613 -0.284603 -0.620626 -0.935091 0.306664 0.177659 -0.246408 0.251721 0.221807 0.942039 0.380453 
1535118040877 0.249327 0.925686 -0.284501 -0.620325 -0.934998 0.306613 0.178231 -0.246178 0.252218 0.22157 0.941962 0.380534 
1535118040905 0.249489 0.925576 -0.284718 -0.620104 -0.934814 0.306933 0.178649 -0.246099 0.252742 0.221587 0.941818 0.380517 
1535118041130 0.249603 0.925638 -0.284416 -0.620056 -0.934967 0.306823 0.178036 -0.246131 0.252062 0.221482 0.942025 0.380652 
1535118041465 0.250011 0.925498 -0.284515 -0.619608 -0.934993 0.307112 0.177401 -0.245937 0.251562 0.221667 0.942115 0.380718 
1535118041759 0.250185 0.925488 -0.284392 -0.61921 -0.935067 0.307148 0.176948 -0.245622 0.251113 0.221656 0.942237 0.380875 
1535118042120 0.25107 0.925229 -0.284456 -0.618461 -0.935082 0.307781 0.175762 -0.245563 0.25017 0.221861 0.94244 0.381011 
1535118042150 0.25107 0.925229 -0.284456 -0.618461 -0.935082 0.307781 0.175762 -0.245563 0.25017 0.221861 0.94244 0.381011 
1535118042392 0.251051 0.925421 -0.283848 -0.617958 -0.935135 0.307605 0.175788 -0.245275 0.249991 0.221304 0.942618 0.381273 
1535118042704 0.251488 0.925244 -0.284038 -0.617706 -0.934989 0.308083 0.175728 -0.245265 0.250099 0.221379 0.942572 0.381156 
1535118042996 0.251851 0.925443 -0.283065 -0.616477 -0.934877 0.308257 0.176017 -0.244639 0.250151 0.220301 0.942811 0.381541 
1535118043023 0.25189 0.92545 -0.283009 -0.616339 -0.934892 0.308261 0.175932 -0.244572 0.250057 0.220268 0.942843 0.381513 
1535118043295 0.251842 0.925547 -0.282734 -0.616024 -0.934809 0.308248 0.176398 -0.244396 0.250417 0.219878 0.942839 0.381617 
1535118043653 0.251957 0.925801 -0.281799 -0.614934 -0.934552 0.308376 0.177531 -0.243918 0.251258 0.218625 0.942906 0.381978 
1535118043926 0.252135 0.925924 -0.281233 -0.614212 -0.934347 0.308573 0.178267 -0.243558 0.251843 0.217822 0.942936 0.382052 
1535118044117 0.252454 0.925932 -0.280921 -0.613434 -0.934082 0.308971 0.178961 -0.243389 0.252502 0.217224 0.942898 0.382119 
1535118044144 0.252454 0.925932 -0.280921 -0.613434 -0.934082 0.308971 0.178961 -0.243389 0.252502 0.217224 0.942898 0.382119 
1535118044333 0.252797 0.925809 -0.281019 -0.613175 -0.933889 0.309404 0.179222 -0.243393 0.252874 0.217134 0.942819 0.382115 
1535118044624 0.252697 0.925895 -0.280826 -0.612488 -0.933764 0.309402 0.179876 -0.243058 0.253435 0.216771 0.942752 0.382483 
1535118044734 0.252697 0.925895 -0.280826 -0.612488 -0.933764 0.309402 0.179876 -0.243058 0.253435 0.216771 0.942752 0.382483 
1535118044928 0.252645 0.925803 -0.281177 -0.611743 -0.933539 0.309624 0.180658 -0.242694 0.254313 0.216847 0.942498 0.382664 
1535118045153 0.252638 0.925786 -0.281238 -0.610277 -0.933177 0.309939 0.181984 -0.241963 0.255645 0.216468 0.942225 0.383083 
1535118045180 0.252638 0.925786 -0.281238 -0.610277 -0.933177 0.309939 0.181984 -0.241963 0.255645 0.216468 0.942225 0.383083 
1535118045194 0.252694 0.925725 -0.281387 -0.610161 -0.933094 0.310079 0.182171 -0.241959 0.255893 0.216527 0.942144 0.383087 
1535118045437 0.252623 0.925697 -0.281542 -0.609953 -0.933167 0.309997 0.181939 -0.241822 0.255697 0.216763 0.942143 0.383135 
1535118045720 0.252623 0.925697 -0.281542 -0.609953 -0.933167 0.309997 0.181939 -0.241822 0.255697 0.216763 0.942143 0.383135 
1535118045757 0.252663 0.925836 -0.281051 -0.609082 -0.933265 0.309846 0.18169 -0.241342 0.255298 0.216389 0.942337 0.383538 
1535118045921 0.252663 0.925836 -0.281051 -0.609082 -0.933265 0.309846 0.18169 -0.241342 0.255298 0.216389 0.942337 0.383538 
1535118046089 0.252738 0.925803 -0.281092 -0.607892 -0.933436 0.309763 0.180954 -0.240908 0.254599 0.216648 0.942466 0.383793 
1535118046295 0.25294 0.925726 -0.281162 -0.607655 -0.933463 0.309899 0.180578 -0.240853 0.254298 0.216779 0.942518 0.383817 
1535118046644 0.253516 0.926339 -0.278614 -0.606771 -0.93389 0.309458 0.179122 -0.240142 0.252147 0.214785 0.943551 0.383955 
1535118047002 0.253794 0.926407 -0.278133 -0.606565 -0.933971 0.309496 0.178633 -0.240107 0.251568 0.214432 0.943786 0.384021 
1535118047031 0.253965 0.926497 -0.277677 -0.606328 -0.934138 0.30939 0.177942 -0.239958 0.250773 0.214198 0.944051 0.383997 
1535118047336 0.25404 0.926773 -0.276685 -0.606203 -0.93392 0.309439 0.179 -0.239836 0.25151 0.212929 0.944142 0.384015 
1535118047858 0.254507 0.927202 -0.274813 -0.605647 -0.933643 0.309649 0.180079 -0.239559 0.252065 0.210746 0.944484 0.383848 
1535118048094 0.254836 0.927387 -0.273882 -0.605369 -0.93351 0.309818 0.180478 -0.239416 0.252227 0.209679 0.944678 0.383709 
1535118048468 0.255029 0.927557 -0.273127 -0.605587 -0.933709 0.309646 0.17974 -0.239485 0.251292 0.209182 0.945037 0.38369 
1535118048778 0.255768 0.927823 -0.271527 -0.605619 -0.933772 0.309823 0.179108 -0.239451 0.250306 0.207734 0.945618 0.383521 
1535118049140 0.256948 0.928453 -0.268238 -0.605537 -0.933946 0.309908 0.178051 -0.239346 0.248441 0.20477 0.946756 0.383148 
1535118049194 0.256948 0.928453 -0.268238 -0.605537 -0.933946 0.309908 0.178051 -0.239346 0.248441 0.20477 0.946756 0.383148 
1535118049376 0.257318 0.928617 -0.267318 -0.605561 -0.933984 0.309971 0.177742 -0.239246 0.247915 0.203934 0.947074 0.38302 
1535118049572 0.257318 0.928617 -0.267318 -0.605561 -0.933984 0.309971 0.177742 -0.239246 0.247915 0.203934 0.947074 0.38302 
1535118049609 0.257318 0.928617 -0.267318 -0.605561 -0.933984 0.309971 0.177742 -0.239246 0.247915 0.203934 0.947074 0.38302 
1535118049737 0.257318 0.928617 -0.267318 -0.605561 -0.933984 0.309971 0.177742 -0.239246 0.247915 0.203934 0.947074 0.38302 
1535118049793 0.257318 0.928617 -0.267318 -0.605561 -0.933984 0.309971 0.177742 -0.239246 0.247915 0.203934 0.947074 0.38302 
1535118049970 0.257318 0.928617 -0.267318 -0.605561 -0.933984 0.309971 0.177742 -0.239246 0.247915 0.203934 0.947074 0.38302 
1535118050014 0.257318 0.928617 -0.267318 -0.605561 -0.933984 0.309971 0.177742 -0.239246 0.247915 0.203934 0.947074 0.38302 
