1535161872135 0.245654 0.920487 -0.303903 -0.539041 -0.936744 0.30606 0.16982 -0.20159 0.24933 0.242962 0.937445 0.427493 
1535161883389 0.245652 0.920488 -0.303903 -0.539041 -0.936744 0.306058 0.169821 -0.201589 0.24933 0.242963 0.937445 0.427491 
1535161884218 0.245652 0.920488 -0.303903 -0.539041 -0.936744 0.306058 0.169821 -0.201589 0.24933 0.242963 0.937445 0.427491 
1535161884803 0.247642 0.921339 -0.299678 -0.557981 -0.936547 0.306853 0.169473 -0.209992 0.2481 0.238694 0.938867 0.417596 
1535161885836 0.248606 0.922443 -0.295457 -0.57725 -0.936692 0.306612 0.169108 -0.218307 0.246583 0.234711 0.94027 0.407078 
1535161886693 0.248606 0.922443 -0.295457 -0.57725 -0.936692 0.306612 0.169108 -0.218307 0.246583 0.234711 0.94027 0.407078 
1535161887304 0.2504 0.924083 -0.288739 -0.606064 -0.936818 0.306522 0.168571 -0.230832 0.244279 0.228286 0.942451 0.391355 
1535161887835 0.250868 0.925319 -0.284341 -0.625425 -0.937075 0.305813 0.168432 -0.239008 0.242808 0.224195 0.943812 0.380546 
1535161888151 0.250868 0.925319 -0.284341 -0.625425 -0.937075 0.305813 0.168432 -0.239008 0.242808 0.224195 0.943812 0.380546 
1535161888376 0.251763 0.92515 -0.2841 -0.627024 -0.936798 0.306657 0.168434 -0.239939 0.242949 0.223739 0.943884 0.379803 
1535161888744 0.251803 0.925359 -0.283383 -0.629952 -0.936879 0.30648 0.168308 -0.241256 0.242597 0.223115 0.944122 0.378259 
1535161889055 0.251781 0.925488 -0.282982 -0.631922 -0.936943 0.306333 0.168219 -0.242044 0.242372 0.222784 0.944258 0.376949 
1535161889273 0.251781 0.925488 -0.282982 -0.631922 -0.936943 0.306333 0.168219 -0.242044 0.242372 0.222784 0.944258 0.376949 
1535161889430 0.251468 0.925759 -0.282373 -0.63397 -0.937054 0.305899 0.16839 -0.24281 0.242267 0.222254 0.94441 0.375804 
1535161889635 0.251068 0.925429 -0.283806 -0.634037 -0.936876 0.30604 0.169125 -0.243167 0.243369 0.223429 0.943849 0.37597 
1535161890056 0.248125 0.925038 -0.287643 -0.634464 -0.936855 0.304679 0.171679 -0.243591 0.246448 0.226882 0.942225 0.376176 
1535161890462 0.247509 0.924947 -0.288464 -0.634525 -0.936851 0.304398 0.1722 -0.243754 0.247084 0.227627 0.941879 0.376192 
1535161890493 0.247509 0.924947 -0.288464 -0.634525 -0.936851 0.304398 0.1722 -0.243754 0.247084 0.227627 0.941879 0.376192 
1535161890513 0.247509 0.924947 -0.288464 -0.634525 -0.936851 0.304398 0.1722 -0.243754 0.247084 0.227627 0.941879 0.376192 
1535161890737 0.247199 0.924712 -0.289483 -0.634624 -0.936721 0.304488 0.172746 -0.244038 0.247884 0.228462 0.941466 0.37631 
1535161890942 0.245821 0.925447 -0.288305 -0.634645 -0.93726 0.302791 0.172801 -0.244019 0.247214 0.227739 0.941817 0.376335 
1535161891159 0.244813 0.925734 -0.288243 -0.634754 -0.937395 0.301938 0.173561 -0.244247 0.247702 0.227708 0.941697 0.376442 
1535161891374 0.243223 0.926186 -0.288135 -0.634902 -0.937672 0.300529 0.17451 -0.244583 0.248222 0.227731 0.941554 0.376655 
1535161891395 0.243223 0.926186 -0.288135 -0.634902 -0.937672 0.300529 0.17451 -0.244583 0.248222 0.227731 0.941554 0.376655 
1535161891411 0.242646 0.926321 -0.288187 -0.634957 -0.937787 0.300021 0.174768 -0.244696 0.248353 0.227851 0.941491 0.376621 
1535161891766 0.241569 0.926918 -0.287172 -0.635044 -0.938703 0.298216 0.172927 -0.245033 0.245929 0.227795 0.94214 0.376661 
1535161891799 0.241415 0.92701 -0.287005 -0.635063 -0.93879 0.297994 0.172836 -0.245061 0.245746 0.227712 0.942208 0.376695 
1535161891852 0.241415 0.92701 -0.287005 -0.635063 -0.93879 0.297994 0.172836 -0.245061 0.245746 0.227712 0.942208 0.376695 
1535161891916 0.241415 0.92701 -0.287005 -0.635063 -0.93879 0.297994 0.172836 -0.245061 0.245746 0.227712 0.942208 0.376695 
1535161891966 0.241572 0.927023 -0.28683 -0.635081 -0.938857 0.298011 0.172445 -0.245123 0.245339 0.227634 0.942333 0.376641 
1535161892103 0.241572 0.927023 -0.28683 -0.635081 -0.938857 0.298011 0.172445 -0.245123 0.245339 0.227634 0.942333 0.376641 
1535161892131 0.242776 0.926857 -0.28635 -0.634966 -0.938841 0.298797 0.171168 -0.245 0.244209 0.227282 0.942712 0.376483 
1535161892182 0.243506 0.926762 -0.286036 -0.63493 -0.938848 0.299252 0.17033 -0.245052 0.243453 0.227068 0.942959 0.376419 
1535161892198 0.24378 0.926747 -0.285851 -0.634905 -0.938889 0.299375 0.169889 -0.24508 0.243021 0.226966 0.943094 0.376375 
1535161892348 0.24378 0.926747 -0.285851 -0.634905 -0.938889 0.299375 0.169889 -0.24508 0.243021 0.226966 0.943094 0.376375 
1535161892368 0.24378 0.926747 -0.285851 -0.634905 -0.938889 0.299375 0.169889 -0.24508 0.243021 0.226966 0.943094 0.376375 
1535161892405 0.244633 0.926691 -0.285305 -0.634632 -0.938752 0.300009 0.169525 -0.244782 0.242691 0.22636 0.943325 0.376464 
1535161892511 0.244633 0.926691 -0.285305 -0.634632 -0.938752 0.300009 0.169525 -0.244782 0.242691 0.22636 0.943325 0.376464 
1535161892540 0.244633 0.926691 -0.285305 -0.634632 -0.938752 0.300009 0.169525 -0.244782 0.242691 0.22636 0.943325 0.376464 
1535161892751 0.246989 0.926194 -0.284888 -0.633929 -0.938089 0.302225 0.169263 -0.244443 0.242871 0.225444 0.943498 0.376751 
1535161892892 0.246989 0.926194 -0.284888 -0.633929 -0.938089 0.302225 0.169263 -0.244443 0.242871 0.225444 0.943498 0.376751 
1535161893058 0.247856 0.926171 -0.284208 -0.633558 -0.938002 0.302797 0.168721 -0.244181 0.242322 0.224769 0.9438 0.376879 
1535161893344 0.247427 0.925989 -0.285173 -0.632705 -0.93818 0.302502 0.168256 -0.243989 0.242069 0.225913 0.943592 0.377169 
1535161893585 0.247297 0.925796 -0.285914 -0.632034 -0.938277 0.302454 0.167803 -0.243751 0.241827 0.226769 0.943449 0.377397 
1535161893827 0.247206 0.925679 -0.286368 -0.631006 -0.938466 0.302294 0.167033 -0.243319 0.241186 0.227455 0.943448 0.377764 
1535161893851 0.247206 0.925679 -0.286368 -0.631006 -0.938466 0.302294 0.167033 -0.243319 0.241186 0.227455 0.943448 0.377764 
1535161893982 0.247659 0.925505 -0.28654 -0.630795 -0.938344 0.30276 0.166876 -0.243339 0.241198 0.227545 0.943423 0.377971 
1535161894066 0.247659 0.925505 -0.28654 -0.630795 -0.938344 0.30276 0.166876 -0.243339 0.241198 0.227545 0.943423 0.377971 
1535161894126 0.247659 0.925505 -0.28654 -0.630795 -0.938344 0.30276 0.166876 -0.243339 0.241198 0.227545 0.943423 0.377971 
1535161894168 0.247659 0.925505 -0.28654 -0.630795 -0.938344 0.30276 0.166876 -0.243339 0.241198 0.227545 0.943423 0.377971 
1535161894273 0.247178 0.925751 -0.286162 -0.630453 -0.938373 0.302325 0.167499 -0.242974 0.241576 0.227125 0.943427 0.377838 
1535161894358 0.247178 0.925751 -0.286162 -0.630453 -0.938373 0.302325 0.167499 -0.242974 0.241576 0.227125 0.943427 0.377838 
1535161894595 0.247875 0.925765 -0.285513 -0.627938 -0.937564 0.303455 0.16997 -0.242088 0.243992 0.225555 0.943182 0.378497 
1535161894613 0.247875 0.925765 -0.285513 -0.627938 -0.937564 0.303455 0.16997 -0.242088 0.243992 0.225555 0.943182 0.378497 
1535161894772 0.248478 0.92565 -0.285361 -0.627454 -0.937135 0.304249 0.17091 -0.242033 0.245024 0.224954 0.943058 0.37868 
1535161894956 0.24851 0.925698 -0.285176 -0.626982 -0.937165 0.304211 0.170815 -0.241844 0.244876 0.224808 0.943132 0.378816 
1535161895140 0.24851 0.925698 -0.285176 -0.626982 -0.937165 0.304211 0.170815 -0.241844 0.244876 0.224808 0.943132 0.378816 
1535161895322 0.248332 0.925871 -0.284771 -0.626347 -0.937469 0.30373 0.170001 -0.241327 0.243892 0.224748 0.943401 0.378881 
1535161895437 0.248488 0.925958 -0.28435 -0.625209 -0.937396 0.303831 0.170221 -0.240882 0.244012 0.22425 0.943488 0.379135 
1535161895696 0.249194 0.925827 -0.284161 -0.624649 -0.937166 0.304509 0.170278 -0.240912 0.244178 0.223874 0.943535 0.379299 
1535161895909 0.248973 0.925749 -0.284606 -0.624314 -0.93706 0.304531 0.17082 -0.240739 0.244808 0.224164 0.943303 0.379433 
1535161896076 0.248746 0.92547 -0.285712 -0.623676 -0.936719 0.304885 0.172052 -0.240513 0.246338 0.224835 0.942744 0.379653 
1535161896248 0.248746 0.92547 -0.285712 -0.623676 -0.936719 0.304885 0.172052 -0.240513 0.246338 0.224835 0.942744 0.379653 
1535161896415 0.248717 0.925255 -0.286431 -0.622961 -0.936374 0.305314 0.173168 -0.240359 0.247676 0.225136 0.942322 0.379952 
1535161896634 0.248399 0.924931 -0.287752 -0.621829 -0.935834 0.305825 0.175172 -0.240016 0.250024 0.225775 0.941549 0.38047 
1535161896960 0.248392 0.92473 -0.288402 -0.62096 -0.935557 0.306192 0.176007 -0.239566 0.251065 0.226098 0.941194 0.380719 
1535161897275 0.248349 0.924567 -0.288962 -0.620301 -0.935273 0.306524 0.176936 -0.239365 0.252163 0.226317 0.940848 0.380883 
1535161897582 0.248816 0.924226 -0.28965 -0.619277 -0.934688 0.307513 0.178308 -0.239144 0.253868 0.226367 0.940377 0.38127 
1535161897605 0.248512 0.924282 -0.289733 -0.619092 -0.934711 0.307292 0.17857 -0.23897 0.254082 0.22644 0.940302 0.381364 
1535161897787 0.248846 0.924172 -0.289796 -0.619009 -0.934599 0.307643 0.178553 -0.23902 0.254167 0.226411 0.940286 0.381359 
1535161897985 0.24871 0.924143 -0.290005 -0.618816 -0.934672 0.307521 0.178379 -0.238836 0.25403 0.226695 0.940254 0.38135 
1535161898262 0.248455 0.924073 -0.290447 -0.61814 -0.934656 0.307439 0.178607 -0.238383 0.25434 0.227092 0.940075 0.381567 
1535161898399 0.248908 0.923844 -0.290786 -0.617367 -0.934481 0.307983 0.17858 -0.238253 0.254538 0.227284 0.939975 0.381825 
1535161898423 0.248908 0.923844 -0.290786 -0.617367 -0.934481 0.307983 0.17858 -0.238253 0.254538 0.227284 0.939975 0.381825 
1535161898440 0.24909 0.923709 -0.291059 -0.617186 -0.934414 0.308226 0.178512 -0.238157 0.254605 0.227505 0.939903 0.381857 
1535161898611 0.249117 0.923695 -0.291083 -0.617188 -0.934405 0.308258 0.178508 -0.238174 0.254616 0.22752 0.939897 0.381864 
1535161898640 0.249117 0.923695 -0.291083 -0.617188 -0.934405 0.308258 0.178508 -0.238174 0.254616 0.22752 0.939897 0.381864 
1535161898783 0.249098 0.923835 -0.290652 -0.616936 -0.934674 0.307921 0.177679 -0.237786 0.253644 0.227405 0.940187 0.382011 
1535161898926 0.249638 0.923742 -0.290485 -0.616283 -0.934954 0.308021 0.176023 -0.237384 0.252075 0.227648 0.94055 0.382145 
1535161898975 0.249638 0.923742 -0.290485 -0.616283 -0.934954 0.308021 0.176023 -0.237384 0.252075 0.227648 0.94055 0.382145 
1535161899119 0.25022 0.923632 -0.290335 -0.615634 -0.935151 0.308227 0.17461 -0.236855 0.250765 0.227817 0.940859 0.382306 
1535161899136 0.250294 0.923615 -0.290325 -0.615555 -0.935166 0.308265 0.174464 -0.236774 0.250635 0.227835 0.94089 0.382317 
1535161899163 0.250294 0.923615 -0.290325 -0.615555 -0.935166 0.308265 0.174464 -0.236774 0.250635 0.227835 0.94089 0.382317 
1535161899329 0.250355 0.923577 -0.290394 -0.615391 -0.935215 0.308275 0.17418 -0.236716 0.25039 0.227974 0.940921 0.382377 
1535161899418 0.250355 0.923577 -0.290394 -0.615391 -0.935215 0.308275 0.17418 -0.236716 0.25039 0.227974 0.940921 0.382377 
1535161899492 0.250355 0.923577 -0.290394 -0.615391 -0.935215 0.308275 0.17418 -0.236716 0.25039 0.227974 0.940921 0.382377 
1535161899536 0.250355 0.923577 -0.290394 -0.615391 -0.935215 0.308275 0.17418 -0.236716 0.25039 0.227974 0.940921 0.382377 
1535161899601 0.250171 0.923485 -0.290844 -0.614351 -0.935048 0.308382 0.174885 -0.236382 0.251195 0.228202 0.940651 0.382651 
1535161899817 0.250317 0.923328 -0.291215 -0.613486 -0.934839 0.308746 0.175362 -0.236111 0.251828 0.228343 0.940448 0.383002 
1535161899833 0.250401 0.923292 -0.291258 -0.613419 -0.934808 0.308842 0.175357 -0.236133 0.251858 0.228361 0.940435 0.383014 
1535161899853 0.250401 0.923292 -0.291258 -0.613419 -0.934808 0.308842 0.175357 -0.236133 0.251858 0.228361 0.940435 0.383014 
1535161900008 0.250401 0.923292 -0.291258 -0.613419 -0.934808 0.308842 0.175357 -0.236133 0.251858 0.228361 0.940435 0.383014 
1535161900107 0.250452 0.923329 -0.291095 -0.612962 -0.934824 0.308833 0.17529 -0.235767 0.25175 0.228221 0.940498 0.383069 
1535161900223 0.250452 0.923329 -0.291095 -0.612962 -0.934824 0.308833 0.17529 -0.235767 0.25175 0.228221 0.940498 0.383069 
1535161900256 0.250452 0.923329 -0.291095 -0.612962 -0.934824 0.308833 0.17529 -0.235767 0.25175 0.228221 0.940498 0.383069 
1535161900357 0.25093 0.923356 -0.290598 -0.611714 -0.934769 0.309128 0.175063 -0.235284 0.251478 0.227713 0.940694 0.383381 
1535161900521 0.25093 0.923356 -0.290598 -0.611714 -0.934769 0.309128 0.175063 -0.235284 0.251478 0.227713 0.940694 0.383381 
1535161900668 0.251655 0.923263 -0.290269 -0.611041 -0.934565 0.309764 0.17503 -0.235118 0.251514 0.227228 0.940802 0.383662 
1535161900816 0.251672 0.923175 -0.290532 -0.610378 -0.934443 0.309935 0.175373 -0.234794 0.251946 0.22735 0.940657 0.383789 
1535161900975 0.251672 0.923175 -0.290532 -0.610378 -0.934443 0.309935 0.175373 -0.234794 0.251946 0.22735 0.940657 0.383789 
1535161901025 0.251818 0.922936 -0.291163 -0.60981 -0.934175 0.310401 0.175977 -0.234519 0.252793 0.227683 0.940349 0.383852 
1535161901288 0.252286 0.922731 -0.291409 -0.608984 -0.933861 0.311063 0.176477 -0.234357 0.253487 0.227612 0.940179 0.384146 
1535161901457 0.252377 0.922645 -0.291602 -0.60863 -0.933711 0.311298 0.176854 -0.234154 0.253949 0.227638 0.940048 0.384282 
1535161901532 0.252377 0.922645 -0.291602 -0.60863 -0.933711 0.311298 0.176854 -0.234154 0.253949 0.227638 0.940048 0.384282 
1535161901612 0.252377 0.922645 -0.291602 -0.60863 -0.933711 0.311298 0.176854 -0.234154 0.253949 0.227638 0.940048 0.384282 
1535161901643 0.252371 0.922564 -0.291865 -0.607866 -0.933471 0.311559 0.177657 -0.233805 0.254833 0.227612 0.939815 0.38454 
1535161901766 0.252371 0.922564 -0.291865 -0.607866 -0.933471 0.311559 0.177657 -0.233805 0.254833 0.227612 0.939815 0.38454 
1535161902081 0.253154 0.922024 -0.292892 -0.605631 -0.932493 0.313184 0.179926 -0.233104 0.257625 0.227571 0.939064 0.385218 
1535161902336 0.252626 0.922428 -0.292073 -0.605379 -0.932806 0.312372 0.179713 -0.232779 0.257008 0.227048 0.93936 0.385116 
1535161902507 0.252996 0.922661 -0.291016 -0.604779 -0.932853 0.312387 0.17944 -0.232654 0.256472 0.226078 0.93974 0.385251 
1535161902707 0.253315 0.923179 -0.289089 -0.603614 -0.932897 0.312203 0.179535 -0.232308 0.255997 0.224212 0.940316 0.385535 
1535161902727 0.253315 0.923179 -0.289089 -0.603614 -0.932897 0.312203 0.179535 -0.232308 0.255997 0.224212 0.940316 0.385535 
1535161902933 0.25387 0.923461 -0.287698 -0.603205 -0.932946 0.312285 0.179133 -0.232052 0.255267 0.22293 0.940819 0.385581 
1535161903263 0.25483 0.924136 -0.284663 -0.602304 -0.933316 0.312064 0.177588 -0.231445 0.252949 0.220426 0.942035 0.385548 
1535161903469 0.255528 0.924378 -0.28325 -0.602046 -0.933389 0.312229 0.176914 -0.231313 0.251974 0.219176 0.942587 0.385479 
1535161903740 0.255984 0.924621 -0.282043 -0.601988 -0.933444 0.312277 0.176539 -0.231151 0.251307 0.21808 0.94302 0.385383 
1535161903962 0.257891 0.925571 -0.277146 -0.60135 -0.933771 0.312433 0.174522 -0.230663 0.248122 0.213783 0.944845 0.385161 
1535161904241 0.259106 0.926008 -0.274542 -0.601004 -0.933796 0.312794 0.173736 -0.230379 0.246756 0.21135 0.94575 0.385072 
1535161904265 0.259238 0.926274 -0.273518 -0.600877 -0.934003 0.312521 0.173117 -0.230216 0.245834 0.210588 0.94616 0.384974 
1535161904461 0.259244 0.92629 -0.273458 -0.600871 -0.93401 0.312508 0.173104 -0.230196 0.245802 0.210536 0.94618 0.384988 
1535161904965 0.26212 0.927511 -0.266489 -0.600787 -0.93426 0.313076 0.170712 -0.229852 0.241769 0.204223 0.9486 0.384503 
1535161905320 0.26212 0.927511 -0.266489 -0.600787 -0.93426 0.313076 0.170712 -0.229852 0.241769 0.204223 0.9486 0.384503 
1535161913544 0.26212 0.927511 -0.266489 -0.600787 -0.93426 0.313076 0.170712 -0.229852 0.241769 0.204223 0.9486 0.384503 
1535161913817 0.262606 0.92767 -0.265454 -0.600777 -0.934289 0.313212 0.170303 -0.229748 0.241128 0.203288 0.948963 0.38437 
1535161914185 0.255165 0.926553 -0.276389 -0.600993 -0.934778 0.309461 0.174426 -0.230359 0.247146 0.213855 0.945084 0.385662 
1535161914727 0.243594 0.924583 -0.292929 -0.601205 -0.935438 0.303743 0.180823 -0.231495 0.256161 0.229969 0.93888 0.387721 
1535161915097 0.232093 0.922227 -0.30924 -0.601344 -0.935972 0.298275 0.187054 -0.232803 0.264745 0.246026 0.932406 0.389758 
1535161915234 0.228078 0.921415 -0.314601 -0.601397 -0.936096 0.296386 0.189418 -0.233067 0.267776 0.251295 0.930133 0.390515 
1535161915251 0.227692 0.921409 -0.314898 -0.601392 -0.936138 0.296132 0.189608 -0.233098 0.267958 0.251616 0.929994 0.390601 
1535161915381 0.227406 0.921386 -0.315174 -0.601385 -0.936175 0.29595 0.189712 -0.233138 0.268074 0.251916 0.929879 0.390655 
1535161915395 0.227406 0.921386 -0.315174 -0.601385 -0.936175 0.29595 0.189712 -0.233138 0.268074 0.251916 0.929879 0.390655 
1535161915411 0.227406 0.921386 -0.315174 -0.601385 -0.936175 0.29595 0.189712 -0.233138 0.268074 0.251916 0.929879 0.390655 
1535161915461 0.226747 0.921189 -0.316223 -0.601377 -0.936194 0.295677 0.190041 -0.233182 0.268563 0.252955 0.929455 0.390658 
1535161915513 0.226747 0.921189 -0.316223 -0.601377 -0.936194 0.295677 0.190041 -0.233182 0.268563 0.252955 0.929455 0.390658 
1535161915731 0.224664 0.920622 -0.319346 -0.601393 -0.936259 0.294776 0.19112 -0.233493 0.270085 0.256053 0.928165 0.391105 
1535161915948 0.225069 0.920819 -0.31849 -0.601468 -0.936289 0.294858 0.190842 -0.233458 0.26964 0.255246 0.928517 0.391009 
1535161916159 0.226101 0.921359 -0.316189 -0.601489 -0.93657 0.294854 0.189466 -0.23339 0.267796 0.253295 0.929584 0.39082 
1535161916416 0.227295 0.922247 -0.312726 -0.601761 -0.937154 0.294446 0.187198 -0.233193 0.264724 0.250523 0.931214 0.390491 
1535161916628 0.228156 0.922813 -0.31042 -0.601888 -0.93758 0.294192 0.185457 -0.233179 0.262465 0.248731 0.932333 0.390273 
1535161916694 0.228326 0.923237 -0.309033 -0.602046 -0.937883 0.293748 0.184629 -0.232928 0.261234 0.247681 0.932958 0.390027 
1535161916967 0.229632 0.923589 -0.307006 -0.602137 -0.93815 0.294024 0.182824 -0.232945 0.259121 0.246035 0.933982 0.389817 
1535161917481 0.230679 0.923943 -0.30515 -0.602323 -0.938397 0.29417 0.181314 -0.232814 0.25729 0.244527 0.934884 0.389742 
1535161917501 0.230679 0.923943 -0.30515 -0.602323 -0.938397 0.29417 0.181314 -0.232814 0.25729 0.244527 0.934884 0.389742 
1535161917689 0.230871 0.923947 -0.304994 -0.602354 -0.93841 0.294264 0.181095 -0.232835 0.257071 0.2444 0.934978 0.389727 
1535161918207 0.230893 0.924033 -0.304716 -0.602315 -0.938459 0.294179 0.180979 -0.232819 0.256872 0.244176 0.935091 0.389697 
1535161918404 0.231066 0.924033 -0.304585 -0.60238 -0.938518 0.29422 0.180604 -0.2328 0.256499 0.244127 0.935206 0.389709 
1535161918868 0.230981 0.924028 -0.304662 -0.602275 -0.938388 0.294299 0.181153 -0.232939 0.257052 0.244048 0.935075 0.389805 
1535161918892 0.230185 0.924068 -0.305144 -0.602337 -0.938196 0.294007 0.182614 -0.232951 0.258462 0.24425 0.934633 0.38969 
1535161919167 0.230954 0.924342 -0.30373 -0.6023 -0.938449 0.294039 0.181261 -0.233005 0.256855 0.243172 0.935357 0.389731 
1535161919430 0.231185 0.924408 -0.303352 -0.602315 -0.938533 0.29405 0.180806 -0.232931 0.256339 0.242907 0.935568 0.389751 
1535161920152 0.231376 0.924416 -0.303182 -0.602299 -0.938603 0.294087 0.180381 -0.232968 0.255909 0.242832 0.935705 0.389713 
1535161920172 0.231376 0.924416 -0.303182 -0.602299 -0.938603 0.294087 0.180381 -0.232968 0.255909 0.242832 0.935705 0.389713 
1535161920318 0.231733 0.92447 -0.302747 -0.602349 -0.938699 0.294165 0.179751 -0.232926 0.255232 0.242535 0.935967 0.389723 
1535161920640 0.231312 0.924454 -0.303118 -0.602294 -0.938575 0.294055 0.180579 -0.232976 0.256071 0.242729 0.935687 0.389717 
1535161920663 0.231252 0.924575 -0.302794 -0.602393 -0.938705 0.293826 0.180276 -0.232881 0.255647 0.242545 0.935851 0.389511 
1535161920964 0.230875 0.924564 -0.303114 -0.602383 -0.938617 0.293702 0.180933 -0.232862 0.25631 0.242736 0.93562 0.38968 
1535161921222 0.231109 0.924669 -0.302614 -0.602413 -0.938743 0.293652 0.180359 -0.232754 0.255636 0.242394 0.935893 0.38961 
1535161921518 0.231772 0.924768 -0.301805 -0.602474 -0.938817 0.293898 0.179572 -0.232669 0.254762 0.24172 0.936306 0.389532 
1535161921836 0.231902 0.924693 -0.301934 -0.602524 -0.938847 0.293987 0.17927 -0.232631 0.254535 0.241897 0.936321 0.389548 
1535161922178 0.231917 0.924402 -0.302814 -0.602477 -0.938538 0.294463 0.180107 -0.232622 0.255659 0.242432 0.935877 0.389662 
1535161922511 0.232116 0.924419 -0.302607 -0.602462 -0.938501 0.294599 0.180076 -0.232684 0.255614 0.242199 0.935949 0.38976 
1535161922872 0.232163 0.924479 -0.302388 -0.602472 -0.93862 0.294477 0.179653 -0.232639 0.255132 0.242119 0.936102 0.389694 
1535161923199 0.232199 0.92437 -0.302695 -0.602425 -0.938522 0.294656 0.179876 -0.232693 0.255462 0.242319 0.93596 0.389779 
1535161923520 0.232328 0.924081 -0.303477 -0.602371 -0.938289 0.295121 0.180327 -0.232749 0.256199 0.242854 0.935619 0.389776 
1535161923816 0.232215 0.924003 -0.303799 -0.602388 -0.938089 0.295292 0.181083 -0.232748 0.257031 0.242941 0.935369 0.389787 
1535161924112 0.232349 0.924002 -0.303702 -0.602347 -0.938153 0.295309 0.180727 -0.23273 0.256678 0.242927 0.935469 0.389867 
1535161924543 0.232372 0.924095 -0.3034 -0.602353 -0.938281 0.295145 0.180329 -0.232581 0.256188 0.242771 0.935644 0.389837 
1535161924766 0.232359 0.924069 -0.303488 -0.60236 -0.93813 0.295295 0.180865 -0.232668 0.256751 0.242686 0.935512 0.389837 
1535161925028 0.233573 0.923579 -0.304048 -0.602415 -0.937608 0.296763 0.18117 -0.232683 0.257555 0.242761 0.935271 0.389804 
1535161925576 0.237527 0.921991 -0.3058 -0.602486 -0.935982 0.301445 0.181845 -0.232698 0.259841 0.243031 0.934569 0.389838 
1535161925601 0.237527 0.921991 -0.3058 -0.602486 -0.935982 0.301445 0.181845 -0.232698 0.259841 0.243031 0.934569 0.389838 
1535161925616 0.237527 0.921991 -0.3058 -0.602486 -0.935982 0.301445 0.181845 -0.232698 0.259841 0.243031 0.934569 0.389838 
1535161925755 0.238258 0.921712 -0.306072 -0.602497 -0.935667 0.302312 0.182031 -0.232685 0.260309 0.243011 0.934444 0.389846 
1535161925992 0.239149 0.921924 -0.304735 -0.602594 -0.935824 0.302533 0.18085 -0.232579 0.258923 0.241928 0.93511 0.389697 
1535161926248 0.239962 0.92182 -0.304412 -0.602628 -0.935689 0.303172 0.180481 -0.232578 0.25866 0.241526 0.935286 0.389617 
1535161952758 0.239962 0.92182 -0.304412 -0.602628 -0.935689 0.303172 0.180481 -0.232578 0.25866 0.241526 0.935286 0.389617 
1535161953288 0.241043 0.921816 -0.303567 -0.602695 -0.935569 0.303884 0.179905 -0.23253 0.258088 0.240643 0.935672 0.389532 
1535161954057 0.237896 0.92232 -0.304518 -0.609021 -0.936973 0.300522 0.178235 -0.235096 0.255904 0.242924 0.935682 0.387607 
1535161954808 0.231636 0.923976 -0.304323 -0.622519 -0.940303 0.292845 0.173413 -0.239575 0.249349 0.245987 0.936651 0.383086 
1535161955779 0.230239 0.924289 -0.304435 -0.625838 -0.941059 0.291132 0.172192 -0.240825 0.247786 0.246846 0.93684 0.381911 
1535161956337 0.227074 0.925093 -0.304369 -0.6326 -0.942654 0.287287 0.169911 -0.243032 0.244624 0.248332 0.937278 0.379681 
1535161956358 0.227074 0.925093 -0.304369 -0.6326 -0.942654 0.287287 0.169911 -0.243032 0.244624 0.248332 0.937278 0.379681 
1535161956616 0.226247 0.925343 -0.304224 -0.632852 -0.942978 0.28635 0.169696 -0.242913 0.244141 0.248484 0.937364 0.379415 
1535161957003 0.224206 0.923978 -0.309832 -0.633155 -0.941451 0.287499 0.176107 -0.243872 0.251796 0.252208 0.93434 0.379615 
1535161957492 0.221473 0.922854 -0.315103 -0.633681 -0.940204 0.287826 0.182134 -0.244785 0.258778 0.255923 0.931417 0.379656 
1535161957728 0.220568 0.922574 -0.316553 -0.634015 -0.94016 0.287513 0.182852 -0.245059 0.259707 0.25728 0.930784 0.37967 
1535161958334 0.218849 0.922014 -0.319365 -0.634749 -0.940005 0.287006 0.18444 -0.245578 0.261716 0.259841 0.929509 0.379791 
1535161958653 0.218248 0.922111 -0.319499 -0.634885 -0.940302 0.28631 0.184006 -0.245776 0.26115 0.260267 0.929549 0.37977 
1535161958941 0.216689 0.92237 -0.319811 -0.6354 -0.941094 0.284472 0.182805 -0.246078 0.259592 0.26136 0.929679 0.379969 
1535161959118 0.215871 0.922461 -0.320101 -0.635703 -0.941471 0.283568 0.18227 -0.2462 0.258908 0.262019 0.929684 0.38001 
1535161959138 0.215871 0.922461 -0.320101 -0.635703 -0.941471 0.283568 0.18227 -0.2462 0.258908 0.262019 0.929684 0.38001 
1535161959354 0.215453 0.922893 -0.319138 -0.635798 -0.941939 0.282608 0.18134 -0.246408 0.257548 0.261538 0.930197 0.37999 
1535161959708 0.214785 0.923332 -0.318316 -0.635978 -0.942595 0.281304 0.179954 -0.246703 0.255701 0.261391 0.930748 0.379807 
1535161959729 0.214785 0.923332 -0.318316 -0.635978 -0.942595 0.281304 0.179954 -0.246703 0.255701 0.261391 0.930748 0.379807 
1535161959742 0.214785 0.923332 -0.318316 -0.635978 -0.942595 0.281304 0.179954 -0.246703 0.255701 0.261391 0.930748 0.379807 
1535161959895 0.21458 0.923676 -0.317456 -0.636061 -0.942979 0.280598 0.179041 -0.246899 0.254453 0.260935 0.931218 0.379803 
1535161960150 0.216868 0.923049 -0.317725 -0.635842 -0.942772 0.282482 0.177158 -0.246743 0.253278 0.261122 0.931486 0.379569 
1535161960420 0.217157 0.923025 -0.317595 -0.635813 -0.942839 0.282592 0.176624 -0.246704 0.252778 0.261086 0.931631 0.379542 
1535161960443 0.217157 0.923025 -0.317595 -0.635813 -0.942839 0.282592 0.176624 -0.246704 0.252778 0.261086 0.931631 0.379542 
1535161960460 0.217157 0.923025 -0.317595 -0.635813 -0.942839 0.282592 0.176624 -0.246704 0.252778 0.261086 0.931631 0.379542 
1535161960632 0.218003 0.923011 -0.317058 -0.635733 -0.942956 0.282964 0.175399 -0.246674 0.251611 0.260734 0.932046 0.379517 
1535161960835 0.218638 0.922788 -0.317268 -0.635297 -0.942376 0.28405 0.176755 -0.246365 0.253228 0.260341 0.931718 0.379684 
1535161960999 0.220411 0.922512 -0.316846 -0.634712 -0.941891 0.285716 0.176658 -0.246197 0.253497 0.259497 0.93188 0.379846 
1535161961071 0.220411 0.922512 -0.316846 -0.634712 -0.941891 0.285716 0.176658 -0.246197 0.253497 0.259497 0.93188 0.379846 
1535161961192 0.221731 0.922296 -0.316552 -0.634293 -0.941529 0.286959 0.176572 -0.246186 0.253689 0.258891 0.931996 0.380016 
1535161961380 0.221901 0.922275 -0.316495 -0.634227 -0.941483 0.287114 0.176566 -0.24614 0.253713 0.258795 0.932017 0.380041 
1535161961449 0.221956 0.922374 -0.316169 -0.633886 -0.941475 0.287098 0.176633 -0.245902 0.253693 0.25846 0.932115 0.380265 
1535161961612 0.22206 0.922358 -0.316142 -0.633213 -0.941491 0.28715 0.176466 -0.245706 0.253545 0.258459 0.932156 0.380453 
1535161961820 0.22206 0.922358 -0.316142 -0.633213 -0.941491 0.28715 0.176466 -0.245706 0.253545 0.258459 0.932156 0.380453 
1535161961894 0.222678 0.922281 -0.315929 -0.632203 -0.941317 0.287721 0.176462 -0.245345 0.253647 0.258095 0.932228 0.380775 
1535161962094 0.22289 0.922359 -0.315553 -0.631571 -0.94123 0.287887 0.176657 -0.245032 0.253785 0.257633 0.932319 0.381194 
1535161962110 0.223028 0.922336 -0.315522 -0.631432 -0.941194 0.288014 0.176637 -0.245011 0.253794 0.257573 0.932333 0.381233 
1535161962324 0.222896 0.922385 -0.315473 -0.631106 -0.941225 0.287881 0.176692 -0.244754 0.253797 0.257547 0.932339 0.381317 
1535161962540 0.222896 0.922385 -0.315473 -0.631106 -0.941225 0.287881 0.176692 -0.244754 0.253797 0.257547 0.932339 0.381317 
1535161962575 0.222896 0.922385 -0.315473 -0.631106 -0.941225 0.287881 0.176692 -0.244754 0.253797 0.257547 0.932339 0.381317 
1535161962714 0.222958 0.922308 -0.315655 -0.629334 -0.940952 0.288236 0.177568 -0.244005 0.254755 0.257426 0.932111 0.381762 
1535161963016 0.223588 0.922142 -0.315694 -0.628433 -0.940612 0.28903 0.178077 -0.243837 0.255457 0.257129 0.932001 0.382109 
1535161963312 0.223295 0.922302 -0.315435 -0.627596 -0.940084 0.289301 0.180406 -0.243613 0.257645 0.256251 0.931641 0.382372 
1535161963656 0.223192 0.922357 -0.315345 -0.627289 -0.939906 0.289387 0.181194 -0.243507 0.258382 0.255954 0.931518 0.382411 
1535161963903 0.222864 0.922605 -0.314852 -0.625981 -0.939177 0.289773 0.184331 -0.243275 0.2613 0.254621 0.931069 0.382838 
1535161963930 0.222864 0.922605 -0.314852 -0.625981 -0.939177 0.289773 0.184331 -0.243275 0.2613 0.254621 0.931069 0.382838 
1535161963947 0.222864 0.922605 -0.314852 -0.625981 -0.939177 0.289773 0.184331 -0.243275 0.2613 0.254621 0.931069 0.382838 
1535161964070 0.222566 0.922695 -0.3148 -0.625741 -0.939099 0.289627 0.18496 -0.243105 0.261836 0.254462 0.930962 0.38283 
1535161964183 0.222566 0.922695 -0.3148 -0.625741 -0.939099 0.289627 0.18496 -0.243105 0.261836 0.254462 0.930962 0.38283 
1535161964251 0.222566 0.922695 -0.3148 -0.625741 -0.939099 0.289627 0.18496 -0.243105 0.261836 0.254462 0.930962 0.38283 
1535161964380 0.222311 0.922621 -0.315196 -0.625003 -0.939208 0.289418 0.184732 -0.242676 0.261661 0.254967 0.930873 0.383098 
1535161964509 0.222311 0.922621 -0.315196 -0.625003 -0.939208 0.289418 0.184732 -0.242676 0.261661 0.254967 0.930873 0.383098 
1535161964858 0.222652 0.92224 -0.316068 -0.622336 -0.93889 0.290145 0.185207 -0.241643 0.262511 0.255516 0.930483 0.383881 
1535161965204 0.222455 0.92218 -0.316382 -0.62156 -0.938999 0.289962 0.184942 -0.24111 0.262288 0.255941 0.93043 0.384303 
1535161965498 0.222848 0.921873 -0.317001 -0.620838 -0.938962 0.290402 0.18444 -0.240931 0.262087 0.25655 0.930318 0.384548 
1535161965750 0.222956 0.921811 -0.317104 -0.620626 -0.938948 0.290512 0.184333 -0.240805 0.262043 0.256646 0.930305 0.384693 
1535161965775 0.222956 0.921811 -0.317104 -0.620626 -0.938948 0.290512 0.184333 -0.240805 0.262043 0.256646 0.930305 0.384693 
1535161965933 0.223107 0.921773 -0.31711 -0.6204 -0.938865 0.290701 0.184458 -0.240724 0.262213 0.25657 0.930278 0.384839 
1535161966117 0.223107 0.921773 -0.31711 -0.6204 -0.938865 0.290701 0.184458 -0.240724 0.262213 0.25657 0.930278 0.384839 
1535161966160 0.222991 0.921658 -0.317524 -0.620068 -0.938971 0.290599 0.184082 -0.240526 0.261933 0.257098 0.930211 0.384862 
1535161966256 0.222991 0.921658 -0.317524 -0.620068 -0.938971 0.290599 0.184082 -0.240526 0.261933 0.257098 0.930211 0.384862 
1535161966400 0.223136 0.921537 -0.317772 -0.619542 -0.93886 0.29086 0.184235 -0.240219 0.262207 0.257234 0.930096 0.385117 
1535161966440 0.223136 0.921537 -0.317772 -0.619542 -0.93886 0.29086 0.184235 -0.240219 0.262207 0.257234 0.930096 0.385117 
1535161966621 0.223429 0.921095 -0.318848 -0.618383 -0.93875 0.29139 0.183957 -0.239771 0.262351 0.258217 0.929783 0.385393 
1535161966821 0.223653 0.921037 -0.318859 -0.618218 -0.938701 0.2916 0.183876 -0.239753 0.262336 0.258189 0.929795 0.385524 
1535161967053 0.223569 0.921152 -0.318585 -0.617601 -0.938723 0.291464 0.18398 -0.239267 0.262329 0.257931 0.929868 0.385552 
1535161967326 0.22414 0.921069 -0.318424 -0.617201 -0.938588 0.291968 0.183869 -0.239298 0.262325 0.257656 0.929946 0.385798 
1535161967350 0.224277 0.921072 -0.318317 -0.61701 -0.938568 0.292064 0.183818 -0.239167 0.262279 0.257536 0.929992 0.385871 
1535161967498 0.224277 0.921072 -0.318317 -0.61701 -0.938568 0.292064 0.183818 -0.239167 0.262279 0.257536 0.929992 0.385871 
1535161967550 0.224094 0.921084 -0.318412 -0.616931 -0.938604 0.291918 0.183866 -0.239121 0.262306 0.257659 0.92995 0.385905 
1535161967693 0.224094 0.921084 -0.318412 -0.616931 -0.938604 0.291918 0.183866 -0.239121 0.262306 0.257659 0.92995 0.385905 
1535161967742 0.224401 0.920923 -0.31866 -0.616374 -0.938397 0.292387 0.184174 -0.238999 0.262782 0.257701 0.929804 0.386063 
1535161967920 0.224401 0.920923 -0.31866 -0.616374 -0.938397 0.292387 0.184174 -0.238999 0.262782 0.257701 0.929804 0.386063 
1535161967976 0.224277 0.92094 -0.3187 -0.615588 -0.938306 0.292397 0.184624 -0.23864 0.263215 0.257631 0.929701 0.386376 
1535161968164 0.224517 0.920808 -0.318911 -0.61524 -0.938235 0.292678 0.184537 -0.238471 0.263261 0.257781 0.929646 0.38646 
1535161968352 0.224517 0.920808 -0.318911 -0.61524 -0.938235 0.292678 0.184537 -0.238471 0.263261 0.257781 0.929646 0.38646 
1535161968457 0.225023 0.920795 -0.318591 -0.614576 -0.938273 0.292935 0.183936 -0.238269 0.262694 0.257536 0.929875 0.386665 
1535161968630 0.225323 0.920808 -0.318343 -0.613988 -0.938343 0.29303 0.18343 -0.237993 0.262188 0.257384 0.93006 0.386934 
1535161968811 0.225539 0.920708 -0.318479 -0.6134 -0.938319 0.293232 0.183227 -0.237702 0.262087 0.25751 0.930053 0.387132 
1535161968954 0.22613 0.920568 -0.318464 -0.613045 -0.938242 0.293722 0.182834 -0.237778 0.261851 0.257452 0.930136 0.387245 
1535161968971 0.226195 0.920554 -0.318458 -0.612979 -0.938235 0.293774 0.182791 -0.237745 0.261824 0.257442 0.930146 0.387253 
1535161969160 0.226195 0.920554 -0.318458 -0.612979 -0.938235 0.293774 0.182791 -0.237745 0.261824 0.257442 0.930146 0.387253 
1535161969278 0.22596 0.920578 -0.318556 -0.612606 -0.938118 0.293742 0.183439 -0.237458 0.262443 0.257393 0.929985 0.387408 
1535161969324 0.22596 0.920578 -0.318556 -0.612606 -0.938118 0.293742 0.183439 -0.237458 0.262443 0.257393 0.929985 0.387408 
1535161969454 0.22596 0.920578 -0.318556 -0.612606 -0.938118 0.293742 0.183439 -0.237458 0.262443 0.257393 0.929985 0.387408 
1535161969496 0.226279 0.920229 -0.319338 -0.610985 -0.93718 0.295039 0.186133 -0.236974 0.265502 0.257159 0.929181 0.387938 
1535161969710 0.226163 0.920239 -0.319392 -0.610689 -0.937179 0.294969 0.186248 -0.236669 0.265604 0.257205 0.92914 0.387981 
1535161969924 0.226553 0.920184 -0.319273 -0.610286 -0.93714 0.295258 0.185985 -0.236672 0.265409 0.257069 0.929233 0.388158 
1535161970135 0.226582 0.920202 -0.319201 -0.609586 -0.937097 0.295306 0.186127 -0.236319 0.265536 0.256949 0.929229 0.388324 
1535161970347 0.226878 0.920155 -0.319125 -0.608864 -0.936966 0.295627 0.186277 -0.236069 0.265746 0.256747 0.929225 0.388586 
1535161970489 0.226878 0.920155 -0.319125 -0.608864 -0.936966 0.295627 0.186277 -0.236069 0.265746 0.256747 0.929225 0.388586 
1535161970533 0.227034 0.920153 -0.319021 -0.608051 -0.936831 0.295847 0.186609 -0.235685 0.26609 0.256502 0.929195 0.388906 
1535161970552 0.227034 0.920153 -0.319021 -0.608051 -0.936831 0.295847 0.186609 -0.235685 0.26609 0.256502 0.929195 0.388906 
1535161970703 0.227034 0.920153 -0.319021 -0.608051 -0.936831 0.295847 0.186609 -0.235685 0.26609 0.256502 0.929195 0.388906 
1535161970813 0.226983 0.920209 -0.318894 -0.607734 -0.936844 0.295773 0.186661 -0.235471 0.266087 0.256385 0.929228 0.388991 
1535161970922 0.226983 0.920209 -0.318894 -0.607734 -0.936844 0.295773 0.186661 -0.235471 0.266087 0.256385 0.929228 0.388991 
1535161970970 0.226983 0.920209 -0.318894 -0.607734 -0.936844 0.295773 0.186661 -0.235471 0.266087 0.256385 0.929228 0.388991 
1535161971046 0.227404 0.9205 -0.317752 -0.606159 -0.936679 0.295998 0.18713 -0.235014 0.266307 0.255077 0.929525 0.389356 
1535161971069 0.227404 0.9205 -0.317752 -0.606159 -0.936679 0.295998 0.18713 -0.235014 0.266307 0.255077 0.929525 0.389356 
1535161971233 0.227404 0.9205 -0.317752 -0.606159 -0.936679 0.295998 0.18713 -0.235014 0.266307 0.255077 0.929525 0.389356 
1535161971377 0.227834 0.920637 -0.317048 -0.604987 -0.936479 0.296351 0.187574 -0.234694 0.266645 0.254173 0.929676 0.389579 
1535161971595 0.228175 0.920679 -0.31668 -0.605075 -0.936423 0.296571 0.187504 -0.234721 0.266549 0.253763 0.929815 0.389618 
1535161971799 0.227666 0.920838 -0.316583 -0.605162 -0.936701 0.295924 0.187136 -0.234521 0.266007 0.253939 0.929922 0.389442 
1535161972074 0.22805 0.921261 -0.315074 -0.604111 -0.936685 0.295907 0.187245 -0.234049 0.265734 0.252423 0.930413 0.389672 
1535161972098 0.228078 0.921335 -0.314838 -0.603863 -0.936684 0.295879 0.187294 -0.23392 0.265715 0.252186 0.930483 0.389691 
1535161972350 0.22817 0.92145 -0.314434 -0.603682 -0.936717 0.295831 0.187203 -0.233762 0.265517 0.251822 0.930638 0.38975 
1535161972721 0.229084 0.921788 -0.312773 -0.60248 -0.936832 0.296037 0.186301 -0.233298 0.264323 0.250337 0.931378 0.38995 
1535161973027 0.229221 0.921917 -0.312294 -0.602256 -0.936884 0.295988 0.186115 -0.23307 0.264018 0.249922 0.931576 0.390039 
1535161973047 0.229221 0.921917 -0.312294 -0.602256 -0.936884 0.295988 0.186115 -0.23307 0.264018 0.249922 0.931576 0.390039 
1535161973138 0.229519 0.922025 -0.311756 -0.601945 -0.936917 0.296061 0.185836 -0.233018 0.263644 0.249437 0.931812 0.390093 
1535161973390 0.230042 0.922395 -0.31027 -0.602015 -0.937033 0.296025 0.185307 -0.232888 0.262774 0.248105 0.932413 0.389861 
1535161973723 0.231035 0.922954 -0.307861 -0.601677 -0.937176 0.296116 0.184436 -0.232723 0.261389 0.245909 0.933383 0.389779 
1535162013055 0.231543 0.923181 -0.306797 -0.601518 -0.937216 0.296228 0.184052 -0.232635 0.260795 0.244919 0.93381 0.389667 
1535162013945 0.23653 0.918983 -0.315473 -0.602055 -0.934159 0.304382 0.186275 -0.232904 0.267208 0.250642 0.930472 0.390024 
1535162014454 0.240174 0.919004 -0.312648 -0.602288 -0.934093 0.306443 0.1832 -0.232608 0.26417 0.248042 0.932035 0.389641 
1535162015227 0.243517 0.919403 -0.308864 -0.602459 -0.934327 0.307824 0.179659 -0.232462 0.260255 0.24483 0.933984 0.38922 
1535162015717 0.244729 0.919884 -0.306467 -0.602517 -0.934388 0.30815 0.178782 -0.232431 0.258897 0.242606 0.934941 0.388965 
1535162016533 0.245129 0.920399 -0.304593 -0.602592 -0.934505 0.307958 0.178501 -0.232206 0.258095 0.240888 0.935607 0.388864 
1535162016866 0.246208 0.920472 -0.303503 -0.602551 -0.934548 0.308465 0.177397 -0.232314 0.256909 0.239961 0.936171 0.388757 
1535162017347 0.246558 0.920462 -0.303246 -0.602632 -0.934622 0.308592 0.176786 -0.232304 0.256304 0.239833 0.93637 0.388634 
1535162017370 0.246558 0.920462 -0.303246 -0.602632 -0.934622 0.308592 0.176786 -0.232304 0.256304 0.239833 0.93637 0.388634 
1535162017594 0.246941 0.920557 -0.302648 -0.602636 -0.934664 0.308707 0.176362 -0.23226 0.255781 0.239323 0.936643 0.388646 
1535162018109 0.245917 0.920192 -0.304583 -0.602504 -0.933576 0.309372 0.1809 -0.232542 0.260692 0.239865 0.935149 0.388799 
1535162018405 0.246094 0.920381 -0.30387 -0.602493 -0.933516 0.309411 0.181143 -0.232589 0.260741 0.239089 0.935334 0.388774 
1535162018825 0.245884 0.920619 -0.303317 -0.602577 -0.933488 0.30918 0.181681 -0.232566 0.261038 0.238471 0.935409 0.388764 
1535162018846 0.245884 0.920619 -0.303317 -0.602577 -0.933488 0.30918 0.181681 -0.232566 0.261038 0.238471 0.935409 0.388764 
1535162019006 0.245514 0.920795 -0.303083 -0.60263 -0.933574 0.308793 0.181896 -0.232523 0.261079 0.238292 0.935444 0.388623 
1535162019251 0.244895 0.920285 -0.305125 -0.60244 -0.93373 0.308615 0.181397 -0.232536 0.261103 0.240481 0.934876 0.388972 
1535162019275 0.244728 0.920232 -0.305421 -0.60244 -0.933745 0.308543 0.181445 -0.232526 0.261206 0.240781 0.934771 0.389006 
1535162019293 0.244728 0.920232 -0.305421 -0.60244 -0.933745 0.308543 0.181445 -0.232526 0.261206 0.240781 0.934771 0.389006 
1535162019491 0.244765 0.920297 -0.305194 -0.602392 -0.933738 0.30853 0.1815 -0.232631 0.261196 0.240546 0.934834 0.389042 
1535162019696 0.24489 0.920637 -0.304066 -0.602501 -0.933792 0.308347 0.181537 -0.232524 0.260887 0.239478 0.935194 0.388853 
1535162019847 0.244884 0.921217 -0.302308 -0.602537 -0.933816 0.307974 0.182045 -0.232501 0.260806 0.23772 0.935665 0.38882 
1535162019864 0.244884 0.921217 -0.302308 -0.602537 -0.933816 0.307974 0.182045 -0.232501 0.260806 0.23772 0.935665 0.38882 
1535162019880 0.245101 0.921463 -0.301383 -0.602574 -0.933777 0.30798 0.182235 -0.232615 0.260743 0.236758 0.935927 0.38864 
1535162019905 0.245101 0.921463 -0.301383 -0.602574 -0.933777 0.30798 0.182235 -0.232615 0.260743 0.236758 0.935927 0.38864 
1535162020071 0.244835 0.921135 -0.302599 -0.602572 -0.933828 0.307985 0.181963 -0.232458 0.260809 0.238025 0.935587 0.388804 
1535162020290 0.244919 0.921072 -0.302721 -0.602534 -0.933819 0.308077 0.181853 -0.232439 0.260761 0.238148 0.935569 0.388852 
1535162020307 0.244919 0.921072 -0.302721 -0.602534 -0.933819 0.308077 0.181853 -0.232439 0.260761 0.238148 0.935569 0.388852 
1535162020324 0.245253 0.920621 -0.303821 -0.602494 -0.933729 0.308612 0.181406 -0.23253 0.260769 0.239197 0.935299 0.388885 
1535162020537 0.244918 0.920845 -0.303414 -0.602538 -0.93402 0.308028 0.180902 -0.232361 0.260043 0.239089 0.935529 0.388858 
1535162020572 0.244577 0.920775 -0.303901 -0.602531 -0.934334 0.307593 0.180016 -0.232264 0.259232 0.239917 0.935542 0.388902 
1535162020754 0.245419 0.920844 -0.303011 -0.602522 -0.934149 0.308184 0.179967 -0.232412 0.259105 0.23889 0.93584 0.388761 
