1533574561780 0.263209 0.916281 -0.301913 -0.529149 -0.957848 0.28554 0.0315355 -0.228305 0.115104 0.280886 0.952814 0.349184 
1533574564899 0.263209 0.91628 -0.301914 -0.529149 -0.957848 0.28554 0.0315341 -0.228305 0.115103 0.280887 0.952814 0.349184 
1533574565507 0.257512 0.917467 -0.303219 -0.537448 -0.957725 0.283995 0.0459404 -0.230536 0.128261 0.27857 0.951813 0.352673 
1533574566086 0.250257 0.91877 -0.30534 -0.545917 -0.957931 0.280738 0.0596205 -0.232466 0.140498 0.277574 0.950375 0.355306 
1533574566670 0.24336 0.920184 -0.306654 -0.554433 -0.957735 0.277962 0.0740333 -0.23445 0.153363 0.275677 0.948937 0.358391 
1533574567262 0.236508 0.92153 -0.307972 -0.562942 -0.957283 0.275269 0.0885256 -0.23653 0.166354 0.273879 0.947268 0.361621 
1533574567858 0.229641 0.922821 -0.309299 -0.571487 -0.956639 0.272522 0.102829 -0.238589 0.179184 0.272274 0.945389 0.364775 
1533574568462 0.222796 0.924105 -0.31047 -0.580027 -0.955732 0.269837 0.117321 -0.24063 0.192193 0.270588 0.943315 0.367951 
1533574569078 0.21596 0.925444 -0.311312 -0.588529 -0.95466 0.26704 0.13158 -0.242698 0.204902 0.268782 0.941154 0.371165 
1533574569694 0.209054 0.926787 -0.31203 -0.597007 -0.95333 0.264229 0.146099 -0.244717 0.21785 0.266925 0.938772 0.374453 
1533574570294 0.202164 0.927932 -0.313163 -0.604745 -0.95183 0.26144 0.160212 -0.246569 0.230539 0.265689 0.936088 0.377545 
1533574570334 0.201599 0.928213 -0.312696 -0.604967 -0.951792 0.261007 0.161145 -0.246333 0.231193 0.265135 0.936084 0.377842 
1533574570549 0.201663 0.928082 -0.313044 -0.605449 -0.951671 0.261251 0.161464 -0.246718 0.231635 0.265354 0.935913 0.377867 
1533574570765 0.201133 0.928119 -0.313275 -0.606366 -0.951505 0.261108 0.16267 -0.247079 0.232775 0.265364 0.935627 0.378048 
1533574570978 0.200415 0.92825 -0.313345 -0.607339 -0.951303 0.260843 0.164266 -0.247324 0.234214 0.265165 0.935324 0.378436 
1533574571196 0.199445 0.928449 -0.313377 -0.608335 -0.951195 0.260284 0.165774 -0.247482 0.235479 0.26502 0.935048 0.378735 
1533574571416 0.198848 0.928568 -0.313401 -0.609303 -0.950955 0.260133 0.167377 -0.247669 0.236947 0.264748 0.934754 0.379104 
1533574571632 0.198041 0.928768 -0.31332 -0.610274 -0.950782 0.259737 0.168969 -0.247863 0.238314 0.264436 0.934495 0.379472 
1533574571855 0.19722 0.928935 -0.313342 -0.611257 -0.950622 0.259331 0.170485 -0.248086 0.239628 0.264247 0.934212 0.379833 
1533574572075 0.196328 0.929169 -0.31321 -0.612211 -0.950423 0.258887 0.172264 -0.24823 0.241148 0.263861 0.93393 0.380265 
1533574572289 0.195538 0.929343 -0.313187 -0.613108 -0.950254 0.258498 0.173771 -0.248348 0.242451 0.263629 0.933658 0.380548 
1533574572303 0.195475 0.929351 -0.313204 -0.613174 -0.950244 0.258466 0.17387 -0.248375 0.242539 0.263633 0.933634 0.380575 
1533574572320 0.195415 0.929355 -0.313227 -0.613255 -0.950225 0.258448 0.174002 -0.248415 0.242663 0.263634 0.933602 0.38061 
1533574572421 0.195342 0.929482 -0.312896 -0.613309 -0.950175 0.258388 0.174363 -0.24838 0.242916 0.263246 0.933645 0.38071 
1533574572468 0.195736 0.929581 -0.312355 -0.613251 -0.950145 0.258603 0.174209 -0.248402 0.242718 0.262684 0.933855 0.380626 
1533574572546 0.196237 0.929586 -0.312028 -0.61333 -0.950045 0.259011 0.174148 -0.248513 0.242704 0.262266 0.933976 0.38049 
1533574572594 0.196267 0.929767 -0.311469 -0.613452 -0.950013 0.258963 0.174397 -0.248465 0.242807 0.261671 0.934116 0.380479 
1533574572674 0.196373 0.929884 -0.311051 -0.613568 -0.949908 0.259074 0.174804 -0.248504 0.243133 0.261144 0.934179 0.380519 
1533574572727 0.196791 0.930012 -0.310403 -0.613589 -0.94978 0.259391 0.175025 -0.248614 0.243292 0.260371 0.934353 0.380525 
1533574572843 0.197109 0.930217 -0.309586 -0.613796 -0.949632 0.259626 0.175482 -0.248646 0.243613 0.259403 0.934539 0.380485 
1533574572856 0.197155 0.930258 -0.309434 -0.613824 -0.949618 0.259644 0.175527 -0.248659 0.243628 0.259238 0.934581 0.380476 
1533574572878 0.197265 0.930321 -0.309175 -0.613865 -0.949582 0.259713 0.175619 -0.248695 0.243679 0.258944 0.934649 0.380462 
1533574573015 0.197045 0.930585 -0.30852 -0.613908 -0.949578 0.259434 0.176054 -0.248649 0.243874 0.258273 0.934784 0.380504 
1533574573062 0.197122 0.930795 -0.307837 -0.613851 -0.949529 0.259414 0.176352 -0.248728 0.244004 0.257537 0.934953 0.380512 
1533574573151 0.197102 0.930961 -0.307348 -0.613844 -0.949467 0.25937 0.176744 -0.248881 0.244259 0.25698 0.93504 0.38044 
1533574573203 0.197362 0.931092 -0.306782 -0.613846 -0.949398 0.259525 0.176889 -0.249008 0.244318 0.256348 0.935198 0.380402 
1533574573292 0.197201 0.931322 -0.306187 -0.613931 -0.949375 0.259319 0.177316 -0.248973 0.244539 0.255719 0.935312 0.380349 
1533574573338 0.196985 0.931584 -0.305529 -0.613922 -0.949407 0.259003 0.177605 -0.248954 0.244587 0.255086 0.935472 0.380327 
1533574573426 0.197092 0.931715 -0.30506 -0.61394 -0.949291 0.259112 0.178067 -0.249053 0.244953 0.254495 0.935538 0.380251 
1533574573440 0.197141 0.931768 -0.304868 -0.613933 -0.949279 0.259123 0.178112 -0.249084 0.244957 0.254291 0.935592 0.380243 
1533574573456 0.1972 0.931817 -0.304677 -0.61393 -0.949261 0.259149 0.178171 -0.249123 0.244979 0.254083 0.935643 0.380232 
1533574573473 0.197262 0.931857 -0.304516 -0.613934 -0.949235 0.25919 0.178249 -0.249171 0.24503 0.253896 0.93568 0.380216 
1533574573490 0.197301 0.931862 -0.304476 -0.613947 -0.949211 0.259236 0.17831 -0.249205 0.245092 0.253832 0.935681 0.380202 
1533574573506 0.197327 0.931853 -0.304485 -0.613963 -0.949192 0.259277 0.178355 -0.24923 0.245146 0.25382 0.93567 0.38019 
1533574573523 0.197268 0.931866 -0.304485 -0.613963 -0.949204 0.259221 0.178372 -0.249219 0.245148 0.253832 0.935667 0.380193 
1533574573585 0.196717 0.931935 -0.304629 -0.613952 -0.949273 0.258774 0.178651 -0.249042 0.245321 0.254032 0.935567 0.380244 
1533574573634 0.196317 0.932021 -0.304625 -0.613942 -0.949234 0.258521 0.179224 -0.249011 0.245793 0.253976 0.935458 0.380308 
1533574573653 0.196251 0.932052 -0.304571 -0.613929 -0.94918 0.258518 0.179513 -0.249054 0.246053 0.253863 0.93542 0.380339 
1533574573666 0.196243 0.932106 -0.304413 -0.613907 -0.949156 0.258507 0.179657 -0.2491 0.246153 0.253679 0.935444 0.380361 
1533574573681 0.196247 0.93216 -0.304245 -0.613884 -0.949136 0.258498 0.179779 -0.249149 0.246229 0.253489 0.935476 0.380375 
1533574573698 0.196281 0.932209 -0.304073 -0.613859 -0.949103 0.258524 0.179915 -0.249204 0.246328 0.253283 0.935505 0.380386 
1533574573714 0.1964 0.932235 -0.303915 -0.613837 -0.949044 0.258641 0.180058 -0.249266 0.246461 0.253065 0.935529 0.380401 
1533574573731 0.196445 0.932248 -0.303847 -0.613827 -0.949014 0.258691 0.180141 -0.249308 0.246539 0.252968 0.935535 0.380417 
1533574573748 0.196432 0.932257 -0.303829 -0.613821 -0.948992 0.258701 0.180243 -0.249335 0.246633 0.252926 0.935521 0.380435 
1533574573765 0.196345 0.93228 -0.303813 -0.613813 -0.948999 0.258627 0.180313 -0.249329 0.246676 0.252914 0.935513 0.380441 
1533574573781 0.196265 0.932302 -0.303799 -0.613808 -0.949015 0.258549 0.18034 -0.249305 0.246678 0.252916 0.935512 0.380438 
1533574573798 0.196156 0.932327 -0.303793 -0.613802 -0.94905 0.258432 0.180327 -0.24926 0.246633 0.252943 0.935517 0.380427 
1533574573814 0.196014 0.932352 -0.303807 -0.613793 -0.949134 0.258244 0.180152 -0.24921 0.246421 0.253041 0.935546 0.380402 
1533574573831 0.195927 0.932376 -0.303789 -0.613781 -0.949222 0.258087 0.179916 -0.249171 0.246153 0.253112 0.935598 0.380378 
1533574573848 0.195842 0.932381 -0.303827 -0.613772 -0.949331 0.25792 0.179577 -0.249152 0.245797 0.253263 0.93565 0.38036 
1533574573864 0.195898 0.932356 -0.30387 -0.613763 -0.949397 0.2579 0.179254 -0.249134 0.245497 0.253378 0.935698 0.380352 
1533574573980 0.195414 0.932487 -0.303778 -0.613671 -0.949599 0.25732 0.179022 -0.249099 0.245104 0.253484 0.935772 0.380361 
1533574574006 0.195236 0.932476 -0.303926 -0.613649 -0.949492 0.257328 0.179577 -0.249219 0.24566 0.253515 0.935618 0.380388 
1533574574050 0.195282 0.93236 -0.304253 -0.613611 -0.949289 0.257634 0.180209 -0.249456 0.246405 0.253632 0.93539 0.380457 
1533574574112 0.195056 0.932223 -0.304816 -0.613583 -0.949258 0.25761 0.180408 -0.24966 0.246704 0.254159 0.935169 0.380539 
1533574574145 0.19465 0.932243 -0.305015 -0.61353 -0.949342 0.257263 0.180458 -0.249735 0.2467 0.254437 0.935094 0.380565 
1533574574198 0.194275 0.932183 -0.305438 -0.613488 -0.949405 0.257005 0.180494 -0.24987 0.246752 0.254919 0.934949 0.380571 
1533574574251 0.193843 0.93212 -0.305903 -0.61341 -0.949449 0.256733 0.180653 -0.249999 0.246926 0.255421 0.934766 0.380601 
1533574574300 0.193706 0.93205 -0.306203 -0.613281 -0.949441 0.256698 0.18074 -0.250263 0.247061 0.255711 0.934651 0.380673 
1533574574314 0.193644 0.932034 -0.306291 -0.61325 -0.949448 0.256664 0.180757 -0.250332 0.247085 0.255804 0.934619 0.380687 
1533574574330 0.193526 0.932025 -0.306395 -0.613231 -0.949465 0.256578 0.180785 -0.25039 0.24711 0.255925 0.93458 0.380702 
1533574574347 0.193396 0.932021 -0.306488 -0.613221 -0.949483 0.256483 0.180826 -0.250414 0.247142 0.256034 0.934541 0.380714 
1533574574425 0.193006 0.932025 -0.306721 -0.6132 -0.949535 0.256189 0.180973 -0.250459 0.24725 0.256313 0.934436 0.38077 
1533574574491 0.192574 0.932182 -0.306515 -0.613119 -0.949737 0.255622 0.180711 -0.250581 0.246807 0.256309 0.934554 0.380711 
1533574574533 0.192107 0.932301 -0.306447 -0.613068 -0.949935 0.25506 0.180466 -0.250676 0.246411 0.256436 0.934624 0.380642 
1533574574611 0.191682 0.932334 -0.306614 -0.613022 -0.950095 0.254613 0.180253 -0.250823 0.246124 0.256762 0.93461 0.380577 
1533574574654 0.191287 0.932384 -0.306706 -0.61296 -0.950231 0.254199 0.180121 -0.250989 0.245906 0.256987 0.934606 0.380567 
1533574574730 0.191141 0.932355 -0.306886 -0.612844 -0.950325 0.254028 0.179865 -0.251316 0.245655 0.257262 0.934596 0.380567 
1533574574779 0.190626 0.932429 -0.30698 -0.61282 -0.95048 0.253506 0.179783 -0.251393 0.245457 0.257507 0.934581 0.380549 
1533574574793 0.190552 0.932439 -0.306996 -0.612816 -0.950503 0.253431 0.179771 -0.251405 0.245428 0.257545 0.934578 0.380544 
1533574574809 0.190425 0.932453 -0.307033 -0.612805 -0.950542 0.253303 0.17974 -0.251438 0.245372 0.257621 0.934572 0.380535 
1533574574826 0.190354 0.932461 -0.307055 -0.612797 -0.950566 0.253231 0.17972 -0.251461 0.245337 0.257665 0.934569 0.380529 
1533574574843 0.190229 0.932471 -0.3071 -0.612789 -0.950602 0.25311 0.179697 -0.251491 0.245292 0.257746 0.934558 0.380522 
1533574574900 0.189924 0.932506 -0.307184 -0.612759 -0.950683 0.252816 0.179681 -0.251569 0.245215 0.257909 0.934533 0.380494 
1533574574949 0.190056 0.932422 -0.307357 -0.612689 -0.950522 0.253116 0.180113 -0.251679 0.245738 0.257918 0.934394 0.380411 
1533574574976 0.190071 0.93238 -0.307473 -0.612608 -0.950419 0.253258 0.180456 -0.251816 0.246124 0.257929 0.934289 0.380341 
1533574575048 0.190071 0.932385 -0.30746 -0.61238 -0.950297 0.253383 0.180921 -0.252183 0.246593 0.257791 0.934203 0.380201 
1533574575090 0.19008 0.932345 -0.307574 -0.612255 -0.950239 0.253472 0.181102 -0.252427 0.246811 0.257845 0.934131 0.380122 
1533574575103 0.190025 0.93235 -0.307593 -0.612235 -0.950239 0.253436 0.181153 -0.252463 0.246853 0.257863 0.934115 0.38011 
1533574575123 0.189828 0.932382 -0.307618 -0.612198 -0.950256 0.253278 0.181287 -0.252514 0.246941 0.257903 0.93408 0.380088 
1533574575140 0.189635 0.932417 -0.307631 -0.612178 -0.950281 0.253112 0.181386 -0.25253 0.246993 0.257939 0.934057 0.380076 
1533574575224 0.189616 0.932439 -0.307575 -0.612039 -0.950155 0.253219 0.181893 -0.252615 0.247488 0.257754 0.933977 0.380037 
1533574575255 0.189754 0.932446 -0.30747 -0.61188 -0.950006 0.253454 0.182343 -0.252699 0.247954 0.257498 0.933924 0.380005 
1533574575288 0.189819 0.932443 -0.307439 -0.611727 -0.949882 0.253625 0.182754 -0.252771 0.248382 0.25734 0.933853 0.379933 
