1535123799601 0.213968 0.919323 -0.330247 -0.472332 -0.943828 0.281712 0.172706 -0.171378 0.251807 0.274743 0.92796 0.47409 
1535123804063 0.213968 0.919323 -0.330247 -0.472332 -0.943827 0.281712 0.172708 -0.171377 0.251809 0.274742 0.92796 0.474091 
1535123805387 0.221864 0.920536 -0.321543 -0.504541 -0.943031 0.286418 0.169287 -0.185874 0.24793 0.265666 0.931639 0.454191 
1535123806310 0.2256 0.921145 -0.31717 -0.5208 -0.942633 0.288622 0.167748 -0.193148 0.246063 0.261131 0.933415 0.444115 
1535123808090 0.235909 0.923124 -0.303627 -0.569854 -0.941455 0.294545 0.164029 -0.214314 0.240851 0.247156 0.938565 0.413782 
1535123809887 0.246945 0.924513 -0.290333 -0.618625 -0.940105 0.301225 0.159584 -0.235937 0.234993 0.233535 0.943525 0.383426 
1535123809923 0.246139 0.924816 -0.290055 -0.618831 -0.940187 0.300535 0.160395 -0.235654 0.235507 0.233226 0.943473 0.383383 
1535123810303 0.247267 0.924458 -0.290235 -0.620086 -0.939988 0.301547 0.159661 -0.236577 0.235119 0.233338 0.943542 0.382494 
1535123811045 0.248989 0.924606 -0.288284 -0.626676 -0.939697 0.302692 0.159206 -0.239584 0.234464 0.231259 0.944217 0.378453 
1535123811779 0.2498 0.925017 -0.286259 -0.633323 -0.939606 0.302996 0.159167 -0.242167 0.233968 0.229211 0.944839 0.374396 
1535123811810 0.249619 0.92516 -0.285953 -0.633449 -0.939646 0.302779 0.159347 -0.242116 0.234002 0.228919 0.944902 0.374365 
1535123812147 0.248545 0.924029 -0.29051 -0.633559 -0.939496 0.302967 0.159867 -0.242244 0.235737 0.233198 0.943423 0.374566 
1535123812478 0.247482 0.922686 -0.295641 -0.633638 -0.939319 0.303299 0.160281 -0.24263 0.237557 0.238034 0.941757 0.374882 
1535123812856 0.245512 0.920733 -0.303273 -0.633835 -0.939138 0.303461 0.161032 -0.243109 0.240299 0.24528 0.939199 0.375313 
1535123813214 0.244401 0.91934 -0.308353 -0.633939 -0.938936 0.303801 0.161567 -0.243488 0.242213 0.250037 0.937451 0.375621 
1535123813345 0.244321 0.919056 -0.309264 -0.633879 -0.938842 0.304004 0.161731 -0.243677 0.242657 0.250835 0.937123 0.375705 
1535123813545 0.244062 0.919448 -0.308301 -0.633962 -0.938942 0.303555 0.161994 -0.243618 0.242532 0.24994 0.937395 0.375651 
1535123813744 0.243497 0.91992 -0.307338 -0.634042 -0.939122 0.302815 0.162337 -0.24364 0.242404 0.249099 0.937652 0.375551 
1535123814013 0.242343 0.920819 -0.305553 -0.634181 -0.93931 0.301517 0.163662 -0.24393 0.242832 0.247346 0.938004 0.375581 
1535123814269 0.241131 0.921675 -0.303927 -0.634287 -0.939548 0.300151 0.164802 -0.244304 0.243117 0.245815 0.938333 0.375619 
1535123814444 0.240325 0.922131 -0.303179 -0.634447 -0.939626 0.299381 0.165753 -0.24423 0.243612 0.24504 0.938408 0.375557 
1535123814691 0.239244 0.922964 -0.301496 -0.634537 -0.939838 0.298115 0.16683 -0.244612 0.243858 0.243444 0.938759 0.375535 
1535123815020 0.238851 0.92324 -0.30096 -0.634623 -0.939847 0.297735 0.167454 -0.244677 0.244207 0.24286 0.93882 0.37553 
1535123815036 0.238806 0.923197 -0.301131 -0.634631 -0.939884 0.297698 0.167315 -0.244657 0.244111 0.243073 0.938789 0.37552 
1535123815274 0.2393 0.923408 -0.30009 -0.634549 -0.939978 0.29776 0.166673 -0.244785 0.243262 0.242193 0.939237 0.375443 
1535123815558 0.239127 0.924499 -0.29685 -0.63468 -0.940411 0.296626 0.166255 -0.244925 0.241755 0.239405 0.94034 0.375284 
1535123815828 0.238805 0.925287 -0.294647 -0.634801 -0.940742 0.295678 0.166072 -0.245018 0.240784 0.237528 0.941065 0.375153 
1535123816071 0.238592 0.925995 -0.292587 -0.634877 -0.941097 0.294809 0.165604 -0.245188 0.239606 0.235841 0.94179 0.374971 
1535123816220 0.23822 0.926324 -0.291847 -0.634985 -0.94127 0.294245 0.165624 -0.245084 0.239296 0.235251 0.942016 0.374897 
1535123816377 0.238509 0.926259 -0.291816 -0.634921 -0.941187 0.294524 0.165597 -0.245143 0.239332 0.235157 0.94203 0.374917 
1535123816413 0.238946 0.926102 -0.291959 -0.634876 -0.941053 0.294989 0.165532 -0.245095 0.239424 0.235196 0.941997 0.374965 
1535123816586 0.240132 0.925869 -0.291724 -0.63478 -0.940943 0.295888 0.164551 -0.245165 0.23867 0.234982 0.942242 0.374902 
1535123816625 0.240701 0.92581 -0.291441 -0.63477 -0.940865 0.296314 0.164229 -0.245127 0.238403 0.234677 0.942386 0.37487 
1535123816802 0.241631 0.925813 -0.290664 -0.634752 -0.940909 0.296785 0.163123 -0.244975 0.237286 0.234073 0.942818 0.374831 
1535123816967 0.242648 0.925811 -0.28982 -0.634694 -0.940932 0.297325 0.162004 -0.244824 0.236156 0.23339 0.94327 0.374709 
1535123817888 0.243394 0.925786 -0.289273 -0.634661 -0.940912 0.297771 0.161299 -0.244722 0.235465 0.232921 0.943559 0.374644 
1535123817903 0.243334 0.92577 -0.289374 -0.634672 -0.940896 0.297763 0.161408 -0.244721 0.235592 0.232995 0.943509 0.374659 
1535123818112 0.243386 0.925716 -0.289505 -0.634499 -0.940782 0.297933 0.161754 -0.244698 0.235992 0.232992 0.94341 0.374796 
1535123818249 0.244045 0.925638 -0.289198 -0.634321 -0.940727 0.298395 0.161225 -0.244582 0.235532 0.23271 0.943595 0.374763 
1535123818469 0.245529 0.925481 -0.288445 -0.63392 -0.940482 0.29954 0.160529 -0.244453 0.234967 0.231863 0.943944 0.374958 
1535123818696 0.246834 0.925339 -0.287787 -0.633541 -0.9403 0.300515 0.159772 -0.244209 0.234328 0.231168 0.944273 0.37503 
1535123818925 0.248102 0.925193 -0.287165 -0.633154 -0.940101 0.301485 0.15911 -0.243954 0.233784 0.230489 0.944574 0.375108 
1535123818952 0.248384 0.925173 -0.286983 -0.633079 -0.940042 0.301709 0.159039 -0.243861 0.233724 0.230274 0.944641 0.375149 
1535123818977 0.248478 0.925192 -0.286841 -0.633 -0.940064 0.301727 0.15887 -0.243842 0.233533 0.230173 0.944713 0.375168 
1535123819221 0.247965 0.925208 -0.287235 -0.632682 -0.940093 0.30141 0.159303 -0.243671 0.233963 0.230526 0.94452 0.375298 
1535123819551 0.248034 0.925141 -0.28739 -0.631578 -0.939839 0.301735 0.160183 -0.243328 0.234907 0.230369 0.944324 0.375789 
1535123819916 0.248191 0.925002 -0.287702 -0.630071 -0.939615 0.302118 0.160775 -0.242981 0.235638 0.230426 0.944129 0.376322 
1535123819953 0.248337 0.924908 -0.287878 -0.629968 -0.939543 0.30232 0.160816 -0.242991 0.235771 0.230537 0.944068 0.37634 
1535123819967 0.248505 0.924809 -0.288051 -0.629906 -0.939471 0.302538 0.160828 -0.243012 0.235882 0.230649 0.944013 0.376332 
1535123820187 0.248068 0.925051 -0.287649 -0.629478 -0.939484 0.302151 0.16148 -0.242754 0.23629 0.230184 0.944024 0.376465 
1535123820501 0.247516 0.925315 -0.287278 -0.628164 -0.93924 0.301937 0.163289 -0.242357 0.237834 0.229406 0.943826 0.376938 
1535123820864 0.246758 0.925582 -0.28707 -0.626523 -0.938962 0.301634 0.165433 -0.241647 0.239711 0.228726 0.943516 0.37732 
1535123820899 0.246956 0.925487 -0.287205 -0.626329 -0.938834 0.301919 0.165635 -0.241736 0.240006 0.228733 0.943439 0.377343 
1535123820963 0.24726 0.925323 -0.28747 -0.626238 -0.938655 0.302351 0.165864 -0.241767 0.240394 0.228823 0.943319 0.377322 
1535123821192 0.246619 0.925512 -0.287414 -0.625904 -0.938811 0.301741 0.16609 -0.241335 0.240443 0.228867 0.943296 0.377578 
1535123821488 0.246619 0.925438 -0.287652 -0.625039 -0.938698 0.301892 0.166456 -0.241017 0.240884 0.228967 0.943159 0.377842 
1535123821860 0.246389 0.925283 -0.288346 -0.623288 -0.938357 0.302178 0.167853 -0.240411 0.242443 0.229214 0.942699 0.378547 
1535123822067 0.246636 0.925026 -0.28896 -0.622873 -0.938176 0.302635 0.168041 -0.240294 0.242892 0.22965 0.942478 0.378571 
1535123822088 0.246593 0.925054 -0.288907 -0.622782 -0.938176 0.302595 0.168112 -0.240239 0.242934 0.22959 0.942482 0.37862 
1535123822267 0.24669 0.924965 -0.28911 -0.62261 -0.938154 0.302721 0.16801 -0.24019 0.242923 0.229783 0.942437 0.378649 
1535123822463 0.246683 0.924923 -0.289249 -0.622341 -0.938286 0.302616 0.16746 -0.240032 0.242419 0.230089 0.942492 0.378706 
1535123822716 0.24675 0.924837 -0.289467 -0.621777 -0.938242 0.302745 0.167475 -0.239734 0.242522 0.230265 0.942423 0.378987 
1535123822913 0.247015 0.924617 -0.289943 -0.621496 -0.938204 0.303054 0.167129 -0.23968 0.242398 0.230742 0.942338 0.378951 
1535123823140 0.247088 0.924497 -0.290265 -0.620866 -0.938144 0.30322 0.167164 -0.239488 0.242557 0.231006 0.942233 0.379135 
1535123823174 0.246956 0.924524 -0.290289 -0.620751 -0.938175 0.303102 0.167202 -0.239371 0.242569 0.231051 0.942218 0.379179 
1535123823194 0.246973 0.924486 -0.290398 -0.620708 -0.938173 0.303135 0.167153 -0.239366 0.24256 0.231161 0.942194 0.379185 
1535123823483 0.247274 0.924302 -0.290725 -0.620424 -0.938101 0.303475 0.166942 -0.239196 0.242533 0.231449 0.94213 0.379243 
1535123823677 0.247465 0.924223 -0.290816 -0.620049 -0.938146 0.303582 0.166494 -0.239045 0.242164 0.231626 0.942182 0.379345 
1535123823929 0.247677 0.924057 -0.291163 -0.619425 -0.938055 0.30388 0.166463 -0.238678 0.2423 0.231897 0.94208 0.37964 
1535123824189 0.248026 0.923827 -0.291594 -0.618757 -0.938036 0.30422 0.165949 -0.238309 0.242017 0.232366 0.942037 0.379778 
1535123824368 0.248676 0.923559 -0.291887 -0.618373 -0.937873 0.304883 0.16565 -0.23832 0.241979 0.23256 0.941999 0.379891 
1535123824557 0.248861 0.923437 -0.292117 -0.618059 -0.937852 0.305074 0.165421 -0.238145 0.241873 0.232795 0.941968 0.38 
1535123825091 0.249004 0.923319 -0.292368 -0.617857 -0.937841 0.305229 0.165193 -0.238077 0.241765 0.233061 0.94193 0.379999 
1535123825325 0.248868 0.923373 -0.292312 -0.617541 -0.937788 0.305175 0.165594 -0.237876 0.242111 0.232916 0.941877 0.380231 
1535123825492 0.249261 0.923153 -0.292673 -0.617258 -0.937657 0.30564 0.165478 -0.237942 0.242215 0.23318 0.941785 0.380284 
1535123825639 0.249314 0.92304 -0.292983 -0.617048 -0.937577 0.30581 0.16562 -0.237765 0.242471 0.233403 0.941664 0.380308 
1535123825856 0.249368 0.922965 -0.293173 -0.616564 -0.937498 0.305957 0.165793 -0.237515 0.24272 0.233506 0.941574 0.380503 
1535123826027 0.249581 0.922804 -0.2935 -0.616292 -0.937403 0.306256 0.165778 -0.237512 0.242866 0.233753 0.941475 0.380545 
1535123826186 0.249568 0.92277 -0.293617 -0.616066 -0.93736 0.306309 0.165926 -0.237331 0.24305 0.233814 0.941413 0.380612 
1535123826777 0.249712 0.92266 -0.293842 -0.615848 -0.937291 0.306517 0.16593 -0.237271 0.243164 0.233981 0.941342 0.38064 
1535123826799 0.249673 0.922669 -0.293844 -0.615852 -0.937303 0.306478 0.165934 -0.237271 0.243159 0.233992 0.94134 0.380641 
1535123826827 0.249673 0.922656 -0.293886 -0.615889 -0.937301 0.306488 0.165926 -0.237282 0.243165 0.234032 0.941329 0.380627 
1535123827002 0.249385 0.922945 -0.293224 -0.615762 -0.937375 0.306097 0.166233 -0.237127 0.243179 0.233404 0.941481 0.380744 
1535123827197 0.249427 0.922949 -0.293176 -0.615295 -0.937273 0.306215 0.166588 -0.237046 0.243527 0.233235 0.941433 0.380843 
1535123827225 0.249316 0.923024 -0.293033 -0.615168 -0.937297 0.306089 0.166687 -0.236975 0.24355 0.233101 0.94146 0.380902 
1535123827368 0.249583 0.922931 -0.293099 -0.614997 -0.937181 0.306398 0.166768 -0.237027 0.24372 0.233065 0.941425 0.380923 
1535123827808 0.249424 0.922968 -0.293117 -0.614741 -0.937174 0.306297 0.166992 -0.236945 0.243909 0.23305 0.94138 0.380921 
1535123827825 0.249424 0.922968 -0.293118 -0.614741 -0.937174 0.306297 0.166992 -0.236945 0.243909 0.233051 0.94138 0.38092 
1535123827986 0.249469 0.922909 -0.293266 -0.614744 -0.937139 0.306389 0.167024 -0.236899 0.244002 0.233163 0.941328 0.380935 
1535123828076 0.249312 0.922895 -0.293441 -0.614582 -0.937207 0.306246 0.166903 -0.236751 0.243899 0.233404 0.941295 0.381083 
1535123828218 0.249575 0.922773 -0.293601 -0.614294 -0.937113 0.306548 0.166874 -0.236807 0.24399 0.23349 0.94125 0.381154 
1535123828323 0.249415 0.922807 -0.293631 -0.614098 -0.937133 0.306423 0.166991 -0.23659 0.244076 0.233521 0.94122 0.381234 
1535123828489 0.249681 0.922656 -0.293881 -0.613787 -0.937126 0.30666 0.166597 -0.236734 0.243833 0.233808 0.941212 0.381248 
1535123828575 0.249325 0.922738 -0.293925 -0.613623 -0.937198 0.306351 0.166759 -0.236507 0.243919 0.233889 0.941169 0.381384 
1535123828700 0.249412 0.922677 -0.294041 -0.613377 -0.937117 0.306511 0.166924 -0.236454 0.244144 0.233918 0.941104 0.381506 
1535123828789 0.249456 0.922661 -0.294054 -0.613146 -0.93713 0.306531 0.16681 -0.236357 0.244046 0.233955 0.94112 0.381579 
1535123828814 0.249448 0.922629 -0.294162 -0.613126 -0.937155 0.306521 0.166691 -0.236381 0.243961 0.234094 0.941107 0.381561 
1535123829008 0.249616 0.922571 -0.2942 -0.612745 -0.937042 0.306753 0.166896 -0.23622 0.24422 0.234018 0.941059 0.381706 
1535123829259 0.249801 0.922675 -0.293718 -0.612114 -0.937003 0.306832 0.166969 -0.235761 0.24418 0.233506 0.941197 0.381845 
1535123829517 0.250245 0.922621 -0.293509 -0.611468 -0.936871 0.30723 0.166979 -0.235492 0.244233 0.233194 0.94126 0.382068 
1535123829702 0.250416 0.922564 -0.293542 -0.611089 -0.936866 0.30736 0.166768 -0.235399 0.244077 0.233248 0.941287 0.382055 
1535123829884 0.250669 0.922544 -0.29339 -0.61078 -0.936782 0.307589 0.166818 -0.235298 0.24414 0.233027 0.941326 0.382197 
1535123830075 0.250818 0.922511 -0.293366 -0.610455 -0.936721 0.307747 0.166868 -0.235192 0.24422 0.232949 0.941324 0.382314 
1535123830365 0.250922 0.9225 -0.293314 -0.610222 -0.936721 0.30781 0.166754 -0.235072 0.244115 0.232911 0.941361 0.382312 
1535123830389 0.250923 0.922499 -0.293314 -0.610222 -0.936721 0.307812 0.166753 -0.235072 0.244115 0.232911 0.941361 0.382313 
1535123830640 0.251224 0.922459 -0.293183 -0.609746 -0.936437 0.308267 0.167501 -0.234857 0.244891 0.232467 0.941269 0.382562 
1535123830814 0.251398 0.922324 -0.293459 -0.609448 -0.936294 0.308575 0.167737 -0.234743 0.245262 0.232595 0.941141 0.382473 
1535123830991 0.251801 0.922166 -0.293609 -0.609109 -0.936105 0.309063 0.167894 -0.234716 0.24557 0.232573 0.941066 0.38253 
1535123831176 0.251924 0.922169 -0.293494 -0.608814 -0.935997 0.309229 0.168187 -0.234524 0.245854 0.23234 0.94105 0.382641 
1535123831439 0.252045 0.922165 -0.293402 -0.608184 -0.93582 0.309464 0.168741 -0.234237 0.246404 0.232041 0.940979 0.38281 
1535123831616 0.252319 0.922028 -0.293598 -0.607896 -0.935607 0.309892 0.169133 -0.234085 0.246929 0.232017 0.940848 0.382834 
1535123832126 0.252624 0.921943 -0.293603 -0.607625 -0.935471 0.310233 0.16926 -0.234028 0.247133 0.231899 0.940823 0.382821 
1535123832359 0.252353 0.92218 -0.29309 -0.607578 -0.935608 0.309822 0.169258 -0.233791 0.246892 0.231504 0.940984 0.382966 
1535123832591 0.252961 0.922246 -0.292357 -0.606902 -0.935454 0.310256 0.169311 -0.233582 0.246852 0.230657 0.941202 0.38309 
1535123832881 0.253431 0.922473 -0.291233 -0.606015 -0.935413 0.310417 0.169242 -0.233058 0.246525 0.229532 0.941563 0.383275 
1535123833114 0.253937 0.922635 -0.290278 -0.605384 -0.935308 0.310695 0.169314 -0.232705 0.246403 0.228504 0.941845 0.38351 
1535123833148 0.254037 0.922663 -0.290099 -0.605226 -0.935298 0.310742 0.169287 -0.232651 0.246341 0.228324 0.941905 0.38353 
1535123833166 0.254112 0.922647 -0.290086 -0.605175 -0.935288 0.310801 0.169232 -0.232668 0.2463 0.22831 0.941919 0.383512 
1535123833360 0.254127 0.922694 -0.289924 -0.604957 -0.935282 0.310787 0.169289 -0.232573 0.246306 0.22814 0.941958 0.383554 
1535123833613 0.253953 0.9229 -0.28942 -0.604322 -0.935295 0.31056 0.169634 -0.2322 0.246437 0.227614 0.942051 0.383833 
1535123833790 0.254135 0.922863 -0.289376 -0.603991 -0.935277 0.310697 0.169482 -0.232153 0.246317 0.227576 0.942092 0.383811 
1535123834051 0.254083 0.923039 -0.288862 -0.603323 -0.935273 0.310569 0.169736 -0.23188 0.246385 0.227038 0.942204 0.384044 
1535123834295 0.254118 0.9232 -0.288316 -0.60265 -0.935306 0.310464 0.169752 -0.23159 0.246226 0.226526 0.942368 0.384152 
1535123834517 0.254461 0.923114 -0.288288 -0.602363 -0.935212 0.310786 0.169677 -0.231628 0.246227 0.226434 0.942391 0.38416 
1535123834538 0.254459 0.923113 -0.288292 -0.602364 -0.935212 0.310786 0.169678 -0.231626 0.246229 0.226438 0.942389 0.384159 
1535123834768 0.254073 0.923309 -0.288006 -0.602297 -0.935275 0.310403 0.170032 -0.231396 0.246391 0.226164 0.942413 0.38422 
1535123835005 0.253911 0.923678 -0.286963 -0.601566 -0.935322 0.310054 0.17041 -0.231068 0.246378 0.225133 0.942663 0.384257 
1535123835052 0.253992 0.923732 -0.286719 -0.601362 -0.935283 0.310101 0.170537 -0.231006 0.246443 0.224848 0.942714 0.384296 
1535123835201 0.25395 0.923809 -0.286506 -0.601141 -0.935273 0.310041 0.170701 -0.230905 0.246524 0.224612 0.942749 0.38427 
1535123835257 0.25386 0.923928 -0.286204 -0.600931 -0.935297 0.3099 0.170827 -0.230767 0.246526 0.22432 0.942818 0.384324 
1535123835607 0.25413 0.923943 -0.285913 -0.600599 -0.935152 0.310169 0.171131 -0.230753 0.246796 0.223883 0.942851 0.384355 
1535123835803 0.253871 0.924119 -0.285577 -0.600889 -0.935393 0.309705 0.170655 -0.230689 0.24615 0.223802 0.943039 0.384298 
1535123835998 0.254699 0.924415 -0.283876 -0.60068 -0.935425 0.309948 0.170035 -0.230542 0.24517 0.222237 0.943665 0.384157 
1535123836199 0.255217 0.924813 -0.282109 -0.600481 -0.935545 0.309882 0.169494 -0.230382 0.24417 0.220668 0.944292 0.384079 
1535123836405 0.25575 0.925173 -0.280441 -0.600241 -0.935658 0.309853 0.168921 -0.23027 0.243177 0.219196 0.944891 0.383922 
1535123836468 0.256024 0.925332 -0.279665 -0.600154 -0.935656 0.309908 0.168837 -0.230174 0.2429 0.218444 0.945136 0.383861 
1535123836841 0.256322 0.925563 -0.278625 -0.600068 -0.935714 0.309877 0.168566 -0.230021 0.242358 0.217506 0.945491 0.383801 
1535123836857 0.25631 0.925558 -0.278654 -0.600071 -0.935723 0.309866 0.168537 -0.230029 0.242336 0.217545 0.945488 0.383811 
1535123837086 0.256408 0.92561 -0.27839 -0.600205 -0.935743 0.30987 0.168421 -0.230116 0.242157 0.217317 0.945586 0.383708 
1535123837369 0.257371 0.926354 -0.275005 -0.600275 -0.936134 0.309591 0.166752 -0.229985 0.23961 0.214525 0.946872 0.383474 
1535123837535 0.257915 0.926535 -0.273886 -0.600345 -0.936204 0.309715 0.166129 -0.22995 0.23875 0.213566 0.947305 0.38333 
1535123837709 0.258379 0.926696 -0.272901 -0.600437 -0.936296 0.309786 0.165474 -0.229945 0.237885 0.212761 0.947704 0.38317 
1535123837955 0.259123 0.927144 -0.270665 -0.600458 -0.936438 0.30979 0.16466 -0.229911 0.236513 0.210794 0.948487 0.383038 
1535123838097 0.259341 0.927347 -0.269759 -0.60055 -0.936579 0.30966 0.164105 -0.229787 0.235716 0.210092 0.948841 0.382916 
1535123839537 0.248376 0.926263 -0.283455 -0.572256 -0.938326 0.302727 0.167035 -0.216614 0.240527 0.224486 0.944327 0.403116 
1535123841836 0.213096 0.919729 -0.329681 -0.472721 -0.943977 0.280838 0.173311 -0.171059 0.251986 0.274279 0.928048 0.473823 
