1530613594865 -0.0807276 -0.148621 0.985594 0.442889 -0.991874 0.109525 -0.0647263 -0.496875 -0.0983279 -0.98281 -0.156255 0.445716 
1530613599867 -0.0807278 -0.148621 0.985594 0.442889 -0.991874 0.109526 -0.0647265 -0.496875 -0.0983284 -0.98281 -0.156255 0.445716 
1530613600363 -0.0741833 -0.149348 0.985998 0.437322 -0.99234 0.108991 -0.0581518 -0.496395 -0.09878 -0.98276 -0.156289 0.445343 
1530613600881 -0.0678093 -0.150239 0.986322 0.431631 -0.992751 0.10849 -0.0517259 -0.495976 -0.0992349 -0.982679 -0.156506 0.444846 
1530613601410 -0.0611688 -0.151016 0.986637 0.426052 -0.993129 0.108006 -0.0450397 -0.495431 -0.0997614 -0.982613 -0.156585 0.444412 
1530613601931 -0.0545145 -0.151748 0.986915 0.420481 -0.993471 0.107446 -0.0383558 -0.494916 -0.10022 -0.982562 -0.156615 0.444015 
1530613602447 -0.0478964 -0.152521 0.987139 0.414893 -0.993756 0.106978 -0.0316885 -0.494403 -0.100769 -0.982493 -0.156693 0.443579 
1530613602986 -0.0413143 -0.15332 0.987313 0.409283 -0.993996 0.106505 -0.0250548 -0.493922 -0.101312 -0.98242 -0.1568 0.443088 
1530613603505 -0.0348066 -0.154116 0.987439 0.403716 -0.994194 0.105998 -0.018501 -0.493456 -0.101815 -0.982351 -0.156911 0.442638 
1530613604028 -0.0282156 -0.154815 0.98754 0.398309 -0.994364 0.105347 -0.0118955 -0.493026 -0.102193 -0.982311 -0.156915 0.442286 
1530613604521 -0.0218613 -0.155623 0.987575 0.393873 -0.994467 0.104907 -0.00548257 -0.49265 -0.10275 -0.98223 -0.157055 0.441769 
1530613604541 -0.0218496 -0.155585 0.987581 0.393846 -0.99448 0.104779 -0.00549523 -0.492661 -0.102623 -0.98225 -0.157015 0.441814 
1530613604799 -0.0211661 -0.155663 0.987583 0.393169 -0.994479 0.104825 -0.00479137 -0.492591 -0.102777 -0.982233 -0.157022 0.441773 
1530613605034 -0.0204311 -0.155834 0.987572 0.392521 -0.994481 0.104839 -0.00403106 -0.49246 -0.102907 -0.982204 -0.157116 0.441644 
1530613605273 -0.0198041 -0.155828 0.987586 0.391799 -0.99449 0.104777 -0.00341018 -0.492359 -0.102945 -0.982212 -0.157044 0.441649 
1530613605506 -0.0189897 -0.156012 0.987573 0.391125 -0.994498 0.104722 -0.00257951 -0.49227 -0.103018 -0.982188 -0.157142 0.441557 
1530613605744 -0.018297 -0.156096 0.987572 0.390399 -0.994501 0.104712 -0.00187456 -0.49218 -0.103118 -0.982176 -0.157153 0.4415 
1530613605988 -0.0176577 -0.156176 0.987571 0.389704 -0.994502 0.104708 -0.00122296 -0.492107 -0.103216 -0.982164 -0.157166 0.441467 
1530613606237 -0.0170271 -0.156151 0.987586 0.388965 -0.994523 0.104515 -0.000621321 -0.492039 -0.103121 -0.982188 -0.157076 0.441507 
1530613606478 -0.016297 -0.156329 0.987571 0.388296 -0.994543 0.104331 0.000103155 -0.492007 -0.10305 -0.982179 -0.157177 0.44143 
1530613606746 -0.0155578 -0.156323 0.987583 0.387743 -0.99453 0.10445 0.000865986 -0.491903 -0.103288 -0.982168 -0.157093 0.441392 
1530613606763 -0.0155804 -0.156304 0.987586 0.387732 -0.994534 0.104409 0.000834674 -0.491921 -0.103243 -0.982175 -0.157076 0.44141 
1530613606916 -0.0155669 -0.156264 0.987593 0.387685 -0.994538 0.104368 0.000837411 -0.491916 -0.103204 -0.982186 -0.157035 0.441423 
1530613607124 -0.0152722 -0.156336 0.987586 0.387622 -0.994536 0.104384 0.00114438 -0.491826 -0.103267 -0.982173 -0.157076 0.441374 
1530613607266 -0.0152663 -0.156304 0.987591 0.387551 -0.99454 0.104354 0.00114223 -0.491831 -0.103238 -0.982181 -0.157043 0.441405 
1530613607391 -0.0152714 -0.156229 0.987603 0.38745 -0.994545 0.104306 0.00112147 -0.491845 -0.103188 -0.982198 -0.15697 0.441457 
1530613607584 -0.0151937 -0.156297 0.987593 0.387346 -0.994544 0.104311 0.00120768 -0.491847 -0.103205 -0.982187 -0.157029 0.441414 
1530613607772 -0.015222 -0.156393 0.987578 0.387241 -0.99453 0.104447 0.00121109 -0.491829 -0.103339 -0.982157 -0.157128 0.441339 
1530613607946 -0.0150141 -0.156388 0.987582 0.387143 -0.994535 0.104392 0.00141109 -0.491787 -0.103316 -0.982163 -0.157101 0.441376 
1530613608088 -0.0149636 -0.156398 0.987581 0.387065 -0.994539 0.10436 0.00145795 -0.49179 -0.103292 -0.982165 -0.157106 0.441383 
1530613608194 -0.0150462 -0.156383 0.987582 0.386968 -0.99454 0.104345 0.00137065 -0.491831 -0.103263 -0.982169 -0.157099 0.441391 
1530613608210 -0.0150372 -0.156373 0.987584 0.386954 -0.99454 0.104346 0.00137892 -0.491833 -0.103266 -0.982171 -0.157088 0.441392 
1530613608434 -0.0158905 -0.156169 0.987603 0.386967 -0.994418 0.10551 0.000684115 -0.491866 -0.104309 -0.982079 -0.156974 0.441381 
1530613608627 -0.0162057 -0.156074 0.987612 0.387046 -0.994301 0.10661 0.000532432 -0.491768 -0.105373 -0.981975 -0.156912 0.441329 
1530613608822 -0.0166446 -0.155865 0.987638 0.38717 -0.994179 0.10774 0.000248269 -0.491656 -0.106447 -0.981885 -0.156751 0.441311 
1530613609012 -0.0171968 -0.155618 0.987668 0.387209 -0.994064 0.1088 -0.000165594 -0.491607 -0.107432 -0.981807 -0.156565 0.441355 
1530613609207 -0.0179344 -0.155464 0.987679 0.387223 -0.993947 0.109862 -0.00075555 -0.491594 -0.108391 -0.981713 -0.156493 0.441343 
1530613609455 -0.0184978 -0.155108 0.987724 0.387313 -0.993784 0.111321 -0.00113 -0.491525 -0.109779 -0.981605 -0.156203 0.441283 
1530613609668 -0.0190142 -0.154887 0.987749 0.387355 -0.993676 0.112274 -0.00152269 -0.491463 -0.110663 -0.981532 -0.156043 0.441341 
1530613609914 -0.0195938 -0.15477 0.987756 0.387377 -0.993533 0.113523 -0.00192057 -0.491417 -0.111836 -0.981406 -0.155994 0.441303 
1530613610113 -0.0201012 -0.154483 0.987791 0.387444 -0.993406 0.11463 -0.00228817 -0.49138 -0.112877 -0.981323 -0.155768 0.441272 
1530613610130 -0.0201256 -0.154454 0.987795 0.387454 -0.993399 0.114686 -0.00230716 -0.491373 -0.11293 -0.981321 -0.155743 0.44127 
1530613610352 -0.0203991 -0.155125 0.987684 0.387588 -0.993538 0.113464 -0.00269946 -0.491352 -0.111648 -0.981357 -0.156437 0.441357 
1530613610570 -0.0207654 -0.155763 0.987576 0.387776 -0.993684 0.112168 -0.00320253 -0.491326 -0.110275 -0.981405 -0.157108 0.441532 
1530613610794 -0.0211215 -0.156459 0.987459 0.387921 -0.993814 0.110996 -0.00367054 -0.491337 -0.10903 -0.981428 -0.157835 0.441609 
1530613611064 -0.0214029 -0.157132 0.987346 0.388097 -0.99399 0.109391 -0.00413784 -0.491315 -0.107356 -0.9815 -0.158529 0.441877 
1530613611294 -0.0216594 -0.157764 0.987239 0.388316 -0.994102 0.108357 -0.00449416 -0.49129 -0.106265 -0.981514 -0.159181 0.441917 
1530613611534 -0.021946 -0.158443 0.987124 0.38849 -0.994246 0.107009 -0.00492827 -0.491282 -0.104851 -0.981552 -0.15988 0.442137 
1530613611802 -0.0222839 -0.159211 0.986993 0.388611 -0.994387 0.105662 -0.00540655 -0.491241 -0.103427 -0.981574 -0.160672 0.442244 
1530613612059 -0.0226319 -0.159888 0.986876 0.388793 -0.99452 0.104385 -0.00589539 -0.491297 -0.102072 -0.981601 -0.161374 0.44234 
1530613612265 -0.0231433 -0.160507 0.986763 0.388833 -0.994614 0.10344 -0.00650195 -0.491337 -0.101027 -0.9816 -0.162037 0.442404 
1530613612283 -0.023104 -0.160569 0.986754 0.388837 -0.994623 0.103363 -0.00646852 -0.491332 -0.100956 -0.981598 -0.162093 0.442404 
1530613612531 -0.0232994 -0.159453 0.986931 0.389015 -0.99467 0.102884 -0.00685977 -0.491275 -0.100445 -0.98183 -0.161 0.442393 
1530613612759 -0.023702 -0.158571 0.987063 0.389081 -0.994702 0.102535 -0.00741324 -0.491275 -0.100033 -0.982009 -0.160161 0.442237 
1530613612973 -0.0239448 -0.157584 0.987215 0.389201 -0.994773 0.101807 -0.00787716 -0.491303 -0.0992644 -0.982244 -0.159198 0.442235 
1530613613187 -0.0242079 -0.156623 0.987362 0.389317 -0.994815 0.101365 -0.00831127 -0.491272 -0.0987825 -0.982443 -0.158265 0.442132 
1530613613405 -0.0244988 -0.155663 0.987506 0.389434 -0.994857 0.100905 -0.00877529 -0.491257 -0.0982784 -0.982643 -0.157334 0.442017 
1530613613631 -0.0247547 -0.154706 0.98765 0.389563 -0.994904 0.100405 -0.00920899 -0.491248 -0.0977407 -0.982845 -0.156403 0.441921 
1530613613946 -0.024888 -0.153672 0.987808 0.389745 -0.994959 0.099831 -0.00953752 -0.491213 -0.0971482 -0.983066 -0.155382 0.441829 
1530613614228 -0.0251404 -0.15258 0.987971 0.38984 -0.995025 0.0991179 -0.0100124 -0.4912 -0.096398 -0.983308 -0.154313 0.441886 
1530613614450 -0.0255703 -0.151778 0.988084 0.389891 -0.995054 0.0987658 -0.0105795 -0.491283 -0.0959831 -0.983468 -0.153553 0.441794 
1530613614467 -0.0255462 -0.151775 0.988085 0.389901 -0.995054 0.0987708 -0.0105547 -0.491276 -0.095992 -0.983468 -0.153547 0.441786 
1530613614682 -0.0256855 -0.151074 0.988189 0.389988 -0.995093 0.098345 -0.01083 -0.49128 -0.0955473 -0.983618 -0.152859 0.441828 
1530613614910 -0.0257137 -0.150396 0.988291 0.390083 -0.995117 0.0980874 -0.0109646 -0.491273 -0.0952899 -0.983748 -0.152184 0.441811 
1530613615133 -0.0258834 -0.149915 0.98836 0.39016 -0.995122 0.0980168 -0.0111932 -0.491285 -0.0951979 -0.983828 -0.15172 0.441681 
1530613615315 -0.0258659 -0.149293 0.988455 0.390194 -0.995162 0.0975914 -0.0113016 -0.491287 -0.0947774 -0.983965 -0.151095 0.441694 
1530613615503 -0.0260382 -0.148593 0.988556 0.390266 -0.995191 0.0972691 -0.0115921 -0.491304 -0.0944334 -0.984103 -0.150411 0.441695 
1530613615825 -0.0261832 -0.147332 0.98874 0.3904 -0.995226 0.0968692 -0.0119205 -0.491287 -0.0940222 -0.984332 -0.149165 0.441575 
1530613616048 -0.0263845 -0.146707 0.988828 0.390502 -0.995249 0.0965954 -0.0122244 -0.491282 -0.0937228 -0.984452 -0.148559 0.441544 
1530613616250 -0.0264459 -0.146094 0.988917 0.39055 -0.995261 0.0964468 -0.0123673 -0.491291 -0.0935711 -0.984558 -0.147953 0.441547 
1530613616267 -0.0264302 -0.146103 0.988916 0.390551 -0.995263 0.0964362 -0.0123522 -0.491289 -0.0935626 -0.984558 -0.14796 0.441542 
1530613616592 -0.0265102 -0.146385 0.988872 0.390613 -0.995242 0.0966426 -0.0123747 -0.491361 -0.0937557 -0.984496 -0.148251 0.441598 
1530613616867 -0.0263671 -0.146787 0.988817 0.390695 -0.995231 0.0967832 -0.0121709 -0.491357 -0.0939143 -0.984422 -0.148639 0.441622 
1530613617052 -0.0263608 -0.146839 0.988809 0.390753 -0.995227 0.0968279 -0.0121529 -0.491442 -0.0939598 -0.98441 -0.14869 0.441749 
1530613617250 -0.0261543 -0.147086 0.988778 0.390871 -0.995221 0.0969154 -0.011908 -0.491445 -0.0940763 -0.984364 -0.148918 0.441814 
1530613617460 -0.0260394 -0.147615 0.988702 0.390988 -0.99521 0.0970595 -0.0117196 -0.491432 -0.0942329 -0.984271 -0.149436 0.441782 
1530613617644 -0.0260141 -0.147719 0.988687 0.391042 -0.995212 0.0970371 -0.0116876 -0.491506 -0.0942129 -0.984258 -0.149536 0.441895 
1530613617855 -0.026019 -0.148186 0.988617 0.391066 -0.995197 0.0971992 -0.0116227 -0.491558 -0.0943705 -0.984171 -0.150003 0.441929 
1530613618054 -0.0260909 -0.148399 0.988583 0.391124 -0.995194 0.0972211 -0.0116712 -0.491631 -0.0943792 -0.984137 -0.150223 0.44202 
1530613618225 -0.0258696 -0.148487 0.988576 0.391231 -0.995201 0.0971796 -0.0114464 -0.491627 -0.0943698 -0.984128 -0.150288 0.442107 
1530613618243 -0.0258205 -0.148518 0.988573 0.391246 -0.995205 0.0971404 -0.0113999 -0.491621 -0.0943373 -0.984127 -0.150314 0.442113 
1530613618477 -0.0259332 -0.148881 0.988515 0.391404 -0.995187 0.0973238 -0.0114503 -0.491614 -0.0945013 -0.984054 -0.150688 0.44216 
1530613618745 -0.0261999 -0.149227 0.988456 0.391385 -0.995197 0.0971933 -0.0117053 -0.491712 -0.0943245 -0.984015 -0.151057 0.442357 
1530613618937 -0.026151 -0.149559 0.988407 0.391533 -0.995176 0.0974179 -0.0115895 -0.491629 -0.0945552 -0.983942 -0.151385 0.442382 
1530613619271 -0.0264451 -0.150029 0.988328 0.391556 -0.995177 0.09738 -0.011846 -0.491739 -0.0944662 -0.983874 -0.15188 0.442496 
1530613619489 -0.0266058 -0.150437 0.988262 0.391675 -0.995154 0.0975971 -0.0119348 -0.491717 -0.094656 -0.98379 -0.152305 0.44252 
1530613619683 -0.0266919 -0.150654 0.988226 0.391744 -0.995155 0.097579 -0.0120032 -0.491739 -0.0946218 -0.983759 -0.152529 0.442679 
1530613619874 -0.026792 -0.150992 0.988172 0.391864 -0.995159 0.0975286 -0.0120792 -0.491758 -0.0945511 -0.983712 -0.152874 0.442775 
1530613620165 -0.0267298 -0.15139 0.988113 0.392004 -0.995194 0.0971763 -0.0120329 -0.491741 -0.0941995 -0.983686 -0.15326 0.443001 
1530613620346 -0.0271025 -0.151767 0.988045 0.391992 -0.995152 0.0975787 -0.0123091 -0.491795 -0.094544 -0.983588 -0.153676 0.442904 
1530613620363 -0.0271093 -0.151804 0.988039 0.391988 -0.995154 0.0975584 -0.0123154 -0.491796 -0.0945219 -0.983584 -0.153714 0.442912 
1530613620612 -0.027614 -0.151454 0.988079 0.391997 -0.995138 0.0976498 -0.0128434 -0.491858 -0.0945405 -0.983629 -0.153414 0.442964 
1530613620877 -0.0273761 -0.151058 0.988146 0.392227 -0.995169 0.0973539 -0.0126882 -0.491781 -0.0942832 -0.983719 -0.152993 0.443013 
1530613621067 -0.0277095 -0.150868 0.988165 0.39227 -0.995161 0.0973902 -0.0130366 -0.491838 -0.0942708 -0.983745 -0.152837 0.44305 
1530613621271 -0.0278814 -0.150643 0.988195 0.392337 -0.995155 0.0974272 -0.0132257 -0.491839 -0.0942848 -0.983776 -0.152629 0.443027 
1530613621421 -0.0282176 -0.15041 0.988221 0.392406 -0.995142 0.0975053 -0.0135747 -0.491859 -0.094315 -0.983804 -0.152431 0.44303 
1530613621619 -0.0281568 -0.149968 0.98829 0.392619 -0.995157 0.0973558 -0.0135792 -0.49178 -0.0941793 -0.983886 -0.151983 0.443093 
1530613621802 -0.0284036 -0.149785 0.98831 0.392678 -0.995153 0.0973586 -0.0138449 -0.491821 -0.0941468 -0.983913 -0.151825 0.443079 
1530613621981 -0.0287086 -0.149515 0.988343 0.392725 -0.995144 0.097408 -0.0141704 -0.49186 -0.0941538 -0.98395 -0.151585 0.443099 
1530613622158 -0.0288967 -0.14927 0.988374 0.392806 -0.99515 0.0973098 -0.0143985 -0.491871 -0.0940292 -0.983997 -0.151358 0.443132 
1530613622177 -0.0289013 -0.149222 0.988381 0.392827 -0.995151 0.0972926 -0.0144104 -0.491865 -0.0940118 -0.984006 -0.151311 0.443138 
1530613622381 -0.0288626 -0.14897 0.98842 0.392961 -0.995166 0.0971383 -0.0144193 -0.491844 -0.0938655 -0.984059 -0.151054 0.443144 
1530613622588 -0.0289125 -0.148654 0.988466 0.393101 -0.995146 0.0973425 -0.0144686 -0.49184 -0.094069 -0.984087 -0.150747 0.44308 
1530613622745 -0.0291542 -0.148399 0.988498 0.393167 -0.995139 0.0973705 -0.0147323 -0.491874 -0.0940643 -0.984122 -0.150516 0.443028 
1530613623047 -0.0293079 -0.14785 0.988575 0.393315 -0.995127 0.0974612 -0.014926 -0.491863 -0.094141 -0.984196 -0.149986 0.443071 
1530613623277 -0.0296604 -0.147244 0.988655 0.393458 -0.995126 0.0974081 -0.0153472 -0.491965 -0.0940433 -0.984292 -0.149416 0.443021 
1530613623446 -0.0296582 -0.146954 0.988699 0.393611 -0.995136 0.0973011 -0.0153891 -0.491952 -0.09394 -0.984346 -0.149125 0.443038 
1530613623643 -0.029772 -0.146634 0.988743 0.393736 -0.995141 0.097228 -0.0155453 -0.491968 -0.093854 -0.984401 -0.148816 0.44304 
1530613623829 -0.0299401 -0.146247 0.988795 0.39382 -0.995127 0.0973388 -0.0157351 -0.491972 -0.0939469 -0.984448 -0.148448 0.443031 
1530613623849 -0.0299608 -0.146197 0.988802 0.393828 -0.995125 0.0973517 -0.0157587 -0.491973 -0.0939577 -0.984454 -0.148401 0.443035 
1530613624026 -0.0301984 -0.14633 0.988775 0.39393 -0.995111 0.0974582 -0.015969 -0.492003 -0.0940275 -0.984423 -0.148557 0.443072 
1530613624277 -0.0302733 -0.146445 0.988756 0.394138 -0.995098 0.0975928 -0.016013 -0.49199 -0.0941504 -0.984393 -0.148681 0.443157 
1530613624497 -0.0305044 -0.146579 0.988729 0.394256 -0.995075 0.097794 -0.0162023 -0.492026 -0.0943168 -0.984353 -0.14884 0.443219 
1530613624689 -0.0306876 -0.146712 0.988703 0.394375 -0.995071 0.0978009 -0.0163728 -0.492066 -0.094294 -0.984333 -0.14899 0.443288 
1530613624900 -0.0309056 -0.146936 0.988663 0.3945 -0.995037 0.0981214 -0.0165219 -0.492076 -0.0945813 -0.984267 -0.149239 0.443267 
1530613625130 -0.0309818 -0.147332 0.988602 0.394893 -0.995046 0.0980201 -0.0165757 -0.492046 -0.0944607 -0.984218 -0.14964 0.443395 
1530613625521 -0.0313611 -0.147496 0.988565 0.394945 -0.995025 0.0981765 -0.0169179 -0.492153 -0.0945586 -0.984178 -0.149841 0.443455 
1530613625690 -0.0314089 -0.147619 0.988545 0.395031 -0.995007 0.098361 -0.016926 -0.492109 -0.0947357 -0.984141 -0.149972 0.443439 
1530613625711 -0.0314576 -0.14766 0.988538 0.395045 -0.995002 0.0984079 -0.0169639 -0.492107 -0.094775 -0.98413 -0.150018 0.443434 
1530613625917 -0.0314826 -0.147766 0.988521 0.395228 -0.995006 0.0983613 -0.0169859 -0.492088 -0.0947223 -0.984119 -0.150125 0.443509 
1530613626136 -0.031928 -0.147986 0.988474 0.395314 -0.994964 0.0987183 -0.0173584 -0.492142 -0.0950116 -0.98405 -0.150392 0.44354 
1530613626330 -0.0319066 -0.148112 0.988456 0.39558 -0.994979 0.0985691 -0.0173474 -0.492107 -0.0948619 -0.984046 -0.150514 0.443653 
1530613626586 -0.032439 -0.148698 0.98835 0.395871 -0.994935 0.0989419 -0.0177692 -0.492124 -0.095147 -0.98392 -0.151154 0.443722 
1530613626808 -0.0327706 -0.148872 0.988313 0.395992 -0.99493 0.0989312 -0.0180878 -0.49221 -0.0950822 -0.983895 -0.151359 0.443826 
1530613627008 -0.032991 -0.149106 0.988271 0.396158 -0.994918 0.0990132 -0.0182742 -0.492188 -0.0951271 -0.983852 -0.151615 0.443849 
1530613627178 -0.0330926 -0.149211 0.988251 0.396354 -0.994922 0.0989625 -0.0183741 -0.492194 -0.0950582 -0.983841 -0.151728 0.443951 
1530613627351 -0.033465 -0.14945 0.988203 0.396427 -0.994896 0.0991622 -0.018695 -0.492215 -0.0951984 -0.983784 -0.152005 0.443943 
1530613627558 -0.032907 -0.14915 0.988267 0.39642 -0.994935 0.0988569 -0.0182094 -0.492163 -0.0949811 -0.98386 -0.151648 0.443988 
1530613627777 -0.0337248 -0.149167 0.988237 0.396545 -0.994895 0.0991097 -0.0189921 -0.492277 -0.0951109 -0.983833 -0.151748 0.444071 
1530613628038 -0.0340233 -0.149325 0.988203 0.396917 -0.994855 0.0994665 -0.0192222 -0.49223 -0.0954227 -0.983773 -0.151941 0.444011 
1530613628259 -0.0345435 -0.149195 0.988204 0.39713 -0.994842 0.0994969 -0.0197539 -0.492332 -0.0953761 -0.983789 -0.151863 0.444172 
1530613628450 -0.0348205 -0.149221 0.988191 0.397399 -0.994821 0.099655 -0.0200058 -0.492308 -0.0954928 -0.983769 -0.151918 0.44426 
1530613628655 -0.0352754 -0.149345 0.988156 0.397717 -0.994791 0.0998686 -0.0204187 -0.492326 -0.0956363 -0.983729 -0.15209 0.444245 
1530613628861 -0.0357404 -0.149325 0.988142 0.397973 -0.99477 0.099985 -0.0208707 -0.492368 -0.0956829 -0.98372 -0.152117 0.444335 
1530613629072 -0.0361272 -0.149138 0.988156 0.398276 -0.994763 0.0999649 -0.0212815 -0.492399 -0.095607 -0.98375 -0.151969 0.444512 
1530613629273 -0.0366108 -0.149318 0.988111 0.398498 -0.994728 0.100225 -0.0217106 -0.492416 -0.0957913 -0.983697 -0.1522 0.444532 
1530613629492 -0.0371356 -0.149238 0.988104 0.398661 -0.994692 0.100469 -0.0222088 -0.492477 -0.0959597 -0.983684 -0.152177 0.444594 
1530613629512 -0.0371179 -0.149215 0.988108 0.398675 -0.994693 0.100467 -0.0221937 -0.492477 -0.0959611 -0.983688 -0.152152 0.444606 
1530613629722 -0.0374995 -0.149231 0.988091 0.398871 -0.994671 0.100602 -0.0225552 -0.49252 -0.0960385 -0.983671 -0.152209 0.444682 
1530613629933 -0.0379292 -0.149319 0.988061 0.399173 -0.994633 0.100887 -0.022935 -0.492574 -0.0962582 -0.983629 -0.152345 0.444685 
1530613630142 -0.0383166 -0.149281 0.988052 0.399471 -0.994601 0.101127 -0.0232916 -0.492616 -0.0964421 -0.98361 -0.15235 0.444713 
1530613630338 -0.038683 -0.14903 0.988076 0.399742 -0.994561 0.101437 -0.0236374 -0.492642 -0.0967047 -0.983616 -0.152143 0.44488 
1530613630545 -0.0389676 -0.149122 0.988051 0.400088 -0.994534 0.101648 -0.023882 -0.49263 -0.0968723 -0.98358 -0.152268 0.444902 
1530613630767 -0.0394138 -0.149083 0.988039 0.400311 -0.994512 0.101753 -0.0243188 -0.492708 -0.0969099 -0.983575 -0.152276 0.444986 
1530613630977 -0.0396636 -0.149029 0.988037 0.400632 -0.994497 0.101846 -0.0245612 -0.492723 -0.0969671 -0.983574 -0.152248 0.445111 
1530613631168 -0.039999 -0.149058 0.988019 0.40093 -0.994441 0.102326 -0.0248216 -0.492715 -0.0974003 -0.98352 -0.152322 0.445068 
1530613631391 -0.0405092 -0.148958 0.988013 0.401064 -0.994416 0.102446 -0.0253264 -0.49281 -0.0974452 -0.983522 -0.152277 0.445166 
1530613631408 -0.0405083 -0.148949 0.988015 0.401081 -0.994417 0.102434 -0.0253283 -0.492811 -0.0974337 -0.983525 -0.152267 0.445176 
1530613631596 -0.0407994 -0.148757 0.988032 0.401271 -0.994425 0.102271 -0.0256655 -0.492862 -0.0972293 -0.983571 -0.152101 0.445244 
1530613631815 -0.0412581 -0.14858 0.988039 0.40152 -0.994439 0.102011 -0.026185 -0.492935 -0.0969007 -0.983625 -0.151963 0.445246 
1530613631993 -0.0414345 -0.148501 0.988044 0.401806 -0.994451 0.101831 -0.0263982 -0.492963 -0.0966934 -0.983655 -0.151897 0.445255 
1530613632185 -0.0414 -0.148224 0.988087 0.402174 -0.99447 0.101648 -0.0264191 -0.492916 -0.0965214 -0.983716 -0.151612 0.445297 
1530613632388 -0.0418036 -0.147963 0.988109 0.402406 -0.994483 0.101394 -0.0268901 -0.492983 -0.0962097 -0.983782 -0.151386 0.445367 
1530613632588 -0.0421189 -0.147891 0.988106 0.402659 -0.994497 0.101155 -0.0272514 -0.493033 -0.0959216 -0.983817 -0.151338 0.445372 
1530613632781 -0.0422165 -0.147715 0.988129 0.402984 -0.99452 0.100891 -0.0274074 -0.493014 -0.0956452 -0.983871 -0.151164 0.445417 
1530613632993 -0.042551 -0.147497 0.988147 0.40318 -0.994532 0.100666 -0.0278 -0.493122 -0.0953722 -0.983926 -0.150973 0.445445 
1530613633190 -0.0426677 -0.147361 0.988162 0.403455 -0.994541 0.100532 -0.0279513 -0.493077 -0.0952227 -0.98396 -0.150846 0.44548 
1530613633207 -0.0426741 -0.147334 0.988166 0.403476 -0.994544 0.100495 -0.027966 -0.49308 -0.0951852 -0.983968 -0.150819 0.445497 
1530613633452 -0.0431976 -0.147386 0.988135 0.403731 -0.994498 0.100817 -0.0284383 -0.493134 -0.0954292 -0.983927 -0.15093 0.445631 
1530613633693 -0.0436222 -0.147715 0.988068 0.403963 -0.994446 0.101245 -0.0287678 -0.49317 -0.0957872 -0.983834 -0.151311 0.445609 
1530613633895 -0.0439266 -0.147704 0.988056 0.404297 -0.99442 0.101419 -0.0290484 -0.493193 -0.0959168 -0.983818 -0.151335 0.445729 
1530613634106 -0.0444598 -0.148004 0.987987 0.404569 -0.994366 0.101813 -0.029495 -0.49327 -0.0962241 -0.983732 -0.151697 0.445775 
1530613634308 -0.0448638 -0.148119 0.987951 0.404871 -0.994315 0.102211 -0.0298288 -0.493261 -0.096561 -0.983674 -0.151863 0.445816 
1530613634530 -0.0452625 -0.148287 0.987908 0.405149 -0.994283 0.102421 -0.0301809 -0.493314 -0.0967074 -0.983626 -0.152075 0.445902 
1530613634727 -0.0455623 -0.148342 0.987886 0.405458 -0.99425 0.102665 -0.0304395 -0.493314 -0.096906 -0.983593 -0.152167 0.446003 
1530613634932 -0.0462039 -0.148433 0.987842 0.4057 -0.994185 0.103129 -0.0310044 -0.493379 -0.0972729 -0.98353 -0.152335 0.446089 
1530613635175 -0.046316 -0.148628 0.987808 0.406035 -0.994177 0.103179 -0.0310901 -0.493321 -0.0972999 -0.983496 -0.152541 0.446153 
1530613635192 -0.0462826 -0.148617 0.987811 0.406054 -0.99418 0.103159 -0.0310606 -0.493314 -0.0972851 -0.983499 -0.152527 0.446162 
1530613635431 -0.0469371 -0.148495 0.987799 0.406295 -0.994097 0.10378 -0.0316352 -0.49337 -0.0978157 -0.983453 -0.15249 0.446129 
1530613635690 -0.0473204 -0.148223 0.987821 0.406612 -0.994057 0.104047 -0.0320067 -0.493405 -0.0980361 -0.983465 -0.152266 0.446257 
1530613635906 -0.0478198 -0.148119 0.987813 0.406834 -0.993995 0.104501 -0.0324496 -0.493478 -0.0984206 -0.983433 -0.152227 0.446239 
1530613636125 -0.0482885 -0.147913 0.987821 0.407169 -0.993942 0.104871 -0.0328847 -0.493498 -0.0987301 -0.983424 -0.152081 0.446288 
1530613636321 -0.0486336 -0.147923 0.987802 0.407481 -0.993894 0.10523 -0.0331754 -0.49352 -0.0990389 -0.983385 -0.152138 0.446239 
1530613636590 -0.0489724 -0.147482 0.987852 0.407843 -0.993834 0.105696 -0.033489 -0.49353 -0.0994733 -0.983401 -0.151749 0.446364 
1530613636849 -0.0497009 -0.147534 0.987807 0.408051 -0.993751 0.106276 -0.034127 -0.493652 -0.0999453 -0.983331 -0.151895 0.446257 
1530613637050 -0.0499761 -0.147365 0.987819 0.408342 -0.993729 0.10639 -0.0344036 -0.493629 -0.100024 -0.983344 -0.151758 0.446378 
1530613637293 -0.0504884 -0.147292 0.987804 0.408543 -0.993641 0.107074 -0.034821 -0.493666 -0.100639 -0.98328 -0.151761 0.446291 
1530613637497 -0.0497468 -0.147375 0.987829 0.40841 -0.993741 0.106351 -0.034178 -0.49356 -0.100019 -0.983346 -0.151743 0.446358 
1530613637715 -0.0506933 -0.14692 0.987849 0.408599 -0.993663 0.106775 -0.0351114 -0.493718 -0.100319 -0.983369 -0.151401 0.446353 
1530613637937 -0.0508723 -0.146481 0.987905 0.409041 -0.993629 0.107029 -0.0352974 -0.493632 -0.100564 -0.983406 -0.150993 0.44636 
1530613638153 -0.0515091 -0.146116 0.987926 0.409298 -0.993563 0.107436 -0.0359131 -0.493752 -0.100891 -0.983416 -0.150709 0.446278 
1530613638377 -0.0518547 -0.145582 0.987986 0.409664 -0.993525 0.107663 -0.0362811 -0.493744 -0.101088 -0.983471 -0.150222 0.446348 
1530613638580 -0.052511 -0.145266 0.987998 0.409917 -0.993436 0.108277 -0.03688 -0.493796 -0.10162 -0.98345 -0.149999 0.446242 
1530613638819 -0.0529693 -0.144989 0.988014 0.410294 -0.993378 0.108669 -0.0373099 -0.493804 -0.101957 -0.983448 -0.149785 0.446117 
1530613639034 -0.0533219 -0.144362 0.988087 0.410619 -0.993339 0.108888 -0.0376964 -0.49383 -0.102149 -0.983516 -0.149207 0.446244 
1530613639268 -0.0538598 -0.143988 0.988113 0.410963 -0.99329 0.109149 -0.0382367 -0.493846 -0.102346 -0.983542 -0.1489 0.446228 
1530613639588 -0.0543369 -0.143636 0.988138 0.411236 -0.993206 0.109757 -0.0386614 -0.493883 -0.102901 -0.983525 -0.148624 0.446122 
1530613639605 -0.0543258 -0.143639 0.988138 0.411242 -0.993204 0.109781 -0.0386462 -0.493877 -0.102928 -0.983522 -0.148627 0.446113 
1530613639800 -0.0547917 -0.143443 0.988141 0.411487 -0.993145 0.110161 -0.0390778 -0.49393 -0.103249 -0.983508 -0.148495 0.446094 
1530613640027 -0.0552249 -0.143156 0.988158 0.411839 -0.993108 0.110341 -0.0395162 -0.493945 -0.103378 -0.98353 -0.148263 0.446113 
1530613640236 -0.0556436 -0.143101 0.988143 0.41218 -0.993057 0.110661 -0.0398945 -0.493986 -0.10364 -0.983502 -0.148265 0.446048 
1530613640468 -0.0560521 -0.142654 0.988184 0.412487 -0.993009 0.110939 -0.0403106 -0.494037 -0.103878 -0.983536 -0.147875 0.446127 
1530613640716 -0.0563408 -0.142428 0.9882 0.41287 -0.992968 0.111206 -0.0405848 -0.494017 -0.104113 -0.983538 -0.147692 0.446135 
1530613640950 -0.0571371 -0.142099 0.988202 0.413442 -0.992855 0.111947 -0.0413086 -0.49407 -0.104757 -0.983502 -0.14748 0.446042 
1530613641172 -0.0576054 -0.141844 0.988211 0.413768 -0.99282 0.112082 -0.0417861 -0.494111 -0.104834 -0.983523 -0.147282 0.446076 
1530613641356 -0.0578004 -0.1418 0.988206 0.414037 -0.992768 0.112488 -0.0419261 -0.494041 -0.105216 -0.983483 -0.147276 0.445967 
1530613641618 -0.0578013 -0.141815 0.988204 0.414112 -0.992747 0.112682 -0.0418962 -0.494007 -0.105411 -0.983459 -0.1473 0.445912 
1530613641849 -0.0581389 -0.141928 0.988168 0.414377 -0.992753 0.112504 -0.0422498 -0.494071 -0.105177 -0.983463 -0.147441 0.446074 
1530613642150 -0.0586712 -0.141977 0.98813 0.414659 -0.992677 0.113002 -0.0427048 -0.494078 -0.105597 -0.983399 -0.147567 0.446055 
1530613642372 -0.059029 -0.142279 0.988065 0.414933 -0.992643 0.113182 -0.0430045 -0.49415 -0.105713 -0.983334 -0.147913 0.445996 
1530613642710 -0.059345 -0.142135 0.988067 0.415381 -0.99262 0.113264 -0.0433252 -0.494121 -0.105754 -0.983346 -0.147808 0.446171 
1530613642933 -0.0597902 -0.142476 0.987991 0.415617 -0.99258 0.11347 -0.0437046 -0.494215 -0.10588 -0.983273 -0.148203 0.446103 
1530613643226 -0.0601782 -0.142389 0.98798 0.41596 -0.992546 0.113615 -0.0440819 -0.494221 -0.105973 -0.983268 -0.148165 0.446235 
1530613643438 -0.0606259 -0.142602 0.987922 0.416227 -0.992508 0.113797 -0.0444813 -0.494279 -0.106079 -0.983217 -0.148432 0.446207 
1530613643669 -0.0609027 -0.142698 0.987891 0.416584 -0.992474 0.113999 -0.0447185 -0.49427 -0.106237 -0.983179 -0.148567 0.446208 
1530613643862 -0.0614202 -0.142898 0.98783 0.416759 -0.992406 0.114415 -0.0451537 -0.494272 -0.10657 -0.983102 -0.14884 0.44617 
1530613643882 -0.0614226 -0.142878 0.987833 0.416781 -0.992407 0.114407 -0.0451595 -0.494276 -0.106562 -0.983106 -0.14882 0.446185 
1530613644091 -0.0620289 -0.142505 0.987849 0.416994 -0.99234 0.114751 -0.0457572 -0.494338 -0.106836 -0.98312 -0.148531 0.44613 
1530613644298 -0.0622991 -0.142052 0.987897 0.417317 -0.992312 0.114874 -0.0460596 -0.494352 -0.10694 -0.983171 -0.148116 0.446145 
1530613644508 -0.0624269 -0.141669 0.987944 0.417718 -0.992277 0.115122 -0.0461925 -0.494324 -0.10719 -0.983197 -0.147761 0.446056 
1530613644733 -0.0627659 -0.141186 0.987991 0.418072 -0.992245 0.115247 -0.0465671 -0.494305 -0.107288 -0.983252 -0.147325 0.446113 
1530613644937 -0.0631748 -0.140995 0.987993 0.418343 -0.992189 0.115569 -0.0469506 -0.494301 -0.107561 -0.983242 -0.147194 0.445994 
1530613645139 -0.0635066 -0.140445 0.98805 0.418629 -0.99214 0.115852 -0.0473018 -0.494335 -0.107824 -0.983287 -0.146698 0.445967 
1530613645398 -0.0638633 -0.140114 0.988074 0.419022 -0.992111 0.115941 -0.0476833 -0.494352 -0.107877 -0.983324 -0.146413 0.445948 
1530613645600 -0.0641193 -0.139766 0.988106 0.419324 -0.992068 0.116199 -0.0479402 -0.494297 -0.108117 -0.983343 -0.146108 0.445911 
1530613645888 -0.0647092 -0.139344 0.988128 0.419497 -0.992022 0.116342 -0.0485579 -0.494432 -0.108194 -0.983386 -0.14576 0.445912 
1530613645905 -0.0646997 -0.139338 0.988129 0.419503 -0.992023 0.116331 -0.0485506 -0.494432 -0.108185 -0.983388 -0.145753 0.445916 
1530613646095 -0.0650797 -0.138921 0.988163 0.419707 -0.992024 0.116136 -0.0490069 -0.494483 -0.107953 -0.98347 -0.145371 0.4459 
1530613646309 -0.0652854 -0.138703 0.98818 0.42008 -0.991997 0.116276 -0.0492169 -0.494447 -0.108075 -0.983484 -0.145184 0.445712 
1530613646514 -0.0654745 -0.13829 0.988225 0.420384 -0.99202 0.115955 -0.0494995 -0.494442 -0.107744 -0.98358 -0.144778 0.44577 
1530613646742 -0.0658751 -0.137897 0.988253 0.420667 -0.992003 0.115912 -0.049951 -0.494487 -0.107662 -0.983641 -0.14443 0.44573 
1530613646947 -0.0660649 -0.137544 0.98829 0.420956 -0.992002 0.115811 -0.0501953 -0.494497 -0.10755 -0.983702 -0.144095 0.445666 
1530613647165 -0.0660748 -0.137183 0.98834 0.421364 -0.992013 0.115693 -0.050262 -0.494399 -0.107449 -0.983766 -0.143732 0.44561 
1530613647381 -0.0663874 -0.136819 0.988369 0.421621 -0.992031 0.115355 -0.0506649 -0.49448 -0.107082 -0.983857 -0.143387 0.445574 
1530613647600 -0.066816 -0.136805 0.988342 0.421898 -0.991996 0.115481 -0.0510783 -0.494473 -0.107147 -0.983844 -0.143426 0.445357 
1530613647829 -0.0669392 -0.136218 0.988415 0.422152 -0.992019 0.115174 -0.0513106 -0.494461 -0.10685 -0.983961 -0.142841 0.445484 
1530613647850 -0.0669406 -0.13624 0.988412 0.422164 -0.992019 0.115175 -0.0513095 -0.494464 -0.10685 -0.983958 -0.142863 0.44547 
1530613648057 -0.0673589 -0.135966 0.988421 0.4224 -0.992009 0.115057 -0.0517762 -0.494541 -0.106685 -0.98401 -0.14263 0.445545 
1530613648276 -0.0676814 -0.13598 0.988397 0.422689 -0.99198 0.11517 -0.0520821 -0.494546 -0.106751 -0.983995 -0.142684 0.445424 
1530613648467 -0.0678556 -0.135929 0.988392 0.422998 -0.991967 0.115194 -0.052259 -0.494516 -0.106753 -0.983999 -0.142654 0.445374 
1530613648752 -0.0679993 -0.135782 0.988402 0.423419 -0.991939 0.115381 -0.052392 -0.494465 -0.106929 -0.983997 -0.142534 0.445234 
1530613648963 -0.0684309 -0.135482 0.988414 0.423599 -0.991945 0.115097 -0.052899 -0.494607 -0.106597 -0.984072 -0.142266 0.445382 
1530613649236 -0.0687771 -0.135448 0.988394 0.423911 -0.99191 0.115242 -0.0532291 -0.494637 -0.106695 -0.984059 -0.142279 0.445247 
1530613649456 -0.0689049 -0.135268 0.98841 0.424236 -0.991908 0.115189 -0.0533847 -0.494586 -0.106632 -0.98409 -0.142111 0.44528 
1530613649665 -0.0691552 -0.135255 0.988394 0.424501 -0.991878 0.115339 -0.0536156 -0.494576 -0.106749 -0.984075 -0.142133 0.445128 
1530613649849 -0.0695068 -0.13521 0.988376 0.424693 -0.991865 0.115279 -0.0539821 -0.494636 -0.10664 -0.984088 -0.142123 0.445114 
1530613649867 -0.0695581 -0.135194 0.988375 0.424714 -0.991862 0.115282 -0.0540347 -0.49464 -0.106637 -0.98409 -0.142113 0.445113 
1530613650120 -0.0698472 -0.135418 0.988323 0.42496 -0.991854 0.115218 -0.0543098 -0.494727 -0.106518 -0.984066 -0.142363 0.44509 
1530613650338 -0.0699796 -0.135347 0.988324 0.425266 -0.991866 0.115037 -0.0544765 -0.494712 -0.106321 -0.984097 -0.142297 0.445223 
1530613650540 -0.070301 -0.135687 0.988254 0.42557 -0.991834 0.115193 -0.0547397 -0.494712 -0.106412 -0.984032 -0.142677 0.44509 
1530613650745 -0.0705803 -0.1357 0.988233 0.425827 -0.991827 0.115115 -0.0550298 -0.494781 -0.106293 -0.98404 -0.142716 0.445198 
1530613650977 -0.0709721 -0.135928 0.988173 0.426448 -0.991807 0.115106 -0.0553997 -0.49482 -0.106215 -0.984009 -0.142983 0.445185 
1530613651250 -0.0711241 -0.13588 0.988169 0.426811 -0.991818 0.114921 -0.0555843 -0.494803 -0.106009 -0.984037 -0.142942 0.445238 
1530613651472 -0.071195 -0.136091 0.988135 0.427121 -0.991827 0.114818 -0.0556477 -0.494781 -0.105882 -0.98402 -0.143153 0.445265 
1530613651720 -0.0716549 -0.136166 0.988091 0.427337 -0.991797 0.114861 -0.0560951 -0.49483 -0.105854 -0.984005 -0.143279 0.445238 
1530613651737 -0.0716305 -0.136186 0.98809 0.427348 -0.991794 0.114894 -0.0560635 -0.494813 -0.10589 -0.983998 -0.143298 0.445221 
1530613651942 -0.0719618 -0.135989 0.988093 0.427643 -0.991781 0.114832 -0.0564262 -0.494843 -0.105792 -0.984033 -0.143135 0.445299 
1530613652165 -0.0726712 -0.13605 0.988033 0.428147 -0.991693 0.115277 -0.0570669 -0.494907 -0.106134 -0.983972 -0.143297 0.445149 
1530613652390 -0.0729719 -0.135854 0.988038 0.42847 -0.991675 0.115272 -0.0573906 -0.494952 -0.106097 -0.984 -0.143135 0.445228 
1530613652586 -0.0731874 -0.135959 0.988008 0.428719 -0.991638 0.115503 -0.0575621 -0.494929 -0.106292 -0.983958 -0.143275 0.445099 
1530613652814 -0.0735563 -0.136031 0.98797 0.429054 -0.9916 0.115658 -0.057902 -0.494934 -0.10639 -0.98393 -0.143395 0.445015 
1530613653063 -0.0739289 -0.13587 0.987965 0.429316 -0.991582 0.115612 -0.0583001 -0.495027 -0.106299 -0.983958 -0.143273 0.44509 
1530613653289 -0.0741865 -0.135613 0.987981 0.429591 -0.991554 0.115712 -0.0585718 -0.495021 -0.106379 -0.983982 -0.143051 0.445169 
1530613653486 -0.0742813 -0.135669 0.987966 0.429847 -0.991523 0.115958 -0.0586252 -0.494953 -0.106609 -0.983945 -0.143132 0.445066 
1530613653503 -0.0742974 -0.135614 0.987972 0.429874 -0.991523 0.11594 -0.05865 -0.494956 -0.106592 -0.983955 -0.143078 0.445087 
1530613653705 -0.0743882 -0.135477 0.987984 0.430153 -0.991446 0.11659 -0.0586616 -0.494918 -0.107242 -0.983897 -0.142991 0.445074 
1530613654002 -0.0750245 -0.135334 0.987956 0.430387 -0.991297 0.117602 -0.0591687 -0.495023 -0.108178 -0.983796 -0.142979 0.444907 
1530613654206 -0.0751737 -0.135102 0.987976 0.430662 -0.991258 0.117858 -0.0593068 -0.495049 -0.108428 -0.983797 -0.14278 0.44504 
1530613654408 -0.0752993 -0.134942 0.987988 0.431011 -0.991169 0.118586 -0.059345 -0.495031 -0.109153 -0.983732 -0.14268 0.444978 
1530613654635 -0.0761916 -0.134643 0.987961 0.431459 -0.990963 0.119931 -0.0600784 -0.495159 -0.110398 -0.98361 -0.142564 0.444887 
1530613654888 -0.0767743 -0.134259 0.987968 0.432038 -0.99078 0.121212 -0.0605209 -0.49521 -0.111628 -0.983505 -0.142327 0.444839 
1530613655152 -0.0768715 -0.133997 0.987996 0.432379 -0.990683 0.121996 -0.0605349 -0.495088 -0.11242 -0.983444 -0.142126 0.444848 
1530613655173 -0.0768667 -0.134 0.987996 0.432383 -0.990682 0.12201 -0.0605277 -0.495085 -0.112435 -0.983442 -0.142129 0.444842 
1530613655365 -0.0770578 -0.134238 0.987948 0.43262 -0.990708 0.121689 -0.0607385 -0.495143 -0.112069 -0.983449 -0.142368 0.444853 
1530613655712 -0.0771064 -0.134849 0.987862 0.43329 -0.990794 0.120944 -0.0608258 -0.495155 -0.111273 -0.983457 -0.142933 0.444826 
1530613655920 -0.0774868 -0.135136 0.987792 0.433457 -0.99081 0.120614 -0.0612228 -0.495282 -0.110868 -0.983458 -0.14324 0.444826 
1530613656168 -0.0775597 -0.135262 0.98777 0.433719 -0.99086 0.120135 -0.0613515 -0.495309 -0.110367 -0.9835 -0.143343 0.444948 
1530613656385 -0.0776332 -0.13567 0.987708 0.434074 -0.990894 0.11982 -0.0614254 -0.495305 -0.110013 -0.983482 -0.143736 0.444877 
1530613656600 -0.0779245 -0.135885 0.987655 0.434263 -0.990924 0.119402 -0.0617546 -0.495404 -0.109537 -0.983503 -0.143956 0.444927 
1530613656801 -0.0778863 -0.136111 0.987627 0.434542 -0.990973 0.118997 -0.0617504 -0.495357 -0.10912 -0.983521 -0.144151 0.444964 
1530613657014 -0.0782505 -0.136478 0.987548 0.434688 -0.990991 0.118651 -0.0621258 -0.495445 -0.108695 -0.983512 -0.144533 0.444922 
1530613657031 -0.0782238 -0.136486 0.987549 0.434709 -0.990995 0.118628 -0.0621016 -0.495439 -0.108675 -0.983514 -0.144536 0.444923 
1530613657207 -0.0783679 -0.136748 0.987501 0.434941 -0.991018 0.118349 -0.0622582 -0.49544 -0.108356 -0.983511 -0.144794 0.444934 
1530613657453 -0.0785109 -0.136997 0.987455 0.435237 -0.991058 0.117925 -0.0624366 -0.495482 -0.107892 -0.983527 -0.14503 0.444976 
1530613657698 -0.0788024 -0.137313 0.987388 0.435487 -0.991063 0.117726 -0.0627239 -0.49555 -0.107628 -0.983507 -0.145363 0.444914 
1530613657924 -0.0789035 -0.137362 0.987373 0.435773 -0.991098 0.117348 -0.0628758 -0.495544 -0.10723 -0.983545 -0.145399 0.445065 
1530613658140 -0.0792333 -0.137702 0.987299 0.435982 -0.991089 0.117266 -0.0631818 -0.495613 -0.107077 -0.983507 -0.145767 0.444948 
1530613658367 -0.0792873 -0.137816 0.987279 0.4363 -0.991136 0.116802 -0.0632925 -0.495595 -0.106593 -0.983547 -0.145856 0.44509 
1530613658588 -0.0794923 -0.138246 0.987203 0.436556 -0.991127 0.116795 -0.0634526 -0.495606 -0.106528 -0.983487 -0.146304 0.444937 
1530613658899 -0.0795213 -0.138235 0.987202 0.436853 -0.991182 0.116265 -0.0635617 -0.495611 -0.10599 -0.983552 -0.146262 0.445143 
1530613659078 -0.079733 -0.13849 0.987149 0.436987 -0.991177 0.116205 -0.0637556 -0.495614 -0.105882 -0.983523 -0.146533 0.445086 
1530613659095 -0.0797389 -0.138492 0.987148 0.437008 -0.991181 0.116161 -0.0637678 -0.49562 -0.105837 -0.983528 -0.146533 0.445099 
1530613659301 -0.0800157 -0.138466 0.98713 0.437176 -0.991167 0.116122 -0.0640545 -0.495676 -0.105758 -0.983536 -0.146534 0.445119 
1530613659534 -0.0800486 -0.138648 0.987101 0.437513 -0.991157 0.116206 -0.0640552 -0.495696 -0.105826 -0.9835 -0.146724 0.445066 
1530613659820 -0.0801922 -0.138494 0.987111 0.437809 -0.991157 0.116109 -0.0642305 -0.495675 -0.105717 -0.983533 -0.14658 0.445127 
1530613659988 -0.0802503 -0.138666 0.987082 0.43804 -0.991157 0.116087 -0.0642736 -0.495715 -0.105675 -0.983512 -0.146756 0.445089 
1530613660216 -0.0804851 -0.138594 0.987073 0.438365 -0.991139 0.116107 -0.0645141 -0.495733 -0.105665 -0.98352 -0.146711 0.445153 
1530613660411 -0.080625 -0.138817 0.987031 0.438594 -0.991107 0.116335 -0.0645966 -0.495743 -0.105859 -0.983461 -0.146962 0.444974 
1530613660612 -0.0807284 -0.138727 0.987035 0.438886 -0.991114 0.116205 -0.0647294 -0.495737 -0.105719 -0.983489 -0.146875 0.445099 
1530613660864 -0.0810175 -0.138636 0.987024 0.439097 -0.991108 0.116074 -0.0650492 -0.495835 -0.10555 -0.983518 -0.146807 0.445155 
1530613661044 -0.0811368 -0.138922 0.986974 0.439258 -0.991097 0.116126 -0.0651304 -0.495804 -0.105565 -0.983471 -0.147107 0.445045 
1530613661060 -0.0811423 -0.138931 0.986972 0.439277 -0.991099 0.116102 -0.0651385 -0.495806 -0.10554 -0.983473 -0.147115 0.445051 
1530613661293 -0.0812918 -0.138926 0.986961 0.439522 -0.99109 0.116094 -0.0652903 -0.495814 -0.10551 -0.983474 -0.147126 0.445006 
1530613661536 -0.0814674 -0.138925 0.986946 0.439691 -0.991116 0.115746 -0.0655189 -0.49594 -0.105133 -0.983515 -0.14712 0.445107 
1530613661714 -0.0816496 -0.138912 0.986933 0.439916 -0.991083 0.115933 -0.0656752 -0.495947 -0.105295 -0.983495 -0.14714 0.445004 
1530613661932 -0.0816235 -0.138951 0.98693 0.440193 -0.991103 0.11577 -0.0656693 -0.495963 -0.105132 -0.983509 -0.147164 0.445051 
1530613662124 -0.0820314 -0.139028 0.986885 0.440421 -0.991046 0.116052 -0.0660283 -0.49602 -0.10535 -0.983465 -0.147304 0.444906 
1530613662357 -0.081982 -0.13907 0.986883 0.440722 -0.991089 0.115683 -0.0660295 -0.496047 -0.104983 -0.983502 -0.147314 0.444974 
1530613662580 -0.0821845 -0.138814 0.986902 0.440935 -0.991085 0.115578 -0.0662761 -0.4961 -0.104864 -0.983551 -0.147075 0.445058 
1530613662849 -0.0820444 -0.138944 0.986896 0.441204 -0.991113 0.115412 -0.0661463 -0.496061 -0.104709 -0.983552 -0.147178 0.445036 
1530613663120 -0.0825843 -0.139144 0.986823 0.441313 -0.99105 0.115677 -0.0666274 -0.496137 -0.104882 -0.983493 -0.147452 0.444841 
1530613663137 -0.0825815 -0.139111 0.986827 0.441312 -0.991052 0.115655 -0.0666313 -0.496134 -0.104862 -0.9835 -0.147417 0.444865 
