1532543387915 0.258243 0.706759 -0.658636 -0.580675 -0.956806 0.281347 -0.0732477 -0.252207 0.133537 0.649103 0.748888 0.40503 
1532543388080 0.25637 0.704968 -0.661282 -0.580775 -0.956826 0.282038 -0.0702776 -0.252421 0.136963 0.650749 0.746838 0.405297 
1532543388312 0.25637 0.704968 -0.661282 -0.580775 -0.956826 0.282038 -0.0702776 -0.252421 0.136963 0.650749 0.746838 0.405297 
1532543388486 0.254245 0.703145 -0.664038 -0.580947 -0.95688 0.28263 -0.0670918 -0.252494 0.140502 0.652462 0.744683 0.40552 
1532543388650 0.254245 0.703145 -0.664038 -0.580947 -0.95688 0.28263 -0.0670918 -0.252494 0.140502 0.652462 0.744683 0.40552 
1532543388794 0.251298 0.700513 -0.667931 -0.581164 -0.956884 0.283665 -0.0625102 -0.252839 0.145679 0.654841 0.741594 0.405952 
