1537347369785 0.275657 0.633204 -0.723233 -0.604483 -0.8825 0.464965 0.0707247 -0.181741 0.381061 0.618757 0.686973 0.426588 
1537347369795 -0.178518 0.803663 -0.567677 -0.607668 -0.974935 -0.0666152 0.212282 -0.258404 0.132787 0.591345 0.795411 0.412918 
1537347369798 0 0 0 0 0 0 0 0 0 0 0 0 
1537347369801 0 0 0 0 0 0 0 0 0 0 0 0 
1537347369804 0 0 0 0 0 0 0 0 0 0 0 0 
1537347369808 0 0 0 0 0 0 0 0 0 0 0 0 
1537347369818 -0.170972 0.756286 -0.631506 -0.618074 -0.974059 -0.0333006 0.223832 -0.261685 0.148252 0.653393 0.74236 0.418574 
1537347369828 -0.164667 0.703642 -0.691211 -0.628479 -0.972583 0.000843329 0.232556 -0.264966 0.164219 0.710554 0.684211 0.42423 
1537347369838 -0.15965 0.646114 -0.746357 -0.638884 -0.970518 0.0355679 0.23839 -0.268246 0.180574 0.762411 0.621387 0.429887 
1537347369848 -0.155958 0.58412 -0.796543 -0.649286 -0.96788 0.0706211 0.241292 -0.271525 0.197196 0.80859 0.554343 0.435542 
1537347369858 -0.153616 0.518108 -0.841407 -0.659686 -0.964687 0.105748 0.24124 -0.274802 0.213966 0.848753 0.483568 0.441198 
1537347369868 -0.152642 0.448561 -0.880621 -0.670081 -0.960963 0.140695 0.238234 -0.278075 0.230761 0.882609 0.409574 0.446851 
1537347369878 -0.153041 0.375982 -0.913902 -0.680466 -0.956735 0.175208 0.232295 -0.281341 0.247461 0.909912 0.332901 0.452502 
1537347369888 -0.154274 0.301096 -0.941032 -0.688611 -0.952092 0.209229 0.223033 -0.283015 0.264046 0.930357 0.254393 0.457622 
1537347369916 0 0 0 0 0 0 0 0 0 0 0 0 
1537347369916 0 0 0 0 0 0 0 0 0 0 0 0 
1537347369927 0.275657 0.633204 -0.723233 -0.604483 -0.8825 0.464965 0.0707247 -0.181741 0.381061 0.618757 0.686973 0.426588 
1537347369930 0 0 0 0 0 0 0 0 0 0 0 0 
1537347369933 0 0 0 0 0 0 0 0 0 0 0 0 
1537347369936 0 0 0 0 0 0 0 0 0 0 0 0 
1537347369947 -0.157935 0.22386 -0.96174 -0.701225 -0.946893 0.241932 0.21181 -0.287858 0.280091 0.944116 0.173762 0.463788 
1537347369950 0 0 0 0 0 0 0 0 0 0 0 0 
1537347369953 0 0 0 0 0 0 0 0 0 0 0 0 
1537347369956 0 0 0 0 0 0 0 0 0 0 0 0 
1537347369967 -0.157935 0.22386 -0.96174 -0.701225 -0.946893 0.241931 0.21181 -0.287858 0.280091 0.944116 0.173762 0.463788 
1537347369977 -0.157935 0.22386 -0.96174 -0.701225 -0.946893 0.241931 0.21181 -0.287858 0.280091 0.944117 0.173762 0.463788 
1537347369987 -0.157936 0.22386 -0.96174 -0.701225 -0.946893 0.241931 0.211811 -0.287858 0.28009 0.944117 0.173761 0.463788 
1537347369997 -0.157936 0.223859 -0.96174 -0.701225 -0.946893 0.241931 0.211811 -0.287858 0.28009 0.944117 0.173761 0.463788 
1537347370007 -0.157937 0.223859 -0.96174 -0.701225 -0.946893 0.24193 0.211811 -0.287858 0.28009 0.944117 0.173761 0.463788 
1537347370017 -0.157937 0.223859 -0.96174 -0.701225 -0.946893 0.24193 0.211812 -0.287858 0.28009 0.944117 0.173761 0.463788 
1537347370027 -0.157937 0.223859 -0.96174 -0.701225 -0.946893 0.24193 0.211812 -0.287858 0.280089 0.944117 0.17376 0.463788 
1537347370037 -0.157265 0.224143 -0.961783 -0.698863 -0.946959 0.242142 0.211272 -0.286081 0.280244 0.943995 0.174174 0.463037 
1537347370064 0 0 0 0 0 0 0 0 0 0 0 0 
1537347370064 0 0 0 0 0 0 0 0 0 0 0 0 
1537347370067 0 0 0 0 0 0 0 0 0 0 0 0 
1537347370077 0.275657 0.633204 -0.723233 -0.604483 -0.8825 0.464965 0.0707247 -0.181741 0.381061 0.618757 0.686973 0.426588 
1537347370088 -0.157365 0.223683 -0.961874 -0.701293 -0.947009 0.242002 0.21121 -0.287848 0.280019 0.94414 0.173747 0.463765 
1537347370097 -0.156791 0.223507 -0.962009 -0.701362 -0.947124 0.242074 0.210607 -0.287838 0.27995 0.944163 0.173734 0.463743 
1537347370108 -0.156217 0.223331 -0.962143 -0.701431 -0.94724 0.242147 0.210004 -0.287827 0.27988 0.944186 0.173721 0.46372 
1537347370117 -0.155643 0.223156 -0.962277 -0.701499 -0.947355 0.242219 0.209401 -0.287817 0.279811 0.944209 0.173708 0.463698 
1537347370127 -0.155069 0.22298 -0.96241 -0.701568 -0.947469 0.242291 0.208798 -0.287807 0.279741 0.944232 0.173695 0.463675 
1537347370137 -0.154495 0.222804 -0.962543 -0.701637 -0.947584 0.242363 0.208195 -0.287796 0.279672 0.944255 0.173681 0.463653 
1537347370147 -0.153921 0.222628 -0.962676 -0.701705 -0.947698 0.242435 0.207592 -0.287786 0.279602 0.944278 0.173668 0.46363 
1537347370157 -0.153347 0.222452 -0.962808 -0.701774 -0.947811 0.242507 0.206989 -0.287776 0.279533 0.944302 0.173655 0.463608 
1537347370167 -0.152093 0.222562 -0.962982 -0.699475 -0.947988 0.242793 0.205839 -0.285978 0.279618 0.944202 0.174059 0.462828 
1537347370194 0.275657 0.633204 -0.723233 -0.604483 -0.8825 0.464965 0.0707247 -0.181741 0.381061 0.618757 0.686973 0.426588 
1537347370197 0 0 0 0 0 0 0 0 0 0 0 0 
1537347370207 -0.151986 0.222288 -0.963062 -0.701953 -0.948162 0.242343 0.20557 -0.28781 0.279087 0.944382 0.173932 0.463538 
1537347370210 0 0 0 0 0 0 0 0 0 0 0 0 
1537347370214 0 0 0 0 0 0 0 0 0 0 0 0 
1537347370217 0 0 0 0 0 0 0 0 0 0 0 0 
1537347370227 -0.151773 0.222475 -0.963052 -0.701995 -0.948286 0.242036 0.205358 -0.287866 0.27878 0.944417 0.174236 0.463513 
1537347370237 -0.15156 0.222663 -0.963043 -0.702037 -0.94841 0.241728 0.205146 -0.287921 0.278473 0.944452 0.174539 0.463488 
1537347370247 -0.151347 0.222851 -0.963033 -0.702079 -0.948535 0.241421 0.204934 -0.287976 0.278166 0.944486 0.174843 0.463463 
1537347370257 -0.151134 0.223038 -0.963023 -0.702121 -0.948659 0.241114 0.204722 -0.288031 0.277859 0.94452 0.175147 0.463439 
1537347370267 -0.150921 0.223226 -0.963012 -0.702163 -0.948782 0.240806 0.20451 -0.288087 0.277551 0.944554 0.17545 0.463414 
1537347370277 -0.150709 0.223414 -0.963002 -0.702205 -0.948906 0.240499 0.204298 -0.288142 0.277244 0.944588 0.175754 0.463389 
1537347370287 -0.150496 0.223602 -0.962992 -0.702247 -0.94903 0.240192 0.204085 -0.288197 0.276936 0.944622 0.176057 0.463364 
1537347370297 -0.149606 0.224075 -0.963021 -0.699919 -0.949216 0.240099 0.203327 -0.286465 0.276781 0.944533 0.176775 0.462589 
1537347370324 0.275657 0.633204 -0.723233 -0.604483 -0.8825 0.464965 0.0707247 -0.181741 0.381061 0.618757 0.686973 0.426588 
1537347370329 0 0 0 0 0 0 0 0 0 0 0 0 
1537347370330 0 0 0 0 0 0 0 0 0 0 0 0 
1537347370335 0 0 0 0 0 0 0 0 0 0 0 0 
1537347370337 0 0 0 0 0 0 0 0 0 0 0 0 
1537347370347 -0.149849 0.224143 -0.962967 -0.702317 -0.949368 0.239387 0.203454 -0.288374 0.276125 0.944698 0.176922 0.463277 
1537347370350 0 0 0 0 0 0 0 0 0 0 0 0 
1537347370353 0 0 0 0 0 0 0 0 0 0 0 0 
1537347370357 0 0 0 0 0 0 0 0 0 0 0 0 
1537347370367 -0.149628 0.224309 -0.962963 -0.702303 -0.94946 0.239198 0.203248 -0.288441 0.275929 0.944706 0.177182 0.46324 
1537347370377 -0.149407 0.224474 -0.962958 -0.70229 -0.949552 0.239008 0.203042 -0.288507 0.275733 0.944715 0.177441 0.463202 
1537347370387 -0.149185 0.22464 -0.962954 -0.702276 -0.949644 0.238819 0.202835 -0.288574 0.275537 0.944723 0.177699 0.463165 
1537347370397 -0.148964 0.224805 -0.96295 -0.702262 -0.949735 0.23863 0.202629 -0.28864 0.27534 0.944732 0.177958 0.463128 
1537347370407 -0.148743 0.224971 -0.962945 -0.702248 -0.949827 0.23844 0.202423 -0.288707 0.275144 0.94474 0.178217 0.46309 
1537347370417 -0.148521 0.225137 -0.962941 -0.702235 -0.949918 0.238251 0.202216 -0.288773 0.274948 0.944749 0.178476 0.463053 
1537347370427 -0.1483 0.225302 -0.962936 -0.702221 -0.95001 0.238062 0.20201 -0.28884 0.274751 0.944757 0.178735 0.463015 
1537347370437 -0.147409 0.225749 -0.962968 -0.699852 -0.950162 0.238086 0.201263 -0.28713 0.274704 0.944644 0.179402 0.462239 
1537347370465 0 0 0 0 0 0 0 0 0 0 0 0 
1537347370465 0 0 0 0 0 0 0 0 0 0 0 0 
1537347370475 0.275657 0.633204 -0.723233 -0.604483 -0.8825 0.464965 0.0707247 -0.181741 0.381061 0.618757 0.686973 0.426588 
1537347370479 0 0 0 0 0 0 0 0 0 0 0 0 
1537347370482 0 0 0 0 0 0 0 0 0 0 0 0 
1537347370485 0 0 0 0 0 0 0 0 0 0 0 0 
1537347370495 -0.147584 0.22572 -0.962948 -0.702158 -0.95014 0.238041 0.201419 -0.288944 0.274685 0.944662 0.179335 0.462962 
1537347370499 0 0 0 0 0 0 0 0 0 0 0 0 
1537347370502 0 0 0 0 0 0 0 0 0 0 0 0 
1537347370505 0 0 0 0 0 0 0 0 0 0 0 0 
1537347370515 -0.14731 0.225806 -0.96297 -0.702123 -0.950088 0.238399 0.201241 -0.288915 0.275013 0.944551 0.179417 0.462983 
1537347370525 -0.147035 0.225892 -0.962992 -0.702088 -0.950036 0.238757 0.201063 -0.288885 0.27534 0.94444 0.1795 0.463004 
1537347370535 -0.146761 0.225978 -0.963014 -0.702052 -0.949984 0.239115 0.200886 -0.288856 0.275667 0.944329 0.179583 0.463025 
1537347370545 -0.146487 0.226064 -0.963035 -0.702017 -0.949931 0.239473 0.200708 -0.288827 0.275994 0.944218 0.179665 0.463046 
1537347370555 -0.146213 0.22615 -0.963057 -0.701982 -0.949878 0.239831 0.20053 -0.288798 0.276321 0.944107 0.179748 0.463068 
1537347370559 0 0 0 0 0 0 0 0 0 0 0 0 
1537347370562 0 0 0 0 0 0 0 0 0 0 0 0 
1537347370565 0 0 0 0 0 0 0 0 0 0 0 0 
1537347370575 -0.145938 0.226235 -0.963078 -0.701947 -0.949825 0.240189 0.200353 -0.288769 0.276648 0.943995 0.179831 0.463089 
1537347370585 -0.145664 0.226321 -0.9631 -0.701912 -0.949772 0.240547 0.200175 -0.288739 0.276975 0.943883 0.179914 0.46311 
1537347370595 -0.144726 0.226681 -0.963156 -0.699549 -0.949777 0.241117 0.199463 -0.286953 0.277448 0.943651 0.180401 0.4624 
1537347370622 0 0 0 0 0 0 0 0 0 0 0 0 
1537347370622 0 0 0 0 0 0 0 0 0 0 0 0 
1537347370625 0 0 0 0 0 0 0 0 0 0 0 0 
1537347370636 0.275657 0.633204 -0.723233 -0.604483 -0.8825 0.464965 0.0707247 -0.181741 0.381061 0.618757 0.686973 0.426588 
1537347370638 0 0 0 0 0 0 0 0 0 0 0 0 
1537347370642 0 0 0 0 0 0 0 0 0 0 0 0 
1537347370645 0 0 0 0 0 0 0 0 0 0 0 0 
1537347370655 -0.144777 0.226615 -0.963164 -0.701811 -0.949623 0.241621 0.19959 -0.288607 0.277951 0.943539 0.180217 0.463343 
1537347370658 0 0 0 0 0 0 0 0 0 0 0 0 
1537347370669 -0.144438 0.226737 -0.963186 -0.701781 -0.94958 0.241979 0.19936 -0.288534 0.278273 0.943417 0.180355 0.463534 
1537347370672 0 0 0 0 0 0 0 0 0 0 0 0 
1537347370675 0 0 0 0 0 0 0 0 0 0 0 0 
1537347370685 -0.144099 0.22686 -0.963208 -0.70175 -0.949537 0.242336 0.19913 -0.28846 0.278595 0.943296 0.180492 0.463724 
1537347370695 -0.14376 0.226983 -0.96323 -0.70172 -0.949494 0.242694 0.1989 -0.288387 0.278917 0.943175 0.180629 0.463915 
1537347370705 -0.143421 0.227105 -0.963252 -0.70169 -0.949451 0.243051 0.19867 -0.288313 0.279238 0.943053 0.180767 0.464106 
1537347370715 -0.143082 0.227228 -0.963273 -0.70166 -0.949407 0.243409 0.19844 -0.28824 0.27956 0.942931 0.180904 0.464296 
1537347370725 -0.142743 0.22735 -0.963295 -0.701629 -0.949363 0.243766 0.19821 -0.288166 0.279882 0.94281 0.181042 0.464487 
1537347370735 -0.142404 0.227472 -0.963316 -0.701599 -0.949319 0.244124 0.197981 -0.288093 0.280203 0.942688 0.18118 0.464678 
1537347370745 -0.141401 0.227867 -0.96337 -0.699262 -0.949332 0.244692 0.197218 -0.286275 0.280669 0.942445 0.181721 0.464133 
1537347370774 0 0 0 0 0 0 0 0 0 0 0 0 
1537347370774 0 0 0 0 0 0 0 0 0 0 0 0 
1537347370778 0 0 0 0 0 0 0 0 0 0 0 0 
1537347370788 0.275657 0.633204 -0.723233 -0.604483 -0.8825 0.464965 0.0707247 -0.181741 0.381061 0.618757 0.686973 0.426588 
1537347370798 -0.141686 0.227731 -0.963361 -0.701492 -0.949224 0.244886 0.197497 -0.287866 0.28089 0.942427 0.181471 0.465371 
1537347370801 0 0 0 0 0 0 0 0 0 0 0 0 
1537347370804 0 0 0 0 0 0 0 0 0 0 0 0 
1537347370808 0 0 0 0 0 0 0 0 0 0 0 0 
1537347370818 -0.141648 0.227746 -0.963363 -0.701445 -0.949217 0.244934 0.197472 -0.287786 0.280933 0.942411 0.181486 0.465684 
1537347370828 -0.141609 0.22776 -0.963365 -0.701399 -0.94921 0.244981 0.197447 -0.287707 0.280977 0.942396 0.181501 0.465996 
1537347370838 -0.141571 0.227775 -0.963367 -0.701352 -0.949202 0.245029 0.197423 -0.287627 0.281021 0.94238 0.181516 0.466308 
1537347370848 -0.141532 0.22779 -0.963369 -0.701305 -0.949195 0.245076 0.197398 -0.287547 0.281064 0.942364 0.181531 0.46662 
1537347370858 -0.141493 0.227805 -0.963372 -0.701259 -0.949188 0.245124 0.197374 -0.287467 0.281108 0.942348 0.181546 0.466932 
1537347370868 -0.141455 0.227819 -0.963374 -0.701212 -0.949181 0.245171 0.197349 -0.287388 0.281151 0.942332 0.181561 0.467244 
1537347370878 -0.141416 0.227834 -0.963376 -0.701166 -0.949174 0.245219 0.197324 -0.287308 0.281195 0.942316 0.181576 0.467557 
1537347370888 -0.140707 0.228126 -0.963411 -0.698812 -0.949224 0.245478 0.196762 -0.285477 0.281382 0.942178 0.182002 0.467113 
1537347370915 0.275657 0.633204 -0.723233 -0.604483 -0.8825 0.464965 0.0707247 -0.181741 0.381061 0.618757 0.686973 0.426588 
1537347370918 0 0 0 0 0 0 0 0 0 0 0 0 
1537347370921 0 0 0 0 0 0 0 0 0 0 0 0 
1537347370924 0 0 0 0 0 0 0 0 0 0 0 0 
1537347370928 0 0 0 0 0 0 0 0 0 0 0 0 
1537347370938 -0.141605 0.227939 -0.963323 -0.700983 -0.949065 0.245432 0.197583 -0.287022 0.281467 0.942235 0.181575 0.468586 
1537347370948 -0.141871 0.228016 -0.963266 -0.700894 -0.94897 0.245551 0.19789 -0.286895 0.281653 0.942186 0.181544 0.468991 
1537347370958 -0.142137 0.228092 -0.963209 -0.700806 -0.948875 0.245669 0.198197 -0.286768 0.281838 0.942136 0.181512 0.469396 
1537347370968 -0.142403 0.228168 -0.963151 -0.700717 -0.94878 0.245788 0.198505 -0.286642 0.282023 0.942087 0.181481 0.4698 
1537347370978 -0.142669 0.228244 -0.963094 -0.700628 -0.948685 0.245906 0.198812 -0.286515 0.282209 0.942037 0.181449 0.470205 
1537347370988 -0.142935 0.228321 -0.963036 -0.700539 -0.94859 0.246025 0.199119 -0.286389 0.282394 0.941988 0.181417 0.47061 
1537347370998 -0.143201 0.228397 -0.962979 -0.70045 -0.948495 0.246143 0.199427 -0.286262 0.282579 0.941939 0.181386 0.471015 
1537347371008 -0.143467 0.228474 -0.962921 -0.700361 -0.948399 0.246262 0.199734 -0.286135 0.282764 0.941889 0.181354 0.47142 
1537347371018 -0.143055 0.228834 -0.962897 -0.697964 -0.948363 0.246592 0.199499 -0.284252 0.283095 0.941715 0.181741 0.471042 
1537347371044 0 0 0 0 0 0 0 0 0 0 0 0 
1537347371044 0 0 0 0 0 0 0 0 0 0 0 0 
1537347371048 0 0 0 0 0 0 0 0 0 0 0 0 
1537347371058 0.275657 0.633204 -0.723233 -0.604483 -0.8825 0.464965 0.0707247 -0.181741 0.381061 0.618757 0.686973 0.426588 
1537347371061 0 0 0 0 0 0 0 0 0 0 0 0 
1537347371064 0 0 0 0 0 0 0 0 0 0 0 0 
1537347371068 0 0 0 0 0 0 0 0 0 0 0 0 
1537347371078 -0.144226 0.228703 -0.962753 -0.700109 -0.948131 0.246582 0.200611 -0.285783 0.283278 0.941749 0.181277 0.472554 
1537347371081 0 0 0 0 0 0 0 0 0 0 0 0 
1537347371084 0 0 0 0 0 0 0 0 0 0 0 0 
1537347371088 0 0 0 0 0 0 0 0 0 0 0 0 
1537347371098 -0.144453 0.22878 -0.962701 -0.700035 -0.948054 0.246666 0.200874 -0.285684 0.283421 0.941709 0.181264 0.472878 
1537347371108 -0.144681 0.228857 -0.962648 -0.699961 -0.947976 0.24675 0.201137 -0.285584 0.283565 0.941668 0.181251 0.473203 
1537347371118 -0.144908 0.228934 -0.962596 -0.699886 -0.947898 0.246833 0.2014 -0.285485 0.283708 0.941628 0.181238 0.473527 
1537347371128 -0.145136 0.22901 -0.962543 -0.699812 -0.947821 0.246917 0.201663 -0.285386 0.283851 0.941587 0.181224 0.473851 
1537347371138 -0.145363 0.229087 -0.962491 -0.699738 -0.947743 0.247001 0.201926 -0.285287 0.283995 0.941546 0.181211 0.474175 
1537347371148 -0.145591 0.229164 -0.962438 -0.699664 -0.947665 0.247084 0.202189 -0.285188 0.284138 0.941506 0.181198 0.4745 
1537347371158 -0.145818 0.229241 -0.962385 -0.69959 -0.947587 0.247168 0.202452 -0.285088 0.284281 0.941465 0.181184 0.474824 
1537347371168 -0.145363 0.229607 -0.962367 -0.697206 -0.94757 0.247464 0.202169 -0.283229 0.28457 0.941298 0.181597 0.474343 
1537347371193 0 0 0 0 0 0 0 0 0 0 0 0 
1537347371193 0 0 0 0 0 0 0 0 0 0 0 0 
1537347371197 0 0 0 0 0 0 0 0 0 0 0 0 
1537347371207 0.275657 0.633204 -0.723233 -0.604483 -0.8825 0.464965 0.0707247 -0.181741 0.381061 0.618757 0.686973 0.426588 
1537347371210 0 0 0 0 0 0 0 0 0 0 0 0 
1537347371213 0 0 0 0 0 0 0 0 0 0 0 0 
1537347371217 0 0 0 0 0 0 0 0 0 0 0 0 
1537347371227 -0.14646 0.229448 -0.962239 -0.699384 -0.947368 0.247403 0.20319 -0.284812 0.284682 0.941353 0.181137 0.475728 
1537347371230 0 0 0 0 0 0 0 0 0 0 0 0 
1537347371233 0 0 0 0 0 0 0 0 0 0 0 0 
1537347371237 0 0 0 0 0 0 0 0 0 0 0 0 
1537347371247 -0.146647 0.2295 -0.962198 -0.699328 -0.947304 0.24747 0.203403 -0.284735 0.284796 0.941322 0.181116 0.475983 
1537347371257 -0.146834 0.229553 -0.962157 -0.699271 -0.947241 0.247538 0.203616 -0.284657 0.284911 0.941292 0.181095 0.476238 
1537347371267 -0.147021 0.229606 -0.962115 -0.699214 -0.947178 0.247606 0.203828 -0.28458 0.285025 0.941261 0.181075 0.476493 
1537347371277 -0.147207 0.229659 -0.962074 -0.699158 -0.947114 0.247673 0.204041 -0.284502 0.28514 0.94123 0.181054 0.476749 
1537347371287 -0.147394 0.229712 -0.962033 -0.699101 -0.947051 0.247741 0.204254 -0.284425 0.285254 0.9412 0.181033 0.477004 
1537347371297 -0.147581 0.229765 -0.961992 -0.699044 -0.946987 0.247809 0.204466 -0.284347 0.285369 0.941169 0.181012 0.477259 
1537347371307 -0.147768 0.229817 -0.96195 -0.698987 -0.946923 0.247876 0.204679 -0.28427 0.285483 0.941138 0.180991 0.477514 
1537347371317 -0.147267 0.230164 -0.961944 -0.696619 -0.946923 0.248156 0.204343 -0.282427 0.285745 0.94098 0.181402 0.476945 
1537347371344 0 0 0 0 0 0 0 0 0 0 0 0 
1537347371344 0 0 0 0 0 0 0 0 0 0 0 0 
1537347371348 0 0 0 0 0 0 0 0 0 0 0 0 
1537347371358 0.275657 0.633204 -0.723233 -0.604483 -0.8825 0.464965 0.0707247 -0.181741 0.381061 0.618757 0.686973 0.426588 
1537347371368 -0.148301 0.229974 -0.961831 -0.698829 -0.946742 0.248068 0.205287 -0.284053 0.28581 0.94105 0.180938 0.47823 
1537347371371 0 0 0 0 0 0 0 0 0 0 0 0 
1537347371374 0 0 0 0 0 0 0 0 0 0 0 0 
1537347371378 0 0 0 0 0 0 0 0 0 0 0 0 
1537347371388 -0.14846 0.230025 -0.961794 -0.698783 -0.946687 0.248124 0.20547 -0.28399 0.285908 0.941022 0.180926 0.478435 
1537347371398 -0.148619 0.230076 -0.961757 -0.698738 -0.946633 0.248181 0.205653 -0.283928 0.286005 0.940995 0.180914 0.47864 
1537347371408 -0.148778 0.230128 -0.961721 -0.698692 -0.946578 0.248237 0.205836 -0.283866 0.286103 0.940967 0.180901 0.478846 
1537347371418 -0.148937 0.230179 -0.961684 -0.698647 -0.946524 0.248293 0.206018 -0.283804 0.286201 0.94094 0.180889 0.479051 
1537347371428 -0.149097 0.23023 -0.961647 -0.698601 -0.946469 0.24835 0.206201 -0.283741 0.286298 0.940913 0.180877 0.479256 
1537347371438 -0.149256 0.230281 -0.96161 -0.698556 -0.946414 0.248406 0.206384 -0.283679 0.286396 0.940885 0.180865 0.479461 
1537347371448 -0.149415 0.230332 -0.961573 -0.698511 -0.94636 0.248462 0.206567 -0.283617 0.286494 0.940858 0.180853 0.479667 
1537347371460 -0.148882 0.230681 -0.961572 -0.696151 -0.946369 0.248731 0.206199 -0.281786 0.286739 0.940701 0.181278 0.479033 
1537347371483 0.275657 0.633204 -0.723233 -0.604483 -0.8825 0.464965 0.0707247 -0.181741 0.381061 0.618757 0.686973 0.426588 
1537347371487 0 0 0 0 0 0 0 0 0 0 0 0 
1537347371490 0 0 0 0 0 0 0 0 0 0 0 0 
1537347371493 0 0 0 0 0 0 0 0 0 0 0 0 
1537347371497 0 0 0 0 0 0 0 0 0 0 0 0 
1537347371508 -0.149857 0.230475 -0.96147 -0.698382 -0.946207 0.24862 0.207075 -0.283441 0.286766 0.940781 0.18082 0.480246 
1537347371510 0 0 0 0 0 0 0 0 0 0 0 0 
1537347371513 0 0 0 0 0 0 0 0 0 0 0 0 
1537347371517 0 0 0 0 0 0 0 0 0 0 0 0 
1537347371527 -0.14998 0.230516 -0.961441 -0.698344 -0.946164 0.248665 0.207217 -0.28339 0.286844 0.940759 0.180812 0.480414 
1537347371537 -0.150104 0.230558 -0.961411 -0.698306 -0.946121 0.24871 0.20736 -0.283339 0.286921 0.940737 0.180803 0.480583 
1537347371547 -0.150227 0.230599 -0.961382 -0.698268 -0.946078 0.248755 0.207503 -0.283288 0.286998 0.940715 0.180794 0.480751 
1537347371557 -0.150351 0.23064 -0.961353 -0.69823 -0.946035 0.2488 0.207645 -0.283236 0.287076 0.940693 0.180786 0.48092 
1537347371567 -0.150475 0.230681 -0.961324 -0.698192 -0.945992 0.248845 0.207788 -0.283185 0.287153 0.940671 0.180777 0.481088 
1537347371577 -0.150598 0.230722 -0.961295 -0.698154 -0.945949 0.24889 0.20793 -0.283134 0.28723 0.940649 0.180769 0.481257 
1537347371587 -0.150722 0.230763 -0.961266 -0.698116 -0.945905 0.248935 0.208073 -0.283083 0.287308 0.940627 0.18076 0.481425 
1537347371597 -0.15015 0.231105 -0.961273 -0.695762 -0.945928 0.249193 0.207663 -0.28126 0.287534 0.940475 0.181192 0.480743 
1537347371625 0 0 0 0 0 0 0 0 0 0 0 0 
1537347371625 0 0 0 0 0 0 0 0 0 0 0 0 
1537347371635 0.275657 0.633204 -0.723233 -0.604483 -0.8825 0.464965 0.0707247 -0.181741 0.381061 0.618757 0.686973 0.426588 
1537347371638 0 0 0 0 0 0 0 0 0 0 0 0 
1537347371642 0 0 0 0 0 0 0 0 0 0 0 0 
1537347371645 0 0 0 0 0 0 0 0 0 0 0 0 
1537347371655 -0.151067 0.230883 -0.961182 -0.698008 -0.945783 0.249065 0.208474 -0.282937 0.28753 0.940564 0.18074 0.481903 
1537347371658 0 0 0 0 0 0 0 0 0 0 0 0 
1537347371662 0 0 0 0 0 0 0 0 0 0 0 0 
1537347371665 0 0 0 0 0 0 0 0 0 0 0 0 
1537347371675 -0.151166 0.230921 -0.961158 -0.697976 -0.945747 0.249105 0.20859 -0.282894 0.287597 0.940544 0.180737 0.482044 
1537347371685 -0.151265 0.230959 -0.961133 -0.697943 -0.945711 0.249145 0.208707 -0.28285 0.287664 0.940524 0.180733 0.482185 
1537347371695 -0.151363 0.230997 -0.961109 -0.697911 -0.945674 0.249185 0.208823 -0.282807 0.287731 0.940504 0.18073 0.482325 
1537347371705 -0.151462 0.231035 -0.961084 -0.697879 -0.945638 0.249225 0.208939 -0.282763 0.287798 0.940484 0.180727 0.482466 
1537347371715 -0.151561 0.231073 -0.961059 -0.697846 -0.945602 0.249265 0.209055 -0.28272 0.287865 0.940464 0.180724 0.482607 
1537347371725 -0.15166 0.231111 -0.961035 -0.697814 -0.945566 0.249305 0.209172 -0.282677 0.287932 0.940444 0.180721 0.482748 
1537347371735 -0.151758 0.231148 -0.96101 -0.697781 -0.945529 0.249345 0.209288 -0.282633 0.288 0.940424 0.180717 0.482888 
1537347371745 -0.151159 0.231489 -0.961022 -0.695431 -0.945559 0.249598 0.20885 -0.280816 0.288216 0.940273 0.181158 0.482168 
1537347371772 0 0 0 0 0 0 0 0 0 0 0 0 
1537347371772 0 0 0 0 0 0 0 0 0 0 0 0 
1537347371775 0 0 0 0 0 0 0 0 0 0 0 0 
1537347371786 0.275657 0.633204 -0.723233 -0.604483 -0.8825 0.464965 0.0707247 -0.181741 0.381061 0.618757 0.686973 0.426588 
1537347371789 0 0 0 0 0 0 0 0 0 0 0 0 
1537347371792 0 0 0 0 0 0 0 0 0 0 0 0 
1537347371795 0 0 0 0 0 0 0 0 0 0 0 0 
1537347371806 -0.152036 0.231281 -0.960934 -0.697674 -0.945418 0.24948 0.209627 -0.282487 0.288217 0.940355 0.180728 0.48337 
1537347371809 0 0 0 0 0 0 0 0 0 0 0 0 
1537347371812 0 0 0 0 0 0 0 0 0 0 0 0 
1537347371815 0 0 0 0 0 0 0 0 0 0 0 0 
1537347371826 -0.152117 0.231339 -0.960907 -0.697632 -0.94538 0.249536 0.209734 -0.282428 0.288301 0.940327 0.180744 0.483571 
1537347371839 -0.152197 0.231396 -0.960881 -0.697589 -0.945342 0.249591 0.209841 -0.28237 0.288384 0.940298 0.180761 0.483772 
1537347371839 0 0 0 0 0 0 0 0 0 0 0 0 
1537347371842 0 0 0 0 0 0 0 0 0 0 0 0 
1537347371845 0 0 0 0 0 0 0 0 0 0 0 0 
1537347371856 -0.152278 0.231453 -0.960854 -0.697547 -0.945303 0.249647 0.209948 -0.282311 0.288467 0.940269 0.180777 0.483972 
1537347371866 -0.152358 0.23151 -0.960828 -0.697504 -0.945265 0.249702 0.210056 -0.282252 0.288551 0.94024 0.180794 0.484173 
1537347371876 -0.152439 0.231567 -0.960801 -0.697461 -0.945226 0.249758 0.210163 -0.282193 0.288634 0.940212 0.18081 0.484373 
1537347371886 -0.152519 0.231624 -0.960775 -0.697419 -0.945188 0.249813 0.21027 -0.282134 0.288717 0.940183 0.180827 0.484574 
1537347371896 -0.152599 0.231681 -0.960748 -0.697376 -0.945149 0.249868 0.210377 -0.282075 0.288801 0.940154 0.180844 0.484774 
1537347371906 -0.151979 0.232044 -0.960759 -0.695015 -0.945178 0.250137 0.209928 -0.28024 0.289034 0.939993 0.181308 0.4841 
1537347371935 0.275657 0.633204 -0.723233 -0.604483 -0.8825 0.464965 0.0707247 -0.181741 0.381061 0.618757 0.686973 0.426588 
1537347371938 0 0 0 0 0 0 0 0 0 0 0 0 
1537347371948 -0.152879 0.231905 -0.96065 -0.69723 -0.945014 0.25006 0.210756 -0.281882 0.289095 0.940048 0.180925 0.485457 
1537347371951 0 0 0 0 0 0 0 0 0 0 0 0 
1537347371954 0 0 0 0 0 0 0 0 0 0 0 0 
1537347371958 0 0 0 0 0 0 0 0 0 0 0 0 
1537347371963 0 0 0 0 0 0 0 0 0 0 0 0 
1537347371965 0 0 0 0 0 0 0 0 0 0 0 0 
1537347371968 0 0 0 0 0 0 0 0 0 0 0 0 
1537347371978 -0.152998 0.232015 -0.960604 -0.697169 -0.944956 0.25014 0.210922 -0.281807 0.289223 0.939999 0.180973 0.485739 
1537347371988 -0.153117 0.232124 -0.960559 -0.697108 -0.944898 0.250221 0.211088 -0.281731 0.289351 0.939951 0.181021 0.486021 
1537347371998 -0.153236 0.232234 -0.960514 -0.697047 -0.944839 0.250302 0.211253 -0.281656 0.289478 0.939902 0.181068 0.486303 
1537347372008 -0.153354 0.232343 -0.960468 -0.696986 -0.944781 0.250382 0.211419 -0.281581 0.289606 0.939854 0.181116 0.486585 
1537347372018 -0.153473 0.232453 -0.960423 -0.696925 -0.944722 0.250463 0.211584 -0.281505 0.289734 0.939805 0.181164 0.486867 
1537347372028 -0.153592 0.232563 -0.960377 -0.696864 -0.944664 0.250543 0.21175 -0.28143 0.289861 0.939757 0.181212 0.487149 
1537347372038 -0.15371 0.232672 -0.960332 -0.696803 -0.944605 0.250624 0.211915 -0.281355 0.289989 0.939708 0.18126 0.48743 
1537347372048 -0.153124 0.233092 -0.960324 -0.694422 -0.944616 0.250918 0.211522 -0.2795 0.290266 0.939526 0.181761 0.48682 
1537347372074 0.275657 0.633204 -0.723233 -0.604483 -0.8825 0.464965 0.0707247 -0.181741 0.381061 0.618757 0.686973 0.426588 
1537347372077 0 0 0 0 0 0 0 0 0 0 0 0 
1537347372081 0 0 0 0 0 0 0 0 0 0 0 0 
1537347372084 0 0 0 0 0 0 0 0 0 0 0 0 
1537347372087 0 0 0 0 0 0 0 0 0 0 0 0 
1537347372098 -0.154081 0.232965 -0.960201 -0.696609 -0.944401 0.250957 0.212433 -0.281108 0.290458 0.939547 0.181345 0.488275 
1537347372101 0 0 0 0 0 0 0 0 0 0 0 0 
1537347372104 0 0 0 0 0 0 0 0 0 0 0 0 
1537347372107 0 0 0 0 0 0 0 0 0 0 0 0 
1537347372118 -0.154214 0.233039 -0.960162 -0.696537 -0.944313 0.251128 0.21262 -0.281012 0.290673 0.939482 0.181335 0.488556 
1537347372128 -0.154347 0.233113 -0.960122 -0.696465 -0.944225 0.2513 0.212806 -0.280915 0.290887 0.939418 0.181324 0.488837 
1537347372138 -0.154481 0.233187 -0.960083 -0.696392 -0.944138 0.251472 0.212993 -0.280819 0.291101 0.939354 0.181314 0.489118 
1537347372148 -0.154614 0.233262 -0.960044 -0.69632 -0.94405 0.251643 0.21318 -0.280723 0.291315 0.93929 0.181303 0.489398 
1537347372158 -0.154747 0.233336 -0.960004 -0.696248 -0.943962 0.251815 0.213366 -0.280627 0.291529 0.939225 0.181292 0.489679 
1537347372168 -0.15488 0.23341 -0.959965 -0.696175 -0.943874 0.251986 0.213553 -0.280531 0.291743 0.939161 0.181282 0.48996 
1537347372178 -0.155013 0.233484 -0.959925 -0.696103 -0.943786 0.252158 0.21374 -0.280434 0.291957 0.939096 0.181271 0.490241 
1537347372188 -0.154436 0.233872 -0.959924 -0.693713 -0.943768 0.252542 0.213365 -0.278557 0.292322 0.938896 0.181719 0.48961 
1537347372214 0 0 0 0 0 0 0 0 0 0 0 0 
1537347372214 0 0 0 0 0 0 0 0 0 0 0 0 
1537347372217 0 0 0 0 0 0 0 0 0 0 0 0 
1537347372227 0.275657 0.633204 -0.723233 -0.604483 -0.8825 0.464965 0.0707247 -0.181741 0.381061 0.618757 0.686973 0.426588 
1537347372237 -0.155475 0.233679 -0.959803 -0.695903 -0.94352 0.252638 0.214346 -0.280144 0.292571 0.938919 0.181202 0.491093 
1537347372241 0 0 0 0 0 0 0 0 0 0 0 0 
1537347372244 0 0 0 0 0 0 0 0 0 0 0 0 
1537347372247 0 0 0 0 0 0 0 0 0 0 0 0 
1537347372257 -0.15567 0.233725 -0.95976 -0.695848 -0.94343 0.252776 0.214579 -0.280047 0.292757 0.93887 0.181154 0.491384 
1537347372267 -0.155866 0.233772 -0.959717 -0.695792 -0.94334 0.252913 0.214812 -0.279949 0.292942 0.938821 0.181106 0.491675 
1537347372277 -0.156061 0.233818 -0.959674 -0.695737 -0.94325 0.253051 0.215045 -0.279851 0.293128 0.938773 0.181058 0.491966 
1537347372287 -0.156257 0.233865 -0.959631 -0.695681 -0.94316 0.253189 0.215278 -0.279754 0.293313 0.938724 0.18101 0.492257 
1537347372297 -0.156452 0.233912 -0.959587 -0.695626 -0.94307 0.253326 0.215511 -0.279656 0.293499 0.938675 0.180962 0.492548 
1537347372307 -0.156647 0.233959 -0.959544 -0.69557 -0.94298 0.253464 0.215744 -0.279558 0.293685 0.938626 0.180914 0.492839 
1537347372317 -0.156843 0.234005 -0.959501 -0.695515 -0.94289 0.253601 0.215976 -0.279461 0.29387 0.938578 0.180866 0.493129 
1537347372327 -0.156321 0.234372 -0.959497 -0.693133 -0.942871 0.253953 0.215644 -0.277573 0.294208 0.938391 0.181285 0.492485 
1537347372351 0 0 0 0 0 0 0 0 0 0 0 0 
1537347372351 0 0 0 0 0 0 0 0 0 0 0 0 
1537347372355 0 0 0 0 0 0 0 0 0 0 0 0 
1537347372365 0.275657 0.633204 -0.723233 -0.604483 -0.8825 0.464965 0.0707247 -0.181741 0.381061 0.618757 0.686973 0.426588 
1537347372368 0 0 0 0 0 0 0 0 0 0 0 0 
1537347372371 0 0 0 0 0 0 0 0 0 0 0 0 
1537347372375 0 0 0 0 0 0 0 0 0 0 0 0 
1537347372385 -0.15746 0.234142 -0.959366 -0.69535 -0.942669 0.253831 0.216669 -0.279198 0.294248 0.938482 0.18075 0.493975 
1537347372388 0 0 0 0 0 0 0 0 0 0 0 0 
1537347372391 0 0 0 0 0 0 0 0 0 0 0 0 
1537347372395 0 0 0 0 0 0 0 0 0 0 0 0 
1537347372405 -0.157686 0.234185 -0.959319 -0.695297 -0.942629 0.253785 0.216895 -0.279132 0.294254 0.938483 0.180731 0.494239 
1537347372415 -0.157912 0.234227 -0.959271 -0.695243 -0.942589 0.25374 0.217122 -0.279065 0.294261 0.938485 0.180712 0.494503 
1537347372425 -0.158138 0.23427 -0.959224 -0.695189 -0.942549 0.253694 0.217349 -0.278998 0.294267 0.938486 0.180693 0.494767 
1537347372435 -0.158364 0.234313 -0.959176 -0.695136 -0.942509 0.253648 0.217575 -0.278931 0.294274 0.938488 0.180673 0.49503 
1537347372445 -0.15859 0.234356 -0.959128 -0.695082 -0.942469 0.253603 0.217802 -0.278864 0.294281 0.93849 0.180654 0.495294 
1537347372455 -0.158816 0.234399 -0.95908 -0.695028 -0.942429 0.253557 0.218028 -0.278797 0.294287 0.938491 0.180635 0.495558 
1537347372458 0 0 0 0 0 0 0 0 0 0 0 0 
1537347372461 0 0 0 0 0 0 0 0 0 0 0 0 
1537347372465 0 0 0 0 0 0 0 0 0 0 0 0 
1537347372475 -0.159042 0.234441 -0.959032 -0.694975 -0.942389 0.253511 0.218255 -0.27873 0.294294 0.938493 0.180616 0.495822 
1537347372485 -0.158544 0.234811 -0.959024 -0.692584 -0.942423 0.25368 0.217911 -0.276863 0.294454 0.938355 0.181072 0.495127 
1537347372513 0 0 0 0 0 0 0 0 0 0 0 0 
1537347372513 0 0 0 0 0 0 0 0 0 0 0 0 
1537347372516 0 0 0 0 0 0 0 0 0 0 0 0 
1537347372526 0.275657 0.633204 -0.723233 -0.604483 -0.8825 0.464965 0.0707247 -0.181741 0.381061 0.618757 0.686973 0.426588 
1537347372529 0 0 0 0 0 0 0 0 0 0 0 0 
1537347372533 0 0 0 0 0 0 0 0 0 0 0 0 
1537347372536 0 0 0 0 0 0 0 0 0 0 0 0 
1537347372546 -0.159744 0.234563 -0.958886 -0.694823 -0.942255 0.253402 0.21896 -0.278539 0.294344 0.938492 0.180538 0.496526 
1537347372549 0 0 0 0 0 0 0 0 0 0 0 0 
1537347372553 0 0 0 0 0 0 0 0 0 0 0 0 
1537347372556 0 0 0 0 0 0 0 0 0 0 0 0 
1537347372566 -0.159992 0.234598 -0.958836 -0.694777 -0.942201 0.253384 0.219212 -0.278481 0.294381 0.938488 0.180499 0.496702 
1537347372576 -0.160241 0.234634 -0.958786 -0.694732 -0.942147 0.253366 0.219464 -0.278424 0.294418 0.938484 0.18046 0.496878 
1537347372586 -0.16049 0.234669 -0.958735 -0.694687 -0.942093 0.253348 0.219716 -0.278366 0.294455 0.93848 0.18042 0.497054 
1537347372596 -0.160739 0.234705 -0.958685 -0.694642 -0.942039 0.25333 0.219968 -0.278308 0.294492 0.938476 0.180381 0.497229 
1537347372606 -0.160988 0.23474 -0.958634 -0.694597 -0.941985 0.253312 0.22022 -0.278251 0.294529 0.938472 0.180342 0.497405 
1537347372616 -0.161237 0.234776 -0.958584 -0.694552 -0.941931 0.253294 0.220472 -0.278193 0.294565 0.938468 0.180302 0.497581 
1537347372626 -0.161486 0.234811 -0.958533 -0.694506 -0.941877 0.253276 0.220724 -0.278135 0.294602 0.938464 0.180263 0.497757 
1537347372636 -0.161005 0.235178 -0.958524 -0.692117 -0.941899 0.253473 0.220404 -0.276271 0.294794 0.938319 0.180704 0.496959 
1537347372665 0.275657 0.633204 -0.723233 -0.604483 -0.8825 0.464965 0.0707247 -0.181741 0.381061 0.618757 0.686973 0.426588 
1537347372668 0 0 0 0 0 0 0 0 0 0 0 0 
1537347372671 0 0 0 0 0 0 0 0 0 0 0 0 
1537347372674 0 0 0 0 0 0 0 0 0 0 0 0 
1537347372678 0 0 0 0 0 0 0 0 0 0 0 0 
1537347372688 -0.162138 0.234948 -0.95839 -0.694384 -0.941718 0.25327 0.221406 -0.277992 0.294751 0.938431 0.180191 0.498197 
1537347372691 0 0 0 0 0 0 0 0 0 0 0 0 
1537347372694 0 0 0 0 0 0 0 0 0 0 0 0 
1537347372698 0 0 0 0 0 0 0 0 0 0 0 0 
1537347372708 -0.162292 0.235015 -0.958347 -0.694352 -0.941668 0.2533 0.221584 -0.277963 0.294825 0.938407 0.180197 0.498285 
1537347372718 -0.162447 0.235081 -0.958305 -0.694321 -0.941618 0.25333 0.221762 -0.277934 0.294899 0.938382 0.180204 0.498373 
1537347372728 -0.162601 0.235147 -0.958262 -0.694289 -0.941568 0.25336 0.22194 -0.277906 0.294974 0.938357 0.18021 0.498461 
1537347372738 -0.162756 0.235213 -0.95822 -0.694257 -0.941518 0.25339 0.222118 -0.277877 0.295048 0.938333 0.180217 0.498549 
1537347372748 -0.16291 0.235279 -0.958177 -0.694225 -0.941468 0.25342 0.222296 -0.277849 0.295123 0.938308 0.180223 0.498638 
1537347372758 -0.163065 0.235345 -0.958135 -0.694193 -0.941418 0.253449 0.222474 -0.27782 0.295197 0.938284 0.18023 0.498726 
1537347372768 -0.163219 0.235411 -0.958092 -0.694161 -0.941368 0.253479 0.222652 -0.277792 0.295271 0.938259 0.180236 0.498814 
1537347372778 -0.162645 0.23581 -0.958092 -0.691785 -0.941396 0.253723 0.222258 -0.275958 0.295501 0.938093 0.180724 0.497923 
1537347372804 0.275657 0.633204 -0.723233 -0.604483 -0.8825 0.464965 0.0707247 -0.181741 0.381061 0.618757 0.686973 0.426588 
1537347372807 0 0 0 0 0 0 0 0 0 0 0 0 
1537347372810 0 0 0 0 0 0 0 0 0 0 0 0 
1537347372813 0 0 0 0 0 0 0 0 0 0 0 0 
1537347372817 0 0 0 0 0 0 0 0 0 0 0 0 
1537347372827 -0.163531 0.235551 -0.958005 -0.694097 -0.941266 0.253541 0.223014 -0.277735 0.295424 0.938207 0.180254 0.49899 
1537347372830 0 0 0 0 0 0 0 0 0 0 0 0 
1537347372833 0 0 0 0 0 0 0 0 0 0 0 0 
1537347372837 0 0 0 0 0 0 0 0 0 0 0 0 
1537347372847 -0.163535 0.235558 -0.958003 -0.694096 -0.941264 0.253542 0.223019 -0.277735 0.295428 0.938205 0.180259 0.498989 
1537347372857 -0.163538 0.235565 -0.958 -0.694096 -0.941263 0.253544 0.223025 -0.277735 0.295432 0.938203 0.180265 0.498989 
1537347372867 -0.163541 0.235573 -0.957998 -0.694095 -0.941261 0.253546 0.223031 -0.277735 0.295436 0.9382 0.18027 0.498988 
1537347372877 -0.163544 0.23558 -0.957996 -0.694095 -0.941259 0.253548 0.223036 -0.277735 0.29544 0.938198 0.180275 0.498988 
1537347372887 -0.163547 0.235587 -0.957993 -0.694094 -0.941257 0.253549 0.223042 -0.277736 0.295444 0.938196 0.180281 0.498988 
1537347372901 -0.16355 0.235594 -0.957991 -0.694094 -0.941255 0.253551 0.223047 -0.277736 0.295449 0.938194 0.180286 0.498987 
1537347372901 0 0 0 0 0 0 0 0 0 0 0 0 
1537347372905 0 0 0 0 0 0 0 0 0 0 0 0 
1537347372907 0 0 0 0 0 0 0 0 0 0 0 0 
1537347372917 -0.163553 0.235602 -0.957989 -0.694093 -0.941254 0.253553 0.223053 -0.277736 0.295453 0.938191 0.180291 0.498987 
1537347372927 -0.162827 0.235941 -0.958029 -0.691749 -0.941329 0.253769 0.222487 -0.275932 0.295612 0.938047 0.180778 0.498007 
1537347372975 0 0 0 0 0 0 0 0 0 0 0 0 
1537347372975 0 0 0 0 0 0 0 0 0 0 0 0 
1537347372985 0.275657 0.633204 -0.723233 -0.604483 -0.8825 0.464965 0.0707247 -0.181741 0.381061 0.618757 0.686973 0.426588 
1537347372989 0 0 0 0 0 0 0 0 0 0 0 0 
1537347372992 0 0 0 0 0 0 0 0 0 0 0 0 
1537347372995 0 0 0 0 0 0 0 0 0 0 0 0 
1537347373005 -0.126844 0.330381 -0.935286 -0.67059 -0.942544 0.253647 0.217426 -0.266526 0.309065 0.909127 0.279225 0.497544 
1537347373009 0 0 0 0 0 0 0 0 0 0 0 0 
1537347373012 0 0 0 0 0 0 0 0 0 0 0 0 
1537347373015 0 0 0 0 0 0 0 0 0 0 0 0 
1537347373025 -0.088873 0.421627 -0.902403 -0.646976 -0.943651 0.254321 0.211761 -0.255231 0.318784 0.870374 0.375267 0.496057 
1537347373035 -0.0500919 0.50835 -0.859692 -0.623362 -0.944557 0.255563 0.206155 -0.243935 0.324505 0.822355 0.467364 0.494569 
1537347373045 -0.0109221 0.589608 -0.807616 -0.599746 -0.94525 0.257359 0.200671 -0.232639 0.326165 0.76559 0.554516 0.49308 
1537347373055 0.0282111 0.664519 -0.746739 -0.57613 -0.945723 0.25969 0.195368 -0.221342 0.323746 0.700697 0.635777 0.491592 
1537347373065 0.0668831 0.73227 -0.677723 -0.552514 -0.945972 0.262529 0.190303 -0.210046 0.317275 0.628379 0.710265 0.490104 
1537347373075 0.104675 0.792126 -0.601316 -0.528898 -0.945993 0.265847 0.185531 -0.19875 0.306822 0.54942 0.777173 0.488615 
1537347373085 0.141174 0.843426 -0.518366 -0.50532 -0.945787 0.269611 0.181101 -0.187455 0.292502 0.464697 0.835763 0.487172 
1537347373095 0.175425 0.884446 -0.432414 -0.486968 -0.945295 0.274028 0.176993 -0.176716 0.275035 0.37771 0.884133 0.491527 
1537347410350 0 0 0 0 0 0 0 0 0 0 0 0 
1537347410350 0 0 0 0 0 0 0 0 0 0 0 0 
1537347410360 0.275657 0.633204 -0.723233 -0.604483 -0.8825 0.464965 0.0707247 -0.181741 0.381061 0.618757 0.686973 0.426588 
1537347410364 0 0 0 0 0 0 0 0 0 0 0 0 
1537347410366 0 0 0 0 0 0 0 0 0 0 0 0 
1537347410370 0 0 0 0 0 0 0 0 0 0 0 0 
1537347410380 -0.17857 0.80438 -0.566644 -0.606955 -0.97468 -0.0658428 0.21369 -0.257392 0.134579 0.590455 0.795771 0.416439 
1537347410383 0 0 0 0 0 0 0 0 0 0 0 0 
1537347410387 0 0 0 0 0 0 0 0 0 0 0 0 
1537347410390 0 0 0 0 0 0 0 0 0 0 0 0 
1537347410400 -0.171198 0.757858 -0.629558 -0.616648 -0.973471 -0.0316588 0.226609 -0.259661 0.151806 0.651651 0.743172 0.425616 
1537347410410 -0.165187 0.706194 -0.688479 -0.62634 -0.971588 0.00344883 0.236652 -0.26193 0.169496 0.70801 0.68556 0.434793 
1537347410421 -0.160582 0.649759 -0.742985 -0.636032 -0.969045 0.0392278 0.243747 -0.264198 0.187523 0.759127 0.623347 0.44397 
1537347410430 -0.157416 0.588958 -0.792685 -0.645722 -0.96586 0.0754221 0.247844 -0.266466 0.205756 0.804637 0.556978 0.453146 
1537347410440 -0.15571 0.524225 -0.837223 -0.65541 -0.962055 0.111773 0.248913 -0.268731 0.224065 0.844213 0.486929 0.462322 
1537347410450 -0.155476 0.456025 -0.876281 -0.665092 -0.957658 0.148019 0.246945 -0.270993 0.24232 0.877571 0.413702 0.471496 
1537347410460 -0.156715 0.384847 -0.909579 -0.674765 -0.9527 0.183903 0.241954 -0.273247 0.260389 0.904474 0.337823 0.480667 
1537347410470 -0.158855 0.311424 -0.936899 -0.682265 -0.947283 0.219358 0.23353 -0.273928 0.278243 0.924607 0.26016 0.489145 
1537347425541 0.275657 0.633204 -0.723233 -0.604483 -0.8825 0.464965 0.0707247 -0.181741 0.381061 0.618757 0.686973 0.426588 
1537347425544 0 0 0 0 0 0 0 0 0 0 0 0 
1537347425547 0 0 0 0 0 0 0 0 0 0 0 0 
1537347425549 0 0 0 0 0 0 0 0 0 0 0 0 
1537347425549 0 0 0 0 0 0 0 0 0 0 0 0 
1537347425550 0 0 0 0 0 0 0 0 0 0 0 0 
1537347425553 0 0 0 0 0 0 0 0 0 0 0 0 
1537347425560 -0.162956 0.23462 -0.958331 -0.694792 -0.941756 0.252624 0.221985 -0.278735 0.29418 0.938688 0.179788 0.49549 
1537347425563 0.275657 0.633204 -0.723233 -0.604483 -0.8825 0.464965 0.0707247 -0.181741 0.381061 0.618757 0.686973 0.426588 
1537347425564 0 0 0 0 0 0 0 0 0 0 0 0 
1537347425567 0 0 0 0 0 0 0 0 0 0 0 0 
1537347425570 0 0 0 0 0 0 0 0 0 0 0 0 
1537347425573 0.17566 0.884621 -0.43196 -0.485376 -0.945708 0.273519 0.175566 -0.177541 0.273459 0.377668 0.88464 0.485333 
1537347425574 0 0 0 0 0 0 0 0 0 0 0 0 
1537347425577 0 0 0 0 0 0 0 0 0 0 0 0 
1537347425580 0 0 0 0 0 0 0 0 0 0 0 0 
1537347425583 0.141324 0.842407 -0.519979 -0.507057 -0.9466 0.268745 0.178114 -0.189472 0.289786 0.46704 0.835403 0.480565 
1537347425584 0 0 0 0 0 0 0 0 0 0 0 0 
1537347425587 0 0 0 0 0 0 0 0 0 0 0 0 
1537347425592 0 0 0 0 0 0 0 0 0 0 0 0 
1537347425593 0.10513 0.790478 -0.603401 -0.530994 -0.947267 0.264296 0.181197 -0.201744 0.302709 0.552532 0.776579 0.478123 
1537347425600 -0.162351 0.233624 -0.958677 -0.695491 -0.942259 0.251691 0.220906 -0.279734 0.292899 0.939187 0.179272 0.491994 
1537347425603 0.0677501 0.729735 -0.680365 -0.555309 -0.947733 0.26018 0.184685 -0.214039 0.311788 0.632292 0.709221 0.476114 
1537347425611 -0.161745 0.232629 -0.959022 -0.69619 -0.94276 0.250756 0.219828 -0.280733 0.291618 0.939684 0.178755 0.488498 
1537347425613 0.0296245 0.660957 -0.749839 -0.579624 -0.947994 0.256415 0.188568 -0.226334 0.316905 0.705257 0.63418 0.474105 
1537347425620 -0.161137 0.231634 -0.959365 -0.696889 -0.94326 0.249819 0.21875 -0.281731 0.290337 0.940179 0.178236 0.485002 
1537347425624 0 0 0 0 0 0 0 0 0 0 0 0 
1537347425625 -0.00882901 0.584902 -0.811056 -0.603939 -0.948048 0.253043 0.192805 -0.238629 0.318005 0.770622 0.552281 0.472096 
1537347425626 0 0 0 0 0 0 0 0 0 0 0 0 
1537347425627 0 0 0 0 0 0 0 0 0 0 0 0 
1537347425629 0 0 0 0 0 0 0 0 0 0 0 0 
1537347425630 0 0 0 0 0 0 0 0 0 0 0 0 
1537347425633 0 0 0 0 0 0 0 0 0 0 0 0 
1537347425640 -0.160528 0.230639 -0.959706 -0.697588 -0.943757 0.248881 0.217672 -0.28273 0.289056 0.940672 0.177715 0.481505 
