1535150847493 0.250986 0.918211 -0.306423 -0.540509 -0.934368 0.312516 0.171142 -0.204669 0.252907 0.243358 0.936384 0.428811 
1535150852376 0.250987 0.918211 -0.306422 -0.540509 -0.934368 0.312516 0.171142 -0.204669 0.252906 0.243357 0.936384 0.428811 
1535150852988 0.252751 0.918843 -0.30306 -0.546334 -0.933944 0.313514 0.171633 -0.207418 0.252718 0.23966 0.937388 0.424656 
1535150853832 0.252751 0.918843 -0.30306 -0.546334 -0.933944 0.313514 0.171633 -0.207418 0.252718 0.23966 0.937388 0.424656 
1535150854436 0.254535 0.920687 -0.295883 -0.558522 -0.933598 0.313735 0.173104 -0.212645 0.252203 0.232175 0.939408 0.41547 
1535150855298 0.255374 0.922713 -0.288765 -0.570749 -0.933609 0.312974 0.17442 -0.217657 0.251315 0.225051 0.941378 0.405631 
