1531910454346 -0.189643 -0.974245 0.121993 -0.490212 0.848396 -0.100055 0.519821 -0.214796 -0.494227 0.202078 0.84552 0.388251 
1531910454351 -0.189643 -0.974245 0.121993 -0.490212 0.848396 -0.100055 0.519821 -0.214796 -0.494227 0.202078 0.84552 0.388251 
1531910454361 -0.189643 -0.974245 0.121993 -0.490212 0.848396 -0.100055 0.519821 -0.214796 -0.494227 0.202078 0.84552 0.388251 
1531910454362 0.275657 0.633204 -0.723233 -0.604483 -0.8825 0.464965 0.0707247 -0.181741 0.381061 0.618757 0.686973 0.426588 
1531910454364 0 0 0 0 0 0 0 0 0 0 0 0 
1531910454373 0 0 0 0 0 0 0 0 0 0 0 0 
1531910454373 0 0 0 0 0 0 0 0 0 0 0 0 
1531910454378 -0.189643 -0.974245 0.121993 -0.490212 0.848396 -0.100055 0.519821 -0.214796 -0.494227 0.202078 0.84552 0.388251 
1531910454381 0 0 0 0 0 0 0 0 0 0 0 0 
1531910454382 -0.186319 0.845148 -0.501008 -0.595444 -0.975422 -0.098067 0.19732 -0.251671 0.117632 0.525459 0.842648 0.409373 
1531910454384 0 0 0 0 0 0 0 0 0 0 0 0 
1531910454388 0 0 0 0 0 0 0 0 0 0 0 0 
1531910454391 -0.187231 0.845419 -0.500212 -0.597087 -0.97521 -0.098835 0.197982 -0.254964 0.11794 0.52488 0.842966 0.40735 
1531910454400 -0.189643 -0.974245 0.121993 -0.490212 0.848396 -0.100055 0.519821 -0.214796 -0.494227 0.202078 0.84552 0.388251 
1531910454401 -0.187247 0.845429 -0.500188 -0.597265 -0.975206 -0.0988476 0.197997 -0.255093 0.11795 0.524861 0.842976 0.40726 
1531910454401 0 0 0 0 0 0 0 0 0 0 0 0 
1531910454404 0 0 0 0 0 0 0 0 0 0 0 0 
1531910454404 0 0 0 0 0 0 0 0 0 0 0 0 
1531910454408 0 0 0 0 0 0 0 0 0 0 0 0 
1531910454408 0 0 0 0 0 0 0 0 0 0 0 0 
1531910454418 -0.189643 -0.974245 0.121993 -0.490212 0.848396 -0.100055 0.519821 -0.214796 -0.494227 0.202078 0.84552 0.388251 
1531910454418 -0.18725 0.845429 -0.500187 -0.597275 -0.975206 -0.0988521 0.197995 -0.255107 0.117946 0.52486 0.842977 0.407257 
1531910454429 -0.189643 -0.974245 0.121993 -0.490212 0.848396 -0.100055 0.519821 -0.214796 -0.494227 0.202078 0.84552 0.388251 
1531910454431 0 0 0 0 0 0 0 0 0 0 0 0 
1531910454434 0 0 0 0 0 0 0 0 0 0 0 0 
1531910454435 0 0 0 0 0 0 0 0 0 0 0 0 
1531910454435 0 0 0 0 0 0 0 0 0 0 0 0 
1531910454438 0 0 0 0 0 0 0 0 0 0 0 0 
1531910454439 0 0 0 0 0 0 0 0 0 0 0 0 
1531910454448 -0.189643 -0.974245 0.121993 -0.490212 0.848396 -0.100055 0.519821 -0.214796 -0.494227 0.202078 0.84552 0.388251 
1531910454449 -0.187253 0.845429 -0.500187 -0.597271 -0.975206 -0.0988578 0.197991 -0.255119 0.11794 0.524859 0.842978 0.407259 
1531910454458 -0.189643 -0.974245 0.121993 -0.490212 0.848396 -0.100055 0.519821 -0.214796 -0.494227 0.202078 0.84552 0.388251 
1531910454459 -0.187253 0.845429 -0.500186 -0.597269 -0.975206 -0.0988592 0.19799 -0.255122 0.117939 0.524859 0.842979 0.40726 
1531910454461 0 0 0 0 0 0 0 0 0 0 0 0 
1531910454462 0 0 0 0 0 0 0 0 0 0 0 0 
1531910454464 0 0 0 0 0 0 0 0 0 0 0 0 
1531910454465 0 0 0 0 0 0 0 0 0 0 0 0 
1531910454475 -0.189643 -0.974245 0.121993 -0.490212 0.848396 -0.100055 0.519821 -0.214796 -0.494227 0.202078 0.84552 0.388251 
1531910454475 -0.187254 0.845429 -0.500186 -0.597268 -0.975206 -0.09886 0.19799 -0.255123 0.117938 0.524859 0.842979 0.407261 
1531910454486 -0.187253 0.845429 -0.500187 -0.59726 -0.975206 -0.0988592 0.19799 -0.255118 0.117938 0.524859 0.842979 0.407261 
1531910454544 0 0 0 0 0 0 0 0 0 0 0 0 
1531910454544 0 0 0 0 0 0 0 0 0 0 0 0 
1531910454544 -0.187253 0.845429 -0.500187 -0.59726 -0.975206 -0.0988592 0.19799 -0.255118 0.117938 0.524859 0.842979 0.407261 
1531910454554 -0.189643 -0.974245 0.121993 -0.490212 0.848396 -0.100055 0.519821 -0.214796 -0.494227 0.202078 0.84552 0.388251 
1531910454554 -0.187254 0.845429 -0.500186 -0.597267 -0.975206 -0.0988608 0.197989 -0.255126 0.117937 0.524859 0.842979 0.407261 
1531910454556 0 0 0 0 0 0 0 0 0 0 0 0 
1531910454564 -0.189643 -0.974245 0.121993 -0.490212 0.848396 -0.100055 0.519821 -0.214796 -0.494227 0.202078 0.84552 0.388251 
1531910454566 -0.187254 0.845429 -0.500186 -0.597268 -0.975206 -0.0988609 0.197989 -0.255126 0.117937 0.524859 0.842979 0.407261 
1531910454567 0 0 0 0 0 0 0 0 0 0 0 0 
1531910454570 0 0 0 0 0 0 0 0 0 0 0 0 
1531910454574 0 0 0 0 0 0 0 0 0 0 0 0 
1531910454576 -0.187254 0.845429 -0.500186 -0.597268 -0.975206 -0.0988609 0.197989 -0.255126 0.117937 0.524859 0.842979 0.407261 
1531910454584 -0.189643 -0.974245 0.121993 -0.490212 0.848396 -0.100055 0.519821 -0.214796 -0.494227 0.202078 0.84552 0.388251 
1531910454589 -0.187254 0.845429 -0.500186 -0.597268 -0.975206 -0.0988609 0.197989 -0.255126 0.117937 0.524859 0.842979 0.407261 
1531910454589 0 0 0 0 0 0 0 0 0 0 0 0 
1531910454593 0 0 0 0 0 0 0 0 0 0 0 0 
1531910454594 -0.189643 -0.974245 0.121993 -0.490212 0.848396 -0.100055 0.519821 -0.214796 -0.494227 0.202078 0.84552 0.388251 
1531910454596 0 0 0 0 0 0 0 0 0 0 0 0 
1531910454604 -0.189643 -0.974245 0.121993 -0.490212 0.848396 -0.100055 0.519821 -0.214796 -0.494227 0.202078 0.84552 0.388251 
1531910454606 -0.187254 0.845429 -0.500186 -0.597268 -0.975206 -0.0988609 0.197989 -0.255126 0.117937 0.524859 0.842979 0.407261 
1531910454614 -0.189643 -0.974245 0.121993 -0.490212 0.848396 -0.100055 0.519821 -0.214796 -0.494227 0.202078 0.84552 0.388251 
1531910454616 -0.187254 0.845429 -0.500186 -0.597268 -0.975206 -0.0988609 0.197989 -0.255126 0.117937 0.524859 0.842979 0.407261 
1531910454624 -0.189643 -0.974245 0.121993 -0.490212 0.848396 -0.100055 0.519821 -0.214796 -0.494227 0.202078 0.84552 0.388251 
1531910454626 -0.187254 0.845429 -0.500186 -0.597268 -0.975206 -0.0988609 0.197989 -0.255126 0.117937 0.524859 0.842979 0.407261 
1531910454634 -0.189643 -0.974245 0.121993 -0.490212 0.848396 -0.100055 0.519821 -0.214796 -0.494227 0.202078 0.84552 0.388251 
1531910454636 -0.187254 0.845429 -0.500186 -0.597268 -0.975206 -0.0988609 0.197989 -0.255126 0.117937 0.524859 0.842979 0.407261 
1531910454644 -0.189643 -0.974245 0.121993 -0.490212 0.848396 -0.100055 0.519821 -0.214796 -0.494227 0.202078 0.84552 0.388251 
1531910454646 -0.187254 0.845429 -0.500186 -0.597268 -0.975206 -0.0988609 0.197989 -0.255126 0.117937 0.524859 0.842979 0.407261 
1531910454701 0 0 0 0 0 0 0 0 0 0 0 0 
1531910454714 0 0 0 0 0 0 0 0 0 0 0 0 
1531910454718 -0.187254 0.845429 -0.500186 -0.597268 -0.975206 -0.0988609 0.197989 -0.255126 0.117937 0.524859 0.842979 0.407261 
1531910454719 0 0 0 0 0 0 0 0 0 0 0 0 
1531910454720 0 0 0 0 0 0 0 0 0 0 0 0 
1531910454720 0 0 0 0 0 0 0 0 0 0 0 0 
1531910454734 -0.187254 0.845429 -0.500186 -0.597268 -0.975206 -0.0988609 0.197989 -0.255126 0.117937 0.524859 0.842979 0.407261 
1531910454734 0 0 0 0 0 0 0 0 0 0 0 0 
1531910454735 0 0 0 0 0 0 0 0 0 0 0 0 
1531910454736 -0.189643 -0.974245 0.121993 -0.490212 0.848396 -0.100055 0.519821 -0.214796 -0.494227 0.202078 0.84552 0.388251 
1531910454738 0 0 0 0 0 0 0 0 0 0 0 0 
1531910454740 0 0 0 0 0 0 0 0 0 0 0 0 
1531910454748 -0.187254 0.845429 -0.500186 -0.597268 -0.975206 -0.0988609 0.197989 -0.255126 0.117937 0.524859 0.842979 0.407261 
1531910454750 -0.189643 -0.974245 0.121993 -0.490212 0.848396 -0.100055 0.519821 -0.214796 -0.494227 0.202078 0.84552 0.388251 
1531910454754 0 0 0 0 0 0 0 0 0 0 0 0 
1531910454756 0 0 0 0 0 0 0 0 0 0 0 0 
1531910454758 -0.187254 0.845429 -0.500186 -0.597268 -0.975206 -0.0988609 0.197989 -0.255126 0.117937 0.524859 0.842979 0.407261 
1531910454759 0 0 0 0 0 0 0 0 0 0 0 0 
1531910454771 -0.187254 0.845429 -0.500186 -0.597268 -0.975206 -0.0988609 0.197989 -0.255126 0.117937 0.524859 0.842979 0.407261 
1531910454771 0 0 0 0 0 0 0 0 0 0 0 0 
1531910454774 0 0 0 0 0 0 0 0 0 0 0 0 
1531910454775 -0.189643 -0.974245 0.121993 -0.490212 0.848396 -0.100055 0.519821 -0.214796 -0.494227 0.202078 0.84552 0.388251 
1531910454778 0 0 0 0 0 0 0 0 0 0 0 0 
1531910454779 0 0 0 0 0 0 0 0 0 0 0 0 
1531910454788 -0.187254 0.845429 -0.500186 -0.597268 -0.975206 -0.0988609 0.197989 -0.255126 0.117937 0.524859 0.842979 0.407261 
1531910454789 -0.189643 -0.974245 0.121993 -0.490212 0.848396 -0.100055 0.519821 -0.214796 -0.494227 0.202078 0.84552 0.388251 
1531910454798 -0.187254 0.845429 -0.500186 -0.597268 -0.975206 -0.0988609 0.197989 -0.255126 0.117937 0.524859 0.842979 0.407261 
1531910454799 -0.189643 -0.974245 0.121993 -0.490212 0.848396 -0.100055 0.519821 -0.214796 -0.494227 0.202078 0.84552 0.388251 
1531910454809 -0.187254 0.845429 -0.500186 -0.597268 -0.975206 -0.0988609 0.197989 -0.255126 0.117937 0.524859 0.842979 0.407261 
1531910454809 -0.189643 -0.974245 0.121993 -0.490212 0.848396 -0.100055 0.519821 -0.214796 -0.494227 0.202078 0.84552 0.388251 
1531910454818 -0.187254 0.845429 -0.500186 -0.597268 -0.975206 -0.0988609 0.197989 -0.255126 0.117937 0.524859 0.842979 0.407261 
1531910454819 -0.189643 -0.974245 0.121993 -0.490212 0.848396 -0.100055 0.519821 -0.214796 -0.494227 0.202078 0.84552 0.388251 
1531910454828 -0.187254 0.845429 -0.500186 -0.597268 -0.975206 -0.0988609 0.197989 -0.255126 0.117937 0.524859 0.842979 0.407261 
1531910454829 -0.189643 -0.974245 0.121993 -0.490212 0.848396 -0.100055 0.519821 -0.214796 -0.494227 0.202078 0.84552 0.388251 
1531910454839 -0.189643 -0.974245 0.121993 -0.490212 0.848396 -0.100055 0.519821 -0.214796 -0.494227 0.202078 0.84552 0.388251 
1531910454848 -0.189643 -0.974245 0.121993 -0.490212 0.848396 -0.100055 0.519821 -0.214796 -0.494227 0.202078 0.84552 0.388251 
