1532542862041 0.195597 0.66401 -0.721687 -0.403421 -0.977794 0.0755868 -0.195463 -0.438551 -0.0752392 0.743893 0.664049 0.463767 
1532542881924 0.195595 0.66401 -0.721687 -0.403422 -0.977794 0.0755862 -0.195461 -0.43855 -0.0752385 0.743893 0.66405 0.463768 
1532542883373 0.204927 0.672077 -0.71156 -0.439077 -0.978326 0.118584 -0.169751 -0.401487 -0.0297065 0.730924 0.681812 0.452163 
1532542884825 0.214935 0.679626 -0.701364 -0.474675 -0.976501 0.161145 -0.143101 -0.364391 0.0157663 0.71564 0.698291 0.440629 
1532542886604 0.230946 0.689658 -0.686321 -0.528096 -0.969394 0.223494 -0.101618 -0.308732 0.0833068 0.688783 0.720165 0.423283 
1532542888040 0.242173 0.695407 -0.67658 -0.562919 -0.961773 0.263952 -0.0729571 -0.271759 0.12785 0.668385 0.732746 0.412063 
1532542888574 0.242262 0.695406 -0.67655 -0.562934 -0.961762 0.26396 -0.0730744 -0.271741 0.127766 0.668383 0.732762 0.412041 
1532542889059 0.242771 0.695751 -0.676013 -0.564777 -0.961341 0.265895 -0.0715804 -0.26987 0.129946 0.667256 0.733405 0.411433 
1532542889463 0.243313 0.696014 -0.675547 -0.566622 -0.96089 0.267927 -0.0700417 -0.26803 0.132247 0.666168 0.733983 0.410851 
1532542889980 0.24424 0.696524 -0.674686 -0.570357 -0.960039 0.271724 -0.0670204 -0.264182 0.136647 0.664094 0.735056 0.409593 
1532542890521 0.245638 0.697068 -0.673616 -0.574048 -0.95905 0.27585 -0.0642692 -0.260514 0.141017 0.661818 0.736282 0.408361 
1532542890944 0.246262 0.697398 -0.673046 -0.575889 -0.958534 0.278005 -0.062655 -0.258677 0.143415 0.660567 0.736942 0.407841 
1532542891490 0.247306 0.697936 -0.672105 -0.579541 -0.957613 0.281797 -0.0597334 -0.254823 0.147707 0.658388 0.738043 0.406551 
1532542891780 0.247521 0.697881 -0.672083 -0.579518 -0.957556 0.281961 -0.0598732 -0.254888 0.147717 0.658377 0.738051 0.406569 
1532542892065 0.248607 0.6991 -0.670413 -0.579575 -0.957552 0.281651 -0.0613828 -0.254645 0.145909 0.657215 0.739445 0.406284 
1532542892416 0.24995 0.700562 -0.668385 -0.579657 -0.957497 0.281471 -0.063045 -0.254428 0.143964 0.655734 0.741139 0.406133 
1532542892769 0.252431 0.703017 -0.664865 -0.579751 -0.957371 0.281182 -0.0661703 -0.253944 0.140429 0.653226 0.744027 0.405713 
1532542893116 0.255102 0.705593 -0.661106 -0.579832 -0.95719 0.281008 -0.0694348 -0.253543 0.136784 0.650517 0.747072 0.405338 
1532542893508 0.257552 0.708313 -0.657237 -0.579986 -0.957062 0.280647 -0.0725884 -0.253097 0.133036 0.647712 0.750181 0.405001 
1532542893793 0.259116 0.70939 -0.655458 -0.57996 -0.95688 0.280803 -0.074367 -0.253 0.131299 0.646465 0.751561 0.404763 
1532542893823 0.259075 0.709456 -0.655403 -0.579999 -0.956906 0.280703 -0.0744025 -0.252954 0.131188 0.646435 0.751606 0.404757 
1532542894094 0.260211 0.709947 -0.65442 -0.580126 -0.956709 0.281092 -0.0754656 -0.252923 0.130376 0.645727 0.752356 0.404529 
1532542894380 0.262023 0.711229 -0.652301 -0.58054 -0.956448 0.281487 -0.07728 -0.252584 0.12865 0.644141 0.75401 0.404173 
1532542894719 0.265028 0.713209 -0.648918 -0.581111 -0.955957 0.282372 -0.0800796 -0.252174 0.126123 0.64156 0.756633 0.403664 
1532542895078 0.26824 0.715041 -0.645572 -0.581617 -0.955399 0.283388 -0.0830911 -0.251882 0.123534 0.639067 0.759166 0.403186 
1532543029536 0.268258 0.715145 -0.64545 -0.581626 -0.955376 0.283509 -0.0829463 -0.251821 0.123672 0.638898 0.759285 0.403277 
1532543048705 0.268256 0.715148 -0.645447 -0.581626 -0.955376 0.283509 -0.0829416 -0.251821 0.123674 0.638894 0.759289 0.403281 
1532543049129 0.264368 0.711833 -0.650695 -0.581574 -0.955805 0.283373 -0.0783326 -0.252063 0.128629 0.642646 0.755288 0.403863 
1532543049500 0.260371 0.708398 -0.656033 -0.58152 -0.956252 0.283068 -0.073862 -0.252247 0.133378 0.646564 0.751109 0.404295 
1532543050040 0.254461 0.703198 -0.663899 -0.581455 -0.956774 0.283025 -0.0669363 -0.252591 0.140831 0.652234 0.74482 0.405128 
1532543050443 0.250447 0.699855 -0.668939 -0.581441 -0.957135 0.282831 -0.0624433 -0.252787 0.145495 0.655904 0.74069 0.405628 
1532543050457 0.250394 0.699838 -0.668977 -0.581436 -0.957139 0.282834 -0.0623698 -0.252786 0.14556 0.655921 0.740662 0.405631 
1532543050730 0.25036 0.699541 -0.6693 -0.58142 -0.957139 0.282822 -0.0624285 -0.252836 0.145621 0.656243 0.740365 0.405605 
1532543050946 0.249747 0.699174 -0.669912 -0.581424 -0.957175 0.28288 -0.0616037 -0.252883 0.146433 0.656608 0.73988 0.40573 
1532543051204 0.248916 0.698536 -0.670886 -0.581408 -0.95729 0.282648 -0.0608817 -0.252901 0.147097 0.657387 0.739057 0.405741 
1532543051483 0.248632 0.69814 -0.671404 -0.581365 -0.957247 0.282917 -0.0603014 -0.25293 0.147853 0.657692 0.738634 0.40586 
1532543052077 0.25804 0.70647 -0.659026 -0.580688 -0.95686 0.281162 -0.0732518 -0.252199 0.133543 0.649498 0.748545 0.404798 
1532543329373 0.25821 0.706613 -0.658806 -0.580682 -0.95683 0.281232 -0.0733772 -0.252211 0.133428 0.649312 0.748726 0.404859 
1532543387760 0.258243 0.706759 -0.658636 -0.580675 -0.956806 0.281347 -0.0732477 -0.252207 0.133537 0.649103 0.748888 0.40503 
1532543388053 0.25637 0.704968 -0.661282 -0.580775 -0.956826 0.282038 -0.0702776 -0.252421 0.136963 0.650749 0.746838 0.405297 
1532543388350 0.254245 0.703145 -0.664038 -0.580947 -0.95688 0.28263 -0.0670918 -0.252494 0.140502 0.652462 0.744683 0.40552 
1532543388708 0.251298 0.700513 -0.667931 -0.581164 -0.956884 0.283665 -0.0625102 -0.252839 0.145679 0.654841 0.741594 0.405952 
1532543388996 0.249252 0.698625 -0.670669 -0.581294 -0.956894 0.284276 -0.0595008 -0.252983 0.149086 0.65659 0.739367 0.406171 
1532543499746 0.249075 0.698604 -0.670756 -0.581336 -0.956928 0.284195 -0.0593463 -0.252933 0.149166 0.656647 0.7393 0.406173 
1532543514224 0.249076 0.698605 -0.670755 -0.581336 -0.956928 0.284195 -0.0593484 -0.252933 0.149164 0.656646 0.739301 0.406173 
1532543514396 0.248816 0.698463 -0.671 -0.581367 -0.95701 0.283921 -0.0593314 -0.252931 0.14907 0.656916 0.73908 0.406146 
1532543514581 0.248511 0.698263 -0.67132 -0.581394 -0.957071 0.283755 -0.0591465 -0.252936 0.149191 0.657199 0.738804 0.406105 
1532543514636 0.248406 0.698208 -0.671416 -0.581398 -0.95709 0.283705 -0.059072 -0.252943 0.14924 0.65728 0.738722 0.40609 
1532543514776 0.248223 0.69808 -0.671617 -0.581408 -0.957119 0.28364 -0.0589255 -0.252955 0.149362 0.657444 0.738552 0.406063 
1532543514912 0.24798 0.697966 -0.671826 -0.581421 -0.957175 0.283475 -0.058802 -0.252968 0.149404 0.657637 0.738371 0.406034 
1532543515244 0.247889 0.697904 -0.671923 -0.581421 -0.957193 0.283428 -0.0587456 -0.252987 0.149443 0.657723 0.738287 0.406017 
1532543515292 0.247891 0.697903 -0.671923 -0.581421 -0.957192 0.28343 -0.0587454 -0.252987 0.149445 0.657722 0.738287 0.406017 
1532543515395 0.247894 0.697901 -0.671925 -0.58142 -0.957191 0.283434 -0.0587454 -0.25299 0.149448 0.657722 0.738286 0.406017 
1532543515764 0.25078 0.698904 -0.669808 -0.581261 -0.957141 0.282574 -0.0635108 -0.2527 0.144882 0.657027 0.739814 0.405759 
1532543516129 0.253833 0.70004 -0.667468 -0.581151 -0.957021 0.281851 -0.0683424 -0.252414 0.140284 0.656129 0.741496 0.405601 
1532543516430 0.255343 0.700541 -0.666365 -0.581077 -0.956954 0.281479 -0.0707771 -0.252282 0.137986 0.655753 0.742258 0.405512 
1532543516741 0.256751 0.701118 -0.665216 -0.580982 -0.956929 0.280927 -0.0732543 -0.252127 0.135517 0.655373 0.743049 0.405372 
1532543517133 0.259819 0.702025 -0.663065 -0.580809 -0.956752 0.280182 -0.0782539 -0.2519 0.130843 0.654721 0.74446 0.405063 
1532543517404 0.261384 0.702546 -0.661897 -0.580737 -0.956605 0.280042 -0.0805236 -0.251787 0.128788 0.654221 0.745257 0.405058 
1532543517645 0.261405 0.702503 -0.661934 -0.580719 -0.956614 0.279976 -0.0806415 -0.251772 0.128675 0.654295 0.745212 0.404981 
1532543517985 0.264093 0.702809 -0.660541 -0.581303 -0.956212 0.280362 -0.0840042 -0.251544 0.126151 0.653801 0.746076 0.404778 
1532543518257 0.265668 0.702988 -0.659718 -0.5815 -0.955943 0.280727 -0.0858188 -0.251513 0.124871 0.653452 0.746597 0.404712 
1532543518596 0.268435 0.703176 -0.658397 -0.582067 -0.955509 0.281106 -0.0893468 -0.251267 0.122253 0.653088 0.747349 0.404391 
1532543518970 0.272565 0.703639 -0.656202 -0.582877 -0.954844 0.28164 -0.0946113 -0.250902 0.118241 0.652358 0.748631 0.403967 
1532543519228 0.274014 0.703843 -0.655378 -0.583096 -0.954591 0.281906 -0.0963617 -0.250834 0.116932 0.652023 0.749128 0.403913 
1532543519569 0.274063 0.703864 -0.655335 -0.583124 -0.954581 0.281923 -0.0964083 -0.25079 0.116896 0.651992 0.74916 0.403906 
1532543519860 0.275889 0.704007 -0.654415 -0.583539 -0.954241 0.282324 -0.0985726 -0.250703 0.115361 0.651666 0.749682 0.403638 
1532543520124 0.278005 0.704283 -0.653221 -0.583979 -0.953785 0.283124 -0.100667 -0.250626 0.114045 0.651019 0.750446 0.403474 
1532543520458 0.279812 0.704478 -0.652239 -0.584504 -0.95345 0.283465 -0.102864 -0.250403 0.112421 0.65066 0.751001 0.403177 
1532543520800 0.282823 0.704858 -0.650528 -0.585178 -0.952813 0.284424 -0.106066 -0.25022 0.110265 0.649829 0.75204 0.402864 
1532543521245 0.282908 0.70491 -0.650435 -0.585169 -0.95279 0.284489 -0.106102 -0.25023 0.110249 0.649745 0.752115 0.402927 
1532543521453 0.283449 0.704356 -0.650799 -0.585417 -0.952583 0.285095 -0.106332 -0.250215 0.110644 0.65008 0.751767 0.402867 
1532543521701 0.284115 0.704113 -0.650771 -0.585699 -0.952352 0.285773 -0.106583 -0.250218 0.110927 0.650045 0.751756 0.402939 
1532543521907 0.284439 0.70385 -0.650915 -0.585823 -0.952236 0.286096 -0.106749 -0.250169 0.111089 0.650188 0.751608 0.402906 
1532543522166 0.285185 0.703299 -0.651183 -0.586131 -0.951979 0.286795 -0.107171 -0.250179 0.111383 0.650476 0.751315 0.402831 
1532543522428 0.285738 0.702967 -0.651299 -0.586405 -0.951775 0.287395 -0.107369 -0.25011 0.111704 0.65057 0.751187 0.402938 
1532543522681 0.28568 0.702931 -0.651363 -0.58644 -0.951795 0.287332 -0.107365 -0.250045 0.111688 0.650636 0.751131 0.402883 
1532543522918 0.286492 0.702788 -0.651162 -0.586649 -0.95156 0.287894 -0.107939 -0.250175 0.111607 0.650543 0.751224 0.402969 
1532543523170 0.287543 0.702457 -0.651056 -0.587154 -0.95128 0.288449 -0.108918 -0.250098 0.111286 0.650655 0.751175 0.402853 
1532543523433 0.288223 0.702221 -0.651009 -0.58741 -0.951092 0.288842 -0.109516 -0.2501 0.111135 0.650735 0.751128 0.402806 
1532543523684 0.289136 0.701966 -0.650879 -0.587946 -0.950856 0.289278 -0.11041 -0.249963 0.110781 0.650816 0.75111 0.402677 
1532543523971 0.290669 0.701451 -0.650752 -0.588732 -0.950458 0.289992 -0.111953 -0.249788 0.110184 0.651054 0.750991 0.402522 
1532543524287 0.290782 0.701348 -0.650813 -0.588727 -0.950416 0.290112 -0.112004 -0.249813 0.110255 0.651112 0.750931 0.402526 
1532543524622 0.291393 0.701002 -0.650912 -0.589044 -0.950217 0.290602 -0.112417 -0.249781 0.110352 0.651265 0.750784 0.402409 
1532543524882 0.292786 0.700468 -0.650861 -0.589568 -0.949755 0.291808 -0.113193 -0.249845 0.110638 0.6513 0.750711 0.4024 
1532543525224 0.293996 0.699845 -0.650987 -0.590189 -0.949374 0.2927 -0.114085 -0.249708 0.110702 0.651571 0.750467 0.402248 
1532543525478 0.295267 0.699358 -0.650934 -0.590731 -0.948937 0.293869 -0.114712 -0.249744 0.111065 0.651566 0.750417 0.402273 
1532543525724 0.296151 0.699024 -0.650892 -0.591011 -0.948655 0.29455 -0.1153 -0.249798 0.111123 0.651618 0.750363 0.402252 
1532543525932 0.296671 0.698714 -0.650988 -0.59126 -0.94847 0.295037 -0.115575 -0.249726 0.111312 0.65173 0.750238 0.402175 
1532543526268 0.296626 0.698706 -0.651017 -0.591322 -0.948499 0.294913 -0.115653 -0.249674 0.111186 0.651795 0.750201 0.402154 
1532543526546 0.297966 0.698359 -0.650777 -0.591844 -0.948101 0.295784 -0.116689 -0.249813 0.110999 0.651772 0.750248 0.401957 
1532543526792 0.298969 0.698274 -0.650408 -0.592491 -0.947812 0.296406 -0.117455 -0.249679 0.110769 0.65158 0.750449 0.401838 
1532543527084 0.300158 0.697987 -0.650168 -0.593093 -0.947488 0.296995 -0.11858 -0.249682 0.11033 0.651619 0.75048 0.401582 
1532543527346 0.301524 0.697634 -0.649915 -0.593671 -0.947079 0.297867 -0.119654 -0.249764 0.110114 0.651599 0.750529 0.401453 
1532543527578 0.302054 0.69768 -0.649619 -0.593968 -0.946938 0.298129 -0.120113 -0.249718 0.10987 0.65143 0.750711 0.401446 
1532543527974 0.302039 0.697575 -0.649739 -0.593999 -0.94695 0.298056 -0.1202 -0.249665 0.10981 0.651576 0.750594 0.401375 
1532543528321 0.304061 0.696754 -0.649678 -0.594958 -0.946273 0.299688 -0.121469 -0.24958 0.110067 0.651707 0.750442 0.401054 
1532543528637 0.306353 0.695858 -0.649561 -0.595891 -0.945478 0.301671 -0.122743 -0.249576 0.110542 0.651748 0.750336 0.400742 
1532543528865 0.307117 0.695708 -0.649361 -0.596122 -0.945215 0.302337 -0.123126 -0.2496 0.110666 0.6516 0.750447 0.400802 
1532543529035 0.307024 0.695622 -0.649497 -0.596142 -0.945252 0.302208 -0.123161 -0.249547 0.11061 0.651752 0.750323 0.400722 
1532543529288 0.307337 0.695769 -0.649192 -0.596429 -0.945116 0.30269 -0.123026 -0.24953 0.110906 0.651372 0.75061 0.400748 
1532543529542 0.3083 0.69546 -0.649066 -0.59694 -0.944757 0.303664 -0.123381 -0.249601 0.111292 0.651248 0.75066 0.400485 
1532543529810 0.309041 0.695165 -0.64903 -0.597514 -0.944473 0.304444 -0.123633 -0.249593 0.111648 0.651199 0.75065 0.40019 
1532543530067 0.309589 0.695042 -0.6489 -0.598096 -0.944225 0.305255 -0.123528 -0.249473 0.112223 0.65095 0.750779 0.39995 
1532543530306 0.310187 0.694922 -0.648743 -0.598343 -0.943998 0.305888 -0.123697 -0.249548 0.112483 0.650781 0.750887 0.399914 
1532543530540 0.310609 0.694843 -0.648625 -0.598591 -0.943819 0.306438 -0.123696 -0.249568 0.112815 0.650606 0.750989 0.399808 
1532543530739 0.310622 0.694733 -0.648737 -0.598593 -0.943813 0.306438 -0.123742 -0.249552 0.11283 0.650724 0.750885 0.39973 
1532543531002 0.311385 0.694311 -0.648823 -0.599115 -0.943531 0.307142 -0.124147 -0.249538 0.113084 0.650842 0.750744 0.399732 
1532543531268 0.312066 0.693888 -0.648948 -0.599666 -0.943305 0.307613 -0.124702 -0.249486 0.113095 0.651071 0.750544 0.399628 
1532543531552 0.31311 0.693087 -0.649302 -0.600502 -0.942933 0.308443 -0.125463 -0.249398 0.113316 0.651532 0.750111 0.399453 
1532543531892 0.313983 0.692374 -0.64964 -0.601034 -0.942623 0.309113 -0.126141 -0.249377 0.113475 0.651972 0.749704 0.399238 
1532543531925 0.314041 0.69236 -0.649627 -0.601026 -0.9426 0.309178 -0.126153 -0.249395 0.113507 0.651956 0.749713 0.399254 
1532543532136 0.314803 0.692131 -0.649503 -0.601212 -0.942356 0.30968 -0.126739 -0.249433 0.113418 0.65196 0.749722 0.399263 
1532543532382 0.315365 0.691898 -0.649478 -0.601453 -0.942187 0.309975 -0.127274 -0.249393 0.113262 0.652068 0.749653 0.399252 
1532543532610 0.316319 0.691431 -0.649512 -0.60189 -0.941913 0.310385 -0.128304 -0.249276 0.112885 0.652368 0.749448 0.399087 
1532543532839 0.317593 0.691014 -0.649333 -0.60233 -0.94151 0.311169 -0.129355 -0.249234 0.112667 0.652436 0.749422 0.399131 
1532543533068 0.318334 0.690698 -0.649307 -0.602545 -0.941272 0.311628 -0.129982 -0.249254 0.112564 0.652552 0.749337 0.399085 
1532543533303 0.319287 0.690322 -0.649239 -0.602977 -0.94099 0.312078 -0.13094 -0.249074 0.112222 0.652735 0.749228 0.399006 
1532543533499 0.319209 0.690282 -0.64932 -0.603018 -0.941019 0.311991 -0.130938 -0.249028 0.112198 0.652819 0.749159 0.398971 
1532543533766 0.319898 0.689952 -0.649331 -0.603197 -0.940776 0.312529 -0.131399 -0.249145 0.112276 0.65291 0.749068 0.399028 
1532543534008 0.321089 0.689091 -0.649658 -0.60381 -0.940354 0.313405 -0.132334 -0.249123 0.112416 0.653399 0.74862 0.398955 
1532543534273 0.321943 0.688493 -0.649869 -0.604301 -0.940077 0.313874 -0.133183 -0.249078 0.112282 0.653805 0.748286 0.398916 
1532543534527 0.323073 0.687797 -0.650046 -0.604702 -0.939675 0.31472 -0.134022 -0.249179 0.112403 0.654131 0.747983 0.398865 
1532543534754 0.323459 0.687437 -0.650234 -0.604942 -0.939533 0.315012 -0.134335 -0.249105 0.112485 0.654368 0.747763 0.398875 
1532543534768 0.323464 0.687445 -0.650223 -0.604951 -0.939531 0.315016 -0.134335 -0.249101 0.112483 0.654357 0.747773 0.398873 
1532543535011 0.323794 0.687365 -0.650144 -0.605178 -0.939402 0.315353 -0.134447 -0.249108 0.112611 0.65428 0.747821 0.398899 
1532543535256 0.324278 0.68706 -0.650225 -0.605439 -0.93921 0.315823 -0.134686 -0.249138 0.112819 0.654374 0.747708 0.39883 
1532543535496 0.324792 0.686687 -0.650362 -0.605936 -0.938994 0.316382 -0.134882 -0.249041 0.113141 0.654495 0.747553 0.398662 
1532543535854 0.325993 0.685951 -0.650539 -0.606681 -0.938524 0.317502 -0.13552 -0.24899 0.113587 0.654724 0.747284 0.398443 
1532543536109 0.326878 0.685605 -0.650459 -0.607097 -0.938167 0.318418 -0.135839 -0.249086 0.113986 0.654642 0.747296 0.398456 
1532543536502 0.326792 0.685527 -0.650584 -0.607139 -0.938192 0.31836 -0.135801 -0.24903 0.114025 0.654752 0.747194 0.398401 
1532543536775 0.327974 0.685565 -0.649949 -0.607612 -0.937941 0.318384 -0.137469 -0.249023 0.112689 0.6547 0.747442 0.398336 
1532543537045 0.32917 0.685452 -0.649463 -0.608135 -0.937647 0.318594 -0.138983 -0.248945 0.111648 0.654716 0.747584 0.398255 
1532543537305 0.330228 0.685325 -0.64906 -0.608648 -0.93742 0.318559 -0.140581 -0.248876 0.11042 0.654866 0.747635 0.39812 
1532543537797 0.330321 0.685189 -0.649156 -0.608661 -0.93739 0.318588 -0.140716 -0.248875 0.110396 0.654994 0.747526 0.398068 
1532543538072 0.330568 0.68547 -0.648734 -0.60895 -0.937326 0.31871 -0.140866 -0.248893 0.110199 0.654641 0.747864 0.398052 
1532543538330 0.330914 0.68556 -0.648463 -0.609255 -0.937228 0.318868 -0.141162 -0.248908 0.109999 0.65447 0.748044 0.398006 
1532543538565 0.331144 0.685625 -0.648276 -0.609442 -0.93718 0.318869 -0.141479 -0.24887 0.109713 0.654401 0.748146 0.397988 
1532543538792 0.33148 0.685583 -0.648148 -0.609681 -0.937069 0.319085 -0.141727 -0.248906 0.109649 0.65434 0.748209 0.397809 
1532543539024 0.33177 0.685825 -0.647744 -0.610054 -0.936996 0.319192 -0.141965 -0.248795 0.109392 0.654034 0.748514 0.397796 
1532543539460 0.331815 0.685727 -0.647825 -0.61007 -0.936988 0.319161 -0.14209 -0.24877 0.109326 0.654152 0.74842 0.39773 
1532543539727 0.332539 0.685455 -0.647741 -0.610424 -0.93676 0.319515 -0.142797 -0.248964 0.109082 0.654264 0.748358 0.397707 
1532543539979 0.332911 0.685294 -0.647721 -0.610836 -0.936668 0.319538 -0.143348 -0.248934 0.108736 0.654422 0.74827 0.397651 
1532543540213 0.333287 0.685193 -0.647635 -0.611025 -0.936552 0.319712 -0.143716 -0.249012 0.108583 0.654443 0.748274 0.397654 
1532543540557 0.333984 0.684677 -0.647822 -0.611628 -0.936368 0.319771 -0.144781 -0.249006 0.108026 0.654954 0.747908 0.397369 
1532543540788 0.334286 0.684784 -0.647553 -0.611794 -0.936287 0.319878 -0.145069 -0.249102 0.107797 0.65479 0.748084 0.397497 
1532543541085 0.334267 0.684661 -0.647692 -0.611804 -0.936301 0.319792 -0.145171 -0.249094 0.107734 0.65496 0.747944 0.39742 
1532543541379 0.335785 0.683935 -0.647674 -0.612496 -0.935812 0.32052 -0.146704 -0.249051 0.107257 0.655362 0.747661 0.397435 
1532543541664 0.337263 0.683232 -0.647648 -0.613237 -0.935349 0.321139 -0.148299 -0.248883 0.106662 0.655792 0.747369 0.397453 
1532543541928 0.338482 0.682568 -0.647712 -0.613675 -0.934951 0.321707 -0.149568 -0.248917 0.106283 0.656205 0.74706 0.397433 
1532543542161 0.339048 0.682243 -0.647758 -0.613911 -0.934762 0.321991 -0.150139 -0.248915 0.106141 0.656404 0.746905 0.397458 
1532543610139 0.338922 0.682296 -0.647769 -0.613952 -0.934813 0.321873 -0.150078 -0.2488 0.106101 0.656407 0.746908 0.397437 
1532543625758 0.338921 0.682296 -0.647769 -0.613952 -0.934813 0.321872 -0.150078 -0.248799 0.106101 0.656407 0.746909 0.397437 
1532543626372 0.321105 0.685885 -0.653034 -0.607434 -0.940022 0.314644 -0.131748 -0.249654 0.115109 0.656171 0.745781 0.399148 
1532543626976 0.303139 0.689323 -0.657982 -0.600924 -0.944841 0.307275 -0.113387 -0.250535 0.124022 0.656061 0.744448 0.400861 
1532543627573 0.28499 0.692636 -0.662598 -0.594424 -0.94927 0.299802 -0.0948971 -0.251392 0.132919 0.656029 0.742939 0.402539 
1532543628210 0.266673 0.695834 -0.666859 -0.587908 -0.953289 0.29228 -0.0762357 -0.252211 0.141862 0.656039 0.741274 0.404256 
1532543628703 0.257408 0.697532 -0.668723 -0.584857 -0.955166 0.288433 -0.066809 -0.252547 0.14628 0.655939 0.740504 0.40513 
1532543628994 0.258607 0.697544 -0.668247 -0.584897 -0.955029 0.288508 -0.0684331 -0.252467 0.14506 0.655893 0.740785 0.405074 
1532543629297 0.261056 0.697573 -0.667264 -0.584966 -0.954802 0.288369 -0.0720834 -0.252318 0.142135 0.655923 0.741325 0.404774 
1532543629572 0.262308 0.697692 -0.666648 -0.584981 -0.954652 0.288444 -0.073754 -0.252241 0.140833 0.655763 0.741714 0.404773 
1532543629889 0.264801 0.697733 -0.66562 -0.585056 -0.954349 0.288544 -0.0772012 -0.252084 0.138195 0.655676 0.742287 0.40455 
1532543630151 0.26608 0.697766 -0.665075 -0.585092 -0.9542 0.288545 -0.0790237 -0.25201 0.136764 0.655641 0.742584 0.404474 
1532543630494 0.268591 0.697739 -0.664093 -0.585148 -0.953866 0.288681 -0.0824825 -0.251917 0.13416 0.65561 0.743086 0.404254 
1532543630857 0.268576 0.697765 -0.664071 -0.585155 -0.953878 0.288636 -0.0825035 -0.251861 0.134107 0.655601 0.743103 0.40421 
1532543631100 0.269165 0.698125 -0.663455 -0.585115 -0.953834 0.288531 -0.0833641 -0.251848 0.133229 0.655265 0.743558 0.40428 
1532543631372 0.270306 0.698753 -0.662328 -0.585008 -0.953777 0.288176 -0.0852267 -0.251672 0.131315 0.654751 0.74435 0.404127 
1532543631694 0.271922 0.699651 -0.660717 -0.584793 -0.953718 0.287524 -0.0880411 -0.251428 0.128374 0.654078 0.745454 0.403924 
1532543631999 0.273748 0.700557 -0.659 -0.584637 -0.953556 0.287211 -0.0907836 -0.251251 0.125673 0.653245 0.746644 0.403805 
1532543632331 0.273848 0.7005 -0.65902 -0.584613 -0.953536 0.287235 -0.0909167 -0.251242 0.125607 0.653296 0.74661 0.403738 
1532543632699 0.275674 0.70093 -0.6578 -0.585024 -0.95325 0.287454 -0.0931916 -0.250985 0.123766 0.652738 0.747405 0.403677 
1532543633052 0.278827 0.701334 -0.656039 -0.585502 -0.952718 0.287916 -0.097125 -0.250728 0.120767 0.652101 0.748452 0.403478 
1532543633450 0.283104 0.701872 -0.653627 -0.586125 -0.95192 0.288803 -0.102184 -0.250382 0.117049 0.651129 0.749887 0.403278 
1532543633556 0.2832 0.70186 -0.653598 -0.586146 -0.951897 0.288842 -0.102281 -0.2504 0.117 0.651125 0.749899 0.403247 
1532543633808 0.283936 0.702115 -0.653005 -0.586418 -0.951677 0.289468 -0.102565 -0.250385 0.117012 0.650571 0.750377 0.403198 
1532543634069 0.284898 0.702425 -0.652252 -0.586909 -0.951442 0.289977 -0.103299 -0.250261 0.116579 0.65001 0.750931 0.402958 
1532543634314 0.285839 0.702617 -0.651633 -0.587224 -0.951179 0.290645 -0.10385 -0.250246 0.116428 0.649504 0.751392 0.402867 
1532543634546 0.286125 0.702824 -0.651284 -0.587396 -0.951104 0.290841 -0.103986 -0.25021 0.116337 0.649192 0.751675 0.402835 
1532543634786 0.286299 0.702879 -0.651148 -0.587587 -0.95108 0.29083 -0.104238 -0.250106 0.116107 0.649137 0.751758 0.402655 
1532543634834 0.286293 0.702897 -0.651131 -0.587591 -0.951084 0.290814 -0.104244 -0.250085 0.116086 0.649125 0.751772 0.402653 
1532543635132 0.286964 0.702598 -0.651159 -0.587732 -0.950893 0.29123 -0.104819 -0.250191 0.115991 0.649262 0.751668 0.402636 
1532543635382 0.287885 0.702349 -0.651021 -0.588027 -0.950656 0.291685 -0.105703 -0.250155 0.115652 0.649327 0.751664 0.402674 
1532543635604 0.28874 0.70192 -0.651105 -0.588324 -0.950434 0.292077 -0.10661 -0.250154 0.115341 0.649615 0.751463 0.402583 
1532543635800 0.289066 0.701908 -0.650973 -0.588486 -0.950366 0.292158 -0.106995 -0.250077 0.115086 0.649591 0.751523 0.402621 
1532543636046 0.29045 0.701325 -0.650985 -0.588983 -0.950005 0.292811 -0.10841 -0.250031 0.114585 0.649927 0.751309 0.402495 
1532543636527 0.290524 0.701293 -0.650987 -0.588999 -0.949982 0.292865 -0.108462 -0.250038 0.114587 0.649936 0.7513 0.402521 
1532543636822 0.292046 0.700966 -0.650658 -0.589753 -0.949498 0.294111 -0.109329 -0.249993 0.114729 0.649727 0.75146 0.402275 
1532543637080 0.29279 0.701007 -0.650279 -0.589968 -0.949259 0.294758 -0.109655 -0.250049 0.114806 0.649389 0.75174 0.402289 
1532543637435 0.294127 0.700676 -0.650033 -0.590777 -0.948851 0.295734 -0.110562 -0.249901 0.114768 0.649303 0.75182 0.40205 
1532543637670 0.294842 0.700783 -0.649593 -0.59099 -0.9486 0.296481 -0.110713 -0.249989 0.115006 0.648847 0.752178 0.402153 
1532543637918 0.29554 0.700625 -0.649447 -0.591229 -0.948394 0.296942 -0.111239 -0.249987 0.114911 0.648807 0.752226 0.402087 
1532543638122 0.295461 0.700572 -0.64954 -0.591255 -0.948426 0.296827 -0.111271 -0.249948 0.114848 0.648917 0.752142 0.402026 
1532543638383 0.296819 0.700192 -0.64933 -0.591807 -0.948008 0.297804 -0.112219 -0.250013 0.114798 0.648878 0.752182 0.401942 
1532543638649 0.297994 0.699811 -0.649202 -0.592426 -0.94768 0.298444 -0.11329 -0.24992 0.114469 0.648995 0.752131 0.401698 
1532543638904 0.299137 0.699393 -0.649128 -0.593026 -0.947347 0.29912 -0.114283 -0.249867 0.114238 0.649136 0.752045 0.40156 
1532543639173 0.300453 0.698883 -0.649069 -0.593602 -0.94696 0.29991 -0.115418 -0.249897 0.113998 0.64932 0.751923 0.401322 
1532543639405 0.301049 0.698834 -0.648846 -0.5939 -0.946786 0.300287 -0.115865 -0.249865 0.113869 0.649199 0.752047 0.401311 
1532543639673 0.301008 0.698748 -0.648957 -0.593933 -0.94681 0.300176 -0.115956 -0.249781 0.113777 0.649342 0.751937 0.401247 
1532543639938 0.302407 0.698306 -0.648782 -0.594517 -0.946377 0.301132 -0.117001 -0.249801 0.113667 0.649375 0.751926 0.401179 
1532543640268 0.303606 0.697676 -0.6489 -0.5952 -0.946033 0.301742 -0.118206 -0.249657 0.113331 0.649769 0.751636 0.400908 
1532543640562 0.305651 0.696858 -0.64882 -0.596104 -0.945421 0.302954 -0.119992 -0.249611 0.112945 0.650083 0.751422 0.400653 
1532543640812 0.307077 0.696225 -0.648826 -0.596705 -0.944977 0.303867 -0.121174 -0.249564 0.112792 0.650335 0.751227 0.40052 
1532543641054 0.307055 0.696208 -0.648854 -0.596757 -0.944987 0.303831 -0.121188 -0.249512 0.11277 0.65037 0.7512 0.400493 
1532543641324 0.30795 0.695861 -0.648802 -0.597029 -0.944728 0.304294 -0.122043 -0.24962 0.112502 0.650524 0.751107 0.400457 
1532543641593 0.309432 0.695254 -0.648748 -0.597691 -0.944298 0.305042 -0.123491 -0.249516 0.112037 0.650824 0.750917 0.400272 
1532543641853 0.310416 0.694883 -0.648675 -0.598032 -0.94401 0.305556 -0.124423 -0.249552 0.111747 0.650978 0.750826 0.400253 
1532543642165 0.312375 0.693852 -0.648839 -0.599093 -0.943467 0.306312 -0.126658 -0.24927 0.110865 0.651723 0.750311 0.399879 
1532543642433 0.314246 0.693235 -0.648594 -0.599688 -0.942898 0.307377 -0.128304 -0.249381 0.110419 0.651878 0.750242 0.399846 
1532543642980 0.314351 0.693119 -0.648668 -0.59969 -0.942869 0.307403 -0.128455 -0.249397 0.110368 0.651989 0.750153 0.399784 
1532543643236 0.315587 0.692879 -0.648324 -0.600311 -0.942491 0.308139 -0.129464 -0.249312 0.110071 0.651897 0.750277 0.399682 
1532543643519 0.316891 0.692391 -0.648209 -0.600981 -0.94211 0.308747 -0.13078 -0.249197 0.109582 0.652127 0.750148 0.399469 
1532543643793 0.318221 0.692034 -0.647939 -0.601632 -0.941704 0.309488 -0.131947 -0.249083 0.109218 0.652155 0.750177 0.399256 
1532543644058 0.319661 0.691569 -0.647726 -0.602267 -0.941262 0.310275 -0.133249 -0.249048 0.108823 0.652274 0.75013 0.399111 
1532543644293 0.320512 0.691407 -0.647478 -0.602569 -0.940981 0.310877 -0.133832 -0.249048 0.108754 0.652159 0.750241 0.399114 
1532543644518 0.320391 0.691352 -0.647597 -0.60261 -0.941026 0.310741 -0.133825 -0.248951 0.108715 0.652282 0.750139 0.399048 
1532543644771 0.320902 0.691302 -0.647397 -0.602828 -0.940758 0.311704 -0.133473 -0.249077 0.109526 0.651876 0.750374 0.399104 
1532543645016 0.321282 0.691052 -0.647476 -0.603078 -0.940537 0.312501 -0.133168 -0.249107 0.110311 0.651759 0.750361 0.398991 
1532543645247 0.321378 0.690981 -0.647504 -0.603347 -0.940415 0.313091 -0.132645 -0.249029 0.111072 0.651551 0.750429 0.398901 
1532543645456 0.321453 0.690702 -0.647765 -0.603479 -0.940356 0.313286 -0.1326 -0.248983 0.111348 0.651754 0.750212 0.398711 
1532543645680 0.321921 0.690612 -0.647627 -0.60374 -0.940089 0.314264 -0.132175 -0.249043 0.112244 0.651378 0.750405 0.398745 
1532543645916 0.321988 0.690399 -0.647821 -0.603867 -0.940027 0.314501 -0.132052 -0.249043 0.112572 0.651489 0.75026 0.398717 
1532543646153 0.322181 0.690263 -0.647871 -0.604026 -0.939923 0.314848 -0.131967 -0.249065 0.112888 0.651466 0.750232 0.398712 
1532543646440 0.322432 0.68983 -0.648207 -0.604385 -0.939756 0.315425 -0.131776 -0.24898 0.113558 0.651645 0.749975 0.398609 
1532543646667 0.322895 0.689507 -0.64832 -0.604646 -0.939518 0.316187 -0.131652 -0.249075 0.114216 0.651618 0.749899 0.398683 
1532543646900 0.323286 0.689094 -0.648564 -0.604925 -0.939309 0.316841 -0.13157 -0.249127 0.114827 0.651737 0.749703 0.398628 
1532543647080 0.323301 0.688889 -0.648774 -0.605046 -0.939282 0.316932 -0.131539 -0.249077 0.115002 0.651909 0.749526 0.398483 
1532543647323 0.323322 0.688786 -0.648874 -0.605061 -0.939269 0.316965 -0.131558 -0.249084 0.115055 0.652002 0.749437 0.398446 
1532543647547 0.324134 0.688529 -0.648741 -0.605436 -0.939057 0.317175 -0.132558 -0.249101 0.114495 0.652171 0.749376 0.398543 
1532543647800 0.325014 0.688158 -0.648695 -0.605883 -0.938797 0.317554 -0.133491 -0.249089 0.114133 0.652379 0.74925 0.398586 
1532543648024 0.325742 0.68776 -0.648752 -0.60628 -0.938611 0.317677 -0.134505 -0.249067 0.113586 0.652739 0.749019 0.398565 
1532543648268 0.326118 0.687608 -0.648724 -0.606545 -0.938509 0.317778 -0.13497 -0.249033 0.113344 0.65285 0.74896 0.398603 
1532543648512 0.32681 0.687203 -0.648805 -0.606956 -0.938334 0.317871 -0.135965 -0.24899 0.112801 0.65323 0.74871 0.398525 
1532543648913 0.326783 0.687184 -0.648839 -0.606977 -0.938346 0.317835 -0.135973 -0.248935 0.112785 0.653268 0.748679 0.398505 
1532543649308 0.32691 0.687121 -0.648841 -0.607203 -0.938318 0.317824 -0.136185 -0.248941 0.112642 0.65334 0.748638 0.39843 
1532543649551 0.327659 0.687013 -0.648578 -0.607544 -0.938023 0.318599 -0.136406 -0.249088 0.112924 0.653076 0.748826 0.398437 
1532543649804 0.328005 0.687035 -0.648379 -0.607944 -0.937907 0.318856 -0.136607 -0.249088 0.112885 0.652927 0.748962 0.398385 
1532543650046 0.328573 0.686843 -0.648295 -0.608355 -0.937694 0.319357 -0.136901 -0.249149 0.113008 0.652884 0.74898 0.39831 
1532543650282 0.328996 0.686773 -0.648154 -0.608759 -0.937531 0.319767 -0.13706 -0.249109 0.113129 0.652757 0.749073 0.398226 
1532543650293 0.328969 0.686752 -0.648191 -0.608777 -0.937542 0.319732 -0.137067 -0.249091 0.113116 0.652797 0.74904 0.398201 
1532543650550 0.329749 0.686486 -0.648076 -0.609157 -0.937281 0.320226 -0.137695 -0.249082 0.113005 0.652834 0.749024 0.398215 
1532543650775 0.330135 0.68634 -0.648035 -0.609308 -0.937164 0.320399 -0.138091 -0.249115 0.112852 0.652903 0.748987 0.39811 
1532543651035 0.330925 0.686072 -0.647915 -0.609709 -0.936899 0.320895 -0.138732 -0.249096 0.112732 0.652941 0.748972 0.398078 
1532543651269 0.331603 0.685795 -0.647861 -0.610111 -0.936671 0.321315 -0.1393 -0.249038 0.112637 0.653025 0.748914 0.398064 
1532543651529 0.331929 0.68561 -0.647891 -0.610313 -0.936569 0.321458 -0.139653 -0.249045 0.112522 0.653149 0.748822 0.398013 
1532543651754 0.332045 0.685537 -0.647908 -0.610494 -0.936541 0.321463 -0.139834 -0.248946 0.112417 0.653223 0.748774 0.397947 
1532543651770 0.332065 0.68555 -0.647885 -0.610508 -0.936533 0.321484 -0.139835 -0.248949 0.112421 0.6532 0.748793 0.397956 
1532543651991 0.332299 0.685237 -0.648095 -0.610628 -0.93647 0.32149 -0.140244 -0.248972 0.112255 0.653525 0.748535 0.397945 
1532543652227 0.332567 0.684907 -0.648306 -0.610823 -0.936405 0.321459 -0.140748 -0.248957 0.112004 0.653886 0.748257 0.397964 
1532543652460 0.333224 0.68436 -0.648547 -0.611147 -0.936219 0.321592 -0.14168 -0.249029 0.111607 0.654392 0.747873 0.397925 
1532543652718 0.333659 0.683814 -0.6489 -0.611564 -0.936097 0.321626 -0.142402 -0.248899 0.111327 0.654947 0.747429 0.397993 
1532543653007 0.334329 0.683098 -0.649308 -0.611858 -0.935902 0.321751 -0.143402 -0.249021 0.110958 0.655632 0.746883 0.397907 
1532543653217 0.334316 0.682752 -0.649679 -0.612039 -0.935934 0.3215 -0.143753 -0.248913 0.110725 0.656115 0.746494 0.397828 
1532543653234 0.334347 0.682779 -0.649634 -0.61205 -0.935926 0.321512 -0.143776 -0.248919 0.110698 0.656081 0.746528 0.397841 
1532543653481 0.33506 0.682681 -0.64937 -0.612263 -0.935713 0.321821 -0.144477 -0.24898 0.110349 0.656032 0.746622 0.397867 
1532543653839 0.336548 0.682364 -0.648933 -0.613043 -0.935349 0.321926 -0.146578 -0.248859 0.108889 0.65631 0.746593 0.397647 
1532543654192 0.337517 0.682186 -0.648617 -0.613592 -0.935095 0.322093 -0.147827 -0.248772 0.10807 0.656413 0.746621 0.397598 
1532543654472 0.33858 0.68222 -0.648028 -0.614104 -0.934819 0.322302 -0.149115 -0.248719 0.107132 0.656276 0.746877 0.397625 
1532543654734 0.339381 0.682061 -0.647775 -0.614295 -0.934576 0.322621 -0.149944 -0.248854 0.106715 0.656283 0.74693 0.397646 
