1534334942339 0.0994674 0.863358 -0.494691 -0.594784 -0.961086 0.212125 0.176965 -0.232372 0.25772 0.457839 0.850861 0.408469 
1534334946349 0.0994672 0.863358 -0.494691 -0.594784 -0.961086 0.212125 0.176966 -0.232372 0.257721 0.457838 0.850861 0.40847 
1534334946692 0.103889 0.86331 -0.493865 -0.597432 -0.960873 0.215311 0.17425 -0.231473 0.256767 0.456439 0.851901 0.408506 
1534334946919 0.106566 0.863135 -0.493601 -0.599043 -0.96079 0.217193 0.172364 -0.230849 0.25598 0.455879 0.852437 0.408469 
1534334947276 0.111669 0.862864 -0.492946 -0.602135 -0.960532 0.220895 0.169065 -0.229703 0.254769 0.454611 0.853476 0.408374 
1534334947533 0.114269 0.862606 -0.492801 -0.603775 -0.960508 0.222611 0.166942 -0.229057 0.253708 0.454263 0.853977 0.408231 
1534334947763 0.11684 0.862509 -0.492368 -0.60534 -0.960383 0.224419 0.165227 -0.228469 0.253007 0.453557 0.854561 0.408246 
1534334948003 0.119294 0.862339 -0.492078 -0.606916 -0.960243 0.226197 0.163607 -0.227825 0.252391 0.452997 0.855039 0.408164 
1534334948246 0.121902 0.862063 -0.491922 -0.608408 -0.960096 0.228102 0.161816 -0.22714 0.251704 0.452567 0.85547 0.408094 
1534334948270 0.122209 0.862081 -0.491814 -0.608684 -0.960083 0.228302 0.161613 -0.22697 0.251606 0.452432 0.85557 0.408054 
1534334948286 0.122177 0.86206 -0.491859 -0.608773 -0.960109 0.228243 0.16154 -0.226859 0.251521 0.452502 0.855558 0.408018 
1534334948396 0.122504 0.862089 -0.491727 -0.608789 -0.960085 0.22847 0.161364 -0.226909 0.251454 0.452332 0.855667 0.408036 
1534334948463 0.123088 0.862411 -0.491017 -0.60873 -0.959889 0.22906 0.161692 -0.227166 0.251917 0.451419 0.856013 0.407938 
1534334948573 0.123331 0.86257 -0.490676 -0.608952 -0.959808 0.229296 0.161839 -0.227009 0.252108 0.450995 0.856181 0.407646 
1534334948621 0.124045 0.862676 -0.490309 -0.609116 -0.959696 0.229883 0.161672 -0.22705 0.252185 0.450493 0.856422 0.407523 
1534334948730 0.124499 0.862847 -0.489893 -0.609329 -0.959632 0.230207 0.161588 -0.226971 0.252203 0.45 0.856676 0.407324 
1534334948792 0.125075 0.863068 -0.489357 -0.609513 -0.95951 0.230691 0.161623 -0.226968 0.252382 0.449328 0.856976 0.40727 
1534334948889 0.12545 0.863206 -0.489018 -0.609749 -0.95946 0.230955 0.161542 -0.226809 0.252385 0.448928 0.857185 0.406944 
1534334948938 0.125756 0.863401 -0.488593 -0.609962 -0.959387 0.2312 0.161628 -0.22674 0.252513 0.448424 0.857411 0.406892 
1534334948959 0.125829 0.863411 -0.488557 -0.610004 -0.959379 0.231253 0.161596 -0.226732 0.252504 0.448378 0.857437 0.406835 
1534334948981 0.125894 0.863415 -0.488534 -0.610012 -0.959378 0.231292 0.161546 -0.226727 0.252475 0.448352 0.85746 0.406773 
1534334948998 0.125973 0.863429 -0.488489 -0.61002 -0.959373 0.231344 0.161506 -0.226724 0.252458 0.448298 0.857493 0.406725 
1534334949090 0.12637 0.863657 -0.487983 -0.610144 -0.959265 0.231692 0.161645 -0.226805 0.252668 0.447678 0.857755 0.406711 
1534334949116 0.126347 0.863806 -0.487725 -0.610138 -0.959202 0.23174 0.161949 -0.22684 0.252918 0.447365 0.857844 0.406679 
1534334949138 0.126211 0.86394 -0.487523 -0.610116 -0.959154 0.231702 0.162291 -0.226847 0.25317 0.447126 0.857895 0.406641 
1534334949227 0.126136 0.864271 -0.486955 -0.610115 -0.958966 0.231879 0.163149 -0.226911 0.253919 0.446395 0.858054 0.406546 
1534334949251 0.126269 0.864444 -0.486614 -0.610169 -0.958883 0.232044 0.163397 -0.226931 0.254163 0.445974 0.858201 0.406513 
1534334949268 0.126329 0.864533 -0.48644 -0.610202 -0.958836 0.232132 0.16355 -0.226936 0.254313 0.445755 0.85827 0.406474 
1534334949284 0.126372 0.864591 -0.486326 -0.610232 -0.958795 0.232209 0.163678 -0.226939 0.254443 0.445603 0.85831 0.40643 
1534334949402 0.125941 0.864824 -0.486023 -0.610251 -0.958819 0.231835 0.16407 -0.226972 0.254569 0.445345 0.858407 0.406342 
1534334949433 0.125662 0.864781 -0.486172 -0.610161 -0.958905 0.231534 0.163992 -0.227077 0.254383 0.445585 0.858338 0.406411 
1534334949503 0.125436 0.864488 -0.486751 -0.61007 -0.958955 0.231412 0.163873 -0.227227 0.254306 0.446217 0.858032 0.406552 
1534334949554 0.125236 0.864508 -0.486767 -0.610035 -0.959038 0.231141 0.163769 -0.227389 0.254091 0.446318 0.858043 0.406556 
1534334949603 0.1249 0.864579 -0.486726 -0.60999 -0.959084 0.230838 0.163928 -0.227553 0.254083 0.446337 0.858036 0.406586 
1534334949665 0.124288 0.86468 -0.486704 -0.609965 -0.959134 0.230353 0.164314 -0.227628 0.254192 0.446393 0.857974 0.406599 
1534334949705 0.123922 0.864707 -0.48675 -0.609935 -0.959198 0.230015 0.164416 -0.227738 0.254131 0.446514 0.857929 0.406598 
1534334949755 0.123646 0.864726 -0.486786 -0.609895 -0.95924 0.22977 0.164513 -0.227882 0.254107 0.446603 0.85789 0.406602 
1534334949775 0.123579 0.864728 -0.486799 -0.609883 -0.959245 0.229721 0.164553 -0.227929 0.254121 0.446624 0.857875 0.406601 
1534334949792 0.123499 0.864734 -0.486808 -0.609873 -0.959253 0.229658 0.164594 -0.227967 0.25413 0.446645 0.857862 0.4066 
1534334949833 0.123265 0.864761 -0.486821 -0.609857 -0.959277 0.229467 0.164721 -0.228042 0.254153 0.446691 0.85783 0.406601 
1534334950086 0.122187 0.864622 -0.487339 -0.609652 -0.959553 0.228386 0.164614 -0.228406 0.25363 0.447514 0.857557 0.406498 
1534334950133 0.121888 0.864579 -0.487489 -0.609524 -0.959627 0.228092 0.16459 -0.228673 0.253494 0.447746 0.857476 0.40654 
1534334950238 0.121507 0.864567 -0.487607 -0.609389 -0.959688 0.22776 0.164692 -0.22894 0.253445 0.44794 0.857389 0.406672 
1534334950296 0.120953 0.864539 -0.487795 -0.60932 -0.959814 0.227216 0.164711 -0.229078 0.253234 0.44827 0.857279 0.406629 
1534334950397 0.120585 0.864411 -0.488111 -0.609177 -0.959882 0.226919 0.164724 -0.229389 0.253151 0.448666 0.857096 0.406562 
1534334950445 0.120181 0.864373 -0.488278 -0.609077 -0.959993 0.226494 0.164666 -0.229624 0.252925 0.448953 0.857012 0.406538 
1534334950465 0.120202 0.864339 -0.488333 -0.609045 -0.959985 0.226531 0.164658 -0.229697 0.252944 0.449 0.856982 0.406529 
1534334950481 0.120239 0.864314 -0.488368 -0.60902 -0.959972 0.226586 0.16466 -0.229751 0.252975 0.449021 0.856962 0.406529 
1534334950597 0.11975 0.864264 -0.488578 -0.608891 -0.960041 0.226187 0.164804 -0.229899 0.252944 0.449319 0.856815 0.406509 
1534334950657 0.119218 0.86442 -0.488432 -0.608665 -0.960045 0.225807 0.165299 -0.22976 0.25318 0.44921 0.856802 0.406479 
1534334950790 0.118979 0.864491 -0.488364 -0.608106 -0.959885 0.225923 0.16607 -0.230071 0.253899 0.449015 0.856692 0.406481 
1534334950828 0.118426 0.864541 -0.48841 -0.607872 -0.959913 0.225525 0.166452 -0.230097 0.254053 0.449119 0.856592 0.406402 
1534334950923 0.118005 0.864606 -0.488397 -0.60756 -0.959868 0.225328 0.166977 -0.230313 0.254419 0.449093 0.856497 0.406471 
1534334950977 0.11764 0.864608 -0.488481 -0.607302 -0.959832 0.225169 0.167393 -0.230396 0.25472 0.449168 0.856368 0.406422 
1534334951053 0.117453 0.864577 -0.488581 -0.606995 -0.959774 0.22517 0.167726 -0.230626 0.255026 0.449228 0.856245 0.406402 
1534334951076 0.117442 0.864541 -0.488647 -0.606897 -0.959747 0.225223 0.16781 -0.230712 0.255133 0.44927 0.856191 0.406393 
1534334951227 0.116943 0.864717 -0.488456 -0.606585 -0.959737 0.224877 0.168329 -0.230777 0.255399 0.449104 0.856199 0.406434 
1534334951314 0.116639 0.864556 -0.488813 -0.606404 -0.959939 0.224392 0.167822 -0.230674 0.254778 0.449657 0.856094 0.406416 
1534334951420 0.116393 0.864616 -0.488766 -0.606063 -0.959997 0.224121 0.167856 -0.230768 0.254673 0.449677 0.856115 0.406601 
1534334951532 0.116078 0.864675 -0.488736 -0.605685 -0.960056 0.223806 0.167941 -0.230947 0.254596 0.44972 0.856115 0.406665 
1534334951620 0.115749 0.864568 -0.489004 -0.605398 -0.960148 0.22348 0.167847 -0.23097 0.254398 0.450088 0.85598 0.406594 
1534334951730 0.115401 0.864542 -0.489131 -0.605084 -0.960205 0.223176 0.167924 -0.231019 0.25434 0.450288 0.855893 0.406687 
1534334951796 0.114983 0.864561 -0.489197 -0.604831 -0.960285 0.222773 0.168 -0.230972 0.254226 0.450451 0.85584 0.406722 
1534334951913 0.114684 0.864574 -0.489244 -0.604488 -0.960346 0.22248 0.168045 -0.231096 0.254134 0.450571 0.855805 0.406812 
1534334951936 0.114529 0.864524 -0.489369 -0.604342 -0.960395 0.222315 0.167979 -0.231132 0.254016 0.450749 0.855746 0.406779 
1534334951956 0.114428 0.864493 -0.489447 -0.604234 -0.960427 0.222207 0.167938 -0.231166 0.25394 0.450862 0.855709 0.406753 
1534334951969 0.114388 0.864488 -0.489465 -0.604179 -0.960439 0.222164 0.16793 -0.231195 0.253915 0.450892 0.855701 0.406751 
1534334951986 0.114375 0.864506 -0.489435 -0.604135 -0.96044 0.222149 0.167945 -0.231235 0.253917 0.450864 0.855714 0.406771 
1534334952181 0.113454 0.864671 -0.489358 -0.603807 -0.960452 0.221508 0.168721 -0.231096 0.254285 0.450863 0.855606 0.406872 
1534334952215 0.113161 0.864649 -0.489466 -0.603597 -0.960491 0.221268 0.168815 -0.231133 0.254269 0.451024 0.855526 0.406862 
1534334952329 0.113079 0.864673 -0.489441 -0.603347 -0.960419 0.221336 0.169131 -0.231256 0.254574 0.450944 0.855477 0.407022 
1534334952371 0.112699 0.864618 -0.489627 -0.603199 -0.960487 0.221003 0.169184 -0.231189 0.254488 0.451214 0.855361 0.406944 
1534334952467 0.112298 0.864718 -0.489542 -0.602944 -0.960486 0.220722 0.169551 -0.231249 0.254667 0.451158 0.855337 0.406983 
1534334952489 0.112154 0.864702 -0.489604 -0.602864 -0.960489 0.220635 0.169649 -0.231239 0.25472 0.451232 0.855282 0.407002 
1534334952504 0.11207 0.86469 -0.489645 -0.602807 -0.960493 0.22058 0.169697 -0.231238 0.254741 0.451283 0.855249 0.407008 
1534334952520 0.111966 0.864682 -0.489681 -0.602732 -0.960501 0.220506 0.169752 -0.231247 0.254759 0.451333 0.855217 0.407018 
1534334952540 0.111905 0.864668 -0.489722 -0.602668 -0.960506 0.220465 0.169777 -0.231264 0.254767 0.451381 0.855189 0.407021 
1534334952725 0.111738 0.864421 -0.490195 -0.602434 -0.960832 0.219868 0.168702 -0.231156 0.253607 0.452144 0.855131 0.406998 
1534334952755 0.111629 0.864336 -0.490369 -0.602293 -0.960907 0.219696 0.168498 -0.231149 0.253371 0.452389 0.855071 0.407043 
1534334952872 0.111796 0.864328 -0.490345 -0.602056 -0.960998 0.219639 0.168053 -0.231338 0.252952 0.452433 0.855172 0.407314 
1534334952920 0.111554 0.864151 -0.490712 -0.601936 -0.961109 0.219352 0.167792 -0.231246 0.252636 0.45291 0.855013 0.4072 
1534334953010 0.111444 0.864128 -0.490778 -0.601799 -0.961195 0.219138 0.167578 -0.231243 0.252357 0.453058 0.855017 0.407322 
1534334953030 0.111385 0.864089 -0.49086 -0.601748 -0.961228 0.219057 0.167498 -0.231238 0.25226 0.453171 0.854986 0.407325 
1534334953047 0.111294 0.864031 -0.490983 -0.601687 -0.961271 0.218943 0.167398 -0.231224 0.252135 0.453337 0.854935 0.407309 
1534334953066 0.111213 0.863976 -0.491098 -0.601629 -0.961312 0.218838 0.1673 -0.231211 0.252014 0.453492 0.854888 0.407295 
1534334953080 0.111173 0.863938 -0.491174 -0.60159 -0.961336 0.218784 0.167234 -0.231205 0.251941 0.453591 0.854857 0.407286 
1534334953097 0.111165 0.863924 -0.4912 -0.60156 -0.961353 0.218752 0.167175 -0.231215 0.251877 0.453632 0.854854 0.407298 
1534334953114 0.111205 0.863945 -0.491154 -0.601557 -0.961351 0.218774 0.16716 -0.231237 0.251868 0.453582 0.854883 0.407331 
1534334953250 0.110667 0.864309 -0.490635 -0.601364 -0.961243 0.218513 0.168119 -0.231246 0.252517 0.453014 0.854993 0.407462 
1534334953270 0.110487 0.864259 -0.490763 -0.601265 -0.96126 0.218388 0.168182 -0.231241 0.252529 0.453169 0.854907 0.407413 
1534334953293 0.110376 0.864198 -0.490896 -0.601156 -0.961268 0.218327 0.168218 -0.231269 0.252549 0.453315 0.854824 0.407382 
1534334953366 0.110416 0.864191 -0.4909 -0.600957 -0.961207 0.218464 0.168388 -0.231446 0.252764 0.453264 0.854788 0.407449 
1534334953386 0.110414 0.864184 -0.490913 -0.600903 -0.961201 0.218476 0.168408 -0.231488 0.252788 0.453271 0.854777 0.407455 
1534334953403 0.110368 0.864164 -0.490958 -0.600851 -0.961204 0.218448 0.168424 -0.231506 0.252795 0.453322 0.854748 0.407447 
1534334953419 0.110226 0.864134 -0.491043 -0.600783 -0.961228 0.218328 0.168443 -0.231506 0.252766 0.453437 0.854695 0.407425 
1534334953439 0.11007 0.864107 -0.491125 -0.600715 -0.961252 0.218199 0.168474 -0.231498 0.252742 0.453551 0.854642 0.407403 
1534334953458 0.109993 0.864085 -0.491182 -0.600674 -0.961263 0.21814 0.16849 -0.231494 0.252736 0.453622 0.854606 0.407387 
1534334953592 0.109722 0.864359 -0.490759 -0.600592 -0.961167 0.21805 0.169151 -0.231472 0.253218 0.453142 0.854718 0.40741 
1534334953616 0.109453 0.86435 -0.490835 -0.600509 -0.961183 0.217859 0.169307 -0.231412 0.253273 0.453251 0.854644 0.407316 
1534334953634 0.109212 0.864324 -0.490934 -0.600421 -0.961186 0.217713 0.169476 -0.231363 0.253365 0.45337 0.854553 0.407237 
1534334953662 0.109043 0.864302 -0.491012 -0.600325 -0.961166 0.217653 0.169669 -0.23135 0.253515 0.453442 0.854471 0.407196 
1534334953682 0.109028 0.864301 -0.491017 -0.600273 -0.961132 0.217704 0.169794 -0.231384 0.25365 0.45342 0.854443 0.407204 
1534334953700 0.109071 0.864306 -0.490997 -0.600237 -0.961106 0.217776 0.169852 -0.231422 0.253731 0.453374 0.854443 0.407221 
1534334953716 0.109097 0.864312 -0.490981 -0.600194 -0.961081 0.217834 0.169915 -0.231456 0.253812 0.453336 0.854439 0.407234 
1534334953737 0.109086 0.864319 -0.490971 -0.600127 -0.961055 0.217872 0.170018 -0.231486 0.253918 0.453303 0.854425 0.407238 
1534334953805 0.108832 0.864318 -0.49103 -0.599952 -0.961053 0.217718 0.170223 -0.231475 0.254033 0.453381 0.85435 0.407163 
1534334953858 0.108635 0.864471 -0.490803 -0.599923 -0.961077 0.217501 0.170366 -0.231434 0.254027 0.453192 0.854451 0.407106 
1534334953888 0.10843 0.864642 -0.490548 -0.599894 -0.961111 0.217253 0.170489 -0.231424 0.253985 0.452985 0.854574 0.407073 
1534334953910 0.108228 0.864815 -0.490287 -0.599859 -0.961148 0.217002 0.170601 -0.231409 0.253932 0.452775 0.854701 0.407062 
1534334953949 0.107903 0.865012 -0.490012 -0.599822 -0.961185 0.216666 0.17082 -0.231382 0.25393 0.45256 0.854815 0.407054 
1534334953966 0.107838 0.865058 -0.489945 -0.599811 -0.961179 0.21662 0.170912 -0.231374 0.253981 0.452494 0.854835 0.407047 
1534334953982 0.107787 0.865099 -0.489883 -0.59979 -0.96117 0.21659 0.171 -0.231378 0.254035 0.45243 0.854853 0.407038 
1534334953999 0.107739 0.865126 -0.489845 -0.59975 -0.961153 0.21658 0.171106 -0.231399 0.254119 0.452382 0.854853 0.407017 
1534334954016 0.10771 0.865132 -0.489841 -0.599714 -0.961141 0.216583 0.171174 -0.231421 0.254179 0.452369 0.854842 0.406993 
1534334954032 0.107675 0.865189 -0.48975 -0.599643 -0.961132 0.216556 0.171255 -0.231449 0.254226 0.452275 0.854878 0.406957 
1534334954054 0.107629 0.865264 -0.489627 -0.599561 -0.961126 0.216513 0.171345 -0.231478 0.254269 0.452151 0.854931 0.406918 
1534334954168 0.107675 0.865337 -0.489487 -0.599569 -0.96109 0.21658 0.171463 -0.231583 0.254387 0.451979 0.854987 0.406948 
1534334954186 0.107548 0.865529 -0.489176 -0.599539 -0.961087 0.216439 0.171658 -0.231569 0.254451 0.451679 0.855126 0.40697 
1534334954210 0.107357 0.865736 -0.488851 -0.5995 -0.961087 0.216247 0.171899 -0.231546 0.254531 0.451374 0.855263 0.406984 
1534334954240 0.107152 0.865898 -0.48861 -0.599457 -0.961099 0.21604 0.17209 -0.231516 0.254572 0.451163 0.855363 0.40698 
1534334954259 0.107085 0.865899 -0.488623 -0.599448 -0.961096 0.216003 0.172154 -0.231514 0.254612 0.451178 0.855343 0.406966 
1534334954274 0.107017 0.865896 -0.488642 -0.599439 -0.961088 0.215976 0.172232 -0.231519 0.25467 0.451196 0.855316 0.406952 
1534334954291 0.106984 0.865904 -0.488636 -0.599433 -0.961084 0.215961 0.172277 -0.231523 0.254701 0.451189 0.85531 0.406947 
1534334954308 0.106919 0.865945 -0.488576 -0.599408 -0.961073 0.215924 0.172381 -0.231537 0.254768 0.451127 0.855323 0.406937 
1534334954328 0.106898 0.866033 -0.488426 -0.599366 -0.961063 0.215898 0.17247 -0.231567 0.254815 0.450972 0.855391 0.406936 
1534334954345 0.106893 0.866107 -0.488295 -0.59933 -0.961052 0.215888 0.172545 -0.231598 0.254859 0.450833 0.855451 0.406939 
1534334954363 0.106887 0.866174 -0.488179 -0.599294 -0.96104 0.215882 0.172619 -0.231631 0.254907 0.450709 0.855502 0.40694 
1534334954378 0.106908 0.866216 -0.488099 -0.599265 -0.961037 0.215886 0.172631 -0.231662 0.25491 0.450626 0.855545 0.406941 
1534334954396 0.106973 0.866234 -0.488053 -0.599235 -0.961057 0.215884 0.172519 -0.231692 0.254805 0.450592 0.855594 0.406937 
1534334954415 0.107016 0.86621 -0.488086 -0.599218 -0.961092 0.215858 0.172358 -0.231701 0.254655 0.45065 0.855608 0.406926 
1534334954432 0.107084 0.866179 -0.488126 -0.599195 -0.961163 0.215785 0.172052 -0.231701 0.254358 0.450744 0.855647 0.406912 
1534334954449 0.107143 0.86617 -0.488129 -0.599184 -0.961222 0.215721 0.171805 -0.231697 0.254112 0.450792 0.855695 0.40691 
1534334954554 0.10677 0.866445 -0.487723 -0.598964 -0.961352 0.215161 0.171782 -0.231622 0.253778 0.450532 0.855931 0.406905 
1534334954567 0.106625 0.866425 -0.48779 -0.598936 -0.961292 0.215184 0.172088 -0.231652 0.254066 0.45056 0.855831 0.406889 
1534334954640 0.106288 0.866267 -0.488145 -0.598829 -0.961095 0.215377 0.172943 -0.231854 0.25495 0.450772 0.855456 0.406936 
1534334954699 0.106036 0.866177 -0.488358 -0.598724 -0.961131 0.215187 0.172979 -0.231904 0.254919 0.451034 0.855327 0.406943 
1534334954723 0.105709 0.866125 -0.488522 -0.598641 -0.96117 0.214931 0.173079 -0.231884 0.254906 0.451257 0.855213 0.406898 
1534334954749 0.10538 0.866216 -0.488432 -0.598519 -0.961204 0.214632 0.17326 -0.231861 0.254914 0.451225 0.855228 0.406911 
1534334954773 0.105202 0.866339 -0.488252 -0.598419 -0.961212 0.214463 0.173428 -0.231871 0.254959 0.451069 0.855297 0.406976 
1534334954789 0.105118 0.866426 -0.488115 -0.598351 -0.9612 0.2144 0.17357 -0.23191 0.255038 0.450931 0.855346 0.407039 
1534334954813 0.105061 0.866445 -0.488093 -0.598287 -0.961189 0.214377 0.173662 -0.231968 0.255105 0.450904 0.85534 0.407088 
1534334954827 0.104999 0.866446 -0.488105 -0.598228 -0.961193 0.214331 0.173696 -0.232025 0.255114 0.450925 0.855327 0.407112 
1534334954897 0.104895 0.866342 -0.488312 -0.598084 -0.961214 0.214266 0.173661 -0.23216 0.255078 0.451156 0.855215 0.407049 
1534334954962 0.104723 0.866186 -0.488626 -0.598007 -0.961265 0.214122 0.173553 -0.232079 0.254955 0.451525 0.855058 0.406912 
1534334955001 0.104556 0.866056 -0.488892 -0.597901 -0.961322 0.213962 0.173436 -0.232037 0.254809 0.451849 0.85493 0.406802 
1534334955041 0.10453 0.866066 -0.488879 -0.597732 -0.961343 0.213905 0.173389 -0.232115 0.25474 0.451857 0.854946 0.406834 
1534334955120 0.104052 0.866254 -0.488648 -0.597502 -0.961393 0.213448 0.173673 -0.232222 0.254746 0.451712 0.855021 0.406967 
1534334955154 0.10384 0.86622 -0.488753 -0.597354 -0.961435 0.213254 0.173685 -0.232254 0.254678 0.451869 0.854958 0.406955 
1534334955174 0.103747 0.866163 -0.488874 -0.597264 -0.961455 0.213179 0.173663 -0.232286 0.254638 0.452013 0.854894 0.406931 
1534334955191 0.103699 0.866129 -0.488945 -0.597205 -0.961466 0.213141 0.173648 -0.232313 0.254616 0.452097 0.854856 0.406916 
1534334955223 0.103644 0.86613 -0.488955 -0.597111 -0.96147 0.2131 0.17368 -0.232389 0.254626 0.452115 0.854844 0.406939 
1534334955339 0.103526 0.866334 -0.488619 -0.596947 -0.961497 0.212905 0.173769 -0.232438 0.254571 0.451816 0.855018 0.40693 
1534334955386 0.103375 0.866598 -0.488182 -0.596876 -0.961509 0.212693 0.173958 -0.23241 0.254584 0.451408 0.855229 0.406888 
1534334955455 0.103187 0.866869 -0.487741 -0.596798 -0.961507 0.212482 0.174228 -0.232375 0.254669 0.450988 0.855426 0.406876 
1534334955509 0.103021 0.867123 -0.487323 -0.596697 -0.961509 0.212282 0.174461 -0.232351 0.254729 0.450592 0.855617 0.406862 
1534334955571 0.102794 0.867263 -0.487122 -0.596501 -0.961516 0.212076 0.174675 -0.232422 0.254796 0.45042 0.855687 0.406779 
1534334955621 0.102701 0.867422 -0.486859 -0.596311 -0.961552 0.211896 0.174692 -0.232541 0.254695 0.450199 0.855834 0.406723 
1534334955693 0.102274 0.867581 -0.486666 -0.596137 -0.961619 0.21145 0.174867 -0.232516 0.254617 0.450103 0.855908 0.406624 
1534334955715 0.10219 0.867649 -0.486561 -0.596088 -0.961621 0.211368 0.174953 -0.2325 0.254641 0.450009 0.85595 0.406618 
1534334955730 0.102153 0.867689 -0.486499 -0.596063 -0.961619 0.211334 0.175006 -0.232497 0.254665 0.449949 0.855974 0.40662 
1534334955746 0.102083 0.86776 -0.486386 -0.596019 -0.961611 0.211277 0.175116 -0.232496 0.254721 0.449838 0.856016 0.406628 
1534334955763 0.102031 0.867796 -0.486333 -0.595991 -0.961608 0.211238 0.175183 -0.232499 0.254755 0.449788 0.856032 0.406626 
1534334955876 0.102096 0.867766 -0.486374 -0.595839 -0.961633 0.211245 0.175033 -0.23255 0.254632 0.449843 0.85604 0.406638 
1534334955914 0.102076 0.86762 -0.486638 -0.595759 -0.961646 0.211261 0.174942 -0.232521 0.254591 0.450116 0.855908 0.406693 
1534334956001 0.10193 0.867458 -0.486956 -0.595568 -0.961666 0.211192 0.174919 -0.232472 0.254576 0.450459 0.855732 0.406764 
1534334956056 0.10184 0.867595 -0.486732 -0.595396 -0.961673 0.211074 0.175025 -0.232476 0.254587 0.450253 0.855838 0.406804 
1534334956092 0.101769 0.867601 -0.486735 -0.595248 -0.961695 0.210986 0.175006 -0.232487 0.25453 0.450281 0.85584 0.406782 
1534334956117 0.101726 0.867555 -0.486827 -0.595189 -0.961705 0.210959 0.174987 -0.232491 0.254512 0.450383 0.855792 0.406763 
1534334956134 0.101677 0.867518 -0.486902 -0.595132 -0.961715 0.210924 0.174975 -0.232488 0.254493 0.45047 0.855751 0.406749 
1534334956153 0.101634 0.867501 -0.486942 -0.595078 -0.961723 0.210887 0.174972 -0.232482 0.254478 0.45052 0.855729 0.406745 
1534334956167 0.101621 0.8675 -0.486947 -0.59505 -0.961725 0.210876 0.174975 -0.232481 0.254476 0.450528 0.855726 0.40675 
1534334956184 0.10161 0.867499 -0.486951 -0.595016 -0.961725 0.210869 0.174982 -0.232483 0.25448 0.450533 0.855722 0.40676 
1534334956200 0.101603 0.867499 -0.486952 -0.594993 -0.961725 0.210865 0.174989 -0.232483 0.254484 0.450535 0.85572 0.40677 
1534334956218 0.101618 0.867513 -0.486924 -0.594985 -0.961718 0.210882 0.175007 -0.232488 0.254505 0.450499 0.855732 0.406797 
1534334956234 0.101651 0.867532 -0.486883 -0.59499 -0.961707 0.210916 0.175027 -0.2325 0.254532 0.450447 0.855752 0.406828 
1534334956360 0.101962 0.867288 -0.487253 -0.595013 -0.96183 0.210982 0.174267 -0.232487 0.253941 0.450886 0.855696 0.40698 
1534334956369 0.1019 0.867207 -0.487409 -0.594976 -0.961874 0.210894 0.174132 -0.232451 0.2538 0.451083 0.855634 0.40694 
1534334956389 0.101792 0.867129 -0.487572 -0.594925 -0.961924 0.210764 0.174012 -0.232398 0.253653 0.451294 0.855566 0.406918 
1534334956406 0.101707 0.867084 -0.487668 -0.594882 -0.96196 0.210663 0.173938 -0.232351 0.253552 0.451427 0.855526 0.406929 
1534334956423 0.101688 0.867088 -0.487666 -0.594859 -0.961974 0.210625 0.173908 -0.232327 0.253508 0.451438 0.855533 0.406977 
1534334956439 0.10174 0.867123 -0.487593 -0.594848 -0.96197 0.210652 0.173895 -0.232334 0.253501 0.451358 0.855578 0.407057 
1534334956456 0.101781 0.867147 -0.487541 -0.594841 -0.961963 0.210682 0.173899 -0.232345 0.253512 0.451297 0.855607 0.407111 
1534334956473 0.101803 0.867155 -0.487523 -0.594836 -0.961957 0.210703 0.173904 -0.232358 0.253525 0.451272 0.855616 0.407136 
1534334956489 0.101816 0.867146 -0.487536 -0.594832 -0.961955 0.210718 0.173897 -0.232371 0.253527 0.451282 0.85561 0.407138 
1534334956518 0.101803 0.86711 -0.487602 -0.594832 -0.961954 0.210725 0.173897 -0.232388 0.253538 0.451347 0.855572 0.407116 
1534334956550 0.101739 0.867034 -0.487751 -0.594857 -0.961938 0.210739 0.173964 -0.232411 0.253621 0.451487 0.855474 0.407086 
1534334956565 0.101685 0.866948 -0.487916 -0.594869 -0.961924 0.210761 0.174016 -0.232421 0.253696 0.451643 0.855369 0.407069 
1534334956584 0.101588 0.866822 -0.488159 -0.594881 -0.961912 0.210765 0.174077 -0.232446 0.253781 0.451882 0.855218 0.407042 
1534334956601 0.101506 0.866746 -0.488312 -0.594884 -0.961908 0.210747 0.174121 -0.23247 0.253829 0.452037 0.855122 0.40703 
1534334956617 0.101446 0.86666 -0.488477 -0.594876 -0.961905 0.210745 0.17414 -0.232492 0.253865 0.452203 0.855024 0.407026 
1534334956634 0.101393 0.866565 -0.488656 -0.594851 -0.961904 0.210749 0.174145 -0.232502 0.253892 0.452383 0.85492 0.40704 
1534334956651 0.101329 0.866498 -0.488788 -0.594834 -0.961904 0.210732 0.174165 -0.23249 0.253917 0.452519 0.854841 0.407061 
1534334956667 0.101261 0.866439 -0.488907 -0.594821 -0.961902 0.210713 0.174198 -0.232471 0.253951 0.452641 0.854766 0.407092 
1534334956684 0.101224 0.866408 -0.488968 -0.594809 -0.961904 0.210696 0.174206 -0.232455 0.253958 0.452707 0.854729 0.40712 
1534334956700 0.101229 0.866427 -0.488935 -0.594802 -0.961902 0.210696 0.174216 -0.232451 0.253962 0.452672 0.854746 0.407151 
1534334956717 0.101318 0.866479 -0.488824 -0.594807 -0.961911 0.210719 0.174142 -0.232459 0.253895 0.452561 0.854825 0.407173 
1534334956734 0.10142 0.86656 -0.48866 -0.594822 -0.961928 0.210724 0.17404 -0.232453 0.253789 0.452404 0.854939 0.407197 
1534334956750 0.101524 0.866734 -0.488329 -0.594817 -0.961965 0.210663 0.173911 -0.23244 0.253607 0.4521 0.855155 0.407212 
1534334956768 0.101586 0.866875 -0.488065 -0.594815 -0.962014 0.210564 0.173759 -0.232421 0.253397 0.451873 0.855337 0.407208 
1534334956784 0.10174 0.866947 -0.487905 -0.594818 -0.962051 0.210569 0.173545 -0.232406 0.253192 0.451734 0.855471 0.407182 
1534334956800 0.101873 0.866957 -0.487861 -0.594819 -0.96208 0.210599 0.17335 -0.232396 0.25303 0.451702 0.855536 0.407153 
1534334956817 0.101977 0.866929 -0.487889 -0.594822 -0.962118 0.210606 0.173127 -0.232381 0.252842 0.451752 0.855565 0.407117 
1534334956834 0.102038 0.866899 -0.487928 -0.594822 -0.962151 0.210597 0.172957 -0.232369 0.252692 0.451813 0.855577 0.407087 
1534334956850 0.102029 0.866876 -0.487972 -0.594819 -0.962171 0.210563 0.172885 -0.232351 0.252619 0.451873 0.855566 0.407065 
1534334956952 0.101664 0.867044 -0.487749 -0.594798 -0.962001 0.210576 0.173813 -0.232408 0.253412 0.451545 0.855505 0.407037 
1534334956967 0.101753 0.867196 -0.48746 -0.594784 -0.962005 0.210571 0.173798 -0.232441 0.253362 0.451255 0.855673 0.407025 
1534334956983 0.101815 0.867313 -0.487239 -0.594776 -0.962014 0.210552 0.17377 -0.232461 0.253303 0.451039 0.855805 0.406993 
1534334957004 0.101907 0.867424 -0.487022 -0.594776 -0.96202 0.210562 0.17373 -0.232475 0.253246 0.45082 0.855937 0.406915 
1534334957020 0.101949 0.867414 -0.487032 -0.594791 -0.962021 0.21059 0.173687 -0.232467 0.253222 0.450828 0.85594 0.406854 
1534334957036 0.101956 0.867392 -0.487069 -0.594801 -0.962028 0.21059 0.173649 -0.232454 0.253194 0.45087 0.855926 0.406806 
1534334957054 0.101956 0.867364 -0.487119 -0.59481 -0.962038 0.210581 0.173602 -0.232437 0.253155 0.450927 0.855907 0.40674 
1534334957069 0.101958 0.86735 -0.487143 -0.594816 -0.962048 0.21057 0.173561 -0.232424 0.253115 0.450959 0.855902 0.406683 
1534334957087 0.101955 0.8674 -0.487054 -0.594809 -0.962064 0.210523 0.173533 -0.232411 0.253059 0.450884 0.855958 0.406651 
1534334957148 0.101897 0.867625 -0.486666 -0.594783 -0.962068 0.210398 0.173659 -0.232372 0.253064 0.450511 0.856153 0.40673 
1534334957165 0.101792 0.867663 -0.48662 -0.594787 -0.962045 0.210358 0.173834 -0.232353 0.253194 0.450456 0.856144 0.406768 
1534334957179 0.101671 0.867699 -0.486582 -0.59479 -0.962028 0.210298 0.173999 -0.232338 0.253307 0.450415 0.856132 0.406789 
1534334957195 0.101475 0.86776 -0.486514 -0.5948 -0.961997 0.210208 0.174283 -0.232337 0.253504 0.450339 0.856113 0.406821 
1534334957212 0.101385 0.867802 -0.486457 -0.594811 -0.961955 0.210211 0.174513 -0.232359 0.253702 0.450257 0.856098 0.406844 
1534334957228 0.101334 0.867824 -0.486429 -0.594818 -0.961916 0.210238 0.174691 -0.232382 0.253867 0.450202 0.856078 0.406852 
1534334957248 0.101279 0.867854 -0.486387 -0.594824 -0.961867 0.21028 0.174913 -0.232418 0.254077 0.450125 0.856056 0.406846 
1534334957265 0.101285 0.867941 -0.48623 -0.594815 -0.961851 0.21028 0.174999 -0.232444 0.254133 0.449956 0.856128 0.406831 
1534334957282 0.101287 0.868 -0.486125 -0.594806 -0.961844 0.210272 0.175046 -0.232461 0.254158 0.449847 0.856178 0.406807 
1534334957301 0.101281 0.868035 -0.486064 -0.594803 -0.961846 0.210252 0.175059 -0.232475 0.254154 0.449789 0.85621 0.406766 
1534334957316 0.101273 0.868059 -0.486022 -0.594803 -0.961862 0.210212 0.175024 -0.23247 0.254099 0.449761 0.856241 0.406745 
1534334957342 0.101276 0.868103 -0.485942 -0.594801 -0.96194 0.210059 0.174776 -0.23242 0.2538 0.449746 0.856337 0.406698 
1534334957359 0.101387 0.868108 -0.48591 -0.5948 -0.961992 0.210035 0.174517 -0.232406 0.253558 0.449748 0.856408 0.406669 
1534334957379 0.10146 0.868117 -0.485879 -0.594799 -0.962023 0.210023 0.174359 -0.232402 0.25341 0.449736 0.856458 0.406652 
1534334957537 0.101452 0.868067 -0.485969 -0.594803 -0.962077 0.209941 0.174164 -0.232332 0.253211 0.449871 0.856447 0.406506 
1534334957550 0.101319 0.867942 -0.486222 -0.594831 -0.962064 0.209925 0.174255 -0.232328 0.253314 0.450121 0.856285 0.406545 
1534334957568 0.101218 0.867831 -0.48644 -0.594853 -0.962027 0.209965 0.174409 -0.232332 0.253493 0.450315 0.856129 0.40663 
1534334957584 0.101196 0.867824 -0.486457 -0.594847 -0.961988 0.210022 0.174553 -0.23234 0.253649 0.450302 0.85609 0.406714 
1534334957619 0.101184 0.867822 -0.486463 -0.594822 -0.961926 0.210126 0.174772 -0.232351 0.253889 0.450258 0.856042 0.406857 
1534334957666 0.101169 0.867686 -0.48671 -0.594802 -0.961899 0.210213 0.174816 -0.232361 0.253998 0.45048 0.855893 0.406899 
1534334957694 0.101236 0.867499 -0.487029 -0.59479 -0.961906 0.21031 0.174659 -0.232376 0.253944 0.450795 0.855743 0.406886 
1534334957711 0.10125 0.867351 -0.487289 -0.594786 -0.96191 0.210366 0.174573 -0.232379 0.253926 0.451053 0.855613 0.406875 
1534334957729 0.101271 0.867205 -0.487545 -0.594777 -0.961914 0.210425 0.174481 -0.232381 0.253902 0.451306 0.855486 0.406873 
1534334957744 0.101282 0.867114 -0.487704 -0.594769 -0.961914 0.210463 0.174432 -0.232381 0.253896 0.451463 0.855405 0.406876 
1534334957761 0.101286 0.867008 -0.487892 -0.594762 -0.961914 0.210504 0.174382 -0.232379 0.253894 0.451647 0.855308 0.406881 
1534334957777 0.101281 0.866941 -0.488012 -0.594757 -0.961917 0.210519 0.174349 -0.232371 0.253886 0.451769 0.855247 0.406891 
1534334957795 0.101308 0.866931 -0.488024 -0.594749 -0.961916 0.210541 0.174325 -0.232368 0.253877 0.451778 0.855244 0.406922 
1534334957811 0.101321 0.866948 -0.487991 -0.59475 -0.961909 0.210557 0.174348 -0.23237 0.253901 0.451738 0.855259 0.406949 
1534334957831 0.101334 0.866978 -0.487935 -0.594755 -0.961899 0.210572 0.174385 -0.232375 0.253933 0.451673 0.855283 0.406973 
1534334957848 0.101363 0.867017 -0.48786 -0.594766 -0.961891 0.21059 0.174405 -0.232384 0.253951 0.45159 0.855322 0.40699 
1534334957868 0.101426 0.867115 -0.487672 -0.594764 -0.961889 0.210598 0.174405 -0.232393 0.253932 0.451397 0.855429 0.407 
1534334957884 0.101473 0.86723 -0.487457 -0.594748 -0.961898 0.210571 0.174388 -0.232394 0.253879 0.451189 0.855555 0.406996 
1534334957901 0.101505 0.867321 -0.487289 -0.594736 -0.961911 0.210536 0.17436 -0.232389 0.253818 0.45103 0.855657 0.406988 
1534334957918 0.101656 0.867303 -0.487291 -0.594736 -0.961897 0.210665 0.174284 -0.232388 0.253812 0.451006 0.855671 0.406971 
1534334957934 0.101921 0.86724 -0.487346 -0.594737 -0.961887 0.210873 0.174087 -0.23239 0.253743 0.451028 0.85568 0.406954 
1534334957958 0.102232 0.867151 -0.48744 -0.594732 -0.961887 0.211101 0.173807 -0.232389 0.253616 0.451094 0.855683 0.406927 
1534334957972 0.102365 0.867029 -0.487629 -0.594739 -0.961893 0.21122 0.173634 -0.232387 0.253543 0.451273 0.85561 0.406901 
1534334958071 0.101976 0.866736 -0.488231 -0.594748 -0.962118 0.210675 0.173046 -0.232268 0.252843 0.452089 0.855386 0.406907 
1534334958087 0.102085 0.866722 -0.488233 -0.594751 -0.962176 0.210646 0.172761 -0.232248 0.25258 0.45213 0.855443 0.406923 
1534334958105 0.102193 0.866708 -0.488236 -0.594754 -0.962227 0.210627 0.172497 -0.232223 0.252341 0.452166 0.855494 0.406937 
1534334958121 0.102279 0.866695 -0.488241 -0.594755 -0.962273 0.210603 0.172268 -0.232198 0.252128 0.452202 0.855538 0.406951 
1534334958138 0.102372 0.866681 -0.488247 -0.594757 -0.962302 0.210615 0.172092 -0.232174 0.251981 0.452223 0.85557 0.406964 
1534334958157 0.102499 0.86666 -0.488257 -0.594757 -0.962311 0.210687 0.171955 -0.232154 0.251896 0.45223 0.855591 0.406974 
1534334958171 0.102599 0.866644 -0.488264 -0.594757 -0.962312 0.210754 0.171865 -0.23213 0.25185 0.45223 0.855605 0.40698 
1534334958236 0.10275 0.866623 -0.488269 -0.594758 -0.96224 0.210986 0.171986 -0.232182 0.252065 0.45216 0.855578 0.407002 
1534334958253 0.102683 0.866624 -0.488282 -0.594756 -0.9622 0.211016 0.172174 -0.232214 0.252245 0.452145 0.855533 0.406998 
1534334958266 0.102507 0.866639 -0.488292 -0.594754 -0.962174 0.210945 0.172405 -0.232231 0.252415 0.452149 0.855481 0.406987 
1534334958283 0.102405 0.866646 -0.4883 -0.594752 -0.962155 0.210913 0.172552 -0.232239 0.252531 0.45215 0.855446 0.406975 
1534334958300 0.102206 0.866648 -0.488339 -0.59475 -0.962116 0.210855 0.172838 -0.232265 0.252759 0.452173 0.855367 0.406922 
1534334958319 0.102078 0.86664 -0.488381 -0.594749 -0.96209 0.210824 0.173021 -0.232285 0.252909 0.452205 0.855306 0.406873 
1534334958336 0.102027 0.866679 -0.488322 -0.59474 -0.962078 0.210798 0.173116 -0.232295 0.252973 0.452141 0.85532 0.406848 
1534334958356 0.102008 0.866726 -0.488242 -0.594735 -0.962066 0.210791 0.173192 -0.232301 0.253027 0.452054 0.85535 0.406829 
1534334958373 0.102002 0.866757 -0.488189 -0.594738 -0.962054 0.210799 0.173253 -0.232299 0.253078 0.451992 0.855368 0.40682 
1534334958390 0.101998 0.86678 -0.488149 -0.59474 -0.962042 0.210809 0.173305 -0.232297 0.253123 0.451943 0.855381 0.406814 
1534334958410 0.101992 0.866785 -0.48814 -0.594742 -0.962038 0.21081 0.173326 -0.232296 0.253141 0.451931 0.855382 0.40681 
1534334958426 0.102005 0.866774 -0.488157 -0.594748 -0.962041 0.210818 0.1733 -0.232294 0.253124 0.45195 0.855377 0.406804 
1534334958443 0.102022 0.866772 -0.488157 -0.594756 -0.962055 0.210803 0.173238 -0.232286 0.253063 0.45196 0.855389 0.406811 
1534334958470 0.102042 0.866754 -0.488186 -0.594775 -0.962074 0.210789 0.173151 -0.232272 0.252983 0.452002 0.855391 0.406832 
1534334958488 0.10202 0.866655 -0.488366 -0.594804 -0.962063 0.210829 0.173162 -0.232272 0.253034 0.452173 0.855286 0.406847 
1534334958503 0.101971 0.866594 -0.488484 -0.594821 -0.96206 0.210826 0.173185 -0.232285 0.253066 0.452291 0.855213 0.406877 
1534334958520 0.101789 0.866573 -0.48856 -0.594831 -0.962093 0.21066 0.173206 -0.232314 0.253016 0.452409 0.855166 0.406915 
1534334958537 0.101701 0.866567 -0.488588 -0.594833 -0.962108 0.210579 0.17322 -0.23234 0.252993 0.452457 0.855147 0.406941 
1534334958562 0.101526 0.866583 -0.488597 -0.594829 -0.962103 0.210471 0.173379 -0.232364 0.253083 0.452478 0.85511 0.406972 
1534334958578 0.101453 0.866617 -0.488552 -0.594819 -0.96209 0.210435 0.173492 -0.232374 0.253159 0.45243 0.855113 0.406981 
1534334958595 0.101439 0.866661 -0.488476 -0.594809 -0.962077 0.210435 0.173568 -0.232385 0.253217 0.452345 0.85514 0.406988 
1534334958612 0.101465 0.866698 -0.488404 -0.594802 -0.962066 0.210456 0.173599 -0.232398 0.253246 0.452263 0.855175 0.40699 
1534334958628 0.1015 0.866803 -0.488212 -0.594788 -0.962066 0.210443 0.173617 -0.232403 0.253233 0.45207 0.855281 0.406986 
1534334958648 0.101497 0.866904 -0.488033 -0.594783 -0.962072 0.210393 0.173644 -0.232407 0.253211 0.451898 0.855378 0.406945 
1534334958665 0.101472 0.866938 -0.487978 -0.594793 -0.962076 0.210358 0.173663 -0.232407 0.253205 0.45185 0.855405 0.406907 
1534334958681 0.101416 0.866985 -0.487906 -0.594814 -0.962083 0.210294 0.173703 -0.232412 0.253202 0.451789 0.855439 0.406879 
1534334958767 0.100628 0.867138 -0.487796 -0.59491 -0.962137 0.209641 0.174192 -0.232442 0.253311 0.451798 0.855402 0.406846 
1534334958782 0.100616 0.867032 -0.487988 -0.594915 -0.962125 0.209694 0.174197 -0.232431 0.253363 0.451978 0.855291 0.406869 
1534334958798 0.100578 0.866874 -0.488277 -0.594902 -0.96211 0.209753 0.174208 -0.232414 0.253434 0.452254 0.855124 0.406911 
1534334958814 0.100583 0.866769 -0.488462 -0.594877 -0.962105 0.209802 0.174177 -0.232409 0.253451 0.452432 0.855025 0.406947 
1534334958831 0.100664 0.866663 -0.488634 -0.594845 -0.962103 0.209896 0.174076 -0.232423 0.253427 0.452592 0.854947 0.406994 
1534334958898 0.10093 0.866441 -0.488972 -0.594777 -0.962049 0.21024 0.173957 -0.23258 0.253525 0.452857 0.854778 0.407137 
1534334958916 0.100751 0.866392 -0.489096 -0.594778 -0.962073 0.2101 0.173993 -0.232614 0.253506 0.453016 0.8547 0.40715 
1534334958934 0.100462 0.866363 -0.489207 -0.594783 -0.962092 0.209893 0.174139 -0.232617 0.253548 0.453167 0.854607 0.407153 
1534334958948 0.100098 0.866335 -0.48933 -0.594795 -0.962116 0.209629 0.174326 -0.232605 0.253602 0.453343 0.854498 0.407156 
1534334958965 0.0998609 0.866309 -0.489424 -0.594805 -0.962124 0.209472 0.174468 -0.232594 0.253663 0.453464 0.854415 0.407162 
1534334958982 0.0997595 0.866253 -0.489544 -0.594818 -0.962108 0.209455 0.174574 -0.232589 0.253762 0.453579 0.854325 0.407166 
1534334959001 0.0997341 0.866186 -0.489667 -0.594829 -0.962099 0.209479 0.174595 -0.232596 0.253807 0.453696 0.85425 0.407163 
1534334959015 0.099734 0.866171 -0.489695 -0.594831 -0.962099 0.209486 0.174591 -0.232602 0.25381 0.453722 0.854235 0.407163 
1534334959031 0.0997438 0.86617 -0.489695 -0.59483 -0.962099 0.209491 0.174581 -0.232606 0.253804 0.453722 0.854237 0.407168 
1534334959048 0.0997823 0.866174 -0.48968 -0.594828 -0.962103 0.209507 0.17454 -0.232612 0.253773 0.453707 0.854254 0.407172 
1534334959065 0.0998713 0.866172 -0.489665 -0.594826 -0.962114 0.209546 0.174436 -0.232626 0.253699 0.453692 0.854283 0.407176 
1534334959081 0.0999722 0.866197 -0.4896 -0.594819 -0.96212 0.209589 0.174347 -0.232638 0.253634 0.453624 0.854339 0.407184 
1534334959102 0.100121 0.866358 -0.489285 -0.594784 -0.962133 0.209603 0.174259 -0.232653 0.253526 0.45331 0.854538 0.407213 
1534334959119 0.100192 0.866446 -0.489115 -0.594774 -0.962137 0.209612 0.17423 -0.232666 0.253485 0.453139 0.85464 0.407233 
1534334959136 0.100245 0.866522 -0.488969 -0.594785 -0.962135 0.209621 0.174228 -0.232679 0.25347 0.452989 0.854724 0.40726 
1534334959190 0.100255 0.866521 -0.488968 -0.594827 -0.962116 0.209661 0.174283 -0.232717 0.253538 0.452971 0.854714 0.407257 
1534334959217 0.100154 0.866399 -0.489206 -0.594854 -0.962109 0.209654 0.174332 -0.232724 0.253605 0.453209 0.854568 0.407241 
1534334959228 0.0999766 0.866251 -0.489504 -0.594876 -0.962131 0.209554 0.174332 -0.232727 0.253593 0.453538 0.854397 0.40721 
1534334959245 0.0997855 0.866118 -0.489778 -0.594881 -0.962162 0.209424 0.174316 -0.232719 0.25355 0.453851 0.854243 0.407168 
1534334959269 0.0996436 0.866036 -0.489952 -0.594865 -0.962196 0.209302 0.174275 -0.232704 0.253477 0.454064 0.854152 0.40713 
1534334959284 0.0995298 0.865982 -0.490071 -0.594843 -0.962225 0.209196 0.174241 -0.232689 0.25341 0.454216 0.854091 0.407113 
1534334959301 0.0994662 0.865942 -0.490154 -0.594826 -0.962241 0.209142 0.17422 -0.232681 0.253376 0.454317 0.854047 0.407117 
1534334959318 0.099443 0.865911 -0.490213 -0.594816 -0.962261 0.209102 0.174156 -0.232684 0.253308 0.454394 0.854026 0.40714 
1534334959334 0.099429 0.865897 -0.490241 -0.594817 -0.96228 0.209065 0.174098 -0.232699 0.253243 0.454439 0.854022 0.407187 
1534334959353 0.0993845 0.865891 -0.49026 -0.59482 -0.962301 0.209 0.174058 -0.23272 0.25318 0.454479 0.854019 0.407244 
1534334959367 0.0993367 0.865852 -0.49034 -0.59483 -0.962313 0.208962 0.174037 -0.232734 0.253153 0.454572 0.853978 0.40728 
1534334959384 0.0992607 0.865779 -0.490484 -0.594851 -0.962335 0.2089 0.17399 -0.232747 0.253099 0.45474 0.853904 0.407325 
1534334959401 0.0991697 0.865715 -0.490614 -0.59487 -0.962354 0.20883 0.173969 -0.232751 0.253062 0.454892 0.853834 0.407345 
1534334959417 0.0991428 0.865707 -0.490635 -0.594872 -0.962361 0.208803 0.17396 -0.232754 0.253044 0.454921 0.853824 0.407348 
1534334959438 0.099172 0.865706 -0.49063 -0.594866 -0.962359 0.208825 0.173944 -0.232764 0.25304 0.454912 0.85383 0.407334 
