1535173477610 0.276731 0.920551 -0.275693 -0.601385 -0.926784 0.331492 0.17659 -0.229775 0.25395 0.20664 0.944886 0.384451 
1535173491662 0.276732 0.920551 -0.275689 -0.601385 -0.926785 0.331491 0.176589 -0.229775 0.253948 0.206637 0.944887 0.384453 
1535173492317 0.273993 0.921579 -0.274992 -0.591761 -0.927837 0.328541 0.176574 -0.230419 0.253073 0.206768 0.945093 0.383406 
1535173493113 0.270168 0.923083 -0.273729 -0.576823 -0.929271 0.324384 0.176722 -0.231427 0.251923 0.206624 0.945432 0.381853 
1535173493995 0.265348 0.924945 -0.272152 -0.556871 -0.930989 0.319197 0.177122 -0.232865 0.250699 0.206372 0.945812 0.379671 
1535173494069 0.265843 0.924784 -0.272216 -0.556492 -0.930715 0.319793 0.177489 -0.232969 0.251192 0.206171 0.945725 0.379445 
1535173494086 0.265878 0.924776 -0.272209 -0.556473 -0.930701 0.319829 0.1775 -0.232966 0.251208 0.206152 0.945725 0.379445 
1535173494321 0.265027 0.925082 -0.272001 -0.555581 -0.93107 0.318869 0.177286 -0.232918 0.250737 0.206267 0.945825 0.379552 
1535173494535 0.264888 0.92516 -0.27187 -0.55453 -0.931121 0.318703 0.177321 -0.232992 0.250696 0.206174 0.945856 0.379392 
1535173494680 0.26492 0.925133 -0.271931 -0.55398 -0.931087 0.318765 0.177386 -0.233099 0.250787 0.206198 0.945827 0.379289 
1535173494898 0.26493 0.925163 -0.27182 -0.55287 -0.931084 0.318753 0.177421 -0.233247 0.250787 0.206083 0.945852 0.379191 
1535173495042 0.264632 0.925261 -0.271774 -0.552375 -0.931142 0.318482 0.177607 -0.233191 0.250888 0.206059 0.94583 0.379076 
1535173495072 0.264554 0.92528 -0.271787 -0.552259 -0.931175 0.318401 0.177577 -0.233193 0.250846 0.206103 0.945832 0.379056 
1535173495089 0.264576 0.925264 -0.271821 -0.552135 -0.931177 0.318422 0.177531 -0.233236 0.250817 0.206142 0.945831 0.379036 
1535173495113 0.264648 0.925231 -0.271862 -0.552017 -0.931161 0.318495 0.177483 -0.233297 0.250799 0.206177 0.945828 0.379017 
1535173495129 0.26469 0.925213 -0.271882 -0.551988 -0.931148 0.31854 0.177473 -0.233322 0.250805 0.206187 0.945824 0.379006 
1535173495150 0.264751 0.925192 -0.271894 -0.552 -0.931124 0.318605 0.177478 -0.233341 0.250828 0.20618 0.94582 0.378997 
1535173495165 0.264776 0.925183 -0.271901 -0.552028 -0.93111 0.318636 0.177496 -0.233338 0.250854 0.206173 0.945814 0.378989 
1535173495275 0.264656 0.9253 -0.271619 -0.552033 -0.931158 0.318456 0.177569 -0.233219 0.250803 0.205926 0.945882 0.379004 
1535173495289 0.264586 0.925336 -0.271565 -0.55196 -0.931187 0.318371 0.17757 -0.233206 0.25077 0.205895 0.945897 0.379004 
1535173495502 0.264759 0.925326 -0.271429 -0.551545 -0.931214 0.318448 0.177288 -0.233389 0.250485 0.20582 0.945989 0.378907 
1535173495519 0.264739 0.925333 -0.271427 -0.551545 -0.931222 0.318427 0.177284 -0.233379 0.250477 0.205825 0.94599 0.378904 
1535173495545 0.264731 0.925335 -0.271428 -0.551544 -0.931226 0.318418 0.177279 -0.233375 0.25047 0.20583 0.945991 0.3789 
1535173495561 0.264727 0.925336 -0.271427 -0.551545 -0.931228 0.318414 0.177278 -0.233372 0.250468 0.20583 0.945991 0.378899 
1535173495578 0.264697 0.925346 -0.271422 -0.551555 -0.931236 0.318384 0.177288 -0.233353 0.250469 0.20583 0.945991 0.378898 
1535173495594 0.264656 0.925361 -0.271412 -0.551582 -0.931246 0.318344 0.177308 -0.233322 0.250476 0.205826 0.94599 0.378898 
1535173495612 0.264624 0.925373 -0.271402 -0.551634 -0.931251 0.318315 0.177333 -0.233285 0.25049 0.205817 0.945988 0.378896 
1535173495629 0.264647 0.925366 -0.271402 -0.551686 -0.93124 0.318341 0.177347 -0.233274 0.250509 0.205806 0.945986 0.378895 
1535173495761 0.264477 0.925418 -0.271394 -0.551616 -0.931301 0.318165 0.177337 -0.233251 0.250459 0.205848 0.94599 0.378869 
1535173495777 0.264463 0.925416 -0.271412 -0.551589 -0.931306 0.318155 0.17733 -0.233259 0.250455 0.20587 0.945986 0.378858 
1535173495794 0.264454 0.925414 -0.271427 -0.551566 -0.93131 0.318149 0.177325 -0.233266 0.250453 0.205889 0.945983 0.378849 
1535173495811 0.264458 0.925409 -0.271441 -0.551549 -0.931309 0.318155 0.177318 -0.233277 0.250452 0.205903 0.94598 0.378843 
1535173495829 0.264508 0.92539 -0.271457 -0.551544 -0.931292 0.318208 0.17731 -0.233305 0.250461 0.205906 0.945977 0.378839 
1535173495848 0.264594 0.925361 -0.271471 -0.551552 -0.931263 0.318297 0.177302 -0.233343 0.250476 0.205898 0.945974 0.378837 
1535173495865 0.264645 0.925345 -0.271477 -0.551568 -0.931245 0.318349 0.177302 -0.233361 0.25049 0.205889 0.945973 0.378836 
1535173495881 0.264661 0.92534 -0.271477 -0.551583 -0.931238 0.318367 0.177308 -0.233363 0.250499 0.205884 0.945971 0.378835 
1535173495898 0.264661 0.925342 -0.271471 -0.551593 -0.931238 0.318366 0.177311 -0.233358 0.250501 0.205877 0.945973 0.378837 
1535173496064 0.264543 0.925431 -0.271283 -0.55155 -0.931392 0.318118 0.176947 -0.233338 0.250052 0.20586 0.946095 0.378744 
1535173496081 0.26454 0.925433 -0.27128 -0.551548 -0.931398 0.31811 0.17693 -0.233339 0.250033 0.205865 0.946099 0.378738 
1535173496101 0.264535 0.925436 -0.271274 -0.551545 -0.931403 0.318101 0.17692 -0.233338 0.250021 0.205863 0.946102 0.378735 
1535173496118 0.264535 0.925437 -0.271269 -0.551545 -0.931401 0.318102 0.176928 -0.233338 0.250027 0.205857 0.946102 0.378739 
1535173496135 0.264537 0.925437 -0.271269 -0.551546 -0.931392 0.318111 0.176957 -0.233337 0.250056 0.205846 0.946097 0.378751 
1535173496151 0.264539 0.925434 -0.271276 -0.55155 -0.931374 0.318128 0.177022 -0.233335 0.250123 0.20583 0.946083 0.378775 
1535173496168 0.264544 0.925436 -0.271264 -0.55155 -0.93136 0.318141 0.177074 -0.233334 0.25017 0.205801 0.946077 0.378798 
1535173496186 0.264547 0.925439 -0.27125 -0.55155 -0.931347 0.318152 0.177123 -0.233333 0.250215 0.205771 0.946071 0.378821 
1535173496203 0.264549 0.925442 -0.271239 -0.55155 -0.93134 0.318157 0.177152 -0.233332 0.25024 0.20575 0.946069 0.378834 
1535173496718 0.264584 0.925502 -0.271001 -0.551514 -0.931409 0.318079 0.176924 -0.233347 0.249944 0.205602 0.94618 0.378789 
1535173496735 0.264584 0.925502 -0.271001 -0.551514 -0.931409 0.318079 0.176925 -0.233347 0.249944 0.205602 0.94618 0.378789 
1535173496753 0.264584 0.925502 -0.271002 -0.551514 -0.93141 0.318079 0.176924 -0.233347 0.249943 0.205602 0.94618 0.378788 
1535173496768 0.264583 0.925502 -0.271002 -0.551514 -0.93141 0.318079 0.176924 -0.233347 0.249944 0.205602 0.94618 0.378788 
1535173496785 0.264583 0.9255 -0.271007 -0.551515 -0.931409 0.31808 0.176927 -0.233346 0.249948 0.205607 0.946178 0.378788 
1535173496801 0.264567 0.92548 -0.271091 -0.551525 -0.931399 0.318093 0.176957 -0.233342 0.250002 0.205677 0.946148 0.378784 
1535173496821 0.264549 0.925458 -0.271184 -0.551537 -0.931387 0.318107 0.176991 -0.233338 0.250063 0.205755 0.946115 0.37878 
1535173496835 0.264539 0.925445 -0.27124 -0.551544 -0.93138 0.318116 0.177011 -0.233336 0.250099 0.205801 0.946095 0.378778 
1535173496853 0.264534 0.925438 -0.271267 -0.551548 -0.931377 0.31812 0.17702 -0.233334 0.250116 0.205824 0.946086 0.378776 
1535173496868 0.264536 0.92544 -0.271258 -0.551547 -0.931379 0.318119 0.177015 -0.233335 0.250109 0.205817 0.946089 0.378776 
1535173497222 0.264611 0.925541 -0.270841 -0.551488 -0.93148 0.318009 0.176677 -0.233361 0.249652 0.205532 0.946272 0.378721 
1535173497240 0.26461 0.925541 -0.270842 -0.551488 -0.931481 0.318009 0.176675 -0.233361 0.24965 0.205534 0.946272 0.37872 
1535173497256 0.26461 0.925541 -0.270843 -0.551488 -0.931481 0.318009 0.176673 -0.233361 0.249648 0.205536 0.946272 0.378719 
1535173497276 0.26461 0.92554 -0.270844 -0.551488 -0.931482 0.318008 0.176671 -0.233361 0.249647 0.205538 0.946272 0.378718 
1535173497293 0.264608 0.925538 -0.270854 -0.551489 -0.93148 0.31801 0.176675 -0.23336 0.249654 0.205546 0.946268 0.378717 
1535173497309 0.264584 0.925509 -0.270977 -0.551504 -0.931466 0.318028 0.176719 -0.233354 0.249734 0.205649 0.946225 0.378712 
1535173497326 0.264552 0.925469 -0.271146 -0.551526 -0.931445 0.318054 0.176781 -0.233347 0.249844 0.20579 0.946165 0.378704 
1535173497344 0.264526 0.925435 -0.271284 -0.551543 -0.931428 0.318076 0.176832 -0.23334 0.249936 0.205905 0.946116 0.378699 
1535173497359 0.264517 0.925424 -0.271333 -0.551549 -0.931419 0.318086 0.17686 -0.233338 0.249977 0.205942 0.946097 0.3787 
1535173497736 0.264579 0.925506 -0.270991 -0.551507 -0.931458 0.318034 0.17675 -0.233353 0.249767 0.205652 0.946215 0.378721 
1535173497756 0.264579 0.925506 -0.270991 -0.551507 -0.931458 0.318034 0.17675 -0.233353 0.249768 0.205653 0.946215 0.378721 
1535173497773 0.264579 0.925506 -0.270991 -0.551507 -0.931458 0.318034 0.17675 -0.233353 0.249768 0.205653 0.946215 0.378721 
1535173497790 0.264579 0.925506 -0.270992 -0.551507 -0.931458 0.318033 0.17675 -0.233353 0.249768 0.205653 0.946215 0.378721 
1535173497806 0.264577 0.925504 -0.271 -0.551508 -0.931457 0.318034 0.176753 -0.233352 0.249773 0.20566 0.946212 0.378721 
1535173497826 0.264567 0.925491 -0.271056 -0.551515 -0.93145 0.318043 0.176773 -0.23335 0.24981 0.205707 0.946192 0.378718 
1535173497841 0.264544 0.925462 -0.271176 -0.55153 -0.931436 0.318062 0.176817 -0.233344 0.249888 0.205807 0.94615 0.378713 
1535173497857 0.26453 0.925444 -0.271252 -0.55154 -0.931426 0.318074 0.176844 -0.233341 0.249938 0.20587 0.946123 0.37871 
1535173497873 0.264518 0.925429 -0.271315 -0.551548 -0.931419 0.318084 0.176867 -0.233338 0.249979 0.205923 0.9461 0.378707 
1535173498250 0.264587 0.925514 -0.270955 -0.551503 -0.931462 0.318029 0.176737 -0.233355 0.249744 0.205622 0.946228 0.378724 
1535173498270 0.264587 0.925514 -0.270956 -0.551503 -0.931462 0.318029 0.176737 -0.233355 0.249744 0.205623 0.946228 0.378723 
1535173498286 0.264587 0.925514 -0.270956 -0.551503 -0.931462 0.318029 0.176737 -0.233355 0.249745 0.205623 0.946228 0.378724 
1535173498303 0.264587 0.925514 -0.270957 -0.551503 -0.931462 0.318029 0.176737 -0.233355 0.249745 0.205624 0.946227 0.378724 
1535173498320 0.264584 0.925513 -0.270964 -0.551504 -0.931461 0.31803 0.17674 -0.233354 0.24975 0.20563 0.946225 0.378723 
1535173498340 0.264578 0.925505 -0.270998 -0.551508 -0.931457 0.318034 0.176752 -0.233352 0.249772 0.205658 0.946213 0.378722 
1535173498357 0.264551 0.925471 -0.271139 -0.551525 -0.93144 0.318056 0.176804 -0.233346 0.249864 0.205776 0.946163 0.378715 
1535173498373 0.264534 0.92545 -0.271228 -0.551537 -0.931429 0.318069 0.176836 -0.233341 0.249922 0.205851 0.946131 0.378711 
1535173498698 0.264866 0.925418 -0.271012 -0.551506 -0.931355 0.31833 0.17676 -0.23334 0.249848 0.205591 0.946207 0.378722 
1535173498718 0.264867 0.925418 -0.271012 -0.551506 -0.931354 0.318331 0.17676 -0.23334 0.249849 0.20559 0.946207 0.378722 
1535173498730 0.264868 0.925417 -0.271012 -0.551506 -0.931354 0.318332 0.17676 -0.23334 0.249849 0.20559 0.946207 0.378722 
1535173498747 0.264869 0.925417 -0.271012 -0.551506 -0.931354 0.318333 0.17676 -0.23334 0.249849 0.20559 0.946207 0.378722 
1535173498767 0.264852 0.925421 -0.271017 -0.551506 -0.931359 0.318318 0.176762 -0.23334 0.249849 0.205598 0.946206 0.378722 
1535173498787 0.264831 0.92542 -0.27104 -0.551509 -0.931362 0.318304 0.176771 -0.233339 0.24986 0.205622 0.946197 0.37872 
1535173498806 0.264783 0.925407 -0.271131 -0.551521 -0.931361 0.318287 0.176803 -0.233335 0.249913 0.205707 0.946165 0.378716 
1535173498820 0.264697 0.925415 -0.271187 -0.551528 -0.93138 0.31822 0.176824 -0.233332 0.249932 0.205773 0.946145 0.378714 
1535173499330 0.264818 0.925398 -0.271126 -0.551516 -0.931349 0.318321 0.176804 -0.233325 0.249919 0.205692 0.946167 0.378717 
1535173499347 0.264818 0.925399 -0.271125 -0.551516 -0.93135 0.318321 0.176804 -0.233325 0.249919 0.205691 0.946167 0.378717 
1535173499364 0.264818 0.925399 -0.271124 -0.551516 -0.93135 0.318321 0.176804 -0.233325 0.249919 0.205691 0.946167 0.378717 
1535173499381 0.264819 0.925399 -0.271124 -0.551516 -0.931349 0.318322 0.176804 -0.233325 0.249918 0.20569 0.946167 0.378717 
1535173499397 0.264819 0.925399 -0.271124 -0.551516 -0.931349 0.318322 0.176804 -0.233325 0.249919 0.20569 0.946167 0.378717 
1535173499414 0.264819 0.925399 -0.271124 -0.551516 -0.931349 0.318322 0.176804 -0.233326 0.249919 0.20569 0.946167 0.378717 
1535173499430 0.264818 0.925399 -0.271124 -0.551516 -0.93135 0.318321 0.176804 -0.233325 0.249919 0.205691 0.946167 0.378717 
1535173499447 0.264818 0.925399 -0.271125 -0.551516 -0.931349 0.318322 0.176804 -0.233325 0.249919 0.205691 0.946167 0.378717 
1535173499464 0.264819 0.925399 -0.271124 -0.551516 -0.931349 0.318322 0.176804 -0.233326 0.249919 0.205691 0.946167 0.378717 
1535173499480 0.264818 0.925399 -0.271124 -0.551516 -0.931349 0.318322 0.176804 -0.233325 0.249919 0.205691 0.946167 0.378717 
1535173499894 0.264804 0.925395 -0.271149 -0.551516 -0.931349 0.318316 0.176815 -0.233319 0.249935 0.205713 0.946158 0.378717 
1535173499915 0.264804 0.925395 -0.27115 -0.551516 -0.931349 0.318316 0.176815 -0.233319 0.249935 0.205714 0.946158 0.378717 
1535173499934 0.264804 0.925395 -0.27115 -0.551516 -0.931349 0.318316 0.176815 -0.233319 0.249935 0.205714 0.946158 0.378717 
1535173499951 0.264805 0.925395 -0.271149 -0.551516 -0.931349 0.318317 0.176815 -0.233319 0.249935 0.205713 0.946158 0.378717 
1535173499969 0.264806 0.925395 -0.271149 -0.551517 -0.931349 0.318318 0.176815 -0.233319 0.249935 0.205713 0.946158 0.378717 
1535173499988 0.264806 0.925395 -0.271149 -0.551516 -0.931349 0.318318 0.176815 -0.233319 0.249935 0.205713 0.946158 0.378717 
1535173500005 0.264806 0.925395 -0.271149 -0.551516 -0.931348 0.318318 0.176815 -0.233319 0.249935 0.205713 0.946158 0.378717 
1535173500566 0.264647 0.925419 -0.271221 -0.551498 -0.931384 0.318187 0.176862 -0.233239 0.249971 0.205805 0.946128 0.378716 
1535173500582 0.264647 0.925419 -0.271221 -0.551498 -0.931384 0.318187 0.176862 -0.233239 0.249971 0.205805 0.946128 0.378716 
1535173500598 0.264647 0.925419 -0.271222 -0.551498 -0.931384 0.318188 0.176862 -0.233239 0.249971 0.205806 0.946128 0.378716 
1535173500615 0.264648 0.925419 -0.271222 -0.551498 -0.931384 0.318188 0.176862 -0.23324 0.249972 0.205806 0.946128 0.378716 
1535173500632 0.26465 0.925418 -0.271222 -0.551498 -0.931383 0.31819 0.176862 -0.23324 0.249972 0.205805 0.946128 0.378716 
1535173500648 0.264655 0.925416 -0.271223 -0.551499 -0.931381 0.318196 0.176862 -0.233243 0.249973 0.205804 0.946128 0.378716 
1535173500666 0.264671 0.925411 -0.271225 -0.551502 -0.931376 0.318213 0.176861 -0.233249 0.249977 0.205802 0.946127 0.378715 
1535173500685 0.264692 0.925404 -0.271229 -0.551505 -0.931369 0.318234 0.17686 -0.233258 0.249981 0.2058 0.946127 0.378715 
1535173500702 0.264696 0.925403 -0.27123 -0.551506 -0.931367 0.318239 0.176861 -0.233259 0.249984 0.205801 0.946126 0.378715 
1535173501064 0.265107 0.925201 -0.271517 -0.551493 -0.931119 0.318795 0.177163 -0.233337 0.25047 0.205847 0.945987 0.378809 
1535173501084 0.265109 0.9252 -0.271517 -0.551492 -0.931119 0.318797 0.177163 -0.233338 0.25047 0.205847 0.945987 0.37881 
1535173501104 0.265113 0.925199 -0.271517 -0.551491 -0.931118 0.3188 0.177163 -0.23334 0.25047 0.205846 0.945987 0.37881 
1535173501125 0.265106 0.925202 -0.271515 -0.551491 -0.93112 0.318793 0.177161 -0.233341 0.250467 0.205847 0.945988 0.37881 
1535173501137 0.265097 0.925219 -0.271467 -0.551485 -0.931133 0.318766 0.177143 -0.233343 0.250431 0.205811 0.946005 0.378812 
1535173501154 0.265092 0.925231 -0.271429 -0.55148 -0.931141 0.318748 0.17713 -0.233345 0.250404 0.205783 0.946019 0.378814 
1535173501171 0.265085 0.925237 -0.271416 -0.551479 -0.931146 0.318737 0.177126 -0.233345 0.250394 0.205774 0.946023 0.378814 
1535173501187 0.26504 0.925251 -0.271412 -0.551478 -0.931162 0.318692 0.177126 -0.233344 0.250383 0.205783 0.946024 0.378815 
1535173501541 0.264779 0.925242 -0.271698 -0.551476 -0.931092 0.318615 0.177632 -0.23318 0.25092 0.205943 0.945847 0.378936 
1535173501558 0.264779 0.925242 -0.271698 -0.551476 -0.931091 0.318615 0.177632 -0.23318 0.25092 0.205943 0.945847 0.378936 
1535173501574 0.26478 0.925241 -0.271698 -0.551476 -0.931091 0.318616 0.177632 -0.23318 0.25092 0.205942 0.945847 0.378936 
1535173501591 0.264782 0.925241 -0.271699 -0.551476 -0.931091 0.318617 0.177629 -0.233181 0.250918 0.205943 0.945848 0.378935 
1535173501607 0.264786 0.925239 -0.271701 -0.551476 -0.931097 0.318615 0.177601 -0.233184 0.250891 0.205954 0.945852 0.378924 
1535173501625 0.264826 0.925227 -0.271703 -0.551481 -0.931094 0.318648 0.177562 -0.233202 0.250863 0.205958 0.945859 0.378909 
1535173501644 0.264908 0.925238 -0.271584 -0.551474 -0.931096 0.318683 0.177487 -0.233233 0.250767 0.205853 0.945907 0.378904 
1535173501661 0.264966 0.925264 -0.271439 -0.551459 -0.931107 0.318688 0.17742 -0.233253 0.250664 0.205728 0.945962 0.378906 
1535173501678 0.264985 0.92528 -0.271366 -0.551451 -0.931116 0.31868 0.177387 -0.233258 0.250611 0.205668 0.945989 0.378907 
1535173501910 0.265174 0.925063 -0.271922 -0.551406 -0.930949 0.319061 0.177579 -0.233244 0.251032 0.206056 0.945793 0.378904 
1535173501932 0.265182 0.925061 -0.271922 -0.551408 -0.930946 0.319068 0.177581 -0.233247 0.251034 0.206054 0.945793 0.378904 
1535173501949 0.265181 0.925061 -0.271921 -0.551408 -0.930946 0.319068 0.177581 -0.233247 0.251035 0.206053 0.945793 0.378905 
1535173501965 0.265176 0.925063 -0.271918 -0.551411 -0.930948 0.319063 0.177583 -0.233243 0.251034 0.206051 0.945793 0.378905 
1535173501983 0.265168 0.925072 -0.271895 -0.551417 -0.930954 0.319048 0.177578 -0.233244 0.25102 0.206034 0.945801 0.378905 
1535173501999 0.265195 0.92511 -0.27174 -0.55141 -0.930973 0.319021 0.177525 -0.233256 0.250921 0.205904 0.945855 0.378912 
1535173502019 0.265244 0.925167 -0.271497 -0.551388 -0.931001 0.318987 0.177438 -0.233273 0.250764 0.2057 0.945941 0.378922 
1535173502039 0.265218 0.925202 -0.271406 -0.55138 -0.931027 0.31893 0.177405 -0.23328 0.250695 0.205635 0.945974 0.378926 
1535173502357 0.265248 0.92505 -0.271894 -0.551426 -0.93082 0.319215 0.177976 -0.233163 0.25143 0.205877 0.945726 0.379054 
1535173502373 0.265244 0.925051 -0.271894 -0.551425 -0.930822 0.31921 0.177976 -0.233161 0.251428 0.205877 0.945726 0.379054 
1535173502390 0.265239 0.925053 -0.271893 -0.551425 -0.930823 0.319205 0.177977 -0.233159 0.251427 0.205878 0.945726 0.379054 
1535173502410 0.265236 0.925054 -0.271892 -0.551424 -0.930825 0.319202 0.177976 -0.233158 0.251426 0.205878 0.945727 0.379054 
1535173502427 0.265226 0.925058 -0.27189 -0.551423 -0.930832 0.319188 0.177965 -0.233158 0.251412 0.205883 0.94573 0.37905 
1535173502443 0.265195 0.925067 -0.271886 -0.551422 -0.930853 0.319148 0.177926 -0.23316 0.251366 0.2059 0.945738 0.379035 
1535173502462 0.265194 0.925101 -0.271773 -0.551406 -0.930885 0.319099 0.177845 -0.233167 0.251248 0.205826 0.945786 0.379024 
1535173502477 0.26523 0.925158 -0.271545 -0.551377 -0.930923 0.31905 0.177734 -0.233179 0.251068 0.205648 0.945872 0.379023 
1535173502493 0.265254 0.925195 -0.271394 -0.551359 -0.930947 0.319019 0.177664 -0.233192 0.250954 0.205528 0.945928 0.379024 
1535173502510 0.265213 0.925206 -0.271396 -0.55136 -0.930961 0.318978 0.177663 -0.233193 0.250944 0.205541 0.945928 0.379023 
1535173502563 0.26513 0.925159 -0.271636 -0.551389 -0.930944 0.318978 0.177753 -0.233182 0.251096 0.20575 0.945842 0.379012 
1535173502580 0.265083 0.925105 -0.271866 -0.551417 -0.930913 0.319014 0.177853 -0.23317 0.251261 0.205938 0.945758 0.379 
1535173502597 0.265053 0.925069 -0.272018 -0.551435 -0.930887 0.319042 0.177937 -0.233162 0.25139 0.206055 0.945698 0.378996 
1535173502621 0.26505 0.925054 -0.272074 -0.551442 -0.930862 0.319071 0.178015 -0.233159 0.251484 0.206081 0.945667 0.37901 
1535173502638 0.265063 0.92506 -0.27204 -0.551439 -0.930853 0.319082 0.178045 -0.233159 0.251505 0.206036 0.945671 0.379029 
1535173502654 0.26507 0.925066 -0.272013 -0.551437 -0.930848 0.319086 0.178063 -0.23316 0.251516 0.206004 0.945675 0.379041 
1535173502671 0.265072 0.925068 -0.272003 -0.551436 -0.930847 0.319086 0.178067 -0.23316 0.251516 0.205993 0.945678 0.379044 
1535173502688 0.265123 0.92513 -0.271742 -0.551404 -0.930873 0.319052 0.177995 -0.233171 0.251368 0.205767 0.945766 0.379065 
1535173502918 0.265332 0.924973 -0.272072 -0.55142 -0.930664 0.319438 0.178394 -0.23311 0.25192 0.205874 0.945596 0.379108 
1535173502936 0.265325 0.924975 -0.272073 -0.551419 -0.930666 0.31943 0.178395 -0.233107 0.25192 0.205876 0.945596 0.379107 
1535173502954 0.265317 0.924977 -0.272074 -0.551418 -0.930668 0.319424 0.178397 -0.233104 0.25192 0.205879 0.945595 0.379106 
1535173502971 0.26531 0.924979 -0.272075 -0.551417 -0.930671 0.319417 0.178396 -0.233103 0.251918 0.205882 0.945595 0.379105 
1535173502988 0.265281 0.92499 -0.272066 -0.551416 -0.930687 0.319381 0.178376 -0.233104 0.251889 0.205888 0.945601 0.379099 
1535173503008 0.265245 0.924999 -0.272069 -0.551415 -0.93071 0.319336 0.178335 -0.233105 0.251841 0.205914 0.945608 0.379082 
1535173503025 0.26524 0.925019 -0.272008 -0.551405 -0.930736 0.3193 0.178266 -0.23311 0.251751 0.205884 0.945639 0.379066 
1535173503041 0.265193 0.925057 -0.271923 -0.551393 -0.930777 0.319215 0.178202 -0.233114 0.251649 0.205842 0.945675 0.379056 
1535173503181 0.26521 0.924948 -0.272277 -0.551407 -0.93071 0.31935 0.178307 -0.233095 0.251876 0.206122 0.945554 0.379036 
1535173503198 0.265232 0.924934 -0.272302 -0.551408 -0.930693 0.319385 0.178335 -0.23309 0.251917 0.20613 0.945541 0.379042 
1535173503215 0.265247 0.924932 -0.272296 -0.551405 -0.930687 0.3194 0.178343 -0.233089 0.251926 0.206117 0.945542 0.379047 
1535173503235 0.265257 0.924933 -0.272281 -0.551401 -0.930685 0.319407 0.178342 -0.233087 0.251923 0.206101 0.945546 0.379049 
1535173503255 0.265265 0.924936 -0.272266 -0.551398 -0.930684 0.31941 0.178337 -0.233086 0.251914 0.206087 0.945551 0.379049 
1535173503272 0.265266 0.924943 -0.27224 -0.551395 -0.930689 0.319401 0.178328 -0.233087 0.251898 0.206067 0.94556 0.37905 
1535173503289 0.265279 0.924986 -0.27208 -0.551374 -0.930714 0.319359 0.17827 -0.233093 0.251789 0.205938 0.945617 0.379058 
1535173503305 0.265293 0.925015 -0.27197 -0.55136 -0.93073 0.319335 0.178231 -0.233098 0.251716 0.205848 0.945656 0.379062 
1535173503412 0.265261 0.925012 -0.27201 -0.551359 -0.930736 0.319315 0.178238 -0.233086 0.25173 0.20589 0.945643 0.379061 
1535173503425 0.265242 0.924995 -0.272087 -0.551368 -0.930728 0.319323 0.178266 -0.233081 0.251778 0.205956 0.945616 0.379057 
1535173503442 0.265228 0.924986 -0.272132 -0.551372 -0.930725 0.319324 0.17828 -0.233077 0.251805 0.205995 0.945601 0.379055 
1535173503463 0.26522 0.924978 -0.272166 -0.551376 -0.930721 0.319328 0.178292 -0.233075 0.251826 0.206024 0.945588 0.379053 
1535173503485 0.265218 0.924975 -0.272177 -0.551377 -0.93072 0.31933 0.178296 -0.233075 0.251833 0.206033 0.945585 0.379053 
1535173503498 0.265219 0.924977 -0.272171 -0.551376 -0.930721 0.319328 0.178294 -0.233075 0.251829 0.206028 0.945587 0.379053 
1535173503513 0.265221 0.924979 -0.27216 -0.551375 -0.930722 0.319326 0.17829 -0.233076 0.251822 0.206019 0.945591 0.379053 
1535173503530 0.265222 0.92498 -0.272155 -0.551374 -0.930722 0.319326 0.178288 -0.233076 0.251819 0.206015 0.945592 0.379053 
1535173503548 0.265224 0.924981 -0.272152 -0.551373 -0.930723 0.319326 0.178286 -0.233077 0.251816 0.206012 0.945594 0.379053 
1535173503730 0.265241 0.924987 -0.272114 -0.551367 -0.930729 0.319327 0.178252 -0.233085 0.251774 0.205985 0.945611 0.379055 
1535173503746 0.265242 0.924987 -0.272114 -0.551367 -0.930729 0.319327 0.178251 -0.233085 0.251774 0.205985 0.945611 0.379055 
1535173503763 0.265242 0.924987 -0.272114 -0.551366 -0.930729 0.319327 0.178251 -0.233086 0.251773 0.205985 0.945611 0.379055 
1535173503780 0.265241 0.924987 -0.272115 -0.551366 -0.930729 0.319326 0.178251 -0.233085 0.251774 0.205986 0.945611 0.379055 
1535173503800 0.265239 0.924988 -0.272114 -0.551366 -0.93073 0.319324 0.178252 -0.233085 0.251773 0.205986 0.945611 0.379055 
1535173503816 0.265236 0.924989 -0.272114 -0.551365 -0.930731 0.319321 0.178252 -0.233083 0.251772 0.205986 0.945611 0.379055 
1535173503836 0.265234 0.924989 -0.272114 -0.551365 -0.930732 0.319318 0.178252 -0.233082 0.251772 0.205987 0.945611 0.379055 
1535173503853 0.265233 0.924989 -0.272114 -0.551365 -0.930732 0.319318 0.178252 -0.233082 0.251772 0.205987 0.945611 0.379055 
1535173520473 0.265266 0.924977 -0.272123 -0.551355 -0.930724 0.31935 0.178238 -0.233102 0.251769 0.205991 0.945611 0.379054 
1535173520490 0.265266 0.924977 -0.272123 -0.551355 -0.930724 0.31935 0.178238 -0.233102 0.251769 0.205991 0.945611 0.379054 
1535173520507 0.265265 0.924977 -0.272123 -0.551355 -0.930724 0.31935 0.178238 -0.233102 0.251769 0.205991 0.945611 0.379054 
1535173520608 0.264849 0.925094 -0.272134 -0.551358 -0.930865 0.318935 0.178244 -0.233106 0.251686 0.206112 0.945607 0.379054 
1535173520675 0.264187 0.925197 -0.272427 -0.551429 -0.931009 0.318395 0.178459 -0.233179 0.251849 0.206485 0.945482 0.379093 
1535173520749 0.263941 0.925188 -0.272694 -0.551487 -0.931032 0.318249 0.178596 -0.233263 0.25202 0.206748 0.945379 0.37912 
1535173520825 0.26345 0.925233 -0.273016 -0.551497 -0.931217 0.317803 0.178426 -0.233473 0.251852 0.207231 0.945318 0.379152 
1535173520885 0.263175 0.925269 -0.273159 -0.551504 -0.93127 0.317588 0.178531 -0.233562 0.251941 0.2074 0.945257 0.379186 
1535173521869 0.262446 0.925438 -0.273289 -0.551564 -0.931429 0.316955 0.17883 -0.233629 0.252116 0.207616 0.945163 0.379303 
1535173521882 0.262465 0.925433 -0.273286 -0.55156 -0.931432 0.316965 0.178793 -0.233625 0.252083 0.207621 0.945171 0.379288 
1535173521904 0.26271 0.925365 -0.273281 -0.551553 -0.93136 0.317202 0.178752 -0.233613 0.252096 0.207563 0.94518 0.379272 
1535173521921 0.26301 0.925289 -0.273251 -0.551545 -0.93127 0.317487 0.178715 -0.233605 0.252116 0.207467 0.945196 0.379262 
1535173521940 0.263233 0.925258 -0.273141 -0.551526 -0.93122 0.317668 0.17865 -0.233601 0.252066 0.207328 0.94524 0.379256 
1535173521955 0.263243 0.925266 -0.273104 -0.551519 -0.931228 0.317662 0.178621 -0.233597 0.252027 0.207301 0.945256 0.379251 
1535173521971 0.263221 0.92528 -0.273079 -0.551514 -0.931243 0.317629 0.178602 -0.233595 0.251994 0.207291 0.945267 0.379247 
1535173522007 0.263105 0.925323 -0.273044 -0.551508 -0.931291 0.317498 0.178582 -0.233594 0.251937 0.207298 0.945281 0.379246 
1535173522020 0.262967 0.925361 -0.273048 -0.551509 -0.931338 0.317361 0.178582 -0.233593 0.251908 0.207339 0.945279 0.379245 
1535173523085 0.262079 0.925526 -0.273341 -0.551566 -0.931527 0.316618 0.178915 -0.233606 0.252136 0.207735 0.945132 0.379327 
1535173523100 0.262126 0.925514 -0.273339 -0.551565 -0.931518 0.316659 0.178889 -0.233606 0.252119 0.207729 0.945137 0.379316 
1535173523115 0.262204 0.925497 -0.273321 -0.551561 -0.931504 0.316724 0.178848 -0.233608 0.252091 0.207704 0.94515 0.379304 
1535173523136 0.26253 0.925445 -0.273184 -0.551543 -0.931426 0.316998 0.17877 -0.233615 0.25204 0.207518 0.945205 0.379298 
1535173523155 0.262865 0.925381 -0.273079 -0.551529 -0.931335 0.317294 0.178713 -0.23362 0.252025 0.207351 0.945246 0.379295 
1535173523169 0.263007 0.925352 -0.273042 -0.551523 -0.931297 0.317422 0.178689 -0.233622 0.25202 0.207287 0.945261 0.379293 
1535173523186 0.263032 0.925363 -0.272979 -0.551515 -0.931305 0.317421 0.178645 -0.233626 0.251961 0.207237 0.945287 0.379287 
1535173523202 0.263012 0.925376 -0.272953 -0.551512 -0.931319 0.31739 0.178627 -0.233627 0.25193 0.207225 0.945298 0.379285 
1535173523223 0.262915 0.925404 -0.272954 -0.551512 -0.931355 0.31729 0.178618 -0.233629 0.251899 0.207256 0.9453 0.379281 
1535173523857 0.26224 0.925574 -0.273024 -0.551558 -0.931589 0.316623 0.178584 -0.233736 0.251738 0.207514 0.945286 0.379264 
1535173523874 0.262273 0.925566 -0.273021 -0.551554 -0.931578 0.316655 0.178585 -0.233726 0.251745 0.207502 0.945287 0.379264 
1535173523894 0.26236 0.925543 -0.273016 -0.551548 -0.931548 0.316742 0.178587 -0.233712 0.251766 0.207473 0.945288 0.379265 
1535173523914 0.262649 0.925463 -0.273009 -0.551541 -0.931449 0.317031 0.17859 -0.233693 0.251831 0.207388 0.945289 0.379266 
1535173523931 0.26288 0.925399 -0.273005 -0.551536 -0.93137 0.317263 0.178592 -0.23368 0.251883 0.20732 0.94529 0.379266 
1535173523948 0.263004 0.925364 -0.273003 -0.551534 -0.931327 0.317388 0.178592 -0.233675 0.251911 0.207285 0.94529 0.379266 
1535173523998 0.262849 0.925409 -0.273001 -0.551532 -0.93138 0.317231 0.178592 -0.23367 0.251875 0.207325 0.945291 0.379266 
1535173524085 0.262041 0.925637 -0.273002 -0.551564 -0.931656 0.316418 0.178595 -0.233684 0.251697 0.207545 0.94529 0.379263 
1535173524101 0.262011 0.925647 -0.272997 -0.551568 -0.931666 0.316388 0.178598 -0.233674 0.251692 0.207547 0.945291 0.379262 
1535173524118 0.26199 0.925655 -0.272991 -0.551572 -0.931673 0.316365 0.1786 -0.233664 0.251687 0.207547 0.945292 0.379262 
1535173524135 0.261991 0.925656 -0.272987 -0.551576 -0.931673 0.316365 0.1786 -0.233664 0.251686 0.207543 0.945294 0.379262 
1535173524151 0.262001 0.925658 -0.272971 -0.551579 -0.931672 0.31637 0.178596 -0.233666 0.251678 0.207528 0.945299 0.379262 
1535173524168 0.262012 0.925655 -0.272968 -0.551581 -0.931669 0.316381 0.178595 -0.233666 0.251679 0.207522 0.9453 0.379262 
1535173524185 0.26206 0.925643 -0.272966 -0.551582 -0.931653 0.316428 0.178594 -0.233664 0.251689 0.207507 0.945301 0.379261 
1535173524201 0.26211 0.925629 -0.272964 -0.551583 -0.931636 0.316478 0.178594 -0.233662 0.251699 0.207491 0.945302 0.379261 
1535173524222 0.262311 0.925573 -0.272961 -0.551583 -0.931568 0.31668 0.178594 -0.23366 0.251743 0.207435 0.945302 0.379261 
1535173524319 0.262374 0.925579 -0.27288 -0.551587 -0.931567 0.31671 0.178544 -0.233657 0.25168 0.207361 0.945335 0.379252 
1535173524336 0.262201 0.925644 -0.272824 -0.551585 -0.931639 0.316515 0.178515 -0.233657 0.251595 0.207367 0.945357 0.37925 
1535173524353 0.262089 0.925687 -0.272788 -0.551583 -0.93169 0.316385 0.17848 -0.233657 0.251522 0.207376 0.945374 0.379241 
1535173524386 0.26198 0.92573 -0.272747 -0.551584 -0.931743 0.316253 0.178433 -0.233653 0.251438 0.207384 0.945395 0.379227 
1535173524403 0.261966 0.925735 -0.272743 -0.551586 -0.93175 0.316237 0.178428 -0.233647 0.251428 0.207386 0.945397 0.379224 
1535173524419 0.261973 0.925732 -0.272747 -0.551589 -0.931747 0.316246 0.17843 -0.233641 0.251433 0.207388 0.945395 0.379223 
1535173524436 0.261996 0.925722 -0.272759 -0.551593 -0.931736 0.316273 0.178436 -0.233635 0.251448 0.20739 0.945391 0.379222 
1535173524457 0.261993 0.925722 -0.272762 -0.551598 -0.931737 0.316271 0.178436 -0.233626 0.251449 0.207394 0.94539 0.379218 
1535173524637 0.261995 0.925715 -0.272781 -0.551634 -0.931746 0.316269 0.178391 -0.233614 0.251411 0.207425 0.945393 0.379188 
1535173524656 0.261996 0.925715 -0.272782 -0.551634 -0.931746 0.316269 0.178389 -0.233615 0.25141 0.207426 0.945393 0.379187 
1535173524670 0.261999 0.925714 -0.272782 -0.551635 -0.931746 0.316272 0.178388 -0.233616 0.25141 0.207426 0.945393 0.379187 
1535173524687 0.261998 0.925714 -0.272782 -0.551635 -0.931746 0.316271 0.178388 -0.233616 0.25141 0.207427 0.945393 0.379187 
1535173524705 0.261996 0.925715 -0.272782 -0.551635 -0.931746 0.316269 0.178389 -0.233615 0.25141 0.207427 0.945393 0.379187 
1535173524724 0.261995 0.925715 -0.272782 -0.551635 -0.931747 0.316268 0.178389 -0.233614 0.251409 0.207427 0.945393 0.379187 
1535173524745 0.261994 0.925715 -0.272782 -0.551635 -0.931747 0.316267 0.178388 -0.233614 0.251409 0.207427 0.945393 0.379186 
1535173524761 0.261994 0.925715 -0.272782 -0.551635 -0.931747 0.316267 0.178388 -0.233614 0.251409 0.207427 0.945393 0.379186 
1535173525311 0.262057 0.925784 -0.272488 -0.551605 -0.931864 0.31616 0.177965 -0.233639 0.250907 0.207285 0.945557 0.37907 
1535173525331 0.262057 0.925784 -0.272488 -0.551605 -0.931865 0.316159 0.177966 -0.233639 0.250907 0.207285 0.945557 0.37907 
1535173525348 0.262057 0.925784 -0.272488 -0.551606 -0.931865 0.316159 0.177966 -0.233639 0.250908 0.207285 0.945557 0.37907 
1535173525368 0.262056 0.925784 -0.272489 -0.551606 -0.931863 0.31616 0.177974 -0.233638 0.250915 0.207283 0.945556 0.379073 
1535173525389 0.262053 0.925781 -0.272502 -0.551609 -0.931852 0.316169 0.178012 -0.233636 0.250957 0.207283 0.945544 0.379085 
1535173525405 0.262054 0.925781 -0.272501 -0.55161 -0.93184 0.31618 0.178057 -0.233634 0.251001 0.207267 0.945536 0.379103 
1535173525421 0.26204 0.925761 -0.272582 -0.551622 -0.931817 0.316204 0.178134 -0.233629 0.251101 0.207319 0.945498 0.379119 
1535173525658 0.261992 0.925766 -0.272614 -0.55163 -0.931804 0.316186 0.178236 -0.233625 0.251202 0.207326 0.94547 0.379154 
1535173525675 0.261992 0.925766 -0.272612 -0.55163 -0.931804 0.316186 0.178236 -0.233625 0.251201 0.207324 0.945471 0.379154 
1535173525691 0.261992 0.925767 -0.27261 -0.551629 -0.931804 0.316185 0.178236 -0.233625 0.2512 0.207322 0.945471 0.379154 
1535173525708 0.261992 0.925768 -0.272607 -0.551629 -0.931804 0.316185 0.178235 -0.233624 0.251199 0.20732 0.945472 0.379155 
1535173525725 0.261992 0.925769 -0.272603 -0.551629 -0.931805 0.316183 0.178235 -0.233624 0.251197 0.207317 0.945473 0.379155 
1535173525742 0.261991 0.92577 -0.272599 -0.551628 -0.931806 0.316181 0.178233 -0.233623 0.251194 0.207314 0.945475 0.379155 
1535173525760 0.261992 0.925771 -0.272594 -0.551628 -0.931806 0.316181 0.178232 -0.233623 0.251191 0.20731 0.945476 0.379155 
1535173525775 0.261993 0.925773 -0.27259 -0.551627 -0.931807 0.31618 0.17823 -0.233623 0.251188 0.207306 0.945478 0.379155 
1535173525791 0.261993 0.925774 -0.272585 -0.551627 -0.931808 0.316178 0.178229 -0.233623 0.251185 0.207302 0.94548 0.379155 
1535173525808 0.261994 0.925775 -0.27258 -0.551627 -0.931808 0.316177 0.178227 -0.233623 0.251182 0.207298 0.945481 0.379156 
1535173526002 0.261997 0.92578 -0.27256 -0.551625 -0.931814 0.316172 0.178208 -0.233624 0.251157 0.207285 0.945491 0.379152 
1535173526019 0.261998 0.92578 -0.272558 -0.551625 -0.931814 0.316171 0.178208 -0.233625 0.251156 0.207284 0.945491 0.379152 
1535173526035 0.261997 0.925781 -0.272558 -0.551625 -0.931814 0.316171 0.178207 -0.233624 0.251156 0.207283 0.945492 0.379152 
1535173526052 0.261997 0.925781 -0.272558 -0.551625 -0.931814 0.31617 0.178208 -0.233624 0.251156 0.207283 0.945492 0.379152 
1535173526069 0.261995 0.925781 -0.272557 -0.551625 -0.931815 0.316169 0.178208 -0.233623 0.251156 0.207283 0.945492 0.379152 
1535173526086 0.261994 0.925782 -0.272557 -0.551625 -0.931815 0.316167 0.178209 -0.233623 0.251156 0.207283 0.945492 0.379152 
1535173526102 0.261994 0.925782 -0.272557 -0.551625 -0.931815 0.316167 0.178209 -0.233622 0.251156 0.207283 0.945492 0.379152 
1535173526122 0.261994 0.925782 -0.272557 -0.551625 -0.931815 0.316167 0.178209 -0.233622 0.251156 0.207283 0.945492 0.379152 
1535173526140 0.261994 0.925782 -0.272557 -0.551625 -0.931815 0.316167 0.178209 -0.233622 0.251156 0.207283 0.945492 0.379152 
1535173526410 0.262188 0.925726 -0.272558 -0.551625 -0.93175 0.316362 0.178204 -0.233621 0.251195 0.207233 0.945492 0.379152 
1535173526426 0.262189 0.925726 -0.272558 -0.551625 -0.93175 0.316363 0.178204 -0.233621 0.251195 0.207232 0.945492 0.379152 
1535173526442 0.262191 0.925726 -0.272558 -0.551625 -0.931749 0.316365 0.178204 -0.233621 0.251196 0.207232 0.945492 0.379152 
1535173526459 0.262192 0.925725 -0.272558 -0.551625 -0.931749 0.316366 0.178204 -0.233621 0.251196 0.207232 0.945492 0.379152 
1535173526476 0.262192 0.925726 -0.272558 -0.551625 -0.931749 0.316366 0.178204 -0.233621 0.251196 0.207231 0.945492 0.379152 
1535173526493 0.262191 0.925726 -0.272557 -0.551625 -0.931749 0.316365 0.178205 -0.23362 0.251196 0.207231 0.945492 0.379152 
1535173526509 0.262187 0.925727 -0.272557 -0.551625 -0.93175 0.316361 0.178205 -0.23362 0.251195 0.207232 0.945492 0.379152 
1535173526527 0.262182 0.925729 -0.272557 -0.551625 -0.931752 0.316356 0.178205 -0.23362 0.251194 0.207234 0.945492 0.379152 
1535173526542 0.262176 0.92573 -0.272557 -0.551625 -0.931754 0.31635 0.178205 -0.23362 0.251193 0.207235 0.945492 0.379152 
1535173526559 0.262175 0.925731 -0.272557 -0.551625 -0.931755 0.316348 0.178205 -0.23362 0.251192 0.207235 0.945492 0.379152 
1535173526930 0.262186 0.925716 -0.272596 -0.55163 -0.931774 0.316348 0.178102 -0.233631 0.251107 0.207302 0.9455 0.379153 
1535173526946 0.262186 0.925716 -0.272597 -0.55163 -0.931775 0.316348 0.178101 -0.233631 0.251107 0.207303 0.9455 0.379153 
1535173526962 0.262187 0.925715 -0.272597 -0.55163 -0.931775 0.316348 0.1781 -0.233631 0.251106 0.207304 0.9455 0.379153 
1535173526979 0.262187 0.925715 -0.272597 -0.55163 -0.931775 0.316349 0.1781 -0.233631 0.251105 0.207304 0.9455 0.379153 
1535173526999 0.262187 0.925715 -0.272597 -0.55163 -0.931775 0.316349 0.1781 -0.233631 0.251106 0.207304 0.9455 0.379153 
1535173527021 0.262186 0.925716 -0.272597 -0.55163 -0.931775 0.316348 0.1781 -0.233631 0.251106 0.207304 0.9455 0.379153 
1535173527036 0.262187 0.925715 -0.272597 -0.55163 -0.931775 0.316348 0.1781 -0.233631 0.251106 0.207304 0.9455 0.379153 
1535173527057 0.262187 0.925715 -0.272597 -0.55163 -0.931775 0.316348 0.1781 -0.233631 0.251106 0.207304 0.9455 0.379153 
1535173527523 0.262171 0.925674 -0.272752 -0.551642 -0.931754 0.316384 0.178146 -0.233633 0.2512 0.207433 0.945447 0.379147 
1535173527540 0.26217 0.925674 -0.272753 -0.551642 -0.931754 0.316384 0.178146 -0.233633 0.2512 0.207434 0.945447 0.379147 
1535173527564 0.26217 0.925674 -0.272753 -0.551642 -0.931754 0.316383 0.178146 -0.233633 0.2512 0.207434 0.945447 0.379147 
1535173527581 0.26217 0.925674 -0.272753 -0.551643 -0.931754 0.316384 0.178146 -0.233633 0.2512 0.207434 0.945447 0.379147 
1535173527597 0.262171 0.925674 -0.272753 -0.551643 -0.931754 0.316384 0.178146 -0.233633 0.2512 0.207434 0.945447 0.379147 
1535173527614 0.262171 0.925674 -0.272753 -0.551643 -0.931754 0.316384 0.178145 -0.233633 0.251199 0.207434 0.945447 0.379147 
1535173527630 0.262171 0.925674 -0.272753 -0.551643 -0.931754 0.316384 0.178145 -0.233633 0.251199 0.207435 0.945447 0.379147 
1535173527647 0.262171 0.925674 -0.272754 -0.551643 -0.931754 0.316384 0.178144 -0.233633 0.251198 0.207435 0.945447 0.379147 
1535173527987 0.262195 0.925668 -0.272748 -0.551611 -0.931746 0.316407 0.178144 -0.233567 0.251202 0.207424 0.945449 0.379149 
1535173528004 0.262194 0.925669 -0.272748 -0.551611 -0.931747 0.316406 0.178144 -0.233567 0.251201 0.207424 0.945449 0.379149 
1535173528020 0.262193 0.925669 -0.272749 -0.551611 -0.931747 0.316405 0.178144 -0.233566 0.251201 0.207425 0.945448 0.379149 
1535173528037 0.262194 0.925668 -0.272749 -0.551611 -0.931747 0.316406 0.178144 -0.233566 0.251202 0.207425 0.945448 0.379149 
1535173528054 0.262195 0.925668 -0.27275 -0.551611 -0.931746 0.316407 0.178144 -0.233567 0.251202 0.207425 0.945448 0.379149 
1535173528077 0.262195 0.925668 -0.27275 -0.551611 -0.931746 0.316408 0.178144 -0.233567 0.251202 0.207426 0.945448 0.379149 
1535173528093 0.262197 0.925667 -0.272754 -0.551613 -0.931745 0.31641 0.178144 -0.233571 0.251204 0.207428 0.945447 0.379149 
1535173528111 0.262206 0.925662 -0.272759 -0.551615 -0.931742 0.316421 0.178145 -0.233576 0.251209 0.20743 0.945445 0.379148 
1535173528127 0.262206 0.925661 -0.272764 -0.551616 -0.931741 0.316422 0.178147 -0.233575 0.251212 0.207434 0.945444 0.379148 
1535173528467 0.262517 0.925489 -0.273048 -0.551591 -0.931518 0.316886 0.178487 -0.233694 0.251713 0.207493 0.945297 0.379268 
1535173528483 0.262518 0.925489 -0.273046 -0.551591 -0.931517 0.316887 0.17849 -0.233694 0.251716 0.20749 0.945297 0.37927 
1535173528500 0.262519 0.925489 -0.273046 -0.551591 -0.931516 0.316888 0.178492 -0.233693 0.251718 0.207489 0.945297 0.379271 
1535173528517 0.262518 0.92549 -0.273045 -0.551591 -0.931516 0.316888 0.178493 -0.233693 0.251718 0.207488 0.945297 0.379271 
1535173528533 0.262517 0.925491 -0.27304 -0.551591 -0.931517 0.316885 0.178492 -0.233692 0.251715 0.207485 0.945299 0.379271 
1535173528553 0.262503 0.925499 -0.273028 -0.551594 -0.931527 0.316865 0.178478 -0.233683 0.251694 0.207482 0.945305 0.379265 
1535173528570 0.262472 0.925528 -0.272957 -0.551596 -0.931557 0.316804 0.178429 -0.233662 0.251615 0.207442 0.945335 0.379253 
