1533664798029 -0.172464 0.815372 -0.552653 -0.604372 -0.97634 -0.0672003 0.205536 -0.252407 0.13045 0.575025 0.807669 0.413923 
1533664798032 0 0 0 0 0 0 0 0 0 0 0 0 
1533664798036 0 0 0 0 0 0 0 0 0 0 0 0 
1533664798039 0 0 0 0 0 0 0 0 0 0 0 0 
1533664798049 -0.158409 0.781759 -0.603125 -0.611508 -0.976843 -0.0351097 0.211057 -0.249705 0.14382 0.622592 0.769217 0.420582 
1533664798059 -0.145149 0.744739 -0.65138 -0.618642 -0.976715 -0.00272917 0.214524 -0.247002 0.157987 0.667351 0.727793 0.427241 
1533664798069 -0.132743 0.704476 -0.697204 -0.625776 -0.975955 0.0297978 0.215924 -0.244298 0.172888 0.709102 0.683582 0.4339 
1533664798079 -0.121245 0.661148 -0.740393 -0.632909 -0.974568 0.0623274 0.21525 -0.241594 0.188459 0.747662 0.636777 0.440559 
1533664798089 -0.110707 0.614948 -0.780758 -0.64004 -0.972559 0.0947154 0.212504 -0.238889 0.204629 0.782859 0.587588 0.447217 
1533664798099 -0.101175 0.56608 -0.818118 -0.647169 -0.969937 0.126819 0.207699 -0.236183 0.221327 0.814537 0.536231 0.453875 
1533664798109 -0.09269 0.514759 -0.852309 -0.654296 -0.966714 0.158495 0.200856 -0.233475 0.238479 0.842557 0.482934 0.460532 
1533664798119 -0.0850103 0.46129 -0.883167 -0.659876 -0.962924 0.189727 0.191784 -0.22986 0.256029 0.866727 0.428059 0.466924 
1533664798144 -0.0850103 0.46129 -0.883167 -0.659876 -0.962924 0.189727 0.191784 -0.22986 0.256029 0.866727 0.428059 0.466924 
1533664798147 0 0 0 0 0 0 0 0 0 0 0 0 
1533664798157 -0.0790214 0.405679 -0.910593 -0.668621 -0.958523 0.220005 0.181195 -0.228099 0.273842 0.887143 0.371468 0.473857 
1533664798160 0 0 0 0 0 0 0 0 0 0 0 0 
1533664798164 0 0 0 0 0 0 0 0 0 0 0 0 
1533664798167 0 0 0 0 0 0 0 0 0 0 0 0 
1533664798177 -0.0790191 0.40568 -0.910593 -0.668621 -0.958523 0.220007 0.181194 -0.228099 0.273843 0.887142 0.371469 0.473857 
1533664798187 -0.0790168 0.405681 -0.910593 -0.668622 -0.958522 0.220009 0.181193 -0.228099 0.273845 0.887141 0.37147 0.473857 
1533664798197 -0.0790146 0.405682 -0.910593 -0.668622 -0.958522 0.220011 0.181191 -0.228099 0.273846 0.88714 0.371471 0.473857 
1533664798207 -0.0790123 0.405682 -0.910593 -0.668622 -0.958522 0.220013 0.18119 -0.228099 0.273848 0.887139 0.371472 0.473857 
1533664798217 -0.07901 0.405683 -0.910592 -0.668622 -0.958522 0.220015 0.181189 -0.228099 0.273849 0.887138 0.371473 0.473857 
1533664798227 -0.0790077 0.405684 -0.910592 -0.668622 -0.958522 0.220017 0.181188 -0.228099 0.273851 0.887138 0.371474 0.473857 
1533664798237 -0.0790055 0.405685 -0.910592 -0.668622 -0.958521 0.220019 0.181186 -0.228099 0.273852 0.887137 0.371475 0.473857 
1533664798247 -0.0789818 0.405692 -0.910591 -0.668511 -0.958522 0.22003 0.181168 -0.228034 0.273855 0.887131 0.371487 0.473834 
1533664798266 0 0 0 0 0 0 0 0 0 0 0 0 
1533664798266 0 0 0 0 0 0 0 0 0 0 0 0 
1533664798270 0 0 0 0 0 0 0 0 0 0 0 0 
1533664798280 -0.0789818 0.405692 -0.910591 -0.668511 -0.958522 0.22003 0.181168 -0.228034 0.273855 0.887131 0.371487 0.473834 
1533664798290 -0.079 0.405686 -0.910592 -0.668622 -0.958521 0.220024 0.181183 -0.228099 0.273855 0.887135 0.371477 0.473857 
1533664798300 -0.078999 0.405687 -0.910592 -0.668622 -0.958521 0.220025 0.181182 -0.228099 0.273856 0.887134 0.371477 0.473857 
1533664798310 -0.0789981 0.405687 -0.910592 -0.668622 -0.958521 0.220025 0.181182 -0.228099 0.273856 0.887134 0.371478 0.473857 
1533664798320 -0.0789971 0.405687 -0.910592 -0.668622 -0.958521 0.220026 0.181181 -0.228099 0.273857 0.887134 0.371478 0.473857 
1533664798330 -0.0789962 0.405688 -0.910592 -0.668622 -0.958521 0.220027 0.181181 -0.228099 0.273857 0.887133 0.371479 0.473857 
1533664798340 -0.0789952 0.405688 -0.910592 -0.668622 -0.958521 0.220027 0.18118 -0.228099 0.273858 0.887133 0.371479 0.473857 
1533664798350 -0.0789942 0.405688 -0.910592 -0.668622 -0.958521 0.220028 0.181179 -0.228099 0.273858 0.887133 0.37148 0.473857 
1533664798360 -0.0789933 0.405689 -0.910591 -0.668622 -0.95852 0.220029 0.181179 -0.228099 0.273859 0.887132 0.37148 0.473857 
1533664798370 -0.0789923 0.405689 -0.910591 -0.668622 -0.95852 0.22003 0.181178 -0.228099 0.273859 0.887132 0.37148 0.473857 
1533664798385 0 0 0 0 0 0 0 0 0 0 0 0 
1533664798385 0 0 0 0 0 0 0 0 0 0 0 0 
1533664798386 0 0 0 0 0 0 0 0 0 0 0 0 
1533664798390 0 0 0 0 0 0 0 0 0 0 0 0 
1533664798400 -0.0789923 0.405689 -0.910591 -0.668622 -0.95852 0.22003 0.181178 -0.228099 0.273859 0.887132 0.37148 0.473857 
1533664798410 -0.0792193 0.405903 -0.910476 -0.668572 -0.958506 0.219886 0.181427 -0.228146 0.273843 0.88707 0.371642 0.473877 
1533664798420 -0.0794484 0.406118 -0.91036 -0.668517 -0.958492 0.219741 0.181677 -0.228195 0.273826 0.887007 0.371803 0.473898 
1533664798430 -0.0796778 0.406332 -0.910245 -0.668463 -0.958478 0.219596 0.181927 -0.228245 0.273809 0.886945 0.371964 0.473918 
1533664798440 -0.0799064 0.406547 -0.910129 -0.668409 -0.958464 0.219451 0.182177 -0.228293 0.273792 0.886883 0.372125 0.473938 
1533664798450 -0.080135 0.406761 -0.910013 -0.668354 -0.958449 0.219306 0.182426 -0.22834 0.273775 0.88682 0.372286 0.473958 
1533664798460 -0.0803648 0.406975 -0.909897 -0.6683 -0.958435 0.219161 0.182677 -0.228391 0.273759 0.886758 0.372446 0.473979 
1533664798470 -0.0805936 0.407189 -0.909781 -0.668245 -0.958421 0.219016 0.182927 -0.228439 0.273742 0.886696 0.372607 0.473999 
1533664798480 -0.0808224 0.407403 -0.909665 -0.668191 -0.958406 0.21887 0.183176 -0.228487 0.273725 0.886633 0.372768 0.474019 
1533664798490 -0.0810512 0.407617 -0.909549 -0.668137 -0.958391 0.218725 0.183426 -0.228535 0.273709 0.886571 0.372929 0.474039 
1533664798504 0 0 0 0 0 0 0 0 0 0 0 0 
1533664798505 0 0 0 0 0 0 0 0 0 0 0 0 
1533664798506 0 0 0 0 0 0 0 0 0 0 0 0 
1533664798509 0 0 0 0 0 0 0 0 0 0 0 0 
1533664798520 -0.0810512 0.407617 -0.909549 -0.668137 -0.958391 0.218725 0.183426 -0.228535 0.273709 0.886571 0.372929 0.474039 
1533664798530 -0.0812482 0.407858 -0.909423 -0.66808 -0.958382 0.21858 0.183651 -0.228584 0.273685 0.886496 0.373125 0.474081 
1533664798540 -0.0812162 0.407886 -0.909414 -0.668075 -0.958386 0.21858 0.183626 -0.228583 0.273678 0.886483 0.37316 0.474102 
1533664798550 -0.0811841 0.407913 -0.909404 -0.668071 -0.958391 0.21858 0.183601 -0.228582 0.273671 0.88647 0.373195 0.474122 
1533664798560 -0.081152 0.407941 -0.909395 -0.668066 -0.958396 0.21858 0.183576 -0.228581 0.273663 0.886458 0.373231 0.474143 
1533664798570 -0.08112 0.407969 -0.909385 -0.668061 -0.958401 0.218579 0.183552 -0.22858 0.273656 0.886445 0.373266 0.474164 
1533664798580 -0.0810881 0.407996 -0.909376 -0.668054 -0.958405 0.218579 0.183527 -0.228579 0.273649 0.886432 0.373301 0.474184 
1533664798590 -0.081056 0.408024 -0.909366 -0.66805 -0.95841 0.218579 0.183502 -0.228578 0.273642 0.88642 0.373337 0.474205 
1533664798600 -0.0810239 0.408051 -0.909356 -0.668043 -0.958415 0.218579 0.183477 -0.228576 0.273635 0.886407 0.373372 0.474226 
1533664798610 -0.0809922 0.408079 -0.909347 -0.668038 -0.95842 0.218579 0.183453 -0.228575 0.273627 0.886394 0.373408 0.474246 
1533664798624 0 0 0 0 0 0 0 0 0 0 0 0 
1533664798624 0 0 0 0 0 0 0 0 0 0 0 0 
1533664798626 0 0 0 0 0 0 0 0 0 0 0 0 
1533664798629 0 0 0 0 0 0 0 0 0 0 0 0 
1533664798640 -0.0809922 0.408079 -0.909347 -0.668038 -0.95842 0.218579 0.183453 -0.228575 0.273627 0.886394 0.373408 0.474246 
1533664798650 -0.0809372 0.408016 -0.90938 -0.668018 -0.958455 0.218514 0.183347 -0.228577 0.27352 0.886439 0.373379 0.474298 
1533664798660 -0.080915 0.407925 -0.909423 -0.668005 -0.958485 0.218448 0.183266 -0.228581 0.27342 0.886498 0.373314 0.474331 
1533664798670 -0.0808928 0.407834 -0.909466 -0.667993 -0.958516 0.218383 0.183185 -0.228585 0.273321 0.886556 0.373249 0.474363 
1533664798680 -0.0808707 0.407743 -0.909509 -0.667981 -0.958546 0.218317 0.183105 -0.22859 0.273221 0.886614 0.373185 0.474395 
1533664798690 -0.0808487 0.407651 -0.909552 -0.667967 -0.958576 0.218251 0.183024 -0.228594 0.273121 0.886672 0.373119 0.474429 
1533664798700 -0.0808266 0.40756 -0.909595 -0.667955 -0.958607 0.218186 0.182944 -0.228598 0.273021 0.88673 0.373054 0.474461 
1533664798710 -0.0808045 0.407468 -0.909637 -0.667943 -0.958637 0.21812 0.182863 -0.228602 0.272921 0.886788 0.372989 0.474493 
1533664798720 -0.0807824 0.407377 -0.90968 -0.667931 -0.958667 0.218054 0.182783 -0.228607 0.272821 0.886846 0.372924 0.474526 
1533664798730 -0.0807602 0.407286 -0.909723 -0.667918 -0.958698 0.217988 0.182702 -0.228611 0.272721 0.886904 0.372859 0.474558 
1533664798750 0 0 0 0 0 0 0 0 0 0 0 0 
1533664798750 0 0 0 0 0 0 0 0 0 0 0 0 
1533664798760 -0.0807602 0.407286 -0.909723 -0.667918 -0.958698 0.217988 0.182702 -0.228611 0.272721 0.886904 0.372859 0.474558 
1533664798770 -0.0810349 0.407041 -0.909808 -0.667878 -0.958746 0.217702 0.182792 -0.22874 0.272471 0.887087 0.372607 0.474612 
1533664798780 -0.0813325 0.406887 -0.909851 -0.667857 -0.958763 0.217481 0.182963 -0.228867 0.27232 0.887212 0.37242 0.474633 
1533664798790 -0.08163 0.406733 -0.909893 -0.667836 -0.958781 0.21726 0.183134 -0.228995 0.27217 0.887337 0.372233 0.474653 
1533664798800 -0.0819275 0.406579 -0.909935 -0.667815 -0.958798 0.217039 0.183305 -0.229122 0.272019 0.887461 0.372045 0.474673 
1533664798810 -0.0822246 0.406425 -0.909977 -0.667793 -0.958815 0.216818 0.183476 -0.229249 0.271869 0.887586 0.371858 0.474694 
1533664798820 -0.0825222 0.406271 -0.910019 -0.667773 -0.958832 0.216597 0.183647 -0.229377 0.271718 0.88771 0.371671 0.474714 
1533664798830 -0.0828193 0.406116 -0.910061 -0.667751 -0.958849 0.216376 0.183818 -0.229504 0.271567 0.887835 0.371484 0.474734 
1533664798840 -0.0831165 0.405962 -0.910102 -0.667729 -0.958866 0.216156 0.183989 -0.229631 0.271416 0.887959 0.371297 0.474754 
1533664798850 -0.083414 0.405807 -0.910144 -0.667709 -0.958883 0.215935 0.18416 -0.229759 0.271265 0.888084 0.37111 0.474775 
1533664798869 0 0 0 0 0 0 0 0 0 0 0 0 
1533664798869 0 0 0 0 0 0 0 0 0 0 0 0 
1533664798880 -0.083414 0.405807 -0.910144 -0.667709 -0.958883 0.215935 0.18416 -0.229759 0.271265 0.888084 0.37111 0.474775 
1533664798890 -0.0839904 0.405518 -0.91022 -0.667653 -0.958937 0.215436 0.184466 -0.230017 0.270898 0.888337 0.370771 0.474826 
1533664798900 -0.0842698 0.405383 -0.910255 -0.667618 -0.958973 0.215158 0.184601 -0.230147 0.270682 0.888466 0.37062 0.474856 
1533664798910 -0.0845488 0.405247 -0.910289 -0.667582 -0.95901 0.214879 0.184735 -0.230276 0.270466 0.888595 0.370468 0.474886 
1533664798920 -0.0848282 0.405112 -0.910323 -0.667547 -0.959046 0.214601 0.18487 -0.230407 0.27025 0.888724 0.370317 0.474917 
1533664798930 -0.0851076 0.404976 -0.910358 -0.667513 -0.959082 0.214323 0.185005 -0.230538 0.270033 0.888853 0.370165 0.474948 
1533664798940 -0.0853866 0.404841 -0.910392 -0.667477 -0.959118 0.214045 0.18514 -0.230668 0.269817 0.888982 0.370013 0.474978 
1533664798950 -0.0856657 0.404705 -0.910426 -0.667441 -0.959154 0.213767 0.185275 -0.230798 0.2696 0.889111 0.369862 0.475009 
1533664798960 -0.085945 0.404569 -0.91046 -0.667407 -0.95919 0.213488 0.18541 -0.230928 0.269384 0.889239 0.36971 0.475039 
1533664798970 -0.0862239 0.404433 -0.910494 -0.667371 -0.959226 0.21321 0.185545 -0.231058 0.269167 0.889368 0.369559 0.47507 
1533664798988 0 0 0 0 0 0 0 0 0 0 0 0 
1533664798988 0 0 0 0 0 0 0 0 0 0 0 0 
1533664798998 -0.0862239 0.404433 -0.910494 -0.667371 -0.959226 0.21321 0.185545 -0.231058 0.269167 0.889368 0.369559 0.47507 
1533664799008 -0.0865648 0.404159 -0.910583 -0.667276 -0.959248 0.212965 0.185715 -0.231252 0.268981 0.889551 0.369253 0.47513 
1533664799018 -0.0866268 0.404021 -0.910639 -0.667215 -0.959234 0.212998 0.18575 -0.231315 0.269011 0.889606 0.369099 0.475161 
1533664799028 -0.0866888 0.403882 -0.910694 -0.667155 -0.95922 0.21303 0.185784 -0.231379 0.269041 0.889661 0.368944 0.475191 
1533664799038 -0.0867509 0.403744 -0.91075 -0.667094 -0.959206 0.213063 0.185819 -0.231443 0.269071 0.889716 0.36879 0.475221 
1533664799048 -0.0868129 0.403606 -0.910805 -0.667034 -0.959192 0.213096 0.185854 -0.231506 0.2691 0.889771 0.368636 0.475252 
1533664799058 -0.0868749 0.403467 -0.910861 -0.666973 -0.959178 0.213129 0.185889 -0.23157 0.26913 0.889826 0.368481 0.475282 
1533664799068 -0.086937 0.403329 -0.910916 -0.666913 -0.959164 0.213161 0.185924 -0.231633 0.26916 0.889881 0.368327 0.475312 
1533664799078 -0.087 0.40319 -0.910971 -0.666853 -0.959149 0.213194 0.185959 -0.231699 0.26919 0.889936 0.368172 0.475344 
1533664799088 -0.0870621 0.403052 -0.911027 -0.666792 -0.959135 0.213226 0.185994 -0.231762 0.26922 0.889991 0.368017 0.475374 
1533664799108 0 0 0 0 0 0 0 0 0 0 0 0 
1533664799108 0 0 0 0 0 0 0 0 0 0 0 0 
1533664799118 -0.0870621 0.403052 -0.911027 -0.666792 -0.959135 0.213226 0.185994 -0.231762 0.26922 0.889991 0.368017 0.475374 
1533664799128 -0.0872057 0.402935 -0.911065 -0.666634 -0.959106 0.213251 0.186119 -0.231869 0.26928 0.890038 0.36786 0.475464 
1533664799138 -0.087287 0.402956 -0.911047 -0.666527 -0.95909 0.213244 0.186208 -0.23191 0.269309 0.89003 0.367858 0.475524 
1533664799148 -0.0873678 0.402978 -0.91103 -0.666421 -0.959074 0.213237 0.186297 -0.23195 0.269339 0.890022 0.367856 0.475583 
1533664799158 -0.0874485 0.403 -0.911013 -0.666314 -0.959059 0.213229 0.186386 -0.231989 0.269368 0.890014 0.367854 0.475642 
1533664799168 -0.0875299 0.403021 -0.910995 -0.666209 -0.959043 0.213222 0.186475 -0.232029 0.269398 0.890006 0.367851 0.475701 
1533664799178 -0.0876103 0.403043 -0.910978 -0.666102 -0.959027 0.213215 0.186564 -0.232068 0.269427 0.889998 0.36785 0.47576 
1533664799188 -0.0876911 0.403065 -0.910961 -0.665997 -0.959012 0.213208 0.186653 -0.232108 0.269457 0.88999 0.367847 0.475819 
1533664799198 -0.087771 0.403087 -0.910943 -0.665892 -0.958996 0.213201 0.186741 -0.232148 0.269486 0.889981 0.367846 0.475878 
1533664799208 -0.0878522 0.403108 -0.910926 -0.665785 -0.95898 0.213193 0.18683 -0.232187 0.269516 0.889973 0.367843 0.475937 
1533664799230 0 0 0 0 0 0 0 0 0 0 0 0 
1533664799230 0 0 0 0 0 0 0 0 0 0 0 0 
1533664799240 -0.0878522 0.403108 -0.910926 -0.665785 -0.95898 0.213193 0.18683 -0.232187 0.269516 0.889973 0.367843 0.475937 
1533664799250 -0.0881034 0.403124 -0.910894 -0.665572 -0.958977 0.213029 0.187032 -0.232257 0.269444 0.890005 0.367818 0.476085 
1533664799260 -0.0882747 0.403118 -0.91088 -0.665468 -0.95899 0.212872 0.187145 -0.232288 0.269342 0.890046 0.367795 0.476174 
1533664799270 -0.0884464 0.403112 -0.910866 -0.665361 -0.959003 0.212714 0.187259 -0.232318 0.269241 0.890086 0.367772 0.476264 
1533664799280 -0.0886187 0.403106 -0.910852 -0.665255 -0.959016 0.212556 0.187373 -0.232349 0.269139 0.890126 0.367749 0.476353 
1533664799290 -0.0887899 0.403101 -0.910838 -0.665148 -0.959028 0.212399 0.187487 -0.232379 0.269037 0.890167 0.367726 0.476443 
1533664799300 -0.0889615 0.403095 -0.910824 -0.665043 -0.959041 0.212241 0.187601 -0.232409 0.268935 0.890207 0.367703 0.476532 
1533664799310 -0.0891332 0.403089 -0.91081 -0.664937 -0.959054 0.212084 0.187714 -0.23244 0.268833 0.890247 0.36768 0.476622 
1533664799320 -0.0893053 0.403083 -0.910796 -0.66483 -0.959066 0.211926 0.187828 -0.23247 0.268732 0.890287 0.367657 0.476711 
1533664799330 -0.089477 0.403077 -0.910782 -0.664724 -0.959079 0.211768 0.187942 -0.2325 0.26863 0.890328 0.367634 0.4768 
1533664799348 0 0 0 0 0 0 0 0 0 0 0 0 
1533664799349 0 0 0 0 0 0 0 0 0 0 0 0 
1533664799359 -0.089477 0.403077 -0.910782 -0.664724 -0.959079 0.211768 0.187942 -0.2325 0.26863 0.890328 0.367634 0.4768 
1533664799369 -0.089855 0.403076 -0.910745 -0.664528 -0.959094 0.21146 0.188213 -0.232554 0.26845 0.890401 0.367587 0.47697 
1533664799379 -0.0900642 0.403081 -0.910722 -0.664439 -0.959096 0.211307 0.188372 -0.232579 0.268371 0.890435 0.367562 0.47705 
1533664799389 -0.0902726 0.403085 -0.910699 -0.664348 -0.959098 0.211156 0.18853 -0.232604 0.268293 0.890469 0.367537 0.477131 
1533664799399 -0.090481 0.40309 -0.910676 -0.664258 -0.959101 0.211004 0.188688 -0.232629 0.268214 0.890503 0.367512 0.477212 
1533664799409 -0.0906904 0.403095 -0.910654 -0.664169 -0.959103 0.210851 0.188847 -0.232654 0.268136 0.890537 0.367487 0.477293 
1533664799419 -0.090899 0.403099 -0.910631 -0.664078 -0.959105 0.210699 0.189006 -0.232679 0.268057 0.890571 0.367462 0.477374 
1533664799429 -0.0911076 0.403104 -0.910608 -0.663988 -0.959107 0.210547 0.189164 -0.232704 0.267979 0.890605 0.367437 0.477455 
1533664799439 -0.0913162 0.403108 -0.910585 -0.663898 -0.959109 0.210395 0.189323 -0.232729 0.2679 0.890639 0.367413 0.477535 
1533664799449 -0.0915248 0.403113 -0.910562 -0.663809 -0.959111 0.210243 0.189481 -0.232754 0.267822 0.890673 0.367388 0.477616 
1533664799468 0 0 0 0 0 0 0 0 0 0 0 0 
1533664799468 0 0 0 0 0 0 0 0 0 0 0 0 
1533664799478 -0.0915248 0.403113 -0.910562 -0.663809 -0.959111 0.210243 0.189481 -0.232754 0.267822 0.890673 0.367388 0.477616 
1533664799488 -0.0918876 0.403125 -0.91052 -0.663644 -0.959117 0.209971 0.189754 -0.232796 0.267677 0.890732 0.36735 0.477761 
1533664799498 -0.0920425 0.403131 -0.910502 -0.663569 -0.959121 0.20985 0.18987 -0.232815 0.267611 0.890757 0.367337 0.477825 
1533664799508 -0.0921969 0.403138 -0.910483 -0.663496 -0.959124 0.209729 0.189985 -0.232834 0.267545 0.890782 0.367324 0.47789 
1533664799518 -0.0923512 0.403145 -0.910464 -0.66342 -0.959128 0.209608 0.1901 -0.232854 0.267478 0.890808 0.36731 0.477955 
1533664799528 -0.0925055 0.403152 -0.910446 -0.663347 -0.959132 0.209487 0.190215 -0.232873 0.267412 0.890833 0.367297 0.478019 
1533664799538 -0.0926599 0.403159 -0.910427 -0.663273 -0.959135 0.209367 0.19033 -0.232892 0.267346 0.890858 0.367284 0.478083 
1533664799548 -0.0928152 0.403166 -0.910408 -0.663197 -0.959139 0.209245 0.190446 -0.232911 0.26728 0.890884 0.367271 0.478148 
1533664799558 -0.0929697 0.403172 -0.910389 -0.663123 -0.959142 0.209124 0.190561 -0.23293 0.267213 0.890909 0.367257 0.478212 
1533664799568 -0.0931241 0.403179 -0.910371 -0.663049 -0.959146 0.209004 0.190676 -0.23295 0.267147 0.890934 0.367244 0.478277 
1533664799586 0 0 0 0 0 0 0 0 0 0 0 0 
1533664799586 0 0 0 0 0 0 0 0 0 0 0 0 
1533664799589 0 0 0 0 0 0 0 0 0 0 0 0 
1533664799600 -0.0931241 0.403179 -0.910371 -0.663049 -0.959146 0.209004 0.190676 -0.23295 0.267147 0.890934 0.367244 0.478277 
1533664799610 -0.0934024 0.403196 -0.910334 -0.662912 -0.959153 0.208779 0.190882 -0.232983 0.267022 0.890979 0.367227 0.478393 
1533664799620 -0.0935263 0.403206 -0.910317 -0.662849 -0.959158 0.208676 0.190973 -0.233 0.266962 0.890999 0.367222 0.478445 
1533664799630 -0.0936513 0.403216 -0.9103 -0.662788 -0.959162 0.208572 0.191065 -0.233016 0.266903 0.891019 0.367217 0.478497 
1533664799640 -0.0937755 0.403226 -0.910283 -0.662725 -0.959167 0.208468 0.191156 -0.233032 0.266844 0.891039 0.367212 0.478549 
1533664799650 -0.0938998 0.403236 -0.910266 -0.662664 -0.959171 0.208364 0.191247 -0.233049 0.266785 0.891058 0.367207 0.478602 
1533664799660 -0.094024 0.403246 -0.910248 -0.662602 -0.959175 0.20826 0.191339 -0.233065 0.266725 0.891078 0.367202 0.478654 
1533664799670 -0.0941484 0.403256 -0.910231 -0.662539 -0.95918 0.208157 0.19143 -0.233081 0.266666 0.891098 0.367197 0.478706 
1533664799680 -0.0942727 0.403266 -0.910214 -0.662477 -0.959184 0.208053 0.191521 -0.233097 0.266607 0.891118 0.367192 0.478758 
1533664799690 -0.0943969 0.403276 -0.910197 -0.662415 -0.959188 0.207949 0.191613 -0.233113 0.266547 0.891137 0.367187 0.47881 
1533664799705 0 0 0 0 0 0 0 0 0 0 0 0 
1533664799705 0 0 0 0 0 0 0 0 0 0 0 0 
1533664799706 0 0 0 0 0 0 0 0 0 0 0 0 
1533664799709 0 0 0 0 0 0 0 0 0 0 0 0 
1533664799720 -0.0943969 0.403276 -0.910197 -0.662415 -0.959188 0.207949 0.191613 -0.233113 0.266547 0.891137 0.367187 0.47881 
1533664799730 -0.0946312 0.40329 -0.910166 -0.662301 -0.959193 0.207765 0.191788 -0.233141 0.266447 0.891174 0.367172 0.478907 
1533664799740 -0.0947409 0.403294 -0.910153 -0.662251 -0.959194 0.207685 0.191872 -0.233154 0.266405 0.891191 0.36716 0.478952 
1533664799750 -0.0948513 0.403297 -0.91014 -0.662199 -0.959194 0.207604 0.191956 -0.233167 0.266364 0.891208 0.367149 0.478998 
1533664799760 -0.0949611 0.403301 -0.910127 -0.662149 -0.959195 0.207524 0.19204 -0.23318 0.266323 0.891225 0.367138 0.479043 
1533664799770 -0.095071 0.403305 -0.910113 -0.662098 -0.959195 0.207443 0.192124 -0.233193 0.266282 0.891242 0.367127 0.479088 
1533664799780 -0.0951808 0.403309 -0.9101 -0.662045 -0.959196 0.207363 0.192208 -0.233206 0.26624 0.891259 0.367115 0.479134 
1533664799790 -0.0952907 0.403313 -0.910087 -0.661995 -0.959196 0.207283 0.192292 -0.233219 0.266199 0.891276 0.367104 0.479179 
1533664799800 -0.0954005 0.403317 -0.910074 -0.661944 -0.959197 0.207202 0.192376 -0.233232 0.266158 0.891293 0.367093 0.479224 
1533664799809 -0.0955103 0.40332 -0.910061 -0.661893 -0.959197 0.207122 0.19246 -0.233245 0.266117 0.89131 0.367082 0.47927 
1533664799825 0 0 0 0 0 0 0 0 0 0 0 0 
1533664799825 0 0 0 0 0 0 0 0 0 0 0 0 
1533664799826 0 0 0 0 0 0 0 0 0 0 0 0 
1533664799829 0 0 0 0 0 0 0 0 0 0 0 0 
1533664799839 -0.0955103 0.40332 -0.910061 -0.661893 -0.959197 0.207122 0.19246 -0.233245 0.266117 0.89131 0.367082 0.47927 
1533664799850 -0.0957087 0.403331 -0.910035 -0.661798 -0.959202 0.206963 0.192607 -0.233268 0.266028 0.891342 0.367068 0.479351 
1533664799860 -0.0957978 0.403337 -0.910023 -0.661752 -0.959206 0.206885 0.19267 -0.233281 0.265981 0.891357 0.367065 0.479389 
1533664799870 -0.0958861 0.403344 -0.910011 -0.661709 -0.959211 0.206807 0.192733 -0.233293 0.265934 0.891372 0.367062 0.479425 
1533664799880 -0.0959752 0.40335 -0.909999 -0.661663 -0.959215 0.206728 0.192797 -0.233305 0.265887 0.891388 0.367059 0.479463 
1533664799890 -0.0960637 0.403357 -0.909986 -0.66162 -0.959219 0.20665 0.19286 -0.233317 0.26584 0.891403 0.367056 0.4795 
1533664799900 -0.0961522 0.403363 -0.909974 -0.661576 -0.959223 0.206571 0.192923 -0.233329 0.265793 0.891418 0.367053 0.479537 
1533664799910 -0.0962408 0.40337 -0.909962 -0.66153 -0.959227 0.206493 0.192986 -0.233341 0.265746 0.891433 0.36705 0.479575 
1533664799920 -0.0963293 0.403376 -0.90995 -0.661486 -0.959231 0.206415 0.193049 -0.233353 0.265699 0.891449 0.367047 0.479612 
1533664799930 -0.0964178 0.403383 -0.909937 -0.661442 -0.959236 0.206337 0.193112 -0.233365 0.265651 0.891464 0.367044 0.479649 
1533664799945 0 0 0 0 0 0 0 0 0 0 0 0 
1533664799945 0 0 0 0 0 0 0 0 0 0 0 0 
1533664799946 0 0 0 0 0 0 0 0 0 0 0 0 
1533664799949 0 0 0 0 0 0 0 0 0 0 0 0 
1533664799960 -0.0964178 0.403383 -0.909937 -0.661442 -0.959236 0.206337 0.193112 -0.233365 0.265651 0.891464 0.367044 0.479649 
1533664799970 -0.0965923 0.403393 -0.909914 -0.66136 -0.959239 0.206198 0.193242 -0.233385 0.265575 0.891491 0.367034 0.479718 
1533664799980 -0.0966781 0.403398 -0.909903 -0.661324 -0.959239 0.206138 0.193309 -0.233395 0.265546 0.891503 0.367026 0.479751 
1533664799990 -0.0967652 0.403402 -0.909892 -0.661285 -0.959238 0.206077 0.193377 -0.233406 0.265517 0.891515 0.367017 0.479785 
1533664800000 -0.0968513 0.403406 -0.909881 -0.661249 -0.959237 0.206017 0.193445 -0.233416 0.265487 0.891527 0.367009 0.479818 
1533664800010 -0.0969382 0.40341 -0.90987 -0.66121 -0.959237 0.205956 0.193513 -0.233427 0.265458 0.891539 0.367001 0.479852 
1533664800020 -0.0970245 0.403414 -0.909859 -0.661173 -0.959236 0.205895 0.19358 -0.233437 0.265429 0.891552 0.366993 0.479885 
1533664800030 -0.0971108 0.403418 -0.909848 -0.661136 -0.959235 0.205835 0.193647 -0.233447 0.265399 0.891564 0.366984 0.479918 
1533664800040 -0.097197 0.403422 -0.909837 -0.661099 -0.959235 0.205775 0.193715 -0.233457 0.26537 0.891576 0.366976 0.479951 
1533664800050 -0.0972833 0.403427 -0.909826 -0.661063 -0.959234 0.205714 0.193782 -0.233467 0.265341 0.891588 0.366968 0.479984 
1533664800067 0 0 0 0 0 0 0 0 0 0 0 0 
1533664800067 0 0 0 0 0 0 0 0 0 0 0 0 
1533664800077 -0.0972833 0.403427 -0.909826 -0.661063 -0.959234 0.205714 0.193782 -0.233467 0.265341 0.891588 0.366968 0.479984 
1533664800087 -0.0974345 0.403437 -0.909805 -0.66099 -0.959237 0.205595 0.193896 -0.233485 0.265276 0.89161 0.36696 0.480045 
1533664800097 -0.0974991 0.403444 -0.909795 -0.660958 -0.95924 0.205536 0.193942 -0.233494 0.265241 0.891621 0.36696 0.480072 
1533664800107 -0.0975647 0.40345 -0.909785 -0.660924 -0.959243 0.205477 0.193989 -0.233504 0.265205 0.891632 0.366959 0.4801 
1533664800117 -0.0976295 0.403456 -0.909776 -0.660891 -0.959246 0.205419 0.194035 -0.233513 0.26517 0.891643 0.366959 0.480128 
1533664800127 -0.0976942 0.403462 -0.909766 -0.660856 -0.95925 0.20536 0.194081 -0.233522 0.265134 0.891653 0.366959 0.480156 
1533664800137 -0.0977599 0.403468 -0.909756 -0.660823 -0.959253 0.205301 0.194128 -0.233531 0.265098 0.891664 0.366958 0.480183 
1533664800147 -0.0978248 0.403475 -0.909746 -0.66079 -0.959256 0.205242 0.194174 -0.23354 0.265063 0.891675 0.366958 0.480211 
1533664800157 -0.0978898 0.403481 -0.909737 -0.660757 -0.959259 0.205184 0.19422 -0.233549 0.265027 0.891685 0.366957 0.480238 
1533664800167 -0.0979547 0.403487 -0.909727 -0.660722 -0.959262 0.205125 0.194267 -0.233558 0.264992 0.891696 0.366957 0.480266 
1533664800185 0 0 0 0 0 0 0 0 0 0 0 0 
1533664800185 0 0 0 0 0 0 0 0 0 0 0 0 
1533664800188 0 0 0 0 0 0 0 0 0 0 0 0 
1533664800199 -0.0979547 0.403487 -0.909727 -0.660722 -0.959262 0.205125 0.194267 -0.233558 0.264992 0.891696 0.366957 0.480266 
1533664800209 -0.0980755 0.403499 -0.909709 -0.660659 -0.959266 0.205022 0.194355 -0.233573 0.264932 0.891715 0.366955 0.480318 
1533664800219 -0.0981313 0.403503 -0.909701 -0.660631 -0.959267 0.204978 0.194397 -0.233579 0.264908 0.891723 0.366953 0.480343 
1533664800229 -0.0981879 0.403508 -0.909692 -0.6606 -0.959268 0.204933 0.19444 -0.233587 0.264884 0.891731 0.366951 0.480368 
1533664800238 -0.0982438 0.403513 -0.909684 -0.660571 -0.959269 0.204888 0.194482 -0.233594 0.26486 0.891739 0.366948 0.480393 
1533664800249 -0.0982997 0.403518 -0.909676 -0.66054 -0.95927 0.204844 0.194524 -0.233601 0.264836 0.891747 0.366946 0.480418 
1533664800259 -0.0983557 0.403522 -0.909668 -0.660511 -0.959271 0.204799 0.194566 -0.233608 0.264811 0.891755 0.366944 0.480443 
1533664800269 -0.0984116 0.403527 -0.90966 -0.660482 -0.959272 0.204755 0.194609 -0.233615 0.264787 0.891763 0.366942 0.480468 
1533664800279 -0.0984684 0.403532 -0.909652 -0.660453 -0.959273 0.20471 0.194652 -0.233621 0.264763 0.891771 0.36694 0.480493 
1533664800289 -0.0985246 0.403537 -0.909643 -0.660422 -0.959274 0.204665 0.194694 -0.233628 0.264739 0.891779 0.366938 0.480518 
1533664800306 0 0 0 0 0 0 0 0 0 0 0 0 
1533664800306 0 0 0 0 0 0 0 0 0 0 0 0 
1533664800310 0 0 0 0 0 0 0 0 0 0 0 0 
1533664800320 -0.0985246 0.403537 -0.909643 -0.660422 -0.959274 0.204665 0.194694 -0.233628 0.264739 0.891779 0.366938 0.480518 
1533664800330 -0.0986263 0.403543 -0.909629 -0.660368 -0.959278 0.204577 0.194767 -0.233639 0.264686 0.891797 0.366933 0.480563 
1533664800340 -0.0986738 0.403544 -0.909624 -0.660341 -0.959281 0.204533 0.194799 -0.233647 0.264658 0.891806 0.36693 0.480586 
1533664800350 -0.0987211 0.403546 -0.909618 -0.660314 -0.959284 0.204488 0.194831 -0.233654 0.264629 0.891816 0.366928 0.480608 
1533664800360 -0.0987679 0.403547 -0.909612 -0.660289 -0.959287 0.204444 0.194863 -0.23366 0.264601 0.891825 0.366925 0.48063 
1533664800370 -0.0988147 0.403549 -0.909607 -0.660264 -0.95929 0.2044 0.194894 -0.233666 0.264573 0.891835 0.366922 0.480651 
1533664800380 -0.0988615 0.40355 -0.909601 -0.660236 -0.959293 0.204356 0.194926 -0.233673 0.264545 0.891844 0.36692 0.480674 
1533664800390 -0.0989083 0.403551 -0.909595 -0.66021 -0.959296 0.204312 0.194958 -0.23368 0.264516 0.891854 0.366917 0.480696 
1533664800400 -0.0989551 0.403553 -0.909589 -0.660185 -0.959299 0.204268 0.194989 -0.233686 0.264488 0.891863 0.366914 0.480717 
1533664800410 -0.0990018 0.403554 -0.909584 -0.660159 -0.959302 0.204223 0.195021 -0.233693 0.26446 0.891873 0.366912 0.480739 
1533664800426 0 0 0 0 0 0 0 0 0 0 0 0 
1533664800426 0 0 0 0 0 0 0 0 0 0 0 0 
1533664800426 0 0 0 0 0 0 0 0 0 0 0 0 
1533664800430 0 0 0 0 0 0 0 0 0 0 0 0 
1533664800440 -0.0990018 0.403554 -0.909584 -0.660159 -0.959302 0.204223 0.195021 -0.233693 0.26446 0.891873 0.366912 0.480739 
1533664800450 -0.0990986 0.403559 -0.909571 -0.66011 -0.959305 0.204142 0.195091 -0.233703 0.264413 0.891889 0.366906 0.480779 
1533664800460 -0.0991492 0.403562 -0.909564 -0.660086 -0.959305 0.204105 0.19513 -0.23371 0.264394 0.891896 0.366902 0.4808 
1533664800470 -0.099199 0.403565 -0.909558 -0.660064 -0.959305 0.204069 0.195169 -0.233715 0.264375 0.891903 0.366898 0.480819 
1533664800480 -0.0992488 0.403568 -0.909551 -0.660043 -0.959304 0.204032 0.195207 -0.233721 0.264357 0.89191 0.366894 0.480839 
1533664800490 -0.0992998 0.403571 -0.909544 -0.660018 -0.959304 0.203995 0.195246 -0.233728 0.264338 0.891917 0.36689 0.48086 
1533664800500 -0.0993498 0.403574 -0.909537 -0.659996 -0.959304 0.203958 0.195285 -0.233734 0.264319 0.891925 0.366887 0.48088 
1533664800510 -0.0993998 0.403577 -0.90953 -0.659973 -0.959304 0.203922 0.195323 -0.23374 0.264301 0.891932 0.366883 0.480899 
1533664800520 -0.0994498 0.40358 -0.909524 -0.659951 -0.959304 0.203885 0.195362 -0.233746 0.264282 0.891939 0.366879 0.480919 
1533664800530 -0.0995006 0.403582 -0.909517 -0.659926 -0.959304 0.203848 0.195401 -0.233752 0.264263 0.891946 0.366875 0.48094 
1533664800544 0 0 0 0 0 0 0 0 0 0 0 0 
1533664800544 0 0 0 0 0 0 0 0 0 0 0 0 
1533664800546 0 0 0 0 0 0 0 0 0 0 0 0 
1533664800550 0 0 0 0 0 0 0 0 0 0 0 0 
1533664800560 -0.0995006 0.403582 -0.909517 -0.659926 -0.959304 0.203848 0.195401 -0.233752 0.264263 0.891946 0.366875 0.48094 
1533664800570 -0.099593 0.403587 -0.909505 -0.659884 -0.959304 0.203781 0.195472 -0.233762 0.26423 0.891959 0.366867 0.480977 
1533664800580 -0.0996368 0.403588 -0.9095 -0.659862 -0.959304 0.20375 0.195506 -0.233767 0.264214 0.891966 0.366862 0.480996 
1533664800590 -0.0996797 0.403589 -0.909494 -0.659843 -0.959303 0.203719 0.195539 -0.233772 0.264199 0.891972 0.366857 0.481013 
1533664800600 -0.0997226 0.40359 -0.909489 -0.659823 -0.959303 0.203688 0.195572 -0.233777 0.264183 0.891979 0.366853 0.481031 
1533664800610 -0.0997655 0.403591 -0.909484 -0.659804 -0.959303 0.203658 0.195605 -0.233781 0.264168 0.891985 0.366848 0.481049 
1533664800620 -0.0998096 0.403592 -0.909479 -0.659782 -0.959303 0.203627 0.195639 -0.233787 0.264153 0.891992 0.366843 0.481068 
1533664800630 -0.0998527 0.403593 -0.909474 -0.659762 -0.959302 0.203596 0.195672 -0.233792 0.264137 0.891999 0.366838 0.481087 
1533664800640 -0.0998958 0.403594 -0.909468 -0.659742 -0.959302 0.203565 0.195705 -0.233797 0.264122 0.892005 0.366833 0.481105 
1533664800650 -0.0999388 0.403595 -0.909463 -0.659722 -0.959302 0.203535 0.195739 -0.233802 0.264106 0.892012 0.366828 0.481123 
1533664800664 0 0 0 0 0 0 0 0 0 0 0 0 
1533664800664 0 0 0 0 0 0 0 0 0 0 0 0 
1533664800666 0 0 0 0 0 0 0 0 0 0 0 0 
1533664800670 0 0 0 0 0 0 0 0 0 0 0 0 
1533664800680 -0.0999388 0.403595 -0.909463 -0.659722 -0.959302 0.203535 0.195739 -0.233802 0.264106 0.892012 0.366828 0.481123 
1533664800690 -0.10002 0.403597 -0.909453 -0.659681 -0.959303 0.203471 0.195798 -0.233811 0.264071 0.892025 0.366821 0.481157 
1533664800700 -0.100057 0.403598 -0.909449 -0.659664 -0.959305 0.203439 0.195825 -0.233815 0.264051 0.892032 0.366818 0.481172 
1533664800710 -0.100095 0.403599 -0.909444 -0.659644 -0.959306 0.203406 0.195852 -0.233821 0.264032 0.892039 0.366815 0.481188 
1533664800720 -0.100133 0.4036 -0.90944 -0.659627 -0.959308 0.203373 0.195878 -0.233826 0.264012 0.892046 0.366812 0.481204 
1533664800730 -0.10017 0.4036 -0.909435 -0.659609 -0.959309 0.20334 0.195905 -0.233831 0.263992 0.892054 0.366809 0.481219 
1533664800740 -0.100209 0.403601 -0.909431 -0.659589 -0.959311 0.203307 0.195932 -0.233837 0.263972 0.892061 0.366806 0.481236 
1533664800750 -0.100247 0.403602 -0.909426 -0.659571 -0.959312 0.203274 0.195958 -0.233842 0.263952 0.892068 0.366803 0.481252 
1533664800760 -0.100284 0.403603 -0.909422 -0.659553 -0.959314 0.203241 0.195985 -0.233847 0.263932 0.892075 0.3668 0.481268 
1533664800770 -0.100322 0.403604 -0.909417 -0.659535 -0.959315 0.203209 0.196011 -0.233852 0.263912 0.892082 0.366797 0.481283 
1533664800784 0 0 0 0 0 0 0 0 0 0 0 0 
1533664800784 0 0 0 0 0 0 0 0 0 0 0 0 
1533664800786 0 0 0 0 0 0 0 0 0 0 0 0 
1533664800790 0 0 0 0 0 0 0 0 0 0 0 0 
1533664800800 -0.100322 0.403604 -0.909417 -0.659535 -0.959315 0.203209 0.196011 -0.233852 0.263912 0.892082 0.366797 0.481283 
1533664800810 -0.100388 0.403608 -0.909408 -0.659497 -0.959321 0.203141 0.196055 -0.233861 0.263867 0.892095 0.366797 0.481312 
1533664800820 -0.100416 0.403612 -0.909403 -0.659481 -0.959325 0.203107 0.196071 -0.233866 0.263842 0.892102 0.366799 0.481326 
1533664800830 -0.100445 0.403615 -0.909399 -0.659463 -0.959329 0.203072 0.196088 -0.233871 0.263817 0.892108 0.366802 0.48134 
1533664800840 -0.100473 0.403618 -0.909394 -0.659446 -0.959333 0.203037 0.196105 -0.233876 0.263792 0.892114 0.366804 0.481353 
1533664800850 -0.100502 0.403621 -0.909389 -0.659427 -0.959336 0.203002 0.196122 -0.233881 0.263767 0.892121 0.366807 0.481367 
1533664800860 -0.10053 0.403625 -0.909385 -0.65941 -0.95934 0.202968 0.196138 -0.233886 0.263742 0.892127 0.366809 0.481381 
1533664800870 -0.100558 0.403628 -0.90938 -0.659393 -0.959344 0.202933 0.196155 -0.233891 0.263717 0.892134 0.366812 0.481394 
1533664800880 -0.100586 0.403632 -0.909376 -0.659376 -0.959348 0.202898 0.196171 -0.233896 0.263692 0.89214 0.366815 0.481408 
1533664800890 -0.100614 0.403635 -0.909371 -0.659357 -0.959352 0.202864 0.196188 -0.233901 0.263666 0.892146 0.366817 0.481422 
1533664800904 0 0 0 0 0 0 0 0 0 0 0 0 
1533664800904 0 0 0 0 0 0 0 0 0 0 0 0 
1533664800906 0 0 0 0 0 0 0 0 0 0 0 0 
1533664800910 0 0 0 0 0 0 0 0 0 0 0 0 
1533664800920 -0.100614 0.403635 -0.909371 -0.659357 -0.959352 0.202864 0.196188 -0.233901 0.263666 0.892146 0.366817 0.481422 
1533664800930 -0.100659 0.403637 -0.909365 -0.659324 -0.959363 0.202795 0.196207 -0.233909 0.263611 0.892161 0.366821 0.481446 
1533664800940 -0.100676 0.403636 -0.909364 -0.659309 -0.959369 0.202761 0.196211 -0.233913 0.263581 0.89217 0.366822 0.481458 
1533664800950 -0.100693 0.403634 -0.909363 -0.659291 -0.959376 0.202726 0.196214 -0.233918 0.26355 0.892178 0.366823 0.481471 
1533664800960 -0.10071 0.403632 -0.909362 -0.659276 -0.959382 0.202692 0.196217 -0.233922 0.26352 0.892187 0.366825 0.481483 
1533664800970 -0.100727 0.403631 -0.90936 -0.659258 -0.959389 0.202658 0.196221 -0.233927 0.26349 0.892195 0.366826 0.481495 
1533664800980 -0.100744 0.403629 -0.909359 -0.659243 -0.959396 0.202624 0.196224 -0.233931 0.26346 0.892203 0.366827 0.481507 
1533664800990 -0.100761 0.403628 -0.909358 -0.659227 -0.959402 0.20259 0.196227 -0.233935 0.263429 0.892212 0.366828 0.481519 
1533664801000 -0.100778 0.403626 -0.909357 -0.659209 -0.959409 0.202556 0.19623 -0.233939 0.263399 0.89222 0.366829 0.481531 
1533664801010 -0.100794 0.403625 -0.909356 -0.659193 -0.959415 0.202521 0.196234 -0.233943 0.263369 0.892229 0.366831 0.481543 
1533664801025 0 0 0 0 0 0 0 0 0 0 0 0 
1533664801025 0 0 0 0 0 0 0 0 0 0 0 0 
1533664801026 0 0 0 0 0 0 0 0 0 0 0 0 
1533664801030 0 0 0 0 0 0 0 0 0 0 0 0 
1533664801040 -0.100794 0.403625 -0.909356 -0.659193 -0.959415 0.202521 0.196234 -0.233943 0.263369 0.892229 0.366831 0.481543 
1533664801050 -0.100838 0.403625 -0.909351 -0.659162 -0.959424 0.202461 0.196255 -0.23395 0.263321 0.892242 0.366832 0.481566 
1533664801060 -0.100864 0.403627 -0.909347 -0.659149 -0.959425 0.202435 0.196273 -0.233953 0.263305 0.892247 0.366831 0.481577 
1533664801070 -0.100892 0.403628 -0.909343 -0.659134 -0.959427 0.202409 0.196291 -0.233958 0.263288 0.892253 0.366831 0.481589 
1533664801080 -0.100918 0.40363 -0.909339 -0.65912 -0.959429 0.202383 0.196309 -0.233962 0.263271 0.892258 0.36683 0.481601 
1533664801090 -0.100945 0.403632 -0.909336 -0.659106 -0.959431 0.202356 0.196327 -0.233965 0.263254 0.892263 0.36683 0.481612 
1533664801100 -0.100972 0.403634 -0.909332 -0.659093 -0.959433 0.20233 0.196345 -0.233969 0.263237 0.892268 0.36683 0.481624 
1533664801110 -0.100999 0.403635 -0.909328 -0.659077 -0.959434 0.202304 0.196364 -0.233974 0.26322 0.892273 0.366829 0.481636 
1533664801120 -0.101026 0.403637 -0.909325 -0.659063 -0.959436 0.202278 0.196382 -0.233978 0.263203 0.892279 0.366828 0.481647 
1533664801130 -0.101053 0.403639 -0.909321 -0.659049 -0.959438 0.202252 0.1964 -0.233981 0.263186 0.892284 0.366828 0.481659 
1533664801146 0 0 0 0 0 0 0 0 0 0 0 0 
1533664801146 0 0 0 0 0 0 0 0 0 0 0 0 
1533664801150 0 0 0 0 0 0 0 0 0 0 0 0 
1533664801160 -0.101053 0.403639 -0.909321 -0.659049 -0.959438 0.202252 0.1964 -0.233981 0.263186 0.892284 0.366828 0.481659 
1533664801170 -0.101122 0.403618 -0.909322 -0.659023 -0.959444 0.202184 0.196439 -0.23399 0.263137 0.892308 0.366804 0.481684 
1533664801180 -0.101166 0.403595 -0.909327 -0.659013 -0.959448 0.202142 0.196461 -0.233996 0.263105 0.892328 0.366779 0.481698 
1533664801190 -0.10121 0.403573 -0.909333 -0.659004 -0.959453 0.202101 0.196483 -0.234002 0.263072 0.892348 0.366754 0.481711 
1533664801200 -0.101254 0.40355 -0.909338 -0.658995 -0.959457 0.202059 0.196505 -0.234009 0.26304 0.892367 0.36673 0.481726 
1533664801210 -0.101297 0.403527 -0.909343 -0.658986 -0.959461 0.202018 0.196527 -0.234015 0.263007 0.892387 0.366705 0.48174 
1533664801220 -0.101341 0.403505 -0.909348 -0.658977 -0.959466 0.201976 0.196549 -0.234021 0.262975 0.892407 0.366681 0.481754 
1533664801230 -0.101384 0.403482 -0.909353 -0.658968 -0.95947 0.201935 0.196571 -0.234027 0.262943 0.892426 0.366656 0.481767 
1533664801240 -0.101429 0.403459 -0.909358 -0.65896 -0.959474 0.201893 0.196593 -0.234034 0.26291 0.892446 0.366631 0.481782 
1533664801250 -0.101472 0.403437 -0.909364 -0.658951 -0.959478 0.201851 0.196615 -0.23404 0.262878 0.892466 0.366607 0.481796 
1533664801266 -0.101472 0.403437 -0.909364 -0.658951 -0.959478 0.201851 0.196615 -0.23404 0.262878 0.892466 0.366607 0.481796 
1533664801270 0 0 0 0 0 0 0 0 0 0 0 0 
1533664801280 -0.101538 0.40342 -0.909364 -0.658932 -0.959483 0.201792 0.196655 -0.23405 0.262837 0.892487 0.366585 0.48182 
1533664801290 -0.10156 0.403425 -0.909359 -0.658921 -0.959483 0.201775 0.196672 -0.234053 0.262829 0.892488 0.366587 0.481829 
1533664801300 -0.101582 0.403431 -0.909354 -0.658908 -0.959483 0.201757 0.196691 -0.234056 0.26282 0.89249 0.36659 0.48184 
1533664801310 -0.101604 0.403436 -0.909349 -0.658896 -0.959483 0.20174 0.196709 -0.234059 0.262811 0.892491 0.366592 0.48185 
1533664801320 -0.101626 0.403442 -0.909344 -0.658885 -0.959482 0.201723 0.196726 -0.234062 0.262803 0.892492 0.366595 0.481859 
1533664801330 -0.101648 0.403447 -0.909339 -0.658873 -0.959482 0.201705 0.196744 -0.234064 0.262795 0.892494 0.366598 0.481869 
1533664801340 -0.10167 0.403453 -0.909334 -0.658861 -0.959482 0.201688 0.196762 -0.234067 0.262786 0.892495 0.3666 0.481878 
1533664801350 -0.101692 0.403459 -0.909329 -0.658849 -0.959482 0.201671 0.19678 -0.234069 0.262778 0.892497 0.366603 0.481888 
1533664801360 -0.101714 0.403464 -0.909324 -0.658837 -0.959482 0.201654 0.196797 -0.234072 0.262769 0.892498 0.366606 0.481898 
1533664801375 0 0 0 0 0 0 0 0 0 0 0 0 
1533664801375 0 0 0 0 0 0 0 0 0 0 0 0 
1533664801376 0 0 0 0 0 0 0 0 0 0 0 0 
1533664801380 0 0 0 0 0 0 0 0 0 0 0 0 
1533664801390 -0.101714 0.403464 -0.909324 -0.658837 -0.959482 0.201654 0.196797 -0.234072 0.262769 0.892498 0.366606 0.481898 
1533664801400 -0.101845 0.403458 -0.909313 -0.658773 -0.959484 0.201552 0.196892 -0.2341 0.262712 0.892524 0.366584 0.481949 
1533664801410 -0.101954 0.403446 -0.909306 -0.658724 -0.959486 0.201469 0.196969 -0.234124 0.262663 0.892548 0.36656 0.48199 
1533664801420 -0.102062 0.403434 -0.909299 -0.658676 -0.959488 0.201385 0.197045 -0.234148 0.262614 0.892572 0.366537 0.482031 
1533664801430 -0.10217 0.403423 -0.909292 -0.658627 -0.95949 0.201302 0.197121 -0.234173 0.262565 0.892596 0.366513 0.482072 
1533664801440 -0.102279 0.403411 -0.909285 -0.658577 -0.959492 0.201218 0.197198 -0.234198 0.262516 0.892621 0.366489 0.482113 
