1537349157280 0.209998 0.9182 -0.335871 -0.512614 -0.944631 0.279139 0.172492 -0.173347 0.252137 0.281051 0.925979 0.445822 
1537349158029 0.209998 0.9182 -0.33587 -0.512614 -0.944631 0.279139 0.172492 -0.173347 0.252137 0.281051 0.925979 0.445822 
1537349159022 0.21532 0.918702 -0.331097 -0.524708 -0.943499 0.283165 0.172124 -0.1841 0.251886 0.275328 0.927765 0.438654 
1537349159796 0.220742 0.919189 -0.326136 -0.536797 -0.942395 0.287175 0.17153 -0.194907 0.251327 0.269485 0.92963 0.431484 
1537349160854 0.225199 0.919872 -0.321123 -0.549171 -0.941307 0.290474 0.17195 -0.20533 0.25145 0.263552 0.931296 0.424067 
1537349161737 0.23047 0.920249 -0.316269 -0.561318 -0.940135 0.294433 0.171623 -0.216053 0.251056 0.257782 0.933016 0.416812 
1537349162788 0.235198 0.920765 -0.311246 -0.573652 -0.939028 0.297902 0.171699 -0.226604 0.250815 0.251886 0.93469 0.409504 
1537349163720 0.240223 0.921202 -0.306072 -0.585879 -0.93776 0.301692 0.172012 -0.23719 0.250798 0.2457 0.93634 0.402293 
1537349164777 0.244956 0.921685 -0.30082 -0.598219 -0.936594 0.305145 0.172273 -0.247728 0.250575 0.239547 0.937992 0.394959 
1537349165765 0.250192 0.921923 -0.295739 -0.610381 -0.935305 0.309082 0.172257 -0.258515 0.250216 0.233509 0.939609 0.387734 
1537349166277 0.254773 0.922252 -0.29076 -0.622704 -0.934122 0.312462 0.17258 -0.268974 0.250013 0.227637 0.941103 0.380387 
1537349166441 0.254422 0.922502 -0.290275 -0.622813 -0.934197 0.312055 0.172912 -0.268821 0.250093 0.227181 0.941192 0.38038 
1537349166863 0.255397 0.922137 -0.290577 -0.623795 -0.933939 0.313034 0.172535 -0.269916 0.250062 0.227316 0.941168 0.379685 
1537349167248 0.256126 0.922124 -0.289979 -0.624965 -0.933793 0.313567 0.172353 -0.271161 0.249859 0.226636 0.941386 0.378962 
1537349167662 0.256487 0.922191 -0.289444 -0.626244 -0.933677 0.313828 0.172512 -0.272145 0.249925 0.226 0.941521 0.378288 
1537349168026 0.257109 0.922195 -0.28888 -0.627425 -0.933503 0.314316 0.172559 -0.273307 0.249933 0.225304 0.941685 0.377597 
1537349168531 0.257378 0.922334 -0.288196 -0.628759 -0.933435 0.314439 0.172705 -0.274269 0.249912 0.224562 0.941868 0.376836 
1537349168966 0.257888 0.922317 -0.287794 -0.629932 -0.933283 0.314861 0.172758 -0.275287 0.249953 0.224041 0.941982 0.376009 
1537349169424 0.258438 0.922346 -0.287206 -0.631154 -0.933158 0.315251 0.172724 -0.276394 0.249853 0.22337 0.942167 0.375318 
1537349169900 0.258624 0.922461 -0.286671 -0.632474 -0.933109 0.315326 0.17285 -0.277347 0.249842 0.222792 0.942307 0.374565 
1537349170121 0.25893 0.922585 -0.285993 -0.633683 -0.93303 0.315485 0.172986 -0.278347 0.249821 0.222049 0.942488 0.373825 
1537349170323 0.258964 0.92262 -0.285849 -0.633789 -0.933014 0.315496 0.173052 -0.278424 0.249846 0.221887 0.94252 0.373781 
1537349170449 0.259049 0.92258 -0.285902 -0.633884 -0.933138 0.315456 0.172455 -0.278459 0.249293 0.222111 0.942613 0.373811 
1537349170572 0.259547 0.922423 -0.285958 -0.633999 -0.933085 0.315866 0.171993 -0.278608 0.248975 0.222183 0.94268 0.373735 
1537349170738 0.259547 0.922423 -0.285958 -0.633999 -0.933085 0.315866 0.171993 -0.278608 0.248975 0.222183 0.94268 0.373735 
1537349170833 0.2598 0.922384 -0.285854 -0.634442 -0.933298 0.315835 0.170892 -0.278739 0.247911 0.222389 0.942912 0.373758 
1537349171027 0.260216 0.922308 -0.285719 -0.634616 -0.933345 0.31606 0.170214 -0.278926 0.247294 0.222382 0.943076 0.373748 
1537349171128 0.260265 0.922348 -0.285545 -0.634868 -0.933504 0.31592 0.169604 -0.278893 0.246643 0.222416 0.943238 0.373702 
1537349171277 0.260265 0.922348 -0.285545 -0.634868 -0.933504 0.31592 0.169604 -0.278893 0.246643 0.222416 0.943238 0.373702 
1537349171408 0.260837 0.922233 -0.285395 -0.635193 -0.933629 0.316181 0.168424 -0.279201 0.245563 0.222522 0.943495 0.373646 
1537349171454 0.260837 0.922233 -0.285395 -0.635193 -0.933629 0.316181 0.168424 -0.279201 0.245563 0.222522 0.943495 0.373646 
1537349171483 0.260741 0.922265 -0.285381 -0.635258 -0.933737 0.316013 0.168138 -0.279158 0.245252 0.22263 0.94355 0.373623 
1537349171504 0.260924 0.922191 -0.285452 -0.635285 -0.933709 0.316179 0.167981 -0.279261 0.245165 0.222699 0.943557 0.3736 
1537349171531 0.260924 0.922191 -0.285452 -0.635285 -0.933709 0.316179 0.167981 -0.279261 0.245165 0.222699 0.943557 0.3736 
1537349171625 0.26085 0.92221 -0.285458 -0.635388 -0.93381 0.316037 0.167688 -0.279313 0.244859 0.222822 0.943607 0.373566 
1537349171801 0.260454 0.922574 -0.284644 -0.635343 -0.934065 0.315379 0.167508 -0.279425 0.244309 0.222248 0.943885 0.373615 
1537349171833 0.260355 0.922653 -0.284477 -0.635423 -0.934141 0.31521 0.1674 -0.279452 0.244123 0.222158 0.943954 0.373619 
1537349171958 0.260265 0.922819 -0.28402 -0.635527 -0.934333 0.314889 0.166932 -0.279513 0.243483 0.221923 0.944175 0.373709 
1537349172022 0.26029 0.922897 -0.283744 -0.635539 -0.934426 0.314773 0.166631 -0.279712 0.243098 0.221765 0.944311 0.373712 
1537349172074 0.260076 0.922984 -0.283657 -0.63565 -0.934558 0.314486 0.166431 -0.279742 0.24282 0.22181 0.944372 0.373709 
1537349172228 0.259782 0.923208 -0.283198 -0.63576 -0.934774 0.314 0.166137 -0.279755 0.242303 0.221567 0.944562 0.373741 
1537349172258 0.259792 0.923271 -0.282983 -0.635831 -0.934861 0.313889 0.165858 -0.279895 0.241957 0.221461 0.944675 0.373743 
1537349172434 0.259807 0.923341 -0.282741 -0.635845 -0.934932 0.313791 0.165641 -0.279988 0.241665 0.221309 0.944786 0.373781 
1537349172456 0.25942 0.92349 -0.28261 -0.635864 -0.935066 0.313373 0.165678 -0.279807 0.241564 0.221279 0.944819 0.373806 
1537349172582 0.259608 0.923468 -0.282507 -0.635869 -0.935033 0.313516 0.165592 -0.27989 0.241489 0.221164 0.944865 0.373755 
1537349172662 0.259385 0.923674 -0.282039 -0.63587 -0.935217 0.313108 0.165326 -0.280066 0.241016 0.220884 0.945051 0.373694 
1537349172761 0.259406 0.923779 -0.281676 -0.635919 -0.935311 0.312972 0.165053 -0.280136 0.240629 0.220639 0.945207 0.373685 
1537349172832 0.259406 0.923779 -0.281676 -0.635919 -0.935311 0.312972 0.165053 -0.280136 0.240629 0.220639 0.945207 0.373685 
1537349172935 0.259198 0.923977 -0.281215 -0.636038 -0.935547 0.312527 0.164556 -0.280265 0.239933 0.220438 0.945431 0.373593 
1537349173005 0.259112 0.924127 -0.280803 -0.636028 -0.935706 0.312247 0.164185 -0.280425 0.239408 0.220207 0.945618 0.373576 
1537349173049 0.259004 0.924232 -0.280556 -0.636072 -0.935802 0.312038 0.16403 -0.280473 0.239146 0.22006 0.945718 0.373557 
1537349173057 0.258964 0.924278 -0.280443 -0.636096 -0.93585 0.311946 0.163932 -0.280505 0.239002 0.220001 0.945768 0.373559 
1537349173077 0.258964 0.924278 -0.280443 -0.636096 -0.93585 0.311946 0.163932 -0.280505 0.239002 0.220001 0.945768 0.373559 
1537349173243 0.259601 0.924194 -0.28013 -0.636057 -0.935734 0.312445 0.163646 -0.280442 0.238765 0.219644 0.945911 0.373578 
1537349173408 0.259822 0.924058 -0.280373 -0.636024 -0.935642 0.312727 0.163632 -0.280423 0.238886 0.219814 0.945841 0.37356 
1537349173483 0.260392 0.923901 -0.280363 -0.635961 -0.935491 0.313264 0.163469 -0.28043 0.238856 0.219711 0.945873 0.373488 
1537349173592 0.260633 0.92394 -0.28001 -0.635946 -0.935484 0.313377 0.163293 -0.280393 0.238622 0.219385 0.946007 0.373505 
1537349173648 0.26114 0.92386 -0.279801 -0.63593 -0.935412 0.313761 0.162965 -0.280416 0.238348 0.219173 0.946126 0.373529 
1537349173776 0.261388 0.923799 -0.27977 -0.635925 -0.935384 0.313955 0.162752 -0.280429 0.238185 0.219151 0.946172 0.373496 
1537349173835 0.26188 0.923697 -0.279647 -0.635908 -0.935349 0.314311 0.162271 -0.280428 0.237785 0.219072 0.94629 0.373326 
1537349173875 0.262275 0.923636 -0.279478 -0.635893 -0.935286 0.314615 0.162042 -0.280431 0.237596 0.218892 0.94638 0.373305 
1537349173892 0.262275 0.923636 -0.279478 -0.635893 -0.935286 0.314615 0.162042 -0.280431 0.237596 0.218892 0.94638 0.373305 
1537349174129 0.262571 0.923635 -0.279203 -0.635663 -0.935278 0.31478 0.161765 -0.280265 0.237299 0.218658 0.946508 0.373463 
1537349174142 0.262571 0.923635 -0.279203 -0.635663 -0.935278 0.31478 0.161765 -0.280265 0.237299 0.218658 0.946508 0.373463 
1537349174219 0.263039 0.923485 -0.279259 -0.635509 -0.935143 0.315242 0.161649 -0.280314 0.237315 0.218627 0.946511 0.373521 
1537349174377 0.263375 0.92347 -0.278993 -0.635406 -0.935083 0.315485 0.16152 -0.280003 0.237177 0.218341 0.946612 0.373498 
1537349174469 0.263992 0.923336 -0.278851 -0.635177 -0.934974 0.315991 0.161163 -0.280048 0.236922 0.218172 0.946715 0.373561 
1537349174649 0.26448 0.923278 -0.278583 -0.634985 -0.934895 0.316357 0.1609 -0.27976 0.236687 0.217891 0.946838 0.373622 
1537349174665 0.26448 0.923278 -0.278583 -0.634985 -0.934895 0.316357 0.1609 -0.27976 0.236687 0.217891 0.946838 0.373622 
1537349174895 0.265554 0.923048 -0.278323 -0.634663 -0.934681 0.317257 0.160371 -0.279665 0.23633 0.217556 0.947004 0.373708 
1537349174998 0.266249 0.922908 -0.278121 -0.634437 -0.934555 0.317822 0.159988 -0.279715 0.236047 0.217323 0.947129 0.373783 
1537349175369 0.266336 0.922876 -0.278147 -0.634423 -0.934557 0.317885 0.159853 -0.279766 0.235943 0.21737 0.947144 0.373764 
1537349175705 0.265815 0.922991 -0.278261 -0.63419 -0.93461 0.317494 0.16032 -0.279373 0.23632 0.217449 0.947031 0.373869 
1537349176095 0.265965 0.923011 -0.278054 -0.633852 -0.934589 0.317581 0.160268 -0.279282 0.236233 0.21724 0.947101 0.374025 
1537349176480 0.266179 0.922961 -0.278013 -0.633485 -0.93457 0.31774 0.160062 -0.279167 0.236067 0.217218 0.947148 0.374138 
1537349176873 0.266381 0.92293 -0.277925 -0.633139 -0.934528 0.317904 0.159982 -0.279003 0.236005 0.217113 0.947187 0.374204 
1537349177274 0.266558 0.92288 -0.277921 -0.632804 -0.934509 0.318044 0.159815 -0.278922 0.235881 0.21712 0.947216 0.374351 
1537349177694 0.26687 0.922845 -0.277737 -0.632456 -0.934467 0.318268 0.159615 -0.278787 0.235695 0.216939 0.947304 0.374515 
1537349178160 0.267069 0.922807 -0.277672 -0.632043 -0.934441 0.318419 0.159465 -0.278654 0.235571 0.21688 0.947349 0.374579 
1537349178598 0.267261 0.922782 -0.277568 -0.631654 -0.934376 0.318595 0.159496 -0.278471 0.235611 0.216726 0.947374 0.374746 
1537349178632 0.267261 0.922782 -0.277568 -0.631654 -0.934376 0.318595 0.159496 -0.278471 0.235611 0.216726 0.947374 0.374746 
1537349178961 0.267214 0.922842 -0.277417 -0.631389 -0.934399 0.318515 0.159522 -0.27836 0.235575 0.216592 0.947414 0.374888 
1537349179283 0.267416 0.922742 -0.277555 -0.630973 -0.934188 0.318873 0.160042 -0.278158 0.236182 0.216491 0.947286 0.374987 
1537349179633 0.267314 0.922782 -0.277517 -0.630543 -0.934177 0.318805 0.160239 -0.277983 0.23634 0.216416 0.947263 0.375088 
1537349179967 0.267506 0.922679 -0.277676 -0.630056 -0.93403 0.319101 0.160508 -0.277828 0.236704 0.216421 0.947171 0.375217 
1537349180277 0.267478 0.922689 -0.27767 -0.629635 -0.933994 0.319113 0.160691 -0.277635 0.236876 0.216361 0.947142 0.375244 
1537349180641 0.26757 0.922679 -0.277614 -0.62928 -0.933888 0.319265 0.161008 -0.277481 0.237191 0.21618 0.947104 0.375384 
1537349180994 0.268045 0.92253 -0.27765 -0.628721 -0.933639 0.319828 0.161332 -0.277525 0.237634 0.215981 0.947039 0.375578 
1537349181347 0.267775 0.92259 -0.277714 -0.628388 -0.933647 0.319644 0.161649 -0.277181 0.237905 0.216001 0.946966 0.375639 
1537349181815 0.268057 0.922519 -0.277676 -0.627881 -0.933498 0.319969 0.16187 -0.277086 0.238176 0.21582 0.946939 0.375803 
1537349181862 0.268057 0.922519 -0.277676 -0.627881 -0.933498 0.319969 0.16187 -0.277086 0.238176 0.21582 0.946939 0.375803 
1537349182025 0.26813 0.922407 -0.277978 -0.62772 -0.933461 0.320107 0.16181 -0.277071 0.238238 0.216095 0.946861 0.375724 
1537349182226 0.267884 0.922569 -0.277677 -0.627711 -0.933497 0.319849 0.162112 -0.276924 0.238374 0.215784 0.946898 0.375903 
1537349182444 0.267951 0.922592 -0.277537 -0.627318 -0.933429 0.319933 0.162337 -0.276786 0.238564 0.215562 0.9469 0.376024 
1537349182705 0.268019 0.922548 -0.277617 -0.627013 -0.933319 0.320095 0.162652 -0.276624 0.238918 0.215512 0.946823 0.376084 
1537349182911 0.268078 0.922475 -0.277803 -0.626591 -0.93324 0.320239 0.162818 -0.276569 0.239159 0.215609 0.94674 0.376129 
1537349183129 0.268154 0.92247 -0.277745 -0.626218 -0.933143 0.320369 0.163117 -0.276346 0.239452 0.215436 0.946705 0.376209 
1537349183341 0.268172 0.922473 -0.277719 -0.625831 -0.933052 0.32046 0.163463 -0.276264 0.239788 0.21529 0.946653 0.376276 
1537349183543 0.26813 0.92243 -0.277901 -0.625488 -0.932962 0.320543 0.163812 -0.276065 0.240184 0.215348 0.946539 0.376364 
1537349183762 0.268159 0.922453 -0.277797 -0.625082 -0.93287 0.320628 0.164171 -0.275897 0.24051 0.215125 0.946508 0.376486 
1537349183986 0.268167 0.922442 -0.277824 -0.624733 -0.932784 0.320715 0.164488 -0.275775 0.240833 0.21504 0.946445 0.376589 
1537349184002 0.26812 0.922478 -0.277753 -0.624587 -0.932777 0.320675 0.164606 -0.275706 0.240914 0.214947 0.946445 0.376646 
1537349184185 0.268175 0.922456 -0.277772 -0.62453 -0.932749 0.320743 0.164634 -0.275717 0.240961 0.214941 0.946435 0.376659 
1537349184237 0.268025 0.922463 -0.277895 -0.624349 -0.93274 0.320667 0.164831 -0.275542 0.241162 0.215025 0.946364 0.376638 
1537349184429 0.268274 0.92237 -0.277962 -0.624014 -0.932604 0.320975 0.165001 -0.275562 0.241411 0.214963 0.946315 0.376706 
1537349184623 0.268308 0.922351 -0.277992 -0.623651 -0.932524 0.321075 0.165255 -0.27545 0.24168 0.214895 0.946262 0.376781 
1537349184829 0.268202 0.922372 -0.278024 -0.623431 -0.932479 0.321047 0.165568 -0.275233 0.241974 0.214846 0.946198 0.376862 
1537349185034 0.26841 0.92234 -0.277931 -0.623054 -0.932333 0.321305 0.165886 -0.27516 0.242304 0.214598 0.946169 0.376998 
1537349185249 0.268526 0.922309 -0.277922 -0.622676 -0.932213 0.321491 0.166201 -0.275107 0.242638 0.214454 0.946116 0.377113 
1537349185457 0.268295 0.922332 -0.278068 -0.622476 -0.932202 0.321365 0.166505 -0.274868 0.242934 0.214543 0.94602 0.37718 
1537349185709 0.268319 0.922362 -0.277946 -0.622048 -0.932157 0.321399 0.166691 -0.274669 0.243081 0.214363 0.946023 0.377236 
1537349185725 0.268334 0.922361 -0.277935 -0.622001 -0.932145 0.321418 0.166722 -0.274658 0.243111 0.214339 0.946021 0.377246 
1537349185870 0.268334 0.922361 -0.277935 -0.622001 -0.932145 0.321418 0.166722 -0.274658 0.243111 0.214339 0.946021 0.377246 
1537349185974 0.268288 0.922338 -0.278056 -0.621858 -0.932101 0.321447 0.166913 -0.274571 0.24333 0.214395 0.945952 0.37726 
1537349186153 0.268656 0.922211 -0.278122 -0.6216 -0.931943 0.321857 0.167006 -0.274643 0.24353 0.214326 0.945916 0.377319 
1537349186345 0.268357 0.922333 -0.278004 -0.621371 -0.931997 0.321577 0.16724 -0.274448 0.243651 0.214219 0.945909 0.377407 
1537349186445 0.268354 0.922282 -0.278178 -0.621152 -0.931915 0.321679 0.167502 -0.274353 0.243968 0.214288 0.945812 0.377439 
1537349186676 0.268439 0.922233 -0.278258 -0.620837 -0.931796 0.321857 0.167819 -0.274275 0.244327 0.21423 0.945732 0.377493 
1537349186791 0.268652 0.922171 -0.278257 -0.620587 -0.93168 0.322109 0.16798 -0.274208 0.244536 0.214119 0.945704 0.377524 
1537349186991 0.268437 0.922229 -0.278273 -0.620421 -0.931715 0.32193 0.16813 -0.274067 0.244638 0.214138 0.945673 0.377571 
1537349187065 0.268397 0.922253 -0.27823 -0.620156 -0.931688 0.321918 0.168306 -0.274011 0.244788 0.214051 0.945654 0.377665 
1537349187085 0.268491 0.922245 -0.278167 -0.620012 -0.931648 0.322007 0.168353 -0.274038 0.244834 0.213952 0.945664 0.377713 
1537349187102 0.268574 0.922223 -0.27816 -0.619967 -0.931609 0.322099 0.168396 -0.274035 0.244894 0.21391 0.945658 0.377726 
1537349187341 0.268175 0.922345 -0.27814 -0.619739 -0.931619 0.321805 0.168901 -0.27372 0.245292 0.213826 0.945574 0.377805 
1537349187388 0.268175 0.922345 -0.27814 -0.619739 -0.931619 0.321805 0.168901 -0.27372 0.245292 0.213826 0.945574 0.377805 
1537349187601 0.268291 0.922305 -0.278162 -0.619297 -0.931496 0.321998 0.169213 -0.27356 0.245633 0.213709 0.945512 0.377917 
1537349187614 0.268291 0.922305 -0.278162 -0.619297 -0.931496 0.321998 0.169213 -0.27356 0.245633 0.213709 0.945512 0.377917 
1537349187814 0.268515 0.92219 -0.278325 -0.619101 -0.931391 0.322277 0.169256 -0.273645 0.245784 0.213782 0.945456 0.377957 
1537349187901 0.268244 0.922323 -0.278147 -0.61888 -0.931424 0.322025 0.169557 -0.273322 0.245957 0.21359 0.945455 0.378037 
1537349188061 0.268508 0.922244 -0.278154 -0.61872 -0.931319 0.322303 0.169604 -0.273377 0.246066 0.21351 0.945444 0.378075 
1537349188107 0.268516 0.922203 -0.278281 -0.618468 -0.931236 0.322405 0.169868 -0.273318 0.246372 0.213533 0.945359 0.378148 
1537349188132 0.268549 0.922213 -0.278216 -0.618279 -0.931186 0.322459 0.170038 -0.273279 0.246525 0.213407 0.945348 0.378218 
1537349188144 0.268662 0.922169 -0.278254 -0.618225 -0.931139 0.322587 0.170054 -0.27333 0.24658 0.213406 0.945334 0.378223 
1537349188161 0.268662 0.922169 -0.278254 -0.618225 -0.931139 0.322587 0.170054 -0.27333 0.24658 0.213406 0.945334 0.378223 
1537349188349 0.268392 0.922238 -0.278285 -0.618212 -0.931177 0.322368 0.170258 -0.273105 0.246729 0.213436 0.945288 0.378233 
1537349188426 0.268379 0.922287 -0.278135 -0.617993 -0.931162 0.322345 0.170386 -0.273029 0.2468 0.213261 0.945309 0.378329 
1537349188563 0.268601 0.92219 -0.278243 -0.617784 -0.93105 0.322619 0.170478 -0.273058 0.246979 0.213267 0.945261 0.378385 
1537349188623 0.268602 0.922213 -0.278166 -0.6176 -0.931017 0.322634 0.170633 -0.272958 0.247106 0.213145 0.945255 0.378448 
1537349188769 0.268676 0.922175 -0.27822 -0.617395 -0.930935 0.322766 0.170826 -0.272926 0.247332 0.213107 0.945205 0.378479 
1537349188819 0.268626 0.922224 -0.278107 -0.617283 -0.930933 0.322712 0.170941 -0.272817 0.247394 0.212979 0.945217 0.37852 
1537349189009 0.268717 0.922161 -0.278226 -0.617083 -0.930856 0.322865 0.171071 -0.272776 0.247584 0.213019 0.945159 0.378535 
1537349189026 0.268633 0.922203 -0.278168 -0.61696 -0.930868 0.322784 0.171159 -0.272721 0.247632 0.212959 0.94516 0.378581 
1537349189043 0.268699 0.922177 -0.278192 -0.616906 -0.930838 0.322861 0.171177 -0.272737 0.247673 0.212956 0.94515 0.378592 
1537349189196 0.268893 0.922076 -0.278337 -0.616835 -0.930721 0.323126 0.171312 -0.27274 0.247901 0.21299 0.945082 0.378578 
1537349189297 0.268675 0.922231 -0.278035 -0.616634 -0.930773 0.322871 0.171511 -0.272495 0.247942 0.212707 0.945135 0.378697 
1537349189432 0.268891 0.922116 -0.278209 -0.616375 -0.930654 0.323158 0.171614 -0.272518 0.248153 0.212771 0.945065 0.37877 
1537349189572 0.268972 0.922059 -0.27832 -0.616157 -0.930595 0.323287 0.171692 -0.272447 0.248287 0.212823 0.945019 0.378769 
1537349189688 0.2688 0.92213 -0.278251 -0.615928 -0.930629 0.323123 0.171817 -0.272321 0.248347 0.212764 0.945016 0.378793 
1537349189835 0.268925 0.922111 -0.278191 -0.61569 -0.930556 0.323263 0.171949 -0.272181 0.248485 0.212631 0.94501 0.378836 
1537349189973 0.268954 0.922107 -0.278178 -0.615428 -0.93053 0.323303 0.172013 -0.272169 0.24855 0.21259 0.945002 0.378882 
1537349190125 0.269072 0.922038 -0.27829 -0.615135 -0.930387 0.32353 0.172361 -0.272059 0.248959 0.21254 0.944905 0.378949 
1537349190139 0.269108 0.922033 -0.278272 -0.615099 -0.930371 0.323566 0.172378 -0.27206 0.248978 0.212507 0.944908 0.378957 
1537349190152 0.269108 0.922033 -0.278272 -0.615099 -0.930371 0.323566 0.172378 -0.27206 0.248978 0.212507 0.944908 0.378957 
1537349190341 0.269037 0.922091 -0.278149 -0.614825 -0.930338 0.32352 0.172642 -0.27187 0.249179 0.212326 0.944896 0.379049 
1537349190485 0.269334 0.921989 -0.2782 -0.614449 -0.930179 0.323877 0.172833 -0.27188 0.249453 0.212226 0.944846 0.37915 
1537349190631 0.269143 0.922051 -0.278181 -0.614195 -0.930185 0.323733 0.173072 -0.271668 0.249637 0.212179 0.944808 0.379233 
1537349190789 0.269295 0.922032 -0.278097 -0.613857 -0.930107 0.323891 0.173194 -0.27157 0.249764 0.21202 0.94481 0.379293 
1537349190965 0.269585 0.921937 -0.27813 -0.613531 -0.929973 0.324217 0.173302 -0.271507 0.249948 0.211934 0.94478 0.379313 
1537349191152 0.269498 0.922025 -0.277922 -0.613173 -0.929954 0.324132 0.173565 -0.271338 0.250115 0.211679 0.944793 0.379439 
1537349191332 0.269697 0.921954 -0.277964 -0.61286 -0.929833 0.324383 0.173741 -0.271329 0.250348 0.211603 0.944749 0.37951 
1537349191546 0.269555 0.922071 -0.277713 -0.61245 -0.929811 0.324254 0.174101 -0.271017 0.250583 0.211291 0.944756 0.379646 
1537349191562 0.269567 0.922067 -0.277717 -0.612413 -0.929799 0.324273 0.174129 -0.271001 0.250615 0.211281 0.94475 0.379661 
1537349191594 0.269567 0.922067 -0.277717 -0.612413 -0.929799 0.324273 0.174129 -0.271001 0.250615 0.211281 0.94475 0.379661 
1537349191807 0.269549 0.922057 -0.277765 -0.612072 -0.9297 0.324353 0.174506 -0.270742 0.250999 0.2112 0.944666 0.37973 
1537349191994 0.269845 0.921936 -0.277881 -0.611834 -0.929559 0.324704 0.174604 -0.270729 0.251203 0.211191 0.944614 0.379742 
1537349192181 0.270001 0.921911 -0.277814 -0.611487 -0.929487 0.324863 0.174694 -0.270623 0.251303 0.211057 0.944617 0.379806 
1537349192351 0.270316 0.921832 -0.277769 -0.61111 -0.929331 0.32521 0.174877 -0.270602 0.25154 0.210868 0.944596 0.379955 
1537349192549 0.270358 0.921837 -0.277709 -0.61078 -0.929248 0.325298 0.175153 -0.270335 0.251801 0.210707 0.944563 0.380096 
1537349192737 0.270466 0.921771 -0.277823 -0.610481 -0.929163 0.325468 0.175289 -0.270243 0.251999 0.210734 0.944504 0.380128 
1537349192942 0.2708 0.921697 -0.277744 -0.610062 -0.928963 0.325858 0.175626 -0.270168 0.252379 0.210455 0.944465 0.380259 
1537349193192 0.270702 0.921714 -0.277784 -0.609739 -0.928891 0.325856 0.176009 -0.269854 0.252748 0.210385 0.944382 0.380327 
1537349193211 0.270691 0.921714 -0.277796 -0.609655 -0.928877 0.325862 0.176076 -0.269812 0.252814 0.210376 0.944366 0.380352 
1537349193226 0.270691 0.921708 -0.277814 -0.609636 -0.928869 0.325871 0.176095 -0.2698 0.25284 0.210385 0.944357 0.380356 
1537349193473 0.270769 0.921728 -0.277672 -0.609295 -0.928792 0.325964 0.176331 -0.269626 0.25304 0.210155 0.944355 0.380518 
1537349193649 0.270769 0.921728 -0.277672 -0.609295 -0.928792 0.325964 0.176331 -0.269626 0.25304 0.210155 0.944355 0.380518 
1537349193751 0.270966 0.921678 -0.277646 -0.608671 -0.928568 0.326285 0.176915 -0.269308 0.25365 0.209875 0.944253 0.380724 
1537349193937 0.271192 0.921531 -0.277913 -0.608352 -0.928386 0.326648 0.1772 -0.269272 0.254075 0.209955 0.944121 0.380733 
1537349194108 0.271442 0.921428 -0.278009 -0.607968 -0.928239 0.326968 0.177382 -0.269258 0.254345 0.20991 0.944059 0.380822 
1537349194325 0.271211 0.921471 -0.278091 -0.607725 -0.928245 0.326814 0.177635 -0.268988 0.254569 0.20996 0.943987 0.3809 
1537349194493 0.271476 0.921385 -0.278118 -0.60735 -0.928123 0.327108 0.177729 -0.268915 0.254731 0.209879 0.943961 0.38094 
1537349194713 0.271541 0.921364 -0.278126 -0.606886 -0.928017 0.327244 0.178033 -0.268653 0.255049 0.209762 0.943901 0.381068 
1537349194725 0.271541 0.921364 -0.278126 -0.606886 -0.928017 0.327244 0.178033 -0.268653 0.255049 0.209762 0.943901 0.381068 
1537349194737 0.271541 0.921364 -0.278126 -0.606886 -0.928017 0.327244 0.178033 -0.268653 0.255049 0.209762 0.943901 0.381068 
1537349194948 0.27134 0.921409 -0.278173 -0.606557 -0.927982 0.327138 0.178411 -0.268569 0.255391 0.20973 0.943816 0.381123 
1537349195133 0.271459 0.921338 -0.27829 -0.606271 -0.927888 0.327323 0.17856 -0.26858 0.255605 0.20975 0.943754 0.381175 
1537349195333 0.271463 0.921366 -0.278195 -0.605972 -0.92785 0.327338 0.178728 -0.26849 0.255738 0.209605 0.94375 0.381308 
1537349195549 0.271282 0.921388 -0.278297 -0.605642 -0.927829 0.327246 0.179006 -0.268348 0.256005 0.209651 0.943667 0.381429 
1537349195705 0.271347 0.921358 -0.278336 -0.605301 -0.927731 0.32738 0.179271 -0.26833 0.256295 0.209576 0.943605 0.381498 
1537349195898 0.271183 0.92143 -0.278257 -0.605065 -0.927706 0.327268 0.179605 -0.268143 0.256558 0.209435 0.943565 0.381589 
1537349196035 0.271179 0.92142 -0.278293 -0.60477 -0.927626 0.327337 0.179889 -0.26806 0.256848 0.209369 0.943501 0.381685 
1537349196214 0.27102 0.921457 -0.278325 -0.604468 -0.927607 0.327245 0.180155 -0.267962 0.257086 0.209351 0.94344 0.38178 
1537349196232 0.270795 0.921547 -0.278247 -0.604333 -0.927638 0.327043 0.180364 -0.267767 0.257213 0.209271 0.943423 0.381844 
1537349196478 0.270778 0.921552 -0.278248 -0.604296 -0.927631 0.327036 0.180412 -0.267735 0.257256 0.20926 0.943414 0.381854 
1537349196681 0.270659 0.921547 -0.27838 -0.604064 -0.927572 0.327024 0.180734 -0.26772 0.257592 0.2093 0.943313 0.381865 
1537349196862 0.270595 0.92159 -0.278298 -0.603815 -0.927515 0.327009 0.181054 -0.267582 0.257863 0.209133 0.943276 0.381922 
1537349197041 0.27056 0.921548 -0.278472 -0.603544 -0.927442 0.327077 0.181305 -0.2676 0.258163 0.209213 0.943176 0.381946 
1537349197210 0.27022 0.921639 -0.278501 -0.603395 -0.927476 0.326811 0.181612 -0.267387 0.258398 0.209228 0.943109 0.382004 
1537349197410 0.27038 0.921595 -0.278492 -0.603127 -0.92735 0.327026 0.181868 -0.267345 0.258683 0.209086 0.943062 0.382068 
1537349197619 0.270222 0.921614 -0.278581 -0.602937 -0.927319 0.326955 0.182153 -0.267234 0.258958 0.209112 0.942981 0.382112 
1537349197803 0.270269 0.921604 -0.278568 -0.602642 -0.927219 0.327067 0.182462 -0.267257 0.259268 0.20898 0.942925 0.38217 
1537349197833 0.270269 0.921604 -0.278568 -0.602642 -0.927219 0.327067 0.182462 -0.267257 0.259268 0.20898 0.942925 0.38217 
1537349197865 0.269996 0.921673 -0.278604 -0.602554 -0.927228 0.326871 0.182769 -0.267044 0.259521 0.208982 0.942855 0.382195 
1537349198122 0.269972 0.921682 -0.278599 -0.602511 -0.927225 0.326854 0.18281 -0.267028 0.259554 0.208971 0.942848 0.382207 
1537349198317 0.27022 0.921564 -0.27875 -0.60244 -0.927082 0.327178 0.182957 -0.267118 0.259807 0.208985 0.942775 0.382167 
1537349198515 0.269985 0.921697 -0.278537 -0.602268 -0.927135 0.326924 0.183145 -0.26702 0.259864 0.208795 0.942802 0.382226 
1537349198714 0.270074 0.921678 -0.278513 -0.60218 -0.927056 0.327047 0.183323 -0.266992 0.260052 0.208686 0.942774 0.382216 
1537349198949 0.270152 0.921595 -0.278711 -0.602025 -0.926934 0.32724 0.183595 -0.266972 0.260406 0.208748 0.942663 0.382225 
1537349199175 0.269865 0.921699 -0.278647 -0.601893 -0.926954 0.327005 0.183915 -0.266789 0.260633 0.208661 0.942619 0.382258 
1537349199374 0.269792 0.921735 -0.278597 -0.601744 -0.926913 0.326975 0.184174 -0.26673 0.260854 0.208546 0.942584 0.382274 
1537349199558 0.27005 0.921644 -0.27865 -0.601623 -0.926791 0.327269 0.184266 -0.266855 0.261021 0.208489 0.94255 0.382291 
1537349199600 0.269857 0.921714 -0.278605 -0.601495 -0.926735 0.327166 0.184731 -0.266644 0.261419 0.208342 0.942472 0.382335 
1537349199743 0.269873 0.921707 -0.278613 -0.601486 -0.926719 0.327192 0.184765 -0.266643 0.261459 0.208333 0.942463 0.382334 
1537349199973 0.270087 0.921596 -0.278772 -0.601495 -0.926638 0.327442 0.184728 -0.266744 0.261526 0.208428 0.942423 0.3823 
1537349200180 0.269974 0.921659 -0.278671 -0.60159 -0.926765 0.327239 0.184448 -0.266813 0.26119 0.208467 0.942508 0.382273 
1537349200414 0.26983 0.921737 -0.278555 -0.601554 -0.926802 0.327082 0.184541 -0.266723 0.261208 0.20837 0.942524 0.382303 
1537349200646 0.269881 0.921732 -0.27852 -0.601518 -0.92678 0.32713 0.184567 -0.266718 0.261234 0.208316 0.942529 0.382318 
1537349200947 0.269939 0.921712 -0.278532 -0.601477 -0.926756 0.327193 0.184577 -0.26675 0.26126 0.208306 0.942524 0.382329 
1537349201154 0.269975 0.921729 -0.278439 -0.601394 -0.926726 0.327224 0.184669 -0.266685 0.261327 0.208181 0.942533 0.382375 
1537349201402 0.270163 0.921664 -0.278473 -0.601362 -0.926629 0.327444 0.184768 -0.266746 0.261479 0.208123 0.942504 0.382372 
1537349201454 0.270075 0.921725 -0.278359 -0.601312 -0.926622 0.327363 0.184948 -0.266662 0.261595 0.207983 0.942502 0.382421 
1537349201468 0.270075 0.921725 -0.278359 -0.601312 -0.926622 0.327363 0.184948 -0.266662 0.261595 0.207983 0.942502 0.382421 
1537349202538 0.263439 0.921976 -0.283832 -0.587248 -0.928685 0.322003 0.184007 -0.256425 0.261044 0.215116 0.941053 0.392354 
1537349202564 0.263439 0.921976 -0.283832 -0.587248 -0.928685 0.322003 0.184007 -0.256425 0.261044 0.215116 0.941053 0.392354 
1537349204169 0.251223 0.921635 -0.295764 -0.558595 -0.932434 0.312426 0.181542 -0.23605 0.259719 0.230173 0.937852 0.412672 
1537349205169 0.244718 0.921558 -0.301403 -0.544352 -0.934385 0.307157 0.180496 -0.225719 0.258916 0.237456 0.936257 0.422781 
1537349206433 0.23875 0.921186 -0.307269 -0.529979 -0.936156 0.302434 0.17929 -0.215592 0.258088 0.244847 0.93458 0.432975 
1537349207394 0.2326 0.920844 -0.31296 -0.515725 -0.937937 0.297495 0.178243 -0.205394 0.257238 0.252078 0.932891 0.443147 
1537349208326 0.226432 0.920359 -0.318853 -0.501414 -0.93967 0.292586 0.177238 -0.195192 0.256414 0.259484 0.931085 0.453313 
1537349209257 0.220333 0.919816 -0.324642 -0.487085 -0.941404 0.287658 0.176101 -0.185003 0.255366 0.266819 0.929299 0.463524 
1537349227767 0.215013 0.918931 -0.330659 -0.472366 -0.943034 0.283376 0.174312 -0.175103 0.253882 0.274343 0.927513 0.473978 
1537349228980 0.215013 0.918931 -0.330659 -0.472366 -0.943034 0.283376 0.174312 -0.175103 0.253882 0.274343 0.927513 0.473978 
1537349230142 0.214457 0.919112 -0.330517 -0.472657 -0.943112 0.282879 0.174697 -0.174908 0.254063 0.27425 0.927491 0.47373 
1537349231265 0.214711 0.919032 -0.330573 -0.47266 -0.943069 0.283112 0.174551 -0.174927 0.254007 0.274276 0.927498 0.473752 
1537349232478 0.214605 0.919044 -0.33061 -0.472637 -0.943063 0.283052 0.174682 -0.174859 0.25412 0.274299 0.927461 0.473761 
1537349233755 0.214868 0.918984 -0.330606 -0.472638 -0.942976 0.283328 0.174704 -0.174838 0.25422 0.274215 0.927458 0.473764 
1537349235055 0.214965 0.91902 -0.330443 -0.472608 -0.942983 0.283356 0.174619 -0.174852 0.254112 0.274066 0.927532 0.473835 
1537349236289 0.21518 0.91895 -0.330497 -0.472619 -0.942943 0.283559 0.174507 -0.174839 0.254079 0.274089 0.927534 0.473829 
1537349237525 0.215141 0.918933 -0.330571 -0.472634 -0.942935 0.283555 0.17456 -0.174804 0.254144 0.274152 0.927498 0.473828 
1537349238841 0.215384 0.918864 -0.330603 -0.472639 -0.942895 0.283772 0.174421 -0.1748 0.254085 0.274157 0.927512 0.473791 
1537349239159 0.21539 0.918832 -0.330689 -0.47265 -0.942929 0.283756 0.174264 -0.174802 0.253954 0.274281 0.927511 0.47379 
1537349239583 0.21548 0.918855 -0.330566 -0.472635 -0.942855 0.283875 0.174469 -0.174778 0.254151 0.274081 0.927516 0.473791 
1537349240017 0.215468 0.918861 -0.330557 -0.472633 -0.94286 0.28386 0.174466 -0.174779 0.254142 0.274077 0.92752 0.473795 
1537349240491 0.215425 0.918857 -0.330597 -0.472638 -0.942891 0.283804 0.174389 -0.174789 0.254064 0.274149 0.92752 0.473796 
1537349240930 0.215415 0.918856 -0.330606 -0.472639 -0.9429 0.283789 0.174367 -0.174792 0.25404 0.274167 0.927522 0.473796 
1537349241397 0.215411 0.918856 -0.330609 -0.472639 -0.942903 0.283783 0.174356 -0.174793 0.25403 0.274174 0.927522 0.473795 
1537349241821 0.215407 0.918855 -0.330613 -0.47264 -0.942908 0.283776 0.174345 -0.174794 0.254018 0.274183 0.927523 0.473793 
1537349242285 0.215402 0.918854 -0.330618 -0.472641 -0.942912 0.28377 0.174333 -0.174794 0.254006 0.274192 0.927523 0.47379 
1537349242753 0.215413 0.918849 -0.330625 -0.472642 -0.942913 0.283778 0.174315 -0.174795 0.253994 0.2742 0.927524 0.473785 
1537349243200 0.21543 0.918841 -0.330637 -0.472643 -0.942917 0.283787 0.174278 -0.174797 0.253964 0.274218 0.927527 0.473773 
1537349243302 0.21543 0.918841 -0.330637 -0.472643 -0.942917 0.283787 0.174278 -0.174797 0.253964 0.274218 0.927527 0.473773 
1537349243773 0.215508 0.918819 -0.330648 -0.472644 -0.9429 0.283862 0.174249 -0.174796 0.253962 0.274215 0.927529 0.473763 
1537349244245 0.215527 0.918816 -0.330643 -0.472643 -0.942895 0.283879 0.174245 -0.174799 0.253961 0.274207 0.927531 0.473766 
1537349244819 0.21553 0.918817 -0.330638 -0.472642 -0.942895 0.28388 0.174243 -0.1748 0.253959 0.274202 0.927533 0.473768 
1537349245401 0.215532 0.918818 -0.330635 -0.472642 -0.942895 0.283881 0.174242 -0.174801 0.253957 0.2742 0.927534 0.473769 
1537349245896 0.215533 0.918818 -0.330634 -0.472641 -0.942895 0.283881 0.174241 -0.174801 0.253957 0.274199 0.927535 0.47377 
1537349246388 0.215533 0.918818 -0.330634 -0.472641 -0.942895 0.283881 0.174242 -0.1748 0.253957 0.274199 0.927535 0.473771 
1537349246918 0.215533 0.918818 -0.330636 -0.472641 -0.942895 0.283882 0.174243 -0.1748 0.253959 0.274199 0.927534 0.473771 
1537349247385 0.215533 0.918817 -0.330637 -0.472642 -0.942894 0.283883 0.174244 -0.174799 0.253961 0.2742 0.927533 0.473771 
1537349247884 0.215531 0.918817 -0.330638 -0.472642 -0.942894 0.283882 0.174247 -0.174798 0.253963 0.274201 0.927532 0.473771 
1537349247969 0.215529 0.918817 -0.330639 -0.472641 -0.942894 0.283881 0.17425 -0.174796 0.253966 0.274202 0.927532 0.473771 
1537349248410 0.215529 0.918817 -0.330639 -0.472641 -0.942894 0.283881 0.17425 -0.174795 0.253966 0.274202 0.927532 0.473771 
1537349248829 0.215534 0.918817 -0.330638 -0.472641 -0.942894 0.283884 0.174242 -0.174798 0.253959 0.274201 0.927534 0.473771 
1537349249262 0.215536 0.918817 -0.330636 -0.472641 -0.942895 0.283884 0.174239 -0.174799 0.253956 0.2742 0.927535 0.473772 
1537349249649 0.215537 0.918817 -0.330635 -0.472641 -0.942895 0.283884 0.174237 -0.174799 0.253954 0.274199 0.927535 0.473772 
1537349250046 0.215537 0.918817 -0.330634 -0.47264 -0.942895 0.283884 0.174237 -0.174799 0.253953 0.274199 0.927536 0.473772 
1537349250433 0.215538 0.918817 -0.330633 -0.47264 -0.942895 0.283885 0.174237 -0.174799 0.253953 0.274198 0.927536 0.473773 
1537349250809 0.215538 0.918817 -0.330634 -0.47264 -0.942895 0.283885 0.174237 -0.174799 0.253954 0.274198 0.927536 0.473773 
1537349251181 0.215538 0.918817 -0.330634 -0.47264 -0.942895 0.283885 0.174237 -0.174799 0.253954 0.274198 0.927536 0.473773 
1537349251581 0.215538 0.918817 -0.330634 -0.47264 -0.942895 0.283885 0.174238 -0.174798 0.253955 0.274198 0.927536 0.473773 
1537349251703 0.215538 0.918817 -0.330634 -0.47264 -0.942895 0.283885 0.174238 -0.174798 0.253955 0.274198 0.927536 0.473773 
1537349252142 0.215532 0.918814 -0.330647 -0.472642 -0.942893 0.283886 0.174247 -0.174796 0.253967 0.274209 0.927529 0.473772 
1537349252575 0.215536 0.918813 -0.330648 -0.472642 -0.942893 0.283888 0.174242 -0.174798 0.253962 0.27421 0.92753 0.473772 
1537349253025 0.215537 0.918813 -0.330646 -0.472642 -0.942893 0.283888 0.17424 -0.174798 0.25396 0.274209 0.927531 0.473772 
1537349253491 0.215537 0.918813 -0.330646 -0.472642 -0.942894 0.283888 0.174239 -0.174798 0.25396 0.274209 0.927531 0.473772 
1537349253933 0.215537 0.918813 -0.330646 -0.472641 -0.942894 0.283888 0.174239 -0.174798 0.25396 0.274209 0.927531 0.473772 
1537349254347 0.215537 0.918812 -0.330647 -0.472642 -0.942893 0.283888 0.17424 -0.174798 0.25396 0.27421 0.927531 0.473772 
1537349254787 0.215536 0.918812 -0.330649 -0.472642 -0.942893 0.283888 0.174241 -0.174798 0.253962 0.274211 0.92753 0.473772 
1537349255281 0.215535 0.918812 -0.33065 -0.472642 -0.942893 0.283888 0.174242 -0.174798 0.253964 0.274213 0.927529 0.473772 
1537349255694 0.215534 0.918811 -0.330654 -0.472642 -0.942892 0.283888 0.174244 -0.174797 0.253967 0.274216 0.927527 0.473772 
1537349255780 0.215534 0.918811 -0.330654 -0.472642 -0.942892 0.283888 0.174244 -0.174797 0.253967 0.274216 0.927527 0.473772 
1537349256233 0.21553 0.91881 -0.330659 -0.472643 -0.942892 0.283888 0.174249 -0.174796 0.253971 0.27422 0.927525 0.473772 
1537349256664 0.215534 0.918809 -0.33066 -0.472643 -0.942892 0.28389 0.174244 -0.174798 0.253967 0.274221 0.927525 0.473771 
1537349257028 0.215534 0.918809 -0.330659 -0.472643 -0.942893 0.283889 0.174242 -0.174798 0.253965 0.274221 0.927526 0.473771 
1537349257405 0.215534 0.918809 -0.330659 -0.472643 -0.942893 0.28389 0.174241 -0.174798 0.253965 0.274221 0.927526 0.473771 
1537349257797 0.215534 0.918809 -0.33066 -0.472643 -0.942893 0.283889 0.174241 -0.174798 0.253965 0.274222 0.927526 0.473771 
1537349258179 0.215533 0.918808 -0.330661 -0.472643 -0.942893 0.283889 0.174242 -0.174798 0.253966 0.274223 0.927525 0.473771 
1537349258551 0.215533 0.918808 -0.330662 -0.472643 -0.942893 0.283889 0.174243 -0.174797 0.253967 0.274224 0.927525 0.473771 
1537349258933 0.215532 0.918808 -0.330664 -0.472643 -0.942892 0.283889 0.174244 -0.174797 0.253969 0.274225 0.927524 0.473771 
1537349259304 0.21553 0.918807 -0.330666 -0.472644 -0.942892 0.283889 0.174246 -0.174796 0.253971 0.274227 0.927523 0.473771 
1537349259450 0.215528 0.918807 -0.330669 -0.472644 -0.942892 0.283888 0.174248 -0.174796 0.253974 0.27423 0.927521 0.473771 
1537349259856 0.215528 0.918807 -0.330669 -0.472644 -0.942892 0.283888 0.174249 -0.174795 0.253974 0.27423 0.927521 0.473771 
1537349260203 0.215531 0.918805 -0.33067 -0.472644 -0.942892 0.28389 0.174243 -0.174798 0.25397 0.274232 0.927522 0.47377 
1537349260583 0.215532 0.918805 -0.33067 -0.472644 -0.942893 0.28389 0.174241 -0.174798 0.253968 0.274232 0.927522 0.47377 
1537349260993 0.215532 0.918806 -0.33067 -0.472644 -0.942893 0.28389 0.174241 -0.174798 0.253967 0.274232 0.927522 0.47377 
1537349261382 0.215531 0.918806 -0.33067 -0.472644 -0.942893 0.283889 0.17424 -0.174798 0.253967 0.274232 0.927522 0.47377 
1537349261761 0.215531 0.918805 -0.33067 -0.472644 -0.942893 0.283889 0.17424 -0.174798 0.253967 0.274233 0.927522 0.47377 
1537349262165 0.215531 0.918805 -0.330671 -0.472644 -0.942893 0.283889 0.174241 -0.174798 0.253967 0.274234 0.927522 0.47377 
1537349262546 0.21553 0.918805 -0.330673 -0.472644 -0.942893 0.283889 0.174242 -0.174797 0.253968 0.274235 0.927521 0.47377 
1537349262949 0.215529 0.918805 -0.330674 -0.472644 -0.942893 0.283889 0.174243 -0.174797 0.253969 0.274236 0.927521 0.47377 
1537349263017 0.215529 0.918805 -0.330674 -0.472644 -0.942893 0.283889 0.174243 -0.174797 0.253969 0.274236 0.927521 0.47377 
1537349263373 0.215527 0.918805 -0.330675 -0.472644 -0.942893 0.283888 0.174244 -0.174796 0.253971 0.274237 0.92752 0.47377 
1537349263781 0.21553 0.918804 -0.330676 -0.472645 -0.942893 0.28389 0.174239 -0.174798 0.253967 0.274238 0.92752 0.473769 
1537349264214 0.215531 0.918804 -0.330676 -0.472645 -0.942894 0.283889 0.174237 -0.174798 0.253965 0.274239 0.927521 0.473769 
1537349264590 0.21553 0.918804 -0.330676 -0.472645 -0.942894 0.283889 0.174236 -0.174798 0.253964 0.274239 0.927521 0.473769 
1537349264937 0.21553 0.918804 -0.330676 -0.472645 -0.942894 0.283888 0.174235 -0.174798 0.253963 0.274239 0.927521 0.473768 
1537349265299 0.21553 0.918804 -0.330676 -0.472645 -0.942894 0.283888 0.174235 -0.174798 0.253963 0.274239 0.927521 0.473768 
1537349265643 0.21553 0.918804 -0.330676 -0.472645 -0.942894 0.283888 0.174235 -0.174798 0.253963 0.274239 0.927521 0.473769 
1537349266010 0.215529 0.918804 -0.330676 -0.472645 -0.942894 0.283888 0.174236 -0.174798 0.253963 0.27424 0.927521 0.473768 
1537349266397 0.215529 0.918804 -0.330677 -0.472645 -0.942894 0.283887 0.174236 -0.174798 0.253964 0.27424 0.927521 0.473769 
1537349266471 0.215527 0.918804 -0.330678 -0.472645 -0.942894 0.283886 0.174238 -0.174797 0.253965 0.274241 0.92752 0.473768 
1537349266920 0.215527 0.918804 -0.330678 -0.472645 -0.942894 0.283886 0.174238 -0.174797 0.253965 0.274241 0.92752 0.473769 
1537349267345 0.21553 0.918803 -0.330679 -0.472645 -0.942895 0.283888 0.174231 -0.174799 0.25396 0.274243 0.927521 0.473767 
1537349267693 0.21553 0.918802 -0.330679 -0.472645 -0.942896 0.283887 0.174229 -0.174799 0.253957 0.274244 0.927521 0.473767 
1537349268056 0.21553 0.918803 -0.330679 -0.472645 -0.942896 0.283887 0.174228 -0.174799 0.253956 0.274244 0.927522 0.473767 
1537349268418 0.21553 0.918803 -0.330679 -0.472645 -0.942896 0.283886 0.174227 -0.174799 0.253956 0.274245 0.927522 0.473767 
1537349268845 0.215529 0.918803 -0.330679 -0.472645 -0.942896 0.283886 0.174227 -0.174799 0.253955 0.274245 0.927522 0.473767 
1537349269190 0.215529 0.918803 -0.330679 -0.472645 -0.942897 0.283885 0.174227 -0.174799 0.253955 0.274245 0.927522 0.473767 
1537349269546 0.215529 0.918803 -0.330679 -0.472645 -0.942897 0.283885 0.174228 -0.174799 0.253956 0.274245 0.927522 0.473767 
