1533763999405 -0.0984939 0.888684 -0.447816 -0.510132 -0.995031 -0.0945297 0.0312573 -0.246021 -0.014554 0.448669 0.893579 0.377039 
1533764003117 -0.0984892 0.888682 -0.447821 -0.510132 -0.995032 -0.0945241 0.031258 -0.246022 -0.0145515 0.448675 0.893577 0.377039 
1533764003717 -0.0773637 0.885105 -0.458916 -0.521125 -0.996947 -0.0637859 0.0450416 -0.243914 0.0105942 0.460999 0.887337 0.380637 
1533764004288 -0.0559924 0.880296 -0.471109 -0.532585 -0.997763 -0.0320774 0.0586479 -0.241777 0.0365156 0.473339 0.880123 0.384418 
1533764004864 -0.0347777 0.874722 -0.483376 -0.544044 -0.997414 6.20481e-05 0.0718737 -0.239676 0.0628995 0.484625 0.872458 0.388272 
1533764005455 -0.0139182 0.868296 -0.495852 -0.555536 -0.99588 0.0324011 0.0846918 -0.237563 0.0896037 0.494988 0.864267 0.392098 
1533764006043 0.00661819 0.861128 -0.508345 -0.56695 -0.993177 0.0648495 0.0969236 -0.235474 0.11643 0.504235 0.855681 0.396021 
1533764006637 0.0267211 0.853179 -0.520933 -0.578394 -0.989302 0.0973342 0.108667 -0.233358 0.143417 0.512456 0.846653 0.399926 
1533764007241 0.0464286 0.844337 -0.533798 -0.589866 -0.984223 0.13 0.120022 -0.231243 0.170733 0.519804 0.837051 0.403837 
1533764007851 0.0657482 0.834749 -0.546691 -0.601285 -0.978033 0.16252 0.13053 -0.22917 0.197808 0.5261 0.827098 0.407703 
1533764008459 0.0843784 0.824306 -0.559821 -0.612453 -0.97069 0.194883 0.140648 -0.226983 0.225037 0.531545 0.81659 0.411536 
1533764008482 0.084706 0.824197 -0.559933 -0.612629 -0.970508 0.195532 0.140998 -0.226918 0.225695 0.531476 0.816453 0.411771 
1533764008780 0.0875975 0.8224 -0.562125 -0.61449 -0.969299 0.200516 0.14231 -0.226655 0.22975 0.532401 0.814717 0.41218 
1533764008986 0.0897179 0.821175 -0.563579 -0.615691 -0.968424 0.204083 0.143197 -0.226576 0.232607 0.532936 0.813556 0.412584 
1533764009193 0.0915744 0.820135 -0.564794 -0.616884 -0.967538 0.207444 0.144354 -0.226311 0.235553 0.53324 0.812508 0.413093 
1533764009400 0.0933261 0.81902 -0.566123 -0.618093 -0.966727 0.210566 0.145263 -0.226069 0.23818 0.53373 0.81142 0.413435 
1533764009607 0.0952863 0.817814 -0.567539 -0.619313 -0.965817 0.214027 0.146255 -0.225869 0.241078 0.534202 0.810253 0.413857 
1533764009814 0.0972674 0.816641 -0.568891 -0.620549 -0.964874 0.217535 0.147299 -0.225626 0.244044 0.534581 0.809114 0.414343 
1533764010019 0.0990711 0.815452 -0.570283 -0.621753 -0.963966 0.22084 0.148318 -0.225404 0.246888 0.53504 0.807947 0.414699 
1533764010227 0.101004 0.814292 -0.5716 -0.622968 -0.963008 0.224294 0.149358 -0.22516 0.249828 0.53537 0.806824 0.41517 
1533764010249 0.101171 0.814084 -0.571867 -0.623183 -0.962886 0.224702 0.149528 -0.225114 0.250228 0.535515 0.806604 0.415222 
1533764010266 0.101297 0.814043 -0.571904 -0.623267 -0.962825 0.224914 0.149604 -0.225097 0.250413 0.535489 0.806564 0.415276 
1533764010398 0.101869 0.814285 -0.571456 -0.623237 -0.962652 0.22554 0.149774 -0.225108 0.250845 0.534856 0.806849 0.415231 
1533764010443 0.102253 0.814508 -0.57107 -0.62316 -0.962504 0.226011 0.150015 -0.225112 0.251256 0.534318 0.807078 0.415023 
1533764010536 0.102786 0.814472 -0.571026 -0.623278 -0.96229 0.226772 0.150238 -0.225154 0.251857 0.534051 0.807067 0.414824 
1533764010582 0.103284 0.814666 -0.570659 -0.623377 -0.962057 0.227492 0.150643 -0.225095 0.252544 0.533448 0.807251 0.414776 
1533764010676 0.10411 0.814746 -0.570394 -0.623573 -0.961747 0.228584 0.150967 -0.225074 0.253383 0.532858 0.807378 0.414637 
1533764010724 0.104722 0.814845 -0.570142 -0.623638 -0.961491 0.229438 0.151308 -0.225083 0.254105 0.532341 0.807493 0.414587 
1533764010819 0.105548 0.814909 -0.569898 -0.623783 -0.961156 0.230579 0.151699 -0.225074 0.255028 0.531749 0.807591 0.414492 
1533764010864 0.106142 0.815077 -0.569546 -0.623838 -0.960921 0.231352 0.152008 -0.225077 0.255664 0.531154 0.807781 0.414451 
1533764010887 0.106345 0.815116 -0.569454 -0.62387 -0.960851 0.231601 0.152075 -0.225084 0.255845 0.530988 0.807834 0.41443 
1533764010905 0.106456 0.815127 -0.569416 -0.623898 -0.960819 0.231725 0.152086 -0.225088 0.255918 0.530915 0.807858 0.414404 
1533764011030 0.107035 0.81536 -0.568974 -0.623985 -0.960525 0.232592 0.152621 -0.225079 0.25678 0.530178 0.808069 0.414249 
1533764011125 0.10679 0.815975 -0.568137 -0.623875 -0.960527 0.232287 0.153072 -0.225055 0.256874 0.529365 0.808572 0.414253 
1533764011222 0.10743 0.816482 -0.567288 -0.62384 -0.960295 0.232981 0.153468 -0.225155 0.257471 0.528277 0.809093 0.414238 
1533764011397 0.108338 0.817282 -0.565961 -0.623861 -0.959851 0.234176 0.154428 -0.225291 0.258746 0.526508 0.809839 0.414104 
1533764011510 0.108794 0.817705 -0.565262 -0.623894 -0.959622 0.23478 0.154935 -0.225356 0.259404 0.525582 0.81023 0.414056 
1533764011599 0.109087 0.818144 -0.564572 -0.623892 -0.959437 0.235196 0.155449 -0.225372 0.259964 0.524713 0.810614 0.414022 
1533764011706 0.109547 0.818655 -0.563741 -0.623902 -0.95924 0.235707 0.155888 -0.225419 0.260496 0.523686 0.811107 0.413964 
1533764011733 0.109596 0.818774 -0.563558 -0.623904 -0.959153 0.235876 0.156168 -0.225385 0.260796 0.523423 0.81118 0.413946 
1533764011750 0.109646 0.818861 -0.563423 -0.623906 -0.959089 0.236007 0.15636 -0.225362 0.261008 0.523228 0.811238 0.413933 
1533764011899 0.109284 0.819115 -0.563123 -0.623899 -0.959174 0.235565 0.156505 -0.225461 0.260848 0.52303 0.811417 0.413942 
1533764012008 0.109076 0.819433 -0.562701 -0.623812 -0.959196 0.235317 0.156746 -0.225642 0.260856 0.522643 0.811664 0.413967 
1533764012101 0.108713 0.819689 -0.562398 -0.623781 -0.959239 0.234957 0.157022 -0.225777 0.260849 0.522404 0.81182 0.413987 
1533764012203 0.108658 0.820099 -0.56181 -0.623709 -0.959209 0.234871 0.157334 -0.225968 0.260982 0.521798 0.812167 0.414003 
1533764012289 0.108397 0.820354 -0.561488 -0.623678 -0.959202 0.234667 0.157678 -0.226107 0.261114 0.521489 0.812323 0.41395 
1533764012450 0.107913 0.820852 -0.560854 -0.623625 -0.959212 0.234236 0.158262 -0.226364 0.261281 0.520899 0.812647 0.413885 
1533764012566 0.107816 0.82122 -0.560333 -0.623577 -0.959086 0.234327 0.158887 -0.226568 0.261782 0.520277 0.812885 0.413877 
1533764012589 0.107764 0.821266 -0.560275 -0.623563 -0.9591 0.234258 0.158907 -0.226641 0.261754 0.520235 0.812921 0.413875 
1533764012606 0.107685 0.821319 -0.560213 -0.623549 -0.95912 0.234157 0.15893 -0.226699 0.26171 0.520197 0.812959 0.413875 
1533764012730 0.107316 0.821432 -0.560118 -0.623485 -0.959116 0.233926 0.159298 -0.226708 0.261879 0.520123 0.812953 0.413915 
1533764012834 0.106537 0.820968 -0.560946 -0.623328 -0.95921 0.233429 0.159456 -0.227024 0.261849 0.521078 0.81235 0.413909 
1533764012931 0.106099 0.820912 -0.561112 -0.623163 -0.959235 0.233148 0.15972 -0.227305 0.261938 0.521292 0.812184 0.413951 
1533764013038 0.105636 0.820836 -0.56131 -0.623019 -0.959283 0.232812 0.159922 -0.227579 0.261949 0.521562 0.812007 0.413979 
1533764013144 0.104921 0.820563 -0.561843 -0.622944 -0.959335 0.23238 0.160237 -0.227763 0.262046 0.522183 0.811577 0.413854 
1533764013237 0.104304 0.820494 -0.562059 -0.622839 -0.959401 0.231917 0.160513 -0.227964 0.262051 0.522498 0.811372 0.413905 
1533764013343 0.103987 0.820386 -0.562275 -0.62265 -0.959412 0.231746 0.160694 -0.228331 0.262136 0.522743 0.811187 0.413972 
1533764013449 0.103229 0.82038 -0.562424 -0.622532 -0.959484 0.231172 0.161092 -0.228454 0.262173 0.523008 0.811004 0.414046 
1533764013472 0.1031 0.820356 -0.562482 -0.622505 -0.959494 0.231084 0.161156 -0.228488 0.262186 0.523083 0.810952 0.414038 
1533764013638 0.102513 0.820271 -0.562713 -0.622292 -0.959661 0.23044 0.161087 -0.22855 0.261806 0.5235 0.810805 0.414041 
1533764013691 0.102465 0.820204 -0.56282 -0.622028 -0.959674 0.230406 0.161058 -0.228577 0.261778 0.523621 0.810736 0.414078 
1533764013790 0.102547 0.820207 -0.5628 -0.621689 -0.959743 0.230313 0.160777 -0.228782 0.261491 0.523656 0.810806 0.414151 
1533764013852 0.102034 0.820221 -0.562874 -0.621424 -0.959865 0.22977 0.160824 -0.228754 0.261243 0.523874 0.810746 0.414198 
1533764013953 0.101834 0.820004 -0.563226 -0.62114 -0.959979 0.229489 0.160546 -0.228955 0.260902 0.524336 0.810556 0.414178 
1533764014008 0.101555 0.820006 -0.563274 -0.620852 -0.96008 0.229126 0.160461 -0.229034 0.26064 0.524492 0.81054 0.414231 
1533764014110 0.101332 0.819933 -0.56342 -0.620547 -0.96019 0.228797 0.160272 -0.229194 0.260322 0.52475 0.810475 0.414259 
1533764014176 0.100873 0.819901 -0.563549 -0.620279 -0.960311 0.228299 0.160258 -0.229192 0.260053 0.525017 0.810389 0.414313 
1533764014196 0.100906 0.819836 -0.563637 -0.62023 -0.960324 0.228309 0.160163 -0.229267 0.259991 0.525113 0.810346 0.414308 
1533764014213 0.100958 0.819775 -0.563716 -0.620179 -0.960339 0.228326 0.160049 -0.22936 0.259915 0.5252 0.810314 0.414304 
1533764014367 0.100128 0.819865 -0.563734 -0.61977 -0.960374 0.227755 0.160656 -0.229343 0.260109 0.525309 0.810181 0.414443 
1533764014430 0.0995945 0.819844 -0.563859 -0.619505 -0.96033 0.227541 0.161219 -0.229377 0.260475 0.525435 0.809982 0.414578 
1533764014519 0.0994141 0.819785 -0.563977 -0.619191 -0.960222 0.227671 0.161677 -0.229512 0.260941 0.52547 0.809809 0.414693 
1533764014603 0.0988331 0.819789 -0.564072 -0.618927 -0.96024 0.227299 0.162095 -0.229486 0.261097 0.525624 0.809659 0.414751 
1533764014682 0.0984659 0.81973 -0.564223 -0.618654 -0.960242 0.2271 0.162364 -0.229611 0.261229 0.525803 0.8095 0.414833 
1533764014757 0.098128 0.819735 -0.564275 -0.618325 -0.96021 0.226966 0.162737 -0.22976 0.261473 0.525853 0.809389 0.414962 
1533764014841 0.0974667 0.819736 -0.564387 -0.618105 -0.960202 0.226597 0.163296 -0.229661 0.261749 0.52601 0.809198 0.415017 
1533764014861 0.0973608 0.819736 -0.564405 -0.618024 -0.960203 0.226535 0.16338 -0.229669 0.261786 0.526036 0.809169 0.415024 
1533764014881 0.0972346 0.819717 -0.564455 -0.617921 -0.960196 0.226479 0.163493 -0.229683 0.261855 0.52609 0.809111 0.415044 
1533764015007 0.097068 0.819621 -0.564623 -0.61776 -0.960192 0.22642 0.163604 -0.229791 0.261935 0.526265 0.808972 0.415068 
1533764015060 0.0964441 0.819816 -0.564447 -0.617603 -0.960321 0.225741 0.163786 -0.229622 0.261693 0.526254 0.809057 0.415139 
1533764015129 0.0960099 0.819845 -0.564479 -0.617378 -0.96045 0.225218 0.163746 -0.229661 0.261377 0.526433 0.809043 0.415201 
1533764015181 0.0957669 0.819843 -0.564523 -0.617156 -0.960482 0.225011 0.16384 -0.229736 0.261347 0.526524 0.808993 0.415248 
1533764015245 0.095618 0.819814 -0.56459 -0.616892 -0.960524 0.224848 0.163819 -0.229913 0.261248 0.526638 0.808951 0.415293 
1533764015310 0.095284 0.819801 -0.564666 -0.616677 -0.960581 0.224542 0.163906 -0.229966 0.261162 0.526789 0.80888 0.415336 
1533764015367 0.094726 0.819839 -0.564705 -0.616521 -0.960654 0.224057 0.164142 -0.229853 0.261096 0.526937 0.808805 0.41538 
1533764015389 0.0945755 0.819848 -0.564717 -0.616454 -0.960677 0.22392 0.164196 -0.229841 0.261067 0.526981 0.808786 0.415397 
1533764015404 0.094519 0.819838 -0.56474 -0.616399 -0.960686 0.22387 0.164207 -0.229861 0.261052 0.527018 0.808767 0.415408 
1533764015421 0.0944947 0.819831 -0.564755 -0.616334 -0.960696 0.223839 0.164194 -0.229902 0.261025 0.527042 0.80876 0.415418 
1533764015437 0.0944948 0.819832 -0.564754 -0.616262 -0.960706 0.223818 0.164163 -0.229955 0.260988 0.52705 0.808767 0.415431 
1533764015559 0.0941294 0.819684 -0.565028 -0.616138 -0.960756 0.223546 0.164242 -0.22999 0.260936 0.527394 0.808559 0.415428 
1533764015595 0.0938021 0.819707 -0.56505 -0.61599 -0.960781 0.223296 0.164434 -0.229922 0.260961 0.527465 0.808504 0.415473 
1533764015662 0.0935536 0.819638 -0.565191 -0.615821 -0.960801 0.223129 0.164543 -0.23 0.260976 0.527643 0.808384 0.415535 
1533764015729 0.0932522 0.819541 -0.565382 -0.615637 -0.960803 0.222976 0.164739 -0.230052 0.261077 0.527859 0.80821 0.415577 
1533764015765 0.0930494 0.819536 -0.565423 -0.615474 -0.960814 0.222836 0.164866 -0.230076 0.261111 0.527925 0.808156 0.415628 
1533764015816 0.0928055 0.819475 -0.565551 -0.615295 -0.96083 0.222678 0.164986 -0.230131 0.261138 0.528087 0.808042 0.415677 
1533764015840 0.0927997 0.819399 -0.565662 -0.615225 -0.960823 0.22271 0.164983 -0.230207 0.261166 0.52819 0.807965 0.415685 
1533764015856 0.0927532 0.819342 -0.565752 -0.615176 -0.960821 0.222703 0.165004 -0.230248 0.261189 0.528282 0.807898 0.415693 
1533764015974 0.0922077 0.819444 -0.565693 -0.615015 -0.960831 0.222332 0.165448 -0.230172 0.261347 0.52828 0.807848 0.415724 
1533764016007 0.0924137 0.819819 -0.565116 -0.61499 -0.960776 0.222455 0.165601 -0.230162 0.261475 0.527646 0.80822 0.415721 
1533764016101 0.0923877 0.820024 -0.564823 -0.614993 -0.960766 0.222399 0.165732 -0.23017 0.26152 0.527352 0.808398 0.415647 
1533764016134 0.0920813 0.820251 -0.564544 -0.6149 -0.960762 0.22216 0.166078 -0.230107 0.261645 0.527099 0.808522 0.415643 
1533764016167 0.0918825 0.820417 -0.564335 -0.61478 -0.960761 0.221995 0.166305 -0.230124 0.261719 0.52691 0.808622 0.415629 
1533764016221 0.0918081 0.820575 -0.564117 -0.614597 -0.960743 0.22194 0.166481 -0.230232 0.261811 0.526686 0.808738 0.415566 
1533764016260 0.091708 0.820811 -0.56379 -0.614452 -0.960723 0.22185 0.166713 -0.230282 0.261917 0.526357 0.808918 0.415549 
1533764016280 0.091679 0.820951 -0.563591 -0.614383 -0.960695 0.221848 0.166877 -0.230287 0.26203 0.52614 0.809022 0.415557 
1533764016298 0.0916598 0.82107 -0.563421 -0.614312 -0.960663 0.221866 0.167038 -0.230301 0.262154 0.525947 0.809108 0.415563 
1533764016314 0.091635 0.821125 -0.563345 -0.614271 -0.96063 0.2219 0.167181 -0.230308 0.262283 0.525846 0.809131 0.41556 
1533764016330 0.0916128 0.821165 -0.563289 -0.614245 -0.960603 0.22193 0.167299 -0.230309 0.262391 0.52577 0.809145 0.415557 
1533764016347 0.0915573 0.821226 -0.563209 -0.614208 -0.960577 0.221931 0.167447 -0.230303 0.262506 0.525675 0.80917 0.415554 
1533764016432 0.0912074 0.821211 -0.563288 -0.614181 -0.96066 0.221561 0.167462 -0.230314 0.262324 0.525854 0.809113 0.415515 
1533764016499 0.090697 0.821165 -0.563437 -0.614079 -0.960659 0.221273 0.167849 -0.230375 0.262505 0.526047 0.808928 0.415373 
1533764016556 0.0905537 0.821444 -0.563054 -0.613904 -0.960595 0.221232 0.168268 -0.230368 0.262788 0.525629 0.809108 0.415273 
1533764016587 0.0902865 0.821563 -0.562923 -0.613819 -0.960631 0.220963 0.168412 -0.230374 0.262747 0.525556 0.809169 0.415215 
1533764016607 0.0901605 0.821626 -0.562852 -0.613765 -0.960638 0.220855 0.168514 -0.230382 0.262764 0.525504 0.809197 0.415183 
1533764016624 0.0900704 0.821673 -0.562798 -0.613724 -0.960639 0.220785 0.1686 -0.230387 0.262791 0.52546 0.809217 0.415166 
1533764016641 0.0899813 0.821713 -0.562753 -0.61369 -0.960641 0.220717 0.168682 -0.230391 0.262817 0.525425 0.809231 0.415152 
1533764016662 0.089867 0.821757 -0.562707 -0.613653 -0.960634 0.220649 0.16881 -0.230394 0.262882 0.525384 0.809237 0.415152 
1533764016755 0.0900336 0.821832 -0.562571 -0.613548 -0.960631 0.220731 0.168717 -0.230468 0.262834 0.525233 0.809351 0.415227 
1533764016776 0.0902374 0.821677 -0.562765 -0.613558 -0.960655 0.220852 0.168422 -0.230485 0.262676 0.525425 0.809277 0.415187 
1533764016856 0.0900784 0.821612 -0.562885 -0.613482 -0.960919 0.220248 0.167707 -0.230391 0.261764 0.52578 0.809342 0.415075 
1533764016890 0.089961 0.821703 -0.562772 -0.613422 -0.960983 0.220022 0.167638 -0.230319 0.261571 0.525733 0.809435 0.415083 
1533764016912 0.0899345 0.821757 -0.562697 -0.613356 -0.961018 0.219919 0.16757 -0.230311 0.26145 0.525691 0.809502 0.415104 
1533764016927 0.0899394 0.821773 -0.562672 -0.613317 -0.961034 0.219885 0.167524 -0.230321 0.26139 0.525679 0.809528 0.41511 
1533764017048 0.0898984 0.821685 -0.562807 -0.613139 -0.961139 0.219676 0.167197 -0.230416 0.261018 0.525905 0.809502 0.415077 
1533764017067 0.0897599 0.821512 -0.563082 -0.613185 -0.961115 0.219692 0.16731 -0.230387 0.261152 0.526169 0.809287 0.415081 
1533764017158 0.0894531 0.821246 -0.563518 -0.6132 -0.961027 0.219766 0.167723 -0.230322 0.261584 0.526553 0.808898 0.415243 
1533764017214 0.0890984 0.820997 -0.563937 -0.613039 -0.961015 0.21965 0.16794 -0.230308 0.261747 0.526989 0.808561 0.415314 
1533764017280 0.0890264 0.820843 -0.564173 -0.612887 -0.961037 0.219609 0.167869 -0.2304 0.261691 0.527246 0.808412 0.415382 
1533764017300 0.0889925 0.820716 -0.564363 -0.612863 -0.961033 0.219634 0.167857 -0.230434 0.261716 0.527433 0.808281 0.415386 
1533764017317 0.0889266 0.820586 -0.564562 -0.612847 -0.961029 0.219641 0.167871 -0.230452 0.261754 0.527633 0.808139 0.41539 
1533764017334 0.0888133 0.820483 -0.56473 -0.612827 -0.961029 0.219605 0.167922 -0.230438 0.261794 0.527808 0.808012 0.415401 
1533764017350 0.088717 0.82044 -0.564807 -0.612806 -0.961034 0.21955 0.167965 -0.230414 0.261809 0.527898 0.807948 0.415414 
1533764017367 0.0886562 0.82047 -0.564774 -0.612778 -0.961047 0.219479 0.167984 -0.230392 0.261781 0.527881 0.807968 0.415435 
1533764017383 0.088621 0.820512 -0.564718 -0.612755 -0.961058 0.219421 0.167992 -0.230375 0.26175 0.527839 0.808005 0.415453 
1533764017413 0.0887759 0.820582 -0.564593 -0.612737 -0.961081 0.219448 0.167827 -0.230413 0.261614 0.52772 0.808127 0.415435 
1533764017434 0.0890773 0.820744 -0.564309 -0.612703 -0.961106 0.21953 0.167577 -0.230449 0.261421 0.527434 0.808377 0.415401 
1533764017453 0.0892787 0.820848 -0.564126 -0.61268 -0.961137 0.219557 0.167362 -0.230456 0.261237 0.527261 0.808549 0.415357 
1533764017476 0.0894298 0.820871 -0.564068 -0.612667 -0.961162 0.219591 0.167177 -0.230445 0.261095 0.52721 0.808628 0.415304 
1533764017499 0.0895017 0.820914 -0.563995 -0.612627 -0.961187 0.21957 0.167059 -0.230387 0.260977 0.527152 0.808703 0.415261 
1533764017518 0.0895125 0.82097 -0.563912 -0.612577 -0.961224 0.219484 0.166956 -0.23031 0.260836 0.527101 0.808783 0.415229 
1533764017536 0.0894106 0.821024 -0.563849 -0.61253 -0.961311 0.219231 0.166787 -0.230242 0.260549 0.527122 0.808861 0.415203 
1533764017641 0.089597 0.820863 -0.564054 -0.612419 -0.961425 0.219161 0.166226 -0.230432 0.260068 0.527402 0.808834 0.415325 
1533764017684 0.0895543 0.820475 -0.564625 -0.612388 -0.961477 0.219143 0.165946 -0.230594 0.259888 0.528013 0.808493 0.415402 
1533764017768 0.0892887 0.820379 -0.564806 -0.612271 -0.961592 0.21878 0.165761 -0.230513 0.259555 0.528313 0.808404 0.415503 
1533764017810 0.0890878 0.820268 -0.564999 -0.612185 -0.961737 0.218395 0.165422 -0.230424 0.259084 0.528643 0.808339 0.415506 
1533764017929 0.0890327 0.820051 -0.565323 -0.611963 -0.962039 0.217809 0.16444 -0.230487 0.257982 0.529222 0.808313 0.415573 
1533764017966 0.0889076 0.81993 -0.565518 -0.611844 -0.96217 0.217501 0.164082 -0.230464 0.257537 0.529536 0.808249 0.415614 
1533764017990 0.0888435 0.819896 -0.565576 -0.611778 -0.96223 0.217348 0.16393 -0.230452 0.257333 0.52965 0.808239 0.415632 
1533764018159 0.0886485 0.819846 -0.56568 -0.611666 -0.962296 0.217111 0.16386 -0.230473 0.257155 0.529825 0.808181 0.415706 
1533764018202 0.0885072 0.82005 -0.565406 -0.611674 -0.962185 0.217195 0.164396 -0.230489 0.257616 0.529475 0.808264 0.415633 
1533764018336 0.0877429 0.820145 -0.565387 -0.611425 -0.962126 0.216832 0.165222 -0.230691 0.2581 0.529476 0.808108 0.415641 
1533764018388 0.0874217 0.820229 -0.565316 -0.611234 -0.962041 0.216788 0.16577 -0.230813 0.258524 0.529366 0.808045 0.415702 
1533764018482 0.0867533 0.820398 -0.565173 -0.6111 -0.961957 0.216508 0.166621 -0.230716 0.25906 0.529217 0.807971 0.415763 
1533764018535 0.0864106 0.820446 -0.565156 -0.610974 -0.961969 0.216262 0.16687 -0.230837 0.259129 0.529243 0.807932 0.415748 
1533764018619 0.086302 0.820475 -0.565131 -0.610763 -0.96187 0.21639 0.167274 -0.231083 0.259533 0.529146 0.807866 0.415762 
1533764018688 0.0857551 0.820576 -0.565068 -0.610624 -0.961808 0.216157 0.167932 -0.231066 0.259944 0.529086 0.807773 0.415754 
1533764018708 0.0856015 0.820603 -0.565052 -0.610594 -0.961801 0.216071 0.168085 -0.231043 0.260022 0.529079 0.807752 0.415763 
1533764018725 0.0854985 0.820626 -0.565033 -0.610575 -0.961798 0.216008 0.168184 -0.231022 0.260068 0.529068 0.807745 0.415773 
1533764018742 0.0853259 0.820668 -0.564999 -0.610547 -0.961799 0.215889 0.168331 -0.23099 0.260121 0.529052 0.807738 0.415788 
1533764018758 0.0851983 0.820693 -0.564981 -0.610515 -0.961797 0.215807 0.168444 -0.230982 0.260167 0.529046 0.807727 0.415797 
1533764018861 0.0851809 0.8207 -0.564974 -0.61033 -0.961747 0.215897 0.168616 -0.231129 0.260359 0.528999 0.807696 0.415837 
1533764018891 0.0850966 0.820653 -0.565055 -0.610198 -0.961727 0.2159 0.168726 -0.231131 0.260461 0.52907 0.807617 0.415854 
1533764018925 0.0851744 0.820519 -0.565238 -0.610047 -0.961671 0.2161 0.168787 -0.231225 0.260641 0.529196 0.807476 0.415875 
1533764018973 0.085179 0.820574 -0.565157 -0.609888 -0.961658 0.216115 0.168847 -0.231256 0.26069 0.529106 0.80752 0.415923 
1533764019020 0.0848736 0.82063 -0.565122 -0.609744 -0.961657 0.215915 0.169108 -0.231151 0.260793 0.5291 0.80749 0.415917 
1533764019069 0.0843494 0.820605 -0.565237 -0.609581 -0.96169 0.215535 0.1694 -0.231127 0.260839 0.529294 0.807348 0.415902 
1533764019087 0.084278 0.820565 -0.565306 -0.609525 -0.961687 0.21551 0.169449 -0.231188 0.260873 0.529366 0.80729 0.415909 
1533764019103 0.0843242 0.820519 -0.565365 -0.609463 -0.961656 0.215615 0.169493 -0.231255 0.260973 0.529395 0.807239 0.415919 
1533764019120 0.0843764 0.820474 -0.565423 -0.609411 -0.961625 0.215723 0.169531 -0.231314 0.261071 0.52942 0.807191 0.415928 
1533764019139 0.0844436 0.820424 -0.565485 -0.609347 -0.961588 0.215853 0.169573 -0.231386 0.261184 0.529445 0.807138 0.415939 
1533764019154 0.0844773 0.820397 -0.56552 -0.609306 -0.961563 0.215934 0.169617 -0.231426 0.261268 0.529454 0.807105 0.415947 
1533764019231 0.0840537 0.820572 -0.565329 -0.609279 -0.961586 0.215577 0.16994 -0.231206 0.26132 0.529328 0.80717 0.416019 
1533764019271 0.0836735 0.82073 -0.565155 -0.609206 -0.961634 0.215199 0.170143 -0.231056 0.261262 0.529236 0.807249 0.416065 
1533764019307 0.0833874 0.820861 -0.565007 -0.609048 -0.961679 0.214895 0.170275 -0.23102 0.26119 0.529157 0.807325 0.416125 
1533764019336 0.0833092 0.820926 -0.564925 -0.6089 -0.9617 0.214784 0.170294 -0.231081 0.261136 0.529101 0.807378 0.416168 
1533764019364 0.0832301 0.820976 -0.564864 -0.608795 -0.96172 0.214681 0.170313 -0.231126 0.261088 0.529066 0.807417 0.416201 
1533764019388 0.0831649 0.82102 -0.56481 -0.608729 -0.961723 0.214621 0.17037 -0.231143 0.261098 0.529022 0.807443 0.416236 
1533764019404 0.0831317 0.821046 -0.564776 -0.608671 -0.961715 0.21461 0.170432 -0.231164 0.261139 0.528985 0.807453 0.416262 
1533764019549 0.083214 0.820853 -0.565045 -0.608537 -0.96178 0.214586 0.170093 -0.231144 0.260872 0.529295 0.807337 0.416292 
1533764019690 0.0837193 0.820799 -0.565049 -0.608659 -0.962089 0.214282 0.168723 -0.230996 0.259567 0.529502 0.807621 0.416292 
1533764019749 0.0838155 0.820626 -0.565285 -0.608609 -0.962212 0.214141 0.168201 -0.230923 0.25908 0.529826 0.807565 0.4163 
1533764019826 0.0839175 0.820589 -0.565324 -0.608524 -0.962352 0.213927 0.167671 -0.230811 0.258527 0.52997 0.807648 0.41626 
1533764019885 0.0841555 0.820464 -0.565471 -0.608492 -0.962492 0.213821 0.167 -0.230817 0.257927 0.530207 0.807684 0.416243 
1533764019965 0.0842488 0.820375 -0.565586 -0.608426 -0.962662 0.213555 0.166362 -0.230756 0.257262 0.530452 0.807735 0.416287 
1533764020025 0.084467 0.820291 -0.565675 -0.608372 -0.962774 0.21348 0.165808 -0.230727 0.256771 0.530612 0.807787 0.41635 
1533764020048 0.0845291 0.820276 -0.565687 -0.60835 -0.962814 0.213439 0.165627 -0.230719 0.256599 0.530651 0.807816 0.416387 
1533764020064 0.0845289 0.82029 -0.565667 -0.608333 -0.96284 0.213382 0.165552 -0.230708 0.256504 0.530653 0.807845 0.416414 
1533764020212 0.0845665 0.820352 -0.565571 -0.608324 -0.962864 0.213336 0.16547 -0.230695 0.2564 0.530575 0.807929 0.416276 
1533764020230 0.0845058 0.820469 -0.565412 -0.608331 -0.962825 0.213347 0.165685 -0.230719 0.256568 0.530391 0.807997 0.416263 
1533764020246 0.0844769 0.820566 -0.565275 -0.608335 -0.962778 0.213398 0.165892 -0.230734 0.256753 0.53022 0.80805 0.41627 
1533764020352 0.0843843 0.820808 -0.564936 -0.608366 -0.962626 0.213583 0.166532 -0.23076 0.257352 0.52977 0.808155 0.416226 
1533764020371 0.0843963 0.821029 -0.564614 -0.608336 -0.962593 0.213594 0.166711 -0.230752 0.257473 0.529424 0.808343 0.416237 
1533764020397 0.0843001 0.821171 -0.564421 -0.608328 -0.962553 0.213576 0.166966 -0.230743 0.257655 0.52921 0.808425 0.416225 
1533764020470 0.0841331 0.821264 -0.564311 -0.608357 -0.962558 0.213436 0.167114 -0.230789 0.257689 0.529122 0.808471 0.41612 
1533764020487 0.0841269 0.821336 -0.564207 -0.608353 -0.962535 0.213457 0.167217 -0.230792 0.257775 0.529002 0.808523 0.416104 
1533764020503 0.0841343 0.821458 -0.564029 -0.608341 -0.962516 0.213465 0.167317 -0.230795 0.257844 0.52881 0.808626 0.416092 
1533764020520 0.0841205 0.821572 -0.563865 -0.608332 -0.962505 0.213446 0.167408 -0.230801 0.257892 0.52864 0.808722 0.416075 
1533764020537 0.0841066 0.821645 -0.56376 -0.608327 -0.962493 0.21344 0.167482 -0.230804 0.25794 0.528529 0.808779 0.416064 
1533764020553 0.0841389 0.821651 -0.563747 -0.60833 -0.962464 0.213519 0.167552 -0.230803 0.25804 0.528488 0.808774 0.416051 
1533764020571 0.0841555 0.821625 -0.563782 -0.608338 -0.962453 0.213557 0.167562 -0.230805 0.258072 0.528512 0.808748 0.416037 
1533764020591 0.0841664 0.821571 -0.563859 -0.608349 -0.962468 0.213551 0.167488 -0.230821 0.258016 0.528599 0.808709 0.416037 
1533764020610 0.0842801 0.821534 -0.563897 -0.608354 -0.962461 0.213644 0.167405 -0.230836 0.258002 0.52862 0.8087 0.416051 
1533764020634 0.0844306 0.82139 -0.564083 -0.608373 -0.96242 0.213862 0.167363 -0.230835 0.258106 0.528755 0.808579 0.41605 
1533764020650 0.0844855 0.821332 -0.564159 -0.60838 -0.962401 0.213951 0.167357 -0.230827 0.258158 0.528809 0.808527 0.416047 
1533764020744 0.0844574 0.821635 -0.563723 -0.608326 -0.962281 0.214091 0.167872 -0.230751 0.258617 0.528282 0.808725 0.416054 
1533764020770 0.0840753 0.821679 -0.563716 -0.60832 -0.962338 0.213729 0.168007 -0.230742 0.25853 0.528359 0.808702 0.416028 
1533764020814 0.0837935 0.821591 -0.563886 -0.60832 -0.962364 0.21353 0.168109 -0.23079 0.258523 0.528577 0.808562 0.416019 
1533764020872 0.0834785 0.821406 -0.564202 -0.608347 -0.962296 0.213533 0.168496 -0.230839 0.258879 0.528863 0.80826 0.416073 
1533764020909 0.0833318 0.821302 -0.564375 -0.608339 -0.962222 0.213625 0.1688 -0.230936 0.2592 0.528988 0.808076 0.416096 
1533764020943 0.0832378 0.821256 -0.564456 -0.608316 -0.962116 0.213796 0.169184 -0.231008 0.259622 0.52899 0.80794 0.416112 
1533764020996 0.0830958 0.821178 -0.56459 -0.6083 -0.962037 0.213895 0.169512 -0.231096 0.259963 0.52907 0.807777 0.416101 
1533764021040 0.082798 0.821092 -0.564759 -0.608311 -0.96201 0.213793 0.169792 -0.231113 0.260156 0.529245 0.8076 0.416047 
1533764021060 0.0826371 0.821071 -0.564813 -0.608312 -0.962006 0.213709 0.169919 -0.231121 0.260221 0.529312 0.807536 0.416036 
1533764021080 0.082472 0.821048 -0.56487 -0.608311 -0.961982 0.213663 0.170112 -0.231136 0.260363 0.529365 0.807455 0.416041 
1533764021103 0.082362 0.821029 -0.564913 -0.608305 -0.961943 0.213681 0.170311 -0.23116 0.260542 0.529387 0.807383 0.416064 
1533764021202 0.0822061 0.820711 -0.565398 -0.60831 -0.961748 0.214077 0.170912 -0.231176 0.261308 0.529721 0.806916 0.416102 
1533764021218 0.0821419 0.820598 -0.565573 -0.608317 -0.961722 0.214125 0.170999 -0.231172 0.261425 0.529877 0.806776 0.41609 
1533764021240 0.0820689 0.82044 -0.565811 -0.608322 -0.961685 0.214204 0.171112 -0.231178 0.261587 0.530089 0.806584 0.416084 
1533764021262 0.0819554 0.820289 -0.566047 -0.608323 -0.96168 0.21419 0.171157 -0.231185 0.26164 0.530328 0.80641 0.416087 
1533764021280 0.0818819 0.820185 -0.566209 -0.60832 -0.961668 0.2142 0.171209 -0.23119 0.261705 0.530486 0.806285 0.416093 
1533764021297 0.081849 0.820137 -0.566283 -0.608311 -0.961655 0.214221 0.171257 -0.231197 0.261764 0.530552 0.806222 0.41611 
1533764021313 0.0818319 0.820101 -0.566337 -0.608301 -0.96163 0.214273 0.171335 -0.231201 0.261863 0.530586 0.806168 0.416132 
1533764021348 0.0817779 0.81997 -0.566534 -0.60829 -0.961543 0.214455 0.171593 -0.231209 0.262197 0.530714 0.805974 0.41617 
1533764021401 0.0815299 0.819904 -0.566667 -0.608281 -0.961464 0.214483 0.172001 -0.231213 0.262565 0.530806 0.805794 0.416242 
1533764021435 0.0813497 0.819941 -0.566639 -0.60828 -0.96146 0.214369 0.172166 -0.231223 0.262636 0.530795 0.805779 0.416244 
1533764021476 0.081228 0.82007 -0.56647 -0.608268 -0.961494 0.214186 0.172202 -0.231253 0.262548 0.530669 0.80589 0.416207 
1533764021537 0.0807369 0.820135 -0.566445 -0.608271 -0.961523 0.213806 0.172513 -0.231238 0.262593 0.530722 0.805841 0.416187 
1533764021573 0.0804924 0.820126 -0.566493 -0.608277 -0.961458 0.213789 0.172895 -0.23122 0.262906 0.530743 0.805725 0.416235 
1533764021593 0.0803795 0.820039 -0.566635 -0.608283 -0.961407 0.213849 0.173104 -0.231226 0.263127 0.530852 0.805581 0.416244 
1533764021610 0.0802754 0.81994 -0.566794 -0.608287 -0.961356 0.213917 0.173301 -0.231245 0.263344 0.530979 0.805426 0.416249 
1533764021626 0.0802062 0.819862 -0.566916 -0.608288 -0.961315 0.213982 0.173452 -0.231269 0.263516 0.531072 0.805308 0.416254 
1533764021643 0.0801611 0.81982 -0.566982 -0.608276 -0.961258 0.214081 0.173642 -0.231299 0.263735 0.531097 0.80522 0.416276 
1533764021659 0.0801659 0.819816 -0.566988 -0.608258 -0.96121 0.214181 0.173783 -0.231327 0.263909 0.531063 0.805186 0.416302 
1533764021676 0.0801762 0.819814 -0.566989 -0.608247 -0.96119 0.214229 0.173836 -0.231346 0.263979 0.531047 0.805174 0.416302 
1533764021693 0.0801769 0.819812 -0.566993 -0.608248 -0.961186 0.214239 0.173848 -0.231348 0.263994 0.531047 0.805168 0.416282 
1533764021709 0.0801758 0.819834 -0.56696 -0.608248 -0.961199 0.214206 0.173819 -0.23134 0.263949 0.531025 0.805197 0.416263 
1533764021771 0.0801031 0.820152 -0.566511 -0.608252 -0.961328 0.213803 0.173599 -0.231239 0.2635 0.530697 0.805561 0.41621 
1533764021803 0.0798878 0.820218 -0.566445 -0.60827 -0.961358 0.21359 0.173697 -0.23119 0.263456 0.53068 0.805586 0.416208 
1533764021824 0.0797222 0.820272 -0.566391 -0.608267 -0.961359 0.213468 0.173838 -0.231184 0.263501 0.530646 0.805594 0.416232 
1533764021840 0.0796328 0.820291 -0.566376 -0.608268 -0.961326 0.213475 0.174016 -0.231199 0.26365 0.530614 0.805566 0.416251 
1533764021860 0.0795361 0.820289 -0.566392 -0.608264 -0.961277 0.213514 0.174238 -0.231234 0.263858 0.530602 0.805507 0.416255 
1533764021877 0.0795972 0.820275 -0.566403 -0.608258 -0.961217 0.213676 0.174368 -0.231266 0.264057 0.530557 0.805471 0.416255 
1533764021894 0.0796803 0.820247 -0.566432 -0.608253 -0.961167 0.213837 0.174448 -0.231306 0.264215 0.530536 0.805433 0.416258 
1533764021910 0.0797556 0.82021 -0.566476 -0.608249 -0.961139 0.213951 0.174461 -0.231353 0.264292 0.530548 0.805399 0.416256 
1533764021926 0.0798118 0.820204 -0.566477 -0.608245 -0.961149 0.213968 0.174387 -0.231386 0.264241 0.53055 0.805415 0.416256 
1533764021944 0.0798442 0.820219 -0.566451 -0.608242 -0.961157 0.213967 0.174343 -0.231394 0.264201 0.530528 0.805443 0.416261 
1533764022004 0.0798629 0.820393 -0.566195 -0.608243 -0.961142 0.213955 0.174441 -0.231301 0.264251 0.530263 0.805601 0.416246 
1533764022017 0.0798861 0.820468 -0.566083 -0.608238 -0.961088 0.214053 0.174614 -0.231261 0.264437 0.530106 0.805643 0.416245 
1533764022034 0.0799129 0.820553 -0.565956 -0.608233 -0.961018 0.214185 0.174842 -0.231213 0.264687 0.529922 0.805682 0.41623 
1533764022053 0.0798537 0.82061 -0.565882 -0.608245 -0.96096 0.214246 0.175083 -0.231174 0.264913 0.52981 0.805682 0.416194 
1533764022113 0.0796789 0.820573 -0.56596 -0.608278 -0.960966 0.214138 0.175184 -0.231214 0.264945 0.52991 0.805605 0.416158 
1533764022126 0.079705 0.820559 -0.565977 -0.608272 -0.961009 0.214072 0.175028 -0.231261 0.264781 0.529958 0.805627 0.416187 
1533764022143 0.0797242 0.820515 -0.566038 -0.608269 -0.961065 0.213986 0.174826 -0.231311 0.264572 0.530062 0.805628 0.416217 
1533764022159 0.0796885 0.820423 -0.566177 -0.60827 -0.961116 0.213889 0.174663 -0.231348 0.264396 0.530243 0.805566 0.416256 
1533764022176 0.0797157 0.820314 -0.56633 -0.608268 -0.961147 0.213877 0.174506 -0.231375 0.264274 0.530416 0.805492 0.416295 
1533764022193 0.0798226 0.820259 -0.566395 -0.608257 -0.961133 0.21399 0.174449 -0.231382 0.264296 0.530456 0.805459 0.416328 
1533764022209 0.079949 0.820252 -0.566387 -0.608238 -0.961122 0.214091 0.174383 -0.23139 0.264297 0.530425 0.805479 0.416349 
1533764022226 0.0800155 0.820245 -0.566389 -0.608223 -0.961116 0.214146 0.174347 -0.231393 0.264297 0.530415 0.805486 0.416347 
1533764022244 0.0799911 0.820229 -0.566416 -0.60821 -0.961128 0.214112 0.174322 -0.231393 0.26426 0.530454 0.805472 0.416333 
1533764022259 0.0799481 0.820201 -0.566461 -0.608202 -0.961141 0.214069 0.174307 -0.231392 0.264228 0.530514 0.805443 0.416316 
1533764022276 0.0799143 0.820183 -0.566492 -0.608194 -0.961153 0.214028 0.174287 -0.23139 0.264193 0.530558 0.805426 0.416306 
1533764022293 0.079888 0.820173 -0.566511 -0.608185 -0.961165 0.213992 0.174268 -0.231391 0.264159 0.530588 0.805417 0.416304 
1533764022309 0.0799008 0.82016 -0.566527 -0.608184 -0.961168 0.213998 0.174245 -0.231404 0.264144 0.530605 0.80541 0.416301 
1533764022326 0.0799134 0.820147 -0.566544 -0.608187 -0.961169 0.214007 0.174226 -0.231421 0.264135 0.530622 0.805402 0.416299 
1533764022343 0.079944 0.820126 -0.566571 -0.608195 -0.96116 0.214051 0.174224 -0.23145 0.264161 0.530637 0.805384 0.416303 
1533764022359 0.0799366 0.820116 -0.566586 -0.6082 -0.961156 0.214058 0.174238 -0.231467 0.264177 0.53065 0.80537 0.416314 
1533764022376 0.0798129 0.820122 -0.566595 -0.608204 -0.961162 0.213967 0.174316 -0.231485 0.264193 0.530677 0.805347 0.416343 
1533764022393 0.0796933 0.820109 -0.566631 -0.60821 -0.96114 0.213942 0.174469 -0.231483 0.26431 0.530707 0.805289 0.416354 
1533764022409 0.0795963 0.820079 -0.566687 -0.608219 -0.961107 0.213956 0.17463 -0.231476 0.264456 0.530747 0.805214 0.416364 
1533764022426 0.0795208 0.820047 -0.566745 -0.608227 -0.961079 0.213976 0.174761 -0.23147 0.264582 0.530789 0.805145 0.41637 
1533764022443 0.0794215 0.819983 -0.566852 -0.608241 -0.961049 0.213995 0.174904 -0.231466 0.264722 0.530881 0.805039 0.416376 
1533764022459 0.0793859 0.819934 -0.566927 -0.608251 -0.961023 0.214041 0.174992 -0.231465 0.264827 0.530938 0.804967 0.416386 
1533764022476 0.0793702 0.819898 -0.566981 -0.608259 -0.961011 0.214064 0.175024 -0.231466 0.264872 0.530984 0.804922 0.416389 
1533764022493 0.079372 0.819887 -0.566997 -0.608261 -0.96101 0.214071 0.175022 -0.231468 0.264876 0.530999 0.804911 0.416384 
1533764022510 0.0793975 0.819871 -0.567017 -0.608262 -0.961055 0.214003 0.174861 -0.231494 0.264706 0.531051 0.804932 0.416371 
1533764022526 0.0794264 0.81986 -0.567028 -0.608261 -0.961119 0.213895 0.174639 -0.231529 0.264464 0.53111 0.804972 0.416351 
1533764022543 0.0795446 0.819849 -0.567027 -0.608258 -0.961163 0.213883 0.174412 -0.231569 0.264269 0.531132 0.805022 0.416347 
1533764022563 0.0796344 0.819867 -0.56699 -0.608252 -0.961208 0.213844 0.174215 -0.231609 0.26408 0.531121 0.805091 0.416355 
1533764022579 0.07967 0.819884 -0.566959 -0.608248 -0.96124 0.213795 0.174096 -0.231636 0.263952 0.531113 0.805139 0.416367 
1533764022596 0.0796703 0.819903 -0.566931 -0.608245 -0.96127 0.213729 0.174012 -0.231661 0.263843 0.53111 0.805176 0.416393 
1533764022613 0.0796752 0.819915 -0.566913 -0.608245 -0.961286 0.213695 0.173962 -0.23168 0.263781 0.531106 0.8052 0.41642 
1533764022629 0.0796272 0.81993 -0.566899 -0.608245 -0.96131 0.213613 0.173931 -0.231696 0.263709 0.531117 0.805216 0.416452 
1533764022646 0.0795331 0.819941 -0.566897 -0.608245 -0.961331 0.213511 0.173945 -0.231699 0.263663 0.531141 0.805215 0.416475 
1533764022663 0.0794786 0.819932 -0.566917 -0.608249 -0.96133 0.213481 0.173984 -0.231694 0.263681 0.531167 0.805192 0.416483 
1533764022681 0.0793947 0.819841 -0.56706 -0.608268 -0.961316 0.213485 0.174057 -0.231683 0.263758 0.531305 0.805076 0.41647 
1533764022696 0.0793132 0.819728 -0.567234 -0.608291 -0.961301 0.2135 0.174122 -0.231673 0.263837 0.531473 0.804939 0.416454 
1533764022717 0.0791673 0.819573 -0.56748 -0.60832 -0.961294 0.21347 0.174194 -0.231655 0.263904 0.531725 0.804751 0.41644 
1533764022733 0.0790732 0.819504 -0.567592 -0.608331 -0.961308 0.213405 0.174196 -0.231646 0.263882 0.531857 0.804671 0.416439 
1533764022750 0.0789328 0.81941 -0.567747 -0.608347 -0.961357 0.213249 0.174119 -0.231647 0.263746 0.532064 0.804578 0.416443 
1533764022767 0.0788251 0.819331 -0.567876 -0.608361 -0.961395 0.213131 0.174056 -0.231651 0.263642 0.532233 0.8045 0.416445 
1533764022783 0.0787272 0.819251 -0.568004 -0.608377 -0.961428 0.213026 0.173998 -0.231658 0.263548 0.532397 0.804423 0.416444 
1533764022800 0.0786756 0.819219 -0.568059 -0.608383 -0.961443 0.212975 0.173981 -0.231658 0.263511 0.532468 0.804388 0.416443 
1533764022816 0.0785 0.819134 -0.568205 -0.608394 -0.96149 0.212797 0.173938 -0.231649 0.263391 0.53267 0.804294 0.41645 
1533764022875 0.0783153 0.819204 -0.56813 -0.608376 -0.961492 0.212657 0.174097 -0.231631 0.263437 0.532618 0.804313 0.416496 
1533764022894 0.0781574 0.819261 -0.56807 -0.608365 -0.961482 0.212563 0.17427 -0.23162 0.263523 0.532568 0.804318 0.416522 
1533764022910 0.0780262 0.819304 -0.568026 -0.608357 -0.961475 0.212482 0.174406 -0.231616 0.263586 0.532535 0.804319 0.416549 
1533764022926 0.0778933 0.819339 -0.567993 -0.608352 -0.961467 0.212405 0.174544 -0.23162 0.263655 0.532511 0.804312 0.416586 
1533764022942 0.0778407 0.819346 -0.56799 -0.608344 -0.961437 0.212429 0.174676 -0.231638 0.263778 0.53249 0.804286 0.416615 
1533764022959 0.0778611 0.819343 -0.567992 -0.608333 -0.961402 0.212515 0.174768 -0.23166 0.263902 0.532461 0.804265 0.416641 
1533764022975 0.0778757 0.819325 -0.568016 -0.608324 -0.961377 0.21258 0.174826 -0.231706 0.263988 0.532463 0.804235 0.416672 
1533764023131 0.0777922 0.819445 -0.567855 -0.608404 -0.961615 0.212011 0.174208 -0.231603 0.263145 0.532505 0.804483 0.416537 
1533764023144 0.0780163 0.819541 -0.567685 -0.608401 -0.961617 0.212116 0.174068 -0.231577 0.263071 0.532316 0.804633 0.416518 
1533764023166 0.0783316 0.819664 -0.567464 -0.6084 -0.96162 0.212268 0.173867 -0.231538 0.262968 0.532065 0.804832 0.416494 
1533764023198 0.078319 0.81972 -0.567384 -0.608431 -0.961695 0.212091 0.173667 -0.231467 0.262695 0.532049 0.804932 0.416426 
1533764023270 0.0787678 0.820015 -0.566896 -0.608428 -0.961844 0.211976 0.172979 -0.23143 0.262014 0.53164 0.805424 0.416348 
1533764023296 0.0791042 0.820201 -0.56658 -0.608407 -0.961914 0.211986 0.172578 -0.231445 0.261656 0.53135 0.805732 0.416323 
1533764023309 0.0792536 0.820276 -0.56645 -0.6084 -0.961961 0.211961 0.17235 -0.231463 0.261439 0.531243 0.805872 0.416307 
1533764023326 0.0794027 0.820345 -0.566329 -0.608407 -0.962012 0.211927 0.172104 -0.231474 0.261205 0.53115 0.80601 0.416281 
1533764023343 0.079544 0.820406 -0.566222 -0.608426 -0.96206 0.211899 0.17187 -0.23147 0.260985 0.531068 0.806135 0.416255 
1533764023359 0.0796476 0.820445 -0.56615 -0.608447 -0.962089 0.211891 0.171716 -0.231446 0.260846 0.53101 0.806218 0.416232 
1533764023376 0.0797548 0.820509 -0.566043 -0.608465 -0.962118 0.21188 0.171569 -0.231412 0.260707 0.530916 0.806325 0.416212 
1533764023394 0.0797593 0.820581 -0.565938 -0.608475 -0.962161 0.211773 0.17146 -0.231387 0.260548 0.530847 0.806422 0.4162 
1533764023409 0.079721 0.820593 -0.565925 -0.608491 -0.962186 0.211694 0.171416 -0.231365 0.260466 0.53086 0.80644 0.416181 
1533764023426 0.0796922 0.82058 -0.565948 -0.6085 -0.962189 0.211674 0.171424 -0.231357 0.260464 0.530888 0.806422 0.416165 
1533764023502 0.079824 0.8207 -0.565755 -0.608482 -0.96214 0.211819 0.17152 -0.231414 0.260604 0.530644 0.806537 0.416221 
1533764023518 0.0799276 0.820803 -0.565591 -0.608467 -0.962142 0.211849 0.171475 -0.231426 0.260567 0.530474 0.806662 0.416223 
