1530722072132 -0.415277 0.44816 -0.791642 -0.488173 -0.624989 -0.772889 -0.109688 -0.289689 -0.661009 0.449217 0.601058 0.441779 
1530722078740 -0.415276 0.448162 -0.791642 -0.488172 -0.624991 -0.772887 -0.10969 -0.28969 -0.661009 0.449217 0.601058 0.441779 
1530722080015 -0.343389 0.48678 -0.8032 -0.498811 -0.70518 -0.698482 -0.121833 -0.280384 -0.620327 0.524564 0.583118 0.445802 
1530722081335 -0.267176 0.517139 -0.813133 -0.509452 -0.77628 -0.615464 -0.136358 -0.271155 -0.57097 0.594787 0.565882 0.449849 
1530722082647 -0.187998 0.538621 -0.821306 -0.520115 -0.837161 -0.525182 -0.152793 -0.261867 -0.513632 0.658841 0.549645 0.453912 
1530722083958 -0.106588 0.550885 -0.827747 -0.53072 -0.887041 -0.428795 -0.17115 -0.252573 -0.449218 0.716003 0.534362 0.457879 
1530722085292 -0.024265 0.553894 -0.832234 -0.54135 -0.925357 -0.327481 -0.190975 -0.243268 -0.37832 0.765479 0.520496 0.461911 
1530722086673 0.05794 0.547785 -0.83461 -0.552022 -0.951547 -0.222595 -0.212155 -0.233962 -0.301995 0.806463 0.508346 0.466003 
1530722088100 0.139053 0.532231 -0.835101 -0.56266 -0.965237 -0.115624 -0.234412 -0.224686 -0.221319 0.838666 0.497651 0.470017 
1530722090147 0.293022 0.474717 -0.829929 -0.583203 -0.954742 0.0989286 -0.280502 -0.206739 -0.0510554 0.874561 0.48222 0.478033 
1530722090301 0.293058 0.474701 -0.829925 -0.583202 -0.954732 0.0989655 -0.280523 -0.206749 -0.0510306 0.874565 0.482215 0.478043 
1530722091070 0.307594 0.467081 -0.828988 -0.585506 -0.950917 0.119957 -0.285248 -0.204718 -0.0337906 0.87604 0.481054 0.478846 
1530722091617 0.314815 0.463084 -0.82852 -0.586617 -0.948824 0.130565 -0.287551 -0.203709 -0.0249851 0.876645 0.480489 0.479244 
1530722092158 0.322065 0.459259 -0.827862 -0.587761 -0.946578 0.14122 -0.289907 -0.20272 -0.0162323 0.877005 0.480207 0.479754 
1530722092717 0.329241 0.454952 -0.827417 -0.588914 -0.944216 0.151625 -0.292347 -0.201734 -0.00754677 0.877513 0.479493 0.480048 
1530722093251 0.336463 0.45067 -0.826855 -0.590021 -0.941696 0.162223 -0.294775 -0.200801 0.00128857 0.877827 0.478976 0.480422 
1530722093782 0.343479 0.446345 -0.826316 -0.591139 -0.939107 0.172647 -0.297105 -0.199763 0.0100499 0.878048 0.478466 0.48081 
1530722094524 0.357595 0.437665 -0.82497 -0.59334 -0.933471 0.193548 -0.301944 -0.197907 0.027521 0.878059 0.47776 0.481683 
1530722094780 0.357529 0.437568 -0.82505 -0.593366 -0.933495 0.193525 -0.301886 -0.197852 0.0275718 0.878113 0.477658 0.481643 
1530722095031 0.358376 0.437236 -0.824858 -0.593447 -0.933147 0.194574 -0.302286 -0.197829 0.0283251 0.878046 0.477736 0.481724 
1530722095351 0.359515 0.436401 -0.824805 -0.593705 -0.932654 0.196543 -0.302534 -0.19749 0.0300832 0.878023 0.477672 0.481832 
1530722095608 0.360302 0.435921 -0.824716 -0.593805 -0.932322 0.197629 -0.302852 -0.197462 0.0309684 0.878018 0.477624 0.481895 
1530722095960 0.361151 0.435401 -0.824619 -0.593937 -0.931964 0.198711 -0.303244 -0.197401 0.031828 0.878032 0.477543 0.481921 
1530722096208 0.361713 0.434946 -0.824613 -0.594055 -0.931717 0.199629 -0.303399 -0.197237 0.032655 0.878049 0.477455 0.481927 
1530722096474 0.362562 0.434553 -0.824447 -0.594166 -0.931354 0.200823 -0.303725 -0.197202 0.0335832 0.877971 0.477534 0.482004 
1530722096842 0.363846 0.433558 -0.824405 -0.594431 -0.930786 0.202882 -0.3041 -0.196955 0.0354118 0.87799 0.477367 0.482026 
1530722096982 0.363859 0.433507 -0.824426 -0.59444 -0.93078 0.202877 -0.30412 -0.196956 0.0354188 0.878017 0.477318 0.482006 
1530722097936 0.331001 0.475456 -0.815095 -0.593321 -0.943587 0.175056 -0.281068 -0.201706 0.00905139 0.862147 0.506578 0.477422 
1530722098691 0.314123 0.496001 -0.809512 -0.592785 -0.949375 0.160824 -0.269857 -0.204135 -0.00366018 0.853299 0.521409 0.47521 
1530722099428 0.296795 0.515882 -0.803604 -0.592211 -0.954805 0.146095 -0.25885 -0.20657 -0.0161334 0.84411 0.535927 0.472935 
1530722100159 0.279045 0.535401 -0.79717 -0.591663 -0.959861 0.131064 -0.247969 -0.208892 -0.0282828 0.834367 0.550483 0.470649 
1530722101139 0.24272 0.573025 -0.782771 -0.59055 -0.968733 0.10041 -0.226878 -0.213679 -0.0514087 0.813364 0.579479 0.466142 
1530722101840 0.224096 0.590885 -0.775007 -0.589992 -0.972555 0.0845228 -0.216776 -0.216092 -0.0625842 0.802316 0.59361 0.4638 
1530722102531 0.2052 0.60839 -0.766651 -0.589418 -0.975974 0.0685605 -0.206819 -0.218283 -0.0732649 0.790671 0.607842 0.461751 
1530722102919 0.20511 0.608421 -0.766651 -0.589416 -0.975989 0.0684661 -0.206781 -0.218271 -0.0733201 0.790655 0.607855 0.461756 
1530722103604 0.185974 0.625527 -0.757714 -0.589518 -0.978971 0.052165 -0.197215 -0.220614 -0.0838373 0.778457 0.622074 0.459251 
1530722104308 0.166649 0.642168 -0.74823 -0.589528 -0.981519 0.0356423 -0.188017 -0.223077 -0.0940701 0.765735 0.63624 0.456738 
1530722104975 0.146818 0.658167 -0.738418 -0.589621 -0.983674 0.0186118 -0.178993 -0.225399 -0.104064 0.752642 0.650154 0.454179 
1530722105652 0.126867 0.67371 -0.728024 -0.589655 -0.985398 0.0015782 -0.170257 -0.227788 -0.113555 0.738994 0.664073 0.451728 
1530722106555 0.0863985 0.702897 -0.706025 -0.589749 -0.987583 -0.0329039 -0.153612 -0.23257 -0.131204 0.710531 0.691326 0.446695 
1530722107209 0.0657572 0.716536 -0.694443 -0.589844 -0.988031 -0.0505639 -0.14573 -0.234884 -0.139534 0.695715 0.704636 0.444148 
1530722107843 0.0448927 0.729596 -0.682403 -0.589905 -0.988061 -0.0683444 -0.138072 -0.237207 -0.147375 0.680454 0.717818 0.441691 
1530722108510 0.024247 0.74199 -0.669972 -0.589814 -0.987652 -0.0859764 -0.130963 -0.23955 -0.154775 0.664875 0.730743 0.439379 
1530722108891 0.024231 0.742063 -0.669892 -0.589803 -0.987666 -0.085918 -0.1309 -0.239616 -0.154692 0.664801 0.730829 0.439396 
1530722109487 0.00608885 0.752388 -0.658693 -0.590404 -0.98693 -0.101557 -0.125126 -0.241528 -0.161037 0.650845 0.741935 0.437103 
1530722110119 -0.0123313 0.762264 -0.647148 -0.591008 -0.985899 -0.117284 -0.119361 -0.243495 -0.166885 0.636551 0.752962 0.43479 
1530722110782 -0.0307416 0.771631 -0.635327 -0.591616 -0.984535 -0.133053 -0.11396 -0.245506 -0.172467 0.621999 0.763788 0.43245 
1530722111607 -0.0679052 0.788915 -0.610739 -0.592822 -0.980838 -0.164832 -0.103865 -0.24941 -0.18261 0.591983 0.78499 0.427886 
1530722112247 -0.0866904 0.79675 -0.598059 -0.593437 -0.978512 -0.180829 -0.0990674 -0.251307 -0.187079 0.57662 0.795306 0.425567 
1530722112876 -0.105451 0.804095 -0.585073 -0.594058 -0.97583 -0.196918 -0.0947541 -0.253226 -0.191403 0.56094 0.805426 0.423325 
1530722113508 -0.124024 0.810886 -0.571911 -0.594617 -0.972916 -0.212678 -0.0905617 -0.255291 -0.195068 0.545189 0.815302 0.421008 
1530722114158 -0.142846 0.817032 -0.558618 -0.595109 -0.969613 -0.22878 -0.0866687 -0.257052 -0.198611 0.529262 0.824885 0.418861 
1530722114635 -0.142932 0.817052 -0.558566 -0.595128 -0.96959 -0.228873 -0.0866779 -0.257065 -0.198661 0.529191 0.824918 0.41884 
1530722115223 -0.158679 0.821392 -0.547847 -0.596048 -0.966317 -0.24307 -0.0845521 -0.258712 -0.202616 0.515977 0.832294 0.417097 
1530722115825 -0.174436 0.825488 -0.536788 -0.596938 -0.962792 -0.257262 -0.0827526 -0.260446 -0.206406 0.50238 0.839649 0.415312 
1530722116429 -0.190366 0.829048 -0.525775 -0.597903 -0.958963 -0.271668 -0.0811606 -0.262094 -0.210122 0.488749 0.846743 0.413492 
1530722117026 -0.206129 0.832335 -0.514518 -0.598788 -0.954998 -0.285726 -0.079622 -0.263835 -0.213284 0.474951 0.853775 0.411757 
1530722117619 -0.222147 0.835192 -0.503095 -0.59974 -0.950719 -0.300015 -0.0782569 -0.265439 -0.216295 0.460917 0.860681 0.409999 
1530722118210 -0.238021 0.837614 -0.49168 -0.600694 -0.946188 -0.314249 -0.0773003 -0.267083 -0.219258 0.446822 0.867338 0.408197 
1530722118842 -0.253878 0.839818 -0.479846 -0.601599 -0.941504 -0.328241 -0.0763483 -0.268803 -0.221624 0.432393 0.874025 0.406491 
1530722119464 -0.269622 0.841507 -0.468156 -0.602502 -0.936597 -0.342153 -0.0756082 -0.270505 -0.223806 0.418088 0.880405 0.40474 
1530722120070 -0.285308 0.842712 -0.456548 -0.603254 -0.93143 -0.356072 -0.0751772 -0.272094 -0.225917 0.403793 0.886517 0.40303 
1530722120147 -0.285463 0.842721 -0.456435 -0.603272 -0.931392 -0.356183 -0.075115 -0.272068 -0.225875 0.403677 0.88658 0.403071 
1530722120515 -0.283572 0.841195 -0.460412 -0.603276 -0.932162 -0.354493 -0.0735491 -0.272507 -0.225082 0.408322 0.884653 0.403293 
1530722120887 -0.281691 0.839613 -0.464435 -0.603232 -0.932931 -0.352795 -0.0719436 -0.27307 -0.224255 0.41302 0.88268 0.403494 
1530722121239 -0.279934 0.838019 -0.468359 -0.603289 -0.933649 -0.351208 -0.0703707 -0.27348 -0.223463 0.417584 0.880731 0.40371 
1530722121616 -0.277964 0.836387 -0.472433 -0.603281 -0.934406 -0.349476 -0.0689325 -0.273989 -0.222758 0.422284 0.878667 0.403905 
1530722121975 -0.276403 0.834626 -0.476447 -0.603291 -0.935032 -0.348106 -0.0673581 -0.274382 -0.222073 0.426875 0.876619 0.404049 
1530722122344 -0.274496 0.833061 -0.480273 -0.603295 -0.935847 -0.346232 -0.065685 -0.274911 -0.221005 0.431431 0.874656 0.40435 
1530722122814 -0.270942 0.829576 -0.488257 -0.603312 -0.937245 -0.342992 -0.0626695 -0.275831 -0.219458 0.440637 0.870447 0.404698 
1530722123190 -0.269108 0.827881 -0.492132 -0.603332 -0.937978 -0.341255 -0.0611659 -0.276277 -0.218581 0.445149 0.868369 0.404943 
1530722123545 -0.271039 0.829434 -0.488443 -0.603324 -0.937203 -0.34312 -0.062601 -0.275783 -0.219518 0.440803 0.870348 0.404652 
1530722124015 -0.262878 0.82691 -0.497106 -0.603064 -0.940061 -0.335509 -0.0609825 -0.275782 -0.217211 0.451279 0.865544 0.40557 
1530722124496 -0.254525 0.824125 -0.505999 -0.602817 -0.942837 -0.327859 -0.0597248 -0.275787 -0.215117 0.461873 0.860464 0.406366 
1530722124983 -0.246488 0.821056 -0.514888 -0.602621 -0.945516 -0.320336 -0.0581788 -0.275651 -0.212705 0.472495 0.855281 0.407195 
1530722125602 -0.230343 0.814546 -0.532407 -0.602178 -0.9507 -0.30511 -0.0554821 -0.275506 -0.207635 0.493379 0.844668 0.408886 
1530722126117 -0.222141 0.811006 -0.541223 -0.601926 -0.95322 -0.297354 -0.0543326 -0.275468 -0.204999 0.503835 0.839122 0.409686 
1530722126595 -0.213993 0.807392 -0.549841 -0.601668 -0.955645 -0.289641 -0.0533844 -0.275458 -0.202359 0.514029 0.833562 0.410511 
1530722127056 -0.205934 0.803598 -0.55841 -0.601459 -0.958031 -0.281854 -0.0523025 -0.275409 -0.19942 0.524203 0.827915 0.411381 
1530722127521 -0.197836 0.79965 -0.566941 -0.601293 -0.960342 -0.274043 -0.0514127 -0.275373 -0.196478 0.534286 0.822153 0.412111 
1530722127887 -0.197725 0.799643 -0.566989 -0.601282 -0.960388 -0.273892 -0.051365 -0.275405 -0.196368 0.534373 0.822122 0.412142 
1530722128371 -0.191032 0.796809 -0.573239 -0.601185 -0.962173 -0.267568 -0.0512787 -0.275096 -0.19424 0.541759 0.817782 0.412732 
1530722128810 -0.184204 0.793951 -0.579405 -0.601114 -0.963978 -0.261011 -0.0511923 -0.274806 -0.191875 0.549103 0.813431 0.413423 
1530722129228 -0.17715 0.790995 -0.585615 -0.600969 -0.965785 -0.254231 -0.051241 -0.274632 -0.189413 0.556501 0.808968 0.414051 
1530722129650 -0.170484 0.7878 -0.591867 -0.600891 -0.967479 -0.24774 -0.0510763 -0.274292 -0.186867 0.563912 0.804416 0.41468 
1530722130075 -0.163491 0.784619 -0.598033 -0.60076 -0.96915 -0.241067 -0.0513332 -0.274113 -0.184443 0.571191 0.799826 0.415268 
1530722130522 -0.156771 0.781264 -0.604193 -0.600689 -0.970752 -0.234523 -0.0513716 -0.273737 -0.181832 0.578468 0.795181 0.415922 
1530722130961 -0.149801 0.777959 -0.610196 -0.600571 -0.972343 -0.227769 -0.0516829 -0.273576 -0.179191 0.585577 0.790563 0.416584 
1530722131392 -0.14304 0.774424 -0.616285 -0.600471 -0.973873 -0.221106 -0.0518051 -0.27328 -0.176383 0.592774 0.785817 0.417207 
1530722131809 -0.136281 0.770891 -0.622217 -0.600443 -0.975334 -0.214492 -0.0521214 -0.273048 -0.173641 0.599766 0.781108 0.417775 
1530722132195 -0.136131 0.770811 -0.62235 -0.600418 -0.97535 -0.214399 -0.052199 -0.27308 -0.173667 0.599903 0.780997 0.41776 
1530722132605 -0.131097 0.768489 -0.626289 -0.600389 -0.976449 -0.209287 -0.052413 -0.272881 -0.171353 0.604668 0.777827 0.418219 
1530722132974 -0.126089 0.766003 -0.63035 -0.600399 -0.977512 -0.204209 -0.0526228 -0.272661 -0.169032 0.609539 0.774526 0.418631 
1530722133355 -0.121028 0.763445 -0.634432 -0.600394 -0.978576 -0.199004 -0.0527938 -0.272429 -0.16656 0.61445 0.771174 0.419073 
1530722133755 -0.116015 0.760784 -0.638552 -0.600381 -0.979578 -0.193932 -0.0530812 -0.272192 -0.164219 0.619353 0.767746 0.419513 
1530722134261 -0.105901 0.755424 -0.646622 -0.600366 -0.98152 -0.183642 -0.0537925 -0.27174 -0.159383 0.628976 0.760912 0.42033 
1530722134656 -0.100806 0.752647 -0.650662 -0.600345 -0.982473 -0.178376 -0.0541217 -0.271546 -0.156797 0.633802 0.757436 0.420759 
1530722135147 -0.0908377 0.747012 -0.658575 -0.600363 -0.984231 -0.168136 -0.0549585 -0.271096 -0.151785 0.643198 0.750505 0.421524 
1530722135515 -0.0907152 0.74701 -0.658594 -0.600347 -0.98425 -0.168011 -0.0549954 -0.271112 -0.151733 0.643232 0.750486 0.421497 
1530722135892 -0.0868899 0.74504 -0.661336 -0.600401 -0.984799 -0.164462 -0.0558889 -0.270839 -0.150404 0.646427 0.748004 0.421853 
1530722136246 -0.082749 0.742959 -0.664202 -0.600397 -0.985374 -0.160623 -0.0569066 -0.270676 -0.148965 0.649778 0.745384 0.42208 
1530722136826 -0.0787116 0.740882 -0.667006 -0.600458 -0.985929 -0.156835 -0.0578587 -0.270423 -0.147476 0.653067 0.742802 0.422343 
1530722137226 -0.0747642 0.73872 -0.669853 -0.600506 -0.986467 -0.153085 -0.0587212 -0.270171 -0.145923 0.656397 0.740168 0.422647 
1530722137591 -0.0705467 0.736623 -0.672614 -0.600484 -0.987019 -0.149077 -0.059741 -0.270064 -0.144278 0.659668 0.737578 0.422951 
1530722137963 -0.0664568 0.734474 -0.675375 -0.600517 -0.987531 -0.145226 -0.0607605 -0.269863 -0.142709 0.662916 0.734967 0.42323 
1530722138430 -0.0583105 0.730021 -0.680932 -0.600564 -0.988499 -0.137559 -0.0628269 -0.269465 -0.139533 0.669437 0.729647 0.423776 
1530722138823 -0.0542409 0.727697 -0.683751 -0.600595 -0.988941 -0.133809 -0.0639579 -0.269278 -0.138034 0.672721 0.726907 0.423961 
1530722139162 -0.0541308 0.72774 -0.683714 -0.600595 -0.98896 -0.133662 -0.063971 -0.269284 -0.137941 0.672703 0.726941 0.424001 
1530722139438 -0.0530082 0.726935 -0.684657 -0.600604 -0.989159 -0.132251 -0.0638344 -0.26925 -0.13695 0.673851 0.726065 0.424087 
1530722139796 -0.0517022 0.726093 -0.68565 -0.600616 -0.989406 -0.130505 -0.0635962 -0.269256 -0.135658 0.675098 0.725148 0.4242 
1530722140181 -0.0493402 0.724452 -0.687557 -0.600709 -0.989852 -0.127319 -0.0631174 -0.269117 -0.133264 0.677465 0.723382 0.424387 
1530722140464 -0.0482228 0.723743 -0.688383 -0.600758 -0.990047 -0.125863 -0.0629725 -0.269095 -0.132218 0.678495 0.722609 0.424494 
1530722140726 -0.0469754 0.722889 -0.689366 -0.600752 -0.990258 -0.124266 -0.0628299 -0.269071 -0.131084 0.679698 0.721684 0.424535 
1530722140995 -0.045707 0.722078 -0.6903 -0.600801 -0.990495 -0.122498 -0.0625537 -0.269053 -0.129729 0.68088 0.720814 0.424684 
1530722141274 -0.0445178 0.72124 -0.691253 -0.600839 -0.990699 -0.120934 -0.062378 -0.269002 -0.128586 0.682047 0.719915 0.424775 
1530722141648 -0.0435047 0.720347 -0.692248 -0.600858 -0.990927 -0.119309 -0.0618762 -0.268887 -0.127164 0.683275 0.719002 0.424903 
1530722141662 -0.0434684 0.720341 -0.692257 -0.600856 -0.990924 -0.11931 -0.0619281 -0.268893 -0.127203 0.683282 0.718989 0.424891 
1530722141838 -0.043425 0.72029 -0.692313 -0.600845 -0.990926 -0.11928 -0.0619451 -0.26889 -0.127198 0.683341 0.718934 0.424862 
1530722141997 -0.0434587 0.720176 -0.692428 -0.60085 -0.990948 -0.119192 -0.0617734 -0.268875 -0.127019 0.683476 0.718837 0.424842 
1530722142217 -0.0433456 0.720036 -0.692582 -0.600855 -0.990959 -0.119091 -0.0617922 -0.2689 -0.126973 0.683641 0.718688 0.424818 
1530722142442 -0.0432628 0.72 -0.692624 -0.600852 -0.990973 -0.118976 -0.0617799 -0.268912 -0.126887 0.683699 0.718648 0.424825 
1530722142685 -0.043259 0.719931 -0.692696 -0.600872 -0.990981 -0.118938 -0.0617273 -0.268884 -0.126827 0.683778 0.718584 0.424834 
1530722142973 -0.0431509 0.719824 -0.692814 -0.600904 -0.991021 -0.118682 -0.0615848 -0.268833 -0.126555 0.683936 0.718482 0.424831 
1530722143156 -0.0431359 0.719777 -0.692864 -0.600904 -0.991037 -0.118592 -0.0614991 -0.268835 -0.126434 0.684001 0.718441 0.424834 
1530722143312 -0.043109 0.719696 -0.69295 -0.600909 -0.99105 -0.118513 -0.0614332 -0.268838 -0.126337 0.6841 0.718364 0.424831 
1530722143361 -0.0430815 0.719626 -0.693024 -0.600915 -0.991054 -0.118488 -0.0614277 -0.268844 -0.12632 0.684178 0.718292 0.424826 
1530722143375 -0.0430755 0.71961 -0.693041 -0.600917 -0.991054 -0.118482 -0.0614263 -0.268845 -0.126316 0.684195 0.718277 0.424825 
1530722143717 -0.0432021 0.720093 -0.692531 -0.600903 -0.991032 -0.118619 -0.0615164 -0.268843 -0.126445 0.683663 0.718761 0.424668 
1530722143965 -0.0431302 0.720797 -0.691803 -0.600897 -0.991028 -0.118548 -0.0617312 -0.268897 -0.126508 0.682933 0.719443 0.424729 
1530722144243 -0.0433285 0.72123 -0.691339 -0.600898 -0.990988 -0.118819 -0.0618476 -0.268844 -0.12675 0.682429 0.719879 0.424586 
1530722144498 -0.0434519 0.721758 -0.69078 -0.6009 -0.990976 -0.118893 -0.0618893 -0.268849 -0.126798 0.681858 0.720411 0.424535 
1530722144739 -0.0435779 0.72232 -0.690184 -0.600903 -0.990953 -0.119029 -0.0620027 -0.268852 -0.126938 0.681238 0.720972 0.424428 
1530722145004 -0.0435984 0.722959 -0.689514 -0.600916 -0.990939 -0.119055 -0.0621721 -0.26886 -0.127038 0.680556 0.721599 0.424425 
1530722145257 -0.0436946 0.723483 -0.688958 -0.600915 -0.99092 -0.119158 -0.0622832 -0.26886 -0.127155 0.679981 0.72212 0.424337 
1530722145569 -0.0437011 0.7245 -0.687888 -0.600904 -0.990874 -0.119313 -0.0627132 -0.268912 -0.127509 0.67887 0.723102 0.424153 
1530722145583 -0.0436911 0.724513 -0.687875 -0.600908 -0.99087 -0.119329 -0.0627486 -0.268914 -0.127546 0.678853 0.723112 0.424137 
1530722145894 -0.0437496 0.7246 -0.687779 -0.600922 -0.990864 -0.119379 -0.0627407 -0.268909 -0.127568 0.678751 0.723203 0.424136 
1530722146196 -0.0441298 0.724547 -0.687811 -0.600928 -0.990853 -0.119627 -0.0624437 -0.268875 -0.127524 0.678764 0.723199 0.424138 
1530722146490 -0.0441644 0.724548 -0.687808 -0.600927 -0.990845 -0.119688 -0.0624591 -0.268884 -0.127577 0.678753 0.723201 0.424139 
1530722146833 -0.0441995 0.724542 -0.687812 -0.600926 -0.990842 -0.119722 -0.0624429 -0.26889 -0.127589 0.678753 0.723198 0.424138 
1530722147017 -0.0444078 0.724493 -0.68785 -0.600925 -0.990849 -0.119787 -0.0621983 -0.268873 -0.127457 0.678794 0.723183 0.424134 
1530722147163 -0.0445002 0.724474 -0.687864 -0.600914 -0.990838 -0.119895 -0.0621755 -0.268896 -0.127516 0.678795 0.723171 0.424129 
1530722147422 -0.0444627 0.724485 -0.687855 -0.600879 -0.990829 -0.11992 -0.0622592 -0.26898 -0.127593 0.678779 0.723173 0.42413 
1530722147612 -0.0445071 0.724475 -0.687862 -0.600862 -0.990831 -0.119935 -0.0622084 -0.26901 -0.127567 0.678787 0.72317 0.42413 
1530722147786 -0.0446294 0.724454 -0.687877 -0.600854 -0.990831 -0.119996 -0.0620911 -0.269017 -0.127524 0.678799 0.723167 0.42413 
1530722147799 -0.0446605 0.724451 -0.687878 -0.600854 -0.990827 -0.12003 -0.0620821 -0.269016 -0.127541 0.678796 0.723166 0.42413 
1530722148059 -0.0450517 0.724657 -0.687636 -0.600828 -0.990911 -0.11975 -0.0612753 -0.269077 -0.126748 0.678625 0.723466 0.424171 
1530722148345 -0.0453237 0.724738 -0.687532 -0.600843 -0.990988 -0.119459 -0.0605959 -0.269162 -0.126048 0.67859 0.723621 0.424103 
1530722148583 -0.0457627 0.724862 -0.687373 -0.600877 -0.991044 -0.119352 -0.0598817 -0.269122 -0.125445 0.678476 0.723832 0.424129 
1530722148858 -0.046474 0.725086 -0.687088 -0.600895 -0.991191 -0.118869 -0.0583999 -0.269166 -0.124019 0.678321 0.724223 0.424091 
1530722149120 -0.0469538 0.725139 -0.687 -0.60093 -0.991265 -0.11868 -0.0575193 -0.269149 -0.123243 0.678299 0.724377 0.424028 
1530722149359 -0.0473259 0.725335 -0.686767 -0.600921 -0.991326 -0.1185 -0.0568418 -0.269166 -0.122611 0.67812 0.724652 0.423988 
1530722149625 -0.0476323 0.725524 -0.686547 -0.600914 -0.991425 -0.118071 -0.0559893 -0.269257 -0.121683 0.677993 0.724927 0.424043 
1530722149873 -0.0480474 0.725605 -0.686432 -0.600936 -0.991495 -0.117862 -0.0551871 -0.269256 -0.120948 0.677943 0.725097 0.424065 
1530722149888 -0.0480414 0.72562 -0.686416 -0.600937 -0.991497 -0.117851 -0.0551882 -0.269259 -0.12094 0.677928 0.725112 0.424066 
1530722150103 -0.0480933 0.725749 -0.686276 -0.600942 -0.991514 -0.117765 -0.0550545 -0.269278 -0.120775 0.677805 0.725254 0.424084 
1530722150322 -0.0483485 0.725966 -0.686029 -0.600944 -0.99154 -0.117719 -0.0546924 -0.269266 -0.120463 0.677581 0.725516 0.424111 
1530722150626 -0.0483542 0.725978 -0.686016 -0.600936 -0.991536 -0.117741 -0.0547113 -0.269293 -0.120492 0.677564 0.725527 0.423975 
1530722150815 -0.048473 0.726027 -0.685956 -0.60093 -0.991555 -0.117683 -0.0544895 -0.269283 -0.120286 0.677522 0.7256 0.423958 
1530722151032 -0.0484846 0.726205 -0.685766 -0.600919 -0.991583 -0.117519 -0.0543427 -0.269314 -0.120054 0.677359 0.72579 0.423989 
1530722151248 -0.0486541 0.726369 -0.685581 -0.600907 -0.991608 -0.117437 -0.0540522 -0.269319 -0.119775 0.677198 0.725987 0.423937 
1530722151477 -0.0485608 0.726428 -0.685525 -0.600912 -0.991632 -0.117259 -0.0540112 -0.26938 -0.119619 0.677165 0.726043 0.423895 
1530722151703 -0.0487902 0.72664 -0.685284 -0.600907 -0.991669 -0.117134 -0.0535988 -0.269373 -0.119217 0.67696 0.726301 0.423938 
1530722151951 -0.0488676 0.726725 -0.685188 -0.600931 -0.991672 -0.117143 -0.0535186 -0.269352 -0.119158 0.676867 0.726397 0.423904 
1530722151966 -0.0488662 0.726728 -0.685185 -0.600931 -0.991672 -0.117139 -0.0535171 -0.269352 -0.119155 0.676864 0.7264 0.423903 
1530722152287 -0.0485252 0.726502 -0.685449 -0.600929 -0.991582 -0.117515 -0.0543561 -0.269234 -0.120041 0.677041 0.726089 0.423925 
1530722152526 -0.0479962 0.72652 -0.685467 -0.600915 -0.991552 -0.11745 -0.0550556 -0.269226 -0.120507 0.677033 0.726019 0.424007 
1530722152764 -0.0475505 0.726403 -0.685623 -0.600923 -0.99149 -0.117604 -0.0558353 -0.269144 -0.121191 0.677133 0.725813 0.42403 
1530722153012 -0.0470915 0.726239 -0.685828 -0.600907 -0.991416 -0.11782 -0.0566877 -0.269082 -0.121973 0.677271 0.725553 0.424045 
1530722153246 -0.046648 0.726018 -0.686092 -0.600886 -0.991346 -0.118019 -0.0574847 -0.269023 -0.122707 0.677473 0.72524 0.424065 
1530722153476 -0.0463296 0.72606 -0.686068 -0.600881 -0.991285 -0.118203 -0.058153 -0.268929 -0.123318 0.677395 0.725209 0.424207 
1530722153712 -0.0457433 0.725934 -0.686241 -0.600869 -0.991226 -0.118263 -0.0590305 -0.268899 -0.124009 0.67752 0.724975 0.424226 
1530722153975 -0.0452389 0.725648 -0.686577 -0.600872 -0.991154 -0.118442 -0.0598741 -0.268815 -0.124767 0.677795 0.724588 0.424219 
1530722154214 -0.0448943 0.725605 -0.686645 -0.600845 -0.991098 -0.118584 -0.0605122 -0.268754 -0.125333 0.677816 0.72447 0.424273 
1530722154229 -0.0448432 0.725589 -0.686666 -0.600847 -0.991093 -0.118591 -0.0605897 -0.268755 -0.125396 0.677832 0.724444 0.424273 
1530722154504 -0.0446386 0.725659 -0.686605 -0.600816 -0.990964 -0.119178 -0.0615309 -0.268708 -0.126479 0.677655 0.724422 0.424288 
1530722154773 -0.0444395 0.725893 -0.68637 -0.60082 -0.990824 -0.119812 -0.0625596 -0.268612 -0.127647 0.677292 0.724557 0.424346 
1530722155008 -0.0442178 0.72589 -0.686388 -0.600752 -0.990689 -0.120418 -0.0635267 -0.268586 -0.128767 0.677188 0.724456 0.424285 
1530722155256 -0.0440275 0.726069 -0.686211 -0.600762 -0.990538 -0.121099 -0.0645791 -0.268484 -0.129988 0.676875 0.72453 0.424312 
1530722155501 -0.0440047 0.72616 -0.686116 -0.60076 -0.990373 -0.12193 -0.0655275 -0.26834 -0.131242 0.676628 0.724535 0.424304 
1530722155737 -0.0436917 0.726299 -0.685989 -0.600707 -0.990233 -0.122481 -0.0666084 -0.268347 -0.132398 0.676379 0.724557 0.424308 
1530722155974 -0.0435453 0.726322 -0.685974 -0.600688 -0.99009 -0.123134 -0.0675266 -0.268216 -0.133513 0.676235 0.724486 0.424262 
1530722156229 -0.043327 0.726491 -0.685808 -0.60068 -0.98993 -0.123814 -0.0686187 -0.268145 -0.134764 0.675929 0.72454 0.42428 
1530722156458 -0.0431054 0.726571 -0.685738 -0.600636 -0.989782 -0.124436 -0.069628 -0.268136 -0.13592 0.675729 0.72451 0.424255 
1530722156471 -0.043102 0.726574 -0.685735 -0.600635 -0.98977 -0.124491 -0.0696929 -0.268125 -0.136005 0.675716 0.724507 0.424252 
1530722156749 -0.0437285 0.726986 -0.685259 -0.600588 -0.989796 -0.124638 -0.0690656 -0.268074 -0.135619 0.675246 0.725018 0.424318 
1530722156960 -0.0441666 0.727178 -0.685026 -0.600564 -0.989786 -0.124885 -0.0687534 -0.268047 -0.135545 0.674993 0.725267 0.424276 
1530722157238 -0.0447041 0.727603 -0.68454 -0.60052 -0.989818 -0.124952 -0.068172 -0.267997 -0.135137 0.674523 0.72578 0.424305 
1530722157455 -0.0451667 0.727801 -0.6843 -0.600492 -0.989791 -0.125296 -0.0679305 -0.267976 -0.13518 0.674246 0.72603 0.424241 
1530722157669 -0.0456115 0.728095 -0.683957 -0.600443 -0.9898 -0.12544 -0.0675274 -0.267967 -0.134962 0.6739 0.726391 0.42417 
1530722157902 -0.04605 0.728406 -0.683596 -0.600394 -0.989824 -0.125507 -0.067055 -0.267944 -0.134639 0.673552 0.726773 0.42419 
1530722158184 -0.0467881 0.728774 -0.683154 -0.600349 -0.989834 -0.125784 -0.0663917 -0.26789 -0.134314 0.673103 0.72725 0.424236 
1530722158448 -0.0472389 0.729029 -0.682851 -0.600307 -0.989831 -0.125992 -0.066037 -0.267857 -0.134177 0.672787 0.727567 0.424195 
1530722158656 -0.0476303 0.729335 -0.682497 -0.600279 -0.989842 -0.126094 -0.0656681 -0.267837 -0.133953 0.672437 0.727932 0.424206 
1530722158671 -0.0476869 0.72938 -0.682445 -0.600276 -0.989846 -0.1261 -0.0656059 -0.267834 -0.133908 0.672387 0.727987 0.424213 
1530722158956 -0.0484376 0.729225 -0.682558 -0.600251 -0.989928 -0.126061 -0.0644303 -0.267809 -0.133028 0.672562 0.727986 0.424245 
1530722159184 -0.0490827 0.729262 -0.682472 -0.600165 -0.990031 -0.12584 -0.0632658 -0.267819 -0.13202 0.672564 0.728168 0.424297 
1530722159465 -0.0506575 0.729094 -0.682536 -0.600036 -0.990215 -0.125644 -0.0607214 -0.267784 -0.130028 0.672782 0.728325 0.424436 
1530722159720 -0.0513758 0.728822 -0.682773 -0.599991 -0.990325 -0.125426 -0.059367 -0.267763 -0.128905 0.673118 0.728214 0.42442 
1530722159978 -0.0522336 0.72875 -0.682785 -0.599943 -0.990403 -0.125412 -0.0580879 -0.267708 -0.127961 0.673198 0.728307 0.424496 
1530722160223 -0.0530392 0.728729 -0.682745 -0.599895 -0.990491 -0.125305 -0.0567974 -0.267639 -0.126941 0.673241 0.728445 0.424584 
1530722160444 -0.0538385 0.728616 -0.682803 -0.599848 -0.990557 -0.125312 -0.0556152 -0.267597 -0.126086 0.673362 0.728482 0.424584 
1530722160674 -0.0546754 0.728482 -0.68288 -0.599808 -0.990657 -0.125151 -0.0541905 -0.267521 -0.12494 0.673536 0.728518 0.424625 
1530722160687 -0.0546567 0.728488 -0.682874 -0.599801 -0.990661 -0.125121 -0.0541868 -0.267533 -0.124916 0.673535 0.728523 0.42463 
1530722160936 -0.0548548 0.728502 -0.682844 -0.599752 -0.990593 -0.125569 -0.0543881 -0.267386 -0.125366 0.673437 0.728537 0.424659 
1530722161291 -0.0554815 0.728501 -0.682794 -0.599684 -0.99049 -0.126389 -0.0543663 -0.267155 -0.125904 0.673284 0.728585 0.424756 
1530722161532 -0.0557286 0.728375 -0.682908 -0.599541 -0.990344 -0.12728 -0.0549376 -0.266948 -0.126936 0.673253 0.728435 0.424731 
1530722161779 -0.0558591 0.72847 -0.682797 -0.599422 -0.990302 -0.127553 -0.0550694 -0.266892 -0.127209 0.673098 0.72853 0.424796 
1530722162013 -0.0563412 0.728367 -0.682867 -0.599298 -0.990148 -0.128579 -0.0554525 -0.2666 -0.128192 0.673015 0.728435 0.424907 
1530722162246 -0.056794 0.728436 -0.682756 -0.59926 -0.990056 -0.129247 -0.055538 -0.266387 -0.1287 0.672812 0.728533 0.424947 
1530722162456 -0.0570095 0.728473 -0.682698 -0.599184 -0.989995 -0.129653 -0.0556753 -0.266314 -0.129072 0.672694 0.728576 0.425008 
1530722162470 -0.0570217 0.728472 -0.682698 -0.599178 -0.989993 -0.12967 -0.0556763 -0.266306 -0.129084 0.672692 0.728576 0.425015 
1530722162737 -0.0571832 0.728489 -0.682667 -0.599087 -0.989962 -0.129898 -0.055693 -0.266188 -0.129248 0.67263 0.728604 0.424988 
1530722163061 -0.0574904 0.728745 -0.682368 -0.598989 -0.989946 -0.13009 -0.0555269 -0.265947 -0.129234 0.672315 0.728897 0.425114 
1530722163448 -0.0579592 0.728712 -0.682363 -0.598982 -0.989888 -0.13059 -0.0553805 -0.265632 -0.129467 0.672254 0.728912 0.425025 
1530722163661 -0.0579565 0.728864 -0.682201 -0.598906 -0.989873 -0.130656 -0.0554984 -0.265557 -0.129585 0.672076 0.729055 0.425111 
1530722163880 -0.0581095 0.729007 -0.682035 -0.598811 -0.989864 -0.130754 -0.0554226 -0.265417 -0.129582 0.671902 0.729216 0.425193 
1530722164145 -0.0583315 0.729083 -0.681936 -0.598747 -0.989839 -0.130971 -0.0553569 -0.265205 -0.129674 0.671778 0.729314 0.425165 
1530722164356 -0.0587745 0.729152 -0.681824 -0.598713 -0.989804 -0.131333 -0.0551264 -0.264917 -0.129741 0.671632 0.729437 0.425225 
1530722164669 -0.0589082 0.729176 -0.681786 -0.59859 -0.989759 -0.131624 -0.0552548 -0.264736 -0.13003 0.671548 0.729462 0.425161 
1530722164901 -0.0590702 0.729398 -0.681534 -0.598526 -0.989749 -0.131726 -0.0551929 -0.26462 -0.130033 0.671287 0.729702 0.425262 
1530722164914 -0.0590897 0.729407 -0.681523 -0.59852 -0.989746 -0.131745 -0.0551878 -0.264608 -0.130041 0.671274 0.729713 0.425265 
1530722165202 -0.0597731 0.730034 -0.680791 -0.598444 -0.989773 -0.131839 -0.0544735 -0.264448 -0.129522 0.670573 0.730449 0.425164 
1530722165486 -0.0606006 0.730743 -0.679958 -0.598405 -0.989795 -0.13201 -0.053655 -0.264203 -0.128969 0.669767 0.731286 0.425137 
1530722165743 -0.0612007 0.731397 -0.6792 -0.598341 -0.989812 -0.132114 -0.053078 -0.264043 -0.128553 0.669032 0.732032 0.425003 
1530722166019 -0.0619187 0.732102 -0.678375 -0.598258 -0.989845 -0.132179 -0.0522991 -0.263884 -0.127955 0.668248 0.732852 0.424925 
1530722166279 -0.062578 0.732819 -0.67754 -0.598191 -0.989877 -0.132224 -0.0515863 -0.263698 -0.127391 0.667453 0.733675 0.42483 
1530722166606 -0.0641128 0.7341 -0.676008 -0.598111 -0.989912 -0.132545 -0.0500518 -0.263238 -0.126345 0.665979 0.735193 0.424656 
1530722166888 -0.0647375 0.734868 -0.675113 -0.598013 -0.989954 -0.132511 -0.0493117 -0.263102 -0.125698 0.665139 0.736064 0.424619 
1530722167143 -0.0653869 0.735477 -0.674387 -0.597957 -0.989967 -0.132647 -0.0486785 -0.262928 -0.125258 0.664438 0.736772 0.424496 
1530722167158 -0.065443 0.735515 -0.674341 -0.597955 -0.989971 -0.132645 -0.0486041 -0.26291 -0.125197 0.664397 0.736819 0.424493 
1530722167400 -0.0656476 0.735593 -0.674236 -0.597906 -0.989972 -0.132712 -0.0483998 -0.262685 -0.125082 0.664297 0.736929 0.424518 
1530722167784 -0.0657015 0.735781 -0.674025 -0.59779 -0.990009 -0.132524 -0.0481635 -0.262459 -0.124762 0.664127 0.737136 0.424525 
1530722168013 -0.0660582 0.735936 -0.673821 -0.597747 -0.990011 -0.132638 -0.0478095 -0.262189 -0.124559 0.663932 0.737346 0.42464 
1530722168276 -0.0661978 0.735998 -0.673739 -0.597671 -0.990047 -0.132494 -0.0474606 -0.261953 -0.124197 0.663892 0.737443 0.424581 
1530722168523 -0.0666666 0.736199 -0.673474 -0.597655 -0.990041 -0.13269 -0.0470445 -0.261626 -0.123997 0.66363 0.737713 0.424697 
1530722168786 -0.0666743 0.736305 -0.673357 -0.597522 -0.99007 -0.132527 -0.046881 -0.261416 -0.123756 0.663545 0.737829 0.424685 
1530722169013 -0.0670225 0.736529 -0.673077 -0.597494 -0.990082 -0.132576 -0.0464851 -0.261168 -0.123471 0.663286 0.73811 0.424809 
1530722169260 -0.0672283 0.736583 -0.672997 -0.597412 -0.99008 -0.13266 -0.0462912 -0.260903 -0.123377 0.663209 0.738195 0.424753 
1530722169475 -0.0673118 0.736821 -0.672729 -0.597365 -0.990124 -0.132438 -0.0459859 -0.260684 -0.122978 0.66299 0.738459 0.424827 
1530722169488 -0.0673168 0.736841 -0.672706 -0.597357 -0.990129 -0.132414 -0.0459567 -0.260664 -0.122938 0.662972 0.738481 0.424835 
1530722169735 -0.0677757 0.737037 -0.672446 -0.597316 -0.990085 -0.132806 -0.0457724 -0.260436 -0.123041 0.662676 0.73873 0.424858 
1530722169960 -0.0683072 0.737166 -0.67225 -0.597254 -0.990012 -0.133382 -0.0456668 -0.260189 -0.12333 0.662416 0.738914 0.424794 
1530722170196 -0.0688544 0.737266 -0.672085 -0.597202 -0.989951 -0.133903 -0.04547 -0.259929 -0.123518 0.6622 0.739077 0.424765 
1530722170452 -0.0694902 0.737458 -0.671809 -0.597094 -0.989885 -0.134472 -0.0452211 -0.25969 -0.123688 0.661871 0.739343 0.42479 
1530722170769 -0.0708002 0.737779 -0.671319 -0.597029 -0.989721 -0.135793 -0.0448566 -0.259006 -0.124255 0.661243 0.73981 0.424781 
1530722171160 -0.0720542 0.738067 -0.670869 -0.59693 -0.989603 -0.136844 -0.0442633 -0.258414 -0.124474 0.660704 0.740254 0.424744 
1530722171397 -0.0723143 0.73822 -0.670673 -0.596827 -0.989568 -0.137113 -0.0442233 -0.258319 -0.124604 0.660478 0.740434 0.424734 
1530722171411 -0.0723456 0.738228 -0.67066 -0.596821 -0.989563 -0.137149 -0.0442205 -0.258304 -0.124625 0.660461 0.740445 0.424734 
1530722171658 -0.0721362 0.738468 -0.670419 -0.596723 -0.989478 -0.137506 -0.0449963 -0.257992 -0.125415 0.660119 0.740617 0.42474 
1530722172024 -0.072235 0.738671 -0.670185 -0.596666 -0.989358 -0.13816 -0.045642 -0.25754 -0.126307 0.659755 0.74079 0.42478 
1530722172258 -0.0723709 0.738779 -0.670051 -0.596637 -0.989233 -0.138848 -0.0462443 -0.257172 -0.127199 0.65949 0.740873 0.424735 
1530722172494 -0.0723816 0.739014 -0.669791 -0.596566 -0.989122 -0.139409 -0.0469263 -0.256768 -0.128054 0.659108 0.741066 0.424754 
1530722172782 -0.0724823 0.739262 -0.669506 -0.596484 -0.988986 -0.140129 -0.0476592 -0.256277 -0.12905 0.658677 0.741276 0.424744 
1530722173061 -0.072587 0.739593 -0.669129 -0.596368 -0.988772 -0.141229 -0.0488394 -0.255508 -0.130622 0.658071 0.74154 0.424775 
1530722173344 -0.0725396 0.739863 -0.668836 -0.596294 -0.988646 -0.141823 -0.0496583 -0.255068 -0.131596 0.657639 0.74175 0.424786 
1530722173589 -0.0726053 0.740093 -0.668574 -0.596259 -0.988547 -0.142321 -0.0501918 -0.25471 -0.132299 0.657273 0.74195 0.424893 
1530722173603 -0.0726792 0.740098 -0.66856 -0.596263 -0.988537 -0.142398 -0.0501712 -0.254652 -0.132333 0.65725 0.741964 0.424894 
1530722173922 -0.0734079 0.74035 -0.668201 -0.596199 -0.988655 -0.142061 -0.0487872 -0.254478 -0.131045 0.657039 0.742379 0.42491 
1530722174176 -0.0742685 0.740478 -0.667964 -0.596151 -0.988715 -0.14206 -0.0475503 -0.254206 -0.130101 0.656895 0.742673 0.424877 
1530722174487 -0.075905 0.740706 -0.667527 -0.59604 -0.988876 -0.141801 -0.0449003 -0.253551 -0.127914 0.656694 0.74323 0.424737 
1530722174741 -0.0767016 0.740979 -0.667134 -0.595981 -0.988971 -0.141567 -0.0435331 -0.253369 -0.126701 0.656437 0.743665 0.424752 
1530722175010 -0.0775385 0.741087 -0.666917 -0.595894 -0.989037 -0.141495 -0.0422414 -0.253081 -0.12567 0.65633 0.743934 0.424684 
1530722175325 -0.0790638 0.741402 -0.666387 -0.595803 -0.989205 -0.141084 -0.0396011 -0.252586 -0.123377 0.656063 0.744554 0.424639 
