1535171891709 0.229859 0.923286 -0.307748 -0.602262 -0.939074 0.293444 0.178971 -0.232823 0.255548 0.24786 0.934484 0.390111 
1535171905473 0.229863 0.923285 -0.307745 -0.602262 -0.939074 0.293447 0.178969 -0.232825 0.255546 0.247857 0.934486 0.390112 
1535171905675 0.231461 0.92247 -0.308989 -0.60234 -0.93824 0.295627 0.17975 -0.232794 0.25716 0.248301 0.933925 0.390253 
1535171905889 0.233838 0.921124 -0.31121 -0.602406 -0.936994 0.29894 0.180768 -0.232839 0.259543 0.249331 0.932991 0.390196 
1535171906143 0.237617 0.91908 -0.314373 -0.602501 -0.934997 0.304134 0.182437 -0.233012 0.263285 0.250588 0.931604 0.390329 
1535171906284 0.238709 0.918432 -0.315436 -0.602547 -0.934365 0.305713 0.183034 -0.232996 0.264538 0.251041 0.931128 0.390421 
1535171906423 0.24 0.917675 -0.316659 -0.602591 -0.933677 0.307515 0.183527 -0.233055 0.265796 0.251611 0.930615 0.390391 
1535171906880 0.240748 0.917232 -0.317375 -0.602639 -0.933233 0.308601 0.183959 -0.233035 0.266675 0.251897 0.930286 0.390486 
1535171907022 0.240708 0.917419 -0.316864 -0.602599 -0.933468 0.308248 0.183359 -0.23303 0.26589 0.251647 0.930579 0.390407 
1535171907190 0.241134 0.917806 -0.315416 -0.602709 -0.934024 0.307731 0.181388 -0.232893 0.263542 0.250867 0.931456 0.390352 
1535171907246 0.241832 0.917781 -0.314953 -0.60276 -0.934078 0.308076 0.180523 -0.232805 0.26271 0.250534 0.931781 0.390321 
1535171907355 0.242827 0.917789 -0.314164 -0.602746 -0.934138 0.308557 0.179384 -0.232838 0.261574 0.249913 0.932267 0.390317 
1535171907382 0.243177 0.917838 -0.31375 -0.602761 -0.934215 0.308647 0.17883 -0.232798 0.260974 0.249623 0.932513 0.390331 
1535171907399 0.243308 0.917875 -0.313539 -0.602777 -0.93428 0.308635 0.178512 -0.232765 0.26062 0.249499 0.932645 0.390341 
1535171907511 0.243197 0.917908 -0.313527 -0.602833 -0.934424 0.308417 0.178131 -0.232698 0.260205 0.249646 0.932722 0.390252 
1535171907532 0.242776 0.9179 -0.313878 -0.602825 -0.934421 0.308195 0.178529 -0.232723 0.260607 0.249951 0.932528 0.390278 
1535171907553 0.242569 0.917882 -0.314092 -0.602807 -0.934403 0.30811 0.178771 -0.232752 0.260865 0.250124 0.932409 0.390303 
1535171907573 0.242442 0.91786 -0.314254 -0.602775 -0.934368 0.308086 0.178996 -0.232811 0.26111 0.250232 0.932312 0.390337 
1535171907620 0.24236 0.917846 -0.314357 -0.602719 -0.934316 0.3081 0.179246 -0.232902 0.261373 0.250267 0.932229 0.390411 
1535171907650 0.242054 0.917915 -0.314392 -0.602701 -0.934409 0.307803 0.179267 -0.232881 0.261322 0.250379 0.932213 0.390436 
1535171907667 0.241782 0.917977 -0.314421 -0.602692 -0.934492 0.30754 0.179286 -0.23284 0.261277 0.250476 0.9322 0.390435 
1535171907995 0.240453 0.918282 -0.314548 -0.602649 -0.93505 0.306102 0.178836 -0.232696 0.260505 0.251117 0.932243 0.390562 
1535171908054 0.241481 0.918046 -0.31445 -0.602672 -0.934656 0.307179 0.179053 -0.232812 0.260971 0.250665 0.932234 0.390511 
1535171908128 0.242014 0.918036 -0.31407 -0.602664 -0.934523 0.307604 0.179018 -0.232911 0.260954 0.250181 0.932369 0.390466 
1535171908159 0.242046 0.918142 -0.313733 -0.602674 -0.934609 0.307478 0.178782 -0.232873 0.260613 0.249944 0.932528 0.390451 
1535171908212 0.242047 0.918157 -0.313689 -0.602675 -0.934624 0.307456 0.178742 -0.232867 0.260559 0.249917 0.932551 0.39045 
1535171908229 0.2421 0.918471 -0.312729 -0.602706 -0.934945 0.306998 0.177848 -0.232733 0.259355 0.249327 0.933044 0.390475 
1535171908250 0.242069 0.918494 -0.312684 -0.602719 -0.935012 0.306903 0.17766 -0.232704 0.259143 0.249357 0.933095 0.39046 
1535171908539 0.242299 0.91879 -0.311633 -0.602682 -0.93533 0.306555 0.176587 -0.232641 0.257779 0.248693 0.93365 0.390467 
1535171908759 0.242899 0.918913 -0.310804 -0.602735 -0.934928 0.307199 0.177589 -0.232826 0.258668 0.247443 0.933736 0.390323 
1535171908874 0.242893 0.919381 -0.309421 -0.602866 -0.935007 0.306852 0.177776 -0.232559 0.25839 0.24613 0.93416 0.390173 
1535171908997 0.24372 0.919585 -0.308162 -0.602873 -0.934805 0.307379 0.177926 -0.232774 0.25834 0.244707 0.934547 0.390171 
1535171909019 0.243836 0.919644 -0.307894 -0.602885 -0.934791 0.307422 0.177927 -0.232787 0.258283 0.244431 0.934635 0.390152 
1535171909038 0.243882 0.919727 -0.307609 -0.602885 -0.934811 0.307379 0.177893 -0.232772 0.258165 0.244172 0.934736 0.390128 
1535171909140 0.243662 0.919832 -0.30747 -0.602931 -0.934919 0.307096 0.177814 -0.232629 0.257982 0.244133 0.934796 0.390042 
1535171909163 0.24348 0.91974 -0.307889 -0.602953 -0.934941 0.307029 0.177818 -0.232589 0.258077 0.244563 0.934658 0.390069 
1535171909180 0.243349 0.919686 -0.308155 -0.60296 -0.934955 0.306975 0.177834 -0.232577 0.258147 0.244836 0.934567 0.390109 
1535171909270 0.242817 0.919734 -0.308432 -0.602886 -0.935077 0.30654 0.177942 -0.232563 0.258206 0.2452 0.934455 0.390247 
1535171909291 0.242789 0.919721 -0.308492 -0.602886 -0.935084 0.306526 0.177931 -0.232568 0.258207 0.245266 0.934438 0.390237 
1535171909445 0.242397 0.919714 -0.30882 -0.602913 -0.934969 0.306424 0.17871 -0.232513 0.258992 0.245419 0.93418 0.390085 
1535171909614 0.241097 0.919616 -0.310129 -0.602829 -0.934603 0.306113 0.181142 -0.23283 0.261515 0.246174 0.933278 0.390344 
1535171909634 0.240664 0.919627 -0.310431 -0.60283 -0.934628 0.305845 0.181465 -0.232798 0.261824 0.246465 0.933115 0.390328 
1535171909655 0.240403 0.919621 -0.31065 -0.602824 -0.934603 0.305728 0.181791 -0.232775 0.262153 0.246632 0.932978 0.390341 
1535171909793 0.239896 0.919492 -0.311423 -0.602763 -0.934381 0.305733 0.182921 -0.232842 0.263406 0.247106 0.9325 0.390477 
1535171909985 0.239028 0.918918 -0.313776 -0.602682 -0.93428 0.305686 0.183511 -0.232817 0.264548 0.249291 0.931595 0.390583 
1535171910010 0.238697 0.91883 -0.314285 -0.602665 -0.934241 0.305592 0.183869 -0.232831 0.264987 0.249728 0.931352 0.390605 
1535171910488 0.241713 0.921941 -0.302654 -0.603139 -0.934857 0.304839 0.181979 -0.232893 0.260035 0.238951 0.935566 0.389668 
1535171910912 0.244428 0.925182 -0.290333 -0.603822 -0.935612 0.303678 0.180025 -0.232823 0.254723 0.227636 0.939839 0.388556 
1535171911438 0.248568 0.929671 -0.271893 -0.604708 -0.936613 0.302249 0.177203 -0.232912 0.24692 0.210611 0.945872 0.386954 
1535171911851 0.250831 0.932635 -0.259378 -0.605377 -0.937359 0.300916 0.17552 -0.232705 0.241747 0.199104 0.949692 0.385894 
1535171911874 0.250912 0.93275 -0.258882 -0.605442 -0.937391 0.300856 0.175452 -0.232692 0.241539 0.198651 0.94984 0.385812 
1535171912189 0.249437 0.931364 -0.265223 -0.605103 -0.937451 0.300912 0.175034 -0.232678 0.242829 0.204973 0.948167 0.386348 
1535171912522 0.248321 0.929619 -0.272296 -0.604647 -0.937332 0.301527 0.174612 -0.232774 0.244428 0.211872 0.946237 0.386957 
1535171912842 0.247034 0.927986 -0.278956 -0.604284 -0.937314 0.301862 0.174133 -0.232842 0.245799 0.218453 0.944384 0.387605 
1535171913230 0.24489 0.925416 -0.289196 -0.603649 -0.937355 0.302209 0.173309 -0.232874 0.247781 0.228638 0.941451 0.388588 
1535171913261 0.24487 0.925257 -0.289722 -0.603601 -0.937343 0.302304 0.173207 -0.232919 0.247845 0.229156 0.941308 0.388678 
1535171913271 0.244902 0.925212 -0.289839 -0.603573 -0.937318 0.302372 0.173225 -0.232944 0.247909 0.229248 0.941269 0.388715 
1535171913517 0.244083 0.924445 -0.29296 -0.603529 -0.937167 0.302516 0.173788 -0.232804 0.249283 0.232134 0.940198 0.388886 
1535171913789 0.243143 0.923173 -0.297713 -0.603369 -0.936872 0.303023 0.174494 -0.232668 0.251302 0.236492 0.938573 0.389219 
1535171914055 0.242024 0.92186 -0.302652 -0.603191 -0.936602 0.303427 0.175239 -0.232561 0.253379 0.241052 0.936853 0.389528 
1535171914088 0.241916 0.921732 -0.303128 -0.603122 -0.936555 0.303485 0.175388 -0.232557 0.253656 0.241467 0.936671 0.389614 
1535171914545 0.245867 0.925508 -0.28807 -0.603851 -0.936896 0.303115 0.174204 -0.23275 0.248546 0.227061 0.941631 0.388367 
1535171915200 0.252496 0.932987 -0.256477 -0.605611 -0.937956 0.301112 0.171959 -0.232539 0.237664 0.197145 0.951131 0.385396 
1535171915224 0.252453 0.933103 -0.256099 -0.605657 -0.937988 0.300985 0.172009 -0.23246 0.237584 0.196794 0.951223 0.38536 
1535171915477 0.252198 0.932348 -0.259083 -0.605464 -0.937819 0.301488 0.172049 -0.232566 0.23852 0.199582 0.950408 0.385683 
1535171915943 0.249145 0.928931 -0.273887 -0.604714 -0.937778 0.302029 0.171318 -0.232324 0.241865 0.214163 0.94638 0.386921 
1535171916117 0.249173 0.928535 -0.2752 -0.604559 -0.937668 0.302389 0.171287 -0.232386 0.242263 0.215366 0.946005 0.387109 
1535171916298 0.248406 0.928108 -0.277326 -0.604544 -0.937557 0.302329 0.171997 -0.232385 0.243475 0.217284 0.945255 0.387272 
1535171916558 0.247146 0.927067 -0.281897 -0.604318 -0.937387 0.302427 0.172754 -0.23227 0.245407 0.221551 0.943764 0.38763 
1535171916886 0.245923 0.925283 -0.288745 -0.603984 -0.936898 0.30328 0.173907 -0.23243 0.248484 0.227757 0.941479 0.388201 
1535171917148 0.244822 0.924129 -0.293337 -0.603674 -0.936636 0.303605 0.17475 -0.232498 0.250551 0.231968 0.939902 0.388689 
1535171917269 0.244841 0.923823 -0.294287 -0.603593 -0.936515 0.303909 0.174867 -0.232593 0.250982 0.232789 0.939583 0.388801 
1535171917500 0.244158 0.923397 -0.296183 -0.603591 -0.936673 0.303638 0.174494 -0.232435 0.25106 0.234822 0.939057 0.388829 
1535171917681 0.244066 0.92287 -0.297898 -0.603453 -0.936531 0.30403 0.174571 -0.232487 0.251676 0.236384 0.9385 0.389103 
1535171917974 0.242773 0.921428 -0.303366 -0.603234 -0.936566 0.304122 0.174223 -0.232343 0.252794 0.241826 0.936811 0.389529 
1535171918218 0.242146 0.920287 -0.307307 -0.603018 -0.936556 0.304438 0.173724 -0.232443 0.253432 0.245743 0.935619 0.389768 
1535171918386 0.241759 0.919857 -0.308895 -0.602952 -0.936492 0.30453 0.173907 -0.232308 0.254038 0.247234 0.935062 0.390083 
1535171918403 0.241699 0.919797 -0.30912 -0.602936 -0.936503 0.304521 0.173864 -0.232305 0.254053 0.247469 0.934995 0.390098 
1535171918423 0.241615 0.919701 -0.309472 -0.602931 -0.936512 0.30452 0.173816 -0.232295 0.254099 0.247827 0.934888 0.390107 
1535171918443 0.241532 0.919615 -0.309791 -0.602928 -0.936519 0.304516 0.173789 -0.232278 0.254155 0.248149 0.934787 0.390113 
1535171918506 0.241627 0.919573 -0.309842 -0.602892 -0.936481 0.304628 0.173793 -0.232318 0.254202 0.248168 0.93477 0.39016 
1535171918604 0.241683 0.919488 -0.310051 -0.602886 -0.936138 0.30504 0.174916 -0.232363 0.255411 0.247976 0.934491 0.390204 
1535171918618 0.241653 0.919415 -0.31029 -0.602902 -0.936067 0.305135 0.175135 -0.232368 0.255702 0.24813 0.93437 0.390209 
1535171918748 0.241427 0.919189 -0.311133 -0.602777 -0.935743 0.305453 0.176308 -0.232427 0.257096 0.248575 0.933869 0.390332 
1535171918768 0.241426 0.919184 -0.311151 -0.602788 -0.935736 0.305461 0.176327 -0.232423 0.257121 0.248585 0.93386 0.390333 
1535171918866 0.241448 0.919178 -0.311149 -0.602805 -0.935794 0.305421 0.17609 -0.232429 0.25689 0.248655 0.933905 0.390334 
1535171918884 0.241479 0.919154 -0.311197 -0.602811 -0.935868 0.305379 0.175769 -0.232454 0.256592 0.248795 0.93395 0.390329 
1535171918920 0.241683 0.919012 -0.311459 -0.602829 -0.935925 0.305517 0.175227 -0.232448 0.256191 0.249153 0.933964 0.390313 
1535171918958 0.241821 0.918873 -0.31176 -0.602835 -0.935929 0.305666 0.174945 -0.23236 0.256047 0.24948 0.933916 0.390319 
1535171919011 0.241607 0.918837 -0.312034 -0.602814 -0.936005 0.305495 0.174834 -0.232261 0.255969 0.249824 0.933846 0.39034 
1535171919044 0.241629 0.91872 -0.31236 -0.60278 -0.935988 0.305589 0.174763 -0.232284 0.256012 0.250138 0.93375 0.390374 
1535171919198 0.241764 0.918401 -0.313192 -0.602658 -0.935865 0.305961 0.17477 -0.232276 0.256333 0.250853 0.93347 0.390595 
1535171919218 0.24181 0.918377 -0.313227 -0.602661 -0.93585 0.306015 0.174757 -0.232295 0.256345 0.250876 0.933461 0.390586 
1535171919235 0.241832 0.918365 -0.313245 -0.602661 -0.935842 0.306041 0.174755 -0.232305 0.256355 0.250886 0.933455 0.390585 
1535171919256 0.241844 0.918357 -0.313259 -0.602661 -0.935836 0.306058 0.174756 -0.232309 0.256364 0.250895 0.93345 0.390584 
1535171919276 0.241854 0.918349 -0.313276 -0.602664 -0.935835 0.306069 0.174743 -0.232314 0.256359 0.250913 0.933447 0.390576 
1535171919297 0.24187 0.918339 -0.313293 -0.602667 -0.935838 0.30608 0.174707 -0.232324 0.256332 0.250935 0.933448 0.390557 
1535171919315 0.241915 0.918328 -0.313289 -0.602672 -0.935835 0.306113 0.174663 -0.232346 0.2563 0.250934 0.933457 0.390537 
1535171919387 0.241988 0.918349 -0.313173 -0.602698 -0.935933 0.306046 0.174255 -0.232378 0.255872 0.250942 0.933573 0.390373 
1535171919404 0.241938 0.918358 -0.313186 -0.602689 -0.935984 0.305964 0.174129 -0.232335 0.255736 0.251008 0.933592 0.390381 
1535171919421 0.241971 0.918337 -0.313221 -0.602677 -0.936029 0.305949 0.173912 -0.232297 0.255539 0.251102 0.933621 0.390398 
1535171919439 0.241985 0.918282 -0.313372 -0.60268 -0.936053 0.305964 0.173754 -0.232253 0.255435 0.251287 0.933599 0.390418 
1535171919454 0.241972 0.918217 -0.313571 -0.60269 -0.936058 0.305987 0.173685 -0.232193 0.255429 0.251494 0.933545 0.390443 
1535171919471 0.241911 0.91821 -0.313639 -0.60269 -0.936075 0.305942 0.173677 -0.232165 0.255427 0.251575 0.933524 0.390461 
1535171919487 0.241883 0.918193 -0.31371 -0.602701 -0.936058 0.305953 0.173749 -0.232167 0.255516 0.251623 0.933487 0.390495 
1535171919504 0.241907 0.918187 -0.313711 -0.602702 -0.936006 0.30602 0.173908 -0.232182 0.255682 0.251566 0.933457 0.390527 
1535171919521 0.24198 0.918179 -0.313675 -0.602692 -0.935922 0.306147 0.174141 -0.232213 0.255923 0.251437 0.933425 0.39057 
1535171919566 0.242088 0.91815 -0.313679 -0.602651 -0.935718 0.306421 0.174749 -0.232291 0.256564 0.25121 0.93331 0.390672 
1535171919588 0.24208 0.918066 -0.313929 -0.60265 -0.935653 0.306528 0.174911 -0.232309 0.256808 0.251386 0.933196 0.390715 
1535171919603 0.242058 0.918037 -0.314031 -0.602641 -0.935632 0.306552 0.174981 -0.232307 0.256906 0.251462 0.933148 0.390739 
1535171919620 0.242021 0.917985 -0.314212 -0.602625 -0.93563 0.306563 0.174973 -0.232299 0.256948 0.251639 0.933089 0.390778 
1535171919636 0.242102 0.917909 -0.314373 -0.602614 -0.9356 0.306679 0.174928 -0.232289 0.25698 0.251777 0.933043 0.390805 
1535171919723 0.242444 0.917802 -0.314421 -0.602607 -0.93555 0.306974 0.174681 -0.232353 0.256841 0.251806 0.933074 0.390727 
1535171919736 0.242578 0.917872 -0.314113 -0.6026 -0.935541 0.307017 0.174653 -0.232387 0.256747 0.251498 0.933182 0.390704 
1535171919757 0.242626 0.917957 -0.313827 -0.602608 -0.935542 0.306995 0.174686 -0.232412 0.256698 0.251215 0.933272 0.390669 
1535171919770 0.242574 0.918023 -0.313675 -0.602621 -0.935565 0.306907 0.174715 -0.232417 0.256662 0.251082 0.933318 0.390647 
1535171919790 0.242532 0.918078 -0.313546 -0.602642 -0.935582 0.306838 0.17475 -0.232416 0.256642 0.250965 0.933355 0.390629 
1535171920103 0.242469 0.918225 -0.313163 -0.602726 -0.935691 0.306614 0.174557 -0.232264 0.256303 0.2507 0.933519 0.390434 
1535171920121 0.242473 0.918225 -0.313161 -0.602726 -0.935689 0.306618 0.174558 -0.232265 0.256304 0.250696 0.93352 0.390434 
1535171920143 0.242481 0.918223 -0.313159 -0.602727 -0.935687 0.306626 0.174558 -0.232267 0.256306 0.250692 0.933521 0.390434 
1535171920161 0.242484 0.918223 -0.313158 -0.602727 -0.935686 0.306628 0.174559 -0.232268 0.256307 0.25069 0.933521 0.390434 
1535171920180 0.242486 0.918223 -0.313156 -0.602727 -0.935677 0.306638 0.174588 -0.232268 0.256337 0.250678 0.933516 0.390449 
1535171920197 0.242494 0.91822 -0.313159 -0.602726 -0.935656 0.306665 0.174654 -0.23227 0.256405 0.250656 0.933503 0.39048 
1535171920214 0.242523 0.918218 -0.313142 -0.60271 -0.935628 0.306709 0.174726 -0.232288 0.25648 0.25061 0.933495 0.390529 
1535171920327 0.241943 0.918129 -0.313851 -0.602563 -0.935759 0.306314 0.17472 -0.232524 0.256553 0.251416 0.933258 0.390739 
1535171920347 0.241964 0.918123 -0.313854 -0.602553 -0.935751 0.306337 0.174719 -0.232567 0.256559 0.251413 0.933257 0.390758 
1535171920364 0.241982 0.91812 -0.313846 -0.602551 -0.935741 0.306358 0.174739 -0.232574 0.256581 0.251395 0.933256 0.390769 
1535171920381 0.241965 0.918125 -0.313846 -0.602554 -0.935746 0.306342 0.174743 -0.232564 0.25658 0.251398 0.933256 0.390768 
1535171920397 0.241943 0.918131 -0.313845 -0.602564 -0.935752 0.30632 0.174747 -0.232544 0.256578 0.251402 0.933255 0.390757 
1535171920419 0.241955 0.918127 -0.313847 -0.602587 -0.935752 0.306329 0.17473 -0.232522 0.256565 0.251406 0.933257 0.390734 
1535171920439 0.24205 0.918123 -0.313787 -0.602633 -0.935707 0.306427 0.174799 -0.232453 0.25664 0.251303 0.933264 0.390675 
1535171920495 0.242666 0.918134 -0.313279 -0.602681 -0.935617 0.306845 0.17455 -0.232333 0.256388 0.250752 0.933482 0.390558 
1535171920512 0.242718 0.91817 -0.313131 -0.602696 -0.935659 0.306812 0.174379 -0.232317 0.256182 0.250659 0.933563 0.390551 
1535171920628 0.242435 0.918088 -0.313592 -0.602718 -0.935685 0.306678 0.174476 -0.232337 0.256356 0.251125 0.933391 0.390672 
1535171920655 0.241954 0.918109 -0.313902 -0.602702 -0.93565 0.306438 0.175083 -0.232387 0.256937 0.251341 0.933173 0.390715 
1535171920682 0.241744 0.918127 -0.314012 -0.602659 -0.935549 0.306413 0.17567 -0.232441 0.257504 0.251306 0.933026 0.390752 
1535171920722 0.241795 0.918063 -0.314158 -0.602619 -0.935426 0.306596 0.176005 -0.232518 0.257903 0.251315 0.932913 0.390747 
1535171920742 0.241787 0.918042 -0.314225 -0.602613 -0.935411 0.306617 0.176045 -0.23254 0.257963 0.251364 0.932883 0.390739 
1535171920759 0.241742 0.918023 -0.314316 -0.602615 -0.935392 0.306622 0.176136 -0.232548 0.258074 0.251429 0.932835 0.390729 
1535171920778 0.241536 0.918043 -0.314417 -0.602619 -0.935388 0.306503 0.176369 -0.23254 0.258284 0.251502 0.932757 0.390742 
1535171920866 0.241169 0.918181 -0.314294 -0.602636 -0.935191 0.306415 0.177558 -0.23251 0.259335 0.251104 0.932573 0.39094 
1535171920907 0.241308 0.918327 -0.313762 -0.602653 -0.935175 0.306424 0.177627 -0.232592 0.259264 0.250559 0.932739 0.390917 
1535171920941 0.241243 0.918452 -0.313446 -0.602658 -0.935198 0.306296 0.177728 -0.232634 0.259242 0.250258 0.932826 0.390857 
1535171920989 0.241078 0.918547 -0.313294 -0.602644 -0.935211 0.306139 0.177932 -0.232641 0.25935 0.2501 0.932838 0.390776 
1535171921260 0.24067 0.918765 -0.312967 -0.602654 -0.934996 0.305998 0.179299 -0.232723 0.260501 0.249471 0.932686 0.390795 
1535171921289 0.240742 0.918734 -0.313002 -0.602647 -0.935064 0.30599 0.178959 -0.232702 0.260191 0.249594 0.93274 0.39079 
1535171921306 0.240925 0.918667 -0.313058 -0.602645 -0.935075 0.306118 0.178681 -0.2327 0.259981 0.249684 0.932774 0.390785 
1535171921326 0.241077 0.918573 -0.313219 -0.602659 -0.935089 0.306242 0.178396 -0.232701 0.259791 0.24988 0.932775 0.390777 
1535171921410 0.241156 0.918585 -0.313123 -0.602665 -0.935093 0.306274 0.178318 -0.232667 0.259702 0.249796 0.932822 0.390839 
1535171921661 0.240939 0.918913 -0.312327 -0.602737 -0.935002 0.306055 0.179169 -0.232659 0.26023 0.248857 0.932926 0.390693 
1535171921684 0.240969 0.91889 -0.312369 -0.602715 -0.935026 0.306061 0.179035 -0.232678 0.260118 0.248931 0.932937 0.390714 
1535171921701 0.240997 0.918822 -0.312549 -0.602715 -0.935032 0.30611 0.178918 -0.232681 0.260069 0.249125 0.932899 0.390724 
1535171921721 0.241042 0.918722 -0.312807 -0.602721 -0.935029 0.306195 0.17879 -0.232662 0.260039 0.249387 0.932838 0.390731 
1535171921738 0.241012 0.918644 -0.31306 -0.602717 -0.935077 0.306177 0.178568 -0.232619 0.259892 0.249699 0.932795 0.39076 
1535171921833 0.241389 0.918745 -0.312474 -0.60267 -0.93497 0.306429 0.178698 -0.232719 0.259929 0.249018 0.932967 0.390845 
1535171921844 0.241497 0.918797 -0.312236 -0.602661 -0.934919 0.306507 0.17883 -0.232763 0.260011 0.248729 0.933021 0.390833 
1535171921863 0.241503 0.918881 -0.311985 -0.602662 -0.934892 0.306488 0.179005 -0.232818 0.260104 0.248442 0.933072 0.390801 
1535171922031 0.240951 0.919137 -0.311656 -0.602761 -0.934994 0.305941 0.179408 -0.232708 0.260249 0.248168 0.933104 0.390568 
1535171922052 0.240941 0.919146 -0.311637 -0.602761 -0.934992 0.305932 0.179432 -0.232702 0.260264 0.248145 0.933106 0.39056 
1535171922072 0.240946 0.919145 -0.311638 -0.602764 -0.934997 0.30593 0.179409 -0.232703 0.260243 0.248153 0.93311 0.390552 
1535171922089 0.240952 0.919141 -0.311644 -0.602765 -0.934999 0.305933 0.179391 -0.232706 0.260227 0.248162 0.933112 0.390547 
1535171922106 0.240977 0.919136 -0.31164 -0.602765 -0.935001 0.305948 0.179356 -0.232708 0.260198 0.248163 0.933119 0.39055 
1535171922122 0.241032 0.919125 -0.311629 -0.602765 -0.935005 0.305981 0.17928 -0.232712 0.260133 0.248162 0.933138 0.390571 
1535171922139 0.241069 0.919094 -0.311691 -0.602767 -0.935043 0.305983 0.179081 -0.232731 0.259964 0.248274 0.933155 0.390599 
1535171922155 0.241154 0.919061 -0.311725 -0.602746 -0.93507 0.306023 0.178869 -0.23273 0.259786 0.24835 0.933185 0.390639 
1535171922215 0.241126 0.918915 -0.312174 -0.602687 -0.935116 0.306047 0.178585 -0.232638 0.259645 0.248858 0.933089 0.390733 
1535171922232 0.241156 0.918904 -0.312186 -0.602676 -0.93512 0.306066 0.178532 -0.23264 0.259604 0.248877 0.933095 0.390756 
1535171922249 0.241215 0.918897 -0.312158 -0.60267 -0.935119 0.306103 0.178477 -0.232662 0.259555 0.248854 0.933115 0.390777 
1535171922266 0.241267 0.918893 -0.312132 -0.602665 -0.935117 0.306136 0.178428 -0.232688 0.259511 0.248831 0.933133 0.390792 
1535171922282 0.241305 0.91889 -0.312111 -0.602661 -0.935115 0.30616 0.178397 -0.23271 0.259483 0.248811 0.933146 0.390801 
1535171922299 0.241344 0.918883 -0.312102 -0.602668 -0.935103 0.306198 0.178396 -0.232733 0.25949 0.248792 0.933149 0.390801 
1535171922315 0.241423 0.918864 -0.312096 -0.602686 -0.935076 0.306277 0.1784 -0.232768 0.259513 0.248764 0.93315 0.390795 
1535171922336 0.241499 0.918877 -0.312 -0.602697 -0.935049 0.306338 0.178441 -0.232801 0.259543 0.248642 0.933175 0.390774 
1535171922406 0.241211 0.918878 -0.312218 -0.602701 -0.935058 0.306171 0.17868 -0.232721 0.259777 0.248842 0.933056 0.390685 
1535171922857 0.241051 0.918598 -0.313166 -0.602729 -0.935038 0.306262 0.178629 -0.232536 0.259999 0.249763 0.932748 0.390797 
1535171922886 0.241141 0.918623 -0.313023 -0.602733 -0.934979 0.306354 0.178779 -0.232587 0.260126 0.249559 0.932767 0.390788 
1535171922903 0.241165 0.918717 -0.312728 -0.602711 -0.934991 0.306302 0.178806 -0.232631 0.260061 0.249276 0.932861 0.390784 
1535171922923 0.241199 0.918822 -0.312394 -0.602686 -0.935012 0.30624 0.178801 -0.232687 0.259953 0.248965 0.932974 0.390761 
1535171922943 0.241247 0.918868 -0.312219 -0.602674 -0.935017 0.306235 0.178784 -0.232725 0.259892 0.248799 0.933036 0.390737 
1535171922981 0.241356 0.918822 -0.312272 -0.602693 -0.934995 0.306342 0.178713 -0.232778 0.259867 0.248839 0.933032 0.39069 
1535171923542 0.241964 0.918487 -0.312786 -0.602735 -0.934831 0.307024 0.178402 -0.232695 0.259893 0.249235 0.932919 0.390797 
1535171923575 0.241692 0.918622 -0.3126 -0.602713 -0.93487 0.30676 0.17865 -0.23267 0.260005 0.249062 0.932934 0.390797 
1535171923591 0.241511 0.918734 -0.31241 -0.602694 -0.934933 0.306536 0.178703 -0.232678 0.259946 0.248924 0.932987 0.390804 
1535171923699 0.241128 0.918733 -0.312711 -0.602674 -0.934861 0.306396 0.17932 -0.232793 0.260561 0.249102 0.932768 0.390733 
1535171923722 0.240995 0.91862 -0.313145 -0.60267 -0.934749 0.306496 0.179736 -0.232816 0.261087 0.249396 0.932542 0.390774 
1535171923736 0.240938 0.918571 -0.31333 -0.602667 -0.934686 0.306552 0.179967 -0.232827 0.261365 0.249504 0.932436 0.390809 
1535171930311 0.240214 0.918436 -0.314282 -0.602542 -0.934427 0.30648 0.181428 -0.23289 0.262951 0.250092 0.931832 0.390969 
1535171930693 0.247106 0.919846 -0.304669 -0.602444 -0.93395 0.309879 0.178082 -0.232268 0.258218 0.24054 0.935662 0.389639 
1535171931095 0.254288 0.920992 -0.295146 -0.60224 -0.933041 0.313931 0.175733 -0.231758 0.254504 0.230697 0.939152 0.388156 
1535171931365 0.257805 0.921536 -0.290359 -0.602214 -0.932502 0.315984 0.174912 -0.231375 0.252936 0.225667 0.940796 0.387337 
1535171931755 0.264822 0.922536 -0.280706 -0.602028 -0.931529 0.319986 0.17281 -0.230815 0.249246 0.215722 0.944108 0.385974 
1535171932129 0.271528 0.923465 -0.27108 -0.601869 -0.930581 0.323773 0.17085 -0.230185 0.245543 0.205871 0.947273 0.384544 
1535171932228 0.272189 0.923582 -0.270019 -0.601962 -0.930454 0.324154 0.170817 -0.229922 0.245292 0.204746 0.947582 0.384286 
1535171932251 0.272267 0.923569 -0.269981 -0.60196 -0.93044 0.324216 0.17078 -0.229942 0.245259 0.204704 0.947599 0.384304 
1535171932270 0.272334 0.923558 -0.269952 -0.601954 -0.930423 0.324272 0.170765 -0.229964 0.245249 0.204664 0.94761 0.384322 
1535171932421 0.272132 0.923691 -0.269703 -0.601834 -0.930441 0.324066 0.171057 -0.230178 0.245405 0.204393 0.947628 0.384372 
1535171932574 0.272732 0.923945 -0.268222 -0.601825 -0.930175 0.324441 0.171789 -0.230187 0.245746 0.202641 0.947916 0.384201 
1535171932734 0.273584 0.924099 -0.26682 -0.601773 -0.929904 0.325015 0.172172 -0.230223 0.245825 0.201013 0.948242 0.383883 
1535171932791 0.273785 0.924273 -0.26601 -0.601745 -0.929823 0.325075 0.172499 -0.230167 0.245909 0.200114 0.948411 0.383844 
1535171932880 0.274022 0.924415 -0.265272 -0.60173 -0.929766 0.325154 0.172655 -0.230155 0.245859 0.19933 0.948589 0.383758 
1535171933134 0.274476 0.924535 -0.264383 -0.601757 -0.929582 0.325464 0.173062 -0.230134 0.246049 0.198265 0.948763 0.383527 
1535171933171 0.274312 0.924512 -0.264633 -0.601739 -0.929631 0.325352 0.173007 -0.230106 0.246046 0.198554 0.948703 0.383571 
1535171933185 0.274269 0.924448 -0.2649 -0.601754 -0.929645 0.32536 0.172917 -0.23012 0.246041 0.198837 0.948645 0.383598 
1535171933203 0.274259 0.924406 -0.265058 -0.601763 -0.929653 0.325376 0.172846 -0.230136 0.246023 0.199007 0.948614 0.383621 
1535171933319 0.274573 0.924278 -0.26518 -0.601745 -0.929707 0.325582 0.172168 -0.230121 0.245469 0.199267 0.948703 0.383784 
1535171933333 0.274739 0.924231 -0.265172 -0.601762 -0.929688 0.325715 0.172018 -0.230072 0.245355 0.199267 0.948733 0.383758 
1535171933350 0.274875 0.924188 -0.265179 -0.601788 -0.929704 0.325802 0.171768 -0.230004 0.245142 0.199323 0.948776 0.383715 
1535171933366 0.274966 0.92418 -0.265112 -0.601802 -0.929733 0.32583 0.171555 -0.22995 0.244929 0.199311 0.948833 0.383689 
1535171933643 0.275653 0.924046 -0.264866 -0.601815 -0.929806 0.326219 0.170417 -0.229838 0.243877 0.199298 0.949107 0.38361 
1535171933660 0.275607 0.924057 -0.264876 -0.601815 -0.929805 0.326189 0.170482 -0.229835 0.243935 0.199297 0.949093 0.383613 
1535171933677 0.275526 0.924079 -0.264885 -0.601814 -0.929796 0.326139 0.170624 -0.229827 0.244059 0.199278 0.949065 0.383622 
1535171933694 0.275248 0.924172 -0.26485 -0.601809 -0.929828 0.325907 0.170894 -0.229805 0.244252 0.199227 0.949026 0.383644 
1535171933710 0.274976 0.92426 -0.264825 -0.601805 -0.92986 0.325681 0.17115 -0.229786 0.244436 0.199188 0.948986 0.383667 
1535171933730 0.274756 0.924339 -0.264777 -0.601792 -0.929874 0.325502 0.171413 -0.229787 0.244629 0.199113 0.948952 0.383702 
1535171933791 0.27506 0.924184 -0.265002 -0.601791 -0.929727 0.325883 0.171487 -0.229908 0.244845 0.19921 0.948876 0.383728 
1535171934164 0.275746 0.924044 -0.264776 -0.601847 -0.929793 0.32628 0.170372 -0.229778 0.243822 0.199207 0.94914 0.38361 
1535171934185 0.275682 0.92404 -0.264858 -0.601841 -0.929743 0.32629 0.170625 -0.229797 0.244085 0.199211 0.949072 0.383628 
1535171934205 0.275351 0.924121 -0.264918 -0.601834 -0.929756 0.326053 0.171008 -0.229797 0.24441 0.199222 0.948986 0.38366 
1535171934224 0.27516 0.924174 -0.264933 -0.601829 -0.929769 0.325907 0.171215 -0.229796 0.244576 0.199215 0.948945 0.383678 
1535171934242 0.274916 0.924238 -0.264961 -0.601821 -0.929783 0.325726 0.171483 -0.229801 0.244796 0.199213 0.948888 0.383703 
1535171934259 0.274915 0.92423 -0.264991 -0.601817 -0.929759 0.32575 0.171564 -0.229816 0.244886 0.199213 0.948865 0.383723 
1535171934498 0.275736 0.924077 -0.26467 -0.601846 -0.929819 0.326232 0.170321 -0.22976 0.243734 0.199132 0.949179 0.383615 
1535171934518 0.275728 0.924082 -0.264662 -0.601848 -0.929822 0.326222 0.170325 -0.229752 0.243733 0.199125 0.94918 0.383619 
1535171934541 0.275716 0.924085 -0.264663 -0.601851 -0.929824 0.326213 0.170333 -0.229744 0.243739 0.199127 0.949179 0.383618 
1535171934557 0.275711 0.924088 -0.264661 -0.601853 -0.929824 0.326208 0.170339 -0.22974 0.243742 0.199124 0.949178 0.38362 
1535171934574 0.275701 0.924085 -0.264681 -0.601856 -0.929821 0.326207 0.170358 -0.229736 0.243766 0.199138 0.949169 0.383617 
1535171934591 0.275674 0.924081 -0.264724 -0.601857 -0.929806 0.326208 0.170437 -0.229733 0.243852 0.199157 0.949143 0.383607 
1535171934607 0.275639 0.924094 -0.264714 -0.601851 -0.929779 0.326203 0.170594 -0.229727 0.243995 0.199103 0.949118 0.383614 
1535171934624 0.275607 0.924103 -0.264715 -0.601845 -0.929741 0.326211 0.170786 -0.229726 0.244177 0.199047 0.949083 0.383631 
1535171934754 0.275545 0.924072 -0.264889 -0.601854 -0.929783 0.326164 0.170646 -0.229757 0.244086 0.199269 0.94906 0.383587 
1535171934771 0.275643 0.924037 -0.264909 -0.601855 -0.929771 0.326248 0.170551 -0.229763 0.244021 0.199293 0.949071 0.383567 
1535171934788 0.275734 0.924029 -0.264841 -0.601846 -0.929779 0.326294 0.170418 -0.229775 0.243887 0.199254 0.949114 0.383553 
1535171934804 0.275779 0.924025 -0.264808 -0.601841 -0.929792 0.326311 0.17032 -0.229783 0.24379 0.199246 0.94914 0.383543 
1535171934822 0.275801 0.924024 -0.264789 -0.601838 -0.929794 0.326321 0.170288 -0.229785 0.243756 0.199233 0.949152 0.383531 
1535171934838 0.275805 0.924024 -0.264784 -0.601837 -0.929794 0.326323 0.170283 -0.229784 0.243751 0.19923 0.949154 0.383527 
1535171934854 0.275805 0.924033 -0.264755 -0.601834 -0.929782 0.326327 0.17034 -0.229778 0.243797 0.199184 0.949152 0.383534 
1535171934871 0.275795 0.924049 -0.264708 -0.601829 -0.929762 0.326327 0.170447 -0.229767 0.243883 0.199107 0.949146 0.383544 
1535171934888 0.275792 0.924063 -0.264663 -0.601825 -0.929746 0.326331 0.170532 -0.229758 0.24395 0.199038 0.949143 0.383557 
1535171934904 0.275793 0.924074 -0.264623 -0.601821 -0.929737 0.326331 0.170577 -0.229753 0.243981 0.198986 0.949146 0.383565 
1535171934941 0.275803 0.92408 -0.264593 -0.601817 -0.929745 0.326326 0.170546 -0.229757 0.243942 0.198966 0.94916 0.383569 
1535171934957 0.275812 0.92408 -0.264582 -0.601816 -0.929753 0.326324 0.170506 -0.229762 0.243901 0.198968 0.94917 0.383572 
1535171934975 0.275817 0.924082 -0.26457 -0.601816 -0.929761 0.326319 0.170473 -0.229764 0.243865 0.198968 0.94918 0.383577 
1535171934994 0.275812 0.924084 -0.264568 -0.601819 -0.929771 0.326307 0.170439 -0.229762 0.24383 0.198978 0.949186 0.383578 
1535171935012 0.275813 0.924083 -0.26457 -0.60182 -0.929776 0.326303 0.170419 -0.229762 0.243811 0.198987 0.949189 0.383579 
1535171935028 0.275813 0.924083 -0.26457 -0.60182 -0.929777 0.326303 0.170415 -0.229763 0.243808 0.198989 0.94919 0.383579 
1535171935045 0.275813 0.924083 -0.26457 -0.60182 -0.929777 0.326303 0.170414 -0.229763 0.243807 0.198988 0.94919 0.38358 
1535171935065 0.275813 0.924084 -0.264569 -0.60182 -0.929777 0.326303 0.170414 -0.229763 0.243806 0.198988 0.949191 0.38358 
1535171935081 0.275813 0.924084 -0.264567 -0.60182 -0.929778 0.326302 0.170412 -0.229763 0.243804 0.198986 0.949191 0.38358 
1535171935108 0.275813 0.924085 -0.264563 -0.60182 -0.929779 0.3263 0.17041 -0.229762 0.2438 0.198984 0.949193 0.38358 
1535171935125 0.275813 0.924086 -0.264561 -0.60182 -0.92978 0.326299 0.170406 -0.229762 0.243796 0.198983 0.949194 0.38358 
1535171935141 0.275814 0.924086 -0.264558 -0.60182 -0.929781 0.326298 0.1704 -0.229762 0.243789 0.198982 0.949196 0.38358 
1535171935165 0.275812 0.924085 -0.264564 -0.60182 -0.929789 0.326292 0.170371 -0.229763 0.243762 0.198998 0.949199 0.383569 
1535171935186 0.27581 0.924083 -0.264572 -0.60182 -0.929794 0.326287 0.17035 -0.229764 0.243744 0.199014 0.949201 0.383559 
1535171935205 0.275809 0.924083 -0.264576 -0.60182 -0.929797 0.326286 0.170341 -0.229764 0.243736 0.19902 0.949202 0.383556 
1535171935219 0.27581 0.924082 -0.264578 -0.601821 -0.929798 0.326285 0.170334 -0.229765 0.243731 0.199025 0.949202 0.383556 
1535171935329 0.275806 0.924034 -0.264748 -0.601836 -0.929882 0.326245 0.169951 -0.229794 0.243413 0.199311 0.949223 0.383556 
1535171935348 0.275784 0.924038 -0.264758 -0.601835 -0.929888 0.326226 0.169957 -0.229785 0.243418 0.199324 0.949219 0.383555 
1535171935368 0.27576 0.924024 -0.264832 -0.601843 -0.929883 0.326226 0.16998 -0.229777 0.243461 0.19939 0.949195 0.383554 
1535171935387 0.275741 0.924011 -0.264896 -0.601851 -0.929879 0.326228 0.17 -0.229771 0.243498 0.199445 0.949173 0.383553 
1535171935402 0.275736 0.924007 -0.264916 -0.601853 -0.929878 0.326229 0.170007 -0.229769 0.24351 0.199462 0.949167 0.383552 
1535171935418 0.275732 0.924006 -0.264924 -0.601854 -0.929875 0.32623 0.170021 -0.229767 0.243527 0.199466 0.949162 0.383552 
1535171935435 0.275727 0.924012 -0.264908 -0.601852 -0.929868 0.326229 0.170057 -0.229762 0.243555 0.199441 0.94916 0.383553 
1535171935452 0.275709 0.924036 -0.264845 -0.601844 -0.929846 0.326223 0.170193 -0.229743 0.243662 0.199341 0.949153 0.383552 
1535171935468 0.275699 0.924045 -0.264823 -0.60184 -0.929839 0.326217 0.170241 -0.229735 0.243701 0.199308 0.94915 0.383552 
1535171935535 0.275679 0.924042 -0.264853 -0.601827 -0.929942 0.326124 0.169856 -0.22971 0.243329 0.199472 0.949211 0.383587 
1535171935553 0.275667 0.924043 -0.264861 -0.60182 -0.930001 0.326068 0.169639 -0.229694 0.243116 0.199558 0.949248 0.383609 
1535171935573 0.275618 0.924035 -0.264942 -0.60182 -0.930059 0.326 0.169453 -0.229667 0.242952 0.199707 0.949258 0.383622 
1535171935590 0.275559 0.924019 -0.26506 -0.601825 -0.930103 0.325943 0.169318 -0.229641 0.242848 0.199876 0.949249 0.38362 
1535171935607 0.275544 0.924005 -0.265125 -0.60183 -0.930121 0.32593 0.169248 -0.229637 0.242798 0.199963 0.949244 0.383612 
1535171935632 0.275581 0.923983 -0.26516 -0.60184 -0.9301 0.325981 0.169267 -0.22965 0.242836 0.199978 0.949231 0.383596 
1535171935656 0.27563 0.923972 -0.265148 -0.601844 -0.930053 0.326052 0.169388 -0.229663 0.242962 0.199913 0.949213 0.383569 
1535171935673 0.275628 0.923976 -0.265137 -0.601843 -0.930021 0.326075 0.169516 -0.229655 0.243084 0.19986 0.949192 0.38355 
1535171935740 0.275656 0.923955 -0.265179 -0.601837 -0.929996 0.326124 0.169563 -0.229661 0.24315 0.199875 0.949172 0.383534 
1535171935760 0.275654 0.923911 -0.265338 -0.601832 -0.930046 0.32611 0.169314 -0.229683 0.24296 0.200104 0.949173 0.383535 
1535171935782 0.275601 0.923868 -0.265541 -0.60183 -0.930104 0.326061 0.169087 -0.22968 0.242797 0.20038 0.949156 0.383543 
1535171935793 0.275553 0.923848 -0.265661 -0.601828 -0.930143 0.326016 0.168959 -0.22967 0.242702 0.200546 0.949145 0.383549 
1535171935810 0.275494 0.923836 -0.265763 -0.601823 -0.930187 0.325956 0.168832 -0.229655 0.2426 0.200697 0.94914 0.383564 
1535171935827 0.275452 0.923848 -0.265766 -0.601813 -0.930205 0.325912 0.168819 -0.229637 0.242579 0.200715 0.949141 0.383579 
1535171935843 0.275481 0.923862 -0.265685 -0.601803 -0.930189 0.325931 0.16887 -0.229638 0.242608 0.200617 0.949154 0.383595 
1535171935860 0.275532 0.923864 -0.265628 -0.601799 -0.930157 0.325984 0.168947 -0.229648 0.242674 0.200526 0.949157 0.383606 
1535171935881 0.275623 0.923866 -0.265524 -0.601791 -0.930106 0.326072 0.169055 -0.229668 0.242764 0.20037 0.949167 0.383617 
1535171935984 0.276187 0.923667 -0.265633 -0.601734 -0.930133 0.326473 0.168132 -0.22972 0.24202 0.200638 0.9493 0.383581 
1535171936001 0.276116 0.923657 -0.265741 -0.601729 -0.930206 0.326381 0.167906 -0.229701 0.24182 0.200832 0.94931 0.383568 
1535171936017 0.276042 0.923632 -0.265903 -0.601737 -0.930242 0.326328 0.167809 -0.229675 0.241765 0.201032 0.949282 0.383556 
1535171936038 0.275944 0.923621 -0.266042 -0.60174 -0.930265 0.326265 0.167806 -0.229634 0.241789 0.201185 0.949243 0.383535 
1535171936056 0.275934 0.92361 -0.266093 -0.601745 -0.93026 0.32627 0.167822 -0.22963 0.24182 0.201228 0.949226 0.383522 
1535171936072 0.275961 0.923603 -0.26609 -0.601749 -0.93024 0.326306 0.167864 -0.229639 0.241866 0.201204 0.94922 0.383522 
1535171936092 0.276005 0.923605 -0.266035 -0.601752 -0.9302 0.326361 0.167979 -0.229662 0.24197 0.201103 0.949214 0.383535 
1535171936109 0.276047 0.923607 -0.265986 -0.601757 -0.930156 0.326418 0.16811 -0.229676 0.24209 0.201002 0.949205 0.383552 
1535171936162 0.275887 0.923713 -0.265783 -0.601753 -0.930137 0.326282 0.168478 -0.229689 0.242346 0.200734 0.949197 0.383622 
1535171936182 0.275837 0.923728 -0.265783 -0.601744 -0.930169 0.32622 0.168422 -0.229671 0.24228 0.200766 0.949207 0.383637 
1535171936199 0.27581 0.923719 -0.26584 -0.60174 -0.930229 0.326162 0.168204 -0.229663 0.24208 0.2009 0.949229 0.383647 
1535171936216 0.275762 0.92371 -0.265921 -0.601733 -0.930309 0.326076 0.167928 -0.229644 0.241828 0.201081 0.949255 0.383656 
1535171936236 0.275859 0.923659 -0.265998 -0.601725 -0.930335 0.326137 0.167664 -0.229627 0.241616 0.201216 0.949281 0.383659 
1535171936253 0.275935 0.923617 -0.266066 -0.601721 -0.930339 0.3262 0.167519 -0.229608 0.241514 0.201307 0.949287 0.383657 
1535171936270 0.275955 0.923573 -0.266198 -0.601728 -0.930318 0.326256 0.167529 -0.229581 0.241574 0.201418 0.949248 0.383639 
1535171936286 0.275953 0.923534 -0.266338 -0.601739 -0.930288 0.326305 0.167597 -0.22956 0.241689 0.201522 0.949197 0.383615 
1535171936417 0.275926 0.923425 -0.266741 -0.601756 -0.930317 0.326335 0.16738 -0.229607 0.24161 0.201969 0.949122 0.383623 
1535171936433 0.275903 0.923421 -0.266779 -0.601752 -0.93035 0.326298 0.167269 -0.229607 0.24151 0.202047 0.949131 0.383633 
1535171936449 0.27588 0.923423 -0.266796 -0.601746 -0.930371 0.326267 0.167213 -0.229604 0.241455 0.202089 0.949136 0.38364 
1535171936469 0.275856 0.923434 -0.266782 -0.601735 -0.93038 0.326239 0.167213 -0.229596 0.241445 0.202082 0.94914 0.383645 
1535171936486 0.275841 0.923445 -0.266761 -0.601727 -0.930381 0.326224 0.16724 -0.229589 0.241461 0.202058 0.949141 0.383648 
1535171936503 0.27584 0.923454 -0.26673 -0.60172 -0.930382 0.326217 0.167248 -0.229588 0.241457 0.202028 0.949149 0.383649 
1535171936519 0.275855 0.923456 -0.266709 -0.601718 -0.930372 0.326232 0.167273 -0.229592 0.241478 0.201996 0.94915 0.383649 
1535171936539 0.275913 0.923464 -0.266621 -0.601714 -0.930343 0.326283 0.167339 -0.229608 0.241525 0.201878 0.949163 0.38365 
1535171937020 0.27593 0.923393 -0.266847 -0.601739 -0.930377 0.326307 0.167101 -0.229643 0.241374 0.20216 0.949142 0.383623 
1535171937040 0.27593 0.923393 -0.266847 -0.601739 -0.930377 0.326307 0.167101 -0.229643 0.241374 0.20216 0.949142 0.383622 
1535171937057 0.27593 0.923393 -0.266847 -0.601739 -0.930377 0.326306 0.167101 -0.229643 0.241374 0.20216 0.949142 0.383622 
1535171937074 0.27593 0.923393 -0.266847 -0.601739 -0.930377 0.326307 0.167101 -0.229643 0.241374 0.20216 0.949142 0.383622 
1535171937093 0.27593 0.923394 -0.266845 -0.601739 -0.930376 0.326307 0.167106 -0.229643 0.241378 0.202157 0.949141 0.383622 
1535171937110 0.275926 0.923398 -0.266835 -0.601738 -0.93037 0.326307 0.167137 -0.229639 0.241404 0.202137 0.949139 0.383622 
1535171937128 0.275913 0.923412 -0.266799 -0.601733 -0.930351 0.326307 0.167242 -0.229626 0.241492 0.202073 0.94913 0.383621 
1535171937143 0.2759 0.923426 -0.266765 -0.601729 -0.930333 0.326307 0.167346 -0.229613 0.241579 0.202009 0.949122 0.38362 
1535171937240 0.275841 0.923422 -0.266841 -0.601736 -0.9303 0.326307 0.16753 -0.229583 0.241773 0.20203 0.949068 0.383658 
1535171937260 0.275825 0.923409 -0.266902 -0.601743 -0.930306 0.326301 0.167508 -0.229582 0.241769 0.202098 0.949055 0.383674 
1535171937277 0.275819 0.923403 -0.26693 -0.601746 -0.930308 0.326301 0.167498 -0.229581 0.241768 0.202128 0.949048 0.383683 
1535171937294 0.275815 0.923399 -0.266947 -0.601748 -0.930308 0.326301 0.167496 -0.229581 0.241771 0.202145 0.949044 0.383688 
1535171937310 0.275813 0.923396 -0.266957 -0.601749 -0.930308 0.326301 0.167494 -0.229581 0.241772 0.202155 0.949042 0.383689 
