1532542398351 -0.187255 0.845429 -0.500189 -0.597268 -0.975202 -0.0988634 0.197988 -0.255126 0.117931 0.524856 0.842977 0.407261 
1532542462972 -0.142872 0.839549 -0.524162 -0.593915 -0.982764 -0.0575656 0.175672 -0.25148 0.117312 0.540226 0.833303 0.409279 
1532542462982 -0.100057 0.832205 -0.545365 -0.593941 -0.987958 -0.0180862 0.153661 -0.254561 0.118014 0.554173 0.823994 0.407112 
1532542462992 -0.0561518 0.822437 -0.566078 -0.592533 -0.99128 0.0217742 0.129964 -0.254483 0.119213 0.56844 0.814042 0.4069 
1532542463002 -0.0121538 0.810571 -0.585514 -0.590964 -0.992558 0.0611751 0.105292 -0.254292 0.121166 0.582436 0.803795 0.406777 
1532542463012 0.0318166 0.796649 -0.603604 -0.589382 -0.991787 0.100014 0.0797219 -0.254095 0.123879 0.59611 0.793288 0.406658 
1532542463022 0.0756509 0.780705 -0.620304 -0.587801 -0.988969 0.138194 0.0533165 -0.253896 0.127347 0.609428 0.782548 0.406539 
1532542463032 0.119241 0.762778 -0.635571 -0.58622 -0.98411 0.175622 0.0261412 -0.253697 0.13156 0.622355 0.7716 0.406419 
1532542463042 0.162478 0.742914 -0.649368 -0.58465 -0.977223 0.212206 -0.00173578 -0.253503 0.13651 0.63486 0.760472 0.406292 
1532542463052 0.205171 0.721214 -0.661631 -0.583191 -0.968338 0.247817 -0.0301454 -0.253515 0.142222 0.646867 0.749223 0.406013 
1532542463092 0.205171 0.721214 -0.661631 -0.583191 -0.968338 0.247817 -0.0301454 -0.253515 0.142222 0.646867 0.749223 0.406013 
1532542463102 0.247388 0.697623 -0.672399 -0.581607 -0.957452 0.28245 -0.0592185 -0.253306 0.148607 0.65844 0.737816 0.405894 
1532542463112 0.247474 0.697565 -0.672428 -0.581482 -0.957436 0.282483 -0.0593236 -0.253095 0.148567 0.658488 0.737781 0.406057 
1532542463122 0.247475 0.697564 -0.672429 -0.581472 -0.957436 0.282482 -0.0593253 -0.253086 0.148566 0.65849 0.73778 0.406064 
1532542463132 0.247476 0.697563 -0.67243 -0.581471 -0.957436 0.282483 -0.0593251 -0.253086 0.148567 0.65849 0.73778 0.406064 
1532542463142 0.247475 0.697563 -0.67243 -0.581471 -0.957436 0.282483 -0.0593251 -0.253085 0.148567 0.65849 0.73778 0.406065 
1532542463152 0.247475 0.697563 -0.67243 -0.581472 -0.957436 0.282484 -0.0593249 -0.253085 0.148568 0.65849 0.73778 0.406065 
1532542463162 0.247476 0.697563 -0.67243 -0.581472 -0.957436 0.282484 -0.0593248 -0.253085 0.148568 0.65849 0.737779 0.406065 
1532542463172 0.247476 0.697562 -0.67243 -0.581472 -0.957436 0.282484 -0.0593247 -0.253085 0.148568 0.65849 0.737779 0.406065 
1532542463182 0.247476 0.697562 -0.67243 -0.581473 -0.957436 0.282485 -0.0593246 -0.253086 0.148569 0.65849 0.737779 0.406065 
1532542463199 0.247476 0.697562 -0.67243 -0.581473 -0.957436 0.282485 -0.0593246 -0.253086 0.148569 0.65849 0.737779 0.406065 
1532542463202 0 0 0 0 0 0 0 0 0 0 0 0 
1532542463212 0.247476 0.697562 -0.67243 -0.581472 -0.957436 0.282485 -0.0593246 -0.253085 0.148569 0.65849 0.737779 0.406065 
1532542463222 0.247476 0.697562 -0.67243 -0.581472 -0.957436 0.282485 -0.0593246 -0.253085 0.148569 0.65849 0.737779 0.406065 
1532542463232 0.247476 0.697562 -0.67243 -0.581472 -0.957436 0.282485 -0.0593246 -0.253085 0.148569 0.65849 0.737779 0.406065 
1532542463242 0.247476 0.697562 -0.67243 -0.581472 -0.957436 0.282485 -0.0593246 -0.253085 0.148569 0.65849 0.737779 0.406065 
1532542463252 0.247476 0.697562 -0.67243 -0.581472 -0.957436 0.282485 -0.0593246 -0.253085 0.148569 0.65849 0.737779 0.406065 
1532542463262 0.247476 0.697562 -0.67243 -0.581472 -0.957436 0.282485 -0.0593246 -0.253085 0.148569 0.65849 0.737779 0.406065 
1532542463272 0.247476 0.697562 -0.67243 -0.581472 -0.957436 0.282485 -0.0593246 -0.253085 0.148569 0.65849 0.737779 0.406065 
1532542463282 0.247476 0.697562 -0.67243 -0.581472 -0.957436 0.282485 -0.0593246 -0.253085 0.148569 0.65849 0.737779 0.406065 
1532542463292 0.247475 0.697562 -0.672431 -0.581472 -0.957436 0.282484 -0.0593243 -0.253085 0.148569 0.658491 0.737779 0.406065 
1532542463312 0.247475 0.697562 -0.672431 -0.581472 -0.957436 0.282484 -0.0593243 -0.253085 0.148569 0.658491 0.737779 0.406065 
1532542463322 0.247789 0.697606 -0.672269 -0.581633 -0.957344 0.282771 -0.0594352 -0.253068 0.148636 0.658321 0.737917 0.405964 
1532542463332 0.248103 0.69765 -0.672108 -0.581794 -0.957252 0.283059 -0.0595462 -0.253051 0.148704 0.65815 0.738055 0.405863 
1532542463342 0.248417 0.697694 -0.671946 -0.581955 -0.95716 0.283346 -0.059657 -0.253034 0.148771 0.65798 0.738194 0.405761 
1532542463352 0.248732 0.697739 -0.671783 -0.582117 -0.957068 0.283634 -0.0597677 -0.253017 0.148838 0.657809 0.738332 0.40566 
1532542463362 0.249046 0.697783 -0.671621 -0.582278 -0.956976 0.283922 -0.0598784 -0.253 0.148906 0.657638 0.738471 0.405559 
1532542463372 0.24936 0.697826 -0.671459 -0.582439 -0.956884 0.284209 -0.059989 -0.252983 0.148973 0.657467 0.738609 0.405458 
1532542463382 0.249675 0.69787 -0.671297 -0.5826 -0.956791 0.284497 -0.0600996 -0.252966 0.14904 0.657297 0.738748 0.405357 
1532542463392 0.249989 0.697914 -0.671135 -0.582761 -0.956699 0.284784 -0.0602102 -0.252949 0.149107 0.657126 0.738886 0.405256 
1532542463402 0.250302 0.697956 -0.670974 -0.582912 -0.956606 0.285071 -0.0603203 -0.25293 0.149174 0.656956 0.739023 0.40516 
1532542463419 0.250302 0.697956 -0.670974 -0.582912 -0.956606 0.285071 -0.0603203 -0.25293 0.149174 0.656956 0.739023 0.40516 
1532542463422 0 0 0 0 0 0 0 0 0 0 0 0 
1532542463432 0.251154 0.697984 -0.670627 -0.583267 -0.956423 0.285542 -0.0609967 -0.252877 0.148918 0.656723 0.739283 0.40502 
1532542463442 0.251692 0.697968 -0.670441 -0.58347 -0.956332 0.285725 -0.0615626 -0.252843 0.148593 0.656659 0.739404 0.404976 
1532542463452 0.252229 0.697952 -0.670256 -0.583664 -0.956241 0.285908 -0.0621283 -0.252807 0.148269 0.656597 0.739525 0.404937 
1532542463462 0.252768 0.697936 -0.67007 -0.583857 -0.956149 0.286092 -0.0626946 -0.252771 0.147945 0.656534 0.739645 0.404898 
1532542463472 0.253305 0.697919 -0.669885 -0.584051 -0.956057 0.286275 -0.0632604 -0.252735 0.147621 0.656472 0.739765 0.404859 
1532542463482 0.253842 0.697903 -0.669698 -0.584244 -0.955964 0.286458 -0.0638261 -0.252699 0.147296 0.65641 0.739885 0.40482 
1532542463492 0.254379 0.697886 -0.669512 -0.584437 -0.955872 0.286641 -0.0643917 -0.252663 0.146972 0.656347 0.740005 0.404781 
1532542463502 0.254916 0.697869 -0.669325 -0.58463 -0.955778 0.286825 -0.0649574 -0.252627 0.146647 0.656285 0.740124 0.404743 
1532542463512 0.255452 0.697852 -0.669139 -0.584813 -0.955685 0.287007 -0.0655209 -0.252591 0.146324 0.656224 0.740243 0.404707 
1532542463529 0.255452 0.697852 -0.669139 -0.584813 -0.955685 0.287007 -0.0655209 -0.252591 0.146324 0.656224 0.740243 0.404707 
1532542463532 0 0 0 0 0 0 0 0 0 0 0 0 
1532542463542 0.256456 0.697828 -0.66878 -0.585156 -0.9555 0.287391 -0.06653 -0.252519 0.145775 0.656081 0.740478 0.40464 
1532542463552 0.256924 0.697822 -0.668607 -0.585316 -0.955409 0.287591 -0.066975 -0.252483 0.145548 0.656 0.740594 0.404608 
1532542463562 0.25739 0.697815 -0.668434 -0.585466 -0.955317 0.287791 -0.0674183 -0.252447 0.145324 0.655919 0.74071 0.40458 
1532542463572 0.257858 0.697808 -0.668261 -0.585615 -0.955225 0.287992 -0.0678622 -0.252411 0.145099 0.655838 0.740825 0.404551 
1532542463582 0.258325 0.697802 -0.668088 -0.585764 -0.955133 0.288192 -0.0683056 -0.252374 0.144874 0.655758 0.740941 0.404523 
1532542463592 0.258792 0.697795 -0.667914 -0.585914 -0.955041 0.288392 -0.0687489 -0.252338 0.144649 0.655677 0.741056 0.404495 
1532542463602 0.259258 0.697787 -0.667741 -0.586063 -0.954949 0.288592 -0.0691921 -0.252302 0.144423 0.655597 0.741171 0.404466 
1532542463612 0.259725 0.69778 -0.667567 -0.586212 -0.954856 0.288792 -0.0696353 -0.252266 0.144198 0.655517 0.741286 0.404438 
1532542463622 0.26019 0.697772 -0.667394 -0.586353 -0.954763 0.288992 -0.0700769 -0.25223 0.143974 0.655437 0.7414 0.404412 
1532542463639 0.26019 0.697772 -0.667394 -0.586353 -0.954763 0.288992 -0.0700769 -0.25223 0.143974 0.655437 0.7414 0.404412 
1532542463642 0 0 0 0 0 0 0 0 0 0 0 0 
1532542463652 0.261057 0.697703 -0.667127 -0.586659 -0.954582 0.289393 -0.0708863 -0.252161 0.143604 0.655333 0.741563 0.40437 
1532542463662 0.261459 0.697642 -0.667034 -0.586823 -0.954494 0.289594 -0.0712539 -0.252127 0.143459 0.65531 0.741612 0.404353 
1532542463672 0.26186 0.69758 -0.666942 -0.58698 -0.954406 0.289794 -0.0716201 -0.252094 0.143315 0.655287 0.74166 0.404339 
1532542463675 0 0 0 0 0 0 0 0 0 0 0 0 
1532542463685 0.262261 0.697518 -0.666849 -0.587137 -0.954317 0.289994 -0.0719863 -0.252061 0.14317 0.655264 0.741708 0.404325 
1532542463695 0.262663 0.697456 -0.666756 -0.587293 -0.954228 0.290195 -0.0723532 -0.252028 0.143026 0.655242 0.741756 0.404312 
1532542463705 0.263064 0.697394 -0.666662 -0.58745 -0.95414 0.290396 -0.0727194 -0.251995 0.142882 0.655219 0.741804 0.404298 
1532542463715 0.263465 0.697332 -0.666569 -0.587606 -0.954051 0.290596 -0.0730856 -0.251962 0.142737 0.655196 0.741852 0.404284 
1532542463725 0.263865 0.69727 -0.666476 -0.587762 -0.953961 0.290796 -0.0734519 -0.251928 0.142593 0.655174 0.7419 0.40427 
1532542463735 0.264265 0.697207 -0.666383 -0.587911 -0.953872 0.290996 -0.0738167 -0.251895 0.142449 0.655151 0.741947 0.404258 
1532542463751 0 0 0 0 0 0 0 0 0 0 0 0 
1532542463751 0 0 0 0 0 0 0 0 0 0 0 0 
1532542463752 0 0 0 0 0 0 0 0 0 0 0 0 
1532542463762 0.264265 0.697207 -0.666383 -0.587911 -0.953872 0.290996 -0.0738167 -0.251895 0.142449 0.655151 0.741947 0.404258 
1532542463765 0 0 0 0 0 0 0 0 0 0 0 0 
1532542463775 0.265062 0.697131 -0.666146 -0.588208 -0.953698 0.291382 -0.0745455 -0.251829 0.142135 0.655061 0.742087 0.404204 
1532542463785 0.26546 0.697117 -0.666002 -0.588356 -0.953613 0.291567 -0.0749092 -0.251796 0.141964 0.654993 0.742179 0.404162 
1532542463795 0.265857 0.697103 -0.665858 -0.588496 -0.953528 0.291752 -0.0752717 -0.251763 0.141794 0.654926 0.742271 0.404121 
1532542463805 0.266253 0.697089 -0.665715 -0.588637 -0.953442 0.291937 -0.0756342 -0.25173 0.141623 0.654858 0.742363 0.404081 
1532542463815 0.266651 0.697075 -0.665571 -0.588777 -0.953356 0.292123 -0.0759972 -0.251696 0.141453 0.654791 0.742455 0.404041 
1532542463825 0.267048 0.69706 -0.665427 -0.588917 -0.953271 0.292309 -0.0763597 -0.251663 0.141283 0.654723 0.742547 0.404 
1532542463835 0.267444 0.697046 -0.665283 -0.589057 -0.953185 0.292494 -0.0767221 -0.25163 0.141112 0.654656 0.742639 0.40396 
1532542463845 0.267841 0.697031 -0.665138 -0.589197 -0.953098 0.292679 -0.0770845 -0.251597 0.140942 0.654589 0.742731 0.40392 
1532542463855 0.268236 0.697016 -0.664995 -0.589329 -0.953012 0.292864 -0.0774456 -0.251564 0.140772 0.654522 0.742822 0.403882 
1532542463872 0.268236 0.697016 -0.664995 -0.589329 -0.953012 0.292864 -0.0774456 -0.251564 0.140772 0.654522 0.742822 0.403882 
1532542463875 0 0 0 0 0 0 0 0 0 0 0 0 
1532542463885 0.268955 0.696957 -0.664766 -0.589601 -0.952856 0.293195 -0.0781194 -0.251514 0.14046 0.654436 0.742956 0.403807 
1532542463895 0.269279 0.696914 -0.664681 -0.58974 -0.952785 0.293341 -0.0784318 -0.251496 0.140318 0.654418 0.742999 0.403769 
1532542463905 0.269602 0.696869 -0.664596 -0.589872 -0.952715 0.293486 -0.0787432 -0.251478 0.140176 0.6544 0.743042 0.403733 
1532542463915 0.269925 0.696825 -0.664511 -0.590003 -0.952644 0.293631 -0.0790545 -0.251461 0.140034 0.654382 0.743085 0.403698 
1532542463925 0.270248 0.696781 -0.664426 -0.590135 -0.952573 0.293777 -0.0793658 -0.251443 0.139893 0.654363 0.743128 0.403663 
1532542463935 0.27057 0.696737 -0.664342 -0.590266 -0.952503 0.293922 -0.0796771 -0.251426 0.139751 0.654345 0.74317 0.403627 
1532542463945 0.270894 0.696692 -0.664256 -0.590398 -0.952431 0.294068 -0.0799889 -0.251408 0.139609 0.654327 0.743213 0.403592 
1532542463955 0.271217 0.696648 -0.664171 -0.590529 -0.95236 0.294214 -0.0803003 -0.251391 0.139467 0.654309 0.743255 0.403557 
1532542463965 0.271539 0.696603 -0.664087 -0.590653 -0.952289 0.294359 -0.0806105 -0.251373 0.139326 0.654291 0.743297 0.403524 
1532542463982 0.271539 0.696603 -0.664087 -0.590653 -0.952289 0.294359 -0.0806105 -0.251373 0.139326 0.654291 0.743297 0.403524 
1532542463992 0.272203 0.696492 -0.663931 -0.590925 -0.952129 0.294717 -0.0811898 -0.251341 0.139123 0.654248 0.743374 0.403463 
1532542463995 0 0 0 0 0 0 0 0 0 0 0 0 
1532542464005 0.272545 0.696427 -0.663859 -0.591072 -0.95204 0.29493 -0.0814586 -0.251327 0.139062 0.654222 0.743408 0.403436 
1532542464015 0.272886 0.696361 -0.663788 -0.591213 -0.951952 0.295142 -0.0817265 -0.251312 0.139001 0.654196 0.743442 0.403411 
1532542464025 0.273227 0.696295 -0.663717 -0.591353 -0.951863 0.295355 -0.0819944 -0.251298 0.13894 0.654171 0.743476 0.403386 
1532542464035 0.273569 0.696228 -0.663646 -0.591493 -0.951774 0.295567 -0.0822622 -0.251283 0.138879 0.654145 0.74351 0.403362 
1532542464045 0.27391 0.696162 -0.663575 -0.591634 -0.951684 0.29578 -0.0825301 -0.251269 0.138818 0.65412 0.743544 0.403337 
1532542464055 0.274252 0.696096 -0.663503 -0.591774 -0.951595 0.295993 -0.0827984 -0.251254 0.138757 0.654094 0.743578 0.403312 
1532542464065 0.274593 0.696029 -0.663432 -0.591914 -0.951505 0.296206 -0.0830664 -0.25124 0.138696 0.654069 0.743611 0.403287 
1532542464075 0.274933 0.695962 -0.663361 -0.592046 -0.951416 0.296418 -0.0833333 -0.251225 0.138635 0.654043 0.743645 0.403264 
1532542464092 0.274933 0.695962 -0.663361 -0.592046 -0.951416 0.296418 -0.0833333 -0.251225 0.138635 0.654043 0.743645 0.403264 
1532542464095 0 0 0 0 0 0 0 0 0 0 0 0 
1532542464105 0.275628 0.695847 -0.663194 -0.592321 -0.95124 0.296819 -0.0839077 -0.251198 0.138462 0.653984 0.743729 0.403209 
1532542464115 0.275981 0.695799 -0.663097 -0.592463 -0.951154 0.297008 -0.084215 -0.251186 0.138349 0.65395 0.743781 0.403178 
1532542464125 0.276334 0.69575 -0.663001 -0.592597 -0.951068 0.297197 -0.0845215 -0.251173 0.138236 0.653915 0.743832 0.403148 
1532542464135 0.276687 0.695702 -0.662905 -0.592731 -0.950982 0.297386 -0.0848279 -0.251161 0.138123 0.653882 0.743882 0.403118 
1532542464145 0.27704 0.695653 -0.662809 -0.592865 -0.950895 0.297574 -0.0851344 -0.251148 0.138011 0.653848 0.743933 0.403088 
1532542464155 0.277393 0.695604 -0.662713 -0.592999 -0.950809 0.297763 -0.0854408 -0.251136 0.137898 0.653814 0.743984 0.403058 
1532542464165 0.277747 0.695555 -0.662616 -0.593133 -0.950722 0.297952 -0.0857478 -0.251123 0.137786 0.65378 0.744035 0.403028 
1532542464175 0.2781 0.695506 -0.662519 -0.593267 -0.950635 0.298141 -0.0860542 -0.251111 0.137673 0.653746 0.744085 0.402999 
1532542464185 0.278452 0.695457 -0.662423 -0.593394 -0.950548 0.298329 -0.0863596 -0.251098 0.137561 0.653712 0.744135 0.402971 
1532542464202 0.278452 0.695457 -0.662423 -0.593394 -0.950548 0.298329 -0.0863596 -0.251098 0.137561 0.653712 0.744135 0.402971 
1532542464212 0.27913 0.695373 -0.662225 -0.59366 -0.950386 0.298669 -0.0869717 -0.251077 0.137308 0.653646 0.74424 0.402903 
1532542464215 0 0 0 0 0 0 0 0 0 0 0 0 
1532542464225 0.279457 0.695339 -0.662123 -0.593799 -0.95031 0.29882 -0.0872782 -0.251068 0.137168 0.653613 0.744295 0.402862 
1532542464235 0.279782 0.695305 -0.662022 -0.593931 -0.950234 0.298972 -0.0875837 -0.25106 0.137028 0.65358 0.74435 0.402823 
1532542464245 0.280108 0.695271 -0.66192 -0.594063 -0.950158 0.299123 -0.0878893 -0.251051 0.136888 0.653547 0.744404 0.402785 
1532542464255 0.280434 0.695236 -0.661818 -0.594195 -0.950083 0.299274 -0.0881948 -0.251042 0.136749 0.653515 0.744458 0.402746 
1532542464265 0.280759 0.695202 -0.661716 -0.594327 -0.950006 0.299425 -0.0885004 -0.251034 0.136609 0.653482 0.744513 0.402707 
1532542464275 0.281086 0.695168 -0.661614 -0.594458 -0.94993 0.299577 -0.0888063 -0.251025 0.136469 0.653449 0.744567 0.402669 
1532542464285 0.281411 0.695133 -0.661512 -0.59459 -0.949854 0.299728 -0.0891118 -0.251016 0.136329 0.653417 0.744621 0.40263 
1532542464295 0.281736 0.695098 -0.66141 -0.594714 -0.949777 0.299879 -0.0894163 -0.251007 0.13619 0.653384 0.744675 0.402594 
1532542464310 0 0 0 0 0 0 0 0 0 0 0 0 
1532542464310 0 0 0 0 0 0 0 0 0 0 0 0 
1532542464312 0 0 0 0 0 0 0 0 0 0 0 0 
1532542464322 0.281736 0.695098 -0.66141 -0.594714 -0.949777 0.299879 -0.0894163 -0.251007 0.13619 0.653384 0.744675 0.402594 
1532542464325 0 0 0 0 0 0 0 0 0 0 0 0 
1532542464335 0.28239 0.694972 -0.661264 -0.59499 -0.949615 0.300214 -0.0900125 -0.250989 0.135964 0.653365 0.744733 0.402503 
1532542464345 0.28272 0.69488 -0.661219 -0.595142 -0.94953 0.300397 -0.0903041 -0.25098 0.135878 0.653378 0.744738 0.402448 
1532542464355 0.283048 0.694789 -0.661175 -0.595287 -0.949444 0.30058 -0.0905947 -0.25097 0.135792 0.653391 0.744742 0.402395 
1532542464365 0.283377 0.694697 -0.661131 -0.595431 -0.949358 0.300763 -0.0908854 -0.250961 0.135706 0.653405 0.744746 0.402343 
1532542464375 0.283706 0.694605 -0.661086 -0.595575 -0.949272 0.300946 -0.091176 -0.250951 0.13562 0.653418 0.74475 0.40229 
1532542464385 0.284034 0.694513 -0.661042 -0.595719 -0.949186 0.301129 -0.0914667 -0.250941 0.135534 0.653431 0.744754 0.402237 
1532542464395 0.284363 0.694421 -0.660997 -0.595864 -0.9491 0.301312 -0.0917573 -0.250932 0.135448 0.653445 0.744757 0.402185 
1532542464405 0.284692 0.694329 -0.660952 -0.596008 -0.949014 0.301496 -0.0920485 -0.250922 0.135363 0.653458 0.744761 0.402132 
1532542464415 0.28502 0.694237 -0.660908 -0.596144 -0.948928 0.301679 -0.0923382 -0.250912 0.135277 0.653472 0.744765 0.402082 
1532542464432 0.28502 0.694237 -0.660908 -0.596144 -0.948928 0.301679 -0.0923382 -0.250912 0.135277 0.653472 0.744765 0.402082 
1532542464442 0.285699 0.69402 -0.660841 -0.596442 -0.948746 0.302068 -0.0929341 -0.250882 0.135121 0.653522 0.744749 0.401988 
1532542464445 0 0 0 0 0 0 0 0 0 0 0 0 
1532542464455 0.286051 0.693897 -0.66082 -0.596605 -0.94865 0.302274 -0.0932401 -0.250863 0.13505 0.653558 0.744731 0.401944 
1532542464465 0.286401 0.693773 -0.660798 -0.596759 -0.948554 0.30248 -0.0935454 -0.250844 0.134979 0.653594 0.744712 0.401902 
1532542464475 0.286751 0.693649 -0.660776 -0.596913 -0.948458 0.302686 -0.0938506 -0.250824 0.134908 0.653631 0.744692 0.401861 
1532542464485 0.287102 0.693524 -0.660754 -0.597067 -0.948362 0.302892 -0.0941559 -0.250804 0.134838 0.653667 0.744673 0.401819 
1532542464495 0.287452 0.6934 -0.660733 -0.597222 -0.948266 0.303097 -0.0944611 -0.250784 0.134767 0.653704 0.744654 0.401777 
1532542464505 0.287803 0.693275 -0.66071 -0.597376 -0.94817 0.303304 -0.094767 -0.250764 0.134696 0.65374 0.744635 0.401736 
1532542464515 0.288154 0.693151 -0.660688 -0.597529 -0.948073 0.303509 -0.0950723 -0.250744 0.134626 0.653777 0.744615 0.401694 
1532542464525 0.288503 0.693026 -0.660667 -0.597675 -0.947977 0.303715 -0.0953766 -0.250724 0.134556 0.653813 0.744596 0.401655 
1532542464542 0.288503 0.693026 -0.660667 -0.597675 -0.947977 0.303715 -0.0953766 -0.250724 0.134556 0.653813 0.744596 0.401655 
1532542464545 0 0 0 0 0 0 0 0 0 0 0 0 
1532542464555 0.289189 0.692809 -0.660595 -0.597977 -0.947789 0.304115 -0.0959684 -0.250688 0.134409 0.653858 0.744583 0.401564 
1532542464565 0.289525 0.692716 -0.660545 -0.598133 -0.947697 0.30431 -0.0962558 -0.250673 0.134333 0.653866 0.74459 0.401513 
1532542464575 0.28986 0.692623 -0.660496 -0.598282 -0.947605 0.304505 -0.0965423 -0.250657 0.134257 0.653873 0.744597 0.401463 
1532542464585 0.290195 0.692529 -0.660447 -0.59843 -0.947514 0.3047 -0.0968289 -0.250641 0.134181 0.653881 0.744604 0.401414 
1532542464595 0.290531 0.692436 -0.660397 -0.598578 -0.947422 0.304895 -0.0971154 -0.250624 0.134106 0.653889 0.74461 0.401365 
1532542464605 0.290866 0.692343 -0.660347 -0.598726 -0.947329 0.30509 -0.0974019 -0.250608 0.13403 0.653897 0.744617 0.401316 
1532542464615 0.291202 0.692249 -0.660297 -0.598874 -0.947237 0.305285 -0.0976888 -0.250592 0.133954 0.653905 0.744624 0.401267 
1532542464625 0.291537 0.692156 -0.660247 -0.599021 -0.947145 0.30548 -0.0979754 -0.250576 0.133878 0.653913 0.74463 0.401218 
1532542464635 0.291871 0.692062 -0.660198 -0.599161 -0.947052 0.305674 -0.098261 -0.250559 0.133803 0.653922 0.744636 0.401171 
1532542464651 0 0 0 0 0 0 0 0 0 0 0 0 
1532542464651 0 0 0 0 0 0 0 0 0 0 0 0 
1532542464652 0 0 0 0 0 0 0 0 0 0 0 0 
1532542464662 0.291871 0.692062 -0.660198 -0.599161 -0.947052 0.305674 -0.098261 -0.250559 0.133803 0.653922 0.744636 0.401171 
1532542464665 0 0 0 0 0 0 0 0 0 0 0 0 
1532542464675 0.292534 0.691877 -0.660098 -0.599449 -0.946875 0.306032 -0.0988581 -0.250532 0.133614 0.65395 0.744646 0.401085 
1532542464685 0.292862 0.691787 -0.660048 -0.599597 -0.946789 0.306195 -0.0991696 -0.250521 0.133499 0.653969 0.744649 0.401046 
1532542464695 0.293189 0.691696 -0.659998 -0.599737 -0.946704 0.306358 -0.0994802 -0.250509 0.133386 0.653989 0.744652 0.401009 
1532542464705 0.293516 0.691605 -0.659948 -0.599876 -0.946619 0.306521 -0.0997908 -0.250498 0.133272 0.654009 0.744655 0.400973 
1532542464715 0.293844 0.691514 -0.659898 -0.600016 -0.946533 0.306684 -0.100101 -0.250486 0.133158 0.654029 0.744657 0.400936 
1532542464725 0.294171 0.691422 -0.659847 -0.600156 -0.946447 0.306846 -0.100412 -0.250475 0.133045 0.654049 0.74466 0.400899 
1532542464736 0.294498 0.691331 -0.659797 -0.600295 -0.946362 0.307009 -0.100723 -0.250463 0.132931 0.654069 0.744663 0.400863 
1532542464745 0.294826 0.69124 -0.659746 -0.600434 -0.946275 0.307173 -0.101034 -0.250452 0.132817 0.654089 0.744666 0.400826 
1532542464755 0.295152 0.691148 -0.659696 -0.600566 -0.94619 0.307335 -0.101343 -0.25044 0.132705 0.65411 0.744668 0.400792 
1532542464772 0.295152 0.691148 -0.659696 -0.600566 -0.94619 0.307335 -0.101343 -0.25044 0.132705 0.65411 0.744668 0.400792 
1532542464775 0 0 0 0 0 0 0 0 0 0 0 0 
1532542464785 0.295786 0.690952 -0.659618 -0.600837 -0.946022 0.307647 -0.101954 -0.250421 0.132485 0.65417 0.744654 0.400725 
1532542464795 0.296093 0.690847 -0.65959 -0.600976 -0.945941 0.307797 -0.102254 -0.250414 0.132378 0.65421 0.744638 0.400693 
1532542464805 0.296399 0.690743 -0.659562 -0.601108 -0.94586 0.307947 -0.102554 -0.250407 0.132272 0.65425 0.744621 0.400662 
1532542464815 0.296706 0.690638 -0.659534 -0.601239 -0.945779 0.308096 -0.102853 -0.2504 0.132166 0.654291 0.744605 0.400632 
1532542464825 0.297012 0.690533 -0.659506 -0.601371 -0.945698 0.308246 -0.103153 -0.250392 0.13206 0.654331 0.744588 0.400602 
1532542464835 0.297318 0.690428 -0.659478 -0.601502 -0.945616 0.308395 -0.103452 -0.250385 0.131953 0.654371 0.744571 0.400572 
1532542464845 0.297625 0.690323 -0.65945 -0.601634 -0.945535 0.308544 -0.103752 -0.250378 0.131847 0.654412 0.744555 0.400542 
1532542464855 0.297931 0.690218 -0.659422 -0.601765 -0.945453 0.308694 -0.104051 -0.25037 0.131741 0.654452 0.744538 0.400512 
1532542464865 0.298237 0.690112 -0.659394 -0.601888 -0.945371 0.308843 -0.104351 -0.250363 0.131636 0.654493 0.744521 0.400483 
1532542464903 0.298237 0.690112 -0.659394 -0.601888 -0.945371 0.308843 -0.104351 -0.250363 0.131636 0.654493 0.744521 0.400483 
1532542464913 0.298814 0.689907 -0.659347 -0.602152 -0.945216 0.309127 -0.104914 -0.250341 0.13144 0.654575 0.744483 0.400425 
1532542464923 0.299085 0.689808 -0.659328 -0.602291 -0.945143 0.309261 -0.105179 -0.250328 0.13135 0.654616 0.744462 0.400395 
1532542464933 0.299356 0.689709 -0.659309 -0.602423 -0.94507 0.309395 -0.105444 -0.250314 0.131261 0.654658 0.744442 0.400367 
1532542464943 0.299626 0.689609 -0.65929 -0.602555 -0.944996 0.309528 -0.105708 -0.2503 0.131172 0.6547 0.744421 0.400339 
1532542464953 0.299897 0.689509 -0.659271 -0.602686 -0.944923 0.309662 -0.105972 -0.250286 0.131083 0.654741 0.7444 0.400311 
1532542464963 0.300167 0.68941 -0.659252 -0.602818 -0.944849 0.309796 -0.106236 -0.250272 0.130993 0.654783 0.744379 0.400283 
1532542464973 0.300438 0.68931 -0.659233 -0.60295 -0.944776 0.30993 -0.1065 -0.250259 0.130904 0.654825 0.744358 0.400255 
1532542464983 0.300708 0.68921 -0.659215 -0.603081 -0.944702 0.310063 -0.106765 -0.250245 0.130815 0.654866 0.744337 0.400227 
1532542464993 0.300978 0.68911 -0.659196 -0.603205 -0.944628 0.310197 -0.107028 -0.25023 0.130727 0.654908 0.744315 0.400201 
1532542465010 0.300978 0.68911 -0.659196 -0.603205 -0.944628 0.310197 -0.107028 -0.25023 0.130727 0.654908 0.744315 0.400201 
1532542465013 0 0 0 0 0 0 0 0 0 0 0 0 
1532542465023 0.301575 0.688931 -0.65911 -0.603473 -0.944466 0.310495 -0.107596 -0.250196 0.130524 0.654955 0.74431 0.400141 
1532542465033 0.301902 0.688852 -0.659043 -0.603616 -0.944377 0.310659 -0.107901 -0.250175 0.13041 0.654961 0.744325 0.400108 
1532542465043 0.302228 0.688773 -0.658976 -0.603752 -0.944289 0.310823 -0.108204 -0.250155 0.130297 0.654966 0.74434 0.400077 
1532542465053 0.302554 0.688694 -0.658909 -0.603888 -0.9442 0.310987 -0.108508 -0.250134 0.130184 0.654972 0.744355 0.400045 
1532542465063 0.30288 0.688615 -0.658842 -0.604023 -0.944111 0.311151 -0.108811 -0.250113 0.13007 0.654977 0.74437 0.400014 
1532542465073 0.303206 0.688536 -0.658775 -0.604159 -0.944022 0.311314 -0.109115 -0.250093 0.129957 0.654983 0.744385 0.399982 
1532542465083 0.303533 0.688456 -0.658708 -0.604295 -0.943932 0.311479 -0.109419 -0.250072 0.129844 0.654988 0.7444 0.399951 
1532542465093 0.303859 0.688376 -0.658641 -0.60443 -0.943843 0.311643 -0.109722 -0.250051 0.12973 0.654994 0.744415 0.399919 
1532542465103 0.304184 0.688297 -0.658574 -0.604558 -0.943754 0.311806 -0.110025 -0.25003 0.129618 0.654999 0.744429 0.39989 
1532542465133 0.304184 0.688297 -0.658574 -0.604558 -0.943754 0.311806 -0.110025 -0.25003 0.129618 0.654999 0.744429 0.39989 
1532542465144 0.304823 0.688128 -0.658455 -0.604819 -0.943581 0.312112 -0.110641 -0.249991 0.129376 0.655031 0.744443 0.399835 
1532542465153 0.305136 0.688039 -0.658403 -0.604952 -0.943497 0.312253 -0.110955 -0.249972 0.129247 0.655058 0.744443 0.39981 
1532542465163 0.305449 0.68795 -0.658351 -0.605078 -0.943414 0.312394 -0.111268 -0.249953 0.129118 0.655084 0.744442 0.399787 
1532542465173 0.305762 0.68786 -0.658299 -0.605203 -0.94333 0.312536 -0.111581 -0.249934 0.12899 0.65511 0.744441 0.399764 
1532542465183 0.306075 0.687771 -0.658247 -0.605328 -0.943246 0.312677 -0.111894 -0.249915 0.128861 0.655137 0.74444 0.399741 
1532542465193 0.306388 0.687682 -0.658195 -0.605453 -0.943162 0.312818 -0.112207 -0.249896 0.128733 0.655163 0.744439 0.399718 
1532542465203 0.306702 0.687592 -0.658142 -0.605579 -0.943077 0.31296 -0.112521 -0.249878 0.128604 0.65519 0.744438 0.399695 
1532542465213 0.307015 0.687502 -0.65809 -0.605704 -0.942993 0.313101 -0.112834 -0.249859 0.128475 0.655216 0.744437 0.399672 
1532542465223 0.307326 0.687413 -0.658038 -0.605822 -0.942909 0.313242 -0.113146 -0.24984 0.128348 0.655243 0.744435 0.399651 
1532542465253 0.307326 0.687413 -0.658038 -0.605822 -0.942909 0.313242 -0.113146 -0.24984 0.128348 0.655243 0.744435 0.399651 
1532542465263 0.307925 0.687242 -0.657937 -0.606065 -0.942745 0.313523 -0.113733 -0.249803 0.128116 0.655288 0.744435 0.399611 
1532542465273 0.308212 0.68716 -0.657888 -0.606189 -0.942666 0.313662 -0.114008 -0.249786 0.128012 0.655307 0.744437 0.399593 
1532542465283 0.308497 0.687079 -0.657839 -0.606307 -0.942586 0.313801 -0.114282 -0.249769 0.127909 0.655325 0.744438 0.399577 
1532542465293 0.308783 0.686998 -0.65779 -0.606424 -0.942507 0.31394 -0.114556 -0.249752 0.127806 0.655344 0.744439 0.39956 
1532542465303 0.309069 0.686916 -0.657741 -0.606541 -0.942427 0.314079 -0.114831 -0.249734 0.127703 0.655363 0.74444 0.399544 
1532542465313 0.309354 0.686835 -0.657691 -0.606659 -0.942347 0.314218 -0.115105 -0.249717 0.1276 0.655382 0.744441 0.399527 
1532542465323 0.30964 0.686753 -0.657642 -0.606776 -0.942267 0.314357 -0.115379 -0.2497 0.127497 0.6554 0.744443 0.399511 
1532542465333 0.309926 0.686671 -0.657593 -0.606893 -0.942187 0.314496 -0.115654 -0.249682 0.127394 0.655419 0.744444 0.399494 
1532542465343 0.310211 0.68659 -0.657544 -0.607004 -0.942107 0.314635 -0.115927 -0.249665 0.127292 0.655438 0.744444 0.399479 
1532542465360 0 0 0 0 0 0 0 0 0 0 0 0 
1532542465360 0 0 0 0 0 0 0 0 0 0 0 0 
1532542465363 0 0 0 0 0 0 0 0 0 0 0 0 
1532542465373 0.310211 0.68659 -0.657544 -0.607004 -0.942107 0.314635 -0.115927 -0.249665 0.127292 0.655438 0.744444 0.399479 
1532542465383 0.310736 0.686443 -0.657449 -0.607235 -0.941961 0.314884 -0.116437 -0.249634 0.127093 0.655472 0.744449 0.39944 
1532542465393 0.310976 0.686379 -0.657403 -0.607355 -0.941895 0.314994 -0.116674 -0.24962 0.126995 0.655487 0.744452 0.399415 
1532542465403 0.311215 0.686314 -0.657357 -0.607469 -0.941829 0.315103 -0.116909 -0.249606 0.126899 0.655502 0.744455 0.399392 
1532542465414 0.311454 0.686249 -0.657312 -0.607582 -0.941763 0.315213 -0.117145 -0.249592 0.126803 0.655517 0.744458 0.399369 
1532542465423 0.311693 0.686184 -0.657266 -0.607696 -0.941697 0.315323 -0.117381 -0.249577 0.126706 0.655533 0.744461 0.399346 
1532542465433 0.311932 0.686119 -0.657221 -0.607809 -0.941631 0.315433 -0.117617 -0.249563 0.12661 0.655548 0.744464 0.399323 
1532542465443 0.312171 0.686054 -0.657175 -0.607923 -0.941564 0.315543 -0.117853 -0.249549 0.126513 0.655563 0.744467 0.3993 
1532542465453 0.31241 0.685989 -0.657129 -0.608036 -0.941498 0.315652 -0.118089 -0.249535 0.126417 0.655578 0.74447 0.399277 
1532542465463 0.312649 0.685923 -0.657084 -0.608143 -0.941432 0.315762 -0.118324 -0.24952 0.126321 0.655594 0.744473 0.399256 
1532542465480 0.312649 0.685923 -0.657084 -0.608143 -0.941432 0.315762 -0.118324 -0.24952 0.126321 0.655594 0.744473 0.399256 
1532542465483 0 0 0 0 0 0 0 0 0 0 0 0 
1532542465493 0.313089 0.685782 -0.657022 -0.608369 -0.941313 0.315939 -0.118793 -0.249495 0.126113 0.655656 0.744453 0.399224 
1532542465503 0.313292 0.685707 -0.657004 -0.608487 -0.941261 0.316007 -0.119027 -0.249483 0.126 0.655703 0.744431 0.399214 
1532542465513 0.313493 0.685631 -0.656987 -0.608599 -0.941209 0.316074 -0.11926 -0.249471 0.125888 0.65575 0.744409 0.399206 
1532542465523 0.313694 0.685555 -0.656971 -0.608711 -0.941157 0.31614 -0.119493 -0.249459 0.125776 0.655797 0.744386 0.399197 
1532542465533 0.313895 0.685479 -0.656954 -0.608823 -0.941105 0.316207 -0.119726 -0.249447 0.125664 0.655844 0.744364 0.399189 
1532542465543 0.314096 0.685403 -0.656937 -0.608935 -0.941053 0.316274 -0.11996 -0.249435 0.125552 0.655891 0.744341 0.399181 
1532542465553 0.314298 0.685327 -0.65692 -0.609046 -0.941001 0.316341 -0.120193 -0.249424 0.125439 0.655938 0.744319 0.399172 
1532542465563 0.314499 0.685251 -0.656903 -0.609158 -0.940948 0.316408 -0.120426 -0.249412 0.125327 0.655985 0.744296 0.399164 
1532542465573 0.314699 0.685175 -0.656886 -0.609263 -0.940896 0.316475 -0.120658 -0.249399 0.125216 0.656033 0.744273 0.399157 
1532542465590 0.314699 0.685175 -0.656886 -0.609263 -0.940896 0.316475 -0.120658 -0.249399 0.125216 0.656033 0.744273 0.399157 
1532542465593 0 0 0 0 0 0 0 0 0 0 0 0 
1532542465604 0.315106 0.685026 -0.656846 -0.609481 -0.94079 0.316611 -0.121128 -0.249377 0.124989 0.656123 0.744232 0.399134 
1532542465613 0.315312 0.684953 -0.656824 -0.609592 -0.940736 0.31668 -0.121365 -0.249366 0.124874 0.656166 0.744213 0.399119 
1532542465623 0.315518 0.68488 -0.656801 -0.609697 -0.940683 0.316748 -0.121601 -0.249356 0.124759 0.656209 0.744195 0.399105 
1532542465633 0.315723 0.684807 -0.656779 -0.609802 -0.940629 0.316817 -0.121837 -0.249345 0.124644 0.656252 0.744176 0.399091 
1532542465643 0.315929 0.684734 -0.656756 -0.609907 -0.940575 0.316886 -0.122073 -0.249334 0.124529 0.656295 0.744157 0.399077 
1532542465653 0.316134 0.684661 -0.656733 -0.610012 -0.940521 0.316955 -0.122309 -0.249323 0.124414 0.656338 0.744138 0.399063 
1532542465663 0.31634 0.684588 -0.656711 -0.610117 -0.940467 0.317023 -0.122545 -0.249312 0.124299 0.656381 0.744119 0.399049 
1532542465673 0.316545 0.684515 -0.656688 -0.610222 -0.940413 0.317092 -0.122782 -0.249301 0.124185 0.656424 0.744101 0.399035 
1532542465683 0.31675 0.684441 -0.656666 -0.610321 -0.94036 0.317161 -0.123017 -0.24929 0.124071 0.656467 0.744081 0.399022 
1532542465720 0 0 0 0 0 0 0 0 0 0 0 0 
1532542465720 0 0 0 0 0 0 0 0 0 0 0 0 
1532542465723 0 0 0 0 0 0 0 0 0 0 0 0 
1532542465733 0.31675 0.684441 -0.656666 -0.610321 -0.94036 0.317161 -0.123017 -0.24929 0.124071 0.656467 0.744081 0.399022 
1532542465743 0.31714 0.68429 -0.656635 -0.610524 -0.940254 0.317303 -0.123455 -0.249277 0.123873 0.656556 0.744036 0.398995 
1532542465753 0.317325 0.684212 -0.656627 -0.610627 -0.940203 0.317376 -0.123657 -0.249274 0.12379 0.656602 0.744009 0.398982 
1532542465763 0.317509 0.684134 -0.65662 -0.610724 -0.940151 0.31745 -0.123859 -0.249271 0.123708 0.656648 0.743982 0.398969 
1532542465773 0.317693 0.684055 -0.656612 -0.610821 -0.9401 0.317523 -0.12406 -0.249268 0.123625 0.656694 0.743955 0.398956 
1532542465783 0.317877 0.683977 -0.656605 -0.610918 -0.940049 0.317596 -0.124262 -0.249265 0.123543 0.65674 0.743928 0.398943 
1532542465793 0.318061 0.683899 -0.656597 -0.611015 -0.939997 0.31767 -0.124463 -0.249262 0.123461 0.656786 0.743901 0.39893 
1532542465804 0.318245 0.683821 -0.656589 -0.611112 -0.939946 0.317743 -0.124665 -0.24926 0.123378 0.656832 0.743874 0.398917 
1532542465813 0.318429 0.683742 -0.656582 -0.611209 -0.939894 0.317816 -0.124866 -0.249257 0.123296 0.656878 0.743847 0.398905 
1532542465823 0.318612 0.683664 -0.656575 -0.611301 -0.939843 0.31789 -0.125067 -0.249253 0.123214 0.656925 0.74382 0.398893 
1532542465840 0.318612 0.683664 -0.656575 -0.611301 -0.939843 0.31789 -0.125067 -0.249253 0.123214 0.656925 0.74382 0.398893 
1532542465843 0 0 0 0 0 0 0 0 0 0 0 0 
1532542465853 0.318963 0.6835 -0.656575 -0.611493 -0.939743 0.318035 -0.125449 -0.24925 0.123069 0.657025 0.743755 0.398868 
1532542465863 0.31913 0.683414 -0.656583 -0.611594 -0.939694 0.318107 -0.125629 -0.249249 0.123007 0.657079 0.743718 0.398856 
1532542465873 0.319297 0.683329 -0.656591 -0.611689 -0.939646 0.318179 -0.125809 -0.249249 0.122944 0.657133 0.74368 0.398844 
1532542465883 0.319463 0.683243 -0.656599 -0.611784 -0.939597 0.31825 -0.125989 -0.249248 0.122882 0.657188 0.743643 0.398832 
1532542465893 0.31963 0.683157 -0.656607 -0.611879 -0.939549 0.318322 -0.126169 -0.249247 0.122819 0.657242 0.743605 0.398821 
1532542465903 0.319796 0.683072 -0.656615 -0.611974 -0.939501 0.318394 -0.126349 -0.249247 0.122757 0.657296 0.743567 0.398809 
1532542465913 0.319962 0.682986 -0.656623 -0.612069 -0.939452 0.318466 -0.126529 -0.249246 0.122695 0.657351 0.74353 0.398797 
1532542465923 0.320129 0.6829 -0.656631 -0.612164 -0.939403 0.318537 -0.126709 -0.249245 0.122632 0.657405 0.743492 0.398786 
1532542465933 0.320295 0.682814 -0.65664 -0.612253 -0.939355 0.318609 -0.126888 -0.249244 0.122571 0.65746 0.743454 0.398775 
1532542465961 0.320295 0.682814 -0.65664 -0.612253 -0.939355 0.318609 -0.126888 -0.249244 0.122571 0.65746 0.743454 0.398775 
1532542465964 0 0 0 0 0 0 0 0 0 0 0 0 
1532542465974 0.320621 0.682624 -0.656679 -0.612441 -0.93926 0.318744 -0.127252 -0.249247 0.122447 0.657591 0.743357 0.398756 
1532542465984 0.320781 0.68252 -0.656709 -0.612538 -0.939213 0.318808 -0.127438 -0.249251 0.122385 0.657669 0.743299 0.398748 
1532542465994 0.320941 0.682415 -0.656739 -0.612631 -0.939166 0.318872 -0.127622 -0.249255 0.122325 0.657746 0.743241 0.398741 
1532542466004 0.3211 0.682311 -0.656769 -0.612723 -0.93912 0.318935 -0.127805 -0.249258 0.122264 0.657824 0.743182 0.398734 
1532542466014 0.32126 0.682206 -0.6568 -0.612815 -0.939073 0.318999 -0.12799 -0.249262 0.122203 0.657901 0.743123 0.398726 
1532542466024 0.32142 0.682102 -0.65683 -0.612907 -0.939026 0.319063 -0.128173 -0.249266 0.122143 0.657978 0.743065 0.398719 
1532542466034 0.321579 0.681998 -0.656861 -0.612999 -0.93898 0.319126 -0.128357 -0.24927 0.122082 0.658056 0.743006 0.398712 
1532542466044 0.321739 0.681893 -0.656891 -0.613091 -0.938933 0.31919 -0.128542 -0.249273 0.122021 0.658133 0.742948 0.398705 
1532542466054 0.321897 0.681789 -0.656922 -0.613178 -0.938886 0.319253 -0.128724 -0.249277 0.121961 0.658211 0.742889 0.398698 
1532542466082 0.321897 0.681789 -0.656922 -0.613178 -0.938886 0.319253 -0.128724 -0.249277 0.121961 0.658211 0.742889 0.398698 
1532542466093 0.322205 0.68161 -0.656956 -0.613367 -0.9388 0.31936 -0.12909 -0.249283 0.121816 0.658344 0.742795 0.398681 
1532542466103 0.322353 0.681536 -0.656961 -0.61347 -0.93876 0.319403 -0.129274 -0.249285 0.12173 0.6584 0.742759 0.398672 
1532542466113 0.322501 0.681462 -0.656965 -0.613567 -0.93872 0.319446 -0.129456 -0.249287 0.121645 0.658456 0.742723 0.398663 
1532542466123 0.322648 0.681388 -0.656969 -0.613665 -0.938681 0.319488 -0.129638 -0.24929 0.121561 0.658512 0.742688 0.398654 
1532542466132 0.322795 0.681314 -0.656974 -0.613762 -0.938641 0.319531 -0.129819 -0.249292 0.121476 0.658568 0.742652 0.398644 
1532542466143 0.322942 0.68124 -0.656978 -0.613859 -0.938601 0.319574 -0.130001 -0.249294 0.121392 0.658623 0.742617 0.398635 
1532542466153 0.32309 0.681166 -0.656983 -0.613956 -0.938561 0.319617 -0.130182 -0.249297 0.121307 0.658679 0.742581 0.398626 
1532542466163 0.323236 0.681092 -0.656987 -0.614053 -0.938522 0.31966 -0.130363 -0.249299 0.121223 0.658735 0.742545 0.398616 
1532542466172 0.323382 0.681018 -0.656992 -0.614144 -0.938482 0.319702 -0.130543 -0.249302 0.12114 0.658791 0.742509 0.398607 
1532542466229 0.323382 0.681018 -0.656992 -0.614144 -0.938482 0.319702 -0.130543 -0.249302 0.12114 0.658791 0.742509 0.398607 
1532542466232 0 0 0 0 0 0 0 0 0 0 0 0 
1532542466242 0.323943 0.680808 -0.656934 -0.614461 -0.938325 0.319912 -0.131163 -0.24929 0.120864 0.658906 0.742452 0.398564 
1532542466252 0.324357 0.680672 -0.65687 -0.614686 -0.938206 0.320078 -0.131603 -0.249277 0.120672 0.658966 0.74243 0.39853 
1532542466262 0.32477 0.680535 -0.656807 -0.614906 -0.938088 0.320244 -0.132041 -0.249264 0.12048 0.659026 0.742408 0.398497 
1532542466272 0.325183 0.680399 -0.656744 -0.615125 -0.937969 0.32041 -0.132479 -0.24925 0.120289 0.659086 0.742386 0.398464 
1532542466282 0.325596 0.680263 -0.65668 -0.615345 -0.93785 0.320577 -0.132917 -0.249237 0.120098 0.659146 0.742364 0.39843 
1532542466292 0.326009 0.680127 -0.656617 -0.615564 -0.937732 0.320743 -0.133355 -0.249224 0.119907 0.659205 0.742341 0.398397 
1532542466302 0.326421 0.67999 -0.656553 -0.615783 -0.937612 0.320909 -0.133793 -0.249211 0.119716 0.659265 0.742319 0.398363 
1532542466312 0.326833 0.679854 -0.656489 -0.616002 -0.937493 0.321075 -0.134229 -0.249198 0.119526 0.659325 0.742297 0.398329 
1532542466322 0.327243 0.679718 -0.656426 -0.616208 -0.937374 0.32124 -0.134664 -0.249185 0.119337 0.659385 0.742274 0.398297 
1532542476561 0.327243 0.679718 -0.656426 -0.616208 -0.937374 0.32124 -0.134664 -0.249185 0.119337 0.659385 0.742274 0.398297 
1532542476564 0 0 0 0 0 0 0 0 0 0 0 0 
1532542476574 0.319723 0.68153 -0.658251 -0.612935 -0.939611 0.317577 -0.127576 -0.249562 0.122099 0.659289 0.74191 0.399045 
1532542476584 0.311766 0.683448 -0.660077 -0.609451 -0.941894 0.313732 -0.120032 -0.249956 0.125051 0.659144 0.741546 0.399822 
1532542476594 0.303785 0.685334 -0.66184 -0.605956 -0.944103 0.309871 -0.112473 -0.250349 0.128003 0.659012 0.74116 0.400601 
1532542476604 0.295783 0.687188 -0.66354 -0.60246 -0.946237 0.305993 -0.104901 -0.250742 0.130952 0.658894 0.74075 0.401381 
1532542476614 0.287761 0.68901 -0.665176 -0.598964 -0.948296 0.3021 -0.0973163 -0.251135 0.133898 0.658788 0.740318 0.40216 
1532542476624 0.279718 0.690799 -0.666749 -0.595468 -0.95028 0.298192 -0.0897194 -0.251528 0.136841 0.658695 0.739862 0.40294 
1532542476634 0.271657 0.692555 -0.668259 -0.591972 -0.952189 0.294268 -0.0821112 -0.251921 0.139781 0.658614 0.739384 0.403719 
1532542476644 0.263577 0.69428 -0.669703 -0.588486 -0.954023 0.29033 -0.0744917 -0.252317 0.142717 0.658546 0.738883 0.404495 
1532542476654 0.255502 0.695976 -0.671071 -0.585174 -0.955777 0.286385 -0.0668869 -0.252717 0.145633 0.658484 0.73837 0.405226 
1532542476672 0 0 0 0 0 0 0 0 0 0 0 0 
1532542476672 0 0 0 0 0 0 0 0 0 0 0 0 
1532542476682 0.255502 0.695976 -0.671071 -0.585174 -0.955777 0.286385 -0.0668869 -0.252717 0.145633 0.658484 0.73837 0.405226 
1532542476692 0.247386 0.697634 -0.672389 -0.581676 -0.95746 0.282418 -0.0592475 -0.253109 0.148562 0.658442 0.737823 0.406006 
