1534194679523 -0.353613 0.88102 -0.314264 -0.48753 -0.934886 -0.343922 0.0877808 -0.285045 -0.0307456 0.324842 0.945269 0.36615 
1534194689002 -0.353616 0.881019 -0.314263 -0.487531 -0.934885 -0.343924 0.0877812 -0.285043 -0.0307456 0.32484 0.945269 0.36615 
1534194689921 -0.305186 0.891714 -0.334227 -0.500543 -0.952276 -0.287828 0.10161 -0.27996 -0.00559298 0.349286 0.936999 0.370676 
1534194691191 -0.205178 0.903266 -0.376846 -0.527251 -0.977459 -0.16954 0.125818 -0.26999 0.0497564 0.394166 0.917691 0.380244 
1534194692112 -0.15501 0.903907 -0.398652 -0.540613 -0.98471 -0.1089 0.13597 -0.265009 0.0794906 0.413634 0.906967 0.385187 
1534194693394 -0.0557827 0.894611 -0.443351 -0.567381 -0.988384 0.0133954 0.151389 -0.254951 0.141373 0.446646 0.883471 0.394777 
1534194694292 -0.00684248 0.884929 -0.465676 -0.580779 -0.984736 0.0750305 0.15705 -0.249939 0.173918 0.459643 0.870908 0.399817 
1534194695201 0.0411122 0.871763 -0.4882 -0.59419 -0.977595 0.136051 0.160616 -0.244912 0.206439 0.470659 0.857824 0.404682 
1534194696104 0.08795 0.855336 -0.510553 -0.60818 -0.966788 0.196769 0.163106 -0.240551 0.239971 0.479251 0.844235 0.409254 
1534194696135 0.0882853 0.855231 -0.510671 -0.608359 -0.966695 0.197201 0.163133 -0.240504 0.240221 0.479261 0.844158 0.409521 
1534194696318 0.0894349 0.855064 -0.510751 -0.608502 -0.966415 0.198544 0.163165 -0.240412 0.240923 0.479004 0.844104 0.409449 
1534194696604 0.0935955 0.854265 -0.511343 -0.609163 -0.965264 0.203698 0.163623 -0.239841 0.243936 0.478267 0.843656 0.409191 
1534194696801 0.095445 0.85398 -0.511477 -0.609597 -0.96472 0.20601 0.163938 -0.239373 0.245369 0.477785 0.843514 0.409188 
1534194696994 0.0976198 0.853537 -0.511805 -0.609949 -0.96414 0.208629 0.164034 -0.239179 0.246787 0.477439 0.843296 0.409211 
1534194697194 0.0996738 0.853158 -0.512042 -0.610401 -0.963567 0.211126 0.164207 -0.238833 0.2482 0.47702 0.843118 0.409191 
1534194697399 0.101877 0.852734 -0.512314 -0.610754 -0.962964 0.213771 0.164325 -0.238584 0.249644 0.476598 0.842931 0.409139 
1534194697590 0.103607 0.852287 -0.51271 -0.611186 -0.9624 0.216044 0.164656 -0.23815 0.251102 0.476373 0.842625 0.409072 
1534194697803 0.106079 0.851912 -0.512828 -0.61154 -0.961747 0.2189 0.164698 -0.23797 0.252567 0.475739 0.842545 0.409101 
1534194697823 0.106429 0.851827 -0.512897 -0.611573 -0.96165 0.219321 0.164703 -0.237967 0.252788 0.475699 0.842502 0.409101 
1534194698009 0.1077 0.851516 -0.513148 -0.611954 -0.961234 0.220968 0.16493 -0.237805 0.25383 0.475493 0.842304 0.409209 
1534194698214 0.110511 0.851011 -0.513389 -0.612568 -0.960451 0.224278 0.165026 -0.237722 0.255581 0.474847 0.842139 0.409505 
1534194698419 0.113035 0.850382 -0.513882 -0.613258 -0.959702 0.227368 0.165154 -0.237526 0.257284 0.474505 0.841813 0.40969 
1534194698614 0.115633 0.84988 -0.514134 -0.613938 -0.958891 0.230552 0.165448 -0.237322 0.259145 0.473867 0.841602 0.41001 
1534194698826 0.118054 0.849276 -0.514581 -0.614684 -0.958079 0.233646 0.165814 -0.236976 0.261052 0.473434 0.841256 0.410204 
1534194699026 0.120699 0.848709 -0.514903 -0.615241 -0.957297 0.236782 0.165884 -0.236911 0.262707 0.472893 0.841046 0.410449 
1534194699226 0.123374 0.848093 -0.515284 -0.615919 -0.956462 0.240023 0.166043 -0.236766 0.2645 0.472364 0.840781 0.410717 
1534194699423 0.125879 0.847571 -0.515536 -0.616546 -0.95565 0.24307 0.16628 -0.23654 0.266246 0.471741 0.840579 0.411007 
1534194699630 0.128345 0.846941 -0.515963 -0.617247 -0.954772 0.246228 0.166681 -0.23627 0.268214 0.471235 0.840238 0.411255 
1534194699647 0.128647 0.846873 -0.516 -0.617308 -0.954678 0.246587 0.16669 -0.23626 0.268404 0.47117 0.840213 0.411275 
1534194699786 0.129159 0.846564 -0.516378 -0.617515 -0.954453 0.24737 0.166814 -0.236252 0.268955 0.471314 0.839956 0.411403 
1534194699861 0.129192 0.846151 -0.517047 -0.617592 -0.95437 0.247668 0.166848 -0.236357 0.269234 0.471899 0.839538 0.411529 
1534194699953 0.130024 0.845567 -0.517794 -0.61776 -0.953968 0.24903 0.167119 -0.236557 0.270257 0.472229 0.839024 0.411692 
1534194700012 0.130495 0.845105 -0.518429 -0.617935 -0.953718 0.249882 0.167276 -0.236603 0.270912 0.472607 0.8386 0.411782 
1534194700112 0.130641 0.844663 -0.519112 -0.618176 -0.953569 0.250367 0.167402 -0.236555 0.271366 0.473139 0.838153 0.411886 
1534194700166 0.131013 0.844173 -0.519814 -0.618371 -0.953347 0.25112 0.167536 -0.236583 0.271965 0.473614 0.83769 0.411928 
1534194700263 0.132099 0.843538 -0.52057 -0.618588 -0.952926 0.252664 0.167607 -0.23682 0.272913 0.473924 0.837207 0.412123 
1534194700317 0.132487 0.843135 -0.521124 -0.618714 -0.952699 0.253406 0.167781 -0.236882 0.273518 0.474246 0.836827 0.412262 
1534194700336 0.132569 0.843092 -0.521173 -0.618748 -0.952664 0.253526 0.167799 -0.236885 0.273601 0.474257 0.836793 0.412305 
1534194700351 0.132615 0.843065 -0.521205 -0.618765 -0.952643 0.253597 0.167811 -0.236885 0.273651 0.474268 0.836771 0.412326 
1534194700367 0.132708 0.842993 -0.521298 -0.618801 -0.952596 0.253753 0.167841 -0.23689 0.273769 0.474312 0.836707 0.412366 
1534194700493 0.132986 0.842588 -0.521881 -0.618883 -0.952392 0.25439 0.16803 -0.237066 0.274342 0.47469 0.836305 0.412415 
1534194700509 0.132889 0.842568 -0.521938 -0.618857 -0.952417 0.254301 0.168028 -0.237146 0.274305 0.474773 0.83627 0.412388 
1534194700523 0.132805 0.842558 -0.521976 -0.618831 -0.952444 0.25421 0.168011 -0.237222 0.274251 0.47484 0.83625 0.412369 
1534194700540 0.132785 0.842547 -0.521999 -0.618796 -0.95246 0.254175 0.167974 -0.237318 0.274206 0.474878 0.836243 0.412354 
1534194700558 0.132811 0.842513 -0.522047 -0.618759 -0.952464 0.254194 0.167924 -0.237431 0.274179 0.474929 0.836223 0.41234 
1534194700611 0.133121 0.842399 -0.522153 -0.618701 -0.952367 0.254571 0.167901 -0.237729 0.274364 0.47493 0.836161 0.412367 
1534194700653 0.133331 0.842147 -0.522505 -0.618738 -0.952213 0.255035 0.168071 -0.238042 0.274798 0.475127 0.835907 0.412462 
1534194700676 0.13348 0.841852 -0.522942 -0.618785 -0.952091 0.255424 0.168172 -0.23824 0.275148 0.475441 0.835613 0.412492 
1534194700693 0.133595 0.841671 -0.523205 -0.618815 -0.952004 0.255696 0.168249 -0.238367 0.275392 0.475616 0.835433 0.412511 
1534194700809 0.133075 0.841759 -0.523195 -0.618668 -0.951999 0.255388 0.168748 -0.238342 0.275662 0.475625 0.835339 0.412508 
1534194700894 0.132407 0.842309 -0.522478 -0.618254 -0.952086 0.254687 0.169313 -0.238295 0.275682 0.475026 0.835673 0.412528 
1534194700980 0.132215 0.84221 -0.522687 -0.618041 -0.951955 0.254838 0.169822 -0.238517 0.276226 0.475122 0.835439 0.412366 
1534194701058 0.131812 0.842317 -0.522616 -0.617772 -0.951875 0.254714 0.170453 -0.238696 0.276693 0.474997 0.835355 0.412492 
1534194701146 0.131356 0.842414 -0.522574 -0.61748 -0.951772 0.254603 0.171192 -0.238822 0.277264 0.474885 0.83523 0.41255 
1534194701218 0.130915 0.842467 -0.5226 -0.617252 -0.951772 0.254339 0.171586 -0.238997 0.277473 0.474932 0.835133 0.412555 
1534194701303 0.130695 0.842461 -0.522664 -0.616989 -0.951653 0.254421 0.172125 -0.239252 0.277985 0.474899 0.834982 0.41256 
1534194701385 0.130112 0.842523 -0.52271 -0.616767 -0.951575 0.254204 0.172872 -0.239364 0.278523 0.474905 0.834799 0.412557 
1534194701410 0.130059 0.842528 -0.522715 -0.616678 -0.95153 0.25425 0.173054 -0.239443 0.278703 0.474872 0.834758 0.412568 
1534194701426 0.130045 0.842524 -0.522725 -0.616615 -0.951501 0.254294 0.173151 -0.239513 0.278809 0.474856 0.834732 0.412575 
1534194701483 0.12994 0.84253 -0.522742 -0.616474 -0.951419 0.254372 0.173486 -0.239604 0.279138 0.474804 0.834652 0.412596 
1534194701587 0.129301 0.842789 -0.522482 -0.616324 -0.95166 0.253514 0.17342 -0.239371 0.278613 0.474802 0.834828 0.412703 
1534194701648 0.128892 0.842799 -0.522568 -0.616063 -0.95173 0.25316 0.173552 -0.239375 0.278562 0.474974 0.834747 0.412763 
1534194701743 0.128913 0.842778 -0.522596 -0.615759 -0.951763 0.253121 0.173424 -0.239662 0.278438 0.475032 0.834756 0.412824 
1534194701789 0.128544 0.842959 -0.522395 -0.615488 -0.95186 0.252688 0.173527 -0.239713 0.278279 0.474941 0.834861 0.41293 
1534194701884 0.128038 0.843089 -0.52231 -0.615261 -0.951887 0.252311 0.173927 -0.239652 0.278421 0.474911 0.834831 0.413083 
1534194701940 0.127726 0.843121 -0.522334 -0.61498 -0.95193 0.252051 0.17407 -0.239767 0.278417 0.474992 0.834786 0.413147 
1534194702025 0.127439 0.843192 -0.52229 -0.6147 -0.951976 0.251784 0.174201 -0.239872 0.27839 0.475007 0.834786 0.413222 
1534194702049 0.127289 0.843239 -0.52225 -0.614632 -0.951991 0.251657 0.174302 -0.239834 0.278406 0.474991 0.83479 0.413247 
1534194702123 0.126824 0.843341 -0.522199 -0.614421 -0.952071 0.251222 0.174494 -0.239828 0.278346 0.475041 0.834781 0.413315 
1534194702227 0.126673 0.842972 -0.522831 -0.614282 -0.952125 0.251167 0.174278 -0.239947 0.278229 0.475725 0.834431 0.413346 
1534194702277 0.126331 0.842971 -0.522915 -0.614089 -0.952192 0.250858 0.174359 -0.239858 0.278157 0.475889 0.834361 0.413463 
1534194702388 0.126021 0.84277 -0.523313 -0.61389 -0.952225 0.250692 0.174418 -0.239878 0.278185 0.476331 0.834099 0.413593 
1534194702442 0.125568 0.842797 -0.52338 -0.61369 -0.952292 0.250309 0.174601 -0.239769 0.27816 0.476486 0.834019 0.413743 
1534194702582 0.12499 0.842497 -0.524001 -0.613214 -0.952405 0.249884 0.174591 -0.239916 0.278031 0.477239 0.833631 0.413988 
1534194702622 0.12462 0.84246 -0.524149 -0.613005 -0.952469 0.249575 0.174684 -0.239885 0.277978 0.477466 0.833519 0.414098 
1534194702643 0.124561 0.842444 -0.524187 -0.612967 -0.952495 0.249503 0.174647 -0.239898 0.277917 0.477532 0.833502 0.414129 
1534194702659 0.124568 0.842413 -0.524236 -0.612959 -0.952492 0.249521 0.174635 -0.239918 0.277923 0.477577 0.833474 0.414143 
1534194702676 0.124559 0.842361 -0.524322 -0.612957 -0.952481 0.249552 0.174651 -0.239932 0.277965 0.477653 0.833417 0.414152 
1534194702764 0.124092 0.842435 -0.524313 -0.612794 -0.952521 0.249192 0.174949 -0.239843 0.278038 0.477709 0.83336 0.414277 
1534194702809 0.123964 0.842407 -0.524389 -0.612631 -0.952514 0.24914 0.17506 -0.239958 0.278118 0.477786 0.833289 0.4143 
1534194702916 0.123319 0.842196 -0.52488 -0.612278 -0.95243 0.248984 0.175737 -0.240069 0.278691 0.47824 0.832837 0.414288 
1534194702965 0.122864 0.842143 -0.525071 -0.612138 -0.952417 0.248763 0.176122 -0.240024 0.278938 0.478448 0.832635 0.414328 
1534194703034 0.122599 0.842061 -0.525265 -0.611963 -0.952362 0.248733 0.176463 -0.240062 0.279243 0.478608 0.832441 0.414394 
1534194703085 0.12226 0.842014 -0.525418 -0.611808 -0.952327 0.248613 0.176818 -0.240046 0.279509 0.478752 0.832269 0.414455 
1534194703105 0.122135 0.841987 -0.525492 -0.611755 -0.952325 0.248554 0.176914 -0.240046 0.279572 0.478831 0.832202 0.414466 
1534194703124 0.122024 0.841959 -0.525561 -0.611705 -0.952323 0.248502 0.176995 -0.240048 0.279626 0.478906 0.832141 0.414478 
1534194703138 0.12191 0.841932 -0.525631 -0.61165 -0.952328 0.248437 0.177061 -0.240056 0.279659 0.478988 0.832082 0.414491 
1534194703222 0.121798 0.841858 -0.525776 -0.611497 -0.952298 0.248448 0.177206 -0.240172 0.27981 0.479112 0.83196 0.414548 
1534194703260 0.121459 0.841977 -0.525664 -0.611484 -0.952343 0.248135 0.177401 -0.240142 0.279803 0.479066 0.831989 0.41454 
1534194703301 0.121155 0.842257 -0.525285 -0.611443 -0.952351 0.247851 0.177756 -0.240072 0.279909 0.47872 0.832153 0.414499 
1534194703362 0.120981 0.842261 -0.525319 -0.611365 -0.952322 0.247799 0.177983 -0.240166 0.280082 0.478741 0.832083 0.414394 
1534194703465 0.120265 0.842355 -0.525332 -0.611024 -0.95226 0.247458 0.178791 -0.240231 0.280603 0.47875 0.831902 0.414391 
1534194703502 0.119922 0.842403 -0.525334 -0.610918 -0.95229 0.24719 0.178997 -0.240289 0.280645 0.478805 0.831856 0.414381 
1534194703519 0.11979 0.842424 -0.52533 -0.610868 -0.952315 0.247064 0.179039 -0.240341 0.280617 0.478833 0.831849 0.414374 
1534194703536 0.119757 0.842427 -0.525333 -0.610829 -0.952308 0.247055 0.179088 -0.240373 0.280654 0.478832 0.831837 0.414362 
1534194703554 0.119718 0.842433 -0.525333 -0.610796 -0.952286 0.247069 0.179188 -0.240385 0.280747 0.478815 0.831815 0.414355 
1534194703570 0.11965 0.84245 -0.525321 -0.610774 -0.952263 0.247064 0.179319 -0.240367 0.280855 0.478788 0.831795 0.414357 
1534194703586 0.119599 0.842468 -0.525303 -0.610762 -0.952256 0.24704 0.17939 -0.240353 0.280901 0.478768 0.831791 0.414366 
1534194703603 0.119487 0.842525 -0.525238 -0.610736 -0.952252 0.24696 0.179516 -0.240324 0.280959 0.478709 0.831805 0.414401 
1534194703666 0.119419 0.84264 -0.525069 -0.61068 -0.952304 0.246794 0.179471 -0.240305 0.280814 0.478592 0.831921 0.414385 
1534194703694 0.119366 0.842743 -0.524915 -0.610618 -0.952398 0.246568 0.179285 -0.24027 0.280518 0.478528 0.832058 0.414288 
1534194703715 0.119308 0.842833 -0.524784 -0.610543 -0.952474 0.246373 0.179147 -0.240224 0.280283 0.478469 0.832171 0.414204 
1534194703734 0.11937 0.842908 -0.524649 -0.610467 -0.952503 0.246334 0.179047 -0.240193 0.280159 0.478357 0.832277 0.41415 
1534194703754 0.1194 0.842973 -0.524539 -0.610397 -0.952539 0.246268 0.178946 -0.240182 0.280023 0.478277 0.832369 0.414103 
1534194703772 0.119409 0.843057 -0.5244 -0.610313 -0.952586 0.246164 0.178839 -0.240179 0.27986 0.478181 0.832479 0.414061 
1534194703790 0.119404 0.843136 -0.524275 -0.610243 -0.952619 0.246077 0.178781 -0.240175 0.279749 0.478087 0.832571 0.414043 
1534194703805 0.119426 0.8432 -0.524167 -0.610184 -0.952641 0.246031 0.178728 -0.240185 0.279665 0.477998 0.83265 0.414035 
1534194703822 0.119439 0.843244 -0.524093 -0.61014 -0.952648 0.246011 0.178716 -0.240194 0.279634 0.477931 0.832698 0.414042 
1534194703867 0.119401 0.843246 -0.524099 -0.610097 -0.952655 0.245978 0.178729 -0.240218 0.279629 0.477945 0.832692 0.414052 
1534194703890 0.119389 0.843207 -0.524164 -0.610087 -0.952635 0.246018 0.17878 -0.240228 0.279703 0.477992 0.83264 0.414068 
1534194703939 0.119044 0.842937 -0.524677 -0.610049 -0.952542 0.246068 0.179205 -0.240199 0.280164 0.478444 0.832226 0.414116 
1534194703970 0.1189 0.84293 -0.52472 -0.609932 -0.952511 0.246039 0.179411 -0.240184 0.280332 0.47847 0.832154 0.414153 
1534194703993 0.118882 0.842913 -0.524752 -0.609838 -0.952496 0.24606 0.179461 -0.240222 0.28039 0.478489 0.832123 0.414156 
1534194704007 0.118881 0.842897 -0.524778 -0.609776 -0.952489 0.246076 0.179474 -0.240254 0.280414 0.47851 0.832104 0.414153 
1534194704024 0.118815 0.842894 -0.524797 -0.609729 -0.952492 0.246033 0.179517 -0.240248 0.280431 0.478536 0.832083 0.414148 
1534194704040 0.118724 0.842906 -0.524799 -0.609698 -0.952504 0.245956 0.179561 -0.240217 0.280431 0.478555 0.832072 0.414138 
1534194704057 0.118628 0.842918 -0.524802 -0.609682 -0.952518 0.245872 0.179601 -0.24018 0.280423 0.478577 0.832062 0.414124 
1534194704074 0.118578 0.84291 -0.524825 -0.609682 -0.952524 0.245835 0.179619 -0.240165 0.280424 0.47861 0.832043 0.414109 
1534194704092 0.118599 0.842885 -0.524861 -0.609692 -0.952523 0.245858 0.179593 -0.240185 0.280417 0.478642 0.832026 0.414099 
1534194704107 0.118651 0.842861 -0.524889 -0.609703 -0.95252 0.245901 0.179548 -0.240218 0.280405 0.478664 0.832018 0.414099 
1534194704205 0.11818 0.842655 -0.525325 -0.609618 -0.952548 0.24565 0.179746 -0.24029 0.28051 0.479155 0.8317 0.414218 
1534194704233 0.117924 0.842671 -0.525356 -0.609488 -0.952564 0.245468 0.179912 -0.240287 0.280565 0.479219 0.831644 0.414346 
1534194704249 0.117761 0.842683 -0.525374 -0.609413 -0.952574 0.245351 0.180018 -0.240282 0.280599 0.479258 0.83161 0.414426 
1534194704352 0.117921 0.842526 -0.525589 -0.609385 -0.952641 0.245382 0.179617 -0.240441 0.280302 0.479517 0.831561 0.414344 
1534194704371 0.118113 0.842546 -0.525514 -0.609441 -0.952656 0.245462 0.179428 -0.240371 0.28017 0.479442 0.831649 0.414246 
1534194704399 0.118322 0.842632 -0.52533 -0.609495 -0.952721 0.245444 0.179108 -0.240299 0.279861 0.4793 0.831835 0.414157 
1534194704458 0.118533 0.842752 -0.525089 -0.609498 -0.95284 0.245323 0.178643 -0.240252 0.279368 0.47915 0.832087 0.414167 
1534194704500 0.118639 0.842841 -0.524922 -0.609419 -0.952953 0.245161 0.178262 -0.240221 0.278937 0.479077 0.832274 0.414231 
1534194704527 0.118807 0.842866 -0.524845 -0.609354 -0.953026 0.245124 0.177921 -0.240217 0.278615 0.479052 0.832395 0.414256 
1534194704563 0.118881 0.842867 -0.524826 -0.609293 -0.953143 0.244966 0.177512 -0.240192 0.278183 0.479131 0.832495 0.414224 
1534194704613 0.11892 0.842916 -0.524739 -0.609217 -0.95328 0.244735 0.177092 -0.240135 0.277696 0.479163 0.832639 0.414192 
1534194704631 0.118958 0.842937 -0.524696 -0.60919 -0.953329 0.244666 0.176926 -0.240124 0.277512 0.479161 0.832701 0.414193 
1534194704646 0.119011 0.842948 -0.524667 -0.609168 -0.953378 0.244608 0.176739 -0.240123 0.27732 0.479173 0.832759 0.414184 
1534194704778 0.118763 0.842938 -0.524738 -0.609054 -0.953434 0.244371 0.176768 -0.24012 0.277236 0.47931 0.832708 0.414132 
1534194704851 0.118328 0.842915 -0.524874 -0.608986 -0.95315 0.244614 0.177957 -0.240171 0.278394 0.479226 0.832369 0.414227 
1534194704906 0.118283 0.842776 -0.525107 -0.608893 -0.953083 0.244751 0.17813 -0.240371 0.278644 0.4794 0.832186 0.414151 
1534194704941 0.117973 0.8428 -0.525139 -0.608795 -0.953098 0.244536 0.178344 -0.240418 0.278724 0.479469 0.832119 0.414144 
1534194705037 0.117017 0.842932 -0.52514 -0.608537 -0.953024 0.244059 0.179391 -0.24031 0.279379 0.479479 0.831893 0.414176 
1534194705070 0.116879 0.842901 -0.525221 -0.608424 -0.952954 0.244108 0.179692 -0.240416 0.279674 0.47951 0.831777 0.414175 
1534194705091 0.116847 0.842879 -0.525264 -0.608354 -0.952912 0.244169 0.179834 -0.240499 0.279832 0.479517 0.83172 0.41419 
1534194705109 0.116824 0.842857 -0.525303 -0.608284 -0.952879 0.24422 0.17994 -0.240593 0.279953 0.479529 0.831672 0.414211 
1534194705124 0.116829 0.842843 -0.525325 -0.608235 -0.952836 0.244301 0.180056 -0.240651 0.280096 0.479513 0.831633 0.414238 
1534194705154 0.11678 0.84283 -0.525358 -0.608187 -0.952772 0.244387 0.180281 -0.240674 0.280337 0.479493 0.831564 0.414262 
1534194705340 0.116144 0.842902 -0.525383 -0.60812 -0.953026 0.243554 0.180066 -0.240528 0.279737 0.47979 0.831594 0.414134 
1534194705377 0.115794 0.842993 -0.525313 -0.607988 -0.953087 0.243211 0.180205 -0.240464 0.279674 0.479803 0.831608 0.4142 
1534194705475 0.115396 0.843033 -0.525338 -0.607645 -0.953187 0.242792 0.180241 -0.240624 0.279497 0.479946 0.831585 0.414308 
1534194705510 0.115339 0.843071 -0.525289 -0.607442 -0.953229 0.242673 0.180179 -0.240786 0.279377 0.479939 0.831629 0.414348 
1534194705552 0.115126 0.843102 -0.525285 -0.607254 -0.953274 0.242459 0.180229 -0.240875 0.279312 0.479992 0.831621 0.414348 
1534194705579 0.114845 0.84315 -0.525269 -0.607197 -0.953322 0.242194 0.18033 -0.240833 0.279263 0.480041 0.831609 0.41434 
1534194705599 0.114564 0.843208 -0.525238 -0.607153 -0.953369 0.241927 0.180439 -0.240774 0.279217 0.480074 0.831605 0.414341 
1534194705612 0.114344 0.843238 -0.525238 -0.60712 -0.953399 0.241737 0.180538 -0.240721 0.279206 0.480118 0.831583 0.41434 
1534194705663 0.114001 0.843205 -0.525366 -0.607025 -0.953421 0.241508 0.180729 -0.240677 0.279272 0.480292 0.831461 0.414325 
1534194705756 0.114317 0.842999 -0.525627 -0.606846 -0.953322 0.241934 0.180678 -0.240934 0.279478 0.480437 0.831307 0.414371 
1534194705791 0.114303 0.842928 -0.525745 -0.606656 -0.953273 0.242035 0.180803 -0.241008 0.279652 0.480512 0.831206 0.414443 
1534194705850 0.114222 0.842884 -0.525833 -0.606469 -0.953227 0.242081 0.180984 -0.241049 0.279843 0.480566 0.831111 0.414546 
1534194705920 0.113646 0.842897 -0.525936 -0.606329 -0.953285 0.241637 0.181273 -0.240916 0.27988 0.480766 0.830982 0.414559 
1534194705963 0.113426 0.842778 -0.526175 -0.60616 -0.95329 0.241539 0.181377 -0.241009 0.279952 0.481025 0.830808 0.414567 
1534194706042 0.113343 0.842591 -0.526492 -0.605943 -0.953208 0.241695 0.1816 -0.241179 0.280265 0.481273 0.830559 0.414645 
1534194706066 0.11325 0.842604 -0.52649 -0.605889 -0.953197 0.241654 0.18171 -0.241169 0.280338 0.481271 0.830536 0.414677 
1534194706082 0.113112 0.842627 -0.526485 -0.605837 -0.9532 0.24156 0.181823 -0.241138 0.280386 0.481279 0.830515 0.414702 
1534194706099 0.112947 0.842647 -0.526488 -0.605782 -0.953209 0.241439 0.181933 -0.241099 0.28042 0.481304 0.830489 0.414719 
1534194706115 0.112755 0.842675 -0.526483 -0.605722 -0.953225 0.241288 0.182051 -0.241049 0.280444 0.48133 0.830466 0.414733 
1534194706133 0.112654 0.842685 -0.52649 -0.605686 -0.953233 0.24121 0.182109 -0.24103 0.280455 0.481352 0.830449 0.414737 
1534194706260 0.112424 0.84235 -0.527074 -0.605618 -0.953253 0.241155 0.182078 -0.241094 0.28048 0.481965 0.830085 0.414761 
1534194706288 0.112162 0.84233 -0.527162 -0.60551 -0.95328 0.240961 0.182197 -0.241031 0.280496 0.482098 0.830002 0.414814 
1534194706324 0.112038 0.84236 -0.527141 -0.605369 -0.953313 0.240819 0.182208 -0.241039 0.28043 0.482116 0.830014 0.414877 
1534194706432 0.111478 0.842269 -0.527404 -0.605128 -0.953384 0.240396 0.182396 -0.240999 0.280412 0.482486 0.829805 0.414995 
1534194706449 0.111235 0.842267 -0.527459 -0.605061 -0.953403 0.240221 0.182531 -0.240942 0.280447 0.482577 0.82974 0.415045 
1534194706465 0.111068 0.84227 -0.52749 -0.60501 -0.953416 0.240097 0.182625 -0.240909 0.280468 0.482634 0.8297 0.415085 
1534194706482 0.110896 0.842281 -0.527509 -0.604951 -0.953433 0.239961 0.182714 -0.240879 0.280478 0.482682 0.829669 0.415131 
1534194706563 0.111184 0.842222 -0.527542 -0.60491 -0.95341 0.240194 0.182529 -0.24107 0.280442 0.482669 0.829688 0.415145 
1534194706581 0.111289 0.842301 -0.527393 -0.604928 -0.953402 0.240242 0.182507 -0.24108 0.280428 0.482506 0.829788 0.415141 
1534194706594 0.111358 0.842398 -0.527224 -0.604932 -0.953389 0.240271 0.182535 -0.241068 0.280444 0.482323 0.829889 0.415145 
1534194706615 0.111442 0.84261 -0.526867 -0.604951 -0.953362 0.240294 0.182646 -0.241006 0.280503 0.48194 0.830092 0.415143 
1534194706632 0.111404 0.842705 -0.526723 -0.604966 -0.953365 0.240233 0.182709 -0.240968 0.280506 0.481805 0.830169 0.415131 
1534194706671 0.111187 0.842786 -0.52664 -0.604989 -0.953433 0.23996 0.182717 -0.240927 0.280364 0.4818 0.83022 0.415062 
1534194706687 0.111101 0.84283 -0.526587 -0.604976 -0.953459 0.239848 0.182726 -0.240918 0.280307 0.481778 0.830252 0.415039 
1534194706708 0.11101 0.842919 -0.526464 -0.60494 -0.953491 0.239708 0.182742 -0.24092 0.280234 0.481692 0.830326 0.415023 
1534194706725 0.110935 0.843023 -0.526313 -0.60489 -0.953517 0.239583 0.182773 -0.240923 0.280178 0.481573 0.830414 0.41502 
1534194706742 0.110922 0.843121 -0.526159 -0.604842 -0.953524 0.239528 0.182805 -0.240934 0.280156 0.481428 0.830505 0.415021 
1534194706758 0.110938 0.843207 -0.526018 -0.604801 -0.95352 0.239515 0.182844 -0.240948 0.280164 0.481285 0.830586 0.415024 
1534194706778 0.11098 0.843267 -0.525913 -0.604765 -0.953507 0.239542 0.182879 -0.240971 0.280194 0.481165 0.830645 0.415026 
1534194706799 0.111017 0.843255 -0.525924 -0.604755 -0.953484 0.239608 0.182913 -0.240986 0.280258 0.481153 0.830631 0.41502 
1534194706815 0.111003 0.843234 -0.525962 -0.604762 -0.953482 0.23961 0.182918 -0.240981 0.280268 0.48119 0.830605 0.415015 
1534194706840 0.111008 0.843167 -0.526068 -0.604793 -0.953462 0.23967 0.182943 -0.240962 0.280334 0.481277 0.830533 0.414999 
1534194706852 0.110963 0.843078 -0.526219 -0.604832 -0.95345 0.239695 0.182973 -0.240946 0.280392 0.481421 0.83043 0.414978 
1534194706869 0.110974 0.842958 -0.526409 -0.604888 -0.953413 0.239808 0.183021 -0.240921 0.280516 0.481575 0.830299 0.414947 
1534194706936 0.111098 0.84304 -0.526251 -0.604916 -0.953405 0.239866 0.182984 -0.240899 0.280492 0.481402 0.830407 0.414919 
1534194706950 0.111159 0.843155 -0.526054 -0.604887 -0.953428 0.239822 0.182919 -0.240914 0.280389 0.481222 0.830547 0.414928 
1534194706989 0.111263 0.843401 -0.525638 -0.604803 -0.953467 0.239733 0.182837 -0.240945 0.280218 0.480835 0.830828 0.4149 
1534194707024 0.111308 0.843503 -0.525464 -0.604762 -0.953496 0.239674 0.182762 -0.240957 0.2801 0.480685 0.830955 0.41482 
1534194707052 0.11137 0.843606 -0.525286 -0.604731 -0.953545 0.239592 0.182615 -0.240974 0.279909 0.480546 0.8311 0.414752 
1534194707078 0.111422 0.843698 -0.525128 -0.604706 -0.953591 0.239511 0.182479 -0.240987 0.279731 0.480425 0.83123 0.414697 
1534194707095 0.111453 0.843758 -0.525025 -0.604692 -0.953617 0.239465 0.182404 -0.240992 0.27963 0.480343 0.831311 0.414665 
1534194707112 0.111484 0.843831 -0.524901 -0.604676 -0.953648 0.239405 0.182322 -0.240993 0.279513 0.480245 0.831407 0.414631 
1534194707128 0.1115 0.843892 -0.5248 -0.604666 -0.953676 0.239345 0.182253 -0.24099 0.27941 0.480168 0.831486 0.4146 
1534194707145 0.1115 0.843971 -0.524673 -0.604659 -0.953717 0.239247 0.182169 -0.240973 0.279271 0.480077 0.831585 0.414556 
1534194707161 0.111486 0.844032 -0.524576 -0.604656 -0.953747 0.239165 0.182116 -0.240951 0.279172 0.48001 0.831657 0.414521 
1534194707178 0.111468 0.844073 -0.524514 -0.604657 -0.95376 0.239118 0.18211 -0.240929 0.279135 0.479961 0.831697 0.414504 
1534194707195 0.11144 0.844076 -0.524516 -0.604665 -0.953752 0.239114 0.182158 -0.240908 0.279174 0.479958 0.831686 0.414502 
1534194707211 0.111423 0.844069 -0.52453 -0.60467 -0.953734 0.239138 0.182221 -0.240896 0.279242 0.479959 0.831663 0.414512 
1534194707238 0.111418 0.844068 -0.524533 -0.604679 -0.953653 0.239273 0.182465 -0.240867 0.27952 0.479893 0.831608 0.414566 
1534194707261 0.111432 0.844012 -0.524621 -0.604697 -0.95355 0.239479 0.182735 -0.240852 0.279866 0.47989 0.831493 0.414604 
1534194707279 0.111474 0.843986 -0.524653 -0.604707 -0.953495 0.239607 0.182854 -0.240866 0.280037 0.479871 0.831447 0.414622 
1534194707294 0.111495 0.843977 -0.524663 -0.604711 -0.953456 0.23969 0.18295 -0.240894 0.280162 0.479845 0.831419 0.414626 
1534194707311 0.111524 0.843959 -0.524685 -0.604715 -0.953421 0.239773 0.183023 -0.240922 0.280269 0.479835 0.831389 0.414588 
1534194707328 0.111581 0.843997 -0.524613 -0.604711 -0.953371 0.239879 0.183143 -0.240928 0.280415 0.479716 0.831408 0.414531 
1534194707346 0.111653 0.84409 -0.524448 -0.604696 -0.953344 0.239937 0.183211 -0.240927 0.280481 0.479523 0.831497 0.414479 
1534194707361 0.111691 0.844136 -0.524366 -0.604688 -0.953326 0.239973 0.183253 -0.240921 0.280524 0.479424 0.83154 0.41444 
1534194707381 0.111723 0.844183 -0.524283 -0.60468 -0.95333 0.23997 0.18324 -0.240922 0.2805 0.479343 0.831595 0.414398 
1534194707398 0.111738 0.844186 -0.524276 -0.60468 -0.953359 0.239928 0.183143 -0.240941 0.280395 0.479359 0.831621 0.414389 
1534194707415 0.11175 0.844175 -0.524291 -0.60468 -0.953398 0.239872 0.183012 -0.240969 0.280256 0.479407 0.83164 0.414402 
1534194707432 0.111742 0.844179 -0.524286 -0.604678 -0.953471 0.239741 0.182803 -0.240997 0.280011 0.479465 0.831689 0.414438 
1534194707451 0.111727 0.844164 -0.524312 -0.604688 -0.953542 0.239616 0.182598 -0.241015 0.279777 0.479553 0.831718 0.414474 
1534194707468 0.111665 0.844127 -0.524386 -0.60471 -0.953586 0.239517 0.1825 -0.241006 0.279653 0.479668 0.831693 0.414492 
1534194707485 0.111592 0.844128 -0.5244 -0.604737 -0.953606 0.239438 0.182498 -0.240958 0.279613 0.479705 0.831685 0.414504 
1534194707501 0.111584 0.844152 -0.524363 -0.604753 -0.953606 0.239424 0.182514 -0.240915 0.279614 0.479671 0.831704 0.414507 
1534194707518 0.111552 0.844177 -0.52433 -0.604776 -0.953594 0.239417 0.182585 -0.240849 0.279668 0.47963 0.83171 0.414499 
1534194707538 0.111521 0.844228 -0.524254 -0.604795 -0.953542 0.23947 0.182788 -0.240762 0.279858 0.479513 0.831713 0.414482 
1534194707557 0.111569 0.844317 -0.5241 -0.604779 -0.953516 0.239513 0.182871 -0.240741 0.279929 0.479335 0.831792 0.414472 
1534194707572 0.111656 0.844393 -0.52396 -0.604754 -0.9535 0.239565 0.182883 -0.240758 0.279948 0.479176 0.831877 0.414466 
1534194707588 0.111759 0.84443 -0.523878 -0.604735 -0.953496 0.239621 0.18283 -0.240804 0.279919 0.479082 0.831941 0.414459 
1534194707612 0.111946 0.844413 -0.523866 -0.60472 -0.953489 0.239751 0.182699 -0.24091 0.27987 0.479048 0.831977 0.414436 
1534194707628 0.112076 0.844407 -0.523847 -0.604711 -0.953487 0.239834 0.1826 -0.240981 0.279825 0.479016 0.832011 0.414423 
1534194707645 0.112179 0.844402 -0.523833 -0.604708 -0.953486 0.239899 0.182519 -0.241035 0.279787 0.478993 0.832037 0.414409 
1534194707661 0.112264 0.844405 -0.523811 -0.604714 -0.953489 0.239943 0.182445 -0.241074 0.279742 0.478966 0.832067 0.414396 
1534194707712 0.112185 0.844396 -0.523841 -0.604763 -0.953524 0.239839 0.1824 -0.241026 0.279656 0.479032 0.832058 0.414344 
1534194707754 0.111834 0.84434 -0.524008 -0.604797 -0.95359 0.239535 0.18245 -0.240814 0.279568 0.479284 0.831942 0.414362 
1534194707768 0.111811 0.844271 -0.524123 -0.604812 -0.953603 0.239523 0.182399 -0.240754 0.279534 0.479411 0.831881 0.414386 
1534194707800 0.11178 0.84418 -0.524275 -0.604823 -0.953661 0.239437 0.182209 -0.240651 0.279349 0.479614 0.831826 0.414466 
1534194707825 0.111887 0.844211 -0.524203 -0.604795 -0.953684 0.239451 0.182071 -0.240626 0.279227 0.479553 0.831902 0.414529 
1534194707840 0.111954 0.844213 -0.524185 -0.604785 -0.953692 0.239477 0.181997 -0.240631 0.279174 0.479536 0.83193 0.414551 
1534194707863 0.112052 0.844193 -0.524197 -0.604778 -0.953718 0.239497 0.181832 -0.240652 0.279045 0.479561 0.831959 0.414568 
1534194707879 0.112169 0.844155 -0.524233 -0.604774 -0.95374 0.239543 0.181657 -0.240671 0.278923 0.479605 0.831974 0.414567 
1534194707896 0.112251 0.844118 -0.524276 -0.604773 -0.953766 0.23956 0.181499 -0.240687 0.278802 0.479663 0.831981 0.414561 
1534194708002 0.111915 0.843908 -0.524685 -0.604828 -0.953757 0.239447 0.181692 -0.240627 0.278966 0.480088 0.831681 0.414502 
1534194708016 0.111662 0.843966 -0.524646 -0.604832 -0.953739 0.239308 0.181972 -0.240602 0.27913 0.480056 0.831645 0.414549 
1534194708033 0.111418 0.844008 -0.52463 -0.604841 -0.953702 0.239211 0.182292 -0.24057 0.279353 0.48003 0.831585 0.414588 
1534194708050 0.1113 0.844024 -0.524629 -0.604849 -0.953645 0.239233 0.182563 -0.240538 0.279597 0.479991 0.831525 0.414614 
1534194708070 0.111284 0.844018 -0.524641 -0.604858 -0.953591 0.239318 0.182733 -0.240521 0.279786 0.479958 0.831481 0.414627 
1534194708094 0.111272 0.84399 -0.52469 -0.604867 -0.953516 0.239449 0.182952 -0.240526 0.280047 0.479943 0.831402 0.414634 
1534194708109 0.111242 0.843969 -0.52473 -0.604866 -0.953498 0.23947 0.183019 -0.240541 0.280119 0.47997 0.831362 0.414631 
1534194708126 0.111206 0.843948 -0.524772 -0.604868 -0.953489 0.23947 0.183063 -0.240554 0.280163 0.480007 0.831325 0.414621 
1534194708143 0.111159 0.843928 -0.524813 -0.60487 -0.953486 0.239454 0.1831 -0.240562 0.280192 0.480049 0.831291 0.414607 
1534194708159 0.11113 0.843914 -0.524842 -0.604871 -0.953485 0.239445 0.183121 -0.240565 0.280209 0.480079 0.831268 0.414599 
1534194708181 0.111139 0.843911 -0.524845 -0.604869 -0.953486 0.239449 0.18311 -0.240573 0.280202 0.480082 0.831269 0.414606 
1534194708198 0.111182 0.843923 -0.524817 -0.604863 -0.953502 0.239442 0.183032 -0.240593 0.280128 0.480064 0.831304 0.414615 
1534194708214 0.111253 0.843932 -0.524787 -0.604855 -0.953534 0.239427 0.182889 -0.240618 0.279994 0.480055 0.831355 0.4146 
1534194708232 0.111295 0.843948 -0.524753 -0.604851 -0.953574 0.239377 0.182741 -0.240632 0.279838 0.480053 0.831409 0.41457 
1534194708248 0.111397 0.843935 -0.524752 -0.604855 -0.953586 0.239422 0.18262 -0.24064 0.279757 0.480053 0.831436 0.414529 
1534194708265 0.111546 0.843978 -0.524651 -0.604855 -0.953604 0.239466 0.18247 -0.240639 0.279637 0.479956 0.831532 0.414482 
1534194708283 0.111689 0.844091 -0.524439 -0.604847 -0.953639 0.239453 0.182307 -0.240629 0.279462 0.479763 0.831702 0.414447 
1534194708392 0.111454 0.844038 -0.524574 -0.604894 -0.95362 0.239363 0.182523 -0.240654 0.27962 0.479901 0.831569 0.414532 
1534194708405 0.111301 0.843904 -0.524822 -0.604901 -0.953588 0.239374 0.182677 -0.240668 0.279791 0.480132 0.831379 0.414552 
1534194708422 0.111194 0.843778 -0.525048 -0.604894 -0.953547 0.239424 0.182825 -0.240696 0.279973 0.480329 0.831204 0.41458 
1534194708439 0.111155 0.843656 -0.525252 -0.604876 -0.953493 0.239535 0.182959 -0.240753 0.280171 0.480488 0.831045 0.414621 
1534194708455 0.111178 0.84363 -0.525289 -0.604846 -0.953464 0.239608 0.183016 -0.240803 0.280261 0.480496 0.83101 0.414661 
1534194708511 0.111059 0.843502 -0.52552 -0.604799 -0.953422 0.239653 0.183173 -0.240879 0.280449 0.480699 0.830829 0.414687 
1534194708536 0.110866 0.843344 -0.525814 -0.604821 -0.953424 0.23959 0.183247 -0.24088 0.28052 0.481008 0.830626 0.414675 
1534194708558 0.110659 0.843198 -0.526091 -0.60484 -0.953429 0.239508 0.183329 -0.240886 0.280585 0.481303 0.830433 0.414668 
1534194708573 0.11046 0.843094 -0.526299 -0.604851 -0.953442 0.239403 0.183399 -0.240895 0.28062 0.481537 0.830286 0.414656 
1534194708594 0.110255 0.843021 -0.526459 -0.604852 -0.953459 0.239276 0.183474 -0.240907 0.280642 0.481728 0.830168 0.41464 
1534194708611 0.11015 0.842972 -0.52656 -0.604852 -0.953462 0.239226 0.183525 -0.240914 0.280673 0.48184 0.830092 0.414626 
1534194708628 0.110131 0.842912 -0.52666 -0.604853 -0.953444 0.239266 0.183564 -0.240923 0.28074 0.481925 0.83002 0.414613 
1534194708728 0.110457 0.842829 -0.526724 -0.604811 -0.953472 0.239442 0.183191 -0.241031 0.280518 0.481982 0.830062 0.414776 
1534194708748 0.11034 0.842707 -0.526944 -0.604818 -0.953517 0.239336 0.183092 -0.241038 0.28041 0.482248 0.829944 0.414811 
1534194708769 0.1102 0.84261 -0.527128 -0.604822 -0.953568 0.239199 0.183006 -0.241037 0.280291 0.482486 0.829846 0.414843 
1534194708815 0.109983 0.842516 -0.527323 -0.604811 -0.953662 0.238941 0.182858 -0.241038 0.28006 0.482777 0.829755 0.414909 
1534194708832 0.109906 0.842489 -0.527383 -0.604807 -0.95368 0.238873 0.18285 -0.241028 0.280027 0.482858 0.829719 0.414917 
1534194708854 0.109823 0.842418 -0.527513 -0.604803 -0.953697 0.238817 0.182832 -0.241031 0.28 0.483009 0.82964 0.414921 
1534194708871 0.109731 0.842345 -0.527649 -0.604798 -0.953717 0.238753 0.182812 -0.241042 0.279969 0.483168 0.829558 0.414923 
1534194708889 0.109633 0.842241 -0.527836 -0.604793 -0.953742 0.238689 0.182768 -0.241064 0.279923 0.483382 0.829448 0.414923 
1534194708903 0.109597 0.842195 -0.527917 -0.604785 -0.953757 0.238657 0.182731 -0.241082 0.279886 0.483478 0.829405 0.414925 
1534194708921 0.10958 0.842152 -0.52799 -0.604776 -0.953774 0.238632 0.182673 -0.241108 0.279834 0.483565 0.829372 0.414928 
1534194708937 0.109614 0.842128 -0.52802 -0.604775 -0.953773 0.238662 0.182639 -0.241134 0.279824 0.483592 0.82936 0.41493 
1534194708953 0.109658 0.842128 -0.528012 -0.604784 -0.953773 0.238689 0.182604 -0.241153 0.279807 0.483579 0.829373 0.414934 
1534194708970 0.109698 0.842152 -0.527965 -0.604795 -0.953779 0.238694 0.182567 -0.241162 0.279771 0.483535 0.829411 0.414941 
1534194708991 0.109695 0.842176 -0.527927 -0.604818 -0.953789 0.238666 0.182549 -0.241147 0.279737 0.483506 0.829439 0.414951 
1534194709007 0.109675 0.842202 -0.527889 -0.60484 -0.953802 0.238623 0.18254 -0.24112 0.279702 0.483481 0.829465 0.414964 
1534194709024 0.109663 0.842238 -0.527834 -0.604855 -0.953837 0.238543 0.182461 -0.241108 0.279587 0.483459 0.829517 0.414995 
1534194709040 0.109642 0.842259 -0.527805 -0.604869 -0.953912 0.238394 0.182265 -0.241122 0.279339 0.483496 0.829579 0.415042 
1534194709057 0.109661 0.842264 -0.527793 -0.604875 -0.953958 0.238323 0.182116 -0.241141 0.279175 0.483522 0.829619 0.415075 
1534194709073 0.109705 0.84226 -0.527791 -0.604879 -0.953985 0.238305 0.181999 -0.241158 0.279065 0.483538 0.829646 0.415098 
1534194709090 0.10974 0.842229 -0.527833 -0.604882 -0.953981 0.238343 0.18197 -0.241169 0.279065 0.483573 0.829626 0.415109 
1534194709107 0.109743 0.842163 -0.527938 -0.604889 -0.95396 0.238404 0.182 -0.241168 0.279137 0.483658 0.829552 0.4151 
1534194709125 0.109732 0.842108 -0.528028 -0.604891 -0.953952 0.238431 0.182008 -0.241165 0.279169 0.483741 0.829493 0.415078 
1534194709180 0.109698 0.842019 -0.528176 -0.60488 -0.954047 0.238277 0.181712 -0.241164 0.278857 0.483971 0.829464 0.414938 
1534194709196 0.109692 0.842012 -0.528188 -0.604877 -0.954115 0.238156 0.18151 -0.241186 0.278625 0.484042 0.829501 0.414932 
1534194709213 0.109725 0.842024 -0.528163 -0.604864 -0.954242 0.237951 0.18111 -0.241242 0.278176 0.484123 0.829604 0.414958 
1534194709236 0.109765 0.842053 -0.528108 -0.604852 -0.954345 0.237786 0.180787 -0.241284 0.27781 0.484153 0.82971 0.414993 
1534194709329 0.109469 0.842076 -0.528133 -0.604894 -0.95427 0.237732 0.181251 -0.241124 0.278181 0.48414 0.829593 0.414937 
1534194709351 0.109107 0.842113 -0.528149 -0.604908 -0.954221 0.237588 0.181698 -0.241063 0.278492 0.484146 0.829485 0.414953 
1534194709368 0.108925 0.842129 -0.528162 -0.604915 -0.954175 0.237554 0.181985 -0.241046 0.278722 0.484136 0.829413 0.414976 
1534194709392 0.108854 0.842116 -0.528197 -0.604917 -0.9541 0.237646 0.182256 -0.24106 0.279005 0.484113 0.829332 0.414993 
1534194709459 0.108936 0.842015 -0.52834 -0.604915 -0.954 0.237903 0.182444 -0.241218 0.279314 0.484162 0.829199 0.41505 
1534194709482 0.108726 0.84202 -0.528375 -0.604917 -0.954036 0.237712 0.182503 -0.241251 0.279273 0.484246 0.829164 0.415072 
1534194709499 0.10861 0.842016 -0.528405 -0.60492 -0.954049 0.237623 0.182554 -0.241274 0.279275 0.484297 0.829133 0.415085 
1534194709516 0.108531 0.84201 -0.528432 -0.604921 -0.954051 0.237574 0.182607 -0.241299 0.279299 0.484332 0.829105 0.415101 
1534194709532 0.108491 0.842009 -0.528442 -0.60492 -0.954048 0.237555 0.182647 -0.241318 0.279324 0.484344 0.829089 0.415116 
1534194709549 0.108471 0.842004 -0.528453 -0.604916 -0.954042 0.237554 0.182677 -0.241338 0.279351 0.484352 0.829075 0.415127 
1534194709582 0.108529 0.841981 -0.528478 -0.60491 -0.954024 0.23763 0.182677 -0.241366 0.279393 0.484354 0.82906 0.415114 
1534194709698 0.1084 0.842002 -0.528471 -0.604957 -0.953734 0.238046 0.183645 -0.241221 0.28043 0.484113 0.828851 0.414993 
1534194709712 0.108186 0.842101 -0.528358 -0.60495 -0.953741 0.237872 0.183834 -0.241196 0.280488 0.484028 0.828881 0.415011 
1534194709735 0.107976 0.842212 -0.528223 -0.604943 -0.953729 0.237728 0.184084 -0.241165 0.280611 0.483905 0.828911 0.415041 
1534194709752 0.107767 0.842259 -0.528191 -0.604952 -0.953662 0.237701 0.184464 -0.241121 0.280918 0.483836 0.828847 0.415068 
1534194709769 0.107765 0.842256 -0.528196 -0.604959 -0.953604 0.237801 0.184635 -0.241102 0.281115 0.483793 0.828805 0.41508 
1534194709785 0.107767 0.842255 -0.528198 -0.604965 -0.953552 0.237891 0.184786 -0.241089 0.281291 0.483751 0.828771 0.415093 
1534194709802 0.10775 0.84226 -0.528194 -0.604967 -0.953539 0.237902 0.184841 -0.241086 0.281342 0.483737 0.828761 0.415099 
1534194709877 0.107437 0.842289 -0.52821 -0.60498 -0.953589 0.237617 0.184948 -0.24109 0.281291 0.483826 0.828727 0.415067 
1534194709899 0.107584 0.842394 -0.528013 -0.604958 -0.953612 0.23763 0.184816 -0.241114 0.28116 0.483636 0.828882 0.415041 
1534194709919 0.107736 0.842493 -0.527824 -0.604936 -0.953651 0.23762 0.184627 -0.241141 0.280968 0.483469 0.829045 0.414998 
1534194709973 0.108335 0.842614 -0.527508 -0.604953 -0.953616 0.237997 0.18432 -0.241142 0.280856 0.483072 0.829314 0.414865 
1534194710004 0.108396 0.84272 -0.527327 -0.604976 -0.953642 0.237953 0.184244 -0.241122 0.280745 0.48291 0.829446 0.414808 
1534194710021 0.108457 0.842791 -0.527201 -0.604982 -0.953642 0.237965 0.184227 -0.241124 0.28072 0.48278 0.82953 0.414799 
1534194710038 0.108517 0.842853 -0.527088 -0.604982 -0.953637 0.237987 0.184224 -0.24113 0.280714 0.48266 0.829602 0.414802 
1534194710054 0.108624 0.842956 -0.526902 -0.604977 -0.953613 0.238057 0.184259 -0.241136 0.280755 0.482446 0.829712 0.414809 
1534194710071 0.108694 0.843039 -0.526755 -0.604975 -0.953594 0.238104 0.184299 -0.241142 0.280793 0.482278 0.829797 0.414811 
1534194710088 0.108755 0.843092 -0.526658 -0.604977 -0.953577 0.23815 0.184326 -0.241151 0.280827 0.482162 0.829853 0.41481 
