1535121148022 0.253108 0.924525 -0.284937 -0.59901 -0.931947 0.312051 0.184658 -0.230429 0.259636 0.218808 0.940591 0.386923 
1535121153133 0.253108 0.924525 -0.284937 -0.59901 -0.931947 0.312051 0.184658 -0.230429 0.259636 0.218808 0.940591 0.386923 
1535121154457 0.240916 0.923526 -0.298427 -0.609973 -0.934241 0.303982 0.186518 -0.235151 0.262971 0.233868 0.93603 0.384759 
1535121156079 0.223971 0.921861 -0.316243 -0.624918 -0.937205 0.292742 0.189601 -0.241508 0.267363 0.253919 0.929539 0.381976 
1535121157963 0.214992 0.920961 -0.324976 -0.632469 -0.938766 0.286624 0.19122 -0.244533 0.269252 0.263966 0.926189 0.380628 
1535121157995 0.214992 0.920961 -0.324976 -0.632469 -0.938766 0.286624 0.19122 -0.244533 0.269252 0.263966 0.926189 0.380628 
1535121158327 0.214191 0.921076 -0.325178 -0.632803 -0.938868 0.285994 0.191663 -0.244409 0.269535 0.264247 0.926026 0.380662 
1535121158897 0.209763 0.919291 -0.333022 -0.632861 -0.938079 0.285257 0.196562 -0.245237 0.275695 0.271169 0.922204 0.381136 
1535121159555 0.207108 0.918226 -0.337589 -0.63307 -0.937585 0.284828 0.199519 -0.245728 0.279359 0.275196 0.919905 0.381419 
1535121159898 0.206415 0.918072 -0.338433 -0.633322 -0.937558 0.284542 0.20005 -0.245853 0.279958 0.276007 0.91948 0.381442 
1535121160901 0.202671 0.918206 -0.340328 -0.63502 -0.938557 0.281283 0.199977 -0.24655 0.279348 0.278887 0.918796 0.381652 
1535121160929 0.202196 0.918145 -0.340774 -0.635285 -0.938649 0.280948 0.200014 -0.246691 0.279381 0.279425 0.918623 0.381705 
1535121161433 0.20156 0.918641 -0.339811 -0.635404 -0.93881 0.280121 0.200418 -0.24682 0.2793 0.278622 0.918891 0.381705 
1535121162117 0.198437 0.919932 -0.338154 -0.636631 -0.939603 0.276721 0.201425 -0.247509 0.278872 0.27776 0.919282 0.381854 
1535121162669 0.198276 0.920899 -0.335605 -0.636704 -0.940196 0.275458 0.200384 -0.247902 0.276979 0.275803 0.920443 0.381775 
1535121163829 0.198157 0.921469 -0.334109 -0.636761 -0.940576 0.274668 0.199687 -0.2482 0.275774 0.274685 0.921139 0.381659 
1535121163868 0.197908 0.921756 -0.333463 -0.636857 -0.940838 0.274087 0.199248 -0.24831 0.275056 0.274302 0.921467 0.381542 
1535121164338 0.200066 0.92169 -0.332357 -0.636598 -0.940692 0.275556 0.19791 -0.248122 0.273995 0.27305 0.922155 0.381398 
1535121165501 0.201684 0.921817 -0.331023 -0.636454 -0.940673 0.276458 0.196738 -0.24816 0.27287 0.271705 0.922886 0.38133 
1535121165951 0.202098 0.921715 -0.331056 -0.636365 -0.940542 0.276894 0.196751 -0.248202 0.273016 0.27161 0.922871 0.381348 
1535121166857 0.207992 0.920854 -0.329798 -0.634638 -0.93977 0.281632 0.193687 -0.247377 0.27124 0.269649 0.923969 0.38173 
1535121167229 0.208286 0.920893 -0.329503 -0.633792 -0.939709 0.281842 0.193682 -0.24692 0.271229 0.269296 0.924075 0.382155 
1535121167863 0.208837 0.920662 -0.329801 -0.632436 -0.939615 0.282393 0.193333 -0.246398 0.271128 0.269511 0.924042 0.382681 
1535121168498 0.20933 0.920559 -0.329775 -0.631711 -0.939539 0.282815 0.193086 -0.246204 0.271012 0.269418 0.924103 0.382998 
1535121168529 0.20933 0.920559 -0.329775 -0.631711 -0.939539 0.282815 0.193086 -0.246204 0.271012 0.269418 0.924103 0.382998 
1535121168911 0.20946 0.920541 -0.329745 -0.631486 -0.939551 0.28289 0.192917 -0.246137 0.27087 0.269404 0.924149 0.38307 
1535121169277 0.20846 0.920629 -0.330131 -0.629341 -0.939131 0.282671 0.195268 -0.245159 0.273088 0.269331 0.923517 0.383985 
1535121169828 0.20836 0.920432 -0.330744 -0.62806 -0.938781 0.283075 0.196365 -0.244788 0.274366 0.269582 0.923065 0.384398 
1535121170088 0.20845 0.9203 -0.331054 -0.627805 -0.938724 0.283262 0.196369 -0.244753 0.274493 0.269835 0.922953 0.384456 
1535121170589 0.207664 0.91987 -0.332737 -0.626086 -0.93794 0.283826 0.199275 -0.243999 0.277747 0.270705 0.921724 0.385165 
1535121170959 0.207301 0.919369 -0.334345 -0.624776 -0.93734 0.284499 0.201133 -0.243568 0.280037 0.2717 0.920738 0.385646 
1535121171267 0.207165 0.919206 -0.334877 -0.624342 -0.9371 0.28475 0.201895 -0.243418 0.28094 0.271987 0.920378 0.38583 
1535121171295 0.207443 0.919035 -0.335175 -0.624098 -0.936904 0.285206 0.202162 -0.243479 0.281388 0.272089 0.920211 0.385958 
1535121171653 0.207038 0.919237 -0.334872 -0.623981 -0.937045 0.28471 0.202204 -0.24318 0.281215 0.271926 0.920312 0.385964 
1535121172040 0.206969 0.919175 -0.335084 -0.623095 -0.937035 0.284717 0.202242 -0.242817 0.2813 0.272128 0.920227 0.386258 
1535121172475 0.207175 0.919045 -0.335312 -0.622165 -0.936917 0.28503 0.202348 -0.24255 0.28154 0.272238 0.92012 0.386561 
1535121172818 0.207179 0.918998 -0.335439 -0.621863 -0.936951 0.285028 0.202193 -0.242479 0.281424 0.2724 0.920108 0.386598 
1535121172847 0.207179 0.918998 -0.335439 -0.621863 -0.936951 0.285028 0.202193 -0.242479 0.281424 0.2724 0.920108 0.386598 
1535121173255 0.206916 0.918966 -0.335691 -0.621272 -0.936958 0.284887 0.202359 -0.24213 0.281595 0.272657 0.91998 0.386919 
1535121173741 0.207055 0.918741 -0.336217 -0.620461 -0.936911 0.285149 0.202209 -0.241862 0.28165 0.273137 0.91982 0.387205 
1535121174266 0.20714 0.918618 -0.336504 -0.619635 -0.936895 0.285288 0.202085 -0.241559 0.28164 0.273409 0.919743 0.387591 
1535121174563 0.20752 0.918379 -0.336922 -0.619464 -0.936836 0.28571 0.201762 -0.241688 0.281556 0.273771 0.919661 0.387593 
1535121174845 0.207687 0.918368 -0.336847 -0.618917 -0.936917 0.285734 0.20135 -0.241194 0.281162 0.27378 0.919778 0.387813 
1535121175105 0.207644 0.918421 -0.336728 -0.618711 -0.93697 0.285626 0.201258 -0.241093 0.281018 0.273715 0.919842 0.387888 
1535121175289 0.207913 0.918301 -0.336892 -0.61813 -0.937044 0.285783 0.20069 -0.240837 0.280571 0.273957 0.919906 0.388039 
1535121175325 0.207913 0.918301 -0.336892 -0.61813 -0.937044 0.285783 0.20069 -0.240837 0.280571 0.273957 0.919906 0.388039 
1535121175584 0.208398 0.918046 -0.337287 -0.617929 -0.937024 0.286236 0.200136 -0.240854 0.280278 0.274338 0.919882 0.388029 
1535121176027 0.207761 0.918048 -0.337674 -0.61712 -0.936547 0.28633 0.202223 -0.240423 0.282337 0.274234 0.919283 0.388415 
1535121176540 0.20786 0.917796 -0.338297 -0.616468 -0.936128 0.286944 0.203291 -0.240219 0.283652 0.274433 0.918819 0.388563 
1535121176797 0.207855 0.917742 -0.338447 -0.616224 -0.936016 0.287083 0.203612 -0.240101 0.284026 0.274469 0.918692 0.388652 
1535121177320 0.207863 0.91719 -0.339935 -0.614769 -0.93549 0.287927 0.204831 -0.239873 0.285745 0.275429 0.917872 0.389267 
1535121177834 0.207875 0.917153 -0.340028 -0.614542 -0.935404 0.288039 0.205068 -0.239759 0.28602 0.275435 0.917785 0.389388 
1535121177877 0.207875 0.917153 -0.340028 -0.614542 -0.935404 0.288039 0.205068 -0.239759 0.28602 0.275435 0.917785 0.389388 
1535121178055 0.207917 0.916985 -0.340454 -0.61432 -0.935264 0.288299 0.20534 -0.239746 0.286446 0.27572 0.917566 0.389449 
1535121178363 0.208053 0.917139 -0.339955 -0.614179 -0.935306 0.288245 0.205227 -0.239627 0.286212 0.275264 0.917776 0.389524 
1535121178667 0.208515 0.917198 -0.339512 -0.613177 -0.935155 0.288622 0.205381 -0.239416 0.286366 0.274671 0.917905 0.389808 
1535121179021 0.208686 0.917336 -0.339036 -0.612542 -0.935096 0.288695 0.20555 -0.239209 0.286436 0.274135 0.918044 0.390008 
1535121179232 0.208819 0.917407 -0.338761 -0.611959 -0.934999 0.288822 0.205813 -0.238887 0.286656 0.273763 0.918086 0.39019 
1535121179260 0.208819 0.917407 -0.338761 -0.611959 -0.934999 0.288822 0.205813 -0.238887 0.286656 0.273763 0.918086 0.39019 
1535121179278 0.208819 0.917407 -0.338761 -0.611959 -0.934999 0.288822 0.205813 -0.238887 0.286656 0.273763 0.918086 0.39019 
1535121179293 0.208819 0.917407 -0.338761 -0.611959 -0.934999 0.288822 0.205813 -0.238887 0.286656 0.273763 0.918086 0.39019 
1535121179447 0.208996 0.917375 -0.338738 -0.611689 -0.934941 0.288999 0.205828 -0.238859 0.286717 0.273682 0.918091 0.39026 
1535121179590 0.208996 0.917375 -0.338738 -0.611689 -0.934941 0.288999 0.205828 -0.238859 0.286717 0.273682 0.918091 0.39026 
1535121179660 0.209489 0.917546 -0.337971 -0.611106 -0.93471 0.289401 0.206311 -0.238582 0.287109 0.272685 0.918265 0.390477 
1535121179710 0.209489 0.917546 -0.337971 -0.611106 -0.93471 0.289401 0.206311 -0.238582 0.287109 0.272685 0.918265 0.390477 
1535121179799 0.209489 0.917546 -0.337971 -0.611106 -0.93471 0.289401 0.206311 -0.238582 0.287109 0.272685 0.918265 0.390477 
1535121179854 0.209489 0.917546 -0.337971 -0.611106 -0.93471 0.289401 0.206311 -0.238582 0.287109 0.272685 0.918265 0.390477 
1535121179930 0.209957 0.917717 -0.337215 -0.610314 -0.934501 0.289766 0.206747 -0.238214 0.287449 0.271719 0.918445 0.39061 
1535121180122 0.210432 0.917817 -0.336645 -0.609739 -0.934317 0.290153 0.207034 -0.238014 0.287698 0.270967 0.91859 0.390777 
1535121180483 0.21095 0.917757 -0.336485 -0.608863 -0.934166 0.290632 0.207044 -0.237516 0.28781 0.270657 0.918646 0.391096 
1535121180715 0.211439 0.917593 -0.336626 -0.608548 -0.934051 0.291124 0.206873 -0.23741 0.287825 0.270685 0.918633 0.391208 
1535121180964 0.211834 0.917617 -0.336311 -0.607903 -0.933851 0.291524 0.207208 -0.23698 0.28818 0.270171 0.918673 0.39145 
1535121181064 0.212326 0.917513 -0.336285 -0.607529 -0.933705 0.29201 0.207185 -0.236934 0.288293 0.27 0.918688 0.391517 
1535121181259 0.212412 0.917522 -0.336206 -0.607439 -0.933668 0.292088 0.207239 -0.236867 0.288348 0.269885 0.918704 0.391558 
1535121181322 0.212224 0.91767 -0.33592 -0.607007 -0.933709 0.29185 0.207392 -0.236749 0.288356 0.269638 0.918774 0.39168 
1535121181557 0.212224 0.91767 -0.33592 -0.607007 -0.933709 0.29185 0.207392 -0.236749 0.288356 0.269638 0.918774 0.39168 
1535121181640 0.212224 0.91767 -0.33592 -0.607007 -0.933709 0.29185 0.207392 -0.236749 0.288356 0.269638 0.918774 0.39168 
1535121181751 0.211748 0.918285 -0.334538 -0.605047 -0.933263 0.291608 0.209728 -0.235942 0.290144 0.267803 0.918748 0.392415 
1535121182036 0.211736 0.918418 -0.334179 -0.604011 -0.933023 0.291738 0.210612 -0.235683 0.290923 0.267203 0.918677 0.392608 
1535121182261 0.211748 0.918372 -0.334299 -0.603936 -0.933032 0.291765 0.210534 -0.235624 0.290886 0.267331 0.918651 0.392613 
1535121182459 0.211584 0.918563 -0.333877 -0.603446 -0.9332 0.291395 0.210302 -0.235278 0.290466 0.267078 0.918858 0.392746 
1535121182683 0.211263 0.918821 -0.333369 -0.602647 -0.933416 0.290848 0.2101 -0.234889 0.290005 0.266785 0.919088 0.393076 
1535121182722 0.211263 0.918821 -0.333369 -0.602647 -0.933416 0.290848 0.2101 -0.234889 0.290005 0.266785 0.919088 0.393076 
1535121182860 0.211032 0.919027 -0.332949 -0.602 -0.933591 0.290424 0.20991 -0.234493 0.289609 0.26654 0.919284 0.393248 
1535121183101 0.211649 0.919234 -0.331986 -0.601972 -0.933739 0.290514 0.209123 -0.23447 0.288679 0.265727 0.919812 0.393101 
1535121183615 0.213188 0.919786 -0.32946 -0.601528 -0.934174 0.290659 0.206972 -0.234252 0.28613 0.263649 0.921205 0.392845 
1535121183645 0.213188 0.919786 -0.32946 -0.601528 -0.934174 0.290659 0.206972 -0.234252 0.28613 0.263649 0.921205 0.392845 
1535121183917 0.213741 0.9201 -0.328224 -0.601348 -0.93441 0.290563 0.206035 -0.234038 0.284942 0.262658 0.921856 0.392746 
1535121184163 0.215104 0.920384 -0.326533 -0.60168 -0.93483 0.290786 0.203805 -0.234154 0.28253 0.261414 0.922951 0.392466 
1535121184461 0.216475 0.920893 -0.324182 -0.601792 -0.935381 0.290749 0.201313 -0.233998 0.279643 0.259655 0.924326 0.392181 
1535121184725 0.216832 0.921097 -0.323364 -0.601881 -0.935591 0.290634 0.200503 -0.233875 0.278663 0.259061 0.924789 0.392097 
1535121184767 0.217437 0.92126 -0.322493 -0.601951 -0.935819 0.29067 0.199386 -0.233808 0.277425 0.258441 0.925334 0.391944 
1535121184970 0.217437 0.92126 -0.322493 -0.601951 -0.935819 0.29067 0.199386 -0.233808 0.277425 0.258441 0.925334 0.391944 
1535121185151 0.217437 0.92126 -0.322493 -0.601951 -0.935819 0.29067 0.199386 -0.233808 0.277425 0.258441 0.925334 0.391944 
1535121185232 0.217437 0.92126 -0.322493 -0.601951 -0.935819 0.29067 0.199386 -0.233808 0.277425 0.258441 0.925334 0.391944 
1535121185348 0.217437 0.92126 -0.322493 -0.601951 -0.935819 0.29067 0.199386 -0.233808 0.277425 0.258441 0.925334 0.391944 
1535121185417 0.217437 0.92126 -0.322493 -0.601951 -0.935819 0.29067 0.199386 -0.233808 0.277425 0.258441 0.925334 0.391944 
1535121185560 0.217437 0.92126 -0.322493 -0.601951 -0.935819 0.29067 0.199386 -0.233808 0.277425 0.258441 0.925334 0.391944 
1535121185627 0.217437 0.92126 -0.322493 -0.601951 -0.935819 0.29067 0.199386 -0.233808 0.277425 0.258441 0.925334 0.391944 
