1533578769282 -0.33155 0.940257 -0.0774007 -0.535812 -0.915403 -0.300763 0.267543 -0.300701 0.22828 0.159557 0.960432 0.333517 
1533578771831 -0.33155 0.940257 -0.0774022 -0.535812 -0.915403 -0.300762 0.267543 -0.300701 0.22828 0.159558 0.960432 0.333516 
1533578772674 -0.282412 0.953666 -0.103749 -0.543422 -0.932332 -0.247404 0.263721 -0.295842 0.225833 0.171206 0.959003 0.338052 
1533578773518 -0.231886 0.963999 -0.130133 -0.551329 -0.946632 -0.192845 0.258259 -0.290689 0.223866 0.183074 0.957271 0.342863 
1533578774368 -0.180656 0.971062 -0.156211 -0.559237 -0.958049 -0.137809 0.251299 -0.285496 0.222499 0.195056 0.955221 0.347577 
1533578775230 -0.128789 0.974885 -0.181696 -0.567194 -0.966624 -0.0824903 0.242558 -0.280342 0.221477 0.20687 0.95297 0.352489 
1533578776090 -0.0766262 0.97544 -0.206505 -0.575062 -0.972154 -0.0270892 0.232772 -0.275142 0.221461 0.218591 0.950354 0.357359 
1533578777323 0.028322 0.966678 -0.254424 -0.590853 -0.974283 0.0836158 0.209241 -0.264776 0.223542 0.241955 0.944186 0.36694 
1533578778210 0.0805995 0.957471 -0.277042 -0.598777 -0.971045 0.138139 0.194909 -0.25953 0.22489 0.253311 0.940882 0.371785 
1533578779100 0.13276 0.944968 -0.299017 -0.606659 -0.964711 0.192412 0.179749 -0.254392 0.227391 0.264601 0.937166 0.376582 
1533578779114 0.13276 0.944968 -0.299017 -0.606659 -0.964711 0.192412 0.179749 -0.254392 0.227391 0.264601 0.937166 0.376582 
1533578779409 0.137296 0.94377 -0.300744 -0.607368 -0.964073 0.197026 0.17817 -0.253938 0.227406 0.265477 0.936914 0.377021 
1533578779707 0.142588 0.942311 -0.30285 -0.608118 -0.963176 0.202567 0.176799 -0.253421 0.227947 0.266489 0.936495 0.37755 
1533578780001 0.147982 0.940728 -0.305177 -0.608933 -0.96232 0.208143 0.174979 -0.253004 0.228128 0.267784 0.936082 0.378015 
1533578780298 0.153189 0.939199 -0.307308 -0.609736 -0.96145 0.213515 0.173277 -0.252458 0.228356 0.268918 0.935701 0.378553 
1533578780595 0.158405 0.937689 -0.30927 -0.610518 -0.960536 0.218877 0.171647 -0.251889 0.228643 0.269875 0.935355 0.379043 
1533578780895 0.163666 0.936043 -0.311507 -0.61137 -0.959611 0.224299 0.169812 -0.25138 0.228822 0.271133 0.934948 0.379537 
1533578781194 0.16902 0.934399 -0.313578 -0.612161 -0.958604 0.229817 0.168114 -0.250915 0.229151 0.272183 0.934562 0.380057 
1533578781499 0.174023 0.932728 -0.315808 -0.613041 -0.957697 0.234948 0.166182 -0.250278 0.229202 0.273529 0.934157 0.380528 
1533578781796 0.179163 0.93108 -0.31779 -0.61385 -0.956717 0.240184 0.164327 -0.249735 0.22933 0.274594 0.933813 0.381033 
1533578781810 0.17936 0.930987 -0.31795 -0.613889 -0.956674 0.240406 0.164256 -0.249732 0.229357 0.274714 0.933771 0.38106 
1533578781827 0.17955 0.93088 -0.318158 -0.613936 -0.956628 0.240634 0.164192 -0.249723 0.229402 0.274878 0.933711 0.381081 
1533578781937 0.179851 0.930889 -0.317961 -0.613999 -0.956517 0.240947 0.164375 -0.249618 0.229627 0.274573 0.933746 0.381051 
1533578781953 0.179947 0.930984 -0.317628 -0.613961 -0.956472 0.241012 0.164544 -0.249613 0.22974 0.274193 0.93383 0.381031 
1533578781974 0.18009 0.931057 -0.317333 -0.613935 -0.956414 0.241131 0.164706 -0.249628 0.229869 0.27384 0.933901 0.381 
1533578782076 0.181061 0.931005 -0.316934 -0.613999 -0.956085 0.242149 0.16512 -0.249797 0.230472 0.273119 0.933964 0.380886 
1533578782094 0.181633 0.930976 -0.316691 -0.614035 -0.955902 0.242734 0.165322 -0.24981 0.230783 0.272698 0.93401 0.380858 
1533578782117 0.182091 0.930946 -0.316517 -0.614082 -0.95575 0.243212 0.165498 -0.249821 0.23105 0.272376 0.934038 0.380822 
1533578782164 0.182534 0.930913 -0.316358 -0.614157 -0.955572 0.243711 0.165794 -0.249763 0.231439 0.27204 0.93404 0.380787 
1533578782178 0.182638 0.930922 -0.316272 -0.614173 -0.955531 0.243819 0.165871 -0.249736 0.231526 0.271913 0.934055 0.380783 
1533578782194 0.182804 0.930934 -0.316139 -0.614192 -0.955471 0.243985 0.165971 -0.249707 0.231642 0.271721 0.934082 0.380778 
1533578782211 0.182988 0.930946 -0.315997 -0.614212 -0.955405 0.244169 0.166079 -0.249681 0.231767 0.271515 0.934111 0.380768 
1533578782307 0.183911 0.930912 -0.315562 -0.614301 -0.955102 0.245109 0.166439 -0.249763 0.232287 0.270784 0.934194 0.380689 
1533578782378 0.18365 0.931189 -0.314898 -0.614231 -0.955165 0.24473 0.166637 -0.24981 0.232235 0.270176 0.934383 0.380693 
1533578782440 0.183979 0.931327 -0.314296 -0.614186 -0.955081 0.244956 0.166782 -0.249899 0.232317 0.269494 0.93456 0.380679 
1533578782510 0.184337 0.931425 -0.313795 -0.614214 -0.954979 0.245242 0.166946 -0.249952 0.232453 0.268893 0.934699 0.380641 
1533578782574 0.18463 0.931556 -0.313232 -0.614275 -0.954883 0.245463 0.167169 -0.249904 0.232614 0.268236 0.934848 0.380607 
1533578782635 0.184982 0.931706 -0.31258 -0.614293 -0.954759 0.245744 0.16747 -0.249904 0.232847 0.26746 0.935012 0.380613 
1533578782697 0.185397 0.931794 -0.312069 -0.614313 -0.954627 0.246103 0.167694 -0.24997 0.233058 0.266819 0.935143 0.380606 
1533578782711 0.185483 0.931803 -0.311992 -0.614319 -0.954597 0.246185 0.167744 -0.249987 0.233112 0.266713 0.935159 0.380603 
1533578782727 0.185596 0.931818 -0.311882 -0.614323 -0.954559 0.24629 0.167804 -0.250003 0.233176 0.266566 0.935185 0.3806 
1533578782744 0.185734 0.931842 -0.311727 -0.614324 -0.954509 0.24642 0.167901 -0.250012 0.233273 0.266361 0.93522 0.380597 
1533578782761 0.185859 0.931875 -0.311553 -0.614324 -0.954461 0.246533 0.168005 -0.250016 0.233368 0.26614 0.935259 0.380597 
1533578782777 0.185953 0.931906 -0.311405 -0.614327 -0.95442 0.246622 0.16811 -0.250008 0.233462 0.265951 0.935289 0.380598 
1533578782840 0.186147 0.931973 -0.311088 -0.614342 -0.954458 0.246661 0.167836 -0.249983 0.233152 0.265678 0.935444 0.380671 
1533578782859 0.186356 0.931979 -0.310945 -0.614327 -0.954515 0.246721 0.167423 -0.249992 0.232751 0.265601 0.935566 0.380707 
1533578782885 0.186722 0.931969 -0.310756 -0.614311 -0.954598 0.246856 0.166749 -0.250023 0.232117 0.265511 0.935749 0.380721 
1533578782919 0.186925 0.932047 -0.310398 -0.614304 -0.95474 0.246776 0.16605 -0.250003 0.231365 0.265311 0.935992 0.380682 
1533578782948 0.187016 0.932149 -0.310039 -0.61431 -0.954834 0.24667 0.16567 -0.249922 0.230906 0.265052 0.936178 0.380648 
1533578782961 0.187038 0.932187 -0.30991 -0.614315 -0.954865 0.246628 0.165553 -0.249887 0.230759 0.264957 0.936241 0.380641 
1533578782978 0.187076 0.932244 -0.309715 -0.614324 -0.954913 0.246565 0.165369 -0.24983 0.230529 0.264814 0.936339 0.380628 
1533578782994 0.187141 0.932299 -0.309511 -0.614335 -0.954955 0.246527 0.165181 -0.249772 0.2303 0.264657 0.936439 0.380626 
1533578783112 0.187544 0.932213 -0.309525 -0.614287 -0.954882 0.246904 0.165043 -0.249844 0.230278 0.264607 0.936459 0.380702 
1533578783126 0.18755 0.93214 -0.309741 -0.614275 -0.954847 0.246987 0.165122 -0.249883 0.230419 0.264786 0.936373 0.380709 
1533578783142 0.187507 0.932048 -0.310044 -0.614236 -0.954803 0.247061 0.165267 -0.249941 0.230636 0.265042 0.936248 0.380732 
1533578783159 0.187372 0.932019 -0.310213 -0.614199 -0.954804 0.246991 0.165363 -0.249981 0.230741 0.265208 0.936175 0.380748 
1533578783176 0.187258 0.93201 -0.310308 -0.614169 -0.954809 0.24692 0.165438 -0.250002 0.230811 0.265305 0.93613 0.380762 
1533578783204 0.187043 0.932012 -0.310434 -0.614136 -0.954827 0.246768 0.165562 -0.249978 0.230911 0.265443 0.936066 0.380788 
1533578783236 0.186858 0.932005 -0.310565 -0.614107 -0.954861 0.246619 0.16559 -0.249923 0.230922 0.265605 0.936018 0.380822 
1533578783249 0.186759 0.932003 -0.310632 -0.614085 -0.954887 0.246529 0.165571 -0.249898 0.230892 0.265697 0.935999 0.38085 
1533578783266 0.186739 0.931982 -0.310706 -0.614062 -0.954893 0.246521 0.165548 -0.249883 0.230883 0.265777 0.935978 0.380882 
1533578783422 0.18632 0.93192 -0.311142 -0.613933 -0.954986 0.24619 0.165507 -0.250225 0.23084 0.266299 0.935841 0.380958 
1533578783456 0.185968 0.93197 -0.311204 -0.613938 -0.955016 0.245913 0.165746 -0.250312 0.230999 0.266381 0.935778 0.380871 
1533578783541 0.185737 0.931962 -0.311367 -0.613904 -0.954965 0.245834 0.166155 -0.250471 0.231394 0.266483 0.935651 0.380811 
1533578783582 0.18521 0.931955 -0.311699 -0.613909 -0.955032 0.245435 0.166358 -0.250527 0.231541 0.266872 0.935504 0.380811 
1533578783647 0.184781 0.931935 -0.312014 -0.613879 -0.955067 0.245142 0.166589 -0.250629 0.231738 0.267212 0.935358 0.380839 
1533578783693 0.184381 0.931977 -0.312125 -0.613826 -0.95514 0.244789 0.166691 -0.250758 0.231757 0.267388 0.935303 0.38087 
1533578783764 0.184037 0.931977 -0.312328 -0.613765 -0.955156 0.244558 0.166935 -0.250914 0.231962 0.2676 0.935192 0.380908 
1533578783779 0.183868 0.931991 -0.312388 -0.613752 -0.955185 0.244413 0.166983 -0.250947 0.231978 0.267685 0.935164 0.380912 
1533578783795 0.183726 0.931997 -0.312454 -0.613733 -0.955208 0.244297 0.167023 -0.250994 0.231997 0.267772 0.935134 0.380915 
1533578783811 0.183622 0.931993 -0.312526 -0.613712 -0.955222 0.244218 0.167059 -0.251052 0.232022 0.267856 0.935104 0.380918 
1533578783984 0.182579 0.932083 -0.312868 -0.613618 -0.955302 0.243432 0.167743 -0.251273 0.232513 0.268257 0.934867 0.38094 
1533578784028 0.182153 0.932109 -0.31304 -0.613539 -0.955362 0.243086 0.167904 -0.251462 0.232601 0.268482 0.93478 0.380918 
1533578784124 0.181859 0.932061 -0.313352 -0.613417 -0.955355 0.242938 0.168158 -0.251762 0.232859 0.268782 0.93463 0.380866 
1533578784181 0.181236 0.932116 -0.313548 -0.613409 -0.955417 0.242451 0.168512 -0.251813 0.233093 0.269028 0.934501 0.38093 
1533578784270 0.180831 0.932113 -0.313791 -0.613328 -0.955406 0.242214 0.168915 -0.252025 0.233453 0.269253 0.934346 0.380987 
1533578784336 0.180325 0.932121 -0.314061 -0.613257 -0.955465 0.241827 0.169134 -0.252189 0.233602 0.269575 0.934216 0.38089 
1533578784349 0.180258 0.932118 -0.314106 -0.61325 -0.955464 0.241788 0.169197 -0.252203 0.233658 0.269618 0.93419 0.380872 
1533578784366 0.180155 0.93212 -0.31416 -0.613242 -0.955468 0.241719 0.169273 -0.252218 0.233721 0.269675 0.934157 0.380851 
1533578784383 0.180018 0.932135 -0.314194 -0.61323 -0.955486 0.241605 0.169333 -0.252243 0.233752 0.269725 0.934135 0.380843 
1533578784399 0.179898 0.932156 -0.314201 -0.613215 -0.955509 0.241493 0.169364 -0.252274 0.233751 0.269754 0.934127 0.380849 
1533578784416 0.179787 0.932175 -0.314207 -0.613199 -0.955533 0.241386 0.169383 -0.25231 0.23374 0.269783 0.934122 0.380856 
1533578784433 0.179754 0.932178 -0.314216 -0.613179 -0.955539 0.241356 0.169389 -0.252354 0.233739 0.269798 0.934117 0.380862 
1533578784482 0.179952 0.93211 -0.314307 -0.613113 -0.955488 0.241575 0.169363 -0.252491 0.233794 0.269839 0.934092 0.380865 
1533578784511 0.180005 0.932071 -0.314391 -0.613022 -0.955466 0.241655 0.169377 -0.252567 0.233845 0.269901 0.934061 0.380877 
1533578784536 0.180007 0.932054 -0.314441 -0.612928 -0.955467 0.241663 0.169356 -0.252626 0.233838 0.269953 0.934048 0.380879 
1533578784564 0.179852 0.932059 -0.314516 -0.612841 -0.955508 0.241517 0.169333 -0.252671 0.233789 0.270067 0.934027 0.38086 
1533578784578 0.17975 0.932067 -0.314549 -0.612807 -0.955535 0.241418 0.169322 -0.252688 0.233757 0.270127 0.934018 0.380848 
1533578784594 0.179666 0.932063 -0.314609 -0.612766 -0.955557 0.241342 0.169306 -0.252725 0.233732 0.270208 0.934 0.38083 
1533578784611 0.179621 0.932043 -0.314693 -0.612727 -0.955568 0.241313 0.169289 -0.252784 0.233724 0.270303 0.933975 0.38081 
1533578784631 0.179583 0.932014 -0.314802 -0.612678 -0.955576 0.241295 0.169267 -0.25287 0.233719 0.27042 0.933942 0.38079 
1533578784748 0.179895 0.93217 -0.31416 -0.612361 -0.955462 0.241537 0.169567 -0.25308 0.233947 0.269663 0.934104 0.380713 
1533578784780 0.179994 0.93222 -0.313954 -0.612206 -0.955367 0.24168 0.169893 -0.253129 0.234254 0.269362 0.934114 0.380618 
1533578784817 0.179997 0.932256 -0.313848 -0.612052 -0.955323 0.241714 0.170093 -0.253181 0.234432 0.26921 0.934113 0.380481 
1533578784861 0.179902 0.932307 -0.313749 -0.611895 -0.955333 0.241615 0.170178 -0.253217 0.234464 0.26912 0.934131 0.380372 
1533578784875 0.179893 0.932314 -0.313733 -0.611856 -0.955332 0.241607 0.170195 -0.25324 0.234475 0.269102 0.934134 0.380346 
1533578784891 0.179888 0.932318 -0.313724 -0.611794 -0.955328 0.241607 0.17022 -0.253283 0.234497 0.269089 0.934132 0.380298 
1533578784908 0.179888 0.932327 -0.313698 -0.611719 -0.955316 0.241616 0.170276 -0.253333 0.234547 0.26905 0.93413 0.380254 
1533578784938 0.179937 0.93234 -0.313631 -0.611588 -0.955276 0.241684 0.1704 -0.253438 0.23467 0.268943 0.93413 0.380226 
1533578785057 0.179041 0.932529 -0.313583 -0.611385 -0.955215 0.241093 0.171578 -0.253377 0.235604 0.26882 0.933931 0.380272 
1533578785110 0.178642 0.932585 -0.313643 -0.611178 -0.955086 0.24096 0.172478 -0.253388 0.236426 0.268745 0.933745 0.38032 
1533578785181 0.178586 0.932511 -0.313894 -0.611029 -0.954947 0.241123 0.173018 -0.25357 0.237028 0.268854 0.933561 0.380258 
1533578785224 0.178555 0.932484 -0.313994 -0.610851 -0.954872 0.241204 0.173322 -0.253735 0.237356 0.268876 0.933471 0.380219 
1533578785284 0.178283 0.932555 -0.313938 -0.610647 -0.9548 0.241077 0.173895 -0.2538 0.23785 0.268745 0.933383 0.380221 
1533578785354 0.177683 0.932747 -0.313708 -0.610392 -0.954757 0.240643 0.174731 -0.253756 0.238471 0.268468 0.933304 0.380188 
1533578785367 0.177663 0.93275 -0.313708 -0.610347 -0.954736 0.240652 0.174833 -0.25378 0.23857 0.268447 0.933285 0.380176 
1533578785384 0.177675 0.932738 -0.313738 -0.610261 -0.954683 0.240725 0.175019 -0.253855 0.238772 0.268424 0.93324 0.380151 
1533578785401 0.177699 0.932726 -0.313761 -0.610193 -0.954642 0.240793 0.175147 -0.253921 0.238916 0.268406 0.933208 0.380135 
1533578785417 0.177766 0.932706 -0.313781 -0.610124 -0.954595 0.2409 0.175261 -0.254 0.239057 0.268378 0.93318 0.38012 
1533578785487 0.177438 0.932815 -0.313643 -0.610108 -0.95463 0.240593 0.17549 -0.253862 0.23916 0.268275 0.933183 0.380132 
1533578785576 0.176677 0.933037 -0.313411 -0.609917 -0.954873 0.239717 0.175364 -0.253785 0.238751 0.268285 0.933285 0.380185 
1533578785601 0.176573 0.933078 -0.313349 -0.609762 -0.954889 0.239611 0.175422 -0.25387 0.238765 0.268239 0.933295 0.380171 
1533578785638 0.176469 0.933128 -0.313259 -0.609596 -0.954848 0.239565 0.175712 -0.253925 0.239008 0.268107 0.933271 0.380118 
1533578785681 0.176515 0.933103 -0.313305 -0.609463 -0.954802 0.239659 0.175834 -0.254087 0.239158 0.268107 0.933232 0.380054 
1533578785729 0.176231 0.933155 -0.313313 -0.609285 -0.954843 0.239405 0.175956 -0.254191 0.239203 0.268155 0.933207 0.38001 
1533578785743 0.176096 0.933191 -0.313282 -0.609224 -0.954865 0.239275 0.176012 -0.2542 0.239214 0.268147 0.933206 0.380007 
1533578785759 0.175945 0.933234 -0.313238 -0.609139 -0.954886 0.239132 0.176092 -0.254214 0.23924 0.268124 0.933206 0.380003 
1533578785779 0.175811 0.93327 -0.313206 -0.609069 -0.954902 0.239009 0.176171 -0.254224 0.239274 0.268109 0.933202 0.379996 
1533578785914 0.175519 0.933337 -0.313169 -0.608922 -0.954956 0.238727 0.176263 -0.254177 0.239274 0.268125 0.933197 0.379931 
1533578786001 0.175198 0.933273 -0.313539 -0.608659 -0.95501 0.238499 0.176277 -0.254182 0.239293 0.26855 0.93307 0.379904 
1533578786069 0.17506 0.933254 -0.313673 -0.608434 -0.955052 0.238377 0.176216 -0.254324 0.239227 0.268726 0.933036 0.379799 
1533578786104 0.174757 0.933334 -0.313605 -0.608284 -0.95512 0.238064 0.17627 -0.254293 0.239177 0.268726 0.933049 0.37979 
1533578786144 0.174449 0.933409 -0.313554 -0.608149 -0.955187 0.237752 0.176328 -0.254251 0.239134 0.268742 0.933055 0.379776 
1533578786158 0.174407 0.933412 -0.313567 -0.608129 -0.955196 0.237713 0.17633 -0.254256 0.239128 0.268765 0.933051 0.379766 
1533578786174 0.174348 0.933411 -0.313604 -0.608091 -0.955209 0.237662 0.176329 -0.254276 0.239119 0.268815 0.933038 0.379747 
1533578786191 0.174271 0.933396 -0.313691 -0.608044 -0.955222 0.237607 0.176332 -0.254305 0.239123 0.268916 0.933008 0.379725 
1533578786208 0.174227 0.933383 -0.313753 -0.608002 -0.95523 0.237578 0.176332 -0.254332 0.239126 0.268984 0.932988 0.379711 
1533578786224 0.174179 0.933378 -0.313795 -0.607948 -0.95524 0.237539 0.17633 -0.254356 0.239121 0.269037 0.932974 0.379701 
1533578786257 0.174136 0.933389 -0.313785 -0.607873 -0.955259 0.237484 0.176298 -0.25437 0.239073 0.269046 0.932983 0.37969 
1533578786316 0.173986 0.933536 -0.313431 -0.607778 -0.955392 0.237157 0.176019 -0.254289 0.238653 0.268825 0.933155 0.379694 
1533578786354 0.173805 0.933721 -0.312981 -0.607673 -0.955551 0.23676 0.175693 -0.254198 0.238149 0.268533 0.933367 0.379688 
1533578786381 0.173706 0.933802 -0.312794 -0.607575 -0.955631 0.236561 0.175523 -0.25417 0.237898 0.268427 0.933462 0.379701 
1533578786414 0.173658 0.933852 -0.31267 -0.607455 -0.95571 0.236413 0.175291 -0.254185 0.237615 0.268382 0.933547 0.379682 
1533578786428 0.173641 0.933864 -0.312646 -0.607416 -0.955737 0.236366 0.17521 -0.254192 0.237521 0.268384 0.933571 0.379667 
1533578786444 0.173619 0.933877 -0.312618 -0.607367 -0.95577 0.236307 0.175109 -0.254201 0.237404 0.268389 0.933599 0.379646 
1533578786461 0.173594 0.933893 -0.312585 -0.607318 -0.955802 0.236246 0.175015 -0.25421 0.237293 0.268388 0.933628 0.379629 
1533578786478 0.173578 0.933908 -0.312548 -0.607268 -0.955832 0.236193 0.174921 -0.254223 0.237182 0.268381 0.933657 0.379612 
1533578786494 0.173582 0.933916 -0.312521 -0.607205 -0.955865 0.236154 0.174797 -0.254255 0.237049 0.268386 0.93369 0.379587 
1533578786558 0.173464 0.933972 -0.312422 -0.607116 -0.955914 0.235993 0.174746 -0.25423 0.236937 0.268336 0.933732 0.379615 
1533578786617 0.173158 0.934025 -0.31243 -0.607064 -0.955958 0.235719 0.174873 -0.254104 0.236982 0.26839 0.933706 0.3797 
1533578786648 0.172982 0.934026 -0.312525 -0.606985 -0.955984 0.235578 0.174924 -0.254064 0.237008 0.26851 0.933665 0.379735 
1533578786683 0.172889 0.934041 -0.312534 -0.606866 -0.956021 0.235469 0.174867 -0.254079 0.236925 0.268556 0.933672 0.379757 
1533578786726 0.172805 0.934054 -0.31254 -0.606738 -0.956086 0.235334 0.174692 -0.254109 0.236724 0.268627 0.933703 0.379699 
1533578786740 0.172786 0.934058 -0.31254 -0.606718 -0.9561 0.235304 0.174657 -0.25411 0.236681 0.268641 0.93371 0.379686 
1533578786756 0.172702 0.934078 -0.312527 -0.606653 -0.95615 0.235183 0.174543 -0.254103 0.236538 0.268679 0.933735 0.379648 
1533578786773 0.172638 0.934095 -0.31251 -0.606612 -0.956184 0.235094 0.174479 -0.254092 0.236449 0.268696 0.933753 0.379628 
1533578786790 0.172552 0.93412 -0.312482 -0.606557 -0.956227 0.234977 0.174401 -0.254075 0.236337 0.268711 0.933777 0.379605 
1533578786806 0.172498 0.934138 -0.31246 -0.606519 -0.956254 0.234902 0.174354 -0.254066 0.236268 0.268716 0.933793 0.379595 
1533578786823 0.17246 0.934154 -0.312431 -0.606484 -0.956269 0.234851 0.174338 -0.254061 0.236233 0.268702 0.933806 0.379601 
1533578786939 0.172484 0.934043 -0.31275 -0.606403 -0.956273 0.234924 0.174221 -0.25417 0.236202 0.269024 0.933721 0.379652 
1533578786966 0.172232 0.934124 -0.312647 -0.606314 -0.956336 0.234648 0.174248 -0.25408 0.236131 0.268985 0.93375 0.379706 
1533578786988 0.172078 0.934167 -0.312604 -0.606241 -0.956384 0.234471 0.174221 -0.254038 0.236048 0.26899 0.93377 0.379728 
1533578787023 0.171947 0.934186 -0.31262 -0.606151 -0.956455 0.234296 0.174068 -0.25403 0.235857 0.269077 0.933793 0.379696 
1533578787036 0.171928 0.934181 -0.312644 -0.606127 -0.956477 0.234262 0.173991 -0.254044 0.23578 0.269123 0.933799 0.379673 
1533578787053 0.171898 0.934181 -0.312662 -0.6061 -0.956503 0.234213 0.173913 -0.25405 0.235696 0.269167 0.933807 0.379652 
1533578787073 0.171793 0.934192 -0.312686 -0.606053 -0.956561 0.234074 0.173781 -0.254041 0.235537 0.269249 0.933824 0.379623 
1533578787093 0.171701 0.934203 -0.312703 -0.606004 -0.956615 0.233947 0.173656 -0.254045 0.235386 0.269319 0.933842 0.379603 
1533578787125 0.171657 0.934204 -0.312725 -0.605932 -0.956652 0.233877 0.173548 -0.254074 0.235268 0.269378 0.933855 0.379594 
1533578787170 0.171584 0.934216 -0.31273 -0.605844 -0.956631 0.233848 0.173701 -0.25411 0.235406 0.269363 0.933824 0.379627 
1533578787209 0.171375 0.93424 -0.312772 -0.605763 -0.956558 0.233785 0.174188 -0.25406 0.235855 0.269333 0.93372 0.379632 
1533578787233 0.171315 0.934243 -0.312795 -0.605676 -0.956509 0.233801 0.174437 -0.254079 0.236099 0.269307 0.933665 0.379637 
1533578787247 0.1713 0.934241 -0.312809 -0.60564 -0.956493 0.233811 0.17451 -0.254096 0.236172 0.269306 0.933647 0.379638 
1533578787263 0.171255 0.934228 -0.312873 -0.605561 -0.956472 0.233813 0.174623 -0.254135 0.236291 0.269349 0.933604 0.379632 
1533578787281 0.171235 0.934216 -0.312921 -0.605486 -0.95646 0.233821 0.174676 -0.254183 0.236352 0.269386 0.933578 0.379621 
1533578787297 0.171186 0.934212 -0.312959 -0.605402 -0.956466 0.233785 0.174692 -0.254229 0.236364 0.26943 0.933563 0.379609 
1533578787313 0.171111 0.934218 -0.312982 -0.605368 -0.956479 0.23372 0.174711 -0.254226 0.236368 0.269466 0.933552 0.379597 
1533578787330 0.170971 0.934243 -0.312984 -0.605346 -0.956503 0.233588 0.17475 -0.254186 0.236369 0.269493 0.933543 0.379586 
1533578787347 0.170875 0.934252 -0.313008 -0.605352 -0.956518 0.233505 0.17478 -0.254156 0.236378 0.269533 0.93353 0.379569 
1533578787363 0.170831 0.934253 -0.31303 -0.605369 -0.956527 0.233467 0.174784 -0.25415 0.236375 0.269563 0.933522 0.379558 
1533578787438 0.170575 0.934265 -0.313133 -0.605374 -0.956553 0.233268 0.174909 -0.254205 0.236455 0.269693 0.933464 0.379488 
1533578787461 0.170382 0.934284 -0.313182 -0.60529 -0.956544 0.233144 0.175122 -0.25421 0.23663 0.269735 0.933407 0.379439 
1533578787478 0.170281 0.934293 -0.31321 -0.605216 -0.956533 0.233086 0.175256 -0.254231 0.236745 0.269754 0.933373 0.379411 
1533578787494 0.170213 0.934295 -0.313242 -0.605152 -0.95652 0.233057 0.175368 -0.254257 0.236849 0.269772 0.933341 0.379384 
1533578787511 0.170127 0.934302 -0.313267 -0.605102 -0.956511 0.233008 0.175481 -0.254263 0.236946 0.26979 0.933311 0.379359 
1533578787528 0.170037 0.934312 -0.313286 -0.60506 -0.956507 0.23295 0.175579 -0.254259 0.237026 0.269805 0.933287 0.379338 
1533578787544 0.169979 0.93432 -0.313294 -0.605022 -0.956504 0.232913 0.175649 -0.254262 0.237083 0.26981 0.933271 0.379326 
1533578787586 0.170222 0.934293 -0.313244 -0.604984 -0.956488 0.233101 0.175483 -0.254409 0.23697 0.269743 0.933319 0.37935 
1533578787612 0.170288 0.934369 -0.312981 -0.605007 -0.956544 0.233036 0.175263 -0.254422 0.236696 0.269535 0.933448 0.379384 
1533578787626 0.170252 0.934444 -0.312775 -0.605022 -0.956604 0.232904 0.175115 -0.254388 0.236481 0.269388 0.933545 0.379382 
1533578787642 0.170202 0.934508 -0.31261 -0.605036 -0.956667 0.232763 0.174956 -0.25435 0.236262 0.269286 0.93363 0.379362 
1533578787661 0.170143 0.934581 -0.312426 -0.605037 -0.956756 0.232584 0.174706 -0.254316 0.235942 0.269191 0.933739 0.379301 
1533578787675 0.170124 0.93462 -0.312321 -0.605025 -0.956801 0.232499 0.174576 -0.254306 0.235776 0.269129 0.933798 0.379262 
1533578787692 0.170117 0.934667 -0.312183 -0.605005 -0.956842 0.232421 0.174451 -0.2543 0.235611 0.269033 0.933868 0.379224 
1533578787709 0.170089 0.934735 -0.311993 -0.604972 -0.956888 0.232312 0.174344 -0.254283 0.235445 0.268888 0.933951 0.379198 
1533578787725 0.170044 0.934805 -0.311809 -0.60493 -0.956934 0.232193 0.174255 -0.254261 0.235294 0.26875 0.934029 0.37918 
1533578787745 0.170015 0.934867 -0.31164 -0.604883 -0.956951 0.23212 0.174257 -0.254236 0.235245 0.268597 0.934085 0.379144 
1533578787762 0.170012 0.934887 -0.31158 -0.604854 -0.956958 0.232098 0.174247 -0.254235 0.235218 0.268545 0.934107 0.379111 
1533578787779 0.170013 0.934889 -0.311574 -0.604849 -0.956958 0.232098 0.174245 -0.254237 0.235216 0.268539 0.934109 0.379106 
1533578787795 0.170038 0.934885 -0.311573 -0.604816 -0.956942 0.232134 0.174284 -0.254257 0.235262 0.268522 0.934102 0.379096 
1533578787813 0.170062 0.934876 -0.311587 -0.604805 -0.95693 0.232169 0.174308 -0.25428 0.235297 0.268524 0.934093 0.379114 
1533578787829 0.170039 0.934868 -0.311622 -0.604793 -0.95692 0.23217 0.17436 -0.254298 0.235353 0.26855 0.934072 0.37913 
1533578787846 0.169954 0.934837 -0.311761 -0.604777 -0.956912 0.232143 0.174442 -0.254335 0.235448 0.268681 0.93401 0.379146 
1533578787862 0.169902 0.934813 -0.311862 -0.604736 -0.956904 0.232132 0.1745 -0.254396 0.235518 0.268774 0.933966 0.379166 
1533578787879 0.169849 0.934823 -0.31186 -0.604678 -0.95691 0.232085 0.174526 -0.254448 0.235529 0.268779 0.933962 0.379191 
1533578787895 0.169802 0.934856 -0.311788 -0.604586 -0.956923 0.232022 0.17454 -0.254508 0.235511 0.26872 0.933983 0.379228 
1533578787912 0.169813 0.934876 -0.311722 -0.604517 -0.956922 0.232019 0.174548 -0.254545 0.235506 0.268653 0.934003 0.379253 
1533578787929 0.16979 0.934901 -0.311659 -0.604483 -0.956929 0.231983 0.174561 -0.254535 0.235497 0.268597 0.934022 0.379268 
1533578787945 0.169799 0.934943 -0.311528 -0.604465 -0.956936 0.231956 0.174556 -0.254519 0.235461 0.268473 0.934067 0.379265 
1533578787962 0.169767 0.934994 -0.311391 -0.604465 -0.956944 0.231898 0.174589 -0.254473 0.235451 0.268345 0.934106 0.379241 
1533578788036 0.169444 0.935052 -0.311395 -0.604464 -0.956975 0.231624 0.174783 -0.254224 0.235558 0.268382 0.934068 0.378947 
1533578788049 0.169374 0.935063 -0.3114 -0.604408 -0.956981 0.231566 0.174825 -0.254211 0.235582 0.268393 0.934059 0.37891 
1533578788069 0.169318 0.935075 -0.311394 -0.604316 -0.956981 0.231523 0.174885 -0.254217 0.235626 0.268387 0.93405 0.378868 
1533578788086 0.169265 0.935083 -0.311398 -0.604239 -0.956976 0.231491 0.174955 -0.254241 0.235683 0.268387 0.934035 0.37883 
1533578788116 0.169082 0.93511 -0.311416 -0.604159 -0.956992 0.231339 0.175064 -0.254283 0.235747 0.268422 0.934009 0.378794 
1533578788181 0.169143 0.935064 -0.311521 -0.604127 -0.956874 0.23154 0.175447 -0.254449 0.236184 0.268411 0.933902 0.378845 
1533578788216 0.168931 0.935104 -0.311518 -0.604103 -0.956806 0.231459 0.175925 -0.254477 0.236612 0.268343 0.933813 0.37897 
1533578788247 0.168575 0.935073 -0.311803 -0.604093 -0.956762 0.231298 0.176375 -0.254514 0.237043 0.268589 0.933633 0.379055 
1533578788279 0.168338 0.93504 -0.31203 -0.604013 -0.956698 0.231236 0.1768 -0.254582 0.237468 0.268756 0.933477 0.379082 
1533578788302 0.168248 0.935028 -0.312115 -0.603926 -0.956645 0.231246 0.177074 -0.254663 0.237745 0.268791 0.933396 0.379095 
1533578788316 0.168213 0.935019 -0.31216 -0.603878 -0.956615 0.231263 0.177218 -0.254714 0.237893 0.268807 0.933354 0.379102 
1533578788332 0.168128 0.935017 -0.312211 -0.603827 -0.956586 0.231241 0.177398 -0.254761 0.238066 0.268832 0.933303 0.37911 
1533578788349 0.167966 0.935029 -0.312264 -0.603784 -0.956573 0.231146 0.177595 -0.254789 0.238235 0.268874 0.933248 0.379114 
1533578788469 0.167881 0.935029 -0.312308 -0.603679 -0.956621 0.231037 0.177479 -0.254838 0.238102 0.268965 0.933255 0.379121 
1533578788486 0.168161 0.934975 -0.31232 -0.603697 -0.956629 0.231239 0.177173 -0.254838 0.237873 0.26898 0.933309 0.379114 
1533578788503 0.168378 0.934931 -0.312333 -0.603721 -0.956641 0.231389 0.176911 -0.254818 0.23767 0.269003 0.933354 0.379103 
1533578788558 0.168397 0.934926 -0.31234 -0.603773 -0.956756 0.231274 0.17644 -0.254718 0.237194 0.269121 0.933441 0.379061 
1533578788588 0.168277 0.934971 -0.31227 -0.603743 -0.956807 0.231113 0.176371 -0.254633 0.237071 0.269103 0.933478 0.379103 
1533578788603 0.168185 0.934996 -0.312244 -0.603711 -0.956833 0.23101 0.176364 -0.254579 0.237031 0.269103 0.933488 0.379126 
1533578788618 0.168164 0.935002 -0.312238 -0.603685 -0.956842 0.230983 0.176352 -0.254549 0.237011 0.269106 0.933492 0.379139 
1533578788635 0.168196 0.934993 -0.312246 -0.603641 -0.956843 0.231008 0.176313 -0.25452 0.236983 0.269115 0.933497 0.379151 
1533578788652 0.168214 0.934986 -0.312259 -0.603614 -0.956848 0.231018 0.176274 -0.254514 0.236951 0.269133 0.9335 0.379156 
1533578788668 0.168234 0.934978 -0.312272 -0.603573 -0.956866 0.231014 0.176179 -0.254517 0.236862 0.269163 0.933514 0.379169 
1533578788685 0.168232 0.934985 -0.312252 -0.603537 -0.956887 0.230986 0.176107 -0.254513 0.236783 0.269163 0.933534 0.379186 
1533578788702 0.168207 0.934998 -0.312226 -0.603509 -0.956906 0.23094 0.176061 -0.254503 0.236722 0.269157 0.933551 0.379197 
1533578788718 0.168217 0.934997 -0.312223 -0.603495 -0.956914 0.230939 0.17602 -0.254508 0.236683 0.269161 0.93356 0.379195 
1533578788735 0.168285 0.934975 -0.312252 -0.603499 -0.956903 0.231007 0.175989 -0.254538 0.236678 0.269179 0.933556 0.379181 
1533578788752 0.168401 0.934937 -0.312305 -0.603513 -0.956884 0.231124 0.175937 -0.2546 0.236672 0.269212 0.933548 0.379153 
1533578788771 0.168527 0.934896 -0.312358 -0.603534 -0.956869 0.231245 0.175862 -0.254657 0.236643 0.269249 0.933544 0.379097 
1533578788785 0.168574 0.934879 -0.312384 -0.603541 -0.956856 0.231299 0.17586 -0.254668 0.236662 0.269261 0.933536 0.379051 
1533578788802 0.168588 0.934878 -0.312379 -0.60354 -0.956856 0.23131 0.175849 -0.25467 0.236654 0.269256 0.93354 0.379029 
1533578788818 0.168616 0.934944 -0.312169 -0.603506 -0.956892 0.23125 0.175732 -0.254665 0.236488 0.26908 0.933632 0.378936 
1533578788835 0.168578 0.934989 -0.312054 -0.603481 -0.956932 0.231154 0.175638 -0.254645 0.236352 0.269006 0.933688 0.378891 
1533578788891 0.168229 0.935094 -0.311928 -0.603398 -0.957081 0.230702 0.175423 -0.254442 0.235999 0.269029 0.933771 0.378804 
1533578788908 0.168111 0.935077 -0.31204 -0.603388 -0.957121 0.230589 0.175349 -0.254411 0.235918 0.269182 0.933747 0.378804 
1533578788921 0.168052 0.935032 -0.312206 -0.603387 -0.957123 0.230575 0.175359 -0.254405 0.235954 0.26935 0.93369 0.378817 
1533578788938 0.168047 0.934951 -0.312452 -0.603382 -0.9571 0.230643 0.175393 -0.254441 0.236049 0.269574 0.933601 0.378859 
1533578788970 0.16816 0.934861 -0.312662 -0.603344 -0.957021 0.230856 0.175543 -0.254548 0.236289 0.269705 0.933503 0.379002 
1533578789011 0.168193 0.934821 -0.312763 -0.60324 -0.956953 0.230978 0.175756 -0.254647 0.236541 0.269738 0.933429 0.379147 
1533578789025 0.168171 0.934817 -0.312787 -0.6032 -0.956949 0.23097 0.175786 -0.254659 0.236573 0.269759 0.933415 0.379166 
1533578789041 0.168133 0.934808 -0.312833 -0.603137 -0.956954 0.230945 0.175793 -0.254676 0.23658 0.26981 0.933398 0.379181 
1533578789058 0.168079 0.934791 -0.312914 -0.603074 -0.956962 0.230911 0.175793 -0.254689 0.236585 0.2699 0.933371 0.379187 
1533578789147 0.167807 0.93483 -0.312943 -0.603083 -0.957049 0.230616 0.17571 -0.254624 0.236429 0.270016 0.933377 0.379034 
1533578789160 0.167829 0.934906 -0.312704 -0.60309 -0.957045 0.230591 0.17576 -0.254629 0.236426 0.269775 0.933448 0.379004 
1533578789177 0.167873 0.934982 -0.312454 -0.603108 -0.957013 0.230613 0.175906 -0.254624 0.236525 0.269493 0.933504 0.378969 
1533578789194 0.167903 0.935024 -0.312312 -0.603133 -0.956977 0.23065 0.176057 -0.254614 0.236652 0.269315 0.933523 0.378946 
1533578789250 0.167971 0.935066 -0.31215 -0.603168 -0.956876 0.230785 0.176429 -0.254618 0.237012 0.269054 0.933507 0.378893 
1533578789279 0.167956 0.935145 -0.311922 -0.603125 -0.956859 0.23075 0.176565 -0.254633 0.23709 0.268811 0.933557 0.378867 
1533578789308 0.167934 0.935204 -0.311756 -0.60308 -0.956824 0.230742 0.176765 -0.254656 0.237246 0.268611 0.933575 0.378811 
1533578789321 0.167858 0.935232 -0.311714 -0.603065 -0.956815 0.230688 0.176885 -0.254658 0.237337 0.268561 0.933566 0.378777 
1533578789338 0.167786 0.935282 -0.311603 -0.603037 -0.956797 0.230634 0.177054 -0.254663 0.237462 0.268433 0.933571 0.37873 
1533578789356 0.167749 0.935325 -0.311493 -0.603014 -0.956777 0.230608 0.177196 -0.254667 0.237569 0.268305 0.933581 0.378695 
1533578789371 0.167709 0.935377 -0.311359 -0.602986 -0.956756 0.230576 0.17735 -0.254668 0.237681 0.268152 0.933597 0.378662 
1533578789388 0.167678 0.935416 -0.311256 -0.602964 -0.956739 0.230553 0.177472 -0.254669 0.237772 0.268032 0.933608 0.378637 
1533578789404 0.16768 0.935434 -0.311201 -0.602951 -0.956735 0.230548 0.177499 -0.254682 0.237786 0.267974 0.933621 0.378621 
1533578789421 0.167705 0.935436 -0.311183 -0.602953 -0.956741 0.230557 0.177454 -0.254688 0.237742 0.267962 0.933635 0.378624 
1533578789502 0.167989 0.935504 -0.310825 -0.602994 -0.956975 0.230436 0.176346 -0.254672 0.236598 0.267828 0.933965 0.378619 
1533578789515 0.168036 0.935561 -0.310626 -0.602986 -0.957019 0.230384 0.176175 -0.254649 0.236386 0.267672 0.934063 0.378576 
1533578789532 0.168058 0.935628 -0.310414 -0.602981 -0.957069 0.230303 0.176008 -0.254615 0.236168 0.267508 0.934165 0.378529 
1533578789549 0.168068 0.935693 -0.310211 -0.602977 -0.95712 0.230215 0.175846 -0.25458 0.235953 0.267356 0.934263 0.378477 
1533578789565 0.168075 0.935721 -0.310125 -0.602974 -0.957131 0.230192 0.175817 -0.254546 0.235904 0.26728 0.934297 0.378407 
1533578789582 0.168099 0.935717 -0.310123 -0.602975 -0.957117 0.230226 0.175852 -0.254531 0.235946 0.267264 0.934291 0.378359 
1533578789599 0.168137 0.935715 -0.310108 -0.602971 -0.957102 0.230267 0.175876 -0.254538 0.235978 0.267233 0.934292 0.378336 
1533578789619 0.168195 0.935719 -0.310067 -0.602957 -0.957093 0.230313 0.175868 -0.254566 0.235975 0.267183 0.934307 0.378338 
1533578789701 0.168091 0.935746 -0.310041 -0.602856 -0.957204 0.230106 0.175534 -0.254612 0.235597 0.267266 0.934378 0.378453 
1533578789715 0.168015 0.935711 -0.310185 -0.602827 -0.957225 0.230053 0.17549 -0.254609 0.235567 0.267432 0.934338 0.378484 
1533578789731 0.167942 0.935628 -0.310477 -0.602806 -0.957227 0.23005 0.17548 -0.254611 0.235609 0.267726 0.934243 0.378509 
1533578789747 0.167917 0.935551 -0.310723 -0.602784 -0.957216 0.23009 0.175488 -0.254623 0.235672 0.267962 0.93416 0.378525 
1533578789764 0.167938 0.93553 -0.310772 -0.602754 -0.957211 0.230121 0.175475 -0.254643 0.235678 0.268006 0.934146 0.378538 
1533578789781 0.167994 0.93552 -0.310775 -0.602723 -0.957207 0.230168 0.175438 -0.254669 0.235656 0.268004 0.934152 0.378553 
1533578789797 0.168016 0.935515 -0.310778 -0.602707 -0.957209 0.230182 0.175407 -0.254679 0.235631 0.268008 0.934157 0.378565 
1533578789815 0.168006 0.935515 -0.310781 -0.602696 -0.957216 0.230167 0.175387 -0.254675 0.235609 0.268019 0.93416 0.378573 
1533578789831 0.167981 0.935519 -0.310784 -0.602689 -0.957224 0.23014 0.17538 -0.254665 0.235595 0.268029 0.93416 0.378579 
1533578789896 0.167861 0.935529 -0.310818 -0.602616 -0.957244 0.230034 0.175407 -0.254649 0.235597 0.268085 0.934144 0.37861 
1533578789932 0.167625 0.935546 -0.310895 -0.602505 -0.957264 0.22985 0.175541 -0.254618 0.235686 0.268183 0.934093 0.378608 
1533578789957 0.167309 0.935539 -0.311085 -0.602417 -0.957302 0.229608 0.175649 -0.254626 0.235754 0.268414 0.934009 0.378589 
1533578789978 0.167142 0.935531 -0.311201 -0.602335 -0.957321 0.229484 0.17571 -0.254658 0.235797 0.268551 0.933959 0.378583 
1533578790009 0.167058 0.935486 -0.311381 -0.602232 -0.957319 0.229458 0.175755 -0.254743 0.235865 0.268729 0.933891 0.378572 
1533578790022 0.167064 0.93546 -0.311456 -0.602192 -0.95731 0.229486 0.175764 -0.254788 0.235895 0.268796 0.933864 0.378565 
1533578790039 0.167068 0.935429 -0.311546 -0.602137 -0.957301 0.229517 0.175775 -0.254846 0.235931 0.268877 0.933832 0.378557 
1533578790055 0.167078 0.935393 -0.311647 -0.602079 -0.957289 0.229557 0.175788 -0.254907 0.235971 0.268966 0.933796 0.378552 
1533578790072 0.167056 0.935382 -0.311692 -0.60204 -0.957287 0.229551 0.175805 -0.254931 0.235994 0.26901 0.933777 0.378551 
1533578790093 0.166936 0.93539 -0.311733 -0.601982 -0.957298 0.229457 0.175869 -0.254916 0.236035 0.269062 0.933752 0.378557 
1533578790187 0.166303 0.935377 -0.312111 -0.601893 -0.957328 0.229022 0.17627 -0.25477 0.236359 0.269478 0.93355 0.378544 
1533578790222 0.166155 0.935313 -0.312382 -0.601782 -0.957281 0.229017 0.176533 -0.254867 0.236654 0.269705 0.93341 0.378602 
1533578790266 0.166096 0.935239 -0.312635 -0.601644 -0.957153 0.229167 0.177034 -0.254987 0.237214 0.269835 0.93323 0.378638 
1533578790313 0.165917 0.935137 -0.313035 -0.60152 -0.957071 0.229203 0.17743 -0.25504 0.23767 0.270158 0.933021 0.378627 
1533578790343 0.165638 0.935082 -0.313345 -0.601444 -0.957072 0.229053 0.177616 -0.255015 0.237858 0.270474 0.932881 0.378594 
1533578790357 0.16554 0.935064 -0.313452 -0.601423 -0.957076 0.228996 0.177669 -0.255004 0.237911 0.270586 0.932835 0.378588 
1533578790374 0.165399 0.935042 -0.313592 -0.60139 -0.95708 0.228912 0.177754 -0.254984 0.237992 0.270732 0.932772 0.378585 
1533578790390 0.16521 0.935055 -0.313652 -0.601346 -0.957101 0.228759 0.177838 -0.254957 0.238039 0.270816 0.932736 0.37859 
1533578790486 0.164976 0.935083 -0.313693 -0.601184 -0.957138 0.22855 0.177908 -0.255049 0.238054 0.270897 0.932709 0.378587 
1533578790500 0.165082 0.935142 -0.313461 -0.601138 -0.957139 0.228585 0.17786 -0.255099 0.237976 0.270665 0.932796 0.378594 
1533578790516 0.165181 0.935199 -0.313239 -0.601099 -0.957132 0.228624 0.177847 -0.255138 0.237936 0.270434 0.932873 0.378593 
1533578790537 0.165284 0.935291 -0.312909 -0.601054 -0.957129 0.228641 0.177839 -0.255169 0.237875 0.270101 0.932985 0.378577 
1533578790553 0.165293 0.935307 -0.312857 -0.601046 -0.957131 0.228636 0.177836 -0.25517 0.237861 0.27005 0.933003 0.378545 
1533578790570 0.165278 0.935313 -0.312846 -0.601041 -0.957139 0.228614 0.177823 -0.255166 0.237841 0.270047 0.933009 0.378505 
1533578790587 0.165271 0.935323 -0.312821 -0.60103 -0.957143 0.228599 0.177819 -0.255167 0.237829 0.270026 0.933019 0.37847 
1533578790603 0.165256 0.93534 -0.312776 -0.601002 -0.957153 0.228567 0.177806 -0.255185 0.2378 0.269991 0.933036 0.378431 
1533578790620 0.165187 0.935379 -0.312696 -0.600944 -0.95718 0.22847 0.177785 -0.255216 0.237738 0.269938 0.933067 0.378411 
1533578790637 0.1651 0.93542 -0.312622 -0.600866 -0.957221 0.228345 0.177728 -0.255266 0.237636 0.269905 0.933103 0.378397 
1533578790699 0.165084 0.935494 -0.312406 -0.600673 -0.957241 0.228269 0.177714 -0.255399 0.237564 0.26971 0.933177 0.378406 
1533578790725 0.16512 0.935607 -0.312049 -0.600632 -0.957263 0.228204 0.177683 -0.255398 0.237453 0.269374 0.933303 0.378418 
1533578790739 0.165117 0.935675 -0.311847 -0.600618 -0.957277 0.228147 0.177676 -0.255383 0.237394 0.269187 0.933371 0.378421 
1533578790768 0.165059 0.935781 -0.31156 -0.600608 -0.957302 0.22802 0.177706 -0.255331 0.237336 0.268926 0.933462 0.378426 
1533578790809 0.16492 0.935898 -0.311283 -0.600589 -0.95735 0.22781 0.177719 -0.255284 0.23724 0.268698 0.933552 0.378403 
1533578790822 0.164834 0.935945 -0.311187 -0.60057 -0.957387 0.227686 0.17768 -0.255289 0.237151 0.268638 0.933591 0.378379 
1533578790839 0.164725 0.936008 -0.311055 -0.600538 -0.95744 0.227519 0.177606 -0.255309 0.237011 0.268561 0.933649 0.378337 
1533578790857 0.164677 0.936041 -0.310981 -0.600513 -0.957468 0.227437 0.177559 -0.255324 0.236931 0.268515 0.933683 0.378313 
1533578790873 0.164647 0.936108 -0.310795 -0.600427 -0.957514 0.227327 0.17745 -0.255373 0.236765 0.268374 0.933765 0.378259 
1533578790889 0.164664 0.936136 -0.3107 -0.600377 -0.957524 0.227311 0.17742 -0.255392 0.236715 0.268288 0.933803 0.378232 
1533578790907 0.164685 0.936145 -0.310661 -0.600339 -0.95753 0.227313 0.177386 -0.255411 0.236677 0.268255 0.933822 0.378203 
1533578790922 0.164691 0.936145 -0.31066 -0.600321 -0.957531 0.227315 0.177376 -0.255419 0.236667 0.268254 0.933825 0.378191 
1533578790969 0.164723 0.936146 -0.310639 -0.60025 -0.957495 0.227376 0.177492 -0.255428 0.236791 0.268198 0.933809 0.378232 
1533578790994 0.164746 0.936162 -0.31058 -0.600199 -0.957465 0.227416 0.177603 -0.255376 0.236896 0.26811 0.933808 0.378275 
1533578791012 0.164657 0.936203 -0.310503 -0.600151 -0.957469 0.22733 0.17769 -0.255308 0.236941 0.268039 0.933817 0.378302 
1533578791024 0.164595 0.936231 -0.310452 -0.600123 -0.957475 0.227267 0.177738 -0.255268 0.236959 0.267995 0.933825 0.378316 
1533578791041 0.164475 0.936285 -0.310351 -0.600067 -0.957491 0.227141 0.177816 -0.255199 0.23698 0.267912 0.933844 0.378338 
