1535135443287 0.224204 0.923536 -0.311148 -0.509911 -0.942782 0.286391 0.170712 -0.18852 0.246769 0.25507 0.934903 0.447479 
1535135447688 0.224205 0.923536 -0.311148 -0.509911 -0.942782 0.286391 0.170713 -0.18852 0.246769 0.25507 0.934903 0.447479 
1535135448460 0.227311 0.923875 -0.307872 -0.522141 -0.942694 0.288054 0.168385 -0.194267 0.244251 0.251953 0.936409 0.440207 
1535135449556 0.231707 0.925056 -0.300969 -0.54742 -0.942708 0.289866 0.165165 -0.205053 0.240028 0.245456 0.939222 0.425065 
1535135450366 0.233936 0.925614 -0.297512 -0.560018 -0.942646 0.290872 0.163745 -0.21047 0.238102 0.242142 0.940571 0.417526 
1535135451180 0.236321 0.926192 -0.293806 -0.572587 -0.942575 0.291958 0.162213 -0.215954 0.236019 0.2386 0.942001 0.410047 
1535135452004 0.238545 0.926669 -0.290483 -0.585225 -0.942534 0.292975 0.160607 -0.221389 0.233934 0.235478 0.943305 0.402444 
1535135452840 0.240601 0.927255 -0.286896 -0.59784 -0.942556 0.293772 0.159016 -0.226741 0.23173 0.232156 0.944672 0.394866 
1535135453684 0.24283 0.92774 -0.28343 -0.610472 -0.942449 0.294845 0.157657 -0.232125 0.229833 0.228835 0.945945 0.387327 
1535135454506 0.245348 0.928066 -0.280174 -0.621394 -0.942307 0.296197 0.155966 -0.236784 0.227733 0.225744 0.947194 0.380162 
1535135454533 0.244752 0.928314 -0.279874 -0.621513 -0.942436 0.295602 0.156315 -0.236597 0.227841 0.225505 0.947225 0.380113 
1535135454659 0.244416 0.928367 -0.279993 -0.621651 -0.942538 0.295285 0.156295 -0.236568 0.227777 0.225703 0.947194 0.380024 
1535135454800 0.244823 0.927701 -0.281838 -0.622049 -0.94248 0.295938 0.155412 -0.236973 0.227582 0.227578 0.946792 0.379713 
1535135454945 0.244045 0.92754 -0.28304 -0.622582 -0.942735 0.295341 0.155 -0.236975 0.227362 0.229005 0.946501 0.379378 
1535135455147 0.243358 0.926987 -0.285435 -0.623497 -0.943014 0.29498 0.153985 -0.237401 0.226939 0.231696 0.945947 0.378718 
1535135455289 0.242764 0.926757 -0.286683 -0.624014 -0.943219 0.294567 0.153522 -0.237464 0.226725 0.233135 0.945645 0.378352 
1535135455430 0.242233 0.926471 -0.288053 -0.624529 -0.943382 0.294258 0.15311 -0.237582 0.226614 0.234656 0.945295 0.378004 
1535135455683 0.241322 0.926103 -0.289993 -0.625328 -0.943691 0.293629 0.152408 -0.237719 0.226296 0.236885 0.944815 0.377444 
1535135455819 0.241324 0.925963 -0.290439 -0.625479 -0.943675 0.293721 0.152335 -0.237858 0.226365 0.237318 0.94469 0.377271 
1535135455851 0.24127 0.925858 -0.290819 -0.625625 -0.943703 0.293717 0.152168 -0.237908 0.226304 0.237734 0.9446 0.377165 
1535135456049 0.241237 0.925902 -0.290705 -0.625993 -0.943662 0.293719 0.152416 -0.238209 0.226508 0.237559 0.944595 0.376976 
1535135456264 0.241324 0.925863 -0.290757 -0.626716 -0.943477 0.293981 0.153058 -0.238686 0.227188 0.237386 0.944475 0.376818 
1535135456474 0.241222 0.925913 -0.290682 -0.627385 -0.943471 0.293905 0.153241 -0.239155 0.227321 0.237285 0.944469 0.376518 
1535135456688 0.241098 0.92591 -0.290797 -0.628109 -0.943383 0.293929 0.153731 -0.239566 0.227815 0.237269 0.944354 0.376257 
1535135456996 0.241045 0.925771 -0.291281 -0.629573 -0.943178 0.294188 0.154498 -0.240472 0.228721 0.237489 0.944079 0.375646 
1535135457217 0.240496 0.925961 -0.291132 -0.630344 -0.943203 0.293758 0.155161 -0.240671 0.229195 0.237281 0.944017 0.37536 
1535135457431 0.240423 0.925933 -0.291281 -0.631053 -0.943119 0.29382 0.155553 -0.24115 0.229616 0.237314 0.943906 0.375083 
1535135457644 0.240229 0.925928 -0.291457 -0.631763 -0.943078 0.293757 0.155917 -0.241642 0.229986 0.237411 0.943792 0.374741 
1535135457674 0.240185 0.925927 -0.291498 -0.631887 -0.943071 0.293741 0.155991 -0.24172 0.230062 0.237437 0.943767 0.374689 
1535135457691 0.240163 0.925953 -0.291431 -0.631918 -0.943062 0.293724 0.156078 -0.241707 0.230121 0.237354 0.943773 0.374689 
1535135457877 0.239982 0.926124 -0.291039 -0.632111 -0.943129 0.293463 0.156162 -0.242062 0.230034 0.237011 0.94388 0.374607 
1535135458024 0.239282 0.926563 -0.290216 -0.632422 -0.943288 0.292676 0.15668 -0.242118 0.230114 0.236267 0.944048 0.374719 
1535135458177 0.239122 0.926713 -0.28987 -0.632657 -0.943306 0.292488 0.156924 -0.242476 0.230207 0.235912 0.944114 0.374581 
1535135458330 0.238631 0.926997 -0.289363 -0.63295 -0.943406 0.291958 0.157304 -0.242649 0.230303 0.235449 0.944206 0.374597 
1535135458487 0.238442 0.927182 -0.288928 -0.633179 -0.943432 0.291727 0.157581 -0.242921 0.230394 0.23501 0.944293 0.374517 
1535135458710 0.238031 0.927517 -0.288189 -0.633687 -0.943555 0.291189 0.157837 -0.243518 0.230314 0.234352 0.944476 0.374377 
1535135458868 0.237142 0.92792 -0.287624 -0.634043 -0.943735 0.290288 0.158421 -0.243489 0.230496 0.233873 0.94455 0.374366 
1535135458891 0.237106 0.927945 -0.287575 -0.634087 -0.943757 0.290233 0.15839 -0.243582 0.230441 0.233846 0.94457 0.37433 
1535135458908 0.23712 0.927955 -0.287529 -0.634116 -0.943763 0.290228 0.158361 -0.243671 0.230401 0.233809 0.944589 0.374304 
1535135459063 0.236994 0.928189 -0.286879 -0.634207 -0.943777 0.290015 0.158671 -0.243757 0.230476 0.233145 0.944735 0.374336 
1535135459177 0.236771 0.928473 -0.286143 -0.634316 -0.943895 0.289614 0.158703 -0.243963 0.230222 0.232512 0.944953 0.374201 
1535135459287 0.236751 0.928635 -0.285632 -0.634462 -0.94394 0.289467 0.158702 -0.244201 0.230057 0.232047 0.945107 0.374052 
1535135459408 0.23636 0.928896 -0.285106 -0.634645 -0.944038 0.289003 0.158961 -0.244347 0.230055 0.231579 0.945223 0.373955 
1535135459520 0.236209 0.929195 -0.284255 -0.634777 -0.944106 0.288683 0.15914 -0.244439 0.229932 0.230776 0.945449 0.373888 
1535135459633 0.236107 0.929365 -0.283787 -0.634909 -0.944153 0.288484 0.159226 -0.244723 0.229847 0.230343 0.945575 0.373809 
1535135459740 0.236028 0.929604 -0.283067 -0.635011 -0.944199 0.288258 0.159358 -0.244971 0.229736 0.229659 0.945768 0.373753 
1535135459851 0.235668 0.929857 -0.282536 -0.635213 -0.944321 0.287792 0.15948 -0.245102 0.229605 0.22922 0.945907 0.373622 
1535135459871 0.235587 0.929919 -0.2824 -0.635226 -0.944354 0.287679 0.15949 -0.245129 0.229553 0.229112 0.945946 0.373613 
1535135459889 0.235534 0.929987 -0.282219 -0.635228 -0.944384 0.287579 0.159488 -0.245161 0.229482 0.228959 0.946 0.373607 
1535135460009 0.236058 0.92996 -0.28187 -0.635257 -0.944247 0.288026 0.159492 -0.245204 0.229507 0.228505 0.946104 0.3736 
1535135460027 0.2364 0.9299 -0.281783 -0.63524 -0.944175 0.288325 0.159379 -0.24517 0.229452 0.228375 0.946148 0.37361 
1535135460073 0.236679 0.929841 -0.281743 -0.635232 -0.944173 0.288517 0.159041 -0.245119 0.229171 0.228372 0.946217 0.373546 
1535135460146 0.23699 0.929828 -0.281524 -0.635256 -0.944207 0.288665 0.158572 -0.245014 0.228711 0.228237 0.946361 0.373447 
1535135460172 0.237367 0.929867 -0.281077 -0.635246 -0.944188 0.288875 0.158305 -0.244973 0.228398 0.227813 0.946539 0.373433 
1535135460215 0.23785 0.929871 -0.280656 -0.635278 -0.944161 0.28917 0.157924 -0.244961 0.228006 0.227422 0.946727 0.373382 
1535135460268 0.238598 0.9298 -0.280255 -0.63529 -0.94407 0.289721 0.157462 -0.245071 0.227604 0.22701 0.946923 0.373363 
1535135460314 0.23926 0.929795 -0.279708 -0.635254 -0.943998 0.290166 0.15707 -0.245162 0.227204 0.226464 0.94715 0.373369 
1535135460335 0.239515 0.929764 -0.27959 -0.635267 -0.943954 0.29037 0.15696 -0.245147 0.227121 0.226326 0.947203 0.373366 
1535135460351 0.239682 0.929751 -0.279491 -0.635282 -0.943927 0.290497 0.156886 -0.245123 0.227056 0.226217 0.947244 0.373364 
1535135460473 0.240134 0.929826 -0.278855 -0.635225 -0.94397 0.290666 0.156316 -0.244941 0.2264 0.225694 0.947526 0.373308 
1535135460566 0.240626 0.929761 -0.278647 -0.63494 -0.943952 0.290994 0.155808 -0.244971 0.225949 0.225538 0.947671 0.373368 
1535135460664 0.241344 0.929678 -0.278301 -0.634844 -0.94388 0.291513 0.155274 -0.244881 0.225484 0.225208 0.94786 0.373401 
1535135460755 0.241949 0.929787 -0.27741 -0.634649 -0.9439 0.291769 0.154671 -0.244719 0.224751 0.224425 0.94822 0.373457 
1535135460841 0.242659 0.929749 -0.276916 -0.634517 -0.943861 0.292224 0.15405 -0.244632 0.224149 0.223989 0.948465 0.37347 
1535135460935 0.243379 0.929695 -0.276467 -0.634396 -0.943795 0.29272 0.15351 -0.244543 0.223644 0.223567 0.948684 0.373506 
1535135461023 0.244007 0.929706 -0.275875 -0.634246 -0.943767 0.293091 0.152977 -0.244406 0.22308 0.223035 0.948942 0.373556 
1535135461127 0.244577 0.929745 -0.275238 -0.634076 -0.943778 0.293374 0.152365 -0.24424 0.222408 0.222498 0.949225 0.373584 
1535135461150 0.244762 0.929752 -0.275052 -0.634029 -0.943769 0.293482 0.152214 -0.244192 0.222244 0.222329 0.949304 0.373577 
1535135461273 0.245098 0.929756 -0.274736 -0.633925 -0.943758 0.293676 0.151907 -0.244118 0.22192 0.222052 0.949444 0.373587 
1535135461402 0.244514 0.9297 -0.275448 -0.633571 -0.94369 0.293452 0.152757 -0.244226 0.222849 0.222586 0.949102 0.373848 
1535135461548 0.244581 0.929644 -0.275577 -0.633279 -0.943531 0.293679 0.153304 -0.244014 0.223449 0.22252 0.948976 0.373987 
1535135461692 0.244764 0.929527 -0.275809 -0.632888 -0.943382 0.293994 0.153617 -0.244032 0.223877 0.222594 0.948858 0.374135 
1535135461824 0.244385 0.929585 -0.275948 -0.632641 -0.943391 0.293742 0.154044 -0.243727 0.224254 0.222681 0.948748 0.374295 
1535135461957 0.24454 0.929477 -0.276175 -0.632278 -0.943252 0.294026 0.154351 -0.243707 0.224668 0.222758 0.948632 0.374456 
1535135462108 0.244552 0.929408 -0.276395 -0.631918 -0.943161 0.294162 0.154649 -0.243672 0.225037 0.222866 0.94852 0.374583 
1535135462256 0.244477 0.929387 -0.276534 -0.631589 -0.943093 0.294199 0.154991 -0.243553 0.225403 0.222906 0.948423 0.374748 
1535135462412 0.244765 0.929223 -0.276829 -0.631182 -0.942899 0.294643 0.15533 -0.243554 0.225902 0.223002 0.948282 0.374939 
1535135462442 0.24458 0.929284 -0.276787 -0.6311 -0.942931 0.294474 0.155455 -0.243445 0.225969 0.22297 0.948273 0.375002 
1535135462621 0.244782 0.929177 -0.27697 -0.630956 -0.942848 0.294728 0.155476 -0.243388 0.226095 0.223083 0.948217 0.375003 
1535135462862 0.244806 0.929148 -0.277046 -0.63009 -0.942879 0.294727 0.155291 -0.242905 0.225941 0.223205 0.948225 0.37536 
1535135463041 0.245174 0.928922 -0.277477 -0.629623 -0.942813 0.295122 0.154939 -0.242812 0.225815 0.223622 0.948156 0.375439 
1535135463281 0.245168 0.928877 -0.277632 -0.628785 -0.942817 0.29514 0.15488 -0.242258 0.225805 0.223785 0.948121 0.375743 
1535135463460 0.245311 0.928751 -0.277928 -0.62833 -0.942795 0.295311 0.154688 -0.242106 0.225741 0.224082 0.948065 0.375866 
1535135463636 0.245523 0.928649 -0.278082 -0.627874 -0.942734 0.295546 0.154615 -0.24192 0.225769 0.224196 0.948032 0.376009 
1535135463815 0.245799 0.928493 -0.278358 -0.627418 -0.94264 0.295877 0.15455 -0.241789 0.225859 0.224403 0.947962 0.376189 
1535135463843 0.245789 0.928508 -0.278316 -0.627312 -0.942636 0.295868 0.154594 -0.241706 0.225886 0.224353 0.947967 0.376258 
1535135463858 0.245828 0.928498 -0.278318 -0.627266 -0.942622 0.295909 0.154603 -0.241687 0.225905 0.224343 0.947965 0.376282 
1535135464041 0.245632 0.928495 -0.278499 -0.626885 -0.942581 0.295843 0.154976 -0.241542 0.226287 0.224441 0.94785 0.376434 
1535135464201 0.245822 0.928299 -0.278985 -0.62645 -0.942298 0.296337 0.155751 -0.241517 0.227257 0.2246 0.94758 0.376486 
1535135464363 0.245795 0.928252 -0.279164 -0.626076 -0.942172 0.296473 0.156255 -0.241334 0.227808 0.224614 0.947445 0.376679 
1535135464528 0.245894 0.928101 -0.279581 -0.625657 -0.941995 0.296787 0.156724 -0.241318 0.228432 0.224826 0.947245 0.376826 
1535135464753 0.245769 0.928066 -0.279805 -0.624892 -0.941756 0.296972 0.157807 -0.240942 0.229549 0.224724 0.946998 0.377146 
1535135464912 0.245488 0.928032 -0.280166 -0.624568 -0.941649 0.296941 0.158503 -0.240667 0.230288 0.224907 0.946776 0.377254 
1535135465075 0.245607 0.927921 -0.280427 -0.624135 -0.941482 0.297232 0.158948 -0.24064 0.230843 0.224978 0.946624 0.377414 
1535135465102 0.245643 0.927914 -0.28042 -0.624017 -0.941444 0.297293 0.159059 -0.240608 0.23096 0.224928 0.946607 0.377473 
1535135465118 0.245699 0.927901 -0.280412 -0.623951 -0.941415 0.297359 0.159108 -0.240607 0.231019 0.224892 0.946601 0.377504 
1535135465304 0.245406 0.927834 -0.280892 -0.623719 -0.941503 0.297151 0.15898 -0.24026 0.230974 0.225446 0.94648 0.377625 
1535135465472 0.245538 0.927633 -0.281439 -0.623392 -0.941572 0.297268 0.158346 -0.240217 0.23055 0.226115 0.946424 0.377669 
1535135465697 0.245358 0.92756 -0.281838 -0.622781 -0.941607 0.297176 0.15831 -0.239752 0.230597 0.226538 0.946311 0.378095 
1535135465857 0.245946 0.927157 -0.28265 -0.622401 -0.941499 0.297833 0.157721 -0.239903 0.230415 0.227324 0.946167 0.378151 
1535135466009 0.245809 0.927095 -0.282973 -0.622101 -0.941547 0.297744 0.1576 -0.239669 0.230364 0.227692 0.946091 0.378304 
1535135466171 0.245805 0.926984 -0.283337 -0.621811 -0.941558 0.297792 0.157442 -0.239462 0.230322 0.228078 0.946008 0.378493 
1535135466310 0.245742 0.926933 -0.283559 -0.621481 -0.941605 0.297739 0.157261 -0.239294 0.230197 0.228355 0.945972 0.378637 
1535135466333 0.245689 0.926921 -0.283644 -0.62143 -0.941614 0.297708 0.157268 -0.239241 0.230218 0.228444 0.945946 0.378668 
1535135466350 0.245691 0.926902 -0.283704 -0.621394 -0.941608 0.297726 0.157269 -0.239216 0.230239 0.228498 0.945927 0.378689 
1535135466458 0.245933 0.926768 -0.283931 -0.621273 -0.941529 0.298012 0.157202 -0.239286 0.230304 0.228669 0.94587 0.378674 
1535135466546 0.245325 0.927007 -0.283679 -0.620983 -0.941413 0.297659 0.158558 -0.239092 0.231424 0.228161 0.945719 0.378736 
1535135466635 0.24539 0.926939 -0.283844 -0.620661 -0.94121 0.297932 0.159247 -0.239187 0.232179 0.22808 0.945554 0.3788 
1535135466793 0.245185 0.926959 -0.283958 -0.620156 -0.940972 0.298042 0.160446 -0.239031 0.233358 0.227857 0.945317 0.378971 
1535135466963 0.244826 0.926931 -0.284357 -0.61965 -0.940672 0.298151 0.161996 -0.238875 0.23494 0.227826 0.944933 0.379015 
1535135467025 0.244695 0.926967 -0.284353 -0.619387 -0.94057 0.298156 0.162574 -0.238852 0.235482 0.227673 0.944835 0.37914 
1535135467052 0.24488 0.926906 -0.284391 -0.619334 -0.940482 0.298378 0.162676 -0.238942 0.235642 0.227629 0.944806 0.379147 
1535135467077 0.244971 0.92687 -0.28443 -0.619299 -0.940417 0.298512 0.162809 -0.238977 0.235809 0.2276 0.944771 0.379154 
1535135467190 0.244705 0.926935 -0.284449 -0.619093 -0.940428 0.298318 0.163101 -0.238777 0.23604 0.227592 0.944715 0.37922 
1535135467287 0.245079 0.926788 -0.284604 -0.618885 -0.94051 0.298529 0.162237 -0.238675 0.235322 0.227912 0.944817 0.379363 
1535135467405 0.245242 0.926667 -0.28486 -0.618653 -0.940478 0.29872 0.162076 -0.238548 0.235283 0.228157 0.944768 0.379451 
1535135467521 0.245197 0.926628 -0.285024 -0.618486 -0.940511 0.298684 0.161948 -0.238345 0.235197 0.228359 0.94474 0.379496 
1535135467619 0.245287 0.926531 -0.285262 -0.618248 -0.940504 0.298796 0.161781 -0.23827 0.23513 0.228607 0.944697 0.37953 
1535135467728 0.245479 0.926438 -0.285399 -0.618048 -0.940456 0.299001 0.161679 -0.238083 0.23512 0.228716 0.944673 0.379592 
1535135467828 0.245669 0.926347 -0.28553 -0.617769 -0.940456 0.299157 0.161395 -0.238102 0.234926 0.228879 0.944682 0.379685 
1535135467929 0.245745 0.926248 -0.285787 -0.617592 -0.94044 0.29927 0.161276 -0.237904 0.234909 0.229132 0.944625 0.379768 
1535135467960 0.245783 0.926219 -0.285848 -0.617535 -0.940429 0.299319 0.161252 -0.23782 0.234915 0.229187 0.94461 0.379801 
1535135467976 0.245825 0.926206 -0.285853 -0.617502 -0.940418 0.299359 0.161236 -0.237796 0.234911 0.229186 0.944611 0.379814 
1535135467993 0.245845 0.926201 -0.285853 -0.617451 -0.940419 0.299373 0.161208 -0.23777 0.234888 0.229189 0.944616 0.379833 
1535135468176 0.246166 0.926268 -0.285358 -0.617094 -0.940466 0.299465 0.160762 -0.237647 0.234364 0.228796 0.944842 0.379847 
1535135468214 0.246144 0.92634 -0.285145 -0.616928 -0.940487 0.299393 0.160774 -0.237506 0.234301 0.228601 0.944904 0.379922 
1535135468325 0.246782 0.926067 -0.285479 -0.616699 -0.940323 0.300057 0.160496 -0.237673 0.23429 0.228834 0.944851 0.37993 
1535135468373 0.246674 0.926162 -0.285264 -0.616544 -0.940391 0.299877 0.160432 -0.237468 0.23413 0.228685 0.944927 0.379953 
1535135468476 0.246965 0.926092 -0.285241 -0.616364 -0.940379 0.300089 0.160108 -0.23741 0.233872 0.228693 0.944988 0.379886 
1535135468528 0.246993 0.926137 -0.285069 -0.616217 -0.940396 0.300062 0.160058 -0.237216 0.233774 0.228544 0.945049 0.379916 
1535135468551 0.24694 0.926163 -0.285031 -0.616163 -0.94042 0.299995 0.160041 -0.237191 0.233732 0.228529 0.945063 0.379931 
1535135468572 0.246982 0.926151 -0.285033 -0.616129 -0.940413 0.300031 0.160012 -0.237204 0.233714 0.228529 0.945067 0.37994 
1535135468676 0.247131 0.926094 -0.285091 -0.615969 -0.940372 0.300185 0.159966 -0.237205 0.233724 0.228559 0.945058 0.379972 
1535135468838 0.247089 0.926082 -0.285165 -0.615473 -0.940273 0.300265 0.160396 -0.23714 0.234165 0.228501 0.944962 0.380098 
1535135468921 0.246972 0.926137 -0.285087 -0.615276 -0.94026 0.300183 0.160628 -0.236965 0.234342 0.228385 0.944946 0.380177 
1535135469014 0.24697 0.926121 -0.285141 -0.615064 -0.940201 0.300249 0.160851 -0.236839 0.234581 0.228365 0.944892 0.380225 
1535135469104 0.247173 0.926042 -0.285223 -0.614779 -0.940106 0.300497 0.16094 -0.236909 0.234746 0.22836 0.944852 0.380279 
1535135469199 0.247016 0.926112 -0.285132 -0.614551 -0.940109 0.300368 0.161163 -0.236779 0.2349 0.228245 0.944842 0.380384 
1535135469277 0.246889 0.926158 -0.285093 -0.614346 -0.940104 0.300278 0.161364 -0.236647 0.235056 0.228178 0.944819 0.38046 
1535135469304 0.246867 0.926164 -0.28509 -0.614308 -0.940101 0.300265 0.161403 -0.236616 0.235088 0.228168 0.944814 0.38047 
1535135469465 0.247277 0.926079 -0.285013 -0.613898 -0.939922 0.300712 0.161613 -0.236666 0.235373 0.227927 0.944801 0.380585 
1535135469585 0.247163 0.926144 -0.284901 -0.613632 -0.939897 0.300637 0.161898 -0.236443 0.235592 0.227762 0.944786 0.380736 
1535135469714 0.247169 0.926143 -0.284898 -0.613348 -0.939848 0.300689 0.16209 -0.236286 0.235784 0.227697 0.944754 0.38084 
1535135469837 0.247556 0.92604 -0.284897 -0.612975 -0.939699 0.301103 0.162183 -0.236343 0.235972 0.227568 0.944738 0.380939 
1535135469956 0.247575 0.926104 -0.284673 -0.612671 -0.939665 0.30111 0.162368 -0.23617 0.236087 0.227299 0.944774 0.381057 
1535135470135 0.247584 0.926164 -0.284469 -0.612067 -0.939527 0.301213 0.162971 -0.235844 0.236623 0.226918 0.944732 0.381238 
1535135470269 0.248002 0.925995 -0.284654 -0.61173 -0.939323 0.301735 0.163184 -0.23584 0.236997 0.226913 0.944639 0.38128 
1535135470293 0.24792 0.926049 -0.284551 -0.611657 -0.939336 0.301646 0.163269 -0.235751 0.237029 0.226811 0.944655 0.381315 
1535135470309 0.247866 0.926084 -0.284485 -0.61161 -0.939344 0.301589 0.163331 -0.235688 0.237056 0.226745 0.944664 0.381342 
1535135470481 0.247964 0.92603 -0.284573 -0.611304 -0.939242 0.301771 0.163583 -0.235595 0.237359 0.22672 0.944595 0.381451 
1535135470628 0.248309 0.925917 -0.284642 -0.610899 -0.939079 0.302181 0.16376 -0.235598 0.237641 0.226638 0.944543 0.381472 
1535135470778 0.248355 0.925875 -0.284737 -0.610562 -0.938996 0.302309 0.163998 -0.235476 0.23792 0.226637 0.944473 0.381492 
1535135470912 0.248224 0.925942 -0.284634 -0.610251 -0.938967 0.302226 0.164315 -0.235242 0.23817 0.226475 0.944449 0.381588 
1535135471042 0.248219 0.925987 -0.284491 -0.609907 -0.938907 0.302255 0.164607 -0.235057 0.238413 0.226252 0.944441 0.381701 
1535135471188 0.248702 0.9258 -0.284679 -0.60952 -0.93868 0.302843 0.16482 -0.235063 0.238803 0.226232 0.944348 0.381743 
1535135471318 0.248345 0.925941 -0.284531 -0.609234 -0.938703 0.302544 0.16524 -0.234753 0.239085 0.226053 0.944319 0.381851 
1535135471444 0.248546 0.925896 -0.284502 -0.608874 -0.938563 0.302813 0.165542 -0.234641 0.239426 0.225879 0.944274 0.381948 
1535135471478 0.248424 0.925943 -0.284457 -0.608768 -0.938573 0.302709 0.165674 -0.234545 0.239512 0.225826 0.944265 0.381997 
1535135471606 0.248923 0.925818 -0.284426 -0.608524 -0.938409 0.30321 0.165686 -0.234535 0.239636 0.225665 0.944272 0.382006 
1535135471708 0.248782 0.926019 -0.283895 -0.60826 -0.938551 0.302882 0.165483 -0.234235 0.239227 0.225281 0.944468 0.382024 
1535135471820 0.249129 0.92608 -0.283392 -0.607931 -0.93854 0.303048 0.165242 -0.23411 0.238909 0.224808 0.944661 0.382091 
1535135471927 0.249454 0.926124 -0.28296 -0.607623 -0.938492 0.303244 0.165151 -0.233961 0.238757 0.224358 0.944806 0.382168 
1535135472036 0.249525 0.926131 -0.282877 -0.607319 -0.938486 0.303285 0.16511 -0.233865 0.238706 0.224277 0.944838 0.382227 
1535135472230 0.249928 0.92631 -0.281933 -0.606731 -0.938438 0.303447 0.165088 -0.233443 0.238475 0.223316 0.945124 0.382409 
1535135472357 0.250293 0.926213 -0.281926 -0.606414 -0.938377 0.30376 0.164859 -0.233422 0.238332 0.22329 0.945166 0.382379 
1535135472381 0.250302 0.926235 -0.281848 -0.606345 -0.938387 0.303744 0.164835 -0.233371 0.238285 0.223224 0.945194 0.382385 
1535135472399 0.250286 0.926265 -0.281763 -0.606294 -0.938399 0.303706 0.164832 -0.233315 0.238252 0.223151 0.94522 0.382394 
1535135472556 0.250403 0.926323 -0.281467 -0.606046 -0.938381 0.303752 0.164848 -0.233206 0.238199 0.222845 0.945305 0.382488 
1535135472677 0.250631 0.926315 -0.281292 -0.605743 -0.938399 0.303866 0.16454 -0.233123 0.237891 0.222725 0.945411 0.38255 
1535135472789 0.250415 0.92648 -0.280941 -0.605461 -0.938524 0.303534 0.164439 -0.232894 0.237625 0.222491 0.945533 0.382634 
1535135472970 0.250686 0.926588 -0.280343 -0.604864 -0.938474 0.303666 0.164479 -0.232574 0.237535 0.221862 0.945703 0.382902 
1535135473101 0.251203 0.926508 -0.280142 -0.60449 -0.9384 0.304064 0.164165 -0.232654 0.237281 0.221647 0.945817 0.382965 
1535135473213 0.251094 0.926672 -0.279697 -0.60423 -0.93848 0.303834 0.164133 -0.232372 0.237079 0.221277 0.945955 0.38312 
1535135473334 0.251078 0.926778 -0.27936 -0.603933 -0.938562 0.303686 0.163937 -0.232197 0.236771 0.221035 0.946088 0.383199 
1535135473356 0.251093 0.926794 -0.279295 -0.603865 -0.938569 0.303679 0.163912 -0.232171 0.236729 0.220981 0.946112 0.383211 
1535135473371 0.251141 0.926794 -0.279253 -0.603817 -0.938561 0.303713 0.163896 -0.232157 0.23671 0.220935 0.946127 0.383221 
1535135473388 0.25119 0.926799 -0.279189 -0.603751 -0.938556 0.303741 0.163873 -0.232141 0.236678 0.220871 0.94615 0.383237 
1535135473411 0.251242 0.926802 -0.279134 -0.603683 -0.938551 0.303773 0.163843 -0.232136 0.236644 0.220817 0.946171 0.383251 
1535135473582 0.251555 0.927204 -0.277513 -0.603291 -0.938735 0.303537 0.163226 -0.231752 0.235579 0.21945 0.946754 0.38321 
1535135473614 0.251445 0.927368 -0.277062 -0.603132 -0.938827 0.303294 0.163148 -0.231551 0.23533 0.21909 0.9469 0.383203 
1535135473716 0.251975 0.927399 -0.276477 -0.602846 -0.938834 0.30356 0.162611 -0.231644 0.234733 0.218592 0.947163 0.383119 
1535135473758 0.252095 0.927501 -0.276026 -0.60266 -0.938862 0.30354 0.162489 -0.231551 0.234493 0.218188 0.947316 0.383173 
1535135473834 0.252217 0.927647 -0.275421 -0.602493 -0.938931 0.303456 0.162243 -0.23138 0.234083 0.217681 0.947534 0.383186 
1535135473858 0.252282 0.927663 -0.27531 -0.60246 -0.938936 0.303477 0.162173 -0.231348 0.233992 0.217585 0.947578 0.38318 
1535135473873 0.252332 0.92768 -0.275207 -0.602423 -0.938946 0.303485 0.1621 -0.231311 0.233899 0.217501 0.947621 0.383172 
1535135473946 0.252292 0.927811 -0.2748 -0.602247 -0.939059 0.303281 0.161829 -0.231179 0.233488 0.217226 0.947785 0.383154 
1535135474021 0.25274 0.927838 -0.274298 -0.602214 -0.939001 0.303565 0.161634 -0.231316 0.233238 0.216714 0.947964 0.383134 
1535135474070 0.252919 0.927984 -0.273636 -0.602196 -0.939011 0.303567 0.16157 -0.231219 0.233001 0.216083 0.948166 0.383142 
1535135474136 0.252981 0.928182 -0.272906 -0.602138 -0.939111 0.303391 0.161319 -0.231006 0.232531 0.215479 0.948419 0.383071 
1535135474189 0.253426 0.928295 -0.27211 -0.601993 -0.939104 0.303576 0.161016 -0.230962 0.232076 0.214734 0.948699 0.383088 
1535135474262 0.253889 0.928408 -0.271293 -0.601819 -0.939129 0.303739 0.160561 -0.230896 0.231468 0.214014 0.94901 0.38305 
1535135474313 0.254147 0.92856 -0.270527 -0.601677 -0.939195 0.303728 0.160193 -0.230862 0.230915 0.213365 0.949291 0.383035 
1535135474373 0.254429 0.928681 -0.269847 -0.601542 -0.939235 0.303774 0.159869 -0.23078 0.23044 0.212775 0.949539 0.382942 
1535135474393 0.254502 0.928719 -0.269647 -0.601517 -0.93924 0.303787 0.159819 -0.23075 0.230342 0.21259 0.949604 0.382932 
1535135474410 0.254559 0.928771 -0.269413 -0.601491 -0.939251 0.303777 0.159771 -0.230711 0.230232 0.212375 0.949679 0.38293 
1535135474433 0.254623 0.928852 -0.269074 -0.601453 -0.939272 0.303745 0.15971 -0.230646 0.230077 0.212068 0.949785 0.382927 
1535135474565 0.255007 0.928921 -0.268472 -0.601491 -0.939246 0.303938 0.159493 -0.230662 0.229755 0.211489 0.949992 0.382806 
1535135474714 0.255156 0.929237 -0.267234 -0.60152 -0.939229 0.303847 0.159768 -0.230684 0.229661 0.210228 0.950295 0.38273 
1535135474778 0.255367 0.929391 -0.266497 -0.601479 -0.93923 0.303869 0.159721 -0.230691 0.229423 0.209515 0.95051 0.382708 
1535135474877 0.255532 0.929538 -0.265824 -0.601471 -0.939254 0.303849 0.159617 -0.230649 0.229141 0.208889 0.950715 0.382603 
1535135474935 0.255709 0.92969 -0.265123 -0.601475 -0.93925 0.303858 0.159623 -0.230606 0.22896 0.2082 0.95091 0.382566 
1535135475028 0.255882 0.929845 -0.26441 -0.60151 -0.939237 0.303871 0.159674 -0.230511 0.228819 0.207486 0.9511 0.382478 
1535135475071 0.256115 0.929917 -0.26393 -0.601481 -0.939211 0.303979 0.159622 -0.230554 0.228664 0.207004 0.951242 0.382446 
1535135476014 0.250703 0.929353 -0.271019 -0.5874 -0.939898 0.300715 0.161744 -0.223744 0.231817 0.21418 0.948888 0.392559 
1535135476941 0.245993 0.928425 -0.278414 -0.573055 -0.94051 0.298089 0.163047 -0.217144 0.234369 0.221742 0.946521 0.402674 
1535135477891 0.241232 0.927434 -0.285785 -0.558753 -0.941152 0.295405 0.164223 -0.210554 0.236728 0.229351 0.944117 0.412793 
