1535159409593 0.274987 0.915477 -0.293741 -0.507778 -0.927023 0.333486 0.17151 -0.179564 0.254972 0.225142 0.940373 0.463832 
1535159414586 0.274987 0.915477 -0.293743 -0.507778 -0.927023 0.333486 0.171509 -0.179564 0.254972 0.225144 0.940372 0.463831 
1535159416053 0.255531 0.916941 -0.306468 -0.545946 -0.932117 0.317803 0.173664 -0.199578 0.256636 0.241288 0.935905 0.439402 
1535159417211 0.241912 0.917692 -0.315152 -0.571637 -0.935574 0.306722 0.174993 -0.212926 0.257254 0.252515 0.932768 0.422593 
1535159418889 0.214106 0.918609 -0.332138 -0.623042 -0.942019 0.284118 0.178544 -0.239366 0.258379 0.274652 0.926178 0.388916 
1535159418924 0.213653 0.918635 -0.332358 -0.623197 -0.942113 0.283744 0.17864 -0.23933 0.25841 0.274952 0.926081 0.388443 
1535159419368 0.213208 0.918534 -0.332923 -0.62538 -0.942182 0.283471 0.17871 -0.240727 0.258526 0.275572 0.925864 0.387341 
1535159419949 0.21113 0.918544 -0.334216 -0.629291 -0.942629 0.281796 0.179001 -0.242843 0.258601 0.277249 0.925342 0.384834 
1535159420467 0.208956 0.918507 -0.335681 -0.633192 -0.943079 0.280082 0.179324 -0.244856 0.258728 0.279103 0.924749 0.382053 
1535159420791 0.207609 0.918706 -0.335974 -0.634593 -0.943386 0.278867 0.179601 -0.24522 0.258693 0.279666 0.924589 0.381073 
1535159421086 0.207299 0.918294 -0.337288 -0.633891 -0.943255 0.279049 0.180003 -0.245136 0.259415 0.280835 0.924032 0.381697 
1535159421327 0.20631 0.91761 -0.339747 -0.634211 -0.943161 0.278944 0.180658 -0.245571 0.260544 0.283164 0.923003 0.381865 
1535159421441 0.205856 0.917366 -0.340679 -0.634455 -0.943083 0.278895 0.181139 -0.245787 0.261185 0.284 0.922565 0.381915 
1535159421631 0.204633 0.916922 -0.342605 -0.634954 -0.943132 0.278371 0.181692 -0.246158 0.261969 0.285942 0.921743 0.381828 
1535159421781 0.204076 0.916651 -0.343663 -0.635233 -0.943066 0.278264 0.182195 -0.24635 0.262639 0.286915 0.92125 0.381842 
1535159422386 0.203414 0.916521 -0.344401 -0.635434 -0.943112 0.2779 0.182516 -0.246447 0.262988 0.287682 0.920911 0.381828 
1535159422402 0.203406 0.916529 -0.344384 -0.635417 -0.943116 0.277886 0.182514 -0.246416 0.262979 0.28767 0.920917 0.381821 
1535159422603 0.203159 0.916618 -0.344293 -0.635392 -0.943228 0.277573 0.182413 -0.246642 0.262769 0.287688 0.920971 0.381817 
1535159422781 0.202405 0.916666 -0.344609 -0.635529 -0.943173 0.27717 0.183308 -0.246731 0.263547 0.287923 0.920675 0.381888 
1535159423105 0.199167 0.916905 -0.345858 -0.636016 -0.943671 0.27461 0.184593 -0.247306 0.26423 0.289611 0.91995 0.381954 
1535159423318 0.197635 0.91689 -0.346774 -0.636319 -0.943743 0.273641 0.18566 -0.247621 0.265121 0.290573 0.91939 0.381992 
1535159423467 0.197094 0.916855 -0.347175 -0.63647 -0.943754 0.273331 0.186064 -0.247755 0.265487 0.290976 0.919157 0.381974 
1535159423611 0.196977 0.916988 -0.34689 -0.636432 -0.943833 0.273103 0.185993 -0.247738 0.26529 0.29077 0.919279 0.381924 
1535159423787 0.19668 0.91753 -0.345623 -0.63641 -0.944026 0.272426 0.186007 -0.247964 0.264824 0.289694 0.919753 0.381851 
1535159423944 0.195903 0.918004 -0.344806 -0.636477 -0.944274 0.271442 0.186188 -0.24808 0.264517 0.289117 0.920023 0.38179 
1535159424159 0.194881 0.918718 -0.343479 -0.636573 -0.944616 0.270077 0.186438 -0.248409 0.26405 0.288122 0.920469 0.381668 
1535159424263 0.194447 0.919002 -0.342965 -0.636635 -0.944732 0.269539 0.186629 -0.248502 0.263955 0.287721 0.920622 0.381546 
1535159424404 0.19482 0.91888 -0.343081 -0.636601 -0.944683 0.26988 0.186381 -0.248436 0.263853 0.287792 0.920629 0.381508 
1535159424589 0.196457 0.9189 -0.342093 -0.636438 -0.944644 0.27088 0.185124 -0.248334 0.262777 0.286787 0.92125 0.381488 
1535159424744 0.197378 0.919141 -0.340914 -0.636416 -0.944765 0.271162 0.184094 -0.248094 0.261651 0.285747 0.921893 0.381321 
1535159424961 0.199464 0.91939 -0.339022 -0.636232 -0.944798 0.272219 0.182354 -0.248085 0.259943 0.283934 0.922936 0.381181 
1535159425057 0.200113 0.919469 -0.338425 -0.636207 -0.944894 0.272453 0.181506 -0.24795 0.259094 0.283454 0.923322 0.380994 
1535159425072 0.200104 0.91948 -0.3384 -0.636209 -0.944919 0.272415 0.181437 -0.247931 0.259013 0.283454 0.923345 0.38096 
1535159425317 0.200836 0.919273 -0.33853 -0.635844 -0.944665 0.273232 0.181528 -0.247791 0.259371 0.283341 0.923279 0.381146 
1535159425587 0.202935 0.919068 -0.337834 -0.63528 -0.944411 0.274847 0.18041 -0.247448 0.258662 0.282442 0.923753 0.381341 
1535159425853 0.204847 0.918918 -0.337087 -0.634678 -0.944217 0.276251 0.179277 -0.247082 0.257861 0.281558 0.924247 0.38147 
1535159425973 0.205334 0.918937 -0.336738 -0.63453 -0.94425 0.276486 0.178736 -0.24697 0.25735 0.281264 0.924479 0.381545 
1535159425988 0.205339 0.918933 -0.336747 -0.634529 -0.944254 0.276488 0.178715 -0.246972 0.257333 0.281278 0.92448 0.381531 
1535159426244 0.205175 0.918823 -0.337147 -0.634193 -0.944101 0.276618 0.179321 -0.246895 0.258025 0.281509 0.924216 0.381703 
1535159426481 0.205172 0.918689 -0.337513 -0.63348 -0.943882 0.276926 0.179994 -0.24658 0.258825 0.281643 0.923952 0.381922 
1535159426747 0.205779 0.918453 -0.337786 -0.632697 -0.943573 0.27774 0.180362 -0.246485 0.25947 0.281611 0.923781 0.382233 
1535159427053 0.206168 0.91825 -0.3381 -0.631606 -0.943256 0.278417 0.180973 -0.246118 0.260311 0.281605 0.923546 0.382742 
1535159427210 0.206728 0.918061 -0.338272 -0.63137 -0.943006 0.279114 0.181207 -0.24621 0.260775 0.281532 0.923437 0.382961 
1535159427498 0.206255 0.918169 -0.338268 -0.63115 -0.943145 0.278632 0.181226 -0.245919 0.260648 0.281657 0.923435 0.382914 
1535159427764 0.206149 0.918133 -0.33843 -0.629981 -0.942929 0.278822 0.182054 -0.245579 0.261512 0.281585 0.923213 0.383321 
1535159428187 0.206265 0.917948 -0.338861 -0.628115 -0.942365 0.279594 0.18378 -0.244968 0.263444 0.281424 0.922712 0.384107 
1535159428397 0.206224 0.917928 -0.33894 -0.627647 -0.942269 0.279684 0.184135 -0.244742 0.263819 0.2814 0.922613 0.384192 
1535159428603 0.205976 0.917912 -0.339132 -0.627166 -0.942303 0.279512 0.184223 -0.244539 0.263892 0.28162 0.922524 0.384354 
1535159428848 0.205771 0.917936 -0.339192 -0.626377 -0.942292 0.279392 0.18446 -0.244228 0.26409 0.281661 0.922455 0.384626 
1535159429118 0.2055 0.917924 -0.339391 -0.625608 -0.942314 0.279218 0.184613 -0.243882 0.264225 0.281875 0.922351 0.384862 
1535159429407 0.205361 0.91791 -0.339511 -0.624813 -0.94225 0.279213 0.184944 -0.243551 0.264558 0.281924 0.922241 0.385141 
1535159429434 0.205449 0.917881 -0.339537 -0.624723 -0.9422 0.279334 0.18502 -0.243532 0.26467 0.2819 0.922216 0.38519 
1535159429450 0.205478 0.917863 -0.339568 -0.624679 -0.942177 0.279385 0.185059 -0.243534 0.264729 0.281907 0.922197 0.385217 
1535159429691 0.20505 0.917984 -0.339499 -0.624017 -0.942164 0.279084 0.185579 -0.24321 0.265107 0.281811 0.922118 0.38539 
1535159429879 0.205356 0.917859 -0.339651 -0.623584 -0.941855 0.279657 0.186279 -0.243241 0.265964 0.281649 0.92192 0.385525 
1535159430182 0.205362 0.917824 -0.339744 -0.622511 -0.941495 0.280061 0.187493 -0.242853 0.267234 0.281364 0.92164 0.385852 
1535159430414 0.204817 0.917948 -0.339737 -0.621871 -0.941421 0.279752 0.188321 -0.242448 0.267911 0.281264 0.921474 0.386035 
1535159430479 0.205237 0.917874 -0.339685 -0.621596 -0.941211 0.280259 0.188618 -0.242549 0.268327 0.281004 0.921432 0.386211 
1535159430717 0.204915 0.917739 -0.340244 -0.621418 -0.941315 0.280038 0.188429 -0.242304 0.26821 0.281664 0.921265 0.386191 
1535159431008 0.20469 0.917471 -0.3411 -0.620466 -0.94129 0.280081 0.188489 -0.241909 0.268469 0.282492 0.920936 0.386504 
1535159431305 0.204737 0.917115 -0.342028 -0.619515 -0.941155 0.280447 0.188619 -0.241515 0.268906 0.283284 0.920565 0.386904 
1535159431463 0.205163 0.916818 -0.342567 -0.619185 -0.94092 0.281105 0.188812 -0.241482 0.269403 0.283591 0.920325 0.387141 
1535159431488 0.205094 0.916822 -0.3426 -0.619142 -0.94093 0.281052 0.188837 -0.241425 0.269419 0.283633 0.920308 0.387144 
1535159431757 0.205042 0.916736 -0.342859 -0.618764 -0.940859 0.281144 0.189055 -0.241182 0.269706 0.283818 0.920166 0.38733 
1535159432023 0.20519 0.916566 -0.343226 -0.617845 -0.940784 0.281402 0.189044 -0.240712 0.269856 0.284111 0.920032 0.387619 
1535159432231 0.20548 0.916524 -0.343166 -0.61739 -0.94068 0.281704 0.189115 -0.240542 0.27 0.28395 0.920039 0.388021 
1535159432267 0.205497 0.916502 -0.343214 -0.617273 -0.940666 0.281741 0.189131 -0.240479 0.270036 0.283984 0.920018 0.388066 
1535159432289 0.205574 0.916462 -0.343274 -0.617213 -0.940639 0.281836 0.189123 -0.240484 0.270071 0.284018 0.919998 0.388085 
1535159432471 0.205733 0.916339 -0.343506 -0.617095 -0.940592 0.282044 0.189043 -0.24049 0.270111 0.284206 0.919928 0.388109 
1535159432708 0.205875 0.916218 -0.343743 -0.616595 -0.940552 0.282235 0.188959 -0.240252 0.270144 0.284406 0.919856 0.388254 
1535159432747 0.205945 0.916168 -0.343835 -0.61645 -0.940533 0.282324 0.188922 -0.240136 0.270157 0.28448 0.919829 0.388289 
1535159432922 0.205884 0.916091 -0.344077 -0.616166 -0.940472 0.282395 0.189118 -0.239873 0.270415 0.284659 0.919698 0.388456 
1535159433026 0.206526 0.915885 -0.344241 -0.615887 -0.940383 0.282972 0.188695 -0.240014 0.270234 0.284748 0.919724 0.388595 
1535159433053 0.20658 0.915877 -0.344231 -0.615878 -0.940367 0.283025 0.188696 -0.240044 0.270248 0.284723 0.919728 0.388614 
1535159433230 0.20609 0.916029 -0.344119 -0.615875 -0.940427 0.282595 0.189042 -0.239789 0.270415 0.284659 0.919698 0.388608 
1535159433415 0.206335 0.916013 -0.344015 -0.61551 -0.940286 0.282894 0.189297 -0.239637 0.270718 0.284414 0.919685 0.388699 
1535159433613 0.206653 0.915937 -0.344025 -0.615061 -0.940213 0.283196 0.189209 -0.239553 0.27073 0.284356 0.919699 0.388782 
1535159433784 0.20698 0.915819 -0.344143 -0.614738 -0.940091 0.283578 0.189241 -0.239503 0.270902 0.284357 0.919649 0.388854 
1535159433817 0.206885 0.915859 -0.344096 -0.614649 -0.940104 0.283488 0.189314 -0.239385 0.270932 0.28432 0.919651 0.388894 
1535159434092 0.206967 0.91584 -0.344095 -0.614076 -0.940019 0.283635 0.189515 -0.239219 0.271163 0.284232 0.91961 0.389062 
1535159434373 0.207081 0.91576 -0.344239 -0.613146 -0.939837 0.283935 0.189967 -0.238933 0.271706 0.28419 0.919463 0.389376 
1535159434631 0.207374 0.915686 -0.344261 -0.612184 -0.939609 0.284383 0.190424 -0.23871 0.272271 0.283981 0.91936 0.389767 
1535159434655 0.207469 0.915655 -0.344284 -0.612046 -0.939589 0.284475 0.190383 -0.238716 0.272265 0.283988 0.91936 0.389787 
1535159434672 0.207527 0.915633 -0.34431 -0.611968 -0.939582 0.284529 0.19034 -0.238757 0.272248 0.284007 0.919359 0.389803 
1535159434877 0.207306 0.915677 -0.344325 -0.611731 -0.939591 0.284367 0.190535 -0.238442 0.272383 0.284026 0.919313 0.389931 
1535159435167 0.207316 0.915627 -0.344451 -0.610755 -0.939527 0.284468 0.190703 -0.238053 0.272598 0.284086 0.919231 0.390159 
1535159435455 0.207763 0.915502 -0.344516 -0.60972 -0.939333 0.284997 0.190867 -0.237674 0.272925 0.28396 0.919173 0.390517 
1535159435617 0.208066 0.915448 -0.344477 -0.609364 -0.939202 0.285337 0.191001 -0.23761 0.273144 0.283793 0.91916 0.390743 
1535159435642 0.20789 0.915493 -0.344463 -0.609289 -0.939252 0.285159 0.191021 -0.237509 0.273105 0.283826 0.919161 0.390761 
1535159435868 0.207879 0.915558 -0.344297 -0.608659 -0.939209 0.285162 0.19123 -0.237054 0.273262 0.283614 0.91918 0.39091 
1535159436040 0.208347 0.915468 -0.344252 -0.608279 -0.939011 0.285686 0.19142 -0.237016 0.273587 0.283375 0.919157 0.391085 
1535159436270 0.208303 0.915514 -0.344158 -0.60761 -0.938965 0.285683 0.19165 -0.236667 0.273779 0.283231 0.919144 0.391274 
1535159436494 0.208587 0.915494 -0.344039 -0.606954 -0.938864 0.285962 0.191728 -0.236365 0.273908 0.283014 0.919172 0.391587 
1535159436518 0.208558 0.915503 -0.344031 -0.606858 -0.938871 0.285933 0.191737 -0.236335 0.273906 0.283012 0.919173 0.391612 
1535159436535 0.208546 0.915514 -0.34401 -0.606777 -0.938874 0.285918 0.191747 -0.23631 0.273905 0.282994 0.919179 0.391638 
1535159436762 0.208237 0.915663 -0.343801 -0.606275 -0.938921 0.285608 0.191978 -0.23602 0.27398 0.282825 0.919209 0.391815 
1535159436987 0.208189 0.915798 -0.343469 -0.605618 -0.93895 0.285474 0.192033 -0.235862 0.273915 0.282521 0.919322 0.392011 
1535159437249 0.207947 0.916016 -0.343033 -0.604662 -0.938993 0.285168 0.192279 -0.235519 0.273953 0.282122 0.919433 0.392323 
1535159437399 0.208471 0.916031 -0.342676 -0.60427 -0.938826 0.285634 0.192402 -0.235601 0.274126 0.281602 0.919541 0.39257 
1535159437604 0.208522 0.916175 -0.34226 -0.603912 -0.938831 0.285578 0.192463 -0.235447 0.274072 0.281191 0.919683 0.392605 
1535159437800 0.208249 0.916786 -0.340787 -0.603397 -0.939083 0.284818 0.192361 -0.235045 0.273416 0.279968 0.920251 0.392561 
1535159437999 0.208261 0.917083 -0.339979 -0.602923 -0.939121 0.284618 0.19247 -0.234798 0.273275 0.279198 0.920527 0.392687 
1535159438057 0.208366 0.917226 -0.339528 -0.602652 -0.93912 0.284598 0.192502 -0.234717 0.273197 0.278747 0.920687 0.392741 
1535159438078 0.208362 0.917256 -0.339451 -0.602584 -0.939128 0.284571 0.192503 -0.234736 0.273173 0.278678 0.920715 0.392753 
1535159438195 0.208298 0.917363 -0.3392 -0.602484 -0.939142 0.284459 0.192602 -0.234636 0.273175 0.278439 0.920786 0.39279 
1535159438273 0.208472 0.917554 -0.338577 -0.602384 -0.939209 0.284383 0.192388 -0.234549 0.272812 0.277887 0.921061 0.392794 
1535159438361 0.209167 0.917564 -0.33812 -0.602502 -0.939235 0.284752 0.191711 -0.234568 0.272188 0.277475 0.921369 0.392585 
1535159438529 0.209981 0.917914 -0.336663 -0.602323 -0.939283 0.284975 0.191144 -0.23444 0.271395 0.276085 0.922021 0.392648 
1535159438570 0.210268 0.918066 -0.336068 -0.602236 -0.93935 0.284987 0.190799 -0.234413 0.270941 0.275566 0.922309 0.392606 
1535159438686 0.210507 0.918224 -0.335487 -0.602124 -0.939458 0.284925 0.190358 -0.234318 0.27038 0.275104 0.922612 0.392454 
1535159438736 0.210944 0.918337 -0.334903 -0.602038 -0.939453 0.285119 0.190094 -0.234291 0.270058 0.274526 0.922878 0.392421 
1535159438823 0.211066 0.918499 -0.334381 -0.601987 -0.939499 0.28505 0.18997 -0.234173 0.269803 0.274055 0.923093 0.392367 
1535159438848 0.211065 0.918579 -0.334161 -0.601969 -0.939528 0.284975 0.18994 -0.234138 0.269702 0.273863 0.923179 0.392381 
1535159439047 0.211717 0.918641 -0.333578 -0.601973 -0.939647 0.285194 0.189017 -0.234239 0.268773 0.273427 0.923579 0.392331 
1535159439081 0.212235 0.918717 -0.333041 -0.601955 -0.939693 0.285403 0.188472 -0.234267 0.268203 0.272956 0.923884 0.392293 
1535159439200 0.212572 0.918847 -0.332464 -0.602039 -0.93982 0.285395 0.187853 -0.234085 0.267491 0.272524 0.924218 0.392187 
1535159439390 0.213721 0.919194 -0.330765 -0.601943 -0.940007 0.285669 0.186494 -0.234048 0.265914 0.271064 0.925102 0.392041 
1535159439753 0.214417 0.919388 -0.329774 -0.601953 -0.940105 0.285859 0.185705 -0.233969 0.265004 0.270204 0.925615 0.391969 
1535159440800 0.212389 0.919321 -0.33127 -0.587791 -0.940672 0.28415 0.18546 -0.226998 0.264627 0.272227 0.92513 0.400744 
1535159443014 0.209373 0.918849 -0.334484 -0.5015 -0.943625 0.279549 0.177271 -0.185585 0.25639 0.278511 0.925579 0.45597 
1535159444249 0.208648 0.918574 -0.335692 -0.472775 -0.944524 0.278291 0.17444 -0.171851 0.253656 0.280672 0.925679 0.47439 
1535159444757 0.209269 0.918398 -0.335786 -0.472418 -0.94425 0.279042 0.17472 -0.171766 0.254161 0.280503 0.925592 0.474966 
1535159444777 0.209267 0.918398 -0.335787 -0.472417 -0.94425 0.27904 0.174721 -0.171765 0.254162 0.280504 0.925591 0.474966 
1535159444793 0.209264 0.918398 -0.335788 -0.472417 -0.944251 0.279038 0.174723 -0.171764 0.254163 0.280505 0.925591 0.474966 
1535159444818 0.209262 0.918398 -0.335789 -0.472416 -0.944251 0.279036 0.174724 -0.171763 0.254163 0.280506 0.92559 0.474966 
1535159444835 0.209258 0.918399 -0.33579 -0.472416 -0.944252 0.279032 0.174725 -0.171762 0.254164 0.280508 0.92559 0.474966 
1535159444859 0.20925 0.9184 -0.335791 -0.472414 -0.944254 0.279026 0.174727 -0.171759 0.254163 0.28051 0.925589 0.474965 
1535159444879 0.20924 0.918402 -0.335792 -0.472411 -0.944256 0.279016 0.17473 -0.171754 0.254164 0.280513 0.925588 0.474965 
1535159445310 0.209161 0.918416 -0.335803 -0.472394 -0.944272 0.278946 0.174755 -0.171721 0.254169 0.280538 0.925579 0.474967 
1535159445328 0.209162 0.918416 -0.335803 -0.472394 -0.944272 0.278946 0.174755 -0.171721 0.254169 0.280538 0.925579 0.474967 
1535159445351 0.209162 0.918416 -0.335803 -0.472394 -0.944272 0.278946 0.174755 -0.171721 0.254168 0.280537 0.92558 0.474967 
1535159445375 0.209162 0.918416 -0.335803 -0.472394 -0.944272 0.278947 0.174755 -0.171721 0.254169 0.280537 0.925579 0.474967 
1535159445391 0.209161 0.918416 -0.335803 -0.472394 -0.944272 0.278946 0.174755 -0.17172 0.254169 0.280537 0.925579 0.474968 
1535159445408 0.20916 0.918417 -0.335802 -0.472394 -0.944272 0.278945 0.174755 -0.17172 0.254168 0.280537 0.92558 0.474968 
1535159445426 0.209159 0.918416 -0.335803 -0.472394 -0.944272 0.278944 0.174756 -0.171719 0.254169 0.280537 0.925579 0.474968 
1535159445446 0.209159 0.918416 -0.335803 -0.472394 -0.944272 0.278944 0.174756 -0.171719 0.254169 0.280538 0.925579 0.474968 
1535159445471 0.209159 0.918417 -0.335801 -0.472393 -0.944273 0.278944 0.174756 -0.171719 0.254169 0.280536 0.92558 0.474969 
1535159445543 0.209159 0.918417 -0.335802 -0.472393 -0.944272 0.278944 0.174757 -0.171718 0.254169 0.280537 0.925579 0.474971 
1535159445558 0.209159 0.918417 -0.335803 -0.472393 -0.944272 0.278944 0.174757 -0.171718 0.25417 0.280538 0.925579 0.474971 
1535159445578 0.209159 0.918417 -0.335802 -0.472393 -0.944272 0.278944 0.174757 -0.171718 0.25417 0.280536 0.925579 0.474972 
1535159445596 0.209159 0.918417 -0.335801 -0.472393 -0.944272 0.278944 0.174757 -0.171718 0.25417 0.280536 0.925579 0.474972 
1535159445615 0.209159 0.918417 -0.335802 -0.472393 -0.944272 0.278944 0.174757 -0.171718 0.25417 0.280537 0.925579 0.474972 
1535159445635 0.209159 0.918417 -0.335801 -0.472393 -0.944272 0.278944 0.174758 -0.171718 0.25417 0.280536 0.925579 0.474973 
1535159445662 0.209158 0.918417 -0.335802 -0.472393 -0.944272 0.278944 0.174758 -0.171718 0.254171 0.280537 0.925579 0.474973 
1535159445682 0.209159 0.918417 -0.335803 -0.472394 -0.944272 0.278944 0.174759 -0.171718 0.254172 0.280537 0.925579 0.474973 
1535159445907 0.209156 0.918414 -0.335812 -0.472395 -0.94427 0.278946 0.174766 -0.171716 0.254181 0.280544 0.925574 0.474977 
1535159445924 0.209155 0.918414 -0.335812 -0.472395 -0.94427 0.278946 0.174767 -0.171716 0.254182 0.280544 0.925574 0.474977 
1535159445945 0.209155 0.918414 -0.335813 -0.472395 -0.94427 0.278946 0.174768 -0.171716 0.254183 0.280544 0.925573 0.474977 
1535159445965 0.209155 0.918413 -0.335814 -0.472395 -0.944269 0.278947 0.174768 -0.171716 0.254184 0.280545 0.925573 0.474977 
1535159445994 0.209155 0.918413 -0.335814 -0.472395 -0.944269 0.278947 0.174769 -0.171715 0.254185 0.280545 0.925572 0.474978 
1535159446010 0.209154 0.918413 -0.335816 -0.472395 -0.944269 0.278947 0.17477 -0.171715 0.254186 0.280547 0.925572 0.474978 
1535159446027 0.209154 0.918412 -0.335818 -0.472396 -0.944269 0.278947 0.174771 -0.171715 0.254188 0.280549 0.925571 0.474978 
1535159446046 0.209154 0.918412 -0.335818 -0.472396 -0.944268 0.278948 0.174772 -0.171715 0.254189 0.280548 0.925571 0.474978 
1535159446146 0.209153 0.918411 -0.335822 -0.472396 -0.944268 0.278949 0.174775 -0.171714 0.254193 0.280551 0.925569 0.474979 
1535159446163 0.209152 0.918411 -0.335822 -0.472396 -0.944268 0.278948 0.174775 -0.171714 0.254193 0.280551 0.925568 0.474979 
1535159446181 0.209152 0.918411 -0.335823 -0.472397 -0.944268 0.278948 0.174776 -0.171714 0.254193 0.280552 0.925568 0.47498 
1535159446198 0.209152 0.918411 -0.335824 -0.472397 -0.944267 0.278949 0.174776 -0.171714 0.254194 0.280552 0.925568 0.474979 
1535159446214 0.209152 0.918411 -0.335823 -0.472397 -0.944267 0.278949 0.174776 -0.171714 0.254194 0.280552 0.925568 0.47498 
1535159446231 0.209152 0.918411 -0.335823 -0.472397 -0.944267 0.278949 0.174776 -0.171714 0.254194 0.280552 0.925568 0.47498 
1535159446249 0.209152 0.918411 -0.335824 -0.472397 -0.944267 0.278949 0.174777 -0.171714 0.254194 0.280552 0.925568 0.47498 
1535159446274 0.209152 0.918411 -0.335823 -0.472397 -0.944267 0.278949 0.174777 -0.171714 0.254194 0.280552 0.925568 0.474981 
1535159446290 0.209152 0.918411 -0.335823 -0.472397 -0.944267 0.278949 0.174777 -0.171714 0.254195 0.280552 0.925568 0.474981 
1535159446357 0.209152 0.918411 -0.335824 -0.472397 -0.944267 0.278949 0.174778 -0.171714 0.254195 0.280552 0.925568 0.474981 
1535159446374 0.209152 0.91841 -0.335824 -0.472397 -0.944267 0.278949 0.174778 -0.171714 0.254196 0.280552 0.925567 0.474981 
1535159446390 0.209152 0.918411 -0.335824 -0.472397 -0.944267 0.278949 0.174778 -0.171714 0.254196 0.280552 0.925567 0.474982 
1535159446408 0.209152 0.918411 -0.335823 -0.472397 -0.944267 0.278949 0.174778 -0.171714 0.254195 0.280552 0.925568 0.474982 
1535159446426 0.209152 0.91841 -0.335824 -0.472397 -0.944267 0.278949 0.174778 -0.171714 0.254196 0.280552 0.925567 0.474982 
1535159446444 0.209152 0.91841 -0.335824 -0.472397 -0.944267 0.278949 0.174778 -0.171714 0.254196 0.280552 0.925567 0.474982 
1535159446461 0.209152 0.918411 -0.335823 -0.472397 -0.944267 0.278949 0.174778 -0.171713 0.254196 0.280551 0.925568 0.474983 
1535159446479 0.209152 0.918411 -0.335823 -0.472397 -0.944267 0.278949 0.174778 -0.171713 0.254196 0.280552 0.925568 0.474983 
1535159446496 0.209152 0.91841 -0.335824 -0.472397 -0.944267 0.278949 0.174778 -0.171713 0.254196 0.280552 0.925567 0.474983 
1535159446519 0.209152 0.918411 -0.335823 -0.472397 -0.944267 0.278949 0.174778 -0.171713 0.254196 0.280552 0.925568 0.474983 
1535159446636 0.209153 0.918411 -0.335822 -0.472397 -0.944267 0.27895 0.174779 -0.171713 0.254196 0.28055 0.925568 0.474985 
1535159446652 0.209152 0.918411 -0.335822 -0.472397 -0.944267 0.278949 0.174779 -0.171713 0.254196 0.280551 0.925568 0.474984 
1535159446669 0.209152 0.918411 -0.335823 -0.472397 -0.944267 0.278949 0.174779 -0.171713 0.254196 0.280551 0.925568 0.474984 
1535159446686 0.209153 0.918411 -0.335822 -0.472397 -0.944267 0.27895 0.174779 -0.171713 0.254196 0.28055 0.925568 0.474985 
1535159446713 0.209153 0.918411 -0.335822 -0.472397 -0.944266 0.27895 0.174779 -0.171713 0.254197 0.28055 0.925568 0.474985 
1535159446746 0.209153 0.918411 -0.335822 -0.472397 -0.944267 0.27895 0.174779 -0.171713 0.254197 0.28055 0.925568 0.474985 
1535159446762 0.209153 0.918411 -0.335822 -0.472397 -0.944266 0.27895 0.174779 -0.171713 0.254197 0.28055 0.925568 0.474986 
1535159446783 0.209153 0.918411 -0.335822 -0.472397 -0.944266 0.27895 0.174779 -0.171713 0.254197 0.28055 0.925568 0.474985 
1535159446795 0.209153 0.918411 -0.335822 -0.472397 -0.944266 0.27895 0.174779 -0.171713 0.254197 0.28055 0.925568 0.474986 
1535159446953 0.209153 0.918411 -0.335821 -0.472397 -0.944266 0.27895 0.17478 -0.171713 0.254197 0.280549 0.925568 0.474987 
1535159446977 0.209153 0.918411 -0.335821 -0.472397 -0.944266 0.27895 0.17478 -0.171713 0.254197 0.280549 0.925568 0.474987 
1535159446998 0.209153 0.918411 -0.335821 -0.472397 -0.944266 0.27895 0.17478 -0.171712 0.254197 0.280548 0.925568 0.474987 
1535159447019 0.209153 0.918411 -0.335821 -0.472397 -0.944266 0.27895 0.17478 -0.171713 0.254197 0.280549 0.925568 0.474987 
1535159447037 0.209153 0.918412 -0.33582 -0.472397 -0.944266 0.27895 0.17478 -0.171712 0.254197 0.280548 0.925568 0.474988 
1535159447052 0.209153 0.918412 -0.33582 -0.472397 -0.944266 0.27895 0.17478 -0.171712 0.254197 0.280548 0.925568 0.474988 
1535159447070 0.209153 0.918411 -0.33582 -0.472397 -0.944266 0.27895 0.17478 -0.171712 0.254197 0.280548 0.925568 0.474988 
1535159447086 0.209153 0.918411 -0.33582 -0.472397 -0.944266 0.27895 0.17478 -0.171712 0.254197 0.280548 0.925568 0.474988 
1535159447523 0.209154 0.918412 -0.335818 -0.472397 -0.944266 0.27895 0.17478 -0.171712 0.254197 0.280546 0.925569 0.47499 
1535159447539 0.209154 0.918412 -0.335819 -0.472397 -0.944266 0.27895 0.17478 -0.171712 0.254197 0.280546 0.925569 0.47499 
1535159447558 0.209154 0.918412 -0.335819 -0.472397 -0.944266 0.27895 0.17478 -0.171712 0.254197 0.280546 0.925569 0.47499 
1535159447578 0.209154 0.918412 -0.335818 -0.472397 -0.944266 0.27895 0.17478 -0.171712 0.254197 0.280546 0.925569 0.474991 
1535159447595 0.209154 0.918412 -0.335819 -0.472397 -0.944266 0.278951 0.17478 -0.171712 0.254197 0.280546 0.925569 0.474991 
1535159447611 0.209154 0.918412 -0.335819 -0.472397 -0.944266 0.27895 0.17478 -0.171712 0.254197 0.280546 0.925569 0.474991 
1535159447627 0.209154 0.918412 -0.335818 -0.472397 -0.944266 0.27895 0.17478 -0.171712 0.254197 0.280546 0.925569 0.474991 
1535159447645 0.209154 0.918412 -0.335818 -0.472397 -0.944266 0.278951 0.17478 -0.171712 0.254197 0.280546 0.925569 0.474991 
1535159447664 0.209154 0.918412 -0.335818 -0.472397 -0.944266 0.278951 0.17478 -0.171712 0.254197 0.280546 0.925569 0.474991 
1535159447677 0.209154 0.918412 -0.335818 -0.472397 -0.944266 0.278951 0.17478 -0.171712 0.254197 0.280546 0.925569 0.474991 
1535159447862 0.209154 0.918412 -0.335817 -0.472397 -0.944266 0.27895 0.17478 -0.171712 0.254196 0.280545 0.92557 0.474992 
1535159447882 0.209155 0.918412 -0.335817 -0.472397 -0.944266 0.278951 0.17478 -0.171712 0.254196 0.280545 0.925569 0.474992 
1535159447905 0.209155 0.918412 -0.335817 -0.472397 -0.944266 0.278951 0.17478 -0.171712 0.254197 0.280545 0.925569 0.474992 
1535159447915 0.209155 0.918412 -0.335817 -0.472397 -0.944266 0.278951 0.17478 -0.171712 0.254197 0.280545 0.925569 0.474992 
1535159447936 0.209155 0.918412 -0.335817 -0.472397 -0.944266 0.278951 0.17478 -0.171712 0.254196 0.280544 0.92557 0.474992 
1535159447952 0.209155 0.918412 -0.335817 -0.472397 -0.944266 0.278951 0.17478 -0.171712 0.254196 0.280545 0.92557 0.474992 
1535159447969 0.209155 0.918412 -0.335817 -0.472397 -0.944266 0.278951 0.17478 -0.171712 0.254196 0.280544 0.92557 0.474992 
1535159447989 0.209155 0.918412 -0.335817 -0.472397 -0.944266 0.278951 0.17478 -0.171712 0.254196 0.280544 0.92557 0.474993 
1535159448498 0.209156 0.918413 -0.335816 -0.472397 -0.944266 0.278951 0.17478 -0.171711 0.254196 0.280543 0.92557 0.474994 
1535159448516 0.209156 0.918413 -0.335815 -0.472397 -0.944266 0.278951 0.17478 -0.171711 0.254196 0.280543 0.92557 0.474994 
1535159448531 0.209156 0.918413 -0.335816 -0.472397 -0.944266 0.278951 0.17478 -0.171711 0.254196 0.280543 0.92557 0.474994 
1535159448549 0.209156 0.918413 -0.335815 -0.472397 -0.944266 0.278951 0.17478 -0.171711 0.254196 0.280543 0.92557 0.474994 
1535159448571 0.209156 0.918413 -0.335815 -0.472397 -0.944266 0.278951 0.17478 -0.171711 0.254196 0.280542 0.92557 0.474994 
1535159448594 0.209156 0.918413 -0.335816 -0.472397 -0.944266 0.278952 0.17478 -0.171711 0.254196 0.280543 0.92557 0.474994 
1535159448609 0.209156 0.918413 -0.335815 -0.472397 -0.944266 0.278951 0.17478 -0.171711 0.254196 0.280543 0.92557 0.474994 
1535159448631 0.209156 0.918413 -0.335815 -0.472396 -0.944266 0.278951 0.17478 -0.171711 0.254196 0.280542 0.92557 0.474995 
1535159448657 0.209156 0.918413 -0.335815 -0.472397 -0.944266 0.278951 0.17478 -0.171711 0.254196 0.280542 0.92557 0.474994 
1535159448870 0.209156 0.918413 -0.335814 -0.472396 -0.944266 0.278952 0.17478 -0.171711 0.254196 0.280541 0.925571 0.474995 
1535159448886 0.209157 0.918413 -0.335814 -0.472396 -0.944266 0.278952 0.17478 -0.171711 0.254196 0.280542 0.925571 0.474995 
1535159448916 0.209156 0.918413 -0.335814 -0.472396 -0.944266 0.278952 0.17478 -0.171711 0.254196 0.280541 0.925571 0.474995 
1535159448925 0.209156 0.918413 -0.335814 -0.472396 -0.944266 0.278952 0.17478 -0.171711 0.254196 0.280541 0.925571 0.474995 
1535159448943 0.209157 0.918413 -0.335814 -0.472396 -0.944266 0.278952 0.17478 -0.171711 0.254196 0.280541 0.925571 0.474995 
1535159448958 0.209157 0.918413 -0.335814 -0.472396 -0.944266 0.278952 0.17478 -0.171711 0.254196 0.280541 0.925571 0.474995 
1535159448983 0.209157 0.918413 -0.335813 -0.472396 -0.944266 0.278952 0.17478 -0.171711 0.254195 0.280541 0.925571 0.474996 
1535159449002 0.209157 0.918413 -0.335814 -0.472396 -0.944266 0.278952 0.17478 -0.171711 0.254196 0.280541 0.925571 0.474995 
1535159449025 0.209157 0.918413 -0.335813 -0.472396 -0.944266 0.278952 0.17478 -0.171711 0.254196 0.280541 0.925571 0.474996 
1535159449443 0.209157 0.918414 -0.335812 -0.472396 -0.944266 0.278952 0.174779 -0.171711 0.254195 0.280539 0.925571 0.474997 
1535159449463 0.209158 0.918413 -0.335812 -0.472396 -0.944266 0.278952 0.174779 -0.171711 0.254195 0.28054 0.925571 0.474997 
1535159449485 0.209157 0.918413 -0.335812 -0.472396 -0.944266 0.278952 0.174779 -0.171711 0.254195 0.28054 0.925571 0.474997 
1535159449503 0.209158 0.918414 -0.335812 -0.472396 -0.944266 0.278952 0.174779 -0.171711 0.254195 0.280539 0.925572 0.474997 
1535159449523 0.209158 0.918414 -0.335812 -0.472396 -0.944266 0.278952 0.174779 -0.171711 0.254195 0.280539 0.925572 0.474997 
1535159449545 0.209158 0.918414 -0.335812 -0.472396 -0.944266 0.278952 0.174779 -0.171711 0.254195 0.280539 0.925572 0.474997 
1535159450029 0.209159 0.918414 -0.335811 -0.472396 -0.944266 0.278953 0.174779 -0.171711 0.254195 0.280538 0.925572 0.474998 
1535159450057 0.209159 0.918414 -0.335811 -0.472396 -0.944266 0.278953 0.174779 -0.171711 0.254195 0.280538 0.925572 0.474998 
1535159450073 0.209159 0.918414 -0.335811 -0.472396 -0.944266 0.278953 0.174779 -0.171711 0.254195 0.280538 0.925572 0.474998 
1535159450090 0.209159 0.918414 -0.33581 -0.472396 -0.944266 0.278953 0.174779 -0.171711 0.254195 0.280538 0.925572 0.474998 
1535159450113 0.209159 0.918414 -0.335811 -0.472396 -0.944266 0.278953 0.174779 -0.171711 0.254195 0.280538 0.925572 0.474998 
1535159450157 0.209159 0.918414 -0.33581 -0.472396 -0.944266 0.278953 0.174779 -0.171711 0.254195 0.280538 0.925572 0.474998 
1535159450172 0.209159 0.918414 -0.335811 -0.472396 -0.944266 0.278953 0.174779 -0.171711 0.254194 0.280538 0.925572 0.474998 
1535159450187 0.209159 0.918414 -0.335811 -0.472396 -0.944266 0.278953 0.174779 -0.171711 0.254195 0.280538 0.925572 0.474998 
1535159450617 0.20916 0.918414 -0.335809 -0.472396 -0.944266 0.278953 0.174779 -0.171711 0.254194 0.280537 0.925573 0.474999 
1535159450637 0.20916 0.918414 -0.33581 -0.472396 -0.944266 0.278953 0.174779 -0.171711 0.254194 0.280537 0.925572 0.474999 
1535159450652 0.20916 0.918414 -0.33581 -0.472396 -0.944266 0.278953 0.174779 -0.171711 0.254194 0.280537 0.925572 0.474999 
1535159450669 0.20916 0.918414 -0.335809 -0.472396 -0.944266 0.278953 0.174779 -0.171711 0.254194 0.280536 0.925573 0.474999 
1535159450689 0.20916 0.918414 -0.33581 -0.472396 -0.944266 0.278953 0.174779 -0.171711 0.254194 0.280537 0.925572 0.474999 
1535159450721 0.20916 0.918414 -0.335809 -0.472396 -0.944266 0.278953 0.174779 -0.171711 0.254194 0.280537 0.925573 0.474999 
1535159450750 0.20916 0.918414 -0.335809 -0.472396 -0.944265 0.278954 0.174779 -0.171711 0.254194 0.280536 0.925573 0.474999 
1535159451007 0.20916 0.918414 -0.335809 -0.472396 -0.944265 0.278954 0.174779 -0.171711 0.254194 0.280536 0.925573 0.474999 
1535159451025 0.20916 0.918414 -0.335808 -0.472396 -0.944266 0.278954 0.174778 -0.171711 0.254194 0.280535 0.925573 0.475 
1535159451047 0.20916 0.918414 -0.335808 -0.472396 -0.944266 0.278954 0.174778 -0.171711 0.254194 0.280535 0.925573 0.475 
1535159451070 0.20916 0.918414 -0.335808 -0.472396 -0.944265 0.278954 0.174778 -0.171711 0.254194 0.280536 0.925573 0.475 
1535159451077 0.20916 0.918414 -0.335808 -0.472396 -0.944266 0.278954 0.174779 -0.171711 0.254194 0.280535 0.925573 0.475 
1535159451095 0.209161 0.918414 -0.335808 -0.472396 -0.944265 0.278954 0.174778 -0.171711 0.254194 0.280535 0.925573 0.475 
1535159451109 0.209161 0.918414 -0.335808 -0.472396 -0.944265 0.278954 0.174778 -0.171711 0.254194 0.280535 0.925573 0.475 
1535159451131 0.209161 0.918414 -0.335808 -0.472396 -0.944265 0.278954 0.174778 -0.171711 0.254194 0.280535 0.925573 0.475 
1535159451147 0.20916 0.918414 -0.335808 -0.472396 -0.944266 0.278954 0.174779 -0.171711 0.254194 0.280535 0.925573 0.475 
1535159451540 0.209161 0.918414 -0.335807 -0.472396 -0.944265 0.278954 0.174778 -0.171711 0.254194 0.280534 0.925573 0.475 
1535159451560 0.209161 0.918414 -0.335807 -0.472396 -0.944265 0.278954 0.174778 -0.171711 0.254194 0.280534 0.925573 0.475 
1535159451580 0.209161 0.918414 -0.335807 -0.472396 -0.944265 0.278954 0.174778 -0.171711 0.254194 0.280534 0.925573 0.475 
1535159451601 0.209161 0.918414 -0.335807 -0.472396 -0.944265 0.278954 0.174778 -0.171711 0.254194 0.280534 0.925573 0.475 
1535159451618 0.209161 0.918415 -0.335807 -0.472396 -0.944265 0.278954 0.174778 -0.171711 0.254194 0.280534 0.925573 0.475001 
1535159451634 0.209161 0.918414 -0.335807 -0.472396 -0.944265 0.278954 0.174778 -0.171711 0.254194 0.280534 0.925573 0.475 
1535159451651 0.209161 0.918414 -0.335807 -0.472396 -0.944265 0.278954 0.174778 -0.171711 0.254194 0.280534 0.925573 0.475 
1535159451675 0.209161 0.918415 -0.335807 -0.472396 -0.944265 0.278954 0.174778 -0.171711 0.254194 0.280534 0.925573 0.475001 
1535159452055 0.209162 0.918415 -0.335807 -0.472396 -0.944265 0.278955 0.174778 -0.171711 0.254193 0.280534 0.925574 0.475001 
1535159452072 0.209162 0.918415 -0.335806 -0.472396 -0.944265 0.278955 0.174778 -0.171711 0.254193 0.280533 0.925574 0.475001 
1535159452093 0.209162 0.918415 -0.335806 -0.472396 -0.944265 0.278954 0.174778 -0.171711 0.254193 0.280533 0.925574 0.475001 
1535159452112 0.209162 0.918415 -0.335806 -0.472396 -0.944265 0.278955 0.174778 -0.171711 0.254194 0.280533 0.925574 0.475001 
1535159452127 0.209162 0.918415 -0.335806 -0.472396 -0.944265 0.278955 0.174778 -0.171711 0.254193 0.280533 0.925574 0.475001 
1535159452145 0.209162 0.918415 -0.335806 -0.472396 -0.944265 0.278955 0.174778 -0.171711 0.254193 0.280533 0.925574 0.475001 
1535159452162 0.209162 0.918415 -0.335806 -0.472396 -0.944265 0.278955 0.174778 -0.171711 0.254194 0.280533 0.925574 0.475001 
1535159452177 0.209162 0.918415 -0.335806 -0.472396 -0.944265 0.278955 0.174778 -0.171711 0.254194 0.280533 0.925574 0.475001 
1535159452192 0.209162 0.918415 -0.335806 -0.472396 -0.944265 0.278955 0.174778 -0.171711 0.254193 0.280533 0.925574 0.475001 
1535159452415 0.209163 0.918415 -0.335806 -0.472396 -0.944265 0.278955 0.174778 -0.171711 0.254193 0.280533 0.925574 0.475001 
1535159452435 0.209163 0.918415 -0.335806 -0.472396 -0.944265 0.278955 0.174778 -0.171711 0.254193 0.280533 0.925574 0.475002 
1535159452463 0.209163 0.918415 -0.335806 -0.472396 -0.944265 0.278955 0.174778 -0.171711 0.254193 0.280533 0.925574 0.475001 
1535159452483 0.209163 0.918415 -0.335806 -0.472396 -0.944265 0.278955 0.174778 -0.171711 0.254193 0.280532 0.925574 0.475002 
1535159452500 0.209163 0.918415 -0.335805 -0.472396 -0.944265 0.278955 0.174778 -0.171711 0.254193 0.280532 0.925574 0.475002 
1535159452518 0.209163 0.918415 -0.335806 -0.472396 -0.944265 0.278955 0.174778 -0.171711 0.254194 0.280533 0.925574 0.475001 
1535159452534 0.209163 0.918415 -0.335806 -0.472396 -0.944265 0.278955 0.174778 -0.171711 0.254193 0.280533 0.925574 0.475002 
1535159452550 0.209163 0.918415 -0.335806 -0.472396 -0.944265 0.278955 0.174778 -0.171711 0.254193 0.280532 0.925574 0.475002 
1535159452567 0.209163 0.918415 -0.335806 -0.472396 -0.944265 0.278955 0.174778 -0.171711 0.254193 0.280533 0.925574 0.475002 
1535159452889 0.209164 0.918415 -0.335805 -0.472396 -0.944265 0.278956 0.174778 -0.171711 0.254193 0.280532 0.925574 0.475002 
1535159452908 0.209164 0.918415 -0.335805 -0.472396 -0.944265 0.278956 0.174778 -0.171711 0.254193 0.280532 0.925574 0.475002 
1535159452930 0.209164 0.918414 -0.335806 -0.472396 -0.944265 0.278956 0.174778 -0.171711 0.254193 0.280532 0.925574 0.475002 
1535159452945 0.209164 0.918415 -0.335805 -0.472396 -0.944265 0.278956 0.174778 -0.171711 0.254193 0.280532 0.925574 0.475002 
1535159452965 0.209164 0.918415 -0.335805 -0.472396 -0.944265 0.278956 0.174778 -0.171711 0.254193 0.280532 0.925574 0.475002 
1535159452980 0.209164 0.918415 -0.335805 -0.472396 -0.944265 0.278956 0.174777 -0.171711 0.254193 0.280532 0.925574 0.475002 
1535159453023 0.209164 0.918415 -0.335805 -0.472396 -0.944265 0.278956 0.174778 -0.171711 0.254193 0.280532 0.925574 0.475002 
1535159453041 0.209164 0.918415 -0.335805 -0.472396 -0.944265 0.278956 0.174778 -0.171711 0.254193 0.280532 0.925574 0.475002 
1535159453473 0.209164 0.918415 -0.335805 -0.472396 -0.944265 0.278957 0.174778 -0.171711 0.254193 0.280531 0.925574 0.475002 
1535159453489 0.209164 0.918415 -0.335805 -0.472396 -0.944265 0.278956 0.174778 -0.17171 0.254193 0.280531 0.925574 0.475002 
1535159453508 0.209165 0.918415 -0.335805 -0.472396 -0.944265 0.278957 0.174778 -0.171711 0.254193 0.280531 0.925574 0.475002 
1535159453528 0.209165 0.918415 -0.335805 -0.472396 -0.944265 0.278957 0.174778 -0.17171 0.254193 0.280531 0.925574 0.475002 
1535159453543 0.209164 0.918415 -0.335804 -0.472396 -0.944265 0.278956 0.174777 -0.17171 0.254193 0.280531 0.925575 0.475002 
1535159453569 0.209165 0.918415 -0.335805 -0.472396 -0.944265 0.278957 0.174777 -0.171711 0.254193 0.280531 0.925574 0.475002 
1535159453588 0.209165 0.918415 -0.335805 -0.472396 -0.944265 0.278957 0.174777 -0.171711 0.254193 0.280531 0.925574 0.475002 
1535159453610 0.209165 0.918415 -0.335804 -0.472396 -0.944265 0.278957 0.174777 -0.171711 0.254193 0.280531 0.925575 0.475003 
1535159453714 0.209165 0.918415 -0.335804 -0.472396 -0.944265 0.278957 0.174777 -0.171711 0.254193 0.280531 0.925575 0.475003 
1535159454518 0.213108 0.918254 -0.333757 -0.484916 -0.942183 0.283562 0.178559 -0.177811 0.258603 0.276408 0.925593 0.4672 
1535159455734 0.219294 0.918208 -0.329854 -0.510687 -0.938502 0.290934 0.185932 -0.19005 0.26669 0.268795 0.925541 0.450436 
