1534184561724 0.418205 0.849556 -0.321496 -0.486466 -0.893256 0.448894 0.0242513 -0.173238 0.164921 0.277036 0.9466 0.354688 
1534184566580 0.418208 0.849554 -0.321497 -0.486467 -0.893254 0.448897 0.0242514 -0.173239 0.164922 0.277037 0.9466 0.354688 
1534184568019 0.422522 0.864876 -0.271043 -0.49957 -0.893819 0.447171 0.0335346 -0.179672 0.150206 0.228094 0.961983 0.351024 
1534184568927 0.425092 0.877445 -0.222232 -0.513208 -0.894829 0.444352 0.0427937 -0.185862 0.136299 0.180669 0.974054 0.346787 
1534184569853 0.427209 0.887858 -0.170882 -0.526643 -0.895968 0.441085 0.0518228 -0.19218 0.121385 0.130966 0.983928 0.342889 
1534184570794 0.428761 0.895542 -0.119035 -0.540076 -0.897136 0.437578 0.0605928 -0.198527 0.10635 0.0808106 0.991039 0.338984 
1534184571760 0.429313 0.900695 -0.0666337 -0.553532 -0.898534 0.433406 0.0692539 -0.204803 0.0912561 0.0301411 0.995371 0.335163 
1534184572740 0.429289 0.903055 -0.0142209 -0.566966 -0.899947 0.429034 0.0776215 -0.21115 0.0761977 -0.020524 0.996881 0.331236 
1534184573736 0.428255 0.902854 0.038119 -0.580375 -0.901585 0.424037 0.0856548 -0.217457 0.0611699 -0.0710496 0.995595 0.327258 
1534184574755 0.426618 0.899905 0.0903799 -0.593794 -0.903246 0.418812 0.0935009 -0.223796 0.0462897 -0.121525 0.991508 0.323321 
1534184575754 0.424213 0.894338 0.142135 -0.605066 -0.905008 0.413207 0.101097 -0.22925 0.0316837 -0.17152 0.984671 0.3199 
1534184575787 0.423764 0.894382 0.143194 -0.60511 -0.905228 0.412701 0.101196 -0.229178 0.0314114 -0.172506 0.984507 0.320066 
1534184576173 0.424339 0.893552 0.146634 -0.606495 -0.904991 0.413054 0.101871 -0.230023 0.0304599 -0.17593 0.983931 0.31947 
1534184576541 0.424038 0.892796 0.152008 -0.608034 -0.905183 0.412452 0.102598 -0.230798 0.0289031 -0.181101 0.98304 0.319048 
1534184576909 0.423556 0.892116 0.157254 -0.609645 -0.905455 0.411679 0.103303 -0.231399 0.0274203 -0.186141 0.98214 0.318513 
1534184577282 0.423297 0.891249 0.162772 -0.611201 -0.905621 0.411106 0.104126 -0.232141 0.0258859 -0.191486 0.981154 0.318184 
1534184577653 0.422704 0.89056 0.167999 -0.612806 -0.905934 0.410194 0.104997 -0.232786 0.0245941 -0.196578 0.98018 0.317715 
1534184578028 0.42239 0.889671 0.173413 -0.614361 -0.906126 0.409627 0.105556 -0.233543 0.0228756 -0.20172 0.979176 0.3173 
1534184578399 0.421956 0.888808 0.178811 -0.615924 -0.906364 0.4089 0.106324 -0.234299 0.0213862 -0.206932 0.978122 0.316932 
1534184578773 0.421625 0.887878 0.184132 -0.617528 -0.906552 0.408288 0.107073 -0.234964 0.0198891 -0.21207 0.977052 0.316531 
1534184579149 0.421111 0.887016 0.189389 -0.619091 -0.90682 0.407482 0.107867 -0.235758 0.0185075 -0.217166 0.975959 0.316051 
1534184579183 0.42077 0.887059 0.189947 -0.619194 -0.906982 0.407124 0.107858 -0.235657 0.0183444 -0.217662 0.975852 0.31607 
1534184579402 0.421107 0.886587 0.191395 -0.619268 -0.906848 0.407551 0.107371 -0.235922 0.0171907 -0.218782 0.975622 0.315922 
1534184579546 0.420703 0.886449 0.192917 -0.619483 -0.907062 0.407326 0.106416 -0.235808 0.0157519 -0.219757 0.975427 0.315826 
1534184579698 0.420873 0.886088 0.194203 -0.619579 -0.907 0.407586 0.105945 -0.236048 0.0147219 -0.220732 0.975223 0.315677 
1534184579844 0.420679 0.885873 0.195598 -0.619741 -0.907106 0.40748 0.105445 -0.236024 0.0137082 -0.221786 0.974999 0.315545 
1534184579994 0.420798 0.885521 0.196932 -0.61988 -0.907067 0.407711 0.104885 -0.236172 0.0125861 -0.222766 0.974791 0.315401 
1534184580140 0.420502 0.88534 0.198369 -0.620024 -0.907218 0.407505 0.104385 -0.236195 0.0115798 -0.223858 0.974553 0.315282 
1534184580290 0.420628 0.884963 0.199784 -0.620179 -0.907173 0.407743 0.103838 -0.23629 0.0104321 -0.224916 0.974322 0.315166 
1534184580434 0.420422 0.884751 0.20115 -0.620323 -0.907281 0.407651 0.103262 -0.236342 0.00936199 -0.225913 0.974102 0.315091 
1534184580461 0.420476 0.884662 0.201427 -0.620356 -0.907258 0.40773 0.103147 -0.236382 0.00912258 -0.226118 0.974057 0.315033 
1534184580481 0.420549 0.884577 0.201647 -0.620406 -0.907226 0.407834 0.103014 -0.236414 0.00888511 -0.226262 0.974026 0.314973 
1534184580498 0.420508 0.884587 0.201688 -0.620444 -0.907246 0.407811 0.102932 -0.236383 0.00880148 -0.226265 0.974026 0.314959 
1534184580627 0.420362 0.884495 0.202397 -0.620449 -0.907321 0.407769 0.102437 -0.236429 0.00807395 -0.226699 0.973931 0.314956 
1534184580670 0.420377 0.884385 0.202846 -0.620538 -0.907318 0.407851 0.102136 -0.236452 0.00759672 -0.226981 0.97387 0.314896 
1534184580746 0.419955 0.884478 0.203312 -0.620676 -0.907518 0.407541 0.101599 -0.236319 0.00700408 -0.227176 0.973829 0.314925 
1534184580791 0.419781 0.884426 0.203899 -0.620733 -0.907602 0.40743 0.101291 -0.236275 0.00650963 -0.227579 0.973738 0.314899 
1534184580853 0.419603 0.884391 0.204417 -0.62085 -0.907688 0.407331 0.100917 -0.236172 0.00598504 -0.227892 0.973668 0.314857 
1534184580908 0.419576 0.884285 0.204929 -0.620933 -0.907704 0.407385 0.100554 -0.23616 0.00543374 -0.228205 0.973598 0.314835 
1534184580941 0.419602 0.88422 0.205158 -0.620987 -0.907694 0.407458 0.100349 -0.236208 0.00513751 -0.228327 0.973571 0.314821 
1534184580958 0.4196 0.884192 0.205283 -0.621015 -0.907696 0.407478 0.100253 -0.236222 0.00499479 -0.228401 0.973554 0.31481 
1534184581038 0.419401 0.884232 0.205515 -0.621073 -0.907789 0.407321 0.100048 -0.236173 0.00475478 -0.228524 0.973527 0.314771 
1534184581127 0.41903 0.884492 0.205152 -0.621182 -0.907954 0.406742 0.100901 -0.236337 0.00580226 -0.228549 0.973515 0.314724 
1534184581187 0.418991 0.884528 0.20508 -0.621331 -0.907968 0.406556 0.101521 -0.236397 0.00642142 -0.228742 0.973466 0.314678 
1534184581289 0.418348 0.884784 0.205284 -0.621512 -0.908261 0.405827 0.101814 -0.236319 0.00677369 -0.229045 0.973392 0.314601 
1534184581344 0.41814 0.884908 0.205174 -0.62167 -0.908355 0.405562 0.102033 -0.236373 0.00707942 -0.229035 0.973392 0.314498 
1534184581449 0.417572 0.885121 0.205414 -0.621851 -0.908614 0.40493 0.102236 -0.236317 0.00731242 -0.229333 0.973321 0.314444 
1534184581504 0.417583 0.885111 0.205435 -0.621945 -0.908607 0.40487 0.102536 -0.236511 0.00758169 -0.229477 0.973284 0.314381 
1534184581608 0.417019 0.885313 0.205709 -0.622103 -0.908863 0.404187 0.102961 -0.236505 0.00800791 -0.229898 0.973182 0.314401 
1534184581631 0.416952 0.885347 0.205697 -0.622179 -0.908892 0.404091 0.103083 -0.236522 0.00814397 -0.229937 0.973171 0.314372 
1534184581648 0.416898 0.885368 0.205717 -0.622228 -0.908916 0.404018 0.103154 -0.236525 0.00821633 -0.229984 0.97316 0.314353 
1534184581667 0.41682 0.885392 0.205771 -0.622285 -0.908951 0.403922 0.103222 -0.236501 0.00827685 -0.230061 0.973141 0.314339 
1534184581681 0.416762 0.885405 0.205834 -0.622294 -0.908978 0.403856 0.103245 -0.236489 0.00828657 -0.230128 0.973125 0.314345 
1534184581761 0.416384 0.885539 0.206022 -0.622193 -0.909152 0.403495 0.103122 -0.236443 0.00818946 -0.230244 0.973098 0.314383 
1534184581802 0.415997 0.885821 0.20559 -0.622165 -0.909328 0.403146 0.102933 -0.236476 0.00829731 -0.229769 0.97321 0.314262 
1534184581827 0.415702 0.886022 0.205322 -0.622166 -0.909463 0.40289 0.102746 -0.236542 0.0083125 -0.229444 0.973286 0.314158 
1534184581885 0.415289 0.886288 0.205009 -0.622198 -0.909652 0.402535 0.102466 -0.236524 0.00829121 -0.229039 0.973382 0.313957 
1534184581922 0.41487 0.886501 0.204936 -0.622217 -0.909842 0.402126 0.10238 -0.236494 0.0083497 -0.228933 0.973406 0.31382 
1534184581965 0.414499 0.886685 0.204893 -0.622244 -0.910011 0.401754 0.102341 -0.236474 0.00842805 -0.228875 0.973419 0.313724 
1534184581988 0.414308 0.886782 0.204857 -0.622263 -0.910097 0.401561 0.102336 -0.23646 0.00848685 -0.228838 0.973427 0.313693 
1534184582005 0.414157 0.886858 0.204833 -0.622277 -0.910165 0.401407 0.102328 -0.236448 0.00852876 -0.228811 0.973433 0.31367 
1534184582126 0.413493 0.887133 0.204986 -0.622163 -0.910466 0.400713 0.102376 -0.236374 0.00868008 -0.228965 0.973396 0.313609 
1534184582177 0.413414 0.887085 0.205349 -0.621943 -0.9105 0.400538 0.10276 -0.236287 0.00890669 -0.229453 0.973279 0.31359 
1534184582259 0.413074 0.887223 0.20544 -0.621786 -0.91065 0.40011 0.103094 -0.236216 0.00926838 -0.229669 0.973225 0.313361 
1534184582297 0.412484 0.887443 0.205673 -0.621706 -0.910917 0.399501 0.103099 -0.23608 0.00932829 -0.229878 0.973175 0.313316 
1534184582317 0.41196 0.887642 0.205865 -0.621608 -0.911152 0.398935 0.103212 -0.235953 0.00948829 -0.230094 0.973122 0.313254 
1534184582373 0.411615 0.887768 0.206013 -0.621447 -0.911306 0.398513 0.103487 -0.235937 0.0097734 -0.230338 0.973062 0.313075 
1534184582403 0.411444 0.887826 0.206103 -0.621357 -0.911381 0.398301 0.103638 -0.235936 0.00992201 -0.23048 0.973027 0.313021 
1534184582420 0.411313 0.887868 0.206183 -0.621307 -0.911439 0.398138 0.103752 -0.23591 0.0100292 -0.230598 0.972997 0.313002 
1534184582575 0.410507 0.888216 0.206292 -0.621079 -0.911797 0.39724 0.104045 -0.235646 0.0104669 -0.230808 0.972943 0.312828 
1534184582769 0.409525 0.888544 0.206831 -0.620488 -0.912221 0.39587 0.10554 -0.235254 0.0118989 -0.231897 0.972668 0.312844 
1534184582896 0.409231 0.888689 0.206789 -0.620149 -0.912344 0.39542 0.106164 -0.235246 0.0125787 -0.232108 0.972609 0.312632 
1534184583002 0.40845 0.889019 0.206915 -0.61991 -0.912687 0.394516 0.106586 -0.234959 0.0131254 -0.232384 0.972536 0.312513 
1534184583178 0.407114 0.889487 0.207536 -0.619325 -0.913261 0.392793 0.108014 -0.234546 0.0145581 -0.233508 0.972246 0.31243 
1534184583303 0.406573 0.889709 0.207645 -0.618992 -0.91349 0.392073 0.108696 -0.234425 0.0152959 -0.233874 0.972147 0.312274 
1534184583320 0.406397 0.889773 0.207717 -0.618957 -0.913568 0.391881 0.108735 -0.234352 0.0153496 -0.233953 0.972127 0.312272 
1534184583451 0.406097 0.88978 0.208269 -0.618767 -0.913697 0.391468 0.109135 -0.234288 0.0155753 -0.234614 0.971964 0.312178 
1534184583653 0.404183 0.889979 0.211123 -0.61841 -0.91455 0.389343 0.109595 -0.233998 0.0153383 -0.237379 0.971296 0.311839 
1534184583790 0.403049 0.890167 0.212495 -0.618081 -0.915048 0.388055 0.110003 -0.23388 0.0154616 -0.238779 0.970951 0.311526 
1534184583923 0.402102 0.890233 0.21401 -0.617811 -0.915464 0.38696 0.110395 -0.233752 0.0154644 -0.240309 0.970573 0.311318 
1534184584120 0.399786 0.890509 0.217175 -0.617313 -0.916477 0.384328 0.111186 -0.233308 0.0155452 -0.243486 0.96978 0.31107 
1534184584285 0.398846 0.890687 0.21817 -0.617109 -0.916884 0.383272 0.111473 -0.233129 0.0156688 -0.244497 0.969523 0.31082 
1534184584422 0.397566 0.890799 0.220041 -0.616786 -0.917438 0.38178 0.112037 -0.232941 0.0157951 -0.246416 0.969035 0.310585 
1534184584444 0.397425 0.890769 0.220415 -0.61673 -0.9175 0.381614 0.112095 -0.232924 0.015737 -0.24678 0.968944 0.310564 
1534184584459 0.39734 0.890755 0.22063 -0.616698 -0.917537 0.381515 0.112125 -0.232916 0.0157022 -0.246988 0.968891 0.310553 
1534184584531 0.397051 0.89082 0.220887 -0.616628 -0.917661 0.381184 0.11224 -0.232873 0.0157868 -0.247264 0.96882 0.310468 
1534184584618 0.39653 0.890783 0.221965 -0.616435 -0.917897 0.380734 0.111831 -0.232724 0.0151076 -0.248086 0.96862 0.310376 
1534184584769 0.395279 0.890811 0.224078 -0.616074 -0.918454 0.379567 0.111225 -0.232283 0.0140274 -0.24977 0.968204 0.310156 
1534184584850 0.394706 0.890824 0.225032 -0.615908 -0.918705 0.378987 0.111127 -0.232124 0.0137102 -0.250601 0.967993 0.310011 
1534184584938 0.394201 0.890813 0.225958 -0.615739 -0.918928 0.378503 0.110937 -0.231974 0.0132985 -0.25137 0.9678 0.309838 
1534184585006 0.393597 0.890817 0.226993 -0.615557 -0.919194 0.37794 0.11065 -0.231802 0.0127793 -0.252202 0.96759 0.309724 
1534184585099 0.392893 0.890838 0.228128 -0.615362 -0.919502 0.377261 0.110406 -0.231582 0.0122904 -0.253142 0.967351 0.309649 
1534184585119 0.39275 0.890829 0.228411 -0.615316 -0.919565 0.377125 0.110349 -0.231549 0.0121622 -0.253379 0.967291 0.309628 
1534184585136 0.39261 0.890825 0.228668 -0.615276 -0.919626 0.37699 0.1103 -0.231518 0.0120526 -0.253594 0.967236 0.30961 
1534184585152 0.392462 0.890817 0.228949 -0.615231 -0.919691 0.376846 0.110255 -0.231481 0.0119379 -0.253833 0.967174 0.309597 
1534184585282 0.391762 0.890963 0.229581 -0.615089 -0.919989 0.376106 0.110291 -0.231339 0.0119184 -0.25442 0.96702 0.309505 
1534184585334 0.391203 0.89102 0.230309 -0.614893 -0.920229 0.375522 0.110283 -0.231255 0.0117785 -0.255081 0.966848 0.309372 
1534184585456 0.390069 0.891176 0.231627 -0.614533 -0.920712 0.374317 0.110344 -0.231089 0.0116342 -0.256304 0.966526 0.309016 
1534184585521 0.389047 0.891405 0.232464 -0.614327 -0.921145 0.373265 0.110293 -0.230835 0.0115452 -0.257042 0.966331 0.308869 
1534184585593 0.388624 0.891409 0.233155 -0.614168 -0.921327 0.372832 0.110242 -0.230768 0.0113432 -0.257654 0.966171 0.30874 
1534184585660 0.38798 0.891479 0.23396 -0.614007 -0.9216 0.372157 0.110241 -0.230639 0.0112071 -0.258389 0.965976 0.308662 
1534184585683 0.387759 0.891504 0.234231 -0.613954 -0.921693 0.371929 0.110228 -0.230582 0.0111517 -0.258631 0.965912 0.30864 
1534184585700 0.387564 0.891529 0.234458 -0.61391 -0.921776 0.371727 0.110219 -0.230529 0.0111093 -0.258835 0.965858 0.308622 
1534184585831 0.38719 0.891487 0.235233 -0.613762 -0.921937 0.371357 0.110122 -0.230548 0.0108165 -0.259508 0.96568 0.308397 
1534184585946 0.386528 0.891493 0.236297 -0.613796 -0.922217 0.370654 0.110146 -0.230396 0.0106101 -0.260492 0.965418 0.308321 
1534184586115 0.385553 0.891256 0.238771 -0.613519 -0.922632 0.369613 0.110163 -0.230315 0.00993067 -0.262771 0.964807 0.308213 
1534184586227 0.38484 0.891281 0.239825 -0.613447 -0.922933 0.368882 0.110094 -0.230117 0.00965769 -0.263711 0.964553 0.308029 
1534184586345 0.384183 0.89125 0.240991 -0.613345 -0.923209 0.368194 0.110081 -0.230002 0.00937825 -0.264777 0.964264 0.307905 
1534184586459 0.383645 0.891182 0.242097 -0.613211 -0.923435 0.367614 0.110122 -0.229991 0.0091404 -0.265808 0.963983 0.307797 
1534184586565 0.38304 0.89114 0.243207 -0.613105 -0.923689 0.366977 0.110118 -0.229895 0.00887954 -0.266827 0.963704 0.307672 
1534184586585 0.38294 0.891121 0.243435 -0.613084 -0.923731 0.366875 0.110109 -0.22987 0.00881021 -0.267033 0.963647 0.307645 
1534184586601 0.382853 0.891113 0.243599 -0.61307 -0.923767 0.366784 0.110106 -0.229848 0.00876925 -0.267183 0.963606 0.307624 
1534184586618 0.382762 0.891107 0.243764 -0.613055 -0.923806 0.366686 0.110109 -0.229825 0.00873424 -0.267337 0.963564 0.3076 
1534184586635 0.382691 0.891099 0.243905 -0.613042 -0.923836 0.366624 0.110067 -0.229814 0.0086589 -0.26745 0.963533 0.307581 
1534184586733 0.382025 0.891338 0.244076 -0.612898 -0.924108 0.365855 0.11034 -0.229731 0.00905366 -0.267705 0.963458 0.30752 
1534184586780 0.381305 0.891571 0.24435 -0.612689 -0.924399 0.364959 0.110869 -0.229677 0.00967002 -0.268151 0.963328 0.307435 
1534184586802 0.381021 0.891609 0.244655 -0.612565 -0.924514 0.364605 0.111072 -0.229705 0.0098302 -0.268508 0.963227 0.307377 
1534184586828 0.380768 0.89165 0.2449 -0.612452 -0.924616 0.36427 0.111322 -0.229746 0.0100507 -0.268826 0.963136 0.307302 
1534184586858 0.380447 0.891705 0.245197 -0.61237 -0.924746 0.363886 0.111497 -0.229728 0.0101985 -0.269164 0.96304 0.307238 
1534184586882 0.380191 0.891767 0.245368 -0.612323 -0.924851 0.363589 0.111599 -0.229664 0.0103067 -0.269358 0.962985 0.307194 
1534184586899 0.380003 0.891821 0.245465 -0.612293 -0.924927 0.363373 0.111673 -0.229617 0.0103969 -0.269473 0.962952 0.307164 
1534184586919 0.379695 0.891905 0.245638 -0.612242 -0.925052 0.363021 0.111778 -0.229547 0.0105239 -0.269669 0.962896 0.307113 
1534184586976 0.379026 0.892058 0.246114 -0.612082 -0.925323 0.362255 0.11202 -0.229399 0.0107721 -0.270194 0.962746 0.306982 
1534184587066 0.378764 0.892155 0.246167 -0.611936 -0.925431 0.36202 0.111885 -0.229419 0.0107017 -0.270188 0.962748 0.30688 
1534184587093 0.37844 0.892203 0.246491 -0.611822 -0.925566 0.361722 0.111735 -0.229359 0.0105296 -0.270428 0.962683 0.30689 
1534184587132 0.378072 0.89227 0.246812 -0.611699 -0.925716 0.361335 0.111742 -0.229279 0.0105217 -0.270724 0.962599 0.306876 
1534184587193 0.37759 0.892373 0.247176 -0.611536 -0.925911 0.360787 0.111897 -0.229218 0.0106761 -0.271114 0.962488 0.306781 
1534184587241 0.377118 0.892463 0.247572 -0.61135 -0.926103 0.360269 0.111981 -0.22918 0.0107468 -0.271507 0.962376 0.306637 
1534184587261 0.376922 0.892498 0.247744 -0.611253 -0.926182 0.360045 0.112047 -0.229191 0.0108025 -0.271689 0.962324 0.306564 
1534184587281 0.376795 0.892537 0.247796 -0.611183 -0.926233 0.35989 0.112126 -0.229208 0.0108969 -0.271765 0.962302 0.30652 
1534184587295 0.376676 0.892577 0.247836 -0.611146 -0.92628 0.359754 0.112168 -0.229197 0.0109585 -0.271816 0.962287 0.306494 
1534184587401 0.376116 0.892659 0.248388 -0.611128 -0.926508 0.359169 0.112159 -0.228978 0.0109064 -0.272319 0.962145 0.30641 
1534184587449 0.376151 0.892501 0.248902 -0.611183 -0.926497 0.3592 0.112157 -0.228945 0.0106952 -0.272795 0.962013 0.306373 
1534184587500 0.376007 0.892373 0.24958 -0.611185 -0.926558 0.359046 0.112146 -0.228929 0.0104653 -0.273418 0.961838 0.306407 
1534184587570 0.375728 0.892307 0.250233 -0.611107 -0.926672 0.358733 0.112205 -0.228954 0.0103545 -0.274043 0.961662 0.306413 
1534184587612 0.375491 0.892232 0.250856 -0.611029 -0.926768 0.358429 0.112382 -0.22894 0.0103567 -0.274683 0.961479 0.306375 
1534184587681 0.375223 0.892164 0.251498 -0.61096 -0.926876 0.358073 0.112628 -0.228901 0.010428 -0.275368 0.961282 0.306343 
1534184587730 0.374917 0.892112 0.252137 -0.610915 -0.927001 0.357743 0.112642 -0.228823 0.010289 -0.275963 0.961113 0.306314 
1534184587744 0.374809 0.892124 0.252257 -0.610909 -0.927045 0.357629 0.112647 -0.228801 0.0102812 -0.276075 0.961081 0.306309 
1534184587760 0.374684 0.892134 0.252405 -0.610902 -0.927096 0.357494 0.112658 -0.228776 0.0102727 -0.276215 0.961041 0.306302 
1534184587835 0.374366 0.892081 0.253066 -0.610843 -0.927225 0.35713 0.112747 -0.22871 0.0102014 -0.276858 0.960857 0.30626 
1534184587913 0.373926 0.892099 0.253653 -0.610706 -0.927403 0.356642 0.112832 -0.228569 0.0101941 -0.277429 0.960692 0.306093 
1534184587957 0.373602 0.892048 0.254305 -0.610567 -0.927534 0.356275 0.112912 -0.228511 0.0101205 -0.278061 0.96051 0.305997 
1534184588018 0.373167 0.892071 0.254864 -0.610437 -0.927708 0.355778 0.113046 -0.228431 0.0101697 -0.278625 0.960346 0.30586 
1534184588078 0.372754 0.892081 0.255431 -0.610314 -0.927874 0.355317 0.113132 -0.228366 0.0101637 -0.279178 0.960186 0.305723 
1534184588135 0.372465 0.892038 0.256003 -0.610199 -0.927991 0.354986 0.113215 -0.228323 0.0101149 -0.279737 0.960023 0.305612 
1534184588190 0.372197 0.891993 0.256549 -0.610096 -0.9281 0.354703 0.113208 -0.228275 0.00998189 -0.280239 0.959878 0.305493 
1534184588210 0.372059 0.891971 0.256828 -0.610051 -0.928157 0.354564 0.113181 -0.22825 0.00989189 -0.280486 0.959807 0.305447 
1534184588227 0.371946 0.891958 0.257035 -0.610018 -0.928202 0.354436 0.113207 -0.228224 0.00987337 -0.280687 0.959749 0.305412 
1534184588310 0.371545 0.892007 0.257444 -0.609935 -0.928361 0.353973 0.11335 -0.22811 0.00998062 -0.281116 0.959622 0.305289 
1534184588401 0.371042 0.891918 0.258475 -0.60979 -0.928567 0.3535 0.113141 -0.228063 0.00954175 -0.281992 0.959369 0.305248 
1534184588489 0.370314 0.891919 0.259514 -0.609649 -0.928856 0.352638 0.113457 -0.227889 0.00967996 -0.283066 0.959051 0.305159 
1534184588570 0.369822 0.891849 0.260455 -0.609526 -0.929055 0.352145 0.113357 -0.227818 0.00937975 -0.283899 0.958808 0.305053 
1534184588666 0.369102 0.891902 0.261295 -0.609395 -0.929342 0.351359 0.113452 -0.227671 0.00937974 -0.284708 0.958569 0.304868 
1534184588737 0.368409 0.89193 0.262175 -0.609275 -0.929618 0.350621 0.113473 -0.227535 0.00928611 -0.285527 0.958326 0.304726 
1534184588822 0.367826 0.891893 0.263117 -0.609153 -0.929849 0.349987 0.113532 -0.227384 0.00917052 -0.286419 0.958061 0.304603 
1534184588906 0.367194 0.891882 0.264034 -0.60902 -0.9301 0.349297 0.113606 -0.227249 0.00909697 -0.287294 0.957799 0.304459 
1534184588923 0.367051 0.891878 0.264247 -0.608987 -0.930157 0.349148 0.113599 -0.22722 0.00905502 -0.287488 0.957741 0.304426 
1534184588939 0.366929 0.891869 0.264449 -0.608956 -0.930205 0.349016 0.113606 -0.227195 0.0090248 -0.287678 0.957685 0.304399 
1534184589051 0.366463 0.891846 0.265172 -0.608829 -0.930391 0.348544 0.113536 -0.227065 0.00883241 -0.28832 0.957493 0.30422 
1534184589136 0.366086 0.891712 0.266139 -0.608699 -0.930544 0.348228 0.113249 -0.226956 0.0083086 -0.289113 0.957259 0.30406 
1534184589238 0.365496 0.891623 0.267247 -0.608534 -0.930779 0.347651 0.113087 -0.226785 0.00792174 -0.290081 0.956969 0.303893 
1534184589342 0.364775 0.891601 0.268304 -0.608408 -0.931065 0.346966 0.112835 -0.226547 0.00751151 -0.290968 0.956703 0.303716 
1534184589430 0.364088 0.891552 0.269395 -0.60827 -0.931338 0.346336 0.112522 -0.226369 0.00701843 -0.291866 0.956433 0.303584 
1534184589522 0.363318 0.891519 0.270544 -0.608111 -0.931641 0.345588 0.112307 -0.226151 0.00662654 -0.292853 0.956134 0.303444 
1534184589611 0.362789 0.891408 0.271617 -0.607961 -0.93185 0.345068 0.112176 -0.226022 0.00626853 -0.293803 0.955846 0.303332 
1534184589698 0.362316 0.891266 0.272712 -0.607809 -0.932037 0.344584 0.112114 -0.225934 0.00595134 -0.294798 0.955541 0.303231 
1534184589721 0.362197 0.891248 0.272928 -0.607775 -0.932083 0.344472 0.112072 -0.225912 0.00586825 -0.294984 0.955484 0.303193 
1534184589738 0.362076 0.891238 0.273122 -0.607742 -0.932131 0.344362 0.112014 -0.225889 0.00577819 -0.295143 0.955436 0.303148 
1534184589755 0.361963 0.891227 0.273308 -0.60771 -0.932175 0.344252 0.111984 -0.225868 0.00571664 -0.295305 0.955386 0.303104 
1534184589886 0.361248 0.891256 0.274156 -0.607558 -0.932451 0.343413 0.112262 -0.225669 0.00590521 -0.296192 0.95511 0.302991 
1534184589946 0.36064 0.891273 0.274904 -0.607404 -0.932684 0.342644 0.112673 -0.225574 0.00622818 -0.297033 0.954847 0.30289 
1534184590021 0.360164 0.891213 0.275719 -0.607219 -0.932866 0.34199 0.113154 -0.225549 0.00655116 -0.297963 0.954555 0.302828 
1534184590100 0.359369 0.891249 0.276637 -0.607005 -0.933172 0.34111 0.113288 -0.225463 0.00660407 -0.298863 0.954273 0.302712 
1534184590182 0.358674 0.89126 0.277504 -0.606822 -0.93344 0.340339 0.113403 -0.225313 0.00662588 -0.299708 0.954008 0.302561 
1534184590334 0.357433 0.891304 0.27896 -0.606523 -0.933914 0.338932 0.11371 -0.225063 0.0068015 -0.301169 0.953547 0.30224 
1534184590368 0.357098 0.891255 0.279545 -0.606413 -0.934043 0.338571 0.113729 -0.225034 0.00671562 -0.301719 0.953373 0.302179 
1534184590388 0.35696 0.891284 0.279628 -0.606383 -0.934095 0.338405 0.113791 -0.225016 0.00679293 -0.301818 0.953341 0.302154 
1534184590525 0.356622 0.891271 0.2801 -0.606272 -0.934224 0.338022 0.113872 -0.224974 0.00681063 -0.302285 0.953193 0.302107 
1534184590570 0.356101 0.891309 0.280641 -0.606189 -0.934424 0.337512 0.113747 -0.224913 0.00666439 -0.302744 0.953049 0.30202 
1534184590663 0.355307 0.891468 0.281145 -0.606095 -0.934726 0.336681 0.113729 -0.224743 0.0067294 -0.303201 0.952903 0.301888 
1534184590706 0.354789 0.891482 0.281752 -0.606 -0.934923 0.336161 0.113641 -0.224648 0.00659503 -0.303735 0.952734 0.301817 
1534184590796 0.353877 0.891626 0.282443 -0.605876 -0.935269 0.335242 0.113509 -0.224511 0.00652116 -0.304329 0.952545 0.301764 
1534184590833 0.353503 0.891569 0.283089 -0.605761 -0.935412 0.334877 0.11341 -0.224519 0.00631311 -0.304896 0.952365 0.301725 
1534184590931 0.353009 0.891588 0.283647 -0.605598 -0.935597 0.33428 0.113642 -0.224497 0.00650446 -0.305496 0.952171 0.301582 
1534184590955 0.352764 0.891568 0.284012 -0.605545 -0.93569 0.33403 0.113613 -0.224458 0.00642519 -0.305826 0.952066 0.301543 
1534184590971 0.352562 0.891584 0.284214 -0.605513 -0.935766 0.333818 0.113608 -0.224422 0.00641554 -0.306012 0.952006 0.301513 
1534184590988 0.352445 0.891618 0.284252 -0.605504 -0.93581 0.333689 0.113627 -0.224396 0.00646015 -0.306053 0.951993 0.301495 
1534184591098 0.352304 0.891565 0.284593 -0.60549 -0.935863 0.333511 0.113712 -0.224445 0.00646645 -0.306401 0.951881 0.301453 
1534184591156 0.352197 0.891438 0.285123 -0.605533 -0.935904 0.333354 0.113838 -0.224454 0.00643273 -0.306941 0.951707 0.301377 
1534184591222 0.351782 0.891354 0.285899 -0.605519 -0.936061 0.332901 0.113873 -0.22438 0.0063252 -0.307677 0.95147 0.301388 
1534184591285 0.351318 0.891308 0.286612 -0.605454 -0.936235 0.332385 0.113948 -0.224415 0.00629666 -0.308368 0.951246 0.301376 
1534184591347 0.351212 0.891177 0.287146 -0.605419 -0.936275 0.33221 0.114131 -0.224491 0.00631831 -0.308932 0.951063 0.301306 
1534184591402 0.350971 0.891072 0.287768 -0.605379 -0.936365 0.33191 0.114266 -0.224505 0.00630625 -0.30956 0.950859 0.301249 
1534184591468 0.350569 0.891015 0.288433 -0.60536 -0.936515 0.331415 0.114471 -0.224441 0.00640434 -0.310251 0.950633 0.301209 
1534184591482 0.350483 0.891004 0.288572 -0.605352 -0.936548 0.331325 0.114466 -0.224438 0.00637853 -0.31038 0.950591 0.301201 
1534184591499 0.350395 0.890985 0.288735 -0.605343 -0.936581 0.331235 0.114455 -0.224435 0.00633857 -0.310528 0.950543 0.30119 
1534184591519 0.350292 0.890963 0.288931 -0.605333 -0.936619 0.331126 0.114452 -0.22443 0.00629994 -0.31071 0.950484 0.301177 
1534184591535 0.350192 0.890941 0.289118 -0.605324 -0.936657 0.331019 0.114456 -0.224424 0.00627018 -0.310886 0.950426 0.301165 
1534184591552 0.350132 0.890928 0.28923 -0.605318 -0.936679 0.330952 0.114466 -0.22442 0.00625955 -0.310994 0.950391 0.301156 
1534184591569 0.350111 0.890939 0.289223 -0.605325 -0.936687 0.330919 0.114499 -0.224415 0.00630217 -0.310999 0.950389 0.301153 
1534184591585 0.350107 0.890953 0.289186 -0.605331 -0.936688 0.330902 0.114539 -0.224411 0.00635653 -0.310978 0.950396 0.301152 
1534184591602 0.350106 0.890964 0.289153 -0.605336 -0.936688 0.330883 0.114594 -0.224406 0.00642346 -0.310967 0.950399 0.301153 
1534184591619 0.350156 0.891012 0.288943 -0.605352 -0.936668 0.33088 0.11477 -0.224412 0.00665615 -0.310831 0.950442 0.301161 
1534184591649 0.350303 0.891102 0.288488 -0.605365 -0.936609 0.330912 0.115156 -0.224461 0.00715171 -0.31054 0.950533 0.301155 
1534184591669 0.350395 0.891126 0.288301 -0.605341 -0.936572 0.330901 0.115489 -0.224507 0.00751603 -0.310481 0.95055 0.301139 
1534184591710 0.350531 0.891088 0.288254 -0.60528 -0.936516 0.330826 0.116159 -0.224593 0.00814561 -0.310672 0.950482 0.301142 
1534184591771 0.350442 0.890936 0.288831 -0.605254 -0.936553 0.330838 0.115819 -0.22459 0.00763118 -0.311094 0.950349 0.301227 
1534184591784 0.350364 0.890897 0.289047 -0.605262 -0.936585 0.330852 0.115522 -0.224553 0.00728634 -0.311192 0.950319 0.301252 
1534184591801 0.350225 0.890842 0.289384 -0.605278 -0.936642 0.330877 0.114991 -0.224489 0.00668808 -0.311321 0.950281 0.301281 
1534184591817 0.350247 0.890768 0.289583 -0.605296 -0.936636 0.33102 0.114621 -0.224436 0.00624324 -0.31138 0.950265 0.301286 
1534184591834 0.350354 0.890701 0.289661 -0.605329 -0.936599 0.331243 0.11428 -0.224388 0.00584079 -0.311334 0.950282 0.30128 
1534184591851 0.350405 0.890672 0.289687 -0.605362 -0.936581 0.331374 0.114045 -0.224334 0.00558193 -0.311278 0.950303 0.301254 
1534184591894 0.350497 0.890603 0.28979 -0.605407 -0.936549 0.331571 0.113736 -0.224221 0.00520808 -0.311267 0.950308 0.301185 
1534184591911 0.350555 0.890534 0.289931 -0.605413 -0.936529 0.331687 0.113563 -0.224189 0.00496572 -0.311339 0.950286 0.301161 
1534184592037 0.350807 0.890552 0.289572 -0.605357 -0.936436 0.332053 0.113262 -0.224251 0.00471279 -0.310899 0.950431 0.301189 
1534184592066 0.350669 0.890769 0.289073 -0.605339 -0.936486 0.331878 0.113362 -0.224233 0.00504302 -0.310465 0.950571 0.301229 
1534184592131 0.350423 0.890948 0.288816 -0.605251 -0.936577 0.331641 0.1133 -0.224206 0.00516145 -0.310202 0.950657 0.301254 
1534184592187 0.350263 0.891177 0.288305 -0.605215 -0.936638 0.331599 0.112921 -0.224182 0.00503143 -0.309589 0.950857 0.301249 
1534184592238 0.350563 0.891265 0.287666 -0.605197 -0.936526 0.332017 0.112619 -0.224105 0.00486356 -0.308887 0.951086 0.301228 
1534184592293 0.350838 0.891309 0.287196 -0.6051 -0.936425 0.3324 0.112334 -0.224174 0.00465975 -0.308349 0.951262 0.301181 
1534184592343 0.350912 0.891422 0.286754 -0.605024 -0.936398 0.332569 0.112061 -0.224191 0.00452836 -0.307839 0.951428 0.301177 
1534184592385 0.350768 0.891573 0.28646 -0.605001 -0.936453 0.332538 0.111692 -0.224076 0.00432275 -0.307434 0.95156 0.301195 
1534184592406 0.350698 0.89163 0.286369 -0.604992 -0.936479 0.332526 0.111503 -0.224021 0.00419411 -0.307282 0.951609 0.301207 
1534184592424 0.350689 0.891673 0.286247 -0.604987 -0.936483 0.332577 0.111317 -0.223989 0.00405894 -0.307103 0.951668 0.301212 
1534184592555 0.350877 0.891727 0.285845 -0.604974 -0.936411 0.332679 0.111618 -0.224056 0.004438 -0.306833 0.951753 0.301149 
1534184592570 0.350839 0.89167 0.28607 -0.60496 -0.936424 0.332539 0.111928 -0.22411 0.00467327 -0.307151 0.951649 0.30111 
1534184592585 0.350815 0.891627 0.286236 -0.604955 -0.936432 0.332411 0.112242 -0.224158 0.00492955 -0.307416 0.951562 0.301068 
1534184592603 0.350879 0.891557 0.286373 -0.604961 -0.936407 0.332415 0.112436 -0.224231 0.00504804 -0.307613 0.951498 0.301031 
1534184592633 0.35097 0.891469 0.286536 -0.604977 -0.936373 0.332485 0.112513 -0.224283 0.0050324 -0.307793 0.95144 0.301028 
1534184592726 0.350929 0.891358 0.286931 -0.605008 -0.936385 0.332201 0.11325 -0.224318 0.00562736 -0.30842 0.951234 0.301008 
1534184592754 0.350781 0.89141 0.28695 -0.605025 -0.936437 0.331887 0.113739 -0.224343 0.0061536 -0.308608 0.951169 0.300934 
1534184592774 0.350726 0.891377 0.28712 -0.605026 -0.936456 0.331693 0.114152 -0.224378 0.00651682 -0.308911 0.951069 0.300895 
1534184592791 0.35072 0.891339 0.287244 -0.605026 -0.936456 0.331594 0.114435 -0.22441 0.00675216 -0.309126 0.950997 0.300881 
1534184592808 0.35073 0.891303 0.287345 -0.605034 -0.93645 0.331495 0.114769 -0.224445 0.00704028 -0.309337 0.950926 0.300882 
1534184592824 0.350737 0.891301 0.287344 -0.605052 -0.936445 0.331417 0.115034 -0.224477 0.00729975 -0.309428 0.950895 0.300887 
1534184592841 0.350746 0.891301 0.287332 -0.605061 -0.936441 0.331395 0.115129 -0.22449 0.00739446 -0.309451 0.950887 0.300887 
1534184592857 0.350764 0.891301 0.28731 -0.605066 -0.936434 0.331398 0.115179 -0.224492 0.00744499 -0.309448 0.950887 0.300876 
1534184592874 0.350729 0.891315 0.287308 -0.605063 -0.936447 0.331365 0.115169 -0.224477 0.00744844 -0.309442 0.950889 0.300868 
1534184592891 0.350693 0.891323 0.287327 -0.605058 -0.936461 0.331342 0.11512 -0.224464 0.00740502 -0.309443 0.950889 0.30087 
1534184592969 0.350494 0.891374 0.287413 -0.605056 -0.936535 0.331115 0.115175 -0.224494 0.00749696 -0.30954 0.950857 0.300833 
1534184592989 0.350417 0.891366 0.287533 -0.605063 -0.936561 0.330915 0.115536 -0.22455 0.00783554 -0.309778 0.950777 0.300793 
1534184593009 0.350383 0.891342 0.287648 -0.60507 -0.936571 0.330755 0.115916 -0.224606 0.00818004 -0.310018 0.950696 0.300761 
1534184593026 0.350464 0.89128 0.287741 -0.605078 -0.936538 0.330719 0.116285 -0.224649 0.008481 -0.310234 0.950622 0.300733 
1534184593043 0.350528 0.891252 0.287751 -0.605091 -0.936512 0.330693 0.116567 -0.224671 0.00873343 -0.310342 0.950585 0.300719 
1534184593142 0.350312 0.891365 0.287662 -0.605092 -0.936589 0.330373 0.116854 -0.224664 0.00912412 -0.310357 0.950576 0.30083 
1534184593158 0.350256 0.891454 0.287455 -0.605088 -0.936609 0.330318 0.116851 -0.224647 0.00921594 -0.31016 0.95064 0.30085 
1534184593173 0.350168 0.891567 0.287213 -0.605073 -0.93664 0.330232 0.11684 -0.224627 0.00932404 -0.309929 0.950714 0.300868 
1534184593196 0.35003 0.891701 0.286962 -0.605041 -0.93669 0.330081 0.116868 -0.224598 0.00949066 -0.309702 0.950786 0.300875 
1534184593235 0.349975 0.89181 0.286693 -0.604994 -0.936708 0.329972 0.117029 -0.224642 0.00976682 -0.309505 0.950848 0.30083 
1534184593264 0.349896 0.89197 0.286291 -0.604967 -0.936732 0.329788 0.117354 -0.224727 0.0102608 -0.30924 0.950929 0.30075 
1534184593286 0.349823 0.892095 0.285991 -0.60494 -0.936754 0.329581 0.117765 -0.224776 0.0108005 -0.3091 0.950968 0.300681 
1534184593309 0.349758 0.892207 0.28572 -0.604904 -0.936771 0.329366 0.11823 -0.224837 0.0113796 -0.309007 0.950992 0.300627 
1534184593326 0.349747 0.892278 0.285511 -0.604877 -0.93677 0.329246 0.118573 -0.2249 0.0117973 -0.308928 0.951012 0.300614 
1534184593343 0.349738 0.892347 0.285308 -0.60485 -0.936768 0.329125 0.118926 -0.224975 0.0122214 -0.30886 0.951029 0.300623 
1534184593436 0.349583 0.892442 0.2852 -0.604867 -0.936823 0.328938 0.119003 -0.224932 0.0123903 -0.308783 0.951052 0.300786 
1534184593449 0.349705 0.892387 0.285224 -0.604879 -0.936783 0.32916 0.11871 -0.224907 0.0120506 -0.308707 0.951081 0.300789 
1534184593465 0.349897 0.892298 0.285266 -0.604898 -0.936719 0.329552 0.118122 -0.224858 0.0113898 -0.308545 0.951142 0.30078 
1534184593496 0.349827 0.892303 0.285335 -0.604928 -0.936756 0.329779 0.117196 -0.224715 0.0104774 -0.308288 0.951236 0.300743 
1534184593548 0.349694 0.892336 0.285396 -0.6049 -0.936811 0.32983 0.116605 -0.224604 0.00991823 -0.308138 0.95129 0.300702 
1534184593571 0.349709 0.892411 0.285142 -0.604885 -0.936806 0.32989 0.116477 -0.224591 0.00988042 -0.307856 0.951382 0.300715 
1534184593593 0.34973 0.892459 0.284966 -0.604851 -0.936799 0.329957 0.116344 -0.224601 0.00980594 -0.307645 0.951451 0.300737 
1534184593616 0.349746 0.892495 0.284835 -0.604805 -0.936795 0.33004 0.116142 -0.224627 0.00964927 -0.307452 0.951515 0.300764 
1534184593633 0.349803 0.892502 0.284743 -0.60478 -0.936775 0.33014 0.116018 -0.224643 0.00954136 -0.307323 0.951557 0.300778 
1534184593649 0.349863 0.892518 0.284619 -0.604771 -0.936753 0.330242 0.115904 -0.22465 0.00945267 -0.307168 0.951608 0.300781 
1534184593666 0.349895 0.892548 0.284484 -0.604774 -0.936742 0.330316 0.115785 -0.224636 0.00937432 -0.307001 0.951663 0.30078 
1534184593683 0.349864 0.892596 0.284373 -0.60478 -0.936754 0.330326 0.115654 -0.2246 0.0092965 -0.306851 0.951712 0.300778 
1534184593704 0.349776 0.892644 0.284331 -0.604791 -0.936788 0.330272 0.115539 -0.224542 0.00922826 -0.30677 0.951739 0.300786 
1534184593741 0.349676 0.892638 0.284473 -0.604841 -0.936827 0.330215 0.115383 -0.224433 0.00905772 -0.306849 0.951715 0.300807 
1534184593770 0.349766 0.892504 0.28478 -0.604892 -0.936797 0.330377 0.115167 -0.224381 0.00870202 -0.307062 0.95165 0.300845 
1534184593800 0.350022 0.892227 0.285333 -0.604927 -0.936707 0.330775 0.11475 -0.224322 0.00800198 -0.307438 0.951534 0.300871 
1534184593831 0.350319 0.892044 0.285541 -0.604966 -0.936602 0.331267 0.114184 -0.224282 0.00726722 -0.307439 0.95154 0.30089 
1534184593851 0.350361 0.892011 0.285592 -0.604972 -0.936589 0.331397 0.113918 -0.224269 0.00697192 -0.307395 0.951557 0.300895 
1534184593868 0.350426 0.891963 0.285662 -0.604975 -0.936567 0.331557 0.113634 -0.224268 0.00664415 -0.307362 0.951569 0.300907 
1534184593888 0.350502 0.891914 0.285724 -0.604978 -0.936541 0.331726 0.113353 -0.224267 0.00631926 -0.307323 0.951584 0.30092 
1534184593905 0.350526 0.891902 0.285732 -0.604982 -0.936533 0.33182 0.113143 -0.224251 0.00610092 -0.307257 0.951607 0.300917 
1534184593981 0.350502 0.891893 0.285787 -0.605009 -0.936542 0.331767 0.113228 -0.224172 0.00617282 -0.307338 0.95158 0.300891 
1534184593995 0.35053 0.891874 0.285814 -0.60502 -0.93653 0.331722 0.113459 -0.22418 0.00638003 -0.307444 0.951545 0.300891 
1534184594012 0.350632 0.891796 0.285931 -0.605028 -0.93649 0.331713 0.113813 -0.224212 0.00665117 -0.307678 0.951467 0.300884 
1534184594033 0.350646 0.891751 0.286057 -0.605036 -0.936482 0.331616 0.114155 -0.224251 0.00693675 -0.307915 0.951389 0.300887 
1534184594045 0.350596 0.891727 0.28619 -0.605045 -0.936499 0.331454 0.11449 -0.2243 0.00723495 -0.308157 0.951308 0.300908 
1534184594080 0.350565 0.891667 0.286415 -0.605058 -0.936508 0.331291 0.114889 -0.22436 0.00755577 -0.308506 0.951192 0.300968 
1534184594095 0.350546 0.891644 0.286511 -0.605066 -0.936514 0.331231 0.115008 -0.224381 0.00764488 -0.308638 0.951149 0.301 
1534184594112 0.350578 0.891597 0.286618 -0.605071 -0.936502 0.331229 0.115115 -0.224398 0.00769969 -0.308775 0.951104 0.301027 
1534184594195 0.350576 0.89158 0.286672 -0.605101 -0.936504 0.331297 0.114899 -0.224303 0.00746765 -0.30875 0.951114 0.30097 
1534184594233 0.350742 0.891583 0.286461 -0.605076 -0.936448 0.331722 0.114129 -0.224171 0.00672957 -0.308286 0.95127 0.300944 
1534184594271 0.350787 0.8917 0.286041 -0.605074 -0.936434 0.331969 0.113524 -0.224079 0.00627252 -0.307681 0.951469 0.300928 
1534184594318 0.351067 0.891606 0.28599 -0.605038 -0.936333 0.332435 0.112994 -0.224095 0.00567335 -0.307451 0.951547 0.300901 
1534184594348 0.351258 0.89153 0.285993 -0.605031 -0.936263 0.332705 0.112776 -0.224108 0.00539229 -0.307378 0.951572 0.300916 
1534184594375 0.351553 0.891426 0.285956 -0.605023 -0.936156 0.33318 0.112266 -0.224122 0.00480172 -0.307167 0.951644 0.300938 
1534184594402 0.351683 0.891394 0.285897 -0.605022 -0.936109 0.333412 0.11197 -0.224109 0.00448832 -0.307008 0.951696 0.300933 
1534184594418 0.351731 0.891384 0.285866 -0.605019 -0.936091 0.333519 0.111794 -0.224091 0.00430998 -0.306918 0.951726 0.30093 
1534184594539 0.351909 0.891325 0.285832 -0.605022 -0.936024 0.333652 0.111963 -0.224062 0.00442734 -0.306946 0.951717 0.300877 
1534184594575 0.35177 0.891233 0.286289 -0.605016 -0.936073 0.33329 0.112625 -0.224177 0.00495782 -0.307605 0.951501 0.300775 
1534184594598 0.351672 0.891204 0.2865 -0.605025 -0.93611 0.333148 0.112743 -0.22424 0.00503033 -0.307844 0.951423 0.300745 
1534184594686 0.351522 0.891049 0.287165 -0.605061 -0.936166 0.332944 0.112876 -0.224199 0.00496838 -0.308512 0.951207 0.300737 
1534184594702 0.351518 0.890968 0.287421 -0.605067 -0.936168 0.332899 0.112995 -0.224197 0.00499299 -0.308794 0.951116 0.30071 
1534184594723 0.351495 0.890903 0.287651 -0.605087 -0.936176 0.332824 0.113148 -0.224197 0.00506678 -0.309063 0.951028 0.30067 
1534184594739 0.351461 0.890891 0.28773 -0.605117 -0.936188 0.33275 0.113266 -0.224189 0.00516524 -0.309178 0.95099 0.300644 
1534184594759 0.351467 0.890884 0.287743 -0.605157 -0.936185 0.332702 0.113434 -0.224194 0.00532386 -0.309249 0.950966 0.300629 
1534184594777 0.351452 0.89087 0.287806 -0.605162 -0.93619 0.332657 0.113521 -0.224206 0.00539205 -0.309338 0.950937 0.30063 
1534184594793 0.351432 0.890846 0.287903 -0.605152 -0.936198 0.33262 0.113568 -0.224218 0.0054089 -0.309446 0.950902 0.300641 
1534184594809 0.351431 0.890823 0.287977 -0.605137 -0.936198 0.332608 0.1136 -0.224235 0.00541403 -0.309526 0.950875 0.300652 
1534184594826 0.351473 0.890797 0.288005 -0.605125 -0.936182 0.33264 0.113639 -0.224256 0.0054275 -0.309566 0.950862 0.300662 
1534184594843 0.351524 0.890777 0.288006 -0.605113 -0.936163 0.332676 0.11369 -0.224276 0.00545998 -0.309585 0.950856 0.300679 
1534184594859 0.35154 0.890766 0.28802 -0.605106 -0.936157 0.332681 0.113728 -0.224285 0.00548637 -0.309611 0.950847 0.300691 
1534184594883 0.35164 0.890732 0.288005 -0.605096 -0.936119 0.332739 0.113869 -0.224305 0.00559639 -0.309647 0.950835 0.300706 
1534184594899 0.351684 0.890724 0.287973 -0.605094 -0.936101 0.332742 0.114008 -0.224313 0.00572915 -0.309666 0.950828 0.300703 
1534184594916 0.351738 0.890711 0.287947 -0.605097 -0.93608 0.332744 0.114174 -0.224325 0.0058833 -0.3097 0.950816 0.300697 
1534184594933 0.351822 0.890687 0.287921 -0.60511 -0.936047 0.332755 0.114409 -0.224339 0.00609483 -0.309759 0.950796 0.300686 
1534184595013 0.351969 0.890546 0.288178 -0.605121 -0.935989 0.332717 0.114996 -0.224421 0.00652789 -0.310207 0.950647 0.300653 
1534184595040 0.351515 0.890716 0.288206 -0.605123 -0.936157 0.332202 0.115114 -0.224403 0.00679142 -0.310271 0.950624 0.30067 
1534184595054 0.351344 0.890784 0.288204 -0.605124 -0.936221 0.331984 0.115227 -0.224389 0.0069633 -0.310307 0.950611 0.300674 
