1535114225537 0.249377 0.926451 -0.281956 -0.640845 -0.936874 0.304498 0.171898 -0.252023 0.24511 0.221289 0.943903 0.373964 
1535114231145 0.24938 0.92645 -0.281956 -0.640845 -0.936873 0.3045 0.171897 -0.252024 0.245109 0.221289 0.943903 0.373965 
1535114231325 0.249408 0.926478 -0.281841 -0.640835 -0.936883 0.30449 0.17186 -0.252028 0.245042 0.221189 0.943944 0.373974 
1535114231501 0.250405 0.926784 -0.279944 -0.640883 -0.937077 0.304676 0.170465 -0.251925 0.243277 0.219644 0.944761 0.373659 
1535114231689 0.251622 0.927037 -0.278009 -0.640842 -0.937178 0.305101 0.16915 -0.251959 0.241629 0.217982 0.945568 0.373348 
1535114231921 0.252916 0.927525 -0.275191 -0.640912 -0.937487 0.305234 0.167181 -0.251783 0.239062 0.215705 0.946742 0.372871 
1535114232017 0.253548 0.927589 -0.274395 -0.640934 -0.937598 0.305442 0.16618 -0.251809 0.237958 0.215138 0.947149 0.372543 
1535114232031 0.253629 0.927612 -0.274242 -0.640931 -0.937604 0.305467 0.166099 -0.25181 0.237847 0.215003 0.947208 0.372535 
1535114232070 0.253629 0.927612 -0.274242 -0.640931 -0.937604 0.305467 0.166099 -0.25181 0.237847 0.215003 0.947208 0.372535 
1535114232086 0.253629 0.927612 -0.274242 -0.640931 -0.937604 0.305467 0.166099 -0.25181 0.237847 0.215003 0.947208 0.372535 
1535114232100 0.253629 0.927612 -0.274242 -0.640931 -0.937604 0.305467 0.166099 -0.25181 0.237847 0.215003 0.947208 0.372535 
1535114232116 0.253629 0.927612 -0.274242 -0.640931 -0.937604 0.305467 0.166099 -0.25181 0.237847 0.215003 0.947208 0.372535 
1535114232139 0.253629 0.927612 -0.274242 -0.640931 -0.937604 0.305467 0.166099 -0.25181 0.237847 0.215003 0.947208 0.372535 
1535114232223 0.252912 0.92771 -0.27457 -0.640907 -0.937577 0.305039 0.167036 -0.251833 0.238716 0.215185 0.946948 0.372505 
1535114232412 0.252912 0.92771 -0.27457 -0.640907 -0.937577 0.305039 0.167036 -0.251833 0.238716 0.215185 0.946948 0.372505 
1535114232644 0.24845 0.928159 -0.277115 -0.640253 -0.936585 0.30318 0.175758 -0.252634 0.247147 0.215875 0.944625 0.372998 
1535114232908 0.250522 0.927964 -0.275901 -0.640688 -0.937247 0.303864 0.170981 -0.252191 0.2425 0.215753 0.945856 0.372758 
1535114233231 0.25013 0.928083 -0.275855 -0.640711 -0.937445 0.303398 0.170723 -0.252511 0.242139 0.215896 0.945916 0.372899 
1535114233433 0.249368 0.928277 -0.275894 -0.640671 -0.937471 0.302834 0.171582 -0.2526 0.242825 0.215856 0.945749 0.373031 
1535114234357 0.247047 0.92907 -0.275311 -0.640883 -0.938369 0.300253 0.171207 -0.253223 0.241726 0.216047 0.945987 0.373426 
1535114235423 0.243506 0.930187 -0.274695 -0.641006 -0.938992 0.297022 0.173411 -0.254284 0.242895 0.21571 0.945765 0.373864 
1535114236712 0.243842 0.930128 -0.274597 -0.640915 -0.938801 0.297418 0.173771 -0.254279 0.243299 0.21542 0.945727 0.373872 
1535114238223 0.248906 0.929328 -0.272754 -0.639166 -0.937881 0.301558 0.171589 -0.253554 0.241713 0.213102 0.946659 0.374268 
1535114238811 0.249334 0.929159 -0.27294 -0.638608 -0.937792 0.30198 0.171332 -0.253347 0.241617 0.213242 0.946652 0.374448 
1535114239423 0.250406 0.928817 -0.273123 -0.637062 -0.937568 0.302985 0.170784 -0.252727 0.241379 0.213306 0.946698 0.374928 
1535114239906 0.251286 0.928525 -0.273307 -0.635894 -0.937337 0.303856 0.170499 -0.252267 0.241358 0.213337 0.946696 0.375307 
1535114240158 0.251646 0.928336 -0.273619 -0.635676 -0.93727 0.304232 0.170197 -0.25234 0.241243 0.213626 0.94666 0.375313 
1535114240684 0.251385 0.928427 -0.27355 -0.634008 -0.936819 0.304428 0.172317 -0.2515 0.24326 0.212949 0.946297 0.375829 
1535114241469 0.251803 0.928137 -0.274148 -0.632352 -0.93614 0.305434 0.174216 -0.250844 0.24543 0.212773 0.945776 0.376246 
1535114241837 0.251866 0.928146 -0.274061 -0.632091 -0.936092 0.305504 0.17435 -0.250785 0.245549 0.212634 0.945776 0.376324 
1535114242569 0.251542 0.928019 -0.274788 -0.630802 -0.935687 0.305757 0.176077 -0.25012 0.247421 0.212825 0.945245 0.376708 
1535114243331 0.251729 0.927772 -0.275447 -0.628464 -0.934943 0.306655 0.178451 -0.249359 0.250029 0.212606 0.944608 0.377471 
1535114243856 0.251919 0.927727 -0.275425 -0.627852 -0.934784 0.306924 0.178821 -0.249177 0.250431 0.212415 0.944544 0.377648 
1535114244688 0.251698 0.927785 -0.275431 -0.626269 -0.934696 0.306839 0.179424 -0.248583 0.25098 0.212283 0.944428 0.377976 
1535114245266 0.25155 0.92759 -0.276224 -0.625849 -0.934688 0.306891 0.179376 -0.248404 0.251158 0.213061 0.944206 0.378094 
1535114246147 0.251561 0.926478 -0.279921 -0.623724 -0.934143 0.30808 0.180178 -0.247682 0.253169 0.216161 0.942964 0.378709 
1535114246789 0.251912 0.926127 -0.280767 -0.622899 -0.93395 0.308663 0.180178 -0.247332 0.25353 0.216833 0.942712 0.37904 
1535114247390 0.252403 0.925683 -0.281786 -0.622104 -0.933673 0.309454 0.180259 -0.246979 0.254062 0.217598 0.942392 0.379363 
1535114247775 0.252474 0.925595 -0.282013 -0.621959 -0.933641 0.309577 0.180213 -0.246909 0.254109 0.2178 0.942333 0.379413 
1535114248328 0.253025 0.925582 -0.281561 -0.620611 -0.933645 0.309883 0.179665 -0.246285 0.253545 0.217419 0.942573 0.379803 
1535114248832 0.25354 0.925735 -0.280593 -0.619885 -0.933949 0.309806 0.17821 -0.245743 0.251905 0.216876 0.943138 0.379918 
1535114249374 0.255013 0.925828 -0.278946 -0.618589 -0.934362 0.310195 0.175348 -0.245204 0.24887 0.215921 0.944162 0.380212 
1535114249431 0.255013 0.925828 -0.278946 -0.618589 -0.934362 0.310195 0.175348 -0.245204 0.24887 0.215921 0.944162 0.380212 
1535114249862 0.255025 0.92589 -0.27873 -0.617868 -0.934266 0.310245 0.175768 -0.244832 0.249217 0.215582 0.944148 0.380437 
1535114250308 0.255248 0.925951 -0.278323 -0.616874 -0.93412 0.310455 0.176174 -0.244392 0.249535 0.215019 0.944192 0.380718 
1535114250728 0.25549 0.925965 -0.278052 -0.615854 -0.933947 0.310726 0.176612 -0.243922 0.249934 0.214563 0.94419 0.380993 
1535114250990 0.255484 0.925974 -0.278029 -0.615525 -0.933797 0.310846 0.177195 -0.243748 0.250502 0.214352 0.944088 0.381047 
1535114251302 0.255893 0.925772 -0.278325 -0.615172 -0.933473 0.311474 0.177797 -0.243833 0.25129 0.214312 0.943888 0.381082 
1535114251593 0.255742 0.925735 -0.278585 -0.614059 -0.932953 0.311857 0.179842 -0.243274 0.253365 0.213914 0.943423 0.381313 
1535114251910 0.255888 0.92562 -0.278836 -0.613425 -0.932572 0.312332 0.18099 -0.243204 0.254618 0.213722 0.943129 0.381398 
1535114251941 0.255888 0.92562 -0.278836 -0.613425 -0.932572 0.312332 0.18099 -0.243204 0.254618 0.213722 0.943129 0.381398 
1535114252116 0.255967 0.925551 -0.27899 -0.613212 -0.932376 0.312584 0.181565 -0.24307 0.255256 0.213649 0.942973 0.381467 
1535114252538 0.256316 0.925668 -0.278282 -0.612441 -0.93246 0.312628 0.181059 -0.242695 0.254599 0.213078 0.94328 0.38173 
1535114252902 0.257611 0.925492 -0.27767 -0.611007 -0.932182 0.313679 0.180671 -0.241979 0.254308 0.212297 0.943535 0.382024 
1535114253126 0.257919 0.925413 -0.277648 -0.610743 -0.932115 0.313953 0.18054 -0.242006 0.254243 0.212236 0.943566 0.382067 
1535114253487 0.2578 0.92574 -0.276666 -0.609811 -0.932072 0.313711 0.181182 -0.241541 0.254521 0.211164 0.943731 0.382408 
1535114253753 0.257818 0.925745 -0.276632 -0.609446 -0.932031 0.313752 0.181324 -0.241454 0.254653 0.211081 0.943714 0.382489 
1535114253873 0.257872 0.925927 -0.275973 -0.608739 -0.932009 0.31368 0.181559 -0.241138 0.254678 0.210391 0.943862 0.382698 
1535114254093 0.257918 0.925938 -0.275894 -0.608377 -0.931925 0.313767 0.181839 -0.241041 0.254938 0.210213 0.943831 0.382753 
1535114254195 0.258122 0.925958 -0.275636 -0.607975 -0.931848 0.313928 0.181956 -0.240976 0.255013 0.209884 0.943884 0.382861 
1535114254452 0.258134 0.926241 -0.27467 -0.607657 -0.931987 0.313634 0.181755 -0.240791 0.254495 0.209071 0.944204 0.382799 
1535114255044 0.258165 0.927099 -0.271731 -0.60704 -0.932538 0.312629 0.180653 -0.240243 0.252434 0.206761 0.945266 0.382767 
1535114255408 0.258235 0.927396 -0.270649 -0.606845 -0.932646 0.312381 0.180525 -0.240126 0.251964 0.205802 0.9456 0.382711 
1535114256064 0.258384 0.928592 -0.266375 -0.606064 -0.933104 0.311287 0.180047 -0.239432 0.250109 0.202034 0.946904 0.382268 
1535114256450 0.258982 0.928788 -0.265105 -0.606016 -0.933218 0.311388 0.179278 -0.23944 0.249062 0.200971 0.947406 0.382248 
1535114257265 0.259448 0.928888 -0.2643 -0.606067 -0.933356 0.311465 0.178428 -0.239378 0.24806 0.200393 0.947792 0.382059 
1535114257542 0.260071 0.928993 -0.263315 -0.606088 -0.933451 0.311657 0.177594 -0.23934 0.247047 0.199605 0.948222 0.381959 
1535114258015 0.260071 0.928993 -0.263315 -0.606088 -0.933451 0.311657 0.177594 -0.23934 0.247047 0.199605 0.948222 0.381959 
1535114258497 0.260071 0.928993 -0.263315 -0.606088 -0.933451 0.311657 0.177594 -0.23934 0.247047 0.199605 0.948222 0.381959 
1535114258781 0.24736 0.927093 -0.281625 -0.591757 -0.93612 0.303658 0.177402 -0.232504 0.249986 0.219752 0.942982 0.393565 
1535114259052 0.24736 0.927093 -0.281625 -0.591757 -0.93612 0.303658 0.177402 -0.232504 0.249986 0.219752 0.942982 0.393565 
1535114259325 0.24736 0.927093 -0.281625 -0.591757 -0.93612 0.303658 0.177402 -0.232504 0.249986 0.219752 0.942982 0.393565 
1535114259601 0.24736 0.927093 -0.281625 -0.591757 -0.93612 0.303658 0.177402 -0.232504 0.249986 0.219752 0.942982 0.393565 
