1535375313603 0.257721 0.923542 -0.283991 -0.60466 -0.934999 0.312489 0.16771 -0.230457 0.243631 0.22231 0.944046 0.382916 
1535375319590 0.257721 0.923541 -0.283991 -0.60466 -0.934999 0.312489 0.16771 -0.230458 0.243631 0.222309 0.944046 0.382917 
1535375320074 0.257392 0.923657 -0.283914 -0.607675 -0.935118 0.312135 0.167708 -0.231737 0.243524 0.222326 0.944069 0.38213 
1535375320540 0.256352 0.924019 -0.283676 -0.611 -0.935435 0.311071 0.16792 -0.232948 0.243405 0.222314 0.944103 0.38127 
1535375321014 0.255302 0.924328 -0.283616 -0.61427 -0.935718 0.310061 0.168211 -0.234117 0.243421 0.22244 0.944069 0.380342 
1535375321513 0.254317 0.924623 -0.28354 -0.617566 -0.936019 0.309076 0.168348 -0.235279 0.243294 0.222585 0.944068 0.379355 
1535375321980 0.253094 0.925094 -0.283099 -0.620892 -0.936437 0.307748 0.168453 -0.23637 0.242958 0.22247 0.944181 0.378511 
1535375322453 0.252297 0.925394 -0.282827 -0.624171 -0.936653 0.306937 0.168734 -0.237605 0.242955 0.22234 0.944213 0.377625 
1535375322916 0.251176 0.925729 -0.282731 -0.627505 -0.937005 0.305801 0.168838 -0.238696 0.242758 0.222513 0.944223 0.376661 
1535375323407 0.249929 0.92612 -0.282554 -0.630813 -0.93739 0.304531 0.168998 -0.239841 0.242559 0.222626 0.944247 0.375758 
1535375323862 0.248785 0.926523 -0.282242 -0.634139 -0.937686 0.303389 0.169412 -0.240917 0.242593 0.222507 0.944267 0.374873 
1535375323891 0.248556 0.926632 -0.282086 -0.634253 -0.937759 0.303131 0.16947 -0.240851 0.242546 0.222406 0.944302 0.374844 
1535375323934 0.248425 0.92669 -0.282013 -0.634329 -0.937792 0.302994 0.169531 -0.240821 0.242551 0.222354 0.944313 0.374818 
1535375324320 0.247736 0.926451 -0.2834 -0.634451 -0.937653 0.302884 0.170491 -0.241186 0.243789 0.223494 0.943725 0.374807 
1535375324612 0.246773 0.926445 -0.284258 -0.634705 -0.93762 0.302387 0.171555 -0.241274 0.244893 0.22419 0.943274 0.374792 
1535375324883 0.245788 0.926454 -0.285081 -0.634991 -0.937641 0.301818 0.172442 -0.241367 0.245802 0.22492 0.942864 0.374794 
1535375325161 0.245124 0.926397 -0.285838 -0.635213 -0.937579 0.301541 0.173257 -0.241623 0.246696 0.225526 0.942485 0.374816 
1535375325424 0.244284 0.926363 -0.286665 -0.635465 -0.937503 0.301165 0.174319 -0.241776 0.247816 0.226166 0.942038 0.374854 
1535375325696 0.243418 0.926337 -0.287486 -0.635734 -0.937495 0.300708 0.175152 -0.241927 0.248699 0.226881 0.941634 0.37482 
1535375325941 0.242629 0.926306 -0.288249 -0.635977 -0.937428 0.300349 0.176125 -0.242127 0.249721 0.22748 0.941218 0.374877 
1535375326236 0.241636 0.926293 -0.289124 -0.636266 -0.937424 0.299807 0.177066 -0.242195 0.250696 0.228247 0.940774 0.37479 
1535375326361 0.241333 0.926137 -0.289877 -0.636452 -0.937284 0.299861 0.177713 -0.242415 0.251509 0.22881 0.94042 0.374766 
1535375326381 0.241178 0.926162 -0.289926 -0.636459 -0.937298 0.299747 0.177831 -0.242389 0.251605 0.228858 0.940382 0.374779 
1535375326620 0.241328 0.926382 -0.289098 -0.636342 -0.937507 0.299505 0.177136 -0.242215 0.250681 0.228284 0.940769 0.374894 
1535375326893 0.2411 0.926342 -0.289416 -0.636451 -0.93754 0.299373 0.177187 -0.242392 0.250779 0.228619 0.940661 0.374919 
1535375327174 0.240887 0.926334 -0.289618 -0.636534 -0.937621 0.299185 0.177074 -0.242537 0.250679 0.228897 0.94062 0.374961 
1535375327460 0.240335 0.926404 -0.289852 -0.636677 -0.937752 0.298714 0.177178 -0.242472 0.250721 0.229228 0.940528 0.374975 
1535375327734 0.240134 0.926442 -0.289897 -0.636714 -0.9378 0.298534 0.177223 -0.242609 0.250731 0.229308 0.940506 0.375017 
1535375328037 0.239693 0.926471 -0.290169 -0.636853 -0.937883 0.298194 0.177359 -0.242577 0.250845 0.229633 0.940396 0.375038 
1535375328326 0.239739 0.926456 -0.290179 -0.636903 -0.937844 0.298264 0.177445 -0.242797 0.250945 0.229602 0.940377 0.375148 
1535375328630 0.239349 0.92645 -0.290522 -0.637027 -0.937947 0.297956 0.17742 -0.242874 0.250934 0.230029 0.940276 0.375179 
1535375328919 0.239115 0.926492 -0.290579 -0.637088 -0.938002 0.297748 0.177478 -0.242988 0.250952 0.230126 0.940247 0.375217 
1535375328930 0.239117 0.926492 -0.290579 -0.637088 -0.938 0.297752 0.177484 -0.242989 0.250957 0.230124 0.940246 0.375219 
1535375329144 0.23914 0.926593 -0.290238 -0.637043 -0.938063 0.297645 0.177327 -0.242984 0.250698 0.229855 0.940381 0.375225 
1535375329355 0.238683 0.926758 -0.290086 -0.637102 -0.938259 0.297108 0.177192 -0.243063 0.250401 0.229883 0.940454 0.375251 
1535375329515 0.238426 0.926903 -0.289834 -0.637124 -0.938398 0.296748 0.177059 -0.243111 0.250125 0.229764 0.940556 0.375275 
1535375329689 0.238121 0.927102 -0.289449 -0.637187 -0.938586 0.296282 0.176844 -0.243231 0.249711 0.229562 0.940715 0.375359 
1535375329879 0.237641 0.927349 -0.289052 -0.637252 -0.938802 0.295663 0.176732 -0.243189 0.249355 0.229364 0.940858 0.375414 
1535375330069 0.237532 0.927453 -0.288808 -0.637267 -0.93891 0.295439 0.176535 -0.243382 0.249053 0.229232 0.940971 0.375432 
1535375330238 0.237122 0.927661 -0.288476 -0.637286 -0.939104 0.294902 0.176401 -0.243442 0.248712 0.22908 0.941098 0.375453 
1535375330423 0.236814 0.927841 -0.288149 -0.637346 -0.939283 0.294453 0.176196 -0.243536 0.248328 0.228928 0.941236 0.375473 
1535375330621 0.236609 0.92796 -0.287936 -0.63738 -0.93942 0.294138 0.175989 -0.243655 0.248003 0.228853 0.94134 0.37549 
1535375330630 0.236608 0.927965 -0.287921 -0.637391 -0.939425 0.294131 0.175975 -0.243662 0.247985 0.228843 0.941347 0.375493 
1535375330783 0.236459 0.928025 -0.287849 -0.637414 -0.939477 0.293962 0.175981 -0.243606 0.247931 0.228816 0.941368 0.375488 
1535375330962 0.236432 0.928177 -0.287379 -0.637374 -0.939493 0.293839 0.176102 -0.243701 0.247897 0.228354 0.941489 0.375474 
1535375331127 0.236301 0.928255 -0.287236 -0.637396 -0.939552 0.293662 0.176079 -0.243846 0.247796 0.228266 0.941537 0.375457 
1535375331319 0.235938 0.928434 -0.286956 -0.637465 -0.939716 0.293196 0.17598 -0.243926 0.24752 0.228137 0.941641 0.3754 
1535375331503 0.235773 0.928614 -0.286509 -0.637487 -0.939838 0.29288 0.175857 -0.244003 0.247216 0.227809 0.9418 0.375373 
1535375331689 0.235547 0.928704 -0.286403 -0.637563 -0.939922 0.29262 0.175843 -0.244136 0.247113 0.227777 0.941835 0.375304 
1535375331899 0.235348 0.928898 -0.285935 -0.637573 -0.940025 0.292293 0.175834 -0.244213 0.246909 0.227404 0.941978 0.37528 
1535375332087 0.235141 0.929011 -0.285738 -0.637597 -0.940144 0.291996 0.17569 -0.244312 0.246653 0.227323 0.942065 0.375237 
1535375332284 0.234973 0.929113 -0.285546 -0.637627 -0.940244 0.291746 0.175571 -0.244489 0.246432 0.227228 0.942146 0.375167 
1535375332429 0.235052 0.929101 -0.285521 -0.637611 -0.940233 0.291809 0.175528 -0.244431 0.246401 0.227198 0.942161 0.375122 
1535375332456 0.235389 0.929021 -0.285505 -0.637599 -0.940127 0.292147 0.175532 -0.244387 0.246482 0.227093 0.942165 0.37512 
1535375332536 0.235465 0.928979 -0.285578 -0.637572 -0.94011 0.292231 0.175481 -0.244224 0.246473 0.227155 0.942153 0.375132 
1535375332644 0.235927 0.928865 -0.285568 -0.637568 -0.940076 0.292594 0.175058 -0.244238 0.24616 0.227154 0.942235 0.375152 
1535375332724 0.236518 0.928809 -0.285259 -0.637528 -0.939983 0.293049 0.1748 -0.244252 0.245951 0.226795 0.942376 0.375162 
1535375332831 0.23688 0.928756 -0.285133 -0.637501 -0.939964 0.293303 0.174473 -0.244246 0.245673 0.226685 0.942475 0.375085 
1535375332957 0.237372 0.928697 -0.284913 -0.637471 -0.939932 0.293646 0.174069 -0.244248 0.245321 0.22648 0.942616 0.375064 
1535375333025 0.237794 0.928658 -0.28469 -0.63744 -0.939864 0.293971 0.173889 -0.244221 0.245174 0.22622 0.942716 0.375112 
1535375333118 0.238158 0.928638 -0.284451 -0.637404 -0.939831 0.294218 0.173647 -0.244166 0.244945 0.225981 0.942833 0.375101 
1535375333240 0.238915 0.928526 -0.28418 -0.637358 -0.939737 0.294799 0.173171 -0.244109 0.24457 0.225681 0.943002 0.375035 
1535375333265 0.238925 0.928529 -0.284164 -0.637354 -0.939752 0.29479 0.173107 -0.244108 0.244503 0.225684 0.943019 0.375023 
1535375333600 0.239156 0.928481 -0.284125 -0.637134 -0.939648 0.295044 0.173235 -0.244099 0.244675 0.225547 0.943007 0.375224 
1535375333820 0.239802 0.928337 -0.28405 -0.637 -0.939514 0.295618 0.172985 -0.243993 0.244559 0.225387 0.943076 0.375199 
1535375334041 0.240476 0.928248 -0.283772 -0.636842 -0.939429 0.296129 0.172571 -0.24386 0.244222 0.225085 0.943235 0.375274 
1535375334258 0.241298 0.928101 -0.283555 -0.636627 -0.939302 0.296795 0.172117 -0.243831 0.243899 0.224812 0.943383 0.375329 
1535375334457 0.24208 0.92798 -0.283284 -0.636424 -0.939147 0.297449 0.171835 -0.243755 0.243722 0.224448 0.943516 0.37541 
1535375334667 0.242741 0.92786 -0.283112 -0.63625 -0.939031 0.297998 0.171519 -0.243645 0.243512 0.224216 0.943625 0.375423 
1535375334912 0.243456 0.92777 -0.282793 -0.636075 -0.938951 0.298525 0.171038 -0.24348 0.243105 0.223889 0.943808 0.375503 
1535375335077 0.244144 0.927605 -0.282742 -0.635879 -0.938867 0.299085 0.170521 -0.243452 0.24274 0.223826 0.943917 0.375426 
1535375335189 0.244456 0.927577 -0.282564 -0.635761 -0.938813 0.299324 0.170397 -0.243239 0.242634 0.22362 0.943993 0.375469 
1535375335204 0.244473 0.927574 -0.28256 -0.635747 -0.938815 0.299334 0.170369 -0.243251 0.24261 0.223621 0.943999 0.375471 
1535375335423 0.244365 0.927626 -0.282481 -0.63539 -0.938866 0.299195 0.17033 -0.243284 0.24252 0.223589 0.94403 0.375577 
1535375335594 0.244319 0.927548 -0.282775 -0.635137 -0.938882 0.299202 0.170233 -0.243142 0.242507 0.223901 0.943959 0.375691 
1535375335776 0.24434 0.92753 -0.282819 -0.634772 -0.938854 0.299251 0.170302 -0.243054 0.242594 0.223914 0.943934 0.375823 
1535375335952 0.244427 0.927507 -0.282818 -0.634437 -0.938894 0.299275 0.170035 -0.242948 0.242349 0.223975 0.943982 0.37593 
1535375336121 0.244582 0.927465 -0.28282 -0.634118 -0.938848 0.299429 0.170017 -0.242815 0.24237 0.223942 0.943985 0.376037 
1535375336307 0.244459 0.927457 -0.282955 -0.633818 -0.938916 0.299303 0.169865 -0.24265 0.242232 0.224147 0.943972 0.376166 
1535375336473 0.24494 0.927357 -0.282866 -0.63342 -0.938823 0.299717 0.169652 -0.242686 0.242108 0.224007 0.944036 0.376301 
1535375336639 0.24468 0.927442 -0.282814 -0.633155 -0.938908 0.299442 0.169666 -0.242411 0.242042 0.224022 0.94405 0.376424 
1535375336680 0.24458 0.927477 -0.282783 -0.633027 -0.938944 0.299333 0.169661 -0.242341 0.242003 0.224021 0.94406 0.376455 
1535375336968 0.244402 0.927532 -0.28276 -0.632894 -0.938956 0.299189 0.169844 -0.242261 0.242135 0.223989 0.944034 0.376496 
1535375337169 0.24445 0.927456 -0.282966 -0.632416 -0.938716 0.299484 0.170653 -0.242053 0.243017 0.223908 0.943826 0.376652 
1535375337363 0.244426 0.927344 -0.283353 -0.631917 -0.938554 0.299687 0.171183 -0.241935 0.243663 0.224101 0.943614 0.376772 
1535375337557 0.244445 0.927303 -0.283471 -0.631428 -0.938342 0.299917 0.171944 -0.241732 0.244462 0.223962 0.94344 0.37704 
1535375337743 0.244538 0.927211 -0.283692 -0.630882 -0.9382 0.300154 0.172302 -0.241711 0.244912 0.224026 0.943308 0.377127 
1535375337936 0.244507 0.927116 -0.284029 -0.630423 -0.938029 0.300351 0.172888 -0.241473 0.245596 0.224156 0.9431 0.377248 
1535375338144 0.244334 0.927077 -0.284304 -0.629923 -0.937921 0.300377 0.173429 -0.241336 0.246181 0.22428 0.942918 0.377349 
1535375338327 0.244405 0.927034 -0.284384 -0.629419 -0.937709 0.300635 0.174126 -0.241191 0.246917 0.224112 0.942765 0.377566 
1535375338525 0.244126 0.927025 -0.284652 -0.628958 -0.937623 0.300564 0.174712 -0.240914 0.247519 0.224244 0.942576 0.377654 
1535375338557 0.24409 0.927009 -0.284734 -0.62883 -0.937592 0.300582 0.17485 -0.240842 0.247673 0.224285 0.942525 0.37768 
1535375338589 0.244275 0.926933 -0.284825 -0.628767 -0.937496 0.300819 0.174956 -0.240889 0.247853 0.224284 0.942478 0.377723 
1535375338945 0.244008 0.926984 -0.284888 -0.628374 -0.937562 0.300579 0.175015 -0.240675 0.247867 0.224395 0.942448 0.377805 
1535375339174 0.243847 0.927003 -0.284964 -0.628003 -0.937557 0.300482 0.175205 -0.240437 0.248042 0.224447 0.94239 0.377898 
1535375339413 0.243964 0.926926 -0.285114 -0.627569 -0.937424 0.300715 0.175519 -0.24034 0.248431 0.224452 0.942286 0.378079 
1535375339631 0.243852 0.926906 -0.285274 -0.627167 -0.937374 0.30071 0.175793 -0.240189 0.248729 0.224541 0.942187 0.378205 
1535375339837 0.244037 0.926829 -0.285365 -0.626723 -0.937269 0.300955 0.175936 -0.240137 0.248945 0.224528 0.942132 0.378296 
1535375340110 0.243795 0.926846 -0.285519 -0.62634 -0.937274 0.300806 0.176164 -0.23988 0.249163 0.224662 0.942043 0.378377 
1535375340322 0.243757 0.926796 -0.285713 -0.625959 -0.937238 0.300848 0.176283 -0.239728 0.249334 0.224811 0.941962 0.378518 
1535375340544 0.243776 0.92676 -0.285815 -0.625551 -0.937174 0.300939 0.17647 -0.239597 0.249558 0.224839 0.941896 0.378619 
1535375340610 0.243682 0.926774 -0.285847 -0.625332 -0.937161 0.300889 0.176622 -0.239522 0.249697 0.224845 0.941858 0.378709 
1535375340627 0.243825 0.926719 -0.285905 -0.625304 -0.937109 0.301049 0.176623 -0.239596 0.249752 0.224859 0.94184 0.378721 
1535375340803 0.243585 0.926776 -0.285925 -0.625188 -0.937102 0.300887 0.176938 -0.239332 0.250013 0.224841 0.941775 0.37882 
1535375340998 0.24379 0.926539 -0.286519 -0.624858 -0.936992 0.301247 0.176909 -0.239382 0.250226 0.225337 0.9416 0.378894 
1535375341177 0.243974 0.92641 -0.286776 -0.624515 -0.936831 0.301573 0.177205 -0.239364 0.250649 0.225427 0.941466 0.379028 
1535375341343 0.243746 0.926427 -0.286917 -0.624268 -0.936837 0.301431 0.177412 -0.239098 0.250845 0.225551 0.941384 0.379102 
1535375341486 0.243683 0.92634 -0.287249 -0.623981 -0.936834 0.301452 0.177395 -0.239 0.25092 0.225877 0.941286 0.379171 
1535375341668 0.243921 0.926163 -0.287619 -0.623645 -0.93665 0.301859 0.177673 -0.238995 0.251375 0.22606 0.94112 0.3793 
1535375341843 0.243869 0.926109 -0.287836 -0.623381 -0.936578 0.301928 0.177934 -0.238777 0.251693 0.226188 0.941005 0.379388 
1535375342021 0.243778 0.926071 -0.288034 -0.623051 -0.936545 0.30193 0.178103 -0.238723 0.251903 0.22634 0.940912 0.379511 
1535375342068 0.243747 0.926079 -0.288038 -0.622967 -0.936536 0.301917 0.178174 -0.23863 0.251967 0.226329 0.940898 0.379542 
1535375342074 0.24375 0.926075 -0.288048 -0.622907 -0.936526 0.30193 0.178205 -0.238602 0.252002 0.226327 0.940889 0.379561 
1535375342284 0.243925 0.92594 -0.288333 -0.622746 -0.936456 0.302175 0.178162 -0.238489 0.252094 0.226553 0.940809 0.379627 
1535375342462 0.244121 0.92579 -0.288649 -0.622464 -0.936395 0.30243 0.178048 -0.238418 0.252131 0.226825 0.940734 0.379683 
1535375342625 0.244387 0.925642 -0.288898 -0.622156 -0.936309 0.302747 0.177962 -0.238382 0.252192 0.227006 0.940674 0.37975 
1535375342793 0.244346 0.925577 -0.289142 -0.62194 -0.936286 0.302784 0.178018 -0.238123 0.252316 0.227222 0.940588 0.379818 
1535375342960 0.244639 0.92546 -0.289266 -0.621641 -0.936199 0.303097 0.177942 -0.238064 0.252354 0.227279 0.940565 0.379917 
1535375343139 0.24493 0.925267 -0.289637 -0.621341 -0.936091 0.303474 0.17787 -0.238033 0.252475 0.22756 0.940464 0.380003 
1535375343296 0.245042 0.925182 -0.289815 -0.621099 -0.936046 0.303629 0.177843 -0.237857 0.252533 0.227701 0.940414 0.380093 
1535375343458 0.245114 0.925098 -0.290023 -0.620836 -0.936014 0.303749 0.177805 -0.23772 0.252581 0.227883 0.940358 0.380205 
1535375343491 0.245061 0.925102 -0.290056 -0.620791 -0.936017 0.303714 0.177848 -0.237611 0.252621 0.227914 0.940339 0.380229 
1535375343501 0.244992 0.92511 -0.290086 -0.620763 -0.936028 0.303661 0.17788 -0.237532 0.252647 0.22795 0.940324 0.380244 
1535375343522 0.244921 0.925116 -0.290129 -0.620727 -0.936039 0.303608 0.177911 -0.237464 0.252674 0.227998 0.940305 0.380262 
1535375343702 0.245105 0.925074 -0.290108 -0.620456 -0.936037 0.303738 0.177703 -0.237523 0.252505 0.227996 0.940351 0.380349 
1535375343764 0.245024 0.92511 -0.29006 -0.620253 -0.936097 0.303617 0.177594 -0.237424 0.252362 0.22801 0.940386 0.38041 
1535375343903 0.245195 0.925025 -0.290188 -0.620059 -0.936049 0.303807 0.177521 -0.23731 0.252372 0.228103 0.94036 0.380467 
1535375343963 0.245004 0.925089 -0.290145 -0.619878 -0.936125 0.303593 0.177484 -0.237153 0.252274 0.228128 0.94038 0.38051 
1535375344101 0.245053 0.925048 -0.290233 -0.619651 -0.936155 0.303618 0.177283 -0.237076 0.252115 0.22826 0.940391 0.380566 
1535375344172 0.245183 0.924972 -0.290366 -0.619441 -0.936132 0.303757 0.177166 -0.237085 0.252074 0.228383 0.940372 0.380602 
1535375344307 0.245302 0.924882 -0.290552 -0.619269 -0.936098 0.303909 0.177087 -0.236969 0.252086 0.228546 0.94033 0.380652 
1535375344332 0.245226 0.924907 -0.290535 -0.619212 -0.936127 0.303825 0.177077 -0.236912 0.252051 0.228554 0.940337 0.380674 
1535375344352 0.245201 0.924917 -0.290526 -0.61917 -0.936141 0.303794 0.17706 -0.236887 0.252026 0.228558 0.940343 0.38069 
1535375344594 0.245481 0.924823 -0.290589 -0.61904 -0.936077 0.304063 0.176934 -0.236934 0.25199 0.228579 0.940347 0.380727 
1535375344697 0.245193 0.92494 -0.29046 -0.618865 -0.936162 0.303756 0.177014 -0.236663 0.251956 0.228515 0.940372 0.380766 
1535375344812 0.245402 0.924881 -0.290469 -0.618617 -0.936153 0.303914 0.176785 -0.236623 0.251783 0.22854 0.940412 0.380813 
1535375344927 0.24561 0.924797 -0.290563 -0.61836 -0.936123 0.304108 0.176614 -0.236666 0.251695 0.228624 0.940415 0.380864 
1535375345035 0.245386 0.92486 -0.29055 -0.618195 -0.936193 0.303883 0.176632 -0.23642 0.251653 0.228668 0.940416 0.380918 
1535375345159 0.245569 0.924856 -0.29041 -0.617957 -0.936173 0.304004 0.176526 -0.236325 0.251547 0.228525 0.940479 0.380984 
1535375345288 0.245816 0.924804 -0.290366 -0.6177 -0.936129 0.304213 0.176403 -0.236289 0.251471 0.228457 0.940516 0.381046 
1535375345389 0.245484 0.924887 -0.290381 -0.617525 -0.936243 0.303874 0.176378 -0.236094 0.251369 0.228569 0.940516 0.3811 
1535375345415 0.245541 0.924869 -0.290391 -0.617505 -0.936231 0.303928 0.17635 -0.236108 0.251359 0.228572 0.940518 0.381107 
1535375345431 0.245623 0.924843 -0.290404 -0.617489 -0.93621 0.304008 0.176321 -0.236135 0.251354 0.228571 0.940519 0.381113 
1535375345602 0.245546 0.924884 -0.290339 -0.617286 -0.936185 0.303964 0.176533 -0.236016 0.251526 0.228464 0.940499 0.381189 
1535375345802 0.245349 0.924956 -0.290274 -0.617026 -0.936116 0.303873 0.177052 -0.23601 0.251972 0.228291 0.940422 0.381294 
1535375345948 0.24551 0.92491 -0.290286 -0.616769 -0.935929 0.30416 0.17755 -0.235928 0.252511 0.228097 0.940324 0.38133 
1535375346051 0.245368 0.924957 -0.290258 -0.616554 -0.93587 0.304106 0.177954 -0.2358 0.252869 0.22798 0.940257 0.381432 
1535375346191 0.24546 0.924918 -0.290302 -0.616294 -0.935738 0.304299 0.178316 -0.235773 0.253266 0.227877 0.940175 0.381508 
1535375346326 0.245729 0.924782 -0.290509 -0.615973 -0.935523 0.304725 0.178717 -0.235913 0.253799 0.227862 0.940035 0.381546 
1535375346408 0.245319 0.924902 -0.290472 -0.615796 -0.93557 0.304382 0.179055 -0.235691 0.254023 0.227832 0.939981 0.381607 
1535375346555 0.245542 0.924833 -0.290504 -0.61552 -0.93536 0.304736 0.179549 -0.23567 0.25458 0.227639 0.939877 0.381677 
1535375346585 0.245542 0.924835 -0.2905 -0.615465 -0.935335 0.304757 0.179641 -0.235631 0.25467 0.227606 0.939861 0.381688 
1535375346595 0.245528 0.924839 -0.290497 -0.615441 -0.935328 0.304753 0.179688 -0.235608 0.254712 0.227592 0.939853 0.381692 
1535375346771 0.245492 0.924858 -0.290466 -0.615105 -0.935211 0.304826 0.180173 -0.235553 0.255176 0.227416 0.93977 0.3818 
1535375346961 0.245578 0.924853 -0.290412 -0.614797 -0.935108 0.304969 0.180465 -0.235408 0.25547 0.227248 0.93973 0.381887 
1535375347123 0.245625 0.92484 -0.290412 -0.614451 -0.935032 0.305069 0.180685 -0.235327 0.2557 0.227164 0.939688 0.381909 
1535375347283 0.24577 0.92486 -0.290225 -0.614086 -0.93491 0.305246 0.18102 -0.235282 0.256009 0.226845 0.939681 0.382074 
1535375347460 0.245637 0.924897 -0.290221 -0.613813 -0.934844 0.305208 0.181425 -0.235077 0.256377 0.226747 0.939605 0.382163 
1535375347624 0.24578 0.924869 -0.29019 -0.613459 -0.934755 0.305384 0.18159 -0.235026 0.256566 0.226625 0.939582 0.382237 
1535375347798 0.24577 0.924922 -0.290027 -0.613113 -0.934686 0.305405 0.181906 -0.234938 0.256825 0.226377 0.939571 0.382353 
1535375347955 0.245632 0.925005 -0.289879 -0.612815 -0.934651 0.305307 0.182252 -0.234743 0.257086 0.226169 0.93955 0.382465 
1535375347980 0.245641 0.925015 -0.28984 -0.612729 -0.934638 0.305317 0.182302 -0.234699 0.257125 0.226115 0.939553 0.382483 
1535375348001 0.245615 0.925032 -0.289807 -0.612636 -0.934634 0.305296 0.182356 -0.234657 0.257162 0.226074 0.939552 0.382497 
1535375348323 0.245889 0.924891 -0.290025 -0.612323 -0.934567 0.305595 0.1822 -0.234466 0.257145 0.226247 0.939515 0.382571 
1535375348501 0.246144 0.924845 -0.289956 -0.61196 -0.934523 0.305803 0.182074 -0.234286 0.25706 0.226154 0.939561 0.382689 
1535375348686 0.246367 0.924757 -0.290047 -0.61157 -0.934508 0.305995 0.18183 -0.23419 0.256901 0.226255 0.93958 0.382777 
1535375348867 0.246734 0.924617 -0.290181 -0.611202 -0.934385 0.306393 0.181791 -0.234047 0.256996 0.226287 0.939546 0.38285 
1535375349046 0.246875 0.924546 -0.290288 -0.610836 -0.934357 0.30654 0.181687 -0.233877 0.256963 0.226378 0.939533 0.382939 
1535375349232 0.247264 0.924449 -0.290267 -0.610418 -0.934264 0.306897 0.181561 -0.233743 0.256926 0.226293 0.939564 0.383055 
1535375349401 0.247211 0.924483 -0.290202 -0.610117 -0.934285 0.306828 0.18157 -0.233469 0.256901 0.226246 0.939582 0.383164 
1535375349574 0.247586 0.924322 -0.290395 -0.609731 -0.934142 0.307261 0.181574 -0.233353 0.25706 0.226316 0.939522 0.383267 
1535375349605 0.247482 0.92438 -0.290299 -0.609629 -0.934176 0.307138 0.18161 -0.233194 0.257038 0.226245 0.939545 0.3833 
1535375349621 0.247415 0.924411 -0.290258 -0.609582 -0.934198 0.307062 0.181622 -0.233131 0.257021 0.226222 0.939555 0.383314 
1535375349797 0.247825 0.92429 -0.290295 -0.609409 -0.934061 0.307484 0.181611 -0.233196 0.257122 0.226146 0.939546 0.383368 
1535375349945 0.248137 0.924244 -0.290173 -0.6091 -0.933874 0.307849 0.181958 -0.233154 0.257504 0.225835 0.939516 0.383442 
1535375350058 0.248099 0.924299 -0.29003 -0.608863 -0.933868 0.307799 0.182074 -0.232932 0.257562 0.225677 0.939538 0.383506 
1535375350184 0.248265 0.924295 -0.289901 -0.608589 -0.933799 0.307954 0.182166 -0.232766 0.257652 0.225484 0.93956 0.383574 
1535375350330 0.248603 0.92422 -0.289851 -0.60828 -0.933658 0.308309 0.182286 -0.232735 0.257836 0.225304 0.939552 0.383679 
1535375350459 0.248689 0.924244 -0.289702 -0.608029 -0.933604 0.308388 0.182426 -0.232549 0.257947 0.2251 0.939571 0.383753 
1535375350704 0.248827 0.924239 -0.289598 -0.607751 -0.933502 0.308556 0.182666 -0.23237 0.258184 0.224888 0.939556 0.383839 
1535375350846 0.249211 0.92415 -0.289552 -0.607486 -0.933345 0.30896 0.182785 -0.232257 0.25838 0.2247 0.939548 0.383894 
1535375350871 0.249254 0.924149 -0.289518 -0.607421 -0.933328 0.308999 0.182806 -0.232253 0.258401 0.224651 0.939554 0.383915 
1535375350897 0.249255 0.924163 -0.289474 -0.607348 -0.933325 0.308994 0.182831 -0.232235 0.258411 0.224602 0.939562 0.383938 
1535375351051 0.249356 0.924183 -0.289323 -0.607199 -0.933281 0.309075 0.18292 -0.232148 0.258474 0.224407 0.939592 0.384006 
1535375351135 0.249254 0.924391 -0.288744 -0.606959 -0.933421 0.308765 0.182726 -0.231872 0.258065 0.223975 0.939807 0.384036 
1535375351254 0.24948 0.92443 -0.288424 -0.606634 -0.933425 0.308862 0.182545 -0.231855 0.257833 0.223681 0.939941 0.384126 
1535375351370 0.249577 0.924497 -0.288127 -0.606378 -0.93342 0.308877 0.182545 -0.231718 0.257758 0.223385 0.940032 0.384176 
1535375351481 0.249559 0.924646 -0.287662 -0.606122 -0.93345 0.308747 0.182613 -0.231485 0.257667 0.222945 0.940161 0.384244 
1535375351607 0.24987 0.924682 -0.287276 -0.605808 -0.933425 0.308916 0.182454 -0.231428 0.257456 0.222561 0.94031 0.384294 
1535375351745 0.250083 0.924722 -0.286963 -0.605513 -0.933418 0.309014 0.182322 -0.231359 0.257273 0.222261 0.940431 0.384345 
1535375351862 0.250094 0.924817 -0.286648 -0.605258 -0.933452 0.30893 0.18229 -0.231175 0.257139 0.221983 0.940534 0.3844 
1535375351885 0.250025 0.924853 -0.28659 -0.605226 -0.93348 0.308845 0.182292 -0.231129 0.257105 0.221948 0.940551 0.38441 
1535375351902 0.249944 0.924897 -0.28652 -0.605183 -0.933512 0.308745 0.182296 -0.231073 0.257066 0.221906 0.940571 0.384422 
1535375351919 0.249893 0.92493 -0.286459 -0.605144 -0.933536 0.308676 0.182293 -0.231024 0.257031 0.221866 0.940591 0.38443 
1535375352097 0.250341 0.924969 -0.285942 -0.604931 -0.933396 0.309017 0.182429 -0.23103 0.257102 0.221227 0.940722 0.384448 
1535375352143 0.250185 0.925137 -0.285532 -0.604752 -0.933461 0.308768 0.182518 -0.230858 0.257018 0.22087 0.940829 0.384475 
1535375352251 0.250251 0.92523 -0.285175 -0.604544 -0.933466 0.308741 0.18254 -0.23078 0.256936 0.22052 0.940933 0.384487 
1535375352313 0.250352 0.925342 -0.284722 -0.604352 -0.933466 0.308724 0.182565 -0.230636 0.256836 0.220073 0.941065 0.384506 
1535375352419 0.250417 0.925476 -0.284227 -0.604115 -0.933472 0.308669 0.182631 -0.230575 0.256753 0.219584 0.941202 0.384513 
1535375352469 0.250492 0.925555 -0.283906 -0.603923 -0.933467 0.308664 0.182663 -0.230481 0.256696 0.219261 0.941293 0.384528 
1535375352581 0.250639 0.92564 -0.283498 -0.603698 -0.933434 0.308718 0.182738 -0.230418 0.256671 0.218826 0.941401 0.384534 
1535375352604 0.250618 0.925686 -0.283364 -0.603631 -0.933441 0.30867 0.182785 -0.230331 0.256668 0.218695 0.941432 0.384545 
1535375352622 0.250595 0.925723 -0.283265 -0.603581 -0.933449 0.308627 0.182819 -0.23027 0.256663 0.2186 0.941455 0.384555 
1535375352643 0.250631 0.925763 -0.283102 -0.603517 -0.933446 0.308624 0.182839 -0.230215 0.256637 0.218435 0.941501 0.384567 
1535375352657 0.250668 0.925777 -0.283022 -0.603486 -0.933439 0.308641 0.182846 -0.230191 0.256628 0.21835 0.941523 0.384573 
1535375352811 0.251232 0.925729 -0.28268 -0.6034 -0.933369 0.309041 0.182527 -0.230291 0.25633 0.217988 0.941688 0.384511 
1535375352870 0.251254 0.925846 -0.282276 -0.603284 -0.93345 0.308909 0.182335 -0.230132 0.256012 0.217678 0.941846 0.384479 
1535375352941 0.25118 0.925987 -0.281879 -0.603155 -0.933546 0.308696 0.182208 -0.22993 0.255737 0.21738 0.94199 0.384459 
1535375352998 0.251408 0.926077 -0.281382 -0.602994 -0.933545 0.308763 0.182095 -0.229806 0.255514 0.216903 0.94216 0.384465 
1535375353049 0.251736 0.926111 -0.280977 -0.602882 -0.933504 0.308957 0.181978 -0.229767 0.255342 0.216483 0.942303 0.384465 
1535375353119 0.251724 0.926217 -0.280638 -0.602727 -0.933572 0.308824 0.181855 -0.229609 0.255105 0.216218 0.942428 0.384417 
1535375353152 0.251811 0.926255 -0.280433 -0.602654 -0.933581 0.308839 0.181783 -0.229542 0.254986 0.216032 0.942503 0.384394 
1535375353165 0.251886 0.926276 -0.280296 -0.602604 -0.933582 0.308865 0.181731 -0.229515 0.254907 0.215904 0.942554 0.384387 
1535375353386 0.251984 0.926309 -0.280098 -0.602689 -0.933596 0.308886 0.181627 -0.229629 0.254761 0.215732 0.942633 0.384378 
1535375353620 0.252029 0.926451 -0.279588 -0.602679 -0.933639 0.308783 0.181581 -0.229497 0.254558 0.215271 0.942793 0.384399 
1535375353839 0.252242 0.926509 -0.279203 -0.60263 -0.933609 0.308887 0.181558 -0.229457 0.254457 0.21487 0.942912 0.384288 
1535375354096 0.252512 0.926547 -0.278833 -0.602605 -0.933659 0.308968 0.181162 -0.229496 0.254005 0.21459 0.943097 0.384241 
1535375354338 0.252614 0.926688 -0.278273 -0.602592 -0.933627 0.30896 0.181342 -0.229406 0.254023 0.213994 0.943228 0.384288 
1535375354596 0.252858 0.926702 -0.278004 -0.602585 -0.933661 0.309056 0.181001 -0.229415 0.253653 0.213794 0.943373 0.384199 
1535375354839 0.253121 0.926773 -0.277526 -0.602568 -0.933628 0.309181 0.180956 -0.229364 0.253511 0.213303 0.943522 0.384119 
1535375355052 0.253259 0.926882 -0.277038 -0.602576 -0.933654 0.309165 0.180853 -0.229273 0.25328 0.212855 0.943685 0.384166 
