1535376371497 0.251589 0.924048 -0.287816 -0.604792 -0.934087 0.309675 0.177714 -0.23089 0.253346 0.224134 0.941052 0.384142 
1535376379919 0.251589 0.924048 -0.287816 -0.604792 -0.934087 0.309675 0.177714 -0.23089 0.253346 0.224134 0.941052 0.384142 
1535376380379 0.251589 0.924048 -0.287816 -0.604792 -0.934087 0.309675 0.177714 -0.230891 0.253346 0.224135 0.941052 0.384142 
1535376380860 0.251841 0.924046 -0.287601 -0.607799 -0.934261 0.30966 0.176825 -0.23213 0.252453 0.224163 0.941286 0.383213 
1535376381284 0.251435 0.924291 -0.287169 -0.61106 -0.934706 0.308891 0.175813 -0.233239 0.251206 0.224213 0.941607 0.382152 
1535376381759 0.251121 0.924496 -0.286786 -0.614335 -0.935144 0.308203 0.174689 -0.234402 0.249888 0.224318 0.941933 0.381123 
1535376382205 0.250718 0.924776 -0.286232 -0.617644 -0.935566 0.307433 0.173786 -0.23544 0.248711 0.224217 0.942268 0.380122 
1535376382609 0.25026 0.925079 -0.285653 -0.620919 -0.936027 0.306582 0.172803 -0.236536 0.247432 0.224133 0.942625 0.379069 
1535376383059 0.249984 0.925287 -0.285221 -0.624211 -0.936397 0.305969 0.171882 -0.237588 0.246309 0.224112 0.942924 0.378023 
1535376383482 0.249594 0.925527 -0.284785 -0.627464 -0.936873 0.305176 0.170694 -0.238806 0.244891 0.224203 0.943272 0.37694 
1535376383903 0.249594 0.925527 -0.284785 -0.627464 -0.936873 0.305176 0.170694 -0.238806 0.244891 0.224203 0.943272 0.37694 
1535376383987 0.24865 0.926124 -0.283669 -0.634138 -0.937787 0.303461 0.168722 -0.240949 0.24234 0.224069 0.943962 0.374943 
1535376384293 0.248434 0.925907 -0.284562 -0.63418 -0.93764 0.303607 0.169276 -0.241146 0.243129 0.224763 0.943594 0.374982 
1535376384702 0.247492 0.925838 -0.285609 -0.634226 -0.937605 0.303162 0.170265 -0.241205 0.244223 0.225649 0.9431 0.375049 
1535376385015 0.246645 0.925713 -0.286743 -0.634392 -0.937526 0.302842 0.171267 -0.24129 0.245382 0.226587 0.942574 0.375101 
1535376385305 0.245805 0.925652 -0.287659 -0.634469 -0.937518 0.302422 0.172048 -0.241361 0.246251 0.227395 0.942153 0.375152 
1535376385598 0.245133 0.925523 -0.288648 -0.634599 -0.937484 0.30216 0.172695 -0.241512 0.247051 0.228269 0.941732 0.375135 
1535376386028 0.243508 0.925447 -0.290261 -0.634784 -0.937465 0.301323 0.174251 -0.241599 0.248723 0.229678 0.940949 0.375225 
1535376386337 0.2429 0.925243 -0.29142 -0.634888 -0.937281 0.301279 0.175315 -0.241833 0.250007 0.230558 0.940393 0.375305 
1535376386369 0.242025 0.925165 -0.292393 -0.635028 -0.937277 0.300843 0.176082 -0.241862 0.25087 0.231437 0.939947 0.375311 
1535376386605 0.242033 0.925164 -0.292389 -0.635029 -0.937272 0.300852 0.176092 -0.241867 0.25088 0.231428 0.939947 0.375318 
1535376386982 0.242396 0.925229 -0.291883 -0.635149 -0.937339 0.300954 0.175564 -0.242017 0.25028 0.231037 0.940203 0.375342 
1535376387253 0.241839 0.925273 -0.292204 -0.635355 -0.937414 0.300549 0.175858 -0.242079 0.250539 0.231387 0.940048 0.375385 
1535376387512 0.241502 0.925333 -0.292293 -0.635483 -0.937485 0.300259 0.175971 -0.242197 0.250596 0.231523 0.94 0.375422 
1535376387871 0.240842 0.925372 -0.292715 -0.635698 -0.9376 0.299762 0.176205 -0.242297 0.2508 0.232012 0.939824 0.375485 
1535376388131 0.240317 0.92534 -0.293248 -0.635978 -0.937602 0.299487 0.176662 -0.24238 0.251296 0.232495 0.939572 0.37551 
1535376388401 0.240076 0.925341 -0.293439 -0.636087 -0.937672 0.299287 0.176629 -0.242576 0.251265 0.232745 0.939519 0.37545 
1535376388424 0.23974 0.925332 -0.293745 -0.636258 -0.937664 0.299113 0.176968 -0.242652 0.251617 0.233008 0.939359 0.375548 
1535376388649 0.239713 0.925331 -0.293769 -0.636261 -0.937673 0.29909 0.17696 -0.242641 0.25161 0.23304 0.939354 0.375531 
1535376388932 0.239522 0.92574 -0.292633 -0.636311 -0.938015 0.29842 0.176276 -0.242708 0.250513 0.232272 0.939837 0.375447 
1535376389123 0.239182 0.926035 -0.291976 -0.636472 -0.938205 0.297877 0.176186 -0.242762 0.250127 0.231793 0.940058 0.375433 
1535376389325 0.23913 0.926108 -0.291791 -0.636558 -0.938306 0.29771 0.175928 -0.242968 0.249798 0.231719 0.940163 0.375426 
1535376389569 0.238542 0.92657 -0.290802 -0.636789 -0.938731 0.296707 0.175353 -0.243137 0.24876 0.231156 0.940577 0.375409 
1535376389764 0.23861 0.92671 -0.2903 -0.636917 -0.938788 0.296608 0.175218 -0.243287 0.248481 0.230722 0.940757 0.375459 
1535376389958 0.238057 0.927027 -0.289741 -0.637037 -0.939031 0.295881 0.175144 -0.243297 0.248092 0.230382 0.940943 0.375472 
1535376389988 0.238057 0.927027 -0.289741 -0.637037 -0.939031 0.295881 0.175144 -0.243297 0.248092 0.230382 0.940943 0.375472 
1535376390241 0.237711 0.927325 -0.28907 -0.637234 -0.939284 0.295271 0.174814 -0.243275 0.247463 0.229964 0.941211 0.375498 
1535376390493 0.237766 0.927221 -0.28936 -0.637111 -0.939201 0.295443 0.174974 -0.24352 0.247729 0.230164 0.941093 0.375382 
1535376390660 0.23749 0.927492 -0.288715 -0.63721 -0.93936 0.294975 0.174906 -0.243657 0.247388 0.229669 0.941303 0.37537 
1535376390834 0.23727 0.927594 -0.28857 -0.637251 -0.939472 0.294686 0.174794 -0.243692 0.247176 0.22963 0.941368 0.375362 
1535376391027 0.237232 0.927748 -0.288106 -0.637349 -0.939577 0.294473 0.174585 -0.243899 0.24681 0.229281 0.941549 0.375315 
1535376391199 0.236876 0.927958 -0.287721 -0.637379 -0.939771 0.293966 0.1744 -0.244047 0.246416 0.22908 0.941701 0.375196 
1535376391375 0.236584 0.928125 -0.287423 -0.63744 -0.939891 0.293588 0.174389 -0.244077 0.246238 0.228889 0.941794 0.375199 
1535376391548 0.236324 0.928307 -0.287049 -0.637517 -0.940007 0.293222 0.174375 -0.244122 0.246043 0.228619 0.941911 0.375231 
1535376391565 0.236324 0.928307 -0.287049 -0.637517 -0.940007 0.293222 0.174375 -0.244122 0.246043 0.228619 0.941911 0.375231 
1535376391778 0.236499 0.928438 -0.28648 -0.637526 -0.940069 0.293184 0.174105 -0.244264 0.245637 0.228136 0.942134 0.375219 
1535376392006 0.2368 0.928341 -0.286546 -0.637487 -0.939986 0.293491 0.174041 -0.244068 0.245668 0.228136 0.942126 0.375192 
1535376392181 0.237532 0.928244 -0.286254 -0.637425 -0.939986 0.293962 0.173244 -0.244092 0.24496 0.227924 0.942361 0.375018 
1535376392408 0.237815 0.928154 -0.286311 -0.637427 -0.939949 0.29421 0.173022 -0.244102 0.244826 0.22797 0.942385 0.374948 
1535376392645 0.238507 0.928136 -0.285793 -0.637357 -0.9399 0.294655 0.172527 -0.244126 0.244339 0.227468 0.942633 0.374855 
1535376392676 0.239062 0.928098 -0.285454 -0.637325 -0.939862 0.295025 0.172104 -0.244121 0.243945 0.227143 0.942813 0.374796 
1535376392818 0.239075 0.928097 -0.285445 -0.637325 -0.939863 0.295033 0.172086 -0.244119 0.243928 0.227138 0.942819 0.374793 
1535376392841 0.239075 0.928097 -0.285445 -0.637325 -0.939863 0.295033 0.172086 -0.244119 0.243928 0.227138 0.942819 0.374793 
1535376392949 0.239343 0.92793 -0.285764 -0.637138 -0.939804 0.295338 0.171882 -0.244117 0.243891 0.227424 0.94276 0.374872 
1535376393098 0.239734 0.927926 -0.285447 -0.636937 -0.939742 0.295618 0.171742 -0.243884 0.243747 0.227074 0.942881 0.374991 
1535376393251 0.24043 0.927774 -0.285359 -0.636754 -0.939686 0.296151 0.171128 -0.243845 0.243277 0.227003 0.943019 0.375001 
1535376393397 0.240888 0.92772 -0.285145 -0.63659 -0.93964 0.296483 0.170808 -0.243648 0.243002 0.226788 0.943142 0.375044 
1535376393545 0.241559 0.927599 -0.284974 -0.636408 -0.939559 0.297005 0.170343 -0.243568 0.242648 0.226602 0.943278 0.375086 
1535376393677 0.24213 0.927493 -0.284833 -0.636206 -0.93949 0.297452 0.169942 -0.243465 0.242344 0.22645 0.943393 0.375105 
1535376393773 0.24213 0.927493 -0.284833 -0.636206 -0.93949 0.297452 0.169942 -0.243465 0.242344 0.22645 0.943393 0.375105 
1535376393992 0.243658 0.927246 -0.284334 -0.635799 -0.939262 0.298662 0.169078 -0.243216 0.241697 0.225867 0.943699 0.375261 
1535376394005 0.2441 0.927141 -0.284298 -0.635633 -0.939223 0.299007 0.168686 -0.2433 0.241403 0.225842 0.94378 0.375246 
1535376394176 0.2441 0.927141 -0.284298 -0.635633 -0.939223 0.299007 0.168686 -0.2433 0.241403 0.225842 0.94378 0.375246 
1535376394352 0.243801 0.927269 -0.284135 -0.63535 -0.939167 0.298817 0.169336 -0.243098 0.241924 0.225566 0.943712 0.375474 
1535376394478 0.244094 0.927176 -0.284189 -0.635013 -0.939084 0.299112 0.169272 -0.243046 0.24195 0.225559 0.943707 0.37552 
1535376394709 0.244363 0.927145 -0.284057 -0.634615 -0.939023 0.299337 0.169213 -0.242868 0.241914 0.225387 0.943758 0.375592 
1535376394823 0.244447 0.927139 -0.284005 -0.634274 -0.938987 0.29942 0.169264 -0.242692 0.241968 0.225302 0.943764 0.375659 
1535376394928 0.244447 0.927139 -0.284005 -0.634274 -0.938987 0.29942 0.169264 -0.242692 0.241968 0.225302 0.943764 0.375659 
1535376395107 0.2446 0.927175 -0.283757 -0.633558 -0.93891 0.299556 0.169453 -0.242321 0.242114 0.224974 0.943805 0.375919 
1535376395353 0.245124 0.927104 -0.283534 -0.633183 -0.93879 0.3 0.169333 -0.242307 0.242049 0.224671 0.943894 0.376125 
1535376395431 0.245333 0.927087 -0.283409 -0.632806 -0.938719 0.300192 0.169386 -0.242187 0.242113 0.224486 0.943921 0.376256 
1535376395576 0.24528 0.927119 -0.283353 -0.632713 -0.938732 0.300131 0.169419 -0.24209 0.242115 0.224437 0.943932 0.376279 
1535376395799 0.245414 0.927063 -0.283418 -0.632513 -0.938655 0.30031 0.16953 -0.242009 0.242279 0.224427 0.943893 0.37636 
1535376395968 0.245423 0.926989 -0.283654 -0.631995 -0.938613 0.300399 0.169606 -0.241839 0.242432 0.224616 0.943808 0.376514 
1535376396145 0.24546 0.92694 -0.283782 -0.63147 -0.938539 0.300517 0.169805 -0.241624 0.24268 0.224661 0.943734 0.376686 
1535376396313 0.24548 0.926891 -0.283923 -0.630964 -0.938444 0.300646 0.170103 -0.241394 0.243028 0.224689 0.943638 0.376909 
1535376396509 0.24548 0.926891 -0.283923 -0.630964 -0.938444 0.300646 0.170103 -0.241394 0.243028 0.224689 0.943638 0.376909 
1535376396808 0.245589 0.92674 -0.284322 -0.629917 -0.938307 0.300922 0.170367 -0.241011 0.243445 0.224941 0.94347 0.377198 
1535376397027 0.245659 0.92664 -0.284586 -0.629424 -0.938187 0.301132 0.170658 -0.240789 0.243836 0.225071 0.943338 0.3774 
1535376397203 0.245831 0.92649 -0.284927 -0.628909 -0.938079 0.301417 0.170748 -0.240651 0.244078 0.225309 0.943219 0.377516 
1535376397230 0.245831 0.92649 -0.284927 -0.628909 -0.938079 0.301417 0.170748 -0.240651 0.244078 0.225309 0.943219 0.377516 
1535376397502 0.246094 0.926395 -0.28501 -0.628283 -0.937961 0.301729 0.170848 -0.240484 0.244269 0.225284 0.943175 0.377694 
1535376397712 0.245919 0.926354 -0.285294 -0.628208 -0.937983 0.301636 0.17089 -0.24034 0.24436 0.225576 0.943082 0.377709 
1535376398028 0.245813 0.926232 -0.28578 -0.627311 -0.937896 0.301731 0.171199 -0.239931 0.244799 0.225949 0.942879 0.377976 
1535376398310 0.245729 0.926134 -0.286168 -0.626891 -0.937864 0.301773 0.171304 -0.239704 0.245009 0.226292 0.942742 0.378093 
1535376398515 0.245678 0.926071 -0.286417 -0.626443 -0.937794 0.301847 0.171552 -0.239488 0.245324 0.226453 0.942621 0.378257 
1535376398733 0.245681 0.926046 -0.286495 -0.625969 -0.937749 0.301905 0.171699 -0.239296 0.245495 0.226477 0.942571 0.378406 
1535376398929 0.245678 0.925921 -0.286901 -0.62553 -0.937684 0.302038 0.17182 -0.239104 0.245747 0.22681 0.942425 0.378573 
1535376398991 0.245678 0.925921 -0.286901 -0.62553 -0.937684 0.302038 0.17182 -0.239104 0.245747 0.22681 0.942425 0.378573 
1535376399247 0.245651 0.925888 -0.287032 -0.625025 -0.937617 0.302105 0.172064 -0.238873 0.246026 0.226858 0.942341 0.37874 
1535376399562 0.245565 0.925761 -0.287514 -0.624795 -0.937542 0.302203 0.172305 -0.238805 0.246401 0.227244 0.94215 0.378819 
1535376399750 0.245532 0.925696 -0.287751 -0.624512 -0.937471 0.302288 0.172538 -0.238702 0.246701 0.227395 0.942035 0.379027 
1535376399995 0.245532 0.925696 -0.287751 -0.624512 -0.937471 0.302288 0.172538 -0.238702 0.246701 0.227395 0.942035 0.379027 
1535376400175 0.24548 0.925419 -0.288685 -0.623558 -0.937198 0.302678 0.173339 -0.23842 0.24779 0.228004 0.941602 0.379426 
1535376400347 0.24548 0.925419 -0.288685 -0.623558 -0.937198 0.302678 0.173339 -0.23842 0.24779 0.228004 0.941602 0.379426 
1535376400531 0.245591 0.925334 -0.288862 -0.623213 -0.937105 0.302875 0.173495 -0.238322 0.24803 0.228086 0.941519 0.379499 
1535376400562 0.245625 0.925231 -0.289163 -0.622893 -0.937021 0.303033 0.173675 -0.238267 0.248315 0.228293 0.941394 0.379607 
1535376400701 0.245484 0.92523 -0.289289 -0.622775 -0.937025 0.302952 0.173793 -0.238212 0.248439 0.228407 0.941333 0.379658 
1535376400735 0.245484 0.92523 -0.289289 -0.622775 -0.937025 0.302952 0.173793 -0.238212 0.248439 0.228407 0.941333 0.379658 
1535376400854 0.245666 0.925154 -0.289377 -0.622558 -0.936914 0.303201 0.173957 -0.238086 0.248676 0.228386 0.941276 0.379744 
1535376401015 0.245682 0.925111 -0.289499 -0.622239 -0.936876 0.30327 0.174041 -0.238013 0.248803 0.228466 0.941223 0.379769 
1535376401169 0.245872 0.924965 -0.289806 -0.621916 -0.936711 0.303615 0.17433 -0.238009 0.249239 0.228601 0.941075 0.379898 
1535376401318 0.245765 0.924959 -0.289914 -0.621674 -0.936643 0.303621 0.174684 -0.237765 0.2496 0.228615 0.940976 0.380008 
1535376401429 0.245765 0.924959 -0.289914 -0.621674 -0.936643 0.303621 0.174684 -0.237765 0.2496 0.228615 0.940976 0.380008 
1535376401562 0.245763 0.924839 -0.290299 -0.621028 -0.93652 0.303804 0.175021 -0.237571 0.250061 0.228858 0.940794 0.380142 
1535376401698 0.245763 0.924839 -0.290299 -0.621028 -0.93652 0.303804 0.175021 -0.237571 0.250061 0.228858 0.940794 0.380142 
1535376401810 0.245814 0.92474 -0.290572 -0.620423 -0.936343 0.304055 0.175535 -0.237283 0.250674 0.228926 0.940614 0.380304 
1535376401953 0.245826 0.924717 -0.290634 -0.620343 -0.936318 0.304098 0.175594 -0.237276 0.250755 0.22896 0.940584 0.380322 
1535376401978 0.245928 0.924623 -0.290846 -0.620284 -0.936193 0.304325 0.175866 -0.237273 0.251121 0.229038 0.940468 0.380371 
1535376402079 0.245928 0.924623 -0.290846 -0.620284 -0.936193 0.304325 0.175866 -0.237273 0.251121 0.229038 0.940468 0.380371 
1535376402158 0.245566 0.924791 -0.290618 -0.62006 -0.936207 0.304011 0.176334 -0.237214 0.251423 0.228777 0.940451 0.380426 
1535376402281 0.245524 0.924706 -0.290924 -0.619876 -0.936103 0.304134 0.176672 -0.237123 0.25185 0.228957 0.940293 0.380461 
1535376402309 0.245524 0.924706 -0.290924 -0.619876 -0.936103 0.304134 0.176672 -0.237123 0.25185 0.228957 0.940293 0.380461 
1535376402369 0.24541 0.92472 -0.290975 -0.619646 -0.93598 0.304174 0.177254 -0.237056 0.252418 0.228847 0.940167 0.380601 
1535376402559 0.245271 0.924657 -0.291294 -0.619199 -0.935723 0.304368 0.178277 -0.236925 0.253506 0.228844 0.939875 0.380684 
1535376402605 0.245049 0.924671 -0.291437 -0.61902 -0.935667 0.304288 0.178706 -0.236817 0.253925 0.228896 0.939749 0.380755 
1535376402857 0.245218 0.924525 -0.291756 -0.618686 -0.935463 0.304654 0.179149 -0.236899 0.254512 0.228997 0.939566 0.380827 
1535376402874 0.245217 0.924473 -0.291922 -0.6185 -0.935268 0.304861 0.179817 -0.236856 0.255231 0.228931 0.939387 0.380909 
1535376403066 0.245284 0.924448 -0.291946 -0.618511 -0.935235 0.304943 0.179849 -0.23688 0.255288 0.228924 0.939373 0.380916 
1535376403124 0.24546 0.924523 -0.291558 -0.618204 -0.935363 0.304879 0.179292 -0.236672 0.25465 0.228703 0.9396 0.380933 
1535376403280 0.245332 0.924561 -0.291545 -0.618019 -0.935384 0.304766 0.179373 -0.236619 0.254694 0.228701 0.939589 0.38098 
1535376403306 0.245443 0.924559 -0.291458 -0.617848 -0.93532 0.304886 0.179502 -0.236473 0.254822 0.22855 0.939591 0.381047 
1535376403463 0.245466 0.924599 -0.291314 -0.617647 -0.935304 0.304889 0.179582 -0.236382 0.25486 0.228386 0.93962 0.381117 
1535376403506 0.245683 0.924581 -0.291187 -0.617412 -0.935223 0.305093 0.179658 -0.23637 0.254948 0.228185 0.939645 0.381198 
1535376403566 0.245556 0.924623 -0.29116 -0.617262 -0.935236 0.304984 0.179772 -0.236214 0.255021 0.228159 0.939632 0.381241 
1535376403815 0.245489 0.924644 -0.291151 -0.617011 -0.935228 0.304942 0.179885 -0.23607 0.255114 0.228133 0.939613 0.381302 
1535376404036 0.245797 0.924488 -0.291385 -0.616771 -0.935194 0.305238 0.17956 -0.236085 0.254943 0.228367 0.939602 0.381353 
1535376404206 0.245879 0.924489 -0.291312 -0.616544 -0.935164 0.305309 0.179594 -0.23593 0.254973 0.228266 0.939619 0.381424 
1535376404401 0.24586 0.924492 -0.291321 -0.616287 -0.935243 0.305227 0.179325 -0.235891 0.254703 0.228367 0.939667 0.381474 
1535376404672 0.246248 0.924351 -0.291439 -0.615809 -0.935154 0.305607 0.179142 -0.235734 0.254656 0.228427 0.939666 0.381623 
1535376404870 0.246123 0.92441 -0.291357 -0.615599 -0.935203 0.305458 0.179139 -0.235539 0.254596 0.228388 0.939692 0.381677 
1535376405059 0.246146 0.924414 -0.291328 -0.615334 -0.935212 0.30546 0.179088 -0.235485 0.254541 0.228372 0.93971 0.381733 
1535376405085 0.246313 0.924388 -0.291268 -0.615179 -0.935178 0.305599 0.179031 -0.235315 0.254505 0.22829 0.93974 0.381789 
1535376405329 0.245947 0.92447 -0.291316 -0.614999 -0.93533 0.30521 0.178898 -0.235254 0.254298 0.228477 0.93975 0.381838 
1535376405516 0.246518 0.924282 -0.291432 -0.614669 -0.935121 0.305828 0.178934 -0.235232 0.254514 0.228413 0.939707 0.3819 
1535376405695 0.246757 0.924196 -0.291501 -0.614324 -0.935052 0.306075 0.178874 -0.23521 0.254536 0.22843 0.939697 0.381976 
1535376405856 0.246484 0.924296 -0.291413 -0.61408 -0.935161 0.305765 0.178833 -0.234944 0.254399 0.228439 0.939732 0.382048 
1535376406103 0.246743 0.924228 -0.291411 -0.613772 -0.935085 0.306018 0.1788 -0.234835 0.254429 0.228377 0.939739 0.382138 
1535376406271 0.246894 0.924149 -0.291533 -0.613472 -0.935045 0.306185 0.178723 -0.234774 0.25443 0.228471 0.939716 0.38223 
1535376406451 0.246996 0.924109 -0.291574 -0.613175 -0.935019 0.306289 0.178681 -0.234651 0.254427 0.228494 0.939711 0.382295 
1535376406642 0.24699 0.924111 -0.291573 -0.612842 -0.935018 0.306286 0.178691 -0.234398 0.254435 0.228491 0.93971 0.382409 
1535376406900 0.246942 0.924132 -0.291547 -0.612794 -0.935033 0.306233 0.178704 -0.234336 0.254427 0.228476 0.939716 0.382422 
1535376407025 0.246942 0.924132 -0.291547 -0.612794 -0.935033 0.306233 0.178704 -0.234336 0.254427 0.228476 0.939716 0.382422 
1535376407200 0.247321 0.924052 -0.291481 -0.612516 -0.934924 0.306588 0.178663 -0.234302 0.254459 0.228326 0.939744 0.382474 
1535376407359 0.247548 0.924041 -0.291322 -0.612181 -0.934855 0.306781 0.178694 -0.234175 0.254493 0.228108 0.939787 0.382526 
1535376407539 0.247807 0.92401 -0.2912 -0.611865 -0.934767 0.307022 0.178739 -0.234045 0.254561 0.227912 0.939816 0.382577 
1535376407693 0.248226 0.9239 -0.291193 -0.611524 -0.93462 0.307451 0.178774 -0.233986 0.254697 0.227778 0.939812 0.382626 
1535376407859 0.248276 0.923924 -0.291074 -0.611246 -0.934584 0.307496 0.178882 -0.233756 0.254777 0.227621 0.939828 0.382681 
1535376408038 0.248741 0.923846 -0.290922 -0.610892 -0.934354 0.308004 0.17921 -0.233683 0.255168 0.227247 0.939813 0.382791 
1535376408173 0.248771 0.923881 -0.290787 -0.610611 -0.934342 0.30801 0.179262 -0.23347 0.255182 0.227099 0.939845 0.382899 
1535376408194 0.248771 0.923881 -0.290787 -0.610611 -0.934342 0.30801 0.179262 -0.23347 0.255182 0.227099 0.939845 0.382899 
1535376408264 0.248936 0.923891 -0.290612 -0.610291 -0.934302 0.30813 0.179267 -0.233338 0.25517 0.226894 0.939898 0.382952 
1535376408297 0.248895 0.923912 -0.290582 -0.610265 -0.934313 0.308084 0.179284 -0.23329 0.255166 0.226872 0.939904 0.382958 
1535376408455 0.248863 0.923958 -0.290464 -0.610094 -0.934327 0.308026 0.179314 -0.233158 0.255149 0.226764 0.939935 0.382989 
1535376408524 0.248864 0.923827 -0.290879 -0.609834 -0.934387 0.308054 0.178952 -0.232933 0.254927 0.227259 0.939875 0.383109 
1535376408695 0.249579 0.923582 -0.291044 -0.609457 -0.934224 0.308742 0.178617 -0.232912 0.254824 0.227321 0.939888 0.38326 
1535376408886 0.249687 0.923534 -0.291105 -0.609073 -0.934194 0.308857 0.178576 -0.232754 0.254831 0.22736 0.939877 0.383409 
1535376409078 0.249955 0.923431 -0.291202 -0.608743 -0.934122 0.309131 0.178475 -0.232608 0.254829 0.227407 0.939866 0.383491 
1535376409254 0.250016 0.923358 -0.291378 -0.608438 -0.934118 0.309212 0.178358 -0.232411 0.254786 0.227589 0.939834 0.383576 
1535376409368 0.250016 0.923358 -0.291378 -0.608438 -0.934118 0.309212 0.178358 -0.232411 0.254786 0.227589 0.939834 0.383576 
1535376409614 0.250227 0.92326 -0.291509 -0.607667 -0.934087 0.309415 0.178165 -0.231948 0.25469 0.227713 0.939829 0.383781 
1535376409625 0.250588 0.923111 -0.29167 -0.607531 -0.933988 0.309792 0.17803 -0.232019 0.254699 0.227804 0.939805 0.383832 
1535376409796 0.250588 0.923111 -0.29167 -0.607531 -0.933988 0.309792 0.17803 -0.232019 0.254699 0.227804 0.939805 0.383832 
1535376409906 0.250112 0.923454 -0.290994 -0.607495 -0.934125 0.309201 0.178341 -0.23174 0.254665 0.227219 0.939956 0.383862 
1535376410030 0.250596 0.923367 -0.290851 -0.607153 -0.93401 0.309621 0.178216 -0.231846 0.254612 0.226998 0.940024 0.38391 
1535376410149 0.250256 0.92354 -0.290596 -0.606966 -0.93413 0.309221 0.178277 -0.231525 0.254505 0.22684 0.940091 0.383947 
1535376410257 0.25067 0.923525 -0.290288 -0.60662 -0.934069 0.309512 0.178095 -0.231575 0.254323 0.226506 0.940221 0.383999 
1535376410372 0.250652 0.923622 -0.289994 -0.606369 -0.93411 0.309405 0.178062 -0.231399 0.254188 0.226255 0.940318 0.384066 
1535376410463 0.250452 0.923771 -0.289691 -0.606132 -0.934208 0.309118 0.178051 -0.231176 0.254027 0.226038 0.940413 0.384113 
1535376410571 0.250814 0.923781 -0.289347 -0.60581 -0.934139 0.309371 0.177972 -0.231154 0.253923 0.225653 0.940534 0.38418 
1535376410588 0.250814 0.923781 -0.289347 -0.60581 -0.934139 0.309371 0.177972 -0.231154 0.253923 0.225653 0.940534 0.38418 
1535376410665 0.25085 0.923874 -0.289016 -0.605545 -0.934161 0.309314 0.177957 -0.230993 0.253807 0.225347 0.940638 0.384218 
1535376410848 0.250961 0.923866 -0.288947 -0.605474 -0.934137 0.3094 0.177931 -0.231028 0.253784 0.225263 0.940665 0.384221 
1535376410994 0.250892 0.923979 -0.288646 -0.605323 -0.934182 0.309253 0.177952 -0.230882 0.253688 0.225001 0.940753 0.384217 
1535376411051 0.250799 0.924111 -0.288304 -0.6051 -0.934243 0.309067 0.177953 -0.230795 0.253553 0.224716 0.940858 0.384221 
1535376411136 0.250799 0.924111 -0.288304 -0.6051 -0.934243 0.309067 0.177953 -0.230795 0.253553 0.224716 0.940858 0.384221 
1535376411241 0.250895 0.924365 -0.287403 -0.604586 -0.934297 0.308914 0.177934 -0.230555 0.253259 0.223877 0.941137 0.384263 
1535376411398 0.250763 0.924503 -0.287077 -0.604376 -0.934346 0.308713 0.178025 -0.230358 0.253209 0.223587 0.941219 0.384298 
1535376411442 0.250977 0.924583 -0.286629 -0.604083 -0.934308 0.308814 0.17805 -0.230317 0.253138 0.223114 0.941351 0.38434 
1535376411482 0.250821 0.924732 -0.286286 -0.603842 -0.934385 0.308568 0.178074 -0.230205 0.253009 0.222837 0.941451 0.384383 
1535376411722 0.251052 0.924716 -0.286136 -0.603789 -0.934317 0.308765 0.178087 -0.230205 0.253029 0.222632 0.941494 0.384395 
1535376411902 0.250913 0.924999 -0.28534 -0.60349 -0.934392 0.308446 0.178247 -0.229977 0.252891 0.221895 0.941705 0.384434 
1535376412073 0.251033 0.925048 -0.285076 -0.603391 -0.934346 0.308521 0.178359 -0.229905 0.252942 0.221585 0.941764 0.384438 
1535376412263 0.251084 0.925141 -0.284729 -0.60323 -0.934341 0.308496 0.178428 -0.229828 0.252909 0.221234 0.941856 0.384424 
1535376412441 0.251291 0.925233 -0.284247 -0.603009 -0.934341 0.308552 0.178332 -0.229782 0.252703 0.220771 0.94202 0.384427 
1535376412639 0.251253 0.925363 -0.283857 -0.602865 -0.934349 0.308442 0.17848 -0.229631 0.252713 0.220378 0.942109 0.384441 
1535376412856 0.251597 0.925455 -0.283251 -0.602613 -0.934281 0.308632 0.17851 -0.22961 0.252623 0.219723 0.942286 0.384424 
1535376413024 0.251461 0.92559 -0.282932 -0.60248 -0.934332 0.308428 0.178594 -0.229369 0.252569 0.219443 0.942366 0.384374 
1535376413053 0.251715 0.925603 -0.282664 -0.602321 -0.934286 0.308599 0.17854 -0.229493 0.252487 0.219148 0.942457 0.384397 
1535376413337 0.251715 0.925603 -0.282664 -0.602321 -0.934286 0.308599 0.17854 -0.229493 0.252487 0.219148 0.942457 0.384397 
1535376413687 0.25192 0.92567 -0.282261 -0.602496 -0.934331 0.30863 0.178248 -0.229384 0.252113 0.218821 0.942633 0.384302 
1535376413939 0.252397 0.925864 -0.281196 -0.602613 -0.934387 0.30872 0.1778 -0.229302 0.251429 0.217869 0.943036 0.384226 
1535376414203 0.252849 0.925887 -0.280714 -0.602634 -0.934373 0.308966 0.177448 -0.229409 0.251027 0.217424 0.943246 0.384222 
1535376414464 0.253119 0.926001 -0.280096 -0.602653 -0.934383 0.309032 0.177277 -0.229371 0.250717 0.216845 0.943461 0.38413 
1535376414725 0.253231 0.926164 -0.279453 -0.60272 -0.934486 0.308901 0.176962 -0.229261 0.250219 0.216333 0.943711 0.384133 
1535376414993 0.2536 0.926231 -0.278898 -0.602732 -0.934453 0.30909 0.176808 -0.229285 0.24997 0.215778 0.943904 0.384056 
1535376415259 0.254002 0.926268 -0.278406 -0.602789 -0.93449 0.309254 0.176326 -0.229326 0.249423 0.215381 0.94414 0.383996 
1535376415282 0.254269 0.926369 -0.277826 -0.602823 -0.934455 0.309366 0.176312 -0.22928 0.24928 0.214785 0.944313 0.383948 
1535376415435 0.254269 0.926369 -0.277826 -0.602823 -0.934455 0.309366 0.176312 -0.22928 0.24928 0.214785 0.944313 0.383948 
1535376416254 0.248667 0.926038 -0.283933 -0.588556 -0.935807 0.305316 0.176201 -0.222682 0.249859 0.221891 0.942515 0.3935 
1535376417194 0.24414 0.92538 -0.289944 -0.574106 -0.936914 0.30222 0.175655 -0.216276 0.250174 0.228768 0.940786 0.403491 
1535376418145 0.239621 0.924726 -0.295742 -0.559686 -0.937982 0.299112 0.175277 -0.209768 0.250543 0.2354 0.93905 0.41349 
1535376418167 0.239621 0.924726 -0.295742 -0.559686 -0.937982 0.299112 0.175277 -0.209768 0.250543 0.2354 0.93905 0.41349 
1535376419451 0.230679 0.923168 -0.307487 -0.530723 -0.940018 0.293048 0.17461 -0.197034 0.251303 0.248765 0.935395 0.43344 
1535376420366 0.225991 0.922414 -0.313176 -0.516262 -0.941079 0.289766 0.174371 -0.190519 0.251591 0.255317 0.93355 0.443528 
1535376421242 0.221477 0.921498 -0.319045 -0.50182 -0.942099 0.286667 0.173988 -0.184087 0.25179 0.262038 0.931632 0.453481 
1535376421257 0.221477 0.921498 -0.319045 -0.50182 -0.942099 0.286667 0.173988 -0.184087 0.25179 0.262038 0.931632 0.453481 
