1535143389137 0.214473 0.919478 -0.329485 -0.472235 -0.943839 0.281907 0.172328 -0.17129 0.251336 0.274021 0.928301 0.473953 
1535143398679 0.214473 0.919478 -0.329485 -0.472235 -0.943839 0.281907 0.172328 -0.17129 0.251336 0.274021 0.928301 0.473954 
1535143399491 0.214473 0.919479 -0.329485 -0.472235 -0.943839 0.281907 0.172327 -0.17129 0.251336 0.274021 0.928301 0.473954 
1535143400095 0.214595 0.917604 -0.334593 -0.504622 -0.944169 0.282576 0.169395 -0.186104 0.249986 0.279561 0.927013 0.455997 
1535143400973 0.214595 0.917604 -0.334593 -0.504622 -0.944169 0.282576 0.169395 -0.186104 0.249986 0.279561 0.927013 0.455997 
1535143401567 0.214051 0.915869 -0.339656 -0.537302 -0.944855 0.282354 0.16591 -0.20093 0.247855 0.285412 0.925801 0.43738 
1535143402440 0.214051 0.915869 -0.339656 -0.537302 -0.944855 0.282354 0.16591 -0.20093 0.247855 0.285412 0.925801 0.43738 
1535143403064 0.212399 0.913389 -0.347286 -0.586597 -0.945995 0.281268 0.161188 -0.222938 0.244908 0.294295 0.923802 0.409001 
1535143404345 0.211711 0.911614 -0.352333 -0.619262 -0.946628 0.280924 0.15804 -0.237672 0.243051 0.30007 0.922434 0.390456 
1535143404647 0.211711 0.911614 -0.352333 -0.619262 -0.946628 0.280924 0.15804 -0.237672 0.243051 0.30007 0.922434 0.390456 
1535143404966 0.212426 0.911258 -0.352822 -0.622225 -0.946507 0.281628 0.15751 -0.239322 0.242897 0.300489 0.922338 0.38908 
1535143405291 0.212426 0.911258 -0.352822 -0.622225 -0.946507 0.281628 0.15751 -0.239322 0.242897 0.300489 0.922338 0.38908 
1535143405512 0.212386 0.910993 -0.353531 -0.627174 -0.946573 0.281643 0.15709 -0.241505 0.242677 0.301279 0.922138 0.386215 
1535143405809 0.212386 0.910993 -0.353531 -0.627174 -0.946573 0.281643 0.15709 -0.241505 0.242677 0.301279 0.922138 0.386215 
1535143406205 0.211865 0.91082 -0.354289 -0.63216 -0.946714 0.281257 0.15693 -0.243613 0.242582 0.302162 0.921874 0.383211 
1535143406277 0.211865 0.91082 -0.354289 -0.63216 -0.946714 0.281257 0.15693 -0.243613 0.242582 0.302162 0.921874 0.383211 
1535143406424 0.211577 0.910786 -0.354547 -0.633834 -0.94684 0.280955 0.156708 -0.244258 0.242339 0.302544 0.921813 0.382072 
1535143406633 0.211577 0.910786 -0.354547 -0.633834 -0.94684 0.280955 0.156708 -0.244258 0.242339 0.302544 0.921813 0.382072 
1535143406695 0.211577 0.910786 -0.354547 -0.633834 -0.94684 0.280955 0.156708 -0.244258 0.242339 0.302544 0.921813 0.382072 
1535143406833 0.210369 0.910102 -0.357013 -0.633255 -0.946749 0.280704 0.157705 -0.244077 0.243743 0.304826 0.92069 0.382768 
1535143407057 0.209741 0.908696 -0.360944 -0.634053 -0.94651 0.281277 0.158122 -0.244933 0.24521 0.308472 0.919085 0.382817 
1535143407124 0.209741 0.908696 -0.360944 -0.634053 -0.94651 0.281277 0.158122 -0.244933 0.24521 0.308472 0.919085 0.382817 
1535143407248 0.208751 0.907882 -0.363555 -0.634824 -0.946434 0.281182 0.158742 -0.245429 0.246344 0.310944 0.917948 0.38271 
1535143407859 0.205864 0.908449 -0.363785 -0.634956 -0.946475 0.279282 0.161821 -0.24599 0.248605 0.311001 0.917319 0.382912 
1535143408810 0.202942 0.908952 -0.364171 -0.6352 -0.946679 0.27717 0.164242 -0.246606 0.250226 0.311422 0.916735 0.383132 
1535143409423 0.202305 0.909809 -0.362382 -0.635435 -0.947074 0.275933 0.164049 -0.246838 0.249246 0.310015 0.917479 0.382903 
1535143409788 0.201326 0.91121 -0.359394 -0.635813 -0.947689 0.273979 0.16377 -0.24734 0.247695 0.307623 0.918703 0.382383 
1535143410176 0.202673 0.911496 -0.357908 -0.635805 -0.947769 0.274511 0.162413 -0.24739 0.246289 0.306297 0.919524 0.382129 
1535143410873 0.204212 0.911945 -0.355885 -0.63582 -0.947848 0.275077 0.160988 -0.247304 0.244708 0.304449 0.920559 0.381846 
1535143411154 0.204784 0.912126 -0.35509 -0.635799 -0.947947 0.275193 0.160203 -0.247249 0.243844 0.3038 0.921003 0.381676 
1535143411843 0.208759 0.911741 -0.353762 -0.634669 -0.947376 0.278301 0.158201 -0.246604 0.242691 0.30212 0.921859 0.38209 
1535143412772 0.210174 0.911658 -0.353138 -0.634248 -0.94731 0.279207 0.156995 -0.246392 0.241724 0.301534 0.922305 0.382182 
1535143412801 0.210174 0.911658 -0.353138 -0.634248 -0.94731 0.279207 0.156995 -0.246392 0.241724 0.301534 0.922305 0.382182 
1535143412816 0.210823 0.911642 -0.352792 -0.634085 -0.947278 0.279613 0.156464 -0.246332 0.241284 0.301206 0.922527 0.382164 
1535143412936 0.210823 0.911642 -0.352792 -0.634085 -0.947278 0.279613 0.156464 -0.246332 0.241284 0.301206 0.922527 0.382164 
1535143413074 0.210859 0.911489 -0.353167 -0.633715 -0.947189 0.279812 0.156647 -0.246216 0.241602 0.301485 0.922353 0.382355 
1535143413259 0.210859 0.911489 -0.353167 -0.633715 -0.947189 0.279812 0.156647 -0.246216 0.241602 0.301485 0.922353 0.382355 
1535143413293 0.210859 0.911489 -0.353167 -0.633715 -0.947189 0.279812 0.156647 -0.246216 0.241602 0.301485 0.922353 0.382355 
1535143413480 0.211936 0.911222 -0.35321 -0.631631 -0.947017 0.28074 0.156025 -0.245062 0.241333 0.301429 0.922442 0.383254 
1535143413629 0.212671 0.911001 -0.353337 -0.631252 -0.946877 0.281418 0.155654 -0.245052 0.241236 0.301464 0.922456 0.383527 
1535143413673 0.212671 0.911001 -0.353337 -0.631252 -0.946877 0.281418 0.155654 -0.245052 0.241236 0.301464 0.922456 0.383527 
1535143413767 0.212671 0.911001 -0.353337 -0.631252 -0.946877 0.281418 0.155654 -0.245052 0.241236 0.301464 0.922456 0.383527 
1535143413839 0.212671 0.911001 -0.353337 -0.631252 -0.946877 0.281418 0.155654 -0.245052 0.241236 0.301464 0.922456 0.383527 
1535143413890 0.212302 0.911024 -0.3535 -0.6307 -0.946824 0.28127 0.15624 -0.244762 0.241768 0.301532 0.922294 0.383672 
1535143413982 0.212302 0.911024 -0.3535 -0.6307 -0.946824 0.28127 0.15624 -0.244762 0.241768 0.301532 0.922294 0.383672 
1535143414047 0.212302 0.911024 -0.3535 -0.6307 -0.946824 0.28127 0.15624 -0.244762 0.241768 0.301532 0.922294 0.383672 
1535143414344 0.211618 0.910872 -0.354302 -0.629184 -0.946442 0.281435 0.158246 -0.244056 0.243855 0.301839 0.921644 0.384258 
1535143414992 0.2116 0.910524 -0.355206 -0.627591 -0.946215 0.28186 0.158843 -0.243499 0.244749 0.302491 0.921194 0.384826 
1535143415999 0.211584 0.910254 -0.355906 -0.6253 -0.945873 0.282395 0.15993 -0.242707 0.246084 0.302803 0.920735 0.385843 
1535143416654 0.211377 0.91013 -0.356346 -0.624328 -0.94564 0.282623 0.160902 -0.242365 0.247153 0.302964 0.920396 0.38627 
1535143417726 0.211409 0.909748 -0.357301 -0.621819 -0.944907 0.283707 0.163281 -0.241747 0.249913 0.303098 0.919606 0.387167 
1535143418195 0.21098 0.909592 -0.357952 -0.621326 -0.94478 0.283695 0.164037 -0.241483 0.250756 0.303578 0.919218 0.387336 
1535143418570 0.210788 0.909182 -0.359105 -0.620292 -0.944355 0.28429 0.165447 -0.241268 0.252512 0.304249 0.918515 0.387761 
1535143418870 0.210777 0.908933 -0.359741 -0.619768 -0.944082 0.284727 0.166252 -0.241162 0.25354 0.304582 0.918121 0.387938 
1535143418899 0.210777 0.908933 -0.359741 -0.619768 -0.944082 0.284727 0.166252 -0.241162 0.25354 0.304582 0.918121 0.387938 
1535143419058 0.210707 0.908839 -0.36002 -0.619545 -0.943997 0.284834 0.16655 -0.24113 0.253913 0.304764 0.917958 0.388057 
1535143419086 0.210707 0.908839 -0.36002 -0.619545 -0.943997 0.284834 0.16655 -0.24113 0.253913 0.304764 0.917958 0.388057 
1535143419130 0.210618 0.908864 -0.360008 -0.619529 -0.944023 0.284741 0.166561 -0.241025 0.25389 0.304775 0.917961 0.388066 
1535143419241 0.210618 0.908864 -0.360008 -0.619529 -0.944023 0.284741 0.166561 -0.241025 0.25389 0.304775 0.917961 0.388066 
1535143419263 0.210618 0.908864 -0.360008 -0.619529 -0.944023 0.284741 0.166561 -0.241025 0.25389 0.304775 0.917961 0.388066 
1535143419285 0.210618 0.908864 -0.360008 -0.619529 -0.944023 0.284741 0.166561 -0.241025 0.25389 0.304775 0.917961 0.388066 
1535143419463 0.210139 0.908813 -0.360416 -0.618316 -0.943954 0.284582 0.167225 -0.240436 0.254544 0.305076 0.91768 0.388629 
1535143419481 0.210139 0.908813 -0.360416 -0.618316 -0.943954 0.284582 0.167225 -0.240436 0.254544 0.305076 0.91768 0.388629 
1535143419498 0.210139 0.908813 -0.360416 -0.618316 -0.943954 0.284582 0.167225 -0.240436 0.254544 0.305076 0.91768 0.388629 
1535143419514 0.210139 0.908813 -0.360416 -0.618316 -0.943954 0.284582 0.167225 -0.240436 0.254544 0.305076 0.91768 0.388629 
1535143419532 0.210139 0.908813 -0.360416 -0.618316 -0.943954 0.284582 0.167225 -0.240436 0.254544 0.305076 0.91768 0.388629 
1535143419549 0.210139 0.908813 -0.360416 -0.618316 -0.943954 0.284582 0.167225 -0.240436 0.254544 0.305076 0.91768 0.388629 
1535143419720 0.210263 0.908662 -0.360726 -0.617855 -0.943792 0.284916 0.167572 -0.24027 0.255043 0.305216 0.917495 0.388939 
1535143419763 0.210263 0.908662 -0.360726 -0.617855 -0.943792 0.284916 0.167572 -0.24027 0.255043 0.305216 0.917495 0.388939 
1535143419883 0.210488 0.908618 -0.360705 -0.61753 -0.943742 0.28512 0.167503 -0.240206 0.255041 0.305155 0.917515 0.389123 
1535143420707 0.210764 0.908271 -0.361418 -0.615899 -0.943565 0.285647 0.167605 -0.239503 0.255469 0.305696 0.917216 0.389846 
1535143421705 0.210615 0.908133 -0.361852 -0.61506 -0.943484 0.285725 0.167925 -0.239017 0.255888 0.306034 0.916987 0.390215 
1535143422137 0.211008 0.908156 -0.361563 -0.61423 -0.943352 0.28609 0.168048 -0.238783 0.256054 0.305621 0.917078 0.390493 
1535143423062 0.2115 0.908396 -0.360672 -0.612419 -0.9431 0.286551 0.168675 -0.238086 0.256575 0.304475 0.917314 0.391169 
1535143423724 0.211836 0.908361 -0.360563 -0.612051 -0.942989 0.286886 0.168728 -0.238031 0.256706 0.304264 0.917347 0.391287 
1535143423759 0.211836 0.908361 -0.360563 -0.612051 -0.942989 0.286886 0.168728 -0.238031 0.256706 0.304264 0.917347 0.391287 
1535143423778 0.211775 0.908439 -0.360402 -0.611829 -0.942973 0.286833 0.168901 -0.237863 0.256812 0.30408 0.917378 0.391456 
1535143423889 0.211775 0.908439 -0.360402 -0.611829 -0.942973 0.286833 0.168901 -0.237863 0.256812 0.30408 0.917378 0.391456 
1535143423943 0.211775 0.908439 -0.360402 -0.611829 -0.942973 0.286833 0.168901 -0.237863 0.256812 0.30408 0.917378 0.391456 
1535143423977 0.211971 0.908241 -0.360786 -0.611341 -0.942883 0.287142 0.168883 -0.237673 0.256983 0.30438 0.917231 0.391494 
1535143424026 0.211971 0.908241 -0.360786 -0.611341 -0.942883 0.287142 0.168883 -0.237673 0.256983 0.30438 0.917231 0.391494 
1535143424093 0.211971 0.908241 -0.360786 -0.611341 -0.942883 0.287142 0.168883 -0.237673 0.256983 0.30438 0.917231 0.391494 
1535143424412 0.212837 0.907933 -0.361051 -0.60931 -0.942409 0.288326 0.169509 -0.236778 0.258003 0.30418 0.917011 0.392258 
1535143424924 0.213353 0.908084 -0.360367 -0.608233 -0.94224 0.28874 0.169746 -0.236155 0.258196 0.303336 0.917236 0.392485 
1535143425743 0.214254 0.908062 -0.359887 -0.607387 -0.941946 0.289593 0.169924 -0.235998 0.258522 0.302587 0.917392 0.39279 
1535143426126 0.214154 0.908143 -0.359742 -0.606911 -0.941908 0.289544 0.170217 -0.235717 0.258743 0.302391 0.917394 0.392963 
1535143426492 0.214234 0.908048 -0.359935 -0.605765 -0.941763 0.289803 0.170579 -0.235401 0.259205 0.302429 0.917251 0.39337 
1535143427019 0.214103 0.908095 -0.359894 -0.604332 -0.941555 0.28995 0.171474 -0.234736 0.260065 0.302147 0.917101 0.394017 
1535143427291 0.214352 0.908029 -0.359912 -0.60404 -0.941475 0.290212 0.17147 -0.234798 0.26015 0.302093 0.917094 0.394147 
1535143427886 0.213492 0.908464 -0.359324 -0.602778 -0.941853 0.289088 0.171289 -0.234143 0.259487 0.301862 0.917358 0.394386 
1535143428378 0.213403 0.908578 -0.359089 -0.602284 -0.941908 0.288922 0.171271 -0.233882 0.259362 0.301679 0.917454 0.394506 
1535143428416 0.213403 0.908578 -0.359089 -0.602284 -0.941908 0.288922 0.171271 -0.233882 0.259362 0.301679 0.917454 0.394506 
1535143428696 0.213446 0.908594 -0.359022 -0.602033 -0.941927 0.288915 0.171177 -0.233843 0.259257 0.301636 0.917498 0.39459 
1535143429110 0.214738 0.909478 -0.356002 -0.601774 -0.942009 0.289115 0.170387 -0.233512 0.257888 0.298768 0.918821 0.394478 
1535143429808 0.214944 0.909886 -0.354833 -0.60154 -0.942115 0.28891 0.170145 -0.233307 0.257327 0.297722 0.919317 0.394427 
1535143429841 0.214944 0.909886 -0.354833 -0.60154 -0.942115 0.28891 0.170145 -0.233307 0.257327 0.297722 0.919317 0.394427 
1535143430002 0.215519 0.910191 -0.353701 -0.601347 -0.942111 0.289088 0.169867 -0.233198 0.256862 0.296616 0.919805 0.394393 
1535143430311 0.216062 0.910596 -0.352325 -0.601592 -0.942396 0.288866 0.168661 -0.23312 0.255357 0.295588 0.920554 0.394233 
1535143430712 0.217545 0.911296 -0.34959 -0.601659 -0.942658 0.289048 0.166875 -0.233031 0.253121 0.293241 0.921922 0.394028 
1535143430935 0.218084 0.911562 -0.348561 -0.601701 -0.942784 0.289074 0.166119 -0.233011 0.252188 0.292389 0.922448 0.393961 
1535143431262 0.218084 0.911562 -0.348561 -0.601701 -0.942784 0.289074 0.166119 -0.233011 0.252188 0.292389 0.922448 0.393961 
1535143431323 0.218084 0.911562 -0.348561 -0.601701 -0.942784 0.289074 0.166119 -0.233011 0.252188 0.292389 0.922448 0.393961 
1535143431447 0.218084 0.911562 -0.348561 -0.601701 -0.942784 0.289074 0.166119 -0.233011 0.252188 0.292389 0.922448 0.393961 
1535143431654 0.218084 0.911562 -0.348561 -0.601701 -0.942784 0.289074 0.166119 -0.233011 0.252188 0.292389 0.922448 0.393961 
1535143431721 0.218084 0.911562 -0.348561 -0.601701 -0.942784 0.289074 0.166119 -0.233011 0.252188 0.292389 0.922448 0.393961 
1535143431871 0.215889 0.912238 -0.348158 -0.587571 -0.943081 0.287189 0.167694 -0.226111 0.252964 0.292138 0.922315 0.402578 
1535143431897 0.215889 0.912238 -0.348158 -0.587571 -0.943081 0.287189 0.167694 -0.226111 0.252964 0.292138 0.922315 0.402578 
