1533547913861 0.152338 0.937994 -0.311385 -0.599308 -0.950377 0.225498 0.214323 -0.220885 0.27125 0.263284 0.9258 0.379604 
1533547926000 0.152338 0.937994 -0.311384 -0.599308 -0.950376 0.225498 0.214325 -0.220885 0.271252 0.263282 0.9258 0.379605 
1533547926295 0.15076 0.93783 -0.312644 -0.59933 -0.951246 0.223704 0.212339 -0.220995 0.269078 0.265389 0.925832 0.379988 
1533547926542 0.149373 0.937617 -0.313945 -0.599377 -0.952067 0.222101 0.210332 -0.221101 0.266938 0.267479 0.92585 0.380242 
1533547926788 0.148034 0.937343 -0.315394 -0.599411 -0.952858 0.220584 0.208336 -0.2213 0.264853 0.269685 0.925809 0.380497 
1533547927096 0.146417 0.937151 -0.316717 -0.599428 -0.953759 0.218696 0.206193 -0.221431 0.262499 0.271882 0.925837 0.380864 
1533547927345 0.1453 0.936862 -0.318085 -0.599452 -0.954513 0.217343 0.204124 -0.221656 0.26037 0.273956 0.925827 0.381129 
1533547927604 0.143469 0.936698 -0.319395 -0.599502 -0.955408 0.21526 0.202137 -0.221668 0.258094 0.276152 0.925812 0.381449 
1533547927855 0.142109 0.936426 -0.320797 -0.599535 -0.956198 0.213656 0.200091 -0.221808 0.255911 0.278311 0.925771 0.381695 
1533547928118 0.14068 0.936136 -0.322271 -0.599589 -0.957033 0.21195 0.197903 -0.221993 0.25357 0.280583 0.92573 0.381949 
1533547928379 0.139263 0.935923 -0.323503 -0.599601 -0.957818 0.21024 0.195919 -0.222138 0.251379 0.282572 0.925722 0.382261 
1533547928395 0.139233 0.935939 -0.32347 -0.59959 -0.957832 0.210194 0.195897 -0.222133 0.251339 0.282555 0.925738 0.382283 
1533547928711 0.139046 0.935809 -0.323926 -0.599594 -0.95797 0.209991 0.195443 -0.22223 0.250918 0.283135 0.925675 0.382281 
1533547928904 0.138974 0.935835 -0.323881 -0.599584 -0.95802 0.20987 0.195328 -0.222222 0.250768 0.283139 0.925715 0.382347 
1533547929035 0.138847 0.935789 -0.324068 -0.599603 -0.958085 0.209737 0.195152 -0.222224 0.25059 0.283389 0.925687 0.382371 
1533547929137 0.13867 0.935734 -0.324303 -0.599627 -0.958147 0.20958 0.195016 -0.222225 0.25045 0.283686 0.925633 0.382381 
1533547929301 0.138518 0.935725 -0.324393 -0.59963 -0.958276 0.209334 0.194644 -0.222241 0.25004 0.283896 0.92568 0.382429 
1533547929489 0.138168 0.935696 -0.324627 -0.599653 -0.95834 0.209041 0.194645 -0.222215 0.249989 0.284209 0.925597 0.382459 
1533547929615 0.138141 0.935683 -0.324675 -0.599649 -0.95841 0.208951 0.194397 -0.222247 0.249735 0.284318 0.925633 0.382481 
1533547929792 0.138277 0.935554 -0.324989 -0.599633 -0.958468 0.209054 0.193999 -0.222401 0.249436 0.284666 0.925606 0.382519 
1533547929809 0.138267 0.935554 -0.324994 -0.599634 -0.95847 0.209045 0.193997 -0.222397 0.249433 0.284674 0.925605 0.382522 
1533547929995 0.138244 0.935474 -0.325235 -0.599645 -0.958556 0.208978 0.193643 -0.222383 0.249115 0.284986 0.925594 0.382516 
1533547930149 0.138311 0.93545 -0.325273 -0.599626 -0.958646 0.208935 0.193244 -0.222362 0.248732 0.285094 0.925664 0.38249 
1533547930304 0.13848 0.935333 -0.325538 -0.599637 -0.95871 0.209047 0.192807 -0.222347 0.248392 0.285397 0.925662 0.382442 
1533547930478 0.138494 0.935283 -0.325675 -0.599633 -0.958813 0.208967 0.192382 -0.22233 0.247987 0.285618 0.925702 0.382475 
1533547930656 0.138461 0.935278 -0.325706 -0.599608 -0.958904 0.208843 0.192061 -0.222275 0.247651 0.285728 0.925758 0.382516 
1533547930818 0.138471 0.935222 -0.325861 -0.599598 -0.958988 0.208785 0.191705 -0.222229 0.247321 0.285951 0.925778 0.382486 
1533547930948 0.13848 0.935146 -0.326074 -0.599598 -0.959123 0.208679 0.191143 -0.222221 0.246791 0.286276 0.925819 0.382425 
1533547931109 0.138587 0.935085 -0.326206 -0.599589 -0.959148 0.20876 0.19093 -0.22216 0.246635 0.286419 0.925816 0.382481 
1533547931270 0.138726 0.934985 -0.326433 -0.599606 -0.959204 0.208848 0.190554 -0.22217 0.24634 0.28668 0.925814 0.382478 
1533547931287 0.138743 0.934978 -0.326446 -0.599607 -0.95921 0.208857 0.190514 -0.222172 0.246307 0.286698 0.925817 0.382471 
1533547931304 0.138741 0.934973 -0.326459 -0.599608 -0.959218 0.208848 0.190481 -0.222174 0.246275 0.286718 0.925819 0.382465 
1533547931477 0.138847 0.934961 -0.32645 -0.599603 -0.959254 0.208885 0.190258 -0.222191 0.246075 0.286732 0.925868 0.38244 
1533547931636 0.138937 0.934979 -0.326359 -0.599618 -0.959275 0.208912 0.190127 -0.222141 0.245945 0.286652 0.925927 0.382439 
1533547931752 0.138883 0.935016 -0.326276 -0.599651 -0.959326 0.208794 0.189997 -0.22205 0.245775 0.286618 0.925983 0.382434 
1533547931904 0.139047 0.935081 -0.32602 -0.599615 -0.959415 0.208763 0.189579 -0.222101 0.245333 0.286428 0.926159 0.382452 
1533547932023 0.139156 0.935074 -0.325995 -0.599606 -0.959447 0.208804 0.189372 -0.222115 0.245145 0.286423 0.92621 0.382408 
1533547932135 0.139216 0.935026 -0.326105 -0.599613 -0.959497 0.208814 0.189107 -0.222131 0.244916 0.28657 0.926226 0.382334 
1533547932347 0.139298 0.935005 -0.326131 -0.599623 -0.959515 0.208861 0.188966 -0.22212 0.2448 0.286606 0.926245 0.382335 
1533547932531 0.139454 0.935018 -0.326029 -0.599643 -0.959521 0.208952 0.188833 -0.222065 0.244687 0.286498 0.926308 0.382369 
1533547932548 0.139469 0.935018 -0.326022 -0.599645 -0.959521 0.208963 0.188824 -0.222059 0.244681 0.28649 0.926313 0.38237 
1533547932652 0.13943 0.935028 -0.32601 -0.599654 -0.959546 0.208901 0.188764 -0.222037 0.244603 0.286502 0.926329 0.382371 
1533547932808 0.139417 0.934993 -0.326116 -0.599663 -0.959579 0.208874 0.188626 -0.222024 0.244481 0.286636 0.92632 0.382384 
1533547933004 0.139502 0.934925 -0.326273 -0.599672 -0.959599 0.208947 0.188444 -0.222025 0.244355 0.286803 0.926302 0.382405 
1533547933105 0.139556 0.934905 -0.326309 -0.599673 -0.959606 0.208988 0.188363 -0.222033 0.244296 0.286841 0.926306 0.382412 
1533547933306 0.13954 0.934873 -0.326405 -0.599672 -0.959652 0.208941 0.18818 -0.22203 0.244124 0.286976 0.926309 0.382423 
1533547933409 0.139547 0.93488 -0.326385 -0.599666 -0.959654 0.208939 0.188173 -0.222021 0.244113 0.286958 0.926317 0.382427 
1533547933427 0.13955 0.93488 -0.326382 -0.599665 -0.959654 0.208941 0.188171 -0.222019 0.244112 0.286954 0.926319 0.382428 
1533547933628 0.13955 0.934887 -0.326363 -0.599663 -0.959657 0.208934 0.188163 -0.222017 0.2441 0.286938 0.926327 0.382437 
1533547933895 0.139376 0.934907 -0.326377 -0.599662 -0.959667 0.208793 0.18827 -0.222001 0.244161 0.286973 0.9263 0.382413 
1533547934115 0.13925 0.93491 -0.326423 -0.599662 -0.959594 0.208791 0.188644 -0.221952 0.244519 0.286965 0.926208 0.382358 
1533547934254 0.139221 0.934892 -0.326489 -0.599653 -0.959604 0.20877 0.188614 -0.221997 0.244495 0.287041 0.926191 0.382363 
1533547934375 0.139185 0.934912 -0.326447 -0.599643 -0.959558 0.208788 0.188827 -0.222 0.244695 0.286963 0.926162 0.38238 
1533547934482 0.139083 0.934936 -0.326421 -0.599639 -0.95954 0.208725 0.188988 -0.222002 0.244824 0.286929 0.926139 0.38239 
1533547934611 0.139018 0.934939 -0.326439 -0.599636 -0.959537 0.208683 0.18905 -0.222025 0.244873 0.286949 0.92612 0.382401 
1533547934717 0.139054 0.934933 -0.326442 -0.599632 -0.959501 0.208754 0.189155 -0.222054 0.244994 0.286919 0.926097 0.382412 
1533547934774 0.139057 0.934939 -0.326423 -0.599623 -0.959469 0.208789 0.189278 -0.222062 0.245117 0.286873 0.926079 0.382419 
1533547934791 0.139057 0.93494 -0.326422 -0.59962 -0.959461 0.208799 0.189307 -0.222065 0.245147 0.286864 0.926073 0.38242 
1533547934961 0.138929 0.934951 -0.326444 -0.599578 -0.959428 0.208743 0.189535 -0.222152 0.245349 0.286868 0.926019 0.382444 
1533547935129 0.138693 0.934943 -0.326566 -0.59959 -0.959399 0.208621 0.189815 -0.222127 0.245595 0.286981 0.925918 0.382427 
1533547935348 0.138277 0.934946 -0.326735 -0.599615 -0.959398 0.20834 0.190134 -0.222101 0.245837 0.287178 0.925793 0.382449 
1533547935619 0.138366 0.934931 -0.326739 -0.599626 -0.959305 0.208516 0.190406 -0.222122 0.246147 0.287096 0.925736 0.382447 
1533547935778 0.138024 0.934978 -0.326749 -0.5996 -0.959329 0.208228 0.1906 -0.222194 0.246245 0.287153 0.925692 0.382481 
1533547935932 0.137938 0.934968 -0.326816 -0.599566 -0.959205 0.208321 0.191125 -0.222301 0.246779 0.28712 0.925561 0.382564 
1533547935952 0.137895 0.934962 -0.326849 -0.599563 -0.959196 0.208306 0.191186 -0.222311 0.246837 0.287149 0.925536 0.382558 
1533547936166 0.138035 0.934883 -0.327017 -0.599571 -0.9592 0.208442 0.191018 -0.22237 0.246744 0.287307 0.925512 0.382569 
1533547936302 0.137979 0.934901 -0.326988 -0.599556 -0.959213 0.208378 0.19102 -0.222332 0.246722 0.287295 0.925521 0.382599 
1533547936431 0.137897 0.934881 -0.327081 -0.599555 -0.959235 0.208309 0.190988 -0.222296 0.246685 0.287411 0.925495 0.382612 
1533547936604 0.137803 0.93486 -0.327179 -0.599552 -0.959288 0.208195 0.190845 -0.222261 0.24653 0.28756 0.92549 0.382665 
1533547936723 0.137799 0.934843 -0.32723 -0.599553 -0.959301 0.208186 0.190786 -0.222251 0.24648 0.287622 0.925484 0.382679 
1533547936912 0.137879 0.934769 -0.327408 -0.599533 -0.959319 0.208263 0.190613 -0.222317 0.246366 0.287807 0.925457 0.382687 
1533547937069 0.137885 0.934723 -0.327537 -0.599525 -0.959334 0.208278 0.190525 -0.222341 0.246306 0.287947 0.92543 0.382691 
1533547937206 0.137898 0.934683 -0.327645 -0.599525 -0.959339 0.208303 0.190468 -0.222336 0.246276 0.288058 0.925403 0.382694 
1533547937348 0.13787 0.934656 -0.327733 -0.599517 -0.959372 0.20826 0.190348 -0.222316 0.246164 0.288175 0.925396 0.38271 
1533547937367 0.137848 0.93465 -0.327761 -0.599517 -0.95938 0.20824 0.190331 -0.222308 0.246146 0.28821 0.92539 0.382712 
1533547937527 0.137969 0.934679 -0.327626 -0.599509 -0.95935 0.20834 0.190371 -0.222334 0.246194 0.288043 0.92543 0.382712 
1533547937703 0.138052 0.934794 -0.327265 -0.599493 -0.959331 0.208353 0.190455 -0.22232 0.246223 0.287663 0.92554 0.382718 
1533547937936 0.138091 0.934865 -0.327045 -0.599523 -0.959325 0.208345 0.190493 -0.222288 0.246223 0.287437 0.92561 0.382676 
1533547938152 0.13818 0.934952 -0.326759 -0.599574 -0.959342 0.208335 0.19042 -0.222286 0.246108 0.287161 0.925726 0.382604 
1533547938349 0.138285 0.934922 -0.326799 -0.599595 -0.959319 0.208451 0.19041 -0.222341 0.24614 0.287174 0.925714 0.382541 
1533547938546 0.138444 0.935021 -0.326448 -0.599564 -0.959292 0.208532 0.190455 -0.222376 0.246154 0.286792 0.925829 0.382507 
1533547938741 0.13828 0.935045 -0.32645 -0.599582 -0.959307 0.20839 0.190537 -0.222318 0.24619 0.286818 0.925811 0.382462 
1533547938875 0.138231 0.93512 -0.326255 -0.599588 -0.959334 0.20828 0.190518 -0.222277 0.24611 0.286653 0.925883 0.382449 
1533547938892 0.138231 0.935132 -0.326223 -0.599587 -0.959338 0.208269 0.190511 -0.222274 0.246095 0.286623 0.925896 0.382447 
1533547938909 0.138232 0.935142 -0.326193 -0.599587 -0.959341 0.208261 0.190505 -0.222271 0.246082 0.286596 0.925908 0.382446 
1533547939103 0.138251 0.935213 -0.325981 -0.599623 -0.95935 0.208222 0.190505 -0.222175 0.246039 0.286392 0.925983 0.382409 
1533547939159 0.13836 0.9352 -0.325971 -0.59962 -0.959332 0.208325 0.190483 -0.222198 0.246048 0.286359 0.925991 0.382403 
1533547939272 0.138572 0.935216 -0.325836 -0.599615 -0.959313 0.208482 0.190407 -0.22224 0.246002 0.286193 0.926054 0.382389 
1533547939442 0.138807 0.935221 -0.325721 -0.599628 -0.95924 0.208723 0.190508 -0.222242 0.246152 0.286001 0.926074 0.382368 
1533547939592 0.138749 0.935269 -0.325609 -0.599679 -0.959259 0.208633 0.19051 -0.222124 0.246111 0.28591 0.926113 0.382329 
1533547939698 0.138856 0.935292 -0.325495 -0.599668 -0.959264 0.208686 0.190428 -0.222147 0.246033 0.285794 0.92617 0.38231 
1533547939790 0.139009 0.935342 -0.325288 -0.599647 -0.959265 0.208761 0.190341 -0.222173 0.245942 0.285578 0.92626 0.382303 
1533547939946 0.139296 0.935315 -0.325244 -0.599663 -0.959215 0.209029 0.1903 -0.222214 0.245976 0.285471 0.926284 0.382281 
1533547939963 0.139305 0.935314 -0.325241 -0.599666 -0.959213 0.209038 0.1903 -0.222212 0.245978 0.285466 0.926285 0.382279 
1533547940131 0.139285 0.935319 -0.325235 -0.599664 -0.959283 0.208941 0.190054 -0.222205 0.245716 0.285521 0.926338 0.382289 
1533547940279 0.139294 0.935338 -0.325178 -0.599649 -0.959374 0.208829 0.189714 -0.222208 0.245353 0.285541 0.926428 0.38234 
1533547940396 0.139315 0.935347 -0.325142 -0.599639 -0.959425 0.20878 0.189513 -0.222209 0.245144 0.285547 0.926481 0.38235 
1533547940606 0.139406 0.935325 -0.325165 -0.59963 -0.959507 0.208758 0.18912 -0.22221 0.244769 0.285634 0.926553 0.382295 
1533547940787 0.139386 0.935322 -0.325182 -0.599628 -0.959525 0.208725 0.189066 -0.222193 0.244711 0.285668 0.926558 0.382303 
1533547940950 0.139344 0.935313 -0.325228 -0.599628 -0.959585 0.208632 0.188863 -0.222192 0.244499 0.285767 0.926584 0.382319 
1533547941094 0.139346 0.935301 -0.325262 -0.599627 -0.959623 0.208597 0.188712 -0.222184 0.244351 0.285832 0.926603 0.382329 
1533547941188 0.139362 0.935291 -0.325283 -0.599624 -0.959646 0.208585 0.188604 -0.222175 0.244249 0.285872 0.926617 0.382309 
1533547941205 0.139361 0.93529 -0.325286 -0.599624 -0.959653 0.208577 0.188579 -0.222175 0.244223 0.285881 0.926621 0.382308 
1533547941225 0.139358 0.93529 -0.325287 -0.599623 -0.959661 0.208565 0.18855 -0.222173 0.244192 0.28589 0.926627 0.382308 
1533547941389 0.139322 0.935209 -0.325535 -0.599654 -0.959631 0.208623 0.188638 -0.222161 0.24433 0.286112 0.926522 0.382314 
1533547941519 0.139332 0.935206 -0.325539 -0.599654 -0.959621 0.208644 0.188669 -0.222156 0.244366 0.286106 0.926514 0.382326 
1533547941670 0.139383 0.935212 -0.325502 -0.59965 -0.959595 0.208706 0.188732 -0.222149 0.244439 0.286044 0.926514 0.382359 
1533547941860 0.139393 0.935215 -0.325487 -0.599648 -0.959579 0.208728 0.188785 -0.222139 0.244493 0.286016 0.926509 0.382375 
1533547942083 0.139396 0.93518 -0.325586 -0.599657 -0.959546 0.208789 0.188886 -0.22212 0.244621 0.286085 0.926454 0.382377 
1533547942103 0.139395 0.935177 -0.325597 -0.599658 -0.959544 0.208794 0.188892 -0.222119 0.24463 0.286094 0.926448 0.382377 
1533547942435 0.139376 0.935163 -0.325645 -0.599666 -0.95952 0.208817 0.188991 -0.22211 0.244737 0.286122 0.926411 0.382409 
1533547942575 0.139265 0.935154 -0.325717 -0.599656 -0.959448 0.208831 0.189339 -0.222091 0.245081 0.286141 0.926315 0.382353 
1533547942737 0.139106 0.93503 -0.326141 -0.599649 -0.959368 0.208887 0.189679 -0.22218 0.245483 0.286504 0.926096 0.38234 
1533547942841 0.139126 0.935003 -0.326211 -0.599626 -0.959309 0.208986 0.189869 -0.222234 0.245702 0.286522 0.926032 0.382353 
1533547942985 0.13899 0.935028 -0.326196 -0.599622 -0.959263 0.208934 0.190163 -0.222197 0.245961 0.286476 0.925978 0.382356 
1533547943105 0.138922 0.935019 -0.326251 -0.59963 -0.959224 0.208938 0.190354 -0.222177 0.246151 0.286504 0.925919 0.382379 
1533547943239 0.138772 0.934967 -0.326464 -0.599632 -0.95917 0.208929 0.190635 -0.222206 0.246445 0.28668 0.925786 0.382414 
1533547943335 0.138792 0.934963 -0.326468 -0.59959 -0.959125 0.208997 0.190786 -0.222291 0.246608 0.286644 0.925754 0.382437 
1533547943352 0.138772 0.934968 -0.326461 -0.599589 -0.959117 0.20899 0.190834 -0.222284 0.246651 0.286632 0.925746 0.38244 
1533547943641 0.138745 0.93495 -0.326525 -0.59959 -0.959152 0.208941 0.19071 -0.222283 0.246529 0.286727 0.925749 0.382368 
1533547943802 0.13879 0.934963 -0.326468 -0.599588 -0.959211 0.208895 0.190464 -0.222302 0.246274 0.286717 0.92582 0.382378 
1533547943919 0.138814 0.934975 -0.326424 -0.599596 -0.959222 0.208892 0.190415 -0.222277 0.24622 0.286681 0.925845 0.382383 
1533547944036 0.138806 0.934997 -0.326364 -0.599607 -0.959236 0.208858 0.190383 -0.22224 0.246171 0.286633 0.925873 0.382391 
1533547944176 0.138791 0.93503 -0.326276 -0.599618 -0.959274 0.208783 0.19027 -0.222202 0.246029 0.286581 0.925927 0.382392 
1533547944327 0.13872 0.935078 -0.326168 -0.599641 -0.959309 0.208667 0.190224 -0.222122 0.245934 0.286508 0.925975 0.382395 
1533547944487 0.138805 0.935087 -0.326107 -0.599624 -0.959315 0.208713 0.190141 -0.22215 0.245861 0.286447 0.926013 0.382392 
1533547944613 0.138833 0.935088 -0.326091 -0.599619 -0.959337 0.208704 0.190037 -0.222156 0.245758 0.286448 0.92604 0.382359 
1533547944630 0.138836 0.935088 -0.32609 -0.599619 -0.95934 0.208704 0.190026 -0.222157 0.245747 0.286449 0.926043 0.382355 
1533547944890 0.138784 0.935094 -0.326096 -0.599609 -0.959361 0.20864 0.189988 -0.222132 0.245694 0.286477 0.926048 0.38234 
1533547945005 0.138724 0.935052 -0.326241 -0.599621 -0.959407 0.20857 0.189832 -0.222135 0.245547 0.286664 0.926029 0.382341 
1533547945149 0.138628 0.935032 -0.32634 -0.599622 -0.959451 0.208466 0.189725 -0.222116 0.24543 0.286806 0.926016 0.382351 
1533547945276 0.138572 0.934999 -0.326458 -0.599626 -0.959449 0.208449 0.189753 -0.2221 0.245469 0.286926 0.925969 0.382354 
1533547945445 0.138612 0.934917 -0.326676 -0.599607 -0.959427 0.20855 0.189754 -0.222154 0.245533 0.287119 0.925892 0.382358 
1533547945642 0.138652 0.934887 -0.326744 -0.599587 -0.959491 0.208518 0.189464 -0.222222 0.245259 0.287238 0.925928 0.382375 
1533547945859 0.138622 0.934896 -0.326731 -0.599581 -0.959496 0.208487 0.189474 -0.222206 0.245257 0.287232 0.92593 0.382388 
1533547946038 0.138585 0.934845 -0.326893 -0.5996 -0.959493 0.208497 0.189482 -0.222197 0.245292 0.287392 0.925871 0.382423 
1533547946182 0.138576 0.934842 -0.326904 -0.5996 -0.959518 0.208462 0.189391 -0.222201 0.245198 0.287425 0.925886 0.382465 
1533547946199 0.138574 0.934842 -0.326905 -0.5996 -0.959521 0.208457 0.18938 -0.222201 0.245186 0.287429 0.925888 0.382468 
