1535122828115 0.213453 0.919734 -0.329434 -0.529405 -0.944082 0.280926 0.172599 -0.243557 0.251292 0.274171 0.928269 0.436542 
1535122833522 0.213453 0.919734 -0.329434 -0.529405 -0.944082 0.280926 0.172599 -0.243557 0.251292 0.274171 0.928269 0.436542 
1535122834359 0.213453 0.919735 -0.329433 -0.529405 -0.944082 0.280925 0.1726 -0.243557 0.251292 0.27417 0.928269 0.436542 
1535122834973 0.220589 0.92171 -0.319048 -0.550327 -0.943578 0.28449 0.169487 -0.243887 0.246983 0.26366 0.932461 0.423971 
1535122835796 0.226965 0.923694 -0.30867 -0.571698 -0.942911 0.287733 0.167716 -0.243782 0.243732 0.252982 0.936266 0.411249 
1535122836891 0.233327 0.925534 -0.298236 -0.593101 -0.942237 0.290989 0.165876 -0.24371 0.240308 0.242306 0.939968 0.398311 
1535122837482 0.233327 0.925534 -0.298236 -0.593101 -0.942237 0.290989 0.165876 -0.24371 0.240308 0.242306 0.939968 0.398311 
1535122838137 0.242335 0.928362 -0.281811 -0.625229 -0.941349 0.295293 0.163292 -0.243469 0.234811 0.225711 0.945472 0.379116 
1535122838631 0.243016 0.928194 -0.281777 -0.625926 -0.941191 0.295922 0.163065 -0.243612 0.23474 0.225579 0.945522 0.378685 
1535122839132 0.243929 0.928262 -0.280764 -0.628098 -0.941111 0.296467 0.162537 -0.243746 0.234114 0.224582 0.945914 0.377345 
1535122839641 0.244896 0.928644 -0.27865 -0.63245 -0.940995 0.296891 0.16243 -0.243659 0.233568 0.22243 0.946557 0.374659 
1535122840203 0.24485 0.928958 -0.277644 -0.633546 -0.941049 0.296632 0.162593 -0.243494 0.2334 0.221465 0.946825 0.374072 
1535122840237 0.244997 0.929071 -0.277135 -0.634672 -0.941028 0.296668 0.162651 -0.243421 0.233331 0.220943 0.946964 0.373397 
1535122840709 0.243125 0.928734 -0.279898 -0.635147 -0.940984 0.295865 0.164357 -0.243659 0.235456 0.223421 0.945856 0.37354 
1535122841390 0.241096 0.92828 -0.283141 -0.635721 -0.94086 0.295117 0.166398 -0.24395 0.238023 0.226278 0.944533 0.373632 
1535122841891 0.239792 0.928336 -0.284064 -0.63578 -0.940902 0.294315 0.167576 -0.244332 0.239171 0.227094 0.944047 0.373884 
1535122842763 0.235157 0.928748 -0.28658 -0.636043 -0.94131 0.291075 0.17091 -0.244948 0.242148 0.229571 0.942688 0.374432 
1535122842794 0.234544 0.928745 -0.287093 -0.636069 -0.941295 0.290745 0.171555 -0.24513 0.242801 0.230003 0.942415 0.374504 
1535122843191 0.234734 0.929122 -0.285712 -0.635995 -0.941541 0.290394 0.1708 -0.245132 0.241663 0.228917 0.942972 0.374433 
1535122843835 0.233396 0.93027 -0.283063 -0.636073 -0.942636 0.287908 0.168954 -0.245795 0.23867 0.227392 0.944102 0.374285 
1535122844249 0.234161 0.930426 -0.281915 -0.635906 -0.942542 0.28834 0.168747 -0.245843 0.238293 0.226202 0.944483 0.374291 
1535122845274 0.236012 0.930689 -0.279493 -0.635647 -0.942391 0.289375 0.167812 -0.2458 0.237059 0.223786 0.945369 0.37404 
1535122845629 0.23699 0.930569 -0.279064 -0.63539 -0.942231 0.290152 0.167371 -0.245598 0.236721 0.223278 0.945574 0.374124 
1535122846482 0.241313 0.929951 -0.277414 -0.634205 -0.941572 0.293577 0.16509 -0.245143 0.234968 0.221367 0.94646 0.374272 
1535122847206 0.242848 0.929806 -0.276561 -0.633772 -0.941366 0.294717 0.164234 -0.244799 0.234213 0.220462 0.946859 0.374361 
1535122847237 0.243618 0.929682 -0.276299 -0.633565 -0.941219 0.295358 0.163923 -0.244812 0.234003 0.220123 0.946989 0.374432 
1535122847383 0.243618 0.929682 -0.276299 -0.633565 -0.941219 0.295358 0.163923 -0.244812 0.234003 0.220123 0.946989 0.374432 
1535122847404 0.243618 0.929682 -0.276299 -0.633565 -0.941219 0.295358 0.163923 -0.244812 0.234003 0.220123 0.946989 0.374432 
1535122847424 0.243618 0.929682 -0.276299 -0.633565 -0.941219 0.295358 0.163923 -0.244812 0.234003 0.220123 0.946989 0.374432 
1535122847481 0.243618 0.929682 -0.276299 -0.633565 -0.941219 0.295358 0.163923 -0.244812 0.234003 0.220123 0.946989 0.374432 
1535122847529 0.243618 0.929682 -0.276299 -0.633565 -0.941219 0.295358 0.163923 -0.244812 0.234003 0.220123 0.946989 0.374432 
1535122847557 0.242791 0.929663 -0.27709 -0.632989 -0.941464 0.294677 0.163741 -0.2444 0.233876 0.221115 0.946789 0.374774 
1535122848105 0.24297 0.928927 -0.279392 -0.630864 -0.941616 0.295063 0.162164 -0.243687 0.233076 0.223679 0.946384 0.37559 
1535122848294 0.24256 0.929183 -0.278898 -0.630259 -0.941381 0.294909 0.1638 -0.243423 0.23445 0.222818 0.946248 0.375674 
1535122848381 0.24256 0.929183 -0.278898 -0.630259 -0.941381 0.294909 0.1638 -0.243423 0.23445 0.222818 0.946248 0.375674 
1535122848490 0.24256 0.929183 -0.278898 -0.630259 -0.941381 0.294909 0.1638 -0.243423 0.23445 0.222818 0.946248 0.375674 
1535122848508 0.24256 0.929183 -0.278898 -0.630259 -0.941381 0.294909 0.1638 -0.243423 0.23445 0.222818 0.946248 0.375674 
1535122848568 0.24256 0.929183 -0.278898 -0.630259 -0.941381 0.294909 0.1638 -0.243423 0.23445 0.222818 0.946248 0.375674 
1535122848602 0.24216 0.929363 -0.278645 -0.629225 -0.940954 0.294982 0.166105 -0.243077 0.236567 0.221968 0.945921 0.375957 
1535122849147 0.24257 0.929061 -0.279295 -0.627926 -0.940832 0.295506 0.165864 -0.242644 0.236631 0.222536 0.945772 0.376431 
1535122849684 0.242599 0.928911 -0.279769 -0.626978 -0.940861 0.295583 0.165561 -0.24217 0.236486 0.223059 0.945684 0.376761 
1535122850352 0.242831 0.928495 -0.280944 -0.625005 -0.940848 0.295971 0.164945 -0.241382 0.236302 0.224272 0.945444 0.377292 
1535122850380 0.242831 0.928495 -0.280944 -0.625005 -0.940848 0.295971 0.164945 -0.241382 0.236302 0.224272 0.945444 0.377292 
1535122850581 0.243029 0.928359 -0.281224 -0.624772 -0.940788 0.296218 0.164842 -0.241374 0.236336 0.224511 0.945378 0.377333 
1535122851013 0.24292 0.928363 -0.281306 -0.623849 -0.940519 0.296409 0.166027 -0.240925 0.237514 0.224242 0.945147 0.377735 
1535122851313 0.243199 0.927941 -0.282452 -0.62251 -0.940061 0.297245 0.167122 -0.240517 0.239037 0.224878 0.944612 0.378057 
1535122851641 0.243055 0.927877 -0.282787 -0.621654 -0.939854 0.297398 0.168015 -0.24006 0.239998 0.224941 0.944353 0.378394 
1535122851704 0.243141 0.927789 -0.283003 -0.62122 -0.939745 0.2976 0.168266 -0.239848 0.240336 0.225038 0.944244 0.378465 
1535122852091 0.243227 0.927688 -0.283259 -0.620602 -0.939311 0.298113 0.169775 -0.239728 0.241942 0.224774 0.943897 0.37853 
1535122852654 0.243426 0.927659 -0.283183 -0.618869 -0.938215 0.299249 0.173792 -0.239198 0.245962 0.223381 0.943188 0.379027 
1535122853047 0.243569 0.927378 -0.283978 -0.61823 -0.937985 0.299709 0.174239 -0.238976 0.246696 0.223928 0.942866 0.379359 
1535122853383 0.243582 0.927238 -0.284424 -0.617987 -0.937981 0.299806 0.174093 -0.238873 0.246698 0.224378 0.942759 0.379338 
1535122853615 0.243536 0.927007 -0.285216 -0.617184 -0.937765 0.300118 0.174717 -0.238461 0.247562 0.224916 0.942404 0.379788 
1535122853771 0.243817 0.92665 -0.286133 -0.616612 -0.93759 0.300652 0.174739 -0.238361 0.247948 0.225671 0.942122 0.379888 
1535122853812 0.244215 0.9264 -0.286603 -0.616378 -0.93741 0.301189 0.174779 -0.238472 0.248237 0.22598 0.941972 0.379975 
1535122854196 0.244156 0.926898 -0.28504 -0.616091 -0.937809 0.300489 0.17384 -0.237979 0.246784 0.224869 0.94262 0.380047 
1535122855076 0.244647 0.926987 -0.284328 -0.615694 -0.937837 0.300683 0.173356 -0.237742 0.246191 0.224242 0.942924 0.380143 
1535122855413 0.245008 0.92703 -0.283879 -0.615476 -0.937879 0.300819 0.172889 -0.237671 0.245669 0.223885 0.943145 0.380215 
1535122855632 0.244771 0.927082 -0.283913 -0.615064 -0.937955 0.300586 0.172882 -0.237462 0.245616 0.223981 0.943136 0.38026 
1535122855981 0.244561 0.927277 -0.283456 -0.614459 -0.9382 0.300127 0.172349 -0.237116 0.244888 0.223789 0.943371 0.38046 
1535122856365 0.244561 0.92737 -0.283152 -0.614067 -0.938305 0.299974 0.172043 -0.236819 0.244486 0.223608 0.943518 0.380531 
1535122856392 0.244561 0.92737 -0.283152 -0.614067 -0.938305 0.299974 0.172043 -0.236819 0.244486 0.223608 0.943518 0.380531 
1535122856708 0.244863 0.927297 -0.283128 -0.613795 -0.93832 0.300173 0.171616 -0.236881 0.244126 0.223642 0.943603 0.380644 
1535122857191 0.244939 0.927229 -0.283286 -0.612578 -0.937988 0.30056 0.17275 -0.236588 0.245323 0.223406 0.943349 0.38094 
1535122857818 0.245078 0.927194 -0.283281 -0.611225 -0.937728 0.300895 0.173578 -0.236234 0.246178 0.2231 0.943198 0.381387 
1535122858250 0.24536 0.927049 -0.283513 -0.6103 -0.937681 0.301183 0.173332 -0.235853 0.246076 0.223316 0.943174 0.381618 
1535122859171 0.246843 0.926404 -0.284332 -0.608456 -0.937305 0.302738 0.172652 -0.235148 0.246024 0.223888 0.943052 0.382074 
1535122859840 0.247021 0.926317 -0.284461 -0.608104 -0.937262 0.302929 0.172554 -0.235025 0.246011 0.223989 0.943031 0.382103 
1535122859887 0.24711 0.926265 -0.284551 -0.607886 -0.937264 0.303007 0.172404 -0.234949 0.245913 0.224096 0.943031 0.382162 
1535122860224 0.247541 0.926343 -0.283922 -0.607521 -0.93723 0.303229 0.172198 -0.234661 0.245608 0.223474 0.943258 0.382179 
1535122860709 0.248859 0.926271 -0.283002 -0.606412 -0.93703 0.304181 0.171609 -0.234053 0.24504 0.222475 0.943642 0.382403 
1535122861198 0.249194 0.926356 -0.28243 -0.605899 -0.937026 0.304318 0.171388 -0.23351 0.244715 0.221935 0.943854 0.382581 
1535122861239 0.249498 0.926296 -0.282359 -0.605681 -0.936992 0.304552 0.171157 -0.233523 0.244535 0.221865 0.943917 0.382589 
1535122861644 0.249552 0.926673 -0.28107 -0.60498 -0.936987 0.304356 0.171529 -0.233163 0.244497 0.220553 0.944234 0.382702 
1535122862179 0.249897 0.927233 -0.278909 -0.603524 -0.936992 0.304199 0.171783 -0.232506 0.244127 0.218407 0.944828 0.382834 
1535122862642 0.250216 0.92794 -0.276259 -0.602514 -0.937174 0.303776 0.171539 -0.231883 0.243099 0.215981 0.945651 0.382909 
1535122863234 0.250967 0.92856 -0.273482 -0.601369 -0.937241 0.303744 0.171226 -0.231429 0.242062 0.213347 0.946514 0.383015 
1535122863283 0.250967 0.92856 -0.273482 -0.601369 -0.937241 0.303744 0.171226 -0.231429 0.242062 0.213347 0.946514 0.383015 
1535122863606 0.25159 0.928807 -0.272066 -0.601176 -0.937325 0.303859 0.170564 -0.231196 0.241091 0.212102 0.947042 0.382937 
1535122864079 0.2525 0.929152 -0.270036 -0.600885 -0.937476 0.304011 0.169458 -0.230915 0.239546 0.210364 0.947821 0.382779 
1535122864421 0.252723 0.929237 -0.269536 -0.600808 -0.937493 0.304066 0.169266 -0.230854 0.239245 0.209911 0.947997 0.382767 
1535122864461 0.252723 0.929237 -0.269536 -0.600808 -0.937493 0.304066 0.169266 -0.230854 0.239245 0.209911 0.947997 0.382767 
1535122864693 0.252941 0.929381 -0.268833 -0.600739 -0.937586 0.304014 0.168845 -0.230692 0.23865 0.209346 0.948272 0.382719 
1535122865047 0.253004 0.929392 -0.268738 -0.600779 -0.937559 0.304066 0.168901 -0.230967 0.238689 0.209225 0.948289 0.382734 
1535122865449 0.254206 0.929988 -0.26552 -0.601026 -0.937684 0.304242 0.167884 -0.230805 0.236913 0.206297 0.949376 0.382394 
1535122865861 0.254503 0.930273 -0.264234 -0.601095 -0.937789 0.304134 0.167494 -0.230759 0.236178 0.205168 0.949803 0.382268 
1535122865914 0.254938 0.930306 -0.263699 -0.601141 -0.937764 0.304375 0.167199 -0.230831 0.235809 0.204662 0.950004 0.382153 
1535122866089 0.254938 0.930306 -0.263699 -0.601141 -0.937764 0.304375 0.167199 -0.230831 0.235809 0.204662 0.950004 0.382153 
1535122866144 0.254938 0.930306 -0.263699 -0.601141 -0.937764 0.304375 0.167199 -0.230831 0.235809 0.204662 0.950004 0.382153 
1535122866281 0.254938 0.930306 -0.263699 -0.601141 -0.937764 0.304375 0.167199 -0.230831 0.235809 0.204662 0.950004 0.382153 
1535122866350 0.254938 0.930306 -0.263699 -0.601141 -0.937764 0.304375 0.167199 -0.230831 0.235809 0.204662 0.950004 0.382153 
1535122866475 0.254938 0.930306 -0.263699 -0.601141 -0.937764 0.304375 0.167199 -0.230831 0.235809 0.204662 0.950004 0.382153 
1535122866560 0.254938 0.930306 -0.263699 -0.601141 -0.937764 0.304375 0.167199 -0.230831 0.235809 0.204662 0.950004 0.382153 
1535122866701 0.254938 0.930306 -0.263699 -0.601141 -0.937764 0.304375 0.167199 -0.230831 0.235809 0.204662 0.950004 0.382153 
1535122866764 0.254938 0.930306 -0.263699 -0.601141 -0.937764 0.304375 0.167199 -0.230831 0.235809 0.204662 0.950004 0.382153 
1535122866902 0.254938 0.930306 -0.263699 -0.601141 -0.937764 0.304375 0.167199 -0.230831 0.235809 0.204662 0.950004 0.382153 
