1537386675196 0.238109 0.919779 -0.311945 -0.622404 -0.936543 0.302518 0.177116 -0.245766 0.257277 0.249977 0.933445 0.384158 
1537386675540 0.239159 0.920128 -0.310108 -0.623627 -0.936466 0.302973 0.176744 -0.246528 0.256582 0.248136 0.934128 0.383404 
1537386675877 0.239659 0.92081 -0.30769 -0.625045 -0.936522 0.302805 0.176735 -0.247181 0.255909 0.245802 0.934929 0.382451 
1537386676244 0.240171 0.921439 -0.3054 -0.626521 -0.936633 0.302619 0.176467 -0.247865 0.255023 0.243665 0.93573 0.381442 
1537386676605 0.240881 0.922018 -0.303081 -0.627941 -0.936676 0.302635 0.176214 -0.248546 0.254195 0.241442 0.936531 0.380429 
1537386676975 0.240925 0.922873 -0.300434 -0.62943 -0.936808 0.302034 0.176538 -0.248883 0.253663 0.238916 0.937323 0.379538 
1537386677354 0.241459 0.92353 -0.297976 -0.630895 -0.936897 0.301859 0.176367 -0.249536 0.252827 0.236587 0.938139 0.378548 
1537386677705 0.241864 0.92417 -0.295656 -0.632307 -0.937001 0.301606 0.176246 -0.250148 0.252052 0.234403 0.938896 0.3776 
1537386678216 0.243626 0.925026 -0.291502 -0.634468 -0.936949 0.302117 0.175646 -0.251353 0.250545 0.23033 0.940306 0.375776 
1537386678262 0.24355 0.925152 -0.291167 -0.634555 -0.936997 0.301955 0.175668 -0.251422 0.250439 0.230039 0.940405 0.375695 
1537386678430 0.243008 0.925164 -0.291581 -0.634806 -0.937068 0.301582 0.175932 -0.251278 0.250701 0.230479 0.940228 0.375696 
1537386678670 0.242081 0.924726 -0.293733 -0.635426 -0.937004 0.30139 0.176599 -0.25172 0.251834 0.232478 0.939433 0.375668 
1537386678873 0.241419 0.924538 -0.294866 -0.636006 -0.936903 0.30123 0.177409 -0.251898 0.252843 0.233431 0.938925 0.375788 
1537386679095 0.240444 0.924365 -0.296202 -0.636679 -0.936869 0.300822 0.178275 -0.251967 0.253896 0.234637 0.93834 0.375777 
1537386679293 0.239885 0.924137 -0.297365 -0.637203 -0.936731 0.300777 0.179078 -0.252311 0.254933 0.235593 0.937819 0.375917 
1537386679593 0.238197 0.92364 -0.300252 -0.638559 -0.936614 0.300244 0.180578 -0.252759 0.256938 0.238207 0.936611 0.375863 
1537386679792 0.237399 0.923488 -0.301351 -0.639015 -0.936629 0.299876 0.181109 -0.252921 0.257619 0.239259 0.936156 0.375842 
1537386679968 0.23627 0.923347 -0.302665 -0.639559 -0.936633 0.299327 0.181996 -0.252901 0.258641 0.240486 0.935559 0.375901 
1537386680012 0.236201 0.923164 -0.303276 -0.639712 -0.936568 0.299458 0.182112 -0.253094 0.258938 0.241024 0.935339 0.375869 
1537386680037 0.236132 0.923148 -0.30338 -0.639753 -0.936556 0.29944 0.182202 -0.253124 0.259044 0.241109 0.935288 0.375892 
1537386680275 0.235379 0.922974 -0.304492 -0.640077 -0.93673 0.298961 0.182097 -0.253028 0.259102 0.242365 0.934947 0.375953 
1537386680444 0.234641 0.922784 -0.305634 -0.640561 -0.936755 0.298638 0.182498 -0.252996 0.25968 0.243483 0.934496 0.376265 
1537386680608 0.234299 0.92251 -0.306724 -0.640951 -0.936725 0.298638 0.182651 -0.253189 0.260097 0.244521 0.934109 0.376508 
1537386680771 0.233525 0.922239 -0.308126 -0.641413 -0.936796 0.2983 0.182841 -0.253178 0.260537 0.245953 0.93361 0.376569 
1537386680941 0.232755 0.921976 -0.309492 -0.641876 -0.9368 0.29802 0.183277 -0.253239 0.261212 0.247273 0.933073 0.376799 
1537386681121 0.232282 0.921684 -0.310715 -0.64223 -0.936857 0.297873 0.183223 -0.253382 0.261427 0.248536 0.932677 0.376871 
1537386681277 0.231522 0.921464 -0.311934 -0.642694 -0.936868 0.297566 0.183663 -0.253387 0.26206 0.249719 0.932183 0.377134 
1537386681454 0.230841 0.921126 -0.31343 -0.643114 -0.936884 0.297367 0.183906 -0.253484 0.262605 0.251194 0.931633 0.377238 
1537386681515 0.230508 0.920995 -0.31406 -0.64324 -0.936953 0.297191 0.183838 -0.253534 0.26265 0.251884 0.931434 0.377267 
1537386681531 0.230454 0.920949 -0.314235 -0.643276 -0.936964 0.297177 0.183805 -0.253562 0.262658 0.252068 0.931382 0.377267 
1537386681672 0.230497 0.921033 -0.313957 -0.643283 -0.936959 0.297157 0.183861 -0.253587 0.262637 0.251785 0.931465 0.377314 
1537386681713 0.230412 0.921274 -0.313312 -0.643244 -0.93705 0.29688 0.183846 -0.253541 0.262389 0.251228 0.931685 0.377376 
1537386681817 0.230167 0.921476 -0.312899 -0.643344 -0.937198 0.296483 0.183734 -0.253534 0.262076 0.250958 0.931846 0.377454 
1537386681877 0.229915 0.921572 -0.312799 -0.643394 -0.937344 0.296145 0.183533 -0.253681 0.261773 0.251003 0.931919 0.377489 
1537386681969 0.229795 0.921674 -0.312589 -0.643499 -0.937508 0.295861 0.183156 -0.253787 0.261293 0.250967 0.932063 0.377595 
1537386682028 0.229431 0.92183 -0.312394 -0.643561 -0.937636 0.29544 0.183177 -0.253804 0.261152 0.250886 0.932125 0.377686 
1537386682165 0.228686 0.922121 -0.312083 -0.643778 -0.937895 0.294601 0.183201 -0.253745 0.260874 0.250806 0.932224 0.377873 
1537386682199 0.228537 0.92218 -0.312017 -0.643818 -0.937966 0.294414 0.18314 -0.25377 0.26075 0.250807 0.932258 0.377896 
1537386682215 0.228502 0.922196 -0.311995 -0.643839 -0.938002 0.294349 0.183057 -0.25381 0.26065 0.250824 0.932282 0.377911 
1537386682426 0.228193 0.922644 -0.310896 -0.643843 -0.938212 0.29371 0.183008 -0.253855 0.260165 0.249925 0.932658 0.377999 
1537386682474 0.228316 0.922829 -0.310257 -0.643829 -0.938288 0.293599 0.182801 -0.253983 0.259785 0.249374 0.932912 0.377935 
1537386682606 0.22782 0.923186 -0.309557 -0.643873 -0.938556 0.29285 0.182625 -0.253975 0.259251 0.248931 0.933179 0.377908 
1537386682673 0.228072 0.92328 -0.309092 -0.643894 -0.938603 0.292892 0.182316 -0.25424 0.25886 0.248533 0.933393 0.377907 
1537386682799 0.227763 0.923595 -0.308378 -0.64391 -0.938817 0.292325 0.18212 -0.254263 0.258352 0.24803 0.933668 0.377966 
1537386682850 0.227556 0.923853 -0.307757 -0.643927 -0.938992 0.291888 0.181924 -0.254364 0.257901 0.247584 0.933911 0.377979 
1537386683013 0.227316 0.924241 -0.306766 -0.643958 -0.939208 0.291314 0.181725 -0.254371 0.257323 0.246808 0.934276 0.378023 
1537386683047 0.22731 0.924356 -0.306423 -0.643948 -0.939273 0.29118 0.181606 -0.254464 0.257093 0.246534 0.934411 0.378021 
1537386683064 0.227302 0.924367 -0.306398 -0.643953 -0.939282 0.29116 0.181589 -0.254481 0.257066 0.246519 0.934423 0.378017 
1537386683234 0.227611 0.924388 -0.306105 -0.643949 -0.93928 0.291326 0.181336 -0.25445 0.256801 0.246244 0.934568 0.377996 
1537386683272 0.227991 0.924348 -0.305942 -0.643905 -0.939287 0.291558 0.180924 -0.254441 0.256437 0.246118 0.934701 0.377926 
1537386683434 0.228628 0.924486 -0.305048 -0.643747 -0.939393 0.291737 0.180087 -0.254416 0.255482 0.245387 0.935155 0.37782 
1537386683461 0.22888 0.924537 -0.304705 -0.643701 -0.939393 0.29185 0.179903 -0.254445 0.255255 0.245061 0.935302 0.377812 
1537386683498 0.229203 0.924587 -0.304311 -0.643644 -0.939423 0.291974 0.179542 -0.254493 0.254853 0.244725 0.9355 0.377789 
1537386683640 0.229647 0.92462 -0.303877 -0.643611 -0.939458 0.292172 0.179035 -0.254466 0.254323 0.244365 0.935738 0.377673 
1537386683674 0.229869 0.924719 -0.303406 -0.643556 -0.939494 0.292204 0.178793 -0.254477 0.25399 0.243949 0.935937 0.377668 
1537386683691 0.230074 0.924751 -0.303153 -0.643525 -0.939509 0.292288 0.178577 -0.254493 0.253747 0.243729 0.93606 0.377662 
1537386683933 0.23068 0.924533 -0.303358 -0.643342 -0.939382 0.292881 0.178278 -0.254309 0.253672 0.243844 0.936051 0.377662 
1537386684137 0.231654 0.924307 -0.303302 -0.643096 -0.939082 0.293852 0.178261 -0.254143 0.253894 0.24353 0.936072 0.37775 
1537386684317 0.232235 0.924203 -0.303176 -0.642906 -0.939028 0.294292 0.177817 -0.254123 0.253562 0.243395 0.936197 0.377654 
1537386684505 0.233051 0.924083 -0.302916 -0.642672 -0.938893 0.29495 0.177437 -0.254038 0.253312 0.243053 0.936354 0.377685 
1537386684696 0.233992 0.923936 -0.30264 -0.64243 -0.938726 0.295725 0.177032 -0.254042 0.253065 0.242672 0.936519 0.377764 
1537386684884 0.234701 0.923848 -0.302358 -0.642197 -0.938581 0.296313 0.176819 -0.253765 0.252946 0.242287 0.936651 0.377765 
1537386685081 0.235534 0.923723 -0.302091 -0.641987 -0.938453 0.296974 0.176385 -0.253705 0.252645 0.241954 0.936819 0.377801 
1537386685195 0.235901 0.923687 -0.301915 -0.641839 -0.938415 0.297238 0.176147 -0.253566 0.252445 0.241768 0.93692 0.377773 
1537386685253 0.236256 0.92359 -0.301936 -0.641814 -0.938345 0.297559 0.175975 -0.253635 0.252372 0.241745 0.936946 0.377746 
1537386685504 0.236245 0.923535 -0.302113 -0.641646 -0.938338 0.297592 0.175958 -0.2535 0.252409 0.241914 0.936892 0.37781 
1537386685720 0.236167 0.923563 -0.302087 -0.641303 -0.938308 0.297561 0.176171 -0.253266 0.252594 0.241845 0.93686 0.377986 
1537386685923 0.236555 0.923387 -0.30232 -0.640966 -0.938148 0.298033 0.176226 -0.253173 0.252826 0.241933 0.936775 0.37814 
1537386686124 0.236925 0.923243 -0.302472 -0.640577 -0.937977 0.298487 0.176367 -0.253085 0.253113 0.241926 0.936699 0.3783 
1537386686353 0.237179 0.923105 -0.302693 -0.640152 -0.937858 0.298823 0.176431 -0.252949 0.253316 0.242037 0.936616 0.378428 
1537386686594 0.23718 0.923034 -0.302908 -0.639839 -0.937835 0.298886 0.176446 -0.252672 0.253401 0.242228 0.936543 0.378533 
1537386686810 0.23754 0.922864 -0.303144 -0.639527 -0.937688 0.299325 0.176479 -0.252597 0.253605 0.242333 0.936461 0.378626 
1537386687010 0.237884 0.922715 -0.303328 -0.639153 -0.937558 0.299728 0.176487 -0.25244 0.253763 0.242404 0.9364 0.378731 
1537386687106 0.237918 0.922637 -0.30354 -0.638978 -0.937538 0.299812 0.176451 -0.252366 0.253805 0.2426 0.936338 0.378785 
1537386687183 0.238225 0.922493 -0.303736 -0.638888 -0.937448 0.300152 0.176352 -0.252479 0.253851 0.242725 0.936293 0.378783 
1537386687516 0.237921 0.92251 -0.303922 -0.638184 -0.937331 0.300085 0.177088 -0.252137 0.254568 0.242742 0.936094 0.379088 
1537386687743 0.237644 0.922463 -0.30428 -0.637753 -0.937214 0.30007 0.177731 -0.25191 0.255255 0.242939 0.935855 0.37929 
1537386687992 0.237482 0.922344 -0.304767 -0.637286 -0.937036 0.300218 0.178417 -0.251633 0.256058 0.243207 0.935566 0.379399 
1537386688287 0.2376 0.922139 -0.305296 -0.636317 -0.936712 0.300711 0.179285 -0.251447 0.257131 0.243376 0.935228 0.379792 
1537386688600 0.237443 0.921972 -0.305922 -0.635322 -0.936414 0.301005 0.180348 -0.251164 0.258359 0.243647 0.934819 0.380154 
1537386688789 0.237253 0.921958 -0.306113 -0.635075 -0.936315 0.300999 0.180866 -0.250997 0.258891 0.243707 0.934656 0.380237 
1537386688825 0.237229 0.921916 -0.306256 -0.635016 -0.936259 0.301064 0.181053 -0.25097 0.259119 0.243784 0.934573 0.380266 
1537386688875 0.237171 0.92192 -0.306288 -0.634865 -0.936176 0.301107 0.181407 -0.250913 0.259468 0.243716 0.934494 0.380336 
1537386689094 0.236752 0.92205 -0.306222 -0.634467 -0.936283 0.300697 0.181536 -0.250594 0.259466 0.243732 0.93449 0.380553 
1537386689307 0.2368 0.921957 -0.306465 -0.634054 -0.93619 0.300866 0.181735 -0.250491 0.259757 0.243875 0.934372 0.380641 
1537386689593 0.236547 0.921918 -0.306777 -0.633117 -0.936043 0.300886 0.182459 -0.25015 0.260517 0.243996 0.934129 0.380911 
1537386689840 0.236452 0.921831 -0.307114 -0.632694 -0.935932 0.300989 0.182857 -0.249978 0.261001 0.244201 0.93394 0.381002 
1537386690056 0.236258 0.921827 -0.307274 -0.632353 -0.935894 0.300918 0.183166 -0.249801 0.261312 0.244301 0.933827 0.3811 
1537386690333 0.236276 0.921687 -0.30768 -0.631593 -0.935682 0.30121 0.183769 -0.249646 0.262054 0.244471 0.933575 0.381364 
1537386690398 0.236538 0.921552 -0.307882 -0.631413 -0.935561 0.301549 0.183829 -0.249753 0.262249 0.244559 0.933497 0.381408 
1537386690415 0.236526 0.921558 -0.307874 -0.631398 -0.935564 0.301536 0.183836 -0.249752 0.26225 0.244554 0.933498 0.381414 
1537386690701 0.236033 0.921679 -0.307891 -0.631127 -0.935678 0.301084 0.183997 -0.249343 0.262287 0.244657 0.93346 0.381573 
1537386690908 0.236019 0.921607 -0.308115 -0.630806 -0.935682 0.301115 0.183927 -0.249154 0.262286 0.244887 0.9334 0.381648 
1537386691149 0.23614 0.921509 -0.308317 -0.630392 -0.935653 0.301268 0.183822 -0.249083 0.262279 0.24507 0.933354 0.381811 
1537386691419 0.236137 0.92142 -0.308586 -0.629786 -0.935637 0.301334 0.183797 -0.24883 0.262342 0.245323 0.93327 0.381964 
1537386691622 0.236263 0.921297 -0.308857 -0.629511 -0.935599 0.301513 0.183696 -0.248719 0.262363 0.245565 0.933201 0.382039 
1537386691831 0.236293 0.921207 -0.3091 -0.629134 -0.935559 0.301621 0.183723 -0.248671 0.262478 0.245768 0.933115 0.382173 
1537386691973 0.236268 0.921176 -0.309212 -0.628966 -0.935566 0.301618 0.183689 -0.248568 0.262474 0.245888 0.933084 0.382266 
1537386692008 0.236265 0.921185 -0.309188 -0.62892 -0.935564 0.301613 0.18371 -0.24851 0.262486 0.245861 0.933088 0.382291 
1537386692030 0.23618 0.921219 -0.30915 -0.628874 -0.935586 0.301525 0.183743 -0.248444 0.262484 0.24584 0.933094 0.382319 
1537386692219 0.236351 0.921134 -0.309273 -0.628704 -0.935516 0.301737 0.183752 -0.248433 0.262579 0.2459 0.933052 0.38238 
1537386692382 0.236628 0.921065 -0.309269 -0.628404 -0.935407 0.302034 0.183819 -0.248471 0.262718 0.245795 0.93304 0.382476 
1537386692587 0.236588 0.921084 -0.309243 -0.628145 -0.935355 0.302049 0.18406 -0.248223 0.262941 0.245705 0.933001 0.382595 
1537386692772 0.236878 0.920976 -0.309342 -0.627905 -0.935223 0.302398 0.184156 -0.248214 0.263148 0.245681 0.932949 0.382676 
1537386692958 0.236959 0.920944 -0.309374 -0.627649 -0.935181 0.3025 0.184199 -0.248186 0.263223 0.245673 0.93293 0.382732 
1537386693121 0.237087 0.920914 -0.309365 -0.627423 -0.935146 0.302623 0.184179 -0.248048 0.263234 0.245635 0.932937 0.382823 
1537386693285 0.237158 0.920906 -0.309334 -0.627146 -0.935103 0.302707 0.184259 -0.24801 0.263323 0.24556 0.932931 0.382916 
1537386693353 0.237253 0.920865 -0.309384 -0.626999 -0.935027 0.302855 0.184401 -0.247881 0.263507 0.245533 0.932887 0.382979 
1537386693386 0.237107 0.9209 -0.309392 -0.626967 -0.935058 0.302724 0.18446 -0.247808 0.263529 0.245563 0.932873 0.382998 
1537386693400 0.237091 0.920903 -0.309394 -0.626964 -0.935061 0.30271 0.184465 -0.247802 0.263531 0.245568 0.932871 0.382999 
1537386693543 0.237185 0.920935 -0.309228 -0.626798 -0.935023 0.302779 0.184546 -0.247691 0.263582 0.245364 0.93291 0.383066 
1537386693682 0.237528 0.920723 -0.309596 -0.626564 -0.934984 0.303132 0.184164 -0.247746 0.263413 0.245723 0.932863 0.383048 
1537386693784 0.23764 0.920713 -0.309539 -0.626363 -0.934985 0.303199 0.184045 -0.247602 0.263305 0.245678 0.932906 0.383096 
1537386694011 0.237826 0.920741 -0.309312 -0.625954 -0.934913 0.303352 0.184159 -0.247281 0.263393 0.245382 0.932959 0.383337 
1537386694081 0.237905 0.920724 -0.309304 -0.625745 -0.934916 0.303404 0.184058 -0.247199 0.263311 0.245386 0.932981 0.383368 
1537386694246 0.237918 0.920711 -0.309332 -0.625553 -0.934939 0.303398 0.183954 -0.247013 0.263219 0.24544 0.932992 0.383415 
1537386694275 0.237962 0.920703 -0.309322 -0.625434 -0.934923 0.303442 0.183963 -0.24693 0.263237 0.245416 0.932994 0.383454 
1537386694309 0.238164 0.920622 -0.309408 -0.625343 -0.934872 0.303649 0.183878 -0.246985 0.263234 0.245464 0.932982 0.383464 
1537386694325 0.238315 0.920557 -0.309485 -0.625316 -0.934836 0.303805 0.183804 -0.247057 0.263225 0.245515 0.932971 0.383454 
1537386694480 0.23817 0.920596 -0.30948 -0.62521 -0.934923 0.303621 0.183667 -0.246846 0.263047 0.245596 0.933 0.383465 
1537386694581 0.238145 0.92064 -0.309367 -0.625066 -0.934952 0.303554 0.183632 -0.246595 0.262968 0.245513 0.933044 0.383525 
1537386694800 0.238657 0.920518 -0.309336 -0.624603 -0.934856 0.303999 0.18338 -0.246421 0.262842 0.24542 0.933104 0.383647 
1537386694853 0.238832 0.920521 -0.309193 -0.624413 -0.934862 0.304088 0.183203 -0.246394 0.262664 0.245298 0.933186 0.383714 
1537386695028 0.238959 0.920522 -0.309091 -0.62421 -0.934845 0.304174 0.183148 -0.246157 0.262609 0.245187 0.933231 0.383775 
1537386695083 0.239075 0.920471 -0.309153 -0.624043 -0.934828 0.304284 0.18305 -0.246094 0.262563 0.245242 0.933229 0.383857 
1537386695240 0.239434 0.920407 -0.309067 -0.623902 -0.934776 0.304569 0.182843 -0.246028 0.262423 0.24513 0.933298 0.383898 
1537386695276 0.239407 0.920432 -0.309013 -0.623815 -0.93477 0.304545 0.182913 -0.245886 0.262468 0.245065 0.933303 0.383936 
1537386695300 0.239465 0.920419 -0.309008 -0.623753 -0.934758 0.304595 0.182889 -0.245866 0.262456 0.245052 0.933309 0.383954 
1537386695523 0.239344 0.920355 -0.30929 -0.623621 -0.934843 0.304488 0.182635 -0.245883 0.262264 0.245425 0.933265 0.383969 
1537386695764 0.239082 0.920326 -0.309578 -0.623095 -0.934779 0.304419 0.183075 -0.245715 0.26273 0.245618 0.933084 0.384191 
1537386695921 0.239323 0.92016 -0.309886 -0.622887 -0.934668 0.304755 0.183085 -0.245758 0.262907 0.245824 0.932979 0.384256 
1537386696101 0.239326 0.920052 -0.310206 -0.622632 -0.934604 0.304881 0.183203 -0.245724 0.263132 0.246075 0.93285 0.384346 
1537386696277 0.23936 0.920014 -0.310293 -0.622327 -0.934598 0.304927 0.183156 -0.245737 0.263123 0.246159 0.93283 0.384449 
1537386696458 0.23932 0.919947 -0.31052 -0.622143 -0.934547 0.304992 0.183308 -0.245567 0.26334 0.246326 0.932725 0.384526 
1537386696516 0.239078 0.919994 -0.310569 -0.622022 -0.93458 0.3048 0.183458 -0.245403 0.263441 0.246391 0.932679 0.384581 
1537386696573 0.239025 0.919968 -0.310685 -0.62195 -0.934582 0.304784 0.183476 -0.245417 0.263484 0.246505 0.932637 0.384601 
1537386696593 0.2391 0.919942 -0.310705 -0.621937 -0.934563 0.304858 0.183447 -0.245461 0.263482 0.246512 0.932636 0.384598 
1537386696754 0.238991 0.920009 -0.310591 -0.6217 -0.934565 0.304757 0.183605 -0.245284 0.263573 0.246388 0.932643 0.384705 
1537386696947 0.23942 0.920024 -0.310216 -0.621351 -0.934525 0.305023 0.183368 -0.245189 0.263326 0.246003 0.932814 0.384654 
1537386697139 0.239724 0.92006 -0.309874 -0.62099 -0.934462 0.305228 0.183348 -0.245142 0.263274 0.245612 0.932932 0.384751 
1537386697338 0.239798 0.920116 -0.309652 -0.620697 -0.934417 0.305277 0.183493 -0.244966 0.263365 0.245343 0.932977 0.384894 
1537386697507 0.240257 0.92005 -0.309491 -0.620388 -0.934311 0.305668 0.183384 -0.245002 0.263324 0.245102 0.933052 0.384921 
1537386697700 0.240243 0.920139 -0.309237 -0.620108 -0.934315 0.305604 0.18347 -0.24484 0.263322 0.244847 0.933119 0.38501 
1537386697858 0.24022 0.920212 -0.309036 -0.619839 -0.934323 0.305541 0.183534 -0.244627 0.263313 0.244651 0.933173 0.38506 
1537386697955 0.240276 0.920245 -0.308895 -0.619603 -0.934342 0.305534 0.183448 -0.244606 0.263195 0.244535 0.933237 0.385084 
1537386697992 0.240293 0.92026 -0.308837 -0.619538 -0.934348 0.305529 0.183426 -0.24459 0.263159 0.244485 0.93326 0.385098 
1537386698008 0.240346 0.92025 -0.308828 -0.619518 -0.934336 0.305576 0.183412 -0.244595 0.263155 0.244466 0.933266 0.385098 
1537386698216 0.240774 0.920254 -0.308481 -0.619155 -0.934235 0.305903 0.183381 -0.244498 0.263123 0.24404 0.933387 0.385173 
1537386698401 0.240903 0.920336 -0.308137 -0.618877 -0.934251 0.305911 0.183287 -0.244253 0.262948 0.243722 0.933519 0.385186 
1537386698587 0.241098 0.920387 -0.307829 -0.618579 -0.934247 0.305992 0.183172 -0.244076 0.262783 0.243426 0.933643 0.385199 
1537386698797 0.241494 0.920431 -0.307389 -0.618229 -0.934165 0.306259 0.18314 -0.243967 0.262708 0.242925 0.933794 0.385342 
1537386699004 0.241853 0.920471 -0.306985 -0.617868 -0.934144 0.306453 0.182925 -0.243829 0.262453 0.242527 0.933969 0.385382 
1537386699226 0.241966 0.920559 -0.306631 -0.617563 -0.934185 0.306425 0.182764 -0.243651 0.262205 0.242227 0.934117 0.385403 
1537386699410 0.24231 0.920574 -0.306317 -0.617292 -0.93409 0.306693 0.182796 -0.243485 0.262223 0.241834 0.934214 0.385465 
1537386699502 0.242392 0.92064 -0.306052 -0.617047 -0.934084 0.306704 0.182809 -0.243394 0.262169 0.241567 0.934298 0.385528 
1537386699532 0.242367 0.920659 -0.306016 -0.617014 -0.934101 0.306663 0.182791 -0.243382 0.262131 0.241547 0.934314 0.385532 
1537386699592 0.242349 0.920686 -0.305947 -0.61698 -0.934123 0.306617 0.182759 -0.2433 0.262073 0.241501 0.934342 0.385521 
1537386699825 0.24272 0.920717 -0.30556 -0.616295 -0.933984 0.306931 0.18294 -0.242938 0.262222 0.240985 0.934433 0.385695 
1537386700027 0.243181 0.920648 -0.305401 -0.615957 -0.933844 0.307353 0.182945 -0.242876 0.262294 0.240709 0.934484 0.385764 
1537386700221 0.243624 0.920584 -0.305241 -0.615593 -0.933689 0.307777 0.183023 -0.242845 0.262434 0.240411 0.934522 0.385883 
1537386700418 0.243705 0.920636 -0.305021 -0.61531 -0.93365 0.307828 0.183141 -0.2426 0.2625 0.24015 0.93457 0.385967 
1537386700615 0.243985 0.920623 -0.304837 -0.614977 -0.933596 0.308038 0.183062 -0.242459 0.262432 0.23993 0.934646 0.385974 
1537386700809 0.24428 0.920651 -0.304514 -0.614612 -0.933484 0.308285 0.183216 -0.242318 0.262555 0.239503 0.934721 0.386157 
1537386700880 0.244191 0.920751 -0.304284 -0.614414 -0.933515 0.308149 0.183288 -0.242142 0.262527 0.239297 0.934782 0.386219 
1537386700909 0.244319 0.920711 -0.304303 -0.614396 -0.933477 0.308277 0.183265 -0.242167 0.262544 0.239285 0.93478 0.386215 
1537386701001 0.244459 0.920663 -0.304335 -0.614337 -0.933438 0.308418 0.183225 -0.242197 0.26255 0.239287 0.934778 0.386213 
1537386701172 0.244293 0.920842 -0.303927 -0.614026 -0.933529 0.308136 0.183236 -0.24197 0.262383 0.238962 0.934908 0.386289 
1537386701345 0.244562 0.920944 -0.303398 -0.613712 -0.933553 0.308201 0.183006 -0.241853 0.262046 0.238482 0.935125 0.386433 
1537386701550 0.244679 0.921013 -0.303095 -0.613407 -0.933618 0.308163 0.182735 -0.241733 0.261704 0.238264 0.935276 0.38646 
1537386701719 0.244826 0.921085 -0.302758 -0.613065 -0.933635 0.308186 0.182611 -0.241679 0.261506 0.237958 0.935409 0.386527 
1537386701918 0.244759 0.921238 -0.302346 -0.612774 -0.933738 0.307963 0.18246 -0.241376 0.261201 0.237653 0.935572 0.386534 
1537386702098 0.244883 0.921342 -0.301928 -0.612469 -0.933746 0.307961 0.182424 -0.241263 0.261057 0.237251 0.935714 0.386655 
1537386702279 0.244968 0.921412 -0.301646 -0.612133 -0.933871 0.307852 0.181969 -0.241171 0.26053 0.237122 0.935894 0.386646 
1537386702367 0.244859 0.921546 -0.301326 -0.611926 -0.933943 0.307646 0.181948 -0.240969 0.260375 0.23687 0.936001 0.386707 
1537386702412 0.245179 0.921455 -0.301342 -0.611875 -0.933862 0.30795 0.181848 -0.241105 0.260363 0.236827 0.936015 0.38671 
1537386702430 0.245286 0.921438 -0.301309 -0.611853 -0.933839 0.30804 0.181812 -0.241142 0.260344 0.236778 0.936033 0.386716 
1537386702568 0.245045 0.921643 -0.300878 -0.611664 -0.933948 0.307685 0.181856 -0.240933 0.260182 0.236441 0.936163 0.386807 
1537386702636 0.24514 0.921782 -0.300374 -0.611601 -0.933996 0.30761 0.181737 -0.240911 0.25992 0.235997 0.936348 0.386742 
1537386702794 0.245165 0.922336 -0.298649 -0.61123 -0.934164 0.307135 0.181674 -0.240428 0.25929 0.234447 0.936911 0.386734 
1537386702847 0.245241 0.922525 -0.297999 -0.611022 -0.934245 0.306988 0.181506 -0.240359 0.258927 0.233892 0.937151 0.386759 
1537386702980 0.245584 0.922745 -0.297036 -0.610713 -0.934351 0.306947 0.181029 -0.240353 0.258218 0.233078 0.937549 0.386688 
1537386703026 0.245416 0.922937 -0.296578 -0.610591 -0.934438 0.30666 0.181068 -0.240164 0.258063 0.232697 0.937686 0.386701 
1537386703153 0.245678 0.923112 -0.295814 -0.610379 -0.93444 0.306694 0.180998 -0.240062 0.257806 0.231953 0.937941 0.386646 
1537386703178 0.245729 0.923166 -0.295604 -0.610321 -0.934457 0.306674 0.180944 -0.24004 0.257696 0.231766 0.938018 0.386649 
1537386703193 0.245742 0.923247 -0.29534 -0.61026 -0.934487 0.306604 0.180906 -0.240005 0.257574 0.231536 0.938108 0.38666 
1537386703222 0.245775 0.923384 -0.294884 -0.61015 -0.934529 0.306501 0.180866 -0.239932 0.257391 0.231125 0.93826 0.386687 
1537386703426 0.246133 0.92359 -0.293939 -0.610068 -0.934564 0.30654 0.180616 -0.239894 0.25692 0.230249 0.938604 0.38658 
1537386703477 0.246144 0.923811 -0.293234 -0.610021 -0.934692 0.306297 0.180372 -0.239789 0.256446 0.229685 0.938872 0.386496 
1537386703637 0.246534 0.92405 -0.292151 -0.609881 -0.934708 0.30635 0.180198 -0.239707 0.256013 0.228651 0.939243 0.386559 
1537386703731 0.246777 0.924269 -0.291252 -0.609724 -0.934813 0.306255 0.179813 -0.239639 0.255393 0.227892 0.939595 0.386431 
1537386703871 0.246998 0.924516 -0.290278 -0.609575 -0.934836 0.306202 0.179781 -0.239554 0.255094 0.226957 0.939903 0.386444 
1537386704094 0.247456 0.92501 -0.28831 -0.609301 -0.935013 0.305991 0.179219 -0.239368 0.254 0.225225 0.940616 0.386342 
1537386704119 0.247573 0.9251 -0.287918 -0.609246 -0.935035 0.30598 0.179125 -0.239354 0.253806 0.224867 0.940754 0.386335 
1537386704135 0.247636 0.925123 -0.28779 -0.609224 -0.935044 0.305993 0.179057 -0.239342 0.253711 0.224755 0.940806 0.386311 
1537386704317 0.247863 0.925273 -0.287113 -0.609265 -0.935127 0.305951 0.178693 -0.239247 0.253182 0.224196 0.941082 0.386249 
1537386704490 0.248217 0.925485 -0.286122 -0.609357 -0.935354 0.305814 0.17774 -0.239245 0.251996 0.223507 0.941564 0.386112 
1537386704633 0.248828 0.925627 -0.28513 -0.609386 -0.935368 0.306048 0.177258 -0.239259 0.251338 0.222595 0.941956 0.386073 
1537386704830 0.249013 0.92591 -0.284048 -0.609432 -0.935564 0.305802 0.176651 -0.239114 0.250425 0.221757 0.942396 0.385973 
1537386704975 0.249281 0.926159 -0.282998 -0.609427 -0.93573 0.305647 0.176036 -0.239052 0.249535 0.220927 0.942827 0.38591 
1537386705133 0.249753 0.926366 -0.281903 -0.609468 -0.935857 0.305665 0.175328 -0.238995 0.248586 0.220032 0.943287 0.385756 
1537386705279 0.250343 0.9265 -0.280939 -0.609482 -0.935884 0.305884 0.174804 -0.239009 0.247891 0.219165 0.943672 0.385723 
1537386705438 0.250572 0.926737 -0.27995 -0.60955 -0.936054 0.305711 0.174192 -0.238867 0.247014 0.218401 0.944079 0.385617 
1537386705492 0.250799 0.92688 -0.279272 -0.609481 -0.936135 0.305676 0.173822 -0.23892 0.246479 0.217842 0.944348 0.385583 
1537386706635 0.245605 0.926494 -0.285108 -0.594655 -0.93713 0.302157 0.174608 -0.231221 0.24792 0.224299 0.942457 0.395229 
1537386707629 0.24155 0.925777 -0.290844 -0.5795 -0.937971 0.299569 0.174552 -0.223838 0.248725 0.23064 0.940713 0.40508 
1537386708623 0.23742 0.925031 -0.296564 -0.564397 -0.938867 0.296868 0.174353 -0.21646 0.249322 0.237039 0.938963 0.414875 
1537386709644 0.233206 0.924244 -0.302305 -0.549216 -0.939803 0.294064 0.174061 -0.209092 0.249771 0.243515 0.937184 0.424747 
