1535134223536 0.242833 0.929833 -0.276484 -0.627378 -0.943673 0.292462 0.154748 -0.241997 0.224751 0.223332 0.948478 0.375894 
1535134230114 0.242836 0.929835 -0.276475 -0.627377 -0.943673 0.292463 0.154751 -0.241997 0.224751 0.223323 0.94848 0.375896 
1535134230339 0.243023 0.929799 -0.27643 -0.628011 -0.943663 0.292597 0.154557 -0.242144 0.22459 0.223296 0.948524 0.375488 
1535134230568 0.243345 0.929802 -0.276136 -0.628884 -0.943653 0.292784 0.154262 -0.242322 0.224281 0.223038 0.948658 0.375146 
1535134230791 0.243323 0.929869 -0.275932 -0.629771 -0.94377 0.292617 0.153859 -0.242401 0.223811 0.222979 0.948783 0.374634 
1535134231017 0.243622 0.929865 -0.27568 -0.630661 -0.943783 0.292773 0.153485 -0.24255 0.223432 0.222789 0.948917 0.374251 
1535134231245 0.243814 0.929953 -0.275214 -0.63149 -0.943817 0.292797 0.153232 -0.242704 0.223081 0.222391 0.949093 0.373872 
1535134231472 0.243903 0.929976 -0.275056 -0.63238 -0.94384 0.29281 0.153065 -0.242814 0.222886 0.222276 0.949166 0.373403 
1535134231699 0.244152 0.930014 -0.274707 -0.633246 -0.943869 0.292898 0.152717 -0.242935 0.22249 0.222001 0.949323 0.372961 
1535134231933 0.244159 0.930083 -0.274468 -0.634137 -0.943942 0.29279 0.152468 -0.243029 0.222169 0.221855 0.949432 0.37252 
1535134232130 0.244189 0.930187 -0.274088 -0.634724 -0.943962 0.29273 0.152461 -0.242939 0.222051 0.2215 0.949543 0.372276 
1535134232157 0.244253 0.93017 -0.274088 -0.634809 -0.943951 0.292786 0.152425 -0.242947 0.22203 0.221495 0.949549 0.372225 
1535134232174 0.244291 0.930167 -0.274064 -0.634913 -0.943949 0.29281 0.152391 -0.242935 0.221998 0.221474 0.949561 0.372169 
1535134232302 0.243707 0.930187 -0.274515 -0.634884 -0.943963 0.292462 0.152973 -0.242962 0.222579 0.221852 0.949337 0.372178 
1535134232376 0.243132 0.930047 -0.2755 -0.63477 -0.943794 0.292388 0.154149 -0.243178 0.223918 0.222537 0.948861 0.37221 
1535134232392 0.243092 0.930048 -0.275532 -0.634757 -0.943762 0.292397 0.154327 -0.243184 0.224096 0.222521 0.948823 0.372243 
1535134232409 0.243018 0.930056 -0.275567 -0.634748 -0.943743 0.29237 0.154493 -0.24319 0.224255 0.22252 0.948786 0.372276 
1535134232426 0.242941 0.930059 -0.275627 -0.634751 -0.943734 0.292335 0.154618 -0.24319 0.224379 0.222556 0.948748 0.372289 
1535134232562 0.242879 0.930034 -0.275764 -0.634822 -0.94383 0.292219 0.154252 -0.243205 0.224043 0.22281 0.948768 0.372261 
1535134232575 0.243045 0.930019 -0.275669 -0.634844 -0.94384 0.29231 0.154018 -0.243161 0.223821 0.222754 0.948833 0.372254 
1535134232592 0.243169 0.930063 -0.275412 -0.634849 -0.943884 0.29231 0.153745 -0.243106 0.223498 0.222571 0.948952 0.372237 
1535134232609 0.243273 0.930127 -0.275102 -0.634846 -0.943946 0.29227 0.153439 -0.243057 0.223122 0.222354 0.949092 0.372211 
1535134232625 0.243373 0.930164 -0.274889 -0.634848 -0.943988 0.292263 0.153193 -0.243028 0.222835 0.222209 0.949193 0.37218 
1535134232643 0.243477 0.930191 -0.274707 -0.634856 -0.944007 0.292287 0.153032 -0.242993 0.222642 0.222066 0.949272 0.372154 
1535134232658 0.243521 0.930176 -0.274719 -0.634872 -0.943997 0.29233 0.153015 -0.242979 0.222639 0.222072 0.949271 0.372136 
1535134232689 0.243545 0.930161 -0.274748 -0.634887 -0.943983 0.292365 0.153031 -0.242988 0.222671 0.222088 0.94926 0.372136 
1535134232705 0.243588 0.930145 -0.274763 -0.634887 -0.94397 0.292411 0.153022 -0.243012 0.222677 0.222094 0.949257 0.372134 
1535134232722 0.24363 0.930128 -0.274784 -0.634886 -0.943959 0.292456 0.15301 -0.243037 0.222681 0.222107 0.949253 0.372128 
1535134232742 0.243653 0.930118 -0.274796 -0.634888 -0.943952 0.29248 0.153001 -0.243049 0.222682 0.222115 0.949251 0.372125 
1535134232760 0.243639 0.930125 -0.274786 -0.634886 -0.943957 0.292464 0.153005 -0.243042 0.222679 0.222108 0.949253 0.372128 
1535134232775 0.243617 0.930135 -0.274771 -0.634882 -0.943963 0.292441 0.153013 -0.243031 0.222677 0.222097 0.949256 0.372133 
1535134232792 0.243614 0.930137 -0.274769 -0.634881 -0.943964 0.292436 0.153014 -0.243029 0.222677 0.222095 0.949257 0.372134 
1535134232809 0.243614 0.930137 -0.274769 -0.634881 -0.943964 0.292437 0.153014 -0.243029 0.222677 0.222095 0.949257 0.372134 
1535134232825 0.243613 0.930137 -0.274769 -0.634881 -0.943964 0.292436 0.153015 -0.243029 0.222677 0.222095 0.949257 0.372134 
1535134232856 0.243613 0.930137 -0.274768 -0.63488 -0.943964 0.292436 0.153015 -0.243029 0.222677 0.222094 0.949257 0.372134 
1535134232872 0.243613 0.930137 -0.274768 -0.63488 -0.943964 0.292436 0.153015 -0.243029 0.222677 0.222094 0.949257 0.372134 
1535134232889 0.243613 0.930137 -0.274768 -0.63488 -0.943964 0.292436 0.153015 -0.243028 0.222677 0.222094 0.949257 0.372134 
1535134232905 0.243613 0.930137 -0.274768 -0.63488 -0.943964 0.292436 0.153015 -0.243029 0.222677 0.222095 0.949257 0.372134 
1535134232922 0.243614 0.930137 -0.274767 -0.63488 -0.943964 0.292436 0.153014 -0.243029 0.222675 0.222094 0.949258 0.372135 
1535134232940 0.243614 0.930137 -0.274767 -0.63488 -0.943964 0.292436 0.153014 -0.243029 0.222676 0.222094 0.949258 0.372135 
1535134232955 0.243614 0.930137 -0.274768 -0.63488 -0.943964 0.292436 0.153014 -0.243029 0.222676 0.222094 0.949257 0.372134 
1535134232972 0.243613 0.930137 -0.274767 -0.63488 -0.943964 0.292436 0.153014 -0.243029 0.222676 0.222094 0.949257 0.372135 
1535134232989 0.243612 0.930138 -0.274766 -0.63488 -0.943964 0.292435 0.153015 -0.243028 0.222676 0.222093 0.949258 0.372135 
1535134233005 0.243612 0.930138 -0.274767 -0.63488 -0.943964 0.292435 0.153015 -0.243028 0.222677 0.222094 0.949257 0.372135 
1535134233032 0.243612 0.930138 -0.274767 -0.63488 -0.943964 0.292435 0.153015 -0.243028 0.222677 0.222094 0.949257 0.372135 
1535134233049 0.243612 0.930138 -0.274766 -0.63488 -0.943964 0.292435 0.153015 -0.243028 0.222677 0.222093 0.949257 0.372135 
1535134233069 0.243612 0.930138 -0.274767 -0.63488 -0.943964 0.292434 0.153015 -0.243028 0.222677 0.222094 0.949257 0.372135 
1535134233085 0.243612 0.930138 -0.274767 -0.63488 -0.943964 0.292435 0.153015 -0.243028 0.222676 0.222094 0.949257 0.372135 
1535134233102 0.243615 0.930137 -0.274767 -0.63488 -0.943964 0.292437 0.153013 -0.24303 0.222675 0.222094 0.949258 0.372135 
1535134233119 0.243618 0.930136 -0.274769 -0.634881 -0.943963 0.29244 0.153011 -0.243031 0.222674 0.222095 0.949257 0.372134 
1535134233136 0.243617 0.930136 -0.274769 -0.634881 -0.943963 0.292439 0.153012 -0.243031 0.222675 0.222096 0.949257 0.372134 
1535134233152 0.243615 0.930137 -0.274768 -0.63488 -0.943964 0.292437 0.153013 -0.24303 0.222675 0.222095 0.949258 0.372135 
1535134233169 0.243614 0.930137 -0.274767 -0.63488 -0.943964 0.292436 0.153013 -0.243029 0.222675 0.222094 0.949258 0.372135 
1535134233196 0.243613 0.930137 -0.274767 -0.63488 -0.943964 0.292436 0.153014 -0.243029 0.222676 0.222094 0.949257 0.372135 
1535134233212 0.243613 0.930138 -0.274767 -0.63488 -0.943964 0.292435 0.153014 -0.243029 0.222676 0.222094 0.949258 0.372135 
1535134233232 0.243613 0.930138 -0.274767 -0.63488 -0.943964 0.292435 0.153014 -0.243029 0.222676 0.222094 0.949258 0.372135 
1535134233252 0.243613 0.930137 -0.274767 -0.63488 -0.943964 0.292436 0.153013 -0.243029 0.222675 0.222094 0.949257 0.372135 
1535134233269 0.243614 0.930137 -0.274767 -0.63488 -0.943964 0.292436 0.153012 -0.243029 0.222674 0.222094 0.949258 0.372135 
1535134233286 0.243614 0.930138 -0.274766 -0.63488 -0.943965 0.292435 0.153011 -0.243029 0.222673 0.222094 0.949258 0.372135 
1535134233303 0.243613 0.930138 -0.274767 -0.63488 -0.943964 0.292435 0.153012 -0.243029 0.222674 0.222094 0.949258 0.372135 
1535134233319 0.243613 0.930138 -0.274767 -0.63488 -0.943964 0.292435 0.153013 -0.243029 0.222674 0.222094 0.949258 0.372135 
1535134233349 0.243613 0.930138 -0.274766 -0.63488 -0.943964 0.292435 0.153013 -0.243029 0.222675 0.222094 0.949258 0.372135 
1535134233366 0.243613 0.930138 -0.274767 -0.63488 -0.943964 0.292435 0.153013 -0.243029 0.222675 0.222094 0.949258 0.372135 
1535134233383 0.243613 0.930138 -0.274767 -0.63488 -0.943964 0.292435 0.153013 -0.243029 0.222675 0.222094 0.949258 0.372135 
1535134233399 0.243613 0.930138 -0.274767 -0.63488 -0.943964 0.292435 0.153013 -0.243029 0.222674 0.222094 0.949258 0.372135 
1535134233416 0.243613 0.930137 -0.274767 -0.63488 -0.943964 0.292435 0.153012 -0.243029 0.222674 0.222094 0.949258 0.372135 
1535134233433 0.243614 0.930137 -0.274767 -0.63488 -0.943964 0.292436 0.153012 -0.243029 0.222674 0.222094 0.949258 0.372135 
1535134233449 0.243613 0.930138 -0.274766 -0.63488 -0.943964 0.292435 0.153013 -0.243029 0.222674 0.222094 0.949258 0.372135 
1535134233466 0.243613 0.930138 -0.274767 -0.63488 -0.943964 0.292435 0.153013 -0.243029 0.222675 0.222094 0.949258 0.372135 
1535134233483 0.243613 0.930138 -0.274767 -0.63488 -0.943964 0.292435 0.153013 -0.243029 0.222675 0.222094 0.949258 0.372135 
1535134233499 0.243613 0.930138 -0.274767 -0.63488 -0.943964 0.292435 0.153013 -0.243029 0.222675 0.222094 0.949258 0.372135 
1535134233529 0.243613 0.930138 -0.274767 -0.63488 -0.943964 0.292435 0.153013 -0.243029 0.222675 0.222094 0.949258 0.372135 
1535134233546 0.243613 0.930138 -0.274767 -0.63488 -0.943964 0.292435 0.153013 -0.243029 0.222675 0.222094 0.949258 0.372135 
1535134233563 0.243613 0.930138 -0.274766 -0.63488 -0.943964 0.292435 0.153013 -0.243029 0.222675 0.222094 0.949258 0.372135 
1535134233579 0.243613 0.930138 -0.274766 -0.63488 -0.943965 0.292435 0.153013 -0.243029 0.222674 0.222094 0.949258 0.372135 
1535134233596 0.243613 0.930137 -0.274767 -0.63488 -0.943964 0.292435 0.153012 -0.243029 0.222674 0.222094 0.949258 0.372135 
1535134233613 0.243613 0.930138 -0.274766 -0.63488 -0.943965 0.292435 0.153012 -0.243029 0.222674 0.222094 0.949258 0.372135 
1535134233629 0.243613 0.930138 -0.274766 -0.63488 -0.943964 0.292435 0.153012 -0.243029 0.222674 0.222094 0.949258 0.372136 
1535134233646 0.243613 0.930138 -0.274766 -0.63488 -0.943964 0.292435 0.153013 -0.243029 0.222674 0.222094 0.949258 0.372135 
1535134233666 0.243613 0.930138 -0.274767 -0.63488 -0.943964 0.292435 0.153013 -0.243029 0.222674 0.222094 0.949258 0.372135 
1535134233699 0.243613 0.930138 -0.274766 -0.63488 -0.943964 0.292435 0.153013 -0.243029 0.222674 0.222093 0.949258 0.372136 
1535134233716 0.243613 0.930138 -0.274767 -0.63488 -0.943964 0.292435 0.153013 -0.243028 0.222675 0.222094 0.949258 0.372135 
1535134233733 0.243612 0.930138 -0.274766 -0.63488 -0.943965 0.292434 0.153013 -0.243029 0.222674 0.222094 0.949258 0.372136 
1535134233749 0.243613 0.930138 -0.274766 -0.63488 -0.943964 0.292435 0.153013 -0.243028 0.222675 0.222094 0.949258 0.372135 
1535134233766 0.243614 0.930137 -0.274767 -0.63488 -0.943964 0.292435 0.153012 -0.243029 0.222674 0.222094 0.949258 0.372135 
1535134233783 0.243614 0.930137 -0.274767 -0.63488 -0.943964 0.292436 0.153012 -0.243029 0.222673 0.222094 0.949258 0.372135 
1535134233799 0.243613 0.930138 -0.274766 -0.63488 -0.943965 0.292435 0.153012 -0.243029 0.222674 0.222094 0.949258 0.372136 
1535134233816 0.243613 0.930138 -0.274766 -0.63488 -0.943964 0.292435 0.153013 -0.243029 0.222674 0.222093 0.949258 0.372136 
1535134233833 0.243613 0.930138 -0.274767 -0.63488 -0.943964 0.292435 0.153013 -0.243029 0.222674 0.222094 0.949258 0.372135 
1535134233849 0.243613 0.930138 -0.274766 -0.63488 -0.943965 0.292435 0.153013 -0.243029 0.222674 0.222094 0.949258 0.372135 
1535134233883 0.243613 0.930138 -0.274766 -0.63488 -0.943964 0.292435 0.153013 -0.243029 0.222674 0.222094 0.949258 0.372136 
1535134233899 0.243613 0.930138 -0.274766 -0.63488 -0.943964 0.292435 0.153013 -0.243028 0.222675 0.222094 0.949258 0.372135 
1535134233916 0.243613 0.930138 -0.274766 -0.634879 -0.943965 0.292435 0.153013 -0.243029 0.222674 0.222093 0.949258 0.372136 
1535134233933 0.243613 0.930138 -0.274766 -0.63488 -0.943965 0.292435 0.153013 -0.243029 0.222674 0.222094 0.949258 0.372135 
1535134233949 0.243613 0.930138 -0.274766 -0.63488 -0.943965 0.292435 0.153012 -0.243029 0.222673 0.222094 0.949258 0.372135 
1535134233966 0.243614 0.930138 -0.274766 -0.63488 -0.943964 0.292435 0.153012 -0.243029 0.222673 0.222093 0.949258 0.372136 
1535134233983 0.243613 0.930138 -0.274766 -0.634879 -0.943965 0.292435 0.153013 -0.243029 0.222674 0.222093 0.949258 0.372136 
1535134233999 0.243613 0.930138 -0.274766 -0.634879 -0.943965 0.292435 0.153013 -0.243028 0.222674 0.222094 0.949258 0.372136 
1535134234016 0.243613 0.930138 -0.274766 -0.634879 -0.943964 0.292435 0.153013 -0.243028 0.222674 0.222093 0.949258 0.372136 
1535134234035 0.243613 0.930138 -0.274766 -0.634879 -0.943964 0.292435 0.153013 -0.243029 0.222674 0.222093 0.949258 0.372136 
1535134234066 0.243612 0.930138 -0.274766 -0.634879 -0.943965 0.292434 0.153013 -0.243028 0.222675 0.222094 0.949258 0.372135 
1535134234083 0.243612 0.930138 -0.274766 -0.634879 -0.943965 0.292434 0.153013 -0.243028 0.222674 0.222093 0.949258 0.372136 
1535134234099 0.243613 0.930138 -0.274766 -0.634879 -0.943965 0.292435 0.153013 -0.243028 0.222674 0.222093 0.949258 0.372136 
1535134234116 0.243612 0.930138 -0.274766 -0.634879 -0.943965 0.292434 0.153013 -0.243028 0.222674 0.222094 0.949258 0.372135 
1535134234133 0.243613 0.930138 -0.274766 -0.63488 -0.943965 0.292435 0.153012 -0.243029 0.222674 0.222093 0.949258 0.372136 
1535134234149 0.243614 0.930138 -0.274765 -0.634879 -0.943965 0.292435 0.153012 -0.243029 0.222673 0.222093 0.949258 0.372136 
1535134234166 0.243613 0.930138 -0.274765 -0.634879 -0.943965 0.292435 0.153012 -0.243029 0.222673 0.222093 0.949258 0.372136 
1535134234183 0.243613 0.930138 -0.274766 -0.634879 -0.943964 0.292435 0.153013 -0.243028 0.222674 0.222094 0.949258 0.372136 
1535134234199 0.243612 0.930138 -0.274766 -0.634879 -0.943965 0.292434 0.153013 -0.243028 0.222674 0.222093 0.949258 0.372136 
1535134234216 0.243613 0.930138 -0.274765 -0.634879 -0.943965 0.292435 0.153013 -0.243028 0.222674 0.222093 0.949258 0.372136 
1535134234253 0.243612 0.930138 -0.274766 -0.634879 -0.943965 0.292434 0.153013 -0.243028 0.222674 0.222093 0.949258 0.372136 
1535134234269 0.243613 0.930138 -0.274765 -0.634879 -0.943965 0.292435 0.153013 -0.243028 0.222674 0.222093 0.949258 0.372136 
1535134234286 0.243613 0.930138 -0.274766 -0.634879 -0.943965 0.292435 0.153013 -0.243028 0.222674 0.222093 0.949258 0.372136 
1535134234303 0.243613 0.930138 -0.274766 -0.634879 -0.943965 0.292435 0.153013 -0.243028 0.222674 0.222094 0.949258 0.372136 
1535134234319 0.243614 0.930138 -0.274765 -0.634879 -0.943965 0.292435 0.153012 -0.243029 0.222673 0.222093 0.949258 0.372136 
1535134234339 0.243614 0.930138 -0.274765 -0.634879 -0.943965 0.292435 0.153012 -0.243029 0.222673 0.222093 0.949258 0.372136 
1535134234356 0.243613 0.930138 -0.274766 -0.634879 -0.943965 0.292435 0.153013 -0.243029 0.222674 0.222093 0.949258 0.372136 
1535134234373 0.243613 0.930138 -0.274766 -0.634879 -0.943965 0.292435 0.153013 -0.243029 0.222674 0.222093 0.949258 0.372136 
1535134234407 0.243613 0.930138 -0.274765 -0.634879 -0.943965 0.292435 0.153013 -0.243029 0.222674 0.222093 0.949258 0.372136 
1535134234423 0.243613 0.930138 -0.274766 -0.634879 -0.943965 0.292435 0.153013 -0.243029 0.222674 0.222093 0.949258 0.372136 
1535134234440 0.243613 0.930138 -0.274765 -0.634879 -0.943965 0.292435 0.153013 -0.243029 0.222674 0.222093 0.949258 0.372136 
1535134234456 0.243613 0.930138 -0.274765 -0.634879 -0.943965 0.292435 0.153013 -0.243029 0.222674 0.222093 0.949258 0.372136 
1535134234473 0.243613 0.930138 -0.274766 -0.634879 -0.943965 0.292435 0.153012 -0.243029 0.222673 0.222093 0.949258 0.372136 
1535134234490 0.243613 0.930138 -0.274766 -0.634879 -0.943965 0.292435 0.153012 -0.243029 0.222673 0.222093 0.949258 0.372136 
1535134234506 0.243613 0.930138 -0.274765 -0.634879 -0.943965 0.292435 0.153013 -0.243029 0.222674 0.222093 0.949258 0.372136 
1535134234523 0.243613 0.930138 -0.274766 -0.634879 -0.943965 0.292435 0.153013 -0.243029 0.222674 0.222093 0.949258 0.372136 
1535134234540 0.243613 0.930138 -0.274766 -0.634879 -0.943965 0.292435 0.153013 -0.243029 0.222674 0.222093 0.949258 0.372136 
1535134234558 0.243613 0.930138 -0.274765 -0.634879 -0.943965 0.292434 0.153013 -0.243029 0.222674 0.222093 0.949258 0.372136 
1535134234590 0.243612 0.930138 -0.274766 -0.634879 -0.943965 0.292434 0.153013 -0.243028 0.222674 0.222093 0.949258 0.372136 
1535134234607 0.243613 0.930138 -0.274765 -0.634879 -0.943965 0.292434 0.153013 -0.243028 0.222674 0.222093 0.949258 0.372136 
1535134234623 0.243613 0.930138 -0.274765 -0.634879 -0.943965 0.292434 0.153013 -0.243028 0.222674 0.222093 0.949258 0.372136 
1535134234640 0.243613 0.930138 -0.274765 -0.634879 -0.943965 0.292434 0.153013 -0.243028 0.222674 0.222093 0.949258 0.372136 
1535134234657 0.243614 0.930138 -0.274766 -0.634879 -0.943965 0.292435 0.153012 -0.243029 0.222673 0.222093 0.949258 0.372136 
1535134234676 0.243613 0.930138 -0.274765 -0.634879 -0.943965 0.292435 0.153012 -0.243029 0.222673 0.222093 0.949258 0.372136 
1535134234690 0.243613 0.930138 -0.274765 -0.634879 -0.943965 0.292435 0.153012 -0.243029 0.222673 0.222093 0.949258 0.372136 
1535134234706 0.243613 0.930138 -0.274766 -0.634879 -0.943965 0.292434 0.153013 -0.243028 0.222674 0.222093 0.949258 0.372136 
1535134234723 0.243613 0.930138 -0.274766 -0.634879 -0.943965 0.292435 0.153013 -0.243028 0.222674 0.222093 0.949258 0.372136 
1535134234740 0.243613 0.930138 -0.274765 -0.634879 -0.943965 0.292434 0.153013 -0.243029 0.222674 0.222092 0.949258 0.372136 
1535134234773 0.243613 0.930138 -0.274766 -0.634879 -0.943965 0.292434 0.153013 -0.243028 0.222674 0.222093 0.949258 0.372136 
1535134234790 0.243613 0.930138 -0.274765 -0.634879 -0.943965 0.292434 0.153013 -0.243028 0.222674 0.222093 0.949258 0.372136 
1535134234807 0.243613 0.930138 -0.274765 -0.634879 -0.943965 0.292434 0.153013 -0.243028 0.222674 0.222093 0.949258 0.372136 
1535134234823 0.243613 0.930138 -0.274766 -0.634879 -0.943965 0.292434 0.153013 -0.243028 0.222674 0.222093 0.949258 0.372136 
1535134234840 0.243613 0.930138 -0.274766 -0.634879 -0.943965 0.292435 0.153012 -0.243029 0.222673 0.222093 0.949258 0.372136 
1535134234857 0.243614 0.930138 -0.274765 -0.634879 -0.943965 0.292435 0.153012 -0.243029 0.222673 0.222092 0.949259 0.372136 
1535134234877 0.243613 0.930138 -0.274765 -0.634879 -0.943965 0.292435 0.153013 -0.243029 0.222674 0.222093 0.949258 0.372136 
1535134234897 0.243613 0.930138 -0.274766 -0.634879 -0.943965 0.292435 0.153013 -0.243029 0.222674 0.222093 0.949258 0.372136 
1535134234914 0.243613 0.930138 -0.274765 -0.634879 -0.943965 0.292434 0.153013 -0.243028 0.222674 0.222092 0.949258 0.372136 
1535134234947 0.243613 0.930138 -0.274765 -0.634879 -0.943965 0.292435 0.153013 -0.243028 0.222674 0.222093 0.949258 0.372136 
1535134234964 0.243613 0.930138 -0.274765 -0.634879 -0.943965 0.292434 0.153013 -0.243028 0.222674 0.222093 0.949258 0.372136 
1535134234981 0.243613 0.930138 -0.274765 -0.634879 -0.943965 0.292434 0.153013 -0.243028 0.222674 0.222093 0.949258 0.372136 
1535134234997 0.243613 0.930138 -0.274766 -0.634879 -0.943965 0.292435 0.153013 -0.243028 0.222674 0.222093 0.949258 0.372136 
1535134235014 0.243614 0.930138 -0.274766 -0.634879 -0.943965 0.292435 0.153012 -0.243029 0.222673 0.222093 0.949258 0.372136 
1535134235032 0.243614 0.930138 -0.274764 -0.634879 -0.943965 0.292435 0.153012 -0.243029 0.222673 0.222092 0.949259 0.372137 
1535134235047 0.243613 0.930138 -0.274765 -0.634879 -0.943965 0.292435 0.153013 -0.243029 0.222674 0.222093 0.949258 0.372136 
1535134235064 0.243613 0.930138 -0.274765 -0.634879 -0.943965 0.292435 0.153013 -0.243029 0.222674 0.222093 0.949258 0.372136 
1535134235080 0.243613 0.930138 -0.274765 -0.634879 -0.943965 0.292434 0.153013 -0.243028 0.222674 0.222093 0.949258 0.372136 
1535134235097 0.243613 0.930138 -0.274765 -0.634879 -0.943965 0.292435 0.153013 -0.243029 0.222674 0.222092 0.949258 0.372136 
1535134235130 0.243612 0.930138 -0.274765 -0.634879 -0.943965 0.292434 0.153013 -0.243028 0.222674 0.222093 0.949258 0.372136 
1535134235147 0.243613 0.930138 -0.274765 -0.634879 -0.943965 0.292435 0.153013 -0.243029 0.222674 0.222092 0.949258 0.372136 
1535134235164 0.243613 0.930138 -0.274765 -0.634879 -0.943965 0.292435 0.153013 -0.243029 0.222674 0.222093 0.949258 0.372136 
1535134235180 0.243613 0.930138 -0.274766 -0.634879 -0.943965 0.292435 0.153013 -0.243028 0.222674 0.222093 0.949258 0.372136 
1535134235197 0.243613 0.930138 -0.274765 -0.634879 -0.943965 0.292435 0.153012 -0.243029 0.222673 0.222093 0.949258 0.372136 
1535134235220 0.243613 0.930138 -0.274765 -0.634879 -0.943965 0.292435 0.153012 -0.243029 0.222673 0.222092 0.949258 0.372136 
1535134235237 0.243613 0.930138 -0.274765 -0.634879 -0.943965 0.292435 0.153013 -0.243029 0.222674 0.222093 0.949258 0.372136 
1535134235254 0.243613 0.930138 -0.274765 -0.634879 -0.943965 0.292434 0.153013 -0.243028 0.222674 0.222093 0.949258 0.372136 
1535134235270 0.243613 0.930138 -0.274765 -0.634879 -0.943965 0.292434 0.153013 -0.243029 0.222674 0.222092 0.949258 0.372136 
1535134235287 0.243613 0.930138 -0.274765 -0.634879 -0.943965 0.292435 0.153013 -0.243028 0.222674 0.222093 0.949258 0.372136 
1535134235324 0.243613 0.930138 -0.274765 -0.634879 -0.943965 0.292435 0.153013 -0.243029 0.222674 0.222092 0.949258 0.372136 
1535134235340 0.243613 0.930138 -0.274765 -0.634879 -0.943965 0.292434 0.153013 -0.243028 0.222674 0.222092 0.949258 0.372136 
1535134235357 0.243613 0.930138 -0.274765 -0.634879 -0.943965 0.292435 0.153013 -0.243029 0.222674 0.222093 0.949258 0.372136 
1535134235374 0.243613 0.930138 -0.274765 -0.634879 -0.943965 0.292435 0.153013 -0.243029 0.222674 0.222093 0.949258 0.372136 
1535134235390 0.243613 0.930138 -0.274765 -0.634879 -0.943965 0.292435 0.153012 -0.243029 0.222673 0.222093 0.949259 0.372136 
1535134235410 0.243613 0.930138 -0.274765 -0.634879 -0.943965 0.292435 0.153012 -0.243029 0.222673 0.222093 0.949258 0.372136 
1535134235428 0.243613 0.930138 -0.274765 -0.634879 -0.943965 0.292435 0.153013 -0.243029 0.222674 0.222093 0.949258 0.372136 
1535134235444 0.243613 0.930138 -0.274765 -0.634879 -0.943965 0.292435 0.153013 -0.243029 0.222674 0.222092 0.949258 0.372137 
1535134235460 0.243613 0.930138 -0.274765 -0.634879 -0.943965 0.292434 0.153013 -0.243029 0.222674 0.222093 0.949258 0.372136 
1535134235497 0.243613 0.930138 -0.274765 -0.634879 -0.943965 0.292434 0.153013 -0.243028 0.222674 0.222092 0.949258 0.372136 
1535134235514 0.243613 0.930138 -0.274765 -0.634879 -0.943965 0.292434 0.153013 -0.243028 0.222674 0.222092 0.949258 0.372136 
1535134235532 0.243613 0.930138 -0.274765 -0.634879 -0.943965 0.292435 0.153013 -0.243028 0.222674 0.222093 0.949258 0.372136 
1535134235547 0.243613 0.930138 -0.274765 -0.634879 -0.943965 0.292435 0.153013 -0.243028 0.222674 0.222093 0.949258 0.372136 
1535134235564 0.243614 0.930138 -0.274764 -0.634879 -0.943965 0.292435 0.153011 -0.243029 0.222672 0.222092 0.949259 0.372137 
1535134235580 0.243614 0.930138 -0.274765 -0.634879 -0.943965 0.292435 0.153012 -0.243029 0.222673 0.222093 0.949258 0.372136 
1535134235597 0.243613 0.930138 -0.274765 -0.634879 -0.943965 0.292435 0.153012 -0.243029 0.222674 0.222093 0.949258 0.372136 
1535134235614 0.243613 0.930138 -0.274765 -0.634879 -0.943965 0.292435 0.153013 -0.243029 0.222674 0.222092 0.949258 0.372137 
1535134235631 0.243613 0.930138 -0.274765 -0.634879 -0.943965 0.292435 0.153013 -0.243029 0.222674 0.222092 0.949258 0.372136 
1535134235647 0.243613 0.930138 -0.274765 -0.634879 -0.943965 0.292435 0.153013 -0.243029 0.222674 0.222093 0.949258 0.372136 
1535134235684 0.243613 0.930138 -0.274765 -0.634879 -0.943965 0.292434 0.153013 -0.243029 0.222674 0.222092 0.949258 0.372136 
1535134235700 0.243613 0.930138 -0.274765 -0.634879 -0.943965 0.292434 0.153013 -0.243028 0.222674 0.222092 0.949258 0.372136 
1535134235717 0.243613 0.930138 -0.274765 -0.634879 -0.943965 0.292435 0.153013 -0.243028 0.222674 0.222092 0.949258 0.372136 
1535134235737 0.243613 0.930138 -0.274765 -0.634879 -0.943965 0.292435 0.153012 -0.243029 0.222673 0.222092 0.949258 0.372136 
1535134235755 0.243614 0.930138 -0.274765 -0.634879 -0.943965 0.292435 0.153011 -0.243029 0.222673 0.222093 0.949259 0.372136 
1535134235771 0.243613 0.930138 -0.274765 -0.634879 -0.943965 0.292435 0.153012 -0.243029 0.222673 0.222093 0.949258 0.372136 
1535134235787 0.243613 0.930138 -0.274765 -0.634879 -0.943965 0.292435 0.153012 -0.243029 0.222673 0.222093 0.949258 0.372136 
1535134235804 0.243613 0.930138 -0.274765 -0.634879 -0.943965 0.292434 0.153013 -0.243029 0.222673 0.222092 0.949258 0.372137 
1535134235821 0.243613 0.930138 -0.274765 -0.634879 -0.943965 0.292434 0.153013 -0.243028 0.222674 0.222093 0.949258 0.372136 
1535134235857 0.243613 0.930138 -0.274764 -0.634879 -0.943965 0.292435 0.153013 -0.243029 0.222674 0.222092 0.949258 0.372137 
1535134235875 0.243613 0.930138 -0.274765 -0.634879 -0.943965 0.292434 0.153013 -0.243028 0.222674 0.222092 0.949258 0.372136 
1535134235891 0.243613 0.930138 -0.274765 -0.634879 -0.943965 0.292434 0.153013 -0.243028 0.222674 0.222092 0.949258 0.372136 
1535134235907 0.243613 0.930138 -0.274765 -0.634879 -0.943965 0.292434 0.153012 -0.243029 0.222673 0.222092 0.949258 0.372136 
1535134235927 0.243614 0.930138 -0.274765 -0.634879 -0.943965 0.292435 0.153012 -0.243029 0.222673 0.222092 0.949259 0.372136 
1535134235944 0.243613 0.930138 -0.274765 -0.634879 -0.943965 0.292435 0.153012 -0.243029 0.222673 0.222093 0.949258 0.372136 
1535134235961 0.243613 0.930138 -0.274765 -0.634879 -0.943965 0.292435 0.153012 -0.243029 0.222673 0.222092 0.949258 0.372137 
1535134235979 0.243613 0.930138 -0.274765 -0.634879 -0.943965 0.292434 0.153012 -0.243029 0.222673 0.222092 0.949258 0.372137 
1535134235994 0.243613 0.930138 -0.274765 -0.634879 -0.943965 0.292434 0.153013 -0.243028 0.222674 0.222093 0.949258 0.372136 
1535134236028 0.243613 0.930138 -0.274764 -0.634879 -0.943965 0.292435 0.153013 -0.243029 0.222674 0.222092 0.949258 0.372137 
1535134236044 0.243613 0.930138 -0.274765 -0.634879 -0.943965 0.292434 0.153013 -0.243029 0.222674 0.222092 0.949258 0.372137 
1535134236061 0.243613 0.930138 -0.274765 -0.634879 -0.943965 0.292434 0.153013 -0.243028 0.222674 0.222092 0.949258 0.372136 
1535134236078 0.243613 0.930138 -0.274765 -0.634879 -0.943965 0.292434 0.153013 -0.243028 0.222673 0.222092 0.949258 0.372137 
1535134236094 0.243614 0.930138 -0.274764 -0.634879 -0.943965 0.292435 0.153012 -0.243029 0.222673 0.222092 0.949259 0.372137 
1535134236111 0.243613 0.930138 -0.274765 -0.634879 -0.943965 0.292435 0.153012 -0.243029 0.222673 0.222092 0.949258 0.372136 
1535134236128 0.243613 0.930138 -0.274765 -0.634879 -0.943965 0.292434 0.153012 -0.243029 0.222673 0.222092 0.949258 0.372137 
1535134236144 0.243613 0.930138 -0.274764 -0.634879 -0.943965 0.292434 0.153012 -0.243029 0.222673 0.222092 0.949259 0.372137 
1535134236161 0.243613 0.930138 -0.274765 -0.634879 -0.943965 0.292434 0.153013 -0.243028 0.222674 0.222092 0.949258 0.372137 
1535134236177 0.243613 0.930138 -0.274765 -0.634879 -0.943965 0.292434 0.153013 -0.243029 0.222674 0.222092 0.949258 0.372136 
