1533746757611 -0.100073 0.774696 -0.624365 -0.552304 -0.966246 0.0740489 0.246748 -0.231615 0.237388 0.627983 0.741137 0.414432 
1533746764075 -0.100073 0.774697 -0.624363 -0.552303 -0.966247 0.0740486 0.246748 -0.231615 0.237388 0.627981 0.741138 0.414433 
1533746764685 -0.0783897 0.780004 -0.620845 -0.558889 -0.967104 0.091677 0.237289 -0.230595 0.242003 0.619022 0.747158 0.414499 
1533746765281 -0.0555498 0.785305 -0.616612 -0.565695 -0.967699 0.109758 0.226964 -0.229707 0.245914 0.609302 0.753841 0.414689 
1533746765866 -0.0327379 0.790043 -0.612176 -0.572519 -0.96784 0.127798 0.216687 -0.228789 0.249427 0.599583 0.760452 0.414826 
1533746766455 -0.0100118 0.794346 -0.607383 -0.579336 -0.967492 0.145807 0.206637 -0.227845 0.252702 0.589707 0.767064 0.414993 
1533746767029 0.012969 0.79821 -0.60224 -0.586108 -0.966654 0.164061 0.19663 -0.22697 0.255756 0.579608 0.773721 0.415173 
1533746767600 0.0357885 0.80142 -0.59703 -0.593013 -0.965383 0.182176 0.186673 -0.226005 0.258368 0.569682 0.780197 0.415239 
1533746768149 0.0586913 0.804224 -0.591422 -0.599802 -0.963617 0.200394 0.176872 -0.225111 0.260762 0.559523 0.786725 0.415372 
1533746768694 0.0815582 0.806571 -0.585484 -0.606602 -0.961339 0.218684 0.167347 -0.224196 0.263013 0.5492 0.793223 0.415558 
1533746769225 0.104608 0.808522 -0.579094 -0.613395 -0.95866 0.236918 0.157608 -0.223386 0.264627 0.538667 0.799881 0.415696 
1533746769251 0.105185 0.808719 -0.578714 -0.613471 -0.958651 0.237202 0.157236 -0.223402 0.264432 0.538246 0.80023 0.415752 
1533746769506 0.108663 0.808757 -0.578017 -0.614533 -0.958073 0.240279 0.156086 -0.223293 0.265121 0.536822 0.800958 0.415768 
1533746769684 0.110919 0.809012 -0.577232 -0.615186 -0.95788 0.241829 0.154869 -0.223212 0.264882 0.535741 0.80176 0.415771 
1533746769863 0.113223 0.809056 -0.576723 -0.615938 -0.957529 0.243772 0.153992 -0.223072 0.265178 0.534794 0.802295 0.415758 
1533746770038 0.115807 0.809358 -0.575785 -0.616605 -0.957203 0.245734 0.152897 -0.223038 0.265239 0.533436 0.803178 0.415907 
1533746770219 0.118332 0.809367 -0.575258 -0.617367 -0.956849 0.247786 0.151799 -0.222945 0.265402 0.532472 0.803763 0.415777 
1533746770403 0.120772 0.809574 -0.57446 -0.618041 -0.956508 0.2497 0.150805 -0.22286 0.265531 0.531263 0.804521 0.415849 
1533746770585 0.123022 0.809732 -0.573759 -0.618752 -0.956212 0.251428 0.14981 -0.222743 0.265565 0.530205 0.805206 0.415881 
1533746770765 0.1255 0.809876 -0.573018 -0.619449 -0.95582 0.253459 0.148887 -0.222644 0.265817 0.529017 0.805905 0.415929 
1533746770791 0.125834 0.809851 -0.572981 -0.619631 -0.955761 0.253754 0.148758 -0.222586 0.265868 0.528914 0.805955 0.415911 
1533746770836 0.126094 0.809986 -0.572732 -0.619756 -0.955738 0.2539 0.148661 -0.22246 0.26583 0.528637 0.80615 0.415935 
1533746770987 0.127067 0.81052 -0.571761 -0.619605 -0.955518 0.2547 0.148707 -0.222612 0.266158 0.527432 0.806831 0.415803 
1533746771121 0.12811 0.810832 -0.571085 -0.61974 -0.955279 0.255629 0.148648 -0.222643 0.266515 0.526502 0.80732 0.415528 
1533746771254 0.129121 0.811243 -0.570274 -0.619856 -0.955047 0.256499 0.148641 -0.222619 0.266858 0.525446 0.807895 0.415308 
1533746771379 0.130099 0.811772 -0.569298 -0.619981 -0.95485 0.257249 0.148609 -0.222515 0.267088 0.52426 0.808588 0.41517 
1533746771561 0.132221 0.812694 -0.567491 -0.620118 -0.95446 0.258857 0.148323 -0.222539 0.26744 0.522036 0.80991 0.414893 
1533746771684 0.133284 0.813121 -0.566631 -0.6203 -0.954215 0.259764 0.148313 -0.222445 0.267787 0.52092 0.810514 0.414668 
1533746771817 0.134425 0.813521 -0.565786 -0.620438 -0.953995 0.260667 0.148142 -0.222469 0.267998 0.519843 0.811135 0.414459 
1533746771840 0.134706 0.813627 -0.565566 -0.620458 -0.953936 0.260897 0.148121 -0.222481 0.268069 0.51956 0.811293 0.414435 
1533746771857 0.134897 0.813711 -0.5654 -0.620472 -0.953902 0.261038 0.148091 -0.222493 0.268094 0.519359 0.811413 0.414419 
1533746771874 0.135039 0.813767 -0.565286 -0.620487 -0.953874 0.261149 0.148074 -0.222498 0.268121 0.519216 0.811496 0.414405 
1533746772006 0.135164 0.814193 -0.564642 -0.620395 -0.953851 0.261144 0.148228 -0.222521 0.268139 0.518549 0.811916 0.414351 
1533746772062 0.135131 0.814693 -0.563928 -0.620271 -0.953876 0.260949 0.148415 -0.222565 0.268069 0.517862 0.812378 0.414349 
1533746772162 0.135366 0.815063 -0.563337 -0.620209 -0.953847 0.261027 0.148463 -0.222619 0.268053 0.51724 0.812779 0.414292 
1533746772219 0.135639 0.815454 -0.562706 -0.620158 -0.953807 0.261139 0.14852 -0.222665 0.268055 0.516568 0.813206 0.414272 
1533746772313 0.135877 0.81587 -0.562044 -0.620112 -0.953752 0.261256 0.148669 -0.222687 0.268132 0.51585 0.813637 0.414207 
1533746772373 0.136165 0.816269 -0.561394 -0.620053 -0.953668 0.261458 0.14885 -0.222698 0.268283 0.515116 0.814052 0.414177 
1533746772467 0.136372 0.816635 -0.560812 -0.620019 -0.953629 0.261543 0.148957 -0.222726 0.268319 0.514493 0.814434 0.414095 
1533746772491 0.136528 0.816839 -0.560476 -0.619989 -0.953608 0.261608 0.148975 -0.222743 0.268314 0.514135 0.814661 0.414086 
1533746772509 0.136582 0.816955 -0.560294 -0.619974 -0.953603 0.261613 0.148995 -0.222753 0.268303 0.513948 0.814783 0.414077 
1533746772660 0.135989 0.81699 -0.560388 -0.619976 -0.953647 0.261218 0.149409 -0.222836 0.268449 0.514094 0.814642 0.414098 
1533746772753 0.135744 0.816917 -0.560553 -0.619868 -0.953594 0.261212 0.149752 -0.223094 0.268759 0.514213 0.814466 0.414154 
1533746772847 0.135311 0.817174 -0.560283 -0.619765 -0.953666 0.260784 0.150039 -0.223215 0.268721 0.514021 0.814599 0.414163 
1533746772943 0.135054 0.817385 -0.560038 -0.619646 -0.953581 0.26076 0.150626 -0.223384 0.269154 0.513699 0.814659 0.414247 
1533746773032 0.134667 0.817496 -0.55997 -0.619596 -0.953565 0.260561 0.15107 -0.223532 0.269405 0.513623 0.814624 0.414252 
1533746773132 0.134461 0.817571 -0.559908 -0.619516 -0.953466 0.260623 0.151586 -0.223734 0.269857 0.513471 0.81457 0.41424 
1533746773220 0.134057 0.81774 -0.559759 -0.619459 -0.953502 0.2603 0.151912 -0.223863 0.26993 0.513367 0.814612 0.414222 
1533746773321 0.13372 0.817902 -0.559603 -0.61939 -0.953485 0.260115 0.152337 -0.224031 0.270158 0.513203 0.81464 0.41425 
1533746773342 0.133594 0.817946 -0.559569 -0.61938 -0.953499 0.260012 0.152428 -0.224051 0.270173 0.513185 0.814646 0.41425 
1533746773358 0.133463 0.817984 -0.559544 -0.619372 -0.953516 0.2599 0.152508 -0.224064 0.270175 0.51318 0.814648 0.414247 
1533746773477 0.133342 0.817998 -0.559553 -0.61931 -0.953476 0.259909 0.152742 -0.224154 0.270375 0.513153 0.814599 0.414223 
1533746773566 0.132684 0.817613 -0.560271 -0.61912 -0.953511 0.259608 0.153039 -0.224413 0.270578 0.513918 0.814049 0.414284 
1533746773656 0.132418 0.817477 -0.560533 -0.618921 -0.953508 0.259513 0.153218 -0.224774 0.270718 0.514184 0.813835 0.414375 
1533746773751 0.131607 0.817251 -0.561053 -0.618856 -0.95357 0.259034 0.153638 -0.22486 0.270893 0.514784 0.813397 0.414362 
1533746773831 0.131074 0.81718 -0.561281 -0.618718 -0.953658 0.25861 0.153811 -0.225065 0.270844 0.51511 0.813207 0.41439 
1533746773927 0.130795 0.81698 -0.561637 -0.61852 -0.953634 0.258565 0.154034 -0.22542 0.271063 0.515449 0.812919 0.41441 
1533746773993 0.130266 0.81682 -0.561992 -0.618424 -0.9537 0.258206 0.154225 -0.225627 0.271084 0.515882 0.812637 0.414412 
1533746774096 0.129636 0.816633 -0.56241 -0.618326 -0.953724 0.257883 0.154618 -0.225776 0.271302 0.51634 0.812274 0.414388 
1533746774119 0.129465 0.816602 -0.562495 -0.61828 -0.953761 0.257732 0.154642 -0.225863 0.271253 0.516465 0.81221 0.414384 
1533746774136 0.129378 0.816564 -0.56257 -0.618234 -0.953771 0.257677 0.154671 -0.225958 0.27126 0.516552 0.812153 0.414397 
1533746774306 0.12892 0.816717 -0.562453 -0.617818 -0.953777 0.257385 0.155123 -0.225843 0.271459 0.516456 0.812148 0.414405 
1533746774377 0.128841 0.816789 -0.562365 -0.617505 -0.953857 0.25717 0.154984 -0.225994 0.271213 0.516448 0.812235 0.414389 
1533746774463 0.128739 0.816858 -0.562289 -0.617213 -0.953944 0.256931 0.154843 -0.226204 0.270954 0.516458 0.812314 0.414416 
1533746774518 0.128685 0.81696 -0.562154 -0.61691 -0.953967 0.256832 0.15487 -0.226327 0.270902 0.516346 0.812403 0.414489 
1533746774617 0.12845 0.816997 -0.562153 -0.616611 -0.954013 0.256611 0.154954 -0.226443 0.270851 0.516397 0.812388 0.414516 
1533746774669 0.12812 0.81709 -0.562093 -0.616298 -0.954074 0.256295 0.155099 -0.22651 0.270791 0.516407 0.812401 0.414544 
1533746774774 0.127801 0.817087 -0.56217 -0.616037 -0.954145 0.255993 0.155163 -0.226638 0.270693 0.516562 0.812336 0.414528 
1533746774798 0.127586 0.817165 -0.562107 -0.615908 -0.95418 0.25579 0.155278 -0.22661 0.270669 0.51654 0.812357 0.414553 
1533746774815 0.127443 0.817222 -0.562056 -0.615792 -0.95421 0.255643 0.155341 -0.226618 0.270634 0.516522 0.812381 0.414577 
1533746774958 0.127545 0.816962 -0.56241 -0.615661 -0.954198 0.255792 0.15517 -0.226777 0.270628 0.516859 0.812168 0.414579 
1533746775043 0.1269 0.81694 -0.562587 -0.615476 -0.954366 0.255135 0.155213 -0.226553 0.270335 0.517218 0.812037 0.414733 
1533746775152 0.126686 0.816901 -0.562693 -0.615121 -0.954469 0.254836 0.155073 -0.226669 0.270074 0.517427 0.811991 0.414894 
1533746775327 0.126197 0.816696 -0.563101 -0.614482 -0.954665 0.254259 0.154815 -0.226861 0.26961 0.518035 0.811757 0.415176 
1533746775521 0.12531 0.816641 -0.563378 -0.613896 -0.954887 0.253378 0.154891 -0.226793 0.269238 0.518552 0.811551 0.415385 
1533746775594 0.125019 0.816486 -0.563667 -0.613594 -0.954989 0.253068 0.154763 -0.226884 0.269008 0.518948 0.811374 0.415464 
1533746775617 0.125055 0.816403 -0.56378 -0.61357 -0.954993 0.253103 0.154684 -0.226941 0.268978 0.519062 0.811311 0.415465 
1533746775634 0.125037 0.816383 -0.563812 -0.613542 -0.955006 0.253074 0.154651 -0.226956 0.26894 0.519107 0.811295 0.415469 
1533746775769 0.124493 0.816475 -0.563799 -0.6133 -0.955143 0.252497 0.154751 -0.22682 0.268708 0.519243 0.811284 0.415552 
1533746775840 0.124299 0.816298 -0.564099 -0.613065 -0.955164 0.2524 0.154775 -0.226912 0.268721 0.519569 0.811072 0.415587 
1533746775887 0.124003 0.816344 -0.564098 -0.612876 -0.955245 0.252074 0.154806 -0.226877 0.268569 0.519656 0.811066 0.41565 
1533746775979 0.123724 0.816273 -0.564261 -0.612668 -0.955361 0.251721 0.154667 -0.226925 0.268287 0.519937 0.810979 0.415711 
1533746776025 0.123267 0.816236 -0.564414 -0.612498 -0.955451 0.251314 0.154774 -0.22684 0.268177 0.520192 0.810852 0.41577 
1533746776119 0.123058 0.816213 -0.564494 -0.612289 -0.955509 0.251096 0.154768 -0.226871 0.268065 0.520334 0.810798 0.415839 
1533746776178 0.122665 0.816202 -0.564595 -0.612098 -0.95559 0.250732 0.154856 -0.226811 0.267955 0.520526 0.810711 0.415906 
1533746776203 0.122563 0.816198 -0.564623 -0.612055 -0.955616 0.250629 0.154865 -0.226796 0.267911 0.520582 0.81069 0.415922 
1533746776219 0.122436 0.816189 -0.564664 -0.612001 -0.955647 0.250505 0.154877 -0.226778 0.26786 0.520656 0.810659 0.415942 
1533746776350 0.122378 0.816252 -0.564585 -0.611761 -0.955628 0.250492 0.15501 -0.226931 0.267952 0.520564 0.810688 0.415965 
1533746776384 0.12205 0.816495 -0.564305 -0.611721 -0.95562 0.250267 0.155427 -0.226911 0.268132 0.520291 0.810804 0.415939 
1533746776521 0.121192 0.816579 -0.564368 -0.611579 -0.95551 0.249996 0.156532 -0.226943 0.26891 0.520289 0.810547 0.41589 
1533746776555 0.120773 0.816696 -0.564288 -0.611421 -0.955532 0.249697 0.156877 -0.226997 0.269022 0.520249 0.810536 0.415894 
1533746776653 0.12037 0.816831 -0.56418 -0.611167 -0.955461 0.249579 0.157493 -0.22704 0.269452 0.520095 0.810492 0.415867 
1533746776701 0.119964 0.816928 -0.564125 -0.611023 -0.95548 0.249296 0.157828 -0.227086 0.269568 0.520076 0.810465 0.415844 
1533746776779 0.119666 0.817054 -0.564006 -0.610902 -0.955421 0.249213 0.158313 -0.227138 0.269908 0.519918 0.810453 0.415862 
1533746776796 0.11956 0.817096 -0.563967 -0.610881 -0.955422 0.249142 0.158419 -0.227126 0.269952 0.519886 0.810459 0.415875 
1533746776813 0.119421 0.817146 -0.563925 -0.610848 -0.955423 0.249051 0.158556 -0.227118 0.270009 0.519852 0.810462 0.415888 
1533746776833 0.119311 0.817195 -0.563876 -0.610793 -0.955416 0.248992 0.158694 -0.227128 0.270085 0.519802 0.810469 0.415902 
1533746777007 0.118852 0.817176 -0.564002 -0.610496 -0.955373 0.248831 0.159202 -0.227226 0.270437 0.519911 0.810282 0.415942 
1533746777026 0.118614 0.817114 -0.564141 -0.610451 -0.955421 0.248626 0.159233 -0.227286 0.270372 0.520105 0.810179 0.415928 
1533746777056 0.118385 0.817034 -0.564306 -0.610334 -0.95546 0.248449 0.159275 -0.227414 0.270334 0.520316 0.810056 0.415905 
1533746777137 0.117912 0.817166 -0.564213 -0.610169 -0.955444 0.248186 0.159782 -0.227338 0.270598 0.520234 0.81002 0.415933 
1533746777163 0.117506 0.81727 -0.564147 -0.610095 -0.955482 0.247861 0.160056 -0.227289 0.27064 0.520225 0.810013 0.415971 
1533746777183 0.117372 0.817309 -0.564119 -0.610047 -0.955482 0.247779 0.160188 -0.227287 0.2707 0.520203 0.810006 0.415991 
1533746777200 0.117243 0.817347 -0.564091 -0.609981 -0.955475 0.24771 0.160333 -0.227308 0.270779 0.520177 0.809997 0.416014 
1533746777216 0.117214 0.817352 -0.56409 -0.609963 -0.955472 0.247699 0.16037 -0.227316 0.270804 0.520174 0.80999 0.416019 
1533746777237 0.117036 0.81735 -0.564129 -0.609888 -0.955484 0.247579 0.160483 -0.227366 0.270837 0.520234 0.809941 0.41604 
1533746777353 0.117247 0.817218 -0.564276 -0.609738 -0.955529 0.247645 0.160112 -0.227501 0.270586 0.52041 0.809911 0.415954 
1533746777377 0.11735 0.817199 -0.564283 -0.609651 -0.955552 0.247663 0.159947 -0.22747 0.270461 0.520432 0.809939 0.415914 
1533746777399 0.117375 0.817185 -0.564297 -0.609566 -0.955573 0.247641 0.159859 -0.227442 0.270378 0.520463 0.809947 0.415885 
1533746777424 0.117268 0.817202 -0.564295 -0.609494 -0.955612 0.247503 0.159841 -0.227392 0.270287 0.520502 0.809952 0.415853 
1533746777448 0.117208 0.817204 -0.564304 -0.609458 -0.955626 0.247441 0.159848 -0.227361 0.270261 0.520528 0.809944 0.415833 
1533746777468 0.117195 0.817197 -0.564318 -0.609423 -0.955624 0.24744 0.159862 -0.227354 0.270273 0.520541 0.809932 0.415833 
1533746777573 0.117151 0.817141 -0.564408 -0.609218 -0.955644 0.247394 0.159816 -0.227389 0.270223 0.52065 0.809878 0.415875 
1533746777596 0.117215 0.817068 -0.564501 -0.609197 -0.955674 0.247391 0.159637 -0.227396 0.270087 0.520767 0.809849 0.415899 
1533746777639 0.117323 0.816968 -0.564623 -0.609149 -0.955724 0.247382 0.159355 -0.227386 0.269865 0.520928 0.809819 0.415988 
1533746777689 0.117179 0.816929 -0.564709 -0.609063 -0.955828 0.247114 0.159147 -0.227348 0.26956 0.521116 0.8098 0.416062 
1533746777778 0.11728 0.816672 -0.56506 -0.608841 -0.95589 0.247121 0.158762 -0.227433 0.269295 0.521516 0.809631 0.416119 
1533746777801 0.117282 0.816631 -0.565119 -0.608794 -0.955902 0.247111 0.158706 -0.227432 0.269251 0.521584 0.809601 0.416129 
1533746777818 0.117261 0.816601 -0.565166 -0.608749 -0.95592 0.247072 0.158656 -0.227424 0.269196 0.52165 0.809577 0.416143 
1533746777835 0.117249 0.81657 -0.565213 -0.608713 -0.955938 0.247041 0.158601 -0.22742 0.269139 0.521713 0.809555 0.416157 
1533746777851 0.117223 0.81653 -0.565277 -0.608663 -0.955958 0.246999 0.158543 -0.227418 0.269078 0.521796 0.809522 0.416178 
1533746777868 0.117228 0.816519 -0.565291 -0.608621 -0.955974 0.246972 0.158486 -0.22743 0.269018 0.521825 0.809523 0.416195 
1533746777884 0.117282 0.816521 -0.565278 -0.608599 -0.955979 0.246992 0.158426 -0.227454 0.268978 0.521813 0.809545 0.416205 
1533746777994 0.117544 0.816488 -0.565271 -0.60861 -0.955913 0.247272 0.15839 -0.227413 0.2691 0.521732 0.809556 0.416171 
1533746778012 0.11738 0.816456 -0.565351 -0.608561 -0.955958 0.247105 0.158379 -0.227325 0.269011 0.521861 0.809502 0.416169 
1533746778031 0.117241 0.816391 -0.565474 -0.608507 -0.956005 0.246957 0.158328 -0.227267 0.268905 0.522033 0.809427 0.416161 
1533746778056 0.117102 0.816327 -0.565595 -0.608445 -0.956065 0.246782 0.158236 -0.227255 0.268751 0.522215 0.80936 0.416155 
1533746778073 0.117138 0.816294 -0.565635 -0.608406 -0.956071 0.246799 0.158173 -0.227286 0.268714 0.52226 0.809344 0.416151 
1533746778090 0.117235 0.816252 -0.565675 -0.608367 -0.956067 0.246871 0.158086 -0.227338 0.268687 0.52229 0.809333 0.416146 
1533746778107 0.117309 0.816229 -0.565693 -0.608334 -0.956067 0.246918 0.158013 -0.227375 0.268655 0.522304 0.809335 0.41614 
1533746778124 0.117411 0.81619 -0.565728 -0.608285 -0.956067 0.246985 0.157909 -0.22742 0.26861 0.522334 0.809331 0.41613 
1533746778244 0.116791 0.816334 -0.565649 -0.608161 -0.956121 0.246502 0.158334 -0.227227 0.268687 0.522337 0.809303 0.416261 
1533746778258 0.116616 0.816346 -0.565668 -0.60817 -0.956136 0.246374 0.158442 -0.22722 0.268709 0.522379 0.809268 0.416249 
1533746778277 0.116396 0.816351 -0.565706 -0.608182 -0.956147 0.24623 0.158597 -0.227203 0.268764 0.522438 0.809212 0.416226 
1533746778291 0.11614 0.816361 -0.565743 -0.608194 -0.956158 0.246067 0.158785 -0.227179 0.268837 0.522499 0.809149 0.416203 
1533746778308 0.116083 0.816348 -0.565775 -0.608199 -0.956142 0.246071 0.158875 -0.227176 0.268918 0.522519 0.809109 0.416192 
1533746778335 0.116083 0.81631 -0.56583 -0.60819 -0.956118 0.246128 0.158931 -0.227205 0.269003 0.522551 0.80906 0.416182 
1533746778351 0.116086 0.816267 -0.565891 -0.608166 -0.956107 0.246163 0.158943 -0.22726 0.269041 0.522602 0.809014 0.416172 
1533746778393 0.115856 0.816235 -0.565984 -0.608039 -0.95613 0.246002 0.159054 -0.227341 0.269059 0.522727 0.808928 0.416166 
1533746778497 0.115429 0.816433 -0.565785 -0.607922 -0.956072 0.245825 0.159674 -0.227319 0.269447 0.522501 0.808944 0.416227 
1533746778540 0.11503 0.816686 -0.565502 -0.607909 -0.956079 0.245523 0.1601 -0.227277 0.269595 0.522248 0.809058 0.416239 
1533746778636 0.114763 0.816745 -0.565471 -0.607845 -0.95596 0.245589 0.160705 -0.227368 0.270129 0.522125 0.80896 0.416275 
1533746778686 0.114528 0.816782 -0.565465 -0.60773 -0.955935 0.245497 0.160993 -0.227519 0.270316 0.52211 0.808907 0.416261 
1533746778777 0.114068 0.816943 -0.565325 -0.607621 -0.955849 0.245364 0.161705 -0.227472 0.270814 0.521921 0.808863 0.41628 
1533746778839 0.113579 0.817076 -0.565231 -0.607542 -0.955839 0.245075 0.162202 -0.227472 0.271055 0.521848 0.808829 0.416294 
1533746778911 0.113306 0.817153 -0.565175 -0.607422 -0.955795 0.244987 0.162596 -0.227594 0.271326 0.521768 0.808789 0.416304 
1533746778928 0.11322 0.817172 -0.565165 -0.607392 -0.955788 0.244947 0.162695 -0.227629 0.271385 0.521757 0.808776 0.416304 
1533746778945 0.113159 0.817189 -0.565152 -0.607365 -0.955781 0.244923 0.162776 -0.227662 0.271438 0.521742 0.808769 0.416303 
1533746778961 0.1131 0.817213 -0.565129 -0.60733 -0.955763 0.244917 0.162887 -0.227699 0.271523 0.521707 0.808762 0.4163 
1533746779079 0.112742 0.817329 -0.565033 -0.607146 -0.955738 0.244734 0.163311 -0.227648 0.271761 0.521611 0.808744 0.416361 
1533746779116 0.112543 0.817293 -0.565125 -0.606991 -0.955778 0.244557 0.163342 -0.227725 0.271704 0.521751 0.808674 0.416404 
1533746779153 0.112328 0.817322 -0.565126 -0.606833 -0.955825 0.244338 0.163392 -0.227811 0.271626 0.521809 0.808663 0.416445 
1533746779204 0.112042 0.817339 -0.565159 -0.606702 -0.955836 0.244154 0.163605 -0.227888 0.271706 0.521868 0.808597 0.416403 
1533746779246 0.111901 0.817345 -0.565178 -0.606566 -0.955821 0.244102 0.163768 -0.227987 0.271816 0.521883 0.808551 0.416375 
1533746779289 0.111655 0.817411 -0.565131 -0.606394 -0.95582 0.243949 0.164005 -0.228033 0.271922 0.521851 0.808536 0.416392 
1533746779310 0.111575 0.817438 -0.565107 -0.606327 -0.955813 0.24391 0.164104 -0.228061 0.27198 0.521826 0.808532 0.416416 
1533746779326 0.111516 0.817462 -0.565085 -0.606252 -0.955798 0.243898 0.164206 -0.228101 0.272055 0.521795 0.808527 0.416443 
1533746779343 0.111458 0.81748 -0.565069 -0.606189 -0.955786 0.243884 0.164299 -0.228134 0.272122 0.521773 0.808519 0.416466 
1533746779363 0.111417 0.817495 -0.565055 -0.606126 -0.955767 0.243893 0.164396 -0.228166 0.272206 0.521745 0.808509 0.416488 
1533746779460 0.111001 0.817468 -0.565177 -0.606009 -0.955837 0.243534 0.164519 -0.228075 0.272128 0.521956 0.808399 0.41643 
1533746779514 0.110809 0.817364 -0.565365 -0.605862 -0.955936 0.243267 0.164339 -0.228082 0.27186 0.522242 0.808304 0.416388 
1533746779561 0.110805 0.817323 -0.565425 -0.605677 -0.955969 0.243213 0.164226 -0.228176 0.271744 0.522332 0.808285 0.416398 
1533746779616 0.11077 0.817322 -0.565433 -0.605484 -0.955976 0.243181 0.164234 -0.228249 0.271735 0.522348 0.808277 0.416451 
1533746779665 0.110643 0.817339 -0.565434 -0.60529 -0.955991 0.243077 0.164304 -0.228299 0.271736 0.52237 0.808263 0.416504 
1533746779712 0.110308 0.817381 -0.565438 -0.60511 -0.956066 0.242732 0.164373 -0.22834 0.271605 0.522465 0.808246 0.416552 
1533746779736 0.11016 0.817404 -0.565434 -0.605045 -0.956092 0.242594 0.164429 -0.228327 0.271576 0.522493 0.808237 0.416572 
1533746779753 0.110071 0.817415 -0.565435 -0.604996 -0.956103 0.242519 0.164474 -0.228316 0.271572 0.52251 0.808228 0.416587 
1533746779769 0.110004 0.817419 -0.565442 -0.604938 -0.956111 0.242465 0.164508 -0.228319 0.271572 0.522529 0.808215 0.416603 
1533746779786 0.109973 0.817417 -0.565451 -0.604899 -0.956114 0.242442 0.164523 -0.228328 0.271573 0.522542 0.808206 0.416613 
1533746779866 0.110054 0.817392 -0.565471 -0.604805 -0.956106 0.242511 0.164469 -0.228375 0.271569 0.52255 0.808203 0.416631 
1533746779940 0.110444 0.817413 -0.565365 -0.604735 -0.956047 0.242835 0.164331 -0.228248 0.271617 0.522367 0.808305 0.416585 
1533746780016 0.110391 0.817556 -0.565168 -0.604512 -0.956112 0.24264 0.164244 -0.228145 0.271411 0.522233 0.808461 0.4166 
1533746780057 0.110547 0.817624 -0.565041 -0.604368 -0.956117 0.242697 0.164128 -0.228182 0.271328 0.522101 0.808574 0.416636 
1533746780080 0.110665 0.817649 -0.564981 -0.60429 -0.956113 0.242763 0.164053 -0.228209 0.271295 0.522031 0.80863 0.416651 
1533746780097 0.110746 0.817663 -0.564945 -0.604235 -0.956109 0.242812 0.164004 -0.228229 0.271275 0.521987 0.808665 0.416659 
1533746780113 0.11086 0.817677 -0.564902 -0.604164 -0.956099 0.242891 0.163946 -0.228256 0.271264 0.521927 0.808707 0.416671 
1533746780130 0.110943 0.817692 -0.564863 -0.604104 -0.95609 0.242951 0.16391 -0.228271 0.271262 0.521876 0.808741 0.416682 
1533746780148 0.110984 0.817717 -0.56482 -0.604063 -0.956086 0.242974 0.163899 -0.228255 0.271259 0.521826 0.808774 0.416695 
1533746780214 0.110763 0.817757 -0.564806 -0.60412 -0.95618 0.242659 0.163821 -0.228128 0.27102 0.521911 0.8088 0.416696 
1533746780276 0.110562 0.8175 -0.565217 -0.604234 -0.95634 0.242312 0.163399 -0.227981 0.270537 0.522474 0.808598 0.416584 
1533746780310 0.110488 0.817409 -0.565363 -0.6042 -0.956453 0.242078 0.16308 -0.227935 0.270165 0.522725 0.80856 0.416519 
1533746780344 0.110533 0.81745 -0.565295 -0.60411 -0.956563 0.241879 0.162734 -0.22791 0.26976 0.522752 0.808678 0.416511 
1533746780360 0.110606 0.817454 -0.565274 -0.604074 -0.956591 0.241865 0.162591 -0.227907 0.269631 0.522753 0.80872 0.416505 
1533746780380 0.110726 0.817451 -0.565255 -0.604022 -0.956618 0.24188 0.162408 -0.227909 0.269484 0.52275 0.808771 0.416504 
1533746780394 0.110813 0.817449 -0.565241 -0.603992 -0.956624 0.241917 0.162317 -0.227914 0.269427 0.522736 0.808799 0.416515 
1533746780410 0.110908 0.817455 -0.565214 -0.603953 -0.956631 0.241954 0.162219 -0.22792 0.269362 0.52271 0.808838 0.416539 
1533746780456 0.110842 0.817452 -0.565231 -0.603912 -0.956686 0.241812 0.162109 -0.227892 0.269196 0.52278 0.808847 0.416553 
1533746780470 0.110799 0.81743 -0.565272 -0.603925 -0.956694 0.241779 0.16211 -0.227887 0.269185 0.52283 0.808819 0.416534 
1533746780486 0.110733 0.817382 -0.565353 -0.603962 -0.956689 0.241765 0.162159 -0.227878 0.269228 0.522911 0.808752 0.416502 
1533746780506 0.110495 0.817351 -0.565445 -0.604004 -0.956708 0.241604 0.162287 -0.227866 0.26926 0.523034 0.808663 0.416471 
1533746780523 0.110213 0.817339 -0.565517 -0.604043 -0.956721 0.241425 0.162475 -0.227844 0.269327 0.523135 0.808574 0.416456 
1533746780546 0.110014 0.81731 -0.565598 -0.604079 -0.956725 0.241314 0.162616 -0.227823 0.269395 0.523232 0.808489 0.416449 
1533746780564 0.109921 0.817227 -0.565737 -0.60411 -0.956698 0.24134 0.16274 -0.227804 0.269531 0.52335 0.808367 0.416435 
1533746780579 0.109857 0.817151 -0.565859 -0.604127 -0.956673 0.241374 0.162835 -0.227794 0.269645 0.523453 0.808262 0.41642 
1533746780596 0.109788 0.817092 -0.565957 -0.60413 -0.956652 0.241393 0.162929 -0.227782 0.269746 0.523536 0.808175 0.41641 
1533746780616 0.109733 0.817055 -0.56602 -0.604119 -0.956634 0.241407 0.163013 -0.227772 0.269832 0.523587 0.808114 0.416411 
1533746780633 0.109707 0.81705 -0.566033 -0.604096 -0.956632 0.241398 0.163038 -0.227771 0.26985 0.523599 0.8081 0.416423 
1533746780650 0.10972 0.817062 -0.566014 -0.604074 -0.956644 0.241379 0.162997 -0.227785 0.269802 0.52359 0.808122 0.416439 
1533746780668 0.109746 0.81707 -0.565997 -0.60405 -0.956677 0.241328 0.162881 -0.227812 0.269676 0.523601 0.808157 0.416453 
1533746780683 0.109769 0.817085 -0.565971 -0.60403 -0.956711 0.241271 0.162767 -0.227839 0.269547 0.523604 0.808198 0.41647 
1533746780703 0.109867 0.817107 -0.56592 -0.604003 -0.95673 0.241282 0.162638 -0.227872 0.269439 0.523564 0.80826 0.416493 
1533746780719 0.109996 0.817117 -0.56588 -0.60398 -0.95673 0.241352 0.162536 -0.22789 0.269387 0.523516 0.808308 0.416518 
1533746780740 0.110057 0.81713 -0.565849 -0.603962 -0.956744 0.241355 0.162449 -0.227894 0.269312 0.523494 0.808347 0.416544 
1533746780757 0.110065 0.817125 -0.565855 -0.603954 -0.956755 0.241337 0.162405 -0.227891 0.269267 0.52351 0.808352 0.41656 
1533746780868 0.109822 0.816993 -0.566093 -0.603988 -0.956745 0.24126 0.162582 -0.227878 0.269404 0.523752 0.808149 0.416433 
1533746780885 0.109885 0.81713 -0.565883 -0.603974 -0.956715 0.241314 0.162677 -0.227878 0.269484 0.523513 0.808278 0.416384 
1533746780901 0.109923 0.817197 -0.565779 -0.603969 -0.956691 0.241364 0.162747 -0.227876 0.269555 0.523385 0.808337 0.416352 
1533746780928 0.109986 0.817273 -0.565658 -0.603972 -0.956635 0.241485 0.162894 -0.227878 0.269726 0.523212 0.808392 0.41628 
1533746780945 0.11001 0.817288 -0.565631 -0.603977 -0.956611 0.241541 0.162954 -0.227881 0.269803 0.523162 0.808398 0.416242 
1533746781075 0.110134 0.817362 -0.565499 -0.603944 -0.956584 0.24164 0.162961 -0.227866 0.269846 0.523 0.808489 0.416253 
1533746781089 0.110069 0.817227 -0.565708 -0.603962 -0.956603 0.241607 0.162902 -0.227865 0.269807 0.523227 0.808355 0.416259 
1533746781106 0.109986 0.817066 -0.565955 -0.603981 -0.956638 0.241537 0.162796 -0.227865 0.269715 0.523509 0.808203 0.416269 
1533746781150 0.109918 0.816921 -0.566179 -0.60398 -0.956711 0.241401 0.162573 -0.227875 0.269485 0.523799 0.808092 0.416349 
1533746781183 0.109916 0.81685 -0.566281 -0.60397 -0.956715 0.241412 0.162532 -0.227864 0.269472 0.523904 0.808028 0.416398 
1533746781213 0.109901 0.816741 -0.566442 -0.603969 -0.956718 0.241429 0.162489 -0.22785 0.269467 0.524067 0.807924 0.416434 
1533746781235 0.109885 0.816648 -0.566579 -0.603968 -0.956741 0.241401 0.162393 -0.227847 0.269391 0.524225 0.807847 0.416468 
1533746781252 0.109857 0.816582 -0.566679 -0.603969 -0.956768 0.241352 0.162307 -0.227846 0.269306 0.52435 0.807794 0.416487 
1533746781269 0.109824 0.816489 -0.56682 -0.603969 -0.956804 0.241292 0.162189 -0.22785 0.269194 0.524523 0.807719 0.416511 
1533746781285 0.109829 0.816395 -0.566954 -0.603965 -0.956813 0.241303 0.162117 -0.227858 0.26916 0.524664 0.807639 0.416532 
1533746781302 0.109866 0.81632 -0.567055 -0.603958 -0.9568 0.241371 0.162093 -0.227864 0.269191 0.524749 0.807573 0.416555 
1533746781319 0.109915 0.816283 -0.567098 -0.603948 -0.956792 0.241424 0.162061 -0.227872 0.269199 0.524782 0.807549 0.416576 
1533746781335 0.109941 0.816268 -0.567115 -0.603941 -0.956793 0.24144 0.162029 -0.227878 0.269184 0.524798 0.807544 0.416592 
1533746781352 0.109911 0.816257 -0.567136 -0.603937 -0.956802 0.24141 0.162023 -0.227877 0.269164 0.524829 0.80753 0.41659 
1533746781369 0.109886 0.816257 -0.567142 -0.603935 -0.956799 0.241402 0.162053 -0.22787 0.269186 0.524834 0.80752 0.416578 
1533746781385 0.109876 0.816255 -0.567147 -0.603934 -0.956788 0.241418 0.162094 -0.227864 0.269229 0.524829 0.807509 0.41656 
1533746781403 0.109861 0.816262 -0.56714 -0.603934 -0.956746 0.24149 0.162234 -0.227856 0.269384 0.524786 0.807485 0.416536 
1533746781419 0.10982 0.81629 -0.567106 -0.603932 -0.956717 0.241514 0.162367 -0.227848 0.269502 0.52473 0.807482 0.416531 
1533746781435 0.109805 0.816331 -0.567051 -0.603923 -0.956683 0.241561 0.162499 -0.227841 0.26963 0.524645 0.807494 0.416537 
1533746781452 0.109778 0.816347 -0.567032 -0.603917 -0.956665 0.241576 0.162582 -0.227841 0.269705 0.524612 0.807491 0.416559 
1533746781470 0.10978 0.816346 -0.567034 -0.603914 -0.956649 0.241608 0.162627 -0.22785 0.26976 0.5246 0.80748 0.416596 
1533746781489 0.109811 0.816342 -0.567034 -0.60391 -0.956627 0.241671 0.162666 -0.227861 0.269827 0.524578 0.807472 0.416638 
1533746781507 0.109794 0.816285 -0.567119 -0.603918 -0.956635 0.241661 0.162633 -0.227877 0.269805 0.52467 0.80742 0.416664 
1533746781522 0.109757 0.816203 -0.567245 -0.603931 -0.95664 0.241654 0.162613 -0.227887 0.269802 0.524801 0.807335 0.416667 
1533746781539 0.109791 0.816145 -0.567321 -0.603938 -0.956643 0.241685 0.162552 -0.227899 0.269779 0.524877 0.807294 0.416655 
1533746781556 0.1099 0.816099 -0.567367 -0.603941 -0.956622 0.241799 0.162503 -0.227907 0.269807 0.524897 0.807272 0.416629 
1533746781579 0.110034 0.816066 -0.567388 -0.603939 -0.956602 0.241923 0.162439 -0.227919 0.269825 0.52489 0.80727 0.41659 
1533746781599 0.110121 0.816049 -0.567395 -0.603935 -0.956593 0.241992 0.162386 -0.22793 0.26982 0.524884 0.807276 0.41656 
1533746781619 0.110218 0.816035 -0.567397 -0.60393 -0.956566 0.242103 0.162379 -0.227937 0.269875 0.524856 0.807276 0.416535 
1533746781687 0.110293 0.816033 -0.567385 -0.603912 -0.956511 0.242254 0.162483 -0.227964 0.270043 0.524789 0.807263 0.41655 
1533746781712 0.110148 0.816079 -0.567346 -0.603903 -0.956487 0.242205 0.162694 -0.227963 0.270186 0.524739 0.807248 0.416624 
1533746781726 0.109969 0.81612 -0.567323 -0.603898 -0.956499 0.24207 0.162823 -0.227961 0.270215 0.524738 0.807238 0.416667 
1533746781742 0.109762 0.816145 -0.567327 -0.603896 -0.956502 0.241942 0.162996 -0.227952 0.270289 0.524759 0.8072 0.416705 
1533746781758 0.109611 0.816154 -0.567343 -0.603896 -0.95649 0.241878 0.163161 -0.227942 0.270392 0.524774 0.807156 0.416729 
1533746781776 0.109516 0.816112 -0.567422 -0.603904 -0.956432 0.24195 0.163395 -0.227927 0.270636 0.524807 0.807053 0.416744 
1533746781798 0.109447 0.816061 -0.567508 -0.60391 -0.956372 0.242042 0.163608 -0.227914 0.270875 0.524842 0.806949 0.416739 
1533746781819 0.109355 0.816022 -0.567582 -0.603914 -0.956325 0.242093 0.163807 -0.227905 0.271078 0.52488 0.806857 0.416729 
1533746781836 0.109283 0.816 -0.567627 -0.603917 -0.956296 0.242116 0.163945 -0.227898 0.271211 0.524903 0.806797 0.416723 
1533746781853 0.109203 0.815984 -0.567666 -0.603919 -0.956261 0.242142 0.164107 -0.227886 0.271365 0.524916 0.806737 0.41672 
1533746781922 0.109154 0.816049 -0.567582 -0.603914 -0.956207 0.242202 0.164338 -0.227886 0.271577 0.524788 0.806749 0.416726 
1533746781936 0.109251 0.816189 -0.567362 -0.603887 -0.956241 0.24215 0.164217 -0.227905 0.271419 0.524593 0.806928 0.416741 
1533746781951 0.109327 0.816292 -0.567199 -0.603866 -0.956269 0.242108 0.164113 -0.227923 0.271288 0.524453 0.807064 0.416752 
1533746781968 0.109413 0.816391 -0.56704 -0.603847 -0.95631 0.242049 0.163963 -0.227948 0.27111 0.524326 0.807206 0.416744 
1533746782009 0.109576 0.816515 -0.566831 -0.603856 -0.956367 0.241994 0.163712 -0.227985 0.270843 0.524159 0.807404 0.416671 
1533746782029 0.109664 0.81662 -0.566662 -0.603856 -0.956342 0.24206 0.163757 -0.227968 0.270894 0.523964 0.807513 0.416652 
1533746782043 0.109722 0.816697 -0.566539 -0.603853 -0.956323 0.242107 0.163798 -0.227957 0.270937 0.523822 0.807591 0.416643 
1533746782062 0.109743 0.816795 -0.566394 -0.603851 -0.956317 0.242103 0.163842 -0.227948 0.270951 0.523672 0.807684 0.416633 
1533746782077 0.10972 0.816888 -0.566265 -0.603854 -0.956314 0.242069 0.16391 -0.227943 0.270972 0.523543 0.807761 0.416632 
1533746782093 0.109715 0.816951 -0.566175 -0.603855 -0.956306 0.242063 0.163965 -0.227936 0.271002 0.523447 0.807813 0.416629 
1533746782110 0.109711 0.817011 -0.566089 -0.603859 -0.956282 0.242089 0.164064 -0.227922 0.271086 0.523341 0.807853 0.416626 
1533746782127 0.109707 0.817028 -0.566066 -0.603865 -0.956268 0.24211 0.164117 -0.227914 0.271138 0.523306 0.807859 0.416616 
1533746782143 0.109708 0.817033 -0.566058 -0.603872 -0.956257 0.24213 0.164151 -0.227907 0.271176 0.523288 0.807857 0.416601 
1533746782160 0.109699 0.817016 -0.566084 -0.603883 -0.956255 0.242133 0.164157 -0.227904 0.271187 0.523313 0.807838 0.416586 
1533746782177 0.109687 0.816993 -0.566119 -0.603892 -0.956268 0.242109 0.16412 -0.227912 0.271147 0.523359 0.80782 0.416572 
1533746782230 0.109721 0.816988 -0.56612 -0.603906 -0.956326 0.242018 0.163916 -0.227963 0.270929 0.52341 0.807861 0.416537 
1533746782244 0.109782 0.817058 -0.566007 -0.603896 -0.95635 0.241985 0.163825 -0.227984 0.27082 0.523316 0.807959 0.416529 
1533746782263 0.10986 0.817146 -0.565865 -0.603884 -0.956381 0.241942 0.163704 -0.228013 0.270677 0.523198 0.808083 0.416506 
1533746782277 0.109913 0.817194 -0.565785 -0.603881 -0.9564 0.241921 0.163624 -0.228038 0.270588 0.523133 0.808155 0.416469 
1533746782294 0.109981 0.817228 -0.565723 -0.603878 -0.956381 0.241987 0.163641 -0.228047 0.27063 0.523049 0.808195 0.416434 
1533746782358 0.110049 0.817214 -0.565729 -0.603892 -0.956341 0.242107 0.163698 -0.228064 0.270743 0.523015 0.808179 0.416348 
1533746782371 0.109986 0.817174 -0.5658 -0.6039 -0.956344 0.242077 0.163724 -0.228057 0.270758 0.523092 0.808124 0.416357 
1533746782388 0.109888 0.817123 -0.565893 -0.60391 -0.956338 0.242049 0.1638 -0.22804 0.270819 0.523185 0.808043 0.416385 
1533746782405 0.109703 0.816992 -0.566117 -0.603937 -0.956326 0.242005 0.163931 -0.228015 0.270934 0.523409 0.80786 0.416419 
1533746782425 0.109473 0.816882 -0.566321 -0.603962 -0.95633 0.241901 0.164062 -0.227992 0.271013 0.52363 0.807691 0.416468 
1533746782445 0.109297 0.816818 -0.566448 -0.603978 -0.956336 0.241811 0.164164 -0.227978 0.271065 0.523771 0.807581 0.416509 
1533746782465 0.109119 0.816793 -0.566517 -0.603988 -0.956352 0.241687 0.164252 -0.227966 0.27108 0.523867 0.807514 0.416547 
1533746782482 0.108983 0.8168 -0.566534 -0.603991 -0.956374 0.241565 0.1643 -0.22796 0.271055 0.523912 0.807493 0.416568 
1533746782501 0.108807 0.816809 -0.566555 -0.603993 -0.95641 0.241396 0.164344 -0.227956 0.271002 0.523977 0.807469 0.416572 
1533746782614 0.108314 0.81676 -0.56672 -0.603986 -0.956373 0.241203 0.164837 -0.228001 0.271327 0.524142 0.807253 0.416565 
1533746782638 0.108094 0.816737 -0.566795 -0.604 -0.956365 0.241101 0.165031 -0.228033 0.271442 0.524225 0.80716 0.416609 
1533746782677 0.107886 0.816699 -0.56689 -0.604013 -0.956338 0.241049 0.165269 -0.228089 0.271623 0.524308 0.807045 0.416667 
1533746782726 0.107688 0.816581 -0.567097 -0.604037 -0.956283 0.241078 0.165544 -0.228147 0.271895 0.524478 0.806844 0.416709 
1533746782747 0.107559 0.816542 -0.567177 -0.604048 -0.956271 0.241038 0.165667 -0.228156 0.271986 0.524556 0.806762 0.416734 
1533746782763 0.107435 0.816506 -0.567253 -0.604059 -0.956262 0.240997 0.16578 -0.228161 0.272066 0.524632 0.806685 0.416754 
1533746782781 0.107308 0.816447 -0.567362 -0.604071 -0.956256 0.240956 0.165879 -0.228173 0.27214 0.524743 0.806588 0.41676 
1533746782893 0.107436 0.81635 -0.567476 -0.604049 -0.956342 0.240888 0.165476 -0.228316 0.271785 0.524923 0.806591 0.41674 
1533746782909 0.107532 0.816344 -0.567467 -0.604047 -0.956348 0.240932 0.165377 -0.228322 0.271725 0.524913 0.806617 0.416737 
1533746782924 0.107793 0.816334 -0.567433 -0.604047 -0.956418 0.240947 0.16495 -0.228321 0.271376 0.524922 0.806729 0.416718 
1533746782961 0.107868 0.816379 -0.567354 -0.60405 -0.956549 0.240722 0.164518 -0.228266 0.270883 0.524956 0.806873 0.416692 
1533746783009 0.107824 0.81647 -0.567231 -0.604043 -0.956674 0.240429 0.16422 -0.228238 0.270459 0.524949 0.80702 0.416771 
1533746783045 0.107841 0.816497 -0.567189 -0.604039 -0.956767 0.24025 0.16394 -0.228237 0.270123 0.524989 0.807106 0.416819 
1533746783068 0.107848 0.816489 -0.567198 -0.604039 -0.956856 0.240083 0.163664 -0.228253 0.269805 0.525077 0.807155 0.416844 
1533746783088 0.107884 0.816479 -0.567206 -0.604037 -0.956936 0.239951 0.163391 -0.228269 0.269507 0.525153 0.807205 0.416855 
1533746783110 0.107866 0.816434 -0.567275 -0.604043 -0.957018 0.239795 0.163143 -0.22828 0.269225 0.525294 0.807207 0.416846 
1533746783127 0.107826 0.816336 -0.567424 -0.60406 -0.957052 0.239733 0.16303 -0.228278 0.269118 0.525475 0.807125 0.416819 
1533746783144 0.107798 0.816254 -0.567547 -0.604073 -0.957078 0.23969 0.162941 -0.228275 0.269036 0.525622 0.807057 0.416792 
1533746783164 0.107778 0.816214 -0.567608 -0.604079 -0.957123 0.239603 0.162806 -0.228278 0.268885 0.525724 0.807041 0.416769 
1533746783181 0.107775 0.81622 -0.5676 -0.604078 -0.957148 0.239551 0.162736 -0.228282 0.268797 0.525739 0.807061 0.416765 
1533746783197 0.107795 0.816252 -0.56755 -0.604074 -0.957139 0.239571 0.162761 -0.228277 0.268822 0.52568 0.807091 0.416782 
1533746783214 0.107806 0.816275 -0.567515 -0.604071 -0.957118 0.239611 0.162824 -0.228267 0.268892 0.525626 0.807103 0.416803 
1533746783231 0.107851 0.816339 -0.567414 -0.604062 -0.95707 0.239712 0.162959 -0.228247 0.269046 0.52548 0.807146 0.416828 
1533746783251 0.107918 0.816455 -0.567234 -0.604043 -0.957025 0.239804 0.163088 -0.228226 0.269179 0.525257 0.807247 0.416864 
1533746783267 0.107964 0.816533 -0.567114 -0.604031 -0.956998 0.239859 0.163162 -0.228212 0.269255 0.525112 0.807316 0.41689 
1533746783284 0.107961 0.816562 -0.567072 -0.60403 -0.95701 0.239826 0.163141 -0.228209 0.269214 0.525081 0.80735 0.416907 
1533746783303 0.107916 0.816553 -0.567094 -0.604036 -0.957051 0.239723 0.163052 -0.228211 0.269086 0.525142 0.807353 0.416911 
1533746783317 0.107856 0.816522 -0.567149 -0.604045 -0.95711 0.239584 0.162913 -0.228222 0.268902 0.525253 0.807342 0.416903 
1533746783334 0.107793 0.816483 -0.567218 -0.604055 -0.957176 0.239431 0.16275 -0.228238 0.268692 0.525384 0.807327 0.416895 
1533746783351 0.107745 0.816456 -0.567266 -0.604062 -0.957243 0.23928 0.162575 -0.228255 0.268471 0.525495 0.807328 0.416882 
1533746783367 0.10772 0.816431 -0.567307 -0.604067 -0.957261 0.239238 0.16253 -0.228257 0.268416 0.525554 0.807308 0.416872 
1533746783384 0.107694 0.816371 -0.567398 -0.604079 -0.95725 0.239262 0.16256 -0.228251 0.268465 0.525635 0.807239 0.416854 
1533746783400 0.107701 0.816319 -0.567471 -0.604089 -0.957233 0.239315 0.162585 -0.228243 0.268525 0.525691 0.807182 0.416836 
1533746783420 0.107811 0.816291 -0.567491 -0.604094 -0.957166 0.239515 0.162683 -0.228224 0.268719 0.525644 0.807148 0.416823 
1533746783437 0.10789 0.816282 -0.567489 -0.604096 -0.957125 0.239642 0.162736 -0.228211 0.268833 0.525601 0.807139 0.41682 
1533746783455 0.107944 0.816271 -0.567494 -0.6041 -0.957101 0.239723 0.162761 -0.228202 0.268898 0.52558 0.80713 0.416818 
1533746783470 0.10797 0.816258 -0.567509 -0.604105 -0.957097 0.239749 0.162746 -0.228196 0.268902 0.525589 0.807123 0.416818 
1533746783492 0.107982 0.816256 -0.567508 -0.604109 -0.957103 0.239745 0.162717 -0.228192 0.268876 0.525593 0.807129 0.416822 
1533746783509 0.107972 0.81626 -0.567504 -0.60411 -0.957113 0.239718 0.162696 -0.228191 0.268843 0.525599 0.807136 0.416826 
1533746783525 0.107911 0.816254 -0.567526 -0.604112 -0.957156 0.239602 0.162616 -0.228196 0.268716 0.525663 0.807137 0.41683 
1533746783542 0.10782 0.816249 -0.56755 -0.604114 -0.957205 0.239456 0.162542 -0.228202 0.268578 0.525736 0.807135 0.416832 
