1535118011147 0.223077 0.922466 -0.315109 -0.534131 -0.941079 0.288086 0.177135 -0.232752 0.254179 0.257028 0.932379 0.417159 
1535118017441 0.223077 0.922466 -0.315108 -0.534131 -0.941079 0.288087 0.177135 -0.232752 0.254179 0.257027 0.932379 0.41716 
1535118018239 0.226298 0.922865 -0.311623 -0.544369 -0.940718 0.290052 0.175841 -0.234919 0.252664 0.253357 0.933794 0.412842 
1535118019343 0.231507 0.923656 -0.305392 -0.565835 -0.940228 0.293029 0.173508 -0.238621 0.24975 0.24697 0.936286 0.403882 
1535118020488 0.237071 0.924607 -0.298161 -0.587039 -0.939764 0.296057 0.170864 -0.24253 0.246255 0.239693 0.939098 0.395077 
1535118021966 0.244882 0.925998 -0.287335 -0.618965 -0.93898 0.300342 0.167667 -0.248213 0.241558 0.228743 0.943041 0.381825 
1535118022787 0.247463 0.92643 -0.283707 -0.629612 -0.938678 0.301797 0.166742 -0.250069 0.240097 0.225047 0.944303 0.377468 
1535118022818 0.24718 0.926599 -0.283401 -0.629761 -0.938737 0.301486 0.166971 -0.24998 0.240157 0.224767 0.944354 0.377493 
1535118023246 0.24828 0.926429 -0.282994 -0.631615 -0.938485 0.302427 0.166683 -0.2506 0.240005 0.224202 0.944527 0.376713 
1535118023898 0.249739 0.926679 -0.280885 -0.638102 -0.938385 0.303175 0.165888 -0.251648 0.238882 0.222149 0.945296 0.373912 
1535118024329 0.249186 0.927117 -0.279929 -0.638309 -0.938503 0.302502 0.166445 -0.251488 0.238993 0.221239 0.945482 0.374133 
1535118024483 0.249122 0.926903 -0.280693 -0.638307 -0.938449 0.302644 0.166493 -0.251527 0.239273 0.221939 0.945247 0.374052 
1535118024669 0.248763 0.926452 -0.282495 -0.63823 -0.938256 0.302893 0.167127 -0.25185 0.240401 0.223478 0.944598 0.374096 
1535118024702 0.248342 0.926389 -0.283071 -0.63828 -0.93821 0.302741 0.167658 -0.251954 0.241014 0.223944 0.944331 0.374247 
1535118024844 0.247752 0.92633 -0.283782 -0.638365 -0.938199 0.302461 0.168224 -0.252044 0.241664 0.224566 0.944017 0.374368 
1535118025053 0.246712 0.926134 -0.285321 -0.638497 -0.938059 0.302134 0.169587 -0.252292 0.243266 0.225809 0.943309 0.374677 
1535118025114 0.246079 0.926042 -0.286166 -0.638599 -0.938016 0.30188 0.170278 -0.252329 0.244072 0.226527 0.942929 0.374817 
1535118025225 0.245663 0.925929 -0.28689 -0.638645 -0.937916 0.301811 0.170951 -0.252489 0.244875 0.227083 0.942587 0.374922 
1535118025322 0.244974 0.925803 -0.287883 -0.638744 -0.937848 0.301568 0.171751 -0.252616 0.245824 0.227915 0.942139 0.37508 
1535118025500 0.244961 0.925854 -0.28773 -0.638746 -0.937856 0.301523 0.171785 -0.25265 0.245806 0.227769 0.942179 0.375109 
1535118025650 0.244868 0.926069 -0.287117 -0.638797 -0.938042 0.301171 0.171388 -0.252677 0.245189 0.22736 0.942438 0.374912 
1535118025808 0.244192 0.926285 -0.286995 -0.638915 -0.938072 0.300639 0.172156 -0.252771 0.245748 0.227183 0.942335 0.375176 
1535118026021 0.242792 0.926533 -0.287381 -0.639152 -0.938366 0.29944 0.172639 -0.253116 0.246009 0.227753 0.94213 0.375172 
1535118026181 0.242142 0.926663 -0.28751 -0.639312 -0.938352 0.299014 0.173456 -0.253234 0.246704 0.227784 0.94194 0.375272 
1535118026310 0.241382 0.926774 -0.287793 -0.639465 -0.938517 0.298371 0.17367 -0.253379 0.246822 0.228177 0.941814 0.375271 
1535118026521 0.239893 0.927136 -0.287871 -0.639711 -0.938734 0.297119 0.174638 -0.253568 0.247445 0.22834 0.941611 0.375446 
1535118027107 0.239416 0.927253 -0.287892 -0.639809 -0.938768 0.296749 0.175083 -0.253741 0.247778 0.228346 0.941522 0.375518 
1535118027125 0.239435 0.927255 -0.28787 -0.639792 -0.938782 0.296746 0.175015 -0.253707 0.247708 0.228343 0.941541 0.375502 
1535118027330 0.239602 0.9276 -0.286616 -0.639764 -0.938942 0.296482 0.174604 -0.253841 0.246939 0.22728 0.942 0.37533 
1535118027519 0.239257 0.927983 -0.285663 -0.639933 -0.939148 0.295865 0.174541 -0.254089 0.246489 0.226519 0.942302 0.375175 
1535118027720 0.238862 0.928404 -0.284625 -0.640072 -0.939296 0.295249 0.174786 -0.254238 0.246307 0.225598 0.94257 0.375064 
1535118027911 0.238264 0.92891 -0.283473 -0.640274 -0.939575 0.294346 0.174813 -0.254428 0.245825 0.224692 0.942912 0.374882 
1535118028065 0.238181 0.929092 -0.282946 -0.640355 -0.939632 0.294135 0.174861 -0.254584 0.245686 0.224217 0.943062 0.374784 
1535118028081 0.238131 0.92912 -0.282895 -0.640359 -0.939649 0.294074 0.174871 -0.25456 0.245668 0.22418 0.943075 0.374787 
1535118028223 0.238301 0.929031 -0.283043 -0.64035 -0.939572 0.294295 0.174913 -0.254533 0.245798 0.224257 0.943023 0.374812 
1535118028235 0.238416 0.928991 -0.283078 -0.64035 -0.939527 0.294426 0.174936 -0.25451 0.245859 0.224252 0.943008 0.37482 
1535118028366 0.239092 0.928903 -0.282796 -0.640268 -0.939333 0.295038 0.174949 -0.254462 0.245946 0.223811 0.94309 0.374754 
1535118028415 0.23941 0.928966 -0.282321 -0.640206 -0.939207 0.295292 0.175193 -0.254434 0.246116 0.223215 0.943187 0.374724 
1535118028447 0.239728 0.928941 -0.282134 -0.640191 -0.939112 0.295573 0.17523 -0.254474 0.24617 0.222948 0.943236 0.374688 
1535118028527 0.240075 0.92893 -0.281874 -0.640197 -0.93905 0.295831 0.175128 -0.254535 0.246069 0.22265 0.943333 0.374628 
1535118028572 0.240291 0.928952 -0.281617 -0.640188 -0.939007 0.295978 0.17511 -0.254552 0.246021 0.222363 0.943413 0.374587 
1535118029295 0.241119 0.928925 -0.280999 -0.640196 -0.938757 0.296685 0.175253 -0.254537 0.246165 0.221533 0.943571 0.374458 
1535118029472 0.240441 0.928944 -0.281516 -0.640135 -0.938981 0.29609 0.175059 -0.25449 0.245974 0.222246 0.943453 0.374658 
1535118029693 0.24204 0.928669 -0.281052 -0.639735 -0.938704 0.297408 0.174308 -0.254272 0.245462 0.221635 0.94373 0.374677 
1535118029844 0.242965 0.928437 -0.281022 -0.639539 -0.938592 0.29817 0.173606 -0.254256 0.244974 0.221585 0.943869 0.374653 
1535118030015 0.243703 0.928353 -0.280659 -0.639319 -0.938457 0.298756 0.173329 -0.25408 0.244759 0.221146 0.944027 0.374768 
1535118030240 0.245224 0.92807 -0.280271 -0.638989 -0.938154 0.300052 0.172732 -0.253771 0.244403 0.220579 0.944252 0.374846 
1535118030400 0.246206 0.927861 -0.280101 -0.638686 -0.938055 0.300816 0.171938 -0.253792 0.243794 0.220418 0.944447 0.374796 
1535118030553 0.24679 0.927792 -0.279816 -0.638505 -0.937973 0.301255 0.171613 -0.253588 0.243517 0.220107 0.944591 0.374842 
1535118031073 0.247381 0.92774 -0.279467 -0.63833 -0.937906 0.301676 0.171243 -0.253509 0.243178 0.219751 0.944761 0.374943 
1535118031388 0.247253 0.927687 -0.279756 -0.638004 -0.937882 0.301659 0.171403 -0.253375 0.243399 0.219998 0.944647 0.37515 
1535118031575 0.247295 0.927686 -0.279723 -0.637637 -0.937975 0.301599 0.171001 -0.253253 0.242999 0.220085 0.944729 0.375096 
1535118031813 0.2475 0.927667 -0.279602 -0.636924 -0.93799 0.30171 0.17072 -0.252921 0.24273 0.220011 0.944816 0.37542 
1535118031976 0.248148 0.927509 -0.279553 -0.636488 -0.937903 0.302244 0.170256 -0.253029 0.242407 0.219945 0.944914 0.375512 
1535118032164 0.248219 0.927525 -0.279437 -0.636125 -0.937928 0.30225 0.170104 -0.252767 0.242236 0.219869 0.944976 0.375723 
1535118032405 0.248306 0.927571 -0.279205 -0.635473 -0.938015 0.302192 0.169732 -0.25244 0.241812 0.219753 0.945111 0.37599 
1535118032530 0.248882 0.927322 -0.279519 -0.635212 -0.937894 0.30277 0.169366 -0.252594 0.241687 0.220007 0.945084 0.375986 
1535118032733 0.248659 0.927432 -0.279353 -0.635189 -0.93797 0.302512 0.169409 -0.252463 0.241623 0.2199 0.945126 0.376018 
1535118032943 0.248422 0.927486 -0.279384 -0.634752 -0.937879 0.30243 0.170053 -0.252164 0.242216 0.219783 0.945001 0.376261 
1535118033249 0.248395 0.927445 -0.279546 -0.633792 -0.937785 0.302526 0.170401 -0.251801 0.242608 0.219828 0.94489 0.376512 
1535118033534 0.248583 0.927374 -0.279614 -0.632846 -0.937573 0.302865 0.170965 -0.251436 0.243234 0.21966 0.944768 0.3769 
1535118033847 0.248666 0.927225 -0.280036 -0.631907 -0.937402 0.303156 0.171387 -0.251052 0.243809 0.219888 0.944567 0.377054 
1535118034059 0.248809 0.927096 -0.280334 -0.63141 -0.937319 0.303389 0.17143 -0.250965 0.243982 0.220109 0.944471 0.377139 
1535118034246 0.248854 0.927052 -0.280438 -0.631222 -0.937279 0.303477 0.171493 -0.250869 0.24409 0.220171 0.944428 0.377181 
1535118034264 0.248863 0.927049 -0.28044 -0.631222 -0.937277 0.303485 0.17149 -0.25087 0.24409 0.220173 0.944428 0.37718 
1535118034530 0.24862 0.927131 -0.280385 -0.630747 -0.937133 0.303431 0.172369 -0.250617 0.244886 0.219903 0.944285 0.377441 
1535118034746 0.248267 0.927163 -0.280591 -0.630386 -0.937083 0.303261 0.172939 -0.250399 0.245435 0.220002 0.944119 0.377529 
1535118035015 0.248171 0.927119 -0.280822 -0.629498 -0.936865 0.30343 0.173822 -0.250122 0.246363 0.219955 0.943888 0.377825 
1535118035292 0.248086 0.927015 -0.281241 -0.628645 -0.936573 0.303708 0.174909 -0.249876 0.247558 0.22001 0.943563 0.378084 
1535118035553 0.247766 0.927025 -0.281489 -0.627831 -0.936334 0.303736 0.176133 -0.249446 0.248778 0.219928 0.943261 0.378363 
1535118035952 0.247985 0.926883 -0.281763 -0.627582 -0.936139 0.304119 0.17651 -0.249449 0.249293 0.219997 0.943109 0.378398 
1535118035973 0.248003 0.926882 -0.281753 -0.627612 -0.936142 0.304127 0.176479 -0.249454 0.249264 0.219993 0.943117 0.378385 
1535118036177 0.24765 0.927094 -0.281366 -0.627434 -0.936284 0.303674 0.176508 -0.249216 0.249083 0.219726 0.943228 0.378576 
1535118036420 0.247969 0.927026 -0.281309 -0.626741 -0.936042 0.304106 0.177044 -0.249039 0.249672 0.219415 0.943144 0.378713 
1535118036668 0.247856 0.927061 -0.281292 -0.626086 -0.935917 0.30413 0.177662 -0.248755 0.250253 0.219231 0.943033 0.378771 
1535118036827 0.248102 0.926974 -0.281361 -0.625764 -0.935762 0.304458 0.17792 -0.248656 0.250589 0.219145 0.942964 0.378847 
1535118037065 0.248149 0.927011 -0.2812 -0.625076 -0.93557 0.304627 0.178634 -0.248423 0.251257 0.218754 0.942877 0.379101 
1535118037273 0.248288 0.92693 -0.281342 -0.624839 -0.935476 0.304838 0.178772 -0.248369 0.251472 0.218802 0.942808 0.3791 
1535118037290 0.248289 0.926928 -0.281348 -0.62484 -0.935475 0.304839 0.17877 -0.248368 0.251473 0.218807 0.942807 0.379096 
1535118037489 0.248033 0.926895 -0.281683 -0.624788 -0.935614 0.304599 0.178455 -0.248208 0.251209 0.219284 0.942766 0.379173 
1535118037713 0.247979 0.926737 -0.282252 -0.624296 -0.935673 0.304617 0.178115 -0.24796 0.251045 0.219926 0.942661 0.379366 
1535118038001 0.247742 0.926486 -0.283279 -0.623569 -0.935849 0.304489 0.177407 -0.247533 0.25062 0.221156 0.942486 0.379612 
1535118038155 0.248278 0.926146 -0.283923 -0.623316 -0.935733 0.3051 0.176967 -0.247626 0.250522 0.221739 0.942375 0.379624 
1535118038314 0.248141 0.926062 -0.284316 -0.623082 -0.935811 0.305008 0.176716 -0.247471 0.250369 0.222215 0.942303 0.379778 
1535118039001 0.248335 0.925915 -0.284623 -0.622882 -0.935795 0.30522 0.176433 -0.247476 0.250235 0.222535 0.942264 0.379761 
1535118039018 0.24832 0.925932 -0.284583 -0.622884 -0.935801 0.305196 0.176443 -0.247469 0.250228 0.222499 0.942274 0.379768 
1535118039286 0.248283 0.925962 -0.284518 -0.622602 -0.935797 0.305161 0.176527 -0.24718 0.250281 0.222423 0.942278 0.379953 
1535118039508 0.248708 0.925829 -0.284578 -0.622086 -0.935636 0.30562 0.176583 -0.246848 0.250459 0.222344 0.942249 0.380108 
1535118039698 0.249237 0.925528 -0.285095 -0.621688 -0.935541 0.306183 0.176113 -0.246877 0.250288 0.222824 0.942181 0.380081 
1535118039865 0.249462 0.925423 -0.285237 -0.621498 -0.935448 0.306454 0.176136 -0.24679 0.250412 0.222885 0.942134 0.380167 
1535118039879 0.249441 0.92543 -0.285234 -0.621506 -0.935456 0.30643 0.176132 -0.246771 0.250402 0.222889 0.942135 0.380162 
1535118039896 0.249428 0.925433 -0.285236 -0.62151 -0.935462 0.306417 0.176126 -0.246761 0.250394 0.222896 0.942136 0.380158 
1535118040090 0.249058 0.925725 -0.284612 -0.6212 -0.93547 0.306025 0.176762 -0.246607 0.250731 0.222222 0.942206 0.380258 
1535118040135 0.249178 0.925651 -0.284745 -0.621046 -0.935329 0.306261 0.177099 -0.246513 0.251138 0.222201 0.942102 0.380316 
1535118040253 0.24956 0.925549 -0.284743 -0.620804 -0.935146 0.306697 0.177311 -0.246582 0.251439 0.222027 0.942063 0.380361 
1535118040322 0.249483 0.925613 -0.284603 -0.620626 -0.935091 0.306664 0.177659 -0.246408 0.251721 0.221807 0.942039 0.380453 
1535118040426 0.249509 0.925596 -0.284634 -0.620471 -0.935003 0.306765 0.177944 -0.246362 0.25202 0.221735 0.941976 0.38047 
1535118040476 0.249327 0.925686 -0.284501 -0.620325 -0.934998 0.306613 0.178231 -0.246178 0.252218 0.22157 0.941962 0.380534 
1535118040904 0.249489 0.925576 -0.284718 -0.620104 -0.934814 0.306933 0.178649 -0.246099 0.252742 0.221587 0.941818 0.380517 
1535118040932 0.249494 0.925574 -0.284721 -0.620104 -0.934812 0.306939 0.178648 -0.246102 0.252744 0.221589 0.941817 0.380516 
1535118041126 0.249603 0.925638 -0.284416 -0.620056 -0.934967 0.306823 0.178036 -0.246131 0.252062 0.221482 0.942025 0.380652 
1535118041362 0.250011 0.925498 -0.284515 -0.619608 -0.934993 0.307112 0.177401 -0.245937 0.251562 0.221667 0.942115 0.380718 
1535118041513 0.250298 0.925417 -0.284525 -0.619381 -0.934971 0.307339 0.17712 -0.245868 0.251355 0.22169 0.942165 0.380837 
1535118041613 0.250185 0.925488 -0.284392 -0.61921 -0.935067 0.307148 0.176948 -0.245622 0.251113 0.221656 0.942237 0.380875 
1535118041826 0.250527 0.925436 -0.28426 -0.618734 -0.9351 0.307339 0.17644 -0.245452 0.250648 0.221609 0.942372 0.381026 
1535118041977 0.25107 0.925229 -0.284456 -0.618461 -0.935082 0.307781 0.175762 -0.245563 0.25017 0.221861 0.94244 0.381011 
1535118042151 0.251292 0.925182 -0.284413 -0.618254 -0.93505 0.30796 0.175619 -0.245434 0.250068 0.221809 0.942479 0.381119 
1535118042378 0.251051 0.925421 -0.283848 -0.617958 -0.935135 0.307605 0.175788 -0.245275 0.249991 0.221304 0.942618 0.381273 
1535118042535 0.251488 0.925244 -0.284038 -0.617706 -0.934989 0.308083 0.175728 -0.245265 0.250099 0.221379 0.942572 0.381156 
1535118042827 0.251536 0.925565 -0.282948 -0.616694 -0.934971 0.307926 0.176097 -0.244702 0.250116 0.220253 0.942831 0.381562 
1535118042929 0.251851 0.925443 -0.283065 -0.616477 -0.934877 0.308257 0.176017 -0.244639 0.250151 0.220301 0.942811 0.381541 
1535118043020 0.25189 0.92545 -0.283009 -0.616339 -0.934892 0.308261 0.175932 -0.244572 0.250057 0.220268 0.942843 0.381513 
1535118043036 0.251871 0.925475 -0.282944 -0.616301 -0.934896 0.308232 0.175963 -0.244536 0.250062 0.220203 0.942857 0.381538 
1535118043277 0.251842 0.925547 -0.282734 -0.616024 -0.934809 0.308248 0.176398 -0.244396 0.250417 0.219878 0.942839 0.381617 
1535118043537 0.251957 0.925801 -0.281799 -0.614934 -0.934552 0.308376 0.177531 -0.243918 0.251258 0.218625 0.942906 0.381978 
1535118043751 0.252135 0.925924 -0.281233 -0.614212 -0.934347 0.308573 0.178267 -0.243558 0.251843 0.217822 0.942936 0.382052 
1535118043978 0.252454 0.925932 -0.280921 -0.613434 -0.934082 0.308971 0.178961 -0.243389 0.252502 0.217224 0.942898 0.382119 
1535118044146 0.252773 0.925822 -0.280999 -0.613176 -0.933895 0.309378 0.179236 -0.243381 0.252875 0.217117 0.942823 0.382121 
1535118044169 0.252797 0.925809 -0.281019 -0.613175 -0.933889 0.309404 0.179222 -0.243393 0.252874 0.217134 0.942819 0.382115 
1535118044468 0.252697 0.925895 -0.280826 -0.612488 -0.933764 0.309402 0.179876 -0.243058 0.253435 0.216771 0.942752 0.382483 
1535118044792 0.252645 0.925803 -0.281177 -0.611743 -0.933539 0.309624 0.180658 -0.242694 0.254313 0.216847 0.942498 0.382664 
1535118045152 0.252638 0.925786 -0.281238 -0.610277 -0.933177 0.309939 0.181984 -0.241963 0.255645 0.216468 0.942225 0.383083 
1535118045182 0.252694 0.925725 -0.281387 -0.610161 -0.933094 0.310079 0.182171 -0.241959 0.255893 0.216527 0.942144 0.383087 
1535118045425 0.252623 0.925697 -0.281542 -0.609953 -0.933167 0.309997 0.181939 -0.241822 0.255697 0.216763 0.942143 0.383135 
1535118045720 0.252663 0.925836 -0.281051 -0.609082 -0.933265 0.309846 0.18169 -0.241342 0.255298 0.216389 0.942337 0.383538 
1535118046055 0.252738 0.925803 -0.281092 -0.607892 -0.933436 0.309763 0.180954 -0.240908 0.254599 0.216648 0.942466 0.383793 
1535118046089 0.252692 0.925802 -0.281137 -0.60776 -0.933475 0.309705 0.18085 -0.240849 0.2545 0.216735 0.942473 0.383809 
1535118046113 0.252812 0.925736 -0.281245 -0.607724 -0.933452 0.309833 0.180753 -0.240873 0.254469 0.216832 0.942459 0.383793 
1535118046272 0.25294 0.925726 -0.281162 -0.607655 -0.933463 0.309899 0.180578 -0.240853 0.254298 0.216779 0.942518 0.383817 
1535118046341 0.25294 0.926024 -0.280179 -0.607479 -0.933615 0.309579 0.180345 -0.24057 0.253742 0.215962 0.942855 0.383845 
1535118046569 0.253322 0.926286 -0.278966 -0.60696 -0.933845 0.309424 0.179416 -0.240242 0.25251 0.215061 0.943392 0.383952 
1535118046604 0.253516 0.926339 -0.278614 -0.606771 -0.93389 0.309458 0.179122 -0.240142 0.252147 0.214785 0.943551 0.383955 
1535118046749 0.253794 0.926407 -0.278133 -0.606565 -0.933971 0.309496 0.178633 -0.240107 0.251568 0.214432 0.943786 0.384021 
1535118047026 0.253965 0.926497 -0.277677 -0.606328 -0.934138 0.30939 0.177942 -0.239958 0.250773 0.214198 0.944051 0.383997 
1535118047046 0.25397 0.926496 -0.277676 -0.606327 -0.934137 0.309395 0.177941 -0.239959 0.250773 0.214196 0.944051 0.383998 
1535118047209 0.253968 0.92656 -0.277465 -0.60631 -0.934 0.309469 0.17853 -0.239885 0.251286 0.213812 0.944002 0.384014 
1535118047244 0.253958 0.926683 -0.277062 -0.606259 -0.933981 0.3094 0.178746 -0.239855 0.251364 0.213377 0.94408 0.384017 
1535118047260 0.25404 0.926773 -0.276685 -0.606203 -0.93392 0.309439 0.179 -0.239836 0.25151 0.212929 0.944142 0.384015 
1535118047416 0.25409 0.927011 -0.275843 -0.605978 -0.933811 0.309405 0.179629 -0.239732 0.251865 0.211943 0.944269 0.38394 
1535118047486 0.254507 0.927202 -0.274813 -0.605647 -0.933643 0.309649 0.180079 -0.239559 0.252065 0.210746 0.944484 0.383848 
1535118048010 0.254828 0.927421 -0.273775 -0.605329 -0.933523 0.309781 0.180475 -0.239402 0.252186 0.209585 0.94471 0.383703 
1535118048026 0.254836 0.927387 -0.273882 -0.605369 -0.93351 0.309818 0.180478 -0.239416 0.252227 0.209679 0.944678 0.383709 
1535118048265 0.255029 0.927557 -0.273127 -0.605587 -0.933709 0.309646 0.17974 -0.239485 0.251292 0.209182 0.945037 0.38369 
1535118048483 0.255768 0.927823 -0.271527 -0.605619 -0.933772 0.309823 0.179108 -0.239451 0.250306 0.207734 0.945618 0.383521 
1535118048792 0.256948 0.928453 -0.268238 -0.605537 -0.933946 0.309908 0.178051 -0.239346 0.248441 0.20477 0.946756 0.383148 
1535118049328 0.257318 0.928617 -0.267318 -0.605561 -0.933984 0.309971 0.177742 -0.239246 0.247915 0.203934 0.947074 0.38302 
1535118050754 0.246801 0.927295 -0.281448 -0.576314 -0.936172 0.303175 0.177954 -0.224207 0.250343 0.219565 0.942931 0.403302 
1535118050794 0.247077 0.927114 -0.281802 -0.576101 -0.936273 0.303353 0.177115 -0.224368 0.249691 0.220083 0.942984 0.403328 
