1535116134728 0.189935 0.90983 -0.368963 -0.519103 -0.947863 0.267878 0.17262 -0.19929 0.255892 0.31694 0.913273 0.453207 
1535116138974 0.189935 0.909828 -0.368967 -0.519103 -0.947862 0.26788 0.172623 -0.19929 0.255896 0.316943 0.913271 0.453207 
1535116139736 0.196544 0.911972 -0.360108 -0.530972 -0.947025 0.271709 0.171224 -0.204794 0.253996 0.307378 0.917063 0.445651 
1535116140849 0.207846 0.916511 -0.341773 -0.555504 -0.945765 0.277474 0.168928 -0.215181 0.249657 0.288126 0.924475 0.429582 
1535116141675 0.213535 0.918475 -0.332876 -0.567741 -0.945103 0.280487 0.167653 -0.22049 0.247353 0.278802 0.927947 0.421395 
1535116142499 0.219053 0.920442 -0.323732 -0.580018 -0.94442 0.283371 0.166646 -0.225705 0.245124 0.269235 0.931358 0.413276 
1535116143339 0.224785 0.922265 -0.314483 -0.592249 -0.94371 0.286426 0.165443 -0.23098 0.242658 0.259592 0.934735 0.405215 
1535116144193 0.230412 0.923948 -0.305337 -0.604479 -0.942928 0.289516 0.164523 -0.236239 0.24041 0.250003 0.937924 0.397122 
1535116145068 0.235909 0.925601 -0.295991 -0.616725 -0.942196 0.292438 0.163545 -0.241461 0.237936 0.240299 0.941086 0.389076 
1535116145903 0.24174 0.926941 -0.286955 -0.627212 -0.941317 0.295808 0.162541 -0.245896 0.235549 0.230823 0.944054 0.381376 
1535116145930 0.241233 0.92718 -0.286608 -0.627323 -0.941472 0.295239 0.16268 -0.245726 0.235452 0.230589 0.944135 0.381263 
1535116146174 0.241089 0.926762 -0.288077 -0.627945 -0.941332 0.295532 0.162953 -0.246241 0.236155 0.23189 0.943641 0.380781 
1535116146421 0.240423 0.926355 -0.289937 -0.62897 -0.941357 0.295368 0.16311 -0.246696 0.236736 0.233719 0.943044 0.380064 
1535116146594 0.239563 0.926327 -0.290735 -0.629517 -0.941409 0.294854 0.163736 -0.246685 0.237398 0.234476 0.942689 0.37958 
1535116146769 0.239215 0.926168 -0.291529 -0.629999 -0.941428 0.294731 0.163851 -0.246922 0.237676 0.235258 0.942424 0.379234 
1535116146953 0.238598 0.926054 -0.292397 -0.630562 -0.941488 0.294393 0.164115 -0.247039 0.238059 0.23613 0.94211 0.378829 
1535116147127 0.237906 0.926002 -0.293122 -0.631064 -0.941587 0.293938 0.16436 -0.247164 0.238358 0.236897 0.941841 0.37846 
1535116147302 0.237628 0.925757 -0.294121 -0.631553 -0.941526 0.293981 0.164634 -0.247413 0.238877 0.237801 0.941482 0.377994 
1535116147337 0.237554 0.925686 -0.294404 -0.631681 -0.941526 0.29398 0.164637 -0.247549 0.238951 0.238079 0.941393 0.377875 
1535116147562 0.237778 0.925798 -0.29387 -0.632082 -0.941471 0.294096 0.164743 -0.247764 0.238945 0.237498 0.941541 0.377688 
1535116147799 0.238183 0.925808 -0.293509 -0.632746 -0.941288 0.294497 0.165068 -0.24832 0.239259 0.23696 0.941597 0.377397 
1535116148036 0.238218 0.925981 -0.292935 -0.633444 -0.941286 0.294421 0.165217 -0.248731 0.239234 0.236378 0.94175 0.377051 
1535116148278 0.238238 0.926084 -0.292595 -0.634174 -0.941191 0.294469 0.165672 -0.249143 0.239586 0.235918 0.941775 0.376736 
1535116148514 0.238089 0.92633 -0.291935 -0.634935 -0.941154 0.294282 0.166214 -0.2494 0.239881 0.235182 0.941885 0.376444 
1535116148743 0.238292 0.92638 -0.291612 -0.635617 -0.94103 0.294489 0.166552 -0.249898 0.240167 0.234727 0.941925 0.376078 
1535116148981 0.238409 0.926511 -0.291099 -0.636286 -0.940996 0.294512 0.1667 -0.250393 0.240181 0.234181 0.942057 0.37572 
1535116149217 0.238561 0.9266 -0.29069 -0.636997 -0.940908 0.294631 0.166985 -0.25085 0.240374 0.233676 0.942133 0.375384 
1535116149448 0.238624 0.926699 -0.290322 -0.637724 -0.940805 0.29471 0.16743 -0.25127 0.240718 0.233183 0.942168 0.375018 
1535116149475 0.238629 0.926709 -0.290289 -0.637826 -0.940797 0.294714 0.167465 -0.251339 0.240743 0.233141 0.942172 0.374972 
1535116149591 0.238199 0.926918 -0.289972 -0.637929 -0.940886 0.294266 0.16775 -0.251163 0.24082 0.232873 0.942219 0.374998 
1535116149728 0.238741 0.927006 -0.289244 -0.638088 -0.940843 0.294561 0.167478 -0.251696 0.240453 0.232149 0.942491 0.374868 
1535116149885 0.238252 0.927467 -0.288167 -0.638396 -0.94109 0.293781 0.167456 -0.25174 0.239968 0.231295 0.942825 0.374805 
1535116150047 0.238121 0.927813 -0.287162 -0.638645 -0.941224 0.293378 0.167412 -0.251954 0.239574 0.230419 0.943139 0.374707 
1535116150212 0.237986 0.928077 -0.286418 -0.638938 -0.94133 0.293045 0.167396 -0.252154 0.23929 0.229776 0.943368 0.374583 
1535116150447 0.238132 0.928543 -0.284782 -0.639425 -0.941435 0.292754 0.167316 -0.2527 0.238731 0.228261 0.943877 0.374425 
1535116150621 0.237594 0.929018 -0.283679 -0.639734 -0.941684 0.291933 0.167348 -0.252747 0.238285 0.227376 0.944204 0.374379 
1535116150792 0.237504 0.929309 -0.282802 -0.639986 -0.941797 0.291603 0.167288 -0.253024 0.237928 0.22661 0.944478 0.374288 
1535116150817 0.237613 0.929341 -0.282604 -0.640047 -0.941786 0.291657 0.167257 -0.253136 0.237863 0.22641 0.944542 0.374262 
1535116150831 0.237656 0.929364 -0.282494 -0.640076 -0.941781 0.291673 0.167259 -0.253169 0.237841 0.226297 0.944575 0.374251 
1535116150996 0.237237 0.929513 -0.282356 -0.640179 -0.941915 0.291221 0.167293 -0.253222 0.237729 0.226267 0.94461 0.374247 
1535116151042 0.237452 0.929513 -0.282174 -0.640232 -0.941917 0.29134 0.167074 -0.253491 0.237506 0.226113 0.944703 0.374199 
1535116151146 0.236996 0.929727 -0.281852 -0.64042 -0.94211 0.290772 0.166976 -0.253438 0.237197 0.225963 0.944817 0.374164 
1535116151196 0.236868 0.9298 -0.281717 -0.640543 -0.942194 0.290576 0.166841 -0.253549 0.236989 0.225913 0.944881 0.374116 
1535116151293 0.236795 0.929937 -0.281328 -0.640595 -0.942248 0.290402 0.166838 -0.253733 0.236847 0.225575 0.944997 0.37408 
1535116151347 0.236706 0.929986 -0.28124 -0.640707 -0.942296 0.290277 0.166785 -0.253878 0.236745 0.225533 0.945033 0.374023 
1535116151425 0.236745 0.930032 -0.281054 -0.640825 -0.942315 0.290254 0.166719 -0.254001 0.236631 0.225372 0.9451 0.373974 
1535116151448 0.236697 0.9301 -0.280873 -0.640859 -0.942354 0.290149 0.16668 -0.254035 0.236524 0.225229 0.94516 0.37396 
1535116151465 0.23658 0.930167 -0.280747 -0.640885 -0.942406 0.289994 0.166658 -0.254052 0.236435 0.22515 0.945202 0.37395 
1535116151482 0.236466 0.930222 -0.280663 -0.640917 -0.94245 0.289855 0.166647 -0.25406 0.236371 0.225105 0.945228 0.373941 
1535116151498 0.236366 0.930264 -0.280607 -0.640948 -0.942486 0.289739 0.166646 -0.254059 0.236328 0.225079 0.945245 0.373933 
1535116151528 0.236326 0.930281 -0.280586 -0.640988 -0.942489 0.289704 0.166693 -0.254011 0.236358 0.225055 0.945243 0.373927 
1535116151608 0.237193 0.930151 -0.280283 -0.640917 -0.942163 0.290581 0.16701 -0.254044 0.23679 0.224458 0.945277 0.373931 
1535116151636 0.237705 0.930156 -0.279833 -0.64088 -0.941981 0.291039 0.167235 -0.25414 0.236997 0.223845 0.945371 0.373905 
1535116151740 0.238455 0.930058 -0.27952 -0.640956 -0.941697 0.291788 0.167531 -0.254333 0.237374 0.223274 0.945411 0.373785 
1535116151761 0.238518 0.930131 -0.279223 -0.64097 -0.941666 0.29181 0.16767 -0.254295 0.237435 0.222942 0.945474 0.373762 
1535116151788 0.238549 0.930215 -0.278917 -0.641001 -0.941615 0.291824 0.167929 -0.254212 0.237605 0.222574 0.945518 0.373739 
1535116151805 0.238571 0.930258 -0.278753 -0.641017 -0.941581 0.291842 0.168086 -0.254166 0.237716 0.222368 0.945539 0.373724 
1535116152001 0.239784 0.929988 -0.278613 -0.64065 -0.941163 0.293079 0.168278 -0.254222 0.238153 0.22187 0.945546 0.373838 
1535116152055 0.24003 0.929869 -0.2788 -0.640497 -0.941102 0.293346 0.168154 -0.254159 0.238146 0.222017 0.945513 0.373934 
1535116152157 0.240516 0.929771 -0.278707 -0.64038 -0.940936 0.293833 0.168232 -0.254064 0.23831 0.221783 0.945527 0.374034 
1535116152233 0.241043 0.929711 -0.278453 -0.640119 -0.940708 0.294377 0.168556 -0.254031 0.238678 0.221314 0.945544 0.374134 
1535116152327 0.241756 0.929561 -0.278335 -0.639968 -0.940493 0.295067 0.168546 -0.25407 0.238801 0.221025 0.94558 0.374197 
1535116152385 0.242175 0.929517 -0.278117 -0.639817 -0.94036 0.295451 0.168616 -0.253963 0.238901 0.220695 0.945632 0.374276 
1535116152487 0.242871 0.9294 -0.277902 -0.639632 -0.940102 0.296149 0.168828 -0.253965 0.239209 0.220253 0.945657 0.374355 
1535116152514 0.243133 0.929367 -0.277784 -0.639568 -0.940013 0.296398 0.168889 -0.253897 0.239295 0.220058 0.945681 0.374402 
1535116152543 0.243205 0.929382 -0.277668 -0.639508 -0.93998 0.296459 0.168964 -0.253803 0.239349 0.21991 0.945702 0.374449 
1535116152736 0.243076 0.929373 -0.277814 -0.639092 -0.939977 0.296396 0.169094 -0.253838 0.239495 0.220036 0.945635 0.374617 
1535116152898 0.242932 0.92932 -0.278117 -0.638788 -0.939985 0.296341 0.169148 -0.253671 0.23961 0.220334 0.945537 0.374786 
1535116153060 0.242992 0.929236 -0.278343 -0.638433 -0.939895 0.296507 0.169355 -0.253618 0.239902 0.220461 0.945433 0.374958 
1535116153223 0.243021 0.929217 -0.278384 -0.638063 -0.939831 0.296595 0.169558 -0.253511 0.240124 0.220427 0.945385 0.375159 
1535116153384 0.243019 0.929158 -0.278582 -0.637749 -0.939725 0.296727 0.169914 -0.253336 0.24054 0.220498 0.945263 0.37536 
1535116153552 0.243048 0.929145 -0.2786 -0.637388 -0.939661 0.29681 0.170122 -0.253225 0.240759 0.220442 0.94522 0.375542 
1535116153786 0.243005 0.929125 -0.278702 -0.636705 -0.93958 0.296871 0.17046 -0.252893 0.241117 0.220441 0.945129 0.37588 
1535116153810 0.242939 0.929098 -0.278849 -0.636617 -0.939571 0.296859 0.170531 -0.252853 0.241219 0.220569 0.945073 0.375919 
1535116153963 0.243201 0.929018 -0.278889 -0.636421 -0.93949 0.297129 0.170508 -0.25292 0.241271 0.220546 0.945065 0.375994 
1535116154151 0.243309 0.929045 -0.278703 -0.635974 -0.939435 0.297222 0.170647 -0.25263 0.241376 0.220304 0.945095 0.376169 
1535116154340 0.243215 0.929022 -0.278861 -0.63555 -0.939385 0.29723 0.170911 -0.252309 0.241666 0.22039 0.945 0.376293 
1535116154521 0.243483 0.928955 -0.278852 -0.635082 -0.939249 0.297544 0.171109 -0.252133 0.241923 0.220249 0.944967 0.376428 
1535116154779 0.243778 0.928813 -0.279066 -0.634133 -0.939072 0.297958 0.171363 -0.251796 0.242314 0.220289 0.944858 0.376683 
1535116154965 0.244007 0.92874 -0.279109 -0.633695 -0.938961 0.298231 0.171497 -0.251554 0.242515 0.220226 0.944821 0.376799 
1535116155153 0.243876 0.928745 -0.279207 -0.633251 -0.938943 0.298171 0.171699 -0.251293 0.242716 0.220287 0.944755 0.376934 
1535116155329 0.244271 0.928574 -0.279433 -0.632743 -0.938756 0.298666 0.171857 -0.251225 0.243039 0.220339 0.94466 0.37708 
1535116155356 0.244177 0.928609 -0.279399 -0.63264 -0.938776 0.298574 0.171908 -0.251168 0.243057 0.220317 0.944661 0.377122 
1535116155373 0.244159 0.928624 -0.279364 -0.632574 -0.938779 0.298553 0.171931 -0.251141 0.243064 0.220282 0.944667 0.377145 
1535116155567 0.243864 0.928673 -0.279458 -0.632266 -0.938829 0.298313 0.172076 -0.250838 0.243168 0.220399 0.944613 0.377283 
1535116155736 0.244355 0.928482 -0.279663 -0.63184 -0.938673 0.298845 0.172004 -0.250892 0.243279 0.220482 0.944565 0.377422 
1535116155904 0.243981 0.928523 -0.279853 -0.631529 -0.93876 0.298532 0.17207 -0.250633 0.243316 0.220733 0.944497 0.377519 
1535116156069 0.24416 0.928425 -0.280021 -0.631103 -0.938705 0.298743 0.172007 -0.250613 0.24335 0.22086 0.944458 0.377597 
1535116156300 0.243515 0.928558 -0.280145 -0.630463 -0.938836 0.298181 0.172262 -0.250056 0.243489 0.221062 0.944375 0.377815 
1535116156463 0.243867 0.928389 -0.280397 -0.630042 -0.938728 0.298579 0.17216 -0.250077 0.243553 0.221232 0.944319 0.377955 
1535116156624 0.243753 0.928373 -0.280551 -0.629723 -0.938731 0.298524 0.172245 -0.249882 0.243659 0.221377 0.944258 0.378093 
1535116156650 0.24354 0.928421 -0.280574 -0.629654 -0.938777 0.298334 0.172324 -0.249756 0.243694 0.221429 0.944236 0.378134 
1535116156667 0.24348 0.928429 -0.280603 -0.629609 -0.938784 0.298289 0.172362 -0.249704 0.243727 0.221459 0.944221 0.378156 
1535116156859 0.243757 0.928308 -0.280761 -0.629337 -0.938672 0.29862 0.172399 -0.249651 0.24388 0.221519 0.944167 0.378253 
1535116157014 0.243977 0.928152 -0.281087 -0.628947 -0.938556 0.298943 0.17247 -0.249737 0.244107 0.221737 0.944057 0.378357 
1535116157232 0.24369 0.928085 -0.281557 -0.628378 -0.938488 0.298886 0.172938 -0.249329 0.244654 0.222094 0.943832 0.378558 
1535116157444 0.243581 0.928035 -0.281815 -0.627746 -0.938402 0.298935 0.173321 -0.249076 0.245093 0.222238 0.943684 0.378819 
1535116157656 0.243701 0.927856 -0.282301 -0.627103 -0.938239 0.299259 0.173641 -0.248913 0.245595 0.222549 0.94348 0.379032 
1535116157683 0.243556 0.927893 -0.282303 -0.627019 -0.938268 0.299129 0.173712 -0.248818 0.245631 0.222568 0.943466 0.379067 
1535116157700 0.24351 0.927892 -0.282347 -0.626951 -0.93827 0.299102 0.173746 -0.248789 0.245668 0.222609 0.943447 0.379088 
1535116157877 0.243926 0.927774 -0.282374 -0.626786 -0.938184 0.299484 0.17355 -0.24879 0.245581 0.222585 0.943475 0.379159 
1535116158000 0.24399 0.927768 -0.28234 -0.626509 -0.938324 0.299397 0.172945 -0.248717 0.244984 0.222729 0.943596 0.37911 
1535116158126 0.243885 0.927825 -0.282242 -0.626277 -0.938411 0.299225 0.172771 -0.248493 0.244755 0.222723 0.943657 0.379227 
1535116158242 0.244007 0.927821 -0.282148 -0.626041 -0.938416 0.299289 0.172628 -0.248303 0.244612 0.22265 0.943712 0.379317 
1535116158367 0.244135 0.927754 -0.282258 -0.625759 -0.938437 0.299383 0.172355 -0.248249 0.244406 0.222804 0.943729 0.379351 
1535116158488 0.244269 0.927771 -0.282089 -0.625453 -0.938469 0.299418 0.172117 -0.248194 0.244147 0.222689 0.943823 0.379426 
1535116158604 0.244368 0.92775 -0.282072 -0.62522 -0.938487 0.299469 0.17193 -0.247996 0.24398 0.222707 0.943862 0.379492 
1535116158731 0.244345 0.927773 -0.282016 -0.624986 -0.93856 0.299376 0.171695 -0.247814 0.243722 0.222736 0.943922 0.379578 
1535116158753 0.24437 0.927774 -0.281991 -0.624925 -0.938564 0.299386 0.171654 -0.247792 0.243681 0.22272 0.943936 0.3796 
1535116158771 0.24439 0.927772 -0.281981 -0.624879 -0.938568 0.299395 0.171621 -0.247785 0.243648 0.222716 0.943945 0.379613 
1535116158796 0.244449 0.927756 -0.281982 -0.624808 -0.938565 0.299439 0.171555 -0.247789 0.243598 0.222722 0.943957 0.379629 
1535116158948 0.244549 0.927691 -0.282107 -0.624617 -0.938447 0.299642 0.171846 -0.247661 0.243952 0.222718 0.943867 0.379638 
1535116158994 0.2446 0.92772 -0.281968 -0.624392 -0.938349 0.299742 0.172208 -0.247594 0.244278 0.222462 0.943843 0.379738 
1535116159115 0.24462 0.92764 -0.282216 -0.624202 -0.938217 0.299923 0.172612 -0.247501 0.244765 0.222555 0.943695 0.379754 
1535116159162 0.244381 0.927696 -0.282236 -0.624063 -0.938229 0.299744 0.172856 -0.247298 0.244957 0.22256 0.943644 0.379808 
1535116159282 0.24496 0.927536 -0.282261 -0.623767 -0.937998 0.300374 0.173015 -0.247419 0.245262 0.222378 0.943607 0.379845 
1535116159332 0.244991 0.927496 -0.282364 -0.623588 -0.937917 0.30049 0.173257 -0.247309 0.245543 0.222388 0.943532 0.379885 
1535116159447 0.245083 0.927407 -0.282577 -0.623385 -0.937783 0.300717 0.173589 -0.247259 0.245964 0.222452 0.943407 0.379908 
1535116159474 0.244968 0.927453 -0.282528 -0.623318 -0.937793 0.300615 0.173708 -0.24715 0.246038 0.222401 0.9434 0.379932 
1535116159491 0.24492 0.927464 -0.282532 -0.62327 -0.937788 0.300587 0.173787 -0.247097 0.246107 0.222391 0.943384 0.379941 
1535116159508 0.244866 0.927474 -0.282548 -0.623225 -0.937785 0.300553 0.173858 -0.247055 0.24617 0.222397 0.943366 0.379947 
1535116159698 0.245269 0.927386 -0.282485 -0.622888 -0.937719 0.300891 0.173631 -0.247007 0.24602 0.222305 0.943427 0.380044 
1535116159739 0.245176 0.927443 -0.28238 -0.622731 -0.93778 0.300749 0.173546 -0.246869 0.24588 0.222261 0.943474 0.380068 
1535116159858 0.245492 0.927313 -0.282532 -0.622489 -0.937713 0.301065 0.173361 -0.246978 0.24582 0.222375 0.943463 0.380071 
1535116159909 0.245279 0.927383 -0.282487 -0.622363 -0.937766 0.300856 0.173438 -0.246776 0.245831 0.222366 0.943462 0.380104 
1535116160023 0.245619 0.927315 -0.282415 -0.622143 -0.937671 0.301172 0.173401 -0.246723 0.245853 0.222221 0.94349 0.38014 
1535116160071 0.245658 0.927344 -0.282286 -0.621954 -0.937669 0.301178 0.173406 -0.246677 0.245825 0.222092 0.943528 0.380192 
1535116160092 0.245679 0.927338 -0.282286 -0.621898 -0.937666 0.301195 0.173388 -0.246693 0.245813 0.222092 0.943531 0.380201 
1535116160109 0.245733 0.92731 -0.282332 -0.621884 -0.93765 0.301257 0.173367 -0.246712 0.245819 0.222127 0.943521 0.380196 
1535116160200 0.245608 0.927358 -0.282283 -0.621765 -0.937696 0.301117 0.173365 -0.24657 0.245772 0.222115 0.943537 0.380202 
1535116160284 0.245638 0.927421 -0.282051 -0.62154 -0.937701 0.30109 0.173383 -0.246447 0.245721 0.22189 0.943603 0.380251 
1535116160371 0.245814 0.927446 -0.281814 -0.621302 -0.937649 0.30122 0.17344 -0.246353 0.245744 0.221608 0.943663 0.380328 
1535116160458 0.246041 0.927403 -0.281757 -0.621082 -0.93755 0.301461 0.173555 -0.246259 0.245895 0.221459 0.943659 0.380395 
1535116160548 0.246196 0.927383 -0.281689 -0.620816 -0.937486 0.301617 0.173628 -0.246255 0.245982 0.221333 0.943666 0.380457 
1535116160647 0.246523 0.927338 -0.281549 -0.620567 -0.93738 0.301921 0.173672 -0.24621 0.246058 0.221104 0.943699 0.38051 
1535116160719 0.246503 0.927415 -0.281316 -0.620367 -0.937382 0.301861 0.173766 -0.246029 0.246071 0.220867 0.943751 0.380579 
1535116160830 0.246682 0.927406 -0.281187 -0.620112 -0.937331 0.302012 0.173781 -0.245992 0.246087 0.220697 0.943787 0.380632 
1535116160857 0.246583 0.927446 -0.28114 -0.620032 -0.937351 0.301914 0.173842 -0.245886 0.246109 0.220661 0.94379 0.380661 
1535116160874 0.24656 0.92746 -0.281116 -0.619989 -0.937356 0.301888 0.173859 -0.245839 0.246113 0.220639 0.943794 0.38067 
1535116161052 0.246967 0.927355 -0.281104 -0.61969 -0.937222 0.302299 0.173871 -0.245706 0.246218 0.220516 0.943795 0.380713 
1535116161203 0.247373 0.927143 -0.281448 -0.619343 -0.93716 0.30271 0.173486 -0.245779 0.246043 0.220846 0.943764 0.380774 
1535116161355 0.247432 0.9272 -0.281209 -0.619059 -0.937144 0.302723 0.173554 -0.245483 0.246047 0.22059 0.943822 0.380932 
1535116161561 0.247659 0.927174 -0.281093 -0.618427 -0.937049 0.302948 0.17367 -0.245119 0.246179 0.220387 0.943836 0.381216 
1535116161709 0.248198 0.927 -0.281191 -0.618072 -0.936926 0.303463 0.173433 -0.245114 0.246103 0.220409 0.94385 0.381265 
1535116161844 0.248356 0.926968 -0.281158 -0.617772 -0.936887 0.303606 0.173394 -0.244928 0.246092 0.22035 0.943867 0.381362 
1535116162004 0.24871 0.926845 -0.281251 -0.617417 -0.93679 0.303965 0.173294 -0.244887 0.246107 0.220373 0.943858 0.38146 
1535116162027 0.248677 0.926879 -0.281169 -0.617336 -0.936797 0.303919 0.173335 -0.244773 0.246113 0.220293 0.943875 0.381499 
1535116162231 0.248623 0.926872 -0.281238 -0.617026 -0.936788 0.303902 0.173414 -0.244681 0.246201 0.220345 0.943839 0.381571 
1535116162369 0.249002 0.926741 -0.281334 -0.616681 -0.936553 0.304401 0.173807 -0.244733 0.246713 0.220206 0.943738 0.381557 
1535116162489 0.248777 0.926844 -0.281194 -0.616405 -0.936575 0.304194 0.174051 -0.244493 0.246856 0.220059 0.943735 0.381623 
1535116162619 0.24873 0.926884 -0.281105 -0.616097 -0.936547 0.304168 0.174244 -0.244352 0.247007 0.219928 0.943726 0.381688 
1535116162759 0.249059 0.926756 -0.281236 -0.615737 -0.936379 0.304579 0.174431 -0.244381 0.247314 0.2199 0.943652 0.381734 
1535116162882 0.248808 0.926813 -0.28127 -0.61547 -0.936382 0.304402 0.174723 -0.244166 0.247554 0.219904 0.943589 0.381786 
1535116163005 0.248641 0.926868 -0.281237 -0.615196 -0.936359 0.304296 0.175031 -0.24393 0.24781 0.219819 0.943541 0.381842 
1535116163137 0.24894 0.926757 -0.281337 -0.614812 -0.936211 0.304661 0.175187 -0.244001 0.248068 0.21978 0.943482 0.381887 
1535116163158 0.248905 0.926778 -0.281298 -0.614763 -0.936216 0.304625 0.175226 -0.243959 0.248086 0.219741 0.943487 0.381899 
1535116163174 0.24888 0.926793 -0.28127 -0.61471 -0.936215 0.304602 0.175268 -0.243919 0.248113 0.219709 0.943487 0.381911 
1535116163340 0.249057 0.926812 -0.281052 -0.614434 -0.936146 0.304748 0.175381 -0.24369 0.248196 0.219426 0.943531 0.381972 
1535116163485 0.249268 0.926852 -0.280733 -0.614098 -0.936169 0.30482 0.175133 -0.243576 0.247895 0.219158 0.943672 0.382023 
1535116163633 0.249568 0.926827 -0.28055 -0.613745 -0.93613 0.305035 0.174966 -0.243513 0.247741 0.218965 0.943758 0.382085 
1535116163763 0.24935 0.926987 -0.280214 -0.613499 -0.936195 0.304758 0.175105 -0.243149 0.247717 0.218672 0.943832 0.382202 
1535116163905 0.249943 0.926907 -0.27995 -0.613118 -0.936074 0.305241 0.174907 -0.243111 0.247575 0.218337 0.943947 0.382298 
1535116164041 0.2497 0.927031 -0.279755 -0.612856 -0.936164 0.304951 0.174937 -0.242834 0.247483 0.218215 0.943999 0.382358 
1535116164165 0.249834 0.927069 -0.279512 -0.612527 -0.936163 0.305002 0.174851 -0.242674 0.24735 0.217985 0.944087 0.382393 
1535116164295 0.249987 0.927093 -0.279293 -0.612235 -0.936129 0.305101 0.174859 -0.242439 0.247323 0.217742 0.94415 0.38246 
1535116164323 0.249973 0.92711 -0.279249 -0.612175 -0.936136 0.305077 0.174866 -0.242408 0.247312 0.217704 0.944162 0.382481 
1535116164335 0.249949 0.927128 -0.279212 -0.612128 -0.936145 0.305045 0.174873 -0.242377 0.247302 0.217673 0.944172 0.382497 
1535116164484 0.250188 0.927081 -0.279154 -0.611878 -0.936069 0.305273 0.174882 -0.242358 0.247348 0.217554 0.944187 0.382577 
1535116164606 0.250074 0.927153 -0.279017 -0.611567 -0.936093 0.305143 0.174979 -0.242296 0.247372 0.217428 0.94421 0.38268 
1535116164723 0.25012 0.927191 -0.278848 -0.611265 -0.936063 0.305171 0.175092 -0.242188 0.247441 0.217225 0.944239 0.382777 
1535116164922 0.249888 0.927325 -0.278612 -0.610697 -0.936083 0.304942 0.175383 -0.241872 0.247597 0.216978 0.944254 0.38296 
1535116165059 0.250236 0.927233 -0.278605 -0.610356 -0.935967 0.305293 0.175391 -0.241948 0.247685 0.216876 0.944255 0.383017 
1535116165168 0.250028 0.927366 -0.278349 -0.610101 -0.936021 0.305048 0.175532 -0.241708 0.247692 0.216653 0.944304 0.383111 
1535116165289 0.250131 0.927387 -0.278188 -0.609766 -0.935988 0.305119 0.17558 -0.241685 0.247711 0.216463 0.944343 0.383206 
1535116165309 0.250063 0.927422 -0.278132 -0.609708 -0.936008 0.305043 0.175608 -0.241641 0.247705 0.21642 0.944354 0.383229 
1535116165326 0.249983 0.927452 -0.278103 -0.609663 -0.936028 0.304962 0.17564 -0.241595 0.247709 0.216405 0.944357 0.383246 
1535116165342 0.2499 0.927488 -0.278056 -0.609606 -0.93605 0.304874 0.175676 -0.24154 0.247709 0.216373 0.944364 0.383269 
1535116165489 0.250259 0.927422 -0.277956 -0.609429 -0.935973 0.305181 0.175552 -0.241555 0.247637 0.216226 0.944416 0.383249 
1535116165542 0.250094 0.927627 -0.277418 -0.609247 -0.936068 0.304877 0.175575 -0.241325 0.247446 0.215772 0.94457 0.383292 
1535116165645 0.250242 0.9277 -0.277042 -0.608989 -0.936025 0.304951 0.175679 -0.241303 0.247461 0.215356 0.944661 0.383298 
1535116165696 0.250354 0.92773 -0.27684 -0.60878 -0.936012 0.305005 0.175652 -0.241206 0.247394 0.21515 0.944726 0.383299 
1535116165799 0.250301 0.927794 -0.276674 -0.608596 -0.936074 0.304881 0.175535 -0.241062 0.247213 0.215051 0.944796 0.383219 
1535116165846 0.249972 0.927971 -0.276377 -0.608447 -0.936181 0.304493 0.175636 -0.240824 0.24714 0.214835 0.944864 0.383268 
1535116165955 0.250432 0.927926 -0.27611 -0.608174 -0.936075 0.304868 0.175555 -0.240882 0.247079 0.214495 0.944957 0.383294 
1535116165979 0.250426 0.927983 -0.275926 -0.608078 -0.93609 0.304815 0.175562 -0.24081 0.247025 0.214326 0.945009 0.38332 
1535116165995 0.250398 0.928024 -0.275811 -0.608023 -0.936106 0.30476 0.175575 -0.240749 0.246994 0.214225 0.94504 0.383336 
1535116166012 0.250346 0.928073 -0.275695 -0.607971 -0.936128 0.304682 0.175594 -0.24068 0.246963 0.214126 0.945071 0.383352 
1535116166194 0.250918 0.928008 -0.275392 -0.607803 -0.936073 0.305086 0.175188 -0.240658 0.246594 0.213829 0.945235 0.383315 
1535116166224 0.250761 0.928113 -0.275182 -0.607704 -0.936173 0.304846 0.175068 -0.240502 0.246371 0.213718 0.945318 0.383359 
1535116166311 0.25093 0.928137 -0.274947 -0.60755 -0.936231 0.304873 0.174709 -0.240458 0.245978 0.213574 0.945453 0.383416 
1535116166368 0.251205 0.928133 -0.274709 -0.607395 -0.936196 0.305058 0.174575 -0.240378 0.245831 0.213328 0.945547 0.383459 
1535116166427 0.250978 0.928261 -0.274484 -0.607293 -0.936323 0.304742 0.174447 -0.240177 0.245579 0.213223 0.945636 0.383454 
1535116166479 0.250872 0.928346 -0.274294 -0.60719 -0.936411 0.304552 0.174304 -0.240011 0.245351 0.213124 0.945717 0.383449 
1535116166493 0.25088 0.928355 -0.274254 -0.607164 -0.936422 0.304542 0.174267 -0.239978 0.245303 0.213097 0.945736 0.383447 
1535116166510 0.250897 0.928369 -0.274194 -0.607123 -0.936434 0.304532 0.174218 -0.239934 0.245239 0.213054 0.945762 0.383446 
1535116166526 0.250923 0.928376 -0.274146 -0.607091 -0.936439 0.304538 0.174183 -0.239906 0.245195 0.213014 0.945782 0.383449 
1535116166608 0.251141 0.928383 -0.27392 -0.60697 -0.93644 0.304652 0.173975 -0.239852 0.244966 0.212818 0.945886 0.38345 
1535116166641 0.251402 0.928399 -0.273627 -0.606985 -0.936446 0.304781 0.173716 -0.239924 0.244674 0.212564 0.946018 0.383424 
1535116166674 0.251592 0.928448 -0.273288 -0.607037 -0.936487 0.304819 0.173428 -0.239949 0.244322 0.212298 0.946169 0.383426 
1535116166707 0.25164 0.928558 -0.27287 -0.60711 -0.936587 0.304689 0.173118 -0.239877 0.243891 0.212003 0.946347 0.383433 
1535116166755 0.251709 0.928678 -0.272395 -0.607102 -0.936722 0.304533 0.172661 -0.239781 0.243299 0.211698 0.946567 0.383413 
1535116166795 0.252037 0.928697 -0.272028 -0.60706 -0.936781 0.304651 0.172132 -0.239793 0.242733 0.211447 0.946769 0.38334 
1535116166823 0.252262 0.928733 -0.271698 -0.607026 -0.936832 0.304708 0.171752 -0.239795 0.2423 0.211209 0.946933 0.38329 
1535116166857 0.252436 0.928786 -0.271353 -0.606993 -0.936896 0.304715 0.171393 -0.239786 0.241873 0.210964 0.947097 0.383254 
1535116167853 0.240983 0.926743 -0.288226 -0.592597 -0.93913 0.297596 0.171674 -0.232901 0.244873 0.229311 0.942048 0.394755 
1535116168807 0.230408 0.923956 -0.305315 -0.577991 -0.941209 0.291264 0.171144 -0.22624 0.247057 0.247932 0.936746 0.406511 
1535116169742 0.219691 0.920864 -0.322095 -0.563369 -0.943264 0.284765 0.170769 -0.219525 0.248977 0.266304 0.931178 0.418315 
1535116171026 0.198076 0.91344 -0.355517 -0.53416 -0.947154 0.271735 0.170468 -0.206138 0.252319 0.302964 0.918993 0.441907 
1535116171920 0.18732 0.909143 -0.371982 -0.519522 -0.948959 0.265308 0.170556 -0.199492 0.253749 0.321047 0.912436 0.45377 
1535116172797 0.176511 0.904456 -0.388333 -0.504876 -0.950773 0.25876 0.17051 -0.192845 0.254704 0.33912 0.905607 0.465566 
1535116173653 0.16564 0.899368 -0.4046 -0.490268 -0.952448 0.252283 0.170866 -0.186134 0.255745 0.357058 0.89839 0.477397 
1535116173665 0.165871 0.899351 -0.404543 -0.490146 -0.952387 0.252512 0.170869 -0.186185 0.255823 0.356939 0.898415 0.477568 
