1535116525947 0.165585 0.899415 -0.404518 -0.44308 -0.952503 0.252154 0.17075 -0.205602 0.255576 0.357031 0.898449 0.430229 
1535116530110 0.165584 0.899415 -0.404519 -0.443081 -0.952503 0.252154 0.17075 -0.205601 0.255576 0.357032 0.898448 0.430228 
1535116531010 0.174282 0.902971 -0.392771 -0.462608 -0.951363 0.257312 0.169411 -0.210382 0.254038 0.344142 0.903898 0.424529 
1535116531908 0.182581 0.906655 -0.380318 -0.482469 -0.95013 0.262174 0.168874 -0.214982 0.25282 0.330518 0.909307 0.418811 
1535116532829 0.190784 0.910099 -0.36786 -0.502317 -0.948932 0.266907 0.168191 -0.219626 0.251255 0.316986 0.914544 0.413013 
1535116533781 0.19896 0.913475 -0.354933 -0.522169 -0.94773 0.27153 0.167567 -0.224253 0.249443 0.303042 0.919752 0.407322 
1535116534728 0.207284 0.916352 -0.342537 -0.541956 -0.946382 0.276515 0.167035 -0.228955 0.24778 0.289547 0.924536 0.401566 
1535116535696 0.215393 0.919134 -0.329847 -0.561814 -0.945068 0.281247 0.166572 -0.233561 0.245871 0.275849 0.929223 0.395737 
1535116536689 0.223653 0.921739 -0.316822 -0.581614 -0.943632 0.286149 0.166366 -0.238221 0.244004 0.261755 0.933781 0.390093 
1535116537706 0.231711 0.924089 -0.303925 -0.601463 -0.942232 0.290885 0.166087 -0.242817 0.241886 0.247884 0.938107 0.384292 
1535116538705 0.240028 0.925945 -0.291568 -0.619132 -0.94076 0.295967 0.165452 -0.246447 0.239494 0.234582 0.942133 0.378951 
1535116538736 0.239701 0.926221 -0.29096 -0.619247 -0.940831 0.295558 0.165778 -0.246339 0.239543 0.234007 0.942263 0.379083 
1535116539113 0.240923 0.926052 -0.29049 -0.621139 -0.94051 0.296648 0.165655 -0.247007 0.239578 0.233299 0.94243 0.378418 
1535116539482 0.241841 0.926224 -0.289174 -0.623331 -0.940373 0.297191 0.165455 -0.247645 0.239189 0.231918 0.94287 0.377703 
1535116539841 0.242659 0.926491 -0.287631 -0.625552 -0.940239 0.297622 0.165444 -0.248233 0.238887 0.230295 0.943343 0.377194 
1535116540213 0.243299 0.92671 -0.286382 -0.627784 -0.940119 0.297966 0.165506 -0.248829 0.238708 0.228966 0.943712 0.376484 
1535116540582 0.24404 0.927034 -0.284699 -0.629996 -0.939983 0.298319 0.165644 -0.24937 0.238488 0.227188 0.944197 0.376029 
1535116540969 0.24479 0.927214 -0.283466 -0.63226 -0.93982 0.298784 0.165728 -0.249877 0.23836 0.225838 0.944554 0.375324 
1535116541353 0.245524 0.927568 -0.281665 -0.634473 -0.939663 0.299131 0.165992 -0.250374 0.238224 0.223915 0.945046 0.374873 
1535116541895 0.246975 0.927957 -0.279103 -0.638943 -0.939406 0.299945 0.165982 -0.251561 0.23774 0.221197 0.945807 0.373555 
1535116541929 0.2467 0.928186 -0.278586 -0.639063 -0.939496 0.299572 0.166144 -0.251428 0.237669 0.220743 0.945931 0.373595 
1535116541946 0.246571 0.928267 -0.278428 -0.639123 -0.939514 0.299436 0.166289 -0.251356 0.237732 0.220585 0.945952 0.373636 
1535116542084 0.246441 0.928103 -0.279089 -0.639177 -0.939408 0.299559 0.166661 -0.251569 0.238282 0.221106 0.945692 0.373506 
1535116542182 0.246199 0.927807 -0.280285 -0.639371 -0.939145 0.299846 0.167626 -0.251894 0.239567 0.221959 0.945168 0.373406 
1535116542281 0.24582 0.927779 -0.28071 -0.639559 -0.939057 0.299734 0.168316 -0.252088 0.240299 0.222227 0.944919 0.373387 
1535116542377 0.245356 0.927778 -0.28112 -0.63975 -0.938997 0.299533 0.169008 -0.252211 0.241007 0.222504 0.944673 0.373351 
1535116542483 0.245018 0.927711 -0.281636 -0.639974 -0.938864 0.299509 0.169791 -0.252404 0.24187 0.222815 0.944379 0.373308 
1535116542582 0.24446 0.927655 -0.282303 -0.640208 -0.93879 0.299301 0.170567 -0.252476 0.242721 0.223327 0.94404 0.373118 
1535116542684 0.244218 0.927605 -0.282678 -0.640391 -0.938654 0.299322 0.171276 -0.25272 0.243488 0.223508 0.9438 0.373187 
1535116542784 0.243525 0.927637 -0.28317 -0.640613 -0.938597 0.298969 0.172202 -0.252746 0.2444 0.223847 0.943484 0.37314 
1535116542811 0.243463 0.9276 -0.283346 -0.640673 -0.938562 0.298988 0.172356 -0.252778 0.244595 0.223976 0.943403 0.373082 
1535116542979 0.242938 0.927789 -0.283175 -0.640788 -0.93858 0.298564 0.172993 -0.252837 0.245047 0.223756 0.943337 0.373176 
1535116543101 0.242585 0.928132 -0.282353 -0.640769 -0.938778 0.297977 0.172934 -0.25308 0.24464 0.223115 0.943595 0.373282 
1535116543194 0.241913 0.928422 -0.281975 -0.640845 -0.938998 0.297222 0.173036 -0.253134 0.24446 0.222915 0.943689 0.373294 
1535116543305 0.241494 0.928667 -0.281527 -0.640956 -0.939097 0.296747 0.173314 -0.253284 0.244493 0.222527 0.943772 0.373364 
1535116543416 0.241016 0.928964 -0.280958 -0.641017 -0.939183 0.296218 0.173754 -0.253405 0.244636 0.221994 0.94386 0.37355 
1535116543529 0.240645 0.929143 -0.280684 -0.641092 -0.939301 0.295791 0.173842 -0.253637 0.244548 0.221812 0.943926 0.37355 
1535116543644 0.240213 0.929372 -0.280295 -0.641165 -0.939416 0.295303 0.174053 -0.253814 0.244532 0.221503 0.944002 0.373597 
1535116543758 0.239649 0.929646 -0.279869 -0.641238 -0.939558 0.294686 0.174329 -0.253919 0.244538 0.221176 0.944078 0.373648 
1535116543782 0.239434 0.929718 -0.279814 -0.641259 -0.939615 0.294468 0.174389 -0.253948 0.244529 0.221163 0.944083 0.37366 
1535116543804 0.23923 0.92978 -0.279782 -0.641285 -0.939667 0.294267 0.174448 -0.253985 0.244529 0.221169 0.944082 0.373668 
1535116543821 0.239189 0.929792 -0.279779 -0.641304 -0.93967 0.294235 0.174488 -0.25401 0.244558 0.221164 0.944075 0.373667 
1535116543837 0.239233 0.929779 -0.279784 -0.641323 -0.939647 0.294289 0.174523 -0.254036 0.244605 0.221146 0.944067 0.373664 
1535116544001 0.238779 0.929948 -0.279608 -0.641253 -0.93974 0.293842 0.174774 -0.254039 0.244691 0.221027 0.944073 0.3738 
1535116544035 0.238522 0.929986 -0.279703 -0.641261 -0.939818 0.293603 0.174755 -0.254177 0.244641 0.221187 0.944048 0.373805 
1535116544104 0.238324 0.930023 -0.279746 -0.641262 -0.939855 0.293435 0.17484 -0.254343 0.244693 0.221252 0.94402 0.373883 
1535116544164 0.23801 0.930101 -0.279755 -0.641263 -0.939919 0.29315 0.174973 -0.254466 0.244753 0.221302 0.943992 0.373974 
1535116544228 0.237706 0.930203 -0.279674 -0.641271 -0.939971 0.292868 0.175166 -0.254561 0.244848 0.221248 0.94398 0.374096 
1535116544285 0.237413 0.930295 -0.279619 -0.641288 -0.940049 0.292574 0.175239 -0.254662 0.244833 0.221251 0.943983 0.374132 
1535116544306 0.237333 0.930313 -0.279627 -0.641294 -0.940071 0.292497 0.175247 -0.254687 0.244824 0.221278 0.943979 0.37413 
1535116544323 0.237229 0.930336 -0.279638 -0.641301 -0.940099 0.292398 0.17526 -0.254716 0.244817 0.22131 0.943974 0.374129 
1535116544473 0.237483 0.930305 -0.279525 -0.641273 -0.940059 0.292597 0.175143 -0.254724 0.244724 0.221177 0.944029 0.374166 
1535116544508 0.237936 0.930213 -0.279448 -0.641239 -0.940006 0.29296 0.174825 -0.254693 0.244492 0.221085 0.944111 0.374161 
1535116544550 0.238082 0.93016 -0.279499 -0.641221 -0.94004 0.293045 0.174497 -0.254672 0.244216 0.221196 0.944156 0.374169 
1535116544628 0.238391 0.93007 -0.279536 -0.641192 -0.940054 0.293263 0.174054 -0.254641 0.24386 0.221286 0.944227 0.374165 
1535116544655 0.238775 0.929982 -0.279501 -0.641175 -0.939998 0.293586 0.173815 -0.254639 0.243702 0.221227 0.944282 0.374169 
1535116544716 0.239095 0.929919 -0.279435 -0.641143 -0.940041 0.293766 0.173275 -0.254651 0.24322 0.221251 0.9444 0.374193 
1535116544774 0.239477 0.929864 -0.279291 -0.641106 -0.940032 0.294023 0.172886 -0.254649 0.242878 0.22114 0.944514 0.374278 
1535116544812 0.239724 0.929839 -0.279162 -0.641071 -0.940021 0.294188 0.172669 -0.254605 0.24268 0.221025 0.944592 0.374334 
1535116544839 0.239848 0.929835 -0.279071 -0.64104 -0.940042 0.294242 0.17246 -0.254561 0.242474 0.220974 0.944657 0.374361 
1535116544855 0.2399 0.929832 -0.279034 -0.641024 -0.940063 0.294254 0.172329 -0.254537 0.242343 0.220968 0.944692 0.37436 
1535116545036 0.240784 0.929769 -0.278483 -0.640753 -0.939981 0.294864 0.171728 -0.254362 0.241782 0.220419 0.944964 0.37445 
1535116545125 0.241385 0.929746 -0.27804 -0.640515 -0.939854 0.295332 0.171621 -0.254284 0.241678 0.219891 0.945114 0.374598 
1535116545227 0.242078 0.929604 -0.277911 -0.640313 -0.939721 0.29593 0.171321 -0.254269 0.241503 0.219686 0.945206 0.374551 
1535116545324 0.242529 0.929585 -0.27758 -0.640111 -0.939736 0.29618 0.170805 -0.25414 0.240991 0.219427 0.945397 0.37457 
1535116545433 0.243078 0.929532 -0.277279 -0.639962 -0.939672 0.296579 0.170462 -0.254024 0.240685 0.219116 0.945547 0.374651 
1535116545533 0.243593 0.929498 -0.27694 -0.639818 -0.939613 0.296941 0.170157 -0.253873 0.240396 0.218767 0.945701 0.374733 
1535116545634 0.24419 0.929457 -0.276552 -0.6396 -0.939512 0.297392 0.169927 -0.25379 0.240184 0.218329 0.945856 0.374864 
1535116545669 0.244425 0.929431 -0.276432 -0.639519 -0.939484 0.297564 0.16978 -0.253761 0.240055 0.218205 0.945918 0.374874 
1535116545706 0.244787 0.929341 -0.276412 -0.63945 -0.939412 0.297887 0.169612 -0.253737 0.239967 0.218146 0.945953 0.374858 
1535116545954 0.244192 0.929397 -0.276753 -0.638747 -0.939431 0.297503 0.170178 -0.25353 0.240498 0.218435 0.945752 0.375273 
1535116546178 0.244284 0.92923 -0.277231 -0.638065 -0.939248 0.297824 0.170628 -0.253291 0.241118 0.218707 0.945531 0.375526 
1535116546335 0.244175 0.929122 -0.27769 -0.637789 -0.939215 0.29786 0.170746 -0.253141 0.241356 0.219118 0.945375 0.375624 
1535116546500 0.244539 0.928982 -0.277838 -0.637373 -0.939079 0.298272 0.170775 -0.253173 0.241519 0.219151 0.945326 0.375748 
1535116546660 0.244185 0.929027 -0.277999 -0.637102 -0.939122 0.298008 0.171 -0.252891 0.241709 0.21932 0.945238 0.3759 
1535116546823 0.244421 0.928894 -0.278234 -0.636697 -0.939027 0.298308 0.171001 -0.252943 0.241841 0.219473 0.945169 0.376064 
1535116546850 0.24436 0.92891 -0.278236 -0.63663 -0.939032 0.298259 0.171057 -0.252866 0.241882 0.219473 0.945159 0.376105 
1535116546905 0.244296 0.928924 -0.278245 -0.636524 -0.93904 0.298207 0.171101 -0.252753 0.241914 0.219484 0.945148 0.376139 
1535116547106 0.244334 0.928919 -0.278226 -0.636094 -0.939011 0.298258 0.171175 -0.252515 0.241991 0.219433 0.94514 0.376209 
1535116547357 0.244371 0.928932 -0.278152 -0.635238 -0.938915 0.298358 0.171528 -0.252076 0.242327 0.219245 0.945098 0.376554 
1535116547536 0.244718 0.928816 -0.278233 -0.634774 -0.938788 0.298738 0.171562 -0.251984 0.242469 0.219217 0.945068 0.376667 
1535116547707 0.244847 0.928806 -0.278154 -0.634333 -0.938715 0.298882 0.171709 -0.251805 0.24262 0.219065 0.945064 0.376815 
1535116547880 0.245146 0.928706 -0.278224 -0.63388 -0.938587 0.299226 0.17181 -0.251682 0.242813 0.219019 0.945025 0.376939 
1535116548052 0.24511 0.928731 -0.278172 -0.633468 -0.93856 0.299215 0.171978 -0.251434 0.242955 0.218927 0.94501 0.377086 
1535116548228 0.245398 0.928654 -0.278176 -0.63299 -0.938502 0.299475 0.171842 -0.251324 0.242888 0.218899 0.945034 0.377135 
1535116548245 0.245366 0.928683 -0.278108 -0.63293 -0.938507 0.299434 0.171881 -0.251272 0.242898 0.218833 0.945046 0.377167 
1535116548278 0.24537 0.928689 -0.278082 -0.632821 -0.938493 0.299445 0.171942 -0.251203 0.242951 0.218788 0.945043 0.377218 
1535116548470 0.245024 0.928707 -0.278329 -0.632423 -0.938329 0.299389 0.172932 -0.250928 0.243932 0.218791 0.94479 0.37737 
1535116548643 0.245365 0.928541 -0.278582 -0.631945 -0.938033 0.299948 0.173569 -0.250904 0.244726 0.218731 0.944598 0.377544 
1535116548820 0.245338 0.928504 -0.27873 -0.631529 -0.937905 0.30007 0.174047 -0.250748 0.245241 0.218722 0.944467 0.377727 
1535116548989 0.245519 0.928417 -0.278859 -0.631078 -0.937715 0.300394 0.174511 -0.250656 0.245787 0.218644 0.944343 0.377902 
1535116549167 0.245412 0.928436 -0.278889 -0.630673 -0.937621 0.300406 0.174993 -0.250388 0.24625 0.218546 0.944245 0.378062 
1535116549343 0.245595 0.928325 -0.279098 -0.630231 -0.937432 0.300745 0.175423 -0.250294 0.246787 0.218553 0.944103 0.378162 
1535116549524 0.24543 0.928295 -0.279342 -0.629834 -0.937351 0.300744 0.17586 -0.250045 0.247261 0.21868 0.94395 0.378216 
1535116549551 0.245414 0.928302 -0.279335 -0.629734 -0.937333 0.300747 0.175951 -0.249984 0.247345 0.218649 0.943935 0.378253 
1535116549569 0.24541 0.9283 -0.279342 -0.629682 -0.937319 0.300757 0.176004 -0.249945 0.247399 0.21864 0.943923 0.378272 
1535116549729 0.24558 0.928248 -0.279368 -0.629426 -0.937265 0.300934 0.175995 -0.249977 0.247438 0.218621 0.943917 0.378274 
1535116549865 0.245571 0.928241 -0.279398 -0.629139 -0.937224 0.300968 0.176152 -0.249858 0.247601 0.218601 0.943879 0.378345 
1535116549987 0.24561 0.928239 -0.279371 -0.628842 -0.937163 0.301045 0.176343 -0.249725 0.247792 0.218504 0.943851 0.378443 
1535116550107 0.245687 0.928217 -0.279376 -0.628518 -0.937086 0.30117 0.176541 -0.249656 0.248008 0.218426 0.943813 0.378509 
1535116550231 0.245686 0.928188 -0.279472 -0.628235 -0.936983 0.301278 0.176902 -0.249503 0.248397 0.218398 0.943717 0.378577 
1535116550352 0.245702 0.928196 -0.279433 -0.627912 -0.936938 0.301322 0.177067 -0.249433 0.248552 0.218306 0.943697 0.378617 
1535116550471 0.245829 0.928165 -0.279424 -0.627579 -0.936865 0.301476 0.177188 -0.249372 0.2487 0.218225 0.943677 0.378658 
1535116550597 0.245828 0.928121 -0.27957 -0.627334 -0.936782 0.301576 0.177458 -0.24917 0.249014 0.218272 0.943583 0.378709 
1535116550622 0.245784 0.928155 -0.279497 -0.627269 -0.936788 0.301525 0.177511 -0.249124 0.249033 0.2182 0.943595 0.378734 
1535116550637 0.245761 0.928176 -0.279449 -0.627212 -0.93679 0.301497 0.177549 -0.249101 0.24905 0.21815 0.943602 0.378752 
1535116550789 0.245859 0.928059 -0.279751 -0.626966 -0.9367 0.301705 0.177672 -0.249044 0.249292 0.218361 0.943489 0.378834 
1535116550937 0.245961 0.927893 -0.280211 -0.626696 -0.936737 0.301834 0.177256 -0.249047 0.249052 0.218886 0.943431 0.378892 
1535116551065 0.245857 0.927859 -0.280413 -0.626473 -0.936737 0.301797 0.177318 -0.248815 0.249154 0.219079 0.943359 0.378976 
1535116551192 0.245897 0.927785 -0.280623 -0.626155 -0.936737 0.301867 0.177199 -0.248807 0.249114 0.219297 0.943319 0.379048 
1535116551323 0.246026 0.927729 -0.280695 -0.625861 -0.936697 0.302009 0.177171 -0.24869 0.249139 0.219337 0.943303 0.379146 
1535116551453 0.245851 0.927678 -0.281016 -0.625634 -0.936717 0.301926 0.177205 -0.248533 0.249235 0.219667 0.943201 0.37923 
1535116551576 0.245807 0.927644 -0.281168 -0.625363 -0.936782 0.301867 0.176965 -0.248432 0.249036 0.219894 0.943201 0.379311 
1535116551705 0.246154 0.927479 -0.281409 -0.625059 -0.93666 0.30227 0.17692 -0.248419 0.249151 0.220034 0.943138 0.379435 
1535116551738 0.246039 0.927505 -0.281423 -0.624997 -0.936687 0.302166 0.176954 -0.248356 0.249162 0.220067 0.943127 0.379467 
1535116551755 0.245973 0.927517 -0.281441 -0.624963 -0.936703 0.302108 0.176972 -0.248321 0.24917 0.220097 0.943118 0.379485 
1535116551907 0.246122 0.927368 -0.281804 -0.62484 -0.936655 0.302327 0.176849 -0.248325 0.249201 0.220427 0.943033 0.379502 
1535116551997 0.246077 0.927425 -0.281653 -0.624636 -0.936683 0.302241 0.176848 -0.248124 0.24914 0.220301 0.943078 0.379609 
1535116552108 0.246182 0.927339 -0.281844 -0.624392 -0.936618 0.302411 0.176903 -0.24806 0.249282 0.22043 0.943011 0.379696 
1535116552293 0.246305 0.927196 -0.282207 -0.62396 -0.936561 0.302619 0.176847 -0.247883 0.249373 0.220745 0.942913 0.379832 
1535116552391 0.246394 0.927141 -0.28231 -0.62372 -0.936545 0.302718 0.176766 -0.24781 0.249347 0.220842 0.942897 0.379885 
1535116552505 0.246354 0.927097 -0.282489 -0.623539 -0.936529 0.302736 0.176815 -0.247613 0.249444 0.221 0.942834 0.379968 
1535116552598 0.246249 0.927087 -0.282616 -0.623327 -0.936541 0.302675 0.17686 -0.247493 0.249505 0.22113 0.942788 0.380066 
1535116552623 0.246223 0.927084 -0.282647 -0.623296 -0.936547 0.302657 0.176857 -0.247473 0.249506 0.221166 0.942779 0.380078 
1535116552638 0.246222 0.927077 -0.282671 -0.623266 -0.936548 0.302659 0.176849 -0.247466 0.249506 0.221191 0.942773 0.380087 
1535116552660 0.24629 0.927046 -0.282713 -0.623226 -0.936525 0.302737 0.176838 -0.247465 0.249525 0.221214 0.942763 0.3801 
1535116552789 0.246637 0.926956 -0.282706 -0.623026 -0.936446 0.303056 0.176708 -0.24747 0.249477 0.221156 0.942789 0.380102 
1535116552838 0.24655 0.927072 -0.2824 -0.622889 -0.936477 0.302907 0.176798 -0.247253 0.249445 0.220872 0.942864 0.380169 
1535116552937 0.24661 0.92712 -0.282191 -0.622712 -0.936509 0.302883 0.176674 -0.247154 0.249269 0.220705 0.94295 0.380153 
1535116552989 0.246602 0.927209 -0.281905 -0.622554 -0.936532 0.302801 0.176689 -0.246984 0.249189 0.220441 0.943033 0.380201 
1535116553085 0.24694 0.927119 -0.281904 -0.622342 -0.93646 0.303109 0.176543 -0.247034 0.249124 0.220397 0.94306 0.380253 
1535116553138 0.247049 0.927143 -0.281731 -0.622204 -0.936436 0.303176 0.176557 -0.246866 0.249108 0.220205 0.943109 0.380292 
1535116553220 0.247057 0.927186 -0.281584 -0.622017 -0.936461 0.303132 0.176501 -0.246787 0.249006 0.220086 0.943164 0.380315 
1535116553244 0.24716 0.927177 -0.281521 -0.621942 -0.936439 0.303213 0.176476 -0.24679 0.248985 0.220009 0.943187 0.380329 
1535116553260 0.247304 0.92715 -0.281485 -0.621886 -0.936401 0.303344 0.176453 -0.246802 0.248985 0.219945 0.943202 0.380338 
1535116553470 0.246823 0.927126 -0.281987 -0.621479 -0.936535 0.302974 0.17638 -0.246432 0.248961 0.220556 0.943066 0.380525 
1535116553609 0.247474 0.926778 -0.282558 -0.621133 -0.936282 0.303776 0.176341 -0.246625 0.249263 0.220914 0.942902 0.38067 
1535116553725 0.247089 0.926877 -0.282571 -0.620902 -0.9364 0.303396 0.176369 -0.246403 0.249203 0.221021 0.942893 0.380813 
1535116553925 0.247058 0.92675 -0.283014 -0.620388 -0.936371 0.303484 0.176371 -0.246152 0.249342 0.221432 0.94276 0.381029 
1535116554054 0.2473 0.926528 -0.283528 -0.620111 -0.936284 0.303832 0.176232 -0.246199 0.249429 0.221881 0.942632 0.381104 
1535116554193 0.247123 0.926514 -0.28373 -0.619883 -0.936335 0.303699 0.176194 -0.245997 0.249414 0.222124 0.942578 0.381205 
1535116554216 0.247067 0.926519 -0.283762 -0.619824 -0.936347 0.303654 0.176206 -0.245965 0.249424 0.222165 0.942566 0.381235 
1535116554232 0.247059 0.926511 -0.283794 -0.619778 -0.936345 0.303656 0.176215 -0.245948 0.249441 0.222193 0.942555 0.381258 
1535116554388 0.247358 0.926426 -0.283811 -0.619534 -0.936246 0.303962 0.176211 -0.245891 0.249515 0.222129 0.94255 0.381327 
1535116554510 0.247626 0.926408 -0.283635 -0.619197 -0.936197 0.304165 0.176121 -0.245875 0.249432 0.221927 0.94262 0.381352 
1535116554626 0.247602 0.926458 -0.283496 -0.618935 -0.936197 0.304121 0.176198 -0.245654 0.249457 0.221781 0.942648 0.381415 
1535116554817 0.248181 0.926384 -0.283231 -0.618287 -0.935997 0.304664 0.176319 -0.2455 0.24963 0.221344 0.942704 0.381606 
1535116554935 0.248297 0.926359 -0.283211 -0.618038 -0.935956 0.30478 0.176337 -0.245341 0.249668 0.221289 0.942707 0.381634 
1535116555044 0.248283 0.926417 -0.283033 -0.617756 -0.935958 0.304735 0.176409 -0.245163 0.249678 0.221108 0.942747 0.381711 
1535116555154 0.248622 0.926378 -0.282861 -0.617388 -0.935869 0.305025 0.176377 -0.245185 0.249672 0.22087 0.942805 0.381788 
1535116555179 0.248704 0.926349 -0.282887 -0.617324 -0.935841 0.305113 0.176373 -0.245183 0.249696 0.220872 0.942798 0.381795 
1535116555372 0.248715 0.926389 -0.282743 -0.61704 -0.935789 0.30514 0.176602 -0.244986 0.249878 0.220664 0.942798 0.381873 
1535116555497 0.249116 0.92639 -0.282389 -0.616657 -0.935565 0.305558 0.177065 -0.244888 0.250317 0.220083 0.942817 0.381902 
1535116555620 0.248997 0.926475 -0.282214 -0.616353 -0.93557 0.305434 0.177252 -0.244743 0.250418 0.219896 0.942834 0.381971 
1535116555743 0.249113 0.926497 -0.282038 -0.61606 -0.935499 0.305547 0.177434 -0.244549 0.250568 0.219645 0.942853 0.381993 
1535116555857 0.249326 0.92652 -0.281776 -0.615726 -0.935404 0.305733 0.177613 -0.244423 0.25071 0.219291 0.942898 0.38205 
1535116555987 0.249318 0.926574 -0.281603 -0.615404 -0.935324 0.305765 0.177982 -0.244242 0.251018 0.219016 0.94288 0.382019 
1535116556100 0.249294 0.926637 -0.28142 -0.615116 -0.93525 0.305776 0.178351 -0.244026 0.251318 0.218736 0.942865 0.382082 
1535116556227 0.249769 0.926545 -0.2813 -0.614727 -0.935045 0.306274 0.178569 -0.244039 0.251607 0.218428 0.942859 0.382143 
1535116556251 0.24976 0.926559 -0.281261 -0.614657 -0.935033 0.306271 0.17864 -0.243981 0.251662 0.218371 0.942858 0.382161 
1535116556464 0.249793 0.92656 -0.281231 -0.614331 -0.934972 0.306342 0.178836 -0.243733 0.251855 0.218271 0.942829 0.382175 
1535116556620 0.250246 0.926441 -0.281218 -0.613954 -0.934819 0.306799 0.178854 -0.243721 0.251975 0.218131 0.94283 0.382276 
1535116556770 0.250245 0.926484 -0.281079 -0.613666 -0.934807 0.306782 0.178943 -0.243457 0.252018 0.217975 0.942854 0.38235 
1535116556906 0.250377 0.926519 -0.280846 -0.61332 -0.934759 0.306873 0.179036 -0.243311 0.252064 0.217697 0.942906 0.382463 
1535116557042 0.250555 0.926529 -0.280653 -0.613006 -0.934674 0.307039 0.1792 -0.243109 0.252205 0.21742 0.942932 0.382596 
1535116557173 0.250774 0.926496 -0.280566 -0.612651 -0.934581 0.30726 0.179303 -0.243027 0.25233 0.217247 0.942939 0.382718 
1535116557306 0.250884 0.926502 -0.280448 -0.612353 -0.934529 0.307362 0.179401 -0.242767 0.252415 0.217077 0.942955 0.382787 
1535116557456 0.250932 0.926512 -0.280373 -0.61199 -0.934482 0.307422 0.17954 -0.242577 0.252539 0.216952 0.942951 0.382901 
1535116557480 0.250946 0.926524 -0.28032 -0.611923 -0.934481 0.307423 0.179545 -0.242566 0.252529 0.216898 0.942966 0.382919 
1535116557671 0.250928 0.92657 -0.280184 -0.611694 -0.934489 0.307376 0.179582 -0.242348 0.252517 0.216767 0.942999 0.382951 
1535116557794 0.251144 0.926575 -0.279973 -0.611362 -0.934483 0.307497 0.179409 -0.242344 0.252327 0.216573 0.943095 0.383034 
1535116557898 0.250871 0.92672 -0.279739 -0.611113 -0.934612 0.307144 0.179343 -0.242114 0.252121 0.216455 0.943177 0.383064 
1535116558015 0.250923 0.926747 -0.279602 -0.610805 -0.934641 0.30713 0.179213 -0.242046 0.251959 0.216359 0.943242 0.383075 
1535116558209 0.251008 0.92685 -0.279185 -0.610234 -0.934658 0.307096 0.179184 -0.24177 0.251813 0.215965 0.943371 0.38322 
1535116558331 0.251138 0.926858 -0.279042 -0.609918 -0.934651 0.307168 0.179097 -0.241738 0.25171 0.215829 0.94343 0.383294 
1535116558440 0.251084 0.926955 -0.278767 -0.609624 -0.934683 0.307049 0.179133 -0.241619 0.251643 0.215582 0.943504 0.383418 
1535116558463 0.251105 0.926966 -0.278713 -0.609552 -0.934679 0.307057 0.179141 -0.241603 0.251638 0.215524 0.943519 0.383444 
1535116558494 0.251121 0.926983 -0.278641 -0.609458 -0.934683 0.307051 0.179129 -0.241563 0.251606 0.215458 0.943542 0.383467 
1535116558644 0.251195 0.927018 -0.278458 -0.609273 -0.934702 0.307053 0.179026 -0.241406 0.251462 0.215304 0.943616 0.383448 
1535116558810 0.25128 0.92726 -0.277576 -0.608809 -0.934784 0.306874 0.178904 -0.241197 0.251071 0.214518 0.943899 0.383558 
1535116558865 0.251291 0.927365 -0.277213 -0.608592 -0.934809 0.306792 0.178919 -0.241093 0.250969 0.21418 0.944003 0.383655 
1535116558973 0.251416 0.927428 -0.276889 -0.60835 -0.934831 0.306801 0.178787 -0.241053 0.250762 0.213895 0.944123 0.383703 
1535116559024 0.251182 0.927593 -0.276548 -0.608185 -0.934928 0.306482 0.178823 -0.240832 0.250632 0.213636 0.944216 0.383756 
1535116559129 0.251666 0.927541 -0.276281 -0.607909 -0.934812 0.306882 0.178748 -0.240859 0.250582 0.213285 0.944308 0.383758 
1535116559157 0.251641 0.927591 -0.276136 -0.607809 -0.934834 0.306817 0.178744 -0.240814 0.250524 0.213162 0.944351 0.383785 
1535116559169 0.251623 0.927625 -0.27604 -0.607744 -0.93485 0.306771 0.178737 -0.240778 0.250482 0.213082 0.944381 0.383801 
1535116559186 0.251579 0.927662 -0.275955 -0.607694 -0.934874 0.306702 0.17873 -0.240731 0.250437 0.213019 0.944407 0.38381 
1535116559203 0.251537 0.92769 -0.2759 -0.607661 -0.934898 0.306641 0.17871 -0.240694 0.25039 0.212987 0.944427 0.383808 
1535116559219 0.251531 0.927693 -0.275897 -0.607652 -0.934907 0.306627 0.178683 -0.240685 0.25036 0.212994 0.944433 0.383794 
1535116559364 0.251811 0.927825 -0.275195 -0.607544 -0.934827 0.306764 0.178868 -0.240626 0.250378 0.212219 0.944603 0.383824 
1535116559383 0.251679 0.927962 -0.274854 -0.60745 -0.934862 0.306572 0.179013 -0.240505 0.25038 0.211897 0.944674 0.383873 
1535116559412 0.251544 0.928111 -0.274472 -0.607322 -0.93492 0.306352 0.179091 -0.240395 0.250301 0.211561 0.944771 0.383902 
1535116559495 0.251741 0.928136 -0.274207 -0.607151 -0.934891 0.306469 0.179043 -0.240418 0.250212 0.211281 0.944857 0.383827 
1535116559530 0.251713 0.928227 -0.273927 -0.607014 -0.934922 0.306368 0.179052 -0.240371 0.250123 0.211031 0.944936 0.383848 
1535116559547 0.251684 0.928285 -0.273756 -0.606937 -0.934938 0.306301 0.179083 -0.240334 0.250092 0.210873 0.94498 0.383866 
1535116559564 0.251677 0.928324 -0.27363 -0.606878 -0.934942 0.306268 0.179119 -0.240311 0.250085 0.210748 0.945009 0.383875 
1535116559580 0.251658 0.928364 -0.273512 -0.606824 -0.934954 0.306221 0.179136 -0.240278 0.250058 0.210641 0.94504 0.383874 
1535116559597 0.25165 0.928385 -0.273447 -0.6068 -0.934959 0.306198 0.179147 -0.240248 0.250047 0.210579 0.945057 0.383865 
1535116559614 0.25163 0.92841 -0.273383 -0.60678 -0.934969 0.306162 0.179156 -0.240208 0.250029 0.210524 0.945074 0.383853 
1535116559686 0.251688 0.928425 -0.273275 -0.60679 -0.93501 0.306151 0.178966 -0.240138 0.24982 0.210471 0.945141 0.383765 
1535116559717 0.251921 0.928436 -0.273025 -0.606841 -0.935038 0.306248 0.178651 -0.24014 0.249479 0.210283 0.945273 0.383739 
1535116559735 0.252133 0.928463 -0.272737 -0.606861 -0.935069 0.306321 0.178362 -0.240151 0.249147 0.210057 0.945411 0.383768 
1535116559764 0.252389 0.928498 -0.272383 -0.606899 -0.93512 0.306397 0.177968 -0.240143 0.2487 0.209793 0.945587 0.383816 
1535116559796 0.25262 0.928549 -0.271994 -0.60688 -0.935177 0.306442 0.177585 -0.240145 0.248247 0.209501 0.945771 0.383839 
1535116559833 0.252837 0.92859 -0.271651 -0.606837 -0.935218 0.306501 0.177271 -0.240153 0.247874 0.209232 0.945928 0.383787 
1535116560861 0.241192 0.926614 -0.288467 -0.592506 -0.937657 0.29915 0.176941 -0.233189 0.250251 0.227806 0.940999 0.395343 
1535116561842 0.230434 0.923897 -0.305475 -0.57792 -0.939854 0.292655 0.176148 -0.226379 0.252141 0.246511 0.935765 0.407027 
1535116562786 0.219768 0.920779 -0.322285 -0.563299 -0.942027 0.286163 0.175203 -0.219681 0.25355 0.265097 0.930288 0.418784 
1535116564066 0.198251 0.91338 -0.355574 -0.534073 -0.946159 0.273049 0.173861 -0.206266 0.255891 0.301962 0.918335 0.442348 
1535116564953 0.187311 0.909145 -0.371981 -0.519461 -0.948217 0.266233 0.173216 -0.199503 0.256512 0.320274 0.911935 0.45409 
1535116566191 0.165601 0.899441 -0.404453 -0.490249 -0.951989 0.252868 0.172553 -0.186067 0.257474 0.35646 0.898133 0.47774 
1535116566204 0.165855 0.899347 -0.404557 -0.490115 -0.951954 0.253106 0.172395 -0.186191 0.257439 0.356527 0.898117 0.477842 
