1533553236502 0.102177 0.943373 -0.315606 -0.603799 -0.958458 0.178296 0.222641 -0.226255 0.266305 0.279746 0.922401 0.381191 
1533553245731 0.102177 0.943373 -0.315605 -0.603799 -0.958458 0.178295 0.222642 -0.226255 0.266305 0.279746 0.922401 0.381192 
1533553245977 0.100127 0.943429 -0.316096 -0.603924 -0.958908 0.17626 0.222325 -0.226489 0.265463 0.280846 0.922309 0.381311 
1533553246220 0.0981423 0.943508 -0.316482 -0.604056 -0.959285 0.174325 0.222225 -0.226757 0.264842 0.281786 0.922201 0.381506 
1533553246480 0.0959502 0.943583 -0.316929 -0.604166 -0.959721 0.172165 0.222026 -0.226946 0.264064 0.28286 0.922096 0.38161 
1533553246734 0.0939104 0.943638 -0.317377 -0.604276 -0.960148 0.170134 0.221744 -0.227241 0.263243 0.283905 0.922009 0.381738 
1533553246997 0.0918653 0.943677 -0.31786 -0.604388 -0.960521 0.168158 0.221634 -0.227492 0.262601 0.284951 0.92187 0.381946 
1533553247278 0.0898831 0.943728 -0.318275 -0.604508 -0.960975 0.166126 0.221199 -0.227791 0.261625 0.285972 0.921831 0.382103 
1533553247524 0.0878716 0.943778 -0.318688 -0.604632 -0.961398 0.164096 0.220877 -0.228068 0.260755 0.286977 0.921765 0.382274 
1533553247786 0.0858667 0.943829 -0.319084 -0.604757 -0.961771 0.162117 0.220715 -0.228335 0.260046 0.287933 0.921667 0.382487 
1533553248060 0.0836282 0.943902 -0.319462 -0.604852 -0.962208 0.159862 0.220453 -0.228534 0.259156 0.288953 0.921599 0.382631 
1533553248077 0.0836216 0.9439 -0.319469 -0.604854 -0.962211 0.159855 0.220447 -0.228539 0.259149 0.288962 0.921598 0.382635 
1533553248174 0.0835687 0.943913 -0.319444 -0.604866 -0.962215 0.159801 0.220467 -0.228578 0.259149 0.28895 0.921602 0.382698 
1533553248286 0.0833597 0.943931 -0.319445 -0.604875 -0.962258 0.15958 0.220442 -0.228609 0.259059 0.289012 0.921608 0.382714 
1533553248397 0.0831884 0.943929 -0.319496 -0.604889 -0.962285 0.159419 0.220439 -0.228636 0.259013 0.289108 0.92159 0.382704 
1533553248563 0.0828908 0.943922 -0.319595 -0.604912 -0.962377 0.159092 0.220272 -0.228694 0.258765 0.289312 0.921596 0.382711 
1533553248761 0.0827671 0.943917 -0.319642 -0.60492 -0.962397 0.158978 0.220268 -0.2287 0.25873 0.289391 0.921581 0.382724 
1533553248893 0.0824546 0.943935 -0.319667 -0.604924 -0.962441 0.158675 0.220295 -0.228701 0.258667 0.289497 0.921565 0.382734 
1533553249025 0.0822681 0.94392 -0.31976 -0.60494 -0.962458 0.158523 0.220331 -0.228709 0.258665 0.289629 0.921525 0.38274 
1533553249205 0.081711 0.94391 -0.319935 -0.604972 -0.962537 0.158011 0.220353 -0.228747 0.258546 0.289944 0.921459 0.382747 
1533553249225 0.0817175 0.9439 -0.319962 -0.604977 -0.962536 0.158024 0.220347 -0.228752 0.258547 0.289968 0.921451 0.382747 
1533553249451 0.0817696 0.943824 -0.32017 -0.604998 -0.962604 0.158039 0.220038 -0.228782 0.258277 0.290205 0.921452 0.382672 
1533553249560 0.0818044 0.943807 -0.320214 -0.604997 -0.962616 0.158066 0.21997 -0.22877 0.258224 0.290248 0.921454 0.382648 
1533553249721 0.0818345 0.94377 -0.320314 -0.605003 -0.96266 0.158064 0.219776 -0.228772 0.258048 0.290369 0.921465 0.382629 
1533553249841 0.0818697 0.943753 -0.320356 -0.605001 -0.962687 0.158072 0.21965 -0.228763 0.257935 0.29042 0.92148 0.382625 
1533553250013 0.0820372 0.943737 -0.32036 -0.605001 -0.962745 0.158147 0.219342 -0.228793 0.257665 0.290431 0.921552 0.382649 
1533553250140 0.0820703 0.943718 -0.320408 -0.605 -0.962801 0.158123 0.219116 -0.228801 0.257448 0.290507 0.921589 0.382606 
1533553250244 0.08196 0.943724 -0.320417 -0.60498 -0.962866 0.15796 0.218946 -0.228755 0.257237 0.290574 0.921627 0.382566 
1533553250374 0.0819504 0.943711 -0.320459 -0.60497 -0.962927 0.157893 0.218726 -0.228735 0.257012 0.290654 0.921664 0.382527 
1533553250391 0.0819549 0.94371 -0.32046 -0.60497 -0.962929 0.157894 0.218715 -0.228734 0.257002 0.290656 0.921666 0.382527 
1533553250571 0.0820235 0.943719 -0.320416 -0.604953 -0.962954 0.157913 0.218593 -0.228705 0.256888 0.290616 0.921711 0.38254 
1533553250767 0.0822162 0.943662 -0.320533 -0.604957 -0.963037 0.158006 0.218158 -0.22873 0.256514 0.29075 0.921773 0.382479 
1533553250882 0.082459 0.943638 -0.320544 -0.604956 -0.96301 0.158241 0.218109 -0.228727 0.25654 0.290702 0.921781 0.382476 
1533553251045 0.0827807 0.943604 -0.32056 -0.604963 -0.962992 0.158532 0.217975 -0.228711 0.256501 0.290653 0.921807 0.382503 
1533553251193 0.0828981 0.943577 -0.32061 -0.604972 -0.963054 0.158571 0.217674 -0.228709 0.256231 0.29072 0.921861 0.382485 
1533553251372 0.0830937 0.943554 -0.320626 -0.604972 -0.963073 0.158716 0.217486 -0.228682 0.256098 0.290714 0.9219 0.382441 
1533553251482 0.083179 0.943542 -0.320639 -0.60498 -0.963097 0.158762 0.217345 -0.228663 0.25598 0.290728 0.921928 0.382423 
1533553251605 0.0833199 0.943521 -0.320664 -0.605 -0.963152 0.158822 0.217057 -0.228632 0.255726 0.290763 0.921987 0.382421 
1533553251725 0.0834975 0.943509 -0.320653 -0.605004 -0.963159 0.158958 0.216924 -0.228608 0.25564 0.290727 0.922023 0.38242 
1533553251741 0.083509 0.943509 -0.32065 -0.605004 -0.96316 0.158966 0.216915 -0.228605 0.255634 0.290723 0.922026 0.382419 
1533553251939 0.083523 0.943523 -0.320606 -0.605006 -0.963189 0.158935 0.216811 -0.228586 0.255521 0.290696 0.922066 0.382406 
1533553252104 0.0835315 0.943601 -0.320374 -0.60499 -0.963238 0.158833 0.216667 -0.228575 0.255334 0.290498 0.92218 0.382403 
1533553252213 0.0835424 0.943622 -0.32031 -0.604999 -0.963262 0.158801 0.216586 -0.228569 0.25524 0.290448 0.922221 0.38239 
1533553252336 0.083534 0.943659 -0.320203 -0.60501 -0.9633 0.158726 0.216471 -0.228549 0.255099 0.290369 0.922285 0.382364 
1533553252477 0.0835941 0.943706 -0.32005 -0.60502 -0.963331 0.158705 0.216349 -0.228556 0.254963 0.290228 0.922367 0.382351 
1533553252709 0.0836207 0.94373 -0.319972 -0.60503 -0.963427 0.158599 0.215996 -0.228577 0.254589 0.290208 0.922477 0.382322 
1533553252905 0.0836634 0.943739 -0.319933 -0.605037 -0.963478 0.158568 0.215792 -0.228584 0.254382 0.290195 0.922538 0.382259 
1533553253070 0.0837187 0.943808 -0.319715 -0.605012 -0.96354 0.158494 0.215571 -0.228597 0.254131 0.290011 0.922665 0.382207 
1533553253087 0.0837225 0.943809 -0.319712 -0.605011 -0.963542 0.158493 0.21556 -0.228597 0.25412 0.290008 0.922669 0.382203 
1533553253274 0.0837311 0.943806 -0.319717 -0.605014 -0.963525 0.158521 0.215618 -0.228595 0.254183 0.290001 0.922654 0.382228 
1533553253486 0.0837455 0.943787 -0.319769 -0.605019 -0.963359 0.158735 0.216203 -0.228564 0.254808 0.289946 0.922499 0.382315 
1533553253640 0.0838036 0.943722 -0.319945 -0.605003 -0.963316 0.158871 0.216291 -0.228617 0.254948 0.290082 0.922417 0.382254 
1533553253843 0.0838391 0.943654 -0.320138 -0.605002 -0.963229 0.159045 0.216554 -0.228653 0.255268 0.29021 0.922289 0.382274 
1533553254015 0.0838683 0.943603 -0.320279 -0.604998 -0.963189 0.159146 0.216654 -0.228695 0.255407 0.290319 0.922216 0.382282 
1533553254176 0.0838552 0.94355 -0.320439 -0.604996 -0.963099 0.159274 0.216959 -0.228716 0.25575 0.290422 0.922089 0.382293 
1533553254305 0.0838372 0.943482 -0.320645 -0.605006 -0.963026 0.15939 0.2172 -0.228717 0.256031 0.29058 0.92196 0.382266 
1533553254590 0.0838135 0.943447 -0.320753 -0.604994 -0.962961 0.159469 0.21743 -0.228745 0.256284 0.290649 0.921869 0.382261 
1533553254724 0.0838109 0.943406 -0.320876 -0.605004 -0.962897 0.159568 0.217641 -0.228738 0.256525 0.290729 0.921776 0.382268 
1533553254741 0.0838057 0.94339 -0.320923 -0.605009 -0.962885 0.159587 0.217678 -0.228735 0.256571 0.29077 0.921751 0.382267 
1533553255012 0.0838625 0.943499 -0.320589 -0.604968 -0.962892 0.15955 0.217677 -0.228742 0.256528 0.290438 0.921867 0.382284 
1533553255217 0.0838029 0.943513 -0.320562 -0.60499 -0.962902 0.159483 0.217681 -0.228698 0.256509 0.290428 0.921876 0.382285 
1533553255318 0.0838644 0.943507 -0.320563 -0.605003 -0.962907 0.159528 0.217626 -0.228722 0.25647 0.290421 0.921889 0.382282 
1533553255519 0.083989 0.943579 -0.32032 -0.605013 -0.962931 0.159549 0.217505 -0.228754 0.25634 0.290178 0.922002 0.382285 
1533553255632 0.0839963 0.943577 -0.320322 -0.605029 -0.962942 0.159543 0.217461 -0.22875 0.256297 0.290186 0.922011 0.382274 
1533553255740 0.0840358 0.9436 -0.320246 -0.605039 -0.962956 0.159542 0.217398 -0.228754 0.25623 0.290113 0.922052 0.38231 
1533553255837 0.0840545 0.943636 -0.320134 -0.605043 -0.962977 0.159508 0.217329 -0.22875 0.256143 0.290015 0.922107 0.382314 
1533553255872 0.0840579 0.943666 -0.320045 -0.605037 -0.962997 0.159467 0.217271 -0.228748 0.256068 0.289939 0.922152 0.382303 
1533553255889 0.084057 0.943677 -0.320012 -0.605035 -0.963004 0.159451 0.217251 -0.228745 0.256041 0.289911 0.922168 0.382301 
1533553256153 0.083984 0.943596 -0.32027 -0.605072 -0.962988 0.159469 0.217312 -0.228718 0.256128 0.290165 0.922064 0.382289 
1533553256377 0.0839201 0.943619 -0.320219 -0.604991 -0.96302 0.159368 0.217244 -0.228739 0.256028 0.290146 0.922098 0.382368 
1533553256497 0.083926 0.94353 -0.320481 -0.60501 -0.963002 0.159453 0.217261 -0.228773 0.256094 0.29039 0.922003 0.382364 
1533553256695 0.0838705 0.943463 -0.320692 -0.60502 -0.962975 0.159487 0.217356 -0.228811 0.256214 0.290589 0.921907 0.382418 
1533553256820 0.0837544 0.943462 -0.320726 -0.605 -0.962975 0.159397 0.217419 -0.228777 0.256249 0.290641 0.921881 0.382441 
1533553256951 0.083609 0.943431 -0.320854 -0.604993 -0.962992 0.159288 0.217427 -0.228748 0.256236 0.290801 0.921834 0.382448 
1533553257141 0.0834605 0.943386 -0.321024 -0.604993 -0.963023 0.159169 0.217377 -0.228734 0.256168 0.291011 0.921787 0.38247 
1533553257290 0.0833484 0.943293 -0.321327 -0.605014 -0.963 0.159171 0.217474 -0.228714 0.256288 0.291312 0.921658 0.382474 
1533553257448 0.0832627 0.943312 -0.321293 -0.604986 -0.962996 0.159097 0.217547 -0.228711 0.256332 0.29129 0.921653 0.382523 
1533553257465 0.0832552 0.943316 -0.321285 -0.604985 -0.962994 0.159091 0.217561 -0.228709 0.256343 0.291282 0.921652 0.382531 
1533553257630 0.0832277 0.943319 -0.321283 -0.604981 -0.963007 0.159054 0.217532 -0.228705 0.256304 0.291293 0.92166 0.382526 
1533553257876 0.0832545 0.9433 -0.321332 -0.604987 -0.963128 0.158948 0.217069 -0.228745 0.255836 0.291412 0.921752 0.382501 
1533553258091 0.0833178 0.943327 -0.321236 -0.60499 -0.963137 0.158968 0.217015 -0.228718 0.255782 0.291313 0.921798 0.382515 
1533553258281 0.083218 0.943346 -0.321206 -0.605008 -0.963208 0.158798 0.216825 -0.228661 0.255548 0.291344 0.921854 0.382446 
1533553258424 0.0833051 0.943369 -0.321116 -0.605005 -0.963257 0.158794 0.21661 -0.228659 0.255335 0.291273 0.921935 0.382431 
1533553258561 0.0833339 0.943387 -0.321054 -0.605005 -0.963315 0.158737 0.216394 -0.22866 0.255107 0.291243 0.922008 0.38242 
1533553258719 0.0833464 0.943388 -0.321048 -0.605012 -0.963376 0.158677 0.216166 -0.228658 0.254871 0.291273 0.922063 0.382393 
1533553258850 0.0833562 0.943411 -0.320978 -0.605014 -0.963435 0.158602 0.215961 -0.228658 0.254648 0.29124 0.922135 0.382409 
1533553259020 0.0834651 0.943415 -0.320939 -0.605023 -0.963493 0.158617 0.21569 -0.228664 0.254391 0.29122 0.922212 0.382429 
1533553259037 0.0834707 0.943414 -0.32094 -0.605024 -0.963497 0.158617 0.215673 -0.228664 0.254376 0.291222 0.922216 0.382429 
1533553259054 0.0834759 0.943414 -0.32094 -0.605025 -0.963499 0.158619 0.215661 -0.228663 0.254365 0.291223 0.922219 0.38243 
1533553259207 0.0834763 0.943419 -0.320923 -0.605021 -0.96349 0.158625 0.215695 -0.228651 0.254397 0.291201 0.922217 0.38243 
1533553259346 0.083465 0.943441 -0.320862 -0.605013 -0.963429 0.158673 0.215936 -0.228619 0.254635 0.291105 0.922182 0.382438 
1533553259558 0.0834275 0.943442 -0.320869 -0.60501 -0.963398 0.158678 0.216068 -0.228603 0.254763 0.291098 0.922148 0.382448 
1533553259717 0.0834195 0.943439 -0.320879 -0.605004 -0.963391 0.158682 0.216096 -0.228611 0.254792 0.291106 0.922138 0.382454 
1533553259904 0.0834256 0.943398 -0.320999 -0.604992 -0.963366 0.158742 0.216163 -0.228643 0.254884 0.291206 0.922081 0.38241 
1533553260015 0.0834165 0.943391 -0.321023 -0.604989 -0.963349 0.15876 0.216227 -0.228651 0.254952 0.29122 0.922058 0.382429 
1533553260190 0.0834228 0.943422 -0.32093 -0.604976 -0.963254 0.158852 0.216582 -0.228627 0.255308 0.291069 0.922007 0.382485 
1533553260388 0.0834069 0.943424 -0.320928 -0.604971 -0.963242 0.158852 0.216634 -0.228633 0.255358 0.291063 0.921995 0.38251 
1533553260406 0.0834066 0.943424 -0.320927 -0.604971 -0.963242 0.158852 0.216636 -0.228633 0.25536 0.291062 0.921995 0.382511 
1533553260573 0.0832926 0.943438 -0.320916 -0.604966 -0.963219 0.158781 0.216788 -0.228623 0.255482 0.291055 0.921963 0.382527 
1533553260707 0.0831449 0.943437 -0.320956 -0.604964 -0.963124 0.158777 0.217217 -0.228584 0.255891 0.29106 0.921848 0.382511 
1533553260861 0.0829747 0.943417 -0.321059 -0.604955 -0.963072 0.158718 0.217488 -0.22864 0.25614 0.291157 0.921748 0.38256 
1533553260987 0.0829011 0.943389 -0.321161 -0.604963 -0.963016 0.158744 0.217718 -0.228662 0.256376 0.291234 0.921658 0.38255 
1533553261129 0.0827508 0.943387 -0.321206 -0.604962 -0.96293 0.158727 0.218109 -0.228654 0.256746 0.29125 0.92155 0.382552 
1533553261307 0.0826529 0.943376 -0.321263 -0.604955 -0.962849 0.158751 0.218448 -0.228687 0.25708 0.291273 0.92145 0.382608 
1533553261444 0.0827441 0.943339 -0.321349 -0.604964 -0.962743 0.158967 0.21876 -0.228724 0.257449 0.291276 0.921346 0.382617 
1533553261546 0.0827458 0.943286 -0.321504 -0.604955 -0.962669 0.159087 0.218996 -0.228802 0.257723 0.291381 0.921236 0.382564 
1533553261666 0.0827216 0.943233 -0.321666 -0.604934 -0.962596 0.159187 0.219243 -0.22889 0.258003 0.291499 0.921121 0.382513 
1533553261683 0.0827143 0.94323 -0.321676 -0.604936 -0.962585 0.159196 0.219286 -0.228884 0.258046 0.291502 0.921107 0.382509 
1533553261951 0.0827853 0.943241 -0.321626 -0.604939 -0.962561 0.159271 0.219339 -0.228912 0.258115 0.291426 0.921112 0.382495 
