1535150847382 0.250986 0.918211 -0.306423 -0.540509 -0.934368 0.312516 0.171142 -0.204669 0.252907 0.243358 0.936384 0.428811 
1535150852375 0.250987 0.918211 -0.306422 -0.540509 -0.934368 0.312516 0.171142 -0.204669 0.252906 0.243357 0.936384 0.428811 
1535150852985 0.252751 0.918843 -0.30306 -0.546334 -0.933944 0.313514 0.171633 -0.207418 0.252718 0.23966 0.937388 0.424656 
1535150853876 0.254535 0.920687 -0.295883 -0.558522 -0.933598 0.313735 0.173104 -0.212645 0.252203 0.232175 0.939408 0.41547 
1535150854788 0.255374 0.922713 -0.288765 -0.570749 -0.933609 0.312974 0.17442 -0.217657 0.251315 0.225051 0.941378 0.405631 
1535150855684 0.257165 0.924393 -0.281714 -0.582991 -0.93328 0.313203 0.175764 -0.222911 0.250708 0.217718 0.943263 0.396259 
1535150856591 0.258819 0.926124 -0.274423 -0.595143 -0.933016 0.313227 0.177114 -0.228056 0.249986 0.210201 0.945157 0.386928 
