1535378426393 0.248204 0.927563 -0.279325 -0.637004 -0.938362 0.301824 0.168462 -0.241928 0.240566 0.220295 0.945303 0.374135 
1535378430891 0.248204 0.927563 -0.279325 -0.637004 -0.938362 0.301824 0.168462 -0.241928 0.240566 0.220295 0.945303 0.374135 
1535378430896 0.248204 0.927563 -0.279324 -0.637004 -0.938362 0.301824 0.168462 -0.241928 0.240566 0.220294 0.945304 0.374136 
1535378431019 0.248204 0.927563 -0.279324 -0.637004 -0.938362 0.301823 0.168462 -0.241928 0.240566 0.220294 0.945304 0.374136 
1535378431066 0.248211 0.927561 -0.279324 -0.637007 -0.93836 0.30183 0.16846 -0.24193 0.240566 0.220293 0.945304 0.374134 
1535378431142 0.248382 0.927535 -0.27926 -0.637058 -0.938318 0.301979 0.168428 -0.241974 0.240553 0.2202 0.945328 0.374124 
