1535123552575 0.213825 0.919499 -0.32985 -0.472309 -0.943844 0.28152 0.172928 -0.17138 0.251866 0.274351 0.92806 0.474094 
1535123556332 0.213825 0.919499 -0.329849 -0.472309 -0.943844 0.281521 0.172929 -0.171379 0.251867 0.27435 0.92806 0.474094 
1535123557210 0.218343 0.919958 -0.325581 -0.488186 -0.943381 0.284353 0.170808 -0.178785 0.249716 0.269852 0.929958 0.464307 
1535123558491 0.225526 0.921262 -0.316882 -0.520796 -0.942679 0.28847 0.167752 -0.193041 0.245955 0.260886 0.933512 0.444047 
1535123560197 0.236486 0.92296 -0.303675 -0.569789 -0.941289 0.295124 0.163943 -0.214358 0.240935 0.247076 0.938565 0.413757 
1535123561942 0.246671 0.924622 -0.290222 -0.618733 -0.940068 0.301052 0.160126 -0.235336 0.235428 0.233329 0.943468 0.38345 
1535123561976 0.246671 0.924685 -0.290021 -0.618828 -0.93996 0.301123 0.160621 -0.235384 0.235856 0.232988 0.943445 0.383383 
1535123562339 0.247258 0.924463 -0.290226 -0.620175 -0.939925 0.301602 0.15993 -0.236065 0.235382 0.233246 0.943499 0.382464 
1535123562871 0.248229 0.924474 -0.28936 -0.623438 -0.939788 0.302261 0.159489 -0.237661 0.234906 0.232348 0.94384 0.380459 
1535123563482 0.249446 0.924612 -0.287869 -0.628352 -0.939571 0.303062 0.159248 -0.239905 0.234484 0.23075 0.944337 0.377435 
1535123564006 0.25002 0.924765 -0.286879 -0.631595 -0.93947 0.30339 0.159222 -0.241355 0.234279 0.229705 0.944642 0.375317 
1535123564392 0.250149 0.92491 -0.286298 -0.633271 -0.939437 0.303411 0.159374 -0.241976 0.234273 0.229092 0.944793 0.374362 
1535123564426 0.250075 0.924961 -0.286199 -0.633403 -0.939446 0.303334 0.159467 -0.241969 0.234315 0.22899 0.944807 0.374303 
1535123564625 0.249802 0.924833 -0.286849 -0.633376 -0.93948 0.303223 0.159479 -0.242085 0.234471 0.229651 0.944608 0.374406 
1535123564780 0.249393 0.924602 -0.287949 -0.633337 -0.939474 0.303134 0.159682 -0.242084 0.23493 0.230696 0.944239 0.374603 
1535123565023 0.248389 0.924031 -0.290635 -0.633446 -0.939465 0.302912 0.160156 -0.242264 0.236026 0.23326 0.943335 0.374738 
1535123565256 0.246964 0.923597 -0.293219 -0.633518 -0.939541 0.302299 0.160869 -0.242358 0.237218 0.235763 0.942414 0.375102 
1535123565423 0.246462 0.923349 -0.294421 -0.633531 -0.939516 0.302185 0.161224 -0.242482 0.237836 0.236878 0.941978 0.375262 
1535123565648 0.245713 0.922691 -0.297096 -0.63359 -0.939494 0.302158 0.161405 -0.242848 0.238697 0.23946 0.941107 0.375467 
1535123565785 0.245115 0.922601 -0.297869 -0.633601 -0.939596 0.301778 0.16152 -0.242852 0.238909 0.240285 0.940843 0.375566 
1535123566045 0.244886 0.922948 -0.296982 -0.63366 -0.939663 0.301398 0.161842 -0.243093 0.238881 0.239431 0.941068 0.375471 
1535123566303 0.243732 0.923431 -0.296429 -0.633861 -0.939955 0.30021 0.162352 -0.243378 0.238912 0.23906 0.941154 0.375435 
1535123566476 0.243103 0.923649 -0.296266 -0.63395 -0.940025 0.299675 0.162933 -0.243542 0.239276 0.238888 0.941105 0.37547 
1535123566716 0.241794 0.924128 -0.295844 -0.63413 -0.940338 0.298379 0.163506 -0.243852 0.239374 0.238659 0.941139 0.375414 
1535123566891 0.241121 0.924363 -0.295656 -0.634243 -0.94044 0.297776 0.164019 -0.243928 0.239652 0.238499 0.941108 0.375445 
1535123567058 0.24062 0.924557 -0.295461 -0.634341 -0.940555 0.297278 0.164263 -0.244164 0.239704 0.238372 0.941127 0.375477 
1535123567869 0.240138 0.924743 -0.29527 -0.634391 -0.940652 0.29681 0.16455 -0.244308 0.239806 0.238232 0.941137 0.375476 
1535123568072 0.240588 0.92474 -0.294911 -0.634358 -0.940688 0.297025 0.163957 -0.244307 0.239214 0.237973 0.941353 0.375428 
1535123568151 0.240576 0.924939 -0.294297 -0.634441 -0.940732 0.296864 0.163996 -0.244367 0.239053 0.237401 0.941538 0.375329 
1535123568352 0.240424 0.925364 -0.293083 -0.634525 -0.941013 0.296264 0.163469 -0.244572 0.238098 0.236493 0.942009 0.375164 
1535123568433 0.240052 0.925654 -0.292472 -0.634642 -0.941207 0.295703 0.163367 -0.244544 0.237707 0.23606 0.942216 0.375058 
1535123568634 0.240062 0.926049 -0.291212 -0.6347 -0.941403 0.295294 0.16298 -0.24479 0.23692 0.235022 0.942674 0.374944 
1535123568713 0.239968 0.926252 -0.290642 -0.634781 -0.941525 0.295007 0.162795 -0.244917 0.236531 0.234581 0.942881 0.374853 
1535123569164 0.239691 0.926563 -0.289877 -0.634854 -0.941695 0.29451 0.16271 -0.244887 0.236133 0.233976 0.943131 0.374786 
1535123569222 0.239727 0.92638 -0.290433 -0.634807 -0.94162 0.294706 0.162786 -0.244896 0.236394 0.234453 0.942947 0.374825 
1535123569375 0.240285 0.926333 -0.29012 -0.634762 -0.941546 0.295116 0.162475 -0.244905 0.236125 0.234121 0.943097 0.374817 
1535123569532 0.241192 0.926398 -0.289161 -0.634794 -0.941505 0.295624 0.161785 -0.244877 0.23536 0.233226 0.94351 0.374644 
1535123569579 0.241548 0.92643 -0.288761 -0.634756 -0.941465 0.295843 0.161616 -0.244955 0.235154 0.23282 0.943662 0.374632 
1535123569678 0.242004 0.926481 -0.288213 -0.634767 -0.941501 0.296032 0.161062 -0.244949 0.234541 0.232375 0.943924 0.374603 
1535123569845 0.242541 0.926609 -0.287348 -0.634776 -0.941586 0.296173 0.160304 -0.244835 0.233644 0.231683 0.944317 0.374379 
1535123570283 0.243403 0.926679 -0.286395 -0.634772 -0.941493 0.296703 0.15987 -0.244853 0.233122 0.230726 0.94468 0.37434 
1535123570463 0.242595 0.926571 -0.287427 -0.634723 -0.941604 0.296207 0.160138 -0.244887 0.233517 0.231793 0.944321 0.374344 
1535123570681 0.243826 0.926369 -0.287034 -0.634408 -0.941275 0.297324 0.159997 -0.244601 0.233559 0.231167 0.944464 0.374509 
1535123570928 0.244934 0.926193 -0.286659 -0.634045 -0.941029 0.298277 0.159674 -0.244315 0.233393 0.230645 0.944633 0.374549 
1535123571160 0.246281 0.925895 -0.286469 -0.633632 -0.940751 0.299458 0.1591 -0.244206 0.233095 0.230313 0.944787 0.374646 
1535123571280 0.246932 0.925761 -0.286341 -0.633405 -0.940611 0.300027 0.158854 -0.244161 0.232971 0.230109 0.944867 0.374682 
1535123571449 0.247488 0.925741 -0.285924 -0.633204 -0.940452 0.300499 0.158901 -0.243984 0.233022 0.229572 0.944986 0.374861 
1535123572079 0.248073 0.925605 -0.28586 -0.633041 -0.940355 0.300991 0.158548 -0.243891 0.232794 0.229478 0.945064 0.374879 
1535123572370 0.247884 0.92561 -0.286006 -0.632667 -0.940278 0.30096 0.15906 -0.243798 0.233304 0.229497 0.944934 0.375089 
1535123572682 0.248274 0.925527 -0.285936 -0.631543 -0.940199 0.301297 0.158888 -0.243308 0.233206 0.229389 0.944984 0.375466 
1535123572956 0.248873 0.92525 -0.286311 -0.630797 -0.94002 0.301955 0.158702 -0.243048 0.233292 0.229641 0.944902 0.375656 
1535123573158 0.249382 0.92509 -0.286386 -0.630409 -0.939851 0.302488 0.158687 -0.242977 0.233428 0.229587 0.944882 0.375823 
1535123573371 0.249532 0.92498 -0.28661 -0.630028 -0.939832 0.302648 0.158492 -0.242916 0.233344 0.229817 0.944847 0.375881 
1535123573486 0.249645 0.924962 -0.286571 -0.629842 -0.93979 0.302762 0.158527 -0.242765 0.233394 0.229741 0.944853 0.375964 
1535123573817 0.249541 0.925081 -0.286276 -0.629153 -0.939663 0.302763 0.159275 -0.242532 0.234016 0.229257 0.944816 0.376251 
1535123574045 0.24953 0.925047 -0.286397 -0.628792 -0.939546 0.302891 0.159721 -0.242353 0.234497 0.229228 0.944704 0.376372 
1535123574381 0.249582 0.925014 -0.286456 -0.627837 -0.939307 0.30317 0.160594 -0.24196 0.235396 0.228989 0.944538 0.376649 
1535123574677 0.249817 0.924935 -0.286508 -0.626872 -0.93902 0.303622 0.161417 -0.241587 0.23629 0.228712 0.944382 0.376947 
1535123575014 0.250035 0.924879 -0.2865 -0.625867 -0.938688 0.304092 0.162457 -0.241268 0.237376 0.228314 0.944206 0.377325 
1535123575114 0.249918 0.924903 -0.286524 -0.625687 -0.938657 0.304045 0.162725 -0.241061 0.237621 0.22828 0.944153 0.377317 
1535123575134 0.249941 0.924889 -0.286549 -0.625685 -0.938651 0.304072 0.162713 -0.241062 0.237623 0.228301 0.944147 0.377295 
1535123575382 0.249919 0.924699 -0.287181 -0.62525 -0.938615 0.304202 0.162675 -0.241082 0.237786 0.228897 0.943962 0.377551 
1535123575666 0.249538 0.92454 -0.288022 -0.624459 -0.938492 0.304202 0.163381 -0.240765 0.238669 0.229536 0.943584 0.378011 
1535123576013 0.249044 0.924243 -0.289399 -0.623313 -0.938386 0.304203 0.163987 -0.240245 0.2396 0.230728 0.943057 0.378494 
1535123576300 0.248785 0.923929 -0.290623 -0.622568 -0.938263 0.304358 0.164405 -0.239895 0.240352 0.231779 0.942608 0.378737 
1535123576325 0.248715 0.92391 -0.290741 -0.622464 -0.938256 0.304338 0.164484 -0.239846 0.240452 0.23188 0.942557 0.378789 
1535123576349 0.248785 0.923847 -0.290882 -0.622405 -0.93822 0.304446 0.164488 -0.239882 0.24052 0.231989 0.942513 0.378804 
1535123576597 0.248595 0.923812 -0.291155 -0.622088 -0.938188 0.304393 0.164769 -0.239719 0.240841 0.232198 0.94238 0.378916 
1535123576862 0.248021 0.923759 -0.291813 -0.621409 -0.938093 0.304201 0.16566 -0.239399 0.2418 0.232661 0.94202 0.379185 
1535123577261 0.247467 0.923516 -0.293049 -0.619992 -0.937823 0.304296 0.167011 -0.238918 0.243411 0.233499 0.941398 0.379726 
1535123577476 0.247514 0.9233 -0.29369 -0.619642 -0.937671 0.304591 0.167326 -0.238862 0.243948 0.233969 0.941142 0.37978 
1535123577498 0.247523 0.923272 -0.293771 -0.619571 -0.937644 0.304637 0.167391 -0.238856 0.244041 0.234019 0.941105 0.37981 
1535123577735 0.247586 0.923281 -0.293689 -0.619282 -0.937626 0.304684 0.167406 -0.238572 0.244045 0.233923 0.941128 0.3798 
1535123577784 0.247394 0.923439 -0.293354 -0.619113 -0.93773 0.304389 0.16736 -0.238371 0.243841 0.233683 0.941241 0.379839 
1535123577984 0.247619 0.92347 -0.293068 -0.618665 -0.937695 0.304528 0.167305 -0.23829 0.243748 0.23338 0.94134 0.380042 
1535123578039 0.247837 0.92333 -0.293322 -0.618459 -0.937609 0.304809 0.167274 -0.238329 0.243857 0.233564 0.941266 0.380047 
1535123578654 0.248018 0.923238 -0.293459 -0.61823 -0.937563 0.305005 0.167177 -0.238256 0.243851 0.233673 0.94124 0.380007 
1535123578670 0.248079 0.923213 -0.293488 -0.61825 -0.937538 0.305076 0.167185 -0.238296 0.243884 0.233681 0.94123 0.380014 
1535123578918 0.2479 0.923334 -0.293257 -0.617939 -0.937472 0.304972 0.167745 -0.238023 0.24432 0.233336 0.941202 0.380357 
1535123579148 0.248275 0.923131 -0.293579 -0.61742 -0.937284 0.305473 0.167884 -0.237852 0.244659 0.233485 0.941077 0.380438 
1535123579314 0.248448 0.923018 -0.293787 -0.617173 -0.937208 0.305704 0.167887 -0.237781 0.244774 0.233628 0.941012 0.380461 
1535123579549 0.248574 0.92298 -0.293802 -0.616637 -0.937059 0.305937 0.168292 -0.237566 0.245215 0.233477 0.940935 0.380687 
1535123579740 0.24872 0.922846 -0.294098 -0.616429 -0.936928 0.306218 0.168515 -0.237439 0.245572 0.233635 0.940802 0.380747 
1535123579788 0.248516 0.922952 -0.293937 -0.616288 -0.936982 0.305994 0.168617 -0.237261 0.245568 0.233509 0.940834 0.380842 
1535123579806 0.248507 0.922963 -0.293909 -0.616244 -0.936982 0.305984 0.168639 -0.237234 0.245579 0.233479 0.940839 0.380866 
1535123579837 0.248548 0.922947 -0.293927 -0.616219 -0.936966 0.30603 0.168641 -0.237239 0.245597 0.233484 0.940833 0.380872 
1535123580039 0.248936 0.92275 -0.294217 -0.616113 -0.936837 0.306477 0.168549 -0.23735 0.245699 0.233675 0.940759 0.380789 
1535123580237 0.249059 0.922658 -0.294399 -0.615771 -0.936748 0.306682 0.168672 -0.237203 0.245913 0.233769 0.94068 0.380767 
1535123580482 0.249296 0.922634 -0.294275 -0.615252 -0.93659 0.306974 0.169016 -0.236901 0.246275 0.23348 0.940657 0.380973 
1535123580525 0.24936 0.922595 -0.294343 -0.615078 -0.936531 0.307087 0.169136 -0.236847 0.246433 0.233486 0.940614 0.381046 
1535123580961 0.249639 0.92248 -0.294467 -0.614805 -0.936456 0.307376 0.169026 -0.236847 0.246435 0.23356 0.940595 0.380976 
1535123580975 0.249637 0.922476 -0.294481 -0.614824 -0.936452 0.307381 0.169038 -0.236845 0.246452 0.233569 0.940589 0.380977 
1535123581212 0.249366 0.92261 -0.294291 -0.614809 -0.936465 0.307144 0.169396 -0.236686 0.246676 0.233352 0.940584 0.381164 
1535123581453 0.249372 0.922644 -0.294179 -0.614265 -0.936434 0.307157 0.169546 -0.236407 0.24679 0.233199 0.940592 0.381291 
1535123581701 0.249529 0.922566 -0.294289 -0.613772 -0.936369 0.307349 0.169555 -0.2362 0.246875 0.233255 0.940556 0.381336 
1535123581873 0.249958 0.922407 -0.294425 -0.613496 -0.936224 0.307811 0.169519 -0.236269 0.246993 0.233275 0.94052 0.381357 
1535123582100 0.249887 0.922479 -0.294261 -0.612985 -0.936217 0.307738 0.169691 -0.236021 0.247091 0.233088 0.94054 0.38155 
1535123582342 0.250102 0.922355 -0.294466 -0.612754 -0.936148 0.307991 0.169613 -0.235982 0.247137 0.233243 0.94049 0.381505 
1535123582361 0.250102 0.922355 -0.294466 -0.612754 -0.936147 0.307992 0.169614 -0.235982 0.247137 0.233243 0.94049 0.381506 
1535123582578 0.249803 0.922526 -0.294182 -0.612612 -0.93625 0.307634 0.169699 -0.235753 0.247053 0.233037 0.940563 0.381644 
1535123582827 0.250083 0.922483 -0.294082 -0.611978 -0.9362 0.307858 0.169568 -0.235492 0.246959 0.232913 0.940618 0.381862 
1535123583027 0.250622 0.922341 -0.294067 -0.611599 -0.936165 0.308266 0.169018 -0.235538 0.246543 0.232936 0.940722 0.381923 
1535123583274 0.25056 0.92248 -0.293684 -0.61097 -0.936225 0.308095 0.168995 -0.235203 0.246377 0.232611 0.940846 0.382237 
1535123583303 0.250473 0.922503 -0.293685 -0.610842 -0.936253 0.308009 0.169001 -0.235098 0.246362 0.232633 0.940844 0.382265 
1535123583546 0.250872 0.922455 -0.293498 -0.610579 -0.93615 0.30835 0.168948 -0.234972 0.246347 0.232374 0.940912 0.38234 
1535123583802 0.251523 0.922382 -0.29317 -0.609927 -0.936045 0.308845 0.168626 -0.234632 0.246081 0.232007 0.941072 0.382479 
1535123583988 0.252192 0.922182 -0.293224 -0.609545 -0.935924 0.309437 0.168214 -0.234699 0.245858 0.232013 0.941129 0.382464 
1535123584277 0.253033 0.922076 -0.292832 -0.608588 -0.93576 0.310107 0.167891 -0.234208 0.245617 0.231538 0.941309 0.382668 
1535123584462 0.253483 0.921972 -0.292771 -0.608246 -0.93566 0.310504 0.167715 -0.234113 0.245535 0.231421 0.941359 0.382682 
1535123584486 0.253489 0.922008 -0.292652 -0.60819 -0.935652 0.310494 0.167778 -0.23403 0.24556 0.23129 0.941385 0.38273 
1535123584730 0.253458 0.92211 -0.292356 -0.607823 -0.935647 0.310423 0.167935 -0.233825 0.245609 0.230977 0.941449 0.3828 
1535123584969 0.253635 0.922255 -0.291743 -0.607087 -0.935412 0.310655 0.168811 -0.233511 0.246318 0.230084 0.941482 0.383064 
1535123585273 0.253917 0.9224 -0.29104 -0.606058 -0.935073 0.311038 0.16998 -0.232964 0.247314 0.228983 0.94149 0.383349 
1535123585522 0.25422 0.922491 -0.290485 -0.605319 -0.934859 0.311347 0.170593 -0.232643 0.247813 0.228195 0.94155 0.383491 
1535123585716 0.254569 0.92243 -0.290374 -0.604947 -0.934696 0.311721 0.170801 -0.232671 0.248068 0.227931 0.941547 0.38353 
1535123585986 0.253804 0.923042 -0.289097 -0.604231 -0.935062 0.310611 0.170822 -0.232225 0.247473 0.226968 0.941936 0.383747 
1535123586205 0.253729 0.923218 -0.288601 -0.603656 -0.935093 0.310437 0.170967 -0.231935 0.247432 0.226489 0.942061 0.383841 
1535123586371 0.253807 0.923259 -0.2884 -0.603292 -0.935049 0.310495 0.171101 -0.231876 0.247517 0.226242 0.942099 0.383842 
1535123586397 0.253685 0.923307 -0.288355 -0.603259 -0.935086 0.310367 0.171132 -0.231806 0.247503 0.226223 0.942107 0.383842 
1535123586483 0.253647 0.923388 -0.28813 -0.603032 -0.935068 0.310315 0.171327 -0.231687 0.247612 0.225964 0.94214 0.383873 
1535123586654 0.253861 0.923417 -0.287848 -0.602827 -0.935155 0.310335 0.170815 -0.2315 0.247063 0.225819 0.942319 0.384002 
1535123586880 0.254087 0.923557 -0.287197 -0.60229 -0.935312 0.31023 0.170143 -0.231295 0.246234 0.225387 0.94264 0.38423 
1535123587021 0.254477 0.923453 -0.287185 -0.602018 -0.935342 0.310475 0.169528 -0.231317 0.245715 0.225475 0.942754 0.384176 
1535123587118 0.254288 0.923641 -0.286749 -0.60182 -0.935478 0.310138 0.169398 -0.231029 0.245395 0.225171 0.94291 0.384337 
1535123587344 0.254571 0.923685 -0.286357 -0.601306 -0.935553 0.310196 0.168875 -0.230854 0.244814 0.224911 0.943123 0.384384 
1535123587419 0.254692 0.923735 -0.286087 -0.601044 -0.935638 0.310154 0.168482 -0.230733 0.244363 0.224763 0.943275 0.384471 
1535123587627 0.254957 0.923903 -0.285307 -0.600961 -0.935538 0.31029 0.168785 -0.23071 0.244469 0.223883 0.943457 0.384496 
1535123587666 0.255133 0.924027 -0.284746 -0.6009 -0.935477 0.310368 0.168983 -0.230657 0.244521 0.22326 0.943591 0.384471 
1535123587728 0.255388 0.924036 -0.284489 -0.600866 -0.93541 0.310561 0.168995 -0.230627 0.244509 0.222955 0.943667 0.384382 
1535123587861 0.255911 0.924226 -0.283402 -0.600645 -0.93533 0.310804 0.168991 -0.230379 0.244268 0.221828 0.943994 0.384253 
1535123587970 0.256299 0.924455 -0.282299 -0.600393 -0.93529 0.310914 0.169011 -0.230109 0.244014 0.220714 0.944321 0.384069 
1535123588289 0.256959 0.924638 -0.281101 -0.600099 -0.935165 0.311274 0.169039 -0.230009 0.243799 0.21944 0.944674 0.384046 
1535123588553 0.256968 0.924956 -0.280041 -0.600388 -0.935411 0.310866 0.168428 -0.22999 0.242844 0.218673 0.945097 0.383887 
1535123588703 0.257552 0.925079 -0.279099 -0.600467 -0.935411 0.311109 0.167981 -0.23002 0.242226 0.217808 0.945456 0.383723 
1535123588870 0.257794 0.925365 -0.277923 -0.600493 -0.935525 0.310965 0.16761 -0.229905 0.241525 0.216795 0.945868 0.383697 
1535123589101 0.258751 0.925648 -0.276086 -0.600504 -0.935561 0.31128 0.166825 -0.229979 0.240362 0.215129 0.946544 0.383424 
1535123589288 0.259 0.92591 -0.274972 -0.600536 -0.935685 0.311146 0.166381 -0.229841 0.239611 0.214195 0.946946 0.383292 
1535123589454 0.25948 0.926104 -0.273863 -0.600547 -0.935675 0.311295 0.166153 -0.229854 0.239127 0.213133 0.947308 0.383265 
1535123589770 0.259929 0.926199 -0.273117 -0.600569 -0.935692 0.311466 0.165739 -0.229853 0.238574 0.212473 0.947596 0.383109 
1535123591184 0.248509 0.925418 -0.286084 -0.572339 -0.937742 0.303842 0.168286 -0.216498 0.24266 0.226453 0.943311 0.403243 
1535123593546 0.213065 0.919636 -0.329959 -0.472721 -0.943921 0.28093 0.173468 -0.171036 0.252222 0.274495 0.92792 0.473865 
