1535142351033 0.47256 0.840684 -0.264459 -0.621578 -0.843188 0.518578 0.141812 -0.229918 0.256361 0.155974 0.953914 0.373465 
1535142356495 0.472562 0.840682 -0.264458 -0.621577 -0.843187 0.51858 0.141811 -0.22992 0.256361 0.155973 0.953914 0.373466 
1535142357483 0.422174 0.862424 -0.279275 -0.624321 -0.868457 0.473107 0.148165 -0.232858 0.259908 0.179987 0.948711 0.374814 
1535142358465 0.370034 0.88111 -0.294481 -0.627182 -0.891167 0.426211 0.15545 -0.236085 0.26248 0.20491 0.94293 0.37613 
1535142359205 0.343546 0.889203 -0.302149 -0.628655 -0.901429 0.40247 0.159509 -0.237749 0.263442 0.217567 0.939821 0.37689 
1535142360193 0.289642 0.903252 -0.316613 -0.631502 -0.920017 0.353964 0.168163 -0.240961 0.263963 0.242582 0.93353 0.378226 
1535142361176 0.234778 0.914202 -0.330324 -0.634416 -0.935812 0.304496 0.177593 -0.244104 0.262938 0.267426 0.92701 0.379545 
1535142361331 0.234348 0.914013 -0.331152 -0.634583 -0.93571 0.304466 0.178178 -0.244312 0.263682 0.268106 0.926602 0.379671 
1535142361608 0.232532 0.914399 -0.331365 -0.634473 -0.936013 0.302954 0.179162 -0.244325 0.264214 0.268501 0.926336 0.379652 
1535142361953 0.226312 0.91515 -0.333591 -0.634467 -0.936702 0.298404 0.183151 -0.244771 0.267155 0.271026 0.924756 0.38008 
1535142362201 0.223176 0.915383 -0.335061 -0.634507 -0.936888 0.296334 0.185542 -0.245053 0.269133 0.272506 0.923747 0.380235 
1535142362579 0.216756 0.916137 -0.337209 -0.634587 -0.937478 0.291693 0.189871 -0.245331 0.27231 0.27497 0.922084 0.380655 
1535142362957 0.21083 0.916588 -0.33973 -0.634629 -0.937879 0.287642 0.194025 -0.245965 0.275562 0.277719 0.920292 0.381031 
1535142363191 0.207487 0.916751 -0.341346 -0.63471 -0.938043 0.285452 0.196447 -0.246121 0.277531 0.279437 0.91918 0.381042 
1535142363238 0.207124 0.916789 -0.341465 -0.634687 -0.937993 0.28527 0.196951 -0.246218 0.277972 0.279499 0.919028 0.381153 
1535142363433 0.206539 0.916727 -0.341986 -0.634755 -0.938279 0.284678 0.196443 -0.246368 0.277441 0.280305 0.918943 0.381199 
1535142363591 0.205416 0.91674 -0.342625 -0.63488 -0.938762 0.283528 0.195798 -0.246392 0.276639 0.281424 0.918842 0.381276 
1535142363743 0.204326 0.916788 -0.343149 -0.634965 -0.939072 0.282552 0.195726 -0.246428 0.276396 0.28225 0.918662 0.381379 
1535142363879 0.203278 0.91683 -0.343657 -0.635045 -0.93944 0.28154 0.195419 -0.246511 0.275919 0.283121 0.918538 0.381468 
1535142364079 0.20128 0.916811 -0.344883 -0.635189 -0.940042 0.279762 0.195073 -0.246708 0.27533 0.28494 0.918151 0.381572 
1535142364207 0.200368 0.916864 -0.345271 -0.63526 -0.940344 0.278886 0.194877 -0.246826 0.274966 0.285626 0.918047 0.381828 
1535142364355 0.199329 0.916874 -0.345848 -0.635343 -0.9407 0.277899 0.194563 -0.24693 0.2745 0.286557 0.917897 0.381911 
1535142364815 0.198614 0.916842 -0.346342 -0.635395 -0.94093 0.277256 0.194369 -0.247061 0.274231 0.287279 0.917752 0.382004 
1535142364832 0.198615 0.916842 -0.346342 -0.635395 -0.94093 0.277257 0.194369 -0.247061 0.274231 0.287279 0.917752 0.382005 
1535142364848 0.198615 0.916842 -0.346341 -0.635395 -0.94093 0.277257 0.194369 -0.247062 0.274231 0.287278 0.917752 0.382005 
1535142365121 0.196804 0.917499 -0.345636 -0.635668 -0.942098 0.274592 0.192484 -0.247263 0.271513 0.287741 0.918415 0.382057 
1535142365352 0.195517 0.917946 -0.34518 -0.63588 -0.943008 0.272615 0.190833 -0.24759 0.269275 0.288196 0.918931 0.382201 
1535142365439 0.194991 0.918137 -0.344967 -0.636007 -0.94344 0.271734 0.189952 -0.247677 0.268141 0.288417 0.919193 0.382222 
1535142365600 0.194353 0.918351 -0.344758 -0.636079 -0.9438 0.27085 0.189424 -0.247718 0.267336 0.288567 0.91938 0.382273 
1535142365622 0.194378 0.918345 -0.344759 -0.636086 -0.943808 0.27086 0.189371 -0.247746 0.26729 0.288577 0.919391 0.38228 
1535142365764 0.194613 0.918471 -0.344291 -0.636088 -0.943867 0.270866 0.189067 -0.247814 0.266909 0.28817 0.919629 0.382244 
1535142365816 0.194818 0.918608 -0.343811 -0.636129 -0.943973 0.270799 0.188635 -0.247951 0.266385 0.287798 0.919897 0.382114 
1535142365898 0.194539 0.91875 -0.343589 -0.636228 -0.944225 0.270282 0.188112 -0.248062 0.265694 0.28783 0.920087 0.381979 
1535142365945 0.194467 0.919002 -0.342954 -0.636257 -0.944389 0.269925 0.187805 -0.248099 0.265165 0.28736 0.920387 0.382036 
1535142366026 0.194211 0.919276 -0.342365 -0.636357 -0.944646 0.269343 0.187346 -0.248092 0.264436 0.287029 0.920699 0.38203 
1535142366142 0.193829 0.919655 -0.341562 -0.636486 -0.945164 0.268346 0.186161 -0.248266 0.26286 0.286748 0.921238 0.381851 
1535142367118 0.193553 0.920048 -0.34066 -0.636604 -0.945618 0.267472 0.18511 -0.248412 0.261427 0.286305 0.921784 0.381788 
1535142367164 0.193684 0.919913 -0.340948 -0.636518 -0.945418 0.267842 0.185596 -0.24833 0.262052 0.286392 0.921579 0.381825 
1535142367230 0.193907 0.919619 -0.341615 -0.636466 -0.945134 0.268444 0.186169 -0.248284 0.262909 0.286772 0.921217 0.381859 
1535142367360 0.19504 0.919708 -0.340729 -0.636404 -0.945023 0.269189 0.185655 -0.248262 0.262469 0.285787 0.921648 0.381733 
1535142367402 0.195457 0.919677 -0.340575 -0.636412 -0.944943 0.269541 0.185553 -0.248204 0.262447 0.285556 0.921726 0.381671 
1535142367472 0.19591 0.919687 -0.340287 -0.636402 -0.944878 0.269874 0.185398 -0.248147 0.262343 0.285208 0.921864 0.381577 
1535142367539 0.196529 0.919727 -0.339821 -0.636346 -0.9448 0.270304 0.185173 -0.248176 0.262163 0.284671 0.922081 0.381556 
1535142367596 0.197153 0.919749 -0.3394 -0.636298 -0.944708 0.270761 0.184973 -0.248206 0.262025 0.284166 0.922276 0.381552 
1535142367687 0.197926 0.919741 -0.338971 -0.636248 -0.944593 0.271347 0.184703 -0.248244 0.261858 0.283632 0.922487 0.381514 
1535142367740 0.198575 0.919696 -0.338713 -0.636217 -0.944474 0.271882 0.184523 -0.248269 0.261795 0.283264 0.922619 0.381474 
1535142367757 0.198657 0.919708 -0.338634 -0.636212 -0.94447 0.271929 0.184475 -0.248266 0.261748 0.283182 0.922657 0.381457 
1535142368002 0.200392 0.919496 -0.338186 -0.635785 -0.944176 0.273383 0.183832 -0.248026 0.261487 0.282469 0.92295 0.381512 
1535142368351 0.204744 0.919177 -0.336443 -0.634822 -0.943439 0.276894 0.182351 -0.247165 0.260772 0.280078 0.92388 0.381684 
1535142368534 0.205818 0.919138 -0.335892 -0.634514 -0.943344 0.277642 0.181708 -0.247135 0.260273 0.279463 0.924207 0.38173 
1535142368764 0.205669 0.91908 -0.336143 -0.634015 -0.94328 0.277655 0.182017 -0.246971 0.26062 0.279642 0.924055 0.381954 
1535142368937 0.20511 0.919095 -0.336443 -0.633699 -0.943288 0.277314 0.182497 -0.2469 0.261033 0.279931 0.923851 0.382137 
1535142369208 0.204956 0.91912 -0.336469 -0.632749 -0.943266 0.277234 0.182732 -0.24648 0.261233 0.279927 0.923795 0.382481 
1535142369353 0.205569 0.918931 -0.336613 -0.632357 -0.943099 0.277872 0.182624 -0.246635 0.261354 0.279917 0.923764 0.382686 
1535142369512 0.205534 0.918943 -0.336598 -0.63204 -0.943073 0.277873 0.182756 -0.246461 0.261474 0.279874 0.923743 0.382776 
1535142369753 0.205733 0.918897 -0.336604 -0.631794 -0.943019 0.278071 0.182734 -0.246466 0.261513 0.279829 0.923746 0.382878 
1535142370045 0.20531 0.918792 -0.337149 -0.631184 -0.942922 0.277986 0.183361 -0.246166 0.262193 0.280259 0.923423 0.383103 
1535142370282 0.205457 0.918605 -0.337568 -0.630619 -0.942648 0.278466 0.184043 -0.245983 0.263064 0.280394 0.923134 0.383306 
1535142370587 0.205158 0.918389 -0.338336 -0.629508 -0.942344 0.278734 0.185191 -0.245627 0.264383 0.280835 0.922623 0.383726 
1535142370936 0.205305 0.918088 -0.339064 -0.628478 -0.941866 0.27949 0.186475 -0.245235 0.265965 0.281069 0.922097 0.384257 
1535142371235 0.205194 0.917851 -0.339771 -0.62739 -0.941559 0.27988 0.187438 -0.24489 0.267136 0.281453 0.921641 0.384693 
1535142371324 0.205589 0.917662 -0.340043 -0.627155 -0.941362 0.280422 0.18762 -0.244995 0.267527 0.281531 0.921504 0.384814 
1535142371547 0.205047 0.917825 -0.339932 -0.626983 -0.941492 0.279881 0.187777 -0.244633 0.267487 0.28154 0.921513 0.384809 
1535142371928 0.205067 0.917765 -0.340079 -0.625187 -0.941079 0.280359 0.18913 -0.244128 0.268921 0.281257 0.921182 0.385454 
1535142371958 0.205096 0.917767 -0.340057 -0.625077 -0.941031 0.280425 0.18927 -0.244049 0.269067 0.281185 0.921161 0.385507 
1535142372249 0.20488 0.917763 -0.340198 -0.624515 -0.94111 0.280218 0.189184 -0.243768 0.268956 0.281404 0.921127 0.385653 
1535142372587 0.204593 0.917818 -0.340224 -0.623371 -0.941174 0.279954 0.189256 -0.243062 0.268949 0.281489 0.921103 0.386093 
1535142372827 0.204707 0.917715 -0.340432 -0.62279 -0.941065 0.280191 0.189445 -0.242808 0.269243 0.281587 0.920987 0.386407 
1535142373167 0.204769 0.917666 -0.340527 -0.621638 -0.941224 0.280089 0.188807 -0.242031 0.26864 0.28185 0.921083 0.386791 
1535142373496 0.205369 0.917339 -0.341047 -0.620435 -0.941097 0.280752 0.188456 -0.241459 0.268628 0.282255 0.920962 0.387112 
1535142373709 0.205608 0.91723 -0.341194 -0.620027 -0.941065 0.280984 0.188269 -0.24128 0.268556 0.282376 0.920946 0.387353 
1535142373951 0.205711 0.91713 -0.341401 -0.61946 -0.940856 0.281318 0.188811 -0.241149 0.269207 0.282369 0.920758 0.387585 
1535142374238 0.205449 0.917038 -0.341806 -0.618765 -0.940589 0.281497 0.189875 -0.240792 0.27034 0.282489 0.920389 0.38775 
1535142374354 0.205951 0.916841 -0.342032 -0.618464 -0.940348 0.282149 0.190098 -0.240939 0.270793 0.282479 0.920259 0.387935 
1535142374669 0.205437 0.916617 -0.342942 -0.617481 -0.940271 0.282056 0.190616 -0.24042 0.271451 0.283299 0.919813 0.388306 
1535142374868 0.205749 0.916342 -0.34349 -0.617053 -0.94008 0.282589 0.190769 -0.240351 0.271876 0.283657 0.919577 0.388527 
1535142374898 0.2056 0.916341 -0.34358 -0.616955 -0.940102 0.282479 0.190823 -0.240256 0.271913 0.283767 0.919532 0.388559 
1535142375114 0.205642 0.916296 -0.343675 -0.61676 -0.940053 0.28258 0.190915 -0.240193 0.27205 0.283813 0.919478 0.388634 
1535142375327 0.205786 0.916353 -0.343439 -0.61613 -0.939976 0.282712 0.191098 -0.240032 0.272207 0.283499 0.919528 0.388742 
1535142375480 0.206114 0.916192 -0.343671 -0.615798 -0.939783 0.283194 0.191336 -0.240133 0.272626 0.283539 0.919391 0.388886 
1535142375644 0.206177 0.916214 -0.343574 -0.615491 -0.939734 0.283268 0.191467 -0.240054 0.272748 0.283392 0.9194 0.388971 
1535142375761 0.205887 0.916334 -0.343428 -0.615265 -0.939797 0.282967 0.191599 -0.239759 0.272748 0.283305 0.919427 0.388992 
1535142376007 0.206072 0.916274 -0.343476 -0.614644 -0.939648 0.283263 0.191897 -0.239681 0.273124 0.283202 0.919347 0.389175 
1535142376701 0.206285 0.916184 -0.34359 -0.614403 -0.939536 0.283553 0.192016 -0.239667 0.273348 0.283205 0.91928 0.38928 
1535142376715 0.206294 0.91618 -0.343594 -0.614424 -0.939536 0.283561 0.192004 -0.239668 0.27334 0.28321 0.919281 0.389271 
1535142376955 0.206002 0.916327 -0.343378 -0.614231 -0.939668 0.283172 0.19193 -0.239407 0.273105 0.283124 0.919377 0.389263 
1535142377259 0.206328 0.91616 -0.343626 -0.613245 -0.939614 0.28351 0.191695 -0.239165 0.273045 0.283324 0.919334 0.38968 
1535142377437 0.206547 0.916067 -0.343744 -0.612901 -0.939507 0.2838 0.191792 -0.239008 0.273248 0.283336 0.919269 0.389849 
1535142377616 0.206676 0.916049 -0.343714 -0.612614 -0.939455 0.283938 0.191841 -0.23887 0.273329 0.283255 0.91927 0.390025 
1535142377851 0.206763 0.916018 -0.343745 -0.611982 -0.939477 0.283983 0.191666 -0.238579 0.273187 0.283311 0.919295 0.390196 
1535142378348 0.206859 0.915959 -0.343844 -0.611774 -0.939447 0.284103 0.191638 -0.238497 0.27322 0.283382 0.919264 0.390302 
1535142378367 0.206958 0.915933 -0.343855 -0.611807 -0.939423 0.284199 0.191611 -0.238571 0.273226 0.28337 0.919266 0.3903 
1535142378691 0.206774 0.915758 -0.344429 -0.610818 -0.939052 0.284575 0.192869 -0.238078 0.274637 0.283556 0.918787 0.390738 
1535142378945 0.207129 0.91539 -0.345195 -0.610112 -0.938631 0.28542 0.193669 -0.237928 0.275808 0.283896 0.918332 0.391077 
1535142379125 0.20739 0.915242 -0.345428 -0.60976 -0.938415 0.285876 0.194042 -0.237826 0.276345 0.283913 0.918165 0.39122 
1535142379367 0.20731 0.915075 -0.345918 -0.609101 -0.93815 0.286195 0.19485 -0.237488 0.277303 0.284129 0.917809 0.391577 
1535142380044 0.207777 0.914844 -0.34625 -0.608825 -0.937919 0.286832 0.195028 -0.237566 0.277736 0.284232 0.917646 0.391678 
1535142380347 0.207392 0.914987 -0.346102 -0.608228 -0.938058 0.286387 0.195012 -0.236978 0.277552 0.28422 0.917706 0.391796 
1535142380579 0.208095 0.914866 -0.346002 -0.607596 -0.937787 0.287138 0.195213 -0.236828 0.277944 0.283853 0.917701 0.392065 
1535142380747 0.208591 0.914709 -0.346117 -0.607236 -0.937651 0.28765 0.195109 -0.23683 0.278028 0.283839 0.917679 0.392213 
1535142380921 0.20896 0.914575 -0.346248 -0.606945 -0.93753 0.288061 0.195083 -0.236846 0.278159 0.283854 0.917635 0.392289 
1535142381069 0.209004 0.914624 -0.346092 -0.606662 -0.937511 0.288078 0.19515 -0.236665 0.278191 0.283678 0.91768 0.392394 
1535142381550 0.209237 0.914557 -0.346129 -0.60643 -0.937461 0.288301 0.195061 -0.236584 0.278184 0.283669 0.917685 0.392493 
1535142381791 0.209029 0.914721 -0.34582 -0.606258 -0.937534 0.288015 0.195136 -0.236508 0.278097 0.283429 0.917785 0.392514 
1535142381963 0.20932 0.914678 -0.34576 -0.605871 -0.937446 0.288296 0.195142 -0.236562 0.278173 0.283284 0.917807 0.392576 
1535142382251 0.208989 0.914996 -0.345117 -0.604934 -0.93748 0.287892 0.195577 -0.236048 0.278309 0.282667 0.917956 0.392947 
1535142382432 0.209321 0.914999 -0.344907 -0.604569 -0.937384 0.288178 0.195614 -0.236022 0.278381 0.282365 0.918027 0.393102 
1535142382606 0.209463 0.915006 -0.344803 -0.604233 -0.937372 0.288267 0.195538 -0.235971 0.278314 0.282251 0.918083 0.393164 
1535142382773 0.209678 0.915028 -0.344615 -0.603852 -0.937321 0.288431 0.195541 -0.235964 0.278323 0.282014 0.918153 0.393313 
1535142383405 0.209699 0.915105 -0.344396 -0.603622 -0.93732 0.2884 0.195595 -0.235824 0.278314 0.281793 0.918223 0.393475 
1535142383594 0.209465 0.915322 -0.343962 -0.603656 -0.9374 0.288061 0.195708 -0.235685 0.278218 0.281436 0.918362 0.393333 
1535142383786 0.209709 0.915863 -0.34237 -0.603151 -0.937544 0.287748 0.195478 -0.235386 0.277547 0.279993 0.919006 0.393234 
1535142383818 0.209591 0.91609 -0.341834 -0.603013 -0.937628 0.287466 0.195493 -0.235201 0.277355 0.27954 0.919202 0.393241 
1535142383932 0.209829 0.916288 -0.341158 -0.60281 -0.93761 0.287508 0.195518 -0.235128 0.277237 0.278848 0.919447 0.393294 
1535142384003 0.209637 0.916631 -0.340351 -0.602578 -0.937746 0.287063 0.195517 -0.234913 0.27692 0.278175 0.919747 0.393352 
1535142384265 0.20992 0.91689 -0.339479 -0.602283 -0.937762 0.287062 0.195444 -0.234804 0.276652 0.277323 0.920085 0.393351 
1535142384282 0.209916 0.916895 -0.339468 -0.602278 -0.937765 0.287053 0.19544 -0.234801 0.276644 0.277315 0.920089 0.393351 
1535142384303 0.209912 0.9169 -0.339456 -0.602273 -0.937769 0.287044 0.195435 -0.234799 0.276633 0.277307 0.920095 0.393349 
1535142384479 0.210083 0.917018 -0.339032 -0.60234 -0.937821 0.287023 0.195217 -0.23477 0.276328 0.276939 0.920298 0.393291 
1535142384527 0.210429 0.917213 -0.338289 -0.602249 -0.937818 0.287113 0.195099 -0.23465 0.276075 0.276199 0.920596 0.393215 
1535142384663 0.210503 0.917468 -0.337552 -0.602128 -0.937975 0.286852 0.194728 -0.234462 0.275484 0.275624 0.920945 0.39308 
1535142384724 0.210839 0.917692 -0.336731 -0.602009 -0.93795 0.286941 0.194717 -0.234381 0.275312 0.274783 0.921248 0.393068 
1535142384843 0.211209 0.917887 -0.335968 -0.601884 -0.937997 0.286995 0.194411 -0.234281 0.274869 0.274075 0.921591 0.392988 
1535142385017 0.211733 0.918333 -0.334414 -0.601626 -0.938088 0.286948 0.194041 -0.234069 0.274154 0.272625 0.922234 0.392875 
1535142385808 0.212137 0.918636 -0.333325 -0.601437 -0.938126 0.286967 0.193827 -0.233871 0.273709 0.271584 0.922673 0.392748 
1535142385826 0.212137 0.918636 -0.333325 -0.601437 -0.938126 0.286967 0.193827 -0.233871 0.27371 0.271583 0.922673 0.392748 
1535142385843 0.212136 0.918636 -0.333325 -0.601437 -0.938126 0.286967 0.193827 -0.233871 0.27371 0.271583 0.922673 0.392748 
1535142385923 0.212158 0.91862 -0.333356 -0.601451 -0.938117 0.286998 0.193826 -0.233902 0.273725 0.271605 0.922662 0.392762 
1535142385947 0.2122 0.918579 -0.333442 -0.6015 -0.93812 0.287043 0.193743 -0.23398 0.273681 0.271697 0.922648 0.392787 
1535142386071 0.212347 0.918657 -0.333135 -0.601675 -0.938103 0.2871 0.193743 -0.234064 0.273626 0.271374 0.92276 0.392777 
1535142386088 0.212387 0.918768 -0.332802 -0.601663 -0.938129 0.287032 0.193716 -0.234037 0.273505 0.271068 0.922885 0.392746 
1535142386133 0.2125 0.918891 -0.33239 -0.601678 -0.938169 0.286986 0.193593 -0.233972 0.273283 0.2707 0.923059 0.392615 
1535142386229 0.212489 0.919026 -0.332024 -0.60176 -0.938262 0.28681 0.193404 -0.233849 0.272971 0.270429 0.923231 0.392523 
1535142386277 0.212856 0.91916 -0.331417 -0.601734 -0.938257 0.286947 0.193221 -0.233882 0.2727 0.269826 0.923487 0.392552 
1535142386942 0.213373 0.919377 -0.330482 -0.601796 -0.93826 0.287116 0.192957 -0.233832 0.272287 0.268906 0.923877 0.392401 
1535142388302 0.211344 0.919219 -0.332219 -0.573255 -0.93975 0.284546 0.189481 -0.219984 0.268706 0.272157 0.923974 0.410322 
1535142390581 0.208401 0.918632 -0.335684 -0.472761 -0.944381 0.278275 0.175233 -0.17173 0.254387 0.280495 0.925532 0.474472 
