1533738572746 0.330497 0.943804 0.00233863 -0.51789 -0.943579 0.330362 0.0228195 -0.196043 0.0207645 -0.00974846 0.999737 0.305081 
1533738579291 0.330504 0.943802 0.00233626 -0.517891 -0.943576 0.330368 0.0228177 -0.196044 0.0207635 -0.00974576 0.999737 0.305079 
1533738580651 0.318122 0.943982 -0.0877308 -0.527639 -0.946299 0.321794 0.0311088 -0.196057 0.0575974 0.0731232 0.995658 0.318073 
1533738581859 0.303711 0.935948 -0.178218 -0.537251 -0.948028 0.315495 0.0412982 -0.196002 0.0948798 0.156413 0.983124 0.330762 
1533738583164 0.285059 0.920637 -0.266774 -0.546875 -0.949684 0.308958 0.0514388 -0.196099 0.129778 0.238688 0.962385 0.343783 
1533738584283 0.263082 0.897949 -0.352812 -0.556485 -0.951169 0.302603 0.0609019 -0.196187 0.161449 0.319561 0.93371 0.356602 
1533738585401 0.238292 0.867934 -0.435783 -0.566115 -0.952008 0.297497 0.0719429 -0.196194 0.192086 0.397726 0.897172 0.369604 
1533738586530 0.21107 0.830797 -0.515001 -0.575688 -0.952315 0.293541 0.0832397 -0.196313 0.220329 0.472874 0.853139 0.382738 
1533738587639 0.181269 0.787075 -0.589623 -0.585323 -0.952193 0.290385 0.0948942 -0.196318 0.245906 0.544233 0.802085 0.395756 
1533738588728 0.14926 0.736809 -0.65942 -0.594959 -0.95159 0.288259 0.106695 -0.19641 0.268698 0.611571 0.744165 0.408695 
1533738589805 0.114275 0.681953 -0.722413 -0.606145 -0.950483 0.286595 0.120192 -0.198924 0.289005 0.672906 0.680935 0.420612 
1533738589849 0.114544 0.681626 -0.722679 -0.606293 -0.950327 0.287114 0.120179 -0.199046 0.289409 0.673016 0.680655 0.420946 
1533738590271 0.111221 0.676293 -0.728188 -0.6069 -0.950501 0.286308 0.120728 -0.198812 0.290134 0.678716 0.674661 0.421802 
1533738590861 0.104301 0.663798 -0.740604 -0.608541 -0.950207 0.286378 0.122859 -0.198335 0.293646 0.690912 0.660615 0.424625 
1533738591293 0.10119 0.657838 -0.746331 -0.609316 -0.949981 0.286683 0.123889 -0.198086 0.29546 0.696464 0.653943 0.426297 
1533738591727 0.0977152 0.651511 -0.75232 -0.610125 -0.949803 0.286793 0.124998 -0.197823 0.297197 0.702342 0.646831 0.427749 
1533738592166 0.0940917 0.645126 -0.75826 -0.610953 -0.949656 0.286776 0.126147 -0.197505 0.298832 0.708217 0.639631 0.429136 
1533738592595 0.0907114 0.638857 -0.763959 -0.611726 -0.949495 0.286867 0.127149 -0.197287 0.300385 0.713841 0.632614 0.430702 
1533738593040 0.0872642 0.632507 -0.769624 -0.612518 -0.949297 0.28703 0.128256 -0.197003 0.302027 0.719409 0.625484 0.432215 
1533738593490 0.0836407 0.626018 -0.77531 -0.613341 -0.949096 0.28715 0.129468 -0.196692 0.303679 0.725015 0.618168 0.433723 
1533738593507 0.0835784 0.625857 -0.775446 -0.61336 -0.94901 0.287357 0.129638 -0.196669 0.303965 0.725072 0.617962 0.433789 
1533738593651 0.0840566 0.625981 -0.775295 -0.613354 -0.94887 0.28786 0.129545 -0.196659 0.304269 0.724765 0.618171 0.433836 
1533738593692 0.0845433 0.62635 -0.774944 -0.613323 -0.948957 0.287785 0.129075 -0.196688 0.303863 0.724476 0.618709 0.433708 
1533738593805 0.0852416 0.626748 -0.774546 -0.613375 -0.948961 0.287987 0.128597 -0.196647 0.303656 0.724052 0.619307 0.433525 
1533738593854 0.0858982 0.62707 -0.774213 -0.613422 -0.948801 0.288573 0.12846 -0.196495 0.30397 0.723539 0.619752 0.433466 
1533738593955 0.0868983 0.627359 -0.773866 -0.613443 -0.948634 0.289317 0.12802 -0.196466 0.304207 0.722991 0.620275 0.433296 
1533738594013 0.0878149 0.627617 -0.773554 -0.613458 -0.94857 0.289786 0.127433 -0.196532 0.304144 0.722579 0.620786 0.433194 
1533738594153 0.089575 0.628356 -0.772752 -0.613511 -0.94837 0.290825 0.126549 -0.196449 0.304253 0.721519 0.621965 0.432959 
1533738594222 0.0902514 0.628615 -0.772463 -0.613582 -0.948242 0.291349 0.126305 -0.196299 0.304453 0.721082 0.622373 0.432731 
1533738594259 0.0903251 0.628695 -0.772388 -0.613628 -0.948223 0.291408 0.126308 -0.196209 0.304489 0.720988 0.622465 0.432644 
1533738594275 0.0904321 0.628725 -0.772352 -0.613637 -0.948197 0.291506 0.126276 -0.196197 0.304538 0.720923 0.622517 0.432628 
1533738594426 0.0909738 0.629009 -0.772056 -0.613635 -0.947876 0.292429 0.126556 -0.196176 0.305377 0.7203 0.622826 0.432576 
1533738594536 0.0908925 0.629077 -0.772011 -0.613641 -0.94755 0.293154 0.127319 -0.196206 0.306412 0.719946 0.622727 0.432648 
1533738594638 0.0913039 0.629305 -0.771776 -0.613646 -0.947268 0.293936 0.12761 -0.196221 0.307158 0.719428 0.622958 0.432597 
1533738594749 0.0917407 0.629465 -0.771594 -0.613674 -0.94695 0.294824 0.127927 -0.196252 0.30801 0.718925 0.623119 0.432527 
1533738594858 0.0923549 0.629611 -0.771401 -0.613722 -0.946633 0.295776 0.128075 -0.196339 0.308799 0.718405 0.623327 0.432442 
1533738594958 0.0927927 0.629863 -0.771144 -0.613723 -0.94628 0.296723 0.128493 -0.196315 0.309749 0.717794 0.62356 0.432422 
1533738595064 0.0931062 0.630108 -0.770905 -0.613729 -0.945977 0.297504 0.128918 -0.196289 0.310579 0.717255 0.623767 0.432384 
1533738595177 0.0934868 0.630262 -0.770733 -0.61376 -0.945658 0.29836 0.129277 -0.196313 0.311434 0.716764 0.623905 0.432327 
1533738595201 0.0935988 0.630329 -0.770665 -0.613758 -0.945563 0.29861 0.129393 -0.196308 0.311688 0.716602 0.623965 0.432325 
1533738595220 0.0937104 0.630382 -0.770608 -0.61376 -0.945482 0.29883 0.129476 -0.196311 0.311901 0.716463 0.624018 0.432325 
1533738595234 0.0937987 0.630417 -0.770569 -0.613764 -0.945421 0.298998 0.129533 -0.196317 0.312059 0.716362 0.624055 0.432323 
1533738595251 0.0938545 0.630436 -0.770546 -0.613767 -0.945384 0.299102 0.129565 -0.196322 0.312154 0.716302 0.624077 0.432321 
1533738595268 0.0938765 0.630434 -0.770545 -0.613772 -0.945378 0.299125 0.129557 -0.196331 0.312166 0.716294 0.624079 0.432317 
1533738595284 0.0938808 0.630421 -0.770555 -0.613776 -0.945387 0.299107 0.12953 -0.196339 0.312137 0.716313 0.624073 0.432315 
1533738595409 0.0940652 0.630499 -0.770469 -0.613793 -0.945288 0.299394 0.129595 -0.196332 0.312383 0.716125 0.624165 0.432299 
1533738595426 0.094199 0.630609 -0.770363 -0.613788 -0.945182 0.29967 0.12973 -0.196308 0.312663 0.715912 0.624269 0.432304 
1533738595446 0.0943341 0.630706 -0.770267 -0.613784 -0.945089 0.299917 0.129832 -0.196293 0.312902 0.715723 0.624366 0.432307 
1533738595511 0.0945171 0.630803 -0.770165 -0.613798 -0.945002 0.300171 0.129881 -0.196282 0.31311 0.715532 0.624481 0.43229 
1533738595534 0.0945634 0.630834 -0.770134 -0.613804 -0.944962 0.300273 0.12993 -0.196272 0.313215 0.715461 0.624509 0.432283 
1533738595551 0.094647 0.630892 -0.770077 -0.613804 -0.944892 0.300457 0.130019 -0.196262 0.313402 0.715333 0.624562 0.432279 
1533738595568 0.094738 0.630955 -0.770013 -0.613804 -0.944813 0.300661 0.130119 -0.196251 0.313612 0.715191 0.624619 0.432276 
1533738595584 0.0947821 0.630985 -0.769983 -0.613803 -0.944775 0.30076 0.130168 -0.196246 0.313714 0.715123 0.624646 0.432275 
1533738595601 0.0948338 0.631015 -0.769953 -0.613805 -0.944729 0.30088 0.130226 -0.196242 0.313838 0.715047 0.624671 0.432272 
1533738595618 0.09483 0.631005 -0.769961 -0.613808 -0.944734 0.300868 0.130215 -0.196245 0.313823 0.71506 0.624664 0.432269 
1533738595634 0.0948098 0.630986 -0.769979 -0.613811 -0.944755 0.300815 0.130183 -0.196249 0.313765 0.715099 0.624648 0.432266 
1533738595651 0.0947845 0.630964 -0.77 -0.613815 -0.944782 0.300748 0.130143 -0.196255 0.313691 0.715147 0.62463 0.432264 
1533738595740 0.0947955 0.630961 -0.770001 -0.613826 -0.944794 0.300726 0.130109 -0.196271 0.313653 0.715159 0.624636 0.432264 
1533738595753 0.0948491 0.63101 -0.769954 -0.613822 -0.944741 0.300858 0.130185 -0.196264 0.313795 0.71506 0.624678 0.432267 
1533738595770 0.0949624 0.631111 -0.769858 -0.613814 -0.944651 0.30109 0.130303 -0.196253 0.314033 0.714873 0.624772 0.432272 
1533738595787 0.0950889 0.631217 -0.769755 -0.613805 -0.94459 0.301259 0.130353 -0.196252 0.314177 0.714708 0.624888 0.43228 
1533738595803 0.0951711 0.631277 -0.769696 -0.613802 -0.944569 0.30133 0.130346 -0.196255 0.314217 0.714626 0.624962 0.432284 
1533738595886 0.0951097 0.631262 -0.769716 -0.613829 -0.944605 0.301227 0.130323 -0.196238 0.314127 0.714682 0.624943 0.432273 
1533738595904 0.0949799 0.63116 -0.769815 -0.613842 -0.944667 0.301053 0.130276 -0.196243 0.313981 0.714845 0.62483 0.432263 
1533738595916 0.0948606 0.631067 -0.769906 -0.613854 -0.9447 0.300947 0.13028 -0.196243 0.313917 0.714972 0.624717 0.432251 
1533738595933 0.094643 0.630898 -0.770072 -0.613876 -0.944763 0.300747 0.130281 -0.196245 0.313791 0.715206 0.624513 0.432233 
1533738595953 0.0944816 0.630778 -0.77019 -0.613891 -0.944821 0.300575 0.130264 -0.196251 0.313667 0.715384 0.62437 0.432231 
1533738595970 0.0944008 0.630728 -0.77024 -0.613897 -0.944833 0.300525 0.130293 -0.196252 0.313656 0.715448 0.624303 0.432243 
1533738596000 0.0941616 0.63066 -0.770326 -0.613906 -0.944879 0.300338 0.130387 -0.196254 0.313588 0.715587 0.624178 0.432275 
1533738596016 0.0940622 0.630622 -0.770369 -0.613908 -0.944895 0.300269 0.130428 -0.196262 0.313569 0.71565 0.624116 0.432293 
1533738596131 0.0941272 0.630632 -0.770353 -0.6139 -0.944936 0.300199 0.130292 -0.196335 0.313426 0.71567 0.624164 0.432429 
1533738596146 0.0945343 0.630742 -0.770213 -0.613882 -0.944895 0.300431 0.130055 -0.196364 0.313427 0.715476 0.624386 0.432424 
1533738596161 0.0948069 0.630821 -0.770114 -0.613873 -0.944885 0.300545 0.129862 -0.196379 0.313374 0.715358 0.624548 0.432405 
1533738596205 0.0951218 0.630951 -0.769969 -0.613892 -0.944867 0.300687 0.129669 -0.19632 0.313334 0.715184 0.624767 0.432261 
1533738596258 0.0953187 0.631042 -0.76987 -0.613933 -0.944888 0.300699 0.129487 -0.196226 0.313211 0.715099 0.624926 0.432149 
1533738596280 0.0955387 0.631131 -0.76977 -0.613949 -0.944866 0.300819 0.12937 -0.196177 0.313211 0.714969 0.625074 0.432136 
1533738596310 0.0957604 0.63125 -0.769645 -0.613968 -0.944917 0.300768 0.129117 -0.196128 0.312989 0.714886 0.625281 0.432119 
1533738596343 0.0960368 0.63128 -0.769586 -0.613973 -0.944944 0.300806 0.128828 -0.196137 0.312823 0.714843 0.625413 0.432079 
1533738596373 0.0963532 0.631314 -0.769519 -0.613973 -0.944928 0.300958 0.12859 -0.196146 0.312773 0.71475 0.625544 0.432049 
1533738596390 0.0965065 0.631345 -0.769474 -0.613974 -0.944925 0.301017 0.12847 -0.196146 0.312734 0.714697 0.625624 0.432037 
1533738596407 0.0966301 0.631385 -0.769426 -0.613975 -0.944935 0.301036 0.128356 -0.196142 0.312666 0.714654 0.625707 0.43203 
1533738596600 0.0972031 0.631916 -0.768917 -0.613989 -0.945309 0.30031 0.127301 -0.196104 0.311356 0.71449 0.626547 0.43197 
1533738596637 0.0976877 0.631973 -0.768809 -0.613989 -0.945253 0.300613 0.127002 -0.196104 0.311376 0.714312 0.626741 0.431965 
1533738596733 0.0983492 0.6321 -0.76862 -0.613989 -0.945216 0.300926 0.126531 -0.196073 0.311278 0.714068 0.627067 0.43193 
1533738596779 0.0987777 0.632361 -0.76835 -0.613992 -0.945327 0.300791 0.126025 -0.196013 0.310806 0.713894 0.627499 0.431868 
1533738596873 0.0992259 0.632662 -0.768045 -0.614034 -0.945494 0.300525 0.125401 -0.195876 0.310153 0.713739 0.627998 0.431805 
1533738596931 0.0999516 0.633009 -0.767665 -0.614008 -0.94554 0.300636 0.12479 -0.195853 0.309781 0.713385 0.628584 0.43184 
1533738597013 0.10038 0.633242 -0.767417 -0.614007 -0.945675 0.300446 0.124219 -0.195825 0.309228 0.713258 0.629 0.43182 
1533738597044 0.100761 0.633424 -0.767216 -0.613997 -0.945717 0.300462 0.123862 -0.195817 0.308976 0.713089 0.629315 0.431818 
1533738597186 0.100654 0.63361 -0.767077 -0.613986 -0.945832 0.300127 0.123797 -0.195804 0.308659 0.713066 0.629497 0.431768 
1533738597298 0.100107 0.633481 -0.767255 -0.613967 -0.945537 0.300623 0.12484 -0.19586 0.309738 0.712971 0.629074 0.431843 
1533738597391 0.0999291 0.633696 -0.7671 -0.613978 -0.945432 0.300764 0.125299 -0.195839 0.310117 0.71272 0.629172 0.431792 
1533738597498 0.0996269 0.633948 -0.766932 -0.61399 -0.945391 0.300704 0.125753 -0.195829 0.31034 0.712522 0.629287 0.431748 
1533738597606 0.099598 0.634142 -0.766776 -0.613989 -0.94524 0.301006 0.12616 -0.195888 0.310807 0.712222 0.629396 0.431757 
1533738597714 0.0993392 0.634381 -0.766611 -0.613988 -0.945166 0.301039 0.126637 -0.195928 0.311117 0.711994 0.6295 0.431788 
1533738597817 0.0992879 0.634627 -0.766414 -0.613985 -0.945009 0.301337 0.127096 -0.195941 0.311607 0.71165 0.629647 0.431809 
1533738597915 0.099083 0.634923 -0.766195 -0.613949 -0.944923 0.301408 0.127572 -0.195951 0.311935 0.711355 0.629818 0.431832 
1533738598026 0.0987523 0.635101 -0.766091 -0.61394 -0.944841 0.301439 0.128103 -0.195971 0.312288 0.711183 0.629837 0.431806 
1533738598052 0.0986959 0.63515 -0.766057 -0.613938 -0.94481 0.30148 0.128236 -0.195973 0.3124 0.711122 0.629851 0.431793 
1533738598183 0.0985806 0.63505 -0.766155 -0.613946 -0.944817 0.301437 0.128286 -0.196025 0.312416 0.71123 0.629721 0.431771 
1533738598218 0.0986949 0.634844 -0.766311 -0.613961 -0.944853 0.301431 0.128029 -0.196068 0.312268 0.711415 0.629585 0.431786 
1533738598345 0.0981956 0.634402 -0.766741 -0.613949 -0.94502 0.300936 0.127967 -0.196069 0.311923 0.712019 0.629073 0.431878 
1533738598381 0.0980249 0.634145 -0.766975 -0.613955 -0.945108 0.300711 0.12784 -0.196096 0.311707 0.712343 0.628813 0.43189 
1533738598475 0.0977969 0.633884 -0.76722 -0.613907 -0.945032 0.300842 0.128096 -0.196058 0.31201 0.71252 0.628462 0.432009 
1533738598513 0.0974788 0.633675 -0.767433 -0.613906 -0.945132 0.300526 0.128097 -0.196051 0.311806 0.712839 0.628202 0.432056 
1533738598607 0.0971958 0.633422 -0.767678 -0.613892 -0.945157 0.300404 0.128201 -0.196032 0.311819 0.713116 0.627881 0.432121 
1533738598650 0.0969603 0.633141 -0.767939 -0.613913 -0.945273 0.300095 0.128069 -0.196059 0.311541 0.713495 0.627589 0.432109 
1533738598680 0.0968494 0.633004 -0.768066 -0.613921 -0.945297 0.300021 0.128065 -0.196064 0.311502 0.713648 0.627434 0.432108 
1533738598696 0.0968163 0.632958 -0.768109 -0.613923 -0.945284 0.300047 0.128105 -0.196061 0.311554 0.713678 0.627374 0.432109 
1533738598793 0.0966972 0.632739 -0.768304 -0.613915 -0.94535 0.299887 0.127993 -0.196092 0.31139 0.713939 0.627158 0.432114 
1533738598853 0.0974321 0.632964 -0.768025 -0.613883 -0.945255 0.300345 0.127612 -0.196105 0.311447 0.713547 0.627576 0.432166 
1533738598985 0.0981205 0.632995 -0.767912 -0.613926 -0.945218 0.300687 0.127082 -0.19597 0.311344 0.713375 0.627822 0.432147 
1533738599023 0.098374 0.632941 -0.767924 -0.613935 -0.945195 0.300844 0.12688 -0.195952 0.311333 0.713357 0.627849 0.432158 
1533738599118 0.098697 0.633033 -0.767807 -0.613935 -0.945173 0.301003 0.126672 -0.195882 0.3113 0.713208 0.628034 0.432196 
1533738599170 0.0990107 0.632999 -0.767795 -0.61394 -0.945173 0.301126 0.126376 -0.195863 0.311199 0.713186 0.628109 0.432217 
1533738599253 0.0992996 0.632976 -0.767777 -0.613948 -0.945205 0.301165 0.126042 -0.195826 0.311009 0.713191 0.628198 0.432221 
1533738599280 0.0994639 0.63294 -0.767785 -0.613951 -0.94518 0.30129 0.12593 -0.195815 0.311032 0.71317 0.62821 0.432214 
1533738599296 0.0995771 0.632922 -0.767785 -0.613953 -0.945166 0.301368 0.12585 -0.19581 0.311039 0.713153 0.628226 0.432212 
1533738599313 0.0996788 0.632903 -0.767788 -0.613954 -0.945157 0.301431 0.12577 -0.195803 0.311035 0.713143 0.628238 0.432208 
1533738599330 0.0997007 0.632894 -0.767792 -0.613955 -0.945169 0.301413 0.125722 -0.195799 0.310991 0.713159 0.628243 0.432205 
1533738599346 0.0996795 0.632896 -0.767793 -0.613955 -0.945196 0.301342 0.125687 -0.195795 0.310916 0.713187 0.628249 0.432201 
1533738599492 0.0997974 0.632882 -0.76779 -0.613957 -0.945184 0.301416 0.125599 -0.195774 0.310913 0.713169 0.62827 0.432239 
1533738599516 0.100018 0.632813 -0.767818 -0.61396 -0.945126 0.301643 0.125491 -0.195778 0.311019 0.713134 0.628258 0.432239 
1533738599541 0.100279 0.632761 -0.767827 -0.613962 -0.945074 0.301869 0.125341 -0.195784 0.311095 0.713084 0.628277 0.432242 
1533738599626 0.100586 0.632762 -0.767786 -0.613956 -0.944992 0.302171 0.12523 -0.195769 0.311243 0.712955 0.628349 0.432254 
1533738599654 0.100769 0.632682 -0.767827 -0.613961 -0.944952 0.302345 0.125115 -0.195773 0.311307 0.712952 0.628321 0.432252 
1533738599674 0.100857 0.632634 -0.767856 -0.613965 -0.944944 0.302404 0.125033 -0.195774 0.311302 0.71297 0.628303 0.43225 
1533738599691 0.100898 0.63261 -0.76787 -0.613967 -0.944947 0.302417 0.124981 -0.195775 0.311281 0.712986 0.628296 0.43225 
1533738599842 0.100508 0.632373 -0.768116 -0.613989 -0.944939 0.302327 0.125254 -0.195725 0.311429 0.713234 0.62794 0.432266 
1533738599855 0.100296 0.63234 -0.768171 -0.613989 -0.944984 0.30215 0.125341 -0.195726 0.311361 0.713339 0.627855 0.432271 
1533738599906 0.0997957 0.632206 -0.768347 -0.613971 -0.945078 0.30177 0.12555 -0.195787 0.311237 0.713618 0.627599 0.4323 
1533738599967 0.0994644 0.632044 -0.768522 -0.613949 -0.945147 0.301512 0.125645 -0.195855 0.311132 0.71387 0.627365 0.432327 
1533738599997 0.0991261 0.63184 -0.768734 -0.613952 -0.945218 0.301257 0.125727 -0.195886 0.311026 0.714158 0.627089 0.432321 
1533738600023 0.098817 0.631651 -0.76893 -0.613955 -0.945268 0.301057 0.12583 -0.195911 0.310972 0.71441 0.626829 0.43231 
1533738600043 0.0986033 0.631529 -0.769057 -0.613956 -0.945306 0.300908 0.125897 -0.19593 0.310923 0.714581 0.626659 0.432304 
1533738600067 0.0984312 0.631445 -0.769148 -0.613952 -0.945348 0.300762 0.125935 -0.195951 0.310852 0.714716 0.62654 0.432305 
1533738600076 0.0983267 0.63138 -0.769215 -0.613949 -0.945376 0.300668 0.125946 -0.195972 0.310798 0.714814 0.626455 0.432306 
1533738600093 0.0982168 0.631302 -0.769293 -0.613945 -0.945393 0.300602 0.125982 -0.195993 0.310784 0.71491 0.626352 0.43232 
1533738600200 0.0982623 0.63146 -0.769157 -0.613929 -0.945389 0.300601 0.12601 -0.195975 0.31078 0.714771 0.626513 0.432333 
1533738600213 0.09843 0.631637 -0.76899 -0.613921 -0.945396 0.30062 0.125915 -0.195956 0.310706 0.714607 0.626737 0.432324 
1533738600230 0.0985907 0.631824 -0.768816 -0.613915 -0.945417 0.300601 0.125801 -0.19593 0.310591 0.714449 0.626974 0.432302 
1533738600246 0.0987062 0.63198 -0.768673 -0.613914 -0.945442 0.30056 0.125706 -0.1959 0.310476 0.714328 0.627168 0.432273 
1533738600263 0.0987027 0.632031 -0.768632 -0.613921 -0.945467 0.300494 0.12568 -0.195872 0.310402 0.714311 0.627224 0.432242 
1533738600280 0.0986567 0.632044 -0.768627 -0.613933 -0.945498 0.300404 0.125664 -0.195846 0.310323 0.714338 0.627233 0.432208 
1533738600296 0.0986138 0.632056 -0.768623 -0.613948 -0.94554 0.300289 0.125622 -0.195826 0.310209 0.714375 0.627247 0.432165 
1533738600317 0.0985845 0.632072 -0.768613 -0.613953 -0.945589 0.300162 0.125555 -0.195825 0.310068 0.714414 0.627272 0.432123 
1533738600334 0.0985327 0.632107 -0.768591 -0.613952 -0.945646 0.300005 0.1255 -0.195834 0.30991 0.714449 0.62731 0.432102 
1533738600475 0.0992772 0.632509 -0.768164 -0.613914 -0.945647 0.300216 0.124984 -0.195888 0.309669 0.714005 0.627935 0.432086 
1533738600488 0.0993082 0.632516 -0.768154 -0.613915 -0.945645 0.300232 0.124964 -0.195884 0.309666 0.713991 0.627951 0.432087 
1533738600505 0.0994545 0.632588 -0.768076 -0.613922 -0.945664 0.300232 0.124822 -0.195859 0.309562 0.713928 0.628075 0.432105 
