1535113785887 0.248632 0.926582 -0.282184 -0.639785 -0.937587 0.303361 0.170011 -0.251764 0.243132 0.222301 0.944176 0.374326 
1535113790277 0.248632 0.926582 -0.282183 -0.639785 -0.937586 0.303361 0.170011 -0.251764 0.243133 0.2223 0.944176 0.374327 
1535113790287 0.248633 0.926582 -0.282183 -0.639785 -0.937586 0.303361 0.170011 -0.251764 0.243133 0.222301 0.944176 0.374327 
1535113790320 0.248633 0.926582 -0.282183 -0.639785 -0.937586 0.303361 0.170012 -0.251764 0.243133 0.2223 0.944176 0.374327 
1535113790422 0.248633 0.926582 -0.282183 -0.639785 -0.937586 0.303361 0.170012 -0.251764 0.243133 0.2223 0.944176 0.374327 
1535113790437 0.248633 0.926582 -0.282183 -0.639785 -0.937586 0.303361 0.170012 -0.251764 0.243133 0.2223 0.944176 0.374327 
1535113790469 0.248973 0.926419 -0.282419 -0.63997 -0.937475 0.303749 0.169933 -0.251884 0.243213 0.222452 0.94412 0.374243 
1535113790544 0.248973 0.926419 -0.282419 -0.63997 -0.937475 0.303749 0.169933 -0.251884 0.243213 0.222452 0.94412 0.374243 
1535113807202 0.249206 0.926355 -0.282424 -0.64051 -0.937367 0.304015 0.170056 -0.251945 0.243393 0.222356 0.944096 0.374026 
1535113807218 0.249206 0.926355 -0.282424 -0.64051 -0.937367 0.304015 0.170056 -0.251945 0.243393 0.222356 0.944096 0.374026 
1535113807238 0.249206 0.926355 -0.282424 -0.64051 -0.937367 0.304015 0.170056 -0.251945 0.243393 0.222356 0.944096 0.374026 
1535113807253 0.249206 0.926355 -0.282424 -0.64051 -0.937367 0.304015 0.170056 -0.251945 0.243393 0.222356 0.944096 0.374026 
1535113807275 0.249206 0.926355 -0.282424 -0.64051 -0.937367 0.304015 0.170056 -0.251945 0.243393 0.222356 0.944096 0.374026 
1535113807290 0.24902 0.92643 -0.282342 -0.640778 -0.937409 0.303828 0.170154 -0.251859 0.243419 0.222298 0.944103 0.373945 
1535113807309 0.24902 0.92643 -0.282342 -0.640778 -0.937409 0.303828 0.170154 -0.251859 0.243419 0.222298 0.944103 0.373945 
1535113807337 0.248992 0.926452 -0.282293 -0.640699 -0.93742 0.30379 0.170164 -0.251864 0.243407 0.222258 0.944116 0.373974 
1535113807427 0.248992 0.926452 -0.282293 -0.640699 -0.93742 0.30379 0.170164 -0.251864 0.243407 0.222258 0.944116 0.373974 
