1535148775822 0.153449 0.944681 -0.289883 -0.495475 -0.961534 0.210381 0.17661 -0.161858 0.227826 0.251631 0.940626 0.449687 
1535148781016 0.153449 0.944681 -0.289883 -0.495475 -0.961534 0.210381 0.17661 -0.161858 0.227826 0.251631 0.940626 0.449687 
1535148781759 0.15345 0.944681 -0.289882 -0.495475 -0.961534 0.210381 0.17661 -0.161857 0.227826 0.251631 0.940626 0.449688 
1535148782318 0.173781 0.941929 -0.287348 -0.523148 -0.957578 0.229739 0.173967 -0.178068 0.22988 0.244926 0.941895 0.434832 
1535148783115 0.173781 0.941929 -0.287348 -0.523148 -0.957578 0.229739 0.173967 -0.178068 0.22988 0.244926 0.941895 0.434832 
1535148783657 0.193609 0.938815 -0.284853 -0.551133 -0.953367 0.248556 0.171203 -0.194336 0.23153 0.238423 0.943159 0.419415 
1535148784430 0.193609 0.938815 -0.284853 -0.551133 -0.953367 0.248556 0.171203 -0.194336 0.23153 0.238423 0.943159 0.419415 
1535148784973 0.193609 0.938815 -0.284853 -0.551133 -0.953367 0.248556 0.171203 -0.194336 0.23153 0.238423 0.943159 0.419415 
1535148785217 0.223219 0.933544 -0.280479 -0.593091 -0.94638 0.276489 0.167091 -0.218686 0.233536 0.228142 0.945205 0.396487 
1535148785545 0.223219 0.933544 -0.280479 -0.593091 -0.94638 0.276489 0.167091 -0.218686 0.233536 0.228142 0.945205 0.396487 
1535148785849 0.223219 0.933544 -0.280479 -0.593091 -0.94638 0.276489 0.167091 -0.218686 0.233536 0.228142 0.945205 0.396487 
1535148786168 0.223219 0.933544 -0.280479 -0.593091 -0.94638 0.276489 0.167091 -0.218686 0.233536 0.228142 0.945205 0.396487 
1535148786473 0.223219 0.933544 -0.280479 -0.593091 -0.94638 0.276489 0.167091 -0.218686 0.233536 0.228142 0.945205 0.396487 
1535148786768 0.242324 0.929536 -0.277925 -0.621098 -0.941328 0.294619 0.164623 -0.234802 0.234905 0.221726 0.946392 0.380893 
1535148787210 0.239254 0.930374 -0.277781 -0.618699 -0.942224 0.291553 0.164956 -0.232904 0.234458 0.222266 0.946376 0.381927 
1535148787515 0.239254 0.930374 -0.277781 -0.618699 -0.942224 0.291553 0.164956 -0.232904 0.234458 0.222266 0.946376 0.381927 
1535148787812 0.239254 0.930374 -0.277781 -0.618699 -0.942224 0.291553 0.164956 -0.232904 0.234458 0.222266 0.946376 0.381927 
1535148787915 0.246478 0.928601 -0.277396 -0.626612 -0.940159 0.298585 0.164162 -0.23809 0.235267 0.220334 0.946627 0.377827 
1535148788305 0.246478 0.928601 -0.277396 -0.626612 -0.940159 0.298585 0.164162 -0.23809 0.235267 0.220334 0.946627 0.377827 
1535148788675 0.24927 0.928013 -0.276868 -0.630827 -0.939382 0.3012 0.163826 -0.240492 0.235426 0.219248 0.946839 0.375346 
1535148789213 0.244657 0.927864 -0.281446 -0.627508 -0.940487 0.297698 0.163891 -0.238549 0.235854 0.224599 0.945478 0.377513 
1535148789864 0.243655 0.925405 -0.290272 -0.628452 -0.940221 0.298808 0.163397 -0.240024 0.237944 0.233107 0.942891 0.377849 
1535148790378 0.243236 0.925476 -0.290397 -0.62928 -0.940229 0.298529 0.16386 -0.240531 0.238341 0.233183 0.942772 0.377579 
1535148791242 0.242202 0.925582 -0.290923 -0.631284 -0.940266 0.297862 0.164858 -0.24209 0.239244 0.233616 0.942436 0.376654 
1535148792011 0.241438 0.925719 -0.291123 -0.632759 -0.940312 0.297316 0.165581 -0.243066 0.239837 0.233769 0.942247 0.376026 
1535148792038 0.241438 0.925719 -0.291123 -0.632759 -0.940312 0.297316 0.165581 -0.243066 0.239837 0.233769 0.942247 0.376026 
1535148792350 0.241388 0.925965 -0.29038 -0.632988 -0.940369 0.297092 0.165656 -0.243392 0.239662 0.233077 0.942463 0.37586 
1535148792868 0.240954 0.926837 -0.287947 -0.633816 -0.940722 0.29601 0.165592 -0.243975 0.238712 0.230978 0.943221 0.375276 
1535148793489 0.240868 0.927368 -0.286306 -0.634367 -0.940894 0.295489 0.165543 -0.244559 0.23812 0.22951 0.943729 0.374889 
1535148793788 0.240614 0.927556 -0.285909 -0.634407 -0.941002 0.295135 0.165562 -0.24452 0.23795 0.229205 0.943846 0.37483 
1535148794528 0.242769 0.927531 -0.284163 -0.6346 -0.940465 0.296864 0.165523 -0.244538 0.237886 0.227062 0.94438 0.374445 
1535148794553 0.242769 0.927531 -0.284163 -0.6346 -0.940465 0.296864 0.165523 -0.244538 0.237886 0.227062 0.94438 0.374445 
1535148794773 0.243722 0.927519 -0.283386 -0.634702 -0.940228 0.297627 0.165501 -0.244582 0.237848 0.226111 0.944617 0.374222 
1535148795033 0.244465 0.927413 -0.283094 -0.634309 -0.940163 0.298162 0.1649 -0.244373 0.237338 0.225843 0.94481 0.37455 
1535148795299 0.245816 0.927348 -0.282135 -0.633985 -0.940013 0.299091 0.164075 -0.244117 0.236539 0.224878 0.94524 0.374451 
1535148795598 0.24898 0.927144 -0.280024 -0.633324 -0.939539 0.301403 0.162548 -0.243774 0.235105 0.222622 0.946132 0.374474 
1535148795628 0.249519 0.927082 -0.279749 -0.633217 -0.939434 0.301835 0.162355 -0.243754 0.234955 0.222295 0.946246 0.374487 
1535148795780 0.249579 0.927095 -0.279652 -0.633174 -0.939446 0.301848 0.16226 -0.243762 0.234843 0.222221 0.946291 0.374485 
1535148795935 0.249213 0.92728 -0.279365 -0.632887 -0.939467 0.30152 0.162748 -0.243577 0.235147 0.221895 0.946292 0.374606 
1535148796078 0.249213 0.92728 -0.279365 -0.632887 -0.939467 0.30152 0.162748 -0.243577 0.235147 0.221895 0.946292 0.374606 
1535148796118 0.249213 0.92728 -0.279365 -0.632887 -0.939467 0.30152 0.162748 -0.243577 0.235147 0.221895 0.946292 0.374606 
1535148796136 0.249213 0.92728 -0.279365 -0.632887 -0.939467 0.30152 0.162748 -0.243577 0.235147 0.221895 0.946292 0.374606 
1535148796176 0.249333 0.927485 -0.278577 -0.631743 -0.939339 0.301586 0.163362 -0.243216 0.235531 0.220946 0.946418 0.374875 
1535148796205 0.249333 0.927485 -0.278577 -0.631743 -0.939339 0.301586 0.163362 -0.243216 0.235531 0.220946 0.946418 0.374875 
1535148796244 0.249333 0.927485 -0.278577 -0.631743 -0.939339 0.301586 0.163362 -0.243216 0.235531 0.220946 0.946418 0.374875 
1535148796336 0.249333 0.927485 -0.278577 -0.631743 -0.939339 0.301586 0.163362 -0.243216 0.235531 0.220946 0.946418 0.374875 
1535148796404 0.249333 0.927485 -0.278577 -0.631743 -0.939339 0.301586 0.163362 -0.243216 0.235531 0.220946 0.946418 0.374875 
1535148796529 0.248771 0.927552 -0.278855 -0.630941 -0.939252 0.301319 0.164351 -0.242827 0.236469 0.221029 0.946165 0.375214 
1535148796636 0.248771 0.927552 -0.278855 -0.630941 -0.939252 0.301319 0.164351 -0.242827 0.236469 0.221029 0.946165 0.375214 
1535148797183 0.247961 0.927401 -0.280075 -0.626367 -0.938279 0.301863 0.168854 -0.241586 0.24114 0.220919 0.945011 0.376652 
1535148797851 0.248616 0.927458 -0.279307 -0.625148 -0.938605 0.301891 0.166981 -0.240843 0.239188 0.220645 0.945571 0.376896 
1535148798493 0.249013 0.927455 -0.278961 -0.62431 -0.938662 0.302059 0.166355 -0.240468 0.238549 0.220425 0.945784 0.377183 
1535148798856 0.248921 0.927401 -0.279223 -0.623863 -0.938643 0.302058 0.166467 -0.240178 0.238723 0.220653 0.945687 0.377402 
1535148799297 0.24903 0.927205 -0.279777 -0.62275 -0.938417 0.302444 0.167038 -0.239822 0.239495 0.22095 0.945422 0.377809 
1535148799773 0.249317 0.926938 -0.280406 -0.621687 -0.938154 0.303003 0.1675 -0.239382 0.240226 0.221304 0.945154 0.378155 
1535148800133 0.24979 0.926645 -0.280953 -0.621265 -0.93794 0.303636 0.167554 -0.239515 0.24057 0.221664 0.944982 0.378265 
1535148800160 0.24979 0.926645 -0.280953 -0.621265 -0.93794 0.303636 0.167554 -0.239515 0.24057 0.221664 0.944982 0.378265 
1535148800588 0.250086 0.926399 -0.281498 -0.620494 -0.937725 0.304143 0.167838 -0.239233 0.241101 0.221994 0.944769 0.378544 
1535148801335 0.250222 0.926111 -0.282325 -0.618579 -0.937437 0.304655 0.168517 -0.238213 0.242077 0.222495 0.944402 0.379112 
1535148801759 0.250288 0.926092 -0.282331 -0.61777 -0.937263 0.304861 0.169107 -0.237792 0.24268 0.222293 0.944295 0.379373 
1535148802680 0.250695 0.925848 -0.282769 -0.616467 -0.93692 0.305545 0.169775 -0.237275 0.243584 0.22237 0.944044 0.379645 
1535148802710 0.250695 0.925848 -0.282769 -0.616467 -0.93692 0.305545 0.169775 -0.237275 0.243584 0.22237 0.944044 0.379645 
1535148802733 0.250695 0.925848 -0.282769 -0.616467 -0.93692 0.305545 0.169775 -0.237275 0.243584 0.22237 0.944044 0.379645 
1535148802909 0.250733 0.925848 -0.282733 -0.616263 -0.936845 0.305634 0.170028 -0.237115 0.243833 0.222245 0.944009 0.379762 
1535148803140 0.250546 0.9258 -0.283058 -0.616206 -0.936876 0.305533 0.17004 -0.237126 0.243906 0.222587 0.943909 0.379675 
1535148803399 0.250165 0.925646 -0.283895 -0.615754 -0.936679 0.305595 0.171009 -0.236956 0.24505 0.223138 0.943483 0.379898 
1535148803633 0.250054 0.925416 -0.284743 -0.615271 -0.936443 0.305888 0.171777 -0.236823 0.246065 0.223692 0.943088 0.37996 
1535148803659 0.250054 0.925416 -0.284743 -0.615271 -0.936443 0.305888 0.171777 -0.236823 0.246065 0.223692 0.943088 0.37996 
1535148804021 0.250175 0.925348 -0.284857 -0.614706 -0.936423 0.306013 0.171664 -0.236531 0.246019 0.223801 0.943074 0.380213 
1535148804563 0.250682 0.925141 -0.285082 -0.613702 -0.93644 0.3064 0.170877 -0.236071 0.245434 0.224127 0.943149 0.380519 
1535148804591 0.250682 0.925141 -0.285082 -0.613702 -0.93644 0.3064 0.170877 -0.236071 0.245434 0.224127 0.943149 0.380519 
1535148804939 0.250914 0.925158 -0.284826 -0.613278 -0.936386 0.306566 0.170876 -0.235839 0.245405 0.223832 0.943226 0.380654 
1535148805298 0.251203 0.925118 -0.2847 -0.612907 -0.936312 0.306815 0.170833 -0.235855 0.245391 0.223655 0.943272 0.380701 
1535148805767 0.252422 0.925152 -0.283509 -0.610875 -0.936053 0.307697 0.170669 -0.235107 0.24513 0.222298 0.94366 0.381148 
1535148806034 0.252609 0.925143 -0.283371 -0.610607 -0.936012 0.307841 0.170631 -0.235069 0.245091 0.222135 0.943709 0.381213 
1535148806494 0.252497 0.925029 -0.283841 -0.609199 -0.935738 0.308097 0.171671 -0.234402 0.246251 0.222254 0.943379 0.381617 
1535148806876 0.253106 0.924792 -0.284074 -0.608749 -0.935396 0.308881 0.172124 -0.234434 0.246924 0.222156 0.943226 0.381796 
1535148807154 0.253293 0.924625 -0.28445 -0.60763 -0.935084 0.309364 0.172949 -0.233932 0.247912 0.222178 0.942962 0.382159 
1535148807184 0.253521 0.924543 -0.284513 -0.607375 -0.934986 0.309627 0.173012 -0.233925 0.24805 0.222153 0.942931 0.382215 
1535148807209 0.253521 0.924543 -0.284513 -0.607375 -0.934986 0.309627 0.173012 -0.233925 0.24805 0.222153 0.942931 0.382215 
1535148807406 0.253445 0.924576 -0.284473 -0.607356 -0.935032 0.309523 0.172947 -0.233789 0.247953 0.222159 0.942955 0.382191 
1535148807614 0.253445 0.924576 -0.284473 -0.607356 -0.935032 0.309523 0.172947 -0.233789 0.247953 0.222159 0.942955 0.382191 
1535148807656 0.253445 0.924576 -0.284473 -0.607356 -0.935032 0.309523 0.172947 -0.233789 0.247953 0.222159 0.942955 0.382191 
1535148807790 0.254338 0.924689 -0.283307 -0.606412 -0.935093 0.309886 0.171966 -0.233114 0.246808 0.22118 0.943486 0.382416 
1535148808077 0.255825 0.924635 -0.28214 -0.605345 -0.934993 0.310816 0.170825 -0.232762 0.245644 0.220097 0.944042 0.382678 
1535148808486 0.255468 0.925351 -0.280111 -0.604552 -0.935049 0.310137 0.171752 -0.232195 0.245803 0.21804 0.944478 0.382763 
1535148808851 0.255549 0.92555 -0.279378 -0.60413 -0.935031 0.310074 0.171962 -0.232103 0.245787 0.217283 0.944657 0.382805 
1535148808874 0.255549 0.92555 -0.279378 -0.60413 -0.935031 0.310074 0.171962 -0.232103 0.245787 0.217283 0.944657 0.382805 
1535148809102 0.255782 0.925718 -0.278608 -0.603775 -0.934957 0.310162 0.172204 -0.232008 0.245826 0.21644 0.94484 0.382833 
1535148809455 0.255781 0.926019 -0.277605 -0.60329 -0.935094 0.309855 0.172016 -0.2317 0.245307 0.215589 0.94517 0.382779 
1535148809969 0.256259 0.926877 -0.274282 -0.601828 -0.93516 0.309522 0.172254 -0.231011 0.244554 0.212356 0.946096 0.382945 
1535148810218 0.256651 0.926987 -0.273542 -0.601556 -0.93513 0.309693 0.172111 -0.230939 0.244259 0.211625 0.946336 0.382955 
1535148810521 0.25757 0.927507 -0.270905 -0.600894 -0.935305 0.309715 0.171116 -0.230378 0.242614 0.209305 0.947275 0.382863 
1535148810812 0.258301 0.927971 -0.268609 -0.600246 -0.935402 0.309736 0.170546 -0.229967 0.24146 0.207205 0.948031 0.382825 
1535148810836 0.25895 0.928109 -0.267504 -0.599884 -0.935409 0.309995 0.170037 -0.229903 0.240738 0.206195 0.948435 0.382763 
1535148811064 0.259156 0.928043 -0.267535 -0.60013 -0.935316 0.31023 0.170124 -0.229905 0.24088 0.206141 0.948411 0.382769 
1535148811298 0.259624 0.928439 -0.265698 -0.600499 -0.935614 0.309977 0.16894 -0.229746 0.239211 0.20473 0.949138 0.382502 
1535148811590 0.261412 0.928785 -0.26272 -0.600664 -0.935683 0.31067 0.167277 -0.229759 0.236983 0.202095 0.950261 0.382147 
1535148811814 0.261344 0.928901 -0.262377 -0.600744 -0.935775 0.310481 0.167114 -0.229584 0.236696 0.201852 0.950385 0.382121 
1535148812123 0.261344 0.928901 -0.262377 -0.600744 -0.935775 0.310481 0.167114 -0.229584 0.236696 0.201852 0.950385 0.382121 
1535148812149 0.261344 0.928901 -0.262377 -0.600744 -0.935775 0.310481 0.167114 -0.229584 0.236696 0.201852 0.950385 0.382121 
1535148812203 0.261344 0.928901 -0.262377 -0.600744 -0.935775 0.310481 0.167114 -0.229584 0.236696 0.201852 0.950385 0.382121 
1535148812278 0.261344 0.928901 -0.262377 -0.600744 -0.935775 0.310481 0.167114 -0.229584 0.236696 0.201852 0.950385 0.382121 
1535148812324 0.261344 0.928901 -0.262377 -0.600744 -0.935775 0.310481 0.167114 -0.229584 0.236696 0.201852 0.950385 0.382121 
1535148812362 0.261344 0.928901 -0.262377 -0.600744 -0.935775 0.310481 0.167114 -0.229584 0.236696 0.201852 0.950385 0.382121 
1535148812438 0.261344 0.928901 -0.262377 -0.600744 -0.935775 0.310481 0.167114 -0.229584 0.236696 0.201852 0.950385 0.382121 
1535148812482 0.261344 0.928901 -0.262377 -0.600744 -0.935775 0.310481 0.167114 -0.229584 0.236696 0.201852 0.950385 0.382121 
1535148817451 0.214175 0.919657 -0.329181 -0.472324 -0.943848 0.281633 0.172725 -0.171374 0.251556 0.273703 0.928335 0.473988 
1535148817472 0.214175 0.919657 -0.329181 -0.472324 -0.943848 0.281634 0.172725 -0.171374 0.251556 0.273703 0.928335 0.473988 
1535148817493 0.214175 0.919657 -0.329181 -0.472324 -0.943848 0.281634 0.172725 -0.171374 0.251556 0.273703 0.928335 0.473988 
1535148817509 0.214175 0.919657 -0.329181 -0.472324 -0.943848 0.281634 0.172725 -0.171374 0.251556 0.273703 0.928335 0.473988 
1535148817537 0.214175 0.919657 -0.329181 -0.472324 -0.943848 0.281634 0.172725 -0.171375 0.251557 0.273703 0.928335 0.473988 
1535148817552 0.214177 0.919657 -0.329179 -0.472324 -0.943847 0.281635 0.172725 -0.171375 0.251556 0.273701 0.928336 0.473989 
1535148818969 0.214177 0.919657 -0.329179 -0.472321 -0.943839 0.281665 0.172721 -0.171379 0.251558 0.273681 0.928341 0.474007 
1535148819450 0.214214 0.919655 -0.329162 -0.47232 -0.943839 0.281667 0.17272 -0.171379 0.251557 0.273677 0.928343 0.474009 
1535148820078 0.214223 0.919656 -0.329153 -0.472319 -0.943837 0.281673 0.172718 -0.17138 0.251555 0.273666 0.928346 0.474016 
1535148820599 0.214229 0.919657 -0.329147 -0.472318 -0.943836 0.281677 0.172718 -0.171381 0.251555 0.27366 0.928348 0.474021 
1535148820925 0.214233 0.919657 -0.329144 -0.472318 -0.943835 0.281681 0.172719 -0.171381 0.251555 0.273656 0.928349 0.474024 
1535148820972 0.214234 0.919657 -0.329143 -0.472317 -0.943835 0.281682 0.172719 -0.171381 0.251556 0.273654 0.92835 0.474025 
1535148821232 0.214235 0.919657 -0.329143 -0.472317 -0.943834 0.281682 0.172719 -0.171381 0.251556 0.273654 0.92835 0.474025 
1535148821273 0.214236 0.919657 -0.329142 -0.472317 -0.943834 0.281683 0.172719 -0.171381 0.251556 0.273653 0.92835 0.474026 
1535148821485 0.214236 0.919657 -0.329142 -0.472317 -0.943834 0.281684 0.172719 -0.171381 0.251556 0.273652 0.92835 0.474027 
1535148821705 0.214238 0.919657 -0.32914 -0.472317 -0.943834 0.281685 0.172719 -0.171382 0.251556 0.273651 0.928351 0.474028 
1535148822169 0.214238 0.919657 -0.32914 -0.472317 -0.943833 0.281686 0.17272 -0.171382 0.251557 0.27365 0.928351 0.474028 
1535148822801 0.214238 0.919657 -0.32914 -0.472317 -0.943833 0.281686 0.17272 -0.171382 0.251557 0.27365 0.928351 0.474028 
