1535387151394 0.213638 0.919554 -0.329816 -0.472496 -0.943899 0.281325 0.172947 -0.171249 0.25182 0.274365 0.928068 0.473997 
1535387155331 0.213638 0.919555 -0.329815 -0.472496 -0.943899 0.281325 0.172947 -0.171249 0.251819 0.274364 0.928069 0.473997 
1535387156283 0.217902 0.920247 -0.325061 -0.488628 -0.943462 0.283864 0.171176 -0.178456 0.249797 0.269383 0.930072 0.464292 
1535387157266 0.221673 0.920977 -0.320411 -0.505155 -0.943178 0.285919 0.169307 -0.185561 0.247539 0.264674 0.932026 0.454085 
1535387158216 0.225256 0.921796 -0.315517 -0.521663 -0.942848 0.287857 0.16786 -0.192556 0.245556 0.259673 0.933955 0.443979 
1535387159198 0.228541 0.922677 -0.310541 -0.538203 -0.942608 0.289483 0.166404 -0.199402 0.243433 0.254688 0.935882 0.433826 
1535387160173 0.232211 0.923382 -0.305685 -0.55469 -0.942298 0.29148 0.164662 -0.206509 0.241147 0.24981 0.937786 0.423722 
1535387161151 0.235703 0.924108 -0.300781 -0.57127 -0.941989 0.29335 0.163101 -0.213541 0.238957 0.244889 0.939643 0.413505 
1535387162184 0.239258 0.924829 -0.295715 -0.587697 -0.941671 0.295254 0.161495 -0.220572 0.236666 0.239827 0.941526 0.403408 
1535387163335 0.242923 0.925387 -0.290942 -0.604224 -0.941226 0.29742 0.16011 -0.227597 0.234695 0.234948 0.943248 0.393213 
1535387164427 0.246268 0.926018 -0.286083 -0.62078 -0.940917 0.299218 0.158567 -0.23452 0.232437 0.23013 0.944994 0.383033 
1535387164462 0.246014 0.926206 -0.285693 -0.620885 -0.94097 0.298922 0.158812 -0.234444 0.232493 0.229758 0.94507 0.382946 
1535387164842 0.246861 0.925913 -0.285912 -0.622192 -0.940791 0.299726 0.158357 -0.235325 0.23232 0.229891 0.945081 0.382103 
1535387165238 0.247371 0.925975 -0.285268 -0.623866 -0.940736 0.300026 0.158117 -0.236 0.232001 0.229248 0.945315 0.381076 
1535387165629 0.247616 0.926068 -0.284752 -0.62556 -0.940704 0.30014 0.15809 -0.236645 0.231867 0.228722 0.945476 0.380037 
1535387166013 0.247933 0.926126 -0.284288 -0.627204 -0.9407 0.300285 0.157836 -0.237486 0.231543 0.228297 0.945657 0.379021 
1535387166411 0.248209 0.926234 -0.283695 -0.628857 -0.940641 0.300434 0.157903 -0.238157 0.231487 0.227662 0.945824 0.377979 
1535387166767 0.248421 0.926312 -0.283256 -0.630572 -0.940658 0.30049 0.157696 -0.238767 0.231191 0.227272 0.945991 0.376936 
1535387167146 0.248709 0.92649 -0.282418 -0.632251 -0.940608 0.300597 0.157789 -0.239347 0.231085 0.226401 0.946225 0.375962 
1535387167581 0.248893 0.926579 -0.281963 -0.633916 -0.940642 0.300615 0.157554 -0.240058 0.230749 0.226012 0.9464 0.374904 
1535387167962 0.249363 0.926619 -0.281417 -0.63555 -0.940551 0.300939 0.157479 -0.24084 0.230613 0.225417 0.946575 0.37386 
1535387167999 0.249132 0.92676 -0.281158 -0.635696 -0.94063 0.300657 0.157547 -0.240735 0.230541 0.225216 0.946641 0.373798 
1535387168173 0.248872 0.926729 -0.28149 -0.635765 -0.940651 0.300511 0.157699 -0.240777 0.230735 0.225537 0.946517 0.373764 
1535387168296 0.249003 0.926456 -0.282271 -0.635656 -0.940575 0.30081 0.157583 -0.241074 0.230904 0.226258 0.946304 0.373933 
1535387168603 0.248297 0.926358 -0.283214 -0.635887 -0.940691 0.300365 0.157741 -0.241069 0.231192 0.22725 0.945996 0.373893 
1535387168873 0.247754 0.926262 -0.284001 -0.636028 -0.940773 0.300039 0.157869 -0.2412 0.231439 0.228068 0.945738 0.373894 
1535387169137 0.247167 0.92617 -0.284811 -0.636167 -0.940829 0.299714 0.158153 -0.241287 0.231838 0.228868 0.945447 0.373938 
1535387169433 0.246554 0.92604 -0.285763 -0.636316 -0.940938 0.299341 0.158209 -0.24137 0.232049 0.229878 0.94515 0.373898 
1535387169724 0.246309 0.925895 -0.286446 -0.636472 -0.940911 0.299315 0.158422 -0.241587 0.23242 0.230499 0.944908 0.374054 
1535387170031 0.245632 0.92576 -0.287458 -0.636636 -0.940991 0.298938 0.158657 -0.241671 0.23281 0.231525 0.944561 0.373961 
1535387170301 0.245212 0.925649 -0.288174 -0.636757 -0.941099 0.298661 0.158538 -0.241839 0.232817 0.232325 0.944363 0.374041 
1535387170632 0.244669 0.925492 -0.289141 -0.636921 -0.941145 0.298403 0.158748 -0.241982 0.233201 0.233282 0.944032 0.374009 
1535387170789 0.244694 0.925611 -0.288738 -0.636863 -0.941136 0.29836 0.158883 -0.241934 0.233212 0.232864 0.944133 0.374079 
1535387170922 0.244954 0.925898 -0.287595 -0.636756 -0.94116 0.298321 0.158815 -0.241958 0.232842 0.231771 0.944493 0.374101 
1535387171008 0.244364 0.9261 -0.287445 -0.636807 -0.94139 0.297656 0.158702 -0.242044 0.232534 0.231817 0.944557 0.374066 
1535387171142 0.24391 0.926409 -0.286834 -0.636851 -0.941507 0.297118 0.159015 -0.242072 0.232536 0.231271 0.944691 0.37408 
1535387171209 0.243606 0.926562 -0.2866 -0.636904 -0.941602 0.296771 0.159096 -0.242241 0.232467 0.231106 0.944748 0.374048 
1535387171356 0.243079 0.92686 -0.286082 -0.636943 -0.941712 0.296206 0.159502 -0.242258 0.232576 0.230635 0.944836 0.374149 
1535387171465 0.242767 0.927093 -0.285592 -0.636988 -0.941791 0.295825 0.159744 -0.242387 0.232583 0.230187 0.944944 0.374148 
1535387171590 0.242292 0.92736 -0.285129 -0.637022 -0.941945 0.29526 0.159881 -0.24247 0.232454 0.229838 0.94506 0.374137 
1535387171708 0.242102 0.927475 -0.284916 -0.637069 -0.941973 0.295062 0.16008 -0.242675 0.232538 0.229627 0.945091 0.37409 
1535387171743 0.241967 0.927561 -0.28475 -0.637056 -0.942015 0.294897 0.160137 -0.242681 0.232508 0.229491 0.945132 0.374099 
1535387171763 0.241778 0.927658 -0.284595 -0.637045 -0.942076 0.294677 0.16018 -0.242694 0.232456 0.229382 0.945171 0.374119 
1535387171942 0.241685 0.927741 -0.284401 -0.6371 -0.94207 0.294585 0.160388 -0.242799 0.232579 0.229163 0.945194 0.374139 
1535387172180 0.241128 0.92796 -0.284161 -0.637106 -0.942263 0.293961 0.160395 -0.242931 0.232373 0.229079 0.945265 0.374057 
1535387172273 0.240812 0.928118 -0.283912 -0.637147 -0.942295 0.293664 0.160751 -0.243134 0.232571 0.228818 0.945279 0.374011 
1535387172410 0.240143 0.928393 -0.28358 -0.637168 -0.942496 0.292938 0.160899 -0.243192 0.232448 0.228634 0.945354 0.374033 
1535387172546 0.239786 0.928641 -0.283068 -0.637202 -0.942578 0.292517 0.161183 -0.243341 0.232484 0.228164 0.945459 0.37404 
1535387172678 0.239175 0.928888 -0.282775 -0.637268 -0.942726 0.29189 0.161458 -0.243399 0.232516 0.227963 0.9455 0.374035 
1535387172792 0.238786 0.929098 -0.282413 -0.637303 -0.942819 0.29146 0.161688 -0.243554 0.232536 0.227656 0.945568 0.374025 
1535387172957 0.23851 0.929286 -0.282028 -0.637322 -0.942896 0.291123 0.16185 -0.243793 0.23251 0.22732 0.945656 0.374015 
1535387172986 0.238383 0.929351 -0.281921 -0.63732 -0.94294 0.29097 0.161865 -0.243831 0.23246 0.227249 0.945685 0.374011 
1535387173004 0.238268 0.929408 -0.281833 -0.637316 -0.942982 0.290833 0.16187 -0.243852 0.23241 0.227195 0.94571 0.374009 
1535387173189 0.238568 0.929381 -0.281666 -0.637314 -0.94286 0.291135 0.162033 -0.243855 0.232593 0.226916 0.945732 0.374023 
1535387173382 0.238737 0.929302 -0.281786 -0.637316 -0.942807 0.291328 0.161997 -0.243816 0.232636 0.226995 0.945703 0.373933 
1535387173574 0.238892 0.929385 -0.281378 -0.637276 -0.942757 0.291416 0.162132 -0.243833 0.232681 0.226538 0.945801 0.373926 
1535387173774 0.239178 0.929435 -0.280969 -0.637251 -0.942709 0.291593 0.162089 -0.243923 0.23258 0.226104 0.94593 0.373876 
1535387173968 0.239338 0.929414 -0.280906 -0.637263 -0.942662 0.291742 0.162098 -0.243961 0.232608 0.226003 0.945947 0.373792 
1535387174154 0.239428 0.929479 -0.280614 -0.637234 -0.942656 0.29176 0.162099 -0.243938 0.232539 0.225711 0.946034 0.373721 
1535387174369 0.239472 0.929517 -0.28045 -0.63722 -0.942649 0.29177 0.162121 -0.243914 0.232521 0.225542 0.946079 0.3737 
1535387174564 0.23967 0.929536 -0.280217 -0.637251 -0.942589 0.291928 0.162185 -0.243925 0.23256 0.225259 0.946137 0.373637 
1535387174774 0.239914 0.929574 -0.279883 -0.637229 -0.942526 0.292104 0.162237 -0.243986 0.232566 0.224874 0.946227 0.373598 
1535387174972 0.239733 0.929619 -0.279887 -0.637197 -0.94257 0.291933 0.162286 -0.243845 0.232572 0.224908 0.946217 0.373621 
1535387175130 0.240456 0.929377 -0.280069 -0.636986 -0.942413 0.29263 0.161943 -0.243839 0.232463 0.225001 0.946222 0.373725 
1535387175289 0.241013 0.929268 -0.279952 -0.636795 -0.942351 0.293065 0.161518 -0.243693 0.232138 0.224885 0.946329 0.373715 
1535387175462 0.241672 0.929133 -0.279833 -0.636663 -0.942201 0.293657 0.161319 -0.243543 0.232062 0.224673 0.946398 0.373775 
1535387175653 0.242523 0.928979 -0.279607 -0.636421 -0.942006 0.294409 0.161087 -0.243533 0.231965 0.224324 0.946505 0.373897 
1535387175817 0.243101 0.928816 -0.279648 -0.636243 -0.941908 0.294919 0.160725 -0.243418 0.231757 0.22433 0.946554 0.373856 
1535387175983 0.243607 0.928744 -0.279446 -0.636046 -0.94181 0.295336 0.160533 -0.24322 0.231624 0.224078 0.946646 0.373967 
1535387176184 0.244375 0.92862 -0.279188 -0.635851 -0.94164 0.295998 0.160308 -0.243154 0.231504 0.22372 0.94676 0.374085 
1535387176362 0.244988 0.928502 -0.279042 -0.63564 -0.941579 0.296465 0.159804 -0.243046 0.231105 0.22359 0.946889 0.374084 
1535387176396 0.245377 0.928407 -0.279019 -0.635591 -0.941479 0.296832 0.159714 -0.243064 0.231101 0.2235 0.946911 0.374089 
1535387176466 0.245492 0.928442 -0.278797 -0.635477 -0.941468 0.296886 0.159678 -0.242927 0.231023 0.223279 0.946982 0.374158 
1535387176810 0.245632 0.928284 -0.2792 -0.635074 -0.941434 0.297086 0.159505 -0.242944 0.231013 0.223669 0.946892 0.374338 
1535387177024 0.245426 0.928265 -0.279446 -0.634786 -0.941515 0.296905 0.159365 -0.242644 0.230902 0.22399 0.946844 0.374341 
1535387177236 0.245781 0.928154 -0.279504 -0.634418 -0.941442 0.297235 0.15918 -0.242503 0.230823 0.224013 0.946857 0.374473 
1535387177447 0.245892 0.928095 -0.2796 -0.634065 -0.941458 0.297315 0.15894 -0.242358 0.23064 0.224149 0.94687 0.374662 
1535387177666 0.246232 0.927957 -0.279761 -0.633704 -0.941354 0.297681 0.158865 -0.242197 0.2307 0.224236 0.946835 0.374789 
1535387177875 0.246568 0.927825 -0.279903 -0.633292 -0.941335 0.297961 0.158457 -0.242185 0.230421 0.224412 0.946861 0.374864 
1535387178093 0.24679 0.92772 -0.280053 -0.632943 -0.941291 0.298185 0.158293 -0.242014 0.23036 0.224546 0.946844 0.374984 
1535387178307 0.246847 0.927693 -0.280094 -0.632614 -0.941269 0.298254 0.158296 -0.241759 0.230389 0.224568 0.946831 0.375162 
1535387178355 0.246891 0.927662 -0.280159 -0.632474 -0.94124 0.298323 0.158336 -0.241648 0.23046 0.224605 0.946806 0.375241 
1535387178694 0.246855 0.927634 -0.280282 -0.632399 -0.941176 0.298382 0.158609 -0.241631 0.230762 0.224641 0.946723 0.375208 
1535387178927 0.246648 0.927635 -0.28046 -0.63191 -0.941108 0.298332 0.1591 -0.241466 0.231257 0.224702 0.946588 0.375348 
1535387179160 0.246585 0.927633 -0.280522 -0.63143 -0.940985 0.298418 0.159666 -0.241285 0.231824 0.224595 0.946475 0.375485 
1535387179380 0.246642 0.92755 -0.280747 -0.630946 -0.940796 0.29868 0.16029 -0.241123 0.232531 0.224592 0.946302 0.37564 
1535387179596 0.246473 0.927508 -0.281034 -0.63049 -0.940664 0.298738 0.160955 -0.24099 0.233243 0.224687 0.946104 0.375726 
1535387179812 0.24637 0.927496 -0.281165 -0.630037 -0.940556 0.298792 0.161486 -0.240755 0.233788 0.224666 0.945975 0.37588 
1535387180037 0.246551 0.927375 -0.281403 -0.629516 -0.940385 0.299126 0.161865 -0.240778 0.234285 0.22472 0.945839 0.376034 
1535387180249 0.246354 0.927398 -0.2815 -0.629077 -0.940251 0.299132 0.162627 -0.240484 0.235026 0.224617 0.94568 0.376178 
1535387180462 0.246411 0.927312 -0.281732 -0.62858 -0.940103 0.299355 0.163076 -0.24043 0.235561 0.224674 0.945533 0.376329 
1535387180502 0.246371 0.927293 -0.281831 -0.628441 -0.94007 0.299375 0.163224 -0.240374 0.23573 0.224728 0.945478 0.376381 
1535387180605 0.246539 0.927224 -0.281912 -0.628319 -0.939989 0.299585 0.163308 -0.240415 0.23588 0.224732 0.94544 0.376394 
1535387180979 0.24641 0.927194 -0.282124 -0.627928 -0.939984 0.299536 0.163428 -0.240141 0.236036 0.224922 0.945356 0.376588 
1535387181219 0.246295 0.92716 -0.282335 -0.627505 -0.939931 0.299542 0.163717 -0.239903 0.236363 0.225053 0.945243 0.376748 
1535387181443 0.246437 0.927047 -0.282583 -0.627031 -0.939855 0.299759 0.163757 -0.239792 0.236517 0.225231 0.945162 0.376882 
1535387181673 0.246155 0.927044 -0.282837 -0.626641 -0.939864 0.299596 0.164004 -0.239499 0.236776 0.225458 0.945043 0.376999 
1535387181909 0.246176 0.926925 -0.283208 -0.626192 -0.939805 0.299734 0.164095 -0.239355 0.23699 0.225764 0.944916 0.377112 
1535387182152 0.246096 0.926893 -0.283384 -0.625772 -0.939764 0.299747 0.164303 -0.239133 0.237235 0.22588 0.944827 0.377282 
1535387182404 0.246244 0.926778 -0.283632 -0.625324 -0.939663 0.299992 0.164437 -0.238995 0.237484 0.226027 0.944729 0.377446 
1535387182616 0.246249 0.926684 -0.283934 -0.624874 -0.939583 0.300125 0.16465 -0.238869 0.237794 0.226235 0.944601 0.377603 
1535387182674 0.246037 0.926716 -0.284014 -0.624728 -0.939623 0.299951 0.164735 -0.238735 0.237853 0.226335 0.944563 0.377668 
1535387182693 0.246051 0.926714 -0.284006 -0.624689 -0.939623 0.29996 0.164723 -0.23874 0.237841 0.226328 0.944567 0.377677 
1535387183055 0.246249 0.926466 -0.284645 -0.624473 -0.939438 0.300388 0.164992 -0.238729 0.238363 0.226777 0.944328 0.377749 
1535387183244 0.246395 0.926297 -0.285066 -0.624125 -0.939268 0.300729 0.16534 -0.238712 0.238881 0.227014 0.94414 0.377914 
1535387183453 0.246249 0.926186 -0.285554 -0.623825 -0.939211 0.300766 0.165594 -0.238519 0.239256 0.227419 0.943948 0.378042 
1535387183655 0.246516 0.925974 -0.28601 -0.623483 -0.938977 0.301259 0.166026 -0.238473 0.239898 0.227628 0.943734 0.378213 
1535387183856 0.246208 0.925943 -0.286376 -0.623268 -0.938977 0.301108 0.166302 -0.238252 0.240216 0.227956 0.943574 0.378307 
1535387184046 0.2464 0.925742 -0.28686 -0.622929 -0.9388 0.301498 0.166592 -0.238242 0.240709 0.228256 0.943376 0.378436 
1535387184246 0.246472 0.925588 -0.287295 -0.622635 -0.938676 0.301744 0.166845 -0.238117 0.24112 0.228554 0.943199 0.378585 
1535387184432 0.24645 0.925408 -0.287893 -0.622338 -0.938539 0.301967 0.167214 -0.238029 0.241675 0.228989 0.942951 0.37871 
1535387184473 0.246311 0.925434 -0.287928 -0.622208 -0.93855 0.301865 0.167334 -0.237958 0.241772 0.229019 0.942919 0.378773 
1535387184492 0.246232 0.925454 -0.28793 -0.62216 -0.938562 0.301798 0.167387 -0.237917 0.241806 0.229025 0.942909 0.378796 
1535387184694 0.246521 0.925309 -0.288149 -0.622096 -0.938472 0.302127 0.1673 -0.237844 0.241862 0.229177 0.942858 0.378828 
1535387184856 0.246888 0.925159 -0.288317 -0.621812 -0.938459 0.302428 0.166831 -0.237857 0.24154 0.229385 0.94289 0.378831 
1535387185023 0.246874 0.925173 -0.288283 -0.621573 -0.93849 0.302383 0.166737 -0.23769 0.241433 0.229388 0.942917 0.378914 
1535387185190 0.246885 0.925123 -0.288436 -0.621349 -0.938547 0.302363 0.166451 -0.237557 0.2412 0.229617 0.94292 0.378974 
1535387185354 0.247002 0.92503 -0.288635 -0.621123 -0.938546 0.302483 0.166241 -0.237441 0.241084 0.229835 0.942897 0.379028 
1535387185535 0.24719 0.924991 -0.288598 -0.620852 -0.938515 0.302637 0.166131 -0.23735 0.24101 0.229788 0.942927 0.379147 
1535387185709 0.247336 0.924909 -0.288736 -0.620609 -0.938481 0.302798 0.166035 -0.237252 0.240996 0.229907 0.942902 0.379242 
1535387185846 0.247258 0.924923 -0.288757 -0.620413 -0.938509 0.30272 0.166017 -0.237019 0.240966 0.229952 0.942898 0.379352 
1535387185880 0.247362 0.92487 -0.288838 -0.620381 -0.938481 0.302834 0.165967 -0.23704 0.240968 0.230015 0.942882 0.379346 
1535387185894 0.247365 0.924857 -0.288876 -0.620334 -0.938483 0.302841 0.165942 -0.237021 0.240957 0.230057 0.942875 0.379353 
1535387185923 0.247288 0.924876 -0.288882 -0.620262 -0.938509 0.302762 0.165937 -0.236956 0.240933 0.230084 0.942875 0.379376 
1535387186147 0.247256 0.924955 -0.288657 -0.620053 -0.938513 0.302696 0.166036 -0.236812 0.240951 0.229855 0.942926 0.379441 
1535387186282 0.247801 0.924789 -0.288721 -0.619756 -0.938301 0.303293 0.166147 -0.236921 0.241218 0.229736 0.942887 0.37951 
1535387186333 0.247567 0.924855 -0.288712 -0.619613 -0.938331 0.303098 0.166331 -0.236733 0.24134 0.229729 0.942857 0.379578 
1535387186481 0.247636 0.924864 -0.288622 -0.619401 -0.938292 0.303168 0.166426 -0.236633 0.241423 0.229599 0.942868 0.379627 
1535387186528 0.247617 0.924907 -0.2885 -0.619174 -0.938287 0.303136 0.166508 -0.236576 0.241459 0.229466 0.942891 0.379699 
1535387186676 0.247907 0.924807 -0.288573 -0.618979 -0.938173 0.303463 0.16656 -0.236497 0.241607 0.22944 0.942859 0.379719 
1535387186726 0.247911 0.92481 -0.28856 -0.61878 -0.938141 0.303493 0.166684 -0.236403 0.241727 0.229387 0.942841 0.379769 
1535387186765 0.248073 0.924724 -0.288695 -0.618715 -0.938079 0.30369 0.166673 -0.236475 0.2418 0.229471 0.942802 0.379752 
1535387186783 0.248134 0.924685 -0.288768 -0.618708 -0.938057 0.303767 0.166655 -0.236518 0.241822 0.229528 0.942783 0.379738 
1535387186881 0.247957 0.924742 -0.288736 -0.61862 -0.938099 0.303598 0.166732 -0.236388 0.241843 0.229521 0.942779 0.379748 
1535387187034 0.248061 0.924762 -0.288584 -0.618465 -0.93805 0.303689 0.166838 -0.236189 0.241925 0.22932 0.942807 0.37984 
1535387187151 0.248179 0.924744 -0.288541 -0.618274 -0.938036 0.303778 0.166755 -0.236106 0.241858 0.229277 0.942834 0.379899 
1535387187232 0.248214 0.924757 -0.288469 -0.618066 -0.938055 0.303772 0.166662 -0.236032 0.241751 0.229232 0.942873 0.379919 
1535387187354 0.248408 0.924701 -0.288483 -0.617841 -0.938022 0.303941 0.166536 -0.236046 0.241678 0.229234 0.942891 0.379926 
1535387187429 0.248333 0.924771 -0.288323 -0.617677 -0.938032 0.30385 0.166645 -0.235853 0.241715 0.229073 0.942921 0.380026 
1535387187547 0.248488 0.924716 -0.288364 -0.617492 -0.937999 0.303999 0.166564 -0.235784 0.241686 0.229096 0.942922 0.38008 
1535387187614 0.248255 0.924823 -0.288223 -0.617345 -0.938065 0.303747 0.166652 -0.235566 0.24167 0.228999 0.94295 0.380147 
1535387187663 0.248405 0.92476 -0.288296 -0.617286 -0.93802 0.303907 0.166607 -0.235609 0.241687 0.229042 0.942935 0.380144 
1535387187687 0.248532 0.924708 -0.288353 -0.617251 -0.937984 0.304042 0.166568 -0.235659 0.241698 0.229073 0.942925 0.380137 
1535387187765 0.248718 0.924678 -0.288287 -0.617073 -0.937935 0.304207 0.166541 -0.23565 0.241695 0.228973 0.94295 0.380176 
1535387187935 0.248139 0.924923 -0.288002 -0.616928 -0.93814 0.303554 0.16658 -0.235287 0.241497 0.228851 0.94303 0.380197 
1535387188072 0.248568 0.924886 -0.287751 -0.616634 -0.938091 0.303857 0.166302 -0.235325 0.241246 0.228599 0.943156 0.3803 
1535387188138 0.248513 0.924964 -0.287548 -0.616416 -0.938135 0.30374 0.166268 -0.235213 0.241132 0.228439 0.943224 0.380401 
1535387188285 0.248537 0.924958 -0.287546 -0.616192 -0.93815 0.303743 0.166178 -0.235118 0.241048 0.22846 0.94324 0.380457 
1535387188350 0.248587 0.925015 -0.28732 -0.615955 -0.938165 0.303722 0.166128 -0.235033 0.240936 0.228256 0.943318 0.380518 
1535387188489 0.248884 0.924968 -0.287214 -0.615697 -0.938128 0.303948 0.165929 -0.234994 0.240777 0.228146 0.943385 0.38054 
1535387188550 0.248836 0.92504 -0.287023 -0.615481 -0.938167 0.303842 0.165899 -0.234853 0.240673 0.227994 0.943449 0.380606 
1535387188594 0.249133 0.924931 -0.287115 -0.615422 -0.938103 0.304129 0.165737 -0.23501 0.240615 0.228053 0.943449 0.38058 
1535387188670 0.249163 0.924936 -0.287073 -0.615311 -0.938125 0.304121 0.165627 -0.235003 0.2405 0.228042 0.943481 0.380585 
1535387188925 0.248866 0.925021 -0.287056 -0.615015 -0.938046 0.303984 0.166325 -0.23476 0.241114 0.227879 0.943364 0.380761 
1535387189110 0.249002 0.924952 -0.287161 -0.614667 -0.93786 0.304275 0.166841 -0.234665 0.241696 0.227773 0.94324 0.380901 
1535387189309 0.248892 0.924949 -0.287265 -0.614331 -0.937786 0.304286 0.167237 -0.234541 0.242097 0.227769 0.943139 0.380958 
1535387189497 0.248943 0.924923 -0.287304 -0.613938 -0.937687 0.304422 0.167543 -0.234513 0.242426 0.227693 0.943072 0.381053 
1535387189674 0.248962 0.924898 -0.287371 -0.613564 -0.937582 0.304545 0.167903 -0.234487 0.242811 0.227633 0.942988 0.381129 
1535387189869 0.248841 0.924917 -0.287413 -0.613213 -0.937517 0.304528 0.168297 -0.234332 0.243186 0.227575 0.942905 0.381223 
1535387190054 0.249031 0.924824 -0.28755 -0.612834 -0.93734 0.304853 0.168695 -0.234357 0.243673 0.227522 0.942792 0.381316 
1535387190227 0.24895 0.924847 -0.287545 -0.612514 -0.937276 0.304855 0.169046 -0.234166 0.244002 0.227425 0.942731 0.381424 
1535387190274 0.248752 0.924895 -0.287562 -0.612364 -0.937297 0.304698 0.169212 -0.234071 0.244123 0.227439 0.942696 0.38148 
1535387190290 0.248707 0.924906 -0.287564 -0.612313 -0.937301 0.304663 0.169256 -0.234053 0.244156 0.227439 0.942687 0.381498 
1535387190521 0.249015 0.924799 -0.287642 -0.612083 -0.937155 0.305031 0.169399 -0.23386 0.2444 0.227382 0.942638 0.381547 
1535387190712 0.249253 0.924686 -0.287799 -0.611744 -0.937133 0.305248 0.169129 -0.23379 0.244242 0.22755 0.942638 0.38165 
1535387190899 0.249613 0.924556 -0.287904 -0.611406 -0.936988 0.305657 0.169197 -0.233649 0.244432 0.227529 0.942594 0.381717 
1535387191065 0.249892 0.924419 -0.288104 -0.611013 -0.93692 0.305953 0.169038 -0.233664 0.244408 0.227689 0.942561 0.381774 
1535387191259 0.249905 0.924386 -0.288199 -0.610735 -0.936889 0.306009 0.169107 -0.233409 0.244511 0.22775 0.94252 0.38186 
1535387191452 0.25005 0.92436 -0.288156 -0.610385 -0.936838 0.306151 0.169132 -0.233284 0.244558 0.227664 0.942529 0.382009 
1535387191664 0.250213 0.924278 -0.288277 -0.610058 -0.936754 0.306366 0.169209 -0.2331 0.244714 0.227707 0.942478 0.382111 
1535387191870 0.250455 0.924163 -0.288435 -0.609702 -0.936713 0.306603 0.169005 -0.233048 0.244623 0.227853 0.942466 0.382173 
1535387191913 0.25032 0.92419 -0.288466 -0.609599 -0.93674 0.306489 0.169064 -0.232909 0.244659 0.227898 0.942446 0.382208 
1535387191935 0.250301 0.924189 -0.288486 -0.609538 -0.936744 0.306475 0.169065 -0.232871 0.244662 0.227921 0.94244 0.382222 
1535387192138 0.250566 0.924157 -0.288358 -0.609373 -0.936668 0.30671 0.169063 -0.232862 0.244683 0.227734 0.942479 0.382259 
1535387192328 0.250803 0.924115 -0.288288 -0.609087 -0.936501 0.307019 0.169425 -0.232707 0.245078 0.227489 0.942436 0.382398 
1535387192507 0.251266 0.924039 -0.288127 -0.608735 -0.936348 0.307458 0.169477 -0.232698 0.24519 0.227204 0.942476 0.3825 
1535387192698 0.251245 0.924115 -0.287902 -0.60846 -0.936326 0.307422 0.16966 -0.232463 0.245293 0.226944 0.942511 0.382618 
1535387192890 0.251523 0.924083 -0.287763 -0.608136 -0.936236 0.307676 0.169699 -0.232386 0.245354 0.22673 0.942547 0.382681 
1535387193079 0.25153 0.924105 -0.287685 -0.607897 -0.936182 0.307717 0.169924 -0.232135 0.245553 0.226585 0.94253 0.382772 
1535387193249 0.251773 0.924057 -0.287628 -0.607576 -0.936065 0.307985 0.170081 -0.232055 0.245749 0.226416 0.942519 0.382875 
1535387193421 0.252004 0.924043 -0.287469 -0.607271 -0.935986 0.308191 0.170141 -0.231931 0.245813 0.226191 0.942557 0.382932 
1535387193444 0.251962 0.924079 -0.28739 -0.607211 -0.935993 0.308141 0.170195 -0.231849 0.24583 0.226112 0.942571 0.382955 
1535387193465 0.251889 0.924126 -0.287303 -0.607157 -0.936001 0.308067 0.170286 -0.231757 0.245874 0.226022 0.942581 0.382976 
1535387193684 0.25202 0.924039 -0.287469 -0.60693 -0.936043 0.30815 0.169901 -0.231714 0.245578 0.226265 0.9426 0.382971 
1535387193873 0.252261 0.923987 -0.287424 -0.606593 -0.936032 0.308322 0.169649 -0.231699 0.245372 0.226242 0.94266 0.383092 
1535387194181 0.252187 0.924055 -0.287271 -0.606326 -0.936109 0.308171 0.1695 -0.23147 0.245156 0.226172 0.942733 0.383165 
1535387194361 0.252246 0.924056 -0.287215 -0.60604 -0.936106 0.308205 0.169454 -0.231304 0.245106 0.22612 0.942758 0.383276 
1535387194548 0.252346 0.924049 -0.287151 -0.605732 -0.936194 0.308183 0.169008 -0.231238 0.244666 0.22618 0.942858 0.38333 
1535387194732 0.252496 0.924045 -0.287032 -0.60542 -0.936205 0.308257 0.168816 -0.231133 0.244473 0.226095 0.942928 0.383449 
1535387194918 0.252403 0.92407 -0.287033 -0.605176 -0.936253 0.308147 0.168746 -0.23089 0.244381 0.226144 0.942941 0.383532 
1535387195108 0.252449 0.924086 -0.286941 -0.604878 -0.936264 0.308152 0.168676 -0.23075 0.244293 0.226071 0.942981 0.383656 
1535387195135 0.252416 0.924129 -0.286831 -0.604786 -0.936276 0.308098 0.168708 -0.23066 0.24428 0.225968 0.943009 0.3837 
1535387195176 0.252343 0.924184 -0.286717 -0.604652 -0.936322 0.307984 0.168665 -0.23059 0.244182 0.225898 0.943051 0.383737 
1535387195395 0.252574 0.924233 -0.286356 -0.604725 -0.936246 0.30815 0.16878 -0.230618 0.244233 0.22547 0.94314 0.383634 
1535387195588 0.252438 0.924364 -0.286052 -0.604553 -0.936308 0.307942 0.168818 -0.230544 0.244136 0.225217 0.943226 0.383704 
1535387195795 0.252749 0.924457 -0.285476 -0.604371 -0.936224 0.308134 0.168935 -0.230485 0.244138 0.224571 0.943379 0.383695 
1535387195991 0.252793 0.924577 -0.28505 -0.604223 -0.936198 0.30811 0.169119 -0.230332 0.24419 0.224111 0.943475 0.383664 
1535387196181 0.253152 0.92468 -0.284396 -0.603972 -0.936087 0.308347 0.169305 -0.230324 0.244245 0.22336 0.943639 0.383675 
1535387196372 0.25304 0.924792 -0.284131 -0.603873 -0.936153 0.308158 0.169283 -0.230122 0.244108 0.223155 0.943723 0.383621 
1535387196587 0.25339 0.924897 -0.283476 -0.603599 -0.936066 0.308366 0.169384 -0.230107 0.244077 0.222432 0.943902 0.383633 
1535387196795 0.253054 0.925153 -0.282941 -0.603465 -0.936151 0.307951 0.169667 -0.229787 0.2441 0.22194 0.944011 0.383637 
1535387197018 0.253497 0.925175 -0.282473 -0.60323 -0.93602 0.3083 0.169759 -0.229791 0.244143 0.221367 0.944135 0.383596 
1535387197036 0.253477 0.925195 -0.282425 -0.60321 -0.936025 0.308272 0.16978 -0.229767 0.244144 0.221321 0.944146 0.383598 
1535387197173 0.253346 0.925233 -0.282416 -0.603267 -0.936075 0.308132 0.169758 -0.229707 0.244087 0.221355 0.944152 0.383563 
1535387197313 0.253166 0.925292 -0.282387 -0.603371 -0.936229 0.307858 0.169404 -0.229632 0.243683 0.221491 0.944225 0.383602 
1535387197440 0.253475 0.92533 -0.281985 -0.603199 -0.936209 0.308022 0.169218 -0.22956 0.24344 0.221104 0.944378 0.38354 
1535387197583 0.253775 0.925402 -0.281477 -0.603083 -0.936242 0.308113 0.168873 -0.229524 0.243002 0.220675 0.944591 0.383498 
1535387197716 0.253911 0.925507 -0.281008 -0.602984 -0.936278 0.308091 0.168711 -0.229429 0.242719 0.220264 0.94476 0.383527 
1535387197869 0.25404 0.92563 -0.280485 -0.602849 -0.936382 0.307993 0.168311 -0.229294 0.242181 0.219883 0.944987 0.383448 
1535387198016 0.25427 0.925737 -0.279926 -0.602736 -0.936358 0.308076 0.168293 -0.229178 0.242034 0.219319 0.945155 0.383465 
1535387198151 0.254548 0.925814 -0.279416 -0.602637 -0.936375 0.308166 0.168036 -0.229117 0.241677 0.218865 0.945352 0.383446 
1535387198304 0.254685 0.925899 -0.279009 -0.602514 -0.936442 0.308128 0.167729 -0.228953 0.24127 0.218557 0.945527 0.383369 
1535387198321 0.254732 0.925907 -0.278941 -0.602501 -0.936441 0.30815 0.167696 -0.228948 0.241227 0.218494 0.945553 0.383363 
1535387198498 0.254986 0.925878 -0.278806 -0.602538 -0.936365 0.308375 0.167706 -0.229089 0.241252 0.218301 0.945591 0.383392 
1535387198680 0.254639 0.925973 -0.278807 -0.602668 -0.936467 0.308036 0.167757 -0.228996 0.241221 0.218376 0.945581 0.383386 
1535387198896 0.255076 0.926099 -0.277987 -0.602606 -0.936512 0.308158 0.167284 -0.229052 0.240585 0.217669 0.945907 0.383359 
1535387199065 0.254987 0.92614 -0.277931 -0.602672 -0.93659 0.308013 0.167112 -0.228957 0.240375 0.217696 0.945954 0.38328 
1535387199288 0.255543 0.926258 -0.277026 -0.602623 -0.936573 0.308261 0.166752 -0.228981 0.239852 0.216843 0.946282 0.383231 
1535387199534 0.255753 0.926484 -0.276074 -0.602607 -0.936717 0.30811 0.166224 -0.228887 0.239065 0.216091 0.946653 0.383166 
1535387199723 0.256064 0.926564 -0.275519 -0.602583 -0.936699 0.308247 0.166069 -0.228905 0.238802 0.215554 0.946842 0.383212 
1535387199933 0.256225 0.926611 -0.27521 -0.602602 -0.936745 0.308265 0.165779 -0.228854 0.23845 0.215325 0.946983 0.383081 
1535387200960 0.250773 0.926281 -0.281276 -0.588371 -0.937701 0.304612 0.167118 -0.222349 0.240478 0.221844 0.944963 0.393031 
1535387201967 0.24585 0.925735 -0.287353 -0.573964 -0.938556 0.301429 0.168084 -0.215772 0.242218 0.228373 0.942961 0.403083 
1535387202933 0.241313 0.924959 -0.29363 -0.559511 -0.939394 0.298571 0.168505 -0.209526 0.24353 0.235172 0.94095 0.41321 
1535387203873 0.236496 0.924263 -0.299678 -0.545067 -0.940262 0.295443 0.169179 -0.203056 0.244903 0.241765 0.938921 0.42325 
1535387204813 0.231794 0.923428 -0.305863 -0.53062 -0.941026 0.292521 0.170004 -0.196648 0.246457 0.248419 0.936775 0.43333 
1535387205762 0.226984 0.922528 -0.312124 -0.516233 -0.941861 0.289465 0.170612 -0.190274 0.247743 0.255251 0.934596 0.443363 
1535387206720 0.222362 0.921645 -0.318001 -0.501734 -0.942602 0.286563 0.171417 -0.18389 0.249113 0.261632 0.932465 0.453532 
1535387207639 0.217413 0.920613 -0.324352 -0.487362 -0.943432 0.283425 0.172067 -0.177447 0.250336 0.268594 0.930155 0.463508 
1535387208538 0.212874 0.919604 -0.33017 -0.472902 -0.944094 0.28065 0.172982 -0.171061 0.251737 0.274888 0.927936 0.473715 
1535387212620 0.213526 0.919394 -0.330334 -0.472486 -0.943973 0.281263 0.172641 -0.171253 0.251636 0.274963 0.927941 0.474107 
1535387212815 0.213461 0.919374 -0.330431 -0.472661 -0.943934 0.281281 0.172831 -0.171214 0.25184 0.275012 0.927871 0.473973 
1535387213203 0.212906 0.919592 -0.330185 -0.472901 -0.944048 0.280725 0.173112 -0.171104 0.251883 0.274854 0.927906 0.473672 
1535387213703 0.212858 0.91964 -0.330081 -0.472889 -0.943984 0.280741 0.17343 -0.171063 0.252161 0.274676 0.927884 0.473754 
1535387214459 0.212606 0.919714 -0.330037 -0.472898 -0.943887 0.280664 0.174085 -0.170951 0.252738 0.274506 0.927777 0.473709 
1535387214947 0.212599 0.919706 -0.330063 -0.472896 -0.94388 0.280671 0.174108 -0.170962 0.252767 0.274525 0.927763 0.473693 
1535387215443 0.212715 0.919722 -0.329945 -0.472843 -0.943746 0.280875 0.174507 -0.170999 0.253172 0.274264 0.92773 0.473732 
1535387215960 0.212727 0.919715 -0.329956 -0.472854 -0.943704 0.280931 0.174645 -0.170978 0.253319 0.274229 0.9277 0.473695 
1535387216455 0.212645 0.91975 -0.329912 -0.472857 -0.943651 0.280923 0.174942 -0.170938 0.253583 0.274122 0.92766 0.473699 
1535387216970 0.212589 0.919717 -0.33004 -0.472912 -0.943644 0.280916 0.174992 -0.170969 0.253656 0.274239 0.927605 0.473666 
1535387216986 0.212589 0.919717 -0.330041 -0.472912 -0.943644 0.280916 0.174992 -0.170969 0.253657 0.27424 0.927605 0.473665 
1535387217208 0.212544 0.91974 -0.330004 -0.472889 -0.94365 0.280872 0.175033 -0.170937 0.253673 0.274206 0.92761 0.473672 
1535387217438 0.212536 0.919744 -0.329998 -0.472886 -0.943651 0.280863 0.17504 -0.170932 0.253676 0.274201 0.927611 0.473673 
1535387217688 0.212535 0.919745 -0.329997 -0.472885 -0.94365 0.280863 0.175042 -0.170931 0.253678 0.274199 0.927611 0.473674 
1535387217925 0.212536 0.919745 -0.329996 -0.472885 -0.943649 0.280865 0.175046 -0.170931 0.253682 0.274197 0.927611 0.473674 
1535387218190 0.212621 0.919757 -0.329909 -0.472874 -0.94359 0.280971 0.175195 -0.170912 0.253832 0.274048 0.927614 0.473675 
1535387218417 0.212618 0.919756 -0.329911 -0.472875 -0.943589 0.280971 0.175201 -0.170911 0.253838 0.27405 0.927612 0.473674 
1535387218673 0.212614 0.919755 -0.329918 -0.472876 -0.943587 0.280972 0.175211 -0.170909 0.253849 0.274054 0.927607 0.473673 
1535387218899 0.212609 0.919753 -0.329926 -0.472878 -0.943584 0.280972 0.175223 -0.170906 0.253862 0.274059 0.927602 0.47367 
1535387219155 0.212512 0.919771 -0.329938 -0.47288 -0.943607 0.280883 0.175247 -0.170901 0.253861 0.27409 0.927593 0.473668 
1535387219380 0.212497 0.919774 -0.329941 -0.472881 -0.943608 0.280872 0.175256 -0.170898 0.253867 0.274094 0.927591 0.473667 
1535387219589 0.212496 0.919773 -0.329943 -0.472881 -0.943608 0.280871 0.175258 -0.170898 0.253869 0.274095 0.92759 0.473666 
1535387219792 0.212494 0.919773 -0.329945 -0.472882 -0.943608 0.280871 0.17526 -0.170897 0.253871 0.274097 0.927588 0.473666 
1535387219989 0.212493 0.919773 -0.329946 -0.472882 -0.943607 0.280871 0.175263 -0.170897 0.253874 0.274098 0.927587 0.473666 
1535387220186 0.212491 0.919773 -0.329947 -0.472882 -0.943607 0.28087 0.175265 -0.170896 0.253877 0.274098 0.927587 0.473666 
1535387220387 0.212488 0.919773 -0.329948 -0.472883 -0.943607 0.280868 0.175269 -0.170896 0.25388 0.274099 0.927586 0.473666 
1535387220589 0.212486 0.919773 -0.329949 -0.472883 -0.943607 0.280867 0.175272 -0.170895 0.253883 0.2741 0.927584 0.473666 
1535387220778 0.212483 0.919774 -0.32995 -0.472883 -0.943606 0.280865 0.175276 -0.170895 0.253886 0.2741 0.927583 0.473666 
1535387220991 0.212479 0.919774 -0.329952 -0.472883 -0.943606 0.280863 0.175282 -0.170894 0.253891 0.274101 0.927582 0.473666 
1535387221007 0.212478 0.919774 -0.329952 -0.472883 -0.943606 0.280863 0.175282 -0.170894 0.253891 0.274101 0.927582 0.473666 
1535387221215 0.212472 0.919775 -0.329954 -0.472884 -0.943606 0.280859 0.175287 -0.170892 0.253895 0.274103 0.92758 0.473666 
1535387221445 0.212469 0.919774 -0.329957 -0.472885 -0.943606 0.280858 0.175291 -0.170891 0.253899 0.274106 0.927578 0.473664 
1535387221663 0.212467 0.919774 -0.329959 -0.472885 -0.943606 0.280857 0.175294 -0.17089 0.253902 0.274107 0.927577 0.473664 
1535387221880 0.212465 0.919774 -0.329961 -0.472885 -0.943605 0.280856 0.175296 -0.17089 0.253904 0.274108 0.927576 0.473664 
1535387222094 0.212464 0.919774 -0.329961 -0.472885 -0.943605 0.280856 0.175299 -0.170889 0.253907 0.274108 0.927575 0.473664 
1535387222306 0.212463 0.919774 -0.329962 -0.472885 -0.943604 0.280856 0.175301 -0.170889 0.253909 0.274108 0.927575 0.473664 
1535387222530 0.212462 0.919774 -0.329962 -0.472886 -0.943604 0.280856 0.175304 -0.170889 0.253912 0.274108 0.927574 0.473664 
1535387222767 0.212462 0.919775 -0.329962 -0.472886 -0.943603 0.280856 0.175307 -0.170888 0.253914 0.274107 0.927574 0.473665 
1535387223003 0.212461 0.919774 -0.329962 -0.472886 -0.943603 0.280856 0.175309 -0.170888 0.253917 0.274107 0.927573 0.473665 
1535387223022 0.212461 0.919775 -0.329962 -0.472886 -0.943603 0.280856 0.175309 -0.170888 0.253917 0.274107 0.927573 0.473665 
1535387223039 0.212461 0.919775 -0.329962 -0.472886 -0.943603 0.280856 0.175309 -0.170888 0.253917 0.274107 0.927573 0.473665 
1535387223220 0.212458 0.919775 -0.329962 -0.472886 -0.943603 0.280854 0.175311 -0.170887 0.253918 0.274107 0.927573 0.473665 
1535387223349 0.212458 0.919775 -0.329963 -0.472886 -0.943603 0.280854 0.175312 -0.170887 0.253919 0.274108 0.927572 0.473665 
1535387223451 0.212458 0.919775 -0.329963 -0.472886 -0.943603 0.280854 0.175313 -0.170887 0.25392 0.274108 0.927572 0.473665 
1535387223591 0.212458 0.919775 -0.329964 -0.472886 -0.943603 0.280854 0.175314 -0.170887 0.253921 0.274108 0.927572 0.473665 
1535387223707 0.212458 0.919775 -0.329964 -0.472886 -0.943602 0.280855 0.175315 -0.170887 0.253922 0.274108 0.927571 0.473665 
1535387223831 0.212458 0.919775 -0.329964 -0.472886 -0.943602 0.280855 0.175315 -0.170887 0.253923 0.274108 0.927571 0.473665 
1535387223940 0.212458 0.919774 -0.329964 -0.472886 -0.943602 0.280855 0.175316 -0.170887 0.253923 0.274108 0.927571 0.473665 
1535387224089 0.212458 0.919774 -0.329965 -0.472886 -0.943602 0.280856 0.175317 -0.170887 0.253924 0.274108 0.927571 0.473665 
1535387224108 0.212458 0.919774 -0.329965 -0.472886 -0.943602 0.280856 0.175317 -0.170887 0.253925 0.274108 0.927571 0.473665 
1535387224368 0.212455 0.919775 -0.329965 -0.472886 -0.943602 0.280853 0.175319 -0.170885 0.253926 0.274108 0.92757 0.473665 
1535387224640 0.212454 0.919775 -0.329965 -0.472886 -0.943602 0.280853 0.175321 -0.170885 0.253927 0.274108 0.92757 0.473665 
1535387224902 0.212454 0.919775 -0.329966 -0.472887 -0.943601 0.280853 0.175322 -0.170885 0.253928 0.274108 0.927569 0.473665 
1535387225172 0.212454 0.919775 -0.329966 -0.472887 -0.943601 0.280854 0.175323 -0.170885 0.253929 0.274108 0.927569 0.473665 
1535387225451 0.212454 0.919775 -0.329966 -0.472887 -0.943601 0.280854 0.175323 -0.170885 0.25393 0.274108 0.927569 0.473665 
1535387225674 0.212454 0.919775 -0.329966 -0.472887 -0.943601 0.280855 0.175324 -0.170885 0.253931 0.274108 0.927569 0.473665 
1535387225937 0.212454 0.919775 -0.329966 -0.472887 -0.9436 0.280855 0.175325 -0.170885 0.253932 0.274108 0.927569 0.473665 
1535387226204 0.212454 0.919775 -0.329966 -0.472887 -0.9436 0.280855 0.175326 -0.170885 0.253933 0.274107 0.927568 0.473666 
1535387226480 0.212455 0.919775 -0.329966 -0.472887 -0.9436 0.280856 0.175327 -0.170885 0.253934 0.274107 0.927568 0.473666 
1535387226497 0.212455 0.919775 -0.329966 -0.472887 -0.9436 0.280856 0.175327 -0.170885 0.253934 0.274107 0.927568 0.473666 
1535387226751 0.212452 0.919775 -0.329966 -0.472887 -0.9436 0.280853 0.175329 -0.170883 0.253935 0.274107 0.927568 0.473666 
1535387226991 0.212452 0.919775 -0.329966 -0.472887 -0.9436 0.280853 0.175329 -0.170883 0.253935 0.274107 0.927568 0.473666 
1535387227234 0.212452 0.919775 -0.329966 -0.472887 -0.9436 0.280854 0.175329 -0.170884 0.253936 0.274107 0.927568 0.473666 
1535387227481 0.212452 0.919775 -0.329966 -0.472887 -0.9436 0.280854 0.17533 -0.170884 0.253937 0.274107 0.927568 0.473666 
1535387227499 0.212452 0.919775 -0.329966 -0.472887 -0.9436 0.280854 0.17533 -0.170883 0.253937 0.274107 0.927568 0.473666 
1535387227827 0.212453 0.919775 -0.329966 -0.472887 -0.943599 0.280855 0.175331 -0.170884 0.253937 0.274107 0.927567 0.473666 
1535387228089 0.212453 0.919775 -0.329966 -0.472887 -0.943599 0.280855 0.175331 -0.170884 0.253938 0.274106 0.927567 0.473666 
1535387228342 0.212453 0.919775 -0.329966 -0.472887 -0.943599 0.280856 0.175332 -0.170884 0.253939 0.274106 0.927567 0.473667 
1535387228628 0.212453 0.919775 -0.329966 -0.472887 -0.943599 0.280856 0.175333 -0.170884 0.25394 0.274106 0.927567 0.473667 
1535387228644 0.212453 0.919775 -0.329966 -0.472887 -0.943598 0.280856 0.175333 -0.170884 0.25394 0.274106 0.927567 0.473667 
1535387228863 0.212451 0.919776 -0.329966 -0.472887 -0.943599 0.280854 0.175334 -0.170883 0.25394 0.274106 0.927567 0.473667 
1535387229058 0.212451 0.919776 -0.329966 -0.472887 -0.943599 0.280854 0.175335 -0.170883 0.253941 0.274106 0.927567 0.473667 
1535387229271 0.212451 0.919776 -0.329966 -0.472887 -0.943599 0.280854 0.175335 -0.170883 0.253941 0.274106 0.927567 0.473667 
1535387229481 0.212451 0.919775 -0.329966 -0.472887 -0.943599 0.280854 0.175335 -0.170883 0.253941 0.274106 0.927567 0.473667 
1535387229688 0.212451 0.919775 -0.329966 -0.472887 -0.943598 0.280855 0.175335 -0.170883 0.253942 0.274105 0.927567 0.473667 
1535387229891 0.212452 0.919775 -0.329966 -0.472887 -0.943598 0.280856 0.175335 -0.170883 0.253942 0.274105 0.927566 0.473667 
1535387230107 0.212452 0.919775 -0.329966 -0.472887 -0.943598 0.280856 0.175336 -0.170883 0.253942 0.274105 0.927566 0.473667 
1535387230294 0.212452 0.919775 -0.329966 -0.472887 -0.943598 0.280856 0.175336 -0.170883 0.253943 0.274105 0.927566 0.473667 
1535387230536 0.212453 0.919775 -0.329966 -0.472887 -0.943598 0.280857 0.175336 -0.170884 0.253943 0.274105 0.927566 0.473667 
1535387230556 0.212453 0.919775 -0.329966 -0.472887 -0.943598 0.280857 0.175336 -0.170883 0.253943 0.274105 0.927566 0.473667 
1535387230769 0.21245 0.919776 -0.329966 -0.472887 -0.943598 0.280854 0.175338 -0.170882 0.253944 0.274105 0.927566 0.473667 
1535387230972 0.21245 0.919776 -0.329966 -0.472887 -0.943598 0.280855 0.175338 -0.170882 0.253944 0.274105 0.927566 0.473667 
1535387231189 0.21245 0.919776 -0.329966 -0.472887 -0.943598 0.280855 0.175338 -0.170882 0.253944 0.274105 0.927566 0.473667 
1535387231400 0.21245 0.919776 -0.329966 -0.472887 -0.943598 0.280855 0.175338 -0.170882 0.253945 0.274105 0.927566 0.473668 
1535387231621 0.212451 0.919775 -0.329966 -0.472887 -0.943598 0.280856 0.175339 -0.170882 0.253945 0.274105 0.927566 0.473668 
1535387231811 0.212451 0.919775 -0.329966 -0.472887 -0.943598 0.280856 0.175339 -0.170883 0.253945 0.274105 0.927566 0.473668 
1535387232031 0.212451 0.919775 -0.329966 -0.472887 -0.943597 0.280856 0.175339 -0.170883 0.253946 0.274104 0.927566 0.473668 
1535387232259 0.212452 0.919775 -0.329966 -0.472887 -0.943597 0.280857 0.175339 -0.170883 0.253946 0.274104 0.927566 0.473668 
