1533738049621 0.168031 0.742919 -0.647949 -0.530526 -0.955501 0.284405 0.0783032 -0.183406 0.242453 0.605958 0.757648 0.407748 
1533738057142 0.168028 0.742919 -0.647949 -0.530526 -0.9555 0.284407 0.0783093 -0.183405 0.242458 0.605957 0.757648 0.407749 
1533738058051 0.182388 0.771755 -0.609204 -0.537326 -0.955104 0.286195 0.0766126 -0.183905 0.233477 0.567879 0.789304 0.400876 
1533738058922 0.196212 0.799003 -0.568415 -0.544387 -0.95489 0.28747 0.0744674 -0.184435 0.222902 0.528163 0.819365 0.39371 
1533738059761 0.209338 0.824124 -0.526306 -0.551448 -0.95464 0.288799 0.072514 -0.184885 0.211757 0.487252 0.847198 0.386397 
1533738060566 0.221875 0.847125 -0.482857 -0.558495 -0.954387 0.290137 0.0704722 -0.185388 0.199793 0.445196 0.872859 0.379118 
1533738061368 0.233798 0.867944 -0.438191 -0.565575 -0.954039 0.291692 0.0687369 -0.185839 0.187476 0.401981 0.89625 0.371838 
1533738062174 0.244935 0.886544 -0.392488 -0.572653 -0.95372 0.293143 0.0669703 -0.18626 0.174427 0.357921 0.917316 0.364434 
1533738062986 0.255488 0.902924 -0.345621 -0.579714 -0.953329 0.294773 0.0653708 -0.186715 0.160905 0.312789 0.936094 0.357164 
1533738063798 0.265475 0.916959 -0.297841 -0.586741 -0.952883 0.296571 0.0637139 -0.18721 0.146754 0.266894 0.952487 0.349857 
1533738064605 0.274639 0.928611 -0.24951 -0.592273 -0.952412 0.298396 0.0622192 -0.186995 0.13223 0.220548 0.966371 0.342956 
1533738064629 0.274406 0.928805 -0.249042 -0.592342 -0.952539 0.298038 0.0619857 -0.186928 0.131797 0.220213 0.966507 0.342853 
1533738064912 0.275542 0.929479 -0.245244 -0.593005 -0.952352 0.298654 0.0618944 -0.187146 0.130772 0.216504 0.967484 0.342335 
1533738065191 0.276419 0.930492 -0.240368 -0.593899 -0.952277 0.298888 0.0619278 -0.18725 0.129466 0.211779 0.968704 0.341519 
1533738065479 0.277412 0.931475 -0.235364 -0.594757 -0.952205 0.299169 0.0616729 -0.18742 0.12786 0.207006 0.969949 0.340667 
1533738065763 0.27803 0.932581 -0.230199 -0.59567 -0.952221 0.299115 0.0616955 -0.187432 0.126392 0.202047 0.971186 0.339974 
1533738066045 0.278897 0.93352 -0.225293 -0.596499 -0.952197 0.299271 0.061299 -0.187639 0.124648 0.197428 0.972361 0.339097 
1533738066327 0.279638 0.934515 -0.220191 -0.597394 -0.952179 0.299346 0.0612069 -0.187629 0.123112 0.192545 0.973535 0.338341 
1533738066614 0.280384 0.935492 -0.215034 -0.598313 -0.95217 0.299412 0.0610363 -0.187704 0.121483 0.187636 0.974697 0.337582 
1533738066899 0.281294 0.936349 -0.210059 -0.599155 -0.952079 0.299705 0.061005 -0.187895 0.120078 0.182832 0.975784 0.336771 
1533738067183 0.281536 0.937422 -0.204886 -0.60009 -0.952218 0.299287 0.060886 -0.187813 0.118396 0.177954 0.97689 0.335942 
1533738067196 0.281616 0.937449 -0.204649 -0.600113 -0.952212 0.299325 0.060808 -0.187823 0.118261 0.177745 0.976945 0.335912 
1533738067213 0.281677 0.937486 -0.204397 -0.600143 -0.952215 0.299336 0.0607012 -0.187825 0.11809 0.177532 0.977004 0.335886 
1533738067322 0.281697 0.937508 -0.204267 -0.60017 -0.952244 0.299296 0.0604508 -0.187819 0.117809 0.177483 0.977047 0.335885 
1533738067345 0.281966 0.93738 -0.204485 -0.600182 -0.95221 0.299504 0.0599459 -0.187848 0.117436 0.17781 0.977032 0.335864 
1533738067378 0.282422 0.937147 -0.20492 -0.60022 -0.952119 0.299912 0.0593496 -0.187887 0.117077 0.178347 0.976978 0.335809 
1533738067447 0.282752 0.93703 -0.205002 -0.600219 -0.95211 0.300104 0.0585129 -0.187932 0.11635 0.17864 0.977011 0.335716 
1533738067474 0.283164 0.936906 -0.205002 -0.600223 -0.952062 0.300393 0.0578055 -0.187976 0.115739 0.178806 0.977053 0.335672 
1533738067515 0.28362 0.93681 -0.204807 -0.600228 -0.952052 0.300634 0.0567148 -0.18802 0.114703 0.178901 0.977158 0.335628 
1533738067568 0.284181 0.936654 -0.204746 -0.600272 -0.95198 0.30103 0.0558089 -0.188073 0.113908 0.179054 0.977223 0.335507 
1533738067606 0.284759 0.936463 -0.204818 -0.600312 -0.951896 0.301462 0.0549145 -0.188146 0.11317 0.179328 0.977258 0.335416 
1533738067622 0.284904 0.936414 -0.204838 -0.600332 -0.951886 0.301552 0.0545857 -0.188158 0.112884 0.179431 0.977273 0.335388 
1533738067639 0.285005 0.936383 -0.204837 -0.600359 -0.951907 0.30157 0.0541227 -0.18816 0.112452 0.17956 0.977299 0.335351 
1533738067659 0.285107 0.936359 -0.204806 -0.600381 -0.951924 0.301591 0.0536976 -0.18816 0.112048 0.17965 0.977329 0.335324 
1533738067766 0.285578 0.936247 -0.204663 -0.600448 -0.951872 0.301902 0.0528718 -0.188218 0.111289 0.179714 0.977404 0.335248 
1533738067786 0.285758 0.936262 -0.204343 -0.600433 -0.951844 0.302017 0.052705 -0.188268 0.111061 0.179442 0.977479 0.335247 
1533738067885 0.286526 0.936186 -0.203615 -0.600584 -0.951754 0.302502 0.0515451 -0.188289 0.10985 0.179023 0.977693 0.335164 
1533738067938 0.287022 0.936166 -0.203005 -0.600657 -0.95176 0.302699 0.0502509 -0.188252 0.108493 0.178789 0.977887 0.335066 
1533738067961 0.287211 0.936109 -0.203001 -0.60069 -0.951744 0.302818 0.0498498 -0.188263 0.108137 0.178888 0.977909 0.335023 
1533738067978 0.287365 0.936065 -0.202987 -0.60071 -0.951724 0.302924 0.049584 -0.188285 0.107904 0.178939 0.977925 0.334982 
1533738067998 0.287536 0.93603 -0.202905 -0.600725 -0.951705 0.303033 0.0492752 -0.188326 0.10761 0.178937 0.977958 0.334943 
1533738068015 0.287686 0.936005 -0.202811 -0.600733 -0.951689 0.303127 0.0490138 -0.188362 0.107355 0.178912 0.977991 0.334919 
1533738068031 0.287849 0.935988 -0.202657 -0.600731 -0.951671 0.303226 0.0487428 -0.188402 0.107074 0.178833 0.978036 0.3349 
1533738068049 0.287996 0.935979 -0.20249 -0.600729 -0.951651 0.303321 0.048549 -0.188433 0.10686 0.178717 0.97808 0.334883 
1533738068088 0.28818 0.93596 -0.202317 -0.600755 -0.951603 0.303479 0.0484962 -0.188455 0.106789 0.178549 0.978119 0.334878 
1533738068134 0.288342 0.935954 -0.202113 -0.600848 -0.951561 0.303617 0.0484709 -0.188409 0.106731 0.178347 0.978162 0.334863 
1533738068154 0.28845 0.935984 -0.201819 -0.600875 -0.951548 0.303673 0.0483569 -0.188392 0.106548 0.178092 0.978228 0.334865 
1533738068168 0.288532 0.936007 -0.201592 -0.600886 -0.951541 0.303713 0.0482535 -0.188393 0.106392 0.177901 0.97828 0.334885 
1533738068185 0.288659 0.936037 -0.201273 -0.600897 -0.951529 0.303777 0.0480902 -0.188402 0.106156 0.177636 0.978354 0.334921 
1533738068201 0.288734 0.936037 -0.201163 -0.600916 -0.951518 0.303825 0.0480016 -0.188404 0.10605 0.177551 0.978381 0.334942 
1533738068218 0.288817 0.936031 -0.201071 -0.600945 -0.951507 0.303879 0.0478854 -0.1884 0.105923 0.17749 0.978406 0.334955 
1533738068235 0.288873 0.936029 -0.201002 -0.60097 -0.951504 0.303906 0.0477654 -0.188388 0.105795 0.177456 0.978426 0.334949 
1533738068251 0.288889 0.936031 -0.200972 -0.600993 -0.95151 0.303902 0.047675 -0.188366 0.105701 0.177454 0.978436 0.334931 
1533738068268 0.288879 0.936026 -0.201007 -0.601007 -0.951514 0.303892 0.0476521 -0.188349 0.105688 0.177495 0.97843 0.334897 
1533738068285 0.28885 0.936023 -0.201064 -0.601001 -0.951522 0.303867 0.0476453 -0.188339 0.105694 0.177555 0.978419 0.334857 
1533738068338 0.288843 0.93601 -0.201134 -0.600975 -0.951537 0.303843 0.0475034 -0.188377 0.105577 0.177666 0.978411 0.334772 
1533738068359 0.28879 0.936041 -0.201066 -0.600965 -0.951568 0.303763 0.0473999 -0.188391 0.105445 0.17764 0.97843 0.334742 
1533738068379 0.288805 0.936074 -0.200892 -0.60096 -0.951587 0.303729 0.0472385 -0.188418 0.105235 0.177523 0.978474 0.334703 
1533738068395 0.2889 0.93608 -0.200728 -0.600981 -0.951582 0.303773 0.0470496 -0.18845 0.105018 0.177417 0.978516 0.334661 
1533738068412 0.288978 0.936077 -0.200626 -0.601012 -0.951581 0.303807 0.0468568 -0.188472 0.104813 0.177371 0.978547 0.33464 
1533738068487 0.288928 0.936123 -0.200483 -0.601097 -0.951612 0.303723 0.0467594 -0.188384 0.104664 0.177272 0.978581 0.334642 
1533738068510 0.288897 0.936158 -0.200364 -0.601082 -0.951578 0.30376 0.0472119 -0.18833 0.105061 0.177023 0.978583 0.334649 
1533738068561 0.288986 0.936185 -0.200112 -0.601068 -0.951475 0.303963 0.0479841 -0.188307 0.105749 0.176535 0.978597 0.334653 
1533738068587 0.289138 0.936182 -0.199908 -0.60107 -0.951427 0.304103 0.0480345 -0.18837 0.105762 0.176309 0.978637 0.334649 
1533738068603 0.289222 0.93618 -0.199793 -0.601072 -0.951401 0.304181 0.0480626 -0.188408 0.105769 0.176183 0.978659 0.334646 
1533738068620 0.289324 0.936179 -0.199652 -0.601073 -0.951371 0.304272 0.0480785 -0.188453 0.105759 0.176033 0.978687 0.334638 
1533738068637 0.28945 0.936188 -0.199426 -0.601073 -0.951337 0.304377 0.0480839 -0.188502 0.105716 0.175803 0.978732 0.334614 
1533738068654 0.289488 0.936204 -0.199297 -0.601076 -0.951323 0.304411 0.0481418 -0.188507 0.105739 0.17566 0.978756 0.334594 
1533738068670 0.2895 0.936221 -0.199198 -0.60109 -0.951312 0.30443 0.0482389 -0.188493 0.105804 0.175535 0.978771 0.334569 
1533738068687 0.289493 0.936226 -0.199185 -0.601107 -0.951305 0.304438 0.0483291 -0.188476 0.105886 0.175494 0.97877 0.334553 
1533738068707 0.28947 0.936233 -0.199186 -0.60112 -0.951305 0.304428 0.0484002 -0.188455 0.105952 0.175476 0.978766 0.334544 
1533738068724 0.289402 0.936242 -0.19924 -0.601125 -0.951324 0.304366 0.0484125 -0.188427 0.105968 0.175531 0.978754 0.334542 
1533738068740 0.289295 0.93627 -0.199268 -0.601118 -0.951357 0.304262 0.0484215 -0.188383 0.105965 0.175567 0.978748 0.334548 
1533738068760 0.289167 0.936291 -0.199353 -0.601117 -0.95139 0.304151 0.0484747 -0.188328 0.10602 0.175645 0.978728 0.334555 
1533738068777 0.289062 0.9363 -0.199461 -0.601124 -0.951413 0.304068 0.0485386 -0.188282 0.106096 0.175739 0.978703 0.334557 
1533738068794 0.288994 0.93631 -0.199515 -0.601129 -0.951429 0.304012 0.0485804 -0.188249 0.106141 0.175785 0.97869 0.334554 
1533738068810 0.288989 0.936312 -0.199513 -0.601134 -0.951429 0.304009 0.0485907 -0.188243 0.10615 0.17578 0.97869 0.334548 
1533738068827 0.289042 0.936302 -0.199481 -0.601145 -0.951412 0.304061 0.0486003 -0.188257 0.106159 0.175741 0.978696 0.334534 
1533738068844 0.289089 0.936298 -0.199434 -0.601151 -0.951387 0.304123 0.0487107 -0.188261 0.10626 0.175657 0.9787 0.334523 
1533738068860 0.289142 0.936316 -0.19927 -0.60114 -0.951369 0.30417 0.0487673 -0.188272 0.106274 0.175479 0.97873 0.334516 
1533738068877 0.289158 0.936333 -0.19917 -0.601134 -0.951365 0.304178 0.048785 -0.188281 0.106262 0.175377 0.97875 0.334513 
1533738068894 0.289134 0.936353 -0.199108 -0.601131 -0.951376 0.304145 0.0487775 -0.188294 0.106231 0.175324 0.978763 0.33451 
1533738068910 0.289086 0.936372 -0.199092 -0.601133 -0.951397 0.304087 0.0487354 -0.188308 0.106176 0.175327 0.978768 0.334512 
1533738068933 0.288988 0.9364 -0.1991 -0.60114 -0.951435 0.303977 0.0486748 -0.188332 0.106101 0.175365 0.97877 0.33453 
1533738068949 0.288935 0.936414 -0.19911 -0.601144 -0.951453 0.303923 0.048665 -0.188352 0.106085 0.175383 0.978768 0.334551 
1533738068964 0.288839 0.936441 -0.199123 -0.601154 -0.951486 0.303822 0.0486405 -0.188382 0.106047 0.175413 0.978767 0.334596 
1533738068980 0.288756 0.936468 -0.199115 -0.601162 -0.951514 0.303736 0.0486335 -0.188402 0.106022 0.175418 0.978769 0.334639 
1533738069057 0.288612 0.936468 -0.199326 -0.601162 -0.95156 0.303603 0.0485773 -0.188348 0.106007 0.17565 0.978728 0.334698 
1533738069071 0.288697 0.936411 -0.199469 -0.601155 -0.951532 0.303696 0.0485276 -0.188299 0.10602 0.175792 0.978702 0.334693 
1533738069134 0.28882 0.936223 -0.200174 -0.601099 -0.951548 0.303764 0.0477822 -0.188177 0.10554 0.176675 0.978594 0.334637 
1533738069202 0.288717 0.93615 -0.200661 -0.601079 -0.951642 0.303582 0.0470604 -0.188166 0.104973 0.177371 0.97853 0.334629 
1533738069219 0.288755 0.936114 -0.200778 -0.601075 -0.951638 0.303613 0.0469475 -0.188167 0.104907 0.177511 0.978511 0.334652 
1533738069236 0.288769 0.936051 -0.201051 -0.60108 -0.951635 0.303638 0.0468456 -0.188169 0.104896 0.177799 0.97846 0.334679 
1533738069252 0.288759 0.936005 -0.201277 -0.601082 -0.95164 0.303637 0.0467561 -0.188176 0.104879 0.178042 0.978418 0.334697 
1533738069269 0.288755 0.93597 -0.201444 -0.601072 -0.951647 0.303632 0.046651 -0.188184 0.104829 0.178233 0.978389 0.334718 
1533738069286 0.288773 0.935952 -0.201505 -0.60105 -0.951652 0.303634 0.0465272 -0.188199 0.104731 0.178327 0.978382 0.334741 
1533738069303 0.28878 0.93595 -0.201503 -0.601031 -0.951659 0.303626 0.0464437 -0.188213 0.10465 0.17835 0.978386 0.334756 
1533738069402 0.288668 0.935991 -0.201474 -0.601003 -0.951689 0.303521 0.0465114 -0.188197 0.104686 0.178314 0.978389 0.334778 
1533738069428 0.288438 0.935976 -0.201873 -0.601017 -0.951753 0.303325 0.046482 -0.188134 0.104739 0.178726 0.978308 0.334802 
1533738069447 0.288275 0.935957 -0.202195 -0.601015 -0.951812 0.303165 0.0463206 -0.188116 0.104652 0.179098 0.978249 0.334825 
1533738069475 0.288143 0.935957 -0.202382 -0.600973 -0.951873 0.303009 0.0460912 -0.188127 0.104463 0.179361 0.978221 0.334864 
1533738069498 0.288096 0.935966 -0.202404 -0.600938 -0.951901 0.302939 0.0459559 -0.188142 0.104329 0.179429 0.978223 0.334887 
1533738069508 0.288091 0.935961 -0.202436 -0.60092 -0.951911 0.302921 0.045867 -0.188162 0.104252 0.179487 0.978221 0.3349 
1533738069525 0.288133 0.935906 -0.20263 -0.60091 -0.951902 0.302966 0.0457646 -0.188201 0.104221 0.179697 0.978185 0.334916 
1533738069542 0.288171 0.935862 -0.202781 -0.600911 -0.951888 0.303015 0.0457337 -0.188217 0.104246 0.179845 0.978156 0.334921 
1533738069558 0.28823 0.935781 -0.203069 -0.600909 -0.951865 0.303095 0.0456712 -0.188243 0.104288 0.180131 0.978099 0.334934 
1533738069575 0.288225 0.935738 -0.203274 -0.600916 -0.951866 0.303102 0.0456186 -0.188236 0.1043 0.180342 0.978058 0.334945 
1533738069592 0.288191 0.935741 -0.203311 -0.600918 -0.951883 0.303059 0.0455477 -0.188215 0.104236 0.180401 0.978054 0.334956 
1533738069608 0.288142 0.935762 -0.203285 -0.600919 -0.951904 0.302998 0.0455045 -0.18819 0.104176 0.180396 0.978062 0.334965 
1533738069625 0.288094 0.93579 -0.203223 -0.600932 -0.951922 0.302943 0.0455041 -0.188159 0.104147 0.180343 0.978075 0.334973 
1533738069641 0.288079 0.935812 -0.203141 -0.600953 -0.951929 0.30292 0.0455123 -0.188131 0.104126 0.180264 0.978091 0.334977 
1533738069658 0.288108 0.935848 -0.202935 -0.600963 -0.951934 0.302914 0.0454434 -0.188118 0.104 0.180088 0.978137 0.334985 
1533738069675 0.288122 0.935871 -0.202807 -0.600974 -0.95194 0.302904 0.045385 -0.188107 0.103906 0.179984 0.978166 0.334993 
1533738069691 0.288118 0.935888 -0.202737 -0.600992 -0.951949 0.302882 0.0453318 -0.18809 0.103831 0.179934 0.978183 0.33501 
1533738069708 0.28813 0.935886 -0.202727 -0.601002 -0.951957 0.302874 0.0452256 -0.1881 0.103727 0.179957 0.97819 0.335039 
1533738069725 0.288137 0.935882 -0.202735 -0.601003 -0.951978 0.302841 0.0449981 -0.188128 0.103509 0.180033 0.978199 0.335078 
1533738069741 0.288132 0.935865 -0.202824 -0.601007 -0.952 0.302805 0.044782 -0.188159 0.103326 0.180185 0.978191 0.335117 
1533738069758 0.288133 0.935834 -0.202962 -0.601021 -0.952007 0.3028 0.0446694 -0.188181 0.10326 0.180351 0.978167 0.335137 
1533738069775 0.28815 0.935816 -0.203022 -0.601025 -0.951994 0.302832 0.0447156 -0.188191 0.103327 0.180391 0.978153 0.335139 
1533738069794 0.288156 0.935814 -0.203023 -0.601022 -0.951984 0.302853 0.0447972 -0.188186 0.103408 0.180366 0.978149 0.335131 
1533738069808 0.288159 0.935829 -0.202948 -0.60101 -0.951966 0.302882 0.0449743 -0.188164 0.103557 0.18024 0.978156 0.335114 
1533738069828 0.28821 0.935836 -0.202844 -0.600999 -0.951931 0.30296 0.0451827 -0.188143 0.103737 0.180072 0.978168 0.335107 
1533738069845 0.288375 0.935835 -0.202613 -0.600983 -0.951878 0.303118 0.0452597 -0.188155 0.103771 0.179811 0.978212 0.3351 
1533738069861 0.288538 0.935832 -0.202396 -0.600975 -0.95184 0.303247 0.045191 -0.188181 0.103667 0.17961 0.97826 0.335085 
1533738069878 0.288678 0.935818 -0.202259 -0.600984 -0.951811 0.303355 0.0450818 -0.188201 0.103545 0.179498 0.978294 0.335059 
1533738069895 0.288779 0.935802 -0.202193 -0.601009 -0.951789 0.303435 0.0449976 -0.188207 0.103461 0.179451 0.978311 0.335024 
1533738069911 0.288821 0.935783 -0.20222 -0.601033 -0.951781 0.303469 0.044937 -0.188213 0.103419 0.179491 0.978309 0.335008 
1533738069928 0.288774 0.935788 -0.202265 -0.601047 -0.951803 0.303412 0.0448559 -0.188207 0.103345 0.179563 0.978303 0.335007 
1533738069950 0.288625 0.935825 -0.202307 -0.601052 -0.951855 0.303256 0.0448103 -0.188185 0.103285 0.179633 0.978296 0.33501 
1533738069967 0.288446 0.935866 -0.202368 -0.601055 -0.951907 0.303087 0.0448433 -0.188171 0.103303 0.179701 0.978282 0.335015 
1533738069991 0.288133 0.935941 -0.202468 -0.601062 -0.951986 0.302812 0.0450206 -0.188174 0.103446 0.179774 0.978254 0.335033 
1533738070008 0.287985 0.935992 -0.202446 -0.601056 -0.952015 0.302693 0.0452104 -0.188179 0.103596 0.179711 0.978249 0.33505 
1533738070025 0.287937 0.936017 -0.202397 -0.601054 -0.952015 0.302668 0.0453693 -0.188196 0.103726 0.179622 0.978252 0.33506 
1533738070041 0.287945 0.936032 -0.202315 -0.601062 -0.951981 0.302729 0.0456994 -0.188231 0.104023 0.179441 0.978254 0.335051 
1533738070058 0.287972 0.93603 -0.202285 -0.601074 -0.951953 0.302787 0.0458891 -0.188257 0.104203 0.179351 0.978251 0.335029 
1533738070074 0.288049 0.936048 -0.202094 -0.601067 -0.951918 0.302873 0.046042 -0.188297 0.104306 0.179114 0.978283 0.335 
1533738070092 0.288109 0.936055 -0.201978 -0.601062 -0.951895 0.302934 0.0461131 -0.188322 0.10435 0.178976 0.978304 0.334987 
1533738070108 0.288142 0.936055 -0.201929 -0.60106 -0.951887 0.302962 0.0461042 -0.188341 0.104333 0.178929 0.978314 0.334985 
1533738070124 0.288112 0.936063 -0.201934 -0.601055 -0.951897 0.302931 0.0461012 -0.188335 0.104326 0.178939 0.978313 0.334993 
1533738070141 0.288073 0.936061 -0.201997 -0.601054 -0.951914 0.302886 0.0460365 -0.18833 0.104275 0.179022 0.978304 0.335002 
1533738070211 0.287863 0.936053 -0.202337 -0.60107 -0.951941 0.30276 0.0463109 -0.188304 0.104609 0.179282 0.97822 0.335039 
1533738070228 0.287702 0.936107 -0.202313 -0.601067 -0.951968 0.302638 0.0465506 -0.188306 0.104804 0.179203 0.978214 0.335041 
1533738070248 0.287544 0.936173 -0.202234 -0.601064 -0.951978 0.302542 0.0469588 -0.188318 0.105146 0.179019 0.978211 0.335036 
1533738070268 0.287481 0.936202 -0.202189 -0.601057 -0.951975 0.302517 0.0471931 -0.188348 0.105348 0.178912 0.978209 0.335029 
1533738070342 0.28784 0.936126 -0.202031 -0.601043 -0.951857 0.302876 0.0472585 -0.188486 0.10543 0.178702 0.978238 0.335 
1533738070372 0.288131 0.936098 -0.201744 -0.60106 -0.951823 0.303056 0.0467946 -0.188445 0.104944 0.178542 0.97832 0.335004 
1533738070390 0.288265 0.936127 -0.201418 -0.601058 -0.951834 0.303084 0.0463921 -0.188403 0.104475 0.178343 0.978406 0.335003 
1533738070409 0.288294 0.936173 -0.201162 -0.601065 -0.951874 0.303016 0.046009 -0.188355 0.104028 0.178217 0.978477 0.334983 
1533738070455 0.288215 0.936252 -0.200907 -0.601112 -0.951968 0.302806 0.0454516 -0.188239 0.10339 0.178157 0.978555 0.334911 
1533738070485 0.288272 0.936298 -0.200615 -0.601107 -0.951987 0.302784 0.0451886 -0.188221 0.103053 0.177956 0.978627 0.33488 
1533738070502 0.288335 0.936312 -0.200457 -0.601103 -0.951986 0.302808 0.0450555 -0.188232 0.102886 0.177841 0.978666 0.334862 
1533738070518 0.288436 0.936311 -0.200314 -0.601109 -0.951965 0.302883 0.0449903 -0.188251 0.102797 0.177715 0.978698 0.334836 
1533738070535 0.288549 0.936308 -0.200168 -0.601118 -0.951935 0.30298 0.0449744 -0.188268 0.102757 0.17757 0.978729 0.334808 
1533738070551 0.288657 0.936305 -0.200028 -0.601125 -0.95191 0.303066 0.044929 -0.188289 0.102689 0.177439 0.97876 0.334785 
1533738070568 0.28873 0.936307 -0.199912 -0.601131 -0.951893 0.303124 0.0449051 -0.188303 0.102643 0.177329 0.978784 0.334779 
1533738070585 0.28878 0.936306 -0.199844 -0.601137 -0.951877 0.30317 0.0449203 -0.188314 0.102646 0.177255 0.978797 0.334777 
1533738070601 0.288763 0.936319 -0.199808 -0.601136 -0.95188 0.303155 0.0449542 -0.188302 0.102664 0.177212 0.978803 0.334783 
1533738070618 0.288675 0.936346 -0.199809 -0.60113 -0.951901 0.303079 0.0450268 -0.188269 0.102719 0.1772 0.9788 0.334796 
1533738070646 0.288538 0.936372 -0.199881 -0.601118 -0.95192 0.302988 0.0452491 -0.188235 0.102932 0.177215 0.978775 0.334832 
1533738070660 0.288419 0.936385 -0.199994 -0.601124 -0.95194 0.302904 0.0453884 -0.18824 0.10308 0.177292 0.978745 0.334847 
1533738070680 0.288203 0.936409 -0.200194 -0.601134 -0.951977 0.30275 0.045631 -0.188265 0.103338 0.177429 0.978693 0.334866 
1533738070697 0.288011 0.936452 -0.200268 -0.601127 -0.952002 0.302621 0.0459558 -0.188279 0.103641 0.17742 0.978663 0.334869 
1533738070714 0.287841 0.936501 -0.200284 -0.601113 -0.952022 0.30251 0.0462867 -0.188281 0.103935 0.177351 0.978644 0.334858 
1533738070730 0.287764 0.93653 -0.200259 -0.601096 -0.952016 0.302483 0.0465851 -0.188276 0.104203 0.177244 0.978635 0.334847 
1533738070747 0.287725 0.936552 -0.200213 -0.601084 -0.952005 0.302481 0.0468173 -0.188276 0.104408 0.177133 0.978633 0.334844 
1533738070763 0.287726 0.936556 -0.200191 -0.60108 -0.951988 0.302509 0.0469806 -0.188284 0.104559 0.177062 0.97863 0.334847 
1533738070780 0.287763 0.93655 -0.200167 -0.601082 -0.951973 0.30255 0.0470162 -0.188305 0.104594 0.177024 0.978633 0.334851 
1533738070800 0.287862 0.936555 -0.2 -0.601073 -0.951956 0.302617 0.0469249 -0.188329 0.104471 0.176883 0.978672 0.334877 
1533738070817 0.287909 0.936559 -0.199912 -0.60107 -0.951955 0.302638 0.046828 -0.188336 0.104358 0.176825 0.978694 0.334885 
1533738070837 0.28818 0.936497 -0.199816 -0.601067 -0.951879 0.302888 0.0467487 -0.188339 0.104302 0.176728 0.978718 0.334889 
1533738070853 0.288342 0.936449 -0.199802 -0.601066 -0.951829 0.303048 0.0467265 -0.188344 0.104307 0.176704 0.978721 0.334878 
1533738070870 0.288474 0.936409 -0.1998 -0.601069 -0.951787 0.303181 0.0467243 -0.188353 0.104329 0.176688 0.978722 0.334864 
1533738070887 0.288506 0.936409 -0.199757 -0.601067 -0.951762 0.303235 0.0468701 -0.188346 0.104463 0.176599 0.978724 0.334854 
1533738070903 0.288485 0.936423 -0.19972 -0.601063 -0.951744 0.303254 0.0471162 -0.188318 0.104687 0.17649 0.97872 0.334831 
1533738070989 0.288227 0.936481 -0.199823 -0.601071 -0.951806 0.303034 0.0472857 -0.188291 0.104835 0.176564 0.97869 0.334765 
1533738071002 0.288226 0.936474 -0.199857 -0.601074 -0.951827 0.302999 0.0470793 -0.188311 0.104645 0.17666 0.978693 0.334783 
1533738071019 0.288242 0.936466 -0.199869 -0.601073 -0.951863 0.302947 0.0466926 -0.188345 0.104276 0.176789 0.97871 0.334838 
1533738071036 0.288236 0.936467 -0.199874 -0.601073 -0.951897 0.302885 0.0463868 -0.188366 0.103978 0.176889 0.978723 0.334899 
1533738071052 0.288271 0.936457 -0.199872 -0.60107 -0.951903 0.302893 0.046231 -0.188373 0.103833 0.176931 0.978731 0.334947 
1533738071072 0.288441 0.936416 -0.199817 -0.60106 -0.951862 0.303039 0.0461151 -0.188365 0.103735 0.176896 0.978748 0.334999 
1533738071089 0.288566 0.936386 -0.199777 -0.60106 -0.951831 0.303148 0.0460368 -0.188344 0.10367 0.176869 0.978759 0.335031 
1533738071105 0.288678 0.93636 -0.199739 -0.601059 -0.951805 0.303241 0.0459475 -0.188324 0.103593 0.176849 0.978771 0.335058 
1533738071122 0.288761 0.93634 -0.199712 -0.601056 -0.951792 0.303302 0.0458336 -0.18831 0.103489 0.176849 0.978782 0.335074 
1533738071139 0.288764 0.936336 -0.199723 -0.601056 -0.951801 0.303288 0.0457309 -0.188293 0.103393 0.176891 0.978785 0.33507 
1533738071217 0.289006 0.936252 -0.199769 -0.601127 -0.951721 0.303538 0.0457285 -0.188374 0.103451 0.176909 0.978775 0.334939 
1533738071230 0.289076 0.93627 -0.199583 -0.601126 -0.9517 0.303598 0.0457787 -0.188407 0.103454 0.17671 0.978811 0.334919 
1533738071247 0.289172 0.936317 -0.199222 -0.601123 -0.951673 0.303671 0.0458549 -0.188449 0.103433 0.176334 0.978881 0.334892 
1533738071264 0.28922 0.93634 -0.199043 -0.601141 -0.951655 0.303716 0.0459364 -0.188458 0.103465 0.176134 0.978914 0.334872 
1533738071280 0.289187 0.936381 -0.198902 -0.601151 -0.951662 0.303682 0.0460196 -0.18843 0.103495 0.175979 0.978938 0.334862 
1533738071303 0.289125 0.936425 -0.198782 -0.601159 -0.951686 0.303605 0.0460183 -0.188384 0.103444 0.175873 0.978963 0.334856 
1533738071320 0.289101 0.936453 -0.198684 -0.60117 -0.951699 0.303568 0.0460018 -0.188345 0.103393 0.175788 0.978983 0.334853 
1533738071337 0.289124 0.936479 -0.198533 -0.601185 -0.951699 0.303571 0.0459796 -0.1883 0.103328 0.17565 0.979015 0.334846 
1533738071474 0.289645 0.936302 -0.198609 -0.601211 -0.951529 0.304104 0.04596 -0.188389 0.10343 0.17567 0.979001 0.334813 
1533738071493 0.289619 0.936275 -0.198773 -0.601214 -0.95153 0.3041 0.0459809 -0.18839 0.103498 0.175822 0.978966 0.334818 
