1531908805385 -0.187254 -0.975206 0.117937 -0.597268 0.845429 -0.0988609 0.524859 -0.255126 -0.500186 0.197989 0.842979 0.407261 
1531908805395 -0.187254 -0.975206 0.117937 -0.597268 0.845429 -0.0988609 0.524859 -0.255126 -0.500186 0.197989 0.842979 0.407261 
1531908805398 0 0 0 0 0 0 0 0 0 0 0 0 
1531908805401 0 0 0 0 0 0 0 0 0 0 0 0 
1531908805401 0 0 0 0 0 0 0 0 0 0 0 0 
1531908805418 0 0 0 0 0 0 0 0 0 0 0 0 
1531908805418 0 0 0 0 0 0 0 0 0 0 0 0 
1531908805418 0 0 0 0 0 0 0 0 0 0 0 0 
1531908805419 0 0 0 0 0 0 0 0 0 0 0 0 
1531908805419 0 0 0 0 0 0 0 0 0 0 0 0 
1531908805421 0 0 0 0 0 0 0 0 0 0 0 0 
1531908805430 -0.187254 -0.975206 0.117937 -0.597268 0.845429 -0.0988609 0.524859 -0.255126 -0.500186 0.197989 0.842979 0.407261 
1531908805432 -0.187231 0.845419 -0.500212 -0.597087 -0.97521 -0.098835 0.197982 -0.254964 0.11794 0.52488 0.842966 0.40735 
1531908805440 -0.187254 -0.975206 0.117937 -0.597268 0.845429 -0.0988609 0.524859 -0.255126 -0.500186 0.197989 0.842979 0.407261 
1531908805442 -0.187247 0.845429 -0.500188 -0.597265 -0.975206 -0.0988476 0.197997 -0.255093 0.11795 0.524861 0.842976 0.40726 
1531908805450 -0.187254 -0.975206 0.117937 -0.597268 0.845429 -0.0988609 0.524859 -0.255126 -0.500186 0.197989 0.842979 0.407261 
1531908805452 -0.18725 0.845429 -0.500187 -0.597275 -0.975206 -0.0988521 0.197995 -0.255107 0.117946 0.52486 0.842977 0.407257 
1531908805462 -0.187254 -0.975206 0.117937 -0.597268 0.845429 -0.0988609 0.524859 -0.255126 -0.500186 0.197989 0.842979 0.407261 
1531908805462 -0.187251 0.845429 -0.500187 -0.597273 -0.975206 -0.0988555 0.197993 -0.255114 0.117943 0.52486 0.842978 0.407258 
1531908805475 0 0 0 0 0 0 0 0 0 0 0 0 
1531908805475 0 0 0 0 0 0 0 0 0 0 0 0 
1531908805475 -0.187254 -0.975206 0.117937 -0.597268 0.845429 -0.0988609 0.524859 -0.255126 -0.500186 0.197989 0.842979 0.407261 
1531908805478 0 0 0 0 0 0 0 0 0 0 0 0 
1531908805479 0 0 0 0 0 0 0 0 0 0 0 0 
1531908805481 0 0 0 0 0 0 0 0 0 0 0 0 
1531908805490 -0.187254 -0.975206 0.117937 -0.597268 0.845429 -0.0988609 0.524859 -0.255126 -0.500186 0.197989 0.842979 0.407261 
1531908805491 -0.187253 0.845429 -0.500186 -0.597269 -0.975206 -0.0988592 0.19799 -0.255122 0.117939 0.524859 0.842979 0.40726 
1531908805499 -0.187254 -0.975206 0.117937 -0.597268 0.845429 -0.0988609 0.524859 -0.255126 -0.500186 0.197989 0.842979 0.407261 
1531908805504 -0.187254 0.845429 -0.500186 -0.597268 -0.975206 -0.09886 0.19799 -0.255123 0.117938 0.524859 0.842979 0.407261 
1531908805508 0 0 0 0 0 0 0 0 0 0 0 0 
1531908805511 0 0 0 0 0 0 0 0 0 0 0 0 
1531908805512 0 0 0 0 0 0 0 0 0 0 0 0 
1531908805521 -0.187253 0.845429 -0.500187 -0.59726 -0.975206 -0.0988592 0.19799 -0.255118 0.117938 0.524859 0.842979 0.407261 
1531908805550 0 0 0 0 0 0 0 0 0 0 0 0 
1531908805550 0 0 0 0 0 0 0 0 0 0 0 0 
1531908805559 -0.187253 0.845429 -0.500187 -0.59726 -0.975206 -0.0988592 0.19799 -0.255118 0.117938 0.524859 0.842979 0.407261 
1531908805569 -0.187254 0.845429 -0.500186 -0.597267 -0.975206 -0.0988608 0.197989 -0.255126 0.117937 0.524859 0.842979 0.407261 
1531908805579 -0.187254 0.845429 -0.500186 -0.597268 -0.975206 -0.0988609 0.197989 -0.255126 0.117937 0.524859 0.842979 0.407261 
1531908805589 -0.187254 0.845429 -0.500186 -0.597268 -0.975206 -0.0988609 0.197989 -0.255126 0.117937 0.524859 0.842979 0.407261 
1531908805606 0 0 0 0 0 0 0 0 0 0 0 0 
1531908805606 0 0 0 0 0 0 0 0 0 0 0 0 
1531908805609 0 0 0 0 0 0 0 0 0 0 0 0 
1531908805620 -0.187254 0.845429 -0.500186 -0.597268 -0.975206 -0.0988609 0.197989 -0.255126 0.117937 0.524859 0.842979 0.407261 
1531908805630 -0.187254 0.845429 -0.500186 -0.597268 -0.975206 -0.0988609 0.197989 -0.255126 0.117937 0.524859 0.842979 0.407261 
1531908805640 -0.187254 0.845429 -0.500186 -0.597268 -0.975206 -0.0988609 0.197989 -0.255126 0.117937 0.524859 0.842979 0.407261 
1531908805650 -0.187254 0.845429 -0.500186 -0.597268 -0.975206 -0.0988609 0.197989 -0.255126 0.117937 0.524859 0.842979 0.407261 
1531908805663 -0.187254 0.845429 -0.500186 -0.597268 -0.975206 -0.0988609 0.197989 -0.255126 0.117937 0.524859 0.842979 0.407261 
1531908805688 0 0 0 0 0 0 0 0 0 0 0 0 
1531908805688 0 0 0 0 0 0 0 0 0 0 0 0 
1531908805689 0 0 0 0 0 0 0 0 0 0 0 0 
1531908805700 -0.187254 -0.975206 0.117937 -0.597268 0.845429 -0.0988609 0.524859 -0.255126 -0.500186 0.197989 0.842979 0.407261 
1531908805710 -0.187254 -0.975206 0.117937 -0.597268 0.845429 -0.0988609 0.524859 -0.255126 -0.500186 0.197989 0.842979 0.407261 
1531908805730 -0.187254 -0.975206 0.117937 -0.597268 0.845429 -0.0988609 0.524859 -0.255126 -0.500186 0.197989 0.842979 0.407261 
1531908805730 -0.187254 -0.975206 0.117937 -0.597268 0.845429 -0.0988609 0.524859 -0.255126 -0.500186 0.197989 0.842979 0.407261 
1531908805730 -0.187254 -0.975206 0.117937 -0.597268 0.845429 -0.0988609 0.524859 -0.255126 -0.500186 0.197989 0.842979 0.407261 
1531908805730 -0.187254 -0.975206 0.117937 -0.597268 0.845429 -0.0988609 0.524859 -0.255126 -0.500186 0.197989 0.842979 0.407261 
1531908805766 0 0 0 0 0 0 0 0 0 0 0 0 
1531908805768 0 0 0 0 0 0 0 0 0 0 0 0 
1531908805768 0 0 0 0 0 0 0 0 0 0 0 0 
1531908805769 0 0 0 0 0 0 0 0 0 0 0 0 
1531908805787 -0.187254 -0.975206 0.117937 -0.597268 0.845429 -0.0988609 0.524859 -0.255126 -0.500186 0.197989 0.842979 0.407261 
1531908805791 -0.187254 -0.975206 0.117937 -0.597268 0.845429 -0.0988609 0.524859 -0.255126 -0.500186 0.197989 0.842979 0.407261 
1531908805801 -0.187254 -0.975206 0.117937 -0.597268 0.845429 -0.0988609 0.524859 -0.255126 -0.500186 0.197989 0.842979 0.407261 
1531908805810 -0.187254 -0.975206 0.117937 -0.597268 0.845429 -0.0988609 0.524859 -0.255126 -0.500186 0.197989 0.842979 0.407261 
