1535378500109 0.248685 0.927673 -0.27853 -0.637275 -0.938155 0.302212 0.168917 -0.241865 0.240875 0.219297 0.945456 0.374223 
1535378503901 0.248684 0.927673 -0.278531 -0.637275 -0.938155 0.302212 0.168918 -0.241865 0.240876 0.219298 0.945456 0.374222 
1535378503906 0.248684 0.927673 -0.278531 -0.637275 -0.938155 0.302212 0.168918 -0.241865 0.240876 0.219298 0.945456 0.374222 
1535378503925 0.248684 0.927673 -0.278531 -0.637275 -0.938155 0.302212 0.168918 -0.241865 0.240876 0.219298 0.945456 0.374222 
1535378504050 0.248727 0.92764 -0.278603 -0.637285 -0.937992 0.302403 0.16948 -0.241839 0.241467 0.219173 0.945334 0.374151 
1535378504079 0.248943 0.927569 -0.278646 -0.637299 -0.937767 0.302769 0.170068 -0.241835 0.242115 0.218968 0.945216 0.374104 
