1532430270593 0.0992395 0.241309 -0.965361 -0.446126 -0.839741 -0.500165 -0.211351 -0.260388 -0.533841 0.831628 0.153001 0.474856 
1532430282383 0.0938839 0.28362 -0.95433 -0.464991 -0.88933 -0.406993 -0.208445 -0.252066 -0.447525 0.868283 0.214022 0.471044 
1532430283798 0.0929829 0.325737 -0.940877 -0.481441 -0.92964 -0.309986 -0.199192 -0.241678 -0.356543 0.893199 0.273995 0.466423 
1532430285207 0.0964475 0.366952 -0.925226 -0.497624 -0.960267 -0.210276 -0.183497 -0.231177 -0.261888 0.906162 0.332091 0.461801 
1532430286543 0.104535 0.406568 -0.907621 -0.513581 -0.980793 -0.108969 -0.161775 -0.220767 -0.164675 0.907099 0.387368 0.457237 
1532430288338 0.132939 0.479683 -0.867313 -0.546704 -0.990609 0.0925208 -0.100667 -0.200545 0.0319564 0.87255 0.487478 0.448352 
1532430289601 0.153036 0.512281 -0.845073 -0.563483 -0.979781 0.190175 -0.0621463 -0.190543 0.128876 0.837497 0.531027 0.443969 
1532430290862 0.176984 0.541374 -0.821943 -0.580158 -0.958544 0.284302 -0.0191418 -0.1806 0.223317 0.791256 0.569247 0.4396 
1532430292138 0.203811 0.566872 -0.798196 -0.595964 -0.927365 0.373097 0.0281765 -0.17042 0.313777 0.734476 0.601738 0.435786 
1532430292268 0.203943 0.566906 -0.798138 -0.595966 -0.927319 0.373212 0.0281358 -0.170475 0.313825 0.734391 0.601817 0.435785 
1532430292787 0.206504 0.569297 -0.795774 -0.597757 -0.92376 0.381527 0.0332279 -0.169343 0.322526 0.728243 0.604681 0.435239 
1532430293267 0.209545 0.571491 -0.793403 -0.599504 -0.91997 0.390138 0.0380455 -0.168433 0.331279 0.721935 0.607506 0.43473 
1532430293714 0.212512 0.573757 -0.790975 -0.601277 -0.916086 0.398664 0.0430566 -0.167447 0.340037 0.715451 0.610331 0.434243 
1532430294166 0.21548 0.575961 -0.788567 -0.603065 -0.912131 0.40707 0.0480749 -0.166446 0.348691 0.708917 0.613067 0.433726 
1532430294630 0.218506 0.578045 -0.786206 -0.604828 -0.908034 0.415513 0.0531339 -0.165503 0.357392 0.702292 0.615676 0.433172 
1532430295127 0.221373 0.580318 -0.783725 -0.606651 -0.903952 0.423635 0.0583524 -0.164391 0.365876 0.695532 0.618361 0.432668 
1532430295650 0.224586 0.582349 -0.781301 -0.608418 -0.899609 0.432063 0.0634475 -0.16344 0.37452 0.688615 0.620922 0.432158 
1532430296111 0.227621 0.584444 -0.778854 -0.610178 -0.895322 0.440107 0.0685926 -0.162447 0.382868 0.681712 0.623443 0.431656 
1532430296580 0.230844 0.586369 -0.776456 -0.611833 -0.890868 0.44825 0.0736536 -0.161526 0.391235 0.674717 0.625853 0.43117 
1532430296593 0.230865 0.586411 -0.776417 -0.611841 -0.890844 0.448292 0.0736952 -0.16153 0.391277 0.674653 0.625895 0.431183 
1532430296864 0.231125 0.585795 -0.776805 -0.611921 -0.891057 0.448024 0.0727397 -0.161423 0.390638 0.675366 0.625526 0.43118 
1532430297062 0.231379 0.585286 -0.777112 -0.611967 -0.891194 0.447875 0.0719733 -0.161353 0.390174 0.675905 0.625233 0.431193 
1532430297279 0.231537 0.584768 -0.777455 -0.612026 -0.891398 0.447595 0.0711911 -0.161192 0.389615 0.676539 0.624896 0.431242 
1532430297480 0.231669 0.58443 -0.77767 -0.612108 -0.891601 0.447294 0.0705392 -0.160995 0.389073 0.67703 0.624702 0.431343 
1532430297681 0.231903 0.583831 -0.77805 -0.612174 -0.891775 0.447082 0.0696806 -0.160899 0.388534 0.677687 0.624325 0.431323 
1532430297890 0.232104 0.583246 -0.778429 -0.612259 -0.891953 0.446854 0.0688558 -0.160761 0.388004 0.678341 0.623945 0.431326 
1532430298085 0.232218 0.582754 -0.778763 -0.612313 -0.89217 0.446535 0.0681117 -0.160605 0.387438 0.678972 0.623609 0.43132 
1532430298277 0.232336 0.582245 -0.779109 -0.612378 -0.89236 0.446263 0.0673936 -0.160459 0.386928 0.679588 0.623255 0.431349 
1532430298467 0.232373 0.581836 -0.779403 -0.612465 -0.892604 0.445876 0.0667298 -0.160217 0.386343 0.680192 0.622959 0.431406 
1532430298770 0.232352 0.581767 -0.779461 -0.61246 -0.89264 0.445815 0.0666536 -0.160176 0.386273 0.680291 0.622894 0.431411 
1532430299019 0.232061 0.582017 -0.779361 -0.612431 -0.893575 0.444097 0.0655768 -0.160376 0.384279 0.6812 0.623134 0.431487 
1532430299346 0.231171 0.582832 -0.779016 -0.61246 -0.895698 0.440109 0.0634784 -0.160475 0.379849 0.683089 0.623782 0.431726 
1532430299602 0.230812 0.583212 -0.778839 -0.612452 -0.896701 0.438216 0.0624056 -0.16059 0.377695 0.683981 0.624112 0.431869 
1532430299853 0.230508 0.583572 -0.778659 -0.612444 -0.897678 0.436368 0.0612981 -0.160746 0.375553 0.684855 0.624446 0.432018 
1532430300101 0.230272 0.583861 -0.778512 -0.612439 -0.898678 0.434481 0.0600331 -0.160892 0.3733 0.685808 0.624752 0.432127 
1532430300368 0.229828 0.584234 -0.778363 -0.612445 -0.899718 0.432473 0.058951 -0.160966 0.371062 0.686759 0.62504 0.432235 
1532430300623 0.229473 0.584567 -0.778218 -0.612433 -0.900696 0.430582 0.0578487 -0.161096 0.368903 0.687663 0.625324 0.432351 
1532430300901 0.229122 0.58491 -0.778063 -0.612421 -0.901706 0.428618 0.0566818 -0.161235 0.366646 0.688597 0.625623 0.432481 
1532430301157 0.22919 0.58492 -0.778036 -0.612415 -0.901735 0.428571 0.0565671 -0.161257 0.366531 0.688618 0.625668 0.4325 
1532430301591 0.228377 0.585489 -0.777847 -0.612347 -0.902665 0.426668 0.0561313 -0.161449 0.364747 0.689316 0.625942 0.432546 
1532430301932 0.227481 0.586129 -0.777628 -0.612296 -0.903694 0.424548 0.0556395 -0.161585 0.362752 0.690081 0.626258 0.432625 
1532430302243 0.226654 0.586515 -0.777578 -0.612243 -0.904596 0.422687 0.0551484 -0.161793 0.361018 0.690895 0.626363 0.432678 
1532430302499 0.225937 0.587147 -0.77731 -0.612192 -0.905479 0.420851 0.0547017 -0.162023 0.359249 0.691479 0.626735 0.432814 
1532430302784 0.225101 0.58798 -0.776923 -0.612165 -0.906467 0.418771 0.0542938 -0.162127 0.357277 0.692034 0.62725 0.433012 
1532430303055 0.224345 0.588578 -0.776689 -0.61209 -0.907393 0.416829 0.0537765 -0.162358 0.355398 0.692697 0.627585 0.433092 
1532430303501 0.222759 0.589681 -0.776308 -0.61198 -0.909381 0.412639 0.0524959 -0.162758 0.351291 0.694266 0.628164 0.43321 
1532430303805 0.221855 0.590187 -0.776183 -0.611947 -0.910299 0.410664 0.052068 -0.162895 0.349481 0.695007 0.628354 0.433307 
1532430303858 0.221906 0.590251 -0.776119 -0.611928 -0.910306 0.410652 0.0520343 -0.162935 0.349428 0.694959 0.628436 0.43333 
1532430304283 0.221081 0.590869 -0.775885 -0.611878 -0.911108 0.408901 0.0517837 -0.163101 0.347858 0.695467 0.628745 0.433409 
1532430304691 0.220545 0.591549 -0.775519 -0.611783 -0.911935 0.407126 0.0512073 -0.163336 0.346026 0.695929 0.629244 0.433488 
1532430305020 0.218845 0.592889 -0.774977 -0.611667 -0.913565 0.403517 0.0507263 -0.163557 0.342792 0.69689 0.62995 0.433604 
1532430305283 0.218046 0.593577 -0.774675 -0.611596 -0.91442 0.401622 0.0503539 -0.163712 0.341015 0.6974 0.630351 0.433663 
1532430305563 0.217401 0.594128 -0.774434 -0.611509 -0.91522 0.39986 0.0498412 -0.163955 0.339277 0.697942 0.630688 0.433712 
1532430305819 0.216603 0.594686 -0.77423 -0.611449 -0.916013 0.398084 0.0494994 -0.164111 0.337645 0.698483 0.630966 0.433749 
1532430306096 0.215813 0.595414 -0.773891 -0.611371 -0.916855 0.396185 0.0491343 -0.164273 0.335859 0.698942 0.63141 0.433813 
1532430306354 0.21503 0.595951 -0.773695 -0.611309 -0.917628 0.394435 0.0487872 -0.16444 0.334247 0.699474 0.631677 0.433855 
1532430306630 0.215077 0.596017 -0.773632 -0.611296 -0.917673 0.394342 0.0486855 -0.164469 0.334093 0.69947 0.631762 0.433869 
1532430306875 0.214276 0.596641 -0.773373 -0.611228 -0.91836 0.392756 0.0485556 -0.164595 0.332717 0.69983 0.632089 0.433916 
1532430307171 0.213504 0.597364 -0.773028 -0.61112 -0.919169 0.390902 0.0482057 -0.164836 0.330974 0.700251 0.632538 0.43391 
1532430307417 0.212608 0.598116 -0.772693 -0.611084 -0.919911 0.389163 0.0481238 -0.16495 0.329487 0.700577 0.632953 0.433955 
1532430307669 0.211779 0.598949 -0.772276 -0.611006 -0.920644 0.387439 0.0480179 -0.165129 0.32797 0.700822 0.63347 0.434002 
1532430307914 0.211112 0.599566 -0.77198 -0.610907 -0.921357 0.385785 0.0476614 -0.165406 0.326394 0.701207 0.633858 0.434041 
1532430308163 0.210141 0.600411 -0.771587 -0.610855 -0.922158 0.383877 0.0475659 -0.165488 0.324754 0.70153 0.634343 0.434109 
1532430308399 0.209388 0.601044 -0.771299 -0.610773 -0.92287 0.382196 0.0472951 -0.165698 0.323214 0.701906 0.634713 0.434127 
1532430308662 0.208546 0.601858 -0.770893 -0.610688 -0.923632 0.380375 0.0471033 -0.165858 0.321578 0.702198 0.635221 0.434164 
1532430308956 0.207731 0.602643 -0.770499 -0.610595 -0.924381 0.378578 0.0468849 -0.166041 0.319949 0.702496 0.635714 0.434219 
1532430309026 0.207746 0.60264 -0.770498 -0.610589 -0.924392 0.378557 0.0468465 -0.166067 0.319909 0.70251 0.635719 0.434219 
1532430309292 0.206777 0.603221 -0.770303 -0.610507 -0.925156 0.376709 0.0466548 -0.166284 0.318323 0.703004 0.635968 0.434259 
1532430309565 0.205742 0.603877 -0.770067 -0.610404 -0.92597 0.374729 0.0464628 -0.166546 0.316624 0.703499 0.636269 0.434311 
1532430309830 0.204563 0.604631 -0.769789 -0.610338 -0.926833 0.3726 0.0463638 -0.166678 0.314856 0.703982 0.636612 0.434371 
1532430310099 0.203596 0.605332 -0.769495 -0.610226 -0.927631 0.370638 0.046131 -0.166967 0.313129 0.704415 0.636985 0.434435 
1532430310358 0.202417 0.605989 -0.769289 -0.610164 -0.92847 0.368546 0.0460116 -0.167119 0.311401 0.704948 0.637243 0.434481 
1532430310637 0.201434 0.606649 -0.769026 -0.610047 -0.929256 0.366589 0.0457819 -0.167414 0.30969 0.7054 0.637576 0.434531 
1532430310959 0.200415 0.607342 -0.768746 -0.60995 -0.930084 0.364518 0.0455085 -0.167644 0.307861 0.705877 0.637934 0.434585 
1532430311241 0.199005 0.608033 -0.768565 -0.609899 -0.930918 0.362366 0.0456345 -0.167723 0.306249 0.706389 0.638142 0.434616 
1532430311516 0.197896 0.608648 -0.768365 -0.609815 -0.931758 0.360233 0.0453737 -0.167944 0.304407 0.706951 0.638402 0.434653 
1532430311590 0.198 0.608672 -0.768319 -0.609794 -0.931742 0.360284 0.0453067 -0.168001 0.30439 0.706904 0.638462 0.434661 
1532430311907 0.196844 0.609471 -0.767983 -0.609719 -0.93262 0.358032 0.0450916 -0.168139 0.302445 0.70736 0.638881 0.434663 
1532430312251 0.194946 0.611179 -0.767109 -0.609515 -0.934372 0.353543 0.0442263 -0.168673 0.298236 0.708144 0.63999 0.43475 
1532430312529 0.193799 0.612188 -0.766595 -0.609447 -0.935329 0.351047 0.0438836 -0.168812 0.295976 0.708514 0.640629 0.434765 
1532430312829 0.192823 0.613072 -0.766135 -0.609356 -0.936168 0.348847 0.0435352 -0.169076 0.293954 0.708836 0.641204 0.434812 
1532430313191 0.190961 0.61465 -0.765336 -0.60916 -0.937875 0.344355 0.0425439 -0.169651 0.289697 0.709666 0.642223 0.43482 
1532430313475 0.189838 0.615671 -0.764794 -0.609069 -0.938728 0.342048 0.0423413 -0.169837 0.287664 0.709896 0.642882 0.434906 
1532430313755 0.188722 0.616561 -0.764354 -0.608997 -0.93961 0.33966 0.0419911 -0.170005 0.285511 0.71027 0.643428 0.43495 
1532430314089 0.18879 0.616581 -0.764321 -0.608995 -0.939641 0.339593 0.0418569 -0.170068 0.285366 0.710285 0.643476 0.434917 
1532430314391 0.187585 0.617404 -0.763953 -0.608897 -0.940534 0.337152 0.0415325 -0.170335 0.283211 0.710733 0.643934 0.435 
1532430314686 0.186248 0.618301 -0.763555 -0.608817 -0.94151 0.33446 0.0411791 -0.170601 0.28084 0.711225 0.644429 0.435112 
1532430315061 0.183543 0.620029 -0.762808 -0.608648 -0.943448 0.329043 0.040446 -0.171149 0.276075 0.712246 0.645359 0.435199 
1532430315366 0.182108 0.620756 -0.762561 -0.608568 -0.944438 0.326243 0.0400326 -0.171417 0.273631 0.712901 0.645676 0.435178 
1532430315650 0.180858 0.621642 -0.762136 -0.60845 -0.945345 0.323651 0.0396543 -0.171729 0.271317 0.71331 0.646201 0.435269 
1532430316000 0.17978 0.622515 -0.761678 -0.608318 -0.946278 0.320995 0.0389956 -0.172114 0.26877 0.713749 0.646781 0.435362 
1532430316298 0.17836 0.623321 -0.761353 -0.608231 -0.947187 0.318336 0.0387277 -0.172346 0.266506 0.714236 0.647179 0.435413 
1532430316600 0.176869 0.624083 -0.761077 -0.608163 -0.94812 0.315581 0.0384396 -0.172581 0.264171 0.714793 0.647522 0.435437 
1532430316921 0.176882 0.624033 -0.761115 -0.608161 -0.948142 0.315526 0.0383503 -0.172638 0.264083 0.714861 0.647482 0.435412 
1532430317235 0.175598 0.624852 -0.76074 -0.608037 -0.949042 0.312861 0.0379137 -0.173004 0.261697 0.715316 0.647949 0.435473 
1532430317685 0.172309 0.626604 -0.760051 -0.607876 -0.951021 0.306857 0.0373766 -0.173569 0.256647 0.716384 0.648788 0.43562 
1532430318131 0.171012 0.627356 -0.759723 -0.607778 -0.951926 0.304103 0.0368423 -0.173997 0.254147 0.7169 0.649202 0.435661 
1532430318476 0.16954 0.628223 -0.759336 -0.607694 -0.952862 0.301208 0.0364489 -0.174365 0.251616 0.717363 0.649677 0.435753 
1532430318764 0.167958 0.62907 -0.758987 -0.607608 -0.9538 0.29826 0.0361383 -0.174652 0.249109 0.717852 0.650102 0.435827 
1532430319170 0.164855 0.630635 -0.758368 -0.607407 -0.955628 0.292435 0.0354444 -0.175355 0.244126 0.718875 0.650862 0.435903 
1532430319483 0.16329 0.631362 -0.758102 -0.607344 -0.95653 0.289517 0.0350859 -0.175678 0.241635 0.719417 0.651192 0.435957 
1532430319571 0.163243 0.631406 -0.758075 -0.60735 -0.956555 0.289432 0.035086 -0.17568 0.241564 0.719414 0.651223 0.435957 
1532430319916 0.161776 0.632156 -0.757765 -0.607237 -0.957474 0.286443 0.0345495 -0.17611 0.238897 0.719951 0.651612 0.43599 
1532430320330 0.160075 0.633145 -0.7573 -0.607144 -0.95849 0.283084 0.0340724 -0.176498 0.235952 0.72041 0.652178 0.43602 
1532430320652 0.158331 0.634096 -0.756871 -0.60704 -0.959454 0.27984 0.0337371 -0.176824 0.233195 0.720841 0.652693 0.436096 
1532430320975 0.156793 0.635086 -0.756361 -0.606968 -0.960359 0.276768 0.0333087 -0.177236 0.23049 0.721156 0.653306 0.436214 
1532430321281 0.155013 0.635899 -0.756045 -0.606907 -0.961321 0.273459 0.0329015 -0.177578 0.227669 0.721702 0.653692 0.436206 
1532430321702 0.151475 0.637521 -0.755396 -0.606716 -0.963215 0.266816 0.0320331 -0.178288 0.221973 0.722756 0.654486 0.436206 
1532430322050 0.149888 0.638644 -0.754763 -0.60661 -0.964107 0.263625 0.0316056 -0.178719 0.219159 0.722935 0.655236 0.436369 
1532430322372 0.147968 0.639469 -0.754443 -0.606551 -0.965024 0.26028 0.0313452 -0.178959 0.216411 0.723418 0.655616 0.436392 
1532430322659 0.147987 0.639502 -0.754412 -0.606546 -0.965043 0.260218 0.0312773 -0.179001 0.216313 0.723411 0.655656 0.436352 
1532430322998 0.146282 0.640462 -0.75393 -0.606448 -0.965833 0.257285 0.0311656 -0.179338 0.213935 0.723611 0.656215 0.436429 
1532430323426 0.142888 0.642304 -0.753013 -0.606296 -0.96745 0.251195 0.0306852 -0.179999 0.208863 0.724118 0.65729 0.436493 
1532430323835 0.139469 0.644249 -0.751992 -0.606147 -0.969016 0.245133 0.0302918 -0.180688 0.203853 0.724467 0.658476 0.436481 
1532430324142 0.13804 0.645041 -0.751577 -0.606031 -0.969762 0.24223 0.0297805 -0.181175 0.201264 0.724739 0.658973 0.436528 
1532430324445 0.136204 0.645985 -0.7511 -0.605931 -0.970532 0.239137 0.0296743 -0.181489 0.198785 0.724925 0.659521 0.43653 
1532430324754 0.134548 0.646965 -0.750555 -0.605888 -0.971305 0.236022 0.0293262 -0.181835 0.196121 0.725072 0.660157 0.436521 
1532430325061 0.132654 0.647925 -0.750064 -0.605805 -0.972058 0.232906 0.0292754 -0.182087 0.193663 0.725222 0.660717 0.436601 
1532430325280 0.132676 0.648031 -0.749969 -0.605805 -0.972067 0.232872 0.0292519 -0.182142 0.193603 0.725139 0.660826 0.436615 
1532430325575 0.131208 0.648679 -0.749667 -0.605669 -0.972737 0.230107 0.0288586 -0.182505 0.191224 0.725442 0.661186 0.436633 
1532430325926 0.129609 0.649513 -0.749223 -0.605635 -0.973412 0.227264 0.0286267 -0.182865 0.188865 0.725592 0.661699 0.436681 
1532430326236 0.127737 0.65023 -0.748922 -0.605542 -0.974126 0.224202 0.0285082 -0.183109 0.186446 0.725902 0.662045 0.436659 
1532430326529 0.126099 0.650908 -0.74861 -0.60548 -0.974809 0.221255 0.0281785 -0.183445 0.183975 0.726199 0.662411 0.436683 
1532430326883 0.124534 0.651679 -0.748201 -0.605359 -0.975481 0.218322 0.0277934 -0.183893 0.181461 0.726395 0.662889 0.436709 
1532430327203 0.122734 0.652431 -0.747843 -0.605297 -0.976139 0.215375 0.0276955 -0.18417 0.179136 0.726599 0.663297 0.436677 
1532430327491 0.120956 0.653271 -0.7474 -0.605227 -0.976806 0.21235 0.0275246 -0.184431 0.176691 0.726735 0.663804 0.436749 
1532430327796 0.119377 0.653972 -0.74704 -0.605152 -0.977436 0.209475 0.0271842 -0.184848 0.174264 0.726939 0.664223 0.436789 
1532430328146 0.117595 0.654637 -0.746741 -0.605038 -0.978108 0.206354 0.0268724 -0.185188 0.171685 0.727233 0.664572 0.436746 
1532430328223 0.117511 0.654664 -0.74673 -0.605049 -0.978131 0.206246 0.026892 -0.185162 0.171615 0.72724 0.664583 0.436712 
1532430328602 0.115999 0.655558 -0.746182 -0.60497 -0.978681 0.203636 0.0267625 -0.185535 0.169494 0.72717 0.665203 0.43685 
1532430328900 0.114498 0.656091 -0.745945 -0.604876 -0.979276 0.200812 0.0263109 -0.185915 0.167057 0.727474 0.665487 0.436786 
1532430329294 0.111137 0.65762 -0.745107 -0.604743 -0.98045 0.195053 0.0259108 -0.186542 0.162375 0.72766 0.666442 0.436836 
1532430329615 0.109331 0.658449 -0.744641 -0.604702 -0.981045 0.192055 0.0257835 -0.186814 0.159989 0.727708 0.666966 0.436837 
1532430329918 0.107951 0.659212 -0.744168 -0.604603 -0.981589 0.189322 0.0253161 -0.187249 0.157576 0.727734 0.667512 0.436893 
1532430330201 0.106215 0.659904 -0.743805 -0.604588 -0.982152 0.186405 0.025128 -0.18753 0.155231 0.72786 0.667924 0.436906 
1532430330503 0.104531 0.660519 -0.743497 -0.604499 -0.982708 0.183488 0.0248463 -0.187871 0.152834 0.728043 0.668277 0.436859 
1532430330818 0.102924 0.661339 -0.742992 -0.604451 -0.983249 0.180604 0.0245501 -0.188192 0.150423 0.72802 0.66885 0.436913 
1532430331039 0.102941 0.661354 -0.742976 -0.604441 -0.983263 0.180543 0.0244756 -0.188249 0.150326 0.728021 0.66887 0.436879 
1532430331379 0.101634 0.661854 -0.742712 -0.604347 -0.983804 0.177673 0.0237044 -0.188592 0.147648 0.728274 0.669192 0.436922 
1532430331710 0.100241 0.662489 -0.742335 -0.604294 -0.984336 0.174785 0.0230657 -0.188903 0.14503 0.728395 0.669632 0.436941 
1532430332024 0.0987633 0.66305 -0.742031 -0.604238 -0.984876 0.171803 0.0224305 -0.189216 0.142356 0.728593 0.66999 0.436966 
1532430332319 0.0972146 0.663615 -0.741731 -0.604184 -0.985406 0.16881 0.0218799 -0.189514 0.139731 0.728779 0.670341 0.437003 
1532430332635 0.0958072 0.664181 -0.741408 -0.604119 -0.98593 0.165819 0.0211418 -0.189838 0.136982 0.72895 0.670722 0.437027 
1532430332958 0.0941851 0.664686 -0.741162 -0.604087 -0.986468 0.162665 0.0205224 -0.1901 0.134202 0.7292 0.671012 0.436993 
1532430333271 0.0927888 0.665298 -0.74079 -0.604038 -0.986958 0.15975 0.0198469 -0.190465 0.131545 0.729287 0.671444 0.437047 
1532430333610 0.0914349 0.665801 -0.740505 -0.603919 -0.987442 0.156828 0.0190807 -0.190847 0.128836 0.729461 0.671779 0.437052 
1532430333938 0.0899131 0.666391 -0.740161 -0.603875 -0.987925 0.153825 0.0184823 -0.191113 0.126171 0.729562 0.672175 0.437107 
1532430334243 0.0900174 0.666463 -0.740083 -0.603858 -0.987935 0.153784 0.0183221 -0.191181 0.126024 0.729505 0.672266 0.437115 
1532430334537 0.0883168 0.666915 -0.739882 -0.603814 -0.988357 0.151059 0.0181857 -0.191462 0.123894 0.729661 0.672491 0.437129 
1532430334885 0.0866152 0.667552 -0.739508 -0.603733 -0.988798 0.148174 0.017943 -0.191903 0.121554 0.72967 0.672908 0.437102 
1532430335216 0.0850689 0.668098 -0.739194 -0.603665 -0.989223 0.145361 0.0175368 -0.192245 0.119166 0.729736 0.673264 0.437127 
1532430335532 0.0831454 0.668686 -0.738881 -0.603635 -0.989654 0.1424 0.0175068 -0.192527 0.116923 0.729781 0.673608 0.437184 
1532430335872 0.0814824 0.669377 -0.738441 -0.603609 -0.990072 0.139501 0.0172059 -0.192858 0.114531 0.729708 0.674099 0.437204 
1532430336243 0.0798963 0.669925 -0.738117 -0.603543 -0.990469 0.1367 0.016859 -0.193289 0.112195 0.729735 0.674462 0.437227 
1532430336634 0.0762537 0.670889 -0.737627 -0.603433 -0.991283 0.130722 0.0164189 -0.193881 0.107439 0.729945 0.675009 0.437185 
1532430336958 0.0745608 0.671465 -0.737276 -0.603375 -0.991664 0.127839 0.0161405 -0.194233 0.10509 0.729926 0.675399 0.437224 
1532430337163 0.0745663 0.671543 -0.737204 -0.603369 -0.991666 0.12782 0.0161307 -0.19429 0.105062 0.729858 0.675477 0.437248 
1532430337468 0.0730645 0.671788 -0.737131 -0.603309 -0.992008 0.125188 0.0157626 -0.194602 0.102869 0.730088 0.675566 0.437245 
1532430337924 0.0684752 0.673032 -0.736437 -0.603251 -0.993062 0.116716 0.0143306 -0.195511 0.095599 0.730346 0.676354 0.437241 
1532430338202 0.0669335 0.673412 -0.736231 -0.603164 -0.993388 0.113955 0.0139193 -0.19584 0.0932706 0.730432 0.676587 0.437311 
1532430338511 0.0653102 0.67385 -0.735976 -0.603128 -0.993712 0.111136 0.0135733 -0.196134 0.0909399 0.730462 0.676872 0.437332 
1532430338850 0.0635868 0.674266 -0.735746 -0.60314 -0.994037 0.108235 0.0132812 -0.196364 0.0885886 0.730514 0.677127 0.43734 
1532430339240 0.060623 0.675025 -0.7353 -0.603004 -0.994642 0.102655 0.0122351 -0.197078 0.083741 0.730618 0.677632 0.437355 
1532430339317 0.0605719 0.675073 -0.73526 -0.603019 -0.994649 0.102586 0.0122475 -0.197071 0.083695 0.730583 0.677675 0.437354 
1532430339590 0.0591647 0.675488 -0.734994 -0.602953 -0.994865 0.100471 0.0122533 -0.197401 0.0821225 0.730494 0.677963 0.437385 
1532430339862 0.0574208 0.675927 -0.734728 -0.602975 -0.995113 0.0979655 0.0123547 -0.197578 0.0803289 0.730428 0.67825 0.437362 
1532430340146 0.0559408 0.676382 -0.734423 -0.60294 -0.995342 0.095624 0.012252 -0.197873 0.0785155 0.730317 0.678581 0.437333 
1532430340411 0.054504 0.676676 -0.73426 -0.602891 -0.995561 0.0933378 0.0121176 -0.198223 0.0767339 0.73034 0.67876 0.437313 
1532430340717 0.0529478 0.677173 -0.733917 -0.602873 -0.995773 0.0910358 0.012158 -0.198545 0.0750458 0.730171 0.679131 0.437307 
1532430341043 0.0513505 0.677675 -0.733566 -0.602856 -0.995992 0.0886152 0.0121429 -0.198856 0.0732341 0.730002 0.67951 0.437344 
1532430341318 0.0497804 0.677921 -0.733447 -0.602848 -0.996205 0.0861989 0.0120589 -0.199044 0.0713973 0.730063 0.67964 0.437226 
1532430341656 0.0483607 0.678474 -0.733031 -0.602788 -0.996388 0.0840611 0.0120693 -0.199495 0.0698081 0.7298 0.680088 0.437283 
1532430341938 0.0468616 0.678756 -0.732867 -0.602763 -0.996589 0.0816623 0.0119081 -0.199718 0.0679303 0.729809 0.680268 0.437229 
1532430342248 0.0470122 0.678806 -0.732811 -0.602753 -0.99659 0.0816756 0.0117219 -0.199822 0.0678096 0.729761 0.680331 0.437201 
1532430342572 0.0460116 0.679028 -0.732669 -0.602727 -0.996686 0.0804556 0.0119734 -0.199995 0.0670776 0.72969 0.68048 0.437151 
1532430342879 0.0441027 0.679644 -0.732215 -0.602703 -0.996893 0.0778165 0.0121847 -0.200302 0.0652596 0.729403 0.680964 0.437121 
1532430343124 0.042999 0.68019 -0.731773 -0.602725 -0.997001 0.0763894 0.012421 -0.200419 0.0643483 0.729044 0.681435 0.437188 
1532430343435 0.0413286 0.680824 -0.73128 -0.602644 -0.997188 0.0738948 0.0124398 -0.200878 0.0625071 0.72871 0.681964 0.43709 
1532430343688 0.0401353 0.681148 -0.731045 -0.602696 -0.997295 0.0723935 0.0126996 -0.200948 0.0615732 0.728558 0.682211 0.437081 
1532430343940 0.0392669 0.681359 -0.730896 -0.602635 -0.997397 0.0709924 0.0125962 -0.20116 0.0604706 0.728499 0.682373 0.436977 
1532430344267 0.0381532 0.681717 -0.730621 -0.60265 -0.9975 0.069507 0.0127649 -0.201315 0.0594853 0.728307 0.682664 0.436922 
1532430344535 0.037394 0.68225 -0.730162 -0.602662 -0.997584 0.0682922 0.0127214 -0.201365 0.0585436 0.727923 0.683155 0.436948 
1532430344798 0.0368527 0.682427 -0.730024 -0.602579 -0.997665 0.0671627 0.0124202 -0.201606 0.0575063 0.727861 0.683309 0.436802 
1532430345059 0.0354335 0.683151 -0.729417 -0.602582 -0.997827 0.0647547 0.0121752 -0.20177 0.0555507 0.727401 0.683961 0.43671 
1532430345309 0.0345895 0.683449 -0.729178 -0.602606 -0.997923 0.0632911 0.0119841 -0.201853 0.054341 0.727249 0.684219 0.436615 
1532430345546 0.0340374 0.683867 -0.728812 -0.602548 -0.997995 0.0621889 0.0117449 -0.202027 0.053356 0.726952 0.684613 0.436541 
1532430345789 0.0332766 0.684173 -0.72856 -0.602566 -0.998076 0.0609034 0.0116063 -0.202107 0.0523125 0.726772 0.684884 0.436448 
1532430346027 0.0326368 0.684744 -0.728052 -0.602552 -0.998142 0.0598293 0.0115261 -0.202235 0.0514513 0.726323 0.685425 0.436544 
1532430346367 0.0319569 0.685112 -0.727737 -0.602541 -0.998219 0.0585741 0.0113089 -0.202396 0.0503744 0.726079 0.685763 0.436487 
1532430346387 0.0319662 0.685116 -0.727732 -0.602539 -0.998219 0.0585767 0.0112988 -0.202403 0.0503692 0.726075 0.685768 0.436487 
1532430346595 0.0318042 0.6853 -0.727566 -0.602514 -0.99827 0.057799 0.0108038 -0.202493 0.0494564 0.725963 0.685953 0.436497 
1532430346804 0.0314374 0.685604 -0.727295 -0.602477 -0.998326 0.0568814 0.010468 -0.202569 0.0485464 0.725749 0.686245 0.43648 
1532430347051 0.031082 0.685745 -0.727178 -0.602516 -0.998393 0.055798 0.00994422 -0.20255 0.0473943 0.7257 0.686377 0.436379 
1532430347264 0.0307925 0.686048 -0.726904 -0.602482 -0.998438 0.0550353 0.00964696 -0.202652 0.0466236 0.725472 0.686671 0.436414 
1532430347496 0.0305188 0.686283 -0.726694 -0.602503 -0.998494 0.0540918 0.00915024 -0.20268 0.0455878 0.72532 0.686901 0.436398 
1532430347699 0.0304525 0.686548 -0.726446 -0.602445 -0.998536 0.0534078 0.00861619 -0.202865 0.0447133 0.72512 0.687169 0.436317 
1532430347900 0.0300237 0.686724 -0.726298 -0.602465 -0.99859 0.052433 0.00829642 -0.202809 0.0437794 0.725025 0.68733 0.436348 
1532430348147 0.0294461 0.687109 -0.725958 -0.602429 -0.99869 0.0506351 0.00741684 -0.202914 0.0418551 0.724788 0.687699 0.436244 
1532430348448 0.029436 0.687157 -0.725913 -0.602431 -0.998699 0.0504711 0.00727892 -0.202923 0.0416394 0.724754 0.687749 0.43621 
1532430348695 0.0288865 0.687351 -0.725751 -0.602395 -0.998732 0.049792 0.00740581 -0.203007 0.041227 0.724617 0.687918 0.436231 
1532430348911 0.0285758 0.687637 -0.725492 -0.60235 -0.99877 0.049061 0.00716145 -0.203151 0.0405179 0.724395 0.688193 0.436155 
1532430349154 0.0278632 0.687889 -0.725281 -0.602397 -0.998824 0.047966 0.00712125 -0.203147 0.0396874 0.724229 0.688416 0.436116 
1532430349358 0.027302 0.688284 -0.724928 -0.602368 -0.998863 0.0471332 0.00713174 -0.203228 0.0390768 0.723909 0.688788 0.436131 
1532430349550 0.0269991 0.68847 -0.724762 -0.60232 -0.998898 0.0464298 0.00689354 -0.203402 0.0383965 0.723777 0.688965 0.436068 
1532430349793 0.0262542 0.688773 -0.724502 -0.602319 -0.998952 0.0452639 0.0068321 -0.203405 0.0374996 0.723563 0.689239 0.435984 
1532430350003 0.0257982 0.689007 -0.724296 -0.602307 -0.998981 0.0446065 0.00685111 -0.203525 0.0370287 0.723381 0.689456 0.435953 
1532430350211 0.025302 0.689396 -0.723943 -0.602276 -0.999021 0.0437198 0.00671743 -0.20367 0.0362816 0.723064 0.689827 0.435971 
1532430350411 0.0248655 0.689587 -0.723776 -0.602284 -0.999057 0.0429141 0.00656408 -0.203776 0.0355867 0.722931 0.690004 0.435887 
1532430350439 0.0248211 0.689594 -0.723771 -0.602285 -0.999061 0.042831 0.00654653 -0.203784 0.0355143 0.722929 0.690009 0.435869 
1532430350686 0.0245367 0.689737 -0.723645 -0.602263 -0.999103 0.0419152 0.00607454 -0.20386 0.0345216 0.722846 0.690146 0.435869 
1532430350970 0.0242459 0.689894 -0.723504 -0.602228 -0.999147 0.0409268 0.00554233 -0.203982 0.0334343 0.722752 0.690298 0.435835 
1532430351266 0.0235618 0.690348 -0.723093 -0.602191 -0.999229 0.0389896 0.00466445 -0.204182 0.0314132 0.722426 0.690735 0.435795 
1532430351541 0.0232525 0.690484 -0.722973 -0.602176 -0.999263 0.0381553 0.00430204 -0.204323 0.0305558 0.72234 0.690862 0.435848 
1532430351770 0.0226708 0.690781 -0.722708 -0.602194 -0.999305 0.0370529 0.00406869 -0.204286 0.029589 0.722114 0.691141 0.435876 
1532430351977 0.0222503 0.690938 -0.722571 -0.602191 -0.999344 0.0360333 0.00368282 -0.204344 0.0285812 0.722015 0.691287 0.435855 
1532430352187 0.0219422 0.691136 -0.722391 -0.602161 -0.999378 0.0351255 0.00325021 -0.204466 0.0276207 0.72187 0.691477 0.435883 
1532430352395 0.0218488 0.691267 -0.722269 -0.602102 -0.999406 0.034352 0.00264527 -0.204651 0.0266399 0.721782 0.691607 0.435835 
1532430352648 0.0218966 0.691324 -0.722213 -0.602085 -0.999409 0.0342793 0.00251235 -0.204698 0.0264938 0.721731 0.691666 0.435821 
1532430352918 0.0211479 0.69143 -0.722134 -0.602095 -0.999457 0.0328634 0.00219672 -0.204707 0.0252507 0.721696 0.691749 0.435846 
1532430353138 0.0205429 0.691511 -0.722074 -0.602065 -0.9995 0.0315596 0.00178816 -0.204846 0.0240249 0.721676 0.691813 0.435861 
1532430353380 0.0200183 0.691639 -0.721966 -0.60207 -0.999544 0.0301692 0.0011871 -0.204934 0.0226022 0.721613 0.691927 0.435884 
1532430353627 0.0194804 0.691657 -0.721963 -0.602052 -0.999584 0.0288206 0.000639428 -0.205092 0.0212497 0.721651 0.691931 0.43583 
1532430353845 0.0188838 0.69166 -0.721977 -0.602026 -0.999623 0.0274639 0.000164775 -0.205263 0.0199423 0.721701 0.691917 0.435753 
1532430354084 0.0182356 0.691781 -0.721877 -0.602028 -0.999661 0.0260275 -0.000310382 -0.205326 0.0185739 0.721638 0.692021 0.435779 
1532430354288 0.0175995 0.691854 -0.721823 -0.602008 -0.999696 0.0246526 -0.000745481 -0.205436 0.0172791 0.721616 0.692078 0.435782 
1532430354584 0.0165194 0.692023 -0.721687 -0.601953 -0.999758 0.0219008 -0.00188387 -0.205725 0.0145018 0.721544 0.692217 0.435797 
1532430354637 0.0165577 0.692043 -0.721666 -0.601952 -0.999759 0.0218487 -0.00198635 -0.205744 0.0143928 0.721525 0.692239 0.435801 
1532430354882 0.0159521 0.692178 -0.721551 -0.601939 -0.999792 0.0202257 -0.00270116 -0.205842 0.0127242 0.721444 0.692356 0.435828 
1532430355119 0.0155112 0.692285 -0.721458 -0.6019 -0.999821 0.0185556 -0.00369065 -0.206044 0.0108321 0.721386 0.692448 0.435796 
1532430355346 0.0148343 0.692239 -0.721516 -0.601908 -0.999849 0.0167812 -0.00445661 -0.206152 0.00902284 0.721473 0.692384 0.435735 
1532430355625 0.0141056 0.692427 -0.721351 -0.601908 -0.999875 0.0148881 -0.00526087 -0.206224 0.00709677 0.721335 0.69255 0.435798 
1532430355922 0.0130221 0.692626 -0.721179 -0.601879 -0.99991 0.0114276 -0.00707987 -0.206547 0.00333765 0.721206 0.692712 0.435759 
1532430356182 0.0126577 0.692697 -0.721118 -0.601834 -0.999919 0.00986577 -0.00807452 -0.20683 0.00152119 0.721161 0.692766 0.435723 
1532430356425 0.0118162 0.69281 -0.721023 -0.601863 -0.99993 0.00796202 -0.00873652 -0.206836 -0.000311941 0.721076 0.692856 0.435721 
1532430356643 0.0112482 0.692912 -0.720934 -0.601837 -0.999934 0.00624953 -0.00959464 -0.206995 -0.00214274 0.720995 0.692937 0.435726 
1532430356879 0.0111939 0.692908 -0.720939 -0.601845 -0.999935 0.00608466 -0.00967772 -0.206993 -0.00231909 0.721001 0.692931 0.43571 
1532430357136 0.0104788 0.692938 -0.720921 -0.601811 -0.999939 0.00477064 -0.0099489 -0.207211 -0.00345471 0.720981 0.692946 0.435675 
1532430357427 0.00948692 0.693095 -0.720784 -0.60181 -0.999943 0.00300206 -0.0102745 -0.207393 -0.00495734 0.72084 0.693084 0.435626 
1532430357691 0.00830687 0.693231 -0.720667 -0.601822 -0.999946 0.00124919 -0.0103244 -0.207478 -0.00625693 0.720714 0.693204 0.435649 
1532430357931 0.00745964 0.693409 -0.720505 -0.601786 -0.999944 -0.000255582 -0.0105987 -0.207704 -0.00753341 0.720544 0.693368 0.435654 
1532430358192 0.00643419 0.693589 -0.720342 -0.601814 -0.999939 -0.00197742 -0.0108356 -0.207882 -0.00893985 0.720368 0.693534 0.43562 
1532430358478 0.00556197 0.693558 -0.720379 -0.601756 -0.99993 -0.00368442 -0.0112676 -0.208138 -0.0104689 0.720391 0.693489 0.43549 
1532430358729 0.0044941 0.69378 -0.720173 -0.601778 -0.999922 -0.00526342 -0.0113103 -0.208197 -0.0116375 0.720168 0.693702 0.435575 
1532430358999 0.00346602 0.693897 -0.720066 -0.601772 -0.999909 -0.00699523 -0.011554 -0.208373 -0.0130543 0.72004 0.693809 0.435528 
1532430359285 0.00270444 0.694058 -0.719914 -0.601757 -0.999893 -0.00847776 -0.0119295 -0.208649 -0.014383 0.719869 0.693961 0.435466 
1532430359332 0.00269634 0.694089 -0.719884 -0.601757 -0.999893 -0.00850189 -0.0119424 -0.208663 -0.0144094 0.719839 0.693992 0.435477 
1532430359602 0.00150955 0.694049 -0.719927 -0.60175 -0.999878 -0.0101679 -0.0118989 -0.208799 -0.0155786 0.719856 0.693948 0.435504 
1532430359899 0.000564936 0.694021 -0.719955 -0.601718 -0.999854 -0.011891 -0.0122472 -0.209119 -0.0170608 0.719857 0.693913 0.435483 
1532430360246 -0.0017813 0.693868 -0.7201 -0.601697 -0.999806 -0.0153538 -0.0123213 -0.209533 -0.0196056 0.719938 0.693761 0.435478 
1532430360504 -0.00306312 0.693871 -0.720093 -0.601719 -0.999777 -0.0171756 -0.0122974 -0.209641 -0.0209008 0.719894 0.693769 0.435483 
1532430360758 -0.00418471 0.693892 -0.720067 -0.601735 -0.999745 -0.0188949 -0.0123979 -0.209859 -0.0222084 0.719831 0.693794 0.435524 
1532430361074 -0.00635631 0.693685 -0.720251 -0.601685 -0.999669 -0.0223514 -0.0127047 -0.210351 -0.0249116 0.719932 0.693597 0.435461 
1532430361343 -0.00780713 0.693628 -0.720291 -0.601676 -0.999626 -0.0243018 -0.0125674 -0.210423 -0.0262215 0.719923 0.693558 0.435462 
1532430361570 -0.00789752 0.693624 -0.720294 -0.601668 -0.999625 -0.0243741 -0.0125115 -0.210443 -0.0262348 0.719925 0.693556 0.435464 
1532430361910 -0.0084625 0.693775 -0.720142 -0.601641 -0.999564 -0.026236 -0.0135294 -0.210689 -0.02828 0.719714 0.693695 0.435457 
1532430362246 -0.00937128 0.693955 -0.719957 -0.601639 -0.999498 -0.0282975 -0.0142656 -0.21088 -0.0302727 0.719462 0.693872 0.43548 
1532430362506 -0.0101519 0.694002 -0.719902 -0.601607 -0.999432 -0.030177 -0.0149975 -0.211111 -0.0321328 0.719341 0.693914 0.435434 
1532430362806 -0.0111599 0.694021 -0.719869 -0.601623 -0.999347 -0.0324797 -0.0158209 -0.21124 -0.0343612 0.719222 0.69393 0.43532 
1532430363062 -0.0119871 0.694292 -0.719594 -0.601615 -0.999271 -0.034399 -0.0165436 -0.21144 -0.0362394 0.718871 0.694198 0.435433 
1532430363329 -0.0127879 0.694371 -0.719503 -0.601613 -0.999183 -0.0364692 -0.0174367 -0.211667 -0.0383473 0.718692 0.69427 0.435371 
1532430363579 -0.0135782 0.694496 -0.719368 -0.601596 -0.999095 -0.0384337 -0.0182468 -0.211871 -0.0403203 0.718469 0.694389 0.43535 
1532430363838 -0.0143271 0.69459 -0.719263 -0.601558 -0.999 -0.0404139 -0.0191283 -0.212142 -0.0423545 0.71827 0.694474 0.4353 
1532430364103 -0.0154034 0.694703 -0.719132 -0.601573 -0.998897 -0.0426024 -0.0197593 -0.212259 -0.0443636 0.718034 0.694592 0.435288 
1532430364156 -0.0153082 0.694723 -0.719115 -0.601565 -0.998895 -0.0425924 -0.0198837 -0.212306 -0.0444424 0.718015 0.694607 0.435284 
1532430364425 -0.0166042 0.694456 -0.719344 -0.601575 -0.998809 -0.0445249 -0.0199295 -0.21242 -0.0458688 0.718156 0.694369 0.435274 
1532430364679 -0.0177053 0.694471 -0.719302 -0.601565 -0.998725 -0.046292 -0.0201108 -0.21265 -0.0472644 0.71803 0.694406 0.435349 
1532430364934 -0.018835 0.694258 -0.71948 -0.601529 -0.998635 -0.0481195 -0.0202897 -0.212849 -0.0487073 0.718116 0.694217 0.435345 
1532430365187 -0.0199002 0.694011 -0.719689 -0.601516 -0.998544 -0.0498935 -0.0205026 -0.213098 -0.0501369 0.718233 0.693994 0.43536 
1532430365439 -0.0210498 0.694001 -0.719666 -0.601504 -0.998448 -0.0517201 -0.0206717 -0.21332 -0.0515673 0.718114 0.694013 0.435422 
1532430365775 -0.0232197 0.693595 -0.719991 -0.601454 -0.998244 -0.055345 -0.0211227 -0.21377 -0.0544985 0.718236 0.693662 0.435437 
1532430366050 -0.0243952 0.693355 -0.720183 -0.601443 -0.998133 -0.0572428 -0.0213 -0.213968 -0.0559937 0.718319 0.693457 0.435441 
1532430366350 -0.0256091 0.693269 -0.720224 -0.601421 -0.998019 -0.0591508 -0.0214504 -0.214187 -0.0574727 0.718247 0.69341 0.435477 
1532430366407 -0.0256355 0.693273 -0.720219 -0.601423 -0.998016 -0.0591881 -0.0214503 -0.214198 -0.0574993 0.71824 0.693415 0.435482 
1532430366672 -0.0262853 0.693137 -0.720326 -0.601407 -0.997884 -0.0610559 -0.0223377 -0.214396 -0.0594633 0.718215 0.693276 0.435497 
1532430367003 -0.0270644 0.693067 -0.720365 -0.601394 -0.99773 -0.0631795 -0.0233001 -0.214579 -0.0616608 0.7181 0.693203 0.435524 
1532430367294 -0.0277959 0.692956 -0.720443 -0.601366 -0.997588 -0.06509 -0.024118 -0.214788 -0.0636064 0.718035 0.693094 0.435529 
1532430367556 -0.0286876 0.692901 -0.720461 -0.601366 -0.99743 -0.0671803 -0.0248944 -0.214905 -0.0656502 0.717896 0.693048 0.435546 
1532430367828 -0.0295452 0.692768 -0.720555 -0.601365 -0.997265 -0.0692885 -0.0257253 -0.215061 -0.0677478 0.717824 0.692921 0.435557 
1532430368096 -0.0303814 0.69271 -0.720576 -0.601349 -0.997093 -0.0713997 -0.0265984 -0.215251 -0.0698739 0.717673 0.692865 0.435585 
1532430368352 -0.0312666 0.692585 -0.720659 -0.601353 -0.996929 -0.0734031 -0.0272907 -0.2154 -0.0717997 0.717592 0.692753 0.435599 
1532430368640 -0.0321061 0.69246 -0.720742 -0.601354 -0.996739 -0.0755946 -0.0282277 -0.21556 -0.0740307 0.717485 0.692629 0.435605 
1532430368906 -0.0327072 0.692267 -0.720899 -0.601327 -0.996567 -0.0774798 -0.0291883 -0.215806 -0.0760613 0.71747 0.692425 0.435578 
1532430369078 -0.0327047 0.692268 -0.720899 -0.60132 -0.99656 -0.0775446 -0.0292543 -0.215835 -0.0761536 0.717462 0.692422 0.435582 
1532430369340 -0.0341289 0.6923 -0.720803 -0.601315 -0.996372 -0.0798326 -0.0294991 -0.216041 -0.0779657 0.717181 0.692512 0.435597 
1532430369651 -0.0355408 0.692209 -0.720821 -0.601341 -0.996158 -0.0823086 -0.0299249 -0.216324 -0.080044 0.716988 0.692475 0.43552 
1532430369923 -0.0370947 0.692076 -0.720871 -0.601318 -0.995934 -0.0848612 -0.0302225 -0.216514 -0.0820902 0.716819 0.69241 0.435485 
1532430370254 -0.0384003 0.692158 -0.720724 -0.601307 -0.995721 -0.0871724 -0.0306651 -0.216883 -0.0840523 0.716462 0.692544 0.435549 
1532430370551 -0.0399018 0.691931 -0.72086 -0.601289 -0.995482 -0.0897344 -0.0310302 -0.21711 -0.0861567 0.716365 0.692385 0.435466 
1532430370832 -0.0414773 0.69185 -0.720849 -0.601324 -0.995244 -0.092252 -0.0312749 -0.217278 -0.0881373 0.716124 0.692386 0.435456 
1532430371190 -0.0431163 0.691762 -0.720837 -0.601369 -0.994978 -0.0949649 -0.0316207 -0.217506 -0.0903282 0.715854 0.692383 0.435387 
1532430371463 -0.0443729 0.691701 -0.720819 -0.601341 -0.99474 -0.0972706 -0.0321062 -0.217785 -0.0923224 0.715603 0.692379 0.435358 
1532430371720 -0.0459338 0.691664 -0.720757 -0.601347 -0.994478 -0.0998144 -0.0324074 -0.217961 -0.0943569 0.715288 0.69243 0.435375 
1532430371886 -0.0458775 0.691673 -0.720753 -0.601347 -0.994469 -0.0998674 -0.032538 -0.218024 -0.0944853 0.715273 0.692428 0.435368 
1532430372230 -0.0471497 0.691538 -0.7208 -0.601352 -0.994219 -0.102176 -0.0329936 -0.218287 -0.0964651 0.715077 0.692358 0.435366 
1532430372489 -0.0485043 0.691377 -0.720864 -0.601373 -0.99396 -0.104545 -0.0333883 -0.218532 -0.0984464 0.71489 0.692272 0.435342 
1532430372797 -0.0500833 0.691406 -0.720728 -0.601425 -0.993666 -0.107177 -0.0337672 -0.21872 -0.100593 0.714472 0.692395 0.43536 
1532430373110 -0.0515569 0.69121 -0.720813 -0.601441 -0.993382 -0.109674 -0.0341171 -0.218932 -0.102637 0.714284 0.692289 0.43532 
1532430373419 -0.052845 0.691004 -0.720917 -0.601429 -0.993095 -0.112082 -0.0346345 -0.21927 -0.104734 0.714109 0.692155 0.435238 
1532430373706 -0.0542494 0.690884 -0.720928 -0.60148 -0.9928 -0.114541 -0.0350604 -0.219445 -0.106799 0.713835 0.692123 0.435294 
1532430374064 -0.0569993 0.690656 -0.720933 -0.601518 -0.992205 -0.119336 -0.0358774 -0.220046 -0.110812 0.713269 0.692075 0.435299 
1532430374435 -0.0584842 0.690411 -0.72105 -0.601571 -0.991855 -0.122054 -0.0364186 -0.220232 -0.113151 0.713047 0.691925 0.435224 
1532430374499 -0.0584821 0.690404 -0.721057 -0.601579 -0.991852 -0.122071 -0.0364367 -0.220239 -0.113176 0.713051 0.691917 0.435218 
1532430374868 -0.0607668 0.689352 -0.721874 -0.601644 -0.991149 -0.127189 -0.0380247 -0.220753 -0.118027 0.713174 0.690979 0.435191 
1532430375196 -0.0618258 0.688974 -0.722145 -0.601666 -0.990756 -0.129899 -0.0391097 -0.221057 -0.120752 0.713051 0.690636 0.435233 
1532430375472 -0.0630112 0.688428 -0.722562 -0.601707 -0.99039 -0.132443 -0.0398195 -0.221258 -0.123112 0.71311 0.690158 0.43523 
1532430375806 -0.0641419 0.687931 -0.722937 -0.601738 -0.989996 -0.135091 -0.0407129 -0.221516 -0.12567 0.713093 0.689714 0.43525 
1532430376142 -0.0652321 0.687403 -0.723341 -0.601734 -0.989594 -0.137732 -0.0416454 -0.221851 -0.128254 0.713097 0.689234 0.435242 
1532430376417 -0.0665818 0.686906 -0.72369 -0.601787 -0.989205 -0.140333 -0.0421902 -0.22198 -0.130538 0.713068 0.688835 0.435264 
