1534336005767 0.0982726 0.867539 -0.487565 -0.59493 -0.960666 0.210573 0.181049 -0.23287 0.259735 0.450595 0.854109 0.407445 
1534336009410 0.0982727 0.86754 -0.487563 -0.59493 -0.960666 0.210573 0.181051 -0.23287 0.259736 0.450593 0.85411 0.407446 
1534336009761 0.105213 0.869754 -0.482139 -0.595972 -0.959961 0.215404 0.179095 -0.231962 0.259624 0.443992 0.857594 0.406588 
1534336010099 0.112823 0.872403 -0.475588 -0.597168 -0.959285 0.220367 0.176664 -0.230912 0.258927 0.436293 0.861746 0.405605 
1534336010446 0.120686 0.87486 -0.469101 -0.598454 -0.958536 0.225592 0.174119 -0.229834 0.258155 0.428637 0.86581 0.404557 
1534336010785 0.128405 0.877364 -0.462325 -0.599657 -0.957726 0.230718 0.171843 -0.228794 0.257436 0.420716 0.8699 0.403653 
1534336011118 0.135946 0.879663 -0.455754 -0.60091 -0.956903 0.235746 0.169587 -0.2277 0.256621 0.413058 0.873801 0.402613 
1534336011450 0.143415 0.881853 -0.449185 -0.602146 -0.956041 0.24075 0.167406 -0.226544 0.255769 0.405431 0.877615 0.401618 
1534336011792 0.151357 0.884105 -0.442096 -0.603382 -0.955122 0.246014 0.164982 -0.225544 0.254623 0.397285 0.881664 0.400706 
1534336012130 0.158834 0.886058 -0.435515 -0.604614 -0.954132 0.251142 0.162975 -0.224399 0.253781 0.389652 0.885306 0.399714 
1534336012473 0.166445 0.887936 -0.428796 -0.605761 -0.953134 0.256301 0.160763 -0.223341 0.252648 0.381942 0.888982 0.398681 
1534336012501 0.166883 0.888063 -0.428363 -0.605852 -0.953096 0.256559 0.160576 -0.223317 0.252502 0.381474 0.889225 0.398611 
1534336012516 0.167063 0.888166 -0.428078 -0.605908 -0.953084 0.256641 0.160518 -0.22328 0.252429 0.381178 0.889372 0.398601 
1534336012540 0.16715 0.888323 -0.427718 -0.605968 -0.9531 0.256606 0.160476 -0.223167 0.25231 0.380835 0.889553 0.398593 
1534336012678 0.168266 0.888242 -0.42745 -0.605949 -0.952914 0.25755 0.160074 -0.223333 0.252274 0.380387 0.889755 0.398406 
1534336012753 0.169061 0.888548 -0.426498 -0.606161 -0.95283 0.25801 0.159831 -0.22321 0.252058 0.379359 0.890255 0.398183 
1534336012840 0.169733 0.888712 -0.425889 -0.606292 -0.952738 0.258465 0.159642 -0.223025 0.251953 0.378665 0.89058 0.397968 
1534336012914 0.170613 0.888938 -0.425066 -0.606429 -0.952613 0.259065 0.15942 -0.223013 0.251834 0.377724 0.891013 0.397832 
1534336013000 0.171553 0.889121 -0.424303 -0.606583 -0.952463 0.259748 0.159202 -0.222988 0.251762 0.376821 0.891416 0.39768 
1534336013078 0.17215 0.889417 -0.423441 -0.606743 -0.952416 0.260043 0.159003 -0.222775 0.251533 0.375919 0.891861 0.397467 
1534336013168 0.173131 0.889462 -0.422945 -0.606825 -0.952302 0.260745 0.158531 -0.222846 0.251288 0.375325 0.89218 0.397149 
1534336013188 0.173524 0.889543 -0.422615 -0.606856 -0.952228 0.261047 0.158484 -0.222853 0.251301 0.374924 0.892345 0.397142 
1534336013204 0.173857 0.889616 -0.422323 -0.606889 -0.952162 0.261303 0.158456 -0.222848 0.25132 0.374571 0.892488 0.397142 
1534336013222 0.174072 0.889701 -0.422056 -0.606932 -0.952128 0.261442 0.15843 -0.222828 0.251299 0.374273 0.892619 0.397138 
1534336013355 0.173835 0.890026 -0.421468 -0.606892 -0.952277 0.260967 0.158322 -0.222712 0.2509 0.373833 0.892916 0.396971 
1534336013421 0.174268 0.890343 -0.420619 -0.606886 -0.952195 0.26121 0.15841 -0.222818 0.250909 0.372906 0.893301 0.396872 
1534336013513 0.1749 0.890575 -0.419864 -0.606951 -0.952111 0.261601 0.158269 -0.222765 0.250788 0.372076 0.893681 0.39667 
1534336013575 0.175379 0.890891 -0.418994 -0.606959 -0.952046 0.261847 0.158255 -0.222739 0.2507 0.371147 0.894092 0.396652 
1534336013657 0.175725 0.891254 -0.418075 -0.607048 -0.952004 0.261964 0.158312 -0.222604 0.250617 0.37019 0.894511 0.39659 
1534336013725 0.176191 0.891554 -0.417239 -0.607086 -0.951974 0.262156 0.158176 -0.222612 0.250404 0.369332 0.894926 0.396482 
1534336013814 0.17664 0.891793 -0.416537 -0.607127 -0.951957 0.262343 0.157972 -0.222564 0.250154 0.368621 0.895288 0.396239 
1534336013830 0.176758 0.891881 -0.4163 -0.607121 -0.951956 0.262376 0.15792 -0.222556 0.250073 0.368386 0.895408 0.396201 
1534336013847 0.17688 0.891961 -0.416076 -0.607119 -0.951943 0.262432 0.157903 -0.222544 0.250035 0.368151 0.895515 0.396179 
1534336013965 0.176639 0.892161 -0.415749 -0.607135 -0.951995 0.262145 0.158066 -0.222557 0.250007 0.367871 0.895638 0.396198 
1534336013990 0.176252 0.892068 -0.416113 -0.607116 -0.952067 0.261859 0.158112 -0.222625 0.250009 0.3683 0.895461 0.396219 
1534336014092 0.175882 0.891943 -0.416537 -0.606973 -0.952158 0.261564 0.158048 -0.222973 0.249921 0.368811 0.895275 0.396317 
1534336014128 0.175526 0.892017 -0.41653 -0.60694 -0.952262 0.261183 0.158051 -0.223039 0.249775 0.368904 0.895278 0.39635 
1534336014178 0.175214 0.892073 -0.416541 -0.606889 -0.952325 0.260894 0.158149 -0.223141 0.249754 0.368973 0.895255 0.396359 
1534336014234 0.174772 0.892157 -0.416547 -0.606847 -0.952405 0.260496 0.158324 -0.223213 0.249759 0.36905 0.895222 0.39635 
1534336014275 0.174444 0.89221 -0.41657 -0.606803 -0.952488 0.260169 0.158363 -0.223313 0.249672 0.369153 0.895204 0.396346 
1534336014291 0.174349 0.892219 -0.41659 -0.60678 -0.952521 0.260064 0.158339 -0.223374 0.249613 0.369205 0.895199 0.396344 
1534336014308 0.174246 0.892233 -0.416603 -0.606759 -0.952556 0.259948 0.158316 -0.223439 0.24955 0.369252 0.895197 0.396346 
1534336014325 0.17422 0.89223 -0.416621 -0.606736 -0.952569 0.259915 0.158293 -0.223504 0.24952 0.369283 0.895193 0.396345 
1534336014448 0.173657 0.892136 -0.417056 -0.606598 -0.952582 0.259615 0.158706 -0.223751 0.249862 0.36972 0.894917 0.396345 
1534336014509 0.173043 0.891991 -0.417622 -0.60642 -0.952555 0.259365 0.159277 -0.223978 0.25039 0.370246 0.894552 0.396399 
1534336014602 0.172562 0.89181 -0.418208 -0.606218 -0.952534 0.259193 0.159681 -0.224309 0.250801 0.370802 0.894206 0.396348 
1534336014661 0.171854 0.89172 -0.418691 -0.606158 -0.952618 0.258704 0.159973 -0.22443 0.250968 0.371361 0.893927 0.396304 
1534336014736 0.171397 0.891625 -0.419079 -0.60601 -0.95262 0.258477 0.160324 -0.224696 0.251271 0.371744 0.893683 0.396357 
1534336014798 0.170859 0.891554 -0.41945 -0.605873 -0.952664 0.258135 0.160617 -0.22492 0.251474 0.372152 0.893456 0.396372 
1534336014873 0.170636 0.891313 -0.420053 -0.605676 -0.952614 0.258175 0.160848 -0.225386 0.251813 0.372702 0.893131 0.396345 
1534336014896 0.170364 0.891315 -0.42016 -0.605635 -0.952644 0.257976 0.16099 -0.225445 0.251884 0.372836 0.893055 0.396348 
1534336014913 0.170169 0.891331 -0.420205 -0.605609 -0.952662 0.257832 0.161112 -0.225473 0.251947 0.372897 0.893012 0.396366 
1534336015037 0.169912 0.891338 -0.420294 -0.60544 -0.952654 0.257696 0.161379 -0.22555 0.252151 0.372974 0.892922 0.396403 
1534336015084 0.170181 0.891469 -0.419906 -0.605203 -0.952693 0.25774 0.161077 -0.225563 0.251821 0.372629 0.893159 0.3963 
1534336015174 0.16994 0.891443 -0.42006 -0.60497 -0.952775 0.257493 0.160991 -0.225584 0.251677 0.372864 0.893102 0.396134 
1534336015232 0.169687 0.891509 -0.420022 -0.604666 -0.952853 0.257208 0.160983 -0.225757 0.251551 0.372903 0.893121 0.396072 
1534336015303 0.169392 0.89163 -0.419883 -0.604401 -0.952914 0.256903 0.161109 -0.225815 0.251519 0.372822 0.893164 0.396118 
1534336015360 0.169015 0.891768 -0.419742 -0.604183 -0.953002 0.256506 0.161223 -0.225747 0.25144 0.372766 0.89321 0.396118 
1534336015435 0.169005 0.891768 -0.419745 -0.603854 -0.953024 0.256466 0.161151 -0.225976 0.25136 0.372792 0.893221 0.396026 
1534336015499 0.168776 0.891803 -0.419765 -0.603544 -0.953076 0.256246 0.161196 -0.226132 0.251318 0.372862 0.893204 0.395935 
1534336015523 0.168705 0.891797 -0.419805 -0.603438 -0.953094 0.25618 0.161193 -0.226187 0.251297 0.372919 0.893186 0.395901 
1534336015535 0.168632 0.891802 -0.419823 -0.603376 -0.953108 0.256117 0.161212 -0.226207 0.251293 0.372951 0.893174 0.39588 
1534336015571 0.16843 0.891865 -0.419772 -0.603261 -0.953141 0.255928 0.161314 -0.226224 0.251302 0.372932 0.893179 0.395861 
1534336015695 0.167761 0.891997 -0.419759 -0.602955 -0.95318 0.255437 0.161861 -0.226238 0.251602 0.372952 0.893086 0.395974 
1534336015743 0.167183 0.892051 -0.419874 -0.602751 -0.953227 0.255017 0.16225 -0.226151 0.251811 0.37311 0.892962 0.396076 
1534336015855 0.166955 0.892014 -0.420045 -0.602389 -0.953223 0.254905 0.162445 -0.226362 0.251975 0.373276 0.892846 0.396054 
1534336015904 0.166573 0.892025 -0.420173 -0.602129 -0.95328 0.254598 0.162593 -0.226372 0.252012 0.373459 0.892759 0.396032 
1534336016009 0.166122 0.892153 -0.42008 -0.601784 -0.953244 0.254344 0.163203 -0.226503 0.252447 0.373327 0.892691 0.396204 
1534336016063 0.165522 0.892262 -0.420084 -0.601546 -0.953342 0.25381 0.163459 -0.226415 0.25247 0.373428 0.892642 0.396199 
1534336016164 0.16527 0.892264 -0.420179 -0.601186 -0.953333 0.253678 0.163717 -0.226633 0.252669 0.373513 0.89255 0.396242 
1534336016191 0.165017 0.892247 -0.420315 -0.601041 -0.953366 0.25349 0.163815 -0.226652 0.252709 0.373682 0.892468 0.396201 
1534336016207 0.164897 0.892251 -0.420354 -0.600966 -0.953381 0.253398 0.163873 -0.226668 0.252733 0.373735 0.892439 0.39619 
1534336016224 0.164781 0.892261 -0.420378 -0.600885 -0.953392 0.253311 0.163945 -0.226694 0.252768 0.37377 0.892415 0.396191 
1534336016240 0.164719 0.89229 -0.420342 -0.600846 -0.953388 0.25327 0.164031 -0.226711 0.252823 0.373729 0.892416 0.396212 
1534336016407 0.164563 0.892443 -0.420076 -0.600674 -0.95343 0.253058 0.164114 -0.226705 0.252766 0.373506 0.892526 0.39619 
1534336016530 0.164168 0.892604 -0.41989 -0.600216 -0.953446 0.252742 0.164504 -0.226865 0.252961 0.373336 0.892542 0.396266 
1534336016582 0.163645 0.892708 -0.419872 -0.600031 -0.95355 0.252246 0.164667 -0.226759 0.25291 0.373422 0.89252 0.396217 
1534336016632 0.163331 0.892742 -0.419922 -0.599883 -0.953567 0.252025 0.164902 -0.226746 0.253046 0.373491 0.892453 0.396202 
1534336016706 0.163335 0.892782 -0.419836 -0.599608 -0.95354 0.252052 0.165018 -0.226911 0.253146 0.373377 0.892472 0.396263 
1534336016730 0.1632 0.892818 -0.419812 -0.599494 -0.953573 0.251911 0.165043 -0.226912 0.253108 0.373386 0.892479 0.39625 
1534336016748 0.1631 0.892851 -0.419781 -0.599408 -0.953598 0.251803 0.165064 -0.226912 0.25308 0.37338 0.89249 0.396238 
1534336016767 0.163031 0.892872 -0.419763 -0.599345 -0.953615 0.25173 0.165078 -0.226918 0.253061 0.373379 0.892496 0.39623 
1534336016780 0.16297 0.892904 -0.419718 -0.599284 -0.953624 0.251669 0.165119 -0.226926 0.253066 0.373344 0.892509 0.396235 
1534336016931 0.161713 0.892907 -0.420198 -0.599141 -0.95354 0.25106 0.166524 -0.226893 0.254185 0.373747 0.892022 0.39633 
1534336017001 0.161045 0.892803 -0.420674 -0.598802 -0.953481 0.250799 0.167257 -0.227022 0.254832 0.374169 0.891661 0.396337 
1534336017080 0.160504 0.892875 -0.420729 -0.598581 -0.953411 0.250556 0.168017 -0.227127 0.255434 0.37416 0.891492 0.396416 
1534336017114 0.160012 0.892864 -0.420939 -0.598432 -0.953427 0.250249 0.168381 -0.2271 0.255681 0.374392 0.891324 0.396374 
1534336017134 0.159815 0.892882 -0.420977 -0.598356 -0.953426 0.250128 0.168567 -0.227101 0.255808 0.374431 0.891271 0.396365 
1534336017151 0.159671 0.892886 -0.421022 -0.598298 -0.953441 0.25002 0.168643 -0.227112 0.255843 0.374492 0.891235 0.396363 
1534336017168 0.159573 0.892895 -0.421041 -0.598263 -0.953448 0.249948 0.168708 -0.227117 0.255876 0.374519 0.891214 0.396373 
1534336017184 0.159499 0.89291 -0.421037 -0.598239 -0.953447 0.2499 0.168784 -0.227118 0.255926 0.374516 0.891201 0.396391 
1534336017265 0.159283 0.892971 -0.420989 -0.598129 -0.953446 0.249751 0.169012 -0.227108 0.256065 0.37447 0.891181 0.3964 
1534336017282 0.159324 0.893092 -0.420717 -0.598083 -0.953463 0.249701 0.168989 -0.227129 0.255976 0.374214 0.891314 0.396391 
1534336017338 0.159358 0.893334 -0.420191 -0.597969 -0.953506 0.249561 0.168953 -0.227173 0.255795 0.37373 0.891569 0.396356 
1534336017377 0.15923 0.893414 -0.420068 -0.597837 -0.953531 0.249418 0.169027 -0.227201 0.255783 0.373634 0.891612 0.396295 
1534336017413 0.159069 0.893489 -0.41997 -0.597696 -0.953568 0.249238 0.169079 -0.227215 0.255743 0.373575 0.891649 0.396225 
1534336017429 0.158963 0.893558 -0.419862 -0.597617 -0.953586 0.249122 0.169151 -0.227219 0.255744 0.373486 0.891686 0.396197 
1534336017446 0.158878 0.893616 -0.419771 -0.59755 -0.953601 0.249027 0.169208 -0.227225 0.255741 0.373411 0.891718 0.396178 
1534336017463 0.158815 0.893673 -0.419675 -0.597486 -0.953611 0.248952 0.16926 -0.22724 0.255742 0.373325 0.891753 0.396171 
1534336017479 0.158762 0.893736 -0.41956 -0.597413 -0.953617 0.248887 0.169322 -0.227264 0.255753 0.373218 0.891795 0.396179 
1534336017496 0.158737 0.893778 -0.41948 -0.59736 -0.953619 0.248853 0.169363 -0.227284 0.255761 0.37314 0.891826 0.396189 
1534336017513 0.158707 0.89379 -0.419466 -0.597322 -0.953614 0.248837 0.169411 -0.227297 0.255797 0.373122 0.891823 0.396199 
1534336017529 0.158668 0.89379 -0.419481 -0.597313 -0.953608 0.248823 0.169466 -0.227289 0.255844 0.373131 0.891806 0.396205 
1534336017610 0.158594 0.893737 -0.419622 -0.597308 -0.953548 0.248888 0.169708 -0.227262 0.256113 0.373215 0.891693 0.396234 
1534336017651 0.158176 0.893686 -0.419889 -0.59717 -0.95356 0.248645 0.169998 -0.227179 0.256328 0.373499 0.891512 0.396102 
1534336017669 0.15806 0.893766 -0.41976 -0.597083 -0.953573 0.248525 0.170101 -0.227165 0.256352 0.373386 0.891553 0.396067 
1534336017688 0.157969 0.893842 -0.419634 -0.596986 -0.953577 0.248434 0.170208 -0.227171 0.256391 0.373266 0.891592 0.396031 
1534336017705 0.157939 0.893867 -0.419591 -0.596927 -0.953568 0.24842 0.170283 -0.227195 0.256445 0.373214 0.891598 0.396011 
1534336017721 0.158003 0.89388 -0.419539 -0.596873 -0.953553 0.248474 0.170288 -0.227247 0.256462 0.373146 0.891622 0.396004 
1534336017738 0.158038 0.893887 -0.419511 -0.596839 -0.953544 0.248505 0.170291 -0.227278 0.256472 0.37311 0.891634 0.395998 
1534336017755 0.158077 0.893898 -0.419473 -0.59679 -0.953535 0.248537 0.170295 -0.227318 0.256481 0.373063 0.891651 0.395991 
1534336017833 0.158138 0.893889 -0.41947 -0.59673 -0.953615 0.248459 0.169958 -0.227306 0.256145 0.373137 0.891717 0.396025 
1534336017865 0.158156 0.893826 -0.419598 -0.59671 -0.953762 0.248282 0.169394 -0.227198 0.255587 0.373406 0.891764 0.396027 
1534336017894 0.158123 0.893723 -0.419829 -0.596696 -0.953872 0.248143 0.168978 -0.22709 0.255197 0.373744 0.891734 0.396022 
1534336017921 0.15796 0.893704 -0.419931 -0.596665 -0.953956 0.247931 0.168813 -0.226979 0.254982 0.37393 0.891718 0.396033 
1534336017967 0.157964 0.893665 -0.420012 -0.596585 -0.954005 0.247876 0.168615 -0.226966 0.254796 0.374058 0.891717 0.396055 
1534336017987 0.158023 0.893625 -0.420076 -0.596534 -0.954013 0.247917 0.168515 -0.226999 0.254733 0.374129 0.891706 0.396053 
1534336018004 0.158088 0.893628 -0.420043 -0.596478 -0.954026 0.247934 0.168412 -0.227027 0.254641 0.374108 0.89174 0.396061 
1534336018020 0.158138 0.89366 -0.419958 -0.596418 -0.954048 0.247918 0.16831 -0.227036 0.254527 0.374044 0.8918 0.396069 
1534336018039 0.158224 0.893673 -0.419897 -0.596346 -0.954072 0.247929 0.168159 -0.227043 0.254384 0.374005 0.891857 0.396072 
1534336018054 0.158275 0.893677 -0.41987 -0.596304 -0.954088 0.247934 0.168062 -0.227049 0.254293 0.373993 0.891888 0.396076 
1534336018071 0.1583 0.893665 -0.419887 -0.596277 -0.954094 0.247944 0.168011 -0.227055 0.254254 0.374016 0.89189 0.396078 
1534336018087 0.158338 0.893657 -0.419887 -0.596272 -0.954084 0.247985 0.16801 -0.22707 0.254269 0.374005 0.89189 0.396094 
1534336018187 0.158023 0.893702 -0.419911 -0.596309 -0.954028 0.247864 0.168508 -0.226978 0.254677 0.373978 0.891785 0.396116 
1534336018205 0.157812 0.893671 -0.420056 -0.596261 -0.954073 0.247685 0.168512 -0.226904 0.254635 0.374171 0.891716 0.396052 
1534336018221 0.15766 0.893629 -0.420202 -0.596215 -0.954108 0.24756 0.168496 -0.226857 0.254599 0.374353 0.89165 0.39599 
1534336018241 0.157544 0.893609 -0.420289 -0.596144 -0.954154 0.247433 0.168425 -0.226822 0.2545 0.374486 0.891622 0.395925 
1534336018257 0.157533 0.89364 -0.420227 -0.596077 -0.954181 0.247374 0.168357 -0.226821 0.254403 0.374451 0.891664 0.395901 
1534336018274 0.157578 0.893665 -0.420158 -0.596029 -0.954186 0.247384 0.168316 -0.226842 0.254358 0.374386 0.891705 0.3959 
1534336018294 0.157662 0.893689 -0.420075 -0.595982 -0.954179 0.247434 0.168283 -0.226882 0.254334 0.374295 0.89175 0.395918 
1534336018311 0.15771 0.893686 -0.420063 -0.595951 -0.954172 0.247474 0.168265 -0.22691 0.25433 0.374275 0.891759 0.395929 
1534336018328 0.157746 0.893668 -0.420087 -0.595926 -0.954164 0.247514 0.168251 -0.226936 0.254338 0.374291 0.89175 0.395937 
1534336018345 0.157769 0.89365 -0.420117 -0.595911 -0.954156 0.247547 0.168248 -0.226954 0.254354 0.374313 0.891737 0.395943 
1534336018363 0.157767 0.893642 -0.420136 -0.595908 -0.95415 0.247557 0.168263 -0.226955 0.254375 0.374327 0.891725 0.395953 
1534336018418 0.157627 0.893622 -0.42023 -0.595876 -0.954165 0.247461 0.168323 -0.2269 0.254408 0.374436 0.891669 0.395966 
1534336018438 0.157492 0.893583 -0.420364 -0.595821 -0.954197 0.24735 0.168304 -0.226867 0.25437 0.374604 0.89161 0.395933 
1534336018455 0.157405 0.893551 -0.420465 -0.595772 -0.954214 0.247287 0.168302 -0.226861 0.254362 0.374721 0.891563 0.395907 
1534336018471 0.157329 0.893512 -0.420575 -0.595709 -0.954226 0.247238 0.168301 -0.226868 0.254361 0.374846 0.891511 0.39588 
1534336018552 0.157456 0.893725 -0.420076 -0.595564 -0.954223 0.247234 0.168328 -0.227014 0.254296 0.374342 0.891741 0.395968 
1534336018592 0.157626 0.893947 -0.41954 -0.595555 -0.95423 0.247235 0.168288 -0.227063 0.254165 0.373811 0.892001 0.395987 
1534336018639 0.157669 0.894082 -0.419234 -0.595522 -0.954285 0.247125 0.168137 -0.227082 0.253931 0.373559 0.892173 0.395872 
1534336018681 0.157614 0.89424 -0.418919 -0.595442 -0.954356 0.246924 0.168026 -0.227047 0.253697 0.373315 0.892342 0.395776 
1534336018726 0.157572 0.894359 -0.418681 -0.595346 -0.954412 0.24677 0.167938 -0.227024 0.253515 0.373131 0.89247 0.395676 
1534336018826 0.157667 0.894636 -0.418052 -0.595055 -0.954465 0.246636 0.16783 -0.22719 0.253253 0.372555 0.892785 0.395594 
1534336018846 0.157709 0.894751 -0.417789 -0.594977 -0.954484 0.246586 0.167795 -0.227229 0.253156 0.372311 0.892915 0.395585 
1534336018867 0.157735 0.894871 -0.417524 -0.594898 -0.954506 0.246522 0.167765 -0.227261 0.253057 0.372066 0.893045 0.395573 
1534336018884 0.157722 0.894917 -0.417429 -0.594856 -0.954518 0.246478 0.167762 -0.227275 0.25302 0.371983 0.89309 0.395557 
1534336018992 0.157564 0.894933 -0.417455 -0.594767 -0.95452 0.246376 0.167903 -0.2273 0.253112 0.372013 0.893051 0.395498 
1534336019016 0.157241 0.895 -0.417433 -0.59467 -0.95452 0.246158 0.168223 -0.227296 0.253314 0.371997 0.893001 0.395474 
1534336019042 0.156795 0.895105 -0.417375 -0.594511 -0.954553 0.245802 0.16855 -0.227351 0.253462 0.371979 0.892966 0.395436 
1534336019113 0.156472 0.895119 -0.417466 -0.594197 -0.954549 0.245611 0.168852 -0.227643 0.253677 0.372072 0.892867 0.395358 
1534336019143 0.156277 0.895295 -0.417163 -0.594055 -0.954576 0.245384 0.169031 -0.227702 0.253698 0.371798 0.892975 0.395356 
1534336019170 0.156014 0.8955 -0.41682 -0.593937 -0.954601 0.245107 0.169288 -0.227693 0.253763 0.371486 0.893086 0.395354 
1534336019190 0.15582 0.89554 -0.416808 -0.593893 -0.954609 0.244966 0.169453 -0.227681 0.253855 0.371484 0.89306 0.395339 
1534336019206 0.155659 0.89557 -0.416802 -0.593852 -0.954616 0.244846 0.169581 -0.227676 0.253924 0.37149 0.893039 0.395325 
1534336019223 0.155495 0.895609 -0.416781 -0.593805 -0.954628 0.244716 0.169704 -0.227674 0.253981 0.371483 0.893025 0.395311 
1534336019344 0.155151 0.895745 -0.416616 -0.593462 -0.954604 0.244491 0.170165 -0.227794 0.254283 0.371302 0.893014 0.395308 
1534336019379 0.154866 0.89558 -0.417077 -0.593368 -0.95455 0.244467 0.1705 -0.227782 0.254658 0.371716 0.892735 0.395286 
1534336019426 0.154515 0.895436 -0.417515 -0.593206 -0.954485 0.24441 0.170943 -0.227842 0.255114 0.372098 0.892446 0.3953 
1534336019529 0.154132 0.895364 -0.417812 -0.592774 -0.954338 0.244426 0.171743 -0.228111 0.255897 0.372262 0.892153 0.395326 
1534336019564 0.153686 0.895429 -0.417837 -0.592619 -0.954382 0.244068 0.172007 -0.228071 0.256 0.372341 0.892091 0.395307 
1534336019578 0.153419 0.895445 -0.4179 -0.592539 -0.954396 0.243881 0.172194 -0.228046 0.256108 0.372425 0.892025 0.39529 
1534336019595 0.153248 0.895462 -0.417928 -0.592484 -0.954394 0.243774 0.172353 -0.228038 0.256215 0.372455 0.891981 0.395293 
1534336019612 0.153124 0.895484 -0.417926 -0.592447 -0.95438 0.243711 0.172521 -0.228043 0.256343 0.372443 0.89195 0.395317 
1534336019628 0.153008 0.895509 -0.417914 -0.592415 -0.954362 0.243658 0.172697 -0.22805 0.25648 0.372417 0.891921 0.395351 
1534336019646 0.152927 0.895522 -0.417916 -0.592385 -0.954349 0.243622 0.172818 -0.228062 0.256576 0.37241 0.891897 0.39537 
1534336019701 0.153011 0.895501 -0.417929 -0.592316 -0.954353 0.243676 0.172723 -0.228103 0.256513 0.372423 0.891909 0.395339 
1534336019760 0.153131 0.895482 -0.417927 -0.592196 -0.95438 0.243717 0.172514 -0.228107 0.256339 0.372444 0.89195 0.395282 
1534336019784 0.153018 0.895516 -0.417894 -0.592094 -0.954427 0.243566 0.172465 -0.228064 0.25623 0.372459 0.891975 0.395253 
1534336019809 0.152835 0.895603 -0.417776 -0.591986 -0.954447 0.243391 0.172603 -0.228009 0.256266 0.372366 0.892004 0.395276 
1534336019853 0.15264 0.89572 -0.417595 -0.591841 -0.954397 0.243298 0.17301 -0.227999 0.256569 0.372144 0.89201 0.395385 
1534336019870 0.152592 0.895741 -0.417569 -0.591799 -0.954377 0.24329 0.173132 -0.228008 0.256672 0.3721 0.891999 0.395413 
1534336019891 0.152515 0.895761 -0.417555 -0.591742 -0.954357 0.243265 0.173279 -0.228012 0.256793 0.372068 0.891977 0.395431 
1534336019909 0.152403 0.895762 -0.417592 -0.591675 -0.954364 0.243186 0.173349 -0.228024 0.256832 0.372116 0.891945 0.395427 
1534336019924 0.152343 0.895749 -0.417643 -0.591623 -0.954369 0.243148 0.173373 -0.228038 0.256848 0.372173 0.891917 0.395417 
1534336019941 0.152323 0.895741 -0.417667 -0.591561 -0.954368 0.243141 0.173389 -0.228066 0.256863 0.372197 0.891903 0.395412 
1534336019957 0.152342 0.895742 -0.417658 -0.591505 -0.954367 0.243153 0.173377 -0.228098 0.256856 0.372187 0.891909 0.395414 
1534336019974 0.152388 0.895761 -0.417601 -0.591487 -0.954362 0.24318 0.173367 -0.228115 0.256847 0.372124 0.891938 0.395435 
1534336019991 0.152461 0.895779 -0.417535 -0.591505 -0.954357 0.243224 0.173333 -0.228129 0.256823 0.372051 0.891976 0.395454 
1534336020008 0.152507 0.895804 -0.417465 -0.591534 -0.954355 0.243245 0.173318 -0.228127 0.256806 0.371978 0.892011 0.395468 
1534336020027 0.152491 0.895837 -0.417399 -0.591567 -0.954362 0.24321 0.173324 -0.2281 0.256786 0.371919 0.892041 0.395469 
1534336020044 0.152442 0.895862 -0.417365 -0.591584 -0.954377 0.24315 0.17333 -0.228066 0.256762 0.371901 0.892056 0.395464 
1534336020061 0.152359 0.895891 -0.417332 -0.591593 -0.954403 0.24305 0.173327 -0.228017 0.256715 0.371895 0.892071 0.39546 
1534336020077 0.152197 0.895914 -0.417343 -0.591581 -0.954452 0.242872 0.173305 -0.227938 0.256627 0.371957 0.892071 0.395435 
1534336020094 0.152051 0.895902 -0.417421 -0.59155 -0.954499 0.242721 0.173257 -0.227881 0.256538 0.372084 0.892043 0.395393 
1534336020111 0.151908 0.895871 -0.417539 -0.591511 -0.954544 0.242582 0.173205 -0.227831 0.256457 0.372248 0.891998 0.39534 
1534336020127 0.151824 0.895828 -0.417663 -0.591467 -0.954575 0.242505 0.173142 -0.227814 0.25639 0.372404 0.891953 0.395291 
1534336020144 0.151828 0.895782 -0.417758 -0.591427 -0.95459 0.242505 0.173061 -0.227835 0.256333 0.372512 0.891924 0.395263 
1534336020161 0.151959 0.895752 -0.417777 -0.591407 -0.954578 0.242613 0.172975 -0.227898 0.256301 0.372515 0.891932 0.395281 
1534336020177 0.152155 0.895725 -0.417762 -0.591393 -0.954563 0.242764 0.172846 -0.227969 0.25624 0.372481 0.891964 0.395326 
1534336020197 0.15242 0.895705 -0.41771 -0.591375 -0.954554 0.242944 0.172639 -0.22805 0.256113 0.372413 0.892028 0.395413 
1534336020217 0.152614 0.895696 -0.417657 -0.591371 -0.954552 0.243067 0.172477 -0.228096 0.256006 0.372353 0.892084 0.395521 
1534336020234 0.152735 0.895709 -0.417585 -0.591372 -0.954557 0.243128 0.172366 -0.228108 0.255916 0.372283 0.892139 0.395624 
1534336020251 0.152804 0.895731 -0.417514 -0.591371 -0.954578 0.24313 0.172248 -0.228088 0.255798 0.372229 0.892196 0.395729 
1534336020327 0.152405 0.895723 -0.417675 -0.591365 -0.954746 0.242649 0.171996 -0.227879 0.255409 0.37256 0.892169 0.395613 
1534336020345 0.152313 0.89571 -0.417737 -0.591363 -0.954811 0.242503 0.171837 -0.227852 0.255219 0.372687 0.89217 0.395475 
1534336020361 0.152246 0.895756 -0.417663 -0.591341 -0.954894 0.242323 0.17163 -0.227826 0.254948 0.372694 0.892245 0.395323 
1534336020378 0.152213 0.895791 -0.417601 -0.591326 -0.954954 0.2422 0.171467 -0.22781 0.254742 0.37269 0.892305 0.395207 
1534336020395 0.152189 0.895826 -0.417533 -0.591322 -0.955001 0.242103 0.171344 -0.227793 0.25458 0.372668 0.892361 0.395131 
1534336020415 0.152174 0.895851 -0.417486 -0.591335 -0.955071 0.241982 0.171127 -0.227755 0.254329 0.372688 0.892424 0.395068 
1534336020432 0.152233 0.89585 -0.417465 -0.591351 -0.955101 0.241973 0.17097 -0.227727 0.254179 0.372694 0.892464 0.395053 
1534336020450 0.152303 0.895871 -0.417396 -0.591372 -0.955148 0.241939 0.170758 -0.227683 0.253961 0.372668 0.892537 0.395057 
1534336020578 0.152354 0.895693 -0.417759 -0.591336 -0.95522 0.241936 0.170359 -0.227693 0.25366 0.373096 0.892444 0.395194 
1534336020597 0.152105 0.895542 -0.418173 -0.591341 -0.955194 0.241885 0.170573 -0.22774 0.253905 0.373491 0.892209 0.395244 
1534336020610 0.151984 0.895472 -0.418367 -0.591338 -0.955184 0.241857 0.170673 -0.227763 0.254018 0.373678 0.892098 0.395265 
1534336020625 0.151846 0.895401 -0.418568 -0.591323 -0.955171 0.241822 0.170795 -0.227789 0.254149 0.373869 0.891981 0.395293 
1534336020701 0.151709 0.895244 -0.418955 -0.591235 -0.955125 0.241872 0.170981 -0.227825 0.254403 0.374215 0.891764 0.395375 
1534336020713 0.151552 0.895136 -0.419242 -0.591248 -0.955146 0.241791 0.170979 -0.227782 0.254419 0.374525 0.891629 0.395365 
1534336020731 0.151421 0.895046 -0.419482 -0.591255 -0.955181 0.241696 0.170913 -0.227756 0.254362 0.374802 0.891529 0.39536 
1534336020747 0.151275 0.894949 -0.41974 -0.591259 -0.955232 0.241574 0.170805 -0.227736 0.25426 0.37511 0.891428 0.39536 
1534336020764 0.151181 0.894879 -0.419924 -0.591258 -0.955272 0.241487 0.170703 -0.227724 0.254165 0.375335 0.891361 0.395367 
1534336020876 0.151295 0.89501 -0.419604 -0.591289 -0.95522 0.241579 0.170866 -0.227745 0.254294 0.374963 0.89148 0.395504 
1534336020890 0.151453 0.895071 -0.419416 -0.59128 -0.955192 0.241689 0.170862 -0.227765 0.254302 0.374746 0.891569 0.395493 
1534336020910 0.151732 0.895187 -0.419068 -0.591254 -0.955152 0.241868 0.170832 -0.227807 0.254286 0.374353 0.891739 0.395453 
1534336020923 0.15187 0.895253 -0.418876 -0.591242 -0.955126 0.241964 0.170847 -0.227834 0.254304 0.374132 0.891826 0.395424 
1534336020940 0.151943 0.895322 -0.418702 -0.591234 -0.955101 0.242015 0.17091 -0.227861 0.254352 0.373934 0.891896 0.395387 
1534336020957 0.151946 0.895347 -0.418647 -0.591253 -0.955085 0.242031 0.17098 -0.227877 0.254412 0.373863 0.891908 0.395351 
1534336020973 0.151943 0.895369 -0.418601 -0.591266 -0.955075 0.242034 0.171028 -0.227879 0.254449 0.373809 0.891921 0.39534 
1534336020990 0.151931 0.895408 -0.418523 -0.591276 -0.955064 0.242027 0.171099 -0.227872 0.254498 0.373721 0.891944 0.395331 
1534336021007 0.15193 0.895448 -0.418439 -0.591282 -0.955055 0.242023 0.171155 -0.227864 0.254533 0.373629 0.891972 0.395333 
1534336021023 0.151962 0.895502 -0.418311 -0.591288 -0.955041 0.242041 0.171208 -0.227865 0.254565 0.373487 0.892022 0.39534 
1534336021040 0.15202 0.895586 -0.418109 -0.59128 -0.955034 0.242052 0.171232 -0.22787 0.254557 0.373278 0.892112 0.395352 
1534336021057 0.152072 0.895652 -0.417948 -0.591274 -0.955029 0.242064 0.171246 -0.227873 0.254547 0.373111 0.892185 0.395359 
1534336021073 0.152109 0.895702 -0.417829 -0.591269 -0.955028 0.242067 0.171245 -0.227874 0.254527 0.37299 0.892241 0.395361 
1534336021090 0.152126 0.895709 -0.417808 -0.591272 -0.955027 0.242075 0.171237 -0.227873 0.254519 0.372968 0.892252 0.395355 
1534336021107 0.152159 0.89569 -0.417836 -0.591279 -0.955026 0.242104 0.171202 -0.227873 0.254504 0.372994 0.892246 0.395343 
1534336021123 0.152198 0.895669 -0.417867 -0.591287 -0.955027 0.242135 0.171153 -0.227873 0.254477 0.373025 0.892241 0.395324 
1534336021140 0.152251 0.895656 -0.417875 -0.591296 -0.955043 0.242148 0.171046 -0.227869 0.254386 0.373047 0.892258 0.395313 
1534336021160 0.152365 0.895634 -0.417882 -0.591313 -0.955068 0.242189 0.170847 -0.227863 0.254222 0.373074 0.892293 0.395303 
1534336021177 0.152461 0.895628 -0.417858 -0.591331 -0.955091 0.242216 0.170684 -0.227849 0.254082 0.373069 0.892335 0.395299 
1534336021193 0.152595 0.895618 -0.417831 -0.591349 -0.955099 0.242289 0.170535 -0.227833 0.25397 0.373047 0.892376 0.395287 
1534336021210 0.15277 0.895622 -0.417758 -0.591364 -0.955109 0.242377 0.170352 -0.227817 0.253826 0.37298 0.892445 0.395255 
1534336021227 0.152921 0.895723 -0.417487 -0.591348 -0.95514 0.242381 0.170173 -0.227807 0.253619 0.372735 0.892606 0.395233 
1534336021244 0.153007 0.895793 -0.417306 -0.591337 -0.955162 0.242372 0.170064 -0.227797 0.253485 0.372574 0.892712 0.395208 
1534336021260 0.153017 0.895811 -0.417263 -0.591335 -0.955167 0.242362 0.170046 -0.227793 0.253458 0.372536 0.892735 0.395199 
1534336021277 0.152952 0.895862 -0.417179 -0.591334 -0.955171 0.242297 0.170119 -0.227776 0.253484 0.372457 0.892761 0.395161 
1534336021293 0.152855 0.895875 -0.417185 -0.591338 -0.955156 0.242257 0.170262 -0.227765 0.253599 0.372452 0.89273 0.395151 
1534336021310 0.152752 0.895886 -0.417198 -0.59134 -0.955122 0.24224 0.170476 -0.227757 0.253789 0.372434 0.892683 0.395138 
1534336021327 0.152628 0.895915 -0.417183 -0.591345 -0.955099 0.242187 0.170678 -0.227752 0.253949 0.372401 0.892652 0.395133 
1534336021343 0.15258 0.895953 -0.417118 -0.591361 -0.955075 0.242179 0.170827 -0.227759 0.25407 0.372314 0.892654 0.395143 
1534336021360 0.152608 0.896041 -0.416918 -0.591369 -0.955048 0.242199 0.170949 -0.227772 0.254154 0.372088 0.892724 0.395169 
1534336021377 0.152629 0.896092 -0.416802 -0.591366 -0.955042 0.242199 0.170982 -0.227777 0.254165 0.371966 0.892772 0.395181 
1534336021393 0.1527 0.896291 -0.416347 -0.591366 -0.955036 0.242167 0.171057 -0.227784 0.254143 0.371506 0.89297 0.395213 
1534336021410 0.152721 0.896348 -0.416216 -0.591372 -0.955041 0.242149 0.171055 -0.227779 0.254111 0.37138 0.893031 0.395219 
1534336021427 0.152761 0.896405 -0.416079 -0.591386 -0.955059 0.242125 0.170992 -0.227773 0.254021 0.371259 0.893107 0.395205 
1534336021443 0.152762 0.896381 -0.416131 -0.591387 -0.955073 0.242114 0.170925 -0.227767 0.253965 0.371325 0.893095 0.395175 
1534336021460 0.152802 0.896326 -0.416235 -0.591381 -0.955071 0.242163 0.170867 -0.227758 0.253949 0.371425 0.893058 0.395137 
1534336021477 0.152831 0.896269 -0.416346 -0.591373 -0.955068 0.242208 0.170819 -0.227748 0.253943 0.371532 0.893016 0.395095 
1534336021493 0.152806 0.896184 -0.416538 -0.591382 -0.955066 0.242232 0.170801 -0.227735 0.253968 0.371722 0.892929 0.395053 
1534336021512 0.152777 0.896098 -0.416735 -0.591392 -0.955066 0.242251 0.170775 -0.227719 0.253985 0.371919 0.892843 0.395002 
1534336021527 0.152777 0.89607 -0.416794 -0.591394 -0.955068 0.242259 0.170753 -0.227714 0.253978 0.371979 0.89282 0.394977 
1534336021543 0.152798 0.896063 -0.416801 -0.591391 -0.955068 0.242274 0.170731 -0.227713 0.253966 0.371986 0.89282 0.394959 
1534336021561 0.152846 0.896075 -0.416759 -0.591389 -0.955067 0.2423 0.170701 -0.227721 0.253941 0.371942 0.892846 0.394943 
1534336021577 0.152869 0.896081 -0.416736 -0.591392 -0.955063 0.242317 0.170697 -0.227728 0.253941 0.371915 0.892857 0.394946 
1534336021593 0.15291 0.896119 -0.41664 -0.591389 -0.955061 0.242329 0.170692 -0.22774 0.253924 0.371816 0.892903 0.394958 
1534336021610 0.152948 0.89617 -0.416516 -0.59138 -0.955063 0.242327 0.170682 -0.227749 0.253893 0.371694 0.892962 0.394971 
1534336021627 0.152978 0.896213 -0.416413 -0.591372 -0.955063 0.242328 0.170682 -0.227755 0.253876 0.37159 0.893011 0.394989 
1534336021643 0.152999 0.896241 -0.416345 -0.591368 -0.955059 0.242335 0.170694 -0.227758 0.253877 0.371518 0.89304 0.395009 
1534336021660 0.153014 0.89626 -0.416299 -0.591366 -0.955054 0.242343 0.170707 -0.227759 0.253885 0.371467 0.893059 0.395029 
1534336021678 0.153029 0.896285 -0.416239 -0.591366 -0.955054 0.242342 0.170711 -0.227758 0.253878 0.371407 0.893086 0.39505 
1534336021693 0.153033 0.896303 -0.4162 -0.591368 -0.955059 0.24233 0.170701 -0.227754 0.253858 0.371372 0.893106 0.395062 
1534336021713 0.153043 0.89631 -0.41618 -0.591368 -0.955062 0.242329 0.170685 -0.227754 0.253839 0.371356 0.893119 0.395066 
1534336021789 0.153243 0.896376 -0.415965 -0.591365 -0.955093 0.242377 0.170445 -0.227777 0.253604 0.371165 0.893264 0.395053 
1534336021807 0.153357 0.896472 -0.415716 -0.591353 -0.955132 0.242348 0.170266 -0.227768 0.253387 0.370953 0.893414 0.395016 
1534336021822 0.153447 0.896552 -0.415511 -0.59135 -0.955172 0.24231 0.170092 -0.22775 0.253179 0.370784 0.893543 0.394967 
1534336021836 0.153536 0.896618 -0.415335 -0.591356 -0.955223 0.242262 0.169876 -0.227719 0.252933 0.370656 0.893666 0.394898 
1534336021853 0.15363 0.896634 -0.415267 -0.591382 -0.955266 0.242249 0.169654 -0.227679 0.252715 0.370626 0.89374 0.394827 
1534336021869 0.153696 0.896651 -0.415205 -0.591412 -0.9553 0.242232 0.169486 -0.227632 0.252546 0.370596 0.893801 0.394772 
1534336021886 0.153743 0.896682 -0.41512 -0.591443 -0.955337 0.242193 0.169334 -0.227582 0.252377 0.370546 0.893869 0.394721 
1534336022037 0.153547 0.896647 -0.415267 -0.591376 -0.955371 0.24204 0.16936 -0.227755 0.252368 0.37073 0.893795 0.394942 
1534336022053 0.153436 0.896527 -0.415567 -0.591369 -0.95534 0.242068 0.169497 -0.227785 0.252554 0.371001 0.89363 0.394999 
1534336022068 0.15337 0.896436 -0.415788 -0.591363 -0.955307 0.242114 0.169616 -0.227799 0.252718 0.371191 0.893505 0.39504 
1534336022084 0.153287 0.896351 -0.416002 -0.591359 -0.955273 0.242149 0.169759 -0.227801 0.252898 0.371374 0.893378 0.395088 
1534336022123 0.153177 0.896328 -0.416093 -0.591347 -0.955244 0.242134 0.16994 -0.227794 0.253072 0.371439 0.893301 0.395178 
1534336022163 0.153031 0.896241 -0.416334 -0.59136 -0.955241 0.242087 0.170024 -0.227792 0.253172 0.37168 0.893173 0.395178 
1534336022177 0.152924 0.896177 -0.41651 -0.591378 -0.955243 0.242046 0.170072 -0.227788 0.253229 0.37186 0.893082 0.39518 
1534336022193 0.152743 0.89611 -0.416721 -0.591399 -0.955259 0.241942 0.170131 -0.227779 0.253278 0.37209 0.892972 0.395186 
1534336022210 0.152559 0.896041 -0.416936 -0.59142 -0.955273 0.241838 0.170198 -0.227767 0.253336 0.372323 0.892859 0.395198 
1534336022227 0.152389 0.896005 -0.417076 -0.591431 -0.955286 0.241732 0.170277 -0.227757 0.25339 0.372479 0.892778 0.395229 
1534336022243 0.152316 0.896014 -0.417083 -0.591426 -0.955296 0.24167 0.17031 -0.227759 0.253396 0.372497 0.892769 0.395257 
1534336022349 0.152284 0.895899 -0.417342 -0.591377 -0.955209 0.241826 0.170578 -0.227912 0.253745 0.372673 0.892597 0.395412 
1534336022373 0.151946 0.895773 -0.417735 -0.591396 -0.955202 0.241684 0.170814 -0.227943 0.25397 0.373067 0.892368 0.395438 
1534336022429 0.151538 0.895732 -0.417971 -0.591367 -0.955127 0.241567 0.171402 -0.22802 0.254498 0.373241 0.892145 0.395622 
1534336022513 0.151018 0.89547 -0.418721 -0.591401 -0.955022 0.241515 0.172056 -0.228077 0.255198 0.373905 0.891667 0.39579 
1534336022527 0.150938 0.895435 -0.418824 -0.591404 -0.955018 0.241486 0.172117 -0.228077 0.25526 0.374006 0.891607 0.395799 
1534336022545 0.150712 0.895367 -0.419051 -0.59141 -0.955018 0.241379 0.17227 -0.228077 0.255395 0.374238 0.89147 0.395823 
1534336022560 0.150534 0.895334 -0.419186 -0.591414 -0.955026 0.241274 0.172373 -0.228077 0.25547 0.374386 0.891387 0.395845 
1534336022576 0.150358 0.8953 -0.41932 -0.59142 -0.955035 0.241168 0.172471 -0.228074 0.25554 0.374533 0.891305 0.395865 
1534336022597 0.150208 0.895278 -0.419422 -0.591424 -0.955046 0.24107 0.172545 -0.228072 0.255586 0.37465 0.891243 0.395883 
1534336022613 0.150131 0.895269 -0.419469 -0.591426 -0.955047 0.241026 0.172602 -0.22807 0.255628 0.3747 0.891209 0.395908 
1534336022630 0.150164 0.895276 -0.419443 -0.591422 -0.955036 0.241059 0.172615 -0.22807 0.255649 0.374663 0.891219 0.395923 
1534336022647 0.150179 0.895308 -0.419369 -0.591417 -0.955051 0.241033 0.17257 -0.228064 0.255586 0.374603 0.891263 0.395918 
1534336022663 0.150246 0.895322 -0.419313 -0.591417 -0.95507 0.241041 0.172457 -0.228053 0.255476 0.374563 0.891311 0.395899 
1534336022683 0.150414 0.895397 -0.419093 -0.591399 -0.955105 0.24106 0.172236 -0.228044 0.255246 0.374371 0.891457 0.395869 
1534336022700 0.150525 0.895443 -0.418956 -0.591393 -0.955157 0.241031 0.171984 -0.228036 0.254983 0.374281 0.89157 0.395846 
1534336022717 0.150588 0.895445 -0.418928 -0.591401 -0.95522 0.240976 0.171715 -0.228031 0.254713 0.37431 0.891635 0.395824 
1534336022733 0.150613 0.895432 -0.418947 -0.591418 -0.95529 0.240893 0.171441 -0.228021 0.254435 0.374395 0.891679 0.395808 
1534336022750 0.15062 0.895433 -0.418943 -0.59143 -0.955337 0.240827 0.171268 -0.228011 0.254252 0.374435 0.891714 0.395804 
1534336022767 0.150522 0.89543 -0.418985 -0.591444 -0.955393 0.240687 0.171153 -0.228003 0.2541 0.374533 0.891717 0.395799 
1534336022783 0.150341 0.895388 -0.419139 -0.59147 -0.955444 0.240521 0.171106 -0.227989 0.254018 0.374739 0.891653 0.395796 
1534336022801 0.150233 0.895348 -0.419263 -0.591482 -0.955445 0.24047 0.171169 -0.227988 0.254076 0.374867 0.891583 0.39579 
1534336022817 0.150151 0.895339 -0.419311 -0.591484 -0.95544 0.240432 0.171253 -0.227988 0.254145 0.374913 0.891544 0.395791 
1534336022833 0.150097 0.89535 -0.419308 -0.591479 -0.955426 0.240415 0.171352 -0.227985 0.254228 0.374899 0.891526 0.395786 
1534336022853 0.150051 0.895375 -0.419272 -0.591471 -0.955418 0.24039 0.171433 -0.227978 0.254285 0.374856 0.891528 0.395782 
1534336022870 0.15003 0.895394 -0.419238 -0.591467 -0.955419 0.240368 0.171459 -0.227973 0.254295 0.374823 0.891539 0.395782 
1534336022887 0.150036 0.895406 -0.419209 -0.591465 -0.955438 0.240338 0.171395 -0.227972 0.25422 0.374813 0.891564 0.395764 
1534336022903 0.150051 0.895475 -0.419058 -0.591453 -0.955489 0.240244 0.171243 -0.227963 0.25402 0.37471 0.891665 0.395735 
1534336022920 0.150108 0.895507 -0.418969 -0.591453 -0.955553 0.240171 0.170988 -0.227957 0.253745 0.37468 0.891756 0.395701 
1534336022937 0.150182 0.895513 -0.418929 -0.591461 -0.955627 0.240104 0.17067 -0.227952 0.253423 0.374708 0.891835 0.395659 
1534336022953 0.150221 0.895505 -0.418932 -0.591472 -0.955677 0.240056 0.170453 -0.227945 0.253208 0.374758 0.891876 0.395628 
1534336022971 0.150247 0.895495 -0.418946 -0.591483 -0.955703 0.240038 0.170335 -0.227943 0.253097 0.374795 0.891892 0.395611 
1534336022987 0.150268 0.895492 -0.418943 -0.591488 -0.955695 0.240063 0.170345 -0.227953 0.253116 0.374784 0.891891 0.395615 
1534336023009 0.150303 0.895485 -0.418946 -0.591494 -0.955673 0.24012 0.170388 -0.227973 0.253177 0.374765 0.891881 0.395622 
1534336023026 0.150335 0.895479 -0.418948 -0.591509 -0.955661 0.240159 0.170399 -0.227984 0.253203 0.374755 0.891878 0.395636 
1534336023043 0.150377 0.895495 -0.418897 -0.591526 -0.95565 0.240194 0.17041 -0.227995 0.253218 0.374693 0.8919 0.395658 
1534336023060 0.150397 0.895504 -0.418871 -0.591543 -0.955652 0.240199 0.170392 -0.227993 0.253199 0.374669 0.891916 0.39566 
1534336023076 0.15044 0.895507 -0.41885 -0.591568 -0.955682 0.240181 0.170253 -0.227986 0.253062 0.374674 0.891952 0.395646 
1534336023093 0.150476 0.895517 -0.418816 -0.59159 -0.955725 0.240134 0.170076 -0.22797 0.252878 0.374681 0.892002 0.395633 
