1537350029902 0.0974653 0.951431 -0.292026 -0.57139 -0.993814 0.108737 0.022577 -0.308937 0.0532344 0.28802 0.956144 0.42735 
1537350030747 0.0974653 0.951431 -0.292026 -0.57139 -0.993814 0.108737 0.022577 -0.308937 0.0532344 0.28802 0.956144 0.42735 
1537350031638 0.115667 0.946598 -0.300956 -0.584351 -0.988908 0.138166 0.0545066 -0.30416 0.0931778 0.291313 0.952079 0.417938 
1537350032531 0.124827 0.943892 -0.305755 -0.591167 -0.985584 0.153433 0.0712881 -0.301451 0.114201 0.292449 0.949438 0.413075 
1537350033422 0.13366 0.941096 -0.310601 -0.597852 -0.981785 0.168446 0.0878893 -0.298851 0.135032 0.293196 0.946469 0.408277 
1537350034328 0.142579 0.938099 -0.315662 -0.604448 -0.977554 0.183443 0.103621 -0.296466 0.155113 0.293802 0.943197 0.403505 
1537350035341 0.151341 0.93499 -0.320764 -0.611175 -0.972711 0.198601 0.119961 -0.293807 0.175867 0.293856 0.939532 0.398628 
1537350036178 0.15987 0.931756 -0.325995 -0.617822 -0.967445 0.213526 0.135856 -0.29128 0.196193 0.293663 0.935559 0.393911 
1537350037014 0.168343 0.92832 -0.331486 -0.624484 -0.961659 0.228528 0.151616 -0.288725 0.216502 0.293253 0.931198 0.389021 
1537350037866 0.176914 0.924696 -0.337104 -0.631296 -0.955143 0.243949 0.167903 -0.28608 0.237496 0.292278 0.926374 0.384138 
1537350037930 0.176914 0.924696 -0.337104 -0.631296 -0.955143 0.243949 0.167903 -0.28608 0.237496 0.292278 0.926374 0.384138 
1537350038221 0.176906 0.924743 -0.336978 -0.631514 -0.954888 0.244233 0.168934 -0.28571 0.238522 0.291891 0.926233 0.384009 
1537350038517 0.17844 0.924018 -0.338156 -0.632449 -0.953992 0.246629 0.17051 -0.285666 0.240953 0.292172 0.925514 0.383249 
1537350038861 0.179175 0.923673 -0.338711 -0.633152 -0.953296 0.248093 0.17227 -0.285347 0.243153 0.292025 0.924985 0.382754 
1537350039155 0.180118 0.923313 -0.339192 -0.633797 -0.952571 0.249718 0.173922 -0.285091 0.245287 0.291778 0.9245 0.382311 
1537350039473 0.180899 0.922952 -0.339757 -0.634469 -0.951905 0.251169 0.175472 -0.284857 0.247289 0.291674 0.923999 0.381805 
1537350039740 0.181646 0.92259 -0.340343 -0.63511 -0.951259 0.252571 0.176961 -0.284604 0.249223 0.29161 0.9235 0.381334 
1537350040013 0.182649 0.922175 -0.340929 -0.635803 -0.950495 0.254286 0.178598 -0.284339 0.251392 0.29143 0.922968 0.380843 
1537350040337 0.183184 0.921898 -0.34139 -0.636522 -0.949829 0.255526 0.180368 -0.28393 0.253514 0.291222 0.922453 0.380339 
1537350040689 0.184159 0.921477 -0.342001 -0.637247 -0.949041 0.25724 0.182066 -0.283679 0.255746 0.291044 0.921893 0.379846 
1537350040732 0.184159 0.921477 -0.342001 -0.637247 -0.949041 0.25724 0.182066 -0.283679 0.255746 0.291044 0.921893 0.379846 
1537350041094 0.184142 0.921384 -0.342262 -0.637528 -0.948779 0.257578 0.182951 -0.283411 0.256728 0.291042 0.921621 0.379643 
1537350041427 0.184575 0.921327 -0.342183 -0.637365 -0.949043 0.257571 0.181592 -0.283678 0.255442 0.291229 0.921919 0.37985 
1537350041778 0.1849 0.921201 -0.342345 -0.637563 -0.949033 0.257845 0.181252 -0.283581 0.255241 0.291384 0.921926 0.379745 
1537350042156 0.185295 0.921075 -0.342472 -0.63772 -0.949026 0.258158 0.180841 -0.283535 0.25498 0.291506 0.92196 0.37979 
1537350042510 0.185536 0.920989 -0.342573 -0.637877 -0.949043 0.25833 0.180509 -0.283424 0.254743 0.291625 0.921987 0.37969 
1537350042913 0.185731 0.920899 -0.342707 -0.638017 -0.949044 0.258494 0.180269 -0.28333 0.254597 0.291763 0.921984 0.379761 
1537350043281 0.186296 0.920789 -0.342697 -0.638147 -0.949017 0.258923 0.179795 -0.28335 0.254285 0.29173 0.92208 0.379788 
1537350043574 0.186581 0.920604 -0.34304 -0.638332 -0.948984 0.259229 0.179527 -0.283265 0.254199 0.292043 0.922005 0.379689 
1537350043909 0.186787 0.920535 -0.343113 -0.638466 -0.949015 0.259354 0.179185 -0.283158 0.253933 0.29215 0.922045 0.37969 
1537350043977 0.186787 0.920535 -0.343113 -0.638466 -0.949015 0.259354 0.179185 -0.283158 0.253933 0.29215 0.922045 0.37969 
1537350044160 0.187405 0.920349 -0.343273 -0.638585 -0.949004 0.259834 0.178545 -0.283258 0.253517 0.292307 0.922109 0.379654 
1537350044253 0.186711 0.920577 -0.343042 -0.638556 -0.949179 0.259097 0.178686 -0.283207 0.253376 0.292245 0.922168 0.379679 
1537350044377 0.186653 0.920701 -0.342739 -0.638522 -0.949201 0.258971 0.178748 -0.283204 0.253333 0.291964 0.922269 0.379728 
1537350044511 0.186674 0.920682 -0.342778 -0.638583 -0.949214 0.258979 0.178668 -0.283296 0.253269 0.292017 0.922269 0.379699 
1537350044654 0.186609 0.920868 -0.342315 -0.638681 -0.949338 0.258701 0.178413 -0.28333 0.252852 0.291679 0.922491 0.379763 
1537350044799 0.186498 0.921009 -0.341996 -0.638755 -0.949493 0.258381 0.178053 -0.283366 0.252353 0.291516 0.922679 0.379816 
1537350044906 0.186373 0.921157 -0.341666 -0.638829 -0.949643 0.258055 0.177722 -0.283399 0.251879 0.291338 0.922865 0.379882 
1537350045026 0.1862 0.921258 -0.341486 -0.638882 -0.949757 0.257766 0.177532 -0.283431 0.251576 0.291273 0.922968 0.379846 
1537350045123 0.18644 0.921234 -0.34142 -0.638925 -0.949777 0.2579 0.177231 -0.28361 0.251324 0.29123 0.92305 0.379831 
1537350045170 0.185985 0.921425 -0.341153 -0.639062 -0.949994 0.257276 0.176977 -0.283528 0.250841 0.291178 0.923198 0.37981 
1537350045186 0.185985 0.921425 -0.341153 -0.639062 -0.949994 0.257276 0.176977 -0.283528 0.250841 0.291178 0.923198 0.37981 
1537350045409 0.18589 0.921489 -0.341031 -0.639076 -0.950057 0.257112 0.176873 -0.283533 0.25067 0.29112 0.923262 0.379833 
1537350045563 0.186365 0.921473 -0.340817 -0.638981 -0.950032 0.257436 0.176539 -0.283769 0.250414 0.290886 0.923406 0.379811 
1537350045724 0.18617 0.92156 -0.340688 -0.639018 -0.950133 0.257157 0.176404 -0.283818 0.250177 0.290857 0.923479 0.37974 
1537350045870 0.186241 0.921612 -0.340509 -0.639071 -0.950189 0.257107 0.176173 -0.283926 0.24991 0.290737 0.923589 0.379668 
1537350046021 0.186069 0.921768 -0.34018 -0.639129 -0.950318 0.256773 0.175964 -0.283961 0.249547 0.290538 0.92375 0.379667 
1537350046173 0.185799 0.921969 -0.339781 -0.639178 -0.950467 0.256332 0.175802 -0.283946 0.249181 0.290287 0.923928 0.379687 
1537350046325 0.185645 0.922116 -0.339468 -0.639256 -0.950647 0.255954 0.175382 -0.284062 0.24861 0.290156 0.924123 0.379658 
1537350046493 0.185645 0.922254 -0.339092 -0.639257 -0.950761 0.255748 0.175058 -0.284129 0.24817 0.289897 0.924322 0.379628 
1537350046536 0.185483 0.922396 -0.338795 -0.639344 -0.950943 0.255365 0.174632 -0.284203 0.247596 0.289783 0.924512 0.379561 
1537350046554 0.185483 0.922396 -0.338795 -0.639344 -0.950943 0.255365 0.174632 -0.284203 0.247596 0.289783 0.924512 0.379561 
1537350046869 0.185739 0.922398 -0.33865 -0.63927 -0.950904 0.255564 0.174551 -0.28415 0.247552 0.289602 0.92458 0.379571 
1537350047009 0.186199 0.92219 -0.338963 -0.639197 -0.95074 0.256141 0.174602 -0.284186 0.247838 0.289755 0.924456 0.379591 
1537350047171 0.186497 0.922186 -0.33881 -0.639219 -0.950663 0.256412 0.174624 -0.284103 0.24791 0.289527 0.924508 0.379597 
1537350047336 0.186873 0.922119 -0.338786 -0.639235 -0.950671 0.256664 0.17421 -0.28406 0.247597 0.289518 0.924595 0.379439 
1537350047504 0.187222 0.922118 -0.338593 -0.639201 -0.950668 0.256877 0.173909 -0.28405 0.247342 0.28933 0.924722 0.379464 
1537350047663 0.187802 0.922094 -0.338337 -0.639161 -0.950607 0.257309 0.173606 -0.284067 0.247139 0.289022 0.924872 0.37949 
1537350047857 0.188272 0.922069 -0.338146 -0.639131 -0.950556 0.257663 0.173356 -0.284085 0.246974 0.288789 0.924989 0.379508 
1537350048013 0.188766 0.922012 -0.338026 -0.639104 -0.950507 0.258046 0.173058 -0.284086 0.246788 0.288629 0.925089 0.379453 
1537350048057 0.189089 0.921996 -0.33789 -0.639077 -0.950481 0.258278 0.172854 -0.284073 0.24664 0.288473 0.925177 0.379431 
1537350048307 0.189179 0.921994 -0.337844 -0.639068 -0.950477 0.258337 0.172786 -0.284071 0.246585 0.288426 0.925206 0.379409 
1537350048526 0.189323 0.921921 -0.337963 -0.638891 -0.950445 0.258498 0.172722 -0.284053 0.246599 0.288515 0.925174 0.3795 
1537350048727 0.1897 0.921988 -0.337568 -0.638769 -0.95038 0.258765 0.17268 -0.283811 0.24656 0.28806 0.925327 0.379636 
1537350048905 0.190358 0.921863 -0.337538 -0.638558 -0.950288 0.259329 0.172339 -0.283817 0.246406 0.287952 0.925401 0.379636 
1537350049091 0.190763 0.921818 -0.337433 -0.638384 -0.950247 0.259642 0.172094 -0.283684 0.246252 0.287816 0.925485 0.37971 
1537350049312 0.191359 0.921732 -0.33733 -0.638229 -0.950162 0.26014 0.171813 -0.28362 0.246119 0.28764 0.925575 0.379744 
1537350049525 0.192007 0.921655 -0.337172 -0.637972 -0.950105 0.260631 0.171382 -0.28361 0.245832 0.287442 0.925712 0.379797 
1537350049709 0.192379 0.921655 -0.336961 -0.637874 -0.950054 0.260913 0.171239 -0.283414 0.245741 0.287188 0.925816 0.379853 
1537350049884 0.193148 0.921537 -0.336843 -0.637615 -0.949952 0.261547 0.170835 -0.283486 0.245532 0.286988 0.925933 0.37992 
1537350049917 0.19341 0.921517 -0.336748 -0.637511 -0.949948 0.261718 0.170595 -0.283318 0.245339 0.286898 0.926012 0.379962 
1537350050109 0.19343 0.921508 -0.33676 -0.637497 -0.94995 0.261731 0.170561 -0.283275 0.245314 0.286913 0.926014 0.37997 
1537350050320 0.19343 0.921508 -0.33676 -0.637497 -0.94995 0.261731 0.170561 -0.283275 0.245314 0.286913 0.926014 0.37997 
1537350050569 0.193088 0.921566 -0.336797 -0.637156 -0.950002 0.261439 0.170722 -0.283238 0.245384 0.286993 0.925971 0.380117 
1537350050816 0.193612 0.921479 -0.336735 -0.636527 -0.949869 0.261949 0.170682 -0.283046 0.245487 0.286808 0.926001 0.380398 
1537350051009 0.193612 0.921479 -0.336735 -0.636527 -0.949869 0.261949 0.170682 -0.283046 0.245487 0.286808 0.926001 0.380398 
1537350051261 0.193644 0.921512 -0.336627 -0.636186 -0.9499 0.261915 0.170559 -0.28292 0.24534 0.286734 0.926063 0.380519 
1537350051497 0.193807 0.921484 -0.336611 -0.635874 -0.949883 0.262045 0.170453 -0.282801 0.245277 0.286706 0.926088 0.380687 
1537350051721 0.194183 0.921398 -0.33663 -0.63552 -0.949841 0.262361 0.170203 -0.282845 0.245143 0.286694 0.926127 0.38077 
1537350051925 0.194151 0.921451 -0.336501 -0.635182 -0.949865 0.262287 0.170183 -0.28265 0.245075 0.28659 0.926177 0.380926 
1537350051977 0.194307 0.921411 -0.336522 -0.634834 -0.94982 0.262452 0.170181 -0.282466 0.245128 0.286568 0.92617 0.381035 
1537350051992 0.194307 0.921411 -0.336522 -0.634834 -0.94982 0.262452 0.170181 -0.282466 0.245128 0.286568 0.92617 0.381035 
1537350052206 0.194333 0.921429 -0.336457 -0.634714 -0.949814 0.262465 0.170192 -0.282422 0.245128 0.286498 0.926192 0.381072 
1537350052541 0.194251 0.921426 -0.336514 -0.634191 -0.949783 0.262455 0.170384 -0.282332 0.245316 0.286517 0.926136 0.381257 
1537350052787 0.194402 0.921389 -0.336526 -0.633759 -0.949651 0.262717 0.170715 -0.28217 0.245706 0.286395 0.926071 0.381392 
1537350053101 0.194452 0.921384 -0.336511 -0.63335 -0.94957 0.262842 0.170968 -0.282048 0.245977 0.286296 0.926029 0.381549 
1537350053373 0.194618 0.921374 -0.336442 -0.632887 -0.949447 0.263088 0.171272 -0.281897 0.24632 0.286102 0.925998 0.381712 
1537350053627 0.194675 0.921326 -0.336542 -0.632392 -0.949346 0.263265 0.171565 -0.28182 0.246667 0.286095 0.925908 0.38187 
1537350053925 0.194621 0.921361 -0.336476 -0.631867 -0.949253 0.263322 0.17199 -0.281544 0.247066 0.285928 0.925853 0.382077 
1537350054161 0.194679 0.921341 -0.336498 -0.631563 -0.949174 0.263458 0.172217 -0.281425 0.247324 0.285868 0.925802 0.382185 
1537350054314 0.194672 0.921379 -0.336398 -0.631017 -0.949084 0.263539 0.172591 -0.281213 0.247676 0.285671 0.925769 0.382397 
1537350054589 0.194518 0.921429 -0.336349 -0.630804 -0.949078 0.263429 0.17279 -0.281065 0.247818 0.28561 0.92575 0.38248 
1537350054829 0.194437 0.921447 -0.336346 -0.630486 -0.94903 0.263426 0.173055 -0.280889 0.248064 0.285555 0.925701 0.382608 
1537350055069 0.194437 0.921447 -0.336346 -0.630486 -0.94903 0.263426 0.173055 -0.280889 0.248064 0.285555 0.925701 0.382608 
1537350055315 0.194669 0.921416 -0.336299 -0.630132 -0.948921 0.263705 0.173228 -0.280907 0.248299 0.285399 0.925686 0.382706 
1537350055591 0.194595 0.921453 -0.336238 -0.629769 -0.948847 0.263727 0.173602 -0.28073 0.248641 0.285257 0.925638 0.38283 
1537350055839 0.194654 0.921393 -0.336371 -0.628966 -0.948652 0.264016 0.174224 -0.280478 0.249336 0.285185 0.925473 0.383078 
1537350056083 0.194654 0.921393 -0.336371 -0.628966 -0.948652 0.264016 0.174224 -0.280478 0.249336 0.285185 0.925473 0.383078 
1537350056316 0.194625 0.921451 -0.336228 -0.628647 -0.948554 0.264082 0.174661 -0.280314 0.249733 0.284937 0.925443 0.383169 
1537350056576 0.194713 0.921422 -0.336257 -0.628206 -0.948453 0.264264 0.174932 -0.280257 0.250047 0.284862 0.925381 0.383302 
1537350056662 0.194735 0.921372 -0.33638 -0.627926 -0.948365 0.264402 0.175199 -0.280153 0.250363 0.284894 0.925286 0.383376 
1537350056852 0.194859 0.921393 -0.336253 -0.627675 -0.948293 0.264547 0.175369 -0.280079 0.250538 0.284694 0.9253 0.383466 
1537350057022 0.194859 0.921393 -0.336253 -0.627675 -0.948293 0.264547 0.175369 -0.280079 0.250538 0.284694 0.9253 0.383466 
1537350057259 0.194684 0.921437 -0.336232 -0.627439 -0.948263 0.264455 0.175674 -0.279936 0.250791 0.284636 0.925249 0.383557 
1537350057435 0.194927 0.921362 -0.336298 -0.62715 -0.94815 0.264766 0.175813 -0.279951 0.251027 0.28459 0.925199 0.383641 
1537350057700 0.194996 0.921323 -0.336364 -0.626536 -0.948018 0.264977 0.176208 -0.279867 0.251474 0.284519 0.9251 0.383804 
1537350057889 0.194676 0.921365 -0.336433 -0.626271 -0.947996 0.26479 0.176606 -0.279568 0.251803 0.284556 0.924999 0.383905 
1537350058061 0.194676 0.921365 -0.336433 -0.626271 -0.947996 0.26479 0.176606 -0.279568 0.251803 0.284556 0.924999 0.383905 
1537350058253 0.194893 0.921316 -0.336441 -0.625943 -0.947855 0.265104 0.176892 -0.279531 0.252166 0.284422 0.924941 0.384004 
1537350058429 0.194815 0.921337 -0.33643 -0.625383 -0.947758 0.265156 0.177335 -0.279349 0.252591 0.284306 0.924861 0.384188 
1537350058462 0.194815 0.921337 -0.33643 -0.625383 -0.947758 0.265156 0.177335 -0.279349 0.252591 0.284306 0.924861 0.384188 
1537350058479 0.194978 0.921323 -0.336375 -0.6252 -0.947681 0.265347 0.17746 -0.279326 0.252754 0.284175 0.924857 0.38426 
1537350058495 0.195048 0.921288 -0.33643 -0.625148 -0.947648 0.265443 0.177489 -0.279337 0.252822 0.284199 0.924831 0.384276 
1537350058692 0.194821 0.921331 -0.336444 -0.625127 -0.947682 0.265248 0.177603 -0.279234 0.252873 0.284241 0.924804 0.384295 
1537350058866 0.194648 0.9214 -0.336354 -0.624907 -0.947687 0.265103 0.177791 -0.279089 0.252985 0.284152 0.924801 0.384389 
1537350058927 0.194666 0.921397 -0.336353 -0.624637 -0.947623 0.265188 0.178007 -0.279034 0.253212 0.284084 0.924759 0.384478 
1537350059153 0.195115 0.921239 -0.336525 -0.62432 -0.947419 0.265766 0.17823 -0.279126 0.253629 0.284055 0.924654 0.384548 
1537350059242 0.194776 0.921362 -0.336384 -0.624152 -0.947435 0.265482 0.178568 -0.278832 0.253829 0.283921 0.92464 0.384634 
1537350059325 0.194827 0.921384 -0.336295 -0.623826 -0.947377 0.265566 0.178753 -0.278831 0.254008 0.283772 0.924637 0.38473 
1537350059458 0.1951 0.921245 -0.336518 -0.623538 -0.947233 0.265962 0.178924 -0.2789 0.254334 0.283853 0.924522 0.384796 
1537350059635 0.194863 0.921382 -0.33628 -0.623278 -0.947224 0.265758 0.179273 -0.278641 0.254548 0.283599 0.924542 0.38491 
1537350059650 0.194914 0.92137 -0.336282 -0.62325 -0.947202 0.265819 0.179301 -0.278637 0.254593 0.283578 0.924535 0.384923 
1537350059845 0.195018 0.921362 -0.336243 -0.623091 -0.947143 0.265951 0.179418 -0.278631 0.254734 0.283481 0.924527 0.384992 
1537350060001 0.194563 0.921499 -0.336132 -0.622967 -0.947203 0.265541 0.179706 -0.278423 0.254856 0.283421 0.924511 0.385082 
1537350060161 0.195114 0.921378 -0.336144 -0.622649 -0.94702 0.266137 0.179792 -0.278557 0.255116 0.283255 0.92449 0.385169 
1537350060297 0.194796 0.921434 -0.336175 -0.622475 -0.947023 0.265914 0.180103 -0.278339 0.255347 0.283282 0.924418 0.385224 
1537350060441 0.194796 0.921434 -0.336175 -0.622475 -0.947023 0.265914 0.180103 -0.278339 0.255347 0.283282 0.924418 0.385224 
1537350060641 0.194648 0.92144 -0.336244 -0.622124 -0.946972 0.26588 0.180424 -0.278182 0.25565 0.283294 0.924331 0.385348 
1537350060803 0.194998 0.921329 -0.336346 -0.621862 -0.946833 0.266301 0.180529 -0.278248 0.255895 0.283261 0.924273 0.385414 
1537350060932 0.194797 0.921429 -0.336188 -0.621665 -0.946836 0.266125 0.180775 -0.278045 0.25604 0.2831 0.924282 0.385498 
1537350060963 0.194864 0.921373 -0.336302 -0.621535 -0.946786 0.26625 0.180853 -0.278048 0.256174 0.283164 0.924226 0.385536 
1537350061150 0.194902 0.921355 -0.336331 -0.621514 -0.946771 0.266299 0.180859 -0.27806 0.2562 0.283178 0.924214 0.385541 
1537350061293 0.194895 0.921385 -0.336252 -0.621457 -0.946758 0.266293 0.180936 -0.27802 0.256253 0.283086 0.924228 0.385559 
1537350061454 0.194623 0.921513 -0.336059 -0.621381 -0.946819 0.265995 0.181054 -0.27789 0.256233 0.28295 0.924275 0.385604 
1537350061612 0.194951 0.921348 -0.336321 -0.621189 -0.946675 0.266438 0.181156 -0.277933 0.256517 0.28307 0.924159 0.385654 
1537350061761 0.194793 0.921446 -0.336144 -0.621011 -0.94669 0.266275 0.181318 -0.277821 0.256582 0.282905 0.924192 0.385715 
1537350061899 0.195173 0.92134 -0.336215 -0.620762 -0.946553 0.266709 0.181395 -0.277928 0.256798 0.282842 0.924151 0.385758 
1537350062043 0.194756 0.92141 -0.336263 -0.620656 -0.94657 0.266403 0.181752 -0.277656 0.25705 0.2829 0.924063 0.385811 
1537350062198 0.195039 0.921351 -0.336262 -0.620418 -0.946466 0.266719 0.181833 -0.27771 0.257219 0.282796 0.924048 0.385864 
1537350062367 0.195122 0.921342 -0.336238 -0.620243 -0.94642 0.266823 0.181919 -0.277709 0.257325 0.282726 0.92404 0.385908 
1537350062425 0.195059 0.921324 -0.336325 -0.620116 -0.94639 0.266828 0.182065 -0.277634 0.257482 0.282782 0.923979 0.385938 
1537350062625 0.195018 0.921336 -0.336316 -0.620075 -0.946392 0.266796 0.182106 -0.277604 0.257509 0.282773 0.923975 0.385954 
1537350062773 0.195071 0.921314 -0.336345 -0.620037 -0.946361 0.266874 0.182154 -0.277583 0.257583 0.28277 0.923955 0.385962 
1537350062957 0.195044 0.921422 -0.336065 -0.619786 -0.946353 0.266808 0.18229 -0.277482 0.257631 0.282482 0.924029 0.386063 
1537350063147 0.195251 0.921336 -0.336181 -0.619558 -0.946248 0.267092 0.182418 -0.277455 0.25786 0.282494 0.923962 0.386142 
1537350063285 0.195263 0.92134 -0.336163 -0.619323 -0.946203 0.267146 0.182571 -0.277373 0.258014 0.282429 0.923939 0.386232 
1537350063455 0.19522 0.921381 -0.336074 -0.619062 -0.946187 0.267116 0.1827 -0.277322 0.258107 0.282322 0.923945 0.386327 
1537350063617 0.195204 0.921393 -0.33605 -0.618846 -0.946153 0.267137 0.182846 -0.277238 0.258245 0.282262 0.923925 0.386411 
1537350063797 0.195092 0.921394 -0.336114 -0.618645 -0.946123 0.267102 0.183049 -0.277092 0.258437 0.282294 0.923862 0.386495 
1537350063949 0.195371 0.921383 -0.335981 -0.618354 -0.946026 0.26738 0.183146 -0.27709 0.258582 0.282065 0.923891 0.386592 
1537350063982 0.195525 0.921317 -0.336072 -0.618303 -0.945971 0.267568 0.183158 -0.277122 0.258669 0.282102 0.923856 0.3866 
1537350063999 0.195471 0.92134 -0.336041 -0.618266 -0.945979 0.267515 0.183193 -0.277089 0.258679 0.282079 0.923859 0.386616 
1537350064128 0.195471 0.92134 -0.336041 -0.618266 -0.945979 0.267515 0.183193 -0.277089 0.258679 0.282079 0.923859 0.386616 
1537350064239 0.195261 0.921425 -0.33593 -0.617984 -0.945979 0.267343 0.183443 -0.276894 0.258838 0.281963 0.923851 0.386733 
1537350064420 0.195513 0.921411 -0.335821 -0.617611 -0.945875 0.267614 0.183586 -0.276887 0.259029 0.281751 0.923862 0.386852 
1537350064605 0.195583 0.921378 -0.335872 -0.617316 -0.945789 0.267767 0.183803 -0.276775 0.259287 0.281716 0.9238 0.386958 
1537350064811 0.195507 0.921458 -0.335698 -0.617005 -0.945767 0.267702 0.184012 -0.276637 0.259426 0.281517 0.923822 0.387075 
1537350065009 0.195731 0.921418 -0.335675 -0.616689 -0.945663 0.26797 0.184156 -0.27661 0.259636 0.281391 0.923801 0.387181 
1537350065220 0.195688 0.921426 -0.335678 -0.616376 -0.945612 0.267995 0.184382 -0.27648 0.259855 0.28134 0.923755 0.387302 
1537350065421 0.195624 0.921486 -0.335551 -0.616098 -0.945584 0.267954 0.184584 -0.276334 0.260004 0.281183 0.923761 0.387412 
1537350065702 0.195864 0.9215 -0.335454 -0.615582 -0.945474 0.268126 0.184898 -0.276158 0.260328 0.280974 0.923733 0.387583 
1537350065939 0.195714 0.921499 -0.335463 -0.615562 -0.945472 0.268121 0.184914 -0.27615 0.260343 0.280981 0.923727 0.38759 
1537350066148 0.195714 0.921499 -0.335463 -0.615562 -0.945472 0.268121 0.184914 -0.27615 0.260343 0.280981 0.923727 0.38759 
1537350066390 0.196049 0.921469 -0.33535 -0.614912 -0.94527 0.268555 0.185317 -0.275969 0.260824 0.280665 0.923687 0.387795 
1537350066724 0.196317 0.921408 -0.335361 -0.614561 -0.945136 0.268893 0.185512 -0.275903 0.261108 0.280542 0.923644 0.387909 
1537350066942 0.196328 0.921431 -0.335291 -0.614269 -0.945067 0.26896 0.185765 -0.275676 0.26135 0.280402 0.923618 0.388002 
1537350067185 0.196435 0.921355 -0.335436 -0.613971 -0.944982 0.269157 0.185913 -0.275654 0.261577 0.280462 0.923536 0.388077 
1537350067391 0.196435 0.921355 -0.335436 -0.613971 -0.944982 0.269157 0.185913 -0.275654 0.261577 0.280462 0.923536 0.388077 
1537350067645 0.196517 0.921333 -0.335451 -0.613638 -0.944891 0.269316 0.186144 -0.275513 0.261843 0.280384 0.923484 0.388175 
1537350067953 0.196808 0.921318 -0.335321 -0.612963 -0.944717 0.269682 0.186495 -0.275319 0.262252 0.28008 0.92346 0.388349 
1537350067992 0.196808 0.921318 -0.335321 -0.612963 -0.944717 0.269682 0.186495 -0.275319 0.262252 0.28008 0.92346 0.388349 
1537350068185 0.196868 0.9213 -0.335334 -0.61279 -0.944671 0.269778 0.186593 -0.275292 0.262374 0.280046 0.923436 0.3884 
1537350068257 0.196868 0.9213 -0.335334 -0.61279 -0.944671 0.269778 0.186593 -0.275292 0.262374 0.280046 0.923436 0.3884 
1537350068461 0.196984 0.921236 -0.335444 -0.612467 -0.944533 0.27003 0.186928 -0.275168 0.262784 0.280016 0.923329 0.388484 
1537350068657 0.196977 0.921259 -0.335385 -0.612212 -0.944477 0.270072 0.187148 -0.275014 0.26299 0.279899 0.923305 0.388571 
1537350068857 0.196949 0.921226 -0.335491 -0.611866 -0.944387 0.27017 0.187459 -0.274824 0.263331 0.279913 0.923204 0.388694 
1537350069087 0.196999 0.921248 -0.335402 -0.611528 -0.944301 0.270279 0.187737 -0.27464 0.263604 0.279736 0.92318 0.388817 
1537350069315 0.197225 0.921157 -0.335516 -0.611177 -0.944169 0.270604 0.187933 -0.274629 0.263908 0.279719 0.923098 0.388927 
1537350069550 0.197169 0.921209 -0.335407 -0.610857 -0.944119 0.270594 0.188198 -0.274464 0.264129 0.279557 0.923084 0.389054 
1537350069755 0.197361 0.921141 -0.335481 -0.610542 -0.943998 0.270875 0.188403 -0.274403 0.264419 0.27951 0.923015 0.389162 
1537350069997 0.197426 0.921128 -0.335479 -0.610074 -0.943855 0.271071 0.188833 -0.274169 0.264878 0.279363 0.922928 0.389353 
1537350070270 0.197422 0.921123 -0.335496 -0.61003 -0.943839 0.271089 0.18889 -0.274137 0.26494 0.279363 0.92291 0.389376 
1537350070519 0.197422 0.921123 -0.335496 -0.61003 -0.943839 0.271089 0.18889 -0.274137 0.26494 0.279363 0.92291 0.389376 
1537350070789 0.197093 0.921206 -0.33546 -0.609436 -0.943828 0.270857 0.189273 -0.274042 0.265221 0.279313 0.922845 0.389554 
1537350071010 0.197093 0.921206 -0.33546 -0.609436 -0.943828 0.270857 0.189273 -0.274042 0.265221 0.279313 0.922845 0.389554 
1537350071302 0.197112 0.921128 -0.335665 -0.608891 -0.943684 0.271066 0.189697 -0.273978 0.265722 0.27937 0.922683 0.389664 
1537350071578 0.196883 0.921229 -0.33552 -0.608594 -0.943639 0.270918 0.190127 -0.273781 0.266049 0.279177 0.922647 0.389885 
1537350071845 0.196862 0.92126 -0.335449 -0.608236 -0.943573 0.270958 0.1904 -0.273684 0.2663 0.279038 0.922617 0.390016 
1537350072105 0.196708 0.921203 -0.335695 -0.608016 -0.943508 0.270967 0.190707 -0.273621 0.266642 0.279217 0.922464 0.390007 
1537350072426 0.196619 0.921219 -0.335704 -0.607708 -0.943461 0.270954 0.190959 -0.273515 0.266875 0.279178 0.922409 0.390123 
1537350072458 0.196619 0.921219 -0.335704 -0.607708 -0.943461 0.270954 0.190959 -0.273515 0.266875 0.279178 0.922409 0.390123 
1537350072470 0.196586 0.92121 -0.335747 -0.607429 -0.943426 0.270976 0.1911 -0.273519 0.267023 0.279185 0.922364 0.390213 
1537350072488 0.196597 0.921208 -0.335746 -0.607427 -0.943423 0.270987 0.1911 -0.273523 0.267026 0.279181 0.922364 0.390214 
1537350072504 0.196596 0.921208 -0.335746 -0.607429 -0.943422 0.270987 0.191104 -0.27352 0.267029 0.27918 0.922363 0.390213 
1537350072741 0.196227 0.921352 -0.335568 -0.607307 -0.943425 0.270682 0.19152 -0.273277 0.267289 0.279002 0.922342 0.390254 
1537350072823 0.196382 0.921275 -0.335688 -0.607041 -0.943274 0.270976 0.191849 -0.273293 0.26771 0.27897 0.922229 0.390346 
1537350072979 0.19589 0.921427 -0.335558 -0.606821 -0.943327 0.27054 0.192204 -0.273071 0.267883 0.27889 0.922203 0.390437 
1537350073069 0.19604 0.921395 -0.335558 -0.606593 -0.943244 0.270735 0.192337 -0.273084 0.268066 0.278807 0.922175 0.3905 
1537350073209 0.195803 0.921405 -0.335669 -0.606353 -0.943208 0.270625 0.192668 -0.27302 0.268366 0.278881 0.922066 0.390582 
1537350073269 0.195749 0.921416 -0.33567 -0.606111 -0.943135 0.270663 0.192972 -0.272999 0.268661 0.278808 0.922002 0.390634 
1537350073449 0.195278 0.921568 -0.335529 -0.605786 -0.943078 0.270352 0.193682 -0.27267 0.269202 0.278608 0.921904 0.390781 
1537350073659 0.1953 0.921564 -0.335527 -0.605733 -0.943061 0.270386 0.19372 -0.272682 0.269247 0.278589 0.921897 0.390794 
1537350073905 0.195532 0.921414 -0.335802 -0.605821 -0.942928 0.270748 0.193862 -0.272743 0.269545 0.278731 0.921767 0.390737 
1537350074114 0.195286 0.921572 -0.335512 -0.605654 -0.942975 0.270461 0.194031 -0.272652 0.269556 0.278488 0.921837 0.39082 
1537350074334 0.195347 0.921602 -0.335394 -0.605524 -0.942928 0.270529 0.194168 -0.272651 0.269679 0.278322 0.921851 0.390875 
1537350074561 0.195551 0.921526 -0.335484 -0.60536 -0.942796 0.270831 0.194387 -0.272727 0.269992 0.278281 0.921772 0.390889 
1537350074782 0.19536 0.921533 -0.335578 -0.60527 -0.942739 0.270772 0.194745 -0.272569 0.270328 0.278317 0.921663 0.390913 
1537350075019 0.195342 0.921577 -0.335465 -0.605102 -0.942702 0.270774 0.194923 -0.272531 0.270472 0.278167 0.921666 0.390982 
1537350075250 0.195395 0.921595 -0.335386 -0.604954 -0.942642 0.270857 0.195097 -0.272519 0.270642 0.278028 0.921658 0.391034 
1537350075481 0.195576 0.921468 -0.33563 -0.604783 -0.942464 0.271221 0.195449 -0.272584 0.27113 0.278094 0.921495 0.391019 
1537350075514 0.195576 0.921468 -0.33563 -0.604783 -0.942464 0.271221 0.195449 -0.272584 0.27113 0.278094 0.921495 0.391019 
1537350075746 0.195453 0.921535 -0.335518 -0.604637 -0.942464 0.271109 0.195606 -0.272473 0.27122 0.277982 0.921502 0.391035 
1537350075988 0.19569 0.921409 -0.335725 -0.604761 -0.942416 0.271373 0.195472 -0.272632 0.271216 0.278141 0.921455 0.390979 
1537350076201 0.195455 0.921492 -0.335633 -0.604763 -0.942469 0.271131 0.195553 -0.272512 0.271201 0.278102 0.921471 0.391002 
1537350076425 0.195456 0.921498 -0.335615 -0.604735 -0.942469 0.271126 0.195556 -0.272521 0.271199 0.278085 0.921477 0.391011 
1537350076623 0.195511 0.921491 -0.335604 -0.604685 -0.942458 0.271175 0.195541 -0.272568 0.271197 0.278063 0.921484 0.391023 
1537350076852 0.195421 0.921537 -0.335531 -0.604638 -0.942469 0.271083 0.195616 -0.272527 0.271224 0.278 0.921495 0.391044 
1537350077074 0.19535 0.921572 -0.335475 -0.604607 -0.942476 0.271013 0.195679 -0.272491 0.27125 0.277951 0.921502 0.39106 
1537350077321 0.195332 0.921588 -0.33544 -0.604583 -0.942476 0.270993 0.195709 -0.272474 0.271265 0.277916 0.921508 0.391071 
1537350077525 0.195335 0.921603 -0.335398 -0.604537 -0.942472 0.27099 0.195732 -0.272471 0.271277 0.277869 0.921519 0.391087 
1537350077567 0.195335 0.921603 -0.335398 -0.604537 -0.942472 0.27099 0.195732 -0.272471 0.271277 0.277869 0.921519 0.391087 
1537350077597 0.195426 0.921599 -0.335356 -0.604472 -0.942423 0.271098 0.19582 -0.272504 0.271382 0.277779 0.921515 0.3911 
1537350078762 0.195975 0.921564 -0.335133 -0.590112 -0.942755 0.271105 0.194202 -0.261524 0.269826 0.27789 0.921939 0.400195 
1537350079798 0.197541 0.921124 -0.335423 -0.575414 -0.943003 0.272034 0.191685 -0.250844 0.267813 0.278439 0.92236 0.409557 
1537350080777 0.198716 0.920852 -0.335476 -0.560833 -0.943221 0.272658 0.189713 -0.240049 0.266168 0.278729 0.922748 0.418744 
1537350081785 0.200174 0.920473 -0.335649 -0.546144 -0.943425 0.273518 0.187448 -0.229299 0.264347 0.279137 0.923149 0.428101 
1537350082756 0.201299 0.920229 -0.335644 -0.531573 -0.943712 0.274011 0.185269 -0.218428 0.26246 0.279456 0.92359 0.43735 
1537350083777 0.202626 0.919851 -0.335882 -0.516977 -0.943918 0.274778 0.183075 -0.207696 0.260695 0.27995 0.923941 0.446635 
1537350084737 0.204118 0.91954 -0.335831 -0.502285 -0.944125 0.275593 0.180765 -0.197011 0.258773 0.28017 0.924414 0.456031 
1537350085841 0.205861 0.919056 -0.336091 -0.487477 -0.944261 0.276717 0.17832 -0.186316 0.256888 0.280648 0.924795 0.465468 
1537350109821 0.207376 0.918603 -0.336399 -0.472688 -0.944518 0.27755 0.175647 -0.175613 0.254717 0.28131 0.925194 0.474822 
1537350110348 0.207397 0.918683 -0.336166 -0.472774 -0.944518 0.27752 0.175694 -0.175657 0.2547 0.281077 0.925269 0.474748 
1537350110883 0.20711 0.918822 -0.335964 -0.472976 -0.944589 0.277203 0.175812 -0.175616 0.25467 0.280936 0.925321 0.474498 
1537350111401 0.207128 0.918865 -0.335835 -0.472957 -0.944603 0.277176 0.175782 -0.175625 0.254605 0.280822 0.925373 0.474504 
1537350111953 0.207277 0.91895 -0.335509 -0.472917 -0.944649 0.277167 0.175549 -0.175653 0.254313 0.280551 0.925535 0.474435 
1537350112497 0.207215 0.919063 -0.335239 -0.472884 -0.944735 0.276977 0.175384 -0.175672 0.254043 0.28037 0.925665 0.47445 
1537350113039 0.207317 0.919136 -0.334975 -0.472852 -0.944759 0.27697 0.175262 -0.175684 0.253868 0.280135 0.925784 0.474388 
1537350113572 0.207288 0.919187 -0.334854 -0.472841 -0.944821 0.27686 0.175108 -0.175696 0.253665 0.280079 0.925856 0.474347 
1537350114105 0.20735 0.919255 -0.334629 -0.472815 -0.944827 0.276852 0.175083 -0.175694 0.253589 0.279863 0.925942 0.474305 
1537350114638 0.207274 0.919289 -0.334583 -0.472815 -0.944928 0.276679 0.174814 -0.175716 0.253277 0.279922 0.92601 0.474212 
1537350114687 0.207274 0.919289 -0.334583 -0.472815 -0.944928 0.276679 0.174814 -0.175716 0.253277 0.279922 0.92601 0.474212 
1537350114954 0.2074 0.919379 -0.334255 -0.472776 -0.944939 0.276692 0.174731 -0.175722 0.25313 0.279612 0.926144 0.474172 
1537350115220 0.207182 0.919276 -0.334675 -0.472828 -0.944968 0.276589 0.17474 -0.175721 0.253201 0.280054 0.925991 0.474171 
1537350115525 0.20722 0.919301 -0.334584 -0.472816 -0.944966 0.2766 0.174733 -0.175722 0.253178 0.279962 0.926025 0.474177 
1537350115810 0.207226 0.919304 -0.334569 -0.472815 -0.944964 0.276603 0.174737 -0.175721 0.253179 0.279946 0.926029 0.474177 
1537350116130 0.207327 0.919364 -0.334343 -0.472786 -0.944955 0.276641 0.174729 -0.175722 0.253132 0.279713 0.926113 0.474187 
1537350116430 0.207337 0.919377 -0.334301 -0.472781 -0.944956 0.276639 0.174725 -0.175723 0.253119 0.279673 0.926128 0.474189 
1537350116850 0.207339 0.919384 -0.334279 -0.472779 -0.944958 0.276634 0.174721 -0.175723 0.253109 0.279654 0.926137 0.474189 
1537350117218 0.207345 0.919398 -0.334238 -0.472774 -0.944964 0.276624 0.174708 -0.175724 0.253085 0.279618 0.926154 0.474189 
1537350117570 0.207387 0.919416 -0.334164 -0.472765 -0.944941 0.276665 0.174768 -0.175716 0.253136 0.279521 0.92617 0.474189 
1537350117605 0.207387 0.919416 -0.334164 -0.472765 -0.944941 0.276665 0.174768 -0.175716 0.253136 0.279521 0.92617 0.474189 
1537350117862 0.207397 0.919423 -0.334137 -0.472762 -0.944936 0.276671 0.17478 -0.175714 0.253143 0.27949 0.926177 0.474185 
1537350118106 0.207399 0.919425 -0.33413 -0.47276 -0.944936 0.276672 0.174784 -0.175713 0.253145 0.279482 0.926179 0.474185 
1537350118359 0.2074 0.919426 -0.334127 -0.47276 -0.944936 0.276672 0.174784 -0.175713 0.253145 0.279478 0.92618 0.474185 
1537350118597 0.207401 0.919427 -0.334123 -0.47276 -0.944936 0.276672 0.174783 -0.175713 0.253143 0.279474 0.926182 0.474185 
1537350118849 0.207403 0.919428 -0.334119 -0.472759 -0.944936 0.276672 0.174782 -0.175713 0.253141 0.279471 0.926183 0.474185 
1537350119116 0.207403 0.919429 -0.334116 -0.472759 -0.944936 0.276672 0.174781 -0.175713 0.253139 0.279468 0.926185 0.474185 
1537350119373 0.207404 0.919431 -0.334111 -0.472759 -0.944937 0.27667 0.174778 -0.175714 0.253135 0.279464 0.926187 0.474185 
1537350119642 0.207404 0.919433 -0.334106 -0.472758 -0.944938 0.276668 0.174776 -0.175714 0.253131 0.279461 0.926189 0.474184 
1537350119901 0.207404 0.919434 -0.334103 -0.472758 -0.944939 0.276666 0.174773 -0.175714 0.253127 0.279459 0.926191 0.474183 
1537350119939 0.207404 0.919434 -0.334103 -0.472758 -0.944939 0.276666 0.174773 -0.175714 0.253127 0.279459 0.926191 0.474183 
1537350120237 0.207401 0.919435 -0.334101 -0.472758 -0.944941 0.276662 0.174771 -0.175714 0.253124 0.279458 0.926192 0.474182 
1537350120545 0.207402 0.919437 -0.334095 -0.472757 -0.94494 0.276662 0.174774 -0.175713 0.253126 0.279452 0.926193 0.474183 
1537350120879 0.207403 0.919438 -0.334093 -0.472756 -0.94494 0.276663 0.174775 -0.175713 0.253126 0.279449 0.926194 0.474183 
1537350121182 0.207403 0.919438 -0.334091 -0.472756 -0.94494 0.276663 0.174776 -0.175713 0.253126 0.279447 0.926195 0.474183 
1537350121464 0.207404 0.919439 -0.33409 -0.472756 -0.94494 0.276663 0.174775 -0.175713 0.253126 0.279446 0.926195 0.474183 
1537350121785 0.207404 0.919439 -0.334089 -0.472756 -0.94494 0.276663 0.174775 -0.175713 0.253125 0.279445 0.926195 0.474183 
1537350122096 0.207404 0.919439 -0.334089 -0.472756 -0.94494 0.276663 0.174774 -0.175713 0.253124 0.279445 0.926196 0.474182 
1537350122370 0.207403 0.919439 -0.334089 -0.472757 -0.944941 0.276661 0.174774 -0.175713 0.253123 0.279445 0.926196 0.474182 
1537350122652 0.207402 0.919439 -0.334089 -0.472757 -0.944941 0.27666 0.174773 -0.175713 0.253123 0.279446 0.926196 0.474181 
1537350122677 0.2074 0.91944 -0.334089 -0.472757 -0.944942 0.276658 0.174773 -0.175713 0.253122 0.279447 0.926196 0.474181 
1537350122985 0.2074 0.91944 -0.33409 -0.472757 -0.944942 0.276658 0.174773 -0.175713 0.253122 0.279447 0.926196 0.474181 
1537350123309 0.207399 0.919441 -0.334086 -0.472756 -0.944941 0.276658 0.174776 -0.175712 0.253124 0.279444 0.926196 0.474181 
1537350123601 0.2074 0.919441 -0.334086 -0.472756 -0.944941 0.276658 0.174776 -0.175712 0.253124 0.279443 0.926196 0.474181 
1537350123949 0.2074 0.919441 -0.334085 -0.472756 -0.944941 0.276658 0.174776 -0.175712 0.253124 0.279442 0.926197 0.474181 
1537350124233 0.2074 0.919441 -0.334085 -0.472756 -0.944941 0.276658 0.174776 -0.175712 0.253124 0.279442 0.926197 0.474181 
1537350124541 0.2074 0.919441 -0.334085 -0.472756 -0.944941 0.276658 0.174776 -0.175712 0.253124 0.279442 0.926197 0.474181 
1537350124813 0.2074 0.919442 -0.334085 -0.472756 -0.944941 0.276658 0.174775 -0.175712 0.253123 0.279442 0.926197 0.474181 
1537350125113 0.2074 0.919441 -0.334085 -0.472756 -0.944941 0.276658 0.174775 -0.175713 0.253122 0.279443 0.926197 0.47418 
1537350125381 0.207399 0.919441 -0.334086 -0.472757 -0.944942 0.276657 0.174775 -0.175713 0.253122 0.279444 0.926197 0.47418 
1537350125417 0.207397 0.919441 -0.334087 -0.472757 -0.944942 0.276655 0.174775 -0.175713 0.253122 0.279445 0.926196 0.474179 
1537350125657 0.207397 0.919441 -0.334087 -0.472757 -0.944942 0.276655 0.174775 -0.175712 0.253122 0.279445 0.926196 0.474179 
1537350125910 0.207397 0.919442 -0.334085 -0.472756 -0.944942 0.276655 0.174777 -0.175712 0.253124 0.279443 0.926197 0.47418 
1537350126211 0.207397 0.919442 -0.334085 -0.472756 -0.944942 0.276655 0.174777 -0.175712 0.253124 0.279442 0.926197 0.47418 
1537350126450 0.207397 0.919442 -0.334084 -0.472756 -0.944942 0.276655 0.174777 -0.175712 0.253124 0.279442 0.926197 0.47418 
1537350126697 0.207397 0.919442 -0.334085 -0.472756 -0.944942 0.276655 0.174777 -0.175712 0.253124 0.279442 0.926197 0.47418 
1537350126945 0.207397 0.919442 -0.334085 -0.472756 -0.944942 0.276655 0.174777 -0.175712 0.253124 0.279442 0.926197 0.474179 
1537350127244 0.207397 0.919442 -0.334085 -0.472756 -0.944942 0.276655 0.174777 -0.175712 0.253123 0.279443 0.926197 0.474179 
1537350127537 0.207397 0.919442 -0.334085 -0.472757 -0.944942 0.276655 0.174776 -0.175712 0.253123 0.279443 0.926197 0.474179 
1537350127820 0.207396 0.919442 -0.334085 -0.472757 -0.944942 0.276654 0.174776 -0.175712 0.253123 0.279444 0.926197 0.474179 
1537350127849 0.207396 0.919442 -0.334085 -0.472757 -0.944942 0.276654 0.174776 -0.175712 0.253123 0.279444 0.926197 0.474179 
1537350128261 0.207394 0.919442 -0.334086 -0.472757 -0.944943 0.276652 0.174776 -0.175712 0.253122 0.279445 0.926196 0.474178 
1537350128611 0.207393 0.919443 -0.334084 -0.472756 -0.944942 0.276652 0.174779 -0.175711 0.253124 0.279442 0.926197 0.474179 
1537350128881 0.207393 0.919443 -0.334084 -0.472756 -0.944942 0.276652 0.174779 -0.175711 0.253124 0.279442 0.926197 0.474179 
1537350129146 0.207393 0.919443 -0.334084 -0.472756 -0.944942 0.276652 0.174779 -0.175711 0.253124 0.279442 0.926197 0.474179 
1537350129433 0.207394 0.919443 -0.334084 -0.472756 -0.944943 0.276652 0.174778 -0.175711 0.253124 0.279442 0.926197 0.474179 
1537350129732 0.207393 0.919443 -0.334084 -0.472756 -0.944943 0.276652 0.174778 -0.175711 0.253123 0.279442 0.926197 0.474179 
1537350129998 0.207393 0.919443 -0.334084 -0.472757 -0.944943 0.276651 0.174778 -0.175712 0.253123 0.279443 0.926197 0.474178 
1537350130270 0.207392 0.919443 -0.334085 -0.472757 -0.944943 0.27665 0.174777 -0.175712 0.253122 0.279444 0.926197 0.474178 
1537350130325 0.207392 0.919443 -0.334085 -0.472757 -0.944943 0.27665 0.174777 -0.175712 0.253122 0.279444 0.926197 0.474178 
1537350130577 0.207391 0.919443 -0.334086 -0.472757 -0.944943 0.27665 0.174777 -0.175712 0.253122 0.279445 0.926196 0.474178 
1537350130875 0.207391 0.919444 -0.334083 -0.472756 -0.944943 0.276649 0.174779 -0.175711 0.253124 0.279442 0.926197 0.474178 
1537350131174 0.207391 0.919444 -0.334083 -0.472756 -0.944943 0.276649 0.17478 -0.175711 0.253124 0.279442 0.926197 0.474178 
1537350131495 0.207391 0.919444 -0.334083 -0.472756 -0.944943 0.276649 0.17478 -0.175711 0.253124 0.279442 0.926197 0.474178 
1537350131781 0.207391 0.919444 -0.334083 -0.472756 -0.944943 0.276649 0.17478 -0.175711 0.253124 0.279442 0.926197 0.474178 
1537350132062 0.207391 0.919444 -0.334083 -0.472756 -0.944943 0.276649 0.174779 -0.175711 0.253124 0.279442 0.926197 0.474178 
1537350132309 0.207391 0.919444 -0.334083 -0.472756 -0.944943 0.276649 0.174779 -0.175711 0.253123 0.279442 0.926197 0.474178 
1537350132552 0.20739 0.919444 -0.334084 -0.472757 -0.944943 0.276648 0.174779 -0.175711 0.253123 0.279443 0.926197 0.474178 
1537350132792 0.20739 0.919444 -0.334084 -0.472757 -0.944944 0.276648 0.174778 -0.175711 0.253123 0.279443 0.926197 0.474178 
1537350132819 0.207389 0.919444 -0.334085 -0.472757 -0.944944 0.276648 0.174778 -0.175712 0.253122 0.279444 0.926197 0.474177 
1537350133025 0.207389 0.919444 -0.334085 -0.472757 -0.944944 0.276647 0.174778 -0.175712 0.253122 0.279444 0.926197 0.474177 
1537350133238 0.207388 0.919445 -0.334082 -0.472756 -0.944944 0.276646 0.17478 -0.175711 0.253124 0.279442 0.926197 0.474178 
1537350133528 0.207388 0.919445 -0.334082 -0.472756 -0.944944 0.276647 0.17478 -0.175711 0.253124 0.279442 0.926197 0.474178 
1537350133750 0.207388 0.919445 -0.334083 -0.472756 -0.944944 0.276646 0.17478 -0.175711 0.253124 0.279442 0.926197 0.474178 
1537350133987 0.207388 0.919445 -0.334083 -0.472756 -0.944944 0.276647 0.17478 -0.175711 0.253124 0.279442 0.926197 0.474178 
1537350134224 0.207388 0.919445 -0.334083 -0.472756 -0.944944 0.276647 0.17478 -0.175711 0.253124 0.279442 0.926197 0.474178 
1537350134460 0.207388 0.919445 -0.334083 -0.472756 -0.944944 0.276646 0.17478 -0.175711 0.253123 0.279443 0.926197 0.474178 
1537350134679 0.207388 0.919445 -0.334083 -0.472757 -0.944944 0.276646 0.17478 -0.175711 0.253123 0.279443 0.926197 0.474178 
