1535146902409 0.213741 0.918792 -0.331867 -0.472116 -0.943454 0.282268 0.173837 -0.171377 0.253395 0.275946 0.92717 0.474337 
1535146906757 0.213741 0.918792 -0.331867 -0.472116 -0.943454 0.282267 0.173836 -0.171377 0.253394 0.275945 0.927171 0.474337 
1535146907940 0.214589 0.917973 -0.333581 -0.504457 -0.943059 0.283609 0.173797 -0.186176 0.254147 0.277292 0.926562 0.455886 
1535146908787 0.214607 0.917766 -0.33414 -0.52075 -0.943044 0.283744 0.17366 -0.193537 0.254189 0.27784 0.926387 0.446416 
1535146909668 0.214631 0.917485 -0.334896 -0.537088 -0.942948 0.284008 0.173746 -0.200888 0.254523 0.278498 0.926098 0.436979 
1535146910563 0.214735 0.917168 -0.335695 -0.553414 -0.942937 0.284244 0.173425 -0.208311 0.254479 0.279299 0.925868 0.427446 
1535146911468 0.214694 0.91691 -0.336426 -0.569731 -0.942914 0.284378 0.173326 -0.215655 0.254596 0.280008 0.925622 0.41795 
