1535387868292 -0.267865 0.929908 -0.252028 -0.592088 -0.961084 -0.276248 0.00220542 -0.27088 -0.0675715 0.242811 0.967717 0.364208 
1535387873072 -0.267865 0.929909 -0.252028 -0.592087 -0.961084 -0.276247 0.0022069 -0.270881 -0.0675698 0.242811 0.967718 0.364209 
1535387873992 -0.217235 0.943277 -0.251072 -0.596125 -0.975344 -0.22001 0.0173193 -0.267818 -0.0389015 0.248644 0.967813 0.365012 
1535387874899 -0.164658 0.953862 -0.251067 -0.600385 -0.986313 -0.16145 0.0334687 -0.264717 -0.00861024 0.253141 0.967391 0.365859 
1535387875815 -0.111773 0.961275 -0.251906 -0.604704 -0.993493 -0.10252 0.0496051 -0.261455 0.0218589 0.255811 0.96648 0.366638 
1535387876761 -0.0587255 0.965573 -0.253416 -0.609046 -0.996895 -0.0433823 0.0657194 -0.25812 0.0524631 0.256488 0.965122 0.367519 
1535387877715 -0.0051324 0.966688 -0.255906 -0.613318 -0.996549 0.0162589 0.0814047 -0.254988 0.0828537 0.25544 0.963268 0.36839 
1535387878632 0.048274 0.964635 -0.259131 -0.617522 -0.992426 0.0756633 0.0967814 -0.251897 0.112965 0.252496 0.960981 0.369283 
1535387879555 0.101216 0.959372 -0.263363 -0.621843 -0.984532 0.134645 0.112106 -0.248659 0.143012 0.247942 0.958161 0.370112 
1535387880491 0.153658 0.950928 -0.268563 -0.626191 -0.972908 0.19311 0.127116 -0.245368 0.17274 0.241754 0.954838 0.370836 
1535387881418 0.205467 0.939442 -0.274286 -0.630437 -0.957612 0.250808 0.141684 -0.242151 0.201897 0.233548 0.951153 0.37167 
1535387881448 0.205878 0.939318 -0.274401 -0.630614 -0.95737 0.251397 0.142276 -0.241984 0.202626 0.233412 0.951032 0.371695 
1535387881678 0.207036 0.938839 -0.275169 -0.630616 -0.95691 0.252865 0.142765 -0.241926 0.203614 0.233754 0.950737 0.371783 
1535387882037 0.209692 0.937669 -0.27714 -0.630686 -0.955782 0.256339 0.14412 -0.241883 0.206179 0.234665 0.949959 0.371881 
1535387882344 0.21204 0.936695 -0.278643 -0.630835 -0.954758 0.259393 0.145437 -0.241741 0.208509 0.235198 0.949319 0.372067 
1535387882661 0.21445 0.93564 -0.280337 -0.630966 -0.953656 0.262597 0.146912 -0.241618 0.211072 0.23584 0.948593 0.372198 
1535387882984 0.216709 0.934671 -0.28183 -0.631068 -0.952576 0.265627 0.148466 -0.241407 0.213628 0.23629 0.947908 0.372395 
1535387883286 0.21928 0.933527 -0.283626 -0.63124 -0.951433 0.268981 0.149744 -0.241333 0.216081 0.237016 0.947171 0.372498 
1535387883636 0.221621 0.932468 -0.285286 -0.631374 -0.9503 0.272131 0.151242 -0.241193 0.218663 0.237589 0.946434 0.3727 
1535387883945 0.224034 0.931344 -0.287068 -0.631525 -0.949139 0.27537 0.152666 -0.241043 0.221234 0.238265 0.945666 0.372822 
1535387884263 0.226318 0.930313 -0.288614 -0.631654 -0.947999 0.278447 0.154161 -0.240826 0.223782 0.238717 0.944953 0.373062 
1535387884387 0.227226 0.929933 -0.289124 -0.631649 -0.947469 0.27973 0.155094 -0.240853 0.225103 0.238695 0.944644 0.373181 
1535387884404 0.227203 0.929937 -0.289129 -0.631653 -0.947482 0.279701 0.155065 -0.240838 0.225071 0.238713 0.944648 0.37317 
1535387884772 0.228865 0.929508 -0.289198 -0.631896 -0.947035 0.281348 0.154815 -0.240804 0.225267 0.238449 0.944668 0.373196 
1535387885030 0.230587 0.928976 -0.28954 -0.632064 -0.946285 0.283399 0.155661 -0.240749 0.226661 0.238094 0.944424 0.373389 
1535387885288 0.232053 0.928507 -0.289873 -0.632269 -0.945615 0.28518 0.156477 -0.240515 0.227956 0.237798 0.944187 0.373494 
1535387885498 0.233883 0.927875 -0.290424 -0.632445 -0.944869 0.287325 0.157057 -0.240554 0.229176 0.23768 0.943921 0.373609 
1535387885762 0.235687 0.927244 -0.290982 -0.632652 -0.944117 0.289455 0.15767 -0.240439 0.230425 0.23756 0.943647 0.37367 
1535387885958 0.237213 0.926761 -0.29128 -0.632815 -0.943425 0.291279 0.158449 -0.240352 0.231688 0.237214 0.943425 0.373827 
1535387886173 0.238948 0.926198 -0.291652 -0.633006 -0.942704 0.293286 0.159035 -0.240267 0.232835 0.23694 0.943211 0.373906 
1535387886401 0.240567 0.925626 -0.292138 -0.633167 -0.941988 0.295221 0.159695 -0.24025 0.234063 0.236773 0.942949 0.374006 
1535387886509 0.241516 0.92528 -0.292451 -0.633254 -0.941572 0.296355 0.16005 -0.240222 0.234761 0.236709 0.942792 0.374031 
1535387886524 0.24152 0.92528 -0.292447 -0.63326 -0.941565 0.296364 0.160072 -0.240215 0.234783 0.236697 0.942789 0.374036 
1535387886656 0.241578 0.925321 -0.292268 -0.633288 -0.94157 0.296369 0.160038 -0.240225 0.234706 0.236529 0.94285 0.37406 
1535387886731 0.241915 0.925515 -0.291373 -0.633394 -0.941619 0.296399 0.159693 -0.240242 0.234161 0.23573 0.943186 0.374135 
1535387886890 0.242302 0.925494 -0.291119 -0.63345 -0.941492 0.296751 0.159785 -0.240271 0.23427 0.23537 0.943249 0.374153 
1535387886933 0.243207 0.92531 -0.29095 -0.633564 -0.941231 0.297613 0.15972 -0.240332 0.234381 0.235006 0.943312 0.37412 
1535387887069 0.243759 0.925363 -0.290318 -0.633742 -0.941107 0.298012 0.159707 -0.240185 0.234305 0.234291 0.943509 0.374241 
1535387887130 0.244816 0.925222 -0.28988 -0.633838 -0.940843 0.298934 0.159539 -0.240337 0.234264 0.233673 0.943672 0.374256 
1535387887284 0.245308 0.925191 -0.289562 -0.634029 -0.940664 0.2994 0.159722 -0.240172 0.234468 0.2332 0.943739 0.374263 
1535387887338 0.246218 0.925012 -0.28936 -0.634126 -0.940398 0.300261 0.159672 -0.240272 0.234582 0.232799 0.943809 0.374248 
1535387887391 0.246492 0.925043 -0.289028 -0.634158 -0.940345 0.300447 0.159635 -0.240296 0.234507 0.232438 0.943917 0.374305 
1535387887407 0.246475 0.92507 -0.288955 -0.634159 -0.940354 0.300413 0.159644 -0.240272 0.234488 0.232371 0.943938 0.374321 
1535387887430 0.246442 0.925096 -0.288901 -0.634173 -0.940362 0.300373 0.159672 -0.24023 0.23449 0.232322 0.94395 0.374345 
1535387887618 0.246913 0.925185 -0.288211 -0.634281 -0.940361 0.300582 0.159281 -0.2404 0.233996 0.231694 0.944227 0.374295 
1535387887766 0.246801 0.925311 -0.287902 -0.63431 -0.94048 0.300334 0.159051 -0.240387 0.233639 0.231512 0.94436 0.374246 
1535387887819 0.247078 0.925361 -0.287507 -0.634428 -0.940481 0.300457 0.158813 -0.240416 0.233343 0.231156 0.94452 0.374209 
1535387887900 0.247301 0.925485 -0.286913 -0.634493 -0.940521 0.300471 0.15855 -0.24043 0.232945 0.230638 0.944745 0.3742 
1535387887977 0.247547 0.925595 -0.286345 -0.634575 -0.940518 0.300548 0.158421 -0.240492 0.232695 0.230096 0.944939 0.374197 
1535387888063 0.247894 0.925629 -0.285935 -0.634655 -0.940533 0.300703 0.158033 -0.24065 0.232262 0.229756 0.945128 0.37413 
1535387888126 0.247852 0.925865 -0.285209 -0.634718 -0.940665 0.300419 0.157787 -0.240558 0.231772 0.229178 0.945388 0.374117 
1535387888147 0.247854 0.9259 -0.285094 -0.634747 -0.940689 0.300378 0.157727 -0.240542 0.231676 0.229091 0.945433 0.374105 
1535387888164 0.247848 0.925906 -0.285077 -0.634782 -0.940701 0.30036 0.15769 -0.24053 0.231632 0.229089 0.945444 0.374092 
1535387888180 0.247833 0.925919 -0.285049 -0.634816 -0.940716 0.300329 0.157655 -0.240514 0.231584 0.229078 0.945459 0.374081 
1535387888304 0.248324 0.925919 -0.284622 -0.634786 -0.940568 0.300744 0.157747 -0.24065 0.231659 0.228534 0.945572 0.374003 
1535387888367 0.248606 0.925837 -0.28464 -0.634675 -0.940348 0.30116 0.158267 -0.24066 0.232252 0.228315 0.94548 0.374012 
1535387888433 0.248724 0.925767 -0.284765 -0.634691 -0.940242 0.301368 0.158501 -0.24067 0.232554 0.228325 0.945403 0.374024 
1535387888507 0.249023 0.925826 -0.284312 -0.634682 -0.940059 0.301677 0.158996 -0.240665 0.232973 0.227676 0.945456 0.374015 
1535387888554 0.249405 0.925835 -0.283948 -0.63466 -0.939945 0.301993 0.159074 -0.240708 0.233026 0.227221 0.945552 0.373992 
1535387888616 0.249714 0.925781 -0.283851 -0.634672 -0.939813 0.30232 0.159231 -0.240751 0.233227 0.227005 0.945555 0.373952 
1535387888679 0.250002 0.925766 -0.283649 -0.634669 -0.93967 0.302625 0.159494 -0.24078 0.233494 0.226663 0.945571 0.373918 
1535387888796 0.250859 0.925749 -0.282947 -0.634638 -0.939259 0.3035 0.160252 -0.240867 0.234227 0.22556 0.945653 0.373785 
1535387888956 0.250597 0.925727 -0.283249 -0.634626 -0.939376 0.303256 0.160028 -0.240771 0.234039 0.225975 0.945601 0.373849 
1535387889059 0.250388 0.925699 -0.283528 -0.634467 -0.939562 0.302978 0.159459 -0.240677 0.233514 0.226465 0.945613 0.373952 
1535387889166 0.251163 0.925553 -0.283318 -0.634284 -0.939384 0.303655 0.159219 -0.240693 0.233396 0.226154 0.945717 0.374017 
1535387889280 0.251463 0.925558 -0.283035 -0.634081 -0.939328 0.30387 0.159144 -0.240506 0.233303 0.225843 0.945814 0.374083 
1535387889375 0.252141 0.925413 -0.282907 -0.63384 -0.939168 0.304474 0.158928 -0.240538 0.233212 0.225625 0.945889 0.374083 
1535387889507 0.252548 0.925352 -0.282743 -0.633671 -0.939093 0.304802 0.158743 -0.240383 0.233074 0.225432 0.945969 0.374058 
1535387889578 0.253074 0.925298 -0.282449 -0.633444 -0.938954 0.305253 0.158702 -0.240308 0.233065 0.225043 0.946063 0.374159 
1535387889748 0.253613 0.925208 -0.282259 -0.633257 -0.938825 0.305721 0.158566 -0.240214 0.232999 0.224777 0.946143 0.374205 
1535387889816 0.254215 0.925109 -0.282041 -0.633052 -0.938662 0.306258 0.158489 -0.240172 0.232997 0.224451 0.946221 0.374264 
1535387889831 0.254183 0.925128 -0.28201 -0.63302 -0.93868 0.306214 0.158471 -0.240166 0.232962 0.224436 0.946233 0.374271 
1535387889903 0.254477 0.92504 -0.282035 -0.632943 -0.938622 0.306478 0.158302 -0.240267 0.232873 0.22444 0.946254 0.374242 
1535387890140 0.253595 0.925275 -0.282055 -0.632712 -0.938946 0.305556 0.158164 -0.240011 0.232529 0.224725 0.946271 0.374374 
1535387890329 0.254081 0.925112 -0.282152 -0.632339 -0.938804 0.306048 0.158058 -0.239895 0.232573 0.224726 0.94626 0.374485 
1535387890526 0.254208 0.925061 -0.282205 -0.631989 -0.938791 0.306157 0.157922 -0.239739 0.232487 0.224787 0.946267 0.374566 
1535387890717 0.254463 0.925049 -0.282015 -0.631575 -0.938762 0.30633 0.157759 -0.239655 0.232325 0.224601 0.946351 0.374719 
1535387890911 0.254713 0.924957 -0.282093 -0.631185 -0.938734 0.306544 0.157509 -0.239573 0.232163 0.224691 0.946369 0.374787 
1535387891099 0.254773 0.92496 -0.282029 -0.630823 -0.938746 0.306563 0.157401 -0.239373 0.232049 0.224652 0.946406 0.37492 
1535387891292 0.25505 0.924869 -0.282074 -0.630436 -0.938719 0.30679 0.157122 -0.239266 0.231855 0.224715 0.946439 0.374955 
1535387891473 0.25499 0.924881 -0.282091 -0.630114 -0.938778 0.306693 0.156955 -0.239037 0.23168 0.224799 0.946462 0.375061 
1535387891499 0.25495 0.924934 -0.281952 -0.630019 -0.938805 0.306616 0.156945 -0.238969 0.231614 0.224685 0.946505 0.375109 
1535387891689 0.255351 0.924814 -0.281984 -0.629823 -0.938725 0.306976 0.156718 -0.239076 0.231497 0.224688 0.946533 0.375166 
1535387891894 0.255201 0.924786 -0.28221 -0.629388 -0.938673 0.306962 0.15706 -0.238845 0.231874 0.224822 0.946409 0.375313 
1535387892113 0.255105 0.924822 -0.28218 -0.628964 -0.938677 0.306886 0.157181 -0.238547 0.231961 0.224778 0.946398 0.375444 
1535387892315 0.25534 0.924705 -0.282353 -0.628471 -0.938563 0.307188 0.157271 -0.23849 0.232165 0.224849 0.946331 0.375575 
1535387892543 0.255278 0.924717 -0.282367 -0.628062 -0.938517 0.307193 0.157539 -0.238164 0.23242 0.22479 0.946283 0.375773 
1535387892758 0.255389 0.924645 -0.282505 -0.627581 -0.938428 0.307379 0.157706 -0.238068 0.232658 0.224834 0.946213 0.375937 
1535387893062 0.255278 0.92472 -0.282359 -0.626673 -0.938432 0.307274 0.157889 -0.23763 0.232764 0.224669 0.946227 0.376278 
1535387893267 0.25539 0.924566 -0.282762 -0.626248 -0.938358 0.307492 0.157903 -0.237443 0.232939 0.225005 0.946104 0.376309 
1535387893296 0.255363 0.924574 -0.282758 -0.626148 -0.938357 0.307473 0.157945 -0.237395 0.232972 0.224995 0.946098 0.376343 
1535387893468 0.255578 0.924444 -0.282991 -0.625994 -0.938272 0.307744 0.157921 -0.237437 0.233078 0.225161 0.946032 0.376334 
1535387893678 0.255414 0.924388 -0.283322 -0.625594 -0.93822 0.307737 0.158243 -0.237195 0.233466 0.225401 0.94588 0.376535 
1535387893888 0.255437 0.924277 -0.28366 -0.625158 -0.938106 0.307922 0.158563 -0.23704 0.233901 0.225601 0.945724 0.376706 
1535387894113 0.255503 0.924135 -0.284066 -0.62474 -0.937963 0.308174 0.158916 -0.236841 0.234402 0.22584 0.945543 0.376875 
1535387894326 0.255471 0.924009 -0.284502 -0.624308 -0.937854 0.308332 0.159252 -0.236674 0.234872 0.226137 0.945356 0.377044 
1535387894544 0.255486 0.923913 -0.284801 -0.623874 -0.937741 0.308503 0.159586 -0.236471 0.235305 0.226297 0.945209 0.377234 
1535387894747 0.255285 0.923868 -0.285127 -0.623483 -0.937697 0.308462 0.159922 -0.236221 0.235697 0.226537 0.945054 0.377394 
1535387894956 0.255638 0.923614 -0.285633 -0.622984 -0.937483 0.309 0.160139 -0.236231 0.236167 0.226838 0.944865 0.377557 
1535387895186 0.25541 0.923568 -0.285986 -0.622619 -0.937416 0.308968 0.160593 -0.235932 0.236679 0.227071 0.944681 0.377715 
1535387895221 0.25534 0.923576 -0.286021 -0.622518 -0.937408 0.308933 0.160708 -0.235866 0.236787 0.227084 0.944651 0.377762 
1535387895342 0.255538 0.923449 -0.286255 -0.622402 -0.937291 0.309223 0.160829 -0.235922 0.237034 0.227206 0.944559 0.377768 
1535387895563 0.255103 0.923604 -0.286143 -0.622273 -0.937396 0.308801 0.16103 -0.235641 0.237089 0.22715 0.944559 0.377893 
1535387895757 0.255469 0.92339 -0.286509 -0.621893 -0.937233 0.309276 0.161069 -0.235641 0.237339 0.227377 0.944441 0.378013 
1535387895930 0.255579 0.92327 -0.286795 -0.621604 -0.937117 0.309513 0.161288 -0.235642 0.237679 0.227539 0.944317 0.378079 
1535387896109 0.255596 0.923165 -0.287118 -0.621306 -0.937009 0.309684 0.161587 -0.235533 0.238087 0.227731 0.944168 0.378181 
1535387896298 0.255513 0.923128 -0.287313 -0.621013 -0.936949 0.309718 0.161867 -0.235397 0.238409 0.227839 0.944061 0.378283 
1535387896472 0.255688 0.923003 -0.287557 -0.620665 -0.93687 0.309958 0.161868 -0.235426 0.238535 0.228016 0.943986 0.378404 
1535387896712 0.255463 0.922927 -0.288002 -0.620131 -0.936732 0.310012 0.162561 -0.235007 0.239316 0.228252 0.943731 0.378609 
1535387896736 0.255433 0.922915 -0.288067 -0.620011 -0.93671 0.310024 0.162666 -0.234962 0.239434 0.228285 0.943694 0.378635 
1535387896814 0.255806 0.922711 -0.288388 -0.619852 -0.936568 0.310474 0.162621 -0.235148 0.239589 0.228496 0.943603 0.378621 
1535387897075 0.25545 0.922957 -0.287917 -0.619879 -0.936742 0.309978 0.162566 -0.234892 0.23929 0.228177 0.943756 0.37874 
1535387897279 0.255739 0.922869 -0.287942 -0.619617 -0.936658 0.310263 0.162505 -0.234856 0.239309 0.228145 0.943759 0.378807 
1535387897438 0.255664 0.922917 -0.287854 -0.619418 -0.936696 0.310159 0.162486 -0.234639 0.239241 0.22809 0.94379 0.378892 
1535387897653 0.255766 0.922806 -0.28812 -0.619199 -0.936655 0.310316 0.162424 -0.234546 0.239295 0.228326 0.943719 0.378898 
1535387897816 0.255995 0.922786 -0.287979 -0.618887 -0.936606 0.310497 0.16236 -0.234576 0.23924 0.22816 0.943773 0.378964 
1535387897999 0.256038 0.922773 -0.287983 -0.618685 -0.936623 0.310512 0.162235 -0.234383 0.239128 0.228193 0.943793 0.379001 
1535387898167 0.256166 0.922711 -0.288068 -0.618433 -0.936583 0.310654 0.162194 -0.234328 0.239148 0.228251 0.943774 0.379044 
1535387898375 0.25603 0.922729 -0.288133 -0.61823 -0.936615 0.31054 0.162226 -0.234156 0.239168 0.228335 0.943749 0.379123 
1535387898502 0.256421 0.922584 -0.288247 -0.618038 -0.936479 0.310962 0.162205 -0.234189 0.239281 0.228345 0.943718 0.379174 
1535387898521 0.256509 0.922567 -0.288224 -0.617978 -0.936455 0.311041 0.162192 -0.234202 0.239283 0.228304 0.943727 0.379192 
1535387898538 0.256498 0.922576 -0.288204 -0.617946 -0.936461 0.311024 0.162185 -0.234203 0.239267 0.228292 0.943734 0.379203 
1535387898764 0.255692 0.922656 -0.288664 -0.617842 -0.936534 0.310476 0.162813 -0.233951 0.239844 0.228714 0.943486 0.379264 
1535387898937 0.255804 0.92257 -0.28884 -0.617593 -0.936374 0.310737 0.163235 -0.233912 0.240349 0.228706 0.943359 0.37936 
1535387899005 0.25569 0.922564 -0.28896 -0.617382 -0.93633 0.310721 0.163518 -0.233837 0.240642 0.228752 0.943273 0.379441 
1535387899144 0.255697 0.92244 -0.289351 -0.617122 -0.936195 0.310924 0.163907 -0.233877 0.241161 0.228979 0.943086 0.379536 
1535387899212 0.255552 0.922435 -0.289494 -0.616935 -0.936139 0.310902 0.164268 -0.233751 0.24153 0.229028 0.942979 0.379626 
1535387899366 0.255774 0.922271 -0.289821 -0.616705 -0.935919 0.311323 0.164721 -0.233709 0.242145 0.229118 0.942799 0.379708 
1535387899462 0.255666 0.922222 -0.290073 -0.616478 -0.935854 0.311354 0.165032 -0.233667 0.242512 0.229273 0.942668 0.379774 
1535387899492 0.255737 0.922196 -0.290092 -0.616428 -0.935818 0.311441 0.165073 -0.2337 0.242577 0.229258 0.942654 0.379779 
1535387899508 0.255769 0.922178 -0.290121 -0.61641 -0.935796 0.311489 0.165106 -0.233709 0.242626 0.229265 0.94264 0.379779 
1535387899602 0.25551 0.922197 -0.290288 -0.616296 -0.935785 0.31135 0.165434 -0.233541 0.242944 0.229377 0.942531 0.379805 
1535387899765 0.255723 0.922148 -0.290256 -0.616022 -0.935686 0.311585 0.165547 -0.233579 0.243098 0.229254 0.942521 0.37995 
1535387899869 0.255627 0.92217 -0.290272 -0.615801 -0.935672 0.311535 0.165724 -0.23348 0.243256 0.229235 0.942485 0.380055 
1535387899997 0.255561 0.922105 -0.290537 -0.615619 -0.935599 0.311605 0.166001 -0.233355 0.243603 0.229402 0.942355 0.380088 
1535387900067 0.255584 0.922101 -0.290527 -0.615383 -0.935544 0.311671 0.166187 -0.233277 0.24379 0.229326 0.942325 0.38015 
1535387900206 0.255558 0.922069 -0.290654 -0.615136 -0.935494 0.311723 0.166374 -0.233267 0.244011 0.229387 0.942253 0.380196 
1535387900264 0.255483 0.922026 -0.290854 -0.614934 -0.935442 0.311755 0.166604 -0.233173 0.244288 0.229513 0.94215 0.38026 
1535387900421 0.255384 0.922055 -0.290849 -0.614741 -0.935412 0.311714 0.166851 -0.232993 0.244508 0.229453 0.942108 0.380326 
1535387900450 0.255294 0.922072 -0.290874 -0.614603 -0.935414 0.311654 0.16695 -0.232962 0.244592 0.229466 0.942083 0.380377 
1535387900469 0.255287 0.92207 -0.290888 -0.614536 -0.935402 0.311663 0.167002 -0.232944 0.244646 0.229463 0.942069 0.380401 
1535387900608 0.255559 0.921989 -0.290905 -0.61449 -0.935301 0.311951 0.167031 -0.232965 0.244748 0.229398 0.942059 0.380395 
1535387900805 0.255601 0.922165 -0.290312 -0.61434 -0.935372 0.311805 0.166903 -0.232673 0.244433 0.228889 0.942265 0.380412 
1535387900853 0.255684 0.9222 -0.290124 -0.614117 -0.935378 0.311824 0.166836 -0.232602 0.244324 0.228719 0.942334 0.380458 
1535387900999 0.255766 0.922221 -0.289987 -0.613884 -0.935414 0.311822 0.166635 -0.23251 0.244098 0.228638 0.942412 0.380398 
1535387901063 0.256002 0.922257 -0.289662 -0.613659 -0.935372 0.311968 0.166597 -0.232377 0.244011 0.228293 0.942518 0.380479 
1535387901270 0.256203 0.922206 -0.28965 -0.613571 -0.935336 0.312139 0.166479 -0.232495 0.243939 0.228268 0.942543 0.380483 
1535387901401 0.256298 0.922311 -0.28923 -0.613193 -0.935319 0.312146 0.166562 -0.232209 0.243903 0.227833 0.942658 0.380614 
1535387901479 0.256427 0.922353 -0.288983 -0.612956 -0.935297 0.312211 0.166562 -0.232133 0.243853 0.227574 0.942733 0.380686 
1535387901514 0.256666 0.922288 -0.288977 -0.612884 -0.935233 0.312437 0.166499 -0.232209 0.243847 0.227526 0.942746 0.380687 
1535387901567 0.256911 0.922229 -0.288948 -0.612806 -0.935171 0.312661 0.16643 -0.232232 0.243829 0.227458 0.942767 0.380679 
1535387901728 0.256411 0.922305 -0.289148 -0.612573 -0.935266 0.312259 0.166649 -0.231927 0.24399 0.2277 0.942667 0.380762 
1535387901913 0.256581 0.922149 -0.289495 -0.612264 -0.935228 0.312477 0.166456 -0.2319 0.243958 0.228035 0.942595 0.380921 
1535387902089 0.256768 0.922055 -0.289629 -0.611935 -0.935143 0.31271 0.166492 -0.231876 0.244085 0.228095 0.942547 0.381066 
1535387902267 0.256918 0.921971 -0.289762 -0.611634 -0.935083 0.312895 0.166484 -0.231753 0.244158 0.228179 0.942508 0.381218 
1535387902442 0.25674 0.921955 -0.289971 -0.611361 -0.935118 0.312776 0.166508 -0.231563 0.244209 0.228408 0.942439 0.381324 
1535387902624 0.256903 0.921867 -0.290108 -0.611019 -0.935066 0.312962 0.16645 -0.231525 0.244238 0.228509 0.942407 0.381422 
1535387902810 0.257044 0.921713 -0.290472 -0.610749 -0.935006 0.313182 0.166372 -0.231424 0.244318 0.228829 0.942309 0.381531 
1535387902988 0.256942 0.921709 -0.290575 -0.610458 -0.935017 0.31312 0.166429 -0.231263 0.244384 0.22893 0.942267 0.381656 
1535387903015 0.256865 0.921747 -0.290523 -0.610387 -0.935043 0.313033 0.16645 -0.231199 0.244368 0.228896 0.94228 0.381688 
1535387903029 0.256852 0.921759 -0.290496 -0.610319 -0.935049 0.313014 0.166453 -0.231163 0.244358 0.228874 0.942287 0.381712 
1535387903216 0.257126 0.921664 -0.290553 -0.610083 -0.934961 0.313296 0.166411 -0.231021 0.244405 0.228867 0.942277 0.381753 
1535387903411 0.257626 0.921519 -0.290571 -0.609736 -0.934825 0.313775 0.166276 -0.230929 0.244401 0.228796 0.942295 0.381722 
1535387903596 0.258009 0.921478 -0.290361 -0.609382 -0.934679 0.31414 0.166407 -0.230798 0.244555 0.22846 0.942337 0.381852 
1535387903781 0.25822 0.921448 -0.290268 -0.609064 -0.934632 0.314314 0.166342 -0.230603 0.244511 0.228341 0.942377 0.381848 
1535387903952 0.258683 0.921327 -0.290241 -0.608701 -0.934489 0.314764 0.166292 -0.230562 0.244567 0.22821 0.942394 0.381881 
1535387904146 0.258879 0.921318 -0.290095 -0.608402 -0.934424 0.314936 0.166336 -0.230326 0.24461 0.228011 0.942431 0.381957 
1535387904322 0.259197 0.921277 -0.289941 -0.608058 -0.934349 0.315198 0.166258 -0.230197 0.244559 0.227812 0.942493 0.382016 
1535387904502 0.259768 0.921097 -0.290002 -0.607673 -0.934164 0.315779 0.166197 -0.230133 0.24466 0.227737 0.942485 0.382075 
1535387904527 0.259727 0.921128 -0.28994 -0.607587 -0.93417 0.315733 0.166248 -0.230062 0.244679 0.227674 0.942495 0.382111 
1535387904543 0.259695 0.921148 -0.289903 -0.607541 -0.934176 0.3157 0.16628 -0.230015 0.244691 0.227638 0.942501 0.382132 
1535387904736 0.259832 0.921193 -0.289639 -0.607289 -0.934133 0.315787 0.166356 -0.229826 0.24471 0.227337 0.942568 0.382214 
1535387904906 0.260417 0.921119 -0.289349 -0.606895 -0.93391 0.316348 0.166541 -0.229748 0.244939 0.226856 0.942625 0.382246 
1535387905084 0.260699 0.921108 -0.289129 -0.606541 -0.933842 0.316568 0.166506 -0.229625 0.244899 0.226592 0.942698 0.382295 
1535387905255 0.260782 0.921175 -0.288842 -0.606237 -0.933812 0.316601 0.16661 -0.22937 0.244925 0.226276 0.942768 0.382384 
1535387905439 0.261088 0.921145 -0.288659 -0.605912 -0.933672 0.316911 0.166805 -0.229217 0.245131 0.225962 0.942789 0.382505 
1535387905606 0.261346 0.921196 -0.288264 -0.605561 -0.933572 0.317111 0.166985 -0.229007 0.245238 0.225474 0.942879 0.382579 
1535387905773 0.261586 0.921211 -0.287999 -0.605205 -0.933489 0.317306 0.167078 -0.228866 0.245298 0.225138 0.942943 0.382649 
1535387905949 0.261863 0.921196 -0.287795 -0.604891 -0.933389 0.317554 0.167167 -0.228666 0.245384 0.224849 0.94299 0.382695 
1535387905976 0.261836 0.921241 -0.287674 -0.604801 -0.933395 0.317508 0.167221 -0.228572 0.24539 0.224729 0.943017 0.382729 
1535387905993 0.261847 0.921254 -0.287624 -0.604756 -0.93339 0.31751 0.167241 -0.22854 0.245395 0.224674 0.943029 0.382744 
1535387906158 0.261978 0.92124 -0.28755 -0.604591 -0.933367 0.31761 0.167184 -0.228537 0.245345 0.224591 0.943061 0.382734 
1535387906303 0.261922 0.921352 -0.28724 -0.604315 -0.933414 0.317472 0.167184 -0.228397 0.245226 0.224324 0.943156 0.382788 
1535387906412 0.261859 0.921463 -0.286941 -0.604006 -0.933471 0.317321 0.16715 -0.228321 0.245075 0.224081 0.943253 0.382847 
1535387906551 0.261901 0.921541 -0.286653 -0.603732 -0.933498 0.317274 0.167089 -0.228161 0.244927 0.223829 0.943351 0.382869 
1535387906671 0.261811 0.921669 -0.286322 -0.603454 -0.933551 0.317102 0.167118 -0.228018 0.244821 0.223543 0.943446 0.382947 
1535387906804 0.261806 0.921773 -0.285993 -0.603176 -0.933578 0.317014 0.167135 -0.227878 0.244724 0.22324 0.943543 0.383024 
1535387906936 0.262113 0.921781 -0.285686 -0.602824 -0.933532 0.317216 0.16701 -0.227928 0.24457 0.222922 0.943658 0.383106 
1535387907043 0.261853 0.921974 -0.285302 -0.602589 -0.933639 0.316867 0.167074 -0.227661 0.24444 0.22262 0.943763 0.38319 
1535387907075 0.261979 0.921949 -0.285266 -0.602536 -0.933607 0.316977 0.167043 -0.227665 0.244428 0.222564 0.94378 0.383192 
1535387907093 0.262044 0.921936 -0.285249 -0.602507 -0.933591 0.317035 0.167026 -0.227672 0.244421 0.222538 0.943788 0.383193 
1535387907141 0.262053 0.921969 -0.285135 -0.602402 -0.933602 0.31701 0.167009 -0.227625 0.244368 0.222438 0.943825 0.383211 
1535387907336 0.261765 0.922141 -0.284843 -0.602161 -0.933638 0.316723 0.167353 -0.227517 0.24454 0.222133 0.943852 0.383254 
1535387907428 0.261837 0.922189 -0.284621 -0.601951 -0.933582 0.316784 0.16755 -0.227385 0.244676 0.221846 0.943884 0.38331 
1535387907542 0.261741 0.922301 -0.284345 -0.601701 -0.933575 0.316672 0.167797 -0.227318 0.244804 0.221538 0.943924 0.383386 
1535387907631 0.261853 0.922347 -0.284094 -0.601437 -0.933492 0.31678 0.168056 -0.227269 0.245001 0.221194 0.943953 0.383451 
1535387907754 0.261642 0.922487 -0.283832 -0.601256 -0.933501 0.316576 0.16839 -0.227046 0.245192 0.220899 0.943973 0.383483 
1535387907813 0.26145 0.922625 -0.283561 -0.601043 -0.933549 0.316349 0.168553 -0.226916 0.245215 0.22065 0.944025 0.383543 
1535387907967 0.261721 0.922618 -0.283333 -0.600746 -0.933439 0.316596 0.168695 -0.226966 0.245344 0.220323 0.944068 0.383596 
1535387907981 0.261649 0.922662 -0.283256 -0.600701 -0.933458 0.316514 0.168743 -0.226915 0.245348 0.220256 0.944082 0.383618 
1535387907998 0.261564 0.922709 -0.283182 -0.600641 -0.933476 0.316425 0.168813 -0.226847 0.245372 0.220188 0.944092 0.383628 
1535387908188 0.261815 0.922791 -0.282684 -0.600662 -0.933494 0.316495 0.168583 -0.226746 0.245035 0.219746 0.944282 0.383492 
1535387908381 0.262142 0.922937 -0.281903 -0.600573 -0.933524 0.316555 0.168301 -0.226828 0.244569 0.219045 0.944566 0.383495 
1535387908568 0.262361 0.923172 -0.280929 -0.600462 -0.933589 0.316474 0.168094 -0.226632 0.244086 0.218171 0.944893 0.383433 
1535387908758 0.262582 0.923412 -0.279929 -0.600385 -0.933643 0.3164 0.167936 -0.226458 0.243644 0.217257 0.945218 0.383456 
1535387908961 0.262947 0.923507 -0.279274 -0.600281 -0.933672 0.316512 0.167559 -0.226425 0.243135 0.216691 0.945479 0.383363 
1535387909155 0.263243 0.923674 -0.278442 -0.600172 -0.933697 0.316548 0.167353 -0.226306 0.242719 0.215926 0.945761 0.38331 
1535387909354 0.263346 0.92393 -0.277494 -0.600058 -0.9338 0.316358 0.167138 -0.226164 0.242211 0.215109 0.946077 0.383266 
1535387909554 0.263649 0.924125 -0.276554 -0.599954 -0.933844 0.316363 0.166882 -0.226064 0.241711 0.21426 0.946398 0.383252 
1535387909773 0.263745 0.924335 -0.275761 -0.599875 -0.933973 0.316173 0.166518 -0.225867 0.241107 0.213635 0.946693 0.383057 
1535387909789 0.263758 0.924347 -0.275708 -0.599866 -0.933978 0.316169 0.166501 -0.225861 0.241075 0.213589 0.946711 0.383044 
1535387909968 0.264112 0.924318 -0.275466 -0.599957 -0.933872 0.31647 0.166525 -0.225951 0.241099 0.213268 0.946778 0.38312 
1535387910109 0.264391 0.924491 -0.274614 -0.600087 -0.934047 0.316359 0.16575 -0.225951 0.240111 0.21268 0.947161 0.38303 
1535387910235 0.264839 0.924612 -0.273777 -0.600129 -0.934024 0.316546 0.165524 -0.226004 0.239708 0.211877 0.947443 0.382893 
1535387910345 0.265084 0.924861 -0.272696 -0.600129 -0.934151 0.316415 0.165059 -0.225927 0.238942 0.210985 0.947836 0.382914 
1535387910485 0.265238 0.925092 -0.271759 -0.600245 -0.934301 0.316224 0.164574 -0.225768 0.238183 0.210253 0.948189 0.382781 
1535387910611 0.265671 0.925225 -0.270885 -0.600299 -0.934362 0.316321 0.164038 -0.225749 0.237459 0.209524 0.948532 0.382617 
1535387910750 0.266369 0.925299 -0.269943 -0.600353 -0.934368 0.316644 0.163383 -0.225845 0.236654 0.208706 0.948914 0.382531 
1535387910909 0.266551 0.925548 -0.268907 -0.600409 -0.934459 0.31651 0.163119 -0.22567 0.236086 0.207803 0.949253 0.382458 
1535387910939 0.266599 0.925599 -0.268686 -0.600402 -0.934476 0.316489 0.16306 -0.225665 0.235964 0.207609 0.949326 0.382453 
1535387911897 0.259992 0.925532 -0.275308 -0.586449 -0.935818 0.311789 0.164416 -0.219311 0.23801 0.214891 0.947192 0.392301 
1535387912831 0.254328 0.925032 -0.282194 -0.57222 -0.936892 0.308037 0.165368 -0.213259 0.239897 0.222328 0.944997 0.402409 
1535387913757 0.248675 0.924429 -0.289123 -0.55801 -0.937956 0.304307 0.166242 -0.207222 0.241661 0.229844 0.942747 0.412541 
1535387915021 0.23708 0.923117 -0.302736 -0.529565 -0.940044 0.296626 0.168315 -0.195044 0.245174 0.244681 0.938094 0.432846 
1535387915932 0.231337 0.922357 -0.309421 -0.515346 -0.941057 0.292824 0.169307 -0.188982 0.246767 0.252016 0.935732 0.443068 
1535387916810 0.225544 0.921492 -0.316199 -0.50112 -0.942038 0.289033 0.170367 -0.182909 0.248384 0.259446 0.93327 0.453268 
1535387917693 0.219391 0.920614 -0.323012 -0.486932 -0.943094 0.284909 0.171464 -0.176732 0.249881 0.267013 0.930733 0.463313 
1535387918560 0.213765 0.919578 -0.329669 -0.472676 -0.944003 0.281272 0.172468 -0.170749 0.251324 0.274341 0.92821 0.473536 
1535387930291 0.214662 0.919327 -0.329786 -0.472286 -0.943759 0.282181 0.172316 -0.170951 0.251473 0.274249 0.928196 0.47399 
1535387930440 0.21464 0.919327 -0.329799 -0.472315 -0.94376 0.282167 0.172335 -0.170936 0.251491 0.274261 0.928188 0.473966 
1535387930871 0.213866 0.919564 -0.32964 -0.472683 -0.944035 0.281301 0.172242 -0.170797 0.251115 0.274355 0.928262 0.473475 
1535387931424 0.213836 0.919573 -0.329636 -0.472688 -0.944066 0.281246 0.172162 -0.170793 0.251024 0.274383 0.928278 0.473452 
1535387931972 0.213874 0.919632 -0.329447 -0.472668 -0.944117 0.281182 0.171989 -0.170806 0.250801 0.274253 0.928377 0.473447 
1535387932537 0.213902 0.919619 -0.329465 -0.472674 -0.944132 0.281188 0.171898 -0.170807 0.250722 0.274289 0.928388 0.473417 
1535387933104 0.213932 0.919619 -0.329445 -0.472674 -0.944166 0.281168 0.171741 -0.17082 0.250566 0.27431 0.928424 0.473394 
1535387933670 0.213974 0.919648 -0.329336 -0.472662 -0.944261 0.281072 0.171378 -0.17086 0.250175 0.274309 0.92853 0.473374 
1535387934233 0.213989 0.919659 -0.329297 -0.472659 -0.944283 0.281051 0.171289 -0.170865 0.250077 0.274295 0.92856 0.473363 
1535387934787 0.213987 0.919652 -0.329317 -0.472663 -0.944352 0.280978 0.171029 -0.170892 0.249818 0.274393 0.928601 0.473294 
1535387935364 0.214227 0.919655 -0.329152 -0.472645 -0.94432 0.281148 0.170926 -0.1709 0.249733 0.274208 0.928678 0.473306 
1535387935386 0.214226 0.919656 -0.329151 -0.472645 -0.94432 0.281147 0.170926 -0.1709 0.249733 0.274207 0.928679 0.473306 
1535387935589 0.2141 0.919663 -0.329212 -0.472653 -0.944344 0.281045 0.170961 -0.170896 0.24975 0.274287 0.928651 0.473302 
1535387935804 0.214091 0.919663 -0.329218 -0.472653 -0.944346 0.281038 0.170964 -0.170896 0.249752 0.274294 0.928648 0.473302 
1535387936039 0.214089 0.919664 -0.329219 -0.472653 -0.944347 0.281035 0.170963 -0.170896 0.249751 0.274295 0.928648 0.473302 
1535387936253 0.214088 0.919664 -0.329219 -0.472653 -0.944347 0.281035 0.170963 -0.170896 0.24975 0.274296 0.928648 0.473302 
1535387936492 0.214088 0.919664 -0.329218 -0.472653 -0.944347 0.281034 0.170962 -0.170896 0.249749 0.274295 0.928648 0.473302 
1535387936721 0.214087 0.919664 -0.329217 -0.472654 -0.944348 0.281033 0.170962 -0.170895 0.249748 0.274295 0.928648 0.473302 
1535387936960 0.214085 0.919665 -0.329217 -0.472654 -0.944349 0.28103 0.170957 -0.170895 0.249743 0.274297 0.928649 0.473301 
1535387937178 0.214082 0.919664 -0.329221 -0.472655 -0.944356 0.281021 0.170934 -0.170897 0.249721 0.274308 0.928652 0.473294 
1535387937414 0.214079 0.919663 -0.329226 -0.472655 -0.944364 0.281011 0.170908 -0.170899 0.249694 0.274321 0.928656 0.473287 
1535387937441 0.214079 0.919663 -0.329226 -0.472656 -0.944365 0.28101 0.170904 -0.1709 0.24969 0.274323 0.928656 0.473285 
1535387937676 0.214078 0.919662 -0.329231 -0.472656 -0.944367 0.281008 0.170898 -0.170901 0.249685 0.274329 0.928656 0.473283 
1535387937690 0.214078 0.919662 -0.329231 -0.472656 -0.944367 0.281009 0.170898 -0.170901 0.249685 0.274329 0.928656 0.473283 
1535387937907 0.214078 0.919662 -0.32923 -0.472656 -0.944367 0.281008 0.170897 -0.170901 0.249684 0.274329 0.928656 0.473283 
1535387938085 0.214078 0.919662 -0.32923 -0.472656 -0.944367 0.281007 0.170896 -0.170901 0.249683 0.274329 0.928656 0.473283 
1535387938250 0.214077 0.919662 -0.32923 -0.472656 -0.944367 0.281007 0.170895 -0.170901 0.249682 0.274329 0.928656 0.473283 
1535387938451 0.214077 0.919662 -0.32923 -0.472656 -0.944368 0.281007 0.170894 -0.170901 0.24968 0.27433 0.928657 0.473283 
1535387938473 0.214077 0.919662 -0.32923 -0.472656 -0.944368 0.281006 0.170893 -0.170901 0.24968 0.27433 0.928657 0.473283 
1535387938626 0.214082 0.919668 -0.329212 -0.472654 -0.944372 0.281002 0.17088 -0.170902 0.249662 0.274316 0.928666 0.473283 
1535387938873 0.214085 0.919672 -0.329198 -0.472652 -0.944376 0.280997 0.170865 -0.170903 0.249643 0.274307 0.928673 0.473282 
1535387938892 0.214085 0.919672 -0.329197 -0.472652 -0.944376 0.280996 0.170864 -0.170903 0.249642 0.274307 0.928673 0.473282 
1535387939107 0.214084 0.919671 -0.3292 -0.472653 -0.944377 0.280996 0.170863 -0.170904 0.249641 0.274309 0.928673 0.473282 
1535387939333 0.214084 0.919671 -0.3292 -0.472653 -0.944377 0.280996 0.170862 -0.170904 0.24964 0.27431 0.928673 0.473281 
1535387939554 0.214084 0.919671 -0.3292 -0.472653 -0.944377 0.280995 0.170861 -0.170904 0.24964 0.27431 0.928673 0.473281 
1535387939764 0.214084 0.919672 -0.3292 -0.472653 -0.944378 0.280995 0.17086 -0.170904 0.249638 0.27431 0.928674 0.473281 
1535387939992 0.214084 0.919672 -0.3292 -0.472653 -0.944378 0.280994 0.170858 -0.170904 0.249636 0.274311 0.928674 0.47328 
1535387940203 0.214083 0.919672 -0.3292 -0.472653 -0.944379 0.280993 0.170856 -0.170904 0.249635 0.274312 0.928674 0.47328 
1535387940415 0.214083 0.919672 -0.3292 -0.472653 -0.944379 0.280992 0.170854 -0.170904 0.249632 0.274312 0.928675 0.473279 
1535387940629 0.214082 0.919672 -0.329199 -0.472653 -0.94438 0.280991 0.170852 -0.170904 0.24963 0.274313 0.928675 0.473279 
1535387940863 0.214081 0.919672 -0.329199 -0.472653 -0.944381 0.280989 0.170849 -0.170904 0.249627 0.274314 0.928676 0.473278 
1535387940885 0.214081 0.919672 -0.329199 -0.472653 -0.944381 0.280989 0.170849 -0.170904 0.249626 0.274313 0.928676 0.473278 
1535387941152 0.214081 0.919672 -0.329201 -0.472654 -0.944381 0.280989 0.170848 -0.170905 0.249626 0.274316 0.928675 0.473278 
1535387941436 0.214081 0.919672 -0.329201 -0.472654 -0.944382 0.280989 0.170847 -0.170905 0.249625 0.274316 0.928675 0.473277 
1535387941730 0.214081 0.919672 -0.329201 -0.472654 -0.944382 0.280989 0.170847 -0.170905 0.249624 0.274316 0.928675 0.473277 
1535387942017 0.214081 0.919672 -0.329201 -0.472654 -0.944382 0.280988 0.170846 -0.170905 0.249623 0.274317 0.928676 0.473277 
1535387942306 0.21408 0.919672 -0.329201 -0.472654 -0.944382 0.280987 0.170845 -0.170905 0.249622 0.274317 0.928676 0.473277 
1535387942581 0.21408 0.919672 -0.329201 -0.472653 -0.944383 0.280987 0.170844 -0.170905 0.249622 0.274317 0.928676 0.473277 
1535387942860 0.21408 0.919672 -0.3292 -0.472654 -0.944383 0.280986 0.170843 -0.170905 0.249621 0.274317 0.928676 0.473277 
1535387943181 0.214079 0.919672 -0.3292 -0.472654 -0.944384 0.280985 0.170842 -0.170904 0.249619 0.274317 0.928677 0.473276 
1535387943490 0.214079 0.919673 -0.329199 -0.472654 -0.944384 0.280984 0.170841 -0.170904 0.249617 0.274317 0.928677 0.473276 
1535387943500 0.214079 0.919673 -0.329199 -0.472654 -0.944384 0.280984 0.170841 -0.170904 0.249617 0.274317 0.928677 0.473276 
1535387943830 0.214078 0.919672 -0.329201 -0.472654 -0.944384 0.280984 0.17084 -0.170905 0.249617 0.274319 0.928677 0.473276 
1535387944077 0.214078 0.919672 -0.329201 -0.472654 -0.944384 0.280984 0.17084 -0.170905 0.249617 0.274319 0.928677 0.473275 
1535387944327 0.214078 0.919672 -0.329201 -0.472654 -0.944385 0.280983 0.170839 -0.170905 0.249616 0.274319 0.928677 0.473275 
1535387944597 0.214078 0.919672 -0.329201 -0.472654 -0.944385 0.280983 0.170839 -0.170904 0.249616 0.274319 0.928677 0.473275 
1535387944851 0.214078 0.919672 -0.329201 -0.472654 -0.944385 0.280983 0.170838 -0.170904 0.249615 0.27432 0.928677 0.473275 
1535387944870 0.214078 0.919673 -0.329201 -0.472654 -0.944385 0.280983 0.170838 -0.170904 0.249615 0.274319 0.928677 0.473275 
1535387945210 0.214078 0.919673 -0.3292 -0.472654 -0.944385 0.280982 0.170837 -0.170904 0.249614 0.274319 0.928678 0.473275 
1535387945473 0.214077 0.919673 -0.329199 -0.472654 -0.944386 0.280981 0.170837 -0.170904 0.249613 0.274319 0.928678 0.473275 
1535387945490 0.214077 0.919673 -0.3292 -0.472654 -0.944386 0.280981 0.170837 -0.170904 0.249613 0.274319 0.928678 0.473275 
1535387945646 0.214077 0.919672 -0.329201 -0.472654 -0.944386 0.280982 0.170836 -0.170905 0.249613 0.274321 0.928677 0.473275 
1535387945823 0.214077 0.919672 -0.329201 -0.472654 -0.944386 0.280981 0.170836 -0.170905 0.249613 0.274321 0.928677 0.473275 
1535387946004 0.214077 0.919673 -0.329201 -0.472654 -0.944386 0.280981 0.170836 -0.170904 0.249612 0.274321 0.928677 0.473275 
1535387946197 0.214077 0.919673 -0.329201 -0.472654 -0.944386 0.280981 0.170836 -0.170904 0.249612 0.274321 0.928677 0.473274 
1535387946373 0.214077 0.919673 -0.329201 -0.472654 -0.944386 0.280981 0.170836 -0.170904 0.249612 0.274321 0.928678 0.473274 
1535387946557 0.214077 0.919673 -0.329201 -0.472654 -0.944386 0.280981 0.170835 -0.170904 0.249612 0.274321 0.928678 0.473275 
1535387946739 0.214077 0.919673 -0.3292 -0.472654 -0.944386 0.28098 0.170835 -0.170904 0.249611 0.274321 0.928678 0.473274 
1535387946933 0.214077 0.919673 -0.3292 -0.472654 -0.944386 0.28098 0.170835 -0.170904 0.249611 0.27432 0.928678 0.473274 
1535387947108 0.214076 0.919673 -0.3292 -0.472654 -0.944387 0.280979 0.170834 -0.170904 0.24961 0.27432 0.928678 0.473274 
1535387947129 0.214076 0.919673 -0.3292 -0.472654 -0.944387 0.28098 0.170834 -0.170904 0.24961 0.27432 0.928678 0.473274 
1535387947315 0.214076 0.919673 -0.329201 -0.472654 -0.944387 0.28098 0.170834 -0.170904 0.24961 0.274322 0.928678 0.473274 
1535387947525 0.214076 0.919672 -0.329203 -0.472655 -0.944387 0.28098 0.170833 -0.170905 0.24961 0.274324 0.928677 0.473273 
1535387947735 0.214075 0.919671 -0.329206 -0.472655 -0.944389 0.280978 0.170826 -0.170905 0.249604 0.274329 0.928677 0.47327 
1535387947757 0.214075 0.919671 -0.329207 -0.472656 -0.944389 0.280978 0.170826 -0.170906 0.249603 0.27433 0.928677 0.47327 
1535387947971 0.214074 0.91967 -0.32921 -0.472656 -0.944392 0.280974 0.170816 -0.170907 0.249594 0.274336 0.928678 0.473267 
1535387948245 0.214073 0.91967 -0.329212 -0.472656 -0.944394 0.280971 0.170807 -0.170907 0.249585 0.274341 0.928679 0.473264 
1535387948444 0.214073 0.91967 -0.329212 -0.472656 -0.944395 0.280971 0.170804 -0.170908 0.249582 0.274342 0.928679 0.473263 
1535387948652 0.214073 0.91967 -0.329212 -0.472656 -0.944395 0.28097 0.170803 -0.170908 0.249581 0.274342 0.92868 0.473263 
1535387948883 0.214072 0.91967 -0.329212 -0.472656 -0.944396 0.280969 0.170802 -0.170907 0.24958 0.274342 0.92868 0.473263 
1535387948901 0.214072 0.91967 -0.329212 -0.472656 -0.944396 0.280968 0.170802 -0.170907 0.249579 0.274343 0.92868 0.473263 
1535387949099 0.214071 0.919669 -0.329215 -0.472657 -0.944396 0.280968 0.170799 -0.170908 0.249577 0.274346 0.928679 0.473261 
1535387949319 0.21407 0.919669 -0.329216 -0.472657 -0.944397 0.280967 0.170797 -0.170908 0.249575 0.274348 0.928679 0.47326 
1535387949542 0.21407 0.919669 -0.329216 -0.472657 -0.944398 0.280966 0.170796 -0.170908 0.249574 0.274348 0.92868 0.47326 
1535387949774 0.214069 0.919669 -0.329215 -0.472657 -0.944398 0.280965 0.170795 -0.170908 0.249573 0.274348 0.92868 0.47326 
1535387949986 0.214068 0.91967 -0.329214 -0.472656 -0.944399 0.280964 0.170795 -0.170907 0.249572 0.274348 0.92868 0.47326 
1535387950254 0.214065 0.919671 -0.329214 -0.472657 -0.944399 0.280961 0.170795 -0.170906 0.249572 0.274348 0.92868 0.47326 
1535387950466 0.214062 0.919672 -0.329212 -0.472656 -0.9444 0.280958 0.170796 -0.170905 0.249571 0.274347 0.928681 0.47326 
1535387950680 0.214059 0.919674 -0.32921 -0.472656 -0.944401 0.280954 0.170798 -0.170903 0.249571 0.274346 0.928681 0.47326 
