1535133717324 0.251671 0.922604 -0.292342 -0.604943 -0.935405 0.309395 0.171152 -0.232488 0.248354 0.230385 0.940874 0.384107 
1535133722082 0.251672 0.922604 -0.292341 -0.604943 -0.935404 0.309396 0.171153 -0.232488 0.248356 0.230382 0.940874 0.384109 
1535133722492 0.24842 0.922309 -0.29603 -0.607723 -0.935781 0.307446 0.172599 -0.234087 0.250203 0.234142 0.939455 0.383631 
1535133722886 0.243907 0.922239 -0.299975 -0.610931 -0.936309 0.30452 0.174909 -0.235386 0.252657 0.238208 0.937775 0.383234 
1535133723284 0.239509 0.922199 -0.303619 -0.614099 -0.936821 0.301633 0.177156 -0.236683 0.254955 0.242006 0.936179 0.382829 
1535133723683 0.235227 0.921998 -0.307551 -0.61728 -0.937292 0.298921 0.179249 -0.238095 0.257201 0.2461 0.934496 0.382428 
1535133724083 0.230882 0.921844 -0.311282 -0.620449 -0.937736 0.296152 0.181507 -0.239454 0.259508 0.249994 0.932823 0.382043 
1535133724505 0.226497 0.921676 -0.31498 -0.62359 -0.938165 0.293363 0.183804 -0.240852 0.261812 0.253873 0.93113 0.381702 
1535133724929 0.222093 0.921486 -0.318651 -0.626754 -0.938614 0.290537 0.185991 -0.242178 0.263967 0.257783 0.929446 0.381288 
1535133725346 0.217667 0.92121 -0.32248 -0.629925 -0.938992 0.287795 0.188329 -0.243534 0.266298 0.261813 0.927652 0.3809 
1535133725683 0.213303 0.92091 -0.326231 -0.632208 -0.939362 0.285091 0.190583 -0.244308 0.268515 0.265797 0.925879 0.380622 
1535133725712 0.212974 0.920922 -0.326411 -0.632347 -0.939367 0.284889 0.190862 -0.244327 0.26876 0.265971 0.925758 0.380675 
1535133725728 0.212887 0.920933 -0.326436 -0.632388 -0.939359 0.28484 0.190976 -0.244325 0.268858 0.265984 0.925725 0.380711 
1535133725893 0.211972 0.920977 -0.326908 -0.632507 -0.939392 0.284252 0.191689 -0.244381 0.269465 0.266462 0.925412 0.380509 
1535133726029 0.211395 0.920711 -0.32803 -0.632721 -0.939152 0.28431 0.192774 -0.244727 0.270751 0.267318 0.924789 0.380357 
1535133726172 0.210658 0.920644 -0.32869 -0.632887 -0.939065 0.284007 0.193641 -0.244956 0.271625 0.26787 0.924373 0.380251 
1535133726314 0.209815 0.920621 -0.329294 -0.633058 -0.939039 0.283556 0.194425 -0.245165 0.272365 0.268427 0.923994 0.380196 
1535133726460 0.208933 0.920513 -0.330156 -0.633276 -0.938944 0.2832 0.195401 -0.245329 0.27337 0.269172 0.92348 0.38002 
1535133726593 0.208173 0.920503 -0.330664 -0.63345 -0.938892 0.282814 0.19621 -0.245548 0.274128 0.269612 0.923127 0.380057 
1535133726728 0.207338 0.920399 -0.331476 -0.633662 -0.938803 0.282476 0.19712 -0.245725 0.275063 0.27032 0.922641 0.379923 
1535133726865 0.206546 0.920313 -0.332209 -0.633871 -0.938734 0.282131 0.19794 -0.245937 0.275893 0.270972 0.922202 0.379786 
1535133726888 0.20643 0.920303 -0.332309 -0.633907 -0.938708 0.282094 0.198114 -0.245978 0.276068 0.271045 0.922129 0.379789 
1535133726905 0.206275 0.920305 -0.332399 -0.633936 -0.938708 0.282003 0.198246 -0.246013 0.276184 0.271132 0.922068 0.379785 
1535133727007 0.205924 0.920281 -0.332684 -0.634018 -0.9387 0.28182 0.198543 -0.246021 0.276472 0.271405 0.921902 0.379787 
1535133727060 0.205746 0.920146 -0.333166 -0.634114 -0.938834 0.281663 0.198131 -0.246047 0.27615 0.272023 0.921816 0.379873 
1535133727140 0.205314 0.920036 -0.333736 -0.634296 -0.938976 0.281336 0.197923 -0.246212 0.275988 0.272734 0.921654 0.380138 
1535133727199 0.204871 0.919956 -0.334228 -0.634472 -0.939037 0.281064 0.198023 -0.246288 0.276112 0.273283 0.921455 0.380315 
1535133727272 0.204447 0.919847 -0.334789 -0.634671 -0.939109 0.280808 0.198041 -0.246421 0.276179 0.273914 0.921247 0.380478 
1535133727324 0.203913 0.919812 -0.335209 -0.634828 -0.939227 0.280398 0.198063 -0.246479 0.276172 0.27445 0.92109 0.380613 
1535133727410 0.203199 0.919691 -0.335973 -0.635075 -0.939363 0.279915 0.198105 -0.246461 0.276239 0.275346 0.920802 0.380802 
1535133727460 0.202701 0.919611 -0.336495 -0.635219 -0.939451 0.279581 0.198155 -0.246552 0.276303 0.275954 0.920601 0.380901 
1535133727484 0.202541 0.919591 -0.336644 -0.635284 -0.939486 0.279464 0.198156 -0.246585 0.276303 0.276138 0.920546 0.380949 
1535133727501 0.202552 0.919573 -0.336686 -0.635309 -0.93948 0.279488 0.198154 -0.246606 0.276316 0.276174 0.920531 0.380975 
1535133727540 0.202508 0.919484 -0.336955 -0.635399 -0.939481 0.279512 0.198111 -0.246709 0.276343 0.276444 0.920442 0.381046 
1535133727688 0.201555 0.919813 -0.33663 -0.635541 -0.939874 0.278364 0.197865 -0.246842 0.275704 0.276509 0.920614 0.381041 
1535133727833 0.200896 0.920205 -0.335952 -0.635773 -0.940244 0.277374 0.197497 -0.247015 0.274922 0.276201 0.92094 0.381183 
1535133727881 0.200412 0.920336 -0.335882 -0.635874 -0.940425 0.276828 0.197398 -0.247076 0.274655 0.276311 0.920987 0.381239 
1535133728018 0.199369 0.920577 -0.335842 -0.636191 -0.940789 0.275703 0.197241 -0.24715 0.274168 0.276633 0.921035 0.381333 
1535133728044 0.199111 0.920605 -0.33592 -0.636289 -0.940899 0.275423 0.197109 -0.247252 0.27398 0.27682 0.921035 0.38131 
1535133728061 0.199117 0.92061 -0.335901 -0.636337 -0.940923 0.275398 0.197025 -0.247309 0.27389 0.276827 0.92106 0.381299 
1535133728214 0.198801 0.92094 -0.335183 -0.63627 -0.941034 0.274905 0.197183 -0.247265 0.273737 0.276218 0.921288 0.381451 
1535133728365 0.198659 0.921103 -0.334818 -0.636404 -0.941113 0.274646 0.19717 -0.24767 0.27357 0.275932 0.921423 0.38137 
1535133728408 0.198195 0.921259 -0.334665 -0.6365 -0.941278 0.274111 0.197125 -0.247759 0.273339 0.275944 0.921488 0.381343 
1535133728504 0.197693 0.921484 -0.334343 -0.63657 -0.941437 0.27352 0.197189 -0.247757 0.273156 0.27578 0.921592 0.381382 
1535133728560 0.197536 0.921603 -0.334106 -0.636622 -0.941531 0.273261 0.1971 -0.247958 0.272946 0.275637 0.921697 0.381356 
1535133728648 0.197343 0.921683 -0.334001 -0.636713 -0.941594 0.273035 0.197111 -0.248119 0.272868 0.275595 0.921732 0.381347 
1535133728665 0.197219 0.921751 -0.333887 -0.636722 -0.941639 0.272875 0.197115 -0.248128 0.272801 0.275526 0.921773 0.381353 
1535133728681 0.19702 0.921868 -0.333681 -0.63673 -0.941715 0.272611 0.197118 -0.248143 0.272682 0.275396 0.921847 0.381366 
1535133728807 0.197428 0.921834 -0.333534 -0.636771 -0.94161 0.272981 0.197108 -0.248084 0.272749 0.275144 0.921902 0.381329 
1535133728833 0.197724 0.921695 -0.333743 -0.636749 -0.941529 0.273321 0.197024 -0.248044 0.272815 0.275272 0.921845 0.381271 
1535133728901 0.198111 0.921594 -0.333791 -0.636658 -0.941556 0.273583 0.196531 -0.248091 0.272441 0.275348 0.921932 0.381271 
1535133728949 0.198641 0.921507 -0.333717 -0.636636 -0.941534 0.273972 0.196094 -0.248162 0.272131 0.275254 0.922052 0.381252 
1535133728980 0.199071 0.92149 -0.333506 -0.636622 -0.941473 0.274299 0.195928 -0.248145 0.272026 0.274983 0.922164 0.381239 
1535133729049 0.19946 0.921525 -0.333177 -0.636604 -0.941485 0.274498 0.195594 -0.248091 0.271701 0.274668 0.922354 0.381208 
1535133729085 0.19983 0.921505 -0.333011 -0.636597 -0.941431 0.274784 0.195454 -0.248032 0.271618 0.27445 0.922443 0.381228 
1535133729125 0.200166 0.921498 -0.33283 -0.636583 -0.941387 0.275031 0.195316 -0.247972 0.271522 0.274226 0.922538 0.381259 
1535133729152 0.200268 0.921508 -0.332739 -0.636563 -0.941395 0.275077 0.195212 -0.247966 0.271418 0.274144 0.922593 0.381273 
1535133729169 0.200377 0.921506 -0.332681 -0.63655 -0.941389 0.275149 0.195138 -0.247967 0.271358 0.274081 0.922629 0.381282 
1535133729306 0.201039 0.921456 -0.332419 -0.636391 -0.941359 0.275601 0.194648 -0.247906 0.270975 0.273794 0.922827 0.381257 
1535133729391 0.201363 0.921299 -0.332658 -0.63618 -0.941178 0.276067 0.19486 -0.247845 0.27136 0.273853 0.922696 0.3814 
1535133729488 0.201962 0.921284 -0.332337 -0.636043 -0.941015 0.276595 0.194902 -0.247698 0.271483 0.273371 0.922803 0.381578 
1535133729568 0.202552 0.921205 -0.332195 -0.635834 -0.940913 0.277091 0.194687 -0.247616 0.271395 0.273133 0.9229 0.38165 
1535133729675 0.202986 0.921143 -0.332102 -0.635626 -0.940868 0.277429 0.194425 -0.247462 0.271228 0.272999 0.922988 0.381707 
1535133729755 0.203917 0.920958 -0.332044 -0.635431 -0.940657 0.278298 0.194204 -0.24757 0.271261 0.272738 0.923055 0.381809 
1535133729858 0.204314 0.920961 -0.331792 -0.635229 -0.940576 0.27861 0.194147 -0.247373 0.271243 0.272409 0.923158 0.38195 
1535133730003 0.205083 0.92087 -0.331572 -0.634993 -0.940526 0.279165 0.19359 -0.24738 0.270835 0.272151 0.923354 0.382013 
1535133730030 0.205117 0.920855 -0.331592 -0.634986 -0.940516 0.279204 0.193582 -0.247406 0.270843 0.27216 0.923349 0.382018 
1535133730251 0.205379 0.92073 -0.331778 -0.634559 -0.94036 0.279588 0.193788 -0.247213 0.271187 0.27219 0.923239 0.382222 
1535133730401 0.20549 0.920713 -0.331755 -0.634191 -0.940305 0.279718 0.193868 -0.247162 0.271294 0.272113 0.92323 0.382372 
1535133730541 0.205319 0.920762 -0.331726 -0.633904 -0.940302 0.279591 0.194062 -0.24693 0.271433 0.272078 0.9232 0.382554 
1535133730832 0.205664 0.920662 -0.33179 -0.633203 -0.94017 0.279985 0.194135 -0.246792 0.271629 0.272012 0.923162 0.382951 
1535133730979 0.205764 0.920618 -0.33185 -0.632873 -0.940106 0.280133 0.194231 -0.246682 0.271775 0.272009 0.923119 0.383113 
1535133731128 0.206028 0.920524 -0.331946 -0.63252 -0.939996 0.280453 0.194303 -0.246602 0.271955 0.271996 0.92307 0.383244 
1535133731272 0.206053 0.92047 -0.33208 -0.632193 -0.939958 0.280537 0.194364 -0.24651 0.272067 0.272092 0.923009 0.383452 
1535133731302 0.206035 0.920478 -0.332069 -0.632125 -0.939944 0.280536 0.194434 -0.246436 0.27213 0.272065 0.922998 0.383506 
1535133731341 0.205952 0.920517 -0.332011 -0.632052 -0.939948 0.28046 0.194526 -0.246322 0.27218 0.27201 0.923 0.383573 
1535133731516 0.206009 0.920604 -0.331735 -0.631584 -0.939867 0.280524 0.194823 -0.246202 0.272415 0.271652 0.923036 0.383804 
1535133731683 0.206206 0.920483 -0.331949 -0.63114 -0.939737 0.280839 0.194995 -0.246119 0.272714 0.271736 0.922923 0.383787 
1535133731848 0.206463 0.920417 -0.331973 -0.630686 -0.939561 0.281205 0.195319 -0.24605 0.273127 0.271583 0.922846 0.383972 
1535133732011 0.2065 0.920475 -0.331789 -0.630275 -0.939433 0.281319 0.19577 -0.245817 0.27354 0.271267 0.922816 0.384168 
1535133732175 0.206584 0.920427 -0.33187 -0.629843 -0.939308 0.28152 0.196078 -0.245675 0.273904 0.271221 0.922722 0.384305 
1535133732202 0.206481 0.920489 -0.331761 -0.629744 -0.939316 0.281415 0.196192 -0.245562 0.273955 0.271119 0.922737 0.384359 
1535133732218 0.206427 0.920521 -0.331706 -0.629697 -0.939323 0.281358 0.196241 -0.245511 0.273972 0.271069 0.922746 0.384382 
1535133732499 0.206518 0.920407 -0.331967 -0.629099 -0.93917 0.28163 0.196581 -0.245332 0.274427 0.271176 0.92258 0.384458 
1535133732674 0.206647 0.920242 -0.332342 -0.628555 -0.939048 0.281924 0.196745 -0.245311 0.274748 0.271428 0.92241 0.384457 
1535133732848 0.20648 0.920216 -0.33252 -0.628115 -0.93895 0.281938 0.19719 -0.24502 0.275207 0.271504 0.922251 0.384565 
1535133733028 0.206615 0.920121 -0.332698 -0.627551 -0.938809 0.282212 0.197469 -0.244972 0.275587 0.27154 0.922127 0.384643 
1535133733275 0.206522 0.920021 -0.333032 -0.626599 -0.938605 0.282418 0.198144 -0.244571 0.276351 0.271664 0.921861 0.384827 
1535133733455 0.206427 0.919967 -0.33324 -0.626137 -0.938514 0.282484 0.19848 -0.244308 0.27673 0.271778 0.921714 0.38484 
1535133733632 0.206361 0.919832 -0.333652 -0.625679 -0.938392 0.282645 0.198825 -0.244096 0.277191 0.272067 0.92149 0.384863 
1535133733660 0.206214 0.919871 -0.333637 -0.625576 -0.938401 0.282528 0.19895 -0.243988 0.27727 0.272059 0.921469 0.384892 
1535133733677 0.20621 0.919874 -0.333631 -0.62551 -0.938392 0.282533 0.198988 -0.243971 0.277306 0.272043 0.921463 0.384903 
1535133733865 0.206107 0.919759 -0.33401 -0.625213 -0.938443 0.28249 0.198806 -0.243851 0.277208 0.272474 0.921365 0.385067 
1535133734023 0.206538 0.919651 -0.334042 -0.624828 -0.938302 0.282946 0.198826 -0.243816 0.277366 0.272368 0.921349 0.385402 
1535133734185 0.206397 0.919625 -0.334202 -0.624478 -0.938289 0.282891 0.198962 -0.243662 0.277513 0.272513 0.921262 0.385672 
1535133734342 0.2065 0.919512 -0.334449 -0.624126 -0.938214 0.283092 0.199032 -0.243577 0.277692 0.272684 0.921157 0.385894 
1535133734502 0.206443 0.919472 -0.334595 -0.623796 -0.93821 0.283087 0.199058 -0.243379 0.277747 0.272826 0.921098 0.386046 
1535133734658 0.206432 0.919316 -0.335028 -0.623429 -0.938192 0.28319 0.198993 -0.243329 0.277815 0.273243 0.920955 0.386218 
1535133734816 0.206448 0.919306 -0.335046 -0.623075 -0.938179 0.283219 0.199017 -0.243186 0.277849 0.273246 0.920943 0.386439 
1535133734973 0.206357 0.919242 -0.335277 -0.622777 -0.93814 0.283242 0.199166 -0.242948 0.278047 0.273438 0.920827 0.386666 
1535133734996 0.206236 0.919287 -0.335227 -0.622711 -0.938163 0.283121 0.199228 -0.242871 0.278057 0.27341 0.920832 0.386716 
1535133735013 0.206142 0.919323 -0.335186 -0.622646 -0.938183 0.283026 0.199273 -0.242823 0.278063 0.273387 0.920837 0.38676 
1535133735171 0.206307 0.919239 -0.335316 -0.622469 -0.938119 0.283235 0.199275 -0.242834 0.278155 0.273455 0.920789 0.386844 
1535133735283 0.206589 0.919128 -0.335447 -0.622182 -0.93796 0.283622 0.199474 -0.242816 0.278482 0.273427 0.920698 0.386976 
1535133735394 0.206458 0.919067 -0.335696 -0.621931 -0.937895 0.283645 0.199744 -0.242717 0.278796 0.273609 0.920549 0.387102 
1535133735509 0.206474 0.91905 -0.335733 -0.621663 -0.937819 0.283739 0.199968 -0.242593 0.279041 0.273569 0.920487 0.387222 
1535133735616 0.206397 0.91902 -0.335861 -0.621418 -0.937806 0.283726 0.200049 -0.24248 0.279142 0.273682 0.920423 0.387359 
1535133735806 0.206591 0.918882 -0.33612 -0.620884 -0.937567 0.284155 0.200558 -0.242309 0.279799 0.273702 0.920217 0.387598 
1535133735935 0.206737 0.918752 -0.336384 -0.620577 -0.937492 0.284391 0.200575 -0.24237 0.279943 0.273891 0.920117 0.387716 
1535133735958 0.206727 0.918749 -0.336398 -0.620516 -0.937492 0.284386 0.20058 -0.24237 0.27995 0.273905 0.920111 0.387744 
1535133735975 0.206701 0.918757 -0.336394 -0.620461 -0.937494 0.284365 0.200604 -0.242353 0.279965 0.273902 0.920107 0.387771 
1535133736114 0.206673 0.918729 -0.336486 -0.620363 -0.937454 0.284405 0.200734 -0.242226 0.280119 0.273953 0.920045 0.387834 
1535133736193 0.206534 0.918724 -0.336585 -0.620159 -0.937409 0.28437 0.200992 -0.242087 0.280371 0.274006 0.919953 0.387955 
1535133736350 0.206596 0.918705 -0.336599 -0.619701 -0.937276 0.284547 0.201361 -0.24184 0.28077 0.273886 0.919867 0.38819 
1535133736460 0.206915 0.918421 -0.337179 -0.619424 -0.937155 0.285021 0.201253 -0.241996 0.280939 0.274347 0.919678 0.388184 
1535133736561 0.20646 0.918535 -0.337146 -0.619267 -0.937202 0.284642 0.201573 -0.241664 0.281118 0.274358 0.91962 0.388254 
1535133736646 0.206556 0.91851 -0.337156 -0.619017 -0.937121 0.284793 0.201738 -0.241589 0.281318 0.274285 0.91958 0.388338 
1535133736739 0.206499 0.918446 -0.337365 -0.618822 -0.937053 0.284864 0.201953 -0.241444 0.281586 0.274425 0.919456 0.388416 
1535133736768 0.206482 0.918411 -0.337471 -0.618763 -0.937038 0.28489 0.201984 -0.241422 0.281646 0.274517 0.919411 0.388437 
1535133736782 0.2065 0.918402 -0.337485 -0.618709 -0.93703 0.284913 0.201987 -0.241424 0.281659 0.274523 0.919405 0.388455 
1535133736800 0.206537 0.918394 -0.337483 -0.618644 -0.937021 0.284949 0.201981 -0.24144 0.281664 0.274512 0.919407 0.388473 
1535133736950 0.206483 0.918429 -0.337421 -0.618559 -0.937049 0.284868 0.201964 -0.241213 0.28161 0.274478 0.919433 0.388474 
1535133737003 0.206399 0.918533 -0.33719 -0.618371 -0.937104 0.284704 0.201942 -0.241075 0.281489 0.274302 0.919523 0.388529 
1535133737107 0.206772 0.918395 -0.337338 -0.618146 -0.937076 0.285032 0.201609 -0.241132 0.281308 0.274424 0.919542 0.388449 
1535133737164 0.206707 0.918458 -0.337204 -0.617999 -0.937092 0.284939 0.201662 -0.240945 0.281301 0.274306 0.919579 0.388542 
1535133737256 0.206774 0.918438 -0.337218 -0.617792 -0.937117 0.284966 0.201508 -0.240932 0.281169 0.274346 0.919608 0.388581 
1535133737327 0.206818 0.918462 -0.337126 -0.617624 -0.937127 0.284968 0.201459 -0.240808 0.281103 0.274265 0.919652 0.388609 
1535133737416 0.207219 0.918317 -0.337274 -0.617391 -0.937027 0.285385 0.201333 -0.240896 0.281141 0.274315 0.919626 0.388673 
1535133737444 0.207225 0.918368 -0.337132 -0.617301 -0.937027 0.285359 0.201371 -0.240805 0.281137 0.274173 0.919669 0.388721 
1535133737469 0.207171 0.918431 -0.336994 -0.617219 -0.937039 0.285278 0.201431 -0.240696 0.281137 0.274046 0.919707 0.388776 
1535133737675 0.207186 0.918481 -0.336848 -0.616737 -0.936998 0.285297 0.201595 -0.240566 0.281263 0.273858 0.919724 0.388971 
1535133737731 0.207361 0.918422 -0.336902 -0.616477 -0.936923 0.285507 0.201645 -0.240625 0.281383 0.273838 0.919694 0.389051 
1535133737839 0.207402 0.918474 -0.336734 -0.616264 -0.936892 0.28553 0.201757 -0.240474 0.281456 0.273638 0.919731 0.38913 
1535133737895 0.207376 0.918515 -0.336638 -0.616075 -0.936851 0.28553 0.201949 -0.2403 0.281614 0.2735 0.919724 0.38923 
1535133738007 0.207551 0.918466 -0.336663 -0.615809 -0.936786 0.285724 0.201976 -0.24034 0.281701 0.273461 0.919708 0.389305 
1535133738062 0.207637 0.918491 -0.336542 -0.615568 -0.936778 0.285768 0.201951 -0.240285 0.281663 0.273332 0.919758 0.389391 
1535133738091 0.207799 0.918421 -0.336635 -0.615525 -0.936747 0.285933 0.201858 -0.240353 0.281646 0.273396 0.919745 0.389382 
1535133738159 0.207794 0.918398 -0.3367 -0.615432 -0.936755 0.285937 0.201819 -0.24032 0.281625 0.273469 0.919729 0.389394 
1535133738320 0.207753 0.918373 -0.336793 -0.615107 -0.936674 0.286006 0.202093 -0.240045 0.281922 0.27348 0.919635 0.389583 
