1531938713189 0.275657 0.633204 -0.723233 -0.604483 -0.8825 0.464965 0.0707247 -0.181741 0.381061 0.618757 0.686973 0.426588 
1531938713199 -0.186323 0.84515 -0.501005 -0.595438 -0.975423 -0.0980785 0.197308 -0.251687 0.117617 0.525454 0.842653 0.409383 
1531938713202 0 0 0 0 0 0 0 0 0 0 0 0 
1531938713206 0 0 0 0 0 0 0 0 0 0 0 0 
1531938713209 0 0 0 0 0 0 0 0 0 0 0 0 
1531938713219 -0.187239 0.845417 -0.500212 -0.597075 -0.97521 -0.0988485 0.197974 -0.254988 0.117925 0.52488 0.842968 0.407357 
1531938713222 0 0 0 0 0 0 0 0 0 0 0 0 
1531938713226 0 0 0 0 0 0 0 0 0 0 0 0 
1531938713229 0 0 0 0 0 0 0 0 0 0 0 0 
1531938713239 -0.187252 0.845428 -0.500188 -0.597257 -0.975206 -0.0988576 0.19799 -0.255112 0.117939 0.524861 0.842978 0.407264 
1531938713242 0 0 0 0 0 0 0 0 0 0 0 0 
1531938713246 0 0 0 0 0 0 0 0 0 0 0 0 
1531938713249 0 0 0 0 0 0 0 0 0 0 0 0 
1531938713259 -0.187253 0.845429 -0.500187 -0.597271 -0.975206 -0.0988577 0.197991 -0.255118 0.11794 0.52486 0.842978 0.407259 
1531938713262 0 0 0 0 0 0 0 0 0 0 0 0 
1531938713266 0 0 0 0 0 0 0 0 0 0 0 0 
1531938713269 0 0 0 0 0 0 0 0 0 0 0 0 
1531938713280 -0.187252 0.845429 -0.500187 -0.597271 -0.975206 -0.0988576 0.197991 -0.255118 0.11794 0.524859 0.842978 0.407259 
1531938713282 0 0 0 0 0 0 0 0 0 0 0 0 
1531938713286 0 0 0 0 0 0 0 0 0 0 0 0 
1531938713289 0 0 0 0 0 0 0 0 0 0 0 0 
1531938713292 0 0 0 0 0 0 0 0 0 0 0 0 
1531938713303 -0.187253 0.845429 -0.500187 -0.597271 -0.975206 -0.0988577 0.197991 -0.255119 0.11794 0.524859 0.842978 0.407259 
1531938713306 0 0 0 0 0 0 0 0 0 0 0 0 
1531938713309 0 0 0 0 0 0 0 0 0 0 0 0 
1531938713313 0 0 0 0 0 0 0 0 0 0 0 0 
1531938713323 -0.187253 0.845429 -0.500187 -0.597271 -0.975206 -0.0988579 0.197991 -0.255119 0.11794 0.524859 0.842978 0.407259 
1531938713333 -0.187253 0.845429 -0.500187 -0.59727 -0.975206 -0.0988581 0.197991 -0.255119 0.11794 0.524859 0.842979 0.407259 
1531938713336 0 0 0 0 0 0 0 0 0 0 0 0 
1531938713339 0 0 0 0 0 0 0 0 0 0 0 0 
1531938713342 0 0 0 0 0 0 0 0 0 0 0 0 
1531938713346 0 0 0 0 0 0 0 0 0 0 0 0 
1531938713349 0 0 0 0 0 0 0 0 0 0 0 0 
1531938713360 -0.187251 0.845429 -0.500187 -0.597273 -0.975206 -0.0988541 0.197994 -0.255111 0.117944 0.52486 0.842978 0.407258 
