1533669841079 -0.00746922 0.482113 -0.876077 -0.519723 -0.970796 0.206591 0.121965 -0.223308 0.239791 0.851403 0.46649 0.466914 
1533669846065 -0.00747053 0.482109 -0.876079 -0.519723 -0.970796 0.206589 0.121965 -0.223308 0.239789 0.851406 0.466486 0.466913 
1533669847416 0.0115379 0.541289 -0.840758 -0.528629 -0.968388 0.215579 0.125503 -0.223114 0.249183 0.812731 0.526665 0.459068 
1533669848950 0.0311337 0.597805 -0.801036 -0.537594 -0.965955 0.223926 0.12957 -0.222612 0.25683 0.769731 0.584425 0.451557 
1533669850680 0.0510057 0.650084 -0.758149 -0.545973 -0.963486 0.231835 0.13397 -0.22018 0.262857 0.723632 0.638171 0.445575 
1533669852306 0.0713421 0.700511 -0.710066 -0.555324 -0.961266 0.238294 0.138507 -0.221226 0.266231 0.672681 0.690378 0.436709 
1533669853512 0.0915233 0.746888 -0.658621 -0.565076 -0.958669 0.245019 0.144638 -0.222836 0.269403 0.618161 0.738443 0.427841 
1533669854668 0.112276 0.788983 -0.604069 -0.574312 -0.955974 0.251632 0.150977 -0.223066 0.271122 0.560523 0.7825 0.41994 
1533669855758 0.133148 0.826756 -0.546577 -0.583473 -0.953151 0.257955 0.157993 -0.222969 0.271614 0.499934 0.822369 0.412271 
1533669856823 0.153824 0.859965 -0.486619 -0.592732 -0.950373 0.263549 0.16533 -0.222829 0.270426 0.437038 0.857827 0.40437 
1533669857865 0.174052 0.888533 -0.424517 -0.601542 -0.947632 0.268353 0.173147 -0.222368 0.267768 0.372149 0.88871 0.396492 
1533669857895 0.173763 0.888788 -0.424101 -0.60166 -0.947702 0.267988 0.173329 -0.222239 0.267707 0.371803 0.888873 0.396359 
1533669858259 0.176035 0.890878 -0.418745 -0.602312 -0.947484 0.26872 0.173389 -0.222569 0.266993 0.366232 0.891397 0.395772 
1533669858608 0.178202 0.893498 -0.412196 -0.603291 -0.94711 0.269364 0.174429 -0.222556 0.266883 0.359312 0.894242 0.395021 
1533669858961 0.180188 0.896094 -0.405645 -0.6043 -0.946834 0.269755 0.175321 -0.222484 0.266529 0.352488 0.897059 0.394239 
1533669859309 0.18196 0.898616 -0.399225 -0.605265 -0.946613 0.269959 0.1762 -0.222402 0.26611 0.34585 0.899763 0.393377 
1533669859665 0.184143 0.900987 -0.392827 -0.606253 -0.94632 0.270532 0.176891 -0.222564 0.265649 0.339166 0.902439 0.392487 
1533669860013 0.186038 0.903417 -0.3863 -0.6072 -0.946092 0.270806 0.17769 -0.222573 0.26514 0.332418 0.905096 0.391684 
1533669860363 0.188017 0.9058 -0.379705 -0.608178 -0.945805 0.271197 0.17862 -0.222526 0.264769 0.325544 0.9077 0.390883 
1533669860711 0.189916 0.908108 -0.373192 -0.609181 -0.945596 0.271454 0.179333 -0.22248 0.264158 0.31883 0.910257 0.390001 
1533669861058 0.191832 0.910433 -0.366486 -0.610179 -0.945314 0.271773 0.180333 -0.222442 0.263782 0.311851 0.912781 0.389244 
1533669861082 0.191974 0.910474 -0.36631 -0.610266 -0.945271 0.271887 0.180387 -0.222468 0.263833 0.311633 0.91284 0.389182 
1533669861098 0.192011 0.910506 -0.366212 -0.610312 -0.945249 0.271919 0.180456 -0.222461 0.263886 0.311512 0.912866 0.389147 
1533669861225 0.191932 0.910721 -0.365719 -0.610339 -0.945278 0.271733 0.180585 -0.222388 0.26384 0.311046 0.913038 0.389107 
1533669861328 0.192334 0.910892 -0.36508 -0.610411 -0.94524 0.271926 0.18049 -0.222509 0.263682 0.310374 0.913313 0.389016 
1533669861422 0.19239 0.911196 -0.364291 -0.610539 -0.945249 0.271797 0.180636 -0.222434 0.263609 0.309594 0.913598 0.38893 
1533669861515 0.192593 0.91145 -0.363548 -0.610666 -0.945212 0.271834 0.180777 -0.222395 0.263594 0.308813 0.913867 0.38884 
1533669861614 0.19282 0.911689 -0.362826 -0.610779 -0.945157 0.271911 0.180947 -0.222406 0.263624 0.308038 0.91412 0.388746 
1533669861718 0.193197 0.911864 -0.362187 -0.610886 -0.945122 0.272085 0.180873 -0.222522 0.263477 0.307367 0.914388 0.388646 
1533669861811 0.193247 0.912171 -0.361385 -0.611004 -0.94513 0.27195 0.18103 -0.222424 0.263409 0.306573 0.914674 0.388575 
1533669861911 0.193519 0.912416 -0.360621 -0.611102 -0.945076 0.272049 0.181163 -0.222414 0.263403 0.305756 0.914949 0.388494 
1533669861931 0.193606 0.912465 -0.360451 -0.611108 -0.945064 0.272089 0.181167 -0.222436 0.263383 0.305574 0.915016 0.388481 
1533669861947 0.193695 0.912524 -0.360254 -0.611121 -0.945051 0.272127 0.18118 -0.222457 0.263366 0.305365 0.915091 0.388464 
1533669861964 0.193745 0.912563 -0.360126 -0.611133 -0.945042 0.272146 0.181198 -0.222468 0.263362 0.305228 0.915137 0.38845 
1533669862048 0.193615 0.912652 -0.359971 -0.611169 -0.945028 0.272042 0.181424 -0.222411 0.263504 0.305056 0.915154 0.38841 
1533669862127 0.192982 0.912737 -0.360095 -0.611071 -0.945093 0.271554 0.181817 -0.22252 0.263736 0.305236 0.915027 0.38831 
1533669862154 0.193033 0.912894 -0.35967 -0.610991 -0.945069 0.271532 0.181974 -0.222566 0.263784 0.304786 0.915163 0.388334 
1533669862211 0.193145 0.913034 -0.359256 -0.610926 -0.944978 0.271632 0.182297 -0.222642 0.264028 0.304279 0.915261 0.388329 
1533669862314 0.192579 0.91337 -0.358703 -0.610916 -0.945001 0.271103 0.182966 -0.222633 0.264361 0.303739 0.915345 0.388204 
1533669862345 0.192408 0.913551 -0.358334 -0.610887 -0.945045 0.27086 0.183097 -0.222654 0.264327 0.303412 0.915463 0.388178 
1533669862361 0.192284 0.913635 -0.358188 -0.610878 -0.945074 0.270711 0.183168 -0.222665 0.264314 0.303294 0.915506 0.388165 
1533669862378 0.192275 0.913665 -0.358115 -0.610874 -0.945063 0.270703 0.183237 -0.222681 0.264361 0.30321 0.91552 0.388148 
1533669862395 0.192326 0.913667 -0.358081 -0.61087 -0.945026 0.270774 0.183321 -0.222706 0.264454 0.303139 0.915517 0.388123 
1533669862411 0.192366 0.913678 -0.358033 -0.610862 -0.945003 0.270818 0.183375 -0.22273 0.264508 0.303067 0.915525 0.388107 
1533669862428 0.192407 0.913699 -0.357957 -0.610848 -0.944983 0.270855 0.183425 -0.222762 0.26455 0.302971 0.915545 0.388091 
1533669862445 0.192445 0.913715 -0.357897 -0.610836 -0.944971 0.270883 0.183446 -0.222784 0.264565 0.302899 0.915564 0.388083 
1533669862461 0.192472 0.913709 -0.357897 -0.610829 -0.944956 0.270918 0.18347 -0.2228 0.264599 0.302884 0.915559 0.388076 
1533669862478 0.192457 0.913706 -0.357912 -0.610816 -0.944958 0.270909 0.183473 -0.222802 0.264602 0.302901 0.915553 0.388077 
1533669862495 0.192438 0.913712 -0.357908 -0.610801 -0.944973 0.270878 0.183441 -0.222804 0.264562 0.302912 0.915561 0.388088 
1533669862512 0.192436 0.91372 -0.357887 -0.610782 -0.944981 0.270864 0.183424 -0.222803 0.264537 0.302899 0.915572 0.388104 
1533669862532 0.192402 0.913725 -0.357893 -0.610768 -0.944983 0.270839 0.18345 -0.222789 0.264554 0.302907 0.915564 0.388115 
1533669862548 0.19238 0.913739 -0.35787 -0.610755 -0.944987 0.270813 0.183464 -0.222779 0.264555 0.302888 0.915571 0.388123 
1533669862565 0.192367 0.913753 -0.35784 -0.610743 -0.944991 0.270794 0.183473 -0.222774 0.26455 0.302862 0.915581 0.38813 
1533669862582 0.192362 0.913769 -0.357803 -0.610727 -0.944992 0.270782 0.183484 -0.222773 0.264549 0.302826 0.915593 0.388138 
1533669862599 0.192396 0.913817 -0.357663 -0.610699 -0.94498 0.270792 0.183535 -0.22277 0.26457 0.302672 0.915638 0.388149 
1533669862615 0.19243 0.913883 -0.357475 -0.610669 -0.944973 0.270785 0.183578 -0.222769 0.264568 0.302478 0.915702 0.388159 
1533669862632 0.192405 0.913949 -0.35732 -0.610642 -0.944979 0.27073 0.183629 -0.222775 0.264565 0.302329 0.915752 0.388167 
1533669862648 0.192372 0.913969 -0.357285 -0.61063 -0.944986 0.270693 0.183651 -0.222783 0.264565 0.3023 0.915762 0.38817 
1533669862687 0.192265 0.913975 -0.357329 -0.610595 -0.945048 0.270556 0.183532 -0.222806 0.264421 0.302407 0.915768 0.38819 
1533669862705 0.192116 0.913957 -0.357455 -0.610574 -0.94509 0.270429 0.183501 -0.22278 0.264379 0.302574 0.915725 0.388211 
1533669862717 0.191979 0.913933 -0.35759 -0.610559 -0.945131 0.270314 0.183461 -0.222756 0.264333 0.302748 0.915681 0.388223 
1533669862733 0.191835 0.913907 -0.357733 -0.610529 -0.945178 0.270189 0.183402 -0.222739 0.264267 0.302939 0.915637 0.388239 
1533669862830 0.191659 0.913898 -0.357851 -0.610365 -0.945293 0.269958 0.183148 -0.222818 0.263983 0.303172 0.915642 0.388222 
1533669862870 0.191638 0.913925 -0.357793 -0.610368 -0.945269 0.26996 0.183272 -0.223011 0.264086 0.303089 0.915639 0.388216 
1533669862919 0.1915 0.913931 -0.357851 -0.610405 -0.945207 0.269946 0.183609 -0.223138 0.264407 0.303083 0.915549 0.388222 
1533669862977 0.191061 0.914003 -0.357903 -0.610377 -0.94524 0.269614 0.18393 -0.223174 0.264608 0.303162 0.915465 0.388279 
1533669863030 0.190712 0.913937 -0.358257 -0.610326 -0.945284 0.269392 0.184029 -0.22332 0.264703 0.303558 0.915306 0.388255 
1533669863069 0.190421 0.913865 -0.358595 -0.610259 -0.945339 0.269193 0.184034 -0.223504 0.264713 0.30395 0.915173 0.388235 
1533669863133 0.190136 0.913845 -0.358797 -0.610148 -0.945393 0.268973 0.184079 -0.223686 0.264726 0.304204 0.915085 0.388231 
1533669863183 0.189629 0.913887 -0.358958 -0.610106 -0.945486 0.268546 0.184227 -0.223734 0.26476 0.304455 0.914991 0.388236 
1533669863199 0.189505 0.913897 -0.359 -0.610099 -0.945508 0.268443 0.184264 -0.223744 0.264769 0.304518 0.914968 0.38824 
1533669863217 0.189372 0.913896 -0.359073 -0.610082 -0.945528 0.268342 0.184308 -0.223771 0.264793 0.30461 0.91493 0.388243 
1533669863238 0.189237 0.913887 -0.359165 -0.610051 -0.94555 0.268241 0.184344 -0.223828 0.264812 0.304724 0.914887 0.388238 
1533669863409 0.188152 0.913976 -0.359509 -0.609932 -0.945744 0.26733 0.184668 -0.224057 0.264889 0.305259 0.914686 0.388266 
1533669863458 0.187897 0.913966 -0.359668 -0.609847 -0.945792 0.26713 0.184715 -0.224292 0.264902 0.305463 0.914614 0.388267 
1533669863550 0.18768 0.913908 -0.359928 -0.609743 -0.94577 0.267055 0.184932 -0.224578 0.265132 0.305701 0.914468 0.388271 
1533669863605 0.187113 0.913968 -0.360072 -0.609707 -0.945872 0.266572 0.185109 -0.224666 0.265169 0.305946 0.914376 0.388274 
1533669863687 0.186606 0.913997 -0.36026 -0.609658 -0.94592 0.2662 0.185399 -0.224774 0.265356 0.306181 0.914243 0.388292 
1533669863745 0.186245 0.914002 -0.360435 -0.609571 -0.945987 0.265907 0.185481 -0.22499 0.265372 0.306421 0.914157 0.388291 
1533669863765 0.186175 0.913992 -0.360496 -0.60955 -0.945996 0.265859 0.185501 -0.225044 0.265387 0.306493 0.914129 0.388283 
1533669863782 0.186111 0.913985 -0.360548 -0.609532 -0.946004 0.265816 0.185524 -0.225086 0.265406 0.306551 0.914104 0.388277 
1533669863798 0.186029 0.913985 -0.36059 -0.609515 -0.946017 0.265752 0.185547 -0.225125 0.265414 0.306607 0.914083 0.388276 
1533669863815 0.185949 0.91399 -0.360617 -0.609502 -0.946033 0.265683 0.185564 -0.225154 0.265413 0.30665 0.914069 0.388276 
1533669863832 0.18584 0.913999 -0.36065 -0.609484 -0.946056 0.265587 0.185586 -0.225191 0.265409 0.306706 0.914051 0.388278 
1533669863902 0.185811 0.913944 -0.360805 -0.609404 -0.946036 0.265621 0.185639 -0.225309 0.265502 0.30684 0.913979 0.388274 
1533669863943 0.185754 0.913887 -0.360979 -0.6093 -0.946007 0.26565 0.185743 -0.225344 0.265642 0.306986 0.913889 0.388265 
1533669863978 0.185749 0.913767 -0.361285 -0.609206 -0.945954 0.26577 0.185842 -0.225425 0.265835 0.307239 0.913748 0.388245 
1533669864010 0.185606 0.913721 -0.361476 -0.609116 -0.945963 0.265699 0.185898 -0.225512 0.265903 0.307439 0.913661 0.388227 
1533669864043 0.185492 0.9137 -0.361586 -0.609024 -0.945982 0.26562 0.185916 -0.225618 0.265916 0.307568 0.913614 0.388207 
1533669864069 0.18539 0.913667 -0.361722 -0.608982 -0.945995 0.265561 0.185934 -0.225689 0.265941 0.307717 0.913557 0.388177 
1533669864086 0.185296 0.913647 -0.361821 -0.608945 -0.946008 0.2655 0.185954 -0.225742 0.26596 0.307829 0.913513 0.388151 
1533669864103 0.18525 0.913632 -0.361882 -0.608917 -0.946012 0.265476 0.185968 -0.225778 0.265977 0.307894 0.913486 0.388135 
1533669864119 0.185219 0.913606 -0.361965 -0.608875 -0.946011 0.265471 0.185977 -0.225838 0.266001 0.307977 0.913452 0.388116 
1533669864190 0.185249 0.913536 -0.362125 -0.608785 -0.945974 0.265568 0.186029 -0.225935 0.266113 0.308099 0.913378 0.388088 
1533669864272 0.18489 0.913688 -0.361925 -0.608604 -0.945987 0.265262 0.186401 -0.225726 0.266317 0.307913 0.913381 0.38805 
1533669864309 0.184963 0.913689 -0.361886 -0.608434 -0.945937 0.265363 0.18651 -0.225802 0.266443 0.307824 0.913374 0.388027 
1533669864357 0.185123 0.913644 -0.361918 -0.608294 -0.945867 0.265562 0.186581 -0.225926 0.26658 0.307786 0.913347 0.387993 
1533669864415 0.185115 0.913594 -0.362048 -0.608168 -0.945852 0.2656 0.186603 -0.226063 0.266639 0.3079 0.913291 0.387925 
1533669864448 0.18499 0.913608 -0.362076 -0.608025 -0.945874 0.265493 0.186645 -0.226159 0.266649 0.307951 0.913271 0.387906 
1533669864472 0.18495 0.913613 -0.362083 -0.607906 -0.945872 0.265468 0.186688 -0.226231 0.266682 0.307956 0.91326 0.387899 
1533669864489 0.184928 0.913615 -0.362089 -0.607846 -0.945868 0.265459 0.186721 -0.22626 0.266711 0.307958 0.913251 0.387894 
1533669864505 0.184885 0.913622 -0.362095 -0.607798 -0.945867 0.265431 0.186765 -0.226268 0.266744 0.307963 0.913239 0.387884 
1533669864630 0.184449 0.913665 -0.362208 -0.607617 -0.945917 0.265092 0.186997 -0.226267 0.266871 0.308127 0.913147 0.387768 
1533669864666 0.184209 0.913747 -0.362123 -0.607433 -0.945954 0.264863 0.187133 -0.226264 0.266905 0.30808 0.913153 0.38778 
1533669864712 0.184101 0.913766 -0.362131 -0.607229 -0.945955 0.264788 0.187233 -0.226367 0.266975 0.30809 0.913129 0.387772 
1533669864784 0.183862 0.913746 -0.362303 -0.607052 -0.945964 0.264646 0.187391 -0.22642 0.26711 0.308271 0.913029 0.387691 
1533669864832 0.18342 0.91384 -0.362288 -0.606855 -0.946026 0.264261 0.187619 -0.226349 0.267192 0.308321 0.912988 0.387671 
1533669864884 0.183272 0.913842 -0.362359 -0.606676 -0.946032 0.264165 0.187723 -0.226424 0.267272 0.308399 0.912938 0.387631 
1533669864905 0.183287 0.913817 -0.362415 -0.606602 -0.946018 0.264203 0.18774 -0.226493 0.267311 0.308441 0.912912 0.38761 
1533669864921 0.183304 0.913799 -0.362452 -0.606538 -0.946009 0.264233 0.187745 -0.226553 0.267333 0.308468 0.912897 0.387595 
1533669864938 0.183333 0.913778 -0.362491 -0.606464 -0.945996 0.264276 0.187748 -0.226626 0.267358 0.308494 0.912881 0.387581 
1533669864955 0.183323 0.913771 -0.362512 -0.606406 -0.945992 0.264278 0.187767 -0.226664 0.26738 0.308511 0.912868 0.387571 
1533669865068 0.182719 0.91387 -0.362567 -0.606348 -0.946067 0.263779 0.18809 -0.226484 0.267527 0.308645 0.91278 0.387493 
1533669865117 0.182184 0.914035 -0.362422 -0.606135 -0.946158 0.263268 0.188349 -0.226431 0.267572 0.308594 0.912784 0.387533 
1533669865162 0.182013 0.914067 -0.362427 -0.605961 -0.946168 0.263138 0.188481 -0.22651 0.267653 0.30861 0.912755 0.387537 
1533669865213 0.182084 0.913996 -0.362571 -0.605791 -0.946113 0.263281 0.188558 -0.226686 0.267799 0.308699 0.912682 0.387504 
1533669865268 0.181913 0.914008 -0.362626 -0.605588 -0.946115 0.26317 0.188702 -0.226801 0.267907 0.308758 0.91263 0.387496 
1533669865308 0.181437 0.914119 -0.362583 -0.605472 -0.946182 0.262748 0.188951 -0.2267 0.267991 0.308787 0.912596 0.387497 
1533669865328 0.181256 0.914162 -0.362567 -0.605428 -0.946206 0.26259 0.189054 -0.226657 0.268032 0.308796 0.912581 0.387494 
1533669865348 0.181115 0.914192 -0.36256 -0.605362 -0.946218 0.262476 0.189152 -0.226646 0.268084 0.308802 0.912563 0.387489 
1533669865365 0.181048 0.914205 -0.36256 -0.605302 -0.946219 0.262427 0.189213 -0.226659 0.268125 0.308805 0.912551 0.387488 
1533669865387 0.180944 0.914234 -0.362539 -0.605194 -0.946226 0.262342 0.189298 -0.226691 0.268172 0.308792 0.912541 0.387495 
1533669865493 0.180861 0.914175 -0.36273 -0.605057 -0.946183 0.262372 0.18947 -0.226802 0.268379 0.308941 0.91243 0.387413 
1533669865524 0.180559 0.914265 -0.362653 -0.604927 -0.946227 0.262092 0.189637 -0.226758 0.268427 0.308911 0.912426 0.387431 
1533669865565 0.180277 0.914343 -0.362597 -0.604765 -0.946267 0.261836 0.189792 -0.226781 0.268476 0.308898 0.912416 0.38745 
1533669865623 0.179886 0.914456 -0.362508 -0.604579 -0.946315 0.261486 0.190033 -0.226749 0.268567 0.308862 0.912401 0.387464 
1533669865656 0.179703 0.91448 -0.362537 -0.604441 -0.946323 0.261355 0.190177 -0.226791 0.268664 0.308901 0.912359 0.387437 
1533669865673 0.179689 0.914464 -0.362585 -0.60439 -0.94631 0.261369 0.190221 -0.226831 0.268719 0.308937 0.912331 0.387414 
1533669865689 0.179666 0.914444 -0.362647 -0.604333 -0.946287 0.261392 0.190304 -0.226871 0.268816 0.308977 0.912289 0.387381 
1533669865706 0.179626 0.914428 -0.362707 -0.604282 -0.946268 0.261398 0.190387 -0.226904 0.268906 0.30902 0.912248 0.387352 
1533669865728 0.179591 0.914406 -0.362779 -0.604212 -0.946246 0.261414 0.190478 -0.226952 0.26901 0.30907 0.9122 0.387321 
1533669865745 0.179612 0.914401 -0.362782 -0.60417 -0.94623 0.261448 0.19051 -0.226977 0.269051 0.309057 0.912192 0.387323 
1533669865789 0.179476 0.914465 -0.362688 -0.604137 -0.94625 0.261309 0.1906 -0.226908 0.269071 0.308985 0.912211 0.387353 
1533669865886 0.178879 0.914664 -0.362479 -0.603972 -0.946348 0.260731 0.190907 -0.226748 0.269126 0.308882 0.91223 0.387386 
1533669865910 0.178749 0.914684 -0.362494 -0.603842 -0.94635 0.260639 0.191019 -0.226799 0.269202 0.308901 0.912201 0.387363 
1533669865934 0.178666 0.914697 -0.362502 -0.603731 -0.946346 0.260587 0.191111 -0.226845 0.269272 0.308907 0.912178 0.387347 
1533669865971 0.178723 0.914642 -0.362612 -0.603631 -0.946307 0.260695 0.191159 -0.226975 0.269373 0.308978 0.912124 0.387296 
1533669865991 0.178763 0.914608 -0.362678 -0.603604 -0.946287 0.26076 0.191167 -0.227032 0.269415 0.309024 0.912096 0.387267 
1533669866007 0.178765 0.914589 -0.362727 -0.603566 -0.946273 0.260788 0.1912 -0.22707 0.269464 0.309059 0.91207 0.387241 
1533669866024 0.17867 0.914606 -0.362729 -0.603507 -0.946278 0.260715 0.191272 -0.227075 0.269508 0.309068 0.912054 0.387229 
1533669866041 0.178476 0.914655 -0.362702 -0.603427 -0.946306 0.260541 0.191374 -0.227064 0.26954 0.309071 0.912043 0.387225 
1533669866057 0.178347 0.914689 -0.362679 -0.603364 -0.94632 0.260428 0.191458 -0.227055 0.269576 0.309064 0.912035 0.387222 
1533669866074 0.178299 0.914708 -0.362656 -0.603328 -0.946327 0.260382 0.191487 -0.22706 0.269584 0.309049 0.912038 0.387229 
1533669866184 0.177983 0.914786 -0.362613 -0.603275 -0.946369 0.260101 0.19166 -0.227006 0.269644 0.309053 0.912019 0.387221 
1533669866209 0.177803 0.914848 -0.362546 -0.603152 -0.946389 0.259936 0.191785 -0.226991 0.269693 0.30901 0.912019 0.387234 
1533669866237 0.177609 0.914901 -0.362507 -0.603019 -0.946407 0.259769 0.191919 -0.226994 0.269755 0.308993 0.912006 0.387235 
1533669866268 0.177459 0.914929 -0.36251 -0.602906 -0.946419 0.259649 0.192023 -0.227029 0.269812 0.309011 0.911983 0.387225 
1533669866284 0.177446 0.914919 -0.362541 -0.602867 -0.946411 0.259656 0.192055 -0.227062 0.269851 0.309033 0.911964 0.387211 
1533669866301 0.17748 0.914895 -0.362584 -0.60282 -0.946389 0.259714 0.192083 -0.227113 0.269904 0.309055 0.911941 0.387192 
1533669866318 0.177496 0.914875 -0.362627 -0.602769 -0.94637 0.259757 0.192121 -0.22716 0.269962 0.309079 0.911916 0.387171 
1533669866335 0.177458 0.914871 -0.362657 -0.602723 -0.946363 0.259744 0.192171 -0.227183 0.27001 0.309103 0.911894 0.387152 
1533669866351 0.177365 0.914885 -0.362667 -0.602676 -0.946369 0.259673 0.192239 -0.227183 0.270052 0.309121 0.911875 0.387139 
1533669866368 0.177276 0.914902 -0.362668 -0.602626 -0.946373 0.259605 0.192309 -0.22718 0.270094 0.309128 0.91186 0.387128 
1533669866385 0.177222 0.914928 -0.362628 -0.602593 -0.946382 0.259548 0.192341 -0.227172 0.270097 0.309098 0.911869 0.38714 
1533669866482 0.176826 0.915073 -0.362455 -0.602525 -0.946457 0.259146 0.192518 -0.227055 0.270097 0.309005 0.911901 0.387184 
1533669866506 0.176669 0.915132 -0.362384 -0.602398 -0.94647 0.259003 0.192642 -0.227053 0.270151 0.308952 0.911903 0.387197 
1533669866526 0.176525 0.915163 -0.362376 -0.602297 -0.946482 0.258886 0.192742 -0.227078 0.270205 0.308958 0.911885 0.387188 
1533669866540 0.17647 0.91517 -0.362383 -0.602252 -0.946483 0.258848 0.19279 -0.227092 0.270238 0.308968 0.911872 0.387178 
1533669866557 0.176396 0.915163 -0.362438 -0.602191 -0.946476 0.258815 0.192868 -0.227117 0.270309 0.309017 0.911834 0.387157 
1533669866573 0.176358 0.915149 -0.362493 -0.60216 -0.946469 0.258807 0.192914 -0.227144 0.270361 0.309066 0.911802 0.387138 
1533669866590 0.176331 0.91514 -0.362529 -0.602132 -0.946463 0.258802 0.192948 -0.227168 0.270397 0.309097 0.911781 0.387125 
1533669866607 0.176324 0.915127 -0.362564 -0.602096 -0.946454 0.258815 0.192976 -0.227202 0.270434 0.309124 0.911761 0.387111 
1533669866623 0.17634 0.915114 -0.362589 -0.602051 -0.946442 0.258845 0.192994 -0.227248 0.270466 0.309137 0.911747 0.3871 
1533669866640 0.176352 0.915106 -0.362603 -0.60202 -0.946438 0.258862 0.192993 -0.227281 0.270473 0.309146 0.911742 0.387096 
1533669866693 0.176145 0.915174 -0.362531 -0.601993 -0.946484 0.258646 0.193053 -0.227222 0.270444 0.309125 0.911757 0.387118 
1533669866752 0.175669 0.915327 -0.362377 -0.601869 -0.946573 0.258173 0.193249 -0.227104 0.270442 0.309069 0.911777 0.387157 
1533669866774 0.175519 0.915358 -0.362371 -0.601769 -0.946582 0.258055 0.193365 -0.227108 0.27051 0.309075 0.911755 0.387146 
1533669866791 0.175467 0.915365 -0.362379 -0.601706 -0.946577 0.258025 0.193427 -0.227132 0.270559 0.30908 0.911739 0.387137 
1533669866807 0.175431 0.915359 -0.362412 -0.60162 -0.946563 0.258023 0.1935 -0.227186 0.270632 0.3091 0.91171 0.387119 
1533669866824 0.175466 0.915333 -0.36246 -0.601567 -0.946542 0.258082 0.193524 -0.227256 0.270684 0.309127 0.911686 0.387101 
1533669866841 0.1755 0.915302 -0.362521 -0.601517 -0.946521 0.258143 0.193545 -0.227333 0.270734 0.309167 0.911657 0.387078 
1533669866857 0.175481 0.915287 -0.362568 -0.601495 -0.946516 0.258145 0.193569 -0.227367 0.270767 0.309209 0.911633 0.387057 
1533669866874 0.175427 0.91529 -0.362586 -0.601487 -0.946519 0.258108 0.193603 -0.227362 0.27079 0.309232 0.911619 0.387045 
1533669866891 0.175379 0.91531 -0.36256 -0.601485 -0.946528 0.258057 0.193626 -0.227338 0.270789 0.309215 0.911625 0.387054 
1533669866907 0.175334 0.91534 -0.362506 -0.601485 -0.946537 0.258003 0.193653 -0.2273 0.270786 0.309171 0.91164 0.387074 
1533669866981 0.175084 0.915455 -0.362337 -0.601419 -0.946571 0.25775 0.193824 -0.227174 0.270829 0.309043 0.911671 0.387124 
1533669867008 0.174859 0.915498 -0.362337 -0.601321 -0.946605 0.257552 0.193924 -0.2272 0.270858 0.30908 0.91165 0.387115 
1533669867025 0.174764 0.915503 -0.362369 -0.601244 -0.946608 0.257487 0.193992 -0.227239 0.270905 0.309119 0.911623 0.387096 
1533669867042 0.174692 0.915506 -0.362397 -0.601185 -0.946609 0.257441 0.194051 -0.227264 0.27095 0.309149 0.911599 0.387079 
1533669867059 0.174597 0.915516 -0.362418 -0.60113 -0.946613 0.257373 0.194121 -0.227273 0.270997 0.309177 0.911576 0.387063 
1533669867075 0.174521 0.915523 -0.362436 -0.601088 -0.946614 0.257321 0.194184 -0.227272 0.271042 0.309198 0.911555 0.387049 
1533669867092 0.174496 0.91551 -0.36248 -0.601063 -0.946606 0.257322 0.194223 -0.227287 0.271088 0.309234 0.911529 0.387027 
1533669867109 0.174553 0.915482 -0.362524 -0.601045 -0.946589 0.257391 0.194213 -0.227337 0.271109 0.309261 0.911514 0.387015 
1533669867125 0.174656 0.915456 -0.362542 -0.601034 -0.946573 0.257486 0.194164 -0.227399 0.271098 0.30926 0.911517 0.38702 
1533669867142 0.174697 0.915457 -0.362517 -0.601034 -0.946573 0.257511 0.194134 -0.227418 0.271074 0.309234 0.911533 0.387038 
1533669867159 0.174681 0.915475 -0.36248 -0.601036 -0.946581 0.257483 0.194132 -0.227407 0.271055 0.309206 0.911549 0.387057 
1533669867233 0.174369 0.91558 -0.362365 -0.600952 -0.94663 0.25718 0.194295 -0.22731 0.271086 0.309147 0.911559 0.387091 
1533669867253 0.174253 0.915612 -0.362339 -0.600855 -0.946632 0.257089 0.194404 -0.227305 0.271152 0.309126 0.911547 0.38709 
1533669867270 0.174142 0.915625 -0.362362 -0.600776 -0.946635 0.257011 0.194493 -0.227322 0.271214 0.309155 0.911519 0.387072 
1533669867286 0.174045 0.915624 -0.362411 -0.600701 -0.946634 0.256954 0.194575 -0.227349 0.271281 0.309205 0.911482 0.387044 
1533669867303 0.174003 0.91562 -0.36244 -0.600667 -0.946631 0.256933 0.194614 -0.227363 0.271315 0.309234 0.911462 0.387029 
1533669867320 0.173995 0.915583 -0.362539 -0.600636 -0.946616 0.256966 0.194648 -0.227415 0.271376 0.309317 0.911415 0.38699 
1533669867336 0.174012 0.915566 -0.362571 -0.600645 -0.946612 0.256989 0.194634 -0.227437 0.271377 0.309346 0.911405 0.386983 
1533669867353 0.174047 0.915549 -0.362598 -0.600678 -0.946612 0.257019 0.194593 -0.227456 0.271354 0.309372 0.911403 0.386983 
1533669867370 0.174056 0.915552 -0.362586 -0.600709 -0.946616 0.257019 0.194575 -0.227441 0.271335 0.309363 0.911412 0.386994 
1533669867453 0.173864 0.915645 -0.362443 -0.600705 -0.946658 0.256804 0.194655 -0.227313 0.271312 0.309266 0.911452 0.387057 
1533669867473 0.173808 0.915666 -0.362417 -0.60061 -0.946657 0.25676 0.19472 -0.227325 0.271353 0.30924 0.911448 0.387063 
1533669867490 0.173709 0.915681 -0.362426 -0.600543 -0.94666 0.256687 0.194799 -0.227332 0.271404 0.309256 0.911428 0.387055 
1533669867506 0.173581 0.9157 -0.36244 -0.600469 -0.946659 0.256599 0.194918 -0.227341 0.271488 0.309273 0.911397 0.387035 
1533669867523 0.173482 0.915715 -0.36245 -0.600412 -0.946663 0.256527 0.194996 -0.227345 0.271539 0.30929 0.911376 0.387016 
1533669867540 0.173429 0.915705 -0.362501 -0.600367 -0.946658 0.256505 0.195049 -0.227376 0.271591 0.309337 0.911345 0.386986 
1533669867556 0.173426 0.915685 -0.362553 -0.600343 -0.946649 0.256524 0.195067 -0.227415 0.271624 0.309381 0.91132 0.386964 
1533669867573 0.173464 0.915659 -0.362601 -0.600328 -0.946635 0.256578 0.195063 -0.227453 0.271647 0.309414 0.911302 0.386947 
1533669867590 0.173518 0.915637 -0.36263 -0.600319 -0.946625 0.256635 0.19504 -0.227481 0.271649 0.309431 0.911295 0.386934 
1533669867606 0.173529 0.915635 -0.36263 -0.600321 -0.94663 0.256637 0.195012 -0.227482 0.271624 0.309436 0.911301 0.386934 
1533669867623 0.173499 0.915651 -0.362604 -0.600328 -0.946642 0.256595 0.195006 -0.227461 0.271599 0.309423 0.911313 0.386944 
1533669867640 0.173446 0.915671 -0.362579 -0.600339 -0.946656 0.256536 0.195019 -0.227426 0.271588 0.309412 0.91132 0.386951 
1533669867660 0.173391 0.91569 -0.362558 -0.600341 -0.946667 0.25648 0.195038 -0.227395 0.271583 0.309404 0.911325 0.386954 
1533669867676 0.173361 0.915702 -0.36254 -0.600332 -0.946674 0.256446 0.195047 -0.227381 0.271578 0.309394 0.911329 0.386957 
1533669867693 0.173336 0.915718 -0.362512 -0.600309 -0.94668 0.256415 0.195058 -0.227374 0.271572 0.309372 0.911338 0.386966 
1533669867710 0.17328 0.915745 -0.362471 -0.600249 -0.946689 0.256357 0.195091 -0.227374 0.271576 0.309342 0.911347 0.386977 
1533669867730 0.173201 0.915768 -0.36245 -0.600155 -0.946701 0.256282 0.19513 -0.227408 0.271584 0.309335 0.911347 0.38698 
1533669867746 0.173149 0.915776 -0.362455 -0.600079 -0.946712 0.256234 0.195144 -0.22746 0.271582 0.309351 0.911342 0.386976 
1533669867763 0.173134 0.915772 -0.362473 -0.600029 -0.946714 0.256224 0.195144 -0.227507 0.271582 0.309373 0.911335 0.386968 
1533669867780 0.173147 0.915753 -0.362515 -0.599992 -0.94671 0.256247 0.195133 -0.227563 0.271587 0.30941 0.911321 0.386952 
1533669867796 0.173134 0.915731 -0.362576 -0.600001 -0.94671 0.256251 0.195131 -0.227585 0.271598 0.30947 0.911297 0.386925 
1533669867816 0.173091 0.915711 -0.362647 -0.60003 -0.946707 0.256239 0.195161 -0.227581 0.271635 0.30954 0.911263 0.386887 
1533669867833 0.173017 0.915715 -0.362672 -0.600045 -0.946703 0.256196 0.195237 -0.227543 0.271697 0.309563 0.911236 0.38686 
1533669867851 0.172951 0.915725 -0.362679 -0.600046 -0.946697 0.256157 0.195315 -0.227512 0.271758 0.309567 0.911217 0.386843 
1533669867866 0.172871 0.915744 -0.362669 -0.600038 -0.946699 0.256095 0.195388 -0.227479 0.271803 0.309562 0.911205 0.386835 
1533669867883 0.172755 0.915785 -0.362621 -0.599993 -0.946707 0.255993 0.195483 -0.22744 0.271849 0.309525 0.911204 0.386838 
1533669867900 0.172704 0.915815 -0.362569 -0.599944 -0.946712 0.25594 0.195529 -0.227429 0.271865 0.309479 0.911215 0.386853 
1533669867916 0.172683 0.915852 -0.362485 -0.599868 -0.946715 0.255903 0.195561 -0.227442 0.271866 0.309399 0.911241 0.386886 
1533669867933 0.172676 0.915874 -0.362433 -0.599817 -0.946716 0.255886 0.195577 -0.227457 0.271866 0.30935 0.911258 0.386907 
1533669867950 0.172697 0.915875 -0.362421 -0.599787 -0.946712 0.255903 0.195576 -0.227486 0.271867 0.309333 0.911264 0.386915 
1533669867967 0.172729 0.915864 -0.362433 -0.599771 -0.946707 0.255935 0.195561 -0.227524 0.271867 0.309339 0.911262 0.386913 
1533669867986 0.172751 0.915853 -0.362451 -0.599747 -0.946703 0.255959 0.195548 -0.22757 0.271866 0.309352 0.911258 0.386909 
1533669868003 0.172754 0.91585 -0.362456 -0.599709 -0.9467 0.255965 0.195554 -0.227611 0.271874 0.309354 0.911254 0.386908 
1533669868020 0.172708 0.915857 -0.36246 -0.599655 -0.946698 0.255935 0.195601 -0.227629 0.271909 0.309359 0.911242 0.386899 
1533669868036 0.172629 0.91587 -0.362467 -0.599594 -0.946698 0.255881 0.195675 -0.227636 0.271961 0.309367 0.911224 0.386885 
1533669868053 0.172546 0.915884 -0.36247 -0.599542 -0.946697 0.255822 0.195753 -0.22763 0.272015 0.309373 0.911206 0.38687 
1533669868070 0.172458 0.915898 -0.362476 -0.599496 -0.9467 0.255757 0.195824 -0.227626 0.272061 0.309385 0.911188 0.386855 
1533669868086 0.172423 0.915901 -0.362485 -0.59947 -0.946697 0.255738 0.195864 -0.227629 0.272093 0.309392 0.911176 0.386845 
1533669868103 0.172397 0.915908 -0.362481 -0.599461 -0.946696 0.255719 0.195893 -0.227622 0.272114 0.309388 0.911171 0.386841 
1533669868120 0.172408 0.915907 -0.362477 -0.59948 -0.946696 0.255726 0.195885 -0.227622 0.272107 0.309384 0.911175 0.386844 
1533669868136 0.172398 0.915917 -0.362458 -0.599508 -0.946702 0.255708 0.195879 -0.227606 0.272092 0.309371 0.911184 0.386853 
1533669868157 0.172344 0.915931 -0.362447 -0.599531 -0.94671 0.255658 0.195904 -0.227574 0.272097 0.30937 0.911182 0.386853 
1533669868173 0.172314 0.915938 -0.362445 -0.599533 -0.946714 0.255631 0.19592 -0.227566 0.272102 0.309372 0.91118 0.38685 
1533669868190 0.172251 0.915959 -0.36242 -0.599517 -0.946727 0.255567 0.195944 -0.227555 0.272099 0.309361 0.911185 0.386855 
1533669868206 0.172212 0.915984 -0.362376 -0.599474 -0.946734 0.255521 0.195968 -0.22756 0.272098 0.309326 0.911197 0.386871 
1533669868223 0.172123 0.916029 -0.362305 -0.599393 -0.946748 0.255426 0.196025 -0.22756 0.272107 0.309271 0.911213 0.386895 
1533669868240 0.172084 0.916051 -0.362268 -0.599329 -0.94675 0.255388 0.196064 -0.227575 0.272124 0.309238 0.911219 0.386907 
1533669868257 0.172072 0.91606 -0.362251 -0.599274 -0.946745 0.255381 0.196097 -0.227596 0.272149 0.309217 0.911219 0.386911 
1533669868273 0.172104 0.916046 -0.362271 -0.599232 -0.946736 0.25542 0.196092 -0.22764 0.272161 0.309227 0.911212 0.386902 
1533669868290 0.172148 0.916019 -0.362317 -0.599228 -0.946724 0.255474 0.196077 -0.227676 0.272172 0.30926 0.911197 0.386886 
1533669868306 0.172189 0.915988 -0.362377 -0.599247 -0.946714 0.255527 0.196056 -0.227705 0.272182 0.309309 0.911178 0.386863 
1533669868326 0.172178 0.915964 -0.362442 -0.599266 -0.946713 0.255534 0.196051 -0.227716 0.272192 0.309373 0.911153 0.386833 
1533669868343 0.172119 0.915966 -0.362465 -0.599268 -0.946723 0.255486 0.196067 -0.227704 0.272195 0.309407 0.91114 0.386817 
1533669868360 0.172023 0.915981 -0.362474 -0.599265 -0.946741 0.255398 0.196093 -0.227683 0.272193 0.309436 0.911131 0.386806 
1533669868376 0.171891 0.916017 -0.362445 -0.599245 -0.946766 0.255269 0.196141 -0.227643 0.272189 0.309436 0.911133 0.38681 
1533669868393 0.171717 0.916076 -0.362379 -0.599192 -0.9468 0.255092 0.196208 -0.227593 0.272181 0.309409 0.911144 0.386824 
1533669868410 0.171599 0.91612 -0.362324 -0.599147 -0.946824 0.254969 0.196254 -0.227564 0.272173 0.30938 0.911156 0.386838 
1533669868426 0.171476 0.916172 -0.36225 -0.599087 -0.946849 0.254836 0.196306 -0.227534 0.272164 0.309334 0.911175 0.386862 
1533669868443 0.171446 0.916185 -0.362232 -0.599068 -0.946855 0.254804 0.196318 -0.227532 0.272162 0.309323 0.911179 0.386867 
1533669868460 0.171469 0.916164 -0.362273 -0.599067 -0.94685 0.254835 0.196302 -0.227566 0.272165 0.309359 0.911166 0.386853 
1533669868476 0.171512 0.916134 -0.362328 -0.599077 -0.946841 0.254888 0.196276 -0.227602 0.272168 0.309403 0.91115 0.386833 
1533669868496 0.171565 0.916092 -0.362409 -0.599092 -0.94683 0.254956 0.196243 -0.227652 0.272175 0.309471 0.911125 0.386803 
1533669868513 0.171582 0.916065 -0.36247 -0.599086 -0.946826 0.254986 0.196223 -0.2277 0.272177 0.309528 0.911105 0.38678 
1533669868530 0.171552 0.916063 -0.36249 -0.599058 -0.946831 0.254963 0.196228 -0.227725 0.272179 0.309553 0.911096 0.386771 
1533669868546 0.171475 0.916082 -0.362477 -0.599014 -0.946846 0.254887 0.196254 -0.227731 0.272175 0.309557 0.911095 0.386771 
1533669868563 0.17135 0.916122 -0.362436 -0.598957 -0.94687 0.254762 0.1963 -0.227714 0.27217 0.309544 0.911102 0.386785 
1533669868580 0.171258 0.916156 -0.362393 -0.598906 -0.946886 0.254668 0.196344 -0.227698 0.272171 0.30952 0.911109 0.3868 
1533669868596 0.17122 0.916173 -0.362367 -0.598869 -0.946889 0.254632 0.196376 -0.227689 0.272185 0.309498 0.911113 0.38681 
1533669868613 0.171205 0.916179 -0.362361 -0.598847 -0.946889 0.25462 0.196392 -0.227688 0.272195 0.309493 0.911112 0.386813 
1533669868630 0.171213 0.916166 -0.36239 -0.598849 -0.946884 0.254638 0.196395 -0.227696 0.272208 0.309516 0.9111 0.386803 
1533669868646 0.171221 0.916146 -0.362437 -0.598864 -0.946878 0.25466 0.196395 -0.227701 0.272224 0.309556 0.911081 0.386787 
1533669868667 0.171188 0.916138 -0.362471 -0.598872 -0.946878 0.254643 0.196414 -0.227691 0.272243 0.309593 0.911063 0.386774 
1533669868687 0.171121 0.91613 -0.362525 -0.598877 -0.946883 0.254601 0.196446 -0.227675 0.272269 0.309652 0.911035 0.386758 
1533669868703 0.171007 0.916124 -0.362594 -0.598877 -0.946899 0.254517 0.19648 -0.227664 0.272286 0.30974 0.911 0.386748 
1533669868720 0.170801 0.916144 -0.36264 -0.598842 -0.946935 0.254337 0.196536 -0.227649 0.272288 0.309828 0.91097 0.386752 
1533669868737 0.170657 0.916168 -0.362646 -0.598797 -0.94696 0.254207 0.196584 -0.227637 0.272291 0.309862 0.910957 0.386764 
1533669868753 0.170572 0.916186 -0.362641 -0.59876 -0.946975 0.254128 0.196616 -0.227632 0.272294 0.309874 0.910952 0.386775 
1533669868770 0.170543 0.916193 -0.362638 -0.598744 -0.946979 0.254102 0.196629 -0.227631 0.272297 0.309876 0.910951 0.386779 
1533669868787 0.170539 0.916195 -0.362633 -0.598731 -0.94698 0.254097 0.196632 -0.227638 0.272297 0.309873 0.910952 0.386777 
1533669868803 0.170586 0.916182 -0.362644 -0.598731 -0.94697 0.254145 0.196619 -0.227658 0.272303 0.309872 0.91095 0.386767 
1533669868823 0.170647 0.916155 -0.362684 -0.59873 -0.946955 0.254214 0.196602 -0.227693 0.272317 0.309896 0.910938 0.386751 
1533669868840 0.170678 0.916141 -0.362705 -0.598719 -0.946946 0.254251 0.196596 -0.227717 0.272328 0.309907 0.910931 0.386743 
1533669868857 0.170715 0.916125 -0.362727 -0.598701 -0.946935 0.254294 0.196591 -0.227747 0.272341 0.309918 0.910923 0.386735 
1533669868873 0.170728 0.916127 -0.362718 -0.59866 -0.94693 0.254307 0.196601 -0.227768 0.272353 0.309903 0.910925 0.386738 
1533669868890 0.170707 0.916144 -0.362683 -0.598604 -0.946933 0.254282 0.19662 -0.227783 0.272356 0.309872 0.910935 0.386751 
1533669868907 0.170665 0.916164 -0.362652 -0.598553 -0.946945 0.254231 0.196627 -0.227807 0.27234 0.309854 0.910945 0.386765 
1533669868923 0.170612 0.91618 -0.362638 -0.598517 -0.946961 0.254171 0.196625 -0.227834 0.272316 0.309858 0.910951 0.386773 
1533669868998 0.170097 0.916331 -0.362498 -0.598386 -0.947027 0.253697 0.196923 -0.227734 0.272411 0.309799 0.910943 0.386788 
1533669869025 0.169907 0.916375 -0.362476 -0.598287 -0.947015 0.253569 0.197145 -0.227714 0.272571 0.309774 0.910903 0.386765 
1533669869051 0.1697 0.916399 -0.362512 -0.598192 -0.947034 0.253406 0.197261 -0.227741 0.272632 0.309836 0.910864 0.386744 
1533669869068 0.16957 0.916379 -0.362622 -0.59815 -0.947046 0.253323 0.197311 -0.227765 0.272672 0.309962 0.910809 0.386727 
1533669869084 0.16949 0.916338 -0.362765 -0.598123 -0.947045 0.253297 0.197348 -0.227801 0.272725 0.310107 0.910744 0.386702 
1533669869101 0.169435 0.916294 -0.362902 -0.598088 -0.947041 0.253291 0.197373 -0.227858 0.272772 0.310241 0.910684 0.386672 
1533669869118 0.169403 0.916269 -0.362978 -0.598054 -0.94704 0.253285 0.197385 -0.227907 0.272795 0.310318 0.910651 0.38665 
1533669869134 0.169416 0.916249 -0.363024 -0.598009 -0.947031 0.253316 0.197392 -0.227961 0.27282 0.310354 0.910632 0.386631 
1533669869151 0.169497 0.916237 -0.363017 -0.597968 -0.947016 0.253389 0.197369 -0.228017 0.272821 0.310329 0.91064 0.386636 
1533669869192 0.169466 0.916282 -0.362916 -0.597939 -0.947029 0.25333 0.197381 -0.228 0.272794 0.310243 0.910677 0.386667 
1533669869293 0.168794 0.916493 -0.362696 -0.597671 -0.94713 0.252685 0.197724 -0.227899 0.272861 0.310146 0.91069 0.386705 
1533669869318 0.168656 0.916511 -0.362714 -0.597526 -0.947128 0.252592 0.197853 -0.22797 0.272953 0.310168 0.910655 0.386682 
1533669869338 0.1686 0.916512 -0.362738 -0.597446 -0.947119 0.252567 0.197929 -0.228015 0.273021 0.310185 0.910629 0.386664 
1533669869355 0.168581 0.916495 -0.362792 -0.597412 -0.947107 0.252579 0.197972 -0.228054 0.273074 0.310229 0.910598 0.386638 
1533669869371 0.168575 0.916442 -0.362926 -0.59739 -0.947083 0.252631 0.19802 -0.2281 0.27316 0.31034 0.910534 0.386601 
1533669869388 0.168585 0.916358 -0.363135 -0.597375 -0.947048 0.252722 0.198069 -0.228154 0.273274 0.310515 0.91044 0.386565 
1533669869405 0.168614 0.916307 -0.36325 -0.597363 -0.947026 0.252793 0.198083 -0.228198 0.273331 0.310608 0.910392 0.386561 
1533669869421 0.168636 0.916302 -0.363254 -0.597349 -0.94702 0.252816 0.198083 -0.228222 0.273341 0.310604 0.91039 0.386572 
1533669869454 0.168536 0.916353 -0.363171 -0.597339 -0.947041 0.252702 0.198127 -0.228178 0.273328 0.310546 0.910414 0.386587 
1533669869543 0.167812 0.916628 -0.362811 -0.597137 -0.947211 0.25191 0.198323 -0.228068 0.273184 0.310377 0.910514 0.38662 
1533669869564 0.16764 0.916642 -0.362856 -0.597035 -0.947232 0.251772 0.1984 -0.228111 0.273218 0.310449 0.91048 0.386592 
1533669869581 0.167557 0.916637 -0.362907 -0.596947 -0.947236 0.251718 0.198448 -0.22817 0.273255 0.310507 0.910449 0.386569 
1533669869599 0.167529 0.916621 -0.362959 -0.596893 -0.947231 0.251715 0.198475 -0.228227 0.273289 0.310556 0.910422 0.38655 
1533669869614 0.167529 0.916565 -0.3631 -0.596863 -0.947211 0.251769 0.198504 -0.228296 0.273359 0.310677 0.910359 0.386526 
1533669869631 0.167495 0.916513 -0.363249 -0.596847 -0.947198 0.25179 0.198538 -0.228344 0.273425 0.310814 0.910293 0.386502 
1533669869648 0.16746 0.916468 -0.363378 -0.596831 -0.947186 0.251808 0.198575 -0.228388 0.273489 0.310933 0.910233 0.386479 
1533669869664 0.167462 0.916438 -0.363454 -0.596812 -0.947168 0.251846 0.198613 -0.22841 0.273551 0.310991 0.910195 0.386464 
1533669869681 0.167469 0.916438 -0.363448 -0.596787 -0.947162 0.251856 0.198627 -0.228426 0.273566 0.310981 0.910194 0.386472 
1533669869708 0.167469 0.916462 -0.363389 -0.596746 -0.947162 0.251843 0.198642 -0.228437 0.273565 0.310922 0.910214 0.386489 
1533669869756 0.16744 0.916539 -0.363209 -0.596637 -0.947178 0.251765 0.198665 -0.228469 0.273527 0.310759 0.910281 0.386526 
1533669869777 0.167348 0.916615 -0.363058 -0.59655 -0.947203 0.251637 0.198708 -0.228467 0.273498 0.310637 0.910332 0.386553 
1533669869804 0.167105 0.916689 -0.362985 -0.596452 -0.947237 0.251408 0.198837 -0.228436 0.273529 0.310606 0.910333 0.386547 
1533669869820 0.166933 0.916722 -0.362979 -0.596407 -0.947257 0.25126 0.198927 -0.228412 0.273563 0.310627 0.910316 0.386531 
1533669869837 0.166767 0.916744 -0.363 -0.596354 -0.94727 0.251129 0.19903 -0.228398 0.27362 0.310667 0.910285 0.386506 
1533669869857 0.166656 0.916745 -0.363048 -0.596286 -0.947266 0.251065 0.199133 -0.228411 0.273703 0.310716 0.910243 0.386477 
1533669869874 0.166594 0.916745 -0.363077 -0.596227 -0.94726 0.251033 0.199202 -0.228432 0.273761 0.310743 0.910216 0.386458 
