1532543625758 0.338921 0.682296 -0.647769 -0.613952 -0.934813 0.321872 -0.150078 -0.248799 0.106101 0.656407 0.746909 0.397437 
1532543626372 0.321105 0.685885 -0.653034 -0.607434 -0.940022 0.314644 -0.131748 -0.249654 0.115109 0.656171 0.745781 0.399148 
1532543626976 0.303139 0.689323 -0.657982 -0.600924 -0.944841 0.307275 -0.113387 -0.250535 0.124022 0.656061 0.744448 0.400861 
1532543627573 0.28499 0.692636 -0.662598 -0.594424 -0.94927 0.299802 -0.0948971 -0.251392 0.132919 0.656029 0.742939 0.402539 
1532543628210 0.266673 0.695834 -0.666859 -0.587908 -0.953289 0.29228 -0.0762357 -0.252211 0.141862 0.656039 0.741274 0.404256 
1532543628703 0.257408 0.697532 -0.668723 -0.584857 -0.955166 0.288433 -0.066809 -0.252547 0.14628 0.655939 0.740504 0.40513 
1532543628994 0.258607 0.697544 -0.668247 -0.584897 -0.955029 0.288508 -0.0684331 -0.252467 0.14506 0.655893 0.740785 0.405074 
1532543629297 0.261056 0.697573 -0.667264 -0.584966 -0.954802 0.288369 -0.0720834 -0.252318 0.142135 0.655923 0.741325 0.404774 
1532543629572 0.262308 0.697692 -0.666648 -0.584981 -0.954652 0.288444 -0.073754 -0.252241 0.140833 0.655763 0.741714 0.404773 
1532543629889 0.264801 0.697733 -0.66562 -0.585056 -0.954349 0.288544 -0.0772012 -0.252084 0.138195 0.655676 0.742287 0.40455 
1532543630151 0.26608 0.697766 -0.665075 -0.585092 -0.9542 0.288545 -0.0790237 -0.25201 0.136764 0.655641 0.742584 0.404474 
1532543630494 0.268591 0.697739 -0.664093 -0.585148 -0.953866 0.288681 -0.0824825 -0.251917 0.13416 0.65561 0.743086 0.404254 
1532543630857 0.268576 0.697765 -0.664071 -0.585155 -0.953878 0.288636 -0.0825035 -0.251861 0.134107 0.655601 0.743103 0.40421 
1532543631100 0.269165 0.698125 -0.663455 -0.585115 -0.953834 0.288531 -0.0833641 -0.251848 0.133229 0.655265 0.743558 0.40428 
1532543631372 0.270306 0.698753 -0.662328 -0.585008 -0.953777 0.288176 -0.0852267 -0.251672 0.131315 0.654751 0.74435 0.404127 
1532543631694 0.271922 0.699651 -0.660717 -0.584793 -0.953718 0.287524 -0.0880411 -0.251428 0.128374 0.654078 0.745454 0.403924 
1532543631999 0.273748 0.700557 -0.659 -0.584637 -0.953556 0.287211 -0.0907836 -0.251251 0.125673 0.653245 0.746644 0.403805 
1532543632331 0.273848 0.7005 -0.65902 -0.584613 -0.953536 0.287235 -0.0909167 -0.251242 0.125607 0.653296 0.74661 0.403738 
1532543632699 0.275674 0.70093 -0.6578 -0.585024 -0.95325 0.287454 -0.0931916 -0.250985 0.123766 0.652738 0.747405 0.403677 
1532543633052 0.278827 0.701334 -0.656039 -0.585502 -0.952718 0.287916 -0.097125 -0.250728 0.120767 0.652101 0.748452 0.403478 
1532543633450 0.283104 0.701872 -0.653627 -0.586125 -0.95192 0.288803 -0.102184 -0.250382 0.117049 0.651129 0.749887 0.403278 
1532543633556 0.2832 0.70186 -0.653598 -0.586146 -0.951897 0.288842 -0.102281 -0.2504 0.117 0.651125 0.749899 0.403247 
1532543633808 0.283936 0.702115 -0.653005 -0.586418 -0.951677 0.289468 -0.102565 -0.250385 0.117012 0.650571 0.750377 0.403198 
1532543634069 0.284898 0.702425 -0.652252 -0.586909 -0.951442 0.289977 -0.103299 -0.250261 0.116579 0.65001 0.750931 0.402958 
1532543634314 0.285839 0.702617 -0.651633 -0.587224 -0.951179 0.290645 -0.10385 -0.250246 0.116428 0.649504 0.751392 0.402867 
1532543634546 0.286125 0.702824 -0.651284 -0.587396 -0.951104 0.290841 -0.103986 -0.25021 0.116337 0.649192 0.751675 0.402835 
1532543634786 0.286299 0.702879 -0.651148 -0.587587 -0.95108 0.29083 -0.104238 -0.250106 0.116107 0.649137 0.751758 0.402655 
1532543634834 0.286293 0.702897 -0.651131 -0.587591 -0.951084 0.290814 -0.104244 -0.250085 0.116086 0.649125 0.751772 0.402653 
1532543635132 0.286964 0.702598 -0.651159 -0.587732 -0.950893 0.29123 -0.104819 -0.250191 0.115991 0.649262 0.751668 0.402636 
1532543635382 0.287885 0.702349 -0.651021 -0.588027 -0.950656 0.291685 -0.105703 -0.250155 0.115652 0.649327 0.751664 0.402674 
1532543635604 0.28874 0.70192 -0.651105 -0.588324 -0.950434 0.292077 -0.10661 -0.250154 0.115341 0.649615 0.751463 0.402583 
1532543635800 0.289066 0.701908 -0.650973 -0.588486 -0.950366 0.292158 -0.106995 -0.250077 0.115086 0.649591 0.751523 0.402621 
1532543636046 0.29045 0.701325 -0.650985 -0.588983 -0.950005 0.292811 -0.10841 -0.250031 0.114585 0.649927 0.751309 0.402495 
1532543636527 0.290524 0.701293 -0.650987 -0.588999 -0.949982 0.292865 -0.108462 -0.250038 0.114587 0.649936 0.7513 0.402521 
1532543636822 0.292046 0.700966 -0.650658 -0.589753 -0.949498 0.294111 -0.109329 -0.249993 0.114729 0.649727 0.75146 0.402275 
1532543637080 0.29279 0.701007 -0.650279 -0.589968 -0.949259 0.294758 -0.109655 -0.250049 0.114806 0.649389 0.75174 0.402289 
1532543637435 0.294127 0.700676 -0.650033 -0.590777 -0.948851 0.295734 -0.110562 -0.249901 0.114768 0.649303 0.75182 0.40205 
1532543637670 0.294842 0.700783 -0.649593 -0.59099 -0.9486 0.296481 -0.110713 -0.249989 0.115006 0.648847 0.752178 0.402153 
1532543637918 0.29554 0.700625 -0.649447 -0.591229 -0.948394 0.296942 -0.111239 -0.249987 0.114911 0.648807 0.752226 0.402087 
1532543638122 0.295461 0.700572 -0.64954 -0.591255 -0.948426 0.296827 -0.111271 -0.249948 0.114848 0.648917 0.752142 0.402026 
1532543638383 0.296819 0.700192 -0.64933 -0.591807 -0.948008 0.297804 -0.112219 -0.250013 0.114798 0.648878 0.752182 0.401942 
1532543638649 0.297994 0.699811 -0.649202 -0.592426 -0.94768 0.298444 -0.11329 -0.24992 0.114469 0.648995 0.752131 0.401698 
1532543638904 0.299137 0.699393 -0.649128 -0.593026 -0.947347 0.29912 -0.114283 -0.249867 0.114238 0.649136 0.752045 0.40156 
1532543639173 0.300453 0.698883 -0.649069 -0.593602 -0.94696 0.29991 -0.115418 -0.249897 0.113998 0.64932 0.751923 0.401322 
1532543639405 0.301049 0.698834 -0.648846 -0.5939 -0.946786 0.300287 -0.115865 -0.249865 0.113869 0.649199 0.752047 0.401311 
1532543639673 0.301008 0.698748 -0.648957 -0.593933 -0.94681 0.300176 -0.115956 -0.249781 0.113777 0.649342 0.751937 0.401247 
1532543639938 0.302407 0.698306 -0.648782 -0.594517 -0.946377 0.301132 -0.117001 -0.249801 0.113667 0.649375 0.751926 0.401179 
1532543640268 0.303606 0.697676 -0.6489 -0.5952 -0.946033 0.301742 -0.118206 -0.249657 0.113331 0.649769 0.751636 0.400908 
1532543640562 0.305651 0.696858 -0.64882 -0.596104 -0.945421 0.302954 -0.119992 -0.249611 0.112945 0.650083 0.751422 0.400653 
1532543640812 0.307077 0.696225 -0.648826 -0.596705 -0.944977 0.303867 -0.121174 -0.249564 0.112792 0.650335 0.751227 0.40052 
1532543641054 0.307055 0.696208 -0.648854 -0.596757 -0.944987 0.303831 -0.121188 -0.249512 0.11277 0.65037 0.7512 0.400493 
1532543641324 0.30795 0.695861 -0.648802 -0.597029 -0.944728 0.304294 -0.122043 -0.24962 0.112502 0.650524 0.751107 0.400457 
1532543641593 0.309432 0.695254 -0.648748 -0.597691 -0.944298 0.305042 -0.123491 -0.249516 0.112037 0.650824 0.750917 0.400272 
1532543641853 0.310416 0.694883 -0.648675 -0.598032 -0.94401 0.305556 -0.124423 -0.249552 0.111747 0.650978 0.750826 0.400253 
1532543642165 0.312375 0.693852 -0.648839 -0.599093 -0.943467 0.306312 -0.126658 -0.24927 0.110865 0.651723 0.750311 0.399879 
1532543642433 0.314246 0.693235 -0.648594 -0.599688 -0.942898 0.307377 -0.128304 -0.249381 0.110419 0.651878 0.750242 0.399846 
1532543642980 0.314351 0.693119 -0.648668 -0.59969 -0.942869 0.307403 -0.128455 -0.249397 0.110368 0.651989 0.750153 0.399784 
1532543643236 0.315587 0.692879 -0.648324 -0.600311 -0.942491 0.308139 -0.129464 -0.249312 0.110071 0.651897 0.750277 0.399682 
1532543643519 0.316891 0.692391 -0.648209 -0.600981 -0.94211 0.308747 -0.13078 -0.249197 0.109582 0.652127 0.750148 0.399469 
1532543643793 0.318221 0.692034 -0.647939 -0.601632 -0.941704 0.309488 -0.131947 -0.249083 0.109218 0.652155 0.750177 0.399256 
1532543644058 0.319661 0.691569 -0.647726 -0.602267 -0.941262 0.310275 -0.133249 -0.249048 0.108823 0.652274 0.75013 0.399111 
1532543644293 0.320512 0.691407 -0.647478 -0.602569 -0.940981 0.310877 -0.133832 -0.249048 0.108754 0.652159 0.750241 0.399114 
1532543644519 0.320391 0.691352 -0.647597 -0.60261 -0.941026 0.310741 -0.133825 -0.248951 0.108715 0.652282 0.750139 0.399048 
1532543644771 0.320902 0.691302 -0.647397 -0.602828 -0.940758 0.311704 -0.133473 -0.249077 0.109526 0.651876 0.750374 0.399104 
1532543645015 0.321282 0.691052 -0.647476 -0.603078 -0.940537 0.312501 -0.133168 -0.249107 0.110311 0.651759 0.750361 0.398991 
1532543645247 0.321378 0.690981 -0.647504 -0.603347 -0.940415 0.313091 -0.132645 -0.249029 0.111072 0.651551 0.750429 0.398901 
1532543645456 0.321453 0.690702 -0.647765 -0.603479 -0.940356 0.313286 -0.1326 -0.248983 0.111348 0.651754 0.750212 0.398711 
1532543645680 0.321921 0.690612 -0.647627 -0.60374 -0.940089 0.314264 -0.132175 -0.249043 0.112244 0.651378 0.750405 0.398745 
1532543645916 0.321988 0.690399 -0.647821 -0.603867 -0.940027 0.314501 -0.132052 -0.249043 0.112572 0.651489 0.75026 0.398717 
1532543646153 0.322181 0.690263 -0.647871 -0.604026 -0.939923 0.314848 -0.131967 -0.249065 0.112888 0.651466 0.750232 0.398712 
1532543646440 0.322432 0.68983 -0.648207 -0.604385 -0.939756 0.315425 -0.131776 -0.24898 0.113558 0.651645 0.749975 0.398609 
1532543646667 0.322895 0.689507 -0.64832 -0.604646 -0.939518 0.316187 -0.131652 -0.249075 0.114216 0.651618 0.749899 0.398683 
1532543646900 0.323286 0.689094 -0.648564 -0.604925 -0.939309 0.316841 -0.13157 -0.249127 0.114827 0.651737 0.749703 0.398628 
1532543647080 0.323301 0.688889 -0.648774 -0.605046 -0.939282 0.316932 -0.131539 -0.249077 0.115002 0.651909 0.749526 0.398483 
1532543647323 0.323322 0.688786 -0.648874 -0.605061 -0.939269 0.316965 -0.131558 -0.249084 0.115055 0.652002 0.749437 0.398446 
1532543647547 0.324134 0.688529 -0.648741 -0.605436 -0.939057 0.317175 -0.132558 -0.249101 0.114495 0.652171 0.749376 0.398543 
1532543647800 0.325014 0.688158 -0.648695 -0.605883 -0.938797 0.317554 -0.133491 -0.249089 0.114133 0.652379 0.74925 0.398586 
1532543648024 0.325742 0.68776 -0.648752 -0.60628 -0.938611 0.317677 -0.134505 -0.249067 0.113586 0.652739 0.749019 0.398565 
1532543648268 0.326118 0.687608 -0.648724 -0.606545 -0.938509 0.317778 -0.13497 -0.249033 0.113344 0.65285 0.74896 0.398603 
1532543648513 0.32681 0.687203 -0.648805 -0.606956 -0.938334 0.317871 -0.135965 -0.24899 0.112801 0.65323 0.74871 0.398525 
1532543648913 0.326783 0.687184 -0.648839 -0.606977 -0.938346 0.317835 -0.135973 -0.248935 0.112785 0.653268 0.748679 0.398505 
1532543649308 0.32691 0.687121 -0.648841 -0.607203 -0.938318 0.317824 -0.136185 -0.248941 0.112642 0.65334 0.748638 0.39843 
1532543649551 0.327659 0.687013 -0.648578 -0.607544 -0.938023 0.318599 -0.136406 -0.249088 0.112924 0.653076 0.748826 0.398437 
1532543649804 0.328005 0.687035 -0.648379 -0.607944 -0.937907 0.318856 -0.136607 -0.249088 0.112885 0.652927 0.748962 0.398385 
1532543650046 0.328573 0.686843 -0.648295 -0.608355 -0.937694 0.319357 -0.136901 -0.249149 0.113008 0.652884 0.74898 0.39831 
1532543650281 0.328996 0.686773 -0.648154 -0.608759 -0.937531 0.319767 -0.13706 -0.249109 0.113129 0.652757 0.749073 0.398226 
1532543650293 0.328969 0.686752 -0.648191 -0.608777 -0.937542 0.319732 -0.137067 -0.249091 0.113116 0.652797 0.74904 0.398201 
1532543650550 0.329749 0.686486 -0.648076 -0.609157 -0.937281 0.320226 -0.137695 -0.249082 0.113005 0.652834 0.749024 0.398215 
1532543650775 0.330135 0.68634 -0.648035 -0.609308 -0.937164 0.320399 -0.138091 -0.249115 0.112852 0.652903 0.748987 0.39811 
1532543651035 0.330925 0.686072 -0.647915 -0.609709 -0.936899 0.320895 -0.138732 -0.249096 0.112732 0.652941 0.748972 0.398078 
1532543651269 0.331603 0.685795 -0.647861 -0.610111 -0.936671 0.321315 -0.1393 -0.249038 0.112637 0.653025 0.748914 0.398064 
1532543651528 0.331929 0.68561 -0.647891 -0.610313 -0.936569 0.321458 -0.139653 -0.249045 0.112522 0.653149 0.748822 0.398013 
1532543651754 0.332045 0.685537 -0.647908 -0.610494 -0.936541 0.321463 -0.139834 -0.248946 0.112417 0.653223 0.748774 0.397947 
1532543651771 0.332065 0.68555 -0.647885 -0.610508 -0.936533 0.321484 -0.139835 -0.248949 0.112421 0.6532 0.748793 0.397956 
1532543651991 0.332299 0.685237 -0.648095 -0.610628 -0.93647 0.32149 -0.140244 -0.248972 0.112255 0.653525 0.748535 0.397945 
1532543652227 0.332567 0.684907 -0.648306 -0.610823 -0.936405 0.321459 -0.140748 -0.248957 0.112004 0.653886 0.748257 0.397964 
1532543652460 0.333224 0.68436 -0.648547 -0.611147 -0.936219 0.321592 -0.14168 -0.249029 0.111607 0.654392 0.747873 0.397925 
1532543652718 0.333659 0.683814 -0.6489 -0.611564 -0.936097 0.321626 -0.142402 -0.248899 0.111327 0.654947 0.747429 0.397993 
1532543653007 0.334329 0.683098 -0.649308 -0.611858 -0.935902 0.321751 -0.143402 -0.249021 0.110958 0.655632 0.746883 0.397907 
1532543653217 0.334316 0.682752 -0.649679 -0.612039 -0.935934 0.3215 -0.143753 -0.248913 0.110725 0.656115 0.746494 0.397828 
1532543653234 0.334347 0.682779 -0.649634 -0.61205 -0.935926 0.321512 -0.143776 -0.248919 0.110698 0.656081 0.746528 0.397841 
1532543653481 0.33506 0.682681 -0.64937 -0.612263 -0.935713 0.321821 -0.144477 -0.24898 0.110349 0.656032 0.746622 0.397867 
1532543653842 0.336548 0.682364 -0.648933 -0.613043 -0.935349 0.321926 -0.146578 -0.248859 0.108889 0.65631 0.746593 0.397647 
1532543654192 0.337517 0.682186 -0.648617 -0.613592 -0.935095 0.322093 -0.147827 -0.248772 0.10807 0.656413 0.746621 0.397598 
1532543654472 0.33858 0.68222 -0.648028 -0.614104 -0.934819 0.322302 -0.149115 -0.248719 0.107132 0.656276 0.746877 0.397625 
1532543654734 0.339381 0.682061 -0.647775 -0.614295 -0.934576 0.322621 -0.149944 -0.248854 0.106715 0.656283 0.74693 0.397646 
