1532460207898 -0.15487 0.580357 -0.799501 -0.539506 -0.972652 -0.231364 0.0204636 -0.256701 -0.1731 0.780805 0.600316 0.440751 
1532460215873 -0.154869 0.580358 -0.7995 -0.539506 -0.972652 -0.231363 0.0204634 -0.256702 -0.173099 0.780804 0.600318 0.440752 
1532460216900 -0.120986 0.597955 -0.792346 -0.544371 -0.986241 -0.162996 0.0275854 -0.25038 -0.112655 0.784782 0.609448 0.440145 
1532460217924 -0.0855473 0.613108 -0.785354 -0.54917 -0.994989 -0.0935117 0.0353801 -0.244204 -0.0517479 0.784445 0.618035 0.43959 
1532460218951 -0.049205 0.625731 -0.778485 -0.553961 -0.998749 -0.0238386 0.043966 -0.237969 0.00895293 0.779675 0.626121 0.439026 
1532460219965 -0.0120463 0.635785 -0.771772 -0.558791 -0.997514 0.0459496 0.0534231 -0.231704 0.0694282 0.770497 0.633651 0.43858 
1532460221354 0.063952 0.647378 -0.759482 -0.568441 -0.980177 0.183749 0.0740908 -0.219173 0.187519 0.739688 0.646296 0.437374 
1532460222374 0.102691 0.649232 -0.753626 -0.573254 -0.964131 0.251386 0.0851886 -0.212923 0.244758 0.717846 0.651759 0.436886 
1532460223871 0.179671 0.644428 -0.743257 -0.582711 -0.917859 0.381641 0.109017 -0.200508 0.353911 0.662618 0.660064 0.435826 
1532460223973 0.17965 0.64444 -0.743251 -0.58272 -0.917858 0.381637 0.109046 -0.200485 0.353926 0.662609 0.660065 0.435826 
1532460224429 0.183458 0.643855 -0.742828 -0.583238 -0.915095 0.387887 0.110203 -0.199852 0.359089 0.659541 0.66035 0.435709 
1532460224835 0.187249 0.643318 -0.742347 -0.583734 -0.912195 0.39427 0.111583 -0.199233 0.364468 0.656272 0.660659 0.435657 
1532460225260 0.191031 0.642634 -0.741976 -0.584228 -0.90929 0.400576 0.112836 -0.198545 0.369729 0.653116 0.660863 0.435554 
1532460225658 0.194982 0.642087 -0.741422 -0.58474 -0.90635 0.406861 0.113995 -0.19796 0.37485 0.649761 0.661286 0.435549 
1532460226047 0.198744 0.641382 -0.741033 -0.585222 -0.903389 0.413052 0.115219 -0.19727 0.379985 0.646542 0.66151 0.435406 
1532460226484 0.202886 0.64082 -0.740396 -0.585709 -0.900261 0.419503 0.116391 -0.196747 0.385184 0.642936 0.662017 0.435427 
1532460226869 0.206509 0.64011 -0.740009 -0.586204 -0.8972 0.425625 0.117792 -0.196033 0.390366 0.639611 0.662203 0.435391 
1532460227279 0.210336 0.639308 -0.739624 -0.586745 -0.894082 0.431811 0.118983 -0.195423 0.395444 0.636258 0.662419 0.435267 
1532460227680 0.214069 0.638625 -0.739143 -0.587234 -0.890967 0.437852 0.120268 -0.194731 0.400441 0.632806 0.662724 0.435199 
1532460227693 0.214079 0.638645 -0.739123 -0.587242 -0.890956 0.437868 0.120287 -0.194727 0.400459 0.632775 0.662743 0.435209 
1532460227882 0.214257 0.638013 -0.739617 -0.587232 -0.891158 0.437697 0.119412 -0.194654 0.399915 0.63353 0.66235 0.435297 
1532460228089 0.214603 0.637366 -0.740075 -0.587232 -0.891392 0.437518 0.118317 -0.194638 0.399207 0.634305 0.662035 0.435353 
1532460228312 0.214929 0.636245 -0.740944 -0.587199 -0.891917 0.43694 0.116476 -0.194436 0.397855 0.635827 0.661389 0.435508 
1532460228518 0.215154 0.635468 -0.741545 -0.587172 -0.892156 0.436737 0.11541 -0.194388 0.397199 0.636743 0.660902 0.435552 
1532460228710 0.215418 0.635107 -0.741777 -0.587172 -0.892379 0.436499 0.114575 -0.194311 0.396553 0.637265 0.660787 0.435761 
1532460228941 0.215799 0.633801 -0.742784 -0.587134 -0.89285 0.436034 0.11266 -0.194199 0.395283 0.638883 0.659985 0.435879 
1532460229152 0.216032 0.633089 -0.743323 -0.587145 -0.8931 0.435795 0.111604 -0.194117 0.394591 0.639751 0.659557 0.435905 
1532460229166 0.216018 0.633094 -0.743323 -0.587136 -0.893109 0.435776 0.111607 -0.194106 0.39458 0.639759 0.659557 0.435913 
1532460229374 0.217291 0.632756 -0.743239 -0.587268 -0.892958 0.43638 0.110449 -0.193945 0.394222 0.639681 0.659846 0.435804 
1532460229648 0.218387 0.632452 -0.743177 -0.587435 -0.892931 0.436732 0.109271 -0.19367 0.393678 0.639742 0.660112 0.43562 
1532460229856 0.219393 0.632225 -0.743074 -0.587593 -0.892842 0.437149 0.108325 -0.193377 0.39332 0.639682 0.660384 0.43553 
1532460230076 0.220766 0.631799 -0.743029 -0.587713 -0.892693 0.437777 0.10701 -0.193238 0.39289 0.639672 0.660649 0.435361 
1532460230349 0.221909 0.631466 -0.742972 -0.587878 -0.892645 0.43817 0.105796 -0.192973 0.392354 0.639733 0.660909 0.435159 
1532460230583 0.222944 0.631367 -0.742746 -0.588024 -0.892563 0.438557 0.104879 -0.192671 0.391954 0.639565 0.661308 0.435133 
1532460230924 0.225173 0.630818 -0.74254 -0.588384 -0.892459 0.439312 0.102578 -0.192147 0.390915 0.639589 0.6619 0.434799 
1532460231160 0.226538 0.630608 -0.742303 -0.588511 -0.892258 0.439977 0.101472 -0.191947 0.390585 0.639339 0.662336 0.4348 
1532460231177 0.226445 0.630639 -0.742306 -0.588531 -0.892299 0.439885 0.101511 -0.191894 0.390545 0.639372 0.662327 0.434778 
1532460231494 0.227251 0.629935 -0.742657 -0.588657 -0.891836 0.440918 0.101095 -0.191606 0.391134 0.639354 0.661997 0.434671 
1532460231743 0.227694 0.62977 -0.742661 -0.588691 -0.891648 0.441346 0.100885 -0.191453 0.391304 0.639221 0.662025 0.43464 
1532460231945 0.228025 0.629439 -0.74284 -0.588738 -0.891468 0.441759 0.100672 -0.191365 0.391522 0.639262 0.661857 0.434567 
1532460232124 0.228252 0.629107 -0.743051 -0.588818 -0.891286 0.442149 0.10056 -0.191187 0.391803 0.639318 0.661636 0.434476 
1532460232331 0.228648 0.628626 -0.743337 -0.58889 -0.89108 0.442639 0.100238 -0.191047 0.392042 0.639453 0.661364 0.434316 
1532460232535 0.228796 0.62848 -0.743415 -0.588977 -0.890951 0.442902 0.100225 -0.190804 0.392249 0.639415 0.661279 0.434247 
1532460232709 0.229207 0.628241 -0.74349 -0.589041 -0.890755 0.443343 0.100014 -0.190648 0.392454 0.639344 0.661226 0.434198 
1532460232905 0.22966 0.627821 -0.743705 -0.5891 -0.890532 0.443862 0.0996984 -0.190546 0.392695 0.639396 0.661032 0.434121 
1532460232916 0.229655 0.627812 -0.743714 -0.589103 -0.890539 0.44385 0.0996861 -0.19054 0.392682 0.639413 0.661024 0.434117 
1532460233116 0.229972 0.6275 -0.743879 -0.589215 -0.890352 0.444266 0.0995065 -0.190424 0.39292 0.63943 0.660865 0.434016 
1532460233341 0.230481 0.627306 -0.743886 -0.589364 -0.890148 0.444734 0.0992388 -0.190232 0.393084 0.639295 0.660898 0.433903 
1532460233533 0.231133 0.627062 -0.743889 -0.589486 -0.889807 0.445462 0.0990313 -0.190199 0.393473 0.639028 0.660925 0.433963 
1532460233710 0.231391 0.626811 -0.74402 -0.58961 -0.889642 0.445819 0.0989082 -0.190033 0.393695 0.639025 0.660796 0.433859 
1532460233927 0.232104 0.626568 -0.744003 -0.589752 -0.88935 0.446478 0.0985574 -0.189952 0.393934 0.638803 0.660868 0.433828 
1532460234108 0.232302 0.626426 -0.744061 -0.589918 -0.889169 0.446832 0.098583 -0.189745 0.394225 0.638695 0.660799 0.433734 
1532460234323 0.232828 0.625976 -0.744275 -0.590017 -0.888893 0.447452 0.0982637 -0.189654 0.394538 0.638703 0.660605 0.43363 
1532460234554 0.23366 0.625457 -0.74445 -0.590282 -0.888498 0.448337 0.097802 -0.189402 0.394935 0.63859 0.660476 0.433445 
1532460234567 0.23367 0.625431 -0.744469 -0.590303 -0.888491 0.448354 0.0977883 -0.18937 0.394945 0.638604 0.660457 0.433424 
1532460234802 0.234582 0.625306 -0.744288 -0.59038 -0.88823 0.448985 0.0972608 -0.189332 0.394992 0.638283 0.660739 0.433352 
1532460234998 0.235208 0.625286 -0.744106 -0.590519 -0.888068 0.449382 0.0969107 -0.189155 0.394985 0.638023 0.660995 0.433252 
1532460235205 0.236059 0.625051 -0.744034 -0.590668 -0.887786 0.450045 0.096409 -0.189058 0.39511 0.637785 0.661149 0.433133 
1532460235422 0.236565 0.625116 -0.743819 -0.590836 -0.887651 0.45036 0.0961802 -0.188804 0.39511 0.637499 0.661425 0.432997 
1532460235655 0.237564 0.624919 -0.743667 -0.590985 -0.887318 0.451131 0.0956423 -0.188746 0.39526 0.637148 0.661674 0.432941 
1532460235857 0.238198 0.624724 -0.743627 -0.591118 -0.88717 0.451526 0.0951511 -0.188635 0.39521 0.637059 0.661789 0.432725 
1532460236069 0.238896 0.62476 -0.743373 -0.591283 -0.886955 0.452012 0.0948504 -0.188393 0.395272 0.636679 0.662118 0.432702 
1532460236350 0.240305 0.624647 -0.743014 -0.591561 -0.886533 0.452993 0.0941062 -0.188062 0.395363 0.636093 0.662626 0.432478 
1532460236373 0.240273 0.624682 -0.742995 -0.591576 -0.886547 0.45296 0.0941363 -0.188036 0.395352 0.636082 0.662644 0.432473 
1532460236596 0.240877 0.624619 -0.742852 -0.59166 -0.88615 0.45373 0.0941712 -0.187918 0.395875 0.635594 0.662799 0.432446 
1532460236814 0.241605 0.624396 -0.742804 -0.591756 -0.885696 0.454633 0.0940791 -0.187864 0.396446 0.635168 0.662866 0.432331 
1532460237021 0.242124 0.624322 -0.742696 -0.591877 -0.885304 0.455375 0.0941805 -0.187709 0.397004 0.634709 0.662972 0.432268 
1532460237199 0.242714 0.624102 -0.742688 -0.591995 -0.884879 0.456201 0.0941761 -0.18762 0.397591 0.634332 0.662982 0.432131 
1532460237384 0.24333 0.623915 -0.742644 -0.592107 -0.884453 0.457028 0.094167 -0.187529 0.398161 0.63392 0.663033 0.432029 
1532460237633 0.244571 0.623595 -0.742505 -0.592325 -0.88358 0.458707 0.0942069 -0.18732 0.399339 0.633022 0.663182 0.431882 
1532460237857 0.245174 0.623558 -0.742337 -0.592479 -0.883069 0.459641 0.0944408 -0.187162 0.400098 0.632381 0.663337 0.431864 
1532460238045 0.245734 0.623374 -0.742307 -0.592544 -0.882698 0.460364 0.0943942 -0.187047 0.400574 0.632037 0.663378 0.431737 
1532460238056 0.245739 0.623369 -0.742309 -0.592553 -0.882708 0.460348 0.0943692 -0.187036 0.400547 0.632053 0.663379 0.431716 
1532460238337 0.247454 0.623094 -0.74197 -0.592768 -0.882021 0.461809 0.0936577 -0.186814 0.401006 0.631257 0.663859 0.431565 
1532460238565 0.248494 0.622848 -0.74183 -0.592842 -0.881636 0.462651 0.0931213 -0.186758 0.401209 0.630884 0.664091 0.431523 
1532460238775 0.249409 0.622676 -0.741666 -0.592968 -0.881282 0.46341 0.0927027 -0.186675 0.401419 0.630496 0.664332 0.431441 
1532460238959 0.250057 0.622517 -0.741583 -0.593099 -0.880987 0.464019 0.0924549 -0.186516 0.401663 0.630206 0.66446 0.431314 
1532460239184 0.251148 0.622298 -0.741397 -0.5932 -0.88058 0.464898 0.0919193 -0.186438 0.401875 0.629774 0.664741 0.431254 
1532460239380 0.251863 0.622189 -0.741246 -0.593326 -0.880298 0.465492 0.0916157 -0.186235 0.402046 0.629442 0.664952 0.431181 
1532460239579 0.252642 0.622106 -0.741051 -0.593443 -0.879991 0.466133 0.0913047 -0.186103 0.402229 0.62905 0.665212 0.431095 
1532460239816 0.253732 0.621932 -0.740824 -0.59356 -0.879604 0.466968 0.0907624 -0.186087 0.402389 0.628603 0.665539 0.430985 
1532460239834 0.253706 0.621924 -0.74084 -0.593566 -0.879615 0.466947 0.0907649 -0.186076 0.402382 0.628626 0.665521 0.430966 
1532460240052 0.254641 0.621884 -0.740552 -0.593651 -0.879205 0.467771 0.0904967 -0.185971 0.402687 0.628053 0.665877 0.430941 
1532460240277 0.25553 0.62177 -0.740342 -0.593798 -0.878734 0.468688 0.0903275 -0.185842 0.403152 0.627482 0.666134 0.430797 
1532460240551 0.256571 0.621744 -0.740004 -0.593865 -0.878322 0.469528 0.0899644 -0.185687 0.403387 0.62688 0.666559 0.430771 
1532460240767 0.257419 0.621504 -0.739911 -0.593993 -0.877889 0.470389 0.0896907 -0.18556 0.403789 0.626472 0.666699 0.430645 
1532460240975 0.258332 0.621319 -0.739748 -0.59408 -0.877458 0.471252 0.0893847 -0.185512 0.404144 0.626007 0.666921 0.430476 
1532460241218 0.25942 0.621338 -0.739352 -0.594171 -0.876974 0.472202 0.0891215 -0.185375 0.404498 0.625272 0.667395 0.430462 
1532460241445 0.260263 0.621158 -0.739206 -0.594301 -0.876506 0.473102 0.088945 -0.18526 0.404969 0.62477 0.66758 0.430325 
1532460241661 0.261109 0.621229 -0.738848 -0.594425 -0.876138 0.473817 0.0887616 -0.185087 0.405221 0.624157 0.668 0.430332 
1532460241862 0.261912 0.621163 -0.738619 -0.594576 -0.875753 0.474567 0.0885623 -0.184911 0.405536 0.623652 0.66828 0.430223 
1532460242078 0.26196 0.621188 -0.738581 -0.594589 -0.875749 0.474578 0.0885358 -0.184874 0.405512 0.623619 0.668326 0.430186 
1532460242306 0.262558 0.620956 -0.738564 -0.59466 -0.875263 0.475463 0.0885966 -0.184773 0.406174 0.623176 0.668336 0.430151 
1532460242488 0.263327 0.620705 -0.738502 -0.594758 -0.874773 0.476385 0.08848 -0.184688 0.406731 0.622722 0.668421 0.430127 
1532460242706 0.264208 0.620531 -0.738333 -0.594853 -0.874206 0.477435 0.0884314 -0.184644 0.407381 0.62209 0.668614 0.430078 
1532460242913 0.264688 0.620385 -0.738283 -0.594976 -0.873686 0.478334 0.0887151 -0.184417 0.408183 0.621546 0.668631 0.430007 
1532460243137 0.265625 0.619922 -0.738336 -0.595051 -0.87312 0.479421 0.0884166 -0.184427 0.408785 0.62117 0.668613 0.429881 
1532460243388 0.26634 0.61987 -0.738122 -0.595176 -0.872583 0.480372 0.0885555 -0.184247 0.409466 0.620486 0.668831 0.429903 
1532460243625 0.267088 0.619558 -0.738113 -0.595247 -0.872056 0.481343 0.0884753 -0.184205 0.410101 0.620045 0.66885 0.429794 
1532460243939 0.26784 0.619282 -0.738073 -0.595361 -0.871539 0.482292 0.0883942 -0.184115 0.410708 0.619584 0.668906 0.429671 
1532460244176 0.26856 0.619158 -0.737915 -0.595453 -0.871 0.48325 0.0884825 -0.183973 0.411382 0.618961 0.669068 0.429713 
1532460244209 0.268587 0.61917 -0.737895 -0.595465 -0.870985 0.483275 0.088487 -0.183961 0.411395 0.61893 0.669089 0.429718 
1532460244430 0.269411 0.619127 -0.737631 -0.59558 -0.870477 0.484193 0.0884738 -0.183764 0.411932 0.618254 0.669383 0.429669 
1532460244655 0.270605 0.618885 -0.737397 -0.59565 -0.869847 0.485381 0.0881614 -0.183711 0.41248 0.617565 0.669682 0.429557 
1532460244895 0.271641 0.618595 -0.737259 -0.595759 -0.869211 0.486551 0.0879803 -0.183592 0.413138 0.616934 0.669857 0.429437 
1532460245139 0.272598 0.61824 -0.737204 -0.595897 -0.86865 0.4876 0.0877129 -0.183431 0.413689 0.616462 0.669953 0.429212 
1532460245368 0.273695 0.618123 -0.736895 -0.595965 -0.868055 0.488693 0.0875154 -0.183352 0.414211 0.615713 0.670318 0.429202 
1532460245606 0.274624 0.617843 -0.736785 -0.596086 -0.867466 0.489764 0.087366 -0.183219 0.41483 0.615143 0.670459 0.428985 
1532460245873 0.275441 0.617808 -0.736509 -0.59624 -0.866895 0.490759 0.0874615 -0.182939 0.415483 0.614385 0.670749 0.428939 
1532460246125 0.276539 0.617655 -0.736226 -0.596317 -0.86636 0.491759 0.0871406 -0.182851 0.415869 0.613739 0.671102 0.428852 
1532460246370 0.277593 0.617427 -0.73602 -0.596407 -0.865667 0.492991 0.0870667 -0.182749 0.416608 0.612979 0.671337 0.428752 
1532460246397 0.277611 0.617448 -0.735996 -0.596413 -0.865668 0.49299 0.0870604 -0.182744 0.416594 0.61296 0.671364 0.428751 
1532460246624 0.278576 0.617278 -0.735774 -0.596505 -0.865112 0.493995 0.0868915 -0.182637 0.417105 0.612321 0.67163 0.428726 
1532460246904 0.279368 0.617045 -0.735669 -0.596588 -0.864573 0.494951 0.0868233 -0.182427 0.417694 0.611783 0.671754 0.428518 
1532460247123 0.280165 0.616924 -0.735467 -0.596715 -0.864012 0.495922 0.0868569 -0.182261 0.418319 0.611118 0.67197 0.428441 
1532460247356 0.281281 0.616678 -0.735247 -0.596782 -0.863362 0.497092 0.0866353 -0.182203 0.418912 0.610416 0.672239 0.428395 
1532460247573 0.282005 0.616506 -0.735115 -0.596898 -0.862805 0.498047 0.0866982 -0.18198 0.419572 0.609812 0.672376 0.428288 
1532460247805 0.283037 0.616182 -0.73499 -0.596968 -0.862151 0.49921 0.0865099 -0.181922 0.42022 0.609187 0.672537 0.428145 
1532460248052 0.283807 0.616092 -0.734768 -0.597102 -0.86156 0.500208 0.0866357 -0.181693 0.420912 0.608459 0.672763 0.428052 
1532460248349 0.285676 0.615579 -0.734474 -0.597269 -0.860398 0.502263 0.0863037 -0.181488 0.422025 0.607285 0.673127 0.42783 
1532460248379 0.285647 0.615596 -0.734471 -0.597289 -0.860421 0.502223 0.0863071 -0.181453 0.421998 0.607301 0.67313 0.427796 
1532460248621 0.286484 0.615426 -0.734288 -0.597333 -0.859747 0.503352 0.0864406 -0.181392 0.422803 0.606538 0.673312 0.427777 
1532460248908 0.287685 0.615281 -0.733939 -0.597548 -0.858528 0.505315 0.0870984 -0.18108 0.424461 0.60505 0.673608 0.427602 
1532460249138 0.288457 0.614861 -0.733988 -0.597591 -0.857823 0.506499 0.0871696 -0.181057 0.425361 0.604488 0.673545 0.427413 
1532460249398 0.289133 0.614867 -0.733717 -0.597684 -0.857217 0.507473 0.0874704 -0.18092 0.426124 0.603664 0.673802 0.42733 
1532460249717 0.289905 0.614678 -0.73357 -0.597796 -0.856498 0.508641 0.0877184 -0.180793 0.427043 0.602872 0.673929 0.427192 
1532460249937 0.29044 0.614572 -0.733447 -0.597884 -0.855932 0.509543 0.0880141 -0.180625 0.427814 0.602218 0.674024 0.427171 
1532460250185 0.291174 0.61435 -0.733343 -0.597948 -0.855241 0.510664 0.0882298 -0.180554 0.428696 0.601495 0.674109 0.426968 
1532460250439 0.291933 0.614297 -0.733085 -0.598036 -0.85457 0.511739 0.0885066 -0.180438 0.429518 0.600635 0.674353 0.426978 
1532460250463 0.291933 0.614329 -0.733059 -0.598044 -0.85457 0.511735 0.0885272 -0.18043 0.429516 0.600606 0.674379 0.426977 
1532460250721 0.293435 0.613966 -0.732763 -0.598178 -0.853507 0.513516 0.0884767 -0.180188 0.430607 0.599456 0.674708 0.426824 
1532460250958 0.29418 0.613708 -0.73268 -0.59829 -0.852887 0.514533 0.0885387 -0.180042 0.431325 0.598848 0.674789 0.426752 
1532460251187 0.295032 0.613498 -0.732513 -0.598329 -0.852351 0.515445 0.0883996 -0.179964 0.431803 0.598278 0.674989 0.426615 
1532460251463 0.295529 0.613356 -0.732432 -0.59847 -0.851781 0.516333 0.0887047 -0.179712 0.432587 0.597657 0.675037 0.426481 
1532460251692 0.296472 0.612947 -0.732394 -0.598486 -0.851189 0.517358 0.0884217 -0.179702 0.433107 0.597191 0.675116 0.426386 
1532460251918 0.2971 0.612691 -0.732353 -0.598558 -0.850649 0.518237 0.0884701 -0.179567 0.433737 0.596691 0.675153 0.426262 
1532460252131 0.297945 0.612567 -0.732114 -0.598621 -0.850058 0.519204 0.0884793 -0.179452 0.434316 0.595978 0.675411 0.426196 
1532460252358 0.298563 0.612264 -0.732116 -0.598731 -0.849495 0.520115 0.0885369 -0.179251 0.434992 0.595495 0.675402 0.426063 
1532460252388 0.298578 0.612261 -0.732112 -0.598737 -0.849484 0.520132 0.0885368 -0.179235 0.435003 0.595482 0.675406 0.426037 
1532460252662 0.300154 0.611841 -0.731818 -0.598913 -0.848375 0.521958 0.0884262 -0.178884 0.436081 0.594315 0.675739 0.425883 
1532460252919 0.301229 0.61156 -0.731612 -0.599003 -0.847741 0.523032 0.088163 -0.178812 0.436573 0.59366 0.675997 0.42583 
1532460253213 0.303119 0.611037 -0.731268 -0.59913 -0.846524 0.525054 0.0878342 -0.178582 0.437625 0.592412 0.676411 0.425641 
1532460253429 0.303888 0.610706 -0.731225 -0.599233 -0.845924 0.526031 0.087776 -0.178422 0.438252 0.591887 0.676465 0.425481 
1532460253665 0.305001 0.610562 -0.730882 -0.599301 -0.845245 0.527143 0.0876371 -0.178335 0.438787 0.591045 0.676854 0.425504 
1532460253948 0.305905 0.61033 -0.730698 -0.599419 -0.844639 0.528133 0.0875275 -0.178131 0.439326 0.590401 0.677067 0.4254 
1532460254150 0.306498 0.610076 -0.730661 -0.59948 -0.844134 0.528936 0.0875459 -0.177953 0.439883 0.589944 0.677104 0.42528 
1532460254174 0.306532 0.610078 -0.730646 -0.599483 -0.84415 0.52892 0.0874896 -0.177946 0.439829 0.589956 0.677128 0.42526 
1532460254543 0.307187 0.609879 -0.730537 -0.599561 -0.843568 0.529829 0.0876042 -0.177819 0.440487 0.589347 0.677231 0.42512 
1532460254759 0.308036 0.609805 -0.730241 -0.599608 -0.842982 0.530756 0.0876273 -0.177718 0.441016 0.588588 0.677547 0.425098 
1532460254963 0.308852 0.609582 -0.730082 -0.599694 -0.842383 0.531713 0.0875946 -0.177635 0.44159 0.587955 0.677722 0.424961 
1532460255236 0.310352 0.609401 -0.729598 -0.599858 -0.841294 0.53342 0.087678 -0.177331 0.442613 0.586595 0.678233 0.42476 
1532460255500 0.311183 0.609307 -0.729321 -0.599948 -0.840611 0.534467 0.0878499 -0.177231 0.443326 0.585738 0.678508 0.424693 
1532460255748 0.312128 0.608955 -0.729211 -0.600009 -0.840005 0.53546 0.0876046 -0.177201 0.443811 0.585197 0.678658 0.424551 
1532460255988 0.312765 0.608957 -0.728938 -0.600086 -0.839426 0.536322 0.0878731 -0.177032 0.444456 0.584406 0.678917 0.424491 
1532460256252 0.313746 0.608673 -0.728753 -0.600163 -0.838754 0.537394 0.0877408 -0.17699 0.445033 0.583717 0.679132 0.424362 
1532460256279 0.313745 0.608675 -0.728752 -0.600164 -0.838762 0.537384 0.0877321 -0.176988 0.44502 0.583724 0.679134 0.424347 
1532460256496 0.31417 0.608358 -0.728833 -0.60023 -0.838246 0.538165 0.0878739 -0.176834 0.445691 0.583334 0.679029 0.424246 
1532460256781 0.314864 0.607865 -0.728945 -0.600281 -0.837552 0.539241 0.0878947 -0.176778 0.446505 0.582854 0.678907 0.42413 
1532460256997 0.315219 0.607751 -0.728886 -0.600372 -0.837055 0.539959 0.088223 -0.176517 0.447186 0.582308 0.678927 0.424143 
1532460257255 0.315711 0.60734 -0.729017 -0.600451 -0.836457 0.540864 0.0883504 -0.17637 0.447957 0.581898 0.67877 0.423995 
1532460257537 0.316846 0.606609 -0.729133 -0.600563 -0.835216 0.542739 0.088592 -0.17619 0.44947 0.580913 0.678614 0.423876 
1532460257784 0.317468 0.606154 -0.72924 -0.600638 -0.834518 0.543793 0.0887075 -0.176106 0.450326 0.580402 0.678483 0.423772 
1532460258047 0.317971 0.605793 -0.729321 -0.600717 -0.833909 0.544699 0.0888717 -0.175964 0.451098 0.579929 0.678375 0.423668 
1532460258261 0.318459 0.605408 -0.729428 -0.600787 -0.833329 0.545568 0.0889884 -0.175856 0.451827 0.579514 0.678245 0.42359 
1532460258287 0.318492 0.605375 -0.729441 -0.600794 -0.833283 0.545635 0.0889995 -0.175846 0.451887 0.579485 0.67823 0.423583 
1532460258533 0.319132 0.60521 -0.729298 -0.600848 -0.832762 0.546424 0.089044 -0.175741 0.452396 0.578915 0.678377 0.423517 
1532460258805 0.319678 0.604932 -0.729289 -0.60095 -0.83227 0.547172 0.0890504 -0.175559 0.452916 0.578498 0.678386 0.42329 
1532460259070 0.321039 0.60464 -0.728934 -0.601041 -0.831278 0.548684 0.0890112 -0.175341 0.453774 0.57737 0.678773 0.423096 
1532460259362 0.322337 0.604172 -0.728749 -0.601201 -0.830217 0.55029 0.0890012 -0.175072 0.454795 0.576331 0.678973 0.422853 
1532460259603 0.323174 0.604105 -0.728434 -0.60126 -0.82955 0.551272 0.0891456 -0.174988 0.455418 0.575462 0.679292 0.422835 
1532460259802 0.323872 0.603921 -0.728276 -0.601324 -0.829066 0.552012 0.0890603 -0.174878 0.455803 0.574945 0.679472 0.422727 
1532460260108 0.324453 0.603593 -0.72829 -0.601409 -0.828487 0.552871 0.0891194 -0.174762 0.456442 0.574464 0.67945 0.4225 
1532460260134 0.324429 0.603604 -0.728291 -0.601414 -0.828495 0.552856 0.0891378 -0.174745 0.456444 0.574467 0.679446 0.422493 
1532460260384 0.324976 0.603624 -0.728031 -0.601468 -0.827976 0.553591 0.0894034 -0.174596 0.456997 0.573738 0.67969 0.422376 
1532460260642 0.325847 0.603438 -0.727795 -0.601507 -0.827264 0.554641 0.0894894 -0.174556 0.457666 0.572919 0.679931 0.422297 
1532460260891 0.326532 0.603347 -0.727564 -0.601577 -0.826681 0.555486 0.0896327 -0.174396 0.458231 0.572195 0.68016 0.422174 
1532460261102 0.327129 0.603201 -0.727417 -0.60165 -0.826098 0.556322 0.0898156 -0.174304 0.458855 0.571537 0.680292 0.422053 
1532460261340 0.327756 0.603247 -0.727096 -0.601738 -0.825485 0.557176 0.0901632 -0.174142 0.459511 0.570656 0.680589 0.421971 
1532460261613 0.328589 0.603155 -0.726797 -0.60179 -0.824775 0.558196 0.0903514 -0.174094 0.460191 0.569756 0.680884 0.421883 
1532460261887 0.329524 0.602852 -0.726625 -0.601954 -0.8237 0.559706 0.0908177 -0.173739 0.461446 0.568594 0.681006 0.421497 
1532460262139 0.330562 0.602848 -0.726156 -0.602 -0.822923 0.560822 0.0909767 -0.173745 0.462089 0.567497 0.681484 0.421533 
1532460262172 0.330544 0.602856 -0.726158 -0.60201 -0.822912 0.560831 0.0910159 -0.173707 0.462122 0.56748 0.681476 0.421503 
1532460262526 0.331082 0.602706 -0.726038 -0.60207 -0.82233 0.561647 0.0912474 -0.173585 0.462772 0.566832 0.681574 0.421418 
1532460262770 0.331764 0.602449 -0.725939 -0.602139 -0.821633 0.562637 0.091429 -0.173511 0.463522 0.566123 0.681655 0.421212 
1532460263009 0.332242 0.60242 -0.725745 -0.60223 -0.821046 0.56343 0.0918164 -0.173271 0.464218 0.565365 0.68181 0.42111 
1532460263251 0.332964 0.602075 -0.7257 -0.602282 -0.820318 0.564471 0.0919346 -0.173217 0.464988 0.564694 0.681841 0.420955 
1532460263485 0.333519 0.601878 -0.725609 -0.60236 -0.819709 0.565319 0.0921487 -0.173075 0.465663 0.564055 0.681909 0.420732 
1532460263727 0.334172 0.601868 -0.725317 -0.602475 -0.819012 0.566263 0.0925454 -0.172854 0.46642 0.563117 0.682166 0.42069 
1532460263963 0.334841 0.601468 -0.72534 -0.602498 -0.81834 0.567229 0.0925857 -0.172828 0.467121 0.562573 0.682136 0.420445 
1532460264206 0.335445 0.601381 -0.725132 -0.602611 -0.817691 0.568113 0.0928955 -0.172639 0.467822 0.561773 0.682315 0.420373 
1532460264451 0.336203 0.601153 -0.724971 -0.602685 -0.81697 0.569123 0.0930558 -0.172554 0.468539 0.560994 0.682464 0.420248 
1532460264478 0.336193 0.60115 -0.724978 -0.602691 -0.816973 0.569118 0.093057 -0.172552 0.468539 0.561003 0.682457 0.420226 
1532460264786 0.33657 0.600906 -0.725005 -0.602742 -0.816416 0.569873 0.0933215 -0.172394 0.469238 0.560497 0.682392 0.420123 
1532460265059 0.337511 0.600471 -0.724928 -0.602861 -0.815155 0.571576 0.0939276 -0.172288 0.470752 0.559228 0.68239 0.419962 
1532460265301 0.338157 0.600235 -0.724823 -0.602905 -0.814454 0.572538 0.0941518 -0.17224 0.471502 0.558497 0.682472 0.419928 
1532460265518 0.338581 0.600012 -0.724809 -0.602972 -0.813902 0.573286 0.0943791 -0.17209 0.472151 0.557969 0.682454 0.419816 
1532460265778 0.338883 0.599795 -0.724848 -0.603023 -0.8133 0.574071 0.0947943 -0.171991 0.472971 0.557395 0.682356 0.419602 
1532460266028 0.339532 0.599621 -0.724688 -0.603072 -0.812615 0.575 0.0950389 -0.171872 0.473683 0.556623 0.682492 0.419625 
1532460266247 0.339958 0.599328 -0.72473 -0.60311 -0.812021 0.575801 0.0952642 -0.1718 0.474395 0.55611 0.682415 0.419503 
1532460266468 0.340331 0.59908 -0.724761 -0.603178 -0.811429 0.576584 0.0955702 -0.17173 0.47514 0.555566 0.68234 0.419343 
1532460266482 0.340325 0.599089 -0.724756 -0.603182 -0.811429 0.576582 0.0955829 -0.171727 0.475144 0.555559 0.682344 0.419336 
1532460266792 0.340827 0.598526 -0.724985 -0.603258 -0.810976 0.577262 0.0953174 -0.171675 0.475556 0.555459 0.682138 0.419301 
1532460267024 0.341074 0.598299 -0.725056 -0.603301 -0.810657 0.577703 0.0953655 -0.171498 0.475924 0.555245 0.682055 0.419271 
1532460267323 0.341575 0.59775 -0.725273 -0.603345 -0.810256 0.57832 0.0950358 -0.171479 0.476247 0.555195 0.68187 0.419243 
1532460267527 0.341765 0.597492 -0.725397 -0.603407 -0.809938 0.578753 0.0951095 -0.171335 0.476653 0.555021 0.681729 0.419223 
1532460267709 0.342032 0.597095 -0.725598 -0.603468 -0.809644 0.579188 0.0949641 -0.171163 0.47696 0.554995 0.681535 0.419176 
1532460267921 0.342543 0.596525 -0.725826 -0.603502 -0.809179 0.579881 0.0946984 -0.171136 0.477382 0.554885 0.681329 0.419138 
1532460268124 0.342793 0.596211 -0.725965 -0.603578 -0.808852 0.580339 0.0946813 -0.170968 0.477756 0.554742 0.681183 0.419112 
1532460268315 0.34325 0.595677 -0.726187 -0.603627 -0.808393 0.581011 0.094486 -0.170925 0.478206 0.554612 0.680973 0.41907 
1532460268583 0.343497 0.59522 -0.726446 -0.603715 -0.808043 0.581512 0.0943875 -0.170767 0.478619 0.554578 0.680711 0.419005 
1532460268613 0.343489 0.595215 -0.726454 -0.603721 -0.808041 0.581515 0.0943948 -0.170753 0.478629 0.554581 0.680701 0.419002 
1532460268853 0.343818 0.594983 -0.726488 -0.603752 -0.807364 0.582378 0.0948647 -0.170666 0.479533 0.553924 0.6806 0.418882 
1532460269090 0.34435 0.594704 -0.726464 -0.603802 -0.806712 0.583247 0.0950751 -0.170647 0.48025 0.553308 0.680596 0.418755 
1532460269330 0.344827 0.594593 -0.726329 -0.603861 -0.805878 0.584292 0.0957246 -0.170571 0.481306 0.552324 0.680649 0.418762 
1532460269544 0.345058 0.594525 -0.726275 -0.60395 -0.805409 0.584874 0.0961198 -0.170351 0.481925 0.551781 0.680651 0.418652 
1532460269786 0.345634 0.594088 -0.726359 -0.603981 -0.804584 0.585962 0.0964004 -0.170387 0.482889 0.551097 0.680522 0.418476 
1532460270029 0.345935 0.594059 -0.726238 -0.604063 -0.803904 0.586786 0.0970573 -0.170234 0.483804 0.550251 0.680557 0.418468 
1532460270250 0.346317 0.593859 -0.726221 -0.604143 -0.80329 0.587568 0.0974076 -0.170125 0.484551 0.549632 0.680526 0.418377 
1532460270457 0.346689 0.59351 -0.726329 -0.604164 -0.802566 0.588493 0.0978005 -0.17007 0.485485 0.54902 0.680354 0.418218 
1532460270685 0.34714 0.593258 -0.726319 -0.604208 -0.801861 0.589391 0.0981704 -0.170035 0.486326 0.548328 0.680311 0.418096 
1532460270705 0.347172 0.593245 -0.726314 -0.604215 -0.801815 0.58945 0.0981954 -0.170032 0.486379 0.548278 0.680313 0.418094 
1532460271005 0.347857 0.592782 -0.726364 -0.604267 -0.801223 0.590283 0.0980187 -0.170011 0.486864 0.547883 0.680285 0.417995 
1532460271262 0.34827 0.592631 -0.72629 -0.604309 -0.800715 0.590937 0.0982288 -0.169881 0.487405 0.547341 0.680334 0.417914 
1532460271528 0.348867 0.592393 -0.726197 -0.60442 -0.800169 0.591672 0.0982522 -0.169622 0.487875 0.546803 0.68043 0.41788 
1532460271871 0.349144 0.592034 -0.726357 -0.604512 -0.799696 0.592292 0.0983646 -0.169466 0.488451 0.546522 0.680243 0.417659 
1532460272130 0.350008 0.591806 -0.726127 -0.604534 -0.799061 0.593164 0.0982756 -0.169398 0.488872 0.545822 0.680501 0.417693 
1532460272369 0.350505 0.591382 -0.726232 -0.604602 -0.798548 0.593869 0.0981888 -0.169339 0.489354 0.545516 0.680401 0.417499 
1532460272632 0.351105 0.591186 -0.726102 -0.604683 -0.797923 0.594682 0.0983509 -0.169152 0.489943 0.544842 0.680516 0.417515 
1532460272892 0.352128 0.590498 -0.726167 -0.604807 -0.796837 0.596134 0.0983621 -0.168975 0.490975 0.544001 0.680446 0.417267 
1532460272912 0.352106 0.590509 -0.726168 -0.604826 -0.79684 0.596125 0.0983868 -0.168943 0.490986 0.543997 0.680441 0.417244 
1532460273177 0.352727 0.590357 -0.72599 -0.604887 -0.796292 0.596846 0.0984566 -0.168899 0.491429 0.543372 0.680621 0.417214 
1532460273379 0.353118 0.590119 -0.725994 -0.604929 -0.795881 0.597392 0.0984747 -0.168785 0.491815 0.543032 0.680614 0.41702 
1532460273630 0.354267 0.589849 -0.725654 -0.605051 -0.79477 0.598824 0.0987453 -0.168594 0.492784 0.541746 0.680938 0.4169 
1532460273905 0.355339 0.589344 -0.72554 -0.605198 -0.79369 0.600238 0.0988465 -0.168429 0.493751 0.54073 0.681044 0.416628 
1532460274133 0.355928 0.589246 -0.72533 -0.605302 -0.793112 0.600971 0.0990299 -0.168293 0.494256 0.540021 0.681241 0.416633 
1532460274329 0.356232 0.589117 -0.725286 -0.605357 -0.792754 0.601425 0.0991407 -0.168104 0.49461 0.539657 0.681272 0.416445 
1532460274537 0.356904 0.588814 -0.725202 -0.605392 -0.792132 0.602244 0.0991378 -0.168087 0.495123 0.539073 0.681362 0.416368 
1532460274548 0.356916 0.588817 -0.725193 -0.605396 -0.792125 0.602254 0.0991396 -0.168087 0.495125 0.539059 0.681371 0.416368 
1532460274751 0.357255 0.588641 -0.72517 -0.60543 -0.791788 0.602695 0.0991505 -0.168031 0.49542 0.538759 0.681394 0.416304 
1532460274955 0.357544 0.588434 -0.725195 -0.605493 -0.791452 0.603131 0.099179 -0.167896 0.495748 0.538496 0.681363 0.416159 
1532460275201 0.35811 0.588431 -0.724918 -0.605549 -0.791081 0.603618 0.0991743 -0.167844 0.495931 0.537954 0.681658 0.416214 
1532460275396 0.358318 0.588406 -0.724836 -0.605642 -0.790801 0.603956 0.0993507 -0.167637 0.496227 0.537602 0.68172 0.416131 
1532460275623 0.358868 0.58812 -0.724795 -0.60567 -0.790382 0.604531 0.0991926 -0.167646 0.496499 0.537268 0.681786 0.416019 
1532460275831 0.359045 0.588039 -0.724773 -0.605746 -0.79015 0.604818 0.0992823 -0.16749 0.496738 0.537033 0.681797 0.415921 
1532460276035 0.359572 0.587793 -0.724712 -0.605786 -0.789703 0.605413 0.0992148 -0.16745 0.497068 0.536633 0.681871 0.415857 
1532460276264 0.359942 0.58771 -0.724595 -0.605864 -0.789358 0.605851 0.0992855 -0.167314 0.497348 0.536228 0.681985 0.415838 
1532460276453 0.36022 0.587705 -0.724461 -0.605935 -0.78911 0.606161 0.0993715 -0.167194 0.497541 0.535883 0.682116 0.415787 
1532460276466 0.360238 0.587695 -0.72446 -0.605942 -0.789093 0.606183 0.09937 -0.16719 0.497555 0.535869 0.682117 0.415774 
1532460276668 0.360549 0.587496 -0.724467 -0.605963 -0.788796 0.606577 0.0993301 -0.167133 0.497801 0.535643 0.682115 0.41572 
1532460276980 0.361404 0.586989 -0.724453 -0.606132 -0.787951 0.607679 0.0992924 -0.166941 0.498519 0.534949 0.682136 0.415642 
1532460277189 0.361864 0.586638 -0.724507 -0.60614 -0.787527 0.60825 0.0991637 -0.166949 0.498855 0.534685 0.682097 0.415615 
1532460277407 0.362091 0.58646 -0.724538 -0.606202 -0.787219 0.608638 0.0992313 -0.166769 0.499176 0.534439 0.682055 0.41557 
1532460277607 0.362338 0.586134 -0.724678 -0.606269 -0.786908 0.609051 0.0991599 -0.166722 0.499486 0.534325 0.681916 0.415426 
1532460277796 0.362805 0.585912 -0.724624 -0.606311 -0.786468 0.60962 0.0991548 -0.166682 0.499841 0.533919 0.681974 0.415455 
1532460278022 0.363299 0.585623 -0.72461 -0.606362 -0.785969 0.610264 0.0991469 -0.166614 0.500266 0.533501 0.68199 0.415447 
1532460278219 0.363622 0.585351 -0.724668 -0.606429 -0.785638 0.610701 0.0990796 -0.166515 0.500552 0.533299 0.681938 0.415394 
1532460278256 0.363662 0.585314 -0.724678 -0.60644 -0.785604 0.610749 0.0990586 -0.166501 0.500577 0.533286 0.68193 0.41538 
1532460278516 0.364491 0.584999 -0.724515 -0.606539 -0.784799 0.611768 0.0991435 -0.166325 0.501234 0.532462 0.682091 0.415215 
1532460278765 0.365434 0.584599 -0.724363 -0.606666 -0.783861 0.612955 0.0992374 -0.166176 0.502016 0.531535 0.682239 0.41507 
1532460279133 0.367372 0.583846 -0.72399 -0.606977 -0.782012 0.615291 0.0993743 -0.165819 0.503484 0.529661 0.682615 0.414677 
1532460279411 0.368322 0.583476 -0.723806 -0.607094 -0.781008 0.616532 0.099569 -0.165708 0.504345 0.528625 0.682782 0.414562 
1532460279658 0.369296 0.582905 -0.72377 -0.607187 -0.780095 0.617707 0.0994487 -0.165573 0.505046 0.527883 0.682838 0.414372 
1532460279909 0.370209 0.582491 -0.723636 -0.607306 -0.779113 0.618919 0.0996086 -0.165439 0.505894 0.526918 0.682956 0.41419 
1532460280155 0.371232 0.582105 -0.723423 -0.607438 -0.778151 0.62012 0.0996652 -0.165253 0.506625 0.525933 0.683173 0.414055 
1532460280411 0.372224 0.581801 -0.723158 -0.607569 -0.777271 0.621215 0.0997074 -0.165085 0.507246 0.524976 0.683448 0.413921 
1532460280451 0.372198 0.581855 -0.723127 -0.607589 -0.777311 0.621163 0.0997245 -0.165047 0.507205 0.524977 0.683478 0.4139 
1532460280733 0.373048 0.581467 -0.723001 -0.607737 -0.776352 0.622328 0.0999262 -0.164859 0.508048 0.524026 0.683582 0.413875 
1532460280981 0.373779 0.580689 -0.723249 -0.607803 -0.7754 0.62352 0.099886 -0.164841 0.508963 0.523472 0.683325 0.413602 
1532460281230 0.374497 0.580301 -0.723189 -0.607945 -0.774457 0.624644 0.10018 -0.164644 0.50987 0.522562 0.683346 0.413517 
1532460281477 0.375284 0.579804 -0.72318 -0.60805 -0.773493 0.625811 0.100345 -0.164522 0.510754 0.521717 0.683331 0.413377 
1532460281703 0.376086 0.579297 -0.723169 -0.60818 -0.772541 0.626965 0.100471 -0.164364 0.511605 0.520892 0.683324 0.413234 
1532460281931 0.376746 0.578896 -0.723147 -0.608335 -0.771633 0.628038 0.100752 -0.164138 0.512489 0.520046 0.683306 0.413092 
1532460282167 0.377578 0.578289 -0.723199 -0.608443 -0.770607 0.629279 0.100859 -0.164044 0.513419 0.51922 0.683236 0.412931 
1532460282566 0.378995 0.577433 -0.723142 -0.608764 -0.768762 0.631459 0.10132 -0.163665 0.51514 0.517524 0.683228 0.412611 
1532460282603 0.379033 0.57743 -0.723124 -0.608758 -0.768742 0.631484 0.10131 -0.163671 0.515141 0.517497 0.683248 0.412629 
1532460282843 0.379654 0.576932 -0.723196 -0.608855 -0.767963 0.632422 0.101362 -0.163539 0.515844 0.516906 0.683164 0.412487 
1532460283085 0.380356 0.576446 -0.723215 -0.608981 -0.767134 0.633419 0.101419 -0.163338 0.516561 0.516227 0.683136 0.412376 
1532460283418 0.381029 0.575869 -0.72332 -0.609123 -0.766242 0.634484 0.101503 -0.16314 0.517387 0.515563 0.683012 0.412183 
1532460283691 0.381661 0.575309 -0.723432 -0.609227 -0.765394 0.635495 0.101578 -0.162976 0.518177 0.514942 0.682882 0.412026 
1532460283942 0.382347 0.574752 -0.723513 -0.609312 -0.76459 0.636466 0.101549 -0.162902 0.518857 0.514364 0.682801 0.411919 
1532460284181 0.382879 0.574257 -0.723625 -0.609458 -0.763811 0.637382 0.101674 -0.162639 0.519612 0.513783 0.682664 0.411732 
1532460284436 0.383767 0.57367 -0.72362 -0.609565 -0.762867 0.638519 0.101623 -0.162574 0.520344 0.513026 0.682676 0.411658 
1532460284664 0.384346 0.573127 -0.723743 -0.609725 -0.762067 0.639464 0.101688 -0.162383 0.521088 0.512457 0.682536 0.411484 
1532460284909 0.385082 0.572331 -0.723981 -0.609797 -0.761179 0.640548 0.101507 -0.162274 0.521841 0.511991 0.68231 0.411244 
1532460284936 0.385031 0.572356 -0.723989 -0.609809 -0.7612 0.640518 0.101546 -0.162236 0.521848 0.512002 0.682297 0.411233 
1532460285188 0.385946 0.571928 -0.72384 -0.60991 -0.760483 0.641406 0.10131 -0.162161 0.522217 0.511368 0.68249 0.411157 
1532460285437 0.386708 0.57155 -0.723731 -0.610042 -0.759794 0.642237 0.101214 -0.162002 0.522656 0.510747 0.682619 0.410995 
1532460285785 0.387533 0.571227 -0.723546 -0.610145 -0.759056 0.643115 0.101176 -0.161782 0.523118 0.510003 0.682822 0.410859 
1532460286121 0.388263 0.570841 -0.723459 -0.610294 -0.758381 0.643927 0.101082 -0.161641 0.523556 0.509411 0.682927 0.410775 
1532460286355 0.38903 0.570619 -0.723222 -0.610378 -0.757667 0.644755 0.101151 -0.161475 0.52402 0.50861 0.683168 0.410746 
1532460286593 0.389851 0.570128 -0.723166 -0.610488 -0.756872 0.645706 0.101038 -0.161372 0.524557 0.507955 0.683244 0.410576 
1532460286853 0.390847 0.569789 -0.722897 -0.610619 -0.756068 0.646665 0.100921 -0.161233 0.524976 0.507114 0.683546 0.410563 
1532460287107 0.391477 0.569368 -0.722888 -0.610699 -0.7555 0.647357 0.100739 -0.161085 0.525324 0.506705 0.683582 0.410305 
1532460287348 0.392327 0.569042 -0.722683 -0.610829 -0.754702 0.648285 0.100752 -0.160921 0.525837 0.505883 0.683797 0.41032 
1532460287372 0.392342 0.569016 -0.722695 -0.610841 -0.754717 0.648277 0.100697 -0.160911 0.525805 0.505922 0.683792 0.410296 
1532460287683 0.393318 0.568285 -0.722741 -0.611027 -0.753608 0.649574 0.100638 -0.160576 0.526665 0.505081 0.683753 0.410105 
1532460288026 0.394429 0.56731 -0.722901 -0.611216 -0.752364 0.651049 0.100419 -0.160373 0.527612 0.504276 0.683616 0.409847 
1532460288293 0.39496 0.566979 -0.72287 -0.611318 -0.751722 0.651778 0.100494 -0.16019 0.528129 0.503706 0.683637 0.409834 
1532460288513 0.395484 0.566462 -0.722989 -0.611378 -0.751135 0.652479 0.100338 -0.160148 0.528573 0.50338 0.683535 0.409731 
1532460288779 0.395948 0.565851 -0.723214 -0.611478 -0.750457 0.65327 0.100262 -0.160033 0.529187 0.503043 0.683307 0.409512 
1532460289038 0.396466 0.565564 -0.723154 -0.611588 -0.7499 0.653907 0.100278 -0.159828 0.529589 0.502537 0.683368 0.409497 
1532460289269 0.397078 0.565034 -0.723232 -0.611663 -0.749214 0.654711 0.100158 -0.159808 0.530101 0.502085 0.683303 0.409376 
1532460289289 0.397062 0.565044 -0.723234 -0.611671 -0.749224 0.654698 0.100168 -0.159791 0.530099 0.502092 0.6833 0.409371 
1532460289515 0.397423 0.564654 -0.72334 -0.611721 -0.748716 0.655281 0.10016 -0.159696 0.530546 0.50177 0.683189 0.409302 
1532460289790 0.39817 0.563969 -0.723463 -0.611923 -0.747733 0.656401 0.100163 -0.15932 0.531371 0.501076 0.683058 0.409183 
1532460290115 0.398519 0.563361 -0.723745 -0.612031 -0.747068 0.657157 0.100168 -0.159234 0.532045 0.500768 0.682759 0.409049 
1532460290378 0.399127 0.562925 -0.723749 -0.612077 -0.746466 0.657863 0.100025 -0.15918 0.532435 0.500331 0.682775 0.408998 
1532460290609 0.399367 0.562562 -0.723899 -0.612159 -0.745952 0.658427 0.100149 -0.159046 0.532974 0.499998 0.682598 0.408924 
1532460290822 0.399743 0.562175 -0.723992 -0.612249 -0.745504 0.658949 0.100049 -0.158872 0.533319 0.499745 0.682514 0.408825 
1532460291063 0.400156 0.561784 -0.724068 -0.612323 -0.744869 0.659651 0.100154 -0.158763 0.533897 0.499258 0.682419 0.408817 
1532460291285 0.4006 0.561415 -0.724108 -0.612418 -0.744342 0.660251 0.100112 -0.158611 0.534298 0.49888 0.682382 0.408779 
1532460291302 0.400578 0.561411 -0.724124 -0.612428 -0.744355 0.660238 0.10011 -0.158593 0.534297 0.498903 0.682365 0.408769 
1532460291531 0.40128 0.561125 -0.723956 -0.612466 -0.743795 0.66089 0.0999665 -0.158542 0.534549 0.498361 0.682564 0.408693 
1532460291737 0.401738 0.56104 -0.723768 -0.612564 -0.743371 0.661356 0.100041 -0.158372 0.534795 0.497838 0.682753 0.408556 
1532460291942 0.402489 0.560873 -0.723481 -0.612667 -0.742806 0.662 0.0999709 -0.158286 0.535015 0.497169 0.683068 0.408514 
1532460292162 0.403036 0.560514 -0.723454 -0.612722 -0.742326 0.662566 0.0997898 -0.15819 0.53527 0.49682 0.683122 0.408332 
