1537390488251 0.237275 0.925115 -0.296415 -0.602623 -0.940769 0.294896 0.167305 -0.235651 0.242188 0.239161 0.940291 0.394274 
1537390496699 0.237275 0.925115 -0.296416 -0.602623 -0.940769 0.294895 0.167302 -0.235651 0.242185 0.239163 0.940291 0.394273 
1537390497593 0.237906 0.92511 -0.295924 -0.605806 -0.940626 0.295391 0.167235 -0.237324 0.242124 0.238568 0.940458 0.392403 
1537390498526 0.23851 0.925097 -0.29548 -0.609246 -0.94042 0.295937 0.167424 -0.239012 0.242327 0.237944 0.940564 0.390382 
1537390500293 0.239328 0.925277 -0.294254 -0.616101 -0.940195 0.29651 0.167676 -0.242371 0.242396 0.236527 0.940903 0.386327 
1537390501264 0.239685 0.925404 -0.29356 -0.619489 -0.940081 0.296747 0.167895 -0.243958 0.242483 0.235729 0.941081 0.38436 
1537390502229 0.240104 0.925445 -0.293091 -0.622896 -0.939945 0.297089 0.168052 -0.245668 0.242597 0.235139 0.941199 0.382359 
1537390503220 0.240357 0.925565 -0.292502 -0.626327 -0.939865 0.297238 0.168237 -0.247267 0.242657 0.234475 0.94135 0.380346 
1537390504253 0.240796 0.925668 -0.291815 -0.629744 -0.939716 0.297566 0.168491 -0.248944 0.2428 0.233651 0.941518 0.378296 
1537390504969 0.241553 0.925577 -0.291479 -0.631939 -0.939539 0.298209 0.168339 -0.250106 0.242732 0.233194 0.941649 0.376611 
1537390505003 0.241511 0.925581 -0.291501 -0.632083 -0.939533 0.298189 0.168406 -0.250126 0.242796 0.233203 0.94163 0.376517 
1537390505252 0.240946 0.925407 -0.292517 -0.632418 -0.93952 0.297989 0.168835 -0.250256 0.243408 0.234145 0.941238 0.37643 
1537390505553 0.240185 0.925076 -0.294188 -0.633098 -0.939485 0.29779 0.169376 -0.250628 0.244292 0.235704 0.94062 0.376408 
1537390505847 0.239357 0.924725 -0.295959 -0.633824 -0.939383 0.297631 0.170221 -0.250902 0.245494 0.237275 0.939911 0.376303 
1537390506279 0.237371 0.92419 -0.299211 -0.635414 -0.939272 0.29694 0.17203 -0.251289 0.247836 0.240205 0.938551 0.376365 
1537390506591 0.236617 0.923807 -0.300985 -0.636135 -0.939181 0.296828 0.172717 -0.251625 0.248898 0.241812 0.937858 0.376304 
1537390506880 0.23561 0.923463 -0.302828 -0.63688 -0.939149 0.296496 0.173463 -0.251898 0.249974 0.24353 0.937126 0.376148 
1537390507218 0.234367 0.923131 -0.304796 -0.637825 -0.939038 0.296099 0.174736 -0.252117 0.251554 0.245263 0.936251 0.37613 
1537390507438 0.233947 0.922949 -0.305668 -0.638092 -0.938995 0.296011 0.175118 -0.252208 0.252107 0.246052 0.935896 0.376094 
1537390507464 0.233583 0.92287 -0.306186 -0.638261 -0.939017 0.29583 0.175302 -0.252246 0.25236 0.246566 0.935692 0.376079 
1537390507535 0.233236 0.922782 -0.306716 -0.638468 -0.938943 0.29576 0.175819 -0.25219 0.252957 0.246981 0.935421 0.376148 
1537390507727 0.233407 0.922661 -0.306948 -0.638712 -0.939019 0.29585 0.17526 -0.252379 0.252516 0.247323 0.93545 0.37609 
1537390507977 0.233175 0.922499 -0.307612 -0.639187 -0.939052 0.295781 0.175203 -0.252568 0.25261 0.24801 0.935243 0.376243 
1537390508298 0.232539 0.92215 -0.309135 -0.640088 -0.939114 0.295562 0.175236 -0.252784 0.252963 0.249564 0.934734 0.376335 
1537390508540 0.232209 0.921956 -0.309961 -0.640541 -0.939172 0.29543 0.175148 -0.252906 0.25305 0.250436 0.934477 0.376401 
1537390508749 0.231325 0.921943 -0.310661 -0.641064 -0.939356 0.29476 0.175289 -0.252827 0.253177 0.251273 0.934218 0.376533 
1537390508979 0.231005 0.921756 -0.311454 -0.641521 -0.939381 0.294662 0.17532 -0.252926 0.253376 0.252074 0.933948 0.376566 
1537390509096 0.230952 0.921558 -0.312075 -0.641816 -0.939354 0.29477 0.175284 -0.253004 0.253525 0.252667 0.933748 0.37655 
1537390509137 0.230598 0.921604 -0.312203 -0.641899 -0.939443 0.294458 0.175335 -0.252906 0.25352 0.252865 0.933695 0.376581 
1537390509156 0.230486 0.921611 -0.312265 -0.641931 -0.939465 0.294369 0.175364 -0.252869 0.253539 0.252943 0.933669 0.376599 
1537390509326 0.230186 0.92155 -0.312666 -0.642234 -0.939533 0.294167 0.175339 -0.252971 0.253559 0.2534 0.93354 0.376703 
1537390509455 0.230132 0.921556 -0.312689 -0.642394 -0.939658 0.294008 0.174932 -0.253279 0.253142 0.253564 0.933608 0.376672 
1537390509665 0.229421 0.921666 -0.312887 -0.642814 -0.93987 0.293336 0.174925 -0.253297 0.253003 0.253941 0.933543 0.376866 
1537390509769 0.229297 0.921666 -0.312978 -0.642984 -0.939935 0.293201 0.174802 -0.253379 0.252874 0.254097 0.933536 0.376925 
1537390510085 0.228306 0.921625 -0.31382 -0.643698 -0.940257 0.292343 0.174508 -0.253722 0.252574 0.25523 0.933308 0.377027 
1537390510250 0.22778 0.921759 -0.313811 -0.643866 -0.940399 0.291829 0.174599 -0.253623 0.252517 0.255337 0.933294 0.377172 
1537390510313 0.227734 0.921683 -0.314066 -0.643994 -0.940437 0.291806 0.174435 -0.253865 0.25242 0.255634 0.933239 0.377146 
1537390510360 0.227467 0.921721 -0.314148 -0.644093 -0.940516 0.291556 0.17443 -0.25382 0.252367 0.255784 0.933212 0.37715 
1537390510377 0.227314 0.921739 -0.314206 -0.644125 -0.940559 0.291416 0.17443 -0.253769 0.252344 0.255879 0.933193 0.377161 
1537390510526 0.227225 0.921888 -0.313833 -0.644204 -0.940634 0.291207 0.174375 -0.253896 0.252145 0.255579 0.933329 0.377294 
1537390510600 0.227568 0.922012 -0.313219 -0.644007 -0.940587 0.291378 0.17434 -0.254182 0.252008 0.254936 0.933541 0.377188 
1537390510752 0.226911 0.922326 -0.312771 -0.644106 -0.940864 0.290553 0.174224 -0.254147 0.251568 0.254741 0.933713 0.3771 
1537390510840 0.226926 0.922466 -0.312348 -0.644121 -0.940899 0.290448 0.17421 -0.254347 0.251424 0.254356 0.933857 0.377057 
1537390510982 0.226482 0.922696 -0.31199 -0.644122 -0.941047 0.289919 0.174291 -0.25442 0.251269 0.254124 0.933962 0.377038 
1537390511093 0.226589 0.922832 -0.311508 -0.644168 -0.94108 0.28987 0.174193 -0.254663 0.251048 0.253684 0.934141 0.376988 
1537390511156 0.226313 0.922989 -0.311245 -0.644162 -0.941175 0.28953 0.174247 -0.254646 0.250943 0.253501 0.934219 0.37699 
1537390511180 0.226235 0.923038 -0.311157 -0.644155 -0.941207 0.289427 0.174247 -0.254649 0.250894 0.253442 0.934248 0.376992 
1537390511197 0.226163 0.9231 -0.311024 -0.644148 -0.94124 0.289317 0.174247 -0.254654 0.250832 0.25334 0.934292 0.376996 
1537390511390 0.226469 0.923201 -0.310502 -0.644114 -0.941199 0.289475 0.174206 -0.254671 0.25071 0.252792 0.934473 0.377083 
1537390511448 0.226767 0.923177 -0.310356 -0.644043 -0.941148 0.289709 0.174094 -0.254486 0.250632 0.252612 0.934543 0.377087 
1537390511513 0.227008 0.923072 -0.310492 -0.644021 -0.941155 0.289897 0.173743 -0.254561 0.250388 0.25278 0.934563 0.376993 
1537390511605 0.227405 0.922961 -0.310532 -0.644009 -0.9411 0.290238 0.17347 -0.25461 0.250234 0.252794 0.934601 0.376914 
1537390511671 0.227795 0.923037 -0.31002 -0.643914 -0.941079 0.290438 0.173252 -0.254535 0.249959 0.252287 0.934811 0.376911 
1537390511803 0.228069 0.923062 -0.309742 -0.643822 -0.941098 0.290559 0.172947 -0.254531 0.249639 0.252054 0.934959 0.376881 
1537390511865 0.228724 0.92301 -0.309416 -0.643757 -0.940992 0.291065 0.172674 -0.254544 0.24944 0.251663 0.935118 0.376853 
1537390511929 0.228884 0.923054 -0.309165 -0.643698 -0.941017 0.291104 0.17247 -0.254489 0.249199 0.251453 0.935239 0.376827 
1537390511949 0.228868 0.923072 -0.309123 -0.643689 -0.941029 0.291073 0.172453 -0.254481 0.249164 0.251425 0.935255 0.376837 
1537390512036 0.229097 0.923111 -0.308836 -0.643642 -0.941005 0.291204 0.172365 -0.254458 0.249046 0.251128 0.935366 0.376904 
1537390512278 0.229836 0.92294 -0.308798 -0.643388 -0.940857 0.291864 0.172056 -0.254381 0.248924 0.25099 0.935436 0.376931 
1537390512498 0.230491 0.922886 -0.308472 -0.643177 -0.940772 0.292348 0.171699 -0.254225 0.24864 0.250627 0.935609 0.376985 
1537390512729 0.231299 0.922776 -0.308198 -0.642944 -0.940625 0.29301 0.171374 -0.254177 0.248445 0.250261 0.935759 0.377046 
1537390512950 0.232155 0.922608 -0.308055 -0.642699 -0.940496 0.293713 0.170881 -0.254142 0.248136 0.250053 0.935896 0.377071 
1537390513177 0.232761 0.922557 -0.307752 -0.642492 -0.940403 0.294174 0.170599 -0.253919 0.24792 0.249702 0.936047 0.377097 
1537390513385 0.233411 0.922488 -0.307465 -0.642267 -0.940326 0.294652 0.170199 -0.253849 0.247602 0.249391 0.936214 0.377176 
1537390513631 0.234177 0.922417 -0.307096 -0.642017 -0.940224 0.29522 0.169775 -0.253752 0.247264 0.248981 0.936413 0.377263 
1537390513817 0.23469 0.922375 -0.306831 -0.641806 -0.940143 0.295611 0.169545 -0.253662 0.247086 0.248674 0.936541 0.377327 
1537390513846 0.234823 0.922346 -0.306816 -0.641808 -0.940126 0.295717 0.169453 -0.253686 0.247025 0.248654 0.936563 0.377329 
1537390514190 0.234972 0.922324 -0.306769 -0.641135 -0.94012 0.295819 0.169309 -0.253289 0.246906 0.248617 0.936604 0.377626 
1537390514394 0.235099 0.922289 -0.306777 -0.64095 -0.940076 0.295953 0.169321 -0.253204 0.246954 0.248586 0.936599 0.377714 
1537390514659 0.235189 0.922254 -0.306811 -0.640601 -0.940107 0.295991 0.169082 -0.252989 0.24675 0.248668 0.936631 0.377775 
1537390514904 0.23534 0.922221 -0.306795 -0.640218 -0.940108 0.296091 0.168897 -0.252826 0.2466 0.248672 0.93667 0.377927 
1537390515222 0.235727 0.922089 -0.306894 -0.639443 -0.939996 0.296492 0.168821 -0.252546 0.24666 0.248683 0.936651 0.378321 
1537390515451 0.236013 0.92202 -0.306883 -0.639141 -0.939953 0.296733 0.168637 -0.252436 0.246549 0.248655 0.936688 0.378503 
1537390515586 0.236693 0.921807 -0.306999 -0.638844 -0.939807 0.297373 0.168322 -0.252626 0.246454 0.248679 0.936707 0.378534 
1537390515613 0.236645 0.921825 -0.306982 -0.638846 -0.93983 0.297313 0.168299 -0.252598 0.246412 0.248684 0.936716 0.378539 
1537390515793 0.236604 0.921853 -0.306928 -0.638626 -0.939851 0.297254 0.168285 -0.252486 0.246369 0.24865 0.936737 0.378626 
1537390516090 0.236464 0.921797 -0.307206 -0.63811 -0.939725 0.297335 0.168848 -0.252302 0.246987 0.248763 0.936544 0.378763 
1537390516349 0.236241 0.92185 -0.307219 -0.637728 -0.939625 0.297282 0.169493 -0.252035 0.247578 0.24863 0.936423 0.378985 
1537390516609 0.23624 0.921834 -0.307266 -0.637299 -0.939518 0.297398 0.169886 -0.251855 0.247987 0.248548 0.936337 0.379144 
1537390517021 0.23638 0.921664 -0.307667 -0.636208 -0.939226 0.297861 0.170683 -0.251735 0.248954 0.248623 0.93606 0.37951 
1537390517272 0.23614 0.921673 -0.307826 -0.635903 -0.939168 0.297782 0.171143 -0.251484 0.249403 0.248687 0.935924 0.379593 
1537390517558 0.236127 0.921585 -0.308099 -0.635432 -0.939027 0.297964 0.171596 -0.251285 0.249943 0.248795 0.935751 0.379737 
1537390517773 0.23622 0.921544 -0.308151 -0.635161 -0.938902 0.298163 0.171937 -0.251306 0.250326 0.248709 0.935671 0.379937 
1537390517800 0.236144 0.921579 -0.308103 -0.635086 -0.93891 0.298093 0.172014 -0.251234 0.250368 0.248661 0.935673 0.379965 
1537390517879 0.236331 0.921447 -0.308357 -0.634913 -0.938801 0.298378 0.172111 -0.251311 0.250598 0.248811 0.935571 0.379997 
1537390518147 0.236048 0.921552 -0.308258 -0.634414 -0.938737 0.298226 0.172727 -0.251004 0.251108 0.248601 0.93549 0.380123 
1537390518428 0.235833 0.921575 -0.308354 -0.634021 -0.938599 0.29823 0.173466 -0.250747 0.251822 0.248512 0.935322 0.380265 
1537390518743 0.235845 0.921543 -0.308439 -0.633519 -0.938411 0.29844 0.174122 -0.250546 0.252512 0.248377 0.935172 0.380357 
1537390518984 0.235551 0.921642 -0.30837 -0.633126 -0.938378 0.298253 0.174616 -0.250282 0.252906 0.248237 0.935103 0.380477 
1537390519252 0.235486 0.92169 -0.308275 -0.632704 -0.938238 0.298327 0.175243 -0.250088 0.253487 0.247969 0.935017 0.380705 
1537390519511 0.23536 0.921687 -0.308381 -0.632269 -0.938096 0.298398 0.175884 -0.249869 0.25413 0.247895 0.934861 0.380816 
1537390519817 0.235319 0.921692 -0.308398 -0.631785 -0.937953 0.298512 0.176452 -0.249739 0.254694 0.24774 0.934749 0.380953 
1537390520038 0.235488 0.921547 -0.308702 -0.631483 -0.937711 0.298923 0.17704 -0.249705 0.255429 0.247783 0.934537 0.381049 
1537390520065 0.235238 0.921649 -0.308589 -0.631377 -0.937766 0.298672 0.177171 -0.249609 0.255456 0.247707 0.93455 0.381078 
1537390520083 0.235218 0.921673 -0.308532 -0.631295 -0.937758 0.298655 0.177242 -0.249584 0.255503 0.247639 0.934555 0.381098 
1537390520409 0.235066 0.921489 -0.309196 -0.630764 -0.937685 0.298747 0.177476 -0.249267 0.255913 0.24821 0.934291 0.38132 
1537390520605 0.235005 0.921462 -0.309323 -0.630571 -0.937686 0.298728 0.177501 -0.249203 0.255963 0.248335 0.934244 0.381414 
1537390520804 0.235262 0.921298 -0.309615 -0.630237 -0.937567 0.299079 0.177535 -0.249273 0.256163 0.248518 0.934141 0.381535 
1537390521037 0.235024 0.921303 -0.30978 -0.62998 -0.93758 0.298932 0.177717 -0.249069 0.256335 0.248676 0.934052 0.381665 
1537390521248 0.235072 0.921275 -0.309828 -0.629688 -0.937518 0.299035 0.17787 -0.248935 0.256517 0.248657 0.934007 0.381793 
1537390521474 0.235116 0.921114 -0.310273 -0.629372 -0.937424 0.299243 0.178017 -0.248934 0.256821 0.249002 0.933831 0.381847 
1537390521559 0.234829 0.921207 -0.310215 -0.629207 -0.937479 0.298977 0.178175 -0.248748 0.256884 0.248979 0.93382 0.381921 
1537390521588 0.234856 0.921186 -0.310255 -0.629182 -0.937466 0.299016 0.178177 -0.24876 0.256906 0.249008 0.933806 0.381926 
1537390521801 0.234644 0.921205 -0.310361 -0.629021 -0.937484 0.29887 0.178325 -0.248574 0.257032 0.249115 0.933743 0.382001 
1537390522003 0.234902 0.921108 -0.310452 -0.628809 -0.937396 0.299155 0.178312 -0.248633 0.257118 0.249131 0.933715 0.382069 
1537390522277 0.234726 0.921041 -0.310785 -0.628266 -0.937366 0.299124 0.17852 -0.248282 0.257387 0.249416 0.933565 0.382291 
1537390522490 0.235008 0.920853 -0.311128 -0.627987 -0.937299 0.299454 0.178322 -0.248316 0.257377 0.249713 0.933488 0.382373 
1537390522746 0.234959 0.920757 -0.31145 -0.627654 -0.93731 0.299471 0.178232 -0.248095 0.257379 0.250048 0.933398 0.38241 
1537390522950 0.23508 0.920626 -0.311745 -0.627411 -0.93726 0.299662 0.178176 -0.248102 0.257452 0.250301 0.93331 0.382464 
1537390523189 0.235334 0.920488 -0.311963 -0.62709 -0.937156 0.299983 0.178183 -0.248107 0.257599 0.250425 0.933236 0.382577 
1537390523264 0.235193 0.920522 -0.311967 -0.626941 -0.937159 0.299882 0.178335 -0.247917 0.257714 0.25042 0.933206 0.382656 
1537390523297 0.235264 0.920488 -0.312015 -0.626902 -0.937136 0.299963 0.178318 -0.247949 0.257733 0.250449 0.933193 0.382666 
1537390523320 0.235394 0.920421 -0.312113 -0.626885 -0.937097 0.300112 0.178276 -0.248025 0.257758 0.250515 0.933168 0.382661 
1537390523521 0.235408 0.920393 -0.312184 -0.626682 -0.937034 0.300197 0.178464 -0.24777 0.257974 0.250516 0.933108 0.382761 
1537390523615 0.235312 0.920433 -0.312139 -0.626498 -0.93708 0.300075 0.178424 -0.247674 0.257893 0.250514 0.933131 0.382779 
1537390523814 0.235247 0.920477 -0.31206 -0.62629 -0.937098 0.299998 0.178464 -0.247457 0.257889 0.250448 0.93315 0.382833 
1537390523931 0.235653 0.920285 -0.31232 -0.62604 -0.937002 0.300426 0.178247 -0.247525 0.257867 0.25064 0.933105 0.382908 
1537390524117 0.235611 0.920332 -0.312211 -0.625853 -0.936978 0.300398 0.178416 -0.247284 0.25799 0.250498 0.933109 0.382986 
1537390524329 0.235681 0.920289 -0.312286 -0.625626 -0.936954 0.300485 0.178398 -0.247182 0.258015 0.250553 0.933087 0.383049 
1537390524440 0.235755 0.920222 -0.312427 -0.62541 -0.936954 0.300565 0.178263 -0.247114 0.257946 0.250704 0.933066 0.383102 
1537390524621 0.235947 0.920156 -0.312477 -0.625205 -0.936923 0.300739 0.178134 -0.247011 0.257885 0.250736 0.933074 0.383102 
1537390524651 0.235892 0.920156 -0.312519 -0.625115 -0.936938 0.300694 0.17813 -0.246967 0.25788 0.250792 0.93306 0.383127 
1537390524671 0.235888 0.920156 -0.312521 -0.625081 -0.93694 0.30069 0.178128 -0.24695 0.257877 0.250796 0.93306 0.383142 
1537390524820 0.236302 0.920051 -0.312517 -0.624983 -0.936873 0.301044 0.177882 -0.247003 0.257742 0.250755 0.933108 0.383182 
1537390524887 0.236432 0.920136 -0.31217 -0.624835 -0.936919 0.301023 0.177673 -0.246805 0.257454 0.250471 0.933264 0.383276 
1537390525078 0.236743 0.92002 -0.312276 -0.624616 -0.936936 0.301244 0.177207 -0.246693 0.257105 0.250631 0.933317 0.383222 
1537390525158 0.236845 0.920013 -0.312219 -0.624461 -0.937031 0.301212 0.176759 -0.246582 0.256665 0.250695 0.933421 0.383291 
1537390525423 0.237106 0.920011 -0.312027 -0.624144 -0.937062 0.301327 0.176399 -0.246235 0.256311 0.250564 0.933554 0.383406 
1537390525529 0.237427 0.91995 -0.311963 -0.623942 -0.937127 0.301476 0.1758 -0.246223 0.255777 0.250609 0.933688 0.383418 
1537390525672 0.237705 0.919885 -0.311943 -0.623841 -0.93708 0.301712 0.175644 -0.246144 0.255689 0.250564 0.933724 0.383494 
1537390525697 0.237718 0.919899 -0.31189 -0.623789 -0.937091 0.301699 0.175607 -0.246048 0.255638 0.250524 0.933749 0.383514 
1537390525730 0.23773 0.919917 -0.311829 -0.623724 -0.937118 0.30167 0.175516 -0.245975 0.255529 0.250495 0.933786 0.383533 
1537390525802 0.23802 0.919805 -0.311937 -0.623635 -0.937124 0.301887 0.175109 -0.246062 0.255236 0.250644 0.933826 0.383505 
1537390525959 0.237561 0.91994 -0.31189 -0.623416 -0.937177 0.301505 0.17548 -0.246062 0.255468 0.250609 0.933773 0.383669 
1537390526059 0.237684 0.919922 -0.311849 -0.6232 -0.937093 0.301666 0.175655 -0.246005 0.255664 0.250481 0.933753 0.383764 
1537390526244 0.237478 0.91998 -0.311835 -0.622966 -0.937109 0.301504 0.175847 -0.24582 0.255795 0.250464 0.933722 0.383853 
1537390526311 0.237575 0.919916 -0.311948 -0.62281 -0.937063 0.301639 0.175862 -0.245793 0.255874 0.250535 0.933681 0.383884 
1537390526497 0.237455 0.919992 -0.311817 -0.62258 -0.937112 0.301482 0.175869 -0.24573 0.255805 0.250447 0.933724 0.383962 
1537390526637 0.237512 0.919975 -0.311825 -0.622342 -0.937082 0.301552 0.175906 -0.245719 0.255861 0.250425 0.933714 0.384034 
1537390526761 0.237373 0.920014 -0.311813 -0.622227 -0.937124 0.301412 0.175924 -0.245611 0.255837 0.250448 0.933715 0.384079 
1537390526777 0.237334 0.920024 -0.311815 -0.622197 -0.937132 0.301378 0.175942 -0.24559 0.255845 0.250454 0.933711 0.384092 
1537390526948 0.237245 0.920128 -0.311576 -0.62185 -0.93714 0.301261 0.176096 -0.245435 0.255896 0.250213 0.933761 0.384233 
1537390527154 0.237457 0.920163 -0.31131 -0.621514 -0.937016 0.30148 0.176381 -0.245371 0.256153 0.24982 0.933796 0.384349 
1537390527384 0.237549 0.920194 -0.311149 -0.621159 -0.936911 0.301616 0.176707 -0.245269 0.256452 0.249543 0.933788 0.384402 
1537390527585 0.237714 0.920211 -0.310974 -0.620835 -0.93682 0.301786 0.176902 -0.245198 0.256635 0.249274 0.93381 0.384473 
1537390527790 0.238015 0.920194 -0.310792 -0.620466 -0.936699 0.302079 0.177042 -0.245183 0.256796 0.24898 0.933844 0.384556 
1537390527991 0.237947 0.920236 -0.31072 -0.620161 -0.93665 0.302065 0.177322 -0.245037 0.257036 0.248843 0.933815 0.38455 
1537390528209 0.237971 0.920244 -0.310679 -0.619839 -0.93658 0.302141 0.177562 -0.24495 0.257269 0.248721 0.933783 0.384588 
1537390528283 0.237696 0.920414 -0.310385 -0.619658 -0.93665 0.301825 0.177733 -0.244732 0.257269 0.248475 0.933848 0.384673 
1537390528310 0.237737 0.920413 -0.310356 -0.619621 -0.936637 0.30186 0.177739 -0.244738 0.257277 0.248436 0.933856 0.384683 
1537390528441 0.238007 0.920345 -0.310351 -0.619488 -0.936544 0.302138 0.177758 -0.244854 0.257367 0.24835 0.933855 0.384687 
1537390528754 0.237927 0.920412 -0.310214 -0.61881 -0.936324 0.302268 0.178696 -0.244457 0.258242 0.247944 0.933721 0.38485 
1537390528957 0.238036 0.92033 -0.310374 -0.618506 -0.936067 0.302621 0.17944 -0.244291 0.259069 0.247818 0.933525 0.384868 
1537390529172 0.238198 0.920327 -0.310258 -0.618134 -0.935841 0.302928 0.180101 -0.244214 0.259738 0.247453 0.933436 0.385019 
1537390529393 0.238215 0.920375 -0.310101 -0.617762 -0.935689 0.303054 0.180677 -0.24404 0.260268 0.247118 0.933377 0.38514 
1537390529614 0.238432 0.920308 -0.310133 -0.617411 -0.935475 0.303417 0.181179 -0.243961 0.26084 0.246923 0.933269 0.385204 
1537390529833 0.238692 0.920241 -0.310135 -0.617018 -0.935265 0.303798 0.181621 -0.243953 0.261353 0.246707 0.933183 0.385295 
1537390529926 0.238719 0.920256 -0.310068 -0.616753 -0.935182 0.303882 0.181906 -0.243897 0.261624 0.246546 0.93315 0.385376 
1537390529949 0.238844 0.920212 -0.310104 -0.616722 -0.935135 0.304022 0.181917 -0.243958 0.26168 0.246539 0.933136 0.385376 
1537390530141 0.238849 0.920343 -0.309711 -0.616456 -0.935061 0.304017 0.182302 -0.243607 0.261938 0.246056 0.933191 0.385485 
1537390530355 0.239384 0.920357 -0.309254 -0.616127 -0.935041 0.304323 0.181896 -0.243513 0.261523 0.245622 0.933422 0.385534 
1537390530557 0.239865 0.920326 -0.308973 -0.615841 -0.934955 0.304687 0.181726 -0.243427 0.261387 0.245286 0.933548 0.385539 
1537390530764 0.240078 0.920414 -0.308547 -0.615586 -0.934945 0.304763 0.181652 -0.243246 0.261229 0.244864 0.933703 0.385635 
1537390530975 0.240451 0.920429 -0.30821 -0.615276 -0.934923 0.304981 0.181401 -0.243162 0.260965 0.244535 0.933863 0.385643 
1537390531241 0.240579 0.920656 -0.307432 -0.614788 -0.934968 0.304874 0.181345 -0.242677 0.260685 0.243811 0.93413 0.385835 
1537390531313 0.24073 0.920681 -0.30724 -0.614596 -0.935003 0.304911 0.181103 -0.242575 0.260419 0.243674 0.93424 0.385849 
1537390531333 0.240906 0.920651 -0.30719 -0.614549 -0.934965 0.305061 0.181047 -0.242595 0.260393 0.243597 0.934268 0.38584 
1537390531457 0.241022 0.920656 -0.307085 -0.614468 -0.934972 0.305116 0.180919 -0.242599 0.260261 0.243511 0.934327 0.385821 
1537390531707 0.240977 0.920763 -0.3068 -0.614183 -0.935114 0.304895 0.180557 -0.242361 0.259792 0.243383 0.934491 0.385939 
1537390531934 0.241054 0.920783 -0.306677 -0.61389 -0.935256 0.304792 0.179995 -0.242264 0.259209 0.243433 0.934639 0.386018 
1537390532142 0.241239 0.920856 -0.306314 -0.613541 -0.935389 0.304726 0.179414 -0.242148 0.258556 0.243241 0.93487 0.386101 
1537390532352 0.241293 0.920986 -0.305878 -0.613228 -0.935496 0.30458 0.179107 -0.241922 0.258119 0.242931 0.935072 0.386236 
1537390532553 0.241408 0.921052 -0.30559 -0.612938 -0.935572 0.304533 0.178788 -0.241751 0.257735 0.242741 0.935227 0.386295 
1537390532797 0.241472 0.921155 -0.30523 -0.612593 -0.935742 0.304347 0.178212 -0.241527 0.257056 0.242583 0.935455 0.386453 
1537390532982 0.24167 0.921226 -0.304857 -0.612296 -0.935853 0.30431 0.177693 -0.241467 0.256467 0.242359 0.935675 0.38655 
1537390533106 0.241564 0.921301 -0.304714 -0.612108 -0.935941 0.304124 0.177544 -0.241214 0.256243 0.242306 0.93575 0.386614 
1537390533161 0.241618 0.92129 -0.304706 -0.612076 -0.935971 0.304133 0.177373 -0.241259 0.256083 0.24234 0.935785 0.386616 
1537390533178 0.241627 0.921294 -0.304687 -0.612062 -0.935981 0.304126 0.177332 -0.241264 0.256038 0.242334 0.935799 0.386617 
1537390533391 0.242034 0.921582 -0.303489 -0.61174 -0.935995 0.304169 0.177184 -0.241155 0.255602 0.24118 0.936216 0.386633 
1537390533452 0.241754 0.921846 -0.302911 -0.611584 -0.936144 0.303719 0.177168 -0.240863 0.255322 0.240737 0.936406 0.386644 
1537390533627 0.242143 0.922001 -0.302128 -0.611352 -0.936174 0.303815 0.176845 -0.240889 0.254842 0.240023 0.93672 0.386659 
1537390533695 0.242157 0.922234 -0.301403 -0.611159 -0.936256 0.303609 0.176765 -0.240634 0.254527 0.239386 0.936969 0.386668 
1537390533877 0.242488 0.922413 -0.300589 -0.610868 -0.936301 0.303644 0.176467 -0.240637 0.254048 0.23865 0.937286 0.38667 
1537390533942 0.242487 0.922549 -0.300171 -0.610723 -0.936364 0.303505 0.176373 -0.240532 0.253816 0.238301 0.937438 0.386681 
1537390534059 0.242692 0.922638 -0.299731 -0.61057 -0.93643 0.303504 0.176024 -0.240491 0.253376 0.237957 0.937644 0.386553 
1537390534114 0.242714 0.922768 -0.299314 -0.61046 -0.936474 0.303399 0.175973 -0.240451 0.253194 0.237589 0.937787 0.386588 
1537390534119 0.242713 0.922817 -0.299164 -0.610417 -0.936493 0.303351 0.175952 -0.240433 0.253123 0.237459 0.937839 0.386598 
1537390534271 0.242553 0.923072 -0.298505 -0.610266 -0.936645 0.30297 0.175801 -0.24023 0.252715 0.236952 0.938077 0.386564 
1537390534455 0.243138 0.923207 -0.297613 -0.610367 -0.936665 0.303195 0.175304 -0.240198 0.252077 0.236141 0.938453 0.386446 
1537390534594 0.243684 0.923404 -0.296551 -0.610208 -0.936683 0.303363 0.174917 -0.240246 0.251482 0.23515 0.938862 0.38647 
1537390534765 0.243972 0.923609 -0.295676 -0.610164 -0.936754 0.303334 0.174584 -0.240088 0.250937 0.234382 0.9392 0.386318 
1537390534978 0.244475 0.923799 -0.294666 -0.610057 -0.936836 0.303423 0.173992 -0.24004 0.250142 0.233517 0.939627 0.386148 
1537390535119 0.244631 0.924041 -0.293775 -0.609994 -0.936951 0.303259 0.173658 -0.239929 0.249557 0.232771 0.939968 0.386067 
1537390535275 0.245032 0.924267 -0.292728 -0.609886 -0.936935 0.303361 0.173566 -0.239877 0.249223 0.231738 0.940311 0.386083 
1537390535426 0.245432 0.924474 -0.291737 -0.609782 -0.937065 0.303338 0.172903 -0.239881 0.248339 0.23094 0.940741 0.386046 
1537390535460 0.245458 0.924492 -0.291659 -0.609779 -0.937062 0.303344 0.172907 -0.239863 0.248324 0.230861 0.940765 0.386039 
1537390535470 0.245485 0.924493 -0.291634 -0.609779 -0.937051 0.30337 0.172925 -0.239848 0.248341 0.230826 0.940769 0.386028 
1537390535567 0.24577 0.924642 -0.290919 -0.609694 -0.937068 0.303421 0.172739 -0.239811 0.247993 0.230157 0.941025 0.385986 
1537390535747 0.24615 0.924766 -0.290205 -0.609775 -0.937216 0.30342 0.171937 -0.239734 0.247056 0.229662 0.941392 0.385885 
1537390535920 0.246654 0.924925 -0.289267 -0.609698 -0.937225 0.303595 0.171578 -0.239711 0.246517 0.228788 0.941746 0.385884 
1537390536036 0.24676 0.925138 -0.288495 -0.609779 -0.937457 0.303311 0.17081 -0.239537 0.245527 0.228302 0.942122 0.385702 
1537390536197 0.247435 0.925281 -0.287456 -0.609683 -0.937448 0.303606 0.170334 -0.239648 0.24488 0.227329 0.942526 0.385806 
1537390536342 0.247699 0.925471 -0.286614 -0.609749 -0.937625 0.303475 0.169594 -0.239417 0.243935 0.226729 0.942916 0.385616 
1537390536478 0.248273 0.925568 -0.285804 -0.609695 -0.937608 0.303748 0.169198 -0.239498 0.243416 0.225965 0.943233 0.385622 
1537390536601 0.248275 0.925789 -0.285086 -0.60975 -0.937798 0.303443 0.168694 -0.239255 0.242683 0.22547 0.94354 0.38543 
1537390536632 0.248353 0.925811 -0.284947 -0.60974 -0.937795 0.303475 0.16865 -0.239255 0.242612 0.225337 0.94359 0.385439 
1537390540303 0.244138 0.925343 -0.290064 -0.594788 -0.938588 0.300684 0.169238 -0.231727 0.243821 0.230933 0.941924 0.395114 
