1537387559586 0.227666 0.924848 -0.304672 -0.538457 -0.941135 0.289283 0.174871 -0.202803 0.249865 0.246926 0.936267 0.431767 
1537387560585 0.22961 0.924747 -0.303518 -0.548054 -0.940968 0.290607 0.173572 -0.207936 0.248714 0.245746 0.936883 0.426247 
1537387561485 0.230727 0.924933 -0.302099 -0.55792 -0.940966 0.291133 0.172697 -0.212806 0.247684 0.244419 0.937503 0.420413 
1537387562341 0.232184 0.925038 -0.300658 -0.567742 -0.940914 0.291944 0.171607 -0.217801 0.246518 0.243049 0.938166 0.414611 
1537387563161 0.233675 0.925162 -0.299117 -0.57756 -0.940807 0.292818 0.170706 -0.222818 0.245518 0.241521 0.938823 0.40887 
1537387564326 0.236156 0.925402 -0.296414 -0.59733 -0.940712 0.294164 0.168903 -0.232639 0.243498 0.238953 0.940005 0.397232 
1537387565240 0.237552 0.925508 -0.294964 -0.607097 -0.940623 0.294971 0.167988 -0.237716 0.24248 0.237544 0.940625 0.391328 
1537387566356 0.240434 0.925591 -0.292357 -0.624876 -0.940456 0.296691 0.165884 -0.246646 0.240281 0.235065 0.941812 0.380294 
1537387566408 0.239703 0.925929 -0.291886 -0.625065 -0.940583 0.295969 0.166453 -0.246347 0.240513 0.234643 0.941858 0.380114 
1537387566831 0.240949 0.925029 -0.29371 -0.626446 -0.940418 0.297332 0.16495 -0.247463 0.239912 0.236466 0.941555 0.379636 
1537387567340 0.241022 0.924394 -0.295644 -0.628411 -0.940589 0.297556 0.163563 -0.248274 0.239167 0.238657 0.941192 0.37894 
1537387567794 0.241622 0.923698 -0.297323 -0.63014 -0.94058 0.298278 0.162296 -0.249287 0.238597 0.240442 0.940882 0.378241 
1537387568180 0.241347 0.92321 -0.299056 -0.632064 -0.940798 0.29817 0.161224 -0.249936 0.238013 0.24244 0.940517 0.377548 
1537387568633 0.241196 0.922627 -0.300971 -0.634155 -0.941037 0.298155 0.159854 -0.250711 0.237222 0.244669 0.94014 0.376776 
1537387569097 0.241586 0.92204 -0.302454 -0.635847 -0.941081 0.298632 0.158699 -0.251582 0.236649 0.246294 0.93986 0.376159 
1537387569651 0.241886 0.921365 -0.304265 -0.637712 -0.941114 0.299113 0.157594 -0.252451 0.236211 0.248229 0.939461 0.375489 
1537387570244 0.242401 0.920108 -0.307642 -0.640804 -0.941296 0.299842 0.155101 -0.253878 0.234953 0.251986 0.938776 0.374203 
1537387570295 0.242013 0.920185 -0.307718 -0.641002 -0.941433 0.299446 0.155035 -0.253787 0.234805 0.252175 0.938762 0.374171 
1537387570311 0.241895 0.920204 -0.307752 -0.641068 -0.941477 0.299326 0.155001 -0.253766 0.23475 0.252247 0.938756 0.374157 
1537387570537 0.241235 0.920153 -0.308421 -0.641283 -0.941394 0.299083 0.155973 -0.253909 0.235762 0.252719 0.938376 0.374349 
1537387570721 0.240324 0.92006 -0.30941 -0.641639 -0.941269 0.298769 0.157319 -0.25397 0.237185 0.253431 0.937825 0.374468 
1537387570932 0.239381 0.920056 -0.310151 -0.642091 -0.94125 0.298279 0.158359 -0.254113 0.238211 0.254021 0.937405 0.374711 
1537387571141 0.238484 0.920032 -0.310912 -0.642495 -0.941267 0.297784 0.15919 -0.254063 0.239045 0.254687 0.937012 0.374809 
1537387571304 0.237939 0.919989 -0.311456 -0.642748 -0.941203 0.297577 0.159953 -0.254165 0.239837 0.255084 0.936702 0.37499 
1537387571513 0.2369 0.919971 -0.312301 -0.643188 -0.941231 0.296988 0.160881 -0.254146 0.240755 0.255834 0.936262 0.375064 
1537387571693 0.236086 0.91995 -0.312979 -0.643527 -0.941204 0.296581 0.161783 -0.254299 0.241656 0.256383 0.935879 0.375213 
1537387571856 0.235332 0.919946 -0.313556 -0.643861 -0.94118 0.296195 0.162629 -0.254181 0.242483 0.256841 0.93554 0.375366 
1537387571912 0.235047 0.919914 -0.313864 -0.643937 -0.941188 0.296047 0.162856 -0.254265 0.242732 0.257126 0.935397 0.375377 
1537387571922 0.234982 0.919855 -0.314085 -0.643981 -0.941155 0.296077 0.162991 -0.254305 0.242922 0.257303 0.935299 0.375367 
1537387572109 0.234373 0.920048 -0.313977 -0.643995 -0.941195 0.295599 0.163625 -0.254229 0.243354 0.257165 0.935225 0.375502 
1537387572270 0.233214 0.920512 -0.313479 -0.643957 -0.941271 0.294636 0.16492 -0.254064 0.244173 0.256607 0.935164 0.375774 
1537387572425 0.232372 0.920722 -0.313486 -0.643992 -0.94132 0.294008 0.165759 -0.254069 0.244786 0.256573 0.935013 0.375955 
1537387572656 0.23054 0.921149 -0.313587 -0.644068 -0.941472 0.292604 0.167371 -0.254091 0.24593 0.256648 0.934693 0.37617 
1537387572809 0.229724 0.921342 -0.313618 -0.64411 -0.941401 0.29212 0.168611 -0.254088 0.246963 0.256507 0.934459 0.376442 
1537387573009 0.228784 0.921555 -0.313677 -0.644155 -0.941451 0.291428 0.169531 -0.254112 0.247646 0.256526 0.934273 0.376594 
1537387573124 0.22805 0.921724 -0.313715 -0.644192 -0.941483 0.290891 0.170272 -0.254118 0.248201 0.256527 0.934125 0.376712 
1537387573161 0.228029 0.921719 -0.313748 -0.644201 -0.941441 0.290926 0.170442 -0.254119 0.248377 0.256509 0.934083 0.376729 
1537387573178 0.227966 0.92173 -0.313759 -0.644204 -0.941437 0.290889 0.170531 -0.254117 0.248453 0.256509 0.934063 0.376739 
1537387573229 0.227331 0.921894 -0.313739 -0.644196 -0.941537 0.290339 0.170912 -0.254105 0.248654 0.256543 0.934 0.376808 
1537387573381 0.227068 0.922076 -0.313394 -0.644147 -0.941609 0.290018 0.171062 -0.254234 0.248622 0.256252 0.934089 0.376808 
1537387573461 0.226726 0.922404 -0.312677 -0.644119 -0.941794 0.289456 0.170995 -0.254368 0.248232 0.255708 0.934341 0.376768 
1537387573637 0.226048 0.922757 -0.312126 -0.64409 -0.941923 0.288748 0.171482 -0.254321 0.248362 0.255235 0.934436 0.376886 
1537387573690 0.225751 0.922911 -0.311885 -0.644083 -0.941981 0.288435 0.171688 -0.254379 0.248411 0.255031 0.934479 0.376903 
1537387573834 0.225288 0.923153 -0.311501 -0.64407 -0.942094 0.287924 0.171927 -0.254449 0.248403 0.25473 0.934563 0.376956 
1537387574013 0.224362 0.923631 -0.310752 -0.644028 -0.942257 0.286968 0.172632 -0.254515 0.248624 0.254076 0.934683 0.377086 
1537387574050 0.224029 0.923829 -0.310404 -0.643993 -0.942344 0.286579 0.172799 -0.254526 0.248592 0.253795 0.934767 0.377123 
1537387574225 0.224125 0.923856 -0.310256 -0.643981 -0.9423 0.286664 0.172902 -0.254536 0.248676 0.253603 0.934797 0.377126 
1537387574265 0.224606 0.923651 -0.310518 -0.643996 -0.942205 0.287149 0.172615 -0.254506 0.248601 0.253801 0.934763 0.377071 
1537387574373 0.224762 0.923557 -0.310685 -0.643995 -0.942247 0.287246 0.172223 -0.2545 0.248301 0.254032 0.93478 0.376971 
1537387574518 0.225518 0.923622 -0.30994 -0.643865 -0.942161 0.287726 0.171889 -0.254392 0.247939 0.25325 0.935089 0.377023 
1537387574555 0.225934 0.923604 -0.309694 -0.643821 -0.942095 0.28804 0.171729 -0.254374 0.247813 0.252961 0.9352 0.377046 
1537387574637 0.226372 0.923626 -0.309308 -0.643729 -0.942117 0.288252 0.171249 -0.25437 0.247328 0.252638 0.935416 0.377011 
1537387574704 0.226731 0.92361 -0.309092 -0.64367 -0.942093 0.288488 0.170982 -0.254323 0.24709 0.252426 0.935536 0.376955 
1537387574785 0.227076 0.923625 -0.308793 -0.643597 -0.942049 0.28872 0.170836 -0.254277 0.246943 0.252105 0.935661 0.376978 
1537387574809 0.227332 0.923635 -0.308574 -0.643554 -0.942016 0.288892 0.170724 -0.254258 0.246831 0.25187 0.935754 0.376988 
1537387574825 0.227473 0.923632 -0.308481 -0.643535 -0.941995 0.288996 0.170665 -0.254249 0.246781 0.251765 0.935795 0.376991 
1537387575049 0.22816 0.923471 -0.308456 -0.643293 -0.941983 0.289484 0.169903 -0.254106 0.246194 0.251795 0.935942 0.377027 
1537387575241 0.229047 0.923243 -0.308481 -0.64308 -0.941907 0.290187 0.169124 -0.254024 0.245659 0.251823 0.936075 0.377108 
1537387575490 0.230045 0.923117 -0.308114 -0.642734 -0.941835 0.29089 0.168318 -0.253813 0.245004 0.251472 0.936341 0.377196 
1537387575683 0.230639 0.923002 -0.308013 -0.642611 -0.941803 0.291317 0.167753 -0.253802 0.244566 0.251398 0.936476 0.377201 
1537387575865 0.231278 0.922842 -0.308014 -0.642429 -0.94175 0.291816 0.167182 -0.253758 0.244166 0.251407 0.936578 0.377258 
1537387576045 0.231921 0.922706 -0.307937 -0.642235 -0.941749 0.29225 0.166428 -0.253554 0.243559 0.251402 0.936737 0.377195 
1537387576210 0.232703 0.92261 -0.307635 -0.642018 -0.941678 0.292811 0.165843 -0.253443 0.243088 0.251101 0.93694 0.377338 
1537387576365 0.233327 0.922498 -0.307499 -0.641822 -0.941715 0.29318 0.164977 -0.253361 0.242344 0.251083 0.937137 0.377354 
1537387576421 0.233842 0.922369 -0.307496 -0.641782 -0.941632 0.293622 0.164667 -0.253411 0.242172 0.251042 0.937193 0.377354 
1537387576655 0.233826 0.922403 -0.307405 -0.641666 -0.941672 0.293553 0.164562 -0.253315 0.242032 0.250995 0.937242 0.377391 
1537387576864 0.233744 0.922365 -0.307581 -0.641296 -0.941618 0.293584 0.164817 -0.25322 0.242322 0.251099 0.937139 0.377509 
1537387577069 0.233885 0.922377 -0.30744 -0.640974 -0.941576 0.293699 0.164848 -0.253004 0.242347 0.250923 0.93718 0.377651 
1537387577266 0.234238 0.92226 -0.307522 -0.640603 -0.941536 0.294 0.164544 -0.252949 0.242164 0.251 0.937206 0.377705 
1537387577457 0.23449 0.92221 -0.307478 -0.640216 -0.941483 0.294221 0.164451 -0.252778 0.242125 0.250923 0.937237 0.377814 
1537387577689 0.234635 0.922259 -0.307221 -0.639828 -0.941483 0.294275 0.164352 -0.252577 0.241983 0.250681 0.937338 0.378058 
1537387577893 0.235031 0.922155 -0.30723 -0.639485 -0.941362 0.294675 0.164329 -0.252481 0.24207 0.250592 0.93734 0.378189 
1537387578112 0.235154 0.922104 -0.307289 -0.639189 -0.941352 0.294781 0.164197 -0.252376 0.241989 0.250656 0.937344 0.378249 
1537387578193 0.235193 0.922087 -0.307311 -0.639007 -0.941362 0.294801 0.164102 -0.252278 0.241912 0.250695 0.937353 0.378312 
1537387578240 0.235503 0.921993 -0.307355 -0.638964 -0.941287 0.2951 0.163995 -0.252349 0.241902 0.250688 0.937357 0.378303 
1537387578485 0.235043 0.922128 -0.307303 -0.638336 -0.94125 0.294812 0.164723 -0.252041 0.242493 0.250532 0.937247 0.378503 
1537387578715 0.234748 0.922122 -0.307545 -0.637841 -0.941081 0.294827 0.165664 -0.251797 0.243435 0.250535 0.937001 0.378687 
1537387578919 0.23471 0.922043 -0.307812 -0.637471 -0.940956 0.294976 0.166104 -0.251689 0.243952 0.250651 0.936836 0.378814 
1537387579168 0.234655 0.922048 -0.307837 -0.636971 -0.940784 0.295119 0.166823 -0.251547 0.244668 0.250463 0.9367 0.378949 
1537387579470 0.234618 0.921953 -0.308149 -0.636503 -0.940622 0.295316 0.167387 -0.251402 0.245324 0.25058 0.936496 0.379072 
1537387579713 0.234522 0.92197 -0.308175 -0.636071 -0.940529 0.295348 0.167851 -0.251277 0.245772 0.250483 0.936405 0.379193 
1537387579953 0.234281 0.922003 -0.308256 -0.635645 -0.940444 0.295283 0.168443 -0.251063 0.246328 0.250435 0.936272 0.379335 
1537387580132 0.234787 0.921847 -0.30834 -0.635267 -0.940187 0.295911 0.168777 -0.251262 0.246828 0.25027 0.936184 0.379485 
1537387580153 0.23468 0.92187 -0.308351 -0.635206 -0.940185 0.29584 0.168909 -0.25122 0.246935 0.250268 0.936157 0.379515 
1537387580238 0.234432 0.921898 -0.308457 -0.635082 -0.94016 0.295713 0.169275 -0.251107 0.247269 0.250315 0.936056 0.379551 
1537387580457 0.23436 0.92195 -0.308357 -0.634625 -0.940068 0.295737 0.16974 -0.250852 0.247685 0.250096 0.936004 0.37976 
1537387580686 0.234417 0.921838 -0.308649 -0.634257 -0.939923 0.295977 0.170124 -0.250749 0.248179 0.250226 0.935839 0.379884 
1537387580954 0.234352 0.921741 -0.308987 -0.633837 -0.939789 0.296129 0.170599 -0.250604 0.248749 0.250403 0.93564 0.380004 
1537387581185 0.234221 0.921763 -0.309021 -0.633393 -0.939679 0.296155 0.17116 -0.25041 0.249287 0.250292 0.935527 0.380145 
1537387581429 0.234041 0.92171 -0.309315 -0.632969 -0.939543 0.29622 0.17179 -0.250171 0.249966 0.250409 0.935314 0.380215 
1537387581636 0.234069 0.921644 -0.309492 -0.632624 -0.939419 0.296397 0.172165 -0.250094 0.250407 0.250444 0.935187 0.380294 
1537387581890 0.233832 0.92165 -0.30965 -0.631952 -0.939248 0.296433 0.173036 -0.249823 0.251269 0.250377 0.934973 0.380569 
1537387581953 0.234078 0.921534 -0.309812 -0.631809 -0.939112 0.29677 0.173196 -0.249884 0.251549 0.250407 0.93489 0.380619 
1537387582026 0.234184 0.92144 -0.310011 -0.631711 -0.939025 0.296968 0.173329 -0.249967 0.251776 0.250517 0.9348 0.38065 
1537387582333 0.233866 0.921542 -0.309947 -0.631376 -0.939182 0.296577 0.173145 -0.249575 0.251483 0.250604 0.934855 0.380777 
1537387582625 0.233995 0.921463 -0.310084 -0.63102 -0.939161 0.296714 0.173026 -0.249343 0.251444 0.250732 0.934831 0.380921 
1537387582864 0.234094 0.921327 -0.310412 -0.630661 -0.939138 0.296868 0.172886 -0.249363 0.251436 0.251048 0.934748 0.381037 
1537387583082 0.23407 0.921288 -0.310547 -0.630351 -0.939138 0.296876 0.172872 -0.249071 0.251459 0.251182 0.934706 0.381159 
1537387583330 0.234056 0.921248 -0.310678 -0.629932 -0.939156 0.296873 0.172779 -0.248892 0.251404 0.251336 0.93468 0.381305 
1537387583537 0.234105 0.921122 -0.311014 -0.629619 -0.939138 0.296988 0.17268 -0.248734 0.251427 0.25166 0.934586 0.381406 
1537387583753 0.234238 0.921058 -0.311102 -0.629229 -0.939101 0.297134 0.172627 -0.248642 0.251438 0.251721 0.934567 0.38153 
1537387583973 0.234434 0.920954 -0.311263 -0.628967 -0.939041 0.297362 0.172565 -0.248597 0.251482 0.251833 0.934525 0.381614 
1537387584029 0.234206 0.921007 -0.311277 -0.628901 -0.939081 0.297165 0.172685 -0.24838 0.251544 0.25187 0.934498 0.381672 
1537387584046 0.234188 0.921011 -0.311278 -0.628894 -0.939086 0.297148 0.172689 -0.248374 0.251544 0.251875 0.934497 0.381676 
1537387584278 0.234299 0.920978 -0.311293 -0.628764 -0.939058 0.297256 0.172654 -0.248387 0.251544 0.251869 0.934498 0.381716 
1537387584387 0.234372 0.921044 -0.311044 -0.628524 -0.939049 0.297269 0.172681 -0.248324 0.25151 0.251614 0.934576 0.381785 
1537387584610 0.234548 0.920941 -0.311215 -0.628073 -0.939003 0.297469 0.172584 -0.248095 0.251517 0.251752 0.934537 0.381878 
1537387584793 0.234829 0.920829 -0.311333 -0.627858 -0.938956 0.297734 0.172382 -0.248116 0.251429 0.251848 0.934535 0.381869 
1537387584903 0.234737 0.920937 -0.311084 -0.627649 -0.938983 0.297597 0.172475 -0.247923 0.251417 0.251616 0.934601 0.381955 
1537387585066 0.234598 0.920952 -0.311145 -0.627449 -0.938986 0.297508 0.172608 -0.247796 0.251532 0.251668 0.934556 0.38205 
1537387585123 0.234952 0.920854 -0.311167 -0.627289 -0.938862 0.297883 0.17264 -0.247777 0.251667 0.251581 0.934543 0.382109 
1537387585148 0.235002 0.920832 -0.311195 -0.627232 -0.938864 0.297921 0.17256 -0.247816 0.251611 0.251618 0.934548 0.382125 
1537387585168 0.235015 0.920831 -0.311189 -0.62719 -0.938876 0.297917 0.172502 -0.247848 0.251554 0.251627 0.934561 0.382137 
1537387585324 0.234868 0.920943 -0.310967 -0.62703 -0.938954 0.297695 0.172463 -0.247731 0.251402 0.251478 0.934642 0.382206 
1537387585462 0.23513 0.920725 -0.311414 -0.626842 -0.93878 0.298135 0.172648 -0.247695 0.251805 0.251755 0.934459 0.382271 
1537387585698 0.235129 0.920685 -0.311534 -0.626428 -0.938665 0.298272 0.173039 -0.247404 0.252236 0.251739 0.934347 0.382433 
1537387585774 0.235061 0.920664 -0.311647 -0.626226 -0.93868 0.298231 0.173027 -0.24737 0.252243 0.251865 0.934311 0.382504 
1537387585929 0.234872 0.920677 -0.311751 -0.62606 -0.938712 0.298087 0.173103 -0.247169 0.252301 0.251987 0.934263 0.382583 
1537387586011 0.235119 0.920594 -0.311809 -0.625802 -0.93862 0.298362 0.173127 -0.247191 0.252411 0.251965 0.934239 0.382668 
1537387586155 0.234869 0.920591 -0.312006 -0.625724 -0.938628 0.298217 0.173333 -0.246995 0.252614 0.252147 0.934135 0.382701 
1537387586185 0.234851 0.920607 -0.311975 -0.625626 -0.938618 0.298208 0.173402 -0.246937 0.252669 0.252102 0.934132 0.382743 
1537387586202 0.234907 0.92059 -0.311983 -0.625576 -0.938593 0.298273 0.173424 -0.246933 0.252709 0.252086 0.934126 0.382761 
1537387586403 0.234915 0.920557 -0.312075 -0.625461 -0.938564 0.298325 0.173493 -0.246883 0.25281 0.252146 0.934082 0.382799 
1537387586482 0.23496 0.920528 -0.312126 -0.625284 -0.938507 0.298423 0.173632 -0.246769 0.252979 0.252135 0.934039 0.382873 
1537387586679 0.235004 0.920497 -0.312183 -0.625008 -0.938441 0.29853 0.173806 -0.24663 0.253184 0.25212 0.933988 0.382979 
1537387586837 0.235385 0.920308 -0.312455 -0.624783 -0.938318 0.298969 0.173712 -0.246752 0.253283 0.252293 0.933914 0.382998 
1537387586943 0.235261 0.920335 -0.312468 -0.624604 -0.938311 0.298892 0.173884 -0.246552 0.253426 0.252284 0.933878 0.38308 
1537387587109 0.235328 0.92027 -0.312609 -0.624371 -0.938251 0.299026 0.173981 -0.246503 0.253588 0.252363 0.933813 0.383157 
1537387587189 0.235554 0.920234 -0.312545 -0.624124 -0.938155 0.299266 0.174082 -0.246433 0.253731 0.25221 0.933815 0.383247 
1537387587313 0.235649 0.920107 -0.312845 -0.623978 -0.938087 0.299457 0.174122 -0.246454 0.253895 0.252444 0.933707 0.383281 
1537387587363 0.235575 0.920114 -0.312882 -0.623882 -0.938074 0.299425 0.174245 -0.246314 0.25401 0.252459 0.933672 0.383329 
1537387587581 0.235753 0.920043 -0.312956 -0.623687 -0.938023 0.299614 0.174197 -0.246336 0.254035 0.252492 0.933656 0.383351 
1537387587783 0.236049 0.919965 -0.312962 -0.623386 -0.937976 0.299868 0.174013 -0.246401 0.253934 0.252476 0.933688 0.383381 
1537387587967 0.236158 0.919932 -0.312978 -0.62311 -0.937903 0.300018 0.174144 -0.246305 0.2541 0.252418 0.933659 0.3835 
1537387588161 0.236237 0.919939 -0.312896 -0.62287 -0.937846 0.300115 0.174288 -0.246123 0.254239 0.252274 0.933659 0.383618 
1537387588357 0.23632 0.919904 -0.312936 -0.62263 -0.937825 0.300201 0.17425 -0.246078 0.254237 0.2523 0.933653 0.383645 
1537387588497 0.23654 0.919818 -0.313024 -0.622359 -0.937714 0.30048 0.174365 -0.246042 0.254442 0.252283 0.933602 0.383729 
1537387588657 0.236466 0.919882 -0.312891 -0.62209 -0.937704 0.300414 0.174534 -0.245861 0.254548 0.252128 0.933615 0.383839 
1537387588747 0.23649 0.919905 -0.312807 -0.621918 -0.937677 0.300442 0.174635 -0.245751 0.254628 0.252012 0.933625 0.383906 
1537387588791 0.236602 0.919873 -0.312814 -0.621854 -0.937642 0.300555 0.174624 -0.245792 0.25465 0.251991 0.933624 0.383921 
1537387588845 0.236845 0.919786 -0.312887 -0.621807 -0.937572 0.300808 0.174567 -0.245904 0.254684 0.252008 0.93361 0.383917 
1537387589017 0.236432 0.920008 -0.312546 -0.62157 -0.937673 0.300355 0.174802 -0.24558 0.254694 0.251738 0.933681 0.384045 
1537387589219 0.236627 0.920054 -0.312263 -0.621231 -0.937552 0.300558 0.175105 -0.245484 0.254959 0.251328 0.933718 0.384161 
1537387589402 0.236872 0.920003 -0.312228 -0.62094 -0.937439 0.300832 0.175235 -0.245429 0.255145 0.251187 0.933706 0.384222 
1537387589602 0.236852 0.920085 -0.312001 -0.620588 -0.93742 0.300794 0.175406 -0.245304 0.255237 0.250931 0.933749 0.384339 
1537387589872 0.236809 0.920257 -0.311527 -0.619981 -0.937377 0.300716 0.175767 -0.244994 0.255432 0.250395 0.93384 0.384525 
1537387590053 0.237131 0.920198 -0.311454 -0.619724 -0.937239 0.301062 0.17591 -0.245031 0.255639 0.250194 0.933837 0.384554 
