1530632573881 0.406728 -0.245528 0.879937 0.321984 -0.840142 -0.478826 0.254728 -0.46816 0.358794 -0.842877 -0.40103 0.484405 
1530632596702 0.406729 -0.245525 0.879937 0.321983 -0.84014 -0.478831 0.254727 -0.468162 0.358799 -0.842875 -0.40103 0.484407 
1530632597650 0.363178 -0.226975 0.903651 0.328621 -0.872553 -0.422965 0.244441 -0.468151 0.32673 -0.877259 -0.351659 0.479051 
1530632598678 0.319819 -0.205333 0.924961 0.335286 -0.901728 -0.365656 0.230613 -0.468178 0.290866 -0.907818 -0.302099 0.47357 
1530632600045 0.235329 -0.152443 0.959886 0.348572 -0.948915 -0.249628 0.192995 -0.468214 0.210194 -0.956267 -0.2034 0.462911 
1530632601005 0.194569 -0.121516 0.973333 0.355226 -0.966799 -0.19134 0.169375 -0.468231 0.165656 -0.973973 -0.15471 0.457607 
1530632601977 0.154937 -0.0881755 0.983982 0.361832 -0.980814 -0.133008 0.142519 -0.468232 0.118311 -0.987185 -0.107092 0.452195 
1530632602976 0.11667 -0.0524525 0.991785 0.368361 -0.99077 -0.0755336 0.112555 -0.4683 0.0690093 -0.995763 -0.0607809 0.446866 
1530632603962 0.0804752 -0.0144187 0.996652 0.374585 -0.996599 -0.0189721 0.0801964 -0.468323 0.0177523 -0.999716 -0.0158965 0.441878 
1530632604932 0.0472422 0.0242153 0.99859 0.379193 -0.99828 0.0358969 0.046357 -0.468895 -0.0347237 -0.999062 0.0258695 0.438413 
1530632604952 0.0472352 0.0242123 0.99859 0.37921 -0.998277 0.0359705 0.0463483 -0.468893 -0.0347975 -0.99906 0.0258697 0.438398 
1530632605409 0.0437654 0.0285766 0.998633 0.380064 -0.998232 0.0414858 0.0425607 -0.468863 -0.0402129 -0.99873 0.0303417 0.437645 
1530632605811 0.0403864 0.0326769 0.99865 0.380982 -0.998143 0.0469307 0.0388303 -0.468776 -0.0455985 -0.998364 0.0345116 0.436832 
1530632606344 0.0334448 0.0413248 0.998586 0.382772 -0.997851 0.0577111 0.0310319 -0.468714 -0.0563471 -0.997478 0.0431661 0.435342 
1530632606764 0.0301332 0.0456686 0.998502 0.383683 -0.997626 0.0632622 0.0272133 -0.468624 -0.0619247 -0.996951 0.0474665 0.434548 
1530632607171 0.0267682 0.0499551 0.998393 0.384596 -0.997364 0.0687204 0.0233022 -0.468562 -0.0674459 -0.996384 0.0516629 0.433745 
1530632607576 0.0234769 0.0545792 0.998233 0.385472 -0.997082 0.0738219 0.0194136 -0.468537 -0.0726319 -0.995777 0.0561531 0.433155 
1530632607980 0.0201231 0.0588087 0.998066 0.386326 -0.996728 0.079341 0.0154211 -0.468469 -0.0782806 -0.995111 0.0602129 0.432339 
1530632608411 0.0170125 0.0631941 0.997856 0.387035 -0.996343 0.0846484 0.011626 -0.468458 -0.0837322 -0.994405 0.064403 0.431889 
1530632608427 0.0170082 0.0631788 0.997857 0.387034 -0.996338 0.084712 0.0116188 -0.468458 -0.0837964 -0.9944 0.0643882 0.431872 
1530632608719 0.0194184 0.0623373 0.997866 0.386992 -0.996416 0.083387 0.014181 -0.468804 -0.0823251 -0.994566 0.0637332 0.432134 
1530632609018 0.0218793 0.0612804 0.997881 0.386955 -0.99648 0.0821255 0.0168052 -0.469139 -0.0809216 -0.994736 0.0628616 0.432282 
1530632609318 0.0244137 0.0602607 0.997884 0.386992 -0.996512 0.0811402 0.0194802 -0.469467 -0.0797946 -0.994879 0.0620315 0.432405 
1530632609618 0.0270447 0.0594406 0.997865 0.38699 -0.996565 0.0797671 0.022258 -0.469745 -0.0782738 -0.99504 0.0613937 0.432671 
1530632609918 0.0295633 0.0585503 0.997847 0.387011 -0.996602 0.0785028 0.0249202 -0.470073 -0.0768747 -0.995193 0.0606721 0.432889 
1530632610282 0.0318974 0.0573977 0.997842 0.386895 -0.99662 0.0774458 0.0274035 -0.470484 -0.0757058 -0.995343 0.0596741 0.433001 
1530632610593 0.0345867 0.0566567 0.997794 0.386977 -0.996646 0.0760507 0.0302286 -0.470739 -0.0741703 -0.995493 0.059097 0.433272 
1530632610891 0.0369823 0.0557623 0.997759 0.386924 -0.996659 0.074822 0.0327599 -0.471002 -0.0728275 -0.995637 0.0583431 0.433496 
1530632611208 0.0395017 0.054797 0.997716 0.387001 -0.996668 0.073474 0.0354248 -0.471113 -0.071365 -0.995791 0.0575168 0.433629 
1530632611225 0.0394947 0.0547647 0.997718 0.386978 -0.996667 0.0734919 0.0354191 -0.471122 -0.0713845 -0.995791 0.0574847 0.433611 
1530632611558 0.040561 0.0555542 0.997631 0.386993 -0.996785 0.0713019 0.0365561 -0.47129 -0.0691022 -0.995907 0.0582676 0.433452 
1530632611833 0.0415107 0.0562559 0.997553 0.386934 -0.9969 0.0691166 0.0375858 -0.471505 -0.0668331 -0.996021 0.0589506 0.433356 
1530632612094 0.0426776 0.0571305 0.997454 0.386944 -0.996999 0.0669818 0.0388216 -0.4716 -0.0645933 -0.996117 0.0598176 0.433261 
1530632612371 0.043749 0.0578437 0.997367 0.3869 -0.997086 0.0649802 0.0399681 -0.471769 -0.0624972 -0.996209 0.0605179 0.433017 
1530632612638 0.0448186 0.0586974 0.997269 0.386912 -0.997183 0.0627239 0.0411229 -0.471947 -0.0601388 -0.996303 0.0613433 0.43296 
1530632612974 0.0459771 0.0594051 0.997175 0.386859 -0.997267 0.0605137 0.0423764 -0.472145 -0.0578253 -0.996398 0.062025 0.432777 
1530632613293 0.0469692 0.0601859 0.997082 0.38687 -0.997341 0.0585134 0.0434494 -0.472266 -0.0557275 -0.996471 0.0627741 0.432612 
1530632613722 0.0480601 0.0608998 0.996986 0.38679 -0.997416 0.0562803 0.044643 -0.472452 -0.0533919 -0.996556 0.0634473 0.432493 
1530632614018 0.0490451 0.0616996 0.996889 0.386832 -0.997482 0.0542132 0.0457189 -0.472468 -0.0512237 -0.996621 0.0642032 0.432424 
1530632614035 0.049039 0.0616918 0.99689 0.386824 -0.997483 0.0541946 0.0457144 -0.472484 -0.0512059 -0.996623 0.0641942 0.432414 
1530632614341 0.0493244 0.0593144 0.99702 0.386754 -0.997405 0.0553315 0.0460517 -0.472484 -0.0524351 -0.996705 0.0618897 0.432677 
1530632614672 0.0496285 0.057131 0.997132 0.386626 -0.997322 0.0565393 0.0463985 -0.472514 -0.0537264 -0.996764 0.0597839 0.433048 
1530632614994 0.0497954 0.0547772 0.997256 0.386522 -0.997252 0.0575727 0.0466328 -0.472587 -0.0548604 -0.996837 0.0574935 0.433364 
1530632615286 0.0500945 0.0523865 0.99737 0.386423 -0.997153 0.0589728 0.0469861 -0.472583 -0.0563563 -0.996884 0.0551916 0.433519 
1530632615578 0.0503435 0.0500235 0.997478 0.386359 -0.99707 0.0601099 0.0473084 -0.472622 -0.0575918 -0.996938 0.0529031 0.433805 
1530632615877 0.0509118 0.0479091 0.997553 0.386343 -0.996974 0.0611864 0.0479437 -0.472572 -0.0587397 -0.996976 0.0508792 0.434216 
1530632616171 0.0510707 0.0455696 0.997655 0.386202 -0.996887 0.0624143 0.0481805 -0.472621 -0.0600724 -0.997009 0.0486153 0.434489 
1530632616586 0.0513327 0.0429606 0.997757 0.386137 -0.996798 0.0635329 0.0485478 -0.472636 -0.0613047 -0.997055 0.0460844 0.434665 
1530632616902 0.0515151 0.0408395 0.997837 0.386047 -0.996709 0.0647143 0.0488083 -0.472634 -0.062581 -0.997068 0.0440389 0.434825 
1530632616925 0.051486 0.0408039 0.99784 0.386048 -0.996708 0.0647556 0.0487796 -0.47264 -0.0626254 -0.997067 0.0440036 0.434825 
1530632617178 0.0512687 0.042861 0.997765 0.386087 -0.996772 0.0640095 0.048468 -0.472613 -0.0617891 -0.997028 0.0460044 0.434526 
1530632617455 0.0511148 0.0450875 0.997674 0.386171 -0.996829 0.0632998 0.0482108 -0.472501 -0.0609788 -0.996976 0.0481801 0.434263 
1530632617733 0.0508186 0.0471359 0.997595 0.386206 -0.996887 0.0626914 0.0478204 -0.472462 -0.0602866 -0.996919 0.0501751 0.43392 
1530632618018 0.0505051 0.0491098 0.997516 0.386216 -0.996946 0.0620513 0.0474213 -0.472423 -0.0595683 -0.996864 0.0520938 0.433549 
1530632618302 0.0502753 0.0514395 0.99741 0.386264 -0.997017 0.061146 0.047102 -0.472371 -0.0585648 -0.996802 0.0543602 0.433381 
1530632618594 0.0499969 0.0535311 0.997314 0.386298 -0.99708 0.060381 0.0467442 -0.472345 -0.0577165 -0.996739 0.0563937 0.433097 
1530632618885 0.049699 0.0553861 0.997227 0.386338 -0.997131 0.0598217 0.0463717 -0.472301 -0.0570875 -0.996671 0.0582003 0.432679 
1530632619227 0.0493247 0.0575516 0.997123 0.386349 -0.997191 0.059178 0.0459124 -0.472281 -0.0563654 -0.996587 0.0603088 0.432374 
1530632619544 0.0490964 0.0596694 0.99701 0.386337 -0.997242 0.0585592 0.0456031 -0.47227 -0.055663 -0.996499 0.0623799 0.432238 
1530632619564 0.0490789 0.059662 0.997011 0.386335 -0.997243 0.0585599 0.045586 -0.472275 -0.0556651 -0.996499 0.0623716 0.432226 
1530632619791 0.0492 0.0601978 0.996973 0.386367 -0.997216 0.0589576 0.0456521 -0.472224 -0.0560309 -0.996444 0.0629309 0.432241 
1530632620013 0.0490818 0.0605435 0.996958 0.386328 -0.997184 0.0596398 0.0454711 -0.472219 -0.0567054 -0.996382 0.0633003 0.432067 
1530632620209 0.0492582 0.0609535 0.996924 0.386352 -0.997148 0.0601508 0.0455915 -0.472196 -0.0571868 -0.996327 0.0637426 0.432033 
1530632620405 0.0493478 0.0614835 0.996887 0.386364 -0.997121 0.0605721 0.0456235 -0.472185 -0.0575785 -0.996268 0.0642956 0.431993 
1530632620618 0.0493011 0.0619663 0.99686 0.386365 -0.997082 0.0612934 0.045502 -0.472178 -0.0582814 -0.996194 0.0648073 0.431907 
1530632620829 0.0494464 0.0624629 0.996822 0.386413 -0.99705 0.061753 0.0455882 -0.472102 -0.0587091 -0.996135 0.0653321 0.43186 
1530632621038 0.0493726 0.0629104 0.996797 0.38633 -0.997027 0.0622195 0.0454571 -0.472118 -0.0591605 -0.996078 0.0657953 0.431799 
1530632621259 0.0495037 0.0632783 0.996767 0.386374 -0.996975 0.0630012 0.0455144 -0.472064 -0.0599174 -0.996005 0.0662057 0.431702 
1530632621476 0.0494562 0.0639267 0.996728 0.38636 -0.996958 0.0633565 0.0454041 -0.472071 -0.0602467 -0.995941 0.0668656 0.431685 
1530632621493 0.0494623 0.0639293 0.996728 0.386356 -0.996957 0.0633676 0.0454093 -0.472072 -0.0602573 -0.995941 0.0668691 0.431682 
1530632621889 0.0493713 0.0645525 0.996692 0.386341 -0.997097 0.0610948 0.0454344 -0.472073 -0.0579598 -0.996042 0.0673815 0.431667 
1530632622184 0.0492624 0.0648831 0.996676 0.386317 -0.997227 0.0589205 0.045454 -0.472071 -0.0557754 -0.996152 0.0676058 0.431661 
1530632622467 0.049257 0.0653196 0.996648 0.386311 -0.997346 0.0567772 0.0455703 -0.472051 -0.0536102 -0.996248 0.067943 0.431587 
1530632622774 0.0491348 0.0656586 0.996632 0.386307 -0.997463 0.0546949 0.0455725 -0.472048 -0.0515185 -0.996342 0.0681794 0.43145 
1530632623053 0.0489907 0.0661065 0.996609 0.386258 -0.997588 0.0523691 0.0455651 -0.472044 -0.0491794 -0.996437 0.0685127 0.431478 
1530632623322 0.0490475 0.0666059 0.996573 0.386243 -0.997694 0.0501392 0.0457516 -0.472014 -0.0469201 -0.996519 0.0689115 0.431457 
1530632623616 0.0489334 0.0670599 0.996548 0.386277 -0.997797 0.0480296 0.0457627 -0.47199 -0.044795 -0.996592 0.0692625 0.431374 
1530632623918 0.0489765 0.0674609 0.996519 0.386294 -0.997891 0.0458592 0.0459394 -0.471957 -0.0426005 -0.996667 0.0695647 0.431313 
1530632624229 0.0489832 0.0677694 0.996498 0.386322 -0.997978 0.0437905 0.0460779 -0.47193 -0.0405145 -0.99674 0.0697773 0.431264 
1530632624248 0.0489809 0.0677731 0.996498 0.386322 -0.997978 0.0437742 0.0460766 -0.471931 -0.0404981 -0.99674 0.0697801 0.431257 
1530632624490 0.0490521 0.0664142 0.996586 0.386242 -0.997985 0.0434561 0.046225 -0.472011 -0.0402377 -0.996845 0.068412 0.431403 
1530632624726 0.0493976 0.0652717 0.996644 0.38628 -0.997979 0.0431565 0.0466374 -0.471993 -0.0399676 -0.996934 0.0672716 0.431581 
1530632624993 0.049712 0.0640574 0.996707 0.386262 -0.997981 0.042696 0.0470314 -0.471988 -0.0395427 -0.997032 0.0660506 0.431798 
1530632625255 0.0496887 0.0628666 0.996784 0.386156 -0.997995 0.0423036 0.047081 -0.472101 -0.0392077 -0.997125 0.0648425 0.43198 
1530632625504 0.050081 0.061719 0.996836 0.386235 -0.997988 0.0419525 0.0475414 -0.472096 -0.0388856 -0.997211 0.0636959 0.43219 
1530632625750 0.0503636 0.0605021 0.996897 0.386195 -0.997987 0.0415585 0.0478965 -0.472116 -0.0385317 -0.997303 0.0624733 0.432368 
1530632626002 0.0504896 0.0593104 0.996962 0.386132 -0.997995 0.0411397 0.0480945 -0.472168 -0.0381622 -0.997392 0.0612686 0.432549 
1530632626254 0.0507956 0.0582351 0.99701 0.386147 -0.998004 0.0404712 0.0484824 -0.472189 -0.0375268 -0.997482 0.0601746 0.43287 
1530632626498 0.0509358 0.05693 0.997078 0.386086 -0.997996 0.040428 0.0486744 -0.472203 -0.0375388 -0.997559 0.0588752 0.432844 
1530632626775 0.0510042 0.0584427 0.996987 0.386223 -0.997998 0.0403575 0.0486902 -0.472142 -0.0373903 -0.997475 0.0603841 0.432945 
1530632627050 0.0506905 0.0572325 0.997073 0.38609 -0.997987 0.0409959 0.0483838 -0.472229 -0.0381067 -0.997519 0.0591954 0.432979 
1530632627298 0.0508804 0.0563677 0.997113 0.386152 -0.99795 0.041671 0.0485675 -0.472152 -0.038813 -0.99754 0.0583724 0.433056 
1530632627541 0.0509773 0.0553808 0.997163 0.386182 -0.997922 0.0422341 0.0486705 -0.472099 -0.0394189 -0.997572 0.0574187 0.433137 
1530632627787 0.0509183 0.0545182 0.997214 0.386127 -0.997899 0.04284 0.0486112 -0.472114 -0.0400705 -0.997593 0.0565849 0.433241 
1530632628024 0.0510952 0.0537006 0.997249 0.386157 -0.997871 0.0432776 0.0487966 -0.472058 -0.0405382 -0.997619 0.0557975 0.433411 
1530632628270 0.0509528 0.052652 0.997312 0.386135 -0.99785 0.0439077 0.0486622 -0.47209 -0.0412275 -0.997647 0.054776 0.433474 
1530632628516 0.0510697 0.0517559 0.997353 0.386168 -0.997817 0.0445088 0.0487838 -0.472046 -0.0418662 -0.997667 0.0539159 0.433588 
1530632628807 0.051025 0.0508832 0.9974 0.386089 -0.997797 0.0449968 0.0487497 -0.472066 -0.0423993 -0.99769 0.053067 0.433749 
1530632629035 0.0509905 0.0499202 0.997451 0.386122 -0.997771 0.0456055 0.0487244 -0.472044 -0.0430569 -0.997711 0.0521344 0.433735 
1530632629052 0.051033 0.0498893 0.99745 0.386129 -0.997769 0.0455884 0.0487691 -0.472034 -0.0430391 -0.997714 0.0521045 0.433736 
1530632629293 0.0514213 0.0505879 0.997395 0.386148 -0.997694 0.0468998 0.049058 -0.472037 -0.0442959 -0.997618 0.0528829 0.433566 
1530632629527 0.051639 0.0514293 0.997341 0.386216 -0.997639 0.0479331 0.0491827 -0.472036 -0.0452762 -0.997526 0.0537831 0.433564 
1530632629723 0.0519208 0.0520663 0.997293 0.386212 -0.997581 0.0489138 0.0493821 -0.472102 -0.0462103 -0.997445 0.0544801 0.433497 
1530632629930 0.0522109 0.0527737 0.997241 0.386237 -0.997514 0.0500865 0.0495746 -0.47216 -0.0473321 -0.99735 0.0552576 0.43334 
1530632630168 0.0525041 0.0536588 0.997178 0.386315 -0.997453 0.0510912 0.0497693 -0.472151 -0.0482764 -0.997251 0.0562046 0.433311 
1530632630399 0.0528671 0.0543459 0.997122 0.386344 -0.997376 0.0523307 0.0500284 -0.472179 -0.0494612 -0.99715 0.0569698 0.433185 
1530632630631 0.0531258 0.0551178 0.997066 0.386328 -0.997314 0.0533401 0.0501905 -0.472228 -0.0504172 -0.997054 0.0578035 0.433159 
1530632630876 0.0532815 0.055787 0.99702 0.386307 -0.997251 0.0544681 0.0502461 -0.472262 -0.0515027 -0.996956 0.0585357 0.433014 
1530632631083 0.0537127 0.0562534 0.996971 0.386401 -0.997165 0.0557163 0.0505794 -0.472195 -0.0527022 -0.996861 0.0590866 0.432867 
1530632631399 0.0536663 0.0562684 0.996972 0.386438 -0.997162 0.0558141 0.0505264 -0.472186 -0.0528021 -0.996854 0.059104 0.432838 
1530632631752 0.0531613 0.0568854 0.996964 0.386388 -0.997237 0.0548971 0.0500435 -0.472177 -0.0518837 -0.99687 0.0596466 0.432806 
1530632632111 0.0527887 0.0574315 0.996953 0.386394 -0.997293 0.0542048 0.0496842 -0.472182 -0.0511862 -0.996877 0.0601374 0.432649 
1530632632369 0.0524311 0.0581635 0.996929 0.386451 -0.997356 0.0533456 0.0493412 -0.472135 -0.0503119 -0.996881 0.0608067 0.432663 
1530632632621 0.052268 0.0588663 0.996897 0.386499 -0.997403 0.0526049 0.0491883 -0.472074 -0.0495461 -0.996879 0.061463 0.432605 
1530632632859 0.0519375 0.0595043 0.996876 0.386571 -0.997458 0.0518566 0.0488725 -0.472012 -0.0487865 -0.99688 0.0620463 0.43255 
1530632633087 0.0514884 0.060077 0.996865 0.38656 -0.997516 0.0511377 0.0484402 -0.472 -0.0480673 -0.996883 0.0625607 0.432442 
1530632633380 0.0508957 0.0612654 0.996823 0.386658 -0.997624 0.0495178 0.0478932 -0.471904 -0.0464263 -0.996892 0.0636401 0.432286 
1530632633610 0.0507288 0.0617828 0.9968 0.386757 -0.997652 0.049118 0.0477278 -0.471812 -0.0460121 -0.99688 0.0641294 0.432129 
1530632633627 0.0507035 0.0618451 0.996797 0.386763 -0.997654 0.0490969 0.047701 -0.471813 -0.0459896 -0.996877 0.0641894 0.432136 
1530632633859 0.0511563 0.0606092 0.99685 0.386805 -0.997614 0.0494347 0.0481899 -0.47188 -0.0463583 -0.996937 0.0629935 0.432259 
1530632634101 0.0515869 0.0594643 0.996897 0.386807 -0.997578 0.0496984 0.0486577 -0.47196 -0.0466508 -0.996993 0.0618841 0.43241 
1530632634330 0.0519498 0.0582709 0.996948 0.386792 -0.997543 0.050016 0.0490574 -0.472024 -0.0470047 -0.997047 0.0607261 0.432546 
1530632634566 0.0525888 0.0571646 0.996979 0.386841 -0.997494 0.0503251 0.0497304 -0.472063 -0.0473302 -0.997096 0.0596679 0.432697 
1530632634795 0.0529536 0.0560909 0.99702 0.386842 -0.997465 0.0504908 0.0501367 -0.472139 -0.0475281 -0.997148 0.0586224 0.432906 
1530632635044 0.0533423 0.0548025 0.997071 0.386868 -0.997431 0.0507351 0.050573 -0.472228 -0.047815 -0.997207 0.0573681 0.433022 
1530632635307 0.0539109 0.0536292 0.997105 0.386942 -0.997381 0.0511008 0.0511774 -0.472235 -0.0482082 -0.997253 0.0562436 0.433166 
1530632635561 0.0544418 0.0526802 0.997126 0.386965 -0.99735 0.0511256 0.051753 -0.472329 -0.0482523 -0.997302 0.055324 0.433436 
1530632635802 0.0546988 0.0514822 0.997175 0.38692 -0.997318 0.0514491 0.0520505 -0.472385 -0.0486241 -0.997348 0.0541584 0.433445 
1530632635819 0.0546871 0.0514807 0.997176 0.386928 -0.997322 0.0513939 0.0520418 -0.4724 -0.0485696 -0.997351 0.0541534 0.433463 
1530632636057 0.0546015 0.0530421 0.997098 0.38701 -0.997265 0.0527049 0.0518069 -0.472315 -0.049804 -0.9972 0.0557748 0.433274 
1530632636416 0.0542495 0.0563945 0.996934 0.387072 -0.99713 0.0558574 0.0511004 -0.472229 -0.0528043 -0.996845 0.0592629 0.432807 
1530632636664 0.0543265 0.0578561 0.996846 0.387211 -0.997057 0.0572277 0.0510166 -0.472145 -0.0540955 -0.996683 0.0607948 0.432532 
1530632636950 0.054118 0.0595037 0.99676 0.387271 -0.996989 0.0587415 0.0506237 -0.472116 -0.0555389 -0.996498 0.0625035 0.43228 
1530632637253 0.0536351 0.0624533 0.996606 0.3873 -0.996863 0.0615184 0.0497939 -0.472059 -0.0581998 -0.99615 0.065557 0.431804 
1530632637515 0.0536708 0.0641023 0.996499 0.387427 -0.996772 0.0631044 0.0496261 -0.471942 -0.0597023 -0.995946 0.0672823 0.431573 
1530632637787 0.0535023 0.0657554 0.9964 0.387434 -0.996702 0.064486 0.0492629 -0.471923 -0.0610146 -0.99575 0.0689887 0.431441 
1530632637804 0.0534972 0.0657118 0.996404 0.387433 -0.996697 0.0645717 0.0492545 -0.471919 -0.0611029 -0.995747 0.0689492 0.431397 
1530632638026 0.0535415 0.0664724 0.996351 0.387481 -0.996703 0.0644704 0.0492592 -0.471886 -0.0609608 -0.995703 0.0697051 0.431361 
1530632638241 0.0535096 0.0669351 0.996321 0.38753 -0.996699 0.0645862 0.0491909 -0.471896 -0.061056 -0.995665 0.0701702 0.431189 
1530632638469 0.0535085 0.0676025 0.996276 0.387563 -0.996713 0.0643991 0.0491621 -0.4719 -0.0608359 -0.995632 0.0708261 0.431114 
1530632638681 0.0536877 0.0687189 0.99619 0.387645 -0.996701 0.0644982 0.049266 -0.471893 -0.060867 -0.995549 0.0719549 0.43085 
1530632638903 0.0535532 0.069448 0.996147 0.387671 -0.996718 0.064358 0.0490971 -0.47192 -0.0607003 -0.995507 0.0726667 0.430767 
1530632639128 0.0536131 0.0701181 0.996097 0.387741 -0.996718 0.0643552 0.0491163 -0.471903 -0.0606601 -0.995461 0.0733382 0.430657 
1530632639350 0.0537058 0.0706938 0.996051 0.387817 -0.996714 0.0643699 0.049173 -0.471875 -0.0606395 -0.995419 0.0739185 0.430543 
1530632639563 0.0537848 0.0712175 0.99601 0.387878 -0.996704 0.0645017 0.0492102 -0.471855 -0.0607397 -0.995373 0.074452 0.430444 
1530632639580 0.0537564 0.0712524 0.996009 0.387874 -0.996705 0.0644965 0.04918 -0.471863 -0.0607349 -0.995371 0.0744847 0.430435 
1530632639808 0.0536943 0.069878 0.996109 0.387899 -0.99686 0.0618945 0.0493928 -0.471889 -0.0582023 -0.995634 0.072982 0.430598 
1530632640059 0.0535088 0.0685383 0.996212 0.387896 -0.997039 0.0588499 0.0495043 -0.472012 -0.055234 -0.995911 0.0714843 0.430835 
1530632640314 0.0534296 0.0670913 0.996315 0.387903 -0.997183 0.0561812 0.0496929 -0.472013 -0.0526402 -0.996164 0.069904 0.430993 
1530632640554 0.053346 0.0658821 0.9964 0.387944 -0.997332 0.0533023 0.0498716 -0.472083 -0.0498247 -0.996403 0.0685498 0.431224 
1530632640896 0.0534606 0.0644346 0.996489 0.388042 -0.997466 0.0503513 0.0502573 -0.472072 -0.0469362 -0.996651 0.0669632 0.431423 
1530632641146 0.0531792 0.0632664 0.996579 0.387946 -0.997604 0.0475936 0.0502125 -0.472171 -0.044254 -0.996861 0.0656458 0.431686 
1530632641399 0.0530949 0.0619006 0.996669 0.38802 -0.997727 0.0447563 0.0503715 -0.472246 -0.0414892 -0.997078 0.0641362 0.431855 
1530632641647 0.0531092 0.0605082 0.996754 0.388044 -0.997837 0.0419453 0.0506206 -0.472267 -0.0387462 -0.997286 0.0626049 0.432014 
1530632641907 0.0529897 0.0591446 0.996842 0.388092 -0.997947 0.0390921 0.050729 -0.47232 -0.0359683 -0.997484 0.0610947 0.432162 
1530632641923 0.0530229 0.0591905 0.996838 0.388105 -0.997948 0.0390194 0.0507651 -0.472313 -0.0358912 -0.997484 0.061138 0.432201 
