1534878452153 0.368274 0.926137 0.081515 -0.507076 -0.918919 0.349271 0.183295 -0.25292 0.141286 -0.142408 0.979673 0.339528 
1534878456855 0.368275 0.926137 0.0815152 -0.507076 -0.918919 0.349272 0.183293 -0.25292 0.141283 -0.142408 0.979673 0.339529 
1534878457901 0.346375 0.938053 -0.00900413 -0.532364 -0.922003 0.342187 0.18116 -0.250994 0.173019 -0.0544476 0.983412 0.348106 
1534878458631 0.334064 0.940998 -0.0540667 -0.545189 -0.923617 0.338254 0.180324 -0.25004 0.187972 -0.0103027 0.98212 0.352746 
1534878459369 0.321024 0.941832 -0.0994789 -0.558057 -0.925151 0.334327 0.179782 -0.249 0.202583 0.0343185 0.978664 0.357191 
1534878460104 0.307347 0.940512 -0.14483 -0.570915 -0.926611 0.330438 0.179452 -0.248025 0.216634 0.0790471 0.973047 0.361606 
1534878460849 0.292986 0.937129 -0.189599 -0.583755 -0.928074 0.326419 0.179245 -0.247049 0.229864 0.123446 0.965362 0.366186 
1534878461591 0.277863 0.931647 -0.234148 -0.596617 -0.929515 0.322282 0.179268 -0.245996 0.242477 0.167832 0.95553 0.370552 
1534878462348 0.262287 0.924086 -0.277976 -0.609515 -0.930866 0.318213 0.179522 -0.244982 0.254349 0.211672 0.943664 0.37516 
1534878463103 0.246395 0.914253 -0.321607 -0.62138 -0.932096 0.314446 0.179781 -0.24359 0.265493 0.255472 0.929649 0.379686 
1534878463124 0.246162 0.914234 -0.321839 -0.621572 -0.932101 0.314325 0.179963 -0.243547 0.265691 0.255687 0.929534 0.379856 
1534878463157 0.245934 0.914224 -0.322042 -0.621738 -0.932062 0.314246 0.180305 -0.243468 0.26604 0.25582 0.929397 0.380043 
1534878463323 0.245361 0.913689 -0.323992 -0.622102 -0.932344 0.313964 0.179338 -0.243612 0.265581 0.258069 0.928906 0.379662 
1534878463462 0.244652 0.913298 -0.325626 -0.622653 -0.932635 0.313513 0.17861 -0.243569 0.265212 0.259993 0.928475 0.379511 
1534878463603 0.243878 0.912937 -0.327215 -0.623137 -0.932868 0.313065 0.17818 -0.243542 0.265106 0.261794 0.927999 0.379503 
1534878463737 0.243031 0.912638 -0.328676 -0.623703 -0.933095 0.312547 0.177901 -0.243398 0.265086 0.26345 0.927536 0.379499 
1534878463869 0.24244 0.912196 -0.330335 -0.624157 -0.93332 0.312243 0.177252 -0.243576 0.264834 0.265335 0.927071 0.379478 
1534878464007 0.241632 0.911822 -0.331955 -0.624743 -0.933573 0.311754 0.17678 -0.243436 0.26468 0.267189 0.926582 0.379412 
1534878464142 0.24066 0.911486 -0.333581 -0.625234 -0.933882 0.311096 0.176303 -0.243388 0.264474 0.269097 0.926089 0.379286 
1534878464282 0.240274 0.910989 -0.335212 -0.62575 -0.934004 0.311026 0.175782 -0.243477 0.264395 0.270854 0.925599 0.379295 
1534878464306 0.240062 0.910912 -0.335573 -0.62586 -0.934039 0.310916 0.175791 -0.243455 0.264465 0.271238 0.925466 0.379291 
1534878464594 0.238348 0.909758 -0.339897 -0.626955 -0.933989 0.31065 0.176528 -0.243458 0.266187 0.275385 0.923747 0.379929 
1534878464882 0.235721 0.90834 -0.345478 -0.628401 -0.934105 0.309849 0.177319 -0.243454 0.268112 0.280914 0.921522 0.380678 
1534878465079 0.234377 0.907659 -0.348171 -0.629096 -0.934126 0.309452 0.177899 -0.243426 0.269214 0.28354 0.920396 0.381146 
1534878465285 0.233117 0.906905 -0.350969 -0.629868 -0.934164 0.309118 0.178281 -0.243436 0.270175 0.286302 0.919259 0.381583 
1534878465483 0.232004 0.906113 -0.353741 -0.630539 -0.934168 0.308915 0.17861 -0.243492 0.271117 0.289015 0.918132 0.381941 
1534878465680 0.230583 0.905432 -0.356404 -0.631294 -0.934237 0.308419 0.179104 -0.24339 0.272088 0.291667 0.917005 0.382308 
1534878465881 0.229381 0.90462 -0.359231 -0.632016 -0.934265 0.308149 0.179424 -0.243431 0.273007 0.294461 0.915839 0.382724 
1534878465905 0.229247 0.904537 -0.359525 -0.632104 -0.934264 0.308119 0.17948 -0.243429 0.273122 0.294746 0.915712 0.382785 
1534878465922 0.229175 0.904493 -0.359682 -0.632159 -0.934269 0.308097 0.179494 -0.243442 0.273168 0.294904 0.915648 0.382832 
1534878466055 0.228493 0.904454 -0.360213 -0.632316 -0.934363 0.307647 0.179775 -0.243487 0.273417 0.295492 0.915384 0.382926 
1534878466159 0.227879 0.904382 -0.360783 -0.632613 -0.934364 0.307351 0.180276 -0.243601 0.273926 0.296021 0.915061 0.383108 
1534878466257 0.227132 0.90427 -0.361533 -0.632937 -0.934375 0.306991 0.180832 -0.243612 0.274508 0.296735 0.914655 0.383355 
1534878466422 0.225577 0.904105 -0.362918 -0.633435 -0.934537 0.306057 0.181576 -0.243709 0.275238 0.298201 0.913959 0.383715 
1534878466520 0.225031 0.904005 -0.363506 -0.633738 -0.934577 0.305768 0.181859 -0.243841 0.27555 0.2988 0.913669 0.383939 
1534878466619 0.224204 0.903865 -0.364364 -0.633985 -0.934692 0.305263 0.182112 -0.243908 0.275831 0.299738 0.913277 0.384037 
1534878466710 0.223591 0.903675 -0.365212 -0.634259 -0.934698 0.305019 0.182493 -0.244035 0.27631 0.300559 0.912862 0.384208 
1534878466733 0.223422 0.903649 -0.365378 -0.634336 -0.9347 0.304938 0.182616 -0.244041 0.276438 0.300719 0.912771 0.384267 
1534878466750 0.223325 0.903647 -0.365442 -0.634386 -0.934703 0.304882 0.182693 -0.244043 0.276507 0.30078 0.91273 0.384312 
1534878466775 0.223162 0.903656 -0.365521 -0.634469 -0.934712 0.30478 0.182819 -0.244029 0.276609 0.300858 0.912673 0.384388 
1534878466893 0.222723 0.903728 -0.365609 -0.634537 -0.934742 0.304472 0.183179 -0.244163 0.276862 0.300952 0.912565 0.384376 
1534878466963 0.222607 0.903688 -0.365779 -0.634654 -0.934667 0.304511 0.183498 -0.24444 0.277208 0.301033 0.912433 0.384388 
1534878467037 0.221896 0.903717 -0.366139 -0.634807 -0.934789 0.303976 0.183762 -0.244434 0.277367 0.301487 0.912235 0.384342 
1534878467102 0.221298 0.90379 -0.36632 -0.634981 -0.934878 0.303516 0.18407 -0.244412 0.277545 0.30173 0.912101 0.384353 
1534878467181 0.221164 0.903727 -0.366556 -0.635115 -0.934781 0.30358 0.184457 -0.244668 0.277978 0.301854 0.911928 0.384491 
1534878467232 0.220831 0.903754 -0.366691 -0.635212 -0.934797 0.303367 0.184724 -0.244831 0.278187 0.301988 0.91182 0.384584 
1534878467320 0.220258 0.903807 -0.366905 -0.635377 -0.934862 0.302957 0.18507 -0.244856 0.278424 0.302242 0.911663 0.384606 
1534878467337 0.220109 0.903821 -0.36696 -0.635411 -0.934888 0.302839 0.185128 -0.244871 0.278453 0.302319 0.911629 0.384605 
1534878467354 0.219977 0.903812 -0.367061 -0.635462 -0.93489 0.302768 0.185233 -0.244901 0.27855 0.302415 0.911567 0.384606 
1534878467455 0.219958 0.903722 -0.367295 -0.635545 -0.934803 0.302899 0.185462 -0.244894 0.27886 0.302555 0.911426 0.384587 
1534878467469 0.220086 0.903698 -0.367276 -0.635528 -0.934768 0.303018 0.18544 -0.244844 0.278873 0.302505 0.911439 0.384584 
1534878467485 0.22018 0.903694 -0.36723 -0.635503 -0.934748 0.303095 0.18542 -0.244787 0.278868 0.302442 0.911461 0.384581 
1534878467502 0.220261 0.903669 -0.367243 -0.635479 -0.93475 0.303149 0.185321 -0.244741 0.278798 0.302462 0.911476 0.384574 
1534878467558 0.220785 0.903522 -0.367289 -0.635441 -0.934664 0.303603 0.185011 -0.244817 0.278671 0.302444 0.911521 0.384628 
1534878467587 0.221136 0.903428 -0.36731 -0.635436 -0.934569 0.303945 0.184928 -0.244868 0.278711 0.302382 0.911529 0.384676 
1534878467606 0.221392 0.903362 -0.367319 -0.635436 -0.934491 0.304203 0.184898 -0.244889 0.278769 0.302322 0.911531 0.384717 
1534878467627 0.221643 0.903237 -0.367475 -0.635457 -0.934389 0.304514 0.184904 -0.244902 0.278913 0.302382 0.911467 0.384758 
1534878467644 0.221843 0.903103 -0.367683 -0.635484 -0.934292 0.304795 0.18493 -0.244911 0.279079 0.302498 0.911378 0.38479 
1534878467764 0.222322 0.902985 -0.367682 -0.635422 -0.934141 0.305278 0.184893 -0.24486 0.279201 0.302361 0.911386 0.384959 
1534878467823 0.222377 0.903305 -0.366863 -0.635173 -0.934257 0.305021 0.18473 -0.244643 0.278769 0.301665 0.911749 0.384968 
1534878467916 0.223168 0.903118 -0.366843 -0.634999 -0.934028 0.305795 0.184612 -0.244719 0.278905 0.301442 0.911781 0.384977 
1534878467984 0.223673 0.903094 -0.366595 -0.634821 -0.933913 0.306206 0.184514 -0.244609 0.278887 0.301097 0.911901 0.385068 
1534878468076 0.224114 0.903136 -0.366221 -0.634687 -0.933903 0.306434 0.184183 -0.24443 0.278565 0.300737 0.912118 0.385285 
1534878468148 0.224756 0.903062 -0.36601 -0.634538 -0.933717 0.307021 0.184148 -0.244376 0.27867 0.300361 0.912209 0.385399 
1534878468237 0.225296 0.903009 -0.36581 -0.634396 -0.933552 0.307518 0.184156 -0.244259 0.278788 0.300013 0.912288 0.385523 
1534878468327 0.225759 0.903023 -0.365489 -0.634189 -0.933457 0.307864 0.184061 -0.244152 0.278732 0.299615 0.912436 0.385663 
1534878468350 0.225964 0.903001 -0.365417 -0.634136 -0.933401 0.308046 0.184038 -0.244145 0.278752 0.299495 0.912469 0.3857 
1534878468389 0.226414 0.902933 -0.365305 -0.634054 -0.933271 0.308463 0.183998 -0.244137 0.278821 0.299269 0.912522 0.385757 
1534878468540 0.225979 0.902932 -0.365579 -0.633785 -0.933385 0.308106 0.184021 -0.243902 0.278795 0.299641 0.912408 0.385842 
1534878468680 0.22634 0.902781 -0.365729 -0.633439 -0.933207 0.308568 0.184146 -0.243883 0.279096 0.299621 0.912323 0.386142 
1534878468817 0.226545 0.902722 -0.365746 -0.633115 -0.933181 0.308737 0.183999 -0.243764 0.279019 0.299623 0.912346 0.386287 
1534878468948 0.226734 0.902678 -0.365738 -0.632803 -0.933069 0.308982 0.184154 -0.24363 0.279238 0.299505 0.912317 0.386576 
1534878469147 0.22681 0.90258 -0.365932 -0.632225 -0.93309 0.309049 0.183934 -0.243237 0.279106 0.299729 0.912284 0.386824 
1534878469288 0.227543 0.902338 -0.366074 -0.631827 -0.932865 0.309807 0.183799 -0.243352 0.279261 0.299676 0.912254 0.38712 
1534878469428 0.22765 0.90236 -0.365953 -0.631542 -0.932796 0.309928 0.183946 -0.243124 0.279404 0.299484 0.912273 0.38741 
1534878469451 0.227639 0.902356 -0.365971 -0.631481 -0.9328 0.30992 0.183939 -0.24307 0.2794 0.299506 0.912267 0.387422 
1534878469489 0.227583 0.902362 -0.36599 -0.631382 -0.932812 0.309874 0.183957 -0.242942 0.279407 0.299535 0.912256 0.387454 
1534878469666 0.227599 0.902321 -0.366081 -0.630926 -0.932742 0.309978 0.184135 -0.242834 0.279626 0.299551 0.912183 0.387624 
1534878469830 0.227676 0.902309 -0.366063 -0.630447 -0.932572 0.310208 0.184609 -0.242721 0.28013 0.299349 0.912095 0.38793 
1534878469989 0.227731 0.902245 -0.366187 -0.630041 -0.932477 0.310371 0.184813 -0.242573 0.280401 0.299374 0.912004 0.388032 
1534878470146 0.227838 0.902153 -0.366345 -0.629583 -0.932361 0.310599 0.185017 -0.242469 0.2807 0.299412 0.911899 0.388163 
1534878470368 0.227412 0.902226 -0.366432 -0.628783 -0.93231 0.310387 0.18563 -0.241958 0.281216 0.299414 0.911739 0.388505 
1534878470528 0.227959 0.902045 -0.366536 -0.628292 -0.932082 0.311016 0.185723 -0.241969 0.281529 0.299305 0.911679 0.38878 
1534878470688 0.227859 0.902035 -0.366624 -0.627888 -0.932005 0.311049 0.186053 -0.241762 0.281864 0.299302 0.911576 0.388951 
1534878470715 0.227643 0.902083 -0.366641 -0.627808 -0.932051 0.31086 0.186139 -0.241647 0.281887 0.299354 0.911552 0.388972 
1534878470732 0.227519 0.902108 -0.366656 -0.627754 -0.932075 0.310754 0.186192 -0.241571 0.281905 0.299389 0.911535 0.388982 
1534878470924 0.227655 0.901853 -0.367199 -0.627334 -0.931933 0.311107 0.186314 -0.241484 0.282266 0.29979 0.911291 0.38916 
1534878471207 0.227782 0.901694 -0.36751 -0.626965 -0.931796 0.311403 0.186508 -0.241368 0.282617 0.299961 0.911126 0.38936 
1534878471367 0.227944 0.901559 -0.367739 -0.626525 -0.931649 0.311714 0.186719 -0.241343 0.282968 0.300043 0.910991 0.389633 
1534878471523 0.227683 0.90151 -0.368022 -0.626224 -0.931631 0.311617 0.186973 -0.241018 0.28324 0.30029 0.910824 0.389796 
1534878471681 0.227683 0.901304 -0.368527 -0.625827 -0.931542 0.311816 0.187083 -0.240915 0.283531 0.300702 0.910598 0.389915 
1534878471836 0.22766 0.901211 -0.368767 -0.625432 -0.931466 0.311931 0.187268 -0.240784 0.283798 0.300861 0.910462 0.390118 
1534878472052 0.227478 0.900991 -0.369416 -0.624683 -0.931366 0.312051 0.187566 -0.240416 0.284272 0.301395 0.910138 0.390369 
1534878472075 0.227393 0.900977 -0.369503 -0.624579 -0.931371 0.312007 0.187613 -0.240393 0.284323 0.301483 0.910093 0.390417 
1534878472092 0.227398 0.900953 -0.369558 -0.624529 -0.931351 0.312043 0.187654 -0.240392 0.284385 0.301516 0.910062 0.390459 
1534878472260 0.227289 0.900909 -0.369733 -0.624325 -0.931329 0.312031 0.187785 -0.240163 0.284546 0.301662 0.909964 0.390495 
1534878472392 0.227723 0.900827 -0.369665 -0.623907 -0.931046 0.312605 0.188231 -0.240176 0.285123 0.30131 0.909899 0.390669 
1534878472510 0.22728 0.900912 -0.369731 -0.623617 -0.931093 0.312274 0.188549 -0.239901 0.285323 0.301401 0.909807 0.390729 
1534878472641 0.227428 0.900871 -0.36974 -0.623291 -0.930917 0.31256 0.188944 -0.23976 0.28578 0.301226 0.909721 0.39091 
1534878472767 0.227462 0.90083 -0.369821 -0.622943 -0.930813 0.312709 0.189208 -0.239668 0.28609 0.301196 0.909633 0.391037 
1534878472888 0.227376 0.900757 -0.370051 -0.62262 -0.930759 0.312757 0.189394 -0.239533 0.286334 0.301365 0.909501 0.391069 
1534878473083 0.227105 0.900743 -0.37025 -0.622032 -0.930635 0.312749 0.190018 -0.239084 0.286953 0.301413 0.90929 0.391259 
1534878473107 0.226981 0.900761 -0.370283 -0.621913 -0.930634 0.312674 0.190148 -0.239017 0.287056 0.301437 0.909249 0.391303 
1534878473278 0.227209 0.900593 -0.370551 -0.621712 -0.930471 0.313054 0.190317 -0.238967 0.287401 0.301545 0.909105 0.391349 
1534878473388 0.227357 0.900509 -0.370664 -0.621491 -0.930505 0.313141 0.190009 -0.238828 0.287175 0.301704 0.909123 0.391478 
1534878473496 0.227285 0.900432 -0.370895 -0.621222 -0.930464 0.313185 0.190136 -0.238752 0.287363 0.30189 0.909002 0.391608 
1534878473601 0.227203 0.900377 -0.371079 -0.621016 -0.930413 0.313222 0.190323 -0.238525 0.287593 0.302015 0.908888 0.391722 
1534878473704 0.22733 0.900307 -0.371172 -0.62075 -0.930374 0.313367 0.190275 -0.238403 0.28762 0.302074 0.90886 0.391783 
1534878473804 0.227207 0.900276 -0.371322 -0.620523 -0.930384 0.313307 0.190327 -0.238228 0.287685 0.302229 0.908788 0.391923 
1534878473912 0.227467 0.900154 -0.37146 -0.620229 -0.930258 0.313642 0.190393 -0.238205 0.287888 0.302245 0.908718 0.392144 
1534878474014 0.227534 0.900062 -0.37164 -0.620012 -0.930214 0.313771 0.190392 -0.238023 0.287974 0.302384 0.908644 0.392233 
1534878474034 0.22752 0.900056 -0.371664 -0.619982 -0.930213 0.313768 0.190405 -0.237971 0.287991 0.302405 0.908632 0.392246 
1534878474050 0.22753 0.900046 -0.371682 -0.619955 -0.930206 0.313786 0.190408 -0.237938 0.288005 0.302417 0.908624 0.392257 
1534878474067 0.227553 0.900031 -0.371703 -0.619921 -0.930198 0.313813 0.190401 -0.237918 0.288012 0.302431 0.908617 0.392268 
1534878474212 0.227824 0.899976 -0.37167 -0.619675 -0.930081 0.314111 0.190485 -0.238033 0.288177 0.302286 0.908613 0.392411 
1534878474262 0.227467 0.900093 -0.371605 -0.619539 -0.930145 0.313792 0.190698 -0.237813 0.288253 0.302269 0.908594 0.392406 
1534878474342 0.227419 0.900101 -0.371617 -0.619342 -0.930121 0.313787 0.190822 -0.237782 0.288367 0.302253 0.908563 0.392426 
1534878474405 0.227814 0.900002 -0.371614 -0.619111 -0.929937 0.314243 0.190968 -0.237829 0.288648 0.302073 0.908534 0.392527 
1534878474489 0.227576 0.900138 -0.37143 -0.618943 -0.929939 0.314043 0.191287 -0.237679 0.288829 0.301875 0.908542 0.392693 
1534878474540 0.227452 0.900161 -0.371452 -0.618786 -0.929965 0.313937 0.191336 -0.237547 0.288845 0.301917 0.908523 0.392679 
1534878474625 0.2277 0.900095 -0.37146 -0.618571 -0.929861 0.314213 0.191387 -0.237567 0.288984 0.301827 0.908509 0.392728 
1534878474648 0.227629 0.900114 -0.371456 -0.618512 -0.929867 0.314159 0.191448 -0.237515 0.289021 0.301826 0.908498 0.392749 
1534878474665 0.22759 0.900122 -0.371462 -0.618462 -0.929869 0.314132 0.191481 -0.237492 0.289044 0.301831 0.908488 0.392763 
1534878474681 0.227549 0.90013 -0.371467 -0.618409 -0.929872 0.314103 0.191515 -0.237471 0.289067 0.301838 0.908479 0.392778 
1534878474830 0.227707 0.900129 -0.371372 -0.618254 -0.92971 0.314357 0.191884 -0.23748 0.289464 0.301575 0.90844 0.392933 
1534878474875 0.227389 0.900198 -0.371401 -0.618138 -0.929751 0.314107 0.192092 -0.237326 0.289581 0.30163 0.908384 0.392951 
1534878474971 0.227531 0.900085 -0.371587 -0.617915 -0.92954 0.314462 0.192535 -0.237319 0.290148 0.301597 0.908214 0.393044 
1534878475016 0.227269 0.900134 -0.37163 -0.617765 -0.929536 0.314299 0.192818 -0.237168 0.290365 0.301622 0.908137 0.393097 
1534878475105 0.227287 0.900163 -0.371547 -0.617554 -0.929385 0.314451 0.1933 -0.23717 0.290834 0.301376 0.908068 0.393322 
1534878475153 0.227076 0.900156 -0.371692 -0.617386 -0.929342 0.314385 0.193613 -0.237083 0.291137 0.301464 0.907942 0.39334 
1534878475233 0.227291 0.900019 -0.371894 -0.617157 -0.929141 0.314781 0.193934 -0.237179 0.291609 0.301463 0.907791 0.393396 
1534878475253 0.227273 0.900015 -0.371913 -0.617117 -0.929119 0.314795 0.194016 -0.237164 0.291694 0.301457 0.907765 0.393411 
1534878475269 0.227193 0.900027 -0.371934 -0.617071 -0.929114 0.314751 0.19411 -0.237124 0.291771 0.301469 0.907737 0.393425 
1534878475400 0.22707 0.900022 -0.37202 -0.616886 -0.929057 0.314746 0.19439 -0.236967 0.292047 0.301488 0.907642 0.393539 
1534878475492 0.227196 0.899871 -0.37231 -0.61667 -0.929165 0.314781 0.193816 -0.236887 0.291606 0.301904 0.907645 0.393578 
1534878475595 0.227032 0.899809 -0.372559 -0.616441 -0.929213 0.314675 0.193759 -0.236773 0.291581 0.302198 0.907556 0.393667 
1534878475689 0.227278 0.899636 -0.372828 -0.61615 -0.929079 0.315037 0.193812 -0.236811 0.291815 0.302337 0.907434 0.393835 
1534878475797 0.227056 0.899583 -0.37309 -0.615959 -0.92912 0.314902 0.193836 -0.236563 0.291858 0.302633 0.907321 0.393907 
1534878475886 0.226953 0.899529 -0.373282 -0.615739 -0.929152 0.314841 0.19378 -0.236425 0.291836 0.302857 0.907254 0.393957 
1534878475992 0.227007 0.899437 -0.373471 -0.615468 -0.929132 0.314939 0.193721 -0.236379 0.29186 0.303028 0.907189 0.394086 
1534878476082 0.226991 0.899382 -0.373614 -0.615214 -0.929125 0.314967 0.193708 -0.236318 0.291893 0.303164 0.907133 0.394224 
1534878476109 0.227056 0.899345 -0.373663 -0.615186 -0.9291 0.315046 0.193698 -0.236315 0.291922 0.30319 0.907115 0.394254 
1534878476126 0.227066 0.899323 -0.373711 -0.615156 -0.929095 0.315069 0.193686 -0.236292 0.291931 0.303234 0.907097 0.394272 
1534878476232 0.227129 0.899272 -0.373793 -0.614957 -0.929092 0.315131 0.193597 -0.236164 0.29189 0.303317 0.907083 0.394334 
1534878476331 0.227319 0.899555 -0.372997 -0.614631 -0.929242 0.314932 0.193203 -0.235967 0.291265 0.302686 0.907494 0.394409 
1534878476504 0.227756 0.899694 -0.372395 -0.614033 -0.929291 0.315044 0.192782 -0.235734 0.290766 0.302156 0.907831 0.39452 
1534878476610 0.228234 0.899746 -0.371977 -0.613711 -0.929274 0.315292 0.192461 -0.235679 0.290447 0.301742 0.908071 0.394702 
1534878476709 0.228395 0.899813 -0.371716 -0.613475 -0.929329 0.315287 0.192202 -0.235419 0.290143 0.301549 0.908232 0.394722 
1534878476806 0.228674 0.899864 -0.37142 -0.613135 -0.92938 0.315357 0.19184 -0.235408 0.28976 0.301322 0.908429 0.394781 
1534878476905 0.22891 0.899931 -0.371112 -0.612861 -0.929359 0.31547 0.191754 -0.235212 0.28964 0.301002 0.908574 0.394847 
1534878476925 0.228958 0.899949 -0.37104 -0.612806 -0.929357 0.31549 0.191735 -0.23518 0.289611 0.30093 0.908607 0.394867 
1534878476941 0.228942 0.899975 -0.370985 -0.612756 -0.929375 0.315449 0.191712 -0.235154 0.289563 0.300893 0.908634 0.394881 
1534878477081 0.229034 0.900007 -0.370852 -0.612478 -0.929339 0.315519 0.191772 -0.235059 0.289607 0.300725 0.908676 0.394969 
1534878477188 0.228905 0.90007 -0.370778 -0.61217 -0.929117 0.315647 0.192635 -0.234889 0.29042 0.300401 0.908524 0.395129 
1534878477296 0.229188 0.899962 -0.370865 -0.611832 -0.928919 0.31606 0.192914 -0.234844 0.290831 0.30029 0.908429 0.395215 
1534878477404 0.229201 0.899936 -0.37092 -0.611508 -0.928814 0.316189 0.193206 -0.234774 0.291154 0.300233 0.908344 0.395309 
1534878477506 0.229306 0.900002 -0.370695 -0.611173 -0.928717 0.31631 0.193474 -0.234647 0.291382 0.299906 0.908379 0.395396 
1534878477623 0.229282 0.900062 -0.370566 -0.610861 -0.928599 0.316388 0.193915 -0.234474 0.291778 0.299646 0.908338 0.395519 
1534878477736 0.229272 0.900068 -0.370556 -0.610553 -0.928498 0.316483 0.194241 -0.234327 0.292105 0.299527 0.908272 0.395587 
1534878477843 0.22947 0.899988 -0.370627 -0.6102 -0.928369 0.316763 0.194401 -0.234327 0.292359 0.29947 0.908209 0.395616 
1534878477863 0.229482 0.899987 -0.370622 -0.61014 -0.928341 0.316799 0.194477 -0.234295 0.29244 0.299435 0.908195 0.395639 
1534878477880 0.229478 0.899996 -0.370605 -0.610093 -0.928319 0.316815 0.194557 -0.234254 0.292513 0.299393 0.908185 0.395665 
1534878478036 0.229471 0.899964 -0.370685 -0.609789 -0.928292 0.316856 0.19462 -0.234032 0.292604 0.299444 0.908139 0.395754 
1534878478174 0.229999 0.899839 -0.370663 -0.609431 -0.928211 0.317288 0.194301 -0.233992 0.292447 0.299364 0.908216 0.395935 
1534878478305 0.229999 0.899862 -0.370607 -0.609102 -0.928164 0.317324 0.194468 -0.233833 0.292597 0.299257 0.908203 0.39614 
1534878478503 0.230075 0.899794 -0.370723 -0.608509 -0.928157 0.317407 0.194365 -0.233373 0.292559 0.299371 0.908177 0.396285 
1534878478639 0.230376 0.899742 -0.370664 -0.608138 -0.92803 0.317726 0.19445 -0.233309 0.292724 0.299191 0.908184 0.396552 
1534878478761 0.230368 0.899707 -0.370753 -0.607865 -0.92803 0.317739 0.194426 -0.233039 0.292729 0.299281 0.908152 0.396576 
1534878478890 0.230434 0.899674 -0.370793 -0.607557 -0.928008 0.317815 0.194408 -0.232863 0.292747 0.299301 0.90814 0.396717 
1534878478914 0.230314 0.899688 -0.370833 -0.607445 -0.928049 0.317701 0.194397 -0.232779 0.292711 0.299378 0.908126 0.396736 
1534878478931 0.230268 0.899693 -0.370849 -0.607393 -0.928064 0.317659 0.194397 -0.232744 0.292701 0.299408 0.908119 0.396747 
1534878479062 0.230719 0.899637 -0.370705 -0.607259 -0.927858 0.318141 0.194594 -0.232803 0.293 0.299065 0.908136 0.396939 
1534878479143 0.230294 0.899868 -0.370408 -0.606981 -0.927878 0.31777 0.195099 -0.232569 0.293268 0.298763 0.908149 0.39695 
1534878479246 0.230434 0.89983 -0.370413 -0.606662 -0.927787 0.317959 0.195229 -0.232601 0.293449 0.298677 0.908119 0.397033 
1534878479330 0.230105 0.899958 -0.370308 -0.606451 -0.927757 0.317745 0.195717 -0.232327 0.2938 0.29852 0.908057 0.3972 
1534878479429 0.230074 0.900029 -0.370153 -0.606134 -0.927712 0.317736 0.195945 -0.232282 0.293967 0.298314 0.908071 0.39727 
1534878479517 0.230159 0.900052 -0.370045 -0.605848 -0.927583 0.317901 0.196289 -0.232161 0.294308 0.29807 0.90804 0.39734 
1534878479613 0.230174 0.90009 -0.369944 -0.605526 -0.927498 0.317975 0.196571 -0.232171 0.294564 0.297876 0.908021 0.397443 
1534878479704 0.229854 0.900217 -0.369833 -0.605293 -0.927495 0.317738 0.196967 -0.231911 0.294823 0.297745 0.90798 0.397516 
1534878479728 0.229924 0.900218 -0.369788 -0.605253 -0.927454 0.317817 0.197034 -0.231918 0.294898 0.297658 0.907984 0.39755 
1534878479745 0.22997 0.900215 -0.369766 -0.605219 -0.92743 0.317867 0.197062 -0.231925 0.294935 0.297614 0.907986 0.397568 
1534878479777 0.229956 0.900225 -0.369751 -0.605095 -0.92742 0.317865 0.197116 -0.23192 0.294979 0.297586 0.907981 0.397592 
1534878479897 0.230334 0.900369 -0.369163 -0.604881 -0.927486 0.317924 0.19671 -0.23175 0.294477 0.297085 0.908308 0.397696 
1534878479952 0.230333 0.900548 -0.368728 -0.604746 -0.927702 0.31761 0.196195 -0.231477 0.293795 0.296879 0.908596 0.397717 
1534878480083 0.230702 0.900617 -0.368327 -0.604265 -0.927825 0.317647 0.195551 -0.231382 0.293115 0.296629 0.908898 0.397648 
1534878480127 0.230961 0.900751 -0.367839 -0.60406 -0.927881 0.317659 0.195269 -0.231251 0.292736 0.296211 0.909156 0.397718 
1534878480225 0.231201 0.900944 -0.367215 -0.603848 -0.927986 0.31758 0.1949 -0.231075 0.292214 0.295709 0.909487 0.397855 
1534878480274 0.231159 0.901038 -0.367009 -0.603679 -0.928075 0.317417 0.19474 -0.230883 0.291963 0.295596 0.909604 0.39786 
1534878480294 0.231212 0.901044 -0.366962 -0.603638 -0.928082 0.317435 0.194678 -0.230874 0.2919 0.295559 0.909637 0.397871 
1534878480311 0.231351 0.90104 -0.366884 -0.603593 -0.928071 0.317522 0.194587 -0.230888 0.291824 0.295476 0.909688 0.397889 
1534878480328 0.231468 0.901029 -0.366836 -0.603562 -0.928055 0.317607 0.194522 -0.230898 0.29178 0.295418 0.909721 0.3979 
1534878480426 0.231561 0.90118 -0.366407 -0.60338 -0.92814 0.317492 0.194309 -0.230816 0.291438 0.295083 0.909939 0.397927 
1534878480454 0.231628 0.901395 -0.365836 -0.60332 -0.928161 0.317392 0.194369 -0.230742 0.291317 0.294534 0.910156 0.397961 
1534878480522 0.23182 0.901637 -0.365118 -0.603286 -0.928117 0.31741 0.194548 -0.230611 0.291304 0.293772 0.910407 0.39797 
1534878480576 0.232122 0.901782 -0.364566 -0.603208 -0.928158 0.317454 0.194282 -0.230532 0.290933 0.293278 0.910685 0.397957 
1534878480626 0.232304 0.90196 -0.364008 -0.603058 -0.928226 0.317389 0.194065 -0.230438 0.290571 0.2928 0.910954 0.397959 
1534878480665 0.232583 0.902097 -0.363491 -0.602926 -0.928249 0.317442 0.193866 -0.230415 0.290273 0.292321 0.911203 0.397974 
1534878480728 0.233055 0.902195 -0.362946 -0.602768 -0.928182 0.317711 0.193748 -0.23039 0.290111 0.291725 0.911445 0.397975 
1534878480741 0.233115 0.902229 -0.362823 -0.602741 -0.928183 0.317724 0.193721 -0.230386 0.290058 0.291607 0.9115 0.397976 
1534878480758 0.233178 0.902292 -0.362625 -0.602703 -0.928196 0.317712 0.193681 -0.230367 0.289967 0.291425 0.911587 0.397979 
1534878480775 0.233222 0.902352 -0.362448 -0.602671 -0.92821 0.317689 0.19365 -0.230335 0.289886 0.291264 0.911664 0.397982 
1534878480791 0.233251 0.902412 -0.36228 -0.60264 -0.928227 0.317654 0.193622 -0.230301 0.289807 0.291116 0.911737 0.397984 
1534878480826 0.233238 0.90252 -0.362019 -0.602594 -0.928279 0.317538 0.193566 -0.23025 0.289652 0.290907 0.911852 0.397976 
1534878480931 0.233592 0.90265 -0.361467 -0.602658 -0.928274 0.317664 0.193383 -0.23026 0.289382 0.290368 0.91211 0.397909 
1534878480954 0.233677 0.902785 -0.361073 -0.602651 -0.928346 0.317564 0.193199 -0.230226 0.289081 0.290055 0.912305 0.397854 
1534878481012 0.233943 0.902845 -0.36075 -0.602688 -0.928376 0.317646 0.192925 -0.230138 0.288773 0.289778 0.912491 0.397675 
1534878481068 0.234194 0.902955 -0.360312 -0.602652 -0.928398 0.317698 0.192728 -0.230164 0.288495 0.289377 0.912706 0.397618 
1534878481104 0.234359 0.903096 -0.359852 -0.602606 -0.928405 0.317705 0.192687 -0.230168 0.288341 0.28893 0.912896 0.397607 
1534878481121 0.234438 0.903161 -0.359637 -0.602583 -0.928406 0.317712 0.19267 -0.230166 0.288273 0.28872 0.912984 0.397602 
1534878481138 0.234533 0.903224 -0.359417 -0.602561 -0.928404 0.31773 0.192648 -0.230166 0.288202 0.288502 0.913075 0.397603 
1534878481154 0.234614 0.90327 -0.359248 -0.602545 -0.928397 0.317757 0.192638 -0.230162 0.288157 0.288329 0.913144 0.397601 
1534878481171 0.234659 0.903295 -0.359157 -0.602544 -0.928394 0.31777 0.192629 -0.230147 0.28813 0.288237 0.913181 0.397584 
1534878481263 0.234848 0.903402 -0.358764 -0.602579 -0.928507 0.317701 0.192199 -0.230103 0.287612 0.287977 0.913427 0.397455 
1534878481300 0.235008 0.903538 -0.358316 -0.60262 -0.928643 0.317579 0.191745 -0.230081 0.287043 0.287686 0.913698 0.397337 
1534878481402 0.2354 0.90379 -0.357421 -0.60275 -0.928901 0.317394 0.190796 -0.229997 0.285883 0.287096 0.914247 0.397073 
1534878481437 0.23561 0.903935 -0.356916 -0.602744 -0.928945 0.317385 0.190596 -0.229991 0.285567 0.286649 0.914486 0.397015 
1534878481489 0.235743 0.904128 -0.356339 -0.602763 -0.929005 0.317294 0.190458 -0.229927 0.285262 0.286141 0.91474 0.39697 
1534878481509 0.235765 0.904152 -0.356264 -0.602779 -0.929026 0.317271 0.190391 -0.229911 0.285175 0.286091 0.914783 0.396931 
1534878481526 0.235801 0.904189 -0.356147 -0.602793 -0.929071 0.317226 0.190248 -0.229895 0.284999 0.286025 0.914858 0.396874 
1534878481543 0.235871 0.904245 -0.355957 -0.602792 -0.929117 0.317187 0.190087 -0.229885 0.28479 0.285889 0.914965 0.396832 
1534878481559 0.235937 0.904297 -0.355781 -0.602794 -0.929158 0.317154 0.189945 -0.229876 0.284604 0.285761 0.915063 0.396796 
1534878481576 0.235993 0.904346 -0.35562 -0.602795 -0.929199 0.317116 0.189805 -0.229867 0.284423 0.285649 0.915155 0.396761 
1534878481673 0.236341 0.904441 -0.355147 -0.602794 -0.929174 0.317278 0.189658 -0.229909 0.284215 0.285169 0.915369 0.396774 
1534878481706 0.23661 0.904581 -0.354611 -0.602795 -0.929187 0.317333 0.1895 -0.229919 0.283948 0.284663 0.91561 0.396779 
1534878481744 0.236904 0.904648 -0.354244 -0.602834 -0.929206 0.317436 0.189235 -0.229936 0.283641 0.284335 0.915806 0.396693 
1534878481837 0.237352 0.904814 -0.35352 -0.602886 -0.929312 0.317481 0.188638 -0.229869 0.282918 0.283757 0.916209 0.396395 
1534878481851 0.237398 0.904873 -0.353337 -0.602894 -0.929339 0.317448 0.188564 -0.229843 0.282792 0.283605 0.916295 0.39637 
1534878481867 0.237455 0.904933 -0.353144 -0.602913 -0.92937 0.317414 0.188464 -0.229805 0.28264 0.28345 0.91639 0.396324 
1534878481884 0.237492 0.904988 -0.35298 -0.602938 -0.929405 0.31737 0.188366 -0.229765 0.282494 0.283326 0.916473 0.396275 
1534878481901 0.237497 0.905048 -0.352822 -0.602965 -0.929451 0.317294 0.188268 -0.229716 0.28234 0.283218 0.916554 0.396221 
1534878481948 0.237564 0.905063 -0.352737 -0.602962 -0.929475 0.317298 0.188142 -0.229747 0.282203 0.283165 0.916613 0.396188 
1534878481962 0.237591 0.905041 -0.352777 -0.602949 -0.92946 0.317339 0.188148 -0.229776 0.282231 0.28319 0.916596 0.396214 
1534878481982 0.237592 0.904949 -0.35301 -0.602925 -0.929395 0.317455 0.188277 -0.229822 0.282446 0.283353 0.91648 0.396268 
1534878481999 0.237535 0.904854 -0.353293 -0.602912 -0.929356 0.317514 0.188368 -0.229851 0.282621 0.283591 0.916352 0.396308 
1534878482015 0.237435 0.904789 -0.353528 -0.602883 -0.929355 0.317496 0.188403 -0.229897 0.282708 0.283819 0.916255 0.396362 
1534878482035 0.237332 0.90475 -0.353697 -0.602853 -0.929362 0.317455 0.188439 -0.229936 0.282773 0.28399 0.916182 0.396423 
1534878482052 0.237267 0.90474 -0.353767 -0.602833 -0.929384 0.317403 0.188416 -0.22995 0.282754 0.28408 0.91616 0.396463 
1534878482069 0.2372 0.904746 -0.353796 -0.60283 -0.929406 0.317342 0.18841 -0.229946 0.282738 0.284129 0.916149 0.396474 
1534878482085 0.237118 0.904751 -0.353838 -0.602833 -0.929432 0.31727 0.188406 -0.229932 0.282722 0.284194 0.916134 0.396463 
1534878482102 0.23708 0.904753 -0.353858 -0.602837 -0.929445 0.317235 0.188399 -0.229924 0.282711 0.284226 0.916128 0.396452 
1534878482119 0.237053 0.90475 -0.353883 -0.602847 -0.929463 0.317204 0.188362 -0.229908 0.282673 0.28427 0.916126 0.396422 
1534878482135 0.237107 0.904743 -0.353865 -0.602857 -0.929461 0.317238 0.188312 -0.229916 0.282633 0.284254 0.916143 0.39639 
1534878482153 0.237174 0.904741 -0.353825 -0.602866 -0.929455 0.317281 0.188269 -0.229934 0.282597 0.284212 0.916167 0.39636 
1534878482169 0.237206 0.904764 -0.353745 -0.602883 -0.929434 0.317308 0.188332 -0.229931 0.282642 0.284109 0.916185 0.396331 
1534878482185 0.237287 0.904846 -0.35348 -0.602881 -0.929424 0.317317 0.188365 -0.229924 0.282607 0.283836 0.916281 0.396307 
1534878482205 0.237403 0.904915 -0.353227 -0.602887 -0.929399 0.317368 0.188402 -0.229911 0.282591 0.283562 0.916371 0.396279 
1534878482222 0.237452 0.904951 -0.3531 -0.6029 -0.929403 0.317371 0.188379 -0.229906 0.282538 0.283441 0.916424 0.396256 
1534878482351 0.237354 0.904881 -0.353346 -0.602893 -0.929459 0.317299 0.188223 -0.229907 0.282435 0.283745 0.916362 0.396189 
1534878482369 0.237293 0.904758 -0.353702 -0.602891 -0.929425 0.317366 0.188275 -0.22994 0.282596 0.284063 0.916214 0.39624 
1534878482391 0.237151 0.904672 -0.354016 -0.602877 -0.929417 0.317344 0.188355 -0.229982 0.282744 0.28436 0.916076 0.396325 
1534878482469 0.236742 0.904686 -0.354255 -0.602816 -0.929427 0.317108 0.188702 -0.229939 0.283053 0.284581 0.915912 0.396534 
1534878482495 0.236571 0.904575 -0.354651 -0.602837 -0.92939 0.317112 0.188877 -0.229912 0.283318 0.284927 0.915723 0.396509 
1534878482522 0.236362 0.904459 -0.355087 -0.602856 -0.929372 0.31708 0.189019 -0.229885 0.283551 0.285331 0.915524 0.396488 
1534878482580 0.236272 0.904304 -0.355541 -0.602809 -0.929365 0.317122 0.188984 -0.22997 0.283649 0.285775 0.915355 0.396524 
1534878482615 0.236206 0.904174 -0.355915 -0.602791 -0.92931 0.317211 0.189105 -0.230024 0.283884 0.286087 0.915185 0.396584 
1534878482628 0.23617 0.904113 -0.356095 -0.602791 -0.929283 0.317252 0.18917 -0.23004 0.284003 0.286236 0.915102 0.396608 
1534878482645 0.236134 0.904048 -0.356284 -0.60279 -0.929254 0.317296 0.189237 -0.230058 0.284127 0.286393 0.915014 0.396635 
1534878482665 0.236065 0.903981 -0.3565 -0.602785 -0.929233 0.317316 0.189307 -0.230087 0.284253 0.286582 0.914916 0.396668 
1534878482682 0.236024 0.903951 -0.356602 -0.602774 -0.929224 0.317319 0.189347 -0.230108 0.284317 0.286673 0.914868 0.396694 
1534878482698 0.235998 0.903928 -0.356679 -0.602763 -0.92921 0.317331 0.189395 -0.230124 0.284385 0.286733 0.914828 0.396725 
1534878482760 0.235883 0.903952 -0.356692 -0.602778 -0.929244 0.317222 0.18941 -0.230065 0.284368 0.286775 0.914819 0.396717 
1534878482773 0.235879 0.903964 -0.356665 -0.602787 -0.929266 0.317192 0.189351 -0.230046 0.284298 0.286773 0.914842 0.39668 
1534878482790 0.235905 0.904015 -0.356518 -0.602795 -0.929322 0.317122 0.189194 -0.230019 0.284094 0.286688 0.914932 0.396619 
1534878482806 0.235978 0.904099 -0.356257 -0.602783 -0.929363 0.317075 0.189073 -0.229999 0.283901 0.286474 0.915059 0.396575 
1534878482823 0.236177 0.904146 -0.356007 -0.602775 -0.929359 0.317161 0.188946 -0.229971 0.283746 0.286234 0.915182 0.396514 
1534878482840 0.236313 0.904174 -0.355845 -0.602777 -0.929362 0.317215 0.188839 -0.229942 0.283623 0.286084 0.915267 0.396478 
1534878482856 0.236351 0.904172 -0.355826 -0.602783 -0.929357 0.317242 0.18882 -0.229929 0.283609 0.286061 0.915279 0.396467 
1534878482877 0.236478 0.904158 -0.355776 -0.602804 -0.929322 0.317352 0.188805 -0.229883 0.283616 0.285983 0.915301 0.396452 
1534878482893 0.236464 0.904173 -0.355747 -0.602814 -0.929332 0.317327 0.188801 -0.229865 0.283597 0.285962 0.915313 0.396463 
1534878482910 0.236474 0.904178 -0.355727 -0.602814 -0.929331 0.31733 0.188799 -0.229866 0.283591 0.285942 0.915321 0.396481 
1534878482927 0.236465 0.904187 -0.355711 -0.602811 -0.929328 0.317324 0.188824 -0.229875 0.283608 0.285922 0.915323 0.396504 
1534878482943 0.236478 0.904184 -0.355709 -0.602804 -0.929313 0.317348 0.18886 -0.229895 0.283648 0.285904 0.915316 0.39653 
1534878482960 0.236396 0.904207 -0.355705 -0.602797 -0.929334 0.317271 0.188885 -0.229917 0.283646 0.285917 0.915312 0.396551 
1534878482980 0.236187 0.904258 -0.355715 -0.602791 -0.929395 0.31707 0.188922 -0.229946 0.283621 0.285978 0.915301 0.396564 
1534878482997 0.236091 0.904269 -0.355752 -0.602792 -0.929415 0.316993 0.188953 -0.229962 0.283635 0.286031 0.91528 0.396563 
1534878483013 0.236027 0.904273 -0.355784 -0.602791 -0.929417 0.316955 0.189008 -0.229975 0.283683 0.286061 0.915256 0.396548 
1534878483095 0.236115 0.904285 -0.355695 -0.602787 -0.929288 0.317125 0.189357 -0.229962 0.284032 0.285833 0.915219 0.396514 
1534878483124 0.236528 0.904298 -0.355388 -0.602794 -0.929231 0.317397 0.189181 -0.229977 0.283875 0.285491 0.915374 0.396488 
1534878483144 0.236779 0.90435 -0.355087 -0.602795 -0.929231 0.317503 0.189 -0.229971 0.283664 0.285206 0.915528 0.396459 
1534878483224 0.237037 0.90454 -0.354431 -0.602846 -0.929324 0.317447 0.188639 -0.229943 0.283145 0.284666 0.915857 0.396343 
1534878483250 0.237155 0.904647 -0.354079 -0.602849 -0.929312 0.317465 0.188667 -0.229949 0.283084 0.284307 0.915987 0.396314 
1534878483273 0.23724 0.904765 -0.35372 -0.602861 -0.929311 0.317449 0.1887 -0.229926 0.283017 0.283948 0.916119 0.396294 
1534878483289 0.237284 0.904835 -0.35351 -0.602875 -0.929314 0.317431 0.188712 -0.229901 0.282968 0.283744 0.916198 0.396277 
1534878483306 0.237294 0.904886 -0.353374 -0.602893 -0.92932 0.317405 0.18873 -0.229877 0.282942 0.283613 0.916246 0.396257 
1534878483323 0.2373 0.904924 -0.353273 -0.602931 -0.929335 0.317372 0.188712 -0.229842 0.282889 0.283527 0.916289 0.39622 
1534878483339 0.237338 0.904948 -0.353185 -0.602958 -0.929341 0.317373 0.188678 -0.229814 0.282835 0.283449 0.91633 0.396194 
1534878483360 0.237393 0.904978 -0.353072 -0.602969 -0.929349 0.317378 0.18863 -0.229798 0.282763 0.283348 0.916384 0.39617 
1534878483376 0.23745 0.905 -0.352976 -0.602961 -0.929345 0.317401 0.188612 -0.229803 0.282729 0.28325 0.916424 0.396171 
1534878483396 0.237545 0.905014 -0.352877 -0.602943 -0.929324 0.317466 0.188606 -0.229837 0.282717 0.283135 0.916464 0.396189 
1534878483420 0.2376 0.905022 -0.35282 -0.602911 -0.929305 0.317511 0.188627 -0.229886 0.282735 0.28306 0.916481 0.396218 
1534878483430 0.237619 0.905018 -0.352818 -0.6029 -0.929296 0.317531 0.188634 -0.22991 0.282748 0.283049 0.916481 0.396224 
1534878483447 0.237604 0.90502 -0.352823 -0.602885 -0.929285 0.317533 0.188684 -0.229945 0.282796 0.283041 0.916468 0.396238 
1534878483463 0.23748 0.905055 -0.352816 -0.602874 -0.929309 0.317424 0.18875 -0.229968 0.282821 0.283051 0.916457 0.396246 
1534878483480 0.237254 0.905128 -0.35278 -0.602854 -0.929327 0.317246 0.188959 -0.229997 0.282951 0.283017 0.916428 0.396244 
1534878483497 0.237093 0.90519 -0.35273 -0.602849 -0.92933 0.317123 0.189151 -0.230019 0.283077 0.282956 0.916408 0.396246 
1534878483513 0.237043 0.905218 -0.352691 -0.602856 -0.929306 0.317106 0.189301 -0.230039 0.283199 0.282885 0.916392 0.396245 
1534878483530 0.237089 0.905225 -0.352641 -0.602868 -0.929243 0.317189 0.189468 -0.230047 0.283365 0.282768 0.916377 0.396247 
1534878483547 0.237129 0.905218 -0.352635 -0.60288 -0.929227 0.317231 0.189478 -0.230046 0.283385 0.282747 0.916377 0.396251 
1534878483563 0.237152 0.905204 -0.352652 -0.602897 -0.929236 0.317241 0.189415 -0.230036 0.283335 0.282777 0.916383 0.396257 
1534878483580 0.237259 0.905162 -0.352691 -0.602902 -0.929224 0.317334 0.189321 -0.230011 0.283287 0.282811 0.916388 0.396257 
1534878483597 0.237431 0.905077 -0.352792 -0.602905 -0.929219 0.317476 0.189105 -0.229977 0.283157 0.282922 0.916394 0.396252 
1534878483613 0.237488 0.905032 -0.35287 -0.602904 -0.929231 0.317518 0.188974 -0.229938 0.28307 0.283019 0.916391 0.396248 
1534878483630 0.237425 0.904984 -0.353035 -0.602911 -0.929261 0.317481 0.188891 -0.229885 0.283025 0.283214 0.916344 0.39624 
1534878483687 0.237134 0.904911 -0.353416 -0.602921 -0.929273 0.317351 0.189048 -0.229809 0.283229 0.28359 0.916165 0.396232 
1534878483706 0.237049 0.904956 -0.35336 -0.602911 -0.929269 0.317286 0.189179 -0.229852 0.283315 0.283522 0.916159 0.396251 
1534878483717 0.236934 0.905002 -0.353318 -0.602905 -0.929277 0.317192 0.189296 -0.229877 0.283383 0.28348 0.916151 0.396264 
1534878483733 0.236743 0.905076 -0.353257 -0.602895 -0.929295 0.317032 0.189477 -0.229916 0.283485 0.283423 0.916137 0.396288 
1534878483788 0.236542 0.905137 -0.353236 -0.602849 -0.929192 0.316994 0.190043 -0.230013 0.283989 0.283271 0.916028 0.396409 
1534878483803 0.23649 0.905067 -0.353449 -0.602858 -0.929145 0.317051 0.19018 -0.230041 0.284187 0.283429 0.915918 0.396417 
1534878483819 0.236426 0.904993 -0.353681 -0.602868 -0.929092 0.317109 0.19034 -0.230069 0.284412 0.283601 0.915795 0.396428 
1534878483834 0.236357 0.904939 -0.353865 -0.602876 -0.929044 0.31715 0.19051 -0.230089 0.284628 0.283728 0.915688 0.396452 
1534878483851 0.236217 0.904922 -0.354002 -0.602881 -0.92902 0.317107 0.190695 -0.230105 0.284821 0.28383 0.915597 0.396495 
1534878483868 0.236111 0.904912 -0.354098 -0.602877 -0.928999 0.317076 0.190849 -0.230121 0.284978 0.283895 0.915528 0.39654 
1534878483884 0.235992 0.904908 -0.354187 -0.602863 -0.928986 0.317028 0.190994 -0.230132 0.285119 0.283961 0.915463 0.396582 
1534878483901 0.235871 0.90491 -0.354265 -0.602847 -0.928979 0.316969 0.191125 -0.230139 0.285242 0.284024 0.915406 0.396616 
1534878483918 0.235809 0.9049 -0.354331 -0.60284 -0.928974 0.316946 0.191189 -0.230143 0.28531 0.28408 0.915367 0.396626 
1534878483935 0.235798 0.904882 -0.354383 -0.602835 -0.928967 0.316956 0.191205 -0.230144 0.285342 0.284124 0.915343 0.396615 
