1535118628948 0.214206 0.919573 -0.329395 -0.53035 -0.943683 0.281875 0.173232 -0.207554 0.252148 0.273737 0.928165 0.441259 
1535118634226 0.214206 0.919574 -0.329394 -0.53035 -0.943683 0.281874 0.173232 -0.207554 0.252148 0.273736 0.928165 0.441259 
1535118634995 0.218254 0.920363 -0.324495 -0.540572 -0.943357 0.284115 0.171335 -0.211369 0.249885 0.26872 0.93024 0.434464 
1535118636113 0.224807 0.922334 -0.314264 -0.561654 -0.942872 0.287291 0.168691 -0.21854 0.245875 0.258387 0.934228 0.421036 
1535118637231 0.231 0.92422 -0.304067 -0.58283 -0.942479 0.290162 0.165953 -0.225537 0.241606 0.248241 0.938085 0.407222 
1535118638445 0.237345 0.925886 -0.293943 -0.603981 -0.94194 0.293337 0.163406 -0.23261 0.237519 0.238093 0.941752 0.393417 
1535118639684 0.243498 0.92751 -0.283608 -0.625142 -0.941476 0.296305 0.160707 -0.23964 0.233092 0.227878 0.945378 0.379627 
1535118639714 0.243073 0.927719 -0.283289 -0.625267 -0.941529 0.295898 0.161142 -0.2395 0.23332 0.227556 0.9454 0.379595 
1535118640016 0.243779 0.927562 -0.283198 -0.626006 -0.941399 0.296506 0.160788 -0.239942 0.233111 0.227405 0.945487 0.379027 
1535118640474 0.244636 0.927592 -0.28236 -0.628151 -0.94131 0.29705 0.160304 -0.240758 0.232571 0.226572 0.94582 0.377659 
1535118640888 0.245256 0.927804 -0.281123 -0.630273 -0.941212 0.297367 0.160288 -0.241512 0.232313 0.225285 0.946191 0.376328 
1535118641382 0.2461 0.928083 -0.279459 -0.633531 -0.941112 0.297772 0.160126 -0.242527 0.231825 0.223595 0.946711 0.374244 
1535118641687 0.245925 0.928356 -0.278705 -0.63465 -0.941165 0.297467 0.16038 -0.242657 0.231796 0.222866 0.94689 0.373496 
1535118641727 0.245893 0.928371 -0.278683 -0.634771 -0.941171 0.297435 0.160407 -0.242652 0.231808 0.222846 0.946892 0.373442 
1535118641913 0.245633 0.928341 -0.279011 -0.634882 -0.94118 0.297299 0.160601 -0.242742 0.232042 0.223151 0.946763 0.373421 
1535118641986 0.245176 0.928199 -0.279886 -0.635004 -0.941241 0.297069 0.16067 -0.242897 0.232279 0.224048 0.946493 0.37346 
1535118642085 0.244821 0.928153 -0.280346 -0.635128 -0.941258 0.296882 0.160915 -0.243078 0.232584 0.224483 0.946315 0.373502 
1535118642178 0.244624 0.927971 -0.281122 -0.635316 -0.941235 0.2969 0.161019 -0.243368 0.232886 0.225213 0.946067 0.373398 
1535118642279 0.244299 0.927888 -0.281676 -0.635488 -0.941221 0.296781 0.161322 -0.243455 0.233285 0.225708 0.945851 0.373393 
1535118642490 0.243034 0.927622 -0.283642 -0.636047 -0.941386 0.296071 0.16166 -0.243915 0.233938 0.227728 0.945205 0.373302 
1535118643455 0.242521 0.927464 -0.284597 -0.636341 -0.941357 0.295905 0.162134 -0.244085 0.234587 0.228586 0.944837 0.373323 
1535118643470 0.24252 0.927463 -0.284597 -0.636341 -0.941357 0.295905 0.162134 -0.244085 0.234587 0.228586 0.944837 0.373323 
1535118643709 0.241065 0.927891 -0.284438 -0.636047 -0.941494 0.294717 0.163494 -0.244147 0.235534 0.228384 0.94465 0.373451 
1535118643859 0.240774 0.927825 -0.2849 -0.635953 -0.941323 0.294759 0.164403 -0.244458 0.236514 0.228599 0.944353 0.373656 
1535118644013 0.23985 0.927966 -0.285221 -0.635949 -0.94138 0.294106 0.165243 -0.244537 0.237225 0.228868 0.94411 0.3738 
1535118644148 0.239173 0.928054 -0.285505 -0.635901 -0.941376 0.293681 0.166019 -0.244762 0.237922 0.22906 0.943888 0.37397 
1535118644281 0.238386 0.928139 -0.285883 -0.635895 -0.941431 0.293137 0.166668 -0.244878 0.238494 0.229408 0.943659 0.374001 
1535118644500 0.236988 0.928289 -0.28656 -0.635851 -0.941414 0.292281 0.168262 -0.24523 0.239952 0.229895 0.943171 0.374216 
1535118645473 0.236447 0.92825 -0.287133 -0.635846 -0.941281 0.292126 0.169271 -0.245429 0.241004 0.230249 0.942816 0.374325 
1535118645591 0.236438 0.928285 -0.287025 -0.635849 -0.941319 0.292063 0.169165 -0.245411 0.240863 0.230185 0.942868 0.374333 
1535118645626 0.236422 0.928476 -0.286421 -0.635814 -0.941466 0.291802 0.168798 -0.24535 0.240303 0.229748 0.943117 0.374301 
1535118645740 0.236607 0.928653 -0.285695 -0.63584 -0.94172 0.291559 0.167798 -0.245281 0.239123 0.229342 0.943516 0.374242 
1535118645776 0.236202 0.928907 -0.285202 -0.635828 -0.941923 0.290987 0.167656 -0.245315 0.238726 0.229037 0.94369 0.374265 
1535118645882 0.236002 0.929068 -0.284842 -0.635834 -0.942079 0.290628 0.167396 -0.245503 0.238306 0.228838 0.943845 0.374228 
1535118646061 0.235159 0.929778 -0.283221 -0.635757 -0.942596 0.289239 0.166895 -0.245677 0.237093 0.227716 0.944422 0.374293 
1535118646113 0.234731 0.930092 -0.282543 -0.635759 -0.942833 0.288584 0.166688 -0.245705 0.236572 0.227264 0.944661 0.374322 
1535118647256 0.234404 0.930419 -0.281737 -0.635751 -0.943108 0.28794 0.166244 -0.245909 0.2358 0.226741 0.94498 0.37438 
1535118647414 0.234811 0.93026 -0.281922 -0.635753 -0.942939 0.288428 0.166361 -0.245798 0.236073 0.226772 0.944904 0.374399 
1535118647430 0.23496 0.930199 -0.281999 -0.635757 -0.942882 0.288603 0.166379 -0.245772 0.236151 0.226799 0.944878 0.374398 
1535118647530 0.23514 0.930132 -0.28207 -0.635722 -0.942855 0.288771 0.166242 -0.245638 0.23608 0.226861 0.944881 0.374303 
1535118647605 0.235813 0.93019 -0.281317 -0.63561 -0.942881 0.289092 0.165533 -0.245678 0.235304 0.226214 0.94523 0.37429 
1535118647639 0.236107 0.930199 -0.281041 -0.635588 -0.942905 0.28923 0.165155 -0.24567 0.234912 0.226001 0.945378 0.374286 
1535118647771 0.236665 0.930269 -0.280338 -0.635576 -0.943025 0.289389 0.164191 -0.245463 0.233869 0.225507 0.945755 0.374089 
1535118647821 0.237248 0.93027 -0.27984 -0.635506 -0.943012 0.289729 0.16366 -0.245517 0.233326 0.225065 0.945994 0.374083 
1535118647876 0.237841 0.930294 -0.279259 -0.635425 -0.943018 0.290044 0.163066 -0.245581 0.232697 0.224562 0.946268 0.374096 
1535118648031 0.238483 0.93043 -0.278254 -0.6354 -0.94309 0.290256 0.162272 -0.245371 0.231747 0.223719 0.946701 0.37408 
1535118648186 0.238603 0.930298 -0.278593 -0.635349 -0.943035 0.290455 0.162239 -0.2455 0.231849 0.224012 0.946607 0.374053 
1535118648355 0.238896 0.930015 -0.279288 -0.635175 -0.942821 0.290991 0.16252 -0.245466 0.232417 0.224493 0.946354 0.374146 
1535118648525 0.239478 0.929859 -0.279306 -0.634976 -0.942796 0.291432 0.161871 -0.245236 0.231916 0.224564 0.94646 0.374096 
1535118648684 0.240178 0.929725 -0.279151 -0.634768 -0.942703 0.291992 0.161403 -0.245077 0.23157 0.224391 0.946585 0.374173 
1535118648914 0.241682 0.929367 -0.279045 -0.634427 -0.942416 0.293318 0.160673 -0.244754 0.231173 0.224145 0.946741 0.374286 
1535118649071 0.242378 0.929221 -0.278928 -0.634149 -0.94238 0.293825 0.159957 -0.244643 0.230592 0.224086 0.946897 0.374334 
1535118649217 0.243294 0.928972 -0.278959 -0.633975 -0.942218 0.294635 0.159423 -0.244581 0.230291 0.224054 0.946977 0.374346 
1535118649371 0.243788 0.928846 -0.27895 -0.633778 -0.942156 0.295042 0.159034 -0.244297 0.23002 0.224044 0.947045 0.374381 
1535118649538 0.244501 0.92868 -0.278879 -0.633604 -0.942025 0.29566 0.158662 -0.244293 0.2298 0.223918 0.947129 0.374425 
1535118649554 0.244535 0.92867 -0.278881 -0.633596 -0.942018 0.295691 0.158646 -0.244314 0.229792 0.223917 0.947131 0.374427 
1535118649763 0.243966 0.928815 -0.278895 -0.633304 -0.942105 0.295209 0.15903 -0.24411 0.230041 0.223951 0.947062 0.374608 
1535118649960 0.243869 0.928736 -0.279245 -0.632991 -0.942033 0.29527 0.159341 -0.243972 0.230439 0.2242 0.946907 0.374707 
1535118650141 0.244082 0.928694 -0.279199 -0.632601 -0.941942 0.295501 0.15945 -0.243924 0.230584 0.22407 0.946902 0.374852 
1535118650312 0.244136 0.928636 -0.279343 -0.632249 -0.941929 0.295576 0.159389 -0.243834 0.230581 0.224209 0.94687 0.374992 
1535118650485 0.244217 0.928551 -0.279555 -0.631904 -0.94187 0.295727 0.159457 -0.243686 0.230736 0.224363 0.946796 0.375097 
1535118650643 0.244625 0.928427 -0.279609 -0.631508 -0.941744 0.296146 0.159425 -0.243739 0.230819 0.224321 0.946785 0.375173 
1535118650806 0.244402 0.928482 -0.279623 -0.631208 -0.941766 0.29597 0.159618 -0.24347 0.230963 0.224329 0.946749 0.375307 
1535118650971 0.244532 0.928389 -0.279819 -0.630855 -0.941693 0.296166 0.159688 -0.243409 0.231126 0.224454 0.946679 0.375467 
1535118651005 0.244573 0.928414 -0.279698 -0.630738 -0.941675 0.296192 0.159747 -0.243357 0.231156 0.224314 0.946705 0.375534 
1535118651205 0.244394 0.928413 -0.279859 -0.630611 -0.941684 0.296084 0.159889 -0.243217 0.231305 0.224463 0.946633 0.375529 
1535118651426 0.244281 0.92837 -0.280099 -0.630094 -0.941518 0.296207 0.160638 -0.243069 0.232099 0.224478 0.946435 0.375675 
1535118651637 0.244042 0.928399 -0.280212 -0.629627 -0.941454 0.29612 0.161175 -0.242823 0.232612 0.224473 0.94631 0.375861 
1535118651937 0.244075 0.928339 -0.280383 -0.628554 -0.941146 0.29647 0.162328 -0.242562 0.23382 0.224261 0.946063 0.37625 
1535118652144 0.244046 0.928232 -0.280762 -0.628059 -0.940971 0.296683 0.162951 -0.242419 0.234554 0.224422 0.945843 0.376399 
1535118652362 0.244211 0.928148 -0.280895 -0.627538 -0.940766 0.29702 0.163523 -0.242308 0.235205 0.224323 0.945705 0.376619 
1535118652640 0.243832 0.928122 -0.281311 -0.62654 -0.940565 0.297015 0.164679 -0.241948 0.236395 0.224437 0.945381 0.376877 
1535118653362 0.243914 0.928034 -0.281531 -0.62633 -0.940472 0.297201 0.164876 -0.241888 0.236681 0.224556 0.945281 0.376873 
1535118653377 0.243984 0.927999 -0.281585 -0.626376 -0.940451 0.29728 0.164855 -0.241922 0.236695 0.224595 0.945268 0.376853 
1535118653622 0.243933 0.928105 -0.281279 -0.626037 -0.940423 0.297216 0.165129 -0.241788 0.236858 0.224241 0.945312 0.377113 
1535118653852 0.243546 0.928213 -0.281258 -0.625339 -0.940455 0.296907 0.165502 -0.241419 0.237129 0.224203 0.945253 0.377168 
1535118654042 0.243741 0.92809 -0.281496 -0.624966 -0.940303 0.297231 0.165781 -0.241336 0.237529 0.224284 0.945133 0.37723 
1535118654326 0.243505 0.928223 -0.281261 -0.624082 -0.940204 0.297114 0.16655 -0.241012 0.238162 0.223886 0.945068 0.377576 
1535118654597 0.243689 0.928075 -0.281588 -0.62349 -0.940047 0.297452 0.166833 -0.240847 0.238593 0.224051 0.94492 0.377634 
1535118654680 0.243834 0.928025 -0.281629 -0.623243 -0.939965 0.29764 0.166964 -0.240859 0.23877 0.22401 0.944885 0.377679 
1535118654697 0.243801 0.928029 -0.281644 -0.623247 -0.939969 0.297615 0.166982 -0.240827 0.238785 0.224027 0.944878 0.377666 
1535118654915 0.243317 0.928105 -0.281812 -0.623021 -0.939998 0.297273 0.167427 -0.240568 0.239165 0.224165 0.944749 0.377747 
1535118655165 0.243163 0.928102 -0.281956 -0.622305 -0.939771 0.297402 0.168472 -0.240269 0.240213 0.224008 0.94452 0.37814 
1535118655343 0.24338 0.927885 -0.282482 -0.62192 -0.939511 0.297895 0.169051 -0.24028 0.24101 0.224251 0.944259 0.378238 
1535118655571 0.242821 0.928041 -0.28245 -0.62123 -0.939419 0.297575 0.170122 -0.239845 0.24193 0.22403 0.944077 0.378604 
1535118655738 0.242983 0.92786 -0.282905 -0.620864 -0.939176 0.297998 0.170719 -0.23981 0.242709 0.224216 0.943832 0.378693 
1535118655926 0.243035 0.927832 -0.282953 -0.620469 -0.939034 0.298176 0.171191 -0.239717 0.243207 0.224097 0.943732 0.378844 
1535118656163 0.242953 0.927785 -0.283177 -0.620256 -0.938951 0.298235 0.171545 -0.239624 0.24361 0.224212 0.943601 0.378888 
1535118656371 0.243129 0.927734 -0.283193 -0.62018 -0.939079 0.298246 0.17082 -0.239492 0.242936 0.224409 0.943728 0.378911 
1535118656626 0.243647 0.927587 -0.283228 -0.61966 -0.939049 0.298651 0.17028 -0.239291 0.242536 0.224477 0.943815 0.379153 
1535118656862 0.2441 0.927368 -0.283556 -0.619187 -0.939074 0.299011 0.16951 -0.239015 0.241984 0.224903 0.943855 0.379264 
1535118657038 0.24442 0.927195 -0.283847 -0.618915 -0.939046 0.299318 0.169121 -0.238963 0.241768 0.225209 0.943838 0.379334 
1535118657211 0.244473 0.927139 -0.283982 -0.618689 -0.939143 0.299289 0.168628 -0.238789 0.241335 0.225475 0.943885 0.379335 
1535118657367 0.244622 0.927052 -0.284138 -0.618464 -0.939116 0.299449 0.168496 -0.238608 0.24129 0.22562 0.943862 0.379412 
1535118657398 0.244655 0.927047 -0.284125 -0.618393 -0.939106 0.29948 0.168498 -0.23856 0.241295 0.2256 0.943865 0.379434 
1535118657420 0.244735 0.927026 -0.284127 -0.618322 -0.939094 0.299548 0.168445 -0.238525 0.241263 0.225598 0.943874 0.379458 
1535118657678 0.244699 0.926772 -0.284984 -0.61802 -0.939178 0.299599 0.167884 -0.23825 0.240971 0.226569 0.943716 0.379636 
1535118657849 0.245097 0.926475 -0.285607 -0.617796 -0.939165 0.300006 0.167229 -0.238253 0.240617 0.227245 0.943644 0.379651 
1535118658014 0.245324 0.926319 -0.285917 -0.61756 -0.939184 0.300205 0.166763 -0.238184 0.240309 0.227618 0.943632 0.379781 
1535118658195 0.245707 0.926067 -0.286404 -0.617291 -0.939177 0.300569 0.166145 -0.23819 0.239945 0.228161 0.943593 0.379869 
1535118658433 0.245591 0.925859 -0.287177 -0.616931 -0.939272 0.300536 0.165671 -0.237814 0.239695 0.22905 0.943442 0.379987 
1535118658595 0.245805 0.925617 -0.287774 -0.616725 -0.939309 0.300757 0.165056 -0.237763 0.239329 0.229737 0.943368 0.380018 
1535118658969 0.246005 0.92549 -0.288008 -0.616521 -0.939325 0.300924 0.164659 -0.237751 0.239059 0.230027 0.943366 0.380106 
1535118658992 0.246008 0.925491 -0.288005 -0.616521 -0.939325 0.300925 0.164657 -0.237751 0.239056 0.230023 0.943367 0.380108 
1535118659229 0.245753 0.925515 -0.288145 -0.616361 -0.939061 0.301024 0.165978 -0.237669 0.240354 0.229796 0.943093 0.380147 
1535118659283 0.245587 0.925503 -0.288325 -0.616197 -0.938983 0.301015 0.166436 -0.237653 0.240827 0.229858 0.942957 0.38021 
1535118659385 0.245411 0.925466 -0.288593 -0.616029 -0.938843 0.301073 0.16712 -0.23763 0.241551 0.22993 0.942754 0.380221 
1535118659614 0.244897 0.925474 -0.289004 -0.615582 -0.938634 0.300982 0.16845 -0.237474 0.242881 0.230016 0.942391 0.380485 
1535118659842 0.244772 0.925409 -0.289317 -0.615375 -0.938425 0.301149 0.169316 -0.237359 0.243814 0.230059 0.94214 0.380508 
1535118659858 0.244757 0.925414 -0.289316 -0.61538 -0.938428 0.301135 0.169322 -0.237348 0.243816 0.230059 0.942139 0.380508 
1535118659874 0.244763 0.925412 -0.289315 -0.615379 -0.938426 0.301141 0.169324 -0.237351 0.243819 0.230057 0.942139 0.380509 
1535118660045 0.245086 0.925438 -0.288958 -0.615226 -0.93847 0.301263 0.168861 -0.237284 0.243323 0.229793 0.942332 0.380527 
1535118660266 0.245281 0.925487 -0.288636 -0.614802 -0.938504 0.30131 0.168591 -0.237173 0.242998 0.229534 0.942479 0.380631 
1535118660329 0.245124 0.925598 -0.288414 -0.61461 -0.938552 0.301112 0.168673 -0.237033 0.242969 0.229346 0.942532 0.380716 
1535118660505 0.245539 0.925538 -0.288253 -0.614151 -0.93845 0.301474 0.168598 -0.236997 0.242945 0.229113 0.942595 0.380771 
1535118660552 0.245681 0.925574 -0.288016 -0.613939 -0.938398 0.301579 0.168697 -0.236904 0.243001 0.228828 0.94265 0.380866 
1535118660730 0.245492 0.925658 -0.287909 -0.613729 -0.938432 0.301395 0.168842 -0.236703 0.243064 0.228734 0.942656 0.3809 
1535118660932 0.24561 0.925685 -0.287722 -0.613565 -0.938357 0.301515 0.169043 -0.236644 0.243233 0.228467 0.942677 0.380952 
1535118661153 0.245906 0.925872 -0.286863 -0.612803 -0.938175 0.301738 0.169654 -0.236456 0.243636 0.227409 0.942829 0.381152 
1535118661436 0.246141 0.926079 -0.285992 -0.611736 -0.937929 0.301973 0.170592 -0.236114 0.244343 0.226251 0.942925 0.381375 
1535118661697 0.246664 0.926091 -0.285505 -0.61102 -0.937615 0.302545 0.171305 -0.235918 0.245022 0.225439 0.942943 0.381501 
1535118661725 0.24673 0.926121 -0.285349 -0.610872 -0.93758 0.302596 0.171407 -0.235904 0.245089 0.225246 0.942972 0.381554 
1535118661743 0.246774 0.926136 -0.285264 -0.610769 -0.937559 0.302629 0.171459 -0.235899 0.245124 0.22514 0.942988 0.381573 
1535118661945 0.246623 0.926149 -0.285352 -0.610539 -0.937545 0.302552 0.171675 -0.235555 0.24533 0.225191 0.942922 0.381598 
1535118662188 0.24705 0.926159 -0.28495 -0.609775 -0.937418 0.302897 0.171757 -0.235265 0.245385 0.224685 0.943029 0.381895 
1535118662392 0.247461 0.926063 -0.284906 -0.609308 -0.937314 0.303277 0.171655 -0.235167 0.245369 0.224568 0.943061 0.381918 
1535118662684 0.247846 0.926171 -0.284218 -0.60822 -0.937128 0.303594 0.172109 -0.234655 0.245689 0.223692 0.943186 0.382342 
1535118662866 0.248203 0.926018 -0.284406 -0.607848 -0.936958 0.304039 0.172252 -0.234553 0.245979 0.223723 0.943102 0.382364 
1535118663314 0.248433 0.925942 -0.284453 -0.607591 -0.936854 0.304306 0.172343 -0.234494 0.24614 0.223675 0.943072 0.382381 
1535118663613 0.24843 0.926151 -0.283773 -0.607114 -0.936861 0.304171 0.172545 -0.2341 0.246118 0.22299 0.94324 0.382592 
1535118663753 0.248722 0.926083 -0.28374 -0.606878 -0.936818 0.304412 0.172354 -0.234034 0.245988 0.222945 0.943285 0.382551 
1535118664027 0.249246 0.926214 -0.282849 -0.605951 -0.936704 0.304723 0.17242 -0.233585 0.245889 0.221971 0.94354 0.382848 
1535118664256 0.249591 0.926314 -0.282219 -0.60537 -0.936623 0.304925 0.172504 -0.233193 0.245849 0.221277 0.943713 0.383057 
1535118664277 0.249554 0.926392 -0.281992 -0.605224 -0.93664 0.304841 0.172559 -0.233075 0.24582 0.221063 0.943771 0.383125 
1535118664454 0.24994 0.926254 -0.282107 -0.605084 -0.936564 0.305207 0.172327 -0.233151 0.245719 0.22114 0.943779 0.38305 
1535118664662 0.250076 0.926427 -0.281417 -0.604534 -0.936594 0.305149 0.172264 -0.232901 0.245464 0.220495 0.943997 0.3832 
1535118664860 0.250339 0.926467 -0.281051 -0.604058 -0.936647 0.305221 0.171849 -0.232593 0.244995 0.220225 0.944181 0.383229 
1535118665063 0.250609 0.926572 -0.280463 -0.60347 -0.936659 0.305295 0.171652 -0.232437 0.244672 0.21968 0.944392 0.383364 
1535118665187 0.250773 0.926604 -0.28021 -0.603225 -0.936669 0.305356 0.171488 -0.23233 0.244465 0.219459 0.944497 0.383391 
1535118665212 0.25084 0.926594 -0.280185 -0.603198 -0.936661 0.305406 0.171443 -0.232322 0.244428 0.219434 0.944512 0.383387 
1535118665243 0.250813 0.926645 -0.280041 -0.603117 -0.936685 0.305339 0.171435 -0.23223 0.244367 0.219312 0.944557 0.38341 
1535118665393 0.250894 0.926685 -0.279835 -0.602938 -0.93673 0.305319 0.171222 -0.232178 0.244108 0.219172 0.944656 0.383393 
1535118665454 0.250758 0.926864 -0.279362 -0.602765 -0.936812 0.30506 0.171234 -0.231982 0.243933 0.218771 0.944794 0.383465 
1535118665554 0.250797 0.927004 -0.278863 -0.602551 -0.936928 0.304892 0.170898 -0.231888 0.243447 0.218413 0.945002 0.383396 
1535118665729 0.251203 0.927104 -0.278162 -0.602118 -0.936955 0.30503 0.170506 -0.231769 0.242925 0.217794 0.94528 0.383406 
1535118665907 0.2511 0.927374 -0.277355 -0.601737 -0.937112 0.304667 0.170293 -0.231437 0.242426 0.217152 0.945555 0.383448 
1535118665958 0.25095 0.927528 -0.276976 -0.601546 -0.937216 0.304396 0.170202 -0.231276 0.242177 0.216874 0.945683 0.383465 
1535118666160 0.251264 0.927685 -0.276164 -0.60152 -0.937254 0.304438 0.169918 -0.231233 0.241705 0.216142 0.945971 0.383413 
1535118666451 0.252567 0.928109 -0.27354 -0.601311 -0.937315 0.30484 0.168858 -0.231081 0.240105 0.213745 0.946923 0.383182 
1535118666884 0.253966 0.928839 -0.269738 -0.60085 -0.937521 0.304973 0.167471 -0.230723 0.237816 0.210354 0.948259 0.382943 
1535118666915 0.254272 0.928948 -0.269076 -0.600757 -0.937555 0.305044 0.167151 -0.230585 0.237354 0.209772 0.948504 0.382851 
1535118667109 0.254633 0.92891 -0.268864 -0.600849 -0.93751 0.305305 0.166924 -0.230727 0.237143 0.209559 0.948603 0.382766 
1535118667149 0.254773 0.928987 -0.268466 -0.600946 -0.937521 0.305324 0.166825 -0.230768 0.236947 0.20919 0.948734 0.382722 
1535118667273 0.254681 0.929222 -0.267739 -0.601054 -0.937622 0.305039 0.166784 -0.230641 0.236651 0.208561 0.948946 0.38275 
1535118667498 0.255465 0.929494 -0.266042 -0.60121 -0.937643 0.305281 0.166221 -0.230601 0.235719 0.206989 0.949522 0.382636 
1535118667559 0.255684 0.929589 -0.265499 -0.601269 -0.937678 0.305311 0.165969 -0.230611 0.235342 0.206517 0.949718 0.382576 
