1535161870201 0.245654 0.920487 -0.303903 -0.539041 -0.936744 0.30606 0.16982 -0.20159 0.24933 0.242962 0.937445 0.427493 
1535161883389 0.245652 0.920488 -0.303903 -0.539041 -0.936744 0.306058 0.169821 -0.201589 0.24933 0.242963 0.937445 0.427491 
1535161884387 0.247642 0.921339 -0.299678 -0.557981 -0.936547 0.306853 0.169473 -0.209992 0.2481 0.238694 0.938867 0.417596 
1535161885417 0.248606 0.922443 -0.295457 -0.57725 -0.936692 0.306612 0.169108 -0.218307 0.246583 0.234711 0.94027 0.407078 
1535161886722 0.2504 0.924083 -0.288739 -0.606064 -0.936818 0.306522 0.168571 -0.230832 0.244279 0.228286 0.942451 0.391355 
1535161887804 0.251381 0.925162 -0.284399 -0.625288 -0.936896 0.306351 0.168449 -0.23913 0.242969 0.224108 0.943791 0.380852 
1535161887834 0.250868 0.925319 -0.284341 -0.625425 -0.937075 0.305813 0.168432 -0.239008 0.242808 0.224195 0.943812 0.380546 
1535161888214 0.251763 0.92515 -0.2841 -0.627024 -0.936798 0.306657 0.168434 -0.239939 0.242949 0.223739 0.943884 0.379803 
1535161888669 0.251803 0.925359 -0.283383 -0.629952 -0.936879 0.30648 0.168308 -0.241256 0.242597 0.223115 0.944122 0.378259 
1535161889043 0.251781 0.925488 -0.282982 -0.631922 -0.936943 0.306333 0.168219 -0.242044 0.242372 0.222784 0.944258 0.376949 
1535161889410 0.251635 0.925699 -0.282419 -0.633873 -0.936998 0.306077 0.16838 -0.242836 0.242311 0.222256 0.944398 0.375883 
1535161889430 0.251468 0.925759 -0.282373 -0.63397 -0.937054 0.305899 0.16839 -0.24281 0.242267 0.222254 0.94441 0.375804 
1535161889447 0.251264 0.925834 -0.282307 -0.634041 -0.93712 0.305681 0.168418 -0.242723 0.242223 0.222239 0.944425 0.375737 
1535161889582 0.250993 0.925685 -0.283036 -0.634087 -0.937034 0.305701 0.168861 -0.24287 0.242836 0.222832 0.944127 0.37578 
1535161889631 0.251068 0.925429 -0.283806 -0.634037 -0.936876 0.30604 0.169125 -0.243167 0.243369 0.223429 0.943849 0.37597 
1535161889771 0.249533 0.925368 -0.285356 -0.634196 -0.937009 0.305113 0.170057 -0.243166 0.244431 0.224947 0.943214 0.376008 
1535161889820 0.249021 0.925281 -0.286082 -0.634299 -0.936942 0.304946 0.170727 -0.243277 0.24521 0.225528 0.942873 0.376069 
1535161889921 0.248814 0.925136 -0.286731 -0.634368 -0.936808 0.305042 0.171293 -0.243541 0.245934 0.225991 0.942573 0.3762 
1535161889975 0.248125 0.925038 -0.287643 -0.634464 -0.936855 0.304679 0.171679 -0.243591 0.246448 0.226882 0.942225 0.376176 
1535161890069 0.247509 0.924947 -0.288464 -0.634525 -0.936851 0.304398 0.1722 -0.243754 0.247084 0.227627 0.941879 0.376192 
1535161890579 0.247199 0.924712 -0.289483 -0.634624 -0.936721 0.304488 0.172746 -0.244038 0.247884 0.228462 0.941466 0.37631 
1535161890822 0.245821 0.925447 -0.288305 -0.634645 -0.93726 0.302791 0.172801 -0.244019 0.247214 0.227739 0.941817 0.376335 
1535161890991 0.244813 0.925734 -0.288243 -0.634754 -0.937395 0.301938 0.173561 -0.244247 0.247702 0.227708 0.941697 0.376442 
1535161891173 0.243746 0.926042 -0.288157 -0.634838 -0.937578 0.300993 0.174214 -0.244489 0.248062 0.227706 0.941602 0.376594 
1535161891260 0.243223 0.926186 -0.288135 -0.634902 -0.937672 0.300529 0.17451 -0.244583 0.248222 0.227731 0.941554 0.376655 
1535161891397 0.242646 0.926321 -0.288187 -0.634957 -0.937787 0.300021 0.174768 -0.244696 0.248353 0.227851 0.941491 0.376621 
1535161891417 0.242667 0.926314 -0.288194 -0.634962 -0.937776 0.300047 0.174782 -0.244708 0.248375 0.227847 0.941486 0.376618 
1535161891572 0.242468 0.926493 -0.287783 -0.634937 -0.938016 0.299607 0.174246 -0.244754 0.24766 0.227696 0.941711 0.376694 
1535161891601 0.242302 0.926577 -0.287654 -0.634952 -0.938198 0.299297 0.173799 -0.244864 0.247132 0.227765 0.941833 0.376678 
1535161891709 0.241925 0.926759 -0.287386 -0.635026 -0.938542 0.298659 0.173038 -0.245018 0.246195 0.227861 0.942055 0.376615 
1535161891753 0.241569 0.926918 -0.287172 -0.635044 -0.938703 0.298216 0.172927 -0.245033 0.245929 0.227795 0.94214 0.376661 
1535161891785 0.241415 0.92701 -0.287005 -0.635063 -0.93879 0.297994 0.172836 -0.245061 0.245746 0.227712 0.942208 0.376695 
1535161891940 0.241572 0.927023 -0.28683 -0.635081 -0.938857 0.298011 0.172445 -0.245123 0.245339 0.227634 0.942333 0.376641 
1535161892114 0.242776 0.926857 -0.28635 -0.634966 -0.938841 0.298797 0.171168 -0.245 0.244209 0.227282 0.942712 0.376483 
1535161892157 0.243506 0.926762 -0.286036 -0.63493 -0.938848 0.299252 0.17033 -0.245052 0.243453 0.227068 0.942959 0.376419 
1535161892184 0.24378 0.926747 -0.285851 -0.634905 -0.938889 0.299375 0.169889 -0.24508 0.243021 0.226966 0.943094 0.376375 
1535161892385 0.244633 0.926691 -0.285305 -0.634632 -0.938752 0.300009 0.169525 -0.244782 0.242691 0.22636 0.943325 0.376464 
1535161892727 0.246989 0.926194 -0.284888 -0.633929 -0.938089 0.302225 0.169263 -0.244443 0.242871 0.225444 0.943498 0.376751 
1535161892908 0.247856 0.926171 -0.284208 -0.633558 -0.938002 0.302797 0.168721 -0.244181 0.242322 0.224769 0.9438 0.376879 
1535161893174 0.247427 0.925989 -0.285173 -0.632705 -0.93818 0.302502 0.168256 -0.243989 0.242069 0.225913 0.943592 0.377169 
1535161893413 0.247297 0.925796 -0.285914 -0.632034 -0.938277 0.302454 0.167803 -0.243751 0.241827 0.226769 0.943449 0.377397 
1535161893697 0.247206 0.925679 -0.286368 -0.631006 -0.938466 0.302294 0.167033 -0.243319 0.241186 0.227455 0.943448 0.377764 
1535161893945 0.247659 0.925505 -0.28654 -0.630795 -0.938344 0.30276 0.166876 -0.243339 0.241198 0.227545 0.943423 0.377971 
1535161894175 0.247178 0.925751 -0.286162 -0.630453 -0.938373 0.302325 0.167499 -0.242974 0.241576 0.227125 0.943427 0.377838 
1535161894568 0.247875 0.925765 -0.285513 -0.627938 -0.937564 0.303455 0.16997 -0.242088 0.243992 0.225555 0.943182 0.378497 
1535161894734 0.248478 0.92565 -0.285361 -0.627454 -0.937135 0.304249 0.17091 -0.242033 0.245024 0.224954 0.943058 0.37868 
1535161894922 0.24851 0.925698 -0.285176 -0.626982 -0.937165 0.304211 0.170815 -0.241844 0.244876 0.224808 0.943132 0.378816 
1535161895149 0.248332 0.925871 -0.284771 -0.626347 -0.937469 0.30373 0.170001 -0.241327 0.243892 0.224748 0.943401 0.378881 
1535161895418 0.248488 0.925958 -0.28435 -0.625209 -0.937396 0.303831 0.170221 -0.240882 0.244012 0.22425 0.943488 0.379135 
1535161895574 0.249294 0.925788 -0.284199 -0.624728 -0.937136 0.304614 0.170255 -0.240986 0.244192 0.223889 0.943527 0.379282 
1535161895597 0.249194 0.925827 -0.284161 -0.624649 -0.937166 0.304509 0.170278 -0.240912 0.244178 0.223874 0.943535 0.379299 
1535161895810 0.248973 0.925749 -0.284606 -0.624314 -0.93706 0.304531 0.17082 -0.240739 0.244808 0.224164 0.943303 0.379433 
1535161896033 0.248746 0.92547 -0.285712 -0.623676 -0.936719 0.304885 0.172052 -0.240513 0.246338 0.224835 0.942744 0.379653 
1535161896257 0.248717 0.925255 -0.286431 -0.622961 -0.936374 0.305314 0.173168 -0.240359 0.247676 0.225136 0.942322 0.379952 
1535161896528 0.248314 0.924981 -0.287664 -0.622009 -0.935973 0.305622 0.174785 -0.240027 0.249589 0.225845 0.941647 0.380365 
1535161896551 0.248304 0.92497 -0.287706 -0.621902 -0.935912 0.305678 0.175015 -0.239995 0.24983 0.225811 0.941592 0.380424 
1535161896568 0.248399 0.924931 -0.287752 -0.621829 -0.935834 0.305825 0.175172 -0.240016 0.250024 0.225775 0.941549 0.38047 
1535161896750 0.248234 0.924898 -0.287998 -0.621611 -0.935822 0.305764 0.175341 -0.239788 0.250232 0.22599 0.941442 0.380439 
1535161896956 0.248392 0.92473 -0.288402 -0.62096 -0.935557 0.306192 0.176007 -0.239566 0.251065 0.226098 0.941194 0.380719 
1535161897176 0.248349 0.924567 -0.288962 -0.620301 -0.935273 0.306524 0.176936 -0.239365 0.252163 0.226317 0.940848 0.380883 
1535161897390 0.248433 0.924432 -0.28932 -0.619624 -0.935006 0.306892 0.177709 -0.239168 0.25307 0.226367 0.940592 0.381108 
1535161897537 0.248816 0.924226 -0.28965 -0.619277 -0.934688 0.307513 0.178308 -0.239144 0.253868 0.226367 0.940377 0.38127 
1535161897604 0.248512 0.924282 -0.289733 -0.619092 -0.934711 0.307292 0.17857 -0.23897 0.254082 0.22644 0.940302 0.381364 
1535161897776 0.248846 0.924172 -0.289796 -0.619009 -0.934599 0.307643 0.178553 -0.23902 0.254167 0.226411 0.940286 0.381359 
1535161897869 0.24871 0.924143 -0.290005 -0.618816 -0.934672 0.307521 0.178379 -0.238836 0.25403 0.226695 0.940254 0.38135 
1535161898106 0.248455 0.924073 -0.290447 -0.61814 -0.934656 0.307439 0.178607 -0.238383 0.25434 0.227092 0.940075 0.381567 
1535161898352 0.248908 0.923844 -0.290786 -0.617367 -0.934481 0.307983 0.17858 -0.238253 0.254538 0.227284 0.939975 0.381825 
1535161898425 0.24909 0.923709 -0.291059 -0.617186 -0.934414 0.308226 0.178512 -0.238157 0.254605 0.227505 0.939903 0.381857 
1535161898442 0.249117 0.923695 -0.291083 -0.617188 -0.934405 0.308258 0.178508 -0.238174 0.254616 0.22752 0.939897 0.381864 
1535161898646 0.249098 0.923835 -0.290652 -0.616936 -0.934674 0.307921 0.177679 -0.237786 0.253644 0.227405 0.940187 0.382011 
1535161898870 0.249638 0.923742 -0.290485 -0.616283 -0.934954 0.308021 0.176023 -0.237384 0.252075 0.227648 0.94055 0.382145 
1535161899093 0.25022 0.923632 -0.290335 -0.615634 -0.935151 0.308227 0.17461 -0.236855 0.250765 0.227817 0.940859 0.382306 
1535161899120 0.250294 0.923615 -0.290325 -0.615555 -0.935166 0.308265 0.174464 -0.236774 0.250635 0.227835 0.94089 0.382317 
1535161899319 0.250355 0.923577 -0.290394 -0.615391 -0.935215 0.308275 0.17418 -0.236716 0.25039 0.227974 0.940921 0.382377 
1535161899576 0.250171 0.923485 -0.290844 -0.614351 -0.935048 0.308382 0.174885 -0.236382 0.251195 0.228202 0.940651 0.382651 
1535161899792 0.250317 0.923347 -0.291156 -0.613611 -0.934848 0.308727 0.175349 -0.236141 0.251796 0.228294 0.940468 0.382985 
1535161899816 0.250317 0.923328 -0.291215 -0.613486 -0.934839 0.308746 0.175362 -0.236111 0.251828 0.228343 0.940448 0.383002 
1535161899832 0.250401 0.923292 -0.291258 -0.613419 -0.934808 0.308842 0.175357 -0.236133 0.251858 0.228361 0.940435 0.383014 
1535161900049 0.250452 0.923329 -0.291095 -0.612962 -0.934824 0.308833 0.17529 -0.235767 0.25175 0.228221 0.940498 0.383069 
1535161900337 0.25093 0.923356 -0.290598 -0.611714 -0.934769 0.309128 0.175063 -0.235284 0.251478 0.227713 0.940694 0.383381 
1535161900533 0.251655 0.923263 -0.290269 -0.611041 -0.934565 0.309764 0.17503 -0.235118 0.251514 0.227228 0.940802 0.383662 
1535161900769 0.251672 0.923175 -0.290532 -0.610378 -0.934443 0.309935 0.175373 -0.234794 0.251946 0.22735 0.940657 0.383789 
1535161900975 0.251818 0.922936 -0.291163 -0.60981 -0.934175 0.310401 0.175977 -0.234519 0.252793 0.227683 0.940349 0.383852 
1535161901177 0.252433 0.922699 -0.291383 -0.609158 -0.933822 0.311197 0.176447 -0.234438 0.253485 0.227559 0.940193 0.384127 
1535161901200 0.252341 0.92272 -0.291396 -0.609053 -0.93385 0.311109 0.176454 -0.234395 0.253474 0.227594 0.940187 0.384135 
1535161901217 0.252286 0.922731 -0.291409 -0.608984 -0.933861 0.311063 0.176477 -0.234357 0.253487 0.227612 0.940179 0.384146 
1535161901406 0.252377 0.922645 -0.291602 -0.60863 -0.933711 0.311298 0.176854 -0.234154 0.253949 0.227638 0.940048 0.384282 
1535161901634 0.252371 0.922564 -0.291865 -0.607866 -0.933471 0.311559 0.177657 -0.233805 0.254833 0.227612 0.939815 0.38454 
1535161901984 0.252678 0.922201 -0.292745 -0.605888 -0.932799 0.312546 0.179446 -0.233059 0.256981 0.22773 0.939202 0.385024 
1535161902004 0.252857 0.922135 -0.292796 -0.605792 -0.932716 0.312757 0.179511 -0.233088 0.257107 0.227705 0.939173 0.385052 
1535161902021 0.252975 0.922087 -0.292846 -0.605716 -0.93264 0.312918 0.179626 -0.233108 0.257267 0.227679 0.939136 0.385096 
1535161902059 0.253154 0.922024 -0.292892 -0.605631 -0.932493 0.313184 0.179926 -0.233104 0.257625 0.227571 0.939064 0.385218 
1535161902197 0.252626 0.922428 -0.292073 -0.605379 -0.932806 0.312372 0.179713 -0.232779 0.257008 0.227048 0.93936 0.385116 
1535161902373 0.252996 0.922661 -0.291016 -0.604779 -0.932853 0.312387 0.17944 -0.232654 0.256472 0.226078 0.93974 0.385251 
1535161902584 0.252973 0.923103 -0.289631 -0.603928 -0.932966 0.312003 0.179523 -0.232318 0.256084 0.224802 0.940152 0.385447 
1535161902673 0.253315 0.923179 -0.289089 -0.603614 -0.932897 0.312203 0.179535 -0.232308 0.255997 0.224212 0.940316 0.385535 
1535161902730 0.253203 0.923301 -0.288798 -0.603509 -0.932947 0.312022 0.179591 -0.232197 0.255928 0.223961 0.940395 0.385578 
1535161902750 0.253133 0.923344 -0.288722 -0.603458 -0.932965 0.311941 0.179635 -0.232114 0.255929 0.223896 0.94041 0.385589 
1535161902873 0.253407 0.923397 -0.28831 -0.603332 -0.932918 0.312098 0.17961 -0.232111 0.255832 0.223455 0.940541 0.385643 
1535161902925 0.25387 0.923461 -0.287698 -0.603205 -0.932946 0.312285 0.179133 -0.232052 0.255267 0.22293 0.940819 0.385581 
1535161903076 0.254294 0.923822 -0.286159 -0.602737 -0.933212 0.312059 0.17814 -0.231634 0.253868 0.221747 0.941477 0.385499 
1535161903203 0.25483 0.924136 -0.284663 -0.602304 -0.933316 0.312064 0.177588 -0.231445 0.252949 0.220426 0.942035 0.385548 
1535161903287 0.255 0.924331 -0.283878 -0.602108 -0.933403 0.311959 0.177316 -0.231153 0.252457 0.219757 0.942323 0.385568 
1535161903304 0.254956 0.924353 -0.283846 -0.602089 -0.933427 0.3119 0.177292 -0.231114 0.252412 0.219748 0.942337 0.385555 
1535161903460 0.255528 0.924378 -0.28325 -0.602046 -0.933389 0.312229 0.176914 -0.231313 0.251974 0.219176 0.942587 0.385479 
1535161903590 0.255984 0.924621 -0.282043 -0.601988 -0.933444 0.312277 0.176539 -0.231151 0.251307 0.21808 0.94302 0.385383 
1535161903773 0.256878 0.925114 -0.279604 -0.601672 -0.933599 0.312318 0.175639 -0.230943 0.249812 0.21592 0.943913 0.385329 
1535161903961 0.257891 0.925571 -0.277146 -0.60135 -0.933771 0.312433 0.174522 -0.230663 0.248122 0.213783 0.944845 0.385161 
1535161904154 0.259106 0.926008 -0.274542 -0.601004 -0.933796 0.312794 0.173736 -0.230379 0.246756 0.21135 0.94575 0.385072 
1535161904264 0.259238 0.926274 -0.273518 -0.600877 -0.934003 0.312521 0.173117 -0.230216 0.245834 0.210588 0.94616 0.384974 
1535161904281 0.259239 0.926285 -0.273479 -0.600872 -0.93401 0.312508 0.173101 -0.230202 0.245805 0.210558 0.946174 0.384982 
1535161904298 0.259244 0.92629 -0.273458 -0.600871 -0.93401 0.312508 0.173104 -0.230196 0.245802 0.210536 0.94618 0.384988 
1535161904470 0.259834 0.926391 -0.272554 -0.60092 -0.933886 0.312869 0.173117 -0.230246 0.245648 0.209553 0.946438 0.384967 
1535161904683 0.26114 0.926911 -0.269523 -0.600848 -0.934018 0.313133 0.171925 -0.230087 0.243756 0.206843 0.947523 0.384754 
1535161904773 0.261512 0.92707 -0.268613 -0.600832 -0.934128 0.31314 0.171314 -0.230043 0.242934 0.206118 0.947892 0.38458 
1535161904962 0.26212 0.927511 -0.266489 -0.600787 -0.93426 0.313076 0.170712 -0.229852 0.241769 0.204223 0.9486 0.384503 
1535161913571 0.262606 0.92767 -0.265454 -0.600777 -0.934289 0.313212 0.170303 -0.229748 0.241128 0.203288 0.948963 0.38437 
1535161913963 0.255165 0.926553 -0.276389 -0.600993 -0.934778 0.309461 0.174426 -0.230359 0.247146 0.213855 0.945084 0.385662 
1535161914456 0.243594 0.924583 -0.292929 -0.601205 -0.935438 0.303743 0.180823 -0.231495 0.256161 0.229969 0.93888 0.387721 
1535161914937 0.232093 0.922227 -0.30924 -0.601344 -0.935972 0.298275 0.187054 -0.232803 0.264745 0.246026 0.932406 0.389758 
1535161915215 0.228078 0.921415 -0.314601 -0.601397 -0.936096 0.296386 0.189418 -0.233067 0.267776 0.251295 0.930133 0.390515 
1535161915236 0.227692 0.921409 -0.314898 -0.601392 -0.936138 0.296132 0.189608 -0.233098 0.267958 0.251616 0.929994 0.390601 
1535161915256 0.227406 0.921386 -0.315174 -0.601385 -0.936175 0.29595 0.189712 -0.233138 0.268074 0.251916 0.929879 0.390655 
1535161915425 0.226747 0.921189 -0.316223 -0.601377 -0.936194 0.295677 0.190041 -0.233182 0.268563 0.252955 0.929455 0.390658 
1535161915625 0.225255 0.920718 -0.318652 -0.601378 -0.936188 0.29512 0.190933 -0.233478 0.269836 0.25531 0.928443 0.391027 
1535161915667 0.224664 0.920622 -0.319346 -0.601393 -0.936259 0.294776 0.19112 -0.233493 0.270085 0.256053 0.928165 0.391105 
1535161915913 0.225069 0.920819 -0.31849 -0.601468 -0.936289 0.294858 0.190842 -0.233458 0.26964 0.255246 0.928517 0.391009 
1535161916111 0.226101 0.921359 -0.316189 -0.601489 -0.93657 0.294854 0.189466 -0.23339 0.267796 0.253295 0.929584 0.39082 
1535161916349 0.227295 0.922247 -0.312726 -0.601761 -0.937154 0.294446 0.187198 -0.233193 0.264724 0.250523 0.931214 0.390491 
1535161916546 0.228156 0.922813 -0.31042 -0.601888 -0.93758 0.294192 0.185457 -0.233179 0.262465 0.248731 0.932333 0.390273 
1535161916672 0.228284 0.923135 -0.309367 -0.602056 -0.937837 0.293829 0.184735 -0.232954 0.261436 0.247964 0.932826 0.390016 
1535161916692 0.228326 0.923237 -0.309033 -0.602046 -0.937883 0.293748 0.184629 -0.232928 0.261234 0.247681 0.932958 0.390027 
1535161916712 0.228425 0.923304 -0.30876 -0.602041 -0.937908 0.29374 0.184513 -0.232937 0.261056 0.247441 0.933072 0.390032 
1535161916729 0.228531 0.923337 -0.308581 -0.602047 -0.937918 0.293771 0.184415 -0.232959 0.260929 0.247279 0.93315 0.39004 
1535161916886 0.229374 0.923491 -0.307493 -0.602117 -0.93804 0.294041 0.183361 -0.232969 0.259748 0.246383 0.933717 0.389923 
1535161916921 0.229632 0.923589 -0.307006 -0.602137 -0.93815 0.294024 0.182824 -0.232945 0.259121 0.246035 0.933982 0.389817 
1535161917017 0.230049 0.923694 -0.306376 -0.602276 -0.938226 0.294124 0.18227 -0.232839 0.258475 0.245519 0.934297 0.389764 
1535161917145 0.230679 0.923943 -0.30515 -0.602323 -0.938397 0.29417 0.181314 -0.232814 0.25729 0.244527 0.934884 0.389742 
1535161917602 0.231131 0.924156 -0.30416 -0.602375 -0.93856 0.294144 0.180511 -0.232761 0.256287 0.243751 0.935362 0.389662 
1535161917619 0.231119 0.92414 -0.304218 -0.602356 -0.938533 0.294173 0.180607 -0.232775 0.256399 0.243777 0.935325 0.389685 
1535161917637 0.231035 0.924115 -0.304359 -0.602343 -0.938512 0.294159 0.180734 -0.232798 0.256549 0.243889 0.935254 0.389719 
1535161917652 0.230978 0.924051 -0.304596 -0.60235 -0.938473 0.294203 0.180868 -0.232817 0.256745 0.244079 0.935151 0.389736 
1535161917672 0.230871 0.923947 -0.304994 -0.602354 -0.93841 0.294264 0.181095 -0.232835 0.257071 0.2444 0.934978 0.389727 
1535161917742 0.230826 0.923944 -0.305035 -0.602316 -0.938397 0.294253 0.181182 -0.232848 0.25716 0.244422 0.934947 0.389714 
1535161917760 0.230893 0.924033 -0.304716 -0.602315 -0.938459 0.294179 0.180979 -0.232819 0.256872 0.244176 0.935091 0.389697 
1535161918331 0.231723 0.924139 -0.303764 -0.602437 -0.938619 0.294432 0.179732 -0.232714 0.255535 0.24347 0.935641 0.389541 
1535161918344 0.231508 0.924137 -0.303933 -0.602428 -0.938628 0.294303 0.179897 -0.232706 0.255698 0.243632 0.935554 0.389553 
1535161918362 0.231308 0.924112 -0.304161 -0.602426 -0.938619 0.294214 0.180089 -0.232709 0.255911 0.243835 0.935443 0.389578 
1535161918378 0.231134 0.924071 -0.304418 -0.60241 -0.938579 0.294178 0.180356 -0.232744 0.256215 0.244034 0.935308 0.389635 
1535161918398 0.231066 0.924033 -0.304585 -0.60238 -0.938518 0.29422 0.180604 -0.2328 0.256499 0.244127 0.935206 0.389709 
1535161918411 0.231053 0.924015 -0.304648 -0.60235 -0.938475 0.294265 0.180757 -0.232852 0.256669 0.244141 0.935156 0.389762 
1535161918435 0.231034 0.924016 -0.304661 -0.602292 -0.938409 0.294316 0.181015 -0.232926 0.256927 0.244076 0.935102 0.389803 
1535161918451 0.230981 0.924028 -0.304662 -0.602275 -0.938388 0.294299 0.181153 -0.232939 0.257052 0.244048 0.935075 0.389805 
1535161918891 0.230185 0.924068 -0.305144 -0.602337 -0.938196 0.294007 0.182614 -0.232951 0.258462 0.24425 0.934633 0.38969 
1535161918911 0.230186 0.924068 -0.305145 -0.602337 -0.938196 0.294008 0.182615 -0.232951 0.258464 0.24425 0.934633 0.389691 
1535161918929 0.230186 0.924068 -0.305145 -0.602337 -0.938195 0.294009 0.182617 -0.232951 0.258465 0.24425 0.934632 0.389691 
1535161919017 0.230471 0.92412 -0.304771 -0.602311 -0.938234 0.294102 0.182268 -0.23296 0.258072 0.243939 0.934822 0.389778 
1535161919031 0.230612 0.92416 -0.304543 -0.602289 -0.938267 0.294127 0.182057 -0.232976 0.257824 0.243758 0.934938 0.389794 
1535161919047 0.230769 0.924221 -0.30424 -0.602259 -0.938318 0.294131 0.181788 -0.232995 0.257499 0.243523 0.935089 0.389804 
1535161919067 0.230904 0.924275 -0.303972 -0.602236 -0.938371 0.294124 0.181523 -0.233015 0.257183 0.243324 0.935227 0.389798 
1535161919122 0.230954 0.924342 -0.30373 -0.6023 -0.938449 0.294039 0.181261 -0.233005 0.256855 0.243172 0.935357 0.389731 
1535161919189 0.230651 0.924633 -0.303076 -0.602338 -0.938457 0.293686 0.18179 -0.23294 0.257098 0.242493 0.935467 0.389699 
1535161919206 0.230632 0.924694 -0.302902 -0.602338 -0.938457 0.293638 0.181866 -0.232942 0.257114 0.242316 0.935508 0.389705 
1535161919299 0.230685 0.924739 -0.302726 -0.602324 -0.938479 0.293621 0.18178 -0.23301 0.256985 0.242168 0.935582 0.389694 
1535161919321 0.230638 0.924705 -0.302865 -0.602315 -0.938558 0.29354 0.181502 -0.232978 0.256739 0.242396 0.93559 0.389692 
1535161919332 0.230679 0.924647 -0.303011 -0.602321 -0.938563 0.293593 0.181389 -0.232959 0.256683 0.242553 0.935565 0.389688 
1535161919356 0.230846 0.924506 -0.303313 -0.602329 -0.938542 0.293791 0.181177 -0.232923 0.256609 0.242848 0.935509 0.389691 
1535161919371 0.230915 0.924457 -0.30341 -0.602327 -0.938543 0.293859 0.181064 -0.232907 0.256546 0.242953 0.935499 0.389701 
1535161919408 0.231185 0.924408 -0.303352 -0.602315 -0.938533 0.29405 0.180806 -0.232931 0.256339 0.242907 0.935568 0.389751 
1535161919446 0.231376 0.924416 -0.303182 -0.602299 -0.938603 0.294087 0.180381 -0.232968 0.255909 0.242832 0.935705 0.389713 
1535161920267 0.231955 0.92462 -0.302118 -0.60234 -0.938849 0.294058 0.179142 -0.232877 0.254478 0.242091 0.936287 0.389696 
1535161920284 0.231919 0.924604 -0.302193 -0.602332 -0.938814 0.294082 0.179289 -0.23288 0.254641 0.242123 0.936234 0.389703 
1535161920301 0.231883 0.924543 -0.302408 -0.602332 -0.938744 0.294163 0.179519 -0.2329 0.254931 0.242256 0.936121 0.389714 
1535161920317 0.231733 0.92447 -0.302747 -0.602349 -0.938699 0.294165 0.179751 -0.232926 0.255232 0.242535 0.935967 0.389723 
1535161920343 0.231471 0.924424 -0.303085 -0.602347 -0.938634 0.294106 0.180187 -0.232946 0.255709 0.242778 0.935774 0.389732 
1535161920360 0.231368 0.924441 -0.303112 -0.602326 -0.938613 0.294057 0.180376 -0.232955 0.255879 0.242772 0.935728 0.389736 
1535161920377 0.231312 0.924456 -0.303112 -0.602305 -0.938594 0.294036 0.180513 -0.232969 0.256002 0.242744 0.935702 0.389733 
1535161920394 0.231312 0.924454 -0.303118 -0.602294 -0.938575 0.294055 0.180579 -0.232976 0.256071 0.242729 0.935687 0.389717 
1535161920663 0.231252 0.924575 -0.302794 -0.602393 -0.938705 0.293826 0.180276 -0.232881 0.255647 0.242545 0.935851 0.389511 
1535161920684 0.23125 0.924575 -0.302795 -0.602393 -0.938706 0.293823 0.180274 -0.23288 0.255645 0.242548 0.935851 0.389509 
1535161920702 0.231247 0.924575 -0.302796 -0.602393 -0.938707 0.293821 0.180273 -0.23288 0.255644 0.242549 0.93585 0.389507 
1535161920717 0.231247 0.924575 -0.302797 -0.602393 -0.938707 0.29382 0.180272 -0.23288 0.255643 0.24255 0.93585 0.389506 
1535161920735 0.231246 0.924575 -0.302798 -0.602393 -0.938704 0.293823 0.180284 -0.232879 0.255655 0.242548 0.935848 0.389511 
1535161920750 0.23124 0.92457 -0.302817 -0.602395 -0.938693 0.293833 0.180327 -0.232876 0.255702 0.242553 0.935833 0.389526 
1535161920767 0.231231 0.924571 -0.302821 -0.60239 -0.938669 0.29385 0.180422 -0.232874 0.255797 0.24253 0.935814 0.389566 
1535161920784 0.231132 0.924555 -0.302944 -0.60239 -0.938643 0.293828 0.180595 -0.232863 0.255984 0.242615 0.93574 0.389613 
1535161920807 0.230875 0.924564 -0.303114 -0.602383 -0.938617 0.293702 0.180933 -0.232862 0.25631 0.242736 0.93562 0.38968 
1535161920990 0.230445 0.924492 -0.303661 -0.602337 -0.93824 0.293859 0.182629 -0.233054 0.258072 0.242821 0.935113 0.389627 
1535161921007 0.230466 0.924486 -0.303663 -0.602342 -0.938233 0.29388 0.182627 -0.233062 0.258076 0.242818 0.935113 0.389627 
1535161921083 0.230536 0.924496 -0.30358 -0.602345 -0.938252 0.293897 0.182506 -0.233048 0.257948 0.24276 0.935163 0.389645 
1535161921106 0.230643 0.924518 -0.303432 -0.602357 -0.938333 0.293867 0.182135 -0.233008 0.257556 0.242712 0.935284 0.389679 
1535161921120 0.230827 0.924522 -0.303279 -0.602365 -0.938389 0.293917 0.181769 -0.232975 0.257188 0.242636 0.935405 0.389689 
1535161921136 0.230982 0.924548 -0.30308 -0.602378 -0.938478 0.293903 0.181327 -0.232921 0.256722 0.242551 0.935555 0.389685 
1535161921153 0.23107 0.924567 -0.302957 -0.60239 -0.938547 0.293877 0.181012 -0.232879 0.256389 0.242513 0.935656 0.389672 
1535161921170 0.231142 0.924591 -0.302828 -0.602403 -0.938634 0.293821 0.180654 -0.23283 0.256009 0.242488 0.935767 0.389653 
1535161921186 0.231122 0.924639 -0.302697 -0.60241 -0.93871 0.293709 0.180439 -0.232783 0.255746 0.242441 0.935851 0.389628 
1535161921203 0.231109 0.924669 -0.302614 -0.602413 -0.938743 0.293652 0.180359 -0.232754 0.255636 0.242394 0.935893 0.38961 
1535161921249 0.231307 0.924718 -0.302313 -0.60242 -0.938773 0.293707 0.180116 -0.232694 0.255348 0.242141 0.936037 0.389574 
1535161921266 0.231447 0.924736 -0.302153 -0.602422 -0.938775 0.293773 0.179995 -0.232685 0.255212 0.241994 0.936112 0.389562 
1535161921290 0.231659 0.924754 -0.301934 -0.602433 -0.938777 0.293881 0.17981 -0.232691 0.255012 0.241794 0.936218 0.389544 
1535161921307 0.231786 0.924766 -0.301801 -0.602449 -0.938784 0.293938 0.179679 -0.232691 0.254872 0.241679 0.936286 0.389529 
1535161921324 0.231852 0.924781 -0.301702 -0.60246 -0.938795 0.293956 0.179592 -0.232688 0.25477 0.241598 0.936335 0.38952 
1535161921340 0.231881 0.924779 -0.301686 -0.602476 -0.9388 0.293968 0.179545 -0.232687 0.254726 0.241589 0.936349 0.389512 
1535161921358 0.231867 0.924774 -0.301713 -0.602477 -0.938805 0.293959 0.179535 -0.232684 0.254721 0.241622 0.936342 0.389511 
1535161921374 0.231835 0.92478 -0.301719 -0.60247 -0.938814 0.293929 0.179538 -0.232683 0.254717 0.241635 0.93634 0.38952 
1535161921390 0.231772 0.924768 -0.301805 -0.602474 -0.938817 0.293898 0.179572 -0.232669 0.254762 0.24172 0.936306 0.389532 
1535161921544 0.23175 0.925038 -0.300994 -0.602472 -0.939312 0.293255 0.178031 -0.232605 0.252953 0.241469 0.93686 0.389494 
1535161921560 0.231795 0.92503 -0.300982 -0.602489 -0.93934 0.293257 0.177877 -0.232575 0.252807 0.241494 0.936894 0.38947 
1535161921577 0.231817 0.925032 -0.300959 -0.602502 -0.939352 0.293258 0.177816 -0.232548 0.252744 0.241485 0.936913 0.389471 
1535161921659 0.231839 0.924955 -0.30118 -0.602514 -0.939197 0.293464 0.178293 -0.232543 0.253298 0.241532 0.936751 0.389517 
1535161921673 0.231851 0.924894 -0.301357 -0.60252 -0.939123 0.293577 0.178495 -0.232562 0.253561 0.241627 0.936655 0.389523 
1535161921693 0.231881 0.924773 -0.301706 -0.602523 -0.938955 0.293825 0.178968 -0.232602 0.254154 0.241789 0.936453 0.389542 
1535161921713 0.231902 0.924693 -0.301934 -0.602524 -0.938847 0.293987 0.17927 -0.232631 0.254535 0.241897 0.936321 0.389548 
1535161921863 0.231986 0.924411 -0.302731 -0.602415 -0.938743 0.2943 0.179299 -0.232709 0.25484 0.242592 0.936059 0.389542 
1535161921880 0.232045 0.924395 -0.302735 -0.602409 -0.938724 0.294362 0.179299 -0.232729 0.254856 0.242579 0.936057 0.389542 
1535161921900 0.232079 0.924387 -0.302733 -0.602409 -0.938711 0.294398 0.17931 -0.232731 0.254876 0.242564 0.936056 0.389542 
1535161921917 0.23208 0.924388 -0.302729 -0.602413 -0.938709 0.2944 0.179316 -0.23272 0.254881 0.242558 0.936056 0.389542 
1535161921934 0.232063 0.924394 -0.302726 -0.602418 -0.938713 0.294383 0.179322 -0.232712 0.254881 0.242559 0.936056 0.389542 
1535161921950 0.232034 0.924404 -0.302717 -0.602426 -0.938719 0.294355 0.179337 -0.232701 0.254886 0.242554 0.936056 0.389542 
1535161921967 0.232024 0.924428 -0.302651 -0.602447 -0.938691 0.294362 0.179472 -0.232684 0.254998 0.242453 0.936051 0.389544 
1535161922078 0.231917 0.924402 -0.302814 -0.602477 -0.938538 0.294463 0.180107 -0.232622 0.255659 0.242432 0.935877 0.389662 
1535161922202 0.232128 0.923976 -0.303948 -0.60242 -0.938185 0.295169 0.180787 -0.232703 0.256759 0.243193 0.935378 0.389689 
1535161922294 0.232111 0.923993 -0.30391 -0.602419 -0.938215 0.29512 0.180709 -0.232719 0.256664 0.243188 0.935405 0.389695 
1535161922307 0.232076 0.92402 -0.303854 -0.602428 -0.938251 0.295051 0.180639 -0.232701 0.256566 0.243169 0.935437 0.389689 
1535161922325 0.232058 0.924055 -0.303761 -0.602445 -0.93829 0.294983 0.180545 -0.232682 0.256438 0.243119 0.935485 0.389673 
1535161922341 0.232089 0.924131 -0.303508 -0.602443 -0.938337 0.29491 0.180418 -0.232681 0.256237 0.24292 0.935592 0.389665 
1535161922361 0.232074 0.924276 -0.303077 -0.602436 -0.938438 0.29472 0.180205 -0.232691 0.255882 0.242598 0.935773 0.389687 
1535161922377 0.232093 0.924347 -0.302846 -0.60244 -0.938484 0.294645 0.180087 -0.232697 0.255695 0.242419 0.93587 0.389719 
1535161922395 0.232105 0.92438 -0.302735 -0.602449 -0.938495 0.294622 0.180071 -0.232694 0.255646 0.24232 0.935909 0.389741 
1535161922411 0.232116 0.924419 -0.302607 -0.602462 -0.938501 0.294599 0.180076 -0.232684 0.255614 0.242199 0.935949 0.38976 
1535161922537 0.23194 0.924562 -0.302306 -0.602509 -0.938589 0.294332 0.180056 -0.232496 0.255451 0.241979 0.936051 0.389721 
1535161922554 0.231947 0.924561 -0.302304 -0.602508 -0.93859 0.294335 0.180044 -0.232496 0.255441 0.241979 0.936054 0.389715 
1535161922571 0.231959 0.924558 -0.302304 -0.602505 -0.938589 0.294345 0.180032 -0.232502 0.255432 0.241979 0.936056 0.389711 
1535161922591 0.231977 0.924553 -0.302306 -0.602502 -0.938588 0.294359 0.180014 -0.232512 0.255419 0.241982 0.936059 0.389705 
1535161922605 0.231983 0.92455 -0.302308 -0.6025 -0.938588 0.294364 0.180007 -0.232517 0.255414 0.241984 0.936059 0.389703 
1535161922621 0.231994 0.924545 -0.302315 -0.602498 -0.93859 0.294371 0.179987 -0.232524 0.255399 0.241994 0.936061 0.389701 
1535161922638 0.232025 0.924535 -0.302324 -0.602489 -0.938585 0.2944 0.179964 -0.232546 0.255388 0.242 0.936062 0.389699 
1535161922654 0.232071 0.924516 -0.302345 -0.602481 -0.93859 0.294432 0.179885 -0.232577 0.255327 0.242032 0.936071 0.389696 
1535161922674 0.232163 0.924479 -0.302388 -0.602472 -0.93862 0.294477 0.179653 -0.232639 0.255132 0.242119 0.936102 0.389694 
1535161922894 0.232484 0.924681 -0.301523 -0.602484 -0.938977 0.294199 0.17824 -0.232523 0.253523 0.241686 0.936651 0.389685 
1535161922911 0.232476 0.924685 -0.301516 -0.602485 -0.93898 0.29419 0.178241 -0.232518 0.25352 0.241681 0.936653 0.389688 
1535161923005 0.232497 0.924647 -0.301617 -0.602463 -0.938895 0.294304 0.178496 -0.232575 0.253813 0.241687 0.936572 0.389711 
1535161923031 0.232394 0.92458 -0.301902 -0.602469 -0.938797 0.29438 0.178889 -0.232595 0.254271 0.241851 0.936405 0.389709 
1535161923044 0.232312 0.924514 -0.302167 -0.602483 -0.938736 0.294431 0.179126 -0.232609 0.254571 0.242042 0.936274 0.389708 
1535161923065 0.232231 0.924426 -0.302498 -0.602496 -0.938644 0.294524 0.17945 -0.232632 0.254981 0.242264 0.936105 0.389716 
1535161923082 0.232212 0.924405 -0.302577 -0.602481 -0.938597 0.294571 0.179621 -0.232653 0.255173 0.242288 0.936047 0.389734 
1535161923098 0.2322 0.924396 -0.302613 -0.602455 -0.938561 0.294604 0.179756 -0.23267 0.255317 0.242281 0.936009 0.389755 
1535161923121 0.232199 0.92437 -0.302695 -0.602425 -0.938522 0.294656 0.179876 -0.232693 0.255462 0.242319 0.93596 0.389779 
1535161923225 0.232258 0.924034 -0.303674 -0.602387 -0.938387 0.295016 0.179986 -0.232681 0.255902 0.243161 0.935621 0.389763 
1535161923241 0.232254 0.924013 -0.303741 -0.60238 -0.938377 0.295036 0.180006 -0.232668 0.255943 0.243217 0.935596 0.389759 
1535161923258 0.23223 0.924013 -0.303758 -0.60237 -0.938378 0.295021 0.180024 -0.232658 0.25596 0.243233 0.935587 0.389757 
1535161923274 0.232185 0.924021 -0.303769 -0.60236 -0.938383 0.294987 0.180055 -0.232645 0.255982 0.243246 0.935577 0.389755 
1535161923294 0.232166 0.924023 -0.303776 -0.602358 -0.938381 0.294976 0.180085 -0.232647 0.256009 0.243248 0.935569 0.389752 
1535161923311 0.232185 0.924025 -0.303756 -0.602363 -0.938371 0.294995 0.180105 -0.232664 0.256029 0.243218 0.935572 0.389758 
1535161923336 0.232298 0.924029 -0.303657 -0.602374 -0.938316 0.29511 0.180206 -0.232708 0.256128 0.243065 0.935584 0.389771 
1535161923353 0.232328 0.924081 -0.303477 -0.602371 -0.938289 0.295121 0.180327 -0.232749 0.256199 0.242854 0.935619 0.389776 
1535161923543 0.232184 0.924001 -0.303829 -0.602411 -0.93783 0.295521 0.182051 -0.232698 0.258003 0.24267 0.935171 0.389811 
1535161923560 0.232194 0.924002 -0.303819 -0.602409 -0.937827 0.295529 0.182052 -0.232701 0.258004 0.242658 0.935174 0.389817 
1535161923577 0.232199 0.923998 -0.303829 -0.602407 -0.937829 0.295532 0.182036 -0.232706 0.257992 0.242671 0.935174 0.389806 
1535161923593 0.232202 0.923994 -0.303839 -0.602405 -0.937832 0.295533 0.182019 -0.23271 0.257979 0.242685 0.935174 0.389794 
1535161923617 0.232205 0.923994 -0.303837 -0.602403 -0.937836 0.295532 0.182002 -0.232712 0.257962 0.242687 0.935178 0.389792 
1535161923633 0.232211 0.923995 -0.303827 -0.6024 -0.937862 0.29551 0.181906 -0.232717 0.257864 0.242707 0.9352 0.389782 
1535161923650 0.232214 0.924001 -0.303808 -0.602398 -0.937911 0.295462 0.181727 -0.232723 0.25768 0.242745 0.935241 0.389773 
1535161923671 0.232222 0.923996 -0.303818 -0.602398 -0.937973 0.295411 0.181492 -0.232735 0.257449 0.242826 0.935284 0.389772 
1535161923687 0.232215 0.924003 -0.303799 -0.602388 -0.938089 0.295292 0.181083 -0.232748 0.257031 0.242941 0.935369 0.389787 
1535161923840 0.231895 0.923925 -0.30428 -0.60232 -0.938188 0.295065 0.180941 -0.232696 0.256959 0.243512 0.93524 0.389867 
1535161923857 0.231911 0.92392 -0.304284 -0.602308 -0.938176 0.295088 0.180964 -0.232709 0.256987 0.243504 0.935234 0.389882 
1535161923874 0.231929 0.923919 -0.304275 -0.602297 -0.93817 0.295105 0.180971 -0.232721 0.256995 0.243489 0.935236 0.389891 
1535161923890 0.231945 0.92392 -0.304257 -0.602286 -0.938166 0.295117 0.18097 -0.232732 0.256994 0.243469 0.935242 0.389897 
1535161923908 0.231966 0.92392 -0.304242 -0.602291 -0.938159 0.295136 0.180977 -0.232737 0.257001 0.243447 0.935246 0.389904 
1535161923924 0.231989 0.923923 -0.304215 -0.602302 -0.938154 0.295151 0.180977 -0.232739 0.256998 0.243416 0.935254 0.389907 
1535161923940 0.232036 0.92396 -0.304069 -0.602307 -0.938161 0.29515 0.180942 -0.23274 0.256929 0.24328 0.935309 0.389915 
1535161923957 0.232104 0.924004 -0.303883 -0.602317 -0.938171 0.295153 0.180889 -0.232743 0.256834 0.243109 0.935379 0.389915 
1535161923974 0.232171 0.924027 -0.303762 -0.602332 -0.938179 0.295169 0.180817 -0.23274 0.256741 0.243003 0.935432 0.389902 
1535161923991 0.232349 0.924002 -0.303702 -0.602347 -0.938153 0.295309 0.180727 -0.23273 0.256678 0.242927 0.935469 0.389867 
1535161924137 0.232705 0.923979 -0.303497 -0.602367 -0.938502 0.295191 0.1791 -0.232539 0.255074 0.243155 0.935849 0.389761 
1535161924157 0.232684 0.923987 -0.30349 -0.602363 -0.938507 0.29517 0.179105 -0.232526 0.255072 0.243153 0.93585 0.389762 
1535161924235 0.232696 0.923981 -0.303499 -0.602367 -0.938437 0.295247 0.179347 -0.232537 0.25532 0.243082 0.935801 0.389769 
1535161924254 0.232706 0.923986 -0.303478 -0.602365 -0.93835 0.295332 0.17966 -0.232544 0.25563 0.242961 0.935748 0.389784 
1535161924272 0.232575 0.924033 -0.303434 -0.602359 -0.9383 0.295278 0.180012 -0.23256 0.255935 0.242846 0.935694 0.389811 
1535161924289 0.232372 0.924095 -0.3034 -0.602353 -0.938281 0.295145 0.180329 -0.232581 0.256188 0.242771 0.935644 0.389837 
1535161924566 0.23226 0.924198 -0.303171 -0.602342 -0.938 0.295286 0.181555 -0.232715 0.257315 0.242207 0.935481 0.389816 
1535161924582 0.232266 0.924197 -0.303172 -0.602343 -0.937998 0.295291 0.181555 -0.232718 0.257317 0.242205 0.935481 0.389816 
1535161924599 0.232272 0.924195 -0.303172 -0.602344 -0.937996 0.295297 0.181555 -0.232721 0.257318 0.242204 0.935481 0.389817 
1535161924616 0.232274 0.924195 -0.303172 -0.602344 -0.937996 0.2953 0.181555 -0.232722 0.257319 0.242203 0.935481 0.389817 
1535161924636 0.232273 0.924194 -0.303175 -0.602344 -0.937997 0.295298 0.181552 -0.232722 0.257317 0.242207 0.93548 0.389816 
1535161924653 0.232265 0.924195 -0.303178 -0.602345 -0.93801 0.295281 0.18151 -0.232718 0.257274 0.242226 0.935488 0.389824 
1535161924670 0.232247 0.924206 -0.303157 -0.602338 -0.938062 0.295216 0.18135 -0.232703 0.257102 0.242262 0.935526 0.389835 
1535161924687 0.232216 0.924191 -0.303226 -0.602341 -0.938116 0.295156 0.181169 -0.232692 0.256934 0.242391 0.935538 0.389839 
1535161924703 0.23225 0.924131 -0.303383 -0.602353 -0.938139 0.295189 0.180994 -0.232678 0.256817 0.24258 0.935521 0.389837 
1535161924719 0.232359 0.924069 -0.303488 -0.60236 -0.93813 0.295295 0.180865 -0.232668 0.256751 0.242686 0.935512 0.389837 
1535161924790 0.232359 0.924057 -0.303526 -0.60235 -0.938051 0.295378 0.181142 -0.232596 0.25704 0.242633 0.935446 0.38982 
1535161924806 0.232334 0.924072 -0.303499 -0.602346 -0.938001 0.295401 0.181361 -0.232581 0.257245 0.242546 0.935412 0.389805 
1535161924949 0.232883 0.923864 -0.303713 -0.602377 -0.937809 0.296017 0.181352 -0.232668 0.257449 0.24259 0.935345 0.3898 
1535161925002 0.233573 0.923579 -0.304048 -0.602415 -0.937608 0.296763 0.18117 -0.232683 0.257555 0.242761 0.935271 0.389804 
1535161925138 0.23488 0.923113 -0.304455 -0.602446 -0.93713 0.298224 0.181246 -0.232645 0.258106 0.242743 0.935124 0.389824 
1535161925299 0.23614 0.92259 -0.305067 -0.602462 -0.936592 0.299745 0.181517 -0.232637 0.258908 0.24286 0.934872 0.389859 
1535161925455 0.237527 0.921991 -0.3058 -0.602486 -0.935982 0.301445 0.181845 -0.232698 0.259841 0.243031 0.934569 0.389838 
1535161925689 0.238358 0.921671 -0.306117 -0.602503 -0.935625 0.302431 0.182046 -0.232682 0.260366 0.243019 0.934426 0.389844 
1535161925715 0.238258 0.921712 -0.306072 -0.602497 -0.935667 0.302312 0.182031 -0.232685 0.260309 0.243011 0.934444 0.389846 
1535161925850 0.238139 0.921981 -0.305353 -0.602477 -0.93593 0.30184 0.18146 -0.232707 0.25947 0.242576 0.93479 0.389768 
1535161925893 0.238811 0.921933 -0.304974 -0.602534 -0.935836 0.30233 0.181127 -0.232641 0.25919 0.242151 0.934978 0.38974 
1535161925955 0.239149 0.921924 -0.304735 -0.602594 -0.935824 0.302533 0.18085 -0.232579 0.258923 0.241928 0.93511 0.389697 
1535161926025 0.239962 0.92182 -0.304412 -0.602628 -0.935689 0.303172 0.180481 -0.232578 0.25866 0.241526 0.935286 0.389617 
1535161952856 0.241043 0.921816 -0.303567 -0.602695 -0.935569 0.303884 0.179905 -0.23253 0.258088 0.240643 0.935672 0.389532 
1535161953474 0.237896 0.92232 -0.304518 -0.609021 -0.936973 0.300522 0.178235 -0.235096 0.255904 0.242924 0.935682 0.387607 
1535161954083 0.234665 0.923201 -0.304356 -0.615781 -0.938714 0.29654 0.175724 -0.23727 0.252482 0.244467 0.93621 0.385305 
1535161954707 0.231636 0.923976 -0.304323 -0.622519 -0.940303 0.292845 0.173413 -0.239575 0.249349 0.245987 0.936651 0.383086 
1535161955167 0.230239 0.924289 -0.304435 -0.625838 -0.941059 0.291132 0.172192 -0.240825 0.247786 0.246846 0.93684 0.381911 
1535161955807 0.227074 0.925093 -0.304369 -0.6326 -0.942654 0.287287 0.169911 -0.243032 0.244624 0.248332 0.937278 0.379681 
1535161956461 0.226247 0.925343 -0.304224 -0.632852 -0.942978 0.28635 0.169696 -0.242913 0.244141 0.248484 0.937364 0.379415 
1535161956649 0.22622 0.924804 -0.305879 -0.63273 -0.942335 0.287288 0.17167 -0.243276 0.246637 0.249405 0.936465 0.37968 
1535161956873 0.224206 0.923978 -0.309832 -0.633155 -0.941451 0.287499 0.176107 -0.243872 0.251796 0.252208 0.93434 0.379615 
1535161957062 0.222964 0.923391 -0.312467 -0.63341 -0.940814 0.287762 0.179058 -0.244371 0.255257 0.25405 0.9329 0.379615 
1535161957255 0.221473 0.922854 -0.315103 -0.633681 -0.940204 0.287826 0.182134 -0.244785 0.258778 0.255923 0.931417 0.379656 
1535161957517 0.221119 0.922631 -0.316003 -0.633759 -0.939833 0.288118 0.183582 -0.245099 0.260424 0.256396 0.930828 0.379719 
1535161957534 0.221115 0.922631 -0.316006 -0.633759 -0.939834 0.288115 0.183581 -0.245099 0.260424 0.2564 0.930827 0.379717 
1535161957552 0.221116 0.922631 -0.316007 -0.633759 -0.939833 0.288117 0.183581 -0.245099 0.260425 0.256401 0.930826 0.379717 
