1533308447713 0.132562 0.935381 -0.327857 -0.599884 -0.958708 0.204969 0.197146 -0.222874 0.251607 0.288185 0.923928 0.381668 
1533308453445 0.132563 0.935381 -0.327855 -0.599884 -0.958709 0.204968 0.197143 -0.222874 0.251604 0.288184 0.923929 0.381669 
1533308453727 0.13215 0.935229 -0.328455 -0.599875 -0.95851 0.205002 0.198071 -0.222866 0.252575 0.288652 0.923518 0.381853 
1533308453914 0.132017 0.935103 -0.328869 -0.599866 -0.958271 0.20526 0.198958 -0.222819 0.25355 0.28888 0.92318 0.381968 
1533308454094 0.131624 0.934906 -0.329584 -0.599892 -0.958104 0.2053 0.199724 -0.222864 0.254387 0.289487 0.922759 0.382101 
1533308454280 0.131521 0.934754 -0.330058 -0.599879 -0.957863 0.205594 0.200575 -0.222865 0.255346 0.28977 0.922405 0.38229 
1533308454454 0.131367 0.934611 -0.330523 -0.599819 -0.957636 0.205832 0.201411 -0.22296 0.256272 0.290062 0.922057 0.382437 
1533308454659 0.130895 0.934472 -0.331102 -0.599856 -0.957415 0.20584 0.202449 -0.222872 0.257337 0.290503 0.921621 0.382629 
1533308454853 0.130912 0.934264 -0.331681 -0.599819 -0.957193 0.20623 0.203102 -0.223017 0.258153 0.290894 0.921269 0.382756 
1533308455057 0.130576 0.934134 -0.332181 -0.599851 -0.956967 0.206333 0.204063 -0.22294 0.259162 0.291241 0.920877 0.382926 
1533308455233 0.130279 0.934002 -0.332669 -0.599835 -0.956764 0.206436 0.204906 -0.222943 0.260057 0.291591 0.920514 0.383084 
1533308455250 0.130259 0.933992 -0.332705 -0.599834 -0.956745 0.20645 0.204983 -0.222942 0.26014 0.291613 0.920483 0.383099 
1533308455267 0.130243 0.933998 -0.332691 -0.599827 -0.956731 0.206451 0.205046 -0.222938 0.260198 0.29159 0.920474 0.383116 
1533308455283 0.130228 0.934006 -0.332677 -0.599822 -0.956716 0.206453 0.205113 -0.222935 0.260259 0.291566 0.920464 0.383135 
1533308455477 0.130118 0.933972 -0.332814 -0.599805 -0.956706 0.206409 0.205206 -0.222931 0.260352 0.291704 0.920394 0.383082 
1533308455631 0.130091 0.933942 -0.332909 -0.599802 -0.95669 0.206427 0.205263 -0.22294 0.260425 0.291788 0.920347 0.383092 
1533308455763 0.130103 0.933928 -0.332943 -0.599791 -0.956666 0.20647 0.20533 -0.222961 0.260506 0.291801 0.92032 0.383121 
1533308455851 0.130126 0.933918 -0.332962 -0.599783 -0.956643 0.206517 0.205389 -0.222982 0.260579 0.291799 0.9203 0.383152 
1533308455926 0.130138 0.933893 -0.333029 -0.599779 -0.956616 0.206572 0.205461 -0.223002 0.260673 0.291843 0.920259 0.383179 
1533308455986 0.130117 0.933879 -0.333075 -0.599782 -0.956596 0.206588 0.205539 -0.222999 0.260758 0.291874 0.920226 0.383206 
1533308456040 0.130097 0.933864 -0.333127 -0.599785 -0.956575 0.206607 0.205614 -0.222999 0.260842 0.291911 0.92019 0.383231 
1533308456066 0.130084 0.933852 -0.333164 -0.599787 -0.956563 0.206619 0.205658 -0.222999 0.260892 0.29194 0.920166 0.383244 
1533308456284 0.130065 0.933832 -0.333228 -0.599749 -0.956579 0.2066 0.205602 -0.222994 0.260842 0.292018 0.920156 0.383236 
1533308456462 0.130288 0.933758 -0.333349 -0.599757 -0.956614 0.206761 0.205279 -0.223014 0.260604 0.292141 0.920184 0.383227 
1533308456612 0.13028 0.933734 -0.333419 -0.599758 -0.956607 0.206778 0.205294 -0.222984 0.260634 0.292206 0.920155 0.383238 
1533308456753 0.13026 0.933677 -0.333586 -0.599764 -0.956662 0.206738 0.205079 -0.222967 0.260442 0.292416 0.920143 0.383209 
1533308456872 0.130277 0.933634 -0.333699 -0.599768 -0.956724 0.206706 0.204823 -0.222968 0.260207 0.292574 0.920159 0.383202 
1533308457024 0.130288 0.933592 -0.333813 -0.599768 -0.956759 0.206701 0.204665 -0.222938 0.260073 0.292713 0.920153 0.383208 
1533308457180 0.13051 0.933553 -0.333836 -0.599757 -0.956721 0.20692 0.204618 -0.222902 0.260099 0.292683 0.920155 0.38322 
1533308457295 0.130411 0.933526 -0.33395 -0.599761 -0.95676 0.206824 0.204535 -0.222878 0.260007 0.292836 0.920132 0.383224 
1533308457423 0.130352 0.933437 -0.334222 -0.59978 -0.95681 0.206782 0.204341 -0.222855 0.259851 0.293151 0.920076 0.383212 
1533308457440 0.130379 0.933424 -0.334248 -0.599781 -0.956809 0.20681 0.20432 -0.22285 0.259843 0.293173 0.920071 0.38321 
1533308457583 0.130347 0.933435 -0.334229 -0.599771 -0.956803 0.206787 0.204368 -0.222823 0.259878 0.293153 0.920068 0.383203 
1533308457696 0.130342 0.933453 -0.33418 -0.599767 -0.95676 0.206821 0.204535 -0.222809 0.260039 0.293071 0.920048 0.383198 
1533308457931 0.130433 0.933413 -0.334256 -0.599793 -0.956713 0.206961 0.204614 -0.222856 0.260167 0.293099 0.920003 0.383152 
1533308458114 0.130343 0.933419 -0.334276 -0.599799 -0.956698 0.206913 0.204734 -0.222862 0.260268 0.293115 0.919969 0.383127 
1533308458193 0.130325 0.933421 -0.334275 -0.5998 -0.956682 0.206918 0.204806 -0.222859 0.260338 0.293104 0.919954 0.383118 
1533308458364 0.130308 0.933421 -0.334282 -0.599801 -0.956628 0.206966 0.205009 -0.222847 0.260545 0.293069 0.919906 0.38308 
1533308458481 0.130317 0.933423 -0.334273 -0.599801 -0.956613 0.206988 0.205054 -0.222852 0.260592 0.293048 0.919899 0.383066 
1533308458525 0.130317 0.933423 -0.334273 -0.599802 -0.956605 0.206996 0.205083 -0.222853 0.260623 0.293042 0.919893 0.383065 
1533308458545 0.130316 0.933422 -0.334276 -0.599802 -0.956602 0.207 0.205095 -0.222853 0.260636 0.293042 0.919889 0.383063 
1533308458561 0.130314 0.933421 -0.334279 -0.599803 -0.956598 0.207004 0.205109 -0.222853 0.26065 0.293042 0.919885 0.38306 
1533308458747 0.130404 0.933402 -0.334298 -0.599809 -0.956602 0.207073 0.20502 -0.222877 0.260591 0.293055 0.919897 0.383051 
1533308458876 0.13051 0.933405 -0.334248 -0.599806 -0.956631 0.207112 0.204848 -0.2229 0.260433 0.293017 0.919954 0.383067 
1533308459144 0.130877 0.933435 -0.33402 -0.599785 -0.956707 0.207261 0.204341 -0.222942 0.259969 0.292816 0.920149 0.383108 
1533308459249 0.130829 0.933446 -0.33401 -0.599789 -0.956724 0.207203 0.204321 -0.222918 0.25993 0.292824 0.920158 0.383094 
1533308459351 0.13078 0.933454 -0.334007 -0.599794 -0.956744 0.207141 0.204288 -0.222892 0.25988 0.292843 0.920166 0.383072 
1533308459567 0.13069 0.933479 -0.333972 -0.599781 -0.956789 0.207013 0.204208 -0.222845 0.25976 0.292852 0.920197 0.383031 
1533308459681 0.130782 0.933464 -0.333978 -0.599782 -0.95679 0.207084 0.20413 -0.222838 0.25971 0.29285 0.920212 0.383016 
1533308459702 0.130799 0.933461 -0.33398 -0.599783 -0.95679 0.207098 0.204116 -0.222838 0.259701 0.292851 0.920214 0.383014 
1533308459969 0.130858 0.933495 -0.333861 -0.599765 -0.956818 0.207086 0.203997 -0.222845 0.259568 0.292749 0.920284 0.382985 
1533308460136 0.130823 0.933538 -0.333754 -0.599758 -0.956805 0.207051 0.204095 -0.222834 0.259635 0.292637 0.920301 0.382961 
1533308460283 0.130863 0.933553 -0.333698 -0.599773 -0.956793 0.207082 0.204117 -0.222834 0.259657 0.292568 0.920316 0.382931 
1533308460402 0.130834 0.933621 -0.333517 -0.599771 -0.956819 0.206991 0.204088 -0.222809 0.259576 0.292414 0.920388 0.382916 
1533308460621 0.130763 0.93371 -0.333296 -0.599782 -0.956879 0.20682 0.20398 -0.222782 0.25939 0.292251 0.920492 0.382892 
1533308460951 0.130769 0.93369 -0.333351 -0.599807 -0.95687 0.206847 0.203995 -0.22279 0.259421 0.292297 0.920469 0.382883 
1533308461079 0.13081 0.933749 -0.333168 -0.599792 -0.956865 0.206845 0.204023 -0.22279 0.25942 0.292108 0.920529 0.382887 
1533308461206 0.130895 0.933798 -0.332999 -0.59979 -0.956863 0.206876 0.204 -0.222815 0.259384 0.291932 0.920595 0.382885 
1533308461339 0.131032 0.9338 -0.33294 -0.599811 -0.95684 0.206994 0.203985 -0.222872 0.259398 0.291842 0.92062 0.382871 
1533308461356 0.131044 0.933801 -0.332932 -0.599812 -0.956839 0.207003 0.203982 -0.222878 0.259397 0.291832 0.920624 0.38287 
1533308461372 0.131055 0.933801 -0.332928 -0.599814 -0.956838 0.207013 0.203979 -0.222884 0.259397 0.291825 0.920626 0.382869 
1533308461547 0.131032 0.933794 -0.332955 -0.599821 -0.956801 0.207042 0.204121 -0.222877 0.259543 0.291825 0.920584 0.382916 
1533308461664 0.131027 0.933764 -0.333041 -0.599824 -0.95676 0.207103 0.204251 -0.222886 0.259696 0.291878 0.920524 0.382931 
1533308461789 0.130922 0.933737 -0.33316 -0.599824 -0.95672 0.207093 0.204449 -0.222895 0.259897 0.291974 0.920437 0.382935 
1533308462002 0.130708 0.93373 -0.333262 -0.599807 -0.956685 0.206988 0.204717 -0.222865 0.260132 0.292069 0.920341 0.382965 
1533308462144 0.130694 0.933722 -0.333289 -0.599792 -0.956647 0.207026 0.204859 -0.222861 0.260281 0.292066 0.9203 0.382967 
1533308462290 0.130691 0.933681 -0.333408 -0.599782 -0.95658 0.207124 0.20507 -0.222871 0.260527 0.29213 0.92021 0.38295 
1533308462359 0.130702 0.933651 -0.333486 -0.599782 -0.956549 0.207186 0.205154 -0.222882 0.260636 0.292182 0.920162 0.382955 
1533308462377 0.130706 0.933643 -0.333506 -0.599782 -0.95654 0.207202 0.205177 -0.222885 0.260665 0.292194 0.92015 0.382956 
1533308462544 0.130739 0.933636 -0.333513 -0.599768 -0.956509 0.207265 0.205258 -0.222904 0.260762 0.292173 0.920129 0.382953 
1533308462726 0.130555 0.93373 -0.333321 -0.599753 -0.956565 0.207018 0.20525 -0.222919 0.260651 0.292047 0.920201 0.382959 
1533308462872 0.130582 0.933763 -0.33322 -0.599755 -0.956513 0.207074 0.205435 -0.222908 0.260828 0.291903 0.920196 0.382955 
1533308462991 0.130704 0.93378 -0.333123 -0.599763 -0.95647 0.207195 0.20551 -0.222942 0.260923 0.291762 0.920214 0.382948 
1533308463091 0.130719 0.933784 -0.333108 -0.599789 -0.956469 0.207205 0.205509 -0.222974 0.260923 0.291743 0.92022 0.382937 
1533308463159 0.130676 0.933791 -0.333104 -0.599799 -0.956477 0.207162 0.205514 -0.222988 0.260914 0.29175 0.920221 0.382931 
1533308463250 0.130646 0.933812 -0.333056 -0.599808 -0.956474 0.207131 0.205556 -0.223001 0.260937 0.291705 0.920228 0.382923 
1533308463416 0.130561 0.93388 -0.3329 -0.599814 -0.956457 0.20705 0.20572 -0.223006 0.261045 0.291545 0.920248 0.382912 
1533308463436 0.130558 0.933885 -0.332886 -0.599814 -0.956455 0.207046 0.20573 -0.223006 0.261051 0.291531 0.920251 0.382911 
1533308463703 0.130563 0.933859 -0.332957 -0.599823 -0.956537 0.206975 0.205423 -0.223028 0.260749 0.291665 0.920294 0.38292 
1533308463895 0.13052 0.933878 -0.33292 -0.599795 -0.956604 0.206858 0.205228 -0.22296 0.260525 0.291686 0.920351 0.382928 
1533308464029 0.130612 0.933849 -0.332966 -0.599792 -0.956654 0.206883 0.204969 -0.22295 0.260295 0.291762 0.920392 0.382934 
1533308464166 0.130631 0.933816 -0.333052 -0.599795 -0.956715 0.206848 0.204718 -0.222932 0.26006 0.291894 0.920417 0.382941 
1533308464340 0.130633 0.933812 -0.333062 -0.599785 -0.956826 0.206728 0.204323 -0.222903 0.259653 0.291991 0.920501 0.382961 
1533308464438 0.130609 0.933796 -0.333116 -0.599785 -0.956875 0.206666 0.204157 -0.222879 0.259485 0.292085 0.920518 0.382966 
1533308464556 0.130629 0.933754 -0.333226 -0.599791 -0.956945 0.206626 0.203865 -0.222853 0.259213 0.292248 0.920543 0.38298 
1533308464746 0.130693 0.93371 -0.333326 -0.599791 -0.957046 0.206584 0.203436 -0.222828 0.25881 0.29242 0.920602 0.382977 
1533308464873 0.130792 0.933708 -0.333292 -0.599791 -0.957083 0.206612 0.203234 -0.222844 0.258623 0.292407 0.920659 0.382983 
1533308464890 0.130811 0.933705 -0.333293 -0.599791 -0.957084 0.206625 0.203215 -0.222846 0.258609 0.292406 0.920663 0.382984 
1533308464910 0.130828 0.933702 -0.333294 -0.599791 -0.957086 0.206636 0.203194 -0.222847 0.258593 0.292407 0.920667 0.382985 
1533308465143 0.130769 0.933683 -0.33337 -0.599793 -0.9571 0.206592 0.203175 -0.222826 0.258572 0.292499 0.920644 0.382989 
1533308465270 0.13073 0.933685 -0.333381 -0.599792 -0.957106 0.206557 0.203179 -0.222817 0.258567 0.292519 0.920639 0.38299 
1533308465559 0.130628 0.93363 -0.333574 -0.599812 -0.957099 0.206528 0.203241 -0.222795 0.258644 0.292715 0.920555 0.382982 
1533308465723 0.130615 0.933636 -0.333561 -0.599802 -0.9571 0.206514 0.203254 -0.222795 0.25865 0.292703 0.920557 0.382991 
1533308465842 0.130593 0.933641 -0.333556 -0.599791 -0.957098 0.206498 0.203279 -0.222793 0.258668 0.292698 0.920553 0.382999 
1533308465987 0.130573 0.933641 -0.333565 -0.59978 -0.957098 0.206485 0.203293 -0.222797 0.258679 0.29271 0.920547 0.382998 
1533308466195 0.130489 0.933653 -0.333564 -0.59977 -0.95711 0.206406 0.203315 -0.222796 0.258676 0.292727 0.920542 0.383008 
1533308466212 0.130488 0.933653 -0.333564 -0.59977 -0.95711 0.206405 0.203316 -0.222796 0.258676 0.292727 0.920542 0.383008 
1533308466406 0.130452 0.933657 -0.333568 -0.599766 -0.957114 0.206373 0.203328 -0.222786 0.258678 0.292738 0.920538 0.383012 
1533308466543 0.130249 0.933636 -0.333705 -0.599771 -0.957099 0.206262 0.203512 -0.222791 0.258837 0.292882 0.920448 0.383063 
1533308466597 0.130251 0.933611 -0.333775 -0.59976 -0.957076 0.206306 0.203578 -0.222822 0.258923 0.292932 0.920408 0.383064 
1533308466734 0.130186 0.933565 -0.333928 -0.599722 -0.957034 0.206336 0.203742 -0.222909 0.259108 0.293056 0.920316 0.383116 
1533308466958 0.129914 0.933541 -0.3341 -0.599728 -0.957011 0.206189 0.204001 -0.222856 0.259331 0.293235 0.920196 0.3831 
1533308467174 0.129616 0.933434 -0.334515 -0.599764 -0.95698 0.206083 0.204251 -0.222801 0.259593 0.29365 0.91999 0.383014 
1533308467290 0.129622 0.933434 -0.334513 -0.599739 -0.956946 0.206126 0.204366 -0.222831 0.259714 0.293621 0.919965 0.383025 
1533308467420 0.129654 0.933414 -0.334557 -0.599711 -0.956883 0.206232 0.204558 -0.222896 0.259933 0.29361 0.919907 0.383094 
1533308467437 0.12964 0.933401 -0.334597 -0.599714 -0.956876 0.206238 0.204583 -0.222897 0.259964 0.293646 0.919886 0.383096 
1533308467586 0.129772 0.933486 -0.33431 -0.599684 -0.956757 0.206411 0.204964 -0.22291 0.260336 0.293255 0.919906 0.383126 
1533308467804 0.129907 0.933493 -0.334237 -0.599722 -0.956673 0.206594 0.205172 -0.222994 0.260578 0.293102 0.919886 0.383067 
1533308467965 0.129932 0.933588 -0.333962 -0.599708 -0.956667 0.20656 0.205233 -0.222988 0.260586 0.292824 0.919972 0.383049 
1533308468123 0.12989 0.933638 -0.333839 -0.599729 -0.956606 0.206569 0.20551 -0.222946 0.260832 0.292659 0.919955 0.382989 
1533308468299 0.129687 0.933718 -0.333693 -0.599754 -0.956537 0.206456 0.205942 -0.222895 0.261185 0.292482 0.919911 0.382924 
1533308468451 0.1298 0.933799 -0.333423 -0.599752 -0.956511 0.206514 0.206008 -0.222932 0.261227 0.292183 0.919994 0.3829 
1533308468642 0.129917 0.93392 -0.333039 -0.599768 -0.956342 0.206709 0.206597 -0.22295 0.261787 0.291658 0.920002 0.382848 
1533308468796 0.129819 0.933969 -0.332939 -0.599802 -0.956282 0.206677 0.206903 -0.222922 0.262051 0.291524 0.919969 0.382843 
1533308468813 0.129801 0.933976 -0.332928 -0.599805 -0.956277 0.206667 0.20694 -0.222915 0.262082 0.29151 0.919965 0.382841 
1533308468958 0.129833 0.933965 -0.332946 -0.599815 -0.956286 0.206685 0.206879 -0.222913 0.262032 0.291531 0.919972 0.38284 
1533308469081 0.129952 0.933949 -0.332945 -0.599821 -0.956319 0.206741 0.206671 -0.222928 0.261854 0.291544 0.920019 0.382847 
1533308469245 0.130097 0.933967 -0.332837 -0.599822 -0.956325 0.206822 0.20656 -0.222917 0.261758 0.291428 0.920083 0.382878 
1533308469542 0.130149 0.933978 -0.332784 -0.599834 -0.956375 0.206796 0.206356 -0.222883 0.261551 0.29141 0.920148 0.382839 
1533308469642 0.130239 0.933962 -0.332795 -0.599839 -0.956383 0.206859 0.206254 -0.222885 0.261475 0.291417 0.920167 0.382834 
1533308469690 0.130382 0.933937 -0.33281 -0.599842 -0.956375 0.206982 0.206167 -0.222891 0.261433 0.29141 0.920181 0.382833 
1533308469851 0.13055 0.933922 -0.332786 -0.599848 -0.956415 0.207063 0.205901 -0.222906 0.261204 0.291401 0.920249 0.382847 
1533308469947 0.130606 0.933927 -0.332751 -0.599847 -0.956431 0.207081 0.205807 -0.222909 0.261115 0.291373 0.920283 0.382849 
1533308470061 0.130717 0.933957 -0.332621 -0.599835 -0.956464 0.207101 0.205633 -0.222916 0.260939 0.29126 0.920369 0.382854 
1533308470075 0.130732 0.933959 -0.332611 -0.599834 -0.956468 0.207106 0.20561 -0.222917 0.260917 0.291252 0.920377 0.382853 
1533308470092 0.130745 0.93396 -0.332603 -0.599833 -0.956473 0.20711 0.205584 -0.222919 0.260893 0.291246 0.920386 0.382853 
1533308470109 0.130757 0.93396 -0.332598 -0.599833 -0.956478 0.207112 0.20556 -0.22292 0.26087 0.291244 0.920393 0.38285 
1533308470125 0.130762 0.93396 -0.332595 -0.599833 -0.956479 0.207114 0.205551 -0.222921 0.260862 0.291242 0.920396 0.382849 
1533308470142 0.130764 0.933961 -0.332591 -0.599833 -0.956481 0.207113 0.205544 -0.222921 0.260854 0.291239 0.920399 0.382849 
1533308470226 0.130776 0.933965 -0.332576 -0.599833 -0.956496 0.207101 0.205484 -0.222921 0.260792 0.291236 0.920418 0.382846 
1533308470362 0.130794 0.933951 -0.332609 -0.59984 -0.956536 0.207078 0.205323 -0.222933 0.260638 0.291298 0.920442 0.382842 
1533308470502 0.130821 0.933956 -0.332583 -0.599839 -0.956551 0.207077 0.205254 -0.222939 0.260569 0.291281 0.920467 0.382857 
1533308470578 0.130834 0.933961 -0.332565 -0.599838 -0.956558 0.207076 0.205222 -0.222943 0.260536 0.291268 0.92048 0.382866 
1533308470592 0.130836 0.933961 -0.332564 -0.599838 -0.956559 0.207076 0.205218 -0.222943 0.260531 0.291267 0.920482 0.382867 
1533308470615 0.130839 0.933961 -0.332561 -0.599838 -0.956561 0.207075 0.205209 -0.222944 0.260522 0.291266 0.920485 0.382868 
1533308470632 0.13084 0.933962 -0.33256 -0.599838 -0.956562 0.207075 0.205206 -0.222944 0.260519 0.291265 0.920486 0.382868 
1533308470648 0.130844 0.933962 -0.332558 -0.599838 -0.956564 0.207075 0.205195 -0.222945 0.260509 0.291264 0.920489 0.38287 
1533308470740 0.130849 0.93396 -0.332562 -0.59984 -0.956576 0.207067 0.20515 -0.222948 0.260465 0.291277 0.920498 0.382865 
1533308470785 0.13085 0.933956 -0.332572 -0.599841 -0.956589 0.207055 0.205101 -0.222952 0.260416 0.291297 0.920505 0.38286 
1533308470808 0.130849 0.933953 -0.332583 -0.599842 -0.9566 0.207044 0.205059 -0.222956 0.260374 0.291317 0.920511 0.382858 
1533308470862 0.130848 0.933948 -0.332596 -0.599844 -0.95662 0.207023 0.204986 -0.222961 0.260301 0.291346 0.920522 0.38285 
1533308471065 0.130842 0.933947 -0.3326 -0.599844 -0.956658 0.206978 0.204858 -0.22296 0.260167 0.29138 0.920549 0.382826 
1533308471205 0.130827 0.933957 -0.332578 -0.599839 -0.956678 0.206939 0.204802 -0.222954 0.2601 0.291377 0.920569 0.382819 
1533308471222 0.130826 0.933957 -0.332578 -0.599839 -0.95668 0.206936 0.204796 -0.222954 0.260094 0.291378 0.920571 0.382818 
1533308471497 0.130811 0.93396 -0.332576 -0.599839 -0.95668 0.206924 0.204807 -0.222953 0.2601 0.291378 0.920569 0.382814 
1533308471637 0.130671 0.934003 -0.332509 -0.599834 -0.956645 0.206839 0.205055 -0.222932 0.260298 0.291299 0.920538 0.382853 
1533308471826 0.130587 0.934018 -0.332502 -0.599834 -0.956603 0.206819 0.20527 -0.222911 0.260494 0.291267 0.920493 0.382861 
1533308472017 0.130354 0.934021 -0.332584 -0.599834 -0.956611 0.206647 0.205408 -0.222913 0.260583 0.291378 0.920432 0.382833 
1533308472198 0.130372 0.934051 -0.332492 -0.599818 -0.95649 0.206777 0.205839 -0.222905 0.261016 0.29119 0.920369 0.382895 
1533308472335 0.130364 0.93404 -0.332528 -0.599827 -0.956463 0.206809 0.205935 -0.222925 0.261121 0.291204 0.920335 0.382925 
1533308472530 0.130318 0.934035 -0.332559 -0.599815 -0.956438 0.206806 0.20605 -0.222988 0.261234 0.29122 0.920298 0.38296 
1533308472728 0.13034 0.934028 -0.332571 -0.599805 -0.956365 0.206909 0.20629 -0.223005 0.261493 0.291171 0.92024 0.382943 
1533308472841 0.13016 0.934033 -0.332627 -0.599804 -0.956376 0.206768 0.206376 -0.223016 0.261539 0.291255 0.9202 0.382921 
1533308472861 0.130103 0.93403 -0.332658 -0.599806 -0.95638 0.206727 0.206403 -0.223016 0.261556 0.291293 0.920183 0.38291 
1533308472947 0.130081 0.934014 -0.332711 -0.599804 -0.956365 0.206738 0.206461 -0.223022 0.261621 0.291337 0.920151 0.38289 
1533308472961 0.1301 0.934011 -0.332713 -0.599804 -0.956359 0.20676 0.206464 -0.223023 0.261631 0.291333 0.920149 0.382889 
1533308472977 0.130113 0.934008 -0.332716 -0.599802 -0.956355 0.206775 0.206468 -0.223026 0.26164 0.29133 0.920147 0.382889 
1533308473061 0.13014 0.933981 -0.33278 -0.599801 -0.956336 0.206831 0.206499 -0.223041 0.261695 0.291376 0.920117 0.382886 
1533308473221 0.130221 0.93393 -0.332891 -0.599794 -0.956276 0.206985 0.206623 -0.223087 0.261875 0.291429 0.920049 0.382921 
1533308473387 0.130287 0.933901 -0.332948 -0.599793 -0.956229 0.207102 0.206725 -0.223092 0.262015 0.291441 0.920005 0.382944 
1533308473495 0.130279 0.93389 -0.332982 -0.599796 -0.956218 0.207116 0.206763 -0.223084 0.262059 0.291467 0.919985 0.382944 
1533308473514 0.130274 0.93389 -0.332984 -0.599795 -0.956217 0.207113 0.206768 -0.223081 0.262064 0.291469 0.919983 0.382945 
1533308473681 0.130251 0.933881 -0.333018 -0.59979 -0.956237 0.20708 0.206707 -0.223082 0.262002 0.291521 0.919984 0.382948 
1533308473909 0.130361 0.933783 -0.33325 -0.599804 -0.956287 0.207162 0.206397 -0.223095 0.261766 0.291776 0.91997 0.382974 
1533308474030 0.13035 0.933782 -0.333257 -0.599797 -0.956318 0.20712 0.206294 -0.223087 0.261658 0.29181 0.91999 0.382971 
1533308474216 0.13033 0.933755 -0.33334 -0.599796 -0.956376 0.207058 0.206088 -0.223079 0.261456 0.291939 0.920007 0.382984 
1533308474406 0.130121 0.933718 -0.333524 -0.599778 -0.956506 0.206791 0.205751 -0.222994 0.261083 0.292246 0.920015 0.383007 
1533308474549 0.130181 0.933695 -0.333566 -0.59978 -0.956546 0.206802 0.205554 -0.223005 0.260907 0.292312 0.920044 0.383031 
1533308474694 0.130241 0.933685 -0.333571 -0.59978 -0.956614 0.206774 0.205267 -0.223036 0.260628 0.292365 0.920106 0.383037 
1533308474856 0.13012 0.933677 -0.333642 -0.599761 -0.956736 0.206558 0.204915 -0.222998 0.26024 0.292544 0.920159 0.383012 
1533308474873 0.130101 0.933678 -0.333646 -0.599759 -0.956746 0.206534 0.204894 -0.222992 0.260214 0.292558 0.920162 0.383012 
1533308475014 0.130037 0.933669 -0.333694 -0.599744 -0.956797 0.206437 0.204753 -0.222968 0.260059 0.292652 0.920176 0.382995 
1533308475159 0.130197 0.933565 -0.333925 -0.599752 -0.956776 0.206635 0.204651 -0.222945 0.260056 0.292846 0.920115 0.382975 
1533308475296 0.13025 0.933483 -0.334133 -0.599761 -0.95679 0.206706 0.204513 -0.222929 0.259977 0.293057 0.92007 0.382971 
1533308475426 0.130398 0.933455 -0.334153 -0.599759 -0.95679 0.206825 0.204392 -0.222946 0.259902 0.293062 0.92009 0.382991 
1533308475530 0.130513 0.933436 -0.334161 -0.599758 -0.956778 0.206929 0.204344 -0.222953 0.25989 0.293048 0.920098 0.383009 
1533308475670 0.130683 0.933405 -0.334181 -0.599753 -0.956777 0.207066 0.204208 -0.222956 0.259806 0.29305 0.920121 0.383048 
1533308475798 0.130795 0.933367 -0.334244 -0.599753 -0.956786 0.207157 0.204073 -0.222955 0.259716 0.293108 0.920128 0.383077 
1533308475899 0.130876 0.93334 -0.334287 -0.599752 -0.956784 0.207231 0.204008 -0.222946 0.259683 0.293141 0.920127 0.383105 
1533308475916 0.130896 0.933336 -0.334291 -0.599751 -0.956781 0.207252 0.204004 -0.222943 0.259687 0.29314 0.920126 0.383109 
1533308476161 0.131107 0.933393 -0.334048 -0.599721 -0.956847 0.207287 0.203658 -0.222962 0.259337 0.292931 0.920291 0.383144 
1533308476315 0.131069 0.933411 -0.334014 -0.59973 -0.956877 0.207217 0.203589 -0.222939 0.259245 0.292926 0.920319 0.38311 
1533308476564 0.130834 0.933485 -0.333899 -0.599793 -0.956966 0.206909 0.203483 -0.222782 0.259035 0.292908 0.920384 0.38304 
1533308476681 0.13095 0.933472 -0.333891 -0.599779 -0.956971 0.20699 0.203373 -0.222815 0.258955 0.292892 0.920411 0.38301 
1533308476919 0.131432 0.93343 -0.333818 -0.599795 -0.956917 0.20741 0.203203 -0.222894 0.258913 0.292729 0.920475 0.382995 
1533308477037 0.131438 0.933456 -0.333742 -0.599804 -0.956934 0.207378 0.203153 -0.222884 0.258846 0.292667 0.920514 0.382993 
1533308477054 0.131438 0.933468 -0.33371 -0.599802 -0.956939 0.207366 0.203143 -0.222881 0.258827 0.292639 0.920527 0.382994 
1533308477071 0.131439 0.933478 -0.333681 -0.599801 -0.956943 0.207355 0.203133 -0.222878 0.258811 0.292614 0.92054 0.382995 
1533308477087 0.13144 0.933484 -0.333663 -0.599802 -0.956947 0.207348 0.203125 -0.222876 0.258799 0.292599 0.920548 0.382996 
1533308477104 0.131446 0.933485 -0.333657 -0.599803 -0.956947 0.207351 0.20312 -0.222878 0.258794 0.292593 0.920551 0.382995 
1533308477332 0.131561 0.933465 -0.333668 -0.599819 -0.956922 0.20747 0.203115 -0.22292 0.258827 0.292573 0.920549 0.382985 
1533308477435 0.131582 0.933465 -0.33366 -0.599821 -0.956911 0.207497 0.203139 -0.222924 0.258857 0.292554 0.920546 0.382983 
1533308477466 0.131588 0.933467 -0.333651 -0.599821 -0.956903 0.207509 0.203165 -0.222923 0.258884 0.292538 0.920544 0.382982 
1533308477484 0.131592 0.933471 -0.333641 -0.59982 -0.956894 0.20752 0.203196 -0.22292 0.258914 0.29252 0.920541 0.382982 
1533308477672 0.131643 0.933488 -0.333573 -0.59982 -0.956836 0.20761 0.203378 -0.222912 0.259104 0.292401 0.920525 0.38298 
1533308477894 0.131665 0.933492 -0.333551 -0.599822 -0.95683 0.20763 0.203386 -0.222917 0.259115 0.292373 0.920531 0.382984 
1533308477910 0.131666 0.933493 -0.33355 -0.599822 -0.95683 0.20763 0.203386 -0.222917 0.259114 0.292371 0.920532 0.382984 
1533308478082 0.131628 0.93352 -0.333489 -0.599827 -0.956779 0.207645 0.20361 -0.222926 0.259321 0.292275 0.920504 0.382999 
1533308478231 0.131346 0.933534 -0.33356 -0.599839 -0.956748 0.207478 0.203929 -0.222909 0.259581 0.292348 0.920408 0.38295 
1533308478370 0.131113 0.933568 -0.333557 -0.599839 -0.95666 0.207395 0.204423 -0.222902 0.260021 0.292298 0.920299 0.382941 
1533308478547 0.131234 0.933551 -0.333557 -0.599837 -0.956528 0.207637 0.204796 -0.222959 0.260446 0.29218 0.920216 0.382985 
1533308478691 0.131091 0.933598 -0.333483 -0.599815 -0.956491 0.207551 0.205054 -0.222962 0.260652 0.292093 0.920186 0.382971 
1533308478826 0.130935 0.93364 -0.333426 -0.599796 -0.956456 0.207458 0.205314 -0.222968 0.260861 0.292025 0.920149 0.382985 
1533308478986 0.130779 0.933676 -0.333385 -0.599778 -0.956362 0.207432 0.205775 -0.222986 0.261282 0.291926 0.92006 0.383041 
1533308479150 0.130696 0.933664 -0.333451 -0.599766 -0.956293 0.207459 0.20607 -0.223014 0.261578 0.291944 0.91997 0.382968 
1533308479301 0.130471 0.933707 -0.33342 -0.599755 -0.956235 0.207343 0.206456 -0.223015 0.261902 0.291891 0.919895 0.382948 
1533308479321 0.130467 0.933715 -0.3334 -0.599753 -0.956216 0.207356 0.206529 -0.223012 0.261972 0.291857 0.919886 0.38296 
1533308479338 0.130462 0.933717 -0.333396 -0.599752 -0.956211 0.207357 0.206551 -0.223015 0.261992 0.29185 0.919882 0.38297 
1533308479492 0.130431 0.933746 -0.333325 -0.599736 -0.956226 0.2073 0.206537 -0.223035 0.261952 0.291796 0.919911 0.382961 
1533308479600 0.130437 0.933767 -0.333264 -0.599726 -0.956237 0.207279 0.206509 -0.223043 0.261909 0.291743 0.91994 0.382951 
1533308479746 0.130419 0.933763 -0.333283 -0.599732 -0.956247 0.207259 0.206485 -0.223044 0.261884 0.291771 0.919938 0.382926 
1533308479859 0.130409 0.933762 -0.333291 -0.59974 -0.95625 0.207249 0.206481 -0.223042 0.261878 0.291782 0.919936 0.38292 
1533308479946 0.130391 0.933763 -0.333294 -0.599747 -0.956253 0.207232 0.206481 -0.22304 0.261873 0.291791 0.919935 0.382917 
1533308480064 0.130358 0.933768 -0.333292 -0.599755 -0.956256 0.207203 0.206497 -0.223035 0.261879 0.291794 0.919932 0.382914 
1533308480198 0.130335 0.933802 -0.333207 -0.599752 -0.956274 0.207147 0.206473 -0.223033 0.261827 0.291726 0.919969 0.382906 
1533308480320 0.130277 0.933828 -0.333156 -0.59976 -0.956287 0.207075 0.206481 -0.223008 0.261806 0.291693 0.919985 0.3829 
1533308480337 0.130274 0.93383 -0.333153 -0.59976 -0.956288 0.207071 0.206482 -0.223007 0.261806 0.291691 0.919986 0.3829 
1533308480563 0.130282 0.933812 -0.333201 -0.59977 -0.956351 0.207018 0.206244 -0.223022 0.261572 0.291787 0.920022 0.382895 
1533308480721 0.130444 0.933788 -0.333203 -0.599769 -0.956402 0.207088 0.205938 -0.22303 0.261305 0.291813 0.92009 0.38286 
1533308480838 0.130436 0.933799 -0.333175 -0.599761 -0.956494 0.206972 0.205624 -0.223017 0.260969 0.291859 0.92017 0.382854 
1533308480950 0.130554 0.933806 -0.33311 -0.599762 -0.956556 0.20698 0.205329 -0.223009 0.260684 0.291832 0.92026 0.38288 
1533308481104 0.130643 0.933794 -0.333108 -0.599776 -0.956634 0.206961 0.204983 -0.222967 0.260352 0.291883 0.920338 0.38286 
1533308481250 0.130553 0.933832 -0.333038 -0.599778 -0.956694 0.20681 0.204859 -0.222881 0.26018 0.29187 0.92039 0.382903 
1533308481398 0.130448 0.933864 -0.332988 -0.599775 -0.95678 0.20662 0.204646 -0.222791 0.259913 0.291901 0.920456 0.382935 
1533308481520 0.13052 0.93384 -0.333027 -0.599787 -0.956853 0.206602 0.204323 -0.222797 0.259609 0.29199 0.920513 0.382898 
1533308481667 0.130661 0.933822 -0.333023 -0.599792 -0.956936 0.206617 0.203917 -0.222812 0.259231 0.292038 0.920605 0.382878 
1533308481684 0.130677 0.933821 -0.333018 -0.599792 -0.956943 0.206621 0.203882 -0.222813 0.259198 0.292036 0.920615 0.382878 
1533308481849 0.130585 0.933846 -0.332986 -0.599791 -0.956885 0.206608 0.204169 -0.22277 0.25946 0.291968 0.920562 0.38288 
1533308482038 0.130354 0.933863 -0.333028 -0.599803 -0.956845 0.206482 0.204479 -0.222765 0.25972 0.292001 0.920479 0.382878 
1533308482163 0.130396 0.93386 -0.33302 -0.599806 -0.956753 0.206616 0.204775 -0.222802 0.260039 0.291916 0.920416 0.382893 
1533308482293 0.130515 0.933832 -0.333053 -0.599823 -0.956656 0.206826 0.205019 -0.222882 0.260338 0.291858 0.920349 0.382901 
1533308482460 0.130462 0.933824 -0.333094 -0.599805 -0.956558 0.206902 0.205396 -0.222902 0.260722 0.291828 0.92025 0.382895 
1533308482629 0.13042 0.93384 -0.333066 -0.599785 -0.956448 0.206988 0.205825 -0.222899 0.261148 0.291717 0.920165 0.382898 
1533308482736 0.130333 0.933849 -0.333076 -0.599777 -0.956424 0.206949 0.205976 -0.222919 0.26128 0.291716 0.920127 0.382898 
1533308482870 0.130307 0.933858 -0.333061 -0.599765 -0.956328 0.207032 0.206334 -0.222954 0.261641 0.291629 0.920053 0.382914 
1533308483020 0.13031 0.933858 -0.33306 -0.59975 -0.956227 0.207147 0.20669 -0.222999 0.262012 0.291547 0.919973 0.38293 
1533308483037 0.130301 0.933859 -0.333059 -0.599751 -0.956222 0.207146 0.206714 -0.222998 0.262034 0.291543 0.919968 0.38293 
1533308483348 0.13066 0.933826 -0.333012 -0.599718 -0.956404 0.207211 0.205803 -0.223016 0.261188 0.291604 0.920189 0.382946 
1533308483539 0.130593 0.933846 -0.332982 -0.599724 -0.956434 0.207118 0.205757 -0.222958 0.261112 0.291605 0.92021 0.38299 
1533308483686 0.130688 0.933809 -0.333048 -0.599737 -0.956512 0.207119 0.205392 -0.222949 0.260777 0.291722 0.920268 0.383003 
1533308483847 0.130679 0.933798 -0.333082 -0.599761 -0.956576 0.207049 0.205166 -0.222825 0.260548 0.291808 0.920306 0.382951 
1533308484017 0.130771 0.933753 -0.333174 -0.599798 -0.956662 0.207044 0.204771 -0.222793 0.260187 0.291956 0.920361 0.382912 
1533308484148 0.130832 0.933738 -0.33319 -0.599798 -0.956741 0.207007 0.204439 -0.222822 0.259865 0.29203 0.920429 0.382915 
1533308484275 0.131007 0.93372 -0.333173 -0.599794 -0.956802 0.207069 0.204087 -0.222845 0.25955 0.292044 0.920513 0.382975 
1533308484377 0.131254 0.933693 -0.333152 -0.599792 -0.956823 0.207233 0.203826 -0.222859 0.259351 0.292014 0.920579 0.383038 
1533308484394 0.131263 0.933692 -0.33315 -0.599792 -0.956835 0.207225 0.203773 -0.222861 0.259299 0.292022 0.920591 0.383046 
1533308484662 0.131222 0.933667 -0.333237 -0.599803 -0.956745 0.207314 0.204108 -0.222815 0.259654 0.29204 0.920485 0.383055 
1533308484823 0.131167 0.933609 -0.333421 -0.599795 -0.95672 0.20734 0.204198 -0.222869 0.259773 0.292207 0.920399 0.383056 
1533308484933 0.131164 0.933537 -0.333623 -0.599794 -0.95666 0.207449 0.204369 -0.222898 0.259996 0.292358 0.920288 0.383045 
1533308485041 0.131125 0.93348 -0.333799 -0.599788 -0.956573 0.207555 0.204666 -0.222926 0.260334 0.292466 0.920158 0.383078 
1533308485169 0.13094 0.933415 -0.334053 -0.599772 -0.956558 0.207484 0.204809 -0.222977 0.260483 0.292723 0.920034 0.38304 
1533308485341 0.130824 0.93339 -0.334168 -0.599768 -0.95649 0.207496 0.205113 -0.222939 0.260789 0.292795 0.919924 0.383023 
1533308485458 0.1308 0.933381 -0.334203 -0.59977 -0.956437 0.207545 0.205313 -0.22292 0.260997 0.292789 0.919867 0.383057 
1533308485589 0.130768 0.933324 -0.334373 -0.599784 -0.956326 0.207682 0.205691 -0.222902 0.261419 0.292872 0.919721 0.383145 
1533308485717 0.130662 0.933257 -0.334602 -0.599787 -0.956301 0.207678 0.205811 -0.222918 0.261564 0.293088 0.919611 0.383122 
1533308485733 0.130647 0.933258 -0.334606 -0.599782 -0.956303 0.207665 0.205813 -0.222927 0.261563 0.293096 0.919608 0.383121 
1533308485999 0.130646 0.933253 -0.334619 -0.599769 -0.956305 0.207665 0.205806 -0.222945 0.261558 0.29311 0.919605 0.383121 
1533308486218 0.13067 0.933233 -0.334668 -0.599777 -0.956385 0.207604 0.205495 -0.22296 0.261253 0.293219 0.919657 0.383134 
1533308486330 0.130667 0.933242 -0.334642 -0.599777 -0.956406 0.207573 0.205428 -0.222944 0.261177 0.293211 0.919682 0.383127 
1533308486541 0.130703 0.93327 -0.33455 -0.599763 -0.956457 0.207523 0.205241 -0.222926 0.260972 0.293157 0.919757 0.383136 
1533308486666 0.130671 0.933263 -0.334582 -0.599771 -0.95651 0.207446 0.205072 -0.22292 0.260794 0.293234 0.919783 0.383127 
1533308486783 0.130719 0.933249 -0.334601 -0.599775 -0.95654 0.207455 0.204926 -0.222914 0.260661 0.293272 0.919808 0.383124 
1533308486868 0.130706 0.933258 -0.334582 -0.599785 -0.956562 0.207415 0.204863 -0.22286 0.260587 0.293272 0.919829 0.383122 
1533308486977 0.130694 0.933267 -0.334561 -0.599785 -0.956605 0.207353 0.204724 -0.222823 0.260434 0.293286 0.919868 0.383123 
1533308487058 0.130696 0.933271 -0.33455 -0.599785 -0.956645 0.207307 0.204582 -0.222811 0.260285 0.293308 0.919903 0.383133 
1533308487078 0.130696 0.933272 -0.334547 -0.599785 -0.956654 0.207296 0.204552 -0.222808 0.260253 0.293312 0.919911 0.383135 
1533308487319 0.130513 0.933323 -0.334476 -0.599775 -0.956645 0.207148 0.204743 -0.222767 0.260378 0.293253 0.919894 0.383136 
1533308487501 0.13045 0.933329 -0.334484 -0.599773 -0.956608 0.207143 0.204922 -0.222763 0.260545 0.293238 0.919852 0.383165 
1533308487741 0.130106 0.933336 -0.334598 -0.599743 -0.956546 0.206971 0.205383 -0.222804 0.260943 0.293337 0.919708 0.383111 
1533308487908 0.130183 0.933281 -0.334722 -0.599758 -0.9565 0.20711 0.205459 -0.222849 0.261075 0.293414 0.919645 0.383105 
1533308488088 0.129966 0.933303 -0.334746 -0.599761 -0.956496 0.206951 0.205637 -0.222868 0.261197 0.293457 0.919597 0.383156 
1533308488273 0.129861 0.933342 -0.334677 -0.599751 -0.956416 0.206944 0.206017 -0.222846 0.261544 0.293336 0.919537 0.383191 
1533308488402 0.129888 0.93333 -0.334702 -0.599732 -0.956384 0.207007 0.206103 -0.222898 0.261648 0.293333 0.919509 0.383207 
1533308488559 0.129926 0.933302 -0.334764 -0.599696 -0.956339 0.2071 0.206215 -0.223001 0.261791 0.293355 0.919461 0.383232 
1533308488576 0.12991 0.933303 -0.334767 -0.599698 -0.956337 0.207091 0.206234 -0.222997 0.261806 0.293358 0.919455 0.383232 
1533308488763 0.129945 0.933324 -0.334694 -0.599698 -0.956328 0.207112 0.206256 -0.22302 0.261823 0.293275 0.919477 0.383231 
1533308488971 0.13002 0.933401 -0.334449 -0.599685 -0.956318 0.207127 0.206285 -0.223063 0.261821 0.293019 0.91956 0.383233 
1533308489135 0.129953 0.933462 -0.334306 -0.599715 -0.956328 0.207033 0.206337 -0.22302 0.26182 0.292892 0.9196 0.383229 
1533308489297 0.129745 0.933568 -0.334091 -0.599738 -0.956347 0.206802 0.206477 -0.222962 0.261851 0.292718 0.919647 0.383216 
1533308489476 0.129744 0.933607 -0.333984 -0.599754 -0.956346 0.206778 0.206504 -0.222967 0.261855 0.292611 0.91968 0.383196 
1533308489594 0.12977 0.933666 -0.333808 -0.599745 -0.956342 0.206764 0.20654 -0.222972 0.261859 0.292432 0.919735 0.383179 
1533308489723 0.129799 0.933735 -0.333603 -0.599742 -0.956338 0.206747 0.206576 -0.222995 0.261859 0.292223 0.919802 0.383164 
1533308489867 0.129784 0.933752 -0.333561 -0.599765 -0.956353 0.206708 0.206544 -0.223041 0.261811 0.292196 0.919824 0.383111 
1533308489956 0.129736 0.933776 -0.333514 -0.599769 -0.956347 0.206667 0.206612 -0.223044 0.261856 0.29215 0.919826 0.383056 
1533308489973 0.12973 0.933789 -0.333478 -0.599768 -0.956345 0.206657 0.206633 -0.223043 0.261868 0.292113 0.919834 0.38305 
1533308490132 0.129667 0.933744 -0.333629 -0.599782 -0.956399 0.206581 0.206459 -0.223026 0.261701 0.292311 0.919819 0.383032 
1533308490359 0.129716 0.933675 -0.333804 -0.599766 -0.956466 0.206583 0.206147 -0.222936 0.261432 0.292532 0.919825 0.383069 
1533308490532 0.129594 0.933651 -0.333918 -0.599764 -0.95648 0.206498 0.206166 -0.222886 0.26144 0.292668 0.91978 0.383105 
1533308490682 0.129612 0.93358 -0.33411 -0.599778 -0.956549 0.206477 0.205867 -0.222922 0.261179 0.29291 0.919777 0.383067 
1533308490822 0.12968 0.933532 -0.334216 -0.599776 -0.956576 0.206523 0.205694 -0.222932 0.261045 0.293029 0.919777 0.383053 
1533308490977 0.129712 0.933507 -0.334274 -0.599765 -0.956598 0.206535 0.205579 -0.22291 0.260949 0.2931 0.919781 0.383064 
1533308491120 0.129754 0.93348 -0.334334 -0.599758 -0.95663 0.206546 0.205422 -0.222895 0.260813 0.293179 0.919795 0.383078 
1533308491236 0.129749 0.933433 -0.334466 -0.599757 -0.956691 0.206503 0.205182 -0.222905 0.260592 0.293359 0.9198 0.383088 
1533308491253 0.129745 0.933414 -0.334521 -0.599761 -0.95669 0.206512 0.205175 -0.222902 0.260596 0.293413 0.919782 0.383087 
1533308491520 0.12981 0.933479 -0.334316 -0.599732 -0.956716 0.206488 0.205078 -0.222905 0.260468 0.293224 0.919878 0.383099 
1533308491651 0.129837 0.933494 -0.334261 -0.599726 -0.956662 0.206557 0.205259 -0.222887 0.260652 0.293125 0.919858 0.383094 
1533308491747 0.129883 0.933488 -0.334261 -0.599731 -0.956645 0.206613 0.205285 -0.222896 0.260694 0.293106 0.919852 0.383088 
1533308491926 0.129968 0.933482 -0.334245 -0.599738 -0.956634 0.206687 0.205261 -0.222898 0.260691 0.293073 0.919863 0.383079 
1533308492074 0.13011 0.9335 -0.334139 -0.599746 -0.956632 0.206776 0.20518 -0.222937 0.260627 0.292952 0.91992 0.383068 
1533308492183 0.130172 0.933511 -0.334084 -0.599754 -0.956633 0.206811 0.20514 -0.222943 0.260592 0.292892 0.919949 0.383059 
1533308492349 0.130354 0.933519 -0.33399 -0.599783 -0.956606 0.206963 0.205114 -0.222895 0.260602 0.292759 0.919989 0.383037 
1533308492452 0.130367 0.933534 -0.333945 -0.599808 -0.956599 0.20697 0.20514 -0.22284 0.260622 0.292708 0.919999 0.383023 
1533308492469 0.130368 0.933539 -0.33393 -0.599811 -0.956593 0.206974 0.205161 -0.22283 0.260641 0.292689 0.92 0.38302 
1533308492486 0.130367 0.933546 -0.33391 -0.599813 -0.956584 0.20698 0.2052 -0.222817 0.260676 0.292661 0.919998 0.383018 
1533308492502 0.130377 0.933551 -0.333894 -0.599812 -0.956575 0.206994 0.205228 -0.222813 0.260705 0.292638 0.919998 0.383015 
1533308492519 0.130394 0.93355 -0.333888 -0.59981 -0.956568 0.207013 0.205237 -0.222816 0.260719 0.292625 0.919998 0.383014 
1533308492536 0.130413 0.933548 -0.333888 -0.599811 -0.956564 0.207032 0.205239 -0.222818 0.260726 0.292619 0.919998 0.383013 
1533308492563 0.130455 0.933542 -0.333887 -0.599812 -0.956554 0.207076 0.205239 -0.222822 0.260739 0.292607 0.919998 0.383012 
1533308492582 0.130493 0.933537 -0.333887 -0.599813 -0.956546 0.207114 0.205238 -0.222825 0.26075 0.292597 0.919998 0.383012 
1533308492597 0.130531 0.933532 -0.333887 -0.599814 -0.956538 0.207153 0.205238 -0.222827 0.260762 0.292586 0.919998 0.383011 
1533308492618 0.130573 0.933526 -0.333886 -0.599814 -0.956529 0.207196 0.205237 -0.22283 0.260774 0.292573 0.919999 0.38301 
1533308492638 0.130616 0.933521 -0.333884 -0.599815 -0.95652 0.207239 0.205236 -0.222833 0.260786 0.292559 0.92 0.38301 
1533308492655 0.130652 0.933517 -0.333882 -0.599815 -0.956512 0.207275 0.205237 -0.222834 0.260797 0.292547 0.920001 0.383009 
1533308492979 0.130412 0.933562 -0.333849 -0.599816 -0.956539 0.207051 0.205334 -0.222838 0.260816 0.292561 0.919991 0.383004 
1533308493180 0.130463 0.933531 -0.333915 -0.599806 -0.956483 0.207169 0.20548 -0.222872 0.260999 0.292576 0.919934 0.38302 
1533308493354 0.130237 0.933538 -0.333983 -0.599803 -0.956499 0.20699 0.205582 -0.222893 0.26105 0.29268 0.919886 0.383033 
1533308493498 0.130127 0.933509 -0.334107 -0.599809 -0.95646 0.206976 0.205778 -0.222898 0.261248 0.292783 0.919798 0.383041 
1533308493617 0.130076 0.933506 -0.334137 -0.599795 -0.956404 0.207005 0.20601 -0.222914 0.26148 0.292773 0.919735 0.383049 
