1533292996400 0.000305662 0.979741 -0.200267 -0.574782 -0.997676 0.0139453 0.0667 -0.220876 0.0681415 0.199781 0.977468 0.38474 
1533293001315 0.000304383 0.979741 -0.200268 -0.574782 -0.997675 0.0139445 0.0667025 -0.220876 0.0681438 0.199782 0.977468 0.38474 
1533293001331 0.000303737 0.979741 -0.200268 -0.574782 -0.997675 0.0139439 0.0667027 -0.220875 0.0681439 0.199782 0.977468 0.38474 
1533293001348 0.000303126 0.979741 -0.200268 -0.574782 -0.997675 0.0139433 0.0667025 -0.220875 0.0681436 0.199782 0.977468 0.384739 
1533293001365 0.000302602 0.979741 -0.200268 -0.574782 -0.997675 0.0139427 0.0667024 -0.220875 0.0681434 0.199782 0.977468 0.384739 
1533293001382 0.000302737 0.979741 -0.200268 -0.574782 -0.997675 0.0139432 0.066704 -0.220875 0.068145 0.199782 0.977468 0.384739 
1533293001398 0.000304266 0.979739 -0.200277 -0.574784 -0.997675 0.0139477 0.0667155 -0.220873 0.0681573 0.199791 0.977465 0.384734 
1533293001415 0.000309193 0.979732 -0.200314 -0.574797 -0.997668 0.0139729 0.0668014 -0.220862 0.0682464 0.199826 0.977452 0.384728 
1533293001436 0.000439655 0.979716 -0.200388 -0.574842 -0.997635 0.0142026 0.067249 -0.220792 0.068731 0.199885 0.977406 0.384703 
1533293001448 0.000746412 0.979645 -0.200737 -0.574954 -0.997583 0.0146778 0.0679219 -0.220696 0.0694857 0.200201 0.977288 0.384672 
1533293001500 0.00208442 0.979225 -0.202765 -0.575634 -0.997277 0.0169824 0.0717619 -0.220237 0.0737145 0.202064 0.976594 0.384569 
1533293001517 0.00281152 0.979076 -0.203475 -0.575902 -0.997137 0.0181198 0.0734106 -0.220081 0.0755615 0.202686 0.976324 0.38451 
1533293001533 0.00362883 0.978918 -0.204219 -0.576157 -0.99699 0.019358 0.0750763 -0.219962 0.0774468 0.203332 0.976042 0.384446 
1533293001551 0.00453263 0.978726 -0.20512 -0.576437 -0.996815 0.0207554 0.0770066 -0.219845 0.0796257 0.204118 0.975703 0.38438 
1533293001567 0.00584058 0.978459 -0.206357 -0.576807 -0.996578 0.0227101 0.0794755 -0.219723 0.08245 0.205187 0.975244 0.38429 
1533293001583 0.00701499 0.978213 -0.207487 -0.57715 -0.99636 0.0244651 0.0816564 -0.219634 0.0849536 0.206159 0.974824 0.38421 
1533293001600 0.00818653 0.977986 -0.208512 -0.577469 -0.996151 0.0261733 0.0836506 -0.219562 0.0872665 0.207024 0.974436 0.384139 
1533293001617 0.00946745 0.977744 -0.209589 -0.577789 -0.995928 0.0280131 0.0856951 -0.219534 0.0896591 0.207924 0.974027 0.384075 
1533293001633 0.0107592 0.977532 -0.210513 -0.578067 -0.995727 0.0297831 0.0874088 -0.219546 0.0917146 0.208673 0.973675 0.384049 
1533293001650 0.0122672 0.977285 -0.211573 -0.578383 -0.995504 0.0318107 0.089218 -0.219604 0.0939218 0.209527 0.973282 0.384029 
1533293001703 0.0188562 0.97628 -0.215687 -0.579618 -0.994531 0.0404783 0.0962739 -0.220026 0.102721 0.212692 0.971705 0.383994 
1533293001720 0.0208191 0.975941 -0.217038 -0.580025 -0.994191 0.0431385 0.0986119 -0.2201 0.105602 0.213724 0.97117 0.38398 
1533293001737 0.0208191 0.975941 -0.217038 -0.580025 -0.994191 0.0431385 0.0986119 -0.2201 0.105602 0.213724 0.97117 0.38398 
1533293001753 0.0208191 0.975941 -0.217038 -0.580025 -0.994191 0.0431385 0.0986119 -0.2201 0.105602 0.213724 0.97117 0.38398 
1533293001773 0.0212369 0.97587 -0.217316 -0.580114 -0.994112 0.0437128 0.0991462 -0.220111 0.106253 0.213931 0.971053 0.383979 
1533293001790 0.0305256 0.974215 -0.223545 -0.58218 -0.992195 0.0565857 0.111115 -0.220254 0.1209 0.218408 0.968339 0.38408 
1533293001810 0.0325803 0.973888 -0.224679 -0.582557 -0.991826 0.0592516 0.113008 -0.220478 0.123369 0.219161 0.967858 0.384199 
1533293001827 0.0346234 0.973547 -0.225848 -0.582891 -0.991473 0.061867 0.114689 -0.220646 0.125627 0.219952 0.967388 0.384224 
1533293001870 0.0426506 0.971979 -0.231167 -0.584325 -0.989864 0.0724814 0.122128 -0.221243 0.135462 0.223615 0.965218 0.384088 
1533293001887 0.0452078 0.971448 -0.232906 -0.584821 -0.989281 0.0759401 0.124723 -0.221424 0.138848 0.224772 0.964468 0.384059 
1533293001904 0.0481742 0.970808 -0.234969 -0.585428 -0.98856 0.0800018 0.127861 -0.221599 0.142926 0.226122 0.963556 0.384041 
1533293001925 0.0511947 0.970147 -0.237054 -0.586046 -0.987813 0.0841246 0.130951 -0.221765 0.146984 0.227461 0.96263 0.384055 
1533293001941 0.0541943 0.969491 -0.239059 -0.586632 -0.987049 0.0882151 0.133989 -0.221935 0.15099 0.228702 0.961716 0.384093 
1533293001958 0.0564239 0.969005 -0.24051 -0.587046 -0.986469 0.0912483 0.136209 -0.222072 0.153933 0.22957 0.961042 0.38412 
1533293001975 0.0593667 0.968299 -0.242638 -0.587595 -0.985695 0.0952716 0.139029 -0.222263 0.157739 0.230913 0.960103 0.38409 
1533293001991 0.0613905 0.967832 -0.243992 -0.587951 -0.985175 0.097989 0.14081 -0.222423 0.160189 0.23173 0.9595 0.384087 
1533293002009 0.0641369 0.967187 -0.245837 -0.588443 -0.98447 0.101662 0.143123 -0.222653 0.163419 0.23284 0.958687 0.3841 
1533293002025 0.0666936 0.9666 -0.247462 -0.588896 -0.983815 0.105046 0.145165 -0.222867 0.166311 0.233775 0.957961 0.384112 
1533293002078 0.0734165 0.96497 -0.251877 -0.590169 -0.981905 0.114147 0.151106 -0.223189 0.174563 0.236226 0.95589 0.38416 
1533293002095 0.075786 0.964351 -0.253544 -0.590625 -0.981129 0.11748 0.153569 -0.223238 0.177881 0.237121 0.955056 0.38414 
1533293002116 0.0783888 0.963615 -0.255542 -0.591148 -0.980246 0.121192 0.156304 -0.223319 0.181586 0.238241 0.954079 0.384111 
1533293002128 0.0806233 0.962989 -0.257202 -0.591585 -0.97948 0.124363 0.158596 -0.223425 0.184712 0.239138 0.953255 0.384094 
1533293002145 0.0830656 0.962298 -0.259004 -0.592049 -0.978636 0.12782 0.161041 -0.223557 0.188075 0.240093 0.952357 0.384079 
1533293002161 0.0856286 0.961562 -0.260894 -0.592539 -0.977737 0.131446 0.16356 -0.2237 0.191566 0.24108 0.951411 0.384061 
1533293002178 0.088001 0.96087 -0.262648 -0.59299 -0.976898 0.134798 0.165833 -0.223836 0.194749 0.241987 0.950534 0.384048 
1533293002195 0.0906991 0.960055 -0.264705 -0.593513 -0.975937 0.13861 0.168326 -0.22397 0.198293 0.243068 0.949525 0.38405 
1533293002211 0.0926057 0.959442 -0.266263 -0.593904 -0.975253 0.141319 0.170031 -0.224056 0.200763 0.243928 0.948785 0.384063 
1533293002228 0.0944187 0.95884 -0.26779 -0.594256 -0.974603 0.143894 0.171589 -0.224151 0.20306 0.244788 0.948075 0.384056 
1533293002291 0.101157 0.956643 -0.273132 -0.595552 -0.972091 0.153456 0.177457 -0.224595 0.211677 0.247558 0.945467 0.383984 
1533293002308 0.103026 0.955987 -0.274727 -0.595975 -0.971299 0.156222 0.179366 -0.224691 0.21439 0.248363 0.944644 0.383986 
1533293002325 0.104929 0.955311 -0.276352 -0.596422 -0.970437 0.159094 0.181499 -0.224744 0.217354 0.249138 0.943762 0.38397 
1533293002341 0.106535 0.954677 -0.277925 -0.596849 -0.969612 0.161659 0.183628 -0.224745 0.220234 0.249917 0.942888 0.383929 
1533293002358 0.108356 0.953938 -0.279753 -0.597332 -0.968641 0.164607 0.186114 -0.224742 0.22359 0.250813 0.94186 0.383897 
1533293002375 0.110023 0.953258 -0.281416 -0.597771 -0.967757 0.167288 0.18831 -0.224753 0.226586 0.251624 0.940927 0.38387 
1533293002391 0.111633 0.952567 -0.283115 -0.598198 -0.966866 0.169931 0.190511 -0.224786 0.229584 0.252467 0.939974 0.383837 
1533293002408 0.112663 0.952133 -0.284166 -0.598453 -0.966298 0.171607 0.191883 -0.224839 0.231463 0.252971 0.939378 0.383822 
1533293002425 0.114553 0.951369 -0.285962 -0.598859 -0.96536 0.174535 0.193953 -0.224981 0.234431 0.253838 0.938407 0.383819 
1533293002441 0.115904 0.950806 -0.287286 -0.599135 -0.964724 0.176595 0.195246 -0.225115 0.236375 0.254522 0.937734 0.383801 
1533293002475 0.11847 0.949719 -0.289824 -0.599665 -0.96355 0.180464 0.197495 -0.225369 0.239867 0.255863 0.936482 0.38373 
1533293002491 0.11959 0.949219 -0.291 -0.599925 -0.962972 0.182233 0.198684 -0.225448 0.241625 0.256464 0.935865 0.383692 
1533293002508 0.120633 0.94877 -0.292034 -0.600198 -0.962377 0.183925 0.200005 -0.225443 0.243472 0.25692 0.935261 0.383668 
1533293002525 0.12148 0.948388 -0.292923 -0.600468 -0.961804 0.185402 0.201394 -0.225362 0.245308 0.257269 0.934685 0.383648 
1533293002541 0.122221 0.94804 -0.293738 -0.600719 -0.961274 0.186729 0.202694 -0.22526 0.247011 0.257589 0.934148 0.383618 
1533293002558 0.122903 0.947739 -0.294426 -0.600954 -0.960782 0.187939 0.203905 -0.225168 0.248583 0.257818 0.933668 0.383596 
1533293002575 0.123766 0.947363 -0.295273 -0.601227 -0.960177 0.189445 0.205356 -0.225082 0.250484 0.258098 0.933083 0.383571 
1533293002591 0.124606 0.947057 -0.295899 -0.601424 -0.959662 0.190789 0.206517 -0.225067 0.252037 0.25823 0.932628 0.383572 
1533293002608 0.125367 0.946814 -0.296356 -0.601556 -0.95925 0.191923 0.207378 -0.225133 0.253226 0.258281 0.932292 0.383582 
1533293002625 0.126299 0.946535 -0.296849 -0.601659 -0.958834 0.193206 0.208108 -0.225256 0.254335 0.258345 0.931972 0.38357 
1533293002645 0.12681 0.946348 -0.29723 -0.601694 -0.958614 0.193924 0.208452 -0.225352 0.254908 0.258495 0.931774 0.383542 
1533293002661 0.127527 0.946014 -0.297985 -0.601717 -0.958292 0.194994 0.208935 -0.225512 0.255761 0.258911 0.931424 0.383404 
1533293002678 0.128054 0.945725 -0.298673 -0.601718 -0.958027 0.195838 0.209359 -0.22564 0.256488 0.259327 0.931109 0.383218 
1533293002695 0.128862 0.945321 -0.299604 -0.60171 -0.957617 0.197108 0.210043 -0.225778 0.257613 0.25984 0.930655 0.382943 
1533293002711 0.129567 0.944955 -0.300453 -0.601689 -0.957228 0.198255 0.210738 -0.225863 0.258704 0.260297 0.930224 0.38268 
1533293002728 0.130031 0.944653 -0.301203 -0.60167 -0.956919 0.199104 0.211339 -0.225905 0.259613 0.260746 0.929846 0.382454 
1533293002745 0.130494 0.944309 -0.302079 -0.601672 -0.956574 0.200018 0.212035 -0.225916 0.260648 0.261292 0.929403 0.382197 
1533293002761 0.130758 0.944069 -0.302714 -0.601674 -0.956316 0.20063 0.21262 -0.22586 0.261462 0.261688 0.929062 0.382012 
1533293002780 0.130776 0.94392 -0.303172 -0.601665 -0.956169 0.200895 0.213031 -0.225774 0.26199 0.262024 0.928819 0.381905 
1533293002795 0.130728 0.943742 -0.303746 -0.601649 -0.956029 0.201127 0.213441 -0.225636 0.262525 0.262487 0.928537 0.381814 
1533293002848 0.13117 0.942948 -0.306012 -0.601632 -0.955417 0.202605 0.214778 -0.225223 0.264524 0.264197 0.927484 0.381579 
1533293002865 0.131431 0.94261 -0.30694 -0.60162 -0.955172 0.20327 0.215238 -0.22515 0.265278 0.264891 0.927071 0.381485 
1533293002881 0.131788 0.942299 -0.30774 -0.601597 -0.954934 0.203975 0.215626 -0.225124 0.265955 0.265454 0.926716 0.381405 
1533293002898 0.132138 0.941877 -0.30888 -0.601574 -0.954626 0.204823 0.216187 -0.225046 0.266887 0.266298 0.926205 0.381293 
1533293002915 0.132327 0.94153 -0.309857 -0.601571 -0.954388 0.205436 0.216657 -0.224951 0.267645 0.267054 0.925769 0.381193 
1533293002931 0.132511 0.941161 -0.310897 -0.601586 -0.954147 0.206062 0.217121 -0.224848 0.26841 0.267871 0.925311 0.381081 
1533293002948 0.132663 0.940844 -0.311792 -0.601609 -0.953942 0.206594 0.217516 -0.224754 0.269063 0.268575 0.924918 0.380973 
1533293002965 0.132911 0.940433 -0.312923 -0.60166 -0.953682 0.207312 0.217971 -0.224659 0.26986 0.269458 0.924428 0.380841 
1533293002981 0.133137 0.940128 -0.313743 -0.601716 -0.953509 0.207856 0.218214 -0.224604 0.270362 0.270104 0.924093 0.380772 
1533293002998 0.133254 0.93989 -0.314405 -0.601783 -0.95339 0.208221 0.218386 -0.224584 0.270724 0.27065 0.923827 0.380738 
1533293003018 0.133363 0.939646 -0.315086 -0.601858 -0.953271 0.208584 0.218556 -0.224553 0.271087 0.271215 0.923555 0.380695 
1533293003038 0.1334 0.939452 -0.315649 -0.601916 -0.953182 0.208833 0.218705 -0.224507 0.271381 0.271695 0.923328 0.380656 
1533293003055 0.13345 0.939336 -0.315972 -0.60194 -0.953123 0.209007 0.218796 -0.224477 0.271564 0.271962 0.923195 0.380631 
1533293003072 0.133479 0.939191 -0.316392 -0.601959 -0.953049 0.209202 0.218933 -0.224435 0.27181 0.272314 0.923019 0.380571 
1533293003088 0.133476 0.939125 -0.31659 -0.601953 -0.953016 0.20928 0.219005 -0.224398 0.271929 0.272483 0.922934 0.380531 
1533293003105 0.13347 0.939055 -0.316798 -0.601917 -0.952977 0.209362 0.219094 -0.224333 0.272067 0.272658 0.922842 0.380473 
1533293003122 0.133505 0.939028 -0.316863 -0.601881 -0.952955 0.209427 0.219127 -0.224296 0.272126 0.272702 0.922811 0.380437 
1533293003138 0.133592 0.938995 -0.316926 -0.601841 -0.952927 0.209539 0.219145 -0.224268 0.272184 0.272731 0.922786 0.380405 
1533293003155 0.133736 0.938932 -0.31705 -0.601786 -0.952922 0.209687 0.219023 -0.224242 0.272129 0.272833 0.922772 0.380352 
1533293003175 0.133855 0.938865 -0.317201 -0.601709 -0.952941 0.209797 0.218835 -0.224185 0.272004 0.272981 0.922765 0.380295 
1533293003192 0.134004 0.938779 -0.31739 -0.601641 -0.952961 0.209938 0.218611 -0.224118 0.27186 0.273166 0.922753 0.38024 
1533293003208 0.134195 0.938684 -0.31759 -0.60158 -0.952966 0.210132 0.218406 -0.224008 0.27175 0.273343 0.922733 0.380186 
1533293003225 0.134447 0.938582 -0.317785 -0.601521 -0.952943 0.210398 0.218247 -0.22387 0.271704 0.273489 0.922703 0.380142 
1533293003241 0.134584 0.938518 -0.317918 -0.601475 -0.95293 0.21055 0.218157 -0.223746 0.271682 0.273593 0.922679 0.380111 
1533293003258 0.13481 0.938458 -0.317997 -0.601419 -0.952897 0.210781 0.218081 -0.22359 0.271688 0.273619 0.922669 0.380094 
1533293003275 0.135034 0.93841 -0.318046 -0.601365 -0.952847 0.211019 0.218068 -0.223434 0.271751 0.273602 0.922656 0.380082 
1533293003292 0.135207 0.938378 -0.318066 -0.601327 -0.952816 0.211192 0.218037 -0.223324 0.271774 0.273578 0.922656 0.380075 
1533293003308 0.135478 0.938329 -0.318096 -0.601305 -0.952782 0.211446 0.217937 -0.223263 0.271757 0.27355 0.922669 0.380065 
1533293003325 0.135785 0.938269 -0.318141 -0.601293 -0.952754 0.211727 0.217789 -0.22324 0.271704 0.273538 0.922688 0.380044 
1533293003348 0.135971 0.938217 -0.318215 -0.601275 -0.952828 0.211817 0.217378 -0.223231 0.271351 0.273647 0.92276 0.380017 
1533293003365 0.136032 0.93819 -0.318269 -0.601262 -0.952939 0.211765 0.21694 -0.223236 0.27093 0.27378 0.922844 0.380013 
1533293003381 0.136071 0.938148 -0.318374 -0.601243 -0.953088 0.21167 0.216379 -0.223226 0.270386 0.273996 0.92294 0.379994 
1533293003399 0.13607 0.938139 -0.318404 -0.601235 -0.953128 0.211634 0.216236 -0.223215 0.270244 0.274056 0.922963 0.379983 
1533293003415 0.13604 0.93804 -0.318708 -0.601164 -0.953462 0.211341 0.215048 -0.223072 0.26908 0.274621 0.923136 0.379862 
1533293003432 0.136038 0.937976 -0.318897 -0.601129 -0.953604 0.211237 0.214519 -0.222978 0.268577 0.274919 0.923193 0.379769 
1533293003448 0.135987 0.937934 -0.319041 -0.601097 -0.953718 0.211113 0.214133 -0.222899 0.268196 0.275156 0.923234 0.3797 
1533293003465 0.135798 0.937909 -0.319195 -0.601063 -0.953855 0.21086 0.213775 -0.222809 0.267807 0.275436 0.923263 0.379664 
1533293003482 0.135717 0.937894 -0.319274 -0.601044 -0.953921 0.210746 0.213591 -0.222762 0.267611 0.275574 0.923278 0.379677 
1533293003498 0.135704 0.937879 -0.319323 -0.601022 -0.953966 0.2107 0.213433 -0.222732 0.267455 0.27566 0.923298 0.379719 
1533293003528 0.135979 0.937773 -0.319517 -0.600957 -0.954024 0.210902 0.212978 -0.222697 0.267112 0.275867 0.923336 0.379889 
1533293003545 0.136126 0.937668 -0.319763 -0.60094 -0.954071 0.211024 0.212646 -0.222687 0.266869 0.27613 0.923327 0.379973 
1533293003562 0.136277 0.93755 -0.320045 -0.600898 -0.954154 0.211119 0.212177 -0.222636 0.266494 0.276457 0.923338 0.380085 
1533293003578 0.136342 0.937471 -0.320249 -0.600849 -0.954248 0.211119 0.211754 -0.222546 0.266124 0.276726 0.923364 0.3802 
1533293003595 0.136313 0.937422 -0.320404 -0.600805 -0.954342 0.211034 0.211416 -0.22244 0.265802 0.276956 0.923387 0.380314 
1533293003612 0.13629 0.937423 -0.320411 -0.600745 -0.954457 0.210897 0.211032 -0.222337 0.2654 0.277057 0.923473 0.380434 
1533293003628 0.136299 0.937422 -0.320411 -0.600689 -0.954566 0.21079 0.210644 -0.222245 0.265001 0.277143 0.923562 0.38054 
1533293003645 0.136303 0.937391 -0.320498 -0.600654 -0.954667 0.210706 0.210269 -0.222184 0.264635 0.277309 0.923617 0.380593 
1533293003662 0.13623 0.937348 -0.320655 -0.600635 -0.954771 0.210576 0.209928 -0.222156 0.264298 0.277553 0.92364 0.380602 
1533293003678 0.136208 0.937301 -0.320803 -0.600624 -0.954827 0.210533 0.209717 -0.222151 0.264108 0.277747 0.923636 0.380584 
1533293003702 0.136152 0.937155 -0.321252 -0.600605 -0.954898 0.210515 0.209413 -0.222161 0.263881 0.278251 0.923549 0.380534 
1533293003719 0.136115 0.937047 -0.321584 -0.600583 -0.954934 0.210521 0.209239 -0.222189 0.263767 0.278611 0.923473 0.380512 
1533293003735 0.136093 0.93693 -0.321932 -0.600551 -0.954969 0.210546 0.209058 -0.222221 0.263655 0.278984 0.923393 0.380502 
1533293003752 0.135992 0.936807 -0.322334 -0.600504 -0.955028 0.210493 0.20884 -0.222226 0.263491 0.279437 0.923302 0.380531 
1533293003768 0.135804 0.936705 -0.322709 -0.600446 -0.955143 0.210308 0.2085 -0.222218 0.263171 0.279918 0.923248 0.380578 
1533293003785 0.135538 0.936621 -0.323065 -0.600404 -0.955259 0.210056 0.208221 -0.222165 0.262886 0.280389 0.923186 0.380628 
1533293003805 0.13512 0.936508 -0.323567 -0.600391 -0.955397 0.209695 0.207954 -0.22205 0.262601 0.281036 0.923071 0.380689 
1533293003822 0.134839 0.936424 -0.323926 -0.600401 -0.955478 0.209468 0.20781 -0.221967 0.262451 0.281483 0.922977 0.380738 
1533293003838 0.134702 0.936405 -0.324039 -0.600396 -0.955527 0.209334 0.207722 -0.221917 0.262344 0.281647 0.922958 0.380799 
1533293003859 0.134594 0.936386 -0.324139 -0.60038 -0.955578 0.209217 0.207605 -0.22187 0.262214 0.281797 0.922949 0.380927 
1533293003875 0.134564 0.93633 -0.324312 -0.600366 -0.955596 0.209213 0.207526 -0.221852 0.262163 0.281986 0.922905 0.381031 
1533293003892 0.13453 0.936215 -0.324659 -0.600345 -0.955607 0.209251 0.207435 -0.221842 0.262139 0.28234 0.922804 0.381142 
1533293003908 0.134498 0.936146 -0.32487 -0.600326 -0.955626 0.209252 0.207347 -0.22184 0.262087 0.282567 0.922749 0.381198 
1533293003925 0.134395 0.935976 -0.325403 -0.600271 -0.955692 0.209218 0.207075 -0.221835 0.261897 0.283155 0.922623 0.381317 
1533293003942 0.134256 0.935853 -0.325814 -0.600231 -0.955766 0.209121 0.206832 -0.221822 0.261699 0.283634 0.922532 0.381405 
1533293003959 0.134004 0.935715 -0.326312 -0.600211 -0.955876 0.208916 0.206532 -0.221819 0.261427 0.284238 0.922423 0.381456 
1533293003976 0.133809 0.93563 -0.326636 -0.600185 -0.95595 0.208754 0.206352 -0.221802 0.261255 0.284637 0.922349 0.381476 
1533293003995 0.133657 0.935564 -0.326888 -0.60015 -0.956024 0.208611 0.206154 -0.221795 0.261063 0.284959 0.922304 0.381472 
1533293004045 0.133819 0.935355 -0.32742 -0.600142 -0.956124 0.208744 0.205555 -0.221869 0.260614 0.285547 0.922249 0.381433 
1533293004062 0.13388 0.935287 -0.327589 -0.600126 -0.956176 0.208772 0.205284 -0.22188 0.260391 0.285749 0.92225 0.381442 
1533293004079 0.133865 0.935163 -0.327949 -0.600114 -0.956264 0.208743 0.204905 -0.22188 0.260077 0.286176 0.922206 0.381473 
1533293004095 0.133762 0.935031 -0.328367 -0.600097 -0.956357 0.208651 0.204561 -0.221853 0.259785 0.286673 0.922133 0.381534 
1533293004112 0.133643 0.934935 -0.328689 -0.600072 -0.956443 0.208534 0.204279 -0.221819 0.25953 0.287072 0.922081 0.381601 
1533293004129 0.133469 0.934839 -0.329032 -0.600047 -0.956539 0.208368 0.204 -0.221782 0.259266 0.287504 0.922021 0.381672 
1533293004146 0.133274 0.934786 -0.329263 -0.600021 -0.956634 0.208161 0.203763 -0.221752 0.259015 0.287828 0.92199 0.381736 
1533293004162 0.13312 0.934729 -0.329486 -0.600005 -0.956715 0.208001 0.203549 -0.221745 0.258797 0.288127 0.921958 0.381785 
1533293004179 0.133053 0.934628 -0.3298 -0.600013 -0.956733 0.207997 0.203467 -0.221765 0.258763 0.288459 0.921864 0.381801 
1533293004195 0.133057 0.934573 -0.329953 -0.600013 -0.956733 0.208033 0.203432 -0.221791 0.258763 0.288609 0.921817 0.381808 
1533293004215 0.133036 0.934516 -0.330124 -0.60001 -0.956739 0.208048 0.203388 -0.221806 0.258751 0.288785 0.921765 0.381826 
1533293004232 0.13297 0.934469 -0.330284 -0.600003 -0.956745 0.208024 0.203382 -0.221793 0.258761 0.288954 0.92171 0.381862 
1533293004249 0.132852 0.934392 -0.330548 -0.599987 -0.956758 0.207976 0.203373 -0.221769 0.258776 0.289236 0.921617 0.381895 
1533293004265 0.132668 0.934272 -0.33096 -0.599952 -0.956807 0.207868 0.203252 -0.221738 0.258689 0.2897 0.921496 0.381952 
1533293004282 0.132516 0.934174 -0.331298 -0.599917 -0.956858 0.207767 0.203114 -0.221708 0.258577 0.290089 0.921404 0.382014 
1533293004299 0.132349 0.934077 -0.331639 -0.599885 -0.956913 0.20765 0.202975 -0.221681 0.258459 0.290486 0.921313 0.382074 
1533293004315 0.132239 0.93398 -0.331956 -0.599865 -0.956964 0.207577 0.20281 -0.221675 0.258327 0.29085 0.921235 0.38212 
1533293004332 0.132261 0.933914 -0.332132 -0.599854 -0.957004 0.207586 0.202612 -0.221708 0.258168 0.291054 0.921215 0.382143 
1533293004349 0.132331 0.933851 -0.33228 -0.599862 -0.957007 0.207669 0.202513 -0.221732 0.258122 0.291196 0.921183 0.382143 
1533293004365 0.13243 0.933781 -0.332439 -0.599882 -0.95701 0.207776 0.202386 -0.221753 0.258057 0.291346 0.921154 0.382119 
1533293004385 0.132551 0.93373 -0.332534 -0.599892 -0.957033 0.207865 0.202187 -0.221762 0.25791 0.291446 0.921163 0.382093 
1533293004405 0.132758 0.933697 -0.332543 -0.59989 -0.957098 0.207954 0.201788 -0.22178 0.257562 0.291488 0.921247 0.382088 
1533293004422 0.13284 0.93368 -0.332559 -0.599884 -0.957168 0.207942 0.201469 -0.221789 0.25726 0.291552 0.921311 0.382101 
1533293004439 0.132911 0.933659 -0.33259 -0.599861 -0.957327 0.207822 0.200834 -0.22178 0.25663 0.291704 0.921439 0.382153 
1533293004456 0.132915 0.933651 -0.33261 -0.599846 -0.957431 0.207712 0.200455 -0.221767 0.256243 0.291807 0.921514 0.382192 
1533293004472 0.132916 0.933639 -0.332644 -0.599836 -0.957521 0.207617 0.200123 -0.22176 0.255905 0.291914 0.921574 0.382221 
1533293004489 0.132905 0.933621 -0.332698 -0.599826 -0.957619 0.207508 0.199766 -0.221761 0.255544 0.292048 0.921632 0.382252 
1533293004506 0.132831 0.933598 -0.332793 -0.59982 -0.95769 0.20739 0.199547 -0.221767 0.255314 0.292207 0.921645 0.382261 
1533293004522 0.132823 0.933565 -0.332889 -0.599812 -0.957709 0.207383 0.199464 -0.221793 0.255248 0.292318 0.921628 0.382266 
1533293004572 0.133085 0.933434 -0.333151 -0.599775 -0.95757 0.2078 0.199698 -0.221945 0.255633 0.292439 0.921483 0.382316 
1533293004589 0.133211 0.933379 -0.333253 -0.599756 -0.957481 0.208021 0.199895 -0.221996 0.255901 0.292456 0.921404 0.382335 
1533293004606 0.133336 0.933346 -0.333298 -0.599724 -0.957389 0.208231 0.200113 -0.222022 0.256178 0.292414 0.92134 0.382351 
1533293004622 0.133468 0.933307 -0.333354 -0.599688 -0.957303 0.208443 0.200304 -0.222033 0.256431 0.292387 0.921278 0.382364 
1533293004639 0.13355 0.93327 -0.333424 -0.599653 -0.95724 0.208593 0.200449 -0.222037 0.256623 0.292397 0.921221 0.382374 
1533293004656 0.133555 0.933236 -0.333516 -0.599634 -0.957215 0.208646 0.200516 -0.222019 0.256716 0.292467 0.921173 0.382388 
1533293004672 0.133524 0.933229 -0.333548 -0.599634 -0.957217 0.208627 0.200525 -0.22199 0.256723 0.292503 0.92116 0.382392 
1533293004689 0.133453 0.933236 -0.333559 -0.599646 -0.957255 0.208531 0.200444 -0.221942 0.256619 0.292551 0.921174 0.382379 
1533293004706 0.133426 0.933244 -0.333547 -0.599678 -0.957329 0.208423 0.200202 -0.221914 0.256356 0.292602 0.92123 0.382362 
1533293004722 0.133446 0.933263 -0.333484 -0.599712 -0.957414 0.208328 0.199895 -0.221891 0.256029 0.292607 0.92132 0.382344 
1533293004743 0.133616 0.933404 -0.333021 -0.599714 -0.957561 0.208191 0.199331 -0.221881 0.255388 0.292255 0.92161 0.382331 
1533293004762 0.13385 0.933517 -0.33261 -0.599724 -0.9577 0.208125 0.198733 -0.221864 0.254745 0.29194 0.921887 0.382298 
1533293004779 0.134131 0.933577 -0.33233 -0.599733 -0.957795 0.208174 0.198225 -0.221859 0.25424 0.291716 0.922097 0.382267 
1533293004796 0.134399 0.933599 -0.332159 -0.599734 -0.957842 0.20829 0.197875 -0.22187 0.253921 0.291561 0.922234 0.382247 
1533293004812 0.134659 0.933597 -0.33206 -0.599728 -0.957866 0.208442 0.1976 -0.2219 0.253694 0.291461 0.922329 0.382233 
1533293004829 0.134872 0.933584 -0.332009 -0.599715 -0.957878 0.208581 0.197393 -0.221932 0.253534 0.291402 0.922391 0.38222 
1533293004849 0.135054 0.933563 -0.331996 -0.599691 -0.957855 0.208744 0.19733 -0.22197 0.253522 0.291354 0.92241 0.38221 
1533293004866 0.135096 0.933536 -0.332055 -0.599675 -0.957815 0.208834 0.19743 -0.222004 0.253652 0.291375 0.922367 0.382196 
1533293004889 0.135151 0.933513 -0.332097 -0.599635 -0.957631 0.209097 0.198045 -0.222043 0.254318 0.29126 0.92222 0.382209 
1533293004906 0.135072 0.933492 -0.332188 -0.599618 -0.957461 0.20925 0.198705 -0.222045 0.255 0.291217 0.922045 0.382236 
1533293004923 0.134876 0.933465 -0.332342 -0.599607 -0.957293 0.209323 0.199435 -0.22205 0.255733 0.291249 0.921832 0.382276 
1533293004939 0.134739 0.933452 -0.332435 -0.599599 -0.957145 0.209406 0.200058 -0.222047 0.256358 0.291233 0.921664 0.382323 
1533293004956 0.134595 0.933488 -0.332391 -0.599586 -0.956993 0.209458 0.200729 -0.222017 0.257 0.291078 0.921534 0.382388 
1533293004973 0.134535 0.933533 -0.332291 -0.599582 -0.956886 0.209511 0.201181 -0.22199 0.257427 0.290899 0.921471 0.382447 
1533293004989 0.134585 0.933563 -0.332186 -0.599583 -0.956809 0.209614 0.201439 -0.221977 0.257687 0.290728 0.921452 0.3825 
1533293005006 0.134641 0.933585 -0.332101 -0.599589 -0.956775 0.209677 0.201536 -0.221966 0.257785 0.290611 0.921462 0.382529 
1533293005023 0.134706 0.933628 -0.331955 -0.599593 -0.956786 0.209683 0.201477 -0.221946 0.25771 0.290469 0.921528 0.38253 
1533293005039 0.134781 0.933683 -0.331768 -0.599585 -0.956842 0.209638 0.20126 -0.221942 0.257465 0.290324 0.921642 0.382511 
1533293005099 0.135502 0.933662 -0.331534 -0.599593 -0.957231 0.209704 0.199334 -0.221995 0.255634 0.290345 0.922145 0.382277 
1533293005119 0.135665 0.933631 -0.331554 -0.599608 -0.957393 0.209649 0.198609 -0.222022 0.254937 0.290483 0.922294 0.382204 
1533293005136 0.135835 0.933623 -0.331507 -0.599619 -0.957535 0.209608 0.19797 -0.222039 0.254316 0.290538 0.922449 0.382159 
1533293005153 0.136047 0.933622 -0.331423 -0.599623 -0.957619 0.209657 0.19751 -0.222046 0.253885 0.290506 0.922577 0.382128 
1533293005170 0.136225 0.933631 -0.331324 -0.599624 -0.957678 0.209706 0.197173 -0.222043 0.253567 0.290441 0.922685 0.3821 
1533293005186 0.136428 0.933641 -0.331212 -0.59962 -0.957727 0.209782 0.196854 -0.222038 0.253273 0.290354 0.922793 0.382056 
1533293005203 0.136465 0.933657 -0.331154 -0.59961 -0.957753 0.209768 0.196741 -0.222043 0.253154 0.290315 0.922838 0.382028 
1533293005219 0.136444 0.933649 -0.331184 -0.599606 -0.957733 0.20978 0.196822 -0.222047 0.253238 0.290331 0.92281 0.382008 
1533293005236 0.136453 0.933644 -0.331194 -0.599595 -0.957673 0.209858 0.197032 -0.222056 0.253462 0.29029 0.922762 0.382023 
1533293005284 0.136077 0.933741 -0.331077 -0.599544 -0.957312 0.209957 0.198677 -0.222019 0.255025 0.289908 0.922451 0.382183 
1533293005299 0.135948 0.933761 -0.331072 -0.599533 -0.957136 0.210055 0.199417 -0.222008 0.255751 0.289771 0.922293 0.382279 
1533293005316 0.135929 0.933767 -0.331062 -0.59953 -0.956981 0.210214 0.199993 -0.222022 0.25634 0.289635 0.922172 0.382352 
1533293005333 0.135956 0.933777 -0.331023 -0.59954 -0.95681 0.21042 0.200594 -0.222031 0.256964 0.289454 0.922055 0.38243 
1533293005350 0.135953 0.933804 -0.330949 -0.599546 -0.956704 0.21052 0.200993 -0.222022 0.25736 0.289294 0.921995 0.382485 
1533293005366 0.13599 0.933831 -0.330858 -0.599553 -0.956609 0.210636 0.201323 -0.222008 0.257692 0.289124 0.921956 0.382543 
1533293005383 0.136028 0.933862 -0.330753 -0.599564 -0.956573 0.210684 0.201446 -0.221997 0.257807 0.288987 0.921966 0.382594 
1533293005399 0.136051 0.933878 -0.3307 -0.59958 -0.956581 0.210681 0.201411 -0.221988 0.257766 0.288939 0.921993 0.382605 
1533293005416 0.136051 0.933947 -0.330503 -0.599573 -0.956657 0.210554 0.201184 -0.221972 0.257484 0.288807 0.922113 0.382578 
1533293005433 0.136079 0.934029 -0.330261 -0.599559 -0.956773 0.210393 0.200801 -0.22197 0.257038 0.28866 0.922283 0.382525 
1533293005453 0.136097 0.93404 -0.330222 -0.599557 -0.956793 0.210375 0.200721 -0.22197 0.256952 0.288637 0.922315 0.382512 
1533293005470 0.136219 0.934081 -0.330058 -0.599554 -0.956922 0.21029 0.200198 -0.221977 0.256409 0.288568 0.922487 0.38242 
1533293005486 0.136316 0.934149 -0.329823 -0.599563 -0.957152 0.210055 0.199341 -0.221983 0.255495 0.288517 0.922757 0.382232 
1533293005503 0.136378 0.934189 -0.329685 -0.599576 -0.957258 0.209954 0.19894 -0.221994 0.255067 0.288463 0.922892 0.382123 
1533293005520 0.136457 0.934247 -0.329487 -0.59958 -0.957328 0.209892 0.198664 -0.222008 0.254758 0.288318 0.923023 0.382042 
1533293005536 0.136569 0.934331 -0.329202 -0.599574 -0.957381 0.209859 0.198447 -0.222035 0.254501 0.28807 0.923171 0.381998 
1533293005553 0.1367 0.93441 -0.328923 -0.599557 -0.95741 0.209868 0.198298 -0.222078 0.254322 0.287807 0.923302 0.381977 
1533293005570 0.136839 0.934472 -0.32869 -0.599538 -0.957393 0.209944 0.198298 -0.222124 0.254311 0.28755 0.923386 0.38198 
1533293005586 0.136903 0.934496 -0.328597 -0.599526 -0.957344 0.210029 0.198446 -0.222148 0.254462 0.287412 0.923387 0.382012 
1533293005603 0.136907 0.934508 -0.328559 -0.599504 -0.9573 0.210074 0.198609 -0.222152 0.254624 0.287338 0.923365 0.382055 
1533293005639 0.136753 0.934527 -0.32857 -0.599448 -0.95718 0.210093 0.199167 -0.222135 0.255157 0.287264 0.923241 0.38224 
1533293005656 0.136623 0.934447 -0.32885 -0.599462 -0.957103 0.210139 0.199487 -0.22211 0.255514 0.287489 0.923072 0.382318 
1533293005673 0.13646 0.934295 -0.329349 -0.599494 -0.956993 0.210243 0.199904 -0.222076 0.256013 0.287906 0.922804 0.382379 
1533293005690 0.136351 0.934185 -0.329707 -0.599515 -0.956919 0.21032 0.200179 -0.222059 0.256348 0.288208 0.922617 0.382406 
1533293005706 0.136238 0.934048 -0.330141 -0.599541 -0.956828 0.210428 0.200502 -0.222045 0.256749 0.288572 0.922391 0.382435 
1533293005723 0.136173 0.933929 -0.330505 -0.599566 -0.956748 0.210545 0.200758 -0.222045 0.25708 0.288872 0.922205 0.382463 
1533293005740 0.136138 0.933804 -0.330871 -0.599603 -0.956665 0.210691 0.201001 -0.222053 0.257407 0.289169 0.922021 0.382494 
1533293005757 0.136119 0.933714 -0.331133 -0.599644 -0.956619 0.210784 0.201123 -0.222057 0.257589 0.289392 0.9219 0.382492 
1533293005773 0.13609 0.933656 -0.331309 -0.599679 -0.956603 0.210818 0.201162 -0.222055 0.257662 0.289555 0.921829 0.382471 
1533293005790 0.136055 0.933616 -0.331438 -0.599716 -0.956607 0.210814 0.201147 -0.222045 0.257666 0.289689 0.921786 0.382432 
1533293005810 0.135997 0.933582 -0.331557 -0.599765 -0.95663 0.210769 0.201084 -0.222015 0.25761 0.28983 0.921757 0.38236 
1533293005826 0.135944 0.933577 -0.331593 -0.599795 -0.956657 0.210706 0.201025 -0.221986 0.257541 0.289892 0.921757 0.382305 
1533293005846 0.135911 0.933584 -0.331586 -0.599841 -0.956699 0.210632 0.200902 -0.221959 0.257402 0.289923 0.921786 0.382216 
1533293005863 0.135925 0.933605 -0.331522 -0.599875 -0.956738 0.210585 0.200765 -0.221955 0.257249 0.289891 0.921839 0.382139 
1533293005883 0.136023 0.933716 -0.331167 -0.599858 -0.956798 0.210516 0.200551 -0.221985 0.256973 0.28958 0.922013 0.382091 
1533293005900 0.136136 0.933805 -0.330871 -0.599827 -0.956826 0.210508 0.200426 -0.222034 0.256809 0.289301 0.922146 0.382086 
1533293005917 0.136162 0.933832 -0.330783 -0.599814 -0.956831 0.210504 0.200406 -0.222047 0.256776 0.289216 0.922182 0.382093 
1533293005933 0.136217 0.933904 -0.330559 -0.599753 -0.956828 0.210501 0.200425 -0.222091 0.256761 0.288986 0.922259 0.382147 
1533293005980 0.136067 0.933972 -0.330426 -0.59961 -0.956737 0.21046 0.200902 -0.222168 0.257179 0.288795 0.922202 0.382383 
1533293006000 0.13595 0.933922 -0.330617 -0.59957 -0.956656 0.210501 0.201243 -0.222199 0.257541 0.288928 0.922059 0.382462 
1533293006017 0.135806 0.933761 -0.331131 -0.599565 -0.956534 0.210637 0.201678 -0.222237 0.258068 0.289349 0.92178 0.382523 
1533293006034 0.135679 0.933617 -0.331587 -0.599569 -0.956427 0.210758 0.202061 -0.222266 0.258533 0.289723 0.921532 0.382576 
1533293006050 0.135549 0.933506 -0.331954 -0.599587 -0.956342 0.210833 0.202385 -0.222266 0.258915 0.290028 0.921329 0.382623 
1533293006067 0.135417 0.933403 -0.332298 -0.59962 -0.956278 0.210877 0.202639 -0.222245 0.259218 0.290328 0.921149 0.382647 
1533293006083 0.135262 0.933288 -0.332684 -0.599674 -0.956225 0.210901 0.202867 -0.222216 0.259496 0.29068 0.92096 0.382639 
1533293006100 0.135173 0.933209 -0.33294 -0.599719 -0.956201 0.210915 0.202964 -0.222199 0.25963 0.290923 0.920845 0.382596 
1533293006117 0.135145 0.933125 -0.333187 -0.599779 -0.956177 0.210974 0.203017 -0.222186 0.259734 0.291149 0.920745 0.382537 
1533293006137 0.135166 0.933068 -0.333338 -0.599844 -0.95617 0.211031 0.202991 -0.222179 0.259749 0.291291 0.920695 0.38246 
1533293006153 0.13518 0.933049 -0.333384 -0.59988 -0.956159 0.211064 0.203007 -0.222169 0.259781 0.291326 0.920675 0.3824 
1533293006170 0.135194 0.933041 -0.333401 -0.59992 -0.956137 0.211103 0.20307 -0.222148 0.259855 0.291323 0.920655 0.38232 
1533293006187 0.135211 0.933051 -0.333368 -0.599956 -0.956114 0.211134 0.203144 -0.222127 0.259929 0.29127 0.920651 0.382248 
1533293006203 0.135233 0.933085 -0.333264 -0.599986 -0.956095 0.21115 0.20322 -0.222111 0.25999 0.29115 0.920672 0.382186 
1533293006220 0.135291 0.93318 -0.332974 -0.599979 -0.956112 0.211113 0.203178 -0.222113 0.259897 0.290872 0.920786 0.382157 
1533293006237 0.135361 0.933252 -0.332744 -0.599959 -0.956145 0.21108 0.203057 -0.222139 0.259739 0.290665 0.920896 0.382136 
1533293006254 0.135376 0.933298 -0.332609 -0.599931 -0.956167 0.211038 0.202996 -0.22215 0.259649 0.290549 0.920958 0.382145 
1533293006270 0.135374 0.933314 -0.332563 -0.599897 -0.956182 0.21101 0.202957 -0.222165 0.259597 0.290515 0.920983 0.382172 
1533293006287 0.135309 0.933321 -0.33257 -0.599845 -0.956217 0.210922 0.202884 -0.222176 0.259502 0.290557 0.920997 0.38224 
1533293006333 0.135044 0.933149 -0.333161 -0.599737 -0.956321 0.210729 0.202594 -0.222223 0.259257 0.291249 0.920847 0.38248 
1533293006350 0.134972 0.933015 -0.333566 -0.599729 -0.956329 0.210752 0.20253 -0.222231 0.259264 0.291663 0.920714 0.382565 
1533293006367 0.134954 0.932865 -0.333992 -0.599728 -0.956317 0.210844 0.202491 -0.222222 0.259317 0.292075 0.920569 0.382648 
1533293006383 0.134866 0.932713 -0.334452 -0.599739 -0.956308 0.210886 0.202491 -0.222185 0.259397 0.29253 0.920402 0.382712 
1533293006400 0.134735 0.932604 -0.334807 -0.599747 -0.956317 0.210853 0.202484 -0.222138 0.259432 0.2929 0.920274 0.382771 
1533293006417 0.134511 0.932501 -0.335185 -0.59976 -0.956344 0.210731 0.202479 -0.222083 0.259446 0.293316 0.920138 0.382822 
1533293006433 0.134284 0.932389 -0.335587 -0.599781 -0.956379 0.210604 0.202446 -0.222035 0.259435 0.293764 0.919998 0.382846 
1533293006450 0.13412 0.932262 -0.336005 -0.599813 -0.956386 0.210561 0.20246 -0.222001 0.259496 0.294197 0.919843 0.382838 
1533293006467 0.134029 0.932175 -0.336282 -0.599847 -0.956384 0.210553 0.202476 -0.222003 0.259549 0.294478 0.919738 0.382805 
1533293006483 0.134003 0.932154 -0.336352 -0.599857 -0.956387 0.210546 0.202473 -0.222011 0.259553 0.29455 0.919713 0.382789 
1533293006504 0.13407 0.932047 -0.336621 -0.599922 -0.956357 0.210689 0.202462 -0.222082 0.259626 0.294786 0.919617 0.382672 
1533293006520 0.134147 0.932004 -0.33671 -0.599971 -0.9563 0.210832 0.202582 -0.222104 0.259797 0.294821 0.919558 0.382578 
1533293006537 0.134197 0.931992 -0.336722 -0.60002 -0.956241 0.21094 0.202748 -0.222105 0.259988 0.294779 0.919517 0.382478 
1533293006553 0.134237 0.93201 -0.336657 -0.600057 -0.956211 0.210991 0.202837 -0.222103 0.260077 0.294687 0.919521 0.382408 
1533293006570 0.134288 0.932035 -0.336568 -0.600086 -0.956185 0.211041 0.20291 -0.222101 0.260149 0.294573 0.919537 0.382346 
1533293006587 0.134405 0.932147 -0.336209 -0.600083 -0.956172 0.211067 0.202944 -0.222113 0.260136 0.294197 0.919662 0.382296 
1533293006603 0.134435 0.932232 -0.335962 -0.600065 -0.956168 0.211041 0.202988 -0.222105 0.260133 0.293948 0.919742 0.382272 
1533293006620 0.134406 0.932315 -0.335744 -0.600038 -0.956184 0.210953 0.203004 -0.222078 0.26009 0.293748 0.919818 0.382281 
1533293006637 0.134339 0.932364 -0.335634 -0.600017 -0.956207 0.210851 0.203003 -0.222044 0.260041 0.293664 0.919859 0.382307 
1533293006653 0.134225 0.932394 -0.335596 -0.599989 -0.956232 0.210727 0.203012 -0.221998 0.260006 0.293658 0.91987 0.38235 
1533293006673 0.134047 0.932432 -0.335563 -0.599933 -0.956302 0.210504 0.202916 -0.221943 0.259842 0.293699 0.919904 0.382434 
1533293006690 0.133905 0.932412 -0.335675 -0.5999 -0.956387 0.210323 0.202703 -0.221925 0.259603 0.293892 0.91991 0.382512 
1533293006707 0.133835 0.932328 -0.335937 -0.599882 -0.956457 0.210246 0.202453 -0.221929 0.259382 0.294214 0.919869 0.382607 
1533293006723 0.133855 0.932256 -0.336127 -0.599845 -0.956536 0.210213 0.202112 -0.221944 0.259078 0.294464 0.919875 0.382733 
1533293006740 0.133831 0.932219 -0.33624 -0.59981 -0.956612 0.210133 0.201838 -0.221949 0.258812 0.294639 0.919893 0.382832 
1533293006757 0.133783 0.932189 -0.336341 -0.599775 -0.9567 0.210018 0.20154 -0.221953 0.258511 0.294815 0.919922 0.382923 
1533293006773 0.133688 0.932171 -0.336429 -0.599748 -0.956794 0.209855 0.201259 -0.221963 0.258209 0.294987 0.919951 0.382967 
1533293006790 0.133616 0.932154 -0.336505 -0.599741 -0.956858 0.209744 0.201073 -0.221968 0.258011 0.295121 0.919964 0.382964 
1533293006812 0.13358 0.932135 -0.336572 -0.599765 -0.956907 0.209674 0.200912 -0.221969 0.257848 0.295231 0.919975 0.38289 
1533293006829 0.133479 0.932138 -0.336603 -0.599803 -0.956962 0.209541 0.200791 -0.22196 0.257697 0.295314 0.91999 0.382792 
1533293006849 0.133524 0.932225 -0.336344 -0.599838 -0.957034 0.209437 0.200555 -0.221971 0.257405 0.295114 0.920136 0.38267 
1533293006865 0.13361 0.93233 -0.336019 -0.599853 -0.957068 0.209394 0.200437 -0.221975 0.257234 0.294812 0.920281 0.382592 
1533293006882 0.13375 0.932474 -0.335563 -0.599849 -0.957062 0.209411 0.200448 -0.221977 0.257183 0.294345 0.920444 0.382519 
1533293006899 0.133998 0.932686 -0.334876 -0.599825 -0.957028 0.209492 0.200524 -0.221995 0.25718 0.293615 0.920678 0.38243 
1533293006915 0.134188 0.93285 -0.334342 -0.599803 -0.957007 0.209549 0.200568 -0.22201 0.257161 0.293053 0.920863 0.382369 
1533293006932 0.134371 0.93299 -0.333878 -0.599791 -0.956974 0.209627 0.200642 -0.222023 0.257187 0.292552 0.921015 0.382308 
1533293006949 0.13454 0.933139 -0.333393 -0.599775 -0.956941 0.20969 0.200734 -0.22203 0.257222 0.292031 0.92117 0.382268 
1533293006965 0.134653 0.933287 -0.332933 -0.599751 -0.95692 0.209702 0.200821 -0.222025 0.25724 0.291549 0.921318 0.382273 
1533293006982 0.134705 0.933415 -0.332553 -0.599702 -0.956918 0.209663 0.200872 -0.22202 0.257221 0.291168 0.921444 0.382304 
1533293006999 0.134716 0.933527 -0.332232 -0.599646 -0.956917 0.209603 0.200939 -0.22201 0.257219 0.290849 0.921545 0.382352 
1533293007042 0.134678 0.933702 -0.331758 -0.599488 -0.956947 0.209438 0.200968 -0.222035 0.257127 0.290409 0.92171 0.382518 
1533293007059 0.134653 0.933714 -0.331732 -0.599448 -0.956958 0.2094 0.200955 -0.222053 0.257099 0.290394 0.921722 0.382567 
1533293007075 0.134574 0.933706 -0.331788 -0.59941 -0.957002 0.209302 0.200848 -0.222072 0.256976 0.290493 0.921725 0.382629 
1533293007092 0.134475 0.933688 -0.331879 -0.599395 -0.95705 0.209191 0.200736 -0.22207 0.256851 0.29063 0.921717 0.382681 
1533293007109 0.134345 0.933609 -0.332152 -0.599414 -0.957064 0.209133 0.200726 -0.222048 0.256864 0.290924 0.92162 0.382719 
1533293007125 0.134225 0.933527 -0.332432 -0.599441 -0.95707 0.209094 0.200741 -0.222026 0.256906 0.291216 0.921516 0.382754 
1533293007142 0.134163 0.933457 -0.332653 -0.599471 -0.957062 0.209103 0.200769 -0.222025 0.256968 0.291434 0.92143 0.382777 
1533293007159 0.134166 0.933402 -0.332806 -0.599501 -0.957042 0.209161 0.200804 -0.222052 0.257041 0.291568 0.921367 0.382769 
1533293007175 0.134259 0.933371 -0.332857 -0.599525 -0.95702 0.209269 0.200799 -0.222104 0.257076 0.291591 0.92135 0.38274 
