1533575350597 -0.0755579 0.98327 -0.165744 -0.536916 -0.995047 -0.0635816 0.0764172 -0.269673 0.0646005 0.170697 0.983204 0.39044 
1533575353492 -0.075558 0.98327 -0.165744 -0.536916 -0.995047 -0.0635816 0.0764181 -0.269672 0.0646014 0.170697 0.983204 0.39044 
1533575354288 -0.0199114 0.981064 -0.192659 -0.551925 -0.995086 -0.000751626 0.0990151 -0.265732 0.0969953 0.193684 0.976257 0.38855 
1533575354860 0.00798698 0.978272 -0.207172 -0.559798 -0.993333 0.0315886 0.110867 -0.263545 0.115002 0.204906 0.972002 0.387669 
1533575355428 0.0356751 0.974504 -0.221517 -0.567437 -0.99053 0.0638869 0.121529 -0.261477 0.132583 0.215083 0.967554 0.386781 
1533575355996 0.0631111 0.969581 -0.236495 -0.575198 -0.98654 0.0964276 0.132065 -0.259377 0.150853 0.224977 0.962616 0.38587 
1533575356561 0.0899621 0.963639 -0.251608 -0.582939 -0.981492 0.128664 0.141841 -0.257205 0.169057 0.234191 0.957379 0.384898 
1533575357129 0.1167 0.956592 -0.267045 -0.590701 -0.975279 0.161181 0.15117 -0.25513 0.187651 0.242802 0.951753 0.383985 
1533575357694 0.142964 0.948535 -0.282563 -0.598465 -0.967963 0.193545 0.159965 -0.253025 0.206421 0.250641 0.945817 0.383075 
1533575358265 0.168654 0.939457 -0.298289 -0.606198 -0.959586 0.225656 0.168147 -0.250877 0.225278 0.257875 0.939548 0.382107 
1533575358278 0.168776 0.939389 -0.298434 -0.606294 -0.959511 0.22586 0.168304 -0.250805 0.225507 0.257945 0.939474 0.382106 
1533575358444 0.170412 0.93879 -0.299387 -0.606726 -0.958888 0.227961 0.169019 -0.250735 0.226922 0.258276 0.939042 0.382126 
1533575358633 0.173065 0.937806 -0.300946 -0.607495 -0.958059 0.231158 0.16938 -0.250541 0.228412 0.259011 0.938478 0.381935 
1533575358812 0.175679 0.936841 -0.302434 -0.608272 -0.957078 0.234472 0.170366 -0.25032 0.230518 0.259523 0.937822 0.381972 
1533575359004 0.178332 0.935731 -0.304311 -0.609154 -0.956101 0.237871 0.171139 -0.250079 0.232527 0.260432 0.937073 0.38179 
1533575359188 0.181017 0.934707 -0.305869 -0.609929 -0.955071 0.241282 0.172113 -0.249878 0.234676 0.260971 0.936387 0.38177 
1533575359374 0.183684 0.933667 -0.307452 -0.61072 -0.954058 0.244653 0.172968 -0.249681 0.236714 0.261555 0.935711 0.381718 
1533575359686 0.189142 0.931377 -0.311066 -0.612333 -0.95203 0.251538 0.174264 -0.249388 0.24055 0.263183 0.934275 0.381388 
1533575359874 0.191418 0.930397 -0.312605 -0.61321 -0.950986 0.254616 0.175488 -0.248945 0.242868 0.263691 0.933532 0.38141 
1533575359887 0.191573 0.930331 -0.312703 -0.613265 -0.950922 0.254817 0.175544 -0.24892 0.242996 0.263727 0.933489 0.38141 
1533575359904 0.191845 0.930217 -0.312878 -0.613375 -0.950804 0.255175 0.175662 -0.248854 0.243243 0.263786 0.933408 0.381411 
1533575360024 0.192304 0.9303 -0.312349 -0.613435 -0.950694 0.255527 0.175748 -0.248827 0.243312 0.263151 0.933569 0.381375 
1533575360072 0.192815 0.930387 -0.311772 -0.613391 -0.950586 0.255905 0.175779 -0.248988 0.243327 0.262474 0.933756 0.381302 
1533575360154 0.193359 0.930405 -0.311381 -0.613486 -0.950435 0.256388 0.175893 -0.249075 0.243486 0.261937 0.933865 0.381183 
1533575360277 0.194585 0.930467 -0.31043 -0.613751 -0.95007 0.257488 0.176256 -0.248982 0.243932 0.260634 0.934113 0.380931 
1533575360335 0.195185 0.930494 -0.309973 -0.613873 -0.949905 0.258014 0.176379 -0.248988 0.244097 0.260018 0.934241 0.380828 
1533575360399 0.195868 0.930511 -0.309491 -0.614011 -0.949682 0.258655 0.176642 -0.248946 0.244419 0.25932 0.934352 0.380735 
1533575360468 0.196903 0.930432 -0.309071 -0.614097 -0.949378 0.259648 0.176819 -0.249075 0.244767 0.258609 0.934457 0.380639 
1533575360481 0.197073 0.930439 -0.308944 -0.614109 -0.949337 0.259791 0.176829 -0.249095 0.244789 0.258443 0.934497 0.380625 
1533575360498 0.197288 0.930457 -0.308751 -0.614136 -0.949292 0.259957 0.176825 -0.249114 0.24479 0.25821 0.934562 0.380594 
1533575360637 0.197065 0.930755 -0.307993 -0.614184 -0.949257 0.259688 0.177407 -0.248965 0.245105 0.257404 0.934701 0.380456 
1533575360695 0.196913 0.930964 -0.307461 -0.61413 -0.949182 0.259554 0.178005 -0.249035 0.245519 0.256785 0.934763 0.380356 
1533575360762 0.197122 0.931119 -0.306855 -0.614086 -0.949083 0.259693 0.178326 -0.249142 0.245731 0.256079 0.934901 0.380329 
1533575360826 0.197411 0.931284 -0.306167 -0.614058 -0.948964 0.259896 0.178663 -0.249245 0.245958 0.255272 0.935062 0.380299 
1533575360899 0.197527 0.931436 -0.305631 -0.614119 -0.948851 0.259995 0.17912 -0.24929 0.246301 0.254617 0.93515 0.380194 
1533575360957 0.197555 0.931621 -0.305049 -0.614108 -0.94878 0.259977 0.179524 -0.249272 0.246554 0.253959 0.935262 0.38012 
1533575361024 0.197469 0.931844 -0.304422 -0.614109 -0.948722 0.259852 0.180008 -0.249216 0.246844 0.253266 0.935374 0.380039 
1533575361037 0.197441 0.93188 -0.304331 -0.614115 -0.94871 0.259826 0.180109 -0.249197 0.246913 0.253161 0.935384 0.380024 
1533575361054 0.19741 0.931924 -0.304214 -0.614131 -0.948691 0.259801 0.180247 -0.249175 0.247011 0.253023 0.935396 0.379998 
1533575361071 0.197394 0.931974 -0.304072 -0.614148 -0.948669 0.259784 0.180386 -0.249159 0.247108 0.252856 0.935415 0.37997 
1533575361087 0.197393 0.932032 -0.303896 -0.614158 -0.948646 0.259773 0.180524 -0.249143 0.247198 0.252655 0.935445 0.379945 
1533575361104 0.197438 0.932072 -0.303745 -0.614158 -0.948609 0.259814 0.180658 -0.249149 0.247303 0.252466 0.935469 0.379921 
1533575361121 0.197463 0.93207 -0.303732 -0.614159 -0.948605 0.259834 0.180649 -0.249168 0.247297 0.252451 0.935475 0.379912 
1533575361137 0.197476 0.932053 -0.303778 -0.614154 -0.948612 0.259846 0.1806 -0.249191 0.247264 0.252503 0.935469 0.379911 
1533575361154 0.197454 0.932058 -0.303777 -0.614124 -0.948655 0.259785 0.180457 -0.249209 0.247113 0.252547 0.935497 0.379937 
1533575361171 0.197427 0.932052 -0.303812 -0.614096 -0.948719 0.259707 0.180236 -0.249222 0.246892 0.252648 0.935528 0.37998 
1533575361187 0.197406 0.932028 -0.303899 -0.614078 -0.948773 0.259653 0.180028 -0.249245 0.246699 0.252793 0.93554 0.380035 
1533575361204 0.197458 0.93201 -0.30392 -0.614049 -0.948788 0.25968 0.179912 -0.249267 0.246602 0.25283 0.935556 0.380095 
1533575361221 0.19764 0.932002 -0.303828 -0.614012 -0.948751 0.259833 0.179884 -0.249279 0.246597 0.252705 0.935591 0.380147 
1533575361237 0.197778 0.932015 -0.303697 -0.613985 -0.948732 0.259929 0.179848 -0.249283 0.246561 0.252557 0.93564 0.380192 
1533575361254 0.197871 0.93203 -0.30359 -0.613969 -0.948705 0.260004 0.179882 -0.24927 0.24659 0.252424 0.935668 0.380226 
1533575361271 0.197913 0.932075 -0.303425 -0.613952 -0.948683 0.260025 0.179964 -0.249254 0.246638 0.252237 0.935706 0.380251 
1533575361287 0.19792 0.932128 -0.303258 -0.613939 -0.948678 0.260003 0.180023 -0.24924 0.246653 0.252064 0.935749 0.380259 
1533575361349 0.197372 0.93215 -0.303548 -0.613937 -0.948744 0.25959 0.180271 -0.24918 0.246837 0.252409 0.935607 0.380171 
1533575361364 0.197181 0.932108 -0.303799 -0.613927 -0.948747 0.259495 0.180392 -0.249164 0.246979 0.252659 0.935502 0.380164 
1533575361379 0.196936 0.932045 -0.304153 -0.613907 -0.948754 0.259377 0.180524 -0.249149 0.247146 0.253015 0.935362 0.380169 
1533575361395 0.196812 0.932005 -0.304354 -0.613884 -0.948747 0.259332 0.180625 -0.249145 0.247272 0.253206 0.935277 0.380186 
1533575361412 0.196725 0.931992 -0.30445 -0.613844 -0.94874 0.259294 0.180718 -0.249142 0.24737 0.253292 0.935228 0.38021 
1533575361429 0.196692 0.931992 -0.304472 -0.613805 -0.948737 0.259277 0.180757 -0.249157 0.247407 0.253311 0.935213 0.380237 
1533575361507 0.196665 0.931966 -0.304568 -0.613658 -0.948685 0.259329 0.180956 -0.249258 0.247628 0.253351 0.935143 0.380373 
1533575361564 0.19598 0.931897 -0.305222 -0.613689 -0.948806 0.25883 0.181036 -0.249291 0.247708 0.254117 0.934915 0.380352 
1533575361617 0.195556 0.931733 -0.305994 -0.613722 -0.948921 0.258552 0.180833 -0.24945 0.247603 0.255001 0.934702 0.380356 
1533575361689 0.195053 0.931642 -0.30659 -0.613553 -0.948972 0.258246 0.180999 -0.249712 0.247802 0.255641 0.934474 0.380534 
1533575361736 0.194665 0.931529 -0.307179 -0.613497 -0.948987 0.258061 0.181187 -0.249823 0.248051 0.256238 0.934244 0.380643 
1533575361796 0.194139 0.931461 -0.307717 -0.613444 -0.94903 0.257735 0.181422 -0.249849 0.248297 0.256811 0.934022 0.380753 
1533575361865 0.193418 0.931381 -0.308413 -0.613358 -0.949118 0.257252 0.181647 -0.249887 0.248523 0.257587 0.933748 0.380762 
1533575361915 0.192954 0.931229 -0.309162 -0.613245 -0.949181 0.256992 0.181686 -0.250102 0.248643 0.258393 0.933493 0.380773 
1533575361928 0.192877 0.931189 -0.309331 -0.613225 -0.949184 0.256967 0.181711 -0.250149 0.248695 0.258564 0.933432 0.380778 
1533575361945 0.19285 0.931154 -0.309452 -0.613202 -0.949177 0.256977 0.18173 -0.250206 0.248741 0.258678 0.933388 0.380801 
1533575361962 0.192795 0.931136 -0.309541 -0.613187 -0.94918 0.256951 0.181752 -0.250241 0.248773 0.258769 0.933355 0.380841 
1533575362011 0.192467 0.931099 -0.309856 -0.61319 -0.9492 0.256752 0.181929 -0.250242 0.24895 0.2591 0.933215 0.380954 
1533575362080 0.191969 0.93117 -0.309951 -0.61314 -0.949374 0.256225 0.181765 -0.250297 0.248672 0.259366 0.933216 0.380931 
1533575362114 0.191676 0.931208 -0.310018 -0.613066 -0.949497 0.255895 0.181586 -0.250437 0.248426 0.259555 0.933228 0.38091 
1533575362157 0.191454 0.931225 -0.310107 -0.612957 -0.949616 0.255624 0.181345 -0.25065 0.248143 0.259763 0.933246 0.3809 
1533575362218 0.191218 0.93115 -0.310477 -0.612843 -0.949716 0.255418 0.181108 -0.250895 0.24794 0.260234 0.933169 0.380884 
1533575362256 0.190878 0.931121 -0.310773 -0.612765 -0.949817 0.255121 0.180999 -0.251071 0.247817 0.260629 0.933091 0.380887 
1533575362300 0.190419 0.93114 -0.310997 -0.612715 -0.949932 0.254708 0.180976 -0.251154 0.247727 0.260965 0.933021 0.380955 
1533575362313 0.190262 0.93115 -0.311061 -0.612705 -0.949972 0.254563 0.180971 -0.251165 0.247696 0.261067 0.933001 0.380975 
1533575362330 0.190044 0.931165 -0.311152 -0.612696 -0.950027 0.254363 0.180963 -0.251178 0.247652 0.261212 0.932972 0.380996 
1533575362347 0.189807 0.93118 -0.311251 -0.612688 -0.950077 0.254156 0.180992 -0.251185 0.247642 0.261359 0.932933 0.381016 
1533575362363 0.189671 0.93118 -0.311334 -0.612681 -0.950094 0.254054 0.181044 -0.251187 0.24768 0.261458 0.932896 0.381033 
1533575362450 0.189695 0.931142 -0.311434 -0.612596 -0.950064 0.254124 0.181107 -0.251389 0.247779 0.261527 0.93285 0.38097 
1533575362475 0.189814 0.931308 -0.310862 -0.612472 -0.950017 0.254149 0.181316 -0.251486 0.247867 0.260908 0.933 0.380954 
1533575362516 0.189769 0.931364 -0.310724 -0.612404 -0.950002 0.254105 0.181458 -0.251648 0.24796 0.260753 0.933019 0.380892 
1533575362564 0.189684 0.931329 -0.31088 -0.612353 -0.95001 0.254065 0.181472 -0.251863 0.247994 0.260916 0.932964 0.380789 
1533575362598 0.189526 0.931331 -0.310969 -0.61229 -0.950037 0.253938 0.181508 -0.252013 0.248011 0.261032 0.932927 0.380727 
1533575362642 0.189451 0.931339 -0.310992 -0.612178 -0.950041 0.253883 0.181563 -0.252215 0.248052 0.261058 0.932909 0.38066 
1533575362655 0.18943 0.931353 -0.310962 -0.61215 -0.950045 0.253858 0.181579 -0.25226 0.248054 0.261031 0.932916 0.380643 
1533575362672 0.189394 0.931372 -0.310927 -0.612119 -0.950049 0.25382 0.181609 -0.252304 0.248065 0.261 0.932922 0.380625 
1533575362689 0.189272 0.931412 -0.310881 -0.612092 -0.950073 0.253696 0.181656 -0.252336 0.248066 0.260977 0.932928 0.380607 
1533575362705 0.18915 0.931452 -0.310835 -0.612073 -0.950096 0.253574 0.181707 -0.252352 0.248071 0.260954 0.932933 0.380596 
1533575362722 0.188939 0.93152 -0.31076 -0.612048 -0.95014 0.253358 0.18178 -0.252368 0.248065 0.26092 0.932944 0.38058 
1533575362795 0.189083 0.931557 -0.310562 -0.611943 -0.950048 0.253522 0.182033 -0.252414 0.248309 0.260629 0.93296 0.380539 
1533575362818 0.189335 0.931593 -0.310301 -0.611824 -0.949938 0.253771 0.18226 -0.252467 0.248538 0.260258 0.933003 0.380525 
1533575362846 0.189618 0.931662 -0.30992 -0.611662 -0.949853 0.253993 0.182394 -0.252564 0.248647 0.259793 0.933104 0.380473 
1533575362875 0.189783 0.931657 -0.309834 -0.611534 -0.949769 0.254185 0.18256 -0.252665 0.248839 0.259624 0.9331 0.38036 
1533575362915 0.189787 0.931681 -0.309759 -0.611391 -0.949704 0.254241 0.182821 -0.252765 0.249085 0.259482 0.933073 0.380226 
1533575362931 0.189708 0.93171 -0.309721 -0.611352 -0.949707 0.254173 0.182903 -0.252782 0.249135 0.259446 0.93307 0.380191 
1533575362945 0.189612 0.931769 -0.309603 -0.611289 -0.949706 0.25408 0.183034 -0.252801 0.249209 0.259327 0.933083 0.380139 
1533575362962 0.189526 0.931849 -0.309415 -0.611222 -0.949711 0.253975 0.183154 -0.252812 0.249255 0.259143 0.933122 0.380093 
1533575363020 0.18945 0.931958 -0.309132 -0.611068 -0.949677 0.253898 0.183436 -0.252839 0.249443 0.258823 0.933161 0.379996 
1533575363097 0.189212 0.93187 -0.309542 -0.610909 -0.949624 0.253859 0.183766 -0.252904 0.249826 0.259178 0.93296 0.380056 
1533575363133 0.188945 0.931918 -0.309561 -0.610712 -0.949608 0.253683 0.184091 -0.252976 0.250088 0.259178 0.932889 0.380097 
1533575363179 0.1888 0.931947 -0.309562 -0.610533 -0.949508 0.25368 0.184611 -0.253063 0.250577 0.259077 0.932786 0.380083 
1533575363251 0.188461 0.932051 -0.309456 -0.610316 -0.94946 0.253458 0.185163 -0.253081 0.251015 0.25892 0.932712 0.380004 
1533575363295 0.188007 0.932197 -0.309294 -0.610086 -0.949503 0.253046 0.185506 -0.253095 0.251194 0.258799 0.932698 0.379963 
1533575363358 0.18781 0.932226 -0.309325 -0.609854 -0.949454 0.252957 0.185877 -0.253227 0.251525 0.25878 0.932613 0.37987 
1533575363372 0.187801 0.932224 -0.309338 -0.609809 -0.949428 0.252979 0.185976 -0.253257 0.251627 0.258767 0.932589 0.379849 
1533575363388 0.187785 0.932222 -0.309354 -0.609744 -0.949396 0.253004 0.186109 -0.253303 0.251763 0.258751 0.932557 0.37982 
1533575363405 0.187763 0.932222 -0.309365 -0.609674 -0.949365 0.253022 0.186243 -0.253353 0.251896 0.258731 0.932527 0.379796 
1533575363497 0.187338 0.932323 -0.309321 -0.609549 -0.949411 0.252651 0.186512 -0.253281 0.252039 0.258732 0.932488 0.37977 
1533575363592 0.186603 0.932403 -0.309523 -0.609346 -0.94964 0.251911 0.186343 -0.253104 0.251719 0.259164 0.932455 0.379898 
1533575363652 0.186616 0.932435 -0.309417 -0.609114 -0.949654 0.251886 0.18631 -0.253231 0.25166 0.259071 0.932496 0.379962 
1533575363708 0.186431 0.932481 -0.309392 -0.608916 -0.949675 0.251723 0.186422 -0.253259 0.251716 0.259067 0.932482 0.379958 
1533575363753 0.186164 0.932522 -0.309427 -0.608748 -0.949706 0.2515 0.186565 -0.253247 0.251797 0.259133 0.932442 0.379947 
1533575363816 0.18584 0.93254 -0.309568 -0.608587 -0.949726 0.251267 0.186775 -0.253235 0.251959 0.259294 0.932354 0.379915 
1533575363830 0.185769 0.932551 -0.309576 -0.608558 -0.949734 0.251208 0.186814 -0.253222 0.251982 0.259311 0.932343 0.379912 
1533575363850 0.185632 0.93258 -0.309574 -0.608502 -0.949754 0.251086 0.186878 -0.253195 0.252009 0.259328 0.932331 0.379913 
1533575363867 0.185517 0.932606 -0.309562 -0.608445 -0.949773 0.250979 0.186927 -0.253176 0.252023 0.259336 0.932325 0.37992 
1533575363890 0.18537 0.932646 -0.309531 -0.60837 -0.949802 0.250833 0.186972 -0.253161 0.252019 0.259334 0.932326 0.379936 
1533575363985 0.185215 0.932654 -0.309599 -0.608189 -0.949818 0.250716 0.18705 -0.253258 0.252075 0.259418 0.932288 0.379913 
1533575364012 0.185127 0.932683 -0.309565 -0.608041 -0.949814 0.250647 0.187161 -0.253295 0.252153 0.259381 0.932277 0.379923 
1533575364049 0.185114 0.932689 -0.309553 -0.607859 -0.949786 0.250664 0.187281 -0.25339 0.252269 0.259341 0.932257 0.379928 
1533575364100 0.184822 0.932752 -0.309538 -0.607745 -0.949815 0.250415 0.187468 -0.253331 0.252374 0.259356 0.932224 0.379926 
1533575364139 0.184491 0.932826 -0.309514 -0.607638 -0.949861 0.250117 0.187632 -0.253254 0.252443 0.259379 0.932199 0.379926 
1533575364153 0.184397 0.932848 -0.309505 -0.607594 -0.949876 0.250029 0.187671 -0.253246 0.252454 0.259385 0.932194 0.379928 
1533575364169 0.184282 0.932871 -0.309502 -0.607531 -0.949893 0.249926 0.187723 -0.253241 0.252473 0.2594 0.932185 0.379931 
1533575364186 0.184171 0.932885 -0.309526 -0.607474 -0.949907 0.249834 0.187777 -0.253237 0.252505 0.259438 0.932166 0.379932 
1533575364203 0.184104 0.932888 -0.309558 -0.607423 -0.949912 0.249786 0.187815 -0.253253 0.252534 0.259475 0.932148 0.379928 
1533575364256 0.184107 0.932839 -0.309703 -0.607297 -0.949877 0.249853 0.187901 -0.253421 0.252662 0.259586 0.932082 0.379884 
1533575364290 0.183943 0.932869 -0.309709 -0.607283 -0.949843 0.249768 0.188187 -0.253445 0.252909 0.259559 0.932022 0.37983 
1533575364321 0.183716 0.932942 -0.309625 -0.607245 -0.949758 0.249669 0.188747 -0.253425 0.253393 0.259393 0.931937 0.379798 
1533575364373 0.183472 0.933074 -0.309373 -0.607092 -0.949645 0.249551 0.189469 -0.253497 0.253993 0.259032 0.931874 0.379771 
1533575364399 0.183254 0.93314 -0.309301 -0.606992 -0.94962 0.249399 0.189793 -0.253509 0.254243 0.258938 0.931832 0.379767 
1533575364435 0.182891 0.933232 -0.30924 -0.60686 -0.949601 0.249136 0.190234 -0.253527 0.254575 0.258863 0.931762 0.379757 
1533575364449 0.182772 0.933249 -0.309257 -0.606823 -0.949596 0.249056 0.190366 -0.253532 0.254681 0.258875 0.93173 0.379738 
1533575364466 0.182629 0.933271 -0.309278 -0.606781 -0.949595 0.248954 0.190503 -0.253535 0.254787 0.258897 0.931695 0.379709 
1533575364482 0.18243 0.933303 -0.309298 -0.606731 -0.949603 0.248801 0.190661 -0.253537 0.254899 0.258928 0.931656 0.379676 
1533575364499 0.182252 0.933333 -0.309313 -0.60668 -0.949613 0.248662 0.190796 -0.253547 0.254991 0.258954 0.931623 0.379651 
1533575364542 0.182234 0.933354 -0.309259 -0.606537 -0.949582 0.248669 0.190941 -0.253677 0.255119 0.25887 0.931612 0.379639 
1533575364589 0.182439 0.933414 -0.308957 -0.606504 -0.949607 0.248735 0.19073 -0.253733 0.254878 0.258591 0.931755 0.379636 
1533575364611 0.182443 0.933506 -0.308677 -0.606492 -0.949671 0.248616 0.190566 -0.253682 0.254637 0.258374 0.931881 0.379582 
1533575364630 0.182407 0.933583 -0.308466 -0.606482 -0.94974 0.248476 0.190405 -0.253636 0.254405 0.258231 0.931984 0.379507 
1533575364651 0.182321 0.933665 -0.308267 -0.606473 -0.949827 0.248282 0.190222 -0.253579 0.25414 0.258119 0.932088 0.379414 
1533575364687 0.182147 0.93378 -0.308021 -0.606399 -0.949952 0.247975 0.19 -0.253512 0.2538 0.257997 0.932214 0.379302 
1533575364701 0.182093 0.933825 -0.307919 -0.606353 -0.949986 0.247879 0.189953 -0.253503 0.253709 0.257929 0.932258 0.379281 
1533575364717 0.182082 0.933875 -0.307773 -0.60628 -0.950015 0.247812 0.189898 -0.253524 0.253611 0.257812 0.932317 0.379266 
1533575364733 0.182006 0.933936 -0.307631 -0.606209 -0.950057 0.247683 0.189852 -0.253563 0.253505 0.257713 0.932373 0.379257 
1533575364750 0.181867 0.934048 -0.307373 -0.606112 -0.950134 0.247449 0.189774 -0.25362 0.253318 0.257532 0.932474 0.379249 
1533575364835 0.181782 0.934049 -0.307421 -0.606002 -0.950151 0.247378 0.189782 -0.25372 0.253315 0.257597 0.932456 0.379196 
1533575364849 0.181727 0.933983 -0.307653 -0.606029 -0.950123 0.247413 0.189879 -0.253697 0.253461 0.257802 0.93236 0.3792 
1533575364880 0.181623 0.933859 -0.308092 -0.606063 -0.950047 0.247501 0.190142 -0.253579 0.253819 0.258168 0.932162 0.379242 
1533575364919 0.181489 0.933874 -0.308126 -0.606029 -0.950038 0.247418 0.190296 -0.253469 0.253949 0.258195 0.932119 0.379294 
1533575364954 0.181375 0.933895 -0.308128 -0.605934 -0.950034 0.247336 0.19042 -0.253444 0.254044 0.258195 0.932093 0.379329 
1533575364983 0.181318 0.933898 -0.308152 -0.605828 -0.950042 0.24729 0.190439 -0.253479 0.254053 0.258227 0.932081 0.379331 
1533575364996 0.181293 0.933898 -0.308167 -0.605783 -0.950048 0.247269 0.190437 -0.253493 0.254049 0.258249 0.932076 0.379326 
1533575365013 0.181191 0.933908 -0.308198 -0.605709 -0.950073 0.247173 0.190438 -0.253512 0.25403 0.258305 0.932066 0.379315 
1533575365030 0.181092 0.933921 -0.308215 -0.605654 -0.950095 0.247081 0.19045 -0.253526 0.25402 0.258345 0.932058 0.379311 
1533575365046 0.181027 0.93393 -0.308227 -0.605594 -0.950107 0.247022 0.190464 -0.253545 0.254019 0.25837 0.932051 0.379311 
1533575365165 0.180735 0.933798 -0.308798 -0.605546 -0.950274 0.246749 0.189985 -0.253484 0.253603 0.259105 0.93196 0.379235 
1533575365192 0.18061 0.933812 -0.308828 -0.605506 -0.950328 0.246607 0.1899 -0.253323 0.25349 0.25919 0.931967 0.379262 
1533575365225 0.180454 0.93382 -0.308896 -0.605446 -0.950394 0.246437 0.18979 -0.253192 0.253353 0.259324 0.931967 0.379263 
1533575365294 0.180668 0.933675 -0.309209 -0.6053 -0.950419 0.246634 0.189405 -0.253347 0.253105 0.259659 0.931942 0.379223 
1533575365332 0.180619 0.933625 -0.309387 -0.605178 -0.950505 0.246546 0.189092 -0.253402 0.252819 0.25992 0.931946 0.379199 
1533575365346 0.180565 0.933626 -0.309416 -0.605154 -0.950533 0.246483 0.189033 -0.253386 0.252752 0.259977 0.931949 0.379191 
1533575365362 0.180445 0.933635 -0.30946 -0.605117 -0.950588 0.246345 0.188935 -0.253341 0.25263 0.260076 0.931954 0.379176 
1533575365379 0.180342 0.933647 -0.309483 -0.605088 -0.950632 0.246228 0.188868 -0.2533 0.252539 0.260144 0.93196 0.379169 
1533575365396 0.18025 0.933663 -0.309488 -0.605062 -0.950669 0.246122 0.188819 -0.253261 0.252465 0.260186 0.931968 0.379167 
1533575365477 0.180301 0.933667 -0.309446 -0.604985 -0.950643 0.246179 0.188877 -0.253319 0.252527 0.260118 0.93197 0.37912 
1533575365491 0.180229 0.933695 -0.309405 -0.604976 -0.950605 0.246155 0.189096 -0.253343 0.252719 0.260041 0.93194 0.379107 
1533575365507 0.180079 0.933753 -0.309318 -0.604962 -0.950585 0.246047 0.18934 -0.253361 0.252904 0.259936 0.931919 0.379087 
1533575365523 0.179947 0.933843 -0.309121 -0.604929 -0.950555 0.245938 0.189628 -0.253382 0.253108 0.259714 0.931926 0.37905 
1533575365540 0.179896 0.933894 -0.308998 -0.604905 -0.950523 0.245909 0.189831 -0.253405 0.253267 0.25956 0.931925 0.379014 
1533575365566 0.179888 0.933918 -0.308931 -0.604871 -0.950454 0.245959 0.190108 -0.253461 0.253529 0.259427 0.931891 0.378953 
1533575365580 0.179891 0.933912 -0.308947 -0.604857 -0.950432 0.245987 0.190183 -0.253487 0.253611 0.259421 0.93187 0.378931 
1533575365596 0.179866 0.93391 -0.308968 -0.604814 -0.950393 0.246013 0.190342 -0.253538 0.253773 0.259404 0.931831 0.378884 
1533575365613 0.179816 0.933914 -0.308983 -0.604753 -0.950364 0.246008 0.190493 -0.253599 0.253917 0.259393 0.931795 0.378835 
1533575365638 0.179733 0.933935 -0.308967 -0.604633 -0.950332 0.245976 0.190698 -0.253708 0.254098 0.259346 0.931758 0.378761 
1533575365698 0.179616 0.934122 -0.30847 -0.604509 -0.950338 0.24578 0.190917 -0.253734 0.254156 0.258859 0.931878 0.378758 
1533575365753 0.179506 0.934303 -0.307987 -0.604624 -0.950442 0.245492 0.190769 -0.253554 0.253845 0.25848 0.932068 0.378755 
1533575365784 0.179548 0.93445 -0.307516 -0.604655 -0.950501 0.245368 0.190636 -0.253493 0.253594 0.258066 0.932251 0.378783 
1533575365816 0.179718 0.934559 -0.307086 -0.604623 -0.95051 0.245398 0.190552 -0.253528 0.25344 0.257643 0.93241 0.378778 
1533575365879 0.180015 0.934627 -0.306703 -0.604506 -0.950425 0.24563 0.190677 -0.25364 0.253547 0.257173 0.93251 0.378692 
1533575365907 0.180069 0.934741 -0.306323 -0.604415 -0.950427 0.245591 0.190721 -0.253704 0.253505 0.256795 0.932626 0.378653 
1533575365920 0.179997 0.934801 -0.306183 -0.604378 -0.950445 0.24549 0.190757 -0.253732 0.253485 0.256674 0.932665 0.378635 
1533575365937 0.179866 0.934878 -0.306026 -0.604342 -0.950472 0.245333 0.190828 -0.253748 0.253479 0.256545 0.932702 0.378613 
1533575366071 0.179773 0.93483 -0.306227 -0.604333 -0.950497 0.245279 0.190774 -0.253649 0.253452 0.256772 0.932647 0.378554 
1533575366087 0.179712 0.934749 -0.306508 -0.604337 -0.950507 0.24528 0.190723 -0.253622 0.253458 0.257063 0.932565 0.378569 
1533575366111 0.179665 0.934657 -0.306818 -0.604319 -0.950514 0.2453 0.19066 -0.253608 0.253464 0.25738 0.932476 0.378604 
1533575366176 0.179761 0.934531 -0.307144 -0.604221 -0.950467 0.245487 0.190654 -0.253699 0.253571 0.257658 0.93237 0.378637 
1533575366220 0.179626 0.934456 -0.307452 -0.604133 -0.95047 0.245445 0.190693 -0.253705 0.253657 0.257971 0.93226 0.378655 
1533575366248 0.17945 0.934391 -0.30775 -0.604067 -0.950469 0.245375 0.190786 -0.253682 0.253783 0.258271 0.932143 0.378657 
1533575366281 0.179342 0.934318 -0.308037 -0.603975 -0.950472 0.24535 0.190807 -0.253706 0.253851 0.258561 0.932044 0.37866 
1533575366329 0.179267 0.934217 -0.308387 -0.603839 -0.950482 0.245354 0.190747 -0.25378 0.253863 0.258921 0.931941 0.378672 
1533575366342 0.179268 0.93419 -0.308468 -0.603812 -0.95048 0.245374 0.190732 -0.253802 0.25387 0.259001 0.931917 0.378672 
1533575366359 0.179235 0.934114 -0.308715 -0.603776 -0.950474 0.245406 0.190722 -0.253832 0.253917 0.259242 0.931837 0.378667 
1533575366376 0.179187 0.93405 -0.308938 -0.60376 -0.95047 0.245419 0.190727 -0.253843 0.253968 0.259461 0.931762 0.378661 
1533575366393 0.179115 0.933994 -0.309148 -0.603737 -0.950472 0.245406 0.190731 -0.253844 0.254009 0.259674 0.931691 0.378658 
1533575366409 0.179052 0.93398 -0.309229 -0.603717 -0.950483 0.245364 0.19073 -0.253833 0.254012 0.259766 0.931665 0.37866 
1533575366426 0.17899 0.933994 -0.309221 -0.603705 -0.9505 0.245299 0.190729 -0.25381 0.253992 0.259776 0.931668 0.378664 
1533575366442 0.178951 0.93401 -0.309196 -0.603698 -0.950512 0.245252 0.190729 -0.253792 0.253974 0.259763 0.931676 0.378665 
1533575366459 0.178977 0.93403 -0.30912 -0.603691 -0.950508 0.245261 0.19074 -0.253798 0.253972 0.259683 0.931699 0.378662 
1533575366476 0.179036 0.934042 -0.309049 -0.603686 -0.950494 0.245304 0.190754 -0.253817 0.253983 0.259598 0.93172 0.378655 
1533575366492 0.179132 0.934116 -0.308771 -0.603656 -0.950446 0.245368 0.190909 -0.253821 0.254094 0.259272 0.93178 0.378648 
1533575366509 0.179176 0.934184 -0.308538 -0.603625 -0.950405 0.245396 0.191079 -0.253813 0.254217 0.258999 0.931823 0.378645 
1533575366526 0.1792 0.934232 -0.308379 -0.603597 -0.950364 0.245423 0.191249 -0.253804 0.254354 0.258801 0.93184 0.378641 
1533575366542 0.17919 0.934245 -0.308345 -0.603573 -0.950325 0.245448 0.191409 -0.2538 0.254506 0.258729 0.931819 0.378648 
1533575366559 0.17905 0.934277 -0.308329 -0.603527 -0.950323 0.245342 0.191557 -0.253806 0.254614 0.258713 0.931794 0.378663 
1533575366576 0.178957 0.934302 -0.308307 -0.603483 -0.95033 0.245261 0.191624 -0.25382 0.254651 0.258701 0.931787 0.378686 
1533575366592 0.17891 0.934315 -0.308296 -0.603458 -0.950337 0.245215 0.191647 -0.253828 0.254657 0.258698 0.931786 0.378703 
1533575366609 0.178846 0.934313 -0.30834 -0.603446 -0.950352 0.245162 0.191642 -0.253825 0.254647 0.258757 0.931772 0.378717 
1533575366626 0.178804 0.934314 -0.308362 -0.603438 -0.950381 0.245105 0.19157 -0.253816 0.254568 0.258808 0.93178 0.378718 
1533575366644 0.178787 0.934304 -0.308401 -0.603436 -0.950435 0.245046 0.191381 -0.253825 0.25438 0.258899 0.931806 0.378707 
1533575366659 0.178791 0.934292 -0.308435 -0.603434 -0.950491 0.244998 0.191161 -0.253849 0.254166 0.258986 0.93184 0.37869 
1533575366676 0.17881 0.934283 -0.308451 -0.603425 -0.950555 0.244951 0.190905 -0.253879 0.253915 0.259064 0.931887 0.378667 
1533575366692 0.178851 0.934275 -0.308453 -0.603412 -0.950594 0.244941 0.190719 -0.253893 0.253737 0.259103 0.931924 0.378633 
1533575366709 0.178834 0.934282 -0.308442 -0.603394 -0.950625 0.244895 0.190625 -0.253886 0.253633 0.259122 0.931947 0.378592 
1533575366726 0.178817 0.934305 -0.30838 -0.603372 -0.950657 0.244838 0.190542 -0.25388 0.253528 0.259091 0.931985 0.378571 
1533575366742 0.178809 0.934363 -0.308209 -0.603338 -0.950695 0.244757 0.190454 -0.253875 0.25339 0.258958 0.932059 0.378562 
1533575366759 0.178801 0.934407 -0.308082 -0.603312 -0.95072 0.2447 0.190403 -0.253869 0.253301 0.258856 0.932112 0.378558 
1533575366776 0.178798 0.934437 -0.307992 -0.603295 -0.950708 0.244692 0.190473 -0.253856 0.253348 0.258754 0.932127 0.378574 
1533575366792 0.178803 0.934469 -0.307893 -0.603277 -0.950676 0.244708 0.190612 -0.25384 0.253465 0.258624 0.932131 0.378611 
1533575366809 0.178807 0.934501 -0.307793 -0.60326 -0.950655 0.244712 0.190712 -0.25383 0.253541 0.258504 0.932144 0.378651 
1533575366826 0.178813 0.934532 -0.307694 -0.603242 -0.950639 0.244712 0.190791 -0.253823 0.253597 0.25839 0.932161 0.378688 
1533575366842 0.17882 0.934572 -0.30757 -0.603214 -0.950626 0.244705 0.190863 -0.253817 0.253639 0.258254 0.932187 0.378727 
1533575366859 0.178824 0.934606 -0.307462 -0.603186 -0.950621 0.244692 0.190906 -0.253815 0.253656 0.258141 0.932213 0.378754 
1533575366876 0.178828 0.934644 -0.307344 -0.603149 -0.950627 0.244665 0.190913 -0.253816 0.253633 0.258029 0.932251 0.378767 
1533575366892 0.178837 0.93469 -0.307201 -0.603112 -0.950641 0.244628 0.190891 -0.25382 0.253573 0.2579 0.932303 0.378774 
1533575366909 0.178857 0.934738 -0.307041 -0.603071 -0.950663 0.244589 0.190832 -0.253831 0.253477 0.257761 0.932367 0.378766 
1533575366926 0.178879 0.934769 -0.306936 -0.603041 -0.950679 0.244566 0.190778 -0.253845 0.2534 0.257671 0.932413 0.378749 
1533575366943 0.178899 0.93478 -0.306889 -0.603022 -0.950688 0.244563 0.190738 -0.253863 0.253352 0.257633 0.932437 0.378727 
1533575367007 0.178609 0.934844 -0.306865 -0.603028 -0.95076 0.244267 0.190761 -0.253902 0.253289 0.257684 0.93244 0.378577 
1533575367021 0.178525 0.934909 -0.306713 -0.603009 -0.95079 0.244143 0.19077 -0.253904 0.253235 0.257563 0.932488 0.37854 
1533575367040 0.17845 0.934988 -0.306516 -0.602984 -0.950816 0.24402 0.190797 -0.253905 0.253189 0.257393 0.932547 0.378497 
1533575367054 0.178417 0.935028 -0.306415 -0.602971 -0.950827 0.243963 0.190814 -0.253904 0.25317 0.257304 0.932577 0.378478 
1533575367074 0.178375 0.935107 -0.306197 -0.602942 -0.950843 0.24387 0.190854 -0.253898 0.253141 0.257102 0.93264 0.378438 
1533575367220 0.178205 0.935133 -0.306217 -0.602839 -0.95088 0.243709 0.190875 -0.253902 0.253122 0.257161 0.93263 0.378423 
1533575367233 0.178155 0.935046 -0.306512 -0.602861 -0.950882 0.24373 0.190839 -0.253909 0.25315 0.257458 0.93254 0.378431 
1533575367250 0.178115 0.93495 -0.306829 -0.602884 -0.950882 0.243764 0.190793 -0.253913 0.253176 0.257775 0.932445 0.378439 
1533575367266 0.178135 0.934879 -0.307033 -0.602896 -0.950862 0.243841 0.190795 -0.253912 0.253238 0.257958 0.932378 0.378447 
1533575367283 0.178152 0.934858 -0.307088 -0.602886 -0.950845 0.243883 0.190829 -0.253908 0.253291 0.257996 0.932353 0.378464 
1533575367327 0.178125 0.934823 -0.307209 -0.602844 -0.950815 0.243917 0.190932 -0.253895 0.253421 0.258089 0.932292 0.3785 
1533575367343 0.178073 0.934811 -0.307277 -0.602799 -0.95081 0.243897 0.190982 -0.253888 0.253476 0.258154 0.932259 0.378519 
1533575367357 0.178022 0.934794 -0.307357 -0.602762 -0.950806 0.24388 0.191024 -0.253883 0.253526 0.258231 0.932224 0.378533 
1533575367373 0.177962 0.934766 -0.307476 -0.60271 -0.950799 0.243866 0.191078 -0.253882 0.253596 0.258343 0.932174 0.378551 
1533575367390 0.177899 0.934744 -0.307582 -0.602657 -0.950801 0.243839 0.191105 -0.253885 0.253634 0.258451 0.932133 0.378569 
1533575367407 0.177848 0.934735 -0.307638 -0.602619 -0.950815 0.243797 0.191086 -0.253888 0.253616 0.258523 0.932118 0.378581 
1533575367424 0.17783 0.93472 -0.307694 -0.602584 -0.950824 0.243785 0.191054 -0.253906 0.253593 0.258588 0.932107 0.378589 
1533575367440 0.177841 0.934692 -0.307773 -0.602565 -0.950829 0.243805 0.191006 -0.253933 0.253568 0.258671 0.932091 0.37859 
1533575367457 0.177877 0.934674 -0.307804 -0.602575 -0.950833 0.243834 0.190946 -0.253953 0.253526 0.258706 0.932092 0.378584 
1533575367489 0.177927 0.934672 -0.307783 -0.602605 -0.950865 0.243835 0.190787 -0.253924 0.253372 0.258714 0.932132 0.378576 
1533575367544 0.178226 0.934639 -0.30771 -0.60264 -0.950965 0.243942 0.190151 -0.25381 0.252786 0.258732 0.932286 0.378521 
1533575367566 0.178157 0.934663 -0.307676 -0.602602 -0.951082 0.243764 0.189794 -0.253753 0.252394 0.258812 0.93237 0.378487 
1533575367579 0.178102 0.934672 -0.30768 -0.602571 -0.951157 0.243647 0.18957 -0.253716 0.252152 0.258889 0.932414 0.378467 
1533575367596 0.178052 0.934645 -0.307793 -0.602541 -0.95123 0.243557 0.189318 -0.253686 0.25191 0.259074 0.932428 0.378437 
1533575367612 0.178045 0.934601 -0.307929 -0.602514 -0.951279 0.243529 0.189108 -0.253683 0.25173 0.259256 0.932426 0.378409 
1533575367688 0.17827 0.934557 -0.307933 -0.602454 -0.951296 0.243681 0.188827 -0.25379 0.251507 0.259273 0.932482 0.378445 
1533575367715 0.178448 0.93464 -0.307578 -0.602454 -0.951255 0.243785 0.188901 -0.253819 0.251537 0.258876 0.932584 0.378452 
1533575367729 0.178496 0.934703 -0.307359 -0.602456 -0.951248 0.243784 0.188937 -0.253809 0.251529 0.258651 0.932648 0.378456 
1533575367747 0.178493 0.934765 -0.307171 -0.60247 -0.951247 0.243744 0.18899 -0.253771 0.251533 0.258462 0.9327 0.378462 
1533575367762 0.178431 0.934847 -0.306959 -0.602486 -0.951262 0.24364 0.189052 -0.2537 0.251522 0.258265 0.932757 0.378476 
1533575367786 0.178382 0.934937 -0.306711 -0.602503 -0.951296 0.243518 0.189036 -0.25364 0.251426 0.258053 0.932842 0.378497 
1533575367800 0.178374 0.934985 -0.306571 -0.602506 -0.951322 0.243457 0.188984 -0.253622 0.251334 0.257938 0.932898 0.378508 
1533575367816 0.178372 0.935049 -0.306378 -0.602506 -0.951371 0.243366 0.188854 -0.253605 0.251149 0.257793 0.932988 0.378505 
1533575367833 0.178419 0.935092 -0.306217 -0.602497 -0.951421 0.243317 0.188665 -0.253603 0.250927 0.25768 0.933079 0.37848 
1533575367850 0.178604 0.935106 -0.306067 -0.602483 -0.951473 0.243372 0.188331 -0.25363 0.250598 0.257578 0.933196 0.378451 
1533575367945 0.178641 0.935139 -0.305945 -0.602436 -0.951423 0.243427 0.188515 -0.253705 0.250763 0.257407 0.933199 0.378291 
1533575367959 0.178439 0.935187 -0.305917 -0.602426 -0.951379 0.243314 0.18888 -0.253693 0.251072 0.257339 0.933134 0.378291 
1533575367975 0.178235 0.935263 -0.305803 -0.602404 -0.951312 0.243207 0.189354 -0.25369 0.25147 0.257165 0.933075 0.37831 
1533575368011 0.178186 0.935346 -0.305579 -0.602361 -0.951189 0.24325 0.189917 -0.253719 0.25197 0.256823 0.933034 0.37836 
1533575368059 0.178162 0.935398 -0.305432 -0.602328 -0.951131 0.243262 0.190194 -0.253774 0.252207 0.256621 0.933026 0.378336 
1533575368073 0.178144 0.935428 -0.30535 -0.602315 -0.95113 0.243233 0.190236 -0.253787 0.252224 0.256538 0.933044 0.378324 
1533575368090 0.178134 0.93551 -0.305107 -0.60228 -0.951128 0.243178 0.190317 -0.253809 0.252239 0.256293 0.933107 0.378311 
1533575368106 0.178135 0.935565 -0.304935 -0.602256 -0.951114 0.243157 0.190412 -0.253819 0.25229 0.256109 0.933144 0.378302 
1533575368178 0.17811 0.93561 -0.304811 -0.602198 -0.951043 0.243186 0.190731 -0.253899 0.252576 0.255917 0.933119 0.378231 
1533575368208 0.177922 0.935505 -0.305243 -0.602194 -0.951011 0.243165 0.190918 -0.253915 0.252829 0.256321 0.93294 0.378213 
1533575368247 0.177449 0.935426 -0.30576 -0.602131 -0.950978 0.242948 0.191358 -0.253933 0.253285 0.256815 0.93268 0.378259 
1533575368280 0.177142 0.935459 -0.305838 -0.602003 -0.950917 0.242794 0.191856 -0.254007 0.253729 0.256841 0.932553 0.378318 
1533575368316 0.176844 0.93549 -0.305917 -0.601889 -0.95082 0.242683 0.192473 -0.254076 0.254297 0.256834 0.9324 0.378345 
1533575368354 0.176566 0.935491 -0.306072 -0.601787 -0.95073 0.242597 0.193029 -0.254138 0.254829 0.256909 0.932234 0.378302 
1533575368397 0.176288 0.935479 -0.30627 -0.601682 -0.950638 0.24252 0.193574 -0.254218 0.255361 0.257027 0.932056 0.378229 
1533575368411 0.176237 0.935475 -0.306311 -0.601652 -0.95061 0.242518 0.193715 -0.254242 0.255502 0.257043 0.932013 0.378216 
1533575368427 0.17611 0.935479 -0.306372 -0.601601 -0.950567 0.242478 0.193977 -0.254274 0.25575 0.257066 0.931938 0.378193 
1533575368445 0.175913 0.935499 -0.306426 -0.601559 -0.950546 0.242362 0.194226 -0.25429 0.255964 0.257105 0.931869 0.37817 
1533575368461 0.175744 0.935518 -0.306463 -0.601528 -0.950532 0.242256 0.194426 -0.254295 0.256132 0.257134 0.931815 0.378153 
1533575368477 0.175634 0.935535 -0.306476 -0.601511 -0.950525 0.242182 0.194551 -0.254291 0.256232 0.257143 0.931785 0.378146 
1533575368494 0.175531 0.93557 -0.306428 -0.601477 -0.950498 0.242121 0.194759 -0.25427 0.256404 0.257073 0.931757 0.378172 
1533575368542 0.175581 0.935566 -0.306412 -0.601458 -0.950521 0.242133 0.194633 -0.254285 0.256284 0.257077 0.931789 0.378216 
1533575368587 0.175639 0.935551 -0.306423 -0.601329 -0.950594 0.242105 0.19431 -0.254353 0.255974 0.257155 0.931852 0.3782 
1533575368609 0.175619 0.93556 -0.306406 -0.601228 -0.950612 0.242068 0.194266 -0.254398 0.255919 0.257157 0.931867 0.378186 
1533575368628 0.175592 0.935546 -0.306464 -0.601128 -0.950612 0.242061 0.194277 -0.254451 0.255938 0.257215 0.931846 0.37814 
1533575368643 0.1755 0.935552 -0.306501 -0.601073 -0.950609 0.242002 0.194367 -0.254476 0.256014 0.257251 0.931815 0.378104 
1533575368659 0.175316 0.93557 -0.306549 -0.601004 -0.950617 0.241865 0.194499 -0.254507 0.256111 0.257312 0.931771 0.378058 
1533575368676 0.17517 0.935582 -0.306597 -0.600941 -0.950622 0.241759 0.194602 -0.254543 0.256189 0.257369 0.931734 0.378017 
1533575368694 0.175057 0.935583 -0.306658 -0.600891 -0.95062 0.241688 0.194699 -0.254579 0.256273 0.257432 0.931694 0.377973 
1533575368713 0.174987 0.93558 -0.306709 -0.600856 -0.950626 0.24164 0.194733 -0.254606 0.256301 0.25749 0.93167 0.377947 
1533575368732 0.17495 0.935594 -0.306687 -0.600833 -0.950648 0.241585 0.194691 -0.254611 0.256243 0.25749 0.931686 0.377959 
1533575368799 0.175317 0.935605 -0.306442 -0.600785 -0.950758 0.241701 0.194011 -0.254606 0.255585 0.257339 0.931908 0.378099 
1533575368827 0.175338 0.935643 -0.306313 -0.600738 -0.95088 0.241568 0.193578 -0.254554 0.255116 0.257325 0.932041 0.37809 
1533575368849 0.175129 0.935714 -0.306218 -0.600684 -0.951007 0.241261 0.193334 -0.254485 0.254784 0.257357 0.932123 0.378054 
1533575368862 0.175042 0.935756 -0.306138 -0.60064 -0.951072 0.241114 0.193201 -0.254466 0.254603 0.257341 0.932177 0.378035 
1533575368879 0.174981 0.935816 -0.30599 -0.600572 -0.951151 0.240957 0.193008 -0.254466 0.254351 0.25727 0.932265 0.37801 
1533575368896 0.174954 0.935855 -0.305886 -0.600492 -0.951221 0.240845 0.192803 -0.254494 0.254107 0.257233 0.932342 0.377979 
1533575368912 0.174952 0.935868 -0.305847 -0.600443 -0.951247 0.240809 0.192718 -0.254517 0.25401 0.25722 0.932372 0.377967 
1533575368929 0.174953 0.935882 -0.305805 -0.600387 -0.951269 0.240778 0.192649 -0.254543 0.253927 0.257198 0.9324 0.377965 
1533575368946 0.174956 0.935898 -0.305755 -0.600341 -0.951276 0.240763 0.192633 -0.254562 0.253899 0.257155 0.93242 0.377985 
1533575368962 0.174991 0.935893 -0.30575 -0.600324 -0.951264 0.240801 0.192644 -0.254591 0.253919 0.257137 0.932419 0.378002 
1533575368979 0.175012 0.935882 -0.30577 -0.600329 -0.95124 0.240845 0.192709 -0.25462 0.253996 0.257134 0.932399 0.378014 
1533575368996 0.175077 0.935856 -0.305812 -0.600347 -0.95121 0.240934 0.192747 -0.254658 0.254064 0.257146 0.932377 0.378016 
1533575369012 0.175058 0.935858 -0.305817 -0.600355 -0.951176 0.240954 0.192885 -0.254665 0.254201 0.25712 0.932347 0.378016 
1533575369029 0.17495 0.935881 -0.305809 -0.600356 -0.951154 0.240893 0.193072 -0.254648 0.254359 0.257093 0.932311 0.378013 
1533575369046 0.174848 0.935904 -0.305797 -0.600354 -0.951147 0.240821 0.193196 -0.254631 0.254455 0.257078 0.932289 0.378012 
1533575369062 0.174755 0.935947 -0.305719 -0.600325 -0.951147 0.240734 0.193305 -0.254622 0.25452 0.257003 0.932292 0.378016 
1533575369083 0.174614 0.936053 -0.305473 -0.60022 -0.951188 0.240535 0.193349 -0.254616 0.254462 0.256801 0.932364 0.378039 
1533575369112 0.174501 0.936155 -0.305227 -0.600073 -0.951248 0.240338 0.193298 -0.254628 0.254314 0.256616 0.932455 0.378073 
1533575369151 0.174407 0.936174 -0.305223 -0.599939 -0.951314 0.2402 0.193149 -0.254657 0.254135 0.256676 0.932487 0.378082 
1533575369207 0.174402 0.935931 -0.30597 -0.599885 -0.95134 0.240324 0.192866 -0.254764 0.254041 0.257445 0.932301 0.378067 
