1534349973217 0.0697674 0.815332 -0.574775 -0.598206 -0.956662 0.217979 0.193087 -0.231463 0.282719 0.536394 0.795205 0.422929 
1534349977319 0.0697675 0.815332 -0.574775 -0.598206 -0.956662 0.21798 0.193089 -0.231463 0.282721 0.536394 0.795205 0.42293 
1534349977619 0.0751264 0.816612 -0.572277 -0.599239 -0.956891 0.220508 0.189037 -0.23067 0.280562 0.533405 0.797975 0.422179 
1534349977927 0.081623 0.818236 -0.569059 -0.600583 -0.957267 0.223305 0.183779 -0.22977 0.277449 0.529741 0.801497 0.421361 
1534349978227 0.0879243 0.819784 -0.565883 -0.601871 -0.957551 0.226117 0.178792 -0.228832 0.274527 0.526142 0.804866 0.42053 
1534349978659 0.100867 0.822705 -0.559448 -0.60435 -0.957969 0.2321 0.168598 -0.22718 0.268555 0.518927 0.811537 0.418842 
1534349978955 0.107071 0.82417 -0.556129 -0.605681 -0.958136 0.234918 0.163674 -0.226217 0.26554 0.515322 0.81482 0.418083 
1534349979259 0.113561 0.82566 -0.552621 -0.607001 -0.958276 0.237881 0.158491 -0.225334 0.262317 0.511565 0.818224 0.417259 
1534349979555 0.119845 0.827251 -0.548902 -0.608376 -0.958525 0.240422 0.15306 -0.224314 0.258587 0.507792 0.821754 0.416459 
1534349979852 0.126164 0.828478 -0.545626 -0.60961 -0.958534 0.243488 0.148072 -0.223442 0.255528 0.50432 0.824844 0.415626 
1534349979872 0.126415 0.828578 -0.545416 -0.609672 -0.958548 0.243568 0.147851 -0.223356 0.255352 0.504117 0.825022 0.415587 
1534349980017 0.127267 0.828895 -0.544735 -0.609743 -0.958442 0.244147 0.147583 -0.223371 0.255326 0.503315 0.82552 0.415491 
1534349980097 0.127938 0.829341 -0.543898 -0.609894 -0.95832 0.244625 0.147587 -0.223296 0.255451 0.502346 0.826071 0.415254 
1534349980185 0.128696 0.829689 -0.543189 -0.610035 -0.958277 0.245019 0.14721 -0.223191 0.25523 0.50158 0.826605 0.414948 
1534349980344 0.130552 0.830551 -0.541425 -0.6103 -0.958031 0.246253 0.146749 -0.223097 0.25521 0.499544 0.827843 0.414651 
1534349980429 0.131331 0.830933 -0.540649 -0.610526 -0.957972 0.246679 0.146422 -0.222925 0.255034 0.498697 0.828407 0.414318 
1534349980526 0.132372 0.83141 -0.539662 -0.610613 -0.957859 0.24732 0.146074 -0.222967 0.254917 0.497584 0.829112 0.41417 
1534349980602 0.133241 0.831756 -0.538915 -0.61075 -0.957731 0.247936 0.145875 -0.222899 0.254949 0.496699 0.829633 0.414028 
1534349980623 0.133333 0.831813 -0.538803 -0.610793 -0.957717 0.247996 0.145862 -0.222832 0.254951 0.496573 0.829708 0.413967 
1534349980640 0.133454 0.831867 -0.538691 -0.61082 -0.957698 0.248082 0.14584 -0.222793 0.254959 0.496441 0.829785 0.413924 
1534349980675 0.133713 0.831992 -0.538433 -0.610871 -0.957678 0.248224 0.14573 -0.222751 0.254898 0.496159 0.829972 0.413827 
1534349980777 0.133815 0.832434 -0.537724 -0.610857 -0.95761 0.248291 0.146065 -0.222761 0.255102 0.495384 0.830372 0.413707 
1534349980834 0.134039 0.832908 -0.536934 -0.610753 -0.957488 0.248516 0.14648 -0.222886 0.255441 0.494474 0.83081 0.413727 
1534349980919 0.134322 0.833247 -0.536337 -0.610744 -0.957391 0.24876 0.1467 -0.223053 0.255656 0.493779 0.831157 0.41356 
1534349980973 0.134578 0.833712 -0.53555 -0.610771 -0.957327 0.248892 0.146895 -0.22302 0.255762 0.492927 0.83163 0.41351 
1534349981060 0.134539 0.834155 -0.534869 -0.610805 -0.957288 0.248825 0.147262 -0.222877 0.255928 0.492211 0.832003 0.413321 
1534349981123 0.134969 0.834546 -0.534151 -0.610792 -0.957197 0.249119 0.147353 -0.222978 0.25604 0.491399 0.832448 0.413237 
1534349981208 0.135381 0.834916 -0.533468 -0.6108 -0.957091 0.249439 0.147503 -0.223051 0.25622 0.490608 0.83286 0.413083 
1534349981225 0.13544 0.835028 -0.533277 -0.610797 -0.95707 0.249478 0.14757 -0.223052 0.256266 0.490397 0.83297 0.41306 
1534349981241 0.13552 0.835201 -0.532986 -0.610797 -0.957045 0.24952 0.147661 -0.223048 0.256317 0.490081 0.83314 0.413025 
1534349981337 0.135481 0.835339 -0.532779 -0.610803 -0.957064 0.249426 0.147701 -0.223023 0.256269 0.489893 0.833265 0.412938 
1534349981357 0.135145 0.835195 -0.53309 -0.610792 -0.957169 0.249088 0.147593 -0.223042 0.256055 0.49031 0.833086 0.412939 
1534349981385 0.134884 0.834974 -0.533502 -0.610755 -0.957271 0.248814 0.14739 -0.223132 0.25581 0.490825 0.832858 0.412955 
1534349981458 0.135086 0.834859 -0.533632 -0.610621 -0.957267 0.248961 0.147168 -0.223437 0.255718 0.490948 0.832814 0.4131 
1534349981483 0.13489 0.834867 -0.533668 -0.610579 -0.957358 0.248679 0.14705 -0.223551 0.25548 0.491076 0.832811 0.413089 
1534349981516 0.134616 0.834909 -0.533671 -0.610555 -0.95748 0.248289 0.146919 -0.223617 0.255169 0.491202 0.832832 0.413077 
1534349981581 0.134407 0.834948 -0.533663 -0.610525 -0.957589 0.247957 0.146767 -0.223691 0.254868 0.491304 0.832864 0.413072 
1534349981611 0.134134 0.83499 -0.533666 -0.610502 -0.957698 0.24759 0.146676 -0.223746 0.254603 0.491417 0.832879 0.41307 
1534349981627 0.134008 0.835005 -0.533675 -0.610479 -0.957755 0.247409 0.146608 -0.223799 0.254454 0.491483 0.832885 0.413069 
1534349981644 0.133965 0.835004 -0.533687 -0.610455 -0.957788 0.247324 0.14654 -0.223858 0.254355 0.491527 0.832889 0.413067 
1534349981745 0.133697 0.835 -0.53376 -0.610329 -0.957896 0.246972 0.146421 -0.224139 0.254086 0.491711 0.832863 0.413064 
1534349981839 0.132622 0.834869 -0.534233 -0.61024 -0.957865 0.246497 0.147425 -0.22422 0.254767 0.492171 0.832383 0.413162 
1534349981940 0.132256 0.834699 -0.53459 -0.610033 -0.957858 0.246363 0.147696 -0.224672 0.254985 0.492528 0.832105 0.413241 
1534349982045 0.13138 0.834654 -0.534876 -0.609943 -0.957974 0.245683 0.148075 -0.224819 0.255002 0.492943 0.831854 0.413203 
1534349982135 0.130848 0.834531 -0.535198 -0.609791 -0.958023 0.245336 0.148329 -0.225147 0.255088 0.493324 0.831602 0.413248 
1534349982239 0.130121 0.834388 -0.535598 -0.609652 -0.958085 0.244866 0.148706 -0.22541 0.255228 0.493798 0.831277 0.413292 
1534349982341 0.129662 0.834225 -0.535964 -0.609495 -0.958139 0.244561 0.148862 -0.225773 0.25526 0.494226 0.831013 0.413314 
1534349982440 0.12876 0.834248 -0.536145 -0.609398 -0.958254 0.243846 0.149294 -0.225897 0.255285 0.49454 0.830818 0.413363 
1534349982462 0.12858 0.834231 -0.536214 -0.609358 -0.958282 0.243698 0.149352 -0.22598 0.255268 0.494641 0.830764 0.413376 
1534349982477 0.128439 0.834217 -0.53627 -0.609319 -0.958306 0.243581 0.149394 -0.226059 0.255252 0.494723 0.83072 0.413387 
1534349982583 0.128383 0.83413 -0.536419 -0.609157 -0.958251 0.243681 0.149581 -0.226212 0.255486 0.49482 0.83059 0.413399 
1534349982631 0.128188 0.834215 -0.536334 -0.608961 -0.958318 0.243422 0.149574 -0.226092 0.255332 0.494805 0.830647 0.413284 
1534349982756 0.127989 0.834389 -0.536111 -0.608399 -0.958327 0.243249 0.149799 -0.22629 0.255398 0.494597 0.83075 0.413266 
1534349982799 0.127367 0.834531 -0.536037 -0.608116 -0.958445 0.242643 0.150024 -0.226304 0.255265 0.494654 0.830757 0.413262 
1534349982898 0.127526 0.834727 -0.535694 -0.607719 -0.958365 0.24283 0.150235 -0.226662 0.255488 0.494231 0.83094 0.413383 
1534349982939 0.127228 0.834728 -0.535763 -0.607497 -0.958424 0.242552 0.150303 -0.226678 0.255413 0.494365 0.830883 0.41332 
1534349983032 0.126754 0.834908 -0.535594 -0.607234 -0.958475 0.242146 0.150635 -0.226693 0.255459 0.49426 0.830932 0.413307 
1534349983052 0.126667 0.834918 -0.535599 -0.607129 -0.958499 0.242049 0.150636 -0.226744 0.25541 0.494291 0.830928 0.413282 
1534349983069 0.12658 0.834899 -0.53565 -0.607021 -0.958522 0.241964 0.150631 -0.226809 0.25537 0.494366 0.830896 0.41325 
1534349983101 0.126454 0.834876 -0.535716 -0.606852 -0.958556 0.241834 0.150618 -0.226918 0.255302 0.494468 0.830856 0.41321 
1534349983233 0.125854 0.834872 -0.535864 -0.606653 -0.958576 0.24147 0.151075 -0.226714 0.255523 0.494653 0.830678 0.413358 
1534349983289 0.12545 0.834851 -0.535991 -0.60639 -0.958633 0.241146 0.151234 -0.226727 0.25551 0.494846 0.830567 0.413495 
1534349983398 0.125296 0.834709 -0.536248 -0.606031 -0.95867 0.241029 0.151184 -0.226926 0.255446 0.495142 0.830411 0.413577 
1534349983455 0.124973 0.834566 -0.536545 -0.605736 -0.958752 0.240734 0.151135 -0.227039 0.255297 0.495526 0.830227 0.413573 
1534349983558 0.124438 0.834765 -0.53636 -0.605454 -0.958789 0.240314 0.151568 -0.226979 0.255419 0.495395 0.830268 0.413852 
1534349983620 0.124034 0.834759 -0.536464 -0.605154 -0.958869 0.239938 0.151655 -0.227004 0.255313 0.495588 0.830185 0.413917 
1534349983724 0.123859 0.834645 -0.536681 -0.604788 -0.958901 0.239812 0.151653 -0.227229 0.255279 0.49584 0.830045 0.413976 
1534349983742 0.12371 0.834619 -0.536756 -0.604706 -0.958925 0.239692 0.151693 -0.227214 0.255262 0.495943 0.829989 0.413971 
1534349983761 0.123569 0.834592 -0.53683 -0.60462 -0.958948 0.239576 0.151728 -0.227212 0.255242 0.496044 0.829935 0.413971 
1534349983905 0.123254 0.834686 -0.536756 -0.604464 -0.95897 0.239334 0.151972 -0.227139 0.255313 0.496002 0.829938 0.414141 
1534349983947 0.122912 0.834598 -0.536972 -0.604301 -0.959051 0.239014 0.151966 -0.227047 0.255174 0.496305 0.8298 0.414102 
1534349984045 0.123072 0.834434 -0.53719 -0.60403 -0.95907 0.239111 0.151692 -0.227231 0.255025 0.496534 0.829708 0.41417 
1534349984090 0.122721 0.83435 -0.537401 -0.60386 -0.959152 0.238783 0.151694 -0.22717 0.254888 0.496833 0.829572 0.414138 
1534349984191 0.122635 0.834351 -0.537419 -0.603594 -0.959176 0.238687 0.151688 -0.227263 0.254836 0.496878 0.829561 0.414254 
1534349984240 0.122325 0.834305 -0.537561 -0.603424 -0.95923 0.238424 0.151761 -0.227189 0.254782 0.49708 0.829456 0.414264 
1534349984321 0.122009 0.834289 -0.537658 -0.603233 -0.959279 0.23816 0.151869 -0.227135 0.254752 0.497235 0.829373 0.414335 
1534349984341 0.121913 0.834279 -0.537695 -0.603182 -0.959299 0.238069 0.15188 -0.227123 0.254719 0.497294 0.829347 0.414345 
1534349984358 0.121845 0.834259 -0.537741 -0.603133 -0.959318 0.238001 0.15187 -0.227123 0.254682 0.49736 0.829319 0.414342 
1534349984374 0.121769 0.834229 -0.537805 -0.603071 -0.959341 0.237923 0.151849 -0.227128 0.254633 0.497448 0.829281 0.414335 
1534349984473 0.121789 0.834277 -0.537726 -0.602969 -0.959304 0.237992 0.15197 -0.227243 0.25476 0.497335 0.82931 0.414446 
1534349984499 0.121541 0.834384 -0.537616 -0.602949 -0.959258 0.237915 0.152383 -0.227213 0.255053 0.497192 0.829306 0.414472 
1534349984583 0.120629 0.83449 -0.537657 -0.602713 -0.959206 0.237481 0.153384 -0.227194 0.255681 0.497221 0.829095 0.414384 
1534349984608 0.120357 0.83452 -0.537671 -0.602564 -0.959224 0.237288 0.153573 -0.227242 0.255742 0.497264 0.829051 0.414348 
1534349984634 0.120079 0.834551 -0.537686 -0.602406 -0.959231 0.23711 0.153801 -0.227303 0.255845 0.497297 0.828999 0.414318 
1534349984678 0.12 0.834577 -0.537663 -0.602214 -0.959138 0.23724 0.154183 -0.227419 0.256233 0.497191 0.828943 0.414344 
1534349984695 0.119953 0.834592 -0.537651 -0.602171 -0.959111 0.237262 0.154316 -0.227442 0.256355 0.497156 0.828926 0.414363 
1534349984715 0.119778 0.834622 -0.537643 -0.602116 -0.959101 0.237175 0.154512 -0.227451 0.256475 0.497146 0.828895 0.414379 
1534349984732 0.11954 0.834641 -0.537666 -0.602053 -0.959103 0.237032 0.154715 -0.227443 0.256576 0.497183 0.828841 0.41438 
1534349984748 0.119307 0.834646 -0.537709 -0.601979 -0.959101 0.236905 0.154924 -0.227429 0.256693 0.497234 0.828775 0.414374 
1534349984803 0.119037 0.83465 -0.537764 -0.60183 -0.959055 0.236841 0.155303 -0.227458 0.256988 0.497258 0.828668 0.414363 
1534349984865 0.118832 0.834714 -0.53771 -0.601727 -0.959022 0.236773 0.155613 -0.227545 0.257208 0.497184 0.828645 0.414299 
1534349984892 0.118421 0.834762 -0.537725 -0.601607 -0.959043 0.236488 0.155916 -0.227514 0.257318 0.497238 0.828578 0.414216 
1534349984917 0.118097 0.834792 -0.537751 -0.60148 -0.959056 0.236274 0.156164 -0.227515 0.257421 0.49729 0.828515 0.414157 
1534349984953 0.117789 0.834852 -0.537725 -0.60131 -0.959051 0.236093 0.156468 -0.227562 0.257581 0.497275 0.828474 0.414143 
1534349984973 0.117717 0.834881 -0.537696 -0.601225 -0.959039 0.236065 0.156578 -0.227624 0.257655 0.49724 0.828472 0.414162 
1534349984993 0.11761 0.8349 -0.537689 -0.601162 -0.959019 0.236038 0.156741 -0.227662 0.257778 0.49722 0.828446 0.41417 
1534349985010 0.117471 0.834919 -0.537691 -0.601107 -0.959001 0.235989 0.156925 -0.227678 0.257908 0.497213 0.82841 0.414175 
1534349985027 0.117294 0.834944 -0.53769 -0.601053 -0.958979 0.235925 0.157157 -0.227673 0.258072 0.4972 0.828367 0.414182 
1534349985051 0.117064 0.834979 -0.537687 -0.600994 -0.958947 0.235847 0.157469 -0.227642 0.258295 0.497179 0.82831 0.414188 
1534349985107 0.116936 0.834966 -0.537734 -0.600909 -0.959005 0.235668 0.157386 -0.227599 0.258139 0.497285 0.828294 0.414147 
1534349985144 0.117072 0.834916 -0.537782 -0.600848 -0.95912 0.235537 0.156881 -0.227577 0.25765 0.497431 0.828359 0.414134 
1534349985179 0.117081 0.834904 -0.537799 -0.60076 -0.959198 0.235394 0.156616 -0.227557 0.257354 0.497519 0.828398 0.414117 
1534349985211 0.116994 0.834909 -0.537809 -0.600663 -0.959248 0.235246 0.15653 -0.22754 0.257206 0.497579 0.828408 0.414084 
1534349985232 0.116957 0.834905 -0.537823 -0.600606 -0.959273 0.235179 0.156479 -0.227542 0.25713 0.497618 0.828408 0.414067 
1534349985248 0.116916 0.834926 -0.5378 -0.600546 -0.959293 0.23511 0.156458 -0.227542 0.257073 0.497616 0.828427 0.414063 
1534349985264 0.116877 0.834939 -0.537788 -0.600498 -0.959307 0.235059 0.156455 -0.227544 0.257042 0.497618 0.828436 0.414068 
1534349985360 0.116979 0.835057 -0.537584 -0.60033 -0.959345 0.235008 0.156296 -0.227607 0.256852 0.497445 0.828599 0.414177 
1534349985383 0.117071 0.835043 -0.537584 -0.600363 -0.959432 0.234896 0.155933 -0.227581 0.256487 0.49752 0.828666 0.414192 
1534349985409 0.117364 0.835017 -0.537562 -0.600411 -0.959493 0.234949 0.155472 -0.227526 0.256122 0.49754 0.828767 0.414198 
1534349985471 0.117572 0.83499 -0.537558 -0.600423 -0.959639 0.234789 0.154811 -0.227357 0.255478 0.49766 0.828894 0.414148 
1534349985497 0.117539 0.835012 -0.53753 -0.600339 -0.959741 0.234566 0.154519 -0.227308 0.255112 0.497728 0.828966 0.414108 
1534349985531 0.117757 0.835006 -0.537493 -0.600211 -0.959832 0.234512 0.154032 -0.22735 0.254666 0.497765 0.829081 0.414112 
1534349985572 0.118128 0.834992 -0.537433 -0.600062 -0.959919 0.234555 0.153429 -0.227448 0.25417 0.497767 0.829232 0.414119 
1534349985589 0.118193 0.834975 -0.537444 -0.600034 -0.959945 0.234545 0.153281 -0.227457 0.25404 0.4978 0.829252 0.414118 
1534349985605 0.118253 0.834964 -0.537449 -0.600003 -0.959987 0.234498 0.153087 -0.227449 0.253853 0.497841 0.829285 0.414122 
1534349985622 0.118289 0.834963 -0.537442 -0.599969 -0.960053 0.234389 0.152839 -0.227409 0.253586 0.497894 0.829335 0.41413 
1534349985639 0.11833 0.834964 -0.537431 -0.599946 -0.9601 0.23432 0.152653 -0.227378 0.253391 0.497924 0.829376 0.414136 
1534349985716 0.118321 0.835057 -0.53729 -0.599891 -0.960129 0.23423 0.152603 -0.227329 0.253282 0.497812 0.829477 0.414156 
1534349985730 0.118219 0.835083 -0.537272 -0.599882 -0.960104 0.234215 0.152783 -0.22732 0.253424 0.497775 0.829456 0.41415 
1534349985746 0.118049 0.835099 -0.537284 -0.599857 -0.960021 0.234279 0.153208 -0.22732 0.253818 0.497718 0.829369 0.414126 
1534349985763 0.117844 0.835105 -0.53732 -0.599836 -0.95999 0.234223 0.153487 -0.227337 0.25403 0.497734 0.829294 0.4141 
1534349985815 0.117484 0.834918 -0.537689 -0.599765 -0.959962 0.23413 0.153804 -0.227471 0.254303 0.498092 0.828996 0.414013 
1534349985836 0.117351 0.834858 -0.537812 -0.599709 -0.959971 0.234055 0.153861 -0.227451 0.25433 0.498228 0.828906 0.413985 
1534349985853 0.11722 0.834831 -0.537881 -0.599665 -0.959988 0.233957 0.153908 -0.227417 0.254328 0.498318 0.828852 0.413969 
1534349985870 0.117094 0.834805 -0.53795 -0.599616 -0.960004 0.233862 0.153952 -0.227391 0.254326 0.498407 0.8288 0.41395 
1534349985886 0.116986 0.834778 -0.538014 -0.599558 -0.960019 0.23378 0.153983 -0.227378 0.254318 0.49849 0.828752 0.413931 
1534349985903 0.116905 0.834763 -0.538056 -0.599509 -0.960032 0.233713 0.154004 -0.227371 0.254307 0.498547 0.828721 0.413918 
1534349985920 0.116851 0.83475 -0.538087 -0.599466 -0.960036 0.233679 0.154032 -0.227376 0.254318 0.498584 0.828696 0.413919 
1534349985936 0.116867 0.834757 -0.538074 -0.59945 -0.960026 0.233706 0.154054 -0.227398 0.254348 0.498561 0.8287 0.413939 
1534349985953 0.116914 0.834779 -0.538029 -0.599444 -0.96001 0.233756 0.154073 -0.227427 0.254384 0.498499 0.828726 0.413971 
1534349985993 0.116984 0.83483 -0.537935 -0.599433 -0.95996 0.233878 0.154198 -0.227525 0.25454 0.498358 0.828763 0.414071 
1534349986023 0.116782 0.834825 -0.537987 -0.599395 -0.959921 0.233844 0.154498 -0.227593 0.254783 0.498382 0.828674 0.414121 
1534349986044 0.116541 0.834648 -0.538313 -0.59937 -0.959861 0.233876 0.154819 -0.227625 0.255118 0.498663 0.828402 0.414157 
1534349986061 0.116377 0.834544 -0.538509 -0.599338 -0.959831 0.233873 0.155012 -0.227637 0.255307 0.498838 0.828239 0.414181 
1534349986077 0.116159 0.834434 -0.538728 -0.599271 -0.959798 0.233845 0.155253 -0.227658 0.255527 0.499036 0.828051 0.414211 
1534349986094 0.116042 0.834389 -0.538822 -0.599211 -0.959776 0.233836 0.155405 -0.227683 0.255664 0.499114 0.827962 0.414224 
1534349986173 0.115708 0.834441 -0.538813 -0.599059 -0.959717 0.233748 0.155902 -0.227707 0.256038 0.499069 0.827874 0.414327 
1534349986189 0.115731 0.834573 -0.538605 -0.599055 -0.959746 0.233667 0.155847 -0.2277 0.25592 0.498887 0.82802 0.414335 
1534349986203 0.115786 0.834734 -0.538342 -0.599046 -0.959783 0.233578 0.155748 -0.227704 0.255753 0.498659 0.828209 0.414334 
1534349986220 0.115835 0.834859 -0.538138 -0.599038 -0.959818 0.233501 0.155648 -0.227712 0.2556 0.498485 0.828361 0.41432 
1534349986237 0.115874 0.834958 -0.537976 -0.599029 -0.959856 0.233421 0.155536 -0.227728 0.255441 0.498357 0.828487 0.414278 
1534349986295 0.115636 0.83506 -0.537869 -0.598946 -0.959921 0.23313 0.15557 -0.227762 0.255303 0.498322 0.82855 0.414182 
1534349986317 0.115275 0.835145 -0.537815 -0.598835 -0.959956 0.232833 0.155799 -0.227776 0.255336 0.498319 0.828542 0.414176 
1534349986333 0.115004 0.835237 -0.537729 -0.598738 -0.95998 0.232608 0.15599 -0.227788 0.255369 0.49827 0.828561 0.414193 
1534349986350 0.114812 0.835346 -0.537602 -0.598644 -0.959987 0.232452 0.156175 -0.22781 0.255426 0.498161 0.828609 0.414229 
1534349986366 0.114761 0.835413 -0.537508 -0.598557 -0.95997 0.232437 0.156301 -0.227835 0.255513 0.498055 0.828646 0.414271 
1534349986383 0.114784 0.835456 -0.537436 -0.598494 -0.959955 0.232466 0.156349 -0.22787 0.255559 0.497968 0.828684 0.414311 
1534349986474 0.114939 0.835447 -0.537418 -0.598375 -0.959946 0.232576 0.156246 -0.228072 0.255526 0.497933 0.828715 0.414348 
1534349986516 0.114439 0.835343 -0.537686 -0.598273 -0.960074 0.232072 0.156206 -0.228014 0.255268 0.498343 0.828549 0.414245 
1534349986550 0.114043 0.835262 -0.537895 -0.598169 -0.960182 0.23166 0.156155 -0.227991 0.255039 0.498668 0.828423 0.414162 
1534349986641 0.113497 0.835195 -0.538115 -0.597857 -0.960285 0.231168 0.156252 -0.228085 0.254896 0.49901 0.828262 0.41425 
1534349986671 0.11315 0.835293 -0.538036 -0.5977 -0.960351 0.230814 0.156371 -0.228111 0.254801 0.499009 0.828291 0.414301 
1534349986688 0.112993 0.835413 -0.537882 -0.597612 -0.960384 0.230624 0.156448 -0.228129 0.254747 0.498896 0.828376 0.414332 
1534349986705 0.11286 0.835539 -0.537715 -0.597498 -0.960408 0.230464 0.156532 -0.228171 0.254713 0.49876 0.828469 0.414373 
1534349986722 0.112836 0.835567 -0.537676 -0.597436 -0.960399 0.23046 0.156595 -0.2282 0.254759 0.498714 0.828482 0.414398 
1534349986738 0.112867 0.835562 -0.537678 -0.597373 -0.960387 0.230503 0.156606 -0.228262 0.254791 0.498703 0.828478 0.414419 
1534349986843 0.112641 0.835604 -0.53766 -0.59726 -0.960483 0.230173 0.156501 -0.228207 0.254528 0.498785 0.82851 0.414323 
1534349986900 0.112484 0.836083 -0.536948 -0.597116 -0.960498 0.229914 0.156787 -0.228087 0.254539 0.498102 0.828918 0.414321 
1534349986968 0.112474 0.836197 -0.536772 -0.596902 -0.960496 0.229879 0.156851 -0.22816 0.254551 0.497926 0.82902 0.414254 
1534349986998 0.112449 0.836334 -0.536563 -0.596731 -0.960537 0.229745 0.156798 -0.228198 0.254408 0.497757 0.829165 0.414207 
1534349987028 0.112362 0.836484 -0.536348 -0.596588 -0.960577 0.229574 0.156806 -0.2282 0.254297 0.497585 0.829302 0.414166 
1534349987045 0.11227 0.836489 -0.53636 -0.596548 -0.960588 0.229498 0.156847 -0.228185 0.254294 0.497611 0.829287 0.414142 
1534349987062 0.112174 0.836515 -0.536339 -0.596502 -0.960602 0.229407 0.156894 -0.228167 0.254284 0.497609 0.829292 0.414117 
1534349987078 0.112073 0.836578 -0.536262 -0.596437 -0.960621 0.229294 0.156944 -0.228152 0.254258 0.497555 0.829332 0.414094 
1534349987095 0.111982 0.836661 -0.536152 -0.59637 -0.960652 0.229158 0.156955 -0.228164 0.254181 0.497479 0.829401 0.41408 
1534349987131 0.111956 0.836775 -0.535979 -0.596228 -0.96068 0.229053 0.156933 -0.228231 0.254086 0.497335 0.829517 0.414052 
1534349987215 0.111899 0.836734 -0.536054 -0.596083 -0.960691 0.229012 0.156928 -0.228232 0.25407 0.497423 0.829469 0.414111 
1534349987245 0.111684 0.836682 -0.536181 -0.596 -0.960698 0.22889 0.157063 -0.228134 0.254139 0.497566 0.829362 0.414168 
1534349987286 0.111606 0.836639 -0.536264 -0.595898 -0.96068 0.228893 0.157168 -0.228066 0.25424 0.497638 0.829288 0.414231 
1534349987348 0.111753 0.836566 -0.536348 -0.595729 -0.960641 0.229075 0.15714 -0.228148 0.254322 0.497677 0.829239 0.414302 
1534349987387 0.111687 0.836474 -0.536505 -0.59559 -0.960673 0.229001 0.157052 -0.228171 0.25423 0.497865 0.829155 0.41425 
1534349987400 0.111657 0.836469 -0.536519 -0.595551 -0.960686 0.22896 0.157032 -0.228167 0.254194 0.497893 0.829149 0.414238 
1534349987417 0.111611 0.83651 -0.536464 -0.595483 -0.960713 0.228869 0.156999 -0.228154 0.254111 0.497866 0.829191 0.414226 
1534349987434 0.111539 0.83658 -0.53637 -0.595401 -0.960753 0.228729 0.156961 -0.228125 0.253994 0.497811 0.829259 0.414212 
1534349987451 0.111483 0.836632 -0.536301 -0.595356 -0.960765 0.228658 0.156989 -0.228104 0.253971 0.497758 0.829298 0.414212 
1534349987467 0.111425 0.836667 -0.536259 -0.595328 -0.960758 0.228629 0.157078 -0.228084 0.254026 0.497712 0.829309 0.414223 
1534349987484 0.111393 0.83668 -0.536245 -0.595314 -0.960744 0.228634 0.157153 -0.228076 0.25409 0.497689 0.829303 0.414241 
1534349987501 0.11137 0.836684 -0.536244 -0.595307 -0.960728 0.228652 0.157229 -0.228075 0.254164 0.497674 0.82929 0.414267 
1534349987517 0.111365 0.836692 -0.536232 -0.595304 -0.960715 0.228671 0.157277 -0.228082 0.254213 0.497651 0.829289 0.41429 
1534349987542 0.11137 0.836629 -0.53633 -0.595327 -0.960664 0.228792 0.157412 -0.228119 0.254403 0.497702 0.8292 0.414348 
1534349987558 0.111288 0.836595 -0.536399 -0.595342 -0.960654 0.228775 0.157499 -0.228149 0.254477 0.497766 0.829138 0.414389 
1534349987572 0.111208 0.836585 -0.536431 -0.595346 -0.960654 0.228732 0.157563 -0.228173 0.254513 0.497802 0.829106 0.414423 
1534349987589 0.111137 0.836584 -0.536447 -0.595336 -0.960651 0.228698 0.157631 -0.228204 0.254555 0.497819 0.829082 0.414462 
1534349987609 0.111003 0.836579 -0.536483 -0.595299 -0.960656 0.228611 0.157722 -0.228224 0.254593 0.497868 0.829041 0.414498 
1534349987626 0.110864 0.836589 -0.536495 -0.595248 -0.960663 0.228515 0.15782 -0.22822 0.254627 0.497895 0.829015 0.41453 
1534349987642 0.110689 0.836597 -0.536519 -0.595189 -0.960675 0.228388 0.157931 -0.228196 0.254659 0.49794 0.828978 0.414559 
1534349987662 0.110526 0.836613 -0.536529 -0.595131 -0.96068 0.228281 0.158058 -0.22817 0.254713 0.497963 0.828948 0.414601 
1534349987679 0.11045 0.836631 -0.536516 -0.595098 -0.960675 0.228241 0.158144 -0.228156 0.254763 0.497951 0.82894 0.414631 
1534349987696 0.11044 0.836652 -0.536486 -0.59508 -0.960662 0.228255 0.158204 -0.228159 0.254817 0.497909 0.828948 0.414652 
1534349987716 0.110521 0.836685 -0.536417 -0.595092 -0.96063 0.228354 0.158255 -0.22819 0.254903 0.497807 0.828983 0.414672 
1534349987732 0.110649 0.836757 -0.536279 -0.59511 -0.96059 0.228485 0.158309 -0.228229 0.254998 0.497627 0.829062 0.414691 
1534349987749 0.110711 0.836818 -0.53617 -0.595121 -0.960561 0.228559 0.158379 -0.228253 0.255081 0.497489 0.829119 0.414702 
1534349987769 0.110724 0.836864 -0.536095 -0.595131 -0.960519 0.228635 0.158523 -0.22827 0.255233 0.497377 0.829139 0.414696 
1534349987805 0.110587 0.836891 -0.536083 -0.595115 -0.960478 0.228628 0.158782 -0.228243 0.255447 0.497336 0.829098 0.414661 
1534349987846 0.110281 0.836813 -0.536267 -0.595066 -0.960521 0.228389 0.158861 -0.228135 0.255415 0.497577 0.828964 0.414591 
1534349987869 0.109997 0.836695 -0.536509 -0.595033 -0.960568 0.22817 0.158895 -0.228072 0.255363 0.497875 0.8288 0.41458 
1534349987884 0.109785 0.836541 -0.536793 -0.595022 -0.960608 0.228015 0.158876 -0.228056 0.255304 0.498206 0.82862 0.414585 
1534349987899 0.109616 0.836398 -0.53705 -0.594999 -0.960636 0.227904 0.158864 -0.228063 0.25527 0.498495 0.828456 0.414617 
1534349987915 0.109559 0.836285 -0.537237 -0.594973 -0.960639 0.2279 0.158855 -0.2281 0.255284 0.498687 0.828337 0.414672 
1534349987932 0.109561 0.836207 -0.537358 -0.594952 -0.960623 0.227954 0.15887 -0.22815 0.255341 0.498793 0.828255 0.414734 
1534349987949 0.109565 0.836167 -0.537421 -0.594931 -0.960597 0.22802 0.158936 -0.228193 0.25544 0.498831 0.828202 0.414781 
1534349987966 0.109571 0.836095 -0.537531 -0.594898 -0.960562 0.228112 0.159012 -0.228257 0.255567 0.498909 0.828116 0.414827 
1534349987982 0.1095 0.836027 -0.53765 -0.594878 -0.960553 0.228109 0.159071 -0.228286 0.255631 0.499023 0.828027 0.414841 
1534349987999 0.109364 0.835976 -0.537757 -0.594871 -0.960549 0.228054 0.159176 -0.228283 0.255705 0.499134 0.827937 0.414832 
1534349988015 0.109275 0.835973 -0.537781 -0.594865 -0.960544 0.228012 0.159263 -0.22826 0.25576 0.499159 0.827905 0.414822 
1534349988032 0.109189 0.835984 -0.537781 -0.594864 -0.960544 0.227961 0.159341 -0.228226 0.2558 0.499164 0.82789 0.41481 
1534349988049 0.109093 0.836012 -0.537756 -0.594871 -0.960551 0.227883 0.15941 -0.228183 0.255814 0.499152 0.827893 0.414786 
1534349988065 0.109003 0.836048 -0.537719 -0.594885 -0.960558 0.227806 0.159476 -0.228142 0.255825 0.499127 0.827904 0.414753 
1534349988083 0.108937 0.836131 -0.537604 -0.594899 -0.96057 0.22772 0.159525 -0.22811 0.255807 0.499028 0.827969 0.414709 
1534349988099 0.108922 0.836249 -0.537422 -0.594901 -0.960582 0.227654 0.159552 -0.228098 0.255771 0.498859 0.828082 0.414674 
1534349988116 0.108894 0.836334 -0.537297 -0.594911 -0.960584 0.227608 0.159602 -0.228089 0.255774 0.498739 0.828154 0.414636 
1534349988135 0.108773 0.836405 -0.53721 -0.594928 -0.960564 0.227555 0.159797 -0.228073 0.2559 0.498643 0.828173 0.414568 
1534349988152 0.108603 0.836421 -0.537221 -0.594937 -0.960555 0.227469 0.159973 -0.228075 0.256006 0.498656 0.828132 0.414509 
1534349988245 0.108578 0.836282 -0.537441 -0.594908 -0.960559 0.227489 0.159924 -0.228123 0.256004 0.49888 0.827998 0.414517 
1534349988258 0.108668 0.836264 -0.537451 -0.594913 -0.960592 0.227481 0.159734 -0.228131 0.25584 0.498914 0.828028 0.41455 
1534349988275 0.108919 0.836224 -0.537462 -0.594921 -0.960634 0.227558 0.159375 -0.228149 0.255577 0.498945 0.828091 0.414613 
1534349988292 0.109213 0.836185 -0.537464 -0.594925 -0.960632 0.227743 0.159119 -0.228165 0.255457 0.498928 0.828138 0.414658 
1534349988309 0.109433 0.836159 -0.53746 -0.594928 -0.960632 0.227877 0.158926 -0.228174 0.255362 0.49891 0.828178 0.414692 
1534349988329 0.10957 0.836153 -0.537441 -0.594927 -0.960623 0.227976 0.15884 -0.228171 0.255338 0.498874 0.828207 0.414717 
1534349988345 0.109572 0.83615 -0.537444 -0.594928 -0.96063 0.227964 0.158814 -0.228166 0.255311 0.498883 0.82821 0.414721 
1534349988365 0.109565 0.836145 -0.537454 -0.594933 -0.960639 0.227944 0.15879 -0.228153 0.255281 0.498901 0.828208 0.414719 
1534349988456 0.10956 0.836172 -0.537412 -0.594955 -0.960703 0.227808 0.158597 -0.228125 0.255042 0.498918 0.828272 0.414606 
1534349988473 0.109701 0.836289 -0.537202 -0.594947 -0.960721 0.227821 0.158473 -0.228146 0.254915 0.498717 0.828432 0.414569 
1534349988487 0.109871 0.836401 -0.536993 -0.594941 -0.960733 0.227861 0.158338 -0.228172 0.254794 0.49851 0.828594 0.414537 
1534349988508 0.110018 0.836539 -0.536748 -0.59494 -0.960727 0.227917 0.158293 -0.228195 0.254752 0.498253 0.828761 0.414492 
1534349988554 0.110203 0.836672 -0.536503 -0.594969 -0.960698 0.228041 0.158292 -0.22821 0.254783 0.497974 0.82892 0.414412 
1534349988588 0.110381 0.836774 -0.536307 -0.594988 -0.960729 0.228054 0.158087 -0.228223 0.25459 0.497796 0.829086 0.414342 
1534349988601 0.110431 0.836832 -0.536206 -0.594986 -0.960743 0.228039 0.158025 -0.228222 0.254516 0.497705 0.829163 0.414325 
1534349988619 0.110592 0.836971 -0.535957 -0.594978 -0.960762 0.228052 0.157888 -0.228217 0.254373 0.497466 0.82935 0.414293 
1534349988635 0.110749 0.837063 -0.535781 -0.594975 -0.960766 0.228108 0.157783 -0.228214 0.25429 0.497286 0.829484 0.414265 
1534349988655 0.110856 0.8371 -0.535699 -0.59499 -0.960769 0.228153 0.1577 -0.228204 0.254232 0.497201 0.829552 0.414227 
1534349988672 0.110901 0.837116 -0.535665 -0.595002 -0.960778 0.228157 0.157641 -0.228199 0.25418 0.497172 0.829586 0.414197 
1534349988688 0.110917 0.837115 -0.535663 -0.595012 -0.96079 0.228141 0.157586 -0.228194 0.254124 0.497181 0.829597 0.414162 
1534349988705 0.110908 0.837101 -0.535688 -0.595021 -0.960799 0.228124 0.157558 -0.228189 0.254095 0.497214 0.829586 0.414138 
1534349988722 0.11088 0.837082 -0.535723 -0.59503 -0.9608 0.228112 0.157572 -0.228181 0.254105 0.497251 0.829561 0.414135 
1534349988738 0.110861 0.837079 -0.535732 -0.595036 -0.960798 0.228104 0.15759 -0.228173 0.254118 0.49726 0.829552 0.414145 
1534349988755 0.110819 0.837018 -0.535836 -0.595054 -0.960787 0.228121 0.157638 -0.228159 0.254181 0.497355 0.829476 0.414153 
1534349988771 0.110787 0.836985 -0.535894 -0.595068 -0.960787 0.228112 0.157649 -0.228145 0.254194 0.497415 0.829436 0.414155 
1534349988788 0.110798 0.836976 -0.535906 -0.595074 -0.960798 0.228099 0.1576 -0.228142 0.254147 0.497436 0.829438 0.414158 
1534349988805 0.110871 0.836986 -0.535875 -0.595079 -0.960832 0.228071 0.157432 -0.228148 0.253986 0.497431 0.82949 0.41417 
1534349988822 0.110937 0.837012 -0.535821 -0.595082 -0.960858 0.228051 0.157304 -0.228147 0.25386 0.497397 0.829549 0.414177 
1534349988838 0.111078 0.837147 -0.53558 -0.59506 -0.960888 0.228033 0.157145 -0.228149 0.253684 0.497177 0.829735 0.414189 
1534349988855 0.111157 0.837278 -0.535359 -0.595036 -0.960909 0.227999 0.157067 -0.228146 0.25357 0.496972 0.829892 0.414186 
1534349988872 0.111203 0.83736 -0.535222 -0.595021 -0.960923 0.227974 0.157017 -0.228142 0.253497 0.496847 0.82999 0.414174 
1534349988888 0.111212 0.837412 -0.535138 -0.595015 -0.960923 0.227965 0.157033 -0.228132 0.253494 0.496762 0.830041 0.414164 
1534349988905 0.111133 0.837428 -0.53513 -0.595016 -0.960889 0.22798 0.157215 -0.228109 0.253655 0.496729 0.830012 0.414142 
1534349988925 0.111052 0.837419 -0.535161 -0.59502 -0.960845 0.228023 0.157424 -0.228086 0.253859 0.496724 0.829952 0.414105 
1534349988942 0.110996 0.837376 -0.535239 -0.595027 -0.960801 0.22809 0.157596 -0.228072 0.25405 0.496766 0.829869 0.41406 
1534349988962 0.110955 0.837237 -0.535465 -0.595054 -0.96074 0.228226 0.157771 -0.22806 0.254299 0.496937 0.82969 0.414004 
1534349989008 0.111072 0.837146 -0.535584 -0.595094 -0.960641 0.228513 0.157956 -0.228059 0.25462 0.496959 0.829578 0.413968 
1534349989043 0.111187 0.83723 -0.535429 -0.595082 -0.960633 0.22857 0.157922 -0.228084 0.2546 0.496792 0.829685 0.413982 
1534349989056 0.111249 0.837359 -0.535213 -0.595062 -0.960648 0.228538 0.157877 -0.228097 0.254516 0.496588 0.829833 0.414009 
1534349989092 0.111294 0.837652 -0.534745 -0.59502 -0.960648 0.228478 0.157966 -0.228111 0.254498 0.496121 0.830117 0.414061 
1534349989115 0.111193 0.837821 -0.534501 -0.594999 -0.960624 0.228416 0.158199 -0.228101 0.254631 0.495864 0.83023 0.414082 
1534349989138 0.11112 0.837932 -0.534343 -0.594989 -0.960593 0.228403 0.15841 -0.228093 0.254782 0.495683 0.830292 0.414098 
1534349989155 0.111126 0.837994 -0.534244 -0.594985 -0.96056 0.228451 0.158538 -0.22811 0.254903 0.495556 0.830331 0.414099 
1534349989171 0.111166 0.838042 -0.534161 -0.594981 -0.960522 0.228535 0.158649 -0.228144 0.255029 0.495437 0.830363 0.414082 
1534349989188 0.111207 0.838074 -0.534103 -0.594976 -0.960483 0.228624 0.158755 -0.228182 0.255157 0.495342 0.83038 0.414051 
1534349989205 0.111239 0.838097 -0.534059 -0.594971 -0.960449 0.228703 0.158851 -0.228217 0.255273 0.495266 0.83039 0.414015 
1534349989225 0.111252 0.838117 -0.534025 -0.594972 -0.960411 0.228777 0.158971 -0.228244 0.255409 0.495198 0.830389 0.413972 
1534349989242 0.11124 0.838126 -0.534013 -0.594979 -0.960394 0.2288 0.15904 -0.228249 0.255478 0.495172 0.830383 0.413945 
1534349989258 0.111203 0.838144 -0.533993 -0.59499 -0.960396 0.22877 0.159073 -0.228236 0.255488 0.495155 0.83039 0.413936 
1534349989344 0.110902 0.838311 -0.533793 -0.595016 -0.960466 0.228411 0.159166 -0.228116 0.255355 0.495038 0.8305 0.413935 
1534349989360 0.110842 0.838443 -0.533598 -0.595014 -0.960435 0.228396 0.159371 -0.228106 0.255496 0.494821 0.830587 0.413955 
1534349989377 0.110796 0.838586 -0.533383 -0.595017 -0.960393 0.228409 0.159609 -0.228107 0.255676 0.494573 0.830679 0.413982 
1534349989394 0.110771 0.838703 -0.533204 -0.595022 -0.960353 0.228436 0.15981 -0.228119 0.255837 0.494362 0.830755 0.413999 
1534349989411 0.110754 0.838776 -0.533093 -0.595027 -0.960324 0.228461 0.15995 -0.228145 0.255953 0.494227 0.8308 0.413994 
1534349989508 0.11055 0.838631 -0.533364 -0.595017 -0.960375 0.228288 0.15989 -0.228161 0.25585 0.494554 0.830637 0.413849 
1534349989521 0.110435 0.838452 -0.533669 -0.595043 -0.960403 0.22822 0.159817 -0.228134 0.255792 0.494888 0.830455 0.413839 
1534349989538 0.110338 0.838317 -0.533901 -0.59506 -0.960443 0.228126 0.159709 -0.228122 0.255684 0.49516 0.830327 0.413852 
1534349989554 0.110251 0.838208 -0.53409 -0.595069 -0.960487 0.228024 0.159593 -0.228109 0.255558 0.495391 0.830228 0.413896 
1534349989578 0.110177 0.838129 -0.534229 -0.595059 -0.960521 0.227938 0.159509 -0.228104 0.25546 0.495564 0.830155 0.413983 
1534349989617 0.110028 0.838148 -0.534231 -0.59505 -0.960512 0.227865 0.159672 -0.22812 0.255561 0.495566 0.830122 0.414131 
1534349989648 0.109838 0.838091 -0.534359 -0.595062 -0.960527 0.227742 0.159755 -0.228141 0.255585 0.495719 0.830023 0.414188 
1534349989661 0.109687 0.838067 -0.534428 -0.595066 -0.960554 0.22761 0.159781 -0.228151 0.255548 0.495821 0.829974 0.414199 
1534349989678 0.109471 0.83799 -0.534593 -0.595077 -0.960584 0.227449 0.15983 -0.228168 0.255529 0.496025 0.829858 0.414209 
1534349989695 0.109284 0.837916 -0.534747 -0.595086 -0.960606 0.227319 0.159879 -0.228189 0.255523 0.496209 0.82975 0.414215 
1534349989711 0.109138 0.837849 -0.534882 -0.595093 -0.96062 0.227228 0.159927 -0.228208 0.255534 0.496364 0.829654 0.414229 
1534349989797 0.109508 0.837711 -0.535022 -0.595091 -0.960645 0.227435 0.159481 -0.22831 0.255282 0.496502 0.829649 0.414285 
1534349989821 0.109802 0.837741 -0.534915 -0.595094 -0.9607 0.22749 0.159074 -0.22831 0.254951 0.496426 0.829796 0.414292 
1534349989845 0.109941 0.837762 -0.534852 -0.595099 -0.960776 0.227414 0.158718 -0.228272 0.254601 0.496424 0.829905 0.414315 
1534349989881 0.109878 0.837775 -0.534846 -0.595109 -0.960915 0.227104 0.158324 -0.228203 0.254105 0.496545 0.829984 0.414344 
1534349989916 0.109662 0.837623 -0.535128 -0.595141 -0.96104 0.226779 0.158029 -0.22817 0.253725 0.49695 0.829858 0.414326 
1534349989930 0.109585 0.837529 -0.535291 -0.595158 -0.961086 0.226673 0.157903 -0.228169 0.253584 0.497157 0.829777 0.414311 
1534349989946 0.109508 0.837431 -0.535459 -0.595177 -0.961145 0.226541 0.157733 -0.228168 0.253394 0.497381 0.829701 0.414298 
1534349989963 0.109459 0.837355 -0.535589 -0.595191 -0.961203 0.226421 0.15755 -0.228166 0.253194 0.497564 0.829652 0.414294 
1534349989980 0.109446 0.837295 -0.535684 -0.595203 -0.961253 0.226332 0.157371 -0.228166 0.253009 0.497705 0.829624 0.414302 
1534349989996 0.109459 0.837249 -0.535755 -0.595214 -0.961289 0.226283 0.157224 -0.228168 0.252868 0.497806 0.829607 0.414311 
1534349990013 0.109435 0.837233 -0.535784 -0.59522 -0.961297 0.226258 0.157211 -0.228158 0.252848 0.497843 0.82959 0.414316 
1534349990030 0.109394 0.837249 -0.535767 -0.595216 -0.961289 0.226245 0.157277 -0.228144 0.252895 0.497822 0.829589 0.414326 
1534349990046 0.109382 0.837264 -0.535747 -0.59521 -0.961279 0.226255 0.157328 -0.228141 0.25294 0.497793 0.829592 0.41434 
1534349990102 0.109193 0.8373 -0.535729 -0.595159 -0.961118 0.226451 0.158027 -0.228141 0.253633 0.497643 0.829471 0.414383 
1534349990115 0.109182 0.837196 -0.535894 -0.595165 -0.961088 0.226534 0.158092 -0.228157 0.253752 0.49778 0.829352 0.414389 
1534349990135 0.109148 0.83705 -0.536129 -0.595175 -0.961044 0.226644 0.1582 -0.228179 0.253932 0.497976 0.82918 0.414418 
1534349990152 0.109119 0.836943 -0.536302 -0.595182 -0.96105 0.226646 0.158158 -0.228206 0.25392 0.498155 0.829075 0.414446 
1534349990168 0.10911 0.836846 -0.536455 -0.595189 -0.96107 0.226631 0.158062 -0.228238 0.25385 0.498324 0.828995 0.414469 
1534349990185 0.109122 0.836746 -0.536608 -0.595192 -0.961086 0.226636 0.157956 -0.228271 0.253784 0.49849 0.828916 0.414487 
1534349990202 0.109132 0.836686 -0.536701 -0.595192 -0.961091 0.226649 0.157907 -0.228291 0.253761 0.498585 0.828865 0.4145 
1534349990219 0.109107 0.83666 -0.536746 -0.59519 -0.961077 0.22667 0.157963 -0.228298 0.253825 0.49862 0.828825 0.414519 
1534349990235 0.109093 0.836668 -0.536735 -0.595184 -0.961075 0.226663 0.157983 -0.2283 0.253838 0.498608 0.828828 0.414521 
1534349990252 0.109088 0.836681 -0.536716 -0.595178 -0.961083 0.226641 0.157966 -0.228304 0.253809 0.498597 0.828844 0.414512 
1534349990268 0.109019 0.836721 -0.536668 -0.595166 -0.96109 0.226575 0.158019 -0.228296 0.253813 0.498559 0.828865 0.414479 
1534349990285 0.108964 0.836747 -0.536639 -0.595158 -0.961102 0.226512 0.158034 -0.22829 0.25379 0.498545 0.828881 0.414452 
1534349990305 0.108907 0.836837 -0.53651 -0.595139 -0.961144 0.226371 0.157985 -0.228283 0.253657 0.498458 0.828974 0.414429 
1534349990322 0.108856 0.836855 -0.536492 -0.595133 -0.961181 0.226262 0.157912 -0.228284 0.253537 0.498476 0.828999 0.414412 
1534349990338 0.108754 0.836856 -0.536512 -0.595131 -0.961231 0.226105 0.157833 -0.228279 0.253391 0.498547 0.829002 0.4144 
1534349990355 0.108719 0.836829 -0.536561 -0.595133 -0.96129 0.225977 0.157659 -0.228291 0.253185 0.49865 0.829003 0.414397 
1534349990375 0.108673 0.836698 -0.536775 -0.595154 -0.961351 0.225868 0.157441 -0.228315 0.252971 0.498919 0.828906 0.414385 
1534349990392 0.108615 0.836538 -0.537035 -0.595181 -0.961378 0.225829 0.157336 -0.228332 0.252896 0.499205 0.828757 0.414366 
1534349990409 0.108557 0.836445 -0.537191 -0.595196 -0.961378 0.225822 0.157343 -0.228341 0.252918 0.499363 0.828655 0.414361 
1534349990464 0.108307 0.836414 -0.537291 -0.595171 -0.961227 0.225985 0.158032 -0.228359 0.2536 0.499343 0.828459 0.414463 
1534349990480 0.108185 0.836399 -0.537339 -0.595156 -0.961152 0.226065 0.15837 -0.228371 0.253934 0.499331 0.828364 0.414499 
1534349990497 0.108046 0.836368 -0.537414 -0.595144 -0.961083 0.226129 0.158697 -0.22839 0.254254 0.499353 0.828252 0.414538 
1534349990519 0.10788 0.836218 -0.537681 -0.595155 -0.961021 0.2262 0.158975 -0.228436 0.254561 0.499572 0.828026 0.414569 
1534349990534 0.10778 0.836096 -0.537891 -0.595167 -0.960987 0.226243 0.159115 -0.228479 0.25473 0.499757 0.827862 0.414584 
1534349990551 0.107756 0.836051 -0.537965 -0.59516 -0.960966 0.226284 0.159183 -0.22852 0.254818 0.499814 0.827801 0.414601 
1534349990567 0.107781 0.836042 -0.537976 -0.595146 -0.960948 0.226337 0.159217 -0.228555 0.254875 0.499806 0.827788 0.414616 
1534349990584 0.107809 0.836055 -0.537949 -0.595145 -0.960948 0.22635 0.159201 -0.22856 0.254866 0.499778 0.827808 0.414618 
