1533831157469 0.317692 0.924398 -0.211093 -0.564992 -0.938785 0.33793 0.0669727 -0.218162 0.133244 0.176894 0.975169 0.341009 
1533831168344 0.317691 0.924398 -0.211093 -0.564991 -0.938786 0.337929 0.0669713 -0.218161 0.133242 0.176895 0.975169 0.341008 
1533831169080 0.306727 0.917965 -0.251514 -0.568214 -0.94067 0.332654 0.0669378 -0.220232 0.145114 0.21606 0.965536 0.346677 
1533831169899 0.295186 0.909157 -0.293767 -0.571411 -0.942178 0.328038 0.0684891 -0.222032 0.158634 0.256564 0.95342 0.351986 
1533831170679 0.28321 0.898966 -0.334144 -0.574529 -0.943883 0.322997 0.0689707 -0.224201 0.16993 0.29586 0.939995 0.357778 
1533831171446 0.270439 0.887023 -0.374236 -0.577617 -0.94555 0.317844 0.0700665 -0.226355 0.181099 0.334911 0.924683 0.363494 
1533831172216 0.257425 0.873321 -0.413573 -0.580743 -0.947107 0.312911 0.0712402 -0.228487 0.191627 0.373359 0.90768 0.369219 
1533831172991 0.243684 0.858069 -0.452035 -0.583894 -0.948642 0.30783 0.0729374 -0.230476 0.201735 0.411045 0.889013 0.374985 
1533831173765 0.2296 0.841041 -0.489831 -0.587001 -0.950127 0.302814 0.0745755 -0.232612 0.211049 0.448279 0.868622 0.380636 
1533831174536 0.215304 0.822366 -0.526649 -0.59013 -0.951447 0.298138 0.0765737 -0.234764 0.219985 0.484592 0.846627 0.386332 
1533831175303 0.200096 0.802569 -0.562001 -0.594171 -0.952783 0.293103 0.0793366 -0.237573 0.228397 0.51959 0.823323 0.391682 
1533831175333 0.20007 0.80235 -0.562323 -0.594179 -0.952729 0.293249 0.0794491 -0.237712 0.228647 0.519846 0.823092 0.391947 
1533831175592 0.198732 0.800828 -0.56496 -0.594375 -0.952911 0.29262 0.0795873 -0.237642 0.229054 0.52254 0.821271 0.392168 
1533831175857 0.197437 0.798571 -0.568597 -0.594619 -0.952997 0.292324 0.0796426 -0.237798 0.229815 0.526147 0.818752 0.392782 
1533831176120 0.195858 0.796463 -0.57209 -0.594819 -0.953134 0.291798 0.0799305 -0.237933 0.230596 0.529623 0.816287 0.39345 
1533831176381 0.194313 0.794198 -0.575754 -0.595042 -0.953267 0.291313 0.080117 -0.238028 0.231353 0.533279 0.813688 0.394048 
1533831176649 0.193045 0.791982 -0.579223 -0.595206 -0.953346 0.291031 0.0801988 -0.238274 0.232088 0.536718 0.811215 0.394789 
1533831176913 0.191438 0.789759 -0.58278 -0.59545 -0.953504 0.290459 0.0803995 -0.238367 0.23277 0.540292 0.808643 0.395439 
1533831177179 0.189917 0.787469 -0.586365 -0.595684 -0.953598 0.290068 0.0806934 -0.23849 0.23363 0.543831 0.806018 0.396103 
1533831177447 0.188438 0.785223 -0.589844 -0.59588 -0.95374 0.289573 0.0807992 -0.238632 0.234248 0.547332 0.803465 0.396774 
1533831177718 0.186953 0.782903 -0.59339 -0.596097 -0.953828 0.289207 0.0810592 -0.238773 0.235074 0.550839 0.800823 0.397453 
1533831177735 0.186879 0.782732 -0.593639 -0.596106 -0.953825 0.289214 0.0810714 -0.238791 0.235146 0.551078 0.800637 0.397506 
1533831177889 0.187233 0.78296 -0.593227 -0.596078 -0.95375 0.289472 0.081034 -0.238765 0.235169 0.550618 0.800946 0.397635 
1533831177966 0.187525 0.783365 -0.592599 -0.596122 -0.953793 0.289411 0.0807529 -0.238664 0.234764 0.550073 0.80144 0.397427 
1533831178069 0.188379 0.783637 -0.591968 -0.596089 -0.953696 0.289872 0.0802374 -0.238795 0.234472 0.549443 0.801957 0.397327 
1533831178244 0.189872 0.784301 -0.59061 -0.596179 -0.953545 0.290609 0.0793656 -0.23879 0.233883 0.548104 0.803045 0.397102 
1533831178353 0.190712 0.784643 -0.589886 -0.596209 -0.953417 0.291127 0.0790039 -0.238829 0.233722 0.54734 0.803613 0.397015 
1533831178439 0.191265 0.785126 -0.589063 -0.596182 -0.953381 0.291318 0.0787242 -0.238775 0.233413 0.546544 0.804244 0.397073 
1533831178538 0.19205 0.785467 -0.588352 -0.596209 -0.953318 0.291667 0.0782015 -0.238787 0.233027 0.545868 0.804814 0.39697 
1533831178624 0.192654 0.785799 -0.587712 -0.596278 -0.953256 0.291956 0.0778782 -0.238701 0.232782 0.545236 0.805314 0.396846 
1533831178641 0.192664 0.785836 -0.587659 -0.596287 -0.953265 0.291932 0.0778525 -0.238687 0.232736 0.545196 0.805355 0.396833 
1533831178661 0.192711 0.785852 -0.587621 -0.596302 -0.953268 0.291938 0.0777971 -0.238684 0.232686 0.545168 0.805387 0.396791 
1533831178678 0.192803 0.785883 -0.58755 -0.596305 -0.953261 0.291978 0.0777287 -0.238699 0.232637 0.545102 0.805446 0.396765 
1533831178714 0.193158 0.786066 -0.587189 -0.596287 -0.953238 0.292118 0.0774855 -0.238738 0.232437 0.544764 0.805733 0.396724 
1533831178789 0.193494 0.786121 -0.587004 -0.596309 -0.95305 0.292656 0.077773 -0.23873 0.232929 0.544396 0.80584 0.39679 
1533831178854 0.193985 0.78636 -0.586522 -0.596292 -0.952774 0.293419 0.0782743 -0.238722 0.233649 0.543639 0.806142 0.396896 
1533831178909 0.194355 0.786483 -0.586234 -0.59629 -0.952635 0.293842 0.0783852 -0.238756 0.233909 0.543232 0.806341 0.396904 
1533831178940 0.194621 0.786587 -0.586007 -0.596284 -0.952567 0.294068 0.0783609 -0.238787 0.233963 0.54296 0.806508 0.396872 
1533831178958 0.194824 0.786662 -0.585839 -0.596277 -0.952512 0.294248 0.0783528 -0.238808 0.234019 0.542753 0.806631 0.396867 
1533831178972 0.195039 0.786733 -0.585672 -0.596271 -0.952448 0.294453 0.078356 -0.23883 0.234098 0.54254 0.806752 0.396865 
1533831178989 0.195176 0.786734 -0.585624 -0.596278 -0.95239 0.294631 0.0783997 -0.238846 0.234223 0.542441 0.806782 0.396852 
1533831179006 0.195301 0.786724 -0.585597 -0.596288 -0.952333 0.294803 0.0784446 -0.238862 0.23435 0.542363 0.806798 0.396836 
1533831179022 0.195412 0.786724 -0.58556 -0.596294 -0.952283 0.294952 0.0784861 -0.238877 0.234459 0.542281 0.806821 0.396825 
1533831179123 0.19555 0.786903 -0.585272 -0.596276 -0.952264 0.295016 0.0784839 -0.238855 0.234424 0.541986 0.80703 0.396824 
1533831179164 0.195631 0.787106 -0.584972 -0.596269 -0.952278 0.294981 0.0784413 -0.238822 0.234297 0.54171 0.807251 0.396818 
1533831179197 0.195858 0.787295 -0.584642 -0.596275 -0.952199 0.295208 0.0785438 -0.238801 0.234428 0.541313 0.80748 0.3968 
1533831179241 0.196123 0.787471 -0.584316 -0.596279 -0.952114 0.295463 0.078617 -0.238801 0.234552 0.540917 0.807709 0.396793 
1533831179291 0.196399 0.787627 -0.584013 -0.596292 -0.952045 0.295686 0.0786106 -0.238818 0.234601 0.540567 0.807929 0.396776 
1533831179311 0.196514 0.787693 -0.583885 -0.596294 -0.952015 0.295782 0.0786138 -0.238826 0.234626 0.540419 0.808021 0.396773 
1533831179328 0.196655 0.787799 -0.583695 -0.596288 -0.951988 0.295874 0.0785955 -0.238834 0.234617 0.540214 0.80816 0.396776 
1533831179345 0.196787 0.787902 -0.583511 -0.596282 -0.951955 0.295977 0.0786082 -0.238836 0.234642 0.540007 0.808292 0.396778 
1533831179361 0.196886 0.787976 -0.583378 -0.59628 -0.951924 0.296068 0.0786359 -0.238834 0.234683 0.539849 0.808385 0.396779 
1533831179433 0.196859 0.78802 -0.583328 -0.596304 -0.951925 0.296053 0.0786871 -0.238832 0.234703 0.539794 0.808416 0.39675 
1533831179452 0.196591 0.788016 -0.583423 -0.59632 -0.952006 0.295784 0.0787209 -0.238831 0.234601 0.539946 0.808345 0.396726 
1533831179485 0.196258 0.787976 -0.58359 -0.596346 -0.952089 0.295494 0.0788006 -0.238834 0.23454 0.540165 0.808216 0.396682 
1533831179522 0.196105 0.788021 -0.58358 -0.596343 -0.952079 0.295464 0.0790376 -0.238849 0.23471 0.540114 0.8082 0.396672 
1533831179558 0.196042 0.788124 -0.583462 -0.596335 -0.952014 0.29558 0.0793862 -0.23885 0.235026 0.539901 0.808251 0.396694 
1533831179573 0.196059 0.788249 -0.583287 -0.596319 -0.951997 0.295607 0.0794869 -0.238852 0.235079 0.539704 0.808367 0.396705 
1533831179592 0.196082 0.788377 -0.583107 -0.596304 -0.951984 0.295627 0.0795718 -0.238859 0.235115 0.539506 0.808489 0.396714 
1533831179613 0.1961 0.788493 -0.582944 -0.596292 -0.951972 0.295643 0.0796481 -0.23887 0.235145 0.539327 0.808599 0.39672 
1533831179629 0.196122 0.788595 -0.582798 -0.596283 -0.951965 0.295653 0.0797003 -0.238884 0.235157 0.539173 0.808699 0.396721 
1533831179645 0.196116 0.788633 -0.582749 -0.596285 -0.951951 0.295679 0.0797752 -0.23889 0.23522 0.539103 0.808727 0.396714 
1533831179662 0.196101 0.788649 -0.582732 -0.596291 -0.951934 0.295709 0.0798575 -0.238894 0.235299 0.539063 0.808731 0.396706 
1533831179678 0.196087 0.78866 -0.582722 -0.596296 -0.95192 0.295735 0.0799282 -0.238898 0.235368 0.539032 0.808731 0.396699 
1533831179695 0.196074 0.788658 -0.582729 -0.596302 -0.951913 0.295748 0.0799662 -0.238904 0.235407 0.539028 0.808722 0.39669 
1533831179712 0.196065 0.78864 -0.582756 -0.596309 -0.951922 0.295728 0.079938 -0.238915 0.23538 0.539065 0.808706 0.396673 
1533831179759 0.196012 0.788565 -0.582876 -0.596338 -0.951968 0.295616 0.0798034 -0.238962 0.235238 0.539236 0.808633 0.396591 
1533831179779 0.195958 0.78856 -0.582901 -0.596349 -0.951993 0.295541 0.0797756 -0.238983 0.235179 0.539286 0.808617 0.396572 
1533831179797 0.195867 0.788588 -0.582893 -0.596354 -0.952021 0.295444 0.079799 -0.238994 0.235141 0.539297 0.808621 0.39656 
1533831179813 0.195787 0.788718 -0.582744 -0.596346 -0.952047 0.295342 0.0798691 -0.239008 0.235103 0.539163 0.808721 0.396552 
1533831179829 0.19574 0.788838 -0.582598 -0.596339 -0.952063 0.295274 0.0799284 -0.239019 0.235076 0.539025 0.808821 0.396545 
1533831179846 0.195803 0.788906 -0.582485 -0.596336 -0.952034 0.295352 0.0799903 -0.239025 0.235143 0.538883 0.808896 0.39654 
1533831179863 0.195866 0.788917 -0.582449 -0.596337 -0.952014 0.295415 0.0799917 -0.239036 0.235171 0.538832 0.808922 0.396534 
1533831179879 0.195897 0.788895 -0.582468 -0.596343 -0.952012 0.295434 0.0799526 -0.239049 0.235155 0.538854 0.808912 0.396524 
1533831179995 0.195557 0.788689 -0.582861 -0.596368 -0.951802 0.295834 0.080961 -0.23898 0.236283 0.538936 0.808529 0.396582 
1533831180008 0.195429 0.788738 -0.582838 -0.596353 -0.951785 0.295825 0.0811928 -0.238983 0.236458 0.538869 0.808522 0.396595 
1533831180025 0.19531 0.788794 -0.582802 -0.596332 -0.951747 0.295867 0.0814898 -0.238985 0.236711 0.538764 0.808518 0.396608 
1533831180042 0.195247 0.788827 -0.582779 -0.596318 -0.951708 0.295932 0.0817135 -0.238987 0.23692 0.538681 0.808512 0.396616 
1533831180058 0.195197 0.788827 -0.582795 -0.596313 -0.951695 0.295945 0.081815 -0.239001 0.237013 0.538673 0.80849 0.396623 
1533831180075 0.195174 0.788818 -0.582815 -0.596314 -0.951684 0.295963 0.0818729 -0.239022 0.237074 0.538676 0.80847 0.396632 
1533831180092 0.195168 0.788829 -0.582802 -0.596313 -0.951681 0.295967 0.0818964 -0.239048 0.237093 0.538658 0.808477 0.396635 
1533831180108 0.195152 0.788836 -0.582798 -0.596312 -0.951688 0.295944 0.0818934 -0.239074 0.237076 0.538661 0.80848 0.396631 
1533831180125 0.195118 0.788849 -0.582792 -0.59631 -0.951703 0.295898 0.0818891 -0.239094 0.237045 0.538667 0.808485 0.396625 
1533831180142 0.195087 0.788863 -0.582783 -0.596308 -0.951709 0.295873 0.0819133 -0.239101 0.237048 0.538659 0.808489 0.396621 
1533831180173 0.195142 0.788886 -0.582733 -0.596302 -0.951691 0.295927 0.0819209 -0.239112 0.237073 0.538596 0.808524 0.396631 
1533831180187 0.195191 0.788885 -0.582719 -0.596303 -0.951681 0.295967 0.0818991 -0.23911 0.237074 0.538576 0.808537 0.396633 
1533831180204 0.195259 0.788865 -0.582722 -0.596309 -0.951672 0.29601 0.0818388 -0.239104 0.237052 0.538581 0.80854 0.396623 
1533831180223 0.195506 0.788775 -0.582762 -0.596318 -0.951606 0.296251 0.0817335 -0.239093 0.237113 0.53858 0.808522 0.396594 
1533831180240 0.195603 0.788719 -0.582805 -0.596323 -0.951606 0.29629 0.0815923 -0.239092 0.237033 0.538642 0.808505 0.396577 
1533831180257 0.19567 0.788655 -0.582869 -0.596329 -0.951615 0.296301 0.0814538 -0.239099 0.236944 0.538729 0.808473 0.396565 
1533831180273 0.195669 0.78858 -0.58297 -0.596341 -0.951623 0.296293 0.0813883 -0.239102 0.236911 0.538843 0.808407 0.396551 
1533831180294 0.195622 0.788525 -0.583061 -0.59635 -0.951635 0.296258 0.0813742 -0.239098 0.236902 0.538943 0.808343 0.396533 
1533831180361 0.195593 0.788645 -0.582909 -0.596334 -0.951626 0.296254 0.0815003 -0.239071 0.236964 0.53877 0.80844 0.396556 
1533831180374 0.195603 0.788751 -0.582761 -0.59632 -0.951647 0.296193 0.0814701 -0.239071 0.236869 0.538647 0.808549 0.396581 
1533831180393 0.195635 0.788903 -0.582546 -0.596303 -0.951689 0.296088 0.0813691 -0.239063 0.236677 0.538484 0.808714 0.396605 
1533831180407 0.195669 0.789031 -0.582361 -0.596293 -0.951737 0.29597 0.081227 -0.239056 0.236452 0.538361 0.808862 0.396631 
1533831180431 0.195732 0.789223 -0.582079 -0.59628 -0.951828 0.295755 0.0809399 -0.239043 0.236033 0.538197 0.809093 0.396657 
1533831180448 0.195766 0.789292 -0.581974 -0.59628 -0.951909 0.295574 0.0806608 -0.239048 0.235681 0.538195 0.809197 0.396648 
1533831180464 0.195766 0.789306 -0.581956 -0.59629 -0.951982 0.295405 0.080417 -0.239056 0.235386 0.538268 0.809235 0.396629 
1533831180558 0.196077 0.78932 -0.581831 -0.596318 -0.951988 0.295487 0.080042 -0.238995 0.235102 0.538202 0.809362 0.396537 
1533831180572 0.196068 0.789326 -0.581827 -0.596318 -0.951922 0.295635 0.0802837 -0.238965 0.235378 0.538112 0.80934 0.396529 
1533831180589 0.195991 0.789345 -0.581827 -0.596318 -0.951846 0.29578 0.0806398 -0.238933 0.235745 0.538005 0.809305 0.396529 
1533831180605 0.195875 0.789365 -0.581838 -0.596321 -0.95181 0.295823 0.0809096 -0.238923 0.235988 0.537951 0.80927 0.396533 
1533831180622 0.195828 0.789364 -0.581856 -0.596319 -0.951754 0.295937 0.0811577 -0.238937 0.236256 0.537891 0.809232 0.39654 
1533831180639 0.19582 0.789346 -0.581883 -0.596313 -0.951714 0.296027 0.0812929 -0.238968 0.236421 0.537867 0.809199 0.396549 
1533831180689 0.195924 0.789331 -0.581868 -0.596294 -0.951663 0.296179 0.0813404 -0.23906 0.236541 0.537805 0.809206 0.396489 
1533831180706 0.196019 0.789407 -0.581733 -0.596279 -0.951662 0.2962 0.0812715 -0.239085 0.236466 0.537683 0.809309 0.396471 
1533831180723 0.196124 0.789512 -0.581555 -0.596266 -0.951648 0.29625 0.0812513 -0.239092 0.236435 0.5375 0.809439 0.396457 
1533831180739 0.196215 0.789621 -0.581377 -0.596257 -0.951631 0.296303 0.0812605 -0.239086 0.236429 0.537312 0.809566 0.396438 
1533831180756 0.19628 0.789689 -0.581261 -0.596268 -0.951614 0.296353 0.0812783 -0.239077 0.236443 0.537183 0.809647 0.396403 
1533831180773 0.196287 0.78969 -0.581258 -0.596291 -0.951602 0.296382 0.0813116 -0.23907 0.236485 0.537166 0.809647 0.396373 
1533831180791 0.196283 0.789682 -0.58127 -0.596309 -0.951592 0.296403 0.0813448 -0.239063 0.236527 0.537165 0.809635 0.39635 
1533831180806 0.19626 0.789662 -0.581306 -0.596326 -0.951597 0.29639 0.0813463 -0.239058 0.236529 0.537203 0.809609 0.396333 
1533831180823 0.1962 0.789625 -0.581376 -0.596343 -0.951612 0.29634 0.081343 -0.239051 0.236516 0.537285 0.809559 0.396317 
1533831180865 0.195892 0.789456 -0.581709 -0.596374 -0.951629 0.296227 0.0815558 -0.239011 0.236703 0.537595 0.809298 0.396292 
1533831180906 0.195593 0.78942 -0.581858 -0.596381 -0.951629 0.296137 0.0818822 -0.239009 0.236949 0.537697 0.809158 0.396324 
1533831180919 0.195521 0.789468 -0.581818 -0.596374 -0.951623 0.296122 0.0820127 -0.239002 0.237035 0.537636 0.809173 0.396337 
1533831180935 0.195396 0.789552 -0.581746 -0.596362 -0.951588 0.296149 0.0823186 -0.238977 0.237278 0.537497 0.809195 0.396355 
1533831180952 0.195385 0.789642 -0.581627 -0.59635 -0.951559 0.296197 0.0824748 -0.238969 0.237402 0.537338 0.809264 0.396367 
1533831180969 0.195444 0.789752 -0.581458 -0.596339 -0.951518 0.296293 0.0826022 -0.238982 0.237518 0.537124 0.809372 0.396379 
1533831180985 0.195498 0.789781 -0.581401 -0.596343 -0.951496 0.296357 0.0826311 -0.239011 0.237563 0.537047 0.80941 0.396382 
1533831181002 0.19556 0.789775 -0.581387 -0.596351 -0.951477 0.296421 0.0826215 -0.239037 0.237588 0.537019 0.809421 0.396387 
1533831181019 0.195598 0.789744 -0.581417 -0.596359 -0.951476 0.296439 0.0825648 -0.239056 0.23756 0.537055 0.809406 0.39638 
1533831181035 0.19562 0.789686 -0.581488 -0.59637 -0.951496 0.296409 0.0824401 -0.239078 0.23746 0.537157 0.809367 0.396359 
1533831181052 0.195626 0.78964 -0.581549 -0.596372 -0.951556 0.296283 0.0822065 -0.2391 0.237217 0.537295 0.809347 0.396343 
1533831181069 0.195714 0.789559 -0.58163 -0.596373 -0.95158 0.296268 0.0819823 -0.239114 0.237048 0.537422 0.809312 0.396325 
1533831181092 0.19576 0.789442 -0.581773 -0.596383 -0.951601 0.296252 0.0817987 -0.239131 0.236927 0.537602 0.809228 0.396312 
1533831181109 0.195817 0.789378 -0.581841 -0.596394 -0.95159 0.296304 0.0817376 -0.239133 0.236923 0.537668 0.809185 0.396301 
1533831181125 0.19583 0.789357 -0.581865 -0.596401 -0.951587 0.296318 0.081722 -0.239127 0.236925 0.537691 0.809169 0.396299 
1533831181142 0.195823 0.789356 -0.581868 -0.596403 -0.95159 0.296308 0.0817187 -0.239124 0.236917 0.537697 0.809168 0.396299 
1533831181159 0.195792 0.789397 -0.581823 -0.596408 -0.951609 0.29625 0.0817114 -0.239104 0.236868 0.53767 0.8092 0.396305 
1533831181244 0.195721 0.78944 -0.581789 -0.596411 -0.951611 0.296217 0.0818082 -0.239057 0.236919 0.537625 0.809215 0.396349 
1533831181263 0.195882 0.789368 -0.581831 -0.596406 -0.951576 0.296356 0.0817025 -0.23906 0.236923 0.537653 0.809195 0.396362 
1533831181276 0.19598 0.789279 -0.581919 -0.596405 -0.951555 0.296447 0.0816165 -0.23906 0.236927 0.537733 0.809141 0.396364 
1533831181300 0.195975 0.789094 -0.582172 -0.596411 -0.951538 0.296511 0.0815861 -0.239047 0.236999 0.53797 0.808962 0.396359 
1533831181339 0.195956 0.788933 -0.582396 -0.596404 -0.951533 0.29654 0.0815447 -0.239028 0.237037 0.53819 0.808805 0.396363 
1533831181362 0.195989 0.78888 -0.582458 -0.596396 -0.951532 0.29656 0.0814841 -0.239026 0.237015 0.538257 0.808766 0.396394 
1533831181379 0.196023 0.788843 -0.582496 -0.59639 -0.951533 0.296574 0.0814218 -0.239028 0.236982 0.538303 0.808746 0.396424 
1533831181396 0.196073 0.788786 -0.582557 -0.596384 -0.951529 0.296606 0.0813478 -0.23903 0.236956 0.538369 0.808709 0.396463 
1533831181412 0.1961 0.788744 -0.582604 -0.596381 -0.951529 0.296619 0.0812936 -0.239031 0.236931 0.538423 0.80868 0.39649 
1533831181429 0.196124 0.788695 -0.582663 -0.59638 -0.951533 0.296626 0.0812287 -0.239034 0.236898 0.538492 0.808645 0.396522 
1533831181549 0.196604 0.788838 -0.582308 -0.596352 -0.951579 0.296652 0.080587 -0.239007 0.236313 0.538268 0.808965 0.39639 
1533831181573 0.19674 0.788836 -0.582264 -0.596373 -0.951644 0.296548 0.0802075 -0.238983 0.23594 0.538327 0.809034 0.396341 
1533831181684 0.197194 0.788822 -0.582129 -0.596418 -0.951768 0.296409 0.0792465 -0.238959 0.23506 0.538424 0.809226 0.396347 
1533831181711 0.197445 0.788778 -0.582104 -0.596417 -0.951753 0.296528 0.0789818 -0.238963 0.234909 0.538425 0.809269 0.396369 
1533831181731 0.197584 0.788758 -0.582083 -0.59641 -0.951763 0.29655 0.0787743 -0.238954 0.234751 0.538441 0.809305 0.396385 
1533831181748 0.197653 0.78875 -0.582071 -0.596406 -0.951782 0.296529 0.0786252 -0.238946 0.234617 0.538464 0.809328 0.396388 
1533831181765 0.197615 0.788766 -0.582063 -0.596402 -0.951837 0.296388 0.0784857 -0.238939 0.234423 0.538519 0.809347 0.396384 
1533831181902 0.197531 0.78885 -0.581977 -0.596431 -0.951773 0.296498 0.0788486 -0.238867 0.234755 0.538335 0.809373 0.396336 
1533831181915 0.19736 0.788917 -0.581944 -0.596433 -0.95179 0.296397 0.0790239 -0.238854 0.23483 0.538292 0.809381 0.396341 
1533831181932 0.197162 0.789016 -0.581877 -0.596428 -0.951807 0.296282 0.0792454 -0.238841 0.234925 0.538211 0.809407 0.39635 
1533831181976 0.197116 0.789084 -0.581801 -0.596412 -0.951756 0.296375 0.0795089 -0.238884 0.23517 0.53806 0.809436 0.396364 
1533831182029 0.19713 0.789089 -0.581789 -0.596415 -0.951754 0.296384 0.0795034 -0.238952 0.235168 0.538047 0.809445 0.396279 
1533831182044 0.197019 0.789154 -0.581738 -0.596412 -0.951781 0.296278 0.0795718 -0.238957 0.23515 0.53801 0.809475 0.396257 
1533831182066 0.196953 0.78924 -0.581644 -0.596404 -0.951779 0.29625 0.0796995 -0.238962 0.235214 0.537899 0.80953 0.396242 
1533831182082 0.196882 0.789304 -0.581581 -0.596401 -0.951783 0.296211 0.0798028 -0.238966 0.23526 0.537827 0.809565 0.396225 
1533831182099 0.196829 0.789348 -0.581539 -0.596399 -0.951785 0.296184 0.0798799 -0.23897 0.235296 0.537777 0.809587 0.39621 
1533831182116 0.196797 0.789388 -0.581496 -0.596399 -0.951793 0.296151 0.0799115 -0.238982 0.235291 0.537737 0.809615 0.396195 
1533831182132 0.196796 0.789397 -0.581484 -0.5964 -0.951794 0.296145 0.0799099 -0.23899 0.235284 0.537727 0.809624 0.396185 
1533831182149 0.19679 0.789398 -0.581485 -0.596402 -0.951796 0.296139 0.079911 -0.238995 0.235282 0.537729 0.809623 0.396178 
1533831182166 0.196788 0.789395 -0.58149 -0.596404 -0.951798 0.296135 0.0799074 -0.239002 0.235278 0.537736 0.80962 0.396168 
1533831182182 0.196799 0.789385 -0.581499 -0.596406 -0.951799 0.296137 0.079885 -0.239006 0.235263 0.537749 0.809616 0.396166 
1533831182199 0.196816 0.789375 -0.581507 -0.596407 -0.951798 0.296146 0.079863 -0.239009 0.235253 0.537759 0.809612 0.396164 
1533831182216 0.196805 0.789356 -0.581537 -0.59641 -0.951824 0.296086 0.0797769 -0.23902 0.235157 0.53782 0.809599 0.396161 
1533831182239 0.196891 0.789304 -0.581579 -0.596415 -0.951843 0.296077 0.0795859 -0.239047 0.235009 0.537902 0.809588 0.396167 
1533831182256 0.196934 0.789285 -0.581589 -0.596417 -0.951855 0.296064 0.0794826 -0.239062 0.234922 0.537936 0.80959 0.396169 
1533831182272 0.196949 0.789291 -0.581576 -0.596416 -0.951853 0.296072 0.0794743 -0.239064 0.234917 0.537923 0.8096 0.39617 
1533831182290 0.196965 0.78934 -0.581504 -0.596408 -0.951858 0.296061 0.0794669 -0.239069 0.234887 0.537857 0.809653 0.396175 
1533831182306 0.196984 0.78937 -0.581457 -0.596403 -0.951857 0.296063 0.0794605 -0.239071 0.234872 0.537811 0.809688 0.396179 
1533831182399 0.196892 0.789416 -0.581426 -0.596381 -0.951972 0.295767 0.0791971 -0.239088 0.234486 0.537908 0.809735 0.396215 
1533831182413 0.196952 0.789258 -0.58162 -0.596392 -0.951974 0.295802 0.0790408 -0.239089 0.234428 0.53812 0.809612 0.396219 
1533831182429 0.196995 0.789098 -0.581822 -0.596399 -0.951986 0.295808 0.0788647 -0.239082 0.23434 0.538351 0.809483 0.396227 
1533831182449 0.197009 0.788991 -0.581963 -0.5964 -0.952008 0.295778 0.0787194 -0.239073 0.234241 0.538525 0.809396 0.39624 
1533831182532 0.196968 0.788995 -0.581971 -0.596351 -0.952125 0.295494 0.0783641 -0.239043 0.233798 0.538674 0.809425 0.396292 
1533831182549 0.196993 0.788936 -0.582043 -0.596355 -0.952158 0.295433 0.0781893 -0.239047 0.233641 0.538794 0.80939 0.396289 
1533831182565 0.197043 0.788865 -0.582122 -0.596358 -0.952186 0.295395 0.0779989 -0.239048 0.233486 0.53892 0.809351 0.396285 
1533831182582 0.197068 0.788785 -0.582222 -0.596362 -0.952204 0.295372 0.0778674 -0.239042 0.233393 0.539048 0.809293 0.396281 
1533831182599 0.197086 0.788741 -0.582276 -0.596365 -0.952214 0.29536 0.0777891 -0.239037 0.233336 0.53912 0.809261 0.396278 
1533831182615 0.197068 0.788718 -0.582313 -0.596365 -0.952234 0.295312 0.0777295 -0.23903 0.233271 0.53918 0.80924 0.396274 
1533831182632 0.197022 0.788732 -0.58231 -0.596359 -0.952245 0.29527 0.0777509 -0.239018 0.233263 0.539183 0.809241 0.396277 
1533831182649 0.196987 0.788761 -0.582282 -0.596354 -0.952237 0.295274 0.0778347 -0.239004 0.233326 0.539138 0.809252 0.396289 
1533831182665 0.196994 0.788782 -0.582252 -0.596353 -0.952208 0.295341 0.0779391 -0.238998 0.23344 0.539071 0.809264 0.396305 
1533831182682 0.196935 0.788824 -0.582214 -0.596355 -0.952185 0.295369 0.0781073 -0.238993 0.233581 0.538994 0.809275 0.396328 
1533831182699 0.196869 0.788855 -0.582195 -0.596359 -0.952168 0.295383 0.078259 -0.238988 0.233705 0.538941 0.809274 0.396349 
1533831182722 0.196777 0.788889 -0.582179 -0.596365 -0.952133 0.29543 0.0785041 -0.238973 0.233924 0.538865 0.809262 0.396398 
1533831182740 0.196742 0.788878 -0.582206 -0.59637 -0.95212 0.295453 0.078587 -0.238968 0.23401 0.538868 0.809235 0.396425 
1533831182755 0.196718 0.788843 -0.582262 -0.596379 -0.952101 0.295493 0.0786637 -0.238964 0.234108 0.538898 0.809186 0.396458 
1533831182772 0.19668 0.788789 -0.582348 -0.59639 -0.952084 0.295527 0.0787366 -0.238965 0.234206 0.538958 0.809118 0.396488 
1533831182872 0.196776 0.788703 -0.582432 -0.596388 -0.9521 0.295533 0.0785288 -0.23903 0.234064 0.539081 0.809077 0.396485 
1533831182886 0.196909 0.788837 -0.582205 -0.596358 -0.952101 0.295553 0.0784355 -0.239038 0.233945 0.538874 0.80925 0.396463 
1533831182902 0.197041 0.788955 -0.582 -0.596332 -0.95209 0.295602 0.0783778 -0.239043 0.233877 0.538673 0.809403 0.396436 
1533831182922 0.197153 0.78908 -0.581793 -0.596314 -0.952085 0.295633 0.0783305 -0.239033 0.233806 0.538473 0.809556 0.396393 
1533831182939 0.197166 0.789132 -0.581718 -0.596317 -0.952086 0.295627 0.078337 -0.239008 0.23379 0.538401 0.809609 0.396353 
1533831182963 0.197129 0.789156 -0.581698 -0.596333 -0.952103 0.295573 0.0783317 -0.238975 0.23375 0.538396 0.809624 0.396313 
1533831182983 0.197065 0.789197 -0.581664 -0.596344 -0.952129 0.295487 0.0783375 -0.23896 0.233698 0.538382 0.809648 0.396307 
1533831182999 0.196991 0.789274 -0.581586 -0.596348 -0.952163 0.295378 0.0783492 -0.238951 0.233626 0.53833 0.809703 0.396318 
1533831183041 0.196983 0.78944 -0.581363 -0.596347 -0.952178 0.295318 0.0783898 -0.238934 0.233571 0.538119 0.80986 0.396334 
1533831183111 0.196852 0.789543 -0.581267 -0.596316 -0.952066 0.295521 0.0789825 -0.238926 0.234136 0.537856 0.809871 0.396403 
1533831183132 0.19664 0.78951 -0.581384 -0.596295 -0.952064 0.295463 0.0792194 -0.23897 0.234322 0.537937 0.809764 0.396381 
1533831183148 0.196405 0.789402 -0.581609 -0.596295 -0.952045 0.295448 0.0795054 -0.238995 0.234597 0.538103 0.809574 0.396354 
1533831183224 0.196249 0.789084 -0.582094 -0.59627 -0.951809 0.295982 0.0803348 -0.239091 0.23568 0.538276 0.809144 0.396374 
1533831183257 0.196097 0.789133 -0.582079 -0.596239 -0.951816 0.295911 0.0805138 -0.23914 0.23578 0.538243 0.809137 0.396404 
1533831183271 0.195992 0.789162 -0.582074 -0.596232 -0.951833 0.295835 0.0805925 -0.239148 0.235799 0.538242 0.809132 0.396412 
1533831183289 0.195874 0.789192 -0.582073 -0.596221 -0.951824 0.295815 0.0807757 -0.239153 0.235934 0.53821 0.809114 0.396418 
1533831183304 0.195821 0.789194 -0.582089 -0.596219 -0.951805 0.295842 0.0809041 -0.239155 0.236055 0.538192 0.80909 0.396412 
1533831183321 0.195776 0.789182 -0.582119 -0.596221 -0.951776 0.295894 0.0810472 -0.239161 0.236207 0.53818 0.809054 0.396396 
1533831183337 0.195723 0.78917 -0.582155 -0.596225 -0.951755 0.295928 0.0811767 -0.239165 0.236338 0.53818 0.809016 0.396375 
1533831183354 0.195663 0.789161 -0.582186 -0.596229 -0.951743 0.295937 0.0812817 -0.239164 0.236435 0.538188 0.808982 0.396358 
1533831183371 0.19565 0.789148 -0.582208 -0.596231 -0.951739 0.295943 0.0813018 -0.23917 0.23646 0.538204 0.808964 0.396353 
1533831183387 0.195681 0.789148 -0.582197 -0.59623 -0.951741 0.295948 0.0812606 -0.239186 0.236427 0.5382 0.808976 0.396367 
1533831183404 0.195728 0.789155 -0.582172 -0.596229 -0.951745 0.295953 0.0811956 -0.239197 0.236371 0.538187 0.809001 0.396385 
1533831183421 0.195794 0.789147 -0.582162 -0.596235 -0.95177 0.29592 0.0810311 -0.239208 0.236219 0.538219 0.809025 0.396408 
1533831183440 0.195887 0.789117 -0.58217 -0.596246 -0.951774 0.295943 0.0808928 -0.239209 0.236123 0.538249 0.809033 0.396414 
1533831183454 0.196024 0.789066 -0.582194 -0.596255 -0.951749 0.296051 0.0807944 -0.239209 0.236111 0.538265 0.809026 0.396415 
1533831183471 0.196127 0.789011 -0.582234 -0.596267 -0.951723 0.29615 0.0807359 -0.239207 0.23613 0.538291 0.809003 0.396416 
1533831183487 0.196198 0.788978 -0.582254 -0.596275 -0.951696 0.296238 0.0807288 -0.239202 0.236179 0.53829 0.808989 0.39642 
1533831183504 0.196249 0.788965 -0.582254 -0.596277 -0.951675 0.296305 0.0807362 -0.239201 0.236223 0.538272 0.808988 0.396426 
1533831183521 0.196259 0.788965 -0.582251 -0.596277 -0.95167 0.296318 0.08074 -0.239204 0.236233 0.538265 0.80899 0.39643 
1533831183537 0.196232 0.788974 -0.582249 -0.596277 -0.95168 0.296287 0.0807444 -0.239206 0.236218 0.53827 0.808991 0.396432 
1533831183554 0.196222 0.78899 -0.582231 -0.596275 -0.951668 0.296309 0.0808033 -0.239201 0.236273 0.538235 0.808998 0.396432 
1533831183571 0.196115 0.78903 -0.582212 -0.596274 -0.951694 0.296209 0.0808568 -0.239196 0.236255 0.538231 0.809006 0.396434 
1533831183587 0.195966 0.789078 -0.582197 -0.596273 -0.95174 0.296051 0.0808997 -0.239194 0.236196 0.538246 0.809013 0.396442 
1533831183604 0.195881 0.789104 -0.58219 -0.596274 -0.951763 0.295969 0.0809326 -0.239195 0.236175 0.538254 0.809014 0.396451 
1533831183621 0.195837 0.789115 -0.58219 -0.596276 -0.951773 0.295929 0.0809528 -0.239197 0.236168 0.538259 0.809013 0.396467 
1533831183638 0.195829 0.789119 -0.582188 -0.596278 -0.951766 0.295943 0.0809893 -0.239199 0.236205 0.538246 0.809011 0.396494 
1533831183654 0.195837 0.789112 -0.582195 -0.59628 -0.951758 0.295965 0.0810032 -0.239203 0.23623 0.538245 0.809004 0.396517 
1533831183671 0.195838 0.789092 -0.582221 -0.596285 -0.951769 0.295943 0.0809556 -0.239213 0.236186 0.538285 0.80899 0.396534 
1533831183688 0.195845 0.789073 -0.582244 -0.596289 -0.951782 0.295917 0.0808922 -0.239225 0.236126 0.538327 0.80898 0.396544 
1533831183704 0.195849 0.789069 -0.582249 -0.59629 -0.951791 0.2959 0.0808566 -0.239231 0.236089 0.538343 0.80898 0.396548 
1533831183722 0.195873 0.78907 -0.582239 -0.596289 -0.951786 0.295918 0.0808447 -0.239234 0.236087 0.538332 0.808988 0.396551 
1533831183738 0.195919 0.789064 -0.582232 -0.596289 -0.951775 0.295959 0.0808266 -0.239235 0.236094 0.538319 0.808995 0.396546 
1533831183754 0.195964 0.789057 -0.582226 -0.596289 -0.95177 0.295985 0.0807869 -0.239235 0.236076 0.538314 0.809003 0.396537 
1533831183771 0.195983 0.78905 -0.582228 -0.59629 -0.951775 0.295981 0.0807461 -0.239236 0.236042 0.538325 0.809006 0.396523 
1533831183787 0.195999 0.789039 -0.582239 -0.596293 -0.95179 0.295953 0.0806677 -0.239236 0.235965 0.538359 0.809006 0.396491 
1533831183804 0.195986 0.78904 -0.582242 -0.596302 -0.951805 0.295915 0.0806328 -0.239221 0.235916 0.538378 0.809007 0.396472 
1533831183821 0.195962 0.789047 -0.582241 -0.596314 -0.951822 0.295868 0.0806059 -0.239198 0.235868 0.538394 0.809011 0.396457 
1533831183837 0.195948 0.789052 -0.582238 -0.59632 -0.951831 0.295842 0.0805955 -0.239185 0.235845 0.5384 0.809014 0.39645 
1533831183854 0.195935 0.789055 -0.582239 -0.596326 -0.951838 0.295821 0.0805862 -0.239175 0.235825 0.538407 0.809014 0.396444 
1533831183871 0.19593 0.789056 -0.582239 -0.59633 -0.951839 0.295817 0.0805896 -0.239171 0.235826 0.538408 0.809014 0.396443 
1533831183887 0.195926 0.789062 -0.582233 -0.596332 -0.951835 0.295824 0.080611 -0.239167 0.235846 0.538396 0.809016 0.396453 
1533831183904 0.195928 0.78907 -0.582221 -0.596335 -0.951826 0.295844 0.0806439 -0.239163 0.23588 0.538373 0.809021 0.396471 
1533831183921 0.195927 0.789081 -0.582207 -0.596337 -0.951818 0.29586 0.0806771 -0.239158 0.235913 0.538348 0.809028 0.396491 
1533831183944 0.195919 0.789095 -0.58219 -0.596341 -0.951814 0.295866 0.0807095 -0.239151 0.235938 0.538324 0.809037 0.396522 
1533831183961 0.19591 0.789097 -0.582191 -0.596345 -0.95182 0.295848 0.0806981 -0.239151 0.235918 0.538331 0.809038 0.396536 
1533831183977 0.1959 0.789098 -0.582192 -0.596349 -0.951829 0.295826 0.0806815 -0.23915 0.235893 0.538342 0.809038 0.396546 
1533831183994 0.19589 0.789099 -0.582194 -0.596354 -0.951837 0.295804 0.080666 -0.239148 0.235869 0.538352 0.809038 0.396555 
1533831184011 0.195882 0.789098 -0.582198 -0.596357 -0.951843 0.295787 0.0806525 -0.239146 0.235849 0.538363 0.809037 0.396557 
1533831184028 0.195881 0.789095 -0.582203 -0.596363 -0.951848 0.295777 0.0806375 -0.239143 0.235833 0.538373 0.809035 0.396556 
1533831184072 0.196055 0.789111 -0.582123 -0.596368 -0.951831 0.295866 0.0804989 -0.239129 0.235753 0.5383 0.809106 0.396496 
1533831184086 0.196199 0.789175 -0.581988 -0.596358 -0.951828 0.295911 0.0803761 -0.239129 0.235647 0.538182 0.809216 0.396465 
1533831184102 0.196357 0.789261 -0.581817 -0.596344 -0.951823 0.295961 0.0802534 -0.239125 0.235536 0.538029 0.80935 0.396426 
1533831184126 0.196585 0.789405 -0.581545 -0.596337 -0.951823 0.296011 0.080059 -0.23909 0.235343 0.53779 0.809565 0.396355 
1533831184143 0.196629 0.78943 -0.581496 -0.596351 -0.951824 0.29602 0.0800189 -0.239054 0.235304 0.537748 0.809604 0.396309 
1533831184160 0.196667 0.789443 -0.581466 -0.596363 -0.951829 0.296019 0.079966 -0.239027 0.235254 0.537729 0.809631 0.39627 
1533831184294 0.19683 0.789364 -0.581517 -0.596391 -0.951824 0.296093 0.0797526 -0.239041 0.235137 0.537804 0.809616 0.396407 
1533831184308 0.196761 0.789274 -0.581664 -0.596397 -0.951811 0.296113 0.0798324 -0.239041 0.235248 0.537926 0.809502 0.396426 
1533831184324 0.196625 0.789085 -0.581966 -0.596403 -0.951786 0.296153 0.0799786 -0.239048 0.235461 0.538181 0.809271 0.396459 
1533831184341 0.196562 0.789006 -0.582093 -0.5964 -0.951779 0.29616 0.0800366 -0.239051 0.235542 0.538292 0.809174 0.396478 
1533831184358 0.196513 0.788961 -0.582171 -0.596388 -0.951781 0.296147 0.080064 -0.239061 0.235575 0.538365 0.809115 0.396507 
1533831184420 0.19649 0.788875 -0.582295 -0.596349 -0.95181 0.296085 0.0799481 -0.239083 0.235478 0.538526 0.809037 0.396545 
1533831184436 0.196568 0.788753 -0.582434 -0.596356 -0.95177 0.296217 0.0799314 -0.239081 0.235573 0.538631 0.808939 0.39653 
1533831184450 0.196641 0.78862 -0.58259 -0.596365 -0.951726 0.29636 0.0799298 -0.239075 0.23569 0.538748 0.808827 0.396518 
1533831184467 0.19668 0.788474 -0.582775 -0.596376 -0.951693 0.296468 0.0799246 -0.239067 0.235792 0.538903 0.808694 0.396509 
1533831184484 0.196711 0.788378 -0.582893 -0.596379 -0.951678 0.296523 0.0798885 -0.239065 0.235824 0.539012 0.808612 0.396505 
1533831184500 0.196712 0.788333 -0.582955 -0.596373 -0.951688 0.296507 0.0798299 -0.239065 0.235783 0.539088 0.808574 0.39652 
1533831184517 0.196703 0.788324 -0.58297 -0.596364 -0.951707 0.296463 0.0797741 -0.239068 0.235717 0.539125 0.808568 0.39654 
1533831184534 0.196695 0.788334 -0.582959 -0.596352 -0.951727 0.296412 0.0797168 -0.239071 0.235639 0.539138 0.808582 0.396566 
1533831184550 0.196688 0.788348 -0.582942 -0.596343 -0.951744 0.29637 0.0796763 -0.239074 0.235579 0.53914 0.808598 0.396585 
1533831184567 0.196678 0.788392 -0.582886 -0.596335 -0.951756 0.296334 0.0796692 -0.239068 0.23554 0.539096 0.808639 0.3966 
1533831184584 0.196648 0.788459 -0.582805 -0.596328 -0.951781 0.296258 0.079652 -0.239064 0.235463 0.539039 0.808699 0.396613 
1533831184600 0.196646 0.788498 -0.582754 -0.596327 -0.951793 0.296225 0.0796334 -0.239072 0.235417 0.539001 0.808738 0.39661 
1533831184617 0.1966 0.788643 -0.582572 -0.596318 -0.951841 0.296079 0.0795937 -0.239086 0.235259 0.538868 0.808872 0.396616 
1533831184634 0.19655 0.788784 -0.582398 -0.596309 -0.951895 0.295921 0.0795379 -0.239098 0.235082 0.538749 0.809003 0.396618 
1533831184650 0.196515 0.788871 -0.582292 -0.5963 -0.951941 0.295794 0.079466 -0.239098 0.234927 0.538692 0.809086 0.396607 
1533831184667 0.196446 0.788909 -0.582264 -0.596299 -0.951994 0.295644 0.0793808 -0.239098 0.234767 0.538718 0.809115 0.396588 
1533831184724 0.19641 0.788832 -0.58238 -0.596318 -0.952074 0.295461 0.0791097 -0.239108 0.234475 0.538931 0.809058 0.396527 
1533831184738 0.196491 0.788788 -0.582413 -0.596324 -0.952053 0.295541 0.0790663 -0.239108 0.234493 0.538952 0.809039 0.396515 
1533831184754 0.196658 0.78872 -0.582449 -0.596331 -0.951999 0.295726 0.0790226 -0.239104 0.234572 0.53895 0.809017 0.396499 
1533831184789 0.196944 0.788683 -0.582402 -0.596349 -0.951922 0.295997 0.0789353 -0.239071 0.234644 0.538856 0.809059 0.39649 
1533831184840 0.197238 0.788811 -0.58213 -0.596349 -0.951882 0.296161 0.0787936 -0.239021 0.234557 0.538578 0.809269 0.396484 
1533831184854 0.197367 0.788915 -0.581944 -0.596332 -0.951887 0.296176 0.0786783 -0.239023 0.234428 0.538417 0.809414 0.396489 
1533831184874 0.197482 0.789062 -0.581706 -0.596325 -0.951916 0.296127 0.0785215 -0.239002 0.234217 0.538229 0.8096 0.396484 
1533831184890 0.197553 0.789158 -0.581551 -0.596324 -0.951944 0.296071 0.0783899 -0.238983 0.234042 0.538118 0.809724 0.396466 
1533831184907 0.197599 0.789233 -0.581434 -0.596328 -0.951973 0.296007 0.0782724 -0.238956 0.233884 0.538043 0.80982 0.396437 
1533831184924 0.197619 0.789246 -0.58141 -0.596346 -0.951995 0.295961 0.0781783 -0.23893 0.233776 0.53805 0.809846 0.396394 
1533831184944 0.197623 0.789259 -0.581391 -0.596363 -0.952018 0.295908 0.0781017 -0.238901 0.233681 0.53806 0.809867 0.396358 
1533831184964 0.197569 0.789287 -0.581371 -0.596382 -0.952046 0.295825 0.078083 -0.238859 0.233614 0.538065 0.809883 0.39634 
1533831184981 0.197539 0.789302 -0.581361 -0.596385 -0.952053 0.295796 0.0781006 -0.238848 0.233609 0.538059 0.809888 0.396347 
1533831185096 0.197768 0.7894 -0.58115 -0.596361 -0.952049 0.295864 0.0778973 -0.238942 0.233433 0.537877 0.81006 0.396401 
1533831185113 0.197877 0.789546 -0.580915 -0.596358 -0.952098 0.295763 0.0776704 -0.238947 0.233138 0.537719 0.81025 0.39638 
1533831185129 0.197908 0.789653 -0.580759 -0.596375 -0.952156 0.295625 0.0774864 -0.238924 0.232874 0.537638 0.81038 0.39634 
1533831185146 0.197916 0.789731 -0.580649 -0.596391 -0.952203 0.295508 0.0773546 -0.238899 0.232676 0.537587 0.810471 0.396307 
1533831185227 0.197874 0.789738 -0.580654 -0.596441 -0.952256 0.295373 0.0772249 -0.238865 0.232497 0.537651 0.810479 0.39625 
1533831185241 0.197862 0.789644 -0.580787 -0.59644 -0.952212 0.295482 0.0773419 -0.238889 0.232685 0.53773 0.810373 0.396267 
1533831185258 0.197836 0.789468 -0.581034 -0.596432 -0.952121 0.295709 0.0776025 -0.238934 0.233082 0.537862 0.810171 0.396306 
1533831185274 0.197804 0.789349 -0.581207 -0.596409 -0.952029 0.295928 0.0778977 -0.238989 0.233484 0.537918 0.810018 0.396348 
1533831185291 0.197758 0.789315 -0.58127 -0.596383 -0.951988 0.296011 0.0780748 -0.239034 0.233688 0.537922 0.809957 0.39637 
1533831185307 0.197713 0.78929 -0.581318 -0.596363 -0.951945 0.296101 0.0782651 -0.23907 0.233903 0.537909 0.809903 0.396393 
1533831185324 0.197638 0.789288 -0.581347 -0.596354 -0.951906 0.296167 0.0784878 -0.239076 0.234125 0.537875 0.809862 0.396424 
1533831185347 0.197509 0.789323 -0.581343 -0.596347 -0.951864 0.296219 0.0788012 -0.239036 0.234405 0.537795 0.809834 0.396471 
1533831185365 0.197359 0.789349 -0.581358 -0.596353 -0.951842 0.296218 0.0790641 -0.238984 0.234618 0.537757 0.809798 0.396488 
1533831185383 0.197238 0.789362 -0.581382 -0.596362 -0.951823 0.296222 0.0792769 -0.238939 0.234796 0.537736 0.809759 0.39649 
1533831185397 0.197104 0.789348 -0.581446 -0.596375 -0.951799 0.296238 0.0795101 -0.238893 0.235007 0.537748 0.80969 0.396471 
1533831185498 0.196839 0.789218 -0.581713 -0.596406 -0.951853 0.296048 0.0795666 -0.238859 0.23501 0.538043 0.809493 0.396423 
1533831185512 0.19685 0.789184 -0.581755 -0.596404 -0.951929 0.295882 0.079273 -0.238897 0.234692 0.538185 0.809492 0.396422 
1533831185528 0.197023 0.789101 -0.581809 -0.596403 -0.951959 0.29588 0.0789285 -0.238942 0.234428 0.538307 0.809487 0.396418 
1533831185545 0.197169 0.789024 -0.581864 -0.596402 -0.951978 0.29589 0.0786512 -0.238979 0.234226 0.538415 0.809474 0.39641 
1533831185562 0.197324 0.788967 -0.581888 -0.596393 -0.951983 0.295936 0.0784247 -0.239014 0.234076 0.538473 0.809479 0.396403 
1533831185578 0.197434 0.788934 -0.581896 -0.596384 -0.95197 0.296005 0.0783256 -0.239034 0.234038 0.538483 0.809483 0.396399 
1533831185598 0.197552 0.788881 -0.581928 -0.596375 -0.951939 0.296119 0.078266 -0.239056 0.234063 0.538498 0.809465 0.396405 
1533831185615 0.197559 0.788825 -0.582002 -0.596374 -0.951931 0.296148 0.0782575 -0.239064 0.23409 0.538565 0.809413 0.396406 
1533831185632 0.197559 0.788781 -0.582061 -0.596372 -0.951925 0.296166 0.078255 -0.239066 0.234113 0.538619 0.809371 0.396413 
1533831185648 0.197506 0.78873 -0.582148 -0.596367 -0.951949 0.296102 0.0782088 -0.239056 0.234061 0.538729 0.809313 0.396418 
1533831185665 0.197441 0.788672 -0.582249 -0.596364 -0.951971 0.296039 0.078179 -0.239039 0.234026 0.538849 0.809243 0.396419 
1533831185742 0.197303 0.788621 -0.582364 -0.596367 -0.951983 0.295976 0.0782738 -0.239021 0.234094 0.538957 0.809151 0.396408 
