1531854536484 -0.187255 0.845429 -0.500189 -0.597268 -0.975202 -0.0988634 0.197988 -0.255126 0.117931 0.524856 0.842977 0.407261 
1531854536491 0 0 0 0 0 0 0 0 0 0 0 0 
1531854536498 0 0 0 0 0 0 0 0 0 0 0 0 
1531854536504 0 0 0 0 0 0 0 0 0 0 0 0 
1531854536511 0 0 0 0 0 0 0 0 0 0 0 0 
1531854536518 0 0 0 0 0 0 0 0 0 0 0 0 
1531854536525 0 0 0 0 0 0 0 0 0 0 0 0 
1531854536538 -0.137212 -0.985888 0.0959098 -0.595723 0.82638 -0.0605486 0.559848 -0.248932 -0.54614 0.156076 0.823026 0.415877 
1531854536544 0 0 0 0 0 0 0 0 0 0 0 0 
1531854536558 -0.087704 -0.99321 0.0764364 -0.597546 0.804564 -0.0253843 0.593323 -0.249442 -0.587354 0.113535 0.801327 0.420328 
1531854536564 0 0 0 0 0 0 0 0 0 0 0 0 
1531854536578 -0.0361493 -0.997616 0.0587756 -0.59793 0.779062 0.00870385 0.626887 -0.246789 -0.625904 0.0684514 0.77689 0.426728 
1531854536584 0 0 0 0 0 0 0 0 0 0 0 0 
1531854536598 0.0162815 -0.998931 0.0432718 -0.598152 0.750321 0.0408113 0.659812 -0.244028 -0.660873 0.021725 0.750184 0.433213 
1531854536604 0 0 0 0 0 0 0 0 0 0 0 0 
1531854536618 0.0693121 -0.997143 0.0300152 -0.59836 0.718499 0.0707709 0.691918 -0.241262 -0.692066 -0.0263924 0.721352 0.439702 
1531854536624 0 0 0 0 0 0 0 0 0 0 0 0 
1531854536638 0.122676 -0.992263 0.0190734 -0.598568 0.683756 0.0984328 0.723041 -0.238496 -0.719325 -0.0756582 0.690542 0.44619 
1531854536644 0 0 0 0 0 0 0 0 0 0 0 0 
1531854536658 0.176102 -0.984316 0.010504 -0.59878 0.646268 0.123658 0.753025 -0.235739 -0.742513 -0.12582 0.657908 0.45267 
1531854536664 0 0 0 0 0 0 0 0 0 0 0 0 
1531854536678 0.228991 -0.973418 0.00460935 -0.59895 0.606268 0.146323 0.781684 -0.23339 -0.761579 -0.176204 0.623658 0.458949 
1531854536690 0 0 0 0 0 0 0 0 0 0 0 0 
1531854536691 0 0 0 0 0 0 0 0 0 0 0 0 
1531854536698 0 0 0 0 0 0 0 0 0 0 0 0 
1531854536704 0 0 0 0 0 0 0 0 0 0 0 0 
1531854536718 0.280992 -0.959709 0.00133809 -0.599127 0.564168 0.16631 0.808737 -0.231808 -0.776375 -0.226494 0.588169 0.464657 
1531854536896 0 0 0 0 0 0 0 0 0 0 0 0 
1531854536900 0 0 0 0 0 0 0 0 0 0 0 0 
1531854536907 0 0 0 0 0 0 0 0 0 0 0 0 
1531854536914 0 0 0 0 0 0 0 0 0 0 0 0 
1531854536927 0.280992 -0.959709 0.00133809 -0.599127 0.564168 0.16631 0.808737 -0.231808 -0.776375 -0.226494 0.588169 0.464657 
1531854536938 0 0 0 0 0 0 0 0 0 0 0 0 
1531854536940 0 0 0 0 0 0 0 0 0 0 0 0 
1531854536947 0 0 0 0 0 0 0 0 0 0 0 0 
1531854536960 0.332882 -0.942968 0.000165257 -0.599583 0.519791 0.18364 0.834322 -0.229251 -0.78677 -0.277645 0.551277 0.470661 
1531854536967 0 0 0 0 0 0 0 0 0 0 0 0 
1531854536974 0 0 0 0 0 0 0 0 0 0 0 0 
1531854536987 0.333386 -0.94279 -0.000122715 -0.599491 0.519547 0.183612 0.834481 -0.228425 -0.786718 -0.278268 0.551037 0.471384 
1531854536994 0 0 0 0 0 0 0 0 0 0 0 0 
1531854537007 0.333609 -0.942712 -0.000273543 -0.599455 0.519475 0.183591 0.83453 -0.228103 -0.786671 -0.278548 0.550963 0.471593 
1531854537014 0 0 0 0 0 0 0 0 0 0 0 0 
1531854537027 0.333758 -0.942659 -0.000374718 -0.599432 0.519416 0.183573 0.83457 -0.227888 -0.786646 -0.278739 0.550901 0.471747 
1531854537034 0 0 0 0 0 0 0 0 0 0 0 0 
1531854537047 0.333859 -0.942623 -0.00044208 -0.599415 0.519371 0.18356 0.834602 -0.227743 -0.786634 -0.278869 0.550854 0.471861 
1531854537054 0 0 0 0 0 0 0 0 0 0 0 0 
1531854537067 0.333925 -0.9426 -0.000486071 -0.599403 0.519338 0.18355 0.834624 -0.227647 -0.786627 -0.278954 0.55082 0.471939 
1531854537074 0 0 0 0 0 0 0 0 0 0 0 0 
1531854537087 0.333966 -0.942585 -0.000513695 -0.599396 0.519316 0.183543 0.834639 -0.227587 -0.786624 -0.279008 0.550797 0.47199 
1531854537094 0 0 0 0 0 0 0 0 0 0 0 0 
1531854537107 0.33399 -0.942577 -0.000529426 -0.599392 0.519304 0.18354 0.834648 -0.227553 -0.786622 -0.279039 0.550784 0.472019 
1531854537114 0 0 0 0 0 0 0 0 0 0 0 0 
1531854537127 0.333997 -0.942574 -0.000536703 -0.599387 0.5193 0.183536 0.834651 -0.227544 -0.786621 -0.279049 0.55078 0.47203 
