1535143873037 0.214693 0.91948 -0.329338 -0.472242 -0.943708 0.282174 0.172608 -0.171328 0.25164 0.273741 0.928301 0.473998 
1535143881048 0.214692 0.919481 -0.329337 -0.472242 -0.943708 0.282174 0.172608 -0.171327 0.25164 0.27374 0.928302 0.473998 
1535143882392 0.223356 0.920096 -0.321768 -0.504387 -0.942178 0.2884 0.170664 -0.18554 0.249825 0.265044 0.931311 0.454638 
1535143884012 0.235233 0.92107 -0.310316 -0.552987 -0.940237 0.296529 0.167407 -0.206896 0.246211 0.252391 0.935777 0.42489 
1535143885740 0.247099 0.921865 -0.298507 -0.601594 -0.938167 0.304685 0.164346 -0.228174 0.242455 0.23944 0.940151 0.395183 
1535143886819 0.250595 0.922137 -0.294731 -0.617818 -0.937571 0.307016 0.163404 -0.235152 0.241168 0.235383 0.941506 0.384984 
1535143886851 0.250314 0.922264 -0.29457 -0.617959 -0.937678 0.306689 0.163406 -0.235075 0.241045 0.235309 0.941556 0.384712 
1535143887372 0.251761 0.922106 -0.293831 -0.620934 -0.937279 0.307949 0.163329 -0.236715 0.241092 0.234282 0.9418 0.383097 
1535143888215 0.253872 0.922236 -0.291599 -0.630765 -0.936888 0.309393 0.162839 -0.240836 0.240394 0.231855 0.942578 0.3771 
1535143888249 0.253406 0.922442 -0.291353 -0.630869 -0.937053 0.308868 0.162888 -0.240676 0.240244 0.231737 0.942646 0.376893 
1535143888464 0.253047 0.922102 -0.292736 -0.630884 -0.937073 0.308844 0.162816 -0.240741 0.240542 0.233115 0.94223 0.377007 
1535143888733 0.252887 0.920959 -0.296449 -0.630748 -0.936923 0.309536 0.162369 -0.241109 0.241297 0.236689 0.941145 0.377482 
1535143889030 0.251769 0.92 -0.300354 -0.630764 -0.937004 0.309377 0.162202 -0.241192 0.242149 0.240596 0.939935 0.377905 
1535143889307 0.250733 0.919027 -0.304175 -0.63075 -0.937106 0.30924 0.16187 -0.241317 0.242826 0.244458 0.938763 0.37814 
1535143889515 0.250371 0.918477 -0.306129 -0.630681 -0.937116 0.309329 0.161646 -0.241525 0.243162 0.246407 0.938166 0.378366 
1535143889717 0.249816 0.917974 -0.308086 -0.630679 -0.93718 0.309232 0.161463 -0.241575 0.243489 0.248395 0.937557 0.378472 
1535143890320 0.249526 0.917756 -0.308966 -0.630643 -0.937212 0.309157 0.161416 -0.241608 0.24366 0.24929 0.937275 0.378638 
1535143890566 0.249196 0.918367 -0.307413 -0.631044 -0.937378 0.308491 0.161727 -0.241839 0.243358 0.24786 0.937732 0.378402 
1535143890760 0.248834 0.918743 -0.306583 -0.631249 -0.937524 0.30795 0.16191 -0.241998 0.243166 0.247141 0.937972 0.378168 
1535143891057 0.247749 0.919648 -0.304742 -0.632013 -0.937884 0.306521 0.162536 -0.242494 0.242886 0.245545 0.938464 0.377861 
1535143891310 0.246676 0.920332 -0.303545 -0.632551 -0.938212 0.305245 0.163048 -0.242725 0.242713 0.244569 0.938763 0.377584 
1535143891492 0.24637 0.920645 -0.302843 -0.632749 -0.938341 0.304781 0.163174 -0.242963 0.242526 0.243969 0.938968 0.377442 
1535143891732 0.246306 0.920536 -0.303227 -0.632722 -0.938345 0.304801 0.163112 -0.242759 0.242575 0.244356 0.938855 0.377388 
1535143892039 0.24607 0.921212 -0.301362 -0.633025 -0.938513 0.304139 0.16338 -0.243305 0.242163 0.242629 0.939408 0.377229 
1535143892292 0.245277 0.922057 -0.299415 -0.633401 -0.93881 0.302949 0.16388 -0.243655 0.241815 0.240898 0.939943 0.376982 
1535143892577 0.244452 0.922924 -0.297413 -0.633837 -0.939114 0.30172 0.164408 -0.243997 0.241471 0.239115 0.940487 0.376657 
1535143892846 0.243652 0.923672 -0.295744 -0.634252 -0.93941 0.300574 0.164816 -0.244293 0.241129 0.237667 0.940941 0.376307 
1535143892879 0.243533 0.923784 -0.295491 -0.634354 -0.939454 0.300404 0.164878 -0.244326 0.241078 0.237447 0.94101 0.376236 
1535143892909 0.243265 0.923908 -0.295324 -0.634411 -0.939531 0.300111 0.164971 -0.24425 0.241048 0.237335 0.941046 0.376191 
1535143893044 0.243597 0.923839 -0.295267 -0.634329 -0.939448 0.300414 0.164893 -0.244306 0.241037 0.23722 0.941078 0.376102 
1535143893058 0.243796 0.923789 -0.295258 -0.634309 -0.939382 0.300615 0.164898 -0.244304 0.24109 0.237159 0.94108 0.376107 
1535143893074 0.244054 0.923725 -0.295245 -0.63428 -0.9393 0.300874 0.164896 -0.244304 0.24115 0.23708 0.941084 0.37611 
1535143893194 0.244525 0.923684 -0.294983 -0.634174 -0.939129 0.301323 0.165051 -0.244325 0.241341 0.236668 0.941139 0.376105 
1535143893212 0.244812 0.923731 -0.294598 -0.634147 -0.93903 0.301551 0.165195 -0.244318 0.241432 0.236195 0.941234 0.376112 
1535143893245 0.245266 0.923752 -0.294154 -0.634122 -0.938875 0.30194 0.165365 -0.24431 0.241573 0.235615 0.941344 0.376114 
1535143893350 0.245569 0.923735 -0.293956 -0.634147 -0.938801 0.302188 0.165333 -0.244306 0.241554 0.235366 0.941411 0.375939 
1535143893378 0.245877 0.923774 -0.293576 -0.634114 -0.938718 0.302415 0.165388 -0.244291 0.241563 0.23492 0.94152 0.375885 
1535143894462 0.246811 0.92379 -0.292738 -0.634086 -0.938392 0.303233 0.16574 -0.244265 0.241877 0.233797 0.941719 0.375695 
1535143894914 0.251497 0.922976 -0.291314 -0.632654 -0.937655 0.306956 0.163039 -0.243452 0.239901 0.232148 0.942632 0.376113 
1535143894954 0.251822 0.922991 -0.290986 -0.632463 -0.937665 0.307113 0.162684 -0.243468 0.239522 0.23188 0.942794 0.376132 
1535143895251 0.251488 0.923026 -0.291165 -0.632021 -0.937768 0.306814 0.162655 -0.243187 0.239468 0.23214 0.942744 0.376362 
1535143895425 0.251794 0.922848 -0.291464 -0.631701 -0.937673 0.30717 0.16253 -0.243265 0.23952 0.232374 0.942673 0.376497 
1535143895665 0.251186 0.92305 -0.291351 -0.631197 -0.937898 0.30651 0.162475 -0.242818 0.239274 0.232446 0.942718 0.376667 
1535143895857 0.251484 0.922969 -0.291348 -0.630742 -0.93787 0.306744 0.162199 -0.242884 0.239074 0.232456 0.942766 0.376841 
1535143896028 0.251498 0.922948 -0.291402 -0.630569 -0.937889 0.306745 0.162088 -0.242818 0.238985 0.232538 0.942768 0.376898 
1535143896203 0.251316 0.922968 -0.291497 -0.630343 -0.937961 0.306565 0.162007 -0.242601 0.23889 0.232698 0.942753 0.376989 
1535143896659 0.251425 0.922958 -0.291435 -0.630107 -0.937969 0.306622 0.161856 -0.242575 0.238746 0.232662 0.942798 0.377125 
1535143897066 0.251144 0.922994 -0.291563 -0.628516 -0.937783 0.306631 0.162915 -0.241783 0.239771 0.232508 0.942576 0.37761 
1535143897415 0.251371 0.922911 -0.291631 -0.626972 -0.937477 0.307096 0.163795 -0.241134 0.240727 0.232224 0.942403 0.378155 
1535143897699 0.251779 0.922681 -0.292004 -0.625901 -0.937184 0.307729 0.164286 -0.240882 0.241442 0.232297 0.942202 0.37847 
1535143897913 0.252247 0.922565 -0.291968 -0.625635 -0.937002 0.308222 0.164397 -0.240907 0.241658 0.232106 0.942193 0.378625 
1535143898189 0.251495 0.922699 -0.292194 -0.625333 -0.937081 0.307663 0.16499 -0.240531 0.242133 0.232315 0.94202 0.378587 
1535143898389 0.251667 0.922532 -0.29257 -0.624886 -0.936827 0.308095 0.16563 -0.240529 0.242939 0.232404 0.94179 0.378738 
1535143898661 0.251294 0.92261 -0.292645 -0.624085 -0.936715 0.307955 0.166519 -0.240099 0.243754 0.23228 0.94161 0.378995 
1535143898933 0.251155 0.922512 -0.293075 -0.623284 -0.936467 0.308171 0.167512 -0.239761 0.244849 0.232383 0.941301 0.379222 
1535143899186 0.250909 0.922444 -0.293498 -0.622505 -0.936244 0.308287 0.168538 -0.239334 0.245949 0.232498 0.940986 0.379381 
1535143899561 0.251134 0.922372 -0.293533 -0.62222 -0.936039 0.308646 0.169025 -0.239376 0.246501 0.232311 0.940887 0.379556 
1535143899578 0.251184 0.922346 -0.293571 -0.622233 -0.936032 0.308693 0.168973 -0.239415 0.246475 0.232349 0.940885 0.37953 
1535143899876 0.250719 0.922381 -0.293858 -0.621633 -0.936151 0.308308 0.169017 -0.238919 0.246497 0.23272 0.940787 0.379645 
1535143900129 0.251017 0.922205 -0.294159 -0.62089 -0.935874 0.308834 0.169595 -0.238635 0.247247 0.232724 0.940589 0.379881 
1535143900322 0.251375 0.922055 -0.294322 -0.62049 -0.935633 0.30934 0.169999 -0.238577 0.247794 0.232644 0.940465 0.380078 
1535143900573 0.251286 0.921954 -0.294713 -0.619733 -0.935544 0.309434 0.170318 -0.238258 0.24822 0.232918 0.940285 0.38025 
1535143900765 0.251413 0.921801 -0.295085 -0.619409 -0.935395 0.309731 0.170595 -0.238134 0.248652 0.233131 0.940118 0.380368 
1535143900964 0.25167 0.921714 -0.295135 -0.619157 -0.935245 0.310061 0.170819 -0.23816 0.248956 0.233034 0.940062 0.380505 
1535143901169 0.251482 0.921714 -0.295298 -0.619037 -0.935276 0.309931 0.170885 -0.238079 0.249029 0.23321 0.939999 0.380506 
1535143901325 0.251541 0.921578 -0.295669 -0.618767 -0.93517 0.31014 0.171084 -0.238022 0.249366 0.233466 0.939846 0.380603 
1535143901558 0.251153 0.921566 -0.296037 -0.618234 -0.935171 0.309936 0.171451 -0.237725 0.249756 0.233785 0.939663 0.380761 
1535143901731 0.251448 0.921338 -0.296496 -0.61792 -0.934931 0.310453 0.171824 -0.237784 0.250356 0.233999 0.93945 0.380918 
1535143901959 0.251192 0.921324 -0.296758 -0.617358 -0.934888 0.310362 0.17222 -0.237518 0.250773 0.234175 0.939295 0.381072 
1535143902132 0.251335 0.921131 -0.297235 -0.61707 -0.934741 0.310689 0.172427 -0.237564 0.251175 0.234501 0.939106 0.381213 
1535143902305 0.251406 0.921069 -0.297368 -0.616827 -0.934683 0.310817 0.172511 -0.237524 0.251322 0.234575 0.939048 0.381225 
1535143902323 0.251381 0.921075 -0.297368 -0.616833 -0.934688 0.310795 0.172522 -0.237509 0.251326 0.234577 0.939047 0.381225 
1535143902483 0.251253 0.921105 -0.297384 -0.616859 -0.934719 0.31068 0.172566 -0.237432 0.251342 0.234613 0.939034 0.381227 
1535143902589 0.251365 0.920952 -0.297763 -0.616698 -0.934727 0.310822 0.172267 -0.237291 0.251201 0.235025 0.938968 0.381266 
1535143902844 0.251608 0.920743 -0.298203 -0.616092 -0.934632 0.311163 0.172165 -0.236957 0.25131 0.235392 0.938847 0.381478 
1535143902985 0.252159 0.920526 -0.298409 -0.61582 -0.9345 0.31171 0.171893 -0.237082 0.251249 0.235519 0.938832 0.381623 
1535143903206 0.25213 0.920449 -0.298671 -0.615449 -0.934503 0.311736 0.171829 -0.236769 0.251266 0.235785 0.93876 0.381757 
1535143903359 0.252194 0.92034 -0.298951 -0.615271 -0.934463 0.31187 0.171803 -0.236647 0.251351 0.236031 0.938676 0.38183 
1535143903379 0.252221 0.920327 -0.298971 -0.615269 -0.934454 0.311901 0.171798 -0.236659 0.251359 0.236043 0.93867 0.381833 
1535143903614 0.25239 0.920316 -0.29886 -0.615049 -0.934468 0.311984 0.171565 -0.236539 0.251133 0.235974 0.938748 0.38189 
1535143903906 0.252766 0.919947 -0.299677 -0.614262 -0.93449 0.312378 0.17073 -0.236062 0.250675 0.236891 0.93864 0.382181 
1535143904040 0.253283 0.91973 -0.299908 -0.614063 -0.93437 0.312893 0.170442 -0.236188 0.2506 0.237055 0.938618 0.382304 
1535143904126 0.252935 0.919807 -0.299963 -0.613957 -0.934453 0.312583 0.170555 -0.235821 0.250641 0.237162 0.93858 0.382351 
1535143904163 0.253112 0.919711 -0.300111 -0.613917 -0.934415 0.312769 0.170421 -0.235889 0.250603 0.237293 0.938558 0.382362 
1535143904346 0.253091 0.919735 -0.300054 -0.613529 -0.934443 0.312717 0.170362 -0.235673 0.25052 0.237266 0.938586 0.382472 
1535143904413 0.253314 0.919731 -0.299878 -0.613256 -0.934278 0.312996 0.170758 -0.235617 0.250912 0.236914 0.938571 0.382595 
1535143904534 0.253379 0.919716 -0.299869 -0.613009 -0.934251 0.313065 0.170778 -0.235579 0.250946 0.236882 0.93857 0.382688 
1535143904732 0.253563 0.919594 -0.300088 -0.612572 -0.934157 0.313322 0.17082 -0.235423 0.25111 0.237016 0.938492 0.382765 
1535143904941 0.25387 0.919548 -0.29997 -0.612061 -0.933989 0.313671 0.171097 -0.235329 0.251424 0.236732 0.93848 0.382976 
1535143905092 0.254137 0.919439 -0.300076 -0.611807 -0.933859 0.313999 0.171208 -0.235342 0.251639 0.236719 0.938425 0.383055 
1535143905110 0.254146 0.919435 -0.300083 -0.611806 -0.933855 0.31401 0.171208 -0.235345 0.251644 0.236723 0.938423 0.383055 
1535143905301 0.254116 0.919593 -0.299621 -0.611704 -0.933952 0.313812 0.17104 -0.235127 0.251312 0.236368 0.938601 0.383028 
1535143905461 0.254656 0.919581 -0.2992 -0.611371 -0.93396 0.314102 0.170467 -0.235108 0.250737 0.23603 0.93884 0.383123 
1535143905668 0.255022 0.91966 -0.298647 -0.610812 -0.93397 0.314244 0.17015 -0.234709 0.250328 0.235535 0.939073 0.383228 
1535143905826 0.25531 0.919714 -0.298233 -0.610507 -0.933995 0.314344 0.169827 -0.234583 0.24994 0.235189 0.939263 0.383328 
1535143906071 0.255686 0.919793 -0.297667 -0.609895 -0.93401 0.314486 0.16948 -0.23427 0.249499 0.234691 0.939506 0.383408 
1535143906227 0.256266 0.919752 -0.297294 -0.60956 -0.933974 0.314854 0.168997 -0.234271 0.24904 0.234357 0.939711 0.383415 
1535143906546 0.256389 0.919794 -0.29706 -0.609339 -0.934002 0.314869 0.16881 -0.234104 0.248805 0.234173 0.939818 0.383474 
1535143906768 0.256267 0.919847 -0.296999 -0.609191 -0.933918 0.314853 0.169307 -0.234058 0.249248 0.233985 0.939748 0.38351 
1535143907004 0.256404 0.919829 -0.296937 -0.608538 -0.933706 0.315135 0.169949 -0.233803 0.249899 0.233676 0.939652 0.38363 
1535143907218 0.256504 0.919843 -0.296807 -0.607934 -0.933479 0.315392 0.170717 -0.233517 0.250643 0.233274 0.939554 0.383738 
1535143907369 0.256882 0.919774 -0.296695 -0.607543 -0.933317 0.315785 0.170876 -0.233572 0.250859 0.233015 0.93956 0.383821 
1535143907589 0.256937 0.919859 -0.296383 -0.606948 -0.933153 0.315917 0.171526 -0.233189 0.251412 0.232499 0.93954 0.383977 
1535143907779 0.257158 0.919756 -0.296511 -0.606666 -0.93298 0.316255 0.171846 -0.233205 0.251829 0.232448 0.939441 0.383997 
1535143907795 0.257158 0.919755 -0.296513 -0.606666 -0.932977 0.316258 0.171856 -0.233203 0.25184 0.232445 0.939439 0.383999 
1535143908033 0.256961 0.919897 -0.296243 -0.606266 -0.932994 0.316055 0.172139 -0.232833 0.25198 0.232159 0.939472 0.384126 
1535143908251 0.257128 0.91996 -0.295903 -0.605727 -0.932818 0.31627 0.172699 -0.232513 0.252461 0.231617 0.939477 0.384277 
1535143908569 0.257805 0.919945 -0.29536 -0.604293 -0.932362 0.317058 0.173713 -0.231997 0.253453 0.230598 0.939461 0.384656 
1535143908601 0.257787 0.919971 -0.295296 -0.604097 -0.932321 0.31707 0.17391 -0.231999 0.253622 0.230478 0.939444 0.38473 
1535143908633 0.257889 0.919947 -0.295281 -0.604037 -0.932261 0.317193 0.174006 -0.232032 0.253738 0.230405 0.939431 0.384762 
1535143908882 0.257958 0.920334 -0.294011 -0.603539 -0.932539 0.316749 0.173323 -0.23139 0.252643 0.229467 0.939956 0.384757 
1535143909077 0.258398 0.920482 -0.29316 -0.603133 -0.932628 0.316817 0.172721 -0.231226 0.251865 0.228778 0.940332 0.384911 
1535143909286 0.258728 0.920664 -0.292298 -0.602629 -0.932695 0.316825 0.172341 -0.231006 0.251275 0.228036 0.94067 0.38503 
1535143909353 0.258625 0.920792 -0.291984 -0.602438 -0.932785 0.316613 0.172244 -0.230813 0.251047 0.227812 0.940785 0.385078 
1535143909380 0.258782 0.920782 -0.291878 -0.602404 -0.932761 0.316725 0.172169 -0.230819 0.250975 0.227698 0.940832 0.385098 
1535143909514 0.258816 0.920904 -0.291463 -0.602189 -0.932845 0.316595 0.171953 -0.230647 0.250628 0.227385 0.941 0.385125 
1535143909591 0.259145 0.921023 -0.290793 -0.602107 -0.932864 0.316683 0.171685 -0.230691 0.250215 0.226779 0.941256 0.385095 
1535143909846 0.260086 0.921908 -0.287126 -0.601154 -0.933075 0.316472 0.170929 -0.229884 0.248448 0.223454 0.942519 0.385107 
1535143910051 0.260764 0.922311 -0.285211 -0.600581 -0.933194 0.316488 0.170248 -0.229647 0.247288 0.221763 0.943223 0.385093 
1535143910073 0.260688 0.922431 -0.284891 -0.600492 -0.933252 0.316323 0.170236 -0.229506 0.247148 0.221496 0.943322 0.385074 
1535143910095 0.260681 0.922506 -0.284654 -0.60042 -0.933289 0.316242 0.170187 -0.22943 0.247018 0.2213 0.943403 0.385057 
1535143910269 0.261273 0.922575 -0.283887 -0.600268 -0.93324 0.316561 0.169859 -0.229461 0.246575 0.220555 0.943693 0.385069 
1535143910329 0.261352 0.922802 -0.283074 -0.600232 -0.933223 0.316482 0.170102 -0.229353 0.246558 0.219715 0.943893 0.38509 
1535143910458 0.261679 0.922879 -0.282523 -0.600199 -0.93318 0.316649 0.170023 -0.2293 0.246371 0.219154 0.944073 0.384961 
1535143910626 0.2619 0.923252 -0.281095 -0.59994 -0.933257 0.316474 0.169927 -0.22908 0.245845 0.21783 0.944516 0.384782 
1535143910671 0.262201 0.923362 -0.280451 -0.599841 -0.933236 0.316587 0.169831 -0.229036 0.245603 0.217198 0.944725 0.38475 
1535143910802 0.262421 0.92355 -0.279625 -0.599707 -0.933225 0.316601 0.169867 -0.228924 0.24541 0.216377 0.944963 0.384724 
1535143910903 0.262867 0.923721 -0.278639 -0.59955 -0.933182 0.316774 0.169781 -0.228816 0.245096 0.215391 0.94527 0.384712 
1535143911101 0.262357 0.923462 -0.279977 -0.599654 -0.933117 0.316716 0.170248 -0.228899 0.24589 0.216585 0.94479 0.38475 
1535143911282 0.261406 0.923241 -0.281588 -0.599571 -0.933074 0.316378 0.171109 -0.228959 0.247064 0.218014 0.944155 0.38485 
1535143911577 0.259992 0.92232 -0.285884 -0.599236 -0.932323 0.316842 0.174312 -0.229331 0.251352 0.221216 0.942277 0.385251 
1535143911909 0.258341 0.921468 -0.290099 -0.598949 -0.931674 0.317047 0.177385 -0.229539 0.255429 0.224452 0.940413 0.385665 
1535143912074 0.257728 0.921162 -0.29161 -0.598805 -0.931504 0.317054 0.178261 -0.229691 0.256664 0.225693 0.93978 0.38579 
1535143912361 0.257195 0.921046 -0.292447 -0.598743 -0.931422 0.316911 0.178945 -0.229691 0.257496 0.226368 0.93939 0.385892 
1535143914264 0.237335 0.920804 -0.309501 -0.542802 -0.937308 0.300765 0.176055 -0.203623 0.255199 0.248314 0.934459 0.424414 
1535143916214 0.21299 0.919044 -0.331652 -0.472453 -0.943783 0.281348 0.17354 -0.171335 0.252801 0.276045 0.927303 0.473791 
