1533678838246 0.257983 0.621918 -0.739367 -0.60666 -0.871534 0.480087 0.0997257 -0.186573 0.416982 0.618656 0.665876 0.426791 
1533678842025 0.25798 0.621915 -0.73937 -0.60666 -0.871533 0.480088 0.0997275 -0.186574 0.416984 0.618658 0.665873 0.426791 
1533678842632 0.224968 0.615781 -0.755118 -0.611219 -0.883934 0.455035 0.107725 -0.190549 0.40994 0.643239 0.646678 0.430496 
1533678843262 0.19163 0.607884 -0.770555 -0.615987 -0.895593 0.429464 0.116075 -0.195179 0.401485 0.66786 0.626715 0.434782 
1533678843898 0.157845 0.598882 -0.785128 -0.620748 -0.906394 0.403372 0.12546 -0.19941 0.391834 0.691832 0.606493 0.438881 
1533678844558 0.124333 0.588411 -0.798945 -0.625427 -0.916177 0.377256 0.135267 -0.203813 0.381 0.715158 0.585994 0.443048 
1533678845227 0.0908779 0.576603 -0.811955 -0.630121 -0.924928 0.351075 0.14579 -0.208063 0.36912 0.73775 0.565221 0.447273 
1533678845921 0.0576172 0.563371 -0.824192 -0.634685 -0.932735 0.324708 0.156747 -0.21225 0.355928 0.759722 0.544185 0.45155 
1533678846653 0.0247317 0.54901 -0.83545 -0.639105 -0.939509 0.298353 0.168249 -0.216191 0.341629 0.780752 0.523179 0.456057 
1533678847412 -0.00768589 0.533218 -0.845943 -0.643267 -0.945141 0.272404 0.18029 -0.219818 0.326572 0.800921 0.501872 0.460673 
1533678848149 -0.0392494 0.514894 -0.856355 -0.645823 -0.950211 0.245896 0.191399 -0.220503 0.309124 0.82123 0.479607 0.466168 
1533678848327 -0.0395546 0.514825 -0.856383 -0.645952 -0.95015 0.245894 0.191708 -0.220523 0.309275 0.821274 0.479434 0.466728 
1533678848691 -0.0422729 0.513613 -0.85698 -0.646478 -0.950402 0.24387 0.19304 -0.22142 0.308139 0.822635 0.477829 0.466456 
1533678849077 -0.0457369 0.512179 -0.85766 -0.647321 -0.950734 0.241206 0.194744 -0.222408 0.306616 0.824313 0.475914 0.466717 
1533678849470 -0.0491891 0.510557 -0.858436 -0.648169 -0.951089 0.238495 0.196344 -0.223494 0.304977 0.826106 0.473854 0.466926 
1533678849881 -0.0528992 0.509076 -0.859094 -0.649051 -0.951333 0.235854 0.19834 -0.224316 0.303591 0.827777 0.471824 0.467126 
1533678850293 -0.056132 0.507564 -0.859783 -0.649843 -0.951669 0.233234 0.199818 -0.22546 0.301951 0.829446 0.469942 0.467406 
1533678850723 -0.0593839 0.505947 -0.860518 -0.650662 -0.951962 0.230714 0.201344 -0.226575 0.300403 0.831137 0.467942 0.467647 
1533678851161 -0.0629182 0.504482 -0.861127 -0.651447 -0.952258 0.227932 0.203108 -0.227519 0.298742 0.832794 0.466056 0.467999 
1533678851603 -0.0661456 0.502858 -0.861835 -0.652266 -0.952536 0.225399 0.204621 -0.228521 0.297152 0.834463 0.464081 0.468216 
1533678851877 -0.0694077 0.500905 -0.862715 -0.652722 -0.952951 0.222502 0.205855 -0.228655 0.29507 0.836413 0.461894 0.468484 
1533678851988 -0.0701557 0.500629 -0.862814 -0.652854 -0.953084 0.221686 0.206124 -0.228576 0.294465 0.836795 0.461589 0.46856 
1533678852209 -0.0696938 0.500762 -0.862774 -0.652823 -0.952896 0.222499 0.206114 -0.228765 0.29518 0.836499 0.461668 0.468515 
1533678852452 -0.0700833 0.500654 -0.862806 -0.652926 -0.95296 0.22208 0.206271 -0.229004 0.294882 0.836676 0.461539 0.468489 
1533678852678 -0.0705441 0.500464 -0.862878 -0.653157 -0.952941 0.221866 0.206588 -0.2291 0.294833 0.836846 0.461262 0.468462 
1533678852914 -0.0706886 0.500579 -0.8628 -0.653171 -0.952984 0.221618 0.206656 -0.229396 0.29466 0.836843 0.461378 0.468626 
1533678853154 -0.0715942 0.500232 -0.862926 -0.653398 -0.953015 0.220997 0.207179 -0.229424 0.294342 0.837214 0.460907 0.468538 
1533678853386 -0.0715792 0.500059 -0.863028 -0.653494 -0.953037 0.220986 0.207089 -0.229795 0.294274 0.837321 0.460757 0.468571 
1533678853618 -0.0721715 0.499915 -0.863062 -0.653633 -0.95302 0.220664 0.20751 -0.229857 0.294184 0.837492 0.460503 0.468551 
1533678853867 -0.072609 0.499787 -0.8631 -0.653784 -0.953095 0.22018 0.207678 -0.230034 0.293832 0.837695 0.460358 0.468534 
1533678854131 -0.0734117 0.499251 -0.863342 -0.653821 -0.953297 0.219182 0.207809 -0.229935 0.292978 0.838277 0.459844 0.468542 
1533678854258 -0.0732172 0.49948 -0.863226 -0.653789 -0.953214 0.219496 0.207855 -0.22983 0.293294 0.838058 0.460041 0.46867 
1533678854498 -0.0733371 0.499495 -0.863207 -0.653787 -0.953191 0.219478 0.207983 -0.230009 0.293341 0.838054 0.460018 0.46859 
1533678854742 -0.0734498 0.499699 -0.86308 -0.65373 -0.953212 0.219292 0.208084 -0.230242 0.293245 0.837981 0.460212 0.468656 
1533678854986 -0.0739085 0.499849 -0.862953 -0.653719 -0.953204 0.218961 0.208467 -0.230263 0.293155 0.837978 0.460275 0.468614 
1533678855224 -0.0741092 0.499932 -0.862888 -0.653703 -0.953144 0.218973 0.208727 -0.23036 0.293298 0.837925 0.460279 0.468556 
1533678855462 -0.0742607 0.500242 -0.862696 -0.653656 -0.953143 0.218796 0.208917 -0.23046 0.293263 0.837787 0.460554 0.468616 
1533678855702 -0.0745731 0.500372 -0.862593 -0.653605 -0.953161 0.218497 0.209148 -0.23057 0.293126 0.837787 0.460641 0.468605 
1533678855941 -0.0749054 0.500631 -0.862414 -0.653596 -0.953092 0.2184 0.209562 -0.230534 0.293265 0.837658 0.460788 0.468646 
1533678856177 -0.0750687 0.500899 -0.862244 -0.653522 -0.953064 0.218302 0.209793 -0.230632 0.293315 0.837523 0.461001 0.468738 
1533678856489 -0.0758734 0.500843 -0.862206 -0.653334 -0.953209 0.21734 0.210131 -0.230314 0.292635 0.837806 0.460918 0.468802 
1533678856609 -0.0755492 0.500987 -0.862151 -0.653266 -0.953112 0.217811 0.210088 -0.230303 0.293037 0.837598 0.461041 0.468883 
1533678856761 -0.0755701 0.500962 -0.862164 -0.653293 -0.953115 0.217794 0.210091 -0.23035 0.293021 0.837618 0.461015 0.468851 
1533678856948 -0.0757192 0.500935 -0.862166 -0.653382 -0.953134 0.217642 0.210162 -0.230406 0.292921 0.837673 0.460978 0.468802 
1533678857111 -0.075877 0.500919 -0.862162 -0.653399 -0.953154 0.217477 0.21024 -0.230446 0.292813 0.837726 0.460951 0.468732 
1533678857269 -0.0758735 0.501019 -0.862104 -0.653401 -0.95319 0.217351 0.210206 -0.23052 0.292696 0.837698 0.461076 0.468739 
1533678857426 -0.0758633 0.501127 -0.862042 -0.653431 -0.953148 0.217453 0.210292 -0.230535 0.292837 0.837607 0.461151 0.468764 
1533678857650 -0.0756699 0.501455 -0.861868 -0.653401 -0.953137 0.217539 0.210252 -0.230693 0.292922 0.837389 0.461494 0.468891 
1533678857811 -0.0757645 0.501498 -0.861835 -0.653422 -0.953092 0.217593 0.210403 -0.230693 0.293046 0.837349 0.461488 0.468899 
1533678858043 -0.075515 0.501434 -0.861894 -0.653404 -0.953109 0.217733 0.21018 -0.230724 0.293054 0.837351 0.461479 0.468887 
1533678858056 -0.0755259 0.501409 -0.861907 -0.653391 -0.953118 0.217705 0.210167 -0.230736 0.293021 0.837373 0.46146 0.468902 
1533678858073 -0.0755453 0.501394 -0.861915 -0.653377 -0.953125 0.217676 0.210166 -0.230743 0.292994 0.83739 0.461447 0.468915 
1533678858090 -0.0755131 0.501434 -0.861895 -0.653363 -0.953131 0.217672 0.210144 -0.230748 0.292983 0.837367 0.461495 0.46894 
1533678858106 -0.0754818 0.501472 -0.861875 -0.653356 -0.95313 0.217686 0.210132 -0.230745 0.292993 0.83734 0.461537 0.468952 
1533678858123 -0.0754904 0.501474 -0.861873 -0.653359 -0.953123 0.2177 0.21015 -0.230731 0.293014 0.837335 0.461533 0.468945 
1533678858140 -0.0755075 0.501474 -0.861872 -0.653365 -0.953115 0.21771 0.210174 -0.230713 0.293035 0.837333 0.461524 0.468933 
1533678858156 -0.0755149 0.501493 -0.86186 -0.653367 -0.953122 0.217682 0.210175 -0.230707 0.293012 0.837328 0.461546 0.468935 
1533678858173 -0.0754638 0.501528 -0.861844 -0.653363 -0.953102 0.217765 0.210177 -0.23071 0.293089 0.837286 0.461574 0.468947 
1533678858193 -0.0754703 0.501461 -0.861882 -0.653369 -0.953065 0.217884 0.210224 -0.230733 0.29321 0.837295 0.461481 0.46896 
1533678858206 -0.0754979 0.501404 -0.861913 -0.653379 -0.953074 0.217853 0.210215 -0.23077 0.293173 0.837338 0.461427 0.468978 
1533678858338 -0.0758271 0.500798 -0.862236 -0.653524 -0.953432 0.216744 0.209735 -0.231122 0.29192 0.837988 0.461042 0.468977 
1533678858426 -0.0758006 0.500913 -0.862172 -0.653494 -0.953384 0.216874 0.209821 -0.231081 0.292085 0.837885 0.461123 0.469031 
1533678858594 -0.0758265 0.501114 -0.862053 -0.65328 -0.953144 0.217495 0.210269 -0.231056 0.292861 0.837604 0.461142 0.469056 
1533678858739 -0.0764143 0.500912 -0.862119 -0.653357 -0.953152 0.21711 0.210629 -0.231008 0.292681 0.837825 0.460855 0.469082 
1533678858877 -0.0766106 0.500584 -0.862291 -0.653302 -0.953277 0.216694 0.210491 -0.231284 0.292222 0.838128 0.460594 0.469017 
1533678859016 -0.0767874 0.50053 -0.862307 -0.653242 -0.953258 0.216637 0.210635 -0.231426 0.292237 0.838175 0.4605 0.469189 
1533678859157 -0.0772194 0.500341 -0.862378 -0.653198 -0.95338 0.216032 0.210707 -0.23158 0.291726 0.838444 0.460333 0.469247 
1533678859297 -0.0777108 0.500025 -0.862518 -0.653249 -0.953349 0.215852 0.21103 -0.231558 0.291696 0.83868 0.459924 0.469147 
1533678859433 -0.0778671 0.499866 -0.862595 -0.653168 -0.953352 0.215772 0.211098 -0.231777 0.291645 0.838795 0.459747 0.469307 
1533678859662 -0.0781065 0.499471 -0.862802 -0.6531 -0.95353 0.215188 0.210891 -0.231984 0.290999 0.83918 0.459453 0.469347 
1533678859772 -0.0782778 0.499431 -0.86281 -0.653062 -0.953481 0.215217 0.211081 -0.231904 0.291112 0.839196 0.459351 0.469386 
1533678860018 -0.0786352 0.499377 -0.862809 -0.65299 -0.953517 0.214875 0.211268 -0.232147 0.290898 0.839316 0.459268 0.469508 
1533678860188 -0.0790394 0.499145 -0.862906 -0.652997 -0.953573 0.214485 0.211412 -0.232266 0.290606 0.839554 0.459018 0.469504 
1533678860357 -0.0792552 0.498854 -0.863055 -0.652928 -0.95369 0.214065 0.21131 -0.232557 0.290163 0.839834 0.458786 0.469468 
1533678860532 -0.0797522 0.498757 -0.863065 -0.652931 -0.953679 0.213767 0.211659 -0.232561 0.290061 0.839968 0.458606 0.469546 
1533678860706 -0.0800176 0.498648 -0.863104 -0.652876 -0.953673 0.213622 0.211832 -0.232687 0.290008 0.840069 0.458453 0.469623 
1533678860882 -0.0803738 0.498418 -0.863203 -0.652799 -0.953747 0.213211 0.211914 -0.232868 0.289666 0.84031 0.458228 0.469601 
1533678861062 -0.0808227 0.498321 -0.863217 -0.652747 -0.953782 0.212814 0.212156 -0.232946 0.289426 0.840468 0.458089 0.469686 
1533678861331 -0.0815541 0.497835 -0.863429 -0.652695 -0.953863 0.212175 0.212431 -0.232839 0.288953 0.840918 0.457563 0.469633 
1533678861441 -0.0810524 0.498029 -0.863364 -0.652522 -0.953849 0.212526 0.212143 -0.233041 0.289141 0.840714 0.457819 0.469818 
1533678861563 -0.0813008 0.498063 -0.863321 -0.652591 -0.953826 0.212409 0.212366 -0.232878 0.289149 0.840723 0.457796 0.46978 
1533678861730 -0.0816582 0.497594 -0.863558 -0.652602 -0.953841 0.212225 0.212482 -0.233038 0.288999 0.841048 0.457295 0.469665 
1533678861882 -0.0817634 0.497509 -0.863597 -0.652567 -0.953819 0.212233 0.212571 -0.233146 0.28904 0.841095 0.457181 0.469709 
1533678862013 -0.081806 0.497325 -0.863699 -0.652528 -0.953875 0.212084 0.212467 -0.233316 0.288841 0.841242 0.457037 0.469625 
1533678862138 -0.0817729 0.497301 -0.863716 -0.652452 -0.953851 0.212186 0.212477 -0.23347 0.288933 0.841231 0.457 0.469734 
1533678862256 -0.0818057 0.497234 -0.863751 -0.652396 -0.953772 0.212408 0.212608 -0.23357 0.289183 0.841214 0.456872 0.469829 
1533678862365 -0.0820665 0.497057 -0.863828 -0.652396 -0.953775 0.212254 0.212745 -0.233592 0.289098 0.841357 0.456662 0.469745 
1533678862481 -0.0820853 0.496933 -0.863898 -0.652332 -0.95376 0.212315 0.212752 -0.233746 0.289142 0.841416 0.456527 0.469768 
1533678862682 -0.0821604 0.496698 -0.864026 -0.652175 -0.953777 0.212271 0.212722 -0.233922 0.289066 0.841566 0.456298 0.469848 
1533678862789 -0.0821347 0.496815 -0.863961 -0.652099 -0.953718 0.212431 0.212825 -0.233882 0.289266 0.841456 0.456373 0.469973 
1533678862881 -0.082167 0.496812 -0.86396 -0.652104 -0.953733 0.212366 0.212824 -0.233874 0.289209 0.841474 0.456376 0.469954 
1533678862945 -0.0821755 0.496679 -0.864036 -0.652064 -0.953727 0.212409 0.212806 -0.23398 0.289225 0.841542 0.456241 0.469908 
1533678863089 -0.0823184 0.496661 -0.864032 -0.651872 -0.953708 0.212369 0.212935 -0.23416 0.28925 0.841562 0.456187 0.470002 
1533678863257 -0.0827433 0.496774 -0.863927 -0.651758 -0.953656 0.212185 0.213348 -0.234086 0.289298 0.841542 0.456195 0.470055 
1533678863325 -0.0826318 0.496853 -0.863892 -0.651633 -0.953635 0.212307 0.21332 -0.234225 0.289399 0.841465 0.456273 0.470155 
1533678863429 -0.0827535 0.496721 -0.863956 -0.651514 -0.953676 0.212132 0.21331 -0.234385 0.289228 0.841587 0.456157 0.470144 
1533678863508 -0.0826087 0.49677 -0.863942 -0.651401 -0.953605 0.212431 0.213331 -0.234508 0.289504 0.841482 0.456174 0.470233 
1533678863722 -0.082848 0.496888 -0.863851 -0.651155 -0.953568 0.212339 0.21359 -0.234486 0.28956 0.841436 0.456224 0.470304 
1533678863826 -0.0829675 0.496884 -0.863842 -0.651133 -0.953534 0.212353 0.213728 -0.234426 0.289637 0.841435 0.456178 0.470381 
1533678863920 -0.0829055 0.496925 -0.863824 -0.651102 -0.95357 0.212281 0.213636 -0.234476 0.289534 0.841429 0.456253 0.470391 
1533678863947 -0.0829578 0.496944 -0.863808 -0.651079 -0.953581 0.212209 0.213662 -0.234489 0.289485 0.841436 0.456272 0.470412 
1533678863962 -0.0829829 0.496923 -0.863818 -0.65106 -0.953575 0.212211 0.213683 -0.234512 0.289496 0.841447 0.456244 0.470422 
1533678864097 -0.0836119 0.496833 -0.863809 -0.650834 -0.953549 0.211858 0.214152 -0.234531 0.289403 0.841589 0.456041 0.470523 
1533678864209 -0.0836094 0.496895 -0.863774 -0.650633 -0.95355 0.211842 0.214163 -0.234721 0.2894 0.841557 0.456102 0.470662 
1533678864286 -0.0837495 0.496856 -0.863782 -0.650566 -0.953625 0.21153 0.214135 -0.234821 0.28911 0.841659 0.456099 0.470685 
1533678864349 -0.0838779 0.496821 -0.86379 -0.650483 -0.953665 0.211331 0.214155 -0.234921 0.288943 0.841729 0.456075 0.470751 
1533678864404 -0.0841514 0.496807 -0.863772 -0.650393 -0.953624 0.211255 0.21441 -0.234916 0.288996 0.841757 0.455989 0.470849 
1533678864418 -0.0842308 0.496775 -0.863782 -0.650377 -0.953608 0.211252 0.214484 -0.234911 0.289026 0.841776 0.455935 0.470857 
1533678864539 -0.0845237 0.497047 -0.863597 -0.650176 -0.953597 0.211007 0.214778 -0.234866 0.28898 0.841677 0.456147 0.471036 
1533678864555 -0.0846276 0.496985 -0.863623 -0.650157 -0.953579 0.210998 0.214865 -0.23485 0.289007 0.841716 0.456058 0.471021 
1533678864571 -0.0847265 0.496886 -0.86367 -0.650152 -0.953574 0.210967 0.214919 -0.234848 0.288996 0.841782 0.455943 0.470993 
1533678864710 -0.084696 0.496964 -0.863628 -0.65002 -0.95361 0.210863 0.214859 -0.234991 0.288884 0.841762 0.45605 0.471189 
1533678864849 -0.0852935 0.496698 -0.863722 -0.649934 -0.953638 0.210414 0.215175 -0.234998 0.288616 0.842031 0.455723 0.471094 
1533678864961 -0.0853497 0.496837 -0.863637 -0.649802 -0.953664 0.210263 0.215208 -0.235111 0.288514 0.841987 0.45587 0.471266 
1533678865027 -0.0856807 0.496653 -0.86371 -0.649751 -0.953593 0.210275 0.21551 -0.235098 0.28865 0.842093 0.455588 0.471263 
1533678865123 -0.0858877 0.496849 -0.863576 -0.649601 -0.953629 0.20997 0.215648 -0.235125 0.28847 0.842053 0.455776 0.47142 
1533678865180 -0.0862149 0.496803 -0.863571 -0.649503 -0.95356 0.209944 0.215977 -0.235103 0.2886 0.842087 0.455631 0.471508 
1533678865345 -0.0866884 0.496759 -0.863549 -0.649203 -0.95356 0.20961 0.216303 -0.235209 0.288459 0.842196 0.455518 0.471668 
1533678865438 -0.0866306 0.496935 -0.863453 -0.649095 -0.953578 0.209557 0.216277 -0.235217 0.288418 0.842105 0.455712 0.471789 
1533678865545 -0.0868315 0.496885 -0.863461 -0.649108 -0.953615 0.209313 0.216348 -0.235184 0.288234 0.842195 0.455662 0.471763 
1533678865559 -0.0869388 0.496818 -0.863489 -0.649107 -0.953607 0.209273 0.21642 -0.235182 0.288226 0.842245 0.455575 0.471758 
1533678865705 -0.0872571 0.496655 -0.863551 -0.649017 -0.953512 0.209359 0.216756 -0.235211 0.288445 0.84232 0.455299 0.471782 
1533678865819 -0.0874809 0.496926 -0.863372 -0.648764 -0.953582 0.208922 0.21687 -0.235308 0.288146 0.842268 0.455583 0.471994 
1533678865889 -0.0876675 0.496856 -0.863394 -0.648679 -0.953595 0.208766 0.216965 -0.235383 0.288047 0.842349 0.455497 0.472033 
1533678865951 -0.087802 0.4969 -0.863355 -0.648642 -0.953579 0.208703 0.217096 -0.235365 0.288059 0.842338 0.455509 0.472072 
1533678866002 -0.0880481 0.49692 -0.863318 -0.648597 -0.953544 0.208618 0.217329 -0.235322 0.288099 0.842347 0.455466 0.472149 
1533678866016 -0.0880688 0.496931 -0.86331 -0.648586 -0.953543 0.208605 0.217349 -0.235323 0.288098 0.842344 0.455473 0.472163 
1533678866106 -0.0882492 0.496954 -0.863278 -0.64844 -0.953561 0.208412 0.217453 -0.23542 0.287981 0.842379 0.455483 0.472274 
1533678866122 -0.0882594 0.496941 -0.863285 -0.648414 -0.953569 0.208384 0.217444 -0.235438 0.287951 0.842393 0.455475 0.472261 
1533678866139 -0.0882877 0.496907 -0.863301 -0.648391 -0.953585 0.208325 0.217431 -0.235461 0.28789 0.842428 0.45545 0.472249 
1533678866156 -0.0883647 0.496807 -0.863351 -0.648374 -0.953586 0.208291 0.217459 -0.235477 0.287863 0.842495 0.455343 0.472218 
1533678866172 -0.0884292 0.496748 -0.863378 -0.648366 -0.953596 0.208228 0.217475 -0.235478 0.28781 0.842545 0.455284 0.472194 
1533678866341 -0.0890447 0.49686 -0.863251 -0.648201 -0.953513 0.207989 0.218067 -0.235369 0.287895 0.842538 0.455242 0.472421 
1533678866426 -0.0890694 0.497014 -0.863159 -0.648082 -0.95357 0.207765 0.218032 -0.235444 0.287699 0.842503 0.455432 0.472471 
1533678866496 -0.0891998 0.496976 -0.863168 -0.647996 -0.953552 0.207732 0.218144 -0.235507 0.28772 0.842533 0.455362 0.472538 
1533678866539 -0.0892095 0.497049 -0.863124 -0.647902 -0.953573 0.207644 0.218134 -0.235604 0.287646 0.842512 0.455449 0.472657 
1533678866553 -0.0892179 0.497068 -0.863113 -0.647879 -0.953577 0.207622 0.218139 -0.235624 0.287631 0.842506 0.455469 0.472687 
1533678866639 -0.089357 0.497108 -0.863075 -0.647778 -0.953576 0.20751 0.218247 -0.235671 0.287589 0.84251 0.455488 0.472776 
1533678866656 -0.089459 0.497073 -0.863085 -0.647773 -0.953581 0.20743 0.218303 -0.235656 0.287543 0.84255 0.455443 0.472769 
1533678866673 -0.089637 0.497007 -0.863105 -0.647772 -0.953594 0.207277 0.218392 -0.235625 0.287444 0.842627 0.455363 0.472745 
1533678866689 -0.0897474 0.496958 -0.863121 -0.64777 -0.953596 0.207201 0.218455 -0.235602 0.287402 0.842675 0.455301 0.472722 
1533678866706 -0.0898927 0.496829 -0.863181 -0.647776 -0.953574 0.20719 0.218561 -0.235562 0.287429 0.842754 0.455138 0.472649 
1533678866837 -0.0897695 0.497043 -0.86307 -0.64758 -0.953549 0.207301 0.218565 -0.235711 0.287552 0.8426 0.455345 0.47292 
1533678866899 -0.0900067 0.497073 -0.863028 -0.647465 -0.953589 0.207 0.218676 -0.235776 0.287344 0.842656 0.455372 0.47301 
1533678866995 -0.090366 0.497008 -0.863028 -0.647378 -0.953616 0.206671 0.218871 -0.235765 0.287143 0.842775 0.455278 0.472954 
1533678867019 -0.0904549 0.497026 -0.863008 -0.647327 -0.953604 0.206633 0.218955 -0.235792 0.287153 0.842774 0.455275 0.473022 
1533678867033 -0.0904864 0.497046 -0.862994 -0.647305 -0.953604 0.206606 0.218983 -0.235802 0.287144 0.842769 0.455289 0.47305 
1533678867119 -0.090656 0.497242 -0.862863 -0.64724 -0.95356 0.20656 0.219219 -0.235689 0.287238 0.842664 0.455424 0.473111 
1533678867136 -0.0906795 0.497251 -0.862855 -0.647231 -0.953554 0.206557 0.219247 -0.235681 0.287249 0.84266 0.455425 0.473119 
1533678867153 -0.0907382 0.497269 -0.862839 -0.647187 -0.953539 0.206553 0.219316 -0.235679 0.287281 0.842651 0.455423 0.473155 
1533678867173 -0.0908033 0.497224 -0.862858 -0.647152 -0.95353 0.20654 0.219365 -0.235698 0.287288 0.84268 0.455363 0.473176 
1533678867190 -0.0909205 0.49712 -0.862905 -0.647136 -0.953548 0.206428 0.219395 -0.23572 0.287194 0.842768 0.455259 0.473168 
1533678867309 -0.0910998 0.497016 -0.862946 -0.647014 -0.95363 0.206079 0.219365 -0.235912 0.286863 0.842916 0.455196 0.473295 
1533678867349 -0.0913274 0.497045 -0.862905 -0.646901 -0.953627 0.205911 0.219537 -0.235939 0.286801 0.842939 0.455191 0.473369 
1533678867457 -0.0916591 0.497104 -0.862836 -0.646792 -0.953601 0.205723 0.219824 -0.235871 0.28678 0.842951 0.455182 0.473368 
1533678867470 -0.0916673 0.497138 -0.862816 -0.646765 -0.953596 0.205723 0.219845 -0.235889 0.286794 0.842931 0.455211 0.473413 
1533678867554 -0.0917425 0.497258 -0.862739 -0.64669 -0.953563 0.205734 0.21998 -0.23588 0.286882 0.842857 0.455292 0.473493 
1533678867570 -0.0918034 0.497225 -0.862751 -0.646696 -0.953551 0.205733 0.220034 -0.235845 0.286903 0.842876 0.455243 0.473456 
1533678867587 -0.0918818 0.497155 -0.862783 -0.646702 -0.953518 0.205787 0.220124 -0.235809 0.286985 0.842905 0.455138 0.473418 
1533678867604 -0.0919747 0.497088 -0.862812 -0.6467 -0.953516 0.205742 0.220177 -0.235795 0.286964 0.842955 0.455058 0.473396 
1533678867712 -0.0918785 0.497264 -0.862721 -0.646559 -0.95362 0.205464 0.219987 -0.235979 0.28665 0.842919 0.455323 0.47364 
1533678867769 -0.0922966 0.496998 -0.862829 -0.6465 -0.953575 0.20535 0.220287 -0.235985 0.286664 0.843104 0.454972 0.473595 
1533678867850 -0.0923533 0.497201 -0.862706 -0.646382 -0.953633 0.205085 0.220283 -0.236023 0.286452 0.843049 0.455207 0.473668 
1533678867911 -0.0926051 0.497156 -0.862705 -0.646336 -0.953546 0.205163 0.220587 -0.235973 0.286662 0.843056 0.455062 0.473702 
1533678867924 -0.0925873 0.497214 -0.862674 -0.646323 -0.953551 0.205146 0.220579 -0.235975 0.286649 0.843026 0.455125 0.473724 
1533678867998 -0.0927149 0.497293 -0.862614 -0.646293 -0.953586 0.204928 0.220633 -0.235978 0.286493 0.843033 0.455212 0.473776 
1533678868014 -0.0927472 0.497274 -0.862622 -0.646284 -0.953577 0.204935 0.220665 -0.235984 0.286512 0.843042 0.455182 0.473791 
1533678868031 -0.092773 0.497256 -0.86263 -0.646274 -0.953562 0.204963 0.220702 -0.235986 0.286553 0.843046 0.455149 0.473803 
1533678868048 -0.0927994 0.497239 -0.862636 -0.646264 -0.953568 0.204931 0.220708 -0.235994 0.286526 0.843064 0.455134 0.473809 
1533678868064 -0.0928219 0.497198 -0.862658 -0.646259 -0.953566 0.204929 0.220716 -0.236004 0.286523 0.843089 0.455089 0.473801 
1533678868081 -0.0928251 0.497135 -0.862694 -0.646257 -0.95355 0.204991 0.220729 -0.236012 0.286577 0.843111 0.455015 0.473779 
1533678868098 -0.092735 0.497171 -0.862682 -0.646247 -0.953565 0.205005 0.220651 -0.236031 0.286555 0.843086 0.455074 0.473775 
1533678868205 -0.0930217 0.49726 -0.862601 -0.646051 -0.953593 0.204685 0.220828 -0.236114 0.28637 0.843112 0.455143 0.473985 
1533678868243 -0.0931213 0.497306 -0.862563 -0.645965 -0.953606 0.204559 0.220888 -0.23616 0.286294 0.843115 0.455185 0.474036 
1533678868257 -0.0931359 0.49731 -0.862559 -0.645949 -0.953602 0.204559 0.220905 -0.236167 0.286303 0.843112 0.455184 0.47404 
1533678868333 -0.0933689 0.497285 -0.862548 -0.645901 -0.953616 0.204347 0.221039 -0.23614 0.286178 0.843178 0.45514 0.47399 
1533678868350 -0.093402 0.497303 -0.862535 -0.64589 -0.953621 0.204305 0.221059 -0.236139 0.286153 0.843178 0.455156 0.474007 
1533678868367 -0.0934402 0.497329 -0.862515 -0.645877 -0.953616 0.204284 0.2211 -0.236129 0.286158 0.843168 0.455173 0.474037 
1533678868389 -0.0934834 0.497356 -0.862495 -0.645867 -0.953604 0.204279 0.221155 -0.23611 0.286183 0.843153 0.455184 0.474066 
1533678868406 -0.0935398 0.497341 -0.862498 -0.645871 -0.953572 0.204334 0.221242 -0.236076 0.286271 0.843148 0.455137 0.474076 
1533678868422 -0.0935686 0.497325 -0.862504 -0.645874 -0.953556 0.204363 0.221283 -0.236057 0.286314 0.843151 0.455105 0.474072 
1533678868562 -0.0936072 0.497394 -0.86246 -0.645637 -0.953636 0.204081 0.221199 -0.236307 0.286035 0.843179 0.455229 0.47431 
1533678868576 -0.093697 0.49736 -0.862469 -0.645607 -0.953655 0.203966 0.221224 -0.236339 0.285943 0.843226 0.455199 0.474328 
1533678868632 -0.09399 0.497286 -0.862481 -0.645573 -0.95364 0.203807 0.221435 -0.236287 0.285896 0.843309 0.455076 0.474263 
1533678868649 -0.0940809 0.497276 -0.862476 -0.645579 -0.953637 0.20375 0.221501 -0.236239 0.285876 0.843328 0.455052 0.47422 
1533678868669 -0.0941726 0.497281 -0.862463 -0.645586 -0.953623 0.20372 0.221588 -0.236183 0.285892 0.843333 0.455034 0.4742 
1533678868686 -0.094213 0.497309 -0.862443 -0.645578 -0.953608 0.203726 0.221646 -0.236153 0.285929 0.843315 0.455044 0.474213 
1533678868703 -0.0942229 0.497352 -0.862417 -0.645563 -0.953589 0.203765 0.221694 -0.236137 0.28599 0.84328 0.45507 0.474248 
1533678868723 -0.0941961 0.497389 -0.862399 -0.645541 -0.953567 0.203839 0.221718 -0.236146 0.28607 0.84324 0.455093 0.474302 
1533678868739 -0.0941398 0.49738 -0.86241 -0.645528 -0.953548 0.20394 0.221707 -0.236172 0.286153 0.843221 0.455077 0.474331 
1533678868757 -0.0941279 0.497348 -0.86243 -0.645514 -0.953539 0.203984 0.221706 -0.2362 0.286186 0.843229 0.45504 0.474353 
1533678868823 -0.0940652 0.497398 -0.862408 -0.645407 -0.953643 0.203714 0.221509 -0.236354 0.285863 0.843265 0.455177 0.474447 
1533678868839 -0.0941075 0.497457 -0.862369 -0.645366 -0.953656 0.203628 0.221532 -0.236358 0.285805 0.843251 0.45524 0.47448 
1533678868856 -0.0942904 0.497398 -0.862383 -0.645325 -0.953645 0.203537 0.221663 -0.236357 0.285782 0.843308 0.45515 0.474494 
1533678868873 -0.0944727 0.497342 -0.862395 -0.645283 -0.953644 0.203416 0.221778 -0.236361 0.285725 0.84337 0.45507 0.474506 
1533678868889 -0.0945226 0.497352 -0.862384 -0.645252 -0.95364 0.203388 0.221822 -0.236367 0.285722 0.843371 0.45507 0.474516 
1533678868906 -0.0945306 0.497375 -0.86237 -0.645234 -0.95363 0.203403 0.221848 -0.236363 0.285751 0.843353 0.455084 0.474522 
1533678868929 -0.0945732 0.497372 -0.862367 -0.645238 -0.953619 0.203405 0.221895 -0.236328 0.285774 0.843355 0.455067 0.474485 
1533678869069 -0.0947408 0.49746 -0.862298 -0.645185 -0.953541 0.203486 0.222157 -0.236265 0.28598 0.843283 0.45507 0.474632 
1533678869132 -0.0952253 0.497491 -0.862226 -0.645019 -0.953584 0.202981 0.222432 -0.236279 0.285673 0.843387 0.455071 0.474736 
1533678869149 -0.0952857 0.497464 -0.862236 -0.645011 -0.953573 0.202975 0.222485 -0.236259 0.285691 0.843404 0.455027 0.474705 
1533678869165 -0.0952991 0.497443 -0.862246 -0.645012 -0.953576 0.202962 0.222485 -0.236253 0.285677 0.84342 0.455007 0.474667 
1533678869182 -0.0952974 0.49741 -0.862266 -0.645019 -0.95359 0.202931 0.222454 -0.236263 0.285632 0.843447 0.454986 0.474631 
1533678869199 -0.0952836 0.497376 -0.862287 -0.645029 -0.9536 0.20292 0.22242 -0.236278 0.285602 0.843469 0.454962 0.474608 
1533678869219 -0.0952523 0.497377 -0.862289 -0.645036 -0.953592 0.202967 0.222411 -0.236279 0.285639 0.843457 0.454962 0.474611 
1533678869236 -0.0952539 0.497385 -0.862285 -0.645045 -0.95357 0.20303 0.22245 -0.236254 0.285713 0.843438 0.454951 0.474622 
1533678869252 -0.0952482 0.49739 -0.862283 -0.645064 -0.953536 0.203133 0.222501 -0.236214 0.285827 0.84341 0.454931 0.474624 
1533678869370 -0.095205 0.497453 -0.862251 -0.644947 -0.953585 0.203005 0.222408 -0.236374 0.285679 0.843404 0.455036 0.474802 
1533678869430 -0.09547 0.497439 -0.862229 -0.644788 -0.953583 0.202811 0.222591 -0.236439 0.285595 0.843458 0.454987 0.474861 
1533678869447 -0.0954775 0.497462 -0.862216 -0.644767 -0.953585 0.202793 0.222599 -0.236431 0.285586 0.843449 0.45501 0.474837 
1533678869463 -0.0955213 0.497458 -0.862213 -0.644757 -0.953583 0.202768 0.222632 -0.236411 0.28558 0.843457 0.454999 0.474806 
1533678869480 -0.0955486 0.497428 -0.862227 -0.64476 -0.953575 0.202777 0.222656 -0.2364 0.285595 0.843473 0.45496 0.474782 
1533678869497 -0.0955366 0.497403 -0.862243 -0.644769 -0.953571 0.202806 0.222649 -0.236408 0.285614 0.843481 0.454933 0.474776 
1533678869513 -0.0955203 0.497403 -0.862245 -0.644771 -0.953561 0.202849 0.222654 -0.236411 0.285654 0.843471 0.454927 0.474792 
1533678869530 -0.0954912 0.497399 -0.86225 -0.644784 -0.953537 0.202943 0.222671 -0.236403 0.285744 0.84345 0.454909 0.474812 
1533678869547 -0.0955081 0.497365 -0.862268 -0.644802 -0.953505 0.203033 0.222725 -0.236378 0.285845 0.843448 0.454849 0.474813 
1533678869669 -0.0957458 0.497458 -0.862188 -0.644723 -0.953642 0.202421 0.222693 -0.236434 0.285306 0.843541 0.455016 0.474948 
1533678869712 -0.0959966 0.497391 -0.862199 -0.644607 -0.953641 0.202249 0.222853 -0.236495 0.285224 0.843622 0.454918 0.474995 
1533678869729 -0.0959852 0.497408 -0.86219 -0.644573 -0.953633 0.202279 0.222862 -0.236514 0.285256 0.843604 0.454929 0.474995 
1533678869745 -0.0959635 0.497431 -0.86218 -0.644553 -0.953636 0.202282 0.222848 -0.236519 0.285255 0.84359 0.454956 0.474979 
1533678869762 -0.0959738 0.497438 -0.862174 -0.64454 -0.953631 0.202284 0.222864 -0.236509 0.285265 0.843585 0.454959 0.474958 
1533678869779 -0.0959736 0.497414 -0.862188 -0.644543 -0.953621 0.202323 0.222875 -0.236506 0.285301 0.843591 0.454926 0.474942 
1533678869795 -0.09596 0.497377 -0.862211 -0.644555 -0.953611 0.20237 0.222872 -0.236511 0.285337 0.843601 0.454885 0.474931 
1533678869812 -0.0959505 0.497348 -0.862229 -0.64457 -0.953594 0.202435 0.222885 -0.236502 0.285397 0.843603 0.454844 0.474921 
1533678869832 -0.0959548 0.497303 -0.862254 -0.644588 -0.953566 0.202528 0.222923 -0.236484 0.285491 0.843607 0.454777 0.474912 
1533678869849 -0.0958448 0.497383 -0.862221 -0.644592 -0.953569 0.202581 0.222861 -0.236479 0.285517 0.843547 0.454872 0.474928 
1533678869866 -0.0957957 0.497449 -0.862188 -0.644592 -0.953591 0.202537 0.222807 -0.236476 0.28546 0.843518 0.454961 0.474946 
1533678869882 -0.0957808 0.49749 -0.862166 -0.644588 -0.953609 0.202485 0.222778 -0.236477 0.285406 0.843507 0.455017 0.474971 
1533678869899 -0.0957753 0.49751 -0.862155 -0.644573 -0.953617 0.202461 0.222767 -0.236496 0.285382 0.8435 0.455043 0.475012 
1533678869916 -0.0957926 0.497512 -0.862152 -0.644553 -0.953637 0.202387 0.222747 -0.236526 0.285308 0.843517 0.455059 0.475037 
1533678869932 -0.0958034 0.497524 -0.862143 -0.644535 -0.953654 0.202326 0.22273 -0.236547 0.285247 0.843525 0.455082 0.475054 
1533678869949 -0.0959481 0.497422 -0.862186 -0.644513 -0.953633 0.202305 0.22284 -0.236557 0.28527 0.84359 0.454947 0.47506 
1533678869966 -0.0960511 0.497347 -0.862218 -0.644493 -0.953618 0.202287 0.222917 -0.236566 0.285283 0.843639 0.454849 0.475054 
1533678869982 -0.0961114 0.497318 -0.862228 -0.64448 -0.953615 0.202259 0.222957 -0.236568 0.285274 0.843663 0.45481 0.475051 
1533678869999 -0.0961639 0.497308 -0.862228 -0.644465 -0.953616 0.202216 0.222989 -0.236567 0.285251 0.843678 0.454795 0.475051 
1533678870016 -0.0961786 0.497337 -0.862209 -0.644446 -0.953621 0.202185 0.222999 -0.236565 0.285232 0.843669 0.454825 0.475058 
1533678870032 -0.0961889 0.497374 -0.862187 -0.644426 -0.953627 0.202148 0.223004 -0.236562 0.285206 0.843656 0.454865 0.475065 
1533678870049 -0.0962183 0.497393 -0.862173 -0.644407 -0.953632 0.202108 0.223023 -0.236556 0.285182 0.843654 0.454884 0.475066 
1533678870066 -0.0962684 0.497413 -0.862156 -0.644386 -0.953644 0.202028 0.223042 -0.23655 0.285124 0.843662 0.454906 0.475068 
1533678870086 -0.0963277 0.497441 -0.862133 -0.644349 -0.953659 0.20193 0.223066 -0.236548 0.285053 0.843669 0.454938 0.475075 
1533678870103 -0.0963727 0.497452 -0.862122 -0.644319 -0.953666 0.201874 0.223089 -0.236551 0.285016 0.843676 0.454948 0.475081 
1533678870119 -0.0964079 0.497443 -0.862123 -0.644296 -0.953663 0.201857 0.223116 -0.23656 0.285013 0.843685 0.454932 0.475092 
1533678870136 -0.0964145 0.497431 -0.862129 -0.644283 -0.953663 0.201854 0.223117 -0.236574 0.285009 0.843693 0.45492 0.475097 
1533678870153 -0.0963998 0.497395 -0.862152 -0.644278 -0.953675 0.201841 0.22308 -0.236607 0.284976 0.843717 0.454896 0.475094 
1533678870169 -0.096385 0.497358 -0.862175 -0.644286 -0.953682 0.201841 0.22305 -0.236631 0.284957 0.843739 0.454867 0.475088 
1533678870186 -0.0963889 0.497344 -0.862182 -0.644287 -0.953683 0.201837 0.223046 -0.236638 0.284951 0.843748 0.454853 0.47509 
1533678870203 -0.0964206 0.497332 -0.862186 -0.644282 -0.953677 0.201834 0.223076 -0.236635 0.284961 0.843756 0.454833 0.475095 
1533678870219 -0.0964999 0.497306 -0.862192 -0.644277 -0.953682 0.201765 0.223117 -0.23663 0.284918 0.843787 0.454802 0.475101 
1533678870236 -0.0966531 0.497297 -0.86218 -0.644254 -0.95369 0.201628 0.223209 -0.236607 0.284841 0.843826 0.454779 0.47512 
1533678870253 -0.0967435 0.497311 -0.862161 -0.644221 -0.953685 0.201567 0.223281 -0.236592 0.284824 0.843832 0.454778 0.475138 
1533678870269 -0.0967981 0.49733 -0.862145 -0.644193 -0.953682 0.201532 0.22333 -0.236583 0.284818 0.843829 0.454786 0.475154 
1533678870289 -0.0968086 0.497365 -0.862123 -0.644159 -0.953677 0.201528 0.223352 -0.236587 0.284829 0.84381 0.454816 0.475177 
1533678870306 -0.0968019 0.497362 -0.862125 -0.644145 -0.953687 0.201505 0.223331 -0.236608 0.284799 0.843817 0.454822 0.475182 
1533678870323 -0.0967847 0.497327 -0.862148 -0.64414 -0.953713 0.201451 0.22327 -0.236652 0.284719 0.84385 0.454809 0.475179 
1533678870339 -0.0967697 0.497292 -0.862169 -0.644132 -0.953735 0.201407 0.223217 -0.236695 0.284651 0.843881 0.454795 0.475178 
1533678870356 -0.0967707 0.497265 -0.862185 -0.644114 -0.95375 0.201369 0.223187 -0.236735 0.2846 0.843906 0.45478 0.475192 
1533678870373 -0.0967891 0.497234 -0.862201 -0.644098 -0.953753 0.201353 0.223187 -0.236765 0.284583 0.843929 0.45475 0.475209 
1533678870389 -0.0967991 0.497212 -0.862213 -0.64408 -0.953752 0.201352 0.22319 -0.236794 0.284581 0.843942 0.454726 0.475234 
1533678870406 -0.0968006 0.497195 -0.862222 -0.644061 -0.953755 0.201347 0.223182 -0.236827 0.284571 0.843953 0.454712 0.47526 
1533678870423 -0.0968516 0.497216 -0.862204 -0.644037 -0.95376 0.201289 0.223216 -0.236829 0.284539 0.843954 0.45473 0.475295 
1533678870439 -0.0969171 0.497245 -0.86218 -0.644027 -0.953768 0.201206 0.223254 -0.23681 0.284488 0.843957 0.454756 0.475317 
1533678870456 -0.0969868 0.497289 -0.862147 -0.644019 -0.953766 0.201147 0.223316 -0.236775 0.284471 0.843945 0.454788 0.475341 
1533678870473 -0.0970298 0.497331 -0.862118 -0.644013 -0.953757 0.20113 0.22337 -0.236744 0.284486 0.843925 0.454817 0.475362 
1533678870489 -0.0970667 0.497372 -0.86209 -0.644001 -0.953749 0.201116 0.223418 -0.236719 0.284502 0.843904 0.454846 0.475386 
1533678870569 -0.0974766 0.497348 -0.862058 -0.643934 -0.953696 0.200964 0.223781 -0.23663 0.28454 0.843954 0.454729 0.475473 
1533678870586 -0.0975132 0.497336 -0.86206 -0.643916 -0.953681 0.200982 0.223827 -0.236631 0.284576 0.843957 0.454702 0.475487 
1533678870604 -0.0975618 0.497317 -0.862066 -0.643898 -0.953677 0.200963 0.223863 -0.236637 0.284574 0.843973 0.454674 0.475501 
1533678870619 -0.097604 0.497306 -0.862067 -0.643882 -0.953679 0.200927 0.223886 -0.236644 0.284552 0.843988 0.454659 0.475512 
1533678870636 -0.0975993 0.497318 -0.862061 -0.643873 -0.953687 0.200903 0.223873 -0.236653 0.284527 0.843986 0.454678 0.475518 
1533678870653 -0.0975702 0.497344 -0.862049 -0.643864 -0.953699 0.200882 0.223839 -0.236666 0.284495 0.843976 0.454716 0.475526 
1533678870669 -0.0975591 0.49735 -0.862047 -0.64386 -0.953703 0.200879 0.223827 -0.236672 0.284487 0.843973 0.454726 0.475529 
1533678870774 -0.0977561 0.49731 -0.862048 -0.643717 -0.9537 0.200746 0.223959 -0.236757 0.28443 0.844028 0.45466 0.47563 
1533678870800 -0.0980507 0.497256 -0.862046 -0.643619 -0.953669 0.200625 0.224199 -0.236765 0.284433 0.844089 0.454546 0.475709 
1533678870821 -0.0982172 0.497265 -0.862022 -0.64355 -0.953672 0.200486 0.224312 -0.236776 0.284366 0.844117 0.454536 0.475764 
1533678870894 -0.0983952 0.497328 -0.861965 -0.643452 -0.95375 0.200099 0.224324 -0.236819 0.284041 0.844171 0.454638 0.4758 
1533678870911 -0.0985174 0.497233 -0.862006 -0.643442 -0.953744 0.200048 0.224396 -0.236829 0.284019 0.84424 0.454524 0.47579 
1533678870928 -0.0985901 0.497174 -0.862031 -0.64343 -0.953728 0.200054 0.224458 -0.236836 0.284047 0.844273 0.454446 0.47579 
1533678870944 -0.0986503 0.497122 -0.862055 -0.643418 -0.953702 0.200098 0.224529 -0.236839 0.284114 0.844293 0.454366 0.475793 
1533678870964 -0.0986838 0.497096 -0.862065 -0.643409 -0.95369 0.200115 0.224565 -0.236844 0.284143 0.844304 0.454328 0.4758 
1533678871122 -0.0989118 0.496948 -0.862125 -0.643195 -0.953657 0.200076 0.224741 -0.236997 0.284175 0.844401 0.454127 0.475929 
1533678871157 -0.0991782 0.497047 -0.862037 -0.643071 -0.953679 0.199776 0.224912 -0.237046 0.284006 0.844413 0.45421 0.476132 
1533678871250 -0.0995332 0.497112 -0.861959 -0.642935 -0.95369 0.199451 0.225153 -0.237007 0.283845 0.844452 0.454239 0.47615 
1533678871267 -0.0996431 0.497062 -0.861975 -0.642919 -0.953674 0.199427 0.225244 -0.236992 0.283861 0.844487 0.454164 0.476138 
1533678871284 -0.09972 0.496994 -0.862005 -0.642905 -0.953666 0.199408 0.225294 -0.237002 0.283861 0.844532 0.454081 0.476121 
1533678871300 -0.0997546 0.496933 -0.862036 -0.642896 -0.953667 0.199394 0.225302 -0.237024 0.283845 0.84457 0.454019 0.476107 
1533678871317 -0.0997262 0.496942 -0.862034 -0.642888 -0.953676 0.199386 0.22527 -0.237045 0.283824 0.844567 0.454038 0.476117 
1533678871470 -0.0998366 0.49684 -0.86208 -0.642787 -0.953711 0.199224 0.225266 -0.237221 0.283668 0.844666 0.453952 0.476303 
1533678871512 -0.099819 0.496897 -0.862049 -0.642656 -0.953688 0.199292 0.225305 -0.237332 0.283753 0.844616 0.453992 0.47639 
1533678871615 -0.100295 0.4968 -0.86205 -0.642589 -0.953699 0.198912 0.225591 -0.237283 0.283546 0.844762 0.453848 0.476338 
1533678871632 -0.100346 0.49676 -0.862067 -0.642565 -0.953672 0.198965 0.225661 -0.23731 0.283621 0.844774 0.453781 0.476374 
1533678871719 -0.100341 0.496912 -0.86198 -0.64247 -0.953722 0.198781 0.225613 -0.237395 0.283455 0.844727 0.45397 0.476478 
1533678871736 -0.10047 0.496852 -0.862 -0.642475 -0.953718 0.198705 0.225693 -0.237359 0.28342 0.84478 0.453893 0.476441 
1533678871752 -0.10059 0.49678 -0.862028 -0.642479 -0.953698 0.198693 0.225792 -0.237322 0.283448 0.844826 0.453791 0.476406 
1533678871769 -0.100737 0.496739 -0.862034 -0.642468 -0.953691 0.198608 0.225894 -0.237285 0.283417 0.84487 0.453728 0.476395 
1533678871786 -0.100891 0.496702 -0.862037 -0.642449 -0.953689 0.198503 0.225994 -0.237257 0.283369 0.844917 0.453672 0.476404 
1533678871802 -0.100958 0.496679 -0.862042 -0.642438 -0.953681 0.198481 0.226048 -0.237247 0.283373 0.844935 0.453635 0.476418 
1533678871819 -0.100974 0.496678 -0.862042 -0.64243 -0.953679 0.198475 0.226062 -0.237248 0.283374 0.844937 0.45363 0.476433 
1533678871938 -0.100577 0.496899 -0.86196 -0.642171 -0.953756 0.198499 0.225718 -0.237597 0.283257 0.844801 0.453956 0.476683 
1533678871961 -0.100896 0.496823 -0.861967 -0.642104 -0.953749 0.198289 0.22593 -0.237585 0.283166 0.844895 0.453838 0.476706 
1533678871974 -0.101012 0.49681 -0.861961 -0.642076 -0.95375 0.198199 0.226005 -0.237577 0.283121 0.844924 0.453812 0.47671 
1533678871994 -0.101131 0.49679 -0.861958 -0.64204 -0.953739 0.198144 0.2261 -0.23757 0.283116 0.844949 0.453769 0.476708 
1533678872011 -0.101175 0.496807 -0.861944 -0.642018 -0.953747 0.198083 0.226121 -0.237566 0.283075 0.844954 0.453787 0.476701 
1533678872028 -0.101199 0.496853 -0.861914 -0.641995 -0.953758 0.198018 0.226131 -0.237558 0.283029 0.844941 0.453838 0.476703 
1533678872044 -0.101247 0.496882 -0.861892 -0.641976 -0.953752 0.197988 0.226179 -0.237541 0.283029 0.844931 0.453857 0.476715 
1533678872061 -0.101303 0.496896 -0.861877 -0.64196 -0.953743 0.197969 0.226236 -0.237525 0.283041 0.844927 0.453856 0.476728 
1533678872078 -0.101417 0.496852 -0.861889 -0.641947 -0.953719 0.197964 0.226342 -0.237507 0.283081 0.844955 0.45378 0.476737 
1533678872094 -0.101485 0.496796 -0.861913 -0.641945 -0.953708 0.197956 0.226393 -0.237511 0.283092 0.844989 0.453709 0.476741 
1533678872111 -0.101524 0.496754 -0.861933 -0.641942 -0.953702 0.197954 0.226419 -0.237521 0.283098 0.845014 0.453658 0.476747 
1533678872139 -0.101531 0.496753 -0.861933 -0.641924 -0.953703 0.197946 0.226422 -0.237542 0.283092 0.845017 0.453657 0.47678 
1533678872170 -0.101594 0.496831 -0.86188 -0.641829 -0.953731 0.197795 0.22644 -0.237573 0.282978 0.845006 0.453749 0.476858 
1533678872220 -0.101691 0.497083 -0.861723 -0.641603 -0.953712 0.197707 0.226593 -0.237573 0.283004 0.844879 0.453969 0.477003 
1533678872237 -0.101741 0.497174 -0.861665 -0.641535 -0.953702 0.197675 0.226665 -0.237561 0.283021 0.844833 0.454044 0.477057 
1533678872254 -0.101788 0.497238 -0.861623 -0.641479 -0.953696 0.197639 0.226721 -0.237555 0.283025 0.844804 0.454097 0.4771 
